// switches for output
#declare DRAW_BASES = 1; // possible values are 0, 1; only relevant for DNA ribbons
#declare DRAW_BASES_TYPE = 3; // possible values are 1, 2, 3; only relevant for DNA ribbons
#declare DRAW_FOG = 0; // set to 1 to enable fog

#include "colors.inc"

#include "transforms.inc"
background { rgb <1, 1, 1>}

#default {
   normal{
       ripples 0.25
       frequency 0.20
       turbulence 0.2
       lambda 5
   }
	finish {
		phong 0.1
		phong_size 40.
	}
}

// original window dimensions: 1024x640


// camera settings

camera {
	sky <0, 0.179814, -0.983701>
	up <0, 0.179814, -0.983701>
	right 1.6 * <1, 0, 0>
	location <35, 94.9851, 44.8844>
	look_at <35, 29.7336, 32.9568>
	direction <0, -65.2515, -11.9276>
	angle 67.0682
}


# declare cpy_camera_pos = <35, 94.9851, 44.8844>;
# if (DRAW_FOG = 1)
fog {
	fog_type 2
	up vnormalize(cpy_camera_pos)
	color rgbt<1,1,1,0.3>
	distance 1e-5
	fog_alt 3e-3
	fog_offset 56
}
# end


// LIGHTS

# declare lum = 6;
global_settings {
	ambient_light rgb lum * <0.05, 0.05, 0.05>
	max_trace_level 15
}# declare cpy_direct_light_amount = 0.25;
light_source
{	1000 * <-1, -1.16352, -0.803886>,
	rgb lum * cpy_direct_light_amount
	parallel
}

light_source
{	1000 * <1, 1.16352, 0.803886>,
	rgb lum * cpy_direct_light_amount
	parallel
}

// strand 0

// nucleotide -1

// particle -1
sphere {
	<24.644932, 34.933704, 34.930973> 0.250000
	pigment { color rgbt <1,0,0,0> }
	no_shadow
}
cylinder {
	<24.278524, 34.923588, 35.091106>,  <24.058680, 34.917519, 35.187187>, 0.100000
	pigment { color rgbt <1,0,0,0> }
	no_shadow
}
cylinder {
	<24.278524, 34.923588, 35.091106>,  <24.644932, 34.933704, 34.930973>, 0.100000
	pigment { color rgbt <1,0,0,0> }
	no_shadow
}

// particle -1
sphere {
	<24.278524, 34.923588, 35.091106> 0.100000
	pigment { color rgbt <1,0,0,0> }
	no_shadow
}
sphere {
	0, 1
	scale<0.080000,0.200000,0.300000>
	matrix <-0.025641, -0.992278, -0.121359,
		0.400316, -0.121432, 0.908296,
		-0.916019, -0.025293, 0.400338,
		24.003719, 34.916000, 35.211208>
	pigment { color rgbt <0,1,1,0> }
	no_shadow
}
cylinder {
	<24.594118, 34.444733, 35.398209>,  <24.644932, 34.933704, 34.930973>, 0.130000
	pigment { color rgbt <1,0,0,0> }
	no_shadow
}

// nucleotide -1

// particle -1
sphere {
	<24.594118, 34.444733, 35.398209> 0.250000
	pigment { color rgbt <1,0,0,0> }
	no_shadow
}
cylinder {
	<24.217344, 34.489792, 35.271675>,  <23.991280, 34.516827, 35.195755>, 0.100000
	pigment { color rgbt <1,0,0,0> }
	no_shadow
}
cylinder {
	<24.217344, 34.489792, 35.271675>,  <24.594118, 34.444733, 35.398209>, 0.100000
	pigment { color rgbt <1,0,0,0> }
	no_shadow
}

// particle -1
sphere {
	<24.217344, 34.489792, 35.271675> 0.100000
	pigment { color rgbt <1,0,0,0> }
	no_shadow
}
sphere {
	0, 1
	scale<0.080000,0.200000,0.300000>
	matrix <-0.066794, -0.986081, -0.152259,
		-0.329082, -0.122289, 0.936350,
		-0.941936, 0.112648, -0.316334,
		23.934763, 34.523586, 35.176773>
	pigment { color rgbt <0,1,1,0> }
	no_shadow
}
cylinder {
	<25.229031, 34.366322, 35.848602>,  <24.594118, 34.444733, 35.398209>, 0.130000
	pigment { color rgbt <1,0,0,0> }
	no_shadow
}

// nucleotide -1

// particle -1
sphere {
	<25.229031, 34.366322, 35.848602> 0.250000
	pigment { color rgbt <1,0,0,0> }
	no_shadow
}
cylinder {
	<25.107399, 34.178883, 35.516830>,  <25.034420, 34.066418, 35.317768>, 0.100000
	pigment { color rgbt <1,0,0,0> }
	no_shadow
}
cylinder {
	<25.107399, 34.178883, 35.516830>,  <25.229031, 34.366322, 35.848602>, 0.100000
	pigment { color rgbt <1,0,0,0> }
	no_shadow
}

// particle -1
sphere {
	<25.107399, 34.178883, 35.516830> 0.100000
	pigment { color rgbt <1,0,0,0> }
	no_shadow
}
sphere {
	0, 1
	scale<0.080000,0.200000,0.300000>
	matrix <0.048748, -0.877171, 0.477698,
		-0.951398, 0.104825, 0.289573,
		-0.304080, -0.468597, -0.829429,
		25.016174, 34.038303, 35.268002>
	pigment { color rgbt <0,1,1,0> }
	no_shadow
}
cylinder {
	<24.628860, 33.983654, 35.996151>,  <25.229031, 34.366322, 35.848602>, 0.130000
	pigment { color rgbt <1,0,0,0> }
	no_shadow
}

// nucleotide -1

// particle -1
sphere {
	<24.628860, 33.983654, 35.996151> 0.250000
	pigment { color rgbt <1,0,0,0> }
	no_shadow
}
cylinder {
	<24.844707, 33.790077, 35.720581>,  <24.974216, 33.673931, 35.555241>, 0.100000
	pigment { color rgbt <1,0,0,0> }
	no_shadow
}
cylinder {
	<24.844707, 33.790077, 35.720581>,  <24.628860, 33.983654, 35.996151>, 0.100000
	pigment { color rgbt <1,0,0,0> }
	no_shadow
}

// particle -1
sphere {
	<24.844707, 33.790077, 35.720581> 0.100000
	pigment { color rgbt <1,0,0,0> }
	no_shadow
}
sphere {
	0, 1
	scale<0.080000,0.200000,0.300000>
	matrix <-0.072480, -0.841951, 0.534663,
		-0.838762, -0.238601, -0.489437,
		0.539653, -0.483929, -0.688902,
		25.006594, 33.644894, 35.513905>
	pigment { color rgbt <0,1,1,0> }
	no_shadow
}
cylinder {
	<24.133062, 33.400494, 35.786953>,  <24.628860, 33.983654, 35.996151>, 0.130000
	pigment { color rgbt <1,0,0,0> }
	no_shadow
}

// nucleotide -1

// particle -1
sphere {
	<24.133062, 33.400494, 35.786953> 0.250000
	pigment { color rgbt <1,0,0,0> }
	no_shadow
}
cylinder {
	<24.525595, 33.337700, 35.742504>,  <24.761114, 33.300026, 35.715836>, 0.100000
	pigment { color rgbt <1,0,0,0> }
	no_shadow
}
cylinder {
	<24.525595, 33.337700, 35.742504>,  <24.133062, 33.400494, 35.786953>, 0.100000
	pigment { color rgbt <1,0,0,0> }
	no_shadow
}

// particle -1
sphere {
	<24.525595, 33.337700, 35.742504> 0.100000
	pigment { color rgbt <1,0,0,0> }
	no_shadow
}
sphere {
	0, 1
	scale<0.080000,0.200000,0.300000>
	matrix <-0.041390, -0.736593, 0.675069,
		-0.187826, -0.657866, -0.729338,
		0.981330, -0.156982, -0.111122,
		24.819994, 33.290604, 35.709167>
	pigment { color rgbt <0,1,1,0> }
	no_shadow
}
cylinder {
	<24.237579, 32.662975, 35.696621>,  <24.133062, 33.400494, 35.786953>, 0.130000
	pigment { color rgbt <1,0,0,0> }
	no_shadow
}

// nucleotide -1

// particle -1
sphere {
	<24.237579, 32.662975, 35.696621> 0.250000
	pigment { color rgbt <1,0,0,0> }
	no_shadow
}
cylinder {
	<24.582109, 32.824070, 35.820503>,  <24.788828, 32.920727, 35.894833>, 0.100000
	pigment { color rgbt <1,0,0,0> }
	no_shadow
}
cylinder {
	<24.582109, 32.824070, 35.820503>,  <24.237579, 32.662975, 35.696621>, 0.100000
	pigment { color rgbt <1,0,0,0> }
	no_shadow
}

// particle -1
sphere {
	<24.582109, 32.824070, 35.820503> 0.100000
	pigment { color rgbt <1,0,0,0> }
	no_shadow
}
sphere {
	0, 1
	scale<0.080000,0.200000,0.300000>
	matrix <0.098804, -0.730738, 0.675470,
		0.498351, -0.551201, -0.669197,
		0.861327, 0.402740, 0.309703,
		24.840508, 32.944893, 35.913414>
	pigment { color rgbt <0,1,1,0> }
	no_shadow
}
cylinder {
	<24.676600, 32.102440, 35.845562>,  <24.237579, 32.662975, 35.696621>, 0.130000
	pigment { color rgbt <1,0,0,0> }
	no_shadow
}

// nucleotide -1

// particle -1
sphere {
	<24.676600, 32.102440, 35.845562> 0.250000
	pigment { color rgbt <1,0,0,0> }
	no_shadow
}
cylinder {
	<24.843893, 32.405666, 36.045731>,  <24.944269, 32.587601, 36.165833>, 0.100000
	pigment { color rgbt <1,0,0,0> }
	no_shadow
}
cylinder {
	<24.843893, 32.405666, 36.045731>,  <24.676600, 32.102440, 35.845562>, 0.100000
	pigment { color rgbt <1,0,0,0> }
	no_shadow
}

// particle -1
sphere {
	<24.843893, 32.405666, 36.045731> 0.100000
	pigment { color rgbt <1,0,0,0> }
	no_shadow
}
sphere {
	0, 1
	scale<0.080000,0.200000,0.300000>
	matrix <0.306522, -0.636386, 0.707854,
		0.855058, -0.142660, -0.498522,
		0.418235, 0.758064, 0.500418,
		24.969364, 32.633087, 36.195854>
	pigment { color rgbt <0,1,1,0> }
	no_shadow
}
cylinder {
	<25.307808, 31.859978, 35.897045>,  <24.676600, 32.102440, 35.845562>, 0.130000
	pigment { color rgbt <1,0,0,0> }
	no_shadow
}

// nucleotide -1

// particle -1
sphere {
	<25.307808, 31.859978, 35.897045> 0.250000
	pigment { color rgbt <1,0,0,0> }
	no_shadow
}
cylinder {
	<25.243807, 32.136482, 36.178913>,  <25.205406, 32.302383, 36.348034>, 0.100000
	pigment { color rgbt <1,0,0,0> }
	no_shadow
}
cylinder {
	<25.243807, 32.136482, 36.178913>,  <25.307808, 31.859978, 35.897045>, 0.100000
	pigment { color rgbt <1,0,0,0> }
	no_shadow
}

// particle -1
sphere {
	<25.243807, 32.136482, 36.178913> 0.100000
	pigment { color rgbt <1,0,0,0> }
	no_shadow
}
sphere {
	0, 1
	scale<0.080000,0.200000,0.300000>
	matrix <0.251127, -0.661872, 0.706301,
		0.954638, 0.289970, -0.067694,
		-0.160002, 0.691262, 0.704668,
		25.195807, 32.343861, 36.390312>
	pigment { color rgbt <0,1,1,0> }
	no_shadow
}
cylinder {
	<25.852798, 31.767836, 36.293308>,  <25.307808, 31.859978, 35.897045>, 0.130000
	pigment { color rgbt <1,0,0,0> }
	no_shadow
}

// nucleotide -1

// particle -1
sphere {
	<25.852798, 31.767836, 36.293308> 0.250000
	pigment { color rgbt <1,0,0,0> }
	no_shadow
}
cylinder {
	<25.620863, 31.990168, 36.531582>,  <25.481701, 32.123566, 36.674545>, 0.100000
	pigment { color rgbt <1,0,0,0> }
	no_shadow
}
cylinder {
	<25.620863, 31.990168, 36.531582>,  <25.852798, 31.767836, 36.293308>, 0.100000
	pigment { color rgbt <1,0,0,0> }
	no_shadow
}

// particle -1
sphere {
	<25.620863, 31.990168, 36.531582> 0.100000
	pigment { color rgbt <1,0,0,0> }
	no_shadow
}
sphere {
	0, 1
	scale<0.080000,0.200000,0.300000>
	matrix <0.225689, -0.592953, 0.772963,
		0.782848, 0.582634, 0.218373,
		-0.579839, 0.555828, 0.595686,
		25.446911, 32.156918, 36.710289>
	pigment { color rgbt <0,1,1,0> }
	no_shadow
}
cylinder {
	<26.310509, 32.055641, 36.899586>,  <25.852798, 31.767836, 36.293308>, 0.130000
	pigment { color rgbt <1,0,0,0> }
	no_shadow
}

// nucleotide -1

// particle -1
sphere {
	<26.310509, 32.055641, 36.899586> 0.250000
	pigment { color rgbt <1,0,0,0> }
	no_shadow
}
cylinder {
	<25.926853, 32.042255, 37.011967>,  <25.696659, 32.034222, 37.079395>, 0.100000
	pigment { color rgbt <1,0,0,0> }
	no_shadow
}
cylinder {
	<25.926853, 32.042255, 37.011967>,  <26.310509, 32.055641, 36.899586>, 0.100000
	pigment { color rgbt <1,0,0,0> }
	no_shadow
}

// particle -1
sphere {
	<25.926853, 32.042255, 37.011967> 0.100000
	pigment { color rgbt <1,0,0,0> }
	no_shadow
}
sphere {
	0, 1
	scale<0.080000,0.200000,0.300000>
	matrix <0.255839, -0.526631, 0.810683,
		0.120825, 0.849435, 0.513674,
		-0.959139, -0.033467, 0.280948,
		25.639111, 32.032215, 37.096252>
	pigment { color rgbt <0,1,1,0> }
	no_shadow
}
cylinder {
	<26.368746, 32.309814, 37.576347>,  <26.310509, 32.055641, 36.899586>, 0.130000
	pigment { color rgbt <1,0,0,0> }
	no_shadow
}

// nucleotide -1

// particle -1
sphere {
	<26.368746, 32.309814, 37.576347> 0.250000
	pigment { color rgbt <1,0,0,0> }
	no_shadow
}
cylinder {
	<26.031094, 32.096306, 37.556240>,  <25.828503, 31.968201, 37.544174>, 0.100000
	pigment { color rgbt <1,0,0,0> }
	no_shadow
}
cylinder {
	<26.031094, 32.096306, 37.556240>,  <26.368746, 32.309814, 37.576347>, 0.100000
	pigment { color rgbt <1,0,0,0> }
	no_shadow
}

// particle -1
sphere {
	<26.031094, 32.096306, 37.556240> 0.100000
	pigment { color rgbt <1,0,0,0> }
	no_shadow
}
sphere {
	0, 1
	scale<0.080000,0.200000,0.300000>
	matrix <0.193259, -0.390403, 0.900132,
		-0.500091, 0.750115, 0.432708,
		-0.844133, -0.533772, -0.050270,
		25.777853, 31.936174, 37.541161>
	pigment { color rgbt <0,1,1,0> }
	no_shadow
}
cylinder {
	<26.216246, 32.328064, 38.231098>,  <26.368746, 32.309814, 37.576347>, 0.130000
	pigment { color rgbt <1,0,0,0> }
	no_shadow
}

// nucleotide -1

// particle -1
sphere {
	<26.216246, 32.328064, 38.231098> 0.250000
	pigment { color rgbt <1,0,0,0> }
	no_shadow
}
cylinder {
	<25.977304, 32.029644, 38.113403>,  <25.833941, 31.850592, 38.042786>, 0.100000
	pigment { color rgbt <1,0,0,0> }
	no_shadow
}
cylinder {
	<25.977304, 32.029644, 38.113403>,  <26.216246, 32.328064, 38.231098>, 0.100000
	pigment { color rgbt <1,0,0,0> }
	no_shadow
}

// particle -1
sphere {
	<25.977304, 32.029644, 38.113403> 0.100000
	pigment { color rgbt <1,0,0,0> }
	no_shadow
}
sphere {
	0, 1
	scale<0.080000,0.200000,0.300000>
	matrix <0.281046, -0.538364, 0.794467,
		-0.751121, 0.391882, 0.531268,
		-0.597353, -0.746051, -0.294240,
		25.798100, 31.805828, 38.025131>
	pigment { color rgbt <0,1,1,0> }
	no_shadow
}
cylinder {
	<25.767813, 32.229694, 38.714779>,  <26.216246, 32.328064, 38.231098>, 0.130000
	pigment { color rgbt <1,0,0,0> }
	no_shadow
}

// nucleotide -1

// particle -1
sphere {
	<25.767813, 32.229694, 38.714779> 0.250000
	pigment { color rgbt <1,0,0,0> }
	no_shadow
}
cylinder {
	<25.775181, 31.875624, 38.528824>,  <25.779602, 31.663181, 38.417252>, 0.100000
	pigment { color rgbt <1,0,0,0> }
	no_shadow
}
cylinder {
	<25.775181, 31.875624, 38.528824>,  <25.767813, 32.229694, 38.714779>, 0.100000
	pigment { color rgbt <1,0,0,0> }
	no_shadow
}

// particle -1
sphere {
	<25.775181, 31.875624, 38.528824> 0.100000
	pigment { color rgbt <1,0,0,0> }
	no_shadow
}
sphere {
	0, 1
	scale<0.080000,0.200000,0.300000>
	matrix <0.227893, -0.449009, 0.863977,
		-0.973512, -0.121859, 0.193455,
		0.018420, -0.885179, -0.464886,
		25.780706, 31.610069, 38.389359>
	pigment { color rgbt <0,1,1,0> }
	no_shadow
}
cylinder {
	<25.361160, 31.839088, 39.085510>,  <25.767813, 32.229694, 38.714779>, 0.130000
	pigment { color rgbt <1,0,0,0> }
	no_shadow
}

// nucleotide -1

// particle -1
sphere {
	<25.361160, 31.839088, 39.085510> 0.250000
	pigment { color rgbt <1,0,0,0> }
	no_shadow
}
cylinder {
	<25.550463, 31.545782, 38.890228>,  <25.664043, 31.369799, 38.773060>, 0.100000
	pigment { color rgbt <1,0,0,0> }
	no_shadow
}
cylinder {
	<25.550463, 31.545782, 38.890228>,  <25.361160, 31.839088, 39.085510>, 0.100000
	pigment { color rgbt <1,0,0,0> }
	no_shadow
}

// particle -1
sphere {
	<25.550463, 31.545782, 38.890228> 0.100000
	pigment { color rgbt <1,0,0,0> }
	no_shadow
}
sphere {
	0, 1
	scale<0.080000,0.200000,0.300000>
	matrix <0.213813, -0.442015, 0.871152,
		-0.854584, -0.516662, -0.052404,
		0.473255, -0.733268, -0.488208,
		25.692440, 31.325802, 38.743767>
	pigment { color rgbt <0,1,1,0> }
	no_shadow
}
cylinder {
	<25.030506, 31.165340, 39.203541>,  <25.361160, 31.839088, 39.085510>, 0.130000
	pigment { color rgbt <1,0,0,0> }
	no_shadow
}

// nucleotide -1

// particle -1
sphere {
	<25.030506, 31.165340, 39.203541> 0.250000
	pigment { color rgbt <1,0,0,0> }
	no_shadow
}
cylinder {
	<25.409254, 31.097988, 39.093937>,  <25.636503, 31.057577, 39.028175>, 0.100000
	pigment { color rgbt <1,0,0,0> }
	no_shadow
}
cylinder {
	<25.409254, 31.097988, 39.093937>,  <25.030506, 31.165340, 39.203541>, 0.100000
	pigment { color rgbt <1,0,0,0> }
	no_shadow
}

// particle -1
sphere {
	<25.409254, 31.097988, 39.093937> 0.100000
	pigment { color rgbt <1,0,0,0> }
	no_shadow
}
sphere {
	0, 1
	scale<0.080000,0.200000,0.300000>
	matrix <0.158018, -0.498484, 0.852376,
		-0.280113, -0.850389, -0.445393,
		0.946872, -0.168382, -0.274008,
		25.693316, 31.047474, 39.011734>
	pigment { color rgbt <0,1,1,0> }
	no_shadow
}
cylinder {
	<25.139839, 30.414690, 39.203495>,  <25.030506, 31.165340, 39.203541>, 0.130000
	pigment { color rgbt <1,0,0,0> }
	no_shadow
}

// nucleotide -1

// particle -1
sphere {
	<25.139839, 30.414690, 39.203495> 0.250000
	pigment { color rgbt <1,0,0,0> }
	no_shadow
}
cylinder {
	<25.525101, 30.522270, 39.203796>,  <25.756258, 30.586819, 39.203976>, 0.100000
	pigment { color rgbt <1,0,0,0> }
	no_shadow
}
cylinder {
	<25.525101, 30.522270, 39.203796>,  <25.139839, 30.414690, 39.203495>, 0.100000
	pigment { color rgbt <1,0,0,0> }
	no_shadow
}

// particle -1
sphere {
	<25.525101, 30.522270, 39.203796> 0.100000
	pigment { color rgbt <1,0,0,0> }
	no_shadow
}
sphere {
	0, 1
	scale<0.080000,0.200000,0.300000>
	matrix <0.207180, -0.743713, 0.635584,
		0.171498, -0.612009, -0.772032,
		0.963153, 0.268951, 0.000749,
		25.814047, 30.602955, 39.204021>
	pigment { color rgbt <0,1,1,0> }
	no_shadow
}
cylinder {
	<25.533928, 29.784781, 39.113327>,  <25.139839, 30.414690, 39.203495>, 0.130000
	pigment { color rgbt <1,0,0,0> }
	no_shadow
}

// nucleotide -1

// particle -1
sphere {
	<25.533928, 29.784781, 39.113327> 0.250000
	pigment { color rgbt <1,0,0,0> }
	no_shadow
}
cylinder {
	<25.795649, 30.052189, 39.254730>,  <25.952681, 30.212635, 39.339573>, 0.100000
	pigment { color rgbt <1,0,0,0> }
	no_shadow
}
cylinder {
	<25.795649, 30.052189, 39.254730>,  <25.533928, 29.784781, 39.113327>, 0.100000
	pigment { color rgbt <1,0,0,0> }
	no_shadow
}

// particle -1
sphere {
	<25.795649, 30.052189, 39.254730> 0.100000
	pigment { color rgbt <1,0,0,0> }
	no_shadow
}
sphere {
	0, 1
	scale<0.080000,0.200000,0.300000>
	matrix <0.506160, -0.734451, 0.452087,
		0.561862, -0.116872, -0.818933,
		0.654303, 0.668522, 0.353504,
		25.991940, 30.252745, 39.360783>
	pigment { color rgbt <0,1,1,0> }
	no_shadow
}
cylinder {
	<26.140665, 29.555672, 38.892960>,  <25.533928, 29.784781, 39.113327>, 0.130000
	pigment { color rgbt <1,0,0,0> }
	no_shadow
}

// nucleotide -1

// particle -1
sphere {
	<26.140665, 29.555672, 38.892960> 0.250000
	pigment { color rgbt <1,0,0,0> }
	no_shadow
}
cylinder {
	<26.160587, 29.755575, 39.238853>,  <26.172541, 29.875517, 39.446388>, 0.100000
	pigment { color rgbt <1,0,0,0> }
	no_shadow
}
cylinder {
	<26.160587, 29.755575, 39.238853>,  <26.140665, 29.555672, 38.892960>, 0.100000
	pigment { color rgbt <1,0,0,0> }
	no_shadow
}

// particle -1
sphere {
	<26.160587, 29.755575, 39.238853> 0.100000
	pigment { color rgbt <1,0,0,0> }
	no_shadow
}
sphere {
	0, 1
	scale<0.080000,0.200000,0.300000>
	matrix <0.505903, -0.759139, 0.409597,
		0.861152, 0.417070, -0.290637,
		0.049803, 0.499759, 0.864731,
		26.175528, 29.905502, 39.498272>
	pigment { color rgbt <0,1,1,0> }
	no_shadow
}
cylinder {
	<26.829552, 29.711708, 38.851265>,  <26.140665, 29.555672, 38.892960>, 0.130000
	pigment { color rgbt <1,0,0,0> }
	no_shadow
}

// nucleotide -1

// particle -1
sphere {
	<26.829552, 29.711708, 38.851265> 0.250000
	pigment { color rgbt <1,0,0,0> }
	no_shadow
}
cylinder {
	<26.750141, 29.756472, 39.240738>,  <26.702496, 29.783329, 39.474422>, 0.100000
	pigment { color rgbt <1,0,0,0> }
	no_shadow
}
cylinder {
	<26.750141, 29.756472, 39.240738>,  <26.829552, 29.711708, 38.851265>, 0.100000
	pigment { color rgbt <1,0,0,0> }
	no_shadow
}

// particle -1
sphere {
	<26.750141, 29.756472, 39.240738> 0.100000
	pigment { color rgbt <1,0,0,0> }
	no_shadow
}
sphere {
	0, 1
	scale<0.080000,0.200000,0.300000>
	matrix <0.646539, -0.731687, 0.215918,
		0.736596, 0.672392, 0.072906,
		-0.198526, 0.111908, 0.973686,
		26.690582, 29.790045, 39.532845>
	pigment { color rgbt <0,1,1,0> }
	no_shadow
}
cylinder {
	<27.521404, 29.594507, 39.170006>,  <26.829552, 29.711708, 38.851265>, 0.130000
	pigment { color rgbt <1,0,0,0> }
	no_shadow
}

// nucleotide -1

// particle -1
sphere {
	<27.521404, 29.594507, 39.170006> 0.250000
	pigment { color rgbt <1,0,0,0> }
	no_shadow
}
cylinder {
	<27.279047, 29.576233, 39.487701>,  <27.133633, 29.565268, 39.678318>, 0.100000
	pigment { color rgbt <1,0,0,0> }
	no_shadow
}
cylinder {
	<27.279047, 29.576233, 39.487701>,  <27.521404, 29.594507, 39.170006>, 0.100000
	pigment { color rgbt <1,0,0,0> }
	no_shadow
}

// particle -1
sphere {
	<27.279047, 29.576233, 39.487701> 0.100000
	pigment { color rgbt <1,0,0,0> }
	no_shadow
}
sphere {
	0, 1
	scale<0.080000,0.200000,0.300000>
	matrix <0.611140, -0.665883, 0.427912,
		0.509318, 0.744656, 0.431373,
		-0.605891, -0.045686, 0.794235,
		27.097281, 29.562527, 39.725971>
	pigment { color rgbt <0,1,1,0> }
	no_shadow
}
cylinder {
	<27.947950, 29.577768, 39.816925>,  <27.521404, 29.594507, 39.170006>, 0.130000
	pigment { color rgbt <1,0,0,0> }
	no_shadow
}

// nucleotide -1

// particle -1
sphere {
	<27.947950, 29.577768, 39.816925> 0.250000
	pigment { color rgbt <1,0,0,0> }
	no_shadow
}
cylinder {
	<27.584852, 29.468231, 39.944054>,  <27.366993, 29.402508, 40.020329>, 0.100000
	pigment { color rgbt <1,0,0,0> }
	no_shadow
}
cylinder {
	<27.584852, 29.468231, 39.944054>,  <27.947950, 29.577768, 39.816925>, 0.100000
	pigment { color rgbt <1,0,0,0> }
	no_shadow
}

// particle -1
sphere {
	<27.584852, 29.468231, 39.944054> 0.100000
	pigment { color rgbt <1,0,0,0> }
	no_shadow
}
sphere {
	0, 1
	scale<0.080000,0.200000,0.300000>
	matrix <0.419129, -0.559162, 0.715310,
		-0.018172, 0.782526, 0.622353,
		-0.907745, -0.273845, 0.317818,
		27.312529, 29.386078, 40.039398>
	pigment { color rgbt <0,1,1,0> }
	no_shadow
}
cylinder {
	<27.937555, 29.678564, 40.614922>,  <27.947950, 29.577768, 39.816925>, 0.130000
	pigment { color rgbt <1,0,0,0> }
	no_shadow
}

// nucleotide -1

// particle -1
sphere {
	<27.937555, 29.678564, 40.614922> 0.250000
	pigment { color rgbt <1,0,0,0> }
	no_shadow
}
cylinder {
	<27.662954, 29.412720, 40.496933>,  <27.498194, 29.253214, 40.426140>, 0.100000
	pigment { color rgbt <1,0,0,0> }
	no_shadow
}
cylinder {
	<27.662954, 29.412720, 40.496933>,  <27.937555, 29.678564, 40.614922>, 0.100000
	pigment { color rgbt <1,0,0,0> }
	no_shadow
}

// particle -1
sphere {
	<27.662954, 29.412720, 40.496933> 0.100000
	pigment { color rgbt <1,0,0,0> }
	no_shadow
}
sphere {
	0, 1
	scale<0.080000,0.200000,0.300000>
	matrix <0.327386, -0.644739, 0.690746,
		-0.649254, 0.377632, 0.660200,
		-0.686504, -0.664609, -0.294968,
		27.457003, 29.213337, 40.408443>
	pigment { color rgbt <0,1,1,0> }
	no_shadow
}
cylinder {
	<27.671297, 29.418396, 41.270824>,  <27.937555, 29.678564, 40.614922>, 0.130000
	pigment { color rgbt <1,0,0,0> }
	no_shadow
}

// nucleotide -1

// particle -1
sphere {
	<27.671297, 29.418396, 41.270824> 0.250000
	pigment { color rgbt <1,0,0,0> }
	no_shadow
}
cylinder {
	<27.566786, 29.154884, 40.988621>,  <27.504080, 28.996778, 40.819298>, 0.100000
	pigment { color rgbt <1,0,0,0> }
	no_shadow
}
cylinder {
	<27.566786, 29.154884, 40.988621>,  <27.671297, 29.418396, 41.270824>, 0.100000
	pigment { color rgbt <1,0,0,0> }
	no_shadow
}

// particle -1
sphere {
	<27.566786, 29.154884, 40.988621> 0.100000
	pigment { color rgbt <1,0,0,0> }
	no_shadow
}
sphere {
	0, 1
	scale<0.080000,0.200000,0.300000>
	matrix <0.295404, -0.750403, 0.591297,
		-0.918950, -0.053918, 0.390670,
		-0.261278, -0.658778, -0.705511,
		27.488401, 28.957251, 40.776966>
	pigment { color rgbt <0,1,1,0> }
	no_shadow
}
cylinder {
	<27.383204, 28.962334, 41.639481>,  <27.671297, 29.418396, 41.270824>, 0.130000
	pigment { color rgbt <1,0,0,0> }
	no_shadow
}

// nucleotide -1

// particle -1
sphere {
	<27.383204, 28.962334, 41.639481> 0.250000
	pigment { color rgbt <1,0,0,0> }
	no_shadow
}
cylinder {
	<27.487282, 28.790033, 41.293823>,  <27.549728, 28.686653, 41.086430>, 0.100000
	pigment { color rgbt <1,0,0,0> }
	no_shadow
}
cylinder {
	<27.487282, 28.790033, 41.293823>,  <27.383204, 28.962334, 41.639481>, 0.100000
	pigment { color rgbt <1,0,0,0> }
	no_shadow
}

// particle -1
sphere {
	<27.487282, 28.790033, 41.293823> 0.100000
	pigment { color rgbt <1,0,0,0> }
	no_shadow
}
sphere {
	0, 1
	scale<0.080000,0.200000,0.300000>
	matrix <0.393921, -0.769750, 0.502306,
		-0.881546, -0.471105, -0.030606,
		0.260198, -0.430750, -0.864148,
		27.565342, 28.660809, 41.034580>
	pigment { color rgbt <0,1,1,0> }
	no_shadow
}
cylinder {
	<27.249811, 28.218466, 41.799316>,  <27.383204, 28.962334, 41.639481>, 0.130000
	pigment { color rgbt <1,0,0,0> }
	no_shadow
}

// nucleotide -1

// particle -1
sphere {
	<27.249811, 28.218466, 41.799316> 0.250000
	pigment { color rgbt <1,0,0,0> }
	no_shadow
}
cylinder {
	<27.471027, 28.211143, 41.466137>,  <27.603758, 28.206751, 41.266228>, 0.100000
	pigment { color rgbt <1,0,0,0> }
	no_shadow
}
cylinder {
	<27.471027, 28.211143, 41.466137>,  <27.249811, 28.218466, 41.799316>, 0.100000
	pigment { color rgbt <1,0,0,0> }
	no_shadow
}

// particle -1
sphere {
	<27.471027, 28.211143, 41.466137> 0.100000
	pigment { color rgbt <1,0,0,0> }
	no_shadow
}
sphere {
	0, 1
	scale<0.080000,0.200000,0.300000>
	matrix <0.423816, -0.854561, 0.300175,
		-0.717304, -0.519028, -0.464851,
		0.553043, -0.018305, -0.832952,
		27.636940, 28.205652, 41.216251>
	pigment { color rgbt <0,1,1,0> }
	no_shadow
}
cylinder {
	<27.316755, 27.565071, 41.689587>,  <27.249811, 28.218466, 41.799316>, 0.130000
	pigment { color rgbt <1,0,0,0> }
	no_shadow
}

// nucleotide -1

// particle -1
sphere {
	<27.316755, 27.565071, 41.689587> 0.250000
	pigment { color rgbt <1,0,0,0> }
	no_shadow
}
cylinder {
	<27.599268, 27.687305, 41.434155>,  <27.768776, 27.760647, 41.280895>, 0.100000
	pigment { color rgbt <1,0,0,0> }
	no_shadow
}
cylinder {
	<27.599268, 27.687305, 41.434155>,  <27.316755, 27.565071, 41.689587>, 0.100000
	pigment { color rgbt <1,0,0,0> }
	no_shadow
}

// particle -1
sphere {
	<27.599268, 27.687305, 41.434155> 0.100000
	pigment { color rgbt <1,0,0,0> }
	no_shadow
}
sphere {
	0, 1
	scale<0.080000,0.200000,0.300000>
	matrix <0.463366, -0.881519, 0.090647,
		-0.535220, -0.359919, -0.764198,
		0.706280, 0.305587, -0.638581,
		27.811152, 27.778982, 41.242580>
	pigment { color rgbt <0,1,1,0> }
	no_shadow
}
cylinder {
	<27.302876, 27.059917, 41.142891>,  <27.316755, 27.565071, 41.689587>, 0.130000
	pigment { color rgbt <1,0,0,0> }
	no_shadow
}

// nucleotide -1

// particle -1
sphere {
	<27.302876, 27.059917, 41.142891> 0.250000
	pigment { color rgbt <1,0,0,0> }
	no_shadow
}
cylinder {
	<27.653494, 27.242744, 41.203236>,  <27.863865, 27.352440, 41.239445>, 0.100000
	pigment { color rgbt <1,0,0,0> }
	no_shadow
}
cylinder {
	<27.653494, 27.242744, 41.203236>,  <27.302876, 27.059917, 41.142891>, 0.100000
	pigment { color rgbt <1,0,0,0> }
	no_shadow
}

// particle -1
sphere {
	<27.653494, 27.242744, 41.203236> 0.100000
	pigment { color rgbt <1,0,0,0> }
	no_shadow
}
sphere {
	0, 1
	scale<0.080000,0.200000,0.300000>
	matrix <0.469898, -0.880500, -0.062576,
		0.104236, 0.125743, -0.986572,
		0.876545, 0.457065, 0.150866,
		27.916458, 27.379864, 41.248497>
	pigment { color rgbt <0,1,1,0> }
	no_shadow
}
cylinder {
	<27.882898, 26.913782, 40.637234>,  <27.302876, 27.059917, 41.142891>, 0.130000
	pigment { color rgbt <1,0,0,0> }
	no_shadow
}

// nucleotide -1

// particle -1
sphere {
	<27.882898, 26.913782, 40.637234> 0.250000
	pigment { color rgbt <1,0,0,0> }
	no_shadow
}
cylinder {
	<28.039297, 26.972734, 41.000641>,  <28.133137, 27.008106, 41.218685>, 0.100000
	pigment { color rgbt <1,0,0,0> }
	no_shadow
}
cylinder {
	<28.039297, 26.972734, 41.000641>,  <27.882898, 26.913782, 40.637234>, 0.100000
	pigment { color rgbt <1,0,0,0> }
	no_shadow
}

// particle -1
sphere {
	<28.039297, 26.972734, 41.000641> 0.100000
	pigment { color rgbt <1,0,0,0> }
	no_shadow
}
sphere {
	0, 1
	scale<0.080000,0.200000,0.300000>
	matrix <0.333119, -0.942836, 0.009585,
		0.857993, 0.298896, -0.417742,
		0.390997, 0.147382, 0.908515,
		28.156597, 27.016949, 41.273197>
	pigment { color rgbt <0,1,1,0> }
	no_shadow
}
cylinder {
	<27.602142, 26.428724, 40.084419>,  <27.882898, 26.913782, 40.637234>, 0.130000
	pigment { color rgbt <1,0,0,0> }
	no_shadow
}

// nucleotide -1

// particle -1
sphere {
	<27.602142, 26.428724, 40.084419> 0.250000
	pigment { color rgbt <1,0,0,0> }
	no_shadow
}
cylinder {
	<27.960875, 26.281815, 39.985786>,  <28.176113, 26.193668, 39.926605>, 0.100000
	pigment { color rgbt <1,0,0,0> }
	no_shadow
}
cylinder {
	<27.960875, 26.281815, 39.985786>,  <27.602142, 26.428724, 40.084419>, 0.100000
	pigment { color rgbt <1,0,0,0> }
	no_shadow
}

// particle -1
sphere {
	<27.960875, 26.281815, 39.985786> 0.100000
	pigment { color rgbt <1,0,0,0> }
	no_shadow
}
sphere {
	0, 1
	scale<0.080000,0.200000,0.300000>
	matrix <-0.309111, -0.121526, -0.943229,
		0.316457, 0.922139, -0.222517,
		0.896831, -0.367274, -0.246586,
		28.229923, 26.171633, 39.911812>
	pigment { color rgbt <0,1,1,0> }
	no_shadow
}
cylinder {
	<27.941877, 26.887157, 39.622486>,  <27.602142, 26.428724, 40.084419>, 0.130000
	pigment { color rgbt <1,0,0,0> }
	no_shadow
}

// nucleotide -1

// particle -1
sphere {
	<27.941877, 26.887157, 39.622486> 0.250000
	pigment { color rgbt <1,0,0,0> }
	no_shadow
}
cylinder {
	<28.068661, 26.513577, 39.556435>,  <28.144732, 26.289427, 39.516804>, 0.100000
	pigment { color rgbt <1,0,0,0> }
	no_shadow
}
cylinder {
	<28.068661, 26.513577, 39.556435>,  <27.941877, 26.887157, 39.622486>, 0.100000
	pigment { color rgbt <1,0,0,0> }
	no_shadow
}

// particle -1
sphere {
	<28.068661, 26.513577, 39.556435> 0.100000
	pigment { color rgbt <1,0,0,0> }
	no_shadow
}
sphere {
	0, 1
	scale<0.080000,0.200000,0.300000>
	matrix <-0.566380, -0.046731, -0.822818,
		0.760757, 0.354327, -0.543784,
		0.316958, -0.933953, -0.165133,
		28.163748, 26.233391, 39.506893>
	pigment { color rgbt <0,1,1,0> }
	no_shadow
}
cylinder {
	<28.293665, 26.866829, 39.042439>,  <27.941877, 26.887157, 39.622486>, 0.130000
	pigment { color rgbt <1,0,0,0> }
	no_shadow
}

// nucleotide -1

// particle -1
sphere {
	<28.293665, 26.866829, 39.042439> 0.250000
	pigment { color rgbt <1,0,0,0> }
	no_shadow
}
cylinder {
	<28.124874, 26.508923, 39.100861>,  <28.023600, 26.294180, 39.135914>, 0.100000
	pigment { color rgbt <1,0,0,0> }
	no_shadow
}
cylinder {
	<28.124874, 26.508923, 39.100861>,  <28.293665, 26.866829, 39.042439>, 0.100000
	pigment { color rgbt <1,0,0,0> }
	no_shadow
}

// particle -1
sphere {
	<28.124874, 26.508923, 39.100861> 0.100000
	pigment { color rgbt <1,0,0,0> }
	no_shadow
}
sphere {
	0, 1
	scale<0.080000,0.200000,0.300000>
	matrix <-0.505637, 0.098557, -0.857099,
		0.752507, -0.435526, -0.494015,
		-0.421977, -0.894764, 0.146053,
		27.998281, 26.240494, 39.144676>
	pigment { color rgbt <0,1,1,0> }
	no_shadow
}
cylinder {
	<28.484921, 26.300419, 38.541946>,  <28.293665, 26.866829, 39.042439>, 0.130000
	pigment { color rgbt <1,0,0,0> }
	no_shadow
}

// nucleotide -1

// particle -1
sphere {
	<28.484921, 26.300419, 38.541946> 0.250000
	pigment { color rgbt <1,0,0,0> }
	no_shadow
}
cylinder {
	<28.119278, 26.251606, 38.696617>,  <27.899893, 26.222319, 38.789421>, 0.100000
	pigment { color rgbt <1,0,0,0> }
	no_shadow
}
cylinder {
	<28.119278, 26.251606, 38.696617>,  <28.484921, 26.300419, 38.541946>, 0.100000
	pigment { color rgbt <1,0,0,0> }
	no_shadow
}

// particle -1
sphere {
	<28.119278, 26.251606, 38.696617> 0.100000
	pigment { color rgbt <1,0,0,0> }
	no_shadow
}
sphere {
	0, 1
	scale<0.080000,0.200000,0.300000>
	matrix <-0.400478, 0.122399, -0.908095,
		0.063492, -0.984950, -0.160759,
		-0.914104, -0.122037, 0.386679,
		27.845047, 26.214996, 38.812622>
	pigment { color rgbt <0,1,1,0> }
	no_shadow
}
cylinder {
	<28.171738, 26.001829, 38.031986>,  <28.484921, 26.300419, 38.541946>, 0.130000
	pigment { color rgbt <1,0,0,0> }
	no_shadow
}

// nucleotide -1

// particle -1
sphere {
	<28.171738, 26.001829, 38.031986> 0.250000
	pigment { color rgbt <1,0,0,0> }
	no_shadow
}
cylinder {
	<27.885771, 26.179312, 38.248142>,  <27.714191, 26.285801, 38.377834>, 0.100000
	pigment { color rgbt <1,0,0,0> }
	no_shadow
}
cylinder {
	<27.885771, 26.179312, 38.248142>,  <28.171738, 26.001829, 38.031986>, 0.100000
	pigment { color rgbt <1,0,0,0> }
	no_shadow
}

// particle -1
sphere {
	<27.885771, 26.179312, 38.248142> 0.100000
	pigment { color rgbt <1,0,0,0> }
	no_shadow
}
sphere {
	0, 1
	scale<0.080000,0.200000,0.300000>
	matrix <-0.520442, 0.178437, -0.835045,
		-0.466939, -0.878228, 0.103356,
		-0.714918, 0.443706, 0.540387,
		27.671295, 26.312424, 38.410259>
	pigment { color rgbt <0,1,1,0> }
	no_shadow
}
cylinder {
	<27.522642, 25.682478, 37.842472>,  <28.171738, 26.001829, 38.031986>, 0.130000
	pigment { color rgbt <1,0,0,0> }
	no_shadow
}

// nucleotide -1

// particle -1
sphere {
	<27.522642, 25.682478, 37.842472> 0.250000
	pigment { color rgbt <1,0,0,0> }
	no_shadow
}
cylinder {
	<27.490509, 26.056234, 37.981304>,  <27.471230, 26.280487, 38.064602>, 0.100000
	pigment { color rgbt <1,0,0,0> }
	no_shadow
}
cylinder {
	<27.490509, 26.056234, 37.981304>,  <27.522642, 25.682478, 37.842472>, 0.100000
	pigment { color rgbt <1,0,0,0> }
	no_shadow
}

// particle -1
sphere {
	<27.490509, 26.056234, 37.981304> 0.100000
	pigment { color rgbt <1,0,0,0> }
	no_shadow
}
sphere {
	0, 1
	scale<0.080000,0.200000,0.300000>
	matrix <-0.433914, 0.280697, -0.856112,
		-0.897366, -0.219377, 0.382896,
		-0.080333, 0.934389, 0.347079,
		27.466410, 26.336552, 38.085426>
	pigment { color rgbt <0,1,1,0> }
	no_shadow
}
cylinder {
	<27.882984, 25.633120, 37.142952>,  <27.522642, 25.682478, 37.842472>, 0.130000
	pigment { color rgbt <1,0,0,0> }
	no_shadow
}

// nucleotide -1

// particle -1
sphere {
	<27.882984, 25.633120, 37.142952> 0.250000
	pigment { color rgbt <1,0,0,0> }
	no_shadow
}
cylinder {
	<28.016113, 25.915636, 36.893028>,  <28.095991, 26.085146, 36.743076>, 0.100000
	pigment { color rgbt <1,0,0,0> }
	no_shadow
}
cylinder {
	<28.016113, 25.915636, 36.893028>,  <27.882984, 25.633120, 37.142952>, 0.100000
	pigment { color rgbt <1,0,0,0> }
	no_shadow
}

// particle -1
sphere {
	<28.016113, 25.915636, 36.893028> 0.100000
	pigment { color rgbt <1,0,0,0> }
	no_shadow
}
sphere {
	0, 1
	scale<0.080000,0.200000,0.300000>
	matrix <0.913974, -0.404709, 0.029370,
		-0.232122, -0.580832, -0.780227,
		0.332824, 0.706289, -0.624807,
		28.115961, 26.127523, 36.705585>
	pigment { color rgbt <0,1,1,0> }
	no_shadow
}
cylinder {
	<27.209362, 25.589001, 36.684719>,  <27.882984, 25.633120, 37.142952>, 0.130000
	pigment { color rgbt <1,0,0,0> }
	no_shadow
}

// nucleotide -1

// particle -1
sphere {
	<27.209362, 25.589001, 36.684719> 0.250000
	pigment { color rgbt <1,0,0,0> }
	no_shadow
}
cylinder {
	<26.923386, 25.742321, 36.918621>,  <26.751799, 25.834314, 37.058964>, 0.100000
	pigment { color rgbt <1,0,0,0> }
	no_shadow
}
cylinder {
	<26.923386, 25.742321, 36.918621>,  <27.209362, 25.589001, 36.684719>, 0.100000
	pigment { color rgbt <1,0,0,0> }
	no_shadow
}

// particle -1
sphere {
	<26.923386, 25.742321, 36.918621> 0.100000
	pigment { color rgbt <1,0,0,0> }
	no_shadow
}
sphere {
	0, 1
	scale<0.080000,0.200000,0.300000>
	matrix <0.109979, 0.887578, -0.447336,
		-0.690480, -0.255508, -0.676722,
		-0.714942, 0.383302, 0.584754,
		26.708902, 25.857311, 37.094048>
	pigment { color rgbt <0,1,1,0> }
	no_shadow
}
cylinder {
	<26.713974, 25.901125, 36.215908>,  <27.209362, 25.589001, 36.684719>, 0.130000
	pigment { color rgbt <1,0,0,0> }
	no_shadow
}

// nucleotide -1

// particle -1
sphere {
	<26.713974, 25.901125, 36.215908> 0.250000
	pigment { color rgbt <1,0,0,0> }
	no_shadow
}
cylinder {
	<26.692896, 26.071253, 36.577312>,  <26.680250, 26.173330, 36.794155>, 0.100000
	pigment { color rgbt <1,0,0,0> }
	no_shadow
}
cylinder {
	<26.692896, 26.071253, 36.577312>,  <26.713974, 25.901125, 36.215908>, 0.100000
	pigment { color rgbt <1,0,0,0> }
	no_shadow
}

// particle -1
sphere {
	<26.692896, 26.071253, 36.577312> 0.100000
	pigment { color rgbt <1,0,0,0> }
	no_shadow
}
sphere {
	0, 1
	scale<0.080000,0.200000,0.300000>
	matrix <0.023617, 0.905043, -0.424664,
		-0.998331, -0.001039, -0.057734,
		-0.052693, 0.425319, 0.903508,
		26.677088, 26.198849, 36.848366>
	pigment { color rgbt <0,1,1,0> }
	no_shadow
}
cylinder {
	<26.148695, 26.323318, 36.188011>,  <26.713974, 25.901125, 36.215908>, 0.130000
	pigment { color rgbt <1,0,0,0> }
	no_shadow
}

// nucleotide -1

// particle -1
sphere {
	<26.148695, 26.323318, 36.188011> 0.250000
	pigment { color rgbt <1,0,0,0> }
	no_shadow
}
cylinder {
	<26.390219, 26.447981, 36.481483>,  <26.535133, 26.522778, 36.657566>, 0.100000
	pigment { color rgbt <1,0,0,0> }
	no_shadow
}
cylinder {
	<26.390219, 26.447981, 36.481483>,  <26.148695, 26.323318, 36.188011>, 0.100000
	pigment { color rgbt <1,0,0,0> }
	no_shadow
}

// particle -1
sphere {
	<26.390219, 26.447981, 36.481483> 0.100000
	pigment { color rgbt <1,0,0,0> }
	no_shadow
}
sphere {
	0, 1
	scale<0.080000,0.200000,0.300000>
	matrix <-0.019772, 0.925975, -0.377066,
		-0.796883, 0.213170, 0.565275,
		0.603810, 0.311654, 0.733679,
		26.571362, 26.541477, 36.701588>
	pigment { color rgbt <0,1,1,0> }
	no_shadow
}
cylinder {
	<25.974773, 27.035376, 36.127300>,  <26.148695, 26.323318, 36.188011>, 0.130000
	pigment { color rgbt <1,0,0,0> }
	no_shadow
}

// nucleotide -1

// particle -1
sphere {
	<25.974773, 27.035376, 36.127300> 0.250000
	pigment { color rgbt <1,0,0,0> }
	no_shadow
}
cylinder {
	<26.278006, 27.048185, 36.387848>,  <26.459946, 27.055872, 36.544178>, 0.100000
	pigment { color rgbt <1,0,0,0> }
	no_shadow
}
cylinder {
	<26.278006, 27.048185, 36.387848>,  <25.974773, 27.035376, 36.127300>, 0.100000
	pigment { color rgbt <1,0,0,0> }
	no_shadow
}

// particle -1
sphere {
	<26.278006, 27.048185, 36.387848> 0.100000
	pigment { color rgbt <1,0,0,0> }
	no_shadow
}
sphere {
	0, 1
	scale<0.080000,0.200000,0.300000>
	matrix <0.133729, 0.969936, -0.203323,
		-0.638300, 0.241243, 0.731009,
		0.758083, 0.032024, 0.651372,
		26.505430, 27.057793, 36.583260>
	pigment { color rgbt <0,1,1,0> }
	no_shadow
}
cylinder {
	<25.894190, 27.667097, 36.422112>,  <25.974773, 27.035376, 36.127300>, 0.130000
	pigment { color rgbt <1,0,0,0> }
	no_shadow
}

// nucleotide -1

// particle -1
sphere {
	<25.894190, 27.667097, 36.422112> 0.250000
	pigment { color rgbt <1,0,0,0> }
	no_shadow
}
cylinder {
	<26.276628, 27.563860, 36.477631>,  <26.506092, 27.501917, 36.510944>, 0.100000
	pigment { color rgbt <1,0,0,0> }
	no_shadow
}
cylinder {
	<26.276628, 27.563860, 36.477631>,  <25.894190, 27.667097, 36.422112>, 0.100000
	pigment { color rgbt <1,0,0,0> }
	no_shadow
}

// particle -1
sphere {
	<26.276628, 27.563860, 36.477631> 0.100000
	pigment { color rgbt <1,0,0,0> }
	no_shadow
}
sphere {
	0, 1
	scale<0.080000,0.200000,0.300000>
	matrix <0.258353, 0.965910, 0.016473,
		-0.138320, 0.020110, 0.990183,
		0.956097, -0.258095, 0.138800,
		26.563457, 27.486431, 36.519272>
	pigment { color rgbt <0,1,1,0> }
	no_shadow
}
cylinder {
	<26.105204, 28.052652, 36.966045>,  <25.894190, 27.667097, 36.422112>, 0.130000
	pigment { color rgbt <1,0,0,0> }
	no_shadow
}

// nucleotide -1

// particle -1
sphere {
	<26.105204, 28.052652, 36.966045> 0.250000
	pigment { color rgbt <1,0,0,0> }
	no_shadow
}
cylinder {
	<26.454582, 27.953190, 36.798592>,  <26.664209, 27.893513, 36.698120>, 0.100000
	pigment { color rgbt <1,0,0,0> }
	no_shadow
}
cylinder {
	<26.454582, 27.953190, 36.798592>,  <26.105204, 28.052652, 36.966045>, 0.100000
	pigment { color rgbt <1,0,0,0> }
	no_shadow
}

// particle -1
sphere {
	<26.454582, 27.953190, 36.798592> 0.100000
	pigment { color rgbt <1,0,0,0> }
	no_shadow
}
sphere {
	0, 1
	scale<0.080000,0.200000,0.300000>
	matrix <0.256315, 0.965811, -0.038884,
		0.413993, -0.073340, 0.907320,
		0.873448, -0.248658, -0.418637,
		26.716618, 27.878593, 36.673000>
	pigment { color rgbt <0,1,1,0> }
	no_shadow
}
cylinder {
	<26.613403, 28.564346, 37.330959>,  <26.105204, 28.052652, 36.966045>, 0.130000
	pigment { color rgbt <1,0,0,0> }
	no_shadow
}

// nucleotide -1

// particle -1
sphere {
	<26.613403, 28.564346, 37.330959> 0.250000
	pigment { color rgbt <1,0,0,0> }
	no_shadow
}
cylinder {
	<26.812292, 28.430595, 37.010719>,  <26.931625, 28.350346, 36.818577>, 0.100000
	pigment { color rgbt <1,0,0,0> }
	no_shadow
}
cylinder {
	<26.812292, 28.430595, 37.010719>,  <26.613403, 28.564346, 37.330959>, 0.100000
	pigment { color rgbt <1,0,0,0> }
	no_shadow
}

// particle -1
sphere {
	<26.812292, 28.430595, 37.010719> 0.100000
	pigment { color rgbt <1,0,0,0> }
	no_shadow
}
sphere {
	0, 1
	scale<0.080000,0.200000,0.300000>
	matrix <0.491210, 0.869113, -0.057918,
		0.715179, -0.364465, 0.596392,
		0.497223, -0.334376, -0.800601,
		26.961458, 28.330282, 36.770538>
	pigment { color rgbt <0,1,1,0> }
	no_shadow
}
cylinder {
	<27.362619, 28.680937, 37.440079>,  <26.613403, 28.564346, 37.330959>, 0.130000
	pigment { color rgbt <1,0,0,0> }
	no_shadow
}

// nucleotide -1

// particle -1
sphere {
	<27.362619, 28.680937, 37.440079> 0.250000
	pigment { color rgbt <1,0,0,0> }
	no_shadow
}
cylinder {
	<27.276167, 28.686172, 37.049568>,  <27.224297, 28.689314, 36.815262>, 0.100000
	pigment { color rgbt <1,0,0,0> }
	no_shadow
}
cylinder {
	<27.276167, 28.686172, 37.049568>,  <27.362619, 28.680937, 37.440079>, 0.100000
	pigment { color rgbt <1,0,0,0> }
	no_shadow
}

// particle -1
sphere {
	<27.276167, 28.686172, 37.049568> 0.100000
	pigment { color rgbt <1,0,0,0> }
	no_shadow
}
sphere {
	0, 1
	scale<0.080000,0.200000,0.300000>
	matrix <0.466299, 0.879890, -0.091432,
