// switches for output
#declare DRAW_BASES = 1; // possible values are 0, 1; only relevant for DNA ribbons
#declare DRAW_BASES_TYPE = 3; // possible values are 1, 2, 3; only relevant for DNA ribbons
#declare DRAW_FOG = 0; // set to 1 to enable fog

#include "colors.inc"

#include "transforms.inc"
background { rgb <1, 1, 1>}

#default {
   normal{
       ripples 0.25
       frequency 0.20
       turbulence 0.2
       lambda 5
   }
	finish {
		phong 0.1
		phong_size 40.
	}
}

// original window dimensions: 1024x640


// camera settings

camera {
	sky <0, 0.179814, -0.983701>
	up <0, 0.179814, -0.983701>
	right 1.6 * <1, 0, 0>
	location <35, 94.9851, 44.8844>
	look_at <35, 29.7336, 32.9568>
	direction <0, -65.2515, -11.9276>
	angle 67.0682
}


# declare cpy_camera_pos = <35, 94.9851, 44.8844>;
# if (DRAW_FOG = 1)
fog {
	fog_type 2
	up vnormalize(cpy_camera_pos)
	color rgbt<1,1,1,0.3>
	distance 1e-5
	fog_alt 3e-3
	fog_offset 56
}
# end


// LIGHTS

# declare lum = 6;
global_settings {
	ambient_light rgb lum * <0.05, 0.05, 0.05>
	max_trace_level 15
}# declare cpy_direct_light_amount = 0.25;
light_source
{	1000 * <-1, -1.16352, -0.803886>,
	rgb lum * cpy_direct_light_amount
	parallel
}

light_source
{	1000 * <1, 1.16352, 0.803886>,
	rgb lum * cpy_direct_light_amount
	parallel
}

// strand 0

// nucleotide -1

// particle -1
sphere {
	<24.296417, 34.534294, 35.286392> 0.250000
	pigment { color rgbt <1,0,0,0> }
	no_shadow
}
cylinder {
	<24.265963, 34.869701, 35.070580>,  <24.247690, 35.070946, 34.941093>, 0.100000
	pigment { color rgbt <1,0,0,0> }
	no_shadow
}
cylinder {
	<24.265963, 34.869701, 35.070580>,  <24.296417, 34.534294, 35.286392>, 0.100000
	pigment { color rgbt <1,0,0,0> }
	no_shadow
}

// particle -1
sphere {
	<24.265963, 34.869701, 35.070580> 0.100000
	pigment { color rgbt <1,0,0,0> }
	no_shadow
}
sphere {
	0, 1
	scale<0.080000,0.200000,0.300000>
	matrix <0.642975, 0.454858, 0.616188,
		0.762093, -0.299991, -0.573776,
		-0.076136, 0.838516, -0.539531,
		24.243122, 35.121258, 34.908722>
	pigment { color rgbt <0,1,1,0> }
	no_shadow
}
cylinder {
	<25.020199, 34.683617, 35.043926>,  <24.296417, 34.534294, 35.286392>, 0.130000
	pigment { color rgbt <1,0,0,0> }
	no_shadow
}

// nucleotide -1

// particle -1
sphere {
	<25.020199, 34.683617, 35.043926> 0.250000
	pigment { color rgbt <1,0,0,0> }
	no_shadow
}
cylinder {
	<24.787064, 34.995037, 35.137012>,  <24.647182, 35.181889, 35.192863>, 0.100000
	pigment { color rgbt <1,0,0,0> }
	no_shadow
}
cylinder {
	<24.787064, 34.995037, 35.137012>,  <25.020199, 34.683617, 35.043926>, 0.100000
	pigment { color rgbt <1,0,0,0> }
	no_shadow
}

// particle -1
sphere {
	<24.787064, 34.995037, 35.137012> 0.100000
	pigment { color rgbt <1,0,0,0> }
	no_shadow
}
sphere {
	0, 1
	scale<0.080000,0.200000,0.300000>
	matrix <0.782862, 0.461247, 0.417586,
		0.217775, 0.425566, -0.878332,
		-0.582839, 0.778553, 0.232712,
		24.612211, 35.228603, 35.206825>
	pigment { color rgbt <0,1,1,0> }
	no_shadow
}
cylinder {
	<25.445267, 35.122265, 34.760632>,  <25.020199, 34.683617, 35.043926>, 0.130000
	pigment { color rgbt <1,0,0,0> }
	no_shadow
}

// nucleotide -1

// particle -1
sphere {
	<25.445267, 35.122265, 34.760632> 0.250000
	pigment { color rgbt <1,0,0,0> }
	no_shadow
}
cylinder {
	<25.217415, 35.298458, 35.038193>,  <25.080704, 35.404175, 35.204727>, 0.100000
	pigment { color rgbt <1,0,0,0> }
	no_shadow
}
cylinder {
	<25.217415, 35.298458, 35.038193>,  <25.445267, 35.122265, 34.760632>, 0.100000
	pigment { color rgbt <1,0,0,0> }
	no_shadow
}

// particle -1
sphere {
	<25.217415, 35.298458, 35.038193> 0.100000
	pigment { color rgbt <1,0,0,0> }
	no_shadow
}
sphere {
	0, 1
	scale<0.080000,0.200000,0.300000>
	matrix <0.815270, 0.409858, 0.409086,
		-0.104203, 0.798742, -0.592582,
		-0.569628, 0.440487, 0.693899,
		25.046526, 35.430603, 35.246361>
	pigment { color rgbt <0,1,1,0> }
	no_shadow
}
cylinder {
	<26.012905, 35.092533, 35.375740>,  <25.445267, 35.122265, 34.760632>, 0.130000
	pigment { color rgbt <1,0,0,0> }
	no_shadow
}

// nucleotide -1

// particle -1
sphere {
	<26.012905, 35.092533, 35.375740> 0.250000
	pigment { color rgbt <1,0,0,0> }
	no_shadow
}
cylinder {
	<26.411366, 35.062122, 35.393188>,  <26.650442, 35.043877, 35.403656>, 0.100000
	pigment { color rgbt <1,0,0,0> }
	no_shadow
}
cylinder {
	<26.411366, 35.062122, 35.393188>,  <26.012905, 35.092533, 35.375740>, 0.100000
	pigment { color rgbt <1,0,0,0> }
	no_shadow
}

// particle -1
sphere {
	<26.411366, 35.062122, 35.393188> 0.100000
	pigment { color rgbt <1,0,0,0> }
	no_shadow
}
sphere {
	0, 1
	scale<0.080000,0.200000,0.300000>
	matrix <-0.087450, -0.828427, 0.553227,
		-0.005925, -0.554913, -0.831887,
		0.996151, -0.076026, 0.043619,
		26.710211, 35.039314, 35.406273>
	pigment { color rgbt <0,1,1,0> }
	no_shadow
}
cylinder {
	<26.203861, 34.449265, 35.151203>,  <26.012905, 35.092533, 35.375740>, 0.130000
	pigment { color rgbt <1,0,0,0> }
	no_shadow
}

// nucleotide -1

// particle -1
sphere {
	<26.203861, 34.449265, 35.151203> 0.250000
	pigment { color rgbt <1,0,0,0> }
	no_shadow
}
cylinder {
	<26.490679, 34.572922, 35.401093>,  <26.662769, 34.647114, 35.551025>, 0.100000
	pigment { color rgbt <1,0,0,0> }
	no_shadow
}
cylinder {
	<26.490679, 34.572922, 35.401093>,  <26.203861, 34.449265, 35.151203>, 0.100000
	pigment { color rgbt <1,0,0,0> }
	no_shadow
}

// particle -1
sphere {
	<26.490679, 34.572922, 35.401093> 0.100000
	pigment { color rgbt <1,0,0,0> }
	no_shadow
}
sphere {
	0, 1
	scale<0.080000,0.200000,0.300000>
	matrix <-0.045873, -0.873397, 0.484844,
		0.695519, -0.376311, -0.612081,
		0.717042, 0.309140, 0.624727,
		26.705791, 34.665665, 35.588509>
	pigment { color rgbt <0,1,1,0> }
	no_shadow
}
cylinder {
	<26.668161, 33.895695, 35.210537>,  <26.203861, 34.449265, 35.151203>, 0.130000
	pigment { color rgbt <1,0,0,0> }
	no_shadow
}

// nucleotide -1

// particle -1
sphere {
	<26.668161, 33.895695, 35.210537> 0.250000
	pigment { color rgbt <1,0,0,0> }
	no_shadow
}
cylinder {
	<26.718718, 34.114590, 35.541489>,  <26.749052, 34.245926, 35.740059>, 0.100000
	pigment { color rgbt <1,0,0,0> }
	no_shadow
}
cylinder {
	<26.718718, 34.114590, 35.541489>,  <26.668161, 33.895695, 35.210537>, 0.100000
	pigment { color rgbt <1,0,0,0> }
	no_shadow
}

// particle -1
sphere {
	<26.718718, 34.114590, 35.541489> 0.100000
	pigment { color rgbt <1,0,0,0> }
	no_shadow
}
sphere {
	0, 1
	scale<0.080000,0.200000,0.300000>
	matrix <-0.101853, -0.822504, 0.559566,
		0.986738, -0.154995, -0.048219,
		0.126390, 0.547234, 0.827382,
		26.756634, 34.278759, 35.789703>
	pigment { color rgbt <0,1,1,0> }
	no_shadow
}
cylinder {
	<27.226061, 33.633324, 35.604458>,  <26.668161, 33.895695, 35.210537>, 0.130000
	pigment { color rgbt <1,0,0,0> }
	no_shadow
}

// nucleotide -1

// particle -1
sphere {
	<27.226061, 33.633324, 35.604458> 0.250000
	pigment { color rgbt <1,0,0,0> }
	no_shadow
}
cylinder {
	<27.002073, 33.833561, 35.868530>,  <26.867680, 33.953701, 36.026974>, 0.100000
	pigment { color rgbt <1,0,0,0> }
	no_shadow
}
cylinder {
	<27.002073, 33.833561, 35.868530>,  <27.226061, 33.633324, 35.604458>, 0.100000
	pigment { color rgbt <1,0,0,0> }
	no_shadow
}

// particle -1
sphere {
	<27.002073, 33.833561, 35.868530> 0.100000
	pigment { color rgbt <1,0,0,0> }
	no_shadow
}
sphere {
	0, 1
	scale<0.080000,0.200000,0.300000>
	matrix <-0.009046, -0.800477, 0.599295,
		0.828463, 0.329615, 0.452772,
		-0.559970, 0.500590, 0.660184,
		26.834082, 33.983738, 36.066586>
	pigment { color rgbt <0,1,1,0> }
	no_shadow
}
cylinder {
	<27.495493, 33.408089, 36.251694>,  <27.226061, 33.633324, 35.604458>, 0.130000
	pigment { color rgbt <1,0,0,0> }
	no_shadow
}

// nucleotide -1

// particle -1
sphere {
	<27.495493, 33.408089, 36.251694> 0.250000
	pigment { color rgbt <1,0,0,0> }
	no_shadow
}
cylinder {
	<27.143167, 33.568756, 36.351959>,  <26.931772, 33.665157, 36.412117>, 0.100000
	pigment { color rgbt <1,0,0,0> }
	no_shadow
}
cylinder {
	<27.143167, 33.568756, 36.351959>,  <27.495493, 33.408089, 36.251694>, 0.100000
	pigment { color rgbt <1,0,0,0> }
	no_shadow
}

// particle -1
sphere {
	<27.143167, 33.568756, 36.351959> 0.100000
	pigment { color rgbt <1,0,0,0> }
	no_shadow
}
sphere {
	0, 1
	scale<0.080000,0.200000,0.300000>
	matrix <-0.242324, -0.837270, 0.490162,
		0.406752, 0.371000, 0.834812,
		-0.880813, 0.401669, 0.250659,
		26.878923, 33.689259, 36.427158>
	pigment { color rgbt <0,1,1,0> }
	no_shadow
}
cylinder {
	<27.462606, 33.381302, 36.976467>,  <27.495493, 33.408089, 36.251694>, 0.130000
	pigment { color rgbt <1,0,0,0> }
	no_shadow
}

// nucleotide -1

// particle -1
sphere {
	<27.462606, 33.381302, 36.976467> 0.250000
	pigment { color rgbt <1,0,0,0> }
	no_shadow
}
cylinder {
	<27.082518, 33.428028, 36.860931>,  <26.854464, 33.456062, 36.791611>, 0.100000
	pigment { color rgbt <1,0,0,0> }
	no_shadow
}
cylinder {
	<27.082518, 33.428028, 36.860931>,  <27.462606, 33.381302, 36.976467>, 0.100000
	pigment { color rgbt <1,0,0,0> }
	no_shadow
}

// particle -1
sphere {
	<27.082518, 33.428028, 36.860931> 0.100000
	pigment { color rgbt <1,0,0,0> }
	no_shadow
}
sphere {
	0, 1
	scale<0.080000,0.200000,0.300000>
	matrix <-0.265695, -0.788007, 0.555384,
		-0.162731, 0.604483, 0.779820,
		-0.950224, 0.116816, -0.288841,
		26.797451, 33.463074, 36.774281>
	pigment { color rgbt <0,1,1,0> }
	no_shadow
}
cylinder {
	<27.097601, 33.338509, 37.606441>,  <27.462606, 33.381302, 36.976467>, 0.130000
	pigment { color rgbt <1,0,0,0> }
	no_shadow
}

// nucleotide -1

// particle -1
sphere {
	<27.097601, 33.338509, 37.606441> 0.250000
	pigment { color rgbt <1,0,0,0> }
	no_shadow
}
cylinder {
	<26.823650, 33.236412, 37.333447>,  <26.659279, 33.175152, 37.169647>, 0.100000
	pigment { color rgbt <1,0,0,0> }
	no_shadow
}
cylinder {
	<26.823650, 33.236412, 37.333447>,  <27.097601, 33.338509, 37.606441>, 0.100000
	pigment { color rgbt <1,0,0,0> }
	no_shadow
}

// particle -1
sphere {
	<26.823650, 33.236412, 37.333447> 0.100000
	pigment { color rgbt <1,0,0,0> }
	no_shadow
}
sphere {
	0, 1
	scale<0.080000,0.200000,0.300000>
	matrix <-0.209166, -0.828353, 0.519693,
		-0.697991, 0.498680, 0.513933,
		-0.684878, -0.255244, -0.682490,
		26.618187, 33.159840, 37.128700>
	pigment { color rgbt <0,1,1,0> }
	no_shadow
}
cylinder {
	<26.574928, 33.067944, 38.031326>,  <27.097601, 33.338509, 37.606441>, 0.130000
	pigment { color rgbt <1,0,0,0> }
	no_shadow
}

// nucleotide -1

// particle -1
sphere {
	<26.574928, 33.067944, 38.031326> 0.250000
	pigment { color rgbt <1,0,0,0> }
	no_shadow
}
cylinder {
	<26.495911, 32.948021, 37.657997>,  <26.448500, 32.876068, 37.433998>, 0.100000
	pigment { color rgbt <1,0,0,0> }
	no_shadow
}
cylinder {
	<26.495911, 32.948021, 37.657997>,  <26.574928, 33.067944, 38.031326>, 0.100000
	pigment { color rgbt <1,0,0,0> }
	no_shadow
}

// particle -1
sphere {
	<26.495911, 32.948021, 37.657997> 0.100000
	pigment { color rgbt <1,0,0,0> }
	no_shadow
}
sphere {
	0, 1
	scale<0.080000,0.200000,0.300000>
	matrix <-0.489344, -0.794822, 0.358887,
		-0.849422, 0.527613, 0.010308,
		-0.197546, -0.299802, -0.933324,
		26.436647, 32.858082, 37.377998>
	pigment { color rgbt <0,1,1,0> }
	no_shadow
}
cylinder {
	<25.859110, 32.760227, 38.094437>,  <26.574928, 33.067944, 38.031326>, 0.130000
	pigment { color rgbt <1,0,0,0> }
	no_shadow
}

// nucleotide -1

// particle -1
sphere {
	<25.859110, 32.760227, 38.094437> 0.250000
	pigment { color rgbt <1,0,0,0> }
	no_shadow
}
cylinder {
	<26.019976, 32.607441, 37.761604>,  <26.116495, 32.515770, 37.561905>, 0.100000
	pigment { color rgbt <1,0,0,0> }
	no_shadow
}
cylinder {
	<26.019976, 32.607441, 37.761604>,  <25.859110, 32.760227, 38.094437>, 0.100000
	pigment { color rgbt <1,0,0,0> }
	no_shadow
}

// particle -1
sphere {
	<26.019976, 32.607441, 37.761604> 0.100000
	pigment { color rgbt <1,0,0,0> }
	no_shadow
}
sphere {
	0, 1
	scale<0.080000,0.200000,0.300000>
	matrix <-0.263424, -0.918662, 0.294394,
		-0.876853, 0.100796, -0.470073,
		0.402165, -0.381969, -0.832083,
		26.140625, 32.492851, 37.511978>
	pigment { color rgbt <0,1,1,0> }
	no_shadow
}
cylinder {
	<25.457104, 32.193268, 38.051121>,  <25.859110, 32.760227, 38.094437>, 0.130000
	pigment { color rgbt <1,0,0,0> }
	no_shadow
}

// nucleotide -1

// particle -1
sphere {
	<25.457104, 32.193268, 38.051121> 0.250000
	pigment { color rgbt <1,0,0,0> }
	no_shadow
}
cylinder {
	<25.764246, 32.126411, 37.803749>,  <25.948532, 32.086296, 37.655327>, 0.100000
	pigment { color rgbt <1,0,0,0> }
	no_shadow
}
cylinder {
	<25.764246, 32.126411, 37.803749>,  <25.457104, 32.193268, 38.051121>, 0.100000
	pigment { color rgbt <1,0,0,0> }
	no_shadow
}

// particle -1
sphere {
	<25.764246, 32.126411, 37.803749> 0.100000
	pigment { color rgbt <1,0,0,0> }
	no_shadow
}
sphere {
	0, 1
	scale<0.080000,0.200000,0.300000>
	matrix <-0.019697, -0.971067, 0.237992,
		-0.640317, -0.170563, -0.748934,
		0.767858, -0.167142, -0.618432,
		25.994604, 32.076267, 37.618221>
	pigment { color rgbt <0,1,1,0> }
	no_shadow
}
cylinder {
	<25.219326, 31.734632, 37.439945>,  <25.457104, 32.193268, 38.051121>, 0.130000
	pigment { color rgbt <1,0,0,0> }
	no_shadow
}

// nucleotide -1

// particle -1
sphere {
	<25.219326, 31.734632, 37.439945> 0.250000
	pigment { color rgbt <1,0,0,0> }
	no_shadow
}
cylinder {
	<25.614042, 31.714706, 37.501610>,  <25.850872, 31.702751, 37.538609>, 0.100000
	pigment { color rgbt <1,0,0,0> }
	no_shadow
}
cylinder {
	<25.614042, 31.714706, 37.501610>,  <25.219326, 31.734632, 37.439945>, 0.100000
	pigment { color rgbt <1,0,0,0> }
	no_shadow
}

// particle -1
sphere {
	<25.614042, 31.714706, 37.501610> 0.100000
	pigment { color rgbt <1,0,0,0> }
	no_shadow
}
sphere {
	0, 1
	scale<0.080000,0.200000,0.300000>
	matrix <-0.071248, -0.988034, 0.136792,
		0.145504, -0.145969, -0.978530,
		0.986789, -0.049815, 0.154163,
		25.910078, 31.699762, 37.547859>
	pigment { color rgbt <0,1,1,0> }
	no_shadow
}
cylinder {
	<25.478043, 31.199371, 37.063675>,  <25.219326, 31.734632, 37.439945>, 0.130000
	pigment { color rgbt <1,0,0,0> }
	no_shadow
}

// nucleotide -1

// particle -1
sphere {
	<25.478043, 31.199371, 37.063675> 0.250000
	pigment { color rgbt <1,0,0,0> }
	no_shadow
}
cylinder {
	<25.766672, 31.246309, 37.336605>,  <25.939850, 31.274473, 37.500362>, 0.100000
	pigment { color rgbt <1,0,0,0> }
	no_shadow
}
cylinder {
	<25.766672, 31.246309, 37.336605>,  <25.478043, 31.199371, 37.063675>, 0.100000
	pigment { color rgbt <1,0,0,0> }
	no_shadow
}

// particle -1
sphere {
	<25.766672, 31.246309, 37.336605> 0.100000
	pigment { color rgbt <1,0,0,0> }
	no_shadow
}
sphere {
	0, 1
	scale<0.080000,0.200000,0.300000>
	matrix <0.068927, -0.992811, 0.097853,
		0.688899, -0.023577, -0.724474,
		0.721573, 0.117347, 0.682321,
		25.983145, 31.281513, 37.541302>
	pigment { color rgbt <0,1,1,0> }
	no_shadow
}
cylinder {
	<25.906431, 30.578180, 37.142742>,  <25.478043, 31.199371, 37.063675>, 0.130000
	pigment { color rgbt <1,0,0,0> }
	no_shadow
}

// nucleotide -1

// particle -1
sphere {
	<25.906431, 30.578180, 37.142742> 0.250000
	pigment { color rgbt <1,0,0,0> }
	no_shadow
}
cylinder {
	<26.003050, 30.747824, 37.491863>,  <26.061020, 30.849609, 37.701336>, 0.100000
	pigment { color rgbt <1,0,0,0> }
	no_shadow
}
cylinder {
	<26.003050, 30.747824, 37.491863>,  <25.906431, 30.578180, 37.142742>, 0.100000
	pigment { color rgbt <1,0,0,0> }
	no_shadow
}

// particle -1
sphere {
	<26.003050, 30.747824, 37.491863> 0.100000
	pigment { color rgbt <1,0,0,0> }
	no_shadow
}
sphere {
	0, 1
	scale<0.080000,0.200000,0.300000>
	matrix <0.164754, -0.904302, 0.393820,
		0.956301, 0.048672, -0.288304,
		0.241545, 0.424110, 0.872804,
		26.075514, 30.875057, 37.753704>
	pigment { color rgbt <0,1,1,0> }
	no_shadow
}
cylinder {
	<26.524300, 30.237623, 37.357380>,  <25.906431, 30.578180, 37.142742>, 0.130000
	pigment { color rgbt <1,0,0,0> }
	no_shadow
}

// nucleotide -1

// particle -1
sphere {
	<26.524300, 30.237623, 37.357380> 0.250000
	pigment { color rgbt <1,0,0,0> }
	no_shadow
}
cylinder {
	<26.411123, 30.431463, 37.688465>,  <26.343218, 30.547768, 37.887115>, 0.100000
	pigment { color rgbt <1,0,0,0> }
	no_shadow
}
cylinder {
	<26.411123, 30.431463, 37.688465>,  <26.524300, 30.237623, 37.357380>, 0.100000
	pigment { color rgbt <1,0,0,0> }
	no_shadow
}

// particle -1
sphere {
	<26.411123, 30.431463, 37.688465> 0.100000
	pigment { color rgbt <1,0,0,0> }
	no_shadow
}
sphere {
	0, 1
	scale<0.080000,0.200000,0.300000>
	matrix <0.311927, -0.769572, 0.557190,
		0.906998, 0.415838, 0.066583,
		-0.282941, 0.484601, 0.827711,
		26.326241, 30.576843, 37.936779>
	pigment { color rgbt <0,1,1,0> }
	no_shadow
}
cylinder {
	<27.023146, 30.174871, 37.949696>,  <26.524300, 30.237623, 37.357380>, 0.130000
	pigment { color rgbt <1,0,0,0> }
	no_shadow
}

// nucleotide -1

// particle -1
sphere {
	<27.023146, 30.174871, 37.949696> 0.250000
	pigment { color rgbt <1,0,0,0> }
	no_shadow
}
cylinder {
	<26.684149, 30.270769, 38.139130>,  <26.480751, 30.328308, 38.252789>, 0.100000
	pigment { color rgbt <1,0,0,0> }
	no_shadow
}
cylinder {
	<26.684149, 30.270769, 38.139130>,  <27.023146, 30.174871, 37.949696>, 0.100000
	pigment { color rgbt <1,0,0,0> }
	no_shadow
}

// particle -1
sphere {
	<26.684149, 30.270769, 38.139130> 0.100000
	pigment { color rgbt <1,0,0,0> }
	no_shadow
}
sphere {
	0, 1
	scale<0.080000,0.200000,0.300000>
	matrix <0.126662, -0.775079, 0.619040,
		0.515477, 0.584615, 0.626505,
		-0.847491, 0.239746, 0.473583,
		26.429901, 30.342693, 38.281204>
	pigment { color rgbt <0,1,1,0> }
	no_shadow
}
cylinder {
	<27.218840, 30.102827, 38.587791>,  <27.023146, 30.174871, 37.949696>, 0.130000
	pigment { color rgbt <1,0,0,0> }
	no_shadow
}

// nucleotide -1

// particle -1
sphere {
	<27.218840, 30.102827, 38.587791> 0.250000
	pigment { color rgbt <1,0,0,0> }
	no_shadow
}
cylinder {
	<26.819231, 30.085852, 38.582851>,  <26.579466, 30.075666, 38.579887>, 0.100000
	pigment { color rgbt <1,0,0,0> }
	no_shadow
}
cylinder {
	<26.819231, 30.085852, 38.582851>,  <27.218840, 30.102827, 38.587791>, 0.100000
	pigment { color rgbt <1,0,0,0> }
	no_shadow
}

// particle -1
sphere {
	<26.819231, 30.085852, 38.582851> 0.100000
	pigment { color rgbt <1,0,0,0> }
	no_shadow
}
sphere {
	0, 1
	scale<0.080000,0.200000,0.300000>
	matrix <0.029209, -0.843592, 0.536190,
		-0.033169, 0.535305, 0.844007,
		-0.999023, -0.042437, -0.012346,
		26.519524, 30.073120, 38.579147>
	pigment { color rgbt <0,1,1,0> }
	no_shadow
}
cylinder {
	<27.247477, 29.925142, 39.196880>,  <27.218840, 30.102827, 38.587791>, 0.130000
	pigment { color rgbt <1,0,0,0> }
	no_shadow
}

// nucleotide -1

// particle -1
sphere {
	<27.247477, 29.925142, 39.196880> 0.250000
	pigment { color rgbt <1,0,0,0> }
	no_shadow
}
cylinder {
	<26.874552, 29.840666, 39.079445>,  <26.650797, 29.789980, 39.008984>, 0.100000
	pigment { color rgbt <1,0,0,0> }
	no_shadow
}
cylinder {
	<26.874552, 29.840666, 39.079445>,  <27.247477, 29.925142, 39.196880>, 0.100000
	pigment { color rgbt <1,0,0,0> }
	no_shadow
}

// particle -1
sphere {
	<26.874552, 29.840666, 39.079445> 0.100000
	pigment { color rgbt <1,0,0,0> }
	no_shadow
}
sphere {
	0, 1
	scale<0.080000,0.200000,0.300000>
	matrix <0.020207, -0.840937, 0.540756,
		-0.361089, 0.498221, 0.788284,
		-0.932312, -0.211189, -0.293586,
		26.594858, 29.777309, 38.991367>
	pigment { color rgbt <0,1,1,0> }
	no_shadow
}
cylinder {
	<26.765938, 29.769575, 39.866116>,  <27.247477, 29.925142, 39.196880>, 0.130000
	pigment { color rgbt <1,0,0,0> }
	no_shadow
}

// nucleotide -1

// particle -1
sphere {
	<26.765938, 29.769575, 39.866116> 0.250000
	pigment { color rgbt <1,0,0,0> }
	no_shadow
}
cylinder {
	<26.594280, 29.615376, 39.539379>,  <26.491285, 29.522856, 39.343338>, 0.100000
	pigment { color rgbt <1,0,0,0> }
	no_shadow
}
cylinder {
	<26.594280, 29.615376, 39.539379>,  <26.765938, 29.769575, 39.866116>, 0.100000
	pigment { color rgbt <1,0,0,0> }
	no_shadow
}

// particle -1
sphere {
	<26.594280, 29.615376, 39.539379> 0.100000
	pigment { color rgbt <1,0,0,0> }
	no_shadow
}
sphere {
	0, 1
	scale<0.080000,0.200000,0.300000>
	matrix <-0.071825, -0.886920, 0.456305,
		-0.900376, 0.254490, 0.352928,
		-0.429144, -0.385497, -0.816840,
		26.465538, 29.499727, 39.294327>
	pigment { color rgbt <0,1,1,0> }
	no_shadow
}
cylinder {
	<26.219213, 29.360632, 40.072239>,  <26.765938, 29.769575, 39.866116>, 0.130000
	pigment { color rgbt <1,0,0,0> }
	no_shadow
}

// nucleotide -1

// particle -1
sphere {
	<26.219213, 29.360632, 40.072239> 0.250000
	pigment { color rgbt <1,0,0,0> }
	no_shadow
}
cylinder {
	<26.340389, 29.208948, 39.722511>,  <26.413095, 29.117939, 39.512676>, 0.100000
	pigment { color rgbt <1,0,0,0> }
	no_shadow
}
cylinder {
	<26.340389, 29.208948, 39.722511>,  <26.219213, 29.360632, 40.072239>, 0.100000
	pigment { color rgbt <1,0,0,0> }
	no_shadow
}

// particle -1
sphere {
	<26.340389, 29.208948, 39.722511> 0.100000
	pigment { color rgbt <1,0,0,0> }
	no_shadow
}
sphere {
	0, 1
	scale<0.080000,0.200000,0.300000>
	matrix <-0.173599, -0.924035, 0.340622,
		-0.937066, 0.048594, -0.345755,
		0.302938, -0.379208, -0.874317,
		26.431273, 29.095186, 39.460217>
	pigment { color rgbt <0,1,1,0> }
	no_shadow
}
cylinder {
	<25.696426, 28.909737, 39.917454>,  <26.219213, 29.360632, 40.072239>, 0.130000
	pigment { color rgbt <1,0,0,0> }
	no_shadow
}

// nucleotide -1

// particle -1
sphere {
	<25.696426, 28.909737, 39.917454> 0.250000
	pigment { color rgbt <1,0,0,0> }
	no_shadow
}
cylinder {
	<26.009125, 28.802465, 39.692261>,  <26.196745, 28.738104, 39.557144>, 0.100000
	pigment { color rgbt <1,0,0,0> }
	no_shadow
}
cylinder {
	<26.009125, 28.802465, 39.692261>,  <25.696426, 28.909737, 39.917454>, 0.100000
	pigment { color rgbt <1,0,0,0> }
	no_shadow
}

// particle -1
sphere {
	<26.009125, 28.802465, 39.692261> 0.100000
	pigment { color rgbt <1,0,0,0> }
	no_shadow
}
sphere {
	0, 1
	scale<0.080000,0.200000,0.300000>
	matrix <-0.248998, -0.961951, 0.112470,
		-0.571725, 0.052258, -0.818779,
		0.781748, -0.268176, -0.562984,
		26.243649, 28.722012, 39.523365>
	pigment { color rgbt <0,1,1,0> }
	no_shadow
}
cylinder {
	<25.509956, 28.297918, 39.540909>,  <25.696426, 28.909737, 39.917454>, 0.130000
	pigment { color rgbt <1,0,0,0> }
	no_shadow
}

// nucleotide -1

// particle -1
sphere {
	<25.509956, 28.297918, 39.540909> 0.250000
	pigment { color rgbt <1,0,0,0> }
	no_shadow
}
cylinder {
	<25.907787, 28.283518, 39.501884>,  <26.146486, 28.274878, 39.478470>, 0.100000
	pigment { color rgbt <1,0,0,0> }
	no_shadow
}
cylinder {
	<25.907787, 28.283518, 39.501884>,  <25.509956, 28.297918, 39.540909>, 0.100000
	pigment { color rgbt <1,0,0,0> }
	no_shadow
}

// particle -1
sphere {
	<25.907787, 28.283518, 39.501884> 0.100000
	pigment { color rgbt <1,0,0,0> }
	no_shadow
}
sphere {
	0, 1
	scale<0.080000,0.200000,0.300000>
	matrix <-0.029985, -0.997597, 0.062462,
		-0.099575, -0.059198, -0.993268,
		0.994578, -0.036002, -0.097560,
		26.206161, 28.272717, 39.472618>
	pigment { color rgbt <0,1,1,0> }
	no_shadow
}
cylinder {
	<25.662519, 27.753965, 39.041050>,  <25.509956, 28.297918, 39.540909>, 0.130000
	pigment { color rgbt <1,0,0,0> }
	no_shadow
}

// nucleotide -1

// particle -1
sphere {
	<25.662519, 27.753965, 39.041050> 0.250000
	pigment { color rgbt <1,0,0,0> }
	no_shadow
}
cylinder {
	<26.025135, 27.797611, 39.204159>,  <26.242704, 27.823799, 39.302025>, 0.100000
	pigment { color rgbt <1,0,0,0> }
	no_shadow
}
cylinder {
	<26.025135, 27.797611, 39.204159>,  <25.662519, 27.753965, 39.041050>, 0.100000
	pigment { color rgbt <1,0,0,0> }
	no_shadow
}

// particle -1
sphere {
	<26.025135, 27.797611, 39.204159> 0.100000
	pigment { color rgbt <1,0,0,0> }
	no_shadow
}
sphere {
	0, 1
	scale<0.080000,0.200000,0.300000>
	matrix <0.120616, -0.992696, -0.002519,
		0.404522, 0.051468, -0.913079,
		0.906540, 0.109113, 0.407775,
		26.297096, 27.830345, 39.326492>
	pigment { color rgbt <0,1,1,0> }
	no_shadow
}
cylinder {
	<26.213306, 27.293869, 38.682644>,  <25.662519, 27.753965, 39.041050>, 0.130000
	pigment { color rgbt <1,0,0,0> }
	no_shadow
}

// nucleotide -1

// particle -1
sphere {
	<26.213306, 27.293869, 38.682644> 0.250000
	pigment { color rgbt <1,0,0,0> }
	no_shadow
}
cylinder {
	<26.246706, 27.315004, 39.080685>,  <26.266745, 27.327686, 39.319511>, 0.100000
	pigment { color rgbt <1,0,0,0> }
	no_shadow
}
cylinder {
	<26.246706, 27.315004, 39.080685>,  <26.213306, 27.293869, 38.682644>, 0.100000
	pigment { color rgbt <1,0,0,0> }
	no_shadow
}

// particle -1
sphere {
	<26.246706, 27.315004, 39.080685> 0.100000
	pigment { color rgbt <1,0,0,0> }
	no_shadow
}
sphere {
	0, 1
	scale<0.080000,0.200000,0.300000>
	matrix <0.196219, -0.979915, 0.035569,
		0.976999, 0.192289, -0.092188,
		0.083497, 0.052840, 0.995106,
		26.271755, 27.330856, 39.379215>
	pigment { color rgbt <0,1,1,0> }
	no_shadow
}
cylinder {
	<26.624538, 26.792349, 38.854420>,  <26.213306, 27.293869, 38.682644>, 0.130000
	pigment { color rgbt <1,0,0,0> }
	no_shadow
}

// nucleotide -1

// particle -1
sphere {
	<26.624538, 26.792349, 38.854420> 0.250000
	pigment { color rgbt <1,0,0,0> }
	no_shadow
}
cylinder {
	<26.433977, 26.876945, 39.195786>,  <26.319641, 26.927704, 39.400604>, 0.100000
	pigment { color rgbt <1,0,0,0> }
	no_shadow
}
cylinder {
	<26.433977, 26.876945, 39.195786>,  <26.624538, 26.792349, 38.854420>, 0.100000
	pigment { color rgbt <1,0,0,0> }
	no_shadow
}

// particle -1
sphere {
	<26.433977, 26.876945, 39.195786> 0.100000
	pigment { color rgbt <1,0,0,0> }
	no_shadow
}
sphere {
	0, 1
	scale<0.080000,0.200000,0.300000>
	matrix <0.092880, -0.953102, 0.288046,
		0.874307, 0.216491, 0.434418,
		-0.476404, 0.211492, 0.853411,
		26.291056, 26.940393, 39.451809>
	pigment { color rgbt <0,1,1,0> }
	no_shadow
}
cylinder {
	<26.950949, 26.563560, 39.562809>,  <26.624538, 26.792349, 38.854420>, 0.130000
	pigment { color rgbt <1,0,0,0> }
	no_shadow
}

// nucleotide -1

// particle -1
sphere {
	<26.950949, 26.563560, 39.562809> 0.250000
	pigment { color rgbt <1,0,0,0> }
	no_shadow
}
cylinder {
	<26.553036, 26.549538, 39.601128>,  <26.314287, 26.541124, 39.624119>, 0.100000
	pigment { color rgbt <1,0,0,0> }
	no_shadow
}
cylinder {
	<26.553036, 26.549538, 39.601128>,  <26.950949, 26.563560, 39.562809>, 0.100000
	pigment { color rgbt <1,0,0,0> }
	no_shadow
}

// particle -1
sphere {
	<26.553036, 26.549538, 39.601128> 0.100000
	pigment { color rgbt <1,0,0,0> }
	no_shadow
}
sphere {
	0, 1
	scale<0.080000,0.200000,0.300000>
	matrix <0.053631, -0.978567, 0.198822,
		0.086775, 0.202922, 0.975342,
		-0.994783, -0.035055, 0.095798,
		26.254601, 26.539021, 39.629868>
	pigment { color rgbt <0,1,1,0> }
	no_shadow
}
cylinder {
	<27.418692, 27.081856, 39.237633>,  <26.950949, 26.563560, 39.562809>, 0.130000
	pigment { color rgbt <1,0,0,0> }
	no_shadow
}

// nucleotide -1

// particle -1
sphere {
	<27.418692, 27.081856, 39.237633> 0.250000
	pigment { color rgbt <1,0,0,0> }
	no_shadow
}
cylinder {
	<27.547138, 26.709455, 39.168213>,  <27.624207, 26.486015, 39.126560>, 0.100000
	pigment { color rgbt <1,0,0,0> }
	no_shadow
}
cylinder {
	<27.547138, 26.709455, 39.168213>,  <27.418692, 27.081856, 39.237633>, 0.100000
	pigment { color rgbt <1,0,0,0> }
	no_shadow
}

// particle -1
sphere {
	<27.547138, 26.709455, 39.168213> 0.100000
	pigment { color rgbt <1,0,0,0> }
	no_shadow
}
sphere {
	0, 1
	scale<0.080000,0.200000,0.300000>
	matrix <0.152834, 0.231793, -0.960684,
		0.934626, 0.281969, 0.216722,
		0.321117, -0.931002, -0.173545,
		27.643473, 26.430155, 39.116150>
	pigment { color rgbt <0,1,1,0> }
	no_shadow
}
cylinder {
	<28.093481, 27.176249, 38.883152>,  <27.418692, 27.081856, 39.237633>, 0.130000
	pigment { color rgbt <1,0,0,0> }
	no_shadow
}

// nucleotide -1

// particle -1
sphere {
	<28.093481, 27.176249, 38.883152> 0.250000
	pigment { color rgbt <1,0,0,0> }
	no_shadow
}
cylinder {
	<27.905743, 26.836109, 38.787971>,  <27.793098, 26.632025, 38.730865>, 0.100000
	pigment { color rgbt <1,0,0,0> }
	no_shadow
}
cylinder {
	<27.905743, 26.836109, 38.787971>,  <28.093481, 27.176249, 38.883152>, 0.100000
	pigment { color rgbt <1,0,0,0> }
	no_shadow
}

// particle -1
sphere {
	<27.905743, 26.836109, 38.787971> 0.100000
	pigment { color rgbt <1,0,0,0> }
	no_shadow
}
sphere {
	0, 1
	scale<0.080000,0.200000,0.300000>
	matrix <0.327488, 0.082626, -0.941236,
		0.820040, -0.519692, 0.239699,
		-0.469347, -0.850349, -0.237949,
		27.764938, 26.581005, 38.716587>
	pigment { color rgbt <0,1,1,0> }
	no_shadow
}
cylinder {
	<28.532560, 26.716473, 38.380360>,  <28.093481, 27.176249, 38.883152>, 0.130000
	pigment { color rgbt <1,0,0,0> }
	no_shadow
}

// nucleotide -1

// particle -1
sphere {
	<28.532560, 26.716473, 38.380360> 0.250000
	pigment { color rgbt <1,0,0,0> }
	no_shadow
}
cylinder {
	<28.141859, 26.641005, 38.339653>,  <27.907438, 26.595724, 38.315228>, 0.100000
	pigment { color rgbt <1,0,0,0> }
	no_shadow
}
cylinder {
	<28.141859, 26.641005, 38.339653>,  <28.532560, 26.716473, 38.380360>, 0.100000
	pigment { color rgbt <1,0,0,0> }
	no_shadow
}

// particle -1
sphere {
	<28.141859, 26.641005, 38.339653> 0.100000
	pigment { color rgbt <1,0,0,0> }
	no_shadow
}
sphere {
	0, 1
	scale<0.080000,0.200000,0.300000>
	matrix <0.099290, 0.022557, -0.994803,
		0.189989, -0.981781, -0.003300,
		-0.976753, -0.188674, -0.101766,
		27.848833, 26.584402, 38.309124>
	pigment { color rgbt <0,1,1,0> }
	no_shadow
}
cylinder {
	<28.377199, 26.166546, 37.932198>,  <28.532560, 26.716473, 38.380360>, 0.130000
	pigment { color rgbt <1,0,0,0> }
	no_shadow
}

// nucleotide -1

// particle -1
sphere {
	<28.377199, 26.166546, 37.932198> 0.250000
	pigment { color rgbt <1,0,0,0> }
	no_shadow
}
cylinder {
	<28.058716, 26.407820, 37.913368>,  <27.867626, 26.552584, 37.902073>, 0.100000
	pigment { color rgbt <1,0,0,0> }
	no_shadow
}
cylinder {
	<28.058716, 26.407820, 37.913368>,  <28.377199, 26.166546, 37.932198>, 0.100000
	pigment { color rgbt <1,0,0,0> }
	no_shadow
}

// particle -1
sphere {
	<28.058716, 26.407820, 37.913368> 0.100000
	pigment { color rgbt <1,0,0,0> }
	no_shadow
}
sphere {
	0, 1
	scale<0.080000,0.200000,0.300000>
	matrix <0.019755, -0.051840, -0.998460,
		-0.604697, -0.795914, 0.029359,
		-0.796210, 0.603186, -0.047071,
		27.819853, 26.588776, 37.899246>
	pigment { color rgbt <0,1,1,0> }
	no_shadow
}
cylinder {
	<27.896639, 25.797489, 37.480549>,  <28.377199, 26.166546, 37.932198>, 0.130000
	pigment { color rgbt <1,0,0,0> }
	no_shadow
}

// nucleotide -1

// particle -1
sphere {
	<27.896639, 25.797489, 37.480549> 0.250000
	pigment { color rgbt <1,0,0,0> }
	no_shadow
}
cylinder {
	<27.902714, 26.197060, 37.463062>,  <27.906359, 26.436802, 37.452568>, 0.100000
	pigment { color rgbt <1,0,0,0> }
	no_shadow
}
cylinder {
	<27.902714, 26.197060, 37.463062>,  <27.896639, 25.797489, 37.480549>, 0.100000
	pigment { color rgbt <1,0,0,0> }
	no_shadow
}

// particle -1
sphere {
	<27.902714, 26.197060, 37.463062> 0.100000
	pigment { color rgbt <1,0,0,0> }
	no_shadow
}
sphere {
	0, 1
	scale<0.080000,0.200000,0.300000>
	matrix <-0.018230, -0.043439, -0.998890,
		-0.999719, 0.015968, 0.017551,
		0.015187, 0.998928, -0.043718,
		27.907270, 26.496738, 37.449947>
	pigment { color rgbt <0,1,1,0> }
	no_shadow
}
cylinder {
	<27.251066, 26.057486, 36.977280>,  <27.896639, 25.797489, 37.480549>, 0.130000
	pigment { color rgbt <1,0,0,0> }
	no_shadow
}

// nucleotide -1

// particle -1
sphere {
	<27.251066, 26.057486, 36.977280> 0.250000
	pigment { color rgbt <1,0,0,0> }
	no_shadow
}
cylinder {
	<27.559406, 26.310158, 37.010197>,  <27.744410, 26.461761, 37.029949>, 0.100000
	pigment { color rgbt <1,0,0,0> }
	no_shadow
}
cylinder {
	<27.559406, 26.310158, 37.010197>,  <27.251066, 26.057486, 36.977280>, 0.100000
	pigment { color rgbt <1,0,0,0> }
	no_shadow
}

// particle -1
sphere {
	<27.559406, 26.310158, 37.010197> 0.100000
	pigment { color rgbt <1,0,0,0> }
	no_shadow
}
sphere {
	0, 1
	scale<0.080000,0.200000,0.300000>
	matrix <0.065388, 0.050046, -0.996604,
		-0.633653, 0.773613, -0.002726,
		0.770849, 0.631679, 0.082297,
		27.790661, 26.499662, 37.034885>
	pigment { color rgbt <0,1,1,0> }
	no_shadow
}
cylinder {
	<27.320904, 26.525074, 36.519814>,  <27.251066, 26.057486, 36.977280>, 0.130000
	pigment { color rgbt <1,0,0,0> }
	no_shadow
}

// nucleotide -1

// particle -1
sphere {
	<27.320904, 26.525074, 36.519814> 0.250000
	pigment { color rgbt <1,0,0,0> }
	no_shadow
}
cylinder {
	<27.566484, 26.784073, 36.700394>,  <27.713833, 26.939472, 36.808743>, 0.100000
	pigment { color rgbt <1,0,0,0> }
	no_shadow
}
cylinder {
	<27.566484, 26.784073, 36.700394>,  <27.320904, 26.525074, 36.519814>, 0.100000
	pigment { color rgbt <1,0,0,0> }
	no_shadow
}

// particle -1
sphere {
	<27.566484, 26.784073, 36.700394> 0.100000
	pigment { color rgbt <1,0,0,0> }
	no_shadow
}
sphere {
	0, 1
	scale<0.080000,0.200000,0.300000>
	matrix <-0.703822, 0.707983, -0.058267,
		-0.357348, -0.281968, 0.890391,
		0.613952, 0.647498, 0.451452,
		27.750669, 26.978323, 36.835831>
	pigment { color rgbt <0,1,1,0> }
	no_shadow
}
cylinder {
	<27.396715, 26.650438, 35.713631>,  <27.320904, 26.525074, 36.519814>, 0.130000
	pigment { color rgbt <1,0,0,0> }
	no_shadow
}

// nucleotide -1

// particle -1
sphere {
	<27.396715, 26.650438, 35.713631> 0.250000
	pigment { color rgbt <1,0,0,0> }
	no_shadow
}
cylinder {
	<27.143723, 26.840422, 35.958378>,  <26.991928, 26.954412, 36.105225>, 0.100000
	pigment { color rgbt <1,0,0,0> }
	no_shadow
}
cylinder {
	<27.143723, 26.840422, 35.958378>,  <27.396715, 26.650438, 35.713631>, 0.100000
	pigment { color rgbt <1,0,0,0> }
	no_shadow
}

// particle -1
sphere {
	<27.143723, 26.840422, 35.958378> 0.100000
	pigment { color rgbt <1,0,0,0> }
	no_shadow
}
sphere {
	0, 1
	scale<0.080000,0.200000,0.300000>
	matrix <0.372133, 0.879126, -0.297748,
		-0.679328, 0.039376, -0.732778,
		-0.632480, 0.474959, 0.611868,
		26.953978, 26.982910, 36.141937>
	pigment { color rgbt <0,1,1,0> }
	no_shadow
}
cylinder {
	<26.910952, 27.135546, 35.287468>,  <27.396715, 26.650438, 35.713631>, 0.130000
	pigment { color rgbt <1,0,0,0> }
	no_shadow
}

// nucleotide -1

// particle -1
sphere {
	<26.910952, 27.135546, 35.287468> 0.250000
	pigment { color rgbt <1,0,0,0> }
	no_shadow
}
cylinder {
	<26.993019, 27.245716, 35.663136>,  <27.042259, 27.311819, 35.888538>, 0.100000
	pigment { color rgbt <1,0,0,0> }
	no_shadow
}
cylinder {
	<26.993019, 27.245716, 35.663136>,  <26.910952, 27.135546, 35.287468>, 0.100000
	pigment { color rgbt <1,0,0,0> }
	no_shadow
}

// particle -1
sphere {
	<26.993019, 27.245716, 35.663136> 0.100000
	pigment { color rgbt <1,0,0,0> }
	no_shadow
}
sphere {
	0, 1
	scale<0.080000,0.200000,0.300000>
	matrix <0.203159, 0.926701, -0.316152,
		-0.957409, 0.255666, 0.134177,
		0.205171, 0.275427, 0.939172,
		27.054571, 27.328344, 35.944889>
	pigment { color rgbt <0,1,1,0> }
	no_shadow
}
cylinder {
	<26.730913, 27.827765, 35.305401>,  <26.910952, 27.135546, 35.287468>, 0.130000
	pigment { color rgbt <1,0,0,0> }
	no_shadow
}

// nucleotide -1

// particle -1
sphere {
	<26.730913, 27.827765, 35.305401> 0.250000
	pigment { color rgbt <1,0,0,0> }
	no_shadow
}
cylinder {
	<26.952402, 27.791145, 35.636463>,  <27.085297, 27.769175, 35.835098>, 0.100000
	pigment { color rgbt <1,0,0,0> }
	no_shadow
}
cylinder {
	<26.952402, 27.791145, 35.636463>,  <26.730913, 27.827765, 35.305401>, 0.100000
	pigment { color rgbt <1,0,0,0> }
	no_shadow
}

// particle -1
sphere {
	<26.952402, 27.791145, 35.636463> 0.100000
	pigment { color rgbt <1,0,0,0> }
	no_shadow
}
sphere {
	0, 1
	scale<0.080000,0.200000,0.300000>
	matrix <0.374184, 0.915290, -0.149100,
		-0.743892, 0.392255, 0.541073,
		0.553724, -0.091547, 0.827652,
		27.118519, 27.763681, 35.884758>
	pigment { color rgbt <0,1,1,0> }
	no_shadow
}
cylinder {
	<26.576275, 28.351341, 35.667393>,  <26.730913, 27.827765, 35.305401>, 0.130000
	pigment { color rgbt <1,0,0,0> }
	no_shadow
}

// nucleotide -1

// particle -1
sphere {
	<26.576275, 28.351341, 35.667393> 0.250000
	pigment { color rgbt <1,0,0,0> }
	no_shadow
}
cylinder {
	<26.940714, 28.247145, 35.795174>,  <27.159376, 28.184628, 35.871841>, 0.100000
	pigment { color rgbt <1,0,0,0> }
	no_shadow
}
cylinder {
	<26.940714, 28.247145, 35.795174>,  <26.576275, 28.351341, 35.667393>, 0.100000
	pigment { color rgbt <1,0,0,0> }
	no_shadow
}

// particle -1
sphere {
	<26.940714, 28.247145, 35.795174> 0.100000
	pigment { color rgbt <1,0,0,0> }
	no_shadow
}
sphere {
	0, 1
	scale<0.080000,0.200000,0.300000>
	matrix <0.307571, 0.945586, -0.106149,
		-0.274417, 0.194965, 0.941639,
		0.911096, -0.260492, 0.319450,
		27.214043, 28.168997, 35.891010>
	pigment { color rgbt <0,1,1,0> }
	no_shadow
}
cylinder {
	<26.751604, 28.941431, 36.099728>,  <26.576275, 28.351341, 35.667393>, 0.130000
	pigment { color rgbt <1,0,0,0> }
	no_shadow
}

// nucleotide -1

// particle -1
sphere {
	<26.751604, 28.941431, 36.099728> 0.250000
	pigment { color rgbt <1,0,0,0> }
	no_shadow
}
cylinder {
	<27.102097, 28.764896, 36.022327>,  <27.312391, 28.658976, 35.975887>, 0.100000
	pigment { color rgbt <1,0,0,0> }
	no_shadow
}
cylinder {
	<27.102097, 28.764896, 36.022327>,  <26.751604, 28.941431, 36.099728>, 0.100000
	pigment { color rgbt <1,0,0,0> }
	no_shadow
}

// particle -1
sphere {
	<27.102097, 28.764896, 36.022327> 0.100000
	pigment { color rgbt <1,0,0,0> }
	no_shadow
}
sphere {
	0, 1
	scale<0.080000,0.200000,0.300000>
	matrix <0.411219, 0.894140, -0.177235,
		0.251235, 0.075729, 0.964959,
		0.876231, -0.441337, -0.193498,
		27.364965, 28.632496, 35.964279>
	pigment { color rgbt <0,1,1,0> }
	no_shadow
}
cylinder {
	<27.240265, 29.197861, 36.583996>,  <26.751604, 28.941431, 36.099728>, 0.130000
	pigment { color rgbt <1,0,0,0> }
	no_shadow
}

// nucleotide -1

// particle -1
sphere {
	<27.240265, 29.197861, 36.583996> 0.250000
	pigment { color rgbt <1,0,0,0> }
	no_shadow
}
cylinder {
	<27.471855, 29.062408, 36.287315>,  <27.610809, 28.981138, 36.109306>, 0.100000
	pigment { color rgbt <1,0,0,0> }
	no_shadow
}
cylinder {
	<27.471855, 29.062408, 36.287315>,  <27.240265, 29.197861, 36.583996>, 0.100000
	pigment { color rgbt <1,0,0,0> }
	no_shadow
}

// particle -1
sphere {
	<27.471855, 29.062408, 36.287315> 0.100000
	pigment { color rgbt <1,0,0,0> }
	no_shadow
}
sphere {
	0, 1
	scale<0.080000,0.200000,0.300000>
	matrix <0.438644, 0.896179, -0.066750,
		0.687300, -0.286696, 0.667401,
		0.578974, -0.338629, -0.741701,
		27.645548, 28.960819, 36.064804>
	pigment { color rgbt <0,1,1,0> }
	no_shadow
}
cylinder {
	<27.933823, 29.405096, 36.770428>,  <27.240265, 29.197861, 36.583996>, 0.130000
	pigment { color rgbt <1,0,0,0> }
	no_shadow
}

// nucleotide -1

// particle -1
sphere {
	<27.933823, 29.405096, 36.770428> 0.250000
	pigment { color rgbt <1,0,0,0> }
	no_shadow
}
cylinder {
	<27.943977, 29.330580, 36.377560>,  <27.950069, 29.285870, 36.141838>, 0.100000
	pigment { color rgbt <1,0,0,0> }
	no_shadow
}
cylinder {
	<27.943977, 29.330580, 36.377560>,  <27.933823, 29.405096, 36.770428>, 0.100000
	pigment { color rgbt <1,0,0,0> }
	no_shadow
}

// particle -1
sphere {
	<27.943977, 29.330580, 36.377560> 0.100000
	pigment { color rgbt <1,0,0,0> }
	no_shadow
}
sphere {
	0, 1
	scale<0.080000,0.200000,0.300000>
	matrix <0.439543, 0.884500, -0.156403,
		0.897863, -0.427734, 0.104335,
		0.025385, -0.186288, -0.982167,
		27.951593, 29.274693, 36.082909>
	pigment { color rgbt <0,1,1,0> }
	no_shadow
}
cylinder {
	<28.675125, 29.492384, 36.602325>,  <27.933823, 29.405096, 36.770428>, 0.130000
	pigment { color rgbt <1,0,0,0> }
	no_shadow
}

// nucleotide -1

// particle -1
sphere {
	<28.675125, 29.492384, 36.602325> 0.250000
	pigment { color rgbt <1,0,0,0> }
	no_shadow
}
cylinder {
	<28.429277, 29.549269, 36.291965>,  <28.281769, 29.583399, 36.105751>, 0.100000
	pigment { color rgbt <1,0,0,0> }
	no_shadow
}
cylinder {
	<28.429277, 29.549269, 36.291965>,  <28.675125, 29.492384, 36.602325>, 0.100000
	pigment { color rgbt <1,0,0,0> }
	no_shadow
}

// particle -1
sphere {
	<28.429277, 29.549269, 36.291965> 0.100000
	pigment { color rgbt <1,0,0,0> }
	no_shadow
}
sphere {
	0, 1
	scale<0.080000,0.200000,0.300000>
	matrix <0.469151, 0.856641, -0.214623,
