// switches for output
#declare DRAW_BASES = 1; // possible values are 0, 1; only relevant for DNA ribbons
#declare DRAW_BASES_TYPE = 3; // possible values are 1, 2, 3; only relevant for DNA ribbons
#declare DRAW_FOG = 0; // set to 1 to enable fog

#include "colors.inc"

#include "transforms.inc"
background { rgb <1, 1, 1>}

#default {
   normal{
       ripples 0.25
       frequency 0.20
       turbulence 0.2
       lambda 5
   }
	finish {
		phong 0.1
		phong_size 40.
	}
}

// original window dimensions: 1024x640


// camera settings

camera {
	sky <0, 0.179814, -0.983701>
	up <0, 0.179814, -0.983701>
	right 1.6 * <1, 0, 0>
	location <35, 94.9851, 44.8844>
	look_at <35, 29.7336, 32.9568>
	direction <0, -65.2515, -11.9276>
	angle 67.0682
}


# declare cpy_camera_pos = <35, 94.9851, 44.8844>;
# if (DRAW_FOG = 1)
fog {
	fog_type 2
	up vnormalize(cpy_camera_pos)
	color rgbt<1,1,1,0.3>
	distance 1e-5
	fog_alt 3e-3
	fog_offset 56
}
# end


// LIGHTS

# declare lum = 6;
global_settings {
	ambient_light rgb lum * <0.05, 0.05, 0.05>
	max_trace_level 15
}# declare cpy_direct_light_amount = 0.25;
light_source
{	1000 * <-1, -1.16352, -0.803886>,
	rgb lum * cpy_direct_light_amount
	parallel
}

light_source
{	1000 * <1, 1.16352, 0.803886>,
	rgb lum * cpy_direct_light_amount
	parallel
}

// strand 0

// nucleotide -1

// particle -1
sphere {
	<24.109320, 35.034161, 34.911736> 0.250000
	pigment { color rgbt <1,0,0,0> }
	no_shadow
}
cylinder {
	<24.447021, 35.125732, 35.105572>,  <24.649643, 35.180676, 35.221874>, 0.100000
	pigment { color rgbt <1,0,0,0> }
	no_shadow
}
cylinder {
	<24.447021, 35.125732, 35.105572>,  <24.109320, 35.034161, 34.911736>, 0.100000
	pigment { color rgbt <1,0,0,0> }
	no_shadow
}

// particle -1
sphere {
	<24.447021, 35.125732, 35.105572> 0.100000
	pigment { color rgbt <1,0,0,0> }
	no_shadow
}
sphere {
	0, 1
	scale<0.080000,0.200000,0.300000>
	matrix <0.502832, -0.025477, -0.864009,
		-0.185452, 0.973109, -0.136623,
		0.844256, 0.228930, 0.484586,
		24.700298, 35.194412, 35.250946>
	pigment { color rgbt <0,1,1,0> }
	no_shadow
}
cylinder {
	<24.402416, 35.528950, 34.614208>,  <24.109320, 35.034161, 34.911736>, 0.130000
	pigment { color rgbt <1,0,0,0> }
	no_shadow
}

// nucleotide -1

// particle -1
sphere {
	<24.402416, 35.528950, 34.614208> 0.250000
	pigment { color rgbt <1,0,0,0> }
	no_shadow
}
cylinder {
	<24.718622, 35.353455, 34.785133>,  <24.908346, 35.248158, 34.887688>, 0.100000
	pigment { color rgbt <1,0,0,0> }
	no_shadow
}
cylinder {
	<24.718622, 35.353455, 34.785133>,  <24.402416, 35.528950, 34.614208>, 0.100000
	pigment { color rgbt <1,0,0,0> }
	no_shadow
}

// particle -1
sphere {
	<24.718622, 35.353455, 34.785133> 0.100000
	pigment { color rgbt <1,0,0,0> }
	no_shadow
}
sphere {
	0, 1
	scale<0.080000,0.200000,0.300000>
	matrix <0.485771, 0.024268, -0.873749,
		0.372974, 0.898289, 0.232309,
		0.790517, -0.438735, 0.427311,
		24.955778, 35.221832, 34.913326>
	pigment { color rgbt <0,1,1,0> }
	no_shadow
}
cylinder {
	<24.947966, 35.855278, 34.472389>,  <24.402416, 35.528950, 34.614208>, 0.130000
	pigment { color rgbt <1,0,0,0> }
	no_shadow
}

// nucleotide -1

// particle -1
sphere {
	<24.947966, 35.855278, 34.472389> 0.250000
	pigment { color rgbt <1,0,0,0> }
	no_shadow
}
cylinder {
	<25.080866, 35.482422, 34.529972>,  <25.160606, 35.258709, 34.564522>, 0.100000
	pigment { color rgbt <1,0,0,0> }
	no_shadow
}
cylinder {
	<25.080866, 35.482422, 34.529972>,  <24.947966, 35.855278, 34.472389>, 0.100000
	pigment { color rgbt <1,0,0,0> }
	no_shadow
}

// particle -1
sphere {
	<25.080866, 35.482422, 34.529972> 0.100000
	pigment { color rgbt <1,0,0,0> }
	no_shadow
}
sphere {
	0, 1
	scale<0.080000,0.200000,0.300000>
	matrix <0.488250, 0.039390, -0.871815,
		0.806983, 0.359948, 0.468205,
		0.332251, -0.932140, 0.143957,
		25.180542, 35.202782, 34.573158>
	pigment { color rgbt <0,1,1,0> }
	no_shadow
}
cylinder {
	<25.716825, 35.696911, 34.619644>,  <24.947966, 35.855278, 34.472389>, 0.130000
	pigment { color rgbt <1,0,0,0> }
	no_shadow
}

// nucleotide -1

// particle -1
sphere {
	<25.716825, 35.696911, 34.619644> 0.250000
	pigment { color rgbt <1,0,0,0> }
	no_shadow
}
cylinder {
	<25.539764, 35.396042, 34.424381>,  <25.433529, 35.215523, 34.307224>, 0.100000
	pigment { color rgbt <1,0,0,0> }
	no_shadow
}
cylinder {
	<25.539764, 35.396042, 34.424381>,  <25.716825, 35.696911, 34.619644>, 0.100000
	pigment { color rgbt <1,0,0,0> }
	no_shadow
}

// particle -1
sphere {
	<25.539764, 35.396042, 34.424381> 0.100000
	pigment { color rgbt <1,0,0,0> }
	no_shadow
}
sphere {
	0, 1
	scale<0.080000,0.200000,0.300000>
	matrix <0.616410, 0.140126, -0.774857,
		0.651229, -0.643898, 0.401618,
		-0.442652, -0.752170, -0.488159,
		25.406969, 35.170391, 34.277935>
	pigment { color rgbt <0,1,1,0> }
	no_shadow
}
cylinder {
	<26.231085, 35.364254, 34.286266>,  <25.716825, 35.696911, 34.619644>, 0.130000
	pigment { color rgbt <1,0,0,0> }
	no_shadow
}

// nucleotide -1

// particle -1
sphere {
	<26.231085, 35.364254, 34.286266> 0.250000
	pigment { color rgbt <1,0,0,0> }
	no_shadow
}
cylinder {
	<25.914364, 35.233051, 34.080177>,  <25.724331, 35.154327, 33.956524>, 0.100000
	pigment { color rgbt <1,0,0,0> }
	no_shadow
}
cylinder {
	<25.914364, 35.233051, 34.080177>,  <26.231085, 35.364254, 34.286266>, 0.100000
	pigment { color rgbt <1,0,0,0> }
	no_shadow
}

// particle -1
sphere {
	<25.914364, 35.233051, 34.080177> 0.100000
	pigment { color rgbt <1,0,0,0> }
	no_shadow
}
sphere {
	0, 1
	scale<0.080000,0.200000,0.300000>
	matrix <0.533152, 0.040364, -0.845056,
		0.297985, -0.943811, 0.142919,
		-0.791804, -0.328012, -0.515223,
		25.676823, 35.134647, 33.925610>
	pigment { color rgbt <0,1,1,0> }
	no_shadow
}
cylinder {
	<26.697723, 35.568588, 33.633347>,  <26.231085, 35.364254, 34.286266>, 0.130000
	pigment { color rgbt <1,0,0,0> }
	no_shadow
}

// nucleotide -1

// particle -1
sphere {
	<26.697723, 35.568588, 33.633347> 0.250000
	pigment { color rgbt <1,0,0,0> }
	no_shadow
}
cylinder {
	<27.060492, 35.721569, 33.562660>,  <27.278152, 35.813358, 33.520248>, 0.100000
	pigment { color rgbt <1,0,0,0> }
	no_shadow
}
cylinder {
	<27.060492, 35.721569, 33.562660>,  <26.697723, 35.568588, 33.633347>, 0.100000
	pigment { color rgbt <1,0,0,0> }
	no_shadow
}

// particle -1
sphere {
	<27.060492, 35.721569, 33.562660> 0.100000
	pigment { color rgbt <1,0,0,0> }
	no_shadow
}
sphere {
	0, 1
	scale<0.080000,0.200000,0.300000>
	matrix <-0.115896, -0.176788, -0.977402,
		-0.405049, 0.906905, -0.116008,
		0.906920, 0.382451, -0.176714,
		27.332567, 35.836304, 33.509647>
	pigment { color rgbt <0,1,1,0> }
	no_shadow
}
cylinder {
	<26.640846, 36.104656, 33.121120>,  <26.697723, 35.568588, 33.633347>, 0.130000
	pigment { color rgbt <1,0,0,0> }
	no_shadow
}

// nucleotide -1

// particle -1
sphere {
	<26.640846, 36.104656, 33.121120> 0.250000
	pigment { color rgbt <1,0,0,0> }
	no_shadow
}
cylinder {
	<27.011269, 35.954250, 33.108223>,  <27.233522, 35.864006, 33.100483>, 0.100000
	pigment { color rgbt <1,0,0,0> }
	no_shadow
}
cylinder {
	<27.011269, 35.954250, 33.108223>,  <26.640846, 36.104656, 33.121120>, 0.100000
	pigment { color rgbt <1,0,0,0> }
	no_shadow
}

// particle -1
sphere {
	<27.011269, 35.954250, 33.108223> 0.100000
	pigment { color rgbt <1,0,0,0> }
	no_shadow
}
sphere {
	0, 1
	scale<0.080000,0.200000,0.300000>
	matrix <-0.046744, -0.029502, -0.998471,
		0.374484, 0.926146, -0.044897,
		0.926054, -0.376010, -0.032244,
		27.289085, 35.841446, 33.098549>
	pigment { color rgbt <0,1,1,0> }
	no_shadow
}
cylinder {
	<26.999031, 36.581841, 32.729401>,  <26.640846, 36.104656, 33.121120>, 0.130000
	pigment { color rgbt <1,0,0,0> }
	no_shadow
}

// nucleotide -1

// particle -1
sphere {
	<26.999031, 36.581841, 32.729401> 0.250000
	pigment { color rgbt <1,0,0,0> }
	no_shadow
}
cylinder {
	<27.200294, 36.238705, 32.687538>,  <27.321053, 36.032825, 32.662422>, 0.100000
	pigment { color rgbt <1,0,0,0> }
	no_shadow
}
cylinder {
	<27.200294, 36.238705, 32.687538>,  <26.999031, 36.581841, 32.729401>, 0.100000
	pigment { color rgbt <1,0,0,0> }
	no_shadow
}

// particle -1
sphere {
	<27.200294, 36.238705, 32.687538> 0.100000
	pigment { color rgbt <1,0,0,0> }
	no_shadow
}
sphere {
	0, 1
	scale<0.080000,0.200000,0.300000>
	matrix <-0.021318, 0.108745, -0.993841,
		0.863932, 0.502289, 0.036428,
		0.503156, -0.857835, -0.104656,
		27.351242, 35.981354, 32.656143>
	pigment { color rgbt <0,1,1,0> }
	no_shadow
}
cylinder {
	<27.573051, 36.709091, 32.205830>,  <26.999031, 36.581841, 32.729401>, 0.130000
	pigment { color rgbt <1,0,0,0> }
	no_shadow
}

// nucleotide -1

// particle -1
sphere {
	<27.573051, 36.709091, 32.205830> 0.250000
	pigment { color rgbt <1,0,0,0> }
	no_shadow
}
cylinder {
	<27.560896, 36.309341, 32.213139>,  <27.553602, 36.069492, 32.217525>, 0.100000
	pigment { color rgbt <1,0,0,0> }
	no_shadow
}
cylinder {
	<27.560896, 36.309341, 32.213139>,  <27.573051, 36.709091, 32.205830>, 0.100000
	pigment { color rgbt <1,0,0,0> }
	no_shadow
}

// particle -1
sphere {
	<27.560896, 36.309341, 32.213139> 0.100000
	pigment { color rgbt <1,0,0,0> }
	no_shadow
}
sphere {
	0, 1
	scale<0.080000,0.200000,0.300000>
	matrix <-0.042745, -0.016968, -0.998942,
		0.998624, -0.031136, -0.042202,
		-0.030387, -0.999371, 0.018276,
		27.551781, 36.009529, 32.218620>
	pigment { color rgbt <0,1,1,0> }
	no_shadow
}
cylinder {
	<27.960995, 36.561874, 31.626343>,  <27.573051, 36.709091, 32.205830>, 0.130000
	pigment { color rgbt <1,0,0,0> }
	no_shadow
}

// nucleotide -1

// particle -1
sphere {
	<27.960995, 36.561874, 31.626343> 0.250000
	pigment { color rgbt <1,0,0,0> }
	no_shadow
}
cylinder {
	<27.817760, 36.199142, 31.715282>,  <27.731819, 35.981503, 31.768646>, 0.100000
	pigment { color rgbt <1,0,0,0> }
	no_shadow
}
cylinder {
	<27.817760, 36.199142, 31.715282>,  <27.960995, 36.561874, 31.626343>, 0.100000
	pigment { color rgbt <1,0,0,0> }
	no_shadow
}

// particle -1
sphere {
	<27.817760, 36.199142, 31.715282> 0.100000
	pigment { color rgbt <1,0,0,0> }
	no_shadow
}
sphere {
	0, 1
	scale<0.080000,0.200000,0.300000>
	matrix <0.094311, -0.272049, -0.957650,
		0.928914, -0.321951, 0.182940,
		-0.358085, -0.906828, 0.222347,
		27.710335, 35.927094, 31.781986>
	pigment { color rgbt <0,1,1,0> }
	no_shadow
}
cylinder {
	<28.491901, 36.039268, 31.531639>,  <27.960995, 36.561874, 31.626343>, 0.130000
	pigment { color rgbt <1,0,0,0> }
	no_shadow
}

// nucleotide -1

// particle -1
sphere {
	<28.491901, 36.039268, 31.531639> 0.250000
	pigment { color rgbt <1,0,0,0> }
	no_shadow
}
cylinder {
	<28.123226, 35.890625, 31.487097>,  <27.902021, 35.801441, 31.460371>, 0.100000
	pigment { color rgbt <1,0,0,0> }
	no_shadow
}
cylinder {
	<28.123226, 35.890625, 31.487097>,  <28.491901, 36.039268, 31.531639>, 0.100000
	pigment { color rgbt <1,0,0,0> }
	no_shadow
}

// particle -1
sphere {
	<28.123226, 35.890625, 31.487097> 0.100000
	pigment { color rgbt <1,0,0,0> }
	no_shadow
}
sphere {
	0, 1
	scale<0.080000,0.200000,0.300000>
	matrix <0.147494, -0.070187, -0.986569,
		0.358801, -0.925733, 0.119500,
		-0.921687, -0.371607, -0.111357,
		27.846720, 35.779144, 31.453690>
	pigment { color rgbt <0,1,1,0> }
	no_shadow
}
cylinder {
	<28.465466, 35.559811, 30.823334>,  <28.491901, 36.039268, 31.531639>, 0.130000
	pigment { color rgbt <1,0,0,0> }
	no_shadow
}

// nucleotide -1

// particle -1
sphere {
	<28.465466, 35.559811, 30.823334> 0.250000
	pigment { color rgbt <1,0,0,0> }
	no_shadow
}
cylinder {
	<28.075369, 35.600357, 30.901949>,  <27.841311, 35.624687, 30.949118>, 0.100000
	pigment { color rgbt <1,0,0,0> }
	no_shadow
}
cylinder {
	<28.075369, 35.600357, 30.901949>,  <28.465466, 35.559811, 30.823334>, 0.100000
	pigment { color rgbt <1,0,0,0> }
	no_shadow
}

// particle -1
sphere {
	<28.075369, 35.600357, 30.901949> 0.100000
	pigment { color rgbt <1,0,0,0> }
	no_shadow
}
sphere {
	0, 1
	scale<0.080000,0.200000,0.300000>
	matrix <-0.195012, 0.024829, -0.980487,
		-0.104270, -0.994539, -0.004446,
		-0.975243, 0.101368, 0.196536,
		27.782797, 35.630768, 30.960909>
	pigment { color rgbt <0,1,1,0> }
	no_shadow
}
cylinder {
	<28.141518, 35.114487, 30.271475>,  <28.465466, 35.559811, 30.823334>, 0.130000
	pigment { color rgbt <1,0,0,0> }
	no_shadow
}

// nucleotide -1

// particle -1
sphere {
	<28.141518, 35.114487, 30.271475> 0.250000
	pigment { color rgbt <1,0,0,0> }
	no_shadow
}
cylinder {
	<27.844717, 35.348328, 30.402733>,  <27.666637, 35.488632, 30.481487>, 0.100000
	pigment { color rgbt <1,0,0,0> }
	no_shadow
}
cylinder {
	<27.844717, 35.348328, 30.402733>,  <28.141518, 35.114487, 30.271475>, 0.100000
	pigment { color rgbt <1,0,0,0> }
	no_shadow
}

// particle -1
sphere {
	<27.844717, 35.348328, 30.402733> 0.100000
	pigment { color rgbt <1,0,0,0> }
	no_shadow
}
sphere {
	0, 1
	scale<0.080000,0.200000,0.300000>
	matrix <-0.258516, 0.202115, -0.944626,
		-0.618552, -0.785743, 0.001160,
		-0.741999, 0.584600, 0.328146,
		27.622118, 35.523708, 30.501177>
	pigment { color rgbt <0,1,1,0> }
	no_shadow
}
cylinder {
	<27.445492, 34.959801, 29.852552>,  <28.141518, 35.114487, 30.271475>, 0.130000
	pigment { color rgbt <1,0,0,0> }
	no_shadow
}

// nucleotide -1

// particle -1
sphere {
	<27.445492, 34.959801, 29.852552> 0.250000
	pigment { color rgbt <1,0,0,0> }
	no_shadow
}
cylinder {
	<27.387432, 35.328499, 29.996393>,  <27.352596, 35.549717, 30.082699>, 0.100000
	pigment { color rgbt <1,0,0,0> }
	no_shadow
}
cylinder {
	<27.387432, 35.328499, 29.996393>,  <27.445492, 34.959801, 29.852552>, 0.100000
	pigment { color rgbt <1,0,0,0> }
	no_shadow
}

// particle -1
sphere {
	<27.387432, 35.328499, 29.996393> 0.100000
	pigment { color rgbt <1,0,0,0> }
	no_shadow
}
sphere {
	0, 1
	scale<0.080000,0.200000,0.300000>
	matrix <-0.297208, 0.306048, -0.904435,
		-0.943716, -0.238156, 0.229527,
		-0.145150, 0.921746, 0.359604,
		27.343887, 35.605022, 30.104275>
	pigment { color rgbt <0,1,1,0> }
	no_shadow
}
cylinder {
	<26.729572, 35.179749, 29.673140>,  <27.445492, 34.959801, 29.852552>, 0.130000
	pigment { color rgbt <1,0,0,0> }
	no_shadow
}

// nucleotide -1

// particle -1
sphere {
	<26.729572, 35.179749, 29.673140> 0.250000
	pigment { color rgbt <1,0,0,0> }
	no_shadow
}
cylinder {
	<26.926945, 35.515522, 29.764244>,  <27.045368, 35.716988, 29.818907>, 0.100000
	pigment { color rgbt <1,0,0,0> }
	no_shadow
}
cylinder {
	<26.926945, 35.515522, 29.764244>,  <26.729572, 35.179749, 29.673140>, 0.100000
	pigment { color rgbt <1,0,0,0> }
	no_shadow
}

// particle -1
sphere {
	<26.926945, 35.515522, 29.764244> 0.100000
	pigment { color rgbt <1,0,0,0> }
	no_shadow
}
sphere {
	0, 1
	scale<0.080000,0.200000,0.300000>
	matrix <-0.304363, 0.411943, -0.858875,
		-0.814795, 0.354472, 0.458758,
		0.493429, 0.839436, 0.227761,
		27.074974, 35.767353, 29.832573>
	pigment { color rgbt <0,1,1,0> }
	no_shadow
}
cylinder {
	<26.307743, 35.783791, 29.421946>,  <26.729572, 35.179749, 29.673140>, 0.130000
	pigment { color rgbt <1,0,0,0> }
	no_shadow
}

// nucleotide -1

// particle -1
sphere {
	<26.307743, 35.783791, 29.421946> 0.250000
	pigment { color rgbt <1,0,0,0> }
	no_shadow
}
cylinder {
	<26.671047, 35.943752, 29.471163>,  <26.889030, 36.039730, 29.500692>, 0.100000
	pigment { color rgbt <1,0,0,0> }
	no_shadow
}
cylinder {
	<26.671047, 35.943752, 29.471163>,  <26.307743, 35.783791, 29.421946>, 0.100000
	pigment { color rgbt <1,0,0,0> }
	no_shadow
}

// particle -1
sphere {
	<26.671047, 35.943752, 29.471163> 0.100000
	pigment { color rgbt <1,0,0,0> }
	no_shadow
}
sphere {
	0, 1
	scale<0.080000,0.200000,0.300000>
	matrix <-0.142244, 0.571690, -0.808046,
		-0.393479, 0.716415, 0.576128,
		0.908263, 0.399900, 0.123042,
		26.943525, 36.063721, 29.508076>
	pigment { color rgbt <0,1,1,0> }
	no_shadow
}
cylinder {
	<26.237087, 36.584827, 29.364277>,  <26.307743, 35.783791, 29.421946>, 0.130000
	pigment { color rgbt <1,0,0,0> }
	no_shadow
}

// nucleotide -1

// particle -1
sphere {
	<26.237087, 36.584827, 29.364277> 0.250000
	pigment { color rgbt <1,0,0,0> }
	no_shadow
}
cylinder {
	<26.617493, 36.489788, 29.285162>,  <26.845736, 36.432762, 29.237694>, 0.100000
	pigment { color rgbt <1,0,0,0> }
	no_shadow
}
cylinder {
	<26.617493, 36.489788, 29.285162>,  <26.237087, 36.584827, 29.364277>, 0.100000
	pigment { color rgbt <1,0,0,0> }
	no_shadow
}

// particle -1
sphere {
	<26.617493, 36.489788, 29.285162> 0.100000
	pigment { color rgbt <1,0,0,0> }
	no_shadow
}
sphere {
	0, 1
	scale<0.080000,0.200000,0.300000>
	matrix <0.020454, 0.686732, -0.726623,
		0.308473, 0.686983, 0.657951,
		0.951013, -0.237601, -0.197786,
		26.902796, 36.418507, 29.225826>
	pigment { color rgbt <0,1,1,0> }
	no_shadow
}
cylinder {
	<26.480480, 37.225761, 29.116365>,  <26.237087, 36.584827, 29.364277>, 0.130000
	pigment { color rgbt <1,0,0,0> }
	no_shadow
}

// nucleotide -1

// particle -1
sphere {
	<26.480480, 37.225761, 29.116365> 0.250000
	pigment { color rgbt <1,0,0,0> }
	no_shadow
}
cylinder {
	<26.761383, 36.963623, 29.005112>,  <26.929924, 36.806339, 28.938358>, 0.100000
	pigment { color rgbt <1,0,0,0> }
	no_shadow
}
cylinder {
	<26.761383, 36.963623, 29.005112>,  <26.480480, 37.225761, 29.116365>, 0.100000
	pigment { color rgbt <1,0,0,0> }
	no_shadow
}

// particle -1
sphere {
	<26.761383, 36.963623, 29.005112> 0.100000
	pigment { color rgbt <1,0,0,0> }
	no_shadow
}
sphere {
	0, 1
	scale<0.080000,0.200000,0.300000>
	matrix <0.219139, 0.570698, -0.791380,
		0.677357, 0.494802, 0.544389,
		0.702257, -0.655343, -0.278136,
		26.972061, 36.767021, 28.921671>
	pigment { color rgbt <0,1,1,0> }
	no_shadow
}
cylinder {
	<27.123781, 37.589943, 28.964855>,  <26.480480, 37.225761, 29.116365>, 0.130000
	pigment { color rgbt <1,0,0,0> }
	no_shadow
}

// nucleotide -1

// particle -1
sphere {
	<27.123781, 37.589943, 28.964855> 0.250000
	pigment { color rgbt <1,0,0,0> }
	no_shadow
}
cylinder {
	<27.139908, 37.244720, 28.763458>,  <27.149584, 37.037586, 28.642620>, 0.100000
	pigment { color rgbt <1,0,0,0> }
	no_shadow
}
cylinder {
	<27.139908, 37.244720, 28.763458>,  <27.123781, 37.589943, 28.964855>, 0.100000
	pigment { color rgbt <1,0,0,0> }
	no_shadow
}

// particle -1
sphere {
	<27.139908, 37.244720, 28.763458> 0.100000
	pigment { color rgbt <1,0,0,0> }
	no_shadow
}
sphere {
	0, 1
	scale<0.080000,0.200000,0.300000>
	matrix <0.198700, 0.500762, -0.842470,
		0.979231, -0.066080, 0.191678,
		0.040315, -0.863059, -0.503492,
		27.152002, 36.985802, 28.612411>
	pigment { color rgbt <0,1,1,0> }
	no_shadow
}
cylinder {
	<27.621696, 37.736622, 28.503914>,  <27.123781, 37.589943, 28.964855>, 0.130000
	pigment { color rgbt <1,0,0,0> }
	no_shadow
}

// nucleotide -1

// particle -1
sphere {
	<27.621696, 37.736622, 28.503914> 0.250000
	pigment { color rgbt <1,0,0,0> }
	no_shadow
}
cylinder {
	<27.451832, 37.407143, 28.353615>,  <27.349913, 37.209454, 28.263435>, 0.100000
	pigment { color rgbt <1,0,0,0> }
	no_shadow
}
cylinder {
	<27.451832, 37.407143, 28.353615>,  <27.621696, 37.736622, 28.503914>, 0.100000
	pigment { color rgbt <1,0,0,0> }
	no_shadow
}

// particle -1
sphere {
	<27.451832, 37.407143, 28.353615> 0.100000
	pigment { color rgbt <1,0,0,0> }
	no_shadow
}
sphere {
	0, 1
	scale<0.080000,0.200000,0.300000>
	matrix <0.112162, 0.363969, -0.924634,
		0.898379, -0.434799, -0.062175,
		-0.424659, -0.823698, -0.375749,
		27.324434, 37.160034, 28.240891>
	pigment { color rgbt <0,1,1,0> }
	no_shadow
}
cylinder {
	<28.139595, 37.473972, 28.037563>,  <27.621696, 37.736622, 28.503914>, 0.130000
	pigment { color rgbt <1,0,0,0> }
	no_shadow
}

// nucleotide -1

// particle -1
sphere {
	<28.139595, 37.473972, 28.037563> 0.250000
	pigment { color rgbt <1,0,0,0> }
	no_shadow
}
cylinder {
	<27.773100, 37.341167, 27.947868>,  <27.553204, 37.261486, 27.894053>, 0.100000
	pigment { color rgbt <1,0,0,0> }
	no_shadow
}
cylinder {
	<27.773100, 37.341167, 27.947868>,  <28.139595, 37.473972, 28.037563>, 0.100000
	pigment { color rgbt <1,0,0,0> }
	no_shadow
}

// particle -1
sphere {
	<27.773100, 37.341167, 27.947868> 0.100000
	pigment { color rgbt <1,0,0,0> }
	no_shadow
}
sphere {
	0, 1
	scale<0.080000,0.200000,0.300000>
	matrix <0.116630, 0.314420, -0.942092,
		0.383289, -0.889331, -0.249360,
		-0.916235, -0.332011, -0.224236,
		27.498230, 37.241566, 27.880598>
	pigment { color rgbt <0,1,1,0> }
	no_shadow
}
cylinder {
	<28.137543, 37.166668, 27.355566>,  <28.139595, 37.473972, 28.037563>, 0.130000
	pigment { color rgbt <1,0,0,0> }
	no_shadow
}

// nucleotide -1

// particle -1
sphere {
	<28.137543, 37.166668, 27.355566> 0.250000
	pigment { color rgbt <1,0,0,0> }
	no_shadow
}
cylinder {
	<27.748396, 37.248474, 27.398842>,  <27.514908, 37.297558, 27.424807>, 0.100000
	pigment { color rgbt <1,0,0,0> }
	no_shadow
}
cylinder {
	<27.748396, 37.248474, 27.398842>,  <28.137543, 37.166668, 27.355566>, 0.100000
	pigment { color rgbt <1,0,0,0> }
	no_shadow
}

// particle -1
sphere {
	<27.748396, 37.248474, 27.398842> 0.100000
	pigment { color rgbt <1,0,0,0> }
	no_shadow
}
sphere {
	0, 1
	scale<0.080000,0.200000,0.300000>
	matrix <-0.032069, 0.343884, -0.938464,
		-0.229139, -0.916469, -0.327994,
		-0.972865, 0.204520, 0.108188,
		27.456535, 37.309830, 27.431297>
	pigment { color rgbt <0,1,1,0> }
	no_shadow
}
cylinder {
	<27.907627, 37.061054, 26.687414>,  <28.137543, 37.166668, 27.355566>, 0.130000
	pigment { color rgbt <1,0,0,0> }
	no_shadow
}

// nucleotide -1

// particle -1
sphere {
	<27.907627, 37.061054, 26.687414> 0.250000
	pigment { color rgbt <1,0,0,0> }
	no_shadow
}
cylinder {
	<27.610487, 37.265682, 26.860144>,  <27.432203, 37.388458, 26.963781>, 0.100000
	pigment { color rgbt <1,0,0,0> }
	no_shadow
}
cylinder {
	<27.610487, 37.265682, 26.860144>,  <27.907627, 37.061054, 26.687414>, 0.100000
	pigment { color rgbt <1,0,0,0> }
	no_shadow
}

// particle -1
sphere {
	<27.610487, 37.265682, 26.860144> 0.100000
	pigment { color rgbt <1,0,0,0> }
	no_shadow
}
sphere {
	0, 1
	scale<0.080000,0.200000,0.300000>
	matrix <-0.199623, 0.446424, -0.872271,
		-0.639004, -0.734167, -0.229504,
		-0.742849, 0.511571, 0.431823,
		27.387632, 37.419155, 26.989691>
	pigment { color rgbt <0,1,1,0> }
	no_shadow
}
cylinder {
	<27.189188, 36.857948, 26.336987>,  <27.907627, 37.061054, 26.687414>, 0.130000
	pigment { color rgbt <1,0,0,0> }
	no_shadow
}

// nucleotide -1

// particle -1
sphere {
	<27.189188, 36.857948, 26.336987> 0.250000
	pigment { color rgbt <1,0,0,0> }
	no_shadow
}
cylinder {
	<27.156786, 37.229691, 26.481066>,  <27.137344, 37.452736, 26.567513>, 0.100000
	pigment { color rgbt <1,0,0,0> }
	no_shadow
}
cylinder {
	<27.156786, 37.229691, 26.481066>,  <27.189188, 36.857948, 26.336987>, 0.100000
	pigment { color rgbt <1,0,0,0> }
	no_shadow
}

// particle -1
sphere {
	<27.156786, 37.229691, 26.481066> 0.100000
	pigment { color rgbt <1,0,0,0> }
	no_shadow
}
sphere {
	0, 1
	scale<0.080000,0.200000,0.300000>
	matrix <-0.073201, 0.354861, -0.932049,
		-0.994022, -0.101867, 0.039284,
		-0.081005, 0.929353, 0.360196,
		27.132484, 37.508495, 26.589125>
	pigment { color rgbt <0,1,1,0> }
	no_shadow
}
cylinder {
	<27.905140, 36.438694, 26.341743>,  <27.189188, 36.857948, 26.336987>, 0.130000
	pigment { color rgbt <1,0,0,0> }
	no_shadow
}

// nucleotide -1

// particle -1
sphere {
	<27.905140, 36.438694, 26.341743> 0.250000
	pigment { color rgbt <1,0,0,0> }
	no_shadow
}
cylinder {
	<28.227280, 36.659264, 26.428776>,  <28.420563, 36.791607, 26.480995>, 0.100000
	pigment { color rgbt <1,0,0,0> }
	no_shadow
}
cylinder {
	<28.227280, 36.659264, 26.428776>,  <27.905140, 36.438694, 26.341743>, 0.100000
	pigment { color rgbt <1,0,0,0> }
	no_shadow
}

// particle -1
sphere {
	<28.227280, 36.659264, 26.428776> 0.100000
	pigment { color rgbt <1,0,0,0> }
	no_shadow
}
sphere {
	0, 1
	scale<0.080000,0.200000,0.300000>
	matrix <0.344501, -0.136662, -0.928786,
		-0.482422, 0.822953, -0.300028,
		0.805349, 0.551427, 0.217579,
		28.468885, 36.824692, 26.494049>
	pigment { color rgbt <0,1,1,0> }
	no_shadow
}
cylinder {
	<27.935680, 36.938477, 25.774618>,  <27.905140, 36.438694, 26.341743>, 0.130000
	pigment { color rgbt <1,0,0,0> }
	no_shadow
}

// nucleotide -1

// particle -1
sphere {
	<27.935680, 36.938477, 25.774618> 0.250000
	pigment { color rgbt <1,0,0,0> }
	no_shadow
}
cylinder {
	<28.263258, 36.806946, 25.962748>,  <28.459805, 36.728027, 26.075626>, 0.100000
	pigment { color rgbt <1,0,0,0> }
	no_shadow
}
cylinder {
	<28.263258, 36.806946, 25.962748>,  <27.935680, 36.938477, 25.774618>, 0.100000
	pigment { color rgbt <1,0,0,0> }
	no_shadow
}

// particle -1
sphere {
	<28.263258, 36.806946, 25.962748> 0.100000
	pigment { color rgbt <1,0,0,0> }
	no_shadow
}
sphere {
	0, 1
	scale<0.080000,0.200000,0.300000>
	matrix <0.330672, -0.399446, -0.855043,
		0.469027, 0.855756, -0.218391,
		0.818944, -0.328823, 0.470326,
		28.508942, 36.708298, 26.103846>
	pigment { color rgbt <0,1,1,0> }
	no_shadow
}
cylinder {
	<28.595337, 37.183506, 25.423548>,  <27.935680, 36.938477, 25.774618>, 0.130000
	pigment { color rgbt <1,0,0,0> }
	no_shadow
}

// nucleotide -1

// particle -1
sphere {
	<28.595337, 37.183506, 25.423548> 0.250000
	pigment { color rgbt <1,0,0,0> }
	no_shadow
}
cylinder {
	<28.635555, 36.836555, 25.618504>,  <28.659687, 36.628384, 25.735477>, 0.100000
	pigment { color rgbt <1,0,0,0> }
	no_shadow
}
cylinder {
	<28.635555, 36.836555, 25.618504>,  <28.595337, 37.183506, 25.423548>, 0.100000
	pigment { color rgbt <1,0,0,0> }
	no_shadow
}

// particle -1
sphere {
	<28.635555, 36.836555, 25.618504> 0.100000
	pigment { color rgbt <1,0,0,0> }
	no_shadow
}
sphere {
	0, 1
	scale<0.080000,0.200000,0.300000>
	matrix <0.388350, -0.416797, -0.821866,
		0.916010, 0.271914, 0.294938,
		0.100547, -0.867377, 0.487388,
		28.665720, 36.576344, 25.764721>
	pigment { color rgbt <0,1,1,0> }
	no_shadow
}
cylinder {
	<29.370266, 36.967766, 25.678553>,  <28.595337, 37.183506, 25.423548>, 0.130000
	pigment { color rgbt <1,0,0,0> }
	no_shadow
}

// nucleotide -1

// particle -1
sphere {
	<29.370266, 36.967766, 25.678553> 0.250000
	pigment { color rgbt <1,0,0,0> }
	no_shadow
}
cylinder {
	<29.146664, 36.647934, 25.590748>,  <29.012501, 36.456036, 25.538065>, 0.100000
	pigment { color rgbt <1,0,0,0> }
	no_shadow
}
cylinder {
	<29.146664, 36.647934, 25.590748>,  <29.370266, 36.967766, 25.678553>, 0.100000
	pigment { color rgbt <1,0,0,0> }
	no_shadow
}

// particle -1
sphere {
	<29.146664, 36.647934, 25.590748> 0.100000
	pigment { color rgbt <1,0,0,0> }
	no_shadow
}
sphere {
	0, 1
	scale<0.080000,0.200000,0.300000>
	matrix <0.613653, -0.220915, -0.758041,
		0.557620, -0.558455, 0.614157,
		-0.559008, -0.799578, -0.219511,
		28.978962, 36.408062, 25.524895>
	pigment { color rgbt <0,1,1,0> }
	no_shadow
}
cylinder {
	<29.825769, 36.322273, 25.610010>,  <29.370266, 36.967766, 25.678553>, 0.130000
	pigment { color rgbt <1,0,0,0> }
	no_shadow
}

// nucleotide -1

// particle -1
sphere {
	<29.825769, 36.322273, 25.610010> 0.250000
	pigment { color rgbt <1,0,0,0> }
	no_shadow
}
cylinder {
	<29.490772, 36.259911, 25.400517>,  <29.289774, 36.222492, 25.274820>, 0.100000
	pigment { color rgbt <1,0,0,0> }
	no_shadow
}
cylinder {
	<29.490772, 36.259911, 25.400517>,  <29.825769, 36.322273, 25.610010>, 0.100000
	pigment { color rgbt <1,0,0,0> }
	no_shadow
}

// particle -1
sphere {
	<29.490772, 36.259911, 25.400517> 0.100000
	pigment { color rgbt <1,0,0,0> }
	no_shadow
}
sphere {
	0, 1
	scale<0.080000,0.200000,0.300000>
	matrix <0.545788, -0.285705, -0.787711,
		-0.026828, -0.945551, 0.324366,
		-0.837494, -0.155903, -0.523735,
		29.239525, 36.213139, 25.243397>
	pigment { color rgbt <0,1,1,0> }
	no_shadow
}
cylinder {
	<30.125002, 36.467354, 24.968542>,  <29.825769, 36.322273, 25.610010>, 0.130000
	pigment { color rgbt <1,0,0,0> }
	no_shadow
}

// nucleotide -1

// particle -1
sphere {
	<30.125002, 36.467354, 24.968542> 0.250000
	pigment { color rgbt <1,0,0,0> }
	no_shadow
}
cylinder {
	<30.207621, 36.845505, 24.867668>,  <30.257193, 37.072395, 24.807144>, 0.100000
	pigment { color rgbt <1,0,0,0> }
	no_shadow
}
cylinder {
	<30.207621, 36.845505, 24.867668>,  <30.125002, 36.467354, 24.968542>, 0.100000
	pigment { color rgbt <1,0,0,0> }
	no_shadow
}

// particle -1
sphere {
	<30.207621, 36.845505, 24.867668> 0.100000
	pigment { color rgbt <1,0,0,0> }
	no_shadow
}
sphere {
	0, 1
	scale<0.080000,0.200000,0.300000>
	matrix <0.910169, -0.091057, 0.404104,
		0.359068, -0.312999, -0.879262,
		0.206547, 0.945378, -0.252187,
		30.269585, 37.129120, 24.792011>
	pigment { color rgbt <0,1,1,0> }
	no_shadow
}
cylinder {
	<30.824474, 36.513783, 24.845469>,  <30.125002, 36.467354, 24.968542>, 0.130000
	pigment { color rgbt <1,0,0,0> }
	no_shadow
}

// nucleotide -1

// particle -1
sphere {
	<30.824474, 36.513783, 24.845469> 0.250000
	pigment { color rgbt <1,0,0,0> }
	no_shadow
}
cylinder {
	<30.740093, 36.900928, 24.900209>,  <30.689465, 37.133217, 24.933054>, 0.100000
	pigment { color rgbt <1,0,0,0> }
	no_shadow
}
cylinder {
	<30.740093, 36.900928, 24.900209>,  <30.824474, 36.513783, 24.845469>, 0.100000
	pigment { color rgbt <1,0,0,0> }
	no_shadow
}

// particle -1
sphere {
	<30.740093, 36.900928, 24.900209> 0.100000
	pigment { color rgbt <1,0,0,0> }
	no_shadow
}
sphere {
	0, 1
	scale<0.080000,0.200000,0.300000>
	matrix <0.916010, 0.146868, 0.373304,
		0.341210, 0.204109, -0.917560,
		-0.210955, 0.967869, 0.136853,
		30.676807, 37.191288, 24.941265>
	pigment { color rgbt <0,1,1,0> }
	no_shadow
}
cylinder {
	<31.421835, 36.814476, 24.494087>,  <30.824474, 36.513783, 24.845469>, 0.130000
	pigment { color rgbt <1,0,0,0> }
	no_shadow
}

// nucleotide -1

// particle -1
sphere {
	<31.421835, 36.814476, 24.494087> 0.250000
	pigment { color rgbt <1,0,0,0> }
	no_shadow
}
cylinder {
	<31.248938, 36.979359, 24.814899>,  <31.145199, 37.078289, 25.007387>, 0.100000
	pigment { color rgbt <1,0,0,0> }
	no_shadow
}
cylinder {
	<31.248938, 36.979359, 24.814899>,  <31.421835, 36.814476, 24.494087>, 0.100000
	pigment { color rgbt <1,0,0,0> }
	no_shadow
}

// particle -1
sphere {
	<31.248938, 36.979359, 24.814899> 0.100000
	pigment { color rgbt <1,0,0,0> }
	no_shadow
}
sphere {
	0, 1
	scale<0.080000,0.200000,0.300000>
	matrix <0.825846, -0.176225, 0.535652,
		0.362136, 0.893886, -0.264244,
		-0.432245, 0.412204, 0.802030,
		31.119265, 37.103020, 25.055508>
	pigment { color rgbt <0,1,1,0> }
	no_shadow
}
cylinder {
	<31.805548, 37.347637, 24.755808>,  <31.421835, 36.814476, 24.494087>, 0.130000
	pigment { color rgbt <1,0,0,0> }
	no_shadow
}

// nucleotide -1

// particle -1
sphere {
	<31.805548, 37.347637, 24.755808> 0.250000
	pigment { color rgbt <1,0,0,0> }
	no_shadow
}
cylinder {
	<31.609671, 37.167774, 25.054609>,  <31.492146, 37.059856, 25.233891>, 0.100000
	pigment { color rgbt <1,0,0,0> }
	no_shadow
}
cylinder {
	<31.609671, 37.167774, 25.054609>,  <31.805548, 37.347637, 24.755808>, 0.100000
	pigment { color rgbt <1,0,0,0> }
	no_shadow
}

// particle -1
sphere {
	<31.609671, 37.167774, 25.054609> 0.100000
	pigment { color rgbt <1,0,0,0> }
	no_shadow
}
sphere {
	0, 1
	scale<0.080000,0.200000,0.300000>
	matrix <0.825709, 0.035985, 0.562947,
		-0.280013, 0.892477, 0.353664,
		-0.489690, -0.449656, 0.747002,
		31.462763, 37.032879, 25.278709>
	pigment { color rgbt <0,1,1,0> }
	no_shadow
}
cylinder {
	<32.113056, 37.702374, 25.366413>,  <31.805548, 37.347637, 24.755808>, 0.130000
	pigment { color rgbt <1,0,0,0> }
	no_shadow
}

// nucleotide -1

// particle -1
sphere {
	<32.113056, 37.702374, 25.366413> 0.250000
	pigment { color rgbt <1,0,0,0> }
	no_shadow
}
cylinder {
	<31.926954, 37.358910, 25.452429>,  <31.815294, 37.152832, 25.504038>, 0.100000
	pigment { color rgbt <1,0,0,0> }
	no_shadow
}
cylinder {
	<31.926954, 37.358910, 25.452429>,  <32.113056, 37.702374, 25.366413>, 0.100000
	pigment { color rgbt <1,0,0,0> }
	no_shadow
}

// particle -1
sphere {
	<31.926954, 37.358910, 25.452429> 0.100000
	pigment { color rgbt <1,0,0,0> }
	no_shadow
}
sphere {
	0, 1
	scale<0.080000,0.200000,0.300000>
	matrix <0.741418, -0.245300, 0.624602,
		-0.483572, 0.450031, 0.750753,
		-0.465250, -0.858661, 0.215041,
		31.787378, 37.101311, 25.516941>
	pigment { color rgbt <0,1,1,0> }
	no_shadow
}
cylinder {
	<32.827019, 37.804543, 25.545156>,  <32.113056, 37.702374, 25.366413>, 0.130000
	pigment { color rgbt <1,0,0,0> }
	no_shadow
}

// nucleotide -1

// particle -1
sphere {
	<32.827019, 37.804543, 25.545156> 0.250000
	pigment { color rgbt <1,0,0,0> }
	no_shadow
}
cylinder {
	<33.042072, 38.140640, 25.517073>,  <33.171104, 38.342300, 25.500223>, 0.100000
	pigment { color rgbt <1,0,0,0> }
	no_shadow
}
cylinder {
	<33.042072, 38.140640, 25.517073>,  <32.827019, 37.804543, 25.545156>, 0.100000
	pigment { color rgbt <1,0,0,0> }
	no_shadow
}

// particle -1
sphere {
	<33.042072, 38.140640, 25.517073> 0.100000
	pigment { color rgbt <1,0,0,0> }
	no_shadow
}
sphere {
	0, 1
	scale<0.080000,0.200000,0.300000>
	matrix <-0.393556, 0.323714, 0.860420,
		0.745695, -0.434961, 0.504725,
		0.537635, 0.840249, -0.070210,
		33.203362, 38.392715, 25.496010>
	pigment { color rgbt <0,1,1,0> }
	no_shadow
}
cylinder {
	<33.257702, 37.837452, 26.157446>,  <32.827019, 37.804543, 25.545156>, 0.130000
	pigment { color rgbt <1,0,0,0> }
	no_shadow
}

// nucleotide -1

// particle -1
sphere {
	<33.257702, 37.837452, 26.157446> 0.250000
	pigment { color rgbt <1,0,0,0> }
	no_shadow
}
cylinder {
	<33.065670, 38.147339, 25.992847>,  <32.950451, 38.333271, 25.894089>, 0.100000
	pigment { color rgbt <1,0,0,0> }
	no_shadow
}
cylinder {
	<33.065670, 38.147339, 25.992847>,  <33.257702, 37.837452, 26.157446>, 0.100000
	pigment { color rgbt <1,0,0,0> }
	no_shadow
}

// particle -1
sphere {
	<33.065670, 38.147339, 25.992847> 0.100000
	pigment { color rgbt <1,0,0,0> }
	no_shadow
}
sphere {
	0, 1
	scale<0.080000,0.200000,0.300000>
	matrix <-0.592766, 0.059290, 0.803190,
		0.646644, 0.629520, 0.430763,
		-0.480084, 0.774719, -0.411498,
		32.921646, 38.379753, 25.869398>
	pigment { color rgbt <0,1,1,0> }
	no_shadow
}
cylinder {
	<33.389519, 38.400963, 26.614553>,  <33.257702, 37.837452, 26.157446>, 0.130000
	pigment { color rgbt <1,0,0,0> }
	no_shadow
}

// nucleotide -1

// particle -1
sphere {
	<33.389519, 38.400963, 26.614553> 0.250000
	pigment { color rgbt <1,0,0,0> }
	no_shadow
}
cylinder {
	<33.060120, 38.476902, 26.400705>,  <32.862480, 38.522465, 26.272396>, 0.100000
	pigment { color rgbt <1,0,0,0> }
	no_shadow
}
cylinder {
	<33.060120, 38.476902, 26.400705>,  <33.389519, 38.400963, 26.614553>, 0.100000
	pigment { color rgbt <1,0,0,0> }
	no_shadow
}

// particle -1
sphere {
	<33.060120, 38.476902, 26.400705> 0.100000
	pigment { color rgbt <1,0,0,0> }
	no_shadow
}
sphere {
	0, 1
	scale<0.080000,0.200000,0.300000>
	matrix <-0.509441, 0.167236, 0.844098,
		0.249656, 0.967466, -0.041003,
		-0.823493, 0.189846, -0.534619,
		32.813072, 38.533855, 26.240320>
	pigment { color rgbt <0,1,1,0> }
	no_shadow
}
cylinder {
	<33.014267, 38.971481, 26.998739>,  <33.389519, 38.400963, 26.614553>, 0.130000
	pigment { color rgbt <1,0,0,0> }
	no_shadow
}

// nucleotide -1

// particle -1
sphere {
	<33.014267, 38.971481, 26.998739> 0.250000
	pigment { color rgbt <1,0,0,0> }
	no_shadow
}
cylinder {
	<32.749077, 38.785358, 26.764151>,  <32.589962, 38.673683, 26.623398>, 0.100000
	pigment { color rgbt <1,0,0,0> }
	no_shadow
}
cylinder {
	<32.749077, 38.785358, 26.764151>,  <33.014267, 38.971481, 26.998739>, 0.100000
	pigment { color rgbt <1,0,0,0> }
	no_shadow
}

// particle -1
sphere {
	<32.749077, 38.785358, 26.764151> 0.100000
	pigment { color rgbt <1,0,0,0> }
	no_shadow
}
sphere {
	0, 1
	scale<0.080000,0.200000,0.300000>
	matrix <-0.632173, -0.071674, 0.771505,
		-0.401024, 0.882241, -0.246639,
		-0.662976, -0.465310, -0.586472,
		32.550182, 38.645767, 26.588209>
	pigment { color rgbt <0,1,1,0> }
	no_shadow
}
cylinder {
	<32.340908, 39.264332, 27.240204>,  <33.014267, 38.971481, 26.998739>, 0.130000
	pigment { color rgbt <1,0,0,0> }
	no_shadow
}

// nucleotide -1

// particle -1
sphere {
	<32.340908, 39.264332, 27.240204> 0.250000
	pigment { color rgbt <1,0,0,0> }
	no_shadow
}
cylinder {
	<32.258369, 38.946537, 27.011745>,  <32.208847, 38.755859, 26.874670>, 0.100000
	pigment { color rgbt <1,0,0,0> }
	no_shadow
}
cylinder {
	<32.258369, 38.946537, 27.011745>,  <32.340908, 39.264332, 27.240204>, 0.100000
	pigment { color rgbt <1,0,0,0> }
	no_shadow
}

// particle -1
sphere {
	<32.258369, 38.946537, 27.011745> 0.100000
	pigment { color rgbt <1,0,0,0> }
	no_shadow
}
sphere {
	0, 1
	scale<0.080000,0.200000,0.300000>
	matrix <-0.771734, -0.226705, 0.594165,
		-0.601539, 0.563376, -0.566355,
		-0.206343, -0.794489, -0.571149,
		32.196468, 38.708191, 26.840401>
	pigment { color rgbt <0,1,1,0> }
	no_shadow
}
cylinder {
	<31.629704, 39.379547, 26.986801>,  <32.340908, 39.264332, 27.240204>, 0.130000
	pigment { color rgbt <1,0,0,0> }
	no_shadow
}

// nucleotide -1

// particle -1
sphere {
	<31.629704, 39.379547, 26.986801> 0.250000
	pigment { color rgbt <1,0,0,0> }
	no_shadow
}
cylinder {
	<31.720566, 38.990013, 26.983908>,  <31.775084, 38.756294, 26.982172>, 0.100000
	pigment { color rgbt <1,0,0,0> }
	no_shadow
}
cylinder {
	<31.720566, 38.990013, 26.983908>,  <31.629704, 39.379547, 26.986801>, 0.100000
	pigment { color rgbt <1,0,0,0> }
	no_shadow
}

// particle -1
sphere {
	<31.720566, 38.990013, 26.983908> 0.100000
	pigment { color rgbt <1,0,0,0> }
	no_shadow
}
sphere {
	0, 1
	scale<0.080000,0.200000,0.300000>
	matrix <-0.689726, -0.166120, 0.704757,
		-0.687516, -0.155102, -0.709412,
		0.227157, -0.973832, -0.007232,
		31.788713, 38.697865, 26.981739>
	pigment { color rgbt <0,1,1,0> }
	no_shadow
}
cylinder {
	<30.948473, 39.058468, 26.939472>,  <31.629704, 39.379547, 26.986801>, 0.130000
	pigment { color rgbt <1,0,0,0> }
	no_shadow
}

// nucleotide -1

// particle -1
sphere {
	<30.948473, 39.058468, 26.939472> 0.250000
	pigment { color rgbt <1,0,0,0> }
	no_shadow
}
cylinder {
	<31.177988, 38.753101, 27.058104>,  <31.315697, 38.569881, 27.129282>, 0.100000
	pigment { color rgbt <1,0,0,0> }
	no_shadow
}
cylinder {
	<31.177988, 38.753101, 27.058104>,  <30.948473, 39.058468, 26.939472>, 0.100000
	pigment { color rgbt <1,0,0,0> }
	no_shadow
}

// particle -1
sphere {
	<31.177988, 38.753101, 27.058104> 0.100000
	pigment { color rgbt <1,0,0,0> }
	no_shadow
}
sphere {
	0, 1
	scale<0.080000,0.200000,0.300000>
	matrix <-0.711276, -0.284972, 0.642555,
		-0.406021, -0.579641, -0.706515,
		0.573788, -0.763418, 0.296580,
		31.350124, 38.524075, 27.147078>
	pigment { color rgbt <0,1,1,0> }
	no_shadow
}
cylinder {
	<30.660074, 38.294544, 26.789986>,  <30.948473, 39.058468, 26.939472>, 0.130000
	pigment { color rgbt <1,0,0,0> }
	no_shadow
}

// nucleotide -1

// particle -1
sphere {
	<30.660074, 38.294544, 26.789986> 0.250000
	pigment { color rgbt <1,0,0,0> }
	no_shadow
}
cylinder {
	<30.903372, 38.276295, 27.106960>,  <31.049351, 38.265347, 27.297146>, 0.100000
	pigment { color rgbt <1,0,0,0> }
	no_shadow
}
cylinder {
	<30.903372, 38.276295, 27.106960>,  <30.660074, 38.294544, 26.789986>, 0.100000
	pigment { color rgbt <1,0,0,0> }
	no_shadow
}

// particle -1
sphere {
	<30.903372, 38.276295, 27.106960> 0.100000
	pigment { color rgbt <1,0,0,0> }
	no_shadow
}
sphere {
	0, 1
	scale<0.080000,0.200000,0.300000>
	matrix <-0.739295, -0.395968, 0.544658,
		0.288929, -0.917130, -0.274576,
		0.608245, -0.045625, 0.792437,
		31.085846, 38.262608, 27.344692>
	pigment { color rgbt <0,1,1,0> }
	no_shadow
}
cylinder {
	<30.565321, 37.608410, 27.031837>,  <30.660074, 38.294544, 26.789986>, 0.130000
	pigment { color rgbt <1,0,0,0> }
	no_shadow
}

// nucleotide -1

// particle -1
sphere {
	<30.565321, 37.608410, 27.031837> 0.250000
	pigment { color rgbt <1,0,0,0> }
	no_shadow
}
cylinder {
	<30.761499, 37.787659, 27.330809>,  <30.879208, 37.895210, 27.510191>, 0.100000
	pigment { color rgbt <1,0,0,0> }
	no_shadow
}
cylinder {
	<30.761499, 37.787659, 27.330809>,  <30.565321, 37.608410, 27.031837>, 0.100000
	pigment { color rgbt <1,0,0,0> }
	no_shadow
}

// particle -1
sphere {
	<30.761499, 37.787659, 27.330809> 0.100000
	pigment { color rgbt <1,0,0,0> }
	no_shadow
}
sphere {
	0, 1
	scale<0.080000,0.200000,0.300000>
