// switches for output
#declare DRAW_BASES = 1; // possible values are 0, 1; only relevant for DNA ribbons
#declare DRAW_BASES_TYPE = 3; // possible values are 1, 2, 3; only relevant for DNA ribbons
#declare DRAW_FOG = 0; // set to 1 to enable fog

#include "colors.inc"

#include "transforms.inc"
background { rgb <1, 1, 1>}

#default {
   normal{
       ripples 0.25
       frequency 0.20
       turbulence 0.2
       lambda 5
   }
	finish {
		phong 0.1
		phong_size 40.
	}
}

// original window dimensions: 1024x640


// camera settings

camera {
	sky <0, 0.179814, -0.983701>
	up <0, 0.179814, -0.983701>
	right 1.6 * <1, 0, 0>
	location <35, 94.9851, 44.8844>
	look_at <35, 29.7336, 32.9568>
	direction <0, -65.2515, -11.9276>
	angle 67.0682
}


# declare cpy_camera_pos = <35, 94.9851, 44.8844>;
# if (DRAW_FOG = 1)
fog {
	fog_type 2
	up vnormalize(cpy_camera_pos)
	color rgbt<1,1,1,0.3>
	distance 1e-5
	fog_alt 3e-3
	fog_offset 56
}
# end


// LIGHTS

# declare lum = 6;
global_settings {
	ambient_light rgb lum * <0.05, 0.05, 0.05>
	max_trace_level 15
}# declare cpy_direct_light_amount = 0.25;
light_source
{	1000 * <-1, -1.16352, -0.803886>,
	rgb lum * cpy_direct_light_amount
	parallel
}

light_source
{	1000 * <1, 1.16352, 0.803886>,
	rgb lum * cpy_direct_light_amount
	parallel
}

// strand 0

// nucleotide -1

// particle -1
sphere {
	<24.245132, 34.220181, 34.938728> 0.250000
	pigment { color rgbt <1,0,0,0> }
	no_shadow
}
cylinder {
	<24.247150, 34.589931, 35.091309>,  <24.248362, 34.811783, 35.182858>, 0.100000
	pigment { color rgbt <1,0,0,0> }
	no_shadow
}
cylinder {
	<24.247150, 34.589931, 35.091309>,  <24.245132, 34.220181, 34.938728>, 0.100000
	pigment { color rgbt <1,0,0,0> }
	no_shadow
}

// particle -1
sphere {
	<24.247150, 34.589931, 35.091309> 0.100000
	pigment { color rgbt <1,0,0,0> }
	no_shadow
}
sphere {
	0, 1
	scale<0.080000,0.200000,0.300000>
	matrix <0.819078, 0.215008, -0.531867,
		-0.573660, 0.315118, -0.756052,
		0.005044, 0.924377, 0.381448,
		24.248663, 34.867245, 35.205742>
	pigment { color rgbt <0,1,1,0> }
	no_shadow
}
cylinder {
	<24.446188, 34.748032, 34.504143>,  <24.245132, 34.220181, 34.938728>, 0.130000
	pigment { color rgbt <1,0,0,0> }
	no_shadow
}

// nucleotide -1

// particle -1
sphere {
	<24.446188, 34.748032, 34.504143> 0.250000
	pigment { color rgbt <1,0,0,0> }
	no_shadow
}
cylinder {
	<24.544193, 34.930424, 34.846382>,  <24.602997, 35.039860, 35.051727>, 0.100000
	pigment { color rgbt <1,0,0,0> }
	no_shadow
}
cylinder {
	<24.544193, 34.930424, 34.846382>,  <24.446188, 34.748032, 34.504143>, 0.100000
	pigment { color rgbt <1,0,0,0> }
	no_shadow
}

// particle -1
sphere {
	<24.544193, 34.930424, 34.846382> 0.100000
	pigment { color rgbt <1,0,0,0> }
	no_shadow
}
sphere {
	0, 1
	scale<0.080000,0.200000,0.300000>
	matrix <0.892530, 0.238561, -0.382727,
		-0.378628, 0.857422, -0.348523,
		0.245015, 0.455978, 0.855600,
		24.617697, 35.067219, 35.103062>
	pigment { color rgbt <0,1,1,0> }
	no_shadow
}
cylinder {
	<24.804819, 35.435318, 34.381927>,  <24.446188, 34.748032, 34.504143>, 0.130000
	pigment { color rgbt <1,0,0,0> }
	no_shadow
}

// nucleotide -1

// particle -1
sphere {
	<24.804819, 35.435318, 34.381927> 0.250000
	pigment { color rgbt <1,0,0,0> }
	no_shadow
}
cylinder {
	<24.897909, 35.335014, 34.757790>,  <24.953764, 35.274834, 34.983307>, 0.100000
	pigment { color rgbt <1,0,0,0> }
	no_shadow
}
cylinder {
	<24.897909, 35.335014, 34.757790>,  <24.804819, 35.435318, 34.381927>, 0.100000
	pigment { color rgbt <1,0,0,0> }
	no_shadow
}

// particle -1
sphere {
	<24.897909, 35.335014, 34.757790> 0.100000
	pigment { color rgbt <1,0,0,0> }
	no_shadow
}
sphere {
	0, 1
	scale<0.080000,0.200000,0.300000>
	matrix <0.970680, 0.000130, -0.240373,
		0.060153, 0.968050, 0.243433,
		0.232725, -0.250755, 0.939660,
		24.967726, 35.259789, 35.039688>
	pigment { color rgbt <0,1,1,0> }
	no_shadow
}
cylinder {
	<25.259842, 35.977299, 34.749920>,  <24.804819, 35.435318, 34.381927>, 0.130000
	pigment { color rgbt <1,0,0,0> }
	no_shadow
}

// nucleotide -1

// particle -1
sphere {
	<25.259842, 35.977299, 34.749920> 0.250000
	pigment { color rgbt <1,0,0,0> }
	no_shadow
}
cylinder {
	<25.291138, 35.589134, 34.841290>,  <25.309916, 35.356236, 34.896111>, 0.100000
	pigment { color rgbt <1,0,0,0> }
	no_shadow
}
cylinder {
	<25.291138, 35.589134, 34.841290>,  <25.259842, 35.977299, 34.749920>, 0.100000
	pigment { color rgbt <1,0,0,0> }
	no_shadow
}

// particle -1
sphere {
	<25.291138, 35.589134, 34.841290> 0.100000
	pigment { color rgbt <1,0,0,0> }
	no_shadow
}
sphere {
	0, 1
	scale<0.080000,0.200000,0.300000>
	matrix <0.932107, -0.010068, -0.362043,
		0.353631, 0.241243, 0.903741,
		0.078241, -0.970413, 0.228424,
		25.314610, 35.298012, 34.909817>
	pigment { color rgbt <0,1,1,0> }
	no_shadow
}
cylinder {
	<25.818470, 35.799194, 35.294094>,  <25.259842, 35.977299, 34.749920>, 0.130000
	pigment { color rgbt <1,0,0,0> }
	no_shadow
}

// nucleotide -1

// particle -1
sphere {
	<25.818470, 35.799194, 35.294094> 0.250000
	pigment { color rgbt <1,0,0,0> }
	no_shadow
}
cylinder {
	<25.759329, 35.473167, 35.070019>,  <25.723845, 35.277550, 34.935574>, 0.100000
	pigment { color rgbt <1,0,0,0> }
	no_shadow
}
cylinder {
	<25.759329, 35.473167, 35.070019>,  <25.818470, 35.799194, 35.294094>, 0.100000
	pigment { color rgbt <1,0,0,0> }
	no_shadow
}

// particle -1
sphere {
	<25.759329, 35.473167, 35.070019> 0.100000
	pigment { color rgbt <1,0,0,0> }
	no_shadow
}
sphere {
	0, 1
	scale<0.080000,0.200000,0.300000>
	matrix <0.972333, -0.016217, -0.233037,
		0.180856, -0.579141, 0.794913,
		-0.147852, -0.815066, -0.560185,
		25.714973, 35.228649, 34.901962>
	pigment { color rgbt <0,1,1,0> }
	no_shadow
}
cylinder {
	<26.426958, 35.307755, 35.403217>,  <25.818470, 35.799194, 35.294094>, 0.130000
	pigment { color rgbt <1,0,0,0> }
	no_shadow
}

// nucleotide -1

// particle -1
sphere {
	<26.426958, 35.307755, 35.403217> 0.250000
	pigment { color rgbt <1,0,0,0> }
	no_shadow
}
cylinder {
	<26.289280, 35.195843, 35.044720>,  <26.206673, 35.128696, 34.829620>, 0.100000
	pigment { color rgbt <1,0,0,0> }
	no_shadow
}
cylinder {
	<26.289280, 35.195843, 35.044720>,  <26.426958, 35.307755, 35.403217>, 0.100000
	pigment { color rgbt <1,0,0,0> }
	no_shadow
}

// particle -1
sphere {
	<26.289280, 35.195843, 35.044720> 0.100000
	pigment { color rgbt <1,0,0,0> }
	no_shadow
}
sphere {
	0, 1
	scale<0.080000,0.200000,0.300000>
	matrix <0.936569, -0.035099, -0.348722,
		0.066107, -0.959424, 0.274110,
		-0.344193, -0.279776, -0.896246,
		26.186022, 35.111912, 34.775845>
	pigment { color rgbt <0,1,1,0> }
	no_shadow
}
cylinder {
	<26.883923, 34.740021, 35.130642>,  <26.426958, 35.307755, 35.403217>, 0.130000
	pigment { color rgbt <1,0,0,0> }
	no_shadow
}

// nucleotide -1

// particle -1
sphere {
	<26.883923, 34.740021, 35.130642> 0.250000
	pigment { color rgbt <1,0,0,0> }
	no_shadow
}
cylinder {
	<26.686804, 34.851261, 34.800838>,  <26.568533, 34.918003, 34.602955>, 0.100000
	pigment { color rgbt <1,0,0,0> }
	no_shadow
}
cylinder {
	<26.686804, 34.851261, 34.800838>,  <26.883923, 34.740021, 35.130642>, 0.100000
	pigment { color rgbt <1,0,0,0> }
	no_shadow
}

// particle -1
sphere {
	<26.686804, 34.851261, 34.800838> 0.100000
	pigment { color rgbt <1,0,0,0> }
	no_shadow
}
sphere {
	0, 1
	scale<0.080000,0.200000,0.300000>
	matrix <0.855046, -0.020988, -0.518127,
		-0.161395, -0.960324, -0.227443,
		-0.492796, 0.278097, -0.824509,
		26.538965, 34.934689, 34.553486>
	pigment { color rgbt <0,1,1,0> }
	no_shadow
}
cylinder {
	<27.328121, 34.528111, 34.523384>,  <26.883923, 34.740021, 35.130642>, 0.130000
	pigment { color rgbt <1,0,0,0> }
	no_shadow
}

// nucleotide -1

// particle -1
sphere {
	<27.328121, 34.528111, 34.523384> 0.250000
	pigment { color rgbt <1,0,0,0> }
	no_shadow
}
cylinder {
	<27.070469, 34.764381, 34.328987>,  <26.915876, 34.906143, 34.212349>, 0.100000
	pigment { color rgbt <1,0,0,0> }
	no_shadow
}
cylinder {
	<27.070469, 34.764381, 34.328987>,  <27.328121, 34.528111, 34.523384>, 0.100000
	pigment { color rgbt <1,0,0,0> }
	no_shadow
}

// particle -1
sphere {
	<27.070469, 34.764381, 34.328987> 0.100000
	pigment { color rgbt <1,0,0,0> }
	no_shadow
}
sphere {
	0, 1
	scale<0.080000,0.200000,0.300000>
	matrix <0.678309, 0.147431, -0.719834,
		-0.353539, -0.793324, -0.495628,
		-0.644132, 0.590679, -0.485996,
		26.877230, 34.941586, 34.183189>
	pigment { color rgbt <0,1,1,0> }
	no_shadow
}
cylinder {
	<27.251160, 34.441261, 33.862026>,  <27.328121, 34.528111, 34.523384>, 0.130000
	pigment { color rgbt <1,0,0,0> }
	no_shadow
}

// nucleotide -1

// particle -1
sphere {
	<27.251160, 34.441261, 33.862026> 0.250000
	pigment { color rgbt <1,0,0,0> }
	no_shadow
}
cylinder {
	<27.135731, 34.824203, 33.856411>,  <27.066473, 35.053970, 33.853043>, 0.100000
	pigment { color rgbt <1,0,0,0> }
	no_shadow
}
cylinder {
	<27.135731, 34.824203, 33.856411>,  <27.251160, 34.441261, 33.862026>, 0.100000
	pigment { color rgbt <1,0,0,0> }
	no_shadow
}

// particle -1
sphere {
	<27.135731, 34.824203, 33.856411> 0.100000
	pigment { color rgbt <1,0,0,0> }
	no_shadow
}
sphere {
	0, 1
	scale<0.080000,0.200000,0.300000>
	matrix <0.677410, 0.193785, -0.709622,
		-0.676640, -0.214285, -0.704443,
		-0.288572, 0.957355, -0.014036,
		27.049160, 35.111408, 33.852200>
	pigment { color rgbt <0,1,1,0> }
	no_shadow
}
cylinder {
	<27.077751, 34.570969, 33.182705>,  <27.251160, 34.441261, 33.862026>, 0.130000
	pigment { color rgbt <1,0,0,0> }
	no_shadow
}

// nucleotide -1

// particle -1
sphere {
	<27.077751, 34.570969, 33.182705> 0.250000
	pigment { color rgbt <1,0,0,0> }
	no_shadow
}
cylinder {
	<27.162197, 34.924660, 33.349354>,  <27.212864, 35.136875, 33.449345>, 0.100000
	pigment { color rgbt <1,0,0,0> }
	no_shadow
}
cylinder {
	<27.162197, 34.924660, 33.349354>,  <27.077751, 34.570969, 33.182705>, 0.100000
	pigment { color rgbt <1,0,0,0> }
	no_shadow
}

// particle -1
sphere {
	<27.162197, 34.924660, 33.349354> 0.100000
	pigment { color rgbt <1,0,0,0> }
	no_shadow
}
sphere {
	0, 1
	scale<0.080000,0.200000,0.300000>
	matrix <0.479874, 0.277574, -0.832270,
		-0.851559, 0.375631, -0.365718,
		0.211113, 0.884225, 0.416626,
		27.225531, 35.189926, 33.474342>
	pigment { color rgbt <0,1,1,0> }
	no_shadow
}
cylinder {
	<27.128033, 34.980877, 32.607273>,  <27.077751, 34.570969, 33.182705>, 0.130000
	pigment { color rgbt <1,0,0,0> }
	no_shadow
}

// nucleotide -1

// particle -1
sphere {
	<27.128033, 34.980877, 32.607273> 0.250000
	pigment { color rgbt <1,0,0,0> }
	no_shadow
}
cylinder {
	<27.270445, 35.187534, 32.918739>,  <27.355892, 35.311531, 33.105618>, 0.100000
	pigment { color rgbt <1,0,0,0> }
	no_shadow
}
cylinder {
	<27.270445, 35.187534, 32.918739>,  <27.128033, 34.980877, 32.607273>, 0.100000
	pigment { color rgbt <1,0,0,0> }
	no_shadow
}

// particle -1
sphere {
	<27.270445, 35.187534, 32.918739> 0.100000
	pigment { color rgbt <1,0,0,0> }
	no_shadow
}
sphere {
	0, 1
	scale<0.080000,0.200000,0.300000>
	matrix <0.716060, 0.384556, -0.582559,
		-0.600417, 0.764979, -0.233036,
		0.356030, 0.516647, 0.778665,
		27.377254, 35.342529, 33.152340>
	pigment { color rgbt <0,1,1,0> }
	no_shadow
}
cylinder {
	<27.205042, 35.703506, 32.375736>,  <27.128033, 34.980877, 32.607273>, 0.130000
	pigment { color rgbt <1,0,0,0> }
	no_shadow
}

// nucleotide -1

// particle -1
sphere {
	<27.205042, 35.703506, 32.375736> 0.250000
	pigment { color rgbt <1,0,0,0> }
	no_shadow
}
cylinder {
	<27.458679, 35.667374, 32.682922>,  <27.610863, 35.645695, 32.867233>, 0.100000
	pigment { color rgbt <1,0,0,0> }
	no_shadow
}
cylinder {
	<27.458679, 35.667374, 32.682922>,  <27.205042, 35.703506, 32.375736>, 0.100000
	pigment { color rgbt <1,0,0,0> }
	no_shadow
}

// particle -1
sphere {
	<27.458679, 35.667374, 32.682922> 0.100000
	pigment { color rgbt <1,0,0,0> }
	no_shadow
}
sphere {
	0, 1
	scale<0.080000,0.200000,0.300000>
	matrix <0.707236, 0.469296, -0.528752,
		-0.312637, 0.878409, 0.361464,
		0.634094, -0.090333, 0.767961,
		27.648907, 35.640274, 32.913311>
	pigment { color rgbt <0,1,1,0> }
	no_shadow
}
cylinder {
	<27.610052, 36.240887, 32.311123>,  <27.205042, 35.703506, 32.375736>, 0.130000
	pigment { color rgbt <1,0,0,0> }
	no_shadow
}

// nucleotide -1

// particle -1
sphere {
	<27.610052, 36.240887, 32.311123> 0.250000
	pigment { color rgbt <1,0,0,0> }
	no_shadow
}
cylinder {
	<27.829475, 36.026684, 32.567970>,  <27.961128, 35.898163, 32.722080>, 0.100000
	pigment { color rgbt <1,0,0,0> }
	no_shadow
}
cylinder {
	<27.829475, 36.026684, 32.567970>,  <27.610052, 36.240887, 32.311123>, 0.100000
	pigment { color rgbt <1,0,0,0> }
	no_shadow
}

// particle -1
sphere {
	<27.829475, 36.026684, 32.567970> 0.100000
	pigment { color rgbt <1,0,0,0> }
	no_shadow
}
sphere {
	0, 1
	scale<0.080000,0.200000,0.300000>
	matrix <0.836067, 0.343195, -0.428030,
		0.008839, 0.771656, 0.635979,
		0.548557, -0.535504, 0.642122,
		27.994043, 35.866032, 32.760609>
	pigment { color rgbt <0,1,1,0> }
	no_shadow
}
cylinder {
	<28.109898, 36.728611, 32.650131>,  <27.610052, 36.240887, 32.311123>, 0.130000
	pigment { color rgbt <1,0,0,0> }
	no_shadow
}

// nucleotide -1

// particle -1
sphere {
	<28.109898, 36.728611, 32.650131> 0.250000
	pigment { color rgbt <1,0,0,0> }
	no_shadow
}
cylinder {
	<28.251829, 36.354702, 32.656998>,  <28.336988, 36.130356, 32.661118>, 0.100000
	pigment { color rgbt <1,0,0,0> }
	no_shadow
}
cylinder {
	<28.251829, 36.354702, 32.656998>,  <28.109898, 36.728611, 32.650131>, 0.100000
	pigment { color rgbt <1,0,0,0> }
	no_shadow
}

// particle -1
sphere {
	<28.251829, 36.354702, 32.656998> 0.100000
	pigment { color rgbt <1,0,0,0> }
	no_shadow
}
sphere {
	0, 1
	scale<0.080000,0.200000,0.300000>
	matrix <0.751391, 0.274196, -0.600190,
		0.556335, 0.225863, 0.799673,
		0.354828, -0.934774, 0.017167,
		28.358278, 36.074268, 32.662148>
	pigment { color rgbt <0,1,1,0> }
	no_shadow
}
cylinder {
	<28.916897, 36.774181, 32.633335>,  <28.109898, 36.728611, 32.650131>, 0.130000
	pigment { color rgbt <1,0,0,0> }
	no_shadow
}

// nucleotide -1

// particle -1
sphere {
	<28.916897, 36.774181, 32.633335> 0.250000
	pigment { color rgbt <1,0,0,0> }
	no_shadow
}
cylinder {
	<28.828011, 36.402718, 32.514538>,  <28.774679, 36.179840, 32.443260>, 0.100000
	pigment { color rgbt <1,0,0,0> }
	no_shadow
}
cylinder {
	<28.828011, 36.402718, 32.514538>,  <28.916897, 36.774181, 32.633335>, 0.100000
	pigment { color rgbt <1,0,0,0> }
	no_shadow
}

// particle -1
sphere {
	<28.828011, 36.402718, 32.514538> 0.100000
	pigment { color rgbt <1,0,0,0> }
	no_shadow
}
sphere {
	0, 1
	scale<0.080000,0.200000,0.300000>
	matrix <0.862946, -0.045552, -0.503239,
		0.453811, -0.368114, 0.811509,
		-0.222215, -0.928664, -0.296991,
		28.761347, 36.124119, 32.425442>
	pigment { color rgbt <0,1,1,0> }
	no_shadow
}
cylinder {
	<29.583139, 36.387772, 32.746037>,  <28.916897, 36.774181, 32.633335>, 0.130000
	pigment { color rgbt <1,0,0,0> }
	no_shadow
}

// nucleotide -1

// particle -1
sphere {
	<29.583139, 36.387772, 32.746037> 0.250000
	pigment { color rgbt <1,0,0,0> }
	no_shadow
}
cylinder {
	<29.357986, 36.171444, 32.496021>,  <29.222895, 36.041645, 32.346012>, 0.100000
	pigment { color rgbt <1,0,0,0> }
	no_shadow
}
cylinder {
	<29.357986, 36.171444, 32.496021>,  <29.583139, 36.387772, 32.746037>, 0.100000
	pigment { color rgbt <1,0,0,0> }
	no_shadow
}

// particle -1
sphere {
	<29.357986, 36.171444, 32.496021> 0.100000
	pigment { color rgbt <1,0,0,0> }
	no_shadow
}
sphere {
	0, 1
	scale<0.080000,0.200000,0.300000>
	matrix <0.794523, -0.145622, -0.589514,
		0.227804, -0.828435, 0.511665,
		-0.562883, -0.540823, -0.625038,
		29.189121, 36.009197, 32.308510>
	pigment { color rgbt <0,1,1,0> }
	no_shadow
}
cylinder {
	<30.045269, 35.976879, 32.477951>,  <29.583139, 36.387772, 32.746037>, 0.130000
	pigment { color rgbt <1,0,0,0> }
	no_shadow
}

// nucleotide -1

// particle -1
sphere {
	<30.045269, 35.976879, 32.477951> 0.250000
	pigment { color rgbt <1,0,0,0> }
	no_shadow
}
cylinder {
	<29.755028, 35.900108, 32.213627>,  <29.580883, 35.854046, 32.055035>, 0.100000
	pigment { color rgbt <1,0,0,0> }
	no_shadow
}
cylinder {
	<29.755028, 35.900108, 32.213627>,  <30.045269, 35.976879, 32.477951>, 0.100000
	pigment { color rgbt <1,0,0,0> }
	no_shadow
}

// particle -1
sphere {
	<29.755028, 35.900108, 32.213627> 0.100000
	pigment { color rgbt <1,0,0,0> }
	no_shadow
}
sphere {
	0, 1
	scale<0.080000,0.200000,0.300000>
	matrix <0.687323, -0.156134, -0.709372,
		0.032972, -0.968910, 0.245206,
		-0.725603, -0.191925, -0.660806,
		29.537348, 35.842529, 32.015385>
	pigment { color rgbt <0,1,1,0> }
	no_shadow
}
cylinder {
	<30.180500, 35.323456, 32.137012>,  <30.045269, 35.976879, 32.477951>, 0.130000
	pigment { color rgbt <1,0,0,0> }
	no_shadow
}

// nucleotide -1

// particle -1
sphere {
	<30.180500, 35.323456, 32.137012> 0.250000
	pigment { color rgbt <1,0,0,0> }
	no_shadow
}
cylinder {
	<29.954533, 35.547138, 31.894310>,  <29.818953, 35.681347, 31.748688>, 0.100000
	pigment { color rgbt <1,0,0,0> }
	no_shadow
}
cylinder {
	<29.954533, 35.547138, 31.894310>,  <30.180500, 35.323456, 32.137012>, 0.100000
	pigment { color rgbt <1,0,0,0> }
	no_shadow
}

// particle -1
sphere {
	<29.954533, 35.547138, 31.894310> 0.100000
	pigment { color rgbt <1,0,0,0> }
	no_shadow
}
sphere {
	0, 1
	scale<0.080000,0.200000,0.300000>
	matrix <0.605368, -0.218801, -0.765282,
		-0.560709, -0.799635, -0.214920,
		-0.564921, 0.559206, -0.606757,
		29.785057, 35.714901, 31.712282>
	pigment { color rgbt <0,1,1,0> }
	no_shadow
}
cylinder {
	<30.128466, 34.930809, 31.592764>,  <30.180500, 35.323456, 32.137012>, 0.130000
	pigment { color rgbt <1,0,0,0> }
	no_shadow
}

// nucleotide -1

// particle -1
sphere {
	<30.128466, 34.930809, 31.592764> 0.250000
	pigment { color rgbt <1,0,0,0> }
	no_shadow
}
cylinder {
	<30.015692, 35.291973, 31.462982>,  <29.948027, 35.508671, 31.385113>, 0.100000
	pigment { color rgbt <1,0,0,0> }
	no_shadow
}
cylinder {
	<30.015692, 35.291973, 31.462982>,  <30.128466, 34.930809, 31.592764>, 0.100000
	pigment { color rgbt <1,0,0,0> }
	no_shadow
}

// particle -1
sphere {
	<30.015692, 35.291973, 31.462982> 0.100000
	pigment { color rgbt <1,0,0,0> }
	no_shadow
}
sphere {
	0, 1
	scale<0.080000,0.200000,0.300000>
	matrix <0.322779, -0.229196, -0.918304,
		-0.903508, -0.363628, -0.226821,
		-0.281935, 0.902908, -0.324452,
		29.931110, 35.562847, 31.365646>
	pigment { color rgbt <0,1,1,0> }
	no_shadow
}
cylinder {
	<29.682920, 34.861774, 31.051954>,  <30.128466, 34.930809, 31.592764>, 0.130000
	pigment { color rgbt <1,0,0,0> }
	no_shadow
}

// nucleotide -1

// particle -1
sphere {
	<29.682920, 34.861774, 31.051954> 0.250000
	pigment { color rgbt <1,0,0,0> }
	no_shadow
}
cylinder {
	<29.825417, 35.232861, 31.007359>,  <29.910913, 35.455513, 30.980602>, 0.100000
	pigment { color rgbt <1,0,0,0> }
	no_shadow
}
cylinder {
	<29.825417, 35.232861, 31.007359>,  <29.682920, 34.861774, 31.051954>, 0.100000
	pigment { color rgbt <1,0,0,0> }
	no_shadow
}

// particle -1
sphere {
	<29.825417, 35.232861, 31.007359> 0.100000
	pigment { color rgbt <1,0,0,0> }
	no_shadow
}
sphere {
	0, 1
	scale<0.080000,0.200000,0.300000>
	matrix <0.415283, -0.264080, -0.870518,
		-0.837038, 0.263814, -0.479342,
		0.356240, 0.927720, -0.111488,
		29.932289, 35.511177, 30.973911>
	pigment { color rgbt <0,1,1,0> }
	no_shadow
}
cylinder {
	<29.516890, 35.112968, 30.358801>,  <29.682920, 34.861774, 31.051954>, 0.130000
	pigment { color rgbt <1,0,0,0> }
	no_shadow
}

// nucleotide -1

// particle -1
sphere {
	<29.516890, 35.112968, 30.358801> 0.250000
	pigment { color rgbt <1,0,0,0> }
	no_shadow
}
cylinder {
	<29.830809, 35.340977, 30.456099>,  <30.019159, 35.477783, 30.514477>, 0.100000
	pigment { color rgbt <1,0,0,0> }
	no_shadow
}
cylinder {
	<29.830809, 35.340977, 30.456099>,  <29.516890, 35.112968, 30.358801>, 0.100000
	pigment { color rgbt <1,0,0,0> }
	no_shadow
}

// particle -1
sphere {
	<29.830809, 35.340977, 30.456099> 0.100000
	pigment { color rgbt <1,0,0,0> }
	no_shadow
}
sphere {
	0, 1
	scale<0.080000,0.200000,0.300000>
	matrix <0.289833, 0.009351, -0.957031,
		-0.547807, 0.821574, -0.157874,
		0.784796, 0.570025, 0.243242,
		30.066248, 35.511986, 30.529072>
	pigment { color rgbt <0,1,1,0> }
	no_shadow
}
cylinder {
	<29.612261, 35.559795, 29.819515>,  <29.516890, 35.112968, 30.358801>, 0.130000
	pigment { color rgbt <1,0,0,0> }
	no_shadow
}

// nucleotide -1

// particle -1
sphere {
	<29.612261, 35.559795, 29.819515> 0.250000
	pigment { color rgbt <1,0,0,0> }
	no_shadow
}
cylinder {
	<29.966688, 35.518238, 30.000219>,  <30.179344, 35.493301, 30.108643>, 0.100000
	pigment { color rgbt <1,0,0,0> }
	no_shadow
}
cylinder {
	<29.966688, 35.518238, 30.000219>,  <29.612261, 35.559795, 29.819515>, 0.100000
	pigment { color rgbt <1,0,0,0> }
	no_shadow
}

// particle -1
sphere {
	<29.966688, 35.518238, 30.000219> 0.100000
	pigment { color rgbt <1,0,0,0> }
	no_shadow
}
sphere {
	0, 1
	scale<0.080000,0.200000,0.300000>
	matrix <0.431875, -0.169069, -0.885946,
		0.168424, 0.980113, -0.104937,
		0.886068, -0.103895, 0.451762,
		30.232510, 35.487068, 30.135748>
	pigment { color rgbt <0,1,1,0> }
	no_shadow
}
cylinder {
	<30.113188, 36.016792, 29.450909>,  <29.612261, 35.559795, 29.819515>, 0.130000
	pigment { color rgbt <1,0,0,0> }
	no_shadow
}

// nucleotide -1

// particle -1
sphere {
	<30.113188, 36.016792, 29.450909> 0.250000
	pigment { color rgbt <1,0,0,0> }
	no_shadow
}
cylinder {
	<30.326712, 35.732594, 29.634317>,  <30.454826, 35.562073, 29.744364>, 0.100000
	pigment { color rgbt <1,0,0,0> }
	no_shadow
}
cylinder {
	<30.326712, 35.732594, 29.634317>,  <30.113188, 36.016792, 29.450909>, 0.100000
	pigment { color rgbt <1,0,0,0> }
	no_shadow
}

// particle -1
sphere {
	<30.326712, 35.732594, 29.634317> 0.100000
	pigment { color rgbt <1,0,0,0> }
	no_shadow
}
sphere {
	0, 1
	scale<0.080000,0.200000,0.300000>
	matrix <0.389772, -0.274464, -0.879061,
		0.750417, 0.647970, 0.130420,
		0.533810, -0.710496, 0.458523,
		30.486855, 35.519444, 29.771873>
	pigment { color rgbt <0,1,1,0> }
	no_shadow
}
cylinder {
	<30.673351, 36.094467, 29.125553>,  <30.113188, 36.016792, 29.450909>, 0.130000
	pigment { color rgbt <1,0,0,0> }
	no_shadow
}

// nucleotide -1

// particle -1
sphere {
	<30.673351, 36.094467, 29.125553> 0.250000
	pigment { color rgbt <1,0,0,0> }
	no_shadow
}
cylinder {
	<30.742325, 35.749557, 29.316027>,  <30.783709, 35.542614, 29.430311>, 0.100000
	pigment { color rgbt <1,0,0,0> }
	no_shadow
}
cylinder {
	<30.742325, 35.749557, 29.316027>,  <30.673351, 36.094467, 29.125553>, 0.100000
	pigment { color rgbt <1,0,0,0> }
	no_shadow
}

// particle -1
sphere {
	<30.742325, 35.749557, 29.316027> 0.100000
	pigment { color rgbt <1,0,0,0> }
	no_shadow
}
sphere {
	0, 1
	scale<0.080000,0.200000,0.300000>
	matrix <0.536925, -0.323015, -0.779341,
		0.825820, 0.390061, 0.407277,
		0.172434, -0.862272, 0.476186,
		30.794054, 35.490875, 29.458883>
	pigment { color rgbt <0,1,1,0> }
	no_shadow
}
cylinder {
	<31.204069, 35.952656, 28.841192>,  <30.673351, 36.094467, 29.125553>, 0.130000
	pigment { color rgbt <1,0,0,0> }
	no_shadow
}

// nucleotide -1

// particle -1
sphere {
	<31.204069, 35.952656, 28.841192> 0.250000
	pigment { color rgbt <1,0,0,0> }
	no_shadow
}
cylinder {
	<31.115261, 35.593353, 28.992897>,  <31.061975, 35.377769, 29.083920>, 0.100000
	pigment { color rgbt <1,0,0,0> }
	no_shadow
}
cylinder {
	<31.115261, 35.593353, 28.992897>,  <31.204069, 35.952656, 28.841192>, 0.100000
	pigment { color rgbt <1,0,0,0> }
	no_shadow
}

// particle -1
sphere {
	<31.115261, 35.593353, 28.992897> 0.100000
	pigment { color rgbt <1,0,0,0> }
	no_shadow
}
sphere {
	0, 1
	scale<0.080000,0.200000,0.300000>
	matrix <0.377640, -0.437828, -0.815901,
		0.898941, -0.037924, 0.436425,
		-0.222021, -0.898258, 0.379260,
		31.048655, 35.323875, 29.106674>
	pigment { color rgbt <0,1,1,0> }
	no_shadow
}
cylinder {
	<31.827133, 35.397655, 28.775867>,  <31.204069, 35.952656, 28.841192>, 0.130000
	pigment { color rgbt <1,0,0,0> }
	no_shadow
}

// nucleotide -1

// particle -1
sphere {
	<31.827133, 35.397655, 28.775867> 0.250000
	pigment { color rgbt <1,0,0,0> }
	no_shadow
}
cylinder {
	<31.512482, 35.158337, 28.836859>,  <31.323690, 35.014744, 28.873453>, 0.100000
	pigment { color rgbt <1,0,0,0> }
	no_shadow
}
cylinder {
	<31.512482, 35.158337, 28.836859>,  <31.827133, 35.397655, 28.775867>, 0.100000
	pigment { color rgbt <1,0,0,0> }
	no_shadow
}

// particle -1
sphere {
	<31.512482, 35.158337, 28.836859> 0.100000
	pigment { color rgbt <1,0,0,0> }
	no_shadow
}
sphere {
	0, 1
	scale<0.080000,0.200000,0.300000>
	matrix <0.412357, -0.692898, -0.591484,
		0.459536, -0.402404, 0.791768,
		-0.786631, -0.598300, 0.152478,
		31.276493, 34.978848, 28.882603>
	pigment { color rgbt <0,1,1,0> }
	no_shadow
}
cylinder {
	<32.092690, 34.829670, 29.079206>,  <31.827133, 35.397655, 28.775867>, 0.130000
	pigment { color rgbt <1,0,0,0> }
	no_shadow
}

// nucleotide -1

// particle -1
sphere {
	<32.092690, 34.829670, 29.079206> 0.250000
	pigment { color rgbt <1,0,0,0> }
	no_shadow
}
cylinder {
	<31.775620, 34.845081, 28.835838>,  <31.585377, 34.854328, 28.689817>, 0.100000
	pigment { color rgbt <1,0,0,0> }
	no_shadow
}
cylinder {
	<31.775620, 34.845081, 28.835838>,  <32.092690, 34.829670, 29.079206>, 0.100000
	pigment { color rgbt <1,0,0,0> }
	no_shadow
}

// particle -1
sphere {
	<31.775620, 34.845081, 28.835838> 0.100000
	pigment { color rgbt <1,0,0,0> }
	no_shadow
}
sphere {
	0, 1
	scale<0.080000,0.200000,0.300000>
	matrix <0.450145, -0.636048, -0.626748,
		-0.411132, -0.770687, 0.486839,
		-0.792679, 0.038529, -0.608421,
		31.537815, 34.856640, 28.653313>
	pigment { color rgbt <0,1,1,0> }
	no_shadow
}
cylinder {
	<31.778635, 34.206978, 28.750673>,  <32.092690, 34.829670, 29.079206>, 0.130000
	pigment { color rgbt <1,0,0,0> }
	no_shadow
}

// nucleotide -1

// particle -1
sphere {
	<31.778635, 34.206978, 28.750673> 0.250000
	pigment { color rgbt <1,0,0,0> }
	no_shadow
}
cylinder {
	<31.763023, 34.501778, 28.480766>,  <31.753656, 34.678658, 28.318821>, 0.100000
	pigment { color rgbt <1,0,0,0> }
	no_shadow
}
cylinder {
	<31.763023, 34.501778, 28.480766>,  <31.778635, 34.206978, 28.750673>, 0.100000
	pigment { color rgbt <1,0,0,0> }
	no_shadow
}

// particle -1
sphere {
	<31.763023, 34.501778, 28.480766> 0.100000
	pigment { color rgbt <1,0,0,0> }
	no_shadow
}
sphere {
	0, 1
	scale<0.080000,0.200000,0.300000>
	matrix <0.539540, -0.552839, -0.635031,
		-0.841055, -0.388850, -0.376062,
		-0.039030, 0.736997, -0.674768,
		31.751314, 34.722878, 28.278336>
	pigment { color rgbt <0,1,1,0> }
	no_shadow
}
cylinder {
	<31.682520, 33.789764, 28.222193>,  <31.778635, 34.206978, 28.750673>, 0.130000
	pigment { color rgbt <1,0,0,0> }
	no_shadow
}

// nucleotide -1

// particle -1
sphere {
	<31.682520, 33.789764, 28.222193> 0.250000
	pigment { color rgbt <1,0,0,0> }
	no_shadow
}
cylinder {
	<31.814318, 34.132618, 28.063826>,  <31.893396, 34.338329, 27.968805>, 0.100000
	pigment { color rgbt <1,0,0,0> }
	no_shadow
}
cylinder {
	<31.814318, 34.132618, 28.063826>,  <31.682520, 33.789764, 28.222193>, 0.100000
	pigment { color rgbt <1,0,0,0> }
	no_shadow
}

// particle -1
sphere {
	<31.814318, 34.132618, 28.063826> 0.100000
	pigment { color rgbt <1,0,0,0> }
	no_shadow
}
sphere {
	0, 1
	scale<0.080000,0.200000,0.300000>
	matrix <0.524745, -0.514853, -0.677915,
		-0.784905, 0.015613, -0.619420,
		0.329495, 0.857136, -0.395918,
		31.913166, 34.389759, 27.945051>
	pigment { color rgbt <0,1,1,0> }
	no_shadow
}
cylinder {
	<31.590588, 33.831154, 27.479189>,  <31.682520, 33.789764, 28.222193>, 0.130000
	pigment { color rgbt <1,0,0,0> }
	no_shadow
}

// nucleotide -1

// particle -1
sphere {
	<31.590588, 33.831154, 27.479189> 0.250000
	pigment { color rgbt <1,0,0,0> }
	no_shadow
}
cylinder {
	<31.907850, 34.040771, 27.603308>,  <32.098209, 34.166542, 27.677778>, 0.100000
	pigment { color rgbt <1,0,0,0> }
	no_shadow
}
cylinder {
	<31.907850, 34.040771, 27.603308>,  <31.590588, 33.831154, 27.479189>, 0.100000
	pigment { color rgbt <1,0,0,0> }
	no_shadow
}

// particle -1
sphere {
	<31.907850, 34.040771, 27.603308> 0.100000
	pigment { color rgbt <1,0,0,0> }
	no_shadow
}
sphere {
	0, 1
	scale<0.080000,0.200000,0.300000>
	matrix <0.557207, -0.418777, -0.717040,
		-0.245813, 0.741624, -0.624155,
		0.793156, 0.524041, 0.310297,
		32.145798, 34.197983, 27.696398>
	pigment { color rgbt <0,1,1,0> }
	no_shadow
}
cylinder {
	<30.831299, 33.609055, 27.402205>,  <31.590588, 33.831154, 27.479189>, 0.130000
	pigment { color rgbt <1,0,0,0> }
	no_shadow
}

// nucleotide -1

// particle -1
sphere {
	<30.831299, 33.609055, 27.402205> 0.250000
	pigment { color rgbt <1,0,0,0> }
	no_shadow
}
cylinder {
	<30.573030, 33.610813, 27.096764>,  <30.418070, 33.611870, 26.913500>, 0.100000
	pigment { color rgbt <1,0,0,0> }
	no_shadow
}
cylinder {
	<30.573030, 33.610813, 27.096764>,  <30.831299, 33.609055, 27.402205>, 0.100000
	pigment { color rgbt <1,0,0,0> }
	no_shadow
}

// particle -1
sphere {
	<30.573030, 33.610813, 27.096764> 0.100000
	pigment { color rgbt <1,0,0,0> }
	no_shadow
}
sphere {
	0, 1
	scale<0.080000,0.200000,0.300000>
	matrix <-0.698694, 0.400085, 0.593093,
		0.308114, 0.916467, -0.255251,
		-0.645672, 0.004398, -0.763602,
		30.379330, 33.612133, 26.867683>
	pigment { color rgbt <0,1,1,0> }
	no_shadow
}
cylinder {
	<30.584898, 34.269661, 27.115658>,  <30.831299, 33.609055, 27.402205>, 0.130000
	pigment { color rgbt <1,0,0,0> }
	no_shadow
}

// nucleotide -1

// particle -1
sphere {
	<30.584898, 34.269661, 27.115658> 0.250000
	pigment { color rgbt <1,0,0,0> }
	no_shadow
}
cylinder {
	<30.318514, 33.972511, 27.088421>,  <30.158684, 33.794224, 27.072079>, 0.100000
	pigment { color rgbt <1,0,0,0> }
	no_shadow
}
cylinder {
	<30.318514, 33.972511, 27.088421>,  <30.584898, 34.269661, 27.115658>, 0.100000
	pigment { color rgbt <1,0,0,0> }
	no_shadow
}

// particle -1
sphere {
	<30.318514, 33.972511, 27.088421> 0.100000
	pigment { color rgbt <1,0,0,0> }
	no_shadow
}
sphere {
	0, 1
	scale<0.080000,0.200000,0.300000>
	matrix <-0.556269, 0.433706, 0.708847,
		-0.497050, 0.509943, -0.702068,
		-0.665963, -0.742871, -0.068092,
		30.118725, 33.749649, 27.067993>
	pigment { color rgbt <0,1,1,0> }
	no_shadow
}
cylinder {
	<29.795935, 34.447773, 27.049459>,  <30.584898, 34.269661, 27.115658>, 0.130000
	pigment { color rgbt <1,0,0,0> }
	no_shadow
}

// nucleotide -1

// particle -1
sphere {
	<29.795935, 34.447773, 27.049459> 0.250000
	pigment { color rgbt <1,0,0,0> }
	no_shadow
}
cylinder {
	<29.862083, 34.104992, 27.244719>,  <29.901772, 33.899323, 27.361874>, 0.100000
	pigment { color rgbt <1,0,0,0> }
	no_shadow
}
cylinder {
	<29.862083, 34.104992, 27.244719>,  <29.795935, 34.447773, 27.049459>, 0.100000
	pigment { color rgbt <1,0,0,0> }
	no_shadow
}

// particle -1
sphere {
	<29.862083, 34.104992, 27.244719> 0.100000
	pigment { color rgbt <1,0,0,0> }
	no_shadow
}
sphere {
	0, 1
	scale<0.080000,0.200000,0.300000>
	matrix <-0.414384, 0.388777, 0.822885,
		-0.894952, -0.338361, -0.290814,
		0.165370, -0.856951, 0.488148,
		29.911694, 33.847908, 27.391163>
	pigment { color rgbt <0,1,1,0> }
	no_shadow
}
cylinder {
	<29.138988, 34.198536, 27.164070>,  <29.795935, 34.447773, 27.049459>, 0.130000
	pigment { color rgbt <1,0,0,0> }
	no_shadow
}

// nucleotide -1

// particle -1
sphere {
	<29.138988, 34.198536, 27.164070> 0.250000
	pigment { color rgbt <1,0,0,0> }
	no_shadow
}
cylinder {
	<29.393568, 34.055176, 27.437269>,  <29.546316, 33.969162, 27.601189>, 0.100000
	pigment { color rgbt <1,0,0,0> }
	no_shadow
}
cylinder {
	<29.393568, 34.055176, 27.437269>,  <29.138988, 34.198536, 27.164070>, 0.100000
	pigment { color rgbt <1,0,0,0> }
	no_shadow
}

// particle -1
sphere {
	<29.393568, 34.055176, 27.437269> 0.100000
	pigment { color rgbt <1,0,0,0> }
	no_shadow
}
sphere {
	0, 1
	scale<0.080000,0.200000,0.300000>
	matrix <-0.622870, 0.283466, 0.729164,
		-0.454936, -0.889494, -0.042823,
		0.636448, -0.358396, 0.682998,
		29.584503, 33.947659, 27.642168>
	pigment { color rgbt <0,1,1,0> }
	no_shadow
}
cylinder {
	<28.942713, 33.465302, 27.653214>,  <29.138988, 34.198536, 27.164070>, 0.130000
	pigment { color rgbt <1,0,0,0> }
	no_shadow
}

// nucleotide -1

// particle -1
sphere {
	<28.942713, 33.465302, 27.653214> 0.250000
	pigment { color rgbt <1,0,0,0> }
	no_shadow
}
cylinder {
	<29.154545, 33.773178, 27.795830>,  <29.281645, 33.957905, 27.881399>, 0.100000
	pigment { color rgbt <1,0,0,0> }
	no_shadow
}
cylinder {
	<29.154545, 33.773178, 27.795830>,  <28.942713, 33.465302, 27.653214>, 0.100000
	pigment { color rgbt <1,0,0,0> }
	no_shadow
}

// particle -1
sphere {
	<29.154545, 33.773178, 27.795830> 0.100000
	pigment { color rgbt <1,0,0,0> }
	no_shadow
}
sphere {
	0, 1
	scale<0.080000,0.200000,0.300000>
	matrix <-0.744962, 0.220992, 0.629439,
		0.405681, -0.598948, 0.690423,
		0.529579, 0.769691, 0.356542,
		29.313419, 34.004086, 27.902792>
	pigment { color rgbt <0,1,1,0> }
	no_shadow
}
cylinder {
	<29.198782, 33.459629, 28.387602>,  <28.942713, 33.465302, 27.653214>, 0.130000
	pigment { color rgbt <1,0,0,0> }
	no_shadow
}

// nucleotide -1

// particle -1
sphere {
	<29.198782, 33.459629, 28.387602> 0.250000
	pigment { color rgbt <1,0,0,0> }
	no_shadow
}
cylinder {
	<29.162136, 33.849663, 28.306789>,  <29.140148, 34.083683, 28.258301>, 0.100000
	pigment { color rgbt <1,0,0,0> }
	no_shadow
}
cylinder {
	<29.162136, 33.849663, 28.306789>,  <29.198782, 33.459629, 28.387602>, 0.100000
	pigment { color rgbt <1,0,0,0> }
	no_shadow
}

// particle -1
sphere {
	<29.162136, 33.849663, 28.306789> 0.100000
	pigment { color rgbt <1,0,0,0> }
	no_shadow
}
sphere {
	0, 1
	scale<0.080000,0.200000,0.300000>
	matrix <-0.700744, 0.081019, 0.708798,
		0.707506, 0.206511, 0.675862,
		-0.091617, 0.975084, -0.202032,
		29.134651, 34.142189, 28.246180>
	pigment { color rgbt <0,1,1,0> }
	no_shadow
}
cylinder {
	<29.230949, 33.798157, 29.030024>,  <29.198782, 33.459629, 28.387602>, 0.130000
	pigment { color rgbt <1,0,0,0> }
	no_shadow
}

// nucleotide -1

// particle -1
sphere {
	<29.230949, 33.798157, 29.030024> 0.250000
	pigment { color rgbt <1,0,0,0> }
	no_shadow
}
cylinder {
	<29.044104, 34.052563, 28.784328>,  <28.931995, 34.205208, 28.636911>, 0.100000
	pigment { color rgbt <1,0,0,0> }
	no_shadow
}
cylinder {
	<29.044104, 34.052563, 28.784328>,  <29.230949, 33.798157, 29.030024>, 0.100000
	pigment { color rgbt <1,0,0,0> }
	no_shadow
}

// particle -1
sphere {
	<29.044104, 34.052563, 28.784328> 0.100000
	pigment { color rgbt <1,0,0,0> }
	no_shadow
}
sphere {
	0, 1
	scale<0.080000,0.200000,0.300000>
	matrix <-0.797376, -0.002815, 0.603476,
		0.382090, 0.771673, 0.508457,
		-0.467117, 0.636014, -0.614238,
		28.903969, 34.243366, 28.600058>
	pigment { color rgbt <0,1,1,0> }
	no_shadow
}
cylinder {
	<28.910379, 34.276821, 29.495615>,  <29.230949, 33.798157, 29.030024>, 0.130000
	pigment { color rgbt <1,0,0,0> }
	no_shadow
}

// nucleotide -1

// particle -1
sphere {
	<28.910379, 34.276821, 29.495615> 0.250000
	pigment { color rgbt <1,0,0,0> }
	no_shadow
}
cylinder {
	<28.717609, 34.380791, 29.160906>,  <28.601948, 34.443172, 28.960081>, 0.100000
	pigment { color rgbt <1,0,0,0> }
	no_shadow
}
cylinder {
	<28.717609, 34.380791, 29.160906>,  <28.910379, 34.276821, 29.495615>, 0.100000
	pigment { color rgbt <1,0,0,0> }
	no_shadow
}

// particle -1
sphere {
	<28.717609, 34.380791, 29.160906> 0.100000
	pigment { color rgbt <1,0,0,0> }
	no_shadow
}
sphere {
	0, 1
	scale<0.080000,0.200000,0.300000>
	matrix <-0.859576, 0.044967, 0.509026,
		0.169934, 0.964582, 0.201753,
		-0.481925, 0.259923, -0.836773,
		28.573032, 34.458767, 28.909874>
	pigment { color rgbt <0,1,1,0> }
	no_shadow
}
cylinder {
	<28.579044, 34.870403, 29.690248>,  <28.910379, 34.276821, 29.495615>, 0.130000
	pigment { color rgbt <1,0,0,0> }
	no_shadow
}

// nucleotide -1

// particle -1
sphere {
	<28.579044, 34.870403, 29.690248> 0.250000
	pigment { color rgbt <1,0,0,0> }
	no_shadow
}
cylinder {
	<28.405043, 34.690075, 29.378471>,  <28.300642, 34.581879, 29.191406>, 0.100000
	pigment { color rgbt <1,0,0,0> }
	no_shadow
}
cylinder {
	<28.405043, 34.690075, 29.378471>,  <28.579044, 34.870403, 29.690248>, 0.100000
	pigment { color rgbt <1,0,0,0> }
	no_shadow
}

// particle -1
sphere {
	<28.405043, 34.690075, 29.378471> 0.100000
	pigment { color rgbt <1,0,0,0> }
	no_shadow
}
sphere {
	0, 1
	scale<0.080000,0.200000,0.300000>
	matrix <-0.846479, -0.090382, 0.524695,
		-0.306993, 0.888025, -0.342296,
		-0.435005, -0.450824, -0.779441,
		28.274542, 34.554829, 29.144638>
	pigment { color rgbt <0,1,1,0> }
	no_shadow
}
cylinder {
	<27.945644, 35.114090, 29.616590>,  <28.579044, 34.870403, 29.690248>, 0.130000
	pigment { color rgbt <1,0,0,0> }
	no_shadow
}

// nucleotide -1

// particle -1
sphere {
	<27.945644, 35.114090, 29.616590> 0.250000
	pigment { color rgbt <1,0,0,0> }
	no_shadow
}
cylinder {
	<27.944349, 34.755405, 29.439550>,  <27.943571, 34.540195, 29.333326>, 0.100000
	pigment { color rgbt <1,0,0,0> }
	no_shadow
}
cylinder {
	<27.944349, 34.755405, 29.439550>,  <27.945644, 35.114090, 29.616590>, 0.100000
	pigment { color rgbt <1,0,0,0> }
	no_shadow
}

// particle -1
sphere {
	<27.944349, 34.755405, 29.439550> 0.100000
	pigment { color rgbt <1,0,0,0> }
	no_shadow
}
sphere {
	0, 1
	scale<0.080000,0.200000,0.300000>
	matrix <-0.763146, -0.283801, 0.580573,
		-0.646218, 0.339649, -0.683404,
		-0.003240, -0.896714, -0.442599,
		27.943377, 34.486393, 29.306770>
	pigment { color rgbt <0,1,1,0> }
	no_shadow
}
cylinder {
	<27.239225, 34.930023, 29.700377>,  <27.945644, 35.114090, 29.616590>, 0.130000
	pigment { color rgbt <1,0,0,0> }
	no_shadow
}

// nucleotide -1

// particle -1
sphere {
	<27.239225, 34.930023, 29.700377> 0.250000
	pigment { color rgbt <1,0,0,0> }
	no_shadow
}
cylinder {
	<27.393160, 34.573433, 29.604729>,  <27.485519, 34.359478, 29.547340>, 0.100000
	pigment { color rgbt <1,0,0,0> }
	no_shadow
}
cylinder {
	<27.393160, 34.573433, 29.604729>,  <27.239225, 34.930023, 29.700377>, 0.100000
	pigment { color rgbt <1,0,0,0> }
	no_shadow
}

// particle -1
sphere {
	<27.393160, 34.573433, 29.604729> 0.100000
	pigment { color rgbt <1,0,0,0> }
	no_shadow
}
sphere {
	0, 1
	scale<0.080000,0.200000,0.300000>
	matrix <-0.625550, -0.442409, 0.642621,
		-0.678667, -0.097723, -0.727915,
		0.384835, -0.891473, -0.239118,
		27.508610, 34.305992, 29.532993>
	pigment { color rgbt <0,1,1,0> }
	no_shadow
}
cylinder {
	<26.642975, 34.456894, 29.608164>,  <27.239225, 34.930023, 29.700377>, 0.130000
	pigment { color rgbt <1,0,0,0> }
	no_shadow
}

// nucleotide -1

// particle -1
sphere {
	<26.642975, 34.456894, 29.608164> 0.250000
	pigment { color rgbt <1,0,0,0> }
	no_shadow
}
cylinder {
	<26.975433, 34.256207, 29.704058>,  <27.174908, 34.135792, 29.761595>, 0.100000
	pigment { color rgbt <1,0,0,0> }
	no_shadow
}
cylinder {
	<26.975433, 34.256207, 29.704058>,  <26.642975, 34.456894, 29.608164>, 0.100000
	pigment { color rgbt <1,0,0,0> }
	no_shadow
}

// particle -1
sphere {
	<26.975433, 34.256207, 29.704058> 0.100000
	pigment { color rgbt <1,0,0,0> }
	no_shadow
}
sphere {
	0, 1
	scale<0.080000,0.200000,0.300000>
	matrix <-0.481486, -0.433701, 0.761627,
		-0.278149, -0.748453, -0.602039,
		0.831147, -0.501719, 0.239736,
		27.224777, 34.105690, 29.775978>
	pigment { color rgbt <0,1,1,0> }
	no_shadow
}
cylinder {
	<26.481125, 33.763313, 29.657490>,  <26.642975, 34.456894, 29.608164>, 0.130000
	pigment { color rgbt <1,0,0,0> }
	no_shadow
}

// nucleotide -1

// particle -1
sphere {
	<26.481125, 33.763313, 29.657490> 0.250000
	pigment { color rgbt <1,0,0,0> }
	no_shadow
}
cylinder {
	<26.803797, 33.804871, 29.890203>,  <26.997400, 33.829807, 30.029833>, 0.100000
	pigment { color rgbt <1,0,0,0> }
	no_shadow
}
cylinder {
	<26.803797, 33.804871, 29.890203>,  <26.481125, 33.763313, 29.657490>, 0.100000
	pigment { color rgbt <1,0,0,0> }
	no_shadow
}

// particle -1
sphere {
	<26.803797, 33.804871, 29.890203> 0.100000
	pigment { color rgbt <1,0,0,0> }
	no_shadow
}
sphere {
	0, 1
	scale<0.080000,0.200000,0.300000>
