// switches for output
#declare DRAW_BASES = 1; // possible values are 0, 1; only relevant for DNA ribbons
#declare DRAW_BASES_TYPE = 3; // possible values are 1, 2, 3; only relevant for DNA ribbons
#declare DRAW_FOG = 0; // set to 1 to enable fog

#include "colors.inc"

#include "transforms.inc"
background { rgb <1, 1, 1>}

#default {
   normal{
       ripples 0.25
       frequency 0.20
       turbulence 0.2
       lambda 5
   }
	finish {
		phong 0.1
		phong_size 40.
	}
}

// original window dimensions: 1024x640


// camera settings

camera {
	sky <0, 0.179814, -0.983701>
	up <0, 0.179814, -0.983701>
	right 1.6 * <1, 0, 0>
	location <35, 94.9851, 44.8844>
	look_at <35, 29.7336, 32.9568>
	direction <0, -65.2515, -11.9276>
	angle 67.0682
}


# declare cpy_camera_pos = <35, 94.9851, 44.8844>;
# if (DRAW_FOG = 1)
fog {
	fog_type 2
	up vnormalize(cpy_camera_pos)
	color rgbt<1,1,1,0.3>
	distance 1e-5
	fog_alt 3e-3
	fog_offset 56
}
# end


// LIGHTS

# declare lum = 6;
global_settings {
	ambient_light rgb lum * <0.05, 0.05, 0.05>
	max_trace_level 15
}# declare cpy_direct_light_amount = 0.25;
light_source
{	1000 * <-1, -1.16352, -0.803886>,
	rgb lum * cpy_direct_light_amount
	parallel
}

light_source
{	1000 * <1, 1.16352, 0.803886>,
	rgb lum * cpy_direct_light_amount
	parallel
}

// strand 0

// nucleotide -1

// particle -1
sphere {
	<24.764124, 35.534088, 35.111607> 0.250000
	pigment { color rgbt <1,0,0,0> }
	no_shadow
}
cylinder {
	<24.478674, 35.255466, 35.081814>,  <24.307404, 35.088295, 35.063938>, 0.100000
	pigment { color rgbt <1,0,0,0> }
	no_shadow
}
cylinder {
	<24.478674, 35.255466, 35.081814>,  <24.764124, 35.534088, 35.111607>, 0.100000
	pigment { color rgbt <1,0,0,0> }
	no_shadow
}

// particle -1
sphere {
	<24.478674, 35.255466, 35.081814> 0.100000
	pigment { color rgbt <1,0,0,0> }
	no_shadow
}
sphere {
	0, 1
	scale<0.080000,0.200000,0.300000>
	matrix <0.428185, -0.349567, -0.833343,
		0.554432, -0.626589, 0.547715,
		-0.713626, -0.696556, -0.074485,
		24.264585, 35.046501, 35.059467>
	pigment { color rgbt <0,1,1,0> }
	no_shadow
}
cylinder {
	<25.077518, 34.826805, 35.009811>,  <24.764124, 35.534088, 35.111607>, 0.130000
	pigment { color rgbt <1,0,0,0> }
	no_shadow
}

// nucleotide -1

// particle -1
sphere {
	<25.077518, 34.826805, 35.009811> 0.250000
	pigment { color rgbt <1,0,0,0> }
	no_shadow
}
cylinder {
	<24.722071, 34.879761, 34.834164>,  <24.508802, 34.911533, 34.728775>, 0.100000
	pigment { color rgbt <1,0,0,0> }
	no_shadow
}
cylinder {
	<24.722071, 34.879761, 34.834164>,  <25.077518, 34.826805, 35.009811>, 0.100000
	pigment { color rgbt <1,0,0,0> }
	no_shadow
}

// particle -1
sphere {
	<24.722071, 34.879761, 34.834164> 0.100000
	pigment { color rgbt <1,0,0,0> }
	no_shadow
}
sphere {
	0, 1
	scale<0.080000,0.200000,0.300000>
	matrix <0.356400, -0.403285, -0.842817,
		-0.288672, -0.905447, 0.311183,
		-0.888621, 0.132393, -0.439118,
		24.455484, 34.919479, 34.702427>
	pigment { color rgbt <0,1,1,0> }
	no_shadow
}
cylinder {
	<24.797176, 34.226879, 34.873138>,  <25.077518, 34.826805, 35.009811>, 0.130000
	pigment { color rgbt <1,0,0,0> }
	no_shadow
}

// nucleotide -1

// particle -1
sphere {
	<24.797176, 34.226879, 34.873138> 0.250000
	pigment { color rgbt <1,0,0,0> }
	no_shadow
}
cylinder {
	<24.720161, 34.535992, 34.631233>,  <24.673952, 34.721458, 34.486092>, 0.100000
	pigment { color rgbt <1,0,0,0> }
	no_shadow
}
cylinder {
	<24.720161, 34.535992, 34.631233>,  <24.797176, 34.226879, 34.873138>, 0.100000
	pigment { color rgbt <1,0,0,0> }
	no_shadow
}

// particle -1
sphere {
	<24.720161, 34.535992, 34.631233> 0.100000
	pigment { color rgbt <1,0,0,0> }
	no_shadow
}
sphere {
	0, 1
	scale<0.080000,0.200000,0.300000>
	matrix <0.469192, -0.468780, -0.748401,
		-0.861852, -0.427841, -0.272328,
		-0.192535, 0.772785, -0.604759,
		24.662401, 34.767826, 34.449806>
	pigment { color rgbt <0,1,1,0> }
	no_shadow
}
cylinder {
	<24.348875, 34.069691, 34.226070>,  <24.797176, 34.226879, 34.873138>, 0.130000
	pigment { color rgbt <1,0,0,0> }
	no_shadow
}

// nucleotide -1

// particle -1
sphere {
	<24.348875, 34.069691, 34.226070> 0.250000
	pigment { color rgbt <1,0,0,0> }
	no_shadow
}
cylinder {
	<24.626057, 34.356243, 34.193546>,  <24.792366, 34.528175, 34.174034>, 0.100000
	pigment { color rgbt <1,0,0,0> }
	no_shadow
}
cylinder {
	<24.626057, 34.356243, 34.193546>,  <24.348875, 34.069691, 34.226070>, 0.100000
	pigment { color rgbt <1,0,0,0> }
	no_shadow
}

// particle -1
sphere {
	<24.626057, 34.356243, 34.193546> 0.100000
	pigment { color rgbt <1,0,0,0> }
	no_shadow
}
sphere {
	0, 1
	scale<0.080000,0.200000,0.300000>
	matrix <0.451309, -0.518943, -0.725960,
		-0.562260, 0.466361, -0.682913,
		0.692953, 0.716384, -0.081308,
		24.833942, 34.571159, 34.169155>
	pigment { color rgbt <0,1,1,0> }
	no_shadow
}
cylinder {
	<24.349867, 34.255222, 33.469414>,  <24.348875, 34.069691, 34.226070>, 0.130000
	pigment { color rgbt <1,0,0,0> }
	no_shadow
}

// nucleotide -1

// particle -1
sphere {
	<24.349867, 34.255222, 33.469414> 0.250000
	pigment { color rgbt <1,0,0,0> }
	no_shadow
}
cylinder {
	<24.674841, 34.295021, 33.699215>,  <24.869825, 34.318901, 33.837097>, 0.100000
	pigment { color rgbt <1,0,0,0> }
	no_shadow
}
cylinder {
	<24.674841, 34.295021, 33.699215>,  <24.349867, 34.255222, 33.469414>, 0.100000
	pigment { color rgbt <1,0,0,0> }
	no_shadow
}

// particle -1
sphere {
	<24.674841, 34.295021, 33.699215> 0.100000
	pigment { color rgbt <1,0,0,0> }
	no_shadow
}
sphere {
	0, 1
	scale<0.080000,0.200000,0.300000>
	matrix <0.538408, -0.506166, -0.673731,
		0.223761, 0.856678, -0.464794,
		0.812433, 0.099494, 0.574503,
		24.918571, 34.324871, 33.871567>
	pigment { color rgbt <0,1,1,0> }
	no_shadow
}
cylinder {
	<24.798714, 34.388981, 32.986649>,  <24.349867, 34.255222, 33.469414>, 0.130000
	pigment { color rgbt <1,0,0,0> }
	no_shadow
}

// nucleotide -1

// particle -1
sphere {
	<24.798714, 34.388981, 32.986649> 0.250000
	pigment { color rgbt <1,0,0,0> }
	no_shadow
}
cylinder {
	<25.028437, 34.290676, 33.299000>,  <25.166271, 34.231693, 33.486412>, 0.100000
	pigment { color rgbt <1,0,0,0> }
	no_shadow
}
cylinder {
	<25.028437, 34.290676, 33.299000>,  <24.798714, 34.388981, 32.986649>, 0.100000
	pigment { color rgbt <1,0,0,0> }
	no_shadow
}

// particle -1
sphere {
	<25.028437, 34.290676, 33.299000> 0.100000
	pigment { color rgbt <1,0,0,0> }
	no_shadow
}
sphere {
	0, 1
	scale<0.080000,0.200000,0.300000>
	matrix <0.682103, -0.383783, -0.622451,
		0.452663, 0.890118, -0.052774,
		0.574309, -0.245764, 0.780877,
		25.200729, 34.216946, 33.533264>
	pigment { color rgbt <0,1,1,0> }
	no_shadow
}
cylinder {
	<25.486460, 34.587349, 32.806847>,  <24.798714, 34.388981, 32.986649>, 0.130000
	pigment { color rgbt <1,0,0,0> }
	no_shadow
}

// nucleotide -1

// particle -1
sphere {
	<25.486460, 34.587349, 32.806847> 0.250000
	pigment { color rgbt <1,0,0,0> }
	no_shadow
}
cylinder {
	<25.526556, 34.299644, 33.081833>,  <25.550613, 34.127022, 33.246826>, 0.100000
	pigment { color rgbt <1,0,0,0> }
	no_shadow
}
cylinder {
	<25.526556, 34.299644, 33.081833>,  <25.486460, 34.587349, 32.806847>, 0.100000
	pigment { color rgbt <1,0,0,0> }
	no_shadow
}

// particle -1
sphere {
	<25.526556, 34.299644, 33.081833> 0.100000
	pigment { color rgbt <1,0,0,0> }
	no_shadow
}
sphere {
	0, 1
	scale<0.080000,0.200000,0.300000>
	matrix <0.781298, -0.370915, -0.501991,
		0.616056, 0.587438, 0.524778,
		0.100241, -0.719263, 0.687468,
		25.556627, 34.083866, 33.288074>
	pigment { color rgbt <0,1,1,0> }
	no_shadow
}
cylinder {
	<26.254425, 34.425667, 32.800510>,  <25.486460, 34.587349, 32.806847>, 0.130000
	pigment { color rgbt <1,0,0,0> }
	no_shadow
}

// nucleotide -1

// particle -1
sphere {
	<26.254425, 34.425667, 32.800510> 0.250000
	pigment { color rgbt <1,0,0,0> }
	no_shadow
}
cylinder {
	<26.098257, 34.099697, 32.971844>,  <26.004557, 33.904114, 33.074642>, 0.100000
	pigment { color rgbt <1,0,0,0> }
	no_shadow
}
cylinder {
	<26.098257, 34.099697, 32.971844>,  <26.254425, 34.425667, 32.800510>, 0.100000
	pigment { color rgbt <1,0,0,0> }
	no_shadow
}

// particle -1
sphere {
	<26.098257, 34.099697, 32.971844> 0.100000
	pigment { color rgbt <1,0,0,0> }
	no_shadow
}
sphere {
	0, 1
	scale<0.080000,0.200000,0.300000>
	matrix <0.669905, -0.570608, -0.475009,
		0.631507, 0.101488, 0.768699,
		-0.390419, -0.814927, 0.428331,
		25.981131, 33.855221, 33.100342>
	pigment { color rgbt <0,1,1,0> }
	no_shadow
}
cylinder {
	<26.793314, 33.979904, 32.858715>,  <26.254425, 34.425667, 32.800510>, 0.130000
	pigment { color rgbt <1,0,0,0> }
	no_shadow
}

// nucleotide -1

// particle -1
sphere {
	<26.793314, 33.979904, 32.858715> 0.250000
	pigment { color rgbt <1,0,0,0> }
	no_shadow
}
cylinder {
	<26.488787, 33.726986, 32.916126>,  <26.306070, 33.575233, 32.950573>, 0.100000
	pigment { color rgbt <1,0,0,0> }
	no_shadow
}
cylinder {
	<26.488787, 33.726986, 32.916126>,  <26.793314, 33.979904, 32.858715>, 0.100000
	pigment { color rgbt <1,0,0,0> }
	no_shadow
}

// particle -1
sphere {
	<26.488787, 33.726986, 32.916126> 0.100000
	pigment { color rgbt <1,0,0,0> }
	no_shadow
}
sphere {
	0, 1
	scale<0.080000,0.200000,0.300000>
	matrix <0.546761, -0.745049, -0.382041,
		0.348494, -0.212381, 0.912933,
		-0.761317, -0.632295, 0.143523,
		26.260391, 33.537296, 32.959183>
	pigment { color rgbt <0,1,1,0> }
	no_shadow
}
cylinder {
	<27.033739, 33.414742, 33.255455>,  <26.793314, 33.979904, 32.858715>, 0.130000
	pigment { color rgbt <1,0,0,0> }
	no_shadow
}

// nucleotide -1

// particle -1
sphere {
	<27.033739, 33.414742, 33.255455> 0.250000
	pigment { color rgbt <1,0,0,0> }
	no_shadow
}
cylinder {
	<26.711636, 33.300903, 33.047390>,  <26.518373, 33.232601, 32.922550>, 0.100000
	pigment { color rgbt <1,0,0,0> }
	no_shadow
}
cylinder {
	<26.711636, 33.300903, 33.047390>,  <27.033739, 33.414742, 33.255455>, 0.100000
	pigment { color rgbt <1,0,0,0> }
	no_shadow
}

// particle -1
sphere {
	<26.711636, 33.300903, 33.047390> 0.100000
	pigment { color rgbt <1,0,0,0> }
	no_shadow
}
sphere {
	0, 1
	scale<0.080000,0.200000,0.300000>
	matrix <0.542389, -0.707971, -0.452318,
		-0.239532, -0.646362, 0.724459,
		-0.805257, -0.284594, -0.520162,
		26.470058, 33.215527, 32.891342>
	pigment { color rgbt <0,1,1,0> }
	no_shadow
}
cylinder {
	<27.074200, 32.729794, 33.304684>,  <27.033739, 33.414742, 33.255455>, 0.130000
	pigment { color rgbt <1,0,0,0> }
	no_shadow
}

// nucleotide -1

// particle -1
sphere {
	<27.074200, 32.729794, 33.304684> 0.250000
	pigment { color rgbt <1,0,0,0> }
	no_shadow
}
cylinder {
	<26.821617, 32.788673, 33.000160>,  <26.670067, 32.824001, 32.817444>, 0.100000
	pigment { color rgbt <1,0,0,0> }
	no_shadow
}
cylinder {
	<26.821617, 32.788673, 33.000160>,  <27.074200, 32.729794, 33.304684>, 0.100000
	pigment { color rgbt <1,0,0,0> }
	no_shadow
}

// particle -1
sphere {
	<26.821617, 32.788673, 33.000160> 0.100000
	pigment { color rgbt <1,0,0,0> }
	no_shadow
}
sphere {
	0, 1
	scale<0.080000,0.200000,0.300000>
	matrix <0.416990, -0.763304, -0.493444,
		-0.653746, -0.629048, 0.420613,
		-0.631455, 0.147196, -0.761313,
		26.632181, 32.832832, 32.771767>
	pigment { color rgbt <0,1,1,0> }
	no_shadow
}
cylinder {
	<26.870045, 32.098171, 33.217758>,  <27.074200, 32.729794, 33.304684>, 0.130000
	pigment { color rgbt <1,0,0,0> }
	no_shadow
}

// nucleotide -1

// particle -1
sphere {
	<26.870045, 32.098171, 33.217758> 0.250000
	pigment { color rgbt <1,0,0,0> }
	no_shadow
}
cylinder {
	<26.820667, 32.316334, 32.886143>,  <26.791040, 32.447231, 32.687176>, 0.100000
	pigment { color rgbt <1,0,0,0> }
	no_shadow
}
cylinder {
	<26.820667, 32.316334, 32.886143>,  <26.870045, 32.098171, 33.217758>, 0.100000
	pigment { color rgbt <1,0,0,0> }
	no_shadow
}

// particle -1
sphere {
	<26.820667, 32.316334, 32.886143> 0.100000
	pigment { color rgbt <1,0,0,0> }
	no_shadow
}
sphere {
	0, 1
	scale<0.080000,0.200000,0.300000>
	matrix <0.493593, -0.691004, -0.528091,
		-0.860888, -0.474395, -0.183906,
		-0.123444, 0.545402, -0.829035,
		26.783634, 32.479954, 32.637432>
	pigment { color rgbt <0,1,1,0> }
	no_shadow
}
cylinder {
	<26.774540, 31.635910, 32.601612>,  <26.870045, 32.098171, 33.217758>, 0.130000
	pigment { color rgbt <1,0,0,0> }
	no_shadow
}

// nucleotide -1

// particle -1
sphere {
	<26.774540, 31.635910, 32.601612> 0.250000
	pigment { color rgbt <1,0,0,0> }
	no_shadow
}
cylinder {
	<26.871962, 31.975698, 32.414387>,  <26.930414, 32.179569, 32.302052>, 0.100000
	pigment { color rgbt <1,0,0,0> }
	no_shadow
}
cylinder {
	<26.871962, 31.975698, 32.414387>,  <26.774540, 31.635910, 32.601612>, 0.100000
	pigment { color rgbt <1,0,0,0> }
	no_shadow
}

// particle -1
sphere {
	<26.871962, 31.975698, 32.414387> 0.100000
	pigment { color rgbt <1,0,0,0> }
	no_shadow
}
sphere {
	0, 1
	scale<0.080000,0.200000,0.300000>
	matrix <0.389827, -0.527636, -0.754741,
		-0.888097, 0.001355, -0.459653,
		0.243552, 0.849469, -0.468064,
		26.945026, 32.230537, 32.273968>
	pigment { color rgbt <0,1,1,0> }
	no_shadow
}
cylinder {
	<26.696028, 31.494213, 31.876026>,  <26.774540, 31.635910, 32.601612>, 0.130000
	pigment { color rgbt <1,0,0,0> }
	no_shadow
}

// nucleotide -1

// particle -1
sphere {
	<26.696028, 31.494213, 31.876026> 0.250000
	pigment { color rgbt <1,0,0,0> }
	no_shadow
}
cylinder {
	<26.935736, 31.814362, 31.882746>,  <27.079561, 32.006451, 31.886778>, 0.100000
	pigment { color rgbt <1,0,0,0> }
	no_shadow
}
cylinder {
	<26.935736, 31.814362, 31.882746>,  <26.696028, 31.494213, 31.876026>, 0.100000
	pigment { color rgbt <1,0,0,0> }
	no_shadow
}

// particle -1
sphere {
	<26.935736, 31.814362, 31.882746> 0.100000
	pigment { color rgbt <1,0,0,0> }
	no_shadow
}
sphere {
	0, 1
	scale<0.080000,0.200000,0.300000>
	matrix <0.494142, -0.353314, -0.794350,
		-0.629838, 0.484333, -0.607227,
		0.599272, 0.800369, 0.016799,
		27.115517, 32.054474, 31.887785>
	pigment { color rgbt <0,1,1,0> }
	no_shadow
}
cylinder {
	<26.780867, 31.660587, 31.140961>,  <26.696028, 31.494213, 31.876026>, 0.130000
	pigment { color rgbt <1,0,0,0> }
	no_shadow
}

// nucleotide -1

// particle -1
sphere {
	<26.780867, 31.660587, 31.140961> 0.250000
	pigment { color rgbt <1,0,0,0> }
	no_shadow
}
cylinder {
	<27.070580, 31.839346, 31.350990>,  <27.244408, 31.946600, 31.477007>, 0.100000
	pigment { color rgbt <1,0,0,0> }
	no_shadow
}
cylinder {
	<27.070580, 31.839346, 31.350990>,  <26.780867, 31.660587, 31.140961>, 0.100000
	pigment { color rgbt <1,0,0,0> }
	no_shadow
}

// particle -1
sphere {
	<27.070580, 31.839346, 31.350990> 0.100000
	pigment { color rgbt <1,0,0,0> }
	no_shadow
}
sphere {
	0, 1
	scale<0.080000,0.200000,0.300000>
	matrix <0.664234, -0.247960, -0.705201,
		-0.184954, 0.859535, -0.476436,
		0.724282, 0.446894, 0.525072,
		27.287865, 31.973413, 31.508512>
	pigment { color rgbt <0,1,1,0> }
	no_shadow
}
cylinder {
	<27.074949, 32.146492, 30.686333>,  <26.780867, 31.660587, 31.140961>, 0.130000
	pigment { color rgbt <1,0,0,0> }
	no_shadow
}

// nucleotide -1

// particle -1
sphere {
	<27.074949, 32.146492, 30.686333> 0.250000
	pigment { color rgbt <1,0,0,0> }
	no_shadow
}
cylinder {
	<27.361780, 32.062592, 30.952206>,  <27.533878, 32.012253, 31.111729>, 0.100000
	pigment { color rgbt <1,0,0,0> }
	no_shadow
}
cylinder {
	<27.361780, 32.062592, 30.952206>,  <27.074949, 32.146492, 30.686333>, 0.100000
	pigment { color rgbt <1,0,0,0> }
	no_shadow
}

// particle -1
sphere {
	<27.361780, 32.062592, 30.952206> 0.100000
	pigment { color rgbt <1,0,0,0> }
	no_shadow
}
sphere {
	0, 1
	scale<0.080000,0.200000,0.300000>
	matrix <0.672689, -0.041358, -0.738768,
		0.182445, 0.976880, 0.111438,
		0.717079, -0.209748, 0.664683,
		27.576904, 31.999668, 31.151611>
	pigment { color rgbt <0,1,1,0> }
	no_shadow
}
cylinder {
	<27.623571, 32.698669, 30.596573>,  <27.074949, 32.146492, 30.686333>, 0.130000
	pigment { color rgbt <1,0,0,0> }
	no_shadow
}

// nucleotide -1

// particle -1
sphere {
	<27.623571, 32.698669, 30.596573> 0.250000
	pigment { color rgbt <1,0,0,0> }
	no_shadow
}
cylinder {
	<27.770926, 32.358601, 30.747036>,  <27.859339, 32.154560, 30.837313>, 0.100000
	pigment { color rgbt <1,0,0,0> }
	no_shadow
}
cylinder {
	<27.770926, 32.358601, 30.747036>,  <27.623571, 32.698669, 30.596573>, 0.100000
	pigment { color rgbt <1,0,0,0> }
	no_shadow
}

// particle -1
sphere {
	<27.770926, 32.358601, 30.747036> 0.100000
	pigment { color rgbt <1,0,0,0> }
	no_shadow
}
sphere {
	0, 1
	scale<0.080000,0.200000,0.300000>
	matrix <0.736224, 0.019720, -0.676450,
		0.567683, 0.526131, 0.633184,
		0.368388, -0.850175, 0.376156,
		27.881441, 32.103550, 30.859882>
	pigment { color rgbt <0,1,1,0> }
	no_shadow
}
cylinder {
	<28.304317, 32.665932, 30.488289>,  <27.623571, 32.698669, 30.596573>, 0.130000
	pigment { color rgbt <1,0,0,0> }
	no_shadow
}

// nucleotide -1

// particle -1
sphere {
	<28.304317, 32.665932, 30.488289> 0.250000
	pigment { color rgbt <1,0,0,0> }
	no_shadow
}
cylinder {
	<28.291222, 32.280212, 30.593403>,  <28.283363, 32.048782, 30.656471>, 0.100000
	pigment { color rgbt <1,0,0,0> }
	no_shadow
}
cylinder {
	<28.291222, 32.280212, 30.593403>,  <28.304317, 32.665932, 30.488289>, 0.100000
	pigment { color rgbt <1,0,0,0> }
	no_shadow
}

// particle -1
sphere {
	<28.291222, 32.280212, 30.593403> 0.100000
	pigment { color rgbt <1,0,0,0> }
	no_shadow
}
sphere {
	0, 1
	scale<0.080000,0.200000,0.300000>
	matrix <0.656751, -0.218950, -0.721623,
		0.753396, 0.148956, 0.640473,
		-0.032741, -0.964299, 0.262783,
		28.281399, 31.990923, 30.672237>
	pigment { color rgbt <0,1,1,0> }
	no_shadow
}
cylinder {
	<28.969107, 32.476944, 30.671419>,  <28.304317, 32.665932, 30.488289>, 0.130000
	pigment { color rgbt <1,0,0,0> }
	no_shadow
}

// nucleotide -1

// particle -1
sphere {
	<28.969107, 32.476944, 30.671419> 0.250000
	pigment { color rgbt <1,0,0,0> }
	no_shadow
}
cylinder {
	<28.829750, 32.111923, 30.585749>,  <28.746136, 31.892910, 30.534346>, 0.100000
	pigment { color rgbt <1,0,0,0> }
	no_shadow
}
cylinder {
	<28.829750, 32.111923, 30.585749>,  <28.969107, 32.476944, 30.671419>, 0.100000
	pigment { color rgbt <1,0,0,0> }
	no_shadow
}

// particle -1
sphere {
	<28.829750, 32.111923, 30.585749> 0.100000
	pigment { color rgbt <1,0,0,0> }
	no_shadow
}
sphere {
	0, 1
	scale<0.080000,0.200000,0.300000>
	matrix <0.777624, -0.153796, -0.609630,
		0.523379, -0.378938, 0.763204,
		-0.348390, -0.912553, -0.214177,
		28.725233, 31.838158, 30.521496>
	pigment { color rgbt <0,1,1,0> }
	no_shadow
}
cylinder {
	<29.459492, 31.949766, 30.802078>,  <28.969107, 32.476944, 30.671419>, 0.130000
	pigment { color rgbt <1,0,0,0> }
	no_shadow
}

// nucleotide -1

// particle -1
sphere {
	<29.459492, 31.949766, 30.802078> 0.250000
	pigment { color rgbt <1,0,0,0> }
	no_shadow
}
cylinder {
	<29.206573, 31.790323, 30.536352>,  <29.054823, 31.694656, 30.376917>, 0.100000
	pigment { color rgbt <1,0,0,0> }
	no_shadow
}
cylinder {
	<29.206573, 31.790323, 30.536352>,  <29.459492, 31.949766, 30.802078>, 0.100000
	pigment { color rgbt <1,0,0,0> }
	no_shadow
}

// particle -1
sphere {
	<29.206573, 31.790323, 30.536352> 0.100000
	pigment { color rgbt <1,0,0,0> }
	no_shadow
}
sphere {
	0, 1
	scale<0.080000,0.200000,0.300000>
	matrix <0.772969, -0.266826, -0.575607,
		0.052186, -0.877448, 0.476825,
		-0.632294, -0.398609, -0.664315,
		29.016886, 31.670740, 30.337057>
	pigment { color rgbt <0,1,1,0> }
	no_shadow
}
cylinder {
	<29.772741, 31.303356, 30.673674>,  <29.459492, 31.949766, 30.802078>, 0.130000
	pigment { color rgbt <1,0,0,0> }
	no_shadow
}

// nucleotide -1

// particle -1
sphere {
	<29.772741, 31.303356, 30.673674> 0.250000
	pigment { color rgbt <1,0,0,0> }
	no_shadow
}
cylinder {
	<29.501427, 31.345856, 30.382845>,  <29.338638, 31.371355, 30.208347>, 0.100000
	pigment { color rgbt <1,0,0,0> }
	no_shadow
}
cylinder {
	<29.501427, 31.345856, 30.382845>,  <29.772741, 31.303356, 30.673674>, 0.100000
	pigment { color rgbt <1,0,0,0> }
	no_shadow
}

// particle -1
sphere {
	<29.501427, 31.345856, 30.382845> 0.100000
	pigment { color rgbt <1,0,0,0> }
	no_shadow
}
sphere {
	0, 1
	scale<0.080000,0.200000,0.300000>
	matrix <0.705734, -0.181333, -0.684878,
		-0.204610, -0.977665, 0.048013,
		-0.678288, 0.106249, -0.727074,
		29.297941, 31.377731, 30.164722>
	pigment { color rgbt <0,1,1,0> }
	no_shadow
}
cylinder {
	<30.031380, 30.871124, 30.140724>,  <29.772741, 31.303356, 30.673674>, 0.130000
	pigment { color rgbt <1,0,0,0> }
	no_shadow
}

// nucleotide -1

// particle -1
sphere {
	<30.031380, 30.871124, 30.140724> 0.250000
	pigment { color rgbt <1,0,0,0> }
	no_shadow
}
cylinder {
	<29.777895, 31.097155, 29.929403>,  <29.625805, 31.232773, 29.802610>, 0.100000
	pigment { color rgbt <1,0,0,0> }
	no_shadow
}
cylinder {
	<29.777895, 31.097155, 29.929403>,  <30.031380, 30.871124, 30.140724>, 0.100000
	pigment { color rgbt <1,0,0,0> }
	no_shadow
}

// particle -1
sphere {
	<29.777895, 31.097155, 29.929403> 0.100000
	pigment { color rgbt <1,0,0,0> }
	no_shadow
}
sphere {
	0, 1
	scale<0.080000,0.200000,0.300000>
	matrix <0.565930, -0.126938, -0.814623,
		-0.527385, -0.815216, -0.239351,
		-0.633710, 0.565075, -0.528301,
		29.587782, 31.266678, 29.770914>
	pigment { color rgbt <0,1,1,0> }
	no_shadow
}
cylinder {
	<29.805578, 30.512623, 29.547504>,  <30.031380, 30.871124, 30.140724>, 0.130000
	pigment { color rgbt <1,0,0,0> }
	no_shadow
}

// nucleotide -1

// particle -1
sphere {
	<29.805578, 30.512623, 29.547504> 0.250000
	pigment { color rgbt <1,0,0,0> }
	no_shadow
}
cylinder {
	<29.763350, 30.903553, 29.474083>,  <29.738012, 31.138111, 29.430031>, 0.100000
	pigment { color rgbt <1,0,0,0> }
	no_shadow
}
cylinder {
	<29.763350, 30.903553, 29.474083>,  <29.805578, 30.512623, 29.547504>, 0.100000
	pigment { color rgbt <1,0,0,0> }
	no_shadow
}

// particle -1
sphere {
	<29.763350, 30.903553, 29.474083> 0.100000
	pigment { color rgbt <1,0,0,0> }
	no_shadow
}
sphere {
	0, 1
	scale<0.080000,0.200000,0.300000>
	matrix <0.506821, -0.105930, -0.855518,
		-0.855563, -0.183346, -0.484145,
		-0.105571, 0.977324, -0.183553,
		29.731678, 31.196751, 29.419018>
	pigment { color rgbt <0,1,1,0> }
	no_shadow
}
cylinder {
	<29.522522, 30.573795, 28.770901>,  <29.805578, 30.512623, 29.547504>, 0.130000
	pigment { color rgbt <1,0,0,0> }
	no_shadow
}

// nucleotide -1

// particle -1
sphere {
	<29.522522, 30.573795, 28.770901> 0.250000
	pigment { color rgbt <1,0,0,0> }
	no_shadow
}
cylinder {
	<29.673712, 30.927984, 28.879030>,  <29.764425, 31.140497, 28.943909>, 0.100000
	pigment { color rgbt <1,0,0,0> }
	no_shadow
}
cylinder {
	<29.673712, 30.927984, 28.879030>,  <29.522522, 30.573795, 28.770901>, 0.100000
	pigment { color rgbt <1,0,0,0> }
	no_shadow
}

// particle -1
sphere {
	<29.673712, 30.927984, 28.879030> 0.100000
	pigment { color rgbt <1,0,0,0> }
	no_shadow
}
sphere {
	0, 1
	scale<0.080000,0.200000,0.300000>
	matrix <0.426913, 0.092393, -0.899560,
		-0.821510, 0.455418, -0.343097,
		0.377976, 0.885470, 0.270326,
		29.787106, 31.193626, 28.960129>
	pigment { color rgbt <0,1,1,0> }
	no_shadow
}
cylinder {
	<29.521477, 31.086405, 28.085133>,  <29.522522, 30.573795, 28.770901>, 0.130000
	pigment { color rgbt <1,0,0,0> }
	no_shadow
}

// nucleotide -1

// particle -1
sphere {
	<29.521477, 31.086405, 28.085133> 0.250000
	pigment { color rgbt <1,0,0,0> }
	no_shadow
}
cylinder {
	<29.787792, 31.268042, 28.321953>,  <29.947582, 31.377024, 28.464045>, 0.100000
	pigment { color rgbt <1,0,0,0> }
	no_shadow
}
cylinder {
	<29.787792, 31.268042, 28.321953>,  <29.521477, 31.086405, 28.085133>, 0.100000
	pigment { color rgbt <1,0,0,0> }
	no_shadow
}

// particle -1
sphere {
	<29.787792, 31.268042, 28.321953> 0.100000
	pigment { color rgbt <1,0,0,0> }
	no_shadow
}
sphere {
	0, 1
	scale<0.080000,0.200000,0.300000>
	matrix <0.642410, 0.054740, -0.764404,
		-0.379519, 0.889272, -0.255268,
		0.665789, 0.454092, 0.592052,
		29.987530, 31.404268, 28.499569>
	pigment { color rgbt <0,1,1,0> }
	no_shadow
}
cylinder {
	<29.787617, 31.816166, 27.795841>,  <29.521477, 31.086405, 28.085133>, 0.130000
	pigment { color rgbt <1,0,0,0> }
	no_shadow
}

// nucleotide -1

// particle -1
sphere {
	<29.787617, 31.816166, 27.795841> 0.250000
	pigment { color rgbt <1,0,0,0> }
	no_shadow
}
cylinder {
	<30.027939, 31.582590, 28.014217>,  <30.172132, 31.442444, 28.145243>, 0.100000
	pigment { color rgbt <1,0,0,0> }
	no_shadow
}
cylinder {
	<30.027939, 31.582590, 28.014217>,  <29.787617, 31.816166, 27.795841>, 0.100000
	pigment { color rgbt <1,0,0,0> }
	no_shadow
}

// particle -1
sphere {
	<30.027939, 31.582590, 28.014217> 0.100000
	pigment { color rgbt <1,0,0,0> }
	no_shadow
}
sphere {
	0, 1
	scale<0.080000,0.200000,0.300000>
	matrix <0.738015, 0.142733, -0.659515,
		0.307193, 0.799151, 0.516711,
		0.600804, -0.583939, 0.545939,
		30.208179, 31.407408, 28.177999>
	pigment { color rgbt <0,1,1,0> }
	no_shadow
}
cylinder {
	<30.354958, 32.064426, 27.873869>,  <29.787617, 31.816166, 27.795841>, 0.130000
	pigment { color rgbt <1,0,0,0> }
	no_shadow
}

// nucleotide -1

// particle -1
sphere {
	<30.354958, 32.064426, 27.873869> 0.250000
	pigment { color rgbt <1,0,0,0> }
	no_shadow
}
cylinder {
	<30.521954, 31.717096, 27.980986>,  <30.622150, 31.508698, 28.045256>, 0.100000
	pigment { color rgbt <1,0,0,0> }
	no_shadow
}
cylinder {
	<30.521954, 31.717096, 27.980986>,  <30.354958, 32.064426, 27.873869>, 0.100000
	pigment { color rgbt <1,0,0,0> }
	no_shadow
}

// particle -1
sphere {
	<30.521954, 31.717096, 27.980986> 0.100000
	pigment { color rgbt <1,0,0,0> }
	no_shadow
}
sphere {
	0, 1
	scale<0.080000,0.200000,0.300000>
	matrix <0.802496, 0.214080, -0.556930,
		0.426268, 0.447414, 0.786204,
		0.417488, -0.868327, 0.267792,
		30.647200, 31.456598, 28.061323>
	pigment { color rgbt <0,1,1,0> }
	no_shadow
}
cylinder {
	<30.951101, 32.257366, 28.205887>,  <30.354958, 32.064426, 27.873869>, 0.130000
	pigment { color rgbt <1,0,0,0> }
	no_shadow
}

// nucleotide -1

// particle -1
sphere {
	<30.951101, 32.257366, 28.205887> 0.250000
	pigment { color rgbt <1,0,0,0> }
	no_shadow
}
cylinder {
	<30.955549, 31.893463, 28.039888>,  <30.958218, 31.675121, 27.940290>, 0.100000
	pigment { color rgbt <1,0,0,0> }
	no_shadow
}
cylinder {
	<30.955549, 31.893463, 28.039888>,  <30.951101, 32.257366, 28.205887>, 0.100000
	pigment { color rgbt <1,0,0,0> }
	no_shadow
}

// particle -1
sphere {
	<30.955549, 31.893463, 28.039888> 0.100000
	pigment { color rgbt <1,0,0,0> }
	no_shadow
}
sphere {
	0, 1
	scale<0.080000,0.200000,0.300000>
	matrix <0.874830, 0.209861, -0.436613,
		0.484303, -0.358194, 0.798216,
		0.011122, -0.909756, -0.414995,
		30.958885, 31.620537, 27.915390>
	pigment { color rgbt <0,1,1,0> }
	no_shadow
}
cylinder {
	<30.705904, 32.895199, 27.905628>,  <30.951101, 32.257366, 28.205887>, 0.130000
	pigment { color rgbt <1,0,0,0> }
	no_shadow
}

// nucleotide -1

// particle -1
sphere {
	<30.705904, 32.895199, 27.905628> 0.250000
	pigment { color rgbt <1,0,0,0> }
	no_shadow
}
cylinder {
	<30.879011, 33.160038, 27.660896>,  <30.982876, 33.318943, 27.514057>, 0.100000
	pigment { color rgbt <1,0,0,0> }
	no_shadow
}
cylinder {
	<30.879011, 33.160038, 27.660896>,  <30.705904, 32.895199, 27.905628>, 0.100000
	pigment { color rgbt <1,0,0,0> }
	no_shadow
}

// particle -1
sphere {
	<30.879011, 33.160038, 27.660896> 0.100000
	pigment { color rgbt <1,0,0,0> }
	no_shadow
}
sphere {
	0, 1
	scale<0.080000,0.200000,0.300000>
	matrix <0.410922, 0.459195, 0.787580,
		0.802405, -0.592256, -0.073344,
		0.432771, 0.662097, -0.611831,
		31.008842, 33.358665, 27.477346>
	pigment { color rgbt <0,1,1,0> }
	no_shadow
}
cylinder {
	<31.356585, 32.764965, 27.843557>,  <30.705904, 32.895199, 27.905628>, 0.130000
	pigment { color rgbt <1,0,0,0> }
	no_shadow
}

// nucleotide -1

// particle -1
sphere {
	<31.356585, 32.764965, 27.843557> 0.250000
	pigment { color rgbt <1,0,0,0> }
	no_shadow
}
cylinder {
	<31.267746, 33.154179, 27.818636>,  <31.214443, 33.387707, 27.803684>, 0.100000
	pigment { color rgbt <1,0,0,0> }
	no_shadow
}
cylinder {
	<31.267746, 33.154179, 27.818636>,  <31.356585, 32.764965, 27.843557>, 0.100000
	pigment { color rgbt <1,0,0,0> }
	no_shadow
}

// particle -1
sphere {
	<31.267746, 33.154179, 27.818636> 0.100000
	pigment { color rgbt <1,0,0,0> }
	no_shadow
}
sphere {
	0, 1
	scale<0.080000,0.200000,0.300000>
	matrix <0.468103, 0.162462, 0.868611,
		0.855308, 0.163752, -0.491562,
		-0.222097, 0.973032, -0.062302,
		31.201117, 33.446087, 27.799946>
	pigment { color rgbt <0,1,1,0> }
	no_shadow
}
cylinder {
	<31.676025, 32.960293, 28.389250>,  <31.356585, 32.764965, 27.843557>, 0.130000
	pigment { color rgbt <1,0,0,0> }
	no_shadow
}

// nucleotide -1

// particle -1
sphere {
	<31.676025, 32.960293, 28.389250> 0.250000
	pigment { color rgbt <1,0,0,0> }
	no_shadow
}
cylinder {
	<31.493326, 33.303364, 28.294785>,  <31.383707, 33.509205, 28.238106>, 0.100000
	pigment { color rgbt <1,0,0,0> }
	no_shadow
}
cylinder {
	<31.493326, 33.303364, 28.294785>,  <31.676025, 32.960293, 28.389250>, 0.100000
	pigment { color rgbt <1,0,0,0> }
	no_shadow
}

// particle -1
sphere {
	<31.493326, 33.303364, 28.294785> 0.100000
	pigment { color rgbt <1,0,0,0> }
	no_shadow
}
sphere {
	0, 1
	scale<0.080000,0.200000,0.300000>
	matrix <0.205671, 0.360092, 0.909963,
		0.865494, 0.367053, -0.340871,
		-0.456750, 0.857675, -0.236165,
		31.356302, 33.560665, 28.223934>
	pigment { color rgbt <0,1,1,0> }
	no_shadow
}
cylinder {
	<32.022713, 33.610123, 28.634535>,  <31.676025, 32.960293, 28.389250>, 0.130000
	pigment { color rgbt <1,0,0,0> }
	no_shadow
}

// nucleotide -1

// particle -1
sphere {
	<32.022713, 33.610123, 28.634535> 0.250000
	pigment { color rgbt <1,0,0,0> }
	no_shadow
}
cylinder {
	<31.634674, 33.707211, 28.633442>,  <31.401852, 33.765465, 28.632786>, 0.100000
	pigment { color rgbt <1,0,0,0> }
	no_shadow
}
cylinder {
	<31.634674, 33.707211, 28.633442>,  <32.022713, 33.610123, 28.634535>, 0.100000
	pigment { color rgbt <1,0,0,0> }
	no_shadow
}

// particle -1
sphere {
	<31.634674, 33.707211, 28.633442> 0.100000
	pigment { color rgbt <1,0,0,0> }
	no_shadow
}
sphere {
	0, 1
	scale<0.080000,0.200000,0.300000>
	matrix <0.079085, 0.326683, 0.941820,
		0.229494, 0.913435, -0.336108,
		-0.970092, 0.242723, -0.002733,
		31.343647, 33.780025, 28.632622>
	pigment { color rgbt <0,1,1,0> }
	no_shadow
}
cylinder {
	<31.848215, 34.449005, 28.577967>,  <32.022713, 33.610123, 28.634535>, 0.130000
	pigment { color rgbt <1,0,0,0> }
	no_shadow
}

// nucleotide -1

// particle -1
sphere {
	<31.848215, 34.449005, 28.577967> 0.250000
	pigment { color rgbt <1,0,0,0> }
	no_shadow
}
cylinder {
	<31.572485, 34.217743, 28.752583>,  <31.407047, 34.078987, 28.857351>, 0.100000
	pigment { color rgbt <1,0,0,0> }
	no_shadow
}
cylinder {
	<31.572485, 34.217743, 28.752583>,  <31.848215, 34.449005, 28.577967>, 0.100000
	pigment { color rgbt <1,0,0,0> }
	no_shadow
}

// particle -1
sphere {
	<31.572485, 34.217743, 28.752583> 0.100000
	pigment { color rgbt <1,0,0,0> }
	no_shadow
}
sphere {
	0, 1
	scale<0.080000,0.200000,0.300000>
	matrix <0.200571, 0.426717, 0.881864,
		-0.696132, 0.695450, -0.178187,
		-0.689327, -0.578154, 0.436538,
		31.365686, 34.044296, 28.883545>
	pigment { color rgbt <0,1,1,0> }
	no_shadow
}
cylinder {
	<31.356953, 34.915974, 28.991972>,  <31.848215, 34.449005, 28.577967>, 0.130000
	pigment { color rgbt <1,0,0,0> }
	no_shadow
}

// nucleotide -1

// particle -1
sphere {
	<31.356953, 34.915974, 28.991972> 0.250000
	pigment { color rgbt <1,0,0,0> }
	no_shadow
}
cylinder {
	<31.444771, 34.564198, 29.160917>,  <31.497461, 34.353134, 29.262283>, 0.100000
	pigment { color rgbt <1,0,0,0> }
	no_shadow
}
cylinder {
	<31.444771, 34.564198, 29.160917>,  <31.356953, 34.915974, 28.991972>, 0.100000
	pigment { color rgbt <1,0,0,0> }
	no_shadow
}

// particle -1
sphere {
	<31.444771, 34.564198, 29.160917> 0.100000
	pigment { color rgbt <1,0,0,0> }
	no_shadow
}
sphere {
	0, 1
	scale<0.080000,0.200000,0.300000>
	matrix <0.171019, 0.460913, 0.870811,
		-0.960496, -0.118950, 0.251592,
		0.219545, -0.879437, 0.422362,
		31.510633, 34.300365, 29.287626>
	pigment { color rgbt <0,1,1,0> }
	no_shadow
}
cylinder {
	<31.062544, 35.461273, 28.449526>,  <31.356953, 34.915974, 28.991972>, 0.130000
	pigment { color rgbt <1,0,0,0> }
	no_shadow
}

// nucleotide -1

// particle -1
sphere {
	<31.062544, 35.461273, 28.449526> 0.250000
	pigment { color rgbt <1,0,0,0> }
	no_shadow
}
cylinder {
	<30.927402, 35.782852, 28.253761>,  <30.846317, 35.975800, 28.136303>, 0.100000
	pigment { color rgbt <1,0,0,0> }
	no_shadow
}
cylinder {
	<30.927402, 35.782852, 28.253761>,  <31.062544, 35.461273, 28.449526>, 0.100000
	pigment { color rgbt <1,0,0,0> }
	no_shadow
}

// particle -1
sphere {
	<30.927402, 35.782852, 28.253761> 0.100000
	pigment { color rgbt <1,0,0,0> }
	no_shadow
}
sphere {
	0, 1
	scale<0.080000,0.200000,0.300000>
	matrix <-0.230899, 0.433300, 0.871170,
		0.912437, 0.407332, 0.039239,
		-0.337853, 0.803948, -0.489412,
		30.826046, 36.024036, 28.106937>
	pigment { color rgbt <0,1,1,0> }
	no_shadow
}
cylinder {
	<31.351542, 36.075733, 28.768137>,  <31.062544, 35.461273, 28.449526>, 0.130000
	pigment { color rgbt <1,0,0,0> }
	no_shadow
}

// nucleotide -1

// particle -1
sphere {
	<31.351542, 36.075733, 28.768137> 0.250000
	pigment { color rgbt <1,0,0,0> }
	no_shadow
}
cylinder {
	<31.001463, 36.153473, 28.590931>,  <30.791416, 36.200115, 28.484608>, 0.100000
	pigment { color rgbt <1,0,0,0> }
	no_shadow
}
cylinder {
	<31.001463, 36.153473, 28.590931>,  <31.351542, 36.075733, 28.768137>, 0.100000
	pigment { color rgbt <1,0,0,0> }
	no_shadow
}

// particle -1
sphere {
	<31.001463, 36.153473, 28.590931> 0.100000
	pigment { color rgbt <1,0,0,0> }
	no_shadow
}
sphere {
	0, 1
	scale<0.080000,0.200000,0.300000>
	matrix <-0.360286, 0.349279, 0.864985,
		0.322842, 0.916643, -0.235667,
		-0.875196, 0.194345, -0.443016,
		30.738905, 36.211777, 28.458027>
	pigment { color rgbt <0,1,1,0> }
	no_shadow
}
cylinder {
	<31.091612, 36.690563, 29.070986>,  <31.351542, 36.075733, 28.768137>, 0.130000
	pigment { color rgbt <1,0,0,0> }
	no_shadow
}

// nucleotide -1

// particle -1
sphere {
	<31.091612, 36.690563, 29.070986> 0.250000
	pigment { color rgbt <1,0,0,0> }
	no_shadow
}
cylinder {
	<30.774572, 36.504990, 28.912722>,  <30.584349, 36.393646, 28.817762>, 0.100000
	pigment { color rgbt <1,0,0,0> }
	no_shadow
}
cylinder {
	<30.774572, 36.504990, 28.912722>,  <31.091612, 36.690563, 29.070986>, 0.100000
	pigment { color rgbt <1,0,0,0> }
	no_shadow
}

// particle -1
sphere {
	<30.774572, 36.504990, 28.912722> 0.100000
	pigment { color rgbt <1,0,0,0> }
	no_shadow
}
sphere {
	0, 1
	scale<0.080000,0.200000,0.300000>
	matrix <-0.563938, 0.311016, 0.765012,
		-0.231861, 0.829476, -0.508143,
		-0.792600, -0.463938, -0.395660,
		30.536793, 36.365807, 28.794024>
	pigment { color rgbt <0,1,1,0> }
	no_shadow
}
cylinder {
	<30.575420, 36.992809, 29.402290>,  <31.091612, 36.690563, 29.070986>, 0.130000
	pigment { color rgbt <1,0,0,0> }
	no_shadow
}

// nucleotide -1

// particle -1
sphere {
	<30.575420, 36.992809, 29.402290> 0.250000
	pigment { color rgbt <1,0,0,0> }
	no_shadow
}
cylinder {
	<30.388424, 36.662083, 29.277184>,  <30.276226, 36.463646, 29.202120>, 0.100000
	pigment { color rgbt <1,0,0,0> }
	no_shadow
}
cylinder {
	<30.388424, 36.662083, 29.277184>,  <30.575420, 36.992809, 29.402290>, 0.100000
	pigment { color rgbt <1,0,0,0> }
	no_shadow
}

// particle -1
sphere {
	<30.388424, 36.662083, 29.277184> 0.100000
	pigment { color rgbt <1,0,0,0> }
	no_shadow
}
sphere {
	0, 1
	scale<0.080000,0.200000,0.300000>
	matrix <-0.554393, -0.001362, 0.832254,
		-0.688549, 0.562468, -0.457745,
		-0.467493, -0.826818, -0.312766,
		30.248177, 36.414036, 29.183353>
	pigment { color rgbt <0,1,1,0> }
	no_shadow
}
cylinder {
	<29.865213, 37.106647, 29.493546>,  <30.575420, 36.992809, 29.402290>, 0.130000
	pigment { color rgbt <1,0,0,0> }
	no_shadow
}

// nucleotide -1

// particle -1
sphere {
	<29.865213, 37.106647, 29.493546> 0.250000
	pigment { color rgbt <1,0,0,0> }
	no_shadow
}
cylinder {
	<29.902205, 36.708858, 29.473654>,  <29.924400, 36.470184, 29.461720>, 0.100000
	pigment { color rgbt <1,0,0,0> }
	no_shadow
}
cylinder {
	<29.902205, 36.708858, 29.473654>,  <29.865213, 37.106647, 29.493546>, 0.100000
	pigment { color rgbt <1,0,0,0> }
	no_shadow
}

// particle -1
sphere {
	<29.902205, 36.708858, 29.473654> 0.100000
	pigment { color rgbt <1,0,0,0> }
	no_shadow
}
sphere {
	0, 1
	scale<0.080000,0.200000,0.300000>
	matrix <-0.435973, -0.085343, 0.895904,
		-0.895196, -0.061172, -0.441455,
		0.092479, -0.994472, -0.049729,
		29.929949, 36.410519, 29.458735>
	pigment { color rgbt <0,1,1,0> }
	no_shadow
}
cylinder {
	<29.077011, 36.829601, 29.541517>,  <29.865213, 37.106647, 29.493546>, 0.130000
	pigment { color rgbt <1,0,0,0> }
	no_shadow
}

// nucleotide -1

// particle -1
sphere {
	<29.077011, 36.829601, 29.541517> 0.250000
	pigment { color rgbt <1,0,0,0> }
	no_shadow
}
cylinder {
	<29.317644, 36.527248, 29.644852>,  <29.462023, 36.345837, 29.706852>, 0.100000
	pigment { color rgbt <1,0,0,0> }
	no_shadow
}
cylinder {
	<29.317644, 36.527248, 29.644852>,  <29.077011, 36.829601, 29.541517>, 0.100000
	pigment { color rgbt <1,0,0,0> }
	no_shadow
}

// particle -1
sphere {
	<29.317644, 36.527248, 29.644852> 0.100000
	pigment { color rgbt <1,0,0,0> }
	no_shadow
}
sphere {
	0, 1
	scale<0.080000,0.200000,0.300000>
	matrix <-0.567179, -0.176454, 0.804470,
		-0.562503, -0.630477, -0.534873,
		0.601580, -0.755885, 0.258338,
		29.498117, 36.300484, 29.722353>
	pigment { color rgbt <0,1,1,0> }
	no_shadow
}
cylinder {
	<28.630753, 36.298031, 29.667377>,  <29.077011, 36.829601, 29.541517>, 0.130000
	pigment { color rgbt <1,0,0,0> }
	no_shadow
}

// nucleotide -1

// particle -1
sphere {
	<28.630753, 36.298031, 29.667377> 0.250000
	pigment { color rgbt <1,0,0,0> }
	no_shadow
}
cylinder {
	<28.976917, 36.199482, 29.841900>,  <29.184616, 36.140350, 29.946613>, 0.100000
	pigment { color rgbt <1,0,0,0> }
	no_shadow
}
cylinder {
	<28.976917, 36.199482, 29.841900>,  <28.630753, 36.298031, 29.667377>, 0.100000
	pigment { color rgbt <1,0,0,0> }
	no_shadow
}

// particle -1
sphere {
	<28.976917, 36.199482, 29.841900> 0.100000
	pigment { color rgbt <1,0,0,0> }
	no_shadow
}
sphere {
	0, 1
	scale<0.080000,0.200000,0.300000>
	matrix <-0.496545, -0.305012, 0.812657,
		-0.067137, -0.919929, -0.386295,
		0.865411, -0.246373, 0.436309,
		29.236540, 36.125568, 29.972792>
	pigment { color rgbt <0,1,1,0> }
	no_shadow
}
cylinder {
	<28.470940, 35.737495, 30.186363>,  <28.630753, 36.298031, 29.667377>, 0.130000
	pigment { color rgbt <1,0,0,0> }
	no_shadow
}

// nucleotide -1

// particle -1
sphere {
	<28.470940, 35.737495, 30.186363> 0.250000
	pigment { color rgbt <1,0,0,0> }
	no_shadow
}
cylinder {
	<28.830231, 35.836040, 30.331964>,  <29.045805, 35.895168, 30.419325>, 0.100000
	pigment { color rgbt <1,0,0,0> }
	no_shadow
}
cylinder {
	<28.830231, 35.836040, 30.331964>,  <28.470940, 35.737495, 30.186363>, 0.100000
	pigment { color rgbt <1,0,0,0> }
	no_shadow
}

// particle -1
sphere {
	<28.830231, 35.836040, 30.331964> 0.100000
	pigment { color rgbt <1,0,0,0> }
	no_shadow
}
sphere {
	0, 1
	scale<0.080000,0.200000,0.300000>
	matrix <-0.316801, -0.211185, 0.924683,
		0.304678, -0.945890, -0.111644,
		0.898225, 0.246361, 0.364002,
		29.099699, 35.909950, 30.441166>
	pigment { color rgbt <0,1,1,0> }
	no_shadow
}
cylinder {
	<28.591301, 35.218647, 30.584139>,  <28.470940, 35.737495, 30.186363>, 0.130000
	pigment { color rgbt <1,0,0,0> }
	no_shadow
}

// nucleotide -1

// particle -1
sphere {
	<28.591301, 35.218647, 30.584139> 0.250000
	pigment { color rgbt <1,0,0,0> }
	no_shadow
}
cylinder {
	<28.860466, 35.491734, 30.698040>,  <29.021965, 35.655586, 30.766380>, 0.100000
	pigment { color rgbt <1,0,0,0> }
	no_shadow
}
cylinder {
	<28.860466, 35.491734, 30.698040>,  <28.591301, 35.218647, 30.584139>, 0.100000
	pigment { color rgbt <1,0,0,0> }
	no_shadow
}

// particle -1
sphere {
	<28.860466, 35.491734, 30.698040> 0.100000
	pigment { color rgbt <1,0,0,0> }
	no_shadow
}
sphere {
	0, 1
	scale<0.080000,0.200000,0.300000>
