// switches for output
#declare DRAW_BASES = 1; // possible values are 0, 1; only relevant for DNA ribbons
#declare DRAW_BASES_TYPE = 3; // possible values are 1, 2, 3; only relevant for DNA ribbons
#declare DRAW_FOG = 0; // set to 1 to enable fog

#include "colors.inc"

#include "transforms.inc"
background { rgb <1, 1, 1>}

#default {
   normal{
       ripples 0.25
       frequency 0.20
       turbulence 0.2
       lambda 5
   }
	finish {
		phong 0.1
		phong_size 40.
	}
}

// original window dimensions: 1024x640


// camera settings

camera {
	sky <0, 0.179814, -0.983701>
	up <0, 0.179814, -0.983701>
	right 1.6 * <1, 0, 0>
	location <35, 94.9851, 44.8844>
	look_at <35, 29.7336, 32.9568>
	direction <0, -65.2515, -11.9276>
	angle 67.0682
}


# declare cpy_camera_pos = <35, 94.9851, 44.8844>;
# if (DRAW_FOG = 1)
fog {
	fog_type 2
	up vnormalize(cpy_camera_pos)
	color rgbt<1,1,1,0.3>
	distance 1e-5
	fog_alt 3e-3
	fog_offset 56
}
# end


// LIGHTS

# declare lum = 6;
global_settings {
	ambient_light rgb lum * <0.05, 0.05, 0.05>
	max_trace_level 15
}# declare cpy_direct_light_amount = 0.25;
light_source
{	1000 * <-1, -1.16352, -0.803886>,
	rgb lum * cpy_direct_light_amount
	parallel
}

light_source
{	1000 * <1, 1.16352, 0.803886>,
	rgb lum * cpy_direct_light_amount
	parallel
}

// strand 0

// nucleotide -1

// particle -1
sphere {
	<24.499264, 34.995052, 35.180248> 0.250000
	pigment { color rgbt <1,0,0,0> }
	no_shadow
}
cylinder {
	<24.343008, 35.152039, 34.847172>,  <24.249254, 35.246231, 34.647327>, 0.100000
	pigment { color rgbt <1,0,0,0> }
	no_shadow
}
cylinder {
	<24.343008, 35.152039, 34.847172>,  <24.499264, 34.995052, 35.180248>, 0.100000
	pigment { color rgbt <1,0,0,0> }
	no_shadow
}

// particle -1
sphere {
	<24.343008, 35.152039, 34.847172> 0.100000
	pigment { color rgbt <1,0,0,0> }
	no_shadow
}
sphere {
	0, 1
	scale<0.080000,0.200000,0.300000>
	matrix <0.864168, 0.468038, -0.184811,
		0.317200, -0.791780, -0.521986,
		-0.390638, 0.392461, -0.832692,
		24.225817, 35.269775, 34.597363>
	pigment { color rgbt <0,1,1,0> }
	no_shadow
}
cylinder {
	<25.025818, 35.063774, 34.813679>,  <24.499264, 34.995052, 35.180248>, 0.130000
	pigment { color rgbt <1,0,0,0> }
	no_shadow
}

// nucleotide -1

// particle -1
sphere {
	<25.025818, 35.063774, 34.813679> 0.250000
	pigment { color rgbt <1,0,0,0> }
	no_shadow
}
cylinder {
	<24.764423, 35.339218, 34.687965>,  <24.607586, 35.504482, 34.612537>, 0.100000
	pigment { color rgbt <1,0,0,0> }
	no_shadow
}
cylinder {
	<24.764423, 35.339218, 34.687965>,  <25.025818, 35.063774, 34.813679>, 0.100000
	pigment { color rgbt <1,0,0,0> }
	no_shadow
}

// particle -1
sphere {
	<24.764423, 35.339218, 34.687965> 0.100000
	pigment { color rgbt <1,0,0,0> }
	no_shadow
}
sphere {
	0, 1
	scale<0.080000,0.200000,0.300000>
	matrix <0.756502, 0.608245, -0.240296,
		0.025694, -0.394789, -0.918413,
		-0.653486, 0.688607, -0.314287,
		24.568378, 35.545799, 34.593678>
	pigment { color rgbt <0,1,1,0> }
	no_shadow
}
cylinder {
	<25.457047, 35.371746, 34.330814>,  <25.025818, 35.063774, 34.813679>, 0.130000
	pigment { color rgbt <1,0,0,0> }
	no_shadow
}

// nucleotide -1

// particle -1
sphere {
	<25.457047, 35.371746, 34.330814> 0.250000
	pigment { color rgbt <1,0,0,0> }
	no_shadow
}
cylinder {
	<25.139343, 35.608231, 34.386837>,  <24.948721, 35.750122, 34.420448>, 0.100000
	pigment { color rgbt <1,0,0,0> }
	no_shadow
}
cylinder {
	<25.139343, 35.608231, 34.386837>,  <25.457047, 35.371746, 34.330814>, 0.100000
	pigment { color rgbt <1,0,0,0> }
	no_shadow
}

// particle -1
sphere {
	<25.139343, 35.608231, 34.386837> 0.100000
	pigment { color rgbt <1,0,0,0> }
	no_shadow
}
sphere {
	0, 1
	scale<0.080000,0.200000,0.300000>
	matrix <0.570043, 0.804889, -0.164936,
		-0.210240, -0.051166, -0.976310,
		-0.794261, 0.591215, 0.140053,
		24.901066, 35.785595, 34.428852>
	pigment { color rgbt <0,1,1,0> }
	no_shadow
}
cylinder {
	<25.489408, 35.085220, 33.551750>,  <25.457047, 35.371746, 34.330814>, 0.130000
	pigment { color rgbt <1,0,0,0> }
	no_shadow
}

// nucleotide -1

// particle -1
sphere {
	<25.489408, 35.085220, 33.551750> 0.250000
	pigment { color rgbt <1,0,0,0> }
	no_shadow
}
cylinder {
	<25.214979, 35.303482, 33.359264>,  <25.050322, 35.434441, 33.243774>, 0.100000
	pigment { color rgbt <1,0,0,0> }
	no_shadow
}
cylinder {
	<25.214979, 35.303482, 33.359264>,  <25.489408, 35.085220, 33.551750>, 0.100000
	pigment { color rgbt <1,0,0,0> }
	no_shadow
}

// particle -1
sphere {
	<25.214979, 35.303482, 33.359264> 0.100000
	pigment { color rgbt <1,0,0,0> }
	no_shadow
}
sphere {
	0, 1
	scale<0.080000,0.200000,0.300000>
	matrix <0.235318, 0.792310, 0.562912,
		0.688426, 0.272960, -0.671984,
		-0.686073, 0.545653, -0.481214,
		25.009157, 35.467178, 33.214901>
	pigment { color rgbt <0,1,1,0> }
	no_shadow
}
cylinder {
	<25.702703, 35.624004, 33.073231>,  <25.489408, 35.085220, 33.551750>, 0.130000
	pigment { color rgbt <1,0,0,0> }
	no_shadow
}

// nucleotide -1

// particle -1
sphere {
	<25.702703, 35.624004, 33.073231> 0.250000
	pigment { color rgbt <1,0,0,0> }
	no_shadow
}
cylinder {
	<25.365326, 35.716747, 33.267075>,  <25.162899, 35.772392, 33.383381>, 0.100000
	pigment { color rgbt <1,0,0,0> }
	no_shadow
}
cylinder {
	<25.365326, 35.716747, 33.267075>,  <25.702703, 35.624004, 33.073231>, 0.100000
	pigment { color rgbt <1,0,0,0> }
	no_shadow
}

// particle -1
sphere {
	<25.365326, 35.716747, 33.267075> 0.100000
	pigment { color rgbt <1,0,0,0> }
	no_shadow
}
sphere {
	0, 1
	scale<0.080000,0.200000,0.300000>
	matrix <0.508679, 0.634779, 0.581637,
		-0.172762, 0.737088, -0.653341,
		-0.843445, 0.231856, 0.484607,
		25.112293, 35.786304, 33.412457>
	pigment { color rgbt <0,1,1,0> }
	no_shadow
}
cylinder {
	<26.454456, 35.515186, 32.949032>,  <25.702703, 35.624004, 33.073231>, 0.130000
	pigment { color rgbt <1,0,0,0> }
	no_shadow
}

// nucleotide -1

// particle -1
sphere {
	<26.454456, 35.515186, 32.949032> 0.250000
	pigment { color rgbt <1,0,0,0> }
	no_shadow
}
cylinder {
	<26.753988, 35.337448, 32.752335>,  <26.933706, 35.230804, 32.634315>, 0.100000
	pigment { color rgbt <1,0,0,0> }
	no_shadow
}
cylinder {
	<26.753988, 35.337448, 32.752335>,  <26.454456, 35.515186, 32.949032>, 0.100000
	pigment { color rgbt <1,0,0,0> }
	no_shadow
}

// particle -1
sphere {
	<26.753988, 35.337448, 32.752335> 0.100000
	pigment { color rgbt <1,0,0,0> }
	no_shadow
}
sphere {
	0, 1
	scale<0.080000,0.200000,0.300000>
	matrix <0.507435, 0.861670, -0.005899,
		0.426342, -0.245110, 0.870720,
		0.748827, -0.444349, -0.491743,
		26.978636, 35.204144, 32.604813>
	pigment { color rgbt <0,1,1,0> }
	no_shadow
}
cylinder {
	<27.116915, 35.788147, 33.134113>,  <26.454456, 35.515186, 32.949032>, 0.130000
	pigment { color rgbt <1,0,0,0> }
	no_shadow
}

// nucleotide -1

// particle -1
sphere {
	<27.116915, 35.788147, 33.134113> 0.250000
	pigment { color rgbt <1,0,0,0> }
	no_shadow
}
cylinder {
	<27.293444, 35.572353, 32.847282>,  <27.399361, 35.442879, 32.675186>, 0.100000
	pigment { color rgbt <1,0,0,0> }
	no_shadow
}
cylinder {
	<27.293444, 35.572353, 32.847282>,  <27.116915, 35.788147, 33.134113>, 0.100000
	pigment { color rgbt <1,0,0,0> }
	no_shadow
}

// particle -1
sphere {
	<27.293444, 35.572353, 32.847282> 0.100000
	pigment { color rgbt <1,0,0,0> }
	no_shadow
}
sphere {
	0, 1
	scale<0.080000,0.200000,0.300000>
	matrix <0.693211, 0.712395, -0.109328,
		0.569821, -0.448835, 0.688369,
		0.441320, -0.539482, -0.717075,
		27.425840, 35.410507, 32.632160>
	pigment { color rgbt <0,1,1,0> }
	no_shadow
}
cylinder {
	<27.827480, 35.708076, 33.271465>,  <27.116915, 35.788147, 33.134113>, 0.130000
	pigment { color rgbt <1,0,0,0> }
	no_shadow
}

// nucleotide -1

// particle -1
sphere {
	<27.827480, 35.708076, 33.271465> 0.250000
	pigment { color rgbt <1,0,0,0> }
	no_shadow
}
cylinder {
	<27.767420, 35.676109, 32.877293>,  <27.731384, 35.656929, 32.640789>, 0.100000
	pigment { color rgbt <1,0,0,0> }
	no_shadow
}
cylinder {
	<27.767420, 35.676109, 32.877293>,  <27.827480, 35.708076, 33.271465>, 0.100000
	pigment { color rgbt <1,0,0,0> }
	no_shadow
}

// particle -1
sphere {
	<27.767420, 35.676109, 32.877293> 0.100000
	pigment { color rgbt <1,0,0,0> }
	no_shadow
}
sphere {
	0, 1
	scale<0.080000,0.200000,0.300000>
	matrix <0.708865, 0.686097, -0.163649,
		0.689177, -0.723108, -0.046370,
		-0.150150, -0.079913, -0.985428,
		27.722376, 35.652134, 32.581665>
	pigment { color rgbt <0,1,1,0> }
	no_shadow
}
cylinder {
	<28.499266, 35.659420, 32.943485>,  <27.827480, 35.708076, 33.271465>, 0.130000
	pigment { color rgbt <1,0,0,0> }
	no_shadow
}

// nucleotide -1

// particle -1
sphere {
	<28.499266, 35.659420, 32.943485> 0.250000
	pigment { color rgbt <1,0,0,0> }
	no_shadow
}
cylinder {
	<28.239227, 35.757294, 32.655735>,  <28.083204, 35.816017, 32.483086>, 0.100000
	pigment { color rgbt <1,0,0,0> }
	no_shadow
}
cylinder {
	<28.239227, 35.757294, 32.655735>,  <28.499266, 35.659420, 32.943485>, 0.100000
	pigment { color rgbt <1,0,0,0> }
	no_shadow
}

// particle -1
sphere {
	<28.239227, 35.757294, 32.655735> 0.100000
	pigment { color rgbt <1,0,0,0> }
	no_shadow
}
sphere {
	0, 1
	scale<0.080000,0.200000,0.300000>
	matrix <0.659348, 0.652212, -0.374005,
		0.377674, -0.717460, -0.585332,
		-0.650095, 0.244686, -0.719379,
		28.044199, 35.830700, 32.439922>
	pigment { color rgbt <0,1,1,0> }
	no_shadow
}
cylinder {
	<28.901827, 35.745426, 32.318474>,  <28.499266, 35.659420, 32.943485>, 0.130000
	pigment { color rgbt <1,0,0,0> }
	no_shadow
}

// nucleotide -1

// particle -1
sphere {
	<28.901827, 35.745426, 32.318474> 0.250000
	pigment { color rgbt <1,0,0,0> }
	no_shadow
}
cylinder {
	<28.566204, 35.955494, 32.261658>,  <28.364830, 36.081535, 32.227566>, 0.100000
	pigment { color rgbt <1,0,0,0> }
	no_shadow
}
cylinder {
	<28.566204, 35.955494, 32.261658>,  <28.901827, 35.745426, 32.318474>, 0.100000
	pigment { color rgbt <1,0,0,0> }
	no_shadow
}

// particle -1
sphere {
	<28.566204, 35.955494, 32.261658> 0.100000
	pigment { color rgbt <1,0,0,0> }
	no_shadow
}
sphere {
	0, 1
	scale<0.080000,0.200000,0.300000>
	matrix <0.538538, 0.764719, -0.353810,
		-0.077188, -0.373362, -0.924469,
		-0.839059, 0.525171, -0.142043,
		28.314487, 36.113045, 32.219044>
	pigment { color rgbt <0,1,1,0> }
	no_shadow
}
cylinder {
	<28.898460, 36.014896, 31.592281>,  <28.901827, 35.745426, 32.318474>, 0.130000
	pigment { color rgbt <1,0,0,0> }
	no_shadow
}

// nucleotide -1

// particle -1
sphere {
	<28.898460, 36.014896, 31.592281> 0.250000
	pigment { color rgbt <1,0,0,0> }
	no_shadow
}
cylinder {
	<28.627081, 36.246990, 31.772522>,  <28.464254, 36.386246, 31.880667>, 0.100000
	pigment { color rgbt <1,0,0,0> }
	no_shadow
}
cylinder {
	<28.627081, 36.246990, 31.772522>,  <28.898460, 36.014896, 31.592281>, 0.100000
	pigment { color rgbt <1,0,0,0> }
	no_shadow
}

// particle -1
sphere {
	<28.627081, 36.246990, 31.772522> 0.100000
	pigment { color rgbt <1,0,0,0> }
	no_shadow
}
sphere {
	0, 1
	scale<0.080000,0.200000,0.300000>
	matrix <0.427768, 0.810661, -0.399804,
		-0.597263, -0.078493, -0.798195,
		-0.678447, 0.580231, 0.450601,
		28.423546, 36.421059, 31.907701>
	pigment { color rgbt <0,1,1,0> }
	no_shadow
}
cylinder {
	<28.655800, 36.448204, 31.116814>,  <28.898460, 36.014896, 31.592281>, 0.130000
	pigment { color rgbt <1,0,0,0> }
	no_shadow
}

// nucleotide -1

// particle -1
sphere {
	<28.655800, 36.448204, 31.116814> 0.250000
	pigment { color rgbt <1,0,0,0> }
	no_shadow
}
cylinder {
	<28.575735, 36.641922, 31.457493>,  <28.527697, 36.758152, 31.661901>, 0.100000
	pigment { color rgbt <1,0,0,0> }
	no_shadow
}
cylinder {
	<28.575735, 36.641922, 31.457493>,  <28.655800, 36.448204, 31.116814>, 0.100000
	pigment { color rgbt <1,0,0,0> }
	no_shadow
}

// particle -1
sphere {
	<28.575735, 36.641922, 31.457493> 0.100000
	pigment { color rgbt <1,0,0,0> }
	no_shadow
}
sphere {
	0, 1
	scale<0.080000,0.200000,0.300000>
	matrix <0.248012, 0.866024, -0.434156,
		-0.947853, 0.124330, -0.293457,
		-0.200162, 0.484297, 0.851699,
		28.515686, 36.787212, 31.713003>
	pigment { color rgbt <0,1,1,0> }
	no_shadow
}
cylinder {
	<28.368803, 37.026676, 30.875254>,  <28.655800, 36.448204, 31.116814>, 0.130000
	pigment { color rgbt <1,0,0,0> }
	no_shadow
}

// nucleotide -1

// particle -1
sphere {
	<28.368803, 37.026676, 30.875254> 0.250000
	pigment { color rgbt <1,0,0,0> }
	no_shadow
}
cylinder {
	<28.463261, 37.106056, 31.255749>,  <28.519936, 37.153683, 31.484047>, 0.100000
	pigment { color rgbt <1,0,0,0> }
	no_shadow
}
cylinder {
	<28.463261, 37.106056, 31.255749>,  <28.368803, 37.026676, 30.875254>, 0.100000
	pigment { color rgbt <1,0,0,0> }
	no_shadow
}

// particle -1
sphere {
	<28.463261, 37.106056, 31.255749> 0.100000
	pigment { color rgbt <1,0,0,0> }
	no_shadow
}
sphere {
	0, 1
	scale<0.080000,0.200000,0.300000>
	matrix <0.216984, 0.943438, -0.250686,
		-0.947182, 0.265601, 0.179726,
		0.236143, 0.198448, 0.951239,
		28.534103, 37.165592, 31.541121>
	pigment { color rgbt <0,1,1,0> }
	no_shadow
}
cylinder {
	<28.145576, 37.720875, 30.996685>,  <28.368803, 37.026676, 30.875254>, 0.130000
	pigment { color rgbt <1,0,0,0> }
	no_shadow
}

// nucleotide -1

// particle -1
sphere {
	<28.145576, 37.720875, 30.996685> 0.250000
	pigment { color rgbt <1,0,0,0> }
	no_shadow
}
cylinder {
	<28.443550, 37.650982, 31.254225>,  <28.622334, 37.609047, 31.408749>, 0.100000
	pigment { color rgbt <1,0,0,0> }
	no_shadow
}
cylinder {
	<28.443550, 37.650982, 31.254225>,  <28.145576, 37.720875, 30.996685>, 0.100000
	pigment { color rgbt <1,0,0,0> }
	no_shadow
}

// particle -1
sphere {
	<28.443550, 37.650982, 31.254225> 0.100000
	pigment { color rgbt <1,0,0,0> }
	no_shadow
}
sphere {
	0, 1
	scale<0.080000,0.200000,0.300000>
	matrix <0.412114, 0.879461, -0.238140,
		-0.524627, 0.442737, 0.727152,
		0.744935, -0.174735, 0.643848,
		28.667030, 37.598560, 31.447378>
	pigment { color rgbt <0,1,1,0> }
	no_shadow
}
cylinder {
	<28.303045, 38.380695, 31.457096>,  <28.145576, 37.720875, 30.996685>, 0.130000
	pigment { color rgbt <1,0,0,0> }
	no_shadow
}

// nucleotide -1

// particle -1
sphere {
	<28.303045, 38.380695, 31.457096> 0.250000
	pigment { color rgbt <1,0,0,0> }
	no_shadow
}
cylinder {
	<28.638735, 38.163605, 31.470629>,  <28.840149, 38.033348, 31.478748>, 0.100000
	pigment { color rgbt <1,0,0,0> }
	no_shadow
}
cylinder {
	<28.638735, 38.163605, 31.470629>,  <28.303045, 38.380695, 31.457096>, 0.100000
	pigment { color rgbt <1,0,0,0> }
	no_shadow
}

// particle -1
sphere {
	<28.638735, 38.163605, 31.470629> 0.100000
	pigment { color rgbt <1,0,0,0> }
	no_shadow
}
sphere {
	0, 1
	scale<0.080000,0.200000,0.300000>
	matrix <0.535026, 0.812990, -0.229769,
		0.097197, 0.210930, 0.972657,
		0.839226, -0.542730, 0.033833,
		28.890503, 38.000786, 31.480778>
	pigment { color rgbt <0,1,1,0> }
	no_shadow
}
cylinder {
	<28.816542, 38.908463, 31.601089>,  <28.303045, 38.380695, 31.457096>, 0.130000
	pigment { color rgbt <1,0,0,0> }
	no_shadow
}

// nucleotide -1

// particle -1
sphere {
	<28.816542, 38.908463, 31.601089> 0.250000
	pigment { color rgbt <1,0,0,0> }
	no_shadow
}
cylinder {
	<29.029135, 38.590134, 31.485022>,  <29.156691, 38.399136, 31.415380>, 0.100000
	pigment { color rgbt <1,0,0,0> }
	no_shadow
}
cylinder {
	<29.029135, 38.590134, 31.485022>,  <28.816542, 38.908463, 31.601089>, 0.100000
	pigment { color rgbt <1,0,0,0> }
	no_shadow
}

// particle -1
sphere {
	<29.029135, 38.590134, 31.485022> 0.100000
	pigment { color rgbt <1,0,0,0> }
	no_shadow
}
sphere {
	0, 1
	scale<0.080000,0.200000,0.300000>
	matrix <0.718397, 0.604978, -0.343374,
		0.448811, -0.025961, 0.893250,
		0.531483, -0.795819, -0.290171,
		29.188580, 38.351387, 31.397970>
	pigment { color rgbt <0,1,1,0> }
	no_shadow
}
cylinder {
	<29.430664, 39.016159, 31.883249>,  <28.816542, 38.908463, 31.601089>, 0.130000
	pigment { color rgbt <1,0,0,0> }
	no_shadow
}

// nucleotide -1

// particle -1
sphere {
	<29.430664, 39.016159, 31.883249> 0.250000
	pigment { color rgbt <1,0,0,0> }
	no_shadow
}
cylinder {
	<29.490955, 38.768597, 31.574902>,  <29.527130, 38.620060, 31.389893>, 0.100000
	pigment { color rgbt <1,0,0,0> }
	no_shadow
}
cylinder {
	<29.490955, 38.768597, 31.574902>,  <29.430664, 39.016159, 31.883249>, 0.100000
	pigment { color rgbt <1,0,0,0> }
	no_shadow
}

// particle -1
sphere {
	<29.490955, 38.768597, 31.574902> 0.100000
	pigment { color rgbt <1,0,0,0> }
	no_shadow
}
sphere {
	0, 1
	scale<0.080000,0.200000,0.300000>
	matrix <0.681603, 0.629859, -0.372419,
		0.716030, -0.469293, 0.516783,
		0.150727, -0.618904, -0.770869,
		29.536173, 38.582924, 31.343641>
	pigment { color rgbt <0,1,1,0> }
	no_shadow
}
cylinder {
	<30.181637, 39.137321, 31.692154>,  <29.430664, 39.016159, 31.883249>, 0.130000
	pigment { color rgbt <1,0,0,0> }
	no_shadow
}

// nucleotide -1

// particle -1
sphere {
	<30.181637, 39.137321, 31.692154> 0.250000
	pigment { color rgbt <1,0,0,0> }
	no_shadow
}
cylinder {
	<30.040609, 38.941349, 31.373240>,  <29.955994, 38.823765, 31.181890>, 0.100000
	pigment { color rgbt <1,0,0,0> }
	no_shadow
}
cylinder {
	<30.040609, 38.941349, 31.373240>,  <30.181637, 39.137321, 31.692154>, 0.100000
	pigment { color rgbt <1,0,0,0> }
	no_shadow
}

// particle -1
sphere {
	<30.040609, 38.941349, 31.373240> 0.100000
	pigment { color rgbt <1,0,0,0> }
	no_shadow
}
sphere {
	0, 1
	scale<0.080000,0.200000,0.300000>
	matrix <0.536152, 0.592532, -0.601205,
		0.766967, -0.639430, 0.053772,
		-0.352567, -0.489934, -0.797284,
		29.934839, 38.794369, 31.134054>
	pigment { color rgbt <0,1,1,0> }
	no_shadow
}
cylinder {
	<30.757431, 38.950035, 31.294395>,  <30.181637, 39.137321, 31.692154>, 0.130000
	pigment { color rgbt <1,0,0,0> }
	no_shadow
}

// nucleotide -1

// particle -1
sphere {
	<30.757431, 38.950035, 31.294395> 0.250000
	pigment { color rgbt <1,0,0,0> }
	no_shadow
}
cylinder {
	<30.437136, 38.957314, 31.054899>,  <30.244959, 38.961681, 30.911201>, 0.100000
	pigment { color rgbt <1,0,0,0> }
	no_shadow
}
cylinder {
	<30.437136, 38.957314, 31.054899>,  <30.757431, 38.950035, 31.294395>, 0.100000
	pigment { color rgbt <1,0,0,0> }
	no_shadow
}

// particle -1
sphere {
	<30.437136, 38.957314, 31.054899> 0.100000
	pigment { color rgbt <1,0,0,0> }
	no_shadow
}
sphere {
	0, 1
	scale<0.080000,0.200000,0.300000>
	matrix <0.511255, 0.541632, -0.667273,
		0.312152, -0.840419, -0.443010,
		-0.800737, 0.018201, -0.598740,
		30.196915, 38.962772, 30.875277>
	pigment { color rgbt <0,1,1,0> }
	no_shadow
}
cylinder {
	<31.028440, 38.729595, 30.622904>,  <30.757431, 38.950035, 31.294395>, 0.130000
	pigment { color rgbt <1,0,0,0> }
	no_shadow
}

// nucleotide -1

// particle -1
sphere {
	<31.028440, 38.729595, 30.622904> 0.250000
	pigment { color rgbt <1,0,0,0> }
	no_shadow
}
cylinder {
	<30.690895, 38.923958, 30.531870>,  <30.488369, 39.040573, 30.477249>, 0.100000
	pigment { color rgbt <1,0,0,0> }
	no_shadow
}
cylinder {
	<30.690895, 38.923958, 30.531870>,  <31.028440, 38.729595, 30.622904>, 0.100000
	pigment { color rgbt <1,0,0,0> }
	no_shadow
}

// particle -1
sphere {
	<30.690895, 38.923958, 30.531870> 0.100000
	pigment { color rgbt <1,0,0,0> }
	no_shadow
}
sphere {
	0, 1
	scale<0.080000,0.200000,0.300000>
	matrix <0.512907, 0.605962, -0.608060,
		-0.157552, -0.629848, -0.760572,
		-0.843863, 0.485904, -0.227583,
		30.437737, 39.069729, 30.463594>
	pigment { color rgbt <0,1,1,0> }
	no_shadow
}
cylinder {
	<31.146709, 38.913876, 29.937649>,  <31.028440, 38.729595, 30.622904>, 0.130000
	pigment { color rgbt <1,0,0,0> }
	no_shadow
}

// nucleotide -1

// particle -1
sphere {
	<31.146709, 38.913876, 29.937649> 0.250000
	pigment { color rgbt <1,0,0,0> }
	no_shadow
}
cylinder {
	<30.850994, 39.164528, 30.036272>,  <30.673565, 39.314919, 30.095446>, 0.100000
	pigment { color rgbt <1,0,0,0> }
	no_shadow
}
cylinder {
	<30.850994, 39.164528, 30.036272>,  <31.146709, 38.913876, 29.937649>, 0.100000
	pigment { color rgbt <1,0,0,0> }
	no_shadow
}

// particle -1
sphere {
	<30.850994, 39.164528, 30.036272> 0.100000
	pigment { color rgbt <1,0,0,0> }
	no_shadow
}
sphere {
	0, 1
	scale<0.080000,0.200000,0.300000>
	matrix <0.432878, 0.722707, -0.538805,
		-0.515820, -0.291602, -0.805542,
		-0.739288, 0.626628, 0.246559,
		30.629208, 39.352516, 30.110239>
	pigment { color rgbt <0,1,1,0> }
	no_shadow
}
cylinder {
	<30.907858, 39.264076, 29.249943>,  <31.146709, 38.913876, 29.937649>, 0.130000
	pigment { color rgbt <1,0,0,0> }
	no_shadow
}

// nucleotide -1

// particle -1
sphere {
	<30.907858, 39.264076, 29.249943> 0.250000
	pigment { color rgbt <1,0,0,0> }
	no_shadow
}
cylinder {
	<30.795452, 39.522602, 29.533718>,  <30.728008, 39.677719, 29.703983>, 0.100000
	pigment { color rgbt <1,0,0,0> }
	no_shadow
}
cylinder {
	<30.795452, 39.522602, 29.533718>,  <30.907858, 39.264076, 29.249943>, 0.100000
	pigment { color rgbt <1,0,0,0> }
	no_shadow
}

// particle -1
sphere {
	<30.795452, 39.522602, 29.533718> 0.100000
	pigment { color rgbt <1,0,0,0> }
	no_shadow
}
sphere {
	0, 1
	scale<0.080000,0.200000,0.300000>
	matrix <0.165163, 0.760767, -0.627659,
		-0.945385, -0.059208, -0.320534,
		-0.281014, 0.646319, 0.709438,
		30.711147, 39.716499, 29.746550>
	pigment { color rgbt <0,1,1,0> }
	no_shadow
}
cylinder {
	<30.471876, 39.716202, 28.900152>,  <30.907858, 39.264076, 29.249943>, 0.130000
	pigment { color rgbt <1,0,0,0> }
	no_shadow
}

// nucleotide -1

// particle -1
sphere {
	<30.471876, 39.716202, 28.900152> 0.250000
	pigment { color rgbt <1,0,0,0> }
	no_shadow
}
cylinder {
	<30.629286, 39.898899, 29.219282>,  <30.723732, 40.008518, 29.410759>, 0.100000
	pigment { color rgbt <1,0,0,0> }
	no_shadow
}
cylinder {
	<30.629286, 39.898899, 29.219282>,  <30.471876, 39.716202, 28.900152>, 0.100000
	pigment { color rgbt <1,0,0,0> }
	no_shadow
}

// particle -1
sphere {
	<30.629286, 39.898899, 29.219282> 0.100000
	pigment { color rgbt <1,0,0,0> }
	no_shadow
}
sphere {
	0, 1
	scale<0.080000,0.200000,0.300000>
	matrix <0.164179, 0.818978, -0.549837,
		-0.904536, 0.347359, 0.247299,
		0.393523, 0.456746, 0.797824,
		30.747343, 40.035923, 29.458630>
	pigment { color rgbt <0,1,1,0> }
	no_shadow
}
cylinder {
	<30.492165, 40.457989, 28.810879>,  <30.471876, 39.716202, 28.900152>, 0.130000
	pigment { color rgbt <1,0,0,0> }
	no_shadow
}

// nucleotide -1

// particle -1
sphere {
	<30.492165, 40.457989, 28.810879> 0.250000
	pigment { color rgbt <1,0,0,0> }
	no_shadow
}
cylinder {
	<30.711569, 40.457813, 29.145336>,  <30.843212, 40.457710, 29.346010>, 0.100000
	pigment { color rgbt <1,0,0,0> }
	no_shadow
}
cylinder {
	<30.711569, 40.457813, 29.145336>,  <30.492165, 40.457989, 28.810879>, 0.100000
	pigment { color rgbt <1,0,0,0> }
	no_shadow
}

// particle -1
sphere {
	<30.711569, 40.457813, 29.145336> 0.100000
	pigment { color rgbt <1,0,0,0> }
	no_shadow
}
sphere {
	0, 1
	scale<0.080000,0.200000,0.300000>
	matrix <0.527326, 0.776235, -0.345525,
		-0.648892, 0.630444, 0.426004,
		0.548513, -0.000435, 0.836142,
		30.876123, 40.457684, 29.396179>
	pigment { color rgbt <0,1,1,0> }
	no_shadow
}
cylinder {
	<30.550716, 41.178387, 29.146141>,  <30.492165, 40.457989, 28.810879>, 0.130000
	pigment { color rgbt <1,0,0,0> }
	no_shadow
}

// nucleotide -1

// particle -1
sphere {
	<30.550716, 41.178387, 29.146141> 0.250000
	pigment { color rgbt <1,0,0,0> }
	no_shadow
}
cylinder {
	<30.858936, 40.955635, 29.270166>,  <31.043867, 40.821983, 29.344582>, 0.100000
	pigment { color rgbt <1,0,0,0> }
	no_shadow
}
cylinder {
	<30.858936, 40.955635, 29.270166>,  <30.550716, 41.178387, 29.146141>, 0.100000
	pigment { color rgbt <1,0,0,0> }
	no_shadow
}

// particle -1
sphere {
	<30.858936, 40.955635, 29.270166> 0.100000
	pigment { color rgbt <1,0,0,0> }
	no_shadow
}
sphere {
	0, 1
	scale<0.080000,0.200000,0.300000>
	matrix <0.637215, 0.684209, -0.354705,
		-0.014621, 0.470895, 0.882068,
		0.770548, -0.556881, 0.310065,
		31.090101, 40.788570, 29.363186>
	pigment { color rgbt <0,1,1,0> }
	no_shadow
}
cylinder {
	<31.100073, 41.610821, 29.287569>,  <30.550716, 41.178387, 29.146141>, 0.130000
	pigment { color rgbt <1,0,0,0> }
	no_shadow
}

// nucleotide -1

// particle -1
sphere {
	<31.100073, 41.610821, 29.287569> 0.250000
	pigment { color rgbt <1,0,0,0> }
	no_shadow
}
cylinder {
	<31.288267, 41.262043, 29.233377>,  <31.401184, 41.052776, 29.200863>, 0.100000
	pigment { color rgbt <1,0,0,0> }
	no_shadow
}
cylinder {
	<31.288267, 41.262043, 29.233377>,  <31.100073, 41.610821, 29.287569>, 0.100000
	pigment { color rgbt <1,0,0,0> }
	no_shadow
}

// particle -1
sphere {
	<31.288267, 41.262043, 29.233377> 0.100000
	pigment { color rgbt <1,0,0,0> }
	no_shadow
}
sphere {
	0, 1
	scale<0.080000,0.200000,0.300000>
	matrix <0.723321, 0.469033, -0.506769,
		0.505419, 0.140433, 0.851370,
		0.470488, -0.871944, -0.135480,
		31.429413, 41.000462, 29.192734>
	pigment { color rgbt <0,1,1,0> }
	no_shadow
}
cylinder {
	<31.669590, 41.753506, 29.057438>,  <31.100073, 41.610821, 29.287569>, 0.130000
	pigment { color rgbt <1,0,0,0> }
	no_shadow
}

// nucleotide -1

// particle -1
sphere {
	<31.669590, 41.753506, 29.057438> 0.250000
	pigment { color rgbt <1,0,0,0> }
	no_shadow
}
cylinder {
	<31.737278, 41.362675, 29.005777>,  <31.777891, 41.128174, 28.974781>, 0.100000
	pigment { color rgbt <1,0,0,0> }
	no_shadow
}
cylinder {
	<31.737278, 41.362675, 29.005777>,  <31.669590, 41.753506, 29.057438>, 0.100000
	pigment { color rgbt <1,0,0,0> }
	no_shadow
}

// particle -1
sphere {
	<31.737278, 41.362675, 29.005777> 0.100000
	pigment { color rgbt <1,0,0,0> }
	no_shadow
}
sphere {
	0, 1
	scale<0.080000,0.200000,0.300000>
	matrix <0.695075, 0.211217, -0.687211,
		0.698738, 0.026521, 0.714886,
		0.169222, -0.977079, -0.129151,
		31.788044, 41.069550, 28.967031>
	pigment { color rgbt <0,1,1,0> }
	no_shadow
}
cylinder {
	<32.353687, 41.789494, 28.992998>,  <31.669590, 41.753506, 29.057438>, 0.130000
	pigment { color rgbt <1,0,0,0> }
	no_shadow
}

// nucleotide -1

// particle -1
sphere {
	<32.353687, 41.789494, 28.992998> 0.250000
	pigment { color rgbt <1,0,0,0> }
	no_shadow
}
cylinder {
	<32.211117, 41.450211, 28.836283>,  <32.125576, 41.246639, 28.742254>, 0.100000
	pigment { color rgbt <1,0,0,0> }
	no_shadow
}
cylinder {
	<32.211117, 41.450211, 28.836283>,  <32.353687, 41.789494, 28.992998>, 0.100000
	pigment { color rgbt <1,0,0,0> }
	no_shadow
}

// particle -1
sphere {
	<32.211117, 41.450211, 28.836283> 0.100000
	pigment { color rgbt <1,0,0,0> }
	no_shadow
}
sphere {
	0, 1
	scale<0.080000,0.200000,0.300000>
	matrix <0.640109, 0.083774, -0.763703,
		0.680604, -0.522990, 0.513089,
		-0.356425, -0.848212, -0.391788,
		32.104191, 41.195747, 28.718746>
	pigment { color rgbt <0,1,1,0> }
	no_shadow
}
cylinder {
	<32.851700, 41.177288, 28.851065>,  <32.353687, 41.789494, 28.992998>, 0.130000
	pigment { color rgbt <1,0,0,0> }
	no_shadow
}

// nucleotide -1

// particle -1
sphere {
	<32.851700, 41.177288, 28.851065> 0.250000
	pigment { color rgbt <1,0,0,0> }
	no_shadow
}
cylinder {
	<32.562141, 41.140888, 28.577513>,  <32.388405, 41.119049, 28.413382>, 0.100000
	pigment { color rgbt <1,0,0,0> }
	no_shadow
}
cylinder {
	<32.562141, 41.140888, 28.577513>,  <32.851700, 41.177288, 28.851065>, 0.100000
	pigment { color rgbt <1,0,0,0> }
	no_shadow
}

// particle -1
sphere {
	<32.562141, 41.140888, 28.577513> 0.100000
	pigment { color rgbt <1,0,0,0> }
	no_shadow
}
sphere {
	0, 1
	scale<0.080000,0.200000,0.300000>
	matrix <0.672765, 0.126501, -0.728962,
		0.152845, -0.987784, -0.030354,
		-0.723896, -0.090997, -0.683881,
		32.344971, 41.113590, 28.372349>
	pigment { color rgbt <0,1,1,0> }
	no_shadow
}
cylinder {
	<33.071350, 40.668365, 28.329931>,  <32.851700, 41.177288, 28.851065>, 0.130000
	pigment { color rgbt <1,0,0,0> }
	no_shadow
}

// nucleotide -1

// particle -1
sphere {
	<33.071350, 40.668365, 28.329931> 0.250000
	pigment { color rgbt <1,0,0,0> }
	no_shadow
}
cylinder {
	<32.823761, 40.949978, 28.190668>,  <32.675209, 41.118946, 28.107111>, 0.100000
	pigment { color rgbt <1,0,0,0> }
	no_shadow
}
cylinder {
	<32.823761, 40.949978, 28.190668>,  <33.071350, 40.668365, 28.329931>, 0.100000
	pigment { color rgbt <1,0,0,0> }
	no_shadow
}

// particle -1
sphere {
	<32.823761, 40.949978, 28.190668> 0.100000
	pigment { color rgbt <1,0,0,0> }
	no_shadow
}
sphere {
	0, 1
	scale<0.080000,0.200000,0.300000>
	matrix <0.626068, 0.174607, -0.759968,
		-0.474251, -0.688369, -0.548848,
		-0.618971, 0.704032, -0.348158,
		32.638069, 41.161186, 28.086220>
	pigment { color rgbt <0,1,1,0> }
	no_shadow
}
cylinder {
	<33.583858, 40.786621, 27.868484>,  <33.071350, 40.668365, 28.329931>, 0.130000
	pigment { color rgbt <1,0,0,0> }
	no_shadow
}

// nucleotide -1

// particle -1
sphere {
	<33.583858, 40.786621, 27.868484> 0.250000
	pigment { color rgbt <1,0,0,0> }
	no_shadow
}
cylinder {
	<33.276863, 41.011955, 27.746099>,  <33.092667, 41.147156, 27.672668>, 0.100000
	pigment { color rgbt <1,0,0,0> }
	no_shadow
}
cylinder {
	<33.276863, 41.011955, 27.746099>,  <33.583858, 40.786621, 27.868484>, 0.100000
	pigment { color rgbt <1,0,0,0> }
	no_shadow
}

// particle -1
sphere {
	<33.276863, 41.011955, 27.746099> 0.100000
	pigment { color rgbt <1,0,0,0> }
	no_shadow
}
sphere {
	0, 1
	scale<0.080000,0.200000,0.300000>
	matrix <0.421396, 0.083661, -0.903009,
		-0.483101, -0.821981, -0.301597,
		-0.767488, 0.563337, -0.305963,
		33.046616, 41.180958, 27.654310>
	pigment { color rgbt <0,1,1,0> }
	no_shadow
}
cylinder {
	<33.073208, 40.472324, 27.429041>,  <33.583858, 40.786621, 27.868484>, 0.130000
	pigment { color rgbt <1,0,0,0> }
	no_shadow
}

// nucleotide -1

// particle -1
sphere {
	<33.073208, 40.472324, 27.429041> 0.250000
	pigment { color rgbt <1,0,0,0> }
	no_shadow
}
cylinder {
	<33.090240, 40.861877, 27.339830>,  <33.100460, 41.095608, 27.286304>, 0.100000
	pigment { color rgbt <1,0,0,0> }
	no_shadow
}
cylinder {
	<33.090240, 40.861877, 27.339830>,  <33.073208, 40.472324, 27.429041>, 0.100000
	pigment { color rgbt <1,0,0,0> }
	no_shadow
}

// particle -1
sphere {
	<33.090240, 40.861877, 27.339830> 0.100000
	pigment { color rgbt <1,0,0,0> }
	no_shadow
}
sphere {
	0, 1
	scale<0.080000,0.200000,0.300000>
	matrix <0.269109, -0.226157, -0.936180,
		-0.962168, -0.020155, -0.271710,
		0.042580, 0.973882, -0.223025,
		33.103016, 41.154041, 27.272923>
	pigment { color rgbt <0,1,1,0> }
	no_shadow
}
cylinder {
	<33.323071, 39.868458, 26.872324>,  <33.073208, 40.472324, 27.429041>, 0.130000
	pigment { color rgbt <1,0,0,0> }
	no_shadow
}

// nucleotide -1

// particle -1
sphere {
	<33.323071, 39.868458, 26.872324> 0.250000
	pigment { color rgbt <1,0,0,0> }
	no_shadow
}
cylinder {
	<33.349449, 39.687580, 26.516533>,  <33.365276, 39.579052, 26.303059>, 0.100000
	pigment { color rgbt <1,0,0,0> }
	no_shadow
}
cylinder {
	<33.349449, 39.687580, 26.516533>,  <33.323071, 39.868458, 26.872324>, 0.100000
	pigment { color rgbt <1,0,0,0> }
	no_shadow
}

// particle -1
sphere {
	<33.349449, 39.687580, 26.516533> 0.100000
	pigment { color rgbt <1,0,0,0> }
	no_shadow
}
sphere {
	0, 1
	scale<0.080000,0.200000,0.300000>
	matrix <-0.571061, -0.748102, 0.337982,
		-0.818254, 0.485658, -0.307565,
		0.065946, -0.452194, -0.889479,
		33.369232, 39.551922, 26.249689>
	pigment { color rgbt <0,1,1,0> }
	no_shadow
}
cylinder {
	<32.697689, 39.752182, 26.680656>,  <33.323071, 39.868458, 26.872324>, 0.130000
	pigment { color rgbt <1,0,0,0> }
	no_shadow
}

// nucleotide -1

// particle -1
sphere {
	<32.697689, 39.752182, 26.680656> 0.250000
	pigment { color rgbt <1,0,0,0> }
	no_shadow
}
cylinder {
	<32.929577, 39.459351, 26.537550>,  <33.068710, 39.283653, 26.451687>, 0.100000
	pigment { color rgbt <1,0,0,0> }
	no_shadow
}
cylinder {
	<32.929577, 39.459351, 26.537550>,  <32.697689, 39.752182, 26.680656>, 0.100000
	pigment { color rgbt <1,0,0,0> }
	no_shadow
}

// particle -1
sphere {
	<32.929577, 39.459351, 26.537550> 0.100000
	pigment { color rgbt <1,0,0,0> }
	no_shadow
}
sphere {
	0, 1
	scale<0.080000,0.200000,0.300000>
	matrix <-0.586182, -0.679676, 0.440942,
		-0.565966, -0.045907, -0.823149,
		0.579717, -0.732074, -0.357764,
		33.103493, 39.239727, 26.430220>
	pigment { color rgbt <0,1,1,0> }
	no_shadow
}
cylinder {
	<32.186234, 39.213009, 26.357733>,  <32.697689, 39.752182, 26.680656>, 0.130000
	pigment { color rgbt <1,0,0,0> }
	no_shadow
}

// nucleotide -1

// particle -1
sphere {
	<32.186234, 39.213009, 26.357733> 0.250000
	pigment { color rgbt <1,0,0,0> }
	no_shadow
}
cylinder {
	<32.543564, 39.046730, 26.426048>,  <32.757961, 38.946960, 26.467037>, 0.100000
	pigment { color rgbt <1,0,0,0> }
	no_shadow
}
cylinder {
	<32.543564, 39.046730, 26.426048>,  <32.186234, 39.213009, 26.357733>, 0.100000
	pigment { color rgbt <1,0,0,0> }
	no_shadow
}

// particle -1
sphere {
	<32.543564, 39.046730, 26.426048> 0.100000
	pigment { color rgbt <1,0,0,0> }
	no_shadow
}
sphere {
	0, 1
	scale<0.080000,0.200000,0.300000>
	matrix <-0.448220, -0.796395, 0.406022,
		-0.032766, -0.439261, -0.897762,
		0.893322, -0.415699, 0.170790,
		32.811562, 38.922020, 26.477285>
	pigment { color rgbt <0,1,1,0> }
	no_shadow
}
cylinder {
	<32.164204, 38.464699, 26.236078>,  <32.186234, 39.213009, 26.357733>, 0.130000
	pigment { color rgbt <1,0,0,0> }
	no_shadow
}

// nucleotide -1

// particle -1
sphere {
	<32.164204, 38.464699, 26.236078> 0.250000
	pigment { color rgbt <1,0,0,0> }
	no_shadow
}
cylinder {
	<32.496357, 38.497738, 26.456493>,  <32.695648, 38.517563, 26.588743>, 0.100000
	pigment { color rgbt <1,0,0,0> }
	no_shadow
}
cylinder {
	<32.496357, 38.497738, 26.456493>,  <32.164204, 38.464699, 26.236078>, 0.100000
	pigment { color rgbt <1,0,0,0> }
	no_shadow
}

// particle -1
sphere {
	<32.496357, 38.497738, 26.456493> 0.100000
	pigment { color rgbt <1,0,0,0> }
	no_shadow
}
sphere {
	0, 1
	scale<0.080000,0.200000,0.300000>
	matrix <-0.223408, -0.856623, 0.465066,
		0.510447, -0.509289, -0.692870,
		0.830381, 0.082599, 0.551040,
		32.745472, 38.522518, 26.621805>
	pigment { color rgbt <0,1,1,0> }
	no_shadow
}
cylinder {
	<32.455246, 37.823811, 26.194849>,  <32.164204, 38.464699, 26.236078>, 0.130000
	pigment { color rgbt <1,0,0,0> }
	no_shadow
}

// nucleotide -1

// particle -1
sphere {
	<32.455246, 37.823811, 26.194849> 0.250000
	pigment { color rgbt <1,0,0,0> }
	no_shadow
}
cylinder {
	<32.526031, 38.042831, 26.521988>,  <32.568504, 38.174244, 26.718271>, 0.100000
	pigment { color rgbt <1,0,0,0> }
	no_shadow
}
cylinder {
	<32.526031, 38.042831, 26.521988>,  <32.455246, 37.823811, 26.194849>, 0.100000
	pigment { color rgbt <1,0,0,0> }
	no_shadow
}

// particle -1
sphere {
	<32.526031, 38.042831, 26.521988> 0.100000
	pigment { color rgbt <1,0,0,0> }
	no_shadow
}
sphere {
	0, 1
	scale<0.080000,0.200000,0.300000>
	matrix <-0.337391, -0.746862, 0.573031,
		0.924582, -0.377340, 0.052571,
		0.176964, 0.547551, 0.817846,
		32.579121, 38.207096, 26.767342>
	pigment { color rgbt <0,1,1,0> }
	no_shadow
}
cylinder {
	<32.691723, 37.321461, 26.652056>,  <32.455246, 37.823811, 26.194849>, 0.130000
	pigment { color rgbt <1,0,0,0> }
	no_shadow
}

// nucleotide -1

// particle -1
sphere {
	<32.691723, 37.321461, 26.652056> 0.250000
	pigment { color rgbt <1,0,0,0> }
	no_shadow
}
cylinder {
	<32.571838, 37.626675, 26.881123>,  <32.499908, 37.809803, 27.018562>, 0.100000
	pigment { color rgbt <1,0,0,0> }
	no_shadow
}
cylinder {
	<32.571838, 37.626675, 26.881123>,  <32.691723, 37.321461, 26.652056>, 0.100000
	pigment { color rgbt <1,0,0,0> }
	no_shadow
}

// particle -1
sphere {
	<32.571838, 37.626675, 26.881123> 0.100000
	pigment { color rgbt <1,0,0,0> }
	no_shadow
}
sphere {
	0, 1
	scale<0.080000,0.200000,0.300000>
	matrix <-0.364400, -0.646311, 0.670444,
		0.881694, -0.007738, 0.471759,
		-0.299715, 0.763035, 0.572668,
		32.481922, 37.855587, 27.052923>
	pigment { color rgbt <0,1,1,0> }
	no_shadow
}
cylinder {
	<32.674648, 37.007145, 27.152525>,  <32.691723, 37.321461, 26.652056>, 0.130000
	pigment { color rgbt <1,0,0,0> }
	no_shadow
}

// nucleotide -1

// particle -1
sphere {
	<32.674648, 37.007145, 27.152525> 0.250000
	pigment { color rgbt <1,0,0,0> }
	no_shadow
}
cylinder {
	<32.498932, 37.343605, 27.278690>,  <32.393501, 37.545483, 27.354389>, 0.100000
	pigment { color rgbt <1,0,0,0> }
	no_shadow
}
cylinder {
	<32.498932, 37.343605, 27.278690>,  <32.674648, 37.007145, 27.152525>, 0.100000
	pigment { color rgbt <1,0,0,0> }
	no_shadow
}

// particle -1
sphere {
	<32.498932, 37.343605, 27.278690> 0.100000
	pigment { color rgbt <1,0,0,0> }
	no_shadow
}
sphere {
	0, 1
	scale<0.080000,0.200000,0.300000>
	matrix <-0.443973, -0.508513, 0.737769,
		0.780967, 0.184061, 0.596834,
		-0.439293, 0.841152, 0.315414,
		32.367146, 37.595951, 27.373314>
	pigment { color rgbt <0,1,1,0> }
	no_shadow
}
cylinder {
	<32.887653, 37.212620, 27.911028>,  <32.674648, 37.007145, 27.152525>, 0.130000
	pigment { color rgbt <1,0,0,0> }
	no_shadow
}

// nucleotide -1

// particle -1
sphere {
	<32.887653, 37.212620, 27.911028> 0.250000
	pigment { color rgbt <1,0,0,0> }
	no_shadow
}
cylinder {
	<32.538475, 37.386242, 27.821987>,  <32.328968, 37.490417, 27.768562>, 0.100000
	pigment { color rgbt <1,0,0,0> }
	no_shadow
}
cylinder {
	<32.538475, 37.386242, 27.821987>,  <32.887653, 37.212620, 27.911028>, 0.100000
	pigment { color rgbt <1,0,0,0> }
	no_shadow
}

// particle -1
sphere {
	<32.538475, 37.386242, 27.821987> 0.100000
	pigment { color rgbt <1,0,0,0> }
	no_shadow
}
sphere {
	0, 1
	scale<0.080000,0.200000,0.300000>
	matrix <-0.390048, -0.347046, 0.852890,
		0.292951, 0.831356, 0.472257,
		-0.872950, 0.434058, -0.222602,
		32.276588, 37.516460, 27.755207>
	pigment { color rgbt <0,1,1,0> }
	no_shadow
}
cylinder {
	<32.642647, 37.300301, 28.528030>,  <32.887653, 37.212620, 27.911028>, 0.130000
	pigment { color rgbt <1,0,0,0> }
	no_shadow
}

// nucleotide -1

// particle -1
sphere {
	<32.642647, 37.300301, 28.528030> 0.250000
	pigment { color rgbt <1,0,0,0> }
	no_shadow
}
cylinder {
	<32.323544, 37.320629, 28.287699>,  <32.132080, 37.332825, 28.143499>, 0.100000
	pigment { color rgbt <1,0,0,0> }
	no_shadow
}
cylinder {
	<32.323544, 37.320629, 28.287699>,  <32.642647, 37.300301, 28.528030>, 0.100000
	pigment { color rgbt <1,0,0,0> }
	no_shadow
}

// particle -1
sphere {
	<32.323544, 37.320629, 28.287699> 0.100000
	pigment { color rgbt <1,0,0,0> }
	no_shadow
}
sphere {
	0, 1
	scale<0.080000,0.200000,0.300000>
	matrix <-0.526294, -0.544972, 0.652702,
		-0.294267, 0.836913, 0.461501,
		-0.797760, 0.050817, -0.600830,
		32.084217, 37.335873, 28.107450>
	pigment { color rgbt <0,1,1,0> }
	no_shadow
}
cylinder {
	<32.002991, 37.470001, 28.984524>,  <32.642647, 37.300301, 28.528030>, 0.130000
	pigment { color rgbt <1,0,0,0> }
	no_shadow
}

// nucleotide -1

// particle -1
sphere {
	<32.002991, 37.470001, 28.984524> 0.250000
	pigment { color rgbt <1,0,0,0> }
	no_shadow
}
cylinder {
	<31.894814, 37.308926, 28.634735>,  <31.829906, 37.212280, 28.424862>, 0.100000
	pigment { color rgbt <1,0,0,0> }
	no_shadow
}
cylinder {
	<31.894814, 37.308926, 28.634735>,  <32.002991, 37.470001, 28.984524>, 0.100000
	pigment { color rgbt <1,0,0,0> }
	no_shadow
}

// particle -1
sphere {
	<31.894814, 37.308926, 28.634735> 0.100000
	pigment { color rgbt <1,0,0,0> }
	no_shadow
}
sphere {
	0, 1
	scale<0.080000,0.200000,0.300000>
	matrix <-0.580284, -0.656595, 0.481823,
		-0.768200, 0.637748, -0.056103,
		-0.270444, -0.402692, -0.874471,
		31.813681, 37.188118, 28.372395>
	pigment { color rgbt <0,1,1,0> }
	no_shadow
}
cylinder {
	<31.290476, 37.520676, 28.891821>,  <32.002991, 37.470001, 28.984524>, 0.130000
	pigment { color rgbt <1,0,0,0> }
	no_shadow
}

// nucleotide -1

// particle -1
sphere {
	<31.290476, 37.520676, 28.891821> 0.250000
	pigment { color rgbt <1,0,0,0> }
	no_shadow
}
cylinder {
	<31.401983, 37.221546, 28.650806>,  <31.468887, 37.042068, 28.506197>, 0.100000
	pigment { color rgbt <1,0,0,0> }
	no_shadow
}
cylinder {
	<31.401983, 37.221546, 28.650806>,  <31.290476, 37.520676, 28.891821>, 0.100000
	pigment { color rgbt <1,0,0,0> }
	no_shadow
}

// particle -1
sphere {
	<31.401983, 37.221546, 28.650806> 0.100000
	pigment { color rgbt <1,0,0,0> }
	no_shadow
}
sphere {
	0, 1
	scale<0.080000,0.200000,0.300000>
	matrix <-0.744715, -0.564479, 0.356037,
