// switches for output
#declare DRAW_BASES = 1; // possible values are 0, 1; only relevant for DNA ribbons
#declare DRAW_BASES_TYPE = 3; // possible values are 1, 2, 3; only relevant for DNA ribbons
#declare DRAW_FOG = 0; // set to 1 to enable fog

#include "colors.inc"

#include "transforms.inc"
background { rgb <1, 1, 1>}

#default {
   normal{
       ripples 0.25
       frequency 0.20
       turbulence 0.2
       lambda 5
   }
	finish {
		phong 0.1
		phong_size 40.
	}
}

// original window dimensions: 1024x640


// camera settings

camera {
	sky <0, 0.179814, -0.983701>
	up <0, 0.179814, -0.983701>
	right 1.6 * <1, 0, 0>
	location <35, 94.9851, 44.8844>
	look_at <35, 29.7336, 32.9568>
	direction <0, -65.2515, -11.9276>
	angle 67.0682
}


# declare cpy_camera_pos = <35, 94.9851, 44.8844>;
# if (DRAW_FOG = 1)
fog {
	fog_type 2
	up vnormalize(cpy_camera_pos)
	color rgbt<1,1,1,0.3>
	distance 1e-5
	fog_alt 3e-3
	fog_offset 56
}
# end


// LIGHTS

# declare lum = 6;
global_settings {
	ambient_light rgb lum * <0.05, 0.05, 0.05>
	max_trace_level 15
}# declare cpy_direct_light_amount = 0.25;
light_source
{	1000 * <-1, -1.16352, -0.803886>,
	rgb lum * cpy_direct_light_amount
	parallel
}

light_source
{	1000 * <1, 1.16352, 0.803886>,
	rgb lum * cpy_direct_light_amount
	parallel
}

// strand 0

// nucleotide -1

// particle -1
sphere {
	<24.401014, 34.996315, 34.920765> 0.250000
	pigment { color rgbt <1,0,0,0> }
	no_shadow
}
cylinder {
	<24.198299, 35.330837, 35.004440>,  <24.076670, 35.531551, 35.054646>, 0.100000
	pigment { color rgbt <1,0,0,0> }
	no_shadow
}
cylinder {
	<24.198299, 35.330837, 35.004440>,  <24.401014, 34.996315, 34.920765>, 0.100000
	pigment { color rgbt <1,0,0,0> }
	no_shadow
}

// particle -1
sphere {
	<24.198299, 35.330837, 35.004440> 0.100000
	pigment { color rgbt <1,0,0,0> }
	no_shadow
}
sphere {
	0, 1
	scale<0.080000,0.200000,0.300000>
	matrix <0.676511, 0.235418, 0.697790,
		0.534320, 0.495148, -0.685077,
		-0.506789, 0.836305, 0.209185,
		24.046263, 35.581730, 35.067196>
	pigment { color rgbt <0,1,1,0> }
	no_shadow
}
cylinder {
	<24.831352, 35.570396, 34.906330>,  <24.401014, 34.996315, 34.920765>, 0.130000
	pigment { color rgbt <1,0,0,0> }
	no_shadow
}

// nucleotide -1

// particle -1
sphere {
	<24.831352, 35.570396, 34.906330> 0.250000
	pigment { color rgbt <1,0,0,0> }
	no_shadow
}
cylinder {
	<24.522560, 35.629936, 35.153519>,  <24.337284, 35.665661, 35.301830>, 0.100000
	pigment { color rgbt <1,0,0,0> }
	no_shadow
}
cylinder {
	<24.522560, 35.629936, 35.153519>,  <24.831352, 35.570396, 34.906330>, 0.100000
	pigment { color rgbt <1,0,0,0> }
	no_shadow
}

// particle -1
sphere {
	<24.522560, 35.629936, 35.153519> 0.100000
	pigment { color rgbt <1,0,0,0> }
	no_shadow
}
sphere {
	0, 1
	scale<0.080000,0.200000,0.300000>
	matrix <0.628616, 0.322946, 0.707494,
		-0.094261, 0.934639, -0.342878,
		-0.771982, 0.148849, 0.617970,
		24.290966, 35.674591, 35.338909>
	pigment { color rgbt <0,1,1,0> }
	no_shadow
}
cylinder {
	<24.962835, 36.233925, 35.149803>,  <24.831352, 35.570396, 34.906330>, 0.130000
	pigment { color rgbt <1,0,0,0> }
	no_shadow
}

// nucleotide -1

// particle -1
sphere {
	<24.962835, 36.233925, 35.149803> 0.250000
	pigment { color rgbt <1,0,0,0> }
	no_shadow
}
cylinder {
	<24.733858, 35.996231, 35.375793>,  <24.596472, 35.853615, 35.511387>, 0.100000
	pigment { color rgbt <1,0,0,0> }
	no_shadow
}
cylinder {
	<24.733858, 35.996231, 35.375793>,  <24.962835, 36.233925, 35.149803>, 0.100000
	pigment { color rgbt <1,0,0,0> }
	no_shadow
}

// particle -1
sphere {
	<24.733858, 35.996231, 35.375793> 0.100000
	pigment { color rgbt <1,0,0,0> }
	no_shadow
}
sphere {
	0, 1
	scale<0.080000,0.200000,0.300000>
	matrix <0.533799, 0.252939, 0.806896,
		-0.622389, 0.763483, 0.172410,
		-0.572442, -0.594235, 0.564973,
		24.562126, 35.817959, 35.545284>
	pigment { color rgbt <0,1,1,0> }
	no_shadow
}
cylinder {
	<25.053509, 36.906975, 35.393642>,  <24.962835, 36.233925, 35.149803>, 0.130000
	pigment { color rgbt <1,0,0,0> }
	no_shadow
}

// nucleotide -1

// particle -1
sphere {
	<25.053509, 36.906975, 35.393642> 0.250000
	pigment { color rgbt <1,0,0,0> }
	no_shadow
}
cylinder {
	<25.415632, 37.029774, 35.276226>,  <25.632906, 37.103455, 35.205776>, 0.100000
	pigment { color rgbt <1,0,0,0> }
	no_shadow
}
cylinder {
	<25.415632, 37.029774, 35.276226>,  <25.053509, 36.906975, 35.393642>, 0.100000
	pigment { color rgbt <1,0,0,0> }
	no_shadow
}

// particle -1
sphere {
	<25.415632, 37.029774, 35.276226> 0.100000
	pigment { color rgbt <1,0,0,0> }
	no_shadow
}
sphere {
	0, 1
	scale<0.080000,0.200000,0.300000>
	matrix <-0.180209, 0.903419, 0.389049,
		0.384631, -0.299310, 0.873197,
		0.905309, 0.306998, -0.293544,
		25.687225, 37.121872, 35.188164>
	pigment { color rgbt <0,1,1,0> }
	no_shadow
}
cylinder {
	<25.259035, 37.248428, 36.000252>,  <25.053509, 36.906975, 35.393642>, 0.130000
	pigment { color rgbt <1,0,0,0> }
	no_shadow
}

// nucleotide -1

// particle -1
sphere {
	<25.259035, 37.248428, 36.000252> 0.250000
	pigment { color rgbt <1,0,0,0> }
	no_shadow
}
cylinder {
	<25.480946, 37.378460, 35.693909>,  <25.614092, 37.456478, 35.510101>, 0.100000
	pigment { color rgbt <1,0,0,0> }
	no_shadow
}
cylinder {
	<25.480946, 37.378460, 35.693909>,  <25.259035, 37.248428, 36.000252>, 0.100000
	pigment { color rgbt <1,0,0,0> }
	no_shadow
}

// particle -1
sphere {
	<25.480946, 37.378460, 35.693909> 0.100000
	pigment { color rgbt <1,0,0,0> }
	no_shadow
}
sphere {
	0, 1
	scale<0.080000,0.200000,0.300000>
	matrix <-0.143065, 0.944070, 0.297092,
		0.819606, -0.055252, 0.570257,
		0.554778, 0.325082, -0.765861,
		25.647379, 37.475983, 35.464149>
	pigment { color rgbt <0,1,1,0> }
	no_shadow
}
cylinder {
	<25.505972, 37.777382, 36.310871>,  <25.259035, 37.248428, 36.000252>, 0.130000
	pigment { color rgbt <1,0,0,0> }
	no_shadow
}

// nucleotide -1

// particle -1
sphere {
	<25.505972, 37.777382, 36.310871> 0.250000
	pigment { color rgbt <1,0,0,0> }
	no_shadow
}
cylinder {
	<25.892012, 37.805325, 36.209911>,  <26.123636, 37.822090, 36.149338>, 0.100000
	pigment { color rgbt <1,0,0,0> }
	no_shadow
}
cylinder {
	<25.892012, 37.805325, 36.209911>,  <25.505972, 37.777382, 36.310871>, 0.100000
	pigment { color rgbt <1,0,0,0> }
	no_shadow
}

// particle -1
sphere {
	<25.892012, 37.805325, 36.209911> 0.100000
	pigment { color rgbt <1,0,0,0> }
	no_shadow
}
sphere {
	0, 1
	scale<0.080000,0.200000,0.300000>
	matrix <-0.190029, 0.849972, -0.491361,
		0.180203, 0.522175, 0.833583,
		0.965099, 0.069860, -0.252397,
		26.181541, 37.826283, 36.134193>
	pigment { color rgbt <0,1,1,0> }
	no_shadow
}
cylinder {
	<25.961071, 38.247021, 36.787521>,  <25.505972, 37.777382, 36.310871>, 0.130000
	pigment { color rgbt <1,0,0,0> }
	no_shadow
}

// nucleotide -1

// particle -1
sphere {
	<25.961071, 38.247021, 36.787521> 0.250000
	pigment { color rgbt <1,0,0,0> }
	no_shadow
}
cylinder {
	<26.094028, 38.224899, 36.410915>,  <26.173803, 38.211628, 36.184952>, 0.100000
	pigment { color rgbt <1,0,0,0> }
	no_shadow
}
cylinder {
	<26.094028, 38.224899, 36.410915>,  <25.961071, 38.247021, 36.787521>, 0.100000
	pigment { color rgbt <1,0,0,0> }
	no_shadow
}

// particle -1
sphere {
	<26.094028, 38.224899, 36.410915> 0.100000
	pigment { color rgbt <1,0,0,0> }
	no_shadow
}
sphere {
	0, 1
	scale<0.080000,0.200000,0.300000>
	matrix <-0.114451, 0.988537, -0.098467,
		0.936170, 0.140487, 0.322254,
		0.332394, -0.055300, -0.941518,
		26.193747, 38.208309, 36.128460>
	pigment { color rgbt <0,1,1,0> }
	no_shadow
}
cylinder {
	<26.573734, 38.636265, 36.684052>,  <25.961071, 38.247021, 36.787521>, 0.130000
	pigment { color rgbt <1,0,0,0> }
	no_shadow
}

// nucleotide -1

// particle -1
sphere {
	<26.573734, 38.636265, 36.684052> 0.250000
	pigment { color rgbt <1,0,0,0> }
	no_shadow
}
cylinder {
	<26.406708, 38.604664, 36.321968>,  <26.306492, 38.585705, 36.104717>, 0.100000
	pigment { color rgbt <1,0,0,0> }
	no_shadow
}
cylinder {
	<26.406708, 38.604664, 36.321968>,  <26.573734, 38.636265, 36.684052>, 0.100000
	pigment { color rgbt <1,0,0,0> }
	no_shadow
}

// particle -1
sphere {
	<26.406708, 38.604664, 36.321968> 0.100000
	pigment { color rgbt <1,0,0,0> }
	no_shadow
}
sphere {
	0, 1
	scale<0.080000,0.200000,0.300000>
	matrix <-0.030362, 0.996870, -0.072994,
		0.908140, -0.002996, -0.418657,
		-0.417565, -0.079000, -0.905206,
		26.281439, 38.580963, 36.050407>
	pigment { color rgbt <0,1,1,0> }
	no_shadow
}
cylinder {
	<26.855579, 39.226036, 36.198158>,  <26.573734, 38.636265, 36.684052>, 0.130000
	pigment { color rgbt <1,0,0,0> }
	no_shadow
}

// nucleotide -1

// particle -1
sphere {
	<26.855579, 39.226036, 36.198158> 0.250000
	pigment { color rgbt <1,0,0,0> }
	no_shadow
}
cylinder {
	<26.540432, 39.096050, 35.988911>,  <26.351343, 39.018059, 35.863361>, 0.100000
	pigment { color rgbt <1,0,0,0> }
	no_shadow
}
cylinder {
	<26.540432, 39.096050, 35.988911>,  <26.855579, 39.226036, 36.198158>, 0.100000
	pigment { color rgbt <1,0,0,0> }
	no_shadow
}

// particle -1
sphere {
	<26.540432, 39.096050, 35.988911> 0.100000
	pigment { color rgbt <1,0,0,0> }
	no_shadow
}
sphere {
	0, 1
	scale<0.080000,0.200000,0.300000>
	matrix <-0.232210, 0.943504, -0.236386,
		0.570384, -0.064768, -0.818821,
		-0.787871, -0.324969, -0.523120,
		26.304071, 38.998558, 35.831974>
	pigment { color rgbt <0,1,1,0> }
	no_shadow
}
cylinder {
	<26.906433, 39.559258, 35.574020>,  <26.855579, 39.226036, 36.198158>, 0.130000
	pigment { color rgbt <1,0,0,0> }
	no_shadow
}

// nucleotide -1

// particle -1
sphere {
	<26.906433, 39.559258, 35.574020> 0.250000
	pigment { color rgbt <1,0,0,0> }
	no_shadow
}
cylinder {
	<26.518774, 39.468670, 35.612923>,  <26.286179, 39.414318, 35.636265>, 0.100000
	pigment { color rgbt <1,0,0,0> }
	no_shadow
}
cylinder {
	<26.518774, 39.468670, 35.612923>,  <26.906433, 39.559258, 35.574020>, 0.100000
	pigment { color rgbt <1,0,0,0> }
	no_shadow
}

// particle -1
sphere {
	<26.518774, 39.468670, 35.612923> 0.100000
	pigment { color rgbt <1,0,0,0> }
	no_shadow
}
sphere {
	0, 1
	scale<0.080000,0.200000,0.300000>
	matrix <-0.245703, 0.918902, -0.308626,
		-0.019477, -0.323002, -0.946198,
		-0.969149, -0.226473, 0.097260,
		26.228029, 39.400726, 35.642101>
	pigment { color rgbt <0,1,1,0> }
	no_shadow
}
cylinder {
	<26.628429, 39.885502, 35.009190>,  <26.906433, 39.559258, 35.574020>, 0.130000
	pigment { color rgbt <1,0,0,0> }
	no_shadow
}

// nucleotide -1

// particle -1
sphere {
	<26.628429, 39.885502, 35.009190> 0.250000
	pigment { color rgbt <1,0,0,0> }
	no_shadow
}
cylinder {
	<26.310923, 39.818592, 35.243095>,  <26.120419, 39.778446, 35.383438>, 0.100000
	pigment { color rgbt <1,0,0,0> }
	no_shadow
}
cylinder {
	<26.310923, 39.818592, 35.243095>,  <26.628429, 39.885502, 35.009190>, 0.100000
	pigment { color rgbt <1,0,0,0> }
	no_shadow
}

// particle -1
sphere {
	<26.310923, 39.818592, 35.243095> 0.100000
	pigment { color rgbt <1,0,0,0> }
	no_shadow
}
sphere {
	0, 1
	scale<0.080000,0.200000,0.300000>
	matrix <-0.367236, 0.898214, -0.241556,
		-0.484840, -0.406487, -0.774402,
		-0.793768, -0.167272, 0.584767,
		26.072792, 39.768410, 35.418526>
	pigment { color rgbt <0,1,1,0> }
	no_shadow
}
cylinder {
	<26.039913, 40.092491, 34.611080>,  <26.628429, 39.885502, 35.009190>, 0.130000
	pigment { color rgbt <1,0,0,0> }
	no_shadow
}

// nucleotide -1

// particle -1
sphere {
	<26.039913, 40.092491, 34.611080> 0.250000
	pigment { color rgbt <1,0,0,0> }
	no_shadow
}
cylinder {
	<25.936310, 40.105293, 34.997219>,  <25.874147, 40.112976, 35.228901>, 0.100000
	pigment { color rgbt <1,0,0,0> }
	no_shadow
}
cylinder {
	<25.936310, 40.105293, 34.997219>,  <26.039913, 40.092491, 34.611080>, 0.100000
	pigment { color rgbt <1,0,0,0> }
	no_shadow
}

// particle -1
sphere {
	<25.936310, 40.105293, 34.997219> 0.100000
	pigment { color rgbt <1,0,0,0> }
	no_shadow
}
sphere {
	0, 1
	scale<0.080000,0.200000,0.300000>
	matrix <-0.405625, 0.903441, -0.138787,
		-0.876575, -0.427515, -0.221015,
		-0.259008, 0.032008, 0.965345,
		25.858608, 40.114895, 35.286823>
	pigment { color rgbt <0,1,1,0> }
	no_shadow
}
cylinder {
	<25.227627, 40.341274, 34.648087>,  <26.039913, 40.092491, 34.611080>, 0.130000
	pigment { color rgbt <1,0,0,0> }
	no_shadow
}

// nucleotide -1

// particle -1
sphere {
	<25.227627, 40.341274, 34.648087> 0.250000
	pigment { color rgbt <1,0,0,0> }
	no_shadow
}
cylinder {
	<25.373928, 40.398724, 35.015911>,  <25.461708, 40.433193, 35.236607>, 0.100000
	pigment { color rgbt <1,0,0,0> }
	no_shadow
}
cylinder {
	<25.373928, 40.398724, 35.015911>,  <25.227627, 40.341274, 34.648087>, 0.100000
	pigment { color rgbt <1,0,0,0> }
	no_shadow
}

// particle -1
sphere {
	<25.373928, 40.398724, 35.015911> 0.100000
	pigment { color rgbt <1,0,0,0> }
	no_shadow
}
sphere {
	0, 1
	scale<0.080000,0.200000,0.300000>
	matrix <-0.193264, 0.978206, -0.075909,
		-0.910426, -0.149955, 0.385537,
		0.365752, 0.143620, 0.919564,
		25.483654, 40.441811, 35.291779>
	pigment { color rgbt <0,1,1,0> }
	no_shadow
}
cylinder {
	<24.673841, 40.602726, 35.034885>,  <25.227627, 40.341274, 34.648087>, 0.130000
	pigment { color rgbt <1,0,0,0> }
	no_shadow
}

// nucleotide -1

// particle -1
sphere {
	<24.673841, 40.602726, 35.034885> 0.250000
	pigment { color rgbt <1,0,0,0> }
	no_shadow
}
cylinder {
	<25.028309, 40.735653, 35.164047>,  <25.240990, 40.815407, 35.241547>, 0.100000
	pigment { color rgbt <1,0,0,0> }
	no_shadow
}
cylinder {
	<25.028309, 40.735653, 35.164047>,  <24.673841, 40.602726, 35.034885>, 0.100000
	pigment { color rgbt <1,0,0,0> }
	no_shadow
}

// particle -1
sphere {
	<25.028309, 40.735653, 35.164047> 0.100000
	pigment { color rgbt <1,0,0,0> }
	no_shadow
}
sphere {
	0, 1
	scale<0.080000,0.200000,0.300000>
	matrix <-0.325671, 0.942415, -0.076111,
		-0.329606, -0.037715, 0.943365,
		0.886170, 0.332313, 0.322909,
		25.294161, 40.835346, 35.260921>
	pigment { color rgbt <0,1,1,0> }
	no_shadow
}
cylinder {
	<24.419983, 41.115730, 35.465157>,  <24.673841, 40.602726, 35.034885>, 0.130000
	pigment { color rgbt <1,0,0,0> }
	no_shadow
}

// nucleotide -1

// particle -1
sphere {
	<24.419983, 41.115730, 35.465157> 0.250000
	pigment { color rgbt <1,0,0,0> }
	no_shadow
}
cylinder {
	<24.808250, 41.210995, 35.452007>,  <25.041210, 41.268154, 35.444118>, 0.100000
	pigment { color rgbt <1,0,0,0> }
	no_shadow
}
cylinder {
	<24.808250, 41.210995, 35.452007>,  <24.419983, 41.115730, 35.465157>, 0.100000
	pigment { color rgbt <1,0,0,0> }
	no_shadow
}

// particle -1
sphere {
	<24.808250, 41.210995, 35.452007> 0.100000
	pigment { color rgbt <1,0,0,0> }
	no_shadow
}
sphere {
	0, 1
	scale<0.080000,0.200000,0.300000>
	matrix <-0.240375, 0.964119, -0.112670,
		0.004862, 0.117268, 0.993088,
		0.970668, 0.238165, -0.032876,
		25.099451, 41.282444, 35.442146>
	pigment { color rgbt <0,1,1,0> }
	no_shadow
}
cylinder {
	<24.543858, 41.670536, 36.006969>,  <24.419983, 41.115730, 35.465157>, 0.130000
	pigment { color rgbt <1,0,0,0> }
	no_shadow
}

// nucleotide -1

// particle -1
sphere {
	<24.543858, 41.670536, 36.006969> 0.250000
	pigment { color rgbt <1,0,0,0> }
	no_shadow
}
cylinder {
	<24.827618, 41.686222, 35.725483>,  <24.997873, 41.695633, 35.556591>, 0.100000
	pigment { color rgbt <1,0,0,0> }
	no_shadow
}
cylinder {
	<24.827618, 41.686222, 35.725483>,  <24.543858, 41.670536, 36.006969>, 0.100000
	pigment { color rgbt <1,0,0,0> }
	no_shadow
}

// particle -1
sphere {
	<24.827618, 41.686222, 35.725483> 0.100000
	pigment { color rgbt <1,0,0,0> }
	no_shadow
}
sphere {
	0, 1
	scale<0.080000,0.200000,0.300000>
	matrix <-0.097112, 0.994367, -0.042480,
		0.698086, 0.098475, 0.709210,
		0.709398, 0.039218, -0.703716,
		25.040438, 41.697987, 35.514370>
	pigment { color rgbt <0,1,1,0> }
	no_shadow
}
cylinder {
	<24.875782, 42.360992, 36.067116>,  <24.543858, 41.670536, 36.006969>, 0.130000
	pigment { color rgbt <1,0,0,0> }
	no_shadow
}

// nucleotide -1

// particle -1
sphere {
	<24.875782, 42.360992, 36.067116> 0.250000
	pigment { color rgbt <1,0,0,0> }
	no_shadow
}
cylinder {
	<25.019464, 42.240257, 35.713875>,  <25.105675, 42.167816, 35.501930>, 0.100000
	pigment { color rgbt <1,0,0,0> }
	no_shadow
}
cylinder {
	<25.019464, 42.240257, 35.713875>,  <24.875782, 42.360992, 36.067116>, 0.100000
	pigment { color rgbt <1,0,0,0> }
	no_shadow
}

// particle -1
sphere {
	<25.019464, 42.240257, 35.713875> 0.100000
	pigment { color rgbt <1,0,0,0> }
	no_shadow
}
sphere {
	0, 1
	scale<0.080000,0.200000,0.300000>
	matrix <0.048332, 0.951000, -0.305388,
		0.932005, 0.067016, 0.356195,
		0.359208, -0.301839, -0.883099,
		25.127226, 42.149704, 35.448944>
	pigment { color rgbt <0,1,1,0> }
	no_shadow
}
cylinder {
	<25.587107, 42.664864, 35.938904>,  <24.875782, 42.360992, 36.067116>, 0.130000
	pigment { color rgbt <1,0,0,0> }
	no_shadow
}

// nucleotide -1

// particle -1
sphere {
	<25.587107, 42.664864, 35.938904> 0.250000
	pigment { color rgbt <1,0,0,0> }
	no_shadow
}
cylinder {
	<25.406689, 42.571114, 35.594433>,  <25.298439, 42.514862, 35.387749>, 0.100000
	pigment { color rgbt <1,0,0,0> }
	no_shadow
}
cylinder {
	<25.406689, 42.571114, 35.594433>,  <25.587107, 42.664864, 35.938904>, 0.100000
	pigment { color rgbt <1,0,0,0> }
	no_shadow
}

// particle -1
sphere {
	<25.406689, 42.571114, 35.594433> 0.100000
	pigment { color rgbt <1,0,0,0> }
	no_shadow
}
sphere {
	0, 1
	scale<0.080000,0.200000,0.300000>
	matrix <0.177745, 0.921985, -0.344021,
		0.874624, -0.308239, -0.374195,
		-0.451043, -0.234378, -0.861178,
		25.271376, 42.500801, 35.336079>
	pigment { color rgbt <0,1,1,0> }
	no_shadow
}
cylinder {
	<26.070597, 42.892258, 35.517345>,  <25.587107, 42.664864, 35.938904>, 0.130000
	pigment { color rgbt <1,0,0,0> }
	no_shadow
}

// nucleotide -1

// particle -1
sphere {
	<26.070597, 42.892258, 35.517345> 0.250000
	pigment { color rgbt <1,0,0,0> }
	no_shadow
}
cylinder {
	<25.720930, 42.856819, 35.326355>,  <25.511129, 42.835556, 35.211761>, 0.100000
	pigment { color rgbt <1,0,0,0> }
	no_shadow
}
cylinder {
	<25.720930, 42.856819, 35.326355>,  <26.070597, 42.892258, 35.517345>, 0.100000
	pigment { color rgbt <1,0,0,0> }
	no_shadow
}

// particle -1
sphere {
	<25.720930, 42.856819, 35.326355> 0.100000
	pigment { color rgbt <1,0,0,0> }
	no_shadow
}
sphere {
	0, 1
	scale<0.080000,0.200000,0.300000>
	matrix <0.110241, 0.921342, -0.372795,
		0.472949, -0.378523, -0.795638,
		-0.874166, -0.088601, -0.477476,
		25.458681, 42.830238, 35.183113>
	pigment { color rgbt <0,1,1,0> }
	no_shadow
}
cylinder {
	<26.079187, 43.241993, 34.915539>,  <26.070597, 42.892258, 35.517345>, 0.130000
	pigment { color rgbt <1,0,0,0> }
	no_shadow
}

// nucleotide -1

// particle -1
sphere {
	<26.079187, 43.241993, 34.915539> 0.250000
	pigment { color rgbt <1,0,0,0> }
	no_shadow
}
cylinder {
	<25.681875, 43.195995, 34.920795>,  <25.443489, 43.168396, 34.923950>, 0.100000
	pigment { color rgbt <1,0,0,0> }
	no_shadow
}
cylinder {
	<25.681875, 43.195995, 34.920795>,  <26.079187, 43.241993, 34.915539>, 0.100000
	pigment { color rgbt <1,0,0,0> }
	no_shadow
}

// particle -1
sphere {
	<25.681875, 43.195995, 34.920795> 0.100000
	pigment { color rgbt <1,0,0,0> }
	no_shadow
}
sphere {
	0, 1
	scale<0.080000,0.200000,0.300000>
	matrix <-0.112314, 0.930163, -0.349547,
		0.027976, -0.348674, -0.936827,
		-0.993279, -0.114997, 0.013138,
		25.383892, 43.161495, 34.924736>
	pigment { color rgbt <0,1,1,0> }
	no_shadow
}
cylinder {
	<25.732771, 43.432449, 34.221657>,  <26.079187, 43.241993, 34.915539>, 0.130000
	pigment { color rgbt <1,0,0,0> }
	no_shadow
}

// nucleotide -1

// particle -1
sphere {
	<25.732771, 43.432449, 34.221657> 0.250000
	pigment { color rgbt <1,0,0,0> }
	no_shadow
}
cylinder {
	<25.442850, 43.465496, 34.495251>,  <25.268898, 43.485325, 34.659409>, 0.100000
	pigment { color rgbt <1,0,0,0> }
	no_shadow
}
cylinder {
	<25.442850, 43.465496, 34.495251>,  <25.732771, 43.432449, 34.221657>, 0.100000
	pigment { color rgbt <1,0,0,0> }
	no_shadow
}

// particle -1
sphere {
	<25.442850, 43.465496, 34.495251> 0.100000
	pigment { color rgbt <1,0,0,0> }
	no_shadow
}
sphere {
	0, 1
	scale<0.080000,0.200000,0.300000>
	matrix <-0.277208, 0.873903, -0.399312,
		-0.630726, -0.479028, -0.610505,
		-0.724803, 0.082620, 0.683984,
		25.225409, 43.490284, 34.700447>
	pigment { color rgbt <0,1,1,0> }
	no_shadow
}
cylinder {
	<25.247837, 43.680206, 33.803242>,  <25.732771, 43.432449, 34.221657>, 0.130000
	pigment { color rgbt <1,0,0,0> }
	no_shadow
}

// nucleotide -1

// particle -1
sphere {
	<25.247837, 43.680206, 33.803242> 0.250000
	pigment { color rgbt <1,0,0,0> }
	no_shadow
}
cylinder {
	<25.145903, 43.760479, 34.181614>,  <25.084742, 43.808643, 34.408638>, 0.100000
	pigment { color rgbt <1,0,0,0> }
	no_shadow
}
cylinder {
	<25.145903, 43.760479, 34.181614>,  <25.247837, 43.680206, 33.803242>, 0.100000
	pigment { color rgbt <1,0,0,0> }
	no_shadow
}

// particle -1
sphere {
	<25.145903, 43.760479, 34.181614> 0.100000
	pigment { color rgbt <1,0,0,0> }
	no_shadow
}
sphere {
	0, 1
	scale<0.080000,0.200000,0.300000>
	matrix <-0.254045, 0.929972, -0.265733,
		-0.933016, -0.308028, -0.186009,
		-0.254837, 0.200679, 0.945931,
		25.069452, 43.820683, 34.465393>
	pigment { color rgbt <0,1,1,0> }
	no_shadow
}
cylinder {
	<24.709406, 43.906025, 33.756519>,  <25.247837, 43.680206, 33.803242>, 0.130000
	pigment { color rgbt <1,0,0,0> }
	no_shadow
}

// nucleotide -1

// particle -1
sphere {
	<24.709406, 43.906025, 33.756519> 0.250000
	pigment { color rgbt <1,0,0,0> }
	no_shadow
}
cylinder {
	<24.836584, 44.052311, 34.106415>,  <24.912891, 44.140083, 34.316353>, 0.100000
	pigment { color rgbt <1,0,0,0> }
	no_shadow
}
cylinder {
	<24.836584, 44.052311, 34.106415>,  <24.709406, 43.906025, 33.756519>, 0.100000
	pigment { color rgbt <1,0,0,0> }
	no_shadow
}

// particle -1
sphere {
	<24.836584, 44.052311, 34.106415> 0.100000
	pigment { color rgbt <1,0,0,0> }
	no_shadow
}
sphere {
	0, 1
	scale<0.080000,0.200000,0.300000>
	matrix <-0.287018, 0.916448, -0.278824,
		-0.903621, -0.162414, 0.396348,
		0.317948, 0.365710, 0.874737,
		24.931969, 44.162025, 34.368835>
	pigment { color rgbt <0,1,1,0> }
	no_shadow
}
cylinder {
	<24.132948, 44.054829, 34.300556>,  <24.709406, 43.906025, 33.756519>, 0.130000
	pigment { color rgbt <1,0,0,0> }
	no_shadow
}

// nucleotide -1

// particle -1
sphere {
	<24.132948, 44.054829, 34.300556> 0.250000
	pigment { color rgbt <1,0,0,0> }
	no_shadow
}
cylinder {
	<24.456518, 44.288498, 34.327061>,  <24.650660, 44.428699, 34.342964>, 0.100000
	pigment { color rgbt <1,0,0,0> }
	no_shadow
}
cylinder {
	<24.456518, 44.288498, 34.327061>,  <24.132948, 44.054829, 34.300556>, 0.100000
	pigment { color rgbt <1,0,0,0> }
	no_shadow
}

// particle -1
sphere {
	<24.456518, 44.288498, 34.327061> 0.100000
	pigment { color rgbt <1,0,0,0> }
	no_shadow
}
sphere {
	0, 1
	scale<0.080000,0.200000,0.300000>
	matrix <-0.564828, 0.803479, -0.188122,
		-0.163132, 0.114752, 0.979908,
		0.808923, 0.584169, 0.066258,
		24.699196, 44.463749, 34.346939>
	pigment { color rgbt <0,1,1,0> }
	no_shadow
}
cylinder {
	<24.001835, 44.583553, 34.716232>,  <24.132948, 44.054829, 34.300556>, 0.130000
	pigment { color rgbt <1,0,0,0> }
	no_shadow
}

// nucleotide -1

// particle -1
sphere {
	<24.001835, 44.583553, 34.716232> 0.250000
	pigment { color rgbt <1,0,0,0> }
	no_shadow
}
cylinder {
	<24.265150, 44.711777, 34.443790>,  <24.423140, 44.788712, 34.280327>, 0.100000
	pigment { color rgbt <1,0,0,0> }
	no_shadow
}
cylinder {
	<24.265150, 44.711777, 34.443790>,  <24.001835, 44.583553, 34.716232>, 0.100000
	pigment { color rgbt <1,0,0,0> }
	no_shadow
}

// particle -1
sphere {
	<24.265150, 44.711777, 34.443790> 0.100000
	pigment { color rgbt <1,0,0,0> }
	no_shadow
}
sphere {
	0, 1
	scale<0.080000,0.200000,0.300000>
	matrix <-0.509570, 0.855735, -0.089753,
		0.554070, 0.406152, 0.726668,
		0.658289, 0.320558, -0.681100,
		24.462637, 44.807945, 34.239460>
	pigment { color rgbt <0,1,1,0> }
	no_shadow
}
cylinder {
	<24.226587, 45.248264, 34.915131>,  <24.001835, 44.583553, 34.716232>, 0.130000
	pigment { color rgbt <1,0,0,0> }
	no_shadow
}

// nucleotide -1

// particle -1
sphere {
	<24.226587, 45.248264, 34.915131> 0.250000
	pigment { color rgbt <1,0,0,0> }
	no_shadow
}
cylinder {
	<24.259224, 45.195305, 34.519997>,  <24.278807, 45.163528, 34.282917>, 0.100000
	pigment { color rgbt <1,0,0,0> }
	no_shadow
}
cylinder {
	<24.259224, 45.195305, 34.519997>,  <24.226587, 45.248264, 34.915131>, 0.100000
	pigment { color rgbt <1,0,0,0> }
	no_shadow
}

// particle -1
sphere {
	<24.259224, 45.195305, 34.519997> 0.100000
	pigment { color rgbt <1,0,0,0> }
	no_shadow
}
sphere {
	0, 1
	scale<0.080000,0.200000,0.300000>
	matrix <-0.580017, 0.799703, -0.155096,
		0.810508, 0.585614, -0.011546,
		0.081593, -0.132403, -0.987832,
		24.283703, 45.155582, 34.223648>
	pigment { color rgbt <0,1,1,0> }
	no_shadow
}
cylinder {
	<24.421997, 45.853493, 34.635841>,  <24.226587, 45.248264, 34.915131>, 0.130000
	pigment { color rgbt <1,0,0,0> }
	no_shadow
}

// nucleotide -1

// particle -1
sphere {
	<24.421997, 45.853493, 34.635841> 0.250000
	pigment { color rgbt <1,0,0,0> }
	no_shadow
}
cylinder {
	<24.228456, 45.644505, 34.355011>,  <24.112331, 45.519112, 34.186512>, 0.100000
	pigment { color rgbt <1,0,0,0> }
	no_shadow
}
cylinder {
	<24.228456, 45.644505, 34.355011>,  <24.421997, 45.853493, 34.635841>, 0.100000
	pigment { color rgbt <1,0,0,0> }
	no_shadow
}

// particle -1
sphere {
	<24.228456, 45.644505, 34.355011> 0.100000
	pigment { color rgbt <1,0,0,0> }
	no_shadow
}
sphere {
	0, 1
	scale<0.080000,0.200000,0.300000>
	matrix <-0.558074, 0.802163, -0.212341,
		0.674122, 0.289069, -0.679705,
		-0.483853, -0.522469, -0.702077,
		24.083302, 45.487762, 34.144386>
	pigment { color rgbt <0,1,1,0> }
	no_shadow
}
cylinder {
	<24.301044, 46.331245, 34.174419>,  <24.421997, 45.853493, 34.635841>, 0.130000
	pigment { color rgbt <1,0,0,0> }
	no_shadow
}

// nucleotide -1

// particle -1
sphere {
	<24.301044, 46.331245, 34.174419> 0.250000
	pigment { color rgbt <1,0,0,0> }
	no_shadow
}
cylinder {
	<24.044237, 46.050419, 34.051186>,  <23.890152, 45.881924, 33.977245>, 0.100000
	pigment { color rgbt <1,0,0,0> }
	no_shadow
}
cylinder {
	<24.044237, 46.050419, 34.051186>,  <24.301044, 46.331245, 34.174419>, 0.100000
	pigment { color rgbt <1,0,0,0> }
	no_shadow
}

// particle -1
sphere {
	<24.044237, 46.050419, 34.051186> 0.100000
	pigment { color rgbt <1,0,0,0> }
	no_shadow
}
sphere {
	0, 1
	scale<0.080000,0.200000,0.300000>
	matrix <-0.661074, 0.710443, -0.241355,
		0.388322, 0.048711, -0.920235,
		-0.642018, -0.702067, -0.308082,
		23.851631, 45.839798, 33.958759>
	pigment { color rgbt <0,1,1,0> }
	no_shadow
}
cylinder {
	<24.275274, 46.572029, 33.550068>,  <24.301044, 46.331245, 34.174419>, 0.130000
	pigment { color rgbt <1,0,0,0> }
	no_shadow
}

// nucleotide -1

// particle -1
sphere {
	<24.275274, 46.572029, 33.550068> 0.250000
	pigment { color rgbt <1,0,0,0> }
	no_shadow
}
cylinder {
	<24.644262, 46.500694, 33.413105>,  <24.865656, 46.457893, 33.330929>, 0.100000
	pigment { color rgbt <1,0,0,0> }
	no_shadow
}
cylinder {
	<24.644262, 46.500694, 33.413105>,  <24.275274, 46.572029, 33.550068>, 0.100000
	pigment { color rgbt <1,0,0,0> }
	no_shadow
}

// particle -1
sphere {
	<24.644262, 46.500694, 33.413105> 0.100000
	pigment { color rgbt <1,0,0,0> }
	no_shadow
}
sphere {
	0, 1
	scale<0.080000,0.200000,0.300000>
	matrix <-0.310937, 0.182510, -0.932742,
		0.228836, 0.966895, 0.112908,
		0.922471, -0.178338, -0.342408,
		24.921003, 46.447193, 33.310383>
	pigment { color rgbt <0,1,1,0> }
	no_shadow
}
cylinder {
	<24.460545, 47.109188, 32.942307>,  <24.275274, 46.572029, 33.550068>, 0.130000
	pigment { color rgbt <1,0,0,0> }
	no_shadow
}

// nucleotide -1

// particle -1
sphere {
	<24.460545, 47.109188, 32.942307> 0.250000
	pigment { color rgbt <1,0,0,0> }
	no_shadow
}
cylinder {
	<24.720186, 46.805000, 32.934734>,  <24.875971, 46.622490, 32.930191>, 0.100000
	pigment { color rgbt <1,0,0,0> }
	no_shadow
}
cylinder {
	<24.720186, 46.805000, 32.934734>,  <24.460545, 47.109188, 32.942307>, 0.100000
	pigment { color rgbt <1,0,0,0> }
	no_shadow
}

// particle -1
sphere {
	<24.720186, 46.805000, 32.934734> 0.100000
	pigment { color rgbt <1,0,0,0> }
	no_shadow
}
sphere {
	0, 1
	scale<0.080000,0.200000,0.300000>
	matrix <-0.155461, -0.108258, -0.981892,
		0.744646, 0.640291, -0.188493,
		0.649103, -0.760465, -0.018927,
		24.914917, 46.576862, 32.929058>
	pigment { color rgbt <0,1,1,0> }
	no_shadow
}
cylinder {
	<25.056046, 47.274197, 32.525238>,  <24.460545, 47.109188, 32.942307>, 0.130000
	pigment { color rgbt <1,0,0,0> }
	no_shadow
}

// nucleotide -1

// particle -1
sphere {
	<25.056046, 47.274197, 32.525238> 0.250000
	pigment { color rgbt <1,0,0,0> }
	no_shadow
}
cylinder {
	<25.003223, 46.878174, 32.505829>,  <24.971531, 46.640560, 32.494183>, 0.100000
	pigment { color rgbt <1,0,0,0> }
	no_shadow
}
cylinder {
	<25.003223, 46.878174, 32.505829>,  <25.056046, 47.274197, 32.525238>, 0.100000
	pigment { color rgbt <1,0,0,0> }
	no_shadow
}

// particle -1
sphere {
	<25.003223, 46.878174, 32.505829> 0.100000
	pigment { color rgbt <1,0,0,0> }
	no_shadow
}
sphere {
	0, 1
	scale<0.080000,0.200000,0.300000>
	matrix <-0.017070, 0.051215, -0.998542,
		0.991095, -0.131034, -0.023664,
		-0.132055, -0.990054, -0.048522,
		24.963608, 46.581158, 32.491272>
	pigment { color rgbt <0,1,1,0> }
	no_shadow
}
cylinder {
	<25.560247, 46.996189, 31.908829>,  <25.056046, 47.274197, 32.525238>, 0.130000
	pigment { color rgbt <1,0,0,0> }
	no_shadow
}

// nucleotide -1

// particle -1
sphere {
	<25.560247, 46.996189, 31.908829> 0.250000
	pigment { color rgbt <1,0,0,0> }
	no_shadow
}
cylinder {
	<25.259901, 46.741470, 31.978903>,  <25.079693, 46.588638, 32.020947>, 0.100000
	pigment { color rgbt <1,0,0,0> }
	no_shadow
}
cylinder {
	<25.259901, 46.741470, 31.978903>,  <25.560247, 46.996189, 31.908829>, 0.100000
	pigment { color rgbt <1,0,0,0> }
	no_shadow
}

// particle -1
sphere {
	<25.259901, 46.741470, 31.978903> 0.100000
	pigment { color rgbt <1,0,0,0> }
	no_shadow
}
sphere {
	0, 1
	scale<0.080000,0.200000,0.300000>
	matrix <0.008612, -0.274669, -0.961500,
		0.660399, -0.720449, 0.211724,
		-0.750866, -0.636797, 0.175186,
		25.034641, 46.550430, 32.031460>
	pigment { color rgbt <0,1,1,0> }
	no_shadow
}
cylinder {
	<25.927452, 46.700710, 32.604984>,  <25.560247, 46.996189, 31.908829>, 0.130000
	pigment { color rgbt <1,0,0,0> }
	no_shadow
}

// nucleotide -1

// particle -1
sphere {
	<25.927452, 46.700710, 32.604984> 0.250000
	pigment { color rgbt <1,0,0,0> }
	no_shadow
}
cylinder {
	<26.234028, 46.957062, 32.622131>,  <26.417974, 47.110874, 32.632420>, 0.100000
	pigment { color rgbt <1,0,0,0> }
	no_shadow
}
cylinder {
	<26.234028, 46.957062, 32.622131>,  <25.927452, 46.700710, 32.604984>, 0.100000
	pigment { color rgbt <1,0,0,0> }
	no_shadow
}

// particle -1
sphere {
	<26.234028, 46.957062, 32.622131> 0.100000
	pigment { color rgbt <1,0,0,0> }
	no_shadow
}
sphere {
	0, 1
	scale<0.080000,0.200000,0.300000>
	matrix <0.611228, -0.707208, -0.355328,
		-0.197406, 0.298540, -0.933758,
		0.766441, 0.640883, 0.042869,
		26.463961, 47.149326, 32.634991>
	pigment { color rgbt <0,1,1,0> }
	no_shadow
}
cylinder {
	<26.191420, 46.687977, 31.948956>,  <25.927452, 46.700710, 32.604984>, 0.130000
	pigment { color rgbt <1,0,0,0> }
	no_shadow
}

// nucleotide -1

// particle -1
sphere {
	<26.191420, 46.687977, 31.948956> 0.250000
	pigment { color rgbt <1,0,0,0> }
	no_shadow
}
cylinder {
	<26.421309, 46.773182, 32.265011>,  <26.559242, 46.824303, 32.454643>, 0.100000
	pigment { color rgbt <1,0,0,0> }
	no_shadow
}
cylinder {
	<26.421309, 46.773182, 32.265011>,  <26.191420, 46.687977, 31.948956>, 0.100000
	pigment { color rgbt <1,0,0,0> }
	no_shadow
}

// particle -1
sphere {
	<26.421309, 46.773182, 32.265011> 0.100000
	pigment { color rgbt <1,0,0,0> }
	no_shadow
}
sphere {
	0, 1
	scale<0.080000,0.200000,0.300000>
	matrix <0.562616, -0.803998, -0.192486,
		0.594269, 0.555171, -0.581919,
		0.574724, 0.213009, 0.790139,
		26.593725, 46.837086, 32.502052>
	pigment { color rgbt <0,1,1,0> }
	no_shadow
}
cylinder {
	<26.889658, 46.638275, 31.730913>,  <26.191420, 46.687977, 31.948956>, 0.130000
	pigment { color rgbt <1,0,0,0> }
	no_shadow
}

// nucleotide -1

// particle -1
sphere {
	<26.889658, 46.638275, 31.730913> 0.250000
	pigment { color rgbt <1,0,0,0> }
	no_shadow
}
cylinder {
	<26.820734, 46.570625, 32.119080>,  <26.779379, 46.530037, 32.351978>, 0.100000
	pigment { color rgbt <1,0,0,0> }
	no_shadow
}
cylinder {
	<26.820734, 46.570625, 32.119080>,  <26.889658, 46.638275, 31.730913>, 0.100000
	pigment { color rgbt <1,0,0,0> }
	no_shadow
}

// particle -1
sphere {
	<26.820734, 46.570625, 32.119080> 0.100000
	pigment { color rgbt <1,0,0,0> }
	no_shadow
}
sphere {
	0, 1
	scale<0.080000,0.200000,0.300000>
	matrix <0.512504, -0.856703, -0.058304,
		0.841219, 0.487295, 0.234295,
		-0.172310, -0.169124, 0.970416,
		26.769041, 46.519890, 32.410206>
	pigment { color rgbt <0,1,1,0> }
	no_shadow
}
cylinder {
	<27.495916, 46.347404, 32.014023>,  <26.889658, 46.638275, 31.730913>, 0.130000
	pigment { color rgbt <1,0,0,0> }
	no_shadow
}

// nucleotide -1

// particle -1
sphere {
	<27.495916, 46.347404, 32.014023> 0.250000
	pigment { color rgbt <1,0,0,0> }
	no_shadow
}
cylinder {
	<27.233068, 46.239315, 32.295498>,  <27.075359, 46.174461, 32.464382>, 0.100000
	pigment { color rgbt <1,0,0,0> }
	no_shadow
}
cylinder {
	<27.233068, 46.239315, 32.295498>,  <27.495916, 46.347404, 32.014023>, 0.100000
	pigment { color rgbt <1,0,0,0> }
	no_shadow
}

// particle -1
sphere {
	<27.233068, 46.239315, 32.295498> 0.100000
	pigment { color rgbt <1,0,0,0> }
	no_shadow
}
sphere {
	0, 1
	scale<0.080000,0.200000,0.300000>
	matrix <0.470097, -0.876662, 0.102341,
		0.589242, 0.398051, 0.703100,
		-0.657117, -0.270222, 0.703688,
		27.035933, 46.158249, 32.506603>
	pigment { color rgbt <0,1,1,0> }
	no_shadow
}
cylinder {
	<27.849257, 45.962761, 32.446285>,  <27.495916, 46.347404, 32.014023>, 0.130000
	pigment { color rgbt <1,0,0,0> }
	no_shadow
}

// nucleotide -1

// particle -1
sphere {
	<27.849257, 45.962761, 32.446285> 0.250000
	pigment { color rgbt <1,0,0,0> }
	no_shadow
}
cylinder {
	<27.473871, 45.838238, 32.506123>,  <27.248640, 45.763523, 32.542023>, 0.100000
	pigment { color rgbt <1,0,0,0> }
	no_shadow
}
cylinder {
	<27.473871, 45.838238, 32.506123>,  <27.849257, 45.962761, 32.446285>, 0.100000
	pigment { color rgbt <1,0,0,0> }
	no_shadow
}

// particle -1
sphere {
	<27.473871, 45.838238, 32.506123> 0.100000
	pigment { color rgbt <1,0,0,0> }
	no_shadow
}
sphere {
	0, 1
	scale<0.080000,0.200000,0.300000>
	matrix <0.296399, -0.948247, -0.113907,
		0.177309, -0.062559, 0.982165,
		-0.938461, -0.311310, 0.149590,
		27.192333, 45.744846, 32.550999>
	pigment { color rgbt <0,1,1,0> }
	no_shadow
}
cylinder {
	<27.897537, 45.499310, 33.018986>,  <27.849257, 45.962761, 32.446285>, 0.130000
	pigment { color rgbt <1,0,0,0> }
	no_shadow
}

// nucleotide -1

// particle -1
sphere {
	<27.897537, 45.499310, 33.018986> 0.250000
	pigment { color rgbt <1,0,0,0> }
	no_shadow
}
cylinder {
	<27.534018, 45.405090, 32.881229>,  <27.315907, 45.348560, 32.798576>, 0.100000
	pigment { color rgbt <1,0,0,0> }
	no_shadow
}
cylinder {
	<27.534018, 45.405090, 32.881229>,  <27.897537, 45.499310, 33.018986>, 0.100000
	pigment { color rgbt <1,0,0,0> }
	no_shadow
}

// particle -1
sphere {
	<27.534018, 45.405090, 32.881229> 0.100000
	pigment { color rgbt <1,0,0,0> }
	no_shadow
}
sphere {
	0, 1
	scale<0.080000,0.200000,0.300000>
	matrix <0.206315, -0.971128, 0.119769,
		-0.362656, 0.037793, 0.931156,
		-0.908799, -0.235547, -0.344388,
		27.261377, 45.334427, 32.777912>
	pigment { color rgbt <0,1,1,0> }
	no_shadow
}
cylinder {
	<27.590158, 45.037834, 33.457729>,  <27.897537, 45.499310, 33.018986>, 0.130000
	pigment { color rgbt <1,0,0,0> }
	no_shadow
}

// nucleotide -1

// particle -1
sphere {
	<27.590158, 45.037834, 33.457729> 0.250000
	pigment { color rgbt <1,0,0,0> }
	no_shadow
}
cylinder {
	<27.384762, 44.996273, 33.117016>,  <27.261524, 44.971336, 32.912590>, 0.100000
	pigment { color rgbt <1,0,0,0> }
	no_shadow
}
cylinder {
	<27.384762, 44.996273, 33.117016>,  <27.590158, 45.037834, 33.457729>, 0.100000
	pigment { color rgbt <1,0,0,0> }
	no_shadow
}

// particle -1
sphere {
	<27.384762, 44.996273, 33.117016> 0.100000
	pigment { color rgbt <1,0,0,0> }
	no_shadow
}
sphere {
	0, 1
	scale<0.080000,0.200000,0.300000>
	matrix <0.099443, -0.993160, 0.061199,
		-0.852313, -0.053278, 0.520312,
		-0.513492, -0.103902, -0.851781,
		27.230715, 44.965103, 32.861481>
	pigment { color rgbt <0,1,1,0> }
	no_shadow
}
cylinder {
	<27.063976, 44.606117, 33.590569>,  <27.590158, 45.037834, 33.457729>, 0.130000
	pigment { color rgbt <1,0,0,0> }
	no_shadow
}

// nucleotide -1

// particle -1
sphere {
	<27.063976, 44.606117, 33.590569> 0.250000
	pigment { color rgbt <1,0,0,0> }
	no_shadow
}
cylinder {
	<27.143688, 44.560677, 33.201233>,  <27.191515, 44.533413, 32.967632>, 0.100000
	pigment { color rgbt <1,0,0,0> }
	no_shadow
}
cylinder {
	<27.143688, 44.560677, 33.201233>,  <27.063976, 44.606117, 33.590569>, 0.100000
	pigment { color rgbt <1,0,0,0> }
	no_shadow
}

// particle -1
sphere {
	<27.143688, 44.560677, 33.201233> 0.100000
	pigment { color rgbt <1,0,0,0> }
	no_shadow
}
sphere {
	0, 1
	scale<0.080000,0.200000,0.300000>
	matrix <-0.058913, -0.992850, 0.103821,
		-0.978170, 0.036652, -0.204549,
		0.199281, -0.113605, -0.973335,
		27.203472, 44.526596, 32.909233>
	pigment { color rgbt <0,1,1,0> }
	no_shadow
}
cylinder {
	<26.587757, 44.110130, 33.373573>,  <27.063976, 44.606117, 33.590569>, 0.130000
	pigment { color rgbt <1,0,0,0> }
	no_shadow
}

// nucleotide -1

// particle -1
sphere {
	<26.587757, 44.110130, 33.373573> 0.250000
	pigment { color rgbt <1,0,0,0> }
	no_shadow
}
cylinder {
	<26.872742, 44.131790, 33.093723>,  <27.043732, 44.144787, 32.925816>, 0.100000
	pigment { color rgbt <1,0,0,0> }
	no_shadow
}
cylinder {
	<26.872742, 44.131790, 33.093723>,  <26.587757, 44.110130, 33.373573>, 0.100000
	pigment { color rgbt <1,0,0,0> }
	no_shadow
}

// particle -1
sphere {
	<26.872742, 44.131790, 33.093723> 0.100000
	pigment { color rgbt <1,0,0,0> }
	no_shadow
}
sphere {
	0, 1
	scale<0.080000,0.200000,0.300000>
	matrix <0.156448, -0.984180, 0.083144,
		-0.684050, -0.168691, -0.709661,
		0.712460, 0.054151, -0.699620,
		27.086479, 44.148037, 32.883839>
	pigment { color rgbt <0,1,1,0> }
	no_shadow
}
cylinder {
	<26.415749, 43.560490, 33.003490>,  <26.587757, 44.110130, 33.373573>, 0.130000
	pigment { color rgbt <1,0,0,0> }
	no_shadow
}

// nucleotide -1

// particle -1
sphere {
	<26.415749, 43.560490, 33.003490> 0.250000
	pigment { color rgbt <1,0,0,0> }
	no_shadow
}
cylinder {
	<26.790627, 43.631168, 32.883194>,  <27.015553, 43.673576, 32.811016>, 0.100000
	pigment { color rgbt <1,0,0,0> }
	no_shadow
}
cylinder {
	<26.790627, 43.631168, 32.883194>,  <26.415749, 43.560490, 33.003490>, 0.100000
	pigment { color rgbt <1,0,0,0> }
	no_shadow
}

// particle -1
sphere {
	<26.790627, 43.631168, 32.883194> 0.100000
	pigment { color rgbt <1,0,0,0> }
	no_shadow
}
sphere {
	0, 1
	scale<0.080000,0.200000,0.300000>
	matrix <0.213642, -0.972334, 0.094471,
		-0.275728, -0.152788, -0.949015,
		0.937193, 0.176701, -0.300742,
		27.071785, 43.684177, 32.792973>
	pigment { color rgbt <0,1,1,0> }
	no_shadow
}
cylinder {
	<26.538305, 43.168182, 32.473740>,  <26.415749, 43.560490, 33.003490>, 0.130000
	pigment { color rgbt <1,0,0,0> }
	no_shadow
}

// nucleotide -1

// particle -1
sphere {
	<26.538305, 43.168182, 32.473740> 0.250000
	pigment { color rgbt <1,0,0,0> }
	no_shadow
}
cylinder {
	<26.900642, 43.238007, 32.628128>,  <27.118046, 43.279903, 32.720760>, 0.100000
	pigment { color rgbt <1,0,0,0> }
	no_shadow
}
cylinder {
	<26.900642, 43.238007, 32.628128>,  <26.538305, 43.168182, 32.473740>, 0.100000
	pigment { color rgbt <1,0,0,0> }
	no_shadow
}

// particle -1
sphere {
	<26.900642, 43.238007, 32.628128> 0.100000
	pigment { color rgbt <1,0,0,0> }
	no_shadow
}
sphere {
	0, 1
	scale<0.080000,0.200000,0.300000>
