// switches for output
#declare DRAW_BASES = 1; // possible values are 0, 1; only relevant for DNA ribbons
#declare DRAW_BASES_TYPE = 3; // possible values are 1, 2, 3; only relevant for DNA ribbons
#declare DRAW_FOG = 0; // set to 1 to enable fog

#include "colors.inc"

#include "transforms.inc"
background { rgb <1, 1, 1>}

#default {
   normal{
       ripples 0.25
       frequency 0.20
       turbulence 0.2
       lambda 5
   }
	finish {
		phong 0.1
		phong_size 40.
	}
}

// original window dimensions: 1024x640


// camera settings

camera {
	sky <0, 0.179814, -0.983701>
	up <0, 0.179814, -0.983701>
	right 1.6 * <1, 0, 0>
	location <35, 94.9851, 44.8844>
	look_at <35, 29.7336, 32.9568>
	direction <0, -65.2515, -11.9276>
	angle 67.0682
}


# declare cpy_camera_pos = <35, 94.9851, 44.8844>;
# if (DRAW_FOG = 1)
fog {
	fog_type 2
	up vnormalize(cpy_camera_pos)
	color rgbt<1,1,1,0.3>
	distance 1e-5
	fog_alt 3e-3
	fog_offset 56
}
# end


// LIGHTS

# declare lum = 6;
global_settings {
	ambient_light rgb lum * <0.05, 0.05, 0.05>
	max_trace_level 15
}# declare cpy_direct_light_amount = 0.25;
light_source
{	1000 * <-1, -1.16352, -0.803886>,
	rgb lum * cpy_direct_light_amount
	parallel
}

light_source
{	1000 * <1, 1.16352, 0.803886>,
	rgb lum * cpy_direct_light_amount
	parallel
}

// strand 0

// nucleotide -1

// particle -1
sphere {
	<24.661549, 35.456684, 34.714840> 0.250000
	pigment { color rgbt <1,0,0,0> }
	no_shadow
}
cylinder {
	<24.312410, 35.278645, 34.794865>,  <24.102928, 35.171822, 34.842880>, 0.100000
	pigment { color rgbt <1,0,0,0> }
	no_shadow
}
cylinder {
	<24.312410, 35.278645, 34.794865>,  <24.661549, 35.456684, 34.714840>, 0.100000
	pigment { color rgbt <1,0,0,0> }
	no_shadow
}

// particle -1
sphere {
	<24.312410, 35.278645, 34.794865> 0.100000
	pigment { color rgbt <1,0,0,0> }
	no_shadow
}
sphere {
	0, 1
	scale<0.080000,0.200000,0.300000>
	matrix <0.200608, 0.046442, 0.978570,
		-0.444854, 0.894275, 0.048754,
		-0.872846, -0.445102, 0.200059,
		24.050556, 35.145115, 34.854881>
	pigment { color rgbt <0,1,1,0> }
	no_shadow
}
cylinder {
	<24.907894, 36.150513, 34.257381>,  <24.661549, 35.456684, 34.714840>, 0.130000
	pigment { color rgbt <1,0,0,0> }
	no_shadow
}

// nucleotide -1

// particle -1
sphere {
	<24.907894, 36.150513, 34.257381> 0.250000
	pigment { color rgbt <1,0,0,0> }
	no_shadow
}
cylinder {
	<25.193085, 36.405922, 34.141483>,  <25.364199, 36.559166, 34.071945>, 0.100000
	pigment { color rgbt <1,0,0,0> }
	no_shadow
}
cylinder {
	<25.193085, 36.405922, 34.141483>,  <24.907894, 36.150513, 34.257381>, 0.100000
	pigment { color rgbt <1,0,0,0> }
	no_shadow
}

// particle -1
sphere {
	<25.193085, 36.405922, 34.141483> 0.100000
	pigment { color rgbt <1,0,0,0> }
	no_shadow
}
sphere {
	0, 1
	scale<0.080000,0.200000,0.300000>
	matrix <0.657290, -0.752523, -0.040977,
		-0.244207, -0.161233, -0.956225,
		0.712975, 0.638524, -0.289748,
		25.406977, 36.597481, 34.054558>
	pigment { color rgbt <0,1,1,0> }
	no_shadow
}
cylinder {
	<25.270315, 35.827160, 33.654716>,  <24.907894, 36.150513, 34.257381>, 0.130000
	pigment { color rgbt <1,0,0,0> }
	no_shadow
}

// nucleotide -1

// particle -1
sphere {
	<25.270315, 35.827160, 33.654716> 0.250000
	pigment { color rgbt <1,0,0,0> }
	no_shadow
}
cylinder {
	<25.506594, 36.075882, 33.860409>,  <25.648361, 36.225117, 33.983822>, 0.100000
	pigment { color rgbt <1,0,0,0> }
	no_shadow
}
cylinder {
	<25.506594, 36.075882, 33.860409>,  <25.270315, 35.827160, 33.654716>, 0.100000
	pigment { color rgbt <1,0,0,0> }
	no_shadow
}

// particle -1
sphere {
	<25.506594, 36.075882, 33.860409> 0.100000
	pigment { color rgbt <1,0,0,0> }
	no_shadow
}
sphere {
	0, 1
	scale<0.080000,0.200000,0.300000>
	matrix <0.697554, -0.713852, 0.061911,
		0.405579, 0.322130, -0.855417,
		0.590698, 0.621809, 0.514227,
		25.683804, 36.262424, 34.014675>
	pigment { color rgbt <0,1,1,0> }
	no_shadow
}
cylinder {
	<25.957279, 35.776115, 33.460602>,  <25.270315, 35.827160, 33.654716>, 0.130000
	pigment { color rgbt <1,0,0,0> }
	no_shadow
}

// nucleotide -1

// particle -1
sphere {
	<25.957279, 35.776115, 33.460602> 0.250000
	pigment { color rgbt <1,0,0,0> }
	no_shadow
}
cylinder {
	<25.976198, 35.888245, 33.844097>,  <25.987551, 35.955521, 34.074196>, 0.100000
	pigment { color rgbt <1,0,0,0> }
	no_shadow
}
cylinder {
	<25.976198, 35.888245, 33.844097>,  <25.957279, 35.776115, 33.460602>, 0.100000
	pigment { color rgbt <1,0,0,0> }
	no_shadow
}

// particle -1
sphere {
	<25.976198, 35.888245, 33.844097> 0.100000
	pigment { color rgbt <1,0,0,0> }
	no_shadow
}
sphere {
	0, 1
	scale<0.080000,0.200000,0.300000>
	matrix <0.715011, -0.679734, 0.163469,
		0.697512, 0.677778, -0.232582,
		0.047298, 0.280320, 0.958740,
		25.990387, 35.972340, 34.131718>
	pigment { color rgbt <0,1,1,0> }
	no_shadow
}
cylinder {
	<26.003075, 36.262836, 32.970177>,  <25.957279, 35.776115, 33.460602>, 0.130000
	pigment { color rgbt <1,0,0,0> }
	no_shadow
}

// nucleotide -1

// particle -1
sphere {
	<26.003075, 36.262836, 32.970177> 0.250000
	pigment { color rgbt <1,0,0,0> }
	no_shadow
}
cylinder {
	<26.351587, 36.304268, 33.162071>,  <26.560694, 36.329124, 33.277206>, 0.100000
	pigment { color rgbt <1,0,0,0> }
	no_shadow
}
cylinder {
	<26.351587, 36.304268, 33.162071>,  <26.003075, 36.262836, 32.970177>, 0.100000
	pigment { color rgbt <1,0,0,0> }
	no_shadow
}

// particle -1
sphere {
	<26.351587, 36.304268, 33.162071> 0.100000
	pigment { color rgbt <1,0,0,0> }
	no_shadow
}
sphere {
	0, 1
	scale<0.080000,0.200000,0.300000>
	matrix <0.450965, 0.216739, -0.865826,
		-0.193655, 0.970720, 0.142131,
		0.871280, 0.103575, 0.479734,
		26.612970, 36.335339, 33.305992>
	pigment { color rgbt <0,1,1,0> }
	no_shadow
}
cylinder {
	<26.267883, 36.918335, 32.797134>,  <26.003075, 36.262836, 32.970177>, 0.130000
	pigment { color rgbt <1,0,0,0> }
	no_shadow
}

// nucleotide -1

// particle -1
sphere {
	<26.267883, 36.918335, 32.797134> 0.250000
	pigment { color rgbt <1,0,0,0> }
	no_shadow
}
cylinder {
	<26.579893, 36.678501, 32.868755>,  <26.767099, 36.534599, 32.911728>, 0.100000
	pigment { color rgbt <1,0,0,0> }
	no_shadow
}
cylinder {
	<26.579893, 36.678501, 32.868755>,  <26.267883, 36.918335, 32.797134>, 0.100000
	pigment { color rgbt <1,0,0,0> }
	no_shadow
}

// particle -1
sphere {
	<26.579893, 36.678501, 32.868755> 0.100000
	pigment { color rgbt <1,0,0,0> }
	no_shadow
}
sphere {
	0, 1
	scale<0.080000,0.200000,0.300000>
	matrix <0.452461, 0.342764, -0.823281,
		0.432254, 0.723193, 0.538654,
		0.780022, -0.599586, 0.179056,
		26.813900, 36.498627, 32.922474>
	pigment { color rgbt <0,1,1,0> }
	no_shadow
}
cylinder {
	<26.925085, 37.314342, 32.630737>,  <26.267883, 36.918335, 32.797134>, 0.130000
	pigment { color rgbt <1,0,0,0> }
	no_shadow
}

// nucleotide -1

// particle -1
sphere {
	<26.925085, 37.314342, 32.630737> 0.250000
	pigment { color rgbt <1,0,0,0> }
	no_shadow
}
cylinder {
	<27.026772, 36.927780, 32.645874>,  <27.087784, 36.695843, 32.654957>, 0.100000
	pigment { color rgbt <1,0,0,0> }
	no_shadow
}
cylinder {
	<27.026772, 36.927780, 32.645874>,  <26.925085, 37.314342, 32.630737>, 0.100000
	pigment { color rgbt <1,0,0,0> }
	no_shadow
}

// particle -1
sphere {
	<27.026772, 36.927780, 32.645874> 0.100000
	pigment { color rgbt <1,0,0,0> }
	no_shadow
}
sphere {
	0, 1
	scale<0.080000,0.200000,0.300000>
	matrix <0.581853, 0.121572, -0.804156,
		0.772543, 0.226444, 0.593212,
		0.254214, -0.966407, 0.037837,
		27.103035, 36.637859, 32.657227>
	pigment { color rgbt <0,1,1,0> }
	no_shadow
}
cylinder {
	<27.662083, 37.388454, 32.523438>,  <26.925085, 37.314342, 32.630737>, 0.130000
	pigment { color rgbt <1,0,0,0> }
	no_shadow
}

// nucleotide -1

// particle -1
sphere {
	<27.662083, 37.388454, 32.523438> 0.250000
	pigment { color rgbt <1,0,0,0> }
	no_shadow
}
cylinder {
	<27.528162, 37.030163, 32.406418>,  <27.447809, 36.815189, 32.336208>, 0.100000
	pigment { color rgbt <1,0,0,0> }
	no_shadow
}
cylinder {
	<27.528162, 37.030163, 32.406418>,  <27.662083, 37.388454, 32.523438>, 0.100000
	pigment { color rgbt <1,0,0,0> }
	no_shadow
}

// particle -1
sphere {
	<27.528162, 37.030163, 32.406418> 0.100000
	pigment { color rgbt <1,0,0,0> }
	no_shadow
}
sphere {
	0, 1
	scale<0.080000,0.200000,0.300000>
	matrix <0.338944, 0.175205, -0.924348,
		0.879219, -0.408629, 0.244942,
		-0.334801, -0.895726, -0.292546,
		27.427721, 36.761444, 32.318653>
	pigment { color rgbt <0,1,1,0> }
	no_shadow
}
cylinder {
	<28.259892, 37.074390, 32.234253>,  <27.662083, 37.388454, 32.523438>, 0.130000
	pigment { color rgbt <1,0,0,0> }
	no_shadow
}

// nucleotide -1

// particle -1
sphere {
	<28.259892, 37.074390, 32.234253> 0.250000
	pigment { color rgbt <1,0,0,0> }
	no_shadow
}
cylinder {
	<27.947779, 36.870087, 32.089874>,  <27.760511, 36.747505, 32.003246>, 0.100000
	pigment { color rgbt <1,0,0,0> }
	no_shadow
}
cylinder {
	<27.947779, 36.870087, 32.089874>,  <28.259892, 37.074390, 32.234253>, 0.100000
	pigment { color rgbt <1,0,0,0> }
	no_shadow
}

// particle -1
sphere {
	<27.947779, 36.870087, 32.089874> 0.100000
	pigment { color rgbt <1,0,0,0> }
	no_shadow
}
sphere {
	0, 1
	scale<0.080000,0.200000,0.300000>
	matrix <0.374233, 0.081117, -0.923780,
		0.501106, -0.855890, 0.127847,
		-0.780284, -0.510756, -0.360950,
		27.713694, 36.716858, 31.981588>
	pigment { color rgbt <0,1,1,0> }
	no_shadow
}
cylinder {
	<28.579140, 36.660156, 31.750689>,  <28.259892, 37.074390, 32.234253>, 0.130000
	pigment { color rgbt <1,0,0,0> }
	no_shadow
}

// nucleotide -1

// particle -1
sphere {
	<28.579140, 36.660156, 31.750689> 0.250000
	pigment { color rgbt <1,0,0,0> }
	no_shadow
}
cylinder {
	<28.191336, 36.663868, 31.652740>,  <27.958652, 36.666096, 31.593971>, 0.100000
	pigment { color rgbt <1,0,0,0> }
	no_shadow
}
cylinder {
	<28.191336, 36.663868, 31.652740>,  <28.579140, 36.660156, 31.750689>, 0.100000
	pigment { color rgbt <1,0,0,0> }
	no_shadow
}

// particle -1
sphere {
	<28.191336, 36.663868, 31.652740> 0.100000
	pigment { color rgbt <1,0,0,0> }
	no_shadow
}
sphere {
	0, 1
	scale<0.080000,0.200000,0.300000>
	matrix <0.244910, 0.070080, -0.967010,
		0.008186, -0.997498, -0.070216,
		-0.969511, 0.009280, -0.244871,
		27.900482, 36.666653, 31.579279>
	pigment { color rgbt <0,1,1,0> }
	no_shadow
}
cylinder {
	<28.502542, 36.103134, 31.206886>,  <28.579140, 36.660156, 31.750689>, 0.130000
	pigment { color rgbt <1,0,0,0> }
	no_shadow
}

// nucleotide -1

// particle -1
sphere {
	<28.502542, 36.103134, 31.206886> 0.250000
	pigment { color rgbt <1,0,0,0> }
	no_shadow
}
cylinder {
	<28.170874, 36.325485, 31.183310>,  <27.971872, 36.458897, 31.169163>, 0.100000
	pigment { color rgbt <1,0,0,0> }
	no_shadow
}
cylinder {
	<28.170874, 36.325485, 31.183310>,  <28.502542, 36.103134, 31.206886>, 0.100000
	pigment { color rgbt <1,0,0,0> }
	no_shadow
}

// particle -1
sphere {
	<28.170874, 36.325485, 31.183310> 0.100000
	pigment { color rgbt <1,0,0,0> }
	no_shadow
}
sphere {
	0, 1
	scale<0.080000,0.200000,0.300000>
	matrix <0.032059, -0.057981, -0.997803,
		-0.558074, -0.829239, 0.030255,
		-0.829171, 0.555878, -0.058943,
		27.922123, 36.492249, 31.165627>
	pigment { color rgbt <0,1,1,0> }
	no_shadow
}
cylinder {
	<28.067713, 35.730190, 30.736298>,  <28.502542, 36.103134, 31.206886>, 0.130000
	pigment { color rgbt <1,0,0,0> }
	no_shadow
}

// nucleotide -1

// particle -1
sphere {
	<28.067713, 35.730190, 30.736298> 0.250000
	pigment { color rgbt <1,0,0,0> }
	no_shadow
}
cylinder {
	<27.938557, 36.108761, 30.737564>,  <27.861063, 36.335903, 30.738325>, 0.100000
	pigment { color rgbt <1,0,0,0> }
	no_shadow
}
cylinder {
	<27.938557, 36.108761, 30.737564>,  <28.067713, 35.730190, 30.736298>, 0.100000
	pigment { color rgbt <1,0,0,0> }
	no_shadow
}

// particle -1
sphere {
	<27.938557, 36.108761, 30.737564> 0.100000
	pigment { color rgbt <1,0,0,0> }
	no_shadow
}
sphere {
	0, 1
	scale<0.080000,0.200000,0.300000>
	matrix <-0.131529, -0.041558, -0.990441,
		-0.937252, -0.320220, 0.137902,
		-0.322890, 0.946431, 0.003168,
		27.841690, 36.392689, 30.738514>
	pigment { color rgbt <0,1,1,0> }
	no_shadow
}
cylinder {
	<27.859468, 35.785995, 30.080404>,  <28.067713, 35.730190, 30.736298>, 0.130000
	pigment { color rgbt <1,0,0,0> }
	no_shadow
}

// nucleotide -1

// particle -1
sphere {
	<27.859468, 35.785995, 30.080404> 0.250000
	pigment { color rgbt <1,0,0,0> }
	no_shadow
}
cylinder {
	<27.842392, 36.161510, 30.217142>,  <27.832146, 36.386818, 30.299185>, 0.100000
	pigment { color rgbt <1,0,0,0> }
	no_shadow
}
cylinder {
	<27.842392, 36.161510, 30.217142>,  <27.859468, 35.785995, 30.080404>, 0.100000
	pigment { color rgbt <1,0,0,0> }
	no_shadow
}

// particle -1
sphere {
	<27.842392, 36.161510, 30.217142> 0.100000
	pigment { color rgbt <1,0,0,0> }
	no_shadow
}
sphere {
	0, 1
	scale<0.080000,0.200000,0.300000>
	matrix <-0.020869, 0.341243, -0.939744,
		-0.998870, -0.047254, 0.005023,
		-0.042693, 0.938787, 0.341843,
		27.829584, 36.443146, 30.319695>
	pigment { color rgbt <0,1,1,0> }
	no_shadow
}
cylinder {
	<27.205761, 36.152439, 29.893770>,  <27.859468, 35.785995, 30.080404>, 0.130000
	pigment { color rgbt <1,0,0,0> }
	no_shadow
}

// nucleotide -1

// particle -1
sphere {
	<27.205761, 36.152439, 29.893770> 0.250000
	pigment { color rgbt <1,0,0,0> }
	no_shadow
}
cylinder {
	<27.450548, 36.465797, 29.937193>,  <27.597422, 36.653812, 29.963247>, 0.100000
	pigment { color rgbt <1,0,0,0> }
	no_shadow
}
cylinder {
	<27.450548, 36.465797, 29.937193>,  <27.205761, 36.152439, 29.893770>, 0.100000
	pigment { color rgbt <1,0,0,0> }
	no_shadow
}

// particle -1
sphere {
	<27.450548, 36.465797, 29.937193> 0.100000
	pigment { color rgbt <1,0,0,0> }
	no_shadow
}
sphere {
	0, 1
	scale<0.080000,0.200000,0.300000>
	matrix <-0.129355, 0.234556, -0.963458,
		-0.780231, 0.575565, 0.244877,
		0.611970, 0.783395, 0.108556,
		27.634140, 36.700817, 29.969759>
	pigment { color rgbt <0,1,1,0> }
	no_shadow
}
cylinder {
	<26.876572, 36.678619, 29.477303>,  <27.205761, 36.152439, 29.893770>, 0.130000
	pigment { color rgbt <1,0,0,0> }
	no_shadow
}

// nucleotide -1

// particle -1
sphere {
	<26.876572, 36.678619, 29.477303> 0.250000
	pigment { color rgbt <1,0,0,0> }
	no_shadow
}
cylinder {
	<27.249174, 36.804665, 29.549963>,  <27.472736, 36.880291, 29.593559>, 0.100000
	pigment { color rgbt <1,0,0,0> }
	no_shadow
}
cylinder {
	<27.249174, 36.804665, 29.549963>,  <26.876572, 36.678619, 29.477303>, 0.100000
	pigment { color rgbt <1,0,0,0> }
	no_shadow
}

// particle -1
sphere {
	<27.249174, 36.804665, 29.549963> 0.100000
	pigment { color rgbt <1,0,0,0> }
	no_shadow
}
sphere {
	0, 1
	scale<0.080000,0.200000,0.300000>
	matrix <0.026556, 0.439168, -0.898012,
		-0.362755, 0.841328, 0.400720,
		0.931506, 0.315117, 0.181653,
		27.528625, 36.899200, 29.604458>
	pigment { color rgbt <0,1,1,0> }
	no_shadow
}
cylinder {
	<26.876799, 37.395447, 29.337498>,  <26.876572, 36.678619, 29.477303>, 0.130000
	pigment { color rgbt <1,0,0,0> }
	no_shadow
}

// nucleotide -1

// particle -1
sphere {
	<26.876799, 37.395447, 29.337498> 0.250000
	pigment { color rgbt <1,0,0,0> }
	no_shadow
}
cylinder {
	<27.240004, 37.238880, 29.277754>,  <27.457926, 37.144939, 29.241907>, 0.100000
	pigment { color rgbt <1,0,0,0> }
	no_shadow
}
cylinder {
	<27.240004, 37.238880, 29.277754>,  <26.876799, 37.395447, 29.337498>, 0.100000
	pigment { color rgbt <1,0,0,0> }
	no_shadow
}

// particle -1
sphere {
	<27.240004, 37.238880, 29.277754> 0.100000
	pigment { color rgbt <1,0,0,0> }
	no_shadow
}
sphere {
	0, 1
	scale<0.080000,0.200000,0.300000>
	matrix <-0.036680, 0.280873, -0.959044,
		0.417337, 0.876301, 0.240679,
		0.908011, -0.391417, -0.149362,
		27.512407, 37.121456, 29.232944>
	pigment { color rgbt <0,1,1,0> }
	no_shadow
}
cylinder {
	<27.176291, 37.813507, 28.860086>,  <26.876799, 37.395447, 29.337498>, 0.130000
	pigment { color rgbt <1,0,0,0> }
	no_shadow
}

// nucleotide -1

// particle -1
sphere {
	<27.176291, 37.813507, 28.860086> 0.250000
	pigment { color rgbt <1,0,0,0> }
	no_shadow
}
cylinder {
	<27.440256, 37.514309, 28.831766>,  <27.598635, 37.334789, 28.814774>, 0.100000
	pigment { color rgbt <1,0,0,0> }
	no_shadow
}
cylinder {
	<27.440256, 37.514309, 28.831766>,  <27.176291, 37.813507, 28.860086>, 0.100000
	pigment { color rgbt <1,0,0,0> }
	no_shadow
}

// particle -1
sphere {
	<27.440256, 37.514309, 28.831766> 0.100000
	pigment { color rgbt <1,0,0,0> }
	no_shadow
}
sphere {
	0, 1
	scale<0.080000,0.200000,0.300000>
	matrix <-0.014942, 0.081150, -0.996590,
		0.751193, 0.658720, 0.042375,
		0.659913, -0.747998, -0.070802,
		27.638229, 37.289909, 28.810526>
	pigment { color rgbt <0,1,1,0> }
	no_shadow
}
cylinder {
	<27.711493, 38.060593, 28.548868>,  <27.176291, 37.813507, 28.860086>, 0.130000
	pigment { color rgbt <1,0,0,0> }
	no_shadow
}

// nucleotide -1

// particle -1
sphere {
	<27.711493, 38.060593, 28.548868> 0.250000
	pigment { color rgbt <1,0,0,0> }
	no_shadow
}
cylinder {
	<27.713867, 37.664852, 28.490702>,  <27.715292, 37.427406, 28.455801>, 0.100000
	pigment { color rgbt <1,0,0,0> }
	no_shadow
}
cylinder {
	<27.713867, 37.664852, 28.490702>,  <27.711493, 38.060593, 28.548868>, 0.100000
	pigment { color rgbt <1,0,0,0> }
	no_shadow
}

// particle -1
sphere {
	<27.713867, 37.664852, 28.490702> 0.100000
	pigment { color rgbt <1,0,0,0> }
	no_shadow
}
sphere {
	0, 1
	scale<0.080000,0.200000,0.300000>
	matrix <-0.157170, 0.142691, -0.977209,
		0.987554, 0.028655, -0.154650,
		0.005935, -0.989352, -0.145418,
		27.715647, 37.368046, 28.447077>
	pigment { color rgbt <0,1,1,0> }
	no_shadow
}
cylinder {
	<27.938408, 37.993080, 27.928320>,  <27.711493, 38.060593, 28.548868>, 0.130000
	pigment { color rgbt <1,0,0,0> }
	no_shadow
}

// nucleotide -1

// particle -1
sphere {
	<27.938408, 37.993080, 27.928320> 0.250000
	pigment { color rgbt <1,0,0,0> }
	no_shadow
}
cylinder {
	<27.790464, 37.625355, 27.982077>,  <27.701698, 37.404720, 28.014330>, 0.100000
	pigment { color rgbt <1,0,0,0> }
	no_shadow
}
cylinder {
	<27.790464, 37.625355, 27.982077>,  <27.938408, 37.993080, 27.928320>, 0.100000
	pigment { color rgbt <1,0,0,0> }
	no_shadow
}

// particle -1
sphere {
	<27.790464, 37.625355, 27.982077> 0.100000
	pigment { color rgbt <1,0,0,0> }
	no_shadow
}
sphere {
	0, 1
	scale<0.080000,0.200000,0.300000>
	matrix <-0.138164, -0.088617, -0.986437,
		0.918758, -0.383408, -0.094241,
		-0.369857, -0.919318, 0.134391,
		27.679508, 37.349560, 28.022394>
	pigment { color rgbt <0,1,1,0> }
	no_shadow
}
cylinder {
	<28.185074, 37.666985, 27.353075>,  <27.938408, 37.993080, 27.928320>, 0.130000
	pigment { color rgbt <1,0,0,0> }
	no_shadow
}

// nucleotide -1

// particle -1
sphere {
	<28.185074, 37.666985, 27.353075> 0.250000
	pigment { color rgbt <1,0,0,0> }
	no_shadow
}
cylinder {
	<27.900354, 37.417889, 27.483023>,  <27.729523, 37.268433, 27.560991>, 0.100000
	pigment { color rgbt <1,0,0,0> }
	no_shadow
}
cylinder {
	<27.900354, 37.417889, 27.483023>,  <28.185074, 37.666985, 27.353075>, 0.100000
	pigment { color rgbt <1,0,0,0> }
	no_shadow
}

// particle -1
sphere {
	<27.900354, 37.417889, 27.483023> 0.100000
	pigment { color rgbt <1,0,0,0> }
	no_shadow
}
sphere {
	0, 1
	scale<0.080000,0.200000,0.300000>
	matrix <-0.313703, -0.131967, -0.940306,
		0.628435, -0.771222, -0.101420,
		-0.711800, -0.622737, 0.324868,
		27.686813, 37.231068, 27.580482>
	pigment { color rgbt <0,1,1,0> }
	no_shadow
}
cylinder {
	<28.337488, 36.948170, 27.118624>,  <28.185074, 37.666985, 27.353075>, 0.130000
	pigment { color rgbt <1,0,0,0> }
	no_shadow
}

// nucleotide -1

// particle -1
sphere {
	<28.337488, 36.948170, 27.118624> 0.250000
	pigment { color rgbt <1,0,0,0> }
	no_shadow
}
cylinder {
	<27.943624, 36.980267, 27.180603>,  <27.707306, 36.999523, 27.217791>, 0.100000
	pigment { color rgbt <1,0,0,0> }
	no_shadow
}
cylinder {
	<27.943624, 36.980267, 27.180603>,  <28.337488, 36.948170, 27.118624>, 0.100000
	pigment { color rgbt <1,0,0,0> }
	no_shadow
}

// particle -1
sphere {
	<27.943624, 36.980267, 27.180603> 0.100000
	pigment { color rgbt <1,0,0,0> }
	no_shadow
}
sphere {
	0, 1
	scale<0.080000,0.200000,0.300000>
	matrix <-0.166534, -0.167009, -0.971789,
		-0.052094, -0.982685, 0.177808,
		-0.984658, 0.080235, 0.154951,
		27.648228, 37.004337, 27.227089>
	pigment { color rgbt <0,1,1,0> }
	no_shadow
}
cylinder {
	<28.111282, 36.309250, 26.824659>,  <28.337488, 36.948170, 27.118624>, 0.130000
	pigment { color rgbt <1,0,0,0> }
	no_shadow
}

// nucleotide -1

// particle -1
sphere {
	<28.111282, 36.309250, 26.824659> 0.250000
	pigment { color rgbt <1,0,0,0> }
	no_shadow
}
cylinder {
	<27.749432, 36.467587, 26.887859>,  <27.532322, 36.562588, 26.925779>, 0.100000
	pigment { color rgbt <1,0,0,0> }
	no_shadow
}
cylinder {
	<27.749432, 36.467587, 26.887859>,  <28.111282, 36.309250, 26.824659>, 0.100000
	pigment { color rgbt <1,0,0,0> }
	no_shadow
}

// particle -1
sphere {
	<27.749432, 36.467587, 26.887859> 0.100000
	pigment { color rgbt <1,0,0,0> }
	no_shadow
}
sphere {
	0, 1
	scale<0.080000,0.200000,0.300000>
	matrix <-0.323058, -0.395023, -0.859994,
		-0.278004, -0.829016, 0.485227,
		-0.904625, 0.395839, 0.158002,
		27.478045, 36.586338, 26.935259>
	pigment { color rgbt <0,1,1,0> }
	no_shadow
}
cylinder {
	<27.602715, 35.702301, 26.824013>,  <28.111282, 36.309250, 26.824659>, 0.130000
	pigment { color rgbt <1,0,0,0> }
	no_shadow
}

// nucleotide -1

// particle -1
sphere {
	<27.602715, 35.702301, 26.824013> 0.250000
	pigment { color rgbt <1,0,0,0> }
	no_shadow
}
cylinder {
	<27.442032, 36.056145, 26.729277>,  <27.345623, 36.268452, 26.672436>, 0.100000
	pigment { color rgbt <1,0,0,0> }
	no_shadow
}
cylinder {
	<27.442032, 36.056145, 26.729277>,  <27.602715, 35.702301, 26.824013>, 0.100000
	pigment { color rgbt <1,0,0,0> }
	no_shadow
}

// particle -1
sphere {
	<27.442032, 36.056145, 26.729277> 0.100000
	pigment { color rgbt <1,0,0,0> }
	no_shadow
}
sphere {
	0, 1
	scale<0.080000,0.200000,0.300000>
	matrix <-0.344873, -0.385716, -0.855737,
		-0.848349, -0.262075, 0.460023,
		-0.401705, 0.884613, -0.236839,
		27.321520, 36.321529, 26.658224>
	pigment { color rgbt <0,1,1,0> }
	no_shadow
}
cylinder {
	<26.973848, 35.563980, 26.605415>,  <27.602715, 35.702301, 26.824013>, 0.130000
	pigment { color rgbt <1,0,0,0> }
	no_shadow
}

// nucleotide -1

// particle -1
sphere {
	<26.973848, 35.563980, 26.605415> 0.250000
	pigment { color rgbt <1,0,0,0> }
	no_shadow
}
cylinder {
	<26.974154, 35.931519, 26.447573>,  <26.974337, 36.152042, 26.352867>, 0.100000
	pigment { color rgbt <1,0,0,0> }
	no_shadow
}
cylinder {
	<26.974154, 35.931519, 26.447573>,  <26.973848, 35.563980, 26.605415>, 0.100000
	pigment { color rgbt <1,0,0,0> }
	no_shadow
}

// particle -1
sphere {
	<26.974154, 35.931519, 26.447573> 0.100000
	pigment { color rgbt <1,0,0,0> }
	no_shadow
}
sphere {
	0, 1
	scale<0.080000,0.200000,0.300000>
	matrix <-0.376834, -0.365251, -0.851228,
		-0.926281, 0.149349, 0.345976,
		0.000762, 0.918851, -0.394604,
		26.974382, 36.207172, 26.329191>
	pigment { color rgbt <0,1,1,0> }
	no_shadow
}
cylinder {
	<26.227966, 35.697227, 26.376522>,  <26.973848, 35.563980, 26.605415>, 0.130000
	pigment { color rgbt <1,0,0,0> }
	no_shadow
}

// nucleotide -1

// particle -1
sphere {
	<26.227966, 35.697227, 26.376522> 0.250000
	pigment { color rgbt <1,0,0,0> }
	no_shadow
}
cylinder {
	<26.495668, 35.917873, 26.177397>,  <26.656290, 36.050262, 26.057922>, 0.100000
	pigment { color rgbt <1,0,0,0> }
	no_shadow
}
cylinder {
	<26.495668, 35.917873, 26.177397>,  <26.227966, 35.697227, 26.376522>, 0.100000
	pigment { color rgbt <1,0,0,0> }
	no_shadow
}

// particle -1
sphere {
	<26.495668, 35.917873, 26.177397> 0.100000
	pigment { color rgbt <1,0,0,0> }
	no_shadow
}
sphere {
	0, 1
	scale<0.080000,0.200000,0.300000>
	matrix <-0.308965, -0.402712, -0.861605,
		-0.675751, 0.730440, -0.099087,
		0.669255, 0.551616, -0.497813,
		26.696445, 36.083359, 26.028053>
	pigment { color rgbt <0,1,1,0> }
	no_shadow
}
cylinder {
	<25.876642, 36.029572, 25.831469>,  <26.227966, 35.697227, 26.376522>, 0.130000
	pigment { color rgbt <1,0,0,0> }
	no_shadow
}

// nucleotide -1

// particle -1
sphere {
	<25.876642, 36.029572, 25.831469> 0.250000
	pigment { color rgbt <1,0,0,0> }
	no_shadow
}
cylinder {
	<26.267910, 36.032951, 25.748411>,  <26.502670, 36.034977, 25.698576>, 0.100000
	pigment { color rgbt <1,0,0,0> }
	no_shadow
}
cylinder {
	<26.267910, 36.032951, 25.748411>,  <25.876642, 36.029572, 25.831469>, 0.100000
	pigment { color rgbt <1,0,0,0> }
	no_shadow
}

// particle -1
sphere {
	<26.267910, 36.032951, 25.748411> 0.100000
	pigment { color rgbt <1,0,0,0> }
	no_shadow
}
sphere {
	0, 1
	scale<0.080000,0.200000,0.300000>
	matrix <-0.180945, -0.456800, -0.870973,
		-0.102210, 0.889530, -0.445298,
		0.978168, 0.008448, -0.207645,
		26.561359, 36.035484, 25.686117>
	pigment { color rgbt <0,1,1,0> }
	no_shadow
}
cylinder {
	<25.991882, 36.354145, 25.185757>,  <25.876642, 36.029572, 25.831469>, 0.130000
	pigment { color rgbt <1,0,0,0> }
	no_shadow
}

// nucleotide -1

// particle -1
sphere {
	<25.991882, 36.354145, 25.185757> 0.250000
	pigment { color rgbt <1,0,0,0> }
	no_shadow
}
cylinder {
	<26.226440, 36.049744, 25.296766>,  <26.367174, 35.867104, 25.363371>, 0.100000
	pigment { color rgbt <1,0,0,0> }
	no_shadow
}
cylinder {
	<26.226440, 36.049744, 25.296766>,  <25.991882, 36.354145, 25.185757>, 0.100000
	pigment { color rgbt <1,0,0,0> }
	no_shadow
}

// particle -1
sphere {
	<26.226440, 36.049744, 25.296766> 0.100000
	pigment { color rgbt <1,0,0,0> }
	no_shadow
}
sphere {
	0, 1
	scale<0.080000,0.200000,0.300000>
	matrix <-0.362310, -0.552836, -0.750402,
		0.724482, 0.339482, -0.599899,
		0.586393, -0.761002, 0.277522,
		26.402359, 35.821442, 25.380022>
	pigment { color rgbt <0,1,1,0> }
	no_shadow
}
cylinder {
	<26.546099, 36.287308, 24.707502>,  <25.991882, 36.354145, 25.185757>, 0.130000
	pigment { color rgbt <1,0,0,0> }
	no_shadow
}

// nucleotide -1

// particle -1
sphere {
	<26.546099, 36.287308, 24.707502> 0.250000
	pigment { color rgbt <1,0,0,0> }
	no_shadow
}
cylinder {
	<26.488192, 35.929039, 24.875698>,  <26.453447, 35.714077, 24.976616>, 0.100000
	pigment { color rgbt <1,0,0,0> }
	no_shadow
}
cylinder {
	<26.488192, 35.929039, 24.875698>,  <26.546099, 36.287308, 24.707502>, 0.100000
	pigment { color rgbt <1,0,0,0> }
	no_shadow
}

// particle -1
sphere {
	<26.488192, 35.929039, 24.875698> 0.100000
	pigment { color rgbt <1,0,0,0> }
	no_shadow
}
sphere {
	0, 1
	scale<0.080000,0.200000,0.300000>
	matrix <-0.234184, -0.381875, -0.894052,
		0.961353, -0.227900, -0.154470,
		-0.144766, -0.895674, 0.420487,
		26.444761, 35.660336, 25.001844>
	pigment { color rgbt <0,1,1,0> }
	no_shadow
}
cylinder {
	<26.402985, 35.549416, 24.481550>,  <26.546099, 36.287308, 24.707502>, 0.130000
	pigment { color rgbt <1,0,0,0> }
	no_shadow
}

// nucleotide -1

// particle -1
sphere {
	<26.402985, 35.549416, 24.481550> 0.250000
	pigment { color rgbt <1,0,0,0> }
	no_shadow
}
cylinder {
	<26.059624, 35.613937, 24.286768>,  <25.853607, 35.652653, 24.169899>, 0.100000
	pigment { color rgbt <1,0,0,0> }
	no_shadow
}
cylinder {
	<26.059624, 35.613937, 24.286768>,  <26.402985, 35.549416, 24.481550>, 0.100000
	pigment { color rgbt <1,0,0,0> }
	no_shadow
}

// particle -1
sphere {
	<26.059624, 35.613937, 24.286768> 0.100000
	pigment { color rgbt <1,0,0,0> }
	no_shadow
}
sphere {
	0, 1
	scale<0.080000,0.200000,0.300000>
	matrix <-0.155736, -0.986417, -0.052224,
		-0.488763, 0.031008, 0.871865,
		-0.858403, 0.161306, -0.486954,
		25.802103, 35.662331, 24.140682>
	pigment { color rgbt <0,1,1,0> }
	no_shadow
}
cylinder {
	<26.282589, 34.906597, 24.662449>,  <26.402985, 35.549416, 24.481550>, 0.130000
	pigment { color rgbt <1,0,0,0> }
	no_shadow
}

// nucleotide -1

// particle -1
sphere {
	<26.282589, 34.906597, 24.662449> 0.250000
	pigment { color rgbt <1,0,0,0> }
	no_shadow
}
cylinder {
	<26.008116, 35.050568, 24.409592>,  <25.843431, 35.136951, 24.257877>, 0.100000
	pigment { color rgbt <1,0,0,0> }
	no_shadow
}
cylinder {
	<26.008116, 35.050568, 24.409592>,  <26.282589, 34.906597, 24.662449>, 0.100000
	pigment { color rgbt <1,0,0,0> }
	no_shadow
}

// particle -1
sphere {
	<26.008116, 35.050568, 24.409592> 0.100000
	pigment { color rgbt <1,0,0,0> }
	no_shadow
}
sphere {
	0, 1
	scale<0.080000,0.200000,0.300000>
	matrix <-0.391856, -0.915042, -0.095643,
		-0.612861, 0.182080, 0.768927,
		-0.686185, 0.359925, -0.632142,
		25.802259, 35.158546, 24.219950>
	pigment { color rgbt <0,1,1,0> }
	no_shadow
}
cylinder {
	<26.145044, 34.401684, 24.284872>,  <26.282589, 34.906597, 24.662449>, 0.130000
	pigment { color rgbt <1,0,0,0> }
	no_shadow
}

// nucleotide -1

// particle -1
sphere {
	<26.145044, 34.401684, 24.284872> 0.250000
	pigment { color rgbt <1,0,0,0> }
	no_shadow
}
cylinder {
	<26.497751, 34.217228, 24.245207>,  <26.709375, 34.106552, 24.221407>, 0.100000
	pigment { color rgbt <1,0,0,0> }
	no_shadow
}
cylinder {
	<26.497751, 34.217228, 24.245207>,  <26.145044, 34.401684, 24.284872>, 0.100000
	pigment { color rgbt <1,0,0,0> }
	no_shadow
}

// particle -1
sphere {
	<26.497751, 34.217228, 24.245207> 0.100000
	pigment { color rgbt <1,0,0,0> }
	no_shadow
}
sphere {
	0, 1
	scale<0.080000,0.200000,0.300000>
	matrix <0.322348, 0.435648, 0.840418,
		-0.344352, -0.773019, 0.532789,
		0.881767, -0.461143, -0.099165,
		26.762281, 34.078884, 24.215458>
	pigment { color rgbt <0,1,1,0> }
	no_shadow
}
cylinder {
	<26.256453, 34.225174, 24.909948>,  <26.145044, 34.401684, 24.284872>, 0.130000
	pigment { color rgbt <1,0,0,0> }
	no_shadow
}

// nucleotide -1

// particle -1
sphere {
	<26.256453, 34.225174, 24.909948> 0.250000
	pigment { color rgbt <1,0,0,0> }
	no_shadow
}
cylinder {
	<26.627722, 34.185944, 24.766354>,  <26.850483, 34.162407, 24.680197>, 0.100000
	pigment { color rgbt <1,0,0,0> }
	no_shadow
}
cylinder {
	<26.627722, 34.185944, 24.766354>,  <26.256453, 34.225174, 24.909948>, 0.100000
	pigment { color rgbt <1,0,0,0> }
	no_shadow
}

// particle -1
sphere {
	<26.627722, 34.185944, 24.766354> 0.100000
	pigment { color rgbt <1,0,0,0> }
	no_shadow
}
sphere {
	0, 1
	scale<0.080000,0.200000,0.300000>
	matrix <0.372138, 0.239508, 0.896744,
		-0.001971, -0.965928, 0.258803,
		0.928176, -0.098078, -0.358987,
		26.906174, 34.156521, 24.658657>
	pigment { color rgbt <0,1,1,0> }
	no_shadow
}
cylinder {
	<26.662243, 33.911598, 25.359112>,  <26.256453, 34.225174, 24.909948>, 0.130000
	pigment { color rgbt <1,0,0,0> }
	no_shadow
}

// nucleotide -1

// particle -1
sphere {
	<26.662243, 33.911598, 25.359112> 0.250000
	pigment { color rgbt <1,0,0,0> }
	no_shadow
}
cylinder {
	<26.956547, 34.073856, 25.142185>,  <27.133129, 34.171211, 25.012030>, 0.100000
	pigment { color rgbt <1,0,0,0> }
	no_shadow
}
cylinder {
	<26.956547, 34.073856, 25.142185>,  <26.662243, 33.911598, 25.359112>, 0.100000
	pigment { color rgbt <1,0,0,0> }
	no_shadow
}

// particle -1
sphere {
	<26.956547, 34.073856, 25.142185> 0.100000
	pigment { color rgbt <1,0,0,0> }
	no_shadow
}
sphere {
	0, 1
	scale<0.080000,0.200000,0.300000>
	matrix <0.534563, 0.143806, 0.832804,
		0.415814, -0.902645, -0.111039,
		0.735759, 0.405649, -0.542317,
		27.177275, 34.195553, 24.979490>
	pigment { color rgbt <0,1,1,0> }
	no_shadow
}
cylinder {
	<27.258307, 33.657383, 25.565294>,  <26.662243, 33.911598, 25.359112>, 0.130000
	pigment { color rgbt <1,0,0,0> }
	no_shadow
}

// nucleotide -1

// particle -1
sphere {
	<27.258307, 33.657383, 25.565294> 0.250000
	pigment { color rgbt <1,0,0,0> }
	no_shadow
}
cylinder {
	<27.360178, 34.017757, 25.424749>,  <27.421301, 34.233982, 25.340424>, 0.100000
	pigment { color rgbt <1,0,0,0> }
	no_shadow
}
cylinder {
	<27.360178, 34.017757, 25.424749>,  <27.258307, 33.657383, 25.565294>, 0.100000
	pigment { color rgbt <1,0,0,0> }
	no_shadow
}

// particle -1
sphere {
	<27.360178, 34.017757, 25.424749> 0.100000
	pigment { color rgbt <1,0,0,0> }
	no_shadow
}
sphere {
	0, 1
	scale<0.080000,0.200000,0.300000>
	matrix <0.532245, 0.172762, 0.828776,
		0.807375, -0.398082, -0.435519,
		0.254680, 0.900935, -0.351360,
		27.436583, 34.288036, 25.319342>
	pigment { color rgbt <0,1,1,0> }
	no_shadow
}
cylinder {
	<28.035143, 33.734234, 25.538076>,  <27.258307, 33.657383, 25.565294>, 0.130000
	pigment { color rgbt <1,0,0,0> }
	no_shadow
}

// nucleotide -1

// particle -1
sphere {
	<28.035143, 33.734234, 25.538076> 0.250000
	pigment { color rgbt <1,0,0,0> }
	no_shadow
}
cylinder {
	<27.843018, 34.083466, 25.571606>,  <27.727743, 34.293007, 25.591724>, 0.100000
	pigment { color rgbt <1,0,0,0> }
	no_shadow
}
cylinder {
	<27.843018, 34.083466, 25.571606>,  <28.035143, 33.734234, 25.538076>, 0.100000
	pigment { color rgbt <1,0,0,0> }
	no_shadow
}

// particle -1
sphere {
	<27.843018, 34.083466, 25.571606> 0.100000
	pigment { color rgbt <1,0,0,0> }
	no_shadow
}
sphere {
	0, 1
	scale<0.080000,0.200000,0.300000>
	matrix <0.553206, 0.227394, 0.801408,
		0.680634, 0.431299, -0.592215,
		-0.480313, 0.873083, 0.083824,
		27.698923, 34.345390, 25.596752>
	pigment { color rgbt <0,1,1,0> }
	no_shadow
}
cylinder {
	<28.560759, 34.227608, 25.923363>,  <28.035143, 33.734234, 25.538076>, 0.130000
	pigment { color rgbt <1,0,0,0> }
	no_shadow
}

// nucleotide -1

// particle -1
sphere {
	<28.560759, 34.227608, 25.923363> 0.250000
	pigment { color rgbt <1,0,0,0> }
	no_shadow
}
cylinder {
	<28.178841, 34.281895, 26.029150>,  <27.949690, 34.314468, 26.092623>, 0.100000
	pigment { color rgbt <1,0,0,0> }
	no_shadow
}
cylinder {
	<28.178841, 34.281895, 26.029150>,  <28.560759, 34.227608, 25.923363>, 0.100000
	pigment { color rgbt <1,0,0,0> }
	no_shadow
}

// particle -1
sphere {
	<28.178841, 34.281895, 26.029150> 0.100000
	pigment { color rgbt <1,0,0,0> }
	no_shadow
}
sphere {
	0, 1
	scale<0.080000,0.200000,0.300000>
	matrix <0.263446, -0.025771, 0.964330,
		0.137692, 0.990412, -0.011148,
		-0.954797, 0.135717, 0.264469,
		27.892401, 34.322609, 26.108490>
	pigment { color rgbt <0,1,1,0> }
	no_shadow
}
cylinder {
	<28.592827, 34.723404, 26.370182>,  <28.560759, 34.227608, 25.923363>, 0.130000
	pigment { color rgbt <1,0,0,0> }
	no_shadow
}

// nucleotide -1

// particle -1
sphere {
	<28.592827, 34.723404, 26.370182> 0.250000
	pigment { color rgbt <1,0,0,0> }
	no_shadow
}
cylinder {
	<28.227207, 34.580223, 26.446486>,  <28.007835, 34.494316, 26.492268>, 0.100000
	pigment { color rgbt <1,0,0,0> }
	no_shadow
}
cylinder {
	<28.227207, 34.580223, 26.446486>,  <28.592827, 34.723404, 26.370182>, 0.100000
	pigment { color rgbt <1,0,0,0> }
	no_shadow
}

// particle -1
sphere {
	<28.227207, 34.580223, 26.446486> 0.100000
	pigment { color rgbt <1,0,0,0> }
	no_shadow
}
sphere {
	0, 1
	scale<0.080000,0.200000,0.300000>
	matrix <0.244036, -0.109673, 0.963545,
		-0.323978, 0.927279, 0.187599,
		-0.914049, -0.357948, 0.190758,
		27.952993, 34.472839, 26.503714>
	pigment { color rgbt <0,1,1,0> }
	no_shadow
}
cylinder {
	<28.291603, 35.233253, 26.890894>,  <28.592827, 34.723404, 26.370182>, 0.130000
	pigment { color rgbt <1,0,0,0> }
	no_shadow
}

// nucleotide -1

// particle -1
sphere {
	<28.291603, 35.233253, 26.890894> 0.250000
	pigment { color rgbt <1,0,0,0> }
	no_shadow
}
cylinder {
	<28.114243, 34.874752, 26.886576>,  <28.007826, 34.659649, 26.883986>, 0.100000
	pigment { color rgbt <1,0,0,0> }
	no_shadow
}
cylinder {
	<28.114243, 34.874752, 26.886576>,  <28.291603, 35.233253, 26.890894>, 0.100000
	pigment { color rgbt <1,0,0,0> }
	no_shadow
}

// particle -1
sphere {
	<28.114243, 34.874752, 26.886576> 0.100000
	pigment { color rgbt <1,0,0,0> }
	no_shadow
}
sphere {
	0, 1
	scale<0.080000,0.200000,0.300000>
	matrix <0.154667, -0.088368, 0.984007,
		-0.882878, 0.434641, 0.177804,
		-0.443402, -0.896258, -0.010794,
		27.981222, 34.605873, 26.883337>
	pigment { color rgbt <0,1,1,0> }
	no_shadow
}
cylinder {
	<27.751369, 35.221157, 27.344561>,  <28.291603, 35.233253, 26.890894>, 0.130000
	pigment { color rgbt <1,0,0,0> }
	no_shadow
}

// nucleotide -1

// particle -1
sphere {
	<27.751369, 35.221157, 27.344561> 0.250000
	pigment { color rgbt <1,0,0,0> }
	no_shadow
}
cylinder {
	<27.845848, 34.833889, 27.311428>,  <27.902534, 34.601528, 27.291548>, 0.100000
	pigment { color rgbt <1,0,0,0> }
	no_shadow
}
cylinder {
	<27.845848, 34.833889, 27.311428>,  <27.751369, 35.221157, 27.344561>, 0.100000
	pigment { color rgbt <1,0,0,0> }
	no_shadow
}

// particle -1
sphere {
	<27.845848, 34.833889, 27.311428> 0.100000
	pigment { color rgbt <1,0,0,0> }
	no_shadow
}
sphere {
	0, 1
	scale<0.080000,0.200000,0.300000>
	matrix <-0.040869, -0.095066, 0.994631,
		-0.970846, -0.231543, -0.062023,
		0.236196, -0.968169, -0.082832,
		27.916706, 34.543438, 27.286579>
	pigment { color rgbt <0,1,1,0> }
	no_shadow
}
cylinder {
	<27.479036, 34.949055, 27.884636>,  <27.751369, 35.221157, 27.344561>, 0.130000
	pigment { color rgbt <1,0,0,0> }
	no_shadow
}

// nucleotide -1

// particle -1
sphere {
	<27.479036, 34.949055, 27.884636> 0.250000
	pigment { color rgbt <1,0,0,0> }
	no_shadow
}
cylinder {
	<27.727806, 34.654091, 27.779236>,  <27.877068, 34.477112, 27.715996>, 0.100000
	pigment { color rgbt <1,0,0,0> }
	no_shadow
}
cylinder {
	<27.727806, 34.654091, 27.779236>,  <27.479036, 34.949055, 27.884636>, 0.100000
	pigment { color rgbt <1,0,0,0> }
	no_shadow
}

// particle -1
sphere {
	<27.727806, 34.654091, 27.779236> 0.100000
	pigment { color rgbt <1,0,0,0> }
	no_shadow
}
sphere {
	0, 1
	scale<0.080000,0.200000,0.300000>
	matrix <0.070021, -0.282778, 0.956626,
		-0.779940, -0.613400, -0.124232,
		0.621925, -0.737413, -0.263501,
		27.914383, 34.432869, 27.700186>
	pigment { color rgbt <0,1,1,0> }
	no_shadow
}
cylinder {
	<27.294975, 34.508408, 28.362967>,  <27.479036, 34.949055, 27.884636>, 0.130000
	pigment { color rgbt <1,0,0,0> }
	no_shadow
}

// nucleotide -1

// particle -1
sphere {
	<27.294975, 34.508408, 28.362967> 0.250000
	pigment { color rgbt <1,0,0,0> }
	no_shadow
}
cylinder {
	<27.648798, 34.388573, 28.219963>,  <27.861092, 34.316673, 28.134161>, 0.100000
	pigment { color rgbt <1,0,0,0> }
	no_shadow
}
cylinder {
	<27.648798, 34.388573, 28.219963>,  <27.294975, 34.508408, 28.362967>, 0.100000
	pigment { color rgbt <1,0,0,0> }
	no_shadow
}

// particle -1
sphere {
	<27.648798, 34.388573, 28.219963> 0.100000
	pigment { color rgbt <1,0,0,0> }
	no_shadow
}
sphere {
	0, 1
	scale<0.080000,0.200000,0.300000>
	matrix <0.298100, -0.226411, 0.927294,
		-0.358747, -0.926816, -0.110967,
		0.884555, -0.299584, -0.357508,
		27.914165, 34.298698, 28.112711>
	pigment { color rgbt <0,1,1,0> }
	no_shadow
}
cylinder {
	<27.345215, 33.773972, 28.522053>,  <27.294975, 34.508408, 28.362967>, 0.130000
	pigment { color rgbt <1,0,0,0> }
	no_shadow
}

// nucleotide -1

// particle -1
sphere {
	<27.345215, 33.773972, 28.522053> 0.250000
	pigment { color rgbt <1,0,0,0> }
	no_shadow
}
cylinder {
	<27.717075, 33.914207, 28.476734>,  <27.940191, 33.998348, 28.449543>, 0.100000
	pigment { color rgbt <1,0,0,0> }
	no_shadow
}
cylinder {
	<27.717075, 33.914207, 28.476734>,  <27.345215, 33.773972, 28.522053>, 0.100000
	pigment { color rgbt <1,0,0,0> }
	no_shadow
}

// particle -1
sphere {
	<27.717075, 33.914207, 28.476734> 0.100000
	pigment { color rgbt <1,0,0,0> }
	no_shadow
}
sphere {
	0, 1
	scale<0.080000,0.200000,0.300000>
	matrix <0.244001, -0.355437, 0.902290,
		0.276064, -0.866460, -0.415977,
		0.929652, 0.350588, -0.113294,
		27.995972, 34.019382, 28.442745>
	pigment { color rgbt <0,1,1,0> }
	no_shadow
}
cylinder {
	<27.818562, 33.268421, 28.859734>,  <27.345215, 33.773972, 28.522053>, 0.130000
	pigment { color rgbt <1,0,0,0> }
	no_shadow
}

// nucleotide -1

// particle -1
sphere {
	<27.818562, 33.268421, 28.859734> 0.250000
	pigment { color rgbt <1,0,0,0> }
	no_shadow
}
cylinder {
	<28.047501, 33.596420, 28.858036>,  <28.184864, 33.793221, 28.857018>, 0.100000
	pigment { color rgbt <1,0,0,0> }
	no_shadow
}
cylinder {
	<28.047501, 33.596420, 28.858036>,  <27.818562, 33.268421, 28.859734>, 0.100000
	pigment { color rgbt <1,0,0,0> }
	no_shadow
}

// particle -1
sphere {
	<28.047501, 33.596420, 28.858036> 0.100000
	pigment { color rgbt <1,0,0,0> }
	no_shadow
}
sphere {
	0, 1
	scale<0.080000,0.200000,0.300000>
