// switches for output
#declare DRAW_BASES = 1; // possible values are 0, 1; only relevant for DNA ribbons
#declare DRAW_BASES_TYPE = 3; // possible values are 1, 2, 3; only relevant for DNA ribbons
#declare DRAW_FOG = 0; // set to 1 to enable fog

#include "colors.inc"

#include "transforms.inc"
background { rgb <1, 1, 1>}

#default {
   normal{
       ripples 0.25
       frequency 0.20
       turbulence 0.2
       lambda 5
   }
	finish {
		phong 0.1
		phong_size 40.
	}
}

// original window dimensions: 1024x640


// camera settings

camera {
	sky <0, 0.179814, -0.983701>
	up <0, 0.179814, -0.983701>
	right 1.6 * <1, 0, 0>
	location <35, 94.9851, 44.8844>
	look_at <35, 29.7336, 32.9568>
	direction <0, -65.2515, -11.9276>
	angle 67.0682
}


# declare cpy_camera_pos = <35, 94.9851, 44.8844>;
# if (DRAW_FOG = 1)
fog {
	fog_type 2
	up vnormalize(cpy_camera_pos)
	color rgbt<1,1,1,0.3>
	distance 1e-5
	fog_alt 3e-3
	fog_offset 56
}
# end


// LIGHTS

# declare lum = 6;
global_settings {
	ambient_light rgb lum * <0.05, 0.05, 0.05>
	max_trace_level 15
}# declare cpy_direct_light_amount = 0.25;
light_source
{	1000 * <-1, -1.16352, -0.803886>,
	rgb lum * cpy_direct_light_amount
	parallel
}

light_source
{	1000 * <1, 1.16352, 0.803886>,
	rgb lum * cpy_direct_light_amount
	parallel
}

// strand 0

// nucleotide -1

// particle -1
sphere {
	<24.475069, 35.355995, 35.149368> 0.250000
	pigment { color rgbt <1,0,0,0> }
	no_shadow
}
cylinder {
	<24.348122, 34.983112, 35.079773>,  <24.271954, 34.759384, 35.038017>, 0.100000
	pigment { color rgbt <1,0,0,0> }
	no_shadow
}
cylinder {
	<24.348122, 34.983112, 35.079773>,  <24.475069, 35.355995, 35.149368>, 0.100000
	pigment { color rgbt <1,0,0,0> }
	no_shadow
}

// particle -1
sphere {
	<24.348122, 34.983112, 35.079773> 0.100000
	pigment { color rgbt <1,0,0,0> }
	no_shadow
}
sphere {
	0, 1
	scale<0.080000,0.200000,0.300000>
	matrix <0.915786, -0.348915, 0.198982,
		-0.246198, -0.096183, 0.964435,
		-0.317367, -0.932205, -0.173986,
		24.252911, 34.703449, 35.027576>
	pigment { color rgbt <0,1,1,0> }
	no_shadow
}
cylinder {
	<24.728558, 34.852558, 35.706062>,  <24.475069, 35.355995, 35.149368>, 0.130000
	pigment { color rgbt <1,0,0,0> }
	no_shadow
}

// nucleotide -1

// particle -1
sphere {
	<24.728558, 34.852558, 35.706062> 0.250000
	pigment { color rgbt <1,0,0,0> }
	no_shadow
}
cylinder {
	<24.675350, 34.666836, 35.355812>,  <24.643425, 34.555401, 35.145660>, 0.100000
	pigment { color rgbt <1,0,0,0> }
	no_shadow
}
cylinder {
	<24.675350, 34.666836, 35.355812>,  <24.728558, 34.852558, 35.706062>, 0.100000
	pigment { color rgbt <1,0,0,0> }
	no_shadow
}

// particle -1
sphere {
	<24.675350, 34.666836, 35.355812> 0.100000
	pigment { color rgbt <1,0,0,0> }
	no_shadow
}
sphere {
	0, 1
	scale<0.080000,0.200000,0.300000>
	matrix <0.931590, -0.360133, 0.049442,
		-0.338299, -0.809150, 0.480447,
		-0.133019, -0.464306, -0.875629,
		24.635445, 34.527546, 35.093124>
	pigment { color rgbt <0,1,1,0> }
	no_shadow
}
cylinder {
	<24.986650, 34.105858, 35.702896>,  <24.728558, 34.852558, 35.706062>, 0.130000
	pigment { color rgbt <1,0,0,0> }
	no_shadow
}

// nucleotide -1

// particle -1
sphere {
	<24.986650, 34.105858, 35.702896> 0.250000
	pigment { color rgbt <1,0,0,0> }
	no_shadow
}
cylinder {
	<25.009655, 34.283024, 35.345009>,  <25.023458, 34.389324, 35.130276>, 0.100000
	pigment { color rgbt <1,0,0,0> }
	no_shadow
}
cylinder {
	<25.009655, 34.283024, 35.345009>,  <24.986650, 34.105858, 35.702896>, 0.100000
	pigment { color rgbt <1,0,0,0> }
	no_shadow
}

// particle -1
sphere {
	<25.009655, 34.283024, 35.345009> 0.100000
	pigment { color rgbt <1,0,0,0> }
	no_shadow
}
sphere {
	0, 1
	scale<0.080000,0.200000,0.300000>
	matrix <0.945803, -0.311079, -0.093197,
		-0.319607, -0.840866, -0.436801,
		0.057514, 0.442915, -0.894717,
		25.026909, 34.415897, 35.076595>
	pigment { color rgbt <0,1,1,0> }
	no_shadow
}
cylinder {
	<25.365767, 33.664780, 35.259026>,  <24.986650, 34.105858, 35.702896>, 0.130000
	pigment { color rgbt <1,0,0,0> }
	no_shadow
}

// nucleotide -1

// particle -1
sphere {
	<25.365767, 33.664780, 35.259026> 0.250000
	pigment { color rgbt <1,0,0,0> }
	no_shadow
}
cylinder {
	<25.365189, 34.003567, 35.046368>,  <25.364841, 34.206841, 34.918774>, 0.100000
	pigment { color rgbt <1,0,0,0> }
	no_shadow
}
cylinder {
	<25.365189, 34.003567, 35.046368>,  <25.365767, 33.664780, 35.259026>, 0.100000
	pigment { color rgbt <1,0,0,0> }
	no_shadow
}

// particle -1
sphere {
	<25.365189, 34.003567, 35.046368> 0.100000
	pigment { color rgbt <1,0,0,0> }
	no_shadow
}
sphere {
	0, 1
	scale<0.080000,0.200000,0.300000>
	matrix <0.998854, 0.026663, 0.039762,
		0.047852, -0.530975, -0.846035,
		-0.001446, 0.846968, -0.531643,
		25.364756, 34.257656, 34.886875>
	pigment { color rgbt <0,1,1,0> }
	no_shadow
}
cylinder {
	<25.828978, 33.689308, 34.583580>,  <25.365767, 33.664780, 35.259026>, 0.130000
	pigment { color rgbt <1,0,0,0> }
	no_shadow
}

// nucleotide -1

// particle -1
sphere {
	<25.828978, 33.689308, 34.583580> 0.250000
	pigment { color rgbt <1,0,0,0> }
	no_shadow
}
cylinder {
	<25.771967, 34.058823, 34.725742>,  <25.737761, 34.280529, 34.811039>, 0.100000
	pigment { color rgbt <1,0,0,0> }
	no_shadow
}
cylinder {
	<25.771967, 34.058823, 34.725742>,  <25.828978, 33.689308, 34.583580>, 0.100000
	pigment { color rgbt <1,0,0,0> }
	no_shadow
}

// particle -1
sphere {
	<25.771967, 34.058823, 34.725742> 0.100000
	pigment { color rgbt <1,0,0,0> }
	no_shadow
}
sphere {
	0, 1
	scale<0.080000,0.200000,0.300000>
	matrix <0.986446, 0.162067, -0.025655,
		-0.081299, 0.346929, -0.934361,
		-0.142528, 0.923783, 0.355403,
		25.729208, 34.335957, 34.832363>
	pigment { color rgbt <0,1,1,0> }
	no_shadow
}
cylinder {
	<26.617592, 33.761017, 34.691311>,  <25.828978, 33.689308, 34.583580>, 0.130000
	pigment { color rgbt <1,0,0,0> }
	no_shadow
}

// nucleotide -1

// particle -1
sphere {
	<26.617592, 33.761017, 34.691311> 0.250000
	pigment { color rgbt <1,0,0,0> }
	no_shadow
}
cylinder {
	<26.904509, 33.919456, 34.920605>,  <27.076658, 34.014519, 35.058182>, 0.100000
	pigment { color rgbt <1,0,0,0> }
	no_shadow
}
cylinder {
	<26.904509, 33.919456, 34.920605>,  <26.617592, 33.761017, 34.691311>, 0.100000
	pigment { color rgbt <1,0,0,0> }
	no_shadow
}

// particle -1
sphere {
	<26.904509, 33.919456, 34.920605> 0.100000
	pigment { color rgbt <1,0,0,0> }
	no_shadow
}
sphere {
	0, 1
	scale<0.080000,0.200000,0.300000>
	matrix <-0.576247, 0.799725, 0.168460,
		-0.391704, -0.451160, 0.801886,
		0.717291, 0.396098, 0.573236,
		27.119696, 34.038284, 35.092575>
	pigment { color rgbt <0,1,1,0> }
	no_shadow
}
cylinder {
	<26.322483, 34.068890, 35.310802>,  <26.617592, 33.761017, 34.691311>, 0.130000
	pigment { color rgbt <1,0,0,0> }
	no_shadow
}

// nucleotide -1

// particle -1
sphere {
	<26.322483, 34.068890, 35.310802> 0.250000
	pigment { color rgbt <1,0,0,0> }
	no_shadow
}
cylinder {
	<26.644827, 34.280556, 35.204544>,  <26.838234, 34.407555, 35.140789>, 0.100000
	pigment { color rgbt <1,0,0,0> }
	no_shadow
}
cylinder {
	<26.644827, 34.280556, 35.204544>,  <26.322483, 34.068890, 35.310802>, 0.100000
	pigment { color rgbt <1,0,0,0> }
	no_shadow
}

// particle -1
sphere {
	<26.644827, 34.280556, 35.204544> 0.100000
	pigment { color rgbt <1,0,0,0> }
	no_shadow
}
sphere {
	0, 1
	scale<0.080000,0.200000,0.300000>
	matrix <-0.509461, 0.848303, 0.144332,
		0.301724, 0.019025, 0.953206,
		0.805861, 0.529169, -0.265646,
		26.886585, 34.439308, 35.124851>
	pigment { color rgbt <0,1,1,0> }
	no_shadow
}
cylinder {
	<26.289759, 34.646374, 35.751640>,  <26.322483, 34.068890, 35.310802>, 0.130000
	pigment { color rgbt <1,0,0,0> }
	no_shadow
}

// nucleotide -1

// particle -1
sphere {
	<26.289759, 34.646374, 35.751640> 0.250000
	pigment { color rgbt <1,0,0,0> }
	no_shadow
}
cylinder {
	<26.572470, 34.763428, 35.494011>,  <26.742096, 34.833660, 35.339432>, 0.100000
	pigment { color rgbt <1,0,0,0> }
	no_shadow
}
cylinder {
	<26.572470, 34.763428, 35.494011>,  <26.289759, 34.646374, 35.751640>, 0.100000
	pigment { color rgbt <1,0,0,0> }
	no_shadow
}

// particle -1
sphere {
	<26.572470, 34.763428, 35.494011> 0.100000
	pigment { color rgbt <1,0,0,0> }
	no_shadow
}
sphere {
	0, 1
	scale<0.080000,0.200000,0.300000>
	matrix <-0.280258, 0.951765, 0.124894,
		0.649555, 0.092234, 0.754700,
		0.706778, 0.292636, -0.644073,
		26.784502, 34.851219, 35.300789>
	pigment { color rgbt <0,1,1,0> }
	no_shadow
}
cylinder {
	<26.645065, 35.210964, 35.972172>,  <26.289759, 34.646374, 35.751640>, 0.130000
	pigment { color rgbt <1,0,0,0> }
	no_shadow
}

// nucleotide -1

// particle -1
sphere {
	<26.645065, 35.210964, 35.972172> 0.250000
	pigment { color rgbt <1,0,0,0> }
	no_shadow
}
cylinder {
	<26.734678, 35.247265, 35.584034>,  <26.788446, 35.269047, 35.351151>, 0.100000
	pigment { color rgbt <1,0,0,0> }
	no_shadow
}
cylinder {
	<26.734678, 35.247265, 35.584034>,  <26.645065, 35.210964, 35.972172>, 0.100000
	pigment { color rgbt <1,0,0,0> }
	no_shadow
}

// particle -1
sphere {
	<26.734678, 35.247265, 35.584034> 0.100000
	pigment { color rgbt <1,0,0,0> }
	no_shadow
}
sphere {
	0, 1
	scale<0.080000,0.200000,0.300000>
	matrix <-0.233602, 0.971630, 0.036937,
		0.946171, 0.218401, 0.238874,
		0.224030, 0.090750, -0.970348,
		26.801888, 35.274490, 35.292931>
	pigment { color rgbt <0,1,1,0> }
	no_shadow
}
cylinder {
	<27.080730, 35.946465, 35.932888>,  <26.645065, 35.210964, 35.972172>, 0.130000
	pigment { color rgbt <1,0,0,0> }
	no_shadow
}

// nucleotide -1

// particle -1
sphere {
	<27.080730, 35.946465, 35.932888> 0.250000
	pigment { color rgbt <1,0,0,0> }
	no_shadow
}
cylinder {
	<26.903847, 35.854458, 35.586121>,  <26.797716, 35.799255, 35.378059>, 0.100000
	pigment { color rgbt <1,0,0,0> }
	no_shadow
}
cylinder {
	<26.903847, 35.854458, 35.586121>,  <27.080730, 35.946465, 35.932888>, 0.100000
	pigment { color rgbt <1,0,0,0> }
	no_shadow
}

// particle -1
sphere {
	<26.903847, 35.854458, 35.586121> 0.100000
	pigment { color rgbt <1,0,0,0> }
	no_shadow
}
sphere {
	0, 1
	scale<0.080000,0.200000,0.300000>
	matrix <-0.374630, 0.925572, -0.054483,
		0.814927, 0.300680, -0.495466,
		-0.442208, -0.230016, -0.866917,
		26.771185, 35.785454, 35.326046>
	pigment { color rgbt <0,1,1,0> }
	no_shadow
}
cylinder {
	<27.298679, 36.458248, 35.593182>,  <27.080730, 35.946465, 35.932888>, 0.130000
	pigment { color rgbt <1,0,0,0> }
	no_shadow
}

// nucleotide -1

// particle -1
sphere {
	<27.298679, 36.458248, 35.593182> 0.250000
	pigment { color rgbt <1,0,0,0> }
	no_shadow
}
cylinder {
	<26.990396, 36.310566, 35.385452>,  <26.805428, 36.221958, 35.260815>, 0.100000
	pigment { color rgbt <1,0,0,0> }
	no_shadow
}
cylinder {
	<26.990396, 36.310566, 35.385452>,  <27.298679, 36.458248, 35.593182>, 0.100000
	pigment { color rgbt <1,0,0,0> }
	no_shadow
}

// particle -1
sphere {
	<26.990396, 36.310566, 35.385452> 0.100000
	pigment { color rgbt <1,0,0,0> }
	no_shadow
}
sphere {
	0, 1
	scale<0.080000,0.200000,0.300000>
	matrix <-0.379996, 0.920550, -0.090506,
		0.511480, 0.127588, -0.849770,
		-0.770708, -0.369201, -0.519326,
		26.759184, 36.199806, 35.229656>
	pigment { color rgbt <0,1,1,0> }
	no_shadow
}
cylinder {
	<27.150990, 36.926567, 35.062630>,  <27.298679, 36.458248, 35.593182>, 0.130000
	pigment { color rgbt <1,0,0,0> }
	no_shadow
}

// nucleotide -1

// particle -1
sphere {
	<27.150990, 36.926567, 35.062630> 0.250000
	pigment { color rgbt <1,0,0,0> }
	no_shadow
}
cylinder {
	<26.815681, 36.710670, 35.093567>,  <26.614496, 36.581135, 35.112129>, 0.100000
	pigment { color rgbt <1,0,0,0> }
	no_shadow
}
cylinder {
	<26.815681, 36.710670, 35.093567>,  <27.150990, 36.926567, 35.062630>, 0.100000
	pigment { color rgbt <1,0,0,0> }
	no_shadow
}

// particle -1
sphere {
	<26.815681, 36.710670, 35.093567> 0.100000
	pigment { color rgbt <1,0,0,0> }
	no_shadow
}
sphere {
	0, 1
	scale<0.080000,0.200000,0.300000>
	matrix <-0.545077, 0.833123, -0.093792,
		-0.013815, -0.120783, -0.992583,
		-0.838272, -0.539739, 0.077346,
		26.564199, 36.548748, 35.116772>
	pigment { color rgbt <0,1,1,0> }
	no_shadow
}
cylinder {
	<26.772602, 37.263714, 34.600117>,  <27.150990, 36.926567, 35.062630>, 0.130000
	pigment { color rgbt <1,0,0,0> }
	no_shadow
}

// nucleotide -1

// particle -1
sphere {
	<26.772602, 37.263714, 34.600117> 0.250000
	pigment { color rgbt <1,0,0,0> }
	no_shadow
}
cylinder {
	<26.511150, 37.062588, 34.826374>,  <26.354280, 36.941914, 34.962128>, 0.100000
	pigment { color rgbt <1,0,0,0> }
	no_shadow
}
cylinder {
	<26.511150, 37.062588, 34.826374>,  <26.772602, 37.263714, 34.600117>, 0.100000
	pigment { color rgbt <1,0,0,0> }
	no_shadow
}

// particle -1
sphere {
	<26.511150, 37.062588, 34.826374> 0.100000
	pigment { color rgbt <1,0,0,0> }
	no_shadow
}
sphere {
	0, 1
	scale<0.080000,0.200000,0.300000>
	matrix <-0.630691, 0.775009, -0.039868,
		-0.418329, -0.382803, -0.823688,
		-0.653628, -0.502815, 0.565640,
		26.315062, 36.911743, 34.996067>
	pigment { color rgbt <0,1,1,0> }
	no_shadow
}
cylinder {
	<26.072523, 37.368832, 34.271210>,  <26.772602, 37.263714, 34.600117>, 0.130000
	pigment { color rgbt <1,0,0,0> }
	no_shadow
}

// nucleotide -1

// particle -1
sphere {
	<26.072523, 37.368832, 34.271210> 0.250000
	pigment { color rgbt <1,0,0,0> }
	no_shadow
}
cylinder {
	<26.010391, 37.284981, 34.657356>,  <25.973112, 37.234669, 34.889042>, 0.100000
	pigment { color rgbt <1,0,0,0> }
	no_shadow
}
cylinder {
	<26.010391, 37.284981, 34.657356>,  <26.072523, 37.368832, 34.271210>, 0.100000
	pigment { color rgbt <1,0,0,0> }
	no_shadow
}

// particle -1
sphere {
	<26.010391, 37.284981, 34.657356> 0.100000
	pigment { color rgbt <1,0,0,0> }
	no_shadow
}
sphere {
	0, 1
	scale<0.080000,0.200000,0.300000>
	matrix <-0.520428, 0.847982, 0.100401,
		-0.839659, -0.486807, -0.240814,
		-0.155330, -0.209629, 0.965365,
		25.963793, 37.222092, 34.946964>
	pigment { color rgbt <0,1,1,0> }
	no_shadow
}
cylinder {
	<25.334839, 37.456322, 34.398243>,  <26.072523, 37.368832, 34.271210>, 0.130000
	pigment { color rgbt <1,0,0,0> }
	no_shadow
}

// nucleotide -1

// particle -1
sphere {
	<25.334839, 37.456322, 34.398243> 0.250000
	pigment { color rgbt <1,0,0,0> }
	no_shadow
}
cylinder {
	<25.487795, 37.475800, 34.767330>,  <25.579569, 37.487488, 34.988781>, 0.100000
	pigment { color rgbt <1,0,0,0> }
	no_shadow
}
cylinder {
	<25.487795, 37.475800, 34.767330>,  <25.334839, 37.456322, 34.398243>, 0.100000
	pigment { color rgbt <1,0,0,0> }
	no_shadow
}

// particle -1
sphere {
	<25.487795, 37.475800, 34.767330> 0.100000
	pigment { color rgbt <1,0,0,0> }
	no_shadow
}
sphere {
	0, 1
	scale<0.080000,0.200000,0.300000>
	matrix <-0.175137, 0.984328, 0.020633,
		-0.907252, -0.169492, 0.384924,
		0.382389, 0.048695, 0.922718,
		25.602512, 37.490410, 35.044144>
	pigment { color rgbt <0,1,1,0> }
	no_shadow
}
cylinder {
	<24.863760, 37.910587, 34.795376>,  <25.334839, 37.456322, 34.398243>, 0.130000
	pigment { color rgbt <1,0,0,0> }
	no_shadow
}

// nucleotide -1

// particle -1
sphere {
	<24.863760, 37.910587, 34.795376> 0.250000
	pigment { color rgbt <1,0,0,0> }
	no_shadow
}
cylinder {
	<25.203409, 37.907063, 35.006622>,  <25.407200, 37.904945, 35.133369>, 0.100000
	pigment { color rgbt <1,0,0,0> }
	no_shadow
}
cylinder {
	<25.203409, 37.907063, 35.006622>,  <24.863760, 37.910587, 34.795376>, 0.100000
	pigment { color rgbt <1,0,0,0> }
	no_shadow
}

// particle -1
sphere {
	<25.203409, 37.907063, 35.006622> 0.100000
	pigment { color rgbt <1,0,0,0> }
	no_shadow
}
sphere {
	0, 1
	scale<0.080000,0.200000,0.300000>
	matrix <-0.128653, 0.966296, 0.222980,
		-0.512285, -0.257282, 0.819372,
		0.849124, -0.008815, 0.528120,
		25.458147, 37.904419, 35.165058>
	pigment { color rgbt <0,1,1,0> }
	no_shadow
}
cylinder {
	<24.672215, 38.364208, 35.401611>,  <24.863760, 37.910587, 34.795376>, 0.130000
	pigment { color rgbt <1,0,0,0> }
	no_shadow
}

// nucleotide -1

// particle -1
sphere {
	<24.672215, 38.364208, 35.401611> 0.250000
	pigment { color rgbt <1,0,0,0> }
	no_shadow
}
cylinder {
	<25.070019, 38.359535, 35.360023>,  <25.308702, 38.356731, 35.335072>, 0.100000
	pigment { color rgbt <1,0,0,0> }
	no_shadow
}
cylinder {
	<25.070019, 38.359535, 35.360023>,  <24.672215, 38.364208, 35.401611>, 0.100000
	pigment { color rgbt <1,0,0,0> }
	no_shadow
}

// particle -1
sphere {
	<25.070019, 38.359535, 35.360023> 0.100000
	pigment { color rgbt <1,0,0,0> }
	no_shadow
}
sphere {
	0, 1
	scale<0.080000,0.200000,0.300000>
	matrix <0.029323, 0.985033, 0.169851,
		0.100426, -0.171967, 0.979970,
		0.994512, -0.011678, -0.103966,
		25.368372, 38.356033, 35.328835>
	pigment { color rgbt <0,1,1,0> }
	no_shadow
}
cylinder {
	<24.877733, 38.744740, 35.974827>,  <24.672215, 38.364208, 35.401611>, 0.130000
	pigment { color rgbt <1,0,0,0> }
	no_shadow
}

// nucleotide -1

// particle -1
sphere {
	<24.877733, 38.744740, 35.974827> 0.250000
	pigment { color rgbt <1,0,0,0> }
	no_shadow
}
cylinder {
	<25.232504, 38.748699, 35.790108>,  <25.445366, 38.751076, 35.679276>, 0.100000
	pigment { color rgbt <1,0,0,0> }
	no_shadow
}
cylinder {
	<25.232504, 38.748699, 35.790108>,  <24.877733, 38.744740, 35.974827>, 0.100000
	pigment { color rgbt <1,0,0,0> }
	no_shadow
}

// particle -1
sphere {
	<25.232504, 38.748699, 35.790108> 0.100000
	pigment { color rgbt <1,0,0,0> }
	no_shadow
}
sphere {
	0, 1
	scale<0.080000,0.200000,0.300000>
	matrix <0.204204, 0.888359, 0.411241,
		0.414317, -0.459043, 0.785888,
		0.886928, 0.009903, -0.461801,
		25.498583, 38.751671, 35.651566>
	pigment { color rgbt <0,1,1,0> }
	no_shadow
}
cylinder {
	<25.472490, 38.871845, 36.466587>,  <24.877733, 38.744740, 35.974827>, 0.130000
	pigment { color rgbt <1,0,0,0> }
	no_shadow
}

// nucleotide -1

// particle -1
sphere {
	<25.472490, 38.871845, 36.466587> 0.250000
	pigment { color rgbt <1,0,0,0> }
	no_shadow
}
cylinder {
	<25.616989, 38.994820, 36.114452>,  <25.703688, 39.068604, 35.903172>, 0.100000
	pigment { color rgbt <1,0,0,0> }
	no_shadow
}
cylinder {
	<25.616989, 38.994820, 36.114452>,  <25.472490, 38.871845, 36.466587>, 0.100000
	pigment { color rgbt <1,0,0,0> }
	no_shadow
}

// particle -1
sphere {
	<25.616989, 38.994820, 36.114452> 0.100000
	pigment { color rgbt <1,0,0,0> }
	no_shadow
}
sphere {
	0, 1
	scale<0.080000,0.200000,0.300000>
	matrix <0.432296, 0.781286, 0.450236,
		0.826209, -0.543210, 0.149334,
		0.361245, 0.307433, -0.880333,
		25.725363, 39.087048, 35.850353>
	pigment { color rgbt <0,1,1,0> }
	no_shadow
}
cylinder {
	<26.189665, 39.004665, 36.508018>,  <25.472490, 38.871845, 36.466587>, 0.130000
	pigment { color rgbt <1,0,0,0> }
	no_shadow
}

// nucleotide -1

// particle -1
sphere {
	<26.189665, 39.004665, 36.508018> 0.250000
	pigment { color rgbt <1,0,0,0> }
	no_shadow
}
cylinder {
	<26.082565, 39.214470, 36.184734>,  <26.018305, 39.340351, 35.990765>, 0.100000
	pigment { color rgbt <1,0,0,0> }
	no_shadow
}
cylinder {
	<26.082565, 39.214470, 36.184734>,  <26.189665, 39.004665, 36.508018>, 0.100000
	pigment { color rgbt <1,0,0,0> }
	no_shadow
}

// particle -1
sphere {
	<26.082565, 39.214470, 36.184734> 0.100000
	pigment { color rgbt <1,0,0,0> }
	no_shadow
}
sphere {
	0, 1
	scale<0.080000,0.200000,0.300000>
	matrix <0.604026, 0.744905, 0.283320,
		0.750641, -0.412319, -0.516266,
		-0.267751, 0.524509, -0.808208,
		26.002239, 39.371822, 35.942272>
	pigment { color rgbt <0,1,1,0> }
	no_shadow
}
cylinder {
	<26.795151, 39.186073, 36.227146>,  <26.189665, 39.004665, 36.508018>, 0.130000
	pigment { color rgbt <1,0,0,0> }
	no_shadow
}

// nucleotide -1

// particle -1
sphere {
	<26.795151, 39.186073, 36.227146> 0.250000
	pigment { color rgbt <1,0,0,0> }
	no_shadow
}
cylinder {
	<26.519369, 39.420876, 36.057400>,  <26.353901, 39.561756, 35.955551>, 0.100000
	pigment { color rgbt <1,0,0,0> }
	no_shadow
}
cylinder {
	<26.519369, 39.420876, 36.057400>,  <26.795151, 39.186073, 36.227146>, 0.100000
	pigment { color rgbt <1,0,0,0> }
	no_shadow
}

// particle -1
sphere {
	<26.519369, 39.420876, 36.057400> 0.100000
	pigment { color rgbt <1,0,0,0> }
	no_shadow
}
sphere {
	0, 1
	scale<0.080000,0.200000,0.300000>
	matrix <0.525952, 0.808535, 0.263906,
		0.498025, -0.041244, -0.866181,
		-0.689453, 0.587001, -0.424363,
		26.312532, 39.596977, 35.930092>
	pigment { color rgbt <0,1,1,0> }
	no_shadow
}
cylinder {
	<27.159018, 39.720585, 35.665424>,  <26.795151, 39.186073, 36.227146>, 0.130000
	pigment { color rgbt <1,0,0,0> }
	no_shadow
}

// nucleotide -1

// particle -1
sphere {
	<27.159018, 39.720585, 35.665424> 0.250000
	pigment { color rgbt <1,0,0,0> }
	no_shadow
}
cylinder {
	<26.820627, 39.853897, 35.831917>,  <26.617594, 39.933884, 35.931812>, 0.100000
	pigment { color rgbt <1,0,0,0> }
	no_shadow
}
cylinder {
	<26.820627, 39.853897, 35.831917>,  <27.159018, 39.720585, 35.665424>, 0.100000
	pigment { color rgbt <1,0,0,0> }
	no_shadow
}

// particle -1
sphere {
	<26.820627, 39.853897, 35.831917> 0.100000
	pigment { color rgbt <1,0,0,0> }
	no_shadow
}
sphere {
	0, 1
	scale<0.080000,0.200000,0.300000>
	matrix <0.477584, 0.820759, 0.313478,
		-0.237147, 0.463979, -0.853513,
		-0.845976, 0.333284, 0.416229,
		26.566835, 39.953884, 35.956787>
	pigment { color rgbt <0,1,1,0> }
	no_shadow
}
cylinder {
	<27.048008, 40.348003, 35.320595>,  <27.159018, 39.720585, 35.665424>, 0.130000
	pigment { color rgbt <1,0,0,0> }
	no_shadow
}

// nucleotide -1

// particle -1
sphere {
	<27.048008, 40.348003, 35.320595> 0.250000
	pigment { color rgbt <1,0,0,0> }
	no_shadow
}
cylinder {
	<26.790150, 40.391193, 35.623322>,  <26.635435, 40.417107, 35.804958>, 0.100000
	pigment { color rgbt <1,0,0,0> }
	no_shadow
}
cylinder {
	<26.790150, 40.391193, 35.623322>,  <27.048008, 40.348003, 35.320595>, 0.100000
	pigment { color rgbt <1,0,0,0> }
	no_shadow
}

// particle -1
sphere {
	<26.790150, 40.391193, 35.623322> 0.100000
	pigment { color rgbt <1,0,0,0> }
	no_shadow
}
sphere {
	0, 1
	scale<0.080000,0.200000,0.300000>
	matrix <0.451959, 0.852269, 0.263383,
		-0.616574, 0.511839, -0.598212,
		-0.644647, 0.107972, 0.756817,
		26.596756, 40.423584, 35.850368>
	pigment { color rgbt <0,1,1,0> }
	no_shadow
}
cylinder {
	<26.668032, 41.027958, 35.312260>,  <27.048008, 40.348003, 35.320595>, 0.130000
	pigment { color rgbt <1,0,0,0> }
	no_shadow
}

// nucleotide -1

// particle -1
sphere {
	<26.668032, 41.027958, 35.312260> 0.250000
	pigment { color rgbt <1,0,0,0> }
	no_shadow
}
cylinder {
	<26.647526, 40.921062, 35.697166>,  <26.635221, 40.856926, 35.928112>, 0.100000
	pigment { color rgbt <1,0,0,0> }
	no_shadow
}
cylinder {
	<26.647526, 40.921062, 35.697166>,  <26.668032, 41.027958, 35.312260>, 0.100000
	pigment { color rgbt <1,0,0,0> }
	no_shadow
}

// particle -1
sphere {
	<26.647526, 40.921062, 35.697166> 0.100000
	pigment { color rgbt <1,0,0,0> }
	no_shadow
}
sphere {
	0, 1
	scale<0.080000,0.200000,0.300000>
	matrix <0.211931, 0.938677, 0.271976,
		-0.975939, 0.217877, 0.008513,
		-0.051266, -0.267236, 0.962266,
		26.632147, 40.840893, 35.985847>
	pigment { color rgbt <0,1,1,0> }
	no_shadow
}
cylinder {
	<26.573969, 41.654568, 35.647003>,  <26.668032, 41.027958, 35.312260>, 0.130000
	pigment { color rgbt <1,0,0,0> }
	no_shadow
}

// nucleotide -1

// particle -1
sphere {
	<26.573969, 41.654568, 35.647003> 0.250000
	pigment { color rgbt <1,0,0,0> }
	no_shadow
}
cylinder {
	<26.675398, 41.434387, 35.965176>,  <26.736256, 41.302280, 36.156078>, 0.100000
	pigment { color rgbt <1,0,0,0> }
	no_shadow
}
cylinder {
	<26.675398, 41.434387, 35.965176>,  <26.573969, 41.654568, 35.647003>, 0.100000
	pigment { color rgbt <1,0,0,0> }
	no_shadow
}

// particle -1
sphere {
	<26.675398, 41.434387, 35.965176> 0.100000
	pigment { color rgbt <1,0,0,0> }
	no_shadow
}
sphere {
	0, 1
	scale<0.080000,0.200000,0.300000>
	matrix <0.292122, 0.827486, 0.479512,
		-0.922153, 0.110771, 0.370626,
		0.253571, -0.550451, 0.795428,
		26.751469, 41.269253, 36.203804>
	pigment { color rgbt <0,1,1,0> }
	no_shadow
}
cylinder {
	<26.203587, 41.862690, 36.357395>,  <26.573969, 41.654568, 35.647003>, 0.130000
	pigment { color rgbt <1,0,0,0> }
	no_shadow
}

// nucleotide -1

// particle -1
sphere {
	<26.203587, 41.862690, 36.357395> 0.250000
	pigment { color rgbt <1,0,0,0> }
	no_shadow
}
cylinder {
	<26.556961, 41.683784, 36.413242>,  <26.768986, 41.576439, 36.446751>, 0.100000
	pigment { color rgbt <1,0,0,0> }
	no_shadow
}
cylinder {
	<26.556961, 41.683784, 36.413242>,  <26.203587, 41.862690, 36.357395>, 0.100000
	pigment { color rgbt <1,0,0,0> }
	no_shadow
}

// particle -1
sphere {
	<26.556961, 41.683784, 36.413242> 0.100000
	pigment { color rgbt <1,0,0,0> }
	no_shadow
}
sphere {
	0, 1
	scale<0.080000,0.200000,0.300000>
	matrix <0.376154, 0.854672, 0.357832,
		-0.279371, -0.263606, 0.923290,
		0.883437, -0.447267, 0.139614,
		26.821993, 41.549606, 36.455128>
	pigment { color rgbt <0,1,1,0> }
	no_shadow
}
cylinder {
	<26.381721, 42.042469, 37.092899>,  <26.203587, 41.862690, 36.357395>, 0.130000
	pigment { color rgbt <1,0,0,0> }
	no_shadow
}

// nucleotide -1

// particle -1
sphere {
	<26.381721, 42.042469, 37.092899> 0.250000
	pigment { color rgbt <1,0,0,0> }
	no_shadow
}
cylinder {
	<26.706366, 41.987591, 36.865753>,  <26.901152, 41.954662, 36.729465>, 0.100000
	pigment { color rgbt <1,0,0,0> }
	no_shadow
}
cylinder {
	<26.706366, 41.987591, 36.865753>,  <26.381721, 42.042469, 37.092899>, 0.100000
	pigment { color rgbt <1,0,0,0> }
	no_shadow
}

// particle -1
sphere {
	<26.706366, 41.987591, 36.865753> 0.100000
	pigment { color rgbt <1,0,0,0> }
	no_shadow
}
sphere {
	0, 1
	scale<0.080000,0.200000,0.300000>
	matrix <0.319320, 0.918160, 0.234555,
		0.489208, -0.371697, 0.788997,
		0.811609, -0.137197, -0.567862,
		26.949848, 41.946430, 36.695396>
	pigment { color rgbt <0,1,1,0> }
	no_shadow
}
cylinder {
	<26.912457, 42.256054, 37.557064>,  <26.381721, 42.042469, 37.092899>, 0.130000
	pigment { color rgbt <1,0,0,0> }
	no_shadow
}

// nucleotide -1

// particle -1
sphere {
	<26.912457, 42.256054, 37.557064> 0.250000
	pigment { color rgbt <1,0,0,0> }
	no_shadow
}
cylinder {
	<27.067553, 42.255325, 37.188358>,  <27.160610, 42.254887, 36.967133>, 0.100000
	pigment { color rgbt <1,0,0,0> }
	no_shadow
}
cylinder {
	<27.067553, 42.255325, 37.188358>,  <26.912457, 42.256054, 37.557064>, 0.100000
	pigment { color rgbt <1,0,0,0> }
	no_shadow
}

// particle -1
sphere {
	<27.067553, 42.255325, 37.188358> 0.100000
	pigment { color rgbt <1,0,0,0> }
	no_shadow
}
sphere {
	0, 1
	scale<0.080000,0.200000,0.300000>
	matrix <0.381225, 0.910783, 0.158559,
		0.839241, -0.412880, 0.353842,
		0.387740, -0.001824, -0.921767,
		27.183874, 42.254780, 36.911827>
	pigment { color rgbt <0,1,1,0> }
	no_shadow
}
cylinder {
	<27.508539, 42.608234, 37.588577>,  <26.912457, 42.256054, 37.557064>, 0.130000
	pigment { color rgbt <1,0,0,0> }
	no_shadow
}

// nucleotide -1

// particle -1
sphere {
	<27.508539, 42.608234, 37.588577> 0.250000
	pigment { color rgbt <1,0,0,0> }
	no_shadow
}
cylinder {
	<27.425428, 42.623280, 37.197598>,  <27.375563, 42.632309, 36.963009>, 0.100000
	pigment { color rgbt <1,0,0,0> }
	no_shadow
}
cylinder {
	<27.425428, 42.623280, 37.197598>,  <27.508539, 42.608234, 37.588577>, 0.100000
	pigment { color rgbt <1,0,0,0> }
	no_shadow
}

// particle -1
sphere {
	<27.425428, 42.623280, 37.197598> 0.100000
	pigment { color rgbt <1,0,0,0> }
	no_shadow
}
sphere {
	0, 1
	scale<0.080000,0.200000,0.300000>
	matrix <0.090833, 0.995685, 0.019009,
		0.973949, -0.084836, -0.210298,
		-0.207778, 0.037616, -0.977453,
		27.363094, 42.634563, 36.904362>
	pigment { color rgbt <0,1,1,0> }
	no_shadow
}
cylinder {
	<28.042229, 43.034092, 37.152882>,  <27.508539, 42.608234, 37.588577>, 0.130000
	pigment { color rgbt <1,0,0,0> }
	no_shadow
}

// nucleotide -1

// particle -1
sphere {
	<28.042229, 43.034092, 37.152882> 0.250000
	pigment { color rgbt <1,0,0,0> }
	no_shadow
}
cylinder {
	<27.668201, 43.024445, 37.011421>,  <27.443785, 43.018654, 36.926544>, 0.100000
	pigment { color rgbt <1,0,0,0> }
	no_shadow
}
cylinder {
	<27.668201, 43.024445, 37.011421>,  <28.042229, 43.034092, 37.152882>, 0.100000
	pigment { color rgbt <1,0,0,0> }
	no_shadow
}

// particle -1
sphere {
	<27.668201, 43.024445, 37.011421> 0.100000
	pigment { color rgbt <1,0,0,0> }
	no_shadow
}
sphere {
	0, 1
	scale<0.080000,0.200000,0.300000>
	matrix <0.005462, 0.996583, -0.082414,
		0.354429, -0.078995, -0.931740,
		-0.935067, -0.024121, -0.353649,
		27.387682, 43.017208, 36.905327>
	pigment { color rgbt <0,1,1,0> }
	no_shadow
}
cylinder {
	<27.951769, 43.539509, 36.627384>,  <28.042229, 43.034092, 37.152882>, 0.130000
	pigment { color rgbt <1,0,0,0> }
	no_shadow
}

// nucleotide -1

// particle -1
sphere {
	<27.951769, 43.539509, 36.627384> 0.250000
	pigment { color rgbt <1,0,0,0> }
	no_shadow
}
cylinder {
	<27.572483, 43.505177, 36.749710>,  <27.344912, 43.484577, 36.823105>, 0.100000
	pigment { color rgbt <1,0,0,0> }
	no_shadow
}
cylinder {
	<27.572483, 43.505177, 36.749710>,  <27.951769, 43.539509, 36.627384>, 0.100000
	pigment { color rgbt <1,0,0,0> }
	no_shadow
}

// particle -1
sphere {
	<27.572483, 43.505177, 36.749710> 0.100000
	pigment { color rgbt <1,0,0,0> }
	no_shadow
}
sphere {
	0, 1
	scale<0.080000,0.200000,0.300000>
	matrix <-0.148446, 0.970929, -0.187777,
		-0.280811, -0.223450, -0.933389,
		-0.948214, -0.085827, 0.305818,
		27.288019, 43.479427, 36.841454>
	pigment { color rgbt <0,1,1,0> }
	no_shadow
}
cylinder {
	<27.584457, 43.953686, 36.217594>,  <27.951769, 43.539509, 36.627384>, 0.130000
	pigment { color rgbt <1,0,0,0> }
	no_shadow
}

// nucleotide -1

// particle -1
sphere {
	<27.584457, 43.953686, 36.217594> 0.250000
	pigment { color rgbt <1,0,0,0> }
	no_shadow
}
cylinder {
	<27.379532, 43.913311, 36.558731>,  <27.256577, 43.889088, 36.763412>, 0.100000
	pigment { color rgbt <1,0,0,0> }
	no_shadow
}
cylinder {
	<27.379532, 43.913311, 36.558731>,  <27.584457, 43.953686, 36.217594>, 0.100000
	pigment { color rgbt <1,0,0,0> }
	no_shadow
}

// particle -1
sphere {
	<27.379532, 43.913311, 36.558731> 0.100000
	pigment { color rgbt <1,0,0,0> }
	no_shadow
}
sphere {
	0, 1
	scale<0.080000,0.200000,0.300000>
	matrix <-0.150878, 0.988202, 0.026318,
		-0.845440, -0.115192, -0.521499,
		-0.512315, -0.100932, 0.852846,
		27.225838, 43.883030, 36.814587>
	pigment { color rgbt <0,1,1,0> }
	no_shadow
}
cylinder {
	<28.310616, 44.005112, 36.125473>,  <27.584457, 43.953686, 36.217594>, 0.130000
	pigment { color rgbt <1,0,0,0> }
	no_shadow
}

// nucleotide -1

// particle -1
sphere {
	<28.310616, 44.005112, 36.125473> 0.250000
	pigment { color rgbt <1,0,0,0> }
	no_shadow
}
cylinder {
	<28.691772, 44.112358, 36.068752>,  <28.920467, 44.176704, 36.034721>, 0.100000
	pigment { color rgbt <1,0,0,0> }
	no_shadow
}
cylinder {
	<28.691772, 44.112358, 36.068752>,  <28.310616, 44.005112, 36.125473>, 0.100000
	pigment { color rgbt <1,0,0,0> }
	no_shadow
}

// particle -1
sphere {
	<28.691772, 44.112358, 36.068752> 0.100000
	pigment { color rgbt <1,0,0,0> }
	no_shadow
}
sphere {
	0, 1
	scale<0.080000,0.200000,0.300000>
	matrix <0.289859, -0.942652, 0.165495,
		-0.089298, -0.198802, -0.975963,
		0.952894, 0.268114, -0.141802,
		28.977640, 44.192791, 36.026211>
	pigment { color rgbt <0,1,1,0> }
	no_shadow
}
cylinder {
	<28.558279, 43.543633, 35.600967>,  <28.310616, 44.005112, 36.125473>, 0.130000
	pigment { color rgbt <1,0,0,0> }
	no_shadow
}

// nucleotide -1

// particle -1
sphere {
	<28.558279, 43.543633, 35.600967> 0.250000
	pigment { color rgbt <1,0,0,0> }
	no_shadow
}
cylinder {
	<28.883583, 43.678329, 35.790794>,  <29.078766, 43.759148, 35.904690>, 0.100000
	pigment { color rgbt <1,0,0,0> }
	no_shadow
}
cylinder {
	<28.883583, 43.678329, 35.790794>,  <28.558279, 43.543633, 35.600967>, 0.100000
	pigment { color rgbt <1,0,0,0> }
	no_shadow
}

// particle -1
sphere {
	<28.883583, 43.678329, 35.790794> 0.100000
	pigment { color rgbt <1,0,0,0> }
	no_shadow
}
sphere {
	0, 1
	scale<0.080000,0.200000,0.300000>
	matrix <0.370145, -0.928647, 0.024627,
		0.449003, 0.155632, -0.879872,
		0.813258, 0.336738, 0.474571,
		29.127560, 43.779350, 35.933167>
	pigment { color rgbt <0,1,1,0> }
	no_shadow
}
cylinder {
	<29.230547, 43.544750, 35.102009>,  <28.558279, 43.543633, 35.600967>, 0.130000
	pigment { color rgbt <1,0,0,0> }
	no_shadow
}

// nucleotide -1

// particle -1
sphere {
	<29.230547, 43.544750, 35.102009> 0.250000
	pigment { color rgbt <1,0,0,0> }
	no_shadow
}
cylinder {
	<29.247562, 43.474735, 35.495464>,  <29.257772, 43.432728, 35.731537>, 0.100000
	pigment { color rgbt <1,0,0,0> }
	no_shadow
}
cylinder {
	<29.247562, 43.474735, 35.495464>,  <29.230547, 43.544750, 35.102009>, 0.100000
	pigment { color rgbt <1,0,0,0> }
	no_shadow
}

// particle -1
sphere {
	<29.247562, 43.474735, 35.495464> 0.100000
	pigment { color rgbt <1,0,0,0> }
	no_shadow
}
sphere {
	0, 1
	scale<0.080000,0.200000,0.300000>
	matrix <0.383149, -0.906400, -0.177862,
		0.922706, 0.384448, 0.028507,
		0.042540, -0.175037, 0.983642,
		29.260324, 43.422226, 35.790558>
	pigment { color rgbt <0,1,1,0> }
	no_shadow
}
cylinder {
	<29.875319, 43.197559, 35.273308>,  <29.230547, 43.544750, 35.102009>, 0.130000
	pigment { color rgbt <1,0,0,0> }
	no_shadow
}

// nucleotide -1

// particle -1
sphere {
	<29.875319, 43.197559, 35.273308> 0.250000
	pigment { color rgbt <1,0,0,0> }
	no_shadow
}
cylinder {
	<29.597725, 43.102119, 35.545029>,  <29.431170, 43.044853, 35.708061>, 0.100000
	pigment { color rgbt <1,0,0,0> }
	no_shadow
}
cylinder {
	<29.597725, 43.102119, 35.545029>,  <29.875319, 43.197559, 35.273308>, 0.100000
	pigment { color rgbt <1,0,0,0> }
	no_shadow
}

// particle -1
sphere {
	<29.597725, 43.102119, 35.545029> 0.100000
	pigment { color rgbt <1,0,0,0> }
	no_shadow
}
sphere {
	0, 1
	scale<0.080000,0.200000,0.300000>
	matrix <0.285599, -0.957316, -0.044484,
		0.660925, 0.163138, 0.732505,
		-0.693982, -0.238603, 0.679306,
		29.389530, 43.030537, 35.748821>
	pigment { color rgbt <0,1,1,0> }
	no_shadow
}
cylinder {
	<30.173000, 42.657623, 35.643719>,  <29.875319, 43.197559, 35.273308>, 0.130000
	pigment { color rgbt <1,0,0,0> }
	no_shadow
}

// nucleotide -1

// particle -1
sphere {
	<30.173000, 42.657623, 35.643719> 0.250000
	pigment { color rgbt <1,0,0,0> }
	no_shadow
}
cylinder {
	<29.780991, 42.638580, 35.720959>,  <29.545784, 42.627155, 35.767303>, 0.100000
	pigment { color rgbt <1,0,0,0> }
	no_shadow
}
cylinder {
	<29.780991, 42.638580, 35.720959>,  <30.173000, 42.657623, 35.643719>, 0.100000
	pigment { color rgbt <1,0,0,0> }
	no_shadow
}

// particle -1
sphere {
	<29.780991, 42.638580, 35.720959> 0.100000
	pigment { color rgbt <1,0,0,0> }
	no_shadow
}
sphere {
	0, 1
	scale<0.080000,0.200000,0.300000>
	matrix <0.042321, -0.998610, -0.031404,
		0.194324, -0.022604, 0.980677,
		-0.980024, -0.047606, 0.193098,
		29.486984, 42.624298, 35.778889>
	pigment { color rgbt <0,1,1,0> }
	no_shadow
}
cylinder {
	<30.116714, 42.265316, 36.256184>,  <30.173000, 42.657623, 35.643719>, 0.130000
	pigment { color rgbt <1,0,0,0> }
	no_shadow
}

// nucleotide -1

// particle -1
sphere {
	<30.116714, 42.265316, 36.256184> 0.250000
	pigment { color rgbt <1,0,0,0> }
	no_shadow
}
cylinder {
	<29.747391, 42.204781, 36.114994>,  <29.525795, 42.168461, 36.030281>, 0.100000
	pigment { color rgbt <1,0,0,0> }
	no_shadow
}
cylinder {
	<29.747391, 42.204781, 36.114994>,  <30.116714, 42.265316, 36.256184>, 0.100000
	pigment { color rgbt <1,0,0,0> }
	no_shadow
}

// particle -1
sphere {
	<29.747391, 42.204781, 36.114994> 0.100000
	pigment { color rgbt <1,0,0,0> }
	no_shadow
}
sphere {
	0, 1
	scale<0.080000,0.200000,0.300000>
	matrix <0.170900, -0.984978, -0.024733,
		-0.343931, -0.083160, 0.935305,
		-0.923312, -0.151337, -0.352976,
		29.470398, 42.159378, 36.009102>
	pigment { color rgbt <0,1,1,0> }
	no_shadow
}
cylinder {
	<29.932352, 41.728539, 36.632561>,  <30.116714, 42.265316, 36.256184>, 0.130000
	pigment { color rgbt <1,0,0,0> }
	no_shadow
}

// nucleotide -1

// particle -1
sphere {
	<29.932352, 41.728539, 36.632561> 0.250000
	pigment { color rgbt <1,0,0,0> }
	no_shadow
}
cylinder {
	<29.699228, 41.737976, 36.307655>,  <29.559353, 41.743637, 36.112713>, 0.100000
	pigment { color rgbt <1,0,0,0> }
	no_shadow
}
cylinder {
	<29.699228, 41.737976, 36.307655>,  <29.932352, 41.728539, 36.632561>, 0.100000
	pigment { color rgbt <1,0,0,0> }
	no_shadow
}

// particle -1
sphere {
	<29.699228, 41.737976, 36.307655> 0.100000
	pigment { color rgbt <1,0,0,0> }
	no_shadow
}
sphere {
	0, 1
	scale<0.080000,0.200000,0.300000>
	matrix <0.110073, -0.988074, -0.107678,
		-0.805119, -0.152164, 0.573263,
		-0.582811, 0.023593, -0.812265,
		29.524385, 41.745052, 36.063976>
	pigment { color rgbt <0,1,1,0> }
	no_shadow
}
cylinder {
	<29.598118, 41.172073, 36.756336>,  <29.932352, 41.728539, 36.632561>, 0.130000
	pigment { color rgbt <1,0,0,0> }
	no_shadow
}

// nucleotide -1

// particle -1
sphere {
	<29.598118, 41.172073, 36.756336> 0.250000
	pigment { color rgbt <1,0,0,0> }
	no_shadow
}
cylinder {
	<29.502779, 41.240944, 36.374020>,  <29.445576, 41.282269, 36.144630>, 0.100000
	pigment { color rgbt <1,0,0,0> }
	no_shadow
}
cylinder {
	<29.502779, 41.240944, 36.374020>,  <29.598118, 41.172073, 36.756336>, 0.100000
	pigment { color rgbt <1,0,0,0> }
	no_shadow
}

// particle -1
sphere {
	<29.502779, 41.240944, 36.374020> 0.100000
	pigment { color rgbt <1,0,0,0> }
	no_shadow
}
sphere {
	0, 1
	scale<0.080000,0.200000,0.300000>
	matrix <-0.057397, -0.984936, -0.163117,
		-0.969482, 0.015981, 0.244640,
		-0.238348, 0.172180, -0.955795,
		29.431274, 41.292599, 36.087280>
	pigment { color rgbt <0,1,1,0> }
	no_shadow
}
cylinder {
	<29.053694, 40.748482, 36.593758>,  <29.598118, 41.172073, 36.756336>, 0.130000
	pigment { color rgbt <1,0,0,0> }
	no_shadow
}

// nucleotide -1

// particle -1
sphere {
	<29.053694, 40.748482, 36.593758> 0.250000
	pigment { color rgbt <1,0,0,0> }
	no_shadow
}
cylinder {
	<29.195509, 40.836140, 36.230160>,  <29.280598, 40.888733, 36.012001>, 0.100000
	pigment { color rgbt <1,0,0,0> }
	no_shadow
}
cylinder {
	<29.195509, 40.836140, 36.230160>,  <29.053694, 40.748482, 36.593758>, 0.100000
	pigment { color rgbt <1,0,0,0> }
	no_shadow
}

// particle -1
sphere {
	<29.195509, 40.836140, 36.230160> 0.100000
	pigment { color rgbt <1,0,0,0> }
	no_shadow
}
sphere {
	0, 1
	scale<0.080000,0.200000,0.300000>
	matrix <-0.012789, -0.970922, -0.239056,
		-0.934954, 0.096380, -0.341427,
		0.354539, 0.219140, -0.908999,
		29.301870, 40.901882, 35.957458>
	pigment { color rgbt <0,1,1,0> }
	no_shadow
}
cylinder {
	<28.648655, 40.384941, 36.079517>,  <29.053694, 40.748482, 36.593758>, 0.130000
	pigment { color rgbt <1,0,0,0> }
	no_shadow
}

// nucleotide -1

// particle -1
sphere {
	<28.648655, 40.384941, 36.079517> 0.250000
	pigment { color rgbt <1,0,0,0> }
	no_shadow
}
cylinder {
	<29.000366, 40.466743, 35.907448>,  <29.211393, 40.515827, 35.804207>, 0.100000
	pigment { color rgbt <1,0,0,0> }
	no_shadow
}
cylinder {
	<29.000366, 40.466743, 35.907448>,  <28.648655, 40.384941, 36.079517>, 0.100000
	pigment { color rgbt <1,0,0,0> }
	no_shadow
}

// particle -1
sphere {
	<29.000366, 40.466743, 35.907448> 0.100000
	pigment { color rgbt <1,0,0,0> }
	no_shadow
}
sphere {
	0, 1
	scale<0.080000,0.200000,0.300000>
	matrix <-0.037283, -0.870812, -0.490201,
		-0.474849, 0.447061, -0.758061,
		0.879278, 0.204508, -0.430171,
		29.264149, 40.528095, 35.778397>
	pigment { color rgbt <0,1,1,0> }
	no_shadow
}
cylinder {
	<28.511129, 40.084011, 35.429985>,  <28.648655, 40.384941, 36.079517>, 0.130000
	pigment { color rgbt <1,0,0,0> }
	no_shadow
}

// nucleotide -1

// particle -1
sphere {
	<28.511129, 40.084011, 35.429985> 0.250000
	pigment { color rgbt <1,0,0,0> }
	no_shadow
}
cylinder {
	<28.906330, 40.132008, 35.468884>,  <29.143450, 40.160805, 35.492222>, 0.100000
	pigment { color rgbt <1,0,0,0> }
	no_shadow
}
cylinder {
	<28.906330, 40.132008, 35.468884>,  <28.511129, 40.084011, 35.429985>, 0.100000
	pigment { color rgbt <1,0,0,0> }
	no_shadow
}

// particle -1
sphere {
	<28.906330, 40.132008, 35.468884> 0.100000
	pigment { color rgbt <1,0,0,0> }
	no_shadow
}
sphere {
	0, 1
	scale<0.080000,0.200000,0.300000>
	matrix <0.145834, -0.932092, -0.331568,
