// switches for output
#declare DRAW_BASES = 1; // possible values are 0, 1; only relevant for DNA ribbons
#declare DRAW_BASES_TYPE = 3; // possible values are 1, 2, 3; only relevant for DNA ribbons
#declare DRAW_FOG = 0; // set to 1 to enable fog

#include "colors.inc"

#include "transforms.inc"
background { rgb <1, 1, 1>}

#default {
   normal{
       ripples 0.25
       frequency 0.20
       turbulence 0.2
       lambda 5
   }
	finish {
		phong 0.1
		phong_size 40.
	}
}

// original window dimensions: 1024x640


// camera settings

camera {
	sky <0, 0.179814, -0.983701>
	up <0, 0.179814, -0.983701>
	right 1.6 * <1, 0, 0>
	location <35, 94.9851, 44.8844>
	look_at <35, 29.7336, 32.9568>
	direction <0, -65.2515, -11.9276>
	angle 67.0682
}


# declare cpy_camera_pos = <35, 94.9851, 44.8844>;
# if (DRAW_FOG = 1)
fog {
	fog_type 2
	up vnormalize(cpy_camera_pos)
	color rgbt<1,1,1,0.3>
	distance 1e-5
	fog_alt 3e-3
	fog_offset 56
}
# end


// LIGHTS

# declare lum = 6;
global_settings {
	ambient_light rgb lum * <0.05, 0.05, 0.05>
	max_trace_level 15
}# declare cpy_direct_light_amount = 0.25;
light_source
{	1000 * <-1, -1.16352, -0.803886>,
	rgb lum * cpy_direct_light_amount
	parallel
}

light_source
{	1000 * <1, 1.16352, 0.803886>,
	rgb lum * cpy_direct_light_amount
	parallel
}

// strand 0

// nucleotide -1

// particle -1
sphere {
	<24.572245, 34.730381, 34.750690> 0.250000
	pigment { color rgbt <1,0,0,0> }
	no_shadow
}
cylinder {
	<24.376595, 34.912800, 35.048088>,  <24.259205, 35.022251, 35.226524>, 0.100000
	pigment { color rgbt <1,0,0,0> }
	no_shadow
}
cylinder {
	<24.376595, 34.912800, 35.048088>,  <24.572245, 34.730381, 34.750690>, 0.100000
	pigment { color rgbt <1,0,0,0> }
	no_shadow
}

// particle -1
sphere {
	<24.376595, 34.912800, 35.048088> 0.100000
	pigment { color rgbt <1,0,0,0> }
	no_shadow
}
sphere {
	0, 1
	scale<0.080000,0.200000,0.300000>
	matrix <0.398538, 0.875087, -0.274573,
		-0.775837, 0.162009, -0.609779,
		-0.489126, 0.456044, 0.743491,
		24.229856, 35.049614, 35.271137>
	pigment { color rgbt <0,1,1,0> }
	no_shadow
}
cylinder {
	<24.563353, 34.030582, 34.345535>,  <24.572245, 34.730381, 34.750690>, 0.130000
	pigment { color rgbt <1,0,0,0> }
	no_shadow
}

// nucleotide -1

// particle -1
sphere {
	<24.563353, 34.030582, 34.345535> 0.250000
	pigment { color rgbt <1,0,0,0> }
	no_shadow
}
cylinder {
	<24.917500, 34.170315, 34.222836>,  <25.129988, 34.254154, 34.149216>, 0.100000
	pigment { color rgbt <1,0,0,0> }
	no_shadow
}
cylinder {
	<24.917500, 34.170315, 34.222836>,  <24.563353, 34.030582, 34.345535>, 0.100000
	pigment { color rgbt <1,0,0,0> }
	no_shadow
}

// particle -1
sphere {
	<24.917500, 34.170315, 34.222836> 0.100000
	pigment { color rgbt <1,0,0,0> }
	no_shadow
}
sphere {
	0, 1
	scale<0.080000,0.200000,0.300000>
	matrix <0.383971, -0.921465, 0.058887,
		-0.262087, -0.169919, -0.949967,
		0.885368, 0.349326, -0.306748,
		25.183109, 34.275112, 34.130810>
	pigment { color rgbt <0,1,1,0> }
	no_shadow
}
cylinder {
	<24.747978, 33.549400, 33.730827>,  <24.563353, 34.030582, 34.345535>, 0.130000
	pigment { color rgbt <1,0,0,0> }
	no_shadow
}

// nucleotide -1

// particle -1
sphere {
	<24.747978, 33.549400, 33.730827> 0.250000
	pigment { color rgbt <1,0,0,0> }
	no_shadow
}
cylinder {
	<25.040764, 33.733177, 33.932079>,  <25.216436, 33.843445, 34.052830>, 0.100000
	pigment { color rgbt <1,0,0,0> }
	no_shadow
}
cylinder {
	<25.040764, 33.733177, 33.932079>,  <24.747978, 33.549400, 33.730827>, 0.100000
	pigment { color rgbt <1,0,0,0> }
	no_shadow
}

// particle -1
sphere {
	<25.040764, 33.733177, 33.932079> 0.100000
	pigment { color rgbt <1,0,0,0> }
	no_shadow
}
sphere {
	0, 1
	scale<0.080000,0.200000,0.300000>
	matrix <0.483932, -0.870385, 0.090780,
		0.479622, 0.177031, -0.859432,
		0.731965, 0.459446, 0.503126,
		25.260353, 33.871010, 34.083015>
	pigment { color rgbt <0,1,1,0> }
	no_shadow
}
cylinder {
	<25.388092, 33.402935, 33.360916>,  <24.747978, 33.549400, 33.730827>, 0.130000
	pigment { color rgbt <1,0,0,0> }
	no_shadow
}

// nucleotide -1

// particle -1
sphere {
	<25.388092, 33.402935, 33.360916> 0.250000
	pigment { color rgbt <1,0,0,0> }
	no_shadow
}
cylinder {
	<25.462873, 33.457771, 33.750019>,  <25.507742, 33.490673, 33.983479>, 0.100000
	pigment { color rgbt <1,0,0,0> }
	no_shadow
}
cylinder {
	<25.462873, 33.457771, 33.750019>,  <25.388092, 33.402935, 33.360916>, 0.100000
	pigment { color rgbt <1,0,0,0> }
	no_shadow
}

// particle -1
sphere {
	<25.462873, 33.457771, 33.750019> 0.100000
	pigment { color rgbt <1,0,0,0> }
	no_shadow
}
sphere {
	0, 1
	scale<0.080000,0.200000,0.300000>
	matrix <0.556306, -0.830915, 0.010188,
		0.809674, 0.539245, -0.231609,
		0.186954, 0.137095, 0.972756,
		25.518959, 33.498901, 34.041847>
	pigment { color rgbt <0,1,1,0> }
	no_shadow
}
cylinder {
	<26.165482, 33.364765, 33.561085>,  <25.388092, 33.402935, 33.360916>, 0.130000
	pigment { color rgbt <1,0,0,0> }
	no_shadow
}

// nucleotide -1

// particle -1
sphere {
	<26.165482, 33.364765, 33.561085> 0.250000
	pigment { color rgbt <1,0,0,0> }
	no_shadow
}
cylinder {
	<25.920835, 33.272343, 33.863750>,  <25.774048, 33.216888, 34.045349>, 0.100000
	pigment { color rgbt <1,0,0,0> }
	no_shadow
}
cylinder {
	<25.920835, 33.272343, 33.863750>,  <26.165482, 33.364765, 33.561085>, 0.100000
	pigment { color rgbt <1,0,0,0> }
	no_shadow
}

// particle -1
sphere {
	<25.920835, 33.272343, 33.863750> 0.100000
	pigment { color rgbt <1,0,0,0> }
	no_shadow
}
sphere {
	0, 1
	scale<0.080000,0.200000,0.300000>
	matrix <0.486694, -0.863906, 0.129600,
		0.623741, 0.447529, 0.640831,
		-0.611617, -0.231052, 0.756663,
		25.737350, 33.203026, 34.090748>
	pigment { color rgbt <0,1,1,0> }
	no_shadow
}
cylinder {
	<26.638987, 33.980026, 33.258873>,  <26.165482, 33.364765, 33.561085>, 0.130000
	pigment { color rgbt <1,0,0,0> }
	no_shadow
}

// nucleotide -1

// particle -1
sphere {
	<26.638987, 33.980026, 33.258873> 0.250000
	pigment { color rgbt <1,0,0,0> }
	no_shadow
}
cylinder {
	<26.837111, 34.249382, 33.039337>,  <26.955984, 34.410995, 32.907616>, 0.100000
	pigment { color rgbt <1,0,0,0> }
	no_shadow
}
cylinder {
	<26.837111, 34.249382, 33.039337>,  <26.638987, 33.980026, 33.258873>, 0.100000
	pigment { color rgbt <1,0,0,0> }
	no_shadow
}

// particle -1
sphere {
	<26.837111, 34.249382, 33.039337> 0.100000
	pigment { color rgbt <1,0,0,0> }
	no_shadow
}
sphere {
	0, 1
	scale<0.080000,0.200000,0.300000>
	matrix <-0.410464, -0.375398, -0.831021,
		-0.765629, 0.636890, 0.090461,
		0.495310, 0.673385, -0.548836,
		26.985704, 34.451397, 32.874687>
	pigment { color rgbt <0,1,1,0> }
	no_shadow
}
cylinder {
	<26.151672, 34.327404, 32.821884>,  <26.638987, 33.980026, 33.258873>, 0.130000
	pigment { color rgbt <1,0,0,0> }
	no_shadow
}

// nucleotide -1

// particle -1
sphere {
	<26.151672, 34.327404, 32.821884> 0.250000
	pigment { color rgbt <1,0,0,0> }
	no_shadow
}
cylinder {
	<26.514944, 34.342819, 32.655163>,  <26.732906, 34.352066, 32.555130>, 0.100000
	pigment { color rgbt <1,0,0,0> }
	no_shadow
}
cylinder {
	<26.514944, 34.342819, 32.655163>,  <26.151672, 34.327404, 32.821884>, 0.100000
	pigment { color rgbt <1,0,0,0> }
	no_shadow
}

// particle -1
sphere {
	<26.514944, 34.342819, 32.655163> 0.100000
	pigment { color rgbt <1,0,0,0> }
	no_shadow
}
sphere {
	0, 1
	scale<0.080000,0.200000,0.300000>
	matrix <-0.398182, -0.227551, -0.888635,
		-0.129088, 0.973003, -0.191313,
		0.908178, 0.038535, -0.416806,
		26.787397, 34.354382, 32.530121>
	pigment { color rgbt <0,1,1,0> }
	no_shadow
}
cylinder {
	<26.097105, 34.774826, 32.150673>,  <26.151672, 34.327404, 32.821884>, 0.130000
	pigment { color rgbt <1,0,0,0> }
	no_shadow
}

// nucleotide -1

// particle -1
sphere {
	<26.097105, 34.774826, 32.150673> 0.250000
	pigment { color rgbt <1,0,0,0> }
	no_shadow
}
cylinder {
	<26.419958, 34.539177, 32.135326>,  <26.613670, 34.397789, 32.126118>, 0.100000
	pigment { color rgbt <1,0,0,0> }
	no_shadow
}
cylinder {
	<26.419958, 34.539177, 32.135326>,  <26.097105, 34.774826, 32.150673>, 0.100000
	pigment { color rgbt <1,0,0,0> }
	no_shadow
}

// particle -1
sphere {
	<26.419958, 34.539177, 32.135326> 0.100000
	pigment { color rgbt <1,0,0,0> }
	no_shadow
}
sphere {
	0, 1
	scale<0.080000,0.200000,0.300000>
	matrix <-0.210675, -0.226711, -0.950904,
		0.551502, 0.775588, -0.307099,
		0.807132, -0.589123, -0.038365,
		26.662098, 34.362438, 32.123817>
	pigment { color rgbt <0,1,1,0> }
	no_shadow
}
cylinder {
	<26.364086, 34.924065, 31.568151>,  <26.097105, 34.774826, 32.150673>, 0.130000
	pigment { color rgbt <1,0,0,0> }
	no_shadow
}

// nucleotide -1

// particle -1
sphere {
	<26.364086, 34.924065, 31.568151> 0.250000
	pigment { color rgbt <1,0,0,0> }
	no_shadow
}
cylinder {
	<26.532175, 34.572868, 31.659847>,  <26.633028, 34.362152, 31.714865>, 0.100000
	pigment { color rgbt <1,0,0,0> }
	no_shadow
}
cylinder {
	<26.532175, 34.572868, 31.659847>,  <26.364086, 34.924065, 31.568151>, 0.100000
	pigment { color rgbt <1,0,0,0> }
	no_shadow
}

// particle -1
sphere {
	<26.532175, 34.572868, 31.659847> 0.100000
	pigment { color rgbt <1,0,0,0> }
	no_shadow
}
sphere {
	0, 1
	scale<0.080000,0.200000,0.300000>
	matrix <-0.234625, -0.349166, -0.907212,
		0.876564, 0.327445, -0.352725,
		0.420221, -0.877988, 0.229240,
		26.658241, 34.309471, 31.728619>
	pigment { color rgbt <0,1,1,0> }
	no_shadow
}
cylinder {
	<26.798708, 34.754700, 31.044102>,  <26.364086, 34.924065, 31.568151>, 0.130000
	pigment { color rgbt <1,0,0,0> }
	no_shadow
}

// nucleotide -1

// particle -1
sphere {
	<26.798708, 34.754700, 31.044102> 0.250000
	pigment { color rgbt <1,0,0,0> }
	no_shadow
}
cylinder {
	<26.761946, 34.395897, 31.217043>,  <26.739889, 34.180614, 31.320808>, 0.100000
	pigment { color rgbt <1,0,0,0> }
	no_shadow
}
cylinder {
	<26.761946, 34.395897, 31.217043>,  <26.798708, 34.754700, 31.044102>, 0.100000
	pigment { color rgbt <1,0,0,0> }
	no_shadow
}

// particle -1
sphere {
	<26.761946, 34.395897, 31.217043> 0.100000
	pigment { color rgbt <1,0,0,0> }
	no_shadow
}
sphere {
	0, 1
	scale<0.080000,0.200000,0.300000>
	matrix <-0.142272, -0.417909, -0.897279,
		0.985552, -0.143977, -0.089211,
		-0.091905, -0.897007, 0.432355,
		26.734375, 34.126793, 31.346750>
	pigment { color rgbt <0,1,1,0> }
	no_shadow
}
cylinder {
	<27.225269, 34.282188, 30.758093>,  <26.798708, 34.754700, 31.044102>, 0.130000
	pigment { color rgbt <1,0,0,0> }
	no_shadow
}

// nucleotide -1

// particle -1
sphere {
	<27.225269, 34.282188, 30.758093> 0.250000
	pigment { color rgbt <1,0,0,0> }
	no_shadow
}
cylinder {
	<26.945913, 34.047832, 30.922522>,  <26.778299, 33.907219, 31.021179>, 0.100000
	pigment { color rgbt <1,0,0,0> }
	no_shadow
}
cylinder {
	<26.945913, 34.047832, 30.922522>,  <27.225269, 34.282188, 30.758093>, 0.100000
	pigment { color rgbt <1,0,0,0> }
	no_shadow
}

// particle -1
sphere {
	<26.945913, 34.047832, 30.922522> 0.100000
	pigment { color rgbt <1,0,0,0> }
	no_shadow
}
sphere {
	0, 1
	scale<0.080000,0.200000,0.300000>
	matrix <-0.308288, -0.272078, -0.911555,
		0.645918, -0.763349, 0.009393,
		-0.698390, -0.585894, 0.411072,
		26.736397, 33.872063, 31.045843>
	pigment { color rgbt <0,1,1,0> }
	no_shadow
}
cylinder {
	<27.153742, 33.739243, 30.308455>,  <27.225269, 34.282188, 30.758093>, 0.130000
	pigment { color rgbt <1,0,0,0> }
	no_shadow
}

// nucleotide -1

// particle -1
sphere {
	<27.153742, 33.739243, 30.308455> 0.250000
	pigment { color rgbt <1,0,0,0> }
	no_shadow
}
cylinder {
	<26.814970, 33.703671, 30.518141>,  <26.611708, 33.682327, 30.643953>, 0.100000
	pigment { color rgbt <1,0,0,0> }
	no_shadow
}
cylinder {
	<26.814970, 33.703671, 30.518141>,  <27.153742, 33.739243, 30.308455>, 0.100000
	pigment { color rgbt <1,0,0,0> }
	no_shadow
}

// particle -1
sphere {
	<26.814970, 33.703671, 30.518141> 0.100000
	pigment { color rgbt <1,0,0,0> }
	no_shadow
}
sphere {
	0, 1
	scale<0.080000,0.200000,0.300000>
	matrix <-0.411591, -0.514504, -0.752249,
		0.336606, -0.852864, 0.399148,
		-0.846929, -0.088926, 0.524217,
		26.560892, 33.676994, 30.675406>
	pigment { color rgbt <0,1,1,0> }
	no_shadow
}
cylinder {
	<26.991171, 33.089745, 30.240818>,  <27.153742, 33.739243, 30.308455>, 0.130000
	pigment { color rgbt <1,0,0,0> }
	no_shadow
}

// nucleotide -1

// particle -1
sphere {
	<26.991171, 33.089745, 30.240818> 0.250000
	pigment { color rgbt <1,0,0,0> }
	no_shadow
}
cylinder {
	<26.650095, 33.267010, 30.351477>,  <26.445450, 33.373367, 30.417871>, 0.100000
	pigment { color rgbt <1,0,0,0> }
	no_shadow
}
cylinder {
	<26.650095, 33.267010, 30.351477>,  <26.991171, 33.089745, 30.240818>, 0.100000
	pigment { color rgbt <1,0,0,0> }
	no_shadow
}

// particle -1
sphere {
	<26.650095, 33.267010, 30.351477> 0.100000
	pigment { color rgbt <1,0,0,0> }
	no_shadow
}
sphere {
	0, 1
	scale<0.080000,0.200000,0.300000>
	matrix <-0.442109, -0.330010, -0.834046,
		-0.278324, -0.833486, 0.477322,
		-0.852687, 0.443164, 0.276642,
		26.394289, 33.399960, 30.434469>
	pigment { color rgbt <0,1,1,0> }
	no_shadow
}
cylinder {
	<26.490437, 32.569977, 30.207848>,  <26.991171, 33.089745, 30.240818>, 0.130000
	pigment { color rgbt <1,0,0,0> }
	no_shadow
}

// nucleotide -1

// particle -1
sphere {
	<26.490437, 32.569977, 30.207848> 0.250000
	pigment { color rgbt <1,0,0,0> }
	no_shadow
}
cylinder {
	<26.310581, 32.925259, 30.170059>,  <26.202667, 33.138428, 30.147387>, 0.100000
	pigment { color rgbt <1,0,0,0> }
	no_shadow
}
cylinder {
	<26.310581, 32.925259, 30.170059>,  <26.490437, 32.569977, 30.207848>, 0.100000
	pigment { color rgbt <1,0,0,0> }
	no_shadow
}

// particle -1
sphere {
	<26.310581, 32.925259, 30.170059> 0.100000
	pigment { color rgbt <1,0,0,0> }
	no_shadow
}
sphere {
	0, 1
	scale<0.080000,0.200000,0.300000>
	matrix <-0.386869, -0.288987, -0.875682,
		-0.805082, -0.357194, 0.473557,
		-0.449640, 0.888200, -0.094471,
		26.175690, 33.191719, 30.141718>
	pigment { color rgbt <0,1,1,0> }
	no_shadow
}
cylinder {
	<25.764921, 32.491806, 30.121679>,  <26.490437, 32.569977, 30.207848>, 0.130000
	pigment { color rgbt <1,0,0,0> }
	no_shadow
}

// nucleotide -1

// particle -1
sphere {
	<25.764921, 32.491806, 30.121679> 0.250000
	pigment { color rgbt <1,0,0,0> }
	no_shadow
}
cylinder {
	<25.879850, 32.838326, 29.958229>,  <25.948809, 33.046238, 29.860159>, 0.100000
	pigment { color rgbt <1,0,0,0> }
	no_shadow
}
cylinder {
	<25.879850, 32.838326, 29.958229>,  <25.764921, 32.491806, 30.121679>, 0.100000
	pigment { color rgbt <1,0,0,0> }
	no_shadow
}

// particle -1
sphere {
	<25.879850, 32.838326, 29.958229> 0.100000
	pigment { color rgbt <1,0,0,0> }
	no_shadow
}
sphere {
	0, 1
	scale<0.080000,0.200000,0.300000>
	matrix <-0.356743, -0.299132, -0.885017,
		-0.888920, 0.400061, 0.223097,
		0.287325, 0.866297, -0.408624,
		25.966047, 33.098213, 29.835642>
	pigment { color rgbt <0,1,1,0> }
	no_shadow
}
cylinder {
	<25.225462, 32.628807, 29.535803>,  <25.764921, 32.491806, 30.121679>, 0.130000
	pigment { color rgbt <1,0,0,0> }
	no_shadow
}

// nucleotide -1

// particle -1
sphere {
	<25.225462, 32.628807, 29.535803> 0.250000
	pigment { color rgbt <1,0,0,0> }
	no_shadow
}
cylinder {
	<25.512835, 32.899689, 29.472239>,  <25.685259, 33.062218, 29.434099>, 0.100000
	pigment { color rgbt <1,0,0,0> }
	no_shadow
}
cylinder {
	<25.512835, 32.899689, 29.472239>,  <25.225462, 32.628807, 29.535803>, 0.100000
	pigment { color rgbt <1,0,0,0> }
	no_shadow
}

// particle -1
sphere {
	<25.512835, 32.899689, 29.472239> 0.100000
	pigment { color rgbt <1,0,0,0> }
	no_shadow
}
sphere {
	0, 1
	scale<0.080000,0.200000,0.300000>
	matrix <-0.207291, -0.009642, -0.978232,
		-0.663992, 0.735735, 0.133450,
		0.718433, 0.677201, -0.158913,
		25.728365, 33.102848, 29.424564>
	pigment { color rgbt <0,1,1,0> }
	no_shadow
}
cylinder {
	<24.918222, 33.122845, 29.149443>,  <25.225462, 32.628807, 29.535803>, 0.130000
	pigment { color rgbt <1,0,0,0> }
	no_shadow
}

// nucleotide -1

// particle -1
sphere {
	<24.918222, 33.122845, 29.149443> 0.250000
	pigment { color rgbt <1,0,0,0> }
	no_shadow
}
cylinder {
	<25.310192, 33.179207, 29.093019>,  <25.545374, 33.213024, 29.059166>, 0.100000
	pigment { color rgbt <1,0,0,0> }
	no_shadow
}
cylinder {
	<25.310192, 33.179207, 29.093019>,  <24.918222, 33.122845, 29.149443>, 0.100000
	pigment { color rgbt <1,0,0,0> }
	no_shadow
}

// particle -1
sphere {
	<25.310192, 33.179207, 29.093019> 0.100000
	pigment { color rgbt <1,0,0,0> }
	no_shadow
}
sphere {
	0, 1
	scale<0.080000,0.200000,0.300000>
	matrix <-0.155896, 0.100472, -0.982650,
		-0.124287, 0.984912, 0.120421,
		0.979923, 0.140903, -0.141056,
		25.604170, 33.221478, 29.050703>
	pigment { color rgbt <0,1,1,0> }
	no_shadow
}
cylinder {
	<24.945972, 33.755707, 28.793365>,  <24.918222, 33.122845, 29.149443>, 0.130000
	pigment { color rgbt <1,0,0,0> }
	no_shadow
}

// nucleotide -1

// particle -1
sphere {
	<24.945972, 33.755707, 28.793365> 0.250000
	pigment { color rgbt <1,0,0,0> }
	no_shadow
}
cylinder {
	<25.309828, 33.605209, 28.722940>,  <25.528141, 33.514912, 28.680685>, 0.100000
	pigment { color rgbt <1,0,0,0> }
	no_shadow
}
cylinder {
	<25.309828, 33.605209, 28.722940>,  <24.945972, 33.755707, 28.793365>, 0.100000
	pigment { color rgbt <1,0,0,0> }
	no_shadow
}

// particle -1
sphere {
	<25.309828, 33.605209, 28.722940> 0.100000
	pigment { color rgbt <1,0,0,0> }
	no_shadow
}
sphere {
	0, 1
	scale<0.080000,0.200000,0.300000>
	matrix <-0.146242, 0.106655, -0.983483,
		0.388802, 0.920364, 0.041996,
		0.909641, -0.376239, -0.176063,
		25.582720, 33.492336, 28.670122>
	pigment { color rgbt <0,1,1,0> }
	no_shadow
}
cylinder {
	<25.364891, 34.245670, 28.451164>,  <24.945972, 33.755707, 28.793365>, 0.130000
	pigment { color rgbt <1,0,0,0> }
	no_shadow
}

// nucleotide -1

// particle -1
sphere {
	<25.364891, 34.245670, 28.451164> 0.250000
	pigment { color rgbt <1,0,0,0> }
	no_shadow
}
cylinder {
	<25.514124, 33.888111, 28.351767>,  <25.603664, 33.673576, 28.292128>, 0.100000
	pigment { color rgbt <1,0,0,0> }
	no_shadow
}
cylinder {
	<25.514124, 33.888111, 28.351767>,  <25.364891, 34.245670, 28.451164>, 0.100000
	pigment { color rgbt <1,0,0,0> }
	no_shadow
}

// particle -1
sphere {
	<25.514124, 33.888111, 28.351767> 0.100000
	pigment { color rgbt <1,0,0,0> }
	no_shadow
}
sphere {
	0, 1
	scale<0.080000,0.200000,0.300000>
	matrix <-0.219343, 0.175259, -0.959778,
		0.901498, 0.412581, -0.130685,
		0.373082, -0.893902, -0.248492,
		25.626049, 33.619942, 28.277220>
	pigment { color rgbt <0,1,1,0> }
	no_shadow
}
cylinder {
	<25.738550, 34.438858, 27.904413>,  <25.364891, 34.245670, 28.451164>, 0.130000
	pigment { color rgbt <1,0,0,0> }
	no_shadow
}

// nucleotide -1

// particle -1
sphere {
	<25.738550, 34.438858, 27.904413> 0.250000
	pigment { color rgbt <1,0,0,0> }
	no_shadow
}
cylinder {
	<25.682013, 34.042900, 27.899763>,  <25.648090, 33.805325, 27.896973>, 0.100000
	pigment { color rgbt <1,0,0,0> }
	no_shadow
}
cylinder {
	<25.682013, 34.042900, 27.899763>,  <25.738550, 34.438858, 27.904413>, 0.100000
	pigment { color rgbt <1,0,0,0> }
	no_shadow
}

// particle -1
sphere {
	<25.682013, 34.042900, 27.899763> 0.100000
	pigment { color rgbt <1,0,0,0> }
	no_shadow
}
sphere {
	0, 1
	scale<0.080000,0.200000,0.300000>
	matrix <-0.065077, 0.021007, -0.997659,
		0.987819, -0.140259, -0.067388,
		-0.141346, -0.989892, -0.011623,
		25.639608, 33.745934, 27.896276>
	pigment { color rgbt <0,1,1,0> }
	no_shadow
}
cylinder {
	<26.207811, 34.182144, 27.478828>,  <25.738550, 34.438858, 27.904413>, 0.130000
	pigment { color rgbt <1,0,0,0> }
	no_shadow
}

// nucleotide -1

// particle -1
sphere {
	<26.207811, 34.182144, 27.478828> 0.250000
	pigment { color rgbt <1,0,0,0> }
	no_shadow
}
cylinder {
	<25.962118, 33.866543, 27.473232>,  <25.814701, 33.677181, 27.469873>, 0.100000
	pigment { color rgbt <1,0,0,0> }
	no_shadow
}
cylinder {
	<25.962118, 33.866543, 27.473232>,  <26.207811, 34.182144, 27.478828>, 0.100000
	pigment { color rgbt <1,0,0,0> }
	no_shadow
}

// particle -1
sphere {
	<25.962118, 33.866543, 27.473232> 0.100000
	pigment { color rgbt <1,0,0,0> }
	no_shadow
}
sphere {
	0, 1
	scale<0.080000,0.200000,0.300000>
	matrix <-0.069357, 0.071640, -0.995016,
		0.786070, -0.610202, -0.098726,
		-0.614234, -0.789000, -0.013992,
		25.777847, 33.629845, 27.469034>
	pigment { color rgbt <0,1,1,0> }
	no_shadow
}
cylinder {
	<26.446156, 33.841148, 26.927794>,  <26.207811, 34.182144, 27.478828>, 0.130000
	pigment { color rgbt <1,0,0,0> }
	no_shadow
}

// nucleotide -1

// particle -1
sphere {
	<26.446156, 33.841148, 26.927794> 0.250000
	pigment { color rgbt <1,0,0,0> }
	no_shadow
}
cylinder {
	<26.067600, 33.722206, 26.978273>,  <25.840467, 33.650841, 27.008560>, 0.100000
	pigment { color rgbt <1,0,0,0> }
	no_shadow
}
cylinder {
	<26.067600, 33.722206, 26.978273>,  <26.446156, 33.841148, 26.927794>, 0.100000
	pigment { color rgbt <1,0,0,0> }
	no_shadow
}

// particle -1
sphere {
	<26.067600, 33.722206, 26.978273> 0.100000
	pigment { color rgbt <1,0,0,0> }
	no_shadow
}
sphere {
	0, 1
	scale<0.080000,0.200000,0.300000>
	matrix <-0.141031, 0.028875, -0.989584,
		0.290615, -0.954330, -0.069263,
		-0.946390, -0.297356, 0.126198,
		25.783684, 33.632999, 27.016132>
	pigment { color rgbt <0,1,1,0> }
	no_shadow
}
cylinder {
	<26.314213, 33.281277, 26.485878>,  <26.446156, 33.841148, 26.927794>, 0.130000
	pigment { color rgbt <1,0,0,0> }
	no_shadow
}

// nucleotide -1

// particle -1
sphere {
	<26.314213, 33.281277, 26.485878> 0.250000
	pigment { color rgbt <1,0,0,0> }
	no_shadow
}
cylinder {
	<25.971952, 33.465912, 26.579514>,  <25.766596, 33.576694, 26.635695>, 0.100000
	pigment { color rgbt <1,0,0,0> }
	no_shadow
}
cylinder {
	<25.971952, 33.465912, 26.579514>,  <26.314213, 33.281277, 26.485878>, 0.100000
	pigment { color rgbt <1,0,0,0> }
	no_shadow
}

// particle -1
sphere {
	<25.971952, 33.465912, 26.579514> 0.100000
	pigment { color rgbt <1,0,0,0> }
	no_shadow
}
sphere {
	0, 1
	scale<0.080000,0.200000,0.300000>
	matrix <-0.150226, 0.211315, -0.965804,
		-0.495274, -0.861556, -0.111469,
		-0.855649, 0.461592, 0.234087,
		25.715258, 33.604389, 26.649740>
	pigment { color rgbt <0,1,1,0> }
	no_shadow
}
cylinder {
	<25.916969, 33.133572, 25.898706>,  <26.314213, 33.281277, 26.485878>, 0.130000
	pigment { color rgbt <1,0,0,0> }
	no_shadow
}

// nucleotide -1

// particle -1
sphere {
	<25.916969, 33.133572, 25.898706> 0.250000
	pigment { color rgbt <1,0,0,0> }
	no_shadow
}
cylinder {
	<25.709251, 33.427876, 26.072598>,  <25.584621, 33.604458, 26.176933>, 0.100000
	pigment { color rgbt <1,0,0,0> }
	no_shadow
}
cylinder {
	<25.709251, 33.427876, 26.072598>,  <25.916969, 33.133572, 25.898706>, 0.100000
	pigment { color rgbt <1,0,0,0> }
	no_shadow
}

// particle -1
sphere {
	<25.709251, 33.427876, 26.072598> 0.100000
	pigment { color rgbt <1,0,0,0> }
	no_shadow
}
sphere {
	0, 1
	scale<0.080000,0.200000,0.300000>
	matrix <-0.380104, 0.256757, -0.888593,
		-0.765413, -0.626681, 0.146334,
		-0.519292, 0.735762, 0.434729,
		25.553463, 33.648605, 26.203016>
	pigment { color rgbt <0,1,1,0> }
	no_shadow
}
cylinder {
	<25.295525, 33.198265, 25.587231>,  <25.916969, 33.133572, 25.898706>, 0.130000
	pigment { color rgbt <1,0,0,0> }
	no_shadow
}

// nucleotide -1

// particle -1
sphere {
	<25.295525, 33.198265, 25.587231> 0.250000
	pigment { color rgbt <1,0,0,0> }
	no_shadow
}
cylinder {
	<25.268757, 33.557419, 25.761276>,  <25.252697, 33.772911, 25.865704>, 0.100000
	pigment { color rgbt <1,0,0,0> }
	no_shadow
}
cylinder {
	<25.268757, 33.557419, 25.761276>,  <25.295525, 33.198265, 25.587231>, 0.100000
	pigment { color rgbt <1,0,0,0> }
	no_shadow
}

// particle -1
sphere {
	<25.268757, 33.557419, 25.761276> 0.100000
	pigment { color rgbt <1,0,0,0> }
	no_shadow
}
sphere {
	0, 1
	scale<0.080000,0.200000,0.300000>
	matrix <-0.554377, 0.329120, -0.764426,
		-0.829571, -0.292370, 0.475743,
		-0.066918, 0.897887, 0.435112,
		25.248682, 33.826786, 25.891809>
	pigment { color rgbt <0,1,1,0> }
	no_shadow
}
cylinder {
	<24.826685, 32.597225, 25.688168>,  <25.295525, 33.198265, 25.587231>, 0.130000
	pigment { color rgbt <1,0,0,0> }
	no_shadow
}

// nucleotide -1

// particle -1
sphere {
	<24.826685, 32.597225, 25.688168> 0.250000
	pigment { color rgbt <1,0,0,0> }
	no_shadow
}
cylinder {
	<24.564127, 32.456421, 25.421265>,  <24.406591, 32.371937, 25.261124>, 0.100000
	pigment { color rgbt <1,0,0,0> }
	no_shadow
}
cylinder {
	<24.564127, 32.456421, 25.421265>,  <24.826685, 32.597225, 25.688168>, 0.100000
	pigment { color rgbt <1,0,0,0> }
	no_shadow
}

// particle -1
sphere {
	<24.564127, 32.456421, 25.421265> 0.100000
	pigment { color rgbt <1,0,0,0> }
	no_shadow
}
sphere {
	0, 1
	scale<0.080000,0.200000,0.300000>
	matrix <0.579192, -0.801877, -0.146731,
		-0.483405, -0.482782, 0.730233,
		-0.656396, -0.352015, -0.667255,
		24.367208, 32.350815, 25.221088>
	pigment { color rgbt <0,1,1,0> }
	no_shadow
}
cylinder {
	<24.567957, 31.898754, 25.783857>,  <24.826685, 32.597225, 25.688168>, 0.130000
	pigment { color rgbt <1,0,0,0> }
	no_shadow
}

// nucleotide -1

// particle -1
sphere {
	<24.567957, 31.898754, 25.783857> 0.250000
	pigment { color rgbt <1,0,0,0> }
	no_shadow
}
cylinder {
	<24.571112, 31.989849, 25.394381>,  <24.573004, 32.044506, 25.160694>, 0.100000
	pigment { color rgbt <1,0,0,0> }
	no_shadow
}
cylinder {
	<24.571112, 31.989849, 25.394381>,  <24.567957, 31.898754, 25.783857>, 0.100000
	pigment { color rgbt <1,0,0,0> }
	no_shadow
}

// particle -1
sphere {
	<24.571112, 31.989849, 25.394381> 0.100000
	pigment { color rgbt <1,0,0,0> }
	no_shadow
}
sphere {
	0, 1
	scale<0.080000,0.200000,0.300000>
	matrix <0.618894, -0.765930, -0.174133,
		-0.785435, -0.601238, -0.146986,
		0.007886, 0.227739, -0.973690,
		24.573477, 32.058170, 25.102274>
	pigment { color rgbt <0,1,1,0> }
	no_shadow
}
cylinder {
	<24.373192, 31.269279, 25.386789>,  <24.567957, 31.898754, 25.783857>, 0.130000
	pigment { color rgbt <1,0,0,0> }
	no_shadow
}

// nucleotide -1

// particle -1
sphere {
	<24.373192, 31.269279, 25.386789> 0.250000
	pigment { color rgbt <1,0,0,0> }
	no_shadow
}
cylinder {
	<24.593176, 31.490883, 25.136791>,  <24.725166, 31.623844, 24.986792>, 0.100000
	pigment { color rgbt <1,0,0,0> }
	no_shadow
}
cylinder {
	<24.593176, 31.490883, 25.136791>,  <24.373192, 31.269279, 25.386789>, 0.100000
	pigment { color rgbt <1,0,0,0> }
	no_shadow
}

// particle -1
sphere {
	<24.593176, 31.490883, 25.136791> 0.100000
	pigment { color rgbt <1,0,0,0> }
	no_shadow
}
sphere {
	0, 1
	scale<0.080000,0.200000,0.300000>
	matrix <0.640900, -0.759771, -0.109521,
		-0.535529, -0.340328, -0.772907,
		0.549960, 0.554008, -0.624995,
		24.758163, 31.657085, 24.949293>
	pigment { color rgbt <0,1,1,0> }
	no_shadow
}
cylinder {
	<24.621588, 30.873325, 24.785290>,  <24.373192, 31.269279, 25.386789>, 0.130000
	pigment { color rgbt <1,0,0,0> }
	no_shadow
}

// nucleotide -1

// particle -1
sphere {
	<24.621588, 30.873325, 24.785290> 0.250000
	pigment { color rgbt <1,0,0,0> }
	no_shadow
}
cylinder {
	<24.885008, 31.163319, 24.865999>,  <25.043060, 31.337315, 24.914425>, 0.100000
	pigment { color rgbt <1,0,0,0> }
	no_shadow
}
cylinder {
	<24.885008, 31.163319, 24.865999>,  <24.621588, 30.873325, 24.785290>, 0.100000
	pigment { color rgbt <1,0,0,0> }
	no_shadow
}

// particle -1
sphere {
	<24.885008, 31.163319, 24.865999> 0.100000
	pigment { color rgbt <1,0,0,0> }
	no_shadow
}
sphere {
	0, 1
	scale<0.080000,0.200000,0.300000>
	matrix <0.749965, -0.654418, -0.096379,
		0.062171, 0.214793, -0.974679,
		0.658549, 0.724983, 0.201773,
		25.082573, 31.380814, 24.926531>
	pigment { color rgbt <0,1,1,0> }
	no_shadow
}
cylinder {
	<25.154709, 30.992769, 24.222155>,  <24.621588, 30.873325, 24.785290>, 0.130000
	pigment { color rgbt <1,0,0,0> }
	no_shadow
}

// nucleotide -1

// particle -1
sphere {
	<25.154709, 30.992769, 24.222155> 0.250000
	pigment { color rgbt <1,0,0,0> }
	no_shadow
}
cylinder {
	<25.317833, 31.126249, 24.562117>,  <25.415707, 31.206337, 24.766094>, 0.100000
	pigment { color rgbt <1,0,0,0> }
	no_shadow
}
cylinder {
	<25.317833, 31.126249, 24.562117>,  <25.154709, 30.992769, 24.222155>, 0.100000
	pigment { color rgbt <1,0,0,0> }
	no_shadow
}

// particle -1
sphere {
	<25.317833, 31.126249, 24.562117> 0.100000
	pigment { color rgbt <1,0,0,0> }
	no_shadow
}
sphere {
	0, 1
	scale<0.080000,0.200000,0.300000>
	matrix <0.794081, -0.589080, -0.149730,
		0.450697, 0.735954, -0.505217,
		0.407808, 0.333701, 0.849904,
		25.440176, 31.226360, 24.817087>
	pigment { color rgbt <0,1,1,0> }
	no_shadow
}
cylinder {
	<25.775711, 30.759684, 23.764841>,  <25.154709, 30.992769, 24.222155>, 0.130000
	pigment { color rgbt <1,0,0,0> }
	no_shadow
}

// nucleotide -1

// particle -1
sphere {
	<25.775711, 30.759684, 23.764841> 0.250000
	pigment { color rgbt <1,0,0,0> }
	no_shadow
}
cylinder {
	<25.972975, 31.047422, 23.569155>,  <26.091333, 31.220066, 23.451742>, 0.100000
	pigment { color rgbt <1,0,0,0> }
	no_shadow
}
cylinder {
	<25.972975, 31.047422, 23.569155>,  <25.775711, 30.759684, 23.764841>, 0.100000
	pigment { color rgbt <1,0,0,0> }
	no_shadow
}

// particle -1
sphere {
	<25.972975, 31.047422, 23.569155> 0.100000
	pigment { color rgbt <1,0,0,0> }
	no_shadow
}
sphere {
	0, 1
	scale<0.080000,0.200000,0.300000>
	matrix <0.646103, 0.073704, 0.759683,
		0.582534, -0.690729, -0.428425,
		0.493159, 0.719348, -0.489217,
		26.120922, 31.263227, 23.422390>
	pigment { color rgbt <0,1,1,0> }
	no_shadow
}
cylinder {
	<26.480520, 30.467979, 23.791695>,  <25.775711, 30.759684, 23.764841>, 0.130000
	pigment { color rgbt <1,0,0,0> }
	no_shadow
}

// nucleotide -1

// particle -1
sphere {
	<26.480520, 30.467979, 23.791695> 0.250000
	pigment { color rgbt <1,0,0,0> }
	no_shadow
}
cylinder {
	<26.404078, 30.860186, 23.773493>,  <26.358212, 31.095509, 23.762571>, 0.100000
	pigment { color rgbt <1,0,0,0> }
	no_shadow
}
cylinder {
	<26.404078, 30.860186, 23.773493>,  <26.480520, 30.467979, 23.791695>, 0.100000
	pigment { color rgbt <1,0,0,0> }
	no_shadow
}

// particle -1
sphere {
	<26.404078, 30.860186, 23.773493> 0.100000
	pigment { color rgbt <1,0,0,0> }
	no_shadow
}
sphere {
	0, 1
	scale<0.080000,0.200000,0.300000>
	matrix <0.545455, 0.144625, 0.825568,
		0.816061, 0.132953, -0.562465,
		-0.191108, 0.980514, -0.045503,
		26.346745, 31.154339, 23.759842>
	pigment { color rgbt <0,1,1,0> }
	no_shadow
}
cylinder {
	<27.071745, 30.792370, 24.112480>,  <26.480520, 30.467979, 23.791695>, 0.130000
	pigment { color rgbt <1,0,0,0> }
	no_shadow
}

// nucleotide -1

// particle -1
sphere {
	<27.071745, 30.792370, 24.112480> 0.250000
	pigment { color rgbt <1,0,0,0> }
	no_shadow
}
cylinder {
	<26.797483, 31.076000, 24.178324>,  <26.632927, 31.246178, 24.217831>, 0.100000
	pigment { color rgbt <1,0,0,0> }
	no_shadow
}
cylinder {
	<26.797483, 31.076000, 24.178324>,  <27.071745, 30.792370, 24.112480>, 0.100000
	pigment { color rgbt <1,0,0,0> }
	no_shadow
}

// particle -1
sphere {
	<26.797483, 31.076000, 24.178324> 0.100000
	pigment { color rgbt <1,0,0,0> }
	no_shadow
}
sphere {
	0, 1
	scale<0.080000,0.200000,0.300000>
	matrix <0.438513, 0.221849, 0.870913,
		0.581023, 0.669326, -0.463049,
		-0.685652, 0.709074, 0.164609,
		26.591787, 31.288723, 24.227707>
	pigment { color rgbt <0,1,1,0> }
	no_shadow
}
cylinder {
	<27.350969, 31.404898, 24.209301>,  <27.071745, 30.792370, 24.112480>, 0.130000
	pigment { color rgbt <1,0,0,0> }
	no_shadow
}

// nucleotide -1

// particle -1
sphere {
	<27.350969, 31.404898, 24.209301> 0.250000
	pigment { color rgbt <1,0,0,0> }
	no_shadow
}
cylinder {
	<26.998079, 31.416422, 24.397278>,  <26.786345, 31.423336, 24.510063>, 0.100000
	pigment { color rgbt <1,0,0,0> }
	no_shadow
}
cylinder {
	<26.998079, 31.416422, 24.397278>,  <27.350969, 31.404898, 24.209301>, 0.100000
	pigment { color rgbt <1,0,0,0> }
	no_shadow
}

// particle -1
sphere {
	<26.998079, 31.416422, 24.397278> 0.100000
	pigment { color rgbt <1,0,0,0> }
	no_shadow
}
sphere {
	0, 1
	scale<0.080000,0.200000,0.300000>
	matrix <0.459804, 0.267415, 0.846800,
		-0.101271, 0.963151, -0.249169,
		-0.882227, 0.028812, 0.469942,
		26.733412, 31.425066, 24.538260>
	pigment { color rgbt <0,1,1,0> }
	no_shadow
}
cylinder {
	<27.955315, 31.814013, 23.754549>,  <27.350969, 31.404898, 24.209301>, 0.130000
	pigment { color rgbt <1,0,0,0> }
	no_shadow
}

// nucleotide -1

// particle -1
sphere {
	<27.955315, 31.814013, 23.754549> 0.250000
	pigment { color rgbt <1,0,0,0> }
	no_shadow
}
cylinder {
	<27.964239, 32.208664, 23.689970>,  <27.969595, 32.445454, 23.651222>, 0.100000
	pigment { color rgbt <1,0,0,0> }
	no_shadow
}
cylinder {
	<27.964239, 32.208664, 23.689970>,  <27.955315, 31.814013, 23.754549>, 0.100000
	pigment { color rgbt <1,0,0,0> }
	no_shadow
}

// particle -1
sphere {
	<27.964239, 32.208664, 23.689970> 0.100000
	pigment { color rgbt <1,0,0,0> }
	no_shadow
}
sphere {
	0, 1
	scale<0.080000,0.200000,0.300000>
	matrix <0.295535, 0.147759, 0.943836,
		0.955071, -0.068773, -0.288286,
		0.022313, 0.986629, -0.161445,
		27.970934, 32.504654, 23.641537>
	pigment { color rgbt <0,1,1,0> }
	no_shadow
}
cylinder {
	<28.325327, 32.020500, 24.305294>,  <27.955315, 31.814013, 23.754549>, 0.130000
	pigment { color rgbt <1,0,0,0> }
	no_shadow
}

// nucleotide -1

// particle -1
sphere {
	<28.325327, 32.020500, 24.305294> 0.250000
	pigment { color rgbt <1,0,0,0> }
	no_shadow
}
cylinder {
	<28.179609, 32.367210, 24.169069>,  <28.092178, 32.575237, 24.087334>, 0.100000
	pigment { color rgbt <1,0,0,0> }
	no_shadow
}
cylinder {
	<28.179609, 32.367210, 24.169069>,  <28.325327, 32.020500, 24.305294>, 0.100000
	pigment { color rgbt <1,0,0,0> }
	no_shadow
}

// particle -1
sphere {
	<28.179609, 32.367210, 24.169069> 0.100000
	pigment { color rgbt <1,0,0,0> }
	no_shadow
}
sphere {
	0, 1
	scale<0.080000,0.200000,0.300000>
	matrix <0.224891, 0.436746, 0.871021,
		0.903722, 0.240719, -0.354035,
		-0.364295, 0.866780, -0.340562,
		28.070320, 32.627243, 24.066900>
	pigment { color rgbt <0,1,1,0> }
	no_shadow
}
cylinder {
	<28.815994, 32.612240, 24.351072>,  <28.325327, 32.020500, 24.305294>, 0.130000
	pigment { color rgbt <1,0,0,0> }
	no_shadow
}

// nucleotide -1

// particle -1
sphere {
	<28.815994, 32.612240, 24.351072> 0.250000
	pigment { color rgbt <1,0,0,0> }
	no_shadow
}
cylinder {
	<28.442017, 32.751762, 24.377054>,  <28.217630, 32.835476, 24.392643>, 0.100000
	pigment { color rgbt <1,0,0,0> }
	no_shadow
}
cylinder {
	<28.442017, 32.751762, 24.377054>,  <28.815994, 32.612240, 24.351072>, 0.100000
	pigment { color rgbt <1,0,0,0> }
	no_shadow
}

// particle -1
sphere {
	<28.442017, 32.751762, 24.377054> 0.100000
	pigment { color rgbt <1,0,0,0> }
	no_shadow
}
sphere {
	0, 1
	scale<0.080000,0.200000,0.300000>
	matrix <0.241989, 0.493014, 0.835690,
		0.259470, 0.797040, -0.545347,
		-0.934942, 0.348804, 0.064953,
		28.161533, 32.856403, 24.396540>
	pigment { color rgbt <0,1,1,0> }
	no_shadow
}
cylinder {
	<28.909977, 33.236431, 24.599585>,  <28.815994, 32.612240, 24.351072>, 0.130000
	pigment { color rgbt <1,0,0,0> }
	no_shadow
}

// nucleotide -1

// particle -1
sphere {
	<28.909977, 33.236431, 24.599585> 0.250000
	pigment { color rgbt <1,0,0,0> }
	no_shadow
}
cylinder {
	<28.514353, 33.203381, 24.648468>,  <28.276979, 33.183548, 24.677797>, 0.100000
	pigment { color rgbt <1,0,0,0> }
	no_shadow
}
cylinder {
	<28.514353, 33.203381, 24.648468>,  <28.909977, 33.236431, 24.599585>, 0.100000
	pigment { color rgbt <1,0,0,0> }
	no_shadow
}

// particle -1
sphere {
	<28.514353, 33.203381, 24.648468> 0.100000
	pigment { color rgbt <1,0,0,0> }
	no_shadow
}
sphere {
	0, 1
	scale<0.080000,0.200000,0.300000>
	matrix <0.040190, 0.646145, 0.762156,
		-0.141941, 0.758729, -0.635754,
		-0.989059, -0.082630, 0.122208,
		28.217634, 33.178593, 24.685131>
	pigment { color rgbt <0,1,1,0> }
	no_shadow
}
cylinder {
	<28.768112, 33.879578, 24.701771>,  <28.909977, 33.236431, 24.599585>, 0.130000
	pigment { color rgbt <1,0,0,0> }
	no_shadow
}

// nucleotide -1

// particle -1
sphere {
	<28.768112, 33.879578, 24.701771> 0.250000
	pigment { color rgbt <1,0,0,0> }
	no_shadow
}
cylinder {
	<28.448652, 33.673958, 24.826935>,  <28.256977, 33.550587, 24.902033>, 0.100000
	pigment { color rgbt <1,0,0,0> }
	no_shadow
}
cylinder {
	<28.448652, 33.673958, 24.826935>,  <28.768112, 33.879578, 24.701771>, 0.100000
	pigment { color rgbt <1,0,0,0> }
	no_shadow
}

// particle -1
sphere {
	<28.448652, 33.673958, 24.826935> 0.100000
	pigment { color rgbt <1,0,0,0> }
	no_shadow
}
sphere {
	0, 1
	scale<0.080000,0.200000,0.300000>
	matrix <-0.035382, 0.559169, 0.828298,
		-0.600757, 0.650448, -0.464768,
		-0.798648, -0.514050, 0.312910,
		28.209057, 33.519741, 24.920809>
	pigment { color rgbt <0,1,1,0> }
	no_shadow
}
cylinder {
	<28.270452, 34.311329, 25.032619>,  <28.768112, 33.879578, 24.701771>, 0.130000
	pigment { color rgbt <1,0,0,0> }
	no_shadow
}

// nucleotide -1

// particle -1
sphere {
	<28.270452, 34.311329, 25.032619> 0.250000
	pigment { color rgbt <1,0,0,0> }
	no_shadow
}
cylinder {
	<28.184078, 33.952160, 25.186041>,  <28.132254, 33.736660, 25.278093>, 0.100000
	pigment { color rgbt <1,0,0,0> }
	no_shadow
}
cylinder {
	<28.184078, 33.952160, 25.186041>,  <28.270452, 34.311329, 25.032619>, 0.100000
	pigment { color rgbt <1,0,0,0> }
	no_shadow
}

// particle -1
sphere {
	<28.184078, 33.952160, 25.186041> 0.100000
	pigment { color rgbt <1,0,0,0> }
	no_shadow
}
sphere {
	0, 1
	scale<0.080000,0.200000,0.300000>
	matrix <-0.205501, 0.425817, 0.881163,
		-0.954537, 0.111453, -0.276473,
		-0.215935, -0.897919, 0.383555,
		28.119297, 33.682785, 25.301107>
	pigment { color rgbt <0,1,1,0> }
	no_shadow
}
cylinder {
	<27.872339, 34.465355, 25.574316>,  <28.270452, 34.311329, 25.032619>, 0.130000
	pigment { color rgbt <1,0,0,0> }
	no_shadow
}

// nucleotide -1

// particle -1
sphere {
	<27.872339, 34.465355, 25.574316> 0.250000
	pigment { color rgbt <1,0,0,0> }
	no_shadow
}
cylinder {
	<27.949558, 34.077049, 25.631376>,  <27.995890, 33.844067, 25.665611>, 0.100000
	pigment { color rgbt <1,0,0,0> }
	no_shadow
}
cylinder {
	<27.949558, 34.077049, 25.631376>,  <27.872339, 34.465355, 25.574316>, 0.100000
	pigment { color rgbt <1,0,0,0> }
	no_shadow
}

// particle -1
sphere {
	<27.949558, 34.077049, 25.631376> 0.100000
	pigment { color rgbt <1,0,0,0> }
	no_shadow
}
sphere {
	0, 1
	scale<0.080000,0.200000,0.300000>
	matrix <0.006232, 0.146593, 0.989177,
		-0.981170, -0.190069, 0.034349,
		0.193047, -0.970765, 0.142648,
		28.007473, 33.785820, 25.674171>
	pigment { color rgbt <0,1,1,0> }
	no_shadow
}
cylinder {
	<27.403437, 34.231022, 26.143028>,  <27.872339, 34.465355, 25.574316>, 0.130000
	pigment { color rgbt <1,0,0,0> }
	no_shadow
}

// nucleotide -1

// particle -1
sphere {
	<27.403437, 34.231022, 26.143028> 0.250000
	pigment { color rgbt <1,0,0,0> }
	no_shadow
}
cylinder {
	<27.719189, 33.985878, 26.128721>,  <27.908640, 33.838791, 26.120136>, 0.100000
	pigment { color rgbt <1,0,0,0> }
	no_shadow
}
cylinder {
	<27.719189, 33.985878, 26.128721>,  <27.403437, 34.231022, 26.143028>, 0.100000
	pigment { color rgbt <1,0,0,0> }
	no_shadow
}

// particle -1
sphere {
	<27.719189, 33.985878, 26.128721> 0.100000
	pigment { color rgbt <1,0,0,0> }
	no_shadow
}
sphere {
	0, 1
	scale<0.080000,0.200000,0.300000>
	matrix <0.058639, 0.017272, 0.998130,
		-0.611100, -0.790000, 0.049572,
		0.789379, -0.612864, -0.035770,
		27.956003, 33.802017, 26.117990>
	pigment { color rgbt <0,1,1,0> }
	no_shadow
}
cylinder {
	<27.257051, 33.690735, 26.585058>,  <27.403437, 34.231022, 26.143028>, 0.130000
	pigment { color rgbt <1,0,0,0> }
	no_shadow
}

// nucleotide -1

// particle -1
sphere {
	<27.257051, 33.690735, 26.585058> 0.250000
	pigment { color rgbt <1,0,0,0> }
	no_shadow
}
cylinder {
	<27.654612, 33.692410, 26.540970>,  <27.893147, 33.693413, 26.514517>, 0.100000
	pigment { color rgbt <1,0,0,0> }
	no_shadow
}
cylinder {
	<27.654612, 33.692410, 26.540970>,  <27.257051, 33.690735, 26.585058>, 0.100000
	pigment { color rgbt <1,0,0,0> }
	no_shadow
}

// particle -1
sphere {
	<27.654612, 33.692410, 26.540970> 0.100000
	pigment { color rgbt <1,0,0,0> }
	no_shadow
}
sphere {
	0, 1
	scale<0.080000,0.200000,0.300000>
