// switches for output
#declare DRAW_BASES = 1; // possible values are 0, 1; only relevant for DNA ribbons
#declare DRAW_BASES_TYPE = 3; // possible values are 1, 2, 3; only relevant for DNA ribbons
#declare DRAW_FOG = 0; // set to 1 to enable fog

#include "colors.inc"

#include "transforms.inc"
background { rgb <1, 1, 1>}

#default {
   normal{
       ripples 0.25
       frequency 0.20
       turbulence 0.2
       lambda 5
   }
	finish {
		phong 0.1
		phong_size 40.
	}
}

// original window dimensions: 1024x640


// camera settings

camera {
	sky <0, 0.179814, -0.983701>
	up <0, 0.179814, -0.983701>
	right 1.6 * <1, 0, 0>
	location <35, 94.9851, 44.8844>
	look_at <35, 29.7336, 32.9568>
	direction <0, -65.2515, -11.9276>
	angle 67.0682
}


# declare cpy_camera_pos = <35, 94.9851, 44.8844>;
# if (DRAW_FOG = 1)
fog {
	fog_type 2
	up vnormalize(cpy_camera_pos)
	color rgbt<1,1,1,0.3>
	distance 1e-5
	fog_alt 3e-3
	fog_offset 56
}
# end


// LIGHTS

# declare lum = 6;
global_settings {
	ambient_light rgb lum * <0.05, 0.05, 0.05>
	max_trace_level 15
}# declare cpy_direct_light_amount = 0.25;
light_source
{	1000 * <-1, -1.16352, -0.803886>,
	rgb lum * cpy_direct_light_amount
	parallel
}

light_source
{	1000 * <1, 1.16352, 0.803886>,
	rgb lum * cpy_direct_light_amount
	parallel
}

// strand 0

// nucleotide -1

// particle -1
sphere {
	<24.193094, 34.781284, 35.324089> 0.250000
	pigment { color rgbt <1,0,0,0> }
	no_shadow
}
cylinder {
	<24.280706, 34.996975, 34.998817>,  <24.333275, 35.126389, 34.803654>, 0.100000
	pigment { color rgbt <1,0,0,0> }
	no_shadow
}
cylinder {
	<24.280706, 34.996975, 34.998817>,  <24.193094, 34.781284, 35.324089>, 0.100000
	pigment { color rgbt <1,0,0,0> }
	no_shadow
}

// particle -1
sphere {
	<24.280706, 34.996975, 34.998817> 0.100000
	pigment { color rgbt <1,0,0,0> }
	no_shadow
}
sphere {
	0, 1
	scale<0.080000,0.200000,0.300000>
	matrix <0.169620, 0.799684, 0.575963,
		0.960861, -0.264086, 0.083693,
		0.219032, 0.539225, -0.813180,
		24.346416, 35.158741, 34.754864>
	pigment { color rgbt <0,1,1,0> }
	no_shadow
}
cylinder {
	<24.965843, 35.056557, 35.410126>,  <24.193094, 34.781284, 35.324089>, 0.130000
	pigment { color rgbt <1,0,0,0> }
	no_shadow
}

// nucleotide -1

// particle -1
sphere {
	<24.965843, 35.056557, 35.410126> 0.250000
	pigment { color rgbt <1,0,0,0> }
	no_shadow
}
cylinder {
	<24.684492, 35.281445, 35.236153>,  <24.515682, 35.416378, 35.131767>, 0.100000
	pigment { color rgbt <1,0,0,0> }
	no_shadow
}
cylinder {
	<24.684492, 35.281445, 35.236153>,  <24.965843, 35.056557, 35.410126>, 0.100000
	pigment { color rgbt <1,0,0,0> }
	no_shadow
}

// particle -1
sphere {
	<24.684492, 35.281445, 35.236153> 0.100000
	pigment { color rgbt <1,0,0,0> }
	no_shadow
}
sphere {
	0, 1
	scale<0.080000,0.200000,0.300000>
	matrix <0.144438, 0.712162, 0.686996,
		0.695988, 0.420395, -0.582124,
		-0.703376, 0.562222, -0.434935,
		24.473478, 35.450111, 35.105671>
	pigment { color rgbt <0,1,1,0> }
	no_shadow
}
cylinder {
	<25.287214, 35.646339, 35.204773>,  <24.965843, 35.056557, 35.410126>, 0.130000
	pigment { color rgbt <1,0,0,0> }
	no_shadow
}

// nucleotide -1

// particle -1
sphere {
	<25.287214, 35.646339, 35.204773> 0.250000
	pigment { color rgbt <1,0,0,0> }
	no_shadow
}
cylinder {
	<24.899612, 35.697731, 35.289177>,  <24.667051, 35.728565, 35.339821>, 0.100000
	pigment { color rgbt <1,0,0,0> }
	no_shadow
}
cylinder {
	<24.899612, 35.697731, 35.289177>,  <25.287214, 35.646339, 35.204773>, 0.100000
	pigment { color rgbt <1,0,0,0> }
	no_shadow
}

// particle -1
sphere {
	<24.899612, 35.697731, 35.289177> 0.100000
	pigment { color rgbt <1,0,0,0> }
	no_shadow
}
sphere {
	0, 1
	scale<0.080000,0.200000,0.300000>
	matrix <0.237526, 0.719336, 0.652792,
		-0.067917, 0.682678, -0.727556,
		-0.969004, 0.128478, 0.211009,
		24.608912, 35.736275, 35.352478>
	pigment { color rgbt <0,1,1,0> }
	no_shadow
}
cylinder {
	<25.064894, 36.292332, 34.982590>,  <25.287214, 35.646339, 35.204773>, 0.130000
	pigment { color rgbt <1,0,0,0> }
	no_shadow
}

// nucleotide -1

// particle -1
sphere {
	<25.064894, 36.292332, 34.982590> 0.250000
	pigment { color rgbt <1,0,0,0> }
	no_shadow
}
cylinder {
	<24.870102, 36.151161, 35.302162>,  <24.753227, 36.066460, 35.493908>, 0.100000
	pigment { color rgbt <1,0,0,0> }
	no_shadow
}
cylinder {
	<24.870102, 36.151161, 35.302162>,  <25.064894, 36.292332, 34.982590>, 0.100000
	pigment { color rgbt <1,0,0,0> }
	no_shadow
}

// particle -1
sphere {
	<24.870102, 36.151161, 35.302162> 0.100000
	pigment { color rgbt <1,0,0,0> }
	no_shadow
}
sphere {
	0, 1
	scale<0.080000,0.200000,0.300000>
	matrix <0.404023, 0.719951, 0.564301,
		-0.774349, 0.597591, -0.208011,
		-0.486979, -0.352925, 0.798934,
		24.724009, 36.045284, 35.541843>
	pigment { color rgbt <0,1,1,0> }
	no_shadow
}
cylinder {
	<24.704268, 36.793491, 35.298546>,  <25.064894, 36.292332, 34.982590>, 0.130000
	pigment { color rgbt <1,0,0,0> }
	no_shadow
}

// nucleotide -1

// particle -1
sphere {
	<24.704268, 36.793491, 35.298546> 0.250000
	pigment { color rgbt <1,0,0,0> }
	no_shadow
}
cylinder {
	<24.838438, 36.517036, 35.554611>,  <24.918940, 36.351162, 35.708252>, 0.100000
	pigment { color rgbt <1,0,0,0> }
	no_shadow
}
cylinder {
	<24.838438, 36.517036, 35.554611>,  <24.704268, 36.793491, 35.298546>, 0.100000
	pigment { color rgbt <1,0,0,0> }
	no_shadow
}

// particle -1
sphere {
	<24.838438, 36.517036, 35.554611> 0.100000
	pigment { color rgbt <1,0,0,0> }
	no_shadow
}
sphere {
	0, 1
	scale<0.080000,0.200000,0.300000>
	matrix <0.581973, 0.686383, 0.436104,
		-0.740809, 0.226280, 0.632455,
		0.335425, -0.691141, 0.640167,
		24.939066, 36.309692, 35.746662>
	pigment { color rgbt <0,1,1,0> }
	no_shadow
}
cylinder {
	<24.616283, 36.981434, 36.079590>,  <24.704268, 36.793491, 35.298546>, 0.130000
	pigment { color rgbt <1,0,0,0> }
	no_shadow
}

// nucleotide -1

// particle -1
sphere {
	<24.616283, 36.981434, 36.079590> 0.250000
	pigment { color rgbt <1,0,0,0> }
	no_shadow
}
cylinder {
	<24.945646, 36.784306, 35.967068>,  <25.143265, 36.666031, 35.899555>, 0.100000
	pigment { color rgbt <1,0,0,0> }
	no_shadow
}
cylinder {
	<24.945646, 36.784306, 35.967068>,  <24.616283, 36.981434, 36.079590>, 0.100000
	pigment { color rgbt <1,0,0,0> }
	no_shadow
}

// particle -1
sphere {
	<24.945646, 36.784306, 35.967068> 0.100000
	pigment { color rgbt <1,0,0,0> }
	no_shadow
}
sphere {
	0, 1
	scale<0.080000,0.200000,0.300000>
	matrix <0.566797, 0.738088, 0.366016,
		0.027250, -0.460823, 0.887074,
		0.823407, -0.492817, -0.281306,
		25.192669, 36.636459, 35.882675>
	pigment { color rgbt <0,1,1,0> }
	no_shadow
}
cylinder {
	<25.157640, 36.859993, 36.633736>,  <24.616283, 36.981434, 36.079590>, 0.130000
	pigment { color rgbt <1,0,0,0> }
	no_shadow
}

// nucleotide -1

// particle -1
sphere {
	<25.157640, 36.859993, 36.633736> 0.250000
	pigment { color rgbt <1,0,0,0> }
	no_shadow
}
cylinder {
	<25.339563, 36.862164, 36.277508>,  <25.448717, 36.863464, 36.063770>, 0.100000
	pigment { color rgbt <1,0,0,0> }
	no_shadow
}
cylinder {
	<25.339563, 36.862164, 36.277508>,  <25.157640, 36.859993, 36.633736>, 0.100000
	pigment { color rgbt <1,0,0,0> }
	no_shadow
}

// particle -1
sphere {
	<25.339563, 36.862164, 36.277508> 0.100000
	pigment { color rgbt <1,0,0,0> }
	no_shadow
}
sphere {
	0, 1
	scale<0.080000,0.200000,0.300000>
	matrix <0.720368, 0.585742, 0.371451,
		0.523661, -0.810479, 0.262493,
		0.454807, 0.005423, -0.890574,
		25.476006, 36.863792, 36.010334>
	pigment { color rgbt <0,1,1,0> }
	no_shadow
}
cylinder {
	<25.832592, 36.761799, 36.870041>,  <25.157640, 36.859993, 36.633736>, 0.130000
	pigment { color rgbt <1,0,0,0> }
	no_shadow
}

// nucleotide -1

// particle -1
sphere {
	<25.832592, 36.761799, 36.870041> 0.250000
	pigment { color rgbt <1,0,0,0> }
	no_shadow
}
cylinder {
	<25.817791, 36.931503, 36.508129>,  <25.808910, 37.033325, 36.290981>, 0.100000
	pigment { color rgbt <1,0,0,0> }
	no_shadow
}
cylinder {
	<25.817791, 36.931503, 36.508129>,  <25.832592, 36.761799, 36.870041>, 0.100000
	pigment { color rgbt <1,0,0,0> }
	no_shadow
}

// particle -1
sphere {
	<25.817791, 36.931503, 36.508129> 0.100000
	pigment { color rgbt <1,0,0,0> }
	no_shadow
}
sphere {
	0, 1
	scale<0.080000,0.200000,0.300000>
	matrix <0.441682, 0.819110, 0.366027,
		0.896408, -0.386083, -0.217699,
		-0.037002, 0.424263, -0.904783,
		25.806690, 37.058781, 36.236694>
	pigment { color rgbt <0,1,1,0> }
	no_shadow
}
cylinder {
	<26.457169, 36.991356, 36.812328>,  <25.832592, 36.761799, 36.870041>, 0.130000
	pigment { color rgbt <1,0,0,0> }
	no_shadow
}

// nucleotide -1

// particle -1
sphere {
	<26.457169, 36.991356, 36.812328> 0.250000
	pigment { color rgbt <1,0,0,0> }
	no_shadow
}
cylinder {
	<26.257978, 37.189648, 36.527718>,  <26.138464, 37.308624, 36.356949>, 0.100000
	pigment { color rgbt <1,0,0,0> }
	no_shadow
}
cylinder {
	<26.257978, 37.189648, 36.527718>,  <26.457169, 36.991356, 36.812328>, 0.100000
	pigment { color rgbt <1,0,0,0> }
	no_shadow
}

// particle -1
sphere {
	<26.257978, 37.189648, 36.527718> 0.100000
	pigment { color rgbt <1,0,0,0> }
	no_shadow
}
sphere {
	0, 1
	scale<0.080000,0.200000,0.300000>
	matrix <0.557809, 0.811337, 0.174876,
		0.663982, -0.309814, -0.680546,
		-0.497973, 0.495729, -0.711530,
		26.108587, 37.338367, 36.314259>
	pigment { color rgbt <0,1,1,0> }
	no_shadow
}
cylinder {
	<26.947865, 37.441662, 36.588070>,  <26.457169, 36.991356, 36.812328>, 0.130000
	pigment { color rgbt <1,0,0,0> }
	no_shadow
}

// nucleotide -1

// particle -1
sphere {
	<26.947865, 37.441662, 36.588070> 0.250000
	pigment { color rgbt <1,0,0,0> }
	no_shadow
}
cylinder {
	<26.622614, 37.631218, 36.452866>,  <26.427464, 37.744953, 36.371742>, 0.100000
	pigment { color rgbt <1,0,0,0> }
	no_shadow
}
cylinder {
	<26.622614, 37.631218, 36.452866>,  <26.947865, 37.441662, 36.588070>, 0.100000
	pigment { color rgbt <1,0,0,0> }
	no_shadow
}

// particle -1
sphere {
	<26.622614, 37.631218, 36.452866> 0.100000
	pigment { color rgbt <1,0,0,0> }
	no_shadow
}
sphere {
	0, 1
	scale<0.080000,0.200000,0.300000>
	matrix <0.422439, 0.879927, 0.217425,
		0.400461, 0.034005, -0.915682,
		-0.813127, 0.473891, -0.338012,
		26.378675, 37.773384, 36.351463>
	pigment { color rgbt <0,1,1,0> }
	no_shadow
}
cylinder {
	<27.253368, 37.946270, 36.024296>,  <26.947865, 37.441662, 36.588070>, 0.130000
	pigment { color rgbt <1,0,0,0> }
	no_shadow
}

// nucleotide -1

// particle -1
sphere {
	<27.253368, 37.946270, 36.024296> 0.250000
	pigment { color rgbt <1,0,0,0> }
	no_shadow
}
cylinder {
	<26.890566, 38.063477, 36.145279>,  <26.672884, 38.133801, 36.217869>, 0.100000
	pigment { color rgbt <1,0,0,0> }
	no_shadow
}
cylinder {
	<26.890566, 38.063477, 36.145279>,  <27.253368, 37.946270, 36.024296>, 0.100000
	pigment { color rgbt <1,0,0,0> }
	no_shadow
}

// particle -1
sphere {
	<26.890566, 38.063477, 36.145279> 0.100000
	pigment { color rgbt <1,0,0,0> }
	no_shadow
}
sphere {
	0, 1
	scale<0.080000,0.200000,0.300000>
	matrix <0.273604, 0.956017, -0.105702,
		-0.320129, -0.013117, -0.947283,
		-0.907005, 0.293019, 0.302460,
		26.618464, 38.151382, 36.236015>
	pigment { color rgbt <0,1,1,0> }
	no_shadow
}
cylinder {
	<26.927279, 38.368732, 35.474274>,  <27.253368, 37.946270, 36.024296>, 0.130000
	pigment { color rgbt <1,0,0,0> }
	no_shadow
}

// nucleotide -1

// particle -1
sphere {
	<26.927279, 38.368732, 35.474274> 0.250000
	pigment { color rgbt <1,0,0,0> }
	no_shadow
}
cylinder {
	<26.759104, 38.450214, 35.827938>,  <26.658199, 38.499104, 36.040134>, 0.100000
	pigment { color rgbt <1,0,0,0> }
	no_shadow
}
cylinder {
	<26.759104, 38.450214, 35.827938>,  <26.927279, 38.368732, 35.474274>, 0.100000
	pigment { color rgbt <1,0,0,0> }
	no_shadow
}

// particle -1
sphere {
	<26.759104, 38.450214, 35.827938> 0.100000
	pigment { color rgbt <1,0,0,0> }
	no_shadow
}
sphere {
	0, 1
	scale<0.080000,0.200000,0.300000>
	matrix <0.125326, 0.978168, -0.165772,
		-0.898624, 0.041112, -0.436788,
		-0.420437, 0.203708, 0.884158,
		26.632973, 38.511326, 36.093185>
	pigment { color rgbt <0,1,1,0> }
	no_shadow
}
cylinder {
	<26.622355, 38.965714, 35.356609>,  <26.927279, 38.368732, 35.474274>, 0.130000
	pigment { color rgbt <1,0,0,0> }
	no_shadow
}

// nucleotide -1

// particle -1
sphere {
	<26.622355, 38.965714, 35.356609> 0.250000
	pigment { color rgbt <1,0,0,0> }
	no_shadow
}
cylinder {
	<26.632605, 38.956097, 35.756363>,  <26.638754, 38.950325, 35.996216>, 0.100000
	pigment { color rgbt <1,0,0,0> }
	no_shadow
}
cylinder {
	<26.632605, 38.956097, 35.756363>,  <26.622355, 38.965714, 35.356609>, 0.100000
	pigment { color rgbt <1,0,0,0> }
	no_shadow
}

// particle -1
sphere {
	<26.632605, 38.956097, 35.756363> 0.100000
	pigment { color rgbt <1,0,0,0> }
	no_shadow
}
sphere {
	0, 1
	scale<0.080000,0.200000,0.300000>
	matrix <0.205031, 0.978585, 0.018286,
		-0.978420, 0.204436, 0.030002,
		0.025621, -0.024043, 0.999383,
		26.640291, 38.948883, 36.056179>
	pigment { color rgbt <0,1,1,0> }
	no_shadow
}
cylinder {
	<26.207935, 39.533062, 35.479492>,  <26.622355, 38.965714, 35.356609>, 0.130000
	pigment { color rgbt <1,0,0,0> }
	no_shadow
}

// nucleotide -1

// particle -1
sphere {
	<26.207935, 39.533062, 35.479492> 0.250000
	pigment { color rgbt <1,0,0,0> }
	no_shadow
}
cylinder {
	<26.449600, 39.463009, 35.790443>,  <26.594599, 39.420979, 35.977016>, 0.100000
	pigment { color rgbt <1,0,0,0> }
	no_shadow
}
cylinder {
	<26.449600, 39.463009, 35.790443>,  <26.207935, 39.533062, 35.479492>, 0.100000
	pigment { color rgbt <1,0,0,0> }
	no_shadow
}

// particle -1
sphere {
	<26.449600, 39.463009, 35.790443> 0.100000
	pigment { color rgbt <1,0,0,0> }
	no_shadow
}
sphere {
	0, 1
	scale<0.080000,0.200000,0.300000>
	matrix <0.417024, 0.900782, -0.121171,
		-0.679030, 0.397393, 0.617250,
		0.604160, -0.175129, 0.777381,
		26.630848, 39.410469, 36.023659>
	pigment { color rgbt <0,1,1,0> }
	no_shadow
}
cylinder {
	<26.384756, 40.251049, 35.626789>,  <26.207935, 39.533062, 35.479492>, 0.130000
	pigment { color rgbt <1,0,0,0> }
	no_shadow
}

// nucleotide -1

// particle -1
sphere {
	<26.384756, 40.251049, 35.626789> 0.250000
	pigment { color rgbt <1,0,0,0> }
	no_shadow
}
cylinder {
	<26.641108, 40.053730, 35.862053>,  <26.794918, 39.935341, 36.003212>, 0.100000
	pigment { color rgbt <1,0,0,0> }
	no_shadow
}
cylinder {
	<26.641108, 40.053730, 35.862053>,  <26.384756, 40.251049, 35.626789>, 0.100000
	pigment { color rgbt <1,0,0,0> }
	no_shadow
}

// particle -1
sphere {
	<26.641108, 40.053730, 35.862053> 0.100000
	pigment { color rgbt <1,0,0,0> }
	no_shadow
}
sphere {
	0, 1
	scale<0.080000,0.200000,0.300000>
	matrix <0.518105, 0.843320, 0.142752,
		-0.566427, 0.213243, 0.796045,
		0.640880, -0.493293, 0.588162,
		26.833372, 39.905743, 36.038502>
	pigment { color rgbt <0,1,1,0> }
	no_shadow
}
cylinder {
	<26.448326, 40.627380, 36.270927>,  <26.384756, 40.251049, 35.626789>, 0.130000
	pigment { color rgbt <1,0,0,0> }
	no_shadow
}

// nucleotide -1

// particle -1
sphere {
	<26.448326, 40.627380, 36.270927> 0.250000
	pigment { color rgbt <1,0,0,0> }
	no_shadow
}
cylinder {
	<26.789501, 40.435047, 36.189632>,  <26.994205, 40.319649, 36.140858>, 0.100000
	pigment { color rgbt <1,0,0,0> }
	no_shadow
}
cylinder {
	<26.789501, 40.435047, 36.189632>,  <26.448326, 40.627380, 36.270927>, 0.100000
	pigment { color rgbt <1,0,0,0> }
	no_shadow
}

// particle -1
sphere {
	<26.789501, 40.435047, 36.189632> 0.100000
	pigment { color rgbt <1,0,0,0> }
	no_shadow
}
sphere {
	0, 1
	scale<0.080000,0.200000,0.300000>
	matrix <0.493037, 0.869939, 0.011006,
		0.171509, -0.109589, 0.979068,
		0.852936, -0.480829, -0.203233,
		27.045382, 40.290798, 36.128662>
	pigment { color rgbt <0,1,1,0> }
	no_shadow
}
cylinder {
	<26.869736, 40.920341, 36.680290>,  <26.448326, 40.627380, 36.270927>, 0.130000
	pigment { color rgbt <1,0,0,0> }
	no_shadow
}

// nucleotide -1

// particle -1
sphere {
	<26.869736, 40.920341, 36.680290> 0.250000
	pigment { color rgbt <1,0,0,0> }
	no_shadow
}
cylinder {
	<27.107176, 40.761158, 36.400501>,  <27.249640, 40.665649, 36.232628>, 0.100000
	pigment { color rgbt <1,0,0,0> }
	no_shadow
}
cylinder {
	<27.107176, 40.761158, 36.400501>,  <26.869736, 40.920341, 36.680290>, 0.100000
	pigment { color rgbt <1,0,0,0> }
	no_shadow
}

// particle -1
sphere {
	<27.107176, 40.761158, 36.400501> 0.100000
	pigment { color rgbt <1,0,0,0> }
	no_shadow
}
sphere {
	0, 1
	scale<0.080000,0.200000,0.300000>
	matrix <0.470761, 0.876659, -0.099258,
		0.652702, -0.270366, 0.707730,
		0.593603, -0.397958, -0.699475,
		27.285257, 40.641769, 36.190659>
	pigment { color rgbt <0,1,1,0> }
	no_shadow
}
cylinder {
	<27.534607, 41.187599, 36.870083>,  <26.869736, 40.920341, 36.680290>, 0.130000
	pigment { color rgbt <1,0,0,0> }
	no_shadow
}

// nucleotide -1

// particle -1
sphere {
	<27.534607, 41.187599, 36.870083> 0.250000
	pigment { color rgbt <1,0,0,0> }
	no_shadow
}
cylinder {
	<27.601994, 41.058296, 36.497604>,  <27.642426, 40.980717, 36.274117>, 0.100000
	pigment { color rgbt <1,0,0,0> }
	no_shadow
}
cylinder {
	<27.601994, 41.058296, 36.497604>,  <27.534607, 41.187599, 36.870083>, 0.100000
	pigment { color rgbt <1,0,0,0> }
	no_shadow
}

// particle -1
sphere {
	<27.601994, 41.058296, 36.497604> 0.100000
	pigment { color rgbt <1,0,0,0> }
	no_shadow
}
sphere {
	0, 1
	scale<0.080000,0.200000,0.300000>
	matrix <0.522914, 0.830118, -0.193561,
		0.835571, -0.454327, 0.308882,
		0.168468, -0.323253, -0.931196,
		27.652534, 40.961319, 36.218246>
	pigment { color rgbt <0,1,1,0> }
	no_shadow
}
cylinder {
	<28.266060, 41.254070, 36.643524>,  <27.534607, 41.187599, 36.870083>, 0.130000
	pigment { color rgbt <1,0,0,0> }
	no_shadow
}

// nucleotide -1

// particle -1
sphere {
	<28.266060, 41.254070, 36.643524> 0.250000
	pigment { color rgbt <1,0,0,0> }
	no_shadow
}
cylinder {
	<28.077965, 41.223171, 36.291862>,  <27.965109, 41.204632, 36.080864>, 0.100000
	pigment { color rgbt <1,0,0,0> }
	no_shadow
}
cylinder {
	<28.077965, 41.223171, 36.291862>,  <28.266060, 41.254070, 36.643524>, 0.100000
	pigment { color rgbt <1,0,0,0> }
	no_shadow
}

// particle -1
sphere {
	<28.077965, 41.223171, 36.291862> 0.100000
	pigment { color rgbt <1,0,0,0> }
	no_shadow
}
sphere {
	0, 1
	scale<0.080000,0.200000,0.300000>
	matrix <0.402856, 0.867534, -0.291705,
		0.785229, -0.491343, -0.376825,
		-0.470236, -0.077249, -0.879153,
		27.936893, 41.199997, 36.028118>
	pigment { color rgbt <0,1,1,0> }
	no_shadow
}
cylinder {
	<28.757479, 41.551949, 36.204891>,  <28.266060, 41.254070, 36.643524>, 0.130000
	pigment { color rgbt <1,0,0,0> }
	no_shadow
}

// nucleotide -1

// particle -1
sphere {
	<28.757479, 41.551949, 36.204891> 0.250000
	pigment { color rgbt <1,0,0,0> }
	no_shadow
}
cylinder {
	<28.413965, 41.563946, 36.000305>,  <28.207857, 41.571144, 35.877556>, 0.100000
	pigment { color rgbt <1,0,0,0> }
	no_shadow
}
cylinder {
	<28.413965, 41.563946, 36.000305>,  <28.757479, 41.551949, 36.204891>, 0.100000
	pigment { color rgbt <1,0,0,0> }
	no_shadow
}

// particle -1
sphere {
	<28.413965, 41.563946, 36.000305> 0.100000
	pigment { color rgbt <1,0,0,0> }
	no_shadow
}
sphere {
	0, 1
	scale<0.080000,0.200000,0.300000>
	matrix <0.342653, 0.775795, -0.529840,
		0.380897, -0.630271, -0.676517,
		-0.858782, 0.029996, -0.511463,
		28.156330, 41.572945, 35.846867>
	pigment { color rgbt <0,1,1,0> }
	no_shadow
}
cylinder {
	<29.047142, 41.661591, 35.450047>,  <28.757479, 41.551949, 36.204891>, 0.130000
	pigment { color rgbt <1,0,0,0> }
	no_shadow
}

// nucleotide -1

// particle -1
sphere {
	<29.047142, 41.661591, 35.450047> 0.250000
	pigment { color rgbt <1,0,0,0> }
	no_shadow
}
cylinder {
	<28.659536, 41.757854, 35.472290>,  <28.426973, 41.815613, 35.485638>, 0.100000
	pigment { color rgbt <1,0,0,0> }
	no_shadow
}
cylinder {
	<28.659536, 41.757854, 35.472290>,  <29.047142, 41.661591, 35.450047>, 0.100000
	pigment { color rgbt <1,0,0,0> }
	no_shadow
}

// particle -1
sphere {
	<28.659536, 41.757854, 35.472290> 0.100000
	pigment { color rgbt <1,0,0,0> }
	no_shadow
}
sphere {
	0, 1
	scale<0.080000,0.200000,0.300000>
	matrix <0.194197, 0.881431, -0.430542,
		-0.152631, -0.406402, -0.900856,
		-0.969016, 0.240658, 0.055612,
		28.368832, 41.830051, 35.488972>
	pigment { color rgbt <0,1,1,0> }
	no_shadow
}
cylinder {
	<28.846031, 41.846889, 34.732346>,  <29.047142, 41.661591, 35.450047>, 0.130000
	pigment { color rgbt <1,0,0,0> }
	no_shadow
}

// nucleotide -1

// particle -1
sphere {
	<28.846031, 41.846889, 34.732346> 0.250000
	pigment { color rgbt <1,0,0,0> }
	no_shadow
}
cylinder {
	<28.605206, 42.009354, 35.007317>,  <28.460711, 42.106831, 35.172298>, 0.100000
	pigment { color rgbt <1,0,0,0> }
	no_shadow
}
cylinder {
	<28.605206, 42.009354, 35.007317>,  <28.846031, 41.846889, 34.732346>, 0.100000
	pigment { color rgbt <1,0,0,0> }
	no_shadow
}

// particle -1
sphere {
	<28.605206, 42.009354, 35.007317> 0.100000
	pigment { color rgbt <1,0,0,0> }
	no_shadow
}
sphere {
	0, 1
	scale<0.080000,0.200000,0.300000>
	matrix <0.137547, 0.900840, -0.411787,
		-0.786510, -0.153370, -0.598231,
		-0.602066, 0.406159, 0.687423,
		28.424585, 42.131203, 35.213543>
	pigment { color rgbt <0,1,1,0> }
	no_shadow
}
cylinder {
	<28.474596, 42.337181, 34.367065>,  <28.846031, 41.846889, 34.732346>, 0.130000
	pigment { color rgbt <1,0,0,0> }
	no_shadow
}

// nucleotide -1

// particle -1
sphere {
	<28.474596, 42.337181, 34.367065> 0.250000
	pigment { color rgbt <1,0,0,0> }
	no_shadow
}
cylinder {
	<28.398331, 42.458370, 34.740559>,  <28.352571, 42.531082, 34.964653>, 0.100000
	pigment { color rgbt <1,0,0,0> }
	no_shadow
}
cylinder {
	<28.398331, 42.458370, 34.740559>,  <28.474596, 42.337181, 34.367065>, 0.100000
	pigment { color rgbt <1,0,0,0> }
	no_shadow
}

// particle -1
sphere {
	<28.398331, 42.458370, 34.740559> 0.100000
	pigment { color rgbt <1,0,0,0> }
	no_shadow
}
sphere {
	0, 1
	scale<0.080000,0.200000,0.300000>
	matrix <0.126243, 0.950850, -0.282750,
		-0.973504, 0.063967, -0.219542,
		-0.190665, 0.302973, 0.933731,
		28.341131, 42.549263, 35.020679>
	pigment { color rgbt <0,1,1,0> }
	no_shadow
}
cylinder {
	<28.042213, 42.915588, 34.333725>,  <28.474596, 42.337181, 34.367065>, 0.130000
	pigment { color rgbt <1,0,0,0> }
	no_shadow
}

// nucleotide -1

// particle -1
sphere {
	<28.042213, 42.915588, 34.333725> 0.250000
	pigment { color rgbt <1,0,0,0> }
	no_shadow
}
cylinder {
	<28.192457, 42.957153, 34.702099>,  <28.282604, 42.982094, 34.923122>, 0.100000
	pigment { color rgbt <1,0,0,0> }
	no_shadow
}
cylinder {
	<28.192457, 42.957153, 34.702099>,  <28.042213, 42.915588, 34.333725>, 0.100000
	pigment { color rgbt <1,0,0,0> }
	no_shadow
}

// particle -1
sphere {
	<28.192457, 42.957153, 34.702099> 0.100000
	pigment { color rgbt <1,0,0,0> }
	no_shadow
}
sphere {
	0, 1
	scale<0.080000,0.200000,0.300000>
	matrix <0.232090, 0.951483, -0.202024,
		-0.897246, 0.289622, 0.333269,
		0.375611, 0.103917, 0.920933,
		28.305140, 42.988327, 34.978378>
	pigment { color rgbt <0,1,1,0> }
	no_shadow
}
cylinder {
	<27.785828, 43.569683, 34.540630>,  <28.042213, 42.915588, 34.333725>, 0.130000
	pigment { color rgbt <1,0,0,0> }
	no_shadow
}

// nucleotide -1

// particle -1
sphere {
	<27.785828, 43.569683, 34.540630> 0.250000
	pigment { color rgbt <1,0,0,0> }
	no_shadow
}
cylinder {
	<28.081276, 43.503242, 34.801964>,  <28.258545, 43.463379, 34.958763>, 0.100000
	pigment { color rgbt <1,0,0,0> }
	no_shadow
}
cylinder {
	<28.081276, 43.503242, 34.801964>,  <27.785828, 43.569683, 34.540630>, 0.100000
	pigment { color rgbt <1,0,0,0> }
	no_shadow
}

// particle -1
sphere {
	<28.081276, 43.503242, 34.801964> 0.100000
	pigment { color rgbt <1,0,0,0> }
	no_shadow
}
sphere {
	0, 1
	scale<0.080000,0.200000,0.300000>
	matrix <0.217600, 0.976036, 0.002140,
		-0.638033, 0.140585, 0.757066,
		0.738623, -0.166103, 0.653334,
		28.302862, 43.453411, 34.997963>
	pigment { color rgbt <0,1,1,0> }
	no_shadow
}
cylinder {
	<27.784872, 44.139294, 34.993500>,  <27.785828, 43.569683, 34.540630>, 0.130000
	pigment { color rgbt <1,0,0,0> }
	no_shadow
}

// nucleotide -1

// particle -1
sphere {
	<27.784872, 44.139294, 34.993500> 0.250000
	pigment { color rgbt <1,0,0,0> }
	no_shadow
}
cylinder {
	<28.148029, 43.976265, 35.032719>,  <28.365923, 43.878448, 35.056252>, 0.100000
	pigment { color rgbt <1,0,0,0> }
	no_shadow
}
cylinder {
	<28.148029, 43.976265, 35.032719>,  <27.784872, 44.139294, 34.993500>, 0.100000
	pigment { color rgbt <1,0,0,0> }
	no_shadow
}

// particle -1
sphere {
	<28.148029, 43.976265, 35.032719> 0.100000
	pigment { color rgbt <1,0,0,0> }
	no_shadow
}
sphere {
	0, 1
	scale<0.080000,0.200000,0.300000>
	matrix <0.413960, 0.908545, -0.056406,
		-0.066092, 0.091799, 0.993582,
		0.907892, -0.407576, 0.098049,
		28.420397, 43.853992, 35.062134>
	pigment { color rgbt <0,1,1,0> }
	no_shadow
}
cylinder {
	<28.205578, 44.480831, 35.528618>,  <27.784872, 44.139294, 34.993500>, 0.130000
	pigment { color rgbt <1,0,0,0> }
	no_shadow
}

// nucleotide -1

// particle -1
sphere {
	<28.205578, 44.480831, 35.528618> 0.250000
	pigment { color rgbt <1,0,0,0> }
	no_shadow
}
cylinder {
	<28.418179, 44.326195, 35.227142>,  <28.545740, 44.233414, 35.046257>, 0.100000
	pigment { color rgbt <1,0,0,0> }
	no_shadow
}
cylinder {
	<28.418179, 44.326195, 35.227142>,  <28.205578, 44.480831, 35.528618>, 0.100000
	pigment { color rgbt <1,0,0,0> }
	no_shadow
}

// particle -1
sphere {
	<28.418179, 44.326195, 35.227142> 0.100000
	pigment { color rgbt <1,0,0,0> }
	no_shadow
}
sphere {
	0, 1
	scale<0.080000,0.200000,0.300000>
	matrix <0.411777, 0.895488, -0.168942,
		0.740232, -0.220560, 0.635146,
		0.531503, -0.386595, -0.753690,
		28.577629, 44.210217, 35.001034>
	pigment { color rgbt <0,1,1,0> }
	no_shadow
}
cylinder {
	<28.279570, 45.209408, 35.329556>,  <28.205578, 44.480831, 35.528618>, 0.130000
	pigment { color rgbt <1,0,0,0> }
	no_shadow
}

// nucleotide -1

// particle -1
sphere {
	<28.279570, 45.209408, 35.329556> 0.250000
	pigment { color rgbt <1,0,0,0> }
	no_shadow
}
cylinder {
	<28.612597, 45.208843, 35.107986>,  <28.812412, 45.208504, 34.975044>, 0.100000
	pigment { color rgbt <1,0,0,0> }
	no_shadow
}
cylinder {
	<28.612597, 45.208843, 35.107986>,  <28.279570, 45.209408, 35.329556>, 0.100000
	pigment { color rgbt <1,0,0,0> }
	no_shadow
}

// particle -1
sphere {
	<28.612597, 45.208843, 35.107986> 0.100000
	pigment { color rgbt <1,0,0,0> }
	no_shadow
}
sphere {
	0, 1
	scale<0.080000,0.200000,0.300000>
	matrix <0.175714, -0.947679, 0.266515,
		-0.525318, -0.319223, -0.788757,
		0.832566, -0.001409, -0.553924,
		28.862366, 45.208420, 34.941811>
	pigment { color rgbt <0,1,1,0> }
	no_shadow
}
cylinder {
	<28.320066, 44.724850, 34.757469>,  <28.279570, 45.209408, 35.329556>, 0.130000
	pigment { color rgbt <1,0,0,0> }
	no_shadow
}

// nucleotide -1

// particle -1
sphere {
	<28.320066, 44.724850, 34.757469> 0.250000
	pigment { color rgbt <1,0,0,0> }
	no_shadow
}
cylinder {
	<28.688463, 44.773758, 34.905426>,  <28.909502, 44.803104, 34.994202>, 0.100000
	pigment { color rgbt <1,0,0,0> }
	no_shadow
}
cylinder {
	<28.688463, 44.773758, 34.905426>,  <28.320066, 44.724850, 34.757469>, 0.100000
	pigment { color rgbt <1,0,0,0> }
	no_shadow
}

// particle -1
sphere {
	<28.688463, 44.773758, 34.905426> 0.100000
	pigment { color rgbt <1,0,0,0> }
	no_shadow
}
sphere {
	0, 1
	scale<0.080000,0.200000,0.300000>
	matrix <0.077792, -0.988069, 0.132919,
		0.381735, -0.093642, -0.919516,
		0.920992, 0.122271, 0.369896,
		28.964762, 44.810440, 35.016396>
	pigment { color rgbt <0,1,1,0> }
	no_shadow
}
cylinder {
	<28.946880, 44.428318, 34.424843>,  <28.320066, 44.724850, 34.757469>, 0.130000
	pigment { color rgbt <1,0,0,0> }
	no_shadow
}

// nucleotide -1

// particle -1
sphere {
	<28.946880, 44.428318, 34.424843> 0.250000
	pigment { color rgbt <1,0,0,0> }
	no_shadow
}
cylinder {
	<29.007835, 44.421005, 34.820103>,  <29.044409, 44.416618, 35.057259>, 0.100000
	pigment { color rgbt <1,0,0,0> }
	no_shadow
}
cylinder {
	<29.007835, 44.421005, 34.820103>,  <28.946880, 44.428318, 34.424843>, 0.100000
	pigment { color rgbt <1,0,0,0> }
	no_shadow
}

// particle -1
sphere {
	<29.007835, 44.421005, 34.820103> 0.100000
	pigment { color rgbt <1,0,0,0> }
	no_shadow
}
sphere {
	0, 1
	scale<0.080000,0.200000,0.300000>
	matrix <-0.032892, -0.999369, -0.013419,
		0.987774, -0.030458, -0.152892,
		0.152386, -0.018284, 0.988152,
		29.053551, 44.415520, 35.116547>
	pigment { color rgbt <0,1,1,0> }
	no_shadow
}
cylinder {
	<29.533998, 43.914986, 34.563862>,  <28.946880, 44.428318, 34.424843>, 0.130000
	pigment { color rgbt <1,0,0,0> }
	no_shadow
}

// nucleotide -1

// particle -1
sphere {
	<29.533998, 43.914986, 34.563862> 0.250000
	pigment { color rgbt <1,0,0,0> }
	no_shadow
}
cylinder {
	<29.242628, 43.968536, 34.832626>,  <29.067806, 44.000668, 34.993885>, 0.100000
	pigment { color rgbt <1,0,0,0> }
	no_shadow
}
cylinder {
	<29.242628, 43.968536, 34.832626>,  <29.533998, 43.914986, 34.563862>, 0.100000
	pigment { color rgbt <1,0,0,0> }
	no_shadow
}

// particle -1
sphere {
	<29.242628, 43.968536, 34.832626> 0.100000
	pigment { color rgbt <1,0,0,0> }
	no_shadow
}
sphere {
	0, 1
	scale<0.080000,0.200000,0.300000>
	matrix <-0.088011, -0.990881, 0.102022,
		0.679446, 0.015180, 0.733569,
		-0.728428, 0.133881, 0.671914,
		29.024099, 44.008701, 35.034199>
	pigment { color rgbt <0,1,1,0> }
	no_shadow
}
cylinder {
	<29.640060, 43.358616, 35.032215>,  <29.533998, 43.914986, 34.563862>, 0.130000
	pigment { color rgbt <1,0,0,0> }
	no_shadow
}

// nucleotide -1

// particle -1
sphere {
	<29.640060, 43.358616, 35.032215> 0.250000
	pigment { color rgbt <1,0,0,0> }
	no_shadow
}
cylinder {
	<29.267801, 43.501324, 35.064739>,  <29.044445, 43.586948, 35.084255>, 0.100000
	pigment { color rgbt <1,0,0,0> }
	no_shadow
}
cylinder {
	<29.267801, 43.501324, 35.064739>,  <29.640060, 43.358616, 35.032215>, 0.100000
	pigment { color rgbt <1,0,0,0> }
	no_shadow
}

// particle -1
sphere {
	<29.267801, 43.501324, 35.064739> 0.100000
	pigment { color rgbt <1,0,0,0> }
	no_shadow
}
sphere {
	0, 1
	scale<0.080000,0.200000,0.300000>
	matrix <-0.345829, -0.930181, 0.123149,
		0.119572, 0.086488, 0.989051,
		-0.930648, 0.356768, 0.081313,
		28.988607, 43.608353, 35.089134>
	pigment { color rgbt <0,1,1,0> }
	no_shadow
}
cylinder {
	<30.240147, 43.284683, 34.602222>,  <29.640060, 43.358616, 35.032215>, 0.130000
	pigment { color rgbt <1,0,0,0> }
	no_shadow
}

// nucleotide -1

// particle -1
sphere {
	<30.240147, 43.284683, 34.602222> 0.250000
	pigment { color rgbt <1,0,0,0> }
	no_shadow
}
cylinder {
	<30.638464, 43.249809, 34.590977>,  <30.877455, 43.228886, 34.584229>, 0.100000
	pigment { color rgbt <1,0,0,0> }
	no_shadow
}
cylinder {
	<30.638464, 43.249809, 34.590977>,  <30.240147, 43.284683, 34.602222>, 0.100000
	pigment { color rgbt <1,0,0,0> }
	no_shadow
}

// particle -1
sphere {
	<30.638464, 43.249809, 34.590977> 0.100000
	pigment { color rgbt <1,0,0,0> }
	no_shadow
}
sphere {
	0, 1
	scale<0.080000,0.200000,0.300000>
	matrix <-0.087782, -0.995925, -0.020692,
		-0.026195, 0.023073, -0.999391,
		0.995795, -0.087187, -0.028114,
		30.937202, 43.223652, 34.582542>
	pigment { color rgbt <0,1,1,0> }
	no_shadow
}
cylinder {
	<30.444221, 42.882248, 34.015530>,  <30.240147, 43.284683, 34.602222>, 0.130000
	pigment { color rgbt <1,0,0,0> }
	no_shadow
}

// nucleotide -1

// particle -1
sphere {
	<30.444221, 42.882248, 34.015530> 0.250000
	pigment { color rgbt <1,0,0,0> }
	no_shadow
}
cylinder {
	<30.712788, 42.862198, 34.311283>,  <30.873928, 42.850170, 34.488735>, 0.100000
	pigment { color rgbt <1,0,0,0> }
	no_shadow
}
cylinder {
	<30.712788, 42.862198, 34.311283>,  <30.444221, 42.882248, 34.015530>, 0.100000
	pigment { color rgbt <1,0,0,0> }
	no_shadow
}

// particle -1
sphere {
	<30.712788, 42.862198, 34.311283> 0.100000
	pigment { color rgbt <1,0,0,0> }
	no_shadow
}
sphere {
	0, 1
	scale<0.080000,0.200000,0.300000>
	matrix <-0.124615, -0.991140, 0.045971,
		0.730527, -0.123004, -0.671715,
		0.671417, -0.050123, 0.739382,
		30.914213, 42.847160, 34.533096>
	pigment { color rgbt <0,1,1,0> }
	no_shadow
}
cylinder {
	<31.086069, 42.462509, 33.839985>,  <30.444221, 42.882248, 34.015530>, 0.130000
	pigment { color rgbt <1,0,0,0> }
	no_shadow
}

// nucleotide -1

// particle -1
sphere {
	<31.086069, 42.462509, 33.839985> 0.250000
	pigment { color rgbt <1,0,0,0> }
	no_shadow
}
cylinder {
	<31.005810, 42.461624, 34.231850>,  <30.957655, 42.461094, 34.466969>, 0.100000
	pigment { color rgbt <1,0,0,0> }
	no_shadow
}
cylinder {
	<31.005810, 42.461624, 34.231850>,  <31.086069, 42.462509, 33.839985>, 0.100000
	pigment { color rgbt <1,0,0,0> }
	no_shadow
}

// particle -1
sphere {
	<31.005810, 42.461624, 34.231850> 0.100000
	pigment { color rgbt <1,0,0,0> }
	no_shadow
}
sphere {
	0, 1
	scale<0.080000,0.200000,0.300000>
	matrix <-0.149042, -0.988288, -0.032755,
		0.968260, -0.152583, 0.197969,
		-0.200648, -0.002210, 0.979661,
		30.945616, 42.460960, 34.525749>
	pigment { color rgbt <0,1,1,0> }
	no_shadow
}
cylinder {
	<31.475670, 42.025738, 34.246128>,  <31.086069, 42.462509, 33.839985>, 0.130000
	pigment { color rgbt <1,0,0,0> }
	no_shadow
}

// nucleotide -1

// particle -1
sphere {
	<31.475670, 42.025738, 34.246128> 0.250000
	pigment { color rgbt <1,0,0,0> }
	no_shadow
}
cylinder {
	<31.133318, 42.076485, 34.446678>,  <30.927908, 42.106934, 34.567009>, 0.100000
	pigment { color rgbt <1,0,0,0> }
	no_shadow
}
cylinder {
	<31.133318, 42.076485, 34.446678>,  <31.475670, 42.025738, 34.246128>, 0.100000
	pigment { color rgbt <1,0,0,0> }
	no_shadow
}

// particle -1
sphere {
	<31.133318, 42.076485, 34.446678> 0.100000
	pigment { color rgbt <1,0,0,0> }
	no_shadow
}
sphere {
	0, 1
	scale<0.080000,0.200000,0.300000>
	matrix <-0.051150, -0.985458, 0.162035,
		0.514643, 0.113037, 0.849921,
		-0.855878, 0.126864, 0.501377,
		30.876554, 42.114544, 34.597092>
	pigment { color rgbt <0,1,1,0> }
	no_shadow
}
cylinder {
	<31.493155, 41.741734, 34.975296>,  <31.475670, 42.025738, 34.246128>, 0.130000
	pigment { color rgbt <1,0,0,0> }
	no_shadow
}

// nucleotide -1

// particle -1
sphere {
	<31.493155, 41.741734, 34.975296> 0.250000
	pigment { color rgbt <1,0,0,0> }
	no_shadow
}
cylinder {
	<31.114851, 41.744850, 34.845387>,  <30.887869, 41.746719, 34.767441>, 0.100000
	pigment { color rgbt <1,0,0,0> }
	no_shadow
}
cylinder {
	<31.114851, 41.744850, 34.845387>,  <31.493155, 41.741734, 34.975296>, 0.100000
	pigment { color rgbt <1,0,0,0> }
	no_shadow
}

// particle -1
sphere {
	<31.114851, 41.744850, 34.845387> 0.100000
	pigment { color rgbt <1,0,0,0> }
	no_shadow
}
sphere {
	0, 1
	scale<0.080000,0.200000,0.300000>
	matrix <-0.064100, -0.984534, 0.163044,
		-0.318478, 0.175018, 0.931633,
		-0.945760, 0.007792, -0.324771,
		30.831123, 41.747189, 34.747955>
	pigment { color rgbt <0,1,1,0> }
	no_shadow
}
cylinder {
	<31.126593, 41.289238, 35.388332>,  <31.493155, 41.741734, 34.975296>, 0.130000
	pigment { color rgbt <1,0,0,0> }
	no_shadow
}

// nucleotide -1

// particle -1
sphere {
	<31.126593, 41.289238, 35.388332> 0.250000
	pigment { color rgbt <1,0,0,0> }
	no_shadow
}
cylinder {
	<30.883341, 41.327110, 35.073063>,  <30.737389, 41.349834, 34.883904>, 0.100000
	pigment { color rgbt <1,0,0,0> }
	no_shadow
}
cylinder {
	<30.883341, 41.327110, 35.073063>,  <31.126593, 41.289238, 35.388332>, 0.100000
	pigment { color rgbt <1,0,0,0> }
	no_shadow
}

// particle -1
sphere {
	<30.883341, 41.327110, 35.073063> 0.100000
	pigment { color rgbt <1,0,0,0> }
	no_shadow
}
sphere {
	0, 1
	scale<0.080000,0.200000,0.300000>
	matrix <-0.316497, -0.939456, 0.131351,
		-0.728015, 0.329332, 0.601277,
		-0.608132, 0.094676, -0.788170,
		30.700901, 41.355515, 34.836613>
	pigment { color rgbt <0,1,1,0> }
	no_shadow
}
cylinder {
	<30.627449, 40.914642, 35.641411>,  <31.126593, 41.289238, 35.388332>, 0.130000
	pigment { color rgbt <1,0,0,0> }
	no_shadow
}

// nucleotide -1

// particle -1
sphere {
	<30.627449, 40.914642, 35.641411> 0.250000
	pigment { color rgbt <1,0,0,0> }
	no_shadow
}
cylinder {
	<30.514410, 40.937737, 35.258411>,  <30.446587, 40.951591, 35.028610>, 0.100000
	pigment { color rgbt <1,0,0,0> }
	no_shadow
}
cylinder {
	<30.514410, 40.937737, 35.258411>,  <30.627449, 40.914642, 35.641411>, 0.100000
	pigment { color rgbt <1,0,0,0> }
	no_shadow
}

// particle -1
sphere {
	<30.514410, 40.937737, 35.258411> 0.100000
	pigment { color rgbt <1,0,0,0> }
	no_shadow
}
sphere {
	0, 1
	scale<0.080000,0.200000,0.300000>
	matrix <-0.349131, -0.935914, 0.046610,
		-0.893447, 0.347465, 0.284642,
		-0.282596, 0.057734, -0.957500,
		30.429632, 40.955055, 34.971161>
	pigment { color rgbt <0,1,1,0> }
	no_shadow
}
cylinder {
	<29.944447, 40.829510, 35.611660>,  <30.627449, 40.914642, 35.641411>, 0.130000
	pigment { color rgbt <1,0,0,0> }
	no_shadow
}

// nucleotide -1

// particle -1
sphere {
	<29.944447, 40.829510, 35.611660> 0.250000
	pigment { color rgbt <1,0,0,0> }
	no_shadow
}
cylinder {
	<30.090117, 40.725170, 35.254036>,  <30.177519, 40.662567, 35.039463>, 0.100000
	pigment { color rgbt <1,0,0,0> }
	no_shadow
}
cylinder {
	<30.090117, 40.725170, 35.254036>,  <29.944447, 40.829510, 35.611660>, 0.100000
	pigment { color rgbt <1,0,0,0> }
	no_shadow
}

// particle -1
sphere {
	<30.090117, 40.725170, 35.254036> 0.100000
	pigment { color rgbt <1,0,0,0> }
	no_shadow
}
sphere {
	0, 1
	scale<0.080000,0.200000,0.300000>
	matrix <-0.448007, -0.890675, 0.077376,
		-0.816497, 0.372365, -0.441222,
		0.364174, -0.260848, -0.894056,
		30.199369, 40.646915, 34.985821>
	pigment { color rgbt <0,1,1,0> }
	no_shadow
}
cylinder {
	<29.401913, 40.373512, 35.263584>,  <29.944447, 40.829510, 35.611660>, 0.130000
	pigment { color rgbt <1,0,0,0> }
	no_shadow
}

// nucleotide -1

// particle -1
sphere {
	<29.401913, 40.373512, 35.263584> 0.250000
	pigment { color rgbt <1,0,0,0> }
	no_shadow
}
cylinder {
	<29.742189, 40.308311, 35.063683>,  <29.946356, 40.269192, 34.943741>, 0.100000
	pigment { color rgbt <1,0,0,0> }
	no_shadow
}
cylinder {
	<29.742189, 40.308311, 35.063683>,  <29.401913, 40.373512, 35.263584>, 0.100000
	pigment { color rgbt <1,0,0,0> }
	no_shadow
}

// particle -1
sphere {
	<29.742189, 40.308311, 35.063683> 0.100000
	pigment { color rgbt <1,0,0,0> }
	no_shadow
}
sphere {
	0, 1
	scale<0.080000,0.200000,0.300000>
	matrix <-0.334084, -0.901659, -0.274589,
		-0.405847, 0.400550, -0.821492,
		0.850692, -0.163007, -0.499753,
		29.997396, 40.259411, 34.913757>
	pigment { color rgbt <0,1,1,0> }
	no_shadow
}
cylinder {
	<29.269066, 40.282272, 34.492119>,  <29.401913, 40.373512, 35.263584>, 0.130000
	pigment { color rgbt <1,0,0,0> }
	no_shadow
}

// nucleotide -1

// particle -1
sphere {
	<29.269066, 40.282272, 34.492119> 0.250000
	pigment { color rgbt <1,0,0,0> }
	no_shadow
}
cylinder {
	<29.615145, 40.101662, 34.579346>,  <29.822792, 39.993294, 34.631680>, 0.100000
	pigment { color rgbt <1,0,0,0> }
	no_shadow
}
cylinder {
	<29.615145, 40.101662, 34.579346>,  <29.269066, 40.282272, 34.492119>, 0.100000
	pigment { color rgbt <1,0,0,0> }
	no_shadow
}

// particle -1
sphere {
	<29.615145, 40.101662, 34.579346> 0.100000
	pigment { color rgbt <1,0,0,0> }
	no_shadow
}
sphere {
	0, 1
	scale<0.080000,0.200000,0.300000>
	matrix <-0.358682, -0.861204, -0.360103,
		0.350395, 0.233345, -0.907068,
		0.865199, -0.451528, 0.218065,
		29.874704, 39.966202, 34.644764>
	pigment { color rgbt <0,1,1,0> }
	no_shadow
}
cylinder {
	<29.291475, 39.758568, 33.969364>,  <29.269066, 40.282272, 34.492119>, 0.130000
	pigment { color rgbt <1,0,0,0> }
	no_shadow
}

// nucleotide -1

// particle -1
sphere {
	<29.291475, 39.758568, 33.969364> 0.250000
	pigment { color rgbt <1,0,0,0> }
	no_shadow
}
cylinder {
	<29.563316, 39.631668, 34.233936>,  <29.726421, 39.555527, 34.392681>, 0.100000
	pigment { color rgbt <1,0,0,0> }
	no_shadow
}
cylinder {
	<29.563316, 39.631668, 34.233936>,  <29.291475, 39.758568, 33.969364>, 0.100000
	pigment { color rgbt <1,0,0,0> }
	no_shadow
}

// particle -1
sphere {
	<29.563316, 39.631668, 34.233936> 0.100000
	pigment { color rgbt <1,0,0,0> }
	no_shadow
}
sphere {
	0, 1
	scale<0.080000,0.200000,0.300000>
	matrix <-0.168723, -0.945074, -0.279944,
