// switches for output
#declare DRAW_BASES = 1; // possible values are 0, 1; only relevant for DNA ribbons
#declare DRAW_BASES_TYPE = 3; // possible values are 1, 2, 3; only relevant for DNA ribbons
#declare DRAW_FOG = 0; // set to 1 to enable fog

#include "colors.inc"

#include "transforms.inc"
background { rgb <1, 1, 1>}

#default {
   normal{
       ripples 0.25
       frequency 0.20
       turbulence 0.2
       lambda 5
   }
	finish {
		phong 0.1
		phong_size 40.
	}
}

// original window dimensions: 1024x640


// camera settings

camera {
	sky <0, 0.179814, -0.983701>
	up <0, 0.179814, -0.983701>
	right 1.6 * <1, 0, 0>
	location <35, 94.9851, 44.8844>
	look_at <35, 29.7336, 32.9568>
	direction <0, -65.2515, -11.9276>
	angle 67.0682
}


# declare cpy_camera_pos = <35, 94.9851, 44.8844>;
# if (DRAW_FOG = 1)
fog {
	fog_type 2
	up vnormalize(cpy_camera_pos)
	color rgbt<1,1,1,0.3>
	distance 1e-5
	fog_alt 3e-3
	fog_offset 56
}
# end


// LIGHTS

# declare lum = 6;
global_settings {
	ambient_light rgb lum * <0.05, 0.05, 0.05>
	max_trace_level 15
}# declare cpy_direct_light_amount = 0.25;
light_source
{	1000 * <-1, -1.16352, -0.803886>,
	rgb lum * cpy_direct_light_amount
	parallel
}

light_source
{	1000 * <1, 1.16352, 0.803886>,
	rgb lum * cpy_direct_light_amount
	parallel
}

// strand 0

// nucleotide -1

// particle -1
sphere {
	<24.230917, 35.426601, 35.314682> 0.250000
	pigment { color rgbt <1,0,0,0> }
	no_shadow
}
cylinder {
	<24.263962, 35.063133, 35.150974>,  <24.283789, 34.845055, 35.052750>, 0.100000
	pigment { color rgbt <1,0,0,0> }
	no_shadow
}
cylinder {
	<24.263962, 35.063133, 35.150974>,  <24.230917, 35.426601, 35.314682>, 0.100000
	pigment { color rgbt <1,0,0,0> }
	no_shadow
}

// particle -1
sphere {
	<24.263962, 35.063133, 35.150974> 0.100000
	pigment { color rgbt <1,0,0,0> }
	no_shadow
}
sphere {
	0, 1
	scale<0.080000,0.200000,0.300000>
	matrix <0.612095, 0.370349, -0.698700,
		0.786457, -0.192788, 0.586786,
		0.082614, -0.908666, -0.409268,
		24.288746, 34.790535, 35.028194>
	pigment { color rgbt <0,1,1,0> }
	no_shadow
}
cylinder {
	<24.877157, 35.207256, 35.220268>,  <24.230917, 35.426601, 35.314682>, 0.130000
	pigment { color rgbt <1,0,0,0> }
	no_shadow
}

// nucleotide -1

// particle -1
sphere {
	<24.877157, 35.207256, 35.220268> 0.250000
	pigment { color rgbt <1,0,0,0> }
	no_shadow
}
cylinder {
	<24.668118, 35.007515, 34.943851>,  <24.542694, 34.887669, 34.778004>, 0.100000
	pigment { color rgbt <1,0,0,0> }
	no_shadow
}
cylinder {
	<24.668118, 35.007515, 34.943851>,  <24.877157, 35.207256, 35.220268>, 0.100000
	pigment { color rgbt <1,0,0,0> }
	no_shadow
}

// particle -1
sphere {
	<24.668118, 35.007515, 34.943851> 0.100000
	pigment { color rgbt <1,0,0,0> }
	no_shadow
}
sphere {
	0, 1
	scale<0.080000,0.200000,0.300000>
	matrix <0.567058, 0.401676, -0.719098,
		0.636660, -0.767658, 0.073250,
		-0.522599, -0.499357, -0.691038,
		24.511337, 34.857708, 34.736542>
	pigment { color rgbt <0,1,1,0> }
	no_shadow
}
cylinder {
	<25.324320, 34.725212, 34.699566>,  <24.877157, 35.207256, 35.220268>, 0.130000
	pigment { color rgbt <1,0,0,0> }
	no_shadow
}

// nucleotide -1

// particle -1
sphere {
	<25.324320, 34.725212, 34.699566> 0.250000
	pigment { color rgbt <1,0,0,0> }
	no_shadow
}
cylinder {
	<24.981615, 34.838951, 34.527470>,  <24.775991, 34.907196, 34.424213>, 0.100000
	pigment { color rgbt <1,0,0,0> }
	no_shadow
}
cylinder {
	<24.981615, 34.838951, 34.527470>,  <25.324320, 34.725212, 34.699566>, 0.100000
	pigment { color rgbt <1,0,0,0> }
	no_shadow
}

// particle -1
sphere {
	<24.981615, 34.838951, 34.527470> 0.100000
	pigment { color rgbt <1,0,0,0> }
	no_shadow
}
sphere {
	0, 1
	scale<0.080000,0.200000,0.300000>
	matrix <0.515696, 0.479203, -0.710228,
		0.004216, -0.830367, -0.557202,
		-0.856762, 0.284352, -0.430237,
		24.724586, 34.924255, 34.398399>
	pigment { color rgbt <0,1,1,0> }
	no_shadow
}
cylinder {
	<25.508743, 34.826572, 33.977642>,  <25.324320, 34.725212, 34.699566>, 0.130000
	pigment { color rgbt <1,0,0,0> }
	no_shadow
}

// nucleotide -1

// particle -1
sphere {
	<25.508743, 34.826572, 33.977642> 0.250000
	pigment { color rgbt <1,0,0,0> }
	no_shadow
}
cylinder {
	<25.168840, 35.031620, 34.026848>,  <24.964899, 35.154648, 34.056370>, 0.100000
	pigment { color rgbt <1,0,0,0> }
	no_shadow
}
cylinder {
	<25.168840, 35.031620, 34.026848>,  <25.508743, 34.826572, 33.977642>, 0.100000
	pigment { color rgbt <1,0,0,0> }
	no_shadow
}

// particle -1
sphere {
	<25.168840, 35.031620, 34.026848> 0.100000
	pigment { color rgbt <1,0,0,0> }
	no_shadow
}
sphere {
	0, 1
	scale<0.080000,0.200000,0.300000>
	matrix <0.299922, 0.662003, -0.686876,
		-0.433539, -0.546785, -0.716289,
		-0.849759, 0.512619, 0.123011,
		24.913912, 35.185406, 34.063751>
	pigment { color rgbt <0,1,1,0> }
	no_shadow
}
cylinder {
	<25.272497, 34.556904, 33.271717>,  <25.508743, 34.826572, 33.977642>, 0.130000
	pigment { color rgbt <1,0,0,0> }
	no_shadow
}

// nucleotide -1

// particle -1
sphere {
	<25.272497, 34.556904, 33.271717> 0.250000
	pigment { color rgbt <1,0,0,0> }
	no_shadow
}
cylinder {
	<25.431908, 34.923542, 33.258877>,  <25.527554, 35.143524, 33.251171>, 0.100000
	pigment { color rgbt <1,0,0,0> }
	no_shadow
}
cylinder {
	<25.431908, 34.923542, 33.258877>,  <25.272497, 34.556904, 33.271717>, 0.100000
	pigment { color rgbt <1,0,0,0> }
	no_shadow
}

// particle -1
sphere {
	<25.431908, 34.923542, 33.258877> 0.100000
	pigment { color rgbt <1,0,0,0> }
	no_shadow
}
sphere {
	0, 1
	scale<0.080000,0.200000,0.300000>
	matrix <0.007689, -0.038342, -0.999235,
		-0.917124, 0.397977, -0.022328,
		0.398528, 0.916594, -0.032104,
		25.551466, 35.198521, 33.249245>
	pigment { color rgbt <0,1,1,0> }
	no_shadow
}
cylinder {
	<24.892965, 34.907734, 32.817646>,  <25.272497, 34.556904, 33.271717>, 0.130000
	pigment { color rgbt <1,0,0,0> }
	no_shadow
}

// nucleotide -1

// particle -1
sphere {
	<24.892965, 34.907734, 32.817646> 0.250000
	pigment { color rgbt <1,0,0,0> }
	no_shadow
}
cylinder {
	<25.242628, 35.101280, 32.834274>,  <25.452425, 35.217407, 32.844250>, 0.100000
	pigment { color rgbt <1,0,0,0> }
	no_shadow
}
cylinder {
	<25.242628, 35.101280, 32.834274>,  <24.892965, 34.907734, 32.817646>, 0.100000
	pigment { color rgbt <1,0,0,0> }
	no_shadow
}

// particle -1
sphere {
	<25.242628, 35.101280, 32.834274> 0.100000
	pigment { color rgbt <1,0,0,0> }
	no_shadow
}
sphere {
	0, 1
	scale<0.080000,0.200000,0.300000>
	matrix <-0.044520, 0.165078, -0.985275,
		-0.483599, 0.859434, 0.165845,
		0.874157, 0.483862, 0.041570,
		25.504875, 35.246437, 32.846745>
	pigment { color rgbt <0,1,1,0> }
	no_shadow
}
cylinder {
	<24.851498, 35.521038, 32.436951>,  <24.892965, 34.907734, 32.817646>, 0.130000
	pigment { color rgbt <1,0,0,0> }
	no_shadow
}

// nucleotide -1

// particle -1
sphere {
	<24.851498, 35.521038, 32.436951> 0.250000
	pigment { color rgbt <1,0,0,0> }
	no_shadow
}
cylinder {
	<25.250679, 35.496651, 32.444668>,  <25.490189, 35.482018, 32.449299>, 0.100000
	pigment { color rgbt <1,0,0,0> }
	no_shadow
}
cylinder {
	<25.250679, 35.496651, 32.444668>,  <24.851498, 35.521038, 32.436951>, 0.100000
	pigment { color rgbt <1,0,0,0> }
	no_shadow
}

// particle -1
sphere {
	<25.250679, 35.496651, 32.444668> 0.100000
	pigment { color rgbt <1,0,0,0> }
	no_shadow
}
sphere {
	0, 1
	scale<0.080000,0.200000,0.300000>
	matrix <0.021179, 0.030431, -0.999313,
		0.060341, 0.997676, 0.031660,
		0.997953, -0.060970, 0.019294,
		25.550064, 35.478359, 32.450455>
	pigment { color rgbt <0,1,1,0> }
	no_shadow
}
cylinder {
	<25.102762, 36.009769, 31.972200>,  <24.851498, 35.521038, 32.436951>, 0.130000
	pigment { color rgbt <1,0,0,0> }
	no_shadow
}

// nucleotide -1

// particle -1
sphere {
	<25.102762, 36.009769, 31.972200> 0.250000
	pigment { color rgbt <1,0,0,0> }
	no_shadow
}
cylinder {
	<25.417215, 35.764496, 32.003181>,  <25.605886, 35.617332, 32.021770>, 0.100000
	pigment { color rgbt <1,0,0,0> }
	no_shadow
}
cylinder {
	<25.417215, 35.764496, 32.003181>,  <25.102762, 36.009769, 31.972200>, 0.100000
	pigment { color rgbt <1,0,0,0> }
	no_shadow
}

// particle -1
sphere {
	<25.417215, 35.764496, 32.003181> 0.100000
	pigment { color rgbt <1,0,0,0> }
	no_shadow
}
sphere {
	0, 1
	scale<0.080000,0.200000,0.300000>
	matrix <0.232106, 0.176751, -0.956497,
		0.572823, 0.769909, 0.281274,
		0.786131, -0.613188, 0.077453,
		25.653055, 35.580540, 32.026417>
	pigment { color rgbt <0,1,1,0> }
	no_shadow
}
cylinder {
	<25.651489, 36.482010, 31.612694>,  <25.102762, 36.009769, 31.972200>, 0.130000
	pigment { color rgbt <1,0,0,0> }
	no_shadow
}

// nucleotide -1

// particle -1
sphere {
	<25.651489, 36.482010, 31.612694> 0.250000
	pigment { color rgbt <1,0,0,0> }
	no_shadow
}
cylinder {
	<25.754524, 36.098522, 31.660868>,  <25.816345, 35.868431, 31.689774>, 0.100000
	pigment { color rgbt <1,0,0,0> }
	no_shadow
}
cylinder {
	<25.754524, 36.098522, 31.660868>,  <25.651489, 36.482010, 31.612694>, 0.100000
	pigment { color rgbt <1,0,0,0> }
	no_shadow
}

// particle -1
sphere {
	<25.754524, 36.098522, 31.660868> 0.100000
	pigment { color rgbt <1,0,0,0> }
	no_shadow
}
sphere {
	0, 1
	scale<0.080000,0.200000,0.300000>
	matrix <0.469570, 0.015268, -0.882763,
		0.844484, 0.283942, 0.454119,
		0.257587, -0.958720, 0.120437,
		25.831800, 35.810905, 31.696999>
	pigment { color rgbt <0,1,1,0> }
	no_shadow
}
cylinder {
	<26.301184, 36.451351, 31.538059>,  <25.651489, 36.482010, 31.612694>, 0.130000
	pigment { color rgbt <1,0,0,0> }
	no_shadow
}

// nucleotide -1

// particle -1
sphere {
	<26.301184, 36.451351, 31.538059> 0.250000
	pigment { color rgbt <1,0,0,0> }
	no_shadow
}
cylinder {
	<26.157686, 36.087631, 31.453705>,  <26.071587, 35.869400, 31.403093>, 0.100000
	pigment { color rgbt <1,0,0,0> }
	no_shadow
}
cylinder {
	<26.157686, 36.087631, 31.453705>,  <26.301184, 36.451351, 31.538059>, 0.100000
	pigment { color rgbt <1,0,0,0> }
	no_shadow
}

// particle -1
sphere {
	<26.157686, 36.087631, 31.453705> 0.100000
	pigment { color rgbt <1,0,0,0> }
	no_shadow
}
sphere {
	0, 1
	scale<0.080000,0.200000,0.300000>
	matrix <0.353594, 0.076703, -0.932249,
		0.863871, -0.409006, 0.294007,
		-0.358745, -0.909302, -0.210884,
		26.050062, 35.814842, 31.390440>
	pigment { color rgbt <0,1,1,0> }
	no_shadow
}
cylinder {
	<26.696896, 36.271702, 31.001337>,  <26.301184, 36.451351, 31.538059>, 0.130000
	pigment { color rgbt <1,0,0,0> }
	no_shadow
}

// nucleotide -1

// particle -1
sphere {
	<26.696896, 36.271702, 31.001337> 0.250000
	pigment { color rgbt <1,0,0,0> }
	no_shadow
}
cylinder {
	<26.393564, 36.014790, 30.956776>,  <26.211565, 35.860641, 30.930038>, 0.100000
	pigment { color rgbt <1,0,0,0> }
	no_shadow
}
cylinder {
	<26.393564, 36.014790, 30.956776>,  <26.696896, 36.271702, 31.001337>, 0.100000
	pigment { color rgbt <1,0,0,0> }
	no_shadow
}

// particle -1
sphere {
	<26.393564, 36.014790, 30.956776> 0.100000
	pigment { color rgbt <1,0,0,0> }
	no_shadow
}
sphere {
	0, 1
	scale<0.080000,0.200000,0.300000>
	matrix <0.056304, 0.105726, -0.992800,
		0.649434, -0.759143, -0.044012,
		-0.758331, -0.642280, -0.111405,
		26.166065, 35.822105, 30.923355>
	pigment { color rgbt <0,1,1,0> }
	no_shadow
}
cylinder {
	<26.941250, 35.920200, 30.513906>,  <26.696896, 36.271702, 31.001337>, 0.130000
	pigment { color rgbt <1,0,0,0> }
	no_shadow
}

// nucleotide -1

// particle -1
sphere {
	<26.941250, 35.920200, 30.513906> 0.250000
	pigment { color rgbt <1,0,0,0> }
	no_shadow
}
cylinder {
	<26.547062, 35.853886, 30.499155>,  <26.310549, 35.814098, 30.490305>, 0.100000
	pigment { color rgbt <1,0,0,0> }
	no_shadow
}
cylinder {
	<26.547062, 35.853886, 30.499155>,  <26.941250, 35.920200, 30.513906>, 0.100000
	pigment { color rgbt <1,0,0,0> }
	no_shadow
}

// particle -1
sphere {
	<26.547062, 35.853886, 30.499155> 0.100000
	pigment { color rgbt <1,0,0,0> }
	no_shadow
}
sphere {
	0, 1
	scale<0.080000,0.200000,0.300000>
	matrix <0.026599, 0.063804, -0.997608,
		0.167744, -0.984095, -0.058467,
		-0.985472, -0.165788, -0.036879,
		26.251421, 35.804150, 30.488091>
	pigment { color rgbt <0,1,1,0> }
	no_shadow
}
cylinder {
	<26.829720, 35.453758, 30.021076>,  <26.941250, 35.920200, 30.513906>, 0.130000
	pigment { color rgbt <1,0,0,0> }
	no_shadow
}

// nucleotide -1

// particle -1
sphere {
	<26.829720, 35.453758, 30.021076> 0.250000
	pigment { color rgbt <1,0,0,0> }
	no_shadow
}
cylinder {
	<26.463861, 35.612724, 30.050699>,  <26.244347, 35.708103, 30.068474>, 0.100000
	pigment { color rgbt <1,0,0,0> }
	no_shadow
}
cylinder {
	<26.463861, 35.612724, 30.050699>,  <26.829720, 35.453758, 30.021076>, 0.100000
	pigment { color rgbt <1,0,0,0> }
	no_shadow
}

// particle -1
sphere {
	<26.463861, 35.612724, 30.050699> 0.100000
	pigment { color rgbt <1,0,0,0> }
	no_shadow
}
sphere {
	0, 1
	scale<0.080000,0.200000,0.300000>
	matrix <-0.048985, 0.072888, -0.996136,
		-0.401281, -0.914738, -0.047199,
		-0.914644, 0.397419, 0.074057,
		26.189468, 35.731949, 30.072916>
	pigment { color rgbt <0,1,1,0> }
	no_shadow
}
cylinder {
	<26.478369, 35.095215, 29.518272>,  <26.829720, 35.453758, 30.021076>, 0.130000
	pigment { color rgbt <1,0,0,0> }
	no_shadow
}

// nucleotide -1

// particle -1
sphere {
	<26.478369, 35.095215, 29.518272> 0.250000
	pigment { color rgbt <1,0,0,0> }
	no_shadow
}
cylinder {
	<26.298084, 35.445545, 29.587305>,  <26.189915, 35.655743, 29.628725>, 0.100000
	pigment { color rgbt <1,0,0,0> }
	no_shadow
}
cylinder {
	<26.298084, 35.445545, 29.587305>,  <26.478369, 35.095215, 29.518272>, 0.100000
	pigment { color rgbt <1,0,0,0> }
	no_shadow
}

// particle -1
sphere {
	<26.298084, 35.445545, 29.587305> 0.100000
	pigment { color rgbt <1,0,0,0> }
	no_shadow
}
sphere {
	0, 1
	scale<0.080000,0.200000,0.300000>
	matrix <0.015790, 0.201123, -0.979439,
		-0.892531, -0.438718, -0.104477,
		-0.450710, 0.875829, 0.172581,
		26.162870, 35.708294, 29.639080>
	pigment { color rgbt <0,1,1,0> }
	no_shadow
}
cylinder {
	<25.926394, 35.049221, 29.197706>,  <26.478369, 35.095215, 29.518272>, 0.130000
	pigment { color rgbt <1,0,0,0> }
	no_shadow
}

// nucleotide -1

// particle -1
sphere {
	<25.926394, 35.049221, 29.197706> 0.250000
	pigment { color rgbt <1,0,0,0> }
	no_shadow
}
cylinder {
	<25.994444, 35.442799, 29.219263>,  <26.035275, 35.678947, 29.232197>, 0.100000
	pigment { color rgbt <1,0,0,0> }
	no_shadow
}
cylinder {
	<25.994444, 35.442799, 29.219263>,  <25.926394, 35.049221, 29.197706>, 0.100000
	pigment { color rgbt <1,0,0,0> }
	no_shadow
}

// particle -1
sphere {
	<25.994444, 35.442799, 29.219263> 0.100000
	pigment { color rgbt <1,0,0,0> }
	no_shadow
}
sphere {
	0, 1
	scale<0.080000,0.200000,0.300000>
	matrix <-0.237596, 0.094033, -0.966802,
		-0.956349, 0.151676, 0.249780,
		0.170128, 0.983947, 0.053891,
		26.045483, 35.737984, 29.235430>
	pigment { color rgbt <0,1,1,0> }
	no_shadow
}
cylinder {
	<25.539001, 35.262936, 28.703344>,  <25.926394, 35.049221, 29.197706>, 0.130000
	pigment { color rgbt <1,0,0,0> }
	no_shadow
}

// nucleotide -1

// particle -1
sphere {
	<25.539001, 35.262936, 28.703344> 0.250000
	pigment { color rgbt <1,0,0,0> }
	no_shadow
}
cylinder {
	<25.731859, 35.597977, 28.806068>,  <25.847574, 35.799004, 28.867702>, 0.100000
	pigment { color rgbt <1,0,0,0> }
	no_shadow
}
cylinder {
	<25.731859, 35.597977, 28.806068>,  <25.539001, 35.262936, 28.703344>, 0.100000
	pigment { color rgbt <1,0,0,0> }
	no_shadow
}

// particle -1
sphere {
	<25.731859, 35.597977, 28.806068> 0.100000
	pigment { color rgbt <1,0,0,0> }
	no_shadow
}
sphere {
	0, 1
	scale<0.080000,0.200000,0.300000>
	matrix <-0.034760, 0.311190, -0.949712,
		-0.875402, 0.448972, 0.179154,
		0.482145, 0.837607, 0.256810,
		25.876503, 35.849258, 28.883112>
	pigment { color rgbt <0,1,1,0> }
	no_shadow
}
cylinder {
	<25.118824, 35.821098, 28.530003>,  <25.539001, 35.262936, 28.703344>, 0.130000
	pigment { color rgbt <1,0,0,0> }
	no_shadow
}

// nucleotide -1

// particle -1
sphere {
	<25.118824, 35.821098, 28.530003> 0.250000
	pigment { color rgbt <1,0,0,0> }
	no_shadow
}
cylinder {
	<25.477859, 35.996277, 28.550161>,  <25.693281, 36.101383, 28.562256>, 0.100000
	pigment { color rgbt <1,0,0,0> }
	no_shadow
}
cylinder {
	<25.477859, 35.996277, 28.550161>,  <25.118824, 35.821098, 28.530003>, 0.100000
	pigment { color rgbt <1,0,0,0> }
	no_shadow
}

// particle -1
sphere {
	<25.477859, 35.996277, 28.550161> 0.100000
	pigment { color rgbt <1,0,0,0> }
	no_shadow
}
sphere {
	0, 1
	scale<0.080000,0.200000,0.300000>
	matrix <-0.085681, 0.285452, -0.954555,
		-0.432425, 0.852481, 0.293742,
		0.897590, 0.437942, 0.050395,
		25.747137, 36.127659, 28.565279>
	pigment { color rgbt <0,1,1,0> }
	no_shadow
}
cylinder {
	<25.079491, 36.461452, 28.092970>,  <25.118824, 35.821098, 28.530003>, 0.130000
	pigment { color rgbt <1,0,0,0> }
	no_shadow
}

// nucleotide -1

// particle -1
sphere {
	<25.079491, 36.461452, 28.092970> 0.250000
	pigment { color rgbt <1,0,0,0> }
	no_shadow
}
cylinder {
	<25.470339, 36.389488, 28.138344>,  <25.704847, 36.346310, 28.165569>, 0.100000
	pigment { color rgbt <1,0,0,0> }
	no_shadow
}
cylinder {
	<25.470339, 36.389488, 28.138344>,  <25.079491, 36.461452, 28.092970>, 0.100000
	pigment { color rgbt <1,0,0,0> }
	no_shadow
}

// particle -1
sphere {
	<25.470339, 36.389488, 28.138344> 0.100000
	pigment { color rgbt <1,0,0,0> }
	no_shadow
}
sphere {
	0, 1
	scale<0.080000,0.200000,0.300000>
	matrix <0.166844, 0.317607, -0.933429,
		0.131906, 0.930998, 0.340357,
		0.977120, -0.179911, 0.113437,
		25.763475, 36.335514, 28.172375>
	pigment { color rgbt <0,1,1,0> }
	no_shadow
}
cylinder {
	<25.468298, 36.989624, 27.610676>,  <25.079491, 36.461452, 28.092970>, 0.130000
	pigment { color rgbt <1,0,0,0> }
	no_shadow
}

// nucleotide -1

// particle -1
sphere {
	<25.468298, 36.989624, 27.610676> 0.250000
	pigment { color rgbt <1,0,0,0> }
	no_shadow
}
cylinder {
	<25.771421, 36.735893, 27.671797>,  <25.953297, 36.583652, 27.708469>, 0.100000
	pigment { color rgbt <1,0,0,0> }
	no_shadow
}
cylinder {
	<25.771421, 36.735893, 27.671797>,  <25.468298, 36.989624, 27.610676>, 0.100000
	pigment { color rgbt <1,0,0,0> }
	no_shadow
}

// particle -1
sphere {
	<25.771421, 36.735893, 27.671797> 0.100000
	pigment { color rgbt <1,0,0,0> }
	no_shadow
}
sphere {
	0, 1
	scale<0.080000,0.200000,0.300000>
	matrix <0.339925, 0.183930, -0.922291,
		0.556932, 0.750863, 0.355009,
		0.757811, -0.634330, 0.152801,
		25.998764, 36.545593, 27.717636>
	pigment { color rgbt <0,1,1,0> }
	no_shadow
}
cylinder {
	<26.075739, 37.325336, 27.300283>,  <25.468298, 36.989624, 27.610676>, 0.130000
	pigment { color rgbt <1,0,0,0> }
	no_shadow
}

// nucleotide -1

// particle -1
sphere {
	<26.075739, 37.325336, 27.300283> 0.250000
	pigment { color rgbt <1,0,0,0> }
	no_shadow
}
cylinder {
	<26.150818, 36.932713, 27.314787>,  <26.195866, 36.697140, 27.323490>, 0.100000
	pigment { color rgbt <1,0,0,0> }
	no_shadow
}
cylinder {
	<26.150818, 36.932713, 27.314787>,  <26.075739, 37.325336, 27.300283>, 0.100000
	pigment { color rgbt <1,0,0,0> }
	no_shadow
}

// particle -1
sphere {
	<26.150818, 36.932713, 27.314787> 0.100000
	pigment { color rgbt <1,0,0,0> }
	no_shadow
}
sphere {
	0, 1
	scale<0.080000,0.200000,0.300000>
	matrix <0.487736, 0.061096, -0.870851,
		0.852574, 0.181142, 0.490209,
		0.187697, -0.981557, 0.036261,
		26.207127, 36.638245, 27.325665>
	pigment { color rgbt <0,1,1,0> }
	no_shadow
}
cylinder {
	<26.751104, 37.317120, 27.164537>,  <26.075739, 37.325336, 27.300283>, 0.130000
	pigment { color rgbt <1,0,0,0> }
	no_shadow
}

// nucleotide -1

// particle -1
sphere {
	<26.751104, 37.317120, 27.164537> 0.250000
	pigment { color rgbt <1,0,0,0> }
	no_shadow
}
cylinder {
	<26.596457, 36.956051, 27.088953>,  <26.503668, 36.739410, 27.043602>, 0.100000
	pigment { color rgbt <1,0,0,0> }
	no_shadow
}
cylinder {
	<26.596457, 36.956051, 27.088953>,  <26.751104, 37.317120, 27.164537>, 0.100000
	pigment { color rgbt <1,0,0,0> }
	no_shadow
}

// particle -1
sphere {
	<26.596457, 36.956051, 27.088953> 0.100000
	pigment { color rgbt <1,0,0,0> }
	no_shadow
}
sphere {
	0, 1
	scale<0.080000,0.200000,0.300000>
	matrix <0.462899, -0.012724, -0.886320,
		0.797652, -0.430140, 0.422766,
		-0.386621, -0.902672, -0.188962,
		26.480471, 36.685249, 27.032265>
	pigment { color rgbt <0,1,1,0> }
	no_shadow
}
cylinder {
	<27.291466, 36.941078, 26.727407>,  <26.751104, 37.317120, 27.164537>, 0.130000
	pigment { color rgbt <1,0,0,0> }
	no_shadow
}

// nucleotide -1

// particle -1
sphere {
	<27.291466, 36.941078, 26.727407> 0.250000
	pigment { color rgbt <1,0,0,0> }
	no_shadow
}
cylinder {
	<26.968971, 36.710903, 26.672485>,  <26.775475, 36.572800, 26.639532>, 0.100000
	pigment { color rgbt <1,0,0,0> }
	no_shadow
}
cylinder {
	<26.968971, 36.710903, 26.672485>,  <27.291466, 36.941078, 26.727407>, 0.100000
	pigment { color rgbt <1,0,0,0> }
	no_shadow
}

// particle -1
sphere {
	<26.968971, 36.710903, 26.672485> 0.100000
	pigment { color rgbt <1,0,0,0> }
	no_shadow
}
sphere {
	0, 1
	scale<0.080000,0.200000,0.300000>
	matrix <0.326857, -0.239829, -0.914137,
		0.493099, -0.781891, 0.381445,
		-0.806238, -0.575438, -0.137307,
		26.727100, 36.538273, 26.631292>
	pigment { color rgbt <0,1,1,0> }
	no_shadow
}
cylinder {
	<27.474434, 36.204033, 26.355505>,  <27.291466, 36.941078, 26.727407>, 0.130000
	pigment { color rgbt <1,0,0,0> }
	no_shadow
}

// nucleotide -1

// particle -1
sphere {
	<27.474434, 36.204033, 26.355505> 0.250000
	pigment { color rgbt <1,0,0,0> }
	no_shadow
}
cylinder {
	<27.090338, 36.289223, 26.283304>,  <26.859880, 36.340336, 26.239983>, 0.100000
	pigment { color rgbt <1,0,0,0> }
	no_shadow
}
cylinder {
	<27.090338, 36.289223, 26.283304>,  <27.474434, 36.204033, 26.355505>, 0.100000
	pigment { color rgbt <1,0,0,0> }
	no_shadow
}

// particle -1
sphere {
	<27.090338, 36.289223, 26.283304> 0.100000
	pigment { color rgbt <1,0,0,0> }
	no_shadow
}
sphere {
	0, 1
	scale<0.080000,0.200000,0.300000>
	matrix <0.127550, -0.240445, -0.962246,
		-0.248349, -0.947007, 0.203718,
		-0.960236, 0.212988, -0.180505,
		26.802265, 36.353115, 26.229153>
	pigment { color rgbt <0,1,1,0> }
	no_shadow
}
cylinder {
	<27.256411, 35.700745, 25.951191>,  <27.474434, 36.204033, 26.355505>, 0.130000
	pigment { color rgbt <1,0,0,0> }
	no_shadow
}

// nucleotide -1

// particle -1
sphere {
	<27.256411, 35.700745, 25.951191> 0.250000
	pigment { color rgbt <1,0,0,0> }
	no_shadow
}
cylinder {
	<26.966476, 35.969082, 25.888475>,  <26.792517, 36.130085, 25.850845>, 0.100000
	pigment { color rgbt <1,0,0,0> }
	no_shadow
}
cylinder {
	<26.966476, 35.969082, 25.888475>,  <27.256411, 35.700745, 25.951191>, 0.100000
	pigment { color rgbt <1,0,0,0> }
	no_shadow
}

// particle -1
sphere {
	<26.966476, 35.969082, 25.888475> 0.100000
	pigment { color rgbt <1,0,0,0> }
	no_shadow
}
sphere {
	0, 1
	scale<0.080000,0.200000,0.300000>
	matrix <0.126418, -0.094205, -0.987494,
		-0.677225, -0.735591, -0.016524,
		-0.724834, 0.670844, -0.156790,
		26.749025, 36.170334, 25.841438>
	pigment { color rgbt <0,1,1,0> }
	no_shadow
}
cylinder {
	<26.638056, 35.439781, 25.510225>,  <27.256411, 35.700745, 25.951191>, 0.130000
	pigment { color rgbt <1,0,0,0> }
	no_shadow
}

// nucleotide -1

// particle -1
sphere {
	<26.638056, 35.439781, 25.510225> 0.250000
	pigment { color rgbt <1,0,0,0> }
	no_shadow
}
cylinder {
	<26.710861, 35.830757, 25.467369>,  <26.754545, 36.065342, 25.441656>, 0.100000
	pigment { color rgbt <1,0,0,0> }
	no_shadow
}
cylinder {
	<26.710861, 35.830757, 25.467369>,  <26.638056, 35.439781, 25.510225>, 0.100000
	pigment { color rgbt <1,0,0,0> }
	no_shadow
}

// particle -1
sphere {
	<26.710861, 35.830757, 25.467369> 0.100000
	pigment { color rgbt <1,0,0,0> }
	no_shadow
}
sphere {
	0, 1
	scale<0.080000,0.200000,0.300000>
	matrix <-0.013075, -0.106543, -0.994222,
		-0.983209, 0.182363, -0.006612,
		0.182014, 0.977442, -0.107139,
		26.765465, 36.123989, 25.435228>
	pigment { color rgbt <0,1,1,0> }
	no_shadow
}
cylinder {
	<26.244581, 35.717915, 24.955614>,  <26.638056, 35.439781, 25.510225>, 0.130000
	pigment { color rgbt <1,0,0,0> }
	no_shadow
}

// nucleotide -1

// particle -1
sphere {
	<26.244581, 35.717915, 24.955614> 0.250000
	pigment { color rgbt <1,0,0,0> }
	no_shadow
}
cylinder {
	<26.537594, 35.989311, 24.977722>,  <26.713402, 36.152149, 24.990988>, 0.100000
	pigment { color rgbt <1,0,0,0> }
	no_shadow
}
cylinder {
	<26.537594, 35.989311, 24.977722>,  <26.244581, 35.717915, 24.955614>, 0.100000
	pigment { color rgbt <1,0,0,0> }
	no_shadow
}

// particle -1
sphere {
	<26.537594, 35.989311, 24.977722> 0.100000
	pigment { color rgbt <1,0,0,0> }
	no_shadow
}
sphere {
	0, 1
	scale<0.080000,0.200000,0.300000>
	matrix <0.039663, 0.038513, -0.998471,
		-0.679579, 0.733601, 0.001301,
		0.732529, 0.678488, 0.055269,
		26.757353, 36.192856, 24.994303>
	pigment { color rgbt <0,1,1,0> }
	no_shadow
}
cylinder {
	<26.156191, 36.388714, 24.637802>,  <26.244581, 35.717915, 24.955614>, 0.130000
	pigment { color rgbt <1,0,0,0> }
	no_shadow
}

// nucleotide -1

// particle -1
sphere {
	<26.156191, 36.388714, 24.637802> 0.250000
	pigment { color rgbt <1,0,0,0> }
	no_shadow
}
cylinder {
	<26.468882, 36.200901, 24.473637>,  <26.656496, 36.088215, 24.375137>, 0.100000
	pigment { color rgbt <1,0,0,0> }
	no_shadow
}
cylinder {
	<26.468882, 36.200901, 24.473637>,  <26.156191, 36.388714, 24.637802>, 0.100000
	pigment { color rgbt <1,0,0,0> }
	no_shadow
}

// particle -1
sphere {
	<26.468882, 36.200901, 24.473637> 0.100000
	pigment { color rgbt <1,0,0,0> }
	no_shadow
}
sphere {
	0, 1
	scale<0.080000,0.200000,0.300000>
	matrix <-0.311865, 0.275569, -0.909287,
		0.540037, 0.838809, 0.068990,
		0.781729, -0.469533, -0.410412,
		26.703400, 36.060040, 24.350513>
	pigment { color rgbt <0,1,1,0> }
	no_shadow
}
cylinder {
	<26.663158, 36.874493, 24.313892>,  <26.156191, 36.388714, 24.637802>, 0.130000
	pigment { color rgbt <1,0,0,0> }
	no_shadow
}

// nucleotide -1

// particle -1
sphere {
	<26.663158, 36.874493, 24.313892> 0.250000
	pigment { color rgbt <1,0,0,0> }
	no_shadow
}
cylinder {
	<26.611479, 36.512772, 24.151146>,  <26.580471, 36.295738, 24.053499>, 0.100000
	pigment { color rgbt <1,0,0,0> }
	no_shadow
}
cylinder {
	<26.611479, 36.512772, 24.151146>,  <26.663158, 36.874493, 24.313892>, 0.100000
	pigment { color rgbt <1,0,0,0> }
	no_shadow
}

// particle -1
sphere {
	<26.611479, 36.512772, 24.151146> 0.100000
	pigment { color rgbt <1,0,0,0> }
	no_shadow
}
sphere {
	0, 1
	scale<0.080000,0.200000,0.300000>
	matrix <-0.526891, 0.410195, -0.744397,
		0.840056, 0.118198, -0.529467,
		-0.129198, -0.904306, -0.406865,
		26.572720, 36.241478, 24.029087>
	pigment { color rgbt <0,1,1,0> }
	no_shadow
}
cylinder {
	<27.465914, 36.711834, 24.207111>,  <26.663158, 36.874493, 24.313892>, 0.130000
	pigment { color rgbt <1,0,0,0> }
	no_shadow
}

// nucleotide -1

// particle -1
sphere {
	<27.465914, 36.711834, 24.207111> 0.250000
	pigment { color rgbt <1,0,0,0> }
	no_shadow
}
cylinder {
	<27.324724, 37.084602, 24.173800>,  <27.240009, 37.308262, 24.153812>, 0.100000
	pigment { color rgbt <1,0,0,0> }
	no_shadow
}
cylinder {
	<27.324724, 37.084602, 24.173800>,  <27.465914, 36.711834, 24.207111>, 0.100000
	pigment { color rgbt <1,0,0,0> }
	no_shadow
}

// particle -1
sphere {
	<27.324724, 37.084602, 24.173800> 0.100000
	pigment { color rgbt <1,0,0,0> }
	no_shadow
}
sphere {
	0, 1
	scale<0.080000,0.200000,0.300000>
	matrix <0.632361, 0.303219, 0.712866,
		0.689585, 0.198961, -0.696338,
		-0.352975, 0.931919, -0.083280,
		27.218832, 37.364178, 24.148815>
	pigment { color rgbt <0,1,1,0> }
	no_shadow
}
cylinder {
	<28.068844, 37.082058, 23.970615>,  <27.465914, 36.711834, 24.207111>, 0.130000
	pigment { color rgbt <1,0,0,0> }
	no_shadow
}

// nucleotide -1

// particle -1
sphere {
	<28.068844, 37.082058, 23.970615> 0.250000
	pigment { color rgbt <1,0,0,0> }
	no_shadow
}
cylinder {
	<27.786606, 37.229477, 24.212709>,  <27.617264, 37.317928, 24.357965>, 0.100000
	pigment { color rgbt <1,0,0,0> }
	no_shadow
}
cylinder {
	<27.786606, 37.229477, 24.212709>,  <28.068844, 37.082058, 23.970615>, 0.100000
	pigment { color rgbt <1,0,0,0> }
	no_shadow
}

// particle -1
sphere {
	<27.786606, 37.229477, 24.212709> 0.100000
	pigment { color rgbt <1,0,0,0> }
	no_shadow
}
sphere {
	0, 1
	scale<0.080000,0.200000,0.300000>
	matrix <0.693069, 0.180983, 0.697783,
		0.147629, 0.911821, -0.383130,
		-0.705593, 0.368549, 0.605236,
		27.574928, 37.340042, 24.394279>
	pigment { color rgbt <0,1,1,0> }
	no_shadow
}
cylinder {
	<28.172304, 37.861809, 24.171049>,  <28.068844, 37.082058, 23.970615>, 0.130000
	pigment { color rgbt <1,0,0,0> }
	no_shadow
}

// nucleotide -1

// particle -1
sphere {
	<28.172304, 37.861809, 24.171049> 0.250000
	pigment { color rgbt <1,0,0,0> }
	no_shadow
}
cylinder {
	<27.981310, 37.626862, 24.432432>,  <27.866713, 37.485893, 24.589262>, 0.100000
	pigment { color rgbt <1,0,0,0> }
	no_shadow
}
cylinder {
	<27.981310, 37.626862, 24.432432>,  <28.172304, 37.861809, 24.171049>, 0.100000
	pigment { color rgbt <1,0,0,0> }
	no_shadow
}

// particle -1
sphere {
	<27.981310, 37.626862, 24.432432> 0.100000
	pigment { color rgbt <1,0,0,0> }
	no_shadow
}
sphere {
	0, 1
	scale<0.080000,0.200000,0.300000>
	matrix <0.752644, 0.110314, 0.649121,
		-0.453358, 0.801767, 0.389406,
		-0.477487, -0.587368, 0.653456,
		27.838064, 37.450649, 24.628469>
	pigment { color rgbt <0,1,1,0> }
	no_shadow
}
cylinder {
	<28.102329, 38.274315, 24.694202>,  <28.172304, 37.861809, 24.171049>, 0.130000
	pigment { color rgbt <1,0,0,0> }
	no_shadow
}

// nucleotide -1

// particle -1
sphere {
	<28.102329, 38.274315, 24.694202> 0.250000
	pigment { color rgbt <1,0,0,0> }
	no_shadow
}
cylinder {
	<28.145239, 37.879856, 24.744797>,  <28.170984, 37.643181, 24.775154>, 0.100000
	pigment { color rgbt <1,0,0,0> }
	no_shadow
}
cylinder {
	<28.145239, 37.879856, 24.744797>,  <28.102329, 38.274315, 24.694202>, 0.100000
	pigment { color rgbt <1,0,0,0> }
	no_shadow
}

// particle -1
sphere {
	<28.145239, 37.879856, 24.744797> 0.100000
	pigment { color rgbt <1,0,0,0> }
	no_shadow
}
sphere {
	0, 1
	scale<0.080000,0.200000,0.300000>
	matrix <0.938653, 0.142393, 0.314094,
		-0.327755, 0.085032, 0.940928,
		0.107273, -0.986151, 0.126485,
		28.177422, 37.584011, 24.782742>
	pigment { color rgbt <0,1,1,0> }
	no_shadow
}
cylinder {
	<28.831785, 38.325001, 24.925896>,  <28.102329, 38.274315, 24.694202>, 0.130000
	pigment { color rgbt <1,0,0,0> }
	no_shadow
}

// nucleotide -1

// particle -1
sphere {
	<28.831785, 38.325001, 24.925896> 0.250000
	pigment { color rgbt <1,0,0,0> }
	no_shadow
}
cylinder {
	<29.222559, 38.371704, 24.854383>,  <29.457024, 38.399727, 24.811476>, 0.100000
	pigment { color rgbt <1,0,0,0> }
	no_shadow
}
cylinder {
	<29.222559, 38.371704, 24.854383>,  <28.831785, 38.325001, 24.925896>, 0.100000
	pigment { color rgbt <1,0,0,0> }
	no_shadow
}

// particle -1
sphere {
	<29.222559, 38.371704, 24.854383> 0.100000
	pigment { color rgbt <1,0,0,0> }
	no_shadow
}
sphere {
	0, 1
	scale<0.080000,0.200000,0.300000>
	matrix <0.167605, 0.099481, 0.980822,
		0.132308, -0.988165, 0.077616,
		0.976936, 0.116761, -0.178783,
		29.515640, 38.406731, 24.800749>
	pigment { color rgbt <0,1,1,0> }
	no_shadow
}
cylinder {
	<29.212545, 37.831478, 25.319498>,  <28.831785, 38.325001, 24.925896>, 0.130000
	pigment { color rgbt <1,0,0,0> }
	no_shadow
}

// nucleotide -1

// particle -1
sphere {
	<29.212545, 37.831478, 25.319498> 0.250000
	pigment { color rgbt <1,0,0,0> }
	no_shadow
}
cylinder {
	<29.413885, 38.174713, 25.278845>,  <29.534689, 38.380653, 25.254454>, 0.100000
	pigment { color rgbt <1,0,0,0> }
	no_shadow
}
cylinder {
	<29.413885, 38.174713, 25.278845>,  <29.212545, 37.831478, 25.319498>, 0.100000
	pigment { color rgbt <1,0,0,0> }
	no_shadow
}

// particle -1
sphere {
	<29.413885, 38.174713, 25.278845> 0.100000
	pigment { color rgbt <1,0,0,0> }
	no_shadow
}
sphere {
	0, 1
	scale<0.080000,0.200000,0.300000>
	matrix <-0.094134, 0.171372, 0.980699,
		0.858940, -0.484067, 0.167035,
		0.503350, 0.858085, -0.101631,
		29.564890, 38.432140, 25.248356>
	pigment { color rgbt <0,1,1,0> }
	no_shadow
}
cylinder {
	<29.703333, 37.864880, 25.788960>,  <29.212545, 37.831478, 25.319498>, 0.130000
	pigment { color rgbt <1,0,0,0> }
	no_shadow
}

// nucleotide -1

// particle -1
sphere {
	<29.703333, 37.864880, 25.788960> 0.250000
	pigment { color rgbt <1,0,0,0> }
	no_shadow
}
cylinder {
	<29.636934, 38.248344, 25.696516>,  <29.597095, 38.478424, 25.641050>, 0.100000
	pigment { color rgbt <1,0,0,0> }
	no_shadow
}
cylinder {
	<29.636934, 38.248344, 25.696516>,  <29.703333, 37.864880, 25.788960>, 0.100000
	pigment { color rgbt <1,0,0,0> }
	no_shadow
}

// particle -1
sphere {
	<29.636934, 38.248344, 25.696516> 0.100000
	pigment { color rgbt <1,0,0,0> }
	no_shadow
}
sphere {
	0, 1
	scale<0.080000,0.200000,0.300000>
	matrix <-0.134411, 0.210178, 0.968379,
		0.976923, 0.191813, 0.093965,
		-0.165999, 0.958662, -0.231110,
		29.587135, 38.535942, 25.627184>
	pigment { color rgbt <0,1,1,0> }
	no_shadow
}
cylinder {
	<30.128769, 38.367325, 26.111544>,  <29.703333, 37.864880, 25.788960>, 0.130000
	pigment { color rgbt <1,0,0,0> }
	no_shadow
}

// nucleotide -1

// particle -1
sphere {
	<30.128769, 38.367325, 26.111544> 0.250000
	pigment { color rgbt <1,0,0,0> }
	no_shadow
}
cylinder {
	<29.780287, 38.549164, 26.037420>,  <29.571198, 38.658268, 25.992947>, 0.100000
	pigment { color rgbt <1,0,0,0> }
	no_shadow
}
cylinder {
	<29.780287, 38.549164, 26.037420>,  <30.128769, 38.367325, 26.111544>, 0.100000
	pigment { color rgbt <1,0,0,0> }
	no_shadow
}

// particle -1
sphere {
	<29.780287, 38.549164, 26.037420> 0.100000
	pigment { color rgbt <1,0,0,0> }
	no_shadow
}
sphere {
	0, 1
	scale<0.080000,0.200000,0.300000>
	matrix <-0.164180, 0.085928, 0.982681,
		0.462649, 0.886541, -0.000225,
		-0.871206, 0.454600, -0.185307,
		29.518925, 38.685543, 25.981829>
	pigment { color rgbt <0,1,1,0> }
	no_shadow
}
cylinder {
	<30.025482, 38.977165, 26.504351>,  <30.128769, 38.367325, 26.111544>, 0.130000
	pigment { color rgbt <1,0,0,0> }
	no_shadow
}

// nucleotide -1

// particle -1
sphere {
	<30.025482, 38.977165, 26.504351> 0.250000
	pigment { color rgbt <1,0,0,0> }
	no_shadow
}
cylinder {
	<29.648205, 38.891369, 26.402863>,  <29.421839, 38.839890, 26.341970>, 0.100000
	pigment { color rgbt <1,0,0,0> }
	no_shadow
}
cylinder {
	<29.648205, 38.891369, 26.402863>,  <30.025482, 38.977165, 26.504351>, 0.100000
	pigment { color rgbt <1,0,0,0> }
	no_shadow
}

// particle -1
sphere {
	<29.648205, 38.891369, 26.402863> 0.100000
	pigment { color rgbt <1,0,0,0> }
	no_shadow
}
sphere {
	0, 1
	scale<0.080000,0.200000,0.300000>
	matrix <-0.257563, -0.010323, 0.966206,
		-0.209865, 0.976671, -0.045509,
		-0.943196, -0.214494, -0.253721,
		29.365246, 38.827019, 26.326746>
	pigment { color rgbt <0,1,1,0> }
	no_shadow
}
cylinder {
	<29.478298, 39.321907, 26.877989>,  <30.025482, 38.977165, 26.504351>, 0.130000
	pigment { color rgbt <1,0,0,0> }
	no_shadow
}

// nucleotide -1

// particle -1
sphere {
	<29.478298, 39.321907, 26.877989> 0.250000
	pigment { color rgbt <1,0,0,0> }
	no_shadow
}
cylinder {
	<29.278521, 38.990005, 26.778343>,  <29.158653, 38.790863, 26.718555>, 0.100000
	pigment { color rgbt <1,0,0,0> }
	no_shadow
}
cylinder {
	<29.278521, 38.990005, 26.778343>,  <29.478298, 39.321907, 26.877989>, 0.100000
	pigment { color rgbt <1,0,0,0> }
	no_shadow
}

// particle -1
sphere {
	<29.278521, 38.990005, 26.778343> 0.100000
	pigment { color rgbt <1,0,0,0> }
	no_shadow
}
sphere {
	0, 1
	scale<0.080000,0.200000,0.300000>
	matrix <-0.312317, -0.095766, 0.945139,
		-0.808092, 0.549847, -0.211317,
		-0.499445, -0.829757, -0.249115,
		29.128687, 38.741077, 26.703609>
	pigment { color rgbt <0,1,1,0> }
	no_shadow
}
cylinder {
	<28.896296, 39.387310, 27.344017>,  <29.478298, 39.321907, 26.877989>, 0.130000
	pigment { color rgbt <1,0,0,0> }
	no_shadow
}

// nucleotide -1

// particle -1
sphere {
	<28.896296, 39.387310, 27.344017> 0.250000
	pigment { color rgbt <1,0,0,0> }
	no_shadow
}
cylinder {
	<28.903728, 39.004860, 27.227068>,  <28.908188, 38.775391, 27.156898>, 0.100000
	pigment { color rgbt <1,0,0,0> }
	no_shadow
}
cylinder {
	<28.903728, 39.004860, 27.227068>,  <28.896296, 39.387310, 27.344017>, 0.100000
	pigment { color rgbt <1,0,0,0> }
	no_shadow
}

// particle -1
sphere {
	<28.903728, 39.004860, 27.227068> 0.100000
	pigment { color rgbt <1,0,0,0> }
	no_shadow
}
sphere {
	0, 1
	scale<0.080000,0.200000,0.300000>
	matrix <-0.303958, -0.283986, 0.909374,
		-0.952504, 0.071970, -0.295898,
		0.018583, -0.956123, -0.292374,
		28.909304, 38.718021, 27.139357>
	pigment { color rgbt <0,1,1,0> }
	no_shadow
}
cylinder {
	<28.236658, 39.188820, 27.534594>,  <28.896296, 39.387310, 27.344017>, 0.130000
	pigment { color rgbt <1,0,0,0> }
	no_shadow
}

// nucleotide -1

// particle -1
sphere {
	<28.236658, 39.188820, 27.534594> 0.250000
	pigment { color rgbt <1,0,0,0> }
	no_shadow
}
cylinder {
	<28.444450, 38.852055, 27.476173>,  <28.569126, 38.649998, 27.441120>, 0.100000
	pigment { color rgbt <1,0,0,0> }
	no_shadow
}
cylinder {
	<28.444450, 38.852055, 27.476173>,  <28.236658, 39.188820, 27.534594>, 0.100000
	pigment { color rgbt <1,0,0,0> }
	no_shadow
}

// particle -1
sphere {
	<28.444450, 38.852055, 27.476173> 0.100000
	pigment { color rgbt <1,0,0,0> }
	no_shadow
}
sphere {
	0, 1
	scale<0.080000,0.200000,0.300000>
	matrix <-0.432883, -0.406664, 0.804510,
		-0.736719, -0.354702, -0.575701,
		0.519479, -0.841909, -0.146052,
		28.600294, 38.599483, 27.432358>
	pigment { color rgbt <0,1,1,0> }
	no_shadow
}
cylinder {
	<27.804352, 38.624596, 27.693487>,  <28.236658, 39.188820, 27.534594>, 0.130000
	pigment { color rgbt <1,0,0,0> }
	no_shadow
}

// nucleotide -1

// particle -1
sphere {
	<27.804352, 38.624596, 27.693487> 0.250000
	pigment { color rgbt <1,0,0,0> }
	no_shadow
}
cylinder {
	<28.164955, 38.454472, 27.725489>,  <28.381317, 38.352398, 27.744690>, 0.100000
	pigment { color rgbt <1,0,0,0> }
	no_shadow
}
cylinder {
	<28.164955, 38.454472, 27.725489>,  <27.804352, 38.624596, 27.693487>, 0.100000
	pigment { color rgbt <1,0,0,0> }
	no_shadow
}

// particle -1
sphere {
	<28.164955, 38.454472, 27.725489> 0.100000
	pigment { color rgbt <1,0,0,0> }
	no_shadow
}
sphere {
	0, 1
	scale<0.080000,0.200000,0.300000>
	matrix <-0.320570, -0.532089, 0.783656,
		-0.290725, -0.732117, -0.616022,
		0.901507, -0.425306, 0.080003,
		28.435408, 38.326881, 27.749489>
	pigment { color rgbt <0,1,1,0> }
	no_shadow
}
cylinder {
	<27.676434, 38.006321, 27.839407>,  <27.804352, 38.624596, 27.693487>, 0.130000
	pigment { color rgbt <1,0,0,0> }
	no_shadow
}

// nucleotide -1

// particle -1
sphere {
	<27.676434, 38.006321, 27.839407> 0.250000
	pigment { color rgbt <1,0,0,0> }
	no_shadow
}
cylinder {
	<28.054564, 38.021713, 27.968948>,  <28.281441, 38.030949, 28.046673>, 0.100000
	pigment { color rgbt <1,0,0,0> }
	no_shadow
}
cylinder {
	<28.054564, 38.021713, 27.968948>,  <27.676434, 38.006321, 27.839407>, 0.100000
	pigment { color rgbt <1,0,0,0> }
	no_shadow
}

// particle -1
sphere {
	<28.054564, 38.021713, 27.968948> 0.100000
	pigment { color rgbt <1,0,0,0> }
	no_shadow
}
sphere {
	0, 1
	scale<0.080000,0.200000,0.300000>
	matrix <-0.275981, -0.434701, 0.857245,
		0.173768, -0.899752, -0.400313,
		0.945325, 0.038483, 0.323851,
		28.338161, 38.033257, 28.066103>
	pigment { color rgbt <0,1,1,0> }
	no_shadow
}
cylinder {
	<27.777245, 37.306988, 28.139013>,  <27.676434, 38.006321, 27.839407>, 0.130000
	pigment { color rgbt <1,0,0,0> }
	no_shadow
}

// nucleotide -1

// particle -1
sphere {
	<27.777245, 37.306988, 28.139013> 0.250000
	pigment { color rgbt <1,0,0,0> }
	no_shadow
}
cylinder {
	<28.073938, 37.540218, 28.271587>,  <28.251955, 37.680157, 28.351131>, 0.100000
	pigment { color rgbt <1,0,0,0> }
	no_shadow
}
cylinder {
	<28.073938, 37.540218, 28.271587>,  <27.777245, 37.306988, 28.139013>, 0.100000
	pigment { color rgbt <1,0,0,0> }
	no_shadow
}

// particle -1
sphere {
	<28.073938, 37.540218, 28.271587> 0.100000
	pigment { color rgbt <1,0,0,0> }
	no_shadow
}
sphere {
	0, 1
	scale<0.080000,0.200000,0.300000>
	matrix <0.069720, -0.558523, 0.826554,
