// switches for output
#declare DRAW_BASES = 1; // possible values are 0, 1; only relevant for DNA ribbons
#declare DRAW_BASES_TYPE = 3; // possible values are 1, 2, 3; only relevant for DNA ribbons
#declare DRAW_FOG = 0; // set to 1 to enable fog

#include "colors.inc"

#include "transforms.inc"
background { rgb <1, 1, 1>}

#default {
   normal{
       ripples 0.25
       frequency 0.20
       turbulence 0.2
       lambda 5
   }
	finish {
		phong 0.1
		phong_size 40.
	}
}

// original window dimensions: 1024x640


// camera settings

camera {
	sky <0, 0.179814, -0.983701>
	up <0, 0.179814, -0.983701>
	right 1.6 * <1, 0, 0>
	location <35, 94.9851, 44.8844>
	look_at <35, 29.7336, 32.9568>
	direction <0, -65.2515, -11.9276>
	angle 67.0682
}


# declare cpy_camera_pos = <35, 94.9851, 44.8844>;
# if (DRAW_FOG = 1)
fog {
	fog_type 2
	up vnormalize(cpy_camera_pos)
	color rgbt<1,1,1,0.3>
	distance 1e-5
	fog_alt 3e-3
	fog_offset 56
}
# end


// LIGHTS

# declare lum = 6;
global_settings {
	ambient_light rgb lum * <0.05, 0.05, 0.05>
	max_trace_level 15
}# declare cpy_direct_light_amount = 0.25;
light_source
{	1000 * <-1, -1.16352, -0.803886>,
	rgb lum * cpy_direct_light_amount
	parallel
}

light_source
{	1000 * <1, 1.16352, 0.803886>,
	rgb lum * cpy_direct_light_amount
	parallel
}

// strand 0

// nucleotide -1

// particle -1
sphere {
	<24.361839, 35.494377, 34.827885> 0.250000
	pigment { color rgbt <1,0,0,0> }
	no_shadow
}
cylinder {
	<24.385944, 35.099281, 34.770290>,  <24.400408, 34.862225, 34.735733>, 0.100000
	pigment { color rgbt <1,0,0,0> }
	no_shadow
}
cylinder {
	<24.385944, 35.099281, 34.770290>,  <24.361839, 35.494377, 34.827885>, 0.100000
	pigment { color rgbt <1,0,0,0> }
	no_shadow
}

// particle -1
sphere {
	<24.385944, 35.099281, 34.770290> 0.100000
	pigment { color rgbt <1,0,0,0> }
	no_shadow
}
sphere {
	0, 1
	scale<0.080000,0.200000,0.300000>
	matrix <0.863815, 0.123887, -0.488340,
		0.500193, -0.094948, 0.860693,
		0.060262, -0.987743, -0.143985,
		24.404022, 34.802959, 34.727097>
	pigment { color rgbt <0,1,1,0> }
	no_shadow
}
cylinder {
	<24.996428, 35.289402, 35.080486>,  <24.361839, 35.494377, 34.827885>, 0.130000
	pigment { color rgbt <1,0,0,0> }
	no_shadow
}

// nucleotide -1

// particle -1
sphere {
	<24.996428, 35.289402, 35.080486> 0.250000
	pigment { color rgbt <1,0,0,0> }
	no_shadow
}
cylinder {
	<24.909489, 35.009365, 34.808418>,  <24.857325, 34.841343, 34.645176>, 0.100000
	pigment { color rgbt <1,0,0,0> }
	no_shadow
}
cylinder {
	<24.909489, 35.009365, 34.808418>,  <24.996428, 35.289402, 35.080486>, 0.100000
	pigment { color rgbt <1,0,0,0> }
	no_shadow
}

// particle -1
sphere {
	<24.909489, 35.009365, 34.808418> 0.100000
	pigment { color rgbt <1,0,0,0> }
	no_shadow
}
sphere {
	0, 1
	scale<0.080000,0.200000,0.300000>
	matrix <0.857708, 0.195649, -0.475456,
		0.465936, -0.686730, 0.557947,
		-0.217348, -0.700088, -0.680174,
		24.844284, 34.799339, 34.604366>
	pigment { color rgbt <0,1,1,0> }
	no_shadow
}
cylinder {
	<25.590744, 34.850163, 34.891827>,  <24.996428, 35.289402, 35.080486>, 0.130000
	pigment { color rgbt <1,0,0,0> }
	no_shadow
}

// nucleotide -1

// particle -1
sphere {
	<25.590744, 34.850163, 34.891827> 0.250000
	pigment { color rgbt <1,0,0,0> }
	no_shadow
}
cylinder {
	<25.350220, 34.798096, 34.576488>,  <25.205906, 34.766857, 34.387287>, 0.100000
	pigment { color rgbt <1,0,0,0> }
	no_shadow
}
cylinder {
	<25.350220, 34.798096, 34.576488>,  <25.590744, 34.850163, 34.891827>, 0.100000
	pigment { color rgbt <1,0,0,0> }
	no_shadow
}

// particle -1
sphere {
	<25.350220, 34.798096, 34.576488> 0.100000
	pigment { color rgbt <1,0,0,0> }
	no_shadow
}
sphere {
	0, 1
	scale<0.080000,0.200000,0.300000>
	matrix <0.781726, 0.108306, -0.614145,
		0.165324, -0.985559, 0.036629,
		-0.601309, -0.130167, -0.788342,
		25.169827, 34.759045, 34.339985>
	pigment { color rgbt <0,1,1,0> }
	no_shadow
}
cylinder {
	<25.813850, 34.336189, 34.464031>,  <25.590744, 34.850163, 34.891827>, 0.130000
	pigment { color rgbt <1,0,0,0> }
	no_shadow
}

// nucleotide -1

// particle -1
sphere {
	<25.813850, 34.336189, 34.464031> 0.250000
	pigment { color rgbt <1,0,0,0> }
	no_shadow
}
cylinder {
	<25.627155, 34.603504, 34.232327>,  <25.515139, 34.763893, 34.093304>, 0.100000
	pigment { color rgbt <1,0,0,0> }
	no_shadow
}
cylinder {
	<25.627155, 34.603504, 34.232327>,  <25.813850, 34.336189, 34.464031>, 0.100000
	pigment { color rgbt <1,0,0,0> }
	no_shadow
}

// particle -1
sphere {
	<25.627155, 34.603504, 34.232327> 0.100000
	pigment { color rgbt <1,0,0,0> }
	no_shadow
}
sphere {
	0, 1
	scale<0.080000,0.200000,0.300000>
	matrix <0.764770, -0.023966, -0.643857,
		-0.444166, -0.743515, -0.499902,
		-0.466737, 0.668290, -0.579263,
		25.487135, 34.803989, 34.058548>
	pigment { color rgbt <0,1,1,0> }
	no_shadow
}
cylinder {
	<25.750492, 34.067394, 33.760536>,  <25.813850, 34.336189, 34.464031>, 0.130000
	pigment { color rgbt <1,0,0,0> }
	no_shadow
}

// nucleotide -1

// particle -1
sphere {
	<25.750492, 34.067394, 33.760536> 0.250000
	pigment { color rgbt <1,0,0,0> }
	no_shadow
}
cylinder {
	<25.775322, 34.466114, 33.780655>,  <25.790220, 34.705345, 33.792725>, 0.100000
	pigment { color rgbt <1,0,0,0> }
	no_shadow
}
cylinder {
	<25.775322, 34.466114, 33.780655>,  <25.750492, 34.067394, 33.760536>, 0.100000
	pigment { color rgbt <1,0,0,0> }
	no_shadow
}

// particle -1
sphere {
	<25.775322, 34.466114, 33.780655> 0.100000
	pigment { color rgbt <1,0,0,0> }
	no_shadow
}
sphere {
	0, 1
	scale<0.080000,0.200000,0.300000>
	matrix <0.707980, -0.008458, -0.706182,
		-0.703499, 0.079446, -0.706242,
		0.062077, 0.996803, 0.050296,
		25.793945, 34.765156, 33.795742>
	pigment { color rgbt <0,1,1,0> }
	no_shadow
}
cylinder {
	<25.619425, 34.277927, 33.046391>,  <25.750492, 34.067394, 33.760536>, 0.130000
	pigment { color rgbt <1,0,0,0> }
	no_shadow
}

// nucleotide -1

// particle -1
sphere {
	<25.619425, 34.277927, 33.046391> 0.250000
	pigment { color rgbt <1,0,0,0> }
	no_shadow
}
cylinder {
	<25.823990, 34.566139, 33.233704>,  <25.946730, 34.739067, 33.346092>, 0.100000
	pigment { color rgbt <1,0,0,0> }
	no_shadow
}
cylinder {
	<25.823990, 34.566139, 33.233704>,  <25.619425, 34.277927, 33.046391>, 0.100000
	pigment { color rgbt <1,0,0,0> }
	no_shadow
}

// particle -1
sphere {
	<25.823990, 34.566139, 33.233704> 0.100000
	pigment { color rgbt <1,0,0,0> }
	no_shadow
}
sphere {
	0, 1
	scale<0.080000,0.200000,0.300000>
	matrix <0.585327, 0.106898, -0.803720,
		-0.629165, 0.685131, -0.367079,
		0.511413, 0.720534, 0.468282,
		25.977413, 34.782299, 33.374187>
	pigment { color rgbt <0,1,1,0> }
	no_shadow
}
cylinder {
	<25.498253, 34.940945, 32.686386>,  <25.619425, 34.277927, 33.046391>, 0.130000
	pigment { color rgbt <1,0,0,0> }
	no_shadow
}

// nucleotide -1

// particle -1
sphere {
	<25.498253, 34.940945, 32.686386> 0.250000
	pigment { color rgbt <1,0,0,0> }
	no_shadow
}
cylinder {
	<25.850149, 34.938984, 32.876556>,  <26.061287, 34.937809, 32.990658>, 0.100000
	pigment { color rgbt <1,0,0,0> }
	no_shadow
}
cylinder {
	<25.850149, 34.938984, 32.876556>,  <25.498253, 34.940945, 32.686386>, 0.100000
	pigment { color rgbt <1,0,0,0> }
	no_shadow
}

// particle -1
sphere {
	<25.850149, 34.938984, 32.876556> 0.100000
	pigment { color rgbt <1,0,0,0> }
	no_shadow
}
sphere {
	0, 1
	scale<0.080000,0.200000,0.300000>
	matrix <0.459984, 0.261758, -0.848467,
		-0.120291, 0.965121, 0.232533,
		0.879741, -0.004898, 0.475428,
		26.114071, 34.937515, 33.019184>
	pigment { color rgbt <0,1,1,0> }
	no_shadow
}
cylinder {
	<25.679310, 35.583099, 32.799595>,  <25.498253, 34.940945, 32.686386>, 0.130000
	pigment { color rgbt <1,0,0,0> }
	no_shadow
}

// nucleotide -1

// particle -1
sphere {
	<25.679310, 35.583099, 32.799595> 0.250000
	pigment { color rgbt <1,0,0,0> }
	no_shadow
}
cylinder {
	<25.996929, 35.341511, 32.772163>,  <26.187500, 35.196556, 32.755707>, 0.100000
	pigment { color rgbt <1,0,0,0> }
	no_shadow
}
cylinder {
	<25.996929, 35.341511, 32.772163>,  <25.679310, 35.583099, 32.799595>, 0.100000
	pigment { color rgbt <1,0,0,0> }
	no_shadow
}

// particle -1
sphere {
	<25.996929, 35.341511, 32.772163> 0.100000
	pigment { color rgbt <1,0,0,0> }
	no_shadow
}
sphere {
	0, 1
	scale<0.080000,0.200000,0.300000>
	matrix <0.316264, 0.506846, -0.801925,
		0.519100, 0.615079, 0.593476,
		0.794048, -0.603974, -0.068576,
		26.235144, 35.160320, 32.751591>
	pigment { color rgbt <0,1,1,0> }
	no_shadow
}
cylinder {
	<26.173065, 36.000755, 32.683121>,  <25.679310, 35.583099, 32.799595>, 0.130000
	pigment { color rgbt <1,0,0,0> }
	no_shadow
}

// nucleotide -1

// particle -1
sphere {
	<26.173065, 36.000755, 32.683121> 0.250000
	pigment { color rgbt <1,0,0,0> }
	no_shadow
}
cylinder {
	<26.331238, 35.654388, 32.560600>,  <26.426142, 35.446568, 32.487087>, 0.100000
	pigment { color rgbt <1,0,0,0> }
	no_shadow
}
cylinder {
	<26.331238, 35.654388, 32.560600>,  <26.173065, 36.000755, 32.683121>, 0.100000
	pigment { color rgbt <1,0,0,0> }
	no_shadow
}

// particle -1
sphere {
	<26.331238, 35.654388, 32.560600> 0.100000
	pigment { color rgbt <1,0,0,0> }
	no_shadow
}
sphere {
	0, 1
	scale<0.080000,0.200000,0.300000>
	matrix <0.422685, 0.467629, -0.776312,
		0.815458, 0.177509, 0.550926,
		0.395431, -0.865918, -0.306302,
		26.449867, 35.394611, 32.468708>
	pigment { color rgbt <0,1,1,0> }
	no_shadow
}
cylinder {
	<26.899527, 36.090900, 32.539196>,  <26.173065, 36.000755, 32.683121>, 0.130000
	pigment { color rgbt <1,0,0,0> }
	no_shadow
}

// nucleotide -1

// particle -1
sphere {
	<26.899527, 36.090900, 32.539196> 0.250000
	pigment { color rgbt <1,0,0,0> }
	no_shadow
}
cylinder {
	<26.786390, 35.777672, 32.317638>,  <26.718510, 35.589733, 32.184704>, 0.100000
	pigment { color rgbt <1,0,0,0> }
	no_shadow
}
cylinder {
	<26.786390, 35.777672, 32.317638>,  <26.899527, 36.090900, 32.539196>, 0.100000
	pigment { color rgbt <1,0,0,0> }
	no_shadow
}

// particle -1
sphere {
	<26.786390, 35.777672, 32.317638> 0.100000
	pigment { color rgbt <1,0,0,0> }
	no_shadow
}
sphere {
	0, 1
	scale<0.080000,0.200000,0.300000>
	matrix <0.493443, 0.376400, -0.784116,
		0.822506, -0.495091, 0.279943,
		-0.282838, -0.783076, -0.553890,
		26.701538, 35.542747, 32.151470>
	pigment { color rgbt <0,1,1,0> }
	no_shadow
}
cylinder {
	<27.580641, 35.896282, 32.094818>,  <26.899527, 36.090900, 32.539196>, 0.130000
	pigment { color rgbt <1,0,0,0> }
	no_shadow
}

// nucleotide -1

// particle -1
sphere {
	<27.580641, 35.896282, 32.094818> 0.250000
	pigment { color rgbt <1,0,0,0> }
	no_shadow
}
cylinder {
	<27.258066, 35.750759, 31.908354>,  <27.064522, 35.663445, 31.796476>, 0.100000
	pigment { color rgbt <1,0,0,0> }
	no_shadow
}
cylinder {
	<27.258066, 35.750759, 31.908354>,  <27.580641, 35.896282, 32.094818>, 0.100000
	pigment { color rgbt <1,0,0,0> }
	no_shadow
}

// particle -1
sphere {
	<27.258066, 35.750759, 31.908354> 0.100000
	pigment { color rgbt <1,0,0,0> }
	no_shadow
}
sphere {
	0, 1
	scale<0.080000,0.200000,0.300000>
	matrix <0.401689, 0.241480, -0.883365,
		0.433948, -0.899626, -0.048598,
		-0.806433, -0.363813, -0.466160,
		27.016136, 35.641617, 31.768505>
	pigment { color rgbt <0,1,1,0> }
	no_shadow
}
cylinder {
	<27.852175, 35.605011, 31.484819>,  <27.580641, 35.896282, 32.094818>, 0.130000
	pigment { color rgbt <1,0,0,0> }
	no_shadow
}

// nucleotide -1

// particle -1
sphere {
	<27.852175, 35.605011, 31.484819> 0.250000
	pigment { color rgbt <1,0,0,0> }
	no_shadow
}
cylinder {
	<27.460360, 35.616550, 31.405149>,  <27.225269, 35.623474, 31.357347>, 0.100000
	pigment { color rgbt <1,0,0,0> }
	no_shadow
}
cylinder {
	<27.460360, 35.616550, 31.405149>,  <27.852175, 35.605011, 31.484819>, 0.100000
	pigment { color rgbt <1,0,0,0> }
	no_shadow
}

// particle -1
sphere {
	<27.460360, 35.616550, 31.405149> 0.100000
	pigment { color rgbt <1,0,0,0> }
	no_shadow
}
sphere {
	0, 1
	scale<0.080000,0.200000,0.300000>
	matrix <0.199559, 0.267301, -0.942723,
		0.026042, -0.963181, -0.267589,
		-0.979540, 0.028849, -0.199173,
		27.166498, 35.625206, 31.345398>
	pigment { color rgbt <0,1,1,0> }
	no_shadow
}
cylinder {
	<27.838493, 35.226906, 30.875168>,  <27.852175, 35.605011, 31.484819>, 0.130000
	pigment { color rgbt <1,0,0,0> }
	no_shadow
}

// nucleotide -1

// particle -1
sphere {
	<27.838493, 35.226906, 30.875168> 0.250000
	pigment { color rgbt <1,0,0,0> }
	no_shadow
}
cylinder {
	<27.523550, 35.468292, 30.925594>,  <27.334583, 35.613125, 30.955851>, 0.100000
	pigment { color rgbt <1,0,0,0> }
	no_shadow
}
cylinder {
	<27.523550, 35.468292, 30.925594>,  <27.838493, 35.226906, 30.875168>, 0.100000
	pigment { color rgbt <1,0,0,0> }
	no_shadow
}

// particle -1
sphere {
	<27.523550, 35.468292, 30.925594> 0.100000
	pigment { color rgbt <1,0,0,0> }
	no_shadow
}
sphere {
	0, 1
	scale<0.080000,0.200000,0.300000>
	matrix <0.169008, 0.407948, -0.897226,
		-0.592874, -0.685134, -0.423192,
		-0.787360, 0.603465, 0.126069,
		27.287342, 35.649330, 30.963415>
	pigment { color rgbt <0,1,1,0> }
	no_shadow
}
cylinder {
	<27.504595, 35.145206, 30.258011>,  <27.838493, 35.226906, 30.875168>, 0.130000
	pigment { color rgbt <1,0,0,0> }
	no_shadow
}

// nucleotide -1

// particle -1
sphere {
	<27.504595, 35.145206, 30.258011> 0.250000
	pigment { color rgbt <1,0,0,0> }
	no_shadow
}
cylinder {
	<27.342541, 35.484547, 30.394341>,  <27.245308, 35.688152, 30.476139>, 0.100000
	pigment { color rgbt <1,0,0,0> }
	no_shadow
}
cylinder {
	<27.342541, 35.484547, 30.394341>,  <27.504595, 35.145206, 30.258011>, 0.100000
	pigment { color rgbt <1,0,0,0> }
	no_shadow
}

// particle -1
sphere {
	<27.342541, 35.484547, 30.394341> 0.100000
	pigment { color rgbt <1,0,0,0> }
	no_shadow
}
sphere {
	0, 1
	scale<0.080000,0.200000,0.300000>
	matrix <0.144255, 0.427437, -0.892462,
		-0.902804, -0.312403, -0.295549,
		-0.405136, 0.848353, 0.340826,
		27.221001, 35.739052, 30.496588>
	pigment { color rgbt <0,1,1,0> }
	no_shadow
}
cylinder {
	<26.893826, 35.384491, 29.762245>,  <27.504595, 35.145206, 30.258011>, 0.130000
	pigment { color rgbt <1,0,0,0> }
	no_shadow
}

// nucleotide -1

// particle -1
sphere {
	<26.893826, 35.384491, 29.762245> 0.250000
	pigment { color rgbt <1,0,0,0> }
	no_shadow
}
cylinder {
	<27.069590, 35.683304, 29.961788>,  <27.175047, 35.862591, 30.081514>, 0.100000
	pigment { color rgbt <1,0,0,0> }
	no_shadow
}
cylinder {
	<27.069590, 35.683304, 29.961788>,  <26.893826, 35.384491, 29.762245>, 0.100000
	pigment { color rgbt <1,0,0,0> }
	no_shadow
}

// particle -1
sphere {
	<27.069590, 35.683304, 29.961788> 0.100000
	pigment { color rgbt <1,0,0,0> }
	no_shadow
}
sphere {
	0, 1
	scale<0.080000,0.200000,0.300000>
	matrix <0.126595, 0.498299, -0.857713,
		-0.889322, 0.440040, 0.124386,
		0.439409, 0.747036, 0.498855,
		27.201412, 35.907413, 30.111444>
	pigment { color rgbt <0,1,1,0> }
	no_shadow
}
cylinder {
	<26.781633, 36.060951, 29.297169>,  <26.893826, 35.384491, 29.762245>, 0.130000
	pigment { color rgbt <1,0,0,0> }
	no_shadow
}

// nucleotide -1

// particle -1
sphere {
	<26.781633, 36.060951, 29.297169> 0.250000
	pigment { color rgbt <1,0,0,0> }
	no_shadow
}
cylinder {
	<27.062895, 36.183102, 29.554018>,  <27.231651, 36.256393, 29.708128>, 0.100000
	pigment { color rgbt <1,0,0,0> }
	no_shadow
}
cylinder {
	<27.062895, 36.183102, 29.554018>,  <26.781633, 36.060951, 29.297169>, 0.100000
	pigment { color rgbt <1,0,0,0> }
	no_shadow
}

// particle -1
sphere {
	<27.062895, 36.183102, 29.554018> 0.100000
	pigment { color rgbt <1,0,0,0> }
	no_shadow
}
sphere {
	0, 1
	scale<0.080000,0.200000,0.300000>
	matrix <0.480953, 0.460874, -0.745842,
		-0.523701, 0.833271, 0.177192,
		0.703151, 0.305377, 0.642124,
		27.273840, 36.274715, 29.746655>
	pigment { color rgbt <0,1,1,0> }
	no_shadow
}
cylinder {
	<26.833366, 36.743088, 29.012835>,  <26.781633, 36.060951, 29.297169>, 0.130000
	pigment { color rgbt <1,0,0,0> }
	no_shadow
}

// nucleotide -1

// particle -1
sphere {
	<26.833366, 36.743088, 29.012835> 0.250000
	pigment { color rgbt <1,0,0,0> }
	no_shadow
}
cylinder {
	<27.156174, 36.666588, 29.236315>,  <27.349857, 36.620689, 29.370403>, 0.100000
	pigment { color rgbt <1,0,0,0> }
	no_shadow
}
cylinder {
	<27.156174, 36.666588, 29.236315>,  <26.833366, 36.743088, 29.012835>, 0.100000
	pigment { color rgbt <1,0,0,0> }
	no_shadow
}

// particle -1
sphere {
	<27.156174, 36.666588, 29.236315> 0.100000
	pigment { color rgbt <1,0,0,0> }
	no_shadow
}
sphere {
	0, 1
	scale<0.080000,0.200000,0.300000>
	matrix <0.538827, 0.625617, -0.564154,
		-0.241637, 0.756325, 0.607935,
		0.807017, -0.191251, 0.558700,
		27.398279, 36.609211, 29.403925>
	pigment { color rgbt <0,1,1,0> }
	no_shadow
}
cylinder {
	<27.144590, 37.348026, 29.056231>,  <26.833366, 36.743088, 29.012835>, 0.130000
	pigment { color rgbt <1,0,0,0> }
	no_shadow
}

// nucleotide -1

// particle -1
sphere {
	<27.144590, 37.348026, 29.056231> 0.250000
	pigment { color rgbt <1,0,0,0> }
	no_shadow
}
cylinder {
	<27.436472, 37.082512, 29.121853>,  <27.611601, 36.923203, 29.161226>, 0.100000
	pigment { color rgbt <1,0,0,0> }
	no_shadow
}
cylinder {
	<27.436472, 37.082512, 29.121853>,  <27.144590, 37.348026, 29.056231>, 0.100000
	pigment { color rgbt <1,0,0,0> }
	no_shadow
}

// particle -1
sphere {
	<27.436472, 37.082512, 29.121853> 0.100000
	pigment { color rgbt <1,0,0,0> }
	no_shadow
}
sphere {
	0, 1
	scale<0.080000,0.200000,0.300000>
	matrix <0.650038, 0.599031, -0.467560,
		0.212086, 0.447824, 0.868604,
		0.729706, -0.663789, 0.164056,
		27.655384, 36.883377, 29.171070>
	pigment { color rgbt <0,1,1,0> }
	no_shadow
}
cylinder {
	<27.749172, 37.715282, 29.198044>,  <27.144590, 37.348026, 29.056231>, 0.130000
	pigment { color rgbt <1,0,0,0> }
	no_shadow
}

// nucleotide -1

// particle -1
sphere {
	<27.749172, 37.715282, 29.198044> 0.250000
	pigment { color rgbt <1,0,0,0> }
	no_shadow
}
cylinder {
	<27.899796, 37.362408, 29.084946>,  <27.990170, 37.150681, 29.017086>, 0.100000
	pigment { color rgbt <1,0,0,0> }
	no_shadow
}
cylinder {
	<27.899796, 37.362408, 29.084946>,  <27.749172, 37.715282, 29.198044>, 0.100000
	pigment { color rgbt <1,0,0,0> }
	no_shadow
}

// particle -1
sphere {
	<27.899796, 37.362408, 29.084946> 0.100000
	pigment { color rgbt <1,0,0,0> }
	no_shadow
}
sphere {
	0, 1
	scale<0.080000,0.200000,0.300000>
	matrix <0.676295, 0.470370, -0.566902,
		0.633110, 0.022252, 0.773742,
		0.376560, -0.882188, -0.282747,
		28.012764, 37.097752, 29.000122>
	pigment { color rgbt <0,1,1,0> }
	no_shadow
}
cylinder {
	<28.469002, 37.949039, 29.129156>,  <27.749172, 37.715282, 29.198044>, 0.130000
	pigment { color rgbt <1,0,0,0> }
	no_shadow
}

// nucleotide -1

// particle -1
sphere {
	<28.469002, 37.949039, 29.129156> 0.250000
	pigment { color rgbt <1,0,0,0> }
	no_shadow
}
cylinder {
	<28.407564, 37.603317, 28.937582>,  <28.370701, 37.395882, 28.822638>, 0.100000
	pigment { color rgbt <1,0,0,0> }
	no_shadow
}
cylinder {
	<28.407564, 37.603317, 28.937582>,  <28.469002, 37.949039, 29.129156>, 0.100000
	pigment { color rgbt <1,0,0,0> }
	no_shadow
}

// particle -1
sphere {
	<28.407564, 37.603317, 28.937582> 0.100000
	pigment { color rgbt <1,0,0,0> }
	no_shadow
}
sphere {
	0, 1
	scale<0.080000,0.200000,0.300000>
	matrix <0.521511, 0.340782, -0.782237,
		0.839307, -0.369917, 0.398404,
		-0.153594, -0.864308, -0.478936,
		28.361486, 37.344025, 28.793901>
	pigment { color rgbt <0,1,1,0> }
	no_shadow
}
cylinder {
	<29.146076, 37.765694, 28.838768>,  <28.469002, 37.949039, 29.129156>, 0.130000
	pigment { color rgbt <1,0,0,0> }
	no_shadow
}

// nucleotide -1

// particle -1
sphere {
	<29.146076, 37.765694, 28.838768> 0.250000
	pigment { color rgbt <1,0,0,0> }
	no_shadow
}
cylinder {
	<28.888391, 37.546829, 28.625000>,  <28.733782, 37.415508, 28.496738>, 0.100000
	pigment { color rgbt <1,0,0,0> }
	no_shadow
}
cylinder {
	<28.888391, 37.546829, 28.625000>,  <29.146076, 37.765694, 28.838768>, 0.100000
	pigment { color rgbt <1,0,0,0> }
	no_shadow
}

// particle -1
sphere {
	<28.888391, 37.546829, 28.625000> 0.100000
	pigment { color rgbt <1,0,0,0> }
	no_shadow
}
sphere {
	0, 1
	scale<0.080000,0.200000,0.300000>
	matrix <0.556631, 0.143806, -0.818219,
		0.524552, -0.824580, 0.211927,
		-0.644211, -0.547163, -0.534421,
		28.695127, 37.382679, 28.464674>
	pigment { color rgbt <0,1,1,0> }
	no_shadow
}
cylinder {
	<29.504801, 37.150749, 28.462660>,  <29.146076, 37.765694, 28.838768>, 0.130000
	pigment { color rgbt <1,0,0,0> }
	no_shadow
}

// nucleotide -1

// particle -1
sphere {
	<29.504801, 37.150749, 28.462660> 0.250000
	pigment { color rgbt <1,0,0,0> }
	no_shadow
}
cylinder {
	<29.162622, 37.214203, 28.265459>,  <28.957315, 37.252277, 28.147139>, 0.100000
	pigment { color rgbt <1,0,0,0> }
	no_shadow
}
cylinder {
	<29.162622, 37.214203, 28.265459>,  <29.504801, 37.150749, 28.462660>, 0.100000
	pigment { color rgbt <1,0,0,0> }
	no_shadow
}

// particle -1
sphere {
	<29.162622, 37.214203, 28.265459> 0.100000
	pigment { color rgbt <1,0,0,0> }
	no_shadow
}
sphere {
	0, 1
	scale<0.080000,0.200000,0.300000>
	matrix <0.459780, -0.205501, -0.863928,
		-0.238371, -0.965713, 0.102852,
		-0.855442, 0.158646, -0.493001,
		28.905989, 37.261795, 28.117559>
	pigment { color rgbt <0,1,1,0> }
	no_shadow
}
cylinder {
	<29.576727, 36.706005, 27.955420>,  <29.504801, 37.150749, 28.462660>, 0.130000
	pigment { color rgbt <1,0,0,0> }
	no_shadow
}

// nucleotide -1

// particle -1
sphere {
	<29.576727, 36.706005, 27.955420> 0.250000
	pigment { color rgbt <1,0,0,0> }
	no_shadow
}
cylinder {
	<29.306837, 36.966499, 27.816484>,  <29.144903, 37.122795, 27.733124>, 0.100000
	pigment { color rgbt <1,0,0,0> }
	no_shadow
}
cylinder {
	<29.306837, 36.966499, 27.816484>,  <29.576727, 36.706005, 27.955420>, 0.100000
	pigment { color rgbt <1,0,0,0> }
	no_shadow
}

// particle -1
sphere {
	<29.306837, 36.966499, 27.816484> 0.100000
	pigment { color rgbt <1,0,0,0> }
	no_shadow
}
sphere {
	0, 1
	scale<0.080000,0.200000,0.300000>
	matrix <0.495944, 0.051508, -0.866826,
		-0.546614, -0.757129, -0.357729,
		-0.674725, 0.651232, -0.347338,
		29.104420, 37.161869, 27.712282>
	pigment { color rgbt <0,1,1,0> }
	no_shadow
}
cylinder {
	<29.449722, 36.512989, 27.314592>,  <29.576727, 36.706005, 27.955420>, 0.130000
	pigment { color rgbt <1,0,0,0> }
	no_shadow
}

// nucleotide -1

// particle -1
sphere {
	<29.449722, 36.512989, 27.314592> 0.250000
	pigment { color rgbt <1,0,0,0> }
	no_shadow
}
cylinder {
	<29.341692, 36.897926, 27.326994>,  <29.276875, 37.128887, 27.334435>, 0.100000
	pigment { color rgbt <1,0,0,0> }
	no_shadow
}
cylinder {
	<29.341692, 36.897926, 27.326994>,  <29.449722, 36.512989, 27.314592>, 0.100000
	pigment { color rgbt <1,0,0,0> }
	no_shadow
}

// particle -1
sphere {
	<29.341692, 36.897926, 27.326994> 0.100000
	pigment { color rgbt <1,0,0,0> }
	no_shadow
}
sphere {
	0, 1
	scale<0.080000,0.200000,0.300000>
	matrix <0.579798, 0.188255, -0.792713,
		-0.768696, -0.196116, -0.608805,
		-0.270074, 0.962340, 0.031003,
		29.260670, 37.186630, 27.336294>
	pigment { color rgbt <0,1,1,0> }
	no_shadow
}
cylinder {
	<29.215847, 36.592838, 26.659914>,  <29.449722, 36.512989, 27.314592>, 0.130000
	pigment { color rgbt <1,0,0,0> }
	no_shadow
}

// nucleotide -1

// particle -1
sphere {
	<29.215847, 36.592838, 26.659914> 0.250000
	pigment { color rgbt <1,0,0,0> }
	no_shadow
}
cylinder {
	<29.306877, 36.959160, 26.792290>,  <29.361496, 37.178951, 26.871716>, 0.100000
	pigment { color rgbt <1,0,0,0> }
	no_shadow
}
cylinder {
	<29.306877, 36.959160, 26.792290>,  <29.215847, 36.592838, 26.659914>, 0.100000
	pigment { color rgbt <1,0,0,0> }
	no_shadow
}

// particle -1
sphere {
	<29.306877, 36.959160, 26.792290> 0.100000
	pigment { color rgbt <1,0,0,0> }
	no_shadow
}
sphere {
	0, 1
	scale<0.080000,0.200000,0.300000>
	matrix <0.488517, 0.186618, -0.852364,
		-0.842354, 0.355647, -0.404914,
		0.227577, 0.915800, 0.330938,
		29.375151, 37.233898, 26.891571>
	pigment { color rgbt <0,1,1,0> }
	no_shadow
}
cylinder {
	<29.018002, 37.237907, 26.263432>,  <29.215847, 36.592838, 26.659914>, 0.130000
	pigment { color rgbt <1,0,0,0> }
	no_shadow
}

// nucleotide -1

// particle -1
sphere {
	<29.018002, 37.237907, 26.263432> 0.250000
	pigment { color rgbt <1,0,0,0> }
	no_shadow
}
cylinder {
	<29.352200, 37.338943, 26.458632>,  <29.552719, 37.399567, 26.575752>, 0.100000
	pigment { color rgbt <1,0,0,0> }
	no_shadow
}
cylinder {
	<29.352200, 37.338943, 26.458632>,  <29.018002, 37.237907, 26.263432>, 0.100000
	pigment { color rgbt <1,0,0,0> }
	no_shadow
}

// particle -1
sphere {
	<29.352200, 37.338943, 26.458632> 0.100000
	pigment { color rgbt <1,0,0,0> }
	no_shadow
}
sphere {
	0, 1
	scale<0.080000,0.200000,0.300000>
	matrix <0.397600, 0.335108, -0.854176,
		-0.379289, 0.907690, 0.179552,
		0.835497, 0.252589, 0.488000,
		29.602848, 37.414719, 26.605032>
	pigment { color rgbt <0,1,1,0> }
	no_shadow
}
cylinder {
	<29.106689, 38.009911, 26.117622>,  <29.018002, 37.237907, 26.263432>, 0.130000
	pigment { color rgbt <1,0,0,0> }
	no_shadow
}

// nucleotide -1

// particle -1
sphere {
	<29.106689, 38.009911, 26.117622> 0.250000
	pigment { color rgbt <1,0,0,0> }
	no_shadow
}
cylinder {
	<29.427227, 37.783169, 26.194067>,  <29.619551, 37.647125, 26.239933>, 0.100000
	pigment { color rgbt <1,0,0,0> }
	no_shadow
}
cylinder {
	<29.427227, 37.783169, 26.194067>,  <29.106689, 38.009911, 26.117622>, 0.100000
	pigment { color rgbt <1,0,0,0> }
	no_shadow
}

// particle -1
sphere {
	<29.427227, 37.783169, 26.194067> 0.100000
	pigment { color rgbt <1,0,0,0> }
	no_shadow
}
sphere {
	0, 1
	scale<0.080000,0.200000,0.300000>
	matrix <0.338659, 0.166542, -0.926053,
		0.493107, 0.806810, 0.325428,
		0.801346, -0.566853, 0.191111,
		29.667631, 37.613113, 26.251400>
	pigment { color rgbt <0,1,1,0> }
	no_shadow
}
cylinder {
	<29.812393, 38.335957, 25.878925>,  <29.106689, 38.009911, 26.117622>, 0.130000
	pigment { color rgbt <1,0,0,0> }
	no_shadow
}

// nucleotide -1

// particle -1
sphere {
	<29.812393, 38.335957, 25.878925> 0.250000
	pigment { color rgbt <1,0,0,0> }
	no_shadow
}
cylinder {
	<29.832445, 37.937195, 25.854673>,  <29.844477, 37.697937, 25.840122>, 0.100000
	pigment { color rgbt <1,0,0,0> }
	no_shadow
}
cylinder {
	<29.832445, 37.937195, 25.854673>,  <29.812393, 38.335957, 25.878925>, 0.100000
	pigment { color rgbt <1,0,0,0> }
	no_shadow
}

// particle -1
sphere {
	<29.832445, 37.937195, 25.854673> 0.100000
	pigment { color rgbt <1,0,0,0> }
	no_shadow
}
sphere {
	0, 1
	scale<0.080000,0.200000,0.300000>
	matrix <0.468131, 0.077077, -0.880291,
		0.882236, 0.015747, 0.470544,
		0.050130, -0.996901, -0.060629,
		29.847485, 37.638126, 25.836485>
	pigment { color rgbt <0,1,1,0> }
	no_shadow
}
cylinder {
	<30.549898, 38.247456, 25.695063>,  <29.812393, 38.335957, 25.878925>, 0.130000
	pigment { color rgbt <1,0,0,0> }
	no_shadow
}

// nucleotide -1

// particle -1
sphere {
	<30.549898, 38.247456, 25.695063> 0.250000
	pigment { color rgbt <1,0,0,0> }
	no_shadow
}
cylinder {
	<30.627663, 38.638145, 25.731297>,  <30.674322, 38.872559, 25.753036>, 0.100000
	pigment { color rgbt <1,0,0,0> }
	no_shadow
}
cylinder {
	<30.627663, 38.638145, 25.731297>,  <30.549898, 38.247456, 25.695063>, 0.100000
	pigment { color rgbt <1,0,0,0> }
	no_shadow
}

// particle -1
sphere {
	<30.627663, 38.638145, 25.731297> 0.100000
	pigment { color rgbt <1,0,0,0> }
	no_shadow
}
sphere {
	0, 1
	scale<0.080000,0.200000,0.300000>
	matrix <0.542857, -0.184048, 0.819410,
		0.817013, -0.110130, -0.566005,
		0.194413, 0.976728, 0.090585,
		30.685987, 38.931164, 25.758472>
	pigment { color rgbt <0,1,1,0> }
	no_shadow
}
cylinder {
	<31.355925, 38.403080, 25.655214>,  <30.549898, 38.247456, 25.695063>, 0.130000
	pigment { color rgbt <1,0,0,0> }
	no_shadow
}

// nucleotide -1

// particle -1
sphere {
	<31.355925, 38.403080, 25.655214> 0.250000
	pigment { color rgbt <1,0,0,0> }
	no_shadow
}
cylinder {
	<31.140965, 38.678444, 25.850065>,  <31.011988, 38.843662, 25.966976>, 0.100000
	pigment { color rgbt <1,0,0,0> }
	no_shadow
}
cylinder {
	<31.140965, 38.678444, 25.850065>,  <31.355925, 38.403080, 25.655214>, 0.100000
	pigment { color rgbt <1,0,0,0> }
	no_shadow
}

// particle -1
sphere {
	<31.140965, 38.678444, 25.850065> 0.100000
	pigment { color rgbt <1,0,0,0> }
	no_shadow
}
sphere {
	0, 1
	scale<0.080000,0.200000,0.300000>
	matrix <0.574553, -0.123957, 0.809026,
		0.617323, 0.714653, -0.328912,
		-0.537402, 0.688408, 0.487128,
		30.979744, 38.884968, 25.996204>
	pigment { color rgbt <0,1,1,0> }
	no_shadow
}
cylinder {
	<31.858267, 38.838791, 26.057777>,  <31.355925, 38.403080, 25.655214>, 0.130000
	pigment { color rgbt <1,0,0,0> }
	no_shadow
}

// nucleotide -1

// particle -1
sphere {
	<31.858267, 38.838791, 26.057777> 0.250000
	pigment { color rgbt <1,0,0,0> }
	no_shadow
}
cylinder {
	<31.493921, 38.792690, 26.216295>,  <31.275314, 38.765030, 26.311405>, 0.100000
	pigment { color rgbt <1,0,0,0> }
	no_shadow
}
cylinder {
	<31.493921, 38.792690, 26.216295>,  <31.858267, 38.838791, 26.057777>, 0.100000
	pigment { color rgbt <1,0,0,0> }
	no_shadow
}

// particle -1
sphere {
	<31.493921, 38.792690, 26.216295> 0.100000
	pigment { color rgbt <1,0,0,0> }
	no_shadow
}
sphere {
	0, 1
	scale<0.080000,0.200000,0.300000>
	matrix <0.412581, -0.278405, 0.867334,
		0.010370, 0.953524, 0.301138,
		-0.910862, -0.115249, 0.396293,
		31.220663, 38.758114, 26.335184>
	pigment { color rgbt <0,1,1,0> }
	no_shadow
}
cylinder {
	<31.669016, 39.421707, 26.686882>,  <31.858267, 38.838791, 26.057777>, 0.130000
	pigment { color rgbt <1,0,0,0> }
	no_shadow
}

// nucleotide -1

// particle -1
sphere {
	<31.669016, 39.421707, 26.686882> 0.250000
	pigment { color rgbt <1,0,0,0> }
	no_shadow
}
cylinder {
	<31.480028, 39.069839, 26.708649>,  <31.366636, 38.858719, 26.721708>, 0.100000
	pigment { color rgbt <1,0,0,0> }
	no_shadow
}
cylinder {
	<31.480028, 39.069839, 26.708649>,  <31.669016, 39.421707, 26.686882>, 0.100000
	pigment { color rgbt <1,0,0,0> }
	no_shadow
}

// particle -1
sphere {
	<31.480028, 39.069839, 26.708649> 0.100000
	pigment { color rgbt <1,0,0,0> }
	no_shadow
}
sphere {
	0, 1
	scale<0.080000,0.200000,0.300000>
	matrix <0.184714, -0.038459, 0.982040,
		-0.861775, 0.474033, 0.180658,
		-0.472468, -0.879667, 0.054417,
		31.338287, 38.805939, 26.724974>
	pigment { color rgbt <0,1,1,0> }
	no_shadow
}
cylinder {
	<30.996878, 39.390728, 27.078093>,  <31.669016, 39.421707, 26.686882>, 0.130000
	pigment { color rgbt <1,0,0,0> }
	no_shadow
}

// nucleotide -1

// particle -1
sphere {
	<30.996878, 39.390728, 27.078093> 0.250000
	pigment { color rgbt <1,0,0,0> }
	no_shadow
}
cylinder {
	<31.229519, 39.065338, 27.077379>,  <31.369102, 38.870106, 27.076950>, 0.100000
	pigment { color rgbt <1,0,0,0> }
	no_shadow
}
cylinder {
	<31.229519, 39.065338, 27.077379>,  <30.996878, 39.390728, 27.078093>, 0.100000
	pigment { color rgbt <1,0,0,0> }
	no_shadow
}

// particle -1
sphere {
	<31.229519, 39.065338, 27.077379> 0.100000
	pigment { color rgbt <1,0,0,0> }
	no_shadow
}
sphere {
	0, 1
	scale<0.080000,0.200000,0.300000>
	matrix <0.069499, 0.047503, 0.996450,
		-0.810499, -0.579661, 0.084163,
		0.581602, -0.813472, -0.001785,
		31.403999, 38.821297, 27.076843>
	pigment { color rgbt <0,1,1,0> }
	no_shadow
}
cylinder {
	<30.689642, 38.821049, 27.489985>,  <30.996878, 39.390728, 27.078093>, 0.130000
	pigment { color rgbt <1,0,0,0> }
	no_shadow
}

// nucleotide -1

// particle -1
sphere {
	<30.689642, 38.821049, 27.489985> 0.250000
	pigment { color rgbt <1,0,0,0> }
	no_shadow
}
cylinder {
	<31.088411, 38.790688, 27.482132>,  <31.327673, 38.772472, 27.477421>, 0.100000
	pigment { color rgbt <1,0,0,0> }
	no_shadow
}
cylinder {
	<31.088411, 38.790688, 27.482132>,  <30.689642, 38.821049, 27.489985>, 0.100000
	pigment { color rgbt <1,0,0,0> }
	no_shadow
}

// particle -1
sphere {
	<31.088411, 38.790688, 27.482132> 0.100000
	pigment { color rgbt <1,0,0,0> }
	no_shadow
}
sphere {
	0, 1
	scale<0.080000,0.200000,0.300000>
	matrix <0.011666, -0.103990, 0.994510,
		-0.077521, -0.991678, -0.102785,
		0.996922, -0.075897, -0.019630,
		31.387487, 38.767918, 27.476242>
	pigment { color rgbt <0,1,1,0> }
	no_shadow
}
cylinder {
	<31.036276, 38.160267, 27.808475>,  <30.689642, 38.821049, 27.489985>, 0.130000
	pigment { color rgbt <1,0,0,0> }
	no_shadow
}

// nucleotide -1

// particle -1
sphere {
	<31.036276, 38.160267, 27.808475> 0.250000
	pigment { color rgbt <1,0,0,0> }
	no_shadow
}
cylinder {
	<31.268934, 38.484890, 27.830614>,  <31.408529, 38.679665, 27.843897>, 0.100000
	pigment { color rgbt <1,0,0,0> }
	no_shadow
}
cylinder {
	<31.268934, 38.484890, 27.830614>,  <31.036276, 38.160267, 27.808475>, 0.100000
	pigment { color rgbt <1,0,0,0> }
	no_shadow
}

// particle -1
sphere {
	<31.268934, 38.484890, 27.830614> 0.100000
	pigment { color rgbt <1,0,0,0> }
	no_shadow
}
sphere {
	0, 1
	scale<0.080000,0.200000,0.300000>
	matrix <0.017160, -0.080264, 0.996626,
		0.813260, -0.578735, -0.060612,
		0.581647, 0.811556, 0.055344,
		31.443428, 38.728355, 27.847218>
	pigment { color rgbt <0,1,1,0> }
	no_shadow
}
cylinder {
	<31.745583, 37.972878, 28.126329>,  <31.036276, 38.160267, 27.808475>, 0.130000
	pigment { color rgbt <1,0,0,0> }
	no_shadow
}

// nucleotide -1

// particle -1
sphere {
	<31.745583, 37.972878, 28.126329> 0.250000
	pigment { color rgbt <1,0,0,0> }
	no_shadow
}
cylinder {
	<31.613420, 38.340847, 28.210775>,  <31.534122, 38.561630, 28.261444>, 0.100000
	pigment { color rgbt <1,0,0,0> }
	no_shadow
}
cylinder {
	<31.613420, 38.340847, 28.210775>,  <31.745583, 37.972878, 28.126329>, 0.100000
	pigment { color rgbt <1,0,0,0> }
	no_shadow
}

// particle -1
sphere {
	<31.613420, 38.340847, 28.210775> 0.100000
	pigment { color rgbt <1,0,0,0> }
	no_shadow
}
sphere {
	0, 1
	scale<0.080000,0.200000,0.300000>
	matrix <0.112128, -0.183837, 0.976540,
		0.937155, 0.346326, -0.042409,
		-0.330405, 0.919925, 0.211117,
		31.514299, 38.616825, 28.274111>
	pigment { color rgbt <0,1,1,0> }
	no_shadow
}
cylinder {
	<32.238056, 38.188629, 28.635412>,  <31.745583, 37.972878, 28.126329>, 0.130000
	pigment { color rgbt <1,0,0,0> }
	no_shadow
}

// nucleotide -1

// particle -1
sphere {
	<32.238056, 38.188629, 28.635412> 0.250000
	pigment { color rgbt <1,0,0,0> }
	no_shadow
}
cylinder {
	<31.876671, 38.360096, 28.635195>,  <31.659840, 38.462978, 28.635065>, 0.100000
	pigment { color rgbt <1,0,0,0> }
	no_shadow
}
cylinder {
	<31.876671, 38.360096, 28.635195>,  <32.238056, 38.188629, 28.635412>, 0.100000
	pigment { color rgbt <1,0,0,0> }
	no_shadow
}

// particle -1
sphere {
	<31.876671, 38.360096, 28.635195> 0.100000
	pigment { color rgbt <1,0,0,0> }
	no_shadow
}
sphere {
	0, 1
	scale<0.080000,0.200000,0.300000>
	matrix <-0.127185, -0.266841, 0.955311,
		0.409367, 0.863156, 0.295601,
		-0.903461, 0.428669, -0.000544,
		31.605633, 38.488697, 28.635031>
	pigment { color rgbt <0,1,1,0> }
	no_shadow
}
cylinder {
	<32.118649, 38.709850, 29.192900>,  <32.238056, 38.188629, 28.635412>, 0.130000
	pigment { color rgbt <1,0,0,0> }
	no_shadow
}

// nucleotide -1

// particle -1
sphere {
	<32.118649, 38.709850, 29.192900> 0.250000
	pigment { color rgbt <1,0,0,0> }
	no_shadow
}
cylinder {
	<31.762104, 38.550686, 29.106056>,  <31.548176, 38.455189, 29.053951>, 0.100000
	pigment { color rgbt <1,0,0,0> }
	no_shadow
}
cylinder {
	<31.762104, 38.550686, 29.106056>,  <32.118649, 38.709850, 29.192900>, 0.100000
	pigment { color rgbt <1,0,0,0> }
	no_shadow
}

// particle -1
sphere {
	<31.762104, 38.550686, 29.106056> 0.100000
	pigment { color rgbt <1,0,0,0> }
	no_shadow
}
sphere {
	0, 1
	scale<0.080000,0.200000,0.300000>
	matrix <-0.132170, -0.229994, 0.964175,
		-0.433589, 0.888127, 0.152417,
		-0.891365, -0.397911, -0.217106,
		31.494694, 38.431313, 29.040924>
	pigment { color rgbt <0,1,1,0> }
	no_shadow
}
cylinder {
	<31.851540, 38.661877, 29.837946>,  <32.118649, 38.709850, 29.192900>, 0.130000
	pigment { color rgbt <1,0,0,0> }
	no_shadow
}

// nucleotide -1

// particle -1
sphere {
	<31.851540, 38.661877, 29.837946> 0.250000
	pigment { color rgbt <1,0,0,0> }
	no_shadow
}
cylinder {
	<31.591841, 38.452808, 29.616930>,  <31.436022, 38.327370, 29.484322>, 0.100000
	pigment { color rgbt <1,0,0,0> }
	no_shadow
}
cylinder {
	<31.591841, 38.452808, 29.616930>,  <31.851540, 38.661877, 29.837946>, 0.100000
	pigment { color rgbt <1,0,0,0> }
	no_shadow
}

// particle -1
sphere {
	<31.591841, 38.452808, 29.616930> 0.100000
	pigment { color rgbt <1,0,0,0> }
	no_shadow
}
sphere {
	0, 1
	scale<0.080000,0.200000,0.300000>
	matrix <-0.313238, -0.478254, 0.820460,
		-0.693082, 0.705756, 0.146785,
		-0.649245, -0.522668, -0.552539,
		31.397068, 38.296009, 29.451168>
	pigment { color rgbt <0,1,1,0> }
	no_shadow
}
cylinder {
	<31.217993, 38.700935, 30.100855>,  <31.851540, 38.661877, 29.837946>, 0.130000
	pigment { color rgbt <1,0,0,0> }
	no_shadow
}

// nucleotide -1

// particle -1
sphere {
	<31.217993, 38.700935, 30.100855> 0.250000
	pigment { color rgbt <1,0,0,0> }
	no_shadow
}
cylinder {
	<31.205435, 38.366089, 29.882404>,  <31.197901, 38.165180, 29.751333>, 0.100000
	pigment { color rgbt <1,0,0,0> }
	no_shadow
}
cylinder {
	<31.205435, 38.366089, 29.882404>,  <31.217993, 38.700935, 30.100855>, 0.100000
	pigment { color rgbt <1,0,0,0> }
	no_shadow
}

// particle -1
sphere {
	<31.205435, 38.366089, 29.882404> 0.100000
	pigment { color rgbt <1,0,0,0> }
	no_shadow
}
sphere {
	0, 1
	scale<0.080000,0.200000,0.300000>
	matrix <-0.389927, -0.492843, 0.777858,
		-0.920311, 0.237370, -0.310941,
		-0.031395, -0.837115, -0.546126,
		31.196016, 38.114956, 29.718567>
	pigment { color rgbt <0,1,1,0> }
	no_shadow
}
cylinder {
	<30.564905, 38.476536, 30.359827>,  <31.217993, 38.700935, 30.100855>, 0.130000
	pigment { color rgbt <1,0,0,0> }
	no_shadow
}

// nucleotide -1

// particle -1
sphere {
	<30.564905, 38.476536, 30.359827> 0.250000
	pigment { color rgbt <1,0,0,0> }
	no_shadow
}
cylinder {
	<30.762180, 38.179096, 30.179237>,  <30.880545, 38.000633, 30.070883>, 0.100000
	pigment { color rgbt <1,0,0,0> }
	no_shadow
}
cylinder {
	<30.762180, 38.179096, 30.179237>,  <30.564905, 38.476536, 30.359827>, 0.100000
	pigment { color rgbt <1,0,0,0> }
	no_shadow
}

// particle -1
sphere {
	<30.762180, 38.179096, 30.179237> 0.100000
	pigment { color rgbt <1,0,0,0> }
	no_shadow
}
sphere {
	0, 1
	scale<0.080000,0.200000,0.300000>
	matrix <-0.315101, -0.636438, 0.704029,
		-0.810851, -0.204957, -0.548191,
		0.493186, -0.743598, -0.451474,
		30.910135, 37.956017, 30.043795>
	pigment { color rgbt <0,1,1,0> }
	no_shadow
}
cylinder {
	<30.071194, 38.009899, 30.298807>,  <30.564905, 38.476536, 30.359827>, 0.130000
	pigment { color rgbt <1,0,0,0> }
	no_shadow
}

// nucleotide -1

// particle -1
sphere {
	<30.071194, 38.009899, 30.298807> 0.250000
	pigment { color rgbt <1,0,0,0> }
	no_shadow
}
cylinder {
	<30.403181, 37.789860, 30.261824>,  <30.602373, 37.657837, 30.239634>, 0.100000
	pigment { color rgbt <1,0,0,0> }
	no_shadow
}
cylinder {
	<30.403181, 37.789860, 30.261824>,  <30.071194, 38.009899, 30.298807>, 0.100000
	pigment { color rgbt <1,0,0,0> }
	no_shadow
}

// particle -1
sphere {
	<30.403181, 37.789860, 30.261824> 0.100000
	pigment { color rgbt <1,0,0,0> }
	no_shadow
}
sphere {
	0, 1
	scale<0.080000,0.200000,0.300000>
	matrix <-0.425410, -0.731427, 0.532955,
		-0.360802, -0.403003, -0.841077,
		0.829969, -0.550094, -0.092459,
		30.652172, 37.624832, 30.234085>
	pigment { color rgbt <0,1,1,0> }
	no_shadow
}
cylinder {
	<29.816793, 37.350819, 30.120792>,  <30.071194, 38.009899, 30.298807>, 0.130000
	pigment { color rgbt <1,0,0,0> }
	no_shadow
}

// nucleotide -1

// particle -1
sphere {
	<29.816793, 37.350819, 30.120792> 0.250000
	pigment { color rgbt <1,0,0,0> }
	no_shadow
}
cylinder {
	<30.189577, 37.310158, 30.260002>,  <30.413246, 37.285763, 30.343529>, 0.100000
	pigment { color rgbt <1,0,0,0> }
	no_shadow
}
cylinder {
	<30.189577, 37.310158, 30.260002>,  <29.816793, 37.350819, 30.120792>, 0.100000
	pigment { color rgbt <1,0,0,0> }
	no_shadow
}

// particle -1
sphere {
	<30.189577, 37.310158, 30.260002> 0.100000
	pigment { color rgbt <1,0,0,0> }
	no_shadow
}
sphere {
	0, 1
	scale<0.080000,0.200000,0.300000>
	matrix <-0.303043, -0.745368, 0.593794,
