// switches for output
#declare DRAW_BASES = 1; // possible values are 0, 1; only relevant for DNA ribbons
#declare DRAW_BASES_TYPE = 3; // possible values are 1, 2, 3; only relevant for DNA ribbons
#declare DRAW_FOG = 0; // set to 1 to enable fog

#include "colors.inc"

#include "transforms.inc"
background { rgb <1, 1, 1>}

#default {
   normal{
       ripples 0.25
       frequency 0.20
       turbulence 0.2
       lambda 5
   }
	finish {
		phong 0.1
		phong_size 40.
	}
}

// original window dimensions: 1024x640


// camera settings

camera {
	sky <0, 0.179814, -0.983701>
	up <0, 0.179814, -0.983701>
	right 1.6 * <1, 0, 0>
	location <35, 94.9851, 44.8844>
	look_at <35, 29.7336, 32.9568>
	direction <0, -65.2515, -11.9276>
	angle 67.0682
}


# declare cpy_camera_pos = <35, 94.9851, 44.8844>;
# if (DRAW_FOG = 1)
fog {
	fog_type 2
	up vnormalize(cpy_camera_pos)
	color rgbt<1,1,1,0.3>
	distance 1e-5
	fog_alt 3e-3
	fog_offset 56
}
# end


// LIGHTS

# declare lum = 6;
global_settings {
	ambient_light rgb lum * <0.05, 0.05, 0.05>
	max_trace_level 15
}# declare cpy_direct_light_amount = 0.25;
light_source
{	1000 * <-1, -1.16352, -0.803886>,
	rgb lum * cpy_direct_light_amount
	parallel
}

light_source
{	1000 * <1, 1.16352, 0.803886>,
	rgb lum * cpy_direct_light_amount
	parallel
}

// strand 0

// nucleotide -1

// particle -1
sphere {
	<23.828281, 35.284637, 34.929253> 0.250000
	pigment { color rgbt <1,0,0,0> }
	no_shadow
}
cylinder {
	<24.079048, 34.984409, 35.012791>,  <24.229509, 34.804272, 35.062912>, 0.100000
	pigment { color rgbt <1,0,0,0> }
	no_shadow
}
cylinder {
	<24.079048, 34.984409, 35.012791>,  <23.828281, 35.284637, 34.929253>, 0.100000
	pigment { color rgbt <1,0,0,0> }
	no_shadow
}

// particle -1
sphere {
	<24.079048, 34.984409, 35.012791> 0.100000
	pigment { color rgbt <1,0,0,0> }
	no_shadow
}
sphere {
	0, 1
	scale<0.080000,0.200000,0.300000>
	matrix <-0.075506, -0.325334, -0.942580,
		0.775418, 0.575151, -0.260631,
		0.626918, -0.750572, 0.208842,
		24.267124, 34.759239, 35.075443>
	pigment { color rgbt <0,1,1,0> }
	no_shadow
}
cylinder {
	<24.406006, 35.206318, 34.339531>,  <23.828281, 35.284637, 34.929253>, 0.130000
	pigment { color rgbt <1,0,0,0> }
	no_shadow
}

// nucleotide -1

// particle -1
sphere {
	<24.406006, 35.206318, 34.339531> 0.250000
	pigment { color rgbt <1,0,0,0> }
	no_shadow
}
cylinder {
	<24.350756, 34.847923, 34.508350>,  <24.317606, 34.632885, 34.609642>, 0.100000
	pigment { color rgbt <1,0,0,0> }
	no_shadow
}
cylinder {
	<24.350756, 34.847923, 34.508350>,  <24.406006, 35.206318, 34.339531>, 0.100000
	pigment { color rgbt <1,0,0,0> }
	no_shadow
}

// particle -1
sphere {
	<24.350756, 34.847923, 34.508350> 0.100000
	pigment { color rgbt <1,0,0,0> }
	no_shadow
}
sphere {
	0, 1
	scale<0.080000,0.200000,0.300000>
	matrix <-0.135689, -0.404996, -0.904194,
		0.981076, -0.182157, -0.065637,
		-0.138123, -0.895989, 0.422049,
		24.309319, 34.579128, 34.634964>
	pigment { color rgbt <0,1,1,0> }
	no_shadow
}
cylinder {
	<24.899654, 34.686478, 34.063374>,  <24.406006, 35.206318, 34.339531>, 0.130000
	pigment { color rgbt <1,0,0,0> }
	no_shadow
}

// nucleotide -1

// particle -1
sphere {
	<24.899654, 34.686478, 34.063374> 0.250000
	pigment { color rgbt <1,0,0,0> }
	no_shadow
}
cylinder {
	<24.542635, 34.532543, 34.157402>,  <24.328423, 34.440182, 34.213818>, 0.100000
	pigment { color rgbt <1,0,0,0> }
	no_shadow
}
cylinder {
	<24.542635, 34.532543, 34.157402>,  <24.899654, 34.686478, 34.063374>, 0.100000
	pigment { color rgbt <1,0,0,0> }
	no_shadow
}

// particle -1
sphere {
	<24.542635, 34.532543, 34.157402> 0.100000
	pigment { color rgbt <1,0,0,0> }
	no_shadow
}
sphere {
	0, 1
	scale<0.080000,0.200000,0.300000>
	matrix <-0.107480, -0.324714, -0.939686,
		0.437955, -0.863981, 0.248461,
		-0.892549, -0.384835, 0.235071,
		24.274870, 34.417091, 34.227924>
	pigment { color rgbt <0,1,1,0> }
	no_shadow
}
cylinder {
	<25.490297, 34.352852, 34.455139>,  <24.899654, 34.686478, 34.063374>, 0.130000
	pigment { color rgbt <1,0,0,0> }
	no_shadow
}

// nucleotide -1

// particle -1
sphere {
	<25.490297, 34.352852, 34.455139> 0.250000
	pigment { color rgbt <1,0,0,0> }
	no_shadow
}
cylinder {
	<25.840311, 34.481602, 34.310528>,  <26.050320, 34.558853, 34.223759>, 0.100000
	pigment { color rgbt <1,0,0,0> }
	no_shadow
}
cylinder {
	<25.840311, 34.481602, 34.310528>,  <25.490297, 34.352852, 34.455139>, 0.100000
	pigment { color rgbt <1,0,0,0> }
	no_shadow
}

// particle -1
sphere {
	<25.840311, 34.481602, 34.310528> 0.100000
	pigment { color rgbt <1,0,0,0> }
	no_shadow
}
sphere {
	0, 1
	scale<0.080000,0.200000,0.300000>
	matrix <0.165079, -0.900540, -0.402215,
		-0.455039, 0.292272, -0.841140,
		0.875036, 0.321878, -0.361533,
		26.102821, 34.578167, 34.202068>
	pigment { color rgbt <0,1,1,0> }
	no_shadow
}
cylinder {
	<25.491489, 34.383900, 33.780384>,  <25.490297, 34.352852, 34.455139>, 0.130000
	pigment { color rgbt <1,0,0,0> }
	no_shadow
}

// nucleotide -1

// particle -1
sphere {
	<25.491489, 34.383900, 33.780384> 0.250000
	pigment { color rgbt <1,0,0,0> }
	no_shadow
}
cylinder {
	<25.860497, 34.279743, 33.894337>,  <26.081902, 34.217251, 33.962708>, 0.100000
	pigment { color rgbt <1,0,0,0> }
	no_shadow
}
cylinder {
	<25.860497, 34.279743, 33.894337>,  <25.491489, 34.383900, 33.780384>, 0.100000
	pigment { color rgbt <1,0,0,0> }
	no_shadow
}

// particle -1
sphere {
	<25.860497, 34.279743, 33.894337> 0.100000
	pigment { color rgbt <1,0,0,0> }
	no_shadow
}
sphere {
	0, 1
	scale<0.080000,0.200000,0.300000>
	matrix <-0.019022, -0.767896, -0.640292,
		0.385482, 0.585263, -0.713352,
		0.922519, -0.260390, 0.284877,
		26.137253, 34.201626, 33.979801>
	pigment { color rgbt <0,1,1,0> }
	no_shadow
}
cylinder {
	<26.026882, 34.174656, 33.200111>,  <25.491489, 34.383900, 33.780384>, 0.130000
	pigment { color rgbt <1,0,0,0> }
	no_shadow
}

// nucleotide -1

// particle -1
sphere {
	<26.026882, 34.174656, 33.200111> 0.250000
	pigment { color rgbt <1,0,0,0> }
	no_shadow
}
cylinder {
	<26.160049, 33.999630, 33.534225>,  <26.239950, 33.894615, 33.734695>, 0.100000
	pigment { color rgbt <1,0,0,0> }
	no_shadow
}
cylinder {
	<26.160049, 33.999630, 33.534225>,  <26.026882, 34.174656, 33.200111>, 0.100000
	pigment { color rgbt <1,0,0,0> }
	no_shadow
}

// particle -1
sphere {
	<26.160049, 33.999630, 33.534225> 0.100000
	pigment { color rgbt <1,0,0,0> }
	no_shadow
}
sphere {
	0, 1
	scale<0.080000,0.200000,0.300000>
	matrix <0.118321, -0.859431, -0.497372,
		0.935503, 0.264416, -0.234348,
		0.332919, -0.437565, 0.835286,
		26.259926, 33.868362, 33.784813>
	pigment { color rgbt <0,1,1,0> }
	no_shadow
}
cylinder {
	<26.517632, 33.812393, 33.004913>,  <26.026882, 34.174656, 33.200111>, 0.130000
	pigment { color rgbt <1,0,0,0> }
	no_shadow
}

// nucleotide -1

// particle -1
sphere {
	<26.517632, 33.812393, 33.004913> 0.250000
	pigment { color rgbt <1,0,0,0> }
	no_shadow
}
cylinder {
	<26.422279, 33.649853, 33.357742>,  <26.365068, 33.552330, 33.569439>, 0.100000
	pigment { color rgbt <1,0,0,0> }
	no_shadow
}
cylinder {
	<26.422279, 33.649853, 33.357742>,  <26.517632, 33.812393, 33.004913>, 0.100000
	pigment { color rgbt <1,0,0,0> }
	no_shadow
}

// particle -1
sphere {
	<26.422279, 33.649853, 33.357742> 0.100000
	pigment { color rgbt <1,0,0,0> }
	no_shadow
}
sphere {
	0, 1
	scale<0.080000,0.200000,0.300000>
	matrix <0.158658, -0.912351, -0.377417,
		0.958125, 0.049980, 0.281956,
		-0.238380, -0.406347, 0.882076,
		26.350765, 33.527950, 33.622364>
	pigment { color rgbt <0,1,1,0> }
	no_shadow
}
cylinder {
	<27.012083, 33.384521, 33.130573>,  <26.517632, 33.812393, 33.004913>, 0.130000
	pigment { color rgbt <1,0,0,0> }
	no_shadow
}

// nucleotide -1

// particle -1
sphere {
	<27.012083, 33.384521, 33.130573> 0.250000
	pigment { color rgbt <1,0,0,0> }
	no_shadow
}
cylinder {
	<26.698040, 33.236443, 33.329189>,  <26.509613, 33.147594, 33.448360>, 0.100000
	pigment { color rgbt <1,0,0,0> }
	no_shadow
}
cylinder {
	<26.698040, 33.236443, 33.329189>,  <27.012083, 33.384521, 33.130573>, 0.100000
	pigment { color rgbt <1,0,0,0> }
	no_shadow
}

// particle -1
sphere {
	<26.698040, 33.236443, 33.329189> 0.100000
	pigment { color rgbt <1,0,0,0> }
	no_shadow
}
sphere {
	0, 1
	scale<0.080000,0.200000,0.300000>
	matrix <0.158321, -0.895030, -0.416960,
		0.598779, -0.248746, 0.761307,
		-0.785110, -0.370198, 0.496544,
		26.462507, 33.125381, 33.478153>
	pigment { color rgbt <0,1,1,0> }
	no_shadow
}
cylinder {
	<27.269871, 32.688999, 33.278252>,  <27.012083, 33.384521, 33.130573>, 0.130000
	pigment { color rgbt <1,0,0,0> }
	no_shadow
}

// nucleotide -1

// particle -1
sphere {
	<27.269871, 32.688999, 33.278252> 0.250000
	pigment { color rgbt <1,0,0,0> }
	no_shadow
}
cylinder {
	<26.872692, 32.700001, 33.324375>,  <26.634384, 32.706600, 33.352051>, 0.100000
	pigment { color rgbt <1,0,0,0> }
	no_shadow
}
cylinder {
	<26.872692, 32.700001, 33.324375>,  <27.269871, 32.688999, 33.278252>, 0.100000
	pigment { color rgbt <1,0,0,0> }
	no_shadow
}

// particle -1
sphere {
	<26.872692, 32.700001, 33.324375> 0.100000
	pigment { color rgbt <1,0,0,0> }
	no_shadow
}
sphere {
	0, 1
	scale<0.080000,0.200000,0.300000>
	matrix <-0.074809, -0.899929, -0.429572,
		0.091957, -0.435169, 0.895641,
		-0.992949, 0.027500, 0.115309,
		26.574808, 32.708252, 33.358967>
	pigment { color rgbt <0,1,1,0> }
	no_shadow
}
cylinder {
	<27.083530, 32.089706, 33.556004>,  <27.269871, 32.688999, 33.278252>, 0.130000
	pigment { color rgbt <1,0,0,0> }
	no_shadow
}

// nucleotide -1

// particle -1
sphere {
	<27.083530, 32.089706, 33.556004> 0.250000
	pigment { color rgbt <1,0,0,0> }
	no_shadow
}
cylinder {
	<26.718815, 32.201412, 33.435570>,  <26.499985, 32.268436, 33.363312>, 0.100000
	pigment { color rgbt <1,0,0,0> }
	no_shadow
}
cylinder {
	<26.718815, 32.201412, 33.435570>,  <27.083530, 32.089706, 33.556004>, 0.100000
	pigment { color rgbt <1,0,0,0> }
	no_shadow
}

// particle -1
sphere {
	<26.718815, 32.201412, 33.435570> 0.100000
	pigment { color rgbt <1,0,0,0> }
	no_shadow
}
sphere {
	0, 1
	scale<0.080000,0.200000,0.300000>
	matrix <-0.182239, -0.932191, -0.312743,
		-0.368003, -0.230287, 0.900856,
		-0.911791, 0.279261, -0.301082,
		26.445278, 32.285191, 33.345245>
	pigment { color rgbt <0,1,1,0> }
	no_shadow
}
cylinder {
	<26.527147, 31.587679, 33.777264>,  <27.083530, 32.089706, 33.556004>, 0.130000
	pigment { color rgbt <1,0,0,0> }
	no_shadow
}

// nucleotide -1

// particle -1
sphere {
	<26.527147, 31.587679, 33.777264> 0.250000
	pigment { color rgbt <1,0,0,0> }
	no_shadow
}
cylinder {
	<26.347260, 31.771145, 33.470703>,  <26.239326, 31.881226, 33.286766>, 0.100000
	pigment { color rgbt <1,0,0,0> }
	no_shadow
}
cylinder {
	<26.347260, 31.771145, 33.470703>,  <26.527147, 31.587679, 33.777264>, 0.100000
	pigment { color rgbt <1,0,0,0> }
	no_shadow
}

// particle -1
sphere {
	<26.347260, 31.771145, 33.470703> 0.100000
	pigment { color rgbt <1,0,0,0> }
	no_shadow
}
sphere {
	0, 1
	scale<0.080000,0.200000,0.300000>
	matrix <-0.125830, -0.882051, -0.454040,
		-0.884284, -0.107732, 0.454352,
		-0.449676, 0.458671, -0.766428,
		26.212343, 31.908745, 33.240780>
	pigment { color rgbt <0,1,1,0> }
	no_shadow
}
cylinder {
	<25.815344, 31.345467, 33.761597>,  <26.527147, 31.587679, 33.777264>, 0.130000
	pigment { color rgbt <1,0,0,0> }
	no_shadow
}

// nucleotide -1

// particle -1
sphere {
	<25.815344, 31.345467, 33.761597> 0.250000
	pigment { color rgbt <1,0,0,0> }
	no_shadow
}
cylinder {
	<25.933084, 31.477032, 33.402672>,  <26.003729, 31.555971, 33.187317>, 0.100000
	pigment { color rgbt <1,0,0,0> }
	no_shadow
}
cylinder {
	<25.933084, 31.477032, 33.402672>,  <25.815344, 31.345467, 33.761597>, 0.100000
	pigment { color rgbt <1,0,0,0> }
	no_shadow
}

// particle -1
sphere {
	<25.933084, 31.477032, 33.402672> 0.100000
	pigment { color rgbt <1,0,0,0> }
	no_shadow
}
sphere {
	0, 1
	scale<0.080000,0.200000,0.300000>
	matrix <-0.135696, -0.915014, -0.379916,
		-0.946014, 0.233591, -0.224704,
		0.294353, 0.328915, -0.897314,
		26.021391, 31.575706, 33.133476>
	pigment { color rgbt <0,1,1,0> }
	no_shadow
}
cylinder {
	<25.321001, 31.059420, 33.210659>,  <25.815344, 31.345467, 33.761597>, 0.130000
	pigment { color rgbt <1,0,0,0> }
	no_shadow
}

// nucleotide -1

// particle -1
sphere {
	<25.321001, 31.059420, 33.210659> 0.250000
	pigment { color rgbt <1,0,0,0> }
	no_shadow
}
cylinder {
	<25.651516, 31.156309, 33.007256>,  <25.849825, 31.214443, 32.885216>, 0.100000
	pigment { color rgbt <1,0,0,0> }
	no_shadow
}
cylinder {
	<25.651516, 31.156309, 33.007256>,  <25.321001, 31.059420, 33.210659>, 0.100000
	pigment { color rgbt <1,0,0,0> }
	no_shadow
}

// particle -1
sphere {
	<25.651516, 31.156309, 33.007256> 0.100000
	pigment { color rgbt <1,0,0,0> }
	no_shadow
}
sphere {
	0, 1
	scale<0.080000,0.200000,0.300000>
	matrix <-0.038818, -0.876171, -0.480435,
		-0.561912, 0.416716, -0.714565,
		0.826286, 0.242224, -0.508506,
		25.899403, 31.228977, 32.854702>
	pigment { color rgbt <0,1,1,0> }
	no_shadow
}
cylinder {
	<25.184464, 30.979443, 32.504913>,  <25.321001, 31.059420, 33.210659>, 0.130000
	pigment { color rgbt <1,0,0,0> }
	no_shadow
}

// nucleotide -1

// particle -1
sphere {
	<25.184464, 30.979443, 32.504913> 0.250000
	pigment { color rgbt <1,0,0,0> }
	no_shadow
}
cylinder {
	<25.582134, 30.947931, 32.534325>,  <25.820736, 30.929024, 32.551971>, 0.100000
	pigment { color rgbt <1,0,0,0> }
	no_shadow
}
cylinder {
	<25.582134, 30.947931, 32.534325>,  <25.184464, 30.979443, 32.504913>, 0.100000
	pigment { color rgbt <1,0,0,0> }
	no_shadow
}

// particle -1
sphere {
	<25.582134, 30.947931, 32.534325> 0.100000
	pigment { color rgbt <1,0,0,0> }
	no_shadow
}
sphere {
	0, 1
	scale<0.080000,0.200000,0.300000>
	matrix <-0.042903, -0.915273, -0.400543,
		0.098855, 0.395056, -0.913323,
		0.994177, -0.078780, 0.073530,
		25.880386, 30.924297, 32.556385>
	pigment { color rgbt <0,1,1,0> }
	no_shadow
}
cylinder {
	<25.481825, 30.777033, 31.887112>,  <25.184464, 30.979443, 32.504913>, 0.130000
	pigment { color rgbt <1,0,0,0> }
	no_shadow
}

// nucleotide -1

// particle -1
sphere {
	<25.481825, 30.777033, 31.887112> 0.250000
	pigment { color rgbt <1,0,0,0> }
	no_shadow
}
cylinder {
	<25.732901, 30.653786, 32.173069>,  <25.883545, 30.579838, 32.344643>, 0.100000
	pigment { color rgbt <1,0,0,0> }
	no_shadow
}
cylinder {
	<25.732901, 30.653786, 32.173069>,  <25.481825, 30.777033, 31.887112>, 0.100000
	pigment { color rgbt <1,0,0,0> }
	no_shadow
}

// particle -1
sphere {
	<25.732901, 30.653786, 32.173069> 0.100000
	pigment { color rgbt <1,0,0,0> }
	no_shadow
}
sphere {
	0, 1
	scale<0.080000,0.200000,0.300000>
	matrix <0.111305, -0.873379, -0.474152,
		0.770467, 0.377191, -0.513915,
		0.627688, -0.308117, 0.714893,
		25.921207, 30.561350, 32.387535>
	pigment { color rgbt <0,1,1,0> }
	no_shadow
}
cylinder {
	<26.024881, 30.436152, 31.481205>,  <25.481825, 30.777033, 31.887112>, 0.130000
	pigment { color rgbt <1,0,0,0> }
	no_shadow
}

// nucleotide -1

// particle -1
sphere {
	<26.024881, 30.436152, 31.481205> 0.250000
	pigment { color rgbt <1,0,0,0> }
	no_shadow
}
cylinder {
	<26.061880, 30.309629, 31.858860>,  <26.084080, 30.233715, 32.085453>, 0.100000
	pigment { color rgbt <1,0,0,0> }
	no_shadow
}
cylinder {
	<26.061880, 30.309629, 31.858860>,  <26.024881, 30.436152, 31.481205>, 0.100000
	pigment { color rgbt <1,0,0,0> }
	no_shadow
}

// particle -1
sphere {
	<26.061880, 30.309629, 31.858860> 0.100000
	pigment { color rgbt <1,0,0,0> }
	no_shadow
}
sphere {
	0, 1
	scale<0.080000,0.200000,0.300000>
	matrix <0.179616, -0.927346, -0.328279,
		0.979379, 0.199947, -0.028963,
		0.092497, -0.316307, 0.944137,
		26.089628, 30.214737, 32.142101>
	pigment { color rgbt <0,1,1,0> }
	no_shadow
}
cylinder {
	<26.538561, 29.914886, 31.516064>,  <26.024881, 30.436152, 31.481205>, 0.130000
	pigment { color rgbt <1,0,0,0> }
	no_shadow
}

// nucleotide -1

// particle -1
sphere {
	<26.538561, 29.914886, 31.516064> 0.250000
	pigment { color rgbt <1,0,0,0> }
	no_shadow
}
cylinder {
	<26.349461, 29.856470, 31.863668>,  <26.236000, 29.821421, 32.072231>, 0.100000
	pigment { color rgbt <1,0,0,0> }
	no_shadow
}
cylinder {
	<26.349461, 29.856470, 31.863668>,  <26.538561, 29.914886, 31.516064>, 0.100000
	pigment { color rgbt <1,0,0,0> }
	no_shadow
}

// particle -1
sphere {
	<26.349461, 29.856470, 31.863668> 0.100000
	pigment { color rgbt <1,0,0,0> }
	no_shadow
}
sphere {
	0, 1
	scale<0.080000,0.200000,0.300000>
	matrix <0.210463, -0.976344, -0.049584,
		0.855694, 0.159454, 0.492303,
		-0.472751, -0.146040, 0.869010,
		26.207636, 29.812658, 32.124371>
	pigment { color rgbt <0,1,1,0> }
	no_shadow
}
cylinder {
	<26.993910, 29.402981, 31.841732>,  <26.538561, 29.914886, 31.516064>, 0.130000
	pigment { color rgbt <1,0,0,0> }
	no_shadow
}

// nucleotide -1

// particle -1
sphere {
	<26.993910, 29.402981, 31.841732> 0.250000
	pigment { color rgbt <1,0,0,0> }
	no_shadow
}
cylinder {
	<26.627892, 29.365093, 31.998558>,  <26.408279, 29.342361, 32.092655>, 0.100000
	pigment { color rgbt <1,0,0,0> }
	no_shadow
}
cylinder {
	<26.627892, 29.365093, 31.998558>,  <26.993910, 29.402981, 31.841732>, 0.100000
	pigment { color rgbt <1,0,0,0> }
	no_shadow
}

// particle -1
sphere {
	<26.627892, 29.365093, 31.998558> 0.100000
	pigment { color rgbt <1,0,0,0> }
	no_shadow
}
sphere {
	0, 1
	scale<0.080000,0.200000,0.300000>
	matrix <0.046610, -0.990355, -0.130476,
		0.400643, -0.101118, 0.910637,
		-0.915048, -0.094719, 0.392066,
		26.353376, 29.336678, 32.116177>
	pigment { color rgbt <0,1,1,0> }
	no_shadow
}
cylinder {
	<27.055363, 28.891546, 32.365479>,  <26.993910, 29.402981, 31.841732>, 0.130000
	pigment { color rgbt <1,0,0,0> }
	no_shadow
}

// nucleotide -1

// particle -1
sphere {
	<27.055363, 28.891546, 32.365479> 0.250000
	pigment { color rgbt <1,0,0,0> }
	no_shadow
}
cylinder {
	<26.669535, 28.908052, 32.261246>,  <26.438038, 28.917955, 32.198704>, 0.100000
	pigment { color rgbt <1,0,0,0> }
	no_shadow
}
cylinder {
	<26.669535, 28.908052, 32.261246>,  <27.055363, 28.891546, 32.365479>, 0.100000
	pigment { color rgbt <1,0,0,0> }
	no_shadow
}

// particle -1
sphere {
	<26.669535, 28.908052, 32.261246> 0.100000
	pigment { color rgbt <1,0,0,0> }
	no_shadow
}
sphere {
	0, 1
	scale<0.080000,0.200000,0.300000>
	matrix <0.017853, -0.975221, -0.220510,
		-0.263227, -0.217349, 0.939931,
		-0.964568, 0.041264, -0.260585,
		26.380163, 28.920431, 32.183071>
	pigment { color rgbt <0,1,1,0> }
	no_shadow
}
cylinder {
	<26.749529, 28.325321, 32.632351>,  <27.055363, 28.891546, 32.365479>, 0.130000
	pigment { color rgbt <1,0,0,0> }
	no_shadow
}

// nucleotide -1

// particle -1
sphere {
	<26.749529, 28.325321, 32.632351> 0.250000
	pigment { color rgbt <1,0,0,0> }
	no_shadow
}
cylinder {
	<26.453197, 28.392656, 32.372250>,  <26.275398, 28.433058, 32.216187>, 0.100000
	pigment { color rgbt <1,0,0,0> }
	no_shadow
}
cylinder {
	<26.453197, 28.392656, 32.372250>,  <26.749529, 28.325321, 32.632351>, 0.100000
	pigment { color rgbt <1,0,0,0> }
	no_shadow
}

// particle -1
sphere {
	<26.453197, 28.392656, 32.372250> 0.100000
	pigment { color rgbt <1,0,0,0> }
	no_shadow
}
sphere {
	0, 1
	scale<0.080000,0.200000,0.300000>
	matrix <-0.186405, -0.981586, -0.041742,
		-0.645311, 0.090288, 0.758566,
		-0.740829, 0.168337, -0.650258,
		26.230949, 28.443157, 32.177174>
	pigment { color rgbt <0,1,1,0> }
	no_shadow
}
cylinder {
	<26.037560, 27.983149, 32.859291>,  <26.749529, 28.325321, 32.632351>, 0.130000
	pigment { color rgbt <1,0,0,0> }
	no_shadow
}

// nucleotide -1

// particle -1
sphere {
	<26.037560, 27.983149, 32.859291> 0.250000
	pigment { color rgbt <1,0,0,0> }
	no_shadow
}
cylinder {
	<26.056702, 28.030680, 32.462585>,  <26.068188, 28.059198, 32.224564>, 0.100000
	pigment { color rgbt <1,0,0,0> }
	no_shadow
}
cylinder {
	<26.056702, 28.030680, 32.462585>,  <26.037560, 27.983149, 32.859291>, 0.100000
	pigment { color rgbt <1,0,0,0> }
	no_shadow
}

// particle -1
sphere {
	<26.056702, 28.030680, 32.462585> 0.100000
	pigment { color rgbt <1,0,0,0> }
	no_shadow
}
sphere {
	0, 1
	scale<0.080000,0.200000,0.300000>
	matrix <-0.272898, -0.953567, -0.127419,
		-0.960852, 0.276747, -0.013206,
		0.047856, 0.118827, -0.991761,
		26.071058, 28.066328, 32.165058>
	pigment { color rgbt <0,1,1,0> }
	no_shadow
}
cylinder {
	<25.649014, 27.451349, 32.666183>,  <26.037560, 27.983149, 32.859291>, 0.130000
	pigment { color rgbt <1,0,0,0> }
	no_shadow
}

// nucleotide -1

// particle -1
sphere {
	<25.649014, 27.451349, 32.666183> 0.250000
	pigment { color rgbt <1,0,0,0> }
	no_shadow
}
cylinder {
	<25.799410, 27.562012, 32.312439>,  <25.889648, 27.628408, 32.100193>, 0.100000
	pigment { color rgbt <1,0,0,0> }
	no_shadow
}
cylinder {
	<25.799410, 27.562012, 32.312439>,  <25.649014, 27.451349, 32.666183>, 0.100000
	pigment { color rgbt <1,0,0,0> }
	no_shadow
}

// particle -1
sphere {
	<25.799410, 27.562012, 32.312439> 0.100000
	pigment { color rgbt <1,0,0,0> }
	no_shadow
}
sphere {
	0, 1
	scale<0.080000,0.200000,0.300000>
	matrix <0.053352, -0.959269, -0.277408,
		-0.925085, 0.057121, -0.375439,
		0.375993, 0.276657, -0.884359,
		25.912209, 27.645008, 32.047131>
	pigment { color rgbt <0,1,1,0> }
	no_shadow
}
cylinder {
	<25.272020, 27.127953, 32.131439>,  <25.649014, 27.451349, 32.666183>, 0.130000
	pigment { color rgbt <1,0,0,0> }
	no_shadow
}

// nucleotide -1

// particle -1
sphere {
	<25.272020, 27.127953, 32.131439> 0.250000
	pigment { color rgbt <1,0,0,0> }
	no_shadow
}
cylinder {
	<25.630993, 27.181807, 31.963398>,  <25.846376, 27.214119, 31.862574>, 0.100000
	pigment { color rgbt <1,0,0,0> }
	no_shadow
}
cylinder {
	<25.630993, 27.181807, 31.963398>,  <25.272020, 27.127953, 32.131439>, 0.100000
	pigment { color rgbt <1,0,0,0> }
	no_shadow
}

// particle -1
sphere {
	<25.630993, 27.181807, 31.963398> 0.100000
	pigment { color rgbt <1,0,0,0> }
	no_shadow
}
sphere {
	0, 1
	scale<0.080000,0.200000,0.300000>
	matrix <-0.029742, -0.931659, -0.362114,
		-0.440145, 0.337468, -0.832098,
		0.897434, 0.134635, -0.420102,
		25.900223, 27.222197, 31.837368>
	pigment { color rgbt <0,1,1,0> }
	no_shadow
}
cylinder {
	<25.231506, 26.939821, 31.433395>,  <25.272020, 27.127953, 32.131439>, 0.130000
	pigment { color rgbt <1,0,0,0> }
	no_shadow
}

// nucleotide -1

// particle -1
sphere {
	<25.231506, 26.939821, 31.433395> 0.250000
	pigment { color rgbt <1,0,0,0> }
	no_shadow
}
cylinder {
	<25.623451, 26.918022, 31.510231>,  <25.858618, 26.904943, 31.556334>, 0.100000
	pigment { color rgbt <1,0,0,0> }
	no_shadow
}
cylinder {
	<25.623451, 26.918022, 31.510231>,  <25.231506, 26.939821, 31.433395>, 0.100000
	pigment { color rgbt <1,0,0,0> }
	no_shadow
}

// particle -1
sphere {
	<25.623451, 26.918022, 31.510231> 0.100000
	pigment { color rgbt <1,0,0,0> }
	no_shadow
}
sphere {
	0, 1
	scale<0.080000,0.200000,0.300000>
	matrix <0.023292, -0.924269, -0.381031,
		0.198308, 0.377832, -0.904387,
		0.979863, -0.054496, 0.192090,
		25.917410, 26.901672, 31.567858>
	pigment { color rgbt <0,1,1,0> }
	no_shadow
}
cylinder {
	<25.613890, 26.633438, 30.773857>,  <25.231506, 26.939821, 31.433395>, 0.130000
	pigment { color rgbt <1,0,0,0> }
	no_shadow
}

// nucleotide -1

// particle -1
sphere {
	<25.613890, 26.633438, 30.773857> 0.250000
	pigment { color rgbt <1,0,0,0> }
	no_shadow
}
cylinder {
	<25.850889, 26.589579, 31.093086>,  <25.993088, 26.563263, 31.284624>, 0.100000
	pigment { color rgbt <1,0,0,0> }
	no_shadow
}
cylinder {
	<25.850889, 26.589579, 31.093086>,  <25.613890, 26.633438, 30.773857>, 0.100000
	pigment { color rgbt <1,0,0,0> }
	no_shadow
}

// particle -1
sphere {
	<25.850889, 26.589579, 31.093086> 0.100000
	pigment { color rgbt <1,0,0,0> }
	no_shadow
}
sphere {
	0, 1
	scale<0.080000,0.200000,0.300000>
	matrix <0.047769, -0.984168, -0.170680,
		0.804155, 0.139251, -0.577880,
		0.592498, -0.109648, 0.798075,
		26.028639, 26.556684, 31.332508>
	pigment { color rgbt <0,1,1,0> }
	no_shadow
}
cylinder {
	<26.059816, 26.073412, 30.600300>,  <25.613890, 26.633438, 30.773857>, 0.130000
	pigment { color rgbt <1,0,0,0> }
	no_shadow
}

// nucleotide -1

// particle -1
sphere {
	<26.059816, 26.073412, 30.600300> 0.250000
	pigment { color rgbt <1,0,0,0> }
	no_shadow
}
cylinder {
	<26.081823, 26.100170, 30.998796>,  <26.095028, 26.116224, 31.237894>, 0.100000
	pigment { color rgbt <1,0,0,0> }
	no_shadow
}
cylinder {
	<26.081823, 26.100170, 30.998796>,  <26.059816, 26.073412, 30.600300>, 0.100000
	pigment { color rgbt <1,0,0,0> }
	no_shadow
}

// particle -1
sphere {
	<26.081823, 26.100170, 30.998796> 0.100000
	pigment { color rgbt <1,0,0,0> }
	no_shadow
}
sphere {
	0, 1
	scale<0.080000,0.200000,0.300000>
	matrix <0.078243, -0.994974, 0.062489,
		0.995415, 0.074512, -0.059972,
		0.055014, 0.066895, 0.996242,
		26.098328, 26.120239, 31.297668>
	pigment { color rgbt <0,1,1,0> }
	no_shadow
}
cylinder {
	<26.254675, 25.384571, 30.710011>,  <26.059816, 26.073412, 30.600300>, 0.130000
	pigment { color rgbt <1,0,0,0> }
	no_shadow
}

// nucleotide -1

// particle -1
sphere {
	<26.254675, 25.384571, 30.710011> 0.250000
	pigment { color rgbt <1,0,0,0> }
	no_shadow
}
cylinder {
	<26.109823, 25.541641, 31.048162>,  <26.022913, 25.635883, 31.251055>, 0.100000
	pigment { color rgbt <1,0,0,0> }
	no_shadow
}
cylinder {
	<26.109823, 25.541641, 31.048162>,  <26.254675, 25.384571, 30.710011>, 0.100000
	pigment { color rgbt <1,0,0,0> }
	no_shadow
}

// particle -1
sphere {
	<26.109823, 25.541641, 31.048162> 0.100000
	pigment { color rgbt <1,0,0,0> }
	no_shadow
}
sphere {
	0, 1
	scale<0.080000,0.200000,0.300000>
	matrix <-0.440589, -0.871336, 0.215999,
		0.821428, -0.294246, 0.488544,
		-0.362129, 0.392674, 0.845381,
		26.001184, 25.659443, 31.301777>
	pigment { color rgbt <0,1,1,0> }
	no_shadow
}
cylinder {
	<25.990446, 24.800245, 30.927876>,  <26.254675, 25.384571, 30.710011>, 0.130000
	pigment { color rgbt <1,0,0,0> }
	no_shadow
}

// nucleotide -1

// particle -1
sphere {
	<25.990446, 24.800245, 30.927876> 0.250000
	pigment { color rgbt <1,0,0,0> }
	no_shadow
}
cylinder {
	<25.797369, 25.081205, 31.137119>,  <25.681522, 25.249783, 31.262665>, 0.100000
	pigment { color rgbt <1,0,0,0> }
	no_shadow
}
cylinder {
	<25.797369, 25.081205, 31.137119>,  <25.990446, 24.800245, 30.927876>, 0.100000
	pigment { color rgbt <1,0,0,0> }
	no_shadow
}

// particle -1
sphere {
	<25.797369, 25.081205, 31.137119> 0.100000
	pigment { color rgbt <1,0,0,0> }
	no_shadow
}
sphere {
	0, 1
	scale<0.080000,0.200000,0.300000>
	matrix <-0.522900, -0.710288, 0.471240,
		0.702556, -0.046069, 0.710135,
		-0.482691, 0.702402, 0.523107,
		25.652561, 25.291925, 31.294052>
	pigment { color rgbt <0,1,1,0> }
	no_shadow
}
cylinder {
	<25.904305, 24.533159, 31.653067>,  <25.990446, 24.800245, 30.927876>, 0.130000
	pigment { color rgbt <1,0,0,0> }
	no_shadow
}

// nucleotide -1

// particle -1
sphere {
	<25.904305, 24.533159, 31.653067> 0.250000
	pigment { color rgbt <1,0,0,0> }
	no_shadow
}
cylinder {
	<25.647888, 24.827066, 31.564358>,  <25.494038, 25.003410, 31.511131>, 0.100000
	pigment { color rgbt <1,0,0,0> }
	no_shadow
}
cylinder {
	<25.647888, 24.827066, 31.564358>,  <25.904305, 24.533159, 31.653067>, 0.100000
	pigment { color rgbt <1,0,0,0> }
	no_shadow
}

// particle -1
sphere {
	<25.647888, 24.827066, 31.564358> 0.100000
	pigment { color rgbt <1,0,0,0> }
	no_shadow
}
sphere {
	0, 1
	scale<0.080000,0.200000,0.300000>
	matrix <-0.761495, -0.572792, 0.303372,
		0.095878, 0.363353, 0.926705,
		-0.641040, 0.734768, -0.221773,
		25.455576, 25.047497, 31.497826>
	pigment { color rgbt <0,1,1,0> }
	no_shadow
}
cylinder {
	<25.393766, 24.439709, 32.168793>,  <25.904305, 24.533159, 31.653067>, 0.130000
	pigment { color rgbt <1,0,0,0> }
	no_shadow
}

// nucleotide -1

// particle -1
sphere {
	<25.393766, 24.439709, 32.168793> 0.250000
	pigment { color rgbt <1,0,0,0> }
	no_shadow
}
cylinder {
	<25.217993, 24.674280, 31.896614>,  <25.112528, 24.815023, 31.733309>, 0.100000
	pigment { color rgbt <1,0,0,0> }
	no_shadow
}
cylinder {
	<25.217993, 24.674280, 31.896614>,  <25.393766, 24.439709, 32.168793>, 0.100000
	pigment { color rgbt <1,0,0,0> }
	no_shadow
}

// particle -1
sphere {
	<25.217993, 24.674280, 31.896614> 0.100000
	pigment { color rgbt <1,0,0,0> }
	no_shadow
}
sphere {
	0, 1
	scale<0.080000,0.200000,0.300000>
	matrix <-0.883523, -0.418885, 0.209577,
		-0.162125, 0.693281, 0.702194,
		-0.439434, 0.586427, -0.680442,
		25.086163, 24.850208, 31.692482>
	pigment { color rgbt <0,1,1,0> }
	no_shadow
}
cylinder {
	<25.337660, 24.379047, 32.942204>,  <25.393766, 24.439709, 32.168793>, 0.130000
	pigment { color rgbt <1,0,0,0> }
	no_shadow
}

// nucleotide -1

// particle -1
sphere {
	<25.337660, 24.379047, 32.942204> 0.250000
	pigment { color rgbt <1,0,0,0> }
	no_shadow
}
cylinder {
	<25.173769, 24.146292, 33.223209>,  <25.075434, 24.006638, 33.391815>, 0.100000
	pigment { color rgbt <1,0,0,0> }
	no_shadow
}
cylinder {
	<25.173769, 24.146292, 33.223209>,  <25.337660, 24.379047, 32.942204>, 0.100000
	pigment { color rgbt <1,0,0,0> }
	no_shadow
}

// particle -1
sphere {
	<25.173769, 24.146292, 33.223209> 0.100000
	pigment { color rgbt <1,0,0,0> }
	no_shadow
}
sphere {
	0, 1
	scale<0.080000,0.200000,0.300000>
	matrix <0.292361, 0.645736, 0.705372,
		-0.864088, 0.494399, -0.094454,
		-0.409727, -0.581889, 0.702516,
		25.050850, 23.971725, 33.433964>
	pigment { color rgbt <0,1,1,0> }
	no_shadow
}
cylinder {
	<24.813023, 24.809107, 33.321980>,  <25.337660, 24.379047, 32.942204>, 0.130000
	pigment { color rgbt <1,0,0,0> }
	no_shadow
}

// nucleotide -1

// particle -1
sphere {
	<24.813023, 24.809107, 33.321980> 0.250000
	pigment { color rgbt <1,0,0,0> }
	no_shadow
}
cylinder {
	<24.974096, 24.514269, 33.539066>,  <25.070740, 24.337366, 33.669319>, 0.100000
	pigment { color rgbt <1,0,0,0> }
	no_shadow
}
cylinder {
	<24.974096, 24.514269, 33.539066>,  <24.813023, 24.809107, 33.321980>, 0.100000
	pigment { color rgbt <1,0,0,0> }
	no_shadow
}

// particle -1
sphere {
	<24.974096, 24.514269, 33.539066> 0.100000
	pigment { color rgbt <1,0,0,0> }
	no_shadow
}
sphere {
	0, 1
	scale<0.080000,0.200000,0.300000>
	matrix <0.303325, 0.666864, 0.680652,
		-0.863621, -0.109468, 0.492114,
		0.402682, -0.737095, 0.542713,
		25.094900, 24.293140, 33.701881>
	pigment { color rgbt <0,1,1,0> }
	no_shadow
}
cylinder {
	<24.651997, 24.866798, 34.030567>,  <24.813023, 24.809107, 33.321980>, 0.130000
	pigment { color rgbt <1,0,0,0> }
	no_shadow
}

// nucleotide -1

// particle -1
sphere {
	<24.651997, 24.866798, 34.030567> 0.250000
	pigment { color rgbt <1,0,0,0> }
	no_shadow
}
cylinder {
	<25.004042, 24.697172, 33.945175>,  <25.215269, 24.595396, 33.893940>, 0.100000
	pigment { color rgbt <1,0,0,0> }
	no_shadow
}
cylinder {
	<25.004042, 24.697172, 33.945175>,  <24.651997, 24.866798, 34.030567>, 0.100000
	pigment { color rgbt <1,0,0,0> }
	no_shadow
}

// particle -1
sphere {
	<25.004042, 24.697172, 33.945175> 0.100000
	pigment { color rgbt <1,0,0,0> }
	no_shadow
}
sphere {
	0, 1
	scale<0.080000,0.200000,0.300000>
	matrix <0.474697, 0.778172, 0.411232,
		-0.008263, -0.463269, 0.886179,
		0.880111, -0.424064, -0.213482,
		25.268074, 24.569952, 33.881130>
	pigment { color rgbt <0,1,1,0> }
	no_shadow
}
cylinder {
	<25.206100, 24.872791, 34.544651>,  <24.651997, 24.866798, 34.030567>, 0.130000
	pigment { color rgbt <1,0,0,0> }
	no_shadow
}

// nucleotide -1

// particle -1
sphere {
	<25.206100, 24.872791, 34.544651> 0.250000
	pigment { color rgbt <1,0,0,0> }
	no_shadow
}
cylinder {
	<25.414907, 24.885933, 34.203732>,  <25.540192, 24.893818, 33.999180>, 0.100000
	pigment { color rgbt <1,0,0,0> }
	no_shadow
}
cylinder {
	<25.414907, 24.885933, 34.203732>,  <25.206100, 24.872791, 34.544651>, 0.100000
	pigment { color rgbt <1,0,0,0> }
	no_shadow
}

// particle -1
sphere {
	<25.414907, 24.885933, 34.203732> 0.100000
	pigment { color rgbt <1,0,0,0> }
	no_shadow
}
sphere {
	0, 1
	scale<0.080000,0.200000,0.300000>
	matrix <0.527426, 0.772875, 0.352827,
		0.670314, -0.633708, 0.386126,
		0.522016, 0.032852, -0.852303,
		25.571512, 24.895788, 33.948040>
	pigment { color rgbt <0,1,1,0> }
	no_shadow
}
cylinder {
	<25.934406, 24.866953, 34.712959>,  <25.206100, 24.872791, 34.544651>, 0.130000
	pigment { color rgbt <1,0,0,0> }
	no_shadow
}

// nucleotide -1

// particle -1
sphere {
	<25.934406, 24.866953, 34.712959> 0.250000
	pigment { color rgbt <1,0,0,0> }
	no_shadow
}
cylinder {
	<25.855528, 25.054655, 34.368656>,  <25.808201, 25.167276, 34.162075>, 0.100000
	pigment { color rgbt <1,0,0,0> }
	no_shadow
}
cylinder {
	<25.855528, 25.054655, 34.368656>,  <25.934406, 24.866953, 34.712959>, 0.100000
	pigment { color rgbt <1,0,0,0> }
	no_shadow
}

// particle -1
sphere {
	<25.855528, 25.054655, 34.368656> 0.100000
	pigment { color rgbt <1,0,0,0> }
	no_shadow
}
sphere {
	0, 1
	scale<0.080000,0.200000,0.300000>
	matrix <0.523365, 0.792812, 0.312311,
		0.828977, -0.388906, -0.401932,
		-0.197197, 0.469256, -0.860762,
		25.796370, 25.195433, 34.110428>
	pigment { color rgbt <0,1,1,0> }
	no_shadow
}
cylinder {
	<26.546242, 25.174114, 34.431641>,  <25.934406, 24.866953, 34.712959>, 0.130000
	pigment { color rgbt <1,0,0,0> }
	no_shadow
}

// nucleotide -1

// particle -1
sphere {
	<26.546242, 25.174114, 34.431641> 0.250000
	pigment { color rgbt <1,0,0,0> }
	no_shadow
}
cylinder {
	<26.247946, 25.390467, 34.276043>,  <26.068968, 25.520279, 34.182686>, 0.100000
	pigment { color rgbt <1,0,0,0> }
	no_shadow
}
cylinder {
	<26.247946, 25.390467, 34.276043>,  <26.546242, 25.174114, 34.431641>, 0.100000
	pigment { color rgbt <1,0,0,0> }
	no_shadow
}

// particle -1
sphere {
	<26.247946, 25.390467, 34.276043> 0.100000
	pigment { color rgbt <1,0,0,0> }
	no_shadow
}
sphere {
	0, 1
	scale<0.080000,0.200000,0.300000>
	matrix <0.556339, 0.826793, 0.083063,
		0.366545, -0.154469, -0.917488,
		-0.745742, 0.540881, -0.388994,
		26.024223, 25.552731, 34.159344>
	pigment { color rgbt <0,1,1,0> }
	no_shadow
}
cylinder {
	<26.939075, 25.508099, 33.908337>,  <26.546242, 25.174114, 34.431641>, 0.130000
	pigment { color rgbt <1,0,0,0> }
	no_shadow
}

// nucleotide -1

// particle -1
sphere {
	<26.939075, 25.508099, 33.908337> 0.250000
	pigment { color rgbt <1,0,0,0> }
	no_shadow
}
cylinder {
	<26.595758, 25.700836, 33.978943>,  <26.389769, 25.816479, 34.021309>, 0.100000
	pigment { color rgbt <1,0,0,0> }
	no_shadow
}
cylinder {
	<26.595758, 25.700836, 33.978943>,  <26.939075, 25.508099, 33.908337>, 0.100000
	pigment { color rgbt <1,0,0,0> }
	no_shadow
}

// particle -1
sphere {
	<26.595758, 25.700836, 33.978943> 0.100000
	pigment { color rgbt <1,0,0,0> }
	no_shadow
}
sphere {
	0, 1
	scale<0.080000,0.200000,0.300000>
	matrix <0.485210, 0.873996, -0.026486,
		-0.167039, 0.062916, -0.983941,
		-0.858294, 0.481842, 0.176519,
		26.338270, 25.845388, 34.031898>
	pigment { color rgbt <0,1,1,0> }
	no_shadow
}
cylinder {
	<27.015116, 26.267944, 33.488026>,  <26.939075, 25.508099, 33.908337>, 0.130000
	pigment { color rgbt <1,0,0,0> }
	no_shadow
}

// nucleotide -1

// particle -1
sphere {
	<27.015116, 26.267944, 33.488026> 0.250000
	pigment { color rgbt <1,0,0,0> }
	no_shadow
}
cylinder {
	<26.737995, 26.284191, 33.776020>,  <26.571724, 26.293940, 33.948818>, 0.100000
	pigment { color rgbt <1,0,0,0> }
	no_shadow
}
cylinder {
	<26.737995, 26.284191, 33.776020>,  <27.015116, 26.267944, 33.488026>, 0.100000
	pigment { color rgbt <1,0,0,0> }
	no_shadow
}

// particle -1
sphere {
	<26.737995, 26.284191, 33.776020> 0.100000
	pigment { color rgbt <1,0,0,0> }
	no_shadow
}
sphere {
	0, 1
	scale<0.080000,0.200000,0.300000>
	matrix <0.327738, 0.907078, 0.264193,
		-0.642352, 0.418999, -0.641735,
		-0.692800, 0.040616, 0.719985,
		26.530155, 26.296375, 33.992016>
	pigment { color rgbt <0,1,1,0> }
	no_shadow
}
cylinder {
	<26.671938, 26.827696, 33.396996>,  <27.015116, 26.267944, 33.488026>, 0.130000
	pigment { color rgbt <1,0,0,0> }
	no_shadow
}

// nucleotide -1

// particle -1
sphere {
	<26.671938, 26.827696, 33.396996> 0.250000
	pigment { color rgbt <1,0,0,0> }
	no_shadow
}
cylinder {
	<26.592905, 26.767342, 33.784439>,  <26.545486, 26.731129, 34.016903>, 0.100000
	pigment { color rgbt <1,0,0,0> }
	no_shadow
}
cylinder {
	<26.592905, 26.767342, 33.784439>,  <26.671938, 26.827696, 33.396996>, 0.100000
	pigment { color rgbt <1,0,0,0> }
	no_shadow
}

// particle -1
sphere {
	<26.592905, 26.767342, 33.784439> 0.100000
	pigment { color rgbt <1,0,0,0> }
	no_shadow
}
sphere {
	0, 1
	scale<0.080000,0.200000,0.300000>
	matrix <0.103534, 0.979345, 0.173678,
		-0.974804, 0.134599, -0.177878,
		-0.197581, -0.150886, 0.968605,
		26.533630, 26.722076, 34.075020>
	pigment { color rgbt <0,1,1,0> }
	no_shadow
}
cylinder {
	<26.330605, 27.343348, 33.686321>,  <26.671938, 26.827696, 33.396996>, 0.130000
	pigment { color rgbt <1,0,0,0> }
	no_shadow
}

// nucleotide -1

// particle -1
sphere {
	<26.330605, 27.343348, 33.686321> 0.250000
	pigment { color rgbt <1,0,0,0> }
	no_shadow
}
cylinder {
	<26.488726, 27.205307, 34.026825>,  <26.583599, 27.122482, 34.231129>, 0.100000
	pigment { color rgbt <1,0,0,0> }
	no_shadow
}
cylinder {
	<26.488726, 27.205307, 34.026825>,  <26.330605, 27.343348, 33.686321>, 0.100000
	pigment { color rgbt <1,0,0,0> }
	no_shadow
}

// particle -1
sphere {
	<26.488726, 27.205307, 34.026825> 0.100000
	pigment { color rgbt <1,0,0,0> }
	no_shadow
}
sphere {
	0, 1
	scale<0.080000,0.200000,0.300000>
	matrix <0.278289, 0.928181, 0.247053,
		-0.875380, 0.139235, 0.462951,
		0.395304, -0.345099, 0.851259,
		26.607317, 27.101778, 34.282204>
	pigment { color rgbt <0,1,1,0> }
	no_shadow
}
cylinder {
	<26.255842, 27.875563, 34.018581>,  <26.330605, 27.343348, 33.686321>, 0.130000
	pigment { color rgbt <1,0,0,0> }
	no_shadow
}

// nucleotide -1

// particle -1
sphere {
	<26.255842, 27.875563, 34.018581> 0.250000
	pigment { color rgbt <1,0,0,0> }
	no_shadow
}
cylinder {
	<26.470688, 27.642321, 34.262383>,  <26.599596, 27.502375, 34.408665>, 0.100000
	pigment { color rgbt <1,0,0,0> }
	no_shadow
}
cylinder {
	<26.470688, 27.642321, 34.262383>,  <26.255842, 27.875563, 34.018581>, 0.100000
	pigment { color rgbt <1,0,0,0> }
	no_shadow
}

// particle -1
sphere {
	<26.470688, 27.642321, 34.262383> 0.100000
	pigment { color rgbt <1,0,0,0> }
	no_shadow
}
sphere {
	0, 1
	scale<0.080000,0.200000,0.300000>
	matrix <0.269667, 0.803364, 0.530929,
		-0.799242, -0.120806, 0.588742,
		0.537114, -0.583106, 0.609505,
		26.631823, 27.467388, 34.445232>
	pigment { color rgbt <0,1,1,0> }
	no_shadow
}
cylinder {
	<25.966454, 27.949348, 34.785915>,  <26.255842, 27.875563, 34.018581>, 0.130000
	pigment { color rgbt <1,0,0,0> }
	no_shadow
}

// nucleotide -1

// particle -1
sphere {
	<25.966454, 27.949348, 34.785915> 0.250000
	pigment { color rgbt <1,0,0,0> }
	no_shadow
}
cylinder {
	<26.346291, 27.827780, 34.755173>,  <26.574192, 27.754839, 34.736729>, 0.100000
	pigment { color rgbt <1,0,0,0> }
	no_shadow
}
cylinder {
	<26.346291, 27.827780, 34.755173>,  <25.966454, 27.949348, 34.785915>, 0.100000
	pigment { color rgbt <1,0,0,0> }
	no_shadow
}

// particle -1
sphere {
	<26.346291, 27.827780, 34.755173> 0.100000
	pigment { color rgbt <1,0,0,0> }
	no_shadow
}
sphere {
	0, 1
	scale<0.080000,0.200000,0.300000>
	matrix <0.293756, 0.777061, 0.556672,
		-0.109460, -0.551189, 0.827169,
		0.949592, -0.303920, -0.076858,
		26.631168, 27.736605, 34.732117>
	pigment { color rgbt <0,1,1,0> }
	no_shadow
}
cylinder {
	<26.205820, 28.186424, 35.398659>,  <25.966454, 27.949348, 34.785915>, 0.130000
	pigment { color rgbt <1,0,0,0> }
	no_shadow
}

// nucleotide -1

// particle -1
sphere {
	<26.205820, 28.186424, 35.398659> 0.250000
	pigment { color rgbt <1,0,0,0> }
	no_shadow
}
cylinder {
	<26.519493, 28.133097, 35.156242>,  <26.707697, 28.101099, 35.010792>, 0.100000
	pigment { color rgbt <1,0,0,0> }
	no_shadow
}
cylinder {
	<26.519493, 28.133097, 35.156242>,  <26.205820, 28.186424, 35.398659>, 0.100000
	pigment { color rgbt <1,0,0,0> }
	no_shadow
}

// particle -1
sphere {
	<26.519493, 28.133097, 35.156242> 0.100000
	pigment { color rgbt <1,0,0,0> }
	no_shadow
}
sphere {
	0, 1
	scale<0.080000,0.200000,0.300000>
	matrix <0.470597, 0.764363, 0.440780,
