// switches for output
#declare DRAW_BASES = 1; // possible values are 0, 1; only relevant for DNA ribbons
#declare DRAW_BASES_TYPE = 3; // possible values are 1, 2, 3; only relevant for DNA ribbons
#declare DRAW_FOG = 0; // set to 1 to enable fog

#include "colors.inc"

#include "transforms.inc"
background { rgb <1, 1, 1>}

#default {
   normal{
       ripples 0.25
       frequency 0.20
       turbulence 0.2
       lambda 5
   }
	finish {
		phong 0.1
		phong_size 40.
	}
}

// original window dimensions: 1024x640


// camera settings

camera {
	sky <0, 0.179814, -0.983701>
	up <0, 0.179814, -0.983701>
	right 1.6 * <1, 0, 0>
	location <35, 94.9851, 44.8844>
	look_at <35, 29.7336, 32.9568>
	direction <0, -65.2515, -11.9276>
	angle 67.0682
}


# declare cpy_camera_pos = <35, 94.9851, 44.8844>;
# if (DRAW_FOG = 1)
fog {
	fog_type 2
	up vnormalize(cpy_camera_pos)
	color rgbt<1,1,1,0.3>
	distance 1e-5
	fog_alt 3e-3
	fog_offset 56
}
# end


// LIGHTS

# declare lum = 6;
global_settings {
	ambient_light rgb lum * <0.05, 0.05, 0.05>
	max_trace_level 15
}# declare cpy_direct_light_amount = 0.25;
light_source
{	1000 * <-1, -1.16352, -0.803886>,
	rgb lum * cpy_direct_light_amount
	parallel
}

light_source
{	1000 * <1, 1.16352, 0.803886>,
	rgb lum * cpy_direct_light_amount
	parallel
}

// strand 0

// nucleotide -1

// particle -1
sphere {
	<24.199329, 34.764679, 35.453880> 0.250000
	pigment { color rgbt <1,0,0,0> }
	no_shadow
}
cylinder {
	<24.188173, 35.079441, 35.207302>,  <24.181479, 35.268299, 35.059357>, 0.100000
	pigment { color rgbt <1,0,0,0> }
	no_shadow
}
cylinder {
	<24.188173, 35.079441, 35.207302>,  <24.199329, 34.764679, 35.453880>, 0.100000
	pigment { color rgbt <1,0,0,0> }
	no_shadow
}

// particle -1
sphere {
	<24.188173, 35.079441, 35.207302> 0.100000
	pigment { color rgbt <1,0,0,0> }
	no_shadow
}
sphere {
	0, 1
	scale<0.080000,0.200000,0.300000>
	matrix <-0.278059, 0.586239, 0.760925,
		0.960159, 0.192632, 0.202454,
		-0.027892, 0.786904, -0.616445,
		24.179806, 35.315514, 35.022369>
	pigment { color rgbt <0,1,1,0> }
	no_shadow
}
cylinder {
	<24.482523, 34.910793, 34.709995>,  <24.199329, 34.764679, 35.453880>, 0.130000
	pigment { color rgbt <1,0,0,0> }
	no_shadow
}

// nucleotide -1

// particle -1
sphere {
	<24.482523, 34.910793, 34.709995> 0.250000
	pigment { color rgbt <1,0,0,0> }
	no_shadow
}
cylinder {
	<24.661047, 34.558289, 34.647797>,  <24.768162, 34.346786, 34.610477>, 0.100000
	pigment { color rgbt <1,0,0,0> }
	no_shadow
}
cylinder {
	<24.661047, 34.558289, 34.647797>,  <24.482523, 34.910793, 34.709995>, 0.100000
	pigment { color rgbt <1,0,0,0> }
	no_shadow
}

// particle -1
sphere {
	<24.661047, 34.558289, 34.647797> 0.100000
	pigment { color rgbt <1,0,0,0> }
	no_shadow
}
sphere {
	0, 1
	scale<0.080000,0.200000,0.300000>
	matrix <0.859629, 0.373914, 0.348175,
		-0.248691, -0.289066, 0.924442,
		0.446308, -0.881266, -0.155500,
		24.794939, 34.293907, 34.601147>
	pigment { color rgbt <0,1,1,0> }
	no_shadow
}
cylinder {
	<25.211037, 34.805790, 34.626766>,  <24.482523, 34.910793, 34.709995>, 0.130000
	pigment { color rgbt <1,0,0,0> }
	no_shadow
}

// nucleotide -1

// particle -1
sphere {
	<25.211037, 34.805790, 34.626766> 0.250000
	pigment { color rgbt <1,0,0,0> }
	no_shadow
}
cylinder {
	<25.264006, 35.195560, 34.554150>,  <25.295786, 35.429424, 34.510578>, 0.100000
	pigment { color rgbt <1,0,0,0> }
	no_shadow
}
cylinder {
	<25.264006, 35.195560, 34.554150>,  <25.211037, 34.805790, 34.626766>, 0.100000
	pigment { color rgbt <1,0,0,0> }
	no_shadow
}

// particle -1
sphere {
	<25.264006, 35.195560, 34.554150> 0.100000
	pigment { color rgbt <1,0,0,0> }
	no_shadow
}
sphere {
	0, 1
	scale<0.080000,0.200000,0.300000>
	matrix <0.926598, -0.056659, 0.371759,
		0.351966, -0.217448, -0.910405,
		0.132421, 0.974426, -0.181544,
		25.303732, 35.487888, 34.499687>
	pigment { color rgbt <0,1,1,0> }
	no_shadow
}
cylinder {
	<25.901031, 34.904095, 34.268764>,  <25.211037, 34.805790, 34.626766>, 0.130000
	pigment { color rgbt <1,0,0,0> }
	no_shadow
}

// nucleotide -1

// particle -1
sphere {
	<25.901031, 34.904095, 34.268764> 0.250000
	pigment { color rgbt <1,0,0,0> }
	no_shadow
}
cylinder {
	<25.780283, 35.215412, 34.488998>,  <25.707834, 35.402203, 34.621140>, 0.100000
	pigment { color rgbt <1,0,0,0> }
	no_shadow
}
cylinder {
	<25.780283, 35.215412, 34.488998>,  <25.901031, 34.904095, 34.268764>, 0.100000
	pigment { color rgbt <1,0,0,0> }
	no_shadow
}

// particle -1
sphere {
	<25.780283, 35.215412, 34.488998> 0.100000
	pigment { color rgbt <1,0,0,0> }
	no_shadow
}
sphere {
	0, 1
	scale<0.080000,0.200000,0.300000>
	matrix <0.776490, -0.134345, 0.615641,
		0.553115, 0.613366, -0.563779,
		-0.301873, 0.778289, 0.550581,
		25.689722, 35.448898, 34.654171>
	pigment { color rgbt <0,1,1,0> }
	no_shadow
}
cylinder {
	<26.052130, 34.841251, 33.496948>,  <25.901031, 34.904095, 34.268764>, 0.130000
	pigment { color rgbt <1,0,0,0> }
	no_shadow
}

// nucleotide -1

// particle -1
sphere {
	<26.052130, 34.841251, 33.496948> 0.250000
	pigment { color rgbt <1,0,0,0> }
	no_shadow
}
cylinder {
	<26.423624, 34.908993, 33.628872>,  <26.646521, 34.949638, 33.708027>, 0.100000
	pigment { color rgbt <1,0,0,0> }
	no_shadow
}
cylinder {
	<26.423624, 34.908993, 33.628872>,  <26.052130, 34.841251, 33.496948>, 0.100000
	pigment { color rgbt <1,0,0,0> }
	no_shadow
}

// particle -1
sphere {
	<26.423624, 34.908993, 33.628872> 0.100000
	pigment { color rgbt <1,0,0,0> }
	no_shadow
}
sphere {
	0, 1
	scale<0.080000,0.200000,0.300000>
	matrix <0.284394, 0.245273, -0.926802,
		-0.237851, 0.954547, 0.179630,
		0.928734, 0.169356, 0.329806,
		26.702244, 34.959801, 33.727814>
	pigment { color rgbt <0,1,1,0> }
	no_shadow
}
cylinder {
	<26.170780, 35.479965, 33.200550>,  <26.052130, 34.841251, 33.496948>, 0.130000
	pigment { color rgbt <1,0,0,0> }
	no_shadow
}

// nucleotide -1

// particle -1
sphere {
	<26.170780, 35.479965, 33.200550> 0.250000
	pigment { color rgbt <1,0,0,0> }
	no_shadow
}
cylinder {
	<26.498257, 35.259068, 33.263508>,  <26.694742, 35.126530, 33.301285>, 0.100000
	pigment { color rgbt <1,0,0,0> }
	no_shadow
}
cylinder {
	<26.498257, 35.259068, 33.263508>,  <26.170780, 35.479965, 33.200550>, 0.100000
	pigment { color rgbt <1,0,0,0> }
	no_shadow
}

// particle -1
sphere {
	<26.498257, 35.259068, 33.263508> 0.100000
	pigment { color rgbt <1,0,0,0> }
	no_shadow
}
sphere {
	0, 1
	scale<0.080000,0.200000,0.300000>
	matrix <0.366495, 0.291488, -0.883582,
		0.442069, 0.781067, 0.441032,
		0.818692, -0.552240, 0.157399,
		26.743864, 35.093395, 33.310726>
	pigment { color rgbt <0,1,1,0> }
	no_shadow
}
cylinder {
	<26.775253, 35.901764, 32.886715>,  <26.170780, 35.479965, 33.200550>, 0.130000
	pigment { color rgbt <1,0,0,0> }
	no_shadow
}

// nucleotide -1

// particle -1
sphere {
	<26.775253, 35.901764, 32.886715> 0.250000
	pigment { color rgbt <1,0,0,0> }
	no_shadow
}
cylinder {
	<26.880207, 35.515942, 32.897896>,  <26.943178, 35.284447, 32.904606>, 0.100000
	pigment { color rgbt <1,0,0,0> }
	no_shadow
}
cylinder {
	<26.880207, 35.515942, 32.897896>,  <26.775253, 35.901764, 32.886715>, 0.100000
	pigment { color rgbt <1,0,0,0> }
	no_shadow
}

// particle -1
sphere {
	<26.880207, 35.515942, 32.897896> 0.100000
	pigment { color rgbt <1,0,0,0> }
	no_shadow
}
sphere {
	0, 1
	scale<0.080000,0.200000,0.300000>
	matrix <0.320272, 0.059720, -0.945441,
		0.910264, 0.257021, 0.324591,
		0.262383, -0.964559, 0.027956,
		26.958921, 35.226574, 32.906284>
	pigment { color rgbt <0,1,1,0> }
	no_shadow
}
cylinder {
	<27.419481, 35.860973, 32.594032>,  <26.775253, 35.901764, 32.886715>, 0.130000
	pigment { color rgbt <1,0,0,0> }
	no_shadow
}

// nucleotide -1

// particle -1
sphere {
	<27.419481, 35.860973, 32.594032> 0.250000
	pigment { color rgbt <1,0,0,0> }
	no_shadow
}
cylinder {
	<27.313017, 35.477581, 32.553112>,  <27.249138, 35.247543, 32.528561>, 0.100000
	pigment { color rgbt <1,0,0,0> }
	no_shadow
}
cylinder {
	<27.313017, 35.477581, 32.553112>,  <27.419481, 35.860973, 32.594032>, 0.100000
	pigment { color rgbt <1,0,0,0> }
	no_shadow
}

// particle -1
sphere {
	<27.313017, 35.477581, 32.553112> 0.100000
	pigment { color rgbt <1,0,0,0> }
	no_shadow
}
sphere {
	0, 1
	scale<0.080000,0.200000,0.300000>
	matrix <0.322696, 0.011402, -0.946434,
		0.908309, -0.284914, 0.306264,
		-0.266160, -0.958485, -0.102297,
		27.233170, 35.190037, 32.522423>
	pigment { color rgbt <0,1,1,0> }
	no_shadow
}
cylinder {
	<28.049295, 35.528858, 32.342121>,  <27.419481, 35.860973, 32.594032>, 0.130000
	pigment { color rgbt <1,0,0,0> }
	no_shadow
}

// nucleotide -1

// particle -1
sphere {
	<28.049295, 35.528858, 32.342121> 0.250000
	pigment { color rgbt <1,0,0,0> }
	no_shadow
}
cylinder {
	<27.740631, 35.292896, 32.246994>,  <27.555433, 35.151321, 32.189919>, 0.100000
	pigment { color rgbt <1,0,0,0> }
	no_shadow
}
cylinder {
	<27.740631, 35.292896, 32.246994>,  <28.049295, 35.528858, 32.342121>, 0.100000
	pigment { color rgbt <1,0,0,0> }
	no_shadow
}

// particle -1
sphere {
	<27.740631, 35.292896, 32.246994> 0.100000
	pigment { color rgbt <1,0,0,0> }
	no_shadow
}
sphere {
	0, 1
	scale<0.080000,0.200000,0.300000>
	matrix <0.258610, 0.050615, -0.964655,
		0.581089, -0.805887, 0.113497,
		-0.771658, -0.589902, -0.237822,
		27.509134, 35.115925, 32.175648>
	pigment { color rgbt <0,1,1,0> }
	no_shadow
}
cylinder {
	<28.345671, 34.964821, 31.963461>,  <28.049295, 35.528858, 32.342121>, 0.130000
	pigment { color rgbt <1,0,0,0> }
	no_shadow
}

// nucleotide -1

// particle -1
sphere {
	<28.345671, 34.964821, 31.963461> 0.250000
	pigment { color rgbt <1,0,0,0> }
	no_shadow
}
cylinder {
	<27.958954, 34.938393, 31.864708>,  <27.726925, 34.922535, 31.805456>, 0.100000
	pigment { color rgbt <1,0,0,0> }
	no_shadow
}
cylinder {
	<27.958954, 34.938393, 31.864708>,  <28.345671, 34.964821, 31.963461>, 0.100000
	pigment { color rgbt <1,0,0,0> }
	no_shadow
}

// particle -1
sphere {
	<27.958954, 34.938393, 31.864708> 0.100000
	pigment { color rgbt <1,0,0,0> }
	no_shadow
}
sphere {
	0, 1
	scale<0.080000,0.200000,0.300000>
	matrix <0.253555, -0.126945, -0.958955,
		0.032023, -0.989706, 0.139483,
		-0.966791, -0.066075, -0.246880,
		27.668917, 34.918571, 31.790644>
	pigment { color rgbt <0,1,1,0> }
	no_shadow
}
cylinder {
	<28.317789, 34.377724, 31.489889>,  <28.345671, 34.964821, 31.963461>, 0.130000
	pigment { color rgbt <1,0,0,0> }
	no_shadow
}

// nucleotide -1

// particle -1
sphere {
	<28.317789, 34.377724, 31.489889> 0.250000
	pigment { color rgbt <1,0,0,0> }
	no_shadow
}
cylinder {
	<27.990395, 34.596729, 31.420246>,  <27.793959, 34.728134, 31.378460>, 0.100000
	pigment { color rgbt <1,0,0,0> }
	no_shadow
}
cylinder {
	<27.990395, 34.596729, 31.420246>,  <28.317789, 34.377724, 31.489889>, 0.100000
	pigment { color rgbt <1,0,0,0> }
	no_shadow
}

// particle -1
sphere {
	<27.990395, 34.596729, 31.420246> 0.100000
	pigment { color rgbt <1,0,0,0> }
	no_shadow
}
sphere {
	0, 1
	scale<0.080000,0.200000,0.300000>
	matrix <0.160541, -0.073015, -0.984325,
		-0.551644, -0.833605, -0.028137,
		-0.818484, 0.547514, -0.174106,
		27.744850, 34.760983, 31.368013>
	pigment { color rgbt <0,1,1,0> }
	no_shadow
}
cylinder {
	<28.037884, 34.089920, 30.960247>,  <28.317789, 34.377724, 31.489889>, 0.130000
	pigment { color rgbt <1,0,0,0> }
	no_shadow
}

// nucleotide -1

// particle -1
sphere {
	<28.037884, 34.089920, 30.960247> 0.250000
	pigment { color rgbt <1,0,0,0> }
	no_shadow
}
cylinder {
	<27.865284, 34.450672, 30.952076>,  <27.761724, 34.667122, 30.947174>, 0.100000
	pigment { color rgbt <1,0,0,0> }
	no_shadow
}
cylinder {
	<27.865284, 34.450672, 30.952076>,  <28.037884, 34.089920, 30.960247>, 0.100000
	pigment { color rgbt <1,0,0,0> }
	no_shadow
}

// particle -1
sphere {
	<27.865284, 34.450672, 30.952076> 0.100000
	pigment { color rgbt <1,0,0,0> }
	no_shadow
}
sphere {
	0, 1
	scale<0.080000,0.200000,0.300000>
	matrix <0.129007, 0.039282, -0.990865,
		-0.892841, -0.430193, -0.133299,
		-0.431500, 0.901882, -0.020426,
		27.735834, 34.721237, 30.945948>
	pigment { color rgbt <0,1,1,0> }
	no_shadow
}
cylinder {
	<27.432163, 34.028427, 30.536497>,  <28.037884, 34.089920, 30.960247>, 0.130000
	pigment { color rgbt <1,0,0,0> }
	no_shadow
}

// nucleotide -1

// particle -1
sphere {
	<27.432163, 34.028427, 30.536497> 0.250000
	pigment { color rgbt <1,0,0,0> }
	no_shadow
}
cylinder {
	<27.539656, 34.413597, 30.546032>,  <27.604151, 34.644699, 30.551752>, 0.100000
	pigment { color rgbt <1,0,0,0> }
	no_shadow
}
cylinder {
	<27.539656, 34.413597, 30.546032>,  <27.432163, 34.028427, 30.536497>, 0.100000
	pigment { color rgbt <1,0,0,0> }
	no_shadow
}

// particle -1
sphere {
	<27.539656, 34.413597, 30.546032> 0.100000
	pigment { color rgbt <1,0,0,0> }
	no_shadow
}
sphere {
	0, 1
	scale<0.080000,0.200000,0.300000>
	matrix <0.046005, 0.011886, -0.998871,
		-0.962116, 0.269524, -0.041105,
		0.268731, 0.962920, 0.023835,
		27.620275, 34.702473, 30.553183>
	pigment { color rgbt <0,1,1,0> }
	no_shadow
}
cylinder {
	<27.000608, 34.363247, 30.035484>,  <27.432163, 34.028427, 30.536497>, 0.130000
	pigment { color rgbt <1,0,0,0> }
	no_shadow
}

// nucleotide -1

// particle -1
sphere {
	<27.000608, 34.363247, 30.035484> 0.250000
	pigment { color rgbt <1,0,0,0> }
	no_shadow
}
cylinder {
	<27.329535, 34.584255, 30.089922>,  <27.526890, 34.716858, 30.122585>, 0.100000
	pigment { color rgbt <1,0,0,0> }
	no_shadow
}
cylinder {
	<27.329535, 34.584255, 30.089922>,  <27.000608, 34.363247, 30.035484>, 0.100000
	pigment { color rgbt <1,0,0,0> }
	no_shadow
}

// particle -1
sphere {
	<27.329535, 34.584255, 30.089922> 0.100000
	pigment { color rgbt <1,0,0,0> }
	no_shadow
}
sphere {
	0, 1
	scale<0.080000,0.200000,0.300000>
	matrix <0.151844, 0.017432, -0.988251,
		-0.548399, 0.833318, -0.069562,
		0.822315, 0.552518, 0.136094,
		27.576229, 34.750011, 30.130751>
	pigment { color rgbt <0,1,1,0> }
	no_shadow
}
cylinder {
	<26.933212, 34.836498, 29.521652>,  <27.000608, 34.363247, 30.035484>, 0.130000
	pigment { color rgbt <1,0,0,0> }
	no_shadow
}

// nucleotide -1

// particle -1
sphere {
	<26.933212, 34.836498, 29.521652> 0.250000
	pigment { color rgbt <1,0,0,0> }
	no_shadow
}
cylinder {
	<27.316433, 34.915901, 29.604342>,  <27.546366, 34.963543, 29.653955>, 0.100000
	pigment { color rgbt <1,0,0,0> }
	no_shadow
}
cylinder {
	<27.316433, 34.915901, 29.604342>,  <26.933212, 34.836498, 29.521652>, 0.100000
	pigment { color rgbt <1,0,0,0> }
	no_shadow
}

// particle -1
sphere {
	<27.316433, 34.915901, 29.604342> 0.100000
	pigment { color rgbt <1,0,0,0> }
	no_shadow
}
sphere {
	0, 1
	scale<0.080000,0.200000,0.300000>
	matrix <0.191016, 0.095467, -0.976934,
		-0.213660, 0.975440, 0.053545,
		0.958051, 0.198504, 0.206722,
		27.603848, 34.975452, 29.666359>
	pigment { color rgbt <0,1,1,0> }
	no_shadow
}
cylinder {
	<27.236933, 35.136425, 28.912399>,  <26.933212, 34.836498, 29.521652>, 0.130000
	pigment { color rgbt <1,0,0,0> }
	no_shadow
}

// nucleotide -1

// particle -1
sphere {
	<27.236933, 35.136425, 28.912399> 0.250000
	pigment { color rgbt <1,0,0,0> }
	no_shadow
}
cylinder {
	<27.584093, 35.058170, 29.095037>,  <27.792389, 35.011219, 29.204620>, 0.100000
	pigment { color rgbt <1,0,0,0> }
	no_shadow
}
cylinder {
	<27.584093, 35.058170, 29.095037>,  <27.236933, 35.136425, 28.912399>, 0.100000
	pigment { color rgbt <1,0,0,0> }
	no_shadow
}

// particle -1
sphere {
	<27.584093, 35.058170, 29.095037> 0.100000
	pigment { color rgbt <1,0,0,0> }
	no_shadow
}
sphere {
	0, 1
	scale<0.080000,0.200000,0.300000>
	matrix <0.474495, 0.054516, -0.878569,
		0.146989, 0.979160, 0.140143,
		0.867899, -0.195637, 0.456593,
		27.844463, 34.999477, 29.232016>
	pigment { color rgbt <0,1,1,0> }
	no_shadow
}
cylinder {
	<27.713011, 35.645744, 28.625216>,  <27.236933, 35.136425, 28.912399>, 0.130000
	pigment { color rgbt <1,0,0,0> }
	no_shadow
}

// nucleotide -1

// particle -1
sphere {
	<27.713011, 35.645744, 28.625216> 0.250000
	pigment { color rgbt <1,0,0,0> }
	no_shadow
}
cylinder {
	<27.850245, 35.298763, 28.769333>,  <27.932585, 35.090572, 28.855804>, 0.100000
	pigment { color rgbt <1,0,0,0> }
	no_shadow
}
cylinder {
	<27.850245, 35.298763, 28.769333>,  <27.713011, 35.645744, 28.625216>, 0.100000
	pigment { color rgbt <1,0,0,0> }
	no_shadow
}

// particle -1
sphere {
	<27.850245, 35.298763, 28.769333> 0.100000
	pigment { color rgbt <1,0,0,0> }
	no_shadow
}
sphere {
	0, 1
	scale<0.080000,0.200000,0.300000>
	matrix <0.285852, -0.268961, -0.919755,
		0.894753, 0.418544, 0.155688,
		0.343084, -0.867457, 0.360295,
		27.953169, 35.038525, 28.877420>
	pigment { color rgbt <0,1,1,0> }
	no_shadow
}
cylinder {
	<28.372337, 35.551941, 28.270550>,  <27.713011, 35.645744, 28.625216>, 0.130000
	pigment { color rgbt <1,0,0,0> }
	no_shadow
}

// nucleotide -1

// particle -1
sphere {
	<28.372337, 35.551941, 28.270550> 0.250000
	pigment { color rgbt <1,0,0,0> }
	no_shadow
}
cylinder {
	<28.263681, 35.191788, 28.406500>,  <28.198488, 34.975697, 28.488070>, 0.100000
	pigment { color rgbt <1,0,0,0> }
	no_shadow
}
cylinder {
	<28.263681, 35.191788, 28.406500>,  <28.372337, 35.551941, 28.270550>, 0.100000
	pigment { color rgbt <1,0,0,0> }
	no_shadow
}

// particle -1
sphere {
	<28.263681, 35.191788, 28.406500> 0.100000
	pigment { color rgbt <1,0,0,0> }
	no_shadow
}
sphere {
	0, 1
	scale<0.080000,0.200000,0.300000>
	matrix <-0.001438, -0.352775, -0.935707,
		0.962397, -0.254666, 0.094533,
		-0.271642, -0.900386, 0.339876,
		28.182188, 34.921673, 28.508463>
	pigment { color rgbt <0,1,1,0> }
	no_shadow
}
cylinder {
	<28.927494, 35.099369, 28.065893>,  <28.372337, 35.551941, 28.270550>, 0.130000
	pigment { color rgbt <1,0,0,0> }
	no_shadow
}

// nucleotide -1

// particle -1
sphere {
	<28.927494, 35.099369, 28.065893> 0.250000
	pigment { color rgbt <1,0,0,0> }
	no_shadow
}
cylinder {
	<28.598963, 34.882668, 28.137367>,  <28.401844, 34.752647, 28.180252>, 0.100000
	pigment { color rgbt <1,0,0,0> }
	no_shadow
}
cylinder {
	<28.598963, 34.882668, 28.137367>,  <28.927494, 35.099369, 28.065893>, 0.100000
	pigment { color rgbt <1,0,0,0> }
	no_shadow
}

// particle -1
sphere {
	<28.598963, 34.882668, 28.137367> 0.100000
	pigment { color rgbt <1,0,0,0> }
	no_shadow
}
sphere {
	0, 1
	scale<0.080000,0.200000,0.300000>
	matrix <0.096393, -0.440527, -0.892549,
		0.562255, -0.715850, 0.414038,
		-0.821327, -0.541751, 0.178686,
		28.352564, 34.720142, 28.190973>
	pigment { color rgbt <0,1,1,0> }
	no_shadow
}
cylinder {
	<29.143309, 34.454796, 27.717710>,  <28.927494, 35.099369, 28.065893>, 0.130000
	pigment { color rgbt <1,0,0,0> }
	no_shadow
}

// nucleotide -1

// particle -1
sphere {
	<29.143309, 34.454796, 27.717710> 0.250000
	pigment { color rgbt <1,0,0,0> }
	no_shadow
}
cylinder {
	<28.745150, 34.434864, 27.750446>,  <28.506254, 34.422905, 27.770088>, 0.100000
	pigment { color rgbt <1,0,0,0> }
	no_shadow
}
cylinder {
	<28.745150, 34.434864, 27.750446>,  <29.143309, 34.454796, 27.717710>, 0.100000
	pigment { color rgbt <1,0,0,0> }
	no_shadow
}

// particle -1
sphere {
	<28.745150, 34.434864, 27.750446> 0.100000
	pigment { color rgbt <1,0,0,0> }
	no_shadow
}
sphere {
	0, 1
	scale<0.080000,0.200000,0.300000>
	matrix <-0.044757, -0.513452, -0.856950,
		0.084720, -0.856670, 0.508860,
		-0.995399, -0.049826, 0.081842,
		28.446529, 34.419918, 27.775000>
	pigment { color rgbt <0,1,1,0> }
	no_shadow
}
cylinder {
	<28.951969, 33.779797, 27.469856>,  <29.143309, 34.454796, 27.717710>, 0.130000
	pigment { color rgbt <1,0,0,0> }
	no_shadow
}

// nucleotide -1

// particle -1
sphere {
	<28.951969, 33.779797, 27.469856> 0.250000
	pigment { color rgbt <1,0,0,0> }
	no_shadow
}
cylinder {
	<28.601646, 33.972836, 27.466677>,  <28.391453, 34.088657, 27.464769>, 0.100000
	pigment { color rgbt <1,0,0,0> }
	no_shadow
}
cylinder {
	<28.601646, 33.972836, 27.466677>,  <28.951969, 33.779797, 27.469856>, 0.100000
	pigment { color rgbt <1,0,0,0> }
	no_shadow
}

// particle -1
sphere {
	<28.601646, 33.972836, 27.466677> 0.100000
	pigment { color rgbt <1,0,0,0> }
	no_shadow
}
sphere {
	0, 1
	scale<0.080000,0.200000,0.300000>
	matrix <-0.145554, -0.279781, -0.948966,
		-0.460195, -0.829952, 0.315278,
		-0.875805, 0.482599, -0.007951,
		28.338905, 34.117615, 27.464291>
	pigment { color rgbt <0,1,1,0> }
	no_shadow
}
cylinder {
	<28.520374, 33.373756, 27.093121>,  <28.951969, 33.779797, 27.469856>, 0.130000
	pigment { color rgbt <1,0,0,0> }
	no_shadow
}

// nucleotide -1

// particle -1
sphere {
	<28.520374, 33.373756, 27.093121> 0.250000
	pigment { color rgbt <1,0,0,0> }
	no_shadow
}
cylinder {
	<28.320175, 33.718662, 27.062115>,  <28.200056, 33.925606, 27.043510>, 0.100000
	pigment { color rgbt <1,0,0,0> }
	no_shadow
}
cylinder {
	<28.320175, 33.718662, 27.062115>,  <28.520374, 33.373756, 27.093121>, 0.100000
	pigment { color rgbt <1,0,0,0> }
	no_shadow
}

// particle -1
sphere {
	<28.320175, 33.718662, 27.062115> 0.100000
	pigment { color rgbt <1,0,0,0> }
	no_shadow
}
sphere {
	0, 1
	scale<0.080000,0.200000,0.300000>
	matrix <-0.142144, -0.170167, -0.975109,
		-0.853988, -0.477023, 0.207733,
		-0.500499, 0.862260, -0.077515,
		28.170025, 33.977341, 27.038860>
	pigment { color rgbt <0,1,1,0> }
	no_shadow
}
cylinder {
	<27.965532, 33.306152, 26.514345>,  <28.520374, 33.373756, 27.093121>, 0.130000
	pigment { color rgbt <1,0,0,0> }
	no_shadow
}

// nucleotide -1

// particle -1
sphere {
	<27.965532, 33.306152, 26.514345> 0.250000
	pigment { color rgbt <1,0,0,0> }
	no_shadow
}
cylinder {
	<28.024120, 33.699688, 26.555559>,  <28.059273, 33.935810, 26.580288>, 0.100000
	pigment { color rgbt <1,0,0,0> }
	no_shadow
}
cylinder {
	<28.024120, 33.699688, 26.555559>,  <27.965532, 33.306152, 26.514345>, 0.100000
	pigment { color rgbt <1,0,0,0> }
	no_shadow
}

// particle -1
sphere {
	<28.024120, 33.699688, 26.555559> 0.100000
	pigment { color rgbt <1,0,0,0> }
	no_shadow
}
sphere {
	0, 1
	scale<0.080000,0.200000,0.300000>
	matrix <-0.028295, 0.108280, -0.993718,
		-0.988810, 0.142633, 0.043697,
		0.146469, 0.983835, 0.103033,
		28.068062, 33.994839, 26.586470>
	pigment { color rgbt <0,1,1,0> }
	no_shadow
}
cylinder {
	<27.349047, 33.598095, 26.165770>,  <27.965532, 33.306152, 26.514345>, 0.130000
	pigment { color rgbt <1,0,0,0> }
	no_shadow
}

// nucleotide -1

// particle -1
sphere {
	<27.349047, 33.598095, 26.165770> 0.250000
	pigment { color rgbt <1,0,0,0> }
	no_shadow
}
cylinder {
	<27.659508, 33.850266, 26.160807>,  <27.845785, 34.001568, 26.157829>, 0.100000
	pigment { color rgbt <1,0,0,0> }
	no_shadow
}
cylinder {
	<27.659508, 33.850266, 26.160807>,  <27.349047, 33.598095, 26.165770>, 0.100000
	pigment { color rgbt <1,0,0,0> }
	no_shadow
}

// particle -1
sphere {
	<27.659508, 33.850266, 26.160807> 0.100000
	pigment { color rgbt <1,0,0,0> }
	no_shadow
}
sphere {
	0, 1
	scale<0.080000,0.200000,0.300000>
	matrix <-0.166731, 0.186214, -0.968259,
		-0.608101, 0.753586, 0.249642,
		0.776153, 0.630422, -0.012409,
		27.892353, 34.039391, 26.157084>
	pigment { color rgbt <0,1,1,0> }
	no_shadow
}
cylinder {
	<27.156971, 34.261742, 25.997465>,  <27.349047, 33.598095, 26.165770>, 0.130000
	pigment { color rgbt <1,0,0,0> }
	no_shadow
}

// nucleotide -1

// particle -1
sphere {
	<27.156971, 34.261742, 25.997465> 0.250000
	pigment { color rgbt <1,0,0,0> }
	no_shadow
}
cylinder {
	<27.523413, 34.200909, 25.849077>,  <27.743279, 34.164410, 25.760044>, 0.100000
	pigment { color rgbt <1,0,0,0> }
	no_shadow
}
cylinder {
	<27.523413, 34.200909, 25.849077>,  <27.156971, 34.261742, 25.997465>, 0.100000
	pigment { color rgbt <1,0,0,0> }
	no_shadow
}

// particle -1
sphere {
	<27.523413, 34.200909, 25.849077> 0.100000
	pigment { color rgbt <1,0,0,0> }
	no_shadow
}
sphere {
	0, 1
	scale<0.080000,0.200000,0.300000>
	matrix <-0.334200, 0.221495, -0.916106,
		0.221495, 0.963229, 0.152086,
		0.916106, -0.152086, -0.370971,
		27.798244, 34.155285, 25.737785>
	pigment { color rgbt <0,1,1,0> }
	no_shadow
}
cylinder {
	<27.369202, 34.913486, 25.575787>,  <27.156971, 34.261742, 25.997465>, 0.130000
	pigment { color rgbt <1,0,0,0> }
	no_shadow
}

// nucleotide -1

// particle -1
sphere {
	<27.369202, 34.913486, 25.575787> 0.250000
	pigment { color rgbt <1,0,0,0> }
	no_shadow
}
cylinder {
	<27.503862, 34.553905, 25.463678>,  <27.584658, 34.338158, 25.396414>, 0.100000
	pigment { color rgbt <1,0,0,0> }
	no_shadow
}
cylinder {
	<27.503862, 34.553905, 25.463678>,  <27.369202, 34.913486, 25.575787>, 0.100000
	pigment { color rgbt <1,0,0,0> }
	no_shadow
}

// particle -1
sphere {
	<27.503862, 34.553905, 25.463678> 0.100000
	pigment { color rgbt <1,0,0,0> }
	no_shadow
}
sphere {
	0, 1
	scale<0.080000,0.200000,0.300000>
	matrix <-0.244460, 0.204002, -0.947957,
		0.909344, 0.387645, -0.151081,
		0.336650, -0.898952, -0.280272,
		27.604856, 34.284222, 25.379597>
	pigment { color rgbt <0,1,1,0> }
	no_shadow
}
cylinder {
	<27.902803, 34.979458, 24.934757>,  <27.369202, 34.913486, 25.575787>, 0.130000
	pigment { color rgbt <1,0,0,0> }
	no_shadow
}

// nucleotide -1

// particle -1
sphere {
	<27.902803, 34.979458, 24.934757> 0.250000
	pigment { color rgbt <1,0,0,0> }
	no_shadow
}
cylinder {
	<27.675497, 34.655746, 24.994284>,  <27.539114, 34.461521, 25.030001>, 0.100000
	pigment { color rgbt <1,0,0,0> }
	no_shadow
}
cylinder {
	<27.675497, 34.655746, 24.994284>,  <27.902803, 34.979458, 24.934757>, 0.100000
	pigment { color rgbt <1,0,0,0> }
	no_shadow
}

// particle -1
sphere {
	<27.675497, 34.655746, 24.994284> 0.100000
	pigment { color rgbt <1,0,0,0> }
	no_shadow
}
sphere {
	0, 1
	scale<0.080000,0.200000,0.300000>
	matrix <-0.302660, 0.037395, -0.952365,
		0.765162, -0.586235, -0.266186,
		-0.568264, -0.809277, 0.148817,
		27.505018, 34.412964, 25.038929>
	pigment { color rgbt <0,1,1,0> }
	no_shadow
}
cylinder {
	<27.925909, 34.502331, 24.358189>,  <27.902803, 34.979458, 24.934757>, 0.130000
	pigment { color rgbt <1,0,0,0> }
	no_shadow
}

// nucleotide -1

// particle -1
sphere {
	<27.925909, 34.502331, 24.358189> 0.250000
	pigment { color rgbt <1,0,0,0> }
	no_shadow
}
cylinder {
	<27.576084, 34.499279, 24.552130>,  <27.366188, 34.497448, 24.668493>, 0.100000
	pigment { color rgbt <1,0,0,0> }
	no_shadow
}
cylinder {
	<27.576084, 34.499279, 24.552130>,  <27.925909, 34.502331, 24.358189>, 0.100000
	pigment { color rgbt <1,0,0,0> }
	no_shadow
}

// particle -1
sphere {
	<27.576084, 34.499279, 24.552130> 0.100000
	pigment { color rgbt <1,0,0,0> }
	no_shadow
}
sphere {
	0, 1
	scale<0.080000,0.200000,0.300000>
	matrix <-0.484692, 0.043800, -0.873588,
		-0.014575, -0.999011, -0.042002,
		-0.874563, -0.007625, 0.484851,
		27.313715, 34.496990, 24.697584>
	pigment { color rgbt <0,1,1,0> }
	no_shadow
}
cylinder {
	<28.549242, 34.243835, 24.521629>,  <27.925909, 34.502331, 24.358189>, 0.130000
	pigment { color rgbt <1,0,0,0> }
	no_shadow
}

// nucleotide -1

// particle -1
sphere {
	<28.549242, 34.243835, 24.521629> 0.250000
	pigment { color rgbt <1,0,0,0> }
	no_shadow
}
cylinder {
	<28.392410, 33.982437, 24.262642>,  <28.298311, 33.825596, 24.107250>, 0.100000
	pigment { color rgbt <1,0,0,0> }
	no_shadow
}
cylinder {
	<28.392410, 33.982437, 24.262642>,  <28.549242, 34.243835, 24.521629>, 0.100000
	pigment { color rgbt <1,0,0,0> }
	no_shadow
}

// particle -1
sphere {
	<28.392410, 33.982437, 24.262642> 0.100000
	pigment { color rgbt <1,0,0,0> }
	no_shadow
}
sphere {
	0, 1
	scale<0.080000,0.200000,0.300000>
	matrix <0.901697, -0.412441, -0.129745,
		-0.182255, -0.634691, 0.750967,
		-0.392078, -0.653498, -0.647468,
		28.274788, 33.786388, 24.068401>
	pigment { color rgbt <0,1,1,0> }
	no_shadow
}
cylinder {
	<28.575497, 33.480927, 24.805218>,  <28.549242, 34.243835, 24.521629>, 0.130000
	pigment { color rgbt <1,0,0,0> }
	no_shadow
}

// nucleotide -1

// particle -1
sphere {
	<28.575497, 33.480927, 24.805218> 0.250000
	pigment { color rgbt <1,0,0,0> }
	no_shadow
}
cylinder {
	<28.591005, 33.487411, 24.405571>,  <28.600309, 33.491302, 24.165783>, 0.100000
	pigment { color rgbt <1,0,0,0> }
	no_shadow
}
cylinder {
	<28.591005, 33.487411, 24.405571>,  <28.575497, 33.480927, 24.805218>, 0.100000
	pigment { color rgbt <1,0,0,0> }
	no_shadow
}

// particle -1
sphere {
	<28.591005, 33.487411, 24.405571> 0.100000
	pigment { color rgbt <1,0,0,0> }
	no_shadow
}
sphere {
	0, 1
	scale<0.080000,0.200000,0.300000>
	matrix <0.821533, -0.569712, 0.022636,
		-0.568842, -0.821685, -0.035405,
		0.038770, 0.016210, -0.999117,
		28.602636, 33.492275, 24.105837>
	pigment { color rgbt <0,1,1,0> }
	no_shadow
}
cylinder {
	<29.155375, 33.917110, 24.833241>,  <28.575497, 33.480927, 24.805218>, 0.130000
	pigment { color rgbt <1,0,0,0> }
	no_shadow
}

// nucleotide -1

// particle -1
sphere {
	<29.155375, 33.917110, 24.833241> 0.250000
	pigment { color rgbt <1,0,0,0> }
	no_shadow
}
cylinder {
	<29.276222, 33.541630, 24.766842>,  <29.348732, 33.316341, 24.727003>, 0.100000
	pigment { color rgbt <1,0,0,0> }
	no_shadow
}
cylinder {
	<29.276222, 33.541630, 24.766842>,  <29.155375, 33.917110, 24.833241>, 0.100000
	pigment { color rgbt <1,0,0,0> }
	no_shadow
}

// particle -1
sphere {
	<29.276222, 33.541630, 24.766842> 0.100000
	pigment { color rgbt <1,0,0,0> }
	no_shadow
}
sphere {
	0, 1
	scale<0.080000,0.200000,0.300000>
	matrix <0.401624, 0.283267, -0.870895,
		0.864535, 0.196447, 0.462587,
		0.302120, -0.938706, -0.165997,
		29.366858, 33.260017, 24.717043>
	pigment { color rgbt <0,1,1,0> }
	no_shadow
}
cylinder {
	<29.834270, 33.941711, 24.628237>,  <29.155375, 33.917110, 24.833241>, 0.130000
	pigment { color rgbt <1,0,0,0> }
	no_shadow
}

// nucleotide -1

// particle -1
sphere {
	<29.834270, 33.941711, 24.628237> 0.250000
	pigment { color rgbt <1,0,0,0> }
	no_shadow
}
cylinder {
	<29.708012, 33.593506, 24.477200>,  <29.632256, 33.384583, 24.386578>, 0.100000
	pigment { color rgbt <1,0,0,0> }
	no_shadow
}
cylinder {
	<29.708012, 33.593506, 24.477200>,  <29.834270, 33.941711, 24.628237>, 0.100000
	pigment { color rgbt <1,0,0,0> }
	no_shadow
}

// particle -1
sphere {
	<29.708012, 33.593506, 24.477200> 0.100000
	pigment { color rgbt <1,0,0,0> }
	no_shadow
}
sphere {
	0, 1
	scale<0.080000,0.200000,0.300000>
	matrix <0.561122, 0.149658, -0.814091,
		0.765185, -0.468843, 0.441224,
		-0.315648, -0.870511, -0.377594,
		29.613317, 33.332352, 24.363922>
	pigment { color rgbt <0,1,1,0> }
	no_shadow
}
cylinder {
	<30.127703, 33.261623, 24.635115>,  <29.834270, 33.941711, 24.628237>, 0.130000
	pigment { color rgbt <1,0,0,0> }
	no_shadow
}

// nucleotide -1

// particle -1
sphere {
	<30.127703, 33.261623, 24.635115> 0.250000
	pigment { color rgbt <1,0,0,0> }
	no_shadow
}
cylinder {
	<30.525204, 33.283546, 24.673996>,  <30.763704, 33.296700, 24.697325>, 0.100000
	pigment { color rgbt <1,0,0,0> }
	no_shadow
}
cylinder {
	<30.525204, 33.283546, 24.673996>,  <30.127703, 33.261623, 24.635115>, 0.100000
	pigment { color rgbt <1,0,0,0> }
	no_shadow
}

// particle -1
sphere {
	<30.525204, 33.283546, 24.673996> 0.100000
	pigment { color rgbt <1,0,0,0> }
	no_shadow
}
sphere {
	0, 1
	scale<0.080000,0.200000,0.300000>
	matrix <-0.060717, -0.465247, 0.883096,
		0.093626, -0.883483, -0.459013,
		0.993754, 0.054811, 0.097202,
		30.823330, 33.299988, 24.703157>
	pigment { color rgbt <0,1,1,0> }
	no_shadow
}
cylinder {
	<30.137383, 32.738670, 24.966717>,  <30.127703, 33.261623, 24.635115>, 0.130000
	pigment { color rgbt <1,0,0,0> }
	no_shadow
}

// nucleotide -1

// particle -1
sphere {
	<30.137383, 32.738670, 24.966717> 0.250000
	pigment { color rgbt <1,0,0,0> }
	no_shadow
}
cylinder {
	<30.507689, 32.878830, 25.023540>,  <30.729872, 32.962925, 25.057634>, 0.100000
	pigment { color rgbt <1,0,0,0> }
	no_shadow
}
cylinder {
	<30.507689, 32.878830, 25.023540>,  <30.137383, 32.738670, 24.966717>, 0.100000
	pigment { color rgbt <1,0,0,0> }
	no_shadow
}

// particle -1
sphere {
	<30.507689, 32.878830, 25.023540> 0.100000
	pigment { color rgbt <1,0,0,0> }
	no_shadow
}
sphere {
	0, 1
	scale<0.080000,0.200000,0.300000>
	matrix <0.030086, -0.442787, 0.896122,
		0.376905, -0.825322, -0.420458,
		0.925763, 0.350403, 0.142059,
		30.785418, 32.983952, 25.066158>
	pigment { color rgbt <0,1,1,0> }
	no_shadow
}
cylinder {
	<30.478823, 32.275551, 25.256363>,  <30.137383, 32.738670, 24.966717>, 0.130000
	pigment { color rgbt <1,0,0,0> }
	no_shadow
}

// nucleotide -1

// particle -1
sphere {
	<30.478823, 32.275551, 25.256363> 0.250000
	pigment { color rgbt <1,0,0,0> }
	no_shadow
}
cylinder {
	<30.685417, 32.604549, 25.351648>,  <30.809374, 32.801949, 25.408819>, 0.100000
	pigment { color rgbt <1,0,0,0> }
	no_shadow
}
cylinder {
	<30.685417, 32.604549, 25.351648>,  <30.478823, 32.275551, 25.256363>, 0.100000
	pigment { color rgbt <1,0,0,0> }
	no_shadow
}

// particle -1
sphere {
	<30.685417, 32.604549, 25.351648> 0.100000
	pigment { color rgbt <1,0,0,0> }
	no_shadow
}
sphere {
	0, 1
	scale<0.080000,0.200000,0.300000>
	matrix <0.006765, -0.282099, 0.959361,
		0.856270, -0.493883, -0.151264,
		0.516484, 0.822496, 0.238212,
		30.840363, 32.851299, 25.423111>
	pigment { color rgbt <0,1,1,0> }
	no_shadow
}
cylinder {
	<31.047995, 31.958273, 25.651766>,  <30.478823, 32.275551, 25.256363>, 0.130000
	pigment { color rgbt <1,0,0,0> }
	no_shadow
}

// nucleotide -1

// particle -1
sphere {
	<31.047995, 31.958273, 25.651766> 0.250000
	pigment { color rgbt <1,0,0,0> }
	no_shadow
}
cylinder {
	<30.920710, 32.329735, 25.728022>,  <30.844337, 32.552612, 25.773775>, 0.100000
	pigment { color rgbt <1,0,0,0> }
	no_shadow
}
cylinder {
	<30.920710, 32.329735, 25.728022>,  <31.047995, 31.958273, 25.651766>, 0.100000
	pigment { color rgbt <1,0,0,0> }
	no_shadow
}

// particle -1
sphere {
	<30.920710, 32.329735, 25.728022> 0.100000
	pigment { color rgbt <1,0,0,0> }
	no_shadow
}
sphere {
	0, 1
	scale<0.080000,0.200000,0.300000>
	matrix <0.009877, -0.197833, 0.980186,
		0.947967, 0.313793, 0.053781,
		-0.318215, 0.928653, 0.190638,
		30.825245, 32.608330, 25.785213>
	pigment { color rgbt <0,1,1,0> }
	no_shadow
}
cylinder {
	<31.475615, 32.208778, 26.158403>,  <31.047995, 31.958273, 25.651766>, 0.130000
	pigment { color rgbt <1,0,0,0> }
	no_shadow
}

// nucleotide -1

// particle -1
sphere {
	<31.475615, 32.208778, 26.158403> 0.250000
	pigment { color rgbt <1,0,0,0> }
	no_shadow
}
cylinder {
	<31.120558, 32.392841, 26.150904>,  <30.907524, 32.503277, 26.146404>, 0.100000
	pigment { color rgbt <1,0,0,0> }
	no_shadow
}
cylinder {
	<31.120558, 32.392841, 26.150904>,  <31.475615, 32.208778, 26.158403>, 0.100000
	pigment { color rgbt <1,0,0,0> }
	no_shadow
}

// particle -1
sphere {
	<31.120558, 32.392841, 26.150904> 0.100000
	pigment { color rgbt <1,0,0,0> }
	no_shadow
}
sphere {
	0, 1
	scale<0.080000,0.200000,0.300000>
	matrix <0.004102, 0.048605, 0.998810,
		0.460517, 0.886508, -0.045032,
		-0.887642, 0.460153, -0.018747,
		30.854265, 32.530888, 26.145279>
	pigment { color rgbt <0,1,1,0> }
	no_shadow
}
cylinder {
	<31.546104, 32.908436, 26.414522>,  <31.475615, 32.208778, 26.158403>, 0.130000
	pigment { color rgbt <1,0,0,0> }
	no_shadow
}

// nucleotide -1

// particle -1
sphere {
	<31.546104, 32.908436, 26.414522> 0.250000
	pigment { color rgbt <1,0,0,0> }
	no_shadow
}
cylinder {
	<31.177620, 32.763607, 26.471474>,  <30.956530, 32.676708, 26.505644>, 0.100000
	pigment { color rgbt <1,0,0,0> }
	no_shadow
}
cylinder {
	<31.177620, 32.763607, 26.471474>,  <31.546104, 32.908436, 26.414522>, 0.100000
	pigment { color rgbt <1,0,0,0> }
	no_shadow
}

// particle -1
sphere {
	<31.177620, 32.763607, 26.471474> 0.100000
	pigment { color rgbt <1,0,0,0> }
	no_shadow
}
sphere {
	0, 1
	scale<0.080000,0.200000,0.300000>
	matrix <0.050664, 0.251197, 0.966609,
		-0.385750, 0.897665, -0.213062,
		-0.921211, -0.362075, 0.142379,
		30.901257, 32.654984, 26.514187>
	pigment { color rgbt <0,1,1,0> }
	no_shadow
}
cylinder {
	<31.197731, 33.383171, 26.848166>,  <31.546104, 32.908436, 26.414522>, 0.130000
	pigment { color rgbt <1,0,0,0> }
	no_shadow
}

// nucleotide -1

// particle -1
sphere {
	<31.197731, 33.383171, 26.848166> 0.250000
	pigment { color rgbt <1,0,0,0> }
	no_shadow
}
cylinder {
	<31.010023, 33.032017, 26.886337>,  <30.897398, 32.821323, 26.909241>, 0.100000
	pigment { color rgbt <1,0,0,0> }
	no_shadow
}
cylinder {
	<31.010023, 33.032017, 26.886337>,  <31.197731, 33.383171, 26.848166>, 0.100000
	pigment { color rgbt <1,0,0,0> }
	no_shadow
}

// particle -1
sphere {
	<31.010023, 33.032017, 26.886337> 0.100000
	pigment { color rgbt <1,0,0,0> }
	no_shadow
}
sphere {
	0, 1
	scale<0.080000,0.200000,0.300000>
	matrix <-0.030541, 0.124139, 0.991795,
		-0.882526, 0.462507, -0.085066,
		-0.469272, -0.877882, 0.095431,
		30.869242, 32.768654, 26.914967>
	pigment { color rgbt <0,1,1,0> }
	no_shadow
}
cylinder {
	<30.742088, 33.484512, 27.325777>,  <31.197731, 33.383171, 26.848166>, 0.130000
	pigment { color rgbt <1,0,0,0> }
	no_shadow
}

// nucleotide -1

// particle -1
sphere {
	<30.742088, 33.484512, 27.325777> 0.250000
	pigment { color rgbt <1,0,0,0> }
	no_shadow
}
cylinder {
	<30.733177, 33.084698, 27.334053>,  <30.727831, 32.844810, 27.339018>, 0.100000
	pigment { color rgbt <1,0,0,0> }
	no_shadow
}
cylinder {
	<30.733177, 33.084698, 27.334053>,  <30.742088, 33.484512, 27.325777>, 0.100000
	pigment { color rgbt <1,0,0,0> }
	no_shadow
}

// particle -1
sphere {
	<30.733177, 33.084698, 27.334053> 0.100000
	pigment { color rgbt <1,0,0,0> }
	no_shadow
}
sphere {
	0, 1
	scale<0.080000,0.200000,0.300000>
	matrix <-0.169532, 0.024173, 0.985228,
		-0.985273, 0.018439, -0.169992,
		-0.022276, -0.999538, 0.020691,
		30.726494, 32.784836, 27.340260>
	pigment { color rgbt <0,1,1,0> }
	no_shadow
}
cylinder {
	<30.146885, 33.342648, 27.674610>,  <30.742088, 33.484512, 27.325777>, 0.130000
	pigment { color rgbt <1,0,0,0> }
	no_shadow
}

// nucleotide -1

// particle -1
sphere {
	<30.146885, 33.342648, 27.674610> 0.250000
	pigment { color rgbt <1,0,0,0> }
	no_shadow
}
cylinder {
	<30.381392, 33.020077, 27.705521>,  <30.522095, 32.826534, 27.724068>, 0.100000
	pigment { color rgbt <1,0,0,0> }
	no_shadow
}
cylinder {
	<30.381392, 33.020077, 27.705521>,  <30.146885, 33.342648, 27.674610>, 0.100000
	pigment { color rgbt <1,0,0,0> }
	no_shadow
}

// particle -1
sphere {
	<30.381392, 33.020077, 27.705521> 0.100000
	pigment { color rgbt <1,0,0,0> }
	no_shadow
}
sphere {
	0, 1
	scale<0.080000,0.200000,0.300000>
	matrix <-0.284246, -0.115440, 0.951776,
		-0.758615, -0.579959, -0.296902,
		0.586266, -0.806425, 0.077276,
		30.557272, 32.778149, 27.728704>
	pigment { color rgbt <0,1,1,0> }
	no_shadow
}
cylinder {
	<29.660295, 32.849567, 28.066032>,  <30.146885, 33.342648, 27.674610>, 0.130000
	pigment { color rgbt <1,0,0,0> }
	no_shadow
}

// nucleotide -1

// particle -1
sphere {
	<29.660295, 32.849567, 28.066032> 0.250000
	pigment { color rgbt <1,0,0,0> }
	no_shadow
}
cylinder {
	<30.025265, 32.693520, 28.115496>,  <30.244246, 32.599892, 28.145174>, 0.100000
	pigment { color rgbt <1,0,0,0> }
	no_shadow
}
cylinder {
	<30.025265, 32.693520, 28.115496>,  <29.660295, 32.849567, 28.066032>, 0.100000
	pigment { color rgbt <1,0,0,0> }
	no_shadow
}

// particle -1
sphere {
	<30.025265, 32.693520, 28.115496> 0.100000
	pigment { color rgbt <1,0,0,0> }
	no_shadow
}
sphere {
	0, 1
	scale<0.080000,0.200000,0.300000>
	matrix <-0.185411, -0.124678, 0.974719,
		-0.364842, -0.912283, -0.186092,
		0.912422, -0.390122, 0.123660,
		30.298992, 32.576485, 28.152594>
	pigment { color rgbt <0,1,1,0> }
	no_shadow
}
cylinder {
	<29.559795, 32.201534, 28.441519>,  <29.660295, 32.849567, 28.066032>, 0.130000
	pigment { color rgbt <1,0,0,0> }
	no_shadow
}

// nucleotide -1

// particle -1
sphere {
	<29.559795, 32.201534, 28.441519> 0.250000
	pigment { color rgbt <1,0,0,0> }
	no_shadow
}
cylinder {
	<29.928009, 32.353165, 28.479294>,  <30.148937, 32.444145, 28.501959>, 0.100000
	pigment { color rgbt <1,0,0,0> }
	no_shadow
}
cylinder {
	<29.928009, 32.353165, 28.479294>,  <29.559795, 32.201534, 28.441519>, 0.100000
	pigment { color rgbt <1,0,0,0> }
	no_shadow
}

// particle -1
sphere {
	<29.928009, 32.353165, 28.479294> 0.100000
	pigment { color rgbt <1,0,0,0> }
	no_shadow
}
sphere {
	0, 1
	scale<0.080000,0.200000,0.300000>
	matrix <-0.096440, -0.013745, 0.995244,
