// switches for output
#declare DRAW_BASES = 1; // possible values are 0, 1; only relevant for DNA ribbons
#declare DRAW_BASES_TYPE = 3; // possible values are 1, 2, 3; only relevant for DNA ribbons
#declare DRAW_FOG = 0; // set to 1 to enable fog

#include "colors.inc"

#include "transforms.inc"
background { rgb <1, 1, 1>}

#default {
   normal{
       ripples 0.25
       frequency 0.20
       turbulence 0.2
       lambda 5
   }
	finish {
		phong 0.1
		phong_size 40.
	}
}

// original window dimensions: 1024x640


// camera settings

camera {
	sky <0, 0.179814, -0.983701>
	up <0, 0.179814, -0.983701>
	right 1.6 * <1, 0, 0>
	location <35, 94.9851, 44.8844>
	look_at <35, 29.7336, 32.9568>
	direction <0, -65.2515, -11.9276>
	angle 67.0682
}


# declare cpy_camera_pos = <35, 94.9851, 44.8844>;
# if (DRAW_FOG = 1)
fog {
	fog_type 2
	up vnormalize(cpy_camera_pos)
	color rgbt<1,1,1,0.3>
	distance 1e-5
	fog_alt 3e-3
	fog_offset 56
}
# end


// LIGHTS

# declare lum = 6;
global_settings {
	ambient_light rgb lum * <0.05, 0.05, 0.05>
	max_trace_level 15
}# declare cpy_direct_light_amount = 0.25;
light_source
{	1000 * <-1, -1.16352, -0.803886>,
	rgb lum * cpy_direct_light_amount
	parallel
}

light_source
{	1000 * <1, 1.16352, 0.803886>,
	rgb lum * cpy_direct_light_amount
	parallel
}

// strand 0

// nucleotide -1

// particle -1
sphere {
	<24.488991, 34.939659, 34.880131> 0.250000
	pigment { color rgbt <1,0,0,0> }
	no_shadow
}
cylinder {
	<24.299269, 35.072361, 35.206314>,  <24.185434, 35.151981, 35.402023>, 0.100000
	pigment { color rgbt <1,0,0,0> }
	no_shadow
}
cylinder {
	<24.299269, 35.072361, 35.206314>,  <24.488991, 34.939659, 34.880131>, 0.100000
	pigment { color rgbt <1,0,0,0> }
	no_shadow
}

// particle -1
sphere {
	<24.299269, 35.072361, 35.206314> 0.100000
	pigment { color rgbt <1,0,0,0> }
	no_shadow
}
sphere {
	0, 1
	scale<0.080000,0.200000,0.300000>
	matrix <0.792618, -0.242193, 0.559553,
		0.383132, 0.911747, -0.148081,
		-0.474306, 0.331754, 0.815459,
		24.156977, 35.171886, 35.450951>
	pigment { color rgbt <0,1,1,0> }
	no_shadow
}
cylinder {
	<25.055416, 35.297554, 35.294693>,  <24.488991, 34.939659, 34.880131>, 0.130000
	pigment { color rgbt <1,0,0,0> }
	no_shadow
}

// nucleotide -1

// particle -1
sphere {
	<25.055416, 35.297554, 35.294693> 0.250000
	pigment { color rgbt <1,0,0,0> }
	no_shadow
}
cylinder {
	<24.765287, 35.170006, 35.538734>,  <24.591211, 35.093475, 35.685162>, 0.100000
	pigment { color rgbt <1,0,0,0> }
	no_shadow
}
cylinder {
	<24.765287, 35.170006, 35.538734>,  <25.055416, 35.297554, 35.294693>, 0.100000
	pigment { color rgbt <1,0,0,0> }
	no_shadow
}

// particle -1
sphere {
	<24.765287, 35.170006, 35.538734> 0.100000
	pigment { color rgbt <1,0,0,0> }
	no_shadow
}
sphere {
	0, 1
	scale<0.080000,0.200000,0.300000>
	matrix <0.687682, -0.376392, 0.620824,
		0.031675, 0.869856, 0.492288,
		-0.725320, -0.318873, 0.610107,
		24.547691, 35.074345, 35.721767>
	pigment { color rgbt <0,1,1,0> }
	no_shadow
}
cylinder {
	<25.084679, 35.450211, 35.968582>,  <25.055416, 35.297554, 35.294693>, 0.130000
	pigment { color rgbt <1,0,0,0> }
	no_shadow
}

// nucleotide -1

// particle -1
sphere {
	<25.084679, 35.450211, 35.968582> 0.250000
	pigment { color rgbt <1,0,0,0> }
	no_shadow
}
cylinder {
	<25.221117, 35.514198, 36.339108>,  <25.302980, 35.552589, 36.561424>, 0.100000
	pigment { color rgbt <1,0,0,0> }
	no_shadow
}
cylinder {
	<25.221117, 35.514198, 36.339108>,  <25.084679, 35.450211, 35.968582>, 0.100000
	pigment { color rgbt <1,0,0,0> }
	no_shadow
}

// particle -1
sphere {
	<25.221117, 35.514198, 36.339108> 0.100000
	pigment { color rgbt <1,0,0,0> }
	no_shadow
}
sphere {
	0, 1
	scale<0.080000,0.200000,0.300000>
	matrix <0.940028, -0.058938, -0.335966,
		0.000851, 0.985361, -0.170480,
		0.341095, 0.159970, 0.926317,
		25.323446, 35.562191, 36.617004>
	pigment { color rgbt <0,1,1,0> }
	no_shadow
}
cylinder {
	<25.579992, 36.018162, 35.790871>,  <25.084679, 35.450211, 35.968582>, 0.130000
	pigment { color rgbt <1,0,0,0> }
	no_shadow
}

// nucleotide -1

// particle -1
sphere {
	<25.579992, 36.018162, 35.790871> 0.250000
	pigment { color rgbt <1,0,0,0> }
	no_shadow
}
cylinder {
	<25.643425, 35.775967, 36.102829>,  <25.681484, 35.630650, 36.290005>, 0.100000
	pigment { color rgbt <1,0,0,0> }
	no_shadow
}
cylinder {
	<25.643425, 35.775967, 36.102829>,  <25.579992, 36.018162, 35.790871>, 0.100000
	pigment { color rgbt <1,0,0,0> }
	no_shadow
}

// particle -1
sphere {
	<25.643425, 35.775967, 36.102829> 0.100000
	pigment { color rgbt <1,0,0,0> }
	no_shadow
}
sphere {
	0, 1
	scale<0.080000,0.200000,0.300000>
	matrix <0.894861, -0.245646, -0.372669,
		0.417225, 0.756996, 0.502872,
		0.158580, -0.605487, 0.779896,
		25.691000, 35.594322, 36.336800>
	pigment { color rgbt <0,1,1,0> }
	no_shadow
}
cylinder {
	<26.089907, 36.213272, 36.340858>,  <25.579992, 36.018162, 35.790871>, 0.130000
	pigment { color rgbt <1,0,0,0> }
	no_shadow
}

// nucleotide -1

// particle -1
sphere {
	<26.089907, 36.213272, 36.340858> 0.250000
	pigment { color rgbt <1,0,0,0> }
	no_shadow
}
cylinder {
	<26.058783, 35.838154, 36.205513>,  <26.040108, 35.613083, 36.124306>, 0.100000
	pigment { color rgbt <1,0,0,0> }
	no_shadow
}
cylinder {
	<26.058783, 35.838154, 36.205513>,  <26.089907, 36.213272, 36.340858>, 0.100000
	pigment { color rgbt <1,0,0,0> }
	no_shadow
}

// particle -1
sphere {
	<26.058783, 35.838154, 36.205513> 0.100000
	pigment { color rgbt <1,0,0,0> }
	no_shadow
}
sphere {
	0, 1
	scale<0.080000,0.200000,0.300000>
	matrix <0.718407, 0.182576, -0.671235,
		0.691257, -0.295310, 0.659511,
		-0.077811, -0.937794, -0.338360,
		26.035439, 35.556816, 36.104004>
	pigment { color rgbt <0,1,1,0> }
	no_shadow
}
cylinder {
	<25.865749, 36.805706, 36.705902>,  <26.089907, 36.213272, 36.340858>, 0.130000
	pigment { color rgbt <1,0,0,0> }
	no_shadow
}

// nucleotide -1

// particle -1
sphere {
	<25.865749, 36.805706, 36.705902> 0.250000
	pigment { color rgbt <1,0,0,0> }
	no_shadow
}
cylinder {
	<26.145853, 37.021610, 36.519012>,  <26.313915, 37.151154, 36.406879>, 0.100000
	pigment { color rgbt <1,0,0,0> }
	no_shadow
}
cylinder {
	<26.145853, 37.021610, 36.519012>,  <25.865749, 36.805706, 36.705902>, 0.100000
	pigment { color rgbt <1,0,0,0> }
	no_shadow
}

// particle -1
sphere {
	<26.145853, 37.021610, 36.519012> 0.100000
	pigment { color rgbt <1,0,0,0> }
	no_shadow
}
sphere {
	0, 1
	scale<0.080000,0.200000,0.300000>
	matrix <0.422520, 0.214172, 0.880686,
		0.575424, -0.814120, -0.078082,
		0.700260, 0.539759, -0.467221,
		26.355932, 37.183537, 36.378845>
	pigment { color rgbt <0,1,1,0> }
	no_shadow
}
cylinder {
	<26.548595, 36.575352, 36.892025>,  <25.865749, 36.805706, 36.705902>, 0.130000
	pigment { color rgbt <1,0,0,0> }
	no_shadow
}

// nucleotide -1

// particle -1
sphere {
	<26.548595, 36.575352, 36.892025> 0.250000
	pigment { color rgbt <1,0,0,0> }
	no_shadow
}
cylinder {
	<26.559946, 36.962723, 36.792957>,  <26.566757, 37.195145, 36.733517>, 0.100000
	pigment { color rgbt <1,0,0,0> }
	no_shadow
}
cylinder {
	<26.559946, 36.962723, 36.792957>,  <26.548595, 36.575352, 36.892025>, 0.100000
	pigment { color rgbt <1,0,0,0> }
	no_shadow
}

// particle -1
sphere {
	<26.559946, 36.962723, 36.792957> 0.100000
	pigment { color rgbt <1,0,0,0> }
	no_shadow
}
sphere {
	0, 1
	scale<0.080000,0.200000,0.300000>
	matrix <0.233515, 0.234494, 0.943654,
		0.971939, -0.084614, -0.219488,
		0.028378, 0.968428, -0.247672,
		26.568459, 37.253250, 36.718655>
	pigment { color rgbt <0,1,1,0> }
	no_shadow
}
cylinder {
	<27.064095, 36.891472, 37.364391>,  <26.548595, 36.575352, 36.892025>, 0.130000
	pigment { color rgbt <1,0,0,0> }
	no_shadow
}

// nucleotide -1

// particle -1
sphere {
	<27.064095, 36.891472, 37.364391> 0.250000
	pigment { color rgbt <1,0,0,0> }
	no_shadow
}
cylinder {
	<26.889074, 37.214447, 37.206104>,  <26.784063, 37.408234, 37.111134>, 0.100000
	pigment { color rgbt <1,0,0,0> }
	no_shadow
}
cylinder {
	<26.889074, 37.214447, 37.206104>,  <27.064095, 36.891472, 37.364391>, 0.100000
	pigment { color rgbt <1,0,0,0> }
	no_shadow
}

// particle -1
sphere {
	<26.889074, 37.214447, 37.206104> 0.100000
	pigment { color rgbt <1,0,0,0> }
	no_shadow
}
sphere {
	0, 1
	scale<0.080000,0.200000,0.300000>
	matrix <0.159677, 0.502855, 0.849494,
		0.884904, 0.308508, -0.348953,
		-0.437548, 0.807440, -0.395717,
		26.757811, 37.456680, 37.087391>
	pigment { color rgbt <0,1,1,0> }
	no_shadow
}
cylinder {
	<27.404207, 37.386639, 37.677017>,  <27.064095, 36.891472, 37.364391>, 0.130000
	pigment { color rgbt <1,0,0,0> }
	no_shadow
}

// nucleotide -1

// particle -1
sphere {
	<27.404207, 37.386639, 37.677017> 0.250000
	pigment { color rgbt <1,0,0,0> }
	no_shadow
}
cylinder {
	<27.066090, 37.557419, 37.548523>,  <26.863218, 37.659885, 37.471428>, 0.100000
	pigment { color rgbt <1,0,0,0> }
	no_shadow
}
cylinder {
	<27.066090, 37.557419, 37.548523>,  <27.404207, 37.386639, 37.677017>, 0.100000
	pigment { color rgbt <1,0,0,0> }
	no_shadow
}

// particle -1
sphere {
	<27.066090, 37.557419, 37.548523> 0.100000
	pigment { color rgbt <1,0,0,0> }
	no_shadow
}
sphere {
	0, 1
	scale<0.080000,0.200000,0.300000>
	matrix <-0.037391, 0.552481, 0.832686,
		0.532988, 0.715878, -0.451046,
		-0.845296, 0.426947, -0.321234,
		26.812500, 37.685501, 37.452152>
	pigment { color rgbt <0,1,1,0> }
	no_shadow
}
cylinder {
	<27.531364, 37.999405, 37.815128>,  <27.404207, 37.386639, 37.677017>, 0.130000
	pigment { color rgbt <1,0,0,0> }
	no_shadow
}

// nucleotide -1

// particle -1
sphere {
	<27.531364, 37.999405, 37.815128> 0.250000
	pigment { color rgbt <1,0,0,0> }
	no_shadow
}
cylinder {
	<27.132332, 37.983620, 37.792244>,  <26.892912, 37.974148, 37.778515>, 0.100000
	pigment { color rgbt <1,0,0,0> }
	no_shadow
}
cylinder {
	<27.132332, 37.983620, 37.792244>,  <27.531364, 37.999405, 37.815128>, 0.100000
	pigment { color rgbt <1,0,0,0> }
	no_shadow
}

// particle -1
sphere {
	<27.132332, 37.983620, 37.792244> 0.100000
	pigment { color rgbt <1,0,0,0> }
	no_shadow
}
sphere {
	0, 1
	scale<0.080000,0.200000,0.300000>
	matrix <-0.068811, 0.445337, 0.892715,
		-0.009752, 0.894493, -0.446976,
		-0.997582, -0.039463, -0.057208,
		26.833057, 37.971783, 37.775082>
	pigment { color rgbt <0,1,1,0> }
	no_shadow
}
cylinder {
	<27.307100, 38.632957, 38.086906>,  <27.531364, 37.999405, 37.815128>, 0.130000
	pigment { color rgbt <1,0,0,0> }
	no_shadow
}

// nucleotide -1

// particle -1
sphere {
	<27.307100, 38.632957, 38.086906> 0.250000
	pigment { color rgbt <1,0,0,0> }
	no_shadow
}
cylinder {
	<26.993401, 38.385792, 38.109322>,  <26.805182, 38.237495, 38.122772>, 0.100000
	pigment { color rgbt <1,0,0,0> }
	no_shadow
}
cylinder {
	<26.993401, 38.385792, 38.109322>,  <27.307100, 38.632957, 38.086906>, 0.100000
	pigment { color rgbt <1,0,0,0> }
	no_shadow
}

// particle -1
sphere {
	<26.993401, 38.385792, 38.109322> 0.100000
	pigment { color rgbt <1,0,0,0> }
	no_shadow
}
sphere {
	0, 1
	scale<0.080000,0.200000,0.300000>
	matrix <-0.175149, 0.307128, 0.935412,
		-0.595210, 0.723782, -0.349091,
		-0.784250, -0.617909, 0.056036,
		26.758125, 38.200420, 38.126133>
	pigment { color rgbt <0,1,1,0> }
	no_shadow
}
cylinder {
	<26.821251, 39.035625, 38.223774>,  <27.307100, 38.632957, 38.086906>, 0.130000
	pigment { color rgbt <1,0,0,0> }
	no_shadow
}

// nucleotide -1

// particle -1
sphere {
	<26.821251, 39.035625, 38.223774> 0.250000
	pigment { color rgbt <1,0,0,0> }
	no_shadow
}
cylinder {
	<26.684273, 38.688328, 38.367374>,  <26.602085, 38.479950, 38.453537>, 0.100000
	pigment { color rgbt <1,0,0,0> }
	no_shadow
}
cylinder {
	<26.684273, 38.688328, 38.367374>,  <26.821251, 39.035625, 38.223774>, 0.100000
	pigment { color rgbt <1,0,0,0> }
	no_shadow
}

// particle -1
sphere {
	<26.684273, 38.688328, 38.367374> 0.100000
	pigment { color rgbt <1,0,0,0> }
	no_shadow
}
sphere {
	0, 1
	scale<0.080000,0.200000,0.300000>
	matrix <-0.121985, 0.419959, 0.899307,
		-0.931585, 0.264171, -0.249726,
		-0.342446, -0.868244, 0.359003,
		26.581539, 38.427856, 38.475075>
	pigment { color rgbt <0,1,1,0> }
	no_shadow
}
cylinder {
	<26.351477, 39.211693, 38.783607>,  <26.821251, 39.035625, 38.223774>, 0.130000
	pigment { color rgbt <1,0,0,0> }
	no_shadow
}

// nucleotide -1

// particle -1
sphere {
	<26.351477, 39.211693, 38.783607> 0.250000
	pigment { color rgbt <1,0,0,0> }
	no_shadow
}
cylinder {
	<26.438324, 38.836170, 38.890564>,  <26.490433, 38.610855, 38.954739>, 0.100000
	pigment { color rgbt <1,0,0,0> }
	no_shadow
}
cylinder {
	<26.438324, 38.836170, 38.890564>,  <26.351477, 39.211693, 38.783607>, 0.100000
	pigment { color rgbt <1,0,0,0> }
	no_shadow
}

// particle -1
sphere {
	<26.438324, 38.836170, 38.890564> 0.100000
	pigment { color rgbt <1,0,0,0> }
	no_shadow
}
sphere {
	0, 1
	scale<0.080000,0.200000,0.300000>
	matrix <-0.326424, 0.188333, 0.926271,
		-0.919950, -0.288393, -0.265560,
		0.217117, -0.938808, 0.267395,
		26.503458, 38.554527, 38.970783>
	pigment { color rgbt <0,1,1,0> }
	no_shadow
}
cylinder {
	<25.762522, 39.095627, 39.185463>,  <26.351477, 39.211693, 38.783607>, 0.130000
	pigment { color rgbt <1,0,0,0> }
	no_shadow
}

// nucleotide -1

// particle -1
sphere {
	<25.762522, 39.095627, 39.185463> 0.250000
	pigment { color rgbt <1,0,0,0> }
	no_shadow
}
cylinder {
	<26.036228, 38.828087, 39.301682>,  <26.200451, 38.667561, 39.371414>, 0.100000
	pigment { color rgbt <1,0,0,0> }
	no_shadow
}
cylinder {
	<26.036228, 38.828087, 39.301682>,  <25.762522, 39.095627, 39.185463>, 0.100000
	pigment { color rgbt <1,0,0,0> }
	no_shadow
}

// particle -1
sphere {
	<26.036228, 38.828087, 39.301682> 0.100000
	pigment { color rgbt <1,0,0,0> }
	no_shadow
}
sphere {
	0, 1
	scale<0.080000,0.200000,0.300000>
	matrix <-0.123795, 0.286103, 0.950168,
		-0.718649, -0.686135, 0.112970,
		0.684265, -0.668853, 0.290548,
		26.241508, 38.627430, 39.388847>
	pigment { color rgbt <0,1,1,0> }
	no_shadow
}
cylinder {
	<25.481817, 38.668583, 39.791874>,  <25.762522, 39.095627, 39.185463>, 0.130000
	pigment { color rgbt <1,0,0,0> }
	no_shadow
}

// nucleotide -1

// particle -1
sphere {
	<25.481817, 38.668583, 39.791874> 0.250000
	pigment { color rgbt <1,0,0,0> }
	no_shadow
}
cylinder {
	<25.878845, 38.621944, 39.805798>,  <26.117062, 38.593960, 39.814152>, 0.100000
	pigment { color rgbt <1,0,0,0> }
	no_shadow
}
cylinder {
	<25.878845, 38.621944, 39.805798>,  <25.481817, 38.668583, 39.791874>, 0.100000
	pigment { color rgbt <1,0,0,0> }
	no_shadow
}

// particle -1
sphere {
	<25.878845, 38.621944, 39.805798> 0.100000
	pigment { color rgbt <1,0,0,0> }
	no_shadow
}
sphere {
	0, 1
	scale<0.080000,0.200000,0.300000>
	matrix <-0.022255, 0.107306, 0.993977,
		-0.119635, -0.987365, 0.103914,
		0.992569, -0.116602, 0.034811,
		26.176617, 38.586964, 39.816242>
	pigment { color rgbt <0,1,1,0> }
	no_shadow
}
cylinder {
	<25.558342, 38.297371, 40.323639>,  <25.481817, 38.668583, 39.791874>, 0.130000
	pigment { color rgbt <1,0,0,0> }
	no_shadow
}

// nucleotide -1

// particle -1
sphere {
	<25.558342, 38.297371, 40.323639> 0.250000
	pigment { color rgbt <1,0,0,0> }
	no_shadow
}
cylinder {
	<25.930681, 38.431232, 40.264946>,  <26.154085, 38.511551, 40.229733>, 0.100000
	pigment { color rgbt <1,0,0,0> }
	no_shadow
}
cylinder {
	<25.930681, 38.431232, 40.264946>,  <25.558342, 38.297371, 40.323639>, 0.100000
	pigment { color rgbt <1,0,0,0> }
	no_shadow
}

// particle -1
sphere {
	<25.930681, 38.431232, 40.264946> 0.100000
	pigment { color rgbt <1,0,0,0> }
	no_shadow
}
sphere {
	0, 1
	scale<0.080000,0.200000,0.300000>
	matrix <0.114425, 0.114393, 0.986824,
		0.347034, -0.935371, 0.068189,
		0.930846, 0.334658, -0.146728,
		26.209934, 38.531631, 40.220928>
	pigment { color rgbt <0,1,1,0> }
	no_shadow
}
cylinder {
	<25.844284, 38.064575, 40.961155>,  <25.558342, 38.297371, 40.323639>, 0.130000
	pigment { color rgbt <1,0,0,0> }
	no_shadow
}

// nucleotide -1

// particle -1
sphere {
	<25.844284, 38.064575, 40.961155> 0.250000
	pigment { color rgbt <1,0,0,0> }
	no_shadow
}
cylinder {
	<26.126617, 38.312584, 40.824116>,  <26.296019, 38.461388, 40.741894>, 0.100000
	pigment { color rgbt <1,0,0,0> }
	no_shadow
}
cylinder {
	<26.126617, 38.312584, 40.824116>,  <25.844284, 38.064575, 40.961155>, 0.100000
	pigment { color rgbt <1,0,0,0> }
	no_shadow
}

// particle -1
sphere {
	<26.126617, 38.312584, 40.824116> 0.100000
	pigment { color rgbt <1,0,0,0> }
	no_shadow
}
sphere {
	0, 1
	scale<0.080000,0.200000,0.300000>
	matrix <0.178368, 0.312492, 0.933024,
		0.685553, -0.719669, 0.109976,
		0.705835, 0.620021, -0.342596,
		26.338367, 38.498589, 40.721336>
	pigment { color rgbt <0,1,1,0> }
	no_shadow
}
cylinder {
	<26.438818, 38.138401, 41.459412>,  <25.844284, 38.064575, 40.961155>, 0.130000
	pigment { color rgbt <1,0,0,0> }
	no_shadow
}

// nucleotide -1

// particle -1
sphere {
	<26.438818, 38.138401, 41.459412> 0.250000
	pigment { color rgbt <1,0,0,0> }
	no_shadow
}
cylinder {
	<26.440813, 38.461575, 41.223709>,  <26.442009, 38.655479, 41.082287>, 0.100000
	pigment { color rgbt <1,0,0,0> }
	no_shadow
}
cylinder {
	<26.440813, 38.461575, 41.223709>,  <26.438818, 38.138401, 41.459412>, 0.100000
	pigment { color rgbt <1,0,0,0> }
	no_shadow
}

// particle -1
sphere {
	<26.440813, 38.461575, 41.223709> 0.100000
	pigment { color rgbt <1,0,0,0> }
	no_shadow
}
sphere {
	0, 1
	scale<0.080000,0.200000,0.300000>
	matrix <-0.002663, 0.589273, 0.807930,
		0.999984, -0.002459, 0.005090,
		0.004986, 0.807930, -0.589257,
		26.442308, 38.703953, 41.046932>
	pigment { color rgbt <0,1,1,0> }
	no_shadow
}
cylinder {
	<27.072479, 38.565517, 41.556244>,  <26.438818, 38.138401, 41.459412>, 0.130000
	pigment { color rgbt <1,0,0,0> }
	no_shadow
}

// nucleotide -1

// particle -1
sphere {
	<27.072479, 38.565517, 41.556244> 0.250000
	pigment { color rgbt <1,0,0,0> }
	no_shadow
}
cylinder {
	<26.780153, 38.806599, 41.428082>,  <26.604757, 38.951248, 41.351185>, 0.100000
	pigment { color rgbt <1,0,0,0> }
	no_shadow
}
cylinder {
	<26.780153, 38.806599, 41.428082>,  <27.072479, 38.565517, 41.556244>, 0.100000
	pigment { color rgbt <1,0,0,0> }
	no_shadow
}

// particle -1
sphere {
	<26.780153, 38.806599, 41.428082> 0.100000
	pigment { color rgbt <1,0,0,0> }
	no_shadow
}
sphere {
	0, 1
	scale<0.080000,0.200000,0.300000>
	matrix <0.056914, 0.521580, 0.851302,
		0.680201, 0.603907, -0.415479,
		-0.730813, 0.602703, -0.320409,
		26.560909, 38.987411, 41.331959>
	pigment { color rgbt <0,1,1,0> }
	no_shadow
}
cylinder {
	<27.318758, 39.321091, 41.496059>,  <27.072479, 38.565517, 41.556244>, 0.130000
	pigment { color rgbt <1,0,0,0> }
	no_shadow
}

// nucleotide -1

// particle -1
sphere {
	<27.318758, 39.321091, 41.496059> 0.250000
	pigment { color rgbt <1,0,0,0> }
	no_shadow
}
cylinder {
	<26.919481, 39.345142, 41.496647>,  <26.679916, 39.359573, 41.496998>, 0.100000
	pigment { color rgbt <1,0,0,0> }
	no_shadow
}
cylinder {
	<26.919481, 39.345142, 41.496647>,  <27.318758, 39.321091, 41.496059>, 0.100000
	pigment { color rgbt <1,0,0,0> }
	no_shadow
}

// particle -1
sphere {
	<26.919481, 39.345142, 41.496647> 0.100000
	pigment { color rgbt <1,0,0,0> }
	no_shadow
}
sphere {
	0, 1
	scale<0.080000,0.200000,0.300000>
	matrix <0.036370, 0.583999, 0.810940,
		0.047904, 0.809525, -0.585128,
		-0.998190, 0.060128, 0.001467,
		26.620024, 39.363182, 41.497086>
	pigment { color rgbt <0,1,1,0> }
	no_shadow
}
cylinder {
	<27.163000, 40.064297, 41.585934>,  <27.318758, 39.321091, 41.496059>, 0.130000
	pigment { color rgbt <1,0,0,0> }
	no_shadow
}

// nucleotide -1

// particle -1
sphere {
	<27.163000, 40.064297, 41.585934> 0.250000
	pigment { color rgbt <1,0,0,0> }
	no_shadow
}
cylinder {
	<26.813543, 39.890408, 41.673351>,  <26.603868, 39.786072, 41.725803>, 0.100000
	pigment { color rgbt <1,0,0,0> }
	no_shadow
}
cylinder {
	<26.813543, 39.890408, 41.673351>,  <27.163000, 40.064297, 41.585934>, 0.100000
	pigment { color rgbt <1,0,0,0> }
	no_shadow
}

// particle -1
sphere {
	<26.813543, 39.890408, 41.673351> 0.100000
	pigment { color rgbt <1,0,0,0> }
	no_shadow
}
sphere {
	0, 1
	scale<0.080000,0.200000,0.300000>
	matrix <-0.106142, 0.608611, 0.786338,
		-0.474851, 0.663781, -0.577851,
		-0.873642, -0.434727, 0.218545,
		26.551451, 39.759991, 41.738914>
	pigment { color rgbt <0,1,1,0> }
	no_shadow
}
cylinder {
	<26.665119, 40.549385, 41.520660>,  <27.163000, 40.064297, 41.585934>, 0.130000
	pigment { color rgbt <1,0,0,0> }
	no_shadow
}

// nucleotide -1

// particle -1
sphere {
	<26.665119, 40.549385, 41.520660> 0.250000
	pigment { color rgbt <1,0,0,0> }
	no_shadow
}
cylinder {
	<26.501225, 40.283470, 41.770515>,  <26.402887, 40.123920, 41.920429>, 0.100000
	pigment { color rgbt <1,0,0,0> }
	no_shadow
}
cylinder {
	<26.501225, 40.283470, 41.770515>,  <26.665119, 40.549385, 41.520660>, 0.100000
	pigment { color rgbt <1,0,0,0> }
	no_shadow
}

// particle -1
sphere {
	<26.501225, 40.283470, 41.770515> 0.100000
	pigment { color rgbt <1,0,0,0> }
	no_shadow
}
sphere {
	0, 1
	scale<0.080000,0.200000,0.300000>
	matrix <-0.069285, 0.705456, 0.705359,
		-0.909570, 0.245732, -0.335110,
		-0.409735, -0.664791, 0.624636,
		26.378304, 40.084034, 41.957905>
	pigment { color rgbt <0,1,1,0> }
	no_shadow
}
cylinder {
	<26.106676, 40.977108, 41.791252>,  <26.665119, 40.549385, 41.520660>, 0.130000
	pigment { color rgbt <1,0,0,0> }
	no_shadow
}

// nucleotide -1

// particle -1
sphere {
	<26.106676, 40.977108, 41.791252> 0.250000
	pigment { color rgbt <1,0,0,0> }
	no_shadow
}
cylinder {
	<26.165030, 40.674835, 42.046646>,  <26.200041, 40.493473, 42.199883>, 0.100000
	pigment { color rgbt <1,0,0,0> }
	no_shadow
}
cylinder {
	<26.165030, 40.674835, 42.046646>,  <26.106676, 40.977108, 41.791252>, 0.100000
	pigment { color rgbt <1,0,0,0> }
	no_shadow
}

// particle -1
sphere {
	<26.165030, 40.674835, 42.046646> 0.100000
	pigment { color rgbt <1,0,0,0> }
	no_shadow
}
sphere {
	0, 1
	scale<0.080000,0.200000,0.300000>
	matrix <-0.128419, 0.625467, 0.769610,
		-0.980931, -0.194267, -0.005798,
		0.145883, -0.755679, 0.638488,
		26.208794, 40.448132, 42.238194>
	pigment { color rgbt <0,1,1,0> }
	no_shadow
}
cylinder {
	<25.562960, 41.019756, 42.267616>,  <26.106676, 40.977108, 41.791252>, 0.130000
	pigment { color rgbt <1,0,0,0> }
	no_shadow
}

// nucleotide -1

// particle -1
sphere {
	<25.562960, 41.019756, 42.267616> 0.250000
	pigment { color rgbt <1,0,0,0> }
	no_shadow
}
cylinder {
	<25.832748, 40.787125, 42.449543>,  <25.994621, 40.647545, 42.558701>, 0.100000
	pigment { color rgbt <1,0,0,0> }
	no_shadow
}
cylinder {
	<25.832748, 40.787125, 42.449543>,  <25.562960, 41.019756, 42.267616>, 0.100000
	pigment { color rgbt <1,0,0,0> }
	no_shadow
}

// particle -1
sphere {
	<25.832748, 40.787125, 42.449543> 0.100000
	pigment { color rgbt <1,0,0,0> }
	no_shadow
}
sphere {
	0, 1
	scale<0.080000,0.200000,0.300000>
	matrix <-0.217332, 0.432341, 0.875127,
		-0.705589, -0.689094, 0.165207,
		0.674471, -0.581575, 0.454818,
		26.035089, 40.612652, 42.585987>
	pigment { color rgbt <0,1,1,0> }
	no_shadow
}
cylinder {
	<25.380810, 41.064232, 42.890079>,  <25.562960, 41.019756, 42.267616>, 0.130000
	pigment { color rgbt <1,0,0,0> }
	no_shadow
}

// nucleotide -1

// particle -1
sphere {
	<25.380810, 41.064232, 42.890079> 0.250000
	pigment { color rgbt <1,0,0,0> }
	no_shadow
}
cylinder {
	<25.742479, 40.905983, 42.954510>,  <25.959482, 40.811031, 42.993168>, 0.100000
	pigment { color rgbt <1,0,0,0> }
	no_shadow
}
cylinder {
	<25.742479, 40.905983, 42.954510>,  <25.380810, 41.064232, 42.890079>, 0.100000
	pigment { color rgbt <1,0,0,0> }
	no_shadow
}

// particle -1
sphere {
	<25.742479, 40.905983, 42.954510> 0.100000
	pigment { color rgbt <1,0,0,0> }
	no_shadow
}
sphere {
	0, 1
	scale<0.080000,0.200000,0.300000>
	matrix <0.045672, 0.464463, 0.884414,
		-0.424711, -0.792309, 0.438025,
		0.904176, -0.395626, 0.161076,
		26.013733, 40.787296, 43.002834>
	pigment { color rgbt <0,1,1,0> }
	no_shadow
}
cylinder {
	<25.390615, 40.679527, 43.473038>,  <25.380810, 41.064232, 42.890079>, 0.130000
	pigment { color rgbt <1,0,0,0> }
	no_shadow
}

// nucleotide -1

// particle -1
sphere {
	<25.390615, 40.679527, 43.473038> 0.250000
	pigment { color rgbt <1,0,0,0> }
	no_shadow
}
cylinder {
	<25.752752, 40.843010, 43.426891>,  <25.970036, 40.941101, 43.399204>, 0.100000
	pigment { color rgbt <1,0,0,0> }
	no_shadow
}
cylinder {
	<25.752752, 40.843010, 43.426891>,  <25.390615, 40.679527, 43.473038>, 0.100000
	pigment { color rgbt <1,0,0,0> }
	no_shadow
}

// particle -1
sphere {
	<25.752752, 40.843010, 43.426891> 0.100000
	pigment { color rgbt <1,0,0,0> }
	no_shadow
}
sphere {
	0, 1
	scale<0.080000,0.200000,0.300000>
	matrix <-0.113066, 0.493814, 0.862186,
		0.409348, -0.767532, 0.493283,
		0.905345, 0.408707, -0.115360,
		26.024355, 40.965622, 43.392284>
	pigment { color rgbt <0,1,1,0> }
	no_shadow
}
cylinder {
	<25.936546, 40.496262, 44.017906>,  <25.390615, 40.679527, 43.473038>, 0.130000
	pigment { color rgbt <1,0,0,0> }
	no_shadow
}

// nucleotide -1

// particle -1
sphere {
	<25.936546, 40.496262, 44.017906> 0.250000
	pigment { color rgbt <1,0,0,0> }
	no_shadow
}
cylinder {
	<25.951324, 40.859783, 43.851673>,  <25.960192, 41.077896, 43.751934>, 0.100000
	pigment { color rgbt <1,0,0,0> }
	no_shadow
}
cylinder {
	<25.951324, 40.859783, 43.851673>,  <25.936546, 40.496262, 44.017906>, 0.100000
	pigment { color rgbt <1,0,0,0> }
	no_shadow
}

// particle -1
sphere {
	<25.951324, 40.859783, 43.851673> 0.100000
	pigment { color rgbt <1,0,0,0> }
	no_shadow
}
sphere {
	0, 1
	scale<0.080000,0.200000,0.300000>
	matrix <-0.210331, 0.413619, 0.885822,
		0.976932, 0.054682, 0.206431,
		0.036945, 0.908807, -0.415578,
		25.962408, 41.132423, 43.727001>
	pigment { color rgbt <0,1,1,0> }
	no_shadow
}
cylinder {
	<26.524479, 40.989677, 44.269608>,  <25.936546, 40.496262, 44.017906>, 0.130000
	pigment { color rgbt <1,0,0,0> }
	no_shadow
}

// nucleotide -1

// particle -1
sphere {
	<26.524479, 40.989677, 44.269608> 0.250000
	pigment { color rgbt <1,0,0,0> }
	no_shadow
}
cylinder {
	<26.217041, 41.207302, 44.134991>,  <26.032578, 41.337875, 44.054222>, 0.100000
	pigment { color rgbt <1,0,0,0> }
	no_shadow
}
cylinder {
	<26.217041, 41.207302, 44.134991>,  <26.524479, 40.989677, 44.269608>, 0.100000
	pigment { color rgbt <1,0,0,0> }
	no_shadow
}

// particle -1
sphere {
	<26.217041, 41.207302, 44.134991> 0.100000
	pigment { color rgbt <1,0,0,0> }
	no_shadow
}
sphere {
	0, 1
	scale<0.080000,0.200000,0.300000>
	matrix <-0.009673, 0.516114, 0.856465,
		0.639663, 0.661530, -0.391420,
		-0.768595, 0.544062, -0.336538,
		25.986462, 41.370522, 44.034031>
	pigment { color rgbt <0,1,1,0> }
	no_shadow
}
cylinder {
	<26.605690, 41.684223, 44.630131>,  <26.524479, 40.989677, 44.269608>, 0.130000
	pigment { color rgbt <1,0,0,0> }
	no_shadow
}

// nucleotide -1

// particle -1
sphere {
	<26.605690, 41.684223, 44.630131> 0.250000
	pigment { color rgbt <1,0,0,0> }
	no_shadow
}
cylinder {
	<26.252327, 41.703701, 44.443703>,  <26.040310, 41.715389, 44.331844>, 0.100000
	pigment { color rgbt <1,0,0,0> }
	no_shadow
}
cylinder {
	<26.252327, 41.703701, 44.443703>,  <26.605690, 41.684223, 44.630131>, 0.100000
	pigment { color rgbt <1,0,0,0> }
	no_shadow
}

// particle -1
sphere {
	<26.252327, 41.703701, 44.443703> 0.100000
	pigment { color rgbt <1,0,0,0> }
	no_shadow
}
sphere {
	0, 1
	scale<0.080000,0.200000,0.300000>
	matrix <-0.348842, 0.595753, 0.723455,
		0.312893, 0.801690, -0.509305,
		-0.883407, 0.048697, -0.466070,
		25.987305, 41.718311, 44.303883>
	pigment { color rgbt <0,1,1,0> }
	no_shadow
}
cylinder {
	<26.441587, 42.391491, 44.361290>,  <26.605690, 41.684223, 44.630131>, 0.130000
	pigment { color rgbt <1,0,0,0> }
	no_shadow
}

// nucleotide -1

// particle -1
sphere {
	<26.441587, 42.391491, 44.361290> 0.250000
	pigment { color rgbt <1,0,0,0> }
	no_shadow
}
cylinder {
	<26.125572, 42.175911, 44.478165>,  <25.935963, 42.046562, 44.548290>, 0.100000
	pigment { color rgbt <1,0,0,0> }
	no_shadow
}
cylinder {
	<26.125572, 42.175911, 44.478165>,  <26.441587, 42.391491, 44.361290>, 0.100000
	pigment { color rgbt <1,0,0,0> }
	no_shadow
}

// particle -1
sphere {
	<26.125572, 42.175911, 44.478165> 0.100000
	pigment { color rgbt <1,0,0,0> }
	no_shadow
}
sphere {
	0, 1
	scale<0.080000,0.200000,0.300000>
	matrix <-0.167626, 0.648355, 0.742655,
		-0.589695, 0.537748, -0.602567,
		-0.790039, -0.538946, 0.292191,
		25.888561, 42.014229, 44.565823>
	pigment { color rgbt <0,1,1,0> }
	no_shadow
}
cylinder {
	<25.850943, 42.722576, 44.517040>,  <26.441587, 42.391491, 44.361290>, 0.130000
	pigment { color rgbt <1,0,0,0> }
	no_shadow
}

// nucleotide -1

// particle -1
sphere {
	<25.850943, 42.722576, 44.517040> 0.250000
	pigment { color rgbt <1,0,0,0> }
	no_shadow
}
cylinder {
	<25.898941, 42.407822, 44.759167>,  <25.927740, 42.218967, 44.904442>, 0.100000
	pigment { color rgbt <1,0,0,0> }
	no_shadow
}
cylinder {
	<25.898941, 42.407822, 44.759167>,  <25.850943, 42.722576, 44.517040>, 0.100000
	pigment { color rgbt <1,0,0,0> }
	no_shadow
}

// particle -1
sphere {
	<25.898941, 42.407822, 44.759167> 0.100000
	pigment { color rgbt <1,0,0,0> }
	no_shadow
}
sphere {
	0, 1
	scale<0.080000,0.200000,0.300000>
	matrix <-0.128290, 0.592316, 0.795427,
		-0.984450, -0.173104, -0.029875,
		0.119996, -0.786891, 0.605313,
		25.934940, 42.171753, 44.940762>
	pigment { color rgbt <0,1,1,0> }
	no_shadow
}
cylinder {
	<25.959425, 43.473221, 44.198994>,  <25.850943, 42.722576, 44.517040>, 0.130000
	pigment { color rgbt <1,0,0,0> }
	no_shadow
}

// nucleotide -1

// particle -1
sphere {
	<25.959425, 43.473221, 44.198994> 0.250000
	pigment { color rgbt <1,0,0,0> }
	no_shadow
}
cylinder {
	<26.174042, 43.806545, 44.252232>,  <26.302811, 44.006542, 44.284172>, 0.100000
	pigment { color rgbt <1,0,0,0> }
	no_shadow
}
cylinder {
	<26.174042, 43.806545, 44.252232>,  <25.959425, 43.473221, 44.198994>, 0.100000
	pigment { color rgbt <1,0,0,0> }
	no_shadow
}

// particle -1
sphere {
	<26.174042, 43.806545, 44.252232> 0.100000
	pigment { color rgbt <1,0,0,0> }
	no_shadow
}
sphere {
	0, 1
	scale<0.080000,0.200000,0.300000>
	matrix <0.658472, -0.314783, -0.683613,
		-0.527769, 0.454423, -0.717607,
		0.536540, 0.833314, 0.133092,
		26.335003, 44.056538, 44.292160>
	pigment { color rgbt <0,1,1,0> }
	no_shadow
}
cylinder {
	<25.990585, 43.755550, 43.528664>,  <25.959425, 43.473221, 44.198994>, 0.130000
	pigment { color rgbt <1,0,0,0> }
	no_shadow
}

// nucleotide -1

// particle -1
sphere {
	<25.990585, 43.755550, 43.528664> 0.250000
	pigment { color rgbt <1,0,0,0> }
	no_shadow
}
cylinder {
	<26.293970, 43.816486, 43.782127>,  <26.476000, 43.853050, 43.934208>, 0.100000
	pigment { color rgbt <1,0,0,0> }
	no_shadow
}
cylinder {
	<26.293970, 43.816486, 43.782127>,  <25.990585, 43.755550, 43.528664>, 0.100000
	pigment { color rgbt <1,0,0,0> }
	no_shadow
}

// particle -1
sphere {
	<26.293970, 43.816486, 43.782127> 0.100000
	pigment { color rgbt <1,0,0,0> }
	no_shadow
}
sphere {
	0, 1
	scale<0.080000,0.200000,0.300000>
	matrix <0.645459, -0.310035, -0.698041,
		0.090116, 0.938440, -0.333481,
		0.758460, 0.152344, 0.633664,
		26.521507, 43.862190, 43.972225>
	pigment { color rgbt <0,1,1,0> }
	no_shadow
}
cylinder {
	<26.432507, 44.276428, 43.218758>,  <25.990585, 43.755550, 43.528664>, 0.130000
	pigment { color rgbt <1,0,0,0> }
	no_shadow
}

// nucleotide -1

// particle -1
sphere {
	<26.432507, 44.276428, 43.218758> 0.250000
	pigment { color rgbt <1,0,0,0> }
	no_shadow
}
cylinder {
	<26.599564, 43.999485, 43.454117>,  <26.699799, 43.833321, 43.595333>, 0.100000
	pigment { color rgbt <1,0,0,0> }
	no_shadow
}
cylinder {
	<26.599564, 43.999485, 43.454117>,  <26.432507, 44.276428, 43.218758>, 0.100000
	pigment { color rgbt <1,0,0,0> }
	no_shadow
}

// particle -1
sphere {
	<26.599564, 43.999485, 43.454117> 0.100000
	pigment { color rgbt <1,0,0,0> }
	no_shadow
}
sphere {
	0, 1
	scale<0.080000,0.200000,0.300000>
	matrix <0.589560, -0.286257, -0.755299,
		0.691371, 0.662342, 0.288633,
		0.417643, -0.692358, 0.588400,
		26.724857, 43.791779, 43.630638>
	pigment { color rgbt <0,1,1,0> }
	no_shadow
}
cylinder {
	<27.180304, 44.252449, 43.166401>,  <26.432507, 44.276428, 43.218758>, 0.130000
	pigment { color rgbt <1,0,0,0> }
	no_shadow
}

// nucleotide -1

// particle -1
sphere {
	<27.180304, 44.252449, 43.166401> 0.250000
	pigment { color rgbt <1,0,0,0> }
	no_shadow
}
cylinder {
	<27.045410, 43.893421, 43.279987>,  <26.964474, 43.678005, 43.348137>, 0.100000
	pigment { color rgbt <1,0,0,0> }
	no_shadow
}
cylinder {
	<27.045410, 43.893421, 43.279987>,  <27.180304, 44.252449, 43.166401>, 0.100000
	pigment { color rgbt <1,0,0,0> }
	no_shadow
}

// particle -1
sphere {
	<27.045410, 43.893421, 43.279987> 0.100000
	pigment { color rgbt <1,0,0,0> }
	no_shadow
}
sphere {
	0, 1
	scale<0.080000,0.200000,0.300000>
	matrix <0.497359, -0.425967, -0.755768,
		0.799317, -0.113638, 0.590067,
		-0.337233, -0.897573, 0.283964,
		26.944241, 43.624149, 43.365177>
	pigment { color rgbt <0,1,1,0> }
	no_shadow
}
cylinder {
	<27.684671, 43.868206, 43.126957>,  <27.180304, 44.252449, 43.166401>, 0.130000
	pigment { color rgbt <1,0,0,0> }
	no_shadow
}

// nucleotide -1

// particle -1
sphere {
	<27.684671, 43.868206, 43.126957> 0.250000
	pigment { color rgbt <1,0,0,0> }
	no_shadow
}
cylinder {
	<27.365377, 43.637108, 43.058796>,  <27.173801, 43.498451, 43.017899>, 0.100000
	pigment { color rgbt <1,0,0,0> }
	no_shadow
}
cylinder {
	<27.365377, 43.637108, 43.058796>,  <27.684671, 43.868206, 43.126957>, 0.100000
	pigment { color rgbt <1,0,0,0> }
	no_shadow
}

// particle -1
sphere {
	<27.365377, 43.637108, 43.058796> 0.100000
	pigment { color rgbt <1,0,0,0> }
	no_shadow
}
sphere {
	0, 1
	scale<0.080000,0.200000,0.300000>
	matrix <0.426504, -0.342349, -0.837193,
		0.425346, -0.740951, 0.519684,
		-0.798233, -0.577744, -0.170402,
		27.125908, 43.463783, 43.007675>
	pigment { color rgbt <0,1,1,0> }
	no_shadow
}
cylinder {
	<27.903910, 43.210339, 43.031689>,  <27.684671, 43.868206, 43.126957>, 0.130000
	pigment { color rgbt <1,0,0,0> }
	no_shadow
}

// nucleotide -1

// particle -1
sphere {
	<27.903910, 43.210339, 43.031689> 0.250000
	pigment { color rgbt <1,0,0,0> }
	no_shadow
}
cylinder {
	<27.553614, 43.223049, 42.838993>,  <27.343435, 43.230675, 42.723377>, 0.100000
	pigment { color rgbt <1,0,0,0> }
	no_shadow
}
cylinder {
	<27.553614, 43.223049, 42.838993>,  <27.903910, 43.210339, 43.031689>, 0.100000
	pigment { color rgbt <1,0,0,0> }
	no_shadow
}

// particle -1
sphere {
	<27.553614, 43.223049, 42.838993> 0.100000
	pigment { color rgbt <1,0,0,0> }
	no_shadow
}
sphere {
	0, 1
	scale<0.080000,0.200000,0.300000>
	matrix <0.432068, -0.393611, -0.811411,
		-0.215396, -0.918728, 0.330974,
		-0.875741, 0.031772, -0.481735,
		27.290892, 43.232582, 42.694473>
	pigment { color rgbt <0,1,1,0> }
	no_shadow
}
cylinder {
	<27.921522, 42.478107, 42.686077>,  <27.903910, 43.210339, 43.031689>, 0.130000
	pigment { color rgbt <1,0,0,0> }
	no_shadow
}

// nucleotide -1

// particle -1
sphere {
	<27.921522, 42.478107, 42.686077> 0.250000
	pigment { color rgbt <1,0,0,0> }
	no_shadow
}
cylinder {
	<27.639847, 42.706295, 42.516991>,  <27.470842, 42.843208, 42.415539>, 0.100000
	pigment { color rgbt <1,0,0,0> }
	no_shadow
}
cylinder {
	<27.639847, 42.706295, 42.516991>,  <27.921522, 42.478107, 42.686077>, 0.100000
	pigment { color rgbt <1,0,0,0> }
	no_shadow
}

// particle -1
sphere {
	<27.639847, 42.706295, 42.516991> 0.100000
	pigment { color rgbt <1,0,0,0> }
	no_shadow
}
sphere {
	0, 1
	scale<0.080000,0.200000,0.300000>
	matrix <0.230255, -0.379704, -0.895995,
		-0.671642, -0.728281, 0.136030,
		-0.704187, 0.570467, -0.422716,
		27.428591, 42.877434, 42.390175>
	pigment { color rgbt <0,1,1,0> }
	no_shadow
}
cylinder {
	<27.557961, 41.991993, 42.253376>,  <27.921522, 42.478107, 42.686077>, 0.130000
	pigment { color rgbt <1,0,0,0> }
	no_shadow
}

// nucleotide -1

// particle -1
sphere {
	<27.557961, 41.991993, 42.253376> 0.250000
	pigment { color rgbt <1,0,0,0> }
	no_shadow
}
cylinder {
	<27.482069, 42.354683, 42.102726>,  <27.436535, 42.572296, 42.012337>, 0.100000
	pigment { color rgbt <1,0,0,0> }
	no_shadow
}
cylinder {
	<27.482069, 42.354683, 42.102726>,  <27.557961, 41.991993, 42.253376>, 0.100000
	pigment { color rgbt <1,0,0,0> }
	no_shadow
}

// particle -1
sphere {
	<27.482069, 42.354683, 42.102726> 0.100000
	pigment { color rgbt <1,0,0,0> }
	no_shadow
}
sphere {
	0, 1
	scale<0.080000,0.200000,0.300000>
	matrix <0.312770, -0.307793, -0.898576,
		-0.930687, -0.288282, -0.225201,
		-0.189728, 0.906729, -0.376625,
		27.425150, 42.626701, 41.989738>
	pigment { color rgbt <0,1,1,0> }
	no_shadow
}
cylinder {
	<27.228706, 41.791973, 41.733978>,  <27.557961, 41.991993, 42.253376>, 0.130000
	pigment { color rgbt <1,0,0,0> }
	no_shadow
}

// nucleotide -1

// particle -1
sphere {
	<27.228706, 41.791973, 41.733978> 0.250000
	pigment { color rgbt <1,0,0,0> }
	no_shadow
}
cylinder {
	<27.342020, 42.163456, 41.638268>,  <27.410009, 42.386345, 41.580841>, 0.100000
	pigment { color rgbt <1,0,0,0> }
	no_shadow
}
cylinder {
	<27.342020, 42.163456, 41.638268>,  <27.228706, 41.791973, 41.733978>, 0.100000
	pigment { color rgbt <1,0,0,0> }
	no_shadow
}

// particle -1
sphere {
	<27.342020, 42.163456, 41.638268> 0.100000
	pigment { color rgbt <1,0,0,0> }
	no_shadow
}
sphere {
	0, 1
	scale<0.080000,0.200000,0.300000>
	matrix <0.080428, -0.271626, -0.959036,
		-0.955657, 0.252436, -0.151642,
		0.283286, 0.928706, -0.239279,
		27.427006, 42.442066, 41.566483>
	pigment { color rgbt <0,1,1,0> }
	no_shadow
}
cylinder {
	<26.830973, 42.082474, 41.176281>,  <27.228706, 41.791973, 41.733978>, 0.130000
	pigment { color rgbt <1,0,0,0> }
	no_shadow
}

// nucleotide -1

// particle -1
sphere {
	<26.830973, 42.082474, 41.176281> 0.250000
	pigment { color rgbt <1,0,0,0> }
	no_shadow
}
cylinder {
	<27.176449, 42.283897, 41.167694>,  <27.383736, 42.404751, 41.162544>, 0.100000
	pigment { color rgbt <1,0,0,0> }
	no_shadow
}
cylinder {
	<27.176449, 42.283897, 41.167694>,  <26.830973, 42.082474, 41.176281>, 0.100000
	pigment { color rgbt <1,0,0,0> }
	no_shadow
}

// particle -1
sphere {
	<27.176449, 42.283897, 41.167694> 0.100000
	pigment { color rgbt <1,0,0,0> }
	no_shadow
}
sphere {
	0, 1
	scale<0.080000,0.200000,0.300000>
	matrix <0.087722, -0.192118, -0.977443,
		-0.496327, 0.842327, -0.210104,
		0.863692, 0.503562, -0.021463,
		27.435556, 42.434967, 41.161255>
	pigment { color rgbt <0,1,1,0> }
	no_shadow
}
cylinder {
	<26.840984, 42.270752, 40.506390>,  <26.830973, 42.082474, 41.176281>, 0.130000
	pigment { color rgbt <1,0,0,0> }
	no_shadow
}

// nucleotide -1

// particle -1
sphere {
	<26.840984, 42.270752, 40.506390> 0.250000
	pigment { color rgbt <1,0,0,0> }
	no_shadow
}
cylinder {
	<27.223867, 42.339733, 40.599354>,  <27.453596, 42.381123, 40.655132>, 0.100000
	pigment { color rgbt <1,0,0,0> }
	no_shadow
}
cylinder {
	<27.223867, 42.339733, 40.599354>,  <26.840984, 42.270752, 40.506390>, 0.100000
	pigment { color rgbt <1,0,0,0> }
	no_shadow
}

// particle -1
sphere {
	<27.223867, 42.339733, 40.599354> 0.100000
	pigment { color rgbt <1,0,0,0> }
	no_shadow
}
sphere {
	0, 1
	scale<0.080000,0.200000,0.300000>
	matrix <0.279108, -0.337785, -0.898888,
		-0.076513, 0.925289, -0.371463,
		0.957206, 0.172455, 0.232411,
		27.511030, 42.391468, 40.669079>
	pigment { color rgbt <0,1,1,0> }
	no_shadow
}
cylinder {
	<27.156908, 42.588005, 39.928375>,  <26.840984, 42.270752, 40.506390>, 0.130000
	pigment { color rgbt <1,0,0,0> }
	no_shadow
}

// nucleotide -1

// particle -1
sphere {
	<27.156908, 42.588005, 39.928375> 0.250000
	pigment { color rgbt <1,0,0,0> }
	no_shadow
}
cylinder {
	<27.452805, 42.407948, 40.128437>,  <27.630342, 42.299911, 40.248474>, 0.100000
	pigment { color rgbt <1,0,0,0> }
	no_shadow
}
cylinder {
	<27.452805, 42.407948, 40.128437>,  <27.156908, 42.588005, 39.928375>, 0.100000
	pigment { color rgbt <1,0,0,0> }
	no_shadow
}

// particle -1
sphere {
	<27.452805, 42.407948, 40.128437> 0.100000
	pigment { color rgbt <1,0,0,0> }
	no_shadow
}
sphere {
	0, 1
	scale<0.080000,0.200000,0.300000>
	matrix <0.277055, -0.473609, -0.836024,
