// switches for output
#declare DRAW_BASES = 1; // possible values are 0, 1; only relevant for DNA ribbons
#declare DRAW_BASES_TYPE = 3; // possible values are 1, 2, 3; only relevant for DNA ribbons
#declare DRAW_FOG = 0; // set to 1 to enable fog

#include "colors.inc"

#include "transforms.inc"
background { rgb <1, 1, 1>}

#default {
   normal{
       ripples 0.25
       frequency 0.20
       turbulence 0.2
       lambda 5
   }
	finish {
		phong 0.1
		phong_size 40.
	}
}

// original window dimensions: 1024x640


// camera settings

camera {
	sky <0, 0.179814, -0.983701>
	up <0, 0.179814, -0.983701>
	right 1.6 * <1, 0, 0>
	location <35, 94.9851, 44.8844>
	look_at <35, 29.7336, 32.9568>
	direction <0, -65.2515, -11.9276>
	angle 67.0682
}


# declare cpy_camera_pos = <35, 94.9851, 44.8844>;
# if (DRAW_FOG = 1)
fog {
	fog_type 2
	up vnormalize(cpy_camera_pos)
	color rgbt<1,1,1,0.3>
	distance 1e-5
	fog_alt 3e-3
	fog_offset 56
}
# end


// LIGHTS

# declare lum = 6;
global_settings {
	ambient_light rgb lum * <0.05, 0.05, 0.05>
	max_trace_level 15
}# declare cpy_direct_light_amount = 0.25;
light_source
{	1000 * <-1, -1.16352, -0.803886>,
	rgb lum * cpy_direct_light_amount
	parallel
}

light_source
{	1000 * <1, 1.16352, 0.803886>,
	rgb lum * cpy_direct_light_amount
	parallel
}

// strand 0

// nucleotide -1

// particle -1
sphere {
	<24.323673, 34.798336, 34.992599> 0.250000
	pigment { color rgbt <1,0,0,0> }
	no_shadow
}
cylinder {
	<24.131868, 35.126770, 34.868740>,  <24.016785, 35.323830, 34.794422>, 0.100000
	pigment { color rgbt <1,0,0,0> }
	no_shadow
}
cylinder {
	<24.131868, 35.126770, 34.868740>,  <24.323673, 34.798336, 34.992599>, 0.100000
	pigment { color rgbt <1,0,0,0> }
	no_shadow
}

// particle -1
sphere {
	<24.131868, 35.126770, 34.868740> 0.100000
	pigment { color rgbt <1,0,0,0> }
	no_shadow
}
sphere {
	0, 1
	scale<0.080000,0.200000,0.300000>
	matrix <0.273914, 0.475283, 0.836109,
		0.833689, 0.316108, -0.452811,
		-0.479514, 0.821086, -0.309652,
		23.988014, 35.373096, 34.775845>
	pigment { color rgbt <0,1,1,0> }
	no_shadow
}
cylinder {
	<24.862738, 34.580410, 34.338020>,  <24.323673, 34.798336, 34.992599>, 0.130000
	pigment { color rgbt <1,0,0,0> }
	no_shadow
}

// nucleotide -1

// particle -1
sphere {
	<24.862738, 34.580410, 34.338020> 0.250000
	pigment { color rgbt <1,0,0,0> }
	no_shadow
}
cylinder {
	<25.106981, 34.897099, 34.345436>,  <25.253527, 35.087112, 34.349888>, 0.100000
	pigment { color rgbt <1,0,0,0> }
	no_shadow
}
cylinder {
	<25.106981, 34.897099, 34.345436>,  <24.862738, 34.580410, 34.338020>, 0.100000
	pigment { color rgbt <1,0,0,0> }
	no_shadow
}

// particle -1
sphere {
	<25.106981, 34.897099, 34.345436> 0.100000
	pigment { color rgbt <1,0,0,0> }
	no_shadow
}
sphere {
	0, 1
	scale<0.080000,0.200000,0.300000>
	matrix <0.712288, -0.559281, 0.424087,
		0.346129, -0.245742, -0.905431,
		0.610607, 0.791717, 0.018544,
		25.290163, 35.134613, 34.350998>
	pigment { color rgbt <0,1,1,0> }
	no_shadow
}
cylinder {
	<25.558924, 34.642994, 33.842739>,  <24.862738, 34.580410, 34.338020>, 0.130000
	pigment { color rgbt <1,0,0,0> }
	no_shadow
}

// nucleotide -1

// particle -1
sphere {
	<25.558924, 34.642994, 33.842739> 0.250000
	pigment { color rgbt <1,0,0,0> }
	no_shadow
}
cylinder {
	<25.611122, 34.807705, 34.203495>,  <25.642441, 34.906532, 34.419949>, 0.100000
	pigment { color rgbt <1,0,0,0> }
	no_shadow
}
cylinder {
	<25.611122, 34.807705, 34.203495>,  <25.558924, 34.642994, 33.842739>, 0.100000
	pigment { color rgbt <1,0,0,0> }
	no_shadow
}

// particle -1
sphere {
	<25.611122, 34.807705, 34.203495> 0.100000
	pigment { color rgbt <1,0,0,0> }
	no_shadow
}
sphere {
	0, 1
	scale<0.080000,0.200000,0.300000>
	matrix <0.601567, -0.755971, 0.258117,
		0.788091, 0.508865, -0.346365,
		0.130495, 0.411781, 0.901891,
		25.650270, 34.931240, 34.474064>
	pigment { color rgbt <0,1,1,0> }
	no_shadow
}
cylinder {
	<26.246635, 34.756496, 34.046883>,  <25.558924, 34.642994, 33.842739>, 0.130000
	pigment { color rgbt <1,0,0,0> }
	no_shadow
}

// nucleotide -1

// particle -1
sphere {
	<26.246635, 34.756496, 34.046883> 0.250000
	pigment { color rgbt <1,0,0,0> }
	no_shadow
}
cylinder {
	<25.987793, 34.665836, 34.338055>,  <25.832487, 34.611439, 34.512756>, 0.100000
	pigment { color rgbt <1,0,0,0> }
	no_shadow
}
cylinder {
	<25.987793, 34.665836, 34.338055>,  <26.246635, 34.756496, 34.046883>, 0.100000
	pigment { color rgbt <1,0,0,0> }
	no_shadow
}

// particle -1
sphere {
	<25.987793, 34.665836, 34.338055> 0.100000
	pigment { color rgbt <1,0,0,0> }
	no_shadow
}
sphere {
	0, 1
	scale<0.080000,0.200000,0.300000>
	matrix <0.521325, -0.828231, 0.205557,
		0.556305, 0.512505, 0.654112,
		-0.647105, -0.226653, 0.727931,
		25.793661, 34.597839, 34.556435>
	pigment { color rgbt <0,1,1,0> }
	no_shadow
}
cylinder {
	<26.932928, 34.533798, 34.027744>,  <26.246635, 34.756496, 34.046883>, 0.130000
	pigment { color rgbt <1,0,0,0> }
	no_shadow
}

// nucleotide -1

// particle -1
sphere {
	<26.932928, 34.533798, 34.027744> 0.250000
	pigment { color rgbt <1,0,0,0> }
	no_shadow
}
cylinder {
	<27.251028, 34.775177, 34.051182>,  <27.441889, 34.920002, 34.065243>, 0.100000
	pigment { color rgbt <1,0,0,0> }
	no_shadow
}
cylinder {
	<27.251028, 34.775177, 34.051182>,  <26.932928, 34.533798, 34.027744>, 0.100000
	pigment { color rgbt <1,0,0,0> }
	no_shadow
}

// particle -1
sphere {
	<27.251028, 34.775177, 34.051182> 0.100000
	pigment { color rgbt <1,0,0,0> }
	no_shadow
}
sphere {
	0, 1
	scale<0.080000,0.200000,0.300000>
	matrix <-0.127556, 0.261005, -0.956873,
		-0.592710, 0.753481, 0.284537,
		0.795251, 0.603442, 0.058589,
		27.489603, 34.956211, 34.068760>
	pigment { color rgbt <0,1,1,0> }
	no_shadow
}
cylinder {
	<26.835333, 35.159225, 33.484894>,  <26.932928, 34.533798, 34.027744>, 0.130000
	pigment { color rgbt <1,0,0,0> }
	no_shadow
}

// nucleotide -1

// particle -1
sphere {
	<26.835333, 35.159225, 33.484894> 0.250000
	pigment { color rgbt <1,0,0,0> }
	no_shadow
}
cylinder {
	<27.226261, 35.154911, 33.569489>,  <27.460819, 35.152321, 33.620243>, 0.100000
	pigment { color rgbt <1,0,0,0> }
	no_shadow
}
cylinder {
	<27.226261, 35.154911, 33.569489>,  <26.835333, 35.159225, 33.484894>, 0.100000
	pigment { color rgbt <1,0,0,0> }
	no_shadow
}

// particle -1
sphere {
	<27.226261, 35.154911, 33.569489> 0.100000
	pigment { color rgbt <1,0,0,0> }
	no_shadow
}
sphere {
	0, 1
	scale<0.080000,0.200000,0.300000>
	matrix <0.201483, 0.354683, -0.913019,
		-0.065161, 0.934924, 0.348813,
		0.977322, -0.010786, 0.211483,
		27.519457, 35.151676, 33.632935>
	pigment { color rgbt <0,1,1,0> }
	no_shadow
}
cylinder {
	<27.246815, 35.874584, 33.350750>,  <26.835333, 35.159225, 33.484894>, 0.130000
	pigment { color rgbt <1,0,0,0> }
	no_shadow
}

// nucleotide -1

// particle -1
sphere {
	<27.246815, 35.874584, 33.350750> 0.250000
	pigment { color rgbt <1,0,0,0> }
	no_shadow
}
cylinder {
	<27.504799, 35.569092, 33.339882>,  <27.659590, 35.385796, 33.333363>, 0.100000
	pigment { color rgbt <1,0,0,0> }
	no_shadow
}
cylinder {
	<27.504799, 35.569092, 33.339882>,  <27.246815, 35.874584, 33.350750>, 0.100000
	pigment { color rgbt <1,0,0,0> }
	no_shadow
}

// particle -1
sphere {
	<27.504799, 35.569092, 33.339882> 0.100000
	pigment { color rgbt <1,0,0,0> }
	no_shadow
}
sphere {
	0, 1
	scale<0.080000,0.200000,0.300000>
	matrix <0.249621, 0.244135, -0.937063,
		0.722300, 0.597585, 0.348101,
		0.644959, -0.763734, -0.027169,
		27.698286, 35.339970, 33.331730>
	pigment { color rgbt <0,1,1,0> }
	no_shadow
}
cylinder {
	<27.677746, 36.183800, 32.952229>,  <27.246815, 35.874584, 33.350750>, 0.130000
	pigment { color rgbt <1,0,0,0> }
	no_shadow
}

// nucleotide -1

// particle -1
sphere {
	<27.677746, 36.183800, 32.952229> 0.250000
	pigment { color rgbt <1,0,0,0> }
	no_shadow
}
cylinder {
	<27.809828, 35.806778, 32.931992>,  <27.889076, 35.580566, 32.919849>, 0.100000
	pigment { color rgbt <1,0,0,0> }
	no_shadow
}
cylinder {
	<27.809828, 35.806778, 32.931992>,  <27.677746, 36.183800, 32.952229>, 0.100000
	pigment { color rgbt <1,0,0,0> }
	no_shadow
}

// particle -1
sphere {
	<27.809828, 35.806778, 32.931992> 0.100000
	pigment { color rgbt <1,0,0,0> }
	no_shadow
}
sphere {
	0, 1
	scale<0.080000,0.200000,0.300000>
	matrix <0.044257, 0.069000, -0.996634,
		0.942871, 0.326853, 0.064499,
		0.330204, -0.942553, -0.050593,
		27.908890, 35.524014, 32.916813>
	pigment { color rgbt <0,1,1,0> }
	no_shadow
}
cylinder {
	<28.248377, 36.181934, 32.511768>,  <27.677746, 36.183800, 32.952229>, 0.130000
	pigment { color rgbt <1,0,0,0> }
	no_shadow
}

// nucleotide -1

// particle -1
sphere {
	<28.248377, 36.181934, 32.511768> 0.250000
	pigment { color rgbt <1,0,0,0> }
	no_shadow
}
cylinder {
	<28.096386, 35.811985, 32.505814>,  <28.005192, 35.590015, 32.502243>, 0.100000
	pigment { color rgbt <1,0,0,0> }
	no_shadow
}
cylinder {
	<28.096386, 35.811985, 32.505814>,  <28.248377, 36.181934, 32.511768>, 0.100000
	pigment { color rgbt <1,0,0,0> }
	no_shadow
}

// particle -1
sphere {
	<28.096386, 35.811985, 32.505814> 0.100000
	pigment { color rgbt <1,0,0,0> }
	no_shadow
}
sphere {
	0, 1
	scale<0.080000,0.200000,0.300000>
	matrix <0.205124, -0.068560, -0.976332,
		0.901966, -0.374036, 0.215766,
		-0.379976, -0.924877, -0.014885,
		27.982393, 35.534523, 32.501347>
	pigment { color rgbt <0,1,1,0> }
	no_shadow
}
cylinder {
	<28.596811, 35.825371, 31.912289>,  <28.248377, 36.181934, 32.511768>, 0.130000
	pigment { color rgbt <1,0,0,0> }
	no_shadow
}

// nucleotide -1

// particle -1
sphere {
	<28.596811, 35.825371, 31.912289> 0.250000
	pigment { color rgbt <1,0,0,0> }
	no_shadow
}
cylinder {
	<28.268970, 35.607506, 31.983385>,  <28.072266, 35.476788, 32.026043>, 0.100000
	pigment { color rgbt <1,0,0,0> }
	no_shadow
}
cylinder {
	<28.268970, 35.607506, 31.983385>,  <28.596811, 35.825371, 31.912289>, 0.100000
	pigment { color rgbt <1,0,0,0> }
	no_shadow
}

// particle -1
sphere {
	<28.268970, 35.607506, 31.983385> 0.100000
	pigment { color rgbt <1,0,0,0> }
	no_shadow
}
sphere {
	0, 1
	scale<0.080000,0.200000,0.300000>
	matrix <-0.152403, -0.091788, -0.984047,
		0.552291, -0.833615, -0.007779,
		-0.819602, -0.544666, 0.177739,
		28.023090, 35.444107, 32.036709>
	pigment { color rgbt <0,1,1,0> }
	no_shadow
}
cylinder {
	<28.620607, 35.213028, 31.439167>,  <28.596811, 35.825371, 31.912289>, 0.130000
	pigment { color rgbt <1,0,0,0> }
	no_shadow
}

// nucleotide -1

// particle -1
sphere {
	<28.620607, 35.213028, 31.439167> 0.250000
	pigment { color rgbt <1,0,0,0> }
	no_shadow
}
cylinder {
	<28.235670, 35.223888, 31.547358>,  <28.004707, 35.230404, 31.612272>, 0.100000
	pigment { color rgbt <1,0,0,0> }
	no_shadow
}
cylinder {
	<28.235670, 35.223888, 31.547358>,  <28.620607, 35.213028, 31.439167>, 0.100000
	pigment { color rgbt <1,0,0,0> }
	no_shadow
}

// particle -1
sphere {
	<28.235670, 35.223888, 31.547358> 0.100000
	pigment { color rgbt <1,0,0,0> }
	no_shadow
}
sphere {
	0, 1
	scale<0.080000,0.200000,0.300000>
	matrix <-0.271786, -0.115606, -0.955389,
		0.005330, -0.992924, 0.118632,
		-0.962343, 0.027150, 0.270479,
		27.946968, 35.232033, 31.628502>
	pigment { color rgbt <0,1,1,0> }
	no_shadow
}
cylinder {
	<28.235823, 34.570751, 31.109629>,  <28.620607, 35.213028, 31.439167>, 0.130000
	pigment { color rgbt <1,0,0,0> }
	no_shadow
}

// nucleotide -1

// particle -1
sphere {
	<28.235823, 34.570751, 31.109629> 0.250000
	pigment { color rgbt <1,0,0,0> }
	no_shadow
}
cylinder {
	<27.950665, 34.831577, 31.212849>,  <27.779570, 34.988071, 31.274780>, 0.100000
	pigment { color rgbt <1,0,0,0> }
	no_shadow
}
cylinder {
	<27.950665, 34.831577, 31.212849>,  <28.235823, 34.570751, 31.109629>, 0.100000
	pigment { color rgbt <1,0,0,0> }
	no_shadow
}

// particle -1
sphere {
	<27.950665, 34.831577, 31.212849> 0.100000
	pigment { color rgbt <1,0,0,0> }
	no_shadow
}
sphere {
	0, 1
	scale<0.080000,0.200000,0.300000>
	matrix <-0.439652, -0.128900, -0.888870,
		-0.546340, -0.747124, 0.378575,
		-0.712894, 0.652067, 0.258051,
		27.736795, 35.027199, 31.290264>
	pigment { color rgbt <0,1,1,0> }
	no_shadow
}
cylinder {
	<27.650049, 34.187355, 30.970289>,  <28.235823, 34.570751, 31.109629>, 0.130000
	pigment { color rgbt <1,0,0,0> }
	no_shadow
}

// nucleotide -1

// particle -1
sphere {
	<27.650049, 34.187355, 30.970289> 0.250000
	pigment { color rgbt <1,0,0,0> }
	no_shadow
}
cylinder {
	<27.498051, 34.557060, 30.984949>,  <27.406851, 34.778881, 30.993744>, 0.100000
	pigment { color rgbt <1,0,0,0> }
	no_shadow
}
cylinder {
	<27.498051, 34.557060, 30.984949>,  <27.650049, 34.187355, 30.970289>, 0.100000
	pigment { color rgbt <1,0,0,0> }
	no_shadow
}

// particle -1
sphere {
	<27.498051, 34.557060, 30.984949> 0.100000
	pigment { color rgbt <1,0,0,0> }
	no_shadow
}
sphere {
	0, 1
	scale<0.080000,0.200000,0.300000>
	matrix <-0.690606, -0.257131, -0.675978,
		-0.615357, -0.282180, 0.736010,
		-0.379998, 0.924261, 0.036648,
		27.384050, 34.834339, 30.995943>
	pigment { color rgbt <0,1,1,0> }
	no_shadow
}
cylinder {
	<26.907969, 34.100410, 30.894140>,  <27.650049, 34.187355, 30.970289>, 0.130000
	pigment { color rgbt <1,0,0,0> }
	no_shadow
}

// nucleotide -1

// particle -1
sphere {
	<26.907969, 34.100410, 30.894140> 0.250000
	pigment { color rgbt <1,0,0,0> }
	no_shadow
}
cylinder {
	<27.013460, 34.473202, 30.794655>,  <27.076756, 34.696877, 30.734964>, 0.100000
	pigment { color rgbt <1,0,0,0> }
	no_shadow
}
cylinder {
	<27.013460, 34.473202, 30.794655>,  <26.907969, 34.100410, 30.894140>, 0.100000
	pigment { color rgbt <1,0,0,0> }
	no_shadow
}

// particle -1
sphere {
	<27.013460, 34.473202, 30.794655> 0.100000
	pigment { color rgbt <1,0,0,0> }
	no_shadow
}
sphere {
	0, 1
	scale<0.080000,0.200000,0.300000>
	matrix <-0.479544, -0.097042, -0.872135,
		-0.836949, 0.349278, 0.421333,
		0.263731, 0.931980, -0.248714,
		27.092579, 34.752796, 30.720041>
	pigment { color rgbt <0,1,1,0> }
	no_shadow
}
cylinder {
	<26.338411, 34.484562, 30.680086>,  <26.907969, 34.100410, 30.894140>, 0.130000
	pigment { color rgbt <1,0,0,0> }
	no_shadow
}

// nucleotide -1

// particle -1
sphere {
	<26.338411, 34.484562, 30.680086> 0.250000
	pigment { color rgbt <1,0,0,0> }
	no_shadow
}
cylinder {
	<26.654871, 34.676777, 30.528736>,  <26.844748, 34.792107, 30.437927>, 0.100000
	pigment { color rgbt <1,0,0,0> }
	no_shadow
}
cylinder {
	<26.654871, 34.676777, 30.528736>,  <26.338411, 34.484562, 30.680086>, 0.100000
	pigment { color rgbt <1,0,0,0> }
	no_shadow
}

// particle -1
sphere {
	<26.654871, 34.676777, 30.528736> 0.100000
	pigment { color rgbt <1,0,0,0> }
	no_shadow
}
sphere {
	0, 1
	scale<0.080000,0.200000,0.300000>
	matrix <-0.407417, -0.047353, -0.912014,
		-0.456174, 0.875695, 0.158316,
		0.791149, 0.480538, -0.378374,
		26.892216, 34.820938, 30.415224>
	pigment { color rgbt <0,1,1,0> }
	no_shadow
}
cylinder {
	<26.027081, 34.928406, 30.279295>,  <26.338411, 34.484562, 30.680086>, 0.130000
	pigment { color rgbt <1,0,0,0> }
	no_shadow
}

// nucleotide -1

// particle -1
sphere {
	<26.027081, 34.928406, 30.279295> 0.250000
	pigment { color rgbt <1,0,0,0> }
	no_shadow
}
cylinder {
	<26.385599, 34.910671, 30.102802>,  <26.600710, 34.900032, 29.996906>, 0.100000
	pigment { color rgbt <1,0,0,0> }
	no_shadow
}
cylinder {
	<26.385599, 34.910671, 30.102802>,  <26.027081, 34.928406, 30.279295>, 0.100000
	pigment { color rgbt <1,0,0,0> }
	no_shadow
}

// particle -1
sphere {
	<26.385599, 34.910671, 30.102802> 0.100000
	pigment { color rgbt <1,0,0,0> }
	no_shadow
}
sphere {
	0, 1
	scale<0.080000,0.200000,0.300000>
	matrix <-0.442959, -0.136532, -0.886085,
		-0.020960, 0.989643, -0.142011,
		0.896297, -0.044332, -0.441233,
		26.654488, 34.897373, 29.970432>
	pigment { color rgbt <0,1,1,0> }
	no_shadow
}
cylinder {
	<25.908710, 35.334126, 29.637676>,  <26.027081, 34.928406, 30.279295>, 0.130000
	pigment { color rgbt <1,0,0,0> }
	no_shadow
}

// nucleotide -1

// particle -1
sphere {
	<25.908710, 35.334126, 29.637676> 0.250000
	pigment { color rgbt <1,0,0,0> }
	no_shadow
}
cylinder {
	<26.264324, 35.151421, 29.625137>,  <26.477694, 35.041798, 29.617615>, 0.100000
	pigment { color rgbt <1,0,0,0> }
	no_shadow
}
cylinder {
	<26.264324, 35.151421, 29.625137>,  <25.908710, 35.334126, 29.637676>, 0.100000
	pigment { color rgbt <1,0,0,0> }
	no_shadow
}

// particle -1
sphere {
	<26.264324, 35.151421, 29.625137> 0.100000
	pigment { color rgbt <1,0,0,0> }
	no_shadow
}
sphere {
	0, 1
	scale<0.080000,0.200000,0.300000>
	matrix <-0.096174, -0.119373, -0.988181,
		0.447623, 0.881543, -0.150055,
		0.889036, -0.456763, -0.031347,
		26.531034, 35.014393, 29.615734>
	pigment { color rgbt <0,1,1,0> }
	no_shadow
}
cylinder {
	<26.210585, 35.590683, 29.150597>,  <25.908710, 35.334126, 29.637676>, 0.130000
	pigment { color rgbt <1,0,0,0> }
	no_shadow
}

// nucleotide -1

// particle -1
sphere {
	<26.210585, 35.590683, 29.150597> 0.250000
	pigment { color rgbt <1,0,0,0> }
	no_shadow
}
cylinder {
	<26.392395, 35.235020, 29.171804>,  <26.501482, 35.021622, 29.184528>, 0.100000
	pigment { color rgbt <1,0,0,0> }
	no_shadow
}
cylinder {
	<26.392395, 35.235020, 29.171804>,  <26.210585, 35.590683, 29.150597>, 0.100000
	pigment { color rgbt <1,0,0,0> }
	no_shadow
}

// particle -1
sphere {
	<26.392395, 35.235020, 29.171804> 0.100000
	pigment { color rgbt <1,0,0,0> }
	no_shadow
}
sphere {
	0, 1
	scale<0.080000,0.200000,0.300000>
	matrix <-0.124920, -0.122567, -0.984567,
		0.881930, 0.440888, -0.166783,
		0.454526, -0.889154, 0.053020,
		26.528753, 34.968273, 29.187710>
	pigment { color rgbt <0,1,1,0> }
	no_shadow
}
cylinder {
	<26.614805, 35.532402, 28.608210>,  <26.210585, 35.590683, 29.150597>, 0.130000
	pigment { color rgbt <1,0,0,0> }
	no_shadow
}

// nucleotide -1

// particle -1
sphere {
	<26.614805, 35.532402, 28.608210> 0.250000
	pigment { color rgbt <1,0,0,0> }
	no_shadow
}
cylinder {
	<26.563019, 35.149395, 28.711287>,  <26.531948, 34.919590, 28.773132>, 0.100000
	pigment { color rgbt <1,0,0,0> }
	no_shadow
}
cylinder {
	<26.563019, 35.149395, 28.711287>,  <26.614805, 35.532402, 28.608210>, 0.100000
	pigment { color rgbt <1,0,0,0> }
	no_shadow
}

// particle -1
sphere {
	<26.563019, 35.149395, 28.711287> 0.100000
	pigment { color rgbt <1,0,0,0> }
	no_shadow
}
sphere {
	0, 1
	scale<0.080000,0.200000,0.300000>
	matrix <0.014151, -0.261637, -0.965063,
		0.991483, -0.121294, 0.047422,
		-0.129464, -0.957514, 0.257692,
		26.524179, 34.862141, 28.788593>
	pigment { color rgbt <0,1,1,0> }
	no_shadow
}
cylinder {
	<27.119576, 35.141212, 28.248138>,  <26.614805, 35.532402, 28.608210>, 0.130000
	pigment { color rgbt <1,0,0,0> }
	no_shadow
}

// nucleotide -1

// particle -1
sphere {
	<27.119576, 35.141212, 28.248138> 0.250000
	pigment { color rgbt <1,0,0,0> }
	no_shadow
}
cylinder {
	<26.826748, 34.882351, 28.333239>,  <26.651051, 34.727036, 28.384298>, 0.100000
	pigment { color rgbt <1,0,0,0> }
	no_shadow
}
cylinder {
	<26.826748, 34.882351, 28.333239>,  <27.119576, 35.141212, 28.248138>, 0.100000
	pigment { color rgbt <1,0,0,0> }
	no_shadow
}

// particle -1
sphere {
	<26.826748, 34.882351, 28.333239> 0.100000
	pigment { color rgbt <1,0,0,0> }
	no_shadow
}
sphere {
	0, 1
	scale<0.080000,0.200000,0.300000>
	matrix <0.128938, -0.438288, -0.889538,
		0.668915, -0.623774, 0.404301,
		-0.732071, -0.647155, 0.212749,
		26.607126, 34.688206, 28.397064>
	pigment { color rgbt <0,1,1,0> }
	no_shadow
}
cylinder {
	<27.373619, 34.513840, 27.865156>,  <27.119576, 35.141212, 28.248138>, 0.130000
	pigment { color rgbt <1,0,0,0> }
	no_shadow
}

// nucleotide -1

// particle -1
sphere {
	<27.373619, 34.513840, 27.865156> 0.250000
	pigment { color rgbt <1,0,0,0> }
	no_shadow
}
cylinder {
	<26.994194, 34.442490, 27.969778>,  <26.766539, 34.399677, 28.032551>, 0.100000
	pigment { color rgbt <1,0,0,0> }
	no_shadow
}
cylinder {
	<26.994194, 34.442490, 27.969778>,  <27.373619, 34.513840, 27.865156>, 0.100000
	pigment { color rgbt <1,0,0,0> }
	no_shadow
}

// particle -1
sphere {
	<26.994194, 34.442490, 27.969778> 0.100000
	pigment { color rgbt <1,0,0,0> }
	no_shadow
}
sphere {
	0, 1
	scale<0.080000,0.200000,0.300000>
	matrix <-0.112056, -0.583507, -0.804340,
		0.296096, -0.792275, 0.533504,
		-0.948563, -0.178380, 0.261553,
		26.709625, 34.388977, 28.048244>
	pigment { color rgbt <0,1,1,0> }
	no_shadow
}
cylinder {
	<27.291332, 33.785763, 27.840839>,  <27.373619, 34.513840, 27.865156>, 0.130000
	pigment { color rgbt <1,0,0,0> }
	no_shadow
}

// nucleotide -1

// particle -1
sphere {
	<27.291332, 33.785763, 27.840839> 0.250000
	pigment { color rgbt <1,0,0,0> }
	no_shadow
}
cylinder {
	<26.926390, 33.937817, 27.780041>,  <26.707424, 34.029049, 27.743563>, 0.100000
	pigment { color rgbt <1,0,0,0> }
	no_shadow
}
cylinder {
	<26.926390, 33.937817, 27.780041>,  <27.291332, 33.785763, 27.840839>, 0.100000
	pigment { color rgbt <1,0,0,0> }
	no_shadow
}

// particle -1
sphere {
	<26.926390, 33.937817, 27.780041> 0.100000
	pigment { color rgbt <1,0,0,0> }
	no_shadow
}
sphere {
	0, 1
	scale<0.080000,0.200000,0.300000>
	matrix <-0.096859, -0.561155, -0.822024,
		-0.397771, -0.735258, 0.548794,
		-0.912358, 0.380132, -0.151995,
		26.652683, 34.051857, 27.734442>
	pigment { color rgbt <0,1,1,0> }
	no_shadow
}
cylinder {
	<26.866047, 33.214043, 27.539053>,  <27.291332, 33.785763, 27.840839>, 0.130000
	pigment { color rgbt <1,0,0,0> }
	no_shadow
}

// nucleotide -1

// particle -1
sphere {
	<26.866047, 33.214043, 27.539053> 0.250000
	pigment { color rgbt <1,0,0,0> }
	no_shadow
}
cylinder {
	<26.608940, 33.512966, 27.471663>,  <26.454676, 33.692322, 27.431229>, 0.100000
	pigment { color rgbt <1,0,0,0> }
	no_shadow
}
cylinder {
	<26.608940, 33.512966, 27.471663>,  <26.866047, 33.214043, 27.539053>, 0.100000
	pigment { color rgbt <1,0,0,0> }
	no_shadow
}

// particle -1
sphere {
	<26.608940, 33.512966, 27.471663> 0.100000
	pigment { color rgbt <1,0,0,0> }
	no_shadow
}
sphere {
	0, 1
	scale<0.080000,0.200000,0.300000>
	matrix <-0.152560, -0.340392, -0.927825,
		-0.750718, -0.570670, 0.332802,
		-0.642765, 0.747308, -0.168477,
		26.416111, 33.737160, 27.421120>
	pigment { color rgbt <0,1,1,0> }
	no_shadow
}
cylinder {
	<26.202154, 32.955402, 27.346914>,  <26.866047, 33.214043, 27.539053>, 0.130000
	pigment { color rgbt <1,0,0,0> }
	no_shadow
}

// nucleotide -1

// particle -1
sphere {
	<26.202154, 32.955402, 27.346914> 0.250000
	pigment { color rgbt <1,0,0,0> }
	no_shadow
}
cylinder {
	<26.255589, 33.323467, 27.199694>,  <26.287649, 33.544304, 27.111362>, 0.100000
	pigment { color rgbt <1,0,0,0> }
	no_shadow
}
cylinder {
	<26.255589, 33.323467, 27.199694>,  <26.202154, 32.955402, 27.346914>, 0.100000
	pigment { color rgbt <1,0,0,0> }
	no_shadow
}

// particle -1
sphere {
	<26.255589, 33.323467, 27.199694> 0.100000
	pigment { color rgbt <1,0,0,0> }
	no_shadow
}
sphere {
	0, 1
	scale<0.080000,0.200000,0.300000>
	matrix <-0.341791, -0.305815, -0.888626,
		-0.930233, 0.244506, 0.273649,
		0.133588, 0.920160, -0.368049,
		26.295666, 33.599514, 27.089279>
	pigment { color rgbt <0,1,1,0> }
	no_shadow
}
cylinder {
	<25.609241, 32.981609, 27.039682>,  <26.202154, 32.955402, 27.346914>, 0.130000
	pigment { color rgbt <1,0,0,0> }
	no_shadow
}

// nucleotide -1

// particle -1
sphere {
	<25.609241, 32.981609, 27.039682> 0.250000
	pigment { color rgbt <1,0,0,0> }
	no_shadow
}
cylinder {
	<25.871817, 33.232777, 26.872446>,  <26.029362, 33.383476, 26.772104>, 0.100000
	pigment { color rgbt <1,0,0,0> }
	no_shadow
}
cylinder {
	<25.871817, 33.232777, 26.872446>,  <25.609241, 32.981609, 27.039682>, 0.100000
	pigment { color rgbt <1,0,0,0> }
	no_shadow
}

// particle -1
sphere {
	<25.871817, 33.232777, 26.872446> 0.100000
	pigment { color rgbt <1,0,0,0> }
	no_shadow
}
sphere {
	0, 1
	scale<0.080000,0.200000,0.300000>
	matrix <-0.221379, -0.369471, -0.902487,
		-0.721164, 0.684985, -0.103526,
		0.656440, 0.627923, -0.418090,
		26.068748, 33.421154, 26.747019>
	pigment { color rgbt <0,1,1,0> }
	no_shadow
}
cylinder {
	<25.224611, 33.261101, 26.497049>,  <25.609241, 32.981609, 27.039682>, 0.130000
	pigment { color rgbt <1,0,0,0> }
	no_shadow
}

// nucleotide -1

// particle -1
sphere {
	<25.224611, 33.261101, 26.497049> 0.250000
	pigment { color rgbt <1,0,0,0> }
	no_shadow
}
cylinder {
	<25.619570, 33.264122, 26.433817>,  <25.856544, 33.265934, 26.395878>, 0.100000
	pigment { color rgbt <1,0,0,0> }
	no_shadow
}
cylinder {
	<25.619570, 33.264122, 26.433817>,  <25.224611, 33.261101, 26.497049>, 0.100000
	pigment { color rgbt <1,0,0,0> }
	no_shadow
}

// particle -1
sphere {
	<25.619570, 33.264122, 26.433817> 0.100000
	pigment { color rgbt <1,0,0,0> }
	no_shadow
}
sphere {
	0, 1
	scale<0.080000,0.200000,0.300000>
	matrix <-0.138501, -0.442052, -0.886232,
		-0.076576, 0.896958, -0.435435,
		0.987397, 0.007556, -0.158080,
		25.915789, 33.266388, 26.386393>
	pigment { color rgbt <0,1,1,0> }
	no_shadow
}
cylinder {
	<25.415989, 33.561031, 25.736347>,  <25.224611, 33.261101, 26.497049>, 0.130000
	pigment { color rgbt <1,0,0,0> }
	no_shadow
}

// nucleotide -1

// particle -1
sphere {
	<25.415989, 33.561031, 25.736347> 0.250000
	pigment { color rgbt <1,0,0,0> }
	no_shadow
}
cylinder {
	<25.700289, 33.309753, 25.862970>,  <25.870869, 33.158989, 25.938944>, 0.100000
	pigment { color rgbt <1,0,0,0> }
	no_shadow
}
cylinder {
	<25.700289, 33.309753, 25.862970>,  <25.415989, 33.561031, 25.736347>, 0.100000
	pigment { color rgbt <1,0,0,0> }
	no_shadow
}

// particle -1
sphere {
	<25.700289, 33.309753, 25.862970> 0.100000
	pigment { color rgbt <1,0,0,0> }
	no_shadow
}
sphere {
	0, 1
	scale<0.080000,0.200000,0.300000>
	matrix <-0.113151, -0.546246, -0.829947,
		0.694284, 0.554067, -0.459325,
		0.710751, -0.628192, 0.316557,
		25.913513, 33.121296, 25.957937>
	pigment { color rgbt <0,1,1,0> }
	no_shadow
}
cylinder {
	<26.028437, 33.400066, 25.270260>,  <25.415989, 33.561031, 25.736347>, 0.130000
	pigment { color rgbt <1,0,0,0> }
	no_shadow
}

// nucleotide -1

// particle -1
sphere {
	<26.028437, 33.400066, 25.270260> 0.250000
	pigment { color rgbt <1,0,0,0> }
	no_shadow
}
cylinder {
	<25.929602, 33.067028, 25.468544>,  <25.870300, 32.867203, 25.587515>, 0.100000
	pigment { color rgbt <1,0,0,0> }
	no_shadow
}
cylinder {
	<25.929602, 33.067028, 25.468544>,  <26.028437, 33.400066, 25.270260>, 0.100000
	pigment { color rgbt <1,0,0,0> }
	no_shadow
}

// particle -1
sphere {
	<25.929602, 33.067028, 25.468544> 0.100000
	pigment { color rgbt <1,0,0,0> }
	no_shadow
}
sphere {
	0, 1
	scale<0.080000,0.200000,0.300000>
	matrix <0.080501, -0.527442, -0.845769,
		0.965644, -0.169072, 0.197348,
		-0.247085, -0.832599, 0.495710,
		25.855476, 32.817249, 25.617256>
	pigment { color rgbt <0,1,1,0> }
	no_shadow
}
cylinder {
	<26.669300, 33.741749, 25.292862>,  <26.028437, 33.400066, 25.270260>, 0.130000
	pigment { color rgbt <1,0,0,0> }
	no_shadow
}

// nucleotide -1

// particle -1
sphere {
	<26.669300, 33.741749, 25.292862> 0.250000
	pigment { color rgbt <1,0,0,0> }
	no_shadow
}
cylinder {
	<26.905544, 33.853321, 25.595749>,  <27.047291, 33.920265, 25.777481>, 0.100000
	pigment { color rgbt <1,0,0,0> }
	no_shadow
}
cylinder {
	<26.905544, 33.853321, 25.595749>,  <26.669300, 33.741749, 25.292862>, 0.100000
	pigment { color rgbt <1,0,0,0> }
	no_shadow
}

// particle -1
sphere {
	<26.905544, 33.853321, 25.595749> 0.100000
	pigment { color rgbt <1,0,0,0> }
	no_shadow
}
sphere {
	0, 1
	scale<0.080000,0.200000,0.300000>
	matrix <0.769433, 0.088158, -0.632614,
		-0.243211, 0.956256, -0.162553,
		0.590611, 0.278932, 0.757216,
		27.082727, 33.937000, 25.822914>
	pigment { color rgbt <0,1,1,0> }
	no_shadow
}
cylinder {
	<26.998783, 34.391678, 25.187508>,  <26.669300, 33.741749, 25.292862>, 0.130000
	pigment { color rgbt <1,0,0,0> }
	no_shadow
}

// nucleotide -1

// particle -1
sphere {
	<26.998783, 34.391678, 25.187508> 0.250000
	pigment { color rgbt <1,0,0,0> }
	no_shadow
}
cylinder {
	<27.226969, 34.150043, 25.410093>,  <27.363880, 34.005062, 25.543644>, 0.100000
	pigment { color rgbt <1,0,0,0> }
	no_shadow
}
cylinder {
	<27.226969, 34.150043, 25.410093>,  <26.998783, 34.391678, 25.187508>, 0.100000
	pigment { color rgbt <1,0,0,0> }
	no_shadow
}

// particle -1
sphere {
	<27.226969, 34.150043, 25.410093> 0.100000
	pigment { color rgbt <1,0,0,0> }
	no_shadow
}
sphere {
	0, 1
	scale<0.080000,0.200000,0.300000>
	matrix <0.638802, -0.099516, -0.762908,
		0.516239, 0.790681, 0.329122,
		0.570464, -0.604087, 0.556463,
		27.398108, 33.968819, 25.577032>
	pigment { color rgbt <0,1,1,0> }
	no_shadow
}
cylinder {
	<27.705931, 34.561989, 25.188488>,  <26.998783, 34.391678, 25.187508>, 0.130000
	pigment { color rgbt <1,0,0,0> }
	no_shadow
}

// nucleotide -1

// particle -1
sphere {
	<27.705931, 34.561989, 25.188488> 0.250000
	pigment { color rgbt <1,0,0,0> }
	no_shadow
}
cylinder {
	<27.727262, 34.168087, 25.254725>,  <27.740063, 33.931747, 25.294466>, 0.100000
	pigment { color rgbt <1,0,0,0> }
	no_shadow
}
cylinder {
	<27.727262, 34.168087, 25.254725>,  <27.705931, 34.561989, 25.188488>, 0.100000
	pigment { color rgbt <1,0,0,0> }
	no_shadow
}

// particle -1
sphere {
	<27.727262, 34.168087, 25.254725> 0.100000
	pigment { color rgbt <1,0,0,0> }
	no_shadow
}
sphere {
	0, 1
	scale<0.080000,0.200000,0.300000>
	matrix <0.592040, -0.102358, -0.799382,
		0.804142, 0.140668, 0.577553,
		0.053330, -0.984752, 0.165591,
		27.743261, 33.872662, 25.304401>
	pigment { color rgbt <0,1,1,0> }
	no_shadow
}
cylinder {
	<28.424440, 34.204109, 25.316175>,  <27.705931, 34.561989, 25.188488>, 0.130000
	pigment { color rgbt <1,0,0,0> }
	no_shadow
}

// nucleotide -1

// particle -1
sphere {
	<28.424440, 34.204109, 25.316175> 0.250000
	pigment { color rgbt <1,0,0,0> }
	no_shadow
}
cylinder {
	<28.167511, 33.983124, 25.103682>,  <28.013353, 33.850533, 24.976185>, 0.100000
	pigment { color rgbt <1,0,0,0> }
	no_shadow
}
cylinder {
	<28.167511, 33.983124, 25.103682>,  <28.424440, 34.204109, 25.316175>, 0.100000
	pigment { color rgbt <1,0,0,0> }
	no_shadow
}

// particle -1
sphere {
	<28.167511, 33.983124, 25.103682> 0.100000
	pigment { color rgbt <1,0,0,0> }
	no_shadow
}
sphere {
	0, 1
	scale<0.080000,0.200000,0.300000>
	matrix <0.618426, 0.035843, -0.785025,
		0.452736, -0.832768, 0.318633,
		-0.642323, -0.552460, -0.531233,
		27.974813, 33.817387, 24.944311>
	pigment { color rgbt <0,1,1,0> }
	no_shadow
}
cylinder {
	<28.347473, 33.485180, 24.986691>,  <28.424440, 34.204109, 25.316175>, 0.130000
	pigment { color rgbt <1,0,0,0> }
	no_shadow
}

// nucleotide -1

// particle -1
sphere {
	<28.347473, 33.485180, 24.986691> 0.250000
	pigment { color rgbt <1,0,0,0> }
	no_shadow
}
cylinder {
	<28.733742, 33.465874, 24.884590>,  <28.965502, 33.454292, 24.823330>, 0.100000
	pigment { color rgbt <1,0,0,0> }
	no_shadow
}
cylinder {
	<28.733742, 33.465874, 24.884590>,  <28.347473, 33.485180, 24.986691>, 0.100000
	pigment { color rgbt <1,0,0,0> }
	no_shadow
}

// particle -1
sphere {
	<28.733742, 33.465874, 24.884590> 0.100000
	pigment { color rgbt <1,0,0,0> }
	no_shadow
}
sphere {
	0, 1
	scale<0.080000,0.200000,0.300000>
	matrix <0.255753, 0.004429, 0.966732,
		-0.045532, -0.998825, 0.016621,
		0.965670, -0.048268, -0.255251,
		29.023443, 33.451393, 24.808016>
	pigment { color rgbt <0,1,1,0> }
	no_shadow
}
cylinder {
	<28.671791, 32.938629, 25.521255>,  <28.347473, 33.485180, 24.986691>, 0.130000
	pigment { color rgbt <1,0,0,0> }
	no_shadow
}

// nucleotide -1

// particle -1
sphere {
	<28.671791, 32.938629, 25.521255> 0.250000
	pigment { color rgbt <1,0,0,0> }
	no_shadow
}
cylinder {
	<28.972523, 33.143806, 25.355537>,  <29.152962, 33.266914, 25.256107>, 0.100000
	pigment { color rgbt <1,0,0,0> }
	no_shadow
}
cylinder {
	<28.972523, 33.143806, 25.355537>,  <28.671791, 32.938629, 25.521255>, 0.100000
	pigment { color rgbt <1,0,0,0> }
	no_shadow
}

// particle -1
sphere {
	<28.972523, 33.143806, 25.355537> 0.100000
	pigment { color rgbt <1,0,0,0> }
	no_shadow
}
sphere {
	0, 1
	scale<0.080000,0.200000,0.300000>
	matrix <0.530244, -0.096891, 0.842290,
		0.391907, -0.852936, -0.344831,
		0.751831, 0.512944, -0.414293,
		29.198072, 33.297691, 25.231249>
	pigment { color rgbt <0,1,1,0> }
	no_shadow
}
cylinder {
	<29.387506, 32.573685, 25.598988>,  <28.671791, 32.938629, 25.521255>, 0.130000
	pigment { color rgbt <1,0,0,0> }
	no_shadow
}

// nucleotide -1

// particle -1
sphere {
	<29.387506, 32.573685, 25.598988> 0.250000
	pigment { color rgbt <1,0,0,0> }
	no_shadow
}
cylinder {
	<29.422943, 32.967625, 25.539354>,  <29.444206, 33.203987, 25.503574>, 0.100000
	pigment { color rgbt <1,0,0,0> }
	no_shadow
}
cylinder {
	<29.422943, 32.967625, 25.539354>,  <29.387506, 32.573685, 25.598988>, 0.100000
	pigment { color rgbt <1,0,0,0> }
	no_shadow
}

// particle -1
sphere {
	<29.422943, 32.967625, 25.539354> 0.100000
	pigment { color rgbt <1,0,0,0> }
	no_shadow
}
sphere {
	0, 1
	scale<0.080000,0.200000,0.300000>
	matrix <0.794493, 0.020405, 0.606930,
		0.600775, -0.172215, -0.780648,
		0.088594, 0.984848, -0.149083,
		29.449522, 33.263081, 25.494629>
	pigment { color rgbt <0,1,1,0> }
	no_shadow
}
cylinder {
	<29.209864, 32.018597, 26.115410>,  <29.387506, 32.573685, 25.598988>, 0.130000
	pigment { color rgbt <1,0,0,0> }
	no_shadow
}

// nucleotide -1

// particle -1
sphere {
	<29.209864, 32.018597, 26.115410> 0.250000
	pigment { color rgbt <1,0,0,0> }
	no_shadow
}
cylinder {
	<29.065002, 32.390800, 26.137329>,  <28.978086, 32.614120, 26.150480>, 0.100000
	pigment { color rgbt <1,0,0,0> }
	no_shadow
}
cylinder {
	<29.065002, 32.390800, 26.137329>,  <29.209864, 32.018597, 26.115410>, 0.100000
	pigment { color rgbt <1,0,0,0> }
	no_shadow
}

// particle -1
sphere {
	<29.065002, 32.390800, 26.137329> 0.100000
	pigment { color rgbt <1,0,0,0> }
	no_shadow
}
sphere {
	0, 1
	scale<0.080000,0.200000,0.300000>
	matrix <0.610060, 0.192165, 0.768700,
		0.704750, 0.311816, -0.637258,
		-0.362152, 0.930507, 0.054798,
		28.956356, 32.669952, 26.153769>
	pigment { color rgbt <0,1,1,0> }
	no_shadow
}
cylinder {
	<29.830780, 32.533939, 26.248518>,  <29.209864, 32.018597, 26.115410>, 0.130000
	pigment { color rgbt <1,0,0,0> }
	no_shadow
}

// nucleotide -1

// particle -1
sphere {
	<29.830780, 32.533939, 26.248518> 0.250000
	pigment { color rgbt <1,0,0,0> }
	no_shadow
}
cylinder {
	<29.482523, 32.679775, 26.380613>,  <29.273569, 32.767277, 26.459871>, 0.100000
	pigment { color rgbt <1,0,0,0> }
	no_shadow
}
cylinder {
	<29.482523, 32.679775, 26.380613>,  <29.830780, 32.533939, 26.248518>, 0.100000
	pigment { color rgbt <1,0,0,0> }
	no_shadow
}

// particle -1
sphere {
	<29.482523, 32.679775, 26.380613> 0.100000
	pigment { color rgbt <1,0,0,0> }
	no_shadow
}
sphere {
	0, 1
	scale<0.080000,0.200000,0.300000>
	matrix <0.427588, 0.228982, 0.874492,
		0.243212, 0.902575, -0.355255,
		-0.870641, 0.364590, 0.330239,
		29.221331, 32.789154, 26.479685>
	pigment { color rgbt <0,1,1,0> }
	no_shadow
}
cylinder {
	<30.028631, 33.242039, 26.443552>,  <29.830780, 32.533939, 26.248518>, 0.130000
	pigment { color rgbt <1,0,0,0> }
	no_shadow
}

// nucleotide -1

// particle -1
sphere {
	<30.028631, 33.242039, 26.443552> 0.250000
	pigment { color rgbt <1,0,0,0> }
	no_shadow
}
cylinder {
	<29.695625, 33.118488, 26.627514>,  <29.495821, 33.044357, 26.737890>, 0.100000
	pigment { color rgbt <1,0,0,0> }
	no_shadow
}
cylinder {
	<29.695625, 33.118488, 26.627514>,  <30.028631, 33.242039, 26.443552>, 0.100000
	pigment { color rgbt <1,0,0,0> }
	no_shadow
}

// particle -1
sphere {
	<29.695625, 33.118488, 26.627514> 0.100000
	pigment { color rgbt <1,0,0,0> }
	no_shadow
}
sphere {
	0, 1
	scale<0.080000,0.200000,0.300000>
	matrix <0.380332, 0.284959, 0.879856,
		-0.402821, 0.907410, -0.119757,
		-0.832516, -0.308877, 0.459904,
		29.445871, 33.025826, 26.765486>
	pigment { color rgbt <0,1,1,0> }
	no_shadow
}
cylinder {
	<29.927500, 33.730129, 26.980743>,  <30.028631, 33.242039, 26.443552>, 0.130000
	pigment { color rgbt <1,0,0,0> }
	no_shadow
}

// nucleotide -1

// particle -1
sphere {
	<29.927500, 33.730129, 26.980743> 0.250000
	pigment { color rgbt <1,0,0,0> }
	no_shadow
}
cylinder {
	<29.708586, 33.409920, 27.078423>,  <29.577236, 33.217793, 27.137030>, 0.100000
	pigment { color rgbt <1,0,0,0> }
	no_shadow
}
cylinder {
	<29.708586, 33.409920, 27.078423>,  <29.927500, 33.730129, 26.980743>, 0.100000
	pigment { color rgbt <1,0,0,0> }
	no_shadow
}

// particle -1
sphere {
	<29.708586, 33.409920, 27.078423> 0.100000
	pigment { color rgbt <1,0,0,0> }
	no_shadow
}
sphere {
	0, 1
	scale<0.080000,0.200000,0.300000>
	matrix <0.181223, 0.171507, 0.968372,
		-0.817089, 0.574232, 0.051210,
		-0.547287, -0.800527, 0.244200,
		29.544399, 33.169762, 27.151682>
	pigment { color rgbt <0,1,1,0> }
	no_shadow
}
cylinder {
	<29.399263, 33.971111, 27.304703>,  <29.927500, 33.730129, 26.980743>, 0.130000
	pigment { color rgbt <1,0,0,0> }
	no_shadow
}

// nucleotide -1

// particle -1
sphere {
	<29.399263, 33.971111, 27.304703> 0.250000
	pigment { color rgbt <1,0,0,0> }
	no_shadow
}
cylinder {
	<29.441471, 33.585342, 27.401667>,  <29.466795, 33.353882, 27.459845>, 0.100000
	pigment { color rgbt <1,0,0,0> }
	no_shadow
}
cylinder {
	<29.441471, 33.585342, 27.401667>,  <29.399263, 33.971111, 27.304703>, 0.100000
	pigment { color rgbt <1,0,0,0> }
	no_shadow
}

// particle -1
sphere {
	<29.441471, 33.585342, 27.401667> 0.100000
	pigment { color rgbt <1,0,0,0> }
	no_shadow
}
sphere {
	0, 1
	scale<0.080000,0.200000,0.300000>
	matrix <0.257368, 0.261953, 0.930130,
		-0.960535, -0.035757, 0.275851,
		0.105518, -0.964418, 0.242412,
		29.473127, 33.296017, 27.474390>
	pigment { color rgbt <0,1,1,0> }
	no_shadow
}
cylinder {
	<29.055393, 33.955242, 27.942415>,  <29.399263, 33.971111, 27.304703>, 0.130000
	pigment { color rgbt <1,0,0,0> }
	no_shadow
}

// nucleotide -1

// particle -1
sphere {
	<29.055393, 33.955242, 27.942415> 0.250000
	pigment { color rgbt <1,0,0,0> }
	no_shadow
}
cylinder {
	<29.294212, 33.634399, 27.947533>,  <29.437504, 33.441895, 27.950603>, 0.100000
	pigment { color rgbt <1,0,0,0> }
	no_shadow
}
cylinder {
	<29.294212, 33.634399, 27.947533>,  <29.055393, 33.955242, 27.942415>, 0.100000
	pigment { color rgbt <1,0,0,0> }
	no_shadow
}

// particle -1
sphere {
	<29.294212, 33.634399, 27.947533> 0.100000
	pigment { color rgbt <1,0,0,0> }
	no_shadow
}
sphere {
	0, 1
	scale<0.080000,0.200000,0.300000>
	matrix <0.272639, 0.217885, 0.937120,
		-0.754453, -0.556020, 0.348773,
		0.597050, -0.802102, 0.012792,
		29.473328, 33.393768, 27.951370>
	pigment { color rgbt <0,1,1,0> }
	no_shadow
}
cylinder {
	<28.785275, 33.571602, 28.458090>,  <29.055393, 33.955242, 27.942415>, 0.130000
	pigment { color rgbt <1,0,0,0> }
	no_shadow
}

// nucleotide -1

// particle -1
sphere {
	<28.785275, 33.571602, 28.458090> 0.250000
	pigment { color rgbt <1,0,0,0> }
	no_shadow
}
cylinder {
	<29.143364, 33.401493, 28.404846>,  <29.358217, 33.299427, 28.372900>, 0.100000
	pigment { color rgbt <1,0,0,0> }
	no_shadow
}
cylinder {
	<29.143364, 33.401493, 28.404846>,  <28.785275, 33.571602, 28.458090>, 0.100000
	pigment { color rgbt <1,0,0,0> }
	no_shadow
}

// particle -1
sphere {
	<29.143364, 33.401493, 28.404846> 0.100000
	pigment { color rgbt <1,0,0,0> }
	no_shadow
}
sphere {
	0, 1
	scale<0.080000,0.200000,0.300000>
	matrix <0.127333, -0.042124, 0.990965,
		-0.427035, -0.904086, 0.016440,
		0.895225, -0.425270, -0.133109,
		29.411932, 33.273911, 28.364914>
	pigment { color rgbt <0,1,1,0> }
	no_shadow
}
cylinder {
	<28.728800, 33.051769, 28.850243>,  <28.785275, 33.571602, 28.458090>, 0.130000
	pigment { color rgbt <1,0,0,0> }
	no_shadow
}

// nucleotide -1

// particle -1
sphere {
	<28.728800, 33.051769, 28.850243> 0.250000
	pigment { color rgbt <1,0,0,0> }
	no_shadow
}
cylinder {
	<29.118813, 33.125408, 28.800570>,  <29.352819, 33.169590, 28.770765>, 0.100000
	pigment { color rgbt <1,0,0,0> }
	no_shadow
}
cylinder {
	<29.118813, 33.125408, 28.800570>,  <28.728800, 33.051769, 28.850243>, 0.100000
	pigment { color rgbt <1,0,0,0> }
	no_shadow
}

// particle -1
sphere {
	<29.118813, 33.125408, 28.800570> 0.100000
	pigment { color rgbt <1,0,0,0> }
	no_shadow
}
sphere {
	0, 1
	scale<0.080000,0.200000,0.300000>
	matrix <0.139995, -0.075496, 0.987270,
