// switches for output
#declare DRAW_BASES = 1; // possible values are 0, 1; only relevant for DNA ribbons
#declare DRAW_BASES_TYPE = 3; // possible values are 1, 2, 3; only relevant for DNA ribbons
#declare DRAW_FOG = 0; // set to 1 to enable fog

#include "colors.inc"

#include "transforms.inc"
background { rgb <1, 1, 1>}

#default {
   normal{
       ripples 0.25
       frequency 0.20
       turbulence 0.2
       lambda 5
   }
	finish {
		phong 0.1
		phong_size 40.
	}
}

// original window dimensions: 1024x640


// camera settings

camera {
	sky <0, 0.179814, -0.983701>
	up <0, 0.179814, -0.983701>
	right 1.6 * <1, 0, 0>
	location <35, 94.9851, 44.8844>
	look_at <35, 29.7336, 32.9568>
	direction <0, -65.2515, -11.9276>
	angle 67.0682
}


# declare cpy_camera_pos = <35, 94.9851, 44.8844>;
# if (DRAW_FOG = 1)
fog {
	fog_type 2
	up vnormalize(cpy_camera_pos)
	color rgbt<1,1,1,0.3>
	distance 1e-5
	fog_alt 3e-3
	fog_offset 56
}
# end


// LIGHTS

# declare lum = 6;
global_settings {
	ambient_light rgb lum * <0.05, 0.05, 0.05>
	max_trace_level 15
}# declare cpy_direct_light_amount = 0.25;
light_source
{	1000 * <-1, -1.16352, -0.803886>,
	rgb lum * cpy_direct_light_amount
	parallel
}

light_source
{	1000 * <1, 1.16352, 0.803886>,
	rgb lum * cpy_direct_light_amount
	parallel
}

// strand 0

// nucleotide -1

// particle -1
sphere {
	<24.161360, 35.202526, 35.161480> 0.250000
	pigment { color rgbt <1,0,0,0> }
	no_shadow
}
cylinder {
	<24.297863, 34.878571, 34.970642>,  <24.379765, 34.684196, 34.856140>, 0.100000
	pigment { color rgbt <1,0,0,0> }
	no_shadow
}
cylinder {
	<24.297863, 34.878571, 34.970642>,  <24.161360, 35.202526, 35.161480>, 0.100000
	pigment { color rgbt <1,0,0,0> }
	no_shadow
}

// particle -1
sphere {
	<24.297863, 34.878571, 34.970642> 0.100000
	pigment { color rgbt <1,0,0,0> }
	no_shadow
}
sphere {
	0, 1
	scale<0.080000,0.200000,0.300000>
	matrix <0.747876, -0.073526, 0.659754,
		-0.569408, -0.581954, 0.580606,
		0.341257, -0.809891, -0.477096,
		24.400240, 34.635605, 34.827515>
	pigment { color rgbt <0,1,1,0> }
	no_shadow
}
cylinder {
	<24.084671, 34.570873, 35.675713>,  <24.161360, 35.202526, 35.161480>, 0.130000
	pigment { color rgbt <1,0,0,0> }
	no_shadow
}

// nucleotide -1

// particle -1
sphere {
	<24.084671, 34.570873, 35.675713> 0.250000
	pigment { color rgbt <1,0,0,0> }
	no_shadow
}
cylinder {
	<24.378569, 34.629059, 35.410686>,  <24.554907, 34.663971, 35.251671>, 0.100000
	pigment { color rgbt <1,0,0,0> }
	no_shadow
}
cylinder {
	<24.378569, 34.629059, 35.410686>,  <24.084671, 34.570873, 35.675713>, 0.100000
	pigment { color rgbt <1,0,0,0> }
	no_shadow
}

// particle -1
sphere {
	<24.378569, 34.629059, 35.410686> 0.100000
	pigment { color rgbt <1,0,0,0> }
	no_shadow
}
sphere {
	0, 1
	scale<0.080000,0.200000,0.300000>
	matrix <0.657213, 0.089249, 0.748402,
		0.167998, -0.985330, -0.030025,
		0.734743, 0.145463, -0.662565,
		24.598991, 34.672699, 35.211918>
	pigment { color rgbt <0,1,1,0> }
	no_shadow
}
cylinder {
	<24.615475, 34.052170, 35.989132>,  <24.084671, 34.570873, 35.675713>, 0.130000
	pigment { color rgbt <1,0,0,0> }
	no_shadow
}

// nucleotide -1

// particle -1
sphere {
	<24.615475, 34.052170, 35.989132> 0.250000
	pigment { color rgbt <1,0,0,0> }
	no_shadow
}
cylinder {
	<24.676519, 34.396729, 35.795349>,  <24.713146, 34.603466, 35.679081>, 0.100000
	pigment { color rgbt <1,0,0,0> }
	no_shadow
}
cylinder {
	<24.676519, 34.396729, 35.795349>,  <24.615475, 34.052170, 35.989132>, 0.100000
	pigment { color rgbt <1,0,0,0> }
	no_shadow
}

// particle -1
sphere {
	<24.676519, 34.396729, 35.795349> 0.100000
	pigment { color rgbt <1,0,0,0> }
	no_shadow
}
sphere {
	0, 1
	scale<0.080000,0.200000,0.300000>
	matrix <0.634830, 0.290249, 0.716063,
		0.757431, -0.416827, -0.502547,
		0.152611, 0.861400, -0.484458,
		24.722303, 34.655148, 35.650013>
	pigment { color rgbt <0,1,1,0> }
	no_shadow
}
cylinder {
	<25.397919, 34.220798, 35.852104>,  <24.615475, 34.052170, 35.989132>, 0.130000
	pigment { color rgbt <1,0,0,0> }
	no_shadow
}

// nucleotide -1

// particle -1
sphere {
	<25.397919, 34.220798, 35.852104> 0.250000
	pigment { color rgbt <1,0,0,0> }
	no_shadow
}
cylinder {
	<25.137846, 34.517075, 35.919792>,  <24.981802, 34.694839, 35.960407>, 0.100000
	pigment { color rgbt <1,0,0,0> }
	no_shadow
}
cylinder {
	<25.137846, 34.517075, 35.919792>,  <25.397919, 34.220798, 35.852104>, 0.100000
	pigment { color rgbt <1,0,0,0> }
	no_shadow
}

// particle -1
sphere {
	<25.137846, 34.517075, 35.919792> 0.100000
	pigment { color rgbt <1,0,0,0> }
	no_shadow
}
sphere {
	0, 1
	scale<0.080000,0.200000,0.300000>
	matrix <0.502459, 0.252110, 0.827028,
		0.569912, 0.622746, -0.536086,
		-0.650181, 0.740694, 0.169224,
		24.942791, 34.739285, 35.970558>
	pigment { color rgbt <0,1,1,0> }
	no_shadow
}
cylinder {
	<26.067947, 34.670315, 35.670681>,  <25.397919, 34.220798, 35.852104>, 0.130000
	pigment { color rgbt <1,0,0,0> }
	no_shadow
}

// nucleotide -1

// particle -1
sphere {
	<26.067947, 34.670315, 35.670681> 0.250000
	pigment { color rgbt <1,0,0,0> }
	no_shadow
}
cylinder {
	<25.712992, 34.784111, 35.815792>,  <25.500019, 34.852386, 35.902859>, 0.100000
	pigment { color rgbt <1,0,0,0> }
	no_shadow
}
cylinder {
	<25.712992, 34.784111, 35.815792>,  <26.067947, 34.670315, 35.670681>, 0.100000
	pigment { color rgbt <1,0,0,0> }
	no_shadow
}

// particle -1
sphere {
	<25.712992, 34.784111, 35.815792> 0.100000
	pigment { color rgbt <1,0,0,0> }
	no_shadow
}
sphere {
	0, 1
	scale<0.080000,0.200000,0.300000>
	matrix <0.132901, 0.911350, -0.389588,
		-0.441450, -0.297503, -0.846530,
		-0.887389, 0.284489, 0.362777,
		25.446775, 34.869457, 35.924625>
	pigment { color rgbt <0,1,1,0> }
	no_shadow
}
cylinder {
	<26.223106, 34.475731, 34.941273>,  <26.067947, 34.670315, 35.670681>, 0.130000
	pigment { color rgbt <1,0,0,0> }
	no_shadow
}

// nucleotide -1

// particle -1
sphere {
	<26.223106, 34.475731, 34.941273> 0.250000
	pigment { color rgbt <1,0,0,0> }
	no_shadow
}
cylinder {
	<26.591658, 34.323441, 34.972538>,  <26.812788, 34.232067, 34.991295>, 0.100000
	pigment { color rgbt <1,0,0,0> }
	no_shadow
}
cylinder {
	<26.591658, 34.323441, 34.972538>,  <26.223106, 34.475731, 34.941273>, 0.100000
	pigment { color rgbt <1,0,0,0> }
	no_shadow
}

// particle -1
sphere {
	<26.591658, 34.323441, 34.972538> 0.100000
	pigment { color rgbt <1,0,0,0> }
	no_shadow
}
sphere {
	0, 1
	scale<0.080000,0.200000,0.300000>
	matrix <0.171769, 0.218485, -0.960604,
		0.348651, 0.898505, 0.266704,
		0.921378, -0.380727, 0.078160,
		26.868071, 34.209221, 34.995987>
	pigment { color rgbt <0,1,1,0> }
	no_shadow
}
cylinder {
	<26.590509, 34.653824, 34.389999>,  <26.223106, 34.475731, 34.941273>, 0.130000
	pigment { color rgbt <1,0,0,0> }
	no_shadow
}

// nucleotide -1

// particle -1
sphere {
	<26.590509, 34.653824, 34.389999> 0.250000
	pigment { color rgbt <1,0,0,0> }
	no_shadow
}
cylinder {
	<26.842587, 34.353821, 34.470348>,  <26.993834, 34.173820, 34.518559>, 0.100000
	pigment { color rgbt <1,0,0,0> }
	no_shadow
}
cylinder {
	<26.842587, 34.353821, 34.470348>,  <26.590509, 34.653824, 34.389999>, 0.100000
	pigment { color rgbt <1,0,0,0> }
	no_shadow
}

// particle -1
sphere {
	<26.842587, 34.353821, 34.470348> 0.100000
	pigment { color rgbt <1,0,0,0> }
	no_shadow
}
sphere {
	0, 1
	scale<0.080000,0.200000,0.300000>
	matrix <0.235801, -0.061619, -0.969846,
		0.739766, 0.658556, 0.138020,
		0.630194, -0.750004, 0.200872,
		27.031645, 34.128819, 34.530609>
	pigment { color rgbt <0,1,1,0> }
	no_shadow
}
cylinder {
	<27.182575, 34.693657, 33.865051>,  <26.590509, 34.653824, 34.389999>, 0.130000
	pigment { color rgbt <1,0,0,0> }
	no_shadow
}

// nucleotide -1

// particle -1
sphere {
	<27.182575, 34.693657, 33.865051> 0.250000
	pigment { color rgbt <1,0,0,0> }
	no_shadow
}
cylinder {
	<27.164602, 34.318283, 34.002056>,  <27.153818, 34.093056, 34.084259>, 0.100000
	pigment { color rgbt <1,0,0,0> }
	no_shadow
}
cylinder {
	<27.164602, 34.318283, 34.002056>,  <27.182575, 34.693657, 33.865051>, 0.100000
	pigment { color rgbt <1,0,0,0> }
	no_shadow
}

// particle -1
sphere {
	<27.164602, 34.318283, 34.002056> 0.100000
	pigment { color rgbt <1,0,0,0> }
	no_shadow
}
sphere {
	0, 1
	scale<0.080000,0.200000,0.300000>
	matrix <0.071746, -0.345001, -0.935856,
		0.996410, -0.017479, 0.082832,
		-0.044935, -0.938439, 0.342509,
		27.151121, 34.036751, 34.104809>
	pigment { color rgbt <0,1,1,0> }
	no_shadow
}
cylinder {
	<27.771690, 34.401699, 33.532776>,  <27.182575, 34.693657, 33.865051>, 0.130000
	pigment { color rgbt <1,0,0,0> }
	no_shadow
}

// nucleotide -1

// particle -1
sphere {
	<27.771690, 34.401699, 33.532776> 0.250000
	pigment { color rgbt <1,0,0,0> }
	no_shadow
}
cylinder {
	<27.526213, 34.109421, 33.652420>,  <27.378925, 33.934055, 33.724205>, 0.100000
	pigment { color rgbt <1,0,0,0> }
	no_shadow
}
cylinder {
	<27.526213, 34.109421, 33.652420>,  <27.771690, 34.401699, 33.532776>, 0.100000
	pigment { color rgbt <1,0,0,0> }
	no_shadow
}

// particle -1
sphere {
	<27.526213, 34.109421, 33.652420> 0.100000
	pigment { color rgbt <1,0,0,0> }
	no_shadow
}
sphere {
	0, 1
	scale<0.080000,0.200000,0.300000>
	matrix <0.092978, -0.443083, -0.891646,
		0.784049, -0.519388, 0.339856,
		-0.613695, -0.730693, 0.299108,
		27.342104, 33.890213, 33.742153>
	pigment { color rgbt <0,1,1,0> }
	no_shadow
}
cylinder {
	<28.103514, 33.827835, 33.322346>,  <27.771690, 34.401699, 33.532776>, 0.130000
	pigment { color rgbt <1,0,0,0> }
	no_shadow
}

// nucleotide -1

// particle -1
sphere {
	<28.103514, 33.827835, 33.322346> 0.250000
	pigment { color rgbt <1,0,0,0> }
	no_shadow
}
cylinder {
	<27.732473, 33.689251, 33.378227>,  <27.509850, 33.606098, 33.411758>, 0.100000
	pigment { color rgbt <1,0,0,0> }
	no_shadow
}
cylinder {
	<27.732473, 33.689251, 33.378227>,  <28.103514, 33.827835, 33.322346>, 0.100000
	pigment { color rgbt <1,0,0,0> }
	no_shadow
}

// particle -1
sphere {
	<27.732473, 33.689251, 33.378227> 0.100000
	pigment { color rgbt <1,0,0,0> }
	no_shadow
}
sphere {
	0, 1
	scale<0.080000,0.200000,0.300000>
	matrix <0.042180, -0.468725, -0.882337,
		0.371181, -0.812564, 0.449403,
		-0.927602, -0.346462, 0.139708,
		27.454193, 33.585312, 33.420139>
	pigment { color rgbt <0,1,1,0> }
	no_shadow
}
cylinder {
	<28.216999, 33.115566, 33.107826>,  <28.103514, 33.827835, 33.322346>, 0.130000
	pigment { color rgbt <1,0,0,0> }
	no_shadow
}

// nucleotide -1

// particle -1
sphere {
	<28.216999, 33.115566, 33.107826> 0.250000
	pigment { color rgbt <1,0,0,0> }
	no_shadow
}
cylinder {
	<27.822948, 33.184135, 33.112644>,  <27.586519, 33.225277, 33.115536>, 0.100000
	pigment { color rgbt <1,0,0,0> }
	no_shadow
}
cylinder {
	<27.822948, 33.184135, 33.112644>,  <28.216999, 33.115566, 33.107826>, 0.100000
	pigment { color rgbt <1,0,0,0> }
	no_shadow
}

// particle -1
sphere {
	<27.822948, 33.184135, 33.112644> 0.100000
	pigment { color rgbt <1,0,0,0> }
	no_shadow
}
sphere {
	0, 1
	scale<0.080000,0.200000,0.300000>
	matrix <-0.097725, -0.501207, -0.859791,
		-0.141348, -0.848179, 0.510503,
		-0.985125, 0.171419, 0.012044,
		27.527411, 33.235561, 33.116257>
	pigment { color rgbt <0,1,1,0> }
	no_shadow
}
cylinder {
	<27.833258, 32.567207, 32.811722>,  <28.216999, 33.115566, 33.107826>, 0.130000
	pigment { color rgbt <1,0,0,0> }
	no_shadow
}

// nucleotide -1

// particle -1
sphere {
	<27.833258, 32.567207, 32.811722> 0.250000
	pigment { color rgbt <1,0,0,0> }
	no_shadow
}
cylinder {
	<27.553574, 32.850849, 32.775337>,  <27.385763, 33.021034, 32.753506>, 0.100000
	pigment { color rgbt <1,0,0,0> }
	no_shadow
}
cylinder {
	<27.553574, 32.850849, 32.775337>,  <27.833258, 32.567207, 32.811722>, 0.100000
	pigment { color rgbt <1,0,0,0> }
	no_shadow
}

// particle -1
sphere {
	<27.553574, 32.850849, 32.775337> 0.100000
	pigment { color rgbt <1,0,0,0> }
	no_shadow
}
sphere {
	0, 1
	scale<0.080000,0.200000,0.300000>
	matrix <-0.246484, -0.358548, -0.900382,
		-0.671081, -0.607135, 0.425484,
		-0.699211, 0.709104, -0.090966,
		27.343811, 33.063580, 32.748047>
	pigment { color rgbt <0,1,1,0> }
	no_shadow
}
cylinder {
	<27.212339, 32.251942, 32.549965>,  <27.833258, 32.567207, 32.811722>, 0.130000
	pigment { color rgbt <1,0,0,0> }
	no_shadow
}

// nucleotide -1

// particle -1
sphere {
	<27.212339, 32.251942, 32.549965> 0.250000
	pigment { color rgbt <1,0,0,0> }
	no_shadow
}
cylinder {
	<27.226210, 32.637108, 32.442936>,  <27.234531, 32.868206, 32.378719>, 0.100000
	pigment { color rgbt <1,0,0,0> }
	no_shadow
}
cylinder {
	<27.226210, 32.637108, 32.442936>,  <27.212339, 32.251942, 32.549965>, 0.100000
	pigment { color rgbt <1,0,0,0> }
	no_shadow
}

// particle -1
sphere {
	<27.226210, 32.637108, 32.442936> 0.100000
	pigment { color rgbt <1,0,0,0> }
	no_shadow
}
sphere {
	0, 1
	scale<0.080000,0.200000,0.300000>
	matrix <-0.164804, -0.258557, -0.951834,
		-0.985717, 0.077100, 0.149727,
		0.034673, 0.962914, -0.267571,
		27.236612, 32.925983, 32.362663>
	pigment { color rgbt <0,1,1,0> }
	no_shadow
}
cylinder {
	<26.751392, 32.275085, 31.910480>,  <27.212339, 32.251942, 32.549965>, 0.130000
	pigment { color rgbt <1,0,0,0> }
	no_shadow
}

// nucleotide -1

// particle -1
sphere {
	<26.751392, 32.275085, 31.910480> 0.250000
	pigment { color rgbt <1,0,0,0> }
	no_shadow
}
cylinder {
	<26.933197, 32.630096, 31.940731>,  <27.042280, 32.843102, 31.958881>, 0.100000
	pigment { color rgbt <1,0,0,0> }
	no_shadow
}
cylinder {
	<26.933197, 32.630096, 31.940731>,  <26.751392, 32.275085, 31.910480>, 0.100000
	pigment { color rgbt <1,0,0,0> }
	no_shadow
}

// particle -1
sphere {
	<26.933197, 32.630096, 31.940731> 0.100000
	pigment { color rgbt <1,0,0,0> }
	no_shadow
}
sphere {
	0, 1
	scale<0.080000,0.200000,0.300000>
	matrix <0.117733, 0.024299, -0.992748,
		-0.882927, 0.460117, -0.093447,
		0.454510, 0.887525, 0.075625,
		27.069550, 32.896355, 31.963419>
	pigment { color rgbt <0,1,1,0> }
	no_shadow
}
cylinder {
	<26.336403, 32.578747, 31.467379>,  <26.751392, 32.275085, 31.910480>, 0.130000
	pigment { color rgbt <1,0,0,0> }
	no_shadow
}

// nucleotide -1

// particle -1
sphere {
	<26.336403, 32.578747, 31.467379> 0.250000
	pigment { color rgbt <1,0,0,0> }
	no_shadow
}
cylinder {
	<26.683250, 32.771603, 31.517403>,  <26.891359, 32.887318, 31.547417>, 0.100000
	pigment { color rgbt <1,0,0,0> }
	no_shadow
}
cylinder {
	<26.683250, 32.771603, 31.517403>,  <26.336403, 32.578747, 31.467379>, 0.100000
	pigment { color rgbt <1,0,0,0> }
	no_shadow
}

// particle -1
sphere {
	<26.683250, 32.771603, 31.517403> 0.100000
	pigment { color rgbt <1,0,0,0> }
	no_shadow
}
sphere {
	0, 1
	scale<0.080000,0.200000,0.300000>
	matrix <0.059809, 0.148478, -0.987105,
		-0.494494, 0.863420, 0.099912,
		0.867121, 0.482142, 0.125062,
		26.943386, 32.916245, 31.554922>
	pigment { color rgbt <0,1,1,0> }
	no_shadow
}
cylinder {
	<26.377474, 33.267246, 31.099262>,  <26.336403, 32.578747, 31.467379>, 0.130000
	pigment { color rgbt <1,0,0,0> }
	no_shadow
}

// nucleotide -1

// particle -1
sphere {
	<26.377474, 33.267246, 31.099262> 0.250000
	pigment { color rgbt <1,0,0,0> }
	no_shadow
}
cylinder {
	<26.754013, 33.141029, 31.147083>,  <26.979937, 33.065300, 31.175776>, 0.100000
	pigment { color rgbt <1,0,0,0> }
	no_shadow
}
cylinder {
	<26.754013, 33.141029, 31.147083>,  <26.377474, 33.267246, 31.099262>, 0.100000
	pigment { color rgbt <1,0,0,0> }
	no_shadow
}

// particle -1
sphere {
	<26.754013, 33.141029, 31.147083> 0.100000
	pigment { color rgbt <1,0,0,0> }
	no_shadow
}
sphere {
	0, 1
	scale<0.080000,0.200000,0.300000>
	matrix <0.201584, 0.241762, -0.949165,
		0.270603, 0.917595, 0.291192,
		0.941349, -0.315547, 0.119551,
		27.036417, 33.046364, 31.182949>
	pigment { color rgbt <0,1,1,0> }
	no_shadow
}
cylinder {
	<26.653221, 33.642681, 30.602165>,  <26.377474, 33.267246, 31.099262>, 0.130000
	pigment { color rgbt <1,0,0,0> }
	no_shadow
}

// nucleotide -1

// particle -1
sphere {
	<26.653221, 33.642681, 30.602165> 0.250000
	pigment { color rgbt <1,0,0,0> }
	no_shadow
}
cylinder {
	<26.950954, 33.396744, 30.706427>,  <27.129595, 33.249184, 30.768984>, 0.100000
	pigment { color rgbt <1,0,0,0> }
	no_shadow
}
cylinder {
	<26.950954, 33.396744, 30.706427>,  <26.653221, 33.642681, 30.602165>, 0.100000
	pigment { color rgbt <1,0,0,0> }
	no_shadow
}

// particle -1
sphere {
	<26.950954, 33.396744, 30.706427> 0.100000
	pigment { color rgbt <1,0,0,0> }
	no_shadow
}
sphere {
	0, 1
	scale<0.080000,0.200000,0.300000>
	matrix <0.434970, 0.150198, -0.887830,
		0.506724, 0.774216, 0.379235,
		0.744333, -0.614841, 0.260651,
		27.174253, 33.212292, 30.784622>
	pigment { color rgbt <0,1,1,0> }
	no_shadow
}
cylinder {
	<27.225374, 34.040966, 30.569160>,  <26.653221, 33.642681, 30.602165>, 0.130000
	pigment { color rgbt <1,0,0,0> }
	no_shadow
}

// nucleotide -1

// particle -1
sphere {
	<27.225374, 34.040966, 30.569160> 0.250000
	pigment { color rgbt <1,0,0,0> }
	no_shadow
}
cylinder {
	<27.354994, 33.663235, 30.546392>,  <27.432766, 33.436596, 30.532732>, 0.100000
	pigment { color rgbt <1,0,0,0> }
	no_shadow
}
cylinder {
	<27.354994, 33.663235, 30.546392>,  <27.225374, 34.040966, 30.569160>, 0.100000
	pigment { color rgbt <1,0,0,0> }
	no_shadow
}

// particle -1
sphere {
	<27.354994, 33.663235, 30.546392> 0.100000
	pigment { color rgbt <1,0,0,0> }
	no_shadow
}
sphere {
	0, 1
	scale<0.080000,0.200000,0.300000>
	matrix <0.346792, 0.174552, -0.921557,
		0.880186, 0.278891, 0.384048,
		0.324050, -0.944326, -0.056921,
		27.452209, 33.379936, 30.529316>
	pigment { color rgbt <0,1,1,0> }
	no_shadow
}
cylinder {
	<27.816269, 34.105923, 30.177748>,  <27.225374, 34.040966, 30.569160>, 0.130000
	pigment { color rgbt <1,0,0,0> }
	no_shadow
}

// nucleotide -1

// particle -1
sphere {
	<27.816269, 34.105923, 30.177748> 0.250000
	pigment { color rgbt <1,0,0,0> }
	no_shadow
}
cylinder {
	<27.695414, 33.725235, 30.156052>,  <27.622900, 33.496822, 30.143034>, 0.100000
	pigment { color rgbt <1,0,0,0> }
	no_shadow
}
cylinder {
	<27.695414, 33.725235, 30.156052>,  <27.816269, 34.105923, 30.177748>, 0.100000
	pigment { color rgbt <1,0,0,0> }
	no_shadow
}

// particle -1
sphere {
	<27.695414, 33.725235, 30.156052> 0.100000
	pigment { color rgbt <1,0,0,0> }
	no_shadow
}
sphere {
	0, 1
	scale<0.080000,0.200000,0.300000>
	matrix <0.227384, -0.016695, -0.973662,
		0.925747, -0.306516, 0.221450,
		-0.302140, -0.951719, -0.054241,
		27.604771, 33.439720, 30.139780>
	pigment { color rgbt <0,1,1,0> }
	no_shadow
}
cylinder {
	<28.400108, 33.773518, 29.885405>,  <27.816269, 34.105923, 30.177748>, 0.130000
	pigment { color rgbt <1,0,0,0> }
	no_shadow
}

// nucleotide -1

// particle -1
sphere {
	<28.400108, 33.773518, 29.885405> 0.250000
	pigment { color rgbt <1,0,0,0> }
	no_shadow
}
cylinder {
	<28.107857, 33.505680, 29.832001>,  <27.932507, 33.344978, 29.799959>, 0.100000
	pigment { color rgbt <1,0,0,0> }
	no_shadow
}
cylinder {
	<28.107857, 33.505680, 29.832001>,  <28.400108, 33.773518, 29.885405>, 0.100000
	pigment { color rgbt <1,0,0,0> }
	no_shadow
}

// particle -1
sphere {
	<28.107857, 33.505680, 29.832001> 0.100000
	pigment { color rgbt <1,0,0,0> }
	no_shadow
}
sphere {
	0, 1
	scale<0.080000,0.200000,0.300000>
	matrix <0.230757, -0.058130, -0.971273,
		0.642600, -0.740447, 0.196985,
		-0.730627, -0.669596, -0.133509,
		27.888668, 33.304802, 29.791948>
	pigment { color rgbt <0,1,1,0> }
	no_shadow
}
cylinder {
	<28.774471, 33.170544, 29.586956>,  <28.400108, 33.773518, 29.885405>, 0.130000
	pigment { color rgbt <1,0,0,0> }
	no_shadow
}

// nucleotide -1

// particle -1
sphere {
	<28.774471, 33.170544, 29.586956> 0.250000
	pigment { color rgbt <1,0,0,0> }
	no_shadow
}
cylinder {
	<28.387346, 33.179661, 29.486704>,  <28.155071, 33.185131, 29.426554>, 0.100000
	pigment { color rgbt <1,0,0,0> }
	no_shadow
}
cylinder {
	<28.387346, 33.179661, 29.486704>,  <28.774471, 33.170544, 29.586956>, 0.100000
	pigment { color rgbt <1,0,0,0> }
	no_shadow
}

// particle -1
sphere {
	<28.387346, 33.179661, 29.486704> 0.100000
	pigment { color rgbt <1,0,0,0> }
	no_shadow
}
sphere {
	0, 1
	scale<0.080000,0.200000,0.300000>
	matrix <0.248563, -0.069263, -0.966136,
		-0.039376, -0.997338, 0.061370,
		-0.967815, 0.022789, -0.250628,
		28.097002, 33.186501, 29.411516>
	pigment { color rgbt <0,1,1,0> }
	no_shadow
}
cylinder {
	<28.642998, 32.732647, 28.992083>,  <28.774471, 33.170544, 29.586956>, 0.130000
	pigment { color rgbt <1,0,0,0> }
	no_shadow
}

// nucleotide -1

// particle -1
sphere {
	<28.642998, 32.732647, 28.992083> 0.250000
	pigment { color rgbt <1,0,0,0> }
	no_shadow
}
cylinder {
	<28.296507, 32.929626, 28.958271>,  <28.088614, 33.047813, 28.937984>, 0.100000
	pigment { color rgbt <1,0,0,0> }
	no_shadow
}
cylinder {
	<28.296507, 32.929626, 28.958271>,  <28.642998, 32.732647, 28.992083>, 0.100000
	pigment { color rgbt <1,0,0,0> }
	no_shadow
}

// particle -1
sphere {
	<28.296507, 32.929626, 28.958271> 0.100000
	pigment { color rgbt <1,0,0,0> }
	no_shadow
}
sphere {
	0, 1
	scale<0.080000,0.200000,0.300000>
	matrix <0.056318, -0.071873, -0.995822,
		-0.496470, -0.867367, 0.034525,
		-0.866225, 0.492452, -0.084531,
		28.036640, 33.077362, 28.932911>
	pigment { color rgbt <0,1,1,0> }
	no_shadow
}
cylinder {
	<28.317425, 32.393738, 28.385969>,  <28.642998, 32.732647, 28.992083>, 0.130000
	pigment { color rgbt <1,0,0,0> }
	no_shadow
}

// nucleotide -1

// particle -1
sphere {
	<28.317425, 32.393738, 28.385969> 0.250000
	pigment { color rgbt <1,0,0,0> }
	no_shadow
}
cylinder {
	<28.122448, 32.739662, 28.434147>,  <28.005463, 32.947216, 28.463053>, 0.100000
	pigment { color rgbt <1,0,0,0> }
	no_shadow
}
cylinder {
	<28.122448, 32.739662, 28.434147>,  <28.317425, 32.393738, 28.385969>, 0.100000
	pigment { color rgbt <1,0,0,0> }
	no_shadow
}

// particle -1
sphere {
	<28.122448, 32.739662, 28.434147> 0.100000
	pigment { color rgbt <1,0,0,0> }
	no_shadow
}
sphere {
	0, 1
	scale<0.080000,0.200000,0.300000>
	matrix <-0.284441, -0.026855, -0.958317,
		-0.825526, -0.501384, 0.259078,
		-0.487443, 0.864808, 0.120444,
		27.976215, 32.999104, 28.470280>
	pigment { color rgbt <0,1,1,0> }
	no_shadow
}
cylinder {
	<27.733059, 32.175545, 28.061211>,  <28.317425, 32.393738, 28.385969>, 0.130000
	pigment { color rgbt <1,0,0,0> }
	no_shadow
}

// nucleotide -1

// particle -1
sphere {
	<27.733059, 32.175545, 28.061211> 0.250000
	pigment { color rgbt <1,0,0,0> }
	no_shadow
}
cylinder {
	<27.743294, 32.575336, 28.069145>,  <27.749435, 32.815212, 28.073906>, 0.100000
	pigment { color rgbt <1,0,0,0> }
	no_shadow
}
cylinder {
	<27.743294, 32.575336, 28.069145>,  <27.733059, 32.175545, 28.061211>, 0.100000
	pigment { color rgbt <1,0,0,0> }
	no_shadow
}

// particle -1
sphere {
	<27.743294, 32.575336, 28.069145> 0.100000
	pigment { color rgbt <1,0,0,0> }
	no_shadow
}
sphere {
	0, 1
	scale<0.080000,0.200000,0.300000>
	matrix <-0.220859, 0.025003, -0.974985,
		-0.974970, 0.020568, 0.221383,
		0.025589, 0.999476, 0.019834,
		27.750971, 32.875179, 28.075096>
	pigment { color rgbt <0,1,1,0> }
	no_shadow
}
cylinder {
	<27.239233, 32.404316, 27.560598>,  <27.733059, 32.175545, 28.061211>, 0.130000
	pigment { color rgbt <1,0,0,0> }
	no_shadow
}

// nucleotide -1

// particle -1
sphere {
	<27.239233, 32.404316, 27.560598> 0.250000
	pigment { color rgbt <1,0,0,0> }
	no_shadow
}
cylinder {
	<27.512632, 32.684357, 27.643242>,  <27.676672, 32.852379, 27.692829>, 0.100000
	pigment { color rgbt <1,0,0,0> }
	no_shadow
}
cylinder {
	<27.512632, 32.684357, 27.643242>,  <27.239233, 32.404316, 27.560598>, 0.100000
	pigment { color rgbt <1,0,0,0> }
	no_shadow
}

// particle -1
sphere {
	<27.512632, 32.684357, 27.643242> 0.100000
	pigment { color rgbt <1,0,0,0> }
	no_shadow
}
sphere {
	0, 1
	scale<0.080000,0.200000,0.300000>
	matrix <0.088647, 0.201342, -0.975501,
		-0.724548, 0.685071, 0.075556,
		0.683500, 0.700100, 0.206611,
		27.717682, 32.894386, 27.705225>
	pigment { color rgbt <0,1,1,0> }
	no_shadow
}
cylinder {
	<27.176996, 32.950756, 27.031136>,  <27.239233, 32.404316, 27.560598>, 0.130000
	pigment { color rgbt <1,0,0,0> }
	no_shadow
}

// nucleotide -1

// particle -1
sphere {
	<27.176996, 32.950756, 27.031136> 0.250000
	pigment { color rgbt <1,0,0,0> }
	no_shadow
}
cylinder {
	<27.530884, 33.001907, 27.210434>,  <27.743216, 33.032597, 27.318012>, 0.100000
	pigment { color rgbt <1,0,0,0> }
	no_shadow
}
cylinder {
	<27.530884, 33.001907, 27.210434>,  <27.176996, 32.950756, 27.031136>, 0.100000
	pigment { color rgbt <1,0,0,0> }
	no_shadow
}

// particle -1
sphere {
	<27.530884, 33.001907, 27.210434> 0.100000
	pigment { color rgbt <1,0,0,0> }
	no_shadow
}
sphere {
	0, 1
	scale<0.080000,0.200000,0.300000>
	matrix <0.384487, 0.343458, -0.856858,
		-0.263526, 0.930421, 0.254696,
		0.884717, 0.127878, 0.448245,
		27.796299, 33.040272, 27.344908>
	pigment { color rgbt <0,1,1,0> }
	no_shadow
}
cylinder {
	<27.423897, 33.694824, 27.061840>,  <27.176996, 32.950756, 27.031136>, 0.130000
	pigment { color rgbt <1,0,0,0> }
	no_shadow
}

// nucleotide -1

// particle -1
sphere {
	<27.423897, 33.694824, 27.061840> 0.250000
	pigment { color rgbt <1,0,0,0> }
	no_shadow
}
cylinder {
	<27.696877, 33.408237, 27.003954>,  <27.860664, 33.236286, 26.969223>, 0.100000
	pigment { color rgbt <1,0,0,0> }
	no_shadow
}
cylinder {
	<27.696877, 33.408237, 27.003954>,  <27.423897, 33.694824, 27.061840>, 0.100000
	pigment { color rgbt <1,0,0,0> }
	no_shadow
}

// particle -1
sphere {
	<27.696877, 33.408237, 27.003954> 0.100000
	pigment { color rgbt <1,0,0,0> }
	no_shadow
}
sphere {
	0, 1
	scale<0.080000,0.200000,0.300000>
	matrix <0.210889, 0.382571, -0.899536,
		0.699847, 0.583370, 0.412180,
		0.682451, -0.716462, -0.144715,
		27.901611, 33.193298, 26.960539>
	pigment { color rgbt <0,1,1,0> }
	no_shadow
}
cylinder {
	<27.325766, 34.335754, 26.723692>,  <27.423897, 33.694824, 27.061840>, 0.130000
	pigment { color rgbt <1,0,0,0> }
	no_shadow
}

// nucleotide -1

// particle -1
sphere {
	<27.325766, 34.335754, 26.723692> 0.250000
	pigment { color rgbt <1,0,0,0> }
	no_shadow
}
cylinder {
	<27.137497, 34.328445, 26.370844>,  <27.024536, 34.324062, 26.159136>, 0.100000
	pigment { color rgbt <1,0,0,0> }
	no_shadow
}
cylinder {
	<27.137497, 34.328445, 26.370844>,  <27.325766, 34.335754, 26.723692>, 0.100000
	pigment { color rgbt <1,0,0,0> }
	no_shadow
}

// particle -1
sphere {
	<27.137497, 34.328445, 26.370844> 0.100000
	pigment { color rgbt <1,0,0,0> }
	no_shadow
}
sphere {
	0, 1
	scale<0.080000,0.200000,0.300000>
	matrix <0.880458, -0.074438, -0.468244,
		-0.057107, -0.997058, 0.051124,
		-0.470672, -0.018272, -0.882119,
		26.996296, 34.322964, 26.106209>
	pigment { color rgbt <0,1,1,0> }
	no_shadow
}
cylinder {
	<28.008024, 34.602921, 26.753393>,  <27.325766, 34.335754, 26.723692>, 0.130000
	pigment { color rgbt <1,0,0,0> }
	no_shadow
}

// nucleotide -1

// particle -1
sphere {
	<28.008024, 34.602921, 26.753393> 0.250000
	pigment { color rgbt <1,0,0,0> }
	no_shadow
}
cylinder {
	<28.314732, 34.348522, 26.718582>,  <28.498756, 34.195881, 26.697697>, 0.100000
	pigment { color rgbt <1,0,0,0> }
	no_shadow
}
cylinder {
	<28.314732, 34.348522, 26.718582>,  <28.008024, 34.602921, 26.753393>, 0.100000
	pigment { color rgbt <1,0,0,0> }
	no_shadow
}

// particle -1
sphere {
	<28.314732, 34.348522, 26.718582> 0.100000
	pigment { color rgbt <1,0,0,0> }
	no_shadow
}
sphere {
	0, 1
	scale<0.080000,0.200000,0.300000>
	matrix <0.384733, 0.563836, -0.730801,
		0.513858, 0.526872, 0.677021,
		0.766767, -0.636000, -0.087026,
		28.544762, 34.157722, 26.692474>
	pigment { color rgbt <0,1,1,0> }
	no_shadow
}
cylinder {
	<28.706312, 34.873440, 26.877993>,  <28.008024, 34.602921, 26.753393>, 0.130000
	pigment { color rgbt <1,0,0,0> }
	no_shadow
}

// nucleotide -1

// particle -1
sphere {
	<28.706312, 34.873440, 26.877993> 0.250000
	pigment { color rgbt <1,0,0,0> }
	no_shadow
}
cylinder {
	<28.760208, 34.594269, 26.596642>,  <28.792545, 34.426765, 26.427832>, 0.100000
	pigment { color rgbt <1,0,0,0> }
	no_shadow
}
cylinder {
	<28.760208, 34.594269, 26.596642>,  <28.706312, 34.873440, 26.877993>, 0.100000
	pigment { color rgbt <1,0,0,0> }
	no_shadow
}

// particle -1
sphere {
	<28.760208, 34.594269, 26.596642> 0.100000
	pigment { color rgbt <1,0,0,0> }
	no_shadow
}
sphere {
	0, 1
	scale<0.080000,0.200000,0.300000>
	matrix <0.435918, 0.679220, -0.590454,
		0.889843, -0.227058, 0.395757,
		0.134739, -0.697929, -0.703378,
		28.800631, 34.384892, 26.385628>
	pigment { color rgbt <0,1,1,0> }
	no_shadow
}
cylinder {
	<29.430046, 34.948933, 26.547213>,  <28.706312, 34.873440, 26.877993>, 0.130000
	pigment { color rgbt <1,0,0,0> }
	no_shadow
}

// nucleotide -1

// particle -1
sphere {
	<29.430046, 34.948933, 26.547213> 0.250000
	pigment { color rgbt <1,0,0,0> }
	no_shadow
}
cylinder {
	<29.171640, 34.788593, 26.287371>,  <29.016596, 34.692390, 26.131466>, 0.100000
	pigment { color rgbt <1,0,0,0> }
	no_shadow
}
cylinder {
	<29.171640, 34.788593, 26.287371>,  <29.430046, 34.948933, 26.547213>, 0.100000
	pigment { color rgbt <1,0,0,0> }
	no_shadow
}

// particle -1
sphere {
	<29.171640, 34.788593, 26.287371> 0.100000
	pigment { color rgbt <1,0,0,0> }
	no_shadow
}
sphere {
	0, 1
	scale<0.080000,0.200000,0.300000>
	matrix <0.302021, 0.647348, -0.699803,
		0.701034, -0.648277, -0.297133,
		-0.646014, -0.400845, -0.649606,
		28.977837, 34.668339, 26.092489>
	pigment { color rgbt <0,1,1,0> }
	no_shadow
}
cylinder {
	<29.724531, 34.757477, 25.964911>,  <29.430046, 34.948933, 26.547213>, 0.130000
	pigment { color rgbt <1,0,0,0> }
	no_shadow
}

// nucleotide -1

// particle -1
sphere {
	<29.724531, 34.757477, 25.964911> 0.250000
	pigment { color rgbt <1,0,0,0> }
	no_shadow
}
cylinder {
	<29.358868, 34.846951, 25.829691>,  <29.139469, 34.900635, 25.748558>, 0.100000
	pigment { color rgbt <1,0,0,0> }
	no_shadow
}
cylinder {
	<29.358868, 34.846951, 25.829691>,  <29.724531, 34.757477, 25.964911>, 0.100000
	pigment { color rgbt <1,0,0,0> }
	no_shadow
}

// particle -1
sphere {
	<29.358868, 34.846951, 25.829691> 0.100000
	pigment { color rgbt <1,0,0,0> }
	no_shadow
}
sphere {
	0, 1
	scale<0.080000,0.200000,0.300000>
	matrix <0.399554, 0.637827, -0.658433,
		0.068336, -0.736982, -0.672449,
		-0.914159, 0.223685, -0.338050,
		29.084620, 34.914055, 25.728275>
	pigment { color rgbt <0,1,1,0> }
	no_shadow
}
cylinder {
	<30.253704, 34.152424, 26.031385>,  <29.724531, 34.757477, 25.964911>, 0.130000
	pigment { color rgbt <1,0,0,0> }
	no_shadow
}

// nucleotide -1

// particle -1
sphere {
	<30.253704, 34.152424, 26.031385> 0.250000
	pigment { color rgbt <1,0,0,0> }
	no_shadow
}
cylinder {
	<30.374100, 34.521004, 26.129646>,  <30.446337, 34.742149, 26.188602>, 0.100000
	pigment { color rgbt <1,0,0,0> }
	no_shadow
}
cylinder {
	<30.374100, 34.521004, 26.129646>,  <30.253704, 34.152424, 26.031385>, 0.100000
	pigment { color rgbt <1,0,0,0> }
	no_shadow
}

// particle -1
sphere {
	<30.374100, 34.521004, 26.129646> 0.100000
	pigment { color rgbt <1,0,0,0> }
	no_shadow
}
sphere {
	0, 1
	scale<0.080000,0.200000,0.300000>
	matrix <-0.004429, -0.256244, 0.966602,
		0.953618, -0.292023, -0.073045,
		0.300987, 0.921445, 0.245652,
		30.464396, 34.797436, 26.203342>
	pigment { color rgbt <0,1,1,0> }
	no_shadow
}
cylinder {
	<30.631023, 34.063290, 26.580662>,  <30.253704, 34.152424, 26.031385>, 0.130000
	pigment { color rgbt <1,0,0,0> }
	no_shadow
}

// nucleotide -1

// particle -1
sphere {
	<30.631023, 34.063290, 26.580662> 0.250000
	pigment { color rgbt <1,0,0,0> }
	no_shadow
}
cylinder {
	<30.563263, 34.452564, 26.642891>,  <30.522606, 34.686131, 26.680229>, 0.100000
	pigment { color rgbt <1,0,0,0> }
	no_shadow
}
cylinder {
	<30.563263, 34.452564, 26.642891>,  <30.631023, 34.063290, 26.580662>, 0.100000
	pigment { color rgbt <1,0,0,0> }
	no_shadow
}

// particle -1
sphere {
	<30.563263, 34.452564, 26.642891> 0.100000
	pigment { color rgbt <1,0,0,0> }
	no_shadow
}
sphere {
	0, 1
	scale<0.080000,0.200000,0.300000>
	matrix <-0.051014, -0.166302, 0.984754,
		0.984226, 0.158884, 0.077818,
		-0.169403, 0.973190, 0.155574,
		30.512442, 34.744522, 26.689564>
	pigment { color rgbt <0,1,1,0> }
	no_shadow
}
cylinder {
	<30.998373, 34.253155, 27.135603>,  <30.631023, 34.063290, 26.580662>, 0.130000
	pigment { color rgbt <1,0,0,0> }
	no_shadow
}

// nucleotide -1

// particle -1
sphere {
	<30.998373, 34.253155, 27.135603> 0.250000
	pigment { color rgbt <1,0,0,0> }
	no_shadow
}
cylinder {
	<30.711996, 34.532265, 27.126369>,  <30.540169, 34.699730, 27.120831>, 0.100000
	pigment { color rgbt <1,0,0,0> }
	no_shadow
}
cylinder {
	<30.711996, 34.532265, 27.126369>,  <30.998373, 34.253155, 27.135603>, 0.100000
	pigment { color rgbt <1,0,0,0> }
	no_shadow
}

// particle -1
sphere {
	<30.711996, 34.532265, 27.126369> 0.100000
	pigment { color rgbt <1,0,0,0> }
	no_shadow
}
sphere {
	0, 1
	scale<0.080000,0.200000,0.300000>
	matrix <-0.022715, 0.009763, 0.999694,
		0.697788, 0.716250, 0.008860,
		-0.715945, 0.697775, -0.023082,
		30.497213, 34.741596, 27.119444>
	pigment { color rgbt <0,1,1,0> }
	no_shadow
}
cylinder {
	<31.196802, 34.900871, 27.568394>,  <30.998373, 34.253155, 27.135603>, 0.130000
	pigment { color rgbt <1,0,0,0> }
	no_shadow
}

// nucleotide -1

// particle -1
sphere {
	<31.196802, 34.900871, 27.568394> 0.250000
	pigment { color rgbt <1,0,0,0> }
	no_shadow
}
cylinder {
	<30.804413, 34.828918, 27.539181>,  <30.568979, 34.785748, 27.521654>, 0.100000
	pigment { color rgbt <1,0,0,0> }
	no_shadow
}
cylinder {
	<30.804413, 34.828918, 27.539181>,  <31.196802, 34.900871, 27.568394>, 0.100000
	pigment { color rgbt <1,0,0,0> }
	no_shadow
}

// particle -1
sphere {
	<30.804413, 34.828918, 27.539181> 0.100000
	pigment { color rgbt <1,0,0,0> }
	no_shadow
}
sphere {
	0, 1
	scale<0.080000,0.200000,0.300000>
	matrix <-0.048493, -0.137216, 0.989353,
		-0.187993, 0.974070, 0.125882,
		-0.980973, -0.179887, -0.073031,
		30.510120, 34.774952, 27.517271>
	pigment { color rgbt <0,1,1,0> }
	no_shadow
}
cylinder {
	<30.950815, 35.278969, 28.131113>,  <31.196802, 34.900871, 27.568394>, 0.130000
	pigment { color rgbt <1,0,0,0> }
	no_shadow
}

// nucleotide -1

// particle -1
sphere {
	<30.950815, 35.278969, 28.131113> 0.250000
	pigment { color rgbt <1,0,0,0> }
	no_shadow
}
cylinder {
	<30.655819, 35.027428, 28.032598>,  <30.478821, 34.876503, 27.973490>, 0.100000
	pigment { color rgbt <1,0,0,0> }
	no_shadow
}
cylinder {
	<30.655819, 35.027428, 28.032598>,  <30.950815, 35.278969, 28.131113>, 0.100000
	pigment { color rgbt <1,0,0,0> }
	no_shadow
}

// particle -1
sphere {
	<30.655819, 35.027428, 28.032598> 0.100000
	pigment { color rgbt <1,0,0,0> }
	no_shadow
}
sphere {
	0, 1
	scale<0.080000,0.200000,0.300000>
	matrix <-0.180128, -0.168310, 0.969136,
		-0.650892, 0.759092, 0.010854,
		-0.737491, -0.628848, -0.246286,
		30.434572, 34.838772, 27.958714>
	pigment { color rgbt <0,1,1,0> }
	no_shadow
}
cylinder {
	<30.305681, 35.534767, 28.361715>,  <30.950815, 35.278969, 28.131113>, 0.130000
	pigment { color rgbt <1,0,0,0> }
	no_shadow
}

// nucleotide -1

// particle -1
sphere {
	<30.305681, 35.534767, 28.361715> 0.250000
	pigment { color rgbt <1,0,0,0> }
	no_shadow
}
cylinder {
	<30.271471, 35.136955, 28.337749>,  <30.250944, 34.898266, 28.323370>, 0.100000
	pigment { color rgbt <1,0,0,0> }
	no_shadow
}
cylinder {
	<30.271471, 35.136955, 28.337749>,  <30.305681, 35.534767, 28.361715>, 0.100000
	pigment { color rgbt <1,0,0,0> }
	no_shadow
}

// particle -1
sphere {
	<30.271471, 35.136955, 28.337749> 0.100000
	pigment { color rgbt <1,0,0,0> }
	no_shadow
}
sphere {
	0, 1
	scale<0.080000,0.200000,0.300000>
	matrix <-0.116409, -0.049750, 0.991954,
		-0.989512, 0.091813, -0.111518,
		-0.085526, -0.994533, -0.059916,
		30.245813, 34.838596, 28.319775>
	pigment { color rgbt <0,1,1,0> }
	no_shadow
}
cylinder {
	<29.844612, 35.395283, 28.866163>,  <30.305681, 35.534767, 28.361715>, 0.130000
	pigment { color rgbt <1,0,0,0> }
	no_shadow
}

// nucleotide -1

// particle -1
sphere {
	<29.844612, 35.395283, 28.866163> 0.250000
	pigment { color rgbt <1,0,0,0> }
	no_shadow
}
cylinder {
	<30.022366, 35.040340, 28.816984>,  <30.129017, 34.827374, 28.787477>, 0.100000
	pigment { color rgbt <1,0,0,0> }
	no_shadow
}
cylinder {
	<30.022366, 35.040340, 28.816984>,  <29.844612, 35.395283, 28.866163>, 0.100000
	pigment { color rgbt <1,0,0,0> }
	no_shadow
}

// particle -1
sphere {
	<30.022366, 35.040340, 28.816984> 0.100000
	pigment { color rgbt <1,0,0,0> }
	no_shadow
}
sphere {
	0, 1
	scale<0.080000,0.200000,0.300000>
	matrix <0.011541, -0.131561, 0.991241,
		-0.895762, -0.441910, -0.048223,
		0.444384, -0.887360, -0.122947,
		30.155682, 34.774132, 28.780100>
	pigment { color rgbt <0,1,1,0> }
	no_shadow
}
cylinder {
	<29.513329, 35.067978, 29.349510>,  <29.844612, 35.395283, 28.866163>, 0.130000
	pigment { color rgbt <1,0,0,0> }
	no_shadow
}

// nucleotide -1

// particle -1
sphere {
	<29.513329, 35.067978, 29.349510> 0.250000
	pigment { color rgbt <1,0,0,0> }
	no_shadow
}
cylinder {
	<29.823605, 34.839470, 29.242212>,  <30.009771, 34.702366, 29.177834>, 0.100000
	pigment { color rgbt <1,0,0,0> }
	no_shadow
}
cylinder {
	<29.823605, 34.839470, 29.242212>,  <29.513329, 35.067978, 29.349510>, 0.100000
	pigment { color rgbt <1,0,0,0> }
	no_shadow
}

// particle -1
sphere {
	<29.823605, 34.839470, 29.242212> 0.100000
	pigment { color rgbt <1,0,0,0> }
	no_shadow
}
sphere {
	0, 1
	scale<0.080000,0.200000,0.300000>
	matrix <0.151862, -0.243595, 0.957914,
		-0.612568, -0.783783, -0.102201,
		0.775692, -0.571267, -0.268245,
		30.056313, 34.668091, 29.161739>
	pigment { color rgbt <0,1,1,0> }
	no_shadow
}
cylinder {
	<29.371429, 34.416790, 29.601500>,  <29.513329, 35.067978, 29.349510>, 0.130000
	pigment { color rgbt <1,0,0,0> }
	no_shadow
}

// nucleotide -1

// particle -1
sphere {
	<29.371429, 34.416790, 29.601500> 0.250000
	pigment { color rgbt <1,0,0,0> }
	no_shadow
}
cylinder {
	<29.770132, 34.435284, 29.575163>,  <30.009354, 34.446381, 29.559361>, 0.100000
	pigment { color rgbt <1,0,0,0> }
	no_shadow
}
cylinder {
	<29.770132, 34.435284, 29.575163>,  <29.371429, 34.416790, 29.601500>, 0.100000
	pigment { color rgbt <1,0,0,0> }
	no_shadow
}

// particle -1
sphere {
	<29.770132, 34.435284, 29.575163> 0.100000
	pigment { color rgbt <1,0,0,0> }
	no_shadow
}
sphere {
	0, 1
	scale<0.080000,0.200000,0.300000>
	matrix <0.077004, -0.311231, 0.947209,
		0.023300, -0.949209, -0.313782,
		0.996758, 0.046233, -0.065842,
		30.069160, 34.449154, 29.555410>
	pigment { color rgbt <0,1,1,0> }
	no_shadow
}
cylinder {
	<29.577110, 33.824516, 29.922596>,  <29.371429, 34.416790, 29.601500>, 0.130000
	pigment { color rgbt <1,0,0,0> }
	no_shadow
}

// nucleotide -1

// particle -1
sphere {
	<29.577110, 33.824516, 29.922596> 0.250000
	pigment { color rgbt <1,0,0,0> }
	no_shadow
}
cylinder {
	<29.906185, 34.051304, 29.905954>,  <30.103630, 34.187378, 29.895969>, 0.100000
	pigment { color rgbt <1,0,0,0> }
	no_shadow
}
cylinder {
	<29.906185, 34.051304, 29.905954>,  <29.577110, 33.824516, 29.922596>, 0.100000
	pigment { color rgbt <1,0,0,0> }
	no_shadow
}

// particle -1
sphere {
	<29.906185, 34.051304, 29.905954> 0.100000
	pigment { color rgbt <1,0,0,0> }
	no_shadow
}
sphere {
	0, 1
	scale<0.080000,0.200000,0.300000>
	matrix <0.159702, -0.160252, 0.974071,
		0.545601, -0.808001, -0.222384,
		0.822688, 0.566969, -0.041606,
		30.152992, 34.221394, 29.893473>
	pigment { color rgbt <0,1,1,0> }
	no_shadow
}
cylinder {
	<30.094299, 33.370350, 30.339931>,  <29.577110, 33.824516, 29.922596>, 0.130000
	pigment { color rgbt <1,0,0,0> }
	no_shadow
}

// nucleotide -1

// particle -1
sphere {
	<30.094299, 33.370350, 30.339931> 0.250000
	pigment { color rgbt <1,0,0,0> }
	no_shadow
}
cylinder {
	<30.213364, 33.752106, 30.349249>,  <30.284801, 33.981159, 30.354839>, 0.100000
	pigment { color rgbt <1,0,0,0> }
	no_shadow
}
cylinder {
	<30.213364, 33.752106, 30.349249>,  <30.094299, 33.370350, 30.339931>, 0.100000
	pigment { color rgbt <1,0,0,0> }
	no_shadow
}

// particle -1
sphere {
	<30.213364, 33.752106, 30.349249> 0.100000
	pigment { color rgbt <1,0,0,0> }
	no_shadow
}
sphere {
	0, 1
	scale<0.080000,0.200000,0.300000>
	matrix <0.121779, -0.062160, 0.990609,
