// switches for output
#declare DRAW_BASES = 1; // possible values are 0, 1; only relevant for DNA ribbons
#declare DRAW_BASES_TYPE = 3; // possible values are 1, 2, 3; only relevant for DNA ribbons
#declare DRAW_FOG = 0; // set to 1 to enable fog

#include "colors.inc"

#include "transforms.inc"
background { rgb <1, 1, 1>}

#default {
   normal{
       ripples 0.25
       frequency 0.20
       turbulence 0.2
       lambda 5
   }
	finish {
		phong 0.1
		phong_size 40.
	}
}

// original window dimensions: 1024x640


// camera settings

camera {
	sky <0, 0.179814, -0.983701>
	up <0, 0.179814, -0.983701>
	right 1.6 * <1, 0, 0>
	location <35, 94.9851, 44.8844>
	look_at <35, 29.7336, 32.9568>
	direction <0, -65.2515, -11.9276>
	angle 67.0682
}


# declare cpy_camera_pos = <35, 94.9851, 44.8844>;
# if (DRAW_FOG = 1)
fog {
	fog_type 2
	up vnormalize(cpy_camera_pos)
	color rgbt<1,1,1,0.3>
	distance 1e-5
	fog_alt 3e-3
	fog_offset 56
}
# end


// LIGHTS

# declare lum = 6;
global_settings {
	ambient_light rgb lum * <0.05, 0.05, 0.05>
	max_trace_level 15
}# declare cpy_direct_light_amount = 0.25;
light_source
{	1000 * <-1, -1.16352, -0.803886>,
	rgb lum * cpy_direct_light_amount
	parallel
}

light_source
{	1000 * <1, 1.16352, 0.803886>,
	rgb lum * cpy_direct_light_amount
	parallel
}

// strand 0

// nucleotide -1

// particle -1
sphere {
	<23.880884, 35.099751, 34.948986> 0.250000
	pigment { color rgbt <1,0,0,0> }
	no_shadow
}
cylinder {
	<24.227844, 35.075100, 35.146500>,  <24.436020, 35.060310, 35.265007>, 0.100000
	pigment { color rgbt <1,0,0,0> }
	no_shadow
}
cylinder {
	<24.227844, 35.075100, 35.146500>,  <23.880884, 35.099751, 34.948986>, 0.100000
	pigment { color rgbt <1,0,0,0> }
	no_shadow
}

// particle -1
sphere {
	<24.227844, 35.075100, 35.146500> 0.100000
	pigment { color rgbt <1,0,0,0> }
	no_shadow
}
sphere {
	0, 1
	scale<0.080000,0.200000,0.300000>
	matrix <-0.383434, 0.549700, 0.742165,
		-0.317166, -0.833086, 0.453182,
		0.867401, -0.061624, 0.493779,
		24.488064, 35.056614, 35.294632>
	pigment { color rgbt <0,1,1,0> }
	no_shadow
}
cylinder {
	<23.687571, 34.986992, 35.632671>,  <23.880884, 35.099751, 34.948986>, 0.130000
	pigment { color rgbt <1,0,0,0> }
	no_shadow
}

// nucleotide -1

// particle -1
sphere {
	<23.687571, 34.986992, 35.632671> 0.250000
	pigment { color rgbt <1,0,0,0> }
	no_shadow
}
cylinder {
	<24.063076, 35.124249, 35.620129>,  <24.288380, 35.206600, 35.612602>, 0.100000
	pigment { color rgbt <1,0,0,0> }
	no_shadow
}
cylinder {
	<24.063076, 35.124249, 35.620129>,  <23.687571, 34.986992, 35.632671>, 0.100000
	pigment { color rgbt <1,0,0,0> }
	no_shadow
}

// particle -1
sphere {
	<24.063076, 35.124249, 35.620129> 0.100000
	pigment { color rgbt <1,0,0,0> }
	no_shadow
}
sphere {
	0, 1
	scale<0.080000,0.200000,0.300000>
	matrix <-0.239422, 0.715039, 0.656807,
		0.247798, -0.609078, 0.753406,
		0.938762, 0.343137, -0.031359,
		24.344704, 35.227188, 35.610722>
	pigment { color rgbt <0,1,1,0> }
	no_shadow
}
cylinder {
	<24.042599, 35.099751, 36.284973>,  <23.687571, 34.986992, 35.632671>, 0.130000
	pigment { color rgbt <1,0,0,0> }
	no_shadow
}

// nucleotide -1

// particle -1
sphere {
	<24.042599, 35.099751, 36.284973> 0.250000
	pigment { color rgbt <1,0,0,0> }
	no_shadow
}
cylinder {
	<24.185835, 35.365162, 36.022217>,  <24.271776, 35.524410, 35.864563>, 0.100000
	pigment { color rgbt <1,0,0,0> }
	no_shadow
}
cylinder {
	<24.185835, 35.365162, 36.022217>,  <24.042599, 35.099751, 36.284973>, 0.100000
	pigment { color rgbt <1,0,0,0> }
	no_shadow
}

// particle -1
sphere {
	<24.185835, 35.365162, 36.022217> 0.100000
	pigment { color rgbt <1,0,0,0> }
	no_shadow
}
sphere {
	0, 1
	scale<0.080000,0.200000,0.300000>
	matrix <-0.228914, 0.744460, 0.627198,
		0.905191, -0.074221, 0.418473,
		0.358088, 0.663529, -0.656888,
		24.293262, 35.564220, 35.825150>
	pigment { color rgbt <0,1,1,0> }
	no_shadow
}
cylinder {
	<24.633873, 34.995064, 36.640053>,  <24.042599, 35.099751, 36.284973>, 0.130000
	pigment { color rgbt <1,0,0,0> }
	no_shadow
}

// nucleotide -1

// particle -1
sphere {
	<24.633873, 34.995064, 36.640053> 0.250000
	pigment { color rgbt <1,0,0,0> }
	no_shadow
}
cylinder {
	<25.014662, 34.895355, 36.711166>,  <25.243135, 34.835529, 36.753834>, 0.100000
	pigment { color rgbt <1,0,0,0> }
	no_shadow
}
cylinder {
	<25.014662, 34.895355, 36.711166>,  <24.633873, 34.995064, 36.640053>, 0.100000
	pigment { color rgbt <1,0,0,0> }
	no_shadow
}

// particle -1
sphere {
	<25.014662, 34.895355, 36.711166> 0.100000
	pigment { color rgbt <1,0,0,0> }
	no_shadow
}
sphere {
	0, 1
	scale<0.080000,0.200000,0.300000>
	matrix <0.266852, 0.960191, -0.082599,
		-0.150116, 0.126074, 0.980597,
		0.951974, -0.249275, 0.177784,
		25.300255, 34.820572, 36.764500>
	pigment { color rgbt <0,1,1,0> }
	no_shadow
}
cylinder {
	<24.848297, 35.618389, 36.625683>,  <24.633873, 34.995064, 36.640053>, 0.130000
	pigment { color rgbt <1,0,0,0> }
	no_shadow
}

// nucleotide -1

// particle -1
sphere {
	<24.848297, 35.618389, 36.625683> 0.250000
	pigment { color rgbt <1,0,0,0> }
	no_shadow
}
cylinder {
	<25.190483, 35.436954, 36.725639>,  <25.395794, 35.328094, 36.785614>, 0.100000
	pigment { color rgbt <1,0,0,0> }
	no_shadow
}
cylinder {
	<25.190483, 35.436954, 36.725639>,  <24.848297, 35.618389, 36.625683>, 0.100000
	pigment { color rgbt <1,0,0,0> }
	no_shadow
}

// particle -1
sphere {
	<25.190483, 35.436954, 36.725639> 0.100000
	pigment { color rgbt <1,0,0,0> }
	no_shadow
}
sphere {
	0, 1
	scale<0.080000,0.200000,0.300000>
	matrix <0.485924, 0.869907, -0.084497,
		-0.179053, 0.193711, 0.964581,
		0.855464, -0.453584, 0.249888,
		25.447123, 35.300880, 36.800606>
	pigment { color rgbt <0,1,1,0> }
	no_shadow
}
cylinder {
	<25.228064, 36.051487, 37.134335>,  <24.848297, 35.618389, 36.625683>, 0.130000
	pigment { color rgbt <1,0,0,0> }
	no_shadow
}

// nucleotide -1

// particle -1
sphere {
	<25.228064, 36.051487, 37.134335> 0.250000
	pigment { color rgbt <1,0,0,0> }
	no_shadow
}
cylinder {
	<25.508316, 35.811943, 36.979168>,  <25.676468, 35.668217, 36.886070>, 0.100000
	pigment { color rgbt <1,0,0,0> }
	no_shadow
}
cylinder {
	<25.508316, 35.811943, 36.979168>,  <25.228064, 36.051487, 37.134335>, 0.100000
	pigment { color rgbt <1,0,0,0> }
	no_shadow
}

// particle -1
sphere {
	<25.508316, 35.811943, 36.979168> 0.100000
	pigment { color rgbt <1,0,0,0> }
	no_shadow
}
sphere {
	0, 1
	scale<0.080000,0.200000,0.300000>
	matrix <0.566662, 0.797387, -0.207527,
		0.433597, -0.074416, 0.898029,
		0.700634, -0.598862, -0.387914,
		25.718506, 35.632286, 36.862793>
	pigment { color rgbt <0,1,1,0> }
	no_shadow
}
cylinder {
	<25.778427, 36.242989, 37.440895>,  <25.228064, 36.051487, 37.134335>, 0.130000
	pigment { color rgbt <1,0,0,0> }
	no_shadow
}

// nucleotide -1

// particle -1
sphere {
	<25.778427, 36.242989, 37.440895> 0.250000
	pigment { color rgbt <1,0,0,0> }
	no_shadow
}
cylinder {
	<25.923611, 36.068359, 37.111614>,  <26.010721, 35.963581, 36.914047>, 0.100000
	pigment { color rgbt <1,0,0,0> }
	no_shadow
}
cylinder {
	<25.923611, 36.068359, 37.111614>,  <25.778427, 36.242989, 37.440895>, 0.100000
	pigment { color rgbt <1,0,0,0> }
	no_shadow
}

// particle -1
sphere {
	<25.923611, 36.068359, 37.111614> 0.100000
	pigment { color rgbt <1,0,0,0> }
	no_shadow
}
sphere {
	0, 1
	scale<0.080000,0.200000,0.300000>
	matrix <0.583527, 0.795264, -0.164474,
		0.726469, -0.420664, 0.543401,
		0.362959, -0.436575, -0.823203,
		26.032499, 35.937386, 36.864655>
	pigment { color rgbt <0,1,1,0> }
	no_shadow
}
cylinder {
	<26.445518, 36.443829, 37.427948>,  <25.778427, 36.242989, 37.440895>, 0.130000
	pigment { color rgbt <1,0,0,0> }
	no_shadow
}

// nucleotide -1

// particle -1
sphere {
	<26.445518, 36.443829, 37.427948> 0.250000
	pigment { color rgbt <1,0,0,0> }
	no_shadow
}
cylinder {
	<26.394894, 36.342842, 37.044231>,  <26.364519, 36.282249, 36.813999>, 0.100000
	pigment { color rgbt <1,0,0,0> }
	no_shadow
}
cylinder {
	<26.394894, 36.342842, 37.044231>,  <26.445518, 36.443829, 37.427948>, 0.100000
	pigment { color rgbt <1,0,0,0> }
	no_shadow
}

// particle -1
sphere {
	<26.394894, 36.342842, 37.044231> 0.100000
	pigment { color rgbt <1,0,0,0> }
	no_shadow
}
sphere {
	0, 1
	scale<0.080000,0.200000,0.300000>
	matrix <0.449730, 0.847365, -0.282339,
		0.884152, -0.467157, 0.006296,
		-0.126561, -0.252462, -0.959294,
		26.356926, 36.267105, 36.756443>
	pigment { color rgbt <0,1,1,0> }
	no_shadow
}
cylinder {
	<27.116047, 36.363609, 37.228512>,  <26.445518, 36.443829, 37.427948>, 0.130000
	pigment { color rgbt <1,0,0,0> }
	no_shadow
}

// nucleotide -1

// particle -1
sphere {
	<27.116047, 36.363609, 37.228512> 0.250000
	pigment { color rgbt <1,0,0,0> }
	no_shadow
}
cylinder {
	<26.878197, 36.402405, 36.909260>,  <26.735487, 36.425682, 36.717709>, 0.100000
	pigment { color rgbt <1,0,0,0> }
	no_shadow
}
cylinder {
	<26.878197, 36.402405, 36.909260>,  <27.116047, 36.363609, 37.228512>, 0.100000
	pigment { color rgbt <1,0,0,0> }
	no_shadow
}

// particle -1
sphere {
	<26.878197, 36.402405, 36.909260> 0.100000
	pigment { color rgbt <1,0,0,0> }
	no_shadow
}
sphere {
	0, 1
	scale<0.080000,0.200000,0.300000>
	matrix <0.666815, 0.614115, -0.422162,
		0.449200, -0.783234, -0.429842,
		-0.594624, 0.096989, -0.798133,
		26.699810, 36.431503, 36.669819>
	pigment { color rgbt <0,1,1,0> }
	no_shadow
}
cylinder {
	<27.531555, 36.261269, 36.702026>,  <27.116047, 36.363609, 37.228512>, 0.130000
	pigment { color rgbt <1,0,0,0> }
	no_shadow
}

// nucleotide -1

// particle -1
sphere {
	<27.531555, 36.261269, 36.702026> 0.250000
	pigment { color rgbt <1,0,0,0> }
	no_shadow
}
cylinder {
	<27.224255, 36.478043, 36.565735>,  <27.039873, 36.608109, 36.483959>, 0.100000
	pigment { color rgbt <1,0,0,0> }
	no_shadow
}
cylinder {
	<27.224255, 36.478043, 36.565735>,  <27.531555, 36.261269, 36.702026>, 0.100000
	pigment { color rgbt <1,0,0,0> }
	no_shadow
}

// particle -1
sphere {
	<27.224255, 36.478043, 36.565735> 0.100000
	pigment { color rgbt <1,0,0,0> }
	no_shadow
}
sphere {
	0, 1
	scale<0.080000,0.200000,0.300000>
	matrix <0.626311, 0.526270, -0.575129,
		-0.132370, -0.655244, -0.743729,
		-0.768253, 0.541936, -0.340725,
		26.993778, 36.640625, 36.463516>
	pigment { color rgbt <0,1,1,0> }
	no_shadow
}
cylinder {
	<27.761843, 36.651379, 36.069275>,  <27.531555, 36.261269, 36.702026>, 0.130000
	pigment { color rgbt <1,0,0,0> }
	no_shadow
}

// nucleotide -1

// particle -1
sphere {
	<27.761843, 36.651379, 36.069275> 0.250000
	pigment { color rgbt <1,0,0,0> }
	no_shadow
}
cylinder {
	<27.437973, 36.865734, 36.164986>,  <27.243652, 36.994347, 36.222412>, 0.100000
	pigment { color rgbt <1,0,0,0> }
	no_shadow
}
cylinder {
	<27.437973, 36.865734, 36.164986>,  <27.761843, 36.651379, 36.069275>, 0.100000
	pigment { color rgbt <1,0,0,0> }
	no_shadow
}

// particle -1
sphere {
	<27.437973, 36.865734, 36.164986> 0.100000
	pigment { color rgbt <1,0,0,0> }
	no_shadow
}
sphere {
	0, 1
	scale<0.080000,0.200000,0.300000>
	matrix <0.439606, 0.823903, -0.357673,
		-0.388815, -0.184410, -0.902672,
		-0.809673, 0.535888, 0.239278,
		27.195070, 37.026501, 36.236771>
	pigment { color rgbt <0,1,1,0> }
	no_shadow
}
cylinder {
	<27.718578, 37.151455, 35.475563>,  <27.761843, 36.651379, 36.069275>, 0.130000
	pigment { color rgbt <1,0,0,0> }
	no_shadow
}

// nucleotide -1

// particle -1
sphere {
	<27.718578, 37.151455, 35.475563> 0.250000
	pigment { color rgbt <1,0,0,0> }
	no_shadow
}
cylinder {
	<27.449369, 37.324699, 35.715382>,  <27.287844, 37.428646, 35.859272>, 0.100000
	pigment { color rgbt <1,0,0,0> }
	no_shadow
}
cylinder {
	<27.449369, 37.324699, 35.715382>,  <27.718578, 37.151455, 35.475563>, 0.100000
	pigment { color rgbt <1,0,0,0> }
	no_shadow
}

// particle -1
sphere {
	<27.449369, 37.324699, 35.715382> 0.100000
	pigment { color rgbt <1,0,0,0> }
	no_shadow
}
sphere {
	0, 1
	scale<0.080000,0.200000,0.300000>
	matrix <0.409771, 0.893182, -0.185238,
		-0.615734, 0.121008, -0.778607,
		-0.673022, 0.433108, 0.599548,
		27.247463, 37.454632, 35.895245>
	pigment { color rgbt <0,1,1,0> }
	no_shadow
}
cylinder {
	<27.398205, 37.756447, 35.111061>,  <27.718578, 37.151455, 35.475563>, 0.130000
	pigment { color rgbt <1,0,0,0> }
	no_shadow
}

// nucleotide -1

// particle -1
sphere {
	<27.398205, 37.756447, 35.111061> 0.250000
	pigment { color rgbt <1,0,0,0> }
	no_shadow
}
cylinder {
	<27.374353, 37.805687, 35.507301>,  <27.360043, 37.835232, 35.745045>, 0.100000
	pigment { color rgbt <1,0,0,0> }
	no_shadow
}
cylinder {
	<27.374353, 37.805687, 35.507301>,  <27.398205, 37.756447, 35.111061>, 0.100000
	pigment { color rgbt <1,0,0,0> }
	no_shadow
}

// particle -1
sphere {
	<27.374353, 37.805687, 35.507301> 0.100000
	pigment { color rgbt <1,0,0,0> }
	no_shadow
}
sphere {
	0, 1
	scale<0.080000,0.200000,0.300000>
	matrix <0.461295, 0.883448, -0.082018,
		-0.885241, 0.452069, -0.109463,
		-0.059627, 0.123100, 0.990601,
		27.356464, 37.842617, 35.804482>
	pigment { color rgbt <0,1,1,0> }
	no_shadow
}
cylinder {
	<27.168945, 38.456429, 35.181480>,  <27.398205, 37.756447, 35.111061>, 0.130000
	pigment { color rgbt <1,0,0,0> }
	no_shadow
}

// nucleotide -1

// particle -1
sphere {
	<27.168945, 38.456429, 35.181480> 0.250000
	pigment { color rgbt <1,0,0,0> }
	no_shadow
}
cylinder {
	<27.325090, 38.322350, 35.524471>,  <27.418777, 38.241901, 35.730267>, 0.100000
	pigment { color rgbt <1,0,0,0> }
	no_shadow
}
cylinder {
	<27.325090, 38.322350, 35.524471>,  <27.168945, 38.456429, 35.181480>, 0.100000
	pigment { color rgbt <1,0,0,0> }
	no_shadow
}

// particle -1
sphere {
	<27.325090, 38.322350, 35.524471> 0.100000
	pigment { color rgbt <1,0,0,0> }
	no_shadow
}
sphere {
	0, 1
	scale<0.080000,0.200000,0.300000>
	matrix <0.371289, 0.909587, 0.186536,
		-0.842473, 0.245554, 0.479523,
		0.390363, -0.335193, 0.857474,
		27.442200, 38.221790, 35.781715>
	pigment { color rgbt <0,1,1,0> }
	no_shadow
}
cylinder {
	<27.014587, 39.002171, 35.733578>,  <27.168945, 38.456429, 35.181480>, 0.130000
	pigment { color rgbt <1,0,0,0> }
	no_shadow
}

// nucleotide -1

// particle -1
sphere {
	<27.014587, 39.002171, 35.733578> 0.250000
	pigment { color rgbt <1,0,0,0> }
	no_shadow
}
cylinder {
	<27.320738, 38.774998, 35.854671>,  <27.504429, 38.638695, 35.927330>, 0.100000
	pigment { color rgbt <1,0,0,0> }
	no_shadow
}
cylinder {
	<27.320738, 38.774998, 35.854671>,  <27.014587, 39.002171, 35.733578>, 0.100000
	pigment { color rgbt <1,0,0,0> }
	no_shadow
}

// particle -1
sphere {
	<27.320738, 38.774998, 35.854671> 0.100000
	pigment { color rgbt <1,0,0,0> }
	no_shadow
}
sphere {
	0, 1
	scale<0.080000,0.200000,0.300000>
	matrix <0.578694, 0.813153, 0.062417,
		-0.281620, 0.127420, 0.951028,
		0.765378, -0.567932, 0.302738,
		27.550352, 38.604618, 35.945492>
	pigment { color rgbt <0,1,1,0> }
	no_shadow
}
cylinder {
	<27.342875, 39.371227, 36.362415>,  <27.014587, 39.002171, 35.733578>, 0.130000
	pigment { color rgbt <1,0,0,0> }
	no_shadow
}

// nucleotide -1

// particle -1
sphere {
	<27.342875, 39.371227, 36.362415> 0.250000
	pigment { color rgbt <1,0,0,0> }
	no_shadow
}
cylinder {
	<27.622948, 39.119583, 36.227386>,  <27.790993, 38.968597, 36.146370>, 0.100000
	pigment { color rgbt <1,0,0,0> }
	no_shadow
}
cylinder {
	<27.622948, 39.119583, 36.227386>,  <27.342875, 39.371227, 36.362415>, 0.100000
	pigment { color rgbt <1,0,0,0> }
	no_shadow
}

// particle -1
sphere {
	<27.622948, 39.119583, 36.227386> 0.100000
	pigment { color rgbt <1,0,0,0> }
	no_shadow
}
sphere {
	0, 1
	scale<0.080000,0.200000,0.300000>
	matrix <0.712678, 0.644213, 0.277633,
		0.042807, -0.434977, 0.899423,
		0.700184, -0.629114, -0.337576,
		27.833002, 38.930847, 36.126114>
	pigment { color rgbt <0,1,1,0> }
	no_shadow
}
cylinder {
	<27.882744, 39.394901, 36.951782>,  <27.342875, 39.371227, 36.362415>, 0.130000
	pigment { color rgbt <1,0,0,0> }
	no_shadow
}

// nucleotide -1

// particle -1
sphere {
	<27.882744, 39.394901, 36.951782> 0.250000
	pigment { color rgbt <1,0,0,0> }
	no_shadow
}
cylinder {
	<28.049570, 39.242672, 36.621639>,  <28.149666, 39.151333, 36.423553>, 0.100000
	pigment { color rgbt <1,0,0,0> }
	no_shadow
}
cylinder {
	<28.049570, 39.242672, 36.621639>,  <27.882744, 39.394901, 36.951782>, 0.100000
	pigment { color rgbt <1,0,0,0> }
	no_shadow
}

// particle -1
sphere {
	<28.049570, 39.242672, 36.621639> 0.100000
	pigment { color rgbt <1,0,0,0> }
	no_shadow
}
sphere {
	0, 1
	scale<0.080000,0.200000,0.300000>
	matrix <0.722205, 0.690099, 0.046733,
		0.551793, -0.615568, 0.562672,
		0.417067, -0.380578, -0.825358,
		28.174690, 39.128498, 36.374031>
	pigment { color rgbt <0,1,1,0> }
	no_shadow
}
cylinder {
	<28.658882, 39.516987, 37.010975>,  <27.882744, 39.394901, 36.951782>, 0.130000
	pigment { color rgbt <1,0,0,0> }
	no_shadow
}

// nucleotide -1

// particle -1
sphere {
	<28.658882, 39.516987, 37.010975> 0.250000
	pigment { color rgbt <1,0,0,0> }
	no_shadow
}
cylinder {
	<28.613007, 39.423977, 36.624653>,  <28.585482, 39.368172, 36.392860>, 0.100000
	pigment { color rgbt <1,0,0,0> }
	no_shadow
}
cylinder {
	<28.613007, 39.423977, 36.624653>,  <28.658882, 39.516987, 37.010975>, 0.100000
	pigment { color rgbt <1,0,0,0> }
	no_shadow
}

// particle -1
sphere {
	<28.613007, 39.423977, 36.624653> 0.100000
	pigment { color rgbt <1,0,0,0> }
	no_shadow
}
sphere {
	0, 1
	scale<0.080000,0.200000,0.300000>
	matrix <0.699848, 0.671080, -0.244671,
		0.705024, -0.703978, 0.085765,
		-0.114688, -0.232522, -0.965805,
		28.578600, 39.354221, 36.334911>
	pigment { color rgbt <0,1,1,0> }
	no_shadow
}
cylinder {
	<29.364855, 39.352711, 36.657001>,  <28.658882, 39.516987, 37.010975>, 0.130000
	pigment { color rgbt <1,0,0,0> }
	no_shadow
}

// nucleotide -1

// particle -1
sphere {
	<29.364855, 39.352711, 36.657001> 0.250000
	pigment { color rgbt <1,0,0,0> }
	no_shadow
}
cylinder {
	<29.102545, 39.492523, 36.389336>,  <28.945158, 39.576412, 36.228737>, 0.100000
	pigment { color rgbt <1,0,0,0> }
	no_shadow
}
cylinder {
	<29.102545, 39.492523, 36.389336>,  <29.364855, 39.352711, 36.657001>, 0.100000
	pigment { color rgbt <1,0,0,0> }
	no_shadow
}

// particle -1
sphere {
	<29.102545, 39.492523, 36.389336> 0.100000
	pigment { color rgbt <1,0,0,0> }
	no_shadow
}
sphere {
	0, 1
	scale<0.080000,0.200000,0.300000>
	matrix <0.637847, 0.730685, -0.243414,
		0.403869, -0.586451, -0.702115,
		-0.655775, 0.349534, -0.669167,
		28.905811, 39.597382, 36.188587>
	pigment { color rgbt <0,1,1,0> }
	no_shadow
}
cylinder {
	<29.739353, 39.595348, 36.110786>,  <29.364855, 39.352711, 36.657001>, 0.130000
	pigment { color rgbt <1,0,0,0> }
	no_shadow
}

// nucleotide -1

// particle -1
sphere {
	<29.739353, 39.595348, 36.110786> 0.250000
	pigment { color rgbt <1,0,0,0> }
	no_shadow
}
cylinder {
	<29.381258, 39.755791, 36.033161>,  <29.166401, 39.852058, 35.986584>, 0.100000
	pigment { color rgbt <1,0,0,0> }
	no_shadow
}
cylinder {
	<29.381258, 39.755791, 36.033161>,  <29.739353, 39.595348, 36.110786>, 0.100000
	pigment { color rgbt <1,0,0,0> }
	no_shadow
}

// particle -1
sphere {
	<29.381258, 39.755791, 36.033161> 0.100000
	pigment { color rgbt <1,0,0,0> }
	no_shadow
}
sphere {
	0, 1
	scale<0.080000,0.200000,0.300000>
	matrix <0.442791, 0.752069, -0.488189,
		-0.049867, -0.522975, -0.850888,
		-0.895237, 0.401110, -0.194066,
		29.112686, 39.876125, 35.974941>
	pigment { color rgbt <0,1,1,0> }
	no_shadow
}
cylinder {
	<29.635477, 39.642685, 35.407036>,  <29.739353, 39.595348, 36.110786>, 0.130000
	pigment { color rgbt <1,0,0,0> }
	no_shadow
}

// nucleotide -1

// particle -1
sphere {
	<29.635477, 39.642685, 35.407036> 0.250000
	pigment { color rgbt <1,0,0,0> }
	no_shadow
}
cylinder {
	<29.403534, 39.930706, 35.559502>,  <29.264368, 40.103519, 35.650982>, 0.100000
	pigment { color rgbt <1,0,0,0> }
	no_shadow
}
cylinder {
	<29.403534, 39.930706, 35.559502>,  <29.635477, 39.642685, 35.407036>, 0.100000
	pigment { color rgbt <1,0,0,0> }
	no_shadow
}

// particle -1
sphere {
	<29.403534, 39.930706, 35.559502> 0.100000
	pigment { color rgbt <1,0,0,0> }
	no_shadow
}
sphere {
	0, 1
	scale<0.080000,0.200000,0.300000>
	matrix <0.426580, 0.666922, -0.610938,
		-0.694114, -0.191662, -0.693882,
		-0.579858, 0.720056, 0.381160,
		29.229576, 40.146725, 35.673851>
	pigment { color rgbt <0,1,1,0> }
	no_shadow
}
cylinder {
	<29.612690, 40.040287, 34.914684>,  <29.635477, 39.642685, 35.407036>, 0.130000
	pigment { color rgbt <1,0,0,0> }
	no_shadow
}

// nucleotide -1

// particle -1
sphere {
	<29.612690, 40.040287, 34.914684> 0.250000
	pigment { color rgbt <1,0,0,0> }
	no_shadow
}
cylinder {
	<29.426291, 40.276897, 35.177879>,  <29.314451, 40.418861, 35.335796>, 0.100000
	pigment { color rgbt <1,0,0,0> }
	no_shadow
}
cylinder {
	<29.426291, 40.276897, 35.177879>,  <29.612690, 40.040287, 34.914684>, 0.100000
	pigment { color rgbt <1,0,0,0> }
	no_shadow
}

// particle -1
sphere {
	<29.426291, 40.276897, 35.177879> 0.100000
	pigment { color rgbt <1,0,0,0> }
	no_shadow
}
sphere {
	0, 1
	scale<0.080000,0.200000,0.300000>
	matrix <0.132113, 0.781848, -0.609311,
		-0.874866, -0.197011, -0.442489,
		-0.466000, 0.591524, 0.657985,
		29.286491, 40.454353, 35.375275>
	pigment { color rgbt <0,1,1,0> }
	no_shadow
}
cylinder {
	<29.232882, 40.407639, 34.521439>,  <29.612690, 40.040287, 34.914684>, 0.130000
	pigment { color rgbt <1,0,0,0> }
	no_shadow
}

// nucleotide -1

// particle -1
sphere {
	<29.232882, 40.407639, 34.521439> 0.250000
	pigment { color rgbt <1,0,0,0> }
	no_shadow
}
cylinder {
	<29.250858, 40.628998, 34.854118>,  <29.261644, 40.761814, 35.053726>, 0.100000
	pigment { color rgbt <1,0,0,0> }
	no_shadow
}
cylinder {
	<29.250858, 40.628998, 34.854118>,  <29.232882, 40.407639, 34.521439>, 0.100000
	pigment { color rgbt <1,0,0,0> }
	no_shadow
}

// particle -1
sphere {
	<29.250858, 40.628998, 34.854118> 0.100000
	pigment { color rgbt <1,0,0,0> }
	no_shadow
}
sphere {
	0, 1
	scale<0.080000,0.200000,0.300000>
	matrix <0.123941, 0.823021, -0.554324,
		-0.991271, 0.127995, -0.031599,
		0.044944, 0.553401, 0.831701,
		29.264341, 40.795017, 35.103630>
	pigment { color rgbt <0,1,1,0> }
	no_shadow
}
cylinder {
	<28.946877, 41.048824, 34.377892>,  <29.232882, 40.407639, 34.521439>, 0.130000
	pigment { color rgbt <1,0,0,0> }
	no_shadow
}

// nucleotide -1

// particle -1
sphere {
	<28.946877, 41.048824, 34.377892> 0.250000
	pigment { color rgbt <1,0,0,0> }
	no_shadow
}
cylinder {
	<29.171650, 41.138035, 34.696510>,  <29.306513, 41.191563, 34.887684>, 0.100000
	pigment { color rgbt <1,0,0,0> }
	no_shadow
}
cylinder {
	<29.171650, 41.138035, 34.696510>,  <28.946877, 41.048824, 34.377892>, 0.100000
	pigment { color rgbt <1,0,0,0> }
	no_shadow
}

// particle -1
sphere {
	<29.171650, 41.138035, 34.696510> 0.100000
	pigment { color rgbt <1,0,0,0> }
	no_shadow
}
sphere {
	0, 1
	scale<0.080000,0.200000,0.300000>
	matrix <0.442653, 0.732405, -0.517341,
		-0.698778, 0.643305, 0.312837,
		0.561932, 0.223028, 0.796549,
		29.340229, 41.204945, 34.935474>
	pigment { color rgbt <0,1,1,0> }
	no_shadow
}
cylinder {
	<29.002304, 41.710297, 34.259182>,  <28.946877, 41.048824, 34.377892>, 0.130000
	pigment { color rgbt <1,0,0,0> }
	no_shadow
}

// nucleotide -1

// particle -1
sphere {
	<29.002304, 41.710297, 34.259182> 0.250000
	pigment { color rgbt <1,0,0,0> }
	no_shadow
}
cylinder {
	<29.275444, 41.652508, 34.545635>,  <29.439327, 41.617836, 34.717506>, 0.100000
	pigment { color rgbt <1,0,0,0> }
	no_shadow
}
cylinder {
	<29.275444, 41.652508, 34.545635>,  <29.002304, 41.710297, 34.259182>, 0.100000
	pigment { color rgbt <1,0,0,0> }
	no_shadow
}

// particle -1
sphere {
	<29.275444, 41.652508, 34.545635> 0.100000
	pigment { color rgbt <1,0,0,0> }
	no_shadow
}
sphere {
	0, 1
	scale<0.080000,0.200000,0.300000>
	matrix <0.508356, 0.797973, -0.323749,
		-0.524682, 0.585122, 0.618337,
		0.682849, -0.144470, 0.716133,
		29.480299, 41.609165, 34.760475>
	pigment { color rgbt <0,1,1,0> }
	no_shadow
}
cylinder {
	<29.146044, 42.321342, 34.713928>,  <29.002304, 41.710297, 34.259182>, 0.130000
	pigment { color rgbt <1,0,0,0> }
	no_shadow
}

// nucleotide -1

// particle -1
sphere {
	<29.146044, 42.321342, 34.713928> 0.250000
	pigment { color rgbt <1,0,0,0> }
	no_shadow
}
cylinder {
	<29.458107, 42.075535, 34.667068>,  <29.645346, 41.928051, 34.638954>, 0.100000
	pigment { color rgbt <1,0,0,0> }
	no_shadow
}
cylinder {
	<29.458107, 42.075535, 34.667068>,  <29.146044, 42.321342, 34.713928>, 0.100000
	pigment { color rgbt <1,0,0,0> }
	no_shadow
}

// particle -1
sphere {
	<29.458107, 42.075535, 34.667068> 0.100000
	pigment { color rgbt <1,0,0,0> }
	no_shadow
}
sphere {
	0, 1
	scale<0.080000,0.200000,0.300000>
	matrix <0.525702, 0.745508, -0.409701,
		0.339105, 0.258046, 0.904666,
		0.780158, -0.614516, -0.117150,
		29.692154, 41.891182, 34.631924>
	pigment { color rgbt <0,1,1,0> }
	no_shadow
}
cylinder {
	<29.768812, 42.551590, 35.149593>,  <29.146044, 42.321342, 34.713928>, 0.130000
	pigment { color rgbt <1,0,0,0> }
	no_shadow
}

// nucleotide -1

// particle -1
sphere {
	<29.768812, 42.551590, 35.149593> 0.250000
	pigment { color rgbt <1,0,0,0> }
	no_shadow
}
cylinder {
	<29.868994, 42.332203, 34.830482>,  <29.929104, 42.200569, 34.639015>, 0.100000
	pigment { color rgbt <1,0,0,0> }
	no_shadow
}
cylinder {
	<29.868994, 42.332203, 34.830482>,  <29.768812, 42.551590, 35.149593>, 0.100000
	pigment { color rgbt <1,0,0,0> }
	no_shadow
}

// particle -1
sphere {
	<29.868994, 42.332203, 34.830482> 0.100000
	pigment { color rgbt <1,0,0,0> }
	no_shadow
}
sphere {
	0, 1
	scale<0.080000,0.200000,0.300000>
	matrix <0.569864, 0.749681, -0.336501,
		0.782641, -0.370347, 0.500317,
		0.250456, -0.548472, -0.797778,
		29.944130, 42.167660, 34.591148>
	pigment { color rgbt <0,1,1,0> }
	no_shadow
}
cylinder {
	<30.423096, 42.353333, 35.162861>,  <29.768812, 42.551590, 35.149593>, 0.130000
	pigment { color rgbt <1,0,0,0> }
	no_shadow
}

// nucleotide -1

// particle -1
sphere {
	<30.423096, 42.353333, 35.162861> 0.250000
	pigment { color rgbt <1,0,0,0> }
	no_shadow
}
cylinder {
	<30.267658, 42.438015, 34.804157>,  <30.174397, 42.488823, 34.588936>, 0.100000
	pigment { color rgbt <1,0,0,0> }
	no_shadow
}
cylinder {
	<30.267658, 42.438015, 34.804157>,  <30.423096, 42.353333, 35.162861>, 0.100000
	pigment { color rgbt <1,0,0,0> }
	no_shadow
}

// particle -1
sphere {
	<30.267658, 42.438015, 34.804157> 0.100000
	pigment { color rgbt <1,0,0,0> }
	no_shadow
}
sphere {
	0, 1
	scale<0.080000,0.200000,0.300000>
	matrix <0.738324, 0.653802, -0.165593,
		0.551246, -0.726447, -0.410368,
		-0.388594, 0.211702, -0.896759,
		30.151079, 42.501526, 34.535130>
	pigment { color rgbt <0,1,1,0> }
	no_shadow
}
cylinder {
	<31.009563, 41.961369, 35.388790>,  <30.423096, 42.353333, 35.162861>, 0.130000
	pigment { color rgbt <1,0,0,0> }
	no_shadow
}

// nucleotide -1

// particle -1
sphere {
	<31.009563, 41.961369, 35.388790> 0.250000
	pigment { color rgbt <1,0,0,0> }
	no_shadow
}
cylinder {
	<31.195421, 41.955231, 35.034645>,  <31.306936, 41.951550, 34.822159>, 0.100000
	pigment { color rgbt <1,0,0,0> }
	no_shadow
}
cylinder {
	<31.195421, 41.955231, 35.034645>,  <31.009563, 41.961369, 35.388790>, 0.100000
	pigment { color rgbt <1,0,0,0> }
	no_shadow
}

// particle -1
sphere {
	<31.195421, 41.955231, 35.034645> 0.100000
	pigment { color rgbt <1,0,0,0> }
	no_shadow
}
sphere {
	0, 1
	scale<0.080000,0.200000,0.300000>
	matrix <0.754639, -0.516241, 0.404987,
		-0.463277, -0.856306, -0.228288,
		0.464644, -0.015346, -0.885364,
		31.334814, 41.950626, 34.769035>
	pigment { color rgbt <0,1,1,0> }
	no_shadow
}
cylinder {
	<31.224197, 41.171856, 35.168007>,  <31.009563, 41.961369, 35.388790>, 0.130000
	pigment { color rgbt <1,0,0,0> }
	no_shadow
}

// nucleotide -1

// particle -1
sphere {
	<31.224197, 41.171856, 35.168007> 0.250000
	pigment { color rgbt <1,0,0,0> }
	no_shadow
}
cylinder {
	<31.490993, 41.417332, 34.999001>,  <31.651072, 41.564617, 34.897598>, 0.100000
	pigment { color rgbt <1,0,0,0> }
	no_shadow
}
cylinder {
	<31.490993, 41.417332, 34.999001>,  <31.224197, 41.171856, 35.168007>, 0.100000
	pigment { color rgbt <1,0,0,0> }
	no_shadow
}

// particle -1
sphere {
	<31.490993, 41.417332, 34.999001> 0.100000
	pigment { color rgbt <1,0,0,0> }
	no_shadow
}
sphere {
	0, 1
	scale<0.080000,0.200000,0.300000>
	matrix <0.744439, -0.525611, 0.411758,
		0.030612, -0.589172, -0.807427,
		0.666989, 0.613685, -0.422512,
		31.691090, 41.601437, 34.872246>
	pigment { color rgbt <0,1,1,0> }
	no_shadow
}
cylinder {
	<31.754402, 40.827503, 35.029137>,  <31.224197, 41.171856, 35.168007>, 0.130000
	pigment { color rgbt <1,0,0,0> }
	no_shadow
}

// nucleotide -1

// particle -1
sphere {
	<31.754402, 40.827503, 35.029137> 0.250000
	pigment { color rgbt <1,0,0,0> }
	no_shadow
}
cylinder {
	<31.954205, 41.174023, 35.027538>,  <32.074085, 41.381935, 35.026577>, 0.100000
	pigment { color rgbt <1,0,0,0> }
	no_shadow
}
cylinder {
	<31.954205, 41.174023, 35.027538>,  <31.754402, 40.827503, 35.029137>, 0.100000
	pigment { color rgbt <1,0,0,0> }
	no_shadow
}

// particle -1
sphere {
	<31.954205, 41.174023, 35.027538> 0.100000
	pigment { color rgbt <1,0,0,0> }
	no_shadow
}
sphere {
	0, 1
	scale<0.080000,0.200000,0.300000>
	matrix <0.708443, -0.405817, 0.577427,
		0.498603, -0.291261, -0.816433,
		0.499504, 0.866302, -0.004000,
		32.104057, 41.433914, 35.026337>
	pigment { color rgbt <0,1,1,0> }
	no_shadow
}
cylinder {
	<32.514133, 40.730793, 34.731945>,  <31.754402, 40.827503, 35.029137>, 0.130000
	pigment { color rgbt <1,0,0,0> }
	no_shadow
}

// nucleotide -1

// particle -1
sphere {
	<32.514133, 40.730793, 34.731945> 0.250000
	pigment { color rgbt <1,0,0,0> }
	no_shadow
}
cylinder {
	<32.478310, 40.982906, 35.040417>,  <32.456814, 41.134174, 35.225502>, 0.100000
	pigment { color rgbt <1,0,0,0> }
	no_shadow
}
cylinder {
	<32.478310, 40.982906, 35.040417>,  <32.514133, 40.730793, 34.731945>, 0.100000
	pigment { color rgbt <1,0,0,0> }
	no_shadow
}

// particle -1
sphere {
	<32.478310, 40.982906, 35.040417> 0.100000
	pigment { color rgbt <1,0,0,0> }
	no_shadow
}
sphere {
	0, 1
	scale<0.080000,0.200000,0.300000>
	matrix <0.740808, -0.475386, 0.474564,
		0.665719, 0.613799, -0.424345,
		-0.089559, 0.630285, 0.771181,
		32.451443, 41.171993, 35.271770>
	pigment { color rgbt <0,1,1,0> }
	no_shadow
}
cylinder {
	<33.082661, 40.647102, 35.083000>,  <32.514133, 40.730793, 34.731945>, 0.130000
	pigment { color rgbt <1,0,0,0> }
	no_shadow
}

// nucleotide -1

// particle -1
sphere {
	<33.082661, 40.647102, 35.083000> 0.250000
	pigment { color rgbt <1,0,0,0> }
	no_shadow
}
cylinder {
	<32.884270, 40.886871, 35.334301>,  <32.765236, 41.030731, 35.485081>, 0.100000
	pigment { color rgbt <1,0,0,0> }
	no_shadow
}
cylinder {
	<32.884270, 40.886871, 35.334301>,  <33.082661, 40.647102, 35.083000>, 0.100000
	pigment { color rgbt <1,0,0,0> }
	no_shadow
}

// particle -1
sphere {
	<32.884270, 40.886871, 35.334301> 0.100000
	pigment { color rgbt <1,0,0,0> }
	no_shadow
}
sphere {
	0, 1
	scale<0.080000,0.200000,0.300000>
	matrix <0.484264, -0.409614, 0.773114,
		0.720763, 0.687685, -0.087121,
		-0.495973, 0.599421, 0.628255,
		32.735477, 41.066696, 35.522778>
	pigment { color rgbt <0,1,1,0> }
	no_shadow
}
cylinder {
	<33.623714, 40.684258, 35.646297>,  <33.082661, 40.647102, 35.083000>, 0.130000
	pigment { color rgbt <1,0,0,0> }
	no_shadow
}

// nucleotide -1

// particle -1
sphere {
	<33.623714, 40.684258, 35.646297> 0.250000
	pigment { color rgbt <1,0,0,0> }
	no_shadow
}
cylinder {
	<33.247128, 40.739319, 35.769386>,  <33.021175, 40.772354, 35.843239>, 0.100000
	pigment { color rgbt <1,0,0,0> }
	no_shadow
}
cylinder {
	<33.247128, 40.739319, 35.769386>,  <33.623714, 40.684258, 35.646297>, 0.100000
	pigment { color rgbt <1,0,0,0> }
	no_shadow
}

// particle -1
sphere {
	<33.247128, 40.739319, 35.769386> 0.100000
	pigment { color rgbt <1,0,0,0> }
	no_shadow
}
sphere {
	0, 1
	scale<0.080000,0.200000,0.300000>
	matrix <0.275985, -0.209449, 0.938064,
		0.193579, 0.968082, 0.159200,
		-0.941467, 0.137653, 0.307721,
		32.964687, 40.780613, 35.861702>
	pigment { color rgbt <0,1,1,0> }
	no_shadow
}
cylinder {
	<33.783867, 41.002033, 36.253967>,  <33.623714, 40.684258, 35.646297>, 0.130000
	pigment { color rgbt <1,0,0,0> }
	no_shadow
}

// nucleotide -1

// particle -1
sphere {
	<33.783867, 41.002033, 36.253967> 0.250000
	pigment { color rgbt <1,0,0,0> }
	no_shadow
}
cylinder {
	<33.446976, 40.788078, 36.280960>,  <33.244843, 40.659706, 36.297153>, 0.100000
	pigment { color rgbt <1,0,0,0> }
	no_shadow
}
cylinder {
	<33.446976, 40.788078, 36.280960>,  <33.783867, 41.002033, 36.253967>, 0.100000
	pigment { color rgbt <1,0,0,0> }
	no_shadow
}

// particle -1
sphere {
	<33.446976, 40.788078, 36.280960> 0.100000
	pigment { color rgbt <1,0,0,0> }
	no_shadow
}
sphere {
	0, 1
	scale<0.080000,0.200000,0.300000>
	matrix <0.360816, -0.466235, 0.807736,
		-0.400587, 0.704642, 0.585671,
		-0.842224, -0.534888, 0.067478,
		33.194309, 40.627613, 36.301205>
	pigment { color rgbt <0,1,1,0> }
	no_shadow
}
cylinder {
	<33.546051, 40.984077, 36.970074>,  <33.783867, 41.002033, 36.253967>, 0.130000
	pigment { color rgbt <1,0,0,0> }
	no_shadow
}

// nucleotide -1

// particle -1
sphere {
	<33.546051, 40.984077, 36.970074> 0.250000
	pigment { color rgbt <1,0,0,0> }
	no_shadow
}
cylinder {
	<33.418533, 40.653255, 36.784882>,  <33.342022, 40.454762, 36.673767>, 0.100000
	pigment { color rgbt <1,0,0,0> }
	no_shadow
}
cylinder {
	<33.418533, 40.653255, 36.784882>,  <33.546051, 40.984077, 36.970074>, 0.100000
	pigment { color rgbt <1,0,0,0> }
	no_shadow
}

// particle -1
sphere {
	<33.418533, 40.653255, 36.784882> 0.100000
	pigment { color rgbt <1,0,0,0> }
	no_shadow
}
sphere {
	0, 1
	scale<0.080000,0.200000,0.300000>
	matrix <0.193290, -0.534932, 0.822489,
		-0.927906, 0.172713, 0.330394,
		-0.318793, -0.827054, -0.462983,
		33.322895, 40.405140, 36.645988>
	pigment { color rgbt <0,1,1,0> }
	no_shadow
}
cylinder {
	<33.096001, 40.829151, 37.448830>,  <33.546051, 40.984077, 36.970074>, 0.130000
	pigment { color rgbt <1,0,0,0> }
	no_shadow
}

// nucleotide -1

// particle -1
sphere {
	<33.096001, 40.829151, 37.448830> 0.250000
	pigment { color rgbt <1,0,0,0> }
	no_shadow
}
cylinder {
	<32.872803, 40.821522, 37.116978>,  <32.738884, 40.816944, 36.917866>, 0.100000
	pigment { color rgbt <1,0,0,0> }
	no_shadow
}
cylinder {
	<32.872803, 40.821522, 37.116978>,  <33.096001, 40.829151, 37.448830>, 0.100000
	pigment { color rgbt <1,0,0,0> }
	no_shadow
}

// particle -1
sphere {
	<32.872803, 40.821522, 37.116978> 0.100000
	pigment { color rgbt <1,0,0,0> }
	no_shadow
}
sphere {
	0, 1
	scale<0.080000,0.200000,0.300000>
	matrix <-0.396497, -0.872112, 0.286723,
		-0.728996, 0.488934, 0.479071,
		-0.557992, -0.019070, -0.829627,
		32.705406, 40.815800, 36.868088>
	pigment { color rgbt <0,1,1,0> }
	no_shadow
}
cylinder {
	<32.450455, 40.610004, 37.649757>,  <33.096001, 40.829151, 37.448830>, 0.130000
	pigment { color rgbt <1,0,0,0> }
	no_shadow
}

// nucleotide -1

// particle -1
sphere {
	<32.450455, 40.610004, 37.649757> 0.250000
	pigment { color rgbt <1,0,0,0> }
	no_shadow
}
cylinder {
	<32.476776, 40.537640, 37.257240>,  <32.492569, 40.494221, 37.021729>, 0.100000
	pigment { color rgbt <1,0,0,0> }
	no_shadow
}
cylinder {
	<32.476776, 40.537640, 37.257240>,  <32.450455, 40.610004, 37.649757>, 0.100000
	pigment { color rgbt <1,0,0,0> }
	no_shadow
}

// particle -1
sphere {
	<32.476776, 40.537640, 37.257240> 0.100000
	pigment { color rgbt <1,0,0,0> }
	no_shadow
}
sphere {
	0, 1
	scale<0.080000,0.200000,0.300000>
	matrix <-0.503250, -0.855210, 0.123920,
		-0.861632, 0.485683, -0.147317,
		0.065801, -0.180911, -0.981296,
		32.496517, 40.483368, 36.962852>
	pigment { color rgbt <0,1,1,0> }
	no_shadow
}
cylinder {
	<31.753181, 40.403114, 37.303246>,  <32.450455, 40.610004, 37.649757>, 0.130000
	pigment { color rgbt <1,0,0,0> }
	no_shadow
}

// nucleotide -1

// particle -1
sphere {
	<31.753181, 40.403114, 37.303246> 0.250000
	pigment { color rgbt <1,0,0,0> }
	no_shadow
}
cylinder {
	<32.049213, 40.245670, 37.085125>,  <32.226833, 40.151203, 36.954254>, 0.100000
	pigment { color rgbt <1,0,0,0> }
	no_shadow
}
cylinder {
	<32.049213, 40.245670, 37.085125>,  <31.753181, 40.403114, 37.303246>, 0.100000
	pigment { color rgbt <1,0,0,0> }
	no_shadow
}

// particle -1
sphere {
	<32.049213, 40.245670, 37.085125> 0.100000
	pigment { color rgbt <1,0,0,0> }
	no_shadow
}
sphere {
	0, 1
	scale<0.080000,0.200000,0.300000>
	matrix <-0.458623, -0.888431, 0.018850,
		-0.491878, 0.236136, -0.838031,
		0.740082, -0.393612, -0.545297,
		32.271236, 40.127586, 36.921535>
	pigment { color rgbt <0,1,1,0> }
	no_shadow
}
cylinder {
	<31.346813, 39.992676, 36.934883>,  <31.753181, 40.403114, 37.303246>, 0.130000
	pigment { color rgbt <1,0,0,0> }
	no_shadow
}

// nucleotide -1

// particle -1
sphere {
	<31.346813, 39.992676, 36.934883> 0.250000
	pigment { color rgbt <1,0,0,0> }
	no_shadow
}
cylinder {
	<31.727217, 39.876537, 36.892399>,  <31.955460, 39.806854, 36.866909>, 0.100000
	pigment { color rgbt <1,0,0,0> }
	no_shadow
}
cylinder {
	<31.727217, 39.876537, 36.892399>,  <31.346813, 39.992676, 36.934883>, 0.100000
	pigment { color rgbt <1,0,0,0> }
	no_shadow
}

// particle -1
sphere {
	<31.727217, 39.876537, 36.892399> 0.100000
	pigment { color rgbt <1,0,0,0> }
	no_shadow
}
sphere {
	0, 1
	scale<0.080000,0.200000,0.300000>
	matrix <-0.305265, -0.936234, -0.174010,
		-0.048919, 0.197909, -0.978999,
		0.951010, -0.290342, -0.106215,
		32.012520, 39.789436, 36.860535>
	pigment { color rgbt <0,1,1,0> }
	no_shadow
}
cylinder {
	<31.120420, 39.594761, 36.423714>,  <31.346813, 39.992676, 36.934883>, 0.130000
	pigment { color rgbt <1,0,0,0> }
	no_shadow
}

// nucleotide -1

// particle -1
sphere {
	<31.120420, 39.594761, 36.423714> 0.250000
	pigment { color rgbt <1,0,0,0> }
	no_shadow
}
cylinder {
	<31.482668, 39.493404, 36.559746>,  <31.700016, 39.432590, 36.641365>, 0.100000
	pigment { color rgbt <1,0,0,0> }
	no_shadow
}
cylinder {
	<31.482668, 39.493404, 36.559746>,  <31.120420, 39.594761, 36.423714>, 0.100000
	pigment { color rgbt <1,0,0,0> }
	no_shadow
}

// particle -1
sphere {
	<31.482668, 39.493404, 36.559746> 0.100000
	pigment { color rgbt <1,0,0,0> }
	no_shadow
}
sphere {
	0, 1
	scale<0.080000,0.200000,0.300000>
	matrix <-0.141190, -0.936281, -0.321626,
		0.399903, 0.243255, -0.883688,
		0.905617, -0.253387, 0.340076,
		31.754353, 39.417389, 36.661770>
	pigment { color rgbt <0,1,1,0> }
	no_shadow
}
cylinder {
	<31.315090, 39.131229, 35.992023>,  <31.120420, 39.594761, 36.423714>, 0.130000
	pigment { color rgbt <1,0,0,0> }
	no_shadow
}

// nucleotide -1

// particle -1
sphere {
	<31.315090, 39.131229, 35.992023> 0.250000
	pigment { color rgbt <1,0,0,0> }
	no_shadow
}
cylinder {
	<31.563534, 39.044350, 36.293236>,  <31.712601, 38.992222, 36.473961>, 0.100000
	pigment { color rgbt <1,0,0,0> }
	no_shadow
}
cylinder {
	<31.563534, 39.044350, 36.293236>,  <31.315090, 39.131229, 35.992023>, 0.100000
	pigment { color rgbt <1,0,0,0> }
	no_shadow
}

// particle -1
sphere {
	<31.563534, 39.044350, 36.293236> 0.100000
	pigment { color rgbt <1,0,0,0> }
	no_shadow
}
sphere {
	0, 1
	scale<0.080000,0.200000,0.300000>
	matrix <-0.254620, -0.964632, -0.068214,
		0.741209, -0.149367, -0.654445,
		0.621109, -0.217196, 0.753026,
		31.749866, 38.979191, 36.519142>
	pigment { color rgbt <0,1,1,0> }
	no_shadow
}
cylinder {
	<31.666714, 38.476742, 35.748489>,  <31.315090, 39.131229, 35.992023>, 0.130000
	pigment { color rgbt <1,0,0,0> }
	no_shadow
}

// nucleotide -1

// particle -1
sphere {
	<31.666714, 38.476742, 35.748489> 0.250000
	pigment { color rgbt <1,0,0,0> }
	no_shadow
}
cylinder {
	<31.694954, 38.506939, 36.146347>,  <31.711899, 38.525059, 36.385063>, 0.100000
	pigment { color rgbt <1,0,0,0> }
	no_shadow
}
cylinder {
	<31.694954, 38.506939, 36.146347>,  <31.666714, 38.476742, 35.748489>, 0.100000
	pigment { color rgbt <1,0,0,0> }
	no_shadow
}

// particle -1
sphere {
	<31.694954, 38.506939, 36.146347> 0.100000
	pigment { color rgbt <1,0,0,0> }
	no_shadow
}
sphere {
	0, 1
	scale<0.080000,0.200000,0.300000>
	matrix <-0.284679, -0.954137, 0.092628,
