// switches for output
#declare DRAW_BASES = 1; // possible values are 0, 1; only relevant for DNA ribbons
#declare DRAW_BASES_TYPE = 3; // possible values are 1, 2, 3; only relevant for DNA ribbons
#declare DRAW_FOG = 0; // set to 1 to enable fog

#include "colors.inc"

#include "transforms.inc"
background { rgb <1, 1, 1>}

#default {
   normal{
       ripples 0.25
       frequency 0.20
       turbulence 0.2
       lambda 5
   }
	finish {
		phong 0.1
		phong_size 40.
	}
}

// original window dimensions: 1024x640


// camera settings

camera {
	sky <0, 0.179814, -0.983701>
	up <0, 0.179814, -0.983701>
	right 1.6 * <1, 0, 0>
	location <35, 94.9851, 44.8844>
	look_at <35, 29.7336, 32.9568>
	direction <0, -65.2515, -11.9276>
	angle 67.0682
}


# declare cpy_camera_pos = <35, 94.9851, 44.8844>;
# if (DRAW_FOG = 1)
fog {
	fog_type 2
	up vnormalize(cpy_camera_pos)
	color rgbt<1,1,1,0.3>
	distance 1e-5
	fog_alt 3e-3
	fog_offset 56
}
# end


// LIGHTS

# declare lum = 6;
global_settings {
	ambient_light rgb lum * <0.05, 0.05, 0.05>
	max_trace_level 15
}# declare cpy_direct_light_amount = 0.25;
light_source
{	1000 * <-1, -1.16352, -0.803886>,
	rgb lum * cpy_direct_light_amount
	parallel
}

light_source
{	1000 * <1, 1.16352, 0.803886>,
	rgb lum * cpy_direct_light_amount
	parallel
}

// strand 0

// nucleotide -1

// particle -1
sphere {
	<24.153828, 35.172359, 34.632252> 0.250000
	pigment { color rgbt <1,0,0,0> }
	no_shadow
}
cylinder {
	<24.125397, 35.100731, 35.024757>,  <24.108337, 35.057755, 35.260262>, 0.100000
	pigment { color rgbt <1,0,0,0> }
	no_shadow
}
cylinder {
	<24.125397, 35.100731, 35.024757>,  <24.153828, 35.172359, 34.632252>, 0.100000
	pigment { color rgbt <1,0,0,0> }
	no_shadow
}

// particle -1
sphere {
	<24.125397, 35.100731, 35.024757> 0.100000
	pigment { color rgbt <1,0,0,0> }
	no_shadow
}
sphere {
	0, 1
	scale<0.080000,0.200000,0.300000>
	matrix <0.750544, -0.657553, -0.065629,
		0.656987, 0.731819, 0.181134,
		-0.071077, -0.179066, 0.981266,
		24.104074, 35.047012, 35.319138>
	pigment { color rgbt <0,1,1,0> }
	no_shadow
}
cylinder {
	<24.668524, 34.630005, 34.985291>,  <24.153828, 35.172359, 34.632252>, 0.130000
	pigment { color rgbt <1,0,0,0> }
	no_shadow
}

// nucleotide -1

// particle -1
sphere {
	<24.668524, 34.630005, 34.985291> 0.250000
	pigment { color rgbt <1,0,0,0> }
	no_shadow
}
cylinder {
	<24.438850, 34.582066, 35.309254>,  <24.301046, 34.553303, 35.503632>, 0.100000
	pigment { color rgbt <1,0,0,0> }
	no_shadow
}
cylinder {
	<24.438850, 34.582066, 35.309254>,  <24.668524, 34.630005, 34.985291>, 0.100000
	pigment { color rgbt <1,0,0,0> }
	no_shadow
}

// particle -1
sphere {
	<24.438850, 34.582066, 35.309254> 0.100000
	pigment { color rgbt <1,0,0,0> }
	no_shadow
}
sphere {
	0, 1
	scale<0.080000,0.200000,0.300000>
	matrix <0.786420, -0.355876, 0.504872,
		0.227720, 0.926817, 0.298587,
		-0.574184, -0.119846, 0.809907,
		24.266596, 34.546112, 35.552227>
	pigment { color rgbt <0,1,1,0> }
	no_shadow
}
cylinder {
	<25.037815, 34.861332, 35.649208>,  <24.668524, 34.630005, 34.985291>, 0.130000
	pigment { color rgbt <1,0,0,0> }
	no_shadow
}

// nucleotide -1

// particle -1
sphere {
	<25.037815, 34.861332, 35.649208> 0.250000
	pigment { color rgbt <1,0,0,0> }
	no_shadow
}
cylinder {
	<24.767244, 34.587776, 35.758568>,  <24.604902, 34.423645, 35.824184>, 0.100000
	pigment { color rgbt <1,0,0,0> }
	no_shadow
}
cylinder {
	<24.767244, 34.587776, 35.758568>,  <25.037815, 34.861332, 35.649208>, 0.100000
	pigment { color rgbt <1,0,0,0> }
	no_shadow
}

// particle -1
sphere {
	<24.767244, 34.587776, 35.758568> 0.100000
	pigment { color rgbt <1,0,0,0> }
	no_shadow
}
sphere {
	0, 1
	scale<0.080000,0.200000,0.300000>
	matrix <0.678760, -0.434760, 0.591836,
		-0.285887, 0.585904, 0.758278,
		-0.676428, -0.683886, 0.273396,
		24.564316, 34.382610, 35.840588>
	pigment { color rgbt <0,1,1,0> }
	no_shadow
}
cylinder {
	<25.333052, 34.721725, 36.320198>,  <25.037815, 34.861332, 35.649208>, 0.130000
	pigment { color rgbt <1,0,0,0> }
	no_shadow
}

// nucleotide -1

// particle -1
sphere {
	<25.333052, 34.721725, 36.320198> 0.250000
	pigment { color rgbt <1,0,0,0> }
	no_shadow
}
cylinder {
	<25.080444, 34.426216, 36.226048>,  <24.928881, 34.248909, 36.169556>, 0.100000
	pigment { color rgbt <1,0,0,0> }
	no_shadow
}
cylinder {
	<25.080444, 34.426216, 36.226048>,  <25.333052, 34.721725, 36.320198>, 0.100000
	pigment { color rgbt <1,0,0,0> }
	no_shadow
}

// particle -1
sphere {
	<25.080444, 34.426216, 36.226048> 0.100000
	pigment { color rgbt <1,0,0,0> }
	no_shadow
}
sphere {
	0, 1
	scale<0.080000,0.200000,0.300000>
	matrix <0.420383, -0.581314, 0.696672,
		-0.651509, 0.341013, 0.677677,
		-0.631517, -0.738772, -0.235375,
		24.890989, 34.204586, 36.155434>
	pigment { color rgbt <0,1,1,0> }
	no_shadow
}
cylinder {
	<25.719364, 35.234955, 36.843086>,  <25.333052, 34.721725, 36.320198>, 0.130000
	pigment { color rgbt <1,0,0,0> }
	no_shadow
}

// nucleotide -1

// particle -1
sphere {
	<25.719364, 35.234955, 36.843086> 0.250000
	pigment { color rgbt <1,0,0,0> }
	no_shadow
}
cylinder {
	<25.790970, 35.213081, 37.236015>,  <25.833933, 35.199959, 37.471775>, 0.100000
	pigment { color rgbt <1,0,0,0> }
	no_shadow
}
cylinder {
	<25.790970, 35.213081, 37.236015>,  <25.719364, 35.234955, 36.843086>, 0.100000
	pigment { color rgbt <1,0,0,0> }
	no_shadow
}

// particle -1
sphere {
	<25.790970, 35.213081, 37.236015> 0.100000
	pigment { color rgbt <1,0,0,0> }
	no_shadow
}
sphere {
	0, 1
	scale<0.080000,0.200000,0.300000>
	matrix <0.826696, 0.549691, -0.120055,
		-0.533411, 0.833576, 0.143607,
		0.179015, -0.054681, 0.982326,
		25.844675, 35.196678, 37.530712>
	pigment { color rgbt <0,1,1,0> }
	no_shadow
}
cylinder {
	<25.655197, 35.855824, 37.426907>,  <25.719364, 35.234955, 36.843086>, 0.130000
	pigment { color rgbt <1,0,0,0> }
	no_shadow
}

// nucleotide -1

// particle -1
sphere {
	<25.655197, 35.855824, 37.426907> 0.250000
	pigment { color rgbt <1,0,0,0> }
	no_shadow
}
cylinder {
	<25.930628, 35.575264, 37.500561>,  <26.095886, 35.406929, 37.544754>, 0.100000
	pigment { color rgbt <1,0,0,0> }
	no_shadow
}
cylinder {
	<25.930628, 35.575264, 37.500561>,  <25.655197, 35.855824, 37.426907>, 0.100000
	pigment { color rgbt <1,0,0,0> }
	no_shadow
}

// particle -1
sphere {
	<25.930628, 35.575264, 37.500561> 0.100000
	pigment { color rgbt <1,0,0,0> }
	no_shadow
}
sphere {
	0, 1
	scale<0.080000,0.200000,0.300000>
	matrix <0.716070, 0.697742, -0.019968,
		-0.114474, 0.145603, 0.982698,
		0.688577, -0.701395, 0.184136,
		26.137201, 35.364845, 37.555801>
	pigment { color rgbt <0,1,1,0> }
	no_shadow
}
cylinder {
	<26.107079, 36.144001, 37.993240>,  <25.655197, 35.855824, 37.426907>, 0.130000
	pigment { color rgbt <1,0,0,0> }
	no_shadow
}

// nucleotide -1

// particle -1
sphere {
	<26.107079, 36.144001, 37.993240> 0.250000
	pigment { color rgbt <1,0,0,0> }
	no_shadow
}
cylinder {
	<26.322351, 35.863453, 37.806290>,  <26.451515, 35.695122, 37.694118>, 0.100000
	pigment { color rgbt <1,0,0,0> }
	no_shadow
}
cylinder {
	<26.322351, 35.863453, 37.806290>,  <26.107079, 36.144001, 37.993240>, 0.100000
	pigment { color rgbt <1,0,0,0> }
	no_shadow
}

// particle -1
sphere {
	<26.322351, 35.863453, 37.806290> 0.100000
	pigment { color rgbt <1,0,0,0> }
	no_shadow
}
sphere {
	0, 1
	scale<0.080000,0.200000,0.300000>
	matrix <0.799670, 0.600098, 0.020272,
		0.266253, -0.384656, 0.883826,
		0.538180, -0.701372, -0.467375,
		26.483805, 35.653042, 37.666077>
	pigment { color rgbt <0,1,1,0> }
	no_shadow
}
cylinder {
	<26.777802, 36.204254, 38.266884>,  <26.107079, 36.144001, 37.993240>, 0.130000
	pigment { color rgbt <1,0,0,0> }
	no_shadow
}

// nucleotide -1

// particle -1
sphere {
	<26.777802, 36.204254, 38.266884> 0.250000
	pigment { color rgbt <1,0,0,0> }
	no_shadow
}
cylinder {
	<26.809965, 36.035175, 37.905804>,  <26.829264, 35.933727, 37.689156>, 0.100000
	pigment { color rgbt <1,0,0,0> }
	no_shadow
}
cylinder {
	<26.809965, 36.035175, 37.905804>,  <26.777802, 36.204254, 38.266884>, 0.100000
	pigment { color rgbt <1,0,0,0> }
	no_shadow
}

// particle -1
sphere {
	<26.809965, 36.035175, 37.905804> 0.100000
	pigment { color rgbt <1,0,0,0> }
	no_shadow
}
sphere {
	0, 1
	scale<0.080000,0.200000,0.300000>
	matrix <0.789461, 0.579883, -0.201214,
		0.608511, -0.696465, 0.380330,
		0.080408, -0.422697, -0.902697,
		26.834087, 35.908367, 37.634995>
	pigment { color rgbt <0,1,1,0> }
	no_shadow
}
cylinder {
	<27.428719, 35.964825, 38.140041>,  <26.777802, 36.204254, 38.266884>, 0.130000
	pigment { color rgbt <1,0,0,0> }
	no_shadow
}

// nucleotide -1

// particle -1
sphere {
	<27.428719, 35.964825, 38.140041> 0.250000
	pigment { color rgbt <1,0,0,0> }
	no_shadow
}
cylinder {
	<27.296043, 36.004330, 37.764759>,  <27.216438, 36.028030, 37.539589>, 0.100000
	pigment { color rgbt <1,0,0,0> }
	no_shadow
}
cylinder {
	<27.296043, 36.004330, 37.764759>,  <27.428719, 35.964825, 38.140041>, 0.100000
	pigment { color rgbt <1,0,0,0> }
	no_shadow
}

// particle -1
sphere {
	<27.296043, 36.004330, 37.764759> 0.100000
	pigment { color rgbt <1,0,0,0> }
	no_shadow
}
sphere {
	0, 1
	scale<0.080000,0.200000,0.300000>
	matrix <0.799381, 0.557539, -0.223919,
		0.500972, -0.824255, -0.263876,
		-0.331688, 0.098760, -0.938206,
		27.196537, 36.033958, 37.483299>
	pigment { color rgbt <0,1,1,0> }
	no_shadow
}
cylinder {
	<28.071526, 35.886848, 37.745239>,  <27.428719, 35.964825, 38.140041>, 0.130000
	pigment { color rgbt <1,0,0,0> }
	no_shadow
}

// nucleotide -1

// particle -1
sphere {
	<28.071526, 35.886848, 37.745239> 0.250000
	pigment { color rgbt <1,0,0,0> }
	no_shadow
}
cylinder {
	<27.820627, 36.048939, 37.479198>,  <27.670088, 36.146194, 37.319576>, 0.100000
	pigment { color rgbt <1,0,0,0> }
	no_shadow
}
cylinder {
	<27.820627, 36.048939, 37.479198>,  <28.071526, 35.886848, 37.745239>, 0.100000
	pigment { color rgbt <1,0,0,0> }
	no_shadow
}

// particle -1
sphere {
	<27.820627, 36.048939, 37.479198> 0.100000
	pigment { color rgbt <1,0,0,0> }
	no_shadow
}
sphere {
	0, 1
	scale<0.080000,0.200000,0.300000>
	matrix <0.726139, 0.613034, -0.311307,
		0.281578, -0.678220, -0.678772,
		-0.627245, 0.405225, -0.665099,
		27.632454, 36.170506, 37.279671>
	pigment { color rgbt <0,1,1,0> }
	no_shadow
}
cylinder {
	<28.418720, 35.878098, 37.223621>,  <28.071526, 35.886848, 37.745239>, 0.130000
	pigment { color rgbt <1,0,0,0> }
	no_shadow
}

// nucleotide -1

// particle -1
sphere {
	<28.418720, 35.878098, 37.223621> 0.250000
	pigment { color rgbt <1,0,0,0> }
	no_shadow
}
cylinder {
	<28.140940, 36.131302, 37.086781>,  <27.974272, 36.283226, 37.004677>, 0.100000
	pigment { color rgbt <1,0,0,0> }
	no_shadow
}
cylinder {
	<28.140940, 36.131302, 37.086781>,  <28.418720, 35.878098, 37.223621>, 0.100000
	pigment { color rgbt <1,0,0,0> }
	no_shadow
}

// particle -1
sphere {
	<28.140940, 36.131302, 37.086781> 0.100000
	pigment { color rgbt <1,0,0,0> }
	no_shadow
}
sphere {
	0, 1
	scale<0.080000,0.200000,0.300000>
	matrix <0.714841, 0.552714, -0.428380,
		-0.082085, -0.542037, -0.836336,
		-0.694453, 0.633011, -0.342101,
		27.932604, 36.321205, 36.984150>
	pigment { color rgbt <0,1,1,0> }
	no_shadow
}
cylinder {
	<28.474094, 35.852978, 36.551125>,  <28.418720, 35.878098, 37.223621>, 0.130000
	pigment { color rgbt <1,0,0,0> }
	no_shadow
}

// nucleotide -1

// particle -1
sphere {
	<28.474094, 35.852978, 36.551125> 0.250000
	pigment { color rgbt <1,0,0,0> }
	no_shadow
}
cylinder {
	<28.281187, 36.200478, 36.596172>,  <28.165442, 36.408978, 36.623199>, 0.100000
	pigment { color rgbt <1,0,0,0> }
	no_shadow
}
cylinder {
	<28.281187, 36.200478, 36.596172>,  <28.474094, 35.852978, 36.551125>, 0.100000
	pigment { color rgbt <1,0,0,0> }
	no_shadow
}

// particle -1
sphere {
	<28.281187, 36.200478, 36.596172> 0.100000
	pigment { color rgbt <1,0,0,0> }
	no_shadow
}
sphere {
	0, 1
	scale<0.080000,0.200000,0.300000>
	matrix <0.593045, 0.418392, -0.687929,
		-0.644759, -0.264980, -0.716988,
		-0.482269, 0.868754, 0.112617,
		28.136507, 36.461105, 36.629959>
	pigment { color rgbt <0,1,1,0> }
	no_shadow
}
cylinder {
	<28.276581, 36.120678, 35.861248>,  <28.474094, 35.852978, 36.551125>, 0.130000
	pigment { color rgbt <1,0,0,0> }
	no_shadow
}

// nucleotide -1

// particle -1
sphere {
	<28.276581, 36.120678, 35.861248> 0.250000
	pigment { color rgbt <1,0,0,0> }
	no_shadow
}
cylinder {
	<28.272434, 36.414696, 36.132423>,  <28.269947, 36.591106, 36.295128>, 0.100000
	pigment { color rgbt <1,0,0,0> }
	no_shadow
}
cylinder {
	<28.272434, 36.414696, 36.132423>,  <28.276581, 36.120678, 35.861248>, 0.100000
	pigment { color rgbt <1,0,0,0> }
	no_shadow
}

// particle -1
sphere {
	<28.272434, 36.414696, 36.132423> 0.100000
	pigment { color rgbt <1,0,0,0> }
	no_shadow
}
sphere {
	0, 1
	scale<0.080000,0.200000,0.300000>
	matrix <0.594902, 0.549476, -0.586658,
		-0.803731, 0.397228, -0.442974,
		-0.010366, 0.735041, 0.677943,
		28.269323, 36.635208, 36.335808>
	pigment { color rgbt <0,1,1,0> }
	no_shadow
}
cylinder {
	<28.160118, 36.698597, 35.476910>,  <28.276581, 36.120678, 35.861248>, 0.130000
	pigment { color rgbt <1,0,0,0> }
	no_shadow
}

// nucleotide -1

// particle -1
sphere {
	<28.160118, 36.698597, 35.476910> 0.250000
	pigment { color rgbt <1,0,0,0> }
	no_shadow
}
cylinder {
	<28.329548, 36.821033, 35.817944>,  <28.431206, 36.894497, 36.022564>, 0.100000
	pigment { color rgbt <1,0,0,0> }
	no_shadow
}
cylinder {
	<28.329548, 36.821033, 35.817944>,  <28.160118, 36.698597, 35.476910>, 0.100000
	pigment { color rgbt <1,0,0,0> }
	no_shadow
}

// particle -1
sphere {
	<28.329548, 36.821033, 35.817944> 0.100000
	pigment { color rgbt <1,0,0,0> }
	no_shadow
}
sphere {
	0, 1
	scale<0.080000,0.200000,0.300000>
	matrix <0.622672, 0.585196, -0.519447,
		-0.657925, 0.750902, 0.057280,
		0.423574, 0.306091, 0.852580,
		28.456619, 36.912861, 36.073719>
	pigment { color rgbt <0,1,1,0> }
	no_shadow
}
cylinder {
	<28.098347, 37.461926, 35.502350>,  <28.160118, 36.698597, 35.476910>, 0.130000
	pigment { color rgbt <1,0,0,0> }
	no_shadow
}

// nucleotide -1

// particle -1
sphere {
	<28.098347, 37.461926, 35.502350> 0.250000
	pigment { color rgbt <1,0,0,0> }
	no_shadow
}
cylinder {
	<28.386526, 37.333122, 35.748039>,  <28.559433, 37.255840, 35.895451>, 0.100000
	pigment { color rgbt <1,0,0,0> }
	no_shadow
}
cylinder {
	<28.386526, 37.333122, 35.748039>,  <28.098347, 37.461926, 35.502350>, 0.100000
	pigment { color rgbt <1,0,0,0> }
	no_shadow
}

// particle -1
sphere {
	<28.386526, 37.333122, 35.748039> 0.100000
	pigment { color rgbt <1,0,0,0> }
	no_shadow
}
sphere {
	0, 1
	scale<0.080000,0.200000,0.300000>
	matrix <0.646408, 0.632629, -0.426541,
		-0.251222, 0.704337, 0.663926,
		0.720447, -0.322011, 0.614219,
		28.602659, 37.236519, 35.932304>
	pigment { color rgbt <0,1,1,0> }
	no_shadow
}
cylinder {
	<28.514231, 38.068024, 35.612640>,  <28.098347, 37.461926, 35.502350>, 0.130000
	pigment { color rgbt <1,0,0,0> }
	no_shadow
}

// nucleotide -1

// particle -1
sphere {
	<28.514231, 38.068024, 35.612640> 0.250000
	pigment { color rgbt <1,0,0,0> }
	no_shadow
}
cylinder {
	<28.750214, 37.774063, 35.746422>,  <28.891804, 37.597687, 35.826691>, 0.100000
	pigment { color rgbt <1,0,0,0> }
	no_shadow
}
cylinder {
	<28.750214, 37.774063, 35.746422>,  <28.514231, 38.068024, 35.612640>, 0.100000
	pigment { color rgbt <1,0,0,0> }
	no_shadow
}

// particle -1
sphere {
	<28.750214, 37.774063, 35.746422> 0.100000
	pigment { color rgbt <1,0,0,0> }
	no_shadow
}
sphere {
	0, 1
	scale<0.080000,0.200000,0.300000>
	matrix <0.795465, 0.457949, -0.396886,
		0.138510, 0.500196, 0.854763,
		0.589958, -0.734906, 0.334458,
		28.927200, 37.553593, 35.846760>
	pigment { color rgbt <0,1,1,0> }
	no_shadow
}
cylinder {
	<29.073101, 38.404190, 35.908421>,  <28.514231, 38.068024, 35.612640>, 0.130000
	pigment { color rgbt <1,0,0,0> }
	no_shadow
}

// nucleotide -1

// particle -1
sphere {
	<29.073101, 38.404190, 35.908421> 0.250000
	pigment { color rgbt <1,0,0,0> }
	no_shadow
}
cylinder {
	<29.190935, 38.038071, 35.798546>,  <29.261635, 37.818401, 35.732620>, 0.100000
	pigment { color rgbt <1,0,0,0> }
	no_shadow
}
cylinder {
	<29.190935, 38.038071, 35.798546>,  <29.073101, 38.404190, 35.908421>, 0.100000
	pigment { color rgbt <1,0,0,0> }
	no_shadow
}

// particle -1
sphere {
	<29.190935, 38.038071, 35.798546> 0.100000
	pigment { color rgbt <1,0,0,0> }
	no_shadow
}
sphere {
	0, 1
	scale<0.080000,0.200000,0.300000>
	matrix <0.796398, 0.394011, -0.458808,
		0.528175, -0.083602, 0.845010,
		0.294586, -0.915296, -0.274687,
		29.279310, 37.763481, 35.716141>
	pigment { color rgbt <0,1,1,0> }
	no_shadow
}
cylinder {
	<29.715523, 38.323376, 36.227489>,  <29.073101, 38.404190, 35.908421>, 0.130000
	pigment { color rgbt <1,0,0,0> }
	no_shadow
}

// nucleotide -1

// particle -1
sphere {
	<29.715523, 38.323376, 36.227489> 0.250000
	pigment { color rgbt <1,0,0,0> }
	no_shadow
}
cylinder {
	<29.717232, 38.052219, 35.933430>,  <29.718258, 37.889526, 35.756992>, 0.100000
	pigment { color rgbt <1,0,0,0> }
	no_shadow
}
cylinder {
	<29.717232, 38.052219, 35.933430>,  <29.715523, 38.323376, 36.227489>, 0.100000
	pigment { color rgbt <1,0,0,0> }
	no_shadow
}

// particle -1
sphere {
	<29.717232, 38.052219, 35.933430> 0.100000
	pigment { color rgbt <1,0,0,0> }
	no_shadow
}
sphere {
	0, 1
	scale<0.080000,0.200000,0.300000>
	matrix <0.955314, 0.220055, -0.197361,
		0.295563, -0.701458, 0.648536,
		0.004273, -0.677888, -0.735153,
		29.718513, 37.848854, 35.712883>
	pigment { color rgbt <0,1,1,0> }
	no_shadow
}
cylinder {
	<30.440054, 38.037498, 36.304733>,  <29.715523, 38.323376, 36.227489>, 0.130000
	pigment { color rgbt <1,0,0,0> }
	no_shadow
}

// nucleotide -1

// particle -1
sphere {
	<30.440054, 38.037498, 36.304733> 0.250000
	pigment { color rgbt <1,0,0,0> }
	no_shadow
}
cylinder {
	<30.293686, 37.939613, 35.945576>,  <30.205864, 37.880882, 35.730080>, 0.100000
	pigment { color rgbt <1,0,0,0> }
	no_shadow
}
cylinder {
	<30.293686, 37.939613, 35.945576>,  <30.440054, 38.037498, 36.304733>, 0.100000
	pigment { color rgbt <1,0,0,0> }
	no_shadow
}

// particle -1
sphere {
	<30.293686, 37.939613, 35.945576> 0.100000
	pigment { color rgbt <1,0,0,0> }
	no_shadow
}
sphere {
	0, 1
	scale<0.080000,0.200000,0.300000>
	matrix <0.910672, 0.104663, -0.399653,
		0.191776, -0.963930, 0.184554,
		-0.365922, -0.244712, -0.897896,
		30.183908, 37.866199, 35.676208>
	pigment { color rgbt <0,1,1,0> }
	no_shadow
}
cylinder {
	<30.840111, 37.533005, 36.007217>,  <30.440054, 38.037498, 36.304733>, 0.130000
	pigment { color rgbt <1,0,0,0> }
	no_shadow
}

// nucleotide -1

// particle -1
sphere {
	<30.840111, 37.533005, 36.007217> 0.250000
	pigment { color rgbt <1,0,0,0> }
	no_shadow
}
cylinder {
	<30.666306, 37.687759, 35.681881>,  <30.562023, 37.780613, 35.486679>, 0.100000
	pigment { color rgbt <1,0,0,0> }
	no_shadow
}
cylinder {
	<30.666306, 37.687759, 35.681881>,  <30.840111, 37.533005, 36.007217>, 0.100000
	pigment { color rgbt <1,0,0,0> }
	no_shadow
}

// particle -1
sphere {
	<30.666306, 37.687759, 35.681881> 0.100000
	pigment { color rgbt <1,0,0,0> }
	no_shadow
}
sphere {
	0, 1
	scale<0.080000,0.200000,0.300000>
	matrix <0.853147, -0.112652, -0.509362,
		-0.288687, -0.915222, -0.281119,
		-0.434511, 0.386882, -0.813340,
		30.535952, 37.803825, 35.437878>
	pigment { color rgbt <0,1,1,0> }
	no_shadow
}
cylinder {
	<31.082716, 37.120071, 35.453381>,  <30.840111, 37.533005, 36.007217>, 0.130000
	pigment { color rgbt <1,0,0,0> }
	no_shadow
}

// nucleotide -1

// particle -1
sphere {
	<31.082716, 37.120071, 35.453381> 0.250000
	pigment { color rgbt <1,0,0,0> }
	no_shadow
}
cylinder {
	<30.949423, 37.449982, 35.270645>,  <30.869448, 37.647930, 35.161003>, 0.100000
	pigment { color rgbt <1,0,0,0> }
	no_shadow
}
cylinder {
	<30.949423, 37.449982, 35.270645>,  <31.082716, 37.120071, 35.453381>, 0.100000
	pigment { color rgbt <1,0,0,0> }
	no_shadow
}

// particle -1
sphere {
	<30.949423, 37.449982, 35.270645> 0.100000
	pigment { color rgbt <1,0,0,0> }
	no_shadow
}
sphere {
	0, 1
	scale<0.080000,0.200000,0.300000>
	matrix <0.853679, 0.058254, -0.517532,
		-0.400236, -0.562447, -0.723508,
		-0.333231, 0.824779, -0.456834,
		30.849453, 37.697414, 35.133595>
	pigment { color rgbt <0,1,1,0> }
	no_shadow
}
cylinder {
	<31.025089, 37.031925, 34.705379>,  <31.082716, 37.120071, 35.453381>, 0.130000
	pigment { color rgbt <1,0,0,0> }
	no_shadow
}

// nucleotide -1

// particle -1
sphere {
	<31.025089, 37.031925, 34.705379> 0.250000
	pigment { color rgbt <1,0,0,0> }
	no_shadow
}
cylinder {
	<31.073469, 37.425205, 34.760067>,  <31.102497, 37.661175, 34.792881>, 0.100000
	pigment { color rgbt <1,0,0,0> }
	no_shadow
}
cylinder {
	<31.073469, 37.425205, 34.760067>,  <31.025089, 37.031925, 34.705379>, 0.100000
	pigment { color rgbt <1,0,0,0> }
	no_shadow
}

// particle -1
sphere {
	<31.073469, 37.425205, 34.760067> 0.100000
	pigment { color rgbt <1,0,0,0> }
	no_shadow
}
sphere {
	0, 1
	scale<0.080000,0.200000,0.300000>
	matrix <0.761433, -0.003527, -0.648234,
		-0.636861, 0.182505, -0.749066,
		0.120948, 0.983199, 0.136719,
		31.109753, 37.720165, 34.801083>
	pigment { color rgbt <0,1,1,0> }
	no_shadow
}
cylinder {
	<31.214687, 37.194664, 34.055061>,  <31.025089, 37.031925, 34.705379>, 0.130000
	pigment { color rgbt <1,0,0,0> }
	no_shadow
}

// nucleotide -1

// particle -1
sphere {
	<31.214687, 37.194664, 34.055061> 0.250000
	pigment { color rgbt <1,0,0,0> }
	no_shadow
}
cylinder {
	<31.298201, 37.526363, 34.262432>,  <31.348309, 37.725384, 34.386852>, 0.100000
	pigment { color rgbt <1,0,0,0> }
	no_shadow
}
cylinder {
	<31.298201, 37.526363, 34.262432>,  <31.214687, 37.194664, 34.055061>, 0.100000
	pigment { color rgbt <1,0,0,0> }
	no_shadow
}

// particle -1
sphere {
	<31.298201, 37.526363, 34.262432> 0.100000
	pigment { color rgbt <1,0,0,0> }
	no_shadow
}
sphere {
	0, 1
	scale<0.080000,0.200000,0.300000>
	matrix <0.734023, 0.217417, -0.643382,
		-0.646235, 0.514861, -0.563293,
		0.208782, 0.829246, 0.518422,
		31.360836, 37.775139, 34.417957>
	pigment { color rgbt <0,1,1,0> }
	no_shadow
}
cylinder {
	<31.459562, 37.707851, 33.597591>,  <31.214687, 37.194664, 34.055061>, 0.130000
	pigment { color rgbt <1,0,0,0> }
	no_shadow
}

// nucleotide -1

// particle -1
sphere {
	<31.459562, 37.707851, 33.597591> 0.250000
	pigment { color rgbt <1,0,0,0> }
	no_shadow
}
cylinder {
	<31.592400, 37.847980, 33.947903>,  <31.672102, 37.932056, 34.158089>, 0.100000
	pigment { color rgbt <1,0,0,0> }
	no_shadow
}
cylinder {
	<31.592400, 37.847980, 33.947903>,  <31.459562, 37.707851, 33.597591>, 0.100000
	pigment { color rgbt <1,0,0,0> }
	no_shadow
}

// particle -1
sphere {
	<31.592400, 37.847980, 33.947903> 0.100000
	pigment { color rgbt <1,0,0,0> }
	no_shadow
}
sphere {
	0, 1
	scale<0.080000,0.200000,0.300000>
	matrix <0.910063, 0.125106, -0.395138,
		-0.247991, 0.928236, -0.277270,
		0.332093, 0.350324, 0.875778,
		31.692028, 37.953079, 34.210636>
	pigment { color rgbt <0,1,1,0> }
	no_shadow
}
cylinder {
	<31.811367, 38.375908, 33.507595>,  <31.459562, 37.707851, 33.597591>, 0.130000
	pigment { color rgbt <1,0,0,0> }
	no_shadow
}

// nucleotide -1

// particle -1
sphere {
	<31.811367, 38.375908, 33.507595> 0.250000
	pigment { color rgbt <1,0,0,0> }
	no_shadow
}
cylinder {
	<31.957497, 38.198994, 33.835236>,  <32.045174, 38.092846, 34.031818>, 0.100000
	pigment { color rgbt <1,0,0,0> }
	no_shadow
}
cylinder {
	<31.957497, 38.198994, 33.835236>,  <31.811367, 38.375908, 33.507595>, 0.100000
	pigment { color rgbt <1,0,0,0> }
	no_shadow
}

// particle -1
sphere {
	<31.957497, 38.198994, 33.835236> 0.100000
	pigment { color rgbt <1,0,0,0> }
	no_shadow
}
sphere {
	0, 1
	scale<0.080000,0.200000,0.300000>
	matrix <0.930452, 0.146775, -0.335732,
		0.028265, 0.884784, 0.465143,
		0.365322, -0.442282, 0.819101,
		32.067093, 38.066307, 34.080967>
	pigment { color rgbt <0,1,1,0> }
	no_shadow
}
cylinder {
	<32.179993, 38.928123, 33.651649>,  <31.811367, 38.375908, 33.507595>, 0.130000
	pigment { color rgbt <1,0,0,0> }
	no_shadow
}

// nucleotide -1

// particle -1
sphere {
	<32.179993, 38.928123, 33.651649> 0.250000
	pigment { color rgbt <1,0,0,0> }
	no_shadow
}
cylinder {
	<32.260937, 38.563633, 33.795158>,  <32.309505, 38.344940, 33.881264>, 0.100000
	pigment { color rgbt <1,0,0,0> }
	no_shadow
}
cylinder {
	<32.260937, 38.563633, 33.795158>,  <32.179993, 38.928123, 33.651649>, 0.100000
	pigment { color rgbt <1,0,0,0> }
	no_shadow
}

// particle -1
sphere {
	<32.260937, 38.563633, 33.795158> 0.100000
	pigment { color rgbt <1,0,0,0> }
	no_shadow
}
sphere {
	0, 1
	scale<0.080000,0.200000,0.300000>
	matrix <0.833478, -0.032091, -0.551620,
		0.514162, 0.410660, 0.752991,
		0.202364, -0.911224, 0.358776,
		32.321648, 38.290264, 33.902790>
	pigment { color rgbt <0,1,1,0> }
	no_shadow
}
cylinder {
	<32.775280, 38.915653, 34.021088>,  <32.179993, 38.928123, 33.651649>, 0.130000
	pigment { color rgbt <1,0,0,0> }
	no_shadow
}

// nucleotide -1

// particle -1
sphere {
	<32.775280, 38.915653, 34.021088> 0.250000
	pigment { color rgbt <1,0,0,0> }
	no_shadow
}
cylinder {
	<32.730640, 38.546383, 33.873959>,  <32.703857, 38.324821, 33.785683>, 0.100000
	pigment { color rgbt <1,0,0,0> }
	no_shadow
}
cylinder {
	<32.730640, 38.546383, 33.873959>,  <32.775280, 38.915653, 34.021088>, 0.100000
	pigment { color rgbt <1,0,0,0> }
	no_shadow
}

// particle -1
sphere {
	<32.730640, 38.546383, 33.873959> 0.100000
	pigment { color rgbt <1,0,0,0> }
	no_shadow
}
sphere {
	0, 1
	scale<0.080000,0.200000,0.300000>
	matrix <0.813637, 0.127627, -0.567191,
		0.570561, -0.362572, 0.736887,
		-0.111601, -0.923175, -0.367821,
		32.697159, 38.269432, 33.763611>
	pigment { color rgbt <0,1,1,0> }
	no_shadow
}
cylinder {
	<33.428696, 38.476982, 34.094948>,  <32.775280, 38.915653, 34.021088>, 0.130000
	pigment { color rgbt <1,0,0,0> }
	no_shadow
}

// nucleotide -1

// particle -1
sphere {
	<33.428696, 38.476982, 34.094948> 0.250000
	pigment { color rgbt <1,0,0,0> }
	no_shadow
}
cylinder {
	<33.221107, 38.394470, 33.763138>,  <33.096554, 38.344963, 33.564053>, 0.100000
	pigment { color rgbt <1,0,0,0> }
	no_shadow
}
cylinder {
	<33.221107, 38.394470, 33.763138>,  <33.428696, 38.476982, 34.094948>, 0.100000
	pigment { color rgbt <1,0,0,0> }
	no_shadow
}

// particle -1
sphere {
	<33.221107, 38.394470, 33.763138> 0.100000
	pigment { color rgbt <1,0,0,0> }
	no_shadow
}
sphere {
	0, 1
	scale<0.080000,0.200000,0.300000>
	matrix <0.810293, 0.190309, -0.554264,
		0.272201, -0.959808, 0.068383,
		-0.518972, -0.206282, -0.829527,
		33.065414, 38.332584, 33.514278>
	pigment { color rgbt <0,1,1,0> }
	no_shadow
}
cylinder {
	<33.920300, 38.175858, 33.576572>,  <33.428696, 38.476982, 34.094948>, 0.130000
	pigment { color rgbt <1,0,0,0> }
	no_shadow
}

// nucleotide -1

// particle -1
sphere {
	<33.920300, 38.175858, 33.576572> 0.250000
	pigment { color rgbt <1,0,0,0> }
	no_shadow
}
cylinder {
	<33.624855, 38.311661, 33.343613>,  <33.447590, 38.393143, 33.203838>, 0.100000
	pigment { color rgbt <1,0,0,0> }
	no_shadow
}
cylinder {
	<33.624855, 38.311661, 33.343613>,  <33.920300, 38.175858, 33.576572>, 0.100000
	pigment { color rgbt <1,0,0,0> }
	no_shadow
}

// particle -1
sphere {
	<33.624855, 38.311661, 33.343613> 0.100000
	pigment { color rgbt <1,0,0,0> }
	no_shadow
}
sphere {
	0, 1
	scale<0.080000,0.200000,0.300000>
	matrix <0.643555, 0.097870, -0.759117,
		-0.200731, -0.935496, -0.290783,
		-0.738610, 0.339512, -0.582397,
		33.403271, 38.413513, 33.168892>
	pigment { color rgbt <0,1,1,0> }
	no_shadow
}
cylinder {
	<33.675278, 37.889076, 32.845074>,  <33.920300, 38.175858, 33.576572>, 0.130000
	pigment { color rgbt <1,0,0,0> }
	no_shadow
}

// nucleotide -1

// particle -1
sphere {
	<33.675278, 37.889076, 32.845074> 0.250000
	pigment { color rgbt <1,0,0,0> }
	no_shadow
}
cylinder {
	<33.689095, 38.285225, 32.898685>,  <33.697384, 38.522915, 32.930851>, 0.100000
	pigment { color rgbt <1,0,0,0> }
	no_shadow
}
cylinder {
	<33.689095, 38.285225, 32.898685>,  <33.675278, 37.889076, 32.845074>, 0.100000
	pigment { color rgbt <1,0,0,0> }
	no_shadow
}

// particle -1
sphere {
	<33.689095, 38.285225, 32.898685> 0.100000
	pigment { color rgbt <1,0,0,0> }
	no_shadow
}
sphere {
	0, 1
	scale<0.080000,0.200000,0.300000>
	matrix <0.722362, 0.067938, -0.688170,
		-0.690652, 0.120588, -0.713063,
		0.034541, 0.990375, 0.134030,
		33.699455, 38.582336, 32.938896>
	pigment { color rgbt <0,1,1,0> }
	no_shadow
}
cylinder {
	<33.005215, 37.999344, 32.621166>,  <33.675278, 37.889076, 32.845074>, 0.130000
	pigment { color rgbt <1,0,0,0> }
	no_shadow
}

// nucleotide -1

// particle -1
sphere {
	<33.005215, 37.999344, 32.621166> 0.250000
	pigment { color rgbt <1,0,0,0> }
	no_shadow
}
cylinder {
	<33.206463, 37.717957, 32.821964>,  <33.327213, 37.549126, 32.942444>, 0.100000
	pigment { color rgbt <1,0,0,0> }
	no_shadow
}
cylinder {
	<33.206463, 37.717957, 32.821964>,  <33.005215, 37.999344, 32.621166>, 0.100000
	pigment { color rgbt <1,0,0,0> }
	no_shadow
}

// particle -1
sphere {
	<33.206463, 37.717957, 32.821964> 0.100000
	pigment { color rgbt <1,0,0,0> }
	no_shadow
}
sphere {
	0, 1
	scale<0.080000,0.200000,0.300000>
	matrix <-0.348186, 0.366643, 0.862751,
		-0.790972, -0.608857, -0.060472,
		0.503120, -0.703468, 0.501999,
		33.357399, 37.506916, 32.972565>
	pigment { color rgbt <0,1,1,0> }
	no_shadow
}
cylinder {
	<32.501102, 37.580139, 33.185699>,  <33.005215, 37.999344, 32.621166>, 0.130000
	pigment { color rgbt <1,0,0,0> }
	no_shadow
}

// nucleotide -1

// particle -1
sphere {
	<32.501102, 37.580139, 33.185699> 0.250000
	pigment { color rgbt <1,0,0,0> }
	no_shadow
}
cylinder {
	<32.893024, 37.586193, 33.265457>,  <33.128178, 37.589825, 33.313313>, 0.100000
	pigment { color rgbt <1,0,0,0> }
	no_shadow
}
cylinder {
	<32.893024, 37.586193, 33.265457>,  <32.501102, 37.580139, 33.185699>, 0.100000
	pigment { color rgbt <1,0,0,0> }
	no_shadow
}

// particle -1
sphere {
	<32.893024, 37.586193, 33.265457> 0.100000
	pigment { color rgbt <1,0,0,0> }
	no_shadow
}
sphere {
	0, 1
	scale<0.080000,0.200000,0.300000>
	matrix <-0.193604, 0.321248, 0.926994,
		-0.050027, -0.946874, 0.317690,
		0.979803, 0.015132, 0.199390,
		33.186966, 37.590733, 33.325275>
	pigment { color rgbt <0,1,1,0> }
	no_shadow
}
cylinder {
	<32.755997, 37.195877, 33.827038>,  <32.501102, 37.580139, 33.185699>, 0.130000
	pigment { color rgbt <1,0,0,0> }
	no_shadow
}

// nucleotide -1

// particle -1
sphere {
	<32.755997, 37.195877, 33.827038> 0.250000
	pigment { color rgbt <1,0,0,0> }
	no_shadow
}
cylinder {
	<32.990517, 37.506786, 33.735733>,  <33.131229, 37.693333, 33.680950>, 0.100000
	pigment { color rgbt <1,0,0,0> }
	no_shadow
}
cylinder {
	<32.990517, 37.506786, 33.735733>,  <32.755997, 37.195877, 33.827038>, 0.100000
	pigment { color rgbt <1,0,0,0> }
	no_shadow
}

// particle -1
sphere {
	<32.990517, 37.506786, 33.735733> 0.100000
	pigment { color rgbt <1,0,0,0> }
	no_shadow
}
sphere {
	0, 1
	scale<0.080000,0.200000,0.300000>
	matrix <-0.113039, 0.357509, 0.927043,
		0.802169, -0.517723, 0.297469,
		0.586300, 0.777271, -0.228260,
		33.166409, 37.739967, 33.667255>
	pigment { color rgbt <0,1,1,0> }
	no_shadow
}
cylinder {
	<33.407021, 37.430168, 34.340458>,  <32.755997, 37.195877, 33.827038>, 0.130000
	pigment { color rgbt <1,0,0,0> }
	no_shadow
}

// nucleotide -1

// particle -1
sphere {
	<33.407021, 37.430168, 34.340458> 0.250000
	pigment { color rgbt <1,0,0,0> }
	no_shadow
}
cylinder {
	<33.230968, 37.739838, 34.158497>,  <33.125336, 37.925640, 34.049320>, 0.100000
	pigment { color rgbt <1,0,0,0> }
	no_shadow
}
cylinder {
	<33.230968, 37.739838, 34.158497>,  <33.407021, 37.430168, 34.340458>, 0.100000
	pigment { color rgbt <1,0,0,0> }
	no_shadow
}

// particle -1
sphere {
	<33.230968, 37.739838, 34.158497> 0.100000
	pigment { color rgbt <1,0,0,0> }
	no_shadow
}
sphere {
	0, 1
	scale<0.080000,0.200000,0.300000>
	matrix <-0.204652, 0.406791, 0.890303,
		0.874300, 0.484948, -0.020605,
		-0.440132, 0.774175, -0.454903,
		33.098930, 37.972092, 34.022026>
	pigment { color rgbt <0,1,1,0> }
	no_shadow
}
cylinder {
	<33.887348, 36.953136, 34.287415>,  <33.407021, 37.430168, 34.340458>, 0.130000
	pigment { color rgbt <1,0,0,0> }
	no_shadow
}

// nucleotide -1

// particle -1
sphere {
	<33.887348, 36.953136, 34.287415> 0.250000
	pigment { color rgbt <1,0,0,0> }
	no_shadow
}
cylinder {
	<33.626747, 37.075745, 34.009830>,  <33.470387, 37.149311, 33.843281>, 0.100000
	pigment { color rgbt <1,0,0,0> }
	no_shadow
}
cylinder {
	<33.626747, 37.075745, 34.009830>,  <33.887348, 36.953136, 34.287415>, 0.100000
	pigment { color rgbt <1,0,0,0> }
	no_shadow
}

// particle -1
sphere {
	<33.626747, 37.075745, 34.009830> 0.100000
	pigment { color rgbt <1,0,0,0> }
	no_shadow
}
sphere {
	0, 1
	scale<0.080000,0.200000,0.300000>
	matrix <0.408579, -0.628979, -0.661399,
		-0.639229, -0.714440, 0.284537,
		-0.651498, 0.306530, -0.693967,
		33.431293, 37.167702, 33.801640>
	pigment { color rgbt <0,1,1,0> }
	no_shadow
}
cylinder {
	<34.595898, 37.262688, 34.152359>,  <33.887348, 36.953136, 34.287415>, 0.130000
	pigment { color rgbt <1,0,0,0> }
	no_shadow
}

// nucleotide -1

// particle -1
sphere {
	<34.595898, 37.262688, 34.152359> 0.250000
	pigment { color rgbt <1,0,0,0> }
	no_shadow
}
cylinder {
	<34.525101, 37.595356, 34.362881>,  <34.482624, 37.794956, 34.489193>, 0.100000
	pigment { color rgbt <1,0,0,0> }
	no_shadow
}
cylinder {
	<34.525101, 37.595356, 34.362881>,  <34.595898, 37.262688, 34.152359>, 0.100000
	pigment { color rgbt <1,0,0,0> }
	no_shadow
}

// particle -1
sphere {
	<34.525101, 37.595356, 34.362881> 0.100000
	pigment { color rgbt <1,0,0,0> }
	no_shadow
}
sphere {
	0, 1
	scale<0.080000,0.200000,0.300000>
	matrix <-0.547789, -0.527504, 0.649359,
		0.817681, -0.173371, 0.548945,
		-0.176990, 0.831674, 0.526301,
		34.472004, 37.844860, 34.520771>
	pigment { color rgbt <0,1,1,0> }
	no_shadow
}
cylinder {
	<34.795269, 37.146507, 34.766651>,  <34.595898, 37.262688, 34.152359>, 0.130000
	pigment { color rgbt <1,0,0,0> }
	no_shadow
}

// nucleotide -1

// particle -1
sphere {
	<34.795269, 37.146507, 34.766651> 0.250000
	pigment { color rgbt <1,0,0,0> }
	no_shadow
}
cylinder {
	<34.532936, 37.443939, 34.818771>,  <34.375538, 37.622398, 34.850044>, 0.100000
	pigment { color rgbt <1,0,0,0> }
	no_shadow
}
cylinder {
	<34.532936, 37.443939, 34.818771>,  <34.795269, 37.146507, 34.766651>, 0.100000
	pigment { color rgbt <1,0,0,0> }
	no_shadow
}

// particle -1
sphere {
	<34.532936, 37.443939, 34.818771> 0.100000
	pigment { color rgbt <1,0,0,0> }
	no_shadow
}
sphere {
	0, 1
	scale<0.080000,0.200000,0.300000>
	matrix <-0.401539, -0.489762, 0.773886,
		0.639259, 0.455220, 0.619777,
		-0.655831, 0.743578, 0.130296,
		34.336185, 37.667011, 34.857861>
	pigment { color rgbt <0,1,1,0> }
	no_shadow
}
cylinder {
	<34.786587, 37.396255, 35.420166>,  <34.795269, 37.146507, 34.766651>, 0.130000
	pigment { color rgbt <1,0,0,0> }
	no_shadow
}

// nucleotide -1

// particle -1
sphere {
	<34.786587, 37.396255, 35.420166> 0.250000
	pigment { color rgbt <1,0,0,0> }
	no_shadow
}
cylinder {
	<34.421288, 37.527573, 35.323662>,  <34.202106, 37.606361, 35.265759>, 0.100000
	pigment { color rgbt <1,0,0,0> }
	no_shadow
}
cylinder {
	<34.421288, 37.527573, 35.323662>,  <34.786587, 37.396255, 35.420166>, 0.100000
	pigment { color rgbt <1,0,0,0> }
	no_shadow
}

// particle -1
sphere {
	<34.421288, 37.527573, 35.323662> 0.100000
	pigment { color rgbt <1,0,0,0> }
	no_shadow
}
sphere {
	0, 1
	scale<0.080000,0.200000,0.300000>
	matrix <-0.367201, -0.406765, 0.836484,
		0.176477, 0.852506, 0.492026,
		-0.913247, 0.328292, -0.241256,
		34.147312, 37.626060, 35.251286>
	pigment { color rgbt <0,1,1,0> }
	no_shadow
}
cylinder {
	<34.422112, 37.616150, 36.099300>,  <34.786587, 37.396255, 35.420166>, 0.130000
	pigment { color rgbt <1,0,0,0> }
	no_shadow
}

// nucleotide -1

// particle -1
sphere {
	<34.422112, 37.616150, 36.099300> 0.250000
	pigment { color rgbt <1,0,0,0> }
	no_shadow
}
cylinder {
	<34.142555, 37.556820, 35.819431>,  <33.974819, 37.521221, 35.651508>, 0.100000
	pigment { color rgbt <1,0,0,0> }
	no_shadow
}
cylinder {
	<34.142555, 37.556820, 35.819431>,  <34.422112, 37.616150, 36.099300>, 0.100000
	pigment { color rgbt <1,0,0,0> }
	no_shadow
}

// particle -1
sphere {
	<34.142555, 37.556820, 35.819431> 0.100000
	pigment { color rgbt <1,0,0,0> }
	no_shadow
}
sphere {
	0, 1
	scale<0.080000,0.200000,0.300000>
	matrix <-0.589655, -0.434166, 0.681033,
		-0.404790, 0.888538, 0.215976,
		-0.698893, -0.148324, -0.699677,
		33.932888, 37.512321, 35.609528>
	pigment { color rgbt <0,1,1,0> }
	no_shadow
}
cylinder {
	<33.853256, 37.830154, 36.406174>,  <34.422112, 37.616150, 36.099300>, 0.130000
	pigment { color rgbt <1,0,0,0> }
	no_shadow
}

// nucleotide -1

// particle -1
sphere {
	<33.853256, 37.830154, 36.406174> 0.250000
	pigment { color rgbt <1,0,0,0> }
	no_shadow
}
cylinder {
	<33.690063, 37.614109, 36.111740>,  <33.592148, 37.484482, 35.935078>, 0.100000
	pigment { color rgbt <1,0,0,0> }
	no_shadow
}
cylinder {
	<33.690063, 37.614109, 36.111740>,  <33.853256, 37.830154, 36.406174>, 0.100000
	pigment { color rgbt <1,0,0,0> }
	no_shadow
}

// particle -1
sphere {
	<33.690063, 37.614109, 36.111740> 0.100000
	pigment { color rgbt <1,0,0,0> }
	no_shadow
}
sphere {
	0, 1
	scale<0.080000,0.200000,0.300000>
	matrix <-0.507540, -0.536007, 0.674611,
		-0.758918, 0.648821, -0.055452,
		-0.407979, -0.540118, -0.736088,
		33.567669, 37.452072, 35.890915>
	pigment { color rgbt <0,1,1,0> }
	no_shadow
}
cylinder {
	<33.072376, 37.872719, 36.443851>,  <33.853256, 37.830154, 36.406174>, 0.130000
	pigment { color rgbt <1,0,0,0> }
	no_shadow
}

// nucleotide -1

// particle -1
sphere {
	<33.072376, 37.872719, 36.443851> 0.250000
	pigment { color rgbt <1,0,0,0> }
	no_shadow
}
cylinder {
	<33.147888, 37.522961, 36.265060>,  <33.193195, 37.313107, 36.157784>, 0.100000
	pigment { color rgbt <1,0,0,0> }
	no_shadow
}
cylinder {
	<33.147888, 37.522961, 36.265060>,  <33.072376, 37.872719, 36.443851>, 0.100000
	pigment { color rgbt <1,0,0,0> }
	no_shadow
}

// particle -1
sphere {
	<33.147888, 37.522961, 36.265060> 0.100000
	pigment { color rgbt <1,0,0,0> }
	no_shadow
}
sphere {
	0, 1
	scale<0.080000,0.200000,0.300000>
	matrix <-0.745373, -0.423928, 0.514494,
		-0.639359, 0.236039, -0.731782,
		0.188782, -0.874397, -0.446979,
		33.204521, 37.260643, 36.130966>
	pigment { color rgbt <0,1,1,0> }
	no_shadow
}
cylinder {
	<32.391270, 37.670700, 36.375328>,  <33.072376, 37.872719, 36.443851>, 0.130000
	pigment { color rgbt <1,0,0,0> }
	no_shadow
}

// nucleotide -1

// particle -1
sphere {
	<32.391270, 37.670700, 36.375328> 0.250000
	pigment { color rgbt <1,0,0,0> }
	no_shadow
}
cylinder {
	<32.610813, 37.350174, 36.280128>,  <32.742538, 37.157860, 36.223007>, 0.100000
	pigment { color rgbt <1,0,0,0> }
	no_shadow
}
cylinder {
	<32.610813, 37.350174, 36.280128>,  <32.391270, 37.670700, 36.375328>, 0.100000
	pigment { color rgbt <1,0,0,0> }
	no_shadow
}

// particle -1
sphere {
	<32.610813, 37.350174, 36.280128> 0.100000
	pigment { color rgbt <1,0,0,0> }
	no_shadow
}
sphere {
	0, 1
	scale<0.080000,0.200000,0.300000>
	matrix <-0.740413, -0.598187, 0.306529,
		-0.387995, 0.007976, -0.921627,
		0.548861, -0.801316, -0.237999,
		32.775471, 37.109779, 36.208729>
	pigment { color rgbt <0,1,1,0> }
	no_shadow
}
cylinder {
	<31.952612, 37.272980, 35.873306>,  <32.391270, 37.670700, 36.375328>, 0.130000
	pigment { color rgbt <1,0,0,0> }
	no_shadow
}

// nucleotide -1

// particle -1
sphere {
	<31.952612, 37.272980, 35.873306> 0.250000
	pigment { color rgbt <1,0,0,0> }
	no_shadow
}
cylinder {
	<32.218822, 37.020416, 36.032505>,  <32.378548, 36.868877, 36.128025>, 0.100000
	pigment { color rgbt <1,0,0,0> }
	no_shadow
}
cylinder {
	<32.218822, 37.020416, 36.032505>,  <31.952612, 37.272980, 35.873306>, 0.100000
	pigment { color rgbt <1,0,0,0> }
	no_shadow
}

// particle -1
sphere {
	<32.218822, 37.020416, 36.032505> 0.100000
	pigment { color rgbt <1,0,0,0> }
	no_shadow
}
sphere {
	0, 1
	scale<0.080000,0.200000,0.300000>
	matrix <-0.736954, -0.640359, 0.216422,
