// switches for output
#declare DRAW_BASES = 1; // possible values are 0, 1; only relevant for DNA ribbons
#declare DRAW_BASES_TYPE = 3; // possible values are 1, 2, 3; only relevant for DNA ribbons
#declare DRAW_FOG = 0; // set to 1 to enable fog

#include "colors.inc"

#include "transforms.inc"
background { rgb <1, 1, 1>}

#default {
   normal{
       ripples 0.25
       frequency 0.20
       turbulence 0.2
       lambda 5
   }
	finish {
		phong 0.1
		phong_size 40.
	}
}

// original window dimensions: 1024x640


// camera settings

camera {
	sky <0, 0.179814, -0.983701>
	up <0, 0.179814, -0.983701>
	right 1.6 * <1, 0, 0>
	location <35, 94.9851, 44.8844>
	look_at <35, 29.7336, 32.9568>
	direction <0, -65.2515, -11.9276>
	angle 67.0682
}


# declare cpy_camera_pos = <35, 94.9851, 44.8844>;
# if (DRAW_FOG = 1)
fog {
	fog_type 2
	up vnormalize(cpy_camera_pos)
	color rgbt<1,1,1,0.3>
	distance 1e-5
	fog_alt 3e-3
	fog_offset 56
}
# end


// LIGHTS

# declare lum = 6;
global_settings {
	ambient_light rgb lum * <0.05, 0.05, 0.05>
	max_trace_level 15
}# declare cpy_direct_light_amount = 0.25;
light_source
{	1000 * <-1, -1.16352, -0.803886>,
	rgb lum * cpy_direct_light_amount
	parallel
}

light_source
{	1000 * <1, 1.16352, 0.803886>,
	rgb lum * cpy_direct_light_amount
	parallel
}

// strand 0

// nucleotide -1

// particle -1
sphere {
	<24.099150, 34.945290, 35.559082> 0.250000
	pigment { color rgbt <1,0,0,0> }
	no_shadow
}
cylinder {
	<24.115227, 35.218678, 35.267532>,  <24.124872, 35.382710, 35.092602>, 0.100000
	pigment { color rgbt <1,0,0,0> }
	no_shadow
}
cylinder {
	<24.115227, 35.218678, 35.267532>,  <24.099150, 34.945290, 35.559082>, 0.100000
	pigment { color rgbt <1,0,0,0> }
	no_shadow
}

// particle -1
sphere {
	<24.115227, 35.218678, 35.267532> 0.100000
	pigment { color rgbt <1,0,0,0> }
	no_shadow
}
sphere {
	0, 1
	scale<0.080000,0.200000,0.300000>
	matrix <0.976398, -0.181786, -0.116620,
		-0.212205, -0.706986, -0.674641,
		0.040192, 0.683466, -0.728875,
		24.127285, 35.423717, 35.048870>
	pigment { color rgbt <0,1,1,0> }
	no_shadow
}
cylinder {
	<24.385180, 34.807541, 34.869919>,  <24.099150, 34.945290, 35.559082>, 0.130000
	pigment { color rgbt <1,0,0,0> }
	no_shadow
}

// nucleotide -1

// particle -1
sphere {
	<24.385180, 34.807541, 34.869919> 0.250000
	pigment { color rgbt <1,0,0,0> }
	no_shadow
}
cylinder {
	<24.452572, 35.193699, 34.949547>,  <24.493008, 35.425392, 34.997322>, 0.100000
	pigment { color rgbt <1,0,0,0> }
	no_shadow
}
cylinder {
	<24.452572, 35.193699, 34.949547>,  <24.385180, 34.807541, 34.869919>, 0.100000
	pigment { color rgbt <1,0,0,0> }
	no_shadow
}

// particle -1
sphere {
	<24.452572, 35.193699, 34.949547> 0.100000
	pigment { color rgbt <1,0,0,0> }
	no_shadow
}
sphere {
	0, 1
	scale<0.080000,0.200000,0.300000>
	matrix <0.985658, -0.163048, -0.043507,
		-0.009544, 0.203544, -0.979019,
		0.168483, 0.965394, 0.199069,
		24.503117, 35.483318, 35.009266>
	pigment { color rgbt <0,1,1,0> }
	no_shadow
}
cylinder {
	<25.053877, 34.405888, 34.715450>,  <24.385180, 34.807541, 34.869919>, 0.130000
	pigment { color rgbt <1,0,0,0> }
	no_shadow
}

// nucleotide -1

// particle -1
sphere {
	<25.053877, 34.405888, 34.715450> 0.250000
	pigment { color rgbt <1,0,0,0> }
	no_shadow
}
cylinder {
	<24.999210, 34.518574, 35.095337>,  <24.966410, 34.586185, 35.323269>, 0.100000
	pigment { color rgbt <1,0,0,0> }
	no_shadow
}
cylinder {
	<24.999210, 34.518574, 35.095337>,  <25.053877, 34.405888, 34.715450>, 0.100000
	pigment { color rgbt <1,0,0,0> }
	no_shadow
}

// particle -1
sphere {
	<24.999210, 34.518574, 35.095337> 0.100000
	pigment { color rgbt <1,0,0,0> }
	no_shadow
}
sphere {
	0, 1
	scale<0.080000,0.200000,0.300000>
	matrix <0.445159, -0.838991, 0.312933,
		0.884961, 0.465541, -0.010747,
		-0.136667, 0.281717, 0.949714,
		24.958210, 34.603088, 35.380253>
	pigment { color rgbt <0,1,1,0> }
	no_shadow
}
cylinder {
	<25.623682, 34.067455, 35.179905>,  <25.053877, 34.405888, 34.715450>, 0.130000
	pigment { color rgbt <1,0,0,0> }
	no_shadow
}

// nucleotide -1

// particle -1
sphere {
	<25.623682, 34.067455, 35.179905> 0.250000
	pigment { color rgbt <1,0,0,0> }
	no_shadow
}
cylinder {
	<25.371256, 34.193203, 35.463573>,  <25.219801, 34.268650, 35.633774>, 0.100000
	pigment { color rgbt <1,0,0,0> }
	no_shadow
}
cylinder {
	<25.371256, 34.193203, 35.463573>,  <25.623682, 34.067455, 35.179905>, 0.100000
	pigment { color rgbt <1,0,0,0> }
	no_shadow
}

// particle -1
sphere {
	<25.371256, 34.193203, 35.463573> 0.100000
	pigment { color rgbt <1,0,0,0> }
	no_shadow
}
sphere {
	0, 1
	scale<0.080000,0.200000,0.300000>
	matrix <0.261392, -0.774563, 0.575957,
		0.730364, 0.548839, 0.406626,
		-0.631065, 0.314369, 0.709175,
		25.181936, 34.287514, 35.676327>
	pigment { color rgbt <0,1,1,0> }
	no_shadow
}
cylinder {
	<25.946682, 33.899376, 35.846752>,  <25.623682, 34.067455, 35.179905>, 0.130000
	pigment { color rgbt <1,0,0,0> }
	no_shadow
}

// nucleotide -1

// particle -1
sphere {
	<25.946682, 33.899376, 35.846752> 0.250000
	pigment { color rgbt <1,0,0,0> }
	no_shadow
}
cylinder {
	<25.551184, 33.923798, 35.901379>,  <25.313885, 33.938450, 35.934155>, 0.100000
	pigment { color rgbt <1,0,0,0> }
	no_shadow
}
cylinder {
	<25.551184, 33.923798, 35.901379>,  <25.946682, 33.899376, 35.846752>, 0.100000
	pigment { color rgbt <1,0,0,0> }
	no_shadow
}

// particle -1
sphere {
	<25.551184, 33.923798, 35.901379> 0.100000
	pigment { color rgbt <1,0,0,0> }
	no_shadow
}
sphere {
	0, 1
	scale<0.080000,0.200000,0.300000>
	matrix <0.016942, -0.861336, 0.507753,
		0.148629, 0.504353, 0.850610,
		-0.988748, 0.061055, 0.136564,
		25.254559, 33.942116, 35.942348>
	pigment { color rgbt <0,1,1,0> }
	no_shadow
}
cylinder {
	<26.591337, 33.742138, 36.194706>,  <25.946682, 33.899376, 35.846752>, 0.130000
	pigment { color rgbt <1,0,0,0> }
	no_shadow
}

// nucleotide -1

// particle -1
sphere {
	<26.591337, 33.742138, 36.194706> 0.250000
	pigment { color rgbt <1,0,0,0> }
	no_shadow
}
cylinder {
	<26.949894, 33.909302, 36.135597>,  <27.165028, 34.009602, 36.100132>, 0.100000
	pigment { color rgbt <1,0,0,0> }
	no_shadow
}
cylinder {
	<26.949894, 33.909302, 36.135597>,  <26.591337, 33.742138, 36.194706>, 0.100000
	pigment { color rgbt <1,0,0,0> }
	no_shadow
}

// particle -1
sphere {
	<26.949894, 33.909302, 36.135597> 0.100000
	pigment { color rgbt <1,0,0,0> }
	no_shadow
}
sphere {
	0, 1
	scale<0.080000,0.200000,0.300000>
	matrix <-0.200972, 0.086027, -0.975812,
		-0.395090, 0.904406, 0.161102,
		0.896389, 0.417911, -0.147771,
		27.218811, 34.034676, 36.091267>
	pigment { color rgbt <0,1,1,0> }
	no_shadow
}
cylinder {
	<26.531023, 34.401505, 35.796219>,  <26.591337, 33.742138, 36.194706>, 0.130000
	pigment { color rgbt <1,0,0,0> }
	no_shadow
}

// nucleotide -1

// particle -1
sphere {
	<26.531023, 34.401505, 35.796219> 0.250000
	pigment { color rgbt <1,0,0,0> }
	no_shadow
}
cylinder {
	<26.891224, 34.247589, 35.715191>,  <27.107344, 34.155239, 35.666573>, 0.100000
	pigment { color rgbt <1,0,0,0> }
	no_shadow
}
cylinder {
	<26.891224, 34.247589, 35.715191>,  <26.531023, 34.401505, 35.796219>, 0.100000
	pigment { color rgbt <1,0,0,0> }
	no_shadow
}

// particle -1
sphere {
	<26.891224, 34.247589, 35.715191> 0.100000
	pigment { color rgbt <1,0,0,0> }
	no_shadow
}
sphere {
	0, 1
	scale<0.080000,0.200000,0.300000>
	matrix <-0.090360, 0.290099, -0.952721,
		0.425361, 0.876231, 0.226465,
		0.900501, -0.384787, -0.202573,
		27.161375, 34.132153, 35.654419>
	pigment { color rgbt <0,1,1,0> }
	no_shadow
}
cylinder {
	<26.990984, 34.895229, 35.477364>,  <26.531023, 34.401505, 35.796219>, 0.130000
	pigment { color rgbt <1,0,0,0> }
	no_shadow
}

// nucleotide -1

// particle -1
sphere {
	<26.990984, 34.895229, 35.477364> 0.250000
	pigment { color rgbt <1,0,0,0> }
	no_shadow
}
cylinder {
	<27.112099, 34.526997, 35.378696>,  <27.184769, 34.306057, 35.319496>, 0.100000
	pigment { color rgbt <1,0,0,0> }
	no_shadow
}
cylinder {
	<27.112099, 34.526997, 35.378696>,  <26.990984, 34.895229, 35.477364>, 0.100000
	pigment { color rgbt <1,0,0,0> }
	no_shadow
}

// particle -1
sphere {
	<27.112099, 34.526997, 35.378696> 0.100000
	pigment { color rgbt <1,0,0,0> }
	no_shadow
}
sphere {
	0, 1
	scale<0.080000,0.200000,0.300000>
	matrix <-0.045973, 0.244404, -0.968583,
		0.951948, 0.304616, 0.031681,
		0.302789, -0.920584, -0.246664,
		27.202936, 34.250820, 35.304699>
	pigment { color rgbt <0,1,1,0> }
	no_shadow
}
cylinder {
	<27.024431, 34.928818, 34.862835>,  <26.990984, 34.895229, 35.477364>, 0.130000
	pigment { color rgbt <1,0,0,0> }
	no_shadow
}

// nucleotide -1

// particle -1
sphere {
	<27.024431, 34.928818, 34.862835> 0.250000
	pigment { color rgbt <1,0,0,0> }
	no_shadow
}
cylinder {
	<27.115940, 34.539936, 34.842922>,  <27.170845, 34.306606, 34.830975>, 0.100000
	pigment { color rgbt <1,0,0,0> }
	no_shadow
}
cylinder {
	<27.115940, 34.539936, 34.842922>,  <27.024431, 34.928818, 34.862835>, 0.100000
	pigment { color rgbt <1,0,0,0> }
	no_shadow
}

// particle -1
sphere {
	<27.115940, 34.539936, 34.842922> 0.100000
	pigment { color rgbt <1,0,0,0> }
	no_shadow
}
sphere {
	0, 1
	scale<0.080000,0.200000,0.300000>
	matrix <-0.161457, 0.012540, -0.986800,
		0.959997, 0.233790, -0.154101,
		0.228772, -0.972206, -0.049785,
		27.184572, 34.248276, 34.827988>
	pigment { color rgbt <0,1,1,0> }
	no_shadow
}
cylinder {
	<27.487606, 34.826019, 34.310780>,  <27.024431, 34.928818, 34.862835>, 0.130000
	pigment { color rgbt <1,0,0,0> }
	no_shadow
}

// nucleotide -1

// particle -1
sphere {
	<27.487606, 34.826019, 34.310780> 0.250000
	pigment { color rgbt <1,0,0,0> }
	no_shadow
}
cylinder {
	<27.299440, 34.477924, 34.369293>,  <27.186541, 34.269066, 34.404404>, 0.100000
	pigment { color rgbt <1,0,0,0> }
	no_shadow
}
cylinder {
	<27.299440, 34.477924, 34.369293>,  <27.487606, 34.826019, 34.310780>, 0.100000
	pigment { color rgbt <1,0,0,0> }
	no_shadow
}

// particle -1
sphere {
	<27.299440, 34.477924, 34.369293> 0.100000
	pigment { color rgbt <1,0,0,0> }
	no_shadow
}
sphere {
	0, 1
	scale<0.080000,0.200000,0.300000>
	matrix <-0.061805, -0.132878, -0.989203,
		0.880279, -0.474376, 0.008723,
		-0.470414, -0.870236, 0.146289,
		27.158316, 34.216854, 34.413181>
	pigment { color rgbt <0,1,1,0> }
	no_shadow
}
cylinder {
	<27.809584, 34.320499, 33.869499>,  <27.487606, 34.826019, 34.310780>, 0.130000
	pigment { color rgbt <1,0,0,0> }
	no_shadow
}

// nucleotide -1

// particle -1
sphere {
	<27.809584, 34.320499, 33.869499> 0.250000
	pigment { color rgbt <1,0,0,0> }
	no_shadow
}
cylinder {
	<27.446650, 34.176826, 33.956886>,  <27.228889, 34.090622, 34.009319>, 0.100000
	pigment { color rgbt <1,0,0,0> }
	no_shadow
}
cylinder {
	<27.446650, 34.176826, 33.956886>,  <27.809584, 34.320499, 33.869499>, 0.100000
	pigment { color rgbt <1,0,0,0> }
	no_shadow
}

// particle -1
sphere {
	<27.446650, 34.176826, 33.956886> 0.100000
	pigment { color rgbt <1,0,0,0> }
	no_shadow
}
sphere {
	0, 1
	scale<0.080000,0.200000,0.300000>
	matrix <-0.200892, -0.086044, -0.975827,
		0.369303, -0.929290, 0.005913,
		-0.907336, -0.359188, 0.218463,
		27.174448, 34.069069, 34.022427>
	pigment { color rgbt <0,1,1,0> }
	no_shadow
}
cylinder {
	<27.717184, 33.763840, 33.336201>,  <27.809584, 34.320499, 33.869499>, 0.130000
	pigment { color rgbt <1,0,0,0> }
	no_shadow
}

// nucleotide -1

// particle -1
sphere {
	<27.717184, 33.763840, 33.336201> 0.250000
	pigment { color rgbt <1,0,0,0> }
	no_shadow
}
cylinder {
	<27.356607, 33.830738, 33.495918>,  <27.140263, 33.870876, 33.591747>, 0.100000
	pigment { color rgbt <1,0,0,0> }
	no_shadow
}
cylinder {
	<27.356607, 33.830738, 33.495918>,  <27.717184, 33.763840, 33.336201>, 0.100000
	pigment { color rgbt <1,0,0,0> }
	no_shadow
}

// particle -1
sphere {
	<27.356607, 33.830738, 33.495918> 0.100000
	pigment { color rgbt <1,0,0,0> }
	no_shadow
}
sphere {
	0, 1
	scale<0.080000,0.200000,0.300000>
	matrix <-0.430004, -0.239363, -0.870518,
		-0.050010, -0.956418, 0.287686,
		-0.901441, 0.167241, 0.399293,
		27.086176, 33.880913, 33.615707>
	pigment { color rgbt <0,1,1,0> }
	no_shadow
}
cylinder {
	<27.304811, 33.105495, 33.393238>,  <27.717184, 33.763840, 33.336201>, 0.130000
	pigment { color rgbt <1,0,0,0> }
	no_shadow
}

// nucleotide -1

// particle -1
sphere {
	<27.304811, 33.105495, 33.393238> 0.250000
	pigment { color rgbt <1,0,0,0> }
	no_shadow
}
cylinder {
	<27.039986, 33.402241, 33.350681>,  <26.881090, 33.580288, 33.325150>, 0.100000
	pigment { color rgbt <1,0,0,0> }
	no_shadow
}
cylinder {
	<27.039986, 33.402241, 33.350681>,  <27.304811, 33.105495, 33.393238>, 0.100000
	pigment { color rgbt <1,0,0,0> }
	no_shadow
}

// particle -1
sphere {
	<27.039986, 33.402241, 33.350681> 0.100000
	pigment { color rgbt <1,0,0,0> }
	no_shadow
}
sphere {
	0, 1
	scale<0.080000,0.200000,0.300000>
	matrix <-0.216631, -0.325331, -0.920451,
		-0.717457, -0.586349, 0.376099,
		-0.662062, 0.741859, -0.106390,
		26.841368, 33.624798, 33.318764>
	pigment { color rgbt <0,1,1,0> }
	no_shadow
}
cylinder {
	<26.743652, 32.842262, 33.201015>,  <27.304811, 33.105495, 33.393238>, 0.130000
	pigment { color rgbt <1,0,0,0> }
	no_shadow
}

// nucleotide -1

// particle -1
sphere {
	<26.743652, 32.842262, 33.201015> 0.250000
	pigment { color rgbt <1,0,0,0> }
	no_shadow
}
cylinder {
	<26.674004, 33.215557, 33.075314>,  <26.632215, 33.439533, 32.999893>, 0.100000
	pigment { color rgbt <1,0,0,0> }
	no_shadow
}
cylinder {
	<26.674004, 33.215557, 33.075314>,  <26.743652, 32.842262, 33.201015>, 0.100000
	pigment { color rgbt <1,0,0,0> }
	no_shadow
}

// particle -1
sphere {
	<26.674004, 33.215557, 33.075314> 0.100000
	pigment { color rgbt <1,0,0,0> }
	no_shadow
}
sphere {
	0, 1
	scale<0.080000,0.200000,0.300000>
	matrix <-0.186110, -0.344562, -0.920130,
		-0.966977, -0.101728, 0.233680,
		-0.174120, 0.933235, -0.314251,
		26.621767, 33.495529, 32.981037>
	pigment { color rgbt <0,1,1,0> }
	no_shadow
}
cylinder {
	<26.219728, 32.767155, 32.690788>,  <26.743652, 32.842262, 33.201015>, 0.130000
	pigment { color rgbt <1,0,0,0> }
	no_shadow
}

// nucleotide -1

// particle -1
sphere {
	<26.219728, 32.767155, 32.690788> 0.250000
	pigment { color rgbt <1,0,0,0> }
	no_shadow
}
cylinder {
	<26.333490, 33.134693, 32.581367>,  <26.401747, 33.355217, 32.515713>, 0.100000
	pigment { color rgbt <1,0,0,0> }
	no_shadow
}
cylinder {
	<26.333490, 33.134693, 32.581367>,  <26.219728, 32.767155, 32.690788>, 0.100000
	pigment { color rgbt <1,0,0,0> }
	no_shadow
}

// particle -1
sphere {
	<26.333490, 33.134693, 32.581367> 0.100000
	pigment { color rgbt <1,0,0,0> }
	no_shadow
}
sphere {
	0, 1
	scale<0.080000,0.200000,0.300000>
	matrix <0.045841, -0.298046, -0.953450,
		-0.957608, 0.258625, -0.126886,
		0.284404, 0.918848, -0.273555,
		26.418812, 33.410347, 32.499302>
	pigment { color rgbt <0,1,1,0> }
	no_shadow
}
cylinder {
	<25.855808, 32.899570, 32.096550>,  <26.219728, 32.767155, 32.690788>, 0.130000
	pigment { color rgbt <1,0,0,0> }
	no_shadow
}

// nucleotide -1

// particle -1
sphere {
	<25.855808, 32.899570, 32.096550> 0.250000
	pigment { color rgbt <1,0,0,0> }
	no_shadow
}
cylinder {
	<26.150826, 33.169308, 32.082184>,  <26.327835, 33.331150, 32.073563>, 0.100000
	pigment { color rgbt <1,0,0,0> }
	no_shadow
}
cylinder {
	<26.150826, 33.169308, 32.082184>,  <25.855808, 32.899570, 32.096550>, 0.100000
	pigment { color rgbt <1,0,0,0> }
	no_shadow
}

// particle -1
sphere {
	<26.150826, 33.169308, 32.082184> 0.100000
	pigment { color rgbt <1,0,0,0> }
	no_shadow
}
sphere {
	0, 1
	scale<0.080000,0.200000,0.300000>
	matrix <0.101059, -0.162802, -0.981470,
		-0.667696, 0.720246, -0.188222,
		0.737542, 0.674345, -0.035915,
		26.372087, 33.371613, 32.071407>
	pigment { color rgbt <0,1,1,0> }
	no_shadow
}
cylinder {
	<25.676558, 33.370872, 31.669498>,  <25.855808, 32.899570, 32.096550>, 0.130000
	pigment { color rgbt <1,0,0,0> }
	no_shadow
}

// nucleotide -1

// particle -1
sphere {
	<25.676558, 33.370872, 31.669498> 0.250000
	pigment { color rgbt <1,0,0,0> }
	no_shadow
}
cylinder {
	<26.076471, 33.365520, 31.663132>,  <26.316420, 33.362309, 31.659311>, 0.100000
	pigment { color rgbt <1,0,0,0> }
	no_shadow
}
cylinder {
	<26.076471, 33.365520, 31.663132>,  <25.676558, 33.370872, 31.669498>, 0.100000
	pigment { color rgbt <1,0,0,0> }
	no_shadow
}

// particle -1
sphere {
	<26.076471, 33.365520, 31.663132> 0.100000
	pigment { color rgbt <1,0,0,0> }
	no_shadow
}
sphere {
	0, 1
	scale<0.080000,0.200000,0.300000>
	matrix <-0.017570, -0.134233, -0.990794,
		0.011121, 0.990860, -0.134439,
		0.999784, -0.013381, -0.015917,
		26.376406, 33.361507, 31.658356>
	pigment { color rgbt <0,1,1,0> }
	no_shadow
}
cylinder {
	<25.819679, 33.768887, 31.106277>,  <25.676558, 33.370872, 31.669498>, 0.130000
	pigment { color rgbt <1,0,0,0> }
	no_shadow
}

// nucleotide -1

// particle -1
sphere {
	<25.819679, 33.768887, 31.106277> 0.250000
	pigment { color rgbt <1,0,0,0> }
	no_shadow
}
cylinder {
	<26.172087, 33.584808, 31.150135>,  <26.383532, 33.474361, 31.176449>, 0.100000
	pigment { color rgbt <1,0,0,0> }
	no_shadow
}
cylinder {
	<26.172087, 33.584808, 31.150135>,  <25.819679, 33.768887, 31.106277>, 0.100000
	pigment { color rgbt <1,0,0,0> }
	no_shadow
}

// particle -1
sphere {
	<26.172087, 33.584808, 31.150135> 0.100000
	pigment { color rgbt <1,0,0,0> }
	no_shadow
}
sphere {
	0, 1
	scale<0.080000,0.200000,0.300000>
	matrix <0.068464, -0.105294, -0.992081,
		0.468101, 0.881549, -0.061259,
		0.881019, -0.460200, 0.109643,
		26.436392, 33.446747, 31.183027>
	pigment { color rgbt <0,1,1,0> }
	no_shadow
}
cylinder {
	<26.252531, 34.102283, 30.620678>,  <25.819679, 33.768887, 31.106277>, 0.130000
	pigment { color rgbt <1,0,0,0> }
	no_shadow
}

// nucleotide -1

// particle -1
sphere {
	<26.252531, 34.102283, 30.620678> 0.250000
	pigment { color rgbt <1,0,0,0> }
	no_shadow
}
cylinder {
	<26.363567, 33.727829, 30.707010>,  <26.430189, 33.503155, 30.758810>, 0.100000
	pigment { color rgbt <1,0,0,0> }
	no_shadow
}
cylinder {
	<26.363567, 33.727829, 30.707010>,  <26.252531, 34.102283, 30.620678>, 0.100000
	pigment { color rgbt <1,0,0,0> }
	no_shadow
}

// particle -1
sphere {
	<26.363567, 33.727829, 30.707010> 0.100000
	pigment { color rgbt <1,0,0,0> }
	no_shadow
}
sphere {
	0, 1
	scale<0.080000,0.200000,0.300000>
	matrix <0.005022, -0.223245, -0.974749,
		0.960686, 0.271668, -0.057270,
		0.277593, -0.936140, 0.215833,
		26.446846, 33.446987, 30.771761>
	pigment { color rgbt <0,1,1,0> }
	no_shadow
}
cylinder {
	<26.764938, 33.917362, 30.151159>,  <26.252531, 34.102283, 30.620678>, 0.130000
	pigment { color rgbt <1,0,0,0> }
	no_shadow
}

// nucleotide -1

// particle -1
sphere {
	<26.764938, 33.917362, 30.151159> 0.250000
	pigment { color rgbt <1,0,0,0> }
	no_shadow
}
cylinder {
	<26.672421, 33.549828, 30.279064>,  <26.616909, 33.329308, 30.355806>, 0.100000
	pigment { color rgbt <1,0,0,0> }
	no_shadow
}
cylinder {
	<26.672421, 33.549828, 30.279064>,  <26.764938, 33.917362, 30.151159>, 0.100000
	pigment { color rgbt <1,0,0,0> }
	no_shadow
}

// particle -1
sphere {
	<26.672421, 33.549828, 30.279064> 0.100000
	pigment { color rgbt <1,0,0,0> }
	no_shadow
}
sphere {
	0, 1
	scale<0.080000,0.200000,0.300000>
	matrix <0.136447, -0.356064, -0.924446,
		0.963267, -0.170191, 0.207728,
		-0.231297, -0.918833, 0.319762,
		26.603031, 33.274178, 30.374992>
	pigment { color rgbt <0,1,1,0> }
	no_shadow
}
cylinder {
	<27.255449, 33.453838, 29.962412>,  <26.764938, 33.917362, 30.151159>, 0.130000
	pigment { color rgbt <1,0,0,0> }
	no_shadow
}

// nucleotide -1

// particle -1
sphere {
	<27.255449, 33.453838, 29.962412> 0.250000
	pigment { color rgbt <1,0,0,0> }
	no_shadow
}
cylinder {
	<26.925505, 33.236221, 30.023897>,  <26.727539, 33.105652, 30.060789>, 0.100000
	pigment { color rgbt <1,0,0,0> }
	no_shadow
}
cylinder {
	<26.925505, 33.236221, 30.023897>,  <27.255449, 33.453838, 29.962412>, 0.100000
	pigment { color rgbt <1,0,0,0> }
	no_shadow
}

// particle -1
sphere {
	<26.925505, 33.236221, 30.023897> 0.100000
	pigment { color rgbt <1,0,0,0> }
	no_shadow
}
sphere {
	0, 1
	scale<0.080000,0.200000,0.300000>
	matrix <0.071188, -0.369686, -0.926426,
		0.560837, -0.753229, 0.343668,
		-0.824860, -0.544039, 0.153713,
		26.678047, 33.073009, 30.070011>
	pigment { color rgbt <0,1,1,0> }
	no_shadow
}
cylinder {
	<27.421566, 32.827847, 29.550966>,  <27.255449, 33.453838, 29.962412>, 0.130000
	pigment { color rgbt <1,0,0,0> }
	no_shadow
}

// nucleotide -1

// particle -1
sphere {
	<27.421566, 32.827847, 29.550966> 0.250000
	pigment { color rgbt <1,0,0,0> }
	no_shadow
}
cylinder {
	<27.033442, 32.831451, 29.647646>,  <26.800568, 32.833614, 29.705654>, 0.100000
	pigment { color rgbt <1,0,0,0> }
	no_shadow
}
cylinder {
	<27.033442, 32.831451, 29.647646>,  <27.421566, 32.827847, 29.550966>, 0.100000
	pigment { color rgbt <1,0,0,0> }
	no_shadow
}

// particle -1
sphere {
	<27.033442, 32.831451, 29.647646> 0.100000
	pigment { color rgbt <1,0,0,0> }
	no_shadow
}
sphere {
	0, 1
	scale<0.080000,0.200000,0.300000>
	matrix <-0.225635, -0.393648, -0.891140,
		0.087110, -0.919217, 0.383995,
		-0.970310, 0.009016, 0.241698,
		26.742348, 32.834156, 29.720156>
	pigment { color rgbt <0,1,1,0> }
	no_shadow
}
cylinder {
	<27.211218, 32.132362, 29.481396>,  <27.421566, 32.827847, 29.550966>, 0.130000
	pigment { color rgbt <1,0,0,0> }
	no_shadow
}

// nucleotide -1

// particle -1
sphere {
	<27.211218, 32.132362, 29.481396> 0.250000
	pigment { color rgbt <1,0,0,0> }
	no_shadow
}
cylinder {
	<26.924345, 32.402477, 29.412539>,  <26.752222, 32.564548, 29.371223>, 0.100000
	pigment { color rgbt <1,0,0,0> }
	no_shadow
}
cylinder {
	<26.924345, 32.402477, 29.412539>,  <27.211218, 32.132362, 29.481396>, 0.100000
	pigment { color rgbt <1,0,0,0> }
	no_shadow
}

// particle -1
sphere {
	<26.924345, 32.402477, 29.412539> 0.100000
	pigment { color rgbt <1,0,0,0> }
	no_shadow
}
sphere {
	0, 1
	scale<0.080000,0.200000,0.300000>
	matrix <-0.180637, -0.418713, -0.889972,
		-0.673069, -0.607175, 0.422275,
		-0.717181, 0.675291, -0.172144,
		26.709190, 32.605064, 29.360895>
	pigment { color rgbt <0,1,1,0> }
	no_shadow
}
cylinder {
	<26.478073, 31.872898, 29.334757>,  <27.211218, 32.132362, 29.481396>, 0.130000
	pigment { color rgbt <1,0,0,0> }
	no_shadow
}

// nucleotide -1

// particle -1
sphere {
	<26.478073, 31.872898, 29.334757> 0.250000
	pigment { color rgbt <1,0,0,0> }
	no_shadow
}
cylinder {
	<26.521854, 32.227295, 29.154518>,  <26.548122, 32.439934, 29.046375>, 0.100000
	pigment { color rgbt <1,0,0,0> }
	no_shadow
}
cylinder {
	<26.521854, 32.227295, 29.154518>,  <26.478073, 31.872898, 29.334757>, 0.100000
	pigment { color rgbt <1,0,0,0> }
	no_shadow
}

// particle -1
sphere {
	<26.521854, 32.227295, 29.154518> 0.100000
	pigment { color rgbt <1,0,0,0> }
	no_shadow
}
sphere {
	0, 1
	scale<0.080000,0.200000,0.300000>
	matrix <-0.117486, -0.438610, -0.890965,
		-0.987024, 0.150458, 0.056084,
		0.109454, 0.885993, -0.450596,
		26.554691, 32.493092, 29.019339>
	pigment { color rgbt <0,1,1,0> }
	no_shadow
}
cylinder {
	<25.965807, 31.880207, 28.804497>,  <26.478073, 31.872898, 29.334757>, 0.130000
	pigment { color rgbt <1,0,0,0> }
	no_shadow
}

// nucleotide -1

// particle -1
sphere {
	<25.965807, 31.880207, 28.804497> 0.250000
	pigment { color rgbt <1,0,0,0> }
	no_shadow
}
cylinder {
	<26.242697, 32.155647, 28.718098>,  <26.408831, 32.320911, 28.666258>, 0.100000
	pigment { color rgbt <1,0,0,0> }
	no_shadow
}
cylinder {
	<26.242697, 32.155647, 28.718098>,  <25.965807, 31.880207, 28.804497>, 0.100000
	pigment { color rgbt <1,0,0,0> }
	no_shadow
}

// particle -1
sphere {
	<26.242697, 32.155647, 28.718098> 0.100000
	pigment { color rgbt <1,0,0,0> }
	no_shadow
}
sphere {
	0, 1
	scale<0.080000,0.200000,0.300000>
	matrix <0.032506, -0.328743, -0.943860,
		-0.720949, 0.646342, -0.249948,
		0.692225, 0.688600, -0.215997,
		26.450365, 32.362228, 28.653299>
	pigment { color rgbt <0,1,1,0> }
	no_shadow
}
cylinder {
	<26.525362, 31.607254, 28.423433>,  <25.965807, 31.880207, 28.804497>, 0.130000
	pigment { color rgbt <1,0,0,0> }
	no_shadow
}

// nucleotide -1

// particle -1
sphere {
	<26.525362, 31.607254, 28.423433> 0.250000
	pigment { color rgbt <1,0,0,0> }
	no_shadow
}
cylinder {
	<26.814728, 31.474628, 28.181198>,  <26.988348, 31.395054, 28.035858>, 0.100000
	pigment { color rgbt <1,0,0,0> }
	no_shadow
}
cylinder {
	<26.814728, 31.474628, 28.181198>,  <26.525362, 31.607254, 28.423433>, 0.100000
	pigment { color rgbt <1,0,0,0> }
	no_shadow
}

// particle -1
sphere {
	<26.814728, 31.474628, 28.181198> 0.100000
	pigment { color rgbt <1,0,0,0> }
	no_shadow
}
sphere {
	0, 1
	scale<0.080000,0.200000,0.300000>
	matrix <0.657298, 0.599141, 0.457153,
		0.211256, -0.728763, 0.651365,
		0.723416, -0.331564, -0.605586,
		27.031752, 31.375160, 27.999521>
	pigment { color rgbt <0,1,1,0> }
	no_shadow
}
cylinder {
	<27.108252, 31.346134, 28.804024>,  <26.525362, 31.607254, 28.423433>, 0.130000
	pigment { color rgbt <1,0,0,0> }
	no_shadow
}

// nucleotide -1

// particle -1
sphere {
	<27.108252, 31.346134, 28.804024> 0.250000
	pigment { color rgbt <1,0,0,0> }
	no_shadow
}
cylinder {
	<27.223211, 31.496805, 28.451771>,  <27.292187, 31.587208, 28.240419>, 0.100000
	pigment { color rgbt <1,0,0,0> }
	no_shadow
}
cylinder {
	<27.223211, 31.496805, 28.451771>,  <27.108252, 31.346134, 28.804024>, 0.100000
	pigment { color rgbt <1,0,0,0> }
	no_shadow
}

// particle -1
sphere {
	<27.223211, 31.496805, 28.451771> 0.100000
	pigment { color rgbt <1,0,0,0> }
	no_shadow
}
sphere {
	0, 1
	scale<0.080000,0.200000,0.300000>
	matrix <0.665317, 0.582899, 0.466457,
		0.689024, -0.719961, -0.083084,
		0.287401, 0.376677, -0.880633,
		27.309431, 31.609808, 28.187580>
	pigment { color rgbt <0,1,1,0> }
	no_shadow
}
cylinder {
	<27.832779, 31.271416, 28.622757>,  <27.108252, 31.346134, 28.804024>, 0.130000
	pigment { color rgbt <1,0,0,0> }
	no_shadow
}

// nucleotide -1

// particle -1
sphere {
	<27.832779, 31.271416, 28.622757> 0.250000
	pigment { color rgbt <1,0,0,0> }
	no_shadow
}
cylinder {
	<27.700821, 31.599897, 28.436514>,  <27.621647, 31.796988, 28.324768>, 0.100000
	pigment { color rgbt <1,0,0,0> }
	no_shadow
}
cylinder {
	<27.700821, 31.599897, 28.436514>,  <27.832779, 31.271416, 28.622757>, 0.100000
	pigment { color rgbt <1,0,0,0> }
	no_shadow
}

// particle -1
sphere {
	<27.700821, 31.599897, 28.436514> 0.100000
	pigment { color rgbt <1,0,0,0> }
	no_shadow
}
sphere {
	0, 1
	scale<0.080000,0.200000,0.300000>
	matrix <0.696923, 0.544550, 0.466652,
		0.636765, -0.170547, -0.751961,
		-0.329894, 0.821206, -0.465608,
		27.601852, 31.846260, 28.296831>
	pigment { color rgbt <0,1,1,0> }
	no_shadow
}
cylinder {
	<28.142153, 31.531122, 28.017967>,  <27.832779, 31.271416, 28.622757>, 0.130000
	pigment { color rgbt <1,0,0,0> }
	no_shadow
}

// nucleotide -1

// particle -1
sphere {
	<28.142153, 31.531122, 28.017967> 0.250000
	pigment { color rgbt <1,0,0,0> }
	no_shadow
}
cylinder {
	<28.248894, 31.575350, 27.635017>,  <28.312939, 31.601887, 27.405249>, 0.100000
	pigment { color rgbt <1,0,0,0> }
	no_shadow
}
cylinder {
	<28.248894, 31.575350, 27.635017>,  <28.142153, 31.531122, 28.017967>, 0.100000
	pigment { color rgbt <1,0,0,0> }
	no_shadow
}

// particle -1
sphere {
	<28.248894, 31.575350, 27.635017> 0.100000
	pigment { color rgbt <1,0,0,0> }
	no_shadow
}
sphere {
	0, 1
	scale<0.080000,0.200000,0.300000>
	matrix <0.391003, -0.920385, 0.002690,
		-0.880855, -0.375054, -0.288841,
		0.266854, 0.110569, -0.957373,
		28.328949, 31.608521, 27.347805>
	pigment { color rgbt <0,1,1,0> }
	no_shadow
}
cylinder {
	<28.372292, 32.049648, 28.532654>,  <28.142153, 31.531122, 28.017967>, 0.130000
	pigment { color rgbt <1,0,0,0> }
	no_shadow
}

// nucleotide -1

// particle -1
sphere {
	<28.372292, 32.049648, 28.532654> 0.250000
	pigment { color rgbt <1,0,0,0> }
	no_shadow
}
cylinder {
	<28.463234, 32.436195, 28.484583>,  <28.517799, 32.668125, 28.455740>, 0.100000
	pigment { color rgbt <1,0,0,0> }
	no_shadow
}
cylinder {
	<28.463234, 32.436195, 28.484583>,  <28.372292, 32.049648, 28.532654>, 0.100000
	pigment { color rgbt <1,0,0,0> }
	no_shadow
}

// particle -1
sphere {
	<28.463234, 32.436195, 28.484583> 0.100000
	pigment { color rgbt <1,0,0,0> }
	no_shadow
}
sphere {
	0, 1
	scale<0.080000,0.200000,0.300000>
	matrix <0.207717, -0.168692, -0.963534,
		-0.951401, 0.194102, -0.239084,
		0.227356, 0.966368, -0.120175,
		28.531441, 32.726105, 28.448530>
	pigment { color rgbt <0,1,1,0> }
	no_shadow
}
cylinder {
	<28.089832, 32.455837, 27.844021>,  <28.372292, 32.049648, 28.532654>, 0.130000
	pigment { color rgbt <1,0,0,0> }
	no_shadow
}

// nucleotide -1

// particle -1
sphere {
	<28.089832, 32.455837, 27.844021> 0.250000
	pigment { color rgbt <1,0,0,0> }
	no_shadow
}
cylinder {
	<28.437141, 32.615105, 27.962389>,  <28.645527, 32.710663, 28.033409>, 0.100000
	pigment { color rgbt <1,0,0,0> }
	no_shadow
}
cylinder {
	<28.437141, 32.615105, 27.962389>,  <28.089832, 32.455837, 27.844021>, 0.100000
	pigment { color rgbt <1,0,0,0> }
	no_shadow
}

// particle -1
sphere {
	<28.437141, 32.615105, 27.962389> 0.100000
	pigment { color rgbt <1,0,0,0> }
	no_shadow
}
sphere {
	0, 1
	scale<0.080000,0.200000,0.300000>
	matrix <0.368401, -0.118016, -0.922146,
		-0.332242, 0.909691, -0.249154,
		0.868272, 0.398164, 0.295921,
		28.697622, 32.734554, 28.051165>
	pigment { color rgbt <0,1,1,0> }
	no_shadow
}
cylinder {
	<28.180525, 32.974724, 27.359261>,  <28.089832, 32.455837, 27.844021>, 0.130000
	pigment { color rgbt <1,0,0,0> }
	no_shadow
}

// nucleotide -1

// particle -1
sphere {
	<28.180525, 32.974724, 27.359261> 0.250000
	pigment { color rgbt <1,0,0,0> }
	no_shadow
}
cylinder {
	<28.519424, 32.859528, 27.537802>,  <28.722765, 32.790409, 27.644926>, 0.100000
	pigment { color rgbt <1,0,0,0> }
	no_shadow
}
cylinder {
	<28.519424, 32.859528, 27.537802>,  <28.180525, 32.974724, 27.359261>, 0.100000
	pigment { color rgbt <1,0,0,0> }
	no_shadow
}

// particle -1
sphere {
	<28.519424, 32.859528, 27.537802> 0.100000
	pigment { color rgbt <1,0,0,0> }
	no_shadow
}
sphere {
	0, 1
	scale<0.080000,0.200000,0.300000>
	matrix <0.431943, -0.115576, -0.894465,
		0.309181, 0.950635, 0.026472,
		0.847250, -0.287986, 0.446354,
		28.773600, 32.773132, 27.671707>
	pigment { color rgbt <0,1,1,0> }
	no_shadow
}
cylinder {
	<28.887337, 33.229382, 27.532846>,  <28.180525, 32.974724, 27.359261>, 0.130000
	pigment { color rgbt <1,0,0,0> }
	no_shadow
}

// nucleotide -1

// particle -1
sphere {
	<28.887337, 33.229382, 27.532846> 0.250000
	pigment { color rgbt <1,0,0,0> }
	no_shadow
}
cylinder {
	<28.993422, 33.237602, 27.918434>,  <29.057072, 33.242535, 28.149788>, 0.100000
	pigment { color rgbt <1,0,0,0> }
	no_shadow
}
cylinder {
	<28.993422, 33.237602, 27.918434>,  <28.887337, 33.229382, 27.532846>, 0.100000
	pigment { color rgbt <1,0,0,0> }
	no_shadow
}

// particle -1
sphere {
	<28.993422, 33.237602, 27.918434> 0.100000
	pigment { color rgbt <1,0,0,0> }
	no_shadow
}
sphere {
	0, 1
	scale<0.080000,0.200000,0.300000>
	matrix <0.947457, -0.191007, -0.256598,
		0.178852, 0.981374, -0.070127,
		0.265213, 0.020549, 0.963971,
		29.072985, 33.243767, 28.207626>
	pigment { color rgbt <0,1,1,0> }
	no_shadow
}
cylinder {
	<29.382053, 33.783058, 27.323202>,  <28.887337, 33.229382, 27.532846>, 0.130000
	pigment { color rgbt <1,0,0,0> }
	no_shadow
}

// nucleotide -1

// particle -1
sphere {
	<29.382053, 33.783058, 27.323202> 0.250000
	pigment { color rgbt <1,0,0,0> }
	no_shadow
}
cylinder {
	<29.431623, 34.068825, 27.047737>,  <29.461367, 34.240284, 26.882458>, 0.100000
	pigment { color rgbt <1,0,0,0> }
	no_shadow
}
cylinder {
	<29.431623, 34.068825, 27.047737>,  <29.382053, 33.783058, 27.323202>, 0.100000
	pigment { color rgbt <1,0,0,0> }
	no_shadow
}

// particle -1
sphere {
	<29.431623, 34.068825, 27.047737> 0.100000
	pigment { color rgbt <1,0,0,0> }
	no_shadow
}
sphere {
	0, 1
	scale<0.080000,0.200000,0.300000>
	matrix <0.498074, 0.555468, 0.665866,
		0.858233, -0.425523, -0.286993,
		0.123926, 0.714412, -0.688663,
		29.468801, 34.283150, 26.841139>
	pigment { color rgbt <0,1,1,0> }
	no_shadow
}
cylinder {
	<30.069811, 34.029606, 27.131063>,  <29.382053, 33.783058, 27.323202>, 0.130000
	pigment { color rgbt <1,0,0,0> }
	no_shadow
}

// nucleotide -1

// particle -1
sphere {
	<30.069811, 34.029606, 27.131063> 0.250000
	pigment { color rgbt <1,0,0,0> }
	no_shadow
}
cylinder {
	<29.770847, 34.294201, 27.155773>,  <29.591469, 34.452957, 27.170599>, 0.100000
	pigment { color rgbt <1,0,0,0> }
	no_shadow
}
cylinder {
	<29.770847, 34.294201, 27.155773>,  <30.069811, 34.029606, 27.131063>, 0.100000
	pigment { color rgbt <1,0,0,0> }
	no_shadow
}

// particle -1
sphere {
	<29.770847, 34.294201, 27.155773> 0.100000
	pigment { color rgbt <1,0,0,0> }
	no_shadow
}
sphere {
	0, 1
	scale<0.080000,0.200000,0.300000>
	matrix <0.426398, 0.406313, 0.808143,
		0.509476, 0.630353, -0.585738,
		-0.747409, 0.661486, 0.061774,
		29.546625, 34.492645, 27.174305>
	pigment { color rgbt <0,1,1,0> }
	no_shadow
}
cylinder {
	<30.288988, 34.709179, 27.106928>,  <30.069811, 34.029606, 27.131063>, 0.130000
	pigment { color rgbt <1,0,0,0> }
	no_shadow
}

// nucleotide -1

// particle -1
sphere {
	<30.288988, 34.709179, 27.106928> 0.250000
	pigment { color rgbt <1,0,0,0> }
	no_shadow
}
cylinder {
	<29.927158, 34.755123, 27.271151>,  <29.710060, 34.782688, 27.369684>, 0.100000
	pigment { color rgbt <1,0,0,0> }
	no_shadow
}
cylinder {
	<29.927158, 34.755123, 27.271151>,  <30.288988, 34.709179, 27.106928>, 0.100000
	pigment { color rgbt <1,0,0,0> }
	no_shadow
}

// particle -1
sphere {
	<29.927158, 34.755123, 27.271151> 0.100000
	pigment { color rgbt <1,0,0,0> }
	no_shadow
}
sphere {
	0, 1
	scale<0.080000,0.200000,0.300000>
	matrix <0.410428, 0.495102, 0.765782,
		-0.115313, 0.861209, -0.494996,
		-0.904573, 0.114856, 0.410556,
		29.655787, 34.789581, 27.394318>
	pigment { color rgbt <0,1,1,0> }
	no_shadow
}
cylinder {
	<30.204906, 35.456818, 27.394314>,  <30.288988, 34.709179, 27.106928>, 0.130000
	pigment { color rgbt <1,0,0,0> }
	no_shadow
}

// nucleotide -1

// particle -1
sphere {
	<30.204906, 35.456818, 27.394314> 0.250000
	pigment { color rgbt <1,0,0,0> }
	no_shadow
}
cylinder {
	<29.928152, 35.232449, 27.576155>,  <29.762100, 35.097828, 27.685259>, 0.100000
	pigment { color rgbt <1,0,0,0> }
	no_shadow
}
cylinder {
	<29.928152, 35.232449, 27.576155>,  <30.204906, 35.456818, 27.394314>, 0.100000
	pigment { color rgbt <1,0,0,0> }
	no_shadow
}

// particle -1
sphere {
	<29.928152, 35.232449, 27.576155> 0.100000
	pigment { color rgbt <1,0,0,0> }
	no_shadow
}
sphere {
	0, 1
	scale<0.080000,0.200000,0.300000>
	matrix <0.179824, 0.475922, 0.860907,
		-0.699257, 0.677396, -0.228416,
		-0.691884, -0.560921, 0.454604,
		29.720587, 35.064171, 27.712536>
	pigment { color rgbt <0,1,1,0> }
	no_shadow
}
cylinder {
	<29.757755, 35.936394, 27.714905>,  <30.204906, 35.456818, 27.394314>, 0.130000
	pigment { color rgbt <1,0,0,0> }
	no_shadow
}

// nucleotide -1

// particle -1
sphere {
	<29.757755, 35.936394, 27.714905> 0.250000
	pigment { color rgbt <1,0,0,0> }
	no_shadow
}
cylinder {
	<29.733747, 35.592869, 27.918411>,  <29.719343, 35.386753, 28.040516>, 0.100000
	pigment { color rgbt <1,0,0,0> }
	no_shadow
}
cylinder {
	<29.733747, 35.592869, 27.918411>,  <29.757755, 35.936394, 27.714905>, 0.100000
	pigment { color rgbt <1,0,0,0> }
	no_shadow
}

// particle -1
sphere {
	<29.733747, 35.592869, 27.918411> 0.100000
	pigment { color rgbt <1,0,0,0> }
	no_shadow
}
sphere {
	0, 1
	scale<0.080000,0.200000,0.300000>
	matrix <0.073831, 0.504471, 0.860266,
		-0.995463, 0.089194, 0.033129,
		-0.060017, -0.858809, 0.508768,
		29.715742, 35.335224, 28.071041>
	pigment { color rgbt <0,1,1,0> }
	no_shadow
}
cylinder {
	<29.519033, 36.151436, 28.376720>,  <29.757755, 35.936394, 27.714905>, 0.130000
	pigment { color rgbt <1,0,0,0> }
	no_shadow
}

// nucleotide -1

// particle -1
sphere {
	<29.519033, 36.151436, 28.376720> 0.250000
	pigment { color rgbt <1,0,0,0> }
	no_shadow
}
cylinder {
	<29.640730, 35.782822, 28.473227>,  <29.713749, 35.561653, 28.531130>, 0.100000
	pigment { color rgbt <1,0,0,0> }
	no_shadow
}
cylinder {
	<29.640730, 35.782822, 28.473227>,  <29.519033, 36.151436, 28.376720>, 0.100000
	pigment { color rgbt <1,0,0,0> }
	no_shadow
}

// particle -1
sphere {
	<29.640730, 35.782822, 28.473227> 0.100000
	pigment { color rgbt <1,0,0,0> }
	no_shadow
}
sphere {
	0, 1
	scale<0.080000,0.200000,0.300000>
	matrix <0.433357, 0.359440, 0.826441,
		-0.848315, -0.146885, 0.508711,
		0.304243, -0.921535, 0.241265,
		29.732002, 35.506363, 28.545607>
	pigment { color rgbt <0,1,1,0> }
	no_shadow
}
cylinder {
	<29.311581, 36.033001, 29.064440>,  <29.519033, 36.151436, 28.376720>, 0.130000
	pigment { color rgbt <1,0,0,0> }
	no_shadow
}

// nucleotide -1

// particle -1
sphere {
	<29.311581, 36.033001, 29.064440> 0.250000
	pigment { color rgbt <1,0,0,0> }
	no_shadow
}
cylinder {
	<29.599470, 35.760502, 29.010929>,  <29.772203, 35.597000, 28.978823>, 0.100000
	pigment { color rgbt <1,0,0,0> }
	no_shadow
}
cylinder {
	<29.599470, 35.760502, 29.010929>,  <29.311581, 36.033001, 29.064440>, 0.100000
	pigment { color rgbt <1,0,0,0> }
	no_shadow
}

// particle -1
sphere {
	<29.599470, 35.760502, 29.010929> 0.100000
	pigment { color rgbt <1,0,0,0> }
	no_shadow
}
sphere {
	0, 1
	scale<0.080000,0.200000,0.300000>
	matrix <0.265810, 0.092386, 0.959588,
		-0.641363, -0.726195, 0.247576,
		0.719721, -0.681253, -0.133777,
		29.815386, 35.556126, 28.970797>
	pigment { color rgbt <0,1,1,0> }
	no_shadow
}
cylinder {
	<29.381708, 35.765324, 29.723309>,  <29.311581, 36.033001, 29.064440>, 0.130000
	pigment { color rgbt <1,0,0,0> }
	no_shadow
}

// nucleotide -1

// particle -1
sphere {
	<29.381708, 35.765324, 29.723309> 0.250000
	pigment { color rgbt <1,0,0,0> }
	no_shadow
}
cylinder {
	<29.707369, 35.625832, 29.537603>,  <29.902765, 35.542137, 29.426180>, 0.100000
	pigment { color rgbt <1,0,0,0> }
	no_shadow
}
cylinder {
	<29.707369, 35.625832, 29.537603>,  <29.381708, 35.765324, 29.723309>, 0.100000
	pigment { color rgbt <1,0,0,0> }
	no_shadow
}

// particle -1
sphere {
	<29.707369, 35.625832, 29.537603> 0.100000
	pigment { color rgbt <1,0,0,0> }
	no_shadow
}
sphere {
	0, 1
	scale<0.080000,0.200000,0.300000>
	matrix <0.398714, -0.245492, 0.883607,
		-0.422114, -0.904500, -0.060824,
		0.814154, -0.348732, -0.464262,
		29.951614, 35.521214, 29.398325>
	pigment { color rgbt <0,1,1,0> }
	no_shadow
}
cylinder {
	<29.425201, 35.003555, 29.907583>,  <29.381708, 35.765324, 29.723309>, 0.130000
	pigment { color rgbt <1,0,0,0> }
	no_shadow
}

// nucleotide -1

// particle -1
sphere {
	<29.425201, 35.003555, 29.907583> 0.250000
	pigment { color rgbt <1,0,0,0> }
	no_shadow
}
cylinder {
	<29.770782, 35.189198, 29.829409>,  <29.978130, 35.300583, 29.782503>, 0.100000
	pigment { color rgbt <1,0,0,0> }
	no_shadow
}
cylinder {
	<29.770782, 35.189198, 29.829409>,  <29.425201, 35.003555, 29.907583>, 0.100000
	pigment { color rgbt <1,0,0,0> }
	no_shadow
}

// particle -1
sphere {
	<29.770782, 35.189198, 29.829409> 0.100000
	pigment { color rgbt <1,0,0,0> }
	no_shadow
}
sphere {
	0, 1
	scale<0.080000,0.200000,0.300000>
	matrix <0.387392, -0.364570, 0.846768,
		0.321739, -0.807277, -0.494761,
		0.863951, 0.464105, -0.195436,
		30.029968, 35.328430, 29.770779>
	pigment { color rgbt <0,1,1,0> }
	no_shadow
}
cylinder {
	<29.898151, 34.524712, 30.177668>,  <29.425201, 35.003555, 29.907583>, 0.130000
	pigment { color rgbt <1,0,0,0> }
	no_shadow
}

// nucleotide -1

// particle -1
sphere {
	<29.898151, 34.524712, 30.177668> 0.250000
	pigment { color rgbt <1,0,0,0> }
	no_shadow
}
cylinder {
	<30.082949, 34.876698, 30.133457>,  <30.193827, 35.087891, 30.106932>, 0.100000
	pigment { color rgbt <1,0,0,0> }
	no_shadow
}
cylinder {
	<30.082949, 34.876698, 30.133457>,  <29.898151, 34.524712, 30.177668>, 0.100000
	pigment { color rgbt <1,0,0,0> }
	no_shadow
}

// particle -1
sphere {
	<30.082949, 34.876698, 30.133457> 0.100000
	pigment { color rgbt <1,0,0,0> }
	no_shadow
}
sphere {
	0, 1
	scale<0.080000,0.200000,0.300000>
	matrix <0.369600, -0.077747, 0.925933,
