// switches for output
#declare DRAW_BASES = 1; // possible values are 0, 1; only relevant for DNA ribbons
#declare DRAW_BASES_TYPE = 3; // possible values are 1, 2, 3; only relevant for DNA ribbons
#declare DRAW_FOG = 0; // set to 1 to enable fog

#include "colors.inc"

#include "transforms.inc"
background { rgb <1, 1, 1>}

#default {
   normal{
       ripples 0.25
       frequency 0.20
       turbulence 0.2
       lambda 5
   }
	finish {
		phong 0.1
		phong_size 40.
	}
}

// original window dimensions: 1024x640


// camera settings

camera {
	sky <0, 0.179814, -0.983701>
	up <0, 0.179814, -0.983701>
	right 1.6 * <1, 0, 0>
	location <35, 94.9851, 44.8844>
	look_at <35, 29.7336, 32.9568>
	direction <0, -65.2515, -11.9276>
	angle 67.0682
}


# declare cpy_camera_pos = <35, 94.9851, 44.8844>;
# if (DRAW_FOG = 1)
fog {
	fog_type 2
	up vnormalize(cpy_camera_pos)
	color rgbt<1,1,1,0.3>
	distance 1e-5
	fog_alt 3e-3
	fog_offset 56
}
# end


// LIGHTS

# declare lum = 6;
global_settings {
	ambient_light rgb lum * <0.05, 0.05, 0.05>
	max_trace_level 15
}# declare cpy_direct_light_amount = 0.25;
light_source
{	1000 * <-1, -1.16352, -0.803886>,
	rgb lum * cpy_direct_light_amount
	parallel
}

light_source
{	1000 * <1, 1.16352, 0.803886>,
	rgb lum * cpy_direct_light_amount
	parallel
}

// strand 0

// nucleotide -1

// particle -1
sphere {
	<24.176987, 34.929760, 35.073605> 0.250000
	pigment { color rgbt <1,0,0,0> }
	no_shadow
}
cylinder {
	<24.428944, 35.237011, 35.027634>,  <24.580118, 35.421364, 35.000053>, 0.100000
	pigment { color rgbt <1,0,0,0> }
	no_shadow
}
cylinder {
	<24.428944, 35.237011, 35.027634>,  <24.176987, 34.929760, 35.073605>, 0.100000
	pigment { color rgbt <1,0,0,0> }
	no_shadow
}

// particle -1
sphere {
	<24.428944, 35.237011, 35.027634> 0.100000
	pigment { color rgbt <1,0,0,0> }
	no_shadow
}
sphere {
	0, 1
	scale<0.080000,0.200000,0.300000>
	matrix <0.688468, -0.483715, 0.540400,
		0.359506, -0.419517, -0.833523,
		0.629894, 0.768131, -0.114925,
		24.617912, 35.467449, 34.993156>
	pigment { color rgbt <0,1,1,0> }
	no_shadow
}
cylinder {
	<24.905468, 34.810253, 34.957218>,  <24.176987, 34.929760, 35.073605>, 0.130000
	pigment { color rgbt <1,0,0,0> }
	no_shadow
}

// nucleotide -1

// particle -1
sphere {
	<24.905468, 34.810253, 34.957218> 0.250000
	pigment { color rgbt <1,0,0,0> }
	no_shadow
}
cylinder {
	<24.898659, 35.166759, 35.138481>,  <24.894573, 35.380665, 35.247238>, 0.100000
	pigment { color rgbt <1,0,0,0> }
	no_shadow
}
cylinder {
	<24.898659, 35.166759, 35.138481>,  <24.905468, 34.810253, 34.957218>, 0.100000
	pigment { color rgbt <1,0,0,0> }
	no_shadow
}

// particle -1
sphere {
	<24.898659, 35.166759, 35.138481> 0.100000
	pigment { color rgbt <1,0,0,0> }
	no_shadow
}
sphere {
	0, 1
	scale<0.080000,0.200000,0.300000>
	matrix <0.588141, -0.357593, 0.725408,
		0.808579, 0.278869, -0.518104,
		-0.017023, 0.891268, 0.453157,
		24.893553, 35.434139, 35.274429>
	pigment { color rgbt <0,1,1,0> }
	no_shadow
}
cylinder {
	<25.530443, 34.960686, 35.174675>,  <24.905468, 34.810253, 34.957218>, 0.130000
	pigment { color rgbt <1,0,0,0> }
	no_shadow
}

// nucleotide -1

// particle -1
sphere {
	<25.530443, 34.960686, 35.174675> 0.250000
	pigment { color rgbt <1,0,0,0> }
	no_shadow
}
cylinder {
	<25.260469, 35.141541, 35.407925>,  <25.098486, 35.250053, 35.547874>, 0.100000
	pigment { color rgbt <1,0,0,0> }
	no_shadow
}
cylinder {
	<25.260469, 35.141541, 35.407925>,  <25.530443, 34.960686, 35.174675>, 0.100000
	pigment { color rgbt <1,0,0,0> }
	no_shadow
}

// particle -1
sphere {
	<25.260469, 35.141541, 35.407925> 0.100000
	pigment { color rgbt <1,0,0,0> }
	no_shadow
}
sphere {
	0, 1
	scale<0.080000,0.200000,0.300000>
	matrix <0.413074, -0.423320, 0.806332,
		0.611419, 0.785096, 0.098949,
		-0.674935, 0.452133, 0.583128,
		25.057989, 35.277180, 35.582863>
	pigment { color rgbt <0,1,1,0> }
	no_shadow
}
cylinder {
	<25.762457, 35.288651, 35.667576>,  <25.530443, 34.960686, 35.174675>, 0.130000
	pigment { color rgbt <1,0,0,0> }
	no_shadow
}

// nucleotide -1

// particle -1
sphere {
	<25.762457, 35.288651, 35.667576> 0.250000
	pigment { color rgbt <1,0,0,0> }
	no_shadow
}
cylinder {
	<25.400515, 35.240906, 35.831032>,  <25.183350, 35.212257, 35.929104>, 0.100000
	pigment { color rgbt <1,0,0,0> }
	no_shadow
}
cylinder {
	<25.400515, 35.240906, 35.831032>,  <25.762457, 35.288651, 35.667576>, 0.100000
	pigment { color rgbt <1,0,0,0> }
	no_shadow
}

// particle -1
sphere {
	<25.400515, 35.240906, 35.831032> 0.100000
	pigment { color rgbt <1,0,0,0> }
	no_shadow
}
sphere {
	0, 1
	scale<0.080000,0.200000,0.300000>
	matrix <0.423116, -0.358079, 0.832317,
		0.046975, 0.926030, 0.374516,
		-0.904857, -0.119366, 0.408639,
		25.129057, 35.205097, 35.953625>
	pigment { color rgbt <0,1,1,0> }
	no_shadow
}
cylinder {
	<25.903027, 35.557472, 36.331902>,  <25.762457, 35.288651, 35.667576>, 0.130000
	pigment { color rgbt <1,0,0,0> }
	no_shadow
}

// nucleotide -1

// particle -1
sphere {
	<25.903027, 35.557472, 36.331902> 0.250000
	pigment { color rgbt <1,0,0,0> }
	no_shadow
}
cylinder {
	<25.618668, 35.276199, 36.336849>,  <25.448051, 35.107433, 36.339817>, 0.100000
	pigment { color rgbt <1,0,0,0> }
	no_shadow
}
cylinder {
	<25.618668, 35.276199, 36.336849>,  <25.903027, 35.557472, 36.331902>, 0.100000
	pigment { color rgbt <1,0,0,0> }
	no_shadow
}

// particle -1
sphere {
	<25.618668, 35.276199, 36.336849> 0.100000
	pigment { color rgbt <1,0,0,0> }
	no_shadow
}
sphere {
	0, 1
	scale<0.080000,0.200000,0.300000>
	matrix <0.364638, -0.353485, 0.861445,
		-0.601383, 0.616911, 0.507700,
		-0.710899, -0.703186, 0.012369,
		25.405397, 35.065243, 36.340561>
	pigment { color rgbt <0,1,1,0> }
	no_shadow
}
cylinder {
	<25.597576, 35.434235, 37.102413>,  <25.903027, 35.557472, 36.331902>, 0.130000
	pigment { color rgbt <1,0,0,0> }
	no_shadow
}

// nucleotide -1

// particle -1
sphere {
	<25.597576, 35.434235, 37.102413> 0.250000
	pigment { color rgbt <1,0,0,0> }
	no_shadow
}
cylinder {
	<25.491648, 35.122475, 36.875290>,  <25.428091, 34.935417, 36.739017>, 0.100000
	pigment { color rgbt <1,0,0,0> }
	no_shadow
}
cylinder {
	<25.491648, 35.122475, 36.875290>,  <25.597576, 35.434235, 37.102413>, 0.100000
	pigment { color rgbt <1,0,0,0> }
	no_shadow
}

// particle -1
sphere {
	<25.491648, 35.122475, 36.875290> 0.100000
	pigment { color rgbt <1,0,0,0> }
	no_shadow
}
sphere {
	0, 1
	scale<0.080000,0.200000,0.300000>
	matrix <0.129217, -0.612198, 0.780074,
		-0.955600, 0.133212, 0.262836,
		-0.264823, -0.779402, -0.567804,
		25.412201, 34.888653, 36.704948>
	pigment { color rgbt <0,1,1,0> }
	no_shadow
}
cylinder {
	<25.092804, 35.138569, 37.453918>,  <25.597576, 35.434235, 37.102413>, 0.130000
	pigment { color rgbt <1,0,0,0> }
	no_shadow
}

// nucleotide -1

// particle -1
sphere {
	<25.092804, 35.138569, 37.453918> 0.250000
	pigment { color rgbt <1,0,0,0> }
	no_shadow
}
cylinder {
	<25.243547, 34.853374, 37.217400>,  <25.333994, 34.682259, 37.075489>, 0.100000
	pigment { color rgbt <1,0,0,0> }
	no_shadow
}
cylinder {
	<25.243547, 34.853374, 37.217400>,  <25.092804, 35.138569, 37.453918>, 0.100000
	pigment { color rgbt <1,0,0,0> }
	no_shadow
}

// particle -1
sphere {
	<25.243547, 34.853374, 37.217400> 0.100000
	pigment { color rgbt <1,0,0,0> }
	no_shadow
}
sphere {
	0, 1
	scale<0.080000,0.200000,0.300000>
	matrix <0.159716, -0.578784, 0.799687,
		-0.912397, -0.395808, -0.104245,
		0.376858, -0.712983, -0.591298,
		25.356606, 34.639481, 37.040009>
	pigment { color rgbt <0,1,1,0> }
	no_shadow
}
cylinder {
	<24.887403, 34.440449, 37.767963>,  <25.092804, 35.138569, 37.453918>, 0.130000
	pigment { color rgbt <1,0,0,0> }
	no_shadow
}

// nucleotide -1

// particle -1
sphere {
	<24.887403, 34.440449, 37.767963> 0.250000
	pigment { color rgbt <1,0,0,0> }
	no_shadow
}
cylinder {
	<25.200718, 34.379757, 37.526817>,  <25.388706, 34.343342, 37.382130>, 0.100000
	pigment { color rgbt <1,0,0,0> }
	no_shadow
}
cylinder {
	<25.200718, 34.379757, 37.526817>,  <24.887403, 34.440449, 37.767963>, 0.100000
	pigment { color rgbt <1,0,0,0> }
	no_shadow
}

// particle -1
sphere {
	<25.200718, 34.379757, 37.526817> 0.100000
	pigment { color rgbt <1,0,0,0> }
	no_shadow
}
sphere {
	0, 1
	scale<0.080000,0.200000,0.300000>
	matrix <0.435200, -0.558655, 0.706049,
		-0.443922, -0.815403, -0.371552,
		0.783284, -0.151731, -0.602862,
		25.435703, 34.334236, 37.345959>
	pigment { color rgbt <0,1,1,0> }
	no_shadow
}
cylinder {
	<25.023235, 33.707787, 37.710506>,  <24.887403, 34.440449, 37.767963>, 0.130000
	pigment { color rgbt <1,0,0,0> }
	no_shadow
}

// nucleotide -1

// particle -1
sphere {
	<25.023235, 33.707787, 37.710506> 0.250000
	pigment { color rgbt <1,0,0,0> }
	no_shadow
}
cylinder {
	<25.373215, 33.876389, 37.615181>,  <25.583202, 33.977551, 37.557983>, 0.100000
	pigment { color rgbt <1,0,0,0> }
	no_shadow
}
cylinder {
	<25.373215, 33.876389, 37.615181>,  <25.023235, 33.707787, 37.710506>, 0.100000
	pigment { color rgbt <1,0,0,0> }
	no_shadow
}

// particle -1
sphere {
	<25.373215, 33.876389, 37.615181> 0.100000
	pigment { color rgbt <1,0,0,0> }
	no_shadow
}
sphere {
	0, 1
	scale<0.080000,0.200000,0.300000>
	matrix <0.460488, -0.572144, 0.678676,
		0.149714, -0.703550, -0.694696,
		0.874950, 0.421506, -0.238318,
		25.635700, 34.002842, 37.543686>
	pigment { color rgbt <0,1,1,0> }
	no_shadow
}
cylinder {
	<25.456104, 33.165485, 37.518623>,  <25.023235, 33.707787, 37.710506>, 0.130000
	pigment { color rgbt <1,0,0,0> }
	no_shadow
}

// nucleotide -1

// particle -1
sphere {
	<25.456104, 33.165485, 37.518623> 0.250000
	pigment { color rgbt <1,0,0,0> }
	no_shadow
}
cylinder {
	<25.713142, 33.462433, 37.594467>,  <25.867365, 33.640602, 37.639973>, 0.100000
	pigment { color rgbt <1,0,0,0> }
	no_shadow
}
cylinder {
	<25.713142, 33.462433, 37.594467>,  <25.456104, 33.165485, 37.518623>, 0.100000
	pigment { color rgbt <1,0,0,0> }
	no_shadow
}

// particle -1
sphere {
	<25.713142, 33.462433, 37.594467> 0.100000
	pigment { color rgbt <1,0,0,0> }
	no_shadow
}
sphere {
	0, 1
	scale<0.080000,0.200000,0.300000>
	matrix <0.560359, -0.624116, 0.544498,
		0.522559, -0.243643, -0.817050,
		0.642597, 0.742373, 0.189610,
		25.905922, 33.685146, 37.651348>
	pigment { color rgbt <0,1,1,0> }
	no_shadow
}
cylinder {
	<26.168341, 32.947479, 37.323475>,  <25.456104, 33.165485, 37.518623>, 0.130000
	pigment { color rgbt <1,0,0,0> }
	no_shadow
}

// nucleotide -1

// particle -1
sphere {
	<26.168341, 32.947479, 37.323475> 0.250000
	pigment { color rgbt <1,0,0,0> }
	no_shadow
}
cylinder {
	<26.227345, 33.253265, 37.574501>,  <26.262747, 33.436737, 37.725117>, 0.100000
	pigment { color rgbt <1,0,0,0> }
	no_shadow
}
cylinder {
	<26.227345, 33.253265, 37.574501>,  <26.168341, 32.947479, 37.323475>, 0.100000
	pigment { color rgbt <1,0,0,0> }
	no_shadow
}

// particle -1
sphere {
	<26.227345, 33.253265, 37.574501> 0.100000
	pigment { color rgbt <1,0,0,0> }
	no_shadow
}
sphere {
	0, 1
	scale<0.080000,0.200000,0.300000>
	matrix <0.602780, -0.572536, 0.555751,
		0.784154, 0.296306, -0.545257,
		0.147507, 0.764464, 0.627564,
		26.271597, 33.482605, 37.762772>
	pigment { color rgbt <0,1,1,0> }
	no_shadow
}
cylinder {
	<26.818794, 32.940823, 37.441845>,  <26.168341, 32.947479, 37.323475>, 0.130000
	pigment { color rgbt <1,0,0,0> }
	no_shadow
}

// nucleotide -1

// particle -1
sphere {
	<26.818794, 32.940823, 37.441845> 0.250000
	pigment { color rgbt <1,0,0,0> }
	no_shadow
}
cylinder {
	<26.669067, 33.149483, 37.748508>,  <26.579231, 33.274677, 37.932507>, 0.100000
	pigment { color rgbt <1,0,0,0> }
	no_shadow
}
cylinder {
	<26.669067, 33.149483, 37.748508>,  <26.818794, 32.940823, 37.441845>, 0.100000
	pigment { color rgbt <1,0,0,0> }
	no_shadow
}

// particle -1
sphere {
	<26.669067, 33.149483, 37.748508> 0.100000
	pigment { color rgbt <1,0,0,0> }
	no_shadow
}
sphere {
	0, 1
	scale<0.080000,0.200000,0.300000>
	matrix <0.537717, -0.551468, 0.637765,
		0.755479, 0.650972, -0.074076,
		-0.374317, 0.521649, 0.766661,
		26.556772, 33.305977, 37.978508>
	pigment { color rgbt <0,1,1,0> }
	no_shadow
}
cylinder {
	<27.370905, 33.259903, 37.713013>,  <26.818794, 32.940823, 37.441845>, 0.130000
	pigment { color rgbt <1,0,0,0> }
	no_shadow
}

// nucleotide -1

// particle -1
sphere {
	<27.370905, 33.259903, 37.713013> 0.250000
	pigment { color rgbt <1,0,0,0> }
	no_shadow
}
cylinder {
	<27.084509, 33.242847, 37.991737>,  <26.912672, 33.232616, 38.158970>, 0.100000
	pigment { color rgbt <1,0,0,0> }
	no_shadow
}
cylinder {
	<27.084509, 33.242847, 37.991737>,  <27.370905, 33.259903, 37.713013>, 0.100000
	pigment { color rgbt <1,0,0,0> }
	no_shadow
}

// particle -1
sphere {
	<27.084509, 33.242847, 37.991737> 0.100000
	pigment { color rgbt <1,0,0,0> }
	no_shadow
}
sphere {
	0, 1
	scale<0.080000,0.200000,0.300000>
	matrix <0.643732, -0.426543, 0.635350,
		0.270130, 0.903462, 0.332846,
		-0.715988, -0.042637, 0.696810,
		26.869713, 33.230057, 38.200779>
	pigment { color rgbt <0,1,1,0> }
	no_shadow
}
cylinder {
	<27.811087, 33.313110, 38.259785>,  <27.370905, 33.259903, 37.713013>, 0.130000
	pigment { color rgbt <1,0,0,0> }
	no_shadow
}

// nucleotide -1

// particle -1
sphere {
	<27.811087, 33.313110, 38.259785> 0.250000
	pigment { color rgbt <1,0,0,0> }
	no_shadow
}
cylinder {
	<27.464991, 33.179676, 38.409492>,  <27.257332, 33.099613, 38.499317>, 0.100000
	pigment { color rgbt <1,0,0,0> }
	no_shadow
}
cylinder {
	<27.464991, 33.179676, 38.409492>,  <27.811087, 33.313110, 38.259785>, 0.100000
	pigment { color rgbt <1,0,0,0> }
	no_shadow
}

// particle -1
sphere {
	<27.464991, 33.179676, 38.409492> 0.100000
	pigment { color rgbt <1,0,0,0> }
	no_shadow
}
sphere {
	0, 1
	scale<0.080000,0.200000,0.300000>
	matrix <0.499343, -0.506588, 0.702869,
		-0.044871, 0.795039, 0.604897,
		-0.865242, -0.333589, 0.374266,
		27.205418, 33.079597, 38.521770>
	pigment { color rgbt <0,1,1,0> }
	no_shadow
}
cylinder {
	<27.963131, 33.255688, 38.939144>,  <27.811087, 33.313110, 38.259785>, 0.130000
	pigment { color rgbt <1,0,0,0> }
	no_shadow
}

// nucleotide -1

// particle -1
sphere {
	<27.963131, 33.255688, 38.939144> 0.250000
	pigment { color rgbt <1,0,0,0> }
	no_shadow
}
cylinder {
	<27.630575, 33.041130, 38.881077>,  <27.431042, 32.912395, 38.846237>, 0.100000
	pigment { color rgbt <1,0,0,0> }
	no_shadow
}
cylinder {
	<27.630575, 33.041130, 38.881077>,  <27.963131, 33.255688, 38.939144>, 0.100000
	pigment { color rgbt <1,0,0,0> }
	no_shadow
}

// particle -1
sphere {
	<27.630575, 33.041130, 38.881077> 0.100000
	pigment { color rgbt <1,0,0,0> }
	no_shadow
}
sphere {
	0, 1
	scale<0.080000,0.200000,0.300000>
	matrix <0.388497, -0.747845, 0.538330,
		-0.397319, 0.391165, 0.830137,
		-0.831389, -0.536394, -0.145166,
		27.381159, 32.880211, 38.837528>
	pigment { color rgbt <0,1,1,0> }
	no_shadow
}
cylinder {
	<27.679415, 33.048698, 39.608261>,  <27.963131, 33.255688, 38.939144>, 0.130000
	pigment { color rgbt <1,0,0,0> }
	no_shadow
}

// nucleotide -1

// particle -1
sphere {
	<27.679415, 33.048698, 39.608261> 0.250000
	pigment { color rgbt <1,0,0,0> }
	no_shadow
}
cylinder {
	<27.543440, 32.783222, 39.341743>,  <27.461855, 32.623936, 39.181831>, 0.100000
	pigment { color rgbt <1,0,0,0> }
	no_shadow
}
cylinder {
	<27.543440, 32.783222, 39.341743>,  <27.679415, 33.048698, 39.608261>, 0.100000
	pigment { color rgbt <1,0,0,0> }
	no_shadow
}

// particle -1
sphere {
	<27.543440, 32.783222, 39.341743> 0.100000
	pigment { color rgbt <1,0,0,0> }
	no_shadow
}
sphere {
	0, 1
	scale<0.080000,0.200000,0.300000>
	matrix <0.254728, -0.746984, 0.614107,
		-0.905293, 0.039033, 0.422990,
		-0.339937, -0.663695, -0.666297,
		27.441458, 32.584114, 39.141853>
	pigment { color rgbt <0,1,1,0> }
	no_shadow
}
cylinder {
	<27.476252, 32.545315, 40.032722>,  <27.679415, 33.048698, 39.608261>, 0.130000
	pigment { color rgbt <1,0,0,0> }
	no_shadow
}

// nucleotide -1

// particle -1
sphere {
	<27.476252, 32.545315, 40.032722> 0.250000
	pigment { color rgbt <1,0,0,0> }
	no_shadow
}
cylinder {
	<27.491947, 32.356861, 39.680248>,  <27.501364, 32.243790, 39.468765>, 0.100000
	pigment { color rgbt <1,0,0,0> }
	no_shadow
}
cylinder {
	<27.491947, 32.356861, 39.680248>,  <27.476252, 32.545315, 40.032722>, 0.100000
	pigment { color rgbt <1,0,0,0> }
	no_shadow
}

// particle -1
sphere {
	<27.491947, 32.356861, 39.680248> 0.100000
	pigment { color rgbt <1,0,0,0> }
	no_shadow
}
sphere {
	0, 1
	scale<0.080000,0.200000,0.300000>
	matrix <0.129446, -0.872038, 0.472010,
		-0.990810, -0.132587, 0.026770,
		0.039238, -0.471137, -0.881187,
		27.503719, 32.215519, 39.415894>
	pigment { color rgbt <0,1,1,0> }
	no_shadow
}
cylinder {
	<26.969124, 32.051556, 40.023712>,  <27.476252, 32.545315, 40.032722>, 0.130000
	pigment { color rgbt <1,0,0,0> }
	no_shadow
}

// nucleotide -1

// particle -1
sphere {
	<26.969124, 32.051556, 40.023712> 0.250000
	pigment { color rgbt <1,0,0,0> }
	no_shadow
}
cylinder {
	<27.252361, 31.935570, 39.766178>,  <27.422304, 31.865978, 39.611656>, 0.100000
	pigment { color rgbt <1,0,0,0> }
	no_shadow
}
cylinder {
	<27.252361, 31.935570, 39.766178>,  <26.969124, 32.051556, 40.023712>, 0.100000
	pigment { color rgbt <1,0,0,0> }
	no_shadow
}

// particle -1
sphere {
	<27.252361, 31.935570, 39.766178> 0.100000
	pigment { color rgbt <1,0,0,0> }
	no_shadow
}
sphere {
	0, 1
	scale<0.080000,0.200000,0.300000>
	matrix <0.144610, -0.832921, 0.534164,
		-0.691151, -0.471344, -0.547856,
		0.708095, -0.289962, -0.643835,
		27.464790, 31.848581, 39.573029>
	pigment { color rgbt <0,1,1,0> }
	no_shadow
}
cylinder {
	<26.896244, 31.288231, 40.012440>,  <26.969124, 32.051556, 40.023712>, 0.130000
	pigment { color rgbt <1,0,0,0> }
	no_shadow
}

// nucleotide -1

// particle -1
sphere {
	<26.896244, 31.288231, 40.012440> 0.250000
	pigment { color rgbt <1,0,0,0> }
	no_shadow
}
cylinder {
	<27.238382, 31.332151, 39.809925>,  <27.443665, 31.358503, 39.688416>, 0.100000
	pigment { color rgbt <1,0,0,0> }
	no_shadow
}
cylinder {
	<27.238382, 31.332151, 39.809925>,  <26.896244, 31.288231, 40.012440>, 0.100000
	pigment { color rgbt <1,0,0,0> }
	no_shadow
}

// particle -1
sphere {
	<27.238382, 31.332151, 39.809925> 0.100000
	pigment { color rgbt <1,0,0,0> }
	no_shadow
}
sphere {
	0, 1
	scale<0.080000,0.200000,0.300000>
	matrix <0.340371, -0.855863, 0.389419,
		-0.390554, -0.505413, -0.769432,
		0.855345, 0.109803, -0.506288,
		27.494986, 31.365091, 39.658039>
	pigment { color rgbt <0,1,1,0> }
	no_shadow
}
cylinder {
	<27.077620, 30.629404, 39.640984>,  <26.896244, 31.288231, 40.012440>, 0.130000
	pigment { color rgbt <1,0,0,0> }
	no_shadow
}

// nucleotide -1

// particle -1
sphere {
	<27.077620, 30.629404, 39.640984> 0.250000
	pigment { color rgbt <1,0,0,0> }
	no_shadow
}
cylinder {
	<27.436161, 30.805351, 39.663151>,  <27.651285, 30.910919, 39.676453>, 0.100000
	pigment { color rgbt <1,0,0,0> }
	no_shadow
}
cylinder {
	<27.436161, 30.805351, 39.663151>,  <27.077620, 30.629404, 39.640984>, 0.100000
	pigment { color rgbt <1,0,0,0> }
	no_shadow
}

// particle -1
sphere {
	<27.436161, 30.805351, 39.663151> 0.100000
	pigment { color rgbt <1,0,0,0> }
	no_shadow
}
sphere {
	0, 1
	scale<0.080000,0.200000,0.300000>
	matrix <0.373286, -0.816230, 0.440938,
		0.239188, -0.374549, -0.895825,
		0.896352, 0.439866, 0.055419,
		27.705067, 30.937311, 39.679775>
	pigment { color rgbt <0,1,1,0> }
	no_shadow
}
cylinder {
	<27.491489, 30.076588, 39.512226>,  <27.077620, 30.629404, 39.640984>, 0.130000
	pigment { color rgbt <1,0,0,0> }
	no_shadow
}

// nucleotide -1

// particle -1
sphere {
	<27.491489, 30.076588, 39.512226> 0.250000
	pigment { color rgbt <1,0,0,0> }
	no_shadow
}
cylinder {
	<27.738810, 30.354553, 39.659084>,  <27.887201, 30.521334, 39.747200>, 0.100000
	pigment { color rgbt <1,0,0,0> }
	no_shadow
}
cylinder {
	<27.738810, 30.354553, 39.659084>,  <27.491489, 30.076588, 39.512226>, 0.100000
	pigment { color rgbt <1,0,0,0> }
	no_shadow
}

// particle -1
sphere {
	<27.738810, 30.354553, 39.659084> 0.100000
	pigment { color rgbt <1,0,0,0> }
	no_shadow
}
sphere {
	0, 1
	scale<0.080000,0.200000,0.300000>
	matrix <0.489969, -0.706069, 0.511270,
		0.614519, -0.136230, -0.777051,
		0.618302, 0.694916, 0.367144,
		27.924299, 30.563028, 39.769226>
	pigment { color rgbt <0,1,1,0> }
	no_shadow
}
cylinder {
	<28.117558, 29.675182, 39.425053>,  <27.491489, 30.076588, 39.512226>, 0.130000
	pigment { color rgbt <1,0,0,0> }
	no_shadow
}

// nucleotide -1

// particle -1
sphere {
	<28.117558, 29.675182, 39.425053> 0.250000
	pigment { color rgbt <1,0,0,0> }
	no_shadow
}
cylinder {
	<28.200336, 29.984360, 39.664963>,  <28.250004, 30.169867, 39.808910>, 0.100000
	pigment { color rgbt <1,0,0,0> }
	no_shadow
}
cylinder {
	<28.200336, 29.984360, 39.664963>,  <28.117558, 29.675182, 39.425053>, 0.100000
	pigment { color rgbt <1,0,0,0> }
	no_shadow
}

// particle -1
sphere {
	<28.200336, 29.984360, 39.664963> 0.100000
	pigment { color rgbt <1,0,0,0> }
	no_shadow
}
sphere {
	0, 1
	scale<0.080000,0.200000,0.300000>
	matrix <0.663182, -0.561538, 0.494838,
		0.719279, 0.295356, -0.628810,
		0.206947, 0.772943, 0.599777,
		28.262421, 30.216242, 39.844894>
	pigment { color rgbt <0,1,1,0> }
	no_shadow
}
cylinder {
	<28.926073, 29.919716, 39.352791>,  <28.117558, 29.675182, 39.425053>, 0.130000
	pigment { color rgbt <1,0,0,0> }
	no_shadow
}

// nucleotide -1

// particle -1
sphere {
	<28.926073, 29.919716, 39.352791> 0.250000
	pigment { color rgbt <1,0,0,0> }
	no_shadow
}
cylinder {
	<28.771160, 29.997955, 39.713181>,  <28.678213, 30.044899, 39.929413>, 0.100000
	pigment { color rgbt <1,0,0,0> }
	no_shadow
}
cylinder {
	<28.771160, 29.997955, 39.713181>,  <28.926073, 29.919716, 39.352791>, 0.100000
	pigment { color rgbt <1,0,0,0> }
	no_shadow
}

// particle -1
sphere {
	<28.771160, 29.997955, 39.713181> 0.100000
	pigment { color rgbt <1,0,0,0> }
	no_shadow
}
sphere {
	0, 1
	scale<0.080000,0.200000,0.300000>
	matrix <0.733796, -0.526242, 0.429665,
		0.558173, 0.827533, 0.060273,
		-0.387280, 0.195599, 0.900974,
		28.654976, 30.056635, 39.983475>
	pigment { color rgbt <0,1,1,0> }
	no_shadow
}
cylinder {
	<29.459383, 29.846592, 39.756508>,  <28.926073, 29.919716, 39.352791>, 0.130000
	pigment { color rgbt <1,0,0,0> }
	no_shadow
}

// nucleotide -1

// particle -1
sphere {
	<29.459383, 29.846592, 39.756508> 0.250000
	pigment { color rgbt <1,0,0,0> }
	no_shadow
}
cylinder {
	<29.179565, 29.858770, 40.042084>,  <29.011675, 29.866077, 40.213428>, 0.100000
	pigment { color rgbt <1,0,0,0> }
	no_shadow
}
cylinder {
	<29.179565, 29.858770, 40.042084>,  <29.459383, 29.846592, 39.756508>, 0.100000
	pigment { color rgbt <1,0,0,0> }
	no_shadow
}

// particle -1
sphere {
	<29.179565, 29.858770, 40.042084> 0.100000
	pigment { color rgbt <1,0,0,0> }
	no_shadow
}
sphere {
	0, 1
	scale<0.080000,0.200000,0.300000>
	matrix <0.561963, -0.593701, 0.575949,
		0.441403, 0.804110, 0.398210,
		-0.699544, 0.030447, 0.713941,
		28.969702, 29.867905, 40.256268>
	pigment { color rgbt <0,1,1,0> }
	no_shadow
}
cylinder {
	<29.752853, 29.979931, 40.415962>,  <29.459383, 29.846592, 39.756508>, 0.130000
	pigment { color rgbt <1,0,0,0> }
	no_shadow
}

// nucleotide -1

// particle -1
sphere {
	<29.752853, 29.979931, 40.415962> 0.250000
	pigment { color rgbt <1,0,0,0> }
	no_shadow
}
cylinder {
	<29.436535, 29.738813, 40.458443>,  <29.246744, 29.594143, 40.483932>, 0.100000
	pigment { color rgbt <1,0,0,0> }
	no_shadow
}
cylinder {
	<29.436535, 29.738813, 40.458443>,  <29.752853, 29.979931, 40.415962>, 0.100000
	pigment { color rgbt <1,0,0,0> }
	no_shadow
}

// particle -1
sphere {
	<29.436535, 29.738813, 40.458443> 0.100000
	pigment { color rgbt <1,0,0,0> }
	no_shadow
}
sphere {
	0, 1
	scale<0.080000,0.200000,0.300000>
	matrix <0.531893, -0.590911, 0.606559,
		-0.302873, 0.536154, 0.787913,
		-0.790796, -0.602796, 0.106206,
		29.199297, 29.557974, 40.490303>
	pigment { color rgbt <0,1,1,0> }
	no_shadow
}
cylinder {
	<29.916183, 29.293488, 40.131260>,  <29.752853, 29.979931, 40.415962>, 0.130000
	pigment { color rgbt <1,0,0,0> }
	no_shadow
}

// nucleotide -1

// particle -1
sphere {
	<29.916183, 29.293488, 40.131260> 0.250000
	pigment { color rgbt <1,0,0,0> }
	no_shadow
}
cylinder {
	<30.283298, 29.432268, 40.054020>,  <30.503567, 29.515537, 40.007675>, 0.100000
	pigment { color rgbt <1,0,0,0> }
	no_shadow
}
cylinder {
	<30.283298, 29.432268, 40.054020>,  <29.916183, 29.293488, 40.131260>, 0.100000
	pigment { color rgbt <1,0,0,0> }
	no_shadow
}

// particle -1
sphere {
	<30.283298, 29.432268, 40.054020> 0.100000
	pigment { color rgbt <1,0,0,0> }
	no_shadow
}
sphere {
	0, 1
	scale<0.080000,0.200000,0.300000>
	matrix <0.340833, -0.937863, -0.065160,
		-0.203710, -0.006012, -0.979013,
		0.917788, 0.346953, -0.193101,
		30.558636, 29.536354, 39.996090>
	pigment { color rgbt <0,1,1,0> }
	no_shadow
}
cylinder {
	<30.120029, 28.981760, 39.462406>,  <29.916183, 29.293488, 40.131260>, 0.130000
	pigment { color rgbt <1,0,0,0> }
	no_shadow
}

// nucleotide -1

// particle -1
sphere {
	<30.120029, 28.981760, 39.462406> 0.250000
	pigment { color rgbt <1,0,0,0> }
	no_shadow
}
cylinder {
	<30.425438, 29.090925, 39.696518>,  <30.608683, 29.156425, 39.836987>, 0.100000
	pigment { color rgbt <1,0,0,0> }
	no_shadow
}
cylinder {
	<30.425438, 29.090925, 39.696518>,  <30.120029, 28.981760, 39.462406>, 0.100000
	pigment { color rgbt <1,0,0,0> }
	no_shadow
}

// particle -1
sphere {
	<30.425438, 29.090925, 39.696518> 0.100000
	pigment { color rgbt <1,0,0,0> }
	no_shadow
}
sphere {
	0, 1
	scale<0.080000,0.200000,0.300000>
	matrix <0.447067, -0.877396, -0.174089,
		0.466011, 0.394580, -0.791922,
		0.763522, 0.272915, 0.585280,
		30.654495, 29.172800, 39.872101>
	pigment { color rgbt <0,1,1,0> }
	no_shadow
}
cylinder {
	<29.480295, 29.020346, 39.062263>,  <30.120029, 28.981760, 39.462406>, 0.130000
	pigment { color rgbt <1,0,0,0> }
	no_shadow
}

// nucleotide -1

// particle -1
sphere {
	<29.480295, 29.020346, 39.062263> 0.250000
	pigment { color rgbt <1,0,0,0> }
	no_shadow
}
cylinder {
	<29.686085, 29.298012, 38.860889>,  <29.809559, 29.464611, 38.740063>, 0.100000
	pigment { color rgbt <1,0,0,0> }
	no_shadow
}
cylinder {
	<29.686085, 29.298012, 38.860889>,  <29.480295, 29.020346, 39.062263>, 0.100000
	pigment { color rgbt <1,0,0,0> }
	no_shadow
}

// particle -1
sphere {
	<29.686085, 29.298012, 38.860889> 0.100000
	pigment { color rgbt <1,0,0,0> }
	no_shadow
}
sphere {
	0, 1
	scale<0.080000,0.200000,0.300000>
	matrix <0.324578, -0.701057, -0.634955,
		-0.793703, 0.163264, -0.585987,
		0.514476, 0.694164, -0.503439,
		29.840427, 29.506262, 38.709858>
	pigment { color rgbt <0,1,1,0> }
	no_shadow
}
cylinder {
	<29.298441, 28.981903, 38.347214>,  <29.480295, 29.020346, 39.062263>, 0.130000
	pigment { color rgbt <1,0,0,0> }
	no_shadow
}

// nucleotide -1

// particle -1
sphere {
	<29.298441, 28.981903, 38.347214> 0.250000
	pigment { color rgbt <1,0,0,0> }
	no_shadow
}
cylinder {
	<29.670309, 29.121223, 38.395214>,  <29.893431, 29.204815, 38.424015>, 0.100000
	pigment { color rgbt <1,0,0,0> }
	no_shadow
}
cylinder {
	<29.670309, 29.121223, 38.395214>,  <29.298441, 28.981903, 38.347214>, 0.100000
	pigment { color rgbt <1,0,0,0> }
	no_shadow
}

// particle -1
sphere {
	<29.670309, 29.121223, 38.395214> 0.100000
	pigment { color rgbt <1,0,0,0> }
	no_shadow
}
sphere {
	0, 1
	scale<0.080000,0.200000,0.300000>
	matrix <0.351946, -0.743498, -0.568634,
		-0.108838, 0.570875, -0.813791,
		0.929671, 0.348300, 0.119996,
		29.949211, 29.225714, 38.431213>
	pigment { color rgbt <0,1,1,0> }
	no_shadow
}
cylinder {
	<29.637148, 29.008850, 37.642246>,  <29.298441, 28.981903, 38.347214>, 0.130000
	pigment { color rgbt <1,0,0,0> }
	no_shadow
}

// nucleotide -1

// particle -1
sphere {
	<29.637148, 29.008850, 37.642246> 0.250000
	pigment { color rgbt <1,0,0,0> }
	no_shadow
}
cylinder {
	<29.893358, 28.935362, 37.940502>,  <30.047085, 28.891270, 38.119453>, 0.100000
	pigment { color rgbt <1,0,0,0> }
	no_shadow
}
cylinder {
	<29.893358, 28.935362, 37.940502>,  <29.637148, 29.008850, 37.642246>, 0.100000
	pigment { color rgbt <1,0,0,0> }
	no_shadow
}

// particle -1
sphere {
	<29.893358, 28.935362, 37.940502> 0.100000
	pigment { color rgbt <1,0,0,0> }
	no_shadow
}
sphere {
	0, 1
	scale<0.080000,0.200000,0.300000>
	matrix <0.396369, -0.752532, -0.525915,
		0.657736, 0.632409, -0.409196,
		0.640527, -0.183720, 0.745636,
		30.085516, 28.880245, 38.164192>
	pigment { color rgbt <0,1,1,0> }
	no_shadow
}
cylinder {
	<30.260546, 28.947479, 37.295902>,  <29.637148, 29.008850, 37.642246>, 0.130000
	pigment { color rgbt <1,0,0,0> }
	no_shadow
}

// nucleotide -1

// particle -1
sphere {
	<30.260546, 28.947479, 37.295902> 0.250000
	pigment { color rgbt <1,0,0,0> }
	no_shadow
}
cylinder {
	<30.278261, 28.737667, 37.635998>,  <30.288891, 28.611780, 37.840057>, 0.100000
	pigment { color rgbt <1,0,0,0> }
	no_shadow
}
cylinder {
	<30.278261, 28.737667, 37.635998>,  <30.260546, 28.947479, 37.295902>, 0.100000
	pigment { color rgbt <1,0,0,0> }
	no_shadow
}

// particle -1
sphere {
	<30.278261, 28.737667, 37.635998> 0.100000
	pigment { color rgbt <1,0,0,0> }
	no_shadow
}
sphere {
	0, 1
	scale<0.080000,0.200000,0.300000>
	matrix <0.241229, -0.820277, -0.518608,
		0.969457, 0.228071, 0.090203,
		0.044288, -0.524528, 0.850240,
		30.291548, 28.580309, 37.891071>
	pigment { color rgbt <0,1,1,0> }
	no_shadow
}
cylinder {
	<30.935715, 28.779249, 37.481056>,  <30.260546, 28.947479, 37.295902>, 0.130000
	pigment { color rgbt <1,0,0,0> }
	no_shadow
}

// nucleotide -1

// particle -1
sphere {
	<30.935715, 28.779249, 37.481056> 0.250000
	pigment { color rgbt <1,0,0,0> }
	no_shadow
}
cylinder {
	<30.603823, 28.560606, 37.526249>,  <30.404688, 28.429420, 37.553364>, 0.100000
	pigment { color rgbt <1,0,0,0> }
	no_shadow
}
cylinder {
	<30.603823, 28.560606, 37.526249>,  <30.935715, 28.779249, 37.481056>, 0.100000
	pigment { color rgbt <1,0,0,0> }
	no_shadow
}

// particle -1
sphere {
	<30.603823, 28.560606, 37.526249> 0.100000
	pigment { color rgbt <1,0,0,0> }
	no_shadow
}
sphere {
	0, 1
	scale<0.080000,0.200000,0.300000>
	matrix <0.346106, -0.662657, -0.664151,
		0.437902, -0.511961, 0.739011,
		-0.829731, -0.546609, 0.112985,
		30.354904, 28.396624, 37.560146>
	pigment { color rgbt <0,1,1,0> }
	no_shadow
}
cylinder {
	<31.101854, 28.156868, 37.872002>,  <30.935715, 28.779249, 37.481056>, 0.130000
	pigment { color rgbt <1,0,0,0> }
	no_shadow
}

// nucleotide -1

// particle -1
sphere {
	<31.101854, 28.156868, 37.872002> 0.250000
	pigment { color rgbt <1,0,0,0> }
	no_shadow
}
cylinder {
	<30.794716, 28.113827, 37.619389>,  <30.610434, 28.088001, 37.467819>, 0.100000
	pigment { color rgbt <1,0,0,0> }
	no_shadow
}
cylinder {
	<30.794716, 28.113827, 37.619389>,  <31.101854, 28.156868, 37.872002>, 0.100000
	pigment { color rgbt <1,0,0,0> }
	no_shadow
}

// particle -1
sphere {
	<30.794716, 28.113827, 37.619389> 0.100000
	pigment { color rgbt <1,0,0,0> }
	no_shadow
}
sphere {
	0, 1
	scale<0.080000,0.200000,0.300000>
	matrix <0.525153, -0.670324, -0.524290,
		-0.366918, -0.734226, 0.571213,
		-0.767845, -0.107603, -0.631535,
		30.564362, 28.081547, 37.429928>
	pigment { color rgbt <0,1,1,0> }
	no_shadow
}
cylinder {
	<30.905058, 27.433270, 37.934631>,  <31.101854, 28.156868, 37.872002>, 0.130000
	pigment { color rgbt <1,0,0,0> }
	no_shadow
}

// nucleotide -1

// particle -1
sphere {
	<30.905058, 27.433270, 37.934631> 0.250000
	pigment { color rgbt <1,0,0,0> }
	no_shadow
}
cylinder {
	<30.826389, 27.609337, 37.584187>,  <30.779188, 27.714977, 37.373920>, 0.100000
	pigment { color rgbt <1,0,0,0> }
	no_shadow
}
cylinder {
	<30.826389, 27.609337, 37.584187>,  <30.905058, 27.433270, 37.934631>, 0.100000
	pigment { color rgbt <1,0,0,0> }
	no_shadow
}

// particle -1
sphere {
	<30.826389, 27.609337, 37.584187> 0.100000
	pigment { color rgbt <1,0,0,0> }
	no_shadow
}
sphere {
	0, 1
	scale<0.080000,0.200000,0.300000>
	matrix <0.542768, -0.695279, -0.471158,
		-0.816531, -0.568189, -0.102167,
		-0.196672, 0.440168, -0.876112,
		30.767387, 27.741388, 37.321354>
	pigment { color rgbt <0,1,1,0> }
	no_shadow
}
cylinder {
	<30.560095, 26.942991, 37.569630>,  <30.905058, 27.433270, 37.934631>, 0.130000
	pigment { color rgbt <1,0,0,0> }
	no_shadow
}

// nucleotide -1

// particle -1
sphere {
	<30.560095, 26.942991, 37.569630> 0.250000
	pigment { color rgbt <1,0,0,0> }
	no_shadow
}
cylinder {
	<30.770866, 27.219257, 37.371506>,  <30.897329, 27.385017, 37.252632>, 0.100000
	pigment { color rgbt <1,0,0,0> }
	no_shadow
}
cylinder {
	<30.770866, 27.219257, 37.371506>,  <30.560095, 26.942991, 37.569630>, 0.100000
	pigment { color rgbt <1,0,0,0> }
	no_shadow
}

// particle -1
sphere {
	<30.770866, 27.219257, 37.371506> 0.100000
	pigment { color rgbt <1,0,0,0> }
	no_shadow
}
sphere {
	0, 1
	scale<0.080000,0.200000,0.300000>
	matrix <0.449861, -0.721091, -0.526927,
		-0.721091, 0.054833, -0.690667,
		0.526927, 0.690667, -0.495306,
		30.928944, 27.426456, 37.222916>
	pigment { color rgbt <0,1,1,0> }
	no_shadow
}
cylinder {
	<30.061760, 27.159855, 37.134003>,  <30.560095, 26.942991, 37.569630>, 0.130000
	pigment { color rgbt <1,0,0,0> }
	no_shadow
}

// nucleotide -1

// particle -1
sphere {
	<30.061760, 27.159855, 37.134003> 0.250000
	pigment { color rgbt <1,0,0,0> }
	no_shadow
}
cylinder {
	<29.780281, 26.880081, 37.183968>,  <29.611393, 26.712217, 37.213947>, 0.100000
	pigment { color rgbt <1,0,0,0> }
	no_shadow
}
cylinder {
	<29.780281, 26.880081, 37.183968>,  <30.061760, 27.159855, 37.134003>, 0.100000
	pigment { color rgbt <1,0,0,0> }
	no_shadow
}

// particle -1
sphere {
	<29.780281, 26.880081, 37.183968> 0.100000
	pigment { color rgbt <1,0,0,0> }
	no_shadow
}
sphere {
	0, 1
	scale<0.080000,0.200000,0.300000>
	matrix <-0.598369, 0.488613, -0.634990,
		0.383097, -0.521587, -0.762355,
		-0.703699, -0.699431, 0.124915,
		29.569172, 26.670252, 37.221443>
	pigment { color rgbt <0,1,1,0> }
	no_shadow
}
cylinder {
	<29.914331, 26.792770, 36.422344>,  <30.061760, 27.159855, 37.134003>, 0.130000
	pigment { color rgbt <1,0,0,0> }
	no_shadow
}

// nucleotide -1

// particle -1
sphere {
	<29.914331, 26.792770, 36.422344> 0.250000
	pigment { color rgbt <1,0,0,0> }
	no_shadow
}
cylinder {
	<29.590565, 26.757290, 36.654541>,  <29.396305, 26.736002, 36.793861>, 0.100000
	pigment { color rgbt <1,0,0,0> }
	no_shadow
}
cylinder {
	<29.590565, 26.757290, 36.654541>,  <29.914331, 26.792770, 36.422344>, 0.100000
	pigment { color rgbt <1,0,0,0> }
	no_shadow
}

// particle -1
sphere {
	<29.590565, 26.757290, 36.654541> 0.100000
	pigment { color rgbt <1,0,0,0> }
	no_shadow
}
sphere {
	0, 1
	scale<0.080000,0.200000,0.300000>
	matrix <-0.573965, 0.328444, -0.750126,
		-0.124125, -0.940349, -0.316758,
		-0.809417, -0.088699, 0.580496,
		29.347740, 26.730680, 36.828690>
	pigment { color rgbt <0,1,1,0> }
	no_shadow
}
cylinder {
	<29.438320, 26.858400, 35.878338>,  <29.914331, 26.792770, 36.422344>, 0.130000
	pigment { color rgbt <1,0,0,0> }
	no_shadow
}

// nucleotide -1

// particle -1
sphere {
	<29.438320, 26.858400, 35.878338> 0.250000
	pigment { color rgbt <1,0,0,0> }
	no_shadow
}
cylinder {
	<29.210428, 26.827824, 36.205647>,  <29.073692, 26.809477, 36.402031>, 0.100000
	pigment { color rgbt <1,0,0,0> }
	no_shadow
}
cylinder {
	<29.210428, 26.827824, 36.205647>,  <29.438320, 26.858400, 35.878338>, 0.100000
	pigment { color rgbt <1,0,0,0> }
	no_shadow
}

// particle -1
sphere {
	<29.210428, 26.827824, 36.205647> 0.100000
	pigment { color rgbt <1,0,0,0> }
	no_shadow
}
sphere {
	0, 1
	scale<0.080000,0.200000,0.300000>
	matrix <-0.783478, 0.351135, -0.512704,
		-0.248131, -0.933199, -0.259943,
		-0.569731, -0.076442, 0.818269,
		29.039509, 26.804892, 36.451126>
	pigment { color rgbt <0,1,1,0> }
	no_shadow
}
cylinder {
	<28.669224, 26.662336, 35.768173>,  <29.438320, 26.858400, 35.878338>, 0.130000
	pigment { color rgbt <1,0,0,0> }
	no_shadow
}

// nucleotide -1

// particle -1
sphere {
	<28.669224, 26.662336, 35.768173> 0.250000
	pigment { color rgbt <1,0,0,0> }
	no_shadow
}
cylinder {
	<28.673567, 26.877079, 36.105614>,  <28.676172, 27.005924, 36.308079>, 0.100000
	pigment { color rgbt <1,0,0,0> }
	no_shadow
}
cylinder {
	<28.673567, 26.877079, 36.105614>,  <28.669224, 26.662336, 35.768173>, 0.100000
	pigment { color rgbt <1,0,0,0> }
	no_shadow
}

// particle -1
sphere {
	<28.673567, 26.877079, 36.105614> 0.100000
	pigment { color rgbt <1,0,0,0> }
	no_shadow
}
sphere {
	0, 1
	scale<0.080000,0.200000,0.300000>
	matrix <-0.723094, 0.586932, -0.364207,
		-0.690664, -0.606051, 0.394569,
		0.010857, 0.536855, 0.843605,
		28.676825, 27.038136, 36.358696>
	pigment { color rgbt <0,1,1,0> }
	no_shadow
}
cylinder {
	<27.957514, 26.626730, 36.051365>,  <28.669224, 26.662336, 35.768173>, 0.130000
	pigment { color rgbt <1,0,0,0> }
	no_shadow
}

// nucleotide -1

// particle -1
sphere {
	<27.957514, 26.626730, 36.051365> 0.250000
	pigment { color rgbt <1,0,0,0> }
	no_shadow
}
cylinder {
	<28.101984, 26.929676, 36.268970>,  <28.188665, 27.111444, 36.399532>, 0.100000
	pigment { color rgbt <1,0,0,0> }
	no_shadow
}
cylinder {
	<28.101984, 26.929676, 36.268970>,  <27.957514, 26.626730, 36.051365>, 0.100000
	pigment { color rgbt <1,0,0,0> }
	no_shadow
}

// particle -1
sphere {
	<28.101984, 26.929676, 36.268970> 0.100000
	pigment { color rgbt <1,0,0,0> }
	no_shadow
}
sphere {
	0, 1
	scale<0.080000,0.200000,0.300000>
	matrix <-0.777370, 0.566753, -0.272923,
		-0.515023, -0.324325, 0.793451,
		0.361175, 0.757366, 0.544011,
		28.210337, 27.156885, 36.432175>
	pigment { color rgbt <0,1,1,0> }
	no_shadow
}
cylinder {
	<27.387997, 26.902622, 36.498055>,  <27.957514, 26.626730, 36.051365>, 0.130000
	pigment { color rgbt <1,0,0,0> }
	no_shadow
}

// nucleotide -1

// particle -1
sphere {
	<27.387997, 26.902622, 36.498055> 0.250000
	pigment { color rgbt <1,0,0,0> }
	no_shadow
}
cylinder {
	<27.666407, 27.187536, 36.461826>,  <27.833452, 27.358484, 36.440090>, 0.100000
	pigment { color rgbt <1,0,0,0> }
	no_shadow
}
cylinder {
	<27.666407, 27.187536, 36.461826>,  <27.387997, 26.902622, 36.498055>, 0.100000
	pigment { color rgbt <1,0,0,0> }
	no_shadow
}

// particle -1
sphere {
	<27.666407, 27.187536, 36.461826> 0.100000
	pigment { color rgbt <1,0,0,0> }
	no_shadow
}
sphere {
	0, 1
	scale<0.080000,0.200000,0.300000>
	matrix <-0.717978, 0.689076, -0.098401,
		-0.007679, 0.133516, 0.991017,
		0.696024, 0.712283, -0.090570,
		27.875214, 27.401220, 36.434654>
	pigment { color rgbt <0,1,1,0> }
	no_shadow
}
cylinder {
	<27.032377, 27.476772, 36.653786>,  <27.387997, 26.902622, 36.498055>, 0.130000
	pigment { color rgbt <1,0,0,0> }
	no_shadow
}

// nucleotide -1

// particle -1
sphere {
	<27.032377, 27.476772, 36.653786> 0.250000
	pigment { color rgbt <1,0,0,0> }
	no_shadow
}
cylinder {
	<27.359190, 27.646021, 36.497108>,  <27.555279, 27.747570, 36.403103>, 0.100000
	pigment { color rgbt <1,0,0,0> }
	no_shadow
}
cylinder {
	<27.359190, 27.646021, 36.497108>,  <27.032377, 27.476772, 36.653786>, 0.100000
	pigment { color rgbt <1,0,0,0> }
	no_shadow
}

// particle -1
sphere {
	<27.359190, 27.646021, 36.497108> 0.100000
	pigment { color rgbt <1,0,0,0> }
	no_shadow
}
sphere {
	0, 1
	scale<0.080000,0.200000,0.300000>
	matrix <-0.541112, 0.797291, -0.267443,
		0.199133, 0.430460, 0.880370,
		0.817034, 0.423122, -0.391694,
		27.604300, 27.772957, 36.379601>
	pigment { color rgbt <0,1,1,0> }
	no_shadow
}
cylinder {
	<27.066629, 28.042294, 36.923180>,  <27.032377, 27.476772, 36.653786>, 0.130000
	pigment { color rgbt <1,0,0,0> }
	no_shadow
}

// nucleotide -1

// particle -1
sphere {
	<27.066629, 28.042294, 36.923180> 0.250000
	pigment { color rgbt <1,0,0,0> }
	no_shadow
}
cylinder {
	<27.285069, 28.097565, 36.592682>,  <27.416132, 28.130728, 36.394382>, 0.100000
	pigment { color rgbt <1,0,0,0> }
	no_shadow
}
cylinder {
	<27.285069, 28.097565, 36.592682>,  <27.066629, 28.042294, 36.923180>, 0.100000
	pigment { color rgbt <1,0,0,0> }
	no_shadow
}

// particle -1
sphere {
	<27.285069, 28.097565, 36.592682> 0.100000
	pigment { color rgbt <1,0,0,0> }
	no_shadow
}
sphere {
	0, 1
	scale<0.080000,0.200000,0.300000>
	matrix <-0.501210, 0.844188, -0.190094,
