// switches for output
#declare DRAW_BASES = 1; // possible values are 0, 1; only relevant for DNA ribbons
#declare DRAW_BASES_TYPE = 3; // possible values are 1, 2, 3; only relevant for DNA ribbons
#declare DRAW_FOG = 0; // set to 1 to enable fog

#include "colors.inc"

#include "transforms.inc"
background { rgb <1, 1, 1>}

#default {
   normal{
       ripples 0.25
       frequency 0.20
       turbulence 0.2
       lambda 5
   }
	finish {
		phong 0.1
		phong_size 40.
	}
}

// original window dimensions: 1024x640


// camera settings

camera {
	sky <0, 0.179814, -0.983701>
	up <0, 0.179814, -0.983701>
	right 1.6 * <1, 0, 0>
	location <35, 94.9851, 44.8844>
	look_at <35, 29.7336, 32.9568>
	direction <0, -65.2515, -11.9276>
	angle 67.0682
}


# declare cpy_camera_pos = <35, 94.9851, 44.8844>;
# if (DRAW_FOG = 1)
fog {
	fog_type 2
	up vnormalize(cpy_camera_pos)
	color rgbt<1,1,1,0.3>
	distance 1e-5
	fog_alt 3e-3
	fog_offset 56
}
# end


// LIGHTS

# declare lum = 6;
global_settings {
	ambient_light rgb lum * <0.05, 0.05, 0.05>
	max_trace_level 15
}# declare cpy_direct_light_amount = 0.25;
light_source
{	1000 * <-1, -1.16352, -0.803886>,
	rgb lum * cpy_direct_light_amount
	parallel
}

light_source
{	1000 * <1, 1.16352, 0.803886>,
	rgb lum * cpy_direct_light_amount
	parallel
}

// strand 0

// nucleotide -1

// particle -1
sphere {
	<24.441593, 35.175091, 34.715130> 0.250000
	pigment { color rgbt <1,0,0,0> }
	no_shadow
}
cylinder {
	<24.258417, 35.042343, 35.045017>,  <24.148512, 34.962696, 35.242950>, 0.100000
	pigment { color rgbt <1,0,0,0> }
	no_shadow
}
cylinder {
	<24.258417, 35.042343, 35.045017>,  <24.441593, 35.175091, 34.715130>, 0.100000
	pigment { color rgbt <1,0,0,0> }
	no_shadow
}

// particle -1
sphere {
	<24.258417, 35.042343, 35.045017> 0.100000
	pigment { color rgbt <1,0,0,0> }
	no_shadow
}
sphere {
	0, 1
	scale<0.080000,0.200000,0.300000>
	matrix <0.644240, 0.515367, 0.565112,
		-0.612574, 0.790101, -0.022204,
		-0.457939, -0.331868, 0.824715,
		24.121035, 34.942783, 35.292431>
	pigment { color rgbt <0,1,1,0> }
	no_shadow
}
cylinder {
	<24.584343, 35.883747, 34.841587>,  <24.441593, 35.175091, 34.715130>, 0.130000
	pigment { color rgbt <1,0,0,0> }
	no_shadow
}

// nucleotide -1

// particle -1
sphere {
	<24.584343, 35.883747, 34.841587> 0.250000
	pigment { color rgbt <1,0,0,0> }
	no_shadow
}
cylinder {
	<24.730667, 36.130569, 35.120277>,  <24.818462, 36.278664, 35.287491>, 0.100000
	pigment { color rgbt <1,0,0,0> }
	no_shadow
}
cylinder {
	<24.730667, 36.130569, 35.120277>,  <24.584343, 35.883747, 34.841587>, 0.100000
	pigment { color rgbt <1,0,0,0> }
	no_shadow
}

// particle -1
sphere {
	<24.730667, 36.130569, 35.120277> 0.100000
	pigment { color rgbt <1,0,0,0> }
	no_shadow
}
sphere {
	0, 1
	scale<0.080000,0.200000,0.300000>
	matrix <0.689812, 0.322778, -0.648054,
		-0.624774, 0.717672, -0.307579,
		0.365810, 0.617059, 0.696721,
		24.840410, 36.315689, 35.329292>
	pigment { color rgbt <0,1,1,0> }
	no_shadow
}
cylinder {
	<24.712814, 36.567406, 34.556820>,  <24.584343, 35.883747, 34.841587>, 0.130000
	pigment { color rgbt <1,0,0,0> }
	no_shadow
}

// nucleotide -1

// particle -1
sphere {
	<24.712814, 36.567406, 34.556820> 0.250000
	pigment { color rgbt <1,0,0,0> }
	no_shadow
}
cylinder {
	<24.954756, 36.480354, 34.863228>,  <25.099920, 36.428123, 35.047073>, 0.100000
	pigment { color rgbt <1,0,0,0> }
	no_shadow
}
cylinder {
	<24.954756, 36.480354, 34.863228>,  <24.712814, 36.567406, 34.556820>, 0.100000
	pigment { color rgbt <1,0,0,0> }
	no_shadow
}

// particle -1
sphere {
	<24.954756, 36.480354, 34.863228> 0.100000
	pigment { color rgbt <1,0,0,0> }
	no_shadow
}
sphere {
	0, 1
	scale<0.080000,0.200000,0.300000>
	matrix <0.789068, 0.293456, -0.539681,
		-0.107346, 0.930872, 0.349218,
		0.604855, -0.217624, 0.766023,
		25.136211, 36.415066, 35.093033>
	pigment { color rgbt <0,1,1,0> }
	no_shadow
}
cylinder {
	<25.126253, 37.151890, 34.799446>,  <24.712814, 36.567406, 34.556820>, 0.130000
	pigment { color rgbt <1,0,0,0> }
	no_shadow
}

// nucleotide -1

// particle -1
sphere {
	<25.126253, 37.151890, 34.799446> 0.250000
	pigment { color rgbt <1,0,0,0> }
	no_shadow
}
cylinder {
	<25.325428, 36.812473, 34.871044>,  <25.444933, 36.608826, 34.914005>, 0.100000
	pigment { color rgbt <1,0,0,0> }
	no_shadow
}
cylinder {
	<25.325428, 36.812473, 34.871044>,  <25.126253, 37.151890, 34.799446>, 0.100000
	pigment { color rgbt <1,0,0,0> }
	no_shadow
}

// particle -1
sphere {
	<25.325428, 36.812473, 34.871044> 0.100000
	pigment { color rgbt <1,0,0,0> }
	no_shadow
}
sphere {
	0, 1
	scale<0.080000,0.200000,0.300000>
	matrix <0.798583, 0.368182, -0.476138,
		0.338117, 0.380032, 0.860960,
		0.497938, -0.848538, 0.178999,
		25.474810, 36.557911, 34.924744>
	pigment { color rgbt <0,1,1,0> }
	no_shadow
}
cylinder {
	<25.740578, 37.513912, 34.821903>,  <25.126253, 37.151890, 34.799446>, 0.130000
	pigment { color rgbt <1,0,0,0> }
	no_shadow
}

// nucleotide -1

// particle -1
sphere {
	<25.740578, 37.513912, 34.821903> 0.250000
	pigment { color rgbt <1,0,0,0> }
	no_shadow
}
cylinder {
	<25.785841, 37.125534, 34.737556>,  <25.813000, 36.892509, 34.686947>, 0.100000
	pigment { color rgbt <1,0,0,0> }
	no_shadow
}
cylinder {
	<25.785841, 37.125534, 34.737556>,  <25.740578, 37.513912, 34.821903>, 0.100000
	pigment { color rgbt <1,0,0,0> }
	no_shadow
}

// particle -1
sphere {
	<25.785841, 37.125534, 34.737556> 0.100000
	pigment { color rgbt <1,0,0,0> }
	no_shadow
}
sphere {
	0, 1
	scale<0.080000,0.200000,0.300000>
	matrix <0.889206, 0.193655, -0.414500,
		0.443291, -0.140602, 0.885282,
		0.113160, -0.970942, -0.210870,
		25.819790, 36.834251, 34.674294>
	pigment { color rgbt <0,1,1,0> }
	no_shadow
}
cylinder {
	<26.385302, 37.242294, 35.102985>,  <25.740578, 37.513912, 34.821903>, 0.130000
	pigment { color rgbt <1,0,0,0> }
	no_shadow
}

// nucleotide -1

// particle -1
sphere {
	<26.385302, 37.242294, 35.102985> 0.250000
	pigment { color rgbt <1,0,0,0> }
	no_shadow
}
cylinder {
	<26.235115, 37.099239, 34.760963>,  <26.145002, 37.013409, 34.555752>, 0.100000
	pigment { color rgbt <1,0,0,0> }
	no_shadow
}
cylinder {
	<26.235115, 37.099239, 34.760963>,  <26.385302, 37.242294, 35.102985>, 0.100000
	pigment { color rgbt <1,0,0,0> }
	no_shadow
}

// particle -1
sphere {
	<26.235115, 37.099239, 34.760963> 0.100000
	pigment { color rgbt <1,0,0,0> }
	no_shadow
}
sphere {
	0, 1
	scale<0.080000,0.200000,0.300000>
	matrix <0.857387, 0.216359, -0.466986,
		0.352010, -0.908452, 0.225397,
		-0.375468, -0.357636, -0.855056,
		26.122475, 36.991947, 34.504448>
	pigment { color rgbt <0,1,1,0> }
	no_shadow
}
cylinder {
	<27.115433, 36.990734, 35.211548>,  <26.385302, 37.242294, 35.102985>, 0.130000
	pigment { color rgbt <1,0,0,0> }
	no_shadow
}

// nucleotide -1

// particle -1
sphere {
	<27.115433, 36.990734, 35.211548> 0.250000
	pigment { color rgbt <1,0,0,0> }
	no_shadow
}
cylinder {
	<27.444746, 36.931496, 35.430737>,  <27.642334, 36.895954, 35.562252>, 0.100000
	pigment { color rgbt <1,0,0,0> }
	no_shadow
}
cylinder {
	<27.444746, 36.931496, 35.430737>,  <27.115433, 36.990734, 35.211548>, 0.100000
	pigment { color rgbt <1,0,0,0> }
	no_shadow
}

// particle -1
sphere {
	<27.444746, 36.931496, 35.430737> 0.100000
	pigment { color rgbt <1,0,0,0> }
	no_shadow
}
sphere {
	0, 1
	scale<0.080000,0.200000,0.300000>
	matrix <0.556437, 0.019766, -0.830654,
		0.112183, 0.988776, 0.098678,
		0.823282, -0.148093, 0.547974,
		27.691730, 36.887066, 35.595127>
	pigment { color rgbt <0,1,1,0> }
	no_shadow
}
cylinder {
	<27.531572, 37.478897, 35.027454>,  <27.115433, 36.990734, 35.211548>, 0.130000
	pigment { color rgbt <1,0,0,0> }
	no_shadow
}

// nucleotide -1

// particle -1
sphere {
	<27.531572, 37.478897, 35.027454> 0.250000
	pigment { color rgbt <1,0,0,0> }
	no_shadow
}
cylinder {
	<27.786352, 37.227207, 35.205612>,  <27.939220, 37.076195, 35.312508>, 0.100000
	pigment { color rgbt <1,0,0,0> }
	no_shadow
}
cylinder {
	<27.786352, 37.227207, 35.205612>,  <27.531572, 37.478897, 35.027454>, 0.100000
	pigment { color rgbt <1,0,0,0> }
	no_shadow
}

// particle -1
sphere {
	<27.786352, 37.227207, 35.205612> 0.100000
	pigment { color rgbt <1,0,0,0> }
	no_shadow
}
sphere {
	0, 1
	scale<0.080000,0.200000,0.300000>
	matrix <0.654867, 0.136793, -0.743261,
		0.406751, 0.765091, 0.499189,
		0.636948, -0.629225, 0.445392,
		27.977436, 37.038441, 35.339230>
	pigment { color rgbt <0,1,1,0> }
	no_shadow
}
cylinder {
	<28.161476, 37.847332, 35.147217>,  <27.531572, 37.478897, 35.027454>, 0.130000
	pigment { color rgbt <1,0,0,0> }
	no_shadow
}

// nucleotide -1

// particle -1
sphere {
	<28.161476, 37.847332, 35.147217> 0.250000
	pigment { color rgbt <1,0,0,0> }
	no_shadow
}
cylinder {
	<28.274450, 37.463753, 35.137089>,  <28.342236, 37.233604, 35.131012>, 0.100000
	pigment { color rgbt <1,0,0,0> }
	no_shadow
}
cylinder {
	<28.274450, 37.463753, 35.137089>,  <28.161476, 37.847332, 35.147217>, 0.100000
	pigment { color rgbt <1,0,0,0> }
	no_shadow
}

// particle -1
sphere {
	<28.274450, 37.463753, 35.137089> 0.100000
	pigment { color rgbt <1,0,0,0> }
	no_shadow
}
sphere {
	0, 1
	scale<0.080000,0.200000,0.300000>
	matrix <0.657727, 0.212797, -0.722574,
		0.698302, 0.187426, 0.690830,
		0.282435, -0.958952, -0.025322,
		28.359180, 37.176067, 35.129494>
	pigment { color rgbt <0,1,1,0> }
	no_shadow
}
cylinder {
	<28.833090, 37.888870, 35.188961>,  <28.161476, 37.847332, 35.147217>, 0.130000
	pigment { color rgbt <1,0,0,0> }
	no_shadow
}

// nucleotide -1

// particle -1
sphere {
	<28.833090, 37.888870, 35.188961> 0.250000
	pigment { color rgbt <1,0,0,0> }
	no_shadow
}
cylinder {
	<28.793991, 37.510391, 35.065571>,  <28.770533, 37.283302, 34.991539>, 0.100000
	pigment { color rgbt <1,0,0,0> }
	no_shadow
}
cylinder {
	<28.793991, 37.510391, 35.065571>,  <28.833090, 37.888870, 35.188961>, 0.100000
	pigment { color rgbt <1,0,0,0> }
	no_shadow
}

// particle -1
sphere {
	<28.793991, 37.510391, 35.065571> 0.100000
	pigment { color rgbt <1,0,0,0> }
	no_shadow
}
sphere {
	0, 1
	scale<0.080000,0.200000,0.300000>
	matrix <0.718872, 0.147220, -0.679374,
		0.688236, -0.288158, 0.665805,
		-0.097747, -0.946198, -0.308471,
		28.764668, 37.226532, 34.973030>
	pigment { color rgbt <0,1,1,0> }
	no_shadow
}
cylinder {
	<29.509344, 37.678585, 35.130878>,  <28.833090, 37.888870, 35.188961>, 0.130000
	pigment { color rgbt <1,0,0,0> }
	no_shadow
}

// nucleotide -1

// particle -1
sphere {
	<29.509344, 37.678585, 35.130878> 0.250000
	pigment { color rgbt <1,0,0,0> }
	no_shadow
}
cylinder {
	<29.292776, 37.425659, 34.909233>,  <29.162836, 37.273903, 34.776245>, 0.100000
	pigment { color rgbt <1,0,0,0> }
	no_shadow
}
cylinder {
	<29.292776, 37.425659, 34.909233>,  <29.509344, 37.678585, 35.130878>, 0.100000
	pigment { color rgbt <1,0,0,0> }
	no_shadow
}

// particle -1
sphere {
	<29.292776, 37.425659, 34.909233> 0.100000
	pigment { color rgbt <1,0,0,0> }
	no_shadow
}
sphere {
	0, 1
	scale<0.080000,0.200000,0.300000>
	matrix <0.716841, -0.002792, -0.697231,
		0.439324, -0.774706, 0.454781,
		-0.541419, -0.632316, -0.554114,
		29.130350, 37.235966, 34.743000>
	pigment { color rgbt <0,1,1,0> }
	no_shadow
}
cylinder {
	<30.013742, 37.227512, 34.804657>,  <29.509344, 37.678585, 35.130878>, 0.130000
	pigment { color rgbt <1,0,0,0> }
	no_shadow
}

// nucleotide -1

// particle -1
sphere {
	<30.013742, 37.227512, 34.804657> 0.250000
	pigment { color rgbt <1,0,0,0> }
	no_shadow
}
cylinder {
	<29.682138, 37.186417, 34.584770>,  <29.483175, 37.161758, 34.452839>, 0.100000
	pigment { color rgbt <1,0,0,0> }
	no_shadow
}
cylinder {
	<29.682138, 37.186417, 34.584770>,  <30.013742, 37.227512, 34.804657>, 0.100000
	pigment { color rgbt <1,0,0,0> }
	no_shadow
}

// particle -1
sphere {
	<29.682138, 37.186417, 34.584770> 0.100000
	pigment { color rgbt <1,0,0,0> }
	no_shadow
}
sphere {
	0, 1
	scale<0.080000,0.200000,0.300000>
	matrix <0.467419, 0.412362, -0.781970,
		0.307018, -0.905209, -0.293832,
		-0.829011, -0.102736, -0.549715,
		29.433435, 37.155594, 34.419857>
	pigment { color rgbt <0,1,1,0> }
	no_shadow
}
cylinder {
	<30.161860, 36.886257, 34.183071>,  <30.013742, 37.227512, 34.804657>, 0.130000
	pigment { color rgbt <1,0,0,0> }
	no_shadow
}

// nucleotide -1

// particle -1
sphere {
	<30.161860, 36.886257, 34.183071> 0.250000
	pigment { color rgbt <1,0,0,0> }
	no_shadow
}
cylinder {
	<29.820541, 37.078239, 34.101555>,  <29.615751, 37.193428, 34.052647>, 0.100000
	pigment { color rgbt <1,0,0,0> }
	no_shadow
}
cylinder {
	<29.820541, 37.078239, 34.101555>,  <30.161860, 36.886257, 34.183071>, 0.100000
	pigment { color rgbt <1,0,0,0> }
	no_shadow
}

// particle -1
sphere {
	<29.820541, 37.078239, 34.101555> 0.100000
	pigment { color rgbt <1,0,0,0> }
	no_shadow
}
sphere {
	0, 1
	scale<0.080000,0.200000,0.300000>
	matrix <0.441042, 0.455851, -0.773099,
		-0.278155, -0.749561, -0.600656,
		-0.853295, 0.479956, -0.203791,
		29.564552, 37.222225, 34.040417>
	pigment { color rgbt <0,1,1,0> }
	no_shadow
}
cylinder {
	<29.917202, 36.618263, 33.470078>,  <30.161860, 36.886257, 34.183071>, 0.130000
	pigment { color rgbt <1,0,0,0> }
	no_shadow
}

// nucleotide -1

// particle -1
sphere {
	<29.917202, 36.618263, 33.470078> 0.250000
	pigment { color rgbt <1,0,0,0> }
	no_shadow
}
cylinder {
	<29.757202, 36.976025, 33.550121>,  <29.661201, 37.190681, 33.598148>, 0.100000
	pigment { color rgbt <1,0,0,0> }
	no_shadow
}
cylinder {
	<29.757202, 36.976025, 33.550121>,  <29.917202, 36.618263, 33.470078>, 0.100000
	pigment { color rgbt <1,0,0,0> }
	no_shadow
}

// particle -1
sphere {
	<29.757202, 36.976025, 33.550121> 0.100000
	pigment { color rgbt <1,0,0,0> }
	no_shadow
}
sphere {
	0, 1
	scale<0.080000,0.200000,0.300000>
	matrix <0.320302, 0.340985, -0.883819,
		-0.858723, -0.289435, -0.422873,
		-0.400002, 0.894403, 0.200105,
		29.637201, 37.244347, 33.610153>
	pigment { color rgbt <0,1,1,0> }
	no_shadow
}
cylinder {
	<29.549871, 36.739033, 32.855629>,  <29.917202, 36.618263, 33.470078>, 0.130000
	pigment { color rgbt <1,0,0,0> }
	no_shadow
}

// nucleotide -1

// particle -1
sphere {
	<29.549871, 36.739033, 32.855629> 0.250000
	pigment { color rgbt <1,0,0,0> }
	no_shadow
}
cylinder {
	<29.628189, 37.079922, 33.049694>,  <29.675180, 37.284454, 33.166134>, 0.100000
	pigment { color rgbt <1,0,0,0> }
	no_shadow
}
cylinder {
	<29.628189, 37.079922, 33.049694>,  <29.549871, 36.739033, 32.855629>, 0.100000
	pigment { color rgbt <1,0,0,0> }
	no_shadow
}

// particle -1
sphere {
	<29.628189, 37.079922, 33.049694> 0.100000
	pigment { color rgbt <1,0,0,0> }
	no_shadow
}
sphere {
	0, 1
	scale<0.080000,0.200000,0.300000>
	matrix <0.312039, 0.414877, -0.854698,
		-0.929675, 0.318736, -0.184696,
		0.195796, 0.852223, 0.485159,
		29.686928, 37.335590, 33.195240>
	pigment { color rgbt <0,1,1,0> }
	no_shadow
}
cylinder {
	<29.272881, 37.242912, 32.477219>,  <29.549871, 36.739033, 32.855629>, 0.130000
	pigment { color rgbt <1,0,0,0> }
	no_shadow
}

// nucleotide -1

// particle -1
sphere {
	<29.272881, 37.242912, 32.477219> 0.250000
	pigment { color rgbt <1,0,0,0> }
	no_shadow
}
cylinder {
	<29.528784, 37.467106, 32.687580>,  <29.682325, 37.601620, 32.813797>, 0.100000
	pigment { color rgbt <1,0,0,0> }
	no_shadow
}
cylinder {
	<29.528784, 37.467106, 32.687580>,  <29.272881, 37.242912, 32.477219>, 0.100000
	pigment { color rgbt <1,0,0,0> }
	no_shadow
}

// particle -1
sphere {
	<29.528784, 37.467106, 32.687580> 0.100000
	pigment { color rgbt <1,0,0,0> }
	no_shadow
}
sphere {
	0, 1
	scale<0.080000,0.200000,0.300000>
	matrix <0.268874, 0.477805, -0.836307,
		-0.720011, 0.676435, 0.154981,
		0.639758, 0.560480, 0.525901,
		29.720711, 37.635250, 32.845352>
	pigment { color rgbt <0,1,1,0> }
	no_shadow
}
cylinder {
	<29.264870, 37.747410, 32.014339>,  <29.272881, 37.242912, 32.477219>, 0.130000
	pigment { color rgbt <1,0,0,0> }
	no_shadow
}

// nucleotide -1

// particle -1
sphere {
	<29.264870, 37.747410, 32.014339> 0.250000
	pigment { color rgbt <1,0,0,0> }
	no_shadow
}
cylinder {
	<29.571486, 37.860981, 32.244751>,  <29.755455, 37.929123, 32.382996>, 0.100000
	pigment { color rgbt <1,0,0,0> }
	no_shadow
}
cylinder {
	<29.571486, 37.860981, 32.244751>,  <29.264870, 37.747410, 32.014339>, 0.100000
	pigment { color rgbt <1,0,0,0> }
	no_shadow
}

// particle -1
sphere {
	<29.571486, 37.860981, 32.244751> 0.100000
	pigment { color rgbt <1,0,0,0> }
	no_shadow
}
sphere {
	0, 1
	scale<0.080000,0.200000,0.300000>
	matrix <0.197906, 0.748864, -0.632484,
		-0.610944, 0.598822, 0.517842,
		0.766538, 0.283929, 0.576024,
		29.801447, 37.946159, 32.417557>
	pigment { color rgbt <0,1,1,0> }
	no_shadow
}
cylinder {
	<29.206816, 38.444695, 32.333210>,  <29.264870, 37.747410, 32.014339>, 0.130000
	pigment { color rgbt <1,0,0,0> }
	no_shadow
}

// nucleotide -1

// particle -1
sphere {
	<29.206816, 38.444695, 32.333210> 0.250000
	pigment { color rgbt <1,0,0,0> }
	no_shadow
}
cylinder {
	<29.594809, 38.347771, 32.324986>,  <29.827604, 38.289616, 32.320049>, 0.100000
	pigment { color rgbt <1,0,0,0> }
	no_shadow
}
cylinder {
	<29.594809, 38.347771, 32.324986>,  <29.206816, 38.444695, 32.333210>, 0.100000
	pigment { color rgbt <1,0,0,0> }
	no_shadow
}

// particle -1
sphere {
	<29.594809, 38.347771, 32.324986> 0.100000
	pigment { color rgbt <1,0,0,0> }
	no_shadow
}
sphere {
	0, 1
	scale<0.080000,0.200000,0.300000>
	matrix <0.202145, 0.850430, -0.485703,
		0.135176, 0.466966, 0.873882,
		0.969982, -0.242307, -0.020563,
		29.885803, 38.275078, 32.318817>
	pigment { color rgbt <0,1,1,0> }
	no_shadow
}
cylinder {
	<29.459406, 39.078823, 32.272346>,  <29.206816, 38.444695, 32.333210>, 0.130000
	pigment { color rgbt <1,0,0,0> }
	no_shadow
}

// nucleotide -1

// particle -1
sphere {
	<29.459406, 39.078823, 32.272346> 0.250000
	pigment { color rgbt <1,0,0,0> }
	no_shadow
}
cylinder {
	<29.782001, 38.857708, 32.188442>,  <29.975559, 38.725040, 32.138100>, 0.100000
	pigment { color rgbt <1,0,0,0> }
	no_shadow
}
cylinder {
	<29.782001, 38.857708, 32.188442>,  <29.459406, 39.078823, 32.272346>, 0.100000
	pigment { color rgbt <1,0,0,0> }
	no_shadow
}

// particle -1
sphere {
	<29.782001, 38.857708, 32.188442> 0.100000
	pigment { color rgbt <1,0,0,0> }
	no_shadow
}
sphere {
	0, 1
	scale<0.080000,0.200000,0.300000>
	matrix <0.346958, 0.729754, -0.589133,
		0.478740, 0.402351, 0.780334,
		0.806491, -0.552785, -0.209764,
		30.023949, 38.691872, 32.125511>
	pigment { color rgbt <0,1,1,0> }
	no_shadow
}
cylinder {
	<30.000608, 39.544090, 32.406101>,  <29.459406, 39.078823, 32.272346>, 0.130000
	pigment { color rgbt <1,0,0,0> }
	no_shadow
}

// nucleotide -1

// particle -1
sphere {
	<30.000608, 39.544090, 32.406101> 0.250000
	pigment { color rgbt <1,0,0,0> }
	no_shadow
}
cylinder {
	<30.161997, 39.251129, 32.186722>,  <30.258829, 39.075352, 32.055096>, 0.100000
	pigment { color rgbt <1,0,0,0> }
	no_shadow
}
cylinder {
	<30.161997, 39.251129, 32.186722>,  <30.000608, 39.544090, 32.406101>, 0.100000
	pigment { color rgbt <1,0,0,0> }
	no_shadow
}

// particle -1
sphere {
	<30.161997, 39.251129, 32.186722> 0.100000
	pigment { color rgbt <1,0,0,0> }
	no_shadow
}
sphere {
	0, 1
	scale<0.080000,0.200000,0.300000>
	matrix <0.534020, 0.675212, -0.508834,
		0.742990, -0.087581, 0.663547,
		0.403471, -0.732406, -0.548446,
		30.283037, 39.031406, 32.022186>
	pigment { color rgbt <0,1,1,0> }
	no_shadow
}
cylinder {
	<30.779497, 39.663570, 32.430367>,  <30.000608, 39.544090, 32.406101>, 0.130000
	pigment { color rgbt <1,0,0,0> }
	no_shadow
}

// nucleotide -1

// particle -1
sphere {
	<30.779497, 39.663570, 32.430367> 0.250000
	pigment { color rgbt <1,0,0,0> }
	no_shadow
}
cylinder {
	<30.685791, 39.458618, 32.099892>,  <30.629568, 39.335648, 31.901606>, 0.100000
	pigment { color rgbt <1,0,0,0> }
	no_shadow
}
cylinder {
	<30.685791, 39.458618, 32.099892>,  <30.779497, 39.663570, 32.430367>, 0.100000
	pigment { color rgbt <1,0,0,0> }
	no_shadow
}

// particle -1
sphere {
	<30.685791, 39.458618, 32.099892> 0.100000
	pigment { color rgbt <1,0,0,0> }
	no_shadow
}
sphere {
	0, 1
	scale<0.080000,0.200000,0.300000>
	matrix <0.318392, 0.762534, -0.563177,
		0.918557, -0.394984, -0.015497,
		-0.234263, -0.512376, -0.826191,
		30.615511, 39.304905, 31.852034>
	pigment { color rgbt <0,1,1,0> }
	no_shadow
}
cylinder {
	<31.325598, 39.618690, 32.068493>,  <30.779497, 39.663570, 32.430367>, 0.130000
	pigment { color rgbt <1,0,0,0> }
	no_shadow
}

// nucleotide -1

// particle -1
sphere {
	<31.325598, 39.618690, 32.068493> 0.250000
	pigment { color rgbt <1,0,0,0> }
	no_shadow
}
cylinder {
	<31.028564, 39.577332, 31.803804>,  <30.850344, 39.552517, 31.644991>, 0.100000
	pigment { color rgbt <1,0,0,0> }
	no_shadow
}
cylinder {
	<31.028564, 39.577332, 31.803804>,  <31.325598, 39.618690, 32.068493>, 0.100000
	pigment { color rgbt <1,0,0,0> }
	no_shadow
}

// particle -1
sphere {
	<31.028564, 39.577332, 31.803804> 0.100000
	pigment { color rgbt <1,0,0,0> }
	no_shadow
}
sphere {
	0, 1
	scale<0.080000,0.200000,0.300000>
	matrix <0.363256, 0.767892, -0.527624,
		0.562687, -0.632181, -0.532665,
		-0.742583, -0.103394, -0.661726,
		30.805790, 39.546314, 31.605288>
	pigment { color rgbt <0,1,1,0> }
	no_shadow
}
cylinder {
	<31.547234, 39.799816, 31.387686>,  <31.325598, 39.618690, 32.068493>, 0.130000
	pigment { color rgbt <1,0,0,0> }
	no_shadow
}

// nucleotide -1

// particle -1
sphere {
	<31.547234, 39.799816, 31.387686> 0.250000
	pigment { color rgbt <1,0,0,0> }
	no_shadow
}
cylinder {
	<31.158997, 39.843834, 31.302044>,  <30.926054, 39.870247, 31.250660>, 0.100000
	pigment { color rgbt <1,0,0,0> }
	no_shadow
}
cylinder {
	<31.158997, 39.843834, 31.302044>,  <31.547234, 39.799816, 31.387686>, 0.100000
	pigment { color rgbt <1,0,0,0> }
	no_shadow
}

// particle -1
sphere {
	<31.158997, 39.843834, 31.302044> 0.100000
	pigment { color rgbt <1,0,0,0> }
	no_shadow
}
sphere {
	0, 1
	scale<0.080000,0.200000,0.300000>
	matrix <0.222781, 0.747589, -0.625683,
		0.091206, -0.654981, -0.750121,
		-0.970592, 0.110047, -0.214102,
		30.867819, 39.876846, 31.237814>
	pigment { color rgbt <0,1,1,0> }
	no_shadow
}
cylinder {
	<31.445761, 39.915615, 30.648846>,  <31.547234, 39.799816, 31.387686>, 0.130000
	pigment { color rgbt <1,0,0,0> }
	no_shadow
}

// nucleotide -1

// particle -1
sphere {
	<31.445761, 39.915615, 30.648846> 0.250000
	pigment { color rgbt <1,0,0,0> }
	no_shadow
}
cylinder {
	<31.089506, 40.030579, 30.789793>,  <30.875753, 40.099556, 30.874361>, 0.100000
	pigment { color rgbt <1,0,0,0> }
	no_shadow
}
cylinder {
	<31.089506, 40.030579, 30.789793>,  <31.445761, 39.915615, 30.648846>, 0.100000
	pigment { color rgbt <1,0,0,0> }
	no_shadow
}

// particle -1
sphere {
	<31.089506, 40.030579, 30.789793> 0.100000
	pigment { color rgbt <1,0,0,0> }
	no_shadow
}
sphere {
	0, 1
	scale<0.080000,0.200000,0.300000>
	matrix <-0.126367, 0.587945, -0.798969,
		-0.436805, -0.756118, -0.487325,
		-0.890636, 0.287412, 0.352366,
		30.822315, 40.116802, 30.895502>
	pigment { color rgbt <0,1,1,0> }
	no_shadow
}
cylinder {
	<31.013895, 39.976276, 30.047415>,  <31.445761, 39.915615, 30.648846>, 0.130000
	pigment { color rgbt <1,0,0,0> }
	no_shadow
}

// nucleotide -1

// particle -1
sphere {
	<31.013895, 39.976276, 30.047415> 0.250000
	pigment { color rgbt <1,0,0,0> }
	no_shadow
}
cylinder {
	<30.807596, 40.161530, 30.335724>,  <30.683817, 40.272682, 30.508709>, 0.100000
	pigment { color rgbt <1,0,0,0> }
	no_shadow
}
cylinder {
	<30.807596, 40.161530, 30.335724>,  <31.013895, 39.976276, 30.047415>, 0.100000
	pigment { color rgbt <1,0,0,0> }
	no_shadow
}

// particle -1
sphere {
	<30.807596, 40.161530, 30.335724> 0.100000
	pigment { color rgbt <1,0,0,0> }
	no_shadow
}
sphere {
	0, 1
	scale<0.080000,0.200000,0.300000>
	matrix <-0.327137, 0.671093, -0.665294,
		-0.791825, -0.578914, -0.194607,
		-0.515747, 0.463133, 0.720772,
		30.652872, 40.300468, 30.551956>
	pigment { color rgbt <0,1,1,0> }
	no_shadow
}
cylinder {
	<30.264385, 39.888821, 29.997169>,  <31.013895, 39.976276, 30.047415>, 0.130000
	pigment { color rgbt <1,0,0,0> }
	no_shadow
}

// nucleotide -1

// particle -1
sphere {
	<30.264385, 39.888821, 29.997169> 0.250000
	pigment { color rgbt <1,0,0,0> }
	no_shadow
}
cylinder {
	<30.356001, 40.230827, 30.183285>,  <30.410971, 40.436031, 30.294954>, 0.100000
	pigment { color rgbt <1,0,0,0> }
	no_shadow
}
cylinder {
	<30.356001, 40.230827, 30.183285>,  <30.264385, 39.888821, 29.997169>, 0.100000
	pigment { color rgbt <1,0,0,0> }
	no_shadow
}

// particle -1
sphere {
	<30.356001, 40.230827, 30.183285> 0.100000
	pigment { color rgbt <1,0,0,0> }
	no_shadow
}
sphere {
	0, 1
	scale<0.080000,0.200000,0.300000>
	matrix <-0.505888, 0.512926, -0.693530,
		-0.831636, -0.076538, 0.550021,
		0.229039, 0.855013, 0.465288,
		30.424713, 40.487331, 30.322870>
	pigment { color rgbt <0,1,1,0> }
	no_shadow
}
cylinder {
	<29.620600, 40.336323, 30.064814>,  <30.264385, 39.888821, 29.997169>, 0.130000
	pigment { color rgbt <1,0,0,0> }
	no_shadow
}

// nucleotide -1

// particle -1
sphere {
	<29.620600, 40.336323, 30.064814> 0.250000
	pigment { color rgbt <1,0,0,0> }
	no_shadow
}
cylinder {
	<29.934664, 40.583832, 30.054676>,  <30.123102, 40.732338, 30.048594>, 0.100000
	pigment { color rgbt <1,0,0,0> }
	no_shadow
}
cylinder {
	<29.934664, 40.583832, 30.054676>,  <29.620600, 40.336323, 30.064814>, 0.100000
	pigment { color rgbt <1,0,0,0> }
	no_shadow
}

// particle -1
sphere {
	<29.934664, 40.583832, 30.054676> 0.100000
	pigment { color rgbt <1,0,0,0> }
	no_shadow
}
sphere {
	0, 1
	scale<0.080000,0.200000,0.300000>
	matrix <-0.540542, 0.664771, -0.515649,
		-0.302222, 0.418566, 0.856425,
		0.785160, 0.618774, -0.025345,
		30.170212, 40.769463, 30.047073>
	pigment { color rgbt <0,1,1,0> }
	no_shadow
}
cylinder {
	<29.678993, 40.956387, 30.489655>,  <29.620600, 40.336323, 30.064814>, 0.130000
	pigment { color rgbt <1,0,0,0> }
	no_shadow
}

// nucleotide -1

// particle -1
sphere {
	<29.678993, 40.956387, 30.489655> 0.250000
	pigment { color rgbt <1,0,0,0> }
	no_shadow
}
cylinder {
	<29.876566, 41.028183, 30.149345>,  <29.995110, 41.071259, 29.945160>, 0.100000
	pigment { color rgbt <1,0,0,0> }
	no_shadow
}
cylinder {
	<29.876566, 41.028183, 30.149345>,  <29.678993, 40.956387, 30.489655>, 0.100000
	pigment { color rgbt <1,0,0,0> }
	no_shadow
}

// particle -1
sphere {
	<29.876566, 41.028183, 30.149345> 0.100000
	pigment { color rgbt <1,0,0,0> }
	no_shadow
}
sphere {
	0, 1
	scale<0.080000,0.200000,0.300000>
	matrix <-0.673157, 0.698260, -0.243500,
		0.550356, 0.692977, 0.465717,
		0.493932, 0.179489, -0.850773,
		30.024746, 41.082031, 29.894114>
	pigment { color rgbt <0,1,1,0> }
	no_shadow
}
cylinder {
	<29.827383, 41.811806, 30.334541>,  <29.678993, 40.956387, 30.489655>, 0.130000
	pigment { color rgbt <1,0,0,0> }
	no_shadow
}

// nucleotide -1

// particle -1
sphere {
	<29.827383, 41.811806, 30.334541> 0.250000
	pigment { color rgbt <1,0,0,0> }
	no_shadow
}
cylinder {
	<29.776722, 41.568989, 30.020737>,  <29.746325, 41.423298, 29.832455>, 0.100000
	pigment { color rgbt <1,0,0,0> }
	no_shadow
}
cylinder {
	<29.776722, 41.568989, 30.020737>,  <29.827383, 41.811806, 30.334541>, 0.100000
	pigment { color rgbt <1,0,0,0> }
	no_shadow
}

// particle -1
sphere {
	<29.776722, 41.568989, 30.020737> 0.100000
	pigment { color rgbt <1,0,0,0> }
	no_shadow
}
sphere {
	0, 1
	scale<0.080000,0.200000,0.300000>
	matrix <-0.718517, 0.601401, -0.349357,
		0.683880, 0.519436, -0.512342,
		-0.126655, -0.607045, -0.784510,
		29.738726, 41.386875, 29.785383>
	pigment { color rgbt <0,1,1,0> }
	no_shadow
}
cylinder {
	<30.040688, 42.153961, 29.649687>,  <29.827383, 41.811806, 30.334541>, 0.130000
	pigment { color rgbt <1,0,0,0> }
	no_shadow
}

// nucleotide -1

// particle -1
sphere {
	<30.040688, 42.153961, 29.649687> 0.250000
	pigment { color rgbt <1,0,0,0> }
	no_shadow
}
cylinder {
	<29.751595, 41.879368, 29.617678>,  <29.578138, 41.714611, 29.598473>, 0.100000
	pigment { color rgbt <1,0,0,0> }
	no_shadow
}
cylinder {
	<29.751595, 41.879368, 29.617678>,  <30.040688, 42.153961, 29.649687>, 0.100000
	pigment { color rgbt <1,0,0,0> }
	no_shadow
}

// particle -1
sphere {
	<29.751595, 41.879368, 29.617678> 0.100000
	pigment { color rgbt <1,0,0,0> }
	no_shadow
}
sphere {
	0, 1
	scale<0.080000,0.200000,0.300000>
	matrix <-0.625337, 0.698836, -0.347248,
		0.294302, -0.200926, -0.934353,
		-0.722731, -0.686482, -0.080022,
		29.534775, 41.673424, 29.593672>
	pigment { color rgbt <0,1,1,0> }
	no_shadow
}
cylinder {
	<29.731359, 41.921425, 28.921350>,  <30.040688, 42.153961, 29.649687>, 0.130000
	pigment { color rgbt <1,0,0,0> }
	no_shadow
}

// nucleotide -1

// particle -1
sphere {
	<29.731359, 41.921425, 28.921350> 0.250000
	pigment { color rgbt <1,0,0,0> }
	no_shadow
}
cylinder {
	<29.497396, 41.948708, 29.244642>,  <29.357019, 41.965076, 29.438618>, 0.100000
	pigment { color rgbt <1,0,0,0> }
	no_shadow
}
cylinder {
	<29.497396, 41.948708, 29.244642>,  <29.731359, 41.921425, 28.921350>, 0.100000
	pigment { color rgbt <1,0,0,0> }
	no_shadow
}

// particle -1
sphere {
	<29.497396, 41.948708, 29.244642> 0.100000
	pigment { color rgbt <1,0,0,0> }
	no_shadow
}
sphere {
	0, 1
	scale<0.080000,0.200000,0.300000>
	matrix <-0.448252, 0.803282, -0.392184,
		-0.675983, -0.591681, -0.439273,
		-0.584908, 0.068205, 0.808227,
		29.321924, 41.969170, 29.487110>
	pigment { color rgbt <0,1,1,0> }
	no_shadow
}
cylinder {
	<29.048132, 42.155590, 28.757280>,  <29.731359, 41.921425, 28.921350>, 0.130000
	pigment { color rgbt <1,0,0,0> }
	no_shadow
}

// nucleotide -1

// particle -1
sphere {
	<29.048132, 42.155590, 28.757280> 0.250000
	pigment { color rgbt <1,0,0,0> }
	no_shadow
}
cylinder {
	<29.068760, 42.258408, 29.143290>,  <29.081137, 42.320099, 29.374895>, 0.100000
	pigment { color rgbt <1,0,0,0> }
	no_shadow
}
cylinder {
	<29.068760, 42.258408, 29.143290>,  <29.048132, 42.155590, 28.757280>, 0.100000
	pigment { color rgbt <1,0,0,0> }
	no_shadow
}

// particle -1
sphere {
	<29.068760, 42.258408, 29.143290> 0.100000
	pigment { color rgbt <1,0,0,0> }
	no_shadow
}
sphere {
	0, 1
	scale<0.080000,0.200000,0.300000>
	matrix <-0.571548, 0.800005, -0.182550,
		-0.818947, -0.542142, 0.188171,
		0.051569, 0.257048, 0.965022,
		29.084230, 42.335522, 29.432796>
	pigment { color rgbt <0,1,1,0> }
	no_shadow
}
cylinder {
	<28.326626, 42.160069, 28.914917>,  <29.048132, 42.155590, 28.757280>, 0.130000
	pigment { color rgbt <1,0,0,0> }
	no_shadow
}

// nucleotide -1

// particle -1
sphere {
	<28.326626, 42.160069, 28.914917> 0.250000
	pigment { color rgbt <1,0,0,0> }
	no_shadow
}
cylinder {
	<28.571598, 42.419987, 29.095005>,  <28.718582, 42.575939, 29.203058>, 0.100000
	pigment { color rgbt <1,0,0,0> }
	no_shadow
}
cylinder {
	<28.571598, 42.419987, 29.095005>,  <28.326626, 42.160069, 28.914917>, 0.100000
	pigment { color rgbt <1,0,0,0> }
	no_shadow
}

// particle -1
sphere {
	<28.571598, 42.419987, 29.095005> 0.100000
	pigment { color rgbt <1,0,0,0> }
	no_shadow
}
sphere {
	0, 1
	scale<0.080000,0.200000,0.300000>
	matrix <-0.499728, 0.759516, -0.416421,
		-0.612536, 0.030042, 0.789871,
		0.612430, 0.649794, 0.450218,
		28.755327, 42.614925, 29.230070>
	pigment { color rgbt <0,1,1,0> }
	no_shadow
}
cylinder {
	<27.831329, 42.700111, 29.281425>,  <28.326626, 42.160069, 28.914917>, 0.130000
	pigment { color rgbt <1,0,0,0> }
	no_shadow
}

// nucleotide -1

// particle -1
sphere {
	<27.831329, 42.700111, 29.281425> 0.250000
	pigment { color rgbt <1,0,0,0> }
	no_shadow
}
cylinder {
	<28.204885, 42.801697, 29.180746>,  <28.429020, 42.862648, 29.120338>, 0.100000
	pigment { color rgbt <1,0,0,0> }
	no_shadow
}
cylinder {
	<28.204885, 42.801697, 29.180746>,  <27.831329, 42.700111, 29.281425>, 0.100000
	pigment { color rgbt <1,0,0,0> }
	no_shadow
}

// particle -1
sphere {
	<28.204885, 42.801697, 29.180746> 0.100000
	pigment { color rgbt <1,0,0,0> }
	no_shadow
}
sphere {
	0, 1
	scale<0.080000,0.200000,0.300000>
	matrix <-0.357367, 0.685997, -0.633796,
		0.011705, 0.681845, 0.731403,
		0.933891, 0.253961, -0.251698,
		28.485052, 42.877884, 29.105236>
	pigment { color rgbt <0,1,1,0> }
	no_shadow
}
cylinder {
	<28.048557, 43.435745, 29.344055>,  <27.831329, 42.700111, 29.281425>, 0.130000
	pigment { color rgbt <1,0,0,0> }
	no_shadow
}

// nucleotide -1

// particle -1
sphere {
	<28.048557, 43.435745, 29.344055> 0.250000
	pigment { color rgbt <1,0,0,0> }
	no_shadow
}
cylinder {
	<28.270908, 43.262978, 29.059959>,  <28.404320, 43.159317, 28.889502>, 0.100000
	pigment { color rgbt <1,0,0,0> }
	no_shadow
}
cylinder {
	<28.270908, 43.262978, 29.059959>,  <28.048557, 43.435745, 29.344055>, 0.100000
	pigment { color rgbt <1,0,0,0> }
	no_shadow
}

// particle -1
sphere {
	<28.270908, 43.262978, 29.059959> 0.100000
	pigment { color rgbt <1,0,0,0> }
	no_shadow
}
sphere {
	0, 1
	scale<0.080000,0.200000,0.300000>
	matrix <-0.353413, 0.650547, -0.672226,
		0.752395, 0.624684, 0.208979,
		0.555879, -0.431924, -0.710240,
		28.437672, 43.133400, 28.846888>
	pigment { color rgbt <0,1,1,0> }
	no_shadow
}
cylinder {
	<27.246271, 43.253788, 29.449852>,  <28.048557, 43.435745, 29.344055>, 0.130000
	pigment { color rgbt <1,0,0,0> }
	no_shadow
}

// nucleotide -1

// particle -1
sphere {
	<27.246271, 43.253788, 29.449852> 0.250000
	pigment { color rgbt <1,0,0,0> }
	no_shadow
}
cylinder {
	<26.854494, 43.197647, 29.507807>,  <26.619427, 43.163963, 29.542580>, 0.100000
	pigment { color rgbt <1,0,0,0> }
	no_shadow
}
cylinder {
	<26.854494, 43.197647, 29.507807>,  <27.246271, 43.253788, 29.449852>, 0.100000
	pigment { color rgbt <1,0,0,0> }
	no_shadow
}

// particle -1
sphere {
	<26.854494, 43.197647, 29.507807> 0.100000
	pigment { color rgbt <1,0,0,0> }
	no_shadow
}
sphere {
	0, 1
	scale<0.080000,0.200000,0.300000>
	matrix <0.194447, -0.465824, 0.863248,
		-0.053665, 0.873676, 0.483539,
		-0.979444, -0.140349, 0.144885,
		26.560661, 43.155540, 29.551271>
	pigment { color rgbt <0,1,1,0> }
	no_shadow
}
cylinder {
	<27.110521, 43.415859, 30.115658>,  <27.246271, 43.253788, 29.449852>, 0.130000
	pigment { color rgbt <1,0,0,0> }
	no_shadow
}

// nucleotide -1

// particle -1
sphere {
	<27.110521, 43.415859, 30.115658> 0.250000
	pigment { color rgbt <1,0,0,0> }
	no_shadow
}
cylinder {
	<26.780085, 43.209831, 30.024199>,  <26.581823, 43.086216, 29.969324>, 0.100000
	pigment { color rgbt <1,0,0,0> }
	no_shadow
}
cylinder {
	<26.780085, 43.209831, 30.024199>,  <27.110521, 43.415859, 30.115658>, 0.100000
	pigment { color rgbt <1,0,0,0> }
	no_shadow
}

// particle -1
sphere {
	<26.780085, 43.209831, 30.024199> 0.100000
	pigment { color rgbt <1,0,0,0> }
	no_shadow
}
sphere {
	0, 1
	scale<0.080000,0.200000,0.300000>
	matrix <0.100146, -0.533454, 0.839880,
		-0.554567, 0.670919, 0.492263,
		-0.826091, -0.515068, -0.228646,
		26.532257, 43.055309, 29.955605>
	pigment { color rgbt <0,1,1,0> }
	no_shadow
}
cylinder {
	<26.547209, 43.432236, 30.669708>,  <27.110521, 43.415859, 30.115658>, 0.130000
	pigment { color rgbt <1,0,0,0> }
	no_shadow
}

// nucleotide -1

// particle -1
sphere {
	<26.547209, 43.432236, 30.669708> 0.250000
	pigment { color rgbt <1,0,0,0> }
	no_shadow
}
cylinder {
	<26.479961, 43.102711, 30.453165>,  <26.439613, 42.904995, 30.323238>, 0.100000
	pigment { color rgbt <1,0,0,0> }
	no_shadow
}
cylinder {
	<26.479961, 43.102711, 30.453165>,  <26.547209, 43.432236, 30.669708>, 0.100000
	pigment { color rgbt <1,0,0,0> }
	no_shadow
}

// particle -1
sphere {
	<26.479961, 43.102711, 30.453165> 0.100000
	pigment { color rgbt <1,0,0,0> }
	no_shadow
}
sphere {
	0, 1
	scale<0.080000,0.200000,0.300000>
	matrix <-0.231822, -0.500733, 0.833981,
		-0.958120, 0.265707, -0.106795,
		-0.168118, -0.823812, -0.541359,
		26.429525, 42.855568, 30.290758>
	pigment { color rgbt <0,1,1,0> }
	no_shadow
}
cylinder {
	<26.072275, 42.995388, 31.129663>,  <26.547209, 43.432236, 30.669708>, 0.130000
	pigment { color rgbt <1,0,0,0> }
	no_shadow
}

// nucleotide -1

// particle -1
sphere {
	<26.072275, 42.995388, 31.129663> 0.250000
	pigment { color rgbt <1,0,0,0> }
	no_shadow
}
cylinder {
	<26.172558, 42.739216, 30.839287>,  <26.232727, 42.585510, 30.665060>, 0.100000
	pigment { color rgbt <1,0,0,0> }
	no_shadow
}
cylinder {
	<26.172558, 42.739216, 30.839287>,  <26.072275, 42.995388, 31.129663>, 0.100000
	pigment { color rgbt <1,0,0,0> }
	no_shadow
}

// particle -1
sphere {
	<26.172558, 42.739216, 30.839287> 0.100000
	pigment { color rgbt <1,0,0,0> }
	no_shadow
}
sphere {
	0, 1
	scale<0.080000,0.200000,0.300000>
	matrix <-0.095519, -0.762597, 0.639782,
		-0.963339, -0.091057, -0.252362,
		0.250707, -0.640433, -0.725942,
		26.247770, 42.547085, 30.621504>
	pigment { color rgbt <0,1,1,0> }
	no_shadow
}
cylinder {
	<25.601427, 42.443466, 31.222313>,  <26.072275, 42.995388, 31.129663>, 0.130000
	pigment { color rgbt <1,0,0,0> }
	no_shadow
}

// nucleotide -1

// particle -1
sphere {
	<25.601427, 42.443466, 31.222313> 0.250000
	pigment { color rgbt <1,0,0,0> }
	no_shadow
}
cylinder {
	<25.923380, 42.295582, 31.036636>,  <26.116552, 42.206852, 30.925230>, 0.100000
	pigment { color rgbt <1,0,0,0> }
	no_shadow
}
cylinder {
	<25.923380, 42.295582, 31.036636>,  <25.601427, 42.443466, 31.222313>, 0.100000
	pigment { color rgbt <1,0,0,0> }
	no_shadow
}

// particle -1
sphere {
	<25.923380, 42.295582, 31.036636> 0.100000
	pigment { color rgbt <1,0,0,0> }
	no_shadow
}
sphere {
	0, 1
	scale<0.080000,0.200000,0.300000>
	matrix <-0.038071, -0.812777, 0.581329,
		-0.592209, -0.450231, -0.668267,
		0.804885, -0.369710, -0.464193,
		26.164845, 42.184669, 30.897379>
	pigment { color rgbt <0,1,1,0> }
	no_shadow
}
cylinder {
	<25.521132, 41.799919, 31.303576>,  <25.601427, 42.443466, 31.222313>, 0.130000
	pigment { color rgbt <1,0,0,0> }
	no_shadow
}

// nucleotide -1

// particle -1
sphere {
	<25.521132, 41.799919, 31.303576> 0.250000
	pigment { color rgbt <1,0,0,0> }
	no_shadow
}
cylinder {
	<25.907543, 41.820282, 31.202225>,  <26.139389, 41.832500, 31.141415>, 0.100000
	pigment { color rgbt <1,0,0,0> }
	no_shadow
}
cylinder {
	<25.907543, 41.820282, 31.202225>,  <25.521132, 41.799919, 31.303576>, 0.100000
	pigment { color rgbt <1,0,0,0> }
	no_shadow
}

// particle -1
sphere {
	<25.907543, 41.820282, 31.202225> 0.100000
	pigment { color rgbt <1,0,0,0> }
	no_shadow
}
sphere {
	0, 1
	scale<0.080000,0.200000,0.300000>
	matrix <0.201084, -0.763921, 0.613180,
		-0.162344, -0.643298, -0.748206,
		0.966028, 0.050906, -0.253375,
		26.197351, 41.835552, 31.126213>
	pigment { color rgbt <0,1,1,0> }
	no_shadow
}
cylinder {
	<25.661947, 41.188324, 31.260763>,  <25.521132, 41.799919, 31.303576>, 0.130000
	pigment { color rgbt <1,0,0,0> }
	no_shadow
}

// nucleotide -1

// particle -1
sphere {
	<25.661947, 41.188324, 31.260763> 0.250000
	pigment { color rgbt <1,0,0,0> }
	no_shadow
}
cylinder {
	<26.015438, 41.371212, 31.300711>,  <26.227533, 41.480946, 31.324678>, 0.100000
	pigment { color rgbt <1,0,0,0> }
	no_shadow
}
cylinder {
	<26.015438, 41.371212, 31.300711>,  <25.661947, 41.188324, 31.260763>, 0.100000
	pigment { color rgbt <1,0,0,0> }
	no_shadow
}

// particle -1
sphere {
	<26.015438, 41.371212, 31.300711> 0.100000
	pigment { color rgbt <1,0,0,0> }
	no_shadow
}
sphere {
	0, 1
	scale<0.080000,0.200000,0.300000>
	matrix <0.336885, -0.769617, 0.542400,
		0.324856, -0.445691, -0.834163,
		0.883729, 0.457219, 0.099868,
		26.280558, 41.508377, 31.330671>
	pigment { color rgbt <0,1,1,0> }
	no_shadow
}
cylinder {
	<26.161081, 40.756733, 31.044580>,  <25.661947, 41.188324, 31.260763>, 0.130000
	pigment { color rgbt <1,0,0,0> }
	no_shadow
}

// nucleotide -1

// particle -1
sphere {
	<26.161081, 40.756733, 31.044580> 0.250000
	pigment { color rgbt <1,0,0,0> }
	no_shadow
}
cylinder {
	<26.352989, 41.016544, 31.280523>,  <26.468134, 41.172432, 31.422089>, 0.100000
	pigment { color rgbt <1,0,0,0> }
	no_shadow
}
cylinder {
	<26.352989, 41.016544, 31.280523>,  <26.161081, 40.756733, 31.044580>, 0.100000
	pigment { color rgbt <1,0,0,0> }
	no_shadow
}

// particle -1
sphere {
	<26.352989, 41.016544, 31.280523> 0.100000
	pigment { color rgbt <1,0,0,0> }
	no_shadow
}
sphere {
	0, 1
	scale<0.080000,0.200000,0.300000>
	matrix <0.386118, -0.759984, 0.522817,
