// switches for output
#declare DRAW_BASES = 1; // possible values are 0, 1; only relevant for DNA ribbons
#declare DRAW_BASES_TYPE = 3; // possible values are 1, 2, 3; only relevant for DNA ribbons
#declare DRAW_FOG = 0; // set to 1 to enable fog

#include "colors.inc"

#include "transforms.inc"
background { rgb <1, 1, 1>}

#default {
   normal{
       ripples 0.25
       frequency 0.20
       turbulence 0.2
       lambda 5
   }
	finish {
		phong 0.1
		phong_size 40.
	}
}

// original window dimensions: 1024x640


// camera settings

camera {
	sky <0, 0.179814, -0.983701>
	up <0, 0.179814, -0.983701>
	right 1.6 * <1, 0, 0>
	location <35, 94.9851, 44.8844>
	look_at <35, 29.7336, 32.9568>
	direction <0, -65.2515, -11.9276>
	angle 67.0682
}


# declare cpy_camera_pos = <35, 94.9851, 44.8844>;
# if (DRAW_FOG = 1)
fog {
	fog_type 2
	up vnormalize(cpy_camera_pos)
	color rgbt<1,1,1,0.3>
	distance 1e-5
	fog_alt 3e-3
	fog_offset 56
}
# end


// LIGHTS

# declare lum = 6;
global_settings {
	ambient_light rgb lum * <0.05, 0.05, 0.05>
	max_trace_level 15
}# declare cpy_direct_light_amount = 0.25;
light_source
{	1000 * <-1, -1.16352, -0.803886>,
	rgb lum * cpy_direct_light_amount
	parallel
}

light_source
{	1000 * <1, 1.16352, 0.803886>,
	rgb lum * cpy_direct_light_amount
	parallel
}

// strand 0

// nucleotide -1

// particle -1
sphere {
	<24.463482, 34.517952, 34.934097> 0.250000
	pigment { color rgbt <1,0,0,0> }
	no_shadow
}
cylinder {
	<24.470545, 34.893330, 35.072086>,  <24.474783, 35.118557, 35.154881>, 0.100000
	pigment { color rgbt <1,0,0,0> }
	no_shadow
}
cylinder {
	<24.470545, 34.893330, 35.072086>,  <24.463482, 34.517952, 34.934097>, 0.100000
	pigment { color rgbt <1,0,0,0> }
	no_shadow
}

// particle -1
sphere {
	<24.470545, 34.893330, 35.072086> 0.100000
	pigment { color rgbt <1,0,0,0> }
	no_shadow
}
sphere {
	0, 1
	scale<0.080000,0.200000,0.300000>
	matrix <0.064224, 0.343246, -0.937047,
		-0.997779, 0.038702, -0.054209,
		0.017659, 0.938448, 0.344969,
		24.475842, 35.174866, 35.175575>
	pigment { color rgbt <0,1,1,0> }
	no_shadow
}
cylinder {
	<25.168238, 34.110012, 34.811207>,  <24.463482, 34.517952, 34.934097>, 0.130000
	pigment { color rgbt <1,0,0,0> }
	no_shadow
}

// nucleotide -1

// particle -1
sphere {
	<25.168238, 34.110012, 34.811207> 0.250000
	pigment { color rgbt <1,0,0,0> }
	no_shadow
}
cylinder {
	<25.410851, 34.290688, 34.549488>,  <25.556417, 34.399094, 34.392456>, 0.100000
	pigment { color rgbt <1,0,0,0> }
	no_shadow
}
cylinder {
	<25.410851, 34.290688, 34.549488>,  <25.168238, 34.110012, 34.811207>, 0.100000
	pigment { color rgbt <1,0,0,0> }
	no_shadow
}

// particle -1
sphere {
	<25.410851, 34.290688, 34.549488> 0.100000
	pigment { color rgbt <1,0,0,0> }
	no_shadow
}
sphere {
	0, 1
	scale<0.080000,0.200000,0.300000>
	matrix <-0.770496, 0.536918, -0.343591,
		0.196107, 0.712529, 0.673680,
		0.606530, 0.451687, -0.654294,
		25.592810, 34.426193, 34.353199>
	pigment { color rgbt <0,1,1,0> }
	no_shadow
}
cylinder {
	<25.153894, 34.851532, 34.955692>,  <25.168238, 34.110012, 34.811207>, 0.130000
	pigment { color rgbt <1,0,0,0> }
	no_shadow
}

// nucleotide -1

// particle -1
sphere {
	<25.153894, 34.851532, 34.955692> 0.250000
	pigment { color rgbt <1,0,0,0> }
	no_shadow
}
cylinder {
	<25.273195, 34.793488, 34.578335>,  <25.344776, 34.758659, 34.351921>, 0.100000
	pigment { color rgbt <1,0,0,0> }
	no_shadow
}
cylinder {
	<25.273195, 34.793488, 34.578335>,  <25.153894, 34.851532, 34.955692>, 0.100000
	pigment { color rgbt <1,0,0,0> }
	no_shadow
}

// particle -1
sphere {
	<25.273195, 34.793488, 34.578335> 0.100000
	pigment { color rgbt <1,0,0,0> }
	no_shadow
}
sphere {
	0, 1
	scale<0.080000,0.200000,0.300000>
	matrix <-0.734415, 0.596413, -0.323924,
		0.609657, 0.789451, 0.071308,
		0.298251, -0.145112, -0.943392,
		25.362671, 34.749954, 34.295319>
	pigment { color rgbt <0,1,1,0> }
	no_shadow
}
cylinder {
	<25.341257, 35.479145, 34.645382>,  <25.153894, 34.851532, 34.955692>, 0.130000
	pigment { color rgbt <1,0,0,0> }
	no_shadow
}

// nucleotide -1

// particle -1
sphere {
	<25.341257, 35.479145, 34.645382> 0.250000
	pigment { color rgbt <1,0,0,0> }
	no_shadow
}
cylinder {
	<25.205269, 35.218243, 34.374390>,  <25.123676, 35.061699, 34.211796>, 0.100000
	pigment { color rgbt <1,0,0,0> }
	no_shadow
}
cylinder {
	<25.205269, 35.218243, 34.374390>,  <25.341257, 35.479145, 34.645382>, 0.100000
	pigment { color rgbt <1,0,0,0> }
	no_shadow
}

// particle -1
sphere {
	<25.205269, 35.218243, 34.374390> 0.100000
	pigment { color rgbt <1,0,0,0> }
	no_shadow
}
sphere {
	0, 1
	scale<0.080000,0.200000,0.300000>
	matrix <-0.659060, 0.679138, -0.323128,
		0.670863, 0.336641, -0.660769,
		-0.339976, -0.652261, -0.677475,
		25.103277, 35.022564, 34.171146>
	pigment { color rgbt <0,1,1,0> }
	no_shadow
}
cylinder {
	<25.479826, 35.771244, 33.992981>,  <25.341257, 35.479145, 34.645382>, 0.130000
	pigment { color rgbt <1,0,0,0> }
	no_shadow
}

// nucleotide -1

// particle -1
sphere {
	<25.479826, 35.771244, 33.992981> 0.250000
	pigment { color rgbt <1,0,0,0> }
	no_shadow
}
cylinder {
	<25.179182, 35.507477, 33.986698>,  <24.998796, 35.349216, 33.982929>, 0.100000
	pigment { color rgbt <1,0,0,0> }
	no_shadow
}
cylinder {
	<25.179182, 35.507477, 33.986698>,  <25.479826, 35.771244, 33.992981>, 0.100000
	pigment { color rgbt <1,0,0,0> }
	no_shadow
}

// particle -1
sphere {
	<25.179182, 35.507477, 33.986698> 0.100000
	pigment { color rgbt <1,0,0,0> }
	no_shadow
}
sphere {
	0, 1
	scale<0.080000,0.200000,0.300000>
	matrix <-0.582686, 0.674929, -0.452712,
		0.309129, -0.331111, -0.891518,
		-0.751609, -0.659421, -0.015706,
		24.953699, 35.309650, 33.981987>
	pigment { color rgbt <0,1,1,0> }
	no_shadow
}
cylinder {
	<25.882723, 35.174492, 34.215580>,  <25.479826, 35.771244, 33.992981>, 0.130000
	pigment { color rgbt <1,0,0,0> }
	no_shadow
}

// nucleotide -1

// particle -1
sphere {
	<25.882723, 35.174492, 34.215580> 0.250000
	pigment { color rgbt <1,0,0,0> }
	no_shadow
}
cylinder {
	<26.138128, 34.910503, 34.057220>,  <26.291372, 34.752110, 33.962204>, 0.100000
	pigment { color rgbt <1,0,0,0> }
	no_shadow
}
cylinder {
	<26.138128, 34.910503, 34.057220>,  <25.882723, 35.174492, 34.215580>, 0.100000
	pigment { color rgbt <1,0,0,0> }
	no_shadow
}

// particle -1
sphere {
	<26.138128, 34.910503, 34.057220> 0.100000
	pigment { color rgbt <1,0,0,0> }
	no_shadow
}
sphere {
	0, 1
	scale<0.080000,0.200000,0.300000>
	matrix <0.387629, 0.720187, -0.575391,
		0.664863, 0.213935, 0.715674,
		0.638515, -0.659972, -0.395898,
		26.329683, 34.712513, 33.938450>
	pigment { color rgbt <0,1,1,0> }
	no_shadow
}
cylinder {
	<26.553333, 35.506111, 34.070145>,  <25.882723, 35.174492, 34.215580>, 0.130000
	pigment { color rgbt <1,0,0,0> }
	no_shadow
}

// nucleotide -1

// particle -1
sphere {
	<26.553333, 35.506111, 34.070145> 0.250000
	pigment { color rgbt <1,0,0,0> }
	no_shadow
}
cylinder {
	<26.580877, 35.185650, 33.832348>,  <26.597404, 34.993374, 33.689671>, 0.100000
	pigment { color rgbt <1,0,0,0> }
	no_shadow
}
cylinder {
	<26.580877, 35.185650, 33.832348>,  <26.553333, 35.506111, 34.070145>, 0.100000
	pigment { color rgbt <1,0,0,0> }
	no_shadow
}

// particle -1
sphere {
	<26.580877, 35.185650, 33.832348> 0.100000
	pigment { color rgbt <1,0,0,0> }
	no_shadow
}
sphere {
	0, 1
	scale<0.080000,0.200000,0.300000>
	matrix <0.427006, 0.562229, -0.708213,
		0.901623, -0.205083, 0.380811,
		0.068860, -0.801149, -0.594490,
		26.601536, 34.945305, 33.653999>
	pigment { color rgbt <0,1,1,0> }
	no_shadow
}
cylinder {
	<27.215937, 35.498947, 33.902687>,  <26.553333, 35.506111, 34.070145>, 0.130000
	pigment { color rgbt <1,0,0,0> }
	no_shadow
}

// nucleotide -1

// particle -1
sphere {
	<27.215937, 35.498947, 33.902687> 0.250000
	pigment { color rgbt <1,0,0,0> }
	no_shadow
}
cylinder {
	<27.065001, 35.271923, 33.609978>,  <26.974440, 35.135708, 33.434353>, 0.100000
	pigment { color rgbt <1,0,0,0> }
	no_shadow
}
cylinder {
	<27.065001, 35.271923, 33.609978>,  <27.215937, 35.498947, 33.902687>, 0.100000
	pigment { color rgbt <1,0,0,0> }
	no_shadow
}

// particle -1
sphere {
	<27.065001, 35.271923, 33.609978> 0.100000
	pigment { color rgbt <1,0,0,0> }
	no_shadow
}
sphere {
	0, 1
	scale<0.080000,0.200000,0.300000>
	matrix <0.482165, 0.554231, -0.678487,
		0.790653, -0.608855, 0.064523,
		-0.377340, -0.567559, -0.731773,
		26.951799, 35.101654, 33.390446>
	pigment { color rgbt <0,1,1,0> }
	no_shadow
}
cylinder {
	<27.729650, 35.518093, 33.533340>,  <27.215937, 35.498947, 33.902687>, 0.130000
	pigment { color rgbt <1,0,0,0> }
	no_shadow
}

// nucleotide -1

// particle -1
sphere {
	<27.729650, 35.518093, 33.533340> 0.250000
	pigment { color rgbt <1,0,0,0> }
	no_shadow
}
cylinder {
	<27.450737, 35.381351, 33.281330>,  <27.283388, 35.299309, 33.130123>, 0.100000
	pigment { color rgbt <1,0,0,0> }
	no_shadow
}
cylinder {
	<27.450737, 35.381351, 33.281330>,  <27.729650, 35.518093, 33.533340>, 0.100000
	pigment { color rgbt <1,0,0,0> }
	no_shadow
}

// particle -1
sphere {
	<27.450737, 35.381351, 33.281330> 0.100000
	pigment { color rgbt <1,0,0,0> }
	no_shadow
}
sphere {
	0, 1
	scale<0.080000,0.200000,0.300000>
	matrix <0.513071, 0.375756, -0.771729,
		0.500554, -0.861362, -0.086614,
		-0.697284, -0.341853, -0.630026,
		27.241552, 35.278797, 33.092323>
	pigment { color rgbt <0,1,1,0> }
	no_shadow
}
cylinder {
	<28.057291, 35.108612, 32.940399>,  <27.729650, 35.518093, 33.533340>, 0.130000
	pigment { color rgbt <1,0,0,0> }
	no_shadow
}

// nucleotide -1

// particle -1
sphere {
	<28.057291, 35.108612, 32.940399> 0.250000
	pigment { color rgbt <1,0,0,0> }
	no_shadow
}
cylinder {
	<27.697615, 35.193455, 32.787315>,  <27.481810, 35.244362, 32.695465>, 0.100000
	pigment { color rgbt <1,0,0,0> }
	no_shadow
}
cylinder {
	<27.697615, 35.193455, 32.787315>,  <28.057291, 35.108612, 32.940399>, 0.100000
	pigment { color rgbt <1,0,0,0> }
	no_shadow
}

// particle -1
sphere {
	<27.697615, 35.193455, 32.787315> 0.100000
	pigment { color rgbt <1,0,0,0> }
	no_shadow
}
sphere {
	0, 1
	scale<0.080000,0.200000,0.300000>
	matrix <0.434459, 0.328870, -0.838504,
		-0.051990, -0.920247, -0.387869,
		-0.899190, 0.212108, -0.382712,
		27.427858, 35.257088, 32.672501>
	pigment { color rgbt <0,1,1,0> }
	no_shadow
}
cylinder {
	<27.937231, 34.793777, 32.341469>,  <28.057291, 35.108612, 32.940399>, 0.130000
	pigment { color rgbt <1,0,0,0> }
	no_shadow
}

// nucleotide -1

// particle -1
sphere {
	<27.937231, 34.793777, 32.341469> 0.250000
	pigment { color rgbt <1,0,0,0> }
	no_shadow
}
cylinder {
	<27.677084, 35.094891, 32.300789>,  <27.520996, 35.275558, 32.276382>, 0.100000
	pigment { color rgbt <1,0,0,0> }
	no_shadow
}
cylinder {
	<27.677084, 35.094891, 32.300789>,  <27.937231, 34.793777, 32.341469>, 0.100000
	pigment { color rgbt <1,0,0,0> }
	no_shadow
}

// particle -1
sphere {
	<27.677084, 35.094891, 32.300789> 0.100000
	pigment { color rgbt <1,0,0,0> }
	no_shadow
}
sphere {
	0, 1
	scale<0.080000,0.200000,0.300000>
	matrix <0.394197, 0.220017, -0.892301,
		-0.649331, -0.620414, -0.439836,
		-0.650368, 0.752781, -0.101701,
		27.481974, 35.320724, 32.270279>
	pigment { color rgbt <0,1,1,0> }
	no_shadow
}
cylinder {
	<27.832035, 34.750942, 31.623524>,  <27.937231, 34.793777, 32.341469>, 0.130000
	pigment { color rgbt <1,0,0,0> }
	no_shadow
}

// nucleotide -1

// particle -1
sphere {
	<27.832035, 34.750942, 31.623524> 0.250000
	pigment { color rgbt <1,0,0,0> }
	no_shadow
}
cylinder {
	<27.697538, 35.112343, 31.729830>,  <27.616840, 35.329182, 31.793613>, 0.100000
	pigment { color rgbt <1,0,0,0> }
	no_shadow
}
cylinder {
	<27.697538, 35.112343, 31.729830>,  <27.832035, 34.750942, 31.623524>, 0.100000
	pigment { color rgbt <1,0,0,0> }
	no_shadow
}

// particle -1
sphere {
	<27.697538, 35.112343, 31.729830> 0.100000
	pigment { color rgbt <1,0,0,0> }
	no_shadow
}
sphere {
	0, 1
	scale<0.080000,0.200000,0.300000>
	matrix <0.102575, 0.315651, -0.943315,
		-0.936172, -0.289923, -0.198811,
		-0.336244, 0.903498, 0.265765,
		27.596664, 35.383392, 31.809559>
	pigment { color rgbt <0,1,1,0> }
	no_shadow
}
cylinder {
	<27.318745, 34.934814, 31.169682>,  <27.832035, 34.750942, 31.623524>, 0.130000
	pigment { color rgbt <1,0,0,0> }
	no_shadow
}

// nucleotide -1

// particle -1
sphere {
	<27.318745, 34.934814, 31.169682> 0.250000
	pigment { color rgbt <1,0,0,0> }
	no_shadow
}
cylinder {
	<27.452385, 35.287067, 31.304060>,  <27.532570, 35.498421, 31.384687>, 0.100000
	pigment { color rgbt <1,0,0,0> }
	no_shadow
}
cylinder {
	<27.452385, 35.287067, 31.304060>,  <27.318745, 34.934814, 31.169682>, 0.100000
	pigment { color rgbt <1,0,0,0> }
	no_shadow
}

// particle -1
sphere {
	<27.452385, 35.287067, 31.304060> 0.100000
	pigment { color rgbt <1,0,0,0> }
	no_shadow
}
sphere {
	0, 1
	scale<0.080000,0.200000,0.300000>
	matrix <-0.078297, 0.381126, -0.921202,
		-0.939279, 0.281473, 0.196286,
		0.334103, 0.880634, 0.335945,
		27.552616, 35.551258, 31.404844>
	pigment { color rgbt <0,1,1,0> }
	no_shadow
}
cylinder {
	<27.030207, 35.409428, 30.648895>,  <27.318745, 34.934814, 31.169682>, 0.130000
	pigment { color rgbt <1,0,0,0> }
	no_shadow
}

// nucleotide -1

// particle -1
sphere {
	<27.030207, 35.409428, 30.648895> 0.250000
	pigment { color rgbt <1,0,0,0> }
	no_shadow
}
cylinder {
	<27.317629, 35.595291, 30.855883>,  <27.490082, 35.706810, 30.980074>, 0.100000
	pigment { color rgbt <1,0,0,0> }
	no_shadow
}
cylinder {
	<27.317629, 35.595291, 30.855883>,  <27.030207, 35.409428, 30.648895>, 0.100000
	pigment { color rgbt <1,0,0,0> }
	no_shadow
}

// particle -1
sphere {
	<27.317629, 35.595291, 30.855883> 0.100000
	pigment { color rgbt <1,0,0,0> }
	no_shadow
}
sphere {
	0, 1
	scale<0.080000,0.200000,0.300000>
	matrix <0.275109, 0.493457, -0.825115,
		-0.638742, 0.735251, 0.226746,
		0.718556, 0.464656, 0.517466,
		27.533195, 35.734688, 31.011122>
	pigment { color rgbt <0,1,1,0> }
	no_shadow
}
cylinder {
	<26.958509, 36.101566, 30.507139>,  <27.030207, 35.409428, 30.648895>, 0.130000
	pigment { color rgbt <1,0,0,0> }
	no_shadow
}

// nucleotide -1

// particle -1
sphere {
	<26.958509, 36.101566, 30.507139> 0.250000
	pigment { color rgbt <1,0,0,0> }
	no_shadow
}
cylinder {
	<27.342722, 36.033714, 30.595327>,  <27.573250, 35.993004, 30.648241>, 0.100000
	pigment { color rgbt <1,0,0,0> }
	no_shadow
}
cylinder {
	<27.342722, 36.033714, 30.595327>,  <26.958509, 36.101566, 30.507139>, 0.100000
	pigment { color rgbt <1,0,0,0> }
	no_shadow
}

// particle -1
sphere {
	<27.342722, 36.033714, 30.595327> 0.100000
	pigment { color rgbt <1,0,0,0> }
	no_shadow
}
sphere {
	0, 1
	scale<0.080000,0.200000,0.300000>
	matrix <0.277676, 0.537135, -0.796481,
		0.016685, 0.826264, 0.563036,
		0.960530, -0.169631, 0.220472,
		27.630880, 35.982826, 30.661469>
	pigment { color rgbt <0,1,1,0> }
	no_shadow
}
cylinder {
	<27.237686, 36.733784, 30.406096>,  <26.958509, 36.101566, 30.507139>, 0.130000
	pigment { color rgbt <1,0,0,0> }
	no_shadow
}

// nucleotide -1

// particle -1
sphere {
	<27.237686, 36.733784, 30.406096> 0.250000
	pigment { color rgbt <1,0,0,0> }
	no_shadow
}
cylinder {
	<27.551586, 36.487072, 30.430605>,  <27.739925, 36.339046, 30.445311>, 0.100000
	pigment { color rgbt <1,0,0,0> }
	no_shadow
}
cylinder {
	<27.551586, 36.487072, 30.430605>,  <27.237686, 36.733784, 30.406096>, 0.100000
	pigment { color rgbt <1,0,0,0> }
	no_shadow
}

// particle -1
sphere {
	<27.551586, 36.487072, 30.430605> 0.100000
	pigment { color rgbt <1,0,0,0> }
	no_shadow
}
sphere {
	0, 1
	scale<0.080000,0.200000,0.300000>
	matrix <0.382054, 0.403508, -0.831394,
		0.488063, 0.675844, 0.552295,
		0.784748, -0.616779, 0.061272,
		27.787010, 36.302040, 30.448986>
	pigment { color rgbt <0,1,1,0> }
	no_shadow
}
cylinder {
	<27.894260, 37.132660, 30.423962>,  <27.237686, 36.733784, 30.406096>, 0.130000
	pigment { color rgbt <1,0,0,0> }
	no_shadow
}

// nucleotide -1

// particle -1
sphere {
	<27.894260, 37.132660, 30.423962> 0.250000
	pigment { color rgbt <1,0,0,0> }
	no_shadow
}
cylinder {
	<27.996435, 36.773315, 30.281021>,  <28.057739, 36.557709, 30.195257>, 0.100000
	pigment { color rgbt <1,0,0,0> }
	no_shadow
}
cylinder {
	<27.996435, 36.773315, 30.281021>,  <27.894260, 37.132660, 30.423962>, 0.100000
	pigment { color rgbt <1,0,0,0> }
	no_shadow
}

// particle -1
sphere {
	<27.996435, 36.773315, 30.281021> 0.100000
	pigment { color rgbt <1,0,0,0> }
	no_shadow
}
sphere {
	0, 1
	scale<0.080000,0.200000,0.300000>
	matrix <0.525148, 0.439257, -0.728885,
		0.811771, -0.001480, 0.583974,
		0.255436, -0.898360, -0.357353,
		28.073067, 36.503807, 30.173815>
	pigment { color rgbt <0,1,1,0> }
	no_shadow
}
cylinder {
	<28.632248, 37.101543, 30.378950>,  <27.894260, 37.132660, 30.423962>, 0.130000
	pigment { color rgbt <1,0,0,0> }
	no_shadow
}

// nucleotide -1

// particle -1
sphere {
	<28.632248, 37.101543, 30.378950> 0.250000
	pigment { color rgbt <1,0,0,0> }
	no_shadow
}
cylinder {
	<28.504717, 36.809147, 30.137621>,  <28.428198, 36.633709, 29.992823>, 0.100000
	pigment { color rgbt <1,0,0,0> }
	no_shadow
}
cylinder {
	<28.504717, 36.809147, 30.137621>,  <28.632248, 37.101543, 30.378950>, 0.100000
	pigment { color rgbt <1,0,0,0> }
	no_shadow
}

// particle -1
sphere {
	<28.504717, 36.809147, 30.137621> 0.100000
	pigment { color rgbt <1,0,0,0> }
	no_shadow
}
sphere {
	0, 1
	scale<0.080000,0.200000,0.300000>
	matrix <0.366524, 0.491932, -0.789723,
		0.874076, -0.472919, 0.111085,
		-0.318828, -0.730993, -0.603322,
		28.409069, 36.589848, 29.956625>
	pigment { color rgbt <0,1,1,0> }
	no_shadow
}
cylinder {
	<29.242804, 36.980019, 29.849346>,  <28.632248, 37.101543, 30.378950>, 0.130000
	pigment { color rgbt <1,0,0,0> }
	no_shadow
}

// nucleotide -1

// particle -1
sphere {
	<29.242804, 36.980019, 29.849346> 0.250000
	pigment { color rgbt <1,0,0,0> }
	no_shadow
}
cylinder {
	<28.914251, 36.826332, 29.680723>,  <28.717119, 36.734119, 29.579550>, 0.100000
	pigment { color rgbt <1,0,0,0> }
	no_shadow
}
cylinder {
	<28.914251, 36.826332, 29.680723>,  <29.242804, 36.980019, 29.849346>, 0.100000
	pigment { color rgbt <1,0,0,0> }
	no_shadow
}

// particle -1
sphere {
	<28.914251, 36.826332, 29.680723> 0.100000
	pigment { color rgbt <1,0,0,0> }
	no_shadow
}
sphere {
	0, 1
	scale<0.080000,0.200000,0.300000>
	matrix <0.306859, 0.325340, -0.894422,
		0.480803, -0.864019, -0.149328,
		-0.821381, -0.384219, -0.421556,
		28.667837, 36.711067, 29.554256>
	pigment { color rgbt <0,1,1,0> }
	no_shadow
}
cylinder {
	<29.547316, 36.450054, 29.354034>,  <29.242804, 36.980019, 29.849346>, 0.130000
	pigment { color rgbt <1,0,0,0> }
	no_shadow
}

// nucleotide -1

// particle -1
sphere {
	<29.547316, 36.450054, 29.354034> 0.250000
	pigment { color rgbt <1,0,0,0> }
	no_shadow
}
cylinder {
	<29.178865, 36.543522, 29.229502>,  <28.957796, 36.599602, 29.154781>, 0.100000
	pigment { color rgbt <1,0,0,0> }
	no_shadow
}
cylinder {
	<29.178865, 36.543522, 29.229502>,  <29.547316, 36.450054, 29.354034>, 0.100000
	pigment { color rgbt <1,0,0,0> }
	no_shadow
}

// particle -1
sphere {
	<29.178865, 36.543522, 29.229502> 0.100000
	pigment { color rgbt <1,0,0,0> }
	no_shadow
}
sphere {
	0, 1
	scale<0.080000,0.200000,0.300000>
	matrix <0.347077, 0.130863, -0.928662,
		-0.176261, -0.963469, -0.201643,
		-0.921124, 0.233672, -0.311332,
		28.902529, 36.613625, 29.136103>
	pigment { color rgbt <0,1,1,0> }
	no_shadow
}
cylinder {
	<29.589018, 36.101845, 28.775003>,  <29.547316, 36.450054, 29.354034>, 0.130000
	pigment { color rgbt <1,0,0,0> }
	no_shadow
}

// nucleotide -1

// particle -1
sphere {
	<29.589018, 36.101845, 28.775003> 0.250000
	pigment { color rgbt <1,0,0,0> }
	no_shadow
}
cylinder {
	<29.295584, 36.371780, 28.742874>,  <29.119524, 36.533741, 28.723597>, 0.100000
	pigment { color rgbt <1,0,0,0> }
	no_shadow
}
cylinder {
	<29.295584, 36.371780, 28.742874>,  <29.589018, 36.101845, 28.775003>, 0.100000
	pigment { color rgbt <1,0,0,0> }
	no_shadow
}

// particle -1
sphere {
	<29.295584, 36.371780, 28.742874> 0.100000
	pigment { color rgbt <1,0,0,0> }
	no_shadow
}
sphere {
	0, 1
	scale<0.080000,0.200000,0.300000>
	matrix <0.409613, 0.344743, -0.844612,
		-0.542283, -0.652496, -0.529319,
		-0.733585, 0.674835, -0.080323,
		29.075508, 36.574230, 28.718777>
	pigment { color rgbt <0,1,1,0> }
	no_shadow
}
cylinder {
	<29.350674, 35.933968, 28.073526>,  <29.589018, 36.101845, 28.775003>, 0.130000
	pigment { color rgbt <1,0,0,0> }
	no_shadow
}

// nucleotide -1

// particle -1
sphere {
	<29.350674, 35.933968, 28.073526> 0.250000
	pigment { color rgbt <1,0,0,0> }
	no_shadow
}
cylinder {
	<29.230961, 36.311111, 28.132101>,  <29.159132, 36.537399, 28.167246>, 0.100000
	pigment { color rgbt <1,0,0,0> }
	no_shadow
}
cylinder {
	<29.230961, 36.311111, 28.132101>,  <29.350674, 35.933968, 28.073526>, 0.100000
	pigment { color rgbt <1,0,0,0> }
	no_shadow
}

// particle -1
sphere {
	<29.230961, 36.311111, 28.132101> 0.100000
	pigment { color rgbt <1,0,0,0> }
	no_shadow
}
sphere {
	0, 1
	scale<0.080000,0.200000,0.300000>
	matrix <0.172392, 0.204378, -0.963593,
		-0.938461, -0.263144, -0.223709,
		-0.299284, 0.942860, 0.146437,
		29.141176, 36.593971, 28.176031>
	pigment { color rgbt <0,1,1,0> }
	no_shadow
}
cylinder {
	<28.999395, 36.040871, 27.502497>,  <29.350674, 35.933968, 28.073526>, 0.130000
	pigment { color rgbt <1,0,0,0> }
	no_shadow
}

// nucleotide -1

// particle -1
sphere {
	<28.999395, 36.040871, 27.502497> 0.250000
	pigment { color rgbt <1,0,0,0> }
	no_shadow
}
cylinder {
	<29.031269, 36.411392, 27.649801>,  <29.050392, 36.633705, 27.738184>, 0.100000
	pigment { color rgbt <1,0,0,0> }
	no_shadow
}
cylinder {
	<29.031269, 36.411392, 27.649801>,  <28.999395, 36.040871, 27.502497>, 0.100000
	pigment { color rgbt <1,0,0,0> }
	no_shadow
}

// particle -1
sphere {
	<29.031269, 36.411392, 27.649801> 0.100000
	pigment { color rgbt <1,0,0,0> }
	no_shadow
}
sphere {
	0, 1
	scale<0.080000,0.200000,0.300000>
	matrix <0.157682, 0.353071, -0.922213,
		-0.984270, 0.131553, -0.117927,
		0.079683, 0.926302, 0.368261,
		29.055174, 36.689281, 27.760279>
	pigment { color rgbt <0,1,1,0> }
	no_shadow
}
cylinder {
	<28.622112, 36.556164, 27.086411>,  <28.999395, 36.040871, 27.502497>, 0.130000
	pigment { color rgbt <1,0,0,0> }
	no_shadow
}

// nucleotide -1

// particle -1
sphere {
	<28.622112, 36.556164, 27.086411> 0.250000
	pigment { color rgbt <1,0,0,0> }
	no_shadow
}
cylinder {
	<28.889132, 36.790421, 27.270323>,  <29.049343, 36.930977, 27.380671>, 0.100000
	pigment { color rgbt <1,0,0,0> }
	no_shadow
}
cylinder {
	<28.889132, 36.790421, 27.270323>,  <28.622112, 36.556164, 27.086411>, 0.100000
	pigment { color rgbt <1,0,0,0> }
	no_shadow
}

// particle -1
sphere {
	<28.889132, 36.790421, 27.270323> 0.100000
	pigment { color rgbt <1,0,0,0> }
	no_shadow
}
sphere {
	0, 1
	scale<0.080000,0.200000,0.300000>
	matrix <0.238856, 0.416437, -0.877228,
		-0.705214, 0.695414, 0.138107,
		0.667549, 0.585645, 0.459780,
		29.089396, 36.966114, 27.408257>
	pigment { color rgbt <0,1,1,0> }
	no_shadow
}
cylinder {
	<28.520224, 37.114731, 26.780672>,  <28.622112, 36.556164, 27.086411>, 0.130000
	pigment { color rgbt <1,0,0,0> }
	no_shadow
}

// nucleotide -1

// particle -1
sphere {
	<28.520224, 37.114731, 26.780672> 0.250000
	pigment { color rgbt <1,0,0,0> }
	no_shadow
}
cylinder {
	<28.884806, 37.160244, 26.938812>,  <29.103556, 37.187553, 27.033697>, 0.100000
	pigment { color rgbt <1,0,0,0> }
	no_shadow
}
cylinder {
	<28.884806, 37.160244, 26.938812>,  <28.520224, 37.114731, 26.780672>, 0.100000
	pigment { color rgbt <1,0,0,0> }
	no_shadow
}

// particle -1
sphere {
	<28.884806, 37.160244, 26.938812> 0.100000
	pigment { color rgbt <1,0,0,0> }
	no_shadow
}
sphere {
	0, 1
	scale<0.080000,0.200000,0.300000>
	matrix <0.369432, 0.196477, -0.908250,
		-0.181023, 0.973884, 0.137044,
		0.911456, 0.113786, 0.395350,
		29.158243, 37.194378, 27.057417>
	pigment { color rgbt <0,1,1,0> }
	no_shadow
}
cylinder {
	<28.956388, 37.768528, 26.778116>,  <28.520224, 37.114731, 26.780672>, 0.130000
	pigment { color rgbt <1,0,0,0> }
	no_shadow
}

// nucleotide -1

// particle -1
sphere {
	<28.956388, 37.768528, 26.778116> 0.250000
	pigment { color rgbt <1,0,0,0> }
	no_shadow
}
cylinder {
	<29.204021, 37.457268, 26.735750>,  <29.352602, 37.270512, 26.710331>, 0.100000
	pigment { color rgbt <1,0,0,0> }
	no_shadow
}
cylinder {
	<29.204021, 37.457268, 26.735750>,  <28.956388, 37.768528, 26.778116>, 0.100000
	pigment { color rgbt <1,0,0,0> }
	no_shadow
}

// particle -1
sphere {
	<29.204021, 37.457268, 26.735750> 0.100000
	pigment { color rgbt <1,0,0,0> }
	no_shadow
}
sphere {
	0, 1
	scale<0.080000,0.200000,0.300000>
	matrix <0.301790, 0.360245, -0.882693,
		0.725022, 0.514497, 0.457860,
		0.619084, -0.778149, -0.105915,
		29.389748, 37.223824, 26.703976>
	pigment { color rgbt <0,1,1,0> }
	no_shadow
}
cylinder {
	<29.675331, 37.900032, 26.740042>,  <28.956388, 37.768528, 26.778116>, 0.130000
	pigment { color rgbt <1,0,0,0> }
	no_shadow
}

// nucleotide -1

// particle -1
sphere {
	<29.675331, 37.900032, 26.740042> 0.250000
	pigment { color rgbt <1,0,0,0> }
	no_shadow
}
cylinder {
	<29.602943, 37.561398, 26.539825>,  <29.559511, 37.358215, 26.419697>, 0.100000
	pigment { color rgbt <1,0,0,0> }
	no_shadow
}
cylinder {
	<29.602943, 37.561398, 26.539825>,  <29.675331, 37.900032, 26.740042>, 0.100000
	pigment { color rgbt <1,0,0,0> }
	no_shadow
}

// particle -1
sphere {
	<29.602943, 37.561398, 26.539825> 0.100000
	pigment { color rgbt <1,0,0,0> }
	no_shadow
}
sphere {
	0, 1
	scale<0.080000,0.200000,0.300000>
	matrix <0.297049, 0.438123, -0.848416,
		0.937557, -0.302220, 0.172192,
		-0.180967, -0.846588, -0.500540,
		29.548653, 37.307423, 26.389664>
	pigment { color rgbt <0,1,1,0> }
	no_shadow
}
cylinder {
	<30.241583, 37.876766, 26.247877>,  <29.675331, 37.900032, 26.740042>, 0.130000
	pigment { color rgbt <1,0,0,0> }
	no_shadow
}

// nucleotide -1

// particle -1
sphere {
	<30.241583, 37.876766, 26.247877> 0.250000
	pigment { color rgbt <1,0,0,0> }
	no_shadow
}
cylinder {
	<29.913498, 37.676620, 26.136965>,  <29.716646, 37.556534, 26.070417>, 0.100000
	pigment { color rgbt <1,0,0,0> }
	no_shadow
}
cylinder {
	<29.913498, 37.676620, 26.136965>,  <30.241583, 37.876766, 26.247877>, 0.100000
	pigment { color rgbt <1,0,0,0> }
	no_shadow
}

// particle -1
sphere {
	<29.913498, 37.676620, 26.136965> 0.100000
	pigment { color rgbt <1,0,0,0> }
	no_shadow
}
sphere {
	0, 1
	scale<0.080000,0.200000,0.300000>
	matrix <0.089655, 0.366277, -0.926177,
		0.564990, -0.784521, -0.255565,
		-0.820213, -0.500368, -0.277279,
		29.667435, 37.526512, 26.053782>
	pigment { color rgbt <0,1,1,0> }
	no_shadow
}
cylinder {
	<30.392336, 37.546322, 25.619822>,  <30.241583, 37.876766, 26.247877>, 0.130000
	pigment { color rgbt <1,0,0,0> }
	no_shadow
}

// nucleotide -1

// particle -1
sphere {
	<30.392336, 37.546322, 25.619822> 0.250000
	pigment { color rgbt <1,0,0,0> }
	no_shadow
}
cylinder {
	<29.998009, 37.612309, 25.632179>,  <29.761414, 37.651901, 25.639595>, 0.100000
	pigment { color rgbt <1,0,0,0> }
	no_shadow
}
cylinder {
	<29.998009, 37.612309, 25.632179>,  <30.392336, 37.546322, 25.619822>, 0.100000
	pigment { color rgbt <1,0,0,0> }
	no_shadow
}

// particle -1
sphere {
	<29.998009, 37.612309, 25.632179> 0.100000
	pigment { color rgbt <1,0,0,0> }
	no_shadow
}
sphere {
	0, 1
	scale<0.080000,0.200000,0.300000>
	matrix <0.052366, 0.477227, -0.877218,
		-0.159454, -0.863157, -0.479097,
		-0.985815, 0.164964, 0.030895,
		29.702265, 37.661797, 25.641447>
	pigment { color rgbt <0,1,1,0> }
	no_shadow
}
cylinder {
	<29.942482, 37.302864, 25.006411>,  <30.392336, 37.546322, 25.619822>, 0.130000
	pigment { color rgbt <1,0,0,0> }
	no_shadow
}

// nucleotide -1

// particle -1
sphere {
	<29.942482, 37.302864, 25.006411> 0.250000
	pigment { color rgbt <1,0,0,0> }
	no_shadow
}
cylinder {
	<29.765467, 37.610218, 25.191339>,  <29.659258, 37.794632, 25.302298>, 0.100000
	pigment { color rgbt <1,0,0,0> }
	no_shadow
}
cylinder {
	<29.765467, 37.610218, 25.191339>,  <29.942482, 37.302864, 25.006411>, 0.100000
	pigment { color rgbt <1,0,0,0> }
	no_shadow
}

// particle -1
sphere {
	<29.765467, 37.610218, 25.191339> 0.100000
	pigment { color rgbt <1,0,0,0> }
	no_shadow
}
sphere {
	0, 1
	scale<0.080000,0.200000,0.300000>
	matrix <-0.026105, 0.504296, -0.863136,
		-0.896370, -0.394039, -0.203111,
		-0.442537, 0.768387, 0.462322,
		29.632706, 37.840733, 25.330036>
	pigment { color rgbt <0,1,1,0> }
	no_shadow
}
cylinder {
	<29.252924, 37.378586, 24.792530>,  <29.942482, 37.302864, 25.006411>, 0.130000
	pigment { color rgbt <1,0,0,0> }
	no_shadow
}

// nucleotide -1

// particle -1
sphere {
	<29.252924, 37.378586, 24.792530> 0.250000
	pigment { color rgbt <1,0,0,0> }
	no_shadow
}
cylinder {
	<29.422699, 37.728088, 24.887531>,  <29.524565, 37.937790, 24.944532>, 0.100000
	pigment { color rgbt <1,0,0,0> }
	no_shadow
}
cylinder {
	<29.422699, 37.728088, 24.887531>,  <29.252924, 37.378586, 24.792530>, 0.100000
	pigment { color rgbt <1,0,0,0> }
	no_shadow
}

// particle -1
sphere {
	<29.422699, 37.728088, 24.887531> 0.100000
	pigment { color rgbt <1,0,0,0> }
	no_shadow
}
sphere {
	0, 1
	scale<0.080000,0.200000,0.300000>
	matrix <0.017360, 0.254403, -0.966942,
		-0.905290, 0.414531, 0.092810,
		0.424438, 0.873753, 0.237505,
		29.550030, 37.990215, 24.958782>
	pigment { color rgbt <0,1,1,0> }
	no_shadow
}
cylinder {
	<29.311798, 36.696503, 24.528339>,  <29.252924, 37.378586, 24.792530>, 0.130000
	pigment { color rgbt <1,0,0,0> }
	no_shadow
}

// nucleotide -1

// particle -1
sphere {
	<29.311798, 36.696503, 24.528339> 0.250000
	pigment { color rgbt <1,0,0,0> }
	no_shadow
}
cylinder {
	<29.016443, 36.847466, 24.751892>,  <28.839231, 36.938046, 24.886024>, 0.100000
	pigment { color rgbt <1,0,0,0> }
	no_shadow
}
cylinder {
	<29.016443, 36.847466, 24.751892>,  <29.311798, 36.696503, 24.528339>, 0.100000
	pigment { color rgbt <1,0,0,0> }
	no_shadow
}

// particle -1
sphere {
	<29.016443, 36.847466, 24.751892> 0.100000
	pigment { color rgbt <1,0,0,0> }
	no_shadow
}
sphere {
	0, 1
	scale<0.080000,0.200000,0.300000>
	matrix <-0.354789, -0.922176, 0.154002,
		0.573509, -0.084572, 0.814822,
		-0.738385, 0.377411, 0.558881,
		28.794928, 36.960690, 24.919556>
	pigment { color rgbt <0,1,1,0> }
	no_shadow
}
cylinder {
	<29.149628, 36.269035, 25.155798>,  <29.311798, 36.696503, 24.528339>, 0.130000
	pigment { color rgbt <1,0,0,0> }
	no_shadow
}

// nucleotide -1

// particle -1
sphere {
	<29.149628, 36.269035, 25.155798> 0.250000
	pigment { color rgbt <1,0,0,0> }
	no_shadow
}
cylinder {
	<28.828373, 36.448868, 24.999414>,  <28.635620, 36.556767, 24.905584>, 0.100000
	pigment { color rgbt <1,0,0,0> }
	no_shadow
}
cylinder {
	<28.828373, 36.448868, 24.999414>,  <29.149628, 36.269035, 25.155798>, 0.100000
	pigment { color rgbt <1,0,0,0> }
	no_shadow
}

// particle -1
sphere {
	<28.828373, 36.448868, 24.999414> 0.100000
	pigment { color rgbt <1,0,0,0> }
	no_shadow
}
sphere {
	0, 1
	scale<0.080000,0.200000,0.300000>
	matrix <-0.554874, -0.803405, 0.215997,
		-0.216990, 0.390408, 0.894705,
		-0.803138, 0.449579, -0.390959,
		28.587431, 36.583740, 24.882126>
	pigment { color rgbt <0,1,1,0> }
	no_shadow
}
cylinder {
	<28.556633, 36.556965, 25.660767>,  <29.149628, 36.269035, 25.155798>, 0.130000
	pigment { color rgbt <1,0,0,0> }
	no_shadow
}

// nucleotide -1

// particle -1
sphere {
	<28.556633, 36.556965, 25.660767> 0.250000
	pigment { color rgbt <1,0,0,0> }
	no_shadow
}
cylinder {
	<28.449343, 36.412319, 25.303602>,  <28.384968, 36.325531, 25.089304>, 0.100000
	pigment { color rgbt <1,0,0,0> }
	no_shadow
}
cylinder {
	<28.449343, 36.412319, 25.303602>,  <28.556633, 36.556965, 25.660767>, 0.100000
	pigment { color rgbt <1,0,0,0> }
	no_shadow
}

// particle -1
sphere {
	<28.449343, 36.412319, 25.303602> 0.100000
	pigment { color rgbt <1,0,0,0> }
	no_shadow
}
sphere {
	0, 1
	scale<0.080000,0.200000,0.300000>
	matrix <-0.323641, -0.839181, 0.437073,
		-0.907365, 0.406216, 0.108056,
		-0.268225, -0.361613, -0.892912,
		28.368876, 36.303837, 25.035728>
	pigment { color rgbt <0,1,1,0> }
	no_shadow
}
cylinder {
	<27.819220, 36.516491, 25.564022>,  <28.556633, 36.556965, 25.660767>, 0.130000
	pigment { color rgbt <1,0,0,0> }
	no_shadow
}

// nucleotide -1

// particle -1
sphere {
	<27.819220, 36.516491, 25.564022> 0.250000
	pigment { color rgbt <1,0,0,0> }
	no_shadow
}
cylinder {
	<27.994408, 36.227657, 25.349817>,  <28.099520, 36.054356, 25.221294>, 0.100000
	pigment { color rgbt <1,0,0,0> }
	no_shadow
}
cylinder {
	<27.994408, 36.227657, 25.349817>,  <27.819220, 36.516491, 25.564022>, 0.100000
	pigment { color rgbt <1,0,0,0> }
	no_shadow
}

// particle -1
sphere {
	<27.994408, 36.227657, 25.349817> 0.100000
	pigment { color rgbt <1,0,0,0> }
	no_shadow
}
sphere {
	0, 1
	scale<0.080000,0.200000,0.300000>
	matrix <-0.398643, -0.689910, 0.604242,
		-0.805772, -0.051159, -0.590013,
		0.437968, -0.722085, -0.535516,
		28.125799, 36.011032, 25.189163>
	pigment { color rgbt <0,1,1,0> }
	no_shadow
}
cylinder {
	<27.355223, 36.076061, 25.547651>,  <27.819220, 36.516491, 25.564022>, 0.130000
	pigment { color rgbt <1,0,0,0> }
	no_shadow
}

// nucleotide -1

// particle -1
sphere {
	<27.355223, 36.076061, 25.547651> 0.250000
	pigment { color rgbt <1,0,0,0> }
	no_shadow
}
cylinder {
	<27.673792, 35.861504, 25.435940>,  <27.864933, 35.732769, 25.368914>, 0.100000
	pigment { color rgbt <1,0,0,0> }
	no_shadow
}
cylinder {
	<27.673792, 35.861504, 25.435940>,  <27.355223, 36.076061, 25.547651>, 0.100000
	pigment { color rgbt <1,0,0,0> }
	no_shadow
}

// particle -1
sphere {
	<27.673792, 35.861504, 25.435940> 0.100000
	pigment { color rgbt <1,0,0,0> }
	no_shadow
}
sphere {
	0, 1
	scale<0.080000,0.200000,0.300000>
	matrix <-0.379670, -0.802953, 0.459475,
		-0.470705, -0.259903, -0.843142,
		0.796422, -0.536393, -0.279277,
		27.912718, 35.700584, 25.352158>
	pigment { color rgbt <0,1,1,0> }
	no_shadow
}
cylinder {
	<27.128559, 35.408783, 25.290863>,  <27.355223, 36.076061, 25.547651>, 0.130000
	pigment { color rgbt <1,0,0,0> }
	no_shadow
}

// nucleotide -1

// particle -1
sphere {
	<27.128559, 35.408783, 25.290863> 0.250000
	pigment { color rgbt <1,0,0,0> }
	no_shadow
}
cylinder {
	<27.502190, 35.357437, 25.424145>,  <27.726368, 35.326630, 25.504114>, 0.100000
	pigment { color rgbt <1,0,0,0> }
	no_shadow
}
cylinder {
	<27.502190, 35.357437, 25.424145>,  <27.128559, 35.408783, 25.290863>, 0.100000
	pigment { color rgbt <1,0,0,0> }
	no_shadow
}

// particle -1
sphere {
	<27.502190, 35.357437, 25.424145> 0.100000
	pigment { color rgbt <1,0,0,0> }
	no_shadow
}
sphere {
	0, 1
	scale<0.080000,0.200000,0.300000>
	matrix <-0.300777, -0.785775, 0.540455,
		0.192450, -0.605046, -0.772581,
		0.934075, -0.128364, 0.333206,
		27.782412, 35.318928, 25.524107>
	pigment { color rgbt <0,1,1,0> }
	no_shadow
}
cylinder {
	<27.382757, 34.715801, 25.120411>,  <27.128559, 35.408783, 25.290863>, 0.130000
	pigment { color rgbt <1,0,0,0> }
	no_shadow
}

// nucleotide -1

// particle -1
sphere {
	<27.382757, 34.715801, 25.120411> 0.250000
	pigment { color rgbt <1,0,0,0> }
	no_shadow
}
cylinder {
	<27.590960, 34.847805, 25.435413>,  <27.715881, 34.927010, 25.624414>, 0.100000
	pigment { color rgbt <1,0,0,0> }
	no_shadow
}
cylinder {
	<27.590960, 34.847805, 25.435413>,  <27.382757, 34.715801, 25.120411>, 0.100000
	pigment { color rgbt <1,0,0,0> }
	no_shadow
}

// particle -1
sphere {
	<27.590960, 34.847805, 25.435413> 0.100000
	pigment { color rgbt <1,0,0,0> }
	no_shadow
}
sphere {
	0, 1
	scale<0.080000,0.200000,0.300000>
	matrix <-0.337985, -0.767330, 0.544951,
		0.784116, -0.549816, -0.287862,
		0.520508, 0.330012, 0.787505,
		27.747112, 34.946808, 25.671665>
	pigment { color rgbt <0,1,1,0> }
	no_shadow
}
cylinder {
	<27.519161, 34.127777, 25.554611>,  <27.382757, 34.715801, 25.120411>, 0.130000
	pigment { color rgbt <1,0,0,0> }
	no_shadow
}

// nucleotide -1

// particle -1
sphere {
	<27.519161, 34.127777, 25.554611> 0.250000
	pigment { color rgbt <1,0,0,0> }
	no_shadow
}
cylinder {
	<27.633440, 34.400833, 25.823650>,  <27.702007, 34.564667, 25.985073>, 0.100000
	pigment { color rgbt <1,0,0,0> }
	no_shadow
}
cylinder {
	<27.633440, 34.400833, 25.823650>,  <27.519161, 34.127777, 25.554611>, 0.100000
	pigment { color rgbt <1,0,0,0> }
	no_shadow
}

// particle -1
sphere {
	<27.633440, 34.400833, 25.823650> 0.100000
	pigment { color rgbt <1,0,0,0> }
	no_shadow
}
sphere {
	0, 1
	scale<0.080000,0.200000,0.300000>
	matrix <-0.244941, -0.626522, 0.739915,
		0.926489, -0.376136, -0.011789,
		0.285695, 0.682636, 0.672597,
		27.719149, 34.605625, 26.025429>
	pigment { color rgbt <0,1,1,0> }
	no_shadow
}
cylinder {
	<28.005892, 33.773411, 25.986828>,  <27.519161, 34.127777, 25.554611>, 0.130000
	pigment { color rgbt <1,0,0,0> }
	no_shadow
}

// nucleotide -1

// particle -1
sphere {
	<28.005892, 33.773411, 25.986828> 0.250000
	pigment { color rgbt <1,0,0,0> }
	no_shadow
}
cylinder {
	<27.840256, 34.092876, 26.161489>,  <27.740875, 34.284557, 26.266287>, 0.100000
	pigment { color rgbt <1,0,0,0> }
	no_shadow
}
cylinder {
	<27.840256, 34.092876, 26.161489>,  <28.005892, 33.773411, 25.986828>, 0.100000
	pigment { color rgbt <1,0,0,0> }
	no_shadow
}

// particle -1
sphere {
	<27.840256, 34.092876, 26.161489> 0.100000
	pigment { color rgbt <1,0,0,0> }
	no_shadow
}
sphere {
	0, 1
	scale<0.080000,0.200000,0.300000>
	matrix <-0.240856, -0.558755, 0.793588,
		0.877792, 0.223446, 0.423737,
		-0.414089, 0.798665, 0.436652,
		27.716028, 34.332478, 26.292484>
	pigment { color rgbt <0,1,1,0> }
	no_shadow
}
cylinder {
	<28.198721, 33.784798, 26.688749>,  <28.005892, 33.773411, 25.986828>, 0.130000
	pigment { color rgbt <1,0,0,0> }
	no_shadow
}

// nucleotide -1

// particle -1
sphere {
	<28.198721, 33.784798, 26.688749> 0.250000
	pigment { color rgbt <1,0,0,0> }
	no_shadow
}
cylinder {
	<27.889709, 34.037666, 26.712618>,  <27.704302, 34.189388, 26.726938>, 0.100000
	pigment { color rgbt <1,0,0,0> }
	no_shadow
}
cylinder {
	<27.889709, 34.037666, 26.712618>,  <28.198721, 33.784798, 26.688749>, 0.100000
	pigment { color rgbt <1,0,0,0> }
	no_shadow
}

// particle -1
sphere {
	<27.889709, 34.037666, 26.712618> 0.100000
	pigment { color rgbt <1,0,0,0> }
	no_shadow
}
sphere {
	0, 1
	scale<0.080000,0.200000,0.300000>
	matrix <-0.254903, -0.394820, 0.882690,
		0.581567, 0.666694, 0.466152,
		-0.772531, 0.632167, 0.059672,
		27.657949, 34.227318, 26.730520>
	pigment { color rgbt <0,1,1,0> }
	no_shadow
}
cylinder {
	<28.204805, 33.830399, 27.418282>,  <28.198721, 33.784798, 26.688749>, 0.130000
	pigment { color rgbt <1,0,0,0> }
	no_shadow
}

// nucleotide -1

// particle -1
sphere {
	<28.204805, 33.830399, 27.418282> 0.250000
	pigment { color rgbt <1,0,0,0> }
	no_shadow
}
cylinder {
	<27.861824, 33.975983, 27.272787>,  <27.656034, 34.063332, 27.185490>, 0.100000
	pigment { color rgbt <1,0,0,0> }
	no_shadow
}
cylinder {
	<27.861824, 33.975983, 27.272787>,  <28.204805, 33.830399, 27.418282>, 0.100000
	pigment { color rgbt <1,0,0,0> }
	no_shadow
}

// particle -1
sphere {
	<27.861824, 33.975983, 27.272787> 0.100000
	pigment { color rgbt <1,0,0,0> }
	no_shadow
}
sphere {
	0, 1
	scale<0.080000,0.200000,0.300000>
	matrix <-0.492747, -0.377152, 0.784192,
		0.148230, 0.851640, 0.502730,
		-0.857455, 0.363959, -0.363738,
		27.604588, 34.085171, 27.163666>
	pigment { color rgbt <0,1,1,0> }
	no_shadow
}
cylinder {
	<27.882502, 34.214958, 27.956263>,  <28.204805, 33.830399, 27.418282>, 0.130000
	pigment { color rgbt <1,0,0,0> }
	no_shadow
}

// nucleotide -1

// particle -1
sphere {
	<27.882502, 34.214958, 27.956263> 0.250000
	pigment { color rgbt <1,0,0,0> }
	no_shadow
}
cylinder {
	<27.591139, 34.083412, 27.715839>,  <27.416321, 34.004486, 27.571585>, 0.100000
	pigment { color rgbt <1,0,0,0> }
	no_shadow
}
cylinder {
	<27.591139, 34.083412, 27.715839>,  <27.882502, 34.214958, 27.956263>, 0.100000
	pigment { color rgbt <1,0,0,0> }
	no_shadow
}

// particle -1
sphere {
	<27.591139, 34.083412, 27.715839> 0.100000
	pigment { color rgbt <1,0,0,0> }
	no_shadow
}
sphere {
	0, 1
	scale<0.080000,0.200000,0.300000>
	matrix <-0.508878, -0.327732, 0.796012,
