// switches for output
#declare DRAW_BASES = 1; // possible values are 0, 1; only relevant for DNA ribbons
#declare DRAW_BASES_TYPE = 3; // possible values are 1, 2, 3; only relevant for DNA ribbons
#declare DRAW_FOG = 0; // set to 1 to enable fog

#include "colors.inc"

#include "transforms.inc"
background { rgb <1, 1, 1>}

#default {
   normal{
       ripples 0.25
       frequency 0.20
       turbulence 0.2
       lambda 5
   }
	finish {
		phong 0.1
		phong_size 40.
	}
}

// original window dimensions: 1024x640


// camera settings

camera {
	sky <0, 0.179814, -0.983701>
	up <0, 0.179814, -0.983701>
	right 1.6 * <1, 0, 0>
	location <35, 94.9851, 44.8844>
	look_at <35, 29.7336, 32.9568>
	direction <0, -65.2515, -11.9276>
	angle 67.0682
}


# declare cpy_camera_pos = <35, 94.9851, 44.8844>;
# if (DRAW_FOG = 1)
fog {
	fog_type 2
	up vnormalize(cpy_camera_pos)
	color rgbt<1,1,1,0.3>
	distance 1e-5
	fog_alt 3e-3
	fog_offset 56
}
# end


// LIGHTS

# declare lum = 6;
global_settings {
	ambient_light rgb lum * <0.05, 0.05, 0.05>
	max_trace_level 15
}# declare cpy_direct_light_amount = 0.25;
light_source
{	1000 * <-1, -1.16352, -0.803886>,
	rgb lum * cpy_direct_light_amount
	parallel
}

light_source
{	1000 * <1, 1.16352, 0.803886>,
	rgb lum * cpy_direct_light_amount
	parallel
}

// strand 0

// nucleotide -1

// particle -1
sphere {
	<24.380829, 34.736671, 34.947205> 0.250000
	pigment { color rgbt <1,0,0,0> }
	no_shadow
}
cylinder {
	<24.029343, 34.911037, 35.025009>,  <23.818451, 35.015656, 35.071693>, 0.100000
	pigment { color rgbt <1,0,0,0> }
	no_shadow
}
cylinder {
	<24.029343, 34.911037, 35.025009>,  <24.380829, 34.736671, 34.947205>, 0.100000
	pigment { color rgbt <1,0,0,0> }
	no_shadow
}

// particle -1
sphere {
	<24.029343, 34.911037, 35.025009> 0.100000
	pigment { color rgbt <1,0,0,0> }
	no_shadow
}
sphere {
	0, 1
	scale<0.080000,0.200000,0.300000>
	matrix <0.440252, 0.897587, -0.022692,
		-0.184483, 0.065695, -0.980638,
		-0.878717, 0.435914, 0.194512,
		23.765728, 35.041813, 35.083363>
	pigment { color rgbt <0,1,1,0> }
	no_shadow
}
cylinder {
	<25.121304, 35.047813, 35.095570>,  <24.380829, 34.736671, 34.947205>, 0.130000
	pigment { color rgbt <1,0,0,0> }
	no_shadow
}

// nucleotide -1

// particle -1
sphere {
	<25.121304, 35.047813, 35.095570> 0.250000
	pigment { color rgbt <1,0,0,0> }
	no_shadow
}
cylinder {
	<25.195316, 34.785149, 34.803116>,  <25.239723, 34.627552, 34.627644>, 0.100000
	pigment { color rgbt <1,0,0,0> }
	no_shadow
}
cylinder {
	<25.195316, 34.785149, 34.803116>,  <25.121304, 35.047813, 35.095570>, 0.100000
	pigment { color rgbt <1,0,0,0> }
	no_shadow
}

// particle -1
sphere {
	<25.195316, 34.785149, 34.803116> 0.100000
	pigment { color rgbt <1,0,0,0> }
	no_shadow
}
sphere {
	0, 1
	scale<0.080000,0.200000,0.300000>
	matrix <-0.102963, 0.726936, -0.678942,
		0.977324, 0.200906, 0.066896,
		0.185033, -0.656659, -0.731138,
		25.250826, 34.588150, 34.583775>
	pigment { color rgbt <0,1,1,0> }
	no_shadow
}
cylinder {
	<25.773386, 35.174137, 34.858734>,  <25.121304, 35.047813, 35.095570>, 0.130000
	pigment { color rgbt <1,0,0,0> }
	no_shadow
}

// nucleotide -1

// particle -1
sphere {
	<25.773386, 35.174137, 34.858734> 0.250000
	pigment { color rgbt <1,0,0,0> }
	no_shadow
}
cylinder {
	<25.471272, 35.036057, 34.635887>,  <25.290003, 34.953209, 34.502178>, 0.100000
	pigment { color rgbt <1,0,0,0> }
	no_shadow
}
cylinder {
	<25.471272, 35.036057, 34.635887>,  <25.773386, 35.174137, 34.858734>, 0.100000
	pigment { color rgbt <1,0,0,0> }
	no_shadow
}

// particle -1
sphere {
	<25.471272, 35.036057, 34.635887> 0.100000
	pigment { color rgbt <1,0,0,0> }
	no_shadow
}
sphere {
	0, 1
	scale<0.080000,0.200000,0.300000>
	matrix <0.014472, 0.841051, -0.540762,
		0.655235, -0.416492, -0.630239,
		-0.755286, -0.345206, -0.557114,
		25.244686, 34.932495, 34.468754>
	pigment { color rgbt <0,1,1,0> }
	no_shadow
}
cylinder {
	<25.937109, 35.300030, 34.188728>,  <25.773386, 35.174137, 34.858734>, 0.130000
	pigment { color rgbt <1,0,0,0> }
	no_shadow
}

// nucleotide -1

// particle -1
sphere {
	<25.937109, 35.300030, 34.188728> 0.250000
	pigment { color rgbt <1,0,0,0> }
	no_shadow
}
cylinder {
	<25.537373, 35.288132, 34.197090>,  <25.297531, 35.280994, 34.202106>, 0.100000
	pigment { color rgbt <1,0,0,0> }
	no_shadow
}
cylinder {
	<25.537373, 35.288132, 34.197090>,  <25.937109, 35.300030, 34.188728>, 0.100000
	pigment { color rgbt <1,0,0,0> }
	no_shadow
}

// particle -1
sphere {
	<25.537373, 35.288132, 34.197090> 0.100000
	pigment { color rgbt <1,0,0,0> }
	no_shadow
}
sphere {
	0, 1
	scale<0.080000,0.200000,0.300000>
	matrix <-0.036346, 0.830511, -0.555815,
		-0.000833, -0.556207, -0.831043,
		-0.999339, -0.029743, 0.020907,
		25.237572, 35.279209, 34.203362>
	pigment { color rgbt <0,1,1,0> }
	no_shadow
}
cylinder {
	<26.720039, 35.435364, 34.034843>,  <25.937109, 35.300030, 34.188728>, 0.130000
	pigment { color rgbt <1,0,0,0> }
	no_shadow
}

// nucleotide -1

// particle -1
sphere {
	<26.720039, 35.435364, 34.034843> 0.250000
	pigment { color rgbt <1,0,0,0> }
	no_shadow
}
cylinder {
	<26.935093, 35.531517, 33.711567>,  <27.064125, 35.589207, 33.517601>, 0.100000
	pigment { color rgbt <1,0,0,0> }
	no_shadow
}
cylinder {
	<26.935093, 35.531517, 33.711567>,  <26.720039, 35.435364, 34.034843>, 0.100000
	pigment { color rgbt <1,0,0,0> }
	no_shadow
}

// particle -1
sphere {
	<26.935093, 35.531517, 33.711567> 0.100000
	pigment { color rgbt <1,0,0,0> }
	no_shadow
}
sphere {
	0, 1
	scale<0.080000,0.200000,0.300000>
	matrix <0.725107, 0.357356, 0.588657,
		0.430311, -0.902505, 0.017827,
		0.537636, 0.240379, -0.808187,
		27.096384, 35.603630, 33.469112>
	pigment { color rgbt <0,1,1,0> }
	no_shadow
}
cylinder {
	<27.453127, 35.121391, 33.995415>,  <26.720039, 35.435364, 34.034843>, 0.130000
	pigment { color rgbt <1,0,0,0> }
	no_shadow
}

// nucleotide -1

// particle -1
sphere {
	<27.453127, 35.121391, 33.995415> 0.250000
	pigment { color rgbt <1,0,0,0> }
	no_shadow
}
cylinder {
	<27.409071, 35.488319, 33.842369>,  <27.382637, 35.708477, 33.750542>, 0.100000
	pigment { color rgbt <1,0,0,0> }
	no_shadow
}
cylinder {
	<27.409071, 35.488319, 33.842369>,  <27.453127, 35.121391, 33.995415>, 0.100000
	pigment { color rgbt <1,0,0,0> }
	no_shadow
}

// particle -1
sphere {
	<27.409071, 35.488319, 33.842369> 0.100000
	pigment { color rgbt <1,0,0,0> }
	no_shadow
}
sphere {
	0, 1
	scale<0.080000,0.200000,0.300000>
	matrix <0.576444, 0.372552, 0.727266,
		0.809679, -0.140454, -0.569817,
		-0.110140, 0.917321, -0.382612,
		27.376028, 35.763515, 33.727585>
	pigment { color rgbt <0,1,1,0> }
	no_shadow
}
cylinder {
	<28.199314, 35.014748, 33.833035>,  <27.453127, 35.121391, 33.995415>, 0.130000
	pigment { color rgbt <1,0,0,0> }
	no_shadow
}

// nucleotide -1

// particle -1
sphere {
	<28.199314, 35.014748, 33.833035> 0.250000
	pigment { color rgbt <1,0,0,0> }
	no_shadow
}
cylinder {
	<28.503185, 34.790813, 33.965378>,  <28.685509, 34.656452, 34.044785>, 0.100000
	pigment { color rgbt <1,0,0,0> }
	no_shadow
}
cylinder {
	<28.503185, 34.790813, 33.965378>,  <28.199314, 35.014748, 33.833035>, 0.100000
	pigment { color rgbt <1,0,0,0> }
	no_shadow
}

// particle -1
sphere {
	<28.503185, 34.790813, 33.965378> 0.100000
	pigment { color rgbt <1,0,0,0> }
	no_shadow
}
sphere {
	0, 1
	scale<0.080000,0.200000,0.300000>
	matrix <-0.171619, -0.663346, -0.728367,
		0.627243, 0.496543, -0.600009,
		0.759679, -0.559836, 0.330863,
		28.731089, 34.622864, 34.064636>
	pigment { color rgbt <0,1,1,0> }
	no_shadow
}
cylinder {
	<28.672848, 34.910995, 33.205624>,  <28.199314, 35.014748, 33.833035>, 0.130000
	pigment { color rgbt <1,0,0,0> }
	no_shadow
}

// nucleotide -1

// particle -1
sphere {
	<28.672848, 34.910995, 33.205624> 0.250000
	pigment { color rgbt <1,0,0,0> }
	no_shadow
}
cylinder {
	<28.768114, 34.629036, 33.472874>,  <28.825274, 34.459858, 33.633224>, 0.100000
	pigment { color rgbt <1,0,0,0> }
	no_shadow
}
cylinder {
	<28.768114, 34.629036, 33.472874>,  <28.672848, 34.910995, 33.205624>, 0.100000
	pigment { color rgbt <1,0,0,0> }
	no_shadow
}

// particle -1
sphere {
	<28.768114, 34.629036, 33.472874> 0.100000
	pigment { color rgbt <1,0,0,0> }
	no_shadow
}
sphere {
	0, 1
	scale<0.080000,0.200000,0.300000>
	matrix <0.031061, -0.682039, -0.730656,
		0.970727, 0.194771, -0.140544,
		0.238167, -0.704902, 0.668123,
		28.839563, 34.417564, 33.673309>
	pigment { color rgbt <0,1,1,0> }
	no_shadow
}
cylinder {
	<29.148554, 34.496803, 32.932285>,  <28.672848, 34.910995, 33.205624>, 0.130000
	pigment { color rgbt <1,0,0,0> }
	no_shadow
}

// nucleotide -1

// particle -1
sphere {
	<29.148554, 34.496803, 32.932285> 0.250000
	pigment { color rgbt <1,0,0,0> }
	no_shadow
}
cylinder {
	<28.995182, 34.244511, 33.202148>,  <28.903160, 34.093136, 33.364067>, 0.100000
	pigment { color rgbt <1,0,0,0> }
	no_shadow
}
cylinder {
	<28.995182, 34.244511, 33.202148>,  <29.148554, 34.496803, 32.932285>, 0.100000
	pigment { color rgbt <1,0,0,0> }
	no_shadow
}

// particle -1
sphere {
	<28.995182, 34.244511, 33.202148> 0.100000
	pigment { color rgbt <1,0,0,0> }
	no_shadow
}
sphere {
	0, 1
	scale<0.080000,0.200000,0.300000>
	matrix <0.073914, -0.749102, -0.658319,
		0.920609, -0.202551, 0.333846,
		-0.383427, -0.630730, 0.674658,
		28.880154, 34.055290, 33.404545>
	pigment { color rgbt <0,1,1,0> }
	no_shadow
}
cylinder {
	<29.476257, 33.900936, 32.834782>,  <29.148554, 34.496803, 32.932285>, 0.130000
	pigment { color rgbt <1,0,0,0> }
	no_shadow
}

// nucleotide -1

// particle -1
sphere {
	<29.476257, 33.900936, 32.834782> 0.250000
	pigment { color rgbt <1,0,0,0> }
	no_shadow
}
cylinder {
	<29.182922, 33.770348, 33.073322>,  <29.006922, 33.691994, 33.216446>, 0.100000
	pigment { color rgbt <1,0,0,0> }
	no_shadow
}
cylinder {
	<29.182922, 33.770348, 33.073322>,  <29.476257, 33.900936, 32.834782>, 0.100000
	pigment { color rgbt <1,0,0,0> }
	no_shadow
}

// particle -1
sphere {
	<29.182922, 33.770348, 33.073322> 0.100000
	pigment { color rgbt <1,0,0,0> }
	no_shadow
}
sphere {
	0, 1
	scale<0.080000,0.200000,0.300000>
	matrix <0.001459, -0.877914, -0.478817,
		0.679863, -0.350264, 0.644284,
		-0.733338, -0.326470, 0.596350,
		28.962921, 33.672405, 33.252228>
	pigment { color rgbt <0,1,1,0> }
	no_shadow
}
cylinder {
	<29.733982, 33.343498, 33.195389>,  <29.476257, 33.900936, 32.834782>, 0.130000
	pigment { color rgbt <1,0,0,0> }
	no_shadow
}

// nucleotide -1

// particle -1
sphere {
	<29.733982, 33.343498, 33.195389> 0.250000
	pigment { color rgbt <1,0,0,0> }
	no_shadow
}
cylinder {
	<29.336531, 33.301029, 33.210491>,  <29.098059, 33.275547, 33.219555>, 0.100000
	pigment { color rgbt <1,0,0,0> }
	no_shadow
}
cylinder {
	<29.336531, 33.301029, 33.210491>,  <29.733982, 33.343498, 33.195389>, 0.100000
	pigment { color rgbt <1,0,0,0> }
	no_shadow
}

// particle -1
sphere {
	<29.336531, 33.301029, 33.210491> 0.100000
	pigment { color rgbt <1,0,0,0> }
	no_shadow
}
sphere {
	0, 1
	scale<0.080000,0.200000,0.300000>
	matrix <0.085937, -0.930690, -0.355570,
		0.072894, -0.350060, 0.933887,
		-0.993630, -0.106175, 0.037759,
		29.038441, 33.269176, 33.221817>
	pigment { color rgbt <0,1,1,0> }
	no_shadow
}
cylinder {
	<29.625711, 32.698742, 33.511883>,  <29.733982, 33.343498, 33.195389>, 0.130000
	pigment { color rgbt <1,0,0,0> }
	no_shadow
}

// nucleotide -1

// particle -1
sphere {
	<29.625711, 32.698742, 33.511883> 0.250000
	pigment { color rgbt <1,0,0,0> }
	no_shadow
}
cylinder {
	<29.291389, 32.789394, 33.311855>,  <29.090796, 32.843784, 33.191837>, 0.100000
	pigment { color rgbt <1,0,0,0> }
	no_shadow
}
cylinder {
	<29.291389, 32.789394, 33.311855>,  <29.625711, 32.698742, 33.511883>, 0.100000
	pigment { color rgbt <1,0,0,0> }
	no_shadow
}

// particle -1
sphere {
	<29.291389, 32.789394, 33.311855> 0.100000
	pigment { color rgbt <1,0,0,0> }
	no_shadow
}
sphere {
	0, 1
	scale<0.080000,0.200000,0.300000>
	matrix <0.247198, -0.657941, -0.711342,
		-0.490225, -0.718159, 0.493889,
		-0.835806, 0.226629, -0.500067,
		29.040648, 32.857384, 33.161835>
	pigment { color rgbt <0,1,1,0> }
	no_shadow
}
cylinder {
	<29.273891, 32.093330, 33.425262>,  <29.625711, 32.698742, 33.511883>, 0.130000
	pigment { color rgbt <1,0,0,0> }
	no_shadow
}

// nucleotide -1

// particle -1
sphere {
	<29.273891, 32.093330, 33.425262> 0.250000
	pigment { color rgbt <1,0,0,0> }
	no_shadow
}
cylinder {
	<29.156166, 32.338654, 33.132076>,  <29.085531, 32.485847, 32.956165>, 0.100000
	pigment { color rgbt <1,0,0,0> }
	no_shadow
}
cylinder {
	<29.156166, 32.338654, 33.132076>,  <29.273891, 32.093330, 33.425262>, 0.100000
	pigment { color rgbt <1,0,0,0> }
	no_shadow
}

// particle -1
sphere {
	<29.156166, 32.338654, 33.132076> 0.100000
	pigment { color rgbt <1,0,0,0> }
	no_shadow
}
sphere {
	0, 1
	scale<0.080000,0.200000,0.300000>
	matrix <0.116604, -0.738159, -0.664473,
		-0.948569, -0.281030, 0.145737,
		-0.294314, 0.613305, -0.732964,
		29.067871, 32.522644, 32.912186>
	pigment { color rgbt <0,1,1,0> }
	no_shadow
}
cylinder {
	<28.942587, 31.683306, 32.992603>,  <29.273891, 32.093330, 33.425262>, 0.130000
	pigment { color rgbt <1,0,0,0> }
	no_shadow
}

// nucleotide -1

// particle -1
sphere {
	<28.942587, 31.683306, 32.992603> 0.250000
	pigment { color rgbt <1,0,0,0> }
	no_shadow
}
cylinder {
	<29.040777, 32.004044, 32.774693>,  <29.099691, 32.196487, 32.643948>, 0.100000
	pigment { color rgbt <1,0,0,0> }
	no_shadow
}
cylinder {
	<29.040777, 32.004044, 32.774693>,  <28.942587, 31.683306, 32.992603>, 0.100000
	pigment { color rgbt <1,0,0,0> }
	no_shadow
}

// particle -1
sphere {
	<29.040777, 32.004044, 32.774693> 0.100000
	pigment { color rgbt <1,0,0,0> }
	no_shadow
}
sphere {
	0, 1
	scale<0.080000,0.200000,0.300000>
	matrix <0.224688, -0.593731, -0.772657,
		-0.943004, 0.067265, -0.325913,
		0.245477, 0.801847, -0.544778,
		29.114420, 32.244598, 32.611259>
	pigment { color rgbt <0,1,1,0> }
	no_shadow
}
cylinder {
	<28.772953, 31.608736, 32.224216>,  <28.942587, 31.683306, 32.992603>, 0.130000
	pigment { color rgbt <1,0,0,0> }
	no_shadow
}

// nucleotide -1

// particle -1
sphere {
	<28.772953, 31.608736, 32.224216> 0.250000
	pigment { color rgbt <1,0,0,0> }
	no_shadow
}
cylinder {
	<29.024874, 31.915430, 32.174465>,  <29.176025, 32.099445, 32.144615>, 0.100000
	pigment { color rgbt <1,0,0,0> }
	no_shadow
}
cylinder {
	<29.024874, 31.915430, 32.174465>,  <28.772953, 31.608736, 32.224216>, 0.100000
	pigment { color rgbt <1,0,0,0> }
	no_shadow
}

// particle -1
sphere {
	<29.024874, 31.915430, 32.174465> 0.100000
	pigment { color rgbt <1,0,0,0> }
	no_shadow
}
sphere {
	0, 1
	scale<0.080000,0.200000,0.300000>
	matrix <0.354895, -0.426477, -0.831966,
		-0.690941, 0.479832, -0.540705,
		0.629802, 0.766733, -0.124381,
		29.213814, 32.145451, 32.137150>
	pigment { color rgbt <0,1,1,0> }
	no_shadow
}
cylinder {
	<28.704380, 31.836805, 31.618547>,  <28.772953, 31.608736, 32.224216>, 0.130000
	pigment { color rgbt <1,0,0,0> }
	no_shadow
}

// nucleotide -1

// particle -1
sphere {
	<28.704380, 31.836805, 31.618547> 0.250000
	pigment { color rgbt <1,0,0,0> }
	no_shadow
}
cylinder {
	<29.069805, 31.970896, 31.710657>,  <29.289061, 32.051350, 31.765923>, 0.100000
	pigment { color rgbt <1,0,0,0> }
	no_shadow
}
cylinder {
	<29.069805, 31.970896, 31.710657>,  <28.704380, 31.836805, 31.618547>, 0.100000
	pigment { color rgbt <1,0,0,0> }
	no_shadow
}

// particle -1
sphere {
	<29.069805, 31.970896, 31.710657> 0.100000
	pigment { color rgbt <1,0,0,0> }
	no_shadow
}
sphere {
	0, 1
	scale<0.080000,0.200000,0.300000>
	matrix <0.327730, -0.271532, -0.904911,
		-0.240821, 0.902161, -0.357925,
		0.913563, 0.335224, 0.230275,
		29.343874, 32.071465, 31.779739>
	pigment { color rgbt <0,1,1,0> }
	no_shadow
}
cylinder {
	<28.889053, 32.070335, 30.925308>,  <28.704380, 31.836805, 31.618547>, 0.130000
	pigment { color rgbt <1,0,0,0> }
	no_shadow
}

// nucleotide -1

// particle -1
sphere {
	<28.889053, 32.070335, 30.925308> 0.250000
	pigment { color rgbt <1,0,0,0> }
	no_shadow
}
cylinder {
	<29.238531, 32.067200, 31.119873>,  <29.448217, 32.065319, 31.236612>, 0.100000
	pigment { color rgbt <1,0,0,0> }
	no_shadow
}
cylinder {
	<29.238531, 32.067200, 31.119873>,  <28.889053, 32.070335, 30.925308>, 0.100000
	pigment { color rgbt <1,0,0,0> }
	no_shadow
}

// particle -1
sphere {
	<29.238531, 32.067200, 31.119873> 0.100000
	pigment { color rgbt <1,0,0,0> }
	no_shadow
}
sphere {
	0, 1
	scale<0.080000,0.200000,0.300000>
	matrix <0.483810, -0.090558, -0.870475,
		0.050869, 0.995860, -0.075330,
		0.873693, -0.007835, 0.486414,
		29.500639, 32.064850, 31.265797>
	pigment { color rgbt <0,1,1,0> }
	no_shadow
}
cylinder {
	<29.370832, 32.446373, 30.460217>,  <28.889053, 32.070335, 30.925308>, 0.130000
	pigment { color rgbt <1,0,0,0> }
	no_shadow
}

// nucleotide -1

// particle -1
sphere {
	<29.370832, 32.446373, 30.460217> 0.250000
	pigment { color rgbt <1,0,0,0> }
	no_shadow
}
cylinder {
	<29.602400, 32.228436, 30.702869>,  <29.741341, 32.097675, 30.848461>, 0.100000
	pigment { color rgbt <1,0,0,0> }
	no_shadow
}
cylinder {
	<29.602400, 32.228436, 30.702869>,  <29.370832, 32.446373, 30.460217>, 0.100000
	pigment { color rgbt <1,0,0,0> }
	no_shadow
}

// particle -1
sphere {
	<29.602400, 32.228436, 30.702869> 0.100000
	pigment { color rgbt <1,0,0,0> }
	no_shadow
}
sphere {
	0, 1
	scale<0.080000,0.200000,0.300000>
	matrix <0.564324, -0.269283, -0.780401,
		0.588549, 0.794126, 0.151572,
		0.578921, -0.544840, 0.606630,
		29.776075, 32.064983, 30.884859>
	pigment { color rgbt <0,1,1,0> }
	no_shadow
}
cylinder {
	<30.104364, 32.694000, 30.391886>,  <29.370832, 32.446373, 30.460217>, 0.130000
	pigment { color rgbt <1,0,0,0> }
	no_shadow
}

// nucleotide -1

// particle -1
sphere {
	<30.104364, 32.694000, 30.391886> 0.250000
	pigment { color rgbt <1,0,0,0> }
	no_shadow
}
cylinder {
	<30.147589, 32.331852, 30.556139>,  <30.173523, 32.114563, 30.654692>, 0.100000
	pigment { color rgbt <1,0,0,0> }
	no_shadow
}
cylinder {
	<30.147589, 32.331852, 30.556139>,  <30.104364, 32.694000, 30.391886>, 0.100000
	pigment { color rgbt <1,0,0,0> }
	no_shadow
}

// particle -1
sphere {
	<30.147589, 32.331852, 30.556139> 0.100000
	pigment { color rgbt <1,0,0,0> }
	no_shadow
}
sphere {
	0, 1
	scale<0.080000,0.200000,0.300000>
	matrix <0.712423, -0.217564, -0.667172,
		0.693380, 0.364640, 0.621500,
		0.108062, -0.905375, 0.410632,
		30.180008, 32.060238, 30.679329>
	pigment { color rgbt <0,1,1,0> }
	no_shadow
}
cylinder {
	<30.769152, 32.568661, 30.349676>,  <30.104364, 32.694000, 30.391886>, 0.130000
	pigment { color rgbt <1,0,0,0> }
	no_shadow
}

// nucleotide -1

// particle -1
sphere {
	<30.769152, 32.568661, 30.349676> 0.250000
	pigment { color rgbt <1,0,0,0> }
	no_shadow
}
cylinder {
	<30.610121, 32.206226, 30.407547>,  <30.514702, 31.988764, 30.442270>, 0.100000
	pigment { color rgbt <1,0,0,0> }
	no_shadow
}
cylinder {
	<30.610121, 32.206226, 30.407547>,  <30.769152, 32.568661, 30.349676>, 0.100000
	pigment { color rgbt <1,0,0,0> }
	no_shadow
}

// particle -1
sphere {
	<30.610121, 32.206226, 30.407547> 0.100000
	pigment { color rgbt <1,0,0,0> }
	no_shadow
}
sphere {
	0, 1
	scale<0.080000,0.200000,0.300000>
	matrix <0.681234, -0.397113, -0.614997,
		0.614695, -0.145951, 0.775144,
		-0.397579, -0.906090, 0.144677,
		30.490847, 31.934399, 30.450951>
	pigment { color rgbt <0,1,1,0> }
	no_shadow
}
cylinder {
	<31.336769, 32.164883, 30.431431>,  <30.769152, 32.568661, 30.349676>, 0.130000
	pigment { color rgbt <1,0,0,0> }
	no_shadow
}

// nucleotide -1

// particle -1
sphere {
	<31.336769, 32.164883, 30.431431> 0.250000
	pigment { color rgbt <1,0,0,0> }
	no_shadow
}
cylinder {
	<31.058744, 31.898558, 30.322927>,  <30.891930, 31.738764, 30.257826>, 0.100000
	pigment { color rgbt <1,0,0,0> }
	no_shadow
}
cylinder {
	<31.058744, 31.898558, 30.322927>,  <31.336769, 32.164883, 30.431431>, 0.100000
	pigment { color rgbt <1,0,0,0> }
	no_shadow
}

// particle -1
sphere {
	<31.058744, 31.898558, 30.322927> 0.100000
	pigment { color rgbt <1,0,0,0> }
	no_shadow
}
sphere {
	0, 1
	scale<0.080000,0.200000,0.300000>
	matrix <0.617703, -0.359988, -0.699180,
		0.367872, -0.653532, 0.661488,
		-0.695064, -0.665811, -0.271259,
		30.850225, 31.698814, 30.241550>
	pigment { color rgbt <0,1,1,0> }
	no_shadow
}
cylinder {
	<31.688005, 31.496429, 30.266439>,  <31.336769, 32.164883, 30.431431>, 0.130000
	pigment { color rgbt <1,0,0,0> }
	no_shadow
}

// nucleotide -1

// particle -1
sphere {
	<31.688005, 31.496429, 30.266439> 0.250000
	pigment { color rgbt <1,0,0,0> }
	no_shadow
}
cylinder {
	<31.329002, 31.468082, 30.092335>,  <31.113600, 31.451075, 29.987871>, 0.100000
	pigment { color rgbt <1,0,0,0> }
	no_shadow
}
cylinder {
	<31.329002, 31.468082, 30.092335>,  <31.688005, 31.496429, 30.266439>, 0.100000
	pigment { color rgbt <1,0,0,0> }
	no_shadow
}

// particle -1
sphere {
	<31.329002, 31.468082, 30.092335> 0.100000
	pigment { color rgbt <1,0,0,0> }
	no_shadow
}
sphere {
	0, 1
	scale<0.080000,0.200000,0.300000>
	matrix <0.436964, -0.276051, -0.856071,
		-0.059485, -0.958527, 0.278726,
		-0.897509, -0.070870, -0.435262,
		31.059750, 31.446821, 29.961756>
	pigment { color rgbt <0,1,1,0> }
	no_shadow
}
cylinder {
	<31.500641, 30.850071, 30.179495>,  <31.688005, 31.496429, 30.266439>, 0.130000
	pigment { color rgbt <1,0,0,0> }
	no_shadow
}

// nucleotide -1

// particle -1
sphere {
	<31.500641, 30.850071, 30.179495> 0.250000
	pigment { color rgbt <1,0,0,0> }
	no_shadow
}
cylinder {
	<31.311922, 31.062250, 29.897778>,  <31.198690, 31.189558, 29.728746>, 0.100000
	pigment { color rgbt <1,0,0,0> }
	no_shadow
}
cylinder {
	<31.311922, 31.062250, 29.897778>,  <31.500641, 30.850071, 30.179495>, 0.100000
	pigment { color rgbt <1,0,0,0> }
	no_shadow
}

// particle -1
sphere {
	<31.311922, 31.062250, 29.897778> 0.100000
	pigment { color rgbt <1,0,0,0> }
	no_shadow
}
sphere {
	0, 1
	scale<0.080000,0.200000,0.300000>
	matrix <0.550813, -0.446416, -0.705208,
		-0.688485, -0.720650, -0.081560,
		-0.471799, 0.530450, -0.704294,
		31.170382, 31.221386, 29.686489>
	pigment { color rgbt <0,1,1,0> }
	no_shadow
}
cylinder {
	<31.441256, 30.408930, 29.702522>,  <31.500641, 30.850071, 30.179495>, 0.130000
	pigment { color rgbt <1,0,0,0> }
	no_shadow
}

// nucleotide -1

// particle -1
sphere {
	<31.441256, 30.408930, 29.702522> 0.250000
	pigment { color rgbt <1,0,0,0> }
	no_shadow
}
cylinder {
	<31.343943, 30.709299, 29.456945>,  <31.285555, 30.889521, 29.309599>, 0.100000
	pigment { color rgbt <1,0,0,0> }
	no_shadow
}
cylinder {
	<31.343943, 30.709299, 29.456945>,  <31.441256, 30.408930, 29.702522>, 0.100000
	pigment { color rgbt <1,0,0,0> }
	no_shadow
}

// particle -1
sphere {
	<31.343943, 30.709299, 29.456945> 0.100000
	pigment { color rgbt <1,0,0,0> }
	no_shadow
}
sphere {
	0, 1
	scale<0.080000,0.200000,0.300000>
	matrix <0.557840, -0.409483, -0.721899,
		-0.793491, -0.518108, -0.319275,
		-0.243284, 0.750925, -0.613942,
		31.270958, 30.934576, 29.272762>
	pigment { color rgbt <0,1,1,0> }
	no_shadow
}
cylinder {
	<30.958975, 30.171774, 29.145449>,  <31.441256, 30.408930, 29.702522>, 0.130000
	pigment { color rgbt <1,0,0,0> }
	no_shadow
}

// nucleotide -1

// particle -1
sphere {
	<30.958975, 30.171774, 29.145449> 0.250000
	pigment { color rgbt <1,0,0,0> }
	no_shadow
}
cylinder {
	<31.208139, 30.476711, 29.075232>,  <31.357637, 30.659674, 29.033100>, 0.100000
	pigment { color rgbt <1,0,0,0> }
	no_shadow
}
cylinder {
	<31.208139, 30.476711, 29.075232>,  <30.958975, 30.171774, 29.145449>, 0.100000
	pigment { color rgbt <1,0,0,0> }
	no_shadow
}

// particle -1
sphere {
	<31.208139, 30.476711, 29.075232> 0.100000
	pigment { color rgbt <1,0,0,0> }
	no_shadow
}
sphere {
	0, 1
	scale<0.080000,0.200000,0.300000>
	matrix <0.471865, -0.545126, -0.692951,
		-0.623960, 0.348813, -0.699288,
		0.622910, 0.762343, -0.175544,
		31.395012, 30.705414, 29.022568>
	pigment { color rgbt <0,1,1,0> }
	no_shadow
}
cylinder {
	<30.817883, 30.316906, 28.454575>,  <30.958975, 30.171774, 29.145449>, 0.130000
	pigment { color rgbt <1,0,0,0> }
	no_shadow
}

// nucleotide -1

// particle -1
sphere {
	<30.817883, 30.316906, 28.454575> 0.250000
	pigment { color rgbt <1,0,0,0> }
	no_shadow
}
cylinder {
	<31.170383, 30.459885, 28.578270>,  <31.381884, 30.545671, 28.652487>, 0.100000
	pigment { color rgbt <1,0,0,0> }
	no_shadow
}
cylinder {
	<31.170383, 30.459885, 28.578270>,  <30.817883, 30.316906, 28.454575>, 0.100000
	pigment { color rgbt <1,0,0,0> }
	no_shadow
}

// particle -1
sphere {
	<31.170383, 30.459885, 28.578270> 0.100000
	pigment { color rgbt <1,0,0,0> }
	no_shadow
}
sphere {
	0, 1
	scale<0.080000,0.200000,0.300000>
	matrix <0.465922, -0.547001, -0.695490,
		-0.079446, 0.756982, -0.648588,
		0.881252, 0.357445, 0.309238,
		31.434759, 30.567118, 28.671041>
	pigment { color rgbt <0,1,1,0> }
	no_shadow
}
cylinder {
	<31.305508, 30.610336, 27.898426>,  <30.817883, 30.316906, 28.454575>, 0.130000
	pigment { color rgbt <1,0,0,0> }
	no_shadow
}

// nucleotide -1

// particle -1
sphere {
	<31.305508, 30.610336, 27.898426> 0.250000
	pigment { color rgbt <1,0,0,0> }
	no_shadow
}
cylinder {
	<31.513927, 30.451599, 28.200689>,  <31.638979, 30.356356, 28.382048>, 0.100000
	pigment { color rgbt <1,0,0,0> }
	no_shadow
}
cylinder {
	<31.513927, 30.451599, 28.200689>,  <31.305508, 30.610336, 27.898426>, 0.100000
	pigment { color rgbt <1,0,0,0> }
	no_shadow
}

// particle -1
sphere {
	<31.513927, 30.451599, 28.200689> 0.100000
	pigment { color rgbt <1,0,0,0> }
	no_shadow
}
sphere {
	0, 1
	scale<0.080000,0.200000,0.300000>
	matrix <0.551643, -0.519004, -0.652936,
		0.651304, 0.757067, -0.051511,
		0.521051, -0.396844, 0.755659,
		31.670242, 30.332546, 28.427387>
	pigment { color rgbt <0,1,1,0> }
	no_shadow
}
cylinder {
	<31.961020, 30.711893, 27.801096>,  <31.305508, 30.610336, 27.898426>, 0.130000
	pigment { color rgbt <1,0,0,0> }
	no_shadow
}

// nucleotide -1

// particle -1
sphere {
	<31.961020, 30.711893, 27.801096> 0.250000
	pigment { color rgbt <1,0,0,0> }
	no_shadow
}
cylinder {
	<31.890965, 30.376165, 28.006958>,  <31.848932, 30.174728, 28.130476>, 0.100000
	pigment { color rgbt <1,0,0,0> }
	no_shadow
}
cylinder {
	<31.890965, 30.376165, 28.006958>,  <31.961020, 30.711893, 27.801096>, 0.100000
	pigment { color rgbt <1,0,0,0> }
	no_shadow
}

// particle -1
sphere {
	<31.890965, 30.376165, 28.006958> 0.100000
	pigment { color rgbt <1,0,0,0> }
	no_shadow
}
sphere {
	0, 1
	scale<0.080000,0.200000,0.300000>
	matrix <0.377199, -0.540053, -0.752373,
		0.909422, 0.062359, 0.411173,
		-0.175138, -0.839318, 0.514657,
		31.838423, 30.124371, 28.161356>
	pigment { color rgbt <0,1,1,0> }
	no_shadow
}
cylinder {
	<32.585239, 30.312321, 27.625610>,  <31.961020, 30.711893, 27.801096>, 0.130000
	pigment { color rgbt <1,0,0,0> }
	no_shadow
}

// nucleotide -1

// particle -1
sphere {
	<32.585239, 30.312321, 27.625610> 0.250000
	pigment { color rgbt <1,0,0,0> }
	no_shadow
}
cylinder {
	<32.270950, 30.102623, 27.756947>,  <32.082375, 29.976805, 27.835749>, 0.100000
	pigment { color rgbt <1,0,0,0> }
	no_shadow
}
cylinder {
	<32.270950, 30.102623, 27.756947>,  <32.585239, 30.312321, 27.625610>, 0.100000
	pigment { color rgbt <1,0,0,0> }
	no_shadow
}

// particle -1
sphere {
	<32.270950, 30.102623, 27.756947> 0.100000
	pigment { color rgbt <1,0,0,0> }
	no_shadow
}
sphere {
	0, 1
	scale<0.080000,0.200000,0.300000>
	matrix <0.294657, -0.783908, -0.546503,
		0.543887, -0.332653, 0.770408,
		-0.785725, -0.524242, 0.328339,
		32.035233, 29.945351, 27.855448>
	pigment { color rgbt <0,1,1,0> }
	no_shadow
}
cylinder {
	<32.785789, 29.699253, 27.911667>,  <32.585239, 30.312321, 27.625610>, 0.130000
	pigment { color rgbt <1,0,0,0> }
	no_shadow
}

// nucleotide -1

// particle -1
sphere {
	<32.785789, 29.699253, 27.911667> 0.250000
	pigment { color rgbt <1,0,0,0> }
	no_shadow
}
cylinder {
	<32.409210, 29.630968, 27.795370>,  <32.183262, 29.589996, 27.725592>, 0.100000
	pigment { color rgbt <1,0,0,0> }
	no_shadow
}
cylinder {
	<32.409210, 29.630968, 27.795370>,  <32.785789, 29.699253, 27.911667>, 0.100000
	pigment { color rgbt <1,0,0,0> }
	no_shadow
}

// particle -1
sphere {
	<32.409210, 29.630968, 27.795370> 0.100000
	pigment { color rgbt <1,0,0,0> }
	no_shadow
}
sphere {
	0, 1
	scale<0.080000,0.200000,0.300000>
	matrix <0.293721, -0.838661, -0.458668,
		-0.165534, -0.517209, 0.839698,
		-0.941449, -0.170712, -0.290742,
		32.126774, 29.579754, 27.708147>
	pigment { color rgbt <0,1,1,0> }
	no_shadow
}
cylinder {
	<32.646267, 29.043625, 28.038998>,  <32.785789, 29.699253, 27.911667>, 0.130000
	pigment { color rgbt <1,0,0,0> }
	no_shadow
}

// nucleotide -1

// particle -1
sphere {
	<32.646267, 29.043625, 28.038998> 0.250000
	pigment { color rgbt <1,0,0,0> }
	no_shadow
}
cylinder {
	<32.410213, 29.161467, 27.738346>,  <32.268581, 29.232172, 27.557955>, 0.100000
	pigment { color rgbt <1,0,0,0> }
	no_shadow
}
cylinder {
	<32.410213, 29.161467, 27.738346>,  <32.646267, 29.043625, 28.038998>, 0.100000
	pigment { color rgbt <1,0,0,0> }
	no_shadow
}

// particle -1
sphere {
	<32.410213, 29.161467, 27.738346> 0.100000
	pigment { color rgbt <1,0,0,0> }
	no_shadow
}
sphere {
	0, 1
	scale<0.080000,0.200000,0.300000>
	matrix <0.369975, -0.728817, -0.576146,
		-0.717536, -0.618089, 0.321105,
		-0.590136, 0.294604, -0.751630,
		32.233173, 29.249847, 27.512857>
	pigment { color rgbt <0,1,1,0> }
	no_shadow
}
cylinder {
	<32.292740, 28.456879, 27.801197>,  <32.646267, 29.043625, 28.038998>, 0.130000
	pigment { color rgbt <1,0,0,0> }
	no_shadow
}

// nucleotide -1

// particle -1
sphere {
	<32.292740, 28.456879, 27.801197> 0.250000
	pigment { color rgbt <1,0,0,0> }
	no_shadow
}
cylinder {
	<32.319859, 28.720404, 27.501499>,  <32.336132, 28.878519, 27.321680>, 0.100000
	pigment { color rgbt <1,0,0,0> }
	no_shadow
}
cylinder {
	<32.319859, 28.720404, 27.501499>,  <32.292740, 28.456879, 27.801197>, 0.100000
	pigment { color rgbt <1,0,0,0> }
	no_shadow
}

// particle -1
sphere {
	<32.319859, 28.720404, 27.501499> 0.100000
	pigment { color rgbt <1,0,0,0> }
	no_shadow
}
sphere {
	0, 1
	scale<0.080000,0.200000,0.300000>
	matrix <0.335719, -0.722245, -0.604694,
		-0.939519, -0.210537, -0.270145,
		0.067800, 0.658814, -0.749244,
		32.340199, 28.918049, 27.276726>
	pigment { color rgbt <0,1,1,0> }
	no_shadow
}
cylinder {
	<32.443954, 28.416803, 28.556309>,  <32.292740, 28.456879, 27.801197>, 0.130000
	pigment { color rgbt <1,0,0,0> }
	no_shadow
}

// nucleotide -1

// particle -1
sphere {
	<32.443954, 28.416803, 28.556309> 0.250000
	pigment { color rgbt <1,0,0,0> }
	no_shadow
}
cylinder {
	<32.825211, 28.537573, 28.548611>,  <33.053963, 28.610035, 28.543991>, 0.100000
	pigment { color rgbt <1,0,0,0> }
	no_shadow
}
cylinder {
	<32.825211, 28.537573, 28.548611>,  <32.443954, 28.416803, 28.556309>, 0.100000
	pigment { color rgbt <1,0,0,0> }
	no_shadow
}

// particle -1
sphere {
	<32.825211, 28.537573, 28.548611> 0.100000
	pigment { color rgbt <1,0,0,0> }
	no_shadow
}
sphere {
	0, 1
	scale<0.080000,0.200000,0.300000>
	matrix <-0.130381, 0.467334, 0.874414,
		0.272999, -0.830928, 0.484799,
		0.953138, 0.301923, -0.019245,
		33.111153, 28.628149, 28.542837>
	pigment { color rgbt <0,1,1,0> }
	no_shadow
}
cylinder {
	<32.677799, 28.438721, 29.209383>,  <32.443954, 28.416803, 28.556309>, 0.130000
	pigment { color rgbt <1,0,0,0> }
	no_shadow
}

// nucleotide -1

// particle -1
sphere {
	<32.677799, 28.438721, 29.209383> 0.250000
	pigment { color rgbt <1,0,0,0> }
	no_shadow
}
cylinder {
	<32.918411, 28.704380, 29.031815>,  <33.062778, 28.863775, 28.925274>, 0.100000
	pigment { color rgbt <1,0,0,0> }
	no_shadow
}
cylinder {
	<32.918411, 28.704380, 29.031815>,  <32.677799, 28.438721, 29.209383>, 0.100000
	pigment { color rgbt <1,0,0,0> }
	no_shadow
}

// particle -1
sphere {
	<32.918411, 28.704380, 29.031815> 0.100000
	pigment { color rgbt <1,0,0,0> }
	no_shadow
}
sphere {
	0, 1
	scale<0.080000,0.200000,0.300000>
	matrix <0.078937, 0.503566, 0.860343,
		0.794938, -0.552567, 0.250486,
		0.601534, 0.664147, -0.443922,
		33.098869, 28.903624, 28.898638>
	pigment { color rgbt <0,1,1,0> }
	no_shadow
}
cylinder {
	<33.417645, 28.652437, 29.523716>,  <32.677799, 28.438721, 29.209383>, 0.130000
	pigment { color rgbt <1,0,0,0> }
	no_shadow
}

// nucleotide -1

// particle -1
sphere {
	<33.417645, 28.652437, 29.523716> 0.250000
	pigment { color rgbt <1,0,0,0> }
	no_shadow
}
cylinder {
	<33.264641, 28.956484, 29.313608>,  <33.172836, 29.138912, 29.187544>, 0.100000
	pigment { color rgbt <1,0,0,0> }
	no_shadow
}
cylinder {
	<33.264641, 28.956484, 29.313608>,  <33.417645, 28.652437, 29.523716>, 0.100000
	pigment { color rgbt <1,0,0,0> }
	no_shadow
}

// particle -1
sphere {
	<33.264641, 28.956484, 29.313608> 0.100000
	pigment { color rgbt <1,0,0,0> }
	no_shadow
}
sphere {
	0, 1
	scale<0.080000,0.200000,0.300000>
	matrix <-0.001274, 0.568069, 0.822980,
		0.923950, 0.315468, -0.216324,
		-0.382511, 0.760117, -0.525269,
		33.149887, 29.184519, 29.156027>
	pigment { color rgbt <0,1,1,0> }
	no_shadow
}
cylinder {
	<33.909824, 29.127462, 29.624060>,  <33.417645, 28.652437, 29.523716>, 0.130000
	pigment { color rgbt <1,0,0,0> }
	no_shadow
}

// nucleotide -1

// particle -1
sphere {
	<33.909824, 29.127462, 29.624060> 0.250000
	pigment { color rgbt <1,0,0,0> }
	no_shadow
}
cylinder {
	<33.553734, 29.295229, 29.552977>,  <33.340080, 29.395889, 29.510326>, 0.100000
	pigment { color rgbt <1,0,0,0> }
	no_shadow
}
cylinder {
	<33.553734, 29.295229, 29.552977>,  <33.909824, 29.127462, 29.624060>, 0.100000
	pigment { color rgbt <1,0,0,0> }
	no_shadow
}

// particle -1
sphere {
	<33.553734, 29.295229, 29.552977> 0.100000
	pigment { color rgbt <1,0,0,0> }
	no_shadow
}
sphere {
	0, 1
	scale<0.080000,0.200000,0.300000>
	matrix <0.030414, 0.443985, 0.895518,
		0.454493, 0.791813, -0.408005,
		-0.890231, 0.419416, -0.177706,
		33.286663, 29.421053, 29.499664>
	pigment { color rgbt <0,1,1,0> }
	no_shadow
}
cylinder {
	<33.961140, 29.868076, 29.781105>,  <33.909824, 29.127462, 29.624060>, 0.130000
	pigment { color rgbt <1,0,0,0> }
	no_shadow
}

// nucleotide -1

// particle -1
sphere {
	<33.961140, 29.868076, 29.781105> 0.250000
	pigment { color rgbt <1,0,0,0> }
	no_shadow
}
cylinder {
	<33.567585, 29.799507, 29.801466>,  <33.331451, 29.758366, 29.813683>, 0.100000
	pigment { color rgbt <1,0,0,0> }
	no_shadow
}
cylinder {
	<33.567585, 29.799507, 29.801466>,  <33.961140, 29.868076, 29.781105>, 0.100000
	pigment { color rgbt <1,0,0,0> }
	no_shadow
}

// particle -1
sphere {
	<33.567585, 29.799507, 29.801466> 0.100000
	pigment { color rgbt <1,0,0,0> }
	no_shadow
}
sphere {
	0, 1
	scale<0.080000,0.200000,0.300000>
	matrix <-0.048012, 0.527438, 0.848236,
		-0.172252, 0.832120, -0.527167,
		-0.983882, -0.171421, 0.050901,
		33.272419, 29.748081, 29.816736>
	pigment { color rgbt <0,1,1,0> }
	no_shadow
}
cylinder {
	<33.747833, 30.469942, 30.049002>,  <33.961140, 29.868076, 29.781105>, 0.130000
	pigment { color rgbt <1,0,0,0> }
	no_shadow
}

// nucleotide -1

// particle -1
sphere {
	<33.747833, 30.469942, 30.049002> 0.250000
	pigment { color rgbt <1,0,0,0> }
	no_shadow
}
cylinder {
	<33.424492, 30.235870, 30.074734>,  <33.230488, 30.095428, 30.090172>, 0.100000
	pigment { color rgbt <1,0,0,0> }
	no_shadow
}
cylinder {
	<33.424492, 30.235870, 30.074734>,  <33.747833, 30.469942, 30.049002>, 0.100000
	pigment { color rgbt <1,0,0,0> }
	no_shadow
}

// particle -1
sphere {
	<33.424492, 30.235870, 30.074734> 0.100000
	pigment { color rgbt <1,0,0,0> }
	no_shadow
}
sphere {
	0, 1
	scale<0.080000,0.200000,0.300000>
	matrix <-0.183453, 0.354222, 0.916991,
		-0.559389, 0.729447, -0.393688,
		-0.808349, -0.585178, 0.064329,
		33.181988, 30.060316, 30.094032>
	pigment { color rgbt <0,1,1,0> }
	no_shadow
}
cylinder {
	<33.265514, 30.869764, 30.121794>,  <33.747833, 30.469942, 30.049002>, 0.130000
	pigment { color rgbt <1,0,0,0> }
	no_shadow
}

// nucleotide -1

// particle -1
sphere {
	<33.265514, 30.869764, 30.121794> 0.250000
	pigment { color rgbt <1,0,0,0> }
	no_shadow
}
cylinder {
	<33.109253, 30.533100, 30.270924>,  <33.015495, 30.331102, 30.360401>, 0.100000
	pigment { color rgbt <1,0,0,0> }
	no_shadow
}
cylinder {
	<33.109253, 30.533100, 30.270924>,  <33.265514, 30.869764, 30.121794>, 0.100000
	pigment { color rgbt <1,0,0,0> }
	no_shadow
}

// particle -1
sphere {
	<33.109253, 30.533100, 30.270924> 0.100000
	pigment { color rgbt <1,0,0,0> }
	no_shadow
}
sphere {
	0, 1
	scale<0.080000,0.200000,0.300000>
	matrix <-0.253508, 0.487710, 0.835388,
		-0.884944, 0.231832, -0.403892,
		-0.390652, -0.841661, 0.372825,
		32.992058, 30.280602, 30.382771>
	pigment { color rgbt <0,1,1,0> }
	no_shadow
}
cylinder {
	<32.975822, 31.153151, 30.697760>,  <33.265514, 30.869764, 30.121794>, 0.130000
	pigment { color rgbt <1,0,0,0> }
	no_shadow
}

// nucleotide -1

// particle -1
sphere {
	<32.975822, 31.153151, 30.697760> 0.250000
	pigment { color rgbt <1,0,0,0> }
	no_shadow
}
cylinder {
	<32.908134, 30.761293, 30.740963>,  <32.867519, 30.526180, 30.766886>, 0.100000
	pigment { color rgbt <1,0,0,0> }
	no_shadow
}
cylinder {
	<32.908134, 30.761293, 30.740963>,  <32.975822, 31.153151, 30.697760>, 0.100000
	pigment { color rgbt <1,0,0,0> }
	no_shadow
}

// particle -1
sphere {
	<32.908134, 30.761293, 30.740963> 0.100000
	pigment { color rgbt <1,0,0,0> }
	no_shadow
}
sphere {
	0, 1
	scale<0.080000,0.200000,0.300000>
	matrix <-0.243306, 0.147722, 0.958635,
		-0.955073, 0.135946, -0.263350,
		-0.169225, -0.979641, 0.108009,
		32.857368, 30.467402, 30.773365>
	pigment { color rgbt <0,1,1,0> }
	no_shadow
}
cylinder {
	<32.317867, 31.056591, 30.862190>,  <32.975822, 31.153151, 30.697760>, 0.130000
	pigment { color rgbt <1,0,0,0> }
	no_shadow
}

// nucleotide -1

// particle -1
sphere {
	<32.317867, 31.056591, 30.862190> 0.250000
	pigment { color rgbt <1,0,0,0> }
	no_shadow
}
cylinder {
	<32.531937, 30.753906, 31.012377>,  <32.660378, 30.572296, 31.102489>, 0.100000
	pigment { color rgbt <1,0,0,0> }
	no_shadow
}
cylinder {
	<32.531937, 30.753906, 31.012377>,  <32.317867, 31.056591, 30.862190>, 0.100000
	pigment { color rgbt <1,0,0,0> }
	no_shadow
}

// particle -1
sphere {
	<32.531937, 30.753906, 31.012377> 0.100000
	pigment { color rgbt <1,0,0,0> }
	no_shadow
}
sphere {
	0, 1
	scale<0.080000,0.200000,0.300000>
	matrix <-0.417389, 0.149555, 0.896337,
		-0.734421, -0.636414, -0.235804,
		0.535176, -0.756710, 0.375468,
		32.692490, 30.526894, 31.125017>
	pigment { color rgbt <0,1,1,0> }
	no_shadow
}
cylinder {
	<31.837030, 30.512632, 31.162504>,  <32.317867, 31.056591, 30.862190>, 0.130000
	pigment { color rgbt <1,0,0,0> }
	no_shadow
}

// nucleotide -1

// particle -1
sphere {
	<31.837030, 30.512632, 31.162504> 0.250000
	pigment { color rgbt <1,0,0,0> }
	no_shadow
}
cylinder {
	<32.197441, 30.469843, 31.330652>,  <32.413689, 30.444168, 31.431541>, 0.100000
	pigment { color rgbt <1,0,0,0> }
	no_shadow
}
cylinder {
	<32.197441, 30.469843, 31.330652>,  <31.837030, 30.512632, 31.162504>, 0.100000
	pigment { color rgbt <1,0,0,0> }
	no_shadow
}

// particle -1
sphere {
	<32.197441, 30.469843, 31.330652> 0.100000
	pigment { color rgbt <1,0,0,0> }
	no_shadow
}
sphere {
	0, 1
	scale<0.080000,0.200000,0.300000>
	matrix <-0.388943, 0.229789, 0.892144,
		-0.192033, -0.967344, 0.165438,
		0.901025, -0.106975, 0.420369,
		32.467751, 30.437750, 31.456762>
	pigment { color rgbt <0,1,1,0> }
	no_shadow
}
cylinder {
	<31.694235, 30.170637, 31.757490>,  <31.837030, 30.512632, 31.162504>, 0.130000
	pigment { color rgbt <1,0,0,0> }
	no_shadow
}

// nucleotide -1

// particle -1
sphere {
	<31.694235, 30.170637, 31.757490> 0.250000
	pigment { color rgbt <1,0,0,0> }
	no_shadow
}
cylinder {
	<32.064137, 30.295309, 31.844841>,  <32.286076, 30.370111, 31.897251>, 0.100000
	pigment { color rgbt <1,0,0,0> }
	no_shadow
}
cylinder {
	<32.064137, 30.295309, 31.844841>,  <31.694235, 30.170637, 31.757490>, 0.100000
	pigment { color rgbt <1,0,0,0> }
	no_shadow
}

// particle -1
sphere {
	<32.064137, 30.295309, 31.844841> 0.100000
	pigment { color rgbt <1,0,0,0> }
	no_shadow
}
sphere {
	0, 1
	scale<0.080000,0.200000,0.300000>
