// switches for output
#declare DRAW_BASES = 1; // possible values are 0, 1; only relevant for DNA ribbons
#declare DRAW_BASES_TYPE = 3; // possible values are 1, 2, 3; only relevant for DNA ribbons
#declare DRAW_FOG = 0; // set to 1 to enable fog

#include "colors.inc"

#include "transforms.inc"
background { rgb <1, 1, 1>}

#default {
   normal{
       ripples 0.25
       frequency 0.20
       turbulence 0.2
       lambda 5
   }
	finish {
		phong 0.1
		phong_size 40.
	}
}

// original window dimensions: 1024x640


// camera settings

camera {
	sky <0, 0.179814, -0.983701>
	up <0, 0.179814, -0.983701>
	right 1.6 * <1, 0, 0>
	location <35, 94.9851, 44.8844>
	look_at <35, 29.7336, 32.9568>
	direction <0, -65.2515, -11.9276>
	angle 67.0682
}


# declare cpy_camera_pos = <35, 94.9851, 44.8844>;
# if (DRAW_FOG = 1)
fog {
	fog_type 2
	up vnormalize(cpy_camera_pos)
	color rgbt<1,1,1,0.3>
	distance 1e-5
	fog_alt 3e-3
	fog_offset 56
}
# end


// LIGHTS

# declare lum = 6;
global_settings {
	ambient_light rgb lum * <0.05, 0.05, 0.05>
	max_trace_level 15
}# declare cpy_direct_light_amount = 0.25;
light_source
{	1000 * <-1, -1.16352, -0.803886>,
	rgb lum * cpy_direct_light_amount
	parallel
}

light_source
{	1000 * <1, 1.16352, 0.803886>,
	rgb lum * cpy_direct_light_amount
	parallel
}

// strand 0

// nucleotide -1

// particle -1
sphere {
	<24.587772, 35.340359, 35.100632> 0.250000
	pigment { color rgbt <1,0,0,0> }
	no_shadow
}
cylinder {
	<24.295343, 35.072441, 35.048607>,  <24.119886, 34.911690, 35.017391>, 0.100000
	pigment { color rgbt <1,0,0,0> }
	no_shadow
}
cylinder {
	<24.295343, 35.072441, 35.048607>,  <24.587772, 35.340359, 35.100632>, 0.100000
	pigment { color rgbt <1,0,0,0> }
	no_shadow
}

// particle -1
sphere {
	<24.295343, 35.072441, 35.048607> 0.100000
	pigment { color rgbt <1,0,0,0> }
	no_shadow
}
sphere {
	0, 1
	scale<0.080000,0.200000,0.300000>
	matrix <-0.403928, 0.578492, -0.708653,
		0.549883, -0.465546, -0.693467,
		-0.731075, -0.669787, -0.130055,
		24.076021, 34.871506, 35.009590>
	pigment { color rgbt <0,1,1,0> }
	no_shadow
}
cylinder {
	<24.659147, 34.908600, 34.432121>,  <24.587772, 35.340359, 35.100632>, 0.130000
	pigment { color rgbt <1,0,0,0> }
	no_shadow
}

// nucleotide -1

// particle -1
sphere {
	<24.659147, 34.908600, 34.432121> 0.250000
	pigment { color rgbt <1,0,0,0> }
	no_shadow
}
cylinder {
	<24.267490, 34.896454, 34.512474>,  <24.032495, 34.889168, 34.560688>, 0.100000
	pigment { color rgbt <1,0,0,0> }
	no_shadow
}
cylinder {
	<24.267490, 34.896454, 34.512474>,  <24.659147, 34.908600, 34.432121>, 0.100000
	pigment { color rgbt <1,0,0,0> }
	no_shadow
}

// particle -1
sphere {
	<24.267490, 34.896454, 34.512474> 0.100000
	pigment { color rgbt <1,0,0,0> }
	no_shadow
}
sphere {
	0, 1
	scale<0.080000,0.200000,0.300000>
	matrix <-0.193835, 0.435835, -0.878906,
		-0.060866, -0.899514, -0.432631,
		-0.979144, -0.030363, 0.200885,
		23.973747, 34.887344, 34.572739>
	pigment { color rgbt <0,1,1,0> }
	no_shadow
}
cylinder {
	<24.460218, 34.639442, 33.904789>,  <24.659147, 34.908600, 34.432121>, 0.130000
	pigment { color rgbt <1,0,0,0> }
	no_shadow
}

// nucleotide -1

// particle -1
sphere {
	<24.460218, 34.639442, 33.904789> 0.250000
	pigment { color rgbt <1,0,0,0> }
	no_shadow
}
cylinder {
	<24.172604, 34.882225, 34.040192>,  <24.000034, 35.027893, 34.121433>, 0.100000
	pigment { color rgbt <1,0,0,0> }
	no_shadow
}
cylinder {
	<24.172604, 34.882225, 34.040192>,  <24.460218, 34.639442, 33.904789>, 0.100000
	pigment { color rgbt <1,0,0,0> }
	no_shadow
}

// particle -1
sphere {
	<24.172604, 34.882225, 34.040192> 0.100000
	pigment { color rgbt <1,0,0,0> }
	no_shadow
}
sphere {
	0, 1
	scale<0.080000,0.200000,0.300000>
	matrix <-0.073921, 0.417525, -0.905653,
		-0.691028, -0.676223, -0.255350,
		-0.719038, 0.606956, 0.338509,
		23.956892, 35.064312, 34.141743>
	pigment { color rgbt <0,1,1,0> }
	no_shadow
}
cylinder {
	<24.267403, 35.074688, 33.293739>,  <24.460218, 34.639442, 33.904789>, 0.130000
	pigment { color rgbt <1,0,0,0> }
	no_shadow
}

// nucleotide -1

// particle -1
sphere {
	<24.267403, 35.074688, 33.293739> 0.250000
	pigment { color rgbt <1,0,0,0> }
	no_shadow
}
cylinder {
	<24.238186, 35.202106, 32.915703>,  <24.220655, 35.278557, 32.688881>, 0.100000
	pigment { color rgbt <1,0,0,0> }
	no_shadow
}
cylinder {
	<24.238186, 35.202106, 32.915703>,  <24.267403, 35.074688, 33.293739>, 0.100000
	pigment { color rgbt <1,0,0,0> }
	no_shadow
}

// particle -1
sphere {
	<24.238186, 35.202106, 32.915703> 0.100000
	pigment { color rgbt <1,0,0,0> }
	no_shadow
}
sphere {
	0, 1
	scale<0.080000,0.200000,0.300000>
	matrix <0.085597, 0.946125, 0.312284,
		0.993649, -0.058086, -0.096376,
		-0.073044, 0.318550, -0.945088,
		24.216272, 35.297672, 32.632175>
	pigment { color rgbt <0,1,1,0> }
	no_shadow
}
cylinder {
	<24.748573, 35.685116, 33.317619>,  <24.267403, 35.074688, 33.293739>, 0.130000
	pigment { color rgbt <1,0,0,0> }
	no_shadow
}

// nucleotide -1

// particle -1
sphere {
	<24.748573, 35.685116, 33.317619> 0.250000
	pigment { color rgbt <1,0,0,0> }
	no_shadow
}
cylinder {
	<24.471880, 35.716728, 33.030491>,  <24.305864, 35.735695, 32.858215>, 0.100000
	pigment { color rgbt <1,0,0,0> }
	no_shadow
}
cylinder {
	<24.471880, 35.716728, 33.030491>,  <24.748573, 35.685116, 33.317619>, 0.100000
	pigment { color rgbt <1,0,0,0> }
	no_shadow
}

// particle -1
sphere {
	<24.471880, 35.716728, 33.030491> 0.100000
	pigment { color rgbt <1,0,0,0> }
	no_shadow
}
sphere {
	0, 1
	scale<0.080000,0.200000,0.300000>
	matrix <0.068242, 0.996700, 0.043969,
		0.718922, -0.018571, -0.694843,
		-0.691733, 0.079028, -0.717817,
		24.264360, 35.740437, 32.815147>
	pigment { color rgbt <0,1,1,0> }
	no_shadow
}
cylinder {
	<25.415100, 35.498764, 33.092957>,  <24.748573, 35.685116, 33.317619>, 0.130000
	pigment { color rgbt <1,0,0,0> }
	no_shadow
}

// nucleotide -1

// particle -1
sphere {
	<25.415100, 35.498764, 33.092957> 0.250000
	pigment { color rgbt <1,0,0,0> }
	no_shadow
}
cylinder {
	<25.502920, 35.479496, 33.482719>,  <25.555613, 35.467934, 33.716579>, 0.100000
	pigment { color rgbt <1,0,0,0> }
	no_shadow
}
cylinder {
	<25.502920, 35.479496, 33.482719>,  <25.415100, 35.498764, 33.092957>, 0.100000
	pigment { color rgbt <1,0,0,0> }
	no_shadow
}

// particle -1
sphere {
	<25.502920, 35.479496, 33.482719> 0.100000
	pigment { color rgbt <1,0,0,0> }
	no_shadow
}
sphere {
	0, 1
	scale<0.080000,0.200000,0.300000>
	matrix <0.945320, -0.236404, -0.224683,
		0.241178, 0.970460, -0.006367,
		0.219551, -0.048170, 0.974411,
		25.568785, 35.465046, 33.775043>
	pigment { color rgbt <0,1,1,0> }
	no_shadow
}
cylinder {
	<25.976517, 35.974533, 33.188007>,  <25.415100, 35.498764, 33.092957>, 0.130000
	pigment { color rgbt <1,0,0,0> }
	no_shadow
}

// nucleotide -1

// particle -1
sphere {
	<25.976517, 35.974533, 33.188007> 0.250000
	pigment { color rgbt <1,0,0,0> }
	no_shadow
}
cylinder {
	<25.969963, 35.662834, 33.438610>,  <25.966030, 35.475815, 33.588970>, 0.100000
	pigment { color rgbt <1,0,0,0> }
	no_shadow
}
cylinder {
	<25.969963, 35.662834, 33.438610>,  <25.976517, 35.974533, 33.188007>, 0.100000
	pigment { color rgbt <1,0,0,0> }
	no_shadow
}

// particle -1
sphere {
	<25.969963, 35.662834, 33.438610> 0.100000
	pigment { color rgbt <1,0,0,0> }
	no_shadow
}
sphere {
	0, 1
	scale<0.080000,0.200000,0.300000>
	matrix <0.948341, -0.210661, -0.237216,
		0.316830, 0.590254, 0.742441,
		-0.016386, -0.779245, 0.626505,
		25.965048, 35.429062, 33.626560>
	pigment { color rgbt <0,1,1,0> }
	no_shadow
}
cylinder {
	<26.464874, 36.002930, 33.883560>,  <25.976517, 35.974533, 33.188007>, 0.130000
	pigment { color rgbt <1,0,0,0> }
	no_shadow
}

// nucleotide -1

// particle -1
sphere {
	<26.464874, 36.002930, 33.883560> 0.250000
	pigment { color rgbt <1,0,0,0> }
	no_shadow
}
cylinder {
	<26.405930, 35.634285, 33.739944>,  <26.370564, 35.413097, 33.653774>, 0.100000
	pigment { color rgbt <1,0,0,0> }
	no_shadow
}
cylinder {
	<26.405930, 35.634285, 33.739944>,  <26.464874, 36.002930, 33.883560>, 0.100000
	pigment { color rgbt <1,0,0,0> }
	no_shadow
}

// particle -1
sphere {
	<26.405930, 35.634285, 33.739944> 0.100000
	pigment { color rgbt <1,0,0,0> }
	no_shadow
}
sphere {
	0, 1
	scale<0.080000,0.200000,0.300000>
	matrix <0.985979, -0.108147, -0.127079,
		0.078289, -0.372730, 0.924631,
		-0.147362, -0.921616, -0.359037,
		26.361721, 35.357800, 33.632233>
	pigment { color rgbt <0,1,1,0> }
	no_shadow
}
cylinder {
	<26.822149, 35.467224, 34.305180>,  <26.464874, 36.002930, 33.883560>, 0.130000
	pigment { color rgbt <1,0,0,0> }
	no_shadow
}

// nucleotide -1

// particle -1
sphere {
	<26.822149, 35.467224, 34.305180> 0.250000
	pigment { color rgbt <1,0,0,0> }
	no_shadow
}
cylinder {
	<26.762455, 35.346989, 33.928379>,  <26.726639, 35.274849, 33.702297>, 0.100000
	pigment { color rgbt <1,0,0,0> }
	no_shadow
}
cylinder {
	<26.762455, 35.346989, 33.928379>,  <26.822149, 35.467224, 34.305180>, 0.100000
	pigment { color rgbt <1,0,0,0> }
	no_shadow
}

// particle -1
sphere {
	<26.762455, 35.346989, 33.928379> 0.100000
	pigment { color rgbt <1,0,0,0> }
	no_shadow
}
sphere {
	0, 1
	scale<0.080000,0.200000,0.300000>
	matrix <0.978819, -0.179934, -0.097654,
		-0.140145, -0.936627, 0.321074,
		-0.149238, -0.300588, -0.942006,
		26.717684, 35.256813, 33.645779>
	pigment { color rgbt <0,1,1,0> }
	no_shadow
}
cylinder {
	<27.322145, 34.995838, 34.196762>,  <26.822149, 35.467224, 34.305180>, 0.130000
	pigment { color rgbt <1,0,0,0> }
	no_shadow
}

// nucleotide -1

// particle -1
sphere {
	<27.322145, 34.995838, 34.196762> 0.250000
	pigment { color rgbt <1,0,0,0> }
	no_shadow
}
cylinder {
	<27.227543, 35.068630, 33.814987>,  <27.170780, 35.112305, 33.585922>, 0.100000
	pigment { color rgbt <1,0,0,0> }
	no_shadow
}
cylinder {
	<27.227543, 35.068630, 33.814987>,  <27.322145, 34.995838, 34.196762>, 0.100000
	pigment { color rgbt <1,0,0,0> }
	no_shadow
}

// particle -1
sphere {
	<27.227543, 35.068630, 33.814987> 0.100000
	pigment { color rgbt <1,0,0,0> }
	no_shadow
}
sphere {
	0, 1
	scale<0.080000,0.200000,0.300000>
	matrix <0.971129, 0.075814, -0.226188,
		0.031197, -0.980375, -0.194659,
		-0.236507, 0.181983, -0.954435,
		27.156591, 35.123226, 33.528656>
	pigment { color rgbt <0,1,1,0> }
	no_shadow
}
cylinder {
	<27.737270, 34.501331, 33.895966>,  <27.322145, 34.995838, 34.196762>, 0.130000
	pigment { color rgbt <1,0,0,0> }
	no_shadow
}

// nucleotide -1

// particle -1
sphere {
	<27.737270, 34.501331, 33.895966> 0.250000
	pigment { color rgbt <1,0,0,0> }
	no_shadow
}
cylinder {
	<27.630840, 34.741276, 33.594139>,  <27.566982, 34.885242, 33.413044>, 0.100000
	pigment { color rgbt <1,0,0,0> }
	no_shadow
}
cylinder {
	<27.630840, 34.741276, 33.594139>,  <27.737270, 34.501331, 33.895966>, 0.100000
	pigment { color rgbt <1,0,0,0> }
	no_shadow
}

// particle -1
sphere {
	<27.630840, 34.741276, 33.594139> 0.100000
	pigment { color rgbt <1,0,0,0> }
	no_shadow
}
sphere {
	0, 1
	scale<0.080000,0.200000,0.300000>
	matrix <0.943688, 0.002438, -0.330826,
		-0.196610, -0.800102, -0.566729,
		-0.266076, 0.599859, -0.754567,
		27.551018, 34.921234, 33.367767>
	pigment { color rgbt <0,1,1,0> }
	no_shadow
}
cylinder {
	<28.240435, 34.337791, 33.243599>,  <27.737270, 34.501331, 33.895966>, 0.130000
	pigment { color rgbt <1,0,0,0> }
	no_shadow
}

// nucleotide -1

// particle -1
sphere {
	<28.240435, 34.337791, 33.243599> 0.250000
	pigment { color rgbt <1,0,0,0> }
	no_shadow
}
cylinder {
	<28.084511, 34.688408, 33.130650>,  <27.990957, 34.898777, 33.062881>, 0.100000
	pigment { color rgbt <1,0,0,0> }
	no_shadow
}
cylinder {
	<28.084511, 34.688408, 33.130650>,  <28.240435, 34.337791, 33.243599>, 0.100000
	pigment { color rgbt <1,0,0,0> }
	no_shadow
}

// particle -1
sphere {
	<28.084511, 34.688408, 33.130650> 0.100000
	pigment { color rgbt <1,0,0,0> }
	no_shadow
}
sphere {
	0, 1
	scale<0.080000,0.200000,0.300000>
	matrix <0.844899, 0.218437, -0.488294,
		-0.366327, -0.428916, -0.825733,
		-0.389808, 0.876537, -0.282371,
		27.967569, 34.951370, 33.045937>
	pigment { color rgbt <0,1,1,0> }
	no_shadow
}
cylinder {
	<28.298197, 34.326805, 32.500053>,  <28.240435, 34.337791, 33.243599>, 0.130000
	pigment { color rgbt <1,0,0,0> }
	no_shadow
}

// nucleotide -1

// particle -1
sphere {
	<28.298197, 34.326805, 32.500053> 0.250000
	pigment { color rgbt <1,0,0,0> }
	no_shadow
}
cylinder {
	<28.298798, 34.688175, 32.671555>,  <28.299158, 34.904995, 32.774456>, 0.100000
	pigment { color rgbt <1,0,0,0> }
	no_shadow
}
cylinder {
	<28.298798, 34.688175, 32.671555>,  <28.298197, 34.326805, 32.500053>, 0.100000
	pigment { color rgbt <1,0,0,0> }
	no_shadow
}

// particle -1
sphere {
	<28.298798, 34.688175, 32.671555> 0.100000
	pigment { color rgbt <1,0,0,0> }
	no_shadow
}
sphere {
	0, 1
	scale<0.080000,0.200000,0.300000>
	matrix <0.879639, 0.202739, -0.430270,
		-0.475640, 0.377791, -0.794381,
		0.001500, 0.903422, 0.428750,
		28.299248, 34.959202, 32.800179>
	pigment { color rgbt <0,1,1,0> }
	no_shadow
}
cylinder {
	<28.554739, 34.660675, 31.896963>,  <28.298197, 34.326805, 32.500053>, 0.130000
	pigment { color rgbt <1,0,0,0> }
	no_shadow
}

// nucleotide -1

// particle -1
sphere {
	<28.554739, 34.660675, 31.896963> 0.250000
	pigment { color rgbt <1,0,0,0> }
	no_shadow
}
cylinder {
	<28.589312, 34.940842, 32.180355>,  <28.610054, 35.108944, 32.350391>, 0.100000
	pigment { color rgbt <1,0,0,0> }
	no_shadow
}
cylinder {
	<28.589312, 34.940842, 32.180355>,  <28.554739, 34.660675, 31.896963>, 0.100000
	pigment { color rgbt <1,0,0,0> }
	no_shadow
}

// particle -1
sphere {
	<28.589312, 34.940842, 32.180355> 0.100000
	pigment { color rgbt <1,0,0,0> }
	no_shadow
}
sphere {
	0, 1
	scale<0.080000,0.200000,0.300000>
	matrix <0.862403, 0.303442, -0.405196,
		-0.498789, 0.646016, -0.577817,
		0.086429, 0.700418, 0.708480,
		28.615240, 35.150967, 32.392899>
	pigment { color rgbt <0,1,1,0> }
	no_shadow
}
cylinder {
	<28.651390, 35.295689, 31.544743>,  <28.554739, 34.660675, 31.896963>, 0.130000
	pigment { color rgbt <1,0,0,0> }
	no_shadow
}

// nucleotide -1

// particle -1
sphere {
	<28.651390, 35.295689, 31.544743> 0.250000
	pigment { color rgbt <1,0,0,0> }
	no_shadow
}
cylinder {
	<28.781303, 35.336422, 31.920858>,  <28.859251, 35.360863, 32.146526>, 0.100000
	pigment { color rgbt <1,0,0,0> }
	no_shadow
}
cylinder {
	<28.781303, 35.336422, 31.920858>,  <28.651390, 35.295689, 31.544743>, 0.100000
	pigment { color rgbt <1,0,0,0> }
	no_shadow
}

// particle -1
sphere {
	<28.781303, 35.336422, 31.920858> 0.100000
	pigment { color rgbt <1,0,0,0> }
	no_shadow
}
sphere {
	0, 1
	scale<0.080000,0.200000,0.300000>
	matrix <0.882548, 0.324804, -0.340017,
		-0.340035, 0.940283, 0.015619,
		0.324785, 0.101833, 0.940290,
		28.878738, 35.366970, 32.202946>
	pigment { color rgbt <0,1,1,0> }
	no_shadow
}
cylinder {
	<29.151052, 35.802700, 31.492159>,  <28.651390, 35.295689, 31.544743>, 0.130000
	pigment { color rgbt <1,0,0,0> }
	no_shadow
}

// nucleotide -1

// particle -1
sphere {
	<29.151052, 35.802700, 31.492159> 0.250000
	pigment { color rgbt <1,0,0,0> }
	no_shadow
}
cylinder {
	<29.268024, 35.666946, 31.849775>,  <29.338207, 35.585495, 32.064346>, 0.100000
	pigment { color rgbt <1,0,0,0> }
	no_shadow
}
cylinder {
	<29.268024, 35.666946, 31.849775>,  <29.151052, 35.802700, 31.492159>, 0.100000
	pigment { color rgbt <1,0,0,0> }
	no_shadow
}

// particle -1
sphere {
	<29.268024, 35.666946, 31.849775> 0.100000
	pigment { color rgbt <1,0,0,0> }
	no_shadow
}
sphere {
	0, 1
	scale<0.080000,0.200000,0.300000>
	matrix <0.946845, 0.233813, -0.220945,
		-0.134054, 0.911127, 0.389713,
		0.292429, -0.339379, 0.894040,
		29.355753, 35.565132, 32.117989>
	pigment { color rgbt <0,1,1,0> }
	no_shadow
}
cylinder {
	<29.623697, 36.230598, 31.846910>,  <29.151052, 35.802700, 31.492159>, 0.130000
	pigment { color rgbt <1,0,0,0> }
	no_shadow
}

// nucleotide -1

// particle -1
sphere {
	<29.623697, 36.230598, 31.846910> 0.250000
	pigment { color rgbt <1,0,0,0> }
	no_shadow
}
cylinder {
	<29.699270, 35.895153, 32.051273>,  <29.744614, 35.693886, 32.173889>, 0.100000
	pigment { color rgbt <1,0,0,0> }
	no_shadow
}
cylinder {
	<29.699270, 35.895153, 32.051273>,  <29.623697, 36.230598, 31.846910>, 0.100000
	pigment { color rgbt <1,0,0,0> }
	no_shadow
}

// particle -1
sphere {
	<29.699270, 35.895153, 32.051273> 0.100000
	pigment { color rgbt <1,0,0,0> }
	no_shadow
}
sphere {
	0, 1
	scale<0.080000,0.200000,0.300000>
	matrix <0.980758, 0.135082, -0.140952,
		0.049190, 0.527705, 0.848002,
		0.188931, -0.838618, 0.510906,
		29.755949, 35.643566, 32.204544>
	pigment { color rgbt <0,1,1,0> }
	no_shadow
}
cylinder {
	<30.225145, 36.384106, 32.341312>,  <29.623697, 36.230598, 31.846910>, 0.130000
	pigment { color rgbt <1,0,0,0> }
	no_shadow
}

// nucleotide -1

// particle -1
sphere {
	<30.225145, 36.384106, 32.341312> 0.250000
	pigment { color rgbt <1,0,0,0> }
	no_shadow
}
cylinder {
	<30.197474, 35.988705, 32.287518>,  <30.180870, 35.751465, 32.255241>, 0.100000
	pigment { color rgbt <1,0,0,0> }
	no_shadow
}
cylinder {
	<30.197474, 35.988705, 32.287518>,  <30.225145, 36.384106, 32.341312>, 0.100000
	pigment { color rgbt <1,0,0,0> }
	no_shadow
}

// particle -1
sphere {
	<30.197474, 35.988705, 32.287518> 0.100000
	pigment { color rgbt <1,0,0,0> }
	no_shadow
}
sphere {
	0, 1
	scale<0.080000,0.200000,0.300000>
	matrix <0.930674, -0.015403, -0.365525,
		0.359249, -0.150449, 0.921035,
		-0.069180, -0.988498, -0.134485,
		30.176720, 35.692154, 32.247173>
	pigment { color rgbt <0,1,1,0> }
	no_shadow
}
cylinder {
	<30.866703, 36.097347, 32.614639>,  <30.225145, 36.384106, 32.341312>, 0.130000
	pigment { color rgbt <1,0,0,0> }
	no_shadow
}

// nucleotide -1

// particle -1
sphere {
	<30.866703, 36.097347, 32.614639> 0.250000
	pigment { color rgbt <1,0,0,0> }
	no_shadow
}
cylinder {
	<30.707947, 35.813538, 32.381725>,  <30.612694, 35.643253, 32.241978>, 0.100000
	pigment { color rgbt <1,0,0,0> }
	no_shadow
}
cylinder {
	<30.707947, 35.813538, 32.381725>,  <30.866703, 36.097347, 32.614639>, 0.100000
	pigment { color rgbt <1,0,0,0> }
	no_shadow
}

// particle -1
sphere {
	<30.707947, 35.813538, 32.381725> 0.100000
	pigment { color rgbt <1,0,0,0> }
	no_shadow
}
sphere {
	0, 1
	scale<0.080000,0.200000,0.300000>
	matrix <0.845606, -0.035920, -0.532598,
		0.356973, -0.703769, 0.614231,
		-0.396889, -0.709520, -0.582288,
		30.588881, 35.600681, 32.207039>
	pigment { color rgbt <0,1,1,0> }
	no_shadow
}
cylinder {
	<31.359261, 35.748543, 32.410797>,  <30.866703, 36.097347, 32.614639>, 0.130000
	pigment { color rgbt <1,0,0,0> }
	no_shadow
}

// nucleotide -1

// particle -1
sphere {
	<31.359261, 35.748543, 32.410797> 0.250000
	pigment { color rgbt <1,0,0,0> }
	no_shadow
}
cylinder {
	<31.108437, 35.622746, 32.125732>,  <30.957941, 35.547268, 31.954695>, 0.100000
	pigment { color rgbt <1,0,0,0> }
	no_shadow
}
cylinder {
	<31.108437, 35.622746, 32.125732>,  <31.359261, 35.748543, 32.410797>, 0.100000
	pigment { color rgbt <1,0,0,0> }
	no_shadow
}

// particle -1
sphere {
	<31.108437, 35.622746, 32.125732> 0.100000
	pigment { color rgbt <1,0,0,0> }
	no_shadow
}
sphere {
	0, 1
	scale<0.080000,0.200000,0.300000>
	matrix <0.773441, -0.142572, -0.617626,
		0.092636, -0.938491, 0.332647,
		-0.627062, -0.314497, -0.712660,
		30.920319, 35.528397, 31.911934>
	pigment { color rgbt <0,1,1,0> }
	no_shadow
}
cylinder {
	<31.647879, 35.112511, 32.093220>,  <31.359261, 35.748543, 32.410797>, 0.130000
	pigment { color rgbt <1,0,0,0> }
	no_shadow
}

// nucleotide -1

// particle -1
sphere {
	<31.647879, 35.112511, 32.093220> 0.250000
	pigment { color rgbt <1,0,0,0> }
	no_shadow
}
cylinder {
	<31.415300, 35.285759, 31.817734>,  <31.275753, 35.389706, 31.652441>, 0.100000
	pigment { color rgbt <1,0,0,0> }
	no_shadow
}
cylinder {
	<31.415300, 35.285759, 31.817734>,  <31.647879, 35.112511, 32.093220>, 0.100000
	pigment { color rgbt <1,0,0,0> }
	no_shadow
}

// particle -1
sphere {
	<31.415300, 35.285759, 31.817734> 0.100000
	pigment { color rgbt <1,0,0,0> }
	no_shadow
}
sphere {
	0, 1
	scale<0.080000,0.200000,0.300000>
	matrix <0.724245, -0.110123, -0.680692,
		-0.370664, -0.894585, -0.249653,
		-0.581444, 0.433118, -0.688717,
		31.240868, 35.415695, 31.611118>
	pigment { color rgbt <0,1,1,0> }
	no_shadow
}
cylinder {
	<31.872442, 34.757004, 31.631163>,  <31.647879, 35.112511, 32.093220>, 0.130000
	pigment { color rgbt <1,0,0,0> }
	no_shadow
}

// nucleotide -1

// particle -1
sphere {
	<31.872442, 34.757004, 31.631163> 0.250000
	pigment { color rgbt <1,0,0,0> }
	no_shadow
}
cylinder {
	<31.704023, 35.081722, 31.469320>,  <31.602972, 35.276554, 31.372215>, 0.100000
	pigment { color rgbt <1,0,0,0> }
	no_shadow
}
cylinder {
	<31.704023, 35.081722, 31.469320>,  <31.872442, 34.757004, 31.631163>, 0.100000
	pigment { color rgbt <1,0,0,0> }
	no_shadow
}

// particle -1
sphere {
	<31.704023, 35.081722, 31.469320> 0.100000
	pigment { color rgbt <1,0,0,0> }
	no_shadow
}
sphere {
	0, 1
	scale<0.080000,0.200000,0.300000>
	matrix <0.753553, 0.064787, -0.654187,
		-0.504852, -0.580338, -0.639009,
		-0.421048, 0.811795, -0.404608,
		31.577709, 35.325260, 31.347939>
	pigment { color rgbt <0,1,1,0> }
	no_shadow
}
cylinder {
	<31.764404, 34.687733, 30.987055>,  <31.872442, 34.757004, 31.631163>, 0.130000
	pigment { color rgbt <1,0,0,0> }
	no_shadow
}

// nucleotide -1

// particle -1
sphere {
	<31.764404, 34.687733, 30.987055> 0.250000
	pigment { color rgbt <1,0,0,0> }
	no_shadow
}
cylinder {
	<31.769485, 35.087666, 30.992437>,  <31.772533, 35.327625, 30.995667>, 0.100000
	pigment { color rgbt <1,0,0,0> }
	no_shadow
}
cylinder {
	<31.769485, 35.087666, 30.992437>,  <31.764404, 34.687733, 30.987055>, 0.100000
	pigment { color rgbt <1,0,0,0> }
	no_shadow
}

// particle -1
sphere {
	<31.769485, 35.087666, 30.992437> 0.100000
	pigment { color rgbt <1,0,0,0> }
	no_shadow
}
sphere {
	0, 1
	scale<0.080000,0.200000,0.300000>
	matrix <0.600609, 0.003132, -0.799537,
		-0.799442, 0.018237, -0.600466,
		0.012701, 0.999829, 0.013457,
		31.773296, 35.387615, 30.996475>
	pigment { color rgbt <0,1,1,0> }
	no_shadow
}
cylinder {
	<32.033230, 34.436668, 30.251925>,  <31.764404, 34.687733, 30.987055>, 0.130000
	pigment { color rgbt <1,0,0,0> }
	no_shadow
}

// nucleotide -1

// particle -1
sphere {
	<32.033230, 34.436668, 30.251925> 0.250000
	pigment { color rgbt <1,0,0,0> }
	no_shadow
}
cylinder {
	<32.399364, 34.414944, 30.092318>,  <32.619045, 34.401909, 29.996553>, 0.100000
	pigment { color rgbt <1,0,0,0> }
	no_shadow
}
cylinder {
	<32.399364, 34.414944, 30.092318>,  <32.033230, 34.436668, 30.251925>, 0.100000
	pigment { color rgbt <1,0,0,0> }
	no_shadow
}

// particle -1
sphere {
	<32.399364, 34.414944, 30.092318> 0.100000
	pigment { color rgbt <1,0,0,0> }
	no_shadow
}
sphere {
	0, 1
	scale<0.080000,0.200000,0.300000>
	matrix <-0.054300, -0.998460, 0.011336,
		-0.399018, 0.011290, -0.916874,
		0.915334, -0.054310, -0.399016,
		32.673965, 34.398651, 29.972612>
	pigment { color rgbt <0,1,1,0> }
	no_shadow
}
cylinder {
	<31.980879, 34.064259, 29.557131>,  <32.033230, 34.436668, 30.251925>, 0.130000
	pigment { color rgbt <1,0,0,0> }
	no_shadow
}

// nucleotide -1

// particle -1
sphere {
	<31.980879, 34.064259, 29.557131> 0.250000
	pigment { color rgbt <1,0,0,0> }
	no_shadow
}
cylinder {
	<32.342472, 34.032482, 29.725180>,  <32.559429, 34.013416, 29.826008>, 0.100000
	pigment { color rgbt <1,0,0,0> }
	no_shadow
}
cylinder {
	<32.342472, 34.032482, 29.725180>,  <31.980879, 34.064259, 29.557131>, 0.100000
	pigment { color rgbt <1,0,0,0> }
	no_shadow
}

// particle -1
sphere {
	<32.342472, 34.032482, 29.725180> 0.100000
	pigment { color rgbt <1,0,0,0> }
	no_shadow
}
sphere {
	0, 1
	scale<0.080000,0.200000,0.300000>
	matrix <-0.039859, -0.993967, -0.102183,
		0.425704, 0.075626, -0.901697,
		0.903984, -0.079440, 0.420121,
		32.613667, 34.008652, 29.851215>
	pigment { color rgbt <0,1,1,0> }
	no_shadow
}
cylinder {
	<32.498348, 33.702862, 29.100273>,  <31.980879, 34.064259, 29.557131>, 0.130000
	pigment { color rgbt <1,0,0,0> }
	no_shadow
}

// nucleotide -1

// particle -1
sphere {
	<32.498348, 33.702862, 29.100273> 0.250000
	pigment { color rgbt <1,0,0,0> }
	no_shadow
}
cylinder {
	<32.557121, 33.643604, 29.491468>,  <32.592384, 33.608047, 29.726185>, 0.100000
	pigment { color rgbt <1,0,0,0> }
	no_shadow
}
cylinder {
	<32.557121, 33.643604, 29.491468>,  <32.498348, 33.702862, 29.100273>, 0.100000
	pigment { color rgbt <1,0,0,0> }
	no_shadow
}

// particle -1
sphere {
	<32.557121, 33.643604, 29.491468> 0.100000
	pigment { color rgbt <1,0,0,0> }
	no_shadow
}
sphere {
	0, 1
	scale<0.080000,0.200000,0.300000>
	matrix <-0.112851, -0.984775, -0.132221,
		0.982687, -0.090939, -0.161418,
		0.146937, -0.148148, 0.977989,
		32.601204, 33.599159, 29.784864>
	pigment { color rgbt <0,1,1,0> }
	no_shadow
}
cylinder {
	<32.931259, 33.151321, 29.177658>,  <32.498348, 33.702862, 29.100273>, 0.130000
	pigment { color rgbt <1,0,0,0> }
	no_shadow
}

// nucleotide -1

// particle -1
sphere {
	<32.931259, 33.151321, 29.177658> 0.250000
	pigment { color rgbt <1,0,0,0> }
	no_shadow
}
cylinder {
	<32.741390, 33.140526, 29.529558>,  <32.627468, 33.134048, 29.740698>, 0.100000
	pigment { color rgbt <1,0,0,0> }
	no_shadow
}
cylinder {
	<32.741390, 33.140526, 29.529558>,  <32.931259, 33.151321, 29.177658>, 0.100000
	pigment { color rgbt <1,0,0,0> }
	no_shadow
}

// particle -1
sphere {
	<32.741390, 33.140526, 29.529558> 0.100000
	pigment { color rgbt <1,0,0,0> }
	no_shadow
}
sphere {
	0, 1
	scale<0.080000,0.200000,0.300000>
	matrix <-0.143108, -0.983863, -0.107398,
		0.868453, -0.176878, 0.463146,
		-0.474668, -0.026990, 0.879751,
		32.598991, 33.132427, 29.793484>
	pigment { color rgbt <0,1,1,0> }
	no_shadow
}
cylinder {
	<32.249775, 32.997890, 29.327553>,  <32.931259, 33.151321, 29.177658>, 0.130000
	pigment { color rgbt <1,0,0,0> }
	no_shadow
}

// nucleotide -1

// particle -1
sphere {
	<32.249775, 32.997890, 29.327553> 0.250000
	pigment { color rgbt <1,0,0,0> }
	no_shadow
}
cylinder {
	<32.314121, 33.148243, 28.962515>,  <32.352730, 33.238457, 28.743492>, 0.100000
	pigment { color rgbt <1,0,0,0> }
	no_shadow
}
cylinder {
	<32.314121, 33.148243, 28.962515>,  <32.249775, 32.997890, 29.327553>, 0.100000
	pigment { color rgbt <1,0,0,0> }
	no_shadow
}

// particle -1
sphere {
	<32.314121, 33.148243, 28.962515> 0.100000
	pigment { color rgbt <1,0,0,0> }
	no_shadow
}
sphere {
	0, 1
	scale<0.080000,0.200000,0.300000>
	matrix <-0.166610, -0.901027, -0.400489,
		-0.972812, 0.216473, -0.082320,
		0.160867, 0.375885, -0.912596,
		32.362381, 33.261009, 28.688736>
	pigment { color rgbt <0,1,1,0> }
	no_shadow
}
cylinder {
	<31.703402, 33.076706, 28.825676>,  <32.249775, 32.997890, 29.327553>, 0.130000
	pigment { color rgbt <1,0,0,0> }
	no_shadow
}

// nucleotide -1

// particle -1
sphere {
	<31.703402, 33.076706, 28.825676> 0.250000
	pigment { color rgbt <1,0,0,0> }
	no_shadow
}
cylinder {
	<32.065647, 32.949093, 28.713903>,  <32.282993, 32.872524, 28.646839>, 0.100000
	pigment { color rgbt <1,0,0,0> }
	no_shadow
}
cylinder {
	<32.065647, 32.949093, 28.713903>,  <31.703402, 33.076706, 28.825676>, 0.100000
	pigment { color rgbt <1,0,0,0> }
	no_shadow
}

// particle -1
sphere {
	<32.065647, 32.949093, 28.713903> 0.100000
	pigment { color rgbt <1,0,0,0> }
	no_shadow
}
sphere {
	0, 1
	scale<0.080000,0.200000,0.300000>
	matrix <-0.359682, -0.926864, -0.107481,
		-0.224705, 0.197843, -0.954131,
		0.905614, -0.319032, -0.279432,
		32.337330, 32.853382, 28.630074>
	pigment { color rgbt <0,1,1,0> }
	no_shadow
}
cylinder {
	<31.791428, 32.671028, 28.077526>,  <31.703402, 33.076706, 28.825676>, 0.130000
	pigment { color rgbt <1,0,0,0> }
	no_shadow
}

// nucleotide -1

// particle -1
sphere {
	<31.791428, 32.671028, 28.077526> 0.250000
	pigment { color rgbt <1,0,0,0> }
	no_shadow
}
cylinder {
	<32.087734, 32.571198, 28.327000>,  <32.265518, 32.511299, 28.476685>, 0.100000
	pigment { color rgbt <1,0,0,0> }
	no_shadow
}
cylinder {
	<32.087734, 32.571198, 28.327000>,  <31.791428, 32.671028, 28.077526>, 0.100000
	pigment { color rgbt <1,0,0,0> }
	no_shadow
}

// particle -1
sphere {
	<32.087734, 32.571198, 28.327000> 0.100000
	pigment { color rgbt <1,0,0,0> }
	no_shadow
}
sphere {
	0, 1
	scale<0.080000,0.200000,0.300000>
	matrix <-0.279167, -0.958828, -0.052109,
		0.611010, -0.135511, -0.779938,
		0.740765, -0.249572, 0.623683,
		32.309963, 32.496326, 28.514105>
	pigment { color rgbt <0,1,1,0> }
	no_shadow
}
cylinder {
	<32.362274, 32.225586, 27.747190>,  <31.791428, 32.671028, 28.077526>, 0.130000
	pigment { color rgbt <1,0,0,0> }
	no_shadow
}

// nucleotide -1

// particle -1
sphere {
	<32.362274, 32.225586, 27.747190> 0.250000
	pigment { color rgbt <1,0,0,0> }
	no_shadow
}
cylinder {
	<32.280167, 32.158127, 28.132816>,  <32.230904, 32.117653, 28.364193>, 0.100000
	pigment { color rgbt <1,0,0,0> }
	no_shadow
}
cylinder {
	<32.280167, 32.158127, 28.132816>,  <32.362274, 32.225586, 27.747190>, 0.100000
	pigment { color rgbt <1,0,0,0> }
	no_shadow
}

// particle -1
sphere {
	<32.280167, 32.158127, 28.132816> 0.100000
	pigment { color rgbt <1,0,0,0> }
	no_shadow
}
sphere {
	0, 1
	scale<0.080000,0.200000,0.300000>
	matrix <-0.289267, -0.930580, -0.224379,
		0.934981, -0.324930, 0.142233,
		-0.205267, -0.168647, 0.964066,
		32.218586, 32.107533, 28.422035>
	pigment { color rgbt <0,1,1,0> }
	no_shadow
}
cylinder {
	<32.927277, 31.657776, 27.719151>,  <32.362274, 32.225586, 27.747190>, 0.130000
	pigment { color rgbt <1,0,0,0> }
	no_shadow
}

// nucleotide -1

// particle -1
sphere {
	<32.927277, 31.657776, 27.719151> 0.250000
	pigment { color rgbt <1,0,0,0> }
	no_shadow
}
cylinder {
	<32.671700, 31.674412, 28.026403>,  <32.518353, 31.684393, 28.210754>, 0.100000
	pigment { color rgbt <1,0,0,0> }
	no_shadow
}
cylinder {
	<32.671700, 31.674412, 28.026403>,  <32.927277, 31.657776, 27.719151>, 0.100000
	pigment { color rgbt <1,0,0,0> }
	no_shadow
}

// particle -1
sphere {
	<32.671700, 31.674412, 28.026403> 0.100000
	pigment { color rgbt <1,0,0,0> }
	no_shadow
}
sphere {
	0, 1
	scale<0.080000,0.200000,0.300000>
	matrix <-0.071220, -0.997447, -0.005233,
		0.765953, -0.058050, 0.640270,
		-0.638939, 0.041591, 0.768132,
		32.480019, 31.686890, 28.256844>
	pigment { color rgbt <0,1,1,0> }
	no_shadow
}
cylinder {
	<33.190609, 31.104734, 28.182854>,  <32.927277, 31.657776, 27.719151>, 0.130000
	pigment { color rgbt <1,0,0,0> }
	no_shadow
}

// nucleotide -1

// particle -1
sphere {
	<33.190609, 31.104734, 28.182854> 0.250000
	pigment { color rgbt <1,0,0,0> }
	no_shadow
}
cylinder {
	<32.803886, 31.188587, 28.241287>,  <32.571854, 31.238899, 28.276348>, 0.100000
	pigment { color rgbt <1,0,0,0> }
	no_shadow
}
cylinder {
	<32.803886, 31.188587, 28.241287>,  <33.190609, 31.104734, 28.182854>, 0.100000
	pigment { color rgbt <1,0,0,0> }
	no_shadow
}

// particle -1
sphere {
	<32.803886, 31.188587, 28.241287> 0.100000
	pigment { color rgbt <1,0,0,0> }
	no_shadow
}
sphere {
	0, 1
	scale<0.080000,0.200000,0.300000>
	matrix <-0.191103, -0.972766, 0.131174,
		0.169603, 0.098903, 0.980537,
		-0.966806, 0.209631, 0.146083,
		32.513844, 31.251476, 28.285112>
	pigment { color rgbt <0,1,1,0> }
	no_shadow
}
cylinder {
	<32.860588, 30.699682, 28.777882>,  <33.190609, 31.104734, 28.182854>, 0.130000
	pigment { color rgbt <1,0,0,0> }
	no_shadow
}

// nucleotide -1

// particle -1
sphere {
	<32.860588, 30.699682, 28.777882> 0.250000
	pigment { color rgbt <1,0,0,0> }
	no_shadow
}
cylinder {
	<32.598331, 30.782150, 28.487328>,  <32.440979, 30.831631, 28.312996>, 0.100000
	pigment { color rgbt <1,0,0,0> }
	no_shadow
}
cylinder {
	<32.598331, 30.782150, 28.487328>,  <32.860588, 30.699682, 28.777882>, 0.100000
	pigment { color rgbt <1,0,0,0> }
	no_shadow
}

// particle -1
sphere {
	<32.598331, 30.782150, 28.487328> 0.100000
	pigment { color rgbt <1,0,0,0> }
	no_shadow
}
sphere {
	0, 1
	scale<0.080000,0.200000,0.300000>
	matrix <-0.409163, -0.905525, 0.112296,
		-0.634606, 0.370835, 0.678054,
		-0.655638, 0.206171, -0.726383,
		32.401642, 30.844002, 28.269413>
	pigment { color rgbt <0,1,1,0> }
	no_shadow
}
cylinder {
	<32.427273, 30.208960, 28.356167>,  <32.860588, 30.699682, 28.777882>, 0.130000
	pigment { color rgbt <1,0,0,0> }
	no_shadow
}

// nucleotide -1

// particle -1
sphere {
	<32.427273, 30.208960, 28.356167> 0.250000
	pigment { color rgbt <1,0,0,0> }
	no_shadow
}
cylinder {
	<32.366142, 30.204691, 27.960888>,  <32.329464, 30.202129, 27.723721>, 0.100000
	pigment { color rgbt <1,0,0,0> }
	no_shadow
}
cylinder {
	<32.366142, 30.204691, 27.960888>,  <32.427273, 30.208960, 28.356167>, 0.100000
	pigment { color rgbt <1,0,0,0> }
	no_shadow
}

// particle -1
sphere {
	<32.366142, 30.204691, 27.960888> 0.100000
	pigment { color rgbt <1,0,0,0> }
	no_shadow
}
sphere {
	0, 1
	scale<0.080000,0.200000,0.300000>
	matrix <-0.514398, 0.854664, 0.070320,
		0.843825, 0.519072, -0.136101,
		-0.152822, -0.010673, -0.988196,
		32.320297, 30.201488, 27.664429>
	pigment { color rgbt <0,1,1,0> }
	no_shadow
}
cylinder {
	<32.299377, 30.317270, 29.152075>,  <32.427273, 30.208960, 28.356167>, 0.130000
	pigment { color rgbt <1,0,0,0> }
	no_shadow
}

// nucleotide -1

// particle -1
sphere {
	<32.299377, 30.317270, 29.152075> 0.250000
	pigment { color rgbt <1,0,0,0> }
	no_shadow
}
cylinder {
	<32.085609, 30.236015, 28.823896>,  <31.957350, 30.187262, 28.626989>, 0.100000
	pigment { color rgbt <1,0,0,0> }
	no_shadow
}
cylinder {
	<32.085609, 30.236015, 28.823896>,  <32.299377, 30.317270, 29.152075>, 0.100000
	pigment { color rgbt <1,0,0,0> }
	no_shadow
}

// particle -1
sphere {
	<32.085609, 30.236015, 28.823896> 0.100000
	pigment { color rgbt <1,0,0,0> }
	no_shadow
}
sphere {
	0, 1
	scale<0.080000,0.200000,0.300000>
	matrix <-0.836105, 0.269229, 0.477959,
		0.123796, 0.941409, -0.313726,
		-0.534419, -0.203139, -0.820446,
		31.925283, 30.175074, 28.577763>
	pigment { color rgbt <0,1,1,0> }
	no_shadow
}
cylinder {
	<31.886202, 30.889265, 29.040096>,  <32.299377, 30.317270, 29.152075>, 0.130000
	pigment { color rgbt <1,0,0,0> }
	no_shadow
}

// nucleotide -1

// particle -1
sphere {
	<31.886202, 30.889265, 29.040096> 0.250000
	pigment { color rgbt <1,0,0,0> }
	no_shadow
}
cylinder {
	<31.738367, 30.547707, 28.893524>,  <31.649666, 30.342772, 28.805582>, 0.100000
	pigment { color rgbt <1,0,0,0> }
	no_shadow
}
cylinder {
	<31.738367, 30.547707, 28.893524>,  <31.886202, 30.889265, 29.040096>, 0.100000
	pigment { color rgbt <1,0,0,0> }
	no_shadow
}

// particle -1
sphere {
	<31.738367, 30.547707, 28.893524> 0.100000
	pigment { color rgbt <1,0,0,0> }
	no_shadow
}
sphere {
	0, 1
	scale<0.080000,0.200000,0.300000>
	matrix <-0.806911, 0.099391, 0.582250,
		-0.460761, 0.510866, -0.725751,
		-0.369586, -0.853895, -0.366428,
		31.627491, 30.291538, 28.783596>
	pigment { color rgbt <0,1,1,0> }
	no_shadow
}
cylinder {
	<31.185106, 31.068066, 28.862661>,  <31.886202, 30.889265, 29.040096>, 0.130000
	pigment { color rgbt <1,0,0,0> }
	no_shadow
}

// nucleotide -1

// particle -1
sphere {
	<31.185106, 31.068066, 28.862661> 0.250000
	pigment { color rgbt <1,0,0,0> }
	no_shadow
}
cylinder {
	<31.193230, 30.671598, 28.915081>,  <31.198103, 30.433718, 28.946533>, 0.100000
	pigment { color rgbt <1,0,0,0> }
	no_shadow
}
cylinder {
	<31.193230, 30.671598, 28.915081>,  <31.185106, 31.068066, 28.862661>, 0.100000
	pigment { color rgbt <1,0,0,0> }
	no_shadow
}

// particle -1
sphere {
	<31.193230, 30.671598, 28.915081> 0.100000
	pigment { color rgbt <1,0,0,0> }
	no_shadow
}
sphere {
	0, 1
	scale<0.080000,0.200000,0.300000>
	matrix <-0.835591, 0.055146, 0.546577,
		-0.548976, -0.120605, -0.827091,
		0.020309, -0.991168, 0.131050,
		31.199322, 30.374249, 28.954395>
	pigment { color rgbt <0,1,1,0> }
	no_shadow
}
cylinder {
	<30.545946, 30.868555, 28.744827>,  <31.185106, 31.068066, 28.862661>, 0.130000
	pigment { color rgbt <1,0,0,0> }
	no_shadow
}

// nucleotide -1

// particle -1
sphere {
	<30.545946, 30.868555, 28.744827> 0.250000
	pigment { color rgbt <1,0,0,0> }
	no_shadow
}
cylinder {
	<30.703228, 30.559830, 28.944706>,  <30.797598, 30.374596, 29.064632>, 0.100000
	pigment { color rgbt <1,0,0,0> }
	no_shadow
}
cylinder {
	<30.703228, 30.559830, 28.944706>,  <30.545946, 30.868555, 28.744827>, 0.100000
	pigment { color rgbt <1,0,0,0> }
	no_shadow
}

// particle -1
sphere {
	<30.703228, 30.559830, 28.944706> 0.100000
	pigment { color rgbt <1,0,0,0> }
	no_shadow
}
sphere {
	0, 1
	scale<0.080000,0.200000,0.300000>
	matrix <-0.862965, -0.122241, 0.490253,
		-0.317299, -0.623991, -0.714112,
		0.393207, -0.771811, 0.499696,
		30.821190, 30.328287, 29.094614>
	pigment { color rgbt <0,1,1,0> }
	no_shadow
}
cylinder {
	<30.065617, 30.274597, 28.695459>,  <30.545946, 30.868555, 28.744827>, 0.130000
	pigment { color rgbt <1,0,0,0> }
	no_shadow
}

// nucleotide -1

// particle -1
sphere {
	<30.065617, 30.274597, 28.695459> 0.250000
	pigment { color rgbt <1,0,0,0> }
	no_shadow
}
cylinder {
	<30.302443, 30.246378, 29.016579>,  <30.444538, 30.229446, 29.209249>, 0.100000
	pigment { color rgbt <1,0,0,0> }
	no_shadow
}
cylinder {
	<30.302443, 30.246378, 29.016579>,  <30.065617, 30.274597, 28.695459>, 0.100000
	pigment { color rgbt <1,0,0,0> }
	no_shadow
}

// particle -1
sphere {
	<30.302443, 30.246378, 29.016579> 0.100000
	pigment { color rgbt <1,0,0,0> }
	no_shadow
}
sphere {
	0, 1
	scale<0.080000,0.200000,0.300000>
	matrix <-0.805668, -0.075247, 0.587569,
		0.018961, -0.994667, -0.101382,
		0.592064, -0.070540, 0.802798,
		30.480062, 30.225214, 29.257418>
	pigment { color rgbt <0,1,1,0> }
	no_shadow
}
cylinder {
	<29.663698, 29.819244, 29.071102>,  <30.065617, 30.274597, 28.695459>, 0.130000
	pigment { color rgbt <1,0,0,0> }
	no_shadow
}

// nucleotide -1

// particle -1
sphere {
	<29.663698, 29.819244, 29.071102> 0.250000
	pigment { color rgbt <1,0,0,0> }
	no_shadow
}
cylinder {
	<29.917997, 29.980402, 29.334465>,  <30.070578, 30.077097, 29.492483>, 0.100000
	pigment { color rgbt <1,0,0,0> }
	no_shadow
}
cylinder {
	<29.917997, 29.980402, 29.334465>,  <29.663698, 29.819244, 29.071102>, 0.100000
	pigment { color rgbt <1,0,0,0> }
	no_shadow
}

// particle -1
sphere {
	<29.917997, 29.980402, 29.334465> 0.100000
	pigment { color rgbt <1,0,0,0> }
	no_shadow
}
sphere {
	0, 1
	scale<0.080000,0.200000,0.300000>
	matrix <-0.749658, 0.118995, 0.651040,
		0.183957, -0.907475, 0.377688,
		0.635746, 0.402900, 0.658406,
		30.108721, 30.101271, 29.531988>
	pigment { color rgbt <0,1,1,0> }
	no_shadow
}
cylinder {
	<29.494761, 29.514698, 29.673082>,  <29.663698, 29.819244, 29.071102>, 0.130000
	pigment { color rgbt <1,0,0,0> }
	no_shadow
}

// nucleotide -1

// particle -1
sphere {
	<29.494761, 29.514698, 29.673082> 0.250000
	pigment { color rgbt <1,0,0,0> }
	no_shadow
}
cylinder {
	<29.690763, 29.829121, 29.823818>,  <29.808365, 30.017775, 29.914259>, 0.100000
	pigment { color rgbt <1,0,0,0> }
	no_shadow
}
cylinder {
	<29.690763, 29.829121, 29.823818>,  <29.494761, 29.514698, 29.673082>, 0.100000
	pigment { color rgbt <1,0,0,0> }
	no_shadow
}

// particle -1
sphere {
	<29.690763, 29.829121, 29.823818> 0.100000
	pigment { color rgbt <1,0,0,0> }
	no_shadow
}
sphere {
	0, 1
	scale<0.080000,0.200000,0.300000>
	matrix <-0.697098, 0.093784, 0.710816,
		0.523401, -0.610997, 0.593914,
		0.490006, 0.786058, 0.376838,
		29.837765, 30.064938, 29.936871>
	pigment { color rgbt <0,1,1,0> }
	no_shadow
}
cylinder {
	<29.558670, 29.417902, 30.469404>,  <29.494761, 29.514698, 29.673082>, 0.130000
	pigment { color rgbt <1,0,0,0> }
	no_shadow
}

// nucleotide -1

// particle -1
sphere {
	<29.558670, 29.417902, 30.469404> 0.250000
	pigment { color rgbt <1,0,0,0> }
	no_shadow
}
cylinder {
	<29.578936, 29.801334, 30.357292>,  <29.591095, 30.031393, 30.290026>, 0.100000
	pigment { color rgbt <1,0,0,0> }
	no_shadow
}
cylinder {
	<29.578936, 29.801334, 30.357292>,  <29.558670, 29.417902, 30.469404>, 0.100000
	pigment { color rgbt <1,0,0,0> }
	no_shadow
}

// particle -1
sphere {
	<29.578936, 29.801334, 30.357292> 0.100000
	pigment { color rgbt <1,0,0,0> }
	no_shadow
}
sphere {
	0, 1
	scale<0.080000,0.200000,0.300000>
