// switches for output
#declare DRAW_BASES = 1; // possible values are 0, 1; only relevant for DNA ribbons
#declare DRAW_BASES_TYPE = 3; // possible values are 1, 2, 3; only relevant for DNA ribbons
#declare DRAW_FOG = 0; // set to 1 to enable fog

#include "colors.inc"

#include "transforms.inc"
background { rgb <1, 1, 1>}

#default {
   normal{
       ripples 0.25
       frequency 0.20
       turbulence 0.2
       lambda 5
   }
	finish {
		phong 0.1
		phong_size 40.
	}
}

// original window dimensions: 1024x640


// camera settings

camera {
	sky <0, 0.179814, -0.983701>
	up <0, 0.179814, -0.983701>
	right 1.6 * <1, 0, 0>
	location <35, 94.9851, 44.8844>
	look_at <35, 29.7336, 32.9568>
	direction <0, -65.2515, -11.9276>
	angle 67.0682
}


# declare cpy_camera_pos = <35, 94.9851, 44.8844>;
# if (DRAW_FOG = 1)
fog {
	fog_type 2
	up vnormalize(cpy_camera_pos)
	color rgbt<1,1,1,0.3>
	distance 1e-5
	fog_alt 3e-3
	fog_offset 56
}
# end


// LIGHTS

# declare lum = 6;
global_settings {
	ambient_light rgb lum * <0.05, 0.05, 0.05>
	max_trace_level 15
}# declare cpy_direct_light_amount = 0.25;
light_source
{	1000 * <-1, -1.16352, -0.803886>,
	rgb lum * cpy_direct_light_amount
	parallel
}

light_source
{	1000 * <1, 1.16352, 0.803886>,
	rgb lum * cpy_direct_light_amount
	parallel
}

// strand 0

// nucleotide -1

// particle -1
sphere {
	<24.415745, 35.389645, 35.112076> 0.250000
	pigment { color rgbt <1,0,0,0> }
	no_shadow
}
cylinder {
	<24.333838, 35.039307, 34.937279>,  <24.284693, 34.829102, 34.832401>, 0.100000
	pigment { color rgbt <1,0,0,0> }
	no_shadow
}
cylinder {
	<24.333838, 35.039307, 34.937279>,  <24.415745, 35.389645, 35.112076>, 0.100000
	pigment { color rgbt <1,0,0,0> }
	no_shadow
}

// particle -1
sphere {
	<24.333838, 35.039307, 34.937279> 0.100000
	pigment { color rgbt <1,0,0,0> }
	no_shadow
}
sphere {
	0, 1
	scale<0.080000,0.200000,0.300000>
	matrix <0.490581, 0.294496, -0.820124,
		0.846995, -0.382315, 0.369370,
		-0.204768, -0.875847, -0.436993,
		24.272408, 34.776554, 34.806179>
	pigment { color rgbt <0,1,1,0> }
	no_shadow
}
cylinder {
	<25.077318, 34.992115, 34.980122>,  <24.415745, 35.389645, 35.112076>, 0.130000
	pigment { color rgbt <1,0,0,0> }
	no_shadow
}

// nucleotide -1

// particle -1
sphere {
	<25.077318, 34.992115, 34.980122> 0.250000
	pigment { color rgbt <1,0,0,0> }
	no_shadow
}
cylinder {
	<24.770464, 34.980042, 34.723812>,  <24.586351, 34.972797, 34.570026>, 0.100000
	pigment { color rgbt <1,0,0,0> }
	no_shadow
}
cylinder {
	<24.770464, 34.980042, 34.723812>,  <25.077318, 34.992115, 34.980122>, 0.100000
	pigment { color rgbt <1,0,0,0> }
	no_shadow
}

// particle -1
sphere {
	<24.770464, 34.980042, 34.723812> 0.100000
	pigment { color rgbt <1,0,0,0> }
	no_shadow
}
sphere {
	0, 1
	scale<0.080000,0.200000,0.300000>
	matrix <0.580908, 0.391050, -0.713881,
		0.272120, -0.919874, -0.282456,
		-0.767135, -0.030180, -0.640775,
		24.540323, 34.970985, 34.531578>
	pigment { color rgbt <0,1,1,0> }
	no_shadow
}
cylinder {
	<25.308796, 34.686256, 34.413727>,  <25.077318, 34.992115, 34.980122>, 0.130000
	pigment { color rgbt <1,0,0,0> }
	no_shadow
}

// nucleotide -1

// particle -1
sphere {
	<25.308796, 34.686256, 34.413727> 0.250000
	pigment { color rgbt <1,0,0,0> }
	no_shadow
}
cylinder {
	<25.011194, 34.940731, 34.332024>,  <24.832634, 35.093418, 34.283001>, 0.100000
	pigment { color rgbt <1,0,0,0> }
	no_shadow
}
cylinder {
	<25.011194, 34.940731, 34.332024>,  <25.308796, 34.686256, 34.413727>, 0.100000
	pigment { color rgbt <1,0,0,0> }
	no_shadow
}

// particle -1
sphere {
	<25.011194, 34.940731, 34.332024> 0.100000
	pigment { color rgbt <1,0,0,0> }
	no_shadow
}
sphere {
	0, 1
	scale<0.080000,0.200000,0.300000>
	matrix <0.581574, 0.466059, -0.666753,
		-0.328985, -0.614859, -0.716741,
		-0.744003, 0.636190, -0.204259,
		24.787992, 35.131588, 34.270744>
	pigment { color rgbt <0,1,1,0> }
	no_shadow
}
cylinder {
	<25.227240, 34.731358, 33.648346>,  <25.308796, 34.686256, 34.413727>, 0.130000
	pigment { color rgbt <1,0,0,0> }
	no_shadow
}

// nucleotide -1

// particle -1
sphere {
	<25.227240, 34.731358, 33.648346> 0.250000
	pigment { color rgbt <1,0,0,0> }
	no_shadow
}
cylinder {
	<25.117386, 35.062870, 33.843365>,  <25.051474, 35.261776, 33.960377>, 0.100000
	pigment { color rgbt <1,0,0,0> }
	no_shadow
}
cylinder {
	<25.117386, 35.062870, 33.843365>,  <25.227240, 34.731358, 33.648346>, 0.100000
	pigment { color rgbt <1,0,0,0> }
	no_shadow
}

// particle -1
sphere {
	<25.117386, 35.062870, 33.843365> 0.100000
	pigment { color rgbt <1,0,0,0> }
	no_shadow
}
sphere {
	0, 1
	scale<0.080000,0.200000,0.300000>
	matrix <0.615511, 0.541072, -0.573050,
		-0.738730, 0.142712, -0.658719,
		-0.274634, 0.828779, 0.487547,
		25.034996, 35.311504, 33.989628>
	pigment { color rgbt <0,1,1,0> }
	no_shadow
}
cylinder {
	<25.147005, 35.282753, 33.165127>,  <25.227240, 34.731358, 33.648346>, 0.130000
	pigment { color rgbt <1,0,0,0> }
	no_shadow
}

// nucleotide -1

// particle -1
sphere {
	<25.147005, 35.282753, 33.165127> 0.250000
	pigment { color rgbt <1,0,0,0> }
	no_shadow
}
cylinder {
	<25.149351, 35.474457, 33.516186>,  <25.150759, 35.589481, 33.726822>, 0.100000
	pigment { color rgbt <1,0,0,0> }
	no_shadow
}
cylinder {
	<25.149351, 35.474457, 33.516186>,  <25.147005, 35.282753, 33.165127>, 0.100000
	pigment { color rgbt <1,0,0,0> }
	no_shadow
}

// particle -1
sphere {
	<25.149351, 35.474457, 33.516186> 0.100000
	pigment { color rgbt <1,0,0,0> }
	no_shadow
}
sphere {
	0, 1
	scale<0.080000,0.200000,0.300000>
	matrix <0.656058, 0.660532, -0.365083,
		-0.754688, 0.577930, -0.310552,
		0.005863, 0.479264, 0.877651,
		25.151110, 35.618237, 33.779480>
	pigment { color rgbt <0,1,1,0> }
	no_shadow
}
cylinder {
	<25.662687, 35.887962, 33.145081>,  <25.147005, 35.282753, 33.165127>, 0.130000
	pigment { color rgbt <1,0,0,0> }
	no_shadow
}

// nucleotide -1

// particle -1
sphere {
	<25.662687, 35.887962, 33.145081> 0.250000
	pigment { color rgbt <1,0,0,0> }
	no_shadow
}
cylinder {
	<25.893932, 35.671169, 33.389065>,  <26.032679, 35.541096, 33.535454>, 0.100000
	pigment { color rgbt <1,0,0,0> }
	no_shadow
}
cylinder {
	<25.893932, 35.671169, 33.389065>,  <25.662687, 35.887962, 33.145081>, 0.100000
	pigment { color rgbt <1,0,0,0> }
	no_shadow
}

// particle -1
sphere {
	<25.893932, 35.671169, 33.389065> 0.100000
	pigment { color rgbt <1,0,0,0> }
	no_shadow
}
sphere {
	0, 1
	scale<0.080000,0.200000,0.300000>
	matrix <0.410922, 0.839202, 0.356207,
		-0.704934, 0.044717, 0.707862,
		0.578111, -0.541979, 0.609957,
		26.067366, 35.508575, 33.572052>
	pigment { color rgbt <0,1,1,0> }
	no_shadow
}
cylinder {
	<25.553017, 36.191559, 33.810162>,  <25.662687, 35.887962, 33.145081>, 0.130000
	pigment { color rgbt <1,0,0,0> }
	no_shadow
}

// nucleotide -1

// particle -1
sphere {
	<25.553017, 36.191559, 33.810162> 0.250000
	pigment { color rgbt <1,0,0,0> }
	no_shadow
}
cylinder {
	<25.902136, 36.009800, 33.738892>,  <26.111609, 35.900745, 33.696129>, 0.100000
	pigment { color rgbt <1,0,0,0> }
	no_shadow
}
cylinder {
	<25.902136, 36.009800, 33.738892>,  <25.553017, 36.191559, 33.810162>, 0.100000
	pigment { color rgbt <1,0,0,0> }
	no_shadow
}

// particle -1
sphere {
	<25.902136, 36.009800, 33.738892> 0.100000
	pigment { color rgbt <1,0,0,0> }
	no_shadow
}
sphere {
	0, 1
	scale<0.080000,0.200000,0.300000>
	matrix <0.487863, 0.801301, 0.346276,
		-0.014572, -0.389156, 0.921057,
		0.872799, -0.454395, -0.178178,
		26.163975, 35.873482, 33.685436>
	pigment { color rgbt <0,1,1,0> }
	no_shadow
}
cylinder {
	<25.942595, 36.185699, 34.463268>,  <25.553017, 36.191559, 33.810162>, 0.130000
	pigment { color rgbt <1,0,0,0> }
	no_shadow
}

// nucleotide -1

// particle -1
sphere {
	<25.942595, 36.185699, 34.463268> 0.250000
	pigment { color rgbt <1,0,0,0> }
	no_shadow
}
cylinder {
	<26.204062, 36.160454, 34.161610>,  <26.360941, 36.145306, 33.980614>, 0.100000
	pigment { color rgbt <1,0,0,0> }
	no_shadow
}
cylinder {
	<26.204062, 36.160454, 34.161610>,  <25.942595, 36.185699, 34.463268>, 0.100000
	pigment { color rgbt <1,0,0,0> }
	no_shadow
}

// particle -1
sphere {
	<26.204062, 36.160454, 34.161610> 0.100000
	pigment { color rgbt <1,0,0,0> }
	no_shadow
}
sphere {
	0, 1
	scale<0.080000,0.200000,0.300000>
	matrix <0.543296, 0.732855, 0.409576,
		0.526828, -0.677451, 0.513335,
		0.653667, -0.063116, -0.754145,
		26.400162, 36.141518, 33.935368>
	pigment { color rgbt <0,1,1,0> }
	no_shadow
}
cylinder {
	<26.549564, 36.488995, 34.764969>,  <25.942595, 36.185699, 34.463268>, 0.130000
	pigment { color rgbt <1,0,0,0> }
	no_shadow
}

// nucleotide -1

// particle -1
sphere {
	<26.549564, 36.488995, 34.764969> 0.250000
	pigment { color rgbt <1,0,0,0> }
	no_shadow
}
cylinder {
	<26.671535, 36.487911, 34.384022>,  <26.744719, 36.487263, 34.155453>, 0.100000
	pigment { color rgbt <1,0,0,0> }
	no_shadow
}
cylinder {
	<26.671535, 36.487911, 34.384022>,  <26.549564, 36.488995, 34.764969>, 0.100000
	pigment { color rgbt <1,0,0,0> }
	no_shadow
}

// particle -1
sphere {
	<26.671535, 36.487911, 34.384022> 0.100000
	pigment { color rgbt <1,0,0,0> }
	no_shadow
}
sphere {
	0, 1
	scale<0.080000,0.200000,0.300000>
	matrix <0.497882, 0.852917, 0.156990,
		0.811869, -0.522039, 0.261426,
		0.304929, -0.002704, -0.952371,
		26.763014, 36.487099, 34.098309>
	pigment { color rgbt <0,1,1,0> }
	no_shadow
}
cylinder {
	<27.259188, 36.673000, 34.756229>,  <26.549564, 36.488995, 34.764969>, 0.130000
	pigment { color rgbt <1,0,0,0> }
	no_shadow
}

// nucleotide -1

// particle -1
sphere {
	<27.259188, 36.673000, 34.756229> 0.250000
	pigment { color rgbt <1,0,0,0> }
	no_shadow
}
cylinder {
	<27.188595, 36.732716, 34.367062>,  <27.146238, 36.768543, 34.133560>, 0.100000
	pigment { color rgbt <1,0,0,0> }
	no_shadow
}
cylinder {
	<27.188595, 36.732716, 34.367062>,  <27.259188, 36.673000, 34.756229>, 0.100000
	pigment { color rgbt <1,0,0,0> }
	no_shadow
}

// particle -1
sphere {
	<27.188595, 36.732716, 34.367062> 0.100000
	pigment { color rgbt <1,0,0,0> }
	no_shadow
}
sphere {
	0, 1
	scale<0.080000,0.200000,0.300000>
	matrix <0.610906, 0.791631, 0.010656,
		0.771782, -0.592480, -0.230909,
		-0.176482, 0.149287, -0.972917,
		27.135651, 36.777500, 34.075188>
	pigment { color rgbt <0,1,1,0> }
	no_shadow
}
cylinder {
	<27.925640, 36.835548, 34.603130>,  <27.259188, 36.673000, 34.756229>, 0.130000
	pigment { color rgbt <1,0,0,0> }
	no_shadow
}

// nucleotide -1

// particle -1
sphere {
	<27.925640, 36.835548, 34.603130> 0.250000
	pigment { color rgbt <1,0,0,0> }
	no_shadow
}
cylinder {
	<27.714464, 36.944248, 34.281277>,  <27.587759, 37.009468, 34.088165>, 0.100000
	pigment { color rgbt <1,0,0,0> }
	no_shadow
}
cylinder {
	<27.714464, 36.944248, 34.281277>,  <27.925640, 36.835548, 34.603130>, 0.100000
	pigment { color rgbt <1,0,0,0> }
	no_shadow
}

// particle -1
sphere {
	<27.714464, 36.944248, 34.281277> 0.100000
	pigment { color rgbt <1,0,0,0> }
	no_shadow
}
sphere {
	0, 1
	scale<0.080000,0.200000,0.300000>
	matrix <0.559690, 0.823913, -0.088961,
		0.638771, -0.497310, -0.587073,
		-0.527938, 0.271753, -0.804631,
		27.556082, 37.025776, 34.039886>
	pigment { color rgbt <0,1,1,0> }
	no_shadow
}
cylinder {
	<28.440706, 36.959278, 33.992981>,  <27.925640, 36.835548, 34.603130>, 0.130000
	pigment { color rgbt <1,0,0,0> }
	no_shadow
}

// nucleotide -1

// particle -1
sphere {
	<28.440706, 36.959278, 33.992981> 0.250000
	pigment { color rgbt <1,0,0,0> }
	no_shadow
}
cylinder {
	<28.104546, 37.176060, 33.991581>,  <27.902849, 37.306129, 33.990742>, 0.100000
	pigment { color rgbt <1,0,0,0> }
	no_shadow
}
cylinder {
	<28.104546, 37.176060, 33.991581>,  <28.440706, 36.959278, 33.992981>, 0.100000
	pigment { color rgbt <1,0,0,0> }
	no_shadow
}

// particle -1
sphere {
	<28.104546, 37.176060, 33.991581> 0.100000
	pigment { color rgbt <1,0,0,0> }
	no_shadow
}
sphere {
	0, 1
	scale<0.080000,0.200000,0.300000>
	matrix <0.541196, 0.839537, 0.047806,
		0.028849, 0.038280, -0.998851,
		-0.840402, 0.541953, -0.003503,
		27.852425, 37.338646, 33.990532>
	pigment { color rgbt <0,1,1,0> }
	no_shadow
}
cylinder {
	<28.652426, 37.457432, 33.493092>,  <28.440706, 36.959278, 33.992981>, 0.130000
	pigment { color rgbt <1,0,0,0> }
	no_shadow
}

// nucleotide -1

// particle -1
sphere {
	<28.652426, 37.457432, 33.493092> 0.250000
	pigment { color rgbt <1,0,0,0> }
	no_shadow
}
cylinder {
	<28.319979, 37.610386, 33.654598>,  <28.120510, 37.702156, 33.751503>, 0.100000
	pigment { color rgbt <1,0,0,0> }
	no_shadow
}
cylinder {
	<28.319979, 37.610386, 33.654598>,  <28.652426, 37.457432, 33.493092>, 0.100000
	pigment { color rgbt <1,0,0,0> }
	no_shadow
}

// particle -1
sphere {
	<28.319979, 37.610386, 33.654598> 0.100000
	pigment { color rgbt <1,0,0,0> }
	no_shadow
}
sphere {
	0, 1
	scale<0.080000,0.200000,0.300000>
	matrix <0.364160, 0.922977, -0.124500,
		-0.420273, 0.043561, -0.906352,
		-0.831119, 0.382381, 0.403765,
		28.070642, 37.725101, 33.775726>
	pigment { color rgbt <0,1,1,0> }
	no_shadow
}
cylinder {
	<28.487921, 38.039520, 33.058838>,  <28.652426, 37.457432, 33.493092>, 0.130000
	pigment { color rgbt <1,0,0,0> }
	no_shadow
}

// nucleotide -1

// particle -1
sphere {
	<28.487921, 38.039520, 33.058838> 0.250000
	pigment { color rgbt <1,0,0,0> }
	no_shadow
}
cylinder {
	<28.338030, 38.090584, 33.426159>,  <28.248096, 38.121223, 33.646553>, 0.100000
	pigment { color rgbt <1,0,0,0> }
	no_shadow
}
cylinder {
	<28.338030, 38.090584, 33.426159>,  <28.487921, 38.039520, 33.058838>, 0.100000
	pigment { color rgbt <1,0,0,0> }
	no_shadow
}

// particle -1
sphere {
	<28.338030, 38.090584, 33.426159> 0.100000
	pigment { color rgbt <1,0,0,0> }
	no_shadow
}
sphere {
	0, 1
	scale<0.080000,0.200000,0.300000>
	matrix <0.425759, 0.903556, 0.048123,
		-0.823596, 0.409009, -0.392938,
		-0.374725, 0.127663, 0.918305,
		28.225613, 38.128883, 33.701649>
	pigment { color rgbt <0,1,1,0> }
	no_shadow
}
cylinder {
	<28.237869, 38.750816, 33.141251>,  <28.487921, 38.039520, 33.058838>, 0.130000
	pigment { color rgbt <1,0,0,0> }
	no_shadow
}

// nucleotide -1

// particle -1
sphere {
	<28.237869, 38.750816, 33.141251> 0.250000
	pigment { color rgbt <1,0,0,0> }
	no_shadow
}
cylinder {
	<28.314539, 38.623116, 33.512486>,  <28.360540, 38.546497, 33.735226>, 0.100000
	pigment { color rgbt <1,0,0,0> }
	no_shadow
}
cylinder {
	<28.314539, 38.623116, 33.512486>,  <28.237869, 38.750816, 33.141251>, 0.100000
	pigment { color rgbt <1,0,0,0> }
	no_shadow
}

// particle -1
sphere {
	<28.314539, 38.623116, 33.512486> 0.100000
	pigment { color rgbt <1,0,0,0> }
	no_shadow
}
sphere {
	0, 1
	scale<0.080000,0.200000,0.300000>
	matrix <0.454797, 0.866856, 0.204258,
		-0.869724, 0.382938, 0.311349,
		0.191676, -0.319249, 0.928084,
		28.372042, 38.527340, 33.790913>
	pigment { color rgbt <0,1,1,0> }
	no_shadow
}
cylinder {
	<28.148422, 39.283508, 33.518528>,  <28.237869, 38.750816, 33.141251>, 0.130000
	pigment { color rgbt <1,0,0,0> }
	no_shadow
}

// nucleotide -1

// particle -1
sphere {
	<28.148422, 39.283508, 33.518528> 0.250000
	pigment { color rgbt <1,0,0,0> }
	no_shadow
}
cylinder {
	<28.357780, 39.059559, 33.775463>,  <28.483395, 38.925190, 33.929623>, 0.100000
	pigment { color rgbt <1,0,0,0> }
	no_shadow
}
cylinder {
	<28.357780, 39.059559, 33.775463>,  <28.148422, 39.283508, 33.518528>, 0.100000
	pigment { color rgbt <1,0,0,0> }
	no_shadow
}

// particle -1
sphere {
	<28.357780, 39.059559, 33.775463> 0.100000
	pigment { color rgbt <1,0,0,0> }
	no_shadow
}
sphere {
	0, 1
	scale<0.080000,0.200000,0.300000>
	matrix <0.479473, 0.816682, 0.321149,
		-0.704388, 0.139895, 0.695893,
		0.523396, -0.559876, 0.642336,
		28.514799, 38.891598, 33.968163>
	pigment { color rgbt <0,1,1,0> }
	no_shadow
}
cylinder {
	<28.279274, 39.704796, 34.023540>,  <28.148422, 39.283508, 33.518528>, 0.130000
	pigment { color rgbt <1,0,0,0> }
	no_shadow
}

// nucleotide -1

// particle -1
sphere {
	<28.279274, 39.704796, 34.023540> 0.250000
	pigment { color rgbt <1,0,0,0> }
	no_shadow
}
cylinder {
	<28.553925, 39.426903, 34.109222>,  <28.718714, 39.260166, 34.160633>, 0.100000
	pigment { color rgbt <1,0,0,0> }
	no_shadow
}
cylinder {
	<28.553925, 39.426903, 34.109222>,  <28.279274, 39.704796, 34.023540>, 0.100000
	pigment { color rgbt <1,0,0,0> }
	no_shadow
}

// particle -1
sphere {
	<28.553925, 39.426903, 34.109222> 0.100000
	pigment { color rgbt <1,0,0,0> }
	no_shadow
}
sphere {
	0, 1
	scale<0.080000,0.200000,0.300000>
	matrix <0.665943, 0.719233, 0.198051,
		-0.291660, 0.006665, 0.956499,
		0.686625, -0.694737, 0.214210,
		28.759912, 39.218483, 34.173485>
	pigment { color rgbt <0,1,1,0> }
	no_shadow
}
cylinder {
	<28.632248, 39.973907, 34.645935>,  <28.279274, 39.704796, 34.023540>, 0.130000
	pigment { color rgbt <1,0,0,0> }
	no_shadow
}

// nucleotide -1

// particle -1
sphere {
	<28.632248, 39.973907, 34.645935> 0.250000
	pigment { color rgbt <1,0,0,0> }
	no_shadow
}
cylinder {
	<28.873320, 39.691505, 34.497162>,  <29.017963, 39.522064, 34.407898>, 0.100000
	pigment { color rgbt <1,0,0,0> }
	no_shadow
}
cylinder {
	<28.873320, 39.691505, 34.497162>,  <28.632248, 39.973907, 34.645935>, 0.100000
	pigment { color rgbt <1,0,0,0> }
	no_shadow
}

// particle -1
sphere {
	<28.873320, 39.691505, 34.497162> 0.100000
	pigment { color rgbt <1,0,0,0> }
	no_shadow
}
sphere {
	0, 1
	scale<0.080000,0.200000,0.300000>
	matrix <0.781646, 0.616126, 0.097050,
		0.160640, -0.349210, 0.923172,
		0.602682, -0.706004, -0.371932,
		29.054125, 39.479706, 34.385582>
	pigment { color rgbt <0,1,1,0> }
	no_shadow
}
cylinder {
	<29.165262, 39.901951, 35.098984>,  <28.632248, 39.973907, 34.645935>, 0.130000
	pigment { color rgbt <1,0,0,0> }
	no_shadow
}

// nucleotide -1

// particle -1
sphere {
	<29.165262, 39.901951, 35.098984> 0.250000
	pigment { color rgbt <1,0,0,0> }
	no_shadow
}
cylinder {
	<29.317841, 39.739468, 34.766842>,  <29.409388, 39.641979, 34.567554>, 0.100000
	pigment { color rgbt <1,0,0,0> }
	no_shadow
}
cylinder {
	<29.317841, 39.739468, 34.766842>,  <29.165262, 39.901951, 35.098984>, 0.100000
	pigment { color rgbt <1,0,0,0> }
	no_shadow
}

// particle -1
sphere {
	<29.317841, 39.739468, 34.766842> 0.100000
	pigment { color rgbt <1,0,0,0> }
	no_shadow
}
sphere {
	0, 1
	scale<0.080000,0.200000,0.300000>
	matrix <0.837046, 0.532942, 0.123803,
		0.392243, -0.742273, 0.543301,
		0.381444, -0.406207, -0.830359,
		29.432274, 39.617607, 34.517735>
	pigment { color rgbt <0,1,1,0> }
	no_shadow
}
cylinder {
	<29.888741, 39.642033, 35.289307>,  <29.165262, 39.901951, 35.098984>, 0.130000
	pigment { color rgbt <1,0,0,0> }
	no_shadow
}

// nucleotide -1

// particle -1
sphere {
	<29.888741, 39.642033, 35.289307> 0.250000
	pigment { color rgbt <1,0,0,0> }
	no_shadow
}
cylinder {
	<29.893555, 39.682949, 34.891434>,  <29.896444, 39.707500, 34.652710>, 0.100000
	pigment { color rgbt <1,0,0,0> }
	no_shadow
}
cylinder {
	<29.893555, 39.682949, 34.891434>,  <29.888741, 39.642033, 35.289307>, 0.100000
	pigment { color rgbt <1,0,0,0> }
	no_shadow
}

// particle -1
sphere {
	<29.893555, 39.682949, 34.891434> 0.100000
	pigment { color rgbt <1,0,0,0> }
	no_shadow
}
sphere {
	0, 1
	scale<0.080000,0.200000,0.300000>
	matrix <0.912132, 0.406477, 0.052841,
		0.409720, -0.907916, -0.088414,
		0.012037, 0.102295, -0.994681,
		29.897165, 39.713638, 34.593029>
	pigment { color rgbt <0,1,1,0> }
	no_shadow
}
cylinder {
	<30.524849, 39.368134, 35.062786>,  <29.888741, 39.642033, 35.289307>, 0.130000
	pigment { color rgbt <1,0,0,0> }
	no_shadow
}

// nucleotide -1

// particle -1
sphere {
	<30.524849, 39.368134, 35.062786> 0.250000
	pigment { color rgbt <1,0,0,0> }
	no_shadow
}
cylinder {
	<30.384153, 39.624790, 34.790150>,  <30.299736, 39.778786, 34.626568>, 0.100000
	pigment { color rgbt <1,0,0,0> }
	no_shadow
}
cylinder {
	<30.384153, 39.624790, 34.790150>,  <30.524849, 39.368134, 35.062786>, 0.100000
	pigment { color rgbt <1,0,0,0> }
	no_shadow
}

// particle -1
sphere {
	<30.384153, 39.624790, 34.790150> 0.100000
	pigment { color rgbt <1,0,0,0> }
	no_shadow
}
sphere {
	0, 1
	scale<0.080000,0.200000,0.300000>
	matrix <0.892386, 0.449743, -0.037135,
		0.282715, -0.621308, -0.730786,
		-0.351738, 0.641645, -0.681595,
		30.278631, 39.817284, 34.585670>
	pigment { color rgbt <0,1,1,0> }
	no_shadow
}
cylinder {
	<30.924164, 39.279785, 34.408382>,  <30.524849, 39.368134, 35.062786>, 0.130000
	pigment { color rgbt <1,0,0,0> }
	no_shadow
}

// nucleotide -1

// particle -1
sphere {
	<30.924164, 39.279785, 34.408382> 0.250000
	pigment { color rgbt <1,0,0,0> }
	no_shadow
}
cylinder {
	<30.767708, 39.646015, 34.445766>,  <30.673834, 39.865753, 34.468197>, 0.100000
	pigment { color rgbt <1,0,0,0> }
	no_shadow
}
cylinder {
	<30.767708, 39.646015, 34.445766>,  <30.924164, 39.279785, 34.408382>, 0.100000
	pigment { color rgbt <1,0,0,0> }
	no_shadow
}

// particle -1
sphere {
	<30.767708, 39.646015, 34.445766> 0.100000
	pigment { color rgbt <1,0,0,0> }
	no_shadow
}
sphere {
	0, 1
	scale<0.080000,0.200000,0.300000>
	matrix <0.887413, 0.402118, -0.225386,
		-0.243939, -0.005220, -0.969776,
		-0.391141, 0.915573, 0.093461,
		30.650366, 39.920689, 34.473804>
	pigment { color rgbt <0,1,1,0> }
	no_shadow
}
cylinder {
	<31.425091, 39.640823, 33.987263>,  <30.924164, 39.279785, 34.408382>, 0.130000
	pigment { color rgbt <1,0,0,0> }
	no_shadow
}

// nucleotide -1

// particle -1
sphere {
	<31.425091, 39.640823, 33.987263> 0.250000
	pigment { color rgbt <1,0,0,0> }
	no_shadow
}
cylinder {
	<31.223579, 39.910004, 34.203911>,  <31.102673, 40.071510, 34.333900>, 0.100000
	pigment { color rgbt <1,0,0,0> }
	no_shadow
}
cylinder {
	<31.223579, 39.910004, 34.203911>,  <31.425091, 39.640823, 33.987263>, 0.100000
	pigment { color rgbt <1,0,0,0> }
	no_shadow
}

// particle -1
sphere {
	<31.223579, 39.910004, 34.203911> 0.100000
	pigment { color rgbt <1,0,0,0> }
	no_shadow
}
sphere {
	0, 1
	scale<0.080000,0.200000,0.300000>
	matrix <0.714773, 0.676821, -0.176104,
		-0.485086, 0.298415, -0.821973,
		-0.503776, 0.672950, 0.541616,
		31.072447, 40.111889, 34.366394>
	pigment { color rgbt <0,1,1,0> }
	no_shadow
}
cylinder {
	<31.483114, 40.316044, 33.547028>,  <31.425091, 39.640823, 33.987263>, 0.130000
	pigment { color rgbt <1,0,0,0> }
	no_shadow
}

// nucleotide -1

// particle -1
sphere {
	<31.483114, 40.316044, 33.547028> 0.250000
	pigment { color rgbt <1,0,0,0> }
	no_shadow
}
cylinder {
	<31.366611, 40.431461, 33.911865>,  <31.296709, 40.500713, 34.130768>, 0.100000
	pigment { color rgbt <1,0,0,0> }
	no_shadow
}
cylinder {
	<31.366611, 40.431461, 33.911865>,  <31.483114, 40.316044, 33.547028>, 0.100000
	pigment { color rgbt <1,0,0,0> }
	no_shadow
}

// particle -1
sphere {
	<31.366611, 40.431461, 33.911865> 0.100000
	pigment { color rgbt <1,0,0,0> }
	no_shadow
}
sphere {
	0, 1
	scale<0.080000,0.200000,0.300000>
	matrix <0.719013, 0.694928, 0.009759,
		-0.631023, 0.658648, -0.409869,
		-0.291257, 0.288542, 0.912092,
		31.279234, 40.518024, 34.185493>
	pigment { color rgbt <0,1,1,0> }
	no_shadow
}
cylinder {
	<31.257828, 41.016495, 33.537476>,  <31.483114, 40.316044, 33.547028>, 0.130000
	pigment { color rgbt <1,0,0,0> }
	no_shadow
}

// nucleotide -1

// particle -1
sphere {
	<31.257828, 41.016495, 33.537476> 0.250000
	pigment { color rgbt <1,0,0,0> }
	no_shadow
}
cylinder {
	<31.415108, 40.943287, 33.897896>,  <31.509476, 40.899361, 34.114147>, 0.100000
	pigment { color rgbt <1,0,0,0> }
	no_shadow
}
cylinder {
	<31.415108, 40.943287, 33.897896>,  <31.257828, 41.016495, 33.537476>, 0.100000
	pigment { color rgbt <1,0,0,0> }
	no_shadow
}

// particle -1
sphere {
	<31.415108, 40.943287, 33.897896> 0.100000
	pigment { color rgbt <1,0,0,0> }
	no_shadow
}
sphere {
	0, 1
	scale<0.080000,0.200000,0.300000>
	matrix <0.547445, 0.833951, -0.069501,
		-0.738715, 0.520605, 0.428101,
		0.393198, -0.183020, 0.901054,
		31.533068, 40.888382, 34.168213>
	pigment { color rgbt <0,1,1,0> }
	no_shadow
}
cylinder {
	<31.259043, 41.594391, 33.995358>,  <31.257828, 41.016495, 33.537476>, 0.130000
	pigment { color rgbt <1,0,0,0> }
	no_shadow
}

// nucleotide -1

// particle -1
sphere {
	<31.259043, 41.594391, 33.995358> 0.250000
	pigment { color rgbt <1,0,0,0> }
	no_shadow
}
cylinder {
	<31.570602, 41.374409, 34.115936>,  <31.757538, 41.242420, 34.188282>, 0.100000
	pigment { color rgbt <1,0,0,0> }
	no_shadow
}
cylinder {
	<31.570602, 41.374409, 34.115936>,  <31.259043, 41.594391, 33.995358>, 0.100000
	pigment { color rgbt <1,0,0,0> }
	no_shadow
}

// particle -1
sphere {
	<31.570602, 41.374409, 34.115936> 0.100000
	pigment { color rgbt <1,0,0,0> }
	no_shadow
}
sphere {
	0, 1
	scale<0.080000,0.200000,0.300000>
	matrix <0.596585, 0.797958, -0.085730,
		-0.193393, 0.246612, 0.949622,
		0.778900, -0.549951, 0.301445,
		31.804272, 41.209423, 34.206371>
	pigment { color rgbt <0,1,1,0> }
	no_shadow
}
cylinder {
	<31.552179, 41.966782, 34.509312>,  <31.259043, 41.594391, 33.995358>, 0.130000
	pigment { color rgbt <1,0,0,0> }
	no_shadow
}

// nucleotide -1

// particle -1
sphere {
	<31.552179, 41.966782, 34.509312> 0.250000
	pigment { color rgbt <1,0,0,0> }
	no_shadow
}
cylinder {
	<31.804726, 41.722183, 34.318542>,  <31.956253, 41.575424, 34.204082>, 0.100000
	pigment { color rgbt <1,0,0,0> }
	no_shadow
}
cylinder {
	<31.804726, 41.722183, 34.318542>,  <31.552179, 41.966782, 34.509312>, 0.100000
	pigment { color rgbt <1,0,0,0> }
	no_shadow
}

// particle -1
sphere {
	<31.804726, 41.722183, 34.318542> 0.100000
	pigment { color rgbt <1,0,0,0> }
	no_shadow
}
sphere {
	0, 1
	scale<0.080000,0.200000,0.300000>
	matrix <0.465573, 0.790721, -0.397496,
		0.620176, 0.028925, 0.783929,
		0.631367, -0.611494, -0.476919,
		31.994135, 41.538734, 34.175468>
	pigment { color rgbt <0,1,1,0> }
	no_shadow
}
cylinder {
	<32.296104, 41.999210, 34.791100>,  <31.552179, 41.966782, 34.509312>, 0.130000
	pigment { color rgbt <1,0,0,0> }
	no_shadow
}

// nucleotide -1

// particle -1
sphere {
	<32.296104, 41.999210, 34.791100> 0.250000
	pigment { color rgbt <1,0,0,0> }
	no_shadow
}
cylinder {
	<32.262138, 41.911053, 34.402416>,  <32.241760, 41.858158, 34.169205>, 0.100000
	pigment { color rgbt <1,0,0,0> }
	no_shadow
}
cylinder {
	<32.262138, 41.911053, 34.402416>,  <32.296104, 41.999210, 34.791100>, 0.100000
	pigment { color rgbt <1,0,0,0> }
	no_shadow
}

// particle -1
sphere {
	<32.262138, 41.911053, 34.402416> 0.100000
	pigment { color rgbt <1,0,0,0> }
	no_shadow
}
sphere {
	0, 1
	scale<0.080000,0.200000,0.300000>
	matrix <0.628872, 0.744594, -0.223832,
		0.772859, -0.630086, 0.075373,
		-0.084911, -0.220391, -0.971709,
		32.236664, 41.844936, 34.110905>
	pigment { color rgbt <0,1,1,0> }
	no_shadow
}
cylinder {
	<33.006802, 41.951305, 34.516045>,  <32.296104, 41.999210, 34.791100>, 0.130000
	pigment { color rgbt <1,0,0,0> }
	no_shadow
}

// nucleotide -1

// particle -1
sphere {
	<33.006802, 41.951305, 34.516045> 0.250000
	pigment { color rgbt <1,0,0,0> }
	no_shadow
}
cylinder {
	<32.746235, 42.038048, 34.225216>,  <32.589893, 42.090092, 34.050720>, 0.100000
	pigment { color rgbt <1,0,0,0> }
	no_shadow
}
cylinder {
	<32.746235, 42.038048, 34.225216>,  <33.006802, 41.951305, 34.516045>, 0.100000
	pigment { color rgbt <1,0,0,0> }
	no_shadow
}

// particle -1
sphere {
	<32.746235, 42.038048, 34.225216> 0.100000
	pigment { color rgbt <1,0,0,0> }
	no_shadow
}
sphere {
	0, 1
	scale<0.080000,0.200000,0.300000>
	matrix <0.634390, 0.681321, -0.365173,
		0.416177, -0.699125, -0.581395,
		-0.651418, 0.216855, -0.727068,
		32.550808, 42.103104, 34.007095>
	pigment { color rgbt <0,1,1,0> }
	no_shadow
}
cylinder {
	<33.344162, 41.913296, 33.855614>,  <33.006802, 41.951305, 34.516045>, 0.130000
	pigment { color rgbt <1,0,0,0> }
	no_shadow
}

// nucleotide -1

// particle -1
sphere {
	<33.344162, 41.913296, 33.855614> 0.250000
	pigment { color rgbt <1,0,0,0> }
	no_shadow
}
cylinder {
	<33.038639, 42.170700, 33.835621>,  <32.855324, 42.325142, 33.823627>, 0.100000
	pigment { color rgbt <1,0,0,0> }
	no_shadow
}
cylinder {
	<33.038639, 42.170700, 33.835621>,  <33.344162, 41.913296, 33.855614>, 0.100000
	pigment { color rgbt <1,0,0,0> }
	no_shadow
}

// particle -1
sphere {
	<33.038639, 42.170700, 33.835621> 0.100000
	pigment { color rgbt <1,0,0,0> }
	no_shadow
}
sphere {
	0, 1
	scale<0.080000,0.200000,0.300000>
	matrix <0.563765, 0.627439, -0.537112,
		-0.314276, -0.438427, -0.842029,
		-0.763806, 0.643507, -0.049980,
		32.809498, 42.363750, 33.820625>
	pigment { color rgbt <0,1,1,0> }
	no_shadow
}
cylinder {
	<33.069920, 42.020287, 33.197853>,  <33.344162, 41.913296, 33.855614>, 0.130000
	pigment { color rgbt <1,0,0,0> }
	no_shadow
}

// nucleotide -1

// particle -1
sphere {
	<33.069920, 42.020287, 33.197853> 0.250000
	pigment { color rgbt <1,0,0,0> }
	no_shadow
}
cylinder {
	<33.013783, 42.352085, 33.414085>,  <32.980099, 42.551167, 33.543827>, 0.100000
	pigment { color rgbt <1,0,0,0> }
	no_shadow
}
cylinder {
	<33.013783, 42.352085, 33.414085>,  <33.069920, 42.020287, 33.197853>, 0.100000
	pigment { color rgbt <1,0,0,0> }
	no_shadow
}

// particle -1
sphere {
	<33.013783, 42.352085, 33.414085> 0.100000
	pigment { color rgbt <1,0,0,0> }
	no_shadow
}
sphere {
	0, 1
	scale<0.080000,0.200000,0.300000>
	matrix <0.691022, 0.473080, -0.546520,
		-0.709079, 0.296856, -0.639596,
		-0.140342, 0.829501, 0.540585,
		32.971680, 42.600937, 33.576260>
	pigment { color rgbt <0,1,1,0> }
	no_shadow
}
cylinder {
	<32.857517, 42.650986, 32.764683>,  <33.069920, 42.020287, 33.197853>, 0.130000
	pigment { color rgbt <1,0,0,0> }
	no_shadow
}

// nucleotide -1

// particle -1
sphere {
	<32.857517, 42.650986, 32.764683> 0.250000
	pigment { color rgbt <1,0,0,0> }
	no_shadow
}
cylinder {
	<33.080082, 42.768490, 33.075581>,  <33.213619, 42.838993, 33.262119>, 0.100000
	pigment { color rgbt <1,0,0,0> }
	no_shadow
}
cylinder {
	<33.080082, 42.768490, 33.075581>,  <32.857517, 42.650986, 32.764683>, 0.100000
	pigment { color rgbt <1,0,0,0> }
	no_shadow
}

// particle -1
sphere {
	<33.080082, 42.768490, 33.075581> 0.100000
	pigment { color rgbt <1,0,0,0> }
	no_shadow
}
sphere {
	0, 1
	scale<0.080000,0.200000,0.300000>
	matrix <0.665015, 0.403383, -0.628520,
		-0.498163, 0.866595, 0.029091,
		0.556407, 0.293760, 0.777249,
		33.247005, 42.856617, 33.308754>
	pigment { color rgbt <0,1,1,0> }
	no_shadow
}
cylinder {
	<33.202194, 42.163445, 32.246468>,  <32.857517, 42.650986, 32.764683>, 0.130000
	pigment { color rgbt <1,0,0,0> }
	no_shadow
}

// nucleotide -1

// particle -1
sphere {
	<33.202194, 42.163445, 32.246468> 0.250000
	pigment { color rgbt <1,0,0,0> }
	no_shadow
}
cylinder {
	<33.204098, 42.221424, 31.850698>,  <33.205238, 42.256214, 31.613235>, 0.100000
	pigment { color rgbt <1,0,0,0> }
	no_shadow
}
cylinder {
	<33.204098, 42.221424, 31.850698>,  <33.202194, 42.163445, 32.246468>, 0.100000
	pigment { color rgbt <1,0,0,0> }
	no_shadow
}

// particle -1
sphere {
	<33.204098, 42.221424, 31.850698> 0.100000
	pigment { color rgbt <1,0,0,0> }
	no_shadow
}
sphere {
	0, 1
	scale<0.080000,0.200000,0.300000>
	matrix <-0.604778, -0.787561, -0.118286,
		-0.796380, 0.598946, 0.083920,
		0.004754, 0.144954, -0.989427,
		33.205524, 42.264912, 31.553871>
	pigment { color rgbt <0,1,1,0> }
	no_shadow
}
cylinder {
	<32.467960, 42.123909, 31.764862>,  <33.202194, 42.163445, 32.246468>, 0.130000
	pigment { color rgbt <1,0,0,0> }
	no_shadow
}

// nucleotide -1

// particle -1
sphere {
	<32.467960, 42.123909, 31.764862> 0.250000
	pigment { color rgbt <1,0,0,0> }
	no_shadow
}
cylinder {
	<32.791016, 41.986507, 31.573143>,  <32.984848, 41.904064, 31.458111>, 0.100000
	pigment { color rgbt <1,0,0,0> }
	no_shadow
}
cylinder {
	<32.791016, 41.986507, 31.573143>,  <32.467960, 42.123909, 31.764862>, 0.100000
	pigment { color rgbt <1,0,0,0> }
	no_shadow
}

// particle -1
sphere {
	<32.791016, 41.986507, 31.573143> 0.100000
	pigment { color rgbt <1,0,0,0> }
	no_shadow
}
sphere {
	0, 1
	scale<0.080000,0.200000,0.300000>
	matrix <-0.414496, -0.908832, -0.047094,
		-0.419425, 0.236702, -0.876387,
		0.807636, -0.343506, -0.479299,
		33.033306, 41.883457, 31.429354>
	pigment { color rgbt <0,1,1,0> }
	no_shadow
}
cylinder {
	<32.230350, 41.827274, 31.123669>,  <32.467960, 42.123909, 31.764862>, 0.130000
	pigment { color rgbt <1,0,0,0> }
	no_shadow
}

// nucleotide -1

// particle -1
sphere {
	<32.230350, 41.827274, 31.123669> 0.250000
	pigment { color rgbt <1,0,0,0> }
	no_shadow
}
cylinder {
	<32.584526, 41.653461, 31.189604>,  <32.797031, 41.549171, 31.229166>, 0.100000
	pigment { color rgbt <1,0,0,0> }
	no_shadow
}
cylinder {
	<32.584526, 41.653461, 31.189604>,  <32.230350, 41.827274, 31.123669>, 0.100000
	pigment { color rgbt <1,0,0,0> }
	no_shadow
}

// particle -1
sphere {
	<32.584526, 41.653461, 31.189604> 0.100000
	pigment { color rgbt <1,0,0,0> }
	no_shadow
}
sphere {
	0, 1
	scale<0.080000,0.200000,0.300000>
	matrix <-0.404119, -0.895036, -0.188673,
		0.229523, 0.100444, -0.968107,
		0.885441, -0.434535, 0.164840,
		32.850159, 41.523102, 31.239056>
	pigment { color rgbt <0,1,1,0> }
	no_shadow
}
cylinder {
	<32.303520, 41.409863, 30.504232>,  <32.230350, 41.827274, 31.123669>, 0.130000
	pigment { color rgbt <1,0,0,0> }
	no_shadow
}

// nucleotide -1

// particle -1
sphere {
	<32.303520, 41.409863, 30.504232> 0.250000
	pigment { color rgbt <1,0,0,0> }
	no_shadow
}
cylinder {
	<32.470661, 41.300446, 30.850775>,  <32.570946, 41.234795, 31.058701>, 0.100000
	pigment { color rgbt <1,0,0,0> }
	no_shadow
}
cylinder {
	<32.470661, 41.300446, 30.850775>,  <32.303520, 41.409863, 30.504232>, 0.100000
	pigment { color rgbt <1,0,0,0> }
	no_shadow
}

// particle -1
sphere {
	<32.470661, 41.300446, 30.850775> 0.100000
	pigment { color rgbt <1,0,0,0> }
	no_shadow
}
sphere {
	0, 1
	scale<0.080000,0.200000,0.300000>
	matrix <-0.481140, -0.875520, -0.044371,
		0.770651, -0.398298, -0.497450,
		0.417854, -0.273538, 0.866357,
		32.596016, 41.218384, 31.110682>
	pigment { color rgbt <0,1,1,0> }
	no_shadow
}
cylinder {
	<32.664673, 40.698837, 30.379614>,  <32.303520, 41.409863, 30.504232>, 0.130000
	pigment { color rgbt <1,0,0,0> }
	no_shadow
}

// nucleotide -1

// particle -1
sphere {
	<32.664673, 40.698837, 30.379614> 0.250000
	pigment { color rgbt <1,0,0,0> }
	no_shadow
}
cylinder {
	<32.537868, 40.754677, 30.754850>,  <32.461784, 40.788181, 30.979992>, 0.100000
	pigment { color rgbt <1,0,0,0> }
	no_shadow
}
cylinder {
	<32.537868, 40.754677, 30.754850>,  <32.664673, 40.698837, 30.379614>, 0.100000
	pigment { color rgbt <1,0,0,0> }
	no_shadow
}

// particle -1
sphere {
	<32.537868, 40.754677, 30.754850> 0.100000
	pigment { color rgbt <1,0,0,0> }
	no_shadow
}
sphere {
	0, 1
	scale<0.080000,0.200000,0.300000>
	matrix <-0.469513, -0.882502, -0.027338,
		0.824052, -0.449113, 0.345304,
		-0.317010, 0.139597, 0.938093,
		32.442764, 40.796555, 31.036278>
	pigment { color rgbt <0,1,1,0> }
	no_shadow
}
cylinder {
	<32.907757, 40.097557, 30.755333>,  <32.664673, 40.698837, 30.379614>, 0.130000
	pigment { color rgbt <1,0,0,0> }
	no_shadow
}

// nucleotide -1

// particle -1
sphere {
	<32.907757, 40.097557, 30.755333> 0.250000
	pigment { color rgbt <1,0,0,0> }
	no_shadow
}
cylinder {
	<32.594070, 40.255314, 30.946941>,  <32.405857, 40.349968, 31.061907>, 0.100000
	pigment { color rgbt <1,0,0,0> }
	no_shadow
}
cylinder {
	<32.594070, 40.255314, 30.946941>,  <32.907757, 40.097557, 30.755333>, 0.100000
	pigment { color rgbt <1,0,0,0> }
	no_shadow
}

// particle -1
sphere {
	<32.594070, 40.255314, 30.946941> 0.100000
	pigment { color rgbt <1,0,0,0> }
	no_shadow
}
sphere {
	0, 1
	scale<0.080000,0.200000,0.300000>
	matrix <-0.419832, -0.905721, 0.058389,
		0.456887, -0.155319, 0.875860,
		-0.784216, 0.394391, 0.479020,
		32.358807, 40.373631, 31.090647>
	pigment { color rgbt <0,1,1,0> }
	no_shadow
}
cylinder {
	<32.705421, 39.562366, 31.167786>,  <32.907757, 40.097557, 30.755333>, 0.130000
	pigment { color rgbt <1,0,0,0> }
	no_shadow
}

// nucleotide -1

// particle -1
sphere {
	<32.705421, 39.562366, 31.167786> 0.250000
	pigment { color rgbt <1,0,0,0> }
	no_shadow
}
cylinder {
	<32.387405, 39.799732, 31.218018>,  <32.196598, 39.942154, 31.248156>, 0.100000
	pigment { color rgbt <1,0,0,0> }
	no_shadow
}
cylinder {
	<32.387405, 39.799732, 31.218018>,  <32.705421, 39.562366, 31.167786>, 0.100000
	pigment { color rgbt <1,0,0,0> }
	no_shadow
}

// particle -1
sphere {
	<32.387405, 39.799732, 31.218018> 0.100000
	pigment { color rgbt <1,0,0,0> }
	no_shadow
}
sphere {
	0, 1
	scale<0.080000,0.200000,0.300000>
	matrix <-0.570328, -0.801834, 0.178293,
		0.206496, 0.070129, 0.975931,
		-0.795038, 0.593418, 0.125579,
		32.148895, 39.977757, 31.255692>
	pigment { color rgbt <0,1,1,0> }
	no_shadow
}
cylinder {
	<32.370907, 39.378788, 31.769758>,  <32.705421, 39.562366, 31.167786>, 0.130000
	pigment { color rgbt <1,0,0,0> }
	no_shadow
}

// nucleotide -1

// particle -1
sphere {
	<32.370907, 39.378788, 31.769758> 0.250000
	pigment { color rgbt <1,0,0,0> }
	no_shadow
}
cylinder {
	<32.072617, 39.600513, 31.621908>,  <31.893642, 39.733551, 31.533197>, 0.100000
	pigment { color rgbt <1,0,0,0> }
	no_shadow
}
cylinder {
	<32.072617, 39.600513, 31.621908>,  <32.370907, 39.378788, 31.769758>, 0.100000
	pigment { color rgbt <1,0,0,0> }
	no_shadow
}

// particle -1
sphere {
	<32.072617, 39.600513, 31.621908> 0.100000
	pigment { color rgbt <1,0,0,0> }
	no_shadow
}
sphere {
	0, 1
	scale<0.080000,0.200000,0.300000>
	matrix <-0.665532, -0.594004, 0.451915,
		0.030946, 0.583002, 0.811881,
		-0.745727, 0.554317, -0.369624,
		31.848898, 39.766808, 31.511021>
	pigment { color rgbt <0,1,1,0> }
	no_shadow
}
cylinder {
	<31.833185, 39.442802, 32.356400>,  <32.370907, 39.378788, 31.769758>, 0.130000
	pigment { color rgbt <1,0,0,0> }
	no_shadow
}

// nucleotide -1

// particle -1
sphere {
	<31.833185, 39.442802, 32.356400> 0.250000
	pigment { color rgbt <1,0,0,0> }
	no_shadow
}
cylinder {
	<31.658083, 39.510563, 32.003204>,  <31.553020, 39.551220, 31.791286>, 0.100000
	pigment { color rgbt <1,0,0,0> }
	no_shadow
}
cylinder {
	<31.658083, 39.510563, 32.003204>,  <31.833185, 39.442802, 32.356400>, 0.100000
	pigment { color rgbt <1,0,0,0> }
	no_shadow
}

// particle -1
sphere {
	<31.658083, 39.510563, 32.003204> 0.100000
	pigment { color rgbt <1,0,0,0> }
	no_shadow
}
sphere {
	0, 1
	scale<0.080000,0.200000,0.300000>
	matrix <-0.705681, -0.673285, 0.220686,
		-0.557121, 0.719716, 0.414276,
		-0.437757, 0.169398, -0.882991,
		31.526756, 39.561382, 31.738308>
	pigment { color rgbt <0,1,1,0> }
	no_shadow
}
cylinder {
	<31.203648, 39.418697, 32.459835>,  <31.833185, 39.442802, 32.356400>, 0.130000
	pigment { color rgbt <1,0,0,0> }
	no_shadow
}

// nucleotide -1

// particle -1
sphere {
	<31.203648, 39.418697, 32.459835> 0.250000
	pigment { color rgbt <1,0,0,0> }
	no_shadow
}
cylinder {
	<31.211227, 39.349579, 32.065926>,  <31.215775, 39.308109, 31.829580>, 0.100000
	pigment { color rgbt <1,0,0,0> }
	no_shadow
}
cylinder {
	<31.211227, 39.349579, 32.065926>,  <31.203648, 39.418697, 32.459835>, 0.100000
	pigment { color rgbt <1,0,0,0> }
	no_shadow
}

// particle -1
sphere {
	<31.211227, 39.349579, 32.065926> 0.100000
	pigment { color rgbt <1,0,0,0> }
	no_shadow
}
sphere {
	0, 1
	scale<0.080000,0.200000,0.300000>
	matrix <-0.618730, -0.775722, 0.124209,
		-0.785375, 0.606956, -0.121615,
		0.018950, -0.172798, -0.984775,
		31.216913, 39.297741, 31.770493>
	pigment { color rgbt <0,1,1,0> }
	no_shadow
}
cylinder {
	<30.551067, 39.380161, 32.139454>,  <31.203648, 39.418697, 32.459835>, 0.130000
	pigment { color rgbt <1,0,0,0> }
	no_shadow
}

// nucleotide -1

// particle -1
sphere {
	<30.551067, 39.380161, 32.139454> 0.250000
	pigment { color rgbt <1,0,0,0> }
	no_shadow
}
cylinder {
	<30.768127, 39.129025, 31.916262>,  <30.898363, 38.978340, 31.782347>, 0.100000
	pigment { color rgbt <1,0,0,0> }
	no_shadow
}
cylinder {
	<30.768127, 39.129025, 31.916262>,  <30.551067, 39.380161, 32.139454>, 0.100000
	pigment { color rgbt <1,0,0,0> }
	no_shadow
}

// particle -1
sphere {
	<30.768127, 39.129025, 31.916262> 0.100000
	pigment { color rgbt <1,0,0,0> }
	no_shadow
}
sphere {
	0, 1
	scale<0.080000,0.200000,0.300000>
	matrix <-0.658197, -0.730540, 0.181900,
