// switches for output
#declare DRAW_BASES = 1; // possible values are 0, 1; only relevant for DNA ribbons
#declare DRAW_BASES_TYPE = 3; // possible values are 1, 2, 3; only relevant for DNA ribbons
#declare DRAW_FOG = 0; // set to 1 to enable fog

#include "colors.inc"

#include "transforms.inc"
background { rgb <1, 1, 1>}

#default {
   normal{
       ripples 0.25
       frequency 0.20
       turbulence 0.2
       lambda 5
   }
	finish {
		phong 0.1
		phong_size 40.
	}
}

// original window dimensions: 1024x640


// camera settings

camera {
	sky <0, 0.179814, -0.983701>
	up <0, 0.179814, -0.983701>
	right 1.6 * <1, 0, 0>
	location <35, 94.9851, 44.8844>
	look_at <35, 29.7336, 32.9568>
	direction <0, -65.2515, -11.9276>
	angle 67.0682
}


# declare cpy_camera_pos = <35, 94.9851, 44.8844>;
# if (DRAW_FOG = 1)
fog {
	fog_type 2
	up vnormalize(cpy_camera_pos)
	color rgbt<1,1,1,0.3>
	distance 1e-5
	fog_alt 3e-3
	fog_offset 56
}
# end


// LIGHTS

# declare lum = 6;
global_settings {
	ambient_light rgb lum * <0.05, 0.05, 0.05>
	max_trace_level 15
}# declare cpy_direct_light_amount = 0.25;
light_source
{	1000 * <-1, -1.16352, -0.803886>,
	rgb lum * cpy_direct_light_amount
	parallel
}

light_source
{	1000 * <1, 1.16352, 0.803886>,
	rgb lum * cpy_direct_light_amount
	parallel
}

// strand 0

// nucleotide -1

// particle -1
sphere {
	<24.278267, 35.297974, 34.977779> 0.250000
	pigment { color rgbt <1,0,0,0> }
	no_shadow
}
cylinder {
	<24.297483, 34.899582, 35.008041>,  <24.309013, 34.660549, 35.026199>, 0.100000
	pigment { color rgbt <1,0,0,0> }
	no_shadow
}
cylinder {
	<24.297483, 34.899582, 35.008041>,  <24.278267, 35.297974, 34.977779>, 0.100000
	pigment { color rgbt <1,0,0,0> }
	no_shadow
}

// particle -1
sphere {
	<24.297483, 34.899582, 35.008041> 0.100000
	pigment { color rgbt <1,0,0,0> }
	no_shadow
}
sphere {
	0, 1
	scale<0.080000,0.200000,0.300000>
	matrix <0.428199, -0.047894, -0.902414,
		0.902407, 0.075749, 0.424175,
		0.048042, -0.995976, 0.075655,
		24.311895, 34.600788, 35.030739>
	pigment { color rgbt <0,1,1,0> }
	no_shadow
}
cylinder {
	<24.921024, 34.832821, 34.899559>,  <24.278267, 35.297974, 34.977779>, 0.130000
	pigment { color rgbt <1,0,0,0> }
	no_shadow
}

// nucleotide -1

// particle -1
sphere {
	<24.921024, 34.832821, 34.899559> 0.250000
	pigment { color rgbt <1,0,0,0> }
	no_shadow
}
cylinder {
	<24.598503, 34.663475, 34.734325>,  <24.404991, 34.561867, 34.635185>, 0.100000
	pigment { color rgbt <1,0,0,0> }
	no_shadow
}
cylinder {
	<24.598503, 34.663475, 34.734325>,  <24.921024, 34.832821, 34.899559>, 0.100000
	pigment { color rgbt <1,0,0,0> }
	no_shadow
}

// particle -1
sphere {
	<24.598503, 34.663475, 34.734325> 0.100000
	pigment { color rgbt <1,0,0,0> }
	no_shadow
}
sphere {
	0, 1
	scale<0.080000,0.200000,0.300000>
	matrix <0.488301, -0.082273, -0.868788,
		0.333827, -0.902217, 0.273065,
		-0.806301, -0.423363, -0.413089,
		24.356613, 34.536465, 34.610397>
	pigment { color rgbt <0,1,1,0> }
	no_shadow
}
cylinder {
	<25.202263, 34.233547, 34.544792>,  <24.921024, 34.832821, 34.899559>, 0.130000
	pigment { color rgbt <1,0,0,0> }
	no_shadow
}

// nucleotide -1

// particle -1
sphere {
	<25.202263, 34.233547, 34.544792> 0.250000
	pigment { color rgbt <1,0,0,0> }
	no_shadow
}
cylinder {
	<24.870304, 34.404812, 34.401714>,  <24.671129, 34.507568, 34.315868>, 0.100000
	pigment { color rgbt <1,0,0,0> }
	no_shadow
}
cylinder {
	<24.870304, 34.404812, 34.401714>,  <25.202263, 34.233547, 34.544792>, 0.100000
	pigment { color rgbt <1,0,0,0> }
	no_shadow
}

// particle -1
sphere {
	<24.870304, 34.404812, 34.401714> 0.100000
	pigment { color rgbt <1,0,0,0> }
	no_shadow
}
sphere {
	0, 1
	scale<0.080000,0.200000,0.300000>
	matrix <0.486645, 0.241986, -0.839416,
		-0.272846, -0.870703, -0.409185,
		-0.829899, 0.428159, -0.357698,
		24.621334, 34.533260, 34.294403>
	pigment { color rgbt <0,1,1,0> }
	no_shadow
}
cylinder {
	<24.814037, 33.860828, 33.977043>,  <25.202263, 34.233547, 34.544792>, 0.130000
	pigment { color rgbt <1,0,0,0> }
	no_shadow
}

// nucleotide -1

// particle -1
sphere {
	<24.814037, 33.860828, 33.977043> 0.250000
	pigment { color rgbt <1,0,0,0> }
	no_shadow
}
cylinder {
	<24.818922, 34.260227, 33.998425>,  <24.821854, 34.499866, 34.011253>, 0.100000
	pigment { color rgbt <1,0,0,0> }
	no_shadow
}
cylinder {
	<24.818922, 34.260227, 33.998425>,  <24.814037, 33.860828, 33.977043>, 0.100000
	pigment { color rgbt <1,0,0,0> }
	no_shadow
}

// particle -1
sphere {
	<24.818922, 34.260227, 33.998425> 0.100000
	pigment { color rgbt <1,0,0,0> }
	no_shadow
}
sphere {
	0, 1
	scale<0.080000,0.200000,0.300000>
	matrix <0.468002, 0.041532, -0.882751,
		-0.883643, 0.035797, -0.466791,
		0.012213, 0.998496, 0.053452,
		24.822586, 34.559776, 34.014462>
	pigment { color rgbt <0,1,1,0> }
	no_shadow
}
cylinder {
	<24.428129, 34.130692, 33.378475>,  <24.814037, 33.860828, 33.977043>, 0.130000
	pigment { color rgbt <1,0,0,0> }
	no_shadow
}

// nucleotide -1

// particle -1
sphere {
	<24.428129, 34.130692, 33.378475> 0.250000
	pigment { color rgbt <1,0,0,0> }
	no_shadow
}
cylinder {
	<24.721939, 34.349895, 33.538551>,  <24.898226, 34.481419, 33.634598>, 0.100000
	pigment { color rgbt <1,0,0,0> }
	no_shadow
}
cylinder {
	<24.721939, 34.349895, 33.538551>,  <24.428129, 34.130692, 33.378475>, 0.100000
	pigment { color rgbt <1,0,0,0> }
	no_shadow
}

// particle -1
sphere {
	<24.721939, 34.349895, 33.538551> 0.100000
	pigment { color rgbt <1,0,0,0> }
	no_shadow
}
sphere {
	0, 1
	scale<0.080000,0.200000,0.300000>
	matrix <0.440159, 0.064079, -0.895631,
		-0.516461, 0.834012, -0.194145,
		0.734526, 0.548013, 0.400192,
		24.942297, 34.514297, 33.658607>
	pigment { color rgbt <0,1,1,0> }
	no_shadow
}
cylinder {
	<24.468510, 34.769180, 33.039070>,  <24.428129, 34.130692, 33.378475>, 0.130000
	pigment { color rgbt <1,0,0,0> }
	no_shadow
}

// nucleotide -1

// particle -1
sphere {
	<24.468510, 34.769180, 33.039070> 0.250000
	pigment { color rgbt <1,0,0,0> }
	no_shadow
}
cylinder {
	<24.818447, 34.641678, 33.184971>,  <25.028410, 34.565174, 33.272511>, 0.100000
	pigment { color rgbt <1,0,0,0> }
	no_shadow
}
cylinder {
	<24.818447, 34.641678, 33.184971>,  <24.468510, 34.769180, 33.039070>, 0.100000
	pigment { color rgbt <1,0,0,0> }
	no_shadow
}

// particle -1
sphere {
	<24.818447, 34.641678, 33.184971> 0.100000
	pigment { color rgbt <1,0,0,0> }
	no_shadow
}
sphere {
	0, 1
	scale<0.080000,0.200000,0.300000>
	matrix <0.403130, 0.061593, -0.913068,
		0.268582, 0.945833, 0.182385,
		0.874843, -0.318758, 0.364751,
		25.080900, 34.546051, 33.294395>
	pigment { color rgbt <0,1,1,0> }
	no_shadow
}
cylinder {
	<24.903761, 35.311268, 32.722706>,  <24.468510, 34.769180, 33.039070>, 0.130000
	pigment { color rgbt <1,0,0,0> }
	no_shadow
}

// nucleotide -1

// particle -1
sphere {
	<24.903761, 35.311268, 32.722706> 0.250000
	pigment { color rgbt <1,0,0,0> }
	no_shadow
}
cylinder {
	<25.037769, 34.936035, 32.757961>,  <25.118174, 34.710896, 32.779114>, 0.100000
	pigment { color rgbt <1,0,0,0> }
	no_shadow
}
cylinder {
	<25.037769, 34.936035, 32.757961>,  <24.903761, 35.311268, 32.722706>, 0.100000
	pigment { color rgbt <1,0,0,0> }
	no_shadow
}

// particle -1
sphere {
	<25.037769, 34.936035, 32.757961> 0.100000
	pigment { color rgbt <1,0,0,0> }
	no_shadow
}
sphere {
	0, 1
	scale<0.080000,0.200000,0.300000>
	matrix <0.317824, 0.024450, -0.947835,
		0.886989, 0.345555, 0.306336,
		0.335019, -0.938080, 0.088139,
		25.138275, 34.654610, 32.784405>
	pigment { color rgbt <0,1,1,0> }
	no_shadow
}
cylinder {
	<25.669977, 35.232235, 32.749256>,  <24.903761, 35.311268, 32.722706>, 0.130000
	pigment { color rgbt <1,0,0,0> }
	no_shadow
}

// nucleotide -1

// particle -1
sphere {
	<25.669977, 35.232235, 32.749256> 0.250000
	pigment { color rgbt <1,0,0,0> }
	no_shadow
}
cylinder {
	<25.482780, 34.917896, 32.587555>,  <25.370462, 34.729294, 32.490532>, 0.100000
	pigment { color rgbt <1,0,0,0> }
	no_shadow
}
cylinder {
	<25.482780, 34.917896, 32.587555>,  <25.669977, 35.232235, 32.749256>, 0.100000
	pigment { color rgbt <1,0,0,0> }
	no_shadow
}

// particle -1
sphere {
	<25.482780, 34.917896, 32.587555> 0.100000
	pigment { color rgbt <1,0,0,0> }
	no_shadow
}
sphere {
	0, 1
	scale<0.080000,0.200000,0.300000>
	matrix <0.447521, 0.183711, -0.875200,
		0.762042, -0.590501, 0.265708,
		-0.467993, -0.785849, -0.404257,
		25.342382, 34.682140, 32.466278>
	pigment { color rgbt <0,1,1,0> }
	no_shadow
}
cylinder {
	<26.172470, 34.916439, 32.380589>,  <25.669977, 35.232235, 32.749256>, 0.130000
	pigment { color rgbt <1,0,0,0> }
	no_shadow
}

// nucleotide -1

// particle -1
sphere {
	<26.172470, 34.916439, 32.380589> 0.250000
	pigment { color rgbt <1,0,0,0> }
	no_shadow
}
cylinder {
	<25.816236, 34.818790, 32.227093>,  <25.602495, 34.760201, 32.134995>, 0.100000
	pigment { color rgbt <1,0,0,0> }
	no_shadow
}
cylinder {
	<25.816236, 34.818790, 32.227093>,  <26.172470, 34.916439, 32.380589>, 0.100000
	pigment { color rgbt <1,0,0,0> }
	no_shadow
}

// particle -1
sphere {
	<25.816236, 34.818790, 32.227093> 0.100000
	pigment { color rgbt <1,0,0,0> }
	no_shadow
}
sphere {
	0, 1
	scale<0.080000,0.200000,0.300000>
	matrix <0.334592, 0.219829, -0.916364,
		0.308066, -0.944498, -0.114094,
		-0.890586, -0.244126, -0.383744,
		25.549061, 34.745552, 32.111969>
	pigment { color rgbt <0,1,1,0> }
	no_shadow
}
cylinder {
	<26.370029, 34.477058, 31.850275>,  <26.172470, 34.916439, 32.380589>, 0.130000
	pigment { color rgbt <1,0,0,0> }
	no_shadow
}

// nucleotide -1

// particle -1
sphere {
	<26.370029, 34.477058, 31.850275> 0.250000
	pigment { color rgbt <1,0,0,0> }
	no_shadow
}
cylinder {
	<26.003845, 34.621468, 31.779169>,  <25.784136, 34.708111, 31.736506>, 0.100000
	pigment { color rgbt <1,0,0,0> }
	no_shadow
}
cylinder {
	<26.003845, 34.621468, 31.779169>,  <26.370029, 34.477058, 31.850275>, 0.100000
	pigment { color rgbt <1,0,0,0> }
	no_shadow
}

// particle -1
sphere {
	<26.003845, 34.621468, 31.779169> 0.100000
	pigment { color rgbt <1,0,0,0> }
	no_shadow
}
sphere {
	0, 1
	scale<0.080000,0.200000,0.300000>
	matrix <0.230361, 0.107951, -0.967099,
		-0.329953, -0.926289, -0.181990,
		-0.915459, 0.361021, -0.177762,
		25.729208, 34.729774, 31.725840>
	pigment { color rgbt <0,1,1,0> }
	no_shadow
}
cylinder {
	<26.312651, 34.250156, 31.221209>,  <26.370029, 34.477058, 31.850275>, 0.130000
	pigment { color rgbt <1,0,0,0> }
	no_shadow
}

// nucleotide -1

// particle -1
sphere {
	<26.312651, 34.250156, 31.221209> 0.250000
	pigment { color rgbt <1,0,0,0> }
	no_shadow
}
cylinder {
	<26.024809, 34.527027, 31.243349>,  <25.852104, 34.693150, 31.256634>, 0.100000
	pigment { color rgbt <1,0,0,0> }
	no_shadow
}
cylinder {
	<26.024809, 34.527027, 31.243349>,  <26.312651, 34.250156, 31.221209>, 0.100000
	pigment { color rgbt <1,0,0,0> }
	no_shadow
}

// particle -1
sphere {
	<26.024809, 34.527027, 31.243349> 0.100000
	pigment { color rgbt <1,0,0,0> }
	no_shadow
}
sphere {
	0, 1
	scale<0.080000,0.200000,0.300000>
	matrix <0.138272, 0.220952, -0.965433,
		-0.680477, -0.687078, -0.254707,
		-0.719606, 0.692173, 0.055349,
		25.808928, 34.734680, 31.259954>
	pigment { color rgbt <0,1,1,0> }
	no_shadow
}
cylinder {
	<25.916143, 34.199173, 30.593159>,  <26.312651, 34.250156, 31.221209>, 0.130000
	pigment { color rgbt <1,0,0,0> }
	no_shadow
}

// nucleotide -1

// particle -1
sphere {
	<25.916143, 34.199173, 30.593159> 0.250000
	pigment { color rgbt <1,0,0,0> }
	no_shadow
}
cylinder {
	<25.834127, 34.561996, 30.740234>,  <25.784918, 34.779690, 30.828480>, 0.100000
	pigment { color rgbt <1,0,0,0> }
	no_shadow
}
cylinder {
	<25.834127, 34.561996, 30.740234>,  <25.916143, 34.199173, 30.593159>, 0.100000
	pigment { color rgbt <1,0,0,0> }
	no_shadow
}

// particle -1
sphere {
	<25.834127, 34.561996, 30.740234> 0.100000
	pigment { color rgbt <1,0,0,0> }
	no_shadow
}
sphere {
	0, 1
	scale<0.080000,0.200000,0.300000>
	matrix <0.097478, 0.392729, -0.914474,
		-0.973888, -0.151660, -0.168943,
		-0.205038, 0.907063, 0.367691,
		25.772615, 34.834114, 30.850542>
	pigment { color rgbt <0,1,1,0> }
	no_shadow
}
cylinder {
	<25.381035, 34.447571, 30.066837>,  <25.916143, 34.199173, 30.593159>, 0.130000
	pigment { color rgbt <1,0,0,0> }
	no_shadow
}

// nucleotide -1

// particle -1
sphere {
	<25.381035, 34.447571, 30.066837> 0.250000
	pigment { color rgbt <1,0,0,0> }
	no_shadow
}
cylinder {
	<25.571461, 34.749508, 30.247313>,  <25.685717, 34.930672, 30.355598>, 0.100000
	pigment { color rgbt <1,0,0,0> }
	no_shadow
}
cylinder {
	<25.571461, 34.749508, 30.247313>,  <25.381035, 34.447571, 30.066837>, 0.100000
	pigment { color rgbt <1,0,0,0> }
	no_shadow
}

// particle -1
sphere {
	<25.571461, 34.749508, 30.247313> 0.100000
	pigment { color rgbt <1,0,0,0> }
	no_shadow
}
sphere {
	0, 1
	scale<0.080000,0.200000,0.300000>
	matrix <0.127029, 0.448651, -0.884633,
		-0.870186, 0.478458, 0.117701,
		0.476066, 0.754844, 0.451188,
		25.714281, 34.975960, 30.382669>
	pigment { color rgbt <0,1,1,0> }
	no_shadow
}
cylinder {
	<25.172501, 35.139416, 29.743689>,  <25.381035, 34.447571, 30.066837>, 0.130000
	pigment { color rgbt <1,0,0,0> }
	no_shadow
}

// nucleotide -1

// particle -1
sphere {
	<25.172501, 35.139416, 29.743689> 0.250000
	pigment { color rgbt <1,0,0,0> }
	no_shadow
}
cylinder {
	<25.486755, 35.248730, 29.965712>,  <25.675308, 35.314316, 30.098925>, 0.100000
	pigment { color rgbt <1,0,0,0> }
	no_shadow
}
cylinder {
	<25.486755, 35.248730, 29.965712>,  <25.172501, 35.139416, 29.743689>, 0.100000
	pigment { color rgbt <1,0,0,0> }
	no_shadow
}

// particle -1
sphere {
	<25.486755, 35.248730, 29.965712> 0.100000
	pigment { color rgbt <1,0,0,0> }
	no_shadow
}
sphere {
	0, 1
	scale<0.080000,0.200000,0.300000>
	matrix <0.155398, 0.781230, -0.604592,
		-0.598852, 0.561246, 0.571297,
		0.785639, 0.273283, 0.555057,
		25.722446, 35.330715, 30.132229>
	pigment { color rgbt <0,1,1,0> }
	no_shadow
}
cylinder {
	<24.976542, 35.804966, 29.945265>,  <25.172501, 35.139416, 29.743689>, 0.130000
	pigment { color rgbt <1,0,0,0> }
	no_shadow
}

// nucleotide -1

// particle -1
sphere {
	<24.976542, 35.804966, 29.945265> 0.250000
	pigment { color rgbt <1,0,0,0> }
	no_shadow
}
cylinder {
	<25.372591, 35.751877, 29.963333>,  <25.610220, 35.720024, 29.974174>, 0.100000
	pigment { color rgbt <1,0,0,0> }
	no_shadow
}
cylinder {
	<25.372591, 35.751877, 29.963333>,  <24.976542, 35.804966, 29.945265>, 0.100000
	pigment { color rgbt <1,0,0,0> }
	no_shadow
}

// particle -1
sphere {
	<25.372591, 35.751877, 29.963333> 0.100000
	pigment { color rgbt <1,0,0,0> }
	no_shadow
}
sphere {
	0, 1
	scale<0.080000,0.200000,0.300000>
	matrix <0.128596, 0.731396, -0.669719,
		0.055848, 0.668913, 0.741240,
		0.990123, -0.132723, 0.045172,
		25.669628, 35.712059, 29.976885>
	pigment { color rgbt <0,1,1,0> }
	no_shadow
}
cylinder {
	<25.313242, 36.388729, 30.118448>,  <24.976542, 35.804966, 29.945265>, 0.130000
	pigment { color rgbt <1,0,0,0> }
	no_shadow
}

// nucleotide -1

// particle -1
sphere {
	<25.313242, 36.388729, 30.118448> 0.250000
	pigment { color rgbt <1,0,0,0> }
	no_shadow
}
cylinder {
	<25.634018, 36.224865, 29.944519>,  <25.826483, 36.126545, 29.840162>, 0.100000
	pigment { color rgbt <1,0,0,0> }
	no_shadow
}
cylinder {
	<25.634018, 36.224865, 29.944519>,  <25.313242, 36.388729, 30.118448>, 0.100000
	pigment { color rgbt <1,0,0,0> }
	no_shadow
}

// particle -1
sphere {
	<25.634018, 36.224865, 29.944519> 0.100000
	pigment { color rgbt <1,0,0,0> }
	no_shadow
}
sphere {
	0, 1
	scale<0.080000,0.200000,0.300000>
	matrix <0.214485, 0.876758, -0.430454,
		0.557574, 0.251936, 0.790974,
		0.801940, -0.409662, -0.434821,
		25.874599, 36.101967, 29.814074>
	pigment { color rgbt <0,1,1,0> }
	no_shadow
}
cylinder {
	<25.775234, 36.933098, 30.137871>,  <25.313242, 36.388729, 30.118448>, 0.130000
	pigment { color rgbt <1,0,0,0> }
	no_shadow
}

// nucleotide -1

// particle -1
sphere {
	<25.775234, 36.933098, 30.137871> 0.250000
	pigment { color rgbt <1,0,0,0> }
	no_shadow
}
cylinder {
	<25.920683, 36.679073, 29.865261>,  <26.007952, 36.526657, 29.701696>, 0.100000
	pigment { color rgbt <1,0,0,0> }
	no_shadow
}
cylinder {
	<25.920683, 36.679073, 29.865261>,  <25.775234, 36.933098, 30.137871>, 0.100000
	pigment { color rgbt <1,0,0,0> }
	no_shadow
}

// particle -1
sphere {
	<25.920683, 36.679073, 29.865261> 0.100000
	pigment { color rgbt <1,0,0,0> }
	no_shadow
}
sphere {
	0, 1
	scale<0.080000,0.200000,0.300000>
	matrix <0.432985, 0.762992, -0.479965,
		0.824805, -0.120564, 0.552414,
		0.363621, -0.635065, -0.681522,
		26.029770, 36.488552, 29.660805>
	pigment { color rgbt <0,1,1,0> }
	no_shadow
}
cylinder {
	<26.465599, 37.095554, 30.109257>,  <25.775234, 36.933098, 30.137871>, 0.130000
	pigment { color rgbt <1,0,0,0> }
	no_shadow
}

// nucleotide -1

// particle -1
sphere {
	<26.465599, 37.095554, 30.109257> 0.250000
	pigment { color rgbt <1,0,0,0> }
	no_shadow
}
cylinder {
	<26.417137, 36.910686, 29.757866>,  <26.388060, 36.799767, 29.547031>, 0.100000
	pigment { color rgbt <1,0,0,0> }
	no_shadow
}
cylinder {
	<26.417137, 36.910686, 29.757866>,  <26.465599, 37.095554, 30.109257>, 0.100000
	pigment { color rgbt <1,0,0,0> }
	no_shadow
}

// particle -1
sphere {
	<26.417137, 36.910686, 29.757866> 0.100000
	pigment { color rgbt <1,0,0,0> }
	no_shadow
}
sphere {
	0, 1
	scale<0.080000,0.200000,0.300000>
	matrix <0.456783, 0.759765, -0.462716,
		0.881289, -0.457334, 0.119062,
		-0.121157, -0.462172, -0.878475,
		26.380791, 36.772034, 29.494324>
	pigment { color rgbt <0,1,1,0> }
	no_shadow
}
cylinder {
	<27.104239, 37.121220, 29.769693>,  <26.465599, 37.095554, 30.109257>, 0.130000
	pigment { color rgbt <1,0,0,0> }
	no_shadow
}

// nucleotide -1

// particle -1
sphere {
	<27.104239, 37.121220, 29.769693> 0.250000
	pigment { color rgbt <1,0,0,0> }
	no_shadow
}
cylinder {
	<26.866510, 37.045486, 29.457043>,  <26.723873, 37.000046, 29.269453>, 0.100000
	pigment { color rgbt <1,0,0,0> }
	no_shadow
}
cylinder {
	<26.866510, 37.045486, 29.457043>,  <27.104239, 37.121220, 29.769693>, 0.100000
	pigment { color rgbt <1,0,0,0> }
	no_shadow
}

// particle -1
sphere {
	<26.866510, 37.045486, 29.457043> 0.100000
	pigment { color rgbt <1,0,0,0> }
	no_shadow
}
sphere {
	0, 1
	scale<0.080000,0.200000,0.300000>
	matrix <0.416941, 0.758545, -0.500768,
		0.687708, -0.623509, -0.371880,
		-0.594321, -0.189331, -0.781624,
		26.688213, 36.988686, 29.222555>
	pigment { color rgbt <0,1,1,0> }
	no_shadow
}
cylinder {
	<27.490635, 37.080734, 29.216436>,  <27.104239, 37.121220, 29.769693>, 0.130000
	pigment { color rgbt <1,0,0,0> }
	no_shadow
}

// nucleotide -1

// particle -1
sphere {
	<27.490635, 37.080734, 29.216436> 0.250000
	pigment { color rgbt <1,0,0,0> }
	no_shadow
}
cylinder {
	<27.125078, 37.166252, 29.078396>,  <26.905745, 37.217564, 28.995571>, 0.100000
	pigment { color rgbt <1,0,0,0> }
	no_shadow
}
cylinder {
	<27.125078, 37.166252, 29.078396>,  <27.490635, 37.080734, 29.216436>, 0.100000
	pigment { color rgbt <1,0,0,0> }
	no_shadow
}

// particle -1
sphere {
	<27.125078, 37.166252, 29.078396> 0.100000
	pigment { color rgbt <1,0,0,0> }
	no_shadow
}
sphere {
	0, 1
	scale<0.080000,0.200000,0.300000>
	matrix <0.369531, 0.790064, -0.489128,
		0.168077, -0.574534, -0.801037,
		-0.913891, 0.213796, -0.345100,
		26.850910, 37.230392, 28.974865>
	pigment { color rgbt <0,1,1,0> }
	no_shadow
}
cylinder {
	<27.533827, 37.363724, 28.512545>,  <27.490635, 37.080734, 29.216436>, 0.130000
	pigment { color rgbt <1,0,0,0> }
	no_shadow
}

// nucleotide -1

// particle -1
sphere {
	<27.533827, 37.363724, 28.512545> 0.250000
	pigment { color rgbt <1,0,0,0> }
	no_shadow
}
cylinder {
	<27.176565, 37.495956, 28.634521>,  <26.962208, 37.575298, 28.707708>, 0.100000
	pigment { color rgbt <1,0,0,0> }
	no_shadow
}
cylinder {
	<27.176565, 37.495956, 28.634521>,  <27.533827, 37.363724, 28.512545>, 0.100000
	pigment { color rgbt <1,0,0,0> }
	no_shadow
}

// particle -1
sphere {
	<27.176565, 37.495956, 28.634521> 0.100000
	pigment { color rgbt <1,0,0,0> }
	no_shadow
}
sphere {
	0, 1
	scale<0.080000,0.200000,0.300000>
	matrix <0.091973, 0.797952, -0.595663,
		-0.440246, -0.503972, -0.743098,
		-0.893154, 0.330583, 0.304944,
		26.908619, 37.595131, 28.726004>
	pigment { color rgbt <0,1,1,0> }
	no_shadow
}
cylinder {
	<27.167122, 37.507153, 27.873604>,  <27.533827, 37.363724, 28.512545>, 0.130000
	pigment { color rgbt <1,0,0,0> }
	no_shadow
}

// nucleotide -1

// particle -1
sphere {
	<27.167122, 37.507153, 27.873604> 0.250000
	pigment { color rgbt <1,0,0,0> }
	no_shadow
}
cylinder {
	<26.978897, 37.709167, 28.163019>,  <26.865963, 37.830376, 28.336668>, 0.100000
	pigment { color rgbt <1,0,0,0> }
	no_shadow
}
cylinder {
	<26.978897, 37.709167, 28.163019>,  <27.167122, 37.507153, 27.873604>, 0.100000
	pigment { color rgbt <1,0,0,0> }
	no_shadow
}

// particle -1
sphere {
	<26.978897, 37.709167, 28.163019> 0.100000
	pigment { color rgbt <1,0,0,0> }
	no_shadow
}
sphere {
	0, 1
	scale<0.080000,0.200000,0.300000>
	matrix <-0.002657, 0.819183, -0.573526,
		-0.882363, -0.271802, -0.384135,
		-0.470562, 0.505038, 0.723539,
		26.837729, 37.860680, 28.380081>
	pigment { color rgbt <0,1,1,0> }
	no_shadow
}
cylinder {
	<26.775848, 37.969238, 27.506922>,  <27.167122, 37.507153, 27.873604>, 0.130000
	pigment { color rgbt <1,0,0,0> }
	no_shadow
}

// nucleotide -1

// particle -1
sphere {
	<26.775848, 37.969238, 27.506922> 0.250000
	pigment { color rgbt <1,0,0,0> }
	no_shadow
}
cylinder {
	<26.786129, 38.120926, 27.876902>,  <26.792297, 38.211941, 28.098888>, 0.100000
	pigment { color rgbt <1,0,0,0> }
	no_shadow
}
cylinder {
	<26.786129, 38.120926, 27.876902>,  <26.775848, 37.969238, 27.506922>, 0.100000
	pigment { color rgbt <1,0,0,0> }
	no_shadow
}

// particle -1
sphere {
	<26.786129, 38.120926, 27.876902> 0.100000
	pigment { color rgbt <1,0,0,0> }
	no_shadow
}
sphere {
	0, 1
	scale<0.080000,0.200000,0.300000>
	matrix <0.002062, 0.925232, -0.379396,
		-0.999668, 0.011659, 0.022999,
		0.025703, 0.379223, 0.924949,
		26.793840, 38.234692, 28.154387>
	pigment { color rgbt <0,1,1,0> }
	no_shadow
}
cylinder {
	<26.335423, 38.457394, 27.444284>,  <26.775848, 37.969238, 27.506922>, 0.130000
	pigment { color rgbt <1,0,0,0> }
	no_shadow
}

// nucleotide -1

// particle -1
sphere {
	<26.335423, 38.457394, 27.444284> 0.250000
	pigment { color rgbt <1,0,0,0> }
	no_shadow
}
cylinder {
	<26.526810, 38.561607, 27.779711>,  <26.641642, 38.624138, 27.980967>, 0.100000
	pigment { color rgbt <1,0,0,0> }
	no_shadow
}
cylinder {
	<26.526810, 38.561607, 27.779711>,  <26.335423, 38.457394, 27.444284>, 0.100000
	pigment { color rgbt <1,0,0,0> }
	no_shadow
}

// particle -1
sphere {
	<26.526810, 38.561607, 27.779711> 0.100000
	pigment { color rgbt <1,0,0,0> }
	no_shadow
}
sphere {
	0, 1
	scale<0.080000,0.200000,0.300000>
	matrix <-0.045553, 0.961048, -0.272601,
		-0.876923, 0.092231, 0.471698,
		0.478467, 0.260538, 0.838564,
		26.670349, 38.639771, 28.031281>
	pigment { color rgbt <0,1,1,0> }
	no_shadow
}
cylinder {
	<25.937239, 39.065762, 27.633945>,  <26.335423, 38.457394, 27.444284>, 0.130000
	pigment { color rgbt <1,0,0,0> }
	no_shadow
}

// nucleotide -1

// particle -1
sphere {
	<25.937239, 39.065762, 27.633945> 0.250000
	pigment { color rgbt <1,0,0,0> }
	no_shadow
}
cylinder {
	<26.279537, 39.067406, 27.840899>,  <26.484917, 39.068394, 27.965071>, 0.100000
	pigment { color rgbt <1,0,0,0> }
	no_shadow
}
cylinder {
	<26.279537, 39.067406, 27.840899>,  <25.937239, 39.065762, 27.633945>, 0.100000
	pigment { color rgbt <1,0,0,0> }
	no_shadow
}

// particle -1
sphere {
	<26.279537, 39.067406, 27.840899> 0.100000
	pigment { color rgbt <1,0,0,0> }
	no_shadow
}
sphere {
	0, 1
	scale<0.080000,0.200000,0.300000>
	matrix <0.058991, 0.992673, -0.105459,
		-0.514024, 0.120767, 0.849232,
		0.855745, 0.004111, 0.517381,
		26.536261, 39.068638, 27.996113>
	pigment { color rgbt <0,1,1,0> }
	no_shadow
}
cylinder {
	<25.963804, 39.434811, 28.322990>,  <25.937239, 39.065762, 27.633945>, 0.130000
	pigment { color rgbt <1,0,0,0> }
	no_shadow
}

// nucleotide -1

// particle -1
sphere {
	<25.963804, 39.434811, 28.322990> 0.250000
	pigment { color rgbt <1,0,0,0> }
	no_shadow
}
cylinder {
	<26.280491, 39.450073, 28.079113>,  <26.470503, 39.459232, 27.932787>, 0.100000
	pigment { color rgbt <1,0,0,0> }
	no_shadow
}
cylinder {
	<26.280491, 39.450073, 28.079113>,  <25.963804, 39.434811, 28.322990>, 0.100000
	pigment { color rgbt <1,0,0,0> }
	no_shadow
}

// particle -1
sphere {
	<26.280491, 39.450073, 28.079113> 0.100000
	pigment { color rgbt <1,0,0,0> }
	no_shadow
}
sphere {
	0, 1
	scale<0.080000,0.200000,0.300000>
	matrix <-0.067843, 0.997366, -0.025674,
		0.607107, 0.061690, 0.792222,
		0.791719, 0.038160, -0.609693,
		26.518007, 39.461521, 27.896206>
	pigment { color rgbt <0,1,1,0> }
	no_shadow
}
cylinder {
	<26.373472, 39.908558, 28.585997>,  <25.963804, 39.434811, 28.322990>, 0.130000
	pigment { color rgbt <1,0,0,0> }
	no_shadow
}

// nucleotide -1

// particle -1
sphere {
	<26.373472, 39.908558, 28.585997> 0.250000
	pigment { color rgbt <1,0,0,0> }
	no_shadow
}
cylinder {
	<26.488714, 39.890903, 28.203363>,  <26.557859, 39.880310, 27.973783>, 0.100000
	pigment { color rgbt <1,0,0,0> }
	no_shadow
}
cylinder {
	<26.488714, 39.890903, 28.203363>,  <26.373472, 39.908558, 28.585997>, 0.100000
	pigment { color rgbt <1,0,0,0> }
	no_shadow
}

// particle -1
sphere {
	<26.488714, 39.890903, 28.203363> 0.100000
	pigment { color rgbt <1,0,0,0> }
	no_shadow
}
sphere {
	0, 1
	scale<0.080000,0.200000,0.300000>
	matrix <-0.024579, 0.998267, -0.053466,
		0.957284, 0.038916, 0.286519,
		0.288103, -0.044140, -0.956582,
		26.575146, 39.877663, 27.916389>
	pigment { color rgbt <0,1,1,0> }
	no_shadow
}
cylinder {
	<26.869972, 40.271503, 28.402618>,  <26.373472, 39.908558, 28.585997>, 0.130000
	pigment { color rgbt <1,0,0,0> }
	no_shadow
}

// nucleotide -1

// particle -1
sphere {
	<26.869972, 40.271503, 28.402618> 0.250000
	pigment { color rgbt <1,0,0,0> }
	no_shadow
}
cylinder {
	<26.647631, 40.272385, 28.070107>,  <26.514227, 40.272911, 27.870600>, 0.100000
	pigment { color rgbt <1,0,0,0> }
	no_shadow
}
cylinder {
	<26.647631, 40.272385, 28.070107>,  <26.869972, 40.271503, 28.402618>, 0.100000
	pigment { color rgbt <1,0,0,0> }
	no_shadow
}

// particle -1
sphere {
	<26.647631, 40.272385, 28.070107> 0.100000
	pigment { color rgbt <1,0,0,0> }
	no_shadow
}
sphere {
	0, 1
	scale<0.080000,0.200000,0.300000>
	matrix <-0.012326, 0.999865, 0.010889,
		0.831189, 0.016299, -0.555751,
		-0.555853, 0.002200, -0.831278,
		26.480875, 40.273045, 27.820723>
	pigment { color rgbt <0,1,1,0> }
	no_shadow
}
cylinder {
	<27.216427, 39.677025, 28.290642>,  <26.869972, 40.271503, 28.402618>, 0.130000
	pigment { color rgbt <1,0,0,0> }
	no_shadow
}

// nucleotide -1

// particle -1
sphere {
	<27.216427, 39.677025, 28.290642> 0.250000
	pigment { color rgbt <1,0,0,0> }
	no_shadow
}
cylinder {
	<27.610035, 39.742958, 28.263708>,  <27.846201, 39.782516, 28.247549>, 0.100000
	pigment { color rgbt <1,0,0,0> }
	no_shadow
}
cylinder {
	<27.610035, 39.742958, 28.263708>,  <27.216427, 39.677025, 28.290642>, 0.100000
	pigment { color rgbt <1,0,0,0> }
	no_shadow
}

// particle -1
sphere {
	<27.610035, 39.742958, 28.263708> 0.100000
	pigment { color rgbt <1,0,0,0> }
	no_shadow
}
sphere {
	0, 1
	scale<0.080000,0.200000,0.300000>
	matrix <0.143782, -0.958671, -0.245512,
		-0.105018, 0.231908, -0.967052,
		0.984021, 0.164828, -0.067333,
		27.905241, 39.792408, 28.243507>
	pigment { color rgbt <0,1,1,0> }
	no_shadow
}
cylinder {
	<27.487278, 39.518394, 27.667351>,  <27.216427, 39.677025, 28.290642>, 0.130000
	pigment { color rgbt <1,0,0,0> }
	no_shadow
}

// nucleotide -1

// particle -1
sphere {
	<27.487278, 39.518394, 27.667351> 0.250000
	pigment { color rgbt <1,0,0,0> }
	no_shadow
}
cylinder {
	<27.773973, 39.482132, 27.943920>,  <27.945990, 39.460377, 28.109861>, 0.100000
	pigment { color rgbt <1,0,0,0> }
	no_shadow
}
cylinder {
	<27.773973, 39.482132, 27.943920>,  <27.487278, 39.518394, 27.667351>, 0.100000
	pigment { color rgbt <1,0,0,0> }
	no_shadow
}

// particle -1
sphere {
	<27.773973, 39.482132, 27.943920> 0.100000
	pigment { color rgbt <1,0,0,0> }
	no_shadow
}
sphere {
	0, 1
	scale<0.080000,0.200000,0.300000>
	matrix <0.057206, -0.980529, -0.187859,
		0.694993, 0.174199, -0.697596,
		0.716738, -0.090654, 0.691425,
		27.988995, 39.454937, 28.151348>
	pigment { color rgbt <0,1,1,0> }
	no_shadow
}
cylinder {
	<27.208715, 39.759300, 27.090878>,  <27.487278, 39.518394, 27.667351>, 0.130000
	pigment { color rgbt <1,0,0,0> }
	no_shadow
}

// nucleotide -1

// particle -1
sphere {
	<27.208715, 39.759300, 27.090878> 0.250000
	pigment { color rgbt <1,0,0,0> }
	no_shadow
}
cylinder {
	<27.459045, 39.679852, 26.789177>,  <27.609243, 39.632183, 26.608156>, 0.100000
	pigment { color rgbt <1,0,0,0> }
	no_shadow
}
cylinder {
	<27.459045, 39.679852, 26.789177>,  <27.208715, 39.759300, 27.090878>, 0.100000
	pigment { color rgbt <1,0,0,0> }
	no_shadow
}

// particle -1
sphere {
	<27.459045, 39.679852, 26.789177> 0.100000
	pigment { color rgbt <1,0,0,0> }
	no_shadow
}
sphere {
	0, 1
	scale<0.080000,0.200000,0.300000>
	matrix <-0.459635, -0.875194, -0.150901,
		-0.630142, 0.441117, -0.639012,
		0.625824, -0.198623, -0.754250,
		27.646793, 39.620266, 26.562902>
	pigment { color rgbt <0,1,1,0> }
	no_shadow
}
cylinder {
	<26.779877, 39.399139, 26.590960>,  <27.208715, 39.759300, 27.090878>, 0.130000
	pigment { color rgbt <1,0,0,0> }
	no_shadow
}

// nucleotide -1

// particle -1
sphere {
	<26.779877, 39.399139, 26.590960> 0.250000
	pigment { color rgbt <1,0,0,0> }
	no_shadow
}
cylinder {
	<27.159880, 39.311489, 26.501995>,  <27.387882, 39.258900, 26.448616>, 0.100000
	pigment { color rgbt <1,0,0,0> }
	no_shadow
}
cylinder {
	<27.159880, 39.311489, 26.501995>,  <26.779877, 39.399139, 26.590960>, 0.100000
	pigment { color rgbt <1,0,0,0> }
	no_shadow
}

// particle -1
sphere {
	<27.159880, 39.311489, 26.501995> 0.100000
	pigment { color rgbt <1,0,0,0> }
	no_shadow
}
sphere {
	0, 1
	scale<0.080000,0.200000,0.300000>
	matrix <-0.267542, -0.938542, -0.218082,
		-0.160956, 0.266684, -0.950249,
		0.950008, -0.219130, -0.222413,
		27.444881, 39.245750, 26.435270>
	pigment { color rgbt <0,1,1,0> }
	no_shadow
}
cylinder {
	<26.851797, 39.106686, 25.873751>,  <26.779877, 39.399139, 26.590960>, 0.130000
	pigment { color rgbt <1,0,0,0> }
	no_shadow
}

// nucleotide -1

// particle -1
sphere {
	<26.851797, 39.106686, 25.873751> 0.250000
	pigment { color rgbt <1,0,0,0> }
	no_shadow
}
cylinder {
	<27.144802, 38.964706, 26.106108>,  <27.320606, 38.879520, 26.245522>, 0.100000
	pigment { color rgbt <1,0,0,0> }
	no_shadow
}
cylinder {
	<27.144802, 38.964706, 26.106108>,  <26.851797, 39.106686, 25.873751>, 0.100000
	pigment { color rgbt <1,0,0,0> }
	no_shadow
}

// particle -1
sphere {
	<27.144802, 38.964706, 26.106108> 0.100000
	pigment { color rgbt <1,0,0,0> }
	no_shadow
}
sphere {
	0, 1
	scale<0.080000,0.200000,0.300000>
	matrix <-0.228582, -0.932013, -0.281249,
		0.641229, 0.073237, -0.763847,
		0.732513, -0.354947, 0.580893,
		27.364555, 38.858223, 26.280376>
	pigment { color rgbt <0,1,1,0> }
	no_shadow
}
cylinder {
	<27.253643, 38.722591, 25.397865>,  <26.851797, 39.106686, 25.873751>, 0.130000
	pigment { color rgbt <1,0,0,0> }
	no_shadow
}

// nucleotide -1

// particle -1
sphere {
	<27.253643, 38.722591, 25.397865> 0.250000
	pigment { color rgbt <1,0,0,0> }
	no_shadow
}
cylinder {
	<27.302895, 38.588615, 25.771528>,  <27.332445, 38.508228, 25.995726>, 0.100000
	pigment { color rgbt <1,0,0,0> }
	no_shadow
}
cylinder {
	<27.302895, 38.588615, 25.771528>,  <27.253643, 38.722591, 25.397865>, 0.100000
	pigment { color rgbt <1,0,0,0> }
	no_shadow
}

// particle -1
sphere {
	<27.302895, 38.588615, 25.771528> 0.100000
	pigment { color rgbt <1,0,0,0> }
	no_shadow
}
sphere {
	0, 1
	scale<0.080000,0.200000,0.300000>
	matrix <0.022216, -0.940155, -0.340021,
		0.992142, 0.062619, -0.108317,
		0.123127, -0.334943, 0.934159,
		27.339832, 38.488132, 26.051777>
	pigment { color rgbt <0,1,1,0> }
	no_shadow
}
cylinder {
	<27.803658, 38.149822, 25.294708>,  <27.253643, 38.722591, 25.397865>, 0.130000
	pigment { color rgbt <1,0,0,0> }
	no_shadow
}

// nucleotide -1

// particle -1
sphere {
	<27.803658, 38.149822, 25.294708> 0.250000
	pigment { color rgbt <1,0,0,0> }
	no_shadow
}
cylinder {
	<27.583147, 38.149166, 25.628437>,  <27.450840, 38.148773, 25.828674>, 0.100000
	pigment { color rgbt <1,0,0,0> }
	no_shadow
}
cylinder {
	<27.583147, 38.149166, 25.628437>,  <27.803658, 38.149822, 25.294708>, 0.100000
	pigment { color rgbt <1,0,0,0> }
	no_shadow
}

// particle -1
sphere {
	<27.583147, 38.149166, 25.628437> 0.100000
	pigment { color rgbt <1,0,0,0> }
	no_shadow
}
sphere {
	0, 1
	scale<0.080000,0.200000,0.300000>
	matrix <-0.147644, -0.984024, -0.099493,
		0.821154, -0.178031, 0.542228,
		-0.551278, -0.001642, 0.834320,
		27.417763, 38.148674, 25.878733>
	pigment { color rgbt <0,1,1,0> }
	no_shadow
}
cylinder {
	<28.033541, 37.628288, 25.732132>,  <27.803658, 38.149822, 25.294708>, 0.130000
	pigment { color rgbt <1,0,0,0> }
	no_shadow
}

// nucleotide -1

// particle -1
sphere {
	<28.033541, 37.628288, 25.732132> 0.250000
	pigment { color rgbt <1,0,0,0> }
	no_shadow
}
cylinder {
	<27.641115, 37.675690, 25.793417>,  <27.405661, 37.704132, 25.830187>, 0.100000
	pigment { color rgbt <1,0,0,0> }
	no_shadow
}
cylinder {
	<27.641115, 37.675690, 25.793417>,  <28.033541, 37.628288, 25.732132>, 0.100000
	pigment { color rgbt <1,0,0,0> }
	no_shadow
}

// particle -1
sphere {
	<27.641115, 37.675690, 25.793417> 0.100000
	pigment { color rgbt <1,0,0,0> }
	no_shadow
}
sphere {
	0, 1
	scale<0.080000,0.200000,0.300000>
	matrix <-0.144881, -0.973960, -0.174388,
		0.128556, -0.193283, 0.972685,
		-0.981062, 0.118505, 0.153211,
		27.346796, 37.711243, 25.839380>
	pigment { color rgbt <0,1,1,0> }
	no_shadow
}
cylinder {
	<27.823471, 37.095993, 26.197350>,  <28.033541, 37.628288, 25.732132>, 0.130000
	pigment { color rgbt <1,0,0,0> }
	no_shadow
}

// nucleotide -1

// particle -1
sphere {
	<27.823471, 37.095993, 26.197350> 0.250000
	pigment { color rgbt <1,0,0,0> }
	no_shadow
}
cylinder {
	<27.498825, 37.218609, 25.998428>,  <27.304037, 37.292179, 25.879076>, 0.100000
	pigment { color rgbt <1,0,0,0> }
	no_shadow
}
cylinder {
	<27.498825, 37.218609, 25.998428>,  <27.823471, 37.095993, 26.197350>, 0.100000
	pigment { color rgbt <1,0,0,0> }
	no_shadow
}

// particle -1
sphere {
	<27.498825, 37.218609, 25.998428> 0.100000
	pigment { color rgbt <1,0,0,0> }
	no_shadow
}
sphere {
	0, 1
	scale<0.080000,0.200000,0.300000>
	matrix <-0.382372, -0.922339, 0.055509,
		-0.441667, 0.235207, 0.865799,
		-0.811616, 0.306541, -0.497304,
		27.255341, 37.310570, 25.849237>
	pigment { color rgbt <0,1,1,0> }
	no_shadow
}
cylinder {
	<27.240755, 36.871002, 26.670565>,  <27.823471, 37.095993, 26.197350>, 0.130000
	pigment { color rgbt <1,0,0,0> }
	no_shadow
}

// nucleotide -1

// particle -1
sphere {
	<27.240755, 36.871002, 26.670565> 0.250000
	pigment { color rgbt <1,0,0,0> }
	no_shadow
}
cylinder {
	<27.077480, 36.907482, 26.307232>,  <26.979515, 36.929371, 26.089233>, 0.100000
	pigment { color rgbt <1,0,0,0> }
	no_shadow
}
cylinder {
	<27.077480, 36.907482, 26.307232>,  <27.240755, 36.871002, 26.670565>, 0.100000
	pigment { color rgbt <1,0,0,0> }
	no_shadow
}

// particle -1
sphere {
	<27.077480, 36.907482, 26.307232> 0.100000
	pigment { color rgbt <1,0,0,0> }
	no_shadow
}
sphere {
	0, 1
	scale<0.080000,0.200000,0.300000>
	matrix <-0.332890, -0.941356, 0.055077,
		-0.850039, 0.324856, 0.414612,
		-0.408189, 0.091203, -0.908330,
		26.955023, 36.934841, 26.034733>
	pigment { color rgbt <0,1,1,0> }
	no_shadow
}
cylinder {
	<26.538851, 36.869087, 26.686144>,  <27.240755, 36.871002, 26.670565>, 0.130000
	pigment { color rgbt <1,0,0,0> }
	no_shadow
}

// nucleotide -1

// particle -1
sphere {
	<26.538851, 36.869087, 26.686144> 0.250000
	pigment { color rgbt <1,0,0,0> }
	no_shadow
}
cylinder {
	<26.586252, 36.732525, 26.313177>,  <26.614693, 36.650585, 26.089397>, 0.100000
	pigment { color rgbt <1,0,0,0> }
	no_shadow
}
cylinder {
	<26.586252, 36.732525, 26.313177>,  <26.538851, 36.869087, 26.686144>, 0.100000
	pigment { color rgbt <1,0,0,0> }
	no_shadow
}

// particle -1
sphere {
	<26.586252, 36.732525, 26.313177> 0.100000
	pigment { color rgbt <1,0,0,0> }
	no_shadow
}
sphere {
	0, 1
	scale<0.080000,0.200000,0.300000>
	matrix <-0.367071, -0.887574, 0.278338,
		-0.922614, 0.309279, -0.230501,
		0.118502, -0.341409, -0.932415,
		26.621803, 36.630104, 26.033453>
	pigment { color rgbt <0,1,1,0> }
	no_shadow
}
cylinder {
	<25.874208, 36.540470, 26.549391>,  <26.538851, 36.869087, 26.686144>, 0.130000
	pigment { color rgbt <1,0,0,0> }
	no_shadow
}

// nucleotide -1

// particle -1
sphere {
	<25.874208, 36.540470, 26.549391> 0.250000
	pigment { color rgbt <1,0,0,0> }
	no_shadow
}
cylinder {
	<26.125639, 36.391357, 26.276356>,  <26.276497, 36.301891, 26.112535>, 0.100000
	pigment { color rgbt <1,0,0,0> }
	no_shadow
}
cylinder {
	<26.125639, 36.391357, 26.276356>,  <25.874208, 36.540470, 26.549391>, 0.100000
	pigment { color rgbt <1,0,0,0> }
	no_shadow
}

// particle -1
sphere {
	<26.125639, 36.391357, 26.276356> 0.100000
	pigment { color rgbt <1,0,0,0> }
	no_shadow
}
sphere {
	0, 1
	scale<0.080000,0.200000,0.300000>
	matrix <-0.136070, -0.916820, 0.375401,
		-0.765754, -0.143088, -0.627014,
		0.628574, -0.372783, -0.682589,
		26.314211, 36.279522, 26.071579>
	pigment { color rgbt <0,1,1,0> }
	no_shadow
}
cylinder {
	<25.552977, 35.986782, 26.120930>,  <25.874208, 36.540470, 26.549391>, 0.130000
	pigment { color rgbt <1,0,0,0> }
	no_shadow
}

// nucleotide -1

// particle -1
sphere {
	<25.552977, 35.986782, 26.120930> 0.250000
	pigment { color rgbt <1,0,0,0> }
	no_shadow
}
cylinder {
	<25.944845, 35.908051, 26.105450>,  <26.179966, 35.860813, 26.096161>, 0.100000
	pigment { color rgbt <1,0,0,0> }
	no_shadow
}
cylinder {
	<25.944845, 35.908051, 26.105450>,  <25.552977, 35.986782, 26.120930>, 0.100000
	pigment { color rgbt <1,0,0,0> }
	no_shadow
}

// particle -1
sphere {
	<25.944845, 35.908051, 26.105450> 0.100000
	pigment { color rgbt <1,0,0,0> }
	no_shadow
}
sphere {
	0, 1
	scale<0.080000,0.200000,0.300000>
	matrix <-0.146832, -0.835070, 0.530186,
		-0.136674, -0.513727, -0.846997,
		0.979673, -0.196829, -0.038701,
		26.238747, 35.849003, 26.093840>
	pigment { color rgbt <0,1,1,0> }
	no_shadow
}
cylinder {
	<25.550856, 35.277279, 26.143188>,  <25.552977, 35.986782, 26.120930>, 0.130000
	pigment { color rgbt <1,0,0,0> }
	no_shadow
}

// nucleotide -1

// particle -1
sphere {
	<25.550856, 35.277279, 26.143188> 0.250000
	pigment { color rgbt <1,0,0,0> }
	no_shadow
}
cylinder {
	<25.933115, 35.369453, 26.216551>,  <26.162470, 35.424759, 26.260569>, 0.100000
	pigment { color rgbt <1,0,0,0> }
	no_shadow
}
cylinder {
	<25.933115, 35.369453, 26.216551>,  <25.550856, 35.277279, 26.143188>, 0.100000
	pigment { color rgbt <1,0,0,0> }
	no_shadow
}

// particle -1
sphere {
	<25.933115, 35.369453, 26.216551> 0.100000
	pigment { color rgbt <1,0,0,0> }
	no_shadow
}
sphere {
	0, 1
	scale<0.080000,0.200000,0.300000>
	matrix <0.103544, -0.845865, 0.523250,
		0.275715, -0.481051, -0.832208,
		0.955646, 0.230438, 0.183408,
		26.219809, 35.438583, 26.271574>
	pigment { color rgbt <0,1,1,0> }
	no_shadow
}
cylinder {
	<25.891291, 34.612385, 26.087051>,  <25.550856, 35.277279, 26.143188>, 0.130000
	pigment { color rgbt <1,0,0,0> }
	no_shadow
}

// nucleotide -1

// particle -1
sphere {
	<25.891291, 34.612385, 26.087051> 0.250000
	pigment { color rgbt <1,0,0,0> }
	no_shadow
}
cylinder {
	<26.147659, 34.843704, 26.288958>,  <26.301479, 34.982498, 26.410101>, 0.100000
	pigment { color rgbt <1,0,0,0> }
	no_shadow
}
cylinder {
	<26.147659, 34.843704, 26.288958>,  <25.891291, 34.612385, 26.087051>, 0.100000
	pigment { color rgbt <1,0,0,0> }
	no_shadow
}

// particle -1
sphere {
	<26.147659, 34.843704, 26.288958> 0.100000
	pigment { color rgbt <1,0,0,0> }
	no_shadow
}
sphere {
	0, 1
	scale<0.080000,0.200000,0.300000>
	matrix <0.237604, -0.774751, 0.585922,
