// switches for output
#declare DRAW_BASES = 1; // possible values are 0, 1; only relevant for DNA ribbons
#declare DRAW_BASES_TYPE = 3; // possible values are 1, 2, 3; only relevant for DNA ribbons
#declare DRAW_FOG = 0; // set to 1 to enable fog

#include "colors.inc"

#include "transforms.inc"
background { rgb <1, 1, 1>}

#default {
   normal{
       ripples 0.25
       frequency 0.20
       turbulence 0.2
       lambda 5
   }
	finish {
		phong 0.1
		phong_size 40.
	}
}

// original window dimensions: 1024x640


// camera settings

camera {
	sky <0, 0.179814, -0.983701>
	up <0, 0.179814, -0.983701>
	right 1.6 * <1, 0, 0>
	location <35, 94.9851, 44.8844>
	look_at <35, 29.7336, 32.9568>
	direction <0, -65.2515, -11.9276>
	angle 67.0682
}


# declare cpy_camera_pos = <35, 94.9851, 44.8844>;
# if (DRAW_FOG = 1)
fog {
	fog_type 2
	up vnormalize(cpy_camera_pos)
	color rgbt<1,1,1,0.3>
	distance 1e-5
	fog_alt 3e-3
	fog_offset 56
}
# end


// LIGHTS

# declare lum = 6;
global_settings {
	ambient_light rgb lum * <0.05, 0.05, 0.05>
	max_trace_level 15
}# declare cpy_direct_light_amount = 0.25;
light_source
{	1000 * <-1, -1.16352, -0.803886>,
	rgb lum * cpy_direct_light_amount
	parallel
}

light_source
{	1000 * <1, 1.16352, 0.803886>,
	rgb lum * cpy_direct_light_amount
	parallel
}

// strand 0

// nucleotide -1

// particle -1
sphere {
	<23.749924, 34.861076, 35.088474> 0.250000
	pigment { color rgbt <1,0,0,0> }
	no_shadow
}
cylinder {
	<24.144066, 34.827522, 35.029091>,  <24.380550, 34.807388, 34.993462>, 0.100000
	pigment { color rgbt <1,0,0,0> }
	no_shadow
}
cylinder {
	<24.144066, 34.827522, 35.029091>,  <23.749924, 34.861076, 35.088474>, 0.100000
	pigment { color rgbt <1,0,0,0> }
	no_shadow
}

// particle -1
sphere {
	<24.144066, 34.827522, 35.029091> 0.100000
	pigment { color rgbt <1,0,0,0> }
	no_shadow
}
sphere {
	0, 1
	scale<0.080000,0.200000,0.300000>
	matrix <0.170340, 0.444085, 0.879644,
		-0.007865, -0.892049, 0.451871,
		0.985354, -0.083890, -0.148459,
		24.439672, 34.802357, 34.984554>
	pigment { color rgbt <0,1,1,0> }
	no_shadow
}
cylinder {
	<24.075493, 34.699986, 35.747990>,  <23.749924, 34.861076, 35.088474>, 0.130000
	pigment { color rgbt <1,0,0,0> }
	no_shadow
}

// nucleotide -1

// particle -1
sphere {
	<24.075493, 34.699986, 35.747990> 0.250000
	pigment { color rgbt <1,0,0,0> }
	no_shadow
}
cylinder {
	<24.350939, 34.862770, 35.507927>,  <24.516207, 34.960442, 35.363888>, 0.100000
	pigment { color rgbt <1,0,0,0> }
	no_shadow
}
cylinder {
	<24.350939, 34.862770, 35.507927>,  <24.075493, 34.699986, 35.747990>, 0.100000
	pigment { color rgbt <1,0,0,0> }
	no_shadow
}

// particle -1
sphere {
	<24.350939, 34.862770, 35.507927> 0.100000
	pigment { color rgbt <1,0,0,0> }
	no_shadow
}
sphere {
	0, 1
	scale<0.080000,0.200000,0.300000>
	matrix <0.421371, 0.448999, 0.787938,
		0.590133, -0.795475, 0.137704,
		0.688614, 0.406964, -0.600159,
		24.557524, 34.984859, 35.327881>
	pigment { color rgbt <0,1,1,0> }
	no_shadow
}
cylinder {
	<24.629368, 34.589218, 36.181519>,  <24.075493, 34.699986, 35.747990>, 0.130000
	pigment { color rgbt <1,0,0,0> }
	no_shadow
}

// nucleotide -1

// particle -1
sphere {
	<24.629368, 34.589218, 36.181519> 0.250000
	pigment { color rgbt <1,0,0,0> }
	no_shadow
}
cylinder {
	<24.684931, 34.889900, 35.923637>,  <24.718269, 35.070309, 35.768909>, 0.100000
	pigment { color rgbt <1,0,0,0> }
	no_shadow
}
cylinder {
	<24.684931, 34.889900, 35.923637>,  <24.629368, 34.589218, 36.181519>, 0.100000
	pigment { color rgbt <1,0,0,0> }
	no_shadow
}

// particle -1
sphere {
	<24.684931, 34.889900, 35.923637> 0.100000
	pigment { color rgbt <1,0,0,0> }
	no_shadow
}
sphere {
	0, 1
	scale<0.080000,0.200000,0.300000>
	matrix <0.418355, 0.545524, 0.726211,
		0.897599, -0.370589, -0.238704,
		0.138907, 0.751709, -0.644700,
		24.726603, 35.115414, 35.730228>
	pigment { color rgbt <0,1,1,0> }
	no_shadow
}
cylinder {
	<25.075521, 35.208447, 36.220757>,  <24.629368, 34.589218, 36.181519>, 0.130000
	pigment { color rgbt <1,0,0,0> }
	no_shadow
}

// nucleotide -1

// particle -1
sphere {
	<25.075521, 35.208447, 36.220757> 0.250000
	pigment { color rgbt <1,0,0,0> }
	no_shadow
}
cylinder {
	<24.835213, 35.366341, 36.498821>,  <24.691029, 35.461079, 36.665661>, 0.100000
	pigment { color rgbt <1,0,0,0> }
	no_shadow
}
cylinder {
	<24.835213, 35.366341, 36.498821>,  <25.075521, 35.208447, 36.220757>, 0.100000
	pigment { color rgbt <1,0,0,0> }
	no_shadow
}

// particle -1
sphere {
	<24.835213, 35.366341, 36.498821> 0.100000
	pigment { color rgbt <1,0,0,0> }
	no_shadow
}
sphere {
	0, 1
	scale<0.080000,0.200000,0.300000>
	matrix <0.726955, 0.631532, 0.269637,
		-0.332584, 0.667344, -0.666364,
		-0.600770, 0.394740, 0.695166,
		24.654982, 35.484764, 36.707371>
	pigment { color rgbt <0,1,1,0> }
	no_shadow
}
cylinder {
	<25.078106, 36.030743, 36.278900>,  <25.075521, 35.208447, 36.220757>, 0.130000
	pigment { color rgbt <1,0,0,0> }
	no_shadow
}

// nucleotide -1

// particle -1
sphere {
	<25.078106, 36.030743, 36.278900> 0.250000
	pigment { color rgbt <1,0,0,0> }
	no_shadow
}
cylinder {
	<25.066841, 35.823593, 36.620895>,  <25.060081, 35.699303, 36.826092>, 0.100000
	pigment { color rgbt <1,0,0,0> }
	no_shadow
}
cylinder {
	<25.066841, 35.823593, 36.620895>,  <25.078106, 36.030743, 36.278900>, 0.100000
	pigment { color rgbt <1,0,0,0> }
	no_shadow
}

// particle -1
sphere {
	<25.066841, 35.823593, 36.620895> 0.100000
	pigment { color rgbt <1,0,0,0> }
	no_shadow
}
sphere {
	0, 1
	scale<0.080000,0.200000,0.300000>
	matrix <0.784083, 0.519085, 0.340242,
		-0.620016, 0.679968, 0.391438,
		-0.028164, -0.517875, 0.854992,
		25.058392, 35.668232, 36.877392>
	pigment { color rgbt <0,1,1,0> }
	no_shadow
}
cylinder {
	<24.837229, 36.391182, 36.978413>,  <25.078106, 36.030743, 36.278900>, 0.130000
	pigment { color rgbt <1,0,0,0> }
	no_shadow
}

// nucleotide -1

// particle -1
sphere {
	<24.837229, 36.391182, 36.978413> 0.250000
	pigment { color rgbt <1,0,0,0> }
	no_shadow
}
cylinder {
	<25.152256, 36.146091, 36.952183>,  <25.341272, 35.999035, 36.936443>, 0.100000
	pigment { color rgbt <1,0,0,0> }
	no_shadow
}
cylinder {
	<25.152256, 36.146091, 36.952183>,  <24.837229, 36.391182, 36.978413>, 0.100000
	pigment { color rgbt <1,0,0,0> }
	no_shadow
}

// particle -1
sphere {
	<25.152256, 36.146091, 36.952183> 0.100000
	pigment { color rgbt <1,0,0,0> }
	no_shadow
}
sphere {
	0, 1
	scale<0.080000,0.200000,0.300000>
	matrix <0.610490, 0.761320, 0.218389,
		-0.083889, -0.212030, 0.973656,
		0.787569, -0.612728, -0.065576,
		25.388527, 35.962273, 36.932510>
	pigment { color rgbt <0,1,1,0> }
	no_shadow
}
cylinder {
	<25.235472, 36.488926, 37.620472>,  <24.837229, 36.391182, 36.978413>, 0.130000
	pigment { color rgbt <1,0,0,0> }
	no_shadow
}

// nucleotide -1

// particle -1
sphere {
	<25.235472, 36.488926, 37.620472> 0.250000
	pigment { color rgbt <1,0,0,0> }
	no_shadow
}
cylinder {
	<25.466139, 36.352955, 37.323311>,  <25.604538, 36.271374, 37.145012>, 0.100000
	pigment { color rgbt <1,0,0,0> }
	no_shadow
}
cylinder {
	<25.466139, 36.352955, 37.323311>,  <25.235472, 36.488926, 37.620472>, 0.100000
	pigment { color rgbt <1,0,0,0> }
	no_shadow
}

// particle -1
sphere {
	<25.466139, 36.352955, 37.323311> 0.100000
	pigment { color rgbt <1,0,0,0> }
	no_shadow
}
sphere {
	0, 1
	scale<0.080000,0.200000,0.300000>
	matrix <0.647124, 0.745108, 0.161386,
		0.498686, -0.573818, 0.649650,
		0.576666, -0.339923, -0.742906,
		25.639139, 36.250977, 37.100441>
	pigment { color rgbt <0,1,1,0> }
	no_shadow
}
cylinder {
	<25.883209, 36.692524, 37.772930>,  <25.235472, 36.488926, 37.620472>, 0.130000
	pigment { color rgbt <1,0,0,0> }
	no_shadow
}

// nucleotide -1

// particle -1
sphere {
	<25.883209, 36.692524, 37.772930> 0.250000
	pigment { color rgbt <1,0,0,0> }
	no_shadow
}
cylinder {
	<25.924042, 36.607498, 37.384209>,  <25.948542, 36.556484, 37.150978>, 0.100000
	pigment { color rgbt <1,0,0,0> }
	no_shadow
}
cylinder {
	<25.924042, 36.607498, 37.384209>,  <25.883209, 36.692524, 37.772930>, 0.100000
	pigment { color rgbt <1,0,0,0> }
	no_shadow
}

// particle -1
sphere {
	<25.924042, 36.607498, 37.384209> 0.100000
	pigment { color rgbt <1,0,0,0> }
	no_shadow
}
sphere {
	0, 1
	scale<0.080000,0.200000,0.300000>
	matrix <0.654678, 0.749883, -0.095252,
		0.748984, -0.626493, 0.215707,
		0.102080, -0.212561, -0.971801,
		25.954666, 36.543732, 37.092667>
	pigment { color rgbt <0,1,1,0> }
	no_shadow
}
cylinder {
	<26.618755, 36.646049, 37.626610>,  <25.883209, 36.692524, 37.772930>, 0.130000
	pigment { color rgbt <1,0,0,0> }
	no_shadow
}

// nucleotide -1

// particle -1
sphere {
	<26.618755, 36.646049, 37.626610> 0.250000
	pigment { color rgbt <1,0,0,0> }
	no_shadow
}
cylinder {
	<26.436077, 36.722618, 37.279095>,  <26.326469, 36.768559, 37.070587>, 0.100000
	pigment { color rgbt <1,0,0,0> }
	no_shadow
}
cylinder {
	<26.436077, 36.722618, 37.279095>,  <26.618755, 36.646049, 37.626610>, 0.100000
	pigment { color rgbt <1,0,0,0> }
	no_shadow
}

// particle -1
sphere {
	<26.436077, 36.722618, 37.279095> 0.100000
	pigment { color rgbt <1,0,0,0> }
	no_shadow
}
sphere {
	0, 1
	scale<0.080000,0.200000,0.300000>
	matrix <0.648335, 0.740329, -0.177692,
		0.609172, -0.644415, -0.462211,
		-0.456696, 0.191423, -0.868784,
		26.299068, 36.780045, 37.018459>
	pigment { color rgbt <0,1,1,0> }
	no_shadow
}
cylinder {
	<27.169294, 36.650089, 37.124592>,  <26.618755, 36.646049, 37.626610>, 0.130000
	pigment { color rgbt <1,0,0,0> }
	no_shadow
}

// nucleotide -1

// particle -1
sphere {
	<27.169294, 36.650089, 37.124592> 0.250000
	pigment { color rgbt <1,0,0,0> }
	no_shadow
}
cylinder {
	<26.865448, 36.853878, 36.962891>,  <26.683140, 36.976151, 36.865868>, 0.100000
	pigment { color rgbt <1,0,0,0> }
	no_shadow
}
cylinder {
	<26.865448, 36.853878, 36.962891>,  <27.169294, 36.650089, 37.124592>, 0.100000
	pigment { color rgbt <1,0,0,0> }
	no_shadow
}

// particle -1
sphere {
	<26.865448, 36.853878, 36.962891> 0.100000
	pigment { color rgbt <1,0,0,0> }
	no_shadow
}
sphere {
	0, 1
	scale<0.080000,0.200000,0.300000>
	matrix <0.640809, 0.692508, -0.331355,
		0.111133, -0.510752, -0.852515,
		-0.759614, 0.509475, -0.404255,
		26.637564, 37.006721, 36.841614>
	pigment { color rgbt <0,1,1,0> }
	no_shadow
}
cylinder {
	<27.366367, 36.896534, 36.447891>,  <27.169294, 36.650089, 37.124592>, 0.130000
	pigment { color rgbt <1,0,0,0> }
	no_shadow
}

// nucleotide -1

// particle -1
sphere {
	<27.366367, 36.896534, 36.447891> 0.250000
	pigment { color rgbt <1,0,0,0> }
	no_shadow
}
cylinder {
	<27.034233, 37.116180, 36.485859>,  <26.834951, 37.247967, 36.508640>, 0.100000
	pigment { color rgbt <1,0,0,0> }
	no_shadow
}
cylinder {
	<27.034233, 37.116180, 36.485859>,  <27.366367, 36.896534, 36.447891>, 0.100000
	pigment { color rgbt <1,0,0,0> }
	no_shadow
}

// particle -1
sphere {
	<27.034233, 37.116180, 36.485859> 0.100000
	pigment { color rgbt <1,0,0,0> }
	no_shadow
}
sphere {
	0, 1
	scale<0.080000,0.200000,0.300000>
	matrix <0.478211, 0.789589, -0.384531,
		-0.286102, -0.273898, -0.918219,
		-0.830338, 0.549117, 0.094922,
		26.785131, 37.280914, 36.514336>
	pigment { color rgbt <0,1,1,0> }
	no_shadow
}
cylinder {
	<27.354876, 37.257420, 35.793079>,  <27.366367, 36.896534, 36.447891>, 0.130000
	pigment { color rgbt <1,0,0,0> }
	no_shadow
}

// nucleotide -1

// particle -1
sphere {
	<27.354876, 37.257420, 35.793079> 0.250000
	pigment { color rgbt <1,0,0,0> }
	no_shadow
}
cylinder {
	<27.096325, 37.470825, 36.011272>,  <26.941195, 37.598869, 36.142189>, 0.100000
	pigment { color rgbt <1,0,0,0> }
	no_shadow
}
cylinder {
	<27.096325, 37.470825, 36.011272>,  <27.354876, 37.257420, 35.793079>, 0.100000
	pigment { color rgbt <1,0,0,0> }
	no_shadow
}

// particle -1
sphere {
	<27.096325, 37.470825, 36.011272> 0.100000
	pigment { color rgbt <1,0,0,0> }
	no_shadow
}
sphere {
	0, 1
	scale<0.080000,0.200000,0.300000>
	matrix <0.359852, 0.843558, -0.398643,
		-0.672833, -0.061378, -0.737244,
		-0.646376, 0.533519, 0.545487,
		26.902412, 37.630882, 36.174919>
	pigment { color rgbt <0,1,1,0> }
	no_shadow
}
cylinder {
	<27.201296, 37.845936, 35.367115>,  <27.354876, 37.257420, 35.793079>, 0.130000
	pigment { color rgbt <1,0,0,0> }
	no_shadow
}

// nucleotide -1

// particle -1
sphere {
	<27.201296, 37.845936, 35.367115> 0.250000
	pigment { color rgbt <1,0,0,0> }
	no_shadow
}
cylinder {
	<27.104233, 37.932217, 35.745445>,  <27.045996, 37.983986, 35.972443>, 0.100000
	pigment { color rgbt <1,0,0,0> }
	no_shadow
}
cylinder {
	<27.104233, 37.932217, 35.745445>,  <27.201296, 37.845936, 35.367115>, 0.100000
	pigment { color rgbt <1,0,0,0> }
	no_shadow
}

// particle -1
sphere {
	<27.104233, 37.932217, 35.745445> 0.100000
	pigment { color rgbt <1,0,0,0> }
	no_shadow
}
sphere {
	0, 1
	scale<0.080000,0.200000,0.300000>
	matrix <0.309228, 0.941309, -0.135334,
		-0.919509, 0.259637, -0.295115,
		-0.242657, 0.215698, 0.945829,
		27.031435, 37.996925, 36.029194>
	pigment { color rgbt <0,1,1,0> }
	no_shadow
}
cylinder {
	<26.919022, 38.510616, 35.313839>,  <27.201296, 37.845936, 35.367115>, 0.130000
	pigment { color rgbt <1,0,0,0> }
	no_shadow
}

// nucleotide -1

// particle -1
sphere {
	<26.919022, 38.510616, 35.313839> 0.250000
	pigment { color rgbt <1,0,0,0> }
	no_shadow
}
cylinder {
	<27.031397, 38.447971, 35.692585>,  <27.098822, 38.410385, 35.919830>, 0.100000
	pigment { color rgbt <1,0,0,0> }
	no_shadow
}
cylinder {
	<27.031397, 38.447971, 35.692585>,  <26.919022, 38.510616, 35.313839>, 0.100000
	pigment { color rgbt <1,0,0,0> }
	no_shadow
}

// particle -1
sphere {
	<27.031397, 38.447971, 35.692585> 0.100000
	pigment { color rgbt <1,0,0,0> }
	no_shadow
}
sphere {
	0, 1
	scale<0.080000,0.200000,0.300000>
	matrix <0.408511, 0.912270, 0.029684,
		-0.868443, 0.378465, 0.320268,
		0.280936, -0.156612, 0.946862,
		27.115679, 38.400990, 35.976643>
	pigment { color rgbt <0,1,1,0> }
	no_shadow
}
cylinder {
	<26.564060, 38.920834, 35.743805>,  <26.919022, 38.510616, 35.313839>, 0.130000
	pigment { color rgbt <1,0,0,0> }
	no_shadow
}

// nucleotide -1

// particle -1
sphere {
	<26.564060, 38.920834, 35.743805> 0.250000
	pigment { color rgbt <1,0,0,0> }
	no_shadow
}
cylinder {
	<26.874184, 38.827839, 35.978699>,  <27.060259, 38.772041, 36.119637>, 0.100000
	pigment { color rgbt <1,0,0,0> }
	no_shadow
}
cylinder {
	<26.874184, 38.827839, 35.978699>,  <26.564060, 38.920834, 35.743805>, 0.100000
	pigment { color rgbt <1,0,0,0> }
	no_shadow
}

// particle -1
sphere {
	<26.874184, 38.827839, 35.978699> 0.100000
	pigment { color rgbt <1,0,0,0> }
	no_shadow
}
sphere {
	0, 1
	scale<0.080000,0.200000,0.300000>
	matrix <0.186730, 0.972596, 0.138523,
		-0.603346, 0.002256, 0.797476,
		0.775310, -0.232490, 0.587233,
		27.106777, 38.758091, 36.154869>
	pigment { color rgbt <0,1,1,0> }
	no_shadow
}
cylinder {
	<26.577246, 39.404308, 36.224186>,  <26.564060, 38.920834, 35.743805>, 0.130000
	pigment { color rgbt <1,0,0,0> }
	no_shadow
}

// nucleotide -1

// particle -1
sphere {
	<26.577246, 39.404308, 36.224186> 0.250000
	pigment { color rgbt <1,0,0,0> }
	no_shadow
}
cylinder {
	<26.948336, 39.258202, 36.254944>,  <27.170990, 39.170540, 36.273399>, 0.100000
	pigment { color rgbt <1,0,0,0> }
	no_shadow
}
cylinder {
	<26.948336, 39.258202, 36.254944>,  <26.577246, 39.404308, 36.224186>, 0.100000
	pigment { color rgbt <1,0,0,0> }
	no_shadow
}

// particle -1
sphere {
	<26.948336, 39.258202, 36.254944> 0.100000
	pigment { color rgbt <1,0,0,0> }
	no_shadow
}
sphere {
	0, 1
	scale<0.080000,0.200000,0.300000>
	matrix <0.348559, 0.921434, 0.171657,
		-0.133554, -0.132447, 0.982151,
		0.927723, -0.365263, 0.076895,
		27.226652, 39.148624, 36.278011>
	pigment { color rgbt <0,1,1,0> }
	no_shadow
}
cylinder {
	<26.832747, 39.715050, 36.814449>,  <26.577246, 39.404308, 36.224186>, 0.130000
	pigment { color rgbt <1,0,0,0> }
	no_shadow
}

// nucleotide -1

// particle -1
sphere {
	<26.832747, 39.715050, 36.814449> 0.250000
	pigment { color rgbt <1,0,0,0> }
	no_shadow
}
cylinder {
	<27.153296, 39.581905, 36.615650>,  <27.345625, 39.502018, 36.496368>, 0.100000
	pigment { color rgbt <1,0,0,0> }
	no_shadow
}
cylinder {
	<27.153296, 39.581905, 36.615650>,  <26.832747, 39.715050, 36.814449>, 0.100000
	pigment { color rgbt <1,0,0,0> }
	no_shadow
}

// particle -1
sphere {
	<27.153296, 39.581905, 36.615650> 0.100000
	pigment { color rgbt <1,0,0,0> }
	no_shadow
}
sphere {
	0, 1
	scale<0.080000,0.200000,0.300000>
	matrix <0.424938, 0.901558, 0.081376,
		0.420989, -0.276407, 0.863925,
		0.801371, -0.332856, -0.497002,
		27.393707, 39.482048, 36.466549>
	pigment { color rgbt <0,1,1,0> }
	no_shadow
}
cylinder {
	<27.396061, 40.195988, 37.089684>,  <26.832747, 39.715050, 36.814449>, 0.130000
	pigment { color rgbt <1,0,0,0> }
	no_shadow
}

// nucleotide -1

// particle -1
sphere {
	<27.396061, 40.195988, 37.089684> 0.250000
	pigment { color rgbt <1,0,0,0> }
	no_shadow
}
cylinder {
	<27.548897, 40.010075, 36.770187>,  <27.640598, 39.898525, 36.578491>, 0.100000
	pigment { color rgbt <1,0,0,0> }
	no_shadow
}
cylinder {
	<27.548897, 40.010075, 36.770187>,  <27.396061, 40.195988, 37.089684>, 0.100000
	pigment { color rgbt <1,0,0,0> }
	no_shadow
}

// particle -1
sphere {
	<27.548897, 40.010075, 36.770187> 0.100000
	pigment { color rgbt <1,0,0,0> }
	no_shadow
}
sphere {
	0, 1
	scale<0.080000,0.200000,0.300000>
	matrix <0.595245, 0.784921, -0.171997,
		0.706888, -0.409727, 0.576570,
		0.382090, -0.464783, -0.798739,
		27.663523, 39.870640, 36.530567>
	pigment { color rgbt <0,1,1,0> }
	no_shadow
}
cylinder {
	<28.085249, 40.287045, 37.153091>,  <27.396061, 40.195988, 37.089684>, 0.130000
	pigment { color rgbt <1,0,0,0> }
	no_shadow
}

// nucleotide -1

// particle -1
sphere {
	<28.085249, 40.287045, 37.153091> 0.250000
	pigment { color rgbt <1,0,0,0> }
	no_shadow
}
cylinder {
	<28.049501, 40.200340, 36.764240>,  <28.028053, 40.148319, 36.530930>, 0.100000
	pigment { color rgbt <1,0,0,0> }
	no_shadow
}
cylinder {
	<28.049501, 40.200340, 36.764240>,  <28.085249, 40.287045, 37.153091>, 0.100000
	pigment { color rgbt <1,0,0,0> }
	no_shadow
}

// particle -1
sphere {
	<28.049501, 40.200340, 36.764240> 0.100000
	pigment { color rgbt <1,0,0,0> }
	no_shadow
}
sphere {
	0, 1
	scale<0.080000,0.200000,0.300000>
	matrix <0.434388, 0.869831, -0.233886,
		0.896282, -0.443181, 0.016422,
		-0.089369, -0.216761, -0.972125,
		28.022692, 40.135311, 36.472603>
	pigment { color rgbt <0,1,1,0> }
	no_shadow
}
cylinder {
	<28.761320, 40.333576, 36.922859>,  <28.085249, 40.287045, 37.153091>, 0.130000
	pigment { color rgbt <1,0,0,0> }
	no_shadow
}

// nucleotide -1

// particle -1
sphere {
	<28.761320, 40.333576, 36.922859> 0.250000
	pigment { color rgbt <1,0,0,0> }
	no_shadow
}
cylinder {
	<28.511749, 40.364712, 36.611820>,  <28.362007, 40.383392, 36.425198>, 0.100000
	pigment { color rgbt <1,0,0,0> }
	no_shadow
}
cylinder {
	<28.511749, 40.364712, 36.611820>,  <28.761320, 40.333576, 36.922859>, 0.100000
	pigment { color rgbt <1,0,0,0> }
	no_shadow
}

// particle -1
sphere {
	<28.511749, 40.364712, 36.611820> 0.100000
	pigment { color rgbt <1,0,0,0> }
	no_shadow
}
sphere {
	0, 1
	scale<0.080000,0.200000,0.300000>
	matrix <0.458111, 0.842561, -0.283242,
		0.633125, -0.532947, -0.561355,
		-0.623929, 0.077835, -0.777595,
		28.324572, 40.388062, 36.378540>
	pigment { color rgbt <0,1,1,0> }
	no_shadow
}
cylinder {
	<29.176483, 40.545502, 36.448704>,  <28.761320, 40.333576, 36.922859>, 0.130000
	pigment { color rgbt <1,0,0,0> }
	no_shadow
}

// nucleotide -1

// particle -1
sphere {
	<29.176483, 40.545502, 36.448704> 0.250000
	pigment { color rgbt <1,0,0,0> }
	no_shadow
}
cylinder {
	<28.818434, 40.657963, 36.310307>,  <28.603605, 40.725441, 36.227268>, 0.100000
	pigment { color rgbt <1,0,0,0> }
	no_shadow
}
cylinder {
	<28.818434, 40.657963, 36.310307>,  <29.176483, 40.545502, 36.448704>, 0.100000
	pigment { color rgbt <1,0,0,0> }
	no_shadow
}

// particle -1
sphere {
	<28.818434, 40.657963, 36.310307> 0.100000
	pigment { color rgbt <1,0,0,0> }
	no_shadow
}
sphere {
	0, 1
	scale<0.080000,0.200000,0.300000>
	matrix <0.415583, 0.807168, -0.419251,
		0.161395, -0.519067, -0.839357,
		-0.895121, 0.281157, -0.345989,
		28.549898, 40.742310, 36.206509>
	pigment { color rgbt <0,1,1,0> }
	no_shadow
}
cylinder {
	<29.363396, 40.587688, 35.782883>,  <29.176483, 40.545502, 36.448704>, 0.130000
	pigment { color rgbt <1,0,0,0> }
	no_shadow
}

// nucleotide -1

// particle -1
sphere {
	<29.363396, 40.587688, 35.782883> 0.250000
	pigment { color rgbt <1,0,0,0> }
	no_shadow
}
cylinder {
	<29.037094, 40.800865, 35.872791>,  <28.841314, 40.928772, 35.926735>, 0.100000
	pigment { color rgbt <1,0,0,0> }
	no_shadow
}
cylinder {
	<29.037094, 40.800865, 35.872791>,  <29.363396, 40.587688, 35.782883>, 0.100000
	pigment { color rgbt <1,0,0,0> }
	no_shadow
}

// particle -1
sphere {
	<29.037094, 40.800865, 35.872791> 0.100000
	pigment { color rgbt <1,0,0,0> }
	no_shadow
}
sphere {
	0, 1
	scale<0.080000,0.200000,0.300000>
	matrix <0.374855, 0.783079, -0.496257,
		-0.440490, -0.320566, -0.838574,
		-0.815753, 0.532940, 0.224773,
		28.792368, 40.960747, 35.940224>
	pigment { color rgbt <0,1,1,0> }
	no_shadow
}
cylinder {
	<29.273144, 40.881931, 35.142246>,  <29.363396, 40.587688, 35.782883>, 0.130000
	pigment { color rgbt <1,0,0,0> }
	no_shadow
}

// nucleotide -1

// particle -1
sphere {
	<29.273144, 40.881931, 35.142246> 0.250000
	pigment { color rgbt <1,0,0,0> }
	no_shadow
}
cylinder {
	<29.064444, 41.103111, 35.402100>,  <28.939224, 41.235817, 35.558010>, 0.100000
	pigment { color rgbt <1,0,0,0> }
	no_shadow
}
cylinder {
	<29.064444, 41.103111, 35.402100>,  <29.273144, 40.881931, 35.142246>, 0.100000
	pigment { color rgbt <1,0,0,0> }
	no_shadow
}

// particle -1
sphere {
	<29.064444, 41.103111, 35.402100> 0.100000
	pigment { color rgbt <1,0,0,0> }
	no_shadow
}
sphere {
	0, 1
	scale<0.080000,0.200000,0.300000>
	matrix <0.319990, 0.832750, -0.451812,
		-0.790812, -0.027856, -0.611425,
		-0.521750, 0.552948, 0.649635,
		28.907919, 41.268997, 35.596989>
	pigment { color rgbt <0,1,1,0> }
	no_shadow
}
cylinder {
	<28.885378, 41.309032, 34.744209>,  <29.273144, 40.881931, 35.142246>, 0.130000
	pigment { color rgbt <1,0,0,0> }
	no_shadow
}

// nucleotide -1

// particle -1
sphere {
	<28.885378, 41.309032, 34.744209> 0.250000
	pigment { color rgbt <1,0,0,0> }
	no_shadow
}
cylinder {
	<28.931128, 41.482845, 35.101555>,  <28.958578, 41.587132, 35.315964>, 0.100000
	pigment { color rgbt <1,0,0,0> }
	no_shadow
}
cylinder {
	<28.931128, 41.482845, 35.101555>,  <28.885378, 41.309032, 34.744209>, 0.100000
	pigment { color rgbt <1,0,0,0> }
	no_shadow
}

// particle -1
sphere {
	<28.931128, 41.482845, 35.101555> 0.100000
	pigment { color rgbt <1,0,0,0> }
	no_shadow
}
sphere {
	0, 1
	scale<0.080000,0.200000,0.300000>
	matrix <0.280265, 0.848624, -0.448652,
		-0.953084, 0.301694, -0.024723,
		0.114375, 0.434532, 0.893365,
		28.965441, 41.613205, 35.369564>
	pigment { color rgbt <0,1,1,0> }
	no_shadow
}
cylinder {
	<28.508013, 41.934261, 34.677803>,  <28.885378, 41.309032, 34.744209>, 0.130000
	pigment { color rgbt <1,0,0,0> }
	no_shadow
}

// nucleotide -1

// particle -1
sphere {
	<28.508013, 41.934261, 34.677803> 0.250000
	pigment { color rgbt <1,0,0,0> }
	no_shadow
}
cylinder {
	<28.817789, 41.932384, 34.930855>,  <29.003654, 41.931259, 35.082687>, 0.100000
	pigment { color rgbt <1,0,0,0> }
	no_shadow
}
cylinder {
	<28.817789, 41.932384, 34.930855>,  <28.508013, 41.934261, 34.677803>, 0.100000
	pigment { color rgbt <1,0,0,0> }
	no_shadow
}

// particle -1
sphere {
	<28.817789, 41.932384, 34.930855> 0.100000
	pigment { color rgbt <1,0,0,0> }
	no_shadow
}
sphere {
	0, 1
	scale<0.080000,0.200000,0.300000>
	matrix <0.408115, 0.767790, -0.493904,
		-0.483411, 0.640685, 0.596520,
		0.774439, -0.004690, 0.632631,
		29.050121, 41.930977, 35.120644>
	pigment { color rgbt <0,1,1,0> }
	no_shadow
}
cylinder {
	<28.826561, 42.611786, 34.798065>,  <28.508013, 41.934261, 34.677803>, 0.130000
	pigment { color rgbt <1,0,0,0> }
	no_shadow
}

// nucleotide -1

// particle -1
sphere {
	<28.826561, 42.611786, 34.798065> 0.250000
	pigment { color rgbt <1,0,0,0> }
	no_shadow
}
cylinder {
	<29.128813, 42.362152, 34.877613>,  <29.310163, 42.212372, 34.925343>, 0.100000
	pigment { color rgbt <1,0,0,0> }
	no_shadow
}
cylinder {
	<29.128813, 42.362152, 34.877613>,  <28.826561, 42.611786, 34.798065>, 0.100000
	pigment { color rgbt <1,0,0,0> }
	no_shadow
}

// particle -1
sphere {
	<29.128813, 42.362152, 34.877613> 0.100000
	pigment { color rgbt <1,0,0,0> }
	no_shadow
}
sphere {
	0, 1
	scale<0.080000,0.200000,0.300000>
	matrix <0.648858, 0.671722, -0.357452,
		0.089496, 0.399137, 0.912513,
		0.755628, -0.624083, 0.198867,
		29.355501, 42.174927, 34.937275>
	pigment { color rgbt <0,1,1,0> }
	no_shadow
}
cylinder {
	<29.422188, 42.932854, 35.110622>,  <28.826561, 42.611786, 34.798065>, 0.130000
	pigment { color rgbt <1,0,0,0> }
	no_shadow
}

// nucleotide -1

// particle -1
sphere {
	<29.422188, 42.932854, 35.110622> 0.250000
	pigment { color rgbt <1,0,0,0> }
	no_shadow
}
cylinder {
	<29.588194, 42.593624, 34.978844>,  <29.687798, 42.390087, 34.899776>, 0.100000
	pigment { color rgbt <1,0,0,0> }
	no_shadow
}
cylinder {
	<29.588194, 42.593624, 34.978844>,  <29.422188, 42.932854, 35.110622>, 0.100000
	pigment { color rgbt <1,0,0,0> }
	no_shadow
}

// particle -1
sphere {
	<29.588194, 42.593624, 34.978844> 0.100000
	pigment { color rgbt <1,0,0,0> }
	no_shadow
}
sphere {
	0, 1
	scale<0.080000,0.200000,0.300000>
	matrix <0.736478, 0.525754, -0.425656,
		0.534194, -0.065973, 0.842784,
		0.415015, -0.848075, -0.329442,
		29.712698, 42.339203, 34.880013>
	pigment { color rgbt <0,1,1,0> }
	no_shadow
}
cylinder {
	<30.112333, 42.845070, 35.442139>,  <29.422188, 42.932854, 35.110622>, 0.130000
	pigment { color rgbt <1,0,0,0> }
	no_shadow
}

// nucleotide -1

// particle -1
sphere {
	<30.112333, 42.845070, 35.442139> 0.250000
	pigment { color rgbt <1,0,0,0> }
	no_shadow
}
cylinder {
	<30.022959, 42.758194, 35.062054>,  <29.969334, 42.706066, 34.834003>, 0.100000
	pigment { color rgbt <1,0,0,0> }
	no_shadow
}
cylinder {
	<30.022959, 42.758194, 35.062054>,  <30.112333, 42.845070, 35.442139>, 0.100000
	pigment { color rgbt <1,0,0,0> }
	no_shadow
}

// particle -1
sphere {
	<30.022959, 42.758194, 35.062054> 0.100000
	pigment { color rgbt <1,0,0,0> }
	no_shadow
}
sphere {
	0, 1
	scale<0.080000,0.200000,0.300000>
	matrix <0.647548, 0.695560, -0.311252,
		0.728532, -0.684853, -0.014770,
		-0.223435, -0.217193, -0.950213,
		29.955929, 42.693035, 34.776989>
	pigment { color rgbt <0,1,1,0> }
	no_shadow
}
cylinder {
	<30.669724, 42.521400, 35.086601>,  <30.112333, 42.845070, 35.442139>, 0.130000
	pigment { color rgbt <1,0,0,0> }
	no_shadow
}

// nucleotide -1

// particle -1
sphere {
	<30.669724, 42.521400, 35.086601> 0.250000
	pigment { color rgbt <1,0,0,0> }
	no_shadow
}
cylinder {
	<30.449203, 42.760540, 34.853828>,  <30.316891, 42.904022, 34.714165>, 0.100000
	pigment { color rgbt <1,0,0,0> }
	no_shadow
}
cylinder {
	<30.449203, 42.760540, 34.853828>,  <30.669724, 42.521400, 35.086601>, 0.100000
	pigment { color rgbt <1,0,0,0> }
	no_shadow
}

// particle -1
sphere {
	<30.449203, 42.760540, 34.853828> 0.100000
	pigment { color rgbt <1,0,0,0> }
	no_shadow
}
sphere {
	0, 1
	scale<0.080000,0.200000,0.300000>
	matrix <0.814661, 0.536221, -0.220894,
		0.179982, -0.595856, -0.782663,
		-0.551302, 0.597848, -0.581931,
		30.283813, 42.939896, 34.679249>
	pigment { color rgbt <0,1,1,0> }
	no_shadow
}
cylinder {
	<30.885633, 42.641418, 34.367455>,  <30.669724, 42.521400, 35.086601>, 0.130000
	pigment { color rgbt <1,0,0,0> }
	no_shadow
}

// nucleotide -1

// particle -1
sphere {
	<30.885633, 42.641418, 34.367455> 0.250000
	pigment { color rgbt <1,0,0,0> }
	no_shadow
}
cylinder {
	<30.666117, 42.973743, 34.404495>,  <30.534407, 43.173138, 34.426720>, 0.100000
	pigment { color rgbt <1,0,0,0> }
	no_shadow
}
cylinder {
	<30.666117, 42.973743, 34.404495>,  <30.885633, 42.641418, 34.367455>, 0.100000
	pigment { color rgbt <1,0,0,0> }
	no_shadow
}

// particle -1
sphere {
	<30.666117, 42.973743, 34.404495> 0.100000
	pigment { color rgbt <1,0,0,0> }
	no_shadow
}
sphere {
	0, 1
	scale<0.080000,0.200000,0.300000>
	matrix <0.713063, 0.523050, -0.466862,
		-0.436309, -0.190181, -0.879469,
		-0.548794, 0.830813, 0.092600,
		30.501478, 43.222988, 34.432274>
	pigment { color rgbt <0,1,1,0> }
	no_shadow
}
cylinder {
	<30.742023, 42.854485, 33.780788>,  <30.885633, 42.641418, 34.367455>, 0.130000
	pigment { color rgbt <1,0,0,0> }
	no_shadow
}

// nucleotide -1

// particle -1
sphere {
	<30.742023, 42.854485, 33.780788> 0.250000
	pigment { color rgbt <1,0,0,0> }
	no_shadow
}
cylinder {
	<30.739111, 43.172169, 34.023827>,  <30.737364, 43.362778, 34.169651>, 0.100000
	pigment { color rgbt <1,0,0,0> }
	no_shadow
}
cylinder {
	<30.739111, 43.172169, 34.023827>,  <30.742023, 42.854485, 33.780788>, 0.100000
	pigment { color rgbt <1,0,0,0> }
	no_shadow
}

// particle -1
sphere {
	<30.739111, 43.172169, 34.023827> 0.100000
	pigment { color rgbt <1,0,0,0> }
	no_shadow
}
sphere {
	0, 1
	scale<0.080000,0.200000,0.300000>
	matrix <0.764028, 0.396427, -0.509026,
		-0.645142, 0.460515, -0.609686,
		-0.007282, 0.794211, 0.607598,
		30.736927, 43.410431, 34.206104>
	pigment { color rgbt <0,1,1,0> }
	no_shadow
}
cylinder {
	<30.789427, 42.693928, 33.088345>,  <30.742023, 42.854485, 33.780788>, 0.130000
	pigment { color rgbt <1,0,0,0> }
	no_shadow
}

// nucleotide -1

// particle -1
sphere {
	<30.789427, 42.693928, 33.088345> 0.250000
	pigment { color rgbt <1,0,0,0> }
	no_shadow
}
cylinder {
	<30.689026, 43.072025, 33.171791>,  <30.628786, 43.298882, 33.221859>, 0.100000
	pigment { color rgbt <1,0,0,0> }
	no_shadow
}
cylinder {
	<30.689026, 43.072025, 33.171791>,  <30.789427, 42.693928, 33.088345>, 0.100000
	pigment { color rgbt <1,0,0,0> }
	no_shadow
}

// particle -1
sphere {
	<30.689026, 43.072025, 33.171791> 0.100000
	pigment { color rgbt <1,0,0,0> }
	no_shadow
}
sphere {
	0, 1
	scale<0.080000,0.200000,0.300000>
	matrix <0.396750, 0.297040, -0.868537,
		-0.882942, -0.135238, -0.449582,
		-0.251002, 0.945240, 0.208613,
		30.613726, 43.355598, 33.234375>
	pigment { color rgbt <0,1,1,0> }
	no_shadow
}
cylinder {
	<31.516638, 42.730217, 32.891548>,  <30.789427, 42.693928, 33.088345>, 0.130000
	pigment { color rgbt <1,0,0,0> }
	no_shadow
}

// nucleotide -1

// particle -1
sphere {
	<31.516638, 42.730217, 32.891548> 0.250000
	pigment { color rgbt <1,0,0,0> }
	no_shadow
}
cylinder {
	<31.374275, 43.056278, 32.708748>,  <31.288858, 43.251915, 32.599068>, 0.100000
	pigment { color rgbt <1,0,0,0> }
	no_shadow
}
cylinder {
	<31.374275, 43.056278, 32.708748>,  <31.516638, 42.730217, 32.891548>, 0.100000
	pigment { color rgbt <1,0,0,0> }
	no_shadow
}

// particle -1
sphere {
	<31.374275, 43.056278, 32.708748> 0.100000
	pigment { color rgbt <1,0,0,0> }
	no_shadow
}
sphere {
	0, 1
	scale<0.080000,0.200000,0.300000>
	matrix <-0.232280, -0.550841, -0.801636,
		-0.905195, -0.179153, 0.385391,
		-0.355904, 0.815156, -0.457005,
		31.267504, 43.300823, 32.571648>
	pigment { color rgbt <0,1,1,0> }
	no_shadow
}
cylinder {
	<31.337095, 42.415634, 32.384060>,  <31.516638, 42.730217, 32.891548>, 0.130000
	pigment { color rgbt <1,0,0,0> }
	no_shadow
}

// nucleotide -1

// particle -1
sphere {
	<31.337095, 42.415634, 32.384060> 0.250000
	pigment { color rgbt <1,0,0,0> }
	no_shadow
}
cylinder {
	<31.191755, 42.775120, 32.285847>,  <31.104551, 42.990810, 32.226917>, 0.100000
	pigment { color rgbt <1,0,0,0> }
	no_shadow
}
cylinder {
	<31.191755, 42.775120, 32.285847>,  <31.337095, 42.415634, 32.384060>, 0.100000
	pigment { color rgbt <1,0,0,0> }
	no_shadow
}

// particle -1
sphere {
	<31.191755, 42.775120, 32.285847> 0.100000
	pigment { color rgbt <1,0,0,0> }
	no_shadow
}
sphere {
	0, 1
	scale<0.080000,0.200000,0.300000>
	matrix <-0.394799, -0.387243, -0.833173,
		-0.843866, -0.205798, 0.495517,
		-0.363351, 0.898715, -0.245532,
		31.082750, 43.044735, 32.212189>
	pigment { color rgbt <0,1,1,0> }
	no_shadow
}
cylinder {
	<30.747980, 42.308613, 32.086170>,  <31.337095, 42.415634, 32.384060>, 0.130000
	pigment { color rgbt <1,0,0,0> }
	no_shadow
}

// nucleotide -1

// particle -1
sphere {
	<30.747980, 42.308613, 32.086170> 0.250000
	pigment { color rgbt <1,0,0,0> }
	no_shadow
}
cylinder {
	<30.827940, 42.684624, 31.975624>,  <30.875916, 42.910233, 31.909296>, 0.100000
	pigment { color rgbt <1,0,0,0> }
	no_shadow
}
cylinder {
	<30.827940, 42.684624, 31.975624>,  <30.747980, 42.308613, 32.086170>, 0.100000
	pigment { color rgbt <1,0,0,0> }
	no_shadow
}

// particle -1
sphere {
	<30.827940, 42.684624, 31.975624> 0.100000
	pigment { color rgbt <1,0,0,0> }
	no_shadow
}
sphere {
	0, 1
	scale<0.080000,0.200000,0.300000>
	matrix <-0.456543, -0.160211, -0.875158,
		-0.866953, 0.301119, 0.397139,
		0.199901, 0.940032, -0.276369,
		30.887911, 42.966633, 31.892714>
	pigment { color rgbt <0,1,1,0> }
	no_shadow
}
cylinder {
	<30.809275, 41.500671, 32.276649>,  <30.747980, 42.308613, 32.086170>, 0.130000
	pigment { color rgbt <1,0,0,0> }
	no_shadow
}

// nucleotide -1

// particle -1
sphere {
	<30.809275, 41.500671, 32.276649> 0.250000
	pigment { color rgbt <1,0,0,0> }
	no_shadow
}
cylinder {
	<30.478317, 41.564346, 32.492088>,  <30.279743, 41.602551, 32.621349>, 0.100000
	pigment { color rgbt <1,0,0,0> }
	no_shadow
}
cylinder {
	<30.478317, 41.564346, 32.492088>,  <30.809275, 41.500671, 32.276649>, 0.100000
	pigment { color rgbt <1,0,0,0> }
	no_shadow
}

// particle -1
sphere {
	<30.478317, 41.564346, 32.492088> 0.100000
	pigment { color rgbt <1,0,0,0> }
	no_shadow
}
sphere {
	0, 1
	scale<0.080000,0.200000,0.300000>
	matrix <0.091171, -0.908201, 0.408483,
		0.554176, 0.387080, 0.736925,
		-0.827392, 0.159185, 0.538594,
		30.230101, 41.612103, 32.653667>
	pigment { color rgbt <0,1,1,0> }
	no_shadow
}
cylinder {
	<30.975348, 41.237213, 32.863625>,  <30.809275, 41.500671, 32.276649>, 0.130000
	pigment { color rgbt <1,0,0,0> }
	no_shadow
}

// nucleotide -1

// particle -1
sphere {
	<30.975348, 41.237213, 32.863625> 0.250000
	pigment { color rgbt <1,0,0,0> }
	no_shadow
}
cylinder {
	<30.576040, 41.213692, 32.863605>,  <30.336456, 41.199577, 32.863594>, 0.100000
	pigment { color rgbt <1,0,0,0> }
	no_shadow
}
cylinder {
	<30.576040, 41.213692, 32.863605>,  <30.975348, 41.237213, 32.863625>, 0.100000
	pigment { color rgbt <1,0,0,0> }
	no_shadow
}

// particle -1
sphere {
	<30.576040, 41.213692, 32.863605> 0.100000
	pigment { color rgbt <1,0,0,0> }
	no_shadow
}
sphere {
	0, 1
	scale<0.080000,0.200000,0.300000>
	matrix <0.053700, -0.911950, 0.406773,
		-0.023959, 0.406067, 0.913529,
		-0.998270, -0.058803, -0.000043,
		30.276560, 41.196053, 32.863594>
	pigment { color rgbt <0,1,1,0> }
	no_shadow
}
cylinder {
	<30.774090, 41.095814, 33.562950>,  <30.975348, 41.237213, 32.863625>, 0.130000
	pigment { color rgbt <1,0,0,0> }
	no_shadow
}

// nucleotide -1

// particle -1
sphere {
	<30.774090, 41.095814, 33.562950> 0.250000
	pigment { color rgbt <1,0,0,0> }
	no_shadow
}
cylinder {
	<30.474739, 40.980030, 33.324238>,  <30.295130, 40.910561, 33.181011>, 0.100000
	pigment { color rgbt <1,0,0,0> }
	no_shadow
}
cylinder {
	<30.474739, 40.980030, 33.324238>,  <30.774090, 41.095814, 33.562950>, 0.100000
	pigment { color rgbt <1,0,0,0> }
	no_shadow
}

// particle -1
sphere {
	<30.474739, 40.980030, 33.324238> 0.100000
	pigment { color rgbt <1,0,0,0> }
	no_shadow
}
sphere {
	0, 1
	scale<0.080000,0.200000,0.300000>
	matrix <-0.062508, -0.864963, 0.497927,
		-0.660323, 0.409941, 0.629224,
		-0.748376, -0.289461, -0.596780,
		30.250227, 40.893192, 33.145203>
	pigment { color rgbt <0,1,1,0> }
	no_shadow
}
cylinder {
	<30.367842, 40.750538, 34.001686>,  <30.774090, 41.095814, 33.562950>, 0.130000
	pigment { color rgbt <1,0,0,0> }
	no_shadow
}

// nucleotide -1

// particle -1
sphere {
	<30.367842, 40.750538, 34.001686> 0.250000
	pigment { color rgbt <1,0,0,0> }
	no_shadow
}
cylinder {
	<30.229208, 40.640026, 33.643124>,  <30.146027, 40.573719, 33.427986>, 0.100000
	pigment { color rgbt <1,0,0,0> }
	no_shadow
}
cylinder {
	<30.229208, 40.640026, 33.643124>,  <30.367842, 40.750538, 34.001686>, 0.100000
	pigment { color rgbt <1,0,0,0> }
	no_shadow
}

// particle -1
sphere {
	<30.229208, 40.640026, 33.643124> 0.100000
	pigment { color rgbt <1,0,0,0> }
	no_shadow
}
sphere {
	0, 1
	scale<0.080000,0.200000,0.300000>
	matrix <-0.049586, -0.948908, 0.311634,
		-0.936707, 0.152457, 0.315178,
		-0.346586, -0.276281, -0.896408,
		30.125233, 40.557140, 33.374203>
	pigment { color rgbt <0,1,1,0> }
	no_shadow
}
cylinder {
	<29.829075, 40.379311, 34.170567>,  <30.367842, 40.750538, 34.001686>, 0.130000
	pigment { color rgbt <1,0,0,0> }
	no_shadow
}

// nucleotide -1

// particle -1
sphere {
	<29.829075, 40.379311, 34.170567> 0.250000
	pigment { color rgbt <1,0,0,0> }
	no_shadow
}
cylinder {
	<29.906115, 40.265488, 33.794922>,  <29.952339, 40.197193, 33.569534>, 0.100000
	pigment { color rgbt <1,0,0,0> }
	no_shadow
}
cylinder {
	<29.906115, 40.265488, 33.794922>,  <29.829075, 40.379311, 34.170567>, 0.100000
	pigment { color rgbt <1,0,0,0> }
	no_shadow
}

// particle -1
sphere {
	<29.906115, 40.265488, 33.794922> 0.100000
	pigment { color rgbt <1,0,0,0> }
	no_shadow
}
sphere {
	0, 1
	scale<0.080000,0.200000,0.300000>
	matrix <-0.213929, -0.946187, 0.242824,
		-0.957674, 0.154136, -0.243111,
		0.192600, -0.284555, -0.939113,
		29.963894, 40.180122, 33.513187>
	pigment { color rgbt <0,1,1,0> }
	no_shadow
}
cylinder {
	<29.265070, 39.968052, 34.048344>,  <29.829075, 40.379311, 34.170567>, 0.130000
	pigment { color rgbt <1,0,0,0> }
	no_shadow
}

// nucleotide -1

// particle -1
sphere {
	<29.265070, 39.968052, 34.048344> 0.250000
	pigment { color rgbt <1,0,0,0> }
	no_shadow
}
cylinder {
	<29.557789, 39.878586, 33.790836>,  <29.733421, 39.824905, 33.636330>, 0.100000
	pigment { color rgbt <1,0,0,0> }
	no_shadow
}
cylinder {
	<29.557789, 39.878586, 33.790836>,  <29.265070, 39.968052, 34.048344>, 0.100000
	pigment { color rgbt <1,0,0,0> }
	no_shadow
}

// particle -1
sphere {
	<29.557789, 39.878586, 33.790836> 0.100000
	pigment { color rgbt <1,0,0,0> }
	no_shadow
}
sphere {
	0, 1
	scale<0.080000,0.200000,0.300000>
	matrix <-0.207763, -0.972864, 0.101831,
		-0.649079, 0.059232, -0.758411,
		0.731799, -0.223667, -0.643772,
		29.777328, 39.811485, 33.597706>
	pigment { color rgbt <0,1,1,0> }
	no_shadow
}
cylinder {
	<28.995251, 39.491817, 33.593884>,  <29.265070, 39.968052, 34.048344>, 0.130000
	pigment { color rgbt <1,0,0,0> }
	no_shadow
}

// nucleotide -1

// particle -1
sphere {
	<28.995251, 39.491817, 33.593884> 0.250000
	pigment { color rgbt <1,0,0,0> }
	no_shadow
}
cylinder {
	<29.389265, 39.430092, 33.563168>,  <29.625673, 39.393055, 33.544739>, 0.100000
	pigment { color rgbt <1,0,0,0> }
	no_shadow
}
cylinder {
	<29.389265, 39.430092, 33.563168>,  <28.995251, 39.491817, 33.593884>, 0.100000
	pigment { color rgbt <1,0,0,0> }
	no_shadow
}

// particle -1
sphere {
	<29.389265, 39.430092, 33.563168> 0.100000
	pigment { color rgbt <1,0,0,0> }
	no_shadow
}
sphere {
	0, 1
	scale<0.080000,0.200000,0.300000>
	matrix <-0.156468, -0.987419, -0.022850,
		-0.072296, 0.034522, -0.996786,
		0.985034, -0.154313, -0.076788,
		29.684774, 39.383797, 33.540131>
	pigment { color rgbt <0,1,1,0> }
	no_shadow
}
cylinder {
	<29.251486, 38.966255, 32.989071>,  <28.995251, 39.491817, 33.593884>, 0.130000
	pigment { color rgbt <1,0,0,0> }
	no_shadow
}

// nucleotide -1

// particle -1
sphere {
	<29.251486, 38.966255, 32.989071> 0.250000
	pigment { color rgbt <1,0,0,0> }
	no_shadow
}
cylinder {
	<29.537531, 38.936382, 33.267075>,  <29.709158, 38.918457, 33.433876>, 0.100000
	pigment { color rgbt <1,0,0,0> }
	no_shadow
}
cylinder {
	<29.537531, 38.936382, 33.267075>,  <29.251486, 38.966255, 32.989071>, 0.100000
	pigment { color rgbt <1,0,0,0> }
	no_shadow
}

// particle -1
sphere {
	<29.537531, 38.936382, 33.267075> 0.100000
	pigment { color rgbt <1,0,0,0> }
	no_shadow
}
sphere {
	0, 1
	scale<0.080000,0.200000,0.300000>
	matrix <-0.308648, -0.925836, 0.218091,
