// switches for output
#declare DRAW_BASES = 1; // possible values are 0, 1; only relevant for DNA ribbons
#declare DRAW_BASES_TYPE = 3; // possible values are 1, 2, 3; only relevant for DNA ribbons
#declare DRAW_FOG = 0; // set to 1 to enable fog

#include "colors.inc"

#include "transforms.inc"
background { rgb <1, 1, 1>}

#default {
   normal{
       ripples 0.25
       frequency 0.20
       turbulence 0.2
       lambda 5
   }
	finish {
		phong 0.1
		phong_size 40.
	}
}

// original window dimensions: 1024x640


// camera settings

camera {
	sky <0, 0.179814, -0.983701>
	up <0, 0.179814, -0.983701>
	right 1.6 * <1, 0, 0>
	location <35, 94.9851, 44.8844>
	look_at <35, 29.7336, 32.9568>
	direction <0, -65.2515, -11.9276>
	angle 67.0682
}


# declare cpy_camera_pos = <35, 94.9851, 44.8844>;
# if (DRAW_FOG = 1)
fog {
	fog_type 2
	up vnormalize(cpy_camera_pos)
	color rgbt<1,1,1,0.3>
	distance 1e-5
	fog_alt 3e-3
	fog_offset 56
}
# end


// LIGHTS

# declare lum = 6;
global_settings {
	ambient_light rgb lum * <0.05, 0.05, 0.05>
	max_trace_level 15
}# declare cpy_direct_light_amount = 0.25;
light_source
{	1000 * <-1, -1.16352, -0.803886>,
	rgb lum * cpy_direct_light_amount
	parallel
}

light_source
{	1000 * <1, 1.16352, 0.803886>,
	rgb lum * cpy_direct_light_amount
	parallel
}

// strand 0

// nucleotide -1

// particle -1
sphere {
	<23.983160, 35.213875, 34.615692> 0.250000
	pigment { color rgbt <1,0,0,0> }
	no_shadow
}
cylinder {
	<24.169184, 35.204132, 34.969669>,  <24.280798, 35.198284, 35.182056>, 0.100000
	pigment { color rgbt <1,0,0,0> }
	no_shadow
}
cylinder {
	<24.169184, 35.204132, 34.969669>,  <23.983160, 35.213875, 34.615692>, 0.100000
	pigment { color rgbt <1,0,0,0> }
	no_shadow
}

// particle -1
sphere {
	<24.169184, 35.204132, 34.969669> 0.100000
	pigment { color rgbt <1,0,0,0> }
	no_shadow
}
sphere {
	0, 1
	scale<0.080000,0.200000,0.300000>
	matrix <0.808958, -0.394344, -0.435981,
		0.359593, 0.918640, -0.163687,
		0.465058, -0.024360, 0.884945,
		24.308701, 35.196823, 35.235153>
	pigment { color rgbt <0,1,1,0> }
	no_shadow
}
cylinder {
	<24.633976, 35.659107, 34.681404>,  <23.983160, 35.213875, 34.615692>, 0.130000
	pigment { color rgbt <1,0,0,0> }
	no_shadow
}

// nucleotide -1

// particle -1
sphere {
	<24.633976, 35.659107, 34.681404> 0.250000
	pigment { color rgbt <1,0,0,0> }
	no_shadow
}
cylinder {
	<24.605757, 35.322788, 34.896099>,  <24.588825, 35.120998, 35.024918>, 0.100000
	pigment { color rgbt <1,0,0,0> }
	no_shadow
}
cylinder {
	<24.605757, 35.322788, 34.896099>,  <24.633976, 35.659107, 34.681404>, 0.100000
	pigment { color rgbt <1,0,0,0> }
	no_shadow
}

// particle -1
sphere {
	<24.605757, 35.322788, 34.896099> 0.100000
	pigment { color rgbt <1,0,0,0> }
	no_shadow
}
sphere {
	0, 1
	scale<0.080000,0.200000,0.300000>
	matrix <0.671420, -0.437963, -0.597816,
		0.737712, 0.318202, 0.595423,
		-0.070547, -0.840795, 0.536738,
		24.584593, 35.070549, 35.057121>
	pigment { color rgbt <0,1,1,0> }
	no_shadow
}
cylinder {
	<25.248343, 35.458698, 35.009186>,  <24.633976, 35.659107, 34.681404>, 0.130000
	pigment { color rgbt <1,0,0,0> }
	no_shadow
}

// nucleotide -1

// particle -1
sphere {
	<25.248343, 35.458698, 35.009186> 0.250000
	pigment { color rgbt <1,0,0,0> }
	no_shadow
}
cylinder {
	<25.014124, 35.146778, 34.920597>,  <24.873592, 34.959625, 34.867443>, 0.100000
	pigment { color rgbt <1,0,0,0> }
	no_shadow
}
cylinder {
	<25.014124, 35.146778, 34.920597>,  <25.248343, 35.458698, 35.009186>, 0.100000
	pigment { color rgbt <1,0,0,0> }
	no_shadow
}

// particle -1
sphere {
	<25.014124, 35.146778, 34.920597> 0.100000
	pigment { color rgbt <1,0,0,0> }
	no_shadow
}
sphere {
	0, 1
	scale<0.080000,0.200000,0.300000>
	matrix <0.712195, -0.364368, -0.600012,
		0.387191, -0.509067, 0.768722,
		-0.585544, -0.779799, -0.221475,
		24.838461, 34.912838, 34.854153>
	pigment { color rgbt <0,1,1,0> }
	no_shadow
}
cylinder {
	<25.648508, 34.848808, 35.261105>,  <25.248343, 35.458698, 35.009186>, 0.130000
	pigment { color rgbt <1,0,0,0> }
	no_shadow
}

// nucleotide -1

// particle -1
sphere {
	<25.648508, 34.848808, 35.261105> 0.250000
	pigment { color rgbt <1,0,0,0> }
	no_shadow
}
cylinder {
	<25.384403, 34.810543, 34.963139>,  <25.225941, 34.787586, 34.784359>, 0.100000
	pigment { color rgbt <1,0,0,0> }
	no_shadow
}
cylinder {
	<25.384403, 34.810543, 34.963139>,  <25.648508, 34.848808, 35.261105>, 0.100000
	pigment { color rgbt <1,0,0,0> }
	no_shadow
}

// particle -1
sphere {
	<25.384403, 34.810543, 34.963139> 0.100000
	pigment { color rgbt <1,0,0,0> }
	no_shadow
}
sphere {
	0, 1
	scale<0.080000,0.200000,0.300000>
	matrix <0.747286, -0.182673, -0.638900,
		-0.074959, -0.978509, 0.192098,
		-0.660261, -0.095660, -0.744919,
		25.186325, 34.781845, 34.739662>
	pigment { color rgbt <0,1,1,0> }
	no_shadow
}
cylinder {
	<25.894066, 34.255543, 35.059353>,  <25.648508, 34.848808, 35.261105>, 0.130000
	pigment { color rgbt <1,0,0,0> }
	no_shadow
}

// nucleotide -1

// particle -1
sphere {
	<25.894066, 34.255543, 35.059353> 0.250000
	pigment { color rgbt <1,0,0,0> }
	no_shadow
}
cylinder {
	<25.738380, 34.479519, 34.766785>,  <25.644968, 34.613907, 34.591244>, 0.100000
	pigment { color rgbt <1,0,0,0> }
	no_shadow
}
cylinder {
	<25.738380, 34.479519, 34.766785>,  <25.894066, 34.255543, 35.059353>, 0.100000
	pigment { color rgbt <1,0,0,0> }
	no_shadow
}

// particle -1
sphere {
	<25.738380, 34.479519, 34.766785> 0.100000
	pigment { color rgbt <1,0,0,0> }
	no_shadow
}
sphere {
	0, 1
	scale<0.080000,0.200000,0.300000>
	matrix <0.746384, -0.273631, -0.606661,
		-0.539836, -0.782041, -0.311432,
		-0.389216, 0.559945, -0.731418,
		25.621616, 34.647503, 34.547359>
	pigment { color rgbt <0,1,1,0> }
	no_shadow
}
cylinder {
	<26.394283, 33.865578, 35.370861>,  <25.894066, 34.255543, 35.059353>, 0.130000
	pigment { color rgbt <1,0,0,0> }
	no_shadow
}

// nucleotide -1

// particle -1
sphere {
	<26.394283, 33.865578, 35.370861> 0.250000
	pigment { color rgbt <1,0,0,0> }
	no_shadow
}
cylinder {
	<26.774685, 33.903248, 35.253063>,  <27.002926, 33.925850, 35.182384>, 0.100000
	pigment { color rgbt <1,0,0,0> }
	no_shadow
}
cylinder {
	<26.774685, 33.903248, 35.253063>,  <26.394283, 33.865578, 35.370861>, 0.100000
	pigment { color rgbt <1,0,0,0> }
	no_shadow
}

// particle -1
sphere {
	<26.774685, 33.903248, 35.253063> 0.100000
	pigment { color rgbt <1,0,0,0> }
	no_shadow
}
sphere {
	0, 1
	scale<0.080000,0.200000,0.300000>
	matrix <-0.076313, -0.851527, -0.518728,
		-0.299619, 0.515785, -0.802617,
		0.951002, 0.094171, -0.294495,
		27.059986, 33.931499, 35.164715>
	pigment { color rgbt <0,1,1,0> }
	no_shadow
}
cylinder {
	<26.438957, 33.801918, 34.676537>,  <26.394283, 33.865578, 35.370861>, 0.130000
	pigment { color rgbt <1,0,0,0> }
	no_shadow
}

// nucleotide -1

// particle -1
sphere {
	<26.438957, 33.801918, 34.676537> 0.250000
	pigment { color rgbt <1,0,0,0> }
	no_shadow
}
cylinder {
	<26.820412, 33.717094, 34.761963>,  <27.049284, 33.666203, 34.813217>, 0.100000
	pigment { color rgbt <1,0,0,0> }
	no_shadow
}
cylinder {
	<26.820412, 33.717094, 34.761963>,  <26.438957, 33.801918, 34.676537>, 0.100000
	pigment { color rgbt <1,0,0,0> }
	no_shadow
}

// particle -1
sphere {
	<26.820412, 33.717094, 34.761963> 0.100000
	pigment { color rgbt <1,0,0,0> }
	no_shadow
}
sphere {
	0, 1
	scale<0.080000,0.200000,0.300000>
	matrix <-0.068546, -0.843994, -0.531954,
		0.293048, 0.492653, -0.819400,
		0.953637, -0.212055, 0.213561,
		27.106503, 33.653477, 34.826031>
	pigment { color rgbt <0,1,1,0> }
	no_shadow
}
cylinder {
	<26.892818, 33.784477, 34.050110>,  <26.438957, 33.801918, 34.676537>, 0.130000
	pigment { color rgbt <1,0,0,0> }
	no_shadow
}

// nucleotide -1

// particle -1
sphere {
	<26.892818, 33.784477, 34.050110> 0.250000
	pigment { color rgbt <1,0,0,0> }
	no_shadow
}
cylinder {
	<27.068520, 33.553944, 34.325760>,  <27.173941, 33.415623, 34.491150>, 0.100000
	pigment { color rgbt <1,0,0,0> }
	no_shadow
}
cylinder {
	<27.068520, 33.553944, 34.325760>,  <26.892818, 33.784477, 34.050110>, 0.100000
	pigment { color rgbt <1,0,0,0> }
	no_shadow
}

// particle -1
sphere {
	<27.068520, 33.553944, 34.325760> 0.100000
	pigment { color rgbt <1,0,0,0> }
	no_shadow
}
sphere {
	0, 1
	scale<0.080000,0.200000,0.300000>
	matrix <0.054910, -0.748431, -0.660936,
		0.896685, 0.328157, -0.297102,
		0.439251, -0.576338, 0.689125,
		27.200294, 33.381042, 34.532497>
	pigment { color rgbt <0,1,1,0> }
	no_shadow
}
cylinder {
	<27.437996, 33.495228, 33.711643>,  <26.892818, 33.784477, 34.050110>, 0.130000
	pigment { color rgbt <1,0,0,0> }
	no_shadow
}

// nucleotide -1

// particle -1
sphere {
	<27.437996, 33.495228, 33.711643> 0.250000
	pigment { color rgbt <1,0,0,0> }
	no_shadow
}
cylinder {
	<27.310013, 33.276669, 34.021244>,  <27.233223, 33.145535, 34.207005>, 0.100000
	pigment { color rgbt <1,0,0,0> }
	no_shadow
}
cylinder {
	<27.310013, 33.276669, 34.021244>,  <27.437996, 33.495228, 33.711643>, 0.100000
	pigment { color rgbt <1,0,0,0> }
	no_shadow
}

// particle -1
sphere {
	<27.310013, 33.276669, 34.021244> 0.100000
	pigment { color rgbt <1,0,0,0> }
	no_shadow
}
sphere {
	0, 1
	scale<0.080000,0.200000,0.300000>
	matrix <-0.074423, -0.799927, -0.595465,
		0.944505, -0.248126, 0.215276,
		-0.319955, -0.546398, 0.774001,
		27.214025, 33.112747, 34.253445>
	pigment { color rgbt <0,1,1,0> }
	no_shadow
}
cylinder {
	<27.908855, 32.897022, 33.743996>,  <27.437996, 33.495228, 33.711643>, 0.130000
	pigment { color rgbt <1,0,0,0> }
	no_shadow
}

// nucleotide -1

// particle -1
sphere {
	<27.908855, 32.897022, 33.743996> 0.250000
	pigment { color rgbt <1,0,0,0> }
	no_shadow
}
cylinder {
	<27.575758, 32.790230, 33.938007>,  <27.375898, 32.726154, 34.054417>, 0.100000
	pigment { color rgbt <1,0,0,0> }
	no_shadow
}
cylinder {
	<27.575758, 32.790230, 33.938007>,  <27.908855, 32.897022, 33.743996>, 0.100000
	pigment { color rgbt <1,0,0,0> }
	no_shadow
}

// particle -1
sphere {
	<27.575758, 32.790230, 33.938007> 0.100000
	pigment { color rgbt <1,0,0,0> }
	no_shadow
}
sphere {
	0, 1
	scale<0.080000,0.200000,0.300000>
	matrix <-0.076628, -0.812045, -0.578542,
		0.548328, -0.518945, 0.655769,
		-0.832745, -0.266980, 0.485033,
		27.325933, 32.710136, 34.083519>
	pigment { color rgbt <0,1,1,0> }
	no_shadow
}
cylinder {
	<28.003635, 32.189777, 33.916691>,  <27.908855, 32.897022, 33.743996>, 0.130000
	pigment { color rgbt <1,0,0,0> }
	no_shadow
}

// nucleotide -1

// particle -1
sphere {
	<28.003635, 32.189777, 33.916691> 0.250000
	pigment { color rgbt <1,0,0,0> }
	no_shadow
}
cylinder {
	<27.608185, 32.246044, 33.937969>,  <27.370914, 32.279804, 33.950737>, 0.100000
	pigment { color rgbt <1,0,0,0> }
	no_shadow
}
cylinder {
	<27.608185, 32.246044, 33.937969>,  <28.003635, 32.189777, 33.916691>, 0.100000
	pigment { color rgbt <1,0,0,0> }
	no_shadow
}

// particle -1
sphere {
	<27.608185, 32.246044, 33.937969> 0.100000
	pigment { color rgbt <1,0,0,0> }
	no_shadow
}
sphere {
	0, 1
	scale<0.080000,0.200000,0.300000>
	matrix <-0.145971, -0.812388, -0.564551,
		-0.036194, -0.565896, 0.823682,
		-0.988626, 0.140667, 0.053201,
		27.311596, 32.288246, 33.953930>
	pigment { color rgbt <0,1,1,0> }
	no_shadow
}
cylinder {
	<27.669424, 31.563412, 33.888615>,  <28.003635, 32.189777, 33.916691>, 0.130000
	pigment { color rgbt <1,0,0,0> }
	no_shadow
}

// nucleotide -1

// particle -1
sphere {
	<27.669424, 31.563412, 33.888615> 0.250000
	pigment { color rgbt <1,0,0,0> }
	no_shadow
}
cylinder {
	<27.362072, 31.791384, 33.772152>,  <27.177662, 31.928167, 33.702274>, 0.100000
	pigment { color rgbt <1,0,0,0> }
	no_shadow
}
cylinder {
	<27.362072, 31.791384, 33.772152>,  <27.669424, 31.563412, 33.888615>, 0.100000
	pigment { color rgbt <1,0,0,0> }
	no_shadow
}

// particle -1
sphere {
	<27.362072, 31.791384, 33.772152> 0.100000
	pigment { color rgbt <1,0,0,0> }
	no_shadow
}
sphere {
	0, 1
	scale<0.080000,0.200000,0.300000>
	matrix <-0.252856, -0.688269, -0.679963,
		-0.587927, -0.448847, 0.672962,
		-0.768379, 0.569931, -0.291158,
		27.131559, 31.962362, 33.684803>
	pigment { color rgbt <0,1,1,0> }
	no_shadow
}
cylinder {
	<27.103218, 31.023998, 33.818260>,  <27.669424, 31.563412, 33.888615>, 0.130000
	pigment { color rgbt <1,0,0,0> }
	no_shadow
}

// nucleotide -1

// particle -1
sphere {
	<27.103218, 31.023998, 33.818260> 0.250000
	pigment { color rgbt <1,0,0,0> }
	no_shadow
}
cylinder {
	<26.992220, 31.347578, 33.610954>,  <26.925621, 31.541725, 33.486572>, 0.100000
	pigment { color rgbt <1,0,0,0> }
	no_shadow
}
cylinder {
	<26.992220, 31.347578, 33.610954>,  <27.103218, 31.023998, 33.818260>, 0.100000
	pigment { color rgbt <1,0,0,0> }
	no_shadow
}

// particle -1
sphere {
	<26.992220, 31.347578, 33.610954> 0.100000
	pigment { color rgbt <1,0,0,0> }
	no_shadow
}
sphere {
	0, 1
	scale<0.080000,0.200000,0.300000>
	matrix <-0.507355, -0.581486, -0.635976,
		-0.815836, 0.086464, 0.571783,
		-0.277495, 0.808949, -0.518265,
		26.908972, 31.590263, 33.455475>
	pigment { color rgbt <0,1,1,0> }
	no_shadow
}
cylinder {
	<26.340851, 30.927446, 33.795670>,  <27.103218, 31.023998, 33.818260>, 0.130000
	pigment { color rgbt <1,0,0,0> }
	no_shadow
}

// nucleotide -1

// particle -1
sphere {
	<26.340851, 30.927446, 33.795670> 0.250000
	pigment { color rgbt <1,0,0,0> }
	no_shadow
}
cylinder {
	<26.468994, 31.173296, 33.507332>,  <26.545879, 31.320807, 33.334332>, 0.100000
	pigment { color rgbt <1,0,0,0> }
	no_shadow
}
cylinder {
	<26.468994, 31.173296, 33.507332>,  <26.340851, 30.927446, 33.795670>, 0.100000
	pigment { color rgbt <1,0,0,0> }
	no_shadow
}

// particle -1
sphere {
	<26.468994, 31.173296, 33.507332> 0.100000
	pigment { color rgbt <1,0,0,0> }
	no_shadow
}
sphere {
	0, 1
	scale<0.080000,0.200000,0.300000>
	matrix <-0.573588, -0.479739, -0.663964,
		-0.753903, 0.626170, 0.198853,
		0.320356, 0.614623, -0.720840,
		26.565102, 31.357683, 33.291080>
	pigment { color rgbt <0,1,1,0> }
	no_shadow
}
cylinder {
	<25.776672, 31.014593, 33.250008>,  <26.340851, 30.927446, 33.795670>, 0.130000
	pigment { color rgbt <1,0,0,0> }
	no_shadow
}

// nucleotide -1

// particle -1
sphere {
	<25.776672, 31.014593, 33.250008> 0.250000
	pigment { color rgbt <1,0,0,0> }
	no_shadow
}
cylinder {
	<26.106443, 31.145590, 33.065372>,  <26.304306, 31.224188, 32.954590>, 0.100000
	pigment { color rgbt <1,0,0,0> }
	no_shadow
}
cylinder {
	<26.106443, 31.145590, 33.065372>,  <25.776672, 31.014593, 33.250008>, 0.100000
	pigment { color rgbt <1,0,0,0> }
	no_shadow
}

// particle -1
sphere {
	<26.106443, 31.145590, 33.065372> 0.100000
	pigment { color rgbt <1,0,0,0> }
	no_shadow
}
sphere {
	0, 1
	scale<0.080000,0.200000,0.300000>
	matrix <-0.374202, -0.296461, -0.878683,
		-0.424605, 0.897140, -0.121863,
		0.824429, 0.327492, -0.461591,
		26.353771, 31.243837, 32.926895>
	pigment { color rgbt <0,1,1,0> }
	no_shadow
}
cylinder {
	<25.632202, 30.977018, 32.581860>,  <25.776672, 31.014593, 33.250008>, 0.130000
	pigment { color rgbt <1,0,0,0> }
	no_shadow
}

// nucleotide -1

// particle -1
sphere {
	<25.632202, 30.977018, 32.581860> 0.250000
	pigment { color rgbt <1,0,0,0> }
	no_shadow
}
cylinder {
	<26.027483, 31.014071, 32.533077>,  <26.264652, 31.036303, 32.503807>, 0.100000
	pigment { color rgbt <1,0,0,0> }
	no_shadow
}
cylinder {
	<26.027483, 31.014071, 32.533077>,  <25.632202, 30.977018, 32.581860>, 0.100000
	pigment { color rgbt <1,0,0,0> }
	no_shadow
}

// particle -1
sphere {
	<26.027483, 31.014071, 32.533077> 0.100000
	pigment { color rgbt <1,0,0,0> }
	no_shadow
}
sphere {
	0, 1
	scale<0.080000,0.200000,0.300000>
	matrix <-0.093767, -0.263676, -0.960043,
		-0.121086, 0.960153, -0.251880,
		0.988204, 0.092630, -0.121958,
		26.323944, 31.041859, 32.496490>
	pigment { color rgbt <0,1,1,0> }
	no_shadow
}
cylinder {
	<25.717251, 31.337990, 31.944017>,  <25.632202, 30.977018, 32.581860>, 0.130000
	pigment { color rgbt <1,0,0,0> }
	no_shadow
}

// nucleotide -1

// particle -1
sphere {
	<25.717251, 31.337990, 31.944017> 0.250000
	pigment { color rgbt <1,0,0,0> }
	no_shadow
}
cylinder {
	<26.073454, 31.162392, 31.991821>,  <26.287176, 31.057034, 32.020504>, 0.100000
	pigment { color rgbt <1,0,0,0> }
	no_shadow
}
cylinder {
	<26.073454, 31.162392, 31.991821>,  <25.717251, 31.337990, 31.944017>, 0.100000
	pigment { color rgbt <1,0,0,0> }
	no_shadow
}

// particle -1
sphere {
	<26.073454, 31.162392, 31.991821> 0.100000
	pigment { color rgbt <1,0,0,0> }
	no_shadow
}
sphere {
	0, 1
	scale<0.080000,0.200000,0.300000>
	matrix <-0.032375, -0.323149, -0.945794,
		0.453818, 0.838366, -0.301979,
		0.890506, -0.438995, 0.119509,
		26.340607, 31.030693, 32.027676>
	pigment { color rgbt <0,1,1,0> }
	no_shadow
}
cylinder {
	<26.090363, 31.385851, 31.254063>,  <25.717251, 31.337990, 31.944017>, 0.130000
	pigment { color rgbt <1,0,0,0> }
	no_shadow
}

// nucleotide -1

// particle -1
sphere {
	<26.090363, 31.385851, 31.254063> 0.250000
	pigment { color rgbt <1,0,0,0> }
	no_shadow
}
cylinder {
	<26.245966, 31.088116, 31.471182>,  <26.339329, 30.909473, 31.601454>, 0.100000
	pigment { color rgbt <1,0,0,0> }
	no_shadow
}
cylinder {
	<26.245966, 31.088116, 31.471182>,  <26.090363, 31.385851, 31.254063>, 0.100000
	pigment { color rgbt <1,0,0,0> }
	no_shadow
}

// particle -1
sphere {
	<26.245966, 31.088116, 31.471182> 0.100000
	pigment { color rgbt <1,0,0,0> }
	no_shadow
}
sphere {
	0, 1
	scale<0.080000,0.200000,0.300000>
	matrix <-0.073282, -0.612344, -0.787188,
		0.918315, 0.266446, -0.292754,
		0.389009, -0.744340, 0.542799,
		26.362669, 30.864813, 31.634022>
	pigment { color rgbt <0,1,1,0> }
	no_shadow
}
cylinder {
	<26.461246, 30.989210, 30.686520>,  <26.090363, 31.385851, 31.254063>, 0.130000
	pigment { color rgbt <1,0,0,0> }
	no_shadow
}

// nucleotide -1

// particle -1
sphere {
	<26.461246, 30.989210, 30.686520> 0.250000
	pigment { color rgbt <1,0,0,0> }
	no_shadow
}
cylinder {
	<26.417961, 30.765669, 31.015390>,  <26.391991, 30.631544, 31.212713>, 0.100000
	pigment { color rgbt <1,0,0,0> }
	no_shadow
}
cylinder {
	<26.417961, 30.765669, 31.015390>,  <26.461246, 30.989210, 30.686520>, 0.100000
	pigment { color rgbt <1,0,0,0> }
	no_shadow
}

// particle -1
sphere {
	<26.417961, 30.765669, 31.015390> 0.100000
	pigment { color rgbt <1,0,0,0> }
	no_shadow
}
sphere {
	0, 1
	scale<0.080000,0.200000,0.300000>
	matrix <0.010599, -0.827634, -0.561168,
		0.994071, -0.052012, 0.095484,
		-0.108213, -0.558853, 0.822176,
		26.385498, 30.598013, 31.262043>
	pigment { color rgbt <0,1,1,0> }
	no_shadow
}
cylinder {
	<27.014210, 30.456141, 30.642031>,  <26.461246, 30.989210, 30.686520>, 0.130000
	pigment { color rgbt <1,0,0,0> }
	no_shadow
}

// nucleotide -1

// particle -1
sphere {
	<27.014210, 30.456141, 30.642031> 0.250000
	pigment { color rgbt <1,0,0,0> }
	no_shadow
}
cylinder {
	<26.759485, 30.286255, 30.899429>,  <26.606651, 30.184324, 31.053869>, 0.100000
	pigment { color rgbt <1,0,0,0> }
	no_shadow
}
cylinder {
	<26.759485, 30.286255, 30.899429>,  <27.014210, 30.456141, 30.642031>, 0.100000
	pigment { color rgbt <1,0,0,0> }
	no_shadow
}

// particle -1
sphere {
	<26.759485, 30.286255, 30.899429> 0.100000
	pigment { color rgbt <1,0,0,0> }
	no_shadow
}
sphere {
	0, 1
	scale<0.080000,0.200000,0.300000>
	matrix <-0.011649, -0.829211, -0.558815,
		0.770932, -0.363355, 0.523103,
		-0.636811, -0.424715, 0.643498,
		26.568441, 30.158840, 31.092480>
	pigment { color rgbt <0,1,1,0> }
	no_shadow
}
cylinder {
	<27.338703, 29.808668, 30.850618>,  <27.014210, 30.456141, 30.642031>, 0.130000
	pigment { color rgbt <1,0,0,0> }
	no_shadow
}

// nucleotide -1

// particle -1
sphere {
	<27.338703, 29.808668, 30.850618> 0.250000
	pigment { color rgbt <1,0,0,0> }
	no_shadow
}
cylinder {
	<26.946936, 29.767519, 30.920076>,  <26.711874, 29.742830, 30.961750>, 0.100000
	pigment { color rgbt <1,0,0,0> }
	no_shadow
}
cylinder {
	<26.946936, 29.767519, 30.920076>,  <27.338703, 29.808668, 30.850618>, 0.100000
	pigment { color rgbt <1,0,0,0> }
	no_shadow
}

// particle -1
sphere {
	<26.946936, 29.767519, 30.920076> 0.100000
	pigment { color rgbt <1,0,0,0> }
	no_shadow
}
sphere {
	0, 1
	scale<0.080000,0.200000,0.300000>
	matrix <0.002127, -0.865567, -0.500788,
		0.201816, -0.490113, 0.847974,
		-0.979421, -0.102871, 0.173643,
		26.653109, 29.736658, 30.972170>
	pigment { color rgbt <0,1,1,0> }
	no_shadow
}
cylinder {
	<27.301804, 29.136368, 31.079958>,  <27.338703, 29.808668, 30.850618>, 0.130000
	pigment { color rgbt <1,0,0,0> }
	no_shadow
}

// nucleotide -1

// particle -1
sphere {
	<27.301804, 29.136368, 31.079958> 0.250000
	pigment { color rgbt <1,0,0,0> }
	no_shadow
}
cylinder {
	<26.931942, 29.238899, 30.967308>,  <26.710026, 29.300419, 30.899719>, 0.100000
	pigment { color rgbt <1,0,0,0> }
	no_shadow
}
cylinder {
	<26.931942, 29.238899, 30.967308>,  <27.301804, 29.136368, 31.079958>, 0.100000
	pigment { color rgbt <1,0,0,0> }
	no_shadow
}

// particle -1
sphere {
	<26.931942, 29.238899, 30.967308> 0.100000
	pigment { color rgbt <1,0,0,0> }
	no_shadow
}
sphere {
	0, 1
	scale<0.080000,0.200000,0.300000>
	matrix <-0.183366, -0.947852, -0.260678,
		-0.333757, -0.189397, 0.923437,
		-0.924653, 0.256330, -0.281623,
		26.654547, 29.315798, 30.882820>
	pigment { color rgbt <0,1,1,0> }
	no_shadow
}
cylinder {
	<26.942404, 28.722084, 31.370811>,  <27.301804, 29.136368, 31.079958>, 0.130000
	pigment { color rgbt <1,0,0,0> }
	no_shadow
}

// nucleotide -1

// particle -1
sphere {
	<26.942404, 28.722084, 31.370811> 0.250000
	pigment { color rgbt <1,0,0,0> }
	no_shadow
}
cylinder {
	<26.732292, 28.843477, 31.052824>,  <26.606224, 28.916313, 30.862032>, 0.100000
	pigment { color rgbt <1,0,0,0> }
	no_shadow
}
cylinder {
	<26.732292, 28.843477, 31.052824>,  <26.942404, 28.722084, 31.370811>, 0.100000
	pigment { color rgbt <1,0,0,0> }
	no_shadow
}

// particle -1
sphere {
	<26.732292, 28.843477, 31.052824> 0.100000
	pigment { color rgbt <1,0,0,0> }
	no_shadow
}
sphere {
	0, 1
	scale<0.080000,0.200000,0.300000>
	matrix <0.034509, -0.925871, -0.376259,
		-0.850228, -0.225076, 0.475871,
		-0.525282, 0.303485, -0.794969,
		26.574707, 28.934523, 30.814333>
	pigment { color rgbt <0,1,1,0> }
	no_shadow
}
cylinder {
	<26.284466, 28.255177, 31.260607>,  <26.942404, 28.722084, 31.370811>, 0.130000
	pigment { color rgbt <1,0,0,0> }
	no_shadow
}

// nucleotide -1

// particle -1
sphere {
	<26.284466, 28.255177, 31.260607> 0.250000
	pigment { color rgbt <1,0,0,0> }
	no_shadow
}
cylinder {
	<26.383646, 28.442661, 30.921473>,  <26.443153, 28.555153, 30.717991>, 0.100000
	pigment { color rgbt <1,0,0,0> }
	no_shadow
}
cylinder {
	<26.383646, 28.442661, 30.921473>,  <26.284466, 28.255177, 31.260607>, 0.100000
	pigment { color rgbt <1,0,0,0> }
	no_shadow
}

// particle -1
sphere {
	<26.383646, 28.442661, 30.921473> 0.100000
	pigment { color rgbt <1,0,0,0> }
	no_shadow
}
sphere {
	0, 1
	scale<0.080000,0.200000,0.300000>
	matrix <0.053232, -0.880436, -0.471168,
		-0.967309, 0.071695, -0.243256,
		0.247951, 0.468714, -0.847837,
		26.458031, 28.583275, 30.667122>
	pigment { color rgbt <0,1,1,0> }
	no_shadow
}
cylinder {
	<25.928734, 27.933886, 30.729136>,  <26.284466, 28.255177, 31.260607>, 0.130000
	pigment { color rgbt <1,0,0,0> }
	no_shadow
}

// nucleotide -1

// particle -1
sphere {
	<25.928734, 27.933886, 30.729136> 0.250000
	pigment { color rgbt <1,0,0,0> }
	no_shadow
}
cylinder {
	<26.207664, 28.121393, 30.512253>,  <26.375023, 28.233898, 30.382124>, 0.100000
	pigment { color rgbt <1,0,0,0> }
	no_shadow
}
cylinder {
	<26.207664, 28.121393, 30.512253>,  <25.928734, 27.933886, 30.729136>, 0.100000
	pigment { color rgbt <1,0,0,0> }
	no_shadow
}

// particle -1
sphere {
	<26.207664, 28.121393, 30.512253> 0.100000
	pigment { color rgbt <1,0,0,0> }
	no_shadow
}
sphere {
	0, 1
	scale<0.080000,0.200000,0.300000>
	matrix <-0.088983, -0.694005, -0.714450,
		-0.711208, 0.546453, -0.442236,
		0.697327, 0.468771, -0.542207,
		26.416862, 28.262024, 30.349590>
	pigment { color rgbt <0,1,1,0> }
	no_shadow
}
cylinder {
	<25.720844, 28.057226, 29.975639>,  <25.928734, 27.933886, 30.729136>, 0.130000
	pigment { color rgbt <1,0,0,0> }
	no_shadow
}

// nucleotide -1

// particle -1
sphere {
	<25.720844, 28.057226, 29.975639> 0.250000
	pigment { color rgbt <1,0,0,0> }
	no_shadow
}
cylinder {
	<26.105320, 27.992159, 30.064770>,  <26.336006, 27.953119, 30.118248>, 0.100000
	pigment { color rgbt <1,0,0,0> }
	no_shadow
}
cylinder {
	<26.105320, 27.992159, 30.064770>,  <25.720844, 28.057226, 29.975639>, 0.100000
	pigment { color rgbt <1,0,0,0> }
	no_shadow
}

// particle -1
sphere {
	<26.105320, 27.992159, 30.064770> 0.100000
	pigment { color rgbt <1,0,0,0> }
	no_shadow
}
sphere {
	0, 1
	scale<0.080000,0.200000,0.300000>
	matrix <0.085112, -0.593435, -0.800369,
		0.262425, 0.788273, -0.556560,
		0.961191, -0.162667, 0.222824,
		26.393677, 27.943359, 30.131617>
	pigment { color rgbt <0,1,1,0> }
	no_shadow
}
cylinder {
	<26.123667, 28.303808, 29.438753>,  <25.720844, 28.057226, 29.975639>, 0.130000
	pigment { color rgbt <1,0,0,0> }
	no_shadow
}

// nucleotide -1

// particle -1
sphere {
	<26.123667, 28.303808, 29.438753> 0.250000
	pigment { color rgbt <1,0,0,0> }
	no_shadow
}
cylinder {
	<26.271704, 27.978407, 29.618195>,  <26.360527, 27.783167, 29.725861>, 0.100000
	pigment { color rgbt <1,0,0,0> }
	no_shadow
}
cylinder {
	<26.271704, 27.978407, 29.618195>,  <26.123667, 28.303808, 29.438753>, 0.100000
	pigment { color rgbt <1,0,0,0> }
	no_shadow
}

// particle -1
sphere {
	<26.271704, 27.978407, 29.618195> 0.100000
	pigment { color rgbt <1,0,0,0> }
	no_shadow
}
sphere {
	0, 1
	scale<0.080000,0.200000,0.300000>
	matrix <-0.137584, -0.525565, -0.839555,
		0.918750, 0.248993, -0.306433,
		0.370094, -0.813501, 0.448605,
		26.382732, 27.734356, 29.752775>
	pigment { color rgbt <0,1,1,0> }
	no_shadow
}
cylinder {
	<26.657814, 28.187202, 28.946043>,  <26.123667, 28.303808, 29.438753>, 0.130000
	pigment { color rgbt <1,0,0,0> }
	no_shadow
}

// nucleotide -1

// particle -1
sphere {
	<26.657814, 28.187202, 28.946043> 0.250000
	pigment { color rgbt <1,0,0,0> }
	no_shadow
}
cylinder {
	<26.532463, 27.868412, 29.152586>,  <26.457253, 27.677137, 29.276512>, 0.100000
	pigment { color rgbt <1,0,0,0> }
	no_shadow
}
cylinder {
	<26.532463, 27.868412, 29.152586>,  <26.657814, 28.187202, 28.946043>, 0.100000
	pigment { color rgbt <1,0,0,0> }
	no_shadow
}

// particle -1
sphere {
	<26.532463, 27.868412, 29.152586> 0.100000
	pigment { color rgbt <1,0,0,0> }
	no_shadow
}
sphere {
	0, 1
	scale<0.080000,0.200000,0.300000>
	matrix <-0.178457, -0.484635, -0.856319,
		0.932709, -0.360500, 0.009649,
		-0.313379, -0.796974, 0.516357,
		26.438450, 27.629320, 29.307493>
	pigment { color rgbt <0,1,1,0> }
	no_shadow
}
cylinder {
	<26.593704, 27.773493, 28.250368>,  <26.657814, 28.187202, 28.946043>, 0.130000
	pigment { color rgbt <1,0,0,0> }
	no_shadow
}

// nucleotide -1

// particle -1
sphere {
	<26.593704, 27.773493, 28.250368> 0.250000
	pigment { color rgbt <1,0,0,0> }
	no_shadow
}
cylinder {
	<26.301613, 27.961267, 28.051817>,  <26.126358, 28.073933, 27.932686>, 0.100000
	pigment { color rgbt <1,0,0,0> }
	no_shadow
}
cylinder {
	<26.301613, 27.961267, 28.051817>,  <26.593704, 27.773493, 28.250368>, 0.100000
	pigment { color rgbt <1,0,0,0> }
	no_shadow
}

// particle -1
sphere {
	<26.301613, 27.961267, 28.051817> 0.100000
	pigment { color rgbt <1,0,0,0> }
	no_shadow
}
sphere {
	0, 1
	scale<0.080000,0.200000,0.300000>
	matrix <0.046516, 0.759025, 0.649398,
		0.681616, 0.451120, -0.576099,
		-0.730230, 0.469438, -0.496379,
		26.082544, 28.102098, 27.902903>
	pigment { color rgbt <0,1,1,0> }
	no_shadow
}
cylinder {
	<27.038382, 28.148245, 27.792643>,  <26.593704, 27.773493, 28.250368>, 0.130000
	pigment { color rgbt <1,0,0,0> }
	no_shadow
}

// nucleotide -1

// particle -1
sphere {
	<27.038382, 28.148245, 27.792643> 0.250000
	pigment { color rgbt <1,0,0,0> }
	no_shadow
}
cylinder {
	<27.135805, 28.261065, 27.421455>,  <27.194260, 28.328756, 27.198742>, 0.100000
	pigment { color rgbt <1,0,0,0> }
	no_shadow
}
cylinder {
	<27.135805, 28.261065, 27.421455>,  <27.038382, 28.148245, 27.792643>, 0.100000
	pigment { color rgbt <1,0,0,0> }
	no_shadow
}

// particle -1
sphere {
	<27.135805, 28.261065, 27.421455> 0.100000
	pigment { color rgbt <1,0,0,0> }
	no_shadow
}
sphere {
	0, 1
	scale<0.080000,0.200000,0.300000>
	matrix <-0.304351, 0.930680, 0.202993,
		0.920896, 0.232987, 0.312519,
		0.243560, 0.282051, -0.927969,
		27.208872, 28.345680, 27.143064>
	pigment { color rgbt <0,1,1,0> }
	no_shadow
}
cylinder {
	<27.538326, 28.705299, 27.630421>,  <27.038382, 28.148245, 27.792643>, 0.130000
	pigment { color rgbt <1,0,0,0> }
	no_shadow
}

// nucleotide -1

// particle -1
sphere {
	<27.538326, 28.705299, 27.630421> 0.250000
	pigment { color rgbt <1,0,0,0> }
	no_shadow
}
cylinder {
	<27.249269, 28.707123, 27.353937>,  <27.075836, 28.708218, 27.188047>, 0.100000
	pigment { color rgbt <1,0,0,0> }
	no_shadow
}
cylinder {
	<27.249269, 28.707123, 27.353937>,  <27.538326, 28.705299, 27.630421>, 0.100000
	pigment { color rgbt <1,0,0,0> }
	no_shadow
}

// particle -1
sphere {
	<27.249269, 28.707123, 27.353937> 0.100000
	pigment { color rgbt <1,0,0,0> }
	no_shadow
}
sphere {
	0, 1
	scale<0.080000,0.200000,0.300000>
	matrix <-0.295489, 0.901964, 0.314876,
		0.624880, 0.431787, -0.650450,
		-0.722642, 0.004559, -0.691208,
		27.032476, 28.708490, 27.146574>
	pigment { color rgbt <0,1,1,0> }
	no_shadow
}
cylinder {
	<27.572140, 29.358080, 27.216415>,  <27.538326, 28.705299, 27.630421>, 0.130000
	pigment { color rgbt <1,0,0,0> }
	no_shadow
}

// nucleotide -1

// particle -1
sphere {
	<27.572140, 29.358080, 27.216415> 0.250000
	pigment { color rgbt <1,0,0,0> }
	no_shadow
}
cylinder {
	<27.211161, 29.188740, 27.248323>,  <26.994574, 29.087135, 27.267469>, 0.100000
	pigment { color rgbt <1,0,0,0> }
	no_shadow
}
cylinder {
	<27.211161, 29.188740, 27.248323>,  <27.572140, 29.358080, 27.216415>, 0.100000
	pigment { color rgbt <1,0,0,0> }
	no_shadow
}

// particle -1
sphere {
	<27.211161, 29.188740, 27.248323> 0.100000
	pigment { color rgbt <1,0,0,0> }
	no_shadow
}
sphere {
	0, 1
	scale<0.080000,0.200000,0.300000>
	matrix <-0.340774, 0.814795, 0.469023,
		-0.263560, 0.396084, -0.879576,
		-0.902446, -0.423352, 0.079773,
		26.940426, 29.061733, 27.272255>
	pigment { color rgbt <0,1,1,0> }
	no_shadow
}
cylinder {
	<26.839550, 29.523291, 26.861511>,  <27.572140, 29.358080, 27.216415>, 0.130000
	pigment { color rgbt <1,0,0,0> }
	no_shadow
}

// nucleotide -1

// particle -1
sphere {
	<26.839550, 29.523291, 26.861511> 0.250000
	pigment { color rgbt <1,0,0,0> }
	no_shadow
}
cylinder {
	<26.788099, 29.393688, 27.236420>,  <26.757229, 29.315928, 27.461365>, 0.100000
	pigment { color rgbt <1,0,0,0> }
	no_shadow
}
cylinder {
	<26.788099, 29.393688, 27.236420>,  <26.839550, 29.523291, 26.861511>, 0.100000
	pigment { color rgbt <1,0,0,0> }
	no_shadow
}

// particle -1
sphere {
	<26.788099, 29.393688, 27.236420> 0.100000
	pigment { color rgbt <1,0,0,0> }
	no_shadow
}
sphere {
	0, 1
	scale<0.080000,0.200000,0.300000>
	matrix <-0.444658, 0.863632, 0.237526,
		-0.886416, -0.386212, -0.255158,
		-0.128628, -0.324005, 0.937270,
		26.749512, 29.296486, 27.517601>
	pigment { color rgbt <0,1,1,0> }
	no_shadow
}
cylinder {
	<26.579414, 30.126661, 26.339567>,  <26.839550, 29.523291, 26.861511>, 0.130000
	pigment { color rgbt <1,0,0,0> }
	no_shadow
}

// nucleotide -1

// particle -1
sphere {
	<26.579414, 30.126661, 26.339567> 0.250000
	pigment { color rgbt <1,0,0,0> }
	no_shadow
}
cylinder {
	<26.866049, 30.304295, 26.124422>,  <27.038029, 30.410873, 25.995335>, 0.100000
	pigment { color rgbt <1,0,0,0> }
	no_shadow
}
cylinder {
	<26.866049, 30.304295, 26.124422>,  <26.579414, 30.126661, 26.339567>, 0.100000
	pigment { color rgbt <1,0,0,0> }
	no_shadow
}

// particle -1
sphere {
	<26.866049, 30.304295, 26.124422> 0.100000
	pigment { color rgbt <1,0,0,0> }
	no_shadow
}
sphere {
	0, 1
	scale<0.080000,0.200000,0.300000>
	matrix <0.070834, 0.720812, 0.689501,
		0.693897, -0.532183, 0.485065,
		0.716582, 0.444084, -0.537867,
		27.081024, 30.437519, 25.963062>
	pigment { color rgbt <0,1,1,0> }
	no_shadow
}
cylinder {
	<27.219872, 30.157166, 26.720743>,  <26.579414, 30.126661, 26.339567>, 0.130000
	pigment { color rgbt <1,0,0,0> }
	no_shadow
}

// nucleotide -1

// particle -1
sphere {
	<27.219872, 30.157166, 26.720743> 0.250000
	pigment { color rgbt <1,0,0,0> }
	no_shadow
}
cylinder {
	<27.235046, 30.470612, 26.472710>,  <27.244152, 30.658680, 26.323889>, 0.100000
	pigment { color rgbt <1,0,0,0> }
	no_shadow
}
cylinder {
	<27.235046, 30.470612, 26.472710>,  <27.219872, 30.157166, 26.720743>, 0.100000
	pigment { color rgbt <1,0,0,0> }
	no_shadow
}

// particle -1
sphere {
	<27.235046, 30.470612, 26.472710> 0.100000
	pigment { color rgbt <1,0,0,0> }
	no_shadow
}
sphere {
	0, 1
	scale<0.080000,0.200000,0.300000>
	matrix <0.197414, 0.602426, 0.773376,
		0.979586, -0.151755, -0.131841,
		0.037939, 0.783616, -0.620086,
		27.246428, 30.705696, 26.286684>
	pigment { color rgbt <0,1,1,0> }
	no_shadow
}
cylinder {
	<27.850796, 30.389967, 26.878710>,  <27.219872, 30.157166, 26.720743>, 0.130000
	pigment { color rgbt <1,0,0,0> }
	no_shadow
}

// nucleotide -1

// particle -1
sphere {
	<27.850796, 30.389967, 26.878710> 0.250000
	pigment { color rgbt <1,0,0,0> }
	no_shadow
}
cylinder {
	<27.608732, 30.674721, 26.736158>,  <27.463495, 30.845573, 26.650627>, 0.100000
	pigment { color rgbt <1,0,0,0> }
	no_shadow
}
cylinder {
	<27.608732, 30.674721, 26.736158>,  <27.850796, 30.389967, 26.878710>, 0.100000
	pigment { color rgbt <1,0,0,0> }
	no_shadow
}

// particle -1
sphere {
	<27.608732, 30.674721, 26.736158> 0.100000
	pigment { color rgbt <1,0,0,0> }
	no_shadow
}
sphere {
	0, 1
	scale<0.080000,0.200000,0.300000>
	matrix <0.091919, 0.507139, 0.856949,
		0.790781, 0.485831, -0.372335,
		-0.605158, 0.711884, -0.356378,
		27.427185, 30.888287, 26.629246>
	pigment { color rgbt <0,1,1,0> }
	no_shadow
}
cylinder {
	<28.139235, 31.031710, 26.914642>,  <27.850796, 30.389967, 26.878710>, 0.130000
	pigment { color rgbt <1,0,0,0> }
	no_shadow
}

// nucleotide -1

// particle -1
sphere {
	<28.139235, 31.031710, 26.914642> 0.250000
	pigment { color rgbt <1,0,0,0> }
	no_shadow
}
cylinder {
	<27.742477, 31.048893, 26.962481>,  <27.504423, 31.059202, 26.991182>, 0.100000
	pigment { color rgbt <1,0,0,0> }
	no_shadow
}
cylinder {
	<27.742477, 31.048893, 26.962481>,  <28.139235, 31.031710, 26.914642>, 0.100000
	pigment { color rgbt <1,0,0,0> }
	no_shadow
}

// particle -1
sphere {
	<27.742477, 31.048893, 26.962481> 0.100000
	pigment { color rgbt <1,0,0,0> }
	no_shadow
}
sphere {
	0, 1
	scale<0.080000,0.200000,0.300000>
	matrix <0.124844, 0.504978, 0.854056,
		-0.023706, 0.862063, -0.506247,
		-0.991893, 0.042956, 0.119594,
		27.444910, 31.061779, 26.998360>
	pigment { color rgbt <0,1,1,0> }
	no_shadow
}
cylinder {
	<27.981466, 31.684067, 27.052998>,  <28.139235, 31.031710, 26.914642>, 0.130000
	pigment { color rgbt <1,0,0,0> }
	no_shadow
}

// nucleotide -1

// particle -1
sphere {
	<27.981466, 31.684067, 27.052998> 0.250000
	pigment { color rgbt <1,0,0,0> }
	no_shadow
}
cylinder {
	<27.675587, 31.473404, 27.201523>,  <27.492060, 31.347006, 27.290638>, 0.100000
	pigment { color rgbt <1,0,0,0> }
	no_shadow
}
cylinder {
	<27.675587, 31.473404, 27.201523>,  <27.981466, 31.684067, 27.052998>, 0.100000
	pigment { color rgbt <1,0,0,0> }
	no_shadow
}

// particle -1
sphere {
	<27.675587, 31.473404, 27.201523> 0.100000
	pigment { color rgbt <1,0,0,0> }
	no_shadow
}
sphere {
	0, 1
	scale<0.080000,0.200000,0.300000>
	matrix <0.156525, 0.407153, 0.899848,
		-0.625090, 0.746231, -0.228914,
		-0.764697, -0.526655, 0.371311,
		27.446178, 31.315407, 27.312916>
	pigment { color rgbt <0,1,1,0> }
	no_shadow
}
cylinder {
	<27.502947, 32.116341, 27.123104>,  <27.981466, 31.684067, 27.052998>, 0.130000
	pigment { color rgbt <1,0,0,0> }
	no_shadow
}

// nucleotide -1

// particle -1
sphere {
	<27.502947, 32.116341, 27.123104> 0.250000
	pigment { color rgbt <1,0,0,0> }
	no_shadow
}
cylinder {
	<27.444674, 31.823288, 27.389046>,  <27.409710, 31.647457, 27.548611>, 0.100000
	pigment { color rgbt <1,0,0,0> }
	no_shadow
}
cylinder {
	<27.444674, 31.823288, 27.389046>,  <27.502947, 32.116341, 27.123104>, 0.100000
	pigment { color rgbt <1,0,0,0> }
	no_shadow
}

// particle -1
sphere {
	<27.444674, 31.823288, 27.389046> 0.100000
	pigment { color rgbt <1,0,0,0> }
	no_shadow
}
sphere {
	0, 1
	scale<0.080000,0.200000,0.300000>
	matrix <0.028792, 0.668599, 0.743065,
		-0.988912, 0.127395, -0.076310,
		-0.145684, -0.732629, 0.664854,
		27.400969, 31.603498, 27.588501>
	pigment { color rgbt <0,1,1,0> }
	no_shadow
}
cylinder {
	<27.252932, 32.441879, 27.597681>,  <27.502947, 32.116341, 27.123104>, 0.130000
	pigment { color rgbt <1,0,0,0> }
	no_shadow
}

// nucleotide -1

// particle -1
sphere {
	<27.252932, 32.441879, 27.597681> 0.250000
	pigment { color rgbt <1,0,0,0> }
	no_shadow
}
cylinder {
	<27.317881, 32.101677, 27.797794>,  <27.356850, 31.897556, 27.917862>, 0.100000
	pigment { color rgbt <1,0,0,0> }
	no_shadow
}
cylinder {
	<27.317881, 32.101677, 27.797794>,  <27.252932, 32.441879, 27.597681>, 0.100000
	pigment { color rgbt <1,0,0,0> }
	no_shadow
}

// particle -1
sphere {
	<27.317881, 32.101677, 27.797794> 0.100000
	pigment { color rgbt <1,0,0,0> }
	no_shadow
}
sphere {
	0, 1
	scale<0.080000,0.200000,0.300000>
	matrix <-0.093615, 0.491444, 0.865863,
		-0.982279, -0.187427, 0.000177,
		0.162373, -0.850502, 0.500281,
		27.366592, 31.846527, 27.947878>
	pigment { color rgbt <0,1,1,0> }
	no_shadow
}
cylinder {
	<26.777370, 32.452732, 28.231884>,  <27.252932, 32.441879, 27.597681>, 0.130000
	pigment { color rgbt <1,0,0,0> }
	no_shadow
}

// nucleotide -1

// particle -1
sphere {
	<26.777370, 32.452732, 28.231884> 0.250000
	pigment { color rgbt <1,0,0,0> }
	no_shadow
}
cylinder {
	<27.059717, 32.180458, 28.310293>,  <27.229126, 32.017094, 28.357338>, 0.100000
	pigment { color rgbt <1,0,0,0> }
	no_shadow
}
cylinder {
	<27.059717, 32.180458, 28.310293>,  <26.777370, 32.452732, 28.231884>, 0.100000
	pigment { color rgbt <1,0,0,0> }
	no_shadow
}

// particle -1
sphere {
	<27.059717, 32.180458, 28.310293> 0.100000
	pigment { color rgbt <1,0,0,0> }
	no_shadow
}
sphere {
	0, 1
	scale<0.080000,0.200000,0.300000>
	matrix <0.172141, 0.433276, 0.884669,
		-0.687109, -0.590716, 0.423009,
		0.705868, -0.680681, 0.196021,
		27.271477, 31.976254, 28.369101>
	pigment { color rgbt <0,1,1,0> }
	no_shadow
}
cylinder {
	<26.635170, 32.119183, 28.926645>,  <26.777370, 32.452732, 28.231884>, 0.130000
	pigment { color rgbt <1,0,0,0> }
	no_shadow
}

// nucleotide -1

// particle -1
sphere {
	<26.635170, 32.119183, 28.926645> 0.250000
	pigment { color rgbt <1,0,0,0> }
	no_shadow
}
cylinder {
	<27.028326, 32.074215, 28.868279>,  <27.264219, 32.047234, 28.833258>, 0.100000
	pigment { color rgbt <1,0,0,0> }
	no_shadow
}
cylinder {
	<27.028326, 32.074215, 28.868279>,  <26.635170, 32.119183, 28.926645>, 0.100000
	pigment { color rgbt <1,0,0,0> }
	no_shadow
}

// particle -1
sphere {
	<27.028326, 32.074215, 28.868279> 0.100000
	pigment { color rgbt <1,0,0,0> }
	no_shadow
}
sphere {
	0, 1
	scale<0.080000,0.200000,0.300000>
	matrix <0.177516, 0.366604, 0.913285,
		-0.049175, -0.923560, 0.380287,
		0.982889, -0.112417, -0.145919,
		27.323193, 32.040489, 28.824503>
	pigment { color rgbt <0,1,1,0> }
	no_shadow
}
cylinder {
	<26.947460, 31.834677, 29.554125>,  <26.635170, 32.119183, 28.926645>, 0.130000
	pigment { color rgbt <1,0,0,0> }
	no_shadow
}

// nucleotide -1

// particle -1
sphere {
	<26.947460, 31.834677, 29.554125> 0.250000
	pigment { color rgbt <1,0,0,0> }
	no_shadow
}
cylinder {
	<27.240784, 32.032417, 29.367418>,  <27.416779, 32.151062, 29.255394>, 0.100000
	pigment { color rgbt <1,0,0,0> }
	no_shadow
}
cylinder {
	<27.240784, 32.032417, 29.367418>,  <26.947460, 31.834677, 29.554125>, 0.100000
	pigment { color rgbt <1,0,0,0> }
	no_shadow
}

// particle -1
sphere {
	<27.240784, 32.032417, 29.367418> 0.100000
	pigment { color rgbt <1,0,0,0> }
	no_shadow
}
sphere {
	0, 1
	scale<0.080000,0.200000,0.300000>
