// switches for output
#declare DRAW_BASES = 1; // possible values are 0, 1; only relevant for DNA ribbons
#declare DRAW_BASES_TYPE = 3; // possible values are 1, 2, 3; only relevant for DNA ribbons
#declare DRAW_FOG = 0; // set to 1 to enable fog

#include "colors.inc"

#include "transforms.inc"
background { rgb <1, 1, 1>}

#default {
   normal{
       ripples 0.25
       frequency 0.20
       turbulence 0.2
       lambda 5
   }
	finish {
		phong 0.1
		phong_size 40.
	}
}

// original window dimensions: 1024x640


// camera settings

camera {
	sky <0, 0.179814, -0.983701>
	up <0, 0.179814, -0.983701>
	right 1.6 * <1, 0, 0>
	location <35, 94.9851, 44.8844>
	look_at <35, 29.7336, 32.9568>
	direction <0, -65.2515, -11.9276>
	angle 67.0682
}


# declare cpy_camera_pos = <35, 94.9851, 44.8844>;
# if (DRAW_FOG = 1)
fog {
	fog_type 2
	up vnormalize(cpy_camera_pos)
	color rgbt<1,1,1,0.3>
	distance 1e-5
	fog_alt 3e-3
	fog_offset 56
}
# end


// LIGHTS

# declare lum = 6;
global_settings {
	ambient_light rgb lum * <0.05, 0.05, 0.05>
	max_trace_level 15
}# declare cpy_direct_light_amount = 0.25;
light_source
{	1000 * <-1, -1.16352, -0.803886>,
	rgb lum * cpy_direct_light_amount
	parallel
}

light_source
{	1000 * <1, 1.16352, 0.803886>,
	rgb lum * cpy_direct_light_amount
	parallel
}

// strand 0

// nucleotide -1

// particle -1
sphere {
	<24.302881, 35.306705, 34.960888> 0.250000
	pigment { color rgbt <1,0,0,0> }
	no_shadow
}
cylinder {
	<24.103067, 34.975143, 34.860184>,  <23.983179, 34.776207, 34.799763>, 0.100000
	pigment { color rgbt <1,0,0,0> }
	no_shadow
}
cylinder {
	<24.103067, 34.975143, 34.860184>,  <24.302881, 35.306705, 34.960888>, 0.100000
	pigment { color rgbt <1,0,0,0> }
	no_shadow
}

// particle -1
sphere {
	<24.103067, 34.975143, 34.860184> 0.100000
	pigment { color rgbt <1,0,0,0> }
	no_shadow
}
sphere {
	0, 1
	scale<0.080000,0.200000,0.300000>
	matrix <0.729199, -0.245437, -0.638772,
		0.467689, -0.502673, 0.727040,
		-0.499536, -0.828903, -0.251761,
		23.953207, 34.726471, 34.784657>
	pigment { color rgbt <0,1,1,0> }
	no_shadow
}
cylinder {
	<24.691051, 34.706909, 35.032364>,  <24.302881, 35.306705, 34.960888>, 0.130000
	pigment { color rgbt <1,0,0,0> }
	no_shadow
}

// nucleotide -1

// particle -1
sphere {
	<24.691051, 34.706909, 35.032364> 0.250000
	pigment { color rgbt <1,0,0,0> }
	no_shadow
}
cylinder {
	<24.433226, 34.650318, 34.731827>,  <24.278530, 34.616364, 34.551502>, 0.100000
	pigment { color rgbt <1,0,0,0> }
	no_shadow
}
cylinder {
	<24.433226, 34.650318, 34.731827>,  <24.691051, 34.706909, 35.032364>, 0.100000
	pigment { color rgbt <1,0,0,0> }
	no_shadow
}

// particle -1
sphere {
	<24.433226, 34.650318, 34.731827> 0.100000
	pigment { color rgbt <1,0,0,0> }
	no_shadow
}
sphere {
	0, 1
	scale<0.080000,0.200000,0.300000>
	matrix <0.764422, -0.137120, -0.629966,
		-0.013900, -0.980400, 0.196529,
		-0.644566, -0.141475, -0.751345,
		24.239857, 34.607876, 34.506424>
	pigment { color rgbt <0,1,1,0> }
	no_shadow
}
cylinder {
	<24.888430, 34.053867, 34.634483>,  <24.691051, 34.706909, 35.032364>, 0.130000
	pigment { color rgbt <1,0,0,0> }
	no_shadow
}

// nucleotide -1

// particle -1
sphere {
	<24.888430, 34.053867, 34.634483> 0.250000
	pigment { color rgbt <1,0,0,0> }
	no_shadow
}
cylinder {
	<24.689922, 34.316933, 34.407787>,  <24.570818, 34.474773, 34.271770>, 0.100000
	pigment { color rgbt <1,0,0,0> }
	no_shadow
}
cylinder {
	<24.689922, 34.316933, 34.407787>,  <24.888430, 34.053867, 34.634483>, 0.100000
	pigment { color rgbt <1,0,0,0> }
	no_shadow
}

// particle -1
sphere {
	<24.689922, 34.316933, 34.407787> 0.100000
	pigment { color rgbt <1,0,0,0> }
	no_shadow
}
sphere {
	0, 1
	scale<0.080000,0.200000,0.300000>
	matrix <0.645463, -0.157064, -0.747468,
		-0.580599, -0.736753, -0.346554,
		-0.496268, 0.657667, -0.566739,
		24.541042, 34.514233, 34.237766>
	pigment { color rgbt <0,1,1,0> }
	no_shadow
}
cylinder {
	<24.985691, 33.832996, 33.883377>,  <24.888430, 34.053867, 34.634483>, 0.130000
	pigment { color rgbt <1,0,0,0> }
	no_shadow
}

// nucleotide -1

// particle -1
sphere {
	<24.985691, 33.832996, 33.883377> 0.250000
	pigment { color rgbt <1,0,0,0> }
	no_shadow
}
cylinder {
	<24.908745, 34.225525, 33.884109>,  <24.862577, 34.461040, 33.884548>, 0.100000
	pigment { color rgbt <1,0,0,0> }
	no_shadow
}
cylinder {
	<24.908745, 34.225525, 33.884109>,  <24.985691, 33.832996, 33.883377>, 0.100000
	pigment { color rgbt <1,0,0,0> }
	no_shadow
}

// particle -1
sphere {
	<24.908745, 34.225525, 33.884109> 0.100000
	pigment { color rgbt <1,0,0,0> }
	no_shadow
}
sphere {
	0, 1
	scale<0.080000,0.200000,0.300000>
	matrix <0.660616, 0.130880, -0.739227,
		-0.725659, -0.140993, -0.673454,
		-0.192368, 0.981321, 0.001832,
		24.851034, 34.519920, 33.884659>
	pigment { color rgbt <0,1,1,0> }
	no_shadow
}
cylinder {
	<25.643183, 34.112686, 33.545883>,  <24.985691, 33.832996, 33.883377>, 0.130000
	pigment { color rgbt <1,0,0,0> }
	no_shadow
}

// nucleotide -1

// particle -1
sphere {
	<25.643183, 34.112686, 33.545883> 0.250000
	pigment { color rgbt <1,0,0,0> }
	no_shadow
}
cylinder {
	<25.752895, 34.420231, 33.776924>,  <25.818722, 34.604759, 33.915546>, 0.100000
	pigment { color rgbt <1,0,0,0> }
	no_shadow
}
cylinder {
	<25.752895, 34.420231, 33.776924>,  <25.643183, 34.112686, 33.545883>, 0.100000
	pigment { color rgbt <1,0,0,0> }
	no_shadow
}

// particle -1
sphere {
	<25.752895, 34.420231, 33.776924> 0.100000
	pigment { color rgbt <1,0,0,0> }
	no_shadow
}
sphere {
	0, 1
	scale<0.080000,0.200000,0.300000>
	matrix <0.206453, 0.539549, -0.816250,
		-0.939227, 0.343128, -0.010746,
		0.274281, 0.768862, 0.577599,
		25.835180, 34.650890, 33.950203>
	pigment { color rgbt <0,1,1,0> }
	no_shadow
}
cylinder {
	<26.390963, 33.946915, 33.555984>,  <25.643183, 34.112686, 33.545883>, 0.130000
	pigment { color rgbt <1,0,0,0> }
	no_shadow
}

// nucleotide -1

// particle -1
sphere {
	<26.390963, 33.946915, 33.555984> 0.250000
	pigment { color rgbt <1,0,0,0> }
	no_shadow
}
cylinder {
	<26.750923, 34.106888, 33.486435>,  <26.966900, 34.202873, 33.444706>, 0.100000
	pigment { color rgbt <1,0,0,0> }
	no_shadow
}
cylinder {
	<26.750923, 34.106888, 33.486435>,  <26.390963, 33.946915, 33.555984>, 0.100000
	pigment { color rgbt <1,0,0,0> }
	no_shadow
}

// particle -1
sphere {
	<26.750923, 34.106888, 33.486435> 0.100000
	pigment { color rgbt <1,0,0,0> }
	no_shadow
}
sphere {
	0, 1
	scale<0.080000,0.200000,0.300000>
	matrix <-0.281382, 0.227895, -0.932141,
		-0.333171, 0.887759, 0.317618,
		0.899901, 0.399935, -0.173872,
		27.020893, 34.226868, 33.434273>
	pigment { color rgbt <0,1,1,0> }
	no_shadow
}
cylinder {
	<26.508909, 34.793400, 33.363853>,  <26.390963, 33.946915, 33.555984>, 0.130000
	pigment { color rgbt <1,0,0,0> }
	no_shadow
}

// nucleotide -1

// particle -1
sphere {
	<26.508909, 34.793400, 33.363853> 0.250000
	pigment { color rgbt <1,0,0,0> }
	no_shadow
}
cylinder {
	<26.710875, 34.490429, 33.198265>,  <26.832054, 34.308647, 33.098911>, 0.100000
	pigment { color rgbt <1,0,0,0> }
	no_shadow
}
cylinder {
	<26.710875, 34.490429, 33.198265>,  <26.508909, 34.793400, 33.363853>, 0.100000
	pigment { color rgbt <1,0,0,0> }
	no_shadow
}

// particle -1
sphere {
	<26.710875, 34.490429, 33.198265> 0.100000
	pigment { color rgbt <1,0,0,0> }
	no_shadow
}
sphere {
	0, 1
	scale<0.080000,0.200000,0.300000>
	matrix <-0.256691, 0.326139, -0.909804,
		0.824119, 0.565634, -0.029752,
		0.504913, -0.757424, -0.413971,
		26.862349, 34.263203, 33.074074>
	pigment { color rgbt <0,1,1,0> }
	no_shadow
}
cylinder {
	<27.075254, 35.096642, 32.987232>,  <26.508909, 34.793400, 33.363853>, 0.130000
	pigment { color rgbt <1,0,0,0> }
	no_shadow
}

// nucleotide -1

// particle -1
sphere {
	<27.075254, 35.096642, 32.987232> 0.250000
	pigment { color rgbt <1,0,0,0> }
	no_shadow
}
cylinder {
	<26.988619, 34.735455, 32.838779>,  <26.936638, 34.518742, 32.749706>, 0.100000
	pigment { color rgbt <1,0,0,0> }
	no_shadow
}
cylinder {
	<26.988619, 34.735455, 32.838779>,  <27.075254, 35.096642, 32.987232>, 0.100000
	pigment { color rgbt <1,0,0,0> }
	no_shadow
}

// particle -1
sphere {
	<26.988619, 34.735455, 32.838779> 0.100000
	pigment { color rgbt <1,0,0,0> }
	no_shadow
}
sphere {
	0, 1
	scale<0.080000,0.200000,0.300000>
	matrix <-0.082523, 0.395733, -0.914650,
		0.972769, -0.167475, -0.160226,
		-0.216588, -0.902966, -0.371137,
		26.923643, 34.464565, 32.727440>
	pigment { color rgbt <0,1,1,0> }
	no_shadow
}
cylinder {
	<27.384228, 35.140732, 32.368843>,  <27.075254, 35.096642, 32.987232>, 0.130000
	pigment { color rgbt <1,0,0,0> }
	no_shadow
}

// nucleotide -1

// particle -1
sphere {
	<27.384228, 35.140732, 32.368843> 0.250000
	pigment { color rgbt <1,0,0,0> }
	no_shadow
}
cylinder {
	<27.138119, 34.829559, 32.317825>,  <26.990454, 34.642857, 32.287212>, 0.100000
	pigment { color rgbt <1,0,0,0> }
	no_shadow
}
cylinder {
	<27.138119, 34.829559, 32.317825>,  <27.384228, 35.140732, 32.368843>, 0.100000
	pigment { color rgbt <1,0,0,0> }
	no_shadow
}

// particle -1
sphere {
	<27.138119, 34.829559, 32.317825> 0.100000
	pigment { color rgbt <1,0,0,0> }
	no_shadow
}
sphere {
	0, 1
	scale<0.080000,0.200000,0.300000>
	matrix <-0.153345, 0.276814, -0.948609,
		0.773257, -0.564094, -0.289608,
		-0.615272, -0.777928, -0.127547,
		26.953537, 34.596180, 32.279560>
	pigment { color rgbt <0,1,1,0> }
	no_shadow
}
cylinder {
	<27.569889, 34.934853, 31.706932>,  <27.384228, 35.140732, 32.368843>, 0.130000
	pigment { color rgbt <1,0,0,0> }
	no_shadow
}

// nucleotide -1

// particle -1
sphere {
	<27.569889, 34.934853, 31.706932> 0.250000
	pigment { color rgbt <1,0,0,0> }
	no_shadow
}
cylinder {
	<27.204006, 34.795876, 31.789490>,  <26.984476, 34.712490, 31.839025>, 0.100000
	pigment { color rgbt <1,0,0,0> }
	no_shadow
}
cylinder {
	<27.204006, 34.795876, 31.789490>,  <27.569889, 34.934853, 31.706932>, 0.100000
	pigment { color rgbt <1,0,0,0> }
	no_shadow
}

// particle -1
sphere {
	<27.204006, 34.795876, 31.789490> 0.100000
	pigment { color rgbt <1,0,0,0> }
	no_shadow
}
sphere {
	0, 1
	scale<0.080000,0.200000,0.300000>
	matrix <-0.296007, 0.228319, -0.927497,
		0.275131, -0.909479, -0.311690,
		-0.914704, -0.347445, 0.206394,
		26.929594, 34.691643, 31.851408>
	pigment { color rgbt <0,1,1,0> }
	no_shadow
}
cylinder {
	<27.471626, 34.483166, 31.178831>,  <27.569889, 34.934853, 31.706932>, 0.130000
	pigment { color rgbt <1,0,0,0> }
	no_shadow
}

// nucleotide -1

// particle -1
sphere {
	<27.471626, 34.483166, 31.178831> 0.250000
	pigment { color rgbt <1,0,0,0> }
	no_shadow
}
cylinder {
	<27.108616, 34.569817, 31.322758>,  <26.890810, 34.621807, 31.409113>, 0.100000
	pigment { color rgbt <1,0,0,0> }
	no_shadow
}
cylinder {
	<27.108616, 34.569817, 31.322758>,  <27.471626, 34.483166, 31.178831>, 0.100000
	pigment { color rgbt <1,0,0,0> }
	no_shadow
}

// particle -1
sphere {
	<27.108616, 34.569817, 31.322758> 0.100000
	pigment { color rgbt <1,0,0,0> }
	no_shadow
}
sphere {
	0, 1
	scale<0.080000,0.200000,0.300000>
	matrix <-0.312971, 0.222496, -0.923333,
		-0.280077, -0.950562, -0.134123,
		-0.907527, 0.216628, 0.359815,
		26.836357, 34.634804, 31.430702>
	pigment { color rgbt <0,1,1,0> }
	no_shadow
}
cylinder {
	<26.959106, 34.277145, 30.705315>,  <27.471626, 34.483166, 31.178831>, 0.130000
	pigment { color rgbt <1,0,0,0> }
	no_shadow
}

// nucleotide -1

// particle -1
sphere {
	<26.959106, 34.277145, 30.705315> 0.250000
	pigment { color rgbt <1,0,0,0> }
	no_shadow
}
cylinder {
	<26.742455, 34.546383, 30.906744>,  <26.612463, 34.707924, 31.027601>, 0.100000
	pigment { color rgbt <1,0,0,0> }
	no_shadow
}
cylinder {
	<26.742455, 34.546383, 30.906744>,  <26.959106, 34.277145, 30.705315>, 0.100000
	pigment { color rgbt <1,0,0,0> }
	no_shadow
}

// particle -1
sphere {
	<26.742455, 34.546383, 30.906744> 0.100000
	pigment { color rgbt <1,0,0,0> }
	no_shadow
}
sphere {
	0, 1
	scale<0.080000,0.200000,0.300000>
	matrix <-0.290955, 0.411914, -0.863523,
		-0.788657, -0.614228, -0.027267,
		-0.541632, 0.673091, 0.503571,
		26.579966, 34.748310, 31.057816>
	pigment { color rgbt <0,1,1,0> }
	no_shadow
}
cylinder {
	<26.387480, 34.376652, 30.337629>,  <26.959106, 34.277145, 30.705315>, 0.130000
	pigment { color rgbt <1,0,0,0> }
	no_shadow
}

// nucleotide -1

// particle -1
sphere {
	<26.387480, 34.376652, 30.337629> 0.250000
	pigment { color rgbt <1,0,0,0> }
	no_shadow
}
cylinder {
	<26.386383, 34.723175, 30.537428>,  <26.385725, 34.931091, 30.657307>, 0.100000
	pigment { color rgbt <1,0,0,0> }
	no_shadow
}
cylinder {
	<26.386383, 34.723175, 30.537428>,  <26.387480, 34.376652, 30.337629>, 0.100000
	pigment { color rgbt <1,0,0,0> }
	no_shadow
}

// particle -1
sphere {
	<26.386383, 34.723175, 30.537428> 0.100000
	pigment { color rgbt <1,0,0,0> }
	no_shadow
}
sphere {
	0, 1
	scale<0.080000,0.200000,0.300000>
	matrix <-0.180650, 0.490852, -0.852309,
		-0.983544, -0.092571, 0.155153,
		-0.002742, 0.866311, 0.499497,
		26.385561, 34.983067, 30.687277>
	pigment { color rgbt <0,1,1,0> }
	no_shadow
}
cylinder {
	<25.871027, 34.798653, 29.956892>,  <26.387480, 34.376652, 30.337629>, 0.130000
	pigment { color rgbt <1,0,0,0> }
	no_shadow
}

// nucleotide -1

// particle -1
sphere {
	<25.871027, 34.798653, 29.956892> 0.250000
	pigment { color rgbt <1,0,0,0> }
	no_shadow
}
cylinder {
	<26.098425, 35.058681, 30.158575>,  <26.234863, 35.214699, 30.279585>, 0.100000
	pigment { color rgbt <1,0,0,0> }
	no_shadow
}
cylinder {
	<26.098425, 35.058681, 30.158575>,  <25.871027, 34.798653, 29.956892>, 0.100000
	pigment { color rgbt <1,0,0,0> }
	no_shadow
}

// particle -1
sphere {
	<26.098425, 35.058681, 30.158575> 0.100000
	pigment { color rgbt <1,0,0,0> }
	no_shadow
}
sphere {
	0, 1
	scale<0.080000,0.200000,0.300000>
	matrix <-0.000756, 0.613291, -0.789857,
		-0.822688, 0.448647, 0.349143,
		0.568493, 0.650070, 0.504207,
		26.268972, 35.253704, 30.309837>
	pigment { color rgbt <0,1,1,0> }
	no_shadow
}
cylinder {
	<25.707117, 35.389805, 29.693123>,  <25.871027, 34.798653, 29.956892>, 0.130000
	pigment { color rgbt <1,0,0,0> }
	no_shadow
}

// nucleotide -1

// particle -1
sphere {
	<25.707117, 35.389805, 29.693123> 0.250000
	pigment { color rgbt <1,0,0,0> }
	no_shadow
}
cylinder {
	<26.025768, 35.525673, 29.893126>,  <26.216959, 35.607193, 30.013128>, 0.100000
	pigment { color rgbt <1,0,0,0> }
	no_shadow
}
cylinder {
	<26.025768, 35.525673, 29.893126>,  <25.707117, 35.389805, 29.693123>, 0.100000
	pigment { color rgbt <1,0,0,0> }
	no_shadow
}

// particle -1
sphere {
	<26.025768, 35.525673, 29.893126> 0.100000
	pigment { color rgbt <1,0,0,0> }
	no_shadow
}
sphere {
	0, 1
	scale<0.080000,0.200000,0.300000>
	matrix <0.120612, 0.721231, -0.682113,
		-0.592314, 0.603698, 0.533585,
		0.796628, 0.339669, 0.500009,
		26.264757, 35.627575, 30.043129>
	pigment { color rgbt <0,1,1,0> }
	no_shadow
}
cylinder {
	<25.602175, 36.098362, 29.891102>,  <25.707117, 35.389805, 29.693123>, 0.130000
	pigment { color rgbt <1,0,0,0> }
	no_shadow
}

// nucleotide -1

// particle -1
sphere {
	<25.602175, 36.098362, 29.891102> 0.250000
	pigment { color rgbt <1,0,0,0> }
	no_shadow
}
cylinder {
	<25.998846, 36.051861, 29.913235>,  <26.236849, 36.023960, 29.926516>, 0.100000
	pigment { color rgbt <1,0,0,0> }
	no_shadow
}
cylinder {
	<25.998846, 36.051861, 29.913235>,  <25.602175, 36.098362, 29.891102>, 0.100000
	pigment { color rgbt <1,0,0,0> }
	no_shadow
}

// particle -1
sphere {
	<25.998846, 36.051861, 29.913235> 0.100000
	pigment { color rgbt <1,0,0,0> }
	no_shadow
}
sphere {
	0, 1
	scale<0.080000,0.200000,0.300000>
	matrix <0.127581, 0.829615, -0.543564,
		0.017283, 0.546100, 0.837542,
		0.991678, -0.116248, 0.055334,
		26.296349, 36.016987, 29.929834>
	pigment { color rgbt <0,1,1,0> }
	no_shadow
}
cylinder {
	<25.926991, 36.722134, 30.229736>,  <25.602175, 36.098362, 29.891102>, 0.130000
	pigment { color rgbt <1,0,0,0> }
	no_shadow
}

// nucleotide -1

// particle -1
sphere {
	<25.926991, 36.722134, 30.229736> 0.250000
	pigment { color rgbt <1,0,0,0> }
	no_shadow
}
cylinder {
	<26.194408, 36.563351, 29.978189>,  <26.354860, 36.468082, 29.827261>, 0.100000
	pigment { color rgbt <1,0,0,0> }
	no_shadow
}
cylinder {
	<26.194408, 36.563351, 29.978189>,  <25.926991, 36.722134, 30.229736>, 0.100000
	pigment { color rgbt <1,0,0,0> }
	no_shadow
}

// particle -1
sphere {
	<26.194408, 36.563351, 29.978189> 0.100000
	pigment { color rgbt <1,0,0,0> }
	no_shadow
}
sphere {
	0, 1
	scale<0.080000,0.200000,0.300000>
	matrix <0.154197, 0.901238, -0.404960,
		0.727509, 0.173765, 0.663729,
		0.668546, -0.396957, -0.628865,
		26.394972, 36.444263, 29.789530>
	pigment { color rgbt <0,1,1,0> }
	no_shadow
}
cylinder {
	<26.456173, 37.217316, 30.184881>,  <25.926991, 36.722134, 30.229736>, 0.130000
	pigment { color rgbt <1,0,0,0> }
	no_shadow
}

// nucleotide -1

// particle -1
sphere {
	<26.456173, 37.217316, 30.184881> 0.250000
	pigment { color rgbt <1,0,0,0> }
	no_shadow
}
cylinder {
	<26.574619, 36.999435, 29.871037>,  <26.645687, 36.868710, 29.682730>, 0.100000
	pigment { color rgbt <1,0,0,0> }
	no_shadow
}
cylinder {
	<26.574619, 36.999435, 29.871037>,  <26.456173, 37.217316, 30.184881>, 0.100000
	pigment { color rgbt <1,0,0,0> }
	no_shadow
}

// particle -1
sphere {
	<26.574619, 36.999435, 29.871037> 0.100000
	pigment { color rgbt <1,0,0,0> }
	no_shadow
}
sphere {
	0, 1
	scale<0.080000,0.200000,0.300000>
	matrix <0.181235, 0.838573, -0.513760,
		0.937800, 0.009934, 0.347034,
		0.296117, -0.544699, -0.784613,
		26.663454, 36.836025, 29.635653>
	pigment { color rgbt <0,1,1,0> }
	no_shadow
}
cylinder {
	<27.245508, 37.343185, 30.075312>,  <26.456173, 37.217316, 30.184881>, 0.130000
	pigment { color rgbt <1,0,0,0> }
	no_shadow
}

// nucleotide -1

// particle -1
sphere {
	<27.245508, 37.343185, 30.075312> 0.250000
	pigment { color rgbt <1,0,0,0> }
	no_shadow
}
cylinder {
	<27.097921, 37.204514, 29.730366>,  <27.009369, 37.121311, 29.523397>, 0.100000
	pigment { color rgbt <1,0,0,0> }
	no_shadow
}
cylinder {
	<27.097921, 37.204514, 29.730366>,  <27.245508, 37.343185, 30.075312>, 0.100000
	pigment { color rgbt <1,0,0,0> }
	no_shadow
}

// particle -1
sphere {
	<27.097921, 37.204514, 29.730366> 0.100000
	pigment { color rgbt <1,0,0,0> }
	no_shadow
}
sphere {
	0, 1
	scale<0.080000,0.200000,0.300000>
	matrix <0.522545, 0.689935, -0.500936,
		0.768642, -0.635454, -0.073406,
		-0.368967, -0.346682, -0.862365,
		26.987232, 37.100510, 29.471657>
	pigment { color rgbt <0,1,1,0> }
	no_shadow
}
cylinder {
	<27.846674, 37.323647, 29.641785>,  <27.245508, 37.343185, 30.075312>, 0.130000
	pigment { color rgbt <1,0,0,0> }
	no_shadow
}

// nucleotide -1

// particle -1
sphere {
	<27.846674, 37.323647, 29.641785> 0.250000
	pigment { color rgbt <1,0,0,0> }
	no_shadow
}
cylinder {
	<27.520594, 37.326523, 29.410131>,  <27.324945, 37.328251, 29.271139>, 0.100000
	pigment { color rgbt <1,0,0,0> }
	no_shadow
}
cylinder {
	<27.520594, 37.326523, 29.410131>,  <27.846674, 37.323647, 29.641785>, 0.100000
	pigment { color rgbt <1,0,0,0> }
	no_shadow
}

// particle -1
sphere {
	<27.520594, 37.326523, 29.410131> 0.100000
	pigment { color rgbt <1,0,0,0> }
	no_shadow
}
sphere {
	0, 1
	scale<0.080000,0.200000,0.300000>
	matrix <0.362673, 0.785953, -0.500746,
		0.451569, -0.618244, -0.643319,
		-0.815202, 0.007193, -0.579132,
		27.276033, 37.328682, 29.236391>
	pigment { color rgbt <0,1,1,0> }
	no_shadow
}
cylinder {
	<28.057091, 37.387718, 28.961866>,  <27.846674, 37.323647, 29.641785>, 0.130000
	pigment { color rgbt <1,0,0,0> }
	no_shadow
}

// nucleotide -1

// particle -1
sphere {
	<28.057091, 37.387718, 28.961866> 0.250000
	pigment { color rgbt <1,0,0,0> }
	no_shadow
}
cylinder {
	<27.682673, 37.527023, 28.941734>,  <27.458021, 37.610607, 28.929655>, 0.100000
	pigment { color rgbt <1,0,0,0> }
	no_shadow
}
cylinder {
	<27.682673, 37.527023, 28.941734>,  <28.057091, 37.387718, 28.961866>, 0.100000
	pigment { color rgbt <1,0,0,0> }
	no_shadow
}

// particle -1
sphere {
	<27.682673, 37.527023, 28.941734> 0.100000
	pigment { color rgbt <1,0,0,0> }
	no_shadow
}
sphere {
	0, 1
	scale<0.080000,0.200000,0.300000>
	matrix <0.308186, 0.742342, -0.594936,
		-0.169836, -0.572397, -0.802196,
		-0.936043, 0.348267, -0.050328,
		27.401859, 37.631504, 28.926636>
	pigment { color rgbt <0,1,1,0> }
	no_shadow
}
cylinder {
	<27.960024, 37.714481, 28.255096>,  <28.057091, 37.387718, 28.961866>, 0.130000
	pigment { color rgbt <1,0,0,0> }
	no_shadow
}

// nucleotide -1

// particle -1
sphere {
	<27.960024, 37.714481, 28.255096> 0.250000
	pigment { color rgbt <1,0,0,0> }
	no_shadow
}
cylinder {
	<27.678959, 37.867714, 28.494936>,  <27.510321, 37.959652, 28.638840>, 0.100000
	pigment { color rgbt <1,0,0,0> }
	no_shadow
}
cylinder {
	<27.678959, 37.867714, 28.494936>,  <27.960024, 37.714481, 28.255096>, 0.100000
	pigment { color rgbt <1,0,0,0> }
	no_shadow
}

// particle -1
sphere {
	<27.678959, 37.867714, 28.494936> 0.100000
	pigment { color rgbt <1,0,0,0> }
	no_shadow
}
sphere {
	0, 1
	scale<0.080000,0.200000,0.300000>
	matrix <0.229846, 0.919720, -0.318253,
		-0.673379, -0.085809, -0.734301,
		-0.702661, 0.383081, 0.599597,
		27.468161, 37.982639, 28.674814>
	pigment { color rgbt <0,1,1,0> }
	no_shadow
}
cylinder {
	<27.592867, 38.105633, 27.811153>,  <27.960024, 37.714481, 28.255096>, 0.130000
	pigment { color rgbt <1,0,0,0> }
	no_shadow
}

// nucleotide -1

// particle -1
sphere {
	<27.592867, 38.105633, 27.811153> 0.250000
	pigment { color rgbt <1,0,0,0> }
	no_shadow
}
cylinder {
	<27.524918, 38.251251, 28.177456>,  <27.484148, 38.338623, 28.397238>, 0.100000
	pigment { color rgbt <1,0,0,0> }
	no_shadow
}
cylinder {
	<27.524918, 38.251251, 28.177456>,  <27.592867, 38.105633, 27.811153>, 0.100000
	pigment { color rgbt <1,0,0,0> }
	no_shadow
}

// particle -1
sphere {
	<27.524918, 38.251251, 28.177456> 0.100000
	pigment { color rgbt <1,0,0,0> }
	no_shadow
}
sphere {
	0, 1
	scale<0.080000,0.200000,0.300000>
	matrix <0.400134, 0.874694, -0.273501,
		-0.900575, 0.319964, -0.294258,
		-0.169876, 0.364051, 0.915756,
		27.473955, 38.360466, 28.452183>
	pigment { color rgbt <0,1,1,0> }
	no_shadow
}
cylinder {
	<27.382299, 38.761639, 27.585638>,  <27.592867, 38.105633, 27.811153>, 0.130000
	pigment { color rgbt <1,0,0,0> }
	no_shadow
}

// nucleotide -1

// particle -1
sphere {
	<27.382299, 38.761639, 27.585638> 0.250000
	pigment { color rgbt <1,0,0,0> }
	no_shadow
}
cylinder {
	<27.454872, 38.783012, 27.978418>,  <27.498415, 38.795837, 28.214087>, 0.100000
	pigment { color rgbt <1,0,0,0> }
	no_shadow
}
cylinder {
	<27.454872, 38.783012, 27.978418>,  <27.382299, 38.761639, 27.585638>, 0.100000
	pigment { color rgbt <1,0,0,0> }
	no_shadow
}

// particle -1
sphere {
	<27.454872, 38.783012, 27.978418> 0.100000
	pigment { color rgbt <1,0,0,0> }
	no_shadow
}
sphere {
	0, 1
	scale<0.080000,0.200000,0.300000>
	matrix <0.221678, 0.970600, -0.093777,
		-0.958093, 0.234690, 0.164252,
		0.181431, 0.053436, 0.981951,
		27.509302, 38.799042, 28.273005>
	pigment { color rgbt <0,1,1,0> }
	no_shadow
}
cylinder {
	<26.901110, 39.086338, 27.898636>,  <27.382299, 38.761639, 27.585638>, 0.130000
	pigment { color rgbt <1,0,0,0> }
	no_shadow
}

// nucleotide -1

// particle -1
sphere {
	<26.901110, 39.086338, 27.898636> 0.250000
	pigment { color rgbt <1,0,0,0> }
	no_shadow
}
cylinder {
	<27.254488, 39.133762, 28.079950>,  <27.466515, 39.162216, 28.188740>, 0.100000
	pigment { color rgbt <1,0,0,0> }
	no_shadow
}
cylinder {
	<27.254488, 39.133762, 28.079950>,  <26.901110, 39.086338, 27.898636>, 0.100000
	pigment { color rgbt <1,0,0,0> }
	no_shadow
}

// particle -1
sphere {
	<27.254488, 39.133762, 28.079950> 0.100000
	pigment { color rgbt <1,0,0,0> }
	no_shadow
}
sphere {
	0, 1
	scale<0.080000,0.200000,0.300000>
	matrix <0.004591, 0.965217, -0.261411,
		-0.468513, 0.233023, 0.852171,
		0.883445, 0.118562, 0.453286,
		27.519522, 39.169331, 28.215937>
	pigment { color rgbt <0,1,1,0> }
	no_shadow
}
cylinder {
	<26.930592, 39.734261, 28.173586>,  <26.901110, 39.086338, 27.898636>, 0.130000
	pigment { color rgbt <1,0,0,0> }
	no_shadow
}

// nucleotide -1

// particle -1
sphere {
	<26.930592, 39.734261, 28.173586> 0.250000
	pigment { color rgbt <1,0,0,0> }
	no_shadow
}
cylinder {
	<27.312685, 39.622944, 28.133429>,  <27.541943, 39.556152, 28.109335>, 0.100000
	pigment { color rgbt <1,0,0,0> }
	no_shadow
}
cylinder {
	<27.312685, 39.622944, 28.133429>,  <26.930592, 39.734261, 28.173586>, 0.100000
	pigment { color rgbt <1,0,0,0> }
	no_shadow
}

// particle -1
sphere {
	<27.312685, 39.622944, 28.133429> 0.100000
	pigment { color rgbt <1,0,0,0> }
	no_shadow
}
sphere {
	0, 1
	scale<0.080000,0.200000,0.300000>
	matrix <0.231461, 0.914351, -0.332246,
		0.184255, 0.294136, 0.937835,
		0.955236, -0.278291, -0.100393,
		27.599257, 39.539455, 28.103312>
	pigment { color rgbt <0,1,1,0> }
	no_shadow
}
cylinder {
	<27.279518, 40.348228, 28.230402>,  <26.930592, 39.734261, 28.173586>, 0.130000
	pigment { color rgbt <1,0,0,0> }
	no_shadow
}

// nucleotide -1

// particle -1
sphere {
	<27.279518, 40.348228, 28.230402> 0.250000
	pigment { color rgbt <1,0,0,0> }
	no_shadow
}
cylinder {
	<27.526649, 40.093925, 28.045315>,  <27.674929, 39.941345, 27.934263>, 0.100000
	pigment { color rgbt <1,0,0,0> }
	no_shadow
}
cylinder {
	<27.526649, 40.093925, 28.045315>,  <27.279518, 40.348228, 28.230402>, 0.100000
	pigment { color rgbt <1,0,0,0> }
	no_shadow
}

// particle -1
sphere {
	<27.526649, 40.093925, 28.045315> 0.100000
	pigment { color rgbt <1,0,0,0> }
	no_shadow
}
sphere {
	0, 1
	scale<0.080000,0.200000,0.300000>
	matrix <0.415010, 0.763471, -0.494853,
		0.667875, 0.113701, 0.735537,
		0.617827, -0.635755, -0.462716,
		27.711998, 39.903198, 27.906500>
	pigment { color rgbt <0,1,1,0> }
	no_shadow
}
cylinder {
	<28.091146, 40.481201, 28.326817>,  <27.279518, 40.348228, 28.230402>, 0.130000
	pigment { color rgbt <1,0,0,0> }
	no_shadow
}

// nucleotide -1

// particle -1
sphere {
	<28.091146, 40.481201, 28.326817> 0.250000
	pigment { color rgbt <1,0,0,0> }
	no_shadow
}
cylinder {
	<28.041708, 40.311466, 27.968004>,  <28.012045, 40.209625, 27.752718>, 0.100000
	pigment { color rgbt <1,0,0,0> }
	no_shadow
}
cylinder {
	<28.041708, 40.311466, 27.968004>,  <28.091146, 40.481201, 28.326817>, 0.100000
	pigment { color rgbt <1,0,0,0> }
	no_shadow
}

// particle -1
sphere {
	<28.041708, 40.311466, 27.968004> 0.100000
	pigment { color rgbt <1,0,0,0> }
	no_shadow
}
sphere {
	0, 1
	scale<0.080000,0.200000,0.300000>
	matrix <0.565936, 0.712398, -0.414976,
		0.815132, -0.558951, 0.152098,
		-0.123597, -0.424338, -0.897029,
		28.004629, 40.184166, 27.698895>
	pigment { color rgbt <0,1,1,0> }
	no_shadow
}
cylinder {
	<28.627939, 40.775547, 27.873436>,  <28.091146, 40.481201, 28.326817>, 0.130000
	pigment { color rgbt <1,0,0,0> }
	no_shadow
}

// nucleotide -1

// particle -1
sphere {
	<28.627939, 40.775547, 27.873436> 0.250000
	pigment { color rgbt <1,0,0,0> }
	no_shadow
}
cylinder {
	<28.390863, 40.607601, 27.598501>,  <28.248617, 40.506832, 27.433540>, 0.100000
	pigment { color rgbt <1,0,0,0> }
	no_shadow
}
cylinder {
	<28.390863, 40.607601, 27.598501>,  <28.627939, 40.775547, 27.873436>, 0.100000
	pigment { color rgbt <1,0,0,0> }
	no_shadow
}

// particle -1
sphere {
	<28.390863, 40.607601, 27.598501> 0.100000
	pigment { color rgbt <1,0,0,0> }
	no_shadow
}
sphere {
	0, 1
	scale<0.080000,0.200000,0.300000>
	matrix <0.347964, 0.636149, -0.688647,
		0.726387, -0.647324, -0.230943,
		-0.592692, -0.419864, -0.687335,
		28.213057, 40.481640, 27.392300>
	pigment { color rgbt <0,1,1,0> }
	no_shadow
}
cylinder {
	<29.049313, 40.561077, 27.318798>,  <28.627939, 40.775547, 27.873436>, 0.130000
	pigment { color rgbt <1,0,0,0> }
	no_shadow
}

// nucleotide -1

// particle -1
sphere {
	<29.049313, 40.561077, 27.318798> 0.250000
	pigment { color rgbt <1,0,0,0> }
	no_shadow
}
cylinder {
	<28.681238, 40.624046, 27.175423>,  <28.460394, 40.661827, 27.089397>, 0.100000
	pigment { color rgbt <1,0,0,0> }
	no_shadow
}
cylinder {
	<28.681238, 40.624046, 27.175423>,  <29.049313, 40.561077, 27.318798>, 0.100000
	pigment { color rgbt <1,0,0,0> }
	no_shadow
}

// particle -1
sphere {
	<28.681238, 40.624046, 27.175423> 0.100000
	pigment { color rgbt <1,0,0,0> }
	no_shadow
}
sphere {
	0, 1
	scale<0.080000,0.200000,0.300000>
	matrix <0.355274, 0.720375, -0.595685,
		0.164434, -0.675483, -0.718807,
		-0.920186, 0.157423, -0.358436,
		28.405182, 40.671272, 27.067892>
	pigment { color rgbt <0,1,1,0> }
	no_shadow
}
cylinder {
	<29.784924, 40.462246, 27.521797>,  <29.049313, 40.561077, 27.318798>, 0.130000
	pigment { color rgbt <1,0,0,0> }
	no_shadow
}

// nucleotide -1

// particle -1
sphere {
	<29.784924, 40.462246, 27.521797> 0.250000
	pigment { color rgbt <1,0,0,0> }
	no_shadow
}
cylinder {
	<30.143187, 40.609436, 27.421881>,  <30.358145, 40.697750, 27.361931>, 0.100000
	pigment { color rgbt <1,0,0,0> }
	no_shadow
}
cylinder {
	<30.143187, 40.609436, 27.421881>,  <29.784924, 40.462246, 27.521797>, 0.100000
	pigment { color rgbt <1,0,0,0> }
	no_shadow
}

// particle -1
sphere {
	<30.143187, 40.609436, 27.421881> 0.100000
	pigment { color rgbt <1,0,0,0> }
	no_shadow
}
sphere {
	0, 1
	scale<0.080000,0.200000,0.300000>
	matrix <0.388488, -0.920725, 0.036632,
		-0.216510, -0.129851, -0.967607,
		0.895657, 0.367972, -0.249792,
		30.411884, 40.719830, 27.346943>
	pigment { color rgbt <0,1,1,0> }
	no_shadow
}
cylinder {
	<30.111876, 40.135136, 26.791553>,  <29.784924, 40.462246, 27.521797>, 0.130000
	pigment { color rgbt <1,0,0,0> }
	no_shadow
}

// nucleotide -1

// particle -1
sphere {
	<30.111876, 40.135136, 26.791553> 0.250000
	pigment { color rgbt <1,0,0,0> }
	no_shadow
}
cylinder {
	<30.382914, 40.226185, 27.071283>,  <30.545536, 40.280815, 27.239122>, 0.100000
	pigment { color rgbt <1,0,0,0> }
	no_shadow
}
cylinder {
	<30.382914, 40.226185, 27.071283>,  <30.111876, 40.135136, 26.791553>, 0.100000
	pigment { color rgbt <1,0,0,0> }
	no_shadow
}

// particle -1
sphere {
	<30.382914, 40.226185, 27.071283> 0.100000
	pigment { color rgbt <1,0,0,0> }
	no_shadow
}
sphere {
	0, 1
	scale<0.080000,0.200000,0.300000>
	matrix <0.374788, -0.925031, -0.062059,
		0.632773, 0.304150, -0.712103,
		0.677593, 0.227618, 0.699327,
		30.586191, 40.294472, 27.281082>
	pigment { color rgbt <0,1,1,0> }
	no_shadow
}
cylinder {
	<30.859367, 40.183060, 26.514257>,  <30.111876, 40.135136, 26.791553>, 0.130000
	pigment { color rgbt <1,0,0,0> }
	no_shadow
}

// nucleotide -1

// particle -1
sphere {
	<30.859367, 40.183060, 26.514257> 0.250000
	pigment { color rgbt <1,0,0,0> }
	no_shadow
}
cylinder {
	<30.837709, 40.087387, 26.902042>,  <30.824715, 40.029984, 27.134714>, 0.100000
	pigment { color rgbt <1,0,0,0> }
	no_shadow
}
cylinder {
	<30.837709, 40.087387, 26.902042>,  <30.859367, 40.183060, 26.514257>, 0.100000
	pigment { color rgbt <1,0,0,0> }
	no_shadow
}

// particle -1
sphere {
	<30.837709, 40.087387, 26.902042> 0.100000
	pigment { color rgbt <1,0,0,0> }
	no_shadow
}
sphere {
	0, 1
	scale<0.080000,0.200000,0.300000>
	matrix <0.321635, -0.923321, -0.209834,
		0.945315, 0.300452, 0.126921,
		-0.054144, -0.239181, 0.969464,
		30.821466, 40.015633, 27.192883>
	pigment { color rgbt <0,1,1,0> }
	no_shadow
}
cylinder {
	<31.424606, 39.625324, 26.621979>,  <30.859367, 40.183060, 26.514257>, 0.130000
	pigment { color rgbt <1,0,0,0> }
	no_shadow
}

// nucleotide -1

// particle -1
sphere {
	<31.424606, 39.625324, 26.621979> 0.250000
	pigment { color rgbt <1,0,0,0> }
	no_shadow
}
cylinder {
	<31.200174, 39.610107, 26.952734>,  <31.065516, 39.600975, 27.151188>, 0.100000
	pigment { color rgbt <1,0,0,0> }
	no_shadow
}
cylinder {
	<31.200174, 39.610107, 26.952734>,  <31.424606, 39.625324, 26.621979>, 0.100000
	pigment { color rgbt <1,0,0,0> }
	no_shadow
}

// particle -1
sphere {
	<31.200174, 39.610107, 26.952734> 0.100000
	pigment { color rgbt <1,0,0,0> }
	no_shadow
}
sphere {
	0, 1
	scale<0.080000,0.200000,0.300000>
	matrix <0.266063, -0.954223, 0.136630,
		0.783838, 0.296665, 0.545516,
		-0.561078, -0.038046, 0.826888,
		31.031851, 39.598694, 27.200800>
	pigment { color rgbt <0,1,1,0> }
	no_shadow
}
cylinder {
	<31.734871, 39.054035, 26.964783>,  <31.424606, 39.625324, 26.621979>, 0.130000
	pigment { color rgbt <1,0,0,0> }
	no_shadow
}

// nucleotide -1

// particle -1
sphere {
	<31.734871, 39.054035, 26.964783> 0.250000
	pigment { color rgbt <1,0,0,0> }
	no_shadow
}
cylinder {
	<31.420954, 39.154770, 27.191298>,  <31.232603, 39.215210, 27.327206>, 0.100000
	pigment { color rgbt <1,0,0,0> }
	no_shadow
}
cylinder {
	<31.420954, 39.154770, 27.191298>,  <31.734871, 39.054035, 26.964783>, 0.100000
	pigment { color rgbt <1,0,0,0> }
	no_shadow
}

// particle -1
sphere {
	<31.420954, 39.154770, 27.191298> 0.100000
	pigment { color rgbt <1,0,0,0> }
	no_shadow
}
sphere {
	0, 1
	scale<0.080000,0.200000,0.300000>
	matrix <0.055930, -0.881213, 0.469400,
		0.617231, 0.400053, 0.677483,
		-0.784791, 0.251837, 0.566287,
		31.185516, 39.230320, 27.361183>
	pigment { color rgbt <0,1,1,0> }
	no_shadow
}
cylinder {
	<31.950777, 38.544506, 27.432360>,  <31.734871, 39.054035, 26.964783>, 0.130000
	pigment { color rgbt <1,0,0,0> }
	no_shadow
}

// nucleotide -1

// particle -1
sphere {
	<31.950777, 38.544506, 27.432360> 0.250000
	pigment { color rgbt <1,0,0,0> }
	no_shadow
}
cylinder {
	<31.568993, 38.646587, 27.494162>,  <31.339922, 38.707836, 27.531242>, 0.100000
	pigment { color rgbt <1,0,0,0> }
	no_shadow
}
cylinder {
	<31.568993, 38.646587, 27.494162>,  <31.950777, 38.544506, 27.432360>, 0.100000
	pigment { color rgbt <1,0,0,0> }
	no_shadow
}

// particle -1
sphere {
	<31.568993, 38.646587, 27.494162> 0.100000
	pigment { color rgbt <1,0,0,0> }
	no_shadow
}
sphere {
	0, 1
	scale<0.080000,0.200000,0.300000>
	matrix <-0.133345, -0.828232, 0.544290,
		0.266871, 0.498902, 0.824546,
		-0.954463, 0.255204, 0.154505,
		31.282654, 38.723148, 27.540514>
	pigment { color rgbt <0,1,1,0> }
	no_shadow
}
cylinder {
	<31.830122, 38.422016, 28.103598>,  <31.950777, 38.544506, 27.432360>, 0.130000
	pigment { color rgbt <1,0,0,0> }
	no_shadow
}

// nucleotide -1

// particle -1
sphere {
	<31.830122, 38.422016, 28.103598> 0.250000
	pigment { color rgbt <1,0,0,0> }
	no_shadow
}
cylinder {
	<31.452112, 38.444607, 27.974764>,  <31.225306, 38.458160, 27.897465>, 0.100000
	pigment { color rgbt <1,0,0,0> }
	no_shadow
}
cylinder {
	<31.452112, 38.444607, 27.974764>,  <31.830122, 38.422016, 28.103598>, 0.100000
	pigment { color rgbt <1,0,0,0> }
	no_shadow
}

// particle -1
sphere {
	<31.452112, 38.444607, 27.974764> 0.100000
	pigment { color rgbt <1,0,0,0> }
	no_shadow
}
sphere {
	0, 1
	scale<0.080000,0.200000,0.300000>
	matrix <-0.192332, -0.892580, 0.407810,
		-0.264454, 0.447338, 0.854373,
		-0.945025, 0.056477, -0.322083,
		31.168604, 38.461552, 27.878139>
	pigment { color rgbt <0,1,1,0> }
	no_shadow
}
cylinder {
	<31.428133, 38.348610, 28.765625>,  <31.830122, 38.422016, 28.103598>, 0.130000
	pigment { color rgbt <1,0,0,0> }
	no_shadow
}

// nucleotide -1

// particle -1
sphere {
	<31.428133, 38.348610, 28.765625> 0.250000
	pigment { color rgbt <1,0,0,0> }
	no_shadow
}
cylinder {
	<31.204088, 38.255596, 28.447580>,  <31.069660, 38.199787, 28.256754>, 0.100000
	pigment { color rgbt <1,0,0,0> }
	no_shadow
}
cylinder {
	<31.204088, 38.255596, 28.447580>,  <31.428133, 38.348610, 28.765625>, 0.100000
	pigment { color rgbt <1,0,0,0> }
	no_shadow
}

// particle -1
sphere {
	<31.204088, 38.255596, 28.447580> 0.100000
	pigment { color rgbt <1,0,0,0> }
	no_shadow
}
sphere {
	0, 1
	scale<0.080000,0.200000,0.300000>
	matrix <-0.265970, -0.858506, 0.438437,
		-0.784559, 0.457050, 0.419014,
		-0.560114, -0.232534, -0.795110,
		31.036055, 38.185837, 28.209047>
	pigment { color rgbt <0,1,1,0> }
	no_shadow
}
cylinder {
	<30.882273, 38.062393, 29.022129>,  <31.428133, 38.348610, 28.765625>, 0.130000
	pigment { color rgbt <1,0,0,0> }
	no_shadow
}

// nucleotide -1

// particle -1
sphere {
	<30.882273, 38.062393, 29.022129> 0.250000
	pigment { color rgbt <1,0,0,0> }
	no_shadow
}
cylinder {
	<30.894453, 37.929016, 28.645218>,  <30.901762, 37.848991, 28.419071>, 0.100000
	pigment { color rgbt <1,0,0,0> }
	no_shadow
}
cylinder {
	<30.894453, 37.929016, 28.645218>,  <30.882273, 38.062393, 29.022129>, 0.100000
	pigment { color rgbt <1,0,0,0> }
	no_shadow
}

// particle -1
sphere {
	<30.894453, 37.929016, 28.645218> 0.100000
	pigment { color rgbt <1,0,0,0> }
	no_shadow
}
sphere {
	0, 1
	scale<0.080000,0.200000,0.300000>
	matrix <-0.463718, -0.839837, 0.282205,
		-0.885460, 0.428358, -0.180196,
		0.030450, -0.333442, -0.942279,
		30.903587, 37.828983, 28.362534>
	pigment { color rgbt <0,1,1,0> }
	no_shadow
}
cylinder {
	<30.207653, 37.842426, 28.943514>,  <30.882273, 38.062393, 29.022129>, 0.130000
	pigment { color rgbt <1,0,0,0> }
	no_shadow
}

// nucleotide -1

// particle -1
sphere {
	<30.207653, 37.842426, 28.943514> 0.250000
	pigment { color rgbt <1,0,0,0> }
	no_shadow
}
cylinder {
	<30.421082, 37.668724, 28.653212>,  <30.549139, 37.564503, 28.479031>, 0.100000
	pigment { color rgbt <1,0,0,0> }
	no_shadow
}
cylinder {
	<30.421082, 37.668724, 28.653212>,  <30.207653, 37.842426, 28.943514>, 0.100000
	pigment { color rgbt <1,0,0,0> }
	no_shadow
}

// particle -1
sphere {
	<30.421082, 37.668724, 28.653212> 0.100000
	pigment { color rgbt <1,0,0,0> }
	no_shadow
}
sphere {
	0, 1
	scale<0.080000,0.200000,0.300000>
	matrix <-0.528692, -0.841049, 0.114553,
		-0.660141, 0.322578, -0.678349,
		0.533573, -0.434259, -0.725755,
		30.581154, 37.538448, 28.435486>
	pigment { color rgbt <0,1,1,0> }
	no_shadow
}
cylinder {
	<29.732023, 37.447578, 28.740810>,  <30.207653, 37.842426, 28.943514>, 0.130000
	pigment { color rgbt <1,0,0,0> }
	no_shadow
}

// nucleotide -1

// particle -1
sphere {
	<29.732023, 37.447578, 28.740810> 0.250000
	pigment { color rgbt <1,0,0,0> }
	no_shadow
}
cylinder {
	<30.089952, 37.309784, 28.627235>,  <30.304710, 37.227108, 28.559090>, 0.100000
	pigment { color rgbt <1,0,0,0> }
	no_shadow
}
cylinder {
	<30.089952, 37.309784, 28.627235>,  <29.732023, 37.447578, 28.740810>, 0.100000
	pigment { color rgbt <1,0,0,0> }
	no_shadow
}

// particle -1
sphere {
	<30.089952, 37.309784, 28.627235> 0.100000
	pigment { color rgbt <1,0,0,0> }
	no_shadow
}
sphere {
	0, 1
	scale<0.080000,0.200000,0.300000>
	matrix <-0.307545, -0.936717, 0.167264,
		-0.323590, -0.062348, -0.944141,
		0.894821, -0.344491, -0.283938,
		30.358398, 37.206436, 28.542053>
	pigment { color rgbt <0,1,1,0> }
	no_shadow
}
cylinder {
	<29.711298, 36.858585, 28.296135>,  <29.732023, 37.447578, 28.740810>, 0.130000
	pigment { color rgbt <1,0,0,0> }
	no_shadow
}

// nucleotide -1

// particle -1
sphere {
	<29.711298, 36.858585, 28.296135> 0.250000
	pigment { color rgbt <1,0,0,0> }
	no_shadow
}
cylinder {
	<30.092846, 36.806103, 28.404148>,  <30.321775, 36.774612, 28.468956>, 0.100000
	pigment { color rgbt <1,0,0,0> }
	no_shadow
}
cylinder {
	<30.092846, 36.806103, 28.404148>,  <29.711298, 36.858585, 28.296135>, 0.100000
	pigment { color rgbt <1,0,0,0> }
	no_shadow
}

// particle -1
sphere {
	<30.092846, 36.806103, 28.404148> 0.100000
	pigment { color rgbt <1,0,0,0> }
	no_shadow
}
sphere {
	0, 1
	scale<0.080000,0.200000,0.300000>
	matrix <-0.200172, -0.948289, 0.246332,
		0.223747, -0.289021, -0.930808,
		0.953870, -0.131206, 0.270031,
		30.379007, 36.766743, 28.485157>
	pigment { color rgbt <0,1,1,0> }
	no_shadow
}
cylinder {
	<29.771202, 36.173046, 28.138884>,  <29.711298, 36.858585, 28.296135>, 0.130000
	pigment { color rgbt <1,0,0,0> }
	no_shadow
}

// nucleotide -1

// particle -1
sphere {
	<29.771202, 36.173046, 28.138884> 0.250000
	pigment { color rgbt <1,0,0,0> }
	no_shadow
}
cylinder {
	<30.064203, 36.273052, 28.392160>,  <30.240004, 36.333057, 28.544127>, 0.100000
	pigment { color rgbt <1,0,0,0> }
	no_shadow
}
cylinder {
	<30.064203, 36.273052, 28.392160>,  <29.771202, 36.173046, 28.138884>, 0.100000
	pigment { color rgbt <1,0,0,0> }
	no_shadow
}

// particle -1
sphere {
	<30.064203, 36.273052, 28.392160> 0.100000
	pigment { color rgbt <1,0,0,0> }
	no_shadow
}
sphere {
	0, 1
	scale<0.080000,0.200000,0.300000>
