// switches for output
#declare DRAW_BASES = 1; // possible values are 0, 1; only relevant for DNA ribbons
#declare DRAW_BASES_TYPE = 3; // possible values are 1, 2, 3; only relevant for DNA ribbons
#declare DRAW_FOG = 0; // set to 1 to enable fog

#include "colors.inc"

#include "transforms.inc"
background { rgb <1, 1, 1>}

#default {
   normal{
       ripples 0.25
       frequency 0.20
       turbulence 0.2
       lambda 5
   }
	finish {
		phong 0.1
		phong_size 40.
	}
}

// original window dimensions: 1024x640


// camera settings

camera {
	sky <0, 0.179814, -0.983701>
	up <0, 0.179814, -0.983701>
	right 1.6 * <1, 0, 0>
	location <35, 94.9851, 44.8844>
	look_at <35, 29.7336, 32.9568>
	direction <0, -65.2515, -11.9276>
	angle 67.0682
}


# declare cpy_camera_pos = <35, 94.9851, 44.8844>;
# if (DRAW_FOG = 1)
fog {
	fog_type 2
	up vnormalize(cpy_camera_pos)
	color rgbt<1,1,1,0.3>
	distance 1e-5
	fog_alt 3e-3
	fog_offset 56
}
# end


// LIGHTS

# declare lum = 6;
global_settings {
	ambient_light rgb lum * <0.05, 0.05, 0.05>
	max_trace_level 15
}# declare cpy_direct_light_amount = 0.25;
light_source
{	1000 * <-1, -1.16352, -0.803886>,
	rgb lum * cpy_direct_light_amount
	parallel
}

light_source
{	1000 * <1, 1.16352, 0.803886>,
	rgb lum * cpy_direct_light_amount
	parallel
}

// strand 0

// nucleotide -1

// particle -1
sphere {
	<24.103933, 35.211666, 34.845085> 0.250000
	pigment { color rgbt <1,0,0,0> }
	no_shadow
}
cylinder {
	<24.409048, 34.953941, 34.867050>,  <24.592117, 34.799305, 34.880230>, 0.100000
	pigment { color rgbt <1,0,0,0> }
	no_shadow
}
cylinder {
	<24.409048, 34.953941, 34.867050>,  <24.103933, 35.211666, 34.845085>, 0.100000
	pigment { color rgbt <1,0,0,0> }
	no_shadow
}

// particle -1
sphere {
	<24.409048, 34.953941, 34.867050> 0.100000
	pigment { color rgbt <1,0,0,0> }
	no_shadow
}
sphere {
	0, 1
	scale<0.080000,0.200000,0.300000>
	matrix <0.569330, 0.709425, 0.415426,
		-0.306621, -0.285619, 0.907968,
		0.762789, -0.644312, 0.054913,
		24.637884, 34.760647, 34.883526>
	pigment { color rgbt <0,1,1,0> }
	no_shadow
}
cylinder {
	<24.350351, 34.822613, 35.503616>,  <24.103933, 35.211666, 34.845085>, 0.130000
	pigment { color rgbt <1,0,0,0> }
	no_shadow
}

// nucleotide -1

// particle -1
sphere {
	<24.350351, 34.822613, 35.503616> 0.250000
	pigment { color rgbt <1,0,0,0> }
	no_shadow
}
cylinder {
	<24.618986, 34.943676, 35.233101>,  <24.780167, 35.016315, 35.070793>, 0.100000
	pigment { color rgbt <1,0,0,0> }
	no_shadow
}
cylinder {
	<24.618986, 34.943676, 35.233101>,  <24.350351, 34.822613, 35.503616>, 0.100000
	pigment { color rgbt <1,0,0,0> }
	no_shadow
}

// particle -1
sphere {
	<24.618986, 34.943676, 35.233101> 0.100000
	pigment { color rgbt <1,0,0,0> }
	no_shadow
}
sphere {
	0, 1
	scale<0.080000,0.200000,0.300000>
	matrix <0.419092, 0.597544, 0.683595,
		0.611004, -0.742524, 0.274467,
		0.671592, 0.302653, -0.676288,
		24.820463, 35.034473, 35.030212>
	pigment { color rgbt <0,1,1,0> }
	no_shadow
}
cylinder {
	<25.049023, 34.640461, 35.695545>,  <24.350351, 34.822613, 35.503616>, 0.130000
	pigment { color rgbt <1,0,0,0> }
	no_shadow
}

// nucleotide -1

// particle -1
sphere {
	<25.049023, 34.640461, 35.695545> 0.250000
	pigment { color rgbt <1,0,0,0> }
	no_shadow
}
cylinder {
	<25.098980, 34.948994, 35.445923>,  <25.128954, 35.134113, 35.296150>, 0.100000
	pigment { color rgbt <1,0,0,0> }
	no_shadow
}
cylinder {
	<25.098980, 34.948994, 35.445923>,  <25.049023, 34.640461, 35.695545>, 0.100000
	pigment { color rgbt <1,0,0,0> }
	no_shadow
}

// particle -1
sphere {
	<25.098980, 34.948994, 35.445923> 0.100000
	pigment { color rgbt <1,0,0,0> }
	no_shadow
}
sphere {
	0, 1
	scale<0.080000,0.200000,0.300000>
	matrix <0.651265, 0.410773, 0.638060,
		0.748502, -0.486114, -0.451040,
		0.124895, 0.771336, -0.624053,
		25.136448, 35.180393, 35.258705>
	pigment { color rgbt <0,1,1,0> }
	no_shadow
}
cylinder {
	<25.868080, 34.895317, 35.560867>,  <25.049023, 34.640461, 35.695545>, 0.130000
	pigment { color rgbt <1,0,0,0> }
	no_shadow
}

// nucleotide -1

// particle -1
sphere {
	<25.868080, 34.895317, 35.560867> 0.250000
	pigment { color rgbt <1,0,0,0> }
	no_shadow
}
cylinder {
	<25.649332, 35.203529, 35.429893>,  <25.518084, 35.388458, 35.351311>, 0.100000
	pigment { color rgbt <1,0,0,0> }
	no_shadow
}
cylinder {
	<25.649332, 35.203529, 35.429893>,  <25.868080, 34.895317, 35.560867>, 0.100000
	pigment { color rgbt <1,0,0,0> }
	no_shadow
}

// particle -1
sphere {
	<25.649332, 35.203529, 35.429893> 0.100000
	pigment { color rgbt <1,0,0,0> }
	no_shadow
}
sphere {
	0, 1
	scale<0.080000,0.200000,0.300000>
	matrix <0.652040, 0.637306, 0.410712,
		0.525142, 0.011106, -0.850942,
		-0.546872, 0.770531, -0.327434,
		25.485270, 35.434689, 35.331665>
	pigment { color rgbt <0,1,1,0> }
	no_shadow
}
cylinder {
	<26.512318, 35.173512, 35.351494>,  <25.868080, 34.895317, 35.560867>, 0.130000
	pigment { color rgbt <1,0,0,0> }
	no_shadow
}

// nucleotide -1

// particle -1
sphere {
	<26.512318, 35.173512, 35.351494> 0.250000
	pigment { color rgbt <1,0,0,0> }
	no_shadow
}
cylinder {
	<26.799234, 35.175251, 35.630199>,  <26.971384, 35.176292, 35.797421>, 0.100000
	pigment { color rgbt <1,0,0,0> }
	no_shadow
}
cylinder {
	<26.799234, 35.175251, 35.630199>,  <26.512318, 35.173512, 35.351494>, 0.100000
	pigment { color rgbt <1,0,0,0> }
	no_shadow
}

// particle -1
sphere {
	<26.799234, 35.175251, 35.630199> 0.100000
	pigment { color rgbt <1,0,0,0> }
	no_shadow
}
sphere {
	0, 1
	scale<0.080000,0.200000,0.300000>
	matrix <0.169861, 0.968721, -0.180907,
		-0.675753, 0.248116, 0.694116,
		0.717290, 0.004345, 0.696761,
		27.014421, 35.176556, 35.839230>
	pigment { color rgbt <0,1,1,0> }
	no_shadow
}
cylinder {
	<26.417709, 35.796593, 35.752480>,  <26.512318, 35.173512, 35.351494>, 0.130000
	pigment { color rgbt <1,0,0,0> }
	no_shadow
}

// nucleotide -1

// particle -1
sphere {
	<26.417709, 35.796593, 35.752480> 0.250000
	pigment { color rgbt <1,0,0,0> }
	no_shadow
}
cylinder {
	<26.798517, 35.674335, 35.746185>,  <27.027002, 35.600983, 35.742409>, 0.100000
	pigment { color rgbt <1,0,0,0> }
	no_shadow
}
cylinder {
	<26.798517, 35.674335, 35.746185>,  <26.417709, 35.796593, 35.752480>, 0.100000
	pigment { color rgbt <1,0,0,0> }
	no_shadow
}

// particle -1
sphere {
	<26.798517, 35.674335, 35.746185> 0.100000
	pigment { color rgbt <1,0,0,0> }
	no_shadow
}
sphere {
	0, 1
	scale<0.080000,0.200000,0.300000>
	matrix <0.282330, 0.896934, -0.340294,
		0.118123, 0.319522, 0.940188,
		0.952017, -0.305639, -0.015738,
		27.084122, 35.582645, 35.741463>
	pigment { color rgbt <0,1,1,0> }
	no_shadow
}
cylinder {
	<26.854208, 36.181713, 36.258358>,  <26.417709, 35.796593, 35.752480>, 0.130000
	pigment { color rgbt <1,0,0,0> }
	no_shadow
}

// nucleotide -1

// particle -1
sphere {
	<26.854208, 36.181713, 36.258358> 0.250000
	pigment { color rgbt <1,0,0,0> }
	no_shadow
}
cylinder {
	<27.058552, 36.091557, 35.926521>,  <27.181158, 36.037464, 35.727421>, 0.100000
	pigment { color rgbt <1,0,0,0> }
	no_shadow
}
cylinder {
	<27.058552, 36.091557, 35.926521>,  <26.854208, 36.181713, 36.258358>, 0.100000
	pigment { color rgbt <1,0,0,0> }
	no_shadow
}

// particle -1
sphere {
	<27.058552, 36.091557, 35.926521> 0.100000
	pigment { color rgbt <1,0,0,0> }
	no_shadow
}
sphere {
	0, 1
	scale<0.080000,0.200000,0.300000>
	matrix <0.277844, 0.956515, -0.088780,
		0.813526, -0.185142, 0.551270,
		0.510861, -0.225392, -0.829590,
		27.211809, 36.023937, 35.677643>
	pigment { color rgbt <0,1,1,0> }
	no_shadow
}
cylinder {
	<27.231497, 36.102562, 36.826771>,  <26.854208, 36.181713, 36.258358>, 0.130000
	pigment { color rgbt <1,0,0,0> }
	no_shadow
}

// nucleotide -1

// particle -1
sphere {
	<27.231497, 36.102562, 36.826771> 0.250000
	pigment { color rgbt <1,0,0,0> }
	no_shadow
}
cylinder {
	<27.380156, 36.002998, 36.469017>,  <27.469351, 35.943260, 36.254364>, 0.100000
	pigment { color rgbt <1,0,0,0> }
	no_shadow
}
cylinder {
	<27.380156, 36.002998, 36.469017>,  <27.231497, 36.102562, 36.826771>, 0.100000
	pigment { color rgbt <1,0,0,0> }
	no_shadow
}

// particle -1
sphere {
	<27.380156, 36.002998, 36.469017> 0.100000
	pigment { color rgbt <1,0,0,0> }
	no_shadow
}
sphere {
	0, 1
	scale<0.080000,0.200000,0.300000>
	matrix <0.691857, 0.716646, 0.088047,
		0.619041, -0.651508, 0.438550,
		0.371648, -0.248909, -0.894383,
		27.491650, 35.928326, 36.200703>
	pigment { color rgbt <0,1,1,0> }
	no_shadow
}
cylinder {
	<28.039230, 36.126335, 36.817230>,  <27.231497, 36.102562, 36.826771>, 0.130000
	pigment { color rgbt <1,0,0,0> }
	no_shadow
}

// nucleotide -1

// particle -1
sphere {
	<28.039230, 36.126335, 36.817230> 0.250000
	pigment { color rgbt <1,0,0,0> }
	no_shadow
}
cylinder {
	<27.952324, 36.151184, 36.427578>,  <27.900179, 36.166096, 36.193787>, 0.100000
	pigment { color rgbt <1,0,0,0> }
	no_shadow
}
cylinder {
	<27.952324, 36.151184, 36.427578>,  <28.039230, 36.126335, 36.817230>, 0.100000
	pigment { color rgbt <1,0,0,0> }
	no_shadow
}

// particle -1
sphere {
	<27.952324, 36.151184, 36.427578> 0.100000
	pigment { color rgbt <1,0,0,0> }
	no_shadow
}
sphere {
	0, 1
	scale<0.080000,0.200000,0.300000>
	matrix <0.617188, 0.781903, -0.087791,
		0.756223, -0.620297, -0.208225,
		-0.217268, 0.062124, -0.974133,
		27.887144, 36.169823, 36.135338>
	pigment { color rgbt <0,1,1,0> }
	no_shadow
}
cylinder {
	<28.750887, 36.406727, 36.411453>,  <28.039230, 36.126335, 36.817230>, 0.130000
	pigment { color rgbt <1,0,0,0> }
	no_shadow
}

// nucleotide -1

// particle -1
sphere {
	<28.750887, 36.406727, 36.411453> 0.250000
	pigment { color rgbt <1,0,0,0> }
	no_shadow
}
cylinder {
	<28.427961, 36.478222, 36.186493>,  <28.234207, 36.521118, 36.051517>, 0.100000
	pigment { color rgbt <1,0,0,0> }
	no_shadow
}
cylinder {
	<28.427961, 36.478222, 36.186493>,  <28.750887, 36.406727, 36.411453>, 0.100000
	pigment { color rgbt <1,0,0,0> }
	no_shadow
}

// particle -1
sphere {
	<28.427961, 36.478222, 36.186493> 0.100000
	pigment { color rgbt <1,0,0,0> }
	no_shadow
}
sphere {
	0, 1
	scale<0.080000,0.200000,0.300000>
	matrix <0.381470, 0.885205, -0.266255,
		0.450252, -0.429492, -0.782822,
		-0.807312, 0.178741, -0.562404,
		28.185768, 36.531845, 36.017773>
	pigment { color rgbt <0,1,1,0> }
	no_shadow
}
cylinder {
	<29.110462, 36.649895, 35.896812>,  <28.750887, 36.406727, 36.411453>, 0.130000
	pigment { color rgbt <1,0,0,0> }
	no_shadow
}

// nucleotide -1

// particle -1
sphere {
	<29.110462, 36.649895, 35.896812> 0.250000
	pigment { color rgbt <1,0,0,0> }
	no_shadow
}
cylinder {
	<28.735287, 36.765518, 35.820168>,  <28.510181, 36.834892, 35.774181>, 0.100000
	pigment { color rgbt <1,0,0,0> }
	no_shadow
}
cylinder {
	<28.735287, 36.765518, 35.820168>,  <29.110462, 36.649895, 35.896812>, 0.100000
	pigment { color rgbt <1,0,0,0> }
	no_shadow
}

// particle -1
sphere {
	<28.735287, 36.765518, 35.820168> 0.100000
	pigment { color rgbt <1,0,0,0> }
	no_shadow
}
sphere {
	0, 1
	scale<0.080000,0.200000,0.300000>
	matrix <0.346775, 0.775058, -0.528235,
		-0.004176, -0.561900, -0.827195,
		-0.937939, 0.289057, -0.191616,
		28.453905, 36.852234, 35.762684>
	pigment { color rgbt <0,1,1,0> }
	no_shadow
}
cylinder {
	<29.063061, 36.850876, 35.204544>,  <29.110462, 36.649895, 35.896812>, 0.130000
	pigment { color rgbt <1,0,0,0> }
	no_shadow
}

// nucleotide -1

// particle -1
sphere {
	<29.063061, 36.850876, 35.204544> 0.250000
	pigment { color rgbt <1,0,0,0> }
	no_shadow
}
cylinder {
	<28.762970, 37.032871, 35.396439>,  <28.582916, 37.142067, 35.511578>, 0.100000
	pigment { color rgbt <1,0,0,0> }
	no_shadow
}
cylinder {
	<28.762970, 37.032871, 35.396439>,  <29.063061, 36.850876, 35.204544>, 0.100000
	pigment { color rgbt <1,0,0,0> }
	no_shadow
}

// particle -1
sphere {
	<28.762970, 37.032871, 35.396439> 0.100000
	pigment { color rgbt <1,0,0,0> }
	no_shadow
}
sphere {
	0, 1
	scale<0.080000,0.200000,0.300000>
	matrix <0.324849, 0.885611, -0.331912,
		-0.575878, -0.093166, -0.812210,
		-0.750225, 0.454987, 0.479739,
		28.537903, 37.169369, 35.540359>
	pigment { color rgbt <0,1,1,0> }
	no_shadow
}
cylinder {
	<29.012779, 37.306358, 34.711578>,  <29.063061, 36.850876, 35.204544>, 0.130000
	pigment { color rgbt <1,0,0,0> }
	no_shadow
}

// nucleotide -1

// particle -1
sphere {
	<29.012779, 37.306358, 34.711578> 0.250000
	pigment { color rgbt <1,0,0,0> }
	no_shadow
}
cylinder {
	<28.810110, 37.430363, 35.033367>,  <28.688509, 37.504765, 35.226440>, 0.100000
	pigment { color rgbt <1,0,0,0> }
	no_shadow
}
cylinder {
	<28.810110, 37.430363, 35.033367>,  <29.012779, 37.306358, 34.711578>, 0.100000
	pigment { color rgbt <1,0,0,0> }
	no_shadow
}

// particle -1
sphere {
	<28.810110, 37.430363, 35.033367> 0.100000
	pigment { color rgbt <1,0,0,0> }
	no_shadow
}
sphere {
	0, 1
	scale<0.080000,0.200000,0.300000>
	matrix <0.316845, 0.934771, -0.160662,
		-0.801806, 0.173490, -0.571847,
		-0.506673, 0.310007, 0.804474,
		28.658108, 37.523365, 35.274708>
	pigment { color rgbt <0,1,1,0> }
	no_shadow
}
cylinder {
	<28.740547, 37.977413, 34.580364>,  <29.012779, 37.306358, 34.711578>, 0.130000
	pigment { color rgbt <1,0,0,0> }
	no_shadow
}

// nucleotide -1

// particle -1
sphere {
	<28.740547, 37.977413, 34.580364> 0.250000
	pigment { color rgbt <1,0,0,0> }
	no_shadow
}
cylinder {
	<28.705940, 37.982639, 34.978828>,  <28.685177, 37.985775, 35.217907>, 0.100000
	pigment { color rgbt <1,0,0,0> }
	no_shadow
}
cylinder {
	<28.705940, 37.982639, 34.978828>,  <28.740547, 37.977413, 34.580364>, 0.100000
	pigment { color rgbt <1,0,0,0> }
	no_shadow
}

// particle -1
sphere {
	<28.705940, 37.982639, 34.978828> 0.100000
	pigment { color rgbt <1,0,0,0> }
	no_shadow
}
sphere {
	0, 1
	scale<0.080000,0.200000,0.300000>
	matrix <0.230182, 0.973121, 0.007225,
		-0.969294, 0.229924, -0.087201,
		-0.086518, 0.013069, 0.996164,
		28.679985, 37.986561, 35.277679>
	pigment { color rgbt <0,1,1,0> }
	no_shadow
}
cylinder {
	<28.247200, 38.603184, 34.697964>,  <28.740547, 37.977413, 34.580364>, 0.130000
	pigment { color rgbt <1,0,0,0> }
	no_shadow
}

// nucleotide -1

// particle -1
sphere {
	<28.247200, 38.603184, 34.697964> 0.250000
	pigment { color rgbt <1,0,0,0> }
	no_shadow
}
cylinder {
	<28.485550, 38.503086, 35.003201>,  <28.628559, 38.443027, 35.186344>, 0.100000
	pigment { color rgbt <1,0,0,0> }
	no_shadow
}
cylinder {
	<28.485550, 38.503086, 35.003201>,  <28.247200, 38.603184, 34.697964>, 0.100000
	pigment { color rgbt <1,0,0,0> }
	no_shadow
}

// particle -1
sphere {
	<28.485550, 38.503086, 35.003201> 0.100000
	pigment { color rgbt <1,0,0,0> }
	no_shadow
}
sphere {
	0, 1
	scale<0.080000,0.200000,0.300000>
	matrix <0.454213, 0.888644, -0.063267,
		-0.662287, 0.384307, 0.643183,
		0.595874, -0.250241, 0.763094,
		28.664312, 38.428013, 35.232128>
	pigment { color rgbt <0,1,1,0> }
	no_shadow
}
cylinder {
	<28.213520, 39.155796, 35.029793>,  <28.247200, 38.603184, 34.697964>, 0.130000
	pigment { color rgbt <1,0,0,0> }
	no_shadow
}

// nucleotide -1

// particle -1
sphere {
	<28.213520, 39.155796, 35.029793> 0.250000
	pigment { color rgbt <1,0,0,0> }
	no_shadow
}
cylinder {
	<28.544119, 38.957653, 35.136768>,  <28.742477, 38.838768, 35.200954>, 0.100000
	pigment { color rgbt <1,0,0,0> }
	no_shadow
}
cylinder {
	<28.544119, 38.957653, 35.136768>,  <28.213520, 39.155796, 35.029793>, 0.100000
	pigment { color rgbt <1,0,0,0> }
	no_shadow
}

// particle -1
sphere {
	<28.544119, 38.957653, 35.136768> 0.100000
	pigment { color rgbt <1,0,0,0> }
	no_shadow
}
sphere {
	0, 1
	scale<0.080000,0.200000,0.300000>
	matrix <0.493883, 0.866041, 0.077804,
		-0.270151, 0.067777, 0.960429,
		0.826498, -0.495358, 0.267436,
		28.792068, 38.809044, 35.216999>
	pigment { color rgbt <0,1,1,0> }
	no_shadow
}
cylinder {
	<28.455624, 39.657932, 35.458107>,  <28.213520, 39.155796, 35.029793>, 0.130000
	pigment { color rgbt <1,0,0,0> }
	no_shadow
}

// nucleotide -1

// particle -1
sphere {
	<28.455624, 39.657932, 35.458107> 0.250000
	pigment { color rgbt <1,0,0,0> }
	no_shadow
}
cylinder {
	<28.749811, 39.409416, 35.349972>,  <28.926323, 39.260307, 35.285091>, 0.100000
	pigment { color rgbt <1,0,0,0> }
	no_shadow
}
cylinder {
	<28.749811, 39.409416, 35.349972>,  <28.455624, 39.657932, 35.458107>, 0.100000
	pigment { color rgbt <1,0,0,0> }
	no_shadow
}

// particle -1
sphere {
	<28.749811, 39.409416, 35.349972> 0.100000
	pigment { color rgbt <1,0,0,0> }
	no_shadow
}
sphere {
	0, 1
	scale<0.080000,0.200000,0.300000>
	matrix <0.572531, 0.783227, -0.242411,
		0.362346, 0.023507, 0.931747,
		0.735468, -0.621291, -0.270341,
		28.970451, 39.223030, 35.268871>
	pigment { color rgbt <0,1,1,0> }
	no_shadow
}
cylinder {
	<29.038212, 39.957001, 35.677399>,  <28.455624, 39.657932, 35.458107>, 0.130000
	pigment { color rgbt <1,0,0,0> }
	no_shadow
}

// nucleotide -1

// particle -1
sphere {
	<29.038212, 39.957001, 35.677399> 0.250000
	pigment { color rgbt <1,0,0,0> }
	no_shadow
}
cylinder {
	<29.196402, 39.688900, 35.426205>,  <29.291315, 39.528042, 35.275486>, 0.100000
	pigment { color rgbt <1,0,0,0> }
	no_shadow
}
cylinder {
	<29.196402, 39.688900, 35.426205>,  <29.038212, 39.957001, 35.677399>, 0.100000
	pigment { color rgbt <1,0,0,0> }
	no_shadow
}

// particle -1
sphere {
	<29.196402, 39.688900, 35.426205> 0.100000
	pigment { color rgbt <1,0,0,0> }
	no_shadow
}
sphere {
	0, 1
	scale<0.080000,0.200000,0.300000>
	matrix <0.505031, 0.729774, -0.460840,
		0.767165, -0.134902, 0.627104,
		0.395476, -0.670247, -0.627987,
		29.315044, 39.487827, 35.237808>
	pigment { color rgbt <0,1,1,0> }
	no_shadow
}
cylinder {
	<29.703384, 40.189968, 35.696911>,  <29.038212, 39.957001, 35.677399>, 0.130000
	pigment { color rgbt <1,0,0,0> }
	no_shadow
}

// nucleotide -1

// particle -1
sphere {
	<29.703384, 40.189968, 35.696911> 0.250000
	pigment { color rgbt <1,0,0,0> }
	no_shadow
}
cylinder {
	<29.676237, 39.993076, 35.349785>,  <29.659948, 39.874943, 35.141510>, 0.100000
	pigment { color rgbt <1,0,0,0> }
	no_shadow
}
cylinder {
	<29.676237, 39.993076, 35.349785>,  <29.703384, 40.189968, 35.696911>, 0.100000
	pigment { color rgbt <1,0,0,0> }
	no_shadow
}

// particle -1
sphere {
	<29.676237, 39.993076, 35.349785> 0.100000
	pigment { color rgbt <1,0,0,0> }
	no_shadow
}
sphere {
	0, 1
	scale<0.080000,0.200000,0.300000>
	matrix <0.409155, 0.779582, -0.474177,
		0.909938, -0.387253, 0.148487,
		-0.067869, -0.492225, -0.867818,
		29.655876, 39.845409, 35.089439>
	pigment { color rgbt <0,1,1,0> }
	no_shadow
}
cylinder {
	<30.331270, 40.274891, 35.317646>,  <29.703384, 40.189968, 35.696911>, 0.130000
	pigment { color rgbt <1,0,0,0> }
	no_shadow
}

// nucleotide -1

// particle -1
sphere {
	<30.331270, 40.274891, 35.317646> 0.250000
	pigment { color rgbt <1,0,0,0> }
	no_shadow
}
cylinder {
	<30.094616, 40.166553, 35.013905>,  <29.952623, 40.101551, 34.831661>, 0.100000
	pigment { color rgbt <1,0,0,0> }
	no_shadow
}
cylinder {
	<30.094616, 40.166553, 35.013905>,  <30.331270, 40.274891, 35.317646>, 0.100000
	pigment { color rgbt <1,0,0,0> }
	no_shadow
}

// particle -1
sphere {
	<30.094616, 40.166553, 35.013905> 0.100000
	pigment { color rgbt <1,0,0,0> }
	no_shadow
}
sphere {
	0, 1
	scale<0.080000,0.200000,0.300000>
	matrix <0.274094, 0.818200, -0.505392,
		0.758183, -0.507140, -0.409838,
		-0.591634, -0.270846, -0.759350,
		29.917126, 40.085300, 34.786098>
	pigment { color rgbt <0,1,1,0> }
	no_shadow
}
cylinder {
	<30.745020, 40.339928, 34.650993>,  <30.331270, 40.274891, 35.317646>, 0.130000
	pigment { color rgbt <1,0,0,0> }
	no_shadow
}

// nucleotide -1

// particle -1
sphere {
	<30.745020, 40.339928, 34.650993> 0.250000
	pigment { color rgbt <1,0,0,0> }
	no_shadow
}
cylinder {
	<30.353651, 40.364571, 34.572105>,  <30.118830, 40.379356, 34.524773>, 0.100000
	pigment { color rgbt <1,0,0,0> }
	no_shadow
}
cylinder {
	<30.353651, 40.364571, 34.572105>,  <30.745020, 40.339928, 34.650993>, 0.100000
	pigment { color rgbt <1,0,0,0> }
	no_shadow
}

// particle -1
sphere {
	<30.353651, 40.364571, 34.572105> 0.100000
	pigment { color rgbt <1,0,0,0> }
	no_shadow
}
sphere {
	0, 1
	scale<0.080000,0.200000,0.300000>
	matrix <0.174853, 0.755406, -0.631496,
		0.110079, -0.652354, -0.749878,
		-0.978422, 0.061603, -0.197221,
		30.060125, 40.383053, 34.512939>
	pigment { color rgbt <0,1,1,0> }
	no_shadow
}
cylinder {
	<30.716145, 40.417171, 33.934616>,  <30.745020, 40.339928, 34.650993>, 0.130000
	pigment { color rgbt <1,0,0,0> }
	no_shadow
}

// nucleotide -1

// particle -1
sphere {
	<30.716145, 40.417171, 33.934616> 0.250000
	pigment { color rgbt <1,0,0,0> }
	no_shadow
}
cylinder {
	<30.379406, 40.551819, 34.103367>,  <30.177362, 40.632607, 34.204617>, 0.100000
	pigment { color rgbt <1,0,0,0> }
	no_shadow
}
cylinder {
	<30.379406, 40.551819, 34.103367>,  <30.716145, 40.417171, 33.934616>, 0.100000
	pigment { color rgbt <1,0,0,0> }
	no_shadow
}

// particle -1
sphere {
	<30.379406, 40.551819, 34.103367> 0.100000
	pigment { color rgbt <1,0,0,0> }
	no_shadow
}
sphere {
	0, 1
	scale<0.080000,0.200000,0.300000>
	matrix <0.082781, 0.852952, -0.515383,
		-0.533330, -0.398950, -0.745921,
		-0.841847, 0.336617, 0.421880,
		30.126852, 40.652805, 34.229931>
	pigment { color rgbt <0,1,1,0> }
	no_shadow
}
cylinder {
	<30.451532, 40.738209, 33.439220>,  <30.716145, 40.417171, 33.934616>, 0.130000
	pigment { color rgbt <1,0,0,0> }
	no_shadow
}

// nucleotide -1

// particle -1
sphere {
	<30.451532, 40.738209, 33.439220> 0.250000
	pigment { color rgbt <1,0,0,0> }
	no_shadow
}
cylinder {
	<30.227633, 40.898216, 33.729507>,  <30.093292, 40.994221, 33.903679>, 0.100000
	pigment { color rgbt <1,0,0,0> }
	no_shadow
}
cylinder {
	<30.227633, 40.898216, 33.729507>,  <30.451532, 40.738209, 33.439220>, 0.100000
	pigment { color rgbt <1,0,0,0> }
	no_shadow
}

// particle -1
sphere {
	<30.227633, 40.898216, 33.729507> 0.100000
	pigment { color rgbt <1,0,0,0> }
	no_shadow
}
sphere {
	0, 1
	scale<0.080000,0.200000,0.300000>
	matrix <-0.052459, 0.856905, -0.512799,
		-0.826999, -0.325110, -0.458667,
		-0.559750, 0.400023, 0.725715,
		30.059708, 41.018223, 33.947224>
	pigment { color rgbt <0,1,1,0> }
	no_shadow
}
cylinder {
	<29.898952, 41.048267, 33.091274>,  <30.451532, 40.738209, 33.439220>, 0.130000
	pigment { color rgbt <1,0,0,0> }
	no_shadow
}

// nucleotide -1

// particle -1
sphere {
	<29.898952, 41.048267, 33.091274> 0.250000
	pigment { color rgbt <1,0,0,0> }
	no_shadow
}
cylinder {
	<29.989786, 41.234879, 33.433216>,  <30.044287, 41.346848, 33.638382>, 0.100000
	pigment { color rgbt <1,0,0,0> }
	no_shadow
}
cylinder {
	<29.989786, 41.234879, 33.433216>,  <29.898952, 41.048267, 33.091274>, 0.100000
	pigment { color rgbt <1,0,0,0> }
	no_shadow
}

// particle -1
sphere {
	<29.989786, 41.234879, 33.433216> 0.100000
	pigment { color rgbt <1,0,0,0> }
	no_shadow
}
sphere {
	0, 1
	scale<0.080000,0.200000,0.300000>
	matrix <0.041156, 0.872409, -0.487041,
		-0.973006, 0.145781, 0.178908,
		0.227082, 0.466530, 0.854859,
		30.057911, 41.374836, 33.689674>
	pigment { color rgbt <0,1,1,0> }
	no_shadow
}
cylinder {
	<29.533373, 41.579700, 33.003868>,  <29.898952, 41.048267, 33.091274>, 0.130000
	pigment { color rgbt <1,0,0,0> }
	no_shadow
}

// nucleotide -1

// particle -1
sphere {
	<29.533373, 41.579700, 33.003868> 0.250000
	pigment { color rgbt <1,0,0,0> }
	no_shadow
}
cylinder {
	<29.769575, 41.701389, 33.302868>,  <29.911297, 41.774403, 33.482269>, 0.100000
	pigment { color rgbt <1,0,0,0> }
	no_shadow
}
cylinder {
	<29.769575, 41.701389, 33.302868>,  <29.533373, 41.579700, 33.003868>, 0.100000
	pigment { color rgbt <1,0,0,0> }
	no_shadow
}

// particle -1
sphere {
	<29.769575, 41.701389, 33.302868> 0.100000
	pigment { color rgbt <1,0,0,0> }
	no_shadow
}
sphere {
	0, 1
	scale<0.080000,0.200000,0.300000>
	matrix <-0.038085, 0.935703, -0.350727,
		-0.806136, 0.178637, 0.564122,
		0.590504, 0.304218, 0.747500,
		29.946726, 41.792656, 33.527119>
	pigment { color rgbt <0,1,1,0> }
	no_shadow
}
cylinder {
	<29.580000, 41.121799, 32.448727>,  <29.533373, 41.579700, 33.003868>, 0.130000
	pigment { color rgbt <1,0,0,0> }
	no_shadow
}

// nucleotide -1

// particle -1
sphere {
	<29.580000, 41.121799, 32.448727> 0.250000
	pigment { color rgbt <1,0,0,0> }
	no_shadow
}
cylinder {
	<29.217653, 41.118023, 32.279343>,  <29.000246, 41.115757, 32.177711>, 0.100000
	pigment { color rgbt <1,0,0,0> }
	no_shadow
}
cylinder {
	<29.217653, 41.118023, 32.279343>,  <29.580000, 41.121799, 32.448727>, 0.100000
	pigment { color rgbt <1,0,0,0> }
	no_shadow
}

// particle -1
sphere {
	<29.217653, 41.118023, 32.279343> 0.100000
	pigment { color rgbt <1,0,0,0> }
	no_shadow
}
sphere {
	0, 1
	scale<0.080000,0.200000,0.300000>
	matrix <0.421112, -0.127444, -0.898010,
		-0.045488, -0.991801, 0.119424,
		-0.905867, -0.009442, -0.423457,
		28.945892, 41.115189, 32.152306>
	pigment { color rgbt <0,1,1,0> }
	no_shadow
}
cylinder {
	<29.494595, 40.497841, 32.100899>,  <29.580000, 41.121799, 32.448727>, 0.130000
	pigment { color rgbt <1,0,0,0> }
	no_shadow
}

// nucleotide -1

// particle -1
sphere {
	<29.494595, 40.497841, 32.100899> 0.250000
	pigment { color rgbt <1,0,0,0> }
	no_shadow
}
cylinder {
	<29.279457, 40.776581, 31.911110>,  <29.150375, 40.943825, 31.797237>, 0.100000
	pigment { color rgbt <1,0,0,0> }
	no_shadow
}
cylinder {
	<29.279457, 40.776581, 31.911110>,  <29.494595, 40.497841, 32.100899>, 0.100000
	pigment { color rgbt <1,0,0,0> }
	no_shadow
}

// particle -1
sphere {
	<29.279457, 40.776581, 31.911110> 0.100000
	pigment { color rgbt <1,0,0,0> }
	no_shadow
}
sphere {
	0, 1
	scale<0.080000,0.200000,0.300000>
	matrix <0.342420, -0.333720, -0.878282,
		-0.770373, -0.634846, -0.059126,
		-0.537843, 0.696851, -0.474473,
		29.118105, 40.985638, 31.768768>
	pigment { color rgbt <0,1,1,0> }
	no_shadow
}
cylinder {
	<29.024759, 40.148521, 31.479275>,  <29.494595, 40.497841, 32.100899>, 0.130000
	pigment { color rgbt <1,0,0,0> }
	no_shadow
}

// nucleotide -1

// particle -1
sphere {
	<29.024759, 40.148521, 31.479275> 0.250000
	pigment { color rgbt <1,0,0,0> }
	no_shadow
}
cylinder {
	<29.167845, 40.521828, 31.466330>,  <29.253696, 40.745811, 31.458563>, 0.100000
	pigment { color rgbt <1,0,0,0> }
	no_shadow
}
cylinder {
	<29.167845, 40.521828, 31.466330>,  <29.024759, 40.148521, 31.479275>, 0.100000
	pigment { color rgbt <1,0,0,0> }
	no_shadow
}

// particle -1
sphere {
	<29.167845, 40.521828, 31.466330> 0.100000
	pigment { color rgbt <1,0,0,0> }
	no_shadow
}
sphere {
	0, 1
	scale<0.080000,0.200000,0.300000>
	matrix <0.564073, -0.243564, -0.788985,
		-0.744219, 0.263975, -0.613559,
		0.357713, 0.933270, -0.032364,
		29.275158, 40.801807, 31.456621>
	pigment { color rgbt <0,1,1,0> }
	no_shadow
}
cylinder {
	<28.816971, 40.396721, 30.817360>,  <29.024759, 40.148521, 31.479275>, 0.130000
	pigment { color rgbt <1,0,0,0> }
	no_shadow
}

// nucleotide -1

// particle -1
sphere {
	<28.816971, 40.396721, 30.817360> 0.250000
	pigment { color rgbt <1,0,0,0> }
	no_shadow
}
cylinder {
	<29.148869, 40.570683, 30.957293>,  <29.348007, 40.675060, 31.041252>, 0.100000
	pigment { color rgbt <1,0,0,0> }
	no_shadow
}
cylinder {
	<29.148869, 40.570683, 30.957293>,  <28.816971, 40.396721, 30.817360>, 0.100000
	pigment { color rgbt <1,0,0,0> }
	no_shadow
}

// particle -1
sphere {
	<29.148869, 40.570683, 30.957293> 0.100000
	pigment { color rgbt <1,0,0,0> }
	no_shadow
}
sphere {
	0, 1
	scale<0.080000,0.200000,0.300000>
	matrix <0.403476, -0.034290, -0.914347,
		-0.385661, 0.899822, -0.203927,
		0.829742, 0.434908, 0.349833,
		29.397791, 40.701157, 31.062243>
	pigment { color rgbt <0,1,1,0> }
	no_shadow
}
cylinder {
	<29.106848, 40.905350, 30.311140>,  <28.816971, 40.396721, 30.817360>, 0.130000
	pigment { color rgbt <1,0,0,0> }
	no_shadow
}

// nucleotide -1

// particle -1
sphere {
	<29.106848, 40.905350, 30.311140> 0.250000
	pigment { color rgbt <1,0,0,0> }
	no_shadow
}
cylinder {
	<29.418158, 40.794556, 30.536552>,  <29.604944, 40.728081, 30.671801>, 0.100000
	pigment { color rgbt <1,0,0,0> }
	no_shadow
}
cylinder {
	<29.418158, 40.794556, 30.536552>,  <29.106848, 40.905350, 30.311140>, 0.100000
	pigment { color rgbt <1,0,0,0> }
	no_shadow
}

// particle -1
sphere {
	<29.418158, 40.794556, 30.536552> 0.100000
	pigment { color rgbt <1,0,0,0> }
	no_shadow
}
sphere {
	0, 1
	scale<0.080000,0.200000,0.300000>
	matrix <0.523912, -0.208257, -0.825921,
		0.346126, 0.938035, -0.016966,
		0.778276, -0.276984, 0.563531,
		29.651640, 40.711460, 30.705612>
	pigment { color rgbt <0,1,1,0> }
	no_shadow
}
cylinder {
	<29.740662, 41.262196, 30.105768>,  <29.106848, 40.905350, 30.311140>, 0.130000
	pigment { color rgbt <1,0,0,0> }
	no_shadow
}

// nucleotide -1

// particle -1
sphere {
	<29.740662, 41.262196, 30.105768> 0.250000
	pigment { color rgbt <1,0,0,0> }
	no_shadow
}
cylinder {
	<29.778376, 40.893990, 30.257427>,  <29.801004, 40.673065, 30.348423>, 0.100000
	pigment { color rgbt <1,0,0,0> }
	no_shadow
}
cylinder {
	<29.778376, 40.893990, 30.257427>,  <29.740662, 41.262196, 30.105768>, 0.100000
	pigment { color rgbt <1,0,0,0> }
	no_shadow
}

// particle -1
sphere {
	<29.778376, 40.893990, 30.257427> 0.100000
	pigment { color rgbt <1,0,0,0> }
	no_shadow
}
sphere {
	0, 1
	scale<0.080000,0.200000,0.300000>
	matrix <0.410297, -0.311067, -0.857260,
		0.907065, 0.236391, 0.348357,
		0.094286, -0.920520, 0.379148,
		29.806662, 40.617832, 30.371172>
	pigment { color rgbt <0,1,1,0> }
	no_shadow
}
cylinder {
	<30.309898, 41.431427, 29.691654>,  <29.740662, 41.262196, 30.105768>, 0.130000
	pigment { color rgbt <1,0,0,0> }
	no_shadow
}

// nucleotide -1

// particle -1
sphere {
	<30.309898, 41.431427, 29.691654> 0.250000
	pigment { color rgbt <1,0,0,0> }
	no_shadow
}
cylinder {
	<30.699257, 41.340126, 29.699608>,  <30.932873, 41.285343, 29.704380>, 0.100000
	pigment { color rgbt <1,0,0,0> }
	no_shadow
}
cylinder {
	<30.699257, 41.340126, 29.699608>,  <30.309898, 41.431427, 29.691654>, 0.100000
	pigment { color rgbt <1,0,0,0> }
	no_shadow
}

// particle -1
sphere {
	<30.699257, 41.340126, 29.699608> 0.100000
	pigment { color rgbt <1,0,0,0> }
	no_shadow
}
sphere {
	0, 1
	scale<0.080000,0.200000,0.300000>
	matrix <-0.213720, -0.873272, 0.437858,
		-0.082581, -0.430459, -0.898824,
		0.973398, -0.228256, 0.019882,
		30.991276, 41.271648, 29.705572>
	pigment { color rgbt <0,1,1,0> }
	no_shadow
}
cylinder {
	<30.457504, 40.644489, 29.465361>,  <30.309898, 41.431427, 29.691654>, 0.130000
	pigment { color rgbt <1,0,0,0> }
	no_shadow
}

// nucleotide -1

// particle -1
sphere {
	<30.457504, 40.644489, 29.465361> 0.250000
	pigment { color rgbt <1,0,0,0> }
	no_shadow
}
cylinder {
	<30.726992, 40.797981, 29.717979>,  <30.888683, 40.890076, 29.869551>, 0.100000
	pigment { color rgbt <1,0,0,0> }
	no_shadow
}
cylinder {
	<30.726992, 40.797981, 29.717979>,  <30.457504, 40.644489, 29.465361>, 0.100000
	pigment { color rgbt <1,0,0,0> }
	no_shadow
}

// particle -1
sphere {
	<30.726992, 40.797981, 29.717979> 0.100000
	pigment { color rgbt <1,0,0,0> }
	no_shadow
}
sphere {
	0, 1
	scale<0.080000,0.200000,0.300000>
	matrix <-0.134779, -0.776471, 0.615570,
		0.726594, -0.499840, -0.471403,
		0.673717, 0.383735, 0.631548,
		30.929108, 40.913101, 29.907444>
	pigment { color rgbt <0,1,1,0> }
	no_shadow
}
cylinder {
	<31.097363, 40.242733, 29.474792>,  <30.457504, 40.644489, 29.465361>, 0.130000
	pigment { color rgbt <1,0,0,0> }
	no_shadow
}

// nucleotide -1

// particle -1
sphere {
	<31.097363, 40.242733, 29.474792> 0.250000
	pigment { color rgbt <1,0,0,0> }
	no_shadow
}
cylinder {
	<31.001404, 40.431858, 29.813944>,  <30.943829, 40.545334, 30.017435>, 0.100000
	pigment { color rgbt <1,0,0,0> }
	no_shadow
}
cylinder {
	<31.001404, 40.431858, 29.813944>,  <31.097363, 40.242733, 29.474792>, 0.100000
	pigment { color rgbt <1,0,0,0> }
	no_shadow
}

// particle -1
sphere {
	<31.001404, 40.431858, 29.813944> 0.100000
	pigment { color rgbt <1,0,0,0> }
	no_shadow
}
sphere {
	0, 1
	scale<0.080000,0.200000,0.300000>
	matrix <-0.036235, -0.877136, 0.478873,
		0.970122, 0.084158, 0.227556,
		-0.239898, 0.472810, 0.847879,
		30.929434, 40.573700, 30.068308>
	pigment { color rgbt <0,1,1,0> }
	no_shadow
}
cylinder {
	<31.476162, 39.843300, 29.708538>,  <31.097363, 40.242733, 29.474792>, 0.130000
	pigment { color rgbt <1,0,0,0> }
	no_shadow
}

// nucleotide -1

// particle -1
sphere {
	<31.476162, 39.843300, 29.708538> 0.250000
	pigment { color rgbt <1,0,0,0> }
	no_shadow
}
cylinder {
	<31.280050, 39.995750, 30.022064>,  <31.162384, 40.087219, 30.210180>, 0.100000
	pigment { color rgbt <1,0,0,0> }
	no_shadow
}
cylinder {
	<31.280050, 39.995750, 30.022064>,  <31.476162, 39.843300, 29.708538>, 0.100000
	pigment { color rgbt <1,0,0,0> }
	no_shadow
}

// particle -1
sphere {
	<31.280050, 39.995750, 30.022064> 0.100000
	pigment { color rgbt <1,0,0,0> }
	no_shadow
}
sphere {
	0, 1
	scale<0.080000,0.200000,0.300000>
	matrix <0.185365, -0.833149, 0.521060,
		0.851627, 0.400756, 0.337826,
		-0.490278, 0.381127, 0.783818,
		31.132967, 40.110088, 30.257210>
	pigment { color rgbt <0,1,1,0> }
	no_shadow
}
cylinder {
	<31.815437, 39.645554, 30.288261>,  <31.476162, 39.843300, 29.708538>, 0.130000
	pigment { color rgbt <1,0,0,0> }
	no_shadow
}

// nucleotide -1

// particle -1
sphere {
	<31.815437, 39.645554, 30.288261> 0.250000
	pigment { color rgbt <1,0,0,0> }
	no_shadow
}
cylinder {
	<31.429373, 39.710636, 30.370224>,  <31.197733, 39.749687, 30.419401>, 0.100000
	pigment { color rgbt <1,0,0,0> }
	no_shadow
}
cylinder {
	<31.429373, 39.710636, 30.370224>,  <31.815437, 39.645554, 30.288261>, 0.100000
	pigment { color rgbt <1,0,0,0> }
	no_shadow
}

// particle -1
sphere {
	<31.429373, 39.710636, 30.370224> 0.100000
	pigment { color rgbt <1,0,0,0> }
	no_shadow
}
sphere {
	0, 1
	scale<0.080000,0.200000,0.300000>
	matrix <-0.060694, -0.900997, 0.429559,
		0.254512, 0.402158, 0.879484,
		-0.965163, 0.162707, 0.204906,
		31.139824, 39.759449, 30.431696>
	pigment { color rgbt <0,1,1,0> }
	no_shadow
}
cylinder {
	<31.705784, 39.327652, 30.967947>,  <31.815437, 39.645554, 30.288261>, 0.130000
	pigment { color rgbt <1,0,0,0> }
	no_shadow
}

// nucleotide -1

// particle -1
sphere {
	<31.705784, 39.327652, 30.967947> 0.250000
	pigment { color rgbt <1,0,0,0> }
	no_shadow
}
cylinder {
	<31.338093, 39.420181, 30.840506>,  <31.117477, 39.475697, 30.764040>, 0.100000
	pigment { color rgbt <1,0,0,0> }
	no_shadow
}
cylinder {
	<31.338093, 39.420181, 30.840506>,  <31.705784, 39.327652, 30.967947>, 0.100000
	pigment { color rgbt <1,0,0,0> }
	no_shadow
}

// particle -1
sphere {
	<31.338093, 39.420181, 30.840506> 0.100000
	pigment { color rgbt <1,0,0,0> }
	no_shadow
}
sphere {
	0, 1
	scale<0.080000,0.200000,0.300000>
	matrix <-0.317318, -0.914309, 0.251691,
		-0.233081, 0.332461, 0.913862,
		-0.919229, 0.231321, -0.318604,
		31.062325, 39.489578, 30.744925>
	pigment { color rgbt <0,1,1,0> }
	no_shadow
}
cylinder {
	<31.273624, 39.317848, 31.655987>,  <31.705784, 39.327652, 30.967947>, 0.130000
	pigment { color rgbt <1,0,0,0> }
	no_shadow
}

// nucleotide -1

// particle -1
sphere {
	<31.273624, 39.317848, 31.655987> 0.250000
	pigment { color rgbt <1,0,0,0> }
	no_shadow
}
cylinder {
	<31.075258, 39.230862, 31.319708>,  <30.956238, 39.178669, 31.117941>, 0.100000
	pigment { color rgbt <1,0,0,0> }
	no_shadow
}
cylinder {
	<31.075258, 39.230862, 31.319708>,  <31.273624, 39.317848, 31.655987>, 0.100000
	pigment { color rgbt <1,0,0,0> }
	no_shadow
}

// particle -1
sphere {
	<31.075258, 39.230862, 31.319708> 0.100000
	pigment { color rgbt <1,0,0,0> }
	no_shadow
}
sphere {
	0, 1
	scale<0.080000,0.200000,0.300000>
	matrix <-0.137759, -0.936171, 0.323428,
		-0.857373, 0.276207, 0.434305,
		-0.495917, -0.217469, -0.840698,
		30.926483, 39.165623, 31.067499>
	pigment { color rgbt <0,1,1,0> }
	no_shadow
}
cylinder {
	<30.571581, 39.262356, 31.807907>,  <31.273624, 39.317848, 31.655987>, 0.130000
	pigment { color rgbt <1,0,0,0> }
	no_shadow
}

// nucleotide -1

// particle -1
sphere {
	<30.571581, 39.262356, 31.807907> 0.250000
	pigment { color rgbt <1,0,0,0> }
	no_shadow
}
cylinder {
	<30.624422, 39.021812, 31.492714>,  <30.656126, 38.877487, 31.303598>, 0.100000
	pigment { color rgbt <1,0,0,0> }
	no_shadow
}
cylinder {
	<30.624422, 39.021812, 31.492714>,  <30.571581, 39.262356, 31.807907>, 0.100000
	pigment { color rgbt <1,0,0,0> }
	no_shadow
}

// particle -1
sphere {
	<30.624422, 39.021812, 31.492714> 0.100000
	pigment { color rgbt <1,0,0,0> }
	no_shadow
}
sphere {
	0, 1
	scale<0.080000,0.200000,0.300000>
	matrix <-0.159248, -0.797498, 0.581925,
		-0.978360, 0.048611, -0.201118,
		0.132103, -0.601360, -0.787981,
		30.664053, 38.841404, 31.256319>
	pigment { color rgbt <0,1,1,0> }
	no_shadow
}
cylinder {
	<30.144974, 38.704388, 31.975653>,  <30.571581, 39.262356, 31.807907>, 0.130000
	pigment { color rgbt <1,0,0,0> }
	no_shadow
}

// nucleotide -1

// particle -1
sphere {
	<30.144974, 38.704388, 31.975653> 0.250000
	pigment { color rgbt <1,0,0,0> }
	no_shadow
}
cylinder {
	<30.371965, 38.591450, 31.666267>,  <30.508162, 38.523685, 31.480637>, 0.100000
	pigment { color rgbt <1,0,0,0> }
	no_shadow
}
cylinder {
	<30.371965, 38.591450, 31.666267>,  <30.144974, 38.704388, 31.975653>, 0.100000
	pigment { color rgbt <1,0,0,0> }
	no_shadow
}

// particle -1
sphere {
	<30.371965, 38.591450, 31.666267> 0.100000
	pigment { color rgbt <1,0,0,0> }
	no_shadow
}
sphere {
	0, 1
	scale<0.080000,0.200000,0.300000>
	matrix <0.010319, -0.936857, 0.349559,
		-0.823322, -0.206350, -0.528736,
		0.567481, -0.282343, -0.773464,
		30.542210, 38.506748, 31.434229>
	pigment { color rgbt <0,1,1,0> }
	no_shadow
}
cylinder {
	<29.708279, 38.179459, 31.729164>,  <30.144974, 38.704388, 31.975653>, 0.130000
	pigment { color rgbt <1,0,0,0> }
	no_shadow
}

// nucleotide -1

// particle -1
sphere {
	<29.708279, 38.179459, 31.729164> 0.250000
	pigment { color rgbt <1,0,0,0> }
	no_shadow
}
cylinder {
	<30.085344, 38.089630, 31.630413>,  <30.311584, 38.035732, 31.571161>, 0.100000
	pigment { color rgbt <1,0,0,0> }
	no_shadow
}
cylinder {
	<30.085344, 38.089630, 31.630413>,  <29.708279, 38.179459, 31.729164>, 0.100000
	pigment { color rgbt <1,0,0,0> }
	no_shadow
}

// particle -1
sphere {
	<30.085344, 38.089630, 31.630413> 0.100000
	pigment { color rgbt <1,0,0,0> }
	no_shadow
}
sphere {
	0, 1
	scale<0.080000,0.200000,0.300000>
	matrix <-0.061943, -0.844617, 0.531776,
		-0.327940, -0.485994, -0.810102,
		0.942665, -0.224571, -0.246880,
		30.368143, 38.022259, 31.556349>
	pigment { color rgbt <0,1,1,0> }
	no_shadow
}
cylinder {
	<29.613300, 37.600796, 31.430159>,  <29.708279, 38.179459, 31.729164>, 0.130000
	pigment { color rgbt <1,0,0,0> }
	no_shadow
}

// nucleotide -1

// particle -1
sphere {
	<29.613300, 37.600796, 31.430159> 0.250000
	pigment { color rgbt <1,0,0,0> }
	no_shadow
}
cylinder {
	<30.000090, 37.619450, 31.530386>,  <30.232164, 37.630642, 31.590523>, 0.100000
	pigment { color rgbt <1,0,0,0> }
	no_shadow
}
cylinder {
	<30.000090, 37.619450, 31.530386>,  <29.613300, 37.600796, 31.430159>, 0.100000
	pigment { color rgbt <1,0,0,0> }
	no_shadow
}

// particle -1
sphere {
	<30.000090, 37.619450, 31.530386> 0.100000
	pigment { color rgbt <1,0,0,0> }
	no_shadow
}
sphere {
	0, 1
	scale<0.080000,0.200000,0.300000>
	matrix <-0.079349, -0.879174, 0.469848,
		0.242207, -0.474213, -0.846438,
		0.966975, 0.046637, 0.250570,
		30.290182, 37.633442, 31.605556>
	pigment { color rgbt <0,1,1,0> }
	no_shadow
}
cylinder {
	<29.883837, 36.820797, 31.423271>,  <29.613300, 37.600796, 31.430159>, 0.130000
	pigment { color rgbt <1,0,0,0> }
	no_shadow
}

// nucleotide -1

// particle -1
sphere {
	<29.883837, 36.820797, 31.423271> 0.250000
	pigment { color rgbt <1,0,0,0> }
	no_shadow
}
cylinder {
	<30.150198, 37.035610, 31.630409>,  <30.310015, 37.164497, 31.754692>, 0.100000
	pigment { color rgbt <1,0,0,0> }
	no_shadow
}
cylinder {
	<30.150198, 37.035610, 31.630409>,  <29.883837, 36.820797, 31.423271>, 0.100000
	pigment { color rgbt <1,0,0,0> }
	no_shadow
}

// particle -1
sphere {
	<30.150198, 37.035610, 31.630409> 0.100000
	pigment { color rgbt <1,0,0,0> }
	no_shadow
}
sphere {
	0, 1
	scale<0.080000,0.200000,0.300000>
	matrix <-0.005360, -0.690665, 0.723155,
