// switches for output
#declare DRAW_BASES = 1; // possible values are 0, 1; only relevant for DNA ribbons
#declare DRAW_BASES_TYPE = 3; // possible values are 1, 2, 3; only relevant for DNA ribbons
#declare DRAW_FOG = 0; // set to 1 to enable fog

#include "colors.inc"

#include "transforms.inc"
background { rgb <1, 1, 1>}

#default {
   normal{
       ripples 0.25
       frequency 0.20
       turbulence 0.2
       lambda 5
   }
	finish {
		phong 0.1
		phong_size 40.
	}
}

// original window dimensions: 1024x640


// camera settings

camera {
	sky <0, 0.179814, -0.983701>
	up <0, 0.179814, -0.983701>
	right 1.6 * <1, 0, 0>
	location <35, 94.9851, 44.8844>
	look_at <35, 29.7336, 32.9568>
	direction <0, -65.2515, -11.9276>
	angle 67.0682
}


# declare cpy_camera_pos = <35, 94.9851, 44.8844>;
# if (DRAW_FOG = 1)
fog {
	fog_type 2
	up vnormalize(cpy_camera_pos)
	color rgbt<1,1,1,0.3>
	distance 1e-5
	fog_alt 3e-3
	fog_offset 56
}
# end


// LIGHTS

# declare lum = 6;
global_settings {
	ambient_light rgb lum * <0.05, 0.05, 0.05>
	max_trace_level 15
}# declare cpy_direct_light_amount = 0.25;
light_source
{	1000 * <-1, -1.16352, -0.803886>,
	rgb lum * cpy_direct_light_amount
	parallel
}

light_source
{	1000 * <1, 1.16352, 0.803886>,
	rgb lum * cpy_direct_light_amount
	parallel
}

// strand 0

// nucleotide -1

// particle -1
sphere {
	<24.297421, 34.969852, 35.146793> 0.250000
	pigment { color rgbt <1,0,0,0> }
	no_shadow
}
cylinder {
	<24.313951, 35.114502, 34.774231>,  <24.323870, 35.201294, 34.550694>, 0.100000
	pigment { color rgbt <1,0,0,0> }
	no_shadow
}
cylinder {
	<24.313951, 35.114502, 34.774231>,  <24.297421, 34.969852, 35.146793>, 0.100000
	pigment { color rgbt <1,0,0,0> }
	no_shadow
}

// particle -1
sphere {
	<24.313951, 35.114502, 34.774231> 0.100000
	pigment { color rgbt <1,0,0,0> }
	no_shadow
}
sphere {
	0, 1
	scale<0.080000,0.200000,0.300000>
	matrix <0.306090, 0.882799, 0.356336,
		0.951105, -0.299821, -0.074205,
		0.041329, 0.361626, -0.931407,
		24.326349, 35.222988, 34.494808>
	pigment { color rgbt <0,1,1,0> }
	no_shadow
}
cylinder {
	<24.993837, 35.113716, 34.864830>,  <24.297421, 34.969852, 35.146793>, 0.130000
	pigment { color rgbt <1,0,0,0> }
	no_shadow
}

// nucleotide -1

// particle -1
sphere {
	<24.993837, 35.113716, 34.864830> 0.250000
	pigment { color rgbt <1,0,0,0> }
	no_shadow
}
cylinder {
	<24.694614, 35.348751, 34.741447>,  <24.515079, 35.489773, 34.667419>, 0.100000
	pigment { color rgbt <1,0,0,0> }
	no_shadow
}
cylinder {
	<24.694614, 35.348751, 34.741447>,  <24.993837, 35.113716, 34.864830>, 0.100000
	pigment { color rgbt <1,0,0,0> }
	no_shadow
}

// particle -1
sphere {
	<24.694614, 35.348751, 34.741447> 0.100000
	pigment { color rgbt <1,0,0,0> }
	no_shadow
}
sphere {
	0, 1
	scale<0.080000,0.200000,0.300000>
	matrix <0.376024, 0.758279, 0.532559,
		0.546822, 0.282398, -0.788186,
		-0.748058, 0.587592, -0.308456,
		24.470198, 35.525028, 34.648911>
	pigment { color rgbt <0,1,1,0> }
	no_shadow
}
cylinder {
	<25.335012, 35.711380, 34.665039>,  <24.993837, 35.113716, 34.864830>, 0.130000
	pigment { color rgbt <1,0,0,0> }
	no_shadow
}

// nucleotide -1

// particle -1
sphere {
	<25.335012, 35.711380, 34.665039> 0.250000
	pigment { color rgbt <1,0,0,0> }
	no_shadow
}
cylinder {
	<24.956823, 35.752121, 34.788788>,  <24.729910, 35.776566, 34.863037>, 0.100000
	pigment { color rgbt <1,0,0,0> }
	no_shadow
}
cylinder {
	<24.956823, 35.752121, 34.788788>,  <25.335012, 35.711380, 34.665039>, 0.100000
	pigment { color rgbt <1,0,0,0> }
	no_shadow
}

// particle -1
sphere {
	<24.956823, 35.752121, 34.788788> 0.100000
	pigment { color rgbt <1,0,0,0> }
	no_shadow
}
sphere {
	0, 1
	scale<0.080000,0.200000,0.300000>
	matrix <0.271790, 0.770147, 0.577065,
		-0.179483, 0.629682, -0.755835,
		-0.945472, 0.101855, 0.309369,
		24.673182, 35.782677, 34.881599>
	pigment { color rgbt <0,1,1,0> }
	no_shadow
}
cylinder {
	<25.277426, 36.385292, 34.623802>,  <25.335012, 35.711380, 34.665039>, 0.130000
	pigment { color rgbt <1,0,0,0> }
	no_shadow
}

// nucleotide -1

// particle -1
sphere {
	<25.277426, 36.385292, 34.623802> 0.250000
	pigment { color rgbt <1,0,0,0> }
	no_shadow
}
cylinder {
	<25.003689, 36.260956, 34.887634>,  <24.839447, 36.186352, 35.045933>, 0.100000
	pigment { color rgbt <1,0,0,0> }
	no_shadow
}
cylinder {
	<25.003689, 36.260956, 34.887634>,  <25.277426, 36.385292, 34.623802>, 0.100000
	pigment { color rgbt <1,0,0,0> }
	no_shadow
}

// particle -1
sphere {
	<25.003689, 36.260956, 34.887634> 0.100000
	pigment { color rgbt <1,0,0,0> }
	no_shadow
}
sphere {
	0, 1
	scale<0.080000,0.200000,0.300000>
	matrix <0.286097, 0.717572, 0.635010,
		-0.670688, 0.623270, -0.402134,
		-0.684344, -0.310844, 0.659583,
		24.798386, 36.167702, 35.085510>
	pigment { color rgbt <0,1,1,0> }
	no_shadow
}
cylinder {
	<24.743994, 36.835087, 34.715668>,  <25.277426, 36.385292, 34.623802>, 0.130000
	pigment { color rgbt <1,0,0,0> }
	no_shadow
}

// nucleotide -1

// particle -1
sphere {
	<24.743994, 36.835087, 34.715668> 0.250000
	pigment { color rgbt <1,0,0,0> }
	no_shadow
}
cylinder {
	<24.852913, 36.668392, 35.062580>,  <24.918264, 36.568375, 35.270729>, 0.100000
	pigment { color rgbt <1,0,0,0> }
	no_shadow
}
cylinder {
	<24.852913, 36.668392, 35.062580>,  <24.743994, 36.835087, 34.715668>, 0.100000
	pigment { color rgbt <1,0,0,0> }
	no_shadow
}

// particle -1
sphere {
	<24.852913, 36.668392, 35.062580> 0.100000
	pigment { color rgbt <1,0,0,0> }
	no_shadow
}
sphere {
	0, 1
	scale<0.080000,0.200000,0.300000>
	matrix <0.287791, 0.895358, 0.339869,
		-0.918167, 0.157052, 0.363737,
		0.272297, -0.416737, 0.867286,
		24.934603, 36.543369, 35.322765>
	pigment { color rgbt <0,1,1,0> }
	no_shadow
}
cylinder {
	<24.353607, 37.071724, 35.458275>,  <24.743994, 36.835087, 34.715668>, 0.130000
	pigment { color rgbt <1,0,0,0> }
	no_shadow
}

// nucleotide -1

// particle -1
sphere {
	<24.353607, 37.071724, 35.458275> 0.250000
	pigment { color rgbt <1,0,0,0> }
	no_shadow
}
cylinder {
	<24.735853, 36.964306, 35.506752>,  <24.965200, 36.899857, 35.535839>, 0.100000
	pigment { color rgbt <1,0,0,0> }
	no_shadow
}
cylinder {
	<24.735853, 36.964306, 35.506752>,  <24.353607, 37.071724, 35.458275>, 0.100000
	pigment { color rgbt <1,0,0,0> }
	no_shadow
}

// particle -1
sphere {
	<24.735853, 36.964306, 35.506752> 0.100000
	pigment { color rgbt <1,0,0,0> }
	no_shadow
}
sphere {
	0, 1
	scale<0.080000,0.200000,0.300000>
	matrix <0.248043, 0.955288, 0.160932,
		-0.158990, -0.123728, 0.979496,
		0.955613, -0.268544, 0.121192,
		25.022537, 36.883743, 35.543110>
	pigment { color rgbt <0,1,1,0> }
	no_shadow
}
cylinder {
	<24.595610, 37.391785, 36.127766>,  <24.353607, 37.071724, 35.458275>, 0.130000
	pigment { color rgbt <1,0,0,0> }
	no_shadow
}

// nucleotide -1

// particle -1
sphere {
	<24.595610, 37.391785, 36.127766> 0.250000
	pigment { color rgbt <1,0,0,0> }
	no_shadow
}
cylinder {
	<24.902397, 37.296513, 35.889431>,  <25.086470, 37.239349, 35.746429>, 0.100000
	pigment { color rgbt <1,0,0,0> }
	no_shadow
}
cylinder {
	<24.902397, 37.296513, 35.889431>,  <24.595610, 37.391785, 36.127766>, 0.100000
	pigment { color rgbt <1,0,0,0> }
	no_shadow
}

// particle -1
sphere {
	<24.902397, 37.296513, 35.889431> 0.100000
	pigment { color rgbt <1,0,0,0> }
	no_shadow
}
sphere {
	0, 1
	scale<0.080000,0.200000,0.300000>
	matrix <0.438301, 0.872648, 0.215353,
		0.468667, -0.426328, 0.773690,
		0.766970, -0.238180, -0.595841,
		25.132488, 37.225060, 35.710678>
	pigment { color rgbt <0,1,1,0> }
	no_shadow
}
cylinder {
	<25.195795, 37.608452, 36.529106>,  <24.595610, 37.391785, 36.127766>, 0.130000
	pigment { color rgbt <1,0,0,0> }
	no_shadow
}

// nucleotide -1

// particle -1
sphere {
	<25.195795, 37.608452, 36.529106> 0.250000
	pigment { color rgbt <1,0,0,0> }
	no_shadow
}
cylinder {
	<25.301569, 37.587849, 36.143894>,  <25.365034, 37.575489, 35.912769>, 0.100000
	pigment { color rgbt <1,0,0,0> }
	no_shadow
}
cylinder {
	<25.301569, 37.587849, 36.143894>,  <25.195795, 37.608452, 36.529106>, 0.100000
	pigment { color rgbt <1,0,0,0> }
	no_shadow
}

// particle -1
sphere {
	<25.301569, 37.587849, 36.143894> 0.100000
	pigment { color rgbt <1,0,0,0> }
	no_shadow
}
sphere {
	0, 1
	scale<0.080000,0.200000,0.300000>
	matrix <0.534140, 0.839247, 0.101782,
		0.802975, -0.541306, 0.249436,
		0.264434, -0.051505, -0.963027,
		25.380899, 37.572395, 35.854984>
	pigment { color rgbt <0,1,1,0> }
	no_shadow
}
cylinder {
	<25.877388, 37.852139, 36.579853>,  <25.195795, 37.608452, 36.529106>, 0.130000
	pigment { color rgbt <1,0,0,0> }
	no_shadow
}

// nucleotide -1

// particle -1
sphere {
	<25.877388, 37.852139, 36.579853> 0.250000
	pigment { color rgbt <1,0,0,0> }
	no_shadow
}
cylinder {
	<25.781685, 37.883308, 36.192722>,  <25.724262, 37.902012, 35.960445>, 0.100000
	pigment { color rgbt <1,0,0,0> }
	no_shadow
}
cylinder {
	<25.781685, 37.883308, 36.192722>,  <25.877388, 37.852139, 36.579853>, 0.100000
	pigment { color rgbt <1,0,0,0> }
	no_shadow
}

// particle -1
sphere {
	<25.781685, 37.883308, 36.192722> 0.100000
	pigment { color rgbt <1,0,0,0> }
	no_shadow
}
sphere {
	0, 1
	scale<0.080000,0.200000,0.300000>
	matrix <0.504611, 0.861569, -0.055374,
		0.829532, -0.501624, -0.245460,
		-0.239258, 0.077927, -0.967824,
		25.709908, 37.906685, 35.902374>
	pigment { color rgbt <0,1,1,0> }
	no_shadow
}
cylinder {
	<26.496063, 38.034416, 36.345623>,  <25.877388, 37.852139, 36.579853>, 0.130000
	pigment { color rgbt <1,0,0,0> }
	no_shadow
}

// nucleotide -1

// particle -1
sphere {
	<26.496063, 38.034416, 36.345623> 0.250000
	pigment { color rgbt <1,0,0,0> }
	no_shadow
}
cylinder {
	<26.228031, 38.146988, 36.070873>,  <26.067213, 38.214531, 35.906025>, 0.100000
	pigment { color rgbt <1,0,0,0> }
	no_shadow
}
cylinder {
	<26.228031, 38.146988, 36.070873>,  <26.496063, 38.034416, 36.345623>, 0.100000
	pigment { color rgbt <1,0,0,0> }
	no_shadow
}

// particle -1
sphere {
	<26.228031, 38.146988, 36.070873> 0.100000
	pigment { color rgbt <1,0,0,0> }
	no_shadow
}
sphere {
	0, 1
	scale<0.080000,0.200000,0.300000>
	matrix <0.499096, 0.855765, -0.136267,
		0.549452, -0.434125, -0.713890,
		-0.670079, 0.281427, -0.686872,
		26.027008, 38.231415, 35.864811>
	pigment { color rgbt <0,1,1,0> }
	no_shadow
}
cylinder {
	<26.899403, 38.430904, 35.931473>,  <26.496063, 38.034416, 36.345623>, 0.130000
	pigment { color rgbt <1,0,0,0> }
	no_shadow
}

// nucleotide -1

// particle -1
sphere {
	<26.899403, 38.430904, 35.931473> 0.250000
	pigment { color rgbt <1,0,0,0> }
	no_shadow
}
cylinder {
	<26.531477, 38.520672, 35.802738>,  <26.310722, 38.574532, 35.725498>, 0.100000
	pigment { color rgbt <1,0,0,0> }
	no_shadow
}
cylinder {
	<26.531477, 38.520672, 35.802738>,  <26.899403, 38.430904, 35.931473>, 0.100000
	pigment { color rgbt <1,0,0,0> }
	no_shadow
}

// particle -1
sphere {
	<26.531477, 38.520672, 35.802738> 0.100000
	pigment { color rgbt <1,0,0,0> }
	no_shadow
}
sphere {
	0, 1
	scale<0.080000,0.200000,0.300000>
	matrix <0.241216, 0.970388, -0.012752,
		0.309447, -0.089362, -0.946708,
		-0.919814, 0.224415, -0.321839,
		26.255533, 38.587997, 35.706188>
	pigment { color rgbt <0,1,1,0> }
	no_shadow
}
cylinder {
	<26.887989, 38.927235, 35.267303>,  <26.899403, 38.430904, 35.931473>, 0.130000
	pigment { color rgbt <1,0,0,0> }
	no_shadow
}

// nucleotide -1

// particle -1
sphere {
	<26.887989, 38.927235, 35.267303> 0.250000
	pigment { color rgbt <1,0,0,0> }
	no_shadow
}
cylinder {
	<26.540005, 38.954971, 35.462593>,  <26.331215, 38.971615, 35.579765>, 0.100000
	pigment { color rgbt <1,0,0,0> }
	no_shadow
}
cylinder {
	<26.540005, 38.954971, 35.462593>,  <26.887989, 38.927235, 35.267303>, 0.100000
	pigment { color rgbt <1,0,0,0> }
	no_shadow
}

// particle -1
sphere {
	<26.540005, 38.954971, 35.462593> 0.100000
	pigment { color rgbt <1,0,0,0> }
	no_shadow
}
sphere {
	0, 1
	scale<0.080000,0.200000,0.300000>
	matrix <0.153291, 0.979040, 0.134098,
		-0.468693, 0.191500, -0.862354,
		-0.869959, 0.069340, 0.488225,
		26.279016, 38.975773, 35.609062>
	pigment { color rgbt <0,1,1,0> }
	no_shadow
}
cylinder {
	<26.581207, 39.530144, 35.041348>,  <26.887989, 38.927235, 35.267303>, 0.130000
	pigment { color rgbt <1,0,0,0> }
	no_shadow
}

// nucleotide -1

// particle -1
sphere {
	<26.581207, 39.530144, 35.041348> 0.250000
	pigment { color rgbt <1,0,0,0> }
	no_shadow
}
cylinder {
	<26.415161, 39.484138, 35.402336>,  <26.315533, 39.456535, 35.618927>, 0.100000
	pigment { color rgbt <1,0,0,0> }
	no_shadow
}
cylinder {
	<26.415161, 39.484138, 35.402336>,  <26.581207, 39.530144, 35.041348>, 0.100000
	pigment { color rgbt <1,0,0,0> }
	no_shadow
}

// particle -1
sphere {
	<26.415161, 39.484138, 35.402336> 0.100000
	pigment { color rgbt <1,0,0,0> }
	no_shadow
}
sphere {
	0, 1
	scale<0.080000,0.200000,0.300000>
	matrix <-0.000275, 0.991993, 0.126296,
		-0.909768, 0.052179, -0.411825,
		-0.415117, -0.115013, 0.902469,
		26.290627, 39.449635, 35.673077>
	pigment { color rgbt <0,1,1,0> }
	no_shadow
}
cylinder {
	<25.932814, 39.866882, 34.992905>,  <26.581207, 39.530144, 35.041348>, 0.130000
	pigment { color rgbt <1,0,0,0> }
	no_shadow
}

// nucleotide -1

// particle -1
sphere {
	<25.932814, 39.866882, 34.992905> 0.250000
	pigment { color rgbt <1,0,0,0> }
	no_shadow
}
cylinder {
	<26.037186, 39.861343, 35.379009>,  <26.099808, 39.858021, 35.610672>, 0.100000
	pigment { color rgbt <1,0,0,0> }
	no_shadow
}
cylinder {
	<26.037186, 39.861343, 35.379009>,  <25.932814, 39.866882, 34.992905>, 0.100000
	pigment { color rgbt <1,0,0,0> }
	no_shadow
}

// particle -1
sphere {
	<26.037186, 39.861343, 35.379009> 0.100000
	pigment { color rgbt <1,0,0,0> }
	no_shadow
}
sphere {
	0, 1
	scale<0.080000,0.200000,0.300000>
	matrix <-0.034002, 0.999145, 0.023525,
		-0.964759, -0.038959, 0.260235,
		0.260929, -0.013848, 0.965258,
		26.115465, 39.857189, 35.668587>
	pigment { color rgbt <0,1,1,0> }
	no_shadow
}
cylinder {
	<25.411674, 40.224403, 35.334858>,  <25.932814, 39.866882, 34.992905>, 0.130000
	pigment { color rgbt <1,0,0,0> }
	no_shadow
}

// nucleotide -1

// particle -1
sphere {
	<25.411674, 40.224403, 35.334858> 0.250000
	pigment { color rgbt <1,0,0,0> }
	no_shadow
}
cylinder {
	<25.735514, 40.251606, 35.568069>,  <25.929817, 40.267929, 35.707996>, 0.100000
	pigment { color rgbt <1,0,0,0> }
	no_shadow
}
cylinder {
	<25.735514, 40.251606, 35.568069>,  <25.411674, 40.224403, 35.334858>, 0.100000
	pigment { color rgbt <1,0,0,0> }
	no_shadow
}

// particle -1
sphere {
	<25.735514, 40.251606, 35.568069> 0.100000
	pigment { color rgbt <1,0,0,0> }
	no_shadow
}
sphere {
	0, 1
	scale<0.080000,0.200000,0.300000>
	matrix <-0.133708, 0.988520, 0.070361,
		-0.571555, -0.134921, 0.809396,
		0.809597, 0.068008, 0.583033,
		25.978394, 40.272007, 35.742981>
	pigment { color rgbt <0,1,1,0> }
	no_shadow
}
cylinder {
	<25.311726, 40.826942, 35.681061>,  <25.411674, 40.224403, 35.334858>, 0.130000
	pigment { color rgbt <1,0,0,0> }
	no_shadow
}

// nucleotide -1

// particle -1
sphere {
	<25.311726, 40.826942, 35.681061> 0.250000
	pigment { color rgbt <1,0,0,0> }
	no_shadow
}
cylinder {
	<25.692165, 40.778976, 35.794926>,  <25.920429, 40.750198, 35.863243>, 0.100000
	pigment { color rgbt <1,0,0,0> }
	no_shadow
}
cylinder {
	<25.692165, 40.778976, 35.794926>,  <25.311726, 40.826942, 35.681061>, 0.100000
	pigment { color rgbt <1,0,0,0> }
	no_shadow
}

// particle -1
sphere {
	<25.692165, 40.778976, 35.794926> 0.100000
	pigment { color rgbt <1,0,0,0> }
	no_shadow
}
sphere {
	0, 1
	scale<0.080000,0.200000,0.300000>
	matrix <0.034000, 0.956612, 0.289375,
		-0.307011, -0.265546, 0.913909,
		0.951098, -0.119915, 0.284662,
		25.977495, 40.743004, 35.880325>
	pigment { color rgbt <0,1,1,0> }
	no_shadow
}
cylinder {
	<25.321762, 41.137058, 36.245419>,  <25.311726, 40.826942, 35.681061>, 0.130000
	pigment { color rgbt <1,0,0,0> }
	no_shadow
}

// nucleotide -1

// particle -1
sphere {
	<25.321762, 41.137058, 36.245419> 0.250000
	pigment { color rgbt <1,0,0,0> }
	no_shadow
}
cylinder {
	<25.711720, 41.087055, 36.171711>,  <25.945694, 41.057053, 36.127487>, 0.100000
	pigment { color rgbt <1,0,0,0> }
	no_shadow
}
cylinder {
	<25.711720, 41.087055, 36.171711>,  <25.321762, 41.137058, 36.245419>, 0.100000
	pigment { color rgbt <1,0,0,0> }
	no_shadow
}

// particle -1
sphere {
	<25.711720, 41.087055, 36.171711> 0.100000
	pigment { color rgbt <1,0,0,0> }
	no_shadow
}
sphere {
	0, 1
	scale<0.080000,0.200000,0.300000>
	matrix <0.179325, 0.931359, 0.316880,
		0.132006, -0.341969, 0.930393,
		0.974894, -0.125012, -0.184269,
		26.004187, 41.049553, 36.116428>
	pigment { color rgbt <0,1,1,0> }
	no_shadow
}
cylinder {
	<25.746595, 41.373566, 36.901562>,  <25.321762, 41.137058, 36.245419>, 0.130000
	pigment { color rgbt <1,0,0,0> }
	no_shadow
}

// nucleotide -1

// particle -1
sphere {
	<25.746595, 41.373566, 36.901562> 0.250000
	pigment { color rgbt <1,0,0,0> }
	no_shadow
}
cylinder {
	<25.980049, 41.411964, 36.579033>,  <26.120121, 41.435005, 36.385517>, 0.100000
	pigment { color rgbt <1,0,0,0> }
	no_shadow
}
cylinder {
	<25.980049, 41.411964, 36.579033>,  <25.746595, 41.373566, 36.901562>, 0.100000
	pigment { color rgbt <1,0,0,0> }
	no_shadow
}

// particle -1
sphere {
	<25.980049, 41.411964, 36.579033> 0.100000
	pigment { color rgbt <1,0,0,0> }
	no_shadow
}
sphere {
	0, 1
	scale<0.080000,0.200000,0.300000>
	matrix <0.205060, 0.943380, 0.260739,
		0.785699, -0.317520, 0.530903,
		0.583633, 0.095995, -0.806324,
		26.155140, 41.440762, 36.337135>
	pigment { color rgbt <0,1,1,0> }
	no_shadow
}
cylinder {
	<26.193085, 41.775654, 37.193996>,  <25.746595, 41.373566, 36.901562>, 0.130000
	pigment { color rgbt <1,0,0,0> }
	no_shadow
}

// nucleotide -1

// particle -1
sphere {
	<26.193085, 41.775654, 37.193996> 0.250000
	pigment { color rgbt <1,0,0,0> }
	no_shadow
}
cylinder {
	<26.276203, 41.811054, 36.804333>,  <26.326075, 41.832294, 36.570534>, 0.100000
	pigment { color rgbt <1,0,0,0> }
	no_shadow
}
cylinder {
	<26.276203, 41.811054, 36.804333>,  <26.193085, 41.775654, 37.193996>, 0.100000
	pigment { color rgbt <1,0,0,0> }
	no_shadow
}

// particle -1
sphere {
	<26.276203, 41.811054, 36.804333> 0.100000
	pigment { color rgbt <1,0,0,0> }
	no_shadow
}
sphere {
	0, 1
	scale<0.080000,0.200000,0.300000>
	matrix <0.070610, 0.991943, 0.105180,
		0.975620, -0.090642, 0.199873,
		0.207796, 0.088502, -0.974160,
		26.338543, 41.837605, 36.512085>
	pigment { color rgbt <0,1,1,0> }
	no_shadow
}
cylinder {
	<26.788025, 42.242252, 37.012268>,  <26.193085, 41.775654, 37.193996>, 0.130000
	pigment { color rgbt <1,0,0,0> }
	no_shadow
}

// nucleotide -1

// particle -1
sphere {
	<26.788025, 42.242252, 37.012268> 0.250000
	pigment { color rgbt <1,0,0,0> }
	no_shadow
}
cylinder {
	<26.564631, 42.235489, 36.680531>,  <26.430593, 42.231430, 36.481487>, 0.100000
	pigment { color rgbt <1,0,0,0> }
	no_shadow
}
cylinder {
	<26.564631, 42.235489, 36.680531>,  <26.788025, 42.242252, 37.012268>, 0.100000
	pigment { color rgbt <1,0,0,0> }
	no_shadow
}

// particle -1
sphere {
	<26.564631, 42.235489, 36.680531> 0.100000
	pigment { color rgbt <1,0,0,0> }
	no_shadow
}
sphere {
	0, 1
	scale<0.080000,0.200000,0.300000>
	matrix <-0.089999, 0.995125, 0.040321,
		0.824617, 0.097159, -0.557285,
		-0.558486, -0.016906, -0.829342,
		26.397085, 42.230415, 36.431728>
	pigment { color rgbt <0,1,1,0> }
	no_shadow
}
cylinder {
	<27.024841, 42.779030, 36.571663>,  <26.788025, 42.242252, 37.012268>, 0.130000
	pigment { color rgbt <1,0,0,0> }
	no_shadow
}

// nucleotide -1

// particle -1
sphere {
	<27.024841, 42.779030, 36.571663> 0.250000
	pigment { color rgbt <1,0,0,0> }
	no_shadow
}
cylinder {
	<26.662941, 42.699047, 36.421227>,  <26.445801, 42.651058, 36.330967>, 0.100000
	pigment { color rgbt <1,0,0,0> }
	no_shadow
}
cylinder {
	<26.662941, 42.699047, 36.421227>,  <27.024841, 42.779030, 36.571663>, 0.100000
	pigment { color rgbt <1,0,0,0> }
	no_shadow
}

// particle -1
sphere {
	<26.662941, 42.699047, 36.421227> 0.100000
	pigment { color rgbt <1,0,0,0> }
	no_shadow
}
sphere {
	0, 1
	scale<0.080000,0.200000,0.300000>
	matrix <-0.133014, 0.971442, -0.196490,
		0.404637, -0.127749, -0.905510,
		-0.904752, -0.199953, -0.376089,
		26.391516, 42.639061, 36.308399>
	pigment { color rgbt <0,1,1,0> }
	no_shadow
}
cylinder {
	<26.906660, 43.324924, 36.188583>,  <27.024841, 42.779030, 36.571663>, 0.130000
	pigment { color rgbt <1,0,0,0> }
	no_shadow
}

// nucleotide -1

// particle -1
sphere {
	<26.906660, 43.324924, 36.188583> 0.250000
	pigment { color rgbt <1,0,0,0> }
	no_shadow
}
cylinder {
	<26.534744, 43.180092, 36.215076>,  <26.311594, 43.093193, 36.230972>, 0.100000
	pigment { color rgbt <1,0,0,0> }
	no_shadow
}
cylinder {
	<26.534744, 43.180092, 36.215076>,  <26.906660, 43.324924, 36.188583>, 0.100000
	pigment { color rgbt <1,0,0,0> }
	no_shadow
}

// particle -1
sphere {
	<26.534744, 43.180092, 36.215076> 0.100000
	pigment { color rgbt <1,0,0,0> }
	no_shadow
}
sphere {
	0, 1
	scale<0.080000,0.200000,0.300000>
	matrix <-0.365957, 0.928655, -0.060630,
		-0.039552, -0.080610, -0.995961,
		-0.929791, -0.362080, 0.066229,
		26.255806, 43.071468, 36.234943>
	pigment { color rgbt <0,1,1,0> }
	no_shadow
}
cylinder {
	<26.522598, 43.614975, 35.594112>,  <26.906660, 43.324924, 36.188583>, 0.130000
	pigment { color rgbt <1,0,0,0> }
	no_shadow
}

// nucleotide -1

// particle -1
sphere {
	<26.522598, 43.614975, 35.594112> 0.250000
	pigment { color rgbt <1,0,0,0> }
	no_shadow
}
cylinder {
	<26.264072, 43.489262, 35.872250>,  <26.108957, 43.413834, 36.039131>, 0.100000
	pigment { color rgbt <1,0,0,0> }
	no_shadow
}
cylinder {
	<26.264072, 43.489262, 35.872250>,  <26.522598, 43.614975, 35.594112>, 0.100000
	pigment { color rgbt <1,0,0,0> }
	no_shadow
}

// particle -1
sphere {
	<26.264072, 43.489262, 35.872250> 0.100000
	pigment { color rgbt <1,0,0,0> }
	no_shadow
}
sphere {
	0, 1
	scale<0.080000,0.200000,0.300000>
	matrix <-0.472413, 0.880415, -0.041177,
		-0.599250, -0.355104, -0.717497,
		-0.646317, -0.314279, 0.695344,
		26.070177, 43.394978, 36.080853>
	pigment { color rgbt <0,1,1,0> }
	no_shadow
}
cylinder {
	<26.064901, 44.060635, 35.588924>,  <26.522598, 43.614975, 35.594112>, 0.130000
	pigment { color rgbt <1,0,0,0> }
	no_shadow
}

// nucleotide -1

// particle -1
sphere {
	<26.064901, 44.060635, 35.588924> 0.250000
	pigment { color rgbt <1,0,0,0> }
	no_shadow
}
cylinder {
	<25.932627, 43.920147, 35.939304>,  <25.853262, 43.835854, 36.149532>, 0.100000
	pigment { color rgbt <1,0,0,0> }
	no_shadow
}
cylinder {
	<25.932627, 43.920147, 35.939304>,  <26.064901, 44.060635, 35.588924>, 0.100000
	pigment { color rgbt <1,0,0,0> }
	no_shadow
}

// particle -1
sphere {
	<25.932627, 43.920147, 35.939304> 0.100000
	pigment { color rgbt <1,0,0,0> }
	no_shadow
}
sphere {
	0, 1
	scale<0.080000,0.200000,0.300000>
	matrix <-0.448933, 0.874969, 0.181351,
		-0.830125, -0.333274, -0.447014,
		-0.330684, -0.351224, 0.875951,
		25.833422, 43.814781, 36.202091>
	pigment { color rgbt <0,1,1,0> }
	no_shadow
}
cylinder {
	<25.369736, 44.271351, 35.783478>,  <26.064901, 44.060635, 35.588924>, 0.130000
	pigment { color rgbt <1,0,0,0> }
	no_shadow
}

// nucleotide -1

// particle -1
sphere {
	<25.369736, 44.271351, 35.783478> 0.250000
	pigment { color rgbt <1,0,0,0> }
	no_shadow
}
cylinder {
	<25.545940, 44.229687, 36.140152>,  <25.651663, 44.204689, 36.354156>, 0.100000
	pigment { color rgbt <1,0,0,0> }
	no_shadow
}
cylinder {
	<25.545940, 44.229687, 36.140152>,  <25.369736, 44.271351, 35.783478>, 0.100000
	pigment { color rgbt <1,0,0,0> }
	no_shadow
}

// particle -1
sphere {
	<25.545940, 44.229687, 36.140152> 0.100000
	pigment { color rgbt <1,0,0,0> }
	no_shadow
}
sphere {
	0, 1
	scale<0.080000,0.200000,0.300000>
	matrix <-0.471554, 0.818347, 0.328550,
		-0.763928, -0.565207, 0.311375,
		0.440512, -0.104158, 0.891684,
		25.678095, 44.198441, 36.407658>
	pigment { color rgbt <0,1,1,0> }
	no_shadow
}
cylinder {
	<24.974268, 44.040951, 36.423679>,  <25.369736, 44.271351, 35.783478>, 0.130000
	pigment { color rgbt <1,0,0,0> }
	no_shadow
}

// nucleotide -1

// particle -1
sphere {
	<24.974268, 44.040951, 36.423679> 0.250000
	pigment { color rgbt <1,0,0,0> }
	no_shadow
}
cylinder {
	<25.261086, 44.310070, 36.496552>,  <25.433176, 44.471542, 36.540276>, 0.100000
	pigment { color rgbt <1,0,0,0> }
	no_shadow
}
cylinder {
	<25.261086, 44.310070, 36.496552>,  <24.974268, 44.040951, 36.423679>, 0.100000
	pigment { color rgbt <1,0,0,0> }
	no_shadow
}

// particle -1
sphere {
	<25.261086, 44.310070, 36.496552> 0.100000
	pigment { color rgbt <1,0,0,0> }
	no_shadow
}
sphere {
	0, 1
	scale<0.080000,0.200000,0.300000>
	matrix <-0.688945, 0.644413, 0.331793,
		0.105830, -0.363423, 0.925594,
		0.717046, 0.672797, 0.182180,
		25.476200, 44.511909, 36.551205>
	pigment { color rgbt <0,1,1,0> }
	no_shadow
}
cylinder {
	<24.957880, 44.173080, 37.117981>,  <24.974268, 44.040951, 36.423679>, 0.130000
	pigment { color rgbt <1,0,0,0> }
	no_shadow
}

// nucleotide -1

// particle -1
sphere {
	<24.957880, 44.173080, 37.117981> 0.250000
	pigment { color rgbt <1,0,0,0> }
	no_shadow
}
cylinder {
	<25.080803, 44.487946, 36.904091>,  <25.154556, 44.676865, 36.775757>, 0.100000
	pigment { color rgbt <1,0,0,0> }
	no_shadow
}
cylinder {
	<25.080803, 44.487946, 36.904091>,  <24.957880, 44.173080, 37.117981>, 0.100000
	pigment { color rgbt <1,0,0,0> }
	no_shadow
}

// particle -1
sphere {
	<25.080803, 44.487946, 36.904091> 0.100000
	pigment { color rgbt <1,0,0,0> }
	no_shadow
}
sphere {
	0, 1
	scale<0.080000,0.200000,0.300000>
	matrix <-0.671114, 0.577655, 0.464673,
		0.674661, 0.216063, 0.705797,
		0.307308, 0.787167, -0.534724,
		25.172997, 44.724094, 36.743675>
	pigment { color rgbt <0,1,1,0> }
	no_shadow
}
cylinder {
	<24.850824, 43.601322, 37.663612>,  <24.957880, 44.173080, 37.117981>, 0.130000
	pigment { color rgbt <1,0,0,0> }
	no_shadow
}

// nucleotide -1

// particle -1
sphere {
	<24.850824, 43.601322, 37.663612> 0.250000
	pigment { color rgbt <1,0,0,0> }
	no_shadow
}
cylinder {
	<25.198202, 43.785786, 37.736423>,  <25.406630, 43.896465, 37.780109>, 0.100000
	pigment { color rgbt <1,0,0,0> }
	no_shadow
}
cylinder {
	<25.198202, 43.785786, 37.736423>,  <24.850824, 43.601322, 37.663612>, 0.100000
	pigment { color rgbt <1,0,0,0> }
	no_shadow
}

// particle -1
sphere {
	<25.198202, 43.785786, 37.736423> 0.100000
	pigment { color rgbt <1,0,0,0> }
	no_shadow
}
sphere {
	0, 1
	scale<0.080000,0.200000,0.300000>
	matrix <-0.358499, 0.837721, -0.411949,
		-0.342465, 0.292498, 0.892840,
		0.868445, 0.461160, 0.182030,
		25.458736, 43.924133, 37.791031>
	pigment { color rgbt <0,1,1,0> }
	no_shadow
}
cylinder {
	<24.447824, 43.553242, 38.284416>,  <24.850824, 43.601322, 37.663612>, 0.130000
	pigment { color rgbt <1,0,0,0> }
	no_shadow
}

// nucleotide -1

// particle -1
sphere {
	<24.447824, 43.553242, 38.284416> 0.250000
	pigment { color rgbt <1,0,0,0> }
	no_shadow
}
cylinder {
	<24.516378, 43.890587, 38.488125>,  <24.557510, 44.092995, 38.610352>, 0.100000
	pigment { color rgbt <1,0,0,0> }
	no_shadow
}
cylinder {
	<24.516378, 43.890587, 38.488125>,  <24.447824, 43.553242, 38.284416>, 0.100000
	pigment { color rgbt <1,0,0,0> }
	no_shadow
}

// particle -1
sphere {
	<24.516378, 43.890587, 38.488125> 0.100000
	pigment { color rgbt <1,0,0,0> }
	no_shadow
}
sphere {
	0, 1
	scale<0.080000,0.200000,0.300000>
	matrix <-0.131093, -0.492804, 0.860209,
		0.976443, -0.214190, 0.026100,
		0.171386, 0.843367, 0.509274,
		24.567795, 44.143597, 38.640907>
	pigment { color rgbt <0,1,1,0> }
	no_shadow
}
cylinder {
	<25.010773, 43.377995, 38.687702>,  <24.447824, 43.553242, 38.284416>, 0.130000
	pigment { color rgbt <1,0,0,0> }
	no_shadow
}

// nucleotide -1

// particle -1
sphere {
	<25.010773, 43.377995, 38.687702> 0.250000
	pigment { color rgbt <1,0,0,0> }
	no_shadow
}
cylinder {
	<24.784103, 43.660309, 38.857758>,  <24.648102, 43.829697, 38.959793>, 0.100000
	pigment { color rgbt <1,0,0,0> }
	no_shadow
}
cylinder {
	<24.784103, 43.660309, 38.857758>,  <25.010773, 43.377995, 38.687702>, 0.100000
	pigment { color rgbt <1,0,0,0> }
	no_shadow
}

// particle -1
sphere {
	<24.784103, 43.660309, 38.857758> 0.100000
	pigment { color rgbt <1,0,0,0> }
	no_shadow
}
sphere {
	0, 1
	scale<0.080000,0.200000,0.300000>
	matrix <-0.097268, -0.569682, 0.816089,
		0.818180, 0.421105, 0.391475,
		-0.566675, 0.705785, 0.425143,
		24.614101, 43.872044, 38.985302>
	pigment { color rgbt <0,1,1,0> }
	no_shadow
}
cylinder {
	<25.222099, 43.760513, 39.298286>,  <25.010773, 43.377995, 38.687702>, 0.130000
	pigment { color rgbt <1,0,0,0> }
	no_shadow
}

// nucleotide -1

// particle -1
sphere {
	<25.222099, 43.760513, 39.298286> 0.250000
	pigment { color rgbt <1,0,0,0> }
	no_shadow
}
cylinder {
	<24.824623, 43.715813, 39.302166>,  <24.586138, 43.688992, 39.304493>, 0.100000
	pigment { color rgbt <1,0,0,0> }
	no_shadow
}
cylinder {
	<24.824623, 43.715813, 39.302166>,  <25.222099, 43.760513, 39.298286>, 0.100000
	pigment { color rgbt <1,0,0,0> }
	no_shadow
}

// particle -1
sphere {
	<24.824623, 43.715813, 39.302166> 0.100000
	pigment { color rgbt <1,0,0,0> }
	no_shadow
}
sphere {
	0, 1
	scale<0.080000,0.200000,0.300000>
	matrix <0.064425, -0.497817, 0.864886,
		-0.091828, 0.860052, 0.501875,
		-0.993689, -0.111754, 0.009695,
		24.526516, 43.682285, 39.305073>
	pigment { color rgbt <0,1,1,0> }
	no_shadow
}
cylinder {
	<24.723082, 44.116589, 39.786030>,  <25.222099, 43.760513, 39.298286>, 0.130000
	pigment { color rgbt <1,0,0,0> }
	no_shadow
}

// nucleotide -1

// particle -1
sphere {
	<24.723082, 44.116589, 39.786030> 0.250000
	pigment { color rgbt <1,0,0,0> }
	no_shadow
}
cylinder {
	<24.639681, 43.742062, 39.673008>,  <24.589640, 43.517345, 39.605194>, 0.100000
	pigment { color rgbt <1,0,0,0> }
	no_shadow
}
cylinder {
	<24.639681, 43.742062, 39.673008>,  <24.723082, 44.116589, 39.786030>, 0.100000
	pigment { color rgbt <1,0,0,0> }
	no_shadow
}

// particle -1
sphere {
	<24.639681, 43.742062, 39.673008> 0.100000
	pigment { color rgbt <1,0,0,0> }
	no_shadow
}
sphere {
	0, 1
	scale<0.080000,0.200000,0.300000>
	matrix <0.177565, -0.320344, 0.930511,
		-0.961768, 0.143841, 0.233049,
		-0.208502, -0.936317, -0.282556,
		24.577129, 43.461166, 39.588242>
	pigment { color rgbt <0,1,1,0> }
	no_shadow
}
cylinder {
	<24.889236, 43.826359, 40.497444>,  <24.723082, 44.116589, 39.786030>, 0.130000
	pigment { color rgbt <1,0,0,0> }
	no_shadow
}

// nucleotide -1

// particle -1
sphere {
	<24.889236, 43.826359, 40.497444> 0.250000
	pigment { color rgbt <1,0,0,0> }
	no_shadow
}
cylinder {
	<25.184406, 43.728161, 40.748901>,  <25.361509, 43.669243, 40.899776>, 0.100000
	pigment { color rgbt <1,0,0,0> }
	no_shadow
}
cylinder {
	<25.184406, 43.728161, 40.748901>,  <24.889236, 43.826359, 40.497444>, 0.100000
	pigment { color rgbt <1,0,0,0> }
	no_shadow
}

// particle -1
sphere {
	<25.184406, 43.728161, 40.748901> 0.100000
	pigment { color rgbt <1,0,0,0> }
	no_shadow
}
sphere {
	0, 1
	scale<0.080000,0.200000,0.300000>
	matrix <0.394951, -0.598238, -0.697227,
		0.547246, 0.762787, -0.344497,
		0.737927, -0.245495, 0.628646,
		25.405785, 43.654510, 40.937496>
	pigment { color rgbt <0,1,1,0> }
	no_shadow
}
cylinder {
	<25.423998, 43.769215, 40.079800>,  <24.889236, 43.826359, 40.497444>, 0.130000
	pigment { color rgbt <1,0,0,0> }
	no_shadow
}

// nucleotide -1

// particle -1
sphere {
	<25.423998, 43.769215, 40.079800> 0.250000
	pigment { color rgbt <1,0,0,0> }
	no_shadow
}
cylinder {
	<25.526098, 43.586063, 40.420433>,  <25.587358, 43.476173, 40.624813>, 0.100000
	pigment { color rgbt <1,0,0,0> }
	no_shadow
}
cylinder {
	<25.526098, 43.586063, 40.420433>,  <25.423998, 43.769215, 40.079800>, 0.100000
	pigment { color rgbt <1,0,0,0> }
	no_shadow
}

// particle -1
sphere {
	<25.526098, 43.586063, 40.420433> 0.100000
	pigment { color rgbt <1,0,0,0> }
	no_shadow
}
sphere {
	0, 1
	scale<0.080000,0.200000,0.300000>
	matrix <0.431389, -0.734300, -0.524125,
		0.865304, 0.501146, 0.010096,
		0.255250, -0.457883, 0.851581,
		25.602673, 43.448700, 40.675907>
	pigment { color rgbt <0,1,1,0> }
	no_shadow
}
cylinder {
	<26.125601, 43.755608, 40.340500>,  <25.423998, 43.769215, 40.079800>, 0.130000
	pigment { color rgbt <1,0,0,0> }
	no_shadow
}

// nucleotide -1

// particle -1
sphere {
	<26.125601, 43.755608, 40.340500> 0.250000
	pigment { color rgbt <1,0,0,0> }
	no_shadow
}
cylinder {
	<25.947803, 43.421684, 40.470440>,  <25.841125, 43.221333, 40.548405>, 0.100000
	pigment { color rgbt <1,0,0,0> }
	no_shadow
}
cylinder {
	<25.947803, 43.421684, 40.470440>,  <26.125601, 43.755608, 40.340500>, 0.100000
	pigment { color rgbt <1,0,0,0> }
	no_shadow
}

// particle -1
sphere {
	<25.947803, 43.421684, 40.470440> 0.100000
	pigment { color rgbt <1,0,0,0> }
	no_shadow
}
sphere {
	0, 1
	scale<0.080000,0.200000,0.300000>
	matrix <0.494590, -0.531068, -0.688002,
		0.746864, -0.145146, 0.648943,
		-0.444494, -0.834805, 0.324848,
		25.814455, 43.171242, 40.567894>
	pigment { color rgbt <0,1,1,0> }
	no_shadow
}
cylinder {
	<26.626719, 43.214077, 40.181000>,  <26.125601, 43.755608, 40.340500>, 0.130000
	pigment { color rgbt <1,0,0,0> }
	no_shadow
}

// nucleotide -1

// particle -1
sphere {
	<26.626719, 43.214077, 40.181000> 0.250000
	pigment { color rgbt <1,0,0,0> }
	no_shadow
}
cylinder {
	<26.273243, 43.037708, 40.243843>,  <26.061157, 42.931889, 40.281548>, 0.100000
	pigment { color rgbt <1,0,0,0> }
	no_shadow
}
cylinder {
	<26.273243, 43.037708, 40.243843>,  <26.626719, 43.214077, 40.181000>, 0.100000
	pigment { color rgbt <1,0,0,0> }
	no_shadow
}

// particle -1
sphere {
	<26.273243, 43.037708, 40.243843> 0.100000
	pigment { color rgbt <1,0,0,0> }
	no_shadow
}
sphere {
	0, 1
	scale<0.080000,0.200000,0.300000>
	matrix <0.314160, -0.807514, -0.499223,
		0.346984, -0.391802, 0.852111,
		-0.883689, -0.440922, 0.157106,
		26.008137, 42.905430, 40.290974>
	pigment { color rgbt <0,1,1,0> }
	no_shadow
}
cylinder {
	<26.722687, 42.646599, 40.565163>,  <26.626719, 43.214077, 40.181000>, 0.130000
	pigment { color rgbt <1,0,0,0> }
	no_shadow
}

// nucleotide -1

// particle -1
sphere {
	<26.722687, 42.646599, 40.565163> 0.250000
	pigment { color rgbt <1,0,0,0> }
	no_shadow
}
cylinder {
	<26.386517, 42.595352, 40.354534>,  <26.184814, 42.564606, 40.228157>, 0.100000
	pigment { color rgbt <1,0,0,0> }
	no_shadow
}
cylinder {
	<26.386517, 42.595352, 40.354534>,  <26.722687, 42.646599, 40.565163>, 0.100000
	pigment { color rgbt <1,0,0,0> }
	no_shadow
}

// particle -1
sphere {
	<26.386517, 42.595352, 40.354534> 0.100000
	pigment { color rgbt <1,0,0,0> }
	no_shadow
}
sphere {
	0, 1
	scale<0.080000,0.200000,0.300000>
	matrix <0.388520, -0.819831, -0.420630,
		-0.377808, -0.558090, 0.738780,
		-0.840425, -0.128113, -0.526568,
		26.134390, 42.556919, 40.196564>
	pigment { color rgbt <0,1,1,0> }
	no_shadow
}
cylinder {
	<26.579906, 41.999748, 40.641705>,  <26.722687, 42.646599, 40.565163>, 0.130000
	pigment { color rgbt <1,0,0,0> }
	no_shadow
}

// nucleotide -1

// particle -1
sphere {
	<26.579906, 41.999748, 40.641705> 0.250000
	pigment { color rgbt <1,0,0,0> }
	no_shadow
}
cylinder {
	<26.392080, 42.129456, 40.313229>,  <26.279385, 42.207279, 40.116142>, 0.100000
	pigment { color rgbt <1,0,0,0> }
	no_shadow
}
cylinder {
	<26.392080, 42.129456, 40.313229>,  <26.579906, 41.999748, 40.641705>, 0.100000
	pigment { color rgbt <1,0,0,0> }
	no_shadow
}

// particle -1
sphere {
	<26.392080, 42.129456, 40.313229> 0.100000
	pigment { color rgbt <1,0,0,0> }
	no_shadow
}
sphere {
	0, 1
	scale<0.080000,0.200000,0.300000>
	matrix <0.476757, -0.689721, -0.544965,
		-0.743110, -0.647406, 0.169270,
		-0.469563, 0.324268, -0.821194,
		26.251211, 42.226734, 40.066872>
	pigment { color rgbt <0,1,1,0> }
	no_shadow
}
cylinder {
	<26.574881, 41.452297, 40.379700>,  <26.579906, 41.999748, 40.641705>, 0.130000
	pigment { color rgbt <1,0,0,0> }
	no_shadow
}

// nucleotide -1

// particle -1
sphere {
	<26.574881, 41.452297, 40.379700> 0.250000
	pigment { color rgbt <1,0,0,0> }
	no_shadow
}
cylinder {
	<26.450764, 41.669350, 40.067478>,  <26.376293, 41.799583, 39.880146>, 0.100000
	pigment { color rgbt <1,0,0,0> }
	no_shadow
}
cylinder {
	<26.450764, 41.669350, 40.067478>,  <26.574881, 41.452297, 40.379700>, 0.100000
	pigment { color rgbt <1,0,0,0> }
	no_shadow
}

// particle -1
sphere {
	<26.450764, 41.669350, 40.067478> 0.100000
	pigment { color rgbt <1,0,0,0> }
	no_shadow
}
sphere {
	0, 1
	scale<0.080000,0.200000,0.300000>
	matrix <0.301032, -0.722743, -0.622111,
		-0.901720, -0.428009, 0.060911,
		-0.310292, 0.542633, -0.780556,
		26.357676, 41.832138, 39.833313>
	pigment { color rgbt <0,1,1,0> }
	no_shadow
}
cylinder {
	<26.116899, 41.041534, 40.029419>,  <26.574881, 41.452297, 40.379700>, 0.130000
	pigment { color rgbt <1,0,0,0> }
	no_shadow
}

// nucleotide -1

// particle -1
sphere {
	<26.116899, 41.041534, 40.029419> 0.250000
	pigment { color rgbt <1,0,0,0> }
	no_shadow
}
cylinder {
	<26.250679, 41.321072, 39.776512>,  <26.330948, 41.488792, 39.624767>, 0.100000
	pigment { color rgbt <1,0,0,0> }
	no_shadow
}
cylinder {
	<26.250679, 41.321072, 39.776512>,  <26.116899, 41.041534, 40.029419>, 0.100000
	pigment { color rgbt <1,0,0,0> }
	no_shadow
}

// particle -1
sphere {
	<26.250679, 41.321072, 39.776512> 0.100000
	pigment { color rgbt <1,0,0,0> }
	no_shadow
}
sphere {
	0, 1
	scale<0.080000,0.200000,0.300000>
	matrix <0.408218, -0.712124, -0.571172,
		-0.849412, -0.067075, -0.523450,
		0.334450, 0.698842, -0.632268,
		26.351013, 41.530724, 39.586830>
	pigment { color rgbt <0,1,1,0> }
	no_shadow
}
cylinder {
	<25.755695, 40.950554, 39.289906>,  <26.116899, 41.041534, 40.029419>, 0.130000
	pigment { color rgbt <1,0,0,0> }
	no_shadow
}

// nucleotide -1

// particle -1
sphere {
	<25.755695, 40.950554, 39.289906> 0.250000
	pigment { color rgbt <1,0,0,0> }
	no_shadow
}
cylinder {
	<26.111616, 41.132862, 39.280731>,  <26.325169, 41.242249, 39.275227>, 0.100000
	pigment { color rgbt <1,0,0,0> }
	no_shadow
}
cylinder {
	<26.111616, 41.132862, 39.280731>,  <25.755695, 40.950554, 39.289906>, 0.100000
	pigment { color rgbt <1,0,0,0> }
	no_shadow
}

// particle -1
sphere {
	<26.111616, 41.132862, 39.280731> 0.100000
	pigment { color rgbt <1,0,0,0> }
	no_shadow
}
sphere {
	0, 1
	scale<0.080000,0.200000,0.300000>
	matrix <0.326509, -0.670944, -0.665752,
		-0.318819, 0.584899, -0.745820,
		0.889801, 0.455771, -0.022934,
		26.378557, 41.269592, 39.273849>
	pigment { color rgbt <0,1,1,0> }
	no_shadow
}
cylinder {
	<25.934950, 40.889267, 38.563251>,  <25.755695, 40.950554, 39.289906>, 0.130000
	pigment { color rgbt <1,0,0,0> }
	no_shadow
}

// nucleotide -1

// particle -1
sphere {
	<25.934950, 40.889267, 38.563251> 0.250000
	pigment { color rgbt <1,0,0,0> }
	no_shadow
}
cylinder {
	<26.280476, 40.990051, 38.737762>,  <26.487791, 41.050522, 38.842468>, 0.100000
	pigment { color rgbt <1,0,0,0> }
	no_shadow
}
cylinder {
	<26.280476, 40.990051, 38.737762>,  <25.934950, 40.889267, 38.563251>, 0.100000
	pigment { color rgbt <1,0,0,0> }
	no_shadow
}

// particle -1
sphere {
	<26.280476, 40.990051, 38.737762> 0.100000
	pigment { color rgbt <1,0,0,0> }
	no_shadow
}
sphere {
	0, 1
	scale<0.080000,0.200000,0.300000>
	matrix <0.471813, -0.708251, -0.525141,
		0.176674, 0.659465, -0.730680,
		0.863816, 0.251965, 0.436274,
		26.539621, 41.065639, 38.868645>
	pigment { color rgbt <0,1,1,0> }
	no_shadow
}
cylinder {
	<26.403227, 40.629589, 38.067619>,  <25.934950, 40.889267, 38.563251>, 0.130000
	pigment { color rgbt <1,0,0,0> }
	no_shadow
}

// nucleotide -1

// particle -1
sphere {
	<26.403227, 40.629589, 38.067619> 0.250000
	pigment { color rgbt <1,0,0,0> }
	no_shadow
}
cylinder {
	<26.644310, 40.710102, 38.376484>,  <26.788960, 40.758411, 38.561802>, 0.100000
	pigment { color rgbt <1,0,0,0> }
	no_shadow
}
cylinder {
	<26.644310, 40.710102, 38.376484>,  <26.403227, 40.629589, 38.067619>, 0.100000
	pigment { color rgbt <1,0,0,0> }
	no_shadow
}

// particle -1
sphere {
	<26.644310, 40.710102, 38.376484> 0.100000
	pigment { color rgbt <1,0,0,0> }
	no_shadow
}
sphere {
	0, 1
	scale<0.080000,0.200000,0.300000>
	matrix <0.684465, -0.627825, -0.370600,
