// switches for output
#declare DRAW_BASES = 1; // possible values are 0, 1; only relevant for DNA ribbons
#declare DRAW_BASES_TYPE = 3; // possible values are 1, 2, 3; only relevant for DNA ribbons
#declare DRAW_FOG = 0; // set to 1 to enable fog

#include "colors.inc"

#include "transforms.inc"
background { rgb <1, 1, 1>}

#default {
   normal{
       ripples 0.25
       frequency 0.20
       turbulence 0.2
       lambda 5
   }
	finish {
		phong 0.1
		phong_size 40.
	}
}

// original window dimensions: 1024x640


// camera settings

camera {
	sky <0, 0.179814, -0.983701>
	up <0, 0.179814, -0.983701>
	right 1.6 * <1, 0, 0>
	location <35, 94.9851, 44.8844>
	look_at <35, 29.7336, 32.9568>
	direction <0, -65.2515, -11.9276>
	angle 67.0682
}


# declare cpy_camera_pos = <35, 94.9851, 44.8844>;
# if (DRAW_FOG = 1)
fog {
	fog_type 2
	up vnormalize(cpy_camera_pos)
	color rgbt<1,1,1,0.3>
	distance 1e-5
	fog_alt 3e-3
	fog_offset 56
}
# end


// LIGHTS

# declare lum = 6;
global_settings {
	ambient_light rgb lum * <0.05, 0.05, 0.05>
	max_trace_level 15
}# declare cpy_direct_light_amount = 0.25;
light_source
{	1000 * <-1, -1.16352, -0.803886>,
	rgb lum * cpy_direct_light_amount
	parallel
}

light_source
{	1000 * <1, 1.16352, 0.803886>,
	rgb lum * cpy_direct_light_amount
	parallel
}

// strand 0

// nucleotide -1

// particle -1
sphere {
	<24.161583, 34.505188, 34.567165> 0.250000
	pigment { color rgbt <1,0,0,0> }
	no_shadow
}
cylinder {
	<24.373056, 34.832283, 34.658195>,  <24.499941, 35.028542, 34.712814>, 0.100000
	pigment { color rgbt <1,0,0,0> }
	no_shadow
}
cylinder {
	<24.373056, 34.832283, 34.658195>,  <24.161583, 34.505188, 34.567165>, 0.100000
	pigment { color rgbt <1,0,0,0> }
	no_shadow
}

// particle -1
sphere {
	<24.373056, 34.832283, 34.658195> 0.100000
	pigment { color rgbt <1,0,0,0> }
	no_shadow
}
sphere {
	0, 1
	scale<0.080000,0.200000,0.300000>
	matrix <0.003127, 0.266230, -0.963904,
		-0.848812, 0.510313, 0.138195,
		0.528685, 0.817742, 0.227575,
		24.531662, 35.077606, 34.726467>
	pigment { color rgbt <0,1,1,0> }
	no_shadow
}
cylinder {
	<23.851770, 34.998558, 34.180851>,  <24.161583, 34.505188, 34.567165>, 0.130000
	pigment { color rgbt <1,0,0,0> }
	no_shadow
}

// nucleotide -1

// particle -1
sphere {
	<23.851770, 34.998558, 34.180851> 0.250000
	pigment { color rgbt <1,0,0,0> }
	no_shadow
}
cylinder {
	<24.202579, 35.154205, 34.293579>,  <24.413065, 35.247593, 34.361214>, 0.100000
	pigment { color rgbt <1,0,0,0> }
	no_shadow
}
cylinder {
	<24.202579, 35.154205, 34.293579>,  <23.851770, 34.998558, 34.180851>, 0.100000
	pigment { color rgbt <1,0,0,0> }
	no_shadow
}

// particle -1
sphere {
	<24.202579, 35.154205, 34.293579> 0.100000
	pigment { color rgbt <1,0,0,0> }
	no_shadow
}
sphere {
	0, 1
	scale<0.080000,0.200000,0.300000>
	matrix <0.105483, 0.416311, -0.903083,
		-0.468726, 0.821751, 0.324069,
		0.877023, 0.389115, 0.281817,
		24.465687, 35.270939, 34.378124>
	pigment { color rgbt <0,1,1,0> }
	no_shadow
}
cylinder {
	<23.824902, 35.602749, 33.985794>,  <23.851770, 34.998558, 34.180851>, 0.130000
	pigment { color rgbt <1,0,0,0> }
	no_shadow
}

// nucleotide -1

// particle -1
sphere {
	<23.824902, 35.602749, 33.985794> 0.250000
	pigment { color rgbt <1,0,0,0> }
	no_shadow
}
cylinder {
	<24.212248, 35.502930, 33.985577>,  <24.444654, 35.443039, 33.985447>, 0.100000
	pigment { color rgbt <1,0,0,0> }
	no_shadow
}
cylinder {
	<24.212248, 35.502930, 33.985577>,  <23.824902, 35.602749, 33.985794>, 0.100000
	pigment { color rgbt <1,0,0,0> }
	no_shadow
}

// particle -1
sphere {
	<24.212248, 35.502930, 33.985577> 0.100000
	pigment { color rgbt <1,0,0,0> }
	no_shadow
}
sphere {
	0, 1
	scale<0.080000,0.200000,0.300000>
	matrix <0.067440, 0.263795, -0.962218,
		0.240258, 0.931740, 0.272279,
		0.968363, -0.249543, -0.000542,
		24.502756, 35.428066, 33.985413>
	pigment { color rgbt <0,1,1,0> }
	no_shadow
}
cylinder {
	<24.190357, 36.207413, 33.694046>,  <23.824902, 35.602749, 33.985794>, 0.130000
	pigment { color rgbt <1,0,0,0> }
	no_shadow
}

// nucleotide -1

// particle -1
sphere {
	<24.190357, 36.207413, 33.694046> 0.250000
	pigment { color rgbt <1,0,0,0> }
	no_shadow
}
cylinder {
	<24.386902, 35.859814, 33.670696>,  <24.504829, 35.651253, 33.656685>, 0.100000
	pigment { color rgbt <1,0,0,0> }
	no_shadow
}
cylinder {
	<24.386902, 35.859814, 33.670696>,  <24.190357, 36.207413, 33.694046>, 0.100000
	pigment { color rgbt <1,0,0,0> }
	no_shadow
}

// particle -1
sphere {
	<24.386902, 35.859814, 33.670696> 0.100000
	pigment { color rgbt <1,0,0,0> }
	no_shadow
}
sphere {
	0, 1
	scale<0.080000,0.200000,0.300000>
	matrix <0.434069, 0.302442, -0.848595,
		0.755082, 0.391628, 0.525813,
		0.491361, -0.868998, -0.058375,
		24.534309, 35.599113, 33.653183>
	pigment { color rgbt <0,1,1,0> }
	no_shadow
}
cylinder {
	<24.376900, 36.360382, 34.441826>,  <24.190357, 36.207413, 33.694046>, 0.130000
	pigment { color rgbt <1,0,0,0> }
	no_shadow
}

// nucleotide -1

// particle -1
sphere {
	<24.376900, 36.360382, 34.441826> 0.250000
	pigment { color rgbt <1,0,0,0> }
	no_shadow
}
cylinder {
	<24.754538, 36.414833, 34.321720>,  <24.981119, 36.447502, 34.249657>, 0.100000
	pigment { color rgbt <1,0,0,0> }
	no_shadow
}
cylinder {
	<24.754538, 36.414833, 34.321720>,  <24.376900, 36.360382, 34.441826>, 0.100000
	pigment { color rgbt <1,0,0,0> }
	no_shadow
}

// particle -1
sphere {
	<24.754538, 36.414833, 34.321720> 0.100000
	pigment { color rgbt <1,0,0,0> }
	no_shadow
}
sphere {
	0, 1
	scale<0.080000,0.200000,0.300000>
	matrix <-0.125809, 0.990610, 0.053525,
		0.304728, -0.012757, 0.952354,
		0.944094, 0.136125, -0.300262,
		25.037766, 36.455669, 34.231640>
	pigment { color rgbt <0,1,1,0> }
	no_shadow
}
cylinder {
	<24.245449, 36.956295, 34.535381>,  <24.376900, 36.360382, 34.441826>, 0.130000
	pigment { color rgbt <1,0,0,0> }
	no_shadow
}

// nucleotide -1

// particle -1
sphere {
	<24.245449, 36.956295, 34.535381> 0.250000
	pigment { color rgbt <1,0,0,0> }
	no_shadow
}
cylinder {
	<24.629448, 36.919815, 34.429485>,  <24.859848, 36.897926, 34.365948>, 0.100000
	pigment { color rgbt <1,0,0,0> }
	no_shadow
}
cylinder {
	<24.629448, 36.919815, 34.429485>,  <24.245449, 36.956295, 34.535381>, 0.100000
	pigment { color rgbt <1,0,0,0> }
	no_shadow
}

// particle -1
sphere {
	<24.629448, 36.919815, 34.429485> 0.100000
	pigment { color rgbt <1,0,0,0> }
	no_shadow
}
sphere {
	0, 1
	scale<0.080000,0.200000,0.300000>
	matrix <0.109974, 0.992301, 0.056959,
		0.257506, -0.083795, 0.962636,
		0.959998, -0.091198, -0.264739,
		24.917448, 36.892456, 34.350063>
	pigment { color rgbt <0,1,1,0> }
	no_shadow
}
cylinder {
	<24.634363, 37.543011, 34.844307>,  <24.245449, 36.956295, 34.535381>, 0.130000
	pigment { color rgbt <1,0,0,0> }
	no_shadow
}

// nucleotide -1

// particle -1
sphere {
	<24.634363, 37.543011, 34.844307> 0.250000
	pigment { color rgbt <1,0,0,0> }
	no_shadow
}
cylinder {
	<24.885818, 37.414459, 34.561031>,  <25.036692, 37.337326, 34.391068>, 0.100000
	pigment { color rgbt <1,0,0,0> }
	no_shadow
}
cylinder {
	<24.885818, 37.414459, 34.561031>,  <24.634363, 37.543011, 34.844307>, 0.100000
	pigment { color rgbt <1,0,0,0> }
	no_shadow
}

// particle -1
sphere {
	<24.885818, 37.414459, 34.561031> 0.100000
	pigment { color rgbt <1,0,0,0> }
	no_shadow
}
sphere {
	0, 1
	scale<0.080000,0.200000,0.300000>
	matrix <0.293690, 0.941295, -0.166466,
		0.720111, -0.103340, 0.686121,
		0.628639, -0.321381, -0.708186,
		25.074409, 37.318047, 34.348576>
	pigment { color rgbt <0,1,1,0> }
	no_shadow
}
cylinder {
	<25.225065, 37.862095, 35.046085>,  <24.634363, 37.543011, 34.844307>, 0.130000
	pigment { color rgbt <1,0,0,0> }
	no_shadow
}

// nucleotide -1

// particle -1
sphere {
	<25.225065, 37.862095, 35.046085> 0.250000
	pigment { color rgbt <1,0,0,0> }
	no_shadow
}
cylinder {
	<25.265814, 37.767757, 34.659512>,  <25.290262, 37.711155, 34.427567>, 0.100000
	pigment { color rgbt <1,0,0,0> }
	no_shadow
}
cylinder {
	<25.265814, 37.767757, 34.659512>,  <25.225065, 37.862095, 35.046085>, 0.100000
	pigment { color rgbt <1,0,0,0> }
	no_shadow
}

// particle -1
sphere {
	<25.265814, 37.767757, 34.659512> 0.100000
	pigment { color rgbt <1,0,0,0> }
	no_shadow
}
sphere {
	0, 1
	scale<0.080000,0.200000,0.300000>
	matrix <0.277212, 0.939740, -0.200105,
		0.955393, -0.247523, 0.161110,
		0.101871, -0.235841, -0.966438,
		25.296375, 37.697006, 34.369579>
	pigment { color rgbt <0,1,1,0> }
	no_shadow
}
cylinder {
	<25.858473, 38.226410, 34.921165>,  <25.225065, 37.862095, 35.046085>, 0.130000
	pigment { color rgbt <1,0,0,0> }
	no_shadow
}

// nucleotide -1

// particle -1
sphere {
	<25.858473, 38.226410, 34.921165> 0.250000
	pigment { color rgbt <1,0,0,0> }
	no_shadow
}
cylinder {
	<25.698364, 38.136314, 34.565853>,  <25.602299, 38.082256, 34.352665>, 0.100000
	pigment { color rgbt <1,0,0,0> }
	no_shadow
}
cylinder {
	<25.698364, 38.136314, 34.565853>,  <25.858473, 38.226410, 34.921165>, 0.100000
	pigment { color rgbt <1,0,0,0> }
	no_shadow
}

// particle -1
sphere {
	<25.698364, 38.136314, 34.565853> 0.100000
	pigment { color rgbt <1,0,0,0> }
	no_shadow
}
sphere {
	0, 1
	scale<0.080000,0.200000,0.300000>
	matrix <0.411732, 0.821776, -0.393904,
		0.818687, -0.523408, -0.236212,
		-0.400285, -0.225228, -0.888281,
		25.578281, 38.068745, 34.299366>
	pigment { color rgbt <0,1,1,0> }
	no_shadow
}
cylinder {
	<26.435757, 38.256786, 34.457619>,  <25.858473, 38.226410, 34.921165>, 0.130000
	pigment { color rgbt <1,0,0,0> }
	no_shadow
}

// nucleotide -1

// particle -1
sphere {
	<26.435757, 38.256786, 34.457619> 0.250000
	pigment { color rgbt <1,0,0,0> }
	no_shadow
}
cylinder {
	<26.096941, 38.323090, 34.255608>,  <25.893652, 38.362869, 34.134399>, 0.100000
	pigment { color rgbt <1,0,0,0> }
	no_shadow
}
cylinder {
	<26.096941, 38.323090, 34.255608>,  <26.435757, 38.256786, 34.457619>, 0.100000
	pigment { color rgbt <1,0,0,0> }
	no_shadow
}

// particle -1
sphere {
	<26.096941, 38.323090, 34.255608> 0.100000
	pigment { color rgbt <1,0,0,0> }
	no_shadow
}
sphere {
	0, 1
	scale<0.080000,0.200000,0.300000>
	matrix <0.387762, 0.842554, -0.373822,
		0.363549, -0.512471, -0.777949,
		-0.847038, 0.165756, -0.505027,
		25.842829, 38.372818, 34.104099>
	pigment { color rgbt <0,1,1,0> }
	no_shadow
}
cylinder {
	<26.679203, 38.522636, 33.765663>,  <26.435757, 38.256786, 34.457619>, 0.130000
	pigment { color rgbt <1,0,0,0> }
	no_shadow
}

// nucleotide -1

// particle -1
sphere {
	<26.679203, 38.522636, 33.765663> 0.250000
	pigment { color rgbt <1,0,0,0> }
	no_shadow
}
cylinder {
	<26.294943, 38.625668, 33.807247>,  <26.064386, 38.687485, 33.832199>, 0.100000
	pigment { color rgbt <1,0,0,0> }
	no_shadow
}
cylinder {
	<26.294943, 38.625668, 33.807247>,  <26.679203, 38.522636, 33.765663>, 0.100000
	pigment { color rgbt <1,0,0,0> }
	no_shadow
}

// particle -1
sphere {
	<26.294943, 38.625668, 33.807247> 0.100000
	pigment { color rgbt <1,0,0,0> }
	no_shadow
}
sphere {
	0, 1
	scale<0.080000,0.200000,0.300000>
	matrix <0.221438, 0.936127, -0.273187,
		-0.167689, -0.239416, -0.956327,
		-0.960649, 0.257577, 0.103962,
		26.006748, 38.702942, 33.838436>
	pigment { color rgbt <0,1,1,0> }
	no_shadow
}
cylinder {
	<26.448360, 38.621872, 33.065739>,  <26.679203, 38.522636, 33.765663>, 0.130000
	pigment { color rgbt <1,0,0,0> }
	no_shadow
}

// nucleotide -1

// particle -1
sphere {
	<26.448360, 38.621872, 33.065739> 0.250000
	pigment { color rgbt <1,0,0,0> }
	no_shadow
}
cylinder {
	<26.209892, 38.822399, 33.316582>,  <26.066811, 38.942715, 33.467087>, 0.100000
	pigment { color rgbt <1,0,0,0> }
	no_shadow
}
cylinder {
	<26.209892, 38.822399, 33.316582>,  <26.448360, 38.621872, 33.065739>, 0.100000
	pigment { color rgbt <1,0,0,0> }
	no_shadow
}

// particle -1
sphere {
	<26.209892, 38.822399, 33.316582> 0.100000
	pigment { color rgbt <1,0,0,0> }
	no_shadow
}
sphere {
	0, 1
	scale<0.080000,0.200000,0.300000>
	matrix <0.241925, 0.856961, -0.455072,
		-0.765541, -0.119587, -0.632175,
		-0.596170, 0.501315, 0.627108,
		26.031040, 38.972794, 33.504715>
	pigment { color rgbt <0,1,1,0> }
	no_shadow
}
cylinder {
	<26.090879, 39.034378, 32.634659>,  <26.448360, 38.621872, 33.065739>, 0.130000
	pigment { color rgbt <1,0,0,0> }
	no_shadow
}

// nucleotide -1

// particle -1
sphere {
	<26.090879, 39.034378, 32.634659> 0.250000
	pigment { color rgbt <1,0,0,0> }
	no_shadow
}
cylinder {
	<26.030506, 39.218193, 32.984756>,  <25.994282, 39.328484, 33.194813>, 0.100000
	pigment { color rgbt <1,0,0,0> }
	no_shadow
}
cylinder {
	<26.030506, 39.218193, 32.984756>,  <26.090879, 39.034378, 32.634659>, 0.100000
	pigment { color rgbt <1,0,0,0> }
	no_shadow
}

// particle -1
sphere {
	<26.030506, 39.218193, 32.984756> 0.100000
	pigment { color rgbt <1,0,0,0> }
	no_shadow
}
sphere {
	0, 1
	scale<0.080000,0.200000,0.300000>
	matrix <0.126467, 0.887083, -0.443947,
		-0.980421, 0.043683, -0.192004,
		-0.150931, 0.459537, 0.875240,
		25.985228, 39.356052, 33.247330>
	pigment { color rgbt <0,1,1,0> }
	no_shadow
}
cylinder {
	<25.812494, 39.662300, 32.410370>,  <26.090879, 39.034378, 32.634659>, 0.130000
	pigment { color rgbt <1,0,0,0> }
	no_shadow
}

// nucleotide -1

// particle -1
sphere {
	<25.812494, 39.662300, 32.410370> 0.250000
	pigment { color rgbt <1,0,0,0> }
	no_shadow
}
cylinder {
	<25.952673, 39.700695, 32.783031>,  <26.036779, 39.723732, 33.006626>, 0.100000
	pigment { color rgbt <1,0,0,0> }
	no_shadow
}
cylinder {
	<25.952673, 39.700695, 32.783031>,  <25.812494, 39.662300, 32.410370>, 0.100000
	pigment { color rgbt <1,0,0,0> }
	no_shadow
}

// particle -1
sphere {
	<25.952673, 39.700695, 32.783031> 0.100000
	pigment { color rgbt <1,0,0,0> }
	no_shadow
}
sphere {
	0, 1
	scale<0.080000,0.200000,0.300000>
	matrix <0.403703, 0.882101, -0.242739,
		-0.845110, 0.461177, 0.270379,
		0.350447, 0.095989, 0.931651,
		26.057808, 39.729492, 33.062527>
	pigment { color rgbt <0,1,1,0> }
	no_shadow
}
cylinder {
	<25.813187, 40.411572, 32.593128>,  <25.812494, 39.662300, 32.410370>, 0.130000
	pigment { color rgbt <1,0,0,0> }
	no_shadow
}

// nucleotide -1

// particle -1
sphere {
	<25.813187, 40.411572, 32.593128> 0.250000
	pigment { color rgbt <1,0,0,0> }
	no_shadow
}
cylinder {
	<26.072748, 40.245235, 32.848003>,  <26.228485, 40.145435, 33.000927>, 0.100000
	pigment { color rgbt <1,0,0,0> }
	no_shadow
}
cylinder {
	<26.072748, 40.245235, 32.848003>,  <25.813187, 40.411572, 32.593128>, 0.100000
	pigment { color rgbt <1,0,0,0> }
	no_shadow
}

// particle -1
sphere {
	<26.072748, 40.245235, 32.848003> 0.100000
	pigment { color rgbt <1,0,0,0> }
	no_shadow
}
sphere {
	0, 1
	scale<0.080000,0.200000,0.300000>
	matrix <0.512159, 0.858032, 0.038387,
		-0.562690, 0.301432, 0.769753,
		0.648901, -0.415836, 0.637187,
		26.267418, 40.120483, 33.039158>
	pigment { color rgbt <0,1,1,0> }
	no_shadow
}
cylinder {
	<25.913599, 40.793663, 33.110321>,  <25.813187, 40.411572, 32.593128>, 0.130000
	pigment { color rgbt <1,0,0,0> }
	no_shadow
}

// nucleotide -1

// particle -1
sphere {
	<25.913599, 40.793663, 33.110321> 0.250000
	pigment { color rgbt <1,0,0,0> }
	no_shadow
}
cylinder {
	<26.239805, 40.573586, 33.182129>,  <26.435528, 40.441540, 33.225212>, 0.100000
	pigment { color rgbt <1,0,0,0> }
	no_shadow
}
cylinder {
	<26.239805, 40.573586, 33.182129>,  <25.913599, 40.793663, 33.110321>, 0.100000
	pigment { color rgbt <1,0,0,0> }
	no_shadow
}

// particle -1
sphere {
	<26.239805, 40.573586, 33.182129> 0.100000
	pigment { color rgbt <1,0,0,0> }
	no_shadow
}
sphere {
	0, 1
	scale<0.080000,0.200000,0.300000>
	matrix <0.535333, 0.835004, 0.127232,
		-0.219902, -0.007657, 0.975492,
		0.815514, -0.550191, 0.179520,
		26.484459, 40.408527, 33.235985>
	pigment { color rgbt <0,1,1,0> }
	no_shadow
}
cylinder {
	<26.255005, 41.150742, 33.742336>,  <25.913599, 40.793663, 33.110321>, 0.130000
	pigment { color rgbt <1,0,0,0> }
	no_shadow
}

// nucleotide -1

// particle -1
sphere {
	<26.255005, 41.150742, 33.742336> 0.250000
	pigment { color rgbt <1,0,0,0> }
	no_shadow
}
cylinder {
	<26.524157, 40.924664, 33.551426>,  <26.685648, 40.789017, 33.436882>, 0.100000
	pigment { color rgbt <1,0,0,0> }
	no_shadow
}
cylinder {
	<26.524157, 40.924664, 33.551426>,  <26.255005, 41.150742, 33.742336>, 0.100000
	pigment { color rgbt <1,0,0,0> }
	no_shadow
}

// particle -1
sphere {
	<26.524157, 40.924664, 33.551426> 0.100000
	pigment { color rgbt <1,0,0,0> }
	no_shadow
}
sphere {
	0, 1
	scale<0.080000,0.200000,0.300000>
	matrix <0.677760, 0.729557, 0.091583,
		0.296436, -0.385101, 0.873970,
		0.672879, -0.565194, -0.477273,
		26.726021, 40.755104, 33.408245>
	pigment { color rgbt <0,1,1,0> }
	no_shadow
}
cylinder {
	<26.901697, 41.180119, 34.138859>,  <26.255005, 41.150742, 33.742336>, 0.130000
	pigment { color rgbt <1,0,0,0> }
	no_shadow
}

// nucleotide -1

// particle -1
sphere {
	<26.901697, 41.180119, 34.138859> 0.250000
	pigment { color rgbt <1,0,0,0> }
	no_shadow
}
cylinder {
	<26.973431, 41.070168, 33.761017>,  <27.016472, 41.004196, 33.534313>, 0.100000
	pigment { color rgbt <1,0,0,0> }
	no_shadow
}
cylinder {
	<26.973431, 41.070168, 33.761017>,  <26.901697, 41.180119, 34.138859>, 0.100000
	pigment { color rgbt <1,0,0,0> }
	no_shadow
}

// particle -1
sphere {
	<26.973431, 41.070168, 33.761017> 0.100000
	pigment { color rgbt <1,0,0,0> }
	no_shadow
}
sphere {
	0, 1
	scale<0.080000,0.200000,0.300000>
	matrix <0.846400, 0.532517, 0.005728,
		0.501444, -0.800541, 0.328158,
		0.179336, -0.274881, -0.944605,
		27.027231, 40.987705, 33.477634>
	pigment { color rgbt <0,1,1,0> }
	no_shadow
}
cylinder {
	<27.682556, 41.165218, 34.071659>,  <26.901697, 41.180119, 34.138859>, 0.130000
	pigment { color rgbt <1,0,0,0> }
	no_shadow
}

// nucleotide -1

// particle -1
sphere {
	<27.682556, 41.165218, 34.071659> 0.250000
	pigment { color rgbt <1,0,0,0> }
	no_shadow
}
cylinder {
	<27.552382, 41.174187, 33.693539>,  <27.474277, 41.179569, 33.466667>, 0.100000
	pigment { color rgbt <1,0,0,0> }
	no_shadow
}
cylinder {
	<27.552382, 41.174187, 33.693539>,  <27.682556, 41.165218, 34.071659>, 0.100000
	pigment { color rgbt <1,0,0,0> }
	no_shadow
}

// particle -1
sphere {
	<27.552382, 41.174187, 33.693539> 0.100000
	pigment { color rgbt <1,0,0,0> }
	no_shadow
}
sphere {
	0, 1
	scale<0.080000,0.200000,0.300000>
	matrix <0.782749, 0.567238, -0.256019,
		0.530468, -0.823249, -0.202151,
		-0.325435, 0.022423, -0.945298,
		27.454752, 41.180912, 33.409950>
	pigment { color rgbt <0,1,1,0> }
	no_shadow
}
cylinder {
	<28.165472, 41.014790, 33.672100>,  <27.682556, 41.165218, 34.071659>, 0.130000
	pigment { color rgbt <1,0,0,0> }
	no_shadow
}

// nucleotide -1

// particle -1
sphere {
	<28.165472, 41.014790, 33.672100> 0.250000
	pigment { color rgbt <1,0,0,0> }
	no_shadow
}
cylinder {
	<27.956566, 41.221752, 33.400948>,  <27.831223, 41.345932, 33.238255>, 0.100000
	pigment { color rgbt <1,0,0,0> }
	no_shadow
}
cylinder {
	<27.956566, 41.221752, 33.400948>,  <28.165472, 41.014790, 33.672100>, 0.100000
	pigment { color rgbt <1,0,0,0> }
	no_shadow
}

// particle -1
sphere {
	<27.956566, 41.221752, 33.400948> 0.100000
	pigment { color rgbt <1,0,0,0> }
	no_shadow
}
sphere {
	0, 1
	scale<0.080000,0.200000,0.300000>
	matrix <0.813524, 0.540696, -0.214072,
		0.255764, -0.663275, -0.703314,
		-0.522267, 0.517411, -0.677881,
		27.799885, 41.376976, 33.197582>
	pigment { color rgbt <0,1,1,0> }
	no_shadow
}
cylinder {
	<28.542725, 40.978935, 33.116875>,  <28.165472, 41.014790, 33.672100>, 0.130000
	pigment { color rgbt <1,0,0,0> }
	no_shadow
}

// nucleotide -1

// particle -1
sphere {
	<28.542725, 40.978935, 33.116875> 0.250000
	pigment { color rgbt <1,0,0,0> }
	no_shadow
}
cylinder {
	<28.309549, 41.293636, 33.035675>,  <28.169643, 41.482456, 32.986954>, 0.100000
	pigment { color rgbt <1,0,0,0> }
	no_shadow
}
cylinder {
	<28.309549, 41.293636, 33.035675>,  <28.542725, 40.978935, 33.116875>, 0.100000
	pigment { color rgbt <1,0,0,0> }
	no_shadow
}

// particle -1
sphere {
	<28.309549, 41.293636, 33.035675> 0.100000
	pigment { color rgbt <1,0,0,0> }
	no_shadow
}
sphere {
	0, 1
	scale<0.080000,0.200000,0.300000>
	matrix <0.784220, 0.479435, -0.393881,
		-0.212561, -0.388804, -0.896465,
		-0.582939, 0.786749, -0.202998,
		28.134668, 41.529659, 32.974777>
	pigment { color rgbt <0,1,1,0> }
	no_shadow
}
cylinder {
	<28.817335, 41.210712, 32.436493>,  <28.542725, 40.978935, 33.116875>, 0.130000
	pigment { color rgbt <1,0,0,0> }
	no_shadow
}

// nucleotide -1

// particle -1
sphere {
	<28.817335, 41.210712, 32.436493> 0.250000
	pigment { color rgbt <1,0,0,0> }
	no_shadow
}
cylinder {
	<28.582304, 41.503113, 32.575275>,  <28.441284, 41.678555, 32.658546>, 0.100000
	pigment { color rgbt <1,0,0,0> }
	no_shadow
}
cylinder {
	<28.582304, 41.503113, 32.575275>,  <28.817335, 41.210712, 32.436493>, 0.100000
	pigment { color rgbt <1,0,0,0> }
	no_shadow
}

// particle -1
sphere {
	<28.582304, 41.503113, 32.575275> 0.100000
	pigment { color rgbt <1,0,0,0> }
	no_shadow
}
sphere {
	0, 1
	scale<0.080000,0.200000,0.300000>
	matrix <0.553177, 0.675829, -0.487083,
		-0.590546, -0.094270, -0.801479,
		-0.587580, 0.731005, 0.346960,
		28.406031, 41.722416, 32.679363>
	pigment { color rgbt <0,1,1,0> }
	no_shadow
}
cylinder {
	<28.557138, 41.609356, 31.870743>,  <28.817335, 41.210712, 32.436493>, 0.130000
	pigment { color rgbt <1,0,0,0> }
	no_shadow
}

// nucleotide -1

// particle -1
sphere {
	<28.557138, 41.609356, 31.870743> 0.250000
	pigment { color rgbt <1,0,0,0> }
	no_shadow
}
cylinder {
	<28.511106, 41.877254, 32.164188>,  <28.483488, 42.037994, 32.340256>, 0.100000
	pigment { color rgbt <1,0,0,0> }
	no_shadow
}
cylinder {
	<28.511106, 41.877254, 32.164188>,  <28.557138, 41.609356, 31.870743>, 0.100000
	pigment { color rgbt <1,0,0,0> }
	no_shadow
}

// particle -1
sphere {
	<28.511106, 41.877254, 32.164188> 0.100000
	pigment { color rgbt <1,0,0,0> }
	no_shadow
}
sphere {
	0, 1
	scale<0.080000,0.200000,0.300000>
	matrix <0.627883, 0.621325, -0.468741,
		-0.769753, 0.406683, -0.492026,
		-0.115079, 0.669750, 0.733616,
		28.476583, 42.078178, 32.384274>
	pigment { color rgbt <0,1,1,0> }
	no_shadow
}
cylinder {
	<28.418684, 42.227867, 31.607740>,  <28.557138, 41.609356, 31.870743>, 0.130000
	pigment { color rgbt <1,0,0,0> }
	no_shadow
}

// nucleotide -1

// particle -1
sphere {
	<28.418684, 42.227867, 31.607740> 0.250000
	pigment { color rgbt <1,0,0,0> }
	no_shadow
}
cylinder {
	<28.581936, 42.345951, 31.953291>,  <28.679888, 42.416801, 32.160622>, 0.100000
	pigment { color rgbt <1,0,0,0> }
	no_shadow
}
cylinder {
	<28.581936, 42.345951, 31.953291>,  <28.418684, 42.227867, 31.607740>, 0.100000
	pigment { color rgbt <1,0,0,0> }
	no_shadow
}

// particle -1
sphere {
	<28.581936, 42.345951, 31.953291> 0.100000
	pigment { color rgbt <1,0,0,0> }
	no_shadow
}
sphere {
	0, 1
	scale<0.080000,0.200000,0.300000>
	matrix <0.713268, 0.487505, -0.503574,
		-0.569805, 0.821698, -0.011601,
		0.408130, 0.295214, 0.863874,
		28.704374, 42.434517, 32.212452>
	pigment { color rgbt <0,1,1,0> }
	no_shadow
}
cylinder {
	<28.698837, 42.851990, 31.478127>,  <28.418684, 42.227867, 31.607740>, 0.130000
	pigment { color rgbt <1,0,0,0> }
	no_shadow
}

// nucleotide -1

// particle -1
sphere {
	<28.698837, 42.851990, 31.478127> 0.250000
	pigment { color rgbt <1,0,0,0> }
	no_shadow
}
cylinder {
	<28.876425, 42.802700, 31.833138>,  <28.982977, 42.773129, 32.046146>, 0.100000
	pigment { color rgbt <1,0,0,0> }
	no_shadow
}
cylinder {
	<28.876425, 42.802700, 31.833138>,  <28.698837, 42.851990, 31.478127>, 0.100000
	pigment { color rgbt <1,0,0,0> }
	no_shadow
}

// particle -1
sphere {
	<28.876425, 42.802700, 31.833138> 0.100000
	pigment { color rgbt <1,0,0,0> }
	no_shadow
}
sphere {
	0, 1
	scale<0.080000,0.200000,0.300000>
	matrix <0.817781, 0.460559, -0.345135,
		-0.366232, 0.879034, 0.305242,
		0.443968, -0.123222, 0.887530,
		29.009615, 42.765732, 32.099396>
	pigment { color rgbt <0,1,1,0> }
	no_shadow
}
cylinder {
	<28.932295, 43.494415, 31.694885>,  <28.698837, 42.851990, 31.478127>, 0.130000
	pigment { color rgbt <1,0,0,0> }
	no_shadow
}

// nucleotide -1

// particle -1
sphere {
	<28.932295, 43.494415, 31.694885> 0.250000
	pigment { color rgbt <1,0,0,0> }
	no_shadow
}
cylinder {
	<29.136127, 43.181892, 31.839048>,  <29.258427, 42.994381, 31.925547>, 0.100000
	pigment { color rgbt <1,0,0,0> }
	no_shadow
}
cylinder {
	<29.136127, 43.181892, 31.839048>,  <28.932295, 43.494415, 31.694885>, 0.100000
	pigment { color rgbt <1,0,0,0> }
	no_shadow
}

// particle -1
sphere {
	<29.136127, 43.181892, 31.839048> 0.100000
	pigment { color rgbt <1,0,0,0> }
	no_shadow
}
sphere {
	0, 1
	scale<0.080000,0.200000,0.300000>
	matrix <0.834184, 0.345956, -0.429478,
		0.210867, 0.519501, 0.828042,
		0.509580, -0.781303, 0.360409,
		29.289001, 42.947502, 31.947170>
	pigment { color rgbt <0,1,1,0> }
	no_shadow
}
cylinder {
	<29.374527, 43.728130, 32.151516>,  <28.932295, 43.494415, 31.694885>, 0.130000
	pigment { color rgbt <1,0,0,0> }
	no_shadow
}

// nucleotide -1

// particle -1
sphere {
	<29.374527, 43.728130, 32.151516> 0.250000
	pigment { color rgbt <1,0,0,0> }
	no_shadow
}
cylinder {
	<29.501825, 43.398773, 31.963581>,  <29.578205, 43.201160, 31.850819>, 0.100000
	pigment { color rgbt <1,0,0,0> }
	no_shadow
}
cylinder {
	<29.501825, 43.398773, 31.963581>,  <29.374527, 43.728130, 32.151516>, 0.100000
	pigment { color rgbt <1,0,0,0> }
	no_shadow
}

// particle -1
sphere {
	<29.501825, 43.398773, 31.963581> 0.100000
	pigment { color rgbt <1,0,0,0> }
	no_shadow
}
sphere {
	0, 1
	scale<0.080000,0.200000,0.300000>
	matrix <0.844987, 0.471061, -0.253176,
		0.429785, -0.316436, 0.845667,
		0.318247, -0.823389, -0.469839,
		29.597300, 43.151756, 31.822630>
	pigment { color rgbt <0,1,1,0> }
	no_shadow
}
cylinder {
	<30.017454, 43.481861, 32.533180>,  <29.374527, 43.728130, 32.151516>, 0.130000
	pigment { color rgbt <1,0,0,0> }
	no_shadow
}

// nucleotide -1

// particle -1
sphere {
	<30.017454, 43.481861, 32.533180> 0.250000
	pigment { color rgbt <1,0,0,0> }
	no_shadow
}
cylinder {
	<30.017450, 43.337173, 32.160267>,  <30.017448, 43.250359, 31.936518>, 0.100000
	pigment { color rgbt <1,0,0,0> }
	no_shadow
}
cylinder {
	<30.017450, 43.337173, 32.160267>,  <30.017454, 43.481861, 32.533180>, 0.100000
	pigment { color rgbt <1,0,0,0> }
	no_shadow
}

// particle -1
sphere {
	<30.017450, 43.337173, 32.160267> 0.100000
	pigment { color rgbt <1,0,0,0> }
	no_shadow
}
sphere {
	0, 1
	scale<0.080000,0.200000,0.300000>
	matrix <0.848928, 0.492718, -0.191181,
		0.528509, -0.791446, 0.307070,
		-0.000010, -0.361721, -0.932286,
		30.017447, 43.228657, 31.880581>
	pigment { color rgbt <0,1,1,0> }
	no_shadow
}
cylinder {
	<30.567606, 43.957527, 32.144356>,  <30.017454, 43.481861, 32.533180>, 0.130000
	pigment { color rgbt <1,0,0,0> }
	no_shadow
}

// nucleotide -1

// particle -1
sphere {
	<30.567606, 43.957527, 32.144356> 0.250000
	pigment { color rgbt <1,0,0,0> }
	no_shadow
}
cylinder {
	<30.590059, 44.135548, 32.501854>,  <30.603531, 44.242359, 32.716351>, 0.100000
	pigment { color rgbt <1,0,0,0> }
	no_shadow
}
cylinder {
	<30.590059, 44.135548, 32.501854>,  <30.567606, 43.957527, 32.144356>, 0.100000
	pigment { color rgbt <1,0,0,0> }
	no_shadow
}

// particle -1
sphere {
	<30.590059, 44.135548, 32.501854> 0.100000
	pigment { color rgbt <1,0,0,0> }
	no_shadow
}
sphere {
	0, 1
	scale<0.080000,0.200000,0.300000>
	matrix <0.248696, -0.873171, 0.419192,
		0.966954, 0.198740, -0.159697,
		0.056132, 0.445056, 0.893742,
		30.606899, 44.269066, 32.769978>
	pigment { color rgbt <0,1,1,0> }
	no_shadow
}
cylinder {
	<31.252092, 43.928413, 32.405067>,  <30.567606, 43.957527, 32.144356>, 0.130000
	pigment { color rgbt <1,0,0,0> }
	no_shadow
}

// nucleotide -1

// particle -1
sphere {
	<31.252092, 43.928413, 32.405067> 0.250000
	pigment { color rgbt <1,0,0,0> }
	no_shadow
}
cylinder {
	<31.000540, 43.948368, 32.715427>,  <30.849607, 43.960342, 32.901642>, 0.100000
	pigment { color rgbt <1,0,0,0> }
	no_shadow
}
cylinder {
	<31.000540, 43.948368, 32.715427>,  <31.252092, 43.928413, 32.405067>, 0.100000
	pigment { color rgbt <1,0,0,0> }
	no_shadow
}

// particle -1
sphere {
	<31.000540, 43.948368, 32.715427> 0.100000
	pigment { color rgbt <1,0,0,0> }
	no_shadow
}
sphere {
	0, 1
	scale<0.080000,0.200000,0.300000>
	matrix <0.267180, -0.923300, 0.275920,
		0.730152, 0.380826, 0.567318,
		-0.628883, 0.049888, 0.775898,
		30.811874, 43.963333, 32.948196>
	pigment { color rgbt <0,1,1,0> }
	no_shadow
}
cylinder {
	<31.464293, 43.736557, 33.062241>,  <31.252092, 43.928413, 32.405067>, 0.130000
	pigment { color rgbt <1,0,0,0> }
	no_shadow
}

// nucleotide -1

// particle -1
sphere {
	<31.464293, 43.736557, 33.062241> 0.250000
	pigment { color rgbt <1,0,0,0> }
	no_shadow
}
cylinder {
	<31.072527, 43.685600, 33.124878>,  <30.837467, 43.655025, 33.162460>, 0.100000
	pigment { color rgbt <1,0,0,0> }
	no_shadow
}
cylinder {
	<31.072527, 43.685600, 33.124878>,  <31.464293, 43.736557, 33.062241>, 0.100000
	pigment { color rgbt <1,0,0,0> }
	no_shadow
}

// particle -1
sphere {
	<31.072527, 43.685600, 33.124878> 0.100000
	pigment { color rgbt <1,0,0,0> }
	no_shadow
}
sphere {
	0, 1
	scale<0.080000,0.200000,0.300000>
	matrix <0.172303, -0.931720, 0.319702,
		0.105171, 0.340101, 0.934489,
		-0.979413, -0.127392, 0.156591,
		30.778704, 43.647381, 33.171856>
	pigment { color rgbt <0,1,1,0> }
	no_shadow
}
cylinder {
	<31.463434, 43.345562, 33.716537>,  <31.464293, 43.736557, 33.062241>, 0.130000
	pigment { color rgbt <1,0,0,0> }
	no_shadow
}

// nucleotide -1

// particle -1
sphere {
	<31.463434, 43.345562, 33.716537> 0.250000
	pigment { color rgbt <1,0,0,0> }
	no_shadow
}
cylinder {
	<31.100754, 43.257885, 33.572403>,  <30.883144, 43.205280, 33.485920>, 0.100000
	pigment { color rgbt <1,0,0,0> }
	no_shadow
}
cylinder {
	<31.100754, 43.257885, 33.572403>,  <31.463434, 43.345562, 33.716537>, 0.100000
	pigment { color rgbt <1,0,0,0> }
	no_shadow
}

// particle -1
sphere {
	<31.100754, 43.257885, 33.572403> 0.100000
	pigment { color rgbt <1,0,0,0> }
	no_shadow
}
sphere {
	0, 1
	scale<0.080000,0.200000,0.300000>
	matrix <0.137950, -0.961481, 0.237747,
		-0.398572, 0.165857, 0.902015,
		-0.906703, -0.219193, -0.360340,
		30.828743, 43.192127, 33.464302>
	pigment { color rgbt <0,1,1,0> }
	no_shadow
}
cylinder {
	<32.219456, 43.368931, 33.921673>,  <31.463434, 43.345562, 33.716537>, 0.130000
	pigment { color rgbt <1,0,0,0> }
	no_shadow
}

// nucleotide -1

// particle -1
sphere {
	<32.219456, 43.368931, 33.921673> 0.250000
	pigment { color rgbt <1,0,0,0> }
	no_shadow
}
cylinder {
	<32.477264, 43.351543, 34.227013>,  <32.631950, 43.341110, 34.410217>, 0.100000
	pigment { color rgbt <1,0,0,0> }
	no_shadow
}
cylinder {
	<32.477264, 43.351543, 34.227013>,  <32.219456, 43.368931, 33.921673>, 0.100000
	pigment { color rgbt <1,0,0,0> }
	no_shadow
}

// particle -1
sphere {
	<32.477264, 43.351543, 34.227013> 0.100000
	pigment { color rgbt <1,0,0,0> }
	no_shadow
}
sphere {
	0, 1
	scale<0.080000,0.200000,0.300000>
	matrix <-0.587220, -0.667531, 0.457794,
		0.489660, -0.743312, -0.455763,
		0.644520, -0.043469, 0.763351,
		32.670620, 43.338501, 34.456017>
	pigment { color rgbt <0,1,1,0> }
	no_shadow
}
cylinder {
	<32.316429, 42.696037, 34.186989>,  <32.219456, 43.368931, 33.921673>, 0.130000
	pigment { color rgbt <1,0,0,0> }
	no_shadow
}

// nucleotide -1

// particle -1
sphere {
	<32.316429, 42.696037, 34.186989> 0.250000
	pigment { color rgbt <1,0,0,0> }
	no_shadow
}
cylinder {
	<32.370304, 42.952625, 34.489082>,  <32.402630, 43.106579, 34.670338>, 0.100000
	pigment { color rgbt <1,0,0,0> }
	no_shadow
}
cylinder {
	<32.370304, 42.952625, 34.489082>,  <32.316429, 42.696037, 34.186989>, 0.100000
	pigment { color rgbt <1,0,0,0> }
	no_shadow
}

// particle -1
sphere {
	<32.370304, 42.952625, 34.489082> 0.100000
	pigment { color rgbt <1,0,0,0> }
	no_shadow
}
sphere {
	0, 1
	scale<0.080000,0.200000,0.300000>
	matrix <-0.500445, -0.613793, 0.610584,
		0.855227, -0.460191, 0.238349,
		0.134689, 0.641469, 0.755233,
		32.410709, 43.145065, 34.715652>
	pigment { color rgbt <0,1,1,0> }
	no_shadow
}
cylinder {
	<32.658974, 42.460777, 34.732201>,  <32.316429, 42.696037, 34.186989>, 0.130000
	pigment { color rgbt <1,0,0,0> }
	no_shadow
}

// nucleotide -1

// particle -1
sphere {
	<32.658974, 42.460777, 34.732201> 0.250000
	pigment { color rgbt <1,0,0,0> }
	no_shadow
}
cylinder {
	<32.409733, 42.718380, 34.909740>,  <32.260189, 42.872940, 35.016266>, 0.100000
	pigment { color rgbt <1,0,0,0> }
	no_shadow
}
cylinder {
	<32.409733, 42.718380, 34.909740>,  <32.658974, 42.460777, 34.732201>, 0.100000
	pigment { color rgbt <1,0,0,0> }
	no_shadow
}

// particle -1
sphere {
	<32.409733, 42.718380, 34.909740> 0.100000
	pigment { color rgbt <1,0,0,0> }
	no_shadow
}
sphere {
	0, 1
	scale<0.080000,0.200000,0.300000>
	matrix <-0.313471, -0.725536, 0.612645,
		0.716574, 0.242607, 0.653960,
		-0.623104, 0.644003, 0.443849,
		32.222801, 42.911579, 35.042896>
	pigment { color rgbt <0,1,1,0> }
	no_shadow
}
cylinder {
	<32.669098, 42.197166, 35.495724>,  <32.658974, 42.460777, 34.732201>, 0.130000
	pigment { color rgbt <1,0,0,0> }
	no_shadow
}

// nucleotide -1

// particle -1
sphere {
	<32.669098, 42.197166, 35.495724> 0.250000
	pigment { color rgbt <1,0,0,0> }
	no_shadow
}
cylinder {
	<32.361546, 42.440575, 35.417225>,  <32.177013, 42.586620, 35.370125>, 0.100000
	pigment { color rgbt <1,0,0,0> }
	no_shadow
}
cylinder {
	<32.361546, 42.440575, 35.417225>,  <32.669098, 42.197166, 35.495724>, 0.100000
	pigment { color rgbt <1,0,0,0> }
	no_shadow
}

// particle -1
sphere {
	<32.361546, 42.440575, 35.417225> 0.100000
	pigment { color rgbt <1,0,0,0> }
	no_shadow
}
sphere {
	0, 1
	scale<0.080000,0.200000,0.300000>
	matrix <-0.577934, -0.530141, 0.620438,
		0.273510, 0.590466, 0.759304,
		-0.768885, 0.608523, -0.196252,
		32.130878, 42.623131, 35.358349>
	pigment { color rgbt <0,1,1,0> }
	no_shadow
}
cylinder {
	<32.267570, 42.074753, 36.009335>,  <32.669098, 42.197166, 35.495724>, 0.130000
	pigment { color rgbt <1,0,0,0> }
	no_shadow
}

// nucleotide -1

// particle -1
sphere {
	<32.267570, 42.074753, 36.009335> 0.250000
	pigment { color rgbt <1,0,0,0> }
	no_shadow
}
cylinder {
	<32.011147, 42.289188, 35.789646>,  <31.857290, 42.417850, 35.657833>, 0.100000
	pigment { color rgbt <1,0,0,0> }
	no_shadow
}
cylinder {
	<32.011147, 42.289188, 35.789646>,  <32.267570, 42.074753, 36.009335>, 0.100000
	pigment { color rgbt <1,0,0,0> }
	no_shadow
}

// particle -1
sphere {
	<32.011147, 42.289188, 35.789646> 0.100000
	pigment { color rgbt <1,0,0,0> }
	no_shadow
}
sphere {
	0, 1
	scale<0.080000,0.200000,0.300000>
	matrix <-0.766192, -0.405480, 0.498533,
		0.044562, 0.740399, 0.670688,
		-0.641065, 0.536092, -0.549219,
		31.818827, 42.450016, 35.624882>
	pigment { color rgbt <0,1,1,0> }
	no_shadow
}
cylinder {
	<31.800642, 42.162136, 36.445076>,  <32.267570, 42.074753, 36.009335>, 0.130000
	pigment { color rgbt <1,0,0,0> }
	no_shadow
}

// nucleotide -1

// particle -1
sphere {
	<31.800642, 42.162136, 36.445076> 0.250000
	pigment { color rgbt <1,0,0,0> }
	no_shadow
}
cylinder {
	<31.622370, 42.309933, 36.118923>,  <31.515406, 42.398609, 35.923233>, 0.100000
	pigment { color rgbt <1,0,0,0> }
	no_shadow
}
cylinder {
	<31.622370, 42.309933, 36.118923>,  <31.800642, 42.162136, 36.445076>, 0.100000
	pigment { color rgbt <1,0,0,0> }
	no_shadow
}

// particle -1
sphere {
	<31.622370, 42.309933, 36.118923> 0.100000
	pigment { color rgbt <1,0,0,0> }
	no_shadow
}
sphere {
	0, 1
	scale<0.080000,0.200000,0.300000>
	matrix <-0.894933, -0.205823, 0.395894,
		-0.021545, 0.906153, 0.422401,
		-0.445680, 0.369491, -0.815380,
		31.488667, 42.420780, 35.874310>
	pigment { color rgbt <0,1,1,0> }
	no_shadow
}
cylinder {
	<31.414598, 42.718571, 36.668739>,  <31.800642, 42.162136, 36.445076>, 0.130000
	pigment { color rgbt <1,0,0,0> }
	no_shadow
}

// nucleotide -1

// particle -1
sphere {
	<31.414598, 42.718571, 36.668739> 0.250000
	pigment { color rgbt <1,0,0,0> }
	no_shadow
}
cylinder {
	<31.259800, 42.550297, 36.340530>,  <31.166920, 42.449333, 36.143604>, 0.100000
	pigment { color rgbt <1,0,0,0> }
	no_shadow
}
cylinder {
	<31.259800, 42.550297, 36.340530>,  <31.414598, 42.718571, 36.668739>, 0.100000
	pigment { color rgbt <1,0,0,0> }
	no_shadow
}

// particle -1
sphere {
	<31.259800, 42.550297, 36.340530> 0.100000
	pigment { color rgbt <1,0,0,0> }
	no_shadow
}
sphere {
	0, 1
	scale<0.080000,0.200000,0.300000>
	matrix <-0.881837, -0.091161, 0.462658,
		-0.269435, 0.902613, -0.335700,
		-0.386999, -0.420689, -0.820520,
		31.143700, 42.424091, 36.094376>
	pigment { color rgbt <0,1,1,0> }
	no_shadow
}
cylinder {
	<30.723675, 42.870838, 36.626690>,  <31.414598, 42.718571, 36.668739>, 0.130000
	pigment { color rgbt <1,0,0,0> }
	no_shadow
}

// nucleotide -1

// particle -1
sphere {
	<30.723675, 42.870838, 36.626690> 0.250000
	pigment { color rgbt <1,0,0,0> }
	no_shadow
}
cylinder {
	<30.729120, 42.556137, 36.379845>,  <30.732388, 42.367317, 36.231739>, 0.100000
	pigment { color rgbt <1,0,0,0> }
	no_shadow
}
cylinder {
	<30.729120, 42.556137, 36.379845>,  <30.723675, 42.870838, 36.626690>, 0.100000
	pigment { color rgbt <1,0,0,0> }
	no_shadow
}

// particle -1
sphere {
	<30.729120, 42.556137, 36.379845> 0.100000
	pigment { color rgbt <1,0,0,0> }
	no_shadow
}
sphere {
	0, 1
	scale<0.080000,0.200000,0.300000>
	matrix <-0.882367, -0.299775, 0.362718,
		-0.470366, 0.539581, -0.698289,
		0.013614, -0.786757, -0.617113,
		30.733204, 42.320110, 36.194710>
	pigment { color rgbt <0,1,1,0> }
	no_shadow
}
cylinder {
	<30.070158, 42.830494, 36.501118>,  <30.723675, 42.870838, 36.626690>, 0.130000
	pigment { color rgbt <1,0,0,0> }
	no_shadow
}

// nucleotide -1

// particle -1
sphere {
	<30.070158, 42.830494, 36.501118> 0.250000
	pigment { color rgbt <1,0,0,0> }
	no_shadow
}
cylinder {
	<30.200663, 42.473866, 36.375481>,  <30.278965, 42.259888, 36.300098>, 0.100000
	pigment { color rgbt <1,0,0,0> }
	no_shadow
}
cylinder {
	<30.200663, 42.473866, 36.375481>,  <30.070158, 42.830494, 36.501118>, 0.100000
	pigment { color rgbt <1,0,0,0> }
	no_shadow
}

// particle -1
sphere {
	<30.200663, 42.473866, 36.375481> 0.100000
	pigment { color rgbt <1,0,0,0> }
	no_shadow
}
sphere {
	0, 1
	scale<0.080000,0.200000,0.300000>
	matrix <-0.891480, -0.400706, 0.211417,
		-0.314352, 0.211029, -0.925554,
		0.326260, -0.891572, -0.314091,
		30.298540, 42.206394, 36.281254>
	pigment { color rgbt <0,1,1,0> }
	no_shadow
}
cylinder {
	<29.573868, 42.502190, 35.910297>,  <30.070158, 42.830494, 36.501118>, 0.130000
	pigment { color rgbt <1,0,0,0> }
	no_shadow
}

// nucleotide -1

// particle -1
sphere {
	<29.573868, 42.502190, 35.910297> 0.250000
	pigment { color rgbt <1,0,0,0> }
	no_shadow
}
cylinder {
	<29.790487, 42.229893, 36.107605>,  <29.920460, 42.066513, 36.225990>, 0.100000
	pigment { color rgbt <1,0,0,0> }
	no_shadow
}
cylinder {
	<29.790487, 42.229893, 36.107605>,  <29.573868, 42.502190, 35.910297>, 0.100000
	pigment { color rgbt <1,0,0,0> }
	no_shadow
}

// particle -1
sphere {
	<29.790487, 42.229893, 36.107605> 0.100000
	pigment { color rgbt <1,0,0,0> }
	no_shadow
}
sphere {
	0, 1
	scale<0.080000,0.200000,0.300000>
	matrix <-0.834624, -0.505613, 0.218537,
		0.100637, -0.530044, -0.841977,
		0.541549, -0.680742, 0.493271,
		29.952951, 42.025669, 36.255585>
	pigment { color rgbt <0,1,1,0> }
	no_shadow
}
cylinder {
	<29.156183, 41.975346, 35.813023>,  <29.573868, 42.502190, 35.910297>, 0.130000
	pigment { color rgbt <1,0,0,0> }
	no_shadow
}

// nucleotide -1

// particle -1
sphere {
	<29.156183, 41.975346, 35.813023> 0.250000
	pigment { color rgbt <1,0,0,0> }
	no_shadow
}
cylinder {
	<29.451738, 41.826355, 36.037632>,  <29.629072, 41.736961, 36.172398>, 0.100000
	pigment { color rgbt <1,0,0,0> }
	no_shadow
}
cylinder {
	<29.451738, 41.826355, 36.037632>,  <29.156183, 41.975346, 35.813023>, 0.100000
	pigment { color rgbt <1,0,0,0> }
	no_shadow
}

// particle -1
sphere {
	<29.451738, 41.826355, 36.037632> 0.100000
	pigment { color rgbt <1,0,0,0> }
	no_shadow
}
sphere {
	0, 1
	scale<0.080000,0.200000,0.300000>
	matrix <-0.372082, -0.920299, -0.120856,
