// switches for output
#declare DRAW_BASES = 1; // possible values are 0, 1; only relevant for DNA ribbons
#declare DRAW_BASES_TYPE = 3; // possible values are 1, 2, 3; only relevant for DNA ribbons
#declare DRAW_FOG = 0; // set to 1 to enable fog

#include "colors.inc"

#include "transforms.inc"
background { rgb <1, 1, 1>}

#default {
   normal{
       ripples 0.25
       frequency 0.20
       turbulence 0.2
       lambda 5
   }
	finish {
		phong 0.1
		phong_size 40.
	}
}

// original window dimensions: 1024x640


// camera settings

camera {
	sky <0, 0.179814, -0.983701>
	up <0, 0.179814, -0.983701>
	right 1.6 * <1, 0, 0>
	location <35, 94.9851, 44.8844>
	look_at <35, 29.7336, 32.9568>
	direction <0, -65.2515, -11.9276>
	angle 67.0682
}


# declare cpy_camera_pos = <35, 94.9851, 44.8844>;
# if (DRAW_FOG = 1)
fog {
	fog_type 2
	up vnormalize(cpy_camera_pos)
	color rgbt<1,1,1,0.3>
	distance 1e-5
	fog_alt 3e-3
	fog_offset 56
}
# end


// LIGHTS

# declare lum = 6;
global_settings {
	ambient_light rgb lum * <0.05, 0.05, 0.05>
	max_trace_level 15
}# declare cpy_direct_light_amount = 0.25;
light_source
{	1000 * <-1, -1.16352, -0.803886>,
	rgb lum * cpy_direct_light_amount
	parallel
}

light_source
{	1000 * <1, 1.16352, 0.803886>,
	rgb lum * cpy_direct_light_amount
	parallel
}

// strand 0

// nucleotide -1

// particle -1
sphere {
	<24.236702, 35.044296, 34.709064> 0.250000
	pigment { color rgbt <1,0,0,0> }
	no_shadow
}
cylinder {
	<24.377420, 35.075424, 35.082199>,  <24.461851, 35.094101, 35.306080>, 0.100000
	pigment { color rgbt <1,0,0,0> }
	no_shadow
}
cylinder {
	<24.377420, 35.075424, 35.082199>,  <24.236702, 35.044296, 34.709064>, 0.100000
	pigment { color rgbt <1,0,0,0> }
	no_shadow
}

// particle -1
sphere {
	<24.377420, 35.075424, 35.082199> 0.100000
	pigment { color rgbt <1,0,0,0> }
	no_shadow
}
sphere {
	0, 1
	scale<0.080000,0.200000,0.300000>
	matrix <0.411057, 0.882471, -0.228641,
		-0.840995, 0.463884, 0.278459,
		0.351795, 0.077823, 0.932837,
		24.482960, 35.098770, 35.362049>
	pigment { color rgbt <0,1,1,0> }
	no_shadow
}
cylinder {
	<25.075615, 34.976177, 34.891743>,  <24.236702, 35.044296, 34.709064>, 0.130000
	pigment { color rgbt <1,0,0,0> }
	no_shadow
}

// nucleotide -1

// particle -1
sphere {
	<25.075615, 34.976177, 34.891743> 0.250000
	pigment { color rgbt <1,0,0,0> }
	no_shadow
}
cylinder {
	<25.150509, 35.178909, 34.555157>,  <25.195446, 35.300549, 34.353207>, 0.100000
	pigment { color rgbt <1,0,0,0> }
	no_shadow
}
cylinder {
	<25.150509, 35.178909, 34.555157>,  <25.075615, 34.976177, 34.891743>, 0.100000
	pigment { color rgbt <1,0,0,0> }
	no_shadow
}

// particle -1
sphere {
	<25.150509, 35.178909, 34.555157> 0.100000
	pigment { color rgbt <1,0,0,0> }
	no_shadow
}
sphere {
	0, 1
	scale<0.080000,0.200000,0.300000>
	matrix <0.637145, 0.589322, 0.496735,
		0.747656, -0.629141, -0.212586,
		0.187235, 0.506835, -0.841464,
		25.206680, 35.330959, 34.302719>
	pigment { color rgbt <0,1,1,0> }
	no_shadow
}
cylinder {
	<25.780056, 34.826019, 34.697273>,  <25.075615, 34.976177, 34.891743>, 0.130000
	pigment { color rgbt <1,0,0,0> }
	no_shadow
}

// nucleotide -1

// particle -1
sphere {
	<25.780056, 34.826019, 34.697273> 0.250000
	pigment { color rgbt <1,0,0,0> }
	no_shadow
}
cylinder {
	<25.625576, 35.176239, 34.581165>,  <25.532888, 35.386372, 34.511501>, 0.100000
	pigment { color rgbt <1,0,0,0> }
	no_shadow
}
cylinder {
	<25.625576, 35.176239, 34.581165>,  <25.780056, 34.826019, 34.697273>, 0.100000
	pigment { color rgbt <1,0,0,0> }
	no_shadow
}

// particle -1
sphere {
	<25.625576, 35.176239, 34.581165> 0.100000
	pigment { color rgbt <1,0,0,0> }
	no_shadow
}
sphere {
	0, 1
	scale<0.080000,0.200000,0.300000>
	matrix <0.694898, 0.483107, 0.532658,
		0.606602, 0.004002, -0.794995,
		-0.386200, 0.875552, -0.290273,
		25.509716, 35.438904, 34.494083>
	pigment { color rgbt <0,1,1,0> }
	no_shadow
}
cylinder {
	<26.253971, 35.256104, 34.329987>,  <25.780056, 34.826019, 34.697273>, 0.130000
	pigment { color rgbt <1,0,0,0> }
	no_shadow
}

// nucleotide -1

// particle -1
sphere {
	<26.253971, 35.256104, 34.329987> 0.250000
	pigment { color rgbt <1,0,0,0> }
	no_shadow
}
cylinder {
	<26.014465, 35.505623, 34.530930>,  <25.870762, 35.655334, 34.651493>, 0.100000
	pigment { color rgbt <1,0,0,0> }
	no_shadow
}
cylinder {
	<26.014465, 35.505623, 34.530930>,  <26.253971, 35.256104, 34.329987>, 0.100000
	pigment { color rgbt <1,0,0,0> }
	no_shadow
}

// particle -1
sphere {
	<26.014465, 35.505623, 34.530930> 0.100000
	pigment { color rgbt <1,0,0,0> }
	no_shadow
}
sphere {
	0, 1
	scale<0.080000,0.200000,0.300000>
	matrix <0.794493, 0.383270, 0.471047,
		0.101300, 0.681163, -0.725089,
		-0.598765, 0.623795, 0.502354,
		25.834835, 35.692760, 34.681637>
	pigment { color rgbt <0,1,1,0> }
	no_shadow
}
cylinder {
	<26.511366, 35.931324, 34.136620>,  <26.253971, 35.256104, 34.329987>, 0.130000
	pigment { color rgbt <1,0,0,0> }
	no_shadow
}

// nucleotide -1

// particle -1
sphere {
	<26.511366, 35.931324, 34.136620> 0.250000
	pigment { color rgbt <1,0,0,0> }
	no_shadow
}
cylinder {
	<26.350046, 35.812920, 34.482967>,  <26.253254, 35.741875, 34.690777>, 0.100000
	pigment { color rgbt <1,0,0,0> }
	no_shadow
}
cylinder {
	<26.350046, 35.812920, 34.482967>,  <26.511366, 35.931324, 34.136620>, 0.100000
	pigment { color rgbt <1,0,0,0> }
	no_shadow
}

// particle -1
sphere {
	<26.350046, 35.812920, 34.482967> 0.100000
	pigment { color rgbt <1,0,0,0> }
	no_shadow
}
sphere {
	0, 1
	scale<0.080000,0.200000,0.300000>
	matrix <0.875689, 0.149751, 0.459068,
		-0.265555, 0.943372, 0.198822,
		-0.403298, -0.296014, 0.865867,
		26.229057, 35.724117, 34.742729>
	pigment { color rgbt <0,1,1,0> }
	no_shadow
}
cylinder {
	<27.023676, 36.494614, 33.983883>,  <26.511366, 35.931324, 34.136620>, 0.130000
	pigment { color rgbt <1,0,0,0> }
	no_shadow
}

// nucleotide -1

// particle -1
sphere {
	<27.023676, 36.494614, 33.983883> 0.250000
	pigment { color rgbt <1,0,0,0> }
	no_shadow
}
cylinder {
	<27.036917, 36.866974, 34.129395>,  <27.044861, 37.090389, 34.216702>, 0.100000
	pigment { color rgbt <1,0,0,0> }
	no_shadow
}
cylinder {
	<27.036917, 36.866974, 34.129395>,  <27.023676, 36.494614, 33.983883>, 0.100000
	pigment { color rgbt <1,0,0,0> }
	no_shadow
}

// particle -1
sphere {
	<27.036917, 36.866974, 34.129395> 0.100000
	pigment { color rgbt <1,0,0,0> }
	no_shadow
}
sphere {
	0, 1
	scale<0.080000,0.200000,0.300000>
	matrix <0.044937, 0.362221, -0.931008,
		-0.998441, 0.047166, -0.029841,
		0.033103, 0.930898, 0.363776,
		27.046848, 37.146244, 34.238529>
	pigment { color rgbt <0,1,1,0> }
	no_shadow
}
cylinder {
	<26.468302, 36.892937, 33.754185>,  <27.023676, 36.494614, 33.983883>, 0.130000
	pigment { color rgbt <1,0,0,0> }
	no_shadow
}

// nucleotide -1

// particle -1
sphere {
	<26.468302, 36.892937, 33.754185> 0.250000
	pigment { color rgbt <1,0,0,0> }
	no_shadow
}
cylinder {
	<26.803984, 37.097179, 33.829037>,  <27.005392, 37.219727, 33.873947>, 0.100000
	pigment { color rgbt <1,0,0,0> }
	no_shadow
}
cylinder {
	<26.803984, 37.097179, 33.829037>,  <26.468302, 36.892937, 33.754185>, 0.100000
	pigment { color rgbt <1,0,0,0> }
	no_shadow
}

// particle -1
sphere {
	<26.803984, 37.097179, 33.829037> 0.100000
	pigment { color rgbt <1,0,0,0> }
	no_shadow
}
sphere {
	0, 1
	scale<0.080000,0.200000,0.300000>
	matrix <0.063507, 0.249727, -0.966232,
		-0.540096, 0.822749, 0.177144,
		0.839204, 0.510608, 0.187127,
		27.055744, 37.250362, 33.885174>
	pigment { color rgbt <0,1,1,0> }
	no_shadow
}
cylinder {
	<26.515375, 37.599014, 33.397305>,  <26.468302, 36.892937, 33.754185>, 0.130000
	pigment { color rgbt <1,0,0,0> }
	no_shadow
}

// nucleotide -1

// particle -1
sphere {
	<26.515375, 37.599014, 33.397305> 0.250000
	pigment { color rgbt <1,0,0,0> }
	no_shadow
}
cylinder {
	<26.904964, 37.559853, 33.479073>,  <27.138718, 37.536354, 33.528133>, 0.100000
	pigment { color rgbt <1,0,0,0> }
	no_shadow
}
cylinder {
	<26.904964, 37.559853, 33.479073>,  <26.515375, 37.599014, 33.397305>, 0.100000
	pigment { color rgbt <1,0,0,0> }
	no_shadow
}

// particle -1
sphere {
	<26.904964, 37.559853, 33.479073> 0.100000
	pigment { color rgbt <1,0,0,0> }
	no_shadow
}
sphere {
	0, 1
	scale<0.080000,0.200000,0.300000>
	matrix <0.224660, 0.536572, -0.813399,
		-0.030050, 0.838156, 0.544603,
		0.973974, -0.097907, 0.204424,
		27.197157, 37.530479, 33.540401>
	pigment { color rgbt <0,1,1,0> }
	no_shadow
}
cylinder {
	<26.752180, 38.227333, 33.345272>,  <26.515375, 37.599014, 33.397305>, 0.130000
	pigment { color rgbt <1,0,0,0> }
	no_shadow
}

// nucleotide -1

// particle -1
sphere {
	<26.752180, 38.227333, 33.345272> 0.250000
	pigment { color rgbt <1,0,0,0> }
	no_shadow
}
cylinder {
	<27.086878, 38.010551, 33.313908>,  <27.287697, 37.880482, 33.295090>, 0.100000
	pigment { color rgbt <1,0,0,0> }
	no_shadow
}
cylinder {
	<27.086878, 38.010551, 33.313908>,  <26.752180, 38.227333, 33.345272>, 0.100000
	pigment { color rgbt <1,0,0,0> }
	no_shadow
}

// particle -1
sphere {
	<27.086878, 38.010551, 33.313908> 0.100000
	pigment { color rgbt <1,0,0,0> }
	no_shadow
}
sphere {
	0, 1
	scale<0.080000,0.200000,0.300000>
	matrix <0.259213, 0.518137, -0.815072,
		0.482356, 0.661682, 0.574029,
		0.836745, -0.541951, -0.078409,
		27.337902, 37.847965, 33.290386>
	pigment { color rgbt <0,1,1,0> }
	no_shadow
}
cylinder {
	<27.304480, 38.724045, 33.361805>,  <26.752180, 38.227333, 33.345272>, 0.130000
	pigment { color rgbt <1,0,0,0> }
	no_shadow
}

// nucleotide -1

// particle -1
sphere {
	<27.304480, 38.724045, 33.361805> 0.250000
	pigment { color rgbt <1,0,0,0> }
	no_shadow
}
cylinder {
	<27.426714, 38.385864, 33.186611>,  <27.500055, 38.182957, 33.081493>, 0.100000
	pigment { color rgbt <1,0,0,0> }
	no_shadow
}
cylinder {
	<27.426714, 38.385864, 33.186611>,  <27.304480, 38.724045, 33.361805>, 0.100000
	pigment { color rgbt <1,0,0,0> }
	no_shadow
}

// particle -1
sphere {
	<27.426714, 38.385864, 33.186611> 0.100000
	pigment { color rgbt <1,0,0,0> }
	no_shadow
}
sphere {
	0, 1
	scale<0.080000,0.200000,0.300000>
	matrix <0.489731, 0.534041, -0.689176,
		0.816566, -0.003892, 0.577239,
		0.305587, -0.845450, -0.437985,
		27.518391, 38.132229, 33.055214>
	pigment { color rgbt <0,1,1,0> }
	no_shadow
}
cylinder {
	<28.000097, 38.775494, 33.154015>,  <27.304480, 38.724045, 33.361805>, 0.130000
	pigment { color rgbt <1,0,0,0> }
	no_shadow
}

// nucleotide -1

// particle -1
sphere {
	<28.000097, 38.775494, 33.154015> 0.250000
	pigment { color rgbt <1,0,0,0> }
	no_shadow
}
cylinder {
	<27.895845, 38.481651, 32.903439>,  <27.833294, 38.305347, 32.753094>, 0.100000
	pigment { color rgbt <1,0,0,0> }
	no_shadow
}
cylinder {
	<27.895845, 38.481651, 32.903439>,  <28.000097, 38.775494, 33.154015>, 0.100000
	pigment { color rgbt <1,0,0,0> }
	no_shadow
}

// particle -1
sphere {
	<27.895845, 38.481651, 32.903439> 0.100000
	pigment { color rgbt <1,0,0,0> }
	no_shadow
}
sphere {
	0, 1
	scale<0.080000,0.200000,0.300000>
	matrix <0.483357, 0.462397, -0.743340,
		0.835726, -0.496530, 0.234563,
		-0.260630, -0.734606, -0.626439,
		27.817657, 38.261269, 32.715508>
	pigment { color rgbt <0,1,1,0> }
	no_shadow
}
cylinder {
	<28.525679, 38.675304, 32.753578>,  <28.000097, 38.775494, 33.154015>, 0.130000
	pigment { color rgbt <1,0,0,0> }
	no_shadow
}

// nucleotide -1

// particle -1
sphere {
	<28.525679, 38.675304, 32.753578> 0.250000
	pigment { color rgbt <1,0,0,0> }
	no_shadow
}
cylinder {
	<28.244955, 38.500011, 32.528931>,  <28.076521, 38.394836, 32.394142>, 0.100000
	pigment { color rgbt <1,0,0,0> }
	no_shadow
}
cylinder {
	<28.244955, 38.500011, 32.528931>,  <28.525679, 38.675304, 32.753578>, 0.100000
	pigment { color rgbt <1,0,0,0> }
	no_shadow
}

// particle -1
sphere {
	<28.244955, 38.500011, 32.528931> 0.100000
	pigment { color rgbt <1,0,0,0> }
	no_shadow
}
sphere {
	0, 1
	scale<0.080000,0.200000,0.300000>
	matrix <0.365269, 0.455479, -0.811860,
		0.611590, -0.774913, -0.159586,
		-0.701809, -0.438234, -0.561618,
		28.034412, 38.368542, 32.360447>
	pigment { color rgbt <0,1,1,0> }
	no_shadow
}
cylinder {
	<28.946152, 38.566021, 32.085339>,  <28.525679, 38.675304, 32.753578>, 0.130000
	pigment { color rgbt <1,0,0,0> }
	no_shadow
}

// nucleotide -1

// particle -1
sphere {
	<28.946152, 38.566021, 32.085339> 0.250000
	pigment { color rgbt <1,0,0,0> }
	no_shadow
}
cylinder {
	<28.552515, 38.534733, 32.021530>,  <28.316334, 38.515961, 31.983246>, 0.100000
	pigment { color rgbt <1,0,0,0> }
	no_shadow
}
cylinder {
	<28.552515, 38.534733, 32.021530>,  <28.946152, 38.566021, 32.085339>, 0.100000
	pigment { color rgbt <1,0,0,0> }
	no_shadow
}

// particle -1
sphere {
	<28.552515, 38.534733, 32.021530> 0.100000
	pigment { color rgbt <1,0,0,0> }
	no_shadow
}
sphere {
	0, 1
	scale<0.080000,0.200000,0.300000>
	matrix <0.105131, 0.467424, -0.877760,
		0.143222, -0.880566, -0.451765,
		-0.984091, -0.078220, -0.159520,
		28.257288, 38.511265, 31.973675>
	pigment { color rgbt <0,1,1,0> }
	no_shadow
}
cylinder {
	<28.882713, 38.325314, 31.420256>,  <28.946152, 38.566021, 32.085339>, 0.130000
	pigment { color rgbt <1,0,0,0> }
	no_shadow
}

// nucleotide -1

// particle -1
sphere {
	<28.882713, 38.325314, 31.420256> 0.250000
	pigment { color rgbt <1,0,0,0> }
	no_shadow
}
cylinder {
	<28.548029, 38.517956, 31.524542>,  <28.347218, 38.633541, 31.587112>, 0.100000
	pigment { color rgbt <1,0,0,0> }
	no_shadow
}
cylinder {
	<28.548029, 38.517956, 31.524542>,  <28.882713, 38.325314, 31.420256>, 0.100000
	pigment { color rgbt <1,0,0,0> }
	no_shadow
}

// particle -1
sphere {
	<28.548029, 38.517956, 31.524542> 0.100000
	pigment { color rgbt <1,0,0,0> }
	no_shadow
}
sphere {
	0, 1
	scale<0.080000,0.200000,0.300000>
	matrix <0.042661, 0.531937, -0.845709,
		-0.545981, -0.696491, -0.465623,
		-0.836711, 0.481605, 0.260714,
		28.297016, 38.662437, 31.602757>
	pigment { color rgbt <0,1,1,0> }
	no_shadow
}
cylinder {
	<28.572239, 38.398827, 30.817965>,  <28.882713, 38.325314, 31.420256>, 0.130000
	pigment { color rgbt <1,0,0,0> }
	no_shadow
}

// nucleotide -1

// particle -1
sphere {
	<28.572239, 38.398827, 30.817965> 0.250000
	pigment { color rgbt <1,0,0,0> }
	no_shadow
}
cylinder {
	<28.381327, 38.671001, 31.040390>,  <28.266779, 38.834305, 31.173845>, 0.100000
	pigment { color rgbt <1,0,0,0> }
	no_shadow
}
cylinder {
	<28.381327, 38.671001, 31.040390>,  <28.572239, 38.398827, 30.817965>, 0.100000
	pigment { color rgbt <1,0,0,0> }
	no_shadow
}

// particle -1
sphere {
	<28.381327, 38.671001, 31.040390> 0.100000
	pigment { color rgbt <1,0,0,0> }
	no_shadow
}
sphere {
	0, 1
	scale<0.080000,0.200000,0.300000>
	matrix <-0.047824, 0.611738, -0.789614,
		-0.877448, -0.403461, -0.259430,
		-0.477282, 0.680438, 0.556063,
		28.238142, 38.875134, 31.207209>
	pigment { color rgbt <0,1,1,0> }
	no_shadow
}
cylinder {
	<28.061960, 38.668041, 30.380489>,  <28.572239, 38.398827, 30.817965>, 0.130000
	pigment { color rgbt <1,0,0,0> }
	no_shadow
}

// nucleotide -1

// particle -1
sphere {
	<28.061960, 38.668041, 30.380489> 0.250000
	pigment { color rgbt <1,0,0,0> }
	no_shadow
}
cylinder {
	<28.072557, 38.958710, 30.655077>,  <28.078917, 39.133110, 30.819830>, 0.100000
	pigment { color rgbt <1,0,0,0> }
	no_shadow
}
cylinder {
	<28.072557, 38.958710, 30.655077>,  <28.061960, 38.668041, 30.380489>, 0.100000
	pigment { color rgbt <1,0,0,0> }
	no_shadow
}

// particle -1
sphere {
	<28.072557, 38.958710, 30.655077> 0.100000
	pigment { color rgbt <1,0,0,0> }
	no_shadow
}
sphere {
	0, 1
	scale<0.080000,0.200000,0.300000>
	matrix <0.154456, 0.675489, -0.721011,
		-0.987644, 0.125131, -0.094344,
		0.026493, 0.726675, 0.686470,
		28.080505, 39.176712, 30.861017>
	pigment { color rgbt <0,1,1,0> }
	no_shadow
}
cylinder {
	<27.579126, 39.108635, 30.258055>,  <28.061960, 38.668041, 30.380489>, 0.130000
	pigment { color rgbt <1,0,0,0> }
	no_shadow
}

// nucleotide -1

// particle -1
sphere {
	<27.579126, 39.108635, 30.258055> 0.250000
	pigment { color rgbt <1,0,0,0> }
	no_shadow
}
cylinder {
	<27.854959, 39.320709, 30.455389>,  <28.020458, 39.447952, 30.573790>, 0.100000
	pigment { color rgbt <1,0,0,0> }
	no_shadow
}
cylinder {
	<27.854959, 39.320709, 30.455389>,  <27.579126, 39.108635, 30.258055>, 0.100000
	pigment { color rgbt <1,0,0,0> }
	no_shadow
}

// particle -1
sphere {
	<27.854959, 39.320709, 30.455389> 0.100000
	pigment { color rgbt <1,0,0,0> }
	no_shadow
}
sphere {
	0, 1
	scale<0.080000,0.200000,0.300000>
	matrix <0.202682, 0.512699, -0.834302,
		-0.695267, 0.675310, 0.246089,
		0.689582, 0.530185, 0.493336,
		28.061834, 39.479763, 30.603390>
	pigment { color rgbt <0,1,1,0> }
	no_shadow
}
cylinder {
	<27.526871, 39.829311, 30.148588>,  <27.579126, 39.108635, 30.258055>, 0.130000
	pigment { color rgbt <1,0,0,0> }
	no_shadow
}

// nucleotide -1

// particle -1
sphere {
	<27.526871, 39.829311, 30.148588> 0.250000
	pigment { color rgbt <1,0,0,0> }
	no_shadow
}
cylinder {
	<27.898298, 39.847912, 30.295881>,  <28.121155, 39.859074, 30.384258>, 0.100000
	pigment { color rgbt <1,0,0,0> }
	no_shadow
}
cylinder {
	<27.898298, 39.847912, 30.295881>,  <27.526871, 39.829311, 30.148588>, 0.100000
	pigment { color rgbt <1,0,0,0> }
	no_shadow
}

// particle -1
sphere {
	<27.898298, 39.847912, 30.295881> 0.100000
	pigment { color rgbt <1,0,0,0> }
	no_shadow
}
sphere {
	0, 1
	scale<0.080000,0.200000,0.300000>
	matrix <0.248905, 0.657937, -0.710750,
		-0.275327, 0.751636, 0.599365,
		0.928569, 0.046503, 0.368234,
		28.176868, 39.861862, 30.406351>
	pigment { color rgbt <0,1,1,0> }
	no_shadow
}
cylinder {
	<27.752230, 40.580551, 30.061960>,  <27.526871, 39.829311, 30.148588>, 0.130000
	pigment { color rgbt <1,0,0,0> }
	no_shadow
}

// nucleotide -1

// particle -1
sphere {
	<27.752230, 40.580551, 30.061960> 0.250000
	pigment { color rgbt <1,0,0,0> }
	no_shadow
}
cylinder {
	<28.100363, 40.394325, 30.126175>,  <28.309242, 40.282589, 30.164703>, 0.100000
	pigment { color rgbt <1,0,0,0> }
	no_shadow
}
cylinder {
	<28.100363, 40.394325, 30.126175>,  <27.752230, 40.580551, 30.061960>, 0.100000
	pigment { color rgbt <1,0,0,0> }
	no_shadow
}

// particle -1
sphere {
	<28.100363, 40.394325, 30.126175> 0.100000
	pigment { color rgbt <1,0,0,0> }
	no_shadow
}
sphere {
	0, 1
	scale<0.080000,0.200000,0.300000>
	matrix <0.438167, 0.583270, -0.683963,
		0.224792, 0.665617, 0.711634,
		0.870332, -0.465564, 0.160537,
		28.361462, 40.254658, 30.174335>
	pigment { color rgbt <0,1,1,0> }
	no_shadow
}
cylinder {
	<28.358438, 41.059937, 29.999506>,  <27.752230, 40.580551, 30.061960>, 0.130000
	pigment { color rgbt <1,0,0,0> }
	no_shadow
}

// nucleotide -1

// particle -1
sphere {
	<28.358438, 41.059937, 29.999506> 0.250000
	pigment { color rgbt <1,0,0,0> }
	no_shadow
}
cylinder {
	<28.527069, 40.703964, 29.929878>,  <28.628248, 40.490383, 29.888102>, 0.100000
	pigment { color rgbt <1,0,0,0> }
	no_shadow
}
cylinder {
	<28.527069, 40.703964, 29.929878>,  <28.358438, 41.059937, 29.999506>, 0.100000
	pigment { color rgbt <1,0,0,0> }
	no_shadow
}

// particle -1
sphere {
	<28.527069, 40.703964, 29.929878> 0.100000
	pigment { color rgbt <1,0,0,0> }
	no_shadow
}
sphere {
	0, 1
	scale<0.080000,0.200000,0.300000>
	matrix <0.621070, 0.423239, -0.659652,
		0.660716, 0.169985, 0.731136,
		0.421577, -0.889929, -0.174068,
		28.653542, 40.436985, 29.877657>
	pigment { color rgbt <0,1,1,0> }
	no_shadow
}
cylinder {
	<29.029217, 41.293884, 29.995680>,  <28.358438, 41.059937, 29.999506>, 0.130000
	pigment { color rgbt <1,0,0,0> }
	no_shadow
}

// nucleotide -1

// particle -1
sphere {
	<29.029217, 41.293884, 29.995680> 0.250000
	pigment { color rgbt <1,0,0,0> }
	no_shadow
}
cylinder {
	<28.993822, 40.940689, 29.811285>,  <28.972586, 40.728771, 29.700649>, 0.100000
	pigment { color rgbt <1,0,0,0> }
	no_shadow
}
cylinder {
	<28.993822, 40.940689, 29.811285>,  <29.029217, 41.293884, 29.995680>, 0.100000
	pigment { color rgbt <1,0,0,0> }
	no_shadow
}

// particle -1
sphere {
	<28.993822, 40.940689, 29.811285> 0.100000
	pigment { color rgbt <1,0,0,0> }
	no_shadow
}
sphere {
	0, 1
	scale<0.080000,0.200000,0.300000>
	matrix <0.719185, 0.263564, -0.642889,
		0.689161, -0.388421, 0.611708,
		-0.088487, -0.882985, -0.460985,
		28.967276, 40.675793, 29.672989>
	pigment { color rgbt <0,1,1,0> }
	no_shadow
}
cylinder {
	<29.691702, 40.937080, 29.945038>,  <29.029217, 41.293884, 29.995680>, 0.130000
	pigment { color rgbt <1,0,0,0> }
	no_shadow
}

// nucleotide -1

// particle -1
sphere {
	<29.691702, 40.937080, 29.945038> 0.250000
	pigment { color rgbt <1,0,0,0> }
	no_shadow
}
cylinder {
	<29.480951, 40.758232, 29.655907>,  <29.354502, 40.650921, 29.482428>, 0.100000
	pigment { color rgbt <1,0,0,0> }
	no_shadow
}
cylinder {
	<29.480951, 40.758232, 29.655907>,  <29.691702, 40.937080, 29.945038>, 0.100000
	pigment { color rgbt <1,0,0,0> }
	no_shadow
}

// particle -1
sphere {
	<29.480951, 40.758232, 29.655907> 0.100000
	pigment { color rgbt <1,0,0,0> }
	no_shadow
}
sphere {
	0, 1
	scale<0.080000,0.200000,0.300000>
	matrix <0.815213, -0.025220, -0.578612,
		0.240482, -0.894116, 0.377789,
		-0.526874, -0.447124, -0.722830,
		29.322889, 40.624096, 29.439058>
	pigment { color rgbt <0,1,1,0> }
	no_shadow
}
cylinder {
	<30.144005, 40.376930, 29.692638>,  <29.691702, 40.937080, 29.945038>, 0.130000
	pigment { color rgbt <1,0,0,0> }
	no_shadow
}

// nucleotide -1

// particle -1
sphere {
	<30.144005, 40.376930, 29.692638> 0.250000
	pigment { color rgbt <1,0,0,0> }
	no_shadow
}
cylinder {
	<29.869913, 40.469818, 29.416513>,  <29.705458, 40.525551, 29.250837>, 0.100000
	pigment { color rgbt <1,0,0,0> }
	no_shadow
}
cylinder {
	<29.869913, 40.469818, 29.416513>,  <30.144005, 40.376930, 29.692638>, 0.100000
	pigment { color rgbt <1,0,0,0> }
	no_shadow
}

// particle -1
sphere {
	<29.869913, 40.469818, 29.416513> 0.100000
	pigment { color rgbt <1,0,0,0> }
	no_shadow
}
sphere {
	0, 1
	scale<0.080000,0.200000,0.300000>
	matrix <0.723047, 0.102979, -0.683080,
		-0.087537, -0.967196, -0.238470,
		-0.685230, 0.232220, -0.690314,
		29.664345, 40.539486, 29.209419>
	pigment { color rgbt <0,1,1,0> }
	no_shadow
}
cylinder {
	<30.217514, 39.898125, 29.146978>,  <30.144005, 40.376930, 29.692638>, 0.130000
	pigment { color rgbt <1,0,0,0> }
	no_shadow
}

// nucleotide -1

// particle -1
sphere {
	<30.217514, 39.898125, 29.146978> 0.250000
	pigment { color rgbt <1,0,0,0> }
	no_shadow
}
cylinder {
	<30.025024, 40.211571, 28.989819>,  <29.909531, 40.399639, 28.895523>, 0.100000
	pigment { color rgbt <1,0,0,0> }
	no_shadow
}
cylinder {
	<30.025024, 40.211571, 28.989819>,  <30.217514, 39.898125, 29.146978>, 0.100000
	pigment { color rgbt <1,0,0,0> }
	no_shadow
}

// particle -1
sphere {
	<30.025024, 40.211571, 28.989819> 0.100000
	pigment { color rgbt <1,0,0,0> }
	no_shadow
}
sphere {
	0, 1
	scale<0.080000,0.200000,0.300000>
	matrix <0.630375, -0.002108, -0.776288,
		-0.609138, -0.621245, -0.492956,
		-0.481225, 0.783614, -0.392901,
		29.880657, 40.446655, 28.871948>
	pigment { color rgbt <0,1,1,0> }
	no_shadow
}
cylinder {
	<30.029083, 39.679317, 28.481653>,  <30.217514, 39.898125, 29.146978>, 0.130000
	pigment { color rgbt <1,0,0,0> }
	no_shadow
}

// nucleotide -1

// particle -1
sphere {
	<30.029083, 39.679317, 28.481653> 0.250000
	pigment { color rgbt <1,0,0,0> }
	no_shadow
}
cylinder {
	<30.055111, 40.077789, 28.504936>,  <30.070726, 40.316872, 28.518906>, 0.100000
	pigment { color rgbt <1,0,0,0> }
	no_shadow
}
cylinder {
	<30.055111, 40.077789, 28.504936>,  <30.029083, 39.679317, 28.481653>, 0.100000
	pigment { color rgbt <1,0,0,0> }
	no_shadow
}

// particle -1
sphere {
	<30.055111, 40.077789, 28.504936> 0.100000
	pigment { color rgbt <1,0,0,0> }
	no_shadow
}
sphere {
	0, 1
	scale<0.080000,0.200000,0.300000>
	matrix <0.559387, 0.011890, -0.828821,
		-0.826349, 0.086489, -0.556477,
		0.065067, 0.996182, 0.058206,
		30.074631, 40.376644, 28.522398>
	pigment { color rgbt <0,1,1,0> }
	no_shadow
}
cylinder {
	<29.921852, 39.859077, 27.778374>,  <30.029083, 39.679317, 28.481653>, 0.130000
	pigment { color rgbt <1,0,0,0> }
	no_shadow
}

// nucleotide -1

// particle -1
sphere {
	<29.921852, 39.859077, 27.778374> 0.250000
	pigment { color rgbt <1,0,0,0> }
	no_shadow
}
cylinder {
	<30.112045, 40.146935, 27.980770>,  <30.226160, 40.319649, 28.102209>, 0.100000
	pigment { color rgbt <1,0,0,0> }
	no_shadow
}
cylinder {
	<30.112045, 40.146935, 27.980770>,  <29.921852, 39.859077, 27.778374>, 0.100000
	pigment { color rgbt <1,0,0,0> }
	no_shadow
}

// particle -1
sphere {
	<30.112045, 40.146935, 27.980770> 0.100000
	pigment { color rgbt <1,0,0,0> }
	no_shadow
}
sphere {
	0, 1
	scale<0.080000,0.200000,0.300000>
	matrix <0.704843, 0.032537, -0.708617,
		-0.526415, 0.693580, -0.491766,
		0.475482, 0.719644, 0.505993,
		30.254690, 40.362827, 28.132568>
	pigment { color rgbt <0,1,1,0> }
	no_shadow
}
cylinder {
	<30.451384, 40.130962, 27.352171>,  <29.921852, 39.859077, 27.778374>, 0.130000
	pigment { color rgbt <1,0,0,0> }
	no_shadow
}

// nucleotide -1

// particle -1
sphere {
	<30.451384, 40.130962, 27.352171> 0.250000
	pigment { color rgbt <1,0,0,0> }
	no_shadow
}
cylinder {
	<30.540894, 40.395061, 27.638947>,  <30.594599, 40.553520, 27.811012>, 0.100000
	pigment { color rgbt <1,0,0,0> }
	no_shadow
}
cylinder {
	<30.540894, 40.395061, 27.638947>,  <30.451384, 40.130962, 27.352171>, 0.100000
	pigment { color rgbt <1,0,0,0> }
	no_shadow
}

// particle -1
sphere {
	<30.540894, 40.395061, 27.638947> 0.100000
	pigment { color rgbt <1,0,0,0> }
	no_shadow
}
sphere {
	0, 1
	scale<0.080000,0.200000,0.300000>
	matrix <0.754634, 0.348152, -0.556163,
		-0.616808, 0.665480, -0.420338,
		0.223774, 0.660247, 0.716937,
		30.608027, 40.593136, 27.854027>
	pigment { color rgbt <0,1,1,0> }
	no_shadow
}
cylinder {
	<30.475374, 40.940670, 27.097729>,  <30.451384, 40.130962, 27.352171>, 0.130000
	pigment { color rgbt <1,0,0,0> }
	no_shadow
}

// nucleotide -1

// particle -1
sphere {
	<30.475374, 40.940670, 27.097729> 0.250000
	pigment { color rgbt <1,0,0,0> }
	no_shadow
}
cylinder {
	<30.741634, 40.811802, 27.366983>,  <30.901390, 40.734482, 27.528536>, 0.100000
	pigment { color rgbt <1,0,0,0> }
	no_shadow
}
cylinder {
	<30.741634, 40.811802, 27.366983>,  <30.475374, 40.940670, 27.097729>, 0.100000
	pigment { color rgbt <1,0,0,0> }
	no_shadow
}

// particle -1
sphere {
	<30.741634, 40.811802, 27.366983> 0.100000
	pigment { color rgbt <1,0,0,0> }
	no_shadow
}
sphere {
	0, 1
	scale<0.080000,0.200000,0.300000>
	matrix <0.743333, 0.206406, -0.636280,
		0.066053, 0.923905, 0.376877,
		0.665652, -0.322174, 0.673136,
		30.941330, 40.715149, 27.568924>
	pigment { color rgbt <0,1,1,0> }
	no_shadow
}
cylinder {
	<30.879950, 41.517220, 27.470388>,  <30.475374, 40.940670, 27.097729>, 0.130000
	pigment { color rgbt <1,0,0,0> }
	no_shadow
}

// nucleotide -1

// particle -1
sphere {
	<30.879950, 41.517220, 27.470388> 0.250000
	pigment { color rgbt <1,0,0,0> }
	no_shadow
}
cylinder {
	<31.036356, 41.161957, 27.373821>,  <31.130199, 40.948799, 27.315882>, 0.100000
	pigment { color rgbt <1,0,0,0> }
	no_shadow
}
cylinder {
	<31.036356, 41.161957, 27.373821>,  <30.879950, 41.517220, 27.470388>, 0.100000
	pigment { color rgbt <1,0,0,0> }
	no_shadow
}

// particle -1
sphere {
	<31.036356, 41.161957, 27.373821> 0.100000
	pigment { color rgbt <1,0,0,0> }
	no_shadow
}
sphere {
	0, 1
	scale<0.080000,0.200000,0.300000>
	matrix <0.578617, 0.441197, -0.685965,
		0.715758, 0.128536, 0.686418,
		0.391016, -0.888158, -0.241417,
		31.153662, 40.895508, 27.301395>
	pigment { color rgbt <0,1,1,0> }
	no_shadow
}
cylinder {
	<31.615717, 41.531025, 27.637678>,  <30.879950, 41.517220, 27.470388>, 0.130000
	pigment { color rgbt <1,0,0,0> }
	no_shadow
}

// nucleotide -1

// particle -1
sphere {
	<31.615717, 41.531025, 27.637678> 0.250000
	pigment { color rgbt <1,0,0,0> }
	no_shadow
}
cylinder {
	<31.503448, 41.290657, 27.338312>,  <31.436089, 41.146439, 27.158693>, 0.100000
	pigment { color rgbt <1,0,0,0> }
	no_shadow
}
cylinder {
	<31.503448, 41.290657, 27.338312>,  <31.615717, 41.531025, 27.637678>, 0.100000
	pigment { color rgbt <1,0,0,0> }
	no_shadow
}

// particle -1
sphere {
	<31.503448, 41.290657, 27.338312> 0.100000
	pigment { color rgbt <1,0,0,0> }
	no_shadow
}
sphere {
	0, 1
	scale<0.080000,0.200000,0.300000>
	matrix <0.608719, 0.491431, -0.622862,
		0.742082, -0.630392, 0.227861,
		-0.280669, -0.600918, -0.748414,
		31.419249, 41.110382, 27.113789>
	pigment { color rgbt <0,1,1,0> }
	no_shadow
}
cylinder {
	<32.296627, 41.718399, 27.580750>,  <31.615717, 41.531025, 27.637678>, 0.130000
	pigment { color rgbt <1,0,0,0> }
	no_shadow
}

// nucleotide -1

// particle -1
sphere {
	<32.296627, 41.718399, 27.580750> 0.250000
	pigment { color rgbt <1,0,0,0> }
	no_shadow
}
cylinder {
	<32.581707, 41.945820, 27.745094>,  <32.752754, 42.082272, 27.843700>, 0.100000
	pigment { color rgbt <1,0,0,0> }
	no_shadow
}
cylinder {
	<32.581707, 41.945820, 27.745094>,  <32.296627, 41.718399, 27.580750>, 0.100000
	pigment { color rgbt <1,0,0,0> }
	no_shadow
}

// particle -1
sphere {
	<32.581707, 41.945820, 27.745094> 0.100000
	pigment { color rgbt <1,0,0,0> }
	no_shadow
}
sphere {
	0, 1
	scale<0.080000,0.200000,0.300000>
	matrix <0.690402, -0.672161, -0.267478,
		0.124091, 0.474292, -0.871578,
		0.712704, 0.568548, 0.410862,
		32.795517, 42.116383, 27.868353>
	pigment { color rgbt <0,1,1,0> }
	no_shadow
}
cylinder {
	<32.818211, 41.961098, 27.207451>,  <32.296627, 41.718399, 27.580750>, 0.130000
	pigment { color rgbt <1,0,0,0> }
	no_shadow
}

// nucleotide -1

// particle -1
sphere {
	<32.818211, 41.961098, 27.207451> 0.250000
	pigment { color rgbt <1,0,0,0> }
	no_shadow
}
cylinder {
	<32.981647, 41.966061, 27.572504>,  <33.079712, 41.969036, 27.791536>, 0.100000
	pigment { color rgbt <1,0,0,0> }
	no_shadow
}
cylinder {
	<32.981647, 41.966061, 27.572504>,  <32.818211, 41.961098, 27.207451>, 0.100000
	pigment { color rgbt <1,0,0,0> }
	no_shadow
}

// particle -1
sphere {
	<32.981647, 41.966061, 27.572504> 0.100000
	pigment { color rgbt <1,0,0,0> }
	no_shadow
}
sphere {
	0, 1
	scale<0.080000,0.200000,0.300000>
	matrix <0.858208, -0.345595, -0.379531,
		0.310693, 0.938302, -0.151854,
		0.408594, 0.012405, 0.912632,
		33.104225, 41.969784, 27.846294>
	pigment { color rgbt <0,1,1,0> }
	no_shadow
}
cylinder {
	<33.448063, 42.456493, 27.318794>,  <32.818211, 41.961098, 27.207451>, 0.130000
	pigment { color rgbt <1,0,0,0> }
	no_shadow
}

// nucleotide -1

// particle -1
sphere {
	<33.448063, 42.456493, 27.318794> 0.250000
	pigment { color rgbt <1,0,0,0> }
	no_shadow
}
cylinder {
	<33.451916, 42.120228, 27.535381>,  <33.454227, 41.918468, 27.665335>, 0.100000
	pigment { color rgbt <1,0,0,0> }
	no_shadow
}
cylinder {
	<33.451916, 42.120228, 27.535381>,  <33.448063, 42.456493, 27.318794>, 0.100000
	pigment { color rgbt <1,0,0,0> }
	no_shadow
}

// particle -1
sphere {
	<33.451916, 42.120228, 27.535381> 0.100000
	pigment { color rgbt <1,0,0,0> }
	no_shadow
}
sphere {
	0, 1
	scale<0.080000,0.200000,0.300000>
	matrix <0.804101, -0.315373, -0.503946,
		0.594414, 0.440253, 0.672940,
		0.009637, -0.840665, 0.541470,
		33.454807, 41.868027, 27.697823>
	pigment { color rgbt <0,1,1,0> }
	no_shadow
}
cylinder {
	<33.013588, 43.097218, 27.468918>,  <33.448063, 42.456493, 27.318794>, 0.130000
	pigment { color rgbt <1,0,0,0> }
	no_shadow
}

// nucleotide -1

// particle -1
sphere {
	<33.013588, 43.097218, 27.468918> 0.250000
	pigment { color rgbt <1,0,0,0> }
	no_shadow
}
cylinder {
	<32.683514, 42.885208, 27.390789>,  <32.485470, 42.758003, 27.343912>, 0.100000
	pigment { color rgbt <1,0,0,0> }
	no_shadow
}
cylinder {
	<32.683514, 42.885208, 27.390789>,  <33.013588, 43.097218, 27.468918>, 0.100000
	pigment { color rgbt <1,0,0,0> }
	no_shadow
}

// particle -1
sphere {
	<32.683514, 42.885208, 27.390789> 0.100000
	pigment { color rgbt <1,0,0,0> }
	no_shadow
}
sphere {
	0, 1
	scale<0.080000,0.200000,0.300000>
	matrix <0.564863, -0.772784, -0.289371,
		0.002432, -0.349114, 0.937077,
		-0.825181, -0.530024, -0.195322,
		32.435959, 42.726200, 27.332191>
	pigment { color rgbt <0,1,1,0> }
	no_shadow
}
cylinder {
	<33.294064, 42.779156, 28.076063>,  <33.013588, 43.097218, 27.468918>, 0.130000
	pigment { color rgbt <1,0,0,0> }
	no_shadow
}

// nucleotide -1

// particle -1
sphere {
	<33.294064, 42.779156, 28.076063> 0.250000
	pigment { color rgbt <1,0,0,0> }
	no_shadow
}
cylinder {
	<33.505379, 42.981995, 28.348465>,  <33.632168, 43.103699, 28.511906>, 0.100000
	pigment { color rgbt <1,0,0,0> }
	no_shadow
}
cylinder {
	<33.505379, 42.981995, 28.348465>,  <33.294064, 42.779156, 28.076063>, 0.100000
	pigment { color rgbt <1,0,0,0> }
	no_shadow
}

// particle -1
sphere {
	<33.505379, 42.981995, 28.348465> 0.100000
	pigment { color rgbt <1,0,0,0> }
	no_shadow
}
sphere {
	0, 1
	scale<0.080000,0.200000,0.300000>
	matrix <0.217660, -0.856143, 0.468661,
		0.820692, -0.099361, -0.562665,
		0.528289, 0.507096, 0.681003,
		33.663864, 43.134125, 28.552767>
	pigment { color rgbt <0,1,1,0> }
	no_shadow
}
cylinder {
	<33.918480, 42.372704, 28.300835>,  <33.294064, 42.779156, 28.076063>, 0.130000
	pigment { color rgbt <1,0,0,0> }
	no_shadow
}

// nucleotide -1

// particle -1
sphere {
	<33.918480, 42.372704, 28.300835> 0.250000
	pigment { color rgbt <1,0,0,0> }
	no_shadow
}
cylinder {
	<33.794197, 42.609810, 28.598045>,  <33.719627, 42.752075, 28.776371>, 0.100000
	pigment { color rgbt <1,0,0,0> }
	no_shadow
}
cylinder {
	<33.794197, 42.609810, 28.598045>,  <33.918480, 42.372704, 28.300835>, 0.100000
	pigment { color rgbt <1,0,0,0> }
	no_shadow
}

// particle -1
sphere {
	<33.794197, 42.609810, 28.598045> 0.100000
	pigment { color rgbt <1,0,0,0> }
	no_shadow
}
sphere {
	0, 1
	scale<0.080000,0.200000,0.300000>
	matrix <-0.234295, -0.805358, 0.544521,
		0.921177, -0.004901, 0.389113,
		-0.310707, 0.592768, 0.743026,
		33.700985, 42.787640, 28.820953>
	pigment { color rgbt <0,1,1,0> }
	no_shadow
}
cylinder {
	<34.184330, 42.147102, 28.895929>,  <33.918480, 42.372704, 28.300835>, 0.130000
	pigment { color rgbt <1,0,0,0> }
	no_shadow
}

// nucleotide -1

// particle -1
sphere {
	<34.184330, 42.147102, 28.895929> 0.250000
	pigment { color rgbt <1,0,0,0> }
	no_shadow
}
cylinder {
	<33.891735, 42.370018, 29.053082>,  <33.716179, 42.503769, 29.147373>, 0.100000
	pigment { color rgbt <1,0,0,0> }
	no_shadow
}
cylinder {
	<33.891735, 42.370018, 29.053082>,  <34.184330, 42.147102, 28.895929>, 0.100000
	pigment { color rgbt <1,0,0,0> }
	no_shadow
}

// particle -1
sphere {
	<33.891735, 42.370018, 29.053082> 0.100000
	pigment { color rgbt <1,0,0,0> }
	no_shadow
}
sphere {
	0, 1
	scale<0.080000,0.200000,0.300000>
	matrix <-0.308063, -0.784141, 0.538721,
		0.608299, 0.273034, 0.745269,
		-0.731484, 0.557293, 0.392880,
		33.672291, 42.537205, 29.170946>
	pigment { color rgbt <0,1,1,0> }
	no_shadow
}
cylinder {
	<34.238186, 42.094036, 29.612391>,  <34.184330, 42.147102, 28.895929>, 0.130000
	pigment { color rgbt <1,0,0,0> }
	no_shadow
}

// nucleotide -1

// particle -1
sphere {
	<34.238186, 42.094036, 29.612391> 0.250000
	pigment { color rgbt <1,0,0,0> }
	no_shadow
}
cylinder {
	<33.862801, 42.222092, 29.560558>,  <33.637569, 42.298927, 29.529459>, 0.100000
	pigment { color rgbt <1,0,0,0> }
	no_shadow
}
cylinder {
	<33.862801, 42.222092, 29.560558>,  <34.238186, 42.094036, 29.612391>, 0.100000
	pigment { color rgbt <1,0,0,0> }
	no_shadow
}

// particle -1
sphere {
	<33.862801, 42.222092, 29.560558> 0.100000
	pigment { color rgbt <1,0,0,0> }
	no_shadow
}
sphere {
	0, 1
	scale<0.080000,0.200000,0.300000>
	matrix <-0.319548, -0.662508, 0.677475,
		0.131039, 0.677194, 0.724042,
		-0.938466, 0.320142, -0.129582,
		33.581261, 42.318134, 29.521685>
	pigment { color rgbt <0,1,1,0> }
	no_shadow
}
cylinder {
	<34.078529, 42.220913, 30.241367>,  <34.238186, 42.094036, 29.612391>, 0.130000
	pigment { color rgbt <1,0,0,0> }
	no_shadow
}

// nucleotide -1

// particle -1
sphere {
	<34.078529, 42.220913, 30.241367> 0.250000
	pigment { color rgbt <1,0,0,0> }
	no_shadow
}
cylinder {
	<33.734688, 42.198872, 30.038172>,  <33.528385, 42.185646, 29.916254>, 0.100000
	pigment { color rgbt <1,0,0,0> }
	no_shadow
}
cylinder {
	<33.734688, 42.198872, 30.038172>,  <34.078529, 42.220913, 30.241367>, 0.100000
	pigment { color rgbt <1,0,0,0> }
	no_shadow
}

// particle -1
sphere {
	<33.734688, 42.198872, 30.038172> 0.100000
	pigment { color rgbt <1,0,0,0> }
	no_shadow
}
sphere {
	0, 1
	scale<0.080000,0.200000,0.300000>
	matrix <-0.396359, -0.555519, 0.730957,
		-0.322473, 0.829676, 0.455685,
		-0.859599, -0.055099, -0.507990,
		33.476807, 42.182343, 29.885775>
	pigment { color rgbt <0,1,1,0> }
	no_shadow
}
cylinder {
	<33.532852, 42.378716, 30.747681>,  <34.078529, 42.220913, 30.241367>, 0.130000
	pigment { color rgbt <1,0,0,0> }
	no_shadow
}

// nucleotide -1

// particle -1
sphere {
	<33.532852, 42.378716, 30.747681> 0.250000
	pigment { color rgbt <1,0,0,0> }
	no_shadow
}
cylinder {
	<33.357327, 42.178959, 30.448870>,  <33.252010, 42.059105, 30.269583>, 0.100000
	pigment { color rgbt <1,0,0,0> }
	no_shadow
}
cylinder {
	<33.357327, 42.178959, 30.448870>,  <33.532852, 42.378716, 30.747681>, 0.100000
	pigment { color rgbt <1,0,0,0> }
	no_shadow
}

// particle -1
sphere {
	<33.357327, 42.178959, 30.448870> 0.100000
	pigment { color rgbt <1,0,0,0> }
	no_shadow
}
sphere {
	0, 1
	scale<0.080000,0.200000,0.300000>
	matrix <-0.509314, -0.546681, 0.664634,
		-0.740297, 0.672124, -0.014454,
		-0.438815, -0.499388, -0.747029,
		33.225681, 42.029140, 30.224760>
	pigment { color rgbt <0,1,1,0> }
	no_shadow
}
cylinder {
	<32.900772, 42.244846, 30.995781>,  <33.532852, 42.378716, 30.747681>, 0.130000
	pigment { color rgbt <1,0,0,0> }
	no_shadow
}

// nucleotide -1

// particle -1
sphere {
	<32.900772, 42.244846, 30.995781> 0.250000
	pigment { color rgbt <1,0,0,0> }
	no_shadow
}
cylinder {
	<32.960857, 41.978798, 30.703192>,  <32.996906, 41.819168, 30.527637>, 0.100000
	pigment { color rgbt <1,0,0,0> }
	no_shadow
}
cylinder {
	<32.960857, 41.978798, 30.703192>,  <32.900772, 42.244846, 30.995781>, 0.100000
	pigment { color rgbt <1,0,0,0> }
	no_shadow
}

// particle -1
sphere {
	<32.960857, 41.978798, 30.703192> 0.100000
	pigment { color rgbt <1,0,0,0> }
	no_shadow
}
sphere {
	0, 1
	scale<0.080000,0.200000,0.300000>
	matrix <-0.504992, -0.687687, 0.521603,
		-0.849953, 0.291039, -0.439176,
		0.150209, -0.665119, -0.731474,
		33.005920, 41.779263, 30.483749>
	pigment { color rgbt <0,1,1,0> }
	no_shadow
}
cylinder {
	<32.213230, 42.003387, 30.735142>,  <32.900772, 42.244846, 30.995781>, 0.130000
	pigment { color rgbt <1,0,0,0> }
	no_shadow
}

// nucleotide -1

// particle -1
sphere {
	<32.213230, 42.003387, 30.735142> 0.250000
	pigment { color rgbt <1,0,0,0> }
	no_shadow
}
cylinder {
	<32.470562, 41.718533, 30.622723>,  <32.624962, 41.547619, 30.555271>, 0.100000
	pigment { color rgbt <1,0,0,0> }
	no_shadow
}
cylinder {
	<32.470562, 41.718533, 30.622723>,  <32.213230, 42.003387, 30.735142>, 0.100000
	pigment { color rgbt <1,0,0,0> }
	no_shadow
}

// particle -1
sphere {
	<32.470562, 41.718533, 30.622723> 0.100000
	pigment { color rgbt <1,0,0,0> }
	no_shadow
}
sphere {
	0, 1
	scale<0.080000,0.200000,0.300000>
	matrix <-0.450033, -0.648739, 0.613684,
		-0.619353, -0.268320, -0.737839,
		0.643329, -0.712139, -0.281046,
		32.663559, 41.504890, 30.538408>
	pigment { color rgbt <0,1,1,0> }
	no_shadow
}
cylinder {
	<31.847883, 41.435993, 30.631659>,  <32.213230, 42.003387, 30.735142>, 0.130000
	pigment { color rgbt <1,0,0,0> }
	no_shadow
}

// nucleotide -1

// particle -1
sphere {
	<31.847883, 41.435993, 30.631659> 0.250000
	pigment { color rgbt <1,0,0,0> }
	no_shadow
}
cylinder {
	<32.204498, 41.266674, 30.696125>,  <32.418468, 41.165081, 30.734806>, 0.100000
	pigment { color rgbt <1,0,0,0> }
	no_shadow
}
cylinder {
	<32.204498, 41.266674, 30.696125>,  <31.847883, 41.435993, 30.631659>, 0.100000
	pigment { color rgbt <1,0,0,0> }
	no_shadow
}

// particle -1
sphere {
	<32.204498, 41.266674, 30.696125> 0.100000
	pigment { color rgbt <1,0,0,0> }
	no_shadow
}
sphere {
	0, 1
	scale<0.080000,0.200000,0.300000>
	matrix <-0.450190, -0.788929, 0.418235,
