// switches for output
#declare DRAW_BASES = 1; // possible values are 0, 1; only relevant for DNA ribbons
#declare DRAW_BASES_TYPE = 3; // possible values are 1, 2, 3; only relevant for DNA ribbons
#declare DRAW_FOG = 0; // set to 1 to enable fog

#include "colors.inc"

#include "transforms.inc"
background { rgb <1, 1, 1>}

#default {
   normal{
       ripples 0.25
       frequency 0.20
       turbulence 0.2
       lambda 5
   }
	finish {
		phong 0.1
		phong_size 40.
	}
}

// original window dimensions: 1024x640


// camera settings

camera {
	sky <0, 0.179814, -0.983701>
	up <0, 0.179814, -0.983701>
	right 1.6 * <1, 0, 0>
	location <35, 94.9851, 44.8844>
	look_at <35, 29.7336, 32.9568>
	direction <0, -65.2515, -11.9276>
	angle 67.0682
}


# declare cpy_camera_pos = <35, 94.9851, 44.8844>;
# if (DRAW_FOG = 1)
fog {
	fog_type 2
	up vnormalize(cpy_camera_pos)
	color rgbt<1,1,1,0.3>
	distance 1e-5
	fog_alt 3e-3
	fog_offset 56
}
# end


// LIGHTS

# declare lum = 6;
global_settings {
	ambient_light rgb lum * <0.05, 0.05, 0.05>
	max_trace_level 15
}# declare cpy_direct_light_amount = 0.25;
light_source
{	1000 * <-1, -1.16352, -0.803886>,
	rgb lum * cpy_direct_light_amount
	parallel
}

light_source
{	1000 * <1, 1.16352, 0.803886>,
	rgb lum * cpy_direct_light_amount
	parallel
}

// strand 0

// nucleotide -1

// particle -1
sphere {
	<24.068247, 34.680744, 35.146591> 0.250000
	pigment { color rgbt <1,0,0,0> }
	no_shadow
}
cylinder {
	<24.274893, 35.008461, 35.047092>,  <24.398880, 35.205090, 34.987392>, 0.100000
	pigment { color rgbt <1,0,0,0> }
	no_shadow
}
cylinder {
	<24.274893, 35.008461, 35.047092>,  <24.068247, 34.680744, 35.146591>, 0.100000
	pigment { color rgbt <1,0,0,0> }
	no_shadow
}

// particle -1
sphere {
	<24.274893, 35.008461, 35.047092> 0.100000
	pigment { color rgbt <1,0,0,0> }
	no_shadow
}
sphere {
	0, 1
	scale<0.080000,0.200000,0.300000>
	matrix <0.015897, 0.281291, 0.959491,
		0.856071, -0.499641, 0.132295,
		0.516614, 0.819289, -0.248748,
		24.429876, 35.254250, 34.972469>
	pigment { color rgbt <0,1,1,0> }
	no_shadow
}
cylinder {
	<24.737164, 34.877918, 35.419312>,  <24.068247, 34.680744, 35.146591>, 0.130000
	pigment { color rgbt <1,0,0,0> }
	no_shadow
}

// nucleotide -1

// particle -1
sphere {
	<24.737164, 34.877918, 35.419312> 0.250000
	pigment { color rgbt <1,0,0,0> }
	no_shadow
}
cylinder {
	<24.882505, 35.107025, 35.125401>,  <24.969711, 35.244492, 34.949055>, 0.100000
	pigment { color rgbt <1,0,0,0> }
	no_shadow
}
cylinder {
	<24.882505, 35.107025, 35.125401>,  <24.737164, 34.877918, 35.419312>, 0.100000
	pigment { color rgbt <1,0,0,0> }
	no_shadow
}

// particle -1
sphere {
	<24.882505, 35.107025, 35.125401> 0.100000
	pigment { color rgbt <1,0,0,0> }
	no_shadow
}
sphere {
	0, 1
	scale<0.080000,0.200000,0.300000>
	matrix <0.635478, -0.729110, -0.254101,
		-0.681278, -0.374608, -0.628911,
		0.363357, 0.572772, -0.734782,
		24.991512, 35.278858, 34.904964>
	pigment { color rgbt <0,1,1,0> }
	no_shadow
}
cylinder {
	<24.641277, 34.565506, 34.709709>,  <24.737164, 34.877918, 35.419312>, 0.130000
	pigment { color rgbt <1,0,0,0> }
	no_shadow
}

// nucleotide -1

// particle -1
sphere {
	<24.641277, 34.565506, 34.709709> 0.250000
	pigment { color rgbt <1,0,0,0> }
	no_shadow
}
cylinder {
	<24.966921, 34.797478, 34.697659>,  <25.162308, 34.936661, 34.690430>, 0.100000
	pigment { color rgbt <1,0,0,0> }
	no_shadow
}
cylinder {
	<24.966921, 34.797478, 34.697659>,  <24.641277, 34.565506, 34.709709>, 0.100000
	pigment { color rgbt <1,0,0,0> }
	no_shadow
}

// particle -1
sphere {
	<24.966921, 34.797478, 34.697659> 0.100000
	pigment { color rgbt <1,0,0,0> }
	no_shadow
}
sphere {
	0, 1
	scale<0.080000,0.200000,0.300000>
	matrix <0.497476, -0.723245, -0.478993,
		-0.299568, 0.374968, -0.877302,
		0.814111, 0.579927, -0.030124,
		25.211155, 34.971455, 34.688622>
	pigment { color rgbt <0,1,1,0> }
	no_shadow
}
cylinder {
	<24.836285, 34.724575, 34.016838>,  <24.641277, 34.565506, 34.709709>, 0.130000
	pigment { color rgbt <1,0,0,0> }
	no_shadow
}

// nucleotide -1

// particle -1
sphere {
	<24.836285, 34.724575, 34.016838> 0.250000
	pigment { color rgbt <1,0,0,0> }
	no_shadow
}
cylinder {
	<25.134808, 34.660137, 34.275166>,  <25.313921, 34.621475, 34.430161>, 0.100000
	pigment { color rgbt <1,0,0,0> }
	no_shadow
}
cylinder {
	<25.134808, 34.660137, 34.275166>,  <24.836285, 34.724575, 34.016838>, 0.100000
	pigment { color rgbt <1,0,0,0> }
	no_shadow
}

// particle -1
sphere {
	<25.134808, 34.660137, 34.275166> 0.100000
	pigment { color rgbt <1,0,0,0> }
	no_shadow
}
sphere {
	0, 1
	scale<0.080000,0.200000,0.300000>
	matrix <0.252380, -0.829328, -0.498517,
		0.615899, 0.535037, -0.578277,
		0.746306, -0.161091, 0.645815,
		25.358700, 34.611809, 34.468910>
	pigment { color rgbt <0,1,1,0> }
	no_shadow
}
cylinder {
	<25.592010, 34.682163, 33.603668>,  <24.836285, 34.724575, 34.016838>, 0.130000
	pigment { color rgbt <1,0,0,0> }
	no_shadow
}

// nucleotide -1

// particle -1
sphere {
	<25.592010, 34.682163, 33.603668> 0.250000
	pigment { color rgbt <1,0,0,0> }
	no_shadow
}
cylinder {
	<25.491554, 34.456532, 33.918308>,  <25.431280, 34.321152, 34.107094>, 0.100000
	pigment { color rgbt <1,0,0,0> }
	no_shadow
}
cylinder {
	<25.491554, 34.456532, 33.918308>,  <25.592010, 34.682163, 33.603668>, 0.100000
	pigment { color rgbt <1,0,0,0> }
	no_shadow
}

// particle -1
sphere {
	<25.491554, 34.456532, 33.918308> 0.100000
	pigment { color rgbt <1,0,0,0> }
	no_shadow
}
sphere {
	0, 1
	scale<0.080000,0.200000,0.300000>
	matrix <-0.044197, -0.805119, -0.591465,
		0.966941, -0.183307, 0.177269,
		-0.251143, -0.564077, 0.786603,
		25.416212, 34.287308, 34.154289>
	pigment { color rgbt <0,1,1,0> }
	no_shadow
}
cylinder {
	<26.046154, 34.287563, 33.120255>,  <25.592010, 34.682163, 33.603668>, 0.130000
	pigment { color rgbt <1,0,0,0> }
	no_shadow
}

// nucleotide -1

// particle -1
sphere {
	<26.046154, 34.287563, 33.120255> 0.250000
	pigment { color rgbt <1,0,0,0> }
	no_shadow
}
cylinder {
	<26.399889, 34.452839, 33.033333>,  <26.612129, 34.552006, 32.981178>, 0.100000
	pigment { color rgbt <1,0,0,0> }
	no_shadow
}
cylinder {
	<26.399889, 34.452839, 33.033333>,  <26.046154, 34.287563, 33.120255>, 0.100000
	pigment { color rgbt <1,0,0,0> }
	no_shadow
}

// particle -1
sphere {
	<26.399889, 34.452839, 33.033333> 0.100000
	pigment { color rgbt <1,0,0,0> }
	no_shadow
}
sphere {
	0, 1
	scale<0.080000,0.200000,0.300000>
	matrix <-0.443558, 0.598461, -0.667159,
		-0.145613, 0.686382, 0.712515,
		0.884338, 0.413189, -0.217306,
		26.665190, 34.576794, 32.968140>
	pigment { color rgbt <0,1,1,0> }
	no_shadow
}
cylinder {
	<26.766632, 33.895847, 33.150009>,  <26.046154, 34.287563, 33.120255>, 0.130000
	pigment { color rgbt <1,0,0,0> }
	no_shadow
}

// nucleotide -1

// particle -1
sphere {
	<26.766632, 33.895847, 33.150009> 0.250000
	pigment { color rgbt <1,0,0,0> }
	no_shadow
}
cylinder {
	<27.132145, 33.798580, 33.280163>,  <27.351452, 33.740219, 33.358253>, 0.100000
	pigment { color rgbt <1,0,0,0> }
	no_shadow
}
cylinder {
	<27.132145, 33.798580, 33.280163>,  <26.766632, 33.895847, 33.150009>, 0.100000
	pigment { color rgbt <1,0,0,0> }
	no_shadow
}

// particle -1
sphere {
	<27.132145, 33.798580, 33.280163> 0.100000
	pigment { color rgbt <1,0,0,0> }
	no_shadow
}
sphere {
	0, 1
	scale<0.080000,0.200000,0.300000>
	matrix <-0.167237, -0.955196, -0.244198,
		0.370183, 0.168728, -0.913507,
		0.913781, -0.243171, 0.325380,
		27.406279, 33.725628, 33.377777>
	pigment { color rgbt <0,1,1,0> }
	no_shadow
}
cylinder {
	<26.866093, 33.429390, 32.676762>,  <26.766632, 33.895847, 33.150009>, 0.130000
	pigment { color rgbt <1,0,0,0> }
	no_shadow
}

// nucleotide -1

// particle -1
sphere {
	<26.866093, 33.429390, 32.676762> 0.250000
	pigment { color rgbt <1,0,0,0> }
	no_shadow
}
cylinder {
	<27.129299, 33.342934, 32.965290>,  <27.287222, 33.291061, 33.138405>, 0.100000
	pigment { color rgbt <1,0,0,0> }
	no_shadow
}
cylinder {
	<27.129299, 33.342934, 32.965290>,  <26.866093, 33.429390, 32.676762>, 0.100000
	pigment { color rgbt <1,0,0,0> }
	no_shadow
}

// particle -1
sphere {
	<27.129299, 33.342934, 32.965290> 0.100000
	pigment { color rgbt <1,0,0,0> }
	no_shadow
}
sphere {
	0, 1
	scale<0.080000,0.200000,0.300000>
	matrix <-0.206623, -0.972978, -0.103055,
		0.724102, -0.081230, -0.684893,
		0.658015, -0.216137, 0.721319,
		27.326704, 33.278091, 33.181686>
	pigment { color rgbt <0,1,1,0> }
	no_shadow
}
cylinder {
	<27.317944, 32.907005, 32.452339>,  <26.866093, 33.429390, 32.676762>, 0.130000
	pigment { color rgbt <1,0,0,0> }
	no_shadow
}

// nucleotide -1

// particle -1
sphere {
	<27.317944, 32.907005, 32.452339> 0.250000
	pigment { color rgbt <1,0,0,0> }
	no_shadow
}
cylinder {
	<27.299763, 32.886791, 32.851414>,  <27.288855, 32.874664, 33.090858>, 0.100000
	pigment { color rgbt <1,0,0,0> }
	no_shadow
}
cylinder {
	<27.299763, 32.886791, 32.851414>,  <27.317944, 32.907005, 32.452339>, 0.100000
	pigment { color rgbt <1,0,0,0> }
	no_shadow
}

// particle -1
sphere {
	<27.299763, 32.886791, 32.851414> 0.100000
	pigment { color rgbt <1,0,0,0> }
	no_shadow
}
sphere {
	0, 1
	scale<0.080000,0.200000,0.300000>
	matrix <-0.243269, -0.968094, -0.060119,
		0.968893, -0.245439, 0.031711,
		-0.045454, -0.050534, 0.997687,
		27.286127, 32.871632, 33.150719>
	pigment { color rgbt <0,1,1,0> }
	no_shadow
}
cylinder {
	<27.500669, 32.183399, 32.562256>,  <27.317944, 32.907005, 32.452339>, 0.130000
	pigment { color rgbt <1,0,0,0> }
	no_shadow
}

// nucleotide -1

// particle -1
sphere {
	<27.500669, 32.183399, 32.562256> 0.250000
	pigment { color rgbt <1,0,0,0> }
	no_shadow
}
cylinder {
	<27.385254, 32.293858, 32.928967>,  <27.316004, 32.360134, 33.148994>, 0.100000
	pigment { color rgbt <1,0,0,0> }
	no_shadow
}
cylinder {
	<27.385254, 32.293858, 32.928967>,  <27.500669, 32.183399, 32.562256>, 0.100000
	pigment { color rgbt <1,0,0,0> }
	no_shadow
}

// particle -1
sphere {
	<27.385254, 32.293858, 32.928967> 0.100000
	pigment { color rgbt <1,0,0,0> }
	no_shadow
}
sphere {
	0, 1
	scale<0.080000,0.200000,0.300000>
	matrix <-0.281562, -0.939641, 0.194419,
		0.915133, -0.202032, 0.348876,
		-0.288539, 0.276150, 0.916781,
		27.298693, 32.376701, 33.204002>
	pigment { color rgbt <0,1,1,0> }
	no_shadow
}
cylinder {
	<27.699665, 31.668631, 32.940441>,  <27.500669, 32.183399, 32.562256>, 0.130000
	pigment { color rgbt <1,0,0,0> }
	no_shadow
}

// nucleotide -1

// particle -1
sphere {
	<27.699665, 31.668631, 32.940441> 0.250000
	pigment { color rgbt <1,0,0,0> }
	no_shadow
}
cylinder {
	<27.415787, 31.840591, 33.163696>,  <27.245461, 31.943768, 33.297649>, 0.100000
	pigment { color rgbt <1,0,0,0> }
	no_shadow
}
cylinder {
	<27.415787, 31.840591, 33.163696>,  <27.699665, 31.668631, 32.940441>, 0.100000
	pigment { color rgbt <1,0,0,0> }
	no_shadow
}

// particle -1
sphere {
	<27.415787, 31.840591, 33.163696> 0.100000
	pigment { color rgbt <1,0,0,0> }
	no_shadow
}
sphere {
	0, 1
	scale<0.080000,0.200000,0.300000>
	matrix <-0.346633, -0.902785, 0.254606,
		0.613334, -0.012777, 0.789720,
		-0.709695, 0.429902, 0.558138,
		27.202879, 31.969563, 33.331139>
	pigment { color rgbt <0,1,1,0> }
	no_shadow
}
cylinder {
	<27.718405, 31.325397, 33.547344>,  <27.699665, 31.668631, 32.940441>, 0.130000
	pigment { color rgbt <1,0,0,0> }
	no_shadow
}

// nucleotide -1

// particle -1
sphere {
	<27.718405, 31.325397, 33.547344> 0.250000
	pigment { color rgbt <1,0,0,0> }
	no_shadow
}
cylinder {
	<27.355621, 31.493885, 33.547455>,  <27.137951, 31.594978, 33.547520>, 0.100000
	pigment { color rgbt <1,0,0,0> }
	no_shadow
}
cylinder {
	<27.355621, 31.493885, 33.547455>,  <27.718405, 31.325397, 33.547344>, 0.100000
	pigment { color rgbt <1,0,0,0> }
	no_shadow
}

// particle -1
sphere {
	<27.355621, 31.493885, 33.547455> 0.100000
	pigment { color rgbt <1,0,0,0> }
	no_shadow
}
sphere {
	0, 1
	scale<0.080000,0.200000,0.300000>
	matrix <-0.420457, -0.905359, 0.059505,
		0.025316, 0.053852, 0.998228,
		-0.906959, 0.421219, 0.000277,
		27.083534, 31.620251, 33.547539>
	pigment { color rgbt <0,1,1,0> }
	no_shadow
}
cylinder {
	<27.386387, 31.053978, 34.123493>,  <27.718405, 31.325397, 33.547344>, 0.130000
	pigment { color rgbt <1,0,0,0> }
	no_shadow
}

// nucleotide -1

// particle -1
sphere {
	<27.386387, 31.053978, 34.123493> 0.250000
	pigment { color rgbt <1,0,0,0> }
	no_shadow
}
cylinder {
	<27.108126, 31.177984, 33.864277>,  <26.941168, 31.252388, 33.708748>, 0.100000
	pigment { color rgbt <1,0,0,0> }
	no_shadow
}
cylinder {
	<27.108126, 31.177984, 33.864277>,  <27.386387, 31.053978, 34.123493>, 0.100000
	pigment { color rgbt <1,0,0,0> }
	no_shadow
}

// particle -1
sphere {
	<27.108126, 31.177984, 33.864277> 0.100000
	pigment { color rgbt <1,0,0,0> }
	no_shadow
}
sphere {
	0, 1
	scale<0.080000,0.200000,0.300000>
	matrix <-0.340286, -0.936669, -0.082807,
		-0.632670, 0.162913, 0.757092,
		-0.695654, 0.310017, -0.648040,
		26.899429, 31.270988, 33.669865>
	pigment { color rgbt <0,1,1,0> }
	no_shadow
}
cylinder {
	<26.801241, 30.576000, 34.264164>,  <27.386387, 31.053978, 34.123493>, 0.130000
	pigment { color rgbt <1,0,0,0> }
	no_shadow
}

// nucleotide -1

// particle -1
sphere {
	<26.801241, 30.576000, 34.264164> 0.250000
	pigment { color rgbt <1,0,0,0> }
	no_shadow
}
cylinder {
	<26.692175, 30.727453, 33.910374>,  <26.626736, 30.818325, 33.698101>, 0.100000
	pigment { color rgbt <1,0,0,0> }
	no_shadow
}
cylinder {
	<26.692175, 30.727453, 33.910374>,  <26.801241, 30.576000, 34.264164>, 0.100000
	pigment { color rgbt <1,0,0,0> }
	no_shadow
}

// particle -1
sphere {
	<26.692175, 30.727453, 33.910374> 0.100000
	pigment { color rgbt <1,0,0,0> }
	no_shadow
}
sphere {
	0, 1
	scale<0.080000,0.200000,0.300000>
	matrix <-0.330287, -0.900275, -0.283576,
		-0.903640, 0.214810, 0.370529,
		-0.272663, 0.378631, -0.884473,
		26.610374, 30.841043, 33.645031>
	pigment { color rgbt <0,1,1,0> }
	no_shadow
}
cylinder {
	<26.147242, 30.350765, 34.061836>,  <26.801241, 30.576000, 34.264164>, 0.130000
	pigment { color rgbt <1,0,0,0> }
	no_shadow
}

// nucleotide -1

// particle -1
sphere {
	<26.147242, 30.350765, 34.061836> 0.250000
	pigment { color rgbt <1,0,0,0> }
	no_shadow
}
cylinder {
	<26.313112, 30.434427, 33.707592>,  <26.412634, 30.484625, 33.495045>, 0.100000
	pigment { color rgbt <1,0,0,0> }
	no_shadow
}
cylinder {
	<26.313112, 30.434427, 33.707592>,  <26.147242, 30.350765, 34.061836>, 0.100000
	pigment { color rgbt <1,0,0,0> }
	no_shadow
}

// particle -1
sphere {
	<26.313112, 30.434427, 33.707592> 0.100000
	pigment { color rgbt <1,0,0,0> }
	no_shadow
}
sphere {
	0, 1
	scale<0.080000,0.200000,0.300000>
	matrix <-0.212646, -0.924007, -0.317794,
		-0.884774, 0.320102, -0.338688,
		0.414676, 0.209155, -0.885606,
		26.437515, 30.497173, 33.441910>
	pigment { color rgbt <0,1,1,0> }
	no_shadow
}
cylinder {
	<25.658100, 30.096235, 33.466286>,  <26.147242, 30.350765, 34.061836>, 0.130000
	pigment { color rgbt <1,0,0,0> }
	no_shadow
}

// nucleotide -1

// particle -1
sphere {
	<25.658100, 30.096235, 33.466286> 0.250000
	pigment { color rgbt <1,0,0,0> }
	no_shadow
}
cylinder {
	<26.020844, 30.134087, 33.302017>,  <26.238489, 30.156797, 33.203457>, 0.100000
	pigment { color rgbt <1,0,0,0> }
	no_shadow
}
cylinder {
	<26.020844, 30.134087, 33.302017>,  <25.658100, 30.096235, 33.466286>, 0.100000
	pigment { color rgbt <1,0,0,0> }
	no_shadow
}

// particle -1
sphere {
	<26.020844, 30.134087, 33.302017> 0.100000
	pigment { color rgbt <1,0,0,0> }
	no_shadow
}
sphere {
	0, 1
	scale<0.080000,0.200000,0.300000>
	matrix <-0.096829, -0.901608, -0.421578,
		-0.410156, 0.422077, -0.808470,
		0.906860, 0.094629, -0.410670,
		26.292902, 30.162476, 33.178818>
	pigment { color rgbt <0,1,1,0> }
	no_shadow
}
cylinder {
	<25.634525, 30.002634, 32.741585>,  <25.658100, 30.096235, 33.466286>, 0.130000
	pigment { color rgbt <1,0,0,0> }
	no_shadow
}

// nucleotide -1

// particle -1
sphere {
	<25.634525, 30.002634, 32.741585> 0.250000
	pigment { color rgbt <1,0,0,0> }
	no_shadow
}
cylinder {
	<25.987955, 29.897100, 32.896343>,  <26.200012, 29.833780, 32.989197>, 0.100000
	pigment { color rgbt <1,0,0,0> }
	no_shadow
}
cylinder {
	<25.987955, 29.897100, 32.896343>,  <25.634525, 30.002634, 32.741585>, 0.100000
	pigment { color rgbt <1,0,0,0> }
	no_shadow
}

// particle -1
sphere {
	<25.987955, 29.897100, 32.896343> 0.100000
	pigment { color rgbt <1,0,0,0> }
	no_shadow
}
sphere {
	0, 1
	scale<0.080000,0.200000,0.300000>
	matrix <-0.067337, -0.889183, -0.452571,
		0.463424, 0.373828, -0.803425,
		0.883575, -0.263832, 0.386896,
		26.253027, 29.817951, 33.012413>
	pigment { color rgbt <0,1,1,0> }
	no_shadow
}
cylinder {
	<25.747379, 29.456524, 32.306923>,  <25.634525, 30.002634, 32.741585>, 0.130000
	pigment { color rgbt <1,0,0,0> }
	no_shadow
}

// nucleotide -1

// particle -1
sphere {
	<25.747379, 29.456524, 32.306923> 0.250000
	pigment { color rgbt <1,0,0,0> }
	no_shadow
}
cylinder {
	<26.063311, 29.426235, 32.550377>,  <26.252869, 29.408062, 32.696449>, 0.100000
	pigment { color rgbt <1,0,0,0> }
	no_shadow
}
cylinder {
	<26.063311, 29.426235, 32.550377>,  <25.747379, 29.456524, 32.306923>, 0.100000
	pigment { color rgbt <1,0,0,0> }
	no_shadow
}

// particle -1
sphere {
	<26.063311, 29.426235, 32.550377> 0.100000
	pigment { color rgbt <1,0,0,0> }
	no_shadow
}
sphere {
	0, 1
	scale<0.080000,0.200000,0.300000>
	matrix <0.180165, -0.919924, -0.348254,
		0.586270, 0.384716, -0.712938,
		0.789828, -0.075724, 0.608636,
		26.300259, 29.403519, 32.732967>
	pigment { color rgbt <0,1,1,0> }
	no_shadow
}
cylinder {
	<26.304129, 29.150103, 31.859892>,  <25.747379, 29.456524, 32.306923>, 0.130000
	pigment { color rgbt <1,0,0,0> }
	no_shadow
}

// nucleotide -1

// particle -1
sphere {
	<26.304129, 29.150103, 31.859892> 0.250000
	pigment { color rgbt <1,0,0,0> }
	no_shadow
}
cylinder {
	<26.407740, 29.081629, 32.240124>,  <26.469906, 29.040545, 32.468262>, 0.100000
	pigment { color rgbt <1,0,0,0> }
	no_shadow
}
cylinder {
	<26.407740, 29.081629, 32.240124>,  <26.304129, 29.150103, 31.859892>, 0.100000
	pigment { color rgbt <1,0,0,0> }
	no_shadow
}

// particle -1
sphere {
	<26.407740, 29.081629, 32.240124> 0.100000
	pigment { color rgbt <1,0,0,0> }
	no_shadow
}
sphere {
	0, 1
	scale<0.080000,0.200000,0.300000>
	matrix <0.216198, -0.948921, -0.229798,
		0.941362, 0.265038, -0.208786,
		0.259027, -0.171184, 0.950579,
		26.485447, 29.030273, 32.525299>
	pigment { color rgbt <0,1,1,0> }
	no_shadow
}
cylinder {
	<26.892675, 28.779253, 31.850197>,  <26.304129, 29.150103, 31.859892>, 0.130000
	pigment { color rgbt <1,0,0,0> }
	no_shadow
}

// nucleotide -1

// particle -1
sphere {
	<26.892675, 28.779253, 31.850197> 0.250000
	pigment { color rgbt <1,0,0,0> }
	no_shadow
}
cylinder {
	<26.759695, 28.702148, 32.219482>,  <26.679907, 28.655886, 32.441055>, 0.100000
	pigment { color rgbt <1,0,0,0> }
	no_shadow
}
cylinder {
	<26.759695, 28.702148, 32.219482>,  <26.892675, 28.779253, 31.850197>, 0.100000
	pigment { color rgbt <1,0,0,0> }
	no_shadow
}

// particle -1
sphere {
	<26.759695, 28.702148, 32.219482> 0.100000
	pigment { color rgbt <1,0,0,0> }
	no_shadow
}
sphere {
	0, 1
	scale<0.080000,0.200000,0.300000>
	matrix <0.170466, -0.975049, -0.142199,
		0.927588, 0.110103, 0.357013,
		-0.332449, -0.192760, 0.923213,
		26.659960, 28.644320, 32.496445>
	pigment { color rgbt <0,1,1,0> }
	no_shadow
}
cylinder {
	<27.403444, 28.349445, 32.049530>,  <26.892675, 28.779253, 31.850197>, 0.130000
	pigment { color rgbt <1,0,0,0> }
	no_shadow
}

// nucleotide -1

// particle -1
sphere {
	<27.403444, 28.349445, 32.049530> 0.250000
	pigment { color rgbt <1,0,0,0> }
	no_shadow
}
cylinder {
	<27.083719, 28.294617, 32.283562>,  <26.891884, 28.261721, 32.423981>, 0.100000
	pigment { color rgbt <1,0,0,0> }
	no_shadow
}
cylinder {
	<27.083719, 28.294617, 32.283562>,  <27.403444, 28.349445, 32.049530>, 0.100000
	pigment { color rgbt <1,0,0,0> }
	no_shadow
}

// particle -1
sphere {
	<27.083719, 28.294617, 32.283562> 0.100000
	pigment { color rgbt <1,0,0,0> }
	no_shadow
}
sphere {
	0, 1
	scale<0.080000,0.200000,0.300000>
	matrix <0.144875, -0.988874, -0.033748,
		0.583192, 0.057788, 0.810276,
		-0.799311, -0.137071, 0.585076,
		26.843925, 28.253496, 32.459084>
	pigment { color rgbt <0,1,1,0> }
	no_shadow
}
cylinder {
	<27.616257, 27.947849, 32.718349>,  <27.403444, 28.349445, 32.049530>, 0.130000
	pigment { color rgbt <1,0,0,0> }
	no_shadow
}

// nucleotide -1

// particle -1
sphere {
	<27.616257, 27.947849, 32.718349> 0.250000
	pigment { color rgbt <1,0,0,0> }
	no_shadow
}
cylinder {
	<27.223129, 27.891077, 32.671146>,  <26.987253, 27.857014, 32.642826>, 0.100000
	pigment { color rgbt <1,0,0,0> }
	no_shadow
}
cylinder {
	<27.223129, 27.891077, 32.671146>,  <27.616257, 27.947849, 32.718349>, 0.100000
	pigment { color rgbt <1,0,0,0> }
	no_shadow
}

// particle -1
sphere {
	<27.223129, 27.891077, 32.671146> 0.100000
	pigment { color rgbt <1,0,0,0> }
	no_shadow
}
sphere {
	0, 1
	scale<0.080000,0.200000,0.300000>
	matrix <0.156503, -0.979728, -0.125060,
		-0.097865, -0.141379, 0.985106,
		-0.982817, -0.141933, -0.118007,
		26.928284, 27.848497, 32.635746>
	pigment { color rgbt <0,1,1,0> }
	no_shadow
}
cylinder {
	<27.382570, 27.423748, 33.201267>,  <27.616257, 27.947849, 32.718349>, 0.130000
	pigment { color rgbt <1,0,0,0> }
	no_shadow
}

// nucleotide -1

// particle -1
sphere {
	<27.382570, 27.423748, 33.201267> 0.250000
	pigment { color rgbt <1,0,0,0> }
	no_shadow
}
cylinder {
	<27.144438, 27.438148, 32.880199>,  <27.001558, 27.446789, 32.687557>, 0.100000
	pigment { color rgbt <1,0,0,0> }
	no_shadow
}
cylinder {
	<27.144438, 27.438148, 32.880199>,  <27.382570, 27.423748, 33.201267>, 0.100000
	pigment { color rgbt <1,0,0,0> }
	no_shadow
}

// particle -1
sphere {
	<27.144438, 27.438148, 32.880199> 0.100000
	pigment { color rgbt <1,0,0,0> }
	no_shadow
}
sphere {
	0, 1
	scale<0.080000,0.200000,0.300000>
	matrix <0.134886, -0.980339, -0.144016,
		-0.792076, -0.194006, 0.578772,
		-0.595333, 0.036003, -0.802672,
		26.965837, 27.448950, 32.639397>
	pigment { color rgbt <0,1,1,0> }
	no_shadow
}
cylinder {
	<26.863934, 26.837240, 33.113377>,  <27.382570, 27.423748, 33.201267>, 0.130000
	pigment { color rgbt <1,0,0,0> }
	no_shadow
}

// nucleotide -1

// particle -1
sphere {
	<26.863934, 26.837240, 33.113377> 0.250000
	pigment { color rgbt <1,0,0,0> }
	no_shadow
}
cylinder {
	<26.975058, 26.949219, 32.745800>,  <27.041731, 27.016405, 32.525253>, 0.100000
	pigment { color rgbt <1,0,0,0> }
	no_shadow
}
cylinder {
	<26.975058, 26.949219, 32.745800>,  <26.863934, 26.837240, 33.113377>, 0.100000
	pigment { color rgbt <1,0,0,0> }
	no_shadow
}

// particle -1
sphere {
	<26.975058, 26.949219, 32.745800> 0.100000
	pigment { color rgbt <1,0,0,0> }
	no_shadow
}
sphere {
	0, 1
	scale<0.080000,0.200000,0.300000>
	matrix <0.035541, -0.958937, -0.281385,
		-0.959979, 0.045511, -0.276350,
		0.277808, 0.279945, -0.918941,
		27.058399, 27.033203, 32.470116>
	pigment { color rgbt <0,1,1,0> }
	no_shadow
}
cylinder {
	<26.346249, 26.555275, 32.591129>,  <26.863934, 26.837240, 33.113377>, 0.130000
	pigment { color rgbt <1,0,0,0> }
	no_shadow
}

// nucleotide -1

// particle -1
sphere {
	<26.346249, 26.555275, 32.591129> 0.250000
	pigment { color rgbt <1,0,0,0> }
	no_shadow
}
cylinder {
	<26.708780, 26.595510, 32.426960>,  <26.926300, 26.619652, 32.328461>, 0.100000
	pigment { color rgbt <1,0,0,0> }
	no_shadow
}
cylinder {
	<26.708780, 26.595510, 32.426960>,  <26.346249, 26.555275, 32.591129>, 0.100000
	pigment { color rgbt <1,0,0,0> }
	no_shadow
}

// particle -1
sphere {
	<26.708780, 26.595510, 32.426960> 0.100000
	pigment { color rgbt <1,0,0,0> }
	no_shadow
}
sphere {
	0, 1
	scale<0.080000,0.200000,0.300000>
	matrix <-0.006632, -0.967748, -0.251832,
		-0.422516, 0.230965, -0.876433,
		0.906331, 0.100590, -0.410421,
		26.980680, 26.625687, 32.303833>
	pigment { color rgbt <0,1,1,0> }
	no_shadow
}
cylinder {
	<26.511415, 26.344908, 31.856869>,  <26.346249, 26.555275, 32.591129>, 0.130000
	pigment { color rgbt <1,0,0,0> }
	no_shadow
}

// nucleotide -1

// particle -1
sphere {
	<26.511415, 26.344908, 31.856869> 0.250000
	pigment { color rgbt <1,0,0,0> }
	no_shadow
}
cylinder {
	<26.860075, 26.307516, 32.049324>,  <27.069271, 26.285082, 32.164799>, 0.100000
	pigment { color rgbt <1,0,0,0> }
	no_shadow
}
cylinder {
	<26.860075, 26.307516, 32.049324>,  <26.511415, 26.344908, 31.856869>, 0.100000
	pigment { color rgbt <1,0,0,0> }
	no_shadow
}

// particle -1
sphere {
	<26.860075, 26.307516, 32.049324> 0.100000
	pigment { color rgbt <1,0,0,0> }
	no_shadow
}
sphere {
	0, 1
	scale<0.080000,0.200000,0.300000>
	matrix <0.101004, -0.926318, -0.362952,
		0.479615, 0.364962, -0.797980,
		0.871647, -0.093478, 0.481138,
		27.121569, 26.279472, 32.193665>
	pigment { color rgbt <0,1,1,0> }
	no_shadow
}
cylinder {
	<27.083231, 26.153805, 31.315165>,  <26.511415, 26.344908, 31.856869>, 0.130000
	pigment { color rgbt <1,0,0,0> }
	no_shadow
}

// nucleotide -1

// particle -1
sphere {
	<27.083231, 26.153805, 31.315165> 0.250000
	pigment { color rgbt <1,0,0,0> }
	no_shadow
}
cylinder {
	<27.108429, 25.992506, 31.680332>,  <27.123547, 25.895727, 31.899433>, 0.100000
	pigment { color rgbt <1,0,0,0> }
	no_shadow
}
cylinder {
	<27.108429, 25.992506, 31.680332>,  <27.083231, 26.153805, 31.315165>, 0.100000
	pigment { color rgbt <1,0,0,0> }
	no_shadow
}

// particle -1
sphere {
	<27.108429, 25.992506, 31.680332> 0.100000
	pigment { color rgbt <1,0,0,0> }
	no_shadow
}
sphere {
	0, 1
	scale<0.080000,0.200000,0.300000>
	matrix <0.337219, -0.852338, -0.399754,
		0.939316, 0.333036, 0.082290,
		0.062993, -0.403245, 0.912921,
		27.127327, 25.871532, 31.954208>
	pigment { color rgbt <0,1,1,0> }
	no_shadow
}
cylinder {
	<27.780235, 26.055265, 31.307524>,  <27.083231, 26.153805, 31.315165>, 0.130000
	pigment { color rgbt <1,0,0,0> }
	no_shadow
}

// nucleotide -1

// particle -1
sphere {
	<27.780235, 26.055265, 31.307524> 0.250000
	pigment { color rgbt <1,0,0,0> }
	no_shadow
}
cylinder {
	<27.721245, 26.444098, 31.380526>,  <27.685850, 26.677397, 31.424328>, 0.100000
	pigment { color rgbt <1,0,0,0> }
	no_shadow
}
cylinder {
	<27.721245, 26.444098, 31.380526>,  <27.780235, 26.055265, 31.307524>, 0.100000
	pigment { color rgbt <1,0,0,0> }
	no_shadow
}

// particle -1
sphere {
	<27.721245, 26.444098, 31.380526> 0.100000
	pigment { color rgbt <1,0,0,0> }
	no_shadow
}
sphere {
	0, 1
	scale<0.080000,0.200000,0.300000>
	matrix <-0.983464, -0.124515, -0.131510,
		-0.105114, -0.198887, 0.974369,
		-0.147479, 0.972080, 0.182510,
		27.677002, 26.735722, 31.435278>
	pigment { color rgbt <0,1,1,0> }
	no_shadow
}
cylinder {
	<28.098337, 25.425797, 31.522242>,  <27.780235, 26.055265, 31.307524>, 0.130000
	pigment { color rgbt <1,0,0,0> }
	no_shadow
}

// nucleotide -1

// particle -1
sphere {
	<28.098337, 25.425797, 31.522242> 0.250000
	pigment { color rgbt <1,0,0,0> }
	no_shadow
}
cylinder {
	<28.284611, 25.131254, 31.325909>,  <28.396376, 24.954529, 31.208109>, 0.100000
	pigment { color rgbt <1,0,0,0> }
	no_shadow
}
cylinder {
	<28.284611, 25.131254, 31.325909>,  <28.098337, 25.425797, 31.522242>, 0.100000
	pigment { color rgbt <1,0,0,0> }
	no_shadow
}

// particle -1
sphere {
	<28.284611, 25.131254, 31.325909> 0.100000
	pigment { color rgbt <1,0,0,0> }
	no_shadow
}
sphere {
	0, 1
	scale<0.080000,0.200000,0.300000>
	matrix <0.766508, 0.058433, 0.639571,
		-0.442272, -0.674065, 0.591635,
		0.465683, -0.736357, -0.490833,
		28.424316, 24.910347, 31.178659>
	pigment { color rgbt <0,1,1,0> }
	no_shadow
}
cylinder {
	<28.431742, 24.957975, 31.979618>,  <28.098337, 25.425797, 31.522242>, 0.130000
	pigment { color rgbt <1,0,0,0> }
	no_shadow
}

// nucleotide -1

// particle -1
sphere {
	<28.431742, 24.957975, 31.979618> 0.250000
	pigment { color rgbt <1,0,0,0> }
	no_shadow
}
cylinder {
	<28.629421, 24.916866, 31.634317>,  <28.748028, 24.892200, 31.427137>, 0.100000
	pigment { color rgbt <1,0,0,0> }
	no_shadow
}
cylinder {
	<28.629421, 24.916866, 31.634317>,  <28.431742, 24.957975, 31.979618>, 0.100000
	pigment { color rgbt <1,0,0,0> }
	no_shadow
}

// particle -1
sphere {
	<28.629421, 24.916866, 31.634317> 0.100000
	pigment { color rgbt <1,0,0,0> }
	no_shadow
}
sphere {
	0, 1
	scale<0.080000,0.200000,0.300000>
	matrix <0.869049, 0.032295, 0.493671,
		-0.022856, -0.994180, 0.105274,
		0.494198, -0.102772, -0.863253,
		28.777681, 24.886036, 31.375341>
	pigment { color rgbt <0,1,1,0> }
	no_shadow
}
cylinder {
	<29.082563, 24.868164, 32.242542>,  <28.431742, 24.957975, 31.979618>, 0.130000
	pigment { color rgbt <1,0,0,0> }
	no_shadow
}

// nucleotide -1

// particle -1
sphere {
	<29.082563, 24.868164, 32.242542> 0.250000
	pigment { color rgbt <1,0,0,0> }
	no_shadow
}
cylinder {
	<28.972258, 25.216961, 32.404324>,  <28.906075, 25.426239, 32.501392>, 0.100000
	pigment { color rgbt <1,0,0,0> }
	no_shadow
}
cylinder {
	<28.972258, 25.216961, 32.404324>,  <29.082563, 24.868164, 32.242542>, 0.100000
	pigment { color rgbt <1,0,0,0> }
	no_shadow
}

// particle -1
sphere {
	<28.972258, 25.216961, 32.404324> 0.100000
	pigment { color rgbt <1,0,0,0> }
	no_shadow
}
sphere {
	0, 1
	scale<0.080000,0.200000,0.300000>
	matrix <0.937836, 0.336334, -0.085696,
		-0.210757, 0.355677, -0.910536,
		-0.275764, 0.871994, 0.404451,
		28.889528, 25.478559, 32.525658>
	pigment { color rgbt <0,1,1,0> }
	no_shadow
}
cylinder {
	<29.580986, 24.979872, 31.591009>,  <29.082563, 24.868164, 32.242542>, 0.130000
	pigment { color rgbt <1,0,0,0> }
	no_shadow
}

// nucleotide -1

// particle -1
sphere {
	<29.580986, 24.979872, 31.591009> 0.250000
	pigment { color rgbt <1,0,0,0> }
	no_shadow
}
cylinder {
	<29.945490, 25.118092, 31.680635>,  <30.164192, 25.201023, 31.734411>, 0.100000
	pigment { color rgbt <1,0,0,0> }
	no_shadow
}
cylinder {
	<29.945490, 25.118092, 31.680635>,  <29.580986, 24.979872, 31.591009>, 0.100000
	pigment { color rgbt <1,0,0,0> }
	no_shadow
}

// particle -1
sphere {
	<29.945490, 25.118092, 31.680635> 0.100000
	pigment { color rgbt <1,0,0,0> }
	no_shadow
}
sphere {
	0, 1
	scale<0.080000,0.200000,0.300000>
	matrix <0.176123, -0.818780, 0.546425,
		0.372277, -0.458471, -0.806979,
		0.911258, 0.345549, 0.224066,
		30.218866, 25.221756, 31.747854>
	pigment { color rgbt <0,1,1,0> }
	no_shadow
}
cylinder {
	<29.418421, 24.713678, 30.871874>,  <29.580986, 24.979872, 31.591009>, 0.130000
	pigment { color rgbt <1,0,0,0> }
	no_shadow
}

// nucleotide -1

// particle -1
sphere {
	<29.418421, 24.713678, 30.871874> 0.250000
	pigment { color rgbt <1,0,0,0> }
	no_shadow
}
cylinder {
	<29.025257, 24.643850, 30.848505>,  <28.789358, 24.601954, 30.834484>, 0.100000
	pigment { color rgbt <1,0,0,0> }
	no_shadow
}
cylinder {
	<29.025257, 24.643850, 30.848505>,  <29.418421, 24.713678, 30.871874>, 0.100000
	pigment { color rgbt <1,0,0,0> }
	no_shadow
}

// particle -1
sphere {
	<29.025257, 24.643850, 30.848505> 0.100000
	pigment { color rgbt <1,0,0,0> }
	no_shadow
}
sphere {
	0, 1
	scale<0.080000,0.200000,0.300000>
	matrix <-0.075026, 0.669700, -0.738832,
		0.168101, -0.721822, -0.671353,
		-0.982910, -0.174568, -0.058421,
		28.730385, 24.591480, 30.830978>
	pigment { color rgbt <0,1,1,0> }
	no_shadow
}
cylinder {
	<29.170334, 24.753672, 30.121935>,  <29.418421, 24.713678, 30.871874>, 0.130000
	pigment { color rgbt <1,0,0,0> }
	no_shadow
}

// nucleotide -1

// particle -1
sphere {
	<29.170334, 24.753672, 30.121935> 0.250000
	pigment { color rgbt <1,0,0,0> }
	no_shadow
}
cylinder {
	<28.941133, 24.874199, 30.426796>,  <28.803614, 24.946516, 30.609713>, 0.100000
	pigment { color rgbt <1,0,0,0> }
	no_shadow
}
cylinder {
	<28.941133, 24.874199, 30.426796>,  <29.170334, 24.753672, 30.121935>, 0.100000
	pigment { color rgbt <1,0,0,0> }
	no_shadow
}

// particle -1
sphere {
	<28.941133, 24.874199, 30.426796> 0.100000
	pigment { color rgbt <1,0,0,0> }
	no_shadow
}
sphere {
	0, 1
	scale<0.080000,0.200000,0.300000>
	matrix <-0.134730, 0.882674, -0.450259,
		-0.808406, -0.360683, -0.465175,
		-0.572999, 0.301319, 0.762154,
		28.769234, 24.964594, 30.655441>
	pigment { color rgbt <0,1,1,0> }
	no_shadow
}
cylinder {
	<29.032425, 25.409000, 29.620367>,  <29.170334, 24.753672, 30.121935>, 0.130000
	pigment { color rgbt <1,0,0,0> }
	no_shadow
}

// nucleotide -1

// particle -1
sphere {
	<29.032425, 25.409000, 29.620367> 0.250000
	pigment { color rgbt <1,0,0,0> }
	no_shadow
}
cylinder {
	<28.792667, 25.706537, 29.738638>,  <28.648813, 25.885059, 29.809601>, 0.100000
	pigment { color rgbt <1,0,0,0> }
	no_shadow
}
cylinder {
	<28.792667, 25.706537, 29.738638>,  <29.032425, 25.409000, 29.620367>, 0.100000
	pigment { color rgbt <1,0,0,0> }
	no_shadow
}

// particle -1
sphere {
	<28.792667, 25.706537, 29.738638> 0.100000
	pigment { color rgbt <1,0,0,0> }
	no_shadow
}
sphere {
	0, 1
	scale<0.080000,0.200000,0.300000>
	matrix <-0.793763, -0.504692, -0.339449,
		-0.103269, -0.438163, 0.892944,
		-0.599396, 0.743841, 0.295679,
		28.612848, 25.929689, 29.827341>
	pigment { color rgbt <0,1,1,0> }
	no_shadow
}
cylinder {
	<29.650150, 25.901661, 29.599127>,  <29.032425, 25.409000, 29.620367>, 0.130000
	pigment { color rgbt <1,0,0,0> }
	no_shadow
}

// nucleotide -1

// particle -1
sphere {
	<29.650150, 25.901661, 29.599127> 0.250000
	pigment { color rgbt <1,0,0,0> }
	no_shadow
}
cylinder {
	<29.852512, 25.968412, 29.260609>,  <29.973928, 26.008463, 29.057499>, 0.100000
	pigment { color rgbt <1,0,0,0> }
	no_shadow
}
cylinder {
	<29.852512, 25.968412, 29.260609>,  <29.650150, 25.901661, 29.599127>, 0.100000
	pigment { color rgbt <1,0,0,0> }
	no_shadow
}

// particle -1
sphere {
	<29.852512, 25.968412, 29.260609> 0.100000
	pigment { color rgbt <1,0,0,0> }
	no_shadow
}
sphere {
	0, 1
	scale<0.080000,0.200000,0.300000>
	matrix <0.016560, 0.979048, 0.202955,
		0.862431, -0.116690, 0.492540,
		0.505903, 0.166878, -0.846294,
		30.004284, 26.018476, 29.006720>
	pigment { color rgbt <0,1,1,0> }
	no_shadow
}
cylinder {
	<30.309467, 26.243299, 29.757587>,  <29.650150, 25.901661, 29.599127>, 0.130000
	pigment { color rgbt <1,0,0,0> }
	no_shadow
}

// nucleotide -1

// particle -1
sphere {
	<30.309467, 26.243299, 29.757587> 0.250000
	pigment { color rgbt <1,0,0,0> }
	no_shadow
}
cylinder {
	<30.128956, 26.328911, 29.411053>,  <30.020649, 26.380278, 29.203133>, 0.100000
	pigment { color rgbt <1,0,0,0> }
	no_shadow
}
cylinder {
	<30.128956, 26.328911, 29.411053>,  <30.309467, 26.243299, 29.757587>, 0.100000
	pigment { color rgbt <1,0,0,0> }
	no_shadow
}

// particle -1
sphere {
	<30.128956, 26.328911, 29.411053> 0.100000
	pigment { color rgbt <1,0,0,0> }
	no_shadow
}
sphere {
	0, 1
	scale<0.080000,0.200000,0.300000>
	matrix <0.080831, 0.976625, 0.199173,
		0.888715, 0.019855, -0.458030,
		-0.451278, 0.214031, -0.866337,
		29.993572, 26.393120, 29.151152>
	pigment { color rgbt <0,1,1,0> }
	no_shadow
}
cylinder {
	<30.609392, 26.860758, 29.544130>,  <30.309467, 26.243299, 29.757587>, 0.130000
	pigment { color rgbt <1,0,0,0> }
	no_shadow
}

// nucleotide -1

// particle -1
sphere {
	<30.609392, 26.860758, 29.544130> 0.250000
	pigment { color rgbt <1,0,0,0> }
	no_shadow
}
cylinder {
	<30.295799, 26.844954, 29.296320>,  <30.107643, 26.835470, 29.147635>, 0.100000
	pigment { color rgbt <1,0,0,0> }
	no_shadow
}
cylinder {
	<30.295799, 26.844954, 29.296320>,  <30.609392, 26.860758, 29.544130>, 0.100000
	pigment { color rgbt <1,0,0,0> }
	no_shadow
}

// particle -1
sphere {
	<30.295799, 26.844954, 29.296320> 0.100000
	pigment { color rgbt <1,0,0,0> }
	no_shadow
}
sphere {
	0, 1
	scale<0.080000,0.200000,0.300000>
	matrix <-0.069606, 0.997274, 0.024480,
		0.616869, 0.062315, -0.784595,
		-0.783982, -0.039512, -0.619525,
		30.060604, 26.833099, 29.110462>
	pigment { color rgbt <0,1,1,0> }
	no_shadow
}
cylinder {
	<30.735207, 27.377445, 29.061255>,  <30.609392, 26.860758, 29.544130>, 0.130000
	pigment { color rgbt <1,0,0,0> }
	no_shadow
}

// nucleotide -1

// particle -1
sphere {
	<30.735207, 27.377445, 29.061255> 0.250000
	pigment { color rgbt <1,0,0,0> }
	no_shadow
}
cylinder {
	<30.344351, 27.293633, 29.075644>,  <30.109837, 27.243345, 29.084278>, 0.100000
	pigment { color rgbt <1,0,0,0> }
	no_shadow
}
cylinder {
	<30.344351, 27.293633, 29.075644>,  <30.735207, 27.377445, 29.061255>, 0.100000
	pigment { color rgbt <1,0,0,0> }
	no_shadow
}

// particle -1
sphere {
	<30.344351, 27.293633, 29.075644> 0.100000
	pigment { color rgbt <1,0,0,0> }
	no_shadow
}
sphere {
	0, 1
	scale<0.080000,0.200000,0.300000>
	matrix <-0.196202, 0.953939, 0.226947,
		-0.081870, 0.214700, -0.973243,
		-0.977140, -0.209532, 0.035974,
		30.051208, 27.230772, 29.086435>
	pigment { color rgbt <0,1,1,0> }
	no_shadow
}
cylinder {
	<30.393583, 27.847260, 28.593700>,  <30.735207, 27.377445, 29.061255>, 0.130000
	pigment { color rgbt <1,0,0,0> }
	no_shadow
}

// nucleotide -1

// particle -1
sphere {
	<30.393583, 27.847260, 28.593700> 0.250000
	pigment { color rgbt <1,0,0,0> }
	no_shadow
}
cylinder {
	<30.148165, 27.727877, 28.886133>,  <30.000914, 27.656246, 29.061594>, 0.100000
	pigment { color rgbt <1,0,0,0> }
	no_shadow
}
cylinder {
	<30.148165, 27.727877, 28.886133>,  <30.393583, 27.847260, 28.593700>, 0.100000
	pigment { color rgbt <1,0,0,0> }
	no_shadow
}

// particle -1
sphere {
	<30.148165, 27.727877, 28.886133> 0.100000
	pigment { color rgbt <1,0,0,0> }
	no_shadow
}
sphere {
	0, 1
	scale<0.080000,0.200000,0.300000>
	matrix <-0.124851, 0.950842, 0.283393,
		-0.779726, 0.082599, -0.620649,
		-0.613547, -0.298458, 0.731084,
		29.964100, 27.638340, 29.105459>
	pigment { color rgbt <0,1,1,0> }
	no_shadow
}
cylinder {
	<30.108149, 28.459896, 28.607119>,  <30.393583, 27.847260, 28.593700>, 0.130000
	pigment { color rgbt <1,0,0,0> }
	no_shadow
}

// nucleotide -1

// particle -1
sphere {
	<30.108149, 28.459896, 28.607119> 0.250000
	pigment { color rgbt <1,0,0,0> }
	no_shadow
}
cylinder {
	<29.982794, 28.258720, 28.929321>,  <29.907581, 28.138016, 29.122643>, 0.100000
	pigment { color rgbt <1,0,0,0> }
	no_shadow
}
cylinder {
	<29.982794, 28.258720, 28.929321>,  <30.108149, 28.459896, 28.607119>, 0.100000
	pigment { color rgbt <1,0,0,0> }
	no_shadow
}

// particle -1
sphere {
	<29.982794, 28.258720, 28.929321> 0.100000
	pigment { color rgbt <1,0,0,0> }
	no_shadow
}
sphere {
	0, 1
	scale<0.080000,0.200000,0.300000>
	matrix <-0.171200, 0.864261, 0.473016,
		-0.934066, 0.010335, -0.356951,
		-0.313387, -0.502938, 0.805507,
		29.888777, 28.107840, 29.170973>
	pigment { color rgbt <0,1,1,0> }
	no_shadow
}
cylinder {
	<29.515575, 28.790970, 28.838703>,  <30.108149, 28.459896, 28.607119>, 0.130000
	pigment { color rgbt <1,0,0,0> }
	no_shadow
}

// nucleotide -1

// particle -1
sphere {
	<29.515575, 28.790970, 28.838703> 0.250000
	pigment { color rgbt <1,0,0,0> }
	no_shadow
}
cylinder {
	<29.654594, 28.615366, 29.170120>,  <29.738007, 28.510004, 29.368971>, 0.100000
	pigment { color rgbt <1,0,0,0> }
	no_shadow
}
cylinder {
	<29.654594, 28.615366, 29.170120>,  <29.515575, 28.790970, 28.838703>, 0.100000
	pigment { color rgbt <1,0,0,0> }
	no_shadow
}

// particle -1
sphere {
	<29.654594, 28.615366, 29.170120> 0.100000
	pigment { color rgbt <1,0,0,0> }
	no_shadow
}
sphere {
	0, 1
	scale<0.080000,0.200000,0.300000>
	matrix <-0.292689, 0.788680, 0.540664,
		-0.890811, -0.430411, 0.145610,
		0.347548, -0.439011, 0.828541,
		29.758860, 28.483662, 29.418682>
	pigment { color rgbt <0,1,1,0> }
	no_shadow
}
cylinder {
	<28.997234, 29.000612, 29.377937>,  <29.515575, 28.790970, 28.838703>, 0.130000
	pigment { color rgbt <1,0,0,0> }
	no_shadow
}

// nucleotide -1

// particle -1
sphere {
	<28.997234, 29.000612, 29.377937> 0.250000
	pigment { color rgbt <1,0,0,0> }
	no_shadow
}
cylinder {
	<29.334583, 28.888235, 29.561152>,  <29.536993, 28.820808, 29.671080>, 0.100000
	pigment { color rgbt <1,0,0,0> }
	no_shadow
}
cylinder {
	<29.334583, 28.888235, 29.561152>,  <28.997234, 29.000612, 29.377937>, 0.100000
	pigment { color rgbt <1,0,0,0> }
	no_shadow
}

// particle -1
sphere {
	<29.334583, 28.888235, 29.561152> 0.100000
	pigment { color rgbt <1,0,0,0> }
	no_shadow
}
sphere {
	0, 1
	scale<0.080000,0.200000,0.300000>
