// switches for output
#declare DRAW_BASES = 1; // possible values are 0, 1; only relevant for DNA ribbons
#declare DRAW_BASES_TYPE = 3; // possible values are 1, 2, 3; only relevant for DNA ribbons
#declare DRAW_FOG = 0; // set to 1 to enable fog

#include "colors.inc"

#include "transforms.inc"
background { rgb <1, 1, 1>}

#default {
   normal{
       ripples 0.25
       frequency 0.20
       turbulence 0.2
       lambda 5
   }
	finish {
		phong 0.1
		phong_size 40.
	}
}

// original window dimensions: 1024x640


// camera settings

camera {
	sky <0, 0.179814, -0.983701>
	up <0, 0.179814, -0.983701>
	right 1.6 * <1, 0, 0>
	location <35, 94.9851, 44.8844>
	look_at <35, 29.7336, 32.9568>
	direction <0, -65.2515, -11.9276>
	angle 67.0682
}


# declare cpy_camera_pos = <35, 94.9851, 44.8844>;
# if (DRAW_FOG = 1)
fog {
	fog_type 2
	up vnormalize(cpy_camera_pos)
	color rgbt<1,1,1,0.3>
	distance 1e-5
	fog_alt 3e-3
	fog_offset 56
}
# end


// LIGHTS

# declare lum = 6;
global_settings {
	ambient_light rgb lum * <0.05, 0.05, 0.05>
	max_trace_level 15
}# declare cpy_direct_light_amount = 0.25;
light_source
{	1000 * <-1, -1.16352, -0.803886>,
	rgb lum * cpy_direct_light_amount
	parallel
}

light_source
{	1000 * <1, 1.16352, 0.803886>,
	rgb lum * cpy_direct_light_amount
	parallel
}

// strand 0

// nucleotide -1

// particle -1
sphere {
	<24.210737, 34.709755, 34.950260> 0.250000
	pigment { color rgbt <1,0,0,0> }
	no_shadow
}
cylinder {
	<24.479494, 34.947033, 35.127655>,  <24.640749, 35.089397, 35.234093>, 0.100000
	pigment { color rgbt <1,0,0,0> }
	no_shadow
}
cylinder {
	<24.479494, 34.947033, 35.127655>,  <24.210737, 34.709755, 34.950260>, 0.100000
	pigment { color rgbt <1,0,0,0> }
	no_shadow
}

// particle -1
sphere {
	<24.479494, 34.947033, 35.127655> 0.100000
	pigment { color rgbt <1,0,0,0> }
	no_shadow
}
sphere {
	0, 1
	scale<0.080000,0.200000,0.300000>
	matrix <0.501375, -0.805007, 0.317155,
		0.545146, 0.009260, -0.838290,
		0.671893, 0.593193, 0.443489,
		24.681063, 35.124992, 35.260700>
	pigment { color rgbt <0,1,1,0> }
	no_shadow
}
cylinder {
	<24.921843, 34.587944, 34.870720>,  <24.210737, 34.709755, 34.950260>, 0.130000
	pigment { color rgbt <1,0,0,0> }
	no_shadow
}

// nucleotide -1

// particle -1
sphere {
	<24.921843, 34.587944, 34.870720> 0.250000
	pigment { color rgbt <1,0,0,0> }
	no_shadow
}
cylinder {
	<24.904526, 34.765034, 35.228966>,  <24.894136, 34.871288, 35.443913>, 0.100000
	pigment { color rgbt <1,0,0,0> }
	no_shadow
}
cylinder {
	<24.904526, 34.765034, 35.228966>,  <24.921843, 34.587944, 34.870720>, 0.100000
	pigment { color rgbt <1,0,0,0> }
	no_shadow
}

// particle -1
sphere {
	<24.904526, 34.765034, 35.228966> 0.100000
	pigment { color rgbt <1,0,0,0> }
	no_shadow
}
sphere {
	0, 1
	scale<0.080000,0.200000,0.300000>
	matrix <0.392217, -0.816950, 0.422799,
		0.918853, 0.369578, -0.138277,
		-0.043292, 0.442725, 0.895611,
		24.891539, 34.897850, 35.497650>
	pigment { color rgbt <0,1,1,0> }
	no_shadow
}
cylinder {
	<25.648060, 34.654938, 35.086090>,  <24.921843, 34.587944, 34.870720>, 0.130000
	pigment { color rgbt <1,0,0,0> }
	no_shadow
}

// nucleotide -1

// particle -1
sphere {
	<25.648060, 34.654938, 35.086090> 0.250000
	pigment { color rgbt <1,0,0,0> }
	no_shadow
}
cylinder {
	<25.389608, 34.642460, 35.391125>,  <25.234537, 34.634972, 35.574146>, 0.100000
	pigment { color rgbt <1,0,0,0> }
	no_shadow
}
cylinder {
	<25.389608, 34.642460, 35.391125>,  <25.648060, 34.654938, 35.086090>, 0.100000
	pigment { color rgbt <1,0,0,0> }
	no_shadow
}

// particle -1
sphere {
	<25.389608, 34.642460, 35.391125> 0.100000
	pigment { color rgbt <1,0,0,0> }
	no_shadow
}
sphere {
	0, 1
	scale<0.080000,0.200000,0.300000>
	matrix <0.639725, -0.567071, 0.518828,
		0.416256, 0.823078, 0.386359,
		-0.646129, -0.031198, 0.762590,
		25.195770, 34.633099, 35.619904>
	pigment { color rgbt <0,1,1,0> }
	no_shadow
}
cylinder {
	<26.099489, 34.765236, 35.666454>,  <25.648060, 34.654938, 35.086090>, 0.130000
	pigment { color rgbt <1,0,0,0> }
	no_shadow
}

// nucleotide -1

// particle -1
sphere {
	<26.099489, 34.765236, 35.666454> 0.250000
	pigment { color rgbt <1,0,0,0> }
	no_shadow
}
cylinder {
	<25.752464, 34.577961, 35.733547>,  <25.544249, 34.465595, 35.773804>, 0.100000
	pigment { color rgbt <1,0,0,0> }
	no_shadow
}
cylinder {
	<25.752464, 34.577961, 35.733547>,  <26.099489, 34.765236, 35.666454>, 0.100000
	pigment { color rgbt <1,0,0,0> }
	no_shadow
}

// particle -1
sphere {
	<25.752464, 34.577961, 35.733547> 0.100000
	pigment { color rgbt <1,0,0,0> }
	no_shadow
}
sphere {
	0, 1
	scale<0.080000,0.200000,0.300000>
	matrix <0.490834, -0.751744, 0.440411,
		-0.080101, 0.464415, 0.881988,
		-0.867563, -0.468187, 0.167735,
		25.492195, 34.437504, 35.783867>
	pigment { color rgbt <0,1,1,0> }
	no_shadow
}
cylinder {
	<26.078156, 34.676254, 36.343643>,  <26.099489, 34.765236, 35.666454>, 0.130000
	pigment { color rgbt <1,0,0,0> }
	no_shadow
}

// nucleotide -1

// particle -1
sphere {
	<26.078156, 34.676254, 36.343643> 0.250000
	pigment { color rgbt <1,0,0,0> }
	no_shadow
}
cylinder {
	<25.871878, 34.394615, 36.148376>,  <25.748112, 34.225632, 36.031216>, 0.100000
	pigment { color rgbt <1,0,0,0> }
	no_shadow
}
cylinder {
	<25.871878, 34.394615, 36.148376>,  <26.078156, 34.676254, 36.343643>, 0.100000
	pigment { color rgbt <1,0,0,0> }
	no_shadow
}

// particle -1
sphere {
	<25.871878, 34.394615, 36.148376> 0.100000
	pigment { color rgbt <1,0,0,0> }
	no_shadow
}
sphere {
	0, 1
	scale<0.080000,0.200000,0.300000>
	matrix <0.616178, -0.700678, 0.359686,
		-0.595302, -0.115311, 0.795185,
		-0.515693, -0.704098, -0.488167,
		25.717169, 34.183388, 36.001926>
	pigment { color rgbt <0,1,1,0> }
	no_shadow
}
cylinder {
	<26.771509, 34.538132, 36.598534>,  <26.078156, 34.676254, 36.343643>, 0.130000
	pigment { color rgbt <1,0,0,0> }
	no_shadow
}

// nucleotide -1

// particle -1
sphere {
	<26.771509, 34.538132, 36.598534> 0.250000
	pigment { color rgbt <1,0,0,0> }
	no_shadow
}
cylinder {
	<27.133715, 34.659454, 36.479839>,  <27.351038, 34.732246, 36.408623>, 0.100000
	pigment { color rgbt <1,0,0,0> }
	no_shadow
}
cylinder {
	<27.133715, 34.659454, 36.479839>,  <26.771509, 34.538132, 36.598534>, 0.100000
	pigment { color rgbt <1,0,0,0> }
	no_shadow
}

// particle -1
sphere {
	<27.133715, 34.659454, 36.479839> 0.100000
	pigment { color rgbt <1,0,0,0> }
	no_shadow
}
sphere {
	0, 1
	scale<0.080000,0.200000,0.300000>
	matrix <0.320336, -0.947258, 0.009297,
		-0.278264, -0.103473, -0.954915,
		0.905513, 0.303306, -0.296734,
		27.405369, 34.750446, 36.390820>
	pigment { color rgbt <0,1,1,0> }
	no_shadow
}
cylinder {
	<27.048309, 34.209835, 35.936153>,  <26.771509, 34.538132, 36.598534>, 0.130000
	pigment { color rgbt <1,0,0,0> }
	no_shadow
}

// nucleotide -1

// particle -1
sphere {
	<27.048309, 34.209835, 35.936153> 0.250000
	pigment { color rgbt <1,0,0,0> }
	no_shadow
}
cylinder {
	<27.349817, 34.316078, 36.176582>,  <27.530722, 34.379822, 36.320839>, 0.100000
	pigment { color rgbt <1,0,0,0> }
	no_shadow
}
cylinder {
	<27.349817, 34.316078, 36.176582>,  <27.048309, 34.209835, 35.936153>, 0.100000
	pigment { color rgbt <1,0,0,0> }
	no_shadow
}

// particle -1
sphere {
	<27.349817, 34.316078, 36.176582> 0.100000
	pigment { color rgbt <1,0,0,0> }
	no_shadow
}
sphere {
	0, 1
	scale<0.080000,0.200000,0.300000>
	matrix <0.422723, -0.896289, -0.134059,
		0.503124, 0.355135, -0.787874,
		0.753771, 0.265605, 0.601068,
		27.575949, 34.395760, 36.356903>
	pigment { color rgbt <0,1,1,0> }
	no_shadow
}
cylinder {
	<27.674475, 34.089985, 35.556446>,  <27.048309, 34.209835, 35.936153>, 0.130000
	pigment { color rgbt <1,0,0,0> }
	no_shadow
}

// nucleotide -1

// particle -1
sphere {
	<27.674475, 34.089985, 35.556446> 0.250000
	pigment { color rgbt <1,0,0,0> }
	no_shadow
}
cylinder {
	<27.799656, 34.098827, 35.936249>,  <27.874765, 34.104134, 36.164131>, 0.100000
	pigment { color rgbt <1,0,0,0> }
	no_shadow
}
cylinder {
	<27.799656, 34.098827, 35.936249>,  <27.674475, 34.089985, 35.556446>, 0.100000
	pigment { color rgbt <1,0,0,0> }
	no_shadow
}

// particle -1
sphere {
	<27.799656, 34.098827, 35.936249> 0.100000
	pigment { color rgbt <1,0,0,0> }
	no_shadow
}
sphere {
	0, 1
	scale<0.080000,0.200000,0.300000>
	matrix <0.458542, -0.879013, -0.130670,
		0.831745, 0.476285, -0.285225,
		0.312953, 0.022104, 0.949511,
		27.893541, 34.105457, 36.221104>
	pigment { color rgbt <0,1,1,0> }
	no_shadow
}
cylinder {
	<28.397577, 34.070599, 35.525452>,  <27.674475, 34.089985, 35.556446>, 0.130000
	pigment { color rgbt <1,0,0,0> }
	no_shadow
}

// nucleotide -1

// particle -1
sphere {
	<28.397577, 34.070599, 35.525452> 0.250000
	pigment { color rgbt <1,0,0,0> }
	no_shadow
}
cylinder {
	<28.321239, 33.949654, 35.899010>,  <28.275436, 33.877087, 36.123142>, 0.100000
	pigment { color rgbt <1,0,0,0> }
	no_shadow
}
cylinder {
	<28.321239, 33.949654, 35.899010>,  <28.397577, 34.070599, 35.525452>, 0.100000
	pigment { color rgbt <1,0,0,0> }
	no_shadow
}

// particle -1
sphere {
	<28.321239, 33.949654, 35.899010> 0.100000
	pigment { color rgbt <1,0,0,0> }
	no_shadow
}
sphere {
	0, 1
	scale<0.080000,0.200000,0.300000>
	matrix <0.657562, -0.745753, -0.107076,
		0.728828, 0.593656, 0.341148,
		-0.190845, -0.302366, 0.933891,
		28.263987, 33.858944, 36.179176>
	pigment { color rgbt <0,1,1,0> }
	no_shadow
}
cylinder {
	<28.983627, 33.834343, 35.801567>,  <28.397577, 34.070599, 35.525452>, 0.130000
	pigment { color rgbt <1,0,0,0> }
	no_shadow
}

// nucleotide -1

// particle -1
sphere {
	<28.983627, 33.834343, 35.801567> 0.250000
	pigment { color rgbt <1,0,0,0> }
	no_shadow
}
cylinder {
	<28.725410, 33.626991, 36.025906>,  <28.570480, 33.502579, 36.160511>, 0.100000
	pigment { color rgbt <1,0,0,0> }
	no_shadow
}
cylinder {
	<28.725410, 33.626991, 36.025906>,  <28.983627, 33.834343, 35.801567>, 0.100000
	pigment { color rgbt <1,0,0,0> }
	no_shadow
}

// particle -1
sphere {
	<28.725410, 33.626991, 36.025906> 0.100000
	pigment { color rgbt <1,0,0,0> }
	no_shadow
}
sphere {
	0, 1
	scale<0.080000,0.200000,0.300000>
	matrix <0.586458, -0.806882, -0.070768,
		0.489225, 0.283232, 0.824887,
		-0.645543, -0.518383, 0.560850,
		28.531748, 33.471478, 36.194160>
	pigment { color rgbt <0,1,1,0> }
	no_shadow
}
cylinder {
	<29.398710, 33.493145, 36.215485>,  <28.983627, 33.834343, 35.801567>, 0.130000
	pigment { color rgbt <1,0,0,0> }
	no_shadow
}

// nucleotide -1

// particle -1
sphere {
	<29.398710, 33.493145, 36.215485> 0.250000
	pigment { color rgbt <1,0,0,0> }
	no_shadow
}
cylinder {
	<29.070213, 33.285648, 36.310539>,  <28.873116, 33.161152, 36.367573>, 0.100000
	pigment { color rgbt <1,0,0,0> }
	no_shadow
}
cylinder {
	<29.070213, 33.285648, 36.310539>,  <29.398710, 33.493145, 36.215485>, 0.100000
	pigment { color rgbt <1,0,0,0> }
	no_shadow
}

// particle -1
sphere {
	<29.070213, 33.285648, 36.310539> 0.100000
	pigment { color rgbt <1,0,0,0> }
	no_shadow
}
sphere {
	0, 1
	scale<0.080000,0.200000,0.300000>
	matrix <0.570492, -0.753895, 0.325855,
		0.010115, 0.403173, 0.915068,
		-0.821241, -0.518743, 0.237633,
		28.823841, 33.130024, 36.381828>
	pigment { color rgbt <0,1,1,0> }
	no_shadow
}
cylinder {
	<29.629446, 33.057564, 36.777393>,  <29.398710, 33.493145, 36.215485>, 0.130000
	pigment { color rgbt <1,0,0,0> }
	no_shadow
}

// nucleotide -1

// particle -1
sphere {
	<29.629446, 33.057564, 36.777393> 0.250000
	pigment { color rgbt <1,0,0,0> }
	no_shadow
}
cylinder {
	<29.306999, 32.887592, 36.612659>,  <29.113531, 32.785610, 36.513821>, 0.100000
	pigment { color rgbt <1,0,0,0> }
	no_shadow
}
cylinder {
	<29.306999, 32.887592, 36.612659>,  <29.629446, 33.057564, 36.777393>, 0.100000
	pigment { color rgbt <1,0,0,0> }
	no_shadow
}

// particle -1
sphere {
	<29.306999, 32.887592, 36.612659> 0.100000
	pigment { color rgbt <1,0,0,0> }
	no_shadow
}
sphere {
	0, 1
	scale<0.080000,0.200000,0.300000>
	matrix <0.338306, -0.901941, 0.268423,
		-0.485511, 0.077054, 0.870828,
		-0.806119, -0.424929, -0.411835,
		29.065163, 32.760113, 36.489109>
	pigment { color rgbt <0,1,1,0> }
	no_shadow
}
cylinder {
	<29.284883, 32.595615, 37.296383>,  <29.629446, 33.057564, 36.777393>, 0.130000
	pigment { color rgbt <1,0,0,0> }
	no_shadow
}

// nucleotide -1

// particle -1
sphere {
	<29.284883, 32.595615, 37.296383> 0.250000
	pigment { color rgbt <1,0,0,0> }
	no_shadow
}
cylinder {
	<29.160217, 32.486538, 36.932293>,  <29.085419, 32.421089, 36.713840>, 0.100000
	pigment { color rgbt <1,0,0,0> }
	no_shadow
}
cylinder {
	<29.160217, 32.486538, 36.932293>,  <29.284883, 32.595615, 37.296383>, 0.100000
	pigment { color rgbt <1,0,0,0> }
	no_shadow
}

// particle -1
sphere {
	<29.160217, 32.486538, 36.932293> 0.100000
	pigment { color rgbt <1,0,0,0> }
	no_shadow
}
sphere {
	0, 1
	scale<0.080000,0.200000,0.300000>
	matrix <0.138962, -0.960715, 0.240245,
		-0.939976, -0.051610, 0.337315,
		-0.311664, -0.272698, -0.910221,
		29.066719, 32.404728, 36.659225>
	pigment { color rgbt <0,1,1,0> }
	no_shadow
}
cylinder {
	<28.901421, 32.010384, 37.456844>,  <29.284883, 32.595615, 37.296383>, 0.130000
	pigment { color rgbt <1,0,0,0> }
	no_shadow
}

// nucleotide -1

// particle -1
sphere {
	<28.901421, 32.010384, 37.456844> 0.250000
	pigment { color rgbt <1,0,0,0> }
	no_shadow
}
cylinder {
	<28.972916, 31.975876, 37.064800>,  <29.015812, 31.955170, 36.829575>, 0.100000
	pigment { color rgbt <1,0,0,0> }
	no_shadow
}
cylinder {
	<28.972916, 31.975876, 37.064800>,  <28.901421, 32.010384, 37.456844>, 0.100000
	pigment { color rgbt <1,0,0,0> }
	no_shadow
}

// particle -1
sphere {
	<28.972916, 31.975876, 37.064800> 0.100000
	pigment { color rgbt <1,0,0,0> }
	no_shadow
}
sphere {
	0, 1
	scale<0.080000,0.200000,0.300000>
	matrix <0.060602, -0.993292, 0.098484,
		-0.982029, -0.076999, -0.172308,
		0.178736, -0.086272, -0.980108,
		29.026537, 31.949995, 36.770767>
	pigment { color rgbt <0,1,1,0> }
	no_shadow
}
cylinder {
	<28.481710, 31.406889, 37.220371>,  <28.901421, 32.010384, 37.456844>, 0.130000
	pigment { color rgbt <1,0,0,0> }
	no_shadow
}

// nucleotide -1

// particle -1
sphere {
	<28.481710, 31.406889, 37.220371> 0.250000
	pigment { color rgbt <1,0,0,0> }
	no_shadow
}
cylinder {
	<28.758762, 31.469339, 36.938694>,  <28.924994, 31.506809, 36.769688>, 0.100000
	pigment { color rgbt <1,0,0,0> }
	no_shadow
}
cylinder {
	<28.758762, 31.469339, 36.938694>,  <28.481710, 31.406889, 37.220371>, 0.100000
	pigment { color rgbt <1,0,0,0> }
	no_shadow
}

// particle -1
sphere {
	<28.758762, 31.469339, 36.938694> 0.100000
	pigment { color rgbt <1,0,0,0> }
	no_shadow
}
sphere {
	0, 1
	scale<0.080000,0.200000,0.300000>
	matrix <0.198625, -0.979831, -0.021874,
		-0.693404, -0.124719, -0.709673,
		0.692632, 0.156126, -0.704191,
		28.966553, 31.516176, 36.727436>
	pigment { color rgbt <0,1,1,0> }
	no_shadow
}
cylinder {
	<28.197155, 30.966461, 36.637119>,  <28.481710, 31.406889, 37.220371>, 0.130000
	pigment { color rgbt <1,0,0,0> }
	no_shadow
}

// nucleotide -1

// particle -1
sphere {
	<28.197155, 30.966461, 36.637119> 0.250000
	pigment { color rgbt <1,0,0,0> }
	no_shadow
}
cylinder {
	<28.590513, 31.008133, 36.577682>,  <28.826529, 31.033136, 36.542019>, 0.100000
	pigment { color rgbt <1,0,0,0> }
	no_shadow
}
cylinder {
	<28.590513, 31.008133, 36.577682>,  <28.197155, 30.966461, 36.637119>, 0.100000
	pigment { color rgbt <1,0,0,0> }
	no_shadow
}

// particle -1
sphere {
	<28.590513, 31.008133, 36.577682> 0.100000
	pigment { color rgbt <1,0,0,0> }
	no_shadow
}
sphere {
	0, 1
	scale<0.080000,0.200000,0.300000>
	matrix <0.130195, -0.975425, 0.177751,
		-0.126425, -0.194146, -0.972792,
		0.983395, 0.104180, -0.148594,
		28.885532, 31.039387, 36.533104>
	pigment { color rgbt <0,1,1,0> }
	no_shadow
}
cylinder {
	<28.364561, 30.402874, 36.165756>,  <28.197155, 30.966461, 36.637119>, 0.130000
	pigment { color rgbt <1,0,0,0> }
	no_shadow
}

// nucleotide -1

// particle -1
sphere {
	<28.364561, 30.402874, 36.165756> 0.250000
	pigment { color rgbt <1,0,0,0> }
	no_shadow
}
cylinder {
	<28.716902, 30.507160, 36.323807>,  <28.928307, 30.569733, 36.418636>, 0.100000
	pigment { color rgbt <1,0,0,0> }
	no_shadow
}
cylinder {
	<28.716902, 30.507160, 36.323807>,  <28.364561, 30.402874, 36.165756>, 0.100000
	pigment { color rgbt <1,0,0,0> }
	no_shadow
}

// particle -1
sphere {
	<28.716902, 30.507160, 36.323807> 0.100000
	pigment { color rgbt <1,0,0,0> }
	no_shadow
}
sphere {
	0, 1
	scale<0.080000,0.200000,0.300000>
	matrix <0.233548, -0.965362, 0.116327,
		0.411771, -0.010186, -0.911230,
		0.880852, 0.260716, 0.395129,
		28.981157, 30.585375, 36.442345>
	pigment { color rgbt <0,1,1,0> }
	no_shadow
}
cylinder {
	<28.855211, 29.970863, 35.737396>,  <28.364561, 30.402874, 36.165756>, 0.130000
	pigment { color rgbt <1,0,0,0> }
	no_shadow
}

// nucleotide -1

// particle -1
sphere {
	<28.855211, 29.970863, 35.737396> 0.250000
	pigment { color rgbt <1,0,0,0> }
	no_shadow
}
cylinder {
	<29.031862, 30.095387, 36.073978>,  <29.137854, 30.170101, 36.275928>, 0.100000
	pigment { color rgbt <1,0,0,0> }
	no_shadow
}
cylinder {
	<29.031862, 30.095387, 36.073978>,  <28.855211, 29.970863, 35.737396>, 0.100000
	pigment { color rgbt <1,0,0,0> }
	no_shadow
}

// particle -1
sphere {
	<29.031862, 30.095387, 36.073978> 0.100000
	pigment { color rgbt <1,0,0,0> }
	no_shadow
}
sphere {
	0, 1
	scale<0.080000,0.200000,0.300000>
	matrix <0.297551, -0.935613, 0.189978,
		0.846421, 0.166477, -0.505824,
		0.441628, 0.311310, 0.841457,
		29.164351, 30.188780, 36.326416>
	pigment { color rgbt <0,1,1,0> }
	no_shadow
}
cylinder {
	<29.602949, 29.713673, 35.910450>,  <28.855211, 29.970863, 35.737396>, 0.130000
	pigment { color rgbt <1,0,0,0> }
	no_shadow
}

// nucleotide -1

// particle -1
sphere {
	<29.602949, 29.713673, 35.910450> 0.250000
	pigment { color rgbt <1,0,0,0> }
	no_shadow
}
cylinder {
	<29.445244, 29.787771, 36.270504>,  <29.350620, 29.832230, 36.486538>, 0.100000
	pigment { color rgbt <1,0,0,0> }
	no_shadow
}
cylinder {
	<29.445244, 29.787771, 36.270504>,  <29.602949, 29.713673, 35.910450>, 0.100000
	pigment { color rgbt <1,0,0,0> }
	no_shadow
}

// particle -1
sphere {
	<29.445244, 29.787771, 36.270504> 0.100000
	pigment { color rgbt <1,0,0,0> }
	no_shadow
}
sphere {
	0, 1
	scale<0.080000,0.200000,0.300000>
	matrix <0.386006, -0.855502, 0.345133,
		0.834000, 0.483530, 0.265787,
		-0.394263, 0.185245, 0.900134,
		29.326965, 29.843346, 36.540543>
	pigment { color rgbt <0,1,1,0> }
	no_shadow
}
cylinder {
	<29.773996, 29.100439, 36.291721>,  <29.602949, 29.713673, 35.910450>, 0.130000
	pigment { color rgbt <1,0,0,0> }
	no_shadow
}

// nucleotide -1

// particle -1
sphere {
	<29.773996, 29.100439, 36.291721> 0.250000
	pigment { color rgbt <1,0,0,0> }
	no_shadow
}
cylinder {
	<29.586933, 29.293903, 36.587658>,  <29.474695, 29.409983, 36.765221>, 0.100000
	pigment { color rgbt <1,0,0,0> }
	no_shadow
}
cylinder {
	<29.586933, 29.293903, 36.587658>,  <29.773996, 29.100439, 36.291721>, 0.100000
	pigment { color rgbt <1,0,0,0> }
	no_shadow
}

// particle -1
sphere {
	<29.586933, 29.293903, 36.587658> 0.100000
	pigment { color rgbt <1,0,0,0> }
	no_shadow
}
sphere {
	0, 1
	scale<0.080000,0.200000,0.300000>
	matrix <-0.047911, -0.849653, 0.525162,
		0.882611, 0.210149, 0.420518,
		-0.467656, 0.483661, 0.739844,
		29.446636, 29.439001, 36.809612>
	pigment { color rgbt <0,1,1,0> }
	no_shadow
}
cylinder {
	<30.167027, 28.923010, 36.836761>,  <29.773996, 29.100439, 36.291721>, 0.130000
	pigment { color rgbt <1,0,0,0> }
	no_shadow
}

// nucleotide -1

// particle -1
sphere {
	<30.167027, 28.923010, 36.836761> 0.250000
	pigment { color rgbt <1,0,0,0> }
	no_shadow
}
cylinder {
	<29.813631, 29.044319, 36.979576>,  <29.601593, 29.117104, 37.065266>, 0.100000
	pigment { color rgbt <1,0,0,0> }
	no_shadow
}
cylinder {
	<29.813631, 29.044319, 36.979576>,  <30.167027, 28.923010, 36.836761>, 0.100000
	pigment { color rgbt <1,0,0,0> }
	no_shadow
}

// particle -1
sphere {
	<29.813631, 29.044319, 36.979576> 0.100000
	pigment { color rgbt <1,0,0,0> }
	no_shadow
}
sphere {
	0, 1
	scale<0.080000,0.200000,0.300000>
	matrix <0.039269, -0.711531, 0.701557,
		0.466804, 0.633838, 0.616720,
		-0.883489, 0.303271, 0.357035,
		29.548584, 29.135300, 37.086685>
	pigment { color rgbt <0,1,1,0> }
	no_shadow
}
cylinder {
	<30.214342, 28.935202, 37.523228>,  <30.167027, 28.923010, 36.836761>, 0.130000
	pigment { color rgbt <1,0,0,0> }
	no_shadow
}

// nucleotide -1

// particle -1
sphere {
	<30.214342, 28.935202, 37.523228> 0.250000
	pigment { color rgbt <1,0,0,0> }
	no_shadow
}
cylinder {
	<29.815735, 28.914261, 37.497272>,  <29.576571, 28.901697, 37.481697>, 0.100000
	pigment { color rgbt <1,0,0,0> }
	no_shadow
}
cylinder {
	<29.815735, 28.914261, 37.497272>,  <30.214342, 28.935202, 37.523228>, 0.100000
	pigment { color rgbt <1,0,0,0> }
	no_shadow
}

// particle -1
sphere {
	<29.815735, 28.914261, 37.497272> 0.100000
	pigment { color rgbt <1,0,0,0> }
	no_shadow
}
sphere {
	0, 1
	scale<0.080000,0.200000,0.300000>
	matrix <-0.005145, -0.738203, 0.674559,
		-0.083218, 0.672544, 0.735363,
		-0.996518, -0.052352, -0.064892,
		29.516779, 28.898556, 37.477806>
	pigment { color rgbt <0,1,1,0> }
	no_shadow
}
cylinder {
	<29.941521, 28.786108, 38.197628>,  <30.214342, 28.935202, 37.523228>, 0.130000
	pigment { color rgbt <1,0,0,0> }
	no_shadow
}

// nucleotide -1

// particle -1
sphere {
	<29.941521, 28.786108, 38.197628> 0.250000
	pigment { color rgbt <1,0,0,0> }
	no_shadow
}
cylinder {
	<29.626865, 28.688046, 37.970966>,  <29.438072, 28.629208, 37.834969>, 0.100000
	pigment { color rgbt <1,0,0,0> }
	no_shadow
}
cylinder {
	<29.626865, 28.688046, 37.970966>,  <29.941521, 28.786108, 38.197628>, 0.100000
	pigment { color rgbt <1,0,0,0> }
	no_shadow
}

// particle -1
sphere {
	<29.626865, 28.688046, 37.970966> 0.100000
	pigment { color rgbt <1,0,0,0> }
	no_shadow
}
sphere {
	0, 1
	scale<0.080000,0.200000,0.300000>
	matrix <-0.245932, -0.717418, 0.651789,
		-0.566320, 0.652081, 0.504056,
		-0.786638, -0.245158, -0.566655,
		29.390875, 28.614498, 37.800968>
	pigment { color rgbt <0,1,1,0> }
	no_shadow
}
cylinder {
	<29.417402, 28.751207, 38.614510>,  <29.941521, 28.786108, 38.197628>, 0.130000
	pigment { color rgbt <1,0,0,0> }
	no_shadow
}

// nucleotide -1

// particle -1
sphere {
	<29.417402, 28.751207, 38.614510> 0.250000
	pigment { color rgbt <1,0,0,0> }
	no_shadow
}
cylinder {
	<29.299761, 28.535946, 38.298561>,  <29.229176, 28.406790, 38.108994>, 0.100000
	pigment { color rgbt <1,0,0,0> }
	no_shadow
}
cylinder {
	<29.299761, 28.535946, 38.298561>,  <29.417402, 28.751207, 38.614510>, 0.100000
	pigment { color rgbt <1,0,0,0> }
	no_shadow
}

// particle -1
sphere {
	<29.299761, 28.535946, 38.298561> 0.100000
	pigment { color rgbt <1,0,0,0> }
	no_shadow
}
sphere {
	0, 1
	scale<0.080000,0.200000,0.300000>
	matrix <-0.096559, -0.805461, 0.584729,
		-0.950883, 0.248241, 0.184927,
		-0.294105, -0.538153, -0.789869,
		29.211529, 28.374500, 38.061600>
	pigment { color rgbt <0,1,1,0> }
	no_shadow
}
cylinder {
	<28.862541, 28.276180, 38.917862>,  <29.417402, 28.751207, 38.614510>, 0.130000
	pigment { color rgbt <1,0,0,0> }
	no_shadow
}

// nucleotide -1

// particle -1
sphere {
	<28.862541, 28.276180, 38.917862> 0.250000
	pigment { color rgbt <1,0,0,0> }
	no_shadow
}
cylinder {
	<28.989309, 28.135406, 38.565567>,  <29.065371, 28.050941, 38.354191>, 0.100000
	pigment { color rgbt <1,0,0,0> }
	no_shadow
}
cylinder {
	<28.989309, 28.135406, 38.565567>,  <28.862541, 28.276180, 38.917862>, 0.100000
	pigment { color rgbt <1,0,0,0> }
	no_shadow
}

// particle -1
sphere {
	<28.989309, 28.135406, 38.565567> 0.100000
	pigment { color rgbt <1,0,0,0> }
	no_shadow
}
sphere {
	0, 1
	scale<0.080000,0.200000,0.300000>
	matrix <-0.036413, -0.932438, 0.359490,
		-0.947753, -0.081859, -0.308322,
		0.316919, -0.351935, -0.880741,
		29.084385, 28.029825, 38.301346>
	pigment { color rgbt <0,1,1,0> }
	no_shadow
}
cylinder {
	<28.531918, 27.547989, 38.770130>,  <28.862541, 28.276180, 38.917862>, 0.130000
	pigment { color rgbt <1,0,0,0> }
	no_shadow
}

// nucleotide -1

// particle -1
sphere {
	<28.531918, 27.547989, 38.770130> 0.250000
	pigment { color rgbt <1,0,0,0> }
	no_shadow
}
cylinder {
	<28.879896, 27.576860, 38.574997>,  <29.088684, 27.594183, 38.457916>, 0.100000
	pigment { color rgbt <1,0,0,0> }
	no_shadow
}
cylinder {
	<28.879896, 27.576860, 38.574997>,  <28.531918, 27.547989, 38.770130>, 0.100000
	pigment { color rgbt <1,0,0,0> }
	no_shadow
}

// particle -1
sphere {
	<28.879896, 27.576860, 38.574997> 0.100000
	pigment { color rgbt <1,0,0,0> }
	no_shadow
}
sphere {
	0, 1
	scale<0.080000,0.200000,0.300000>
	matrix <0.115811, -0.991468, 0.059824,
		-0.479350, -0.108540, -0.870886,
		0.869949, 0.072181, -0.487831,
		29.140881, 27.598515, 38.428646>
	pigment { color rgbt <0,1,1,0> }
	no_shadow
}
cylinder {
	<28.518538, 26.973673, 38.276993>,  <28.531918, 27.547989, 38.770130>, 0.130000
	pigment { color rgbt <1,0,0,0> }
	no_shadow
}

// nucleotide -1

// particle -1
sphere {
	<28.518538, 26.973673, 38.276993> 0.250000
	pigment { color rgbt <1,0,0,0> }
	no_shadow
}
cylinder {
	<28.883112, 27.090252, 38.393158>,  <29.101856, 27.160200, 38.462856>, 0.100000
	pigment { color rgbt <1,0,0,0> }
	no_shadow
}
cylinder {
	<28.883112, 27.090252, 38.393158>,  <28.518538, 26.973673, 38.276993>, 0.100000
	pigment { color rgbt <1,0,0,0> }
	no_shadow
}

// particle -1
sphere {
	<28.883112, 27.090252, 38.393158> 0.100000
	pigment { color rgbt <1,0,0,0> }
	no_shadow
}
sphere {
	0, 1
	scale<0.080000,0.200000,0.300000>
	matrix <0.189091, -0.923606, 0.333460,
		0.365412, -0.249015, -0.896920,
		0.911438, 0.291450, 0.290410,
		29.156544, 27.177687, 38.480282>
	pigment { color rgbt <0,1,1,0> }
	no_shadow
}
cylinder {
	<27.729465, 26.822332, 38.414185>,  <28.518538, 26.973673, 38.276993>, 0.130000
	pigment { color rgbt <1,0,0,0> }
	no_shadow
}

// nucleotide -1

// particle -1
sphere {
	<27.729465, 26.822332, 38.414185> 0.250000
	pigment { color rgbt <1,0,0,0> }
	no_shadow
}
cylinder {
	<27.859468, 27.127399, 38.190502>,  <27.937469, 27.310440, 38.056293>, 0.100000
	pigment { color rgbt <1,0,0,0> }
	no_shadow
}
cylinder {
	<27.859468, 27.127399, 38.190502>,  <27.729465, 26.822332, 38.414185>, 0.100000
	pigment { color rgbt <1,0,0,0> }
	no_shadow
}

// particle -1
sphere {
	<27.859468, 27.127399, 38.190502> 0.100000
	pigment { color rgbt <1,0,0,0> }
	no_shadow
}
sphere {
	0, 1
	scale<0.080000,0.200000,0.300000>
	matrix <-0.738564, -0.164626, -0.653775,
		-0.590673, 0.625488, 0.509775,
		0.325006, 0.762669, -0.559203,
		27.956970, 27.356199, 38.022743>
	pigment { color rgbt <0,1,1,0> }
	no_shadow
}
cylinder {
	<27.112690, 27.209627, 38.209938>,  <27.729465, 26.822332, 38.414185>, 0.130000
	pigment { color rgbt <1,0,0,0> }
	no_shadow
}

// nucleotide -1

// particle -1
sphere {
	<27.112690, 27.209627, 38.209938> 0.250000
	pigment { color rgbt <1,0,0,0> }
	no_shadow
}
cylinder {
	<27.426107, 27.263079, 37.967220>,  <27.614159, 27.295149, 37.821590>, 0.100000
	pigment { color rgbt <1,0,0,0> }
	no_shadow
}
cylinder {
	<27.426107, 27.263079, 37.967220>,  <27.112690, 27.209627, 38.209938>, 0.100000
	pigment { color rgbt <1,0,0,0> }
	no_shadow
}

// particle -1
sphere {
	<27.426107, 27.263079, 37.967220> 0.100000
	pigment { color rgbt <1,0,0,0> }
	no_shadow
}
sphere {
	0, 1
	scale<0.080000,0.200000,0.300000>
	matrix <-0.612213, -0.000691, -0.790693,
		-0.106079, 0.991031, 0.081268,
		0.783545, 0.133629, -0.606795,
		27.661171, 27.303167, 37.785183>
	pigment { color rgbt <0,1,1,0> }
	no_shadow
}
cylinder {
	<27.110422, 27.868076, 38.044384>,  <27.112690, 27.209627, 38.209938>, 0.130000
	pigment { color rgbt <1,0,0,0> }
	no_shadow
}

// nucleotide -1

// particle -1
sphere {
	<27.110422, 27.868076, 38.044384> 0.250000
	pigment { color rgbt <1,0,0,0> }
	no_shadow
}
cylinder {
	<27.245337, 27.635935, 37.747890>,  <27.326284, 27.496651, 37.569996>, 0.100000
	pigment { color rgbt <1,0,0,0> }
	no_shadow
}
cylinder {
	<27.245337, 27.635935, 37.747890>,  <27.110422, 27.868076, 38.044384>, 0.100000
	pigment { color rgbt <1,0,0,0> }
	no_shadow
}

// particle -1
sphere {
	<27.245337, 27.635935, 37.747890> 0.100000
	pigment { color rgbt <1,0,0,0> }
	no_shadow
}
sphere {
	0, 1
	scale<0.080000,0.200000,0.300000>
	matrix <-0.659140, 0.416581, -0.626095,
		0.672140, 0.699751, -0.242027,
		0.337286, -0.580353, -0.741235,
		27.346523, 27.461828, 37.525520>
	pigment { color rgbt <0,1,1,0> }
	no_shadow
}
cylinder {
	<26.964685, 28.263531, 38.711132>,  <27.110422, 27.868076, 38.044384>, 0.130000
	pigment { color rgbt <1,0,0,0> }
	no_shadow
}

// nucleotide -1

// particle -1
sphere {
	<26.964685, 28.263531, 38.711132> 0.250000
	pigment { color rgbt <1,0,0,0> }
	no_shadow
}
cylinder {
	<27.243954, 28.415438, 38.468369>,  <27.411514, 28.506582, 38.322712>, 0.100000
	pigment { color rgbt <1,0,0,0> }
	no_shadow
}
cylinder {
	<27.243954, 28.415438, 38.468369>,  <26.964685, 28.263531, 38.711132>, 0.100000
	pigment { color rgbt <1,0,0,0> }
	no_shadow
}

// particle -1
sphere {
	<27.243954, 28.415438, 38.468369> 0.100000
	pigment { color rgbt <1,0,0,0> }
	no_shadow
}
sphere {
	0, 1
	scale<0.080000,0.200000,0.300000>
	matrix <0.644765, -0.701999, 0.302450,
		-0.311188, -0.602474, -0.734974,
		0.698169, 0.379766, -0.606908,
		27.453405, 28.529367, 38.286297>
	pigment { color rgbt <0,1,1,0> }
	no_shadow
}
cylinder {
	<26.922813, 28.267279, 39.377876>,  <26.964685, 28.263531, 38.711132>, 0.130000
	pigment { color rgbt <1,0,0,0> }
	no_shadow
}

// nucleotide -1

// particle -1
sphere {
	<26.922813, 28.267279, 39.377876> 0.250000
	pigment { color rgbt <1,0,0,0> }
	no_shadow
}
cylinder {
	<26.802601, 27.886353, 39.398949>,  <26.730473, 27.657797, 39.411594>, 0.100000
	pigment { color rgbt <1,0,0,0> }
	no_shadow
}
cylinder {
	<26.802601, 27.886353, 39.398949>,  <26.922813, 28.267279, 39.377876>, 0.100000
	pigment { color rgbt <1,0,0,0> }
	no_shadow
}

// particle -1
sphere {
	<26.802601, 27.886353, 39.398949> 0.100000
	pigment { color rgbt <1,0,0,0> }
	no_shadow
}
sphere {
	0, 1
	scale<0.080000,0.200000,0.300000>
	matrix <0.123375, 0.015959, 0.992232,
		-0.945759, 0.304697, 0.112696,
		-0.300532, -0.952316, 0.052685,
		26.712440, 27.600658, 39.414753>
	pigment { color rgbt <0,1,1,0> }
	no_shadow
}
cylinder {
	<26.223501, 28.288132, 39.488789>,  <26.922813, 28.267279, 39.377876>, 0.130000
	pigment { color rgbt <1,0,0,0> }
	no_shadow
}

// nucleotide -1

// particle -1
sphere {
	<26.223501, 28.288132, 39.488789> 0.250000
	pigment { color rgbt <1,0,0,0> }
	no_shadow
}
cylinder {
	<26.420015, 27.972958, 39.637272>,  <26.537924, 27.783854, 39.726364>, 0.100000
	pigment { color rgbt <1,0,0,0> }
	no_shadow
}
cylinder {
	<26.420015, 27.972958, 39.637272>,  <26.223501, 28.288132, 39.488789>, 0.100000
	pigment { color rgbt <1,0,0,0> }
	no_shadow
}

// particle -1
sphere {
	<26.420015, 27.972958, 39.637272> 0.100000
	pigment { color rgbt <1,0,0,0> }
	no_shadow
}
sphere {
	0, 1
	scale<0.080000,0.200000,0.300000>
	matrix <-0.358346, 0.205601, 0.910668,
		-0.793868, -0.580421, -0.181345,
		0.491286, -0.787934, 0.371211,
		26.567402, 27.736578, 39.748634>
	pigment { color rgbt <0,1,1,0> }
	no_shadow
}
cylinder {
	<25.818062, 27.790754, 39.996300>,  <26.223501, 28.288132, 39.488789>, 0.130000
	pigment { color rgbt <1,0,0,0> }
	no_shadow
}

// nucleotide -1

// particle -1
sphere {
	<25.818062, 27.790754, 39.996300> 0.250000
	pigment { color rgbt <1,0,0,0> }
	no_shadow
}
cylinder {
	<26.200003, 27.821779, 40.111012>,  <26.429167, 27.840395, 40.179840>, 0.100000
	pigment { color rgbt <1,0,0,0> }
	no_shadow
}
cylinder {
	<26.200003, 27.821779, 40.111012>,  <25.818062, 27.790754, 39.996300>, 0.100000
	pigment { color rgbt <1,0,0,0> }
	no_shadow
}

// particle -1
sphere {
	<26.200003, 27.821779, 40.111012> 0.100000
	pigment { color rgbt <1,0,0,0> }
	no_shadow
}
sphere {
	0, 1
	scale<0.080000,0.200000,0.300000>
	matrix <-0.249229, 0.734530, 0.631150,
		-0.161696, -0.674128, 0.720698,
		0.954851, 0.077564, 0.286784,
		26.486458, 27.845049, 40.197048>
	pigment { color rgbt <0,1,1,0> }
	no_shadow
}
cylinder {
	<25.923805, 28.022144, 40.813572>,  <25.818062, 27.790754, 39.996300>, 0.130000
	pigment { color rgbt <1,0,0,0> }
	no_shadow
}

// nucleotide -1

// particle -1
sphere {
	<25.923805, 28.022144, 40.813572> 0.250000
	pigment { color rgbt <1,0,0,0> }
	no_shadow
}
cylinder {
	<26.269804, 28.110825, 40.633514>,  <26.477404, 28.164034, 40.525482>, 0.100000
	pigment { color rgbt <1,0,0,0> }
	no_shadow
}
cylinder {
	<26.269804, 28.110825, 40.633514>,  <25.923805, 28.022144, 40.813572>, 0.100000
	pigment { color rgbt <1,0,0,0> }
	no_shadow
}

// particle -1
sphere {
	<26.269804, 28.110825, 40.633514> 0.100000
	pigment { color rgbt <1,0,0,0> }
	no_shadow
}
sphere {
	0, 1
	scale<0.080000,0.200000,0.300000>
	matrix <0.054413, 0.850361, 0.523379,
		0.498816, -0.477215, 0.723497,
		0.864998, 0.221702, -0.450141,
		26.529303, 28.177336, 40.498470>
	pigment { color rgbt <0,1,1,0> }
	no_shadow
}
cylinder {
	<26.329990, 28.414507, 41.288017>,  <25.923805, 28.022144, 40.813572>, 0.130000
	pigment { color rgbt <1,0,0,0> }
	no_shadow
}

// nucleotide -1

// particle -1
sphere {
	<26.329990, 28.414507, 41.288017> 0.250000
	pigment { color rgbt <1,0,0,0> }
	no_shadow
}
cylinder {
	<26.515203, 28.504028, 40.944969>,  <26.626331, 28.557741, 40.739140>, 0.100000
	pigment { color rgbt <1,0,0,0> }
	no_shadow
}
cylinder {
	<26.515203, 28.504028, 40.944969>,  <26.329990, 28.414507, 41.288017>, 0.100000
	pigment { color rgbt <1,0,0,0> }
	no_shadow
}

// particle -1
sphere {
	<26.515203, 28.504028, 40.944969> 0.100000
	pigment { color rgbt <1,0,0,0> }
	no_shadow
}
sphere {
	0, 1
	scale<0.080000,0.200000,0.300000>
	matrix <0.223825, 0.906711, 0.357460,
		0.857615, -0.357473, 0.369744,
		0.463033, 0.223805, -0.857620,
		26.654114, 28.571171, 40.687683>
	pigment { color rgbt <0,1,1,0> }
	no_shadow
}
cylinder {
	<26.951881, 28.826885, 41.646431>,  <26.329990, 28.414507, 41.288017>, 0.130000
	pigment { color rgbt <1,0,0,0> }
	no_shadow
}

// nucleotide -1

// particle -1
sphere {
	<26.951881, 28.826885, 41.646431> 0.250000
	pigment { color rgbt <1,0,0,0> }
	no_shadow
}
cylinder {
	<26.940748, 28.882261, 41.250439>,  <26.934069, 28.915487, 41.012844>, 0.100000
	pigment { color rgbt <1,0,0,0> }
	no_shadow
}
cylinder {
	<26.940748, 28.882261, 41.250439>,  <26.951881, 28.826885, 41.646431>, 0.100000
	pigment { color rgbt <1,0,0,0> }
	no_shadow
}

// particle -1
sphere {
	<26.940748, 28.882261, 41.250439> 0.100000
	pigment { color rgbt <1,0,0,0> }
	no_shadow
}
sphere {
	0, 1
	scale<0.080000,0.200000,0.300000>
	matrix <0.344818, 0.930905, 0.120486,
		0.938257, -0.338009, -0.073646,
		-0.027832, 0.138442, -0.989979,
		26.932398, 28.923794, 40.953445>
	pigment { color rgbt <0,1,1,0> }
	no_shadow
}
cylinder {
	<27.598467, 29.177654, 41.336693>,  <26.951881, 28.826885, 41.646431>, 0.130000
	pigment { color rgbt <1,0,0,0> }
	no_shadow
}

// nucleotide -1

// particle -1
sphere {
	<27.598467, 29.177654, 41.336693> 0.250000
	pigment { color rgbt <1,0,0,0> }
	no_shadow
}
cylinder {
	<27.324593, 29.253334, 41.055149>,  <27.160269, 29.298742, 40.886223>, 0.100000
	pigment { color rgbt <1,0,0,0> }
	no_shadow
}
cylinder {
	<27.324593, 29.253334, 41.055149>,  <27.598467, 29.177654, 41.336693>, 0.100000
	pigment { color rgbt <1,0,0,0> }
	no_shadow
}

// particle -1
sphere {
	<27.324593, 29.253334, 41.055149> 0.100000
	pigment { color rgbt <1,0,0,0> }
	no_shadow
}
sphere {
	0, 1
	scale<0.080000,0.200000,0.300000>
	matrix <0.226989, 0.973044, 0.040753,
		0.692592, -0.131864, -0.709174,
		-0.684684, 0.189200, -0.703855,
		27.119186, 29.310095, 40.843994>
	pigment { color rgbt <0,1,1,0> }
	no_shadow
}
cylinder {
	<27.964024, 29.574831, 40.784065>,  <27.598467, 29.177654, 41.336693>, 0.130000
	pigment { color rgbt <1,0,0,0> }
	no_shadow
}

// nucleotide -1

// particle -1
sphere {
	<27.964024, 29.574831, 40.784065> 0.250000
	pigment { color rgbt <1,0,0,0> }
	no_shadow
}
cylinder {
	<27.575611, 29.668497, 40.765038>,  <27.342564, 29.724697, 40.753620>, 0.100000
	pigment { color rgbt <1,0,0,0> }
	no_shadow
}
cylinder {
	<27.575611, 29.668497, 40.765038>,  <27.964024, 29.574831, 40.784065>, 0.100000
	pigment { color rgbt <1,0,0,0> }
	no_shadow
}

// particle -1
sphere {
	<27.575611, 29.668497, 40.765038> 0.100000
	pigment { color rgbt <1,0,0,0> }
	no_shadow
}
sphere {
	0, 1
	scale<0.080000,0.200000,0.300000>
	matrix <0.237596, 0.967356, -0.088155,
		0.025375, -0.096904, -0.994970,
		-0.971033, 0.234164, -0.047571,
		27.284302, 29.738747, 40.750767>
	pigment { color rgbt <0,1,1,0> }
	no_shadow
}
cylinder {
	<27.924911, 29.938807, 40.219574>,  <27.964024, 29.574831, 40.784065>, 0.130000
	pigment { color rgbt <1,0,0,0> }
	no_shadow
}

// nucleotide -1

// particle -1
sphere {
	<27.924911, 29.938807, 40.219574> 0.250000
	pigment { color rgbt <1,0,0,0> }
	no_shadow
}
cylinder {
	<27.579473, 30.032764, 40.398022>,  <27.372210, 30.089138, 40.505093>, 0.100000
	pigment { color rgbt <1,0,0,0> }
	no_shadow
}
cylinder {
	<27.579473, 30.032764, 40.398022>,  <27.924911, 29.938807, 40.219574>, 0.100000
	pigment { color rgbt <1,0,0,0> }
	no_shadow
}

// particle -1
sphere {
	<27.579473, 30.032764, 40.398022> 0.100000
	pigment { color rgbt <1,0,0,0> }
	no_shadow
}
sphere {
	0, 1
	scale<0.080000,0.200000,0.300000>
	matrix <0.194644, 0.971572, -0.134765,
		-0.465097, -0.029547, -0.884767,
		-0.863596, 0.234894, 0.446123,
		27.320395, 30.103233, 40.531860>
	pigment { color rgbt <0,1,1,0> }
	no_shadow
}
cylinder {
	<27.470255, 30.395378, 39.766087>,  <27.924911, 29.938807, 40.219574>, 0.130000
	pigment { color rgbt <1,0,0,0> }
	no_shadow
}

// nucleotide -1

// particle -1
sphere {
	<27.470255, 30.395378, 39.766087> 0.250000
	pigment { color rgbt <1,0,0,0> }
	no_shadow
}
cylinder {
	<27.362663, 30.468197, 40.144402>,  <27.298109, 30.511889, 40.371391>, 0.100000
	pigment { color rgbt <1,0,0,0> }
	no_shadow
}
cylinder {
	<27.362663, 30.468197, 40.144402>,  <27.470255, 30.395378, 39.766087>, 0.100000
	pigment { color rgbt <1,0,0,0> }
	no_shadow
}

// particle -1
sphere {
	<27.362663, 30.468197, 40.144402> 0.100000
	pigment { color rgbt <1,0,0,0> }
	no_shadow
}
sphere {
	0, 1
	scale<0.080000,0.200000,0.300000>
	matrix <0.154835, 0.977376, -0.144092,
		-0.950620, 0.107684, -0.291078,
		-0.268976, 0.182046, 0.945786,
		27.281971, 30.522810, 40.428139>
	pigment { color rgbt <0,1,1,0> }
	no_shadow
}
cylinder {
	<27.183933, 31.075094, 39.644558>,  <27.470255, 30.395378, 39.766087>, 0.130000
	pigment { color rgbt <1,0,0,0> }
	no_shadow
}

// nucleotide -1

// particle -1
sphere {
	<27.183933, 31.075094, 39.644558> 0.250000
	pigment { color rgbt <1,0,0,0> }
	no_shadow
}
cylinder {
	<27.229946, 31.025518, 40.038799>,  <27.257553, 30.995773, 40.275345>, 0.100000
	pigment { color rgbt <1,0,0,0> }
	no_shadow
}
cylinder {
	<27.229946, 31.025518, 40.038799>,  <27.183933, 31.075094, 39.644558>, 0.100000
	pigment { color rgbt <1,0,0,0> }
	no_shadow
}

// particle -1
sphere {
	<27.229946, 31.025518, 40.038799> 0.100000
	pigment { color rgbt <1,0,0,0> }
	no_shadow
}
sphere {
	0, 1
	scale<0.080000,0.200000,0.300000>
	matrix <0.016464, 0.992287, 0.122861,
		-0.993226, 0.002095, 0.116184,
		0.115031, -0.123941, 0.985600,
		27.264456, 30.988337, 40.334480>
	pigment { color rgbt <0,1,1,0> }
	no_shadow
}
cylinder {
	<26.812859, 31.556025, 39.971039>,  <27.183933, 31.075094, 39.644558>, 0.130000
	pigment { color rgbt <1,0,0,0> }
	no_shadow
}

// nucleotide -1

// particle -1
sphere {
	<26.812859, 31.556025, 39.971039> 0.250000
	pigment { color rgbt <1,0,0,0> }
	no_shadow
}
cylinder {
	<27.058584, 31.462648, 40.272537>,  <27.206018, 31.406624, 40.453434>, 0.100000
	pigment { color rgbt <1,0,0,0> }
	no_shadow
}
cylinder {
	<27.058584, 31.462648, 40.272537>,  <26.812859, 31.556025, 39.971039>, 0.100000
	pigment { color rgbt <1,0,0,0> }
	no_shadow
}

// particle -1
sphere {
	<27.058584, 31.462648, 40.272537> 0.100000
	pigment { color rgbt <1,0,0,0> }
	no_shadow
}
sphere {
	0, 1
	scale<0.080000,0.200000,0.300000>
	matrix <0.234806, 0.966044, 0.107819,
