// switches for output
#declare DRAW_BASES = 1; // possible values are 0, 1; only relevant for DNA ribbons
#declare DRAW_BASES_TYPE = 3; // possible values are 1, 2, 3; only relevant for DNA ribbons
#declare DRAW_FOG = 0; // set to 1 to enable fog

#include "colors.inc"

#include "transforms.inc"
background { rgb <1, 1, 1>}

#default {
   normal{
       ripples 0.25
       frequency 0.20
       turbulence 0.2
       lambda 5
   }
	finish {
		phong 0.1
		phong_size 40.
	}
}

// original window dimensions: 1024x640


// camera settings

camera {
	sky <0, 0.179814, -0.983701>
	up <0, 0.179814, -0.983701>
	right 1.6 * <1, 0, 0>
	location <35, 94.9851, 44.8844>
	look_at <35, 29.7336, 32.9568>
	direction <0, -65.2515, -11.9276>
	angle 67.0682
}


# declare cpy_camera_pos = <35, 94.9851, 44.8844>;
# if (DRAW_FOG = 1)
fog {
	fog_type 2
	up vnormalize(cpy_camera_pos)
	color rgbt<1,1,1,0.3>
	distance 1e-5
	fog_alt 3e-3
	fog_offset 56
}
# end


// LIGHTS

# declare lum = 6;
global_settings {
	ambient_light rgb lum * <0.05, 0.05, 0.05>
	max_trace_level 15
}# declare cpy_direct_light_amount = 0.25;
light_source
{	1000 * <-1, -1.16352, -0.803886>,
	rgb lum * cpy_direct_light_amount
	parallel
}

light_source
{	1000 * <1, 1.16352, 0.803886>,
	rgb lum * cpy_direct_light_amount
	parallel
}

// strand 0

// nucleotide -1

// particle -1
sphere {
	<24.647287, 34.993492, 34.934368> 0.250000
	pigment { color rgbt <1,0,0,0> }
	no_shadow
}
cylinder {
	<24.252457, 35.006531, 34.997131>,  <24.015558, 35.014355, 35.034790>, 0.100000
	pigment { color rgbt <1,0,0,0> }
	no_shadow
}
cylinder {
	<24.252457, 35.006531, 34.997131>,  <24.647287, 34.993492, 34.934368>, 0.100000
	pigment { color rgbt <1,0,0,0> }
	no_shadow
}

// particle -1
sphere {
	<24.252457, 35.006531, 34.997131> 0.100000
	pigment { color rgbt <1,0,0,0> }
	no_shadow
}
sphere {
	0, 1
	scale<0.080000,0.200000,0.300000>
	matrix <0.057790, -0.840809, 0.538239,
		0.149475, 0.540350, 0.828057,
		-0.987075, 0.032600, 0.156907,
		23.956333, 35.016312, 35.044205>
	pigment { color rgbt <0,1,1,0> }
	no_shadow
}
cylinder {
	<24.544415, 35.035343, 35.677860>,  <24.647287, 34.993492, 34.934368>, 0.130000
	pigment { color rgbt <1,0,0,0> }
	no_shadow
}

// nucleotide -1

// particle -1
sphere {
	<24.544415, 35.035343, 35.677860> 0.250000
	pigment { color rgbt <1,0,0,0> }
	no_shadow
}
cylinder {
	<24.295273, 34.826191, 35.445084>,  <24.145788, 34.700699, 35.305420>, 0.100000
	pigment { color rgbt <1,0,0,0> }
	no_shadow
}
cylinder {
	<24.295273, 34.826191, 35.445084>,  <24.544415, 35.035343, 35.677860>, 0.100000
	pigment { color rgbt <1,0,0,0> }
	no_shadow
}

// particle -1
sphere {
	<24.295273, 34.826191, 35.445084> 0.100000
	pigment { color rgbt <1,0,0,0> }
	no_shadow
}
sphere {
	0, 1
	scale<0.080000,0.200000,0.300000>
	matrix <0.344894, -0.851179, 0.395654,
		-0.702213, 0.045727, 0.710497,
		-0.622852, -0.522880, -0.581938,
		24.108418, 34.669327, 35.270504>
	pigment { color rgbt <0,1,1,0> }
	no_shadow
}
cylinder {
	<24.081951, 34.675919, 36.019146>,  <24.544415, 35.035343, 35.677860>, 0.130000
	pigment { color rgbt <1,0,0,0> }
	no_shadow
}

// nucleotide -1

// particle -1
sphere {
	<24.081951, 34.675919, 36.019146> 0.250000
	pigment { color rgbt <1,0,0,0> }
	no_shadow
}
cylinder {
	<24.135571, 34.476192, 35.676750>,  <24.167742, 34.356358, 35.471313>, 0.100000
	pigment { color rgbt <1,0,0,0> }
	no_shadow
}
cylinder {
	<24.135571, 34.476192, 35.676750>,  <24.081951, 34.675919, 36.019146>, 0.100000
	pigment { color rgbt <1,0,0,0> }
	no_shadow
}

// particle -1
sphere {
	<24.135571, 34.476192, 35.676750> 0.100000
	pigment { color rgbt <1,0,0,0> }
	no_shadow
}
sphere {
	0, 1
	scale<0.080000,0.200000,0.300000>
	matrix <0.528841, -0.694459, 0.487907,
		-0.838068, -0.518086, 0.170965,
		0.134050, -0.499313, -0.855989,
		24.175785, 34.326397, 35.419952>
	pigment { color rgbt <0,1,1,0> }
	no_shadow
}
cylinder {
	<24.900949, 34.814468, 36.251537>,  <24.081951, 34.675919, 36.019146>, 0.130000
	pigment { color rgbt <1,0,0,0> }
	no_shadow
}

// nucleotide -1

// particle -1
sphere {
	<24.900949, 34.814468, 36.251537> 0.250000
	pigment { color rgbt <1,0,0,0> }
	no_shadow
}
cylinder {
	<25.049860, 34.929722, 35.898632>,  <25.139206, 34.998875, 35.686890>, 0.100000
	pigment { color rgbt <1,0,0,0> }
	no_shadow
}
cylinder {
	<25.049860, 34.929722, 35.898632>,  <24.900949, 34.814468, 36.251537>, 0.100000
	pigment { color rgbt <1,0,0,0> }
	no_shadow
}

// particle -1
sphere {
	<25.049860, 34.929722, 35.898632> 0.100000
	pigment { color rgbt <1,0,0,0> }
	no_shadow
}
sphere {
	0, 1
	scale<0.080000,0.200000,0.300000>
	matrix <0.571478, 0.677857, 0.462518,
		0.731318, -0.676377, 0.087685,
		0.372274, 0.288137, -0.882263,
		25.161543, 35.016163, 35.633953>
	pigment { color rgbt <0,1,1,0> }
	no_shadow
}
cylinder {
	<25.647442, 34.598335, 36.149261>,  <24.900949, 34.814468, 36.251537>, 0.130000
	pigment { color rgbt <1,0,0,0> }
	no_shadow
}

// nucleotide -1

// particle -1
sphere {
	<25.647442, 34.598335, 36.149261> 0.250000
	pigment { color rgbt <1,0,0,0> }
	no_shadow
}
cylinder {
	<25.546240, 34.937283, 35.962517>,  <25.485519, 35.140652, 35.850471>, 0.100000
	pigment { color rgbt <1,0,0,0> }
	no_shadow
}
cylinder {
	<25.546240, 34.937283, 35.962517>,  <25.647442, 34.598335, 36.149261>, 0.100000
	pigment { color rgbt <1,0,0,0> }
	no_shadow
}

// particle -1
sphere {
	<25.546240, 34.937283, 35.962517> 0.100000
	pigment { color rgbt <1,0,0,0> }
	no_shadow
}
sphere {
	0, 1
	scale<0.080000,0.200000,0.300000>
	matrix <0.793293, 0.457921, 0.401241,
		0.553783, -0.268841, -0.788067,
		-0.253003, 0.847368, -0.466859,
		25.470339, 35.191494, 35.822460>
	pigment { color rgbt <0,1,1,0> }
	no_shadow
}
cylinder {
	<26.060131, 35.190018, 36.148235>,  <25.647442, 34.598335, 36.149261>, 0.130000
	pigment { color rgbt <1,0,0,0> }
	no_shadow
}

// nucleotide -1

// particle -1
sphere {
	<26.060131, 35.190018, 36.148235> 0.250000
	pigment { color rgbt <1,0,0,0> }
	no_shadow
}
cylinder {
	<25.995848, 35.182449, 36.542965>,  <25.957277, 35.177906, 36.779800>, 0.100000
	pigment { color rgbt <1,0,0,0> }
	no_shadow
}
cylinder {
	<25.995848, 35.182449, 36.542965>,  <26.060131, 35.190018, 36.148235>, 0.100000
	pigment { color rgbt <1,0,0,0> }
	no_shadow
}

// particle -1
sphere {
	<25.995848, 35.182449, 36.542965> 0.100000
	pigment { color rgbt <1,0,0,0> }
	no_shadow
}
sphere {
	0, 1
	scale<0.080000,0.200000,0.300000>
	matrix <0.470076, -0.880607, 0.059667,
		0.867871, 0.473470, 0.150418,
		-0.160710, -0.018924, 0.986820,
		25.947636, 35.176773, 36.839012>
	pigment { color rgbt <0,1,1,0> }
	no_shadow
}
cylinder {
	<26.733143, 35.790550, 36.080593>,  <26.060131, 35.190018, 36.148235>, 0.130000
	pigment { color rgbt <1,0,0,0> }
	no_shadow
}

// nucleotide -1

// particle -1
sphere {
	<26.733143, 35.790550, 36.080593> 0.250000
	pigment { color rgbt <1,0,0,0> }
	no_shadow
}
cylinder {
	<26.814096, 36.173103, 36.164848>,  <26.862669, 36.402637, 36.215401>, 0.100000
	pigment { color rgbt <1,0,0,0> }
	no_shadow
}
cylinder {
	<26.814096, 36.173103, 36.164848>,  <26.733143, 35.790550, 36.080593>, 0.100000
	pigment { color rgbt <1,0,0,0> }
	no_shadow
}

// particle -1
sphere {
	<26.814096, 36.173103, 36.164848> 0.100000
	pigment { color rgbt <1,0,0,0> }
	no_shadow
}
sphere {
	0, 1
	scale<0.080000,0.200000,0.300000>
	matrix <0.947069, -0.136412, -0.290605,
		-0.249198, 0.258300, -0.933371,
		0.202386, 0.956385, 0.210635,
		26.874813, 36.460018, 36.228039>
	pigment { color rgbt <0,1,1,0> }
	no_shadow
}
cylinder {
	<27.235577, 35.677654, 35.666237>,  <26.733143, 35.790550, 36.080593>, 0.130000
	pigment { color rgbt <1,0,0,0> }
	no_shadow
}

// nucleotide -1

// particle -1
sphere {
	<27.235577, 35.677654, 35.666237> 0.250000
	pigment { color rgbt <1,0,0,0> }
	no_shadow
}
cylinder {
	<27.554325, 35.692047, 35.425007>,  <27.745573, 35.700684, 35.280270>, 0.100000
	pigment { color rgbt <1,0,0,0> }
	no_shadow
}
cylinder {
	<27.554325, 35.692047, 35.425007>,  <27.235577, 35.677654, 35.666237>, 0.100000
	pigment { color rgbt <1,0,0,0> }
	no_shadow
}

// particle -1
sphere {
	<27.554325, 35.692047, 35.425007> 0.100000
	pigment { color rgbt <1,0,0,0> }
	no_shadow
}
sphere {
	0, 1
	scale<0.080000,0.200000,0.300000>
	matrix <-0.556404, 0.432650, -0.709387,
		0.235399, 0.900844, 0.364784,
		0.796870, 0.035978, -0.603078,
		27.793386, 35.702839, 35.244083>
	pigment { color rgbt <0,1,1,0> }
	no_shadow
}
cylinder {
	<27.283329, 36.365139, 35.380081>,  <27.235577, 35.677654, 35.666237>, 0.130000
	pigment { color rgbt <1,0,0,0> }
	no_shadow
}

// nucleotide -1

// particle -1
sphere {
	<27.283329, 36.365139, 35.380081> 0.250000
	pigment { color rgbt <1,0,0,0> }
	no_shadow
}
cylinder {
	<27.489090, 36.149891, 35.113003>,  <27.612547, 36.020741, 34.952755>, 0.100000
	pigment { color rgbt <1,0,0,0> }
	no_shadow
}
cylinder {
	<27.489090, 36.149891, 35.113003>,  <27.283329, 36.365139, 35.380081>, 0.100000
	pigment { color rgbt <1,0,0,0> }
	no_shadow
}

// particle -1
sphere {
	<27.489090, 36.149891, 35.113003> 0.100000
	pigment { color rgbt <1,0,0,0> }
	no_shadow
}
sphere {
	0, 1
	scale<0.080000,0.200000,0.300000>
	matrix <-0.596926, 0.334314, -0.729324,
		0.615685, 0.773730, -0.149247,
		0.514404, -0.538123, -0.667692,
		27.643412, 35.988453, 34.912697>
	pigment { color rgbt <0,1,1,0> }
	no_shadow
}
cylinder {
	<27.270014, 36.781921, 34.871273>,  <27.283329, 36.365139, 35.380081>, 0.130000
	pigment { color rgbt <1,0,0,0> }
	no_shadow
}

// nucleotide -1

// particle -1
sphere {
	<27.270014, 36.781921, 34.871273> 0.250000
	pigment { color rgbt <1,0,0,0> }
	no_shadow
}
cylinder {
	<27.374767, 36.427540, 34.718174>,  <27.437620, 36.214909, 34.626312>, 0.100000
	pigment { color rgbt <1,0,0,0> }
	no_shadow
}
cylinder {
	<27.374767, 36.427540, 34.718174>,  <27.270014, 36.781921, 34.871273>, 0.100000
	pigment { color rgbt <1,0,0,0> }
	no_shadow
}

// particle -1
sphere {
	<27.374767, 36.427540, 34.718174> 0.100000
	pigment { color rgbt <1,0,0,0> }
	no_shadow
}
sphere {
	0, 1
	scale<0.080000,0.200000,0.300000>
	matrix <-0.535072, 0.196771, -0.821571,
		0.803190, 0.419957, -0.422519,
		0.261885, -0.885956, -0.382752,
		27.453333, 36.161755, 34.603348>
	pigment { color rgbt <0,1,1,0> }
	no_shadow
}
cylinder {
	<27.433434, 37.008419, 34.164852>,  <27.270014, 36.781921, 34.871273>, 0.130000
	pigment { color rgbt <1,0,0,0> }
	no_shadow
}

// nucleotide -1

// particle -1
sphere {
	<27.433434, 37.008419, 34.164852> 0.250000
	pigment { color rgbt <1,0,0,0> }
	no_shadow
}
cylinder {
	<27.392958, 36.612244, 34.202362>,  <27.368671, 36.374538, 34.224869>, 0.100000
	pigment { color rgbt <1,0,0,0> }
	no_shadow
}
cylinder {
	<27.392958, 36.612244, 34.202362>,  <27.433434, 37.008419, 34.164852>, 0.100000
	pigment { color rgbt <1,0,0,0> }
	no_shadow
}

// particle -1
sphere {
	<27.392958, 36.612244, 34.202362> 0.100000
	pigment { color rgbt <1,0,0,0> }
	no_shadow
}
sphere {
	0, 1
	scale<0.080000,0.200000,0.300000>
	matrix <-0.512410, -0.028906, -0.858254,
		0.852758, -0.134898, -0.504586,
		-0.101191, -0.990438, 0.093772,
		27.362600, 36.315113, 34.230495>
	pigment { color rgbt <0,1,1,0> }
	no_shadow
}
cylinder {
	<27.670567, 36.674015, 33.558651>,  <27.433434, 37.008419, 34.164852>, 0.130000
	pigment { color rgbt <1,0,0,0> }
	no_shadow
}

// nucleotide -1

// particle -1
sphere {
	<27.670567, 36.674015, 33.558651> 0.250000
	pigment { color rgbt <1,0,0,0> }
	no_shadow
}
cylinder {
	<27.420732, 36.407780, 33.722057>,  <27.270832, 36.248039, 33.820099>, 0.100000
	pigment { color rgbt <1,0,0,0> }
	no_shadow
}
cylinder {
	<27.420732, 36.407780, 33.722057>,  <27.670567, 36.674015, 33.558651>, 0.100000
	pigment { color rgbt <1,0,0,0> }
	no_shadow
}

// particle -1
sphere {
	<27.420732, 36.407780, 33.722057> 0.100000
	pigment { color rgbt <1,0,0,0> }
	no_shadow
}
sphere {
	0, 1
	scale<0.080000,0.200000,0.300000>
	matrix <-0.456218, -0.113587, -0.882589,
		0.633845, -0.737622, -0.232710,
		-0.624584, -0.665591, 0.408513,
		27.233356, 36.208103, 33.844612>
	pigment { color rgbt <0,1,1,0> }
	no_shadow
}
cylinder {
	<27.648630, 36.252079, 33.036995>,  <27.670567, 36.674015, 33.558651>, 0.130000
	pigment { color rgbt <1,0,0,0> }
	no_shadow
}

// nucleotide -1

// particle -1
sphere {
	<27.648630, 36.252079, 33.036995> 0.250000
	pigment { color rgbt <1,0,0,0> }
	no_shadow
}
cylinder {
	<27.338446, 36.153713, 33.269611>,  <27.152336, 36.094692, 33.409180>, 0.100000
	pigment { color rgbt <1,0,0,0> }
	no_shadow
}
cylinder {
	<27.338446, 36.153713, 33.269611>,  <27.648630, 36.252079, 33.036995>, 0.100000
	pigment { color rgbt <1,0,0,0> }
	no_shadow
}

// particle -1
sphere {
	<27.338446, 36.153713, 33.269611> 0.100000
	pigment { color rgbt <1,0,0,0> }
	no_shadow
}
sphere {
	0, 1
	scale<0.080000,0.200000,0.300000>
	matrix <-0.524156, -0.262780, -0.810066,
		0.352026, -0.932990, 0.074877,
		-0.775460, -0.245917, 0.581538,
		27.105808, 36.079937, 33.444073>
	pigment { color rgbt <0,1,1,0> }
	no_shadow
}
cylinder {
	<27.344067, 35.675728, 32.822094>,  <27.648630, 36.252079, 33.036995>, 0.130000
	pigment { color rgbt <1,0,0,0> }
	no_shadow
}

// nucleotide -1

// particle -1
sphere {
	<27.344067, 35.675728, 32.822094> 0.250000
	pigment { color rgbt <1,0,0,0> }
	no_shadow
}
cylinder {
	<27.044062, 35.846035, 33.024563>,  <26.864059, 35.948219, 33.146042>, 0.100000
	pigment { color rgbt <1,0,0,0> }
	no_shadow
}
cylinder {
	<27.044062, 35.846035, 33.024563>,  <27.344067, 35.675728, 32.822094>, 0.100000
	pigment { color rgbt <1,0,0,0> }
	no_shadow
}

// particle -1
sphere {
	<27.044062, 35.846035, 33.024563> 0.100000
	pigment { color rgbt <1,0,0,0> }
	no_shadow
}
sphere {
	0, 1
	scale<0.080000,0.200000,0.300000>
	matrix <-0.600446, -0.117327, -0.791012,
		-0.277399, -0.897194, 0.343646,
		-0.750010, 0.425767, 0.506170,
		26.819059, 35.973766, 33.176414>
	pigment { color rgbt <0,1,1,0> }
	no_shadow
}
cylinder {
	<26.744741, 35.223305, 32.724670>,  <27.344067, 35.675728, 32.822094>, 0.130000
	pigment { color rgbt <1,0,0,0> }
	no_shadow
}

// nucleotide -1

// particle -1
sphere {
	<26.744741, 35.223305, 32.724670> 0.250000
	pigment { color rgbt <1,0,0,0> }
	no_shadow
}
cylinder {
	<26.611582, 35.587349, 32.823368>,  <26.531687, 35.805775, 32.882587>, 0.100000
	pigment { color rgbt <1,0,0,0> }
	no_shadow
}
cylinder {
	<26.611582, 35.587349, 32.823368>,  <26.744741, 35.223305, 32.724670>, 0.100000
	pigment { color rgbt <1,0,0,0> }
	no_shadow
}

// particle -1
sphere {
	<26.611582, 35.587349, 32.823368> 0.100000
	pigment { color rgbt <1,0,0,0> }
	no_shadow
}
sphere {
	0, 1
	scale<0.080000,0.200000,0.300000>
	matrix <-0.740504, -0.090314, -0.665955,
		-0.583808, -0.404409, 0.704005,
		-0.332899, 0.910108, 0.246740,
		26.511711, 35.860382, 32.897388>
	pigment { color rgbt <0,1,1,0> }
	no_shadow
}
cylinder {
	<26.002359, 35.202675, 32.608391>,  <26.744741, 35.223305, 32.724670>, 0.130000
	pigment { color rgbt <1,0,0,0> }
	no_shadow
}

// nucleotide -1

// particle -1
sphere {
	<26.002359, 35.202675, 32.608391> 0.250000
	pigment { color rgbt <1,0,0,0> }
	no_shadow
}
cylinder {
	<26.099892, 35.589066, 32.642872>,  <26.158411, 35.820900, 32.663563>, 0.100000
	pigment { color rgbt <1,0,0,0> }
	no_shadow
}
cylinder {
	<26.099892, 35.589066, 32.642872>,  <26.002359, 35.202675, 32.608391>, 0.100000
	pigment { color rgbt <1,0,0,0> }
	no_shadow
}

// particle -1
sphere {
	<26.099892, 35.589066, 32.642872> 0.100000
	pigment { color rgbt <1,0,0,0> }
	no_shadow
}
sphere {
	0, 1
	scale<0.080000,0.200000,0.300000>
	matrix <-0.561462, 0.213080, -0.799598,
		-0.790763, 0.146566, 0.594316,
		0.243831, 0.965979, 0.086204,
		26.173040, 35.878860, 32.668732>
	pigment { color rgbt <0,1,1,0> }
	no_shadow
}
cylinder {
	<25.439993, 35.434093, 32.456886>,  <26.002359, 35.202675, 32.608391>, 0.130000
	pigment { color rgbt <1,0,0,0> }
	no_shadow
}

// nucleotide -1

// particle -1
sphere {
	<25.439993, 35.434093, 32.456886> 0.250000
	pigment { color rgbt <1,0,0,0> }
	no_shadow
}
cylinder {
	<25.678003, 35.752079, 32.409584>,  <25.820808, 35.942871, 32.381203>, 0.100000
	pigment { color rgbt <1,0,0,0> }
	no_shadow
}
cylinder {
	<25.678003, 35.752079, 32.409584>,  <25.439993, 35.434093, 32.456886>, 0.100000
	pigment { color rgbt <1,0,0,0> }
	no_shadow
}

// particle -1
sphere {
	<25.678003, 35.752079, 32.409584> 0.100000
	pigment { color rgbt <1,0,0,0> }
	no_shadow
}
sphere {
	0, 1
	scale<0.080000,0.200000,0.300000>
	matrix <-0.352866, 0.126201, -0.927124,
		-0.722103, 0.593390, 0.355607,
		0.595024, 0.794960, -0.118257,
		25.856510, 35.990566, 32.374107>
	pigment { color rgbt <0,1,1,0> }
	no_shadow
}
cylinder {
	<25.062279, 35.960819, 32.107758>,  <25.439993, 35.434093, 32.456886>, 0.130000
	pigment { color rgbt <1,0,0,0> }
	no_shadow
}

// nucleotide -1

// particle -1
sphere {
	<25.062279, 35.960819, 32.107758> 0.250000
	pigment { color rgbt <1,0,0,0> }
	no_shadow
}
cylinder {
	<25.435873, 36.067970, 32.013172>,  <25.660028, 36.132263, 31.956421>, 0.100000
	pigment { color rgbt <1,0,0,0> }
	no_shadow
}
cylinder {
	<25.435873, 36.067970, 32.013172>,  <25.062279, 35.960819, 32.107758>, 0.100000
	pigment { color rgbt <1,0,0,0> }
	no_shadow
}

// particle -1
sphere {
	<25.435873, 36.067970, 32.013172> 0.100000
	pigment { color rgbt <1,0,0,0> }
	no_shadow
}
sphere {
	0, 1
	scale<0.080000,0.200000,0.300000>
	matrix <-0.280617, 0.140233, -0.949520,
		-0.221200, 0.953191, 0.206148,
		0.933983, 0.267882, -0.236462,
		25.716068, 36.148335, 31.942234>
	pigment { color rgbt <0,1,1,0> }
	no_shadow
}
cylinder {
	<25.105679, 36.478821, 31.538210>,  <25.062279, 35.960819, 32.107758>, 0.130000
	pigment { color rgbt <1,0,0,0> }
	no_shadow
}

// nucleotide -1

// particle -1
sphere {
	<25.105679, 36.478821, 31.538210> 0.250000
	pigment { color rgbt <1,0,0,0> }
	no_shadow
}
cylinder {
	<25.483337, 36.347286, 31.529745>,  <25.709934, 36.268364, 31.524666>, 0.100000
	pigment { color rgbt <1,0,0,0> }
	no_shadow
}
cylinder {
	<25.483337, 36.347286, 31.529745>,  <25.105679, 36.478821, 31.538210>, 0.100000
	pigment { color rgbt <1,0,0,0> }
	no_shadow
}

// particle -1
sphere {
	<25.483337, 36.347286, 31.529745> 0.100000
	pigment { color rgbt <1,0,0,0> }
	no_shadow
}
sphere {
	0, 1
	scale<0.080000,0.200000,0.300000>
	matrix <-0.028734, -0.018181, -0.999422,
		0.328262, 0.944212, -0.026614,
		0.944149, -0.328837, -0.021163,
		25.766582, 36.248634, 31.523396>
	pigment { color rgbt <0,1,1,0> }
	no_shadow
}
cylinder {
	<25.412205, 36.876118, 31.070551>,  <25.105679, 36.478821, 31.538210>, 0.130000
	pigment { color rgbt <1,0,0,0> }
	no_shadow
}

// nucleotide -1

// particle -1
sphere {
	<25.412205, 36.876118, 31.070551> 0.250000
	pigment { color rgbt <1,0,0,0> }
	no_shadow
}
cylinder {
	<25.620724, 36.536930, 31.108902>,  <25.745836, 36.333416, 31.131912>, 0.100000
	pigment { color rgbt <1,0,0,0> }
	no_shadow
}
cylinder {
	<25.620724, 36.536930, 31.108902>,  <25.412205, 36.876118, 31.070551>, 0.100000
	pigment { color rgbt <1,0,0,0> }
	no_shadow
}

// particle -1
sphere {
	<25.620724, 36.536930, 31.108902> 0.100000
	pigment { color rgbt <1,0,0,0> }
	no_shadow
}
sphere {
	0, 1
	scale<0.080000,0.200000,0.300000>
	matrix <-0.068454, -0.153540, -0.985768,
		0.850624, 0.507318, -0.138087,
		0.521300, -0.847971, 0.095877,
		25.777113, 36.282539, 31.137665>
	pigment { color rgbt <0,1,1,0> }
	no_shadow
}
cylinder {
	<25.791992, 36.926247, 30.489883>,  <25.412205, 36.876118, 31.070551>, 0.130000
	pigment { color rgbt <1,0,0,0> }
	no_shadow
}

// nucleotide -1

// particle -1
sphere {
	<25.791992, 36.926247, 30.489883> 0.250000
	pigment { color rgbt <1,0,0,0> }
	no_shadow
}
cylinder {
	<25.909983, 36.558437, 30.593782>,  <25.980776, 36.337753, 30.656122>, 0.100000
	pigment { color rgbt <1,0,0,0> }
	no_shadow
}
cylinder {
	<25.909983, 36.558437, 30.593782>,  <25.791992, 36.926247, 30.489883>, 0.100000
	pigment { color rgbt <1,0,0,0> }
	no_shadow
}

// particle -1
sphere {
	<25.909983, 36.558437, 30.593782> 0.100000
	pigment { color rgbt <1,0,0,0> }
	no_shadow
}
sphere {
	0, 1
	scale<0.080000,0.200000,0.300000>
	matrix <0.176065, -0.214884, -0.960638,
		0.939144, 0.329097, 0.098510,
		0.294974, -0.919522, 0.259750,
		25.998474, 36.282581, 30.671707>
	pigment { color rgbt <0,1,1,0> }
	no_shadow
}
cylinder {
	<26.478426, 36.770260, 30.167301>,  <25.791992, 36.926247, 30.489883>, 0.130000
	pigment { color rgbt <1,0,0,0> }
	no_shadow
}

// nucleotide -1

// particle -1
sphere {
	<26.478426, 36.770260, 30.167301> 0.250000
	pigment { color rgbt <1,0,0,0> }
	no_shadow
}
cylinder {
	<26.330009, 36.404007, 30.229200>,  <26.240959, 36.184254, 30.266340>, 0.100000
	pigment { color rgbt <1,0,0,0> }
	no_shadow
}
cylinder {
	<26.330009, 36.404007, 30.229200>,  <26.478426, 36.770260, 30.167301>, 0.100000
	pigment { color rgbt <1,0,0,0> }
	no_shadow
}

// particle -1
sphere {
	<26.330009, 36.404007, 30.229200> 0.100000
	pigment { color rgbt <1,0,0,0> }
	no_shadow
}
sphere {
	0, 1
	scale<0.080000,0.200000,0.300000>
	matrix <0.093226, -0.202528, -0.974829,
		0.923924, -0.347277, 0.160507,
		-0.371043, -0.915631, 0.154746,
		26.218697, 36.129318, 30.275623>
	pigment { color rgbt <0,1,1,0> }
	no_shadow
}
cylinder {
	<27.042580, 36.313633, 29.952400>,  <26.478426, 36.770260, 30.167301>, 0.130000
	pigment { color rgbt <1,0,0,0> }
	no_shadow
}

// nucleotide -1

// particle -1
sphere {
	<27.042580, 36.313633, 29.952400> 0.250000
	pigment { color rgbt <1,0,0,0> }
	no_shadow
}
cylinder {
	<26.680721, 36.145027, 29.927282>,  <26.463606, 36.043865, 29.912212>, 0.100000
	pigment { color rgbt <1,0,0,0> }
	no_shadow
}
cylinder {
	<26.680721, 36.145027, 29.927282>,  <27.042580, 36.313633, 29.952400>, 0.100000
	pigment { color rgbt <1,0,0,0> }
	no_shadow
}

// particle -1
sphere {
	<26.680721, 36.145027, 29.927282> 0.100000
	pigment { color rgbt <1,0,0,0> }
	no_shadow
}
sphere {
	0, 1
	scale<0.080000,0.200000,0.300000>
	matrix <0.254419, -0.415966, -0.873065,
		0.341890, -0.805790, 0.483543,
		-0.904645, -0.421514, -0.062793,
		26.409328, 36.018574, 29.908443>
	pigment { color rgbt <0,1,1,0> }
	no_shadow
}
cylinder {
	<27.284124, 35.669651, 29.852295>,  <27.042580, 36.313633, 29.952400>, 0.130000
	pigment { color rgbt <1,0,0,0> }
	no_shadow
}

// nucleotide -1

// particle -1
sphere {
	<27.284124, 35.669651, 29.852295> 0.250000
	pigment { color rgbt <1,0,0,0> }
	no_shadow
}
cylinder {
	<26.899450, 35.715332, 29.752600>,  <26.668646, 35.742741, 29.692783>, 0.100000
	pigment { color rgbt <1,0,0,0> }
	no_shadow
}
cylinder {
	<26.899450, 35.715332, 29.752600>,  <27.284124, 35.669651, 29.852295>, 0.100000
	pigment { color rgbt <1,0,0,0> }
	no_shadow
}

// particle -1
sphere {
	<26.899450, 35.715332, 29.752600> 0.100000
	pigment { color rgbt <1,0,0,0> }
	no_shadow
}
sphere {
	0, 1
	scale<0.080000,0.200000,0.300000>
	matrix <0.159364, -0.506866, -0.847166,
		-0.223081, -0.854426, 0.469245,
		-0.961685, 0.114206, -0.249237,
		26.610945, 35.749596, 29.677828>
	pigment { color rgbt <0,1,1,0> }
	no_shadow
}
cylinder {
	<27.033489, 35.029823, 29.522390>,  <27.284124, 35.669651, 29.852295>, 0.130000
	pigment { color rgbt <1,0,0,0> }
	no_shadow
}

// nucleotide -1

// particle -1
sphere {
	<27.033489, 35.029823, 29.522390> 0.250000
	pigment { color rgbt <1,0,0,0> }
	no_shadow
}
cylinder {
	<26.770214, 35.310383, 29.412968>,  <26.612249, 35.478718, 29.347315>, 0.100000
	pigment { color rgbt <1,0,0,0> }
	no_shadow
}
cylinder {
	<26.770214, 35.310383, 29.412968>,  <27.033489, 35.029823, 29.522390>, 0.100000
	pigment { color rgbt <1,0,0,0> }
	no_shadow
}

// particle -1
sphere {
	<26.770214, 35.310383, 29.412968> 0.100000
	pigment { color rgbt <1,0,0,0> }
	no_shadow
}
sphere {
	0, 1
	scale<0.080000,0.200000,0.300000>
	matrix <0.224817, -0.163665, -0.960558,
		-0.718505, -0.693725, -0.049965,
		-0.658185, 0.701398, -0.273555,
		26.572758, 35.520802, 29.330902>
	pigment { color rgbt <0,1,1,0> }
	no_shadow
}
cylinder {
	<26.502945, 34.798931, 28.956081>,  <27.033489, 35.029823, 29.522390>, 0.130000
	pigment { color rgbt <1,0,0,0> }
	no_shadow
}

// nucleotide -1

// particle -1
sphere {
	<26.502945, 34.798931, 28.956081> 0.250000
	pigment { color rgbt <1,0,0,0> }
	no_shadow
}
cylinder {
	<26.568558, 35.193295, 28.942991>,  <26.607925, 35.429913, 28.935137>, 0.100000
	pigment { color rgbt <1,0,0,0> }
	no_shadow
}
cylinder {
	<26.568558, 35.193295, 28.942991>,  <26.502945, 34.798931, 28.956081>, 0.100000
	pigment { color rgbt <1,0,0,0> }
	no_shadow
}

// particle -1
sphere {
	<26.568558, 35.193295, 28.942991> 0.100000
	pigment { color rgbt <1,0,0,0> }
	no_shadow
}
sphere {
	0, 1
	scale<0.080000,0.200000,0.300000>
	matrix <-0.019090, -0.029995, -0.999368,
		-0.986270, 0.164551, 0.013901,
		0.164030, 0.985912, -0.032724,
		26.617767, 35.489067, 28.933174>
	pigment { color rgbt <0,1,1,0> }
	no_shadow
}
cylinder {
	<25.874868, 35.302750, 28.724081>,  <26.502945, 34.798931, 28.956081>, 0.130000
	pigment { color rgbt <1,0,0,0> }
	no_shadow
}

// nucleotide -1

// particle -1
sphere {
	<25.874868, 35.302750, 28.724081> 0.250000
	pigment { color rgbt <1,0,0,0> }
	no_shadow
}
cylinder {
	<26.254719, 35.388893, 28.633017>,  <26.482630, 35.440578, 28.578379>, 0.100000
	pigment { color rgbt <1,0,0,0> }
	no_shadow
}
cylinder {
	<26.254719, 35.388893, 28.633017>,  <25.874868, 35.302750, 28.724081>, 0.100000
	pigment { color rgbt <1,0,0,0> }
	no_shadow
}

// particle -1
sphere {
	<26.254719, 35.388893, 28.633017> 0.100000
	pigment { color rgbt <1,0,0,0> }
	no_shadow
}
sphere {
	0, 1
	scale<0.080000,0.200000,0.300000>
	matrix <-0.184973, -0.201222, -0.961922,
		-0.252972, 0.955578, -0.151250,
		0.949626, 0.215362, -0.227660,
		26.539606, 35.453503, 28.564718>
	pigment { color rgbt <0,1,1,0> }
	no_shadow
}
cylinder {
	<25.881638, 35.909210, 28.169405>,  <25.874868, 35.302750, 28.724081>, 0.130000
	pigment { color rgbt <1,0,0,0> }
	no_shadow
}

// nucleotide -1

// particle -1
sphere {
	<25.881638, 35.909210, 28.169405> 0.250000
	pigment { color rgbt <1,0,0,0> }
	no_shadow
}
cylinder {
	<26.198658, 35.665585, 28.181446>,  <26.388870, 35.519409, 28.188671>, 0.100000
	pigment { color rgbt <1,0,0,0> }
	no_shadow
}
cylinder {
	<26.198658, 35.665585, 28.181446>,  <25.881638, 35.909210, 28.169405>, 0.100000
	pigment { color rgbt <1,0,0,0> }
	no_shadow
}

// particle -1
sphere {
	<26.198658, 35.665585, 28.181446> 0.100000
	pigment { color rgbt <1,0,0,0> }
	no_shadow
}
sphere {
	0, 1
	scale<0.080000,0.200000,0.300000>
	matrix <-0.076266, -0.147979, -0.986046,
		0.605016, 0.779197, -0.163732,
		0.792552, -0.609061, 0.030104,
		26.436424, 35.482868, 28.190477>
	pigment { color rgbt <0,1,1,0> }
	no_shadow
}
cylinder {
	<26.584688, 36.205791, 27.932789>,  <25.881638, 35.909210, 28.169405>, 0.130000
	pigment { color rgbt <1,0,0,0> }
	no_shadow
}

// nucleotide -1

// particle -1
sphere {
	<26.584688, 36.205791, 27.932789> 0.250000
	pigment { color rgbt <1,0,0,0> }
	no_shadow
}
cylinder {
	<26.491570, 35.823563, 27.860462>,  <26.435699, 35.594227, 27.817066>, 0.100000
	pigment { color rgbt <1,0,0,0> }
	no_shadow
}
cylinder {
	<26.491570, 35.823563, 27.860462>,  <26.584688, 36.205791, 27.932789>, 0.100000
	pigment { color rgbt <1,0,0,0> }
	no_shadow
}

// particle -1
sphere {
	<26.491570, 35.823563, 27.860462> 0.100000
	pigment { color rgbt <1,0,0,0> }
	no_shadow
}
sphere {
	0, 1
	scale<0.080000,0.200000,0.300000>
	matrix <-0.053908, 0.198320, -0.978654,
		0.971030, -0.218079, -0.097681,
		-0.232795, -0.955568, -0.180819,
		26.421730, 35.536892, 27.806217>
	pigment { color rgbt <0,1,1,0> }
	no_shadow
}
cylinder {
	<27.058504, 35.885693, 27.546125>,  <26.584688, 36.205791, 27.932789>, 0.130000
	pigment { color rgbt <1,0,0,0> }
	no_shadow
}

// nucleotide -1

// particle -1
sphere {
	<27.058504, 35.885693, 27.546125> 0.250000
	pigment { color rgbt <1,0,0,0> }
	no_shadow
}
cylinder {
	<26.712654, 35.700077, 27.469091>,  <26.505144, 35.588707, 27.422871>, 0.100000
	pigment { color rgbt <1,0,0,0> }
	no_shadow
}
cylinder {
	<26.712654, 35.700077, 27.469091>,  <27.058504, 35.885693, 27.546125>, 0.100000
	pigment { color rgbt <1,0,0,0> }
	no_shadow
}

// particle -1
sphere {
	<26.712654, 35.700077, 27.469091> 0.100000
	pigment { color rgbt <1,0,0,0> }
	no_shadow
}
sphere {
	0, 1
	scale<0.080000,0.200000,0.300000>
	matrix <0.084163, 0.244123, -0.966085,
		0.495315, -0.851512, -0.172020,
		-0.864627, -0.464039, -0.192583,
		26.453266, 35.560867, 27.411316>
	pigment { color rgbt <0,1,1,0> }
	no_shadow
}
cylinder {
	<27.133635, 35.405197, 27.066957>,  <27.058504, 35.885693, 27.546125>, 0.130000
	pigment { color rgbt <1,0,0,0> }
	no_shadow
}

// nucleotide -1

// particle -1
sphere {
	<27.133635, 35.405197, 27.066957> 0.250000
	pigment { color rgbt <1,0,0,0> }
	no_shadow
}
cylinder {
	<26.749348, 35.512344, 27.037922>,  <26.518776, 35.576633, 27.020500>, 0.100000
	pigment { color rgbt <1,0,0,0> }
	no_shadow
}
cylinder {
	<26.749348, 35.512344, 27.037922>,  <27.133635, 35.405197, 27.066957>, 0.100000
	pigment { color rgbt <1,0,0,0> }
	no_shadow
}

// particle -1
sphere {
	<26.749348, 35.512344, 27.037922> 0.100000
	pigment { color rgbt <1,0,0,0> }
	no_shadow
}
sphere {
	0, 1
	scale<0.080000,0.200000,0.300000>
	matrix <0.129761, 0.202348, -0.970679,
		-0.245322, -0.941968, -0.229158,
		-0.960718, 0.267864, -0.072591,
		26.461132, 35.592705, 27.016144>
	pigment { color rgbt <0,1,1,0> }
	no_shadow
}
cylinder {
	<26.983053, 34.986465, 26.520891>,  <27.133635, 35.405197, 27.066957>, 0.130000
	pigment { color rgbt <1,0,0,0> }
	no_shadow
}

// nucleotide -1

// particle -1
sphere {
	<26.983053, 34.986465, 26.520891> 0.250000
	pigment { color rgbt <1,0,0,0> }
	no_shadow
}
cylinder {
	<26.733707, 35.297993, 26.548765>,  <26.584101, 35.484909, 26.565491>, 0.100000
	pigment { color rgbt <1,0,0,0> }
	no_shadow
}
cylinder {
	<26.733707, 35.297993, 26.548765>,  <26.983053, 34.986465, 26.520891>, 0.100000
	pigment { color rgbt <1,0,0,0> }
	no_shadow
}

// particle -1
sphere {
	<26.733707, 35.297993, 26.548765> 0.100000
	pigment { color rgbt <1,0,0,0> }
	no_shadow
}
sphere {
	0, 1
	scale<0.080000,0.200000,0.300000>
	matrix <0.296542, 0.317928, -0.900547,
		-0.723521, -0.540702, -0.429137,
		-0.623362, 0.778822, 0.069687,
		26.546700, 35.531639, 26.569672>
	pigment { color rgbt <0,1,1,0> }
	no_shadow
}
cylinder {
	<26.448277, 35.121555, 25.951010>,  <26.983053, 34.986465, 26.520891>, 0.130000
	pigment { color rgbt <1,0,0,0> }
	no_shadow
}

// nucleotide -1

// particle -1
sphere {
	<26.448277, 35.121555, 25.951010> 0.250000
	pigment { color rgbt <1,0,0,0> }
	no_shadow
}
cylinder {
	<26.584978, 35.454311, 26.125898>,  <26.667000, 35.653965, 26.230831>, 0.100000
	pigment { color rgbt <1,0,0,0> }
	no_shadow
}
cylinder {
	<26.584978, 35.454311, 26.125898>,  <26.448277, 35.121555, 25.951010>, 0.100000
	pigment { color rgbt <1,0,0,0> }
	no_shadow
}

// particle -1
sphere {
	<26.584978, 35.454311, 26.125898> 0.100000
	pigment { color rgbt <1,0,0,0> }
	no_shadow
}
sphere {
	0, 1
	scale<0.080000,0.200000,0.300000>
	matrix <0.449758, 0.263722, -0.853328,
		-0.825179, 0.488274, -0.284020,
		0.341756, 0.831889, 0.437223,
		26.687506, 35.703876, 26.257065>
	pigment { color rgbt <0,1,1,0> }
	no_shadow
}
cylinder {
	<26.190502, 35.682766, 25.490185>,  <26.448277, 35.121555, 25.951010>, 0.130000
	pigment { color rgbt <1,0,0,0> }
	no_shadow
}

// nucleotide -1

// particle -1
sphere {
	<26.190502, 35.682766, 25.490185> 0.250000
	pigment { color rgbt <1,0,0,0> }
	no_shadow
}
cylinder {
	<26.370850, 35.622757, 25.138227>,  <26.479057, 35.586750, 24.927053>, 0.100000
	pigment { color rgbt <1,0,0,0> }
	no_shadow
}
cylinder {
	<26.370850, 35.622757, 25.138227>,  <26.190502, 35.682766, 25.490185>, 0.100000
	pigment { color rgbt <1,0,0,0> }
	no_shadow
}

// particle -1
sphere {
	<26.370850, 35.622757, 25.138227> 0.100000
	pigment { color rgbt <1,0,0,0> }
	no_shadow
}
sphere {
	0, 1
	scale<0.080000,0.200000,0.300000>
	matrix <0.590119, 0.789698, 0.167737,
		0.669685, -0.594869, 0.444582,
		0.450867, -0.150025, -0.879893,
		26.506109, 35.577751, 24.874260>
	pigment { color rgbt <0,1,1,0> }
	no_shadow
}
cylinder {
	<26.853319, 35.876385, 25.705303>,  <26.190502, 35.682766, 25.490185>, 0.130000
	pigment { color rgbt <1,0,0,0> }
	no_shadow
}

// nucleotide -1

// particle -1
sphere {
	<26.853319, 35.876385, 25.705303> 0.250000
	pigment { color rgbt <1,0,0,0> }
	no_shadow
}
cylinder {
	<26.743509, 35.940323, 25.326023>,  <26.677624, 35.978687, 25.098455>, 0.100000
	pigment { color rgbt <1,0,0,0> }
	no_shadow
}
cylinder {
	<26.743509, 35.940323, 25.326023>,  <26.853319, 35.876385, 25.705303>, 0.100000
	pigment { color rgbt <1,0,0,0> }
	no_shadow
}

// particle -1
sphere {
	<26.743509, 35.940323, 25.326023> 0.100000
	pigment { color rgbt <1,0,0,0> }
	no_shadow
}
sphere {
	0, 1
	scale<0.080000,0.200000,0.300000>
	matrix <0.468144, 0.883551, 0.013412,
		0.839927, -0.440212, -0.317390,
		-0.274526, 0.159849, -0.948200,
		26.661152, 35.988277, 25.041563>
	pigment { color rgbt <0,1,1,0> }
	no_shadow
}
cylinder {
	<27.507856, 35.510319, 26.002300>,  <26.853319, 35.876385, 25.705303>, 0.130000
	pigment { color rgbt <1,0,0,0> }
	no_shadow
}

// nucleotide -1

// particle -1
sphere {
	<27.507856, 35.510319, 26.002300> 0.250000
	pigment { color rgbt <1,0,0,0> }
	no_shadow
}
cylinder {
	<27.842890, 35.666492, 25.849451>,  <28.043909, 35.760197, 25.757742>, 0.100000
	pigment { color rgbt <1,0,0,0> }
	no_shadow
}
cylinder {
	<27.842890, 35.666492, 25.849451>,  <27.507856, 35.510319, 26.002300>, 0.100000
	pigment { color rgbt <1,0,0,0> }
	no_shadow
}

// particle -1
sphere {
	<27.842890, 35.666492, 25.849451> 0.100000
	pigment { color rgbt <1,0,0,0> }
	no_shadow
}
sphere {
	0, 1
	scale<0.080000,0.200000,0.300000>
	matrix <0.491099, -0.231681, 0.839730,
		0.239329, -0.891002, -0.385793,
		0.837582, 0.390435, -0.382122,
		28.094164, 35.783623, 25.734814>
	pigment { color rgbt <0,1,1,0> }
	no_shadow
}
cylinder {
	<28.055874, 35.024513, 26.034994>,  <27.507856, 35.510319, 26.002300>, 0.130000
	pigment { color rgbt <1,0,0,0> }
	no_shadow
}

// nucleotide -1

// particle -1
sphere {
	<28.055874, 35.024513, 26.034994> 0.250000
	pigment { color rgbt <1,0,0,0> }
	no_shadow
}
cylinder {
	<28.203590, 35.396065, 26.046396>,  <28.292219, 35.618996, 26.053238>, 0.100000
	pigment { color rgbt <1,0,0,0> }
	no_shadow
}
cylinder {
	<28.203590, 35.396065, 26.046396>,  <28.055874, 35.024513, 26.034994>, 0.100000
	pigment { color rgbt <1,0,0,0> }
	no_shadow
}

// particle -1
sphere {
	<28.203590, 35.396065, 26.046396> 0.100000
	pigment { color rgbt <1,0,0,0> }
	no_shadow
}
sphere {
	0, 1
	scale<0.080000,0.200000,0.300000>
	matrix <0.667916, -0.286618, 0.686832,
		0.646153, -0.234600, -0.726257,
		0.369289, 0.928877, 0.028506,
		28.314377, 35.674728, 26.054949>
	pigment { color rgbt <0,1,1,0> }
	no_shadow
}
cylinder {
	<28.875059, 34.994621, 25.986879>,  <28.055874, 35.024513, 26.034994>, 0.130000
	pigment { color rgbt <1,0,0,0> }
	no_shadow
}

// nucleotide -1

// particle -1
sphere {
	<28.875059, 34.994621, 25.986879> 0.250000
	pigment { color rgbt <1,0,0,0> }
	no_shadow
}
cylinder {
	<28.758320, 35.337086, 26.157436>,  <28.688276, 35.542564, 26.259771>, 0.100000
	pigment { color rgbt <1,0,0,0> }
	no_shadow
}
cylinder {
	<28.758320, 35.337086, 26.157436>,  <28.875059, 34.994621, 25.986879>, 0.100000
	pigment { color rgbt <1,0,0,0> }
	no_shadow
}

// particle -1
sphere {
	<28.758320, 35.337086, 26.157436> 0.100000
	pigment { color rgbt <1,0,0,0> }
	no_shadow
}
sphere {
	0, 1
	scale<0.080000,0.200000,0.300000>
	matrix <0.576115, -0.198502, 0.792899,
		0.763490, 0.477057, -0.435316,
		-0.291847, 0.856162, 0.426394,
		28.670765, 35.593933, 26.285355>
	pigment { color rgbt <0,1,1,0> }
	no_shadow
}
cylinder {
	<29.479713, 35.294735, 26.199776>,  <28.875059, 34.994621, 25.986879>, 0.130000
	pigment { color rgbt <1,0,0,0> }
	no_shadow
}

// nucleotide -1

// particle -1
sphere {
	<29.479713, 35.294735, 26.199776> 0.250000
	pigment { color rgbt <1,0,0,0> }
	no_shadow
}
cylinder {
	<29.192074, 35.472458, 26.413498>,  <29.019489, 35.579094, 26.541731>, 0.100000
	pigment { color rgbt <1,0,0,0> }
	no_shadow
}
cylinder {
	<29.192074, 35.472458, 26.413498>,  <29.479713, 35.294735, 26.199776>, 0.100000
	pigment { color rgbt <1,0,0,0> }
	no_shadow
}

// particle -1
sphere {
	<29.192074, 35.472458, 26.413498> 0.100000
	pigment { color rgbt <1,0,0,0> }
	no_shadow
}
sphere {
	0, 1
	scale<0.080000,0.200000,0.300000>
	matrix <0.598300, 0.004778, 0.801258,
		0.353455, 0.895860, -0.269268,
		-0.719101, 0.444311, 0.534304,
		28.976343, 35.605751, 26.573790>
	pigment { color rgbt <0,1,1,0> }
	no_shadow
}
cylinder {
	<29.795652, 35.963745, 26.462700>,  <29.479713, 35.294735, 26.199776>, 0.130000
	pigment { color rgbt <1,0,0,0> }
	no_shadow
}

// nucleotide -1

// particle -1
sphere {
	<29.795652, 35.963745, 26.462700> 0.250000
	pigment { color rgbt <1,0,0,0> }
	no_shadow
}
cylinder {
	<29.492235, 35.829269, 26.685980>,  <29.310184, 35.748585, 26.819948>, 0.100000
	pigment { color rgbt <1,0,0,0> }
	no_shadow
}
cylinder {
	<29.492235, 35.829269, 26.685980>,  <29.795652, 35.963745, 26.462700>, 0.100000
	pigment { color rgbt <1,0,0,0> }
	no_shadow
}

// particle -1
sphere {
	<29.492235, 35.829269, 26.685980> 0.100000
	pigment { color rgbt <1,0,0,0> }
	no_shadow
}
sphere {
	0, 1
	scale<0.080000,0.200000,0.300000>
	matrix <0.540453, 0.153980, 0.827164,
		-0.364038, 0.929120, 0.064896,
		-0.758542, -0.336193, 0.558200,
		29.264673, 35.728413, 26.853439>
	pigment { color rgbt <0,1,1,0> }
	no_shadow
}
cylinder {
	<29.818275, 36.385578, 27.103033>,  <29.795652, 35.963745, 26.462700>, 0.130000
	pigment { color rgbt <1,0,0,0> }
	no_shadow
}

// nucleotide -1

// particle -1
sphere {
	<29.818275, 36.385578, 27.103033> 0.250000
	pigment { color rgbt <1,0,0,0> }
	no_shadow
}
cylinder {
	<29.599749, 36.058052, 27.173548>,  <29.468632, 35.861538, 27.215857>, 0.100000
	pigment { color rgbt <1,0,0,0> }
	no_shadow
}
cylinder {
	<29.599749, 36.058052, 27.173548>,  <29.818275, 36.385578, 27.103033>, 0.100000
	pigment { color rgbt <1,0,0,0> }
	no_shadow
}

// particle -1
sphere {
	<29.599749, 36.058052, 27.173548> 0.100000
	pigment { color rgbt <1,0,0,0> }
	no_shadow
}
sphere {
	0, 1
	scale<0.080000,0.200000,0.300000>
	matrix <0.291204, 0.011654, 0.956590,
		-0.785325, 0.573939, 0.232076,
		-0.546319, -0.818815, 0.176285,
		29.435852, 35.812408, 27.226433>
	pigment { color rgbt <0,1,1,0> }
	no_shadow
}
cylinder {
	<29.694605, 36.516788, 27.772394>,  <29.818275, 36.385578, 27.103033>, 0.130000
	pigment { color rgbt <1,0,0,0> }
	no_shadow
}

// nucleotide -1

// particle -1
sphere {
	<29.694605, 36.516788, 27.772394> 0.250000
	pigment { color rgbt <1,0,0,0> }
	no_shadow
}
cylinder {
	<29.572582, 36.137836, 27.733606>,  <29.499369, 35.910465, 27.710333>, 0.100000
	pigment { color rgbt <1,0,0,0> }
	no_shadow
}
cylinder {
	<29.572582, 36.137836, 27.733606>,  <29.694605, 36.516788, 27.772394>, 0.100000
	pigment { color rgbt <1,0,0,0> }
	no_shadow
}

// particle -1
sphere {
	<29.572582, 36.137836, 27.733606> 0.100000
	pigment { color rgbt <1,0,0,0> }
	no_shadow
}
sphere {
	0, 1
	scale<0.080000,0.200000,0.300000>
	matrix <0.324223, -0.199058, 0.924800,
		-0.895444, 0.250675, 0.367887,
		-0.305056, -0.947385, -0.096971,
		29.481066, 35.853622, 27.704515>
	pigment { color rgbt <0,1,1,0> }
	no_shadow
}
cylinder {
	<29.189779, 36.436279, 28.350681>,  <29.694605, 36.516788, 27.772394>, 0.130000
	pigment { color rgbt <1,0,0,0> }
	no_shadow
}

// nucleotide -1

// particle -1
sphere {
	<29.189779, 36.436279, 28.350681> 0.250000
	pigment { color rgbt <1,0,0,0> }
	no_shadow
}
cylinder {
	<29.350405, 36.087914, 28.237370>,  <29.446779, 35.878895, 28.169382>, 0.100000
	pigment { color rgbt <1,0,0,0> }
	no_shadow
}
cylinder {
	<29.350405, 36.087914, 28.237370>,  <29.189779, 36.436279, 28.350681>, 0.100000
	pigment { color rgbt <1,0,0,0> }
	no_shadow
}

// particle -1
sphere {
	<29.350405, 36.087914, 28.237370> 0.100000
	pigment { color rgbt <1,0,0,0> }
	no_shadow
}
sphere {
	0, 1
	scale<0.080000,0.200000,0.300000>
	matrix <0.290366, -0.172284, 0.941279,
