// switches for output
#declare DRAW_BASES = 1; // possible values are 0, 1; only relevant for DNA ribbons
#declare DRAW_BASES_TYPE = 3; // possible values are 1, 2, 3; only relevant for DNA ribbons
#declare DRAW_FOG = 0; // set to 1 to enable fog

#include "colors.inc"

#include "transforms.inc"
background { rgb <1, 1, 1>}

#default {
   normal{
       ripples 0.25
       frequency 0.20
       turbulence 0.2
       lambda 5
   }
	finish {
		phong 0.1
		phong_size 40.
	}
}

// original window dimensions: 1024x640


// camera settings

camera {
	sky <0, 0.179814, -0.983701>
	up <0, 0.179814, -0.983701>
	right 1.6 * <1, 0, 0>
	location <35, 94.9851, 44.8844>
	look_at <35, 29.7336, 32.9568>
	direction <0, -65.2515, -11.9276>
	angle 67.0682
}


# declare cpy_camera_pos = <35, 94.9851, 44.8844>;
# if (DRAW_FOG = 1)
fog {
	fog_type 2
	up vnormalize(cpy_camera_pos)
	color rgbt<1,1,1,0.3>
	distance 1e-5
	fog_alt 3e-3
	fog_offset 56
}
# end


// LIGHTS

# declare lum = 6;
global_settings {
	ambient_light rgb lum * <0.05, 0.05, 0.05>
	max_trace_level 15
}# declare cpy_direct_light_amount = 0.25;
light_source
{	1000 * <-1, -1.16352, -0.803886>,
	rgb lum * cpy_direct_light_amount
	parallel
}

light_source
{	1000 * <1, 1.16352, 0.803886>,
	rgb lum * cpy_direct_light_amount
	parallel
}

// strand 0

// nucleotide -1

// particle -1
sphere {
	<24.630665, 35.149693, 34.668583> 0.250000
	pigment { color rgbt <1,0,0,0> }
	no_shadow
}
cylinder {
	<24.369150, 34.957478, 34.902382>,  <24.212240, 34.842148, 35.042664>, 0.100000
	pigment { color rgbt <1,0,0,0> }
	no_shadow
}
cylinder {
	<24.369150, 34.957478, 34.902382>,  <24.630665, 35.149693, 34.668583>, 0.100000
	pigment { color rgbt <1,0,0,0> }
	no_shadow
}

// particle -1
sphere {
	<24.369150, 34.957478, 34.902382> 0.100000
	pigment { color rgbt <1,0,0,0> }
	no_shadow
}
sphere {
	0, 1
	scale<0.080000,0.200000,0.300000>
	matrix <-0.409338, 0.874279, 0.260919,
		-0.636398, -0.068672, -0.768298,
		-0.653789, -0.480542, 0.584500,
		24.173014, 34.813316, 35.077732>
	pigment { color rgbt <0,1,1,0> }
	no_shadow
}
cylinder {
	<24.789171, 34.573692, 35.155273>,  <24.630665, 35.149693, 34.668583>, 0.130000
	pigment { color rgbt <1,0,0,0> }
	no_shadow
}

// nucleotide -1

// particle -1
sphere {
	<24.789171, 34.573692, 35.155273> 0.250000
	pigment { color rgbt <1,0,0,0> }
	no_shadow
}
cylinder {
	<25.137691, 34.477390, 34.984219>,  <25.346804, 34.419609, 34.881588>, 0.100000
	pigment { color rgbt <1,0,0,0> }
	no_shadow
}
cylinder {
	<25.137691, 34.477390, 34.984219>,  <24.789171, 34.573692, 35.155273>, 0.100000
	pigment { color rgbt <1,0,0,0> }
	no_shadow
}

// particle -1
sphere {
	<25.137691, 34.477390, 34.984219> 0.100000
	pigment { color rgbt <1,0,0,0> }
	no_shadow
}
sphere {
	0, 1
	scale<0.080000,0.200000,0.300000>
	matrix <0.326986, 0.934592, 0.140064,
		0.365943, -0.261868, 0.893034,
		0.871301, -0.240755, -0.427635,
		25.399082, 34.405163, 34.855927>
	pigment { color rgbt <0,1,1,0> }
	no_shadow
}
cylinder {
	<25.151997, 34.898582, 35.599403>,  <24.789171, 34.573692, 35.155273>, 0.130000
	pigment { color rgbt <1,0,0,0> }
	no_shadow
}

// nucleotide -1

// particle -1
sphere {
	<25.151997, 34.898582, 35.599403> 0.250000
	pigment { color rgbt <1,0,0,0> }
	no_shadow
}
cylinder {
	<25.355131, 34.881340, 35.255253>,  <25.477013, 34.870995, 35.048763>, 0.100000
	pigment { color rgbt <1,0,0,0> }
	no_shadow
}
cylinder {
	<25.355131, 34.881340, 35.255253>,  <25.151997, 34.898582, 35.599403>, 0.100000
	pigment { color rgbt <1,0,0,0> }
	no_shadow
}

// particle -1
sphere {
	<25.355131, 34.881340, 35.255253> 0.100000
	pigment { color rgbt <1,0,0,0> }
	no_shadow
}
sphere {
	0, 1
	scale<0.080000,0.200000,0.300000>
	matrix <0.174246, 0.983243, 0.053590,
		0.843647, -0.177132, 0.506837,
		0.507837, -0.043104, -0.860374,
		25.507483, 34.868408, 34.997139>
	pigment { color rgbt <0,1,1,0> }
	no_shadow
}
cylinder {
	<25.848795, 35.256973, 35.663307>,  <25.151997, 34.898582, 35.599403>, 0.130000
	pigment { color rgbt <1,0,0,0> }
	no_shadow
}

// nucleotide -1

// particle -1
sphere {
	<25.848795, 35.256973, 35.663307> 0.250000
	pigment { color rgbt <1,0,0,0> }
	no_shadow
}
cylinder {
	<25.746180, 35.278934, 35.277317>,  <25.684610, 35.292110, 35.045723>, 0.100000
	pigment { color rgbt <1,0,0,0> }
	no_shadow
}
cylinder {
	<25.746180, 35.278934, 35.277317>,  <25.848795, 35.256973, 35.663307>, 0.100000
	pigment { color rgbt <1,0,0,0> }
	no_shadow
}

// particle -1
sphere {
	<25.746180, 35.278934, 35.277317> 0.100000
	pigment { color rgbt <1,0,0,0> }
	no_shadow
}
sphere {
	0, 1
	scale<0.080000,0.200000,0.300000>
	matrix <0.220827, 0.975308, -0.003216,
		0.940969, -0.213917, -0.262328,
		-0.256539, 0.054903, -0.964973,
		25.669218, 35.295406, 34.987823>
	pigment { color rgbt <0,1,1,0> }
	no_shadow
}
cylinder {
	<26.422289, 35.347500, 35.344681>,  <25.848795, 35.256973, 35.663307>, 0.130000
	pigment { color rgbt <1,0,0,0> }
	no_shadow
}

// nucleotide -1

// particle -1
sphere {
	<26.422289, 35.347500, 35.344681> 0.250000
	pigment { color rgbt <1,0,0,0> }
	no_shadow
}
cylinder {
	<26.089069, 35.500809, 35.185116>,  <25.889137, 35.592793, 35.089378>, 0.100000
	pigment { color rgbt <1,0,0,0> }
	no_shadow
}
cylinder {
	<26.089069, 35.500809, 35.185116>,  <26.422289, 35.347500, 35.344681>, 0.100000
	pigment { color rgbt <1,0,0,0> }
	no_shadow
}

// particle -1
sphere {
	<26.089069, 35.500809, 35.185116> 0.100000
	pigment { color rgbt <1,0,0,0> }
	no_shadow
}
sphere {
	0, 1
	scale<0.080000,0.200000,0.300000>
	matrix <0.309692, 0.920622, 0.237793,
		0.458387, 0.074553, -0.885620,
		-0.833050, 0.383271, -0.398913,
		25.839155, 35.615791, 35.065441>
	pigment { color rgbt <0,1,1,0> }
	no_shadow
}
cylinder {
	<26.535501, 35.914772, 34.763649>,  <26.422289, 35.347500, 35.344681>, 0.130000
	pigment { color rgbt <1,0,0,0> }
	no_shadow
}

// nucleotide -1

// particle -1
sphere {
	<26.535501, 35.914772, 34.763649> 0.250000
	pigment { color rgbt <1,0,0,0> }
	no_shadow
}
cylinder {
	<26.216698, 35.953850, 35.002052>,  <26.025415, 35.977295, 35.145096>, 0.100000
	pigment { color rgbt <1,0,0,0> }
	no_shadow
}
cylinder {
	<26.216698, 35.953850, 35.002052>,  <26.535501, 35.914772, 34.763649>, 0.100000
	pigment { color rgbt <1,0,0,0> }
	no_shadow
}

// particle -1
sphere {
	<26.216698, 35.953850, 35.002052> 0.100000
	pigment { color rgbt <1,0,0,0> }
	no_shadow
}
sphere {
	0, 1
	scale<0.080000,0.200000,0.300000>
	matrix <0.313313, 0.910540, 0.269724,
		-0.516341, 0.401711, -0.756320,
		-0.797011, 0.097695, 0.596010,
		25.977594, 35.983158, 35.180855>
	pigment { color rgbt <0,1,1,0> }
	no_shadow
}
cylinder {
	<26.209352, 36.578922, 34.673576>,  <26.535501, 35.914772, 34.763649>, 0.130000
	pigment { color rgbt <1,0,0,0> }
	no_shadow
}

// nucleotide -1

// particle -1
sphere {
	<26.209352, 36.578922, 34.673576> 0.250000
	pigment { color rgbt <1,0,0,0> }
	no_shadow
}
cylinder {
	<26.161552, 36.460060, 35.052505>,  <26.132874, 36.388744, 35.279861>, 0.100000
	pigment { color rgbt <1,0,0,0> }
	no_shadow
}
cylinder {
	<26.161552, 36.460060, 35.052505>,  <26.209352, 36.578922, 34.673576>, 0.100000
	pigment { color rgbt <1,0,0,0> }
	no_shadow
}

// particle -1
sphere {
	<26.161552, 36.460060, 35.052505> 0.100000
	pigment { color rgbt <1,0,0,0> }
	no_shadow
}
sphere {
	0, 1
	scale<0.080000,0.200000,0.300000>
	matrix <0.249571, 0.914532, 0.318348,
		-0.960955, 0.274466, -0.035124,
		-0.119498, -0.297153, 0.947323,
		26.125704, 36.370914, 35.336700>
	pigment { color rgbt <0,1,1,0> }
	no_shadow
}
cylinder {
	<25.944916, 36.834888, 33.894180>,  <26.209352, 36.578922, 34.673576>, 0.130000
	pigment { color rgbt <1,0,0,0> }
	no_shadow
}

// nucleotide -1

// particle -1
sphere {
	<25.944916, 36.834888, 33.894180> 0.250000
	pigment { color rgbt <1,0,0,0> }
	no_shadow
}
cylinder {
	<26.236847, 36.863731, 33.622253>,  <26.412006, 36.881035, 33.459099>, 0.100000
	pigment { color rgbt <1,0,0,0> }
	no_shadow
}
cylinder {
	<26.236847, 36.863731, 33.622253>,  <25.944916, 36.834888, 33.894180>, 0.100000
	pigment { color rgbt <1,0,0,0> }
	no_shadow
}

// particle -1
sphere {
	<26.236847, 36.863731, 33.622253> 0.100000
	pigment { color rgbt <1,0,0,0> }
	no_shadow
}
sphere {
	0, 1
	scale<0.080000,0.200000,0.300000>
	matrix <-0.074409, 0.996893, 0.025850,
		0.679569, 0.031719, 0.732926,
		0.729829, 0.072103, -0.679817,
		26.455795, 36.885361, 33.418308>
	pigment { color rgbt <0,1,1,0> }
	no_shadow
}
cylinder {
	<26.451845, 37.299694, 34.137024>,  <25.944916, 36.834888, 33.894180>, 0.130000
	pigment { color rgbt <1,0,0,0> }
	no_shadow
}

// nucleotide -1

// particle -1
sphere {
	<26.451845, 37.299694, 34.137024> 0.250000
	pigment { color rgbt <1,0,0,0> }
	no_shadow
}
cylinder {
	<26.502764, 37.302551, 33.740288>,  <26.533316, 37.304264, 33.502247>, 0.100000
	pigment { color rgbt <1,0,0,0> }
	no_shadow
}
cylinder {
	<26.502764, 37.302551, 33.740288>,  <26.451845, 37.299694, 34.137024>, 0.100000
	pigment { color rgbt <1,0,0,0> }
	no_shadow
}

// particle -1
sphere {
	<26.502764, 37.302551, 33.740288> 0.100000
	pigment { color rgbt <1,0,0,0> }
	no_shadow
}
sphere {
	0, 1
	scale<0.080000,0.200000,0.300000>
	matrix <0.022533, 0.999695, 0.010092,
		0.991608, -0.023634, 0.127098,
		0.127298, 0.007143, -0.991839,
		26.540953, 37.304695, 33.442738>
	pigment { color rgbt <0,1,1,0> }
	no_shadow
}
cylinder {
	<27.002665, 37.813927, 34.066734>,  <26.451845, 37.299694, 34.137024>, 0.130000
	pigment { color rgbt <1,0,0,0> }
	no_shadow
}

// nucleotide -1

// particle -1
sphere {
	<27.002665, 37.813927, 34.066734> 0.250000
	pigment { color rgbt <1,0,0,0> }
	no_shadow
}
cylinder {
	<26.808306, 37.756771, 33.721832>,  <26.691690, 37.722477, 33.514893>, 0.100000
	pigment { color rgbt <1,0,0,0> }
	no_shadow
}
cylinder {
	<26.808306, 37.756771, 33.721832>,  <27.002665, 37.813927, 34.066734>, 0.100000
	pigment { color rgbt <1,0,0,0> }
	no_shadow
}

// particle -1
sphere {
	<26.808306, 37.756771, 33.721832> 0.100000
	pigment { color rgbt <1,0,0,0> }
	no_shadow
}
sphere {
	0, 1
	scale<0.080000,0.200000,0.300000>
	matrix <0.050076, 0.980374, -0.190684,
		0.872581, -0.135831, -0.469205,
		-0.485897, -0.142891, -0.862256,
		26.662537, 37.713905, 33.463154>
	pigment { color rgbt <0,1,1,0> }
	no_shadow
}
cylinder {
	<27.340828, 38.161465, 33.574657>,  <27.002665, 37.813927, 34.066734>, 0.130000
	pigment { color rgbt <1,0,0,0> }
	no_shadow
}

// nucleotide -1

// particle -1
sphere {
	<27.340828, 38.161465, 33.574657> 0.250000
	pigment { color rgbt <1,0,0,0> }
	no_shadow
}
cylinder {
	<26.971743, 38.157345, 33.420521>,  <26.750292, 38.154873, 33.328037>, 0.100000
	pigment { color rgbt <1,0,0,0> }
	no_shadow
}
cylinder {
	<26.971743, 38.157345, 33.420521>,  <27.340828, 38.161465, 33.574657>, 0.100000
	pigment { color rgbt <1,0,0,0> }
	no_shadow
}

// particle -1
sphere {
	<26.971743, 38.157345, 33.420521> 0.100000
	pigment { color rgbt <1,0,0,0> }
	no_shadow
}
sphere {
	0, 1
	scale<0.080000,0.200000,0.300000>
	matrix <0.060299, 0.983482, -0.170669,
		0.380737, -0.180715, -0.906852,
		-0.922715, -0.010298, -0.385345,
		26.694927, 38.154255, 33.304916>
	pigment { color rgbt <0,1,1,0> }
	no_shadow
}
cylinder {
	<27.429974, 38.550945, 33.037800>,  <27.340828, 38.161465, 33.574657>, 0.130000
	pigment { color rgbt <1,0,0,0> }
	no_shadow
}

// nucleotide -1

// particle -1
sphere {
	<27.429974, 38.550945, 33.037800> 0.250000
	pigment { color rgbt <1,0,0,0> }
	no_shadow
}
cylinder {
	<27.035765, 38.517212, 33.096638>,  <26.799240, 38.496971, 33.131939>, 0.100000
	pigment { color rgbt <1,0,0,0> }
	no_shadow
}
cylinder {
	<27.035765, 38.517212, 33.096638>,  <27.429974, 38.550945, 33.037800>, 0.100000
	pigment { color rgbt <1,0,0,0> }
	no_shadow
}

// particle -1
sphere {
	<27.035765, 38.517212, 33.096638> 0.100000
	pigment { color rgbt <1,0,0,0> }
	no_shadow
}
sphere {
	0, 1
	scale<0.080000,0.200000,0.300000>
	matrix <-0.106220, 0.983283, -0.147895,
		-0.132160, -0.161377, -0.978004,
		-0.985521, -0.084338, 0.147092,
		26.740108, 38.491909, 33.140766>
	pigment { color rgbt <0,1,1,0> }
	no_shadow
}
cylinder {
	<27.112480, 38.984268, 32.567688>,  <27.429974, 38.550945, 33.037800>, 0.130000
	pigment { color rgbt <1,0,0,0> }
	no_shadow
}

// nucleotide -1

// particle -1
sphere {
	<27.112480, 38.984268, 32.567688> 0.250000
	pigment { color rgbt <1,0,0,0> }
	no_shadow
}
cylinder {
	<26.815187, 38.939915, 32.831600>,  <26.636812, 38.913303, 32.989948>, 0.100000
	pigment { color rgbt <1,0,0,0> }
	no_shadow
}
cylinder {
	<26.815187, 38.939915, 32.831600>,  <27.112480, 38.984268, 32.567688>, 0.100000
	pigment { color rgbt <1,0,0,0> }
	no_shadow
}

// particle -1
sphere {
	<26.815187, 38.939915, 32.831600> 0.100000
	pigment { color rgbt <1,0,0,0> }
	no_shadow
}
sphere {
	0, 1
	scale<0.080000,0.200000,0.300000>
	matrix <-0.118986, 0.992356, 0.032740,
		-0.658366, -0.054171, -0.750746,
		-0.743233, -0.110883, 0.659779,
		26.592216, 38.906651, 33.029533>
	pigment { color rgbt <0,1,1,0> }
	no_shadow
}
cylinder {
	<26.621532, 39.380566, 32.310719>,  <27.112480, 38.984268, 32.567688>, 0.130000
	pigment { color rgbt <1,0,0,0> }
	no_shadow
}

// nucleotide -1

// particle -1
sphere {
	<26.621532, 39.380566, 32.310719> 0.250000
	pigment { color rgbt <1,0,0,0> }
	no_shadow
}
cylinder {
	<26.563419, 39.340397, 32.704430>,  <26.528551, 39.316296, 32.940659>, 0.100000
	pigment { color rgbt <1,0,0,0> }
	no_shadow
}
cylinder {
	<26.563419, 39.340397, 32.704430>,  <26.621532, 39.380566, 32.310719>, 0.100000
	pigment { color rgbt <1,0,0,0> }
	no_shadow
}

// particle -1
sphere {
	<26.563419, 39.340397, 32.704430> 0.100000
	pigment { color rgbt <1,0,0,0> }
	no_shadow
}
sphere {
	0, 1
	scale<0.080000,0.200000,0.300000>
	matrix <-0.117279, 0.989570, 0.083646,
		-0.982414, -0.103283, -0.155545,
		-0.145284, -0.100418, 0.984281,
		26.519835, 39.310272, 32.999714>
	pigment { color rgbt <0,1,1,0> }
	no_shadow
}
cylinder {
	<26.060570, 39.853600, 32.440506>,  <26.621532, 39.380566, 32.310719>, 0.130000
	pigment { color rgbt <1,0,0,0> }
	no_shadow
}

// nucleotide -1

// particle -1
sphere {
	<26.060570, 39.853600, 32.440506> 0.250000
	pigment { color rgbt <1,0,0,0> }
	no_shadow
}
cylinder {
	<26.277174, 39.784431, 32.769592>,  <26.407137, 39.742931, 32.967045>, 0.100000
	pigment { color rgbt <1,0,0,0> }
	no_shadow
}
cylinder {
	<26.277174, 39.784431, 32.769592>,  <26.060570, 39.853600, 32.440506>, 0.100000
	pigment { color rgbt <1,0,0,0> }
	no_shadow
}

// particle -1
sphere {
	<26.277174, 39.784431, 32.769592> 0.100000
	pigment { color rgbt <1,0,0,0> }
	no_shadow
}
sphere {
	0, 1
	scale<0.080000,0.200000,0.300000>
	matrix <-0.119069, 0.952979, 0.278664,
		-0.832220, -0.248860, 0.495458,
		0.541510, -0.172916, 0.822719,
		26.439627, 39.732555, 33.016407>
	pigment { color rgbt <0,1,1,0> }
	no_shadow
}
cylinder {
	<25.686623, 40.231976, 32.877491>,  <26.060570, 39.853600, 32.440506>, 0.130000
	pigment { color rgbt <1,0,0,0> }
	no_shadow
}

// nucleotide -1

// particle -1
sphere {
	<25.686623, 40.231976, 32.877491> 0.250000
	pigment { color rgbt <1,0,0,0> }
	no_shadow
}
cylinder {
	<26.031672, 40.184711, 33.074234>,  <26.238701, 40.156353, 33.192280>, 0.100000
	pigment { color rgbt <1,0,0,0> }
	no_shadow
}
cylinder {
	<26.031672, 40.184711, 33.074234>,  <25.686623, 40.231976, 32.877491>, 0.100000
	pigment { color rgbt <1,0,0,0> }
	no_shadow
}

// particle -1
sphere {
	<26.031672, 40.184711, 33.074234> 0.100000
	pigment { color rgbt <1,0,0,0> }
	no_shadow
}
sphere {
	0, 1
	scale<0.080000,0.200000,0.300000>
	matrix <-0.083294, 0.925882, 0.368516,
		-0.498943, -0.358859, 0.788845,
		0.862622, -0.118163, 0.491854,
		26.290459, 40.149261, 33.221790>
	pigment { color rgbt <0,1,1,0> }
	no_shadow
}
cylinder {
	<25.673019, 40.809334, 33.390369>,  <25.686623, 40.231976, 32.877491>, 0.130000
	pigment { color rgbt <1,0,0,0> }
	no_shadow
}

// nucleotide -1

// particle -1
sphere {
	<25.673019, 40.809334, 33.390369> 0.250000
	pigment { color rgbt <1,0,0,0> }
	no_shadow
}
cylinder {
	<26.046379, 40.667507, 33.412457>,  <26.270395, 40.582413, 33.425709>, 0.100000
	pigment { color rgbt <1,0,0,0> }
	no_shadow
}
cylinder {
	<26.046379, 40.667507, 33.412457>,  <25.673019, 40.809334, 33.390369>, 0.100000
	pigment { color rgbt <1,0,0,0> }
	no_shadow
}

// particle -1
sphere {
	<26.046379, 40.667507, 33.412457> 0.100000
	pigment { color rgbt <1,0,0,0> }
	no_shadow
}
sphere {
	0, 1
	scale<0.080000,0.200000,0.300000>
	matrix <0.316807, 0.886519, 0.337219,
		-0.168519, -0.297266, 0.939806,
		0.933399, -0.354565, 0.055220,
		26.326399, 40.561138, 33.429024>
	pigment { color rgbt <0,1,1,0> }
	no_shadow
}
cylinder {
	<25.939503, 40.895447, 34.060246>,  <25.673019, 40.809334, 33.390369>, 0.130000
	pigment { color rgbt <1,0,0,0> }
	no_shadow
}

// nucleotide -1

// particle -1
sphere {
	<25.939503, 40.895447, 34.060246> 0.250000
	pigment { color rgbt <1,0,0,0> }
	no_shadow
}
cylinder {
	<26.265333, 40.881863, 33.828621>,  <26.460831, 40.873714, 33.689644>, 0.100000
	pigment { color rgbt <1,0,0,0> }
	no_shadow
}
cylinder {
	<26.265333, 40.881863, 33.828621>,  <25.939503, 40.895447, 34.060246>, 0.100000
	pigment { color rgbt <1,0,0,0> }
	no_shadow
}

// particle -1
sphere {
	<26.265333, 40.881863, 33.828621> 0.100000
	pigment { color rgbt <1,0,0,0> }
	no_shadow
}
sphere {
	0, 1
	scale<0.080000,0.200000,0.300000>
	matrix <0.346776, 0.828755, 0.439216,
		0.464988, -0.558580, 0.686859,
		0.814575, -0.033956, -0.579063,
		26.509706, 40.871677, 33.654903>
	pigment { color rgbt <0,1,1,0> }
	no_shadow
}
cylinder {
	<26.503620, 41.105061, 34.517071>,  <25.939503, 40.895447, 34.060246>, 0.130000
	pigment { color rgbt <1,0,0,0> }
	no_shadow
}

// nucleotide -1

// particle -1
sphere {
	<26.503620, 41.105061, 34.517071> 0.250000
	pigment { color rgbt <1,0,0,0> }
	no_shadow
}
cylinder {
	<26.610872, 41.163662, 34.136200>,  <26.675224, 41.198822, 33.907677>, 0.100000
	pigment { color rgbt <1,0,0,0> }
	no_shadow
}
cylinder {
	<26.610872, 41.163662, 34.136200>,  <26.503620, 41.105061, 34.517071>, 0.100000
	pigment { color rgbt <1,0,0,0> }
	no_shadow
}

// particle -1
sphere {
	<26.610872, 41.163662, 34.136200> 0.100000
	pigment { color rgbt <1,0,0,0> }
	no_shadow
}
sphere {
	0, 1
	scale<0.080000,0.200000,0.300000>
	matrix <0.437631, 0.861983, 0.255859,
		0.858245, -0.485307, 0.167012,
		0.268132, 0.146500, -0.952178,
		26.691311, 41.207611, 33.850548>
	pigment { color rgbt <0,1,1,0> }
	no_shadow
}
cylinder {
	<27.223843, 41.403809, 34.617161>,  <26.503620, 41.105061, 34.517071>, 0.130000
	pigment { color rgbt <1,0,0,0> }
	no_shadow
}

// nucleotide -1

// particle -1
sphere {
	<27.223843, 41.403809, 34.617161> 0.250000
	pigment { color rgbt <1,0,0,0> }
	no_shadow
}
cylinder {
	<27.098223, 41.473785, 34.243900>,  <27.022852, 41.515770, 34.019943>, 0.100000
	pigment { color rgbt <1,0,0,0> }
	no_shadow
}
cylinder {
	<27.098223, 41.473785, 34.243900>,  <27.223843, 41.403809, 34.617161>, 0.100000
	pigment { color rgbt <1,0,0,0> }
	no_shadow
}

// particle -1
sphere {
	<27.098223, 41.473785, 34.243900> 0.100000
	pigment { color rgbt <1,0,0,0> }
	no_shadow
}
sphere {
	0, 1
	scale<0.080000,0.200000,0.300000>
	matrix <0.439695, 0.897917, 0.020357,
		0.841453, -0.403908, -0.358909,
		-0.314048, 0.174940, -0.933151,
		27.004009, 41.526268, 33.963955>
	pigment { color rgbt <0,1,1,0> }
	no_shadow
}
cylinder {
	<27.740253, 41.728386, 34.405201>,  <27.223843, 41.403809, 34.617161>, 0.130000
	pigment { color rgbt <1,0,0,0> }
	no_shadow
}

// nucleotide -1

// particle -1
sphere {
	<27.740253, 41.728386, 34.405201> 0.250000
	pigment { color rgbt <1,0,0,0> }
	no_shadow
}
cylinder {
	<27.455868, 41.848969, 34.151066>,  <27.285236, 41.921318, 33.998585>, 0.100000
	pigment { color rgbt <1,0,0,0> }
	no_shadow
}
cylinder {
	<27.455868, 41.848969, 34.151066>,  <27.740253, 41.728386, 34.405201>, 0.100000
	pigment { color rgbt <1,0,0,0> }
	no_shadow
}

// particle -1
sphere {
	<27.455868, 41.848969, 34.151066> 0.100000
	pigment { color rgbt <1,0,0,0> }
	no_shadow
}
sphere {
	0, 1
	scale<0.080000,0.200000,0.300000>
	matrix <0.362795, 0.931179, 0.035853,
		0.602417, -0.205005, -0.771405,
		-0.710966, 0.301461, -0.635333,
		27.242579, 41.939407, 33.960464>
	pigment { color rgbt <0,1,1,0> }
	no_shadow
}
cylinder {
	<28.038443, 42.142048, 33.923134>,  <27.740253, 41.728386, 34.405201>, 0.130000
	pigment { color rgbt <1,0,0,0> }
	no_shadow
}

// nucleotide -1

// particle -1
sphere {
	<28.038443, 42.142048, 33.923134> 0.250000
	pigment { color rgbt <1,0,0,0> }
	no_shadow
}
cylinder {
	<27.653839, 42.251507, 33.913204>,  <27.423077, 42.317181, 33.907246>, 0.100000
	pigment { color rgbt <1,0,0,0> }
	no_shadow
}
cylinder {
	<27.653839, 42.251507, 33.913204>,  <28.038443, 42.142048, 33.923134>, 0.100000
	pigment { color rgbt <1,0,0,0> }
	no_shadow
}

// particle -1
sphere {
	<27.653839, 42.251507, 33.913204> 0.100000
	pigment { color rgbt <1,0,0,0> }
	no_shadow
}
sphere {
	0, 1
	scale<0.080000,0.200000,0.300000>
	matrix <0.266534, 0.950828, 0.157749,
		0.066771, 0.145061, -0.987167,
		-0.961510, 0.273646, -0.024824,
		27.365387, 42.333599, 33.905758>
	pigment { color rgbt <0,1,1,0> }
	no_shadow
}
cylinder {
	<28.035187, 42.677124, 33.523399>,  <28.038443, 42.142048, 33.923134>, 0.130000
	pigment { color rgbt <1,0,0,0> }
	no_shadow
}

// nucleotide -1

// particle -1
sphere {
	<28.035187, 42.677124, 33.523399> 0.250000
	pigment { color rgbt <1,0,0,0> }
	no_shadow
}
cylinder {
	<27.692507, 42.697880, 33.728680>,  <27.486898, 42.710335, 33.851849>, 0.100000
	pigment { color rgbt <1,0,0,0> }
	no_shadow
}
cylinder {
	<27.692507, 42.697880, 33.728680>,  <28.035187, 42.677124, 33.523399>, 0.100000
	pigment { color rgbt <1,0,0,0> }
	no_shadow
}

// particle -1
sphere {
	<27.692507, 42.697880, 33.728680> 0.100000
	pigment { color rgbt <1,0,0,0> }
	no_shadow
}
sphere {
	0, 1
	scale<0.080000,0.200000,0.300000>
	matrix <0.140590, 0.980749, 0.135521,
		-0.496284, 0.188251, -0.847504,
		-0.856701, 0.051893, 0.513196,
		27.435497, 42.713448, 33.882637>
	pigment { color rgbt <0,1,1,0> }
	no_shadow
}
cylinder {
	<27.722752, 43.282463, 33.351112>,  <28.035187, 42.677124, 33.523399>, 0.130000
	pigment { color rgbt <1,0,0,0> }
	no_shadow
}

// nucleotide -1

// particle -1
sphere {
	<27.722752, 43.282463, 33.351112> 0.250000
	pigment { color rgbt <1,0,0,0> }
	no_shadow
}
cylinder {
	<27.498045, 43.235752, 33.678719>,  <27.363222, 43.207726, 33.875282>, 0.100000
	pigment { color rgbt <1,0,0,0> }
	no_shadow
}
cylinder {
	<27.498045, 43.235752, 33.678719>,  <27.722752, 43.282463, 33.351112>, 0.100000
	pigment { color rgbt <1,0,0,0> }
	no_shadow
}

// particle -1
sphere {
	<27.498045, 43.235752, 33.678719> 0.100000
	pigment { color rgbt <1,0,0,0> }
	no_shadow
}
sphere {
	0, 1
	scale<0.080000,0.200000,0.300000>
	matrix <0.046542, 0.983958, 0.172220,
		-0.825987, 0.134865, -0.547318,
		-0.561764, -0.116778, 0.819014,
		27.329515, 43.200718, 33.924423>
	pigment { color rgbt <0,1,1,0> }
	no_shadow
}
cylinder {
	<27.287457, 43.958927, 33.434898>,  <27.722752, 43.282463, 33.351112>, 0.130000
	pigment { color rgbt <1,0,0,0> }
	no_shadow
}

// nucleotide -1

// particle -1
sphere {
	<27.287457, 43.958927, 33.434898> 0.250000
	pigment { color rgbt <1,0,0,0> }
	no_shadow
}
cylinder {
	<27.266504, 43.771961, 33.787891>,  <27.253933, 43.659782, 33.999687>, 0.100000
	pigment { color rgbt <1,0,0,0> }
	no_shadow
}
cylinder {
	<27.266504, 43.771961, 33.787891>,  <27.287457, 43.958927, 33.434898>, 0.100000
	pigment { color rgbt <1,0,0,0> }
	no_shadow
}

// particle -1
sphere {
	<27.266504, 43.771961, 33.787891> 0.100000
	pigment { color rgbt <1,0,0,0> }
	no_shadow
}
sphere {
	0, 1
	scale<0.080000,0.200000,0.300000>
	matrix <-0.044828, 0.883909, 0.465507,
		-0.997621, -0.015176, -0.067253,
		-0.052381, -0.467414, 0.882486,
		27.250790, 43.631737, 34.052635>
	pigment { color rgbt <0,1,1,0> }
	no_shadow
}
cylinder {
	<26.729136, 44.321644, 33.705238>,  <27.287457, 43.958927, 33.434898>, 0.130000
	pigment { color rgbt <1,0,0,0> }
	no_shadow
}

// nucleotide -1

// particle -1
sphere {
	<26.729136, 44.321644, 33.705238> 0.250000
	pigment { color rgbt <1,0,0,0> }
	no_shadow
}
cylinder {
	<26.969080, 44.142536, 33.970470>,  <27.113047, 44.035072, 34.129608>, 0.100000
	pigment { color rgbt <1,0,0,0> }
	no_shadow
}
cylinder {
	<26.969080, 44.142536, 33.970470>,  <26.729136, 44.321644, 33.705238>, 0.100000
	pigment { color rgbt <1,0,0,0> }
	no_shadow
}

// particle -1
sphere {
	<26.969080, 44.142536, 33.970470> 0.100000
	pigment { color rgbt <1,0,0,0> }
	no_shadow
}
sphere {
	0, 1
	scale<0.080000,0.200000,0.300000>
	matrix <0.148275, 0.876597, 0.457812,
		-0.786245, -0.176305, 0.592229,
		0.599861, -0.447765, 0.663079,
		27.149038, 44.008205, 34.169395>
	pigment { color rgbt <0,1,1,0> }
	no_shadow
}
cylinder {
	<26.615761, 44.579559, 34.394218>,  <26.729136, 44.321644, 33.705238>, 0.130000
	pigment { color rgbt <1,0,0,0> }
	no_shadow
}

// nucleotide -1

// particle -1
sphere {
	<26.615761, 44.579559, 34.394218> 0.250000
	pigment { color rgbt <1,0,0,0> }
	no_shadow
}
cylinder {
	<26.982542, 44.424377, 34.431515>,  <27.202610, 44.331268, 34.453892>, 0.100000
	pigment { color rgbt <1,0,0,0> }
	no_shadow
}
cylinder {
	<26.982542, 44.424377, 34.431515>,  <26.615761, 44.579559, 34.394218>, 0.100000
	pigment { color rgbt <1,0,0,0> }
	no_shadow
}

// particle -1
sphere {
	<26.982542, 44.424377, 34.431515> 0.100000
	pigment { color rgbt <1,0,0,0> }
	no_shadow
}
sphere {
	0, 1
	scale<0.080000,0.200000,0.300000>
	matrix <0.338437, 0.880011, 0.333229,
		-0.211333, -0.273997, 0.938224,
		0.916951, -0.387952, 0.093244,
		27.257627, 44.307991, 34.459488>
	pigment { color rgbt <0,1,1,0> }
	no_shadow
}
cylinder {
	<26.900694, 44.514950, 35.105549>,  <26.615761, 44.579559, 34.394218>, 0.130000
	pigment { color rgbt <1,0,0,0> }
	no_shadow
}

// nucleotide -1

// particle -1
sphere {
	<26.900694, 44.514950, 35.105549> 0.250000
	pigment { color rgbt <1,0,0,0> }
	no_shadow
}
cylinder {
	<27.178749, 44.562767, 34.822002>,  <27.345583, 44.591457, 34.651875>, 0.100000
	pigment { color rgbt <1,0,0,0> }
	no_shadow
}
cylinder {
	<27.178749, 44.562767, 34.822002>,  <26.900694, 44.514950, 35.105549>, 0.100000
	pigment { color rgbt <1,0,0,0> }
	no_shadow
}

// particle -1
sphere {
	<27.178749, 44.562767, 34.822002> 0.100000
	pigment { color rgbt <1,0,0,0> }
	no_shadow
}
sphere {
	0, 1
	scale<0.080000,0.200000,0.300000>
	matrix <0.331109, 0.822008, 0.463324,
		0.638083, -0.556786, 0.531826,
		0.695138, 0.119547, -0.708867,
		27.387291, 44.598633, 34.609341>
	pigment { color rgbt <0,1,1,0> }
	no_shadow
}
cylinder {
	<27.577929, 44.557610, 35.449604>,  <26.900694, 44.514950, 35.105549>, 0.130000
	pigment { color rgbt <1,0,0,0> }
	no_shadow
}

// nucleotide -1

// particle -1
sphere {
	<27.577929, 44.557610, 35.449604> 0.250000
	pigment { color rgbt <1,0,0,0> }
	no_shadow
}
cylinder {
	<27.587660, 44.752781, 35.100586>,  <27.593498, 44.869884, 34.891174>, 0.100000
	pigment { color rgbt <1,0,0,0> }
	no_shadow
}
cylinder {
	<27.587660, 44.752781, 35.100586>,  <27.577929, 44.557610, 35.449604>, 0.100000
	pigment { color rgbt <1,0,0,0> }
	no_shadow
}

// particle -1
sphere {
	<27.587660, 44.752781, 35.100586> 0.100000
	pigment { color rgbt <1,0,0,0> }
	no_shadow
}
sphere {
	0, 1
	scale<0.080000,0.200000,0.300000>
	matrix <0.478689, 0.760555, 0.438649,
		0.877647, -0.428349, -0.215064,
		0.024327, 0.487928, -0.872545,
		27.594957, 44.899158, 34.838821>
	pigment { color rgbt <0,1,1,0> }
	no_shadow
}
cylinder {
	<28.281189, 44.771809, 35.215435>,  <27.577929, 44.557610, 35.449604>, 0.130000
	pigment { color rgbt <1,0,0,0> }
	no_shadow
}

// nucleotide -1

// particle -1
sphere {
	<28.281189, 44.771809, 35.215435> 0.250000
	pigment { color rgbt <1,0,0,0> }
	no_shadow
}
cylinder {
	<28.035368, 45.018856, 35.019119>,  <27.887877, 45.167084, 34.901329>, 0.100000
	pigment { color rgbt <1,0,0,0> }
	no_shadow
}
cylinder {
	<28.035368, 45.018856, 35.019119>,  <28.281189, 44.771809, 35.215435>, 0.100000
	pigment { color rgbt <1,0,0,0> }
	no_shadow
}

// particle -1
sphere {
	<28.035368, 45.018856, 35.019119> 0.100000
	pigment { color rgbt <1,0,0,0> }
	no_shadow
}
sphere {
	0, 1
	scale<0.080000,0.200000,0.300000>
	matrix <0.426227, 0.783468, 0.452226,
		0.663821, 0.068729, -0.744727,
		-0.614551, 0.617620, -0.490788,
		27.851004, 45.204144, 34.871883>
	pigment { color rgbt <0,1,1,0> }
	no_shadow
}
cylinder {
	<28.624010, 45.138592, 34.759491>,  <28.281189, 44.771809, 35.215435>, 0.130000
	pigment { color rgbt <1,0,0,0> }
	no_shadow
}

// nucleotide -1

// particle -1
sphere {
	<28.624010, 45.138592, 34.759491> 0.250000
	pigment { color rgbt <1,0,0,0> }
	no_shadow
}
cylinder {
	<28.330017, 45.291985, 34.983185>,  <28.153622, 45.384018, 35.117401>, 0.100000
	pigment { color rgbt <1,0,0,0> }
	no_shadow
}
cylinder {
	<28.330017, 45.291985, 34.983185>,  <28.624010, 45.138592, 34.759491>, 0.100000
	pigment { color rgbt <1,0,0,0> }
	no_shadow
}

// particle -1
sphere {
	<28.330017, 45.291985, 34.983185> 0.100000
	pigment { color rgbt <1,0,0,0> }
	no_shadow
}
sphere {
	0, 1
	scale<0.080000,0.200000,0.300000>
	matrix <0.659015, 0.598191, 0.455924,
		-0.159694, 0.703642, -0.692377,
		-0.734981, 0.383479, 0.559238,
		28.109524, 45.407028, 35.150955>
	pigment { color rgbt <0,1,1,0> }
	no_shadow
}
cylinder {
	<29.327509, 45.133629, 34.468483>,  <28.624010, 45.138592, 34.759491>, 0.130000
	pigment { color rgbt <1,0,0,0> }
	no_shadow
}

// nucleotide -1

// particle -1
sphere {
	<29.327509, 45.133629, 34.468483> 0.250000
	pigment { color rgbt <1,0,0,0> }
	no_shadow
}
cylinder {
	<29.710350, 45.116779, 34.353817>,  <29.940056, 45.106670, 34.285019>, 0.100000
	pigment { color rgbt <1,0,0,0> }
	no_shadow
}
cylinder {
	<29.710350, 45.116779, 34.353817>,  <29.327509, 45.133629, 34.468483>, 0.100000
	pigment { color rgbt <1,0,0,0> }
	no_shadow
}

// particle -1
sphere {
	<29.710350, 45.116779, 34.353817> 0.100000
	pigment { color rgbt <1,0,0,0> }
	no_shadow
}
sphere {
	0, 1
	scale<0.080000,0.200000,0.300000>
	matrix <0.126737, -0.828841, 0.544941,
		-0.260553, -0.557897, -0.787949,
		0.957105, -0.042124, -0.286663,
		29.997482, 45.104141, 34.267818>
	pigment { color rgbt <0,1,1,0> }
	no_shadow
}
cylinder {
	<29.501749, 44.537556, 34.088036>,  <29.327509, 45.133629, 34.468483>, 0.130000
	pigment { color rgbt <1,0,0,0> }
	no_shadow
}

// nucleotide -1

// particle -1
sphere {
	<29.501749, 44.537556, 34.088036> 0.250000
	pigment { color rgbt <1,0,0,0> }
	no_shadow
}
cylinder {
	<29.831837, 44.672131, 34.269505>,  <30.029890, 44.752876, 34.378387>, 0.100000
	pigment { color rgbt <1,0,0,0> }
	no_shadow
}
cylinder {
	<29.831837, 44.672131, 34.269505>,  <29.501749, 44.537556, 34.088036>, 0.100000
	pigment { color rgbt <1,0,0,0> }
	no_shadow
}

// particle -1
sphere {
	<29.831837, 44.672131, 34.269505> 0.100000
	pigment { color rgbt <1,0,0,0> }
	no_shadow
}
sphere {
	0, 1
	scale<0.080000,0.200000,0.300000>
	matrix <0.166617, -0.912495, 0.373621,
		0.539677, -0.232729, -0.809065,
		0.825219, 0.336438, 0.453676,
		30.079403, 44.773064, 34.405609>
	pigment { color rgbt <0,1,1,0> }
	no_shadow
}
cylinder {
	<30.147680, 44.229649, 33.891071>,  <29.501749, 44.537556, 34.088036>, 0.130000
	pigment { color rgbt <1,0,0,0> }
	no_shadow
}

// nucleotide -1

// particle -1
sphere {
	<30.147680, 44.229649, 33.891071> 0.250000
	pigment { color rgbt <1,0,0,0> }
	no_shadow
}
cylinder {
	<30.191236, 44.323566, 34.277443>,  <30.217369, 44.379917, 34.509266>, 0.100000
	pigment { color rgbt <1,0,0,0> }
	no_shadow
}
cylinder {
	<30.191236, 44.323566, 34.277443>,  <30.147680, 44.229649, 33.891071>, 0.100000
	pigment { color rgbt <1,0,0,0> }
	no_shadow
}

// particle -1
sphere {
	<30.191236, 44.323566, 34.277443> 0.100000
	pigment { color rgbt <1,0,0,0> }
	no_shadow
}
sphere {
	0, 1
	scale<0.080000,0.200000,0.300000>
	matrix <-0.123052, -0.961047, 0.247480,
		0.986408, -0.145807, -0.075755,
		0.108888, 0.234794, 0.965927,
		30.223904, 44.394005, 34.567223>
	pigment { color rgbt <0,1,1,0> }
	no_shadow
}
cylinder {
	<30.669544, 43.852703, 34.091373>,  <30.147680, 44.229649, 33.891071>, 0.130000
	pigment { color rgbt <1,0,0,0> }
	no_shadow
}

// nucleotide -1

// particle -1
sphere {
	<30.669544, 43.852703, 34.091373> 0.250000
	pigment { color rgbt <1,0,0,0> }
	no_shadow
}
cylinder {
	<30.404734, 43.929043, 34.381283>,  <30.245848, 43.974846, 34.555229>, 0.100000
	pigment { color rgbt <1,0,0,0> }
	no_shadow
}
cylinder {
	<30.404734, 43.929043, 34.381283>,  <30.669544, 43.852703, 34.091373>, 0.100000
	pigment { color rgbt <1,0,0,0> }
	no_shadow
}

// particle -1
sphere {
	<30.404734, 43.929043, 34.381283> 0.100000
	pigment { color rgbt <1,0,0,0> }
	no_shadow
}
sphere {
	0, 1
	scale<0.080000,0.200000,0.300000>
	matrix <-0.019106, -0.971018, 0.238241,
		0.749238, 0.143874, 0.646485,
		-0.662025, 0.190851, 0.724775,
		30.206125, 43.986298, 34.598717>
	pigment { color rgbt <0,1,1,0> }
	no_shadow
}
cylinder {
	<30.906752, 43.663292, 34.802532>,  <30.669544, 43.852703, 34.091373>, 0.130000
	pigment { color rgbt <1,0,0,0> }
	no_shadow
}

// nucleotide -1

// particle -1
sphere {
	<30.906752, 43.663292, 34.802532> 0.250000
	pigment { color rgbt <1,0,0,0> }
	no_shadow
}
cylinder {
	<30.518085, 43.617981, 34.719551>,  <30.284885, 43.590794, 34.669762>, 0.100000
	pigment { color rgbt <1,0,0,0> }
	no_shadow
}
cylinder {
	<30.518085, 43.617981, 34.719551>,  <30.906752, 43.663292, 34.802532>, 0.100000
	pigment { color rgbt <1,0,0,0> }
	no_shadow
}

// particle -1
sphere {
	<30.518085, 43.617981, 34.719551> 0.100000
	pigment { color rgbt <1,0,0,0> }
	no_shadow
}
sphere {
	0, 1
	scale<0.080000,0.200000,0.300000>
	matrix <0.060748, -0.967876, 0.243977,
		-0.228423, 0.224462, 0.947333,
		-0.971665, -0.113278, -0.207450,
		30.226585, 43.583996, 34.657314>
	pigment { color rgbt <0,1,1,0> }
	no_shadow
}
cylinder {
	<30.720066, 43.255669, 35.290817>,  <30.906752, 43.663292, 34.802532>, 0.130000
	pigment { color rgbt <1,0,0,0> }
	no_shadow
}

// nucleotide -1

// particle -1
sphere {
	<30.720066, 43.255669, 35.290817> 0.250000
	pigment { color rgbt <1,0,0,0> }
	no_shadow
}
cylinder {
	<30.429564, 43.220882, 35.018055>,  <30.255262, 43.200008, 34.854401>, 0.100000
	pigment { color rgbt <1,0,0,0> }
	no_shadow
}
cylinder {
	<30.429564, 43.220882, 35.018055>,  <30.720066, 43.255669, 35.290817>, 0.100000
	pigment { color rgbt <1,0,0,0> }
	no_shadow
}

// particle -1
sphere {
	<30.429564, 43.220882, 35.018055> 0.100000
	pigment { color rgbt <1,0,0,0> }
	no_shadow
}
sphere {
	0, 1
	scale<0.080000,0.200000,0.300000>
	matrix <-0.047151, -0.983327, 0.175628,
		-0.685805, 0.159703, 0.710047,
		-0.726256, -0.086967, -0.681901,
		30.211687, 43.194794, 34.813484>
	pigment { color rgbt <0,1,1,0> }
	no_shadow
}
cylinder {
	<30.203623, 42.930767, 35.620331>,  <30.720066, 43.255669, 35.290817>, 0.130000
	pigment { color rgbt <1,0,0,0> }
	no_shadow
}

// nucleotide -1

// particle -1
sphere {
	<30.203623, 42.930767, 35.620331> 0.250000
	pigment { color rgbt <1,0,0,0> }
	no_shadow
}
cylinder {
	<30.129738, 42.871357, 35.231728>,  <30.085407, 42.835712, 34.998566>, 0.100000
	pigment { color rgbt <1,0,0,0> }
	no_shadow
}
cylinder {
	<30.129738, 42.871357, 35.231728>,  <30.203623, 42.930767, 35.620331>, 0.100000
	pigment { color rgbt <1,0,0,0> }
	no_shadow
}

// particle -1
sphere {
	<30.129738, 42.871357, 35.231728> 0.100000
	pigment { color rgbt <1,0,0,0> }
	no_shadow
}
sphere {
	0, 1
	scale<0.080000,0.200000,0.300000>
	matrix <0.003957, -0.988619, 0.150391,
		-0.982784, 0.023935, 0.183200,
		-0.184715, -0.148527, -0.971504,
		30.074324, 42.826797, 34.940277>
	pigment { color rgbt <0,1,1,0> }
	no_shadow
}
cylinder {
	<29.597519, 42.472591, 35.523891>,  <30.203623, 42.930767, 35.620331>, 0.130000
	pigment { color rgbt <1,0,0,0> }
	no_shadow
}

// nucleotide -1

// particle -1
sphere {
	<29.597519, 42.472591, 35.523891> 0.250000
	pigment { color rgbt <1,0,0,0> }
	no_shadow
}
cylinder {
	<29.821480, 42.444561, 35.193657>,  <29.955856, 42.427742, 34.995514>, 0.100000
	pigment { color rgbt <1,0,0,0> }
	no_shadow
}
cylinder {
	<29.821480, 42.444561, 35.193657>,  <29.597519, 42.472591, 35.523891>, 0.100000
	pigment { color rgbt <1,0,0,0> }
	no_shadow
}

// particle -1
sphere {
	<29.821480, 42.444561, 35.193657> 0.100000
	pigment { color rgbt <1,0,0,0> }
	no_shadow
}
sphere {
	0, 1
	scale<0.080000,0.200000,0.300000>
	matrix <-0.087142, -0.995871, 0.025428,
		-0.823963, 0.057707, -0.563697,
		0.559903, -0.070074, -0.825590,
		29.989450, 42.423538, 34.945980>
	pigment { color rgbt <0,1,1,0> }
	no_shadow
}
cylinder {
	<29.264591, 41.975689, 35.126850>,  <29.597519, 42.472591, 35.523891>, 0.130000
	pigment { color rgbt <1,0,0,0> }
	no_shadow
}

// nucleotide -1

// particle -1
sphere {
	<29.264591, 41.975689, 35.126850> 0.250000
	pigment { color rgbt <1,0,0,0> }
	no_shadow
}
cylinder {
	<29.625824, 42.002327, 34.957138>,  <29.842564, 42.018311, 34.855312>, 0.100000
	pigment { color rgbt <1,0,0,0> }
	no_shadow
}
cylinder {
	<29.625824, 42.002327, 34.957138>,  <29.264591, 41.975689, 35.126850>, 0.100000
	pigment { color rgbt <1,0,0,0> }
	no_shadow
}

// particle -1
sphere {
	<29.625824, 42.002327, 34.957138> 0.100000
	pigment { color rgbt <1,0,0,0> }
	no_shadow
}
sphere {
	0, 1
	scale<0.080000,0.200000,0.300000>
	matrix <-0.003750, -0.986645, -0.162844,
		-0.429454, 0.148652, -0.890771,
		0.903081, 0.066594, -0.424276,
		29.896748, 42.022305, 34.829857>
	pigment { color rgbt <0,1,1,0> }
	no_shadow
}
cylinder {
	<29.197659, 41.548378, 34.536655>,  <29.264591, 41.975689, 35.126850>, 0.130000
	pigment { color rgbt <1,0,0,0> }
	no_shadow
}

// nucleotide -1

// particle -1
sphere {
	<29.197659, 41.548378, 34.536655> 0.250000
	pigment { color rgbt <1,0,0,0> }
	no_shadow
}
cylinder {
	<29.593365, 41.578396, 34.586807>,  <29.830790, 41.596405, 34.616898>, 0.100000
	pigment { color rgbt <1,0,0,0> }
	no_shadow
}
cylinder {
	<29.593365, 41.578396, 34.586807>,  <29.197659, 41.548378, 34.536655>, 0.100000
	pigment { color rgbt <1,0,0,0> }
	no_shadow
}

// particle -1
sphere {
	<29.593365, 41.578396, 34.586807> 0.100000
	pigment { color rgbt <1,0,0,0> }
	no_shadow
}
sphere {
	0, 1
	scale<0.080000,0.200000,0.300000>
	matrix <0.097767, -0.977628, -0.186241,
		0.108595, 0.196499, -0.974472,
		0.989267, 0.075046, 0.125376,
		29.890144, 41.600910, 34.624420>
	pigment { color rgbt <0,1,1,0> }
	no_shadow
}
cylinder {
	<29.485960, 41.301571, 33.992531>,  <29.197659, 41.548378, 34.536655>, 0.130000
	pigment { color rgbt <1,0,0,0> }
	no_shadow
}

// nucleotide -1

// particle -1
sphere {
	<29.485960, 41.301571, 33.992531> 0.250000
	pigment { color rgbt <1,0,0,0> }
	no_shadow
}
cylinder {
	<29.754108, 41.272289, 34.287895>,  <29.914997, 41.254723, 34.465115>, 0.100000
	pigment { color rgbt <1,0,0,0> }
	no_shadow
}
cylinder {
	<29.754108, 41.272289, 34.287895>,  <29.485960, 41.301571, 33.992531>, 0.100000
	pigment { color rgbt <1,0,0,0> }
	no_shadow
}

// particle -1
sphere {
	<29.754108, 41.272289, 34.287895> 0.100000
	pigment { color rgbt <1,0,0,0> }
	no_shadow
}
sphere {
	0, 1
	scale<0.080000,0.200000,0.300000>
	matrix <0.074839, -0.983378, -0.165431,
		0.738242, 0.166162, -0.653749,
		0.670371, -0.073202, 0.738407,
		29.955219, 41.250328, 34.509418>
	pigment { color rgbt <0,1,1,0> }
	no_shadow
}
cylinder {
	<29.845915, 40.742867, 33.745995>,  <29.485960, 41.301571, 33.992531>, 0.130000
	pigment { color rgbt <1,0,0,0> }
	no_shadow
}

// nucleotide -1

// particle -1
sphere {
	<29.845915, 40.742867, 33.745995> 0.250000
	pigment { color rgbt <1,0,0,0> }
	no_shadow
}
cylinder {
	<29.929148, 40.800377, 34.132988>,  <29.979088, 40.834881, 34.365185>, 0.100000
	pigment { color rgbt <1,0,0,0> }
	no_shadow
}
cylinder {
	<29.929148, 40.800377, 34.132988>,  <29.845915, 40.742867, 33.745995>, 0.100000
	pigment { color rgbt <1,0,0,0> }
	no_shadow
}

// particle -1
sphere {
	<29.929148, 40.800377, 34.132988> 0.100000
	pigment { color rgbt <1,0,0,0> }
	no_shadow
}
sphere {
	0, 1
	scale<0.080000,0.200000,0.300000>
	matrix <-0.123118, -0.977421, 0.171729,
