// switches for output
#declare DRAW_BASES = 1; // possible values are 0, 1; only relevant for DNA ribbons
#declare DRAW_BASES_TYPE = 3; // possible values are 1, 2, 3; only relevant for DNA ribbons
#declare DRAW_FOG = 0; // set to 1 to enable fog

#include "colors.inc"

#include "transforms.inc"
background { rgb <1, 1, 1>}

#default {
   normal{
       ripples 0.25
       frequency 0.20
       turbulence 0.2
       lambda 5
   }
	finish {
		phong 0.1
		phong_size 40.
	}
}

// original window dimensions: 1024x640


// camera settings

camera {
	sky <0, 0.179814, -0.983701>
	up <0, 0.179814, -0.983701>
	right 1.6 * <1, 0, 0>
	location <35, 94.9851, 44.8844>
	look_at <35, 29.7336, 32.9568>
	direction <0, -65.2515, -11.9276>
	angle 67.0682
}


# declare cpy_camera_pos = <35, 94.9851, 44.8844>;
# if (DRAW_FOG = 1)
fog {
	fog_type 2
	up vnormalize(cpy_camera_pos)
	color rgbt<1,1,1,0.3>
	distance 1e-5
	fog_alt 3e-3
	fog_offset 56
}
# end


// LIGHTS

# declare lum = 6;
global_settings {
	ambient_light rgb lum * <0.05, 0.05, 0.05>
	max_trace_level 15
}# declare cpy_direct_light_amount = 0.25;
light_source
{	1000 * <-1, -1.16352, -0.803886>,
	rgb lum * cpy_direct_light_amount
	parallel
}

light_source
{	1000 * <1, 1.16352, 0.803886>,
	rgb lum * cpy_direct_light_amount
	parallel
}

// strand 0

// nucleotide -1

// particle -1
sphere {
	<24.221451, 35.421822, 34.867458> 0.250000
	pigment { color rgbt <1,0,0,0> }
	no_shadow
}
cylinder {
	<24.309662, 35.031956, 34.882446>,  <24.362589, 34.798038, 34.891438>, 0.100000
	pigment { color rgbt <1,0,0,0> }
	no_shadow
}
cylinder {
	<24.309662, 35.031956, 34.882446>,  <24.221451, 35.421822, 34.867458>, 0.100000
	pigment { color rgbt <1,0,0,0> }
	no_shadow
}

// particle -1
sphere {
	<24.309662, 35.031956, 34.882446> 0.100000
	pigment { color rgbt <1,0,0,0> }
	no_shadow
}
sphere {
	0, 1
	scale<0.080000,0.200000,0.300000>
	matrix <0.928984, 0.198176, -0.312594,
		0.297247, 0.103744, 0.949148,
		0.220528, -0.974661, 0.037469,
		24.375820, 34.739559, 34.893688>
	pigment { color rgbt <0,1,1,0> }
	no_shadow
}
cylinder {
	<24.895189, 35.278156, 35.240608>,  <24.221451, 35.421822, 34.867458>, 0.130000
	pigment { color rgbt <1,0,0,0> }
	no_shadow
}

// nucleotide -1

// particle -1
sphere {
	<24.895189, 35.278156, 35.240608> 0.250000
	pigment { color rgbt <1,0,0,0> }
	no_shadow
}
cylinder {
	<24.844610, 34.986126, 34.971985>,  <24.814262, 34.810905, 34.810810>, 0.100000
	pigment { color rgbt <1,0,0,0> }
	no_shadow
}
cylinder {
	<24.844610, 34.986126, 34.971985>,  <24.895189, 35.278156, 35.240608>, 0.100000
	pigment { color rgbt <1,0,0,0> }
	no_shadow
}

// particle -1
sphere {
	<24.844610, 34.986126, 34.971985> 0.100000
	pigment { color rgbt <1,0,0,0> }
	no_shadow
}
sphere {
	0, 1
	scale<0.080000,0.200000,0.300000>
	matrix <0.982607, 0.000632, -0.185699,
		0.135999, -0.683363, 0.717300,
		-0.126447, -0.730078, -0.671563,
		24.806677, 34.767101, 34.770515>
	pigment { color rgbt <0,1,1,0> }
	no_shadow
}
cylinder {
	<25.202543, 34.490681, 35.373608>,  <24.895189, 35.278156, 35.240608>, 0.130000
	pigment { color rgbt <1,0,0,0> }
	no_shadow
}

// nucleotide -1

// particle -1
sphere {
	<25.202543, 34.490681, 35.373608> 0.250000
	pigment { color rgbt <1,0,0,0> }
	no_shadow
}
cylinder {
	<25.226063, 34.617813, 34.995079>,  <25.240175, 34.694092, 34.767963>, 0.100000
	pigment { color rgbt <1,0,0,0> }
	no_shadow
}
cylinder {
	<25.226063, 34.617813, 34.995079>,  <25.202543, 34.490681, 35.373608>, 0.100000
	pigment { color rgbt <1,0,0,0> }
	no_shadow
}

// particle -1
sphere {
	<25.226063, 34.617813, 34.995079> 0.100000
	pigment { color rgbt <1,0,0,0> }
	no_shadow
}
sphere {
	0, 1
	scale<0.080000,0.200000,0.300000>
	matrix <0.995237, -0.092507, 0.030771,
		-0.077761, -0.943623, -0.321760,
		0.058801, 0.317834, -0.946321,
		25.243704, 34.713165, 34.711182>
	pigment { color rgbt <0,1,1,0> }
	no_shadow
}
cylinder {
	<25.483980, 33.990120, 34.976311>,  <25.202543, 34.490681, 35.373608>, 0.130000
	pigment { color rgbt <1,0,0,0> }
	no_shadow
}

// nucleotide -1

// particle -1
sphere {
	<25.483980, 33.990120, 34.976311> 0.250000
	pigment { color rgbt <1,0,0,0> }
	no_shadow
}
cylinder {
	<25.562288, 34.364552, 34.859398>,  <25.609272, 34.589211, 34.789249>, 0.100000
	pigment { color rgbt <1,0,0,0> }
	no_shadow
}
cylinder {
	<25.562288, 34.364552, 34.859398>,  <25.483980, 33.990120, 34.976311>, 0.100000
	pigment { color rgbt <1,0,0,0> }
	no_shadow
}

// particle -1
sphere {
	<25.562288, 34.364552, 34.859398> 0.100000
	pigment { color rgbt <1,0,0,0> }
	no_shadow
}
sphere {
	0, 1
	scale<0.080000,0.200000,0.300000>
	matrix <0.959690, -0.121583, 0.253402,
		0.201668, -0.330108, -0.922149,
		0.195768, 0.936080, -0.292282,
		25.621019, 34.645374, 34.771713>
	pigment { color rgbt <0,1,1,0> }
	no_shadow
}
cylinder {
	<26.086668, 34.039116, 34.433430>,  <25.483980, 33.990120, 34.976311>, 0.130000
	pigment { color rgbt <1,0,0,0> }
	no_shadow
}

// nucleotide -1

// particle -1
sphere {
	<26.086668, 34.039116, 34.433430> 0.250000
	pigment { color rgbt <1,0,0,0> }
	no_shadow
}
cylinder {
	<26.075377, 34.372108, 34.654762>,  <26.068602, 34.571903, 34.787563>, 0.100000
	pigment { color rgbt <1,0,0,0> }
	no_shadow
}
cylinder {
	<26.075377, 34.372108, 34.654762>,  <26.086668, 34.039116, 34.433430>, 0.100000
	pigment { color rgbt <1,0,0,0> }
	no_shadow
}

// particle -1
sphere {
	<26.075377, 34.372108, 34.654762> 0.100000
	pigment { color rgbt <1,0,0,0> }
	no_shadow
}
sphere {
	0, 1
	scale<0.080000,0.200000,0.300000>
	matrix <0.866984, -0.255133, 0.428073,
		0.497536, 0.491816, -0.714545,
		-0.028229, 0.832481, 0.553334,
		26.066908, 34.621853, 34.820763>
	pigment { color rgbt <0,1,1,0> }
	no_shadow
}
cylinder {
	<26.724037, 34.516006, 34.405224>,  <26.086668, 34.039116, 34.433430>, 0.130000
	pigment { color rgbt <1,0,0,0> }
	no_shadow
}

// nucleotide -1

// particle -1
sphere {
	<26.724037, 34.516006, 34.405224> 0.250000
	pigment { color rgbt <1,0,0,0> }
	no_shadow
}
cylinder {
	<26.567051, 34.571350, 34.768944>,  <26.472858, 34.604557, 34.987175>, 0.100000
	pigment { color rgbt <1,0,0,0> }
	no_shadow
}
cylinder {
	<26.567051, 34.571350, 34.768944>,  <26.724037, 34.516006, 34.405224>, 0.100000
	pigment { color rgbt <1,0,0,0> }
	no_shadow
}

// particle -1
sphere {
	<26.567051, 34.571350, 34.768944> 0.100000
	pigment { color rgbt <1,0,0,0> }
	no_shadow
}
sphere {
	0, 1
	scale<0.080000,0.200000,0.300000>
	matrix <0.889503, -0.194419, 0.413504,
		0.233996, 0.971112, -0.046766,
		-0.392466, 0.138356, 0.909301,
		26.449310, 34.612858, 35.041733>
	pigment { color rgbt <0,1,1,0> }
	no_shadow
}
cylinder {
	<27.115108, 35.018223, 34.875969>,  <26.724037, 34.516006, 34.405224>, 0.130000
	pigment { color rgbt <1,0,0,0> }
	no_shadow
}

// nucleotide -1

// particle -1
sphere {
	<27.115108, 35.018223, 34.875969> 0.250000
	pigment { color rgbt <1,0,0,0> }
	no_shadow
}
cylinder {
	<26.938057, 34.699135, 35.039787>,  <26.831827, 34.507683, 35.138077>, 0.100000
	pigment { color rgbt <1,0,0,0> }
	no_shadow
}
cylinder {
	<26.938057, 34.699135, 35.039787>,  <27.115108, 35.018223, 34.875969>, 0.100000
	pigment { color rgbt <1,0,0,0> }
	no_shadow
}

// particle -1
sphere {
	<26.938057, 34.699135, 35.039787> 0.100000
	pigment { color rgbt <1,0,0,0> }
	no_shadow
}
sphere {
	0, 1
	scale<0.080000,0.200000,0.300000>
	matrix <0.861005, -0.250500, 0.442628,
		-0.250500, 0.548541, 0.797717,
		-0.442628, -0.797717, 0.409547,
		26.805269, 34.459820, 35.162651>
	pigment { color rgbt <0,1,1,0> }
	no_shadow
}
cylinder {
	<27.712921, 34.911850, 34.254925>,  <27.115108, 35.018223, 34.875969>, 0.130000
	pigment { color rgbt <1,0,0,0> }
	no_shadow
}

// nucleotide -1

// particle -1
sphere {
	<27.712921, 34.911850, 34.254925> 0.250000
	pigment { color rgbt <1,0,0,0> }
	no_shadow
}
cylinder {
	<28.059057, 34.722111, 34.190205>,  <28.266739, 34.608269, 34.151371>, 0.100000
	pigment { color rgbt <1,0,0,0> }
	no_shadow
}
cylinder {
	<28.059057, 34.722111, 34.190205>,  <27.712921, 34.911850, 34.254925>, 0.100000
	pigment { color rgbt <1,0,0,0> }
	no_shadow
}

// particle -1
sphere {
	<28.059057, 34.722111, 34.190205> 0.100000
	pigment { color rgbt <1,0,0,0> }
	no_shadow
}
sphere {
	0, 1
	scale<0.080000,0.200000,0.300000>
	matrix <0.231142, 0.664183, -0.710939,
		0.444697, 0.577806, 0.684387,
		0.865342, -0.474343, -0.161805,
		28.318661, 34.579807, 34.141663>
	pigment { color rgbt <0,1,1,0> }
	no_shadow
}
cylinder {
	<27.993639, 35.314480, 33.788609>,  <27.712921, 34.911850, 34.254925>, 0.130000
	pigment { color rgbt <1,0,0,0> }
	no_shadow
}

// nucleotide -1

// particle -1
sphere {
	<27.993639, 35.314480, 33.788609> 0.250000
	pigment { color rgbt <1,0,0,0> }
	no_shadow
}
cylinder {
	<28.262175, 35.020927, 33.747181>,  <28.423296, 34.844795, 33.722324>, 0.100000
	pigment { color rgbt <1,0,0,0> }
	no_shadow
}
cylinder {
	<28.262175, 35.020927, 33.747181>,  <27.993639, 35.314480, 33.788609>, 0.100000
	pigment { color rgbt <1,0,0,0> }
	no_shadow
}

// particle -1
sphere {
	<28.262175, 35.020927, 33.747181> 0.100000
	pigment { color rgbt <1,0,0,0> }
	no_shadow
}
sphere {
	0, 1
	scale<0.080000,0.200000,0.300000>
	matrix <0.273753, 0.375395, -0.885516,
		0.688738, 0.566131, 0.452918,
		0.671341, -0.733876, -0.103569,
		28.463577, 34.800766, 33.716110>
	pigment { color rgbt <0,1,1,0> }
	no_shadow
}
cylinder {
	<28.654922, 35.660133, 33.696831>,  <27.993639, 35.314480, 33.788609>, 0.130000
	pigment { color rgbt <1,0,0,0> }
	no_shadow
}

// nucleotide -1

// particle -1
sphere {
	<28.654922, 35.660133, 33.696831> 0.250000
	pigment { color rgbt <1,0,0,0> }
	no_shadow
}
cylinder {
	<28.692566, 35.294827, 33.538292>,  <28.715151, 35.075642, 33.443169>, 0.100000
	pigment { color rgbt <1,0,0,0> }
	no_shadow
}
cylinder {
	<28.692566, 35.294827, 33.538292>,  <28.654922, 35.660133, 33.696831>, 0.100000
	pigment { color rgbt <1,0,0,0> }
	no_shadow
}

// particle -1
sphere {
	<28.692566, 35.294827, 33.538292> 0.100000
	pigment { color rgbt <1,0,0,0> }
	no_shadow
}
sphere {
	0, 1
	scale<0.080000,0.200000,0.300000>
	matrix <0.432167, 0.396120, -0.810137,
		0.896870, -0.095047, 0.431961,
		0.094107, -0.913266, -0.396344,
		28.720798, 35.020847, 33.419388>
	pigment { color rgbt <0,1,1,0> }
	no_shadow
}
cylinder {
	<29.349157, 35.604778, 33.551220>,  <28.654922, 35.660133, 33.696831>, 0.130000
	pigment { color rgbt <1,0,0,0> }
	no_shadow
}

// nucleotide -1

// particle -1
sphere {
	<29.349157, 35.604778, 33.551220> 0.250000
	pigment { color rgbt <1,0,0,0> }
	no_shadow
}
cylinder {
	<29.161592, 35.341099, 33.316074>,  <29.049053, 35.182892, 33.174988>, 0.100000
	pigment { color rgbt <1,0,0,0> }
	no_shadow
}
cylinder {
	<29.161592, 35.341099, 33.316074>,  <29.349157, 35.604778, 33.551220>, 0.100000
	pigment { color rgbt <1,0,0,0> }
	no_shadow
}

// particle -1
sphere {
	<29.161592, 35.341099, 33.316074> 0.100000
	pigment { color rgbt <1,0,0,0> }
	no_shadow
}
sphere {
	0, 1
	scale<0.080000,0.200000,0.300000>
	matrix <0.502120, 0.348600, -0.791425,
		0.726633, -0.666286, 0.167533,
		-0.468914, -0.659197, -0.587860,
		29.020918, 35.143341, 33.139717>
	pigment { color rgbt <0,1,1,0> }
	no_shadow
}
cylinder {
	<29.787613, 35.389397, 33.113422>,  <29.349157, 35.604778, 33.551220>, 0.130000
	pigment { color rgbt <1,0,0,0> }
	no_shadow
}

// nucleotide -1

// particle -1
sphere {
	<29.787613, 35.389397, 33.113422> 0.250000
	pigment { color rgbt <1,0,0,0> }
	no_shadow
}
cylinder {
	<29.452759, 35.277210, 32.925575>,  <29.251846, 35.209896, 32.812866>, 0.100000
	pigment { color rgbt <1,0,0,0> }
	no_shadow
}
cylinder {
	<29.452759, 35.277210, 32.925575>,  <29.787613, 35.389397, 33.113422>, 0.100000
	pigment { color rgbt <1,0,0,0> }
	no_shadow
}

// particle -1
sphere {
	<29.452759, 35.277210, 32.925575> 0.100000
	pigment { color rgbt <1,0,0,0> }
	no_shadow
}
sphere {
	0, 1
	scale<0.080000,0.200000,0.300000>
	matrix <0.415508, 0.232307, -0.879424,
		0.355749, -0.931327, -0.077934,
		-0.837136, -0.280472, -0.469617,
		29.201618, 35.193069, 32.784691>
	pigment { color rgbt <0,1,1,0> }
	no_shadow
}
cylinder {
	<30.016577, 35.002533, 32.600266>,  <29.787613, 35.389397, 33.113422>, 0.130000
	pigment { color rgbt <1,0,0,0> }
	no_shadow
}

// nucleotide -1

// particle -1
sphere {
	<30.016577, 35.002533, 32.600266> 0.250000
	pigment { color rgbt <1,0,0,0> }
	no_shadow
}
cylinder {
	<29.646080, 35.110443, 32.494965>,  <29.423782, 35.175190, 32.431786>, 0.100000
	pigment { color rgbt <1,0,0,0> }
	no_shadow
}
cylinder {
	<29.646080, 35.110443, 32.494965>,  <30.016577, 35.002533, 32.600266>, 0.100000
	pigment { color rgbt <1,0,0,0> }
	no_shadow
}

// particle -1
sphere {
	<29.646080, 35.110443, 32.494965> 0.100000
	pigment { color rgbt <1,0,0,0> }
	no_shadow
}
sphere {
	0, 1
	scale<0.080000,0.200000,0.300000>
	matrix <0.315562, 0.173004, -0.933001,
		-0.206156, -0.947255, -0.245374,
		-0.926240, 0.269774, -0.263252,
		29.368208, 35.191376, 32.415989>
	pigment { color rgbt <0,1,1,0> }
	no_shadow
}
cylinder {
	<29.942528, 34.707504, 31.898457>,  <30.016577, 35.002533, 32.600266>, 0.130000
	pigment { color rgbt <1,0,0,0> }
	no_shadow
}

// nucleotide -1

// particle -1
sphere {
	<29.942528, 34.707504, 31.898457> 0.250000
	pigment { color rgbt <1,0,0,0> }
	no_shadow
}
cylinder {
	<29.647648, 34.975056, 31.936686>,  <29.470720, 35.135586, 31.959623>, 0.100000
	pigment { color rgbt <1,0,0,0> }
	no_shadow
}
cylinder {
	<29.647648, 34.975056, 31.936686>,  <29.942528, 34.707504, 31.898457>, 0.100000
	pigment { color rgbt <1,0,0,0> }
	no_shadow
}

// particle -1
sphere {
	<29.647648, 34.975056, 31.936686> 0.100000
	pigment { color rgbt <1,0,0,0> }
	no_shadow
}
sphere {
	0, 1
	scale<0.080000,0.200000,0.300000>
	matrix <0.121241, 0.270103, -0.955167,
		-0.664706, -0.692564, -0.280216,
		-0.737202, 0.668880, 0.095572,
		29.426487, 35.175720, 31.965357>
	pigment { color rgbt <0,1,1,0> }
	no_shadow
}
cylinder {
	<29.544353, 34.503613, 31.444115>,  <29.942528, 34.707504, 31.898457>, 0.130000
	pigment { color rgbt <1,0,0,0> }
	no_shadow
}

// nucleotide -1

// particle -1
sphere {
	<29.544353, 34.503613, 31.444115> 0.250000
	pigment { color rgbt <1,0,0,0> }
	no_shadow
}
cylinder {
	<29.454290, 34.886822, 31.515100>,  <29.400251, 35.116749, 31.557692>, 0.100000
	pigment { color rgbt <1,0,0,0> }
	no_shadow
}
cylinder {
	<29.454290, 34.886822, 31.515100>,  <29.544353, 34.503613, 31.444115>, 0.100000
	pigment { color rgbt <1,0,0,0> }
	no_shadow
}

// particle -1
sphere {
	<29.454290, 34.886822, 31.515100> 0.100000
	pigment { color rgbt <1,0,0,0> }
	no_shadow
}
sphere {
	0, 1
	scale<0.080000,0.200000,0.300000>
	matrix <0.051528, 0.193593, -0.979728,
		-0.972959, -0.211450, -0.092955,
		-0.225159, 0.958024, 0.177463,
		29.386744, 35.174229, 31.568338>
	pigment { color rgbt <0,1,1,0> }
	no_shadow
}
cylinder {
	<29.037870, 34.620884, 31.011415>,  <29.544353, 34.503613, 31.444115>, 0.130000
	pigment { color rgbt <1,0,0,0> }
	no_shadow
}

// nucleotide -1

// particle -1
sphere {
	<29.037870, 34.620884, 31.011415> 0.250000
	pigment { color rgbt <1,0,0,0> }
	no_shadow
}
cylinder {
	<29.180485, 34.989643, 31.072058>,  <29.266054, 35.210899, 31.108442>, 0.100000
	pigment { color rgbt <1,0,0,0> }
	no_shadow
}
cylinder {
	<29.180485, 34.989643, 31.072058>,  <29.037870, 34.620884, 31.011415>, 0.100000
	pigment { color rgbt <1,0,0,0> }
	no_shadow
}

// particle -1
sphere {
	<29.180485, 34.989643, 31.072058> 0.100000
	pigment { color rgbt <1,0,0,0> }
	no_shadow
}
sphere {
	0, 1
	scale<0.080000,0.200000,0.300000>
	matrix <-0.009738, 0.165926, -0.986090,
		-0.934231, 0.350101, 0.068137,
		0.356537, 0.921899, 0.151603,
		29.287445, 35.266212, 31.117538>
	pigment { color rgbt <0,1,1,0> }
	no_shadow
}
cylinder {
	<28.678080, 35.084183, 30.531721>,  <29.037870, 34.620884, 31.011415>, 0.130000
	pigment { color rgbt <1,0,0,0> }
	no_shadow
}

// nucleotide -1

// particle -1
sphere {
	<28.678080, 35.084183, 30.531721> 0.250000
	pigment { color rgbt <1,0,0,0> }
	no_shadow
}
cylinder {
	<28.972382, 35.334026, 30.636435>,  <29.148962, 35.483932, 30.699263>, 0.100000
	pigment { color rgbt <1,0,0,0> }
	no_shadow
}
cylinder {
	<28.972382, 35.334026, 30.636435>,  <28.678080, 35.084183, 30.531721>, 0.100000
	pigment { color rgbt <1,0,0,0> }
	no_shadow
}

// particle -1
sphere {
	<28.972382, 35.334026, 30.636435> 0.100000
	pigment { color rgbt <1,0,0,0> }
	no_shadow
}
sphere {
	0, 1
	scale<0.080000,0.200000,0.300000>
	matrix <0.027557, 0.358613, -0.933080,
		-0.676687, 0.693732, 0.246639,
		0.735755, 0.624606, 0.261785,
		29.193108, 35.521408, 30.714970>
	pigment { color rgbt <0,1,1,0> }
	no_shadow
}
cylinder {
	<28.498758, 35.721760, 30.275118>,  <28.678080, 35.084183, 30.531721>, 0.130000
	pigment { color rgbt <1,0,0,0> }
	no_shadow
}

// nucleotide -1

// particle -1
sphere {
	<28.498758, 35.721760, 30.275118> 0.250000
	pigment { color rgbt <1,0,0,0> }
	no_shadow
}
cylinder {
	<28.894045, 35.752705, 30.327942>,  <29.131218, 35.771271, 30.359636>, 0.100000
	pigment { color rgbt <1,0,0,0> }
	no_shadow
}
cylinder {
	<28.894045, 35.752705, 30.327942>,  <28.498758, 35.721760, 30.275118>, 0.100000
	pigment { color rgbt <1,0,0,0> }
	no_shadow
}

// particle -1
sphere {
	<28.894045, 35.752705, 30.327942> 0.100000
	pigment { color rgbt <1,0,0,0> }
	no_shadow
}
sphere {
	0, 1
	scale<0.080000,0.200000,0.300000>
	matrix <0.071203, 0.531420, -0.844110,
		-0.135478, 0.843569, 0.519651,
		0.988218, 0.077358, 0.132060,
		29.190510, 35.775913, 30.367559>
	pigment { color rgbt <0,1,1,0> }
	no_shadow
}
cylinder {
	<28.597878, 36.372856, 30.189226>,  <28.498758, 35.721760, 30.275118>, 0.130000
	pigment { color rgbt <1,0,0,0> }
	no_shadow
}

// nucleotide -1

// particle -1
sphere {
	<28.597878, 36.372856, 30.189226> 0.250000
	pigment { color rgbt <1,0,0,0> }
	no_shadow
}
cylinder {
	<28.961090, 36.219791, 30.121048>,  <29.179018, 36.127953, 30.080141>, 0.100000
	pigment { color rgbt <1,0,0,0> }
	no_shadow
}
cylinder {
	<28.961090, 36.219791, 30.121048>,  <28.597878, 36.372856, 30.189226>, 0.100000
	pigment { color rgbt <1,0,0,0> }
	no_shadow
}

// particle -1
sphere {
	<28.961090, 36.219791, 30.121048> 0.100000
	pigment { color rgbt <1,0,0,0> }
	no_shadow
}
sphere {
	0, 1
	scale<0.080000,0.200000,0.300000>
	matrix <0.100204, 0.593485, -0.798583,
		0.406744, 0.708058, 0.577246,
		0.908030, -0.382661, -0.170446,
		29.233500, 36.104992, 30.069914>
	pigment { color rgbt <0,1,1,0> }
	no_shadow
}
cylinder {
	<29.069138, 36.929401, 30.068748>,  <28.597878, 36.372856, 30.189226>, 0.130000
	pigment { color rgbt <1,0,0,0> }
	no_shadow
}

// nucleotide -1

// particle -1
sphere {
	<29.069138, 36.929401, 30.068748> 0.250000
	pigment { color rgbt <1,0,0,0> }
	no_shadow
}
cylinder {
	<29.247190, 36.605671, 29.915468>,  <29.354023, 36.411430, 29.823500>, 0.100000
	pigment { color rgbt <1,0,0,0> }
	no_shadow
}
cylinder {
	<29.247190, 36.605671, 29.915468>,  <29.069138, 36.929401, 30.068748>, 0.100000
	pigment { color rgbt <1,0,0,0> }
	no_shadow
}

// particle -1
sphere {
	<29.247190, 36.605671, 29.915468> 0.100000
	pigment { color rgbt <1,0,0,0> }
	no_shadow
}
sphere {
	0, 1
	scale<0.080000,0.200000,0.300000>
	matrix <0.283587, 0.533319, -0.796962,
		0.849373, 0.246084, 0.466914,
		0.445134, -0.809329, -0.383200,
		29.380730, 36.362873, 29.800508>
	pigment { color rgbt <0,1,1,0> }
	no_shadow
}
cylinder {
	<29.732626, 37.168209, 29.787043>,  <29.069138, 36.929401, 30.068748>, 0.130000
	pigment { color rgbt <1,0,0,0> }
	no_shadow
}

// nucleotide -1

// particle -1
sphere {
	<29.732626, 37.168209, 29.787043> 0.250000
	pigment { color rgbt <1,0,0,0> }
	no_shadow
}
cylinder {
	<29.690783, 36.819416, 29.595751>,  <29.665676, 36.610142, 29.480976>, 0.100000
	pigment { color rgbt <1,0,0,0> }
	no_shadow
}
cylinder {
	<29.690783, 36.819416, 29.595751>,  <29.732626, 37.168209, 29.787043>, 0.100000
	pigment { color rgbt <1,0,0,0> }
	no_shadow
}

// particle -1
sphere {
	<29.690783, 36.819416, 29.595751> 0.100000
	pigment { color rgbt <1,0,0,0> }
	no_shadow
}
sphere {
	0, 1
	scale<0.080000,0.200000,0.300000>
	matrix <0.229486, 0.446726, -0.864738,
		0.967674, -0.200207, 0.153376,
		-0.104610, -0.871982, -0.478230,
		29.659399, 36.557823, 29.452282>
	pigment { color rgbt <0,1,1,0> }
	no_shadow
}
cylinder {
	<30.377279, 37.063572, 29.349813>,  <29.732626, 37.168209, 29.787043>, 0.130000
	pigment { color rgbt <1,0,0,0> }
	no_shadow
}

// nucleotide -1

// particle -1
sphere {
	<30.377279, 37.063572, 29.349813> 0.250000
	pigment { color rgbt <1,0,0,0> }
	no_shadow
}
cylinder {
	<30.076405, 36.846142, 29.200821>,  <29.895880, 36.715683, 29.111425>, 0.100000
	pigment { color rgbt <1,0,0,0> }
	no_shadow
}
cylinder {
	<30.076405, 36.846142, 29.200821>,  <30.377279, 37.063572, 29.349813>, 0.100000
	pigment { color rgbt <1,0,0,0> }
	no_shadow
}

// particle -1
sphere {
	<30.076405, 36.846142, 29.200821> 0.100000
	pigment { color rgbt <1,0,0,0> }
	no_shadow
}
sphere {
	0, 1
	scale<0.080000,0.200000,0.300000>
	matrix <0.187098, 0.365826, -0.911683,
		0.631829, -0.755447, -0.173468,
		-0.752188, -0.543572, -0.372483,
		29.850748, 36.683071, 29.089077>
	pigment { color rgbt <0,1,1,0> }
	no_shadow
}
cylinder {
	<30.694330, 36.690689, 28.701006>,  <30.377279, 37.063572, 29.349813>, 0.130000
	pigment { color rgbt <1,0,0,0> }
	no_shadow
}

// nucleotide -1

// particle -1
sphere {
	<30.694330, 36.690689, 28.701006> 0.250000
	pigment { color rgbt <1,0,0,0> }
	no_shadow
}
cylinder {
	<30.295610, 36.693680, 28.669161>,  <30.056379, 36.695473, 28.650053>, 0.100000
	pigment { color rgbt <1,0,0,0> }
	no_shadow
}
cylinder {
	<30.295610, 36.693680, 28.669161>,  <30.694330, 36.690689, 28.701006>, 0.100000
	pigment { color rgbt <1,0,0,0> }
	no_shadow
}

// particle -1
sphere {
	<30.295610, 36.693680, 28.669161> 0.100000
	pigment { color rgbt <1,0,0,0> }
	no_shadow
}
sphere {
	0, 1
	scale<0.080000,0.200000,0.300000>
	matrix <0.069409, 0.575237, -0.815036,
		0.039706, -0.817952, -0.573914,
		-0.996797, 0.007472, -0.079614,
		29.996571, 36.695923, 28.645277>
	pigment { color rgbt <0,1,1,0> }
	no_shadow
}
cylinder {
	<30.572340, 36.680058, 27.988699>,  <30.694330, 36.690689, 28.701006>, 0.130000
	pigment { color rgbt <1,0,0,0> }
	no_shadow
}

// nucleotide -1

// particle -1
sphere {
	<30.572340, 36.680058, 27.988699> 0.250000
	pigment { color rgbt <1,0,0,0> }
	no_shadow
}
cylinder {
	<30.234230, 36.818539, 28.151501>,  <30.031364, 36.901627, 28.249182>, 0.100000
	pigment { color rgbt <1,0,0,0> }
	no_shadow
}
cylinder {
	<30.234230, 36.818539, 28.151501>,  <30.572340, 36.680058, 27.988699>, 0.100000
	pigment { color rgbt <1,0,0,0> }
	no_shadow
}

// particle -1
sphere {
	<30.234230, 36.818539, 28.151501> 0.100000
	pigment { color rgbt <1,0,0,0> }
	no_shadow
}
sphere {
	0, 1
	scale<0.080000,0.200000,0.300000>
	matrix <-0.081200, 0.669632, -0.738241,
		-0.528128, -0.657065, -0.537910,
		-0.845274, 0.346207, 0.407005,
		29.980648, 36.922401, 28.273602>
	pigment { color rgbt <0,1,1,0> }
	no_shadow
}
cylinder {
	<30.008347, 36.713131, 27.461178>,  <30.572340, 36.680058, 27.988699>, 0.130000
	pigment { color rgbt <1,0,0,0> }
	no_shadow
}

// nucleotide -1

// particle -1
sphere {
	<30.008347, 36.713131, 27.461178> 0.250000
	pigment { color rgbt <1,0,0,0> }
	no_shadow
}
cylinder {
	<29.986198, 36.999123, 27.739958>,  <29.972910, 37.170719, 27.907225>, 0.100000
	pigment { color rgbt <1,0,0,0> }
	no_shadow
}
cylinder {
	<29.986198, 36.999123, 27.739958>,  <30.008347, 36.713131, 27.461178>, 0.100000
	pigment { color rgbt <1,0,0,0> }
	no_shadow
}

// particle -1
sphere {
	<29.986198, 36.999123, 27.739958> 0.100000
	pigment { color rgbt <1,0,0,0> }
	no_shadow
}
sphere {
	0, 1
	scale<0.080000,0.200000,0.300000>
	matrix <0.050927, 0.699133, -0.713176,
		-0.997166, -0.003996, -0.075123,
		-0.055371, 0.714981, 0.696948,
		29.969587, 37.213615, 27.949041>
	pigment { color rgbt <0,1,1,0> }
	no_shadow
}
cylinder {
	<29.518057, 37.041962, 27.153412>,  <30.008347, 36.713131, 27.461178>, 0.130000
	pigment { color rgbt <1,0,0,0> }
	no_shadow
}

// nucleotide -1

// particle -1
sphere {
	<29.518057, 37.041962, 27.153412> 0.250000
	pigment { color rgbt <1,0,0,0> }
	no_shadow
}
cylinder {
	<29.762028, 37.294453, 27.345055>,  <29.908411, 37.445946, 27.460041>, 0.100000
	pigment { color rgbt <1,0,0,0> }
	no_shadow
}
cylinder {
	<29.762028, 37.294453, 27.345055>,  <29.518057, 37.041962, 27.153412>, 0.100000
	pigment { color rgbt <1,0,0,0> }
	no_shadow
}

// particle -1
sphere {
	<29.762028, 37.294453, 27.345055> 0.100000
	pigment { color rgbt <1,0,0,0> }
	no_shadow
}
sphere {
	0, 1
	scale<0.080000,0.200000,0.300000>
	matrix <0.113219, 0.528973, -0.841053,
		-0.784328, 0.567225, 0.251169,
		0.609928, 0.631224, 0.479108,
		29.945005, 37.483818, 27.488787>
	pigment { color rgbt <0,1,1,0> }
	no_shadow
}
cylinder {
	<29.308952, 37.762688, 26.980444>,  <29.518057, 37.041962, 27.153412>, 0.130000
	pigment { color rgbt <1,0,0,0> }
	no_shadow
}

// nucleotide -1

// particle -1
sphere {
	<29.308952, 37.762688, 26.980444> 0.250000
	pigment { color rgbt <1,0,0,0> }
	no_shadow
}
cylinder {
	<29.691763, 37.783974, 27.094471>,  <29.921450, 37.796745, 27.162888>, 0.100000
	pigment { color rgbt <1,0,0,0> }
	no_shadow
}
cylinder {
	<29.691763, 37.783974, 27.094471>,  <29.308952, 37.762688, 26.980444>, 0.100000
	pigment { color rgbt <1,0,0,0> }
	no_shadow
}

// particle -1
sphere {
	<29.691763, 37.783974, 27.094471> 0.100000
	pigment { color rgbt <1,0,0,0> }
	no_shadow
}
sphere {
	0, 1
	scale<0.080000,0.200000,0.300000>
	matrix <0.196545, 0.603767, -0.772552,
		-0.213227, 0.795383, 0.567363,
		0.957029, 0.053217, 0.285068,
		29.978872, 37.799938, 27.179991>
	pigment { color rgbt <0,1,1,0> }
	no_shadow
}
cylinder {
	<29.627897, 38.463993, 26.828714>,  <29.308952, 37.762688, 26.980444>, 0.130000
	pigment { color rgbt <1,0,0,0> }
	no_shadow
}

// nucleotide -1

// particle -1
sphere {
	<29.627897, 38.463993, 26.828714> 0.250000
	pigment { color rgbt <1,0,0,0> }
	no_shadow
}
cylinder {
	<29.938589, 38.212963, 26.850037>,  <30.125004, 38.062347, 26.862831>, 0.100000
	pigment { color rgbt <1,0,0,0> }
	no_shadow
}
cylinder {
	<29.938589, 38.212963, 26.850037>,  <29.627897, 38.463993, 26.828714>, 0.100000
	pigment { color rgbt <1,0,0,0> }
	no_shadow
}

// particle -1
sphere {
	<29.938589, 38.212963, 26.850037> 0.100000
	pigment { color rgbt <1,0,0,0> }
	no_shadow
}
sphere {
	0, 1
	scale<0.080000,0.200000,0.300000>
	matrix <0.424908, 0.459654, -0.779853,
		0.464912, 0.628387, 0.623688,
		0.776731, -0.627573, 0.053308,
		30.171608, 38.024693, 26.866030>
	pigment { color rgbt <0,1,1,0> }
	no_shadow
}
cylinder {
	<29.005247, 38.448746, 27.256500>,  <29.627897, 38.463993, 26.828714>, 0.130000
	pigment { color rgbt <1,0,0,0> }
	no_shadow
}

// nucleotide -1

// particle -1
sphere {
	<29.005247, 38.448746, 27.256500> 0.250000
	pigment { color rgbt <1,0,0,0> }
	no_shadow
}
cylinder {
	<29.141306, 38.800449, 27.123116>,  <29.222942, 39.011471, 27.043085>, 0.100000
	pigment { color rgbt <1,0,0,0> }
	no_shadow
}
cylinder {
	<29.141306, 38.800449, 27.123116>,  <29.005247, 38.448746, 27.256500>, 0.100000
	pigment { color rgbt <1,0,0,0> }
	no_shadow
}

// particle -1
sphere {
	<29.141306, 38.800449, 27.123116> 0.100000
	pigment { color rgbt <1,0,0,0> }
	no_shadow
}
sphere {
	0, 1
	scale<0.080000,0.200000,0.300000>
	matrix <-0.665867, 0.475599, 0.574828,
		0.664018, 0.026514, 0.747246,
		0.340148, 0.879263, -0.333461,
		29.243351, 39.064228, 27.023077>
	pigment { color rgbt <0,1,1,0> }
	no_shadow
}
cylinder {
	<29.222927, 38.879162, 27.852871>,  <29.005247, 38.448746, 27.256500>, 0.130000
	pigment { color rgbt <1,0,0,0> }
	no_shadow
}

// nucleotide -1

// particle -1
sphere {
	<29.222927, 38.879162, 27.852871> 0.250000
	pigment { color rgbt <1,0,0,0> }
	no_shadow
}
cylinder {
	<29.119900, 39.110699, 27.543394>,  <29.058083, 39.249622, 27.357708>, 0.100000
	pigment { color rgbt <1,0,0,0> }
	no_shadow
}
cylinder {
	<29.119900, 39.110699, 27.543394>,  <29.222927, 38.879162, 27.852871>, 0.100000
	pigment { color rgbt <1,0,0,0> }
	no_shadow
}

// particle -1
sphere {
	<29.119900, 39.110699, 27.543394> 0.100000
	pigment { color rgbt <1,0,0,0> }
	no_shadow
}
sphere {
	0, 1
	scale<0.080000,0.200000,0.300000>
	matrix <-0.673690, 0.466420, 0.573232,
		0.692676, 0.668877, 0.269823,
		-0.257570, 0.578841, -0.773693,
		29.042629, 39.284351, 27.311287>
	pigment { color rgbt <0,1,1,0> }
	no_shadow
}
cylinder {
	<29.316559, 39.572979, 28.068586>,  <29.222927, 38.879162, 27.852871>, 0.130000
	pigment { color rgbt <1,0,0,0> }
	no_shadow
}

// nucleotide -1

// particle -1
sphere {
	<29.316559, 39.572979, 28.068586> 0.250000
	pigment { color rgbt <1,0,0,0> }
	no_shadow
}
cylinder {
	<29.038393, 39.532356, 27.784029>,  <28.871492, 39.507984, 27.613295>, 0.100000
	pigment { color rgbt <1,0,0,0> }
	no_shadow
}
cylinder {
	<29.038393, 39.532356, 27.784029>,  <29.316559, 39.572979, 28.068586>, 0.100000
	pigment { color rgbt <1,0,0,0> }
	no_shadow
}

// particle -1
sphere {
	<29.038393, 39.532356, 27.784029> 0.100000
	pigment { color rgbt <1,0,0,0> }
	no_shadow
}
sphere {
	0, 1
	scale<0.080000,0.200000,0.300000>
	matrix <-0.634623, 0.551213, 0.541681,
		0.337121, 0.828162, -0.447770,
		-0.695416, -0.101553, -0.711396,
		28.829769, 39.501892, 27.570610>
	pigment { color rgbt <0,1,1,0> }
	no_shadow
}
cylinder {
	<29.068327, 40.277714, 28.021191>,  <29.316559, 39.572979, 28.068586>, 0.130000
	pigment { color rgbt <1,0,0,0> }
	no_shadow
}

// nucleotide -1

// particle -1
sphere {
	<29.068327, 40.277714, 28.021191> 0.250000
	pigment { color rgbt <1,0,0,0> }
	no_shadow
}
cylinder {
	<28.830084, 39.970993, 27.925467>,  <28.687138, 39.786961, 27.868032>, 0.100000
	pigment { color rgbt <1,0,0,0> }
	no_shadow
}
cylinder {
	<28.830084, 39.970993, 27.925467>,  <29.068327, 40.277714, 28.021191>, 0.100000
	pigment { color rgbt <1,0,0,0> }
	no_shadow
}

// particle -1
sphere {
	<28.830084, 39.970993, 27.925467> 0.100000
	pigment { color rgbt <1,0,0,0> }
	no_shadow
}
sphere {
	0, 1
	scale<0.080000,0.200000,0.300000>
	matrix <-0.781222, 0.483620, 0.394720,
		-0.186937, 0.422052, -0.887089,
		-0.595607, -0.766801, -0.239310,
		28.651402, 39.740952, 27.853674>
	pigment { color rgbt <0,1,1,0> }
	no_shadow
}
cylinder {
	<29.341576, 40.988243, 28.012972>,  <29.068327, 40.277714, 28.021191>, 0.130000
	pigment { color rgbt <1,0,0,0> }
	no_shadow
}

// nucleotide -1

// particle -1
sphere {
	<29.341576, 40.988243, 28.012972> 0.250000
	pigment { color rgbt <1,0,0,0> }
	no_shadow
}
cylinder {
	<28.957510, 40.963131, 27.904055>,  <28.727070, 40.948063, 27.838705>, 0.100000
	pigment { color rgbt <1,0,0,0> }
	no_shadow
}
cylinder {
	<28.957510, 40.963131, 27.904055>,  <29.341576, 40.988243, 28.012972>, 0.100000
	pigment { color rgbt <1,0,0,0> }
	no_shadow
}

// particle -1
sphere {
	<28.957510, 40.963131, 27.904055> 0.100000
	pigment { color rgbt <1,0,0,0> }
	no_shadow
}
sphere {
	0, 1
	scale<0.080000,0.200000,0.300000>
	matrix <0.118780, 0.790322, -0.601068,
		0.252935, -0.609467, -0.751381,
		-0.960164, -0.062782, -0.272292,
		28.669460, 40.944298, 27.822367>
	pigment { color rgbt <0,1,1,0> }
	no_shadow
}
cylinder {
	<30.184158, 41.126415, 28.161358>,  <29.341576, 40.988243, 28.012972>, 0.130000
	pigment { color rgbt <1,0,0,0> }
	no_shadow
}

// nucleotide -1

// particle -1
sphere {
	<30.184158, 41.126415, 28.161358> 0.250000
	pigment { color rgbt <1,0,0,0> }
	no_shadow
}
cylinder {
	<30.501020, 41.368282, 28.128210>,  <30.691137, 41.513405, 28.108322>, 0.100000
	pigment { color rgbt <1,0,0,0> }
	no_shadow
}
cylinder {
	<30.501020, 41.368282, 28.128210>,  <30.184158, 41.126415, 28.161358>, 0.100000
	pigment { color rgbt <1,0,0,0> }
	no_shadow
}

// particle -1
sphere {
	<30.501020, 41.368282, 28.128210> 0.100000
	pigment { color rgbt <1,0,0,0> }
	no_shadow
}
sphere {
	0, 1
	scale<0.080000,0.200000,0.300000>
	matrix <0.399614, -0.411241, 0.819261,
		0.461304, -0.682096, -0.567401,
		0.792154, 0.604670, -0.082868,
		30.738667, 41.549683, 28.103350>
	pigment { color rgbt <0,1,1,0> }
	no_shadow
}
cylinder {
	<30.733868, 40.749332, 28.377884>,  <30.184158, 41.126415, 28.161358>, 0.130000
	pigment { color rgbt <1,0,0,0> }
	no_shadow
}

// nucleotide -1

// particle -1
sphere {
	<30.733868, 40.749332, 28.377884> 0.250000
	pigment { color rgbt <1,0,0,0> }
	no_shadow
}
cylinder {
	<30.816277, 41.137138, 28.430952>,  <30.865723, 41.369820, 28.462793>, 0.100000
	pigment { color rgbt <1,0,0,0> }
	no_shadow
}
cylinder {
	<30.816277, 41.137138, 28.430952>,  <30.733868, 40.749332, 28.377884>, 0.100000
	pigment { color rgbt <1,0,0,0> }
	no_shadow
}

// particle -1
sphere {
	<30.816277, 41.137138, 28.430952> 0.100000
	pigment { color rgbt <1,0,0,0> }
	no_shadow
}
sphere {
	0, 1
	scale<0.080000,0.200000,0.300000>
	matrix <0.260211, -0.184976, 0.947668,
		0.943316, -0.160719, -0.290387,
		0.206023, 0.969512, 0.132670,
		30.878084, 41.427994, 28.470753>
	pigment { color rgbt <0,1,1,0> }
	no_shadow
}
cylinder {
	<31.417595, 40.941704, 28.650581>,  <30.733868, 40.749332, 28.377884>, 0.130000
	pigment { color rgbt <1,0,0,0> }
	no_shadow
}

// nucleotide -1

// particle -1
sphere {
	<31.417595, 40.941704, 28.650581> 0.250000
	pigment { color rgbt <1,0,0,0> }
	no_shadow
}
cylinder {
	<31.120663, 41.184383, 28.764324>,  <30.942503, 41.329990, 28.832571>, 0.100000
	pigment { color rgbt <1,0,0,0> }
	no_shadow
}
cylinder {
	<31.120663, 41.184383, 28.764324>,  <31.417595, 40.941704, 28.650581>, 0.100000
	pigment { color rgbt <1,0,0,0> }
	no_shadow
}

// particle -1
sphere {
	<31.120663, 41.184383, 28.764324> 0.100000
	pigment { color rgbt <1,0,0,0> }
	no_shadow
}
sphere {
	0, 1
	scale<0.080000,0.200000,0.300000>
	matrix <0.099101, -0.320311, 0.942115,
		0.662667, 0.727539, 0.177651,
		-0.742329, 0.606703, 0.284359,
		30.897964, 41.366394, 28.849632>
	pigment { color rgbt <0,1,1,0> }
	no_shadow
}
cylinder {
	<31.712440, 41.322052, 29.263536>,  <31.417595, 40.941704, 28.650581>, 0.130000
	pigment { color rgbt <1,0,0,0> }
	no_shadow
}

// nucleotide -1

// particle -1
sphere {
	<31.712440, 41.322052, 29.263536> 0.250000
	pigment { color rgbt <1,0,0,0> }
	no_shadow
}
cylinder {
	<31.312679, 41.319210, 29.277077>,  <31.072823, 41.317505, 29.285200>, 0.100000
	pigment { color rgbt <1,0,0,0> }
	no_shadow
}
cylinder {
	<31.312679, 41.319210, 29.277077>,  <31.712440, 41.322052, 29.263536>, 0.100000
	pigment { color rgbt <1,0,0,0> }
	no_shadow
}

// particle -1
sphere {
	<31.312679, 41.319210, 29.277077> 0.100000
	pigment { color rgbt <1,0,0,0> }
	no_shadow
}
sphere {
	0, 1
	scale<0.080000,0.200000,0.300000>
	matrix <0.034519, -0.143824, 0.989001,
		-0.002162, 0.989578, 0.143983,
		-0.999402, -0.007109, 0.033848,
		31.012859, 41.317078, 29.287231>
	pigment { color rgbt <0,1,1,0> }
	no_shadow
}
cylinder {
	<31.615269, 41.513748, 29.903105>,  <31.712440, 41.322052, 29.263536>, 0.130000
	pigment { color rgbt <1,0,0,0> }
	no_shadow
}

// nucleotide -1

// particle -1
sphere {
	<31.615269, 41.513748, 29.903105> 0.250000
	pigment { color rgbt <1,0,0,0> }
	no_shadow
}
cylinder {
	<31.259974, 41.356586, 29.807894>,  <31.046797, 41.262291, 29.750767>, 0.100000
	pigment { color rgbt <1,0,0,0> }
	no_shadow
}
cylinder {
	<31.259974, 41.356586, 29.807894>,  <31.615269, 41.513748, 29.903105>, 0.100000
	pigment { color rgbt <1,0,0,0> }
	no_shadow
}

// particle -1
sphere {
	<31.259974, 41.356586, 29.807894> 0.100000
	pigment { color rgbt <1,0,0,0> }
	no_shadow
}
sphere {
	0, 1
	scale<0.080000,0.200000,0.300000>
	matrix <-0.195434, -0.145726, 0.969830,
		-0.415736, 0.907960, 0.052653,
		-0.888239, -0.392903, -0.238030,
		30.993502, 41.238716, 29.736485>
	pigment { color rgbt <0,1,1,0> }
	no_shadow
}
cylinder {
	<31.310221, 41.619541, 30.541967>,  <31.615269, 41.513748, 29.903105>, 0.130000
	pigment { color rgbt <1,0,0,0> }
	no_shadow
}

// nucleotide -1

// particle -1
sphere {
	<31.310221, 41.619541, 30.541967> 0.250000
	pigment { color rgbt <1,0,0,0> }
	no_shadow
}
cylinder {
	<31.092201, 41.351688, 30.340170>,  <30.961390, 41.190975, 30.219091>, 0.100000
	pigment { color rgbt <1,0,0,0> }
	no_shadow
}
cylinder {
	<31.092201, 41.351688, 30.340170>,  <31.310221, 41.619541, 30.541967>, 0.100000
	pigment { color rgbt <1,0,0,0> }
	no_shadow
}

// particle -1
sphere {
	<31.092201, 41.351688, 30.340170> 0.100000
	pigment { color rgbt <1,0,0,0> }
	no_shadow
}
sphere {
	0, 1
	scale<0.080000,0.200000,0.300000>
	matrix <-0.255734, -0.440267, 0.860677,
		-0.798449, 0.598128, 0.068720,
		-0.545050, -0.669633, -0.504492,
		30.928686, 41.150799, 30.188822>
	pigment { color rgbt <0,1,1,0> }
	no_shadow
}
cylinder {
	<30.653763, 41.557716, 30.922194>,  <31.310221, 41.619541, 30.541967>, 0.130000
	pigment { color rgbt <1,0,0,0> }
	no_shadow
}

// nucleotide -1

// particle -1
sphere {
	<30.653763, 41.557716, 30.922194> 0.250000
	pigment { color rgbt <1,0,0,0> }
	no_shadow
}
cylinder {
	<30.704693, 41.221317, 30.711853>,  <30.735250, 41.019478, 30.585649>, 0.100000
	pigment { color rgbt <1,0,0,0> }
	no_shadow
}
cylinder {
	<30.704693, 41.221317, 30.711853>,  <30.653763, 41.557716, 30.922194>, 0.100000
	pigment { color rgbt <1,0,0,0> }
	no_shadow
}

// particle -1
sphere {
	<30.704693, 41.221317, 30.711853> 0.100000
	pigment { color rgbt <1,0,0,0> }
	no_shadow
}
sphere {
	0, 1
	scale<0.080000,0.200000,0.300000>
	matrix <-0.234768, -0.540652, 0.807823,
		-0.963676, 0.020596, -0.266277,
		0.127325, -0.840994, -0.525849,
		30.742891, 40.969021, 30.554098>
	pigment { color rgbt <0,1,1,0> }
	no_shadow
}
cylinder {
	<30.053011, 41.188648, 31.105181>,  <30.653763, 41.557716, 30.922194>, 0.130000
	pigment { color rgbt <1,0,0,0> }
	no_shadow
}

// nucleotide -1

// particle -1
sphere {
	<30.053011, 41.188648, 31.105181> 0.250000
	pigment { color rgbt <1,0,0,0> }
	no_shadow
}
cylinder {
	<30.307938, 40.916256, 30.960909>,  <30.460894, 40.752819, 30.874346>, 0.100000
	pigment { color rgbt <1,0,0,0> }
	no_shadow
}
cylinder {
	<30.307938, 40.916256, 30.960909>,  <30.053011, 41.188648, 31.105181>, 0.100000
	pigment { color rgbt <1,0,0,0> }
	no_shadow
}

// particle -1
sphere {
	<30.307938, 40.916256, 30.960909> 0.100000
	pigment { color rgbt <1,0,0,0> }
	no_shadow
}
sphere {
	0, 1
	scale<0.080000,0.200000,0.300000>
	matrix <-0.264548, -0.632950, 0.727591,
		-0.723768, -0.368289, -0.583543,
		0.637317, -0.680983, -0.360679,
		30.499134, 40.711960, 30.852705>
	pigment { color rgbt <0,1,1,0> }
	no_shadow
}
cylinder {
	<29.726761, 40.543060, 31.196531>,  <30.053011, 41.188648, 31.105181>, 0.130000
	pigment { color rgbt <1,0,0,0> }
	no_shadow
}

// nucleotide -1

// particle -1
sphere {
	<29.726761, 40.543060, 31.196531> 0.250000
	pigment { color rgbt <1,0,0,0> }
	no_shadow
}
cylinder {
	<30.108931, 40.425362, 31.186899>,  <30.338232, 40.354744, 31.181120>, 0.100000
	pigment { color rgbt <1,0,0,0> }
	no_shadow
}
cylinder {
	<30.108931, 40.425362, 31.186899>,  <29.726761, 40.543060, 31.196531>, 0.100000
	pigment { color rgbt <1,0,0,0> }
	no_shadow
}

// particle -1
sphere {
	<30.108931, 40.425362, 31.186899> 0.100000
	pigment { color rgbt <1,0,0,0> }
	no_shadow
}
sphere {
	0, 1
	scale<0.080000,0.200000,0.300000>
	matrix <-0.215020, -0.749421, 0.626207,
		-0.202304, -0.593117, -0.779285,
		0.955427, -0.294246, -0.024079,
		30.395559, 40.337090, 31.179676>
	pigment { color rgbt <0,1,1,0> }
	no_shadow
}
cylinder {
	<29.786438, 39.737041, 31.140558>,  <29.726761, 40.543060, 31.196531>, 0.130000
	pigment { color rgbt <1,0,0,0> }
	no_shadow
}

// nucleotide -1

// particle -1
sphere {
	<29.786438, 39.737041, 31.140558> 0.250000
	pigment { color rgbt <1,0,0,0> }
	no_shadow
}
cylinder {
	<30.142544, 39.847023, 31.285793>,  <30.356207, 39.913013, 31.372934>, 0.100000
	pigment { color rgbt <1,0,0,0> }
	no_shadow
}
cylinder {
	<30.142544, 39.847023, 31.285793>,  <29.786438, 39.737041, 31.140558>, 0.100000
	pigment { color rgbt <1,0,0,0> }
	no_shadow
}

// particle -1
sphere {
	<30.142544, 39.847023, 31.285793> 0.100000
	pigment { color rgbt <1,0,0,0> }
	no_shadow
}
sphere {
	0, 1
	scale<0.080000,0.200000,0.300000>
	matrix <0.029353, -0.830190, 0.556707,
