// switches for output
#declare DRAW_BASES = 1; // possible values are 0, 1; only relevant for DNA ribbons
#declare DRAW_BASES_TYPE = 3; // possible values are 1, 2, 3; only relevant for DNA ribbons
#declare DRAW_FOG = 0; // set to 1 to enable fog

#include "colors.inc"

#include "transforms.inc"
background { rgb <1, 1, 1>}

#default {
   normal{
       ripples 0.25
       frequency 0.20
       turbulence 0.2
       lambda 5
   }
	finish {
		phong 0.1
		phong_size 40.
	}
}

// original window dimensions: 1024x640


// camera settings

camera {
	sky <0, 0.179814, -0.983701>
	up <0, 0.179814, -0.983701>
	right 1.6 * <1, 0, 0>
	location <35, 94.9851, 44.8844>
	look_at <35, 29.7336, 32.9568>
	direction <0, -65.2515, -11.9276>
	angle 67.0682
}


# declare cpy_camera_pos = <35, 94.9851, 44.8844>;
# if (DRAW_FOG = 1)
fog {
	fog_type 2
	up vnormalize(cpy_camera_pos)
	color rgbt<1,1,1,0.3>
	distance 1e-5
	fog_alt 3e-3
	fog_offset 56
}
# end


// LIGHTS

# declare lum = 6;
global_settings {
	ambient_light rgb lum * <0.05, 0.05, 0.05>
	max_trace_level 15
}# declare cpy_direct_light_amount = 0.25;
light_source
{	1000 * <-1, -1.16352, -0.803886>,
	rgb lum * cpy_direct_light_amount
	parallel
}

light_source
{	1000 * <1, 1.16352, 0.803886>,
	rgb lum * cpy_direct_light_amount
	parallel
}

// strand 0

// nucleotide -1

// particle -1
sphere {
	<24.012081, 35.398361, 35.086391> 0.250000
	pigment { color rgbt <1,0,0,0> }
	no_shadow
}
cylinder {
	<24.125660, 35.047928, 35.242268>,  <24.193808, 34.837669, 35.335793>, 0.100000
	pigment { color rgbt <1,0,0,0> }
	no_shadow
}
cylinder {
	<24.125660, 35.047928, 35.242268>,  <24.012081, 35.398361, 35.086391>, 0.100000
	pigment { color rgbt <1,0,0,0> }
	no_shadow
}

// particle -1
sphere {
	<24.125660, 35.047928, 35.242268> 0.100000
	pigment { color rgbt <1,0,0,0> }
	no_shadow
}
sphere {
	0, 1
	scale<0.080000,0.200000,0.300000>
	matrix <0.912126, 0.121494, -0.391490,
		0.295632, 0.466607, 0.833594,
		0.283949, -0.876080, 0.389687,
		24.210844, 34.785103, 35.359173>
	pigment { color rgbt <0,1,1,0> }
	no_shadow
}
cylinder {
	<24.691931, 35.660267, 35.271244>,  <24.012081, 35.398361, 35.086391>, 0.130000
	pigment { color rgbt <1,0,0,0> }
	no_shadow
}

// nucleotide -1

// particle -1
sphere {
	<24.691931, 35.660267, 35.271244> 0.250000
	pigment { color rgbt <1,0,0,0> }
	no_shadow
}
cylinder {
	<24.650513, 35.264347, 35.310379>,  <24.625662, 35.026794, 35.333858>, 0.100000
	pigment { color rgbt <1,0,0,0> }
	no_shadow
}
cylinder {
	<24.650513, 35.264347, 35.310379>,  <24.691931, 35.660267, 35.271244>, 0.100000
	pigment { color rgbt <1,0,0,0> }
	no_shadow
}

// particle -1
sphere {
	<24.650513, 35.264347, 35.310379> 0.100000
	pigment { color rgbt <1,0,0,0> }
	no_shadow
}
sphere {
	0, 1
	scale<0.080000,0.200000,0.300000>
	matrix <0.983926, -0.116325, -0.135493,
		0.145492, 0.082231, 0.985936,
		-0.103547, -0.989801, 0.097834,
		24.619448, 34.967407, 35.339729>
	pigment { color rgbt <0,1,1,0> }
	no_shadow
}
cylinder {
	<25.217331, 35.387596, 35.728043>,  <24.691931, 35.660267, 35.271244>, 0.130000
	pigment { color rgbt <1,0,0,0> }
	no_shadow
}

// nucleotide -1

// particle -1
sphere {
	<25.217331, 35.387596, 35.728043> 0.250000
	pigment { color rgbt <1,0,0,0> }
	no_shadow
}
cylinder {
	<25.108580, 35.154308, 35.421856>,  <25.043329, 35.014336, 35.238144>, 0.100000
	pigment { color rgbt <1,0,0,0> }
	no_shadow
}
cylinder {
	<25.108580, 35.154308, 35.421856>,  <25.217331, 35.387596, 35.728043>, 0.100000
	pigment { color rgbt <1,0,0,0> }
	no_shadow
}

// particle -1
sphere {
	<25.108580, 35.154308, 35.421856> 0.100000
	pigment { color rgbt <1,0,0,0> }
	no_shadow
}
sphere {
	0, 1
	scale<0.080000,0.200000,0.300000>
	matrix <0.958852, -0.096598, -0.266966,
		0.081757, -0.806551, 0.585484,
		-0.271878, -0.583219, -0.765466,
		25.027016, 34.979343, 35.192215>
	pigment { color rgbt <0,1,1,0> }
	no_shadow
}
cylinder {
	<25.383730, 34.646748, 35.720772>,  <25.217331, 35.387596, 35.728043>, 0.130000
	pigment { color rgbt <1,0,0,0> }
	no_shadow
}

// nucleotide -1

// particle -1
sphere {
	<25.383730, 34.646748, 35.720772> 0.250000
	pigment { color rgbt <1,0,0,0> }
	no_shadow
}
cylinder {
	<25.398115, 34.758167, 35.336872>,  <25.406746, 34.825020, 35.106533>, 0.100000
	pigment { color rgbt <1,0,0,0> }
	no_shadow
}
cylinder {
	<25.398115, 34.758167, 35.336872>,  <25.383730, 34.646748, 35.720772>, 0.100000
	pigment { color rgbt <1,0,0,0> }
	no_shadow
}

// particle -1
sphere {
	<25.398115, 34.758167, 35.336872> 0.100000
	pigment { color rgbt <1,0,0,0> }
	no_shadow
}
sphere {
	0, 1
	scale<0.080000,0.200000,0.300000>
	matrix <0.972018, 0.213331, 0.098341,
		0.232136, -0.936429, -0.263084,
		0.035965, 0.278551, -0.959748,
		25.408905, 34.841732, 35.048946>
	pigment { color rgbt <0,1,1,0> }
	no_shadow
}
cylinder {
	<25.963186, 34.314037, 35.278816>,  <25.383730, 34.646748, 35.720772>, 0.130000
	pigment { color rgbt <1,0,0,0> }
	no_shadow
}

// nucleotide -1

// particle -1
sphere {
	<25.963186, 34.314037, 35.278816> 0.250000
	pigment { color rgbt <1,0,0,0> }
	no_shadow
}
cylinder {
	<25.878998, 34.659836, 35.096237>,  <25.828484, 34.867317, 34.986691>, 0.100000
	pigment { color rgbt <1,0,0,0> }
	no_shadow
}
cylinder {
	<25.878998, 34.659836, 35.096237>,  <25.963186, 34.314037, 35.278816>, 0.100000
	pigment { color rgbt <1,0,0,0> }
	no_shadow
}

// particle -1
sphere {
	<25.878998, 34.659836, 35.096237> 0.100000
	pigment { color rgbt <1,0,0,0> }
	no_shadow
}
sphere {
	0, 1
	scale<0.080000,0.200000,0.300000>
	matrix <0.976512, 0.163895, -0.139869,
		-0.046108, -0.475162, -0.878690,
		-0.210473, 0.864500, -0.456444,
		25.815855, 34.919186, 34.959305>
	pigment { color rgbt <0,1,1,0> }
	no_shadow
}
cylinder {
	<26.447414, 34.344810, 34.791451>,  <25.963186, 34.314037, 35.278816>, 0.130000
	pigment { color rgbt <1,0,0,0> }
	no_shadow
}

// nucleotide -1

// particle -1
sphere {
	<26.447414, 34.344810, 34.791451> 0.250000
	pigment { color rgbt <1,0,0,0> }
	no_shadow
}
cylinder {
	<26.364117, 34.736008, 34.796665>,  <26.314138, 34.970726, 34.799793>, 0.100000
	pigment { color rgbt <1,0,0,0> }
	no_shadow
}
cylinder {
	<26.364117, 34.736008, 34.796665>,  <26.447414, 34.344810, 34.791451>, 0.100000
	pigment { color rgbt <1,0,0,0> }
	no_shadow
}

// particle -1
sphere {
	<26.364117, 34.736008, 34.796665> 0.100000
	pigment { color rgbt <1,0,0,0> }
	no_shadow
}
sphere {
	0, 1
	scale<0.080000,0.200000,0.300000>
	matrix <0.977677, 0.207760, 0.031367,
		0.027969, 0.019275, -0.999423,
		-0.208245, 0.977990, 0.013034,
		26.301643, 35.029404, 34.800575>
	pigment { color rgbt <0,1,1,0> }
	no_shadow
}
cylinder {
	<26.990088, 34.088863, 34.368820>,  <26.447414, 34.344810, 34.791451>, 0.130000
	pigment { color rgbt <1,0,0,0> }
	no_shadow
}

// nucleotide -1

// particle -1
sphere {
	<26.990088, 34.088863, 34.368820> 0.250000
	pigment { color rgbt <1,0,0,0> }
	no_shadow
}
cylinder {
	<27.359821, 34.234303, 34.322502>,  <27.581661, 34.321564, 34.294712>, 0.100000
	pigment { color rgbt <1,0,0,0> }
	no_shadow
}
cylinder {
	<27.359821, 34.234303, 34.322502>,  <26.990088, 34.088863, 34.368820>, 0.100000
	pigment { color rgbt <1,0,0,0> }
	no_shadow
}

// particle -1
sphere {
	<27.359821, 34.234303, 34.322502> 0.100000
	pigment { color rgbt <1,0,0,0> }
	no_shadow
}
sphere {
	0, 1
	scale<0.080000,0.200000,0.300000>
	matrix <-0.291203, 0.476015, -0.829826,
		-0.246597, 0.800756, 0.545876,
		0.924332, 0.363594, -0.115798,
		27.637121, 34.343380, 34.287762>
	pigment { color rgbt <0,1,1,0> }
	no_shadow
}
cylinder {
	<26.793676, 34.479084, 33.963135>,  <26.990088, 34.088863, 34.368820>, 0.130000
	pigment { color rgbt <1,0,0,0> }
	no_shadow
}

// nucleotide -1

// particle -1
sphere {
	<26.793676, 34.479084, 33.963135> 0.250000
	pigment { color rgbt <1,0,0,0> }
	no_shadow
}
cylinder {
	<27.183399, 34.562199, 33.928371>,  <27.417233, 34.612068, 33.907513>, 0.100000
	pigment { color rgbt <1,0,0,0> }
	no_shadow
}
cylinder {
	<27.183399, 34.562199, 33.928371>,  <26.793676, 34.479084, 33.963135>, 0.100000
	pigment { color rgbt <1,0,0,0> }
	no_shadow
}

// particle -1
sphere {
	<27.183399, 34.562199, 33.928371> 0.100000
	pigment { color rgbt <1,0,0,0> }
	no_shadow
}
sphere {
	0, 1
	scale<0.080000,0.200000,0.300000>
	matrix <-0.198978, 0.613281, -0.764391,
		-0.105527, 0.762044, 0.638868,
		0.974306, 0.207784, -0.086913,
		27.475691, 34.624535, 33.902298>
	pigment { color rgbt <0,1,1,0> }
	no_shadow
}
cylinder {
	<26.893805, 35.135075, 33.999554>,  <26.793676, 34.479084, 33.963135>, 0.130000
	pigment { color rgbt <1,0,0,0> }
	no_shadow
}

// nucleotide -1

// particle -1
sphere {
	<26.893805, 35.135075, 33.999554> 0.250000
	pigment { color rgbt <1,0,0,0> }
	no_shadow
}
cylinder {
	<27.207720, 35.012543, 33.784046>,  <27.396069, 34.939026, 33.654743>, 0.100000
	pigment { color rgbt <1,0,0,0> }
	no_shadow
}
cylinder {
	<27.207720, 35.012543, 33.784046>,  <26.893805, 35.135075, 33.999554>, 0.100000
	pigment { color rgbt <1,0,0,0> }
	no_shadow
}

// particle -1
sphere {
	<27.207720, 35.012543, 33.784046> 0.100000
	pigment { color rgbt <1,0,0,0> }
	no_shadow
}
sphere {
	0, 1
	scale<0.080000,0.200000,0.300000>
	matrix <-0.246228, 0.643654, -0.724625,
		0.568753, 0.701337, 0.429705,
		0.784787, -0.306328, -0.538769,
		27.443155, 34.920643, 33.622414>
	pigment { color rgbt <0,1,1,0> }
	no_shadow
}
cylinder {
	<27.337914, 35.720207, 33.831841>,  <26.893805, 35.135075, 33.999554>, 0.130000
	pigment { color rgbt <1,0,0,0> }
	no_shadow
}

// nucleotide -1

// particle -1
sphere {
	<27.337914, 35.720207, 33.831841> 0.250000
	pigment { color rgbt <1,0,0,0> }
	no_shadow
}
cylinder {
	<27.408852, 35.430042, 33.565807>,  <27.451414, 35.255943, 33.406189>, 0.100000
	pigment { color rgbt <1,0,0,0> }
	no_shadow
}
cylinder {
	<27.408852, 35.430042, 33.565807>,  <27.337914, 35.720207, 33.831841>, 0.100000
	pigment { color rgbt <1,0,0,0> }
	no_shadow
}

// particle -1
sphere {
	<27.408852, 35.430042, 33.565807> 0.100000
	pigment { color rgbt <1,0,0,0> }
	no_shadow
}
sphere {
	0, 1
	scale<0.080000,0.200000,0.300000>
	matrix <-0.168522, 0.643426, -0.746728,
		0.969613, 0.244509, -0.008139,
		0.177345, -0.725409, -0.665079,
		27.462055, 35.212418, 33.366283>
	pigment { color rgbt <0,1,1,0> }
	no_shadow
}
cylinder {
	<27.725996, 36.046574, 33.394070>,  <27.337914, 35.720207, 33.831841>, 0.130000
	pigment { color rgbt <1,0,0,0> }
	no_shadow
}

// nucleotide -1

// particle -1
sphere {
	<27.725996, 36.046574, 33.394070> 0.250000
	pigment { color rgbt <1,0,0,0> }
	no_shadow
}
cylinder {
	<27.598574, 35.730537, 33.184582>,  <27.522121, 35.540916, 33.058891>, 0.100000
	pigment { color rgbt <1,0,0,0> }
	no_shadow
}
cylinder {
	<27.598574, 35.730537, 33.184582>,  <27.725996, 36.046574, 33.394070>, 0.100000
	pigment { color rgbt <1,0,0,0> }
	no_shadow
}

// particle -1
sphere {
	<27.598574, 35.730537, 33.184582> 0.100000
	pigment { color rgbt <1,0,0,0> }
	no_shadow
}
sphere {
	0, 1
	scale<0.080000,0.200000,0.300000>
	matrix <-0.022334, 0.558602, -0.829135,
		0.947641, -0.252429, -0.195592,
		-0.318555, -0.790091, -0.523716,
		27.503008, 35.493511, 33.027466>
	pigment { color rgbt <0,1,1,0> }
	no_shadow
}
cylinder {
	<28.081795, 36.064396, 32.779610>,  <27.725996, 36.046574, 33.394070>, 0.130000
	pigment { color rgbt <1,0,0,0> }
	no_shadow
}

// nucleotide -1

// particle -1
sphere {
	<28.081795, 36.064396, 32.779610> 0.250000
	pigment { color rgbt <1,0,0,0> }
	no_shadow
}
cylinder {
	<27.760334, 35.839146, 32.702637>,  <27.567457, 35.703995, 32.656452>, 0.100000
	pigment { color rgbt <1,0,0,0> }
	no_shadow
}
cylinder {
	<27.760334, 35.839146, 32.702637>,  <28.081795, 36.064396, 32.779610>, 0.100000
	pigment { color rgbt <1,0,0,0> }
	no_shadow
}

// particle -1
sphere {
	<27.760334, 35.839146, 32.702637> 0.100000
	pigment { color rgbt <1,0,0,0> }
	no_shadow
}
sphere {
	0, 1
	scale<0.080000,0.200000,0.300000>
	matrix <-0.123880, 0.474584, -0.871449,
		0.582065, -0.676502, -0.451160,
		-0.803651, -0.563130, -0.192434,
		27.519239, 35.670208, 32.644905>
	pigment { color rgbt <0,1,1,0> }
	no_shadow
}
cylinder {
	<28.175245, 35.952427, 32.050640>,  <28.081795, 36.064396, 32.779610>, 0.130000
	pigment { color rgbt <1,0,0,0> }
	no_shadow
}

// nucleotide -1

// particle -1
sphere {
	<28.175245, 35.952427, 32.050640> 0.250000
	pigment { color rgbt <1,0,0,0> }
	no_shadow
}
cylinder {
	<27.806286, 35.839466, 32.156040>,  <27.584909, 35.771690, 32.219280>, 0.100000
	pigment { color rgbt <1,0,0,0> }
	no_shadow
}
cylinder {
	<27.806286, 35.839466, 32.156040>,  <28.175245, 35.952427, 32.050640>, 0.100000
	pigment { color rgbt <1,0,0,0> }
	no_shadow
}

// particle -1
sphere {
	<27.806286, 35.839466, 32.156040> 0.100000
	pigment { color rgbt <1,0,0,0> }
	no_shadow
}
sphere {
	0, 1
	scale<0.080000,0.200000,0.300000>
	matrix <-0.383116, 0.582411, -0.716952,
		0.049003, -0.762265, -0.645407,
		-0.922399, -0.282399, 0.263497,
		27.529566, 35.754745, 32.235088>
	pigment { color rgbt <0,1,1,0> }
	no_shadow
}
cylinder {
	<27.847668, 35.600807, 31.461494>,  <28.175245, 35.952427, 32.050640>, 0.130000
	pigment { color rgbt <1,0,0,0> }
	no_shadow
}

// nucleotide -1

// particle -1
sphere {
	<27.847668, 35.600807, 31.461494> 0.250000
	pigment { color rgbt <1,0,0,0> }
	no_shadow
}
cylinder {
	<27.540379, 35.740772, 31.675932>,  <27.356005, 35.824753, 31.804594>, 0.100000
	pigment { color rgbt <1,0,0,0> }
	no_shadow
}
cylinder {
	<27.540379, 35.740772, 31.675932>,  <27.847668, 35.600807, 31.461494>, 0.100000
	pigment { color rgbt <1,0,0,0> }
	no_shadow
}

// particle -1
sphere {
	<27.540379, 35.740772, 31.675932> 0.100000
	pigment { color rgbt <1,0,0,0> }
	no_shadow
}
sphere {
	0, 1
	scale<0.080000,0.200000,0.300000>
	matrix <-0.382403, 0.420775, -0.822628,
		-0.513424, -0.836964, -0.189441,
		-0.768221, 0.349914, 0.536093,
		27.309912, 35.845745, 31.836760>
	pigment { color rgbt <0,1,1,0> }
	no_shadow
}
cylinder {
	<27.252060, 35.479801, 31.037527>,  <27.847668, 35.600807, 31.461494>, 0.130000
	pigment { color rgbt <1,0,0,0> }
	no_shadow
}

// nucleotide -1

// particle -1
sphere {
	<27.252060, 35.479801, 31.037527> 0.250000
	pigment { color rgbt <1,0,0,0> }
	no_shadow
}
cylinder {
	<27.165253, 35.771938, 31.296602>,  <27.113169, 35.947220, 31.452047>, 0.100000
	pigment { color rgbt <1,0,0,0> }
	no_shadow
}
cylinder {
	<27.165253, 35.771938, 31.296602>,  <27.252060, 35.479801, 31.037527>, 0.100000
	pigment { color rgbt <1,0,0,0> }
	no_shadow
}

// particle -1
sphere {
	<27.165253, 35.771938, 31.296602> 0.100000
	pigment { color rgbt <1,0,0,0> }
	no_shadow
}
sphere {
	0, 1
	scale<0.080000,0.200000,0.300000>
	matrix <-0.518822, 0.475732, -0.710284,
		-0.826877, -0.490181, 0.275675,
		-0.217020, 0.730344, 0.647689,
		27.100147, 35.991043, 31.490910>
	pigment { color rgbt <0,1,1,0> }
	no_shadow
}
cylinder {
	<26.565655, 35.790295, 30.713255>,  <27.252060, 35.479801, 31.037527>, 0.130000
	pigment { color rgbt <1,0,0,0> }
	no_shadow
}

// nucleotide -1

// particle -1
sphere {
	<26.565655, 35.790295, 30.713255> 0.250000
	pigment { color rgbt <1,0,0,0> }
	no_shadow
}
cylinder {
	<26.733053, 36.057564, 30.959312>,  <26.833492, 36.217926, 31.106947>, 0.100000
	pigment { color rgbt <1,0,0,0> }
	no_shadow
}
cylinder {
	<26.733053, 36.057564, 30.959312>,  <26.565655, 35.790295, 30.713255>, 0.100000
	pigment { color rgbt <1,0,0,0> }
	no_shadow
}

// particle -1
sphere {
	<26.733053, 36.057564, 30.959312> 0.100000
	pigment { color rgbt <1,0,0,0> }
	no_shadow
}
sphere {
	0, 1
	scale<0.080000,0.200000,0.300000>
	matrix <-0.281115, 0.739345, -0.611836,
		-0.863618, 0.083125, 0.497247,
		0.418496, 0.668176, 0.615143,
		26.858603, 36.258018, 31.143856>
	pigment { color rgbt <0,1,1,0> }
	no_shadow
}
cylinder {
	<26.126055, 36.221088, 30.926495>,  <26.565655, 35.790295, 30.713255>, 0.130000
	pigment { color rgbt <1,0,0,0> }
	no_shadow
}

// nucleotide -1

// particle -1
sphere {
	<26.126055, 36.221088, 30.926495> 0.250000
	pigment { color rgbt <1,0,0,0> }
	no_shadow
}
cylinder {
	<26.434237, 36.468651, 30.987623>,  <26.619146, 36.617188, 31.024302>, 0.100000
	pigment { color rgbt <1,0,0,0> }
	no_shadow
}
cylinder {
	<26.434237, 36.468651, 30.987623>,  <26.126055, 36.221088, 30.926495>, 0.100000
	pigment { color rgbt <1,0,0,0> }
	no_shadow
}

// particle -1
sphere {
	<26.434237, 36.468651, 30.987623> 0.100000
	pigment { color rgbt <1,0,0,0> }
	no_shadow
}
sphere {
	0, 1
	scale<0.080000,0.200000,0.300000>
	matrix <-0.406102, 0.661278, -0.630707,
		-0.491407, 0.423870, 0.760824,
		0.770454, 0.618907, 0.152823,
		26.665373, 36.654324, 31.033470>
	pigment { color rgbt <0,1,1,0> }
	no_shadow
}
cylinder {
	<25.737467, 36.892872, 30.994806>,  <26.126055, 36.221088, 30.926495>, 0.130000
	pigment { color rgbt <1,0,0,0> }
	no_shadow
}

// nucleotide -1

// particle -1
sphere {
	<25.737467, 36.892872, 30.994806> 0.250000
	pigment { color rgbt <1,0,0,0> }
	no_shadow
}
cylinder {
	<26.121389, 37.000454, 30.962713>,  <26.351742, 37.065002, 30.943459>, 0.100000
	pigment { color rgbt <1,0,0,0> }
	no_shadow
}
cylinder {
	<26.121389, 37.000454, 30.962713>,  <25.737467, 36.892872, 30.994806>, 0.100000
	pigment { color rgbt <1,0,0,0> }
	no_shadow
}

// particle -1
sphere {
	<26.121389, 37.000454, 30.962713> 0.100000
	pigment { color rgbt <1,0,0,0> }
	no_shadow
}
sphere {
	0, 1
	scale<0.080000,0.200000,0.300000>
	matrix <-0.272481, 0.824388, -0.496123,
		-0.067295, 0.498042, 0.864537,
		0.959805, 0.268957, -0.080230,
		26.409330, 37.081142, 30.938644>
	pigment { color rgbt <0,1,1,0> }
	no_shadow
}
cylinder {
	<25.789886, 37.631271, 31.130432>,  <25.737467, 36.892872, 30.994806>, 0.130000
	pigment { color rgbt <1,0,0,0> }
	no_shadow
}

// nucleotide -1

// particle -1
sphere {
	<25.789886, 37.631271, 31.130432> 0.250000
	pigment { color rgbt <1,0,0,0> }
	no_shadow
}
cylinder {
	<26.092802, 37.523396, 30.892515>,  <26.274551, 37.458672, 30.749765>, 0.100000
	pigment { color rgbt <1,0,0,0> }
	no_shadow
}
cylinder {
	<26.092802, 37.523396, 30.892515>,  <25.789886, 37.631271, 31.130432>, 0.100000
	pigment { color rgbt <1,0,0,0> }
	no_shadow
}

// particle -1
sphere {
	<26.092802, 37.523396, 30.892515> 0.100000
	pigment { color rgbt <1,0,0,0> }
	no_shadow
}
sphere {
	0, 1
	scale<0.080000,0.200000,0.300000>
	matrix <-0.149882, 0.814675, -0.560214,
		0.635647, 0.513394, 0.576524,
		0.757290, -0.269687, -0.594794,
		26.319988, 37.442490, 30.714077>
	pigment { color rgbt <0,1,1,0> }
	no_shadow
}
cylinder {
	<26.161919, 38.216702, 31.227169>,  <25.789886, 37.631271, 31.130432>, 0.130000
	pigment { color rgbt <1,0,0,0> }
	no_shadow
}

// nucleotide -1

// particle -1
sphere {
	<26.161919, 38.216702, 31.227169> 0.250000
	pigment { color rgbt <1,0,0,0> }
	no_shadow
}
cylinder {
	<26.265121, 38.031086, 30.888206>,  <26.327044, 37.919716, 30.684828>, 0.100000
	pigment { color rgbt <1,0,0,0> }
	no_shadow
}
cylinder {
	<26.265121, 38.031086, 30.888206>,  <26.161919, 38.216702, 31.227169>, 0.100000
	pigment { color rgbt <1,0,0,0> }
	no_shadow
}

// particle -1
sphere {
	<26.265121, 38.031086, 30.888206> 0.100000
	pigment { color rgbt <1,0,0,0> }
	no_shadow
}
sphere {
	0, 1
	scale<0.080000,0.200000,0.300000>
	matrix <-0.228895, 0.822774, -0.520240,
		0.938637, 0.328193, 0.106065,
		0.258007, -0.464039, -0.847408,
		26.342524, 37.891876, 30.633984>
	pigment { color rgbt <0,1,1,0> }
	no_shadow
}
cylinder {
	<26.699265, 38.613842, 30.966928>,  <26.161919, 38.216702, 31.227169>, 0.130000
	pigment { color rgbt <1,0,0,0> }
	no_shadow
}

// nucleotide -1

// particle -1
sphere {
	<26.699265, 38.613842, 30.966928> 0.250000
	pigment { color rgbt <1,0,0,0> }
	no_shadow
}
cylinder {
	<26.573952, 38.406982, 30.648329>,  <26.498764, 38.282867, 30.457169>, 0.100000
	pigment { color rgbt <1,0,0,0> }
	no_shadow
}
cylinder {
	<26.573952, 38.406982, 30.648329>,  <26.699265, 38.613842, 30.966928>, 0.100000
	pigment { color rgbt <1,0,0,0> }
	no_shadow
}

// particle -1
sphere {
	<26.573952, 38.406982, 30.648329> 0.100000
	pigment { color rgbt <1,0,0,0> }
	no_shadow
}
sphere {
	0, 1
	scale<0.080000,0.200000,0.300000>
	matrix <-0.067952, 0.848780, -0.524362,
		0.947226, -0.110149, -0.301049,
		-0.313282, -0.517146, -0.796502,
		26.479967, 38.251839, 30.409378>
	pigment { color rgbt <0,1,1,0> }
	no_shadow
}
cylinder {
	<27.062569, 38.858105, 30.403210>,  <26.699265, 38.613842, 30.966928>, 0.130000
	pigment { color rgbt <1,0,0,0> }
	no_shadow
}

// nucleotide -1

// particle -1
sphere {
	<27.062569, 38.858105, 30.403210> 0.250000
	pigment { color rgbt <1,0,0,0> }
	no_shadow
}
cylinder {
	<26.744217, 38.703365, 30.216908>,  <26.553205, 38.610523, 30.105127>, 0.100000
	pigment { color rgbt <1,0,0,0> }
	no_shadow
}
cylinder {
	<26.744217, 38.703365, 30.216908>,  <27.062569, 38.858105, 30.403210>, 0.100000
	pigment { color rgbt <1,0,0,0> }
	no_shadow
}

// particle -1
sphere {
	<26.744217, 38.703365, 30.216908> 0.100000
	pigment { color rgbt <1,0,0,0> }
	no_shadow
}
sphere {
	0, 1
	scale<0.080000,0.200000,0.300000>
	matrix <-0.084898, 0.832964, -0.546776,
		0.599475, -0.395625, -0.695780,
		-0.795878, -0.386849, -0.465753,
		26.505453, 38.587311, 30.077181>
	pigment { color rgbt <0,1,1,0> }
	no_shadow
}
cylinder {
	<27.140497, 38.917782, 29.679543>,  <27.062569, 38.858105, 30.403210>, 0.130000
	pigment { color rgbt <1,0,0,0> }
	no_shadow
}

// nucleotide -1

// particle -1
sphere {
	<27.140497, 38.917782, 29.679543> 0.250000
	pigment { color rgbt <1,0,0,0> }
	no_shadow
}
cylinder {
	<26.744177, 38.878727, 29.717031>,  <26.506386, 38.855293, 29.739525>, 0.100000
	pigment { color rgbt <1,0,0,0> }
	no_shadow
}
cylinder {
	<26.744177, 38.878727, 29.717031>,  <27.140497, 38.917782, 29.679543>, 0.100000
	pigment { color rgbt <1,0,0,0> }
	no_shadow
}

// particle -1
sphere {
	<26.744177, 38.878727, 29.717031> 0.100000
	pigment { color rgbt <1,0,0,0> }
	no_shadow
}
sphere {
	0, 1
	scale<0.080000,0.200000,0.300000>
	matrix <-0.133781, 0.811258, -0.569178,
		-0.020460, -0.576479, -0.816856,
		-0.990800, -0.097634, 0.093721,
		26.446938, 38.849438, 29.745148>
	pigment { color rgbt <0,1,1,0> }
	no_shadow
}
cylinder {
	<26.916101, 39.096909, 29.010429>,  <27.140497, 38.917782, 29.679543>, 0.130000
	pigment { color rgbt <1,0,0,0> }
	no_shadow
}

// nucleotide -1

// particle -1
sphere {
	<26.916101, 39.096909, 29.010429> 0.250000
	pigment { color rgbt <1,0,0,0> }
	no_shadow
}
cylinder {
	<26.583389, 39.149967, 29.226040>,  <26.383762, 39.181801, 29.355406>, 0.100000
	pigment { color rgbt <1,0,0,0> }
	no_shadow
}
cylinder {
	<26.583389, 39.149967, 29.226040>,  <26.916101, 39.096909, 29.010429>, 0.100000
	pigment { color rgbt <1,0,0,0> }
	no_shadow
}

// particle -1
sphere {
	<26.583389, 39.149967, 29.226040> 0.100000
	pigment { color rgbt <1,0,0,0> }
	no_shadow
}
sphere {
	0, 1
	scale<0.080000,0.200000,0.300000>
	matrix <-0.169012, 0.864411, -0.473528,
		-0.528751, -0.484972, -0.696581,
		-0.831780, 0.132648, 0.539024,
		26.333855, 39.189762, 29.387747>
	pigment { color rgbt <0,1,1,0> }
	no_shadow
}
cylinder {
	<26.726315, 39.727558, 28.804464>,  <26.916101, 39.096909, 29.010429>, 0.130000
	pigment { color rgbt <1,0,0,0> }
	no_shadow
}

// nucleotide -1

// particle -1
sphere {
	<26.726315, 39.727558, 28.804464> 0.250000
	pigment { color rgbt <1,0,0,0> }
	no_shadow
}
cylinder {
	<26.399086, 39.590473, 28.989206>,  <26.202749, 39.508221, 29.100052>, 0.100000
	pigment { color rgbt <1,0,0,0> }
	no_shadow
}
cylinder {
	<26.399086, 39.590473, 28.989206>,  <26.726315, 39.727558, 28.804464>, 0.100000
	pigment { color rgbt <1,0,0,0> }
	no_shadow
}

// particle -1
sphere {
	<26.399086, 39.590473, 28.989206> 0.100000
	pigment { color rgbt <1,0,0,0> }
	no_shadow
}
sphere {
	0, 1
	scale<0.080000,0.200000,0.300000>
	matrix <-0.493959, 0.830001, -0.259042,
		-0.294562, -0.440052, -0.848285,
		-0.818069, -0.342714, 0.461855,
		26.153666, 39.487659, 29.127762>
	pigment { color rgbt <0,1,1,0> }
	no_shadow
}
cylinder {
	<26.207716, 40.115257, 28.577036>,  <26.726315, 39.727558, 28.804464>, 0.130000
	pigment { color rgbt <1,0,0,0> }
	no_shadow
}

// nucleotide -1

// particle -1
sphere {
	<26.207716, 40.115257, 28.577036> 0.250000
	pigment { color rgbt <1,0,0,0> }
	no_shadow
}
cylinder {
	<25.983318, 39.913425, 28.839544>,  <25.848680, 39.792328, 28.997049>, 0.100000
	pigment { color rgbt <1,0,0,0> }
	no_shadow
}
cylinder {
	<25.983318, 39.913425, 28.839544>,  <26.207716, 40.115257, 28.577036>, 0.100000
	pigment { color rgbt <1,0,0,0> }
	no_shadow
}

// particle -1
sphere {
	<25.983318, 39.913425, 28.839544> 0.100000
	pigment { color rgbt <1,0,0,0> }
	no_shadow
}
sphere {
	0, 1
	scale<0.080000,0.200000,0.300000>
	matrix <-0.725932, 0.680886, -0.097040,
		-0.397881, -0.530846, -0.748260,
		-0.560993, -0.504576, 0.656270,
		25.815020, 39.762054, 29.036425>
	pigment { color rgbt <0,1,1,0> }
	no_shadow
}
cylinder {
	<25.615885, 39.864189, 28.184254>,  <26.207716, 40.115257, 28.577036>, 0.130000
	pigment { color rgbt <1,0,0,0> }
	no_shadow
}

// nucleotide -1

// particle -1
sphere {
	<25.615885, 39.864189, 28.184254> 0.250000
	pigment { color rgbt <1,0,0,0> }
	no_shadow
}
cylinder {
	<25.533991, 39.909180, 28.573187>,  <25.484854, 39.936176, 28.806547>, 0.100000
	pigment { color rgbt <1,0,0,0> }
	no_shadow
}
cylinder {
	<25.533991, 39.909180, 28.573187>,  <25.615885, 39.864189, 28.184254>, 0.100000
	pigment { color rgbt <1,0,0,0> }
	no_shadow
}

// particle -1
sphere {
	<25.533991, 39.909180, 28.573187> 0.100000
	pigment { color rgbt <1,0,0,0> }
	no_shadow
}
sphere {
	0, 1
	scale<0.080000,0.200000,0.300000>
	matrix <-0.703761, 0.673498, -0.226096,
		-0.680296, -0.730581, -0.058730,
		-0.204736, 0.112480, 0.972333,
		25.472570, 39.942924, 28.864887>
	pigment { color rgbt <0,1,1,0> }
	no_shadow
}
cylinder {
	<25.336496, 40.218285, 27.611059>,  <25.615885, 39.864189, 28.184254>, 0.130000
	pigment { color rgbt <1,0,0,0> }
	no_shadow
}

// nucleotide -1

// particle -1
sphere {
	<25.336496, 40.218285, 27.611059> 0.250000
	pigment { color rgbt <1,0,0,0> }
	no_shadow
}
cylinder {
	<24.973892, 40.379696, 27.660704>,  <24.756329, 40.476543, 27.690491>, 0.100000
	pigment { color rgbt <1,0,0,0> }
	no_shadow
}
cylinder {
	<24.973892, 40.379696, 27.660704>,  <25.336496, 40.218285, 27.611059>, 0.100000
	pigment { color rgbt <1,0,0,0> }
	no_shadow
}

// particle -1
sphere {
	<24.973892, 40.379696, 27.660704> 0.100000
	pigment { color rgbt <1,0,0,0> }
	no_shadow
}
sphere {
	0, 1
	scale<0.080000,0.200000,0.300000>
	matrix <0.397020, 0.714846, 0.575647,
		0.143568, 0.571105, -0.808225,
		-0.906511, 0.403526, 0.124111,
		24.701939, 40.500755, 27.697937>
	pigment { color rgbt <0,1,1,0> }
	no_shadow
}
cylinder {
	<25.967663, 40.077553, 27.189007>,  <25.336496, 40.218285, 27.611059>, 0.130000
	pigment { color rgbt <1,0,0,0> }
	no_shadow
}

// nucleotide -1

// particle -1
sphere {
	<25.967663, 40.077553, 27.189007> 0.250000
	pigment { color rgbt <1,0,0,0> }
	no_shadow
}
cylinder {
	<26.023491, 40.353619, 26.904980>,  <26.056988, 40.519257, 26.734564>, 0.100000
	pigment { color rgbt <1,0,0,0> }
	no_shadow
}
cylinder {
	<26.023491, 40.353619, 26.904980>,  <25.967663, 40.077553, 27.189007>, 0.100000
	pigment { color rgbt <1,0,0,0> }
	no_shadow
}

// particle -1
sphere {
	<26.023491, 40.353619, 26.904980> 0.100000
	pigment { color rgbt <1,0,0,0> }
	no_shadow
}
sphere {
	0, 1
	scale<0.080000,0.200000,0.300000>
	matrix <0.596417, 0.513830, 0.616657,
		0.790448, -0.509562, -0.339910,
		0.139568, 0.690163, -0.710067,
		26.065361, 40.560669, 26.691959>
	pigment { color rgbt <0,1,1,0> }
	no_shadow
}
cylinder {
	<26.714085, 40.186207, 26.954372>,  <25.967663, 40.077553, 27.189007>, 0.130000
	pigment { color rgbt <1,0,0,0> }
	no_shadow
}

// nucleotide -1

// particle -1
sphere {
	<26.714085, 40.186207, 26.954372> 0.250000
	pigment { color rgbt <1,0,0,0> }
	no_shadow
}
cylinder {
	<26.472689, 40.502907, 26.916567>,  <26.327850, 40.692924, 26.893885>, 0.100000
	pigment { color rgbt <1,0,0,0> }
	no_shadow
}
cylinder {
	<26.472689, 40.502907, 26.916567>,  <26.714085, 40.186207, 26.954372>, 0.100000
	pigment { color rgbt <1,0,0,0> }
	no_shadow
}

// particle -1
sphere {
	<26.472689, 40.502907, 26.916567> 0.100000
	pigment { color rgbt <1,0,0,0> }
	no_shadow
}
sphere {
	0, 1
	scale<0.080000,0.200000,0.300000>
	matrix <0.642404, 0.552995, 0.530578,
		0.472349, 0.259484, -0.842350,
		-0.603492, 0.791748, -0.094513,
		26.291641, 40.740433, 26.888212>
	pigment { color rgbt <0,1,1,0> }
	no_shadow
}
cylinder {
	<27.077620, 39.635151, 27.205692>,  <26.714085, 40.186207, 26.954372>, 0.130000
	pigment { color rgbt <1,0,0,0> }
	no_shadow
}

// nucleotide -1

// particle -1
sphere {
	<27.077620, 39.635151, 27.205692> 0.250000
	pigment { color rgbt <1,0,0,0> }
	no_shadow
}
cylinder {
	<27.317509, 39.912971, 27.364656>,  <27.461443, 40.079662, 27.460035>, 0.100000
	pigment { color rgbt <1,0,0,0> }
	no_shadow
}
cylinder {
	<27.317509, 39.912971, 27.364656>,  <27.077620, 39.635151, 27.205692>, 0.100000
	pigment { color rgbt <1,0,0,0> }
	no_shadow
}

// particle -1
sphere {
	<27.317509, 39.912971, 27.364656> 0.100000
	pigment { color rgbt <1,0,0,0> }
	no_shadow
}
sphere {
	0, 1
	scale<0.080000,0.200000,0.300000>
	matrix <0.749668, -0.661359, 0.024538,
		0.279874, 0.283210, -0.917313,
		0.599724, 0.694547, 0.397411,
		27.497425, 40.121334, 27.483879>
	pigment { color rgbt <0,1,1,0> }
	no_shadow
}
cylinder {
	<27.697287, 39.787457, 26.803350>,  <27.077620, 39.635151, 27.205692>, 0.130000
	pigment { color rgbt <1,0,0,0> }
	no_shadow
}

// nucleotide -1

// particle -1
sphere {
	<27.697287, 39.787457, 26.803350> 0.250000
	pigment { color rgbt <1,0,0,0> }
	no_shadow
}
cylinder {
	<27.726427, 39.835735, 27.199356>,  <27.743912, 39.864704, 27.436958>, 0.100000
	pigment { color rgbt <1,0,0,0> }
	no_shadow
}
cylinder {
	<27.726427, 39.835735, 27.199356>,  <27.697287, 39.787457, 26.803350>, 0.100000
	pigment { color rgbt <1,0,0,0> }
	no_shadow
}

// particle -1
sphere {
	<27.726427, 39.835735, 27.199356> 0.100000
	pigment { color rgbt <1,0,0,0> }
	no_shadow
}
sphere {
	0, 1
	scale<0.080000,0.200000,0.300000>
	matrix <0.740454, -0.671549, 0.027384,
		0.668147, 0.731064, -0.138296,
		0.072853, 0.120698, 0.990012,
		27.748283, 39.871944, 27.496359>
	pigment { color rgbt <0,1,1,0> }
	no_shadow
}
cylinder {
	<28.356600, 40.092686, 27.057062>,  <27.697287, 39.787457, 26.803350>, 0.130000
	pigment { color rgbt <1,0,0,0> }
	no_shadow
}

// nucleotide -1

// particle -1
sphere {
	<28.356600, 40.092686, 27.057062> 0.250000
	pigment { color rgbt <1,0,0,0> }
	no_shadow
}
cylinder {
	<28.202267, 39.873829, 27.354187>,  <28.109667, 39.742516, 27.532463>, 0.100000
	pigment { color rgbt <1,0,0,0> }
	no_shadow
}
cylinder {
	<28.202267, 39.873829, 27.354187>,  <28.356600, 40.092686, 27.057062>, 0.100000
	pigment { color rgbt <1,0,0,0> }
	no_shadow
}

// particle -1
sphere {
	<28.202267, 39.873829, 27.354187> 0.100000
	pigment { color rgbt <1,0,0,0> }
	no_shadow
}
sphere {
	0, 1
	scale<0.080000,0.200000,0.300000>
	matrix <0.883032, -0.452197, 0.125586,
		0.267184, 0.704383, 0.657614,
		-0.385832, -0.547140, 0.742813,
		28.086517, 39.709686, 27.577030>
	pigment { color rgbt <0,1,1,0> }
	no_shadow
}
cylinder {
	<28.681360, 39.827595, 26.387508>,  <28.356600, 40.092686, 27.057062>, 0.130000
	pigment { color rgbt <1,0,0,0> }
	no_shadow
}

// nucleotide -1

// particle -1
sphere {
	<28.681360, 39.827595, 26.387508> 0.250000
	pigment { color rgbt <1,0,0,0> }
	no_shadow
}
cylinder {
	<29.001575, 40.056412, 26.316059>,  <29.193705, 40.193703, 26.273190>, 0.100000
	pigment { color rgbt <1,0,0,0> }
	no_shadow
}
cylinder {
	<29.001575, 40.056412, 26.316059>,  <28.681360, 39.827595, 26.387508>, 0.100000
	pigment { color rgbt <1,0,0,0> }
	no_shadow
}

// particle -1
sphere {
	<29.001575, 40.056412, 26.316059> 0.100000
	pigment { color rgbt <1,0,0,0> }
	no_shadow
}
sphere {
	0, 1
	scale<0.080000,0.200000,0.300000>
	matrix <0.429446, -0.339703, 0.836766,
		0.417986, -0.746573, -0.517606,
		0.800540, 0.572041, -0.178622,
		29.241737, 40.228024, 26.262472>
	pigment { color rgbt <0,1,1,0> }
	no_shadow
}
cylinder {
	<29.343918, 39.447094, 26.500910>,  <28.681360, 39.827595, 26.387508>, 0.130000
	pigment { color rgbt <1,0,0,0> }
	no_shadow
}

// nucleotide -1

// particle -1
sphere {
	<29.343918, 39.447094, 26.500910> 0.250000
	pigment { color rgbt <1,0,0,0> }
	no_shadow
}
cylinder {
	<29.366882, 39.837395, 26.585402>,  <29.380661, 40.071575, 26.636097>, 0.100000
	pigment { color rgbt <1,0,0,0> }
	no_shadow
}
cylinder {
	<29.366882, 39.837395, 26.585402>,  <29.343918, 39.447094, 26.500910>, 0.100000
	pigment { color rgbt <1,0,0,0> }
	no_shadow
}

// particle -1
sphere {
	<29.366882, 39.837395, 26.585402> 0.100000
	pigment { color rgbt <1,0,0,0> }
	no_shadow
}
sphere {
	0, 1
	scale<0.080000,0.200000,0.300000>
	matrix <0.188106, -0.218360, 0.957567,
		0.980470, -0.015240, -0.196080,
		0.057409, 0.975749, 0.211229,
		29.384106, 40.130119, 26.648769>
	pigment { color rgbt <0,1,1,0> }
	no_shadow
}
cylinder {
	<29.915762, 39.427670, 26.704576>,  <29.343918, 39.447094, 26.500910>, 0.130000
	pigment { color rgbt <1,0,0,0> }
	no_shadow
}

// nucleotide -1

// particle -1
sphere {
	<29.915762, 39.427670, 26.704576> 0.250000
	pigment { color rgbt <1,0,0,0> }
	no_shadow
}
cylinder {
	<29.757847, 39.757778, 26.866104>,  <29.663097, 39.955845, 26.963020>, 0.100000
	pigment { color rgbt <1,0,0,0> }
	no_shadow
}
cylinder {
	<29.757847, 39.757778, 26.866104>,  <29.915762, 39.427670, 26.704576>, 0.100000
	pigment { color rgbt <1,0,0,0> }
	no_shadow
}

// particle -1
sphere {
	<29.757847, 39.757778, 26.866104> 0.100000
	pigment { color rgbt <1,0,0,0> }
	no_shadow
}
sphere {
	0, 1
	scale<0.080000,0.200000,0.300000>
	matrix <0.196319, -0.353597, 0.914564,
		0.897553, 0.440336, -0.022421,
		-0.394788, 0.825271, 0.403819,
		29.639410, 40.005360, 26.987249>
	pigment { color rgbt <0,1,1,0> }
	no_shadow
}
cylinder {
	<30.317822, 39.427822, 27.261963>,  <29.915762, 39.427670, 26.704576>, 0.130000
	pigment { color rgbt <1,0,0,0> }
	no_shadow
}

// nucleotide -1

// particle -1
sphere {
	<30.317822, 39.427822, 27.261963> 0.250000
	pigment { color rgbt <1,0,0,0> }
	no_shadow
}
cylinder {
	<30.054249, 39.704239, 27.380804>,  <29.896105, 39.870090, 27.452108>, 0.100000
	pigment { color rgbt <1,0,0,0> }
	no_shadow
}
cylinder {
	<30.054249, 39.704239, 27.380804>,  <30.317822, 39.427822, 27.261963>, 0.100000
	pigment { color rgbt <1,0,0,0> }
	no_shadow
}

// particle -1
sphere {
	<30.054249, 39.704239, 27.380804> 0.100000
	pigment { color rgbt <1,0,0,0> }
	no_shadow
}
sphere {
	0, 1
	scale<0.080000,0.200000,0.300000>
	matrix <0.240645, -0.180552, 0.953672,
		0.712669, 0.699902, -0.047324,
		-0.658933, 0.691042, 0.297102,
		29.856569, 39.911552, 27.469934>
	pigment { color rgbt <0,1,1,0> }
	no_shadow
}
cylinder {
	<30.586164, 39.740776, 27.766714>,  <30.317822, 39.427822, 27.261963>, 0.130000
	pigment { color rgbt <1,0,0,0> }
	no_shadow
}

// nucleotide -1

// particle -1
sphere {
	<30.586164, 39.740776, 27.766714> 0.250000
	pigment { color rgbt <1,0,0,0> }
	no_shadow
}
cylinder {
	<30.198826, 39.801514, 27.845963>,  <29.966423, 39.837955, 27.893511>, 0.100000
	pigment { color rgbt <1,0,0,0> }
	no_shadow
}
cylinder {
	<30.198826, 39.801514, 27.845963>,  <30.586164, 39.740776, 27.766714>, 0.100000
	pigment { color rgbt <1,0,0,0> }
	no_shadow
}

// particle -1
sphere {
	<30.198826, 39.801514, 27.845963> 0.100000
	pigment { color rgbt <1,0,0,0> }
	no_shadow
}
sphere {
	0, 1
	scale<0.080000,0.200000,0.300000>
	matrix <0.162925, -0.216837, 0.962516,
		0.189113, 0.964326, 0.185233,
		-0.968345, 0.151845, 0.198120,
		29.908323, 39.847069, 27.905399>
	pigment { color rgbt <0,1,1,0> }
	no_shadow
}
cylinder {
	<30.542538, 40.321819, 28.309347>,  <30.586164, 39.740776, 27.766714>, 0.130000
	pigment { color rgbt <1,0,0,0> }
	no_shadow
}

// nucleotide -1

// particle -1
sphere {
	<30.542538, 40.321819, 28.309347> 0.250000
	pigment { color rgbt <1,0,0,0> }
	no_shadow
}
cylinder {
	<30.207191, 40.103775, 28.309330>,  <30.005983, 39.972950, 28.309320>, 0.100000
	pigment { color rgbt <1,0,0,0> }
	no_shadow
}
cylinder {
	<30.207191, 40.103775, 28.309330>,  <30.542538, 40.321819, 28.309347>, 0.100000
	pigment { color rgbt <1,0,0,0> }
	no_shadow
}

// particle -1
sphere {
	<30.207191, 40.103775, 28.309330> 0.100000
	pigment { color rgbt <1,0,0,0> }
	no_shadow
}
sphere {
	0, 1
	scale<0.080000,0.200000,0.300000>
	matrix <0.209553, -0.322358, 0.923132,
		-0.503221, 0.773913, 0.384483,
		-0.838365, -0.545109, -0.000042,
		29.955683, 39.940243, 28.309317>
	pigment { color rgbt <0,1,1,0> }
	no_shadow
}
cylinder {
	<30.395224, 40.282497, 28.964804>,  <30.542538, 40.321819, 28.309347>, 0.130000
	pigment { color rgbt <1,0,0,0> }
	no_shadow
}

// nucleotide -1

// particle -1
sphere {
	<30.395224, 40.282497, 28.964804> 0.250000
	pigment { color rgbt <1,0,0,0> }
	no_shadow
}
cylinder {
	<30.171389, 39.980301, 28.828514>,  <30.037088, 39.798981, 28.746740>, 0.100000
	pigment { color rgbt <1,0,0,0> }
	no_shadow
}
cylinder {
	<30.171389, 39.980301, 28.828514>,  <30.395224, 40.282497, 28.964804>, 0.100000
	pigment { color rgbt <1,0,0,0> }
	no_shadow
}

// particle -1
sphere {
	<30.171389, 39.980301, 28.828514> 0.100000
	pigment { color rgbt <1,0,0,0> }
	no_shadow
}
sphere {
	0, 1
	scale<0.080000,0.200000,0.300000>
	matrix <0.059130, -0.446465, 0.892845,
		-0.826660, 0.479477, 0.294508,
		-0.559586, -0.755494, -0.340723,
		30.003513, 39.753654, 28.726297>
	pigment { color rgbt <0,1,1,0> }
	no_shadow
}
cylinder {
	<30.040430, 40.058136, 29.558329>,  <30.395224, 40.282497, 28.964804>, 0.130000
	pigment { color rgbt <1,0,0,0> }
	no_shadow
}

// nucleotide -1

// particle -1
sphere {
	<30.040430, 40.058136, 29.558329> 0.250000
	pigment { color rgbt <1,0,0,0> }
	no_shadow
}
cylinder {
	<29.975960, 39.751675, 29.309481>,  <29.937277, 39.567799, 29.160172>, 0.100000
	pigment { color rgbt <1,0,0,0> }
	no_shadow
}
cylinder {
	<29.975960, 39.751675, 29.309481>,  <30.040430, 40.058136, 29.558329>, 0.100000
	pigment { color rgbt <1,0,0,0> }
	no_shadow
}

// particle -1
sphere {
	<29.975960, 39.751675, 29.309481> 0.100000
	pigment { color rgbt <1,0,0,0> }
	no_shadow
}
sphere {
	0, 1
	scale<0.080000,0.200000,0.300000>
	matrix <0.069868, -0.637638, 0.767161,
		-0.984450, 0.080181, 0.156301,
		-0.161175, -0.766152, -0.622121,
		29.927607, 39.521828, 29.122845>
	pigment { color rgbt <0,1,1,0> }
	no_shadow
}
cylinder {
	<29.652224, 39.587452, 29.974937>,  <30.040430, 40.058136, 29.558329>, 0.130000
	pigment { color rgbt <1,0,0,0> }
	no_shadow
}

// nucleotide -1

// particle -1
sphere {
	<29.652224, 39.587452, 29.974937> 0.250000
	pigment { color rgbt <1,0,0,0> }
	no_shadow
}
cylinder {
	<29.815681, 39.367558, 29.683514>,  <29.913757, 39.235622, 29.508659>, 0.100000
	pigment { color rgbt <1,0,0,0> }
	no_shadow
}
cylinder {
	<29.815681, 39.367558, 29.683514>,  <29.652224, 39.587452, 29.974937>, 0.100000
	pigment { color rgbt <1,0,0,0> }
	no_shadow
}

// particle -1
sphere {
	<29.815681, 39.367558, 29.683514> 0.100000
	pigment { color rgbt <1,0,0,0> }
	no_shadow
}
sphere {
	0, 1
	scale<0.080000,0.200000,0.300000>
	matrix <0.081042, -0.773245, 0.628907,
		-0.909088, -0.316044, -0.271432,
		0.408645, -0.549735, -0.728560,
		29.938274, 39.202637, 29.464945>
	pigment { color rgbt <0,1,1,0> }
	no_shadow
}
cylinder {
	<29.245857, 38.959961, 29.884308>,  <29.652224, 39.587452, 29.974937>, 0.130000
	pigment { color rgbt <1,0,0,0> }
	no_shadow
}

// nucleotide -1

// particle -1
sphere {
	<29.245857, 38.959961, 29.884308> 0.250000
	pigment { color rgbt <1,0,0,0> }
	no_shadow
}
cylinder {
	<29.622744, 38.901752, 29.763607>,  <29.848875, 38.866829, 29.691187>, 0.100000
	pigment { color rgbt <1,0,0,0> }
	no_shadow
}
cylinder {
	<29.622744, 38.901752, 29.763607>,  <29.245857, 38.959961, 29.884308>, 0.100000
	pigment { color rgbt <1,0,0,0> }
	no_shadow
}

// particle -1
sphere {
	<29.622744, 38.901752, 29.763607> 0.100000
	pigment { color rgbt <1,0,0,0> }
	no_shadow
}
sphere {
	0, 1
	scale<0.080000,0.200000,0.300000>
	matrix <0.054372, -0.822360, 0.566364,
