// switches for output
#declare DRAW_BASES = 1; // possible values are 0, 1; only relevant for DNA ribbons
#declare DRAW_BASES_TYPE = 3; // possible values are 1, 2, 3; only relevant for DNA ribbons
#declare DRAW_FOG = 0; // set to 1 to enable fog

#include "colors.inc"

#include "transforms.inc"
background { rgb <1, 1, 1>}

#default {
   normal{
       ripples 0.25
       frequency 0.20
       turbulence 0.2
       lambda 5
   }
	finish {
		phong 0.1
		phong_size 40.
	}
}

// original window dimensions: 1024x640


// camera settings

camera {
	sky <0, 0.179814, -0.983701>
	up <0, 0.179814, -0.983701>
	right 1.6 * <1, 0, 0>
	location <35, 94.9851, 44.8844>
	look_at <35, 29.7336, 32.9568>
	direction <0, -65.2515, -11.9276>
	angle 67.0682
}


# declare cpy_camera_pos = <35, 94.9851, 44.8844>;
# if (DRAW_FOG = 1)
fog {
	fog_type 2
	up vnormalize(cpy_camera_pos)
	color rgbt<1,1,1,0.3>
	distance 1e-5
	fog_alt 3e-3
	fog_offset 56
}
# end


// LIGHTS

# declare lum = 6;
global_settings {
	ambient_light rgb lum * <0.05, 0.05, 0.05>
	max_trace_level 15
}# declare cpy_direct_light_amount = 0.25;
light_source
{	1000 * <-1, -1.16352, -0.803886>,
	rgb lum * cpy_direct_light_amount
	parallel
}

light_source
{	1000 * <1, 1.16352, 0.803886>,
	rgb lum * cpy_direct_light_amount
	parallel
}

// strand 0

// nucleotide -1

// particle -1
sphere {
	<24.023857, 35.168514, 34.916676> 0.250000
	pigment { color rgbt <1,0,0,0> }
	no_shadow
}
cylinder {
	<24.382111, 35.042324, 35.042099>,  <24.597063, 34.966610, 35.117352>, 0.100000
	pigment { color rgbt <1,0,0,0> }
	no_shadow
}
cylinder {
	<24.382111, 35.042324, 35.042099>,  <24.023857, 35.168514, 34.916676>, 0.100000
	pigment { color rgbt <1,0,0,0> }
	no_shadow
}

// particle -1
sphere {
	<24.382111, 35.042324, 35.042099> 0.100000
	pigment { color rgbt <1,0,0,0> }
	no_shadow
}
sphere {
	0, 1
	scale<0.080000,0.200000,0.300000>
	matrix <-0.130335, -0.860147, -0.493112,
		0.425268, 0.400780, -0.811494,
		0.895634, -0.315471, 0.313558,
		24.650801, 34.947681, 35.136166>
	pigment { color rgbt <0,1,1,0> }
	no_shadow
}
cylinder {
	<24.397425, 34.926582, 34.368557>,  <24.023857, 35.168514, 34.916676>, 0.130000
	pigment { color rgbt <1,0,0,0> }
	no_shadow
}

// nucleotide -1

// particle -1
sphere {
	<24.397425, 34.926582, 34.368557> 0.250000
	pigment { color rgbt <1,0,0,0> }
	no_shadow
}
cylinder {
	<24.552673, 34.727631, 34.678905>,  <24.645823, 34.608261, 34.865116>, 0.100000
	pigment { color rgbt <1,0,0,0> }
	no_shadow
}
cylinder {
	<24.552673, 34.727631, 34.678905>,  <24.397425, 34.926582, 34.368557>, 0.100000
	pigment { color rgbt <1,0,0,0> }
	no_shadow
}

// particle -1
sphere {
	<24.552673, 34.727631, 34.678905> 0.100000
	pigment { color rgbt <1,0,0,0> }
	no_shadow
}
sphere {
	0, 1
	scale<0.080000,0.200000,0.300000>
	matrix <-0.234481, -0.867456, -0.438793,
		0.891280, -0.011621, -0.453305,
		0.388123, -0.497379, 0.775871,
		24.669109, 34.578419, 34.911667>
	pigment { color rgbt <0,1,1,0> }
	no_shadow
}
cylinder {
	<24.815107, 34.407959, 34.074715>,  <24.397425, 34.926582, 34.368557>, 0.130000
	pigment { color rgbt <1,0,0,0> }
	no_shadow
}

// nucleotide -1

// particle -1
sphere {
	<24.815107, 34.407959, 34.074715> 0.250000
	pigment { color rgbt <1,0,0,0> }
	no_shadow
}
cylinder {
	<24.692123, 34.326424, 34.446503>,  <24.618334, 34.277504, 34.669575>, 0.100000
	pigment { color rgbt <1,0,0,0> }
	no_shadow
}
cylinder {
	<24.692123, 34.326424, 34.446503>,  <24.815107, 34.407959, 34.074715>, 0.100000
	pigment { color rgbt <1,0,0,0> }
	no_shadow
}

// particle -1
sphere {
	<24.692123, 34.326424, 34.446503> 0.100000
	pigment { color rgbt <1,0,0,0> }
	no_shadow
}
sphere {
	0, 1
	scale<0.080000,0.200000,0.300000>
	matrix <-0.227119, -0.932835, -0.279705,
		0.924060, -0.297099, 0.240511,
		-0.307458, -0.203839, 0.929472,
		24.599886, 34.265270, 34.725346>
	pigment { color rgbt <0,1,1,0> }
	no_shadow
}
cylinder {
	<25.399780, 34.547585, 34.529083>,  <24.815107, 34.407959, 34.074715>, 0.130000
	pigment { color rgbt <1,0,0,0> }
	no_shadow
}

// nucleotide -1

// particle -1
sphere {
	<25.399780, 34.547585, 34.529083> 0.250000
	pigment { color rgbt <1,0,0,0> }
	no_shadow
}
cylinder {
	<25.660616, 34.841278, 34.604649>,  <25.817118, 35.017494, 34.649986>, 0.100000
	pigment { color rgbt <1,0,0,0> }
	no_shadow
}
cylinder {
	<25.660616, 34.841278, 34.604649>,  <25.399780, 34.547585, 34.529083>, 0.100000
	pigment { color rgbt <1,0,0,0> }
	no_shadow
}

// particle -1
sphere {
	<25.660616, 34.841278, 34.604649> 0.100000
	pigment { color rgbt <1,0,0,0> }
	no_shadow
}
sphere {
	0, 1
	scale<0.080000,0.200000,0.300000>
	matrix <0.545717, -0.281605, -0.789235,
		-0.526281, 0.617743, -0.584313,
		0.652089, 0.734229, 0.188910,
		25.856243, 35.061546, 34.661320>
	pigment { color rgbt <0,1,1,0> }
	no_shadow
}
cylinder {
	<25.595882, 34.834801, 33.828709>,  <25.399780, 34.547585, 34.529083>, 0.130000
	pigment { color rgbt <1,0,0,0> }
	no_shadow
}

// nucleotide -1

// particle -1
sphere {
	<25.595882, 34.834801, 33.828709> 0.250000
	pigment { color rgbt <1,0,0,0> }
	no_shadow
}
cylinder {
	<25.885363, 34.928837, 34.088245>,  <26.059050, 34.985260, 34.243965>, 0.100000
	pigment { color rgbt <1,0,0,0> }
	no_shadow
}
cylinder {
	<25.885363, 34.928837, 34.088245>,  <25.595882, 34.834801, 33.828709>, 0.100000
	pigment { color rgbt <1,0,0,0> }
	no_shadow
}

// particle -1
sphere {
	<25.885363, 34.928837, 34.088245> 0.100000
	pigment { color rgbt <1,0,0,0> }
	no_shadow
}
sphere {
	0, 1
	scale<0.080000,0.200000,0.300000>
	matrix <0.685328, -0.355377, -0.635636,
		0.081149, 0.904676, -0.418301,
		0.723700, 0.235092, 0.648838,
		26.102472, 34.999363, 34.282898>
	pigment { color rgbt <0,1,1,0> }
	no_shadow
}
cylinder {
	<26.121244, 35.434261, 33.658482>,  <25.595882, 34.834801, 33.828709>, 0.130000
	pigment { color rgbt <1,0,0,0> }
	no_shadow
}

// nucleotide -1

// particle -1
sphere {
	<26.121244, 35.434261, 33.658482> 0.250000
	pigment { color rgbt <1,0,0,0> }
	no_shadow
}
cylinder {
	<26.259869, 35.143970, 33.896210>,  <26.343042, 34.969795, 34.038845>, 0.100000
	pigment { color rgbt <1,0,0,0> }
	no_shadow
}
cylinder {
	<26.259869, 35.143970, 33.896210>,  <26.121244, 35.434261, 33.658482>, 0.100000
	pigment { color rgbt <1,0,0,0> }
	no_shadow
}

// particle -1
sphere {
	<26.259869, 35.143970, 33.896210> 0.100000
	pigment { color rgbt <1,0,0,0> }
	no_shadow
}
sphere {
	0, 1
	scale<0.080000,0.200000,0.300000>
	matrix <0.719022, -0.201370, -0.665175,
		0.602416, 0.657848, 0.452030,
		0.346559, -0.725731, 0.594316,
		26.363836, 34.926250, 34.074505>
	pigment { color rgbt <0,1,1,0> }
	no_shadow
}
cylinder {
	<26.791834, 35.518108, 33.681877>,  <26.121244, 35.434261, 33.658482>, 0.130000
	pigment { color rgbt <1,0,0,0> }
	no_shadow
}

// nucleotide -1

// particle -1
sphere {
	<26.791834, 35.518108, 33.681877> 0.250000
	pigment { color rgbt <1,0,0,0> }
	no_shadow
}
cylinder {
	<26.769396, 35.134235, 33.792053>,  <26.755934, 34.903912, 33.858158>, 0.100000
	pigment { color rgbt <1,0,0,0> }
	no_shadow
}
cylinder {
	<26.769396, 35.134235, 33.792053>,  <26.791834, 35.518108, 33.681877>, 0.100000
	pigment { color rgbt <1,0,0,0> }
	no_shadow
}

// particle -1
sphere {
	<26.769396, 35.134235, 33.792053> 0.100000
	pigment { color rgbt <1,0,0,0> }
	no_shadow
}
sphere {
	0, 1
	scale<0.080000,0.200000,0.300000>
	matrix <0.744366, -0.224057, -0.629061,
		0.665411, 0.169740, 0.726922,
		-0.056095, -0.959680, 0.275439,
		26.752567, 34.846333, 33.874683>
	pigment { color rgbt <0,1,1,0> }
	no_shadow
}
cylinder {
	<27.457083, 35.282486, 33.762165>,  <26.791834, 35.518108, 33.681877>, 0.130000
	pigment { color rgbt <1,0,0,0> }
	no_shadow
}

// nucleotide -1

// particle -1
sphere {
	<27.457083, 35.282486, 33.762165> 0.250000
	pigment { color rgbt <1,0,0,0> }
	no_shadow
}
cylinder {
	<27.285326, 34.921238, 33.761570>,  <27.182272, 34.704491, 33.761215>, 0.100000
	pigment { color rgbt <1,0,0,0> }
	no_shadow
}
cylinder {
	<27.285326, 34.921238, 33.761570>,  <27.457083, 35.282486, 33.762165>, 0.100000
	pigment { color rgbt <1,0,0,0> }
	no_shadow
}

// particle -1
sphere {
	<27.285326, 34.921238, 33.761570> 0.100000
	pigment { color rgbt <1,0,0,0> }
	no_shadow
}
sphere {
	0, 1
	scale<0.080000,0.200000,0.300000>
	matrix <0.803779, -0.381408, -0.456583,
		0.411782, -0.197246, 0.889680,
		-0.429390, -0.903118, -0.001485,
		27.156509, 34.650303, 33.761124>
	pigment { color rgbt <0,1,1,0> }
	no_shadow
}
cylinder {
	<27.968082, 34.798908, 33.989014>,  <27.457083, 35.282486, 33.762165>, 0.130000
	pigment { color rgbt <1,0,0,0> }
	no_shadow
}

// nucleotide -1

// particle -1
sphere {
	<27.968082, 34.798908, 33.989014> 0.250000
	pigment { color rgbt <1,0,0,0> }
	no_shadow
}
cylinder {
	<27.740896, 34.555729, 33.767090>,  <27.604584, 34.409821, 33.633938>, 0.100000
	pigment { color rgbt <1,0,0,0> }
	no_shadow
}
cylinder {
	<27.740896, 34.555729, 33.767090>,  <27.968082, 34.798908, 33.989014>, 0.100000
	pigment { color rgbt <1,0,0,0> }
	no_shadow
}

// particle -1
sphere {
	<27.740896, 34.555729, 33.767090> 0.100000
	pigment { color rgbt <1,0,0,0> }
	no_shadow
}
sphere {
	0, 1
	scale<0.080000,0.200000,0.300000>
	matrix <0.815501, -0.324592, -0.479164,
		0.111222, -0.724594, 0.680142,
		-0.567968, -0.607950, -0.554806,
		27.570505, 34.373344, 33.600647>
	pigment { color rgbt <0,1,1,0> }
	no_shadow
}
cylinder {
	<28.270046, 33.992447, 33.941013>,  <27.968082, 34.798908, 33.989014>, 0.130000
	pigment { color rgbt <1,0,0,0> }
	no_shadow
}

// nucleotide -1

// particle -1
sphere {
	<28.270046, 33.992447, 33.941013> 0.250000
	pigment { color rgbt <1,0,0,0> }
	no_shadow
}
cylinder {
	<28.018559, 34.017418, 33.630966>,  <27.867666, 34.032402, 33.444939>, 0.100000
	pigment { color rgbt <1,0,0,0> }
	no_shadow
}
cylinder {
	<28.018559, 34.017418, 33.630966>,  <28.270046, 33.992447, 33.941013>, 0.100000
	pigment { color rgbt <1,0,0,0> }
	no_shadow
}

// particle -1
sphere {
	<28.018559, 34.017418, 33.630966> 0.100000
	pigment { color rgbt <1,0,0,0> }
	no_shadow
}
sphere {
	0, 1
	scale<0.080000,0.200000,0.300000>
	matrix <0.665633, -0.472142, -0.577940,
		-0.402048, -0.879309, 0.255290,
		-0.628721, 0.062430, -0.775121,
		27.829943, 34.036148, 33.398430>
	pigment { color rgbt <0,1,1,0> }
	no_shadow
}
cylinder {
	<28.121014, 33.257214, 33.813492>,  <28.270046, 33.992447, 33.941013>, 0.130000
	pigment { color rgbt <1,0,0,0> }
	no_shadow
}

// nucleotide -1

// particle -1
sphere {
	<28.121014, 33.257214, 33.813492> 0.250000
	pigment { color rgbt <1,0,0,0> }
	no_shadow
}
cylinder {
	<28.031815, 33.476437, 33.491024>,  <27.978294, 33.607971, 33.297543>, 0.100000
	pigment { color rgbt <1,0,0,0> }
	no_shadow
}
cylinder {
	<28.031815, 33.476437, 33.491024>,  <28.121014, 33.257214, 33.813492>, 0.100000
	pigment { color rgbt <1,0,0,0> }
	no_shadow
}

// particle -1
sphere {
	<28.031815, 33.476437, 33.491024> 0.100000
	pigment { color rgbt <1,0,0,0> }
	no_shadow
}
sphere {
	0, 1
	scale<0.080000,0.200000,0.300000>
	matrix <0.523886, -0.630039, -0.573231,
		-0.822080, -0.550170, -0.146621,
		-0.222998, 0.548054, -0.806169,
		27.964914, 33.640854, 33.249172>
	pigment { color rgbt <0,1,1,0> }
	no_shadow
}
cylinder {
	<27.906420, 32.708935, 33.289936>,  <28.121014, 33.257214, 33.813492>, 0.130000
	pigment { color rgbt <1,0,0,0> }
	no_shadow
}

// nucleotide -1

// particle -1
sphere {
	<27.906420, 32.708935, 33.289936> 0.250000
	pigment { color rgbt <1,0,0,0> }
	no_shadow
}
cylinder {
	<28.003151, 33.027241, 33.067844>,  <28.061190, 33.218224, 32.934589>, 0.100000
	pigment { color rgbt <1,0,0,0> }
	no_shadow
}
cylinder {
	<28.003151, 33.027241, 33.067844>,  <27.906420, 32.708935, 33.289936>, 0.100000
	pigment { color rgbt <1,0,0,0> }
	no_shadow
}

// particle -1
sphere {
	<28.003151, 33.027241, 33.067844> 0.100000
	pigment { color rgbt <1,0,0,0> }
	no_shadow
}
sphere {
	0, 1
	scale<0.080000,0.200000,0.300000>
	matrix <0.557452, -0.582295, -0.591760,
		-0.794208, -0.166408, -0.584417,
		0.241830, 0.795764, -0.555228,
		28.075701, 33.265968, 32.901276>
	pigment { color rgbt <0,1,1,0> }
	no_shadow
}
cylinder {
	<27.746838, 32.514862, 32.526382>,  <27.906420, 32.708935, 33.289936>, 0.130000
	pigment { color rgbt <1,0,0,0> }
	no_shadow
}

// nucleotide -1

// particle -1
sphere {
	<27.746838, 32.514862, 32.526382> 0.250000
	pigment { color rgbt <1,0,0,0> }
	no_shadow
}
cylinder {
	<27.975960, 32.840740, 32.490242>,  <28.113434, 33.036266, 32.468559>, 0.100000
	pigment { color rgbt <1,0,0,0> }
	no_shadow
}
cylinder {
	<27.975960, 32.840740, 32.490242>,  <27.746838, 32.514862, 32.526382>, 0.100000
	pigment { color rgbt <1,0,0,0> }
	no_shadow
}

// particle -1
sphere {
	<27.975960, 32.840740, 32.490242> 0.100000
	pigment { color rgbt <1,0,0,0> }
	no_shadow
}
sphere {
	0, 1
	scale<0.080000,0.200000,0.300000>
	matrix <0.499341, -0.434229, -0.749736,
		-0.650041, 0.384336, -0.655540,
		0.572805, 0.814697, -0.090352,
		28.147800, 33.085148, 32.463135>
	pigment { color rgbt <0,1,1,0> }
	no_shadow
}
cylinder {
	<27.821117, 32.489101, 31.760557>,  <27.746838, 32.514862, 32.526382>, 0.130000
	pigment { color rgbt <1,0,0,0> }
	no_shadow
}

// nucleotide -1

// particle -1
sphere {
	<27.821117, 32.489101, 31.760557> 0.250000
	pigment { color rgbt <1,0,0,0> }
	no_shadow
}
cylinder {
	<28.103935, 32.715137, 31.930620>,  <28.273626, 32.850758, 32.032658>, 0.100000
	pigment { color rgbt <1,0,0,0> }
	no_shadow
}
cylinder {
	<28.103935, 32.715137, 31.930620>,  <27.821117, 32.489101, 31.760557>, 0.100000
	pigment { color rgbt <1,0,0,0> }
	no_shadow
}

// particle -1
sphere {
	<28.103935, 32.715137, 31.930620> 0.100000
	pigment { color rgbt <1,0,0,0> }
	no_shadow
}
sphere {
	0, 1
	scale<0.080000,0.200000,0.300000>
	matrix <0.684615, -0.396346, -0.611730,
		-0.177173, 0.723590, -0.667104,
		0.707045, 0.565091, 0.425158,
		28.316050, 32.884666, 32.058167>
	pigment { color rgbt <0,1,1,0> }
	no_shadow
}
cylinder {
	<28.134350, 32.766590, 31.198608>,  <27.821117, 32.489101, 31.760557>, 0.130000
	pigment { color rgbt <1,0,0,0> }
	no_shadow
}

// nucleotide -1

// particle -1
sphere {
	<28.134350, 32.766590, 31.198608> 0.250000
	pigment { color rgbt <1,0,0,0> }
	no_shadow
}
cylinder {
	<28.401230, 32.785015, 31.495989>,  <28.561357, 32.796070, 31.674417>, 0.100000
	pigment { color rgbt <1,0,0,0> }
	no_shadow
}
cylinder {
	<28.401230, 32.785015, 31.495989>,  <28.134350, 32.766590, 31.198608>, 0.100000
	pigment { color rgbt <1,0,0,0> }
	no_shadow
}

// particle -1
sphere {
	<28.401230, 32.785015, 31.495989> 0.100000
	pigment { color rgbt <1,0,0,0> }
	no_shadow
}
sphere {
	0, 1
	scale<0.080000,0.200000,0.300000>
	matrix <0.705916, -0.357668, -0.611357,
		0.237751, 0.932712, -0.271149,
		0.667202, 0.046058, 0.743452,
		28.601391, 32.798832, 31.719025>
	pigment { color rgbt <0,1,1,0> }
	no_shadow
}
cylinder {
	<28.623238, 33.201859, 30.939491>,  <28.134350, 32.766590, 31.198608>, 0.130000
	pigment { color rgbt <1,0,0,0> }
	no_shadow
}

// nucleotide -1

// particle -1
sphere {
	<28.623238, 33.201859, 30.939491> 0.250000
	pigment { color rgbt <1,0,0,0> }
	no_shadow
}
cylinder {
	<28.782328, 32.961136, 31.216516>,  <28.877783, 32.816704, 31.382732>, 0.100000
	pigment { color rgbt <1,0,0,0> }
	no_shadow
}
cylinder {
	<28.782328, 32.961136, 31.216516>,  <28.623238, 33.201859, 30.939491>, 0.100000
	pigment { color rgbt <1,0,0,0> }
	no_shadow
}

// particle -1
sphere {
	<28.782328, 32.961136, 31.216516> 0.100000
	pigment { color rgbt <1,0,0,0> }
	no_shadow
}
sphere {
	0, 1
	scale<0.080000,0.200000,0.300000>
	matrix <0.703397, -0.284661, -0.651307,
		0.589106, 0.746189, 0.310091,
		0.397727, -0.601806, 0.692563,
		28.901646, 32.780594, 31.424286>
	pigment { color rgbt <0,1,1,0> }
	no_shadow
}
cylinder {
	<29.285120, 33.289265, 30.848705>,  <28.623238, 33.201859, 30.939491>, 0.130000
	pigment { color rgbt <1,0,0,0> }
	no_shadow
}

// nucleotide -1

// particle -1
sphere {
	<29.285120, 33.289265, 30.848705> 0.250000
	pigment { color rgbt <1,0,0,0> }
	no_shadow
}
cylinder {
	<29.227232, 32.934677, 31.024538>,  <29.192499, 32.721924, 31.130037>, 0.100000
	pigment { color rgbt <1,0,0,0> }
	no_shadow
}
cylinder {
	<29.227232, 32.934677, 31.024538>,  <29.285120, 33.289265, 30.848705>, 0.100000
	pigment { color rgbt <1,0,0,0> }
	no_shadow
}

// particle -1
sphere {
	<29.227232, 32.934677, 31.024538> 0.100000
	pigment { color rgbt <1,0,0,0> }
	no_shadow
}
sphere {
	0, 1
	scale<0.080000,0.200000,0.300000>
	matrix <0.599628, -0.431962, -0.673688,
		0.787084, 0.166088, 0.594065,
		-0.144722, -0.886467, 0.439581,
		29.183815, 32.668736, 31.156412>
	pigment { color rgbt <0,1,1,0> }
	no_shadow
}
cylinder {
	<29.918926, 32.859428, 30.825682>,  <29.285120, 33.289265, 30.848705>, 0.130000
	pigment { color rgbt <1,0,0,0> }
	no_shadow
}

// nucleotide -1

// particle -1
sphere {
	<29.918926, 32.859428, 30.825682> 0.250000
	pigment { color rgbt <1,0,0,0> }
	no_shadow
}
cylinder {
	<29.639257, 32.578003, 30.876524>,  <29.471457, 32.409149, 30.907030>, 0.100000
	pigment { color rgbt <1,0,0,0> }
	no_shadow
}
cylinder {
	<29.639257, 32.578003, 30.876524>,  <29.918926, 32.859428, 30.825682>, 0.100000
	pigment { color rgbt <1,0,0,0> }
	no_shadow
}

// particle -1
sphere {
	<29.639257, 32.578003, 30.876524> 0.100000
	pigment { color rgbt <1,0,0,0> }
	no_shadow
}
sphere {
	0, 1
	scale<0.080000,0.200000,0.300000>
	matrix <0.419538, -0.547698, -0.723889,
		0.578919, -0.452796, 0.678107,
		-0.699172, -0.703564, 0.127108,
		29.429506, 32.366932, 30.914656>
	pigment { color rgbt <0,1,1,0> }
	no_shadow
}
cylinder {
	<30.335320, 32.393116, 31.201908>,  <29.918926, 32.859428, 30.825682>, 0.130000
	pigment { color rgbt <1,0,0,0> }
	no_shadow
}

// nucleotide -1

// particle -1
sphere {
	<30.335320, 32.393116, 31.201908> 0.250000
	pigment { color rgbt <1,0,0,0> }
	no_shadow
}
cylinder {
	<30.038660, 32.208427, 31.007273>,  <29.860664, 32.097614, 30.890491>, 0.100000
	pigment { color rgbt <1,0,0,0> }
	no_shadow
}
cylinder {
	<30.038660, 32.208427, 31.007273>,  <30.335320, 32.393116, 31.201908>, 0.100000
	pigment { color rgbt <1,0,0,0> }
	no_shadow
}

// particle -1
sphere {
	<30.038660, 32.208427, 31.007273> 0.100000
	pigment { color rgbt <1,0,0,0> }
	no_shadow
}
sphere {
	0, 1
	scale<0.080000,0.200000,0.300000>
	matrix <0.666029, -0.420619, -0.616024,
		0.079767, -0.780954, 0.619474,
		-0.741649, -0.461726, -0.486586,
		29.816166, 32.069908, 30.861298>
	pigment { color rgbt <0,1,1,0> }
	no_shadow
}
cylinder {
	<30.608822, 31.732452, 31.038656>,  <30.335320, 32.393116, 31.201908>, 0.130000
	pigment { color rgbt <1,0,0,0> }
	no_shadow
}

// nucleotide -1

// particle -1
sphere {
	<30.608822, 31.732452, 31.038656> 0.250000
	pigment { color rgbt <1,0,0,0> }
	no_shadow
}
cylinder {
	<30.299278, 31.752832, 30.786135>,  <30.113552, 31.765060, 30.634623>, 0.100000
	pigment { color rgbt <1,0,0,0> }
	no_shadow
}
cylinder {
	<30.299278, 31.752832, 30.786135>,  <30.608822, 31.732452, 31.038656>, 0.100000
	pigment { color rgbt <1,0,0,0> }
	no_shadow
}

// particle -1
sphere {
	<30.299278, 31.752832, 30.786135> 0.100000
	pigment { color rgbt <1,0,0,0> }
	no_shadow
}
sphere {
	0, 1
	scale<0.080000,0.200000,0.300000>
	matrix <0.506712, -0.548195, -0.665376,
		-0.379978, -0.834797, 0.398409,
		-0.773860, 0.050950, -0.631304,
		30.067120, 31.768118, 30.596743>
	pigment { color rgbt <0,1,1,0> }
	no_shadow
}
cylinder {
	<30.539715, 31.029890, 30.657919>,  <30.608822, 31.732452, 31.038656>, 0.130000
	pigment { color rgbt <1,0,0,0> }
	no_shadow
}

// nucleotide -1

// particle -1
sphere {
	<30.539715, 31.029890, 30.657919> 0.250000
	pigment { color rgbt <1,0,0,0> }
	no_shadow
}
cylinder {
	<30.385143, 31.331825, 30.445923>,  <30.292400, 31.512987, 30.318726>, 0.100000
	pigment { color rgbt <1,0,0,0> }
	no_shadow
}
cylinder {
	<30.385143, 31.331825, 30.445923>,  <30.539715, 31.029890, 30.657919>, 0.100000
	pigment { color rgbt <1,0,0,0> }
	no_shadow
}

// particle -1
sphere {
	<30.385143, 31.331825, 30.445923> 0.100000
	pigment { color rgbt <1,0,0,0> }
	no_shadow
}
sphere {
	0, 1
	scale<0.080000,0.200000,0.300000>
	matrix <0.642717, -0.191746, -0.741720,
		-0.661503, -0.627256, -0.411052,
		-0.386431, 0.754840, -0.529989,
		30.269215, 31.558277, 30.286926>
	pigment { color rgbt <0,1,1,0> }
	no_shadow
}
cylinder {
	<30.738129, 30.853186, 29.927713>,  <30.539715, 31.029890, 30.657919>, 0.130000
	pigment { color rgbt <1,0,0,0> }
	no_shadow
}

// nucleotide -1

// particle -1
sphere {
	<30.738129, 30.853186, 29.927713> 0.250000
	pigment { color rgbt <1,0,0,0> }
	no_shadow
}
cylinder {
	<30.574085, 31.213951, 29.873508>,  <30.475660, 31.430410, 29.840986>, 0.100000
	pigment { color rgbt <1,0,0,0> }
	no_shadow
}
cylinder {
	<30.574085, 31.213951, 29.873508>,  <30.738129, 30.853186, 29.927713>, 0.100000
	pigment { color rgbt <1,0,0,0> }
	no_shadow
}

// particle -1
sphere {
	<30.574085, 31.213951, 29.873508> 0.100000
	pigment { color rgbt <1,0,0,0> }
	no_shadow
}
sphere {
	0, 1
	scale<0.080000,0.200000,0.300000>
	matrix <0.505908, 0.101336, -0.856614,
		-0.758861, -0.419859, -0.497844,
		-0.410107, 0.901914, -0.135511,
		30.451054, 31.484526, 29.832855>
	pigment { color rgbt <0,1,1,0> }
	no_shadow
}
cylinder {
	<30.489752, 30.765757, 29.306732>,  <30.738129, 30.853186, 29.927713>, 0.130000
	pigment { color rgbt <1,0,0,0> }
	no_shadow
}

// nucleotide -1

// particle -1
sphere {
	<30.489752, 30.765757, 29.306732> 0.250000
	pigment { color rgbt <1,0,0,0> }
	no_shadow
}
cylinder {
	<30.546223, 31.154003, 29.384682>,  <30.580105, 31.386951, 29.431452>, 0.100000
	pigment { color rgbt <1,0,0,0> }
	no_shadow
}
cylinder {
	<30.546223, 31.154003, 29.384682>,  <30.489752, 30.765757, 29.306732>, 0.100000
	pigment { color rgbt <1,0,0,0> }
	no_shadow
}

// particle -1
sphere {
	<30.546223, 31.154003, 29.384682> 0.100000
	pigment { color rgbt <1,0,0,0> }
	no_shadow
}
sphere {
	0, 1
	scale<0.080000,0.200000,0.300000>
	matrix <0.616325, 0.067874, -0.784561,
		-0.774734, 0.230867, -0.588632,
		0.141177, 0.970615, 0.194873,
		30.588575, 31.445189, 29.443144>
	pigment { color rgbt <0,1,1,0> }
	no_shadow
}
cylinder {
	<30.207554, 31.054726, 28.652884>,  <30.489752, 30.765757, 29.306732>, 0.130000
	pigment { color rgbt <1,0,0,0> }
	no_shadow
}

// nucleotide -1

// particle -1
sphere {
	<30.207554, 31.054726, 28.652884> 0.250000
	pigment { color rgbt <1,0,0,0> }
	no_shadow
}
cylinder {
	<30.459599, 31.298706, 28.845098>,  <30.610826, 31.445093, 28.960428>, 0.100000
	pigment { color rgbt <1,0,0,0> }
	no_shadow
}
cylinder {
	<30.459599, 31.298706, 28.845098>,  <30.207554, 31.054726, 28.652884>, 0.100000
	pigment { color rgbt <1,0,0,0> }
	no_shadow
}

// particle -1
sphere {
	<30.459599, 31.298706, 28.845098> 0.100000
	pigment { color rgbt <1,0,0,0> }
	no_shadow
}
sphere {
	0, 1
	scale<0.080000,0.200000,0.300000>
	matrix <0.647723, -0.071558, -0.758508,
		-0.428265, 0.789202, -0.440169,
		0.630114, 0.609950, 0.480539,
		30.648632, 31.481691, 28.989260>
	pigment { color rgbt <0,1,1,0> }
	no_shadow
}
cylinder {
	<30.444019, 31.693628, 28.169004>,  <30.207554, 31.054726, 28.652884>, 0.130000
	pigment { color rgbt <1,0,0,0> }
	no_shadow
}

// nucleotide -1

// particle -1
sphere {
	<30.444019, 31.693628, 28.169004> 0.250000
	pigment { color rgbt <1,0,0,0> }
	no_shadow
}
cylinder {
	<30.712786, 31.575212, 28.440559>,  <30.874046, 31.504162, 28.603493>, 0.100000
	pigment { color rgbt <1,0,0,0> }
	no_shadow
}
cylinder {
	<30.712786, 31.575212, 28.440559>,  <30.444019, 31.693628, 28.169004>, 0.100000
	pigment { color rgbt <1,0,0,0> }
	no_shadow
}

// particle -1
sphere {
	<30.712786, 31.575212, 28.440559> 0.100000
	pigment { color rgbt <1,0,0,0> }
	no_shadow
}
sphere {
	0, 1
	scale<0.080000,0.200000,0.300000>
	matrix <0.662633, -0.169153, -0.729592,
		0.330825, 0.940078, 0.082510,
		0.671916, -0.296041, 0.678887,
		30.914360, 31.486401, 28.644226>
	pigment { color rgbt <0,1,1,0> }
	no_shadow
}
cylinder {
	<30.988375, 32.099060, 28.026028>,  <30.444019, 31.693628, 28.169004>, 0.130000
	pigment { color rgbt <1,0,0,0> }
	no_shadow
}

// nucleotide -1

// particle -1
sphere {
	<30.988375, 32.099060, 28.026028> 0.250000
	pigment { color rgbt <1,0,0,0> }
	no_shadow
}
cylinder {
	<31.088318, 31.755770, 28.205370>,  <31.148283, 31.549795, 28.312975>, 0.100000
	pigment { color rgbt <1,0,0,0> }
	no_shadow
}
cylinder {
	<31.088318, 31.755770, 28.205370>,  <30.988375, 32.099060, 28.026028>, 0.100000
	pigment { color rgbt <1,0,0,0> }
	no_shadow
}

// particle -1
sphere {
	<31.088318, 31.755770, 28.205370> 0.100000
	pigment { color rgbt <1,0,0,0> }
	no_shadow
}
sphere {
	0, 1
	scale<0.080000,0.200000,0.300000>
	matrix <0.763905, -0.109818, -0.635916,
		0.594996, 0.501388, 0.628164,
		0.249857, -0.858225, 0.448354,
		31.163275, 31.498302, 28.339876>
	pigment { color rgbt <0,1,1,0> }
	no_shadow
}
cylinder {
	<31.761843, 32.096416, 28.269794>,  <30.988375, 32.099060, 28.026028>, 0.130000
	pigment { color rgbt <1,0,0,0> }
	no_shadow
}

// nucleotide -1

// particle -1
sphere {
	<31.761843, 32.096416, 28.269794> 0.250000
	pigment { color rgbt <1,0,0,0> }
	no_shadow
}
cylinder {
	<31.643217, 31.726706, 28.173655>,  <31.572042, 31.504879, 28.115971>, 0.100000
	pigment { color rgbt <1,0,0,0> }
	no_shadow
}
cylinder {
	<31.643217, 31.726706, 28.173655>,  <31.761843, 32.096416, 28.269794>, 0.100000
	pigment { color rgbt <1,0,0,0> }
	no_shadow
}

// particle -1
sphere {
	<31.643217, 31.726706, 28.173655> 0.100000
	pigment { color rgbt <1,0,0,0> }
	no_shadow
}
sphere {
	0, 1
	scale<0.080000,0.200000,0.300000>
	matrix <0.813858, -0.112917, -0.569986,
		0.499684, -0.364647, 0.785715,
		-0.296564, -0.924274, -0.240348,
		31.554247, 31.449423, 28.101549>
	pigment { color rgbt <0,1,1,0> }
	no_shadow
}
cylinder {
	<32.288143, 31.529478, 28.331394>,  <31.761843, 32.096416, 28.269794>, 0.130000
	pigment { color rgbt <1,0,0,0> }
	no_shadow
}

// nucleotide -1

// particle -1
sphere {
	<32.288143, 31.529478, 28.331394> 0.250000
	pigment { color rgbt <1,0,0,0> }
	no_shadow
}
cylinder {
	<32.047604, 31.390600, 28.043550>,  <31.903280, 31.307274, 27.870844>, 0.100000
	pigment { color rgbt <1,0,0,0> }
	no_shadow
}
cylinder {
	<32.047604, 31.390600, 28.043550>,  <32.288143, 31.529478, 28.331394>, 0.100000
	pigment { color rgbt <1,0,0,0> }
	no_shadow
}

// particle -1
sphere {
	<32.047604, 31.390600, 28.043550> 0.100000
	pigment { color rgbt <1,0,0,0> }
	no_shadow
}
sphere {
	0, 1
	scale<0.080000,0.200000,0.300000>
	matrix <0.784330, -0.084803, -0.614521,
		0.152333, -0.933951, 0.323310,
		-0.601350, -0.347193, -0.719608,
		31.867199, 31.286442, 27.827669>
	pigment { color rgbt <0,1,1,0> }
	no_shadow
}
cylinder {
	<32.852608, 31.254461, 28.796667>,  <32.288143, 31.529478, 28.331394>, 0.130000
	pigment { color rgbt <1,0,0,0> }
	no_shadow
}

// nucleotide -1

// particle -1
sphere {
	<32.852608, 31.254461, 28.796667> 0.250000
	pigment { color rgbt <1,0,0,0> }
	no_shadow
}
cylinder {
	<33.245132, 31.273146, 28.722004>,  <33.480648, 31.284357, 28.677206>, 0.100000
	pigment { color rgbt <1,0,0,0> }
	no_shadow
}
cylinder {
	<33.245132, 31.273146, 28.722004>,  <32.852608, 31.254461, 28.796667>, 0.100000
	pigment { color rgbt <1,0,0,0> }
	no_shadow
}

// particle -1
sphere {
	<33.245132, 31.273146, 28.722004> 0.100000
	pigment { color rgbt <1,0,0,0> }
	no_shadow
}
sphere {
	0, 1
	scale<0.080000,0.200000,0.300000>
	matrix <0.135568, 0.520562, 0.842992,
		0.136545, -0.852545, 0.504502,
		0.981314, 0.046712, -0.186658,
		33.539528, 31.287159, 28.666006>
	pigment { color rgbt <0,1,1,0> }
	no_shadow
}
cylinder {
	<33.364872, 30.948231, 29.331333>,  <32.852608, 31.254461, 28.796667>, 0.130000
	pigment { color rgbt <1,0,0,0> }
	no_shadow
}

// nucleotide -1

// particle -1
sphere {
	<33.364872, 30.948231, 29.331333> 0.250000
	pigment { color rgbt <1,0,0,0> }
	no_shadow
}
cylinder {
	<33.537357, 31.242798, 29.122818>,  <33.640850, 31.419538, 28.997709>, 0.100000
	pigment { color rgbt <1,0,0,0> }
	no_shadow
}
cylinder {
	<33.537357, 31.242798, 29.122818>,  <33.364872, 30.948231, 29.331333>, 0.100000
	pigment { color rgbt <1,0,0,0> }
	no_shadow
}

// particle -1
sphere {
	<33.537357, 31.242798, 29.122818> 0.100000
	pigment { color rgbt <1,0,0,0> }
	no_shadow
}
sphere {
	0, 1
	scale<0.080000,0.200000,0.300000>
	matrix <0.108142, 0.531412, 0.840182,
		0.895744, -0.418674, 0.149516,
		0.431217, 0.736419, -0.521286,
		33.666721, 31.463724, 28.966433>
	pigment { color rgbt <0,1,1,0> }
	no_shadow
}
cylinder {
	<34.104908, 31.006010, 29.508871>,  <33.364872, 30.948231, 29.331333>, 0.130000
	pigment { color rgbt <1,0,0,0> }
	no_shadow
}

// nucleotide -1

// particle -1
sphere {
	<34.104908, 31.006010, 29.508871> 0.250000
	pigment { color rgbt <1,0,0,0> }
	no_shadow
}
cylinder {
	<33.934185, 31.360014, 29.434467>,  <33.831753, 31.572416, 29.389826>, 0.100000
	pigment { color rgbt <1,0,0,0> }
	no_shadow
}
cylinder {
	<33.934185, 31.360014, 29.434467>,  <34.104908, 31.006010, 29.508871>, 0.100000
	pigment { color rgbt <1,0,0,0> }
	no_shadow
}

// particle -1
sphere {
	<33.934185, 31.360014, 29.434467> 0.100000
	pigment { color rgbt <1,0,0,0> }
	no_shadow
}
sphere {
	0, 1
	scale<0.080000,0.200000,0.300000>
	matrix <0.357629, 0.354091, 0.864130,
		0.830626, 0.302293, -0.467632,
		-0.426805, 0.885008, -0.186008,
		33.806145, 31.625517, 29.378664>
	pigment { color rgbt <0,1,1,0> }
	no_shadow
}
cylinder {
	<33.804790, 31.289942, 30.101761>,  <34.104908, 31.006010, 29.508871>, 0.130000
	pigment { color rgbt <1,0,0,0> }
	no_shadow
}

// nucleotide -1

// particle -1
sphere {
	<33.804790, 31.289942, 30.101761> 0.250000
	pigment { color rgbt <1,0,0,0> }
	no_shadow
}
cylinder {
	<33.852455, 30.895697, 30.053822>,  <33.881054, 30.659149, 30.025057>, 0.100000
	pigment { color rgbt <1,0,0,0> }
	no_shadow
}
cylinder {
	<33.852455, 30.895697, 30.053822>,  <33.804790, 31.289942, 30.101761>, 0.100000
	pigment { color rgbt <1,0,0,0> }
	no_shadow
}

// particle -1
sphere {
	<33.852455, 30.895697, 30.053822> 0.100000
	pigment { color rgbt <1,0,0,0> }
	no_shadow
}
sphere {
	0, 1
	scale<0.080000,0.200000,0.300000>
	matrix <-0.244103, -0.146088, 0.958682,
		-0.962400, -0.084985, -0.258000,
		0.119165, -0.985615, -0.119850,
		33.888203, 30.600012, 30.017866>
	pigment { color rgbt <0,1,1,0> }
	no_shadow
}
cylinder {
	<33.206768, 30.785500, 30.314299>,  <33.804790, 31.289942, 30.101761>, 0.130000
	pigment { color rgbt <1,0,0,0> }
	no_shadow
}

// nucleotide -1

// particle -1
sphere {
	<33.206768, 30.785500, 30.314299> 0.250000
	pigment { color rgbt <1,0,0,0> }
	no_shadow
}
cylinder {
	<33.570751, 30.642719, 30.398745>,  <33.789139, 30.557051, 30.449411>, 0.100000
	pigment { color rgbt <1,0,0,0> }
	no_shadow
}
cylinder {
	<33.570751, 30.642719, 30.398745>,  <33.206768, 30.785500, 30.314299>, 0.100000
	pigment { color rgbt <1,0,0,0> }
	no_shadow
}

// particle -1
sphere {
	<33.570751, 30.642719, 30.398745> 0.100000
	pigment { color rgbt <1,0,0,0> }
	no_shadow
}
sphere {
	0, 1
	scale<0.080000,0.200000,0.300000>
	matrix <-0.247109, -0.057870, 0.967258,
		-0.333048, -0.932328, -0.140865,
		0.909954, -0.356952, 0.211113,
		33.843739, 30.535633, 30.462078>
	pigment { color rgbt <0,1,1,0> }
	no_shadow
}
cylinder {
	<33.171837, 30.201733, 30.708776>,  <33.206768, 30.785500, 30.314299>, 0.130000
	pigment { color rgbt <1,0,0,0> }
	no_shadow
}

// nucleotide -1

// particle -1
sphere {
	<33.171837, 30.201733, 30.708776> 0.250000
	pigment { color rgbt <1,0,0,0> }
	no_shadow
}
cylinder {
	<33.495625, 30.415518, 30.806023>,  <33.689896, 30.543789, 30.864370>, 0.100000
	pigment { color rgbt <1,0,0,0> }
	no_shadow
}
cylinder {
	<33.495625, 30.415518, 30.806023>,  <33.171837, 30.201733, 30.708776>, 0.100000
	pigment { color rgbt <1,0,0,0> }
	no_shadow
}

// particle -1
sphere {
	<33.495625, 30.415518, 30.806023> 0.100000
	pigment { color rgbt <1,0,0,0> }
	no_shadow
}
sphere {
	0, 1
	scale<0.080000,0.200000,0.300000>
	matrix <-0.346758, 0.101007, 0.932500,
		0.473832, -0.839133, 0.267092,
		0.809470, 0.534465, 0.243116,
		33.738464, 30.575857, 30.878958>
	pigment { color rgbt <0,1,1,0> }
	no_shadow
}
cylinder {
	<33.553425, 29.877474, 31.312246>,  <33.171837, 30.201733, 30.708776>, 0.130000
	pigment { color rgbt <1,0,0,0> }
	no_shadow
}

// nucleotide -1

// particle -1
sphere {
	<33.553425, 29.877474, 31.312246> 0.250000
	pigment { color rgbt <1,0,0,0> }
	no_shadow
}
cylinder {
	<33.573772, 30.276707, 31.298145>,  <33.585979, 30.516247, 31.289684>, 0.100000
	pigment { color rgbt <1,0,0,0> }
	no_shadow
}
cylinder {
	<33.573772, 30.276707, 31.298145>,  <33.553425, 29.877474, 31.312246>, 0.100000
	pigment { color rgbt <1,0,0,0> }
	no_shadow
}

// particle -1
sphere {
	<33.573772, 30.276707, 31.298145> 0.100000
	pigment { color rgbt <1,0,0,0> }
	no_shadow
}
sphere {
	0, 1
	scale<0.080000,0.200000,0.300000>
	matrix <-0.679770, 0.060458, 0.730929,
		0.731660, -0.013217, 0.681542,
		0.050866, 0.998083, -0.035250,
		33.589031, 30.576132, 31.287571>
	pigment { color rgbt <0,1,1,0> }
	no_shadow
}
cylinder {
	<33.769073, 30.183378, 31.952229>,  <33.553425, 29.877474, 31.312246>, 0.130000
	pigment { color rgbt <1,0,0,0> }
	no_shadow
}

// nucleotide -1

// particle -1
sphere {
	<33.769073, 30.183378, 31.952229> 0.250000
	pigment { color rgbt <1,0,0,0> }
	no_shadow
}
cylinder {
	<33.540424, 30.445284, 31.754427>,  <33.403236, 30.602427, 31.635746>, 0.100000
	pigment { color rgbt <1,0,0,0> }
	no_shadow
}
cylinder {
	<33.540424, 30.445284, 31.754427>,  <33.769073, 30.183378, 31.952229>, 0.100000
	pigment { color rgbt <1,0,0,0> }
	no_shadow
}

// particle -1
sphere {
	<33.540424, 30.445284, 31.754427> 0.100000
	pigment { color rgbt <1,0,0,0> }
	no_shadow
}
sphere {
	0, 1
	scale<0.080000,0.200000,0.300000>
	matrix <-0.701868, -0.078014, 0.708022,
		0.425008, 0.751797, 0.504151,
		-0.571620, 0.654763, -0.494506,
		33.368938, 30.641712, 31.606075>
	pigment { color rgbt <0,1,1,0> }
	no_shadow
}
cylinder {
	<33.549889, 30.652105, 32.434875>,  <33.769073, 30.183378, 31.952229>, 0.130000
	pigment { color rgbt <1,0,0,0> }
	no_shadow
}

// nucleotide -1

// particle -1
sphere {
	<33.549889, 30.652105, 32.434875> 0.250000
	pigment { color rgbt <1,0,0,0> }
	no_shadow
}
cylinder {
	<33.286160, 30.718061, 32.141453>,  <33.127922, 30.757635, 31.965399>, 0.100000
	pigment { color rgbt <1,0,0,0> }
	no_shadow
}
cylinder {
	<33.286160, 30.718061, 32.141453>,  <33.549889, 30.652105, 32.434875>, 0.100000
	pigment { color rgbt <1,0,0,0> }
	no_shadow
}

// particle -1
sphere {
	<33.286160, 30.718061, 32.141453> 0.100000
	pigment { color rgbt <1,0,0,0> }
	no_shadow
}
sphere {
	0, 1
	scale<0.080000,0.200000,0.300000>
	matrix <-0.696170, 0.234621, 0.678454,
		0.283978, 0.958000, -0.039901,
		-0.659321, 0.164888, -0.733558,
		33.088364, 30.767529, 31.921385>
	pigment { color rgbt <0,1,1,0> }
	no_shadow
}
cylinder {
	<33.310658, 31.345638, 32.544304>,  <33.549889, 30.652105, 32.434875>, 0.130000
	pigment { color rgbt <1,0,0,0> }
	no_shadow
}

// nucleotide -1

// particle -1
sphere {
	<33.310658, 31.345638, 32.544304> 0.250000
	pigment { color rgbt <1,0,0,0> }
	no_shadow
}
cylinder {
	<33.050789, 31.132786, 32.327133>,  <32.894867, 31.005074, 32.196831>, 0.100000
	pigment { color rgbt <1,0,0,0> }
	no_shadow
}
cylinder {
	<33.050789, 31.132786, 32.327133>,  <33.310658, 31.345638, 32.544304>, 0.100000
	pigment { color rgbt <1,0,0,0> }
	no_shadow
}

// particle -1
sphere {
	<33.050789, 31.132786, 32.327133> 0.100000
	pigment { color rgbt <1,0,0,0> }
	no_shadow
}
sphere {
	0, 1
	scale<0.080000,0.200000,0.300000>
	matrix <-0.739854, 0.278372, 0.612474,
		-0.174782, 0.799590, -0.574550,
		-0.649667, -0.532132, -0.542925,
		32.855888, 30.973146, 32.164257>
	pigment { color rgbt <0,1,1,0> }
	no_shadow
}
cylinder {
	<32.836910, 31.775694, 32.525696>,  <33.310658, 31.345638, 32.544304>, 0.130000
	pigment { color rgbt <1,0,0,0> }
	no_shadow
}

// nucleotide -1

// particle -1
sphere {
	<32.836910, 31.775694, 32.525696> 0.250000
	pigment { color rgbt <1,0,0,0> }
	no_shadow
}
cylinder {
	<32.642868, 31.437426, 32.436695>,  <32.526443, 31.234465, 32.383293>, 0.100000
	pigment { color rgbt <1,0,0,0> }
	no_shadow
}
cylinder {
	<32.642868, 31.437426, 32.436695>,  <32.836910, 31.775694, 32.525696>, 0.100000
	pigment { color rgbt <1,0,0,0> }
	no_shadow
}

// particle -1
sphere {
	<32.642868, 31.437426, 32.436695> 0.100000
	pigment { color rgbt <1,0,0,0> }
	no_shadow
}
sphere {
	0, 1
	scale<0.080000,0.200000,0.300000>
	matrix <-0.715926, 0.237986, 0.656363,
		-0.502116, 0.477703, -0.720888,
		-0.485108, -0.845673, -0.222503,
		32.497337, 31.183723, 32.369946>
	pigment { color rgbt <0,1,1,0> }
	no_shadow
}
cylinder {
	<32.184181, 31.986032, 32.534485>,  <32.836910, 31.775694, 32.525696>, 0.130000
	pigment { color rgbt <1,0,0,0> }
	no_shadow
}

// nucleotide -1

// particle -1
sphere {
	<32.184181, 31.986032, 32.534485> 0.250000
	pigment { color rgbt <1,0,0,0> }
	no_shadow
}
cylinder {
	<32.128334, 31.590660, 32.558193>,  <32.094826, 31.353437, 32.572418>, 0.100000
	pigment { color rgbt <1,0,0,0> }
	no_shadow
}
cylinder {
	<32.128334, 31.590660, 32.558193>,  <32.184181, 31.986032, 32.534485>, 0.100000
	pigment { color rgbt <1,0,0,0> }
	no_shadow
}

// particle -1
sphere {
	<32.128334, 31.590660, 32.558193> 0.100000
	pigment { color rgbt <1,0,0,0> }
	no_shadow
}
sphere {
	0, 1
	scale<0.080000,0.200000,0.300000>
	matrix <-0.746645, 0.144408, 0.649359,
		-0.650405, 0.046408, -0.758168,
		-0.139621, -0.988429, 0.059273,
		32.086449, 31.294132, 32.575974>
	pigment { color rgbt <0,1,1,0> }
	no_shadow
}
cylinder {
	<31.491121, 31.774710, 32.293682>,  <32.184181, 31.986032, 32.534485>, 0.130000
	pigment { color rgbt <1,0,0,0> }
	no_shadow
}

// nucleotide -1

// particle -1
sphere {
	<31.491121, 31.774710, 32.293682> 0.250000
	pigment { color rgbt <1,0,0,0> }
	no_shadow
}
cylinder {
	<31.585110, 31.474987, 32.541336>,  <31.641502, 31.295155, 32.689930>, 0.100000
	pigment { color rgbt <1,0,0,0> }
	no_shadow
}
cylinder {
	<31.585110, 31.474987, 32.541336>,  <31.491121, 31.774710, 32.293682>, 0.100000
	pigment { color rgbt <1,0,0,0> }
	no_shadow
}

// particle -1
sphere {
	<31.585110, 31.474987, 32.541336> 0.100000
	pigment { color rgbt <1,0,0,0> }
	no_shadow
}
sphere {
	0, 1
	scale<0.080000,0.200000,0.300000>
	matrix <-0.855968, 0.142294, 0.497063,
		-0.460551, -0.646756, -0.607946,
		0.234971, -0.749305, 0.619136,
		31.655602, 31.250195, 32.727077>
	pigment { color rgbt <0,1,1,0> }
	no_shadow
}
cylinder {
	<30.873293, 31.391609, 32.318211>,  <31.491121, 31.774710, 32.293682>, 0.130000
	pigment { color rgbt <1,0,0,0> }
	no_shadow
}

// nucleotide -1

// particle -1
sphere {
	<30.873293, 31.391609, 32.318211> 0.250000
	pigment { color rgbt <1,0,0,0> }
	no_shadow
}
cylinder {
	<31.076777, 31.282558, 32.644863>,  <31.198866, 31.217129, 32.840855>, 0.100000
	pigment { color rgbt <1,0,0,0> }
	no_shadow
}
cylinder {
	<31.076777, 31.282558, 32.644863>,  <30.873293, 31.391609, 32.318211>, 0.100000
	pigment { color rgbt <1,0,0,0> }
	no_shadow
}

// particle -1
sphere {
	<31.076777, 31.282558, 32.644863> 0.100000
	pigment { color rgbt <1,0,0,0> }
	no_shadow
}
sphere {
	0, 1
	scale<0.080000,0.200000,0.300000>
	matrix <-0.860524, -0.131545, 0.492132,
		-0.026743, -0.953085, -0.301518,
		0.508707, -0.272624, 0.816635,
		31.229389, 31.200771, 32.889854>
	pigment { color rgbt <0,1,1,0> }
	no_shadow
}
cylinder {
	<30.396439, 30.969910, 32.654079>,  <30.873293, 31.391609, 32.318211>, 0.130000
	pigment { color rgbt <1,0,0,0> }
	no_shadow
}

// nucleotide -1

// particle -1
sphere {
	<30.396439, 30.969910, 32.654079> 0.250000
	pigment { color rgbt <1,0,0,0> }
	no_shadow
}
cylinder {
	<30.664053, 31.056576, 32.938457>,  <30.824621, 31.108576, 33.109085>, 0.100000
	pigment { color rgbt <1,0,0,0> }
	no_shadow
}
cylinder {
	<30.664053, 31.056576, 32.938457>,  <30.396439, 30.969910, 32.654079>, 0.100000
	pigment { color rgbt <1,0,0,0> }
	no_shadow
}

// particle -1
sphere {
	<30.664053, 31.056576, 32.938457> 0.100000
	pigment { color rgbt <1,0,0,0> }
	no_shadow
}
sphere {
	0, 1
	scale<0.080000,0.200000,0.300000>
