// switches for output
#declare DRAW_BASES = 1; // possible values are 0, 1; only relevant for DNA ribbons
#declare DRAW_BASES_TYPE = 3; // possible values are 1, 2, 3; only relevant for DNA ribbons
#declare DRAW_FOG = 0; // set to 1 to enable fog

#include "colors.inc"

#include "transforms.inc"
background { rgb <1, 1, 1>}

#default {
   normal{
       ripples 0.25
       frequency 0.20
       turbulence 0.2
       lambda 5
   }
	finish {
		phong 0.1
		phong_size 40.
	}
}

// original window dimensions: 1024x640


// camera settings

camera {
	sky <0, 0.179814, -0.983701>
	up <0, 0.179814, -0.983701>
	right 1.6 * <1, 0, 0>
	location <35, 94.9851, 44.8844>
	look_at <35, 29.7336, 32.9568>
	direction <0, -65.2515, -11.9276>
	angle 67.0682
}


# declare cpy_camera_pos = <35, 94.9851, 44.8844>;
# if (DRAW_FOG = 1)
fog {
	fog_type 2
	up vnormalize(cpy_camera_pos)
	color rgbt<1,1,1,0.3>
	distance 1e-5
	fog_alt 3e-3
	fog_offset 56
}
# end


// LIGHTS

# declare lum = 6;
global_settings {
	ambient_light rgb lum * <0.05, 0.05, 0.05>
	max_trace_level 15
}# declare cpy_direct_light_amount = 0.25;
light_source
{	1000 * <-1, -1.16352, -0.803886>,
	rgb lum * cpy_direct_light_amount
	parallel
}

light_source
{	1000 * <1, 1.16352, 0.803886>,
	rgb lum * cpy_direct_light_amount
	parallel
}

// strand 0

// nucleotide -1

// particle -1
sphere {
	<24.065559, 35.261524, 35.412865> 0.250000
	pigment { color rgbt <1,0,0,0> }
	no_shadow
}
cylinder {
	<24.380617, 35.150444, 35.192867>,  <24.569653, 35.083794, 35.060867>, 0.100000
	pigment { color rgbt <1,0,0,0> }
	no_shadow
}
cylinder {
	<24.380617, 35.150444, 35.192867>,  <24.065559, 35.261524, 35.412865>, 0.100000
	pigment { color rgbt <1,0,0,0> }
	no_shadow
}

// particle -1
sphere {
	<24.380617, 35.150444, 35.192867> 0.100000
	pigment { color rgbt <1,0,0,0> }
	no_shadow
}
sphere {
	0, 1
	scale<0.080000,0.200000,0.300000>
	matrix <0.606340, 0.507867, 0.611901,
		0.109398, -0.815445, 0.568402,
		0.787644, -0.277704, -0.549997,
		24.616911, 35.067131, 35.027866>
	pigment { color rgbt <0,1,1,0> }
	no_shadow
}
cylinder {
	<24.720993, 35.075577, 35.863049>,  <24.065559, 35.261524, 35.412865>, 0.130000
	pigment { color rgbt <1,0,0,0> }
	no_shadow
}

// nucleotide -1

// particle -1
sphere {
	<24.720993, 35.075577, 35.863049> 0.250000
	pigment { color rgbt <1,0,0,0> }
	no_shadow
}
cylinder {
	<24.819159, 35.201302, 35.496227>,  <24.878057, 35.276737, 35.276134>, 0.100000
	pigment { color rgbt <1,0,0,0> }
	no_shadow
}
cylinder {
	<24.819159, 35.201302, 35.496227>,  <24.720993, 35.075577, 35.863049>, 0.100000
	pigment { color rgbt <1,0,0,0> }
	no_shadow
}

// particle -1
sphere {
	<24.819159, 35.201302, 35.496227> 0.100000
	pigment { color rgbt <1,0,0,0> }
	no_shadow
}
sphere {
	0, 1
	scale<0.080000,0.200000,0.300000>
	matrix <0.743093, 0.546516, 0.386178,
		0.622563, -0.776226, -0.099442,
		0.245415, 0.314315, -0.917049,
		24.892782, 35.295597, 35.221111>
	pigment { color rgbt <0,1,1,0> }
	no_shadow
}
cylinder {
	<25.422737, 35.008900, 35.820766>,  <24.720993, 35.075577, 35.863049>, 0.130000
	pigment { color rgbt <1,0,0,0> }
	no_shadow
}

// nucleotide -1

// particle -1
sphere {
	<25.422737, 35.008900, 35.820766> 0.250000
	pigment { color rgbt <1,0,0,0> }
	no_shadow
}
cylinder {
	<25.312307, 35.287605, 35.555946>,  <25.246050, 35.454826, 35.397057>, 0.100000
	pigment { color rgbt <1,0,0,0> }
	no_shadow
}
cylinder {
	<25.312307, 35.287605, 35.555946>,  <25.422737, 35.008900, 35.820766>, 0.100000
	pigment { color rgbt <1,0,0,0> }
	no_shadow
}

// particle -1
sphere {
	<25.312307, 35.287605, 35.555946> 0.100000
	pigment { color rgbt <1,0,0,0> }
	no_shadow
}
sphere {
	0, 1
	scale<0.080000,0.200000,0.300000>
	matrix <0.715610, 0.608844, 0.342361,
		0.641628, -0.379251, -0.666695,
		-0.276072, 0.696762, -0.662047,
		25.229486, 35.496635, 35.357330>
	pigment { color rgbt <0,1,1,0> }
	no_shadow
}
cylinder {
	<25.973560, 35.396770, 35.819462>,  <25.422737, 35.008900, 35.820766>, 0.130000
	pigment { color rgbt <1,0,0,0> }
	no_shadow
}

// nucleotide -1

// particle -1
sphere {
	<25.973560, 35.396770, 35.819462> 0.250000
	pigment { color rgbt <1,0,0,0> }
	no_shadow
}
cylinder {
	<25.709820, 35.640083, 35.642712>,  <25.551575, 35.786072, 35.536663>, 0.100000
	pigment { color rgbt <1,0,0,0> }
	no_shadow
}
cylinder {
	<25.709820, 35.640083, 35.642712>,  <25.973560, 35.396770, 35.819462>, 0.100000
	pigment { color rgbt <1,0,0,0> }
	no_shadow
}

// particle -1
sphere {
	<25.709820, 35.640083, 35.642712> 0.100000
	pigment { color rgbt <1,0,0,0> }
	no_shadow
}
sphere {
	0, 1
	scale<0.080000,0.200000,0.300000>
	matrix <0.617086, 0.773587, 0.144112,
		0.429488, -0.177653, -0.885426,
		-0.659352, 0.608279, -0.441873,
		25.512014, 35.822567, 35.510151>
	pigment { color rgbt <0,1,1,0> }
	no_shadow
}
cylinder {
	<26.525164, 35.831474, 35.708408>,  <25.973560, 35.396770, 35.819462>, 0.130000
	pigment { color rgbt <1,0,0,0> }
	no_shadow
}

// nucleotide -1

// particle -1
sphere {
	<26.525164, 35.831474, 35.708408> 0.250000
	pigment { color rgbt <1,0,0,0> }
	no_shadow
}
cylinder {
	<26.906361, 35.731739, 35.777271>,  <27.135078, 35.671898, 35.818588>, 0.100000
	pigment { color rgbt <1,0,0,0> }
	no_shadow
}
cylinder {
	<26.906361, 35.731739, 35.777271>,  <26.525164, 35.831474, 35.708408>, 0.100000
	pigment { color rgbt <1,0,0,0> }
	no_shadow
}

// particle -1
sphere {
	<26.906361, 35.731739, 35.777271> 0.100000
	pigment { color rgbt <1,0,0,0> }
	no_shadow
}
sphere {
	0, 1
	scale<0.080000,0.200000,0.300000>
	matrix <-0.262598, -0.963115, 0.058752,
		0.151159, -0.101198, -0.983316,
		0.952992, -0.249336, 0.172158,
		27.192259, 35.656937, 35.828918>
	pigment { color rgbt <0,1,1,0> }
	no_shadow
}
cylinder {
	<26.654404, 35.120693, 35.287762>,  <26.525164, 35.831474, 35.708408>, 0.130000
	pigment { color rgbt <1,0,0,0> }
	no_shadow
}

// nucleotide -1

// particle -1
sphere {
	<26.654404, 35.120693, 35.287762> 0.250000
	pigment { color rgbt <1,0,0,0> }
	no_shadow
}
cylinder {
	<26.874889, 35.150669, 35.620159>,  <27.007181, 35.168655, 35.819595>, 0.100000
	pigment { color rgbt <1,0,0,0> }
	no_shadow
}
cylinder {
	<26.874889, 35.150669, 35.620159>,  <26.654404, 35.120693, 35.287762>, 0.100000
	pigment { color rgbt <1,0,0,0> }
	no_shadow
}

// particle -1
sphere {
	<26.874889, 35.150669, 35.620159> 0.100000
	pigment { color rgbt <1,0,0,0> }
	no_shadow
}
sphere {
	0, 1
	scale<0.080000,0.200000,0.300000>
	matrix <-0.116966, -0.979184, 0.165886,
		0.826124, -0.188636, -0.530976,
		0.551216, 0.074936, 0.830991,
		27.040255, 35.173149, 35.869457>
	pigment { color rgbt <0,1,1,0> }
	no_shadow
}
cylinder {
	<27.360661, 34.774517, 35.378315>,  <26.654404, 35.120693, 35.287762>, 0.130000
	pigment { color rgbt <1,0,0,0> }
	no_shadow
}

// nucleotide -1

// particle -1
sphere {
	<27.360661, 34.774517, 35.378315> 0.250000
	pigment { color rgbt <1,0,0,0> }
	no_shadow
}
cylinder {
	<27.126537, 34.820877, 35.699306>,  <26.986063, 34.848694, 35.891903>, 0.100000
	pigment { color rgbt <1,0,0,0> }
	no_shadow
}
cylinder {
	<27.126537, 34.820877, 35.699306>,  <27.360661, 34.774517, 35.378315>, 0.100000
	pigment { color rgbt <1,0,0,0> }
	no_shadow
}

// particle -1
sphere {
	<27.126537, 34.820877, 35.699306> 0.100000
	pigment { color rgbt <1,0,0,0> }
	no_shadow
}
sphere {
	0, 1
	scale<0.080000,0.200000,0.300000>
	matrix <0.019937, -0.987374, 0.157145,
		0.810564, 0.107978, 0.575609,
		-0.585310, 0.115900, 0.802483,
		26.950945, 34.855648, 35.940052>
	pigment { color rgbt <0,1,1,0> }
	no_shadow
}
cylinder {
	<27.828852, 34.575260, 34.990738>,  <27.360661, 34.774517, 35.378315>, 0.130000
	pigment { color rgbt <1,0,0,0> }
	no_shadow
}

// nucleotide -1

// particle -1
sphere {
	<27.828852, 34.575260, 34.990738> 0.250000
	pigment { color rgbt <1,0,0,0> }
	no_shadow
}
cylinder {
	<27.915428, 34.353432, 34.669342>,  <27.967375, 34.220333, 34.476505>, 0.100000
	pigment { color rgbt <1,0,0,0> }
	no_shadow
}
cylinder {
	<27.915428, 34.353432, 34.669342>,  <27.828852, 34.575260, 34.990738>, 0.100000
	pigment { color rgbt <1,0,0,0> }
	no_shadow
}

// particle -1
sphere {
	<27.915428, 34.353432, 34.669342> 0.100000
	pigment { color rgbt <1,0,0,0> }
	no_shadow
}
sphere {
	0, 1
	scale<0.080000,0.200000,0.300000>
	matrix <0.077007, 0.830136, -0.552218,
		0.973254, 0.057649, 0.222383,
		0.216442, -0.554573, -0.803493,
		27.980360, 34.187061, 34.428295>
	pigment { color rgbt <0,1,1,0> }
	no_shadow
}
cylinder {
	<28.460535, 34.867657, 34.563709>,  <27.828852, 34.575260, 34.990738>, 0.130000
	pigment { color rgbt <1,0,0,0> }
	no_shadow
}

// nucleotide -1

// particle -1
sphere {
	<28.460535, 34.867657, 34.563709> 0.250000
	pigment { color rgbt <1,0,0,0> }
	no_shadow
}
cylinder {
	<28.229586, 34.648518, 34.321552>,  <28.091015, 34.517033, 34.176258>, 0.100000
	pigment { color rgbt <1,0,0,0> }
	no_shadow
}
cylinder {
	<28.229586, 34.648518, 34.321552>,  <28.460535, 34.867657, 34.563709>, 0.100000
	pigment { color rgbt <1,0,0,0> }
	no_shadow
}

// particle -1
sphere {
	<28.229586, 34.648518, 34.321552> 0.100000
	pigment { color rgbt <1,0,0,0> }
	no_shadow
}
sphere {
	0, 1
	scale<0.080000,0.200000,0.300000>
	matrix <-0.003969, 0.743337, -0.668905,
		0.816470, -0.383806, -0.431358,
		-0.577375, -0.547853, -0.605389,
		28.056374, 34.484161, 34.139935>
	pigment { color rgbt <0,1,1,0> }
	no_shadow
}
cylinder {
	<28.735619, 34.911484, 33.928455>,  <28.460535, 34.867657, 34.563709>, 0.130000
	pigment { color rgbt <1,0,0,0> }
	no_shadow
}

// nucleotide -1

// particle -1
sphere {
	<28.735619, 34.911484, 33.928455> 0.250000
	pigment { color rgbt <1,0,0,0> }
	no_shadow
}
cylinder {
	<28.360607, 34.793507, 33.854641>,  <28.135601, 34.722721, 33.810352>, 0.100000
	pigment { color rgbt <1,0,0,0> }
	no_shadow
}
cylinder {
	<28.360607, 34.793507, 33.854641>,  <28.735619, 34.911484, 33.928455>, 0.100000
	pigment { color rgbt <1,0,0,0> }
	no_shadow
}

// particle -1
sphere {
	<28.360607, 34.793507, 33.854641> 0.100000
	pigment { color rgbt <1,0,0,0> }
	no_shadow
}
sphere {
	0, 1
	scale<0.080000,0.200000,0.300000>
	matrix <-0.034473, 0.606538, -0.794307,
		0.346199, -0.738323, -0.578814,
		-0.937527, -0.294942, -0.184531,
		28.079350, 34.705025, 33.799282>
	pigment { color rgbt <0,1,1,0> }
	no_shadow
}
cylinder {
	<28.647804, 34.716888, 33.133724>,  <28.735619, 34.911484, 33.928455>, 0.130000
	pigment { color rgbt <1,0,0,0> }
	no_shadow
}

// nucleotide -1

// particle -1
sphere {
	<28.647804, 34.716888, 33.133724> 0.250000
	pigment { color rgbt <1,0,0,0> }
	no_shadow
}
cylinder {
	<28.282959, 34.814285, 33.265644>,  <28.064053, 34.872723, 33.344795>, 0.100000
	pigment { color rgbt <1,0,0,0> }
	no_shadow
}
cylinder {
	<28.282959, 34.814285, 33.265644>,  <28.647804, 34.716888, 33.133724>, 0.100000
	pigment { color rgbt <1,0,0,0> }
	no_shadow
}

// particle -1
sphere {
	<28.282959, 34.814285, 33.265644> 0.100000
	pigment { color rgbt <1,0,0,0> }
	no_shadow
}
sphere {
	0, 1
	scale<0.080000,0.200000,0.300000>
	matrix <-0.207798, 0.418869, -0.883951,
		-0.353374, -0.874792, -0.331459,
		-0.912111, 0.243489, 0.329798,
		28.009325, 34.887333, 33.364582>
	pigment { color rgbt <0,1,1,0> }
	no_shadow
}
cylinder {
	<28.391844, 34.710991, 32.572029>,  <28.647804, 34.716888, 33.133724>, 0.130000
	pigment { color rgbt <1,0,0,0> }
	no_shadow
}

// nucleotide -1

// particle -1
sphere {
	<28.391844, 34.710991, 32.572029> 0.250000
	pigment { color rgbt <1,0,0,0> }
	no_shadow
}
cylinder {
	<28.101994, 34.883137, 32.787327>,  <27.928083, 34.986423, 32.916504>, 0.100000
	pigment { color rgbt <1,0,0,0> }
	no_shadow
}
cylinder {
	<28.101994, 34.883137, 32.787327>,  <28.391844, 34.710991, 32.572029>, 0.100000
	pigment { color rgbt <1,0,0,0> }
	no_shadow
}

// particle -1
sphere {
	<28.101994, 34.883137, 32.787327> 0.100000
	pigment { color rgbt <1,0,0,0> }
	no_shadow
}
sphere {
	0, 1
	scale<0.080000,0.200000,0.300000>
	matrix <-0.274414, 0.536246, -0.798209,
		-0.632149, -0.726105, -0.270481,
		-0.724627, 0.430363, 0.538241,
		27.884605, 35.012245, 32.948799>
	pigment { color rgbt <0,1,1,0> }
	no_shadow
}
cylinder {
	<27.771839, 34.675076, 32.179089>,  <28.391844, 34.710991, 32.572029>, 0.130000
	pigment { color rgbt <1,0,0,0> }
	no_shadow
}

// nucleotide -1

// particle -1
sphere {
	<27.771839, 34.675076, 32.179089> 0.250000
	pigment { color rgbt <1,0,0,0> }
	no_shadow
}
cylinder {
	<27.671200, 34.966904, 32.433464>,  <27.610817, 35.142002, 32.586090>, 0.100000
	pigment { color rgbt <1,0,0,0> }
	no_shadow
}
cylinder {
	<27.671200, 34.966904, 32.433464>,  <27.771839, 34.675076, 32.179089>, 0.100000
	pigment { color rgbt <1,0,0,0> }
	no_shadow
}

// particle -1
sphere {
	<27.671200, 34.966904, 32.433464> 0.100000
	pigment { color rgbt <1,0,0,0> }
	no_shadow
}
sphere {
	0, 1
	scale<0.080000,0.200000,0.300000>
	matrix <-0.469832, 0.482391, -0.739295,
		-0.846142, -0.484790, 0.221409,
		-0.251597, 0.729574, 0.635941,
		27.595720, 35.185776, 32.624245>
	pigment { color rgbt <0,1,1,0> }
	no_shadow
}
cylinder {
	<27.071405, 34.824245, 32.055439>,  <27.771839, 34.675076, 32.179089>, 0.130000
	pigment { color rgbt <1,0,0,0> }
	no_shadow
}

// nucleotide -1

// particle -1
sphere {
	<27.071405, 34.824245, 32.055439> 0.250000
	pigment { color rgbt <1,0,0,0> }
	no_shadow
}
cylinder {
	<27.173851, 35.149818, 32.264023>,  <27.235317, 35.345161, 32.389172>, 0.100000
	pigment { color rgbt <1,0,0,0> }
	no_shadow
}
cylinder {
	<27.173851, 35.149818, 32.264023>,  <27.071405, 34.824245, 32.055439>, 0.100000
	pigment { color rgbt <1,0,0,0> }
	no_shadow
}

// particle -1
sphere {
	<27.173851, 35.149818, 32.264023> 0.100000
	pigment { color rgbt <1,0,0,0> }
	no_shadow
}
sphere {
	0, 1
	scale<0.080000,0.200000,0.300000>
	matrix <-0.578893, 0.561166, -0.591587,
		-0.774138, -0.150357, 0.614901,
		0.256112, 0.813932, 0.521460,
		27.250685, 35.393997, 32.420460>
	pigment { color rgbt <0,1,1,0> }
	no_shadow
}
cylinder {
	<26.433329, 35.218559, 32.209480>,  <27.071405, 34.824245, 32.055439>, 0.130000
	pigment { color rgbt <1,0,0,0> }
	no_shadow
}

// nucleotide -1

// particle -1
sphere {
	<26.433329, 35.218559, 32.209480> 0.250000
	pigment { color rgbt <1,0,0,0> }
	no_shadow
}
cylinder {
	<26.736502, 35.478935, 32.226536>,  <26.918406, 35.635162, 32.236771>, 0.100000
	pigment { color rgbt <1,0,0,0> }
	no_shadow
}
cylinder {
	<26.736502, 35.478935, 32.226536>,  <26.433329, 35.218559, 32.209480>, 0.100000
	pigment { color rgbt <1,0,0,0> }
	no_shadow
}

// particle -1
sphere {
	<26.736502, 35.478935, 32.226536> 0.100000
	pigment { color rgbt <1,0,0,0> }
	no_shadow
}
sphere {
	0, 1
	scale<0.080000,0.200000,0.300000>
	matrix <-0.502263, 0.624030, -0.598597,
		-0.416261, 0.432277, 0.799914,
		0.757930, 0.650940, 0.042642,
		26.963881, 35.674217, 32.239330>
	pigment { color rgbt <0,1,1,0> }
	no_shadow
}
cylinder {
	<26.150198, 35.932644, 32.268116>,  <26.433329, 35.218559, 32.209480>, 0.130000
	pigment { color rgbt <1,0,0,0> }
	no_shadow
}

// nucleotide -1

// particle -1
sphere {
	<26.150198, 35.932644, 32.268116> 0.250000
	pigment { color rgbt <1,0,0,0> }
	no_shadow
}
cylinder {
	<26.533329, 36.003483, 32.177601>,  <26.763208, 36.045986, 32.123291>, 0.100000
	pigment { color rgbt <1,0,0,0> }
	no_shadow
}
cylinder {
	<26.533329, 36.003483, 32.177601>,  <26.150198, 35.932644, 32.268116>, 0.100000
	pigment { color rgbt <1,0,0,0> }
	no_shadow
}

// particle -1
sphere {
	<26.533329, 36.003483, 32.177601> 0.100000
	pigment { color rgbt <1,0,0,0> }
	no_shadow
}
sphere {
	0, 1
	scale<0.080000,0.200000,0.300000>
	matrix <-0.264020, 0.853203, -0.449820,
		0.113406, 0.490593, 0.863978,
		0.957827, 0.177095, -0.226285,
		26.820677, 36.056610, 32.109715>
	pigment { color rgbt <0,1,1,0> }
	no_shadow
}
cylinder {
	<26.234797, 36.608490, 32.542042>,  <26.150198, 35.932644, 32.268116>, 0.130000
	pigment { color rgbt <1,0,0,0> }
	no_shadow
}

// nucleotide -1

// particle -1
sphere {
	<26.234797, 36.608490, 32.542042> 0.250000
	pigment { color rgbt <1,0,0,0> }
	no_shadow
}
cylinder {
	<26.501303, 36.522598, 32.256390>,  <26.661207, 36.471066, 32.084999>, 0.100000
	pigment { color rgbt <1,0,0,0> }
	no_shadow
}
cylinder {
	<26.501303, 36.522598, 32.256390>,  <26.234797, 36.608490, 32.542042>, 0.100000
	pigment { color rgbt <1,0,0,0> }
	no_shadow
}

// particle -1
sphere {
	<26.501303, 36.522598, 32.256390> 0.100000
	pigment { color rgbt <1,0,0,0> }
	no_shadow
}
sphere {
	0, 1
	scale<0.080000,0.200000,0.300000>
	matrix <-0.314427, 0.787463, -0.530129,
		0.676185, 0.577749, 0.457144,
		0.666265, -0.214728, -0.714131,
		26.701181, 36.458179, 32.042149>
	pigment { color rgbt <0,1,1,0> }
	no_shadow
}
cylinder {
	<26.663454, 37.189823, 32.491165>,  <26.234797, 36.608490, 32.542042>, 0.130000
	pigment { color rgbt <1,0,0,0> }
	no_shadow
}

// nucleotide -1

// particle -1
sphere {
	<26.663454, 37.189823, 32.491165> 0.250000
	pigment { color rgbt <1,0,0,0> }
	no_shadow
}
cylinder {
	<26.672161, 36.996422, 32.141136>,  <26.677385, 36.880383, 31.931118>, 0.100000
	pigment { color rgbt <1,0,0,0> }
	no_shadow
}
cylinder {
	<26.672161, 36.996422, 32.141136>,  <26.663454, 37.189823, 32.491165>, 0.100000
	pigment { color rgbt <1,0,0,0> }
	no_shadow
}

// particle -1
sphere {
	<26.672161, 36.996422, 32.141136> 0.100000
	pigment { color rgbt <1,0,0,0> }
	no_shadow
}
sphere {
	0, 1
	scale<0.080000,0.200000,0.300000>
	matrix <-0.255687, 0.843479, -0.472406,
		0.966515, 0.234028, -0.105264,
		0.021769, -0.483502, -0.875073,
		26.678692, 36.851372, 31.878614>
	pigment { color rgbt <0,1,1,0> }
	no_shadow
}
cylinder {
	<27.037378, 37.723751, 32.026978>,  <26.663454, 37.189823, 32.491165>, 0.130000
	pigment { color rgbt <1,0,0,0> }
	no_shadow
}

// nucleotide -1

// particle -1
sphere {
	<27.037378, 37.723751, 32.026978> 0.250000
	pigment { color rgbt <1,0,0,0> }
	no_shadow
}
cylinder {
	<26.853756, 37.455971, 31.793364>,  <26.743584, 37.295303, 31.653194>, 0.100000
	pigment { color rgbt <1,0,0,0> }
	no_shadow
}
cylinder {
	<26.853756, 37.455971, 31.793364>,  <27.037378, 37.723751, 32.026978>, 0.100000
	pigment { color rgbt <1,0,0,0> }
	no_shadow
}

// particle -1
sphere {
	<26.853756, 37.455971, 31.793364> 0.100000
	pigment { color rgbt <1,0,0,0> }
	no_shadow
}
sphere {
	0, 1
	scale<0.080000,0.200000,0.300000>
	matrix <-0.085780, 0.687727, -0.720883,
		0.884257, -0.280826, -0.373130,
		-0.459054, -0.669453, -0.584039,
		26.716040, 37.255135, 31.618153>
	pigment { color rgbt <0,1,1,0> }
	no_shadow
}
cylinder {
	<27.369230, 37.735931, 31.334345>,  <27.037378, 37.723751, 32.026978>, 0.130000
	pigment { color rgbt <1,0,0,0> }
	no_shadow
}

// nucleotide -1

// particle -1
sphere {
	<27.369230, 37.735931, 31.334345> 0.250000
	pigment { color rgbt <1,0,0,0> }
	no_shadow
}
cylinder {
	<27.003569, 37.583778, 31.278297>,  <26.784172, 37.492485, 31.244669>, 0.100000
	pigment { color rgbt <1,0,0,0> }
	no_shadow
}
cylinder {
	<27.003569, 37.583778, 31.278297>,  <27.369230, 37.735931, 31.334345>, 0.100000
	pigment { color rgbt <1,0,0,0> }
	no_shadow
}

// particle -1
sphere {
	<27.003569, 37.583778, 31.278297> 0.100000
	pigment { color rgbt <1,0,0,0> }
	no_shadow
}
sphere {
	0, 1
	scale<0.080000,0.200000,0.300000>
	matrix <-0.150492, 0.639412, -0.753993,
		0.376401, -0.668177, -0.641764,
		-0.914152, -0.380384, -0.140120,
		26.729322, 37.469662, 31.236261>
	pigment { color rgbt <0,1,1,0> }
	no_shadow
}
cylinder {
	<27.234001, 37.716671, 30.561007>,  <27.369230, 37.735931, 31.334345>, 0.130000
	pigment { color rgbt <1,0,0,0> }
	no_shadow
}

// nucleotide -1

// particle -1
sphere {
	<27.234001, 37.716671, 30.561007> 0.250000
	pigment { color rgbt <1,0,0,0> }
	no_shadow
}
cylinder {
	<26.881662, 37.698696, 30.749510>,  <26.670259, 37.687912, 30.862612>, 0.100000
	pigment { color rgbt <1,0,0,0> }
	no_shadow
}
cylinder {
	<26.881662, 37.698696, 30.749510>,  <27.234001, 37.716671, 30.561007>, 0.100000
	pigment { color rgbt <1,0,0,0> }
	no_shadow
}

// particle -1
sphere {
	<26.881662, 37.698696, 30.749510> 0.100000
	pigment { color rgbt <1,0,0,0> }
	no_shadow
}
sphere {
	0, 1
	scale<0.080000,0.200000,0.300000>
	matrix <-0.366390, 0.695092, -0.618551,
		-0.299774, -0.717515, -0.628735,
		-0.880849, -0.044937, 0.471260,
		26.617407, 37.685215, 30.890888>
	pigment { color rgbt <0,1,1,0> }
	no_shadow
}
cylinder {
	<26.836712, 37.661552, 30.022020>,  <27.234001, 37.716671, 30.561007>, 0.130000
	pigment { color rgbt <1,0,0,0> }
	no_shadow
}

// nucleotide -1

// particle -1
sphere {
	<26.836712, 37.661552, 30.022020> 0.250000
	pigment { color rgbt <1,0,0,0> }
	no_shadow
}
cylinder {
	<26.595970, 37.753487, 30.327948>,  <26.451525, 37.808647, 30.511503>, 0.100000
	pigment { color rgbt <1,0,0,0> }
	no_shadow
}
cylinder {
	<26.595970, 37.753487, 30.327948>,  <26.836712, 37.661552, 30.022020>, 0.100000
	pigment { color rgbt <1,0,0,0> }
	no_shadow
}

// particle -1
sphere {
	<26.595970, 37.753487, 30.327948> 0.100000
	pigment { color rgbt <1,0,0,0> }
	no_shadow
}
sphere {
	0, 1
	scale<0.080000,0.200000,0.300000>
	matrix <-0.385333, 0.755258, -0.530192,
		-0.699494, -0.613807, -0.365990,
		-0.601853, 0.229838, 0.764819,
		26.415415, 37.822437, 30.557394>
	pigment { color rgbt <0,1,1,0> }
	no_shadow
}
cylinder {
	<26.114756, 37.715351, 29.803814>,  <26.836712, 37.661552, 30.022020>, 0.130000
	pigment { color rgbt <1,0,0,0> }
	no_shadow
}

// nucleotide -1

// particle -1
sphere {
	<26.114756, 37.715351, 29.803814> 0.250000
	pigment { color rgbt <1,0,0,0> }
	no_shadow
}
cylinder {
	<26.132641, 37.957336, 30.121813>,  <26.143372, 38.102528, 30.312613>, 0.100000
	pigment { color rgbt <1,0,0,0> }
	no_shadow
}
cylinder {
	<26.132641, 37.957336, 30.121813>,  <26.114756, 37.715351, 29.803814>, 0.100000
	pigment { color rgbt <1,0,0,0> }
	no_shadow
}

// particle -1
sphere {
	<26.132641, 37.957336, 30.121813> 0.100000
	pigment { color rgbt <1,0,0,0> }
	no_shadow
}
sphere {
	0, 1
	scale<0.080000,0.200000,0.300000>
	matrix <-0.328326, 0.760485, -0.560235,
		-0.943506, -0.235970, 0.232627,
		0.044711, 0.604963, 0.794997,
		26.146053, 38.138824, 30.360312>
	pigment { color rgbt <0,1,1,0> }
	no_shadow
}
cylinder {
	<25.437580, 38.158634, 29.798985>,  <26.114756, 37.715351, 29.803814>, 0.130000
	pigment { color rgbt <1,0,0,0> }
	no_shadow
}

// nucleotide -1

// particle -1
sphere {
	<25.437580, 38.158634, 29.798985> 0.250000
	pigment { color rgbt <1,0,0,0> }
	no_shadow
}
cylinder {
	<25.656343, 38.351166, 30.072981>,  <25.787601, 38.466686, 30.237379>, 0.100000
	pigment { color rgbt <1,0,0,0> }
	no_shadow
}
cylinder {
	<25.656343, 38.351166, 30.072981>,  <25.437580, 38.158634, 29.798985>, 0.100000
	pigment { color rgbt <1,0,0,0> }
	no_shadow
}

// particle -1
sphere {
	<25.656343, 38.351166, 30.072981> 0.100000
	pigment { color rgbt <1,0,0,0> }
	no_shadow
}
sphere {
	0, 1
	scale<0.080000,0.200000,0.300000>
	matrix <-0.389393, 0.870559, -0.300832,
		-0.741125, -0.102204, 0.663542,
		0.546907, 0.481333, 0.684991,
		25.820415, 38.495567, 30.278479>
	pigment { color rgbt <0,1,1,0> }
	no_shadow
}
cylinder {
	<25.087994, 38.704998, 30.174904>,  <25.437580, 38.158634, 29.798985>, 0.130000
	pigment { color rgbt <1,0,0,0> }
	no_shadow
}

// nucleotide -1

// particle -1
sphere {
	<25.087994, 38.704998, 30.174904> 0.250000
	pigment { color rgbt <1,0,0,0> }
	no_shadow
}
cylinder {
	<25.468283, 38.828964, 30.178520>,  <25.696455, 38.903343, 30.180689>, 0.100000
	pigment { color rgbt <1,0,0,0> }
	no_shadow
}
cylinder {
	<25.468283, 38.828964, 30.178520>,  <25.087994, 38.704998, 30.174904>, 0.100000
	pigment { color rgbt <1,0,0,0> }
	no_shadow
}

// particle -1
sphere {
	<25.468283, 38.828964, 30.178520> 0.100000
	pigment { color rgbt <1,0,0,0> }
	no_shadow
}
sphere {
	0, 1
	scale<0.080000,0.200000,0.300000>
	matrix <-0.286481, 0.889232, -0.356645,
		-0.118568, 0.336480, 0.934196,
		0.950721, 0.309917, 0.009039,
		25.753498, 38.921940, 30.181232>
	pigment { color rgbt <0,1,1,0> }
	no_shadow
}
cylinder {
	<25.009531, 39.474957, 30.364511>,  <25.087994, 38.704998, 30.174904>, 0.130000
	pigment { color rgbt <1,0,0,0> }
	no_shadow
}

// nucleotide -1

// particle -1
sphere {
	<25.009531, 39.474957, 30.364511> 0.250000
	pigment { color rgbt <1,0,0,0> }
	no_shadow
}
cylinder {
	<25.379335, 39.464855, 30.212385>,  <25.601217, 39.458794, 30.121109>, 0.100000
	pigment { color rgbt <1,0,0,0> }
	no_shadow
}
cylinder {
	<25.379335, 39.464855, 30.212385>,  <25.009531, 39.474957, 30.364511>, 0.100000
	pigment { color rgbt <1,0,0,0> }
	no_shadow
}

// particle -1
sphere {
	<25.379335, 39.464855, 30.212385> 0.100000
	pigment { color rgbt <1,0,0,0> }
	no_shadow
}
sphere {
	0, 1
	scale<0.080000,0.200000,0.300000>
	matrix <-0.206823, 0.804887, -0.556220,
		0.320162, 0.592890, 0.738904,
		0.924511, -0.025258, -0.380317,
		25.656689, 39.457279, 30.098289>
	pigment { color rgbt <0,1,1,0> }
	no_shadow
}
cylinder {
	<25.484615, 40.092937, 30.454599>,  <25.009531, 39.474957, 30.364511>, 0.130000
	pigment { color rgbt <1,0,0,0> }
	no_shadow
}

// nucleotide -1

// particle -1
sphere {
	<25.484615, 40.092937, 30.454599> 0.250000
	pigment { color rgbt <1,0,0,0> }
	no_shadow
}
cylinder {
	<25.529213, 39.901287, 30.106344>,  <25.555971, 39.786297, 29.897392>, 0.100000
	pigment { color rgbt <1,0,0,0> }
	no_shadow
}
cylinder {
	<25.529213, 39.901287, 30.106344>,  <25.484615, 40.092937, 30.454599>, 0.100000
	pigment { color rgbt <1,0,0,0> }
	no_shadow
}

// particle -1
sphere {
	<25.529213, 39.901287, 30.106344> 0.100000
	pigment { color rgbt <1,0,0,0> }
	no_shadow
}
sphere {
	0, 1
	scale<0.080000,0.200000,0.300000>
	matrix <-0.313570, 0.814380, -0.488324,
		0.942997, 0.327449, -0.059443,
		0.111492, -0.479127, -0.870636,
		25.562660, 39.757549, 29.845154>
	pigment { color rgbt <0,1,1,0> }
	no_shadow
}
cylinder {
	<25.190115, 40.277325, 31.166639>,  <25.484615, 40.092937, 30.454599>, 0.130000
	pigment { color rgbt <1,0,0,0> }
	no_shadow
}

// nucleotide -1

// particle -1
sphere {
	<25.190115, 40.277325, 31.166639> 0.250000
	pigment { color rgbt <1,0,0,0> }
	no_shadow
}
cylinder {
	<25.430546, 40.074181, 31.413469>,  <25.574804, 39.952293, 31.561567>, 0.100000
	pigment { color rgbt <1,0,0,0> }
	no_shadow
}
cylinder {
	<25.430546, 40.074181, 31.413469>,  <25.190115, 40.277325, 31.166639>, 0.100000
	pigment { color rgbt <1,0,0,0> }
	no_shadow
}

// particle -1
sphere {
	<25.430546, 40.074181, 31.413469> 0.100000
	pigment { color rgbt <1,0,0,0> }
	no_shadow
}
sphere {
	0, 1
	scale<0.080000,0.200000,0.300000>
	matrix <0.639968, 0.768349, 0.008985,
		-0.478693, 0.389508, 0.786853,
		0.601078, -0.507861, 0.617076,
		25.610868, 39.921822, 31.598593>
	pigment { color rgbt <0,1,1,0> }
	no_shadow
}
cylinder {
	<25.392487, 40.737591, 31.576521>,  <25.190115, 40.277325, 31.166639>, 0.130000
	pigment { color rgbt <1,0,0,0> }
	no_shadow
}

// nucleotide -1

// particle -1
sphere {
	<25.392487, 40.737591, 31.576521> 0.250000
	pigment { color rgbt <1,0,0,0> }
	no_shadow
}
cylinder {
	<25.665611, 40.445366, 31.579151>,  <25.829485, 40.270031, 31.580730>, 0.100000
	pigment { color rgbt <1,0,0,0> }
	no_shadow
}
cylinder {
	<25.665611, 40.445366, 31.579151>,  <25.392487, 40.737591, 31.576521>, 0.100000
	pigment { color rgbt <1,0,0,0> }
	no_shadow
}

// particle -1
sphere {
	<25.665611, 40.445366, 31.579151> 0.100000
	pigment { color rgbt <1,0,0,0> }
	no_shadow
}
sphere {
	0, 1
	scale<0.080000,0.200000,0.300000>
	matrix <0.730105, 0.682654, 0.030502,
		-0.026774, -0.016025, 0.999513,
		0.682810, -0.730567, 0.006577,
		25.870455, 40.226196, 31.581123>
	pigment { color rgbt <0,1,1,0> }
	no_shadow
}
cylinder {
	<25.972328, 41.046349, 31.827333>,  <25.392487, 40.737591, 31.576521>, 0.130000
	pigment { color rgbt <1,0,0,0> }
	no_shadow
}

// nucleotide -1

// particle -1
sphere {
	<25.972328, 41.046349, 31.827333> 0.250000
	pigment { color rgbt <1,0,0,0> }
	no_shadow
}
cylinder {
	<26.129124, 40.688934, 31.739754>,  <26.223200, 40.474487, 31.687206>, 0.100000
	pigment { color rgbt <1,0,0,0> }
	no_shadow
}
cylinder {
	<26.129124, 40.688934, 31.739754>,  <25.972328, 41.046349, 31.827333>, 0.100000
	pigment { color rgbt <1,0,0,0> }
	no_shadow
}

// particle -1
sphere {
	<26.129124, 40.688934, 31.739754> 0.100000
	pigment { color rgbt <1,0,0,0> }
	no_shadow
}
sphere {
	0, 1
	scale<0.080000,0.200000,0.300000>
	matrix <0.916679, 0.399477, 0.010863,
		0.077759, -0.204966, 0.975675,
		0.391987, -0.893536, -0.218951,
		26.246719, 40.420872, 31.674068>
	pigment { color rgbt <0,1,1,0> }
	no_shadow
}
cylinder {
	<26.479944, 40.869469, 32.325008>,  <25.972328, 41.046349, 31.827333>, 0.130000
	pigment { color rgbt <1,0,0,0> }
	no_shadow
}

// nucleotide -1

// particle -1
sphere {
	<26.479944, 40.869469, 32.325008> 0.250000
	pigment { color rgbt <1,0,0,0> }
	no_shadow
}
cylinder {
	<26.573511, 40.664585, 31.994453>,  <26.629650, 40.541653, 31.796120>, 0.100000
	pigment { color rgbt <1,0,0,0> }
	no_shadow
}
cylinder {
	<26.573511, 40.664585, 31.994453>,  <26.479944, 40.869469, 32.325008>, 0.100000
	pigment { color rgbt <1,0,0,0> }
	no_shadow
}

// particle -1
sphere {
	<26.573511, 40.664585, 31.994453> 0.100000
	pigment { color rgbt <1,0,0,0> }
	no_shadow
}
sphere {
	0, 1
	scale<0.080000,0.200000,0.300000>
	matrix <0.922429, 0.385533, 0.022140,
		0.307261, -0.767466, 0.562660,
		0.233915, -0.512211, -0.826392,
		26.643686, 40.510921, 31.746536>
	pigment { color rgbt <0,1,1,0> }
	no_shadow
}
cylinder {
	<26.950249, 40.419643, 32.530067>,  <26.479944, 40.869469, 32.325008>, 0.130000
	pigment { color rgbt <1,0,0,0> }
	no_shadow
}

// nucleotide -1

// particle -1
sphere {
	<26.950249, 40.419643, 32.530067> 0.250000
	pigment { color rgbt <1,0,0,0> }
	no_shadow
}
cylinder {
	<27.008192, 40.532993, 32.150864>,  <27.042957, 40.601006, 31.923342>, 0.100000
	pigment { color rgbt <1,0,0,0> }
	no_shadow
}
cylinder {
	<27.008192, 40.532993, 32.150864>,  <26.950249, 40.419643, 32.530067>, 0.100000
	pigment { color rgbt <1,0,0,0> }
	no_shadow
}

// particle -1
sphere {
	<27.008192, 40.532993, 32.150864> 0.100000
	pigment { color rgbt <1,0,0,0> }
	no_shadow
}
sphere {
	0, 1
	scale<0.080000,0.200000,0.300000>
	matrix <0.886987, 0.387406, 0.251337,
		0.438486, -0.877276, -0.195235,
		0.144857, 0.283379, -0.948005,
		27.051649, 40.618008, 31.866463>
	pigment { color rgbt <0,1,1,0> }
	no_shadow
}
cylinder {
	<27.583319, 40.192917, 32.334858>,  <26.950249, 40.419643, 32.530067>, 0.130000
	pigment { color rgbt <1,0,0,0> }
	no_shadow
}

// nucleotide -1

// particle -1
sphere {
	<27.583319, 40.192917, 32.334858> 0.250000
	pigment { color rgbt <1,0,0,0> }
	no_shadow
}
cylinder {
	<27.508495, 40.511948, 32.105465>,  <27.463600, 40.703365, 31.967829>, 0.100000
	pigment { color rgbt <1,0,0,0> }
	no_shadow
}
cylinder {
	<27.508495, 40.511948, 32.105465>,  <27.583319, 40.192917, 32.334858>, 0.100000
	pigment { color rgbt <1,0,0,0> }
	no_shadow
}

// particle -1
sphere {
	<27.508495, 40.511948, 32.105465> 0.100000
	pigment { color rgbt <1,0,0,0> }
	no_shadow
}
sphere {
	0, 1
	scale<0.080000,0.200000,0.300000>
	matrix <0.962738, 0.264908, 0.054396,
		0.195305, -0.541937, -0.817411,
		-0.187059, 0.797576, -0.573481,
		27.452377, 40.751221, 31.933420>
	pigment { color rgbt <0,1,1,0> }
	no_shadow
}
cylinder {
	<27.919935, 40.024143, 31.670809>,  <27.583319, 40.192917, 32.334858>, 0.130000
	pigment { color rgbt <1,0,0,0> }
	no_shadow
}

// nucleotide -1

// particle -1
sphere {
	<27.919935, 40.024143, 31.670809> 0.250000
	pigment { color rgbt <1,0,0,0> }
	no_shadow
}
cylinder {
	<27.938463, 40.400528, 31.804939>,  <27.949579, 40.626358, 31.885418>, 0.100000
	pigment { color rgbt <1,0,0,0> }
	no_shadow
}
cylinder {
	<27.938463, 40.400528, 31.804939>,  <27.919935, 40.024143, 31.670809>, 0.100000
	pigment { color rgbt <1,0,0,0> }
	no_shadow
}

// particle -1
sphere {
	<27.938463, 40.400528, 31.804939> 0.100000
	pigment { color rgbt <1,0,0,0> }
	no_shadow
}
sphere {
	0, 1
	scale<0.080000,0.200000,0.300000>
	matrix <0.995570, -0.015990, -0.092650,
		-0.081818, 0.338130, -0.937536,
		0.046319, 0.940963, 0.335324,
		27.952358, 40.682816, 31.905537>
	pigment { color rgbt <0,1,1,0> }
	no_shadow
}
cylinder {
	<28.322477, 40.348343, 31.220127>,  <27.919935, 40.024143, 31.670809>, 0.130000
	pigment { color rgbt <1,0,0,0> }
	no_shadow
}

// nucleotide -1

// particle -1
sphere {
	<28.322477, 40.348343, 31.220127> 0.250000
	pigment { color rgbt <1,0,0,0> }
	no_shadow
}
cylinder {
	<28.318384, 40.577469, 31.547976>,  <28.315928, 40.714947, 31.744684>, 0.100000
	pigment { color rgbt <1,0,0,0> }
	no_shadow
}
cylinder {
	<28.318384, 40.577469, 31.547976>,  <28.322477, 40.348343, 31.220127>, 0.100000
	pigment { color rgbt <1,0,0,0> }
	no_shadow
}

// particle -1
sphere {
	<28.318384, 40.577469, 31.547976> 0.100000
	pigment { color rgbt <1,0,0,0> }
	no_shadow
}
sphere {
	0, 1
	scale<0.080000,0.200000,0.300000>
	matrix <0.999045, -0.028968, 0.032719,
		0.042485, 0.819171, -0.571974,
		-0.010233, 0.572817, 0.819619,
		28.315313, 40.749313, 31.793861>
	pigment { color rgbt <0,1,1,0> }
	no_shadow
}
cylinder {
	<28.762566, 40.754963, 30.993151>,  <28.322477, 40.348343, 31.220127>, 0.130000
	pigment { color rgbt <1,0,0,0> }
	no_shadow
}

// nucleotide -1

// particle -1
sphere {
	<28.762566, 40.754963, 30.993151> 0.250000
	pigment { color rgbt <1,0,0,0> }
	no_shadow
}
cylinder {
	<28.736448, 40.756493, 31.392294>,  <28.720778, 40.757408, 31.631781>, 0.100000
	pigment { color rgbt <1,0,0,0> }
	no_shadow
}
cylinder {
	<28.736448, 40.756493, 31.392294>,  <28.762566, 40.754963, 30.993151>, 0.100000
	pigment { color rgbt <1,0,0,0> }
	no_shadow
}

// particle -1
sphere {
	<28.736448, 40.756493, 31.392294> 0.100000
	pigment { color rgbt <1,0,0,0> }
	no_shadow
}
sphere {
	0, 1
	scale<0.080000,0.200000,0.300000>
	matrix <0.887421, -0.457063, 0.059816,
		0.456313, 0.889426, 0.026451,
		-0.065292, 0.003821, 0.997859,
		28.716862, 40.757641, 31.691652>
	pigment { color rgbt <0,1,1,0> }
	no_shadow
}
cylinder {
	<29.498440, 40.999729, 31.399538>,  <28.762566, 40.754963, 30.993151>, 0.130000
	pigment { color rgbt <1,0,0,0> }
	no_shadow
}

// nucleotide -1

// particle -1
sphere {
	<29.498440, 40.999729, 31.399538> 0.250000
	pigment { color rgbt <1,0,0,0> }
	no_shadow
}
cylinder {
	<29.290520, 40.781094, 31.662157>,  <29.165768, 40.649914, 31.819729>, 0.100000
	pigment { color rgbt <1,0,0,0> }
	no_shadow
}
cylinder {
	<29.290520, 40.781094, 31.662157>,  <29.498440, 40.999729, 31.399538>, 0.100000
	pigment { color rgbt <1,0,0,0> }
	no_shadow
}

// particle -1
sphere {
	<29.290520, 40.781094, 31.662157> 0.100000
	pigment { color rgbt <1,0,0,0> }
	no_shadow
}
sphere {
	0, 1
	scale<0.080000,0.200000,0.300000>
	matrix <0.842549, -0.454968, 0.288297,
		0.141128, 0.703029, 0.697017,
		-0.519802, -0.546584, 0.656545,
		29.134579, 40.617119, 31.859121>
	pigment { color rgbt <0,1,1,0> }
	no_shadow
}
cylinder {
	<29.958399, 40.908928, 31.866066>,  <29.498440, 40.999729, 31.399538>, 0.130000
	pigment { color rgbt <1,0,0,0> }
	no_shadow
}

// nucleotide -1

// particle -1
sphere {
	<29.958399, 40.908928, 31.866066> 0.250000
	pigment { color rgbt <1,0,0,0> }
	no_shadow
}
cylinder {
	<29.683086, 40.651310, 31.999619>,  <29.517899, 40.496738, 32.079750>, 0.100000
	pigment { color rgbt <1,0,0,0> }
	no_shadow
}
cylinder {
	<29.683086, 40.651310, 31.999619>,  <29.958399, 40.908928, 31.866066>, 0.100000
	pigment { color rgbt <1,0,0,0> }
	no_shadow
}

// particle -1
sphere {
	<29.683086, 40.651310, 31.999619> 0.100000
	pigment { color rgbt <1,0,0,0> }
	no_shadow
}
sphere {
	0, 1
	scale<0.080000,0.200000,0.300000>
	matrix <0.721537, -0.560044, 0.407106,
		-0.075206, 0.521110, 0.850170,
		-0.688280, -0.644046, 0.333881,
		29.476603, 40.458096, 32.099781>
	pigment { color rgbt <0,1,1,0> }
	no_shadow
}
cylinder {
	<30.145420, 40.722557, 32.636738>,  <29.958399, 40.908928, 31.866066>, 0.130000
	pigment { color rgbt <1,0,0,0> }
	no_shadow
}

// nucleotide -1

// particle -1
sphere {
	<30.145420, 40.722557, 32.636738> 0.250000
	pigment { color rgbt <1,0,0,0> }
	no_shadow
}
cylinder {
	<29.926983, 40.426334, 32.480095>,  <29.795921, 40.248600, 32.386108>, 0.100000
	pigment { color rgbt <1,0,0,0> }
	no_shadow
}
cylinder {
	<29.926983, 40.426334, 32.480095>,  <30.145420, 40.722557, 32.636738>, 0.100000
	pigment { color rgbt <1,0,0,0> }
	no_shadow
}

// particle -1
sphere {
	<29.926983, 40.426334, 32.480095> 0.100000
	pigment { color rgbt <1,0,0,0> }
	no_shadow
}
sphere {
	0, 1
	scale<0.080000,0.200000,0.300000>
	matrix <0.564349, -0.670687, 0.481341,
		-0.619106, 0.041855, 0.784192,
		-0.546093, -0.740559, -0.391605,
		29.763155, 40.204166, 32.362614>
	pigment { color rgbt <0,1,1,0> }
	no_shadow
}
cylinder {
	<30.030886, 40.214020, 33.213268>,  <30.145420, 40.722557, 32.636738>, 0.130000
	pigment { color rgbt <1,0,0,0> }
	no_shadow
}

// nucleotide -1

// particle -1
sphere {
	<30.030886, 40.214020, 33.213268> 0.250000
	pigment { color rgbt <1,0,0,0> }
	no_shadow
}
cylinder {
	<29.992771, 40.032803, 32.858715>,  <29.969902, 39.924072, 32.645985>, 0.100000
	pigment { color rgbt <1,0,0,0> }
	no_shadow
}
cylinder {
	<29.992771, 40.032803, 32.858715>,  <30.030886, 40.214020, 33.213268>, 0.100000
	pigment { color rgbt <1,0,0,0> }
	no_shadow
}

// particle -1
sphere {
	<29.992771, 40.032803, 32.858715> 0.100000
	pigment { color rgbt <1,0,0,0> }
	no_shadow
}
sphere {
	0, 1
	scale<0.080000,0.200000,0.300000>
	matrix <0.522593, -0.780627, 0.342809,
		-0.847241, -0.430551, 0.311141,
		-0.095289, -0.453042, -0.886382,
		29.964184, 39.896889, 32.592800>
	pigment { color rgbt <0,1,1,0> }
	no_shadow
}
cylinder {
	<29.740679, 39.567879, 33.317425>,  <30.030886, 40.214020, 33.213268>, 0.130000
	pigment { color rgbt <1,0,0,0> }
	no_shadow
}

// nucleotide -1

// particle -1
sphere {
	<29.740679, 39.567879, 33.317425> 0.250000
	pigment { color rgbt <1,0,0,0> }
	no_shadow
}
cylinder {
	<29.942947, 39.583420, 32.972683>,  <30.064308, 39.592743, 32.765839>, 0.100000
	pigment { color rgbt <1,0,0,0> }
	no_shadow
}
cylinder {
	<29.942947, 39.583420, 32.972683>,  <29.740679, 39.567879, 33.317425>, 0.100000
	pigment { color rgbt <1,0,0,0> }
	no_shadow
}

// particle -1
sphere {
	<29.942947, 39.583420, 32.972683> 0.100000
	pigment { color rgbt <1,0,0,0> }
	no_shadow
}
sphere {
	0, 1
	scale<0.080000,0.200000,0.300000>
	matrix <0.300158, -0.944497, 0.133534,
		-0.808828, -0.326216, -0.489265,
		0.505670, 0.038851, -0.861852,
		30.094648, 39.595074, 32.714127>
	pigment { color rgbt <0,1,1,0> }
	no_shadow
}
cylinder {
	<29.603241, 38.909962, 33.098179>,  <29.740679, 39.567879, 33.317425>, 0.130000
	pigment { color rgbt <1,0,0,0> }
	no_shadow
}

// nucleotide -1

// particle -1
sphere {
	<29.603241, 38.909962, 33.098179> 0.250000
	pigment { color rgbt <1,0,0,0> }
	no_shadow
}
cylinder {
	<29.893143, 39.001244, 32.838131>,  <30.067083, 39.056011, 32.682102>, 0.100000
	pigment { color rgbt <1,0,0,0> }
	no_shadow
}
cylinder {
	<29.893143, 39.001244, 32.838131>,  <29.603241, 38.909962, 33.098179>, 0.100000
	pigment { color rgbt <1,0,0,0> }
	no_shadow
}

// particle -1
sphere {
	<29.893143, 39.001244, 32.838131> 0.100000
	pigment { color rgbt <1,0,0,0> }
	no_shadow
}
sphere {
	0, 1
	scale<0.080000,0.200000,0.300000>
	matrix <0.348173, -0.935523, 0.059761,
		-0.594567, -0.269667, -0.757476,
		0.724752, 0.228201, -0.650122,
		30.110569, 39.069702, 32.643093>
	pigment { color rgbt <0,1,1,0> }
	no_shadow
}
cylinder {
	<29.619089, 38.398037, 32.611748>,  <29.603241, 38.909962, 33.098179>, 0.130000
	pigment { color rgbt <1,0,0,0> }
	no_shadow
}

// nucleotide -1

// particle -1
sphere {
	<29.619089, 38.398037, 32.611748> 0.250000
	pigment { color rgbt <1,0,0,0> }
	no_shadow
}
cylinder {
	<29.984997, 38.553196, 32.566612>,  <30.204542, 38.646290, 32.539532>, 0.100000
	pigment { color rgbt <1,0,0,0> }
	no_shadow
}
cylinder {
	<29.984997, 38.553196, 32.566612>,  <29.619089, 38.398037, 32.611748>, 0.100000
	pigment { color rgbt <1,0,0,0> }
	no_shadow
}

// particle -1
sphere {
	<29.984997, 38.553196, 32.566612> 0.100000
	pigment { color rgbt <1,0,0,0> }
	no_shadow
}
sphere {
	0, 1
	scale<0.080000,0.200000,0.300000>
	matrix <0.396605, -0.915447, 0.068280,
