// switches for output
#declare DRAW_BASES = 1; // possible values are 0, 1; only relevant for DNA ribbons
#declare DRAW_BASES_TYPE = 3; // possible values are 1, 2, 3; only relevant for DNA ribbons
#declare DRAW_FOG = 0; // set to 1 to enable fog

#include "colors.inc"

#include "transforms.inc"
background { rgb <1, 1, 1>}

#default {
   normal{
       ripples 0.25
       frequency 0.20
       turbulence 0.2
       lambda 5
   }
	finish {
		phong 0.1
		phong_size 40.
	}
}

// original window dimensions: 1024x640


// camera settings

camera {
	sky <0, 0.179814, -0.983701>
	up <0, 0.179814, -0.983701>
	right 1.6 * <1, 0, 0>
	location <35, 94.9851, 44.8844>
	look_at <35, 29.7336, 32.9568>
	direction <0, -65.2515, -11.9276>
	angle 67.0682
}


# declare cpy_camera_pos = <35, 94.9851, 44.8844>;
# if (DRAW_FOG = 1)
fog {
	fog_type 2
	up vnormalize(cpy_camera_pos)
	color rgbt<1,1,1,0.3>
	distance 1e-5
	fog_alt 3e-3
	fog_offset 56
}
# end


// LIGHTS

# declare lum = 6;
global_settings {
	ambient_light rgb lum * <0.05, 0.05, 0.05>
	max_trace_level 15
}# declare cpy_direct_light_amount = 0.25;
light_source
{	1000 * <-1, -1.16352, -0.803886>,
	rgb lum * cpy_direct_light_amount
	parallel
}

light_source
{	1000 * <1, 1.16352, 0.803886>,
	rgb lum * cpy_direct_light_amount
	parallel
}

// strand 0

// nucleotide -1

// particle -1
sphere {
	<24.234175, 35.441185, 34.667728> 0.250000
	pigment { color rgbt <1,0,0,0> }
	no_shadow
}
cylinder {
	<24.330139, 35.120239, 34.886322>,  <24.387718, 34.927670, 35.017479>, 0.100000
	pigment { color rgbt <1,0,0,0> }
	no_shadow
}
cylinder {
	<24.330139, 35.120239, 34.886322>,  <24.234175, 35.441185, 34.667728>, 0.100000
	pigment { color rgbt <1,0,0,0> }
	no_shadow
}

// particle -1
sphere {
	<24.330139, 35.120239, 34.886322> 0.100000
	pigment { color rgbt <1,0,0,0> }
	no_shadow
}
sphere {
	0, 1
	scale<0.080000,0.200000,0.300000>
	matrix <0.950583, 0.308430, 0.035531,
		-0.197062, 0.510956, 0.836714,
		0.239913, -0.802368, 0.546486,
		24.402113, 34.879528, 35.050266>
	pigment { color rgbt <0,1,1,0> }
	no_shadow
}
cylinder {
	<24.567039, 35.693806, 35.214684>,  <24.234175, 35.441185, 34.667728>, 0.130000
	pigment { color rgbt <1,0,0,0> }
	no_shadow
}

// nucleotide -1

// particle -1
sphere {
	<24.567039, 35.693806, 35.214684> 0.250000
	pigment { color rgbt <1,0,0,0> }
	no_shadow
}
cylinder {
	<24.713787, 35.338928, 35.102760>,  <24.801836, 35.126003, 35.035606>, 0.100000
	pigment { color rgbt <1,0,0,0> }
	no_shadow
}
cylinder {
	<24.713787, 35.338928, 35.102760>,  <24.567039, 35.693806, 35.214684>, 0.100000
	pigment { color rgbt <1,0,0,0> }
	no_shadow
}

// particle -1
sphere {
	<24.713787, 35.338928, 35.102760> 0.100000
	pigment { color rgbt <1,0,0,0> }
	no_shadow
}
sphere {
	0, 1
	scale<0.080000,0.200000,0.300000>
	matrix <0.930263, 0.351197, 0.106165,
		0.004079, -0.299246, 0.954167,
		0.366870, -0.887194, -0.279811,
		24.823849, 35.072769, 35.018818>
	pigment { color rgbt <0,1,1,0> }
	no_shadow
}
cylinder {
	<25.073315, 35.410301, 35.703747>,  <24.567039, 35.693806, 35.214684>, 0.130000
	pigment { color rgbt <1,0,0,0> }
	no_shadow
}

// nucleotide -1

// particle -1
sphere {
	<25.073315, 35.410301, 35.703747> 0.250000
	pigment { color rgbt <1,0,0,0> }
	no_shadow
}
cylinder {
	<25.148647, 35.235989, 35.351696>,  <25.193846, 35.131401, 35.140465>, 0.100000
	pigment { color rgbt <1,0,0,0> }
	no_shadow
}
cylinder {
	<25.148647, 35.235989, 35.351696>,  <25.073315, 35.410301, 35.703747>, 0.100000
	pigment { color rgbt <1,0,0,0> }
	no_shadow
}

// particle -1
sphere {
	<25.148647, 35.235989, 35.351696> 0.100000
	pigment { color rgbt <1,0,0,0> }
	no_shadow
}
sphere {
	0, 1
	scale<0.080000,0.200000,0.300000>
	matrix <0.975585, 0.186111, 0.116607,
		0.112986, -0.880601, 0.460191,
		0.188330, -0.435781, -0.880129,
		25.205147, 35.105255, 35.087658>
	pigment { color rgbt <0,1,1,0> }
	no_shadow
}
cylinder {
	<24.943712, 34.791187, 36.024208>,  <25.073315, 35.410301, 35.703747>, 0.130000
	pigment { color rgbt <1,0,0,0> }
	no_shadow
}

// nucleotide -1

// particle -1
sphere {
	<24.943712, 34.791187, 36.024208> 0.250000
	pigment { color rgbt <1,0,0,0> }
	no_shadow
}
cylinder {
	<25.188885, 35.018852, 36.243435>,  <25.335987, 35.155453, 36.374969>, 0.100000
	pigment { color rgbt <1,0,0,0> }
	no_shadow
}
cylinder {
	<25.188885, 35.018852, 36.243435>,  <24.943712, 34.791187, 36.024208>, 0.100000
	pigment { color rgbt <1,0,0,0> }
	no_shadow
}

// particle -1
sphere {
	<25.188885, 35.018852, 36.243435> 0.100000
	pigment { color rgbt <1,0,0,0> }
	no_shadow
}
sphere {
	0, 1
	scale<0.080000,0.200000,0.300000>
	matrix <0.700179, -0.069817, -0.710545,
		-0.366151, 0.819256, -0.441308,
		0.612929, 0.569162, 0.548063,
		25.372763, 35.189602, 36.407852>
	pigment { color rgbt <0,1,1,0> }
	no_shadow
}
cylinder {
	<25.452175, 34.633179, 35.662979>,  <24.943712, 34.791187, 36.024208>, 0.130000
	pigment { color rgbt <1,0,0,0> }
	no_shadow
}

// nucleotide -1

// particle -1
sphere {
	<25.452175, 34.633179, 35.662979> 0.250000
	pigment { color rgbt <1,0,0,0> }
	no_shadow
}
cylinder {
	<25.593868, 34.913826, 35.910282>,  <25.678885, 35.082214, 36.058666>, 0.100000
	pigment { color rgbt <1,0,0,0> }
	no_shadow
}
cylinder {
	<25.593868, 34.913826, 35.910282>,  <25.452175, 34.633179, 35.662979>, 0.100000
	pigment { color rgbt <1,0,0,0> }
	no_shadow
}

// particle -1
sphere {
	<25.593868, 34.913826, 35.910282> 0.100000
	pigment { color rgbt <1,0,0,0> }
	no_shadow
}
sphere {
	0, 1
	scale<0.080000,0.200000,0.300000>
	matrix <0.871200, -0.007299, -0.490873,
		-0.339894, 0.712514, -0.613837,
		0.354235, 0.701620, 0.618262,
		25.700138, 35.124313, 36.095760>
	pigment { color rgbt <0,1,1,0> }
	no_shadow
}
cylinder {
	<25.746910, 35.273273, 35.261864>,  <25.452175, 34.633179, 35.662979>, 0.130000
	pigment { color rgbt <1,0,0,0> }
	no_shadow
}

// nucleotide -1

// particle -1
sphere {
	<25.746910, 35.273273, 35.261864> 0.250000
	pigment { color rgbt <1,0,0,0> }
	no_shadow
}
cylinder {
	<25.923765, 35.220818, 35.616787>,  <26.029879, 35.189342, 35.829742>, 0.100000
	pigment { color rgbt <1,0,0,0> }
	no_shadow
}
cylinder {
	<25.923765, 35.220818, 35.616787>,  <25.746910, 35.273273, 35.261864>, 0.100000
	pigment { color rgbt <1,0,0,0> }
	no_shadow
}

// particle -1
sphere {
	<25.923765, 35.220818, 35.616787> 0.100000
	pigment { color rgbt <1,0,0,0> }
	no_shadow
}
sphere {
	0, 1
	scale<0.080000,0.200000,0.300000>
	matrix <0.876529, -0.146712, -0.458447,
		0.190299, 0.980448, 0.050080,
		0.442136, -0.131139, 0.887310,
		26.056406, 35.181477, 35.882980>
	pigment { color rgbt <0,1,1,0> }
	no_shadow
}
cylinder {
	<26.265562, 35.784035, 35.335300>,  <25.746910, 35.273273, 35.261864>, 0.130000
	pigment { color rgbt <1,0,0,0> }
	no_shadow
}

// nucleotide -1

// particle -1
sphere {
	<26.265562, 35.784035, 35.335300> 0.250000
	pigment { color rgbt <1,0,0,0> }
	no_shadow
}
cylinder {
	<26.337704, 35.441608, 35.529053>,  <26.380989, 35.236153, 35.645306>, 0.100000
	pigment { color rgbt <1,0,0,0> }
	no_shadow
}
cylinder {
	<26.337704, 35.441608, 35.529053>,  <26.265562, 35.784035, 35.335300>, 0.100000
	pigment { color rgbt <1,0,0,0> }
	no_shadow
}

// particle -1
sphere {
	<26.337704, 35.441608, 35.529053> 0.100000
	pigment { color rgbt <1,0,0,0> }
	no_shadow
}
sphere {
	0, 1
	scale<0.080000,0.200000,0.300000>
	matrix <0.830747, -0.131086, -0.540995,
		0.526622, 0.499970, 0.687531,
		0.180355, -0.856065, 0.484381,
		26.391809, 35.184788, 35.674366>
	pigment { color rgbt <0,1,1,0> }
	no_shadow
}
cylinder {
	<26.945538, 35.790291, 35.306011>,  <26.265562, 35.784035, 35.335300>, 0.130000
	pigment { color rgbt <1,0,0,0> }
	no_shadow
}

// nucleotide -1

// particle -1
sphere {
	<26.945538, 35.790291, 35.306011> 0.250000
	pigment { color rgbt <1,0,0,0> }
	no_shadow
}
cylinder {
	<26.835997, 35.418308, 35.404140>,  <26.770271, 35.195118, 35.463017>, 0.100000
	pigment { color rgbt <1,0,0,0> }
	no_shadow
}
cylinder {
	<26.835997, 35.418308, 35.404140>,  <26.945538, 35.790291, 35.306011>, 0.100000
	pigment { color rgbt <1,0,0,0> }
	no_shadow
}

// particle -1
sphere {
	<26.835997, 35.418308, 35.404140> 0.100000
	pigment { color rgbt <1,0,0,0> }
	no_shadow
}
sphere {
	0, 1
	scale<0.080000,0.200000,0.300000>
	matrix <0.689918, -0.367664, -0.623568,
		0.670089, -0.001511, 0.742280,
		-0.273852, -0.929958, 0.245325,
		26.753841, 35.139320, 35.477737>
	pigment { color rgbt <0,1,1,0> }
	no_shadow
}
cylinder {
	<27.577398, 35.462250, 35.573051>,  <26.945538, 35.790291, 35.306011>, 0.130000
	pigment { color rgbt <1,0,0,0> }
	no_shadow
}

// nucleotide -1

// particle -1
sphere {
	<27.577398, 35.462250, 35.573051> 0.250000
	pigment { color rgbt <1,0,0,0> }
	no_shadow
}
cylinder {
	<27.326468, 35.176495, 35.449051>,  <27.175909, 35.005039, 35.374649>, 0.100000
	pigment { color rgbt <1,0,0,0> }
	no_shadow
}
cylinder {
	<27.326468, 35.176495, 35.449051>,  <27.577398, 35.462250, 35.573051>, 0.100000
	pigment { color rgbt <1,0,0,0> }
	no_shadow
}

// particle -1
sphere {
	<27.326468, 35.176495, 35.449051> 0.100000
	pigment { color rgbt <1,0,0,0> }
	no_shadow
}
sphere {
	0, 1
	scale<0.080000,0.200000,0.300000>
	matrix <0.741098, -0.425369, -0.519456,
		0.239231, -0.555612, 0.796281,
		-0.627329, -0.714393, -0.310002,
		27.138269, 34.962177, 35.356049>
	pigment { color rgbt <0,1,1,0> }
	no_shadow
}
cylinder {
	<27.883593, 34.883125, 35.764202>,  <27.577398, 35.462250, 35.573051>, 0.130000
	pigment { color rgbt <1,0,0,0> }
	no_shadow
}

// nucleotide -1

// particle -1
sphere {
	<27.883593, 34.883125, 35.764202> 0.250000
	pigment { color rgbt <1,0,0,0> }
	no_shadow
}
cylinder {
	<27.635788, 34.786583, 35.465420>,  <27.487104, 34.728657, 35.286148>, 0.100000
	pigment { color rgbt <1,0,0,0> }
	no_shadow
}
cylinder {
	<27.635788, 34.786583, 35.465420>,  <27.883593, 34.883125, 35.764202>, 0.100000
	pigment { color rgbt <1,0,0,0> }
	no_shadow
}

// particle -1
sphere {
	<27.635788, 34.786583, 35.465420> 0.100000
	pigment { color rgbt <1,0,0,0> }
	no_shadow
}
sphere {
	0, 1
	scale<0.080000,0.200000,0.300000>
	matrix <0.740258, -0.496247, -0.453605,
		-0.261194, -0.833957, 0.486100,
		-0.619513, -0.241361, -0.746960,
		27.449934, 34.714176, 35.241333>
	pigment { color rgbt <0,1,1,0> }
	no_shadow
}
cylinder {
	<28.069265, 34.186974, 35.538372>,  <27.883593, 34.883125, 35.764202>, 0.130000
	pigment { color rgbt <1,0,0,0> }
	no_shadow
}

// nucleotide -1

// particle -1
sphere {
	<28.069265, 34.186974, 35.538372> 0.250000
	pigment { color rgbt <1,0,0,0> }
	no_shadow
}
cylinder {
	<27.836039, 34.298260, 35.233051>,  <27.696102, 34.365032, 35.049858>, 0.100000
	pigment { color rgbt <1,0,0,0> }
	no_shadow
}
cylinder {
	<27.836039, 34.298260, 35.233051>,  <28.069265, 34.186974, 35.538372>, 0.100000
	pigment { color rgbt <1,0,0,0> }
	no_shadow
}

// particle -1
sphere {
	<27.836039, 34.298260, 35.233051> 0.100000
	pigment { color rgbt <1,0,0,0> }
	no_shadow
}
sphere {
	0, 1
	scale<0.080000,0.200000,0.300000>
	matrix <0.467294, -0.653717, -0.595223,
		-0.664584, -0.703741, 0.251151,
		-0.583065, 0.278214, -0.763304,
		27.661119, 34.381725, 35.004059>
	pigment { color rgbt <0,1,1,0> }
	no_shadow
}
cylinder {
	<27.886858, 33.538372, 35.225033>,  <28.069265, 34.186974, 35.538372>, 0.130000
	pigment { color rgbt <1,0,0,0> }
	no_shadow
}

// nucleotide -1

// particle -1
sphere {
	<27.886858, 33.538372, 35.225033> 0.250000
	pigment { color rgbt <1,0,0,0> }
	no_shadow
}
cylinder {
	<27.799355, 33.807503, 34.942345>,  <27.746853, 33.968979, 34.772732>, 0.100000
	pigment { color rgbt <1,0,0,0> }
	no_shadow
}
cylinder {
	<27.799355, 33.807503, 34.942345>,  <27.886858, 33.538372, 35.225033>, 0.100000
	pigment { color rgbt <1,0,0,0> }
	no_shadow
}

// particle -1
sphere {
	<27.799355, 33.807503, 34.942345> 0.100000
	pigment { color rgbt <1,0,0,0> }
	no_shadow
}
sphere {
	0, 1
	scale<0.080000,0.200000,0.300000>
	matrix <0.371281, -0.612392, -0.697944,
		-0.902384, -0.415071, -0.115842,
		-0.218756, 0.672823, -0.706721,
		27.733728, 34.009350, 34.730328>
	pigment { color rgbt <0,1,1,0> }
	no_shadow
}
cylinder {
	<27.397924, 33.258213, 34.700947>,  <27.886858, 33.538372, 35.225033>, 0.130000
	pigment { color rgbt <1,0,0,0> }
	no_shadow
}

// nucleotide -1

// particle -1
sphere {
	<27.397924, 33.258213, 34.700947> 0.250000
	pigment { color rgbt <1,0,0,0> }
	no_shadow
}
cylinder {
	<27.607445, 33.552395, 34.529022>,  <27.733156, 33.728905, 34.425865>, 0.100000
	pigment { color rgbt <1,0,0,0> }
	no_shadow
}
cylinder {
	<27.607445, 33.552395, 34.529022>,  <27.397924, 33.258213, 34.700947>, 0.100000
	pigment { color rgbt <1,0,0,0> }
	no_shadow
}

// particle -1
sphere {
	<27.607445, 33.552395, 34.529022> 0.100000
	pigment { color rgbt <1,0,0,0> }
	no_shadow
}
sphere {
	0, 1
	scale<0.080000,0.200000,0.300000>
	matrix <0.415263, -0.661014, -0.624994,
		-0.743767, 0.148887, -0.651646,
		0.523801, 0.735454, -0.429813,
		27.764585, 33.773029, 34.400078>
	pigment { color rgbt <0,1,1,0> }
	no_shadow
}
cylinder {
	<27.419060, 33.111797, 34.054733>,  <27.397924, 33.258213, 34.700947>, 0.130000
	pigment { color rgbt <1,0,0,0> }
	no_shadow
}

// nucleotide -1

// particle -1
sphere {
	<27.419060, 33.111797, 34.054733> 0.250000
	pigment { color rgbt <1,0,0,0> }
	no_shadow
}
cylinder {
	<27.716225, 33.379509, 34.049957>,  <27.894524, 33.540134, 34.047092>, 0.100000
	pigment { color rgbt <1,0,0,0> }
	no_shadow
}
cylinder {
	<27.716225, 33.379509, 34.049957>,  <27.419060, 33.111797, 34.054733>, 0.100000
	pigment { color rgbt <1,0,0,0> }
	no_shadow
}

// particle -1
sphere {
	<27.716225, 33.379509, 34.049957> 0.100000
	pigment { color rgbt <1,0,0,0> }
	no_shadow
}
sphere {
	0, 1
	scale<0.080000,0.200000,0.300000>
	matrix <0.496655, -0.563082, -0.660509,
		-0.448790, 0.484770, -0.750723,
		0.742914, 0.669280, -0.011942,
		27.939098, 33.580292, 34.046375>
	pigment { color rgbt <0,1,1,0> }
	no_shadow
}
cylinder {
	<27.436378, 33.355190, 33.391823>,  <27.419060, 33.111797, 34.054733>, 0.130000
	pigment { color rgbt <1,0,0,0> }
	no_shadow
}

// nucleotide -1

// particle -1
sphere {
	<27.436378, 33.355190, 33.391823> 0.250000
	pigment { color rgbt <1,0,0,0> }
	no_shadow
}
cylinder {
	<27.791956, 33.460770, 33.541546>,  <28.005302, 33.524117, 33.631378>, 0.100000
	pigment { color rgbt <1,0,0,0> }
	no_shadow
}
cylinder {
	<27.791956, 33.460770, 33.541546>,  <27.436378, 33.355190, 33.391823>, 0.100000
	pigment { color rgbt <1,0,0,0> }
	no_shadow
}

// particle -1
sphere {
	<27.791956, 33.460770, 33.541546> 0.100000
	pigment { color rgbt <1,0,0,0> }
	no_shadow
}
sphere {
	0, 1
	scale<0.080000,0.200000,0.300000>
	matrix <0.428139, -0.188559, -0.883823,
		-0.162705, 0.945926, -0.280626,
		0.888946, 0.263949, 0.374308,
		28.058640, 33.539955, 33.653839>
	pigment { color rgbt <0,1,1,0> }
	no_shadow
}
cylinder {
	<27.698877, 33.864471, 32.893963>,  <27.436378, 33.355190, 33.391823>, 0.130000
	pigment { color rgbt <1,0,0,0> }
	no_shadow
}

// nucleotide -1

// particle -1
sphere {
	<27.698877, 33.864471, 32.893963> 0.250000
	pigment { color rgbt <1,0,0,0> }
	no_shadow
}
cylinder {
	<27.991386, 33.674149, 33.089451>,  <28.166893, 33.559956, 33.206741>, 0.100000
	pigment { color rgbt <1,0,0,0> }
	no_shadow
}
cylinder {
	<27.991386, 33.674149, 33.089451>,  <27.698877, 33.864471, 32.893963>, 0.100000
	pigment { color rgbt <1,0,0,0> }
	no_shadow
}

// particle -1
sphere {
	<27.991386, 33.674149, 33.089451> 0.100000
	pigment { color rgbt <1,0,0,0> }
	no_shadow
}
sphere {
	0, 1
	scale<0.080000,0.200000,0.300000>
	matrix <0.305298, -0.412397, -0.858325,
		0.609944, 0.776875, -0.156312,
		0.731274, -0.475808, 0.488717,
		28.210768, 33.531406, 33.236065>
	pigment { color rgbt <0,1,1,0> }
	no_shadow
}
cylinder {
	<28.201126, 33.746109, 32.358379>,  <27.698877, 33.864471, 32.893963>, 0.130000
	pigment { color rgbt <1,0,0,0> }
	no_shadow
}

// nucleotide -1

// particle -1
sphere {
	<28.201126, 33.746109, 32.358379> 0.250000
	pigment { color rgbt <1,0,0,0> }
	no_shadow
}
cylinder {
	<28.371256, 33.507050, 32.630234>,  <28.473335, 33.363613, 32.793346>, 0.100000
	pigment { color rgbt <1,0,0,0> }
	no_shadow
}
cylinder {
	<28.371256, 33.507050, 32.630234>,  <28.201126, 33.746109, 32.358379>, 0.100000
	pigment { color rgbt <1,0,0,0> }
	no_shadow
}

// particle -1
sphere {
	<28.371256, 33.507050, 32.630234> 0.100000
	pigment { color rgbt <1,0,0,0> }
	no_shadow
}
sphere {
	0, 1
	scale<0.080000,0.200000,0.300000>
	matrix <0.498330, -0.472210, -0.727107,
		0.755489, 0.647943, 0.096984,
		0.425327, -0.597652, 0.679639,
		28.498854, 33.327755, 32.834126>
	pigment { color rgbt <0,1,1,0> }
	no_shadow
}
cylinder {
	<28.966703, 33.791119, 32.205151>,  <28.201126, 33.746109, 32.358379>, 0.130000
	pigment { color rgbt <1,0,0,0> }
	no_shadow
}

// nucleotide -1

// particle -1
sphere {
	<28.966703, 33.791119, 32.205151> 0.250000
	pigment { color rgbt <1,0,0,0> }
	no_shadow
}
cylinder {
	<28.922981, 33.461796, 32.427940>,  <28.896748, 33.264202, 32.561615>, 0.100000
	pigment { color rgbt <1,0,0,0> }
	no_shadow
}
cylinder {
	<28.922981, 33.461796, 32.427940>,  <28.966703, 33.791119, 32.205151>, 0.100000
	pigment { color rgbt <1,0,0,0> }
	no_shadow
}

// particle -1
sphere {
	<28.922981, 33.461796, 32.427940> 0.100000
	pigment { color rgbt <1,0,0,0> }
	no_shadow
}
sphere {
	0, 1
	scale<0.080000,0.200000,0.300000>
	matrix <0.678656, -0.471225, -0.563359,
		0.726277, 0.316418, 0.610247,
		-0.109307, -0.823302, 0.556979,
		28.890188, 33.214806, 32.595036>
	pigment { color rgbt <0,1,1,0> }
	no_shadow
}
cylinder {
	<29.617617, 33.666908, 32.497265>,  <28.966703, 33.791119, 32.205151>, 0.130000
	pigment { color rgbt <1,0,0,0> }
	no_shadow
}

// nucleotide -1

// particle -1
sphere {
	<29.617617, 33.666908, 32.497265> 0.250000
	pigment { color rgbt <1,0,0,0> }
	no_shadow
}
cylinder {
	<29.399549, 33.331966, 32.481121>,  <29.268709, 33.131001, 32.471436>, 0.100000
	pigment { color rgbt <1,0,0,0> }
	no_shadow
}
cylinder {
	<29.399549, 33.331966, 32.481121>,  <29.617617, 33.666908, 32.497265>, 0.100000
	pigment { color rgbt <1,0,0,0> }
	no_shadow
}

// particle -1
sphere {
	<29.399549, 33.331966, 32.481121> 0.100000
	pigment { color rgbt <1,0,0,0> }
	no_shadow
}
sphere {
	0, 1
	scale<0.080000,0.200000,0.300000>
	matrix <0.741900, -0.459482, -0.488324,
		0.390356, -0.296162, 0.871728,
		-0.545167, -0.837355, -0.040361,
		29.236000, 33.080761, 32.469013>
	pigment { color rgbt <0,1,1,0> }
	no_shadow
}
cylinder {
	<30.016947, 33.155308, 32.572445>,  <29.617617, 33.666908, 32.497265>, 0.130000
	pigment { color rgbt <1,0,0,0> }
	no_shadow
}

// nucleotide -1

// particle -1
sphere {
	<30.016947, 33.155308, 32.572445> 0.250000
	pigment { color rgbt <1,0,0,0> }
	no_shadow
}
cylinder {
	<29.718822, 32.944199, 32.409489>,  <29.539948, 32.817532, 32.311714>, 0.100000
	pigment { color rgbt <1,0,0,0> }
	no_shadow
}
cylinder {
	<29.718822, 32.944199, 32.409489>,  <30.016947, 33.155308, 32.572445>, 0.100000
	pigment { color rgbt <1,0,0,0> }
	no_shadow
}

// particle -1
sphere {
	<29.718822, 32.944199, 32.409489> 0.100000
	pigment { color rgbt <1,0,0,0> }
	no_shadow
}
sphere {
	0, 1
	scale<0.080000,0.200000,0.300000>
	matrix <0.665360, -0.549831, -0.504957,
		0.042506, -0.647413, 0.760954,
		-0.745311, -0.527772, -0.407392,
		29.495230, 32.785866, 32.287270>
	pigment { color rgbt <0,1,1,0> }
	no_shadow
}
cylinder {
	<30.322851, 32.476101, 32.365665>,  <30.016947, 33.155308, 32.572445>, 0.130000
	pigment { color rgbt <1,0,0,0> }
	no_shadow
}

// nucleotide -1

// particle -1
sphere {
	<30.322851, 32.476101, 32.365665> 0.250000
	pigment { color rgbt <1,0,0,0> }
	no_shadow
}
cylinder {
	<29.984280, 32.506348, 32.154823>,  <29.781136, 32.524498, 32.028320>, 0.100000
	pigment { color rgbt <1,0,0,0> }
	no_shadow
}
cylinder {
	<29.984280, 32.506348, 32.154823>,  <30.322851, 32.476101, 32.365665>, 0.100000
	pigment { color rgbt <1,0,0,0> }
	no_shadow
}

// particle -1
sphere {
	<29.984280, 32.506348, 32.154823> 0.100000
	pigment { color rgbt <1,0,0,0> }
	no_shadow
}
sphere {
	0, 1
	scale<0.080000,0.200000,0.300000>
	matrix <0.468164, -0.365979, -0.804290,
		-0.253727, -0.927546, 0.274374,
		-0.846431, 0.075618, -0.527102,
		29.730350, 32.529034, 31.996693>
	pigment { color rgbt <0,1,1,0> }
	no_shadow
}
cylinder {
	<30.331968, 31.913000, 31.957216>,  <30.322851, 32.476101, 32.365665>, 0.130000
	pigment { color rgbt <1,0,0,0> }
	no_shadow
}

// nucleotide -1

// particle -1
sphere {
	<30.331968, 31.913000, 31.957216> 0.250000
	pigment { color rgbt <1,0,0,0> }
	no_shadow
}
cylinder {
	<30.079660, 32.169231, 31.782043>,  <29.928276, 32.322971, 31.676939>, 0.100000
	pigment { color rgbt <1,0,0,0> }
	no_shadow
}
cylinder {
	<30.079660, 32.169231, 31.782043>,  <30.331968, 31.913000, 31.957216>, 0.100000
	pigment { color rgbt <1,0,0,0> }
	no_shadow
}

// particle -1
sphere {
	<30.079660, 32.169231, 31.782043> 0.100000
	pigment { color rgbt <1,0,0,0> }
	no_shadow
}
sphere {
	0, 1
	scale<0.080000,0.200000,0.300000>
	matrix <0.379186, -0.237945, -0.894203,
		-0.677014, -0.730095, -0.092810,
		-0.630770, 0.640580, -0.437934,
		29.890429, 32.361404, 31.650663>
	pigment { color rgbt <0,1,1,0> }
	no_shadow
}
cylinder {
	<30.292883, 31.528385, 31.368649>,  <30.331968, 31.913000, 31.957216>, 0.130000
	pigment { color rgbt <1,0,0,0> }
	no_shadow
}

// nucleotide -1

// particle -1
sphere {
	<30.292883, 31.528385, 31.368649> 0.250000
	pigment { color rgbt <1,0,0,0> }
	no_shadow
}
cylinder {
	<30.107096, 31.869196, 31.272055>,  <29.995623, 32.073685, 31.214098>, 0.100000
	pigment { color rgbt <1,0,0,0> }
	no_shadow
}
cylinder {
	<30.107096, 31.869196, 31.272055>,  <30.292883, 31.528385, 31.368649>, 0.100000
	pigment { color rgbt <1,0,0,0> }
	no_shadow
}

// particle -1
sphere {
	<30.107096, 31.869196, 31.272055> 0.100000
	pigment { color rgbt <1,0,0,0> }
	no_shadow
}
sphere {
	0, 1
	scale<0.080000,0.200000,0.300000>
	matrix <0.352352, -0.072372, -0.933065,
		-0.812475, -0.518468, -0.266600,
		-0.464470, 0.852028, -0.241484,
		29.967754, 32.124805, 31.199610>
	pigment { color rgbt <0,1,1,0> }
	no_shadow
}
cylinder {
	<29.728710, 31.417040, 30.885546>,  <30.292883, 31.528385, 31.368649>, 0.130000
	pigment { color rgbt <1,0,0,0> }
	no_shadow
}

// nucleotide -1

// particle -1
sphere {
	<29.728710, 31.417040, 30.885546> 0.250000
	pigment { color rgbt <1,0,0,0> }
	no_shadow
}
cylinder {
	<29.821941, 31.798603, 30.809929>,  <29.877880, 32.027542, 30.764559>, 0.100000
	pigment { color rgbt <1,0,0,0> }
	no_shadow
}
cylinder {
	<29.821941, 31.798603, 30.809929>,  <29.728710, 31.417040, 30.885546>, 0.100000
	pigment { color rgbt <1,0,0,0> }
	no_shadow
}

// particle -1
sphere {
	<29.821941, 31.798603, 30.809929> 0.100000
	pigment { color rgbt <1,0,0,0> }
	no_shadow
}
sphere {
	0, 1
	scale<0.080000,0.200000,0.300000>
	matrix <0.259383, -0.248335, -0.933301,
		-0.937228, 0.168496, -0.305309,
		0.233076, 0.953907, -0.189041,
		29.891865, 32.084774, 30.753216>
	pigment { color rgbt <0,1,1,0> }
	no_shadow
}
cylinder {
	<29.431425, 31.705849, 30.258047>,  <29.728710, 31.417040, 30.885546>, 0.130000
	pigment { color rgbt <1,0,0,0> }
	no_shadow
}

// nucleotide -1

// particle -1
sphere {
	<29.431425, 31.705849, 30.258047> 0.250000
	pigment { color rgbt <1,0,0,0> }
	no_shadow
}
cylinder {
	<29.740812, 31.950735, 30.323698>,  <29.926445, 32.097668, 30.363089>, 0.100000
	pigment { color rgbt <1,0,0,0> }
	no_shadow
}
cylinder {
	<29.740812, 31.950735, 30.323698>,  <29.431425, 31.705849, 30.258047>, 0.100000
	pigment { color rgbt <1,0,0,0> }
	no_shadow
}

// particle -1
sphere {
	<29.740812, 31.950735, 30.323698> 0.100000
	pigment { color rgbt <1,0,0,0> }
	no_shadow
}
sphere {
	0, 1
	scale<0.080000,0.200000,0.300000>
	matrix <0.335210, -0.175335, -0.925685,
		-0.537939, 0.771007, -0.340836,
		0.773470, 0.612214, 0.164130,
		29.972853, 32.134399, 30.372936>
	pigment { color rgbt <0,1,1,0> }
	no_shadow
}
cylinder {
	<28.797728, 31.331940, 30.578278>,  <29.431425, 31.705849, 30.258047>, 0.130000
	pigment { color rgbt <1,0,0,0> }
	no_shadow
}

// nucleotide -1

// particle -1
sphere {
	<28.797728, 31.331940, 30.578278> 0.250000
	pigment { color rgbt <1,0,0,0> }
	no_shadow
}
cylinder {
	<28.683828, 31.001205, 30.384264>,  <28.615488, 30.802765, 30.267855>, 0.100000
	pigment { color rgbt <1,0,0,0> }
	no_shadow
}
cylinder {
	<28.683828, 31.001205, 30.384264>,  <28.797728, 31.331940, 30.578278>, 0.100000
	pigment { color rgbt <1,0,0,0> }
	no_shadow
}

// particle -1
sphere {
	<28.683828, 31.001205, 30.384264> 0.100000
	pigment { color rgbt <1,0,0,0> }
	no_shadow
}
sphere {
	0, 1
	scale<0.080000,0.200000,0.300000>
	matrix <0.228473, -0.549940, 0.803347,
		-0.930977, 0.117936, 0.345505,
		-0.284750, -0.826836, -0.485036,
		28.598404, 30.753155, 30.238752>
	pigment { color rgbt <0,1,1,0> }
	no_shadow
}
cylinder {
	<28.235106, 30.993294, 30.880899>,  <28.797728, 31.331940, 30.578278>, 0.130000
	pigment { color rgbt <1,0,0,0> }
	no_shadow
}

// nucleotide -1

// particle -1
sphere {
	<28.235106, 30.993294, 30.880899> 0.250000
	pigment { color rgbt <1,0,0,0> }
	no_shadow
}
cylinder {
	<28.512959, 30.772097, 30.696861>,  <28.679670, 30.639380, 30.586439>, 0.100000
	pigment { color rgbt <1,0,0,0> }
	no_shadow
}
cylinder {
	<28.512959, 30.772097, 30.696861>,  <28.235106, 30.993294, 30.880899>, 0.100000
	pigment { color rgbt <1,0,0,0> }
	no_shadow
}

// particle -1
sphere {
	<28.512959, 30.772097, 30.696861> 0.100000
	pigment { color rgbt <1,0,0,0> }
	no_shadow
}
sphere {
	0, 1
	scale<0.080000,0.200000,0.300000>
	matrix <0.264788, -0.398130, 0.878282,
		-0.668860, -0.731910, -0.130128,
		0.694632, -0.552992, -0.460094,
		28.721348, 30.606199, 30.558832>
	pigment { color rgbt <0,1,1,0> }
	no_shadow
}
cylinder {
	<28.100201, 30.272243, 30.686714>,  <28.235106, 30.993294, 30.880899>, 0.130000
	pigment { color rgbt <1,0,0,0> }
	no_shadow
}

// nucleotide -1

// particle -1
sphere {
	<28.100201, 30.272243, 30.686714> 0.250000
	pigment { color rgbt <1,0,0,0> }
	no_shadow
}
cylinder {
	<28.487352, 30.318449, 30.776037>,  <28.719643, 30.346172, 30.829632>, 0.100000
	pigment { color rgbt <1,0,0,0> }
	no_shadow
}
cylinder {
	<28.487352, 30.318449, 30.776037>,  <28.100201, 30.272243, 30.686714>, 0.100000
	pigment { color rgbt <1,0,0,0> }
	no_shadow
}

// particle -1
sphere {
	<28.487352, 30.318449, 30.776037> 0.100000
	pigment { color rgbt <1,0,0,0> }
	no_shadow
}
sphere {
	0, 1
	scale<0.080000,0.200000,0.300000>
	matrix <-0.153291, -0.432878, 0.888323,
		0.199280, -0.894021, -0.401266,
		0.967879, 0.115515, 0.223310,
		28.777716, 30.353104, 30.843029>
	pigment { color rgbt <0,1,1,0> }
	no_shadow
}
cylinder {
	<28.539658, 29.536610, 30.797825>,  <28.100201, 30.272243, 30.686714>, 0.130000
	pigment { color rgbt <1,0,0,0> }
	no_shadow
}

// nucleotide -1

// particle -1
sphere {
	<28.539658, 29.536610, 30.797825> 0.250000
	pigment { color rgbt <1,0,0,0> }
	no_shadow
}
cylinder {
	<28.633995, 29.873396, 30.991926>,  <28.690598, 30.075468, 31.108387>, 0.100000
	pigment { color rgbt <1,0,0,0> }
	no_shadow
}
cylinder {
	<28.633995, 29.873396, 30.991926>,  <28.539658, 29.536610, 30.797825>, 0.100000
	pigment { color rgbt <1,0,0,0> }
	no_shadow
}

// particle -1
sphere {
	<28.633995, 29.873396, 30.991926> 0.100000
	pigment { color rgbt <1,0,0,0> }
	no_shadow
}
sphere {
	0, 1
	scale<0.080000,0.200000,0.300000>
	matrix <-0.238602, -0.433884, 0.868800,
		0.942044, -0.320685, 0.098565,
		0.235845, 0.841965, 0.485254,
		28.704748, 30.125986, 31.137503>
	pigment { color rgbt <0,1,1,0> }
	no_shadow
}
cylinder {
	<27.896646, 29.239456, 30.632015>,  <28.539658, 29.536610, 30.797825>, 0.130000
	pigment { color rgbt <1,0,0,0> }
	no_shadow
}

// nucleotide -1

// particle -1
sphere {
	<27.896646, 29.239456, 30.632015> 0.250000
	pigment { color rgbt <1,0,0,0> }
	no_shadow
}
cylinder {
	<27.595812, 29.036243, 30.799955>,  <27.415312, 28.914316, 30.900719>, 0.100000
	pigment { color rgbt <1,0,0,0> }
	no_shadow
}
cylinder {
	<27.595812, 29.036243, 30.799955>,  <27.896646, 29.239456, 30.632015>, 0.100000
	pigment { color rgbt <1,0,0,0> }
	no_shadow
}

// particle -1
sphere {
	<27.595812, 29.036243, 30.799955> 0.100000
	pigment { color rgbt <1,0,0,0> }
	no_shadow
}
sphere {
	0, 1
	scale<0.080000,0.200000,0.300000>
	matrix <0.162950, -0.760595, -0.628445,
		0.638604, -0.404230, 0.654815,
		-0.752085, -0.508030, 0.419850,
		27.370186, 28.883835, 30.925911>
	pigment { color rgbt <0,1,1,0> }
	no_shadow
}
cylinder {
	<28.187952, 28.632687, 30.759192>,  <27.896646, 29.239456, 30.632015>, 0.130000
	pigment { color rgbt <1,0,0,0> }
	no_shadow
}

// nucleotide -1

// particle -1
sphere {
	<28.187952, 28.632687, 30.759192> 0.250000
	pigment { color rgbt <1,0,0,0> }
	no_shadow
}
cylinder {
	<27.791018, 28.636967, 30.709957>,  <27.552856, 28.639534, 30.680416>, 0.100000
	pigment { color rgbt <1,0,0,0> }
	no_shadow
}
cylinder {
	<27.791018, 28.636967, 30.709957>,  <28.187952, 28.632687, 30.759192>, 0.100000
	pigment { color rgbt <1,0,0,0> }
	no_shadow
}

// particle -1
sphere {
	<27.791018, 28.636967, 30.709957> 0.100000
	pigment { color rgbt <1,0,0,0> }
	no_shadow
}
sphere {
	0, 1
	scale<0.080000,0.200000,0.300000>
	matrix <0.054138, -0.857856, -0.511031,
		-0.111057, -0.513779, 0.850704,
		-0.992338, 0.010699, -0.123086,
		27.493317, 28.640177, 30.673031>
	pigment { color rgbt <0,1,1,0> }
	no_shadow
}
cylinder {
	<28.258812, 27.820829, 30.712212>,  <28.187952, 28.632687, 30.759192>, 0.130000
	pigment { color rgbt <1,0,0,0> }
	no_shadow
}

// nucleotide -1

// particle -1
sphere {
	<28.258812, 27.820829, 30.712212> 0.250000
	pigment { color rgbt <1,0,0,0> }
	no_shadow
}
cylinder {
	<28.385916, 27.977739, 31.057501>,  <28.462177, 28.071884, 31.264673>, 0.100000
	pigment { color rgbt <1,0,0,0> }
	no_shadow
}
cylinder {
	<28.385916, 27.977739, 31.057501>,  <28.258812, 27.820829, 30.712212>, 0.100000
	pigment { color rgbt <1,0,0,0> }
	no_shadow
}

// particle -1
sphere {
	<28.385916, 27.977739, 31.057501> 0.100000
	pigment { color rgbt <1,0,0,0> }
	no_shadow
}
sphere {
	0, 1
	scale<0.080000,0.200000,0.300000>
	matrix <-0.812051, 0.582585, 0.034179,
		-0.489493, -0.711840, 0.503667,
		0.317759, 0.392273, 0.863222,
		28.481243, 28.095421, 31.316467>
	pigment { color rgbt <0,1,1,0> }
	no_shadow
}
cylinder {
	<27.797157, 27.682232, 31.312490>,  <28.258812, 27.820829, 30.712212>, 0.130000
	pigment { color rgbt <1,0,0,0> }
	no_shadow
}

// nucleotide -1

// particle -1
sphere {
	<27.797157, 27.682232, 31.312490> 0.250000
	pigment { color rgbt <1,0,0,0> }
	no_shadow
}
cylinder {
	<27.995123, 28.028866, 31.338076>,  <28.113903, 28.236847, 31.353426>, 0.100000
	pigment { color rgbt <1,0,0,0> }
	no_shadow
}
cylinder {
	<27.995123, 28.028866, 31.338076>,  <27.797157, 27.682232, 31.312490>, 0.100000
	pigment { color rgbt <1,0,0,0> }
	no_shadow
}

// particle -1
sphere {
	<27.995123, 28.028866, 31.338076> 0.100000
	pigment { color rgbt <1,0,0,0> }
	no_shadow
}
sphere {
	0, 1
	scale<0.080000,0.200000,0.300000>
	matrix <-0.859549, 0.477442, 0.182278,
		0.127421, -0.145192, 0.981164,
		0.494914, 0.866584, 0.063964,
		28.143597, 28.288841, 31.357265>
	pigment { color rgbt <0,1,1,0> }
	no_shadow
}
cylinder {
	<27.831732, 27.922068, 32.006405>,  <27.797157, 27.682232, 31.312490>, 0.130000
	pigment { color rgbt <1,0,0,0> }
	no_shadow
}

// nucleotide -1

// particle -1
sphere {
	<27.831732, 27.922068, 32.006405> 0.250000
	pigment { color rgbt <1,0,0,0> }
	no_shadow
}
cylinder {
	<27.802835, 28.186941, 31.708063>,  <27.785498, 28.345865, 31.529058>, 0.100000
	pigment { color rgbt <1,0,0,0> }
	no_shadow
}
cylinder {
	<27.802835, 28.186941, 31.708063>,  <27.831732, 27.922068, 32.006405>, 0.100000
	pigment { color rgbt <1,0,0,0> }
	no_shadow
}

// particle -1
sphere {
	<27.802835, 28.186941, 31.708063> 0.100000
	pigment { color rgbt <1,0,0,0> }
	no_shadow
}
sphere {
	0, 1
	scale<0.080000,0.200000,0.300000>
	matrix <-0.938808, 0.207362, 0.275028,
		0.336780, 0.720081, 0.606682,
		-0.072240, 0.662182, -0.745853,
		27.781164, 28.385595, 31.484308>
	pigment { color rgbt <0,1,1,0> }
	no_shadow
}
cylinder {
	<27.299463, 27.561087, 32.479771>,  <27.831732, 27.922068, 32.006405>, 0.130000
	pigment { color rgbt <1,0,0,0> }
	no_shadow
}

// nucleotide -1

// particle -1
sphere {
	<27.299463, 27.561087, 32.479771> 0.250000
	pigment { color rgbt <1,0,0,0> }
	no_shadow
}
cylinder {
	<27.157627, 27.188036, 32.506531>,  <27.072525, 26.964205, 32.522587>, 0.100000
	pigment { color rgbt <1,0,0,0> }
	no_shadow
}
cylinder {
	<27.157627, 27.188036, 32.506531>,  <27.299463, 27.561087, 32.479771>, 0.100000
	pigment { color rgbt <1,0,0,0> }
	no_shadow
}

// particle -1
sphere {
	<27.157627, 27.188036, 32.506531> 0.100000
	pigment { color rgbt <1,0,0,0> }
	no_shadow
}
sphere {
	0, 1
	scale<0.080000,0.200000,0.300000>
	matrix <-0.765216, 0.248331, -0.593949,
		0.537319, -0.261802, -0.801716,
		-0.354588, -0.932626, 0.066902,
		27.051250, 26.908249, 32.526600>
	pigment { color rgbt <0,1,1,0> }
	no_shadow
}
cylinder {
	<27.725494, 27.821064, 33.000912>,  <27.299463, 27.561087, 32.479771>, 0.130000
	pigment { color rgbt <1,0,0,0> }
	no_shadow
}

// nucleotide -1

// particle -1
sphere {
	<27.725494, 27.821064, 33.000912> 0.250000
	pigment { color rgbt <1,0,0,0> }
	no_shadow
}
cylinder {
	<27.424829, 28.083683, 32.975769>,  <27.244431, 28.241255, 32.960682>, 0.100000
	pigment { color rgbt <1,0,0,0> }
	no_shadow
}
cylinder {
	<27.424829, 28.083683, 32.975769>,  <27.725494, 27.821064, 33.000912>, 0.100000
	pigment { color rgbt <1,0,0,0> }
	no_shadow
}

// particle -1
sphere {
	<27.424829, 28.083683, 32.975769> 0.100000
	pigment { color rgbt <1,0,0,0> }
	no_shadow
}
sphere {
	0, 1
	scale<0.080000,0.200000,0.300000>
	matrix <0.589234, 0.711288, 0.383239,
		0.296325, 0.251027, -0.921508,
		-0.751661, 0.656547, -0.062859,
		27.199331, 28.280647, 32.956913>
	pigment { color rgbt <0,1,1,0> }
	no_shadow
}
cylinder {
	<28.047920, 28.418953, 32.804092>,  <27.725494, 27.821064, 33.000912>, 0.130000
	pigment { color rgbt <1,0,0,0> }
	no_shadow
}

// nucleotide -1

// particle -1
sphere {
	<28.047920, 28.418953, 32.804092> 0.250000
	pigment { color rgbt <1,0,0,0> }
	no_shadow
}
cylinder {
	<27.692741, 28.534496, 32.947262>,  <27.479633, 28.603823, 33.033165>, 0.100000
	pigment { color rgbt <1,0,0,0> }
	no_shadow
}
cylinder {
	<27.692741, 28.534496, 32.947262>,  <28.047920, 28.418953, 32.804092>, 0.100000
	pigment { color rgbt <1,0,0,0> }
	no_shadow
}

// particle -1
sphere {
	<27.692741, 28.534496, 32.947262> 0.100000
	pigment { color rgbt <1,0,0,0> }
	no_shadow
}
sphere {
	0, 1
	scale<0.080000,0.200000,0.300000>
	matrix <0.454336, 0.672021, 0.584779,
		-0.071613, 0.681870, -0.727959,
		-0.887947, 0.288860, 0.357924,
		27.426357, 28.621155, 33.054638>
	pigment { color rgbt <0,1,1,0> }
	no_shadow
}
cylinder {
	<27.954987, 29.131166, 32.687149>,  <28.047920, 28.418953, 32.804092>, 0.130000
	pigment { color rgbt <1,0,0,0> }
	no_shadow
}

// nucleotide -1

// particle -1
sphere {
	<27.954987, 29.131166, 32.687149> 0.250000
	pigment { color rgbt <1,0,0,0> }
	no_shadow
}
cylinder {
	<27.727301, 29.042761, 33.003922>,  <27.590689, 28.989717, 33.193985>, 0.100000
	pigment { color rgbt <1,0,0,0> }
	no_shadow
}
cylinder {
	<27.727301, 29.042761, 33.003922>,  <27.954987, 29.131166, 32.687149>, 0.100000
	pigment { color rgbt <1,0,0,0> }
	no_shadow
}

// particle -1
sphere {
	<27.727301, 29.042761, 33.003922> 0.100000
	pigment { color rgbt <1,0,0,0> }
	no_shadow
}
sphere {
	0, 1
	scale<0.080000,0.200000,0.300000>
	matrix <0.415571, 0.753760, 0.509064,
		-0.709435, 0.618868, -0.337202,
		-0.569213, -0.221016, 0.791928,
		27.556538, 28.976456, 33.241501>
	pigment { color rgbt <0,1,1,0> }
	no_shadow
}
cylinder {
	<27.896603, 29.787460, 32.959953>,  <27.954987, 29.131166, 32.687149>, 0.130000
	pigment { color rgbt <1,0,0,0> }
	no_shadow
}

// nucleotide -1

// particle -1
sphere {
	<27.896603, 29.787460, 32.959953> 0.250000
	pigment { color rgbt <1,0,0,0> }
	no_shadow
}
cylinder {
	<27.758036, 29.549267, 33.249889>,  <27.674896, 29.406351, 33.423851>, 0.100000
	pigment { color rgbt <1,0,0,0> }
	no_shadow
}
cylinder {
	<27.758036, 29.549267, 33.249889>,  <27.896603, 29.787460, 32.959953>, 0.100000
	pigment { color rgbt <1,0,0,0> }
	no_shadow
}

// particle -1
sphere {
	<27.758036, 29.549267, 33.249889> 0.100000
	pigment { color rgbt <1,0,0,0> }
	no_shadow
}
sphere {
	0, 1
	scale<0.080000,0.200000,0.300000>
	matrix <0.204157, 0.706307, 0.677828,
		-0.915595, 0.382793, -0.123104,
		-0.346417, -0.595483, 0.724841,
		27.654110, 29.370623, 33.467342>
	pigment { color rgbt <0,1,1,0> }
	no_shadow
}
cylinder {
	<27.299120, 30.115948, 33.356388>,  <27.896603, 29.787460, 32.959953>, 0.130000
	pigment { color rgbt <1,0,0,0> }
	no_shadow
}

// nucleotide -1

// particle -1
sphere {
	<27.299120, 30.115948, 33.356388> 0.250000
	pigment { color rgbt <1,0,0,0> }
	no_shadow
}
cylinder {
	<27.511028, 29.857489, 33.576149>,  <27.638172, 29.702414, 33.708004>, 0.100000
	pigment { color rgbt <1,0,0,0> }
	no_shadow
}
cylinder {
	<27.511028, 29.857489, 33.576149>,  <27.299120, 30.115948, 33.356388>, 0.100000
	pigment { color rgbt <1,0,0,0> }
	no_shadow
}

// particle -1
sphere {
	<27.511028, 29.857489, 33.576149> 0.100000
	pigment { color rgbt <1,0,0,0> }
	no_shadow
}
sphere {
	0, 1
	scale<0.080000,0.200000,0.300000>
	matrix <0.187018, 0.720819, 0.667416,
		-0.827266, -0.250829, 0.502708,
		0.529769, -0.646146, 0.549399,
		27.669960, 29.663645, 33.740971>
	pigment { color rgbt <0,1,1,0> }
	no_shadow
}
cylinder {
	<27.166403, 30.402405, 33.959045>,  <27.299120, 30.115948, 33.356388>, 0.130000
	pigment { color rgbt <1,0,0,0> }
	no_shadow
}

// nucleotide -1

// particle -1
sphere {
	<27.166403, 30.402405, 33.959045> 0.250000
	pigment { color rgbt <1,0,0,0> }
	no_shadow
}
cylinder {
	<27.465960, 30.142210, 34.009686>,  <27.645693, 29.986094, 34.040070>, 0.100000
	pigment { color rgbt <1,0,0,0> }
	no_shadow
}
cylinder {
	<27.465960, 30.142210, 34.009686>,  <27.166403, 30.402405, 33.959045>, 0.100000
	pigment { color rgbt <1,0,0,0> }
	no_shadow
}

// particle -1
sphere {
	<27.465960, 30.142210, 34.009686> 0.100000
	pigment { color rgbt <1,0,0,0> }
	no_shadow
}
sphere {
	0, 1
	scale<0.080000,0.200000,0.300000>
	matrix <0.354337, 0.554492, 0.752983,
		-0.560006, -0.519043, 0.645746,
		0.748892, -0.650486, 0.126603,
		27.690628, 29.947063, 34.047665>
	pigment { color rgbt <0,1,1,0> }
	no_shadow
}
cylinder {
	<27.134706, 30.272070, 34.675117>,  <27.166403, 30.402405, 33.959045>, 0.130000
	pigment { color rgbt <1,0,0,0> }
	no_shadow
}

// nucleotide -1

// particle -1
sphere {
	<27.134706, 30.272070, 34.675117> 0.250000
	pigment { color rgbt <1,0,0,0> }
	no_shadow
}
cylinder {
	<27.502918, 30.153650, 34.573154>,  <27.723846, 30.082600, 34.511978>, 0.100000
	pigment { color rgbt <1,0,0,0> }
	no_shadow
}
cylinder {
	<27.502918, 30.153650, 34.573154>,  <27.134706, 30.272070, 34.675117>, 0.100000
	pigment { color rgbt <1,0,0,0> }
	no_shadow
}

// particle -1
sphere {
	<27.502918, 30.153650, 34.573154> 0.100000
	pigment { color rgbt <1,0,0,0> }
	no_shadow
}
sphere {
	0, 1
	scale<0.080000,0.200000,0.300000>
	matrix <0.374435, 0.482455, 0.791856,
		-0.111446, -0.824374, 0.554966,
		0.920532, -0.296047, -0.254907,
		27.779078, 30.064837, 34.496681>
	pigment { color rgbt <0,1,1,0> }
	no_shadow
}
cylinder {
	<27.363207, 29.880062, 35.287666>,  <27.134706, 30.272070, 34.675117>, 0.130000
	pigment { color rgbt <1,0,0,0> }
	no_shadow
}

// nucleotide -1

// particle -1
sphere {
	<27.363207, 29.880062, 35.287666> 0.250000
	pigment { color rgbt <1,0,0,0> }
	no_shadow
}
cylinder {
	<27.663240, 30.019884, 35.063103>,  <27.843260, 30.103777, 34.928364>, 0.100000
	pigment { color rgbt <1,0,0,0> }
	no_shadow
}
cylinder {
	<27.663240, 30.019884, 35.063103>,  <27.363207, 29.880062, 35.287666>, 0.100000
	pigment { color rgbt <1,0,0,0> }
	no_shadow
}

// particle -1
sphere {
	<27.663240, 30.019884, 35.063103> 0.100000
	pigment { color rgbt <1,0,0,0> }
	no_shadow
}
sphere {
	0, 1
	scale<0.080000,0.200000,0.300000>
	matrix <0.333560, 0.533052, 0.777556,
