// switches for output
#declare DRAW_BASES = 1; // possible values are 0, 1; only relevant for DNA ribbons
#declare DRAW_BASES_TYPE = 3; // possible values are 1, 2, 3; only relevant for DNA ribbons
#declare DRAW_FOG = 0; // set to 1 to enable fog

#include "colors.inc"

#include "transforms.inc"
background { rgb <1, 1, 1>}

#default {
   normal{
       ripples 0.25
       frequency 0.20
       turbulence 0.2
       lambda 5
   }
	finish {
		phong 0.1
		phong_size 40.
	}
}

// original window dimensions: 1024x640


// camera settings

camera {
	sky <0, 0.179814, -0.983701>
	up <0, 0.179814, -0.983701>
	right 1.6 * <1, 0, 0>
	location <35, 94.9851, 44.8844>
	look_at <35, 29.7336, 32.9568>
	direction <0, -65.2515, -11.9276>
	angle 67.0682
}


# declare cpy_camera_pos = <35, 94.9851, 44.8844>;
# if (DRAW_FOG = 1)
fog {
	fog_type 2
	up vnormalize(cpy_camera_pos)
	color rgbt<1,1,1,0.3>
	distance 1e-5
	fog_alt 3e-3
	fog_offset 56
}
# end


// LIGHTS

# declare lum = 6;
global_settings {
	ambient_light rgb lum * <0.05, 0.05, 0.05>
	max_trace_level 15
}# declare cpy_direct_light_amount = 0.25;
light_source
{	1000 * <-1, -1.16352, -0.803886>,
	rgb lum * cpy_direct_light_amount
	parallel
}

light_source
{	1000 * <1, 1.16352, 0.803886>,
	rgb lum * cpy_direct_light_amount
	parallel
}

// strand 0

// nucleotide -1

// particle -1
sphere {
	<24.590635, 35.488720, 35.146107> 0.250000
	pigment { color rgbt <1,0,0,0> }
	no_shadow
}
cylinder {
	<24.314623, 35.199234, 35.142372>,  <24.149015, 35.025543, 35.140129>, 0.100000
	pigment { color rgbt <1,0,0,0> }
	no_shadow
}
cylinder {
	<24.314623, 35.199234, 35.142372>,  <24.590635, 35.488720, 35.146107>, 0.100000
	pigment { color rgbt <1,0,0,0> }
	no_shadow
}

// particle -1
sphere {
	<24.314623, 35.199234, 35.142372> 0.100000
	pigment { color rgbt <1,0,0,0> }
	no_shadow
}
sphere {
	0, 1
	scale<0.080000,0.200000,0.300000>
	matrix <-0.435704, 0.405051, 0.803801,
		-0.577943, 0.558717, -0.594825,
		-0.690032, -0.723719, -0.009339,
		24.107613, 34.982117, 35.139572>
	pigment { color rgbt <0,1,1,0> }
	no_shadow
}
cylinder {
	<25.090509, 35.570560, 34.591061>,  <24.590635, 35.488720, 35.146107>, 0.130000
	pigment { color rgbt <1,0,0,0> }
	no_shadow
}

// nucleotide -1

// particle -1
sphere {
	<25.090509, 35.570560, 34.591061> 0.250000
	pigment { color rgbt <1,0,0,0> }
	no_shadow
}
cylinder {
	<25.474554, 35.618103, 34.489822>,  <25.704981, 35.646629, 34.429081>, 0.100000
	pigment { color rgbt <1,0,0,0> }
	no_shadow
}
cylinder {
	<25.474554, 35.618103, 34.489822>,  <25.090509, 35.570560, 34.591061>, 0.100000
	pigment { color rgbt <1,0,0,0> }
	no_shadow
}

// particle -1
sphere {
	<25.474554, 35.618103, 34.489822> 0.100000
	pigment { color rgbt <1,0,0,0> }
	no_shadow
}
sphere {
	0, 1
	scale<0.080000,0.200000,0.300000>
	matrix <0.265294, -0.101269, 0.958835,
		0.088330, -0.987734, -0.128761,
		0.960113, 0.118854, -0.253094,
		25.762589, 35.653759, 34.413895>
	pigment { color rgbt <0,1,1,0> }
	no_shadow
}
cylinder {
	<25.563261, 34.903221, 34.762108>,  <25.090509, 35.570560, 34.591061>, 0.130000
	pigment { color rgbt <1,0,0,0> }
	no_shadow
}

// nucleotide -1

// particle -1
sphere {
	<25.563261, 34.903221, 34.762108> 0.250000
	pigment { color rgbt <1,0,0,0> }
	no_shadow
}
cylinder {
	<25.729151, 35.267189, 34.764858>,  <25.828684, 35.485569, 34.766510>, 0.100000
	pigment { color rgbt <1,0,0,0> }
	no_shadow
}
cylinder {
	<25.729151, 35.267189, 34.764858>,  <25.563261, 34.903221, 34.762108>, 0.100000
	pigment { color rgbt <1,0,0,0> }
	no_shadow
}

// particle -1
sphere {
	<25.729151, 35.267189, 34.764858> 0.100000
	pigment { color rgbt <1,0,0,0> }
	no_shadow
}
sphere {
	0, 1
	scale<0.080000,0.200000,0.300000>
	matrix <0.165266, -0.082750, 0.982772,
		0.894814, -0.406442, -0.184697,
		0.414723, 0.909922, 0.006875,
		25.853567, 35.540165, 34.766922>
	pigment { color rgbt <0,1,1,0> }
	no_shadow
}
cylinder {
	<26.310179, 34.981369, 35.059925>,  <25.563261, 34.903221, 34.762108>, 0.130000
	pigment { color rgbt <1,0,0,0> }
	no_shadow
}

// nucleotide -1

// particle -1
sphere {
	<26.310179, 34.981369, 35.059925> 0.250000
	pigment { color rgbt <1,0,0,0> }
	no_shadow
}
cylinder {
	<26.069700, 35.292347, 35.133827>,  <25.925413, 35.478935, 35.178169>, 0.100000
	pigment { color rgbt <1,0,0,0> }
	no_shadow
}
cylinder {
	<26.069700, 35.292347, 35.133827>,  <26.310179, 34.981369, 35.059925>, 0.100000
	pigment { color rgbt <1,0,0,0> }
	no_shadow
}

// particle -1
sphere {
	<26.069700, 35.292347, 35.133827> 0.100000
	pigment { color rgbt <1,0,0,0> }
	no_shadow
}
sphere {
	0, 1
	scale<0.080000,0.200000,0.300000>
	matrix <0.322159, 0.024222, 0.946376,
		0.731282, 0.628481, -0.265024,
		-0.601199, 0.777448, 0.184758,
		25.889341, 35.525581, 35.189255>
	pigment { color rgbt <0,1,1,0> }
	no_shadow
}
cylinder {
	<26.688860, 35.530613, 35.177368>,  <26.310179, 34.981369, 35.059925>, 0.130000
	pigment { color rgbt <1,0,0,0> }
	no_shadow
}

// nucleotide -1

// particle -1
sphere {
	<26.688860, 35.530613, 35.177368> 0.250000
	pigment { color rgbt <1,0,0,0> }
	no_shadow
}
cylinder {
	<26.349672, 35.575836, 35.384510>,  <26.146160, 35.602970, 35.508793>, 0.100000
	pigment { color rgbt <1,0,0,0> }
	no_shadow
}
cylinder {
	<26.349672, 35.575836, 35.384510>,  <26.688860, 35.530613, 35.177368>, 0.100000
	pigment { color rgbt <1,0,0,0> }
	no_shadow
}

// particle -1
sphere {
	<26.349672, 35.575836, 35.384510> 0.100000
	pigment { color rgbt <1,0,0,0> }
	no_shadow
}
sphere {
	0, 1
	scale<0.080000,0.200000,0.300000>
	matrix <0.525008, 0.044738, 0.849921,
		0.072919, 0.992581, -0.097290,
		-0.847968, 0.113054, 0.517850,
		26.095282, 35.609753, 35.539864>
	pigment { color rgbt <0,1,1,0> }
	no_shadow
}
cylinder {
	<27.246321, 34.942272, 35.208347>,  <26.688860, 35.530613, 35.177368>, 0.130000
	pigment { color rgbt <1,0,0,0> }
	no_shadow
}

// nucleotide -1

// particle -1
sphere {
	<27.246321, 34.942272, 35.208347> 0.250000
	pigment { color rgbt <1,0,0,0> }
	no_shadow
}
cylinder {
	<27.646009, 34.945843, 35.192978>,  <27.885822, 34.947987, 35.183758>, 0.100000
	pigment { color rgbt <1,0,0,0> }
	no_shadow
}
cylinder {
	<27.646009, 34.945843, 35.192978>,  <27.246321, 34.942272, 35.208347>, 0.100000
	pigment { color rgbt <1,0,0,0> }
	no_shadow
}

// particle -1
sphere {
	<27.646009, 34.945843, 35.192978> 0.100000
	pigment { color rgbt <1,0,0,0> }
	no_shadow
}
sphere {
	0, 1
	scale<0.080000,0.200000,0.300000>
	matrix <0.010138, -0.999457, 0.031364,
		-0.038122, -0.031729, -0.998769,
		0.999222, 0.008930, -0.038423,
		27.945776, 34.948521, 35.181450>
	pigment { color rgbt <0,1,1,0> }
	no_shadow
}
cylinder {
	<27.451641, 34.448963, 34.814850>,  <27.246321, 34.942272, 35.208347>, 0.130000
	pigment { color rgbt <1,0,0,0> }
	no_shadow
}

// nucleotide -1

// particle -1
sphere {
	<27.451641, 34.448963, 34.814850> 0.250000
	pigment { color rgbt <1,0,0,0> }
	no_shadow
}
cylinder {
	<27.773188, 34.495716, 35.048134>,  <27.966116, 34.523769, 35.188103>, 0.100000
	pigment { color rgbt <1,0,0,0> }
	no_shadow
}
cylinder {
	<27.773188, 34.495716, 35.048134>,  <27.451641, 34.448963, 34.814850>, 0.100000
	pigment { color rgbt <1,0,0,0> }
	no_shadow
}

// particle -1
sphere {
	<27.773188, 34.495716, 35.048134> 0.100000
	pigment { color rgbt <1,0,0,0> }
	no_shadow
}
sphere {
	0, 1
	scale<0.080000,0.200000,0.300000>
	matrix <0.170406, -0.984658, -0.037542,
		0.569874, 0.129561, -0.811454,
		0.803869, 0.116883, 0.583210,
		28.014349, 34.530781, 35.223095>
	pigment { color rgbt <0,1,1,0> }
	no_shadow
}
cylinder {
	<28.029478, 34.269447, 34.488548>,  <27.451641, 34.448963, 34.814850>, 0.130000
	pigment { color rgbt <1,0,0,0> }
	no_shadow
}

// nucleotide -1

// particle -1
sphere {
	<28.029478, 34.269447, 34.488548> 0.250000
	pigment { color rgbt <1,0,0,0> }
	no_shadow
}
cylinder {
	<28.092985, 34.177589, 34.872643>,  <28.131088, 34.122475, 35.103100>, 0.100000
	pigment { color rgbt <1,0,0,0> }
	no_shadow
}
cylinder {
	<28.092985, 34.177589, 34.872643>,  <28.029478, 34.269447, 34.488548>, 0.100000
	pigment { color rgbt <1,0,0,0> }
	no_shadow
}

// particle -1
sphere {
	<28.092985, 34.177589, 34.872643> 0.100000
	pigment { color rgbt <1,0,0,0> }
	no_shadow
}
sphere {
	0, 1
	scale<0.080000,0.200000,0.300000>
	matrix <0.017886, -0.971745, -0.235355,
		0.987154, 0.054541, -0.150172,
		0.158766, -0.229646, 0.960238,
		28.140615, 34.108696, 35.160713>
	pigment { color rgbt <0,1,1,0> }
	no_shadow
}
cylinder {
	<28.608721, 33.844585, 34.488037>,  <28.029478, 34.269447, 34.488548>, 0.130000
	pigment { color rgbt <1,0,0,0> }
	no_shadow
}

// nucleotide -1

// particle -1
sphere {
	<28.608721, 33.844585, 34.488037> 0.250000
	pigment { color rgbt <1,0,0,0> }
	no_shadow
}
cylinder {
	<28.408621, 33.779274, 34.828178>,  <28.288561, 33.740086, 35.032261>, 0.100000
	pigment { color rgbt <1,0,0,0> }
	no_shadow
}
cylinder {
	<28.408621, 33.779274, 34.828178>,  <28.608721, 33.844585, 34.488037>, 0.100000
	pigment { color rgbt <1,0,0,0> }
	no_shadow
}

// particle -1
sphere {
	<28.408621, 33.779274, 34.828178> 0.100000
	pigment { color rgbt <1,0,0,0> }
	no_shadow
}
sphere {
	0, 1
	scale<0.080000,0.200000,0.300000>
	matrix <0.193111, -0.978363, -0.074254,
		0.844074, 0.127066, 0.520954,
		-0.500248, -0.163278, 0.850349,
		28.258547, 33.730289, 35.083282>
	pigment { color rgbt <0,1,1,0> }
	no_shadow
}
cylinder {
	<29.022604, 33.356651, 34.792652>,  <28.608721, 33.844585, 34.488037>, 0.130000
	pigment { color rgbt <1,0,0,0> }
	no_shadow
}

// nucleotide -1

// particle -1
sphere {
	<29.022604, 33.356651, 34.792652> 0.250000
	pigment { color rgbt <1,0,0,0> }
	no_shadow
}
cylinder {
	<28.684246, 33.336670, 35.005054>,  <28.481232, 33.324680, 35.132496>, 0.100000
	pigment { color rgbt <1,0,0,0> }
	no_shadow
}
cylinder {
	<28.684246, 33.336670, 35.005054>,  <29.022604, 33.356651, 34.792652>, 0.100000
	pigment { color rgbt <1,0,0,0> }
	no_shadow
}

// particle -1
sphere {
	<28.684246, 33.336670, 35.005054> 0.100000
	pigment { color rgbt <1,0,0,0> }
	no_shadow
}
sphere {
	0, 1
	scale<0.080000,0.200000,0.300000>
	matrix <0.119447, -0.988058, 0.097330,
		0.519800, 0.145758, 0.841762,
		-0.845896, -0.049954, 0.531003,
		28.430477, 33.321682, 35.164356>
	pigment { color rgbt <0,1,1,0> }
	no_shadow
}
cylinder {
	<29.125912, 33.073334, 35.546841>,  <29.022604, 33.356651, 34.792652>, 0.130000
	pigment { color rgbt <1,0,0,0> }
	no_shadow
}

// nucleotide -1

// particle -1
sphere {
	<29.125912, 33.073334, 35.546841> 0.250000
	pigment { color rgbt <1,0,0,0> }
	no_shadow
}
cylinder {
	<28.765890, 32.991825, 35.392761>,  <28.549877, 32.942921, 35.300312>, 0.100000
	pigment { color rgbt <1,0,0,0> }
	no_shadow
}
cylinder {
	<28.765890, 32.991825, 35.392761>,  <29.125912, 33.073334, 35.546841>, 0.100000
	pigment { color rgbt <1,0,0,0> }
	no_shadow
}

// particle -1
sphere {
	<28.765890, 32.991825, 35.392761> 0.100000
	pigment { color rgbt <1,0,0,0> }
	no_shadow
}
sphere {
	0, 1
	scale<0.080000,0.200000,0.300000>
	matrix <0.134583, -0.970704, 0.199049,
		-0.414475, 0.127314, 0.901111,
		-0.900054, -0.203775, -0.385199,
		28.495874, 32.930691, 35.277203>
	pigment { color rgbt <0,1,1,0> }
	no_shadow
}
cylinder {
	<28.997078, 32.533672, 35.878948>,  <29.125912, 33.073334, 35.546841>, 0.130000
	pigment { color rgbt <1,0,0,0> }
	no_shadow
}

// nucleotide -1

// particle -1
sphere {
	<28.997078, 32.533672, 35.878948> 0.250000
	pigment { color rgbt <1,0,0,0> }
	no_shadow
}
cylinder {
	<28.693680, 32.527431, 35.618351>,  <28.511641, 32.523689, 35.461994>, 0.100000
	pigment { color rgbt <1,0,0,0> }
	no_shadow
}
cylinder {
	<28.693680, 32.527431, 35.618351>,  <28.997078, 32.533672, 35.878948>, 0.100000
	pigment { color rgbt <1,0,0,0> }
	no_shadow
}

// particle -1
sphere {
	<28.693680, 32.527431, 35.618351> 0.100000
	pigment { color rgbt <1,0,0,0> }
	no_shadow
}
sphere {
	0, 1
	scale<0.080000,0.200000,0.300000>
	matrix <-0.088160, -0.988067, 0.126297,
		-0.645687, 0.153231, 0.748070,
		-0.758496, -0.015598, -0.651491,
		28.466131, 32.522751, 35.422905>
	pigment { color rgbt <0,1,1,0> }
	no_shadow
}
cylinder {
	<28.540493, 32.061157, 36.160461>,  <28.997078, 32.533672, 35.878948>, 0.130000
	pigment { color rgbt <1,0,0,0> }
	no_shadow
}

// nucleotide -1

// particle -1
sphere {
	<28.540493, 32.061157, 36.160461> 0.250000
	pigment { color rgbt <1,0,0,0> }
	no_shadow
}
cylinder {
	<28.416880, 32.096031, 35.781643>,  <28.342712, 32.116955, 35.554352>, 0.100000
	pigment { color rgbt <1,0,0,0> }
	no_shadow
}
cylinder {
	<28.416880, 32.096031, 35.781643>,  <28.540493, 32.061157, 36.160461>, 0.100000
	pigment { color rgbt <1,0,0,0> }
	no_shadow
}

// particle -1
sphere {
	<28.416880, 32.096031, 35.781643> 0.100000
	pigment { color rgbt <1,0,0,0> }
	no_shadow
}
sphere {
	0, 1
	scale<0.080000,0.200000,0.300000>
	matrix <-0.183437, -0.982555, -0.030597,
		-0.933194, 0.164268, 0.319635,
		-0.309033, 0.087186, -0.947047,
		28.324169, 32.122189, 35.497528>
	pigment { color rgbt <0,1,1,0> }
	no_shadow
}
cylinder {
	<27.837648, 31.770975, 36.088692>,  <28.540493, 32.061157, 36.160461>, 0.130000
	pigment { color rgbt <1,0,0,0> }
	no_shadow
}

// nucleotide -1

// particle -1
sphere {
	<27.837648, 31.770975, 36.088692> 0.250000
	pigment { color rgbt <1,0,0,0> }
	no_shadow
}
cylinder {
	<28.033251, 31.747084, 35.740597>,  <28.150612, 31.732750, 35.531742>, 0.100000
	pigment { color rgbt <1,0,0,0> }
	no_shadow
}
cylinder {
	<28.033251, 31.747084, 35.740597>,  <27.837648, 31.770975, 36.088692>, 0.100000
	pigment { color rgbt <1,0,0,0> }
	no_shadow
}

// particle -1
sphere {
	<28.033251, 31.747084, 35.740597> 0.100000
	pigment { color rgbt <1,0,0,0> }
	no_shadow
}
sphere {
	0, 1
	scale<0.080000,0.200000,0.300000>
	matrix <-0.064549, -0.997395, 0.032184,
		-0.869888, 0.040435, -0.491589,
		0.489007, -0.059728, -0.870232,
		28.179953, 31.729166, 35.479527>
	pigment { color rgbt <0,1,1,0> }
	no_shadow
}
cylinder {
	<27.466192, 31.186249, 35.630840>,  <27.837648, 31.770975, 36.088692>, 0.130000
	pigment { color rgbt <1,0,0,0> }
	no_shadow
}

// nucleotide -1

// particle -1
sphere {
	<27.466192, 31.186249, 35.630840> 0.250000
	pigment { color rgbt <1,0,0,0> }
	no_shadow
}
cylinder {
	<27.841305, 31.249884, 35.507389>,  <28.066372, 31.288065, 35.433319>, 0.100000
	pigment { color rgbt <1,0,0,0> }
	no_shadow
}
cylinder {
	<27.841305, 31.249884, 35.507389>,  <27.466192, 31.186249, 35.630840>, 0.100000
	pigment { color rgbt <1,0,0,0> }
	no_shadow
}

// particle -1
sphere {
	<27.841305, 31.249884, 35.507389> 0.100000
	pigment { color rgbt <1,0,0,0> }
	no_shadow
}
sphere {
	0, 1
	scale<0.080000,0.200000,0.300000>
	matrix <0.102857, -0.976247, -0.190688,
		-0.331638, 0.147079, -0.931871,
		0.937783, 0.159089, -0.308633,
		28.122639, 31.297609, 35.414799>
	pigment { color rgbt <0,1,1,0> }
	no_shadow
}
cylinder {
	<27.512346, 30.584270, 35.248062>,  <27.466192, 31.186249, 35.630840>, 0.130000
	pigment { color rgbt <1,0,0,0> }
	no_shadow
}

// nucleotide -1

// particle -1
sphere {
	<27.512346, 30.584270, 35.248062> 0.250000
	pigment { color rgbt <1,0,0,0> }
	no_shadow
}
cylinder {
	<27.889242, 30.718163, 35.252808>,  <28.115379, 30.798498, 35.255653>, 0.100000
	pigment { color rgbt <1,0,0,0> }
	no_shadow
}
cylinder {
	<27.889242, 30.718163, 35.252808>,  <27.512346, 30.584270, 35.248062>, 0.100000
	pigment { color rgbt <1,0,0,0> }
	no_shadow
}

// particle -1
sphere {
	<27.889242, 30.718163, 35.252808> 0.100000
	pigment { color rgbt <1,0,0,0> }
	no_shadow
}
sphere {
	0, 1
	scale<0.080000,0.200000,0.300000>
	matrix <0.334934, -0.941813, -0.028430,
		0.001657, 0.030761, -0.999526,
		0.942240, 0.334728, 0.011863,
		28.171915, 30.818581, 35.256367>
	pigment { color rgbt <0,1,1,0> }
	no_shadow
}
cylinder {
	<27.918156, 30.171770, 34.712036>,  <27.512346, 30.584270, 35.248062>, 0.130000
	pigment { color rgbt <1,0,0,0> }
	no_shadow
}

// nucleotide -1

// particle -1
sphere {
	<27.918156, 30.171770, 34.712036> 0.250000
	pigment { color rgbt <1,0,0,0> }
	no_shadow
}
cylinder {
	<28.192596, 30.322187, 34.961147>,  <28.357262, 30.412437, 35.110615>, 0.100000
	pigment { color rgbt <1,0,0,0> }
	no_shadow
}
cylinder {
	<28.192596, 30.322187, 34.961147>,  <27.918156, 30.171770, 34.712036>, 0.100000
	pigment { color rgbt <1,0,0,0> }
	no_shadow
}

// particle -1
sphere {
	<28.192596, 30.322187, 34.961147> 0.100000
	pigment { color rgbt <1,0,0,0> }
	no_shadow
}
sphere {
	0, 1
	scale<0.080000,0.200000,0.300000>
	matrix <0.490169, -0.871519, -0.013771,
		0.537586, 0.314716, -0.782276,
		0.686102, 0.376044, 0.622780,
		28.398428, 30.435001, 35.147980>
	pigment { color rgbt <0,1,1,0> }
	no_shadow
}
cylinder {
	<28.571354, 29.889475, 34.407238>,  <27.918156, 30.171770, 34.712036>, 0.130000
	pigment { color rgbt <1,0,0,0> }
	no_shadow
}

// nucleotide -1

// particle -1
sphere {
	<28.571354, 29.889475, 34.407238> 0.250000
	pigment { color rgbt <1,0,0,0> }
	no_shadow
}
cylinder {
	<28.668009, 29.985031, 34.783440>,  <28.726002, 30.042364, 35.009159>, 0.100000
	pigment { color rgbt <1,0,0,0> }
	no_shadow
}
cylinder {
	<28.668009, 29.985031, 34.783440>,  <28.571354, 29.889475, 34.407238>, 0.100000
	pigment { color rgbt <1,0,0,0> }
	no_shadow
}

// particle -1
sphere {
	<28.668009, 29.985031, 34.783440> 0.100000
	pigment { color rgbt <1,0,0,0> }
	no_shadow
}
sphere {
	0, 1
	scale<0.080000,0.200000,0.300000>
	matrix <0.541390, -0.837541, 0.073640,
		0.805300, 0.491383, -0.331714,
		0.241639, 0.238889, 0.940501,
		28.740501, 30.056698, 35.065590>
	pigment { color rgbt <0,1,1,0> }
	no_shadow
}
cylinder {
	<29.306683, 29.994064, 34.488899>,  <28.571354, 29.889475, 34.407238>, 0.130000
	pigment { color rgbt <1,0,0,0> }
	no_shadow
}

// nucleotide -1

// particle -1
sphere {
	<29.306683, 29.994064, 34.488899> 0.250000
	pigment { color rgbt <1,0,0,0> }
	no_shadow
}
cylinder {
	<29.149773, 29.868589, 34.834782>,  <29.055626, 29.793304, 35.042313>, 0.100000
	pigment { color rgbt <1,0,0,0> }
	no_shadow
}
cylinder {
	<29.149773, 29.868589, 34.834782>,  <29.306683, 29.994064, 34.488899>, 0.100000
	pigment { color rgbt <1,0,0,0> }
	no_shadow
}

// particle -1
sphere {
	<29.149773, 29.868589, 34.834782> 0.100000
	pigment { color rgbt <1,0,0,0> }
	no_shadow
}
sphere {
	0, 1
	scale<0.080000,0.200000,0.300000>
	matrix <0.586479, -0.809494, -0.027603,
		0.708634, 0.496305, 0.501516,
		-0.392274, -0.313689, 0.864708,
		29.032091, 29.774483, 35.094193>
	pigment { color rgbt <0,1,1,0> }
	no_shadow
}
cylinder {
	<29.848211, 29.652618, 34.778667>,  <29.306683, 29.994064, 34.488899>, 0.130000
	pigment { color rgbt <1,0,0,0> }
	no_shadow
}

// nucleotide -1

// particle -1
sphere {
	<29.848211, 29.652618, 34.778667> 0.250000
	pigment { color rgbt <1,0,0,0> }
	no_shadow
}
cylinder {
	<29.567162, 29.538963, 35.039616>,  <29.398531, 29.470770, 35.196182>, 0.100000
	pigment { color rgbt <1,0,0,0> }
	no_shadow
}
cylinder {
	<29.567162, 29.538963, 35.039616>,  <29.848211, 29.652618, 34.778667>, 0.100000
	pigment { color rgbt <1,0,0,0> }
	no_shadow
}

// particle -1
sphere {
	<29.567162, 29.538963, 35.039616> 0.100000
	pigment { color rgbt <1,0,0,0> }
	no_shadow
}
sphere {
	0, 1
	scale<0.080000,0.200000,0.300000>
	matrix <0.562335, -0.783498, 0.264404,
		0.436002, 0.552626, 0.710286,
		-0.702625, -0.284138, 0.652368,
		29.356375, 29.453722, 35.235325>
	pigment { color rgbt <0,1,1,0> }
	no_shadow
}
cylinder {
	<30.177378, 29.369440, 35.269337>,  <29.848211, 29.652618, 34.778667>, 0.130000
	pigment { color rgbt <1,0,0,0> }
	no_shadow
}

// nucleotide -1

// particle -1
sphere {
	<30.177378, 29.369440, 35.269337> 0.250000
	pigment { color rgbt <1,0,0,0> }
	no_shadow
}
cylinder {
	<29.805931, 29.255379, 35.364296>,  <29.583063, 29.186943, 35.421272>, 0.100000
	pigment { color rgbt <1,0,0,0> }
	no_shadow
}
cylinder {
	<29.805931, 29.255379, 35.364296>,  <30.177378, 29.369440, 35.269337>, 0.100000
	pigment { color rgbt <1,0,0,0> }
	no_shadow
}

// particle -1
sphere {
	<29.805931, 29.255379, 35.364296> 0.100000
	pigment { color rgbt <1,0,0,0> }
	no_shadow
}
sphere {
	0, 1
	scale<0.080000,0.200000,0.300000>
	matrix <0.347365, -0.893016, 0.286111,
		0.130417, 0.348152, 0.928322,
		-0.928617, -0.285152, 0.237401,
		29.527346, 29.169832, 35.435516>
	pigment { color rgbt <0,1,1,0> }
	no_shadow
}
cylinder {
	<30.151688, 29.151752, 35.870934>,  <30.177378, 29.369440, 35.269337>, 0.130000
	pigment { color rgbt <1,0,0,0> }
	no_shadow
}

// nucleotide -1

// particle -1
sphere {
	<30.151688, 29.151752, 35.870934> 0.250000
	pigment { color rgbt <1,0,0,0> }
	no_shadow
}
cylinder {
	<29.837776, 28.952881, 35.722916>,  <29.649429, 28.833557, 35.634106>, 0.100000
	pigment { color rgbt <1,0,0,0> }
	no_shadow
}
cylinder {
	<29.837776, 28.952881, 35.722916>,  <30.151688, 29.151752, 35.870934>, 0.100000
	pigment { color rgbt <1,0,0,0> }
	no_shadow
}

// particle -1
sphere {
	<29.837776, 28.952881, 35.722916> 0.100000
	pigment { color rgbt <1,0,0,0> }
	no_shadow
}
sphere {
	0, 1
	scale<0.080000,0.200000,0.300000>
	matrix <0.432780, -0.866992, 0.247035,
		-0.443650, 0.033719, 0.895566,
		-0.784778, -0.497180, -0.370048,
		29.602343, 28.803726, 35.611900>
	pigment { color rgbt <0,1,1,0> }
	no_shadow
}
cylinder {
	<30.066257, 28.609837, 36.400429>,  <30.151688, 29.151752, 35.870934>, 0.130000
	pigment { color rgbt <1,0,0,0> }
	no_shadow
}

// nucleotide -1

// particle -1
sphere {
	<30.066257, 28.609837, 36.400429> 0.250000
	pigment { color rgbt <1,0,0,0> }
	no_shadow
}
cylinder {
	<29.915071, 28.508987, 36.044098>,  <29.824360, 28.448477, 35.830299>, 0.100000
	pigment { color rgbt <1,0,0,0> }
	no_shadow
}
cylinder {
	<29.915071, 28.508987, 36.044098>,  <30.066257, 28.609837, 36.400429>, 0.100000
	pigment { color rgbt <1,0,0,0> }
	no_shadow
}

// particle -1
sphere {
	<29.915071, 28.508987, 36.044098> 0.100000
	pigment { color rgbt <1,0,0,0> }
	no_shadow
}
sphere {
	0, 1
	scale<0.080000,0.200000,0.300000>
	matrix <0.235141, -0.956796, 0.171028,
		-0.895462, -0.144828, 0.420920,
		-0.377965, -0.252124, -0.890829,
		29.801682, 28.433350, 35.776848>
	pigment { color rgbt <0,1,1,0> }
	no_shadow
}
cylinder {
	<29.651371, 27.964008, 36.418701>,  <30.066257, 28.609837, 36.400429>, 0.130000
	pigment { color rgbt <1,0,0,0> }
	no_shadow
}

// nucleotide -1

// particle -1
sphere {
	<29.651371, 27.964008, 36.418701> 0.250000
	pigment { color rgbt <1,0,0,0> }
	no_shadow
}
cylinder {
	<29.758085, 27.979456, 36.033508>,  <29.822115, 27.988724, 35.802391>, 0.100000
	pigment { color rgbt <1,0,0,0> }
	no_shadow
}
cylinder {
	<29.758085, 27.979456, 36.033508>,  <29.651371, 27.964008, 36.418701>, 0.100000
	pigment { color rgbt <1,0,0,0> }
	no_shadow
}

// particle -1
sphere {
	<29.758085, 27.979456, 36.033508> 0.100000
	pigment { color rgbt <1,0,0,0> }
	no_shadow
}
sphere {
	0, 1
	scale<0.080000,0.200000,0.300000>
	matrix <0.380275, -0.922344, 0.068363,
		-0.885559, -0.384436, -0.260755,
		0.266787, 0.038619, -0.962982,
		29.838121, 27.991041, 35.744614>
	pigment { color rgbt <0,1,1,0> }
	no_shadow
}
cylinder {
	<29.577946, 27.300413, 36.021034>,  <29.651371, 27.964008, 36.418701>, 0.130000
	pigment { color rgbt <1,0,0,0> }
	no_shadow
}

// nucleotide -1

// particle -1
sphere {
	<29.577946, 27.300413, 36.021034> 0.250000
	pigment { color rgbt <1,0,0,0> }
	no_shadow
}
cylinder {
	<29.867678, 27.517206, 35.850578>,  <30.041517, 27.647282, 35.748302>, 0.100000
	pigment { color rgbt <1,0,0,0> }
	no_shadow
}
cylinder {
	<29.867678, 27.517206, 35.850578>,  <29.577946, 27.300413, 36.021034>, 0.100000
	pigment { color rgbt <1,0,0,0> }
	no_shadow
}

// particle -1
sphere {
	<29.867678, 27.517206, 35.850578> 0.100000
	pigment { color rgbt <1,0,0,0> }
	no_shadow
}
sphere {
	0, 1
	scale<0.080000,0.200000,0.300000>
	matrix <0.595726, -0.803139, -0.008882,
		-0.347066, -0.247432, -0.904612,
		0.724331, 0.541983, -0.426144,
		30.084976, 27.679802, 35.722736>
	pigment { color rgbt <0,1,1,0> }
	no_shadow
}
cylinder {
	<29.817633, 27.038336, 35.276730>,  <29.577946, 27.300413, 36.021034>, 0.130000
	pigment { color rgbt <1,0,0,0> }
	no_shadow
}

// nucleotide -1

// particle -1
sphere {
	<29.817633, 27.038336, 35.276730> 0.250000
	pigment { color rgbt <1,0,0,0> }
	no_shadow
}
cylinder {
	<30.107933, 27.224535, 35.479351>,  <30.282112, 27.336254, 35.600925>, 0.100000
	pigment { color rgbt <1,0,0,0> }
	no_shadow
}
cylinder {
	<30.107933, 27.224535, 35.479351>,  <29.817633, 27.038336, 35.276730>, 0.100000
	pigment { color rgbt <1,0,0,0> }
	no_shadow
}

// particle -1
sphere {
	<30.107933, 27.224535, 35.479351> 0.100000
	pigment { color rgbt <1,0,0,0> }
	no_shadow
}
sphere {
	0, 1
	scale<0.080000,0.200000,0.300000>
	matrix <0.571750, -0.817622, -0.067800,
		0.382610, 0.338829, -0.859537,
		0.725749, 0.465499, 0.506556,
		30.325657, 27.364185, 35.631317>
	pigment { color rgbt <0,1,1,0> }
	no_shadow
}
cylinder {
	<30.519932, 26.961426, 34.884773>,  <29.817633, 27.038336, 35.276730>, 0.130000
	pigment { color rgbt <1,0,0,0> }
	no_shadow
}

// nucleotide -1

// particle -1
sphere {
	<30.519932, 26.961426, 34.884773> 0.250000
	pigment { color rgbt <1,0,0,0> }
	no_shadow
}
cylinder {
	<30.581259, 27.003336, 35.277817>,  <30.618055, 27.028482, 35.513641>, 0.100000
	pigment { color rgbt <1,0,0,0> }
	no_shadow
}
cylinder {
	<30.581259, 27.003336, 35.277817>,  <30.519932, 26.961426, 34.884773>, 0.100000
	pigment { color rgbt <1,0,0,0> }
	no_shadow
}

// particle -1
sphere {
	<30.581259, 27.003336, 35.277817> 0.100000
	pigment { color rgbt <1,0,0,0> }
	no_shadow
}
sphere {
	0, 1
	scale<0.080000,0.200000,0.300000>
	matrix <0.806857, -0.587349, -0.063269,
		0.570504, 0.802523, -0.174590,
		0.153320, 0.104774, 0.982606,
		30.627254, 27.034769, 35.572598>
	pigment { color rgbt <0,1,1,0> }
	no_shadow
}
cylinder {
	<30.955971, 26.602955, 35.534988>,  <30.519932, 26.961426, 34.884773>, 0.130000
	pigment { color rgbt <1,0,0,0> }
	no_shadow
}

// nucleotide -1

// particle -1
sphere {
	<30.955971, 26.602955, 35.534988> 0.250000
	pigment { color rgbt <1,0,0,0> }
	no_shadow
}
cylinder {
	<30.893160, 26.312794, 35.266918>,  <30.855473, 26.138697, 35.106075>, 0.100000
	pigment { color rgbt <1,0,0,0> }
	no_shadow
}
cylinder {
	<30.893160, 26.312794, 35.266918>,  <30.955971, 26.602955, 35.534988>, 0.100000
	pigment { color rgbt <1,0,0,0> }
	no_shadow
}

// particle -1
sphere {
	<30.893160, 26.312794, 35.266918> 0.100000
	pigment { color rgbt <1,0,0,0> }
	no_shadow
}
sphere {
	0, 1
	scale<0.080000,0.200000,0.300000>
	matrix <0.980099, -0.031022, -0.196069,
		0.121439, -0.687624, 0.715839,
		-0.157029, -0.725404, -0.670172,
		30.846050, 26.095173, 35.065868>
	pigment { color rgbt <0,1,1,0> }
	no_shadow
}
cylinder {
	<31.424006, 26.026316, 35.586533>,  <30.955971, 26.602955, 35.534988>, 0.130000
	pigment { color rgbt <1,0,0,0> }
	no_shadow
}

// nucleotide -1

// particle -1
sphere {
	<31.424006, 26.026316, 35.586533> 0.250000
	pigment { color rgbt <1,0,0,0> }
	no_shadow
}
cylinder {
	<31.316244, 26.080784, 35.205193>,  <31.251587, 26.113464, 34.976387>, 0.100000
	pigment { color rgbt <1,0,0,0> }
	no_shadow
}
cylinder {
	<31.316244, 26.080784, 35.205193>,  <31.424006, 26.026316, 35.586533>, 0.100000
	pigment { color rgbt <1,0,0,0> }
	no_shadow
}

// particle -1
sphere {
	<31.316244, 26.080784, 35.205193> 0.100000
	pigment { color rgbt <1,0,0,0> }
	no_shadow
}
sphere {
	0, 1
	scale<0.080000,0.200000,0.300000>
	matrix <0.962789, 0.016089, -0.269775,
		-0.021397, -0.990555, -0.135436,
		-0.269406, 0.136169, -0.953352,
		31.235422, 26.121634, 34.919186>
	pigment { color rgbt <0,1,1,0> }
	no_shadow
}
cylinder {
	<31.824726, 25.589603, 35.149647>,  <31.424006, 26.026316, 35.586533>, 0.130000
	pigment { color rgbt <1,0,0,0> }
	no_shadow
}

// nucleotide -1

// particle -1
sphere {
	<31.824726, 25.589603, 35.149647> 0.250000
	pigment { color rgbt <1,0,0,0> }
	no_shadow
}
cylinder {
	<31.680056, 25.911072, 34.960629>,  <31.593252, 26.103952, 34.847218>, 0.100000
	pigment { color rgbt <1,0,0,0> }
	no_shadow
}
cylinder {
	<31.680056, 25.911072, 34.960629>,  <31.824726, 25.589603, 35.149647>, 0.100000
	pigment { color rgbt <1,0,0,0> }
	no_shadow
}

// particle -1
sphere {
	<31.680056, 25.911072, 34.960629> 0.100000
	pigment { color rgbt <1,0,0,0> }
	no_shadow
}
sphere {
	0, 1
	scale<0.080000,0.200000,0.300000>
	matrix <0.913233, 0.203408, -0.353029,
		-0.187599, -0.559230, -0.807508,
		-0.361678, 0.803671, -0.472548,
		31.571552, 26.152174, 34.818863>
	pigment { color rgbt <0,1,1,0> }
	no_shadow
}
cylinder {
	<32.282375, 25.476938, 35.739697>,  <31.824726, 25.589603, 35.149647>, 0.130000
	pigment { color rgbt <1,0,0,0> }
	no_shadow
}

// nucleotide -1

// particle -1
sphere {
	<32.282375, 25.476938, 35.739697> 0.250000
	pigment { color rgbt <1,0,0,0> }
	no_shadow
}
cylinder {
	<32.122486, 25.807615, 35.898087>,  <32.026554, 26.006021, 35.993122>, 0.100000
	pigment { color rgbt <1,0,0,0> }
	no_shadow
}
cylinder {
	<32.122486, 25.807615, 35.898087>,  <32.282375, 25.476938, 35.739697>, 0.100000
	pigment { color rgbt <1,0,0,0> }
	no_shadow
}

// particle -1
sphere {
	<32.122486, 25.807615, 35.898087> 0.100000
	pigment { color rgbt <1,0,0,0> }
	no_shadow
}
sphere {
	0, 1
	scale<0.080000,0.200000,0.300000>
	matrix <-0.525303, -0.560612, 0.640134,
		0.751185, 0.047866, 0.658354,
		-0.399722, 0.826694, 0.395979,
		32.002571, 26.055624, 36.016880>
	pigment { color rgbt <0,1,1,0> }
	no_shadow
}
cylinder {
	<32.931820, 25.727713, 36.066376>,  <32.282375, 25.476938, 35.739697>, 0.130000
	pigment { color rgbt <1,0,0,0> }
	no_shadow
}

// nucleotide -1

// particle -1
sphere {
	<32.931820, 25.727713, 36.066376> 0.250000
	pigment { color rgbt <1,0,0,0> }
	no_shadow
}
cylinder {
	<32.925262, 25.694754, 35.667789>,  <32.921329, 25.674978, 35.428638>, 0.100000
	pigment { color rgbt <1,0,0,0> }
	no_shadow
}
cylinder {
	<32.925262, 25.694754, 35.667789>,  <32.931820, 25.727713, 36.066376>, 0.100000
	pigment { color rgbt <1,0,0,0> }
	no_shadow
}

// particle -1
sphere {
	<32.925262, 25.694754, 35.667789> 0.100000
	pigment { color rgbt <1,0,0,0> }
	no_shadow
}
sphere {
	0, 1
	scale<0.080000,0.200000,0.300000>
	matrix <0.372955, 0.924169, -0.082555,
		0.927705, -0.372989, 0.015581,
		-0.016393, -0.082398, -0.996465,
		32.920345, 25.670034, 35.368851>
	pigment { color rgbt <0,1,1,0> }
	no_shadow
}
cylinder {
	<33.520729, 26.004908, 35.786270>,  <32.931820, 25.727713, 36.066376>, 0.130000
	pigment { color rgbt <1,0,0,0> }
	no_shadow
}

// nucleotide -1

// particle -1
sphere {
	<33.520729, 26.004908, 35.786270> 0.250000
	pigment { color rgbt <1,0,0,0> }
	no_shadow
}
cylinder {
	<33.194988, 26.043892, 35.557415>,  <32.999546, 26.067282, 35.420101>, 0.100000
	pigment { color rgbt <1,0,0,0> }
	no_shadow
}
cylinder {
	<33.194988, 26.043892, 35.557415>,  <33.520729, 26.004908, 35.786270>, 0.100000
	pigment { color rgbt <1,0,0,0> }
	no_shadow
}

// particle -1
sphere {
	<33.194988, 26.043892, 35.557415> 0.100000
	pigment { color rgbt <1,0,0,0> }
	no_shadow
}
sphere {
	0, 1
	scale<0.080000,0.200000,0.300000>
	matrix <0.241869, 0.953105, -0.181906,
		0.527576, -0.286517, -0.799732,
		-0.814348, 0.097461, -0.572135,
		32.950684, 26.073130, 35.385773>
	pigment { color rgbt <0,1,1,0> }
	no_shadow
}
cylinder {
	<33.791561, 26.613436, 35.511162>,  <33.520729, 26.004908, 35.786270>, 0.130000
	pigment { color rgbt <1,0,0,0> }
	no_shadow
}

// nucleotide -1

// particle -1
sphere {
	<33.791561, 26.613436, 35.511162> 0.250000
	pigment { color rgbt <1,0,0,0> }
	no_shadow
}
cylinder {
	<33.397205, 26.576057, 35.455597>,  <33.160591, 26.553631, 35.422256>, 0.100000
	pigment { color rgbt <1,0,0,0> }
	no_shadow
}
cylinder {
	<33.397205, 26.576057, 35.455597>,  <33.791561, 26.613436, 35.511162>, 0.100000
	pigment { color rgbt <1,0,0,0> }
	no_shadow
}

// particle -1
sphere {
	<33.397205, 26.576057, 35.455597> 0.100000
	pigment { color rgbt <1,0,0,0> }
	no_shadow
}
sphere {
	0, 1
	scale<0.080000,0.200000,0.300000>
	matrix <-0.080106, 0.991888, -0.098699,
		0.147007, -0.086178, -0.985374,
		-0.985886, -0.093444, -0.138911,
		33.101440, 26.548023, 35.413925>
	pigment { color rgbt <0,1,1,0> }
	no_shadow
}
cylinder {
	<33.901150, 27.069620, 36.194462>,  <33.791561, 26.613436, 35.511162>, 0.130000
	pigment { color rgbt <1,0,0,0> }
	no_shadow
}

// nucleotide -1

// particle -1
sphere {
	<33.901150, 27.069620, 36.194462> 0.250000
	pigment { color rgbt <1,0,0,0> }
	no_shadow
}
cylinder {
	<33.771946, 27.265347, 35.870430>,  <33.694424, 27.382782, 35.676010>, 0.100000
	pigment { color rgbt <1,0,0,0> }
	no_shadow
}
cylinder {
	<33.771946, 27.265347, 35.870430>,  <33.901150, 27.069620, 36.194462>, 0.100000
	pigment { color rgbt <1,0,0,0> }
	no_shadow
}

// particle -1
sphere {
	<33.771946, 27.265347, 35.870430> 0.100000
	pigment { color rgbt <1,0,0,0> }
	no_shadow
}
sphere {
	0, 1
	scale<0.080000,0.200000,0.300000>
	matrix <-0.151491, 0.818196, 0.554621,
		0.934192, 0.301868, -0.190158,
		-0.323009, 0.489316, -0.810083,
		33.675045, 27.412142, 35.627403>
	pigment { color rgbt <0,1,1,0> }
	no_shadow
}
cylinder {
	<34.209030, 27.798492, 36.059380>,  <33.901150, 27.069620, 36.194462>, 0.130000
	pigment { color rgbt <1,0,0,0> }
	no_shadow
}

// nucleotide -1

// particle -1
sphere {
	<34.209030, 27.798492, 36.059380> 0.250000
	pigment { color rgbt <1,0,0,0> }
	no_shadow
}
cylinder {
	<33.862312, 27.809090, 35.860195>,  <33.654282, 27.815449, 35.740685>, 0.100000
	pigment { color rgbt <1,0,0,0> }
	no_shadow
}
cylinder {
	<33.862312, 27.809090, 35.860195>,  <34.209030, 27.798492, 36.059380>, 0.100000
	pigment { color rgbt <1,0,0,0> }
	no_shadow
}

// particle -1
sphere {
	<33.862312, 27.809090, 35.860195> 0.100000
	pigment { color rgbt <1,0,0,0> }
	no_shadow
}
sphere {
	0, 1
	scale<0.080000,0.200000,0.300000>
	matrix <-0.114880, 0.961119, 0.251104,
		0.485252, 0.274862, -0.830049,
		-0.866795, 0.026493, -0.497961,
		33.602272, 27.817038, 35.710808>
	pigment { color rgbt <0,1,1,0> }
	no_shadow
}
cylinder {
	<34.215229, 28.402208, 35.543472>,  <34.209030, 27.798492, 36.059380>, 0.130000
	pigment { color rgbt <1,0,0,0> }
	no_shadow
}

// nucleotide -1

// particle -1
sphere {
	<34.215229, 28.402208, 35.543472> 0.250000
	pigment { color rgbt <1,0,0,0> }
	no_shadow
}
cylinder {
	<33.832020, 28.314850, 35.617767>,  <33.602097, 28.262436, 35.662346>, 0.100000
	pigment { color rgbt <1,0,0,0> }
	no_shadow
}
cylinder {
	<33.832020, 28.314850, 35.617767>,  <34.215229, 28.402208, 35.543472>, 0.100000
	pigment { color rgbt <1,0,0,0> }
	no_shadow
}

// particle -1
sphere {
	<33.832020, 28.314850, 35.617767> 0.100000
	pigment { color rgbt <1,0,0,0> }
	no_shadow
}
sphere {
	0, 1
	scale<0.080000,0.200000,0.300000>
	matrix <-0.220511, 0.975339, 0.009447,
		-0.183222, -0.031907, -0.982554,
		-0.958021, -0.218395, 0.185739,
		33.544613, 28.249331, 35.673489>
	pigment { color rgbt <0,1,1,0> }
	no_shadow
}
cylinder {
	<33.886963, 29.006752, 35.219582>,  <34.215229, 28.402208, 35.543472>, 0.130000
	pigment { color rgbt <1,0,0,0> }
	no_shadow
}

// nucleotide -1

// particle -1
sphere {
	<33.886963, 29.006752, 35.219582> 0.250000
	pigment { color rgbt <1,0,0,0> }
	no_shadow
}
cylinder {
	<33.621784, 28.840860, 35.468899>,  <33.462677, 28.741325, 35.618488>, 0.100000
	pigment { color rgbt <1,0,0,0> }
	no_shadow
}
cylinder {
	<33.621784, 28.840860, 35.468899>,  <33.886963, 29.006752, 35.219582>, 0.100000
	pigment { color rgbt <1,0,0,0> }
	no_shadow
}

// particle -1
sphere {
	<33.621784, 28.840860, 35.468899> 0.100000
	pigment { color rgbt <1,0,0,0> }
	no_shadow
}
sphere {
	0, 1
	scale<0.080000,0.200000,0.300000>
	matrix <-0.466516, 0.879990, 0.089333,
		-0.585544, -0.231555, -0.776866,
		-0.662949, -0.414728, 0.623297,
		33.422901, 28.716442, 35.655888>
	pigment { color rgbt <0,1,1,0> }
	no_shadow
}
cylinder {
	<33.189434, 29.233788, 35.026104>,  <33.886963, 29.006752, 35.219582>, 0.130000
	pigment { color rgbt <1,0,0,0> }
	no_shadow
}

// nucleotide -1

// particle -1
sphere {
	<33.189434, 29.233788, 35.026104> 0.250000
	pigment { color rgbt <1,0,0,0> }
	no_shadow
}
cylinder {
	<33.183994, 29.129173, 35.412144>,  <33.180729, 29.066404, 35.643768>, 0.100000
	pigment { color rgbt <1,0,0,0> }
	no_shadow
}
cylinder {
	<33.183994, 29.129173, 35.412144>,  <33.189434, 29.233788, 35.026104>, 0.100000
	pigment { color rgbt <1,0,0,0> }
	no_shadow
}

// particle -1
sphere {
	<33.183994, 29.129173, 35.412144> 0.100000
	pigment { color rgbt <1,0,0,0> }
	no_shadow
}
sphere {
	0, 1
	scale<0.080000,0.200000,0.300000>
	matrix <-0.360925, 0.901400, 0.239187,
		-0.932496, -0.345074, -0.106656,
		-0.013602, -0.261535, 0.965098,
		33.179913, 29.050713, 35.701672>
	pigment { color rgbt <0,1,1,0> }
	no_shadow
}
cylinder {
	<32.419910, 29.408466, 35.276093>,  <33.189434, 29.233788, 35.026104>, 0.130000
	pigment { color rgbt <1,0,0,0> }
	no_shadow
}

// nucleotide -1

// particle -1
sphere {
	<32.419910, 29.408466, 35.276093> 0.250000
	pigment { color rgbt <1,0,0,0> }
	no_shadow
}
cylinder {
	<32.693108, 29.391172, 35.567749>,  <32.857025, 29.380796, 35.742744>, 0.100000
	pigment { color rgbt <1,0,0,0> }
	no_shadow
}
cylinder {
	<32.693108, 29.391172, 35.567749>,  <32.419910, 29.408466, 35.276093>, 0.100000
	pigment { color rgbt <1,0,0,0> }
	no_shadow
}

// particle -1
sphere {
	<32.693108, 29.391172, 35.567749> 0.100000
	pigment { color rgbt <1,0,0,0> }
	no_shadow
}
sphere {
	0, 1
	scale<0.080000,0.200000,0.300000>
	matrix <-0.394000, 0.818758, 0.417611,
		-0.615047, -0.572508, 0.542172,
		0.682994, -0.043235, 0.729143,
		32.898006, 29.378202, 35.786491>
	pigment { color rgbt <0,1,1,0> }
	no_shadow
}
cylinder {
	<32.061756, 29.502554, 35.902344>,  <32.419910, 29.408466, 35.276093>, 0.130000
	pigment { color rgbt <1,0,0,0> }
	no_shadow
}

// nucleotide -1

// particle -1
sphere {
	<32.061756, 29.502554, 35.902344> 0.250000
	pigment { color rgbt <1,0,0,0> }
	no_shadow
}
cylinder {
	<32.438637, 29.599773, 35.994587>,  <32.664764, 29.658106, 36.049934>, 0.100000
	pigment { color rgbt <1,0,0,0> }
	no_shadow
}
cylinder {
	<32.438637, 29.599773, 35.994587>,  <32.061756, 29.502554, 35.902344>, 0.100000
	pigment { color rgbt <1,0,0,0> }
	no_shadow
}

// particle -1
sphere {
	<32.438637, 29.599773, 35.994587> 0.100000
	pigment { color rgbt <1,0,0,0> }
	no_shadow
}
sphere {
	0, 1
	scale<0.080000,0.200000,0.300000>
	matrix <-0.319368, 0.859595, 0.398875,
		-0.101287, -0.449472, 0.887534,
		0.942202, 0.243049, 0.230612,
		32.721298, 29.672688, 36.063770>
	pigment { color rgbt <0,1,1,0> }
	no_shadow
}
cylinder {
	<32.090855, 29.833073, 36.579140>,  <32.061756, 29.502554, 35.902344>, 0.130000
	pigment { color rgbt <1,0,0,0> }
	no_shadow
}

// nucleotide -1

// particle -1
sphere {
	<32.090855, 29.833073, 36.579140> 0.250000
	pigment { color rgbt <1,0,0,0> }
	no_shadow
}
cylinder {
	<32.452698, 29.942986, 36.448799>,  <32.669804, 30.008934, 36.370594>, 0.100000
	pigment { color rgbt <1,0,0,0> }
	no_shadow
}
cylinder {
	<32.452698, 29.942986, 36.448799>,  <32.090855, 29.833073, 36.579140>, 0.100000
	pigment { color rgbt <1,0,0,0> }
	no_shadow
}

// particle -1
sphere {
	<32.452698, 29.942986, 36.448799> 0.100000
	pigment { color rgbt <1,0,0,0> }
	no_shadow
}
sphere {
	0, 1
	scale<0.080000,0.200000,0.300000>
	matrix <-0.134760, 0.909631, 0.392951,
		0.404384, -0.311554, 0.859888,
		0.904607, 0.274782, -0.325856,
		32.724079, 30.025419, 36.351044>
	pigment { color rgbt <0,1,1,0> }
	no_shadow
}
cylinder {
	<32.442692, 30.079370, 37.084187>,  <32.090855, 29.833073, 36.579140>, 0.130000
	pigment { color rgbt <1,0,0,0> }
	no_shadow
}

// nucleotide -1

// particle -1
sphere {
	<32.442692, 30.079370, 37.084187> 0.250000
	pigment { color rgbt <1,0,0,0> }
	no_shadow
}
cylinder {
	<32.582081, 30.261219, 36.756313>,  <32.665714, 30.370329, 36.559589>, 0.100000
	pigment { color rgbt <1,0,0,0> }
	no_shadow
}
cylinder {
	<32.582081, 30.261219, 36.756313>,  <32.442692, 30.079370, 37.084187>, 0.100000
	pigment { color rgbt <1,0,0,0> }
	no_shadow
}

// particle -1
sphere {
	<32.582081, 30.261219, 36.756313> 0.100000
	pigment { color rgbt <1,0,0,0> }
	no_shadow
}
sphere {
	0, 1
	scale<0.080000,0.200000,0.300000>
	matrix <-0.259962, 0.887071, 0.381476,
