// switches for output
#declare DRAW_BASES = 1; // possible values are 0, 1; only relevant for DNA ribbons
#declare DRAW_BASES_TYPE = 3; // possible values are 1, 2, 3; only relevant for DNA ribbons
#declare DRAW_FOG = 0; // set to 1 to enable fog

#include "colors.inc"

#include "transforms.inc"
background { rgb <1, 1, 1>}

#default {
   normal{
       ripples 0.25
       frequency 0.20
       turbulence 0.2
       lambda 5
   }
	finish {
		phong 0.1
		phong_size 40.
	}
}

// original window dimensions: 1024x640


// camera settings

camera {
	sky <0, 0.179814, -0.983701>
	up <0, 0.179814, -0.983701>
	right 1.6 * <1, 0, 0>
	location <35, 94.9851, 44.8844>
	look_at <35, 29.7336, 32.9568>
	direction <0, -65.2515, -11.9276>
	angle 67.0682
}


# declare cpy_camera_pos = <35, 94.9851, 44.8844>;
# if (DRAW_FOG = 1)
fog {
	fog_type 2
	up vnormalize(cpy_camera_pos)
	color rgbt<1,1,1,0.3>
	distance 1e-5
	fog_alt 3e-3
	fog_offset 56
}
# end


// LIGHTS

# declare lum = 6;
global_settings {
	ambient_light rgb lum * <0.05, 0.05, 0.05>
	max_trace_level 15
}# declare cpy_direct_light_amount = 0.25;
light_source
{	1000 * <-1, -1.16352, -0.803886>,
	rgb lum * cpy_direct_light_amount
	parallel
}

light_source
{	1000 * <1, 1.16352, 0.803886>,
	rgb lum * cpy_direct_light_amount
	parallel
}

// strand 0

// nucleotide -1

// particle -1
sphere {
	<24.113781, 35.449703, 34.563038> 0.250000
	pigment { color rgbt <1,0,0,0> }
	no_shadow
}
cylinder {
	<24.304615, 35.149021, 34.745174>,  <24.419115, 34.968613, 34.854454>, 0.100000
	pigment { color rgbt <1,0,0,0> }
	no_shadow
}
cylinder {
	<24.304615, 35.149021, 34.745174>,  <24.113781, 35.449703, 34.563038>, 0.100000
	pigment { color rgbt <1,0,0,0> }
	no_shadow
}

// particle -1
sphere {
	<24.304615, 35.149021, 34.745174> 0.100000
	pigment { color rgbt <1,0,0,0> }
	no_shadow
}
sphere {
	0, 1
	scale<0.080000,0.200000,0.300000>
	matrix <0.843603, 0.246421, -0.477085,
		0.246421, 0.611735, 0.751703,
		0.477085, -0.751703, 0.455338,
		24.447741, 34.923512, 34.881775>
	pigment { color rgbt <0,1,1,0> }
	no_shadow
}
cylinder {
	<24.572220, 35.700562, 35.085575>,  <24.113781, 35.449703, 34.563038>, 0.130000
	pigment { color rgbt <1,0,0,0> }
	no_shadow
}

// nucleotide -1

// particle -1
sphere {
	<24.572220, 35.700562, 35.085575> 0.250000
	pigment { color rgbt <1,0,0,0> }
	no_shadow
}
cylinder {
	<24.677216, 35.366344, 34.892506>,  <24.740213, 35.165813, 34.776665>, 0.100000
	pigment { color rgbt <1,0,0,0> }
	no_shadow
}
cylinder {
	<24.677216, 35.366344, 34.892506>,  <24.572220, 35.700562, 35.085575>, 0.100000
	pigment { color rgbt <1,0,0,0> }
	no_shadow
}

// particle -1
sphere {
	<24.677216, 35.366344, 34.892506> 0.100000
	pigment { color rgbt <1,0,0,0> }
	no_shadow
}
sphere {
	0, 1
	scale<0.080000,0.200000,0.300000>
	matrix <0.807871, 0.463834, -0.363597,
		0.527679, -0.294495, 0.796761,
		0.262487, -0.835542, -0.482669,
		24.755962, 35.115681, 34.747704>
	pigment { color rgbt <0,1,1,0> }
	no_shadow
}
cylinder {
	<25.243849, 35.429535, 35.393757>,  <24.572220, 35.700562, 35.085575>, 0.130000
	pigment { color rgbt <1,0,0,0> }
	no_shadow
}

// nucleotide -1

// particle -1
sphere {
	<25.243849, 35.429535, 35.393757> 0.250000
	pigment { color rgbt <1,0,0,0> }
	no_shadow
}
cylinder {
	<25.140503, 35.360336, 35.013584>,  <25.078495, 35.318817, 34.785480>, 0.100000
	pigment { color rgbt <1,0,0,0> }
	no_shadow
}
cylinder {
	<25.140503, 35.360336, 35.013584>,  <25.243849, 35.429535, 35.393757>, 0.100000
	pigment { color rgbt <1,0,0,0> }
	no_shadow
}

// particle -1
sphere {
	<25.140503, 35.360336, 35.013584> 0.100000
	pigment { color rgbt <1,0,0,0> }
	no_shadow
}
sphere {
	0, 1
	scale<0.080000,0.200000,0.300000>
	matrix <0.774836, 0.550470, -0.310825,
		0.576956, -0.816734, -0.008177,
		-0.258363, -0.172997, -0.950432,
		25.062994, 35.308437, 34.728455>
	pigment { color rgbt <0,1,1,0> }
	no_shadow
}
cylinder {
	<25.854063, 35.135735, 35.133339>,  <25.243849, 35.429535, 35.393757>, 0.130000
	pigment { color rgbt <1,0,0,0> }
	no_shadow
}

// nucleotide -1

// particle -1
sphere {
	<25.854063, 35.135735, 35.133339> 0.250000
	pigment { color rgbt <1,0,0,0> }
	no_shadow
}
cylinder {
	<25.644583, 35.335075, 34.856968>,  <25.518894, 35.454681, 34.691143>, 0.100000
	pigment { color rgbt <1,0,0,0> }
	no_shadow
}
cylinder {
	<25.644583, 35.335075, 34.856968>,  <25.854063, 35.135735, 35.133339>, 0.100000
	pigment { color rgbt <1,0,0,0> }
	no_shadow
}

// particle -1
sphere {
	<25.644583, 35.335075, 34.856968> 0.100000
	pigment { color rgbt <1,0,0,0> }
	no_shadow
}
sphere {
	0, 1
	scale<0.080000,0.200000,0.300000>
	matrix <0.832519, 0.471419, -0.290993,
		0.180700, -0.727605, -0.661769,
		-0.523699, 0.498352, -0.690930,
		25.487473, 35.484581, 34.649689>
	pigment { color rgbt <0,1,1,0> }
	no_shadow
}
cylinder {
	<26.113499, 34.999657, 34.407436>,  <25.854063, 35.135735, 35.133339>, 0.130000
	pigment { color rgbt <1,0,0,0> }
	no_shadow
}

// nucleotide -1

// particle -1
sphere {
	<26.113499, 34.999657, 34.407436> 0.250000
	pigment { color rgbt <1,0,0,0> }
	no_shadow
}
cylinder {
	<25.950144, 35.364475, 34.422401>,  <25.852131, 35.583366, 34.431381>, 0.100000
	pigment { color rgbt <1,0,0,0> }
	no_shadow
}
cylinder {
	<25.950144, 35.364475, 34.422401>,  <26.113499, 34.999657, 34.407436>, 0.100000
	pigment { color rgbt <1,0,0,0> }
	no_shadow
}

// particle -1
sphere {
	<25.950144, 35.364475, 34.422401> 0.100000
	pigment { color rgbt <1,0,0,0> }
	no_shadow
}
sphere {
	0, 1
	scale<0.080000,0.200000,0.300000>
	matrix <0.702593, 0.340240, -0.624980,
		-0.582739, -0.228944, -0.779743,
		-0.408385, 0.912042, 0.037417,
		25.827629, 35.638088, 34.433628>
	pigment { color rgbt <0,1,1,0> }
	no_shadow
}
cylinder {
	<25.942410, 35.148930, 33.713673>,  <26.113499, 34.999657, 34.407436>, 0.130000
	pigment { color rgbt <1,0,0,0> }
	no_shadow
}

// nucleotide -1

// particle -1
sphere {
	<25.942410, 35.148930, 33.713673> 0.250000
	pigment { color rgbt <1,0,0,0> }
	no_shadow
}
cylinder {
	<26.020672, 35.494625, 33.899059>,  <26.067629, 35.702042, 34.010292>, 0.100000
	pigment { color rgbt <1,0,0,0> }
	no_shadow
}
cylinder {
	<26.020672, 35.494625, 33.899059>,  <25.942410, 35.148930, 33.713673>, 0.100000
	pigment { color rgbt <1,0,0,0> }
	no_shadow
}

// particle -1
sphere {
	<26.020672, 35.494625, 33.899059> 0.100000
	pigment { color rgbt <1,0,0,0> }
	no_shadow
}
sphere {
	0, 1
	scale<0.080000,0.200000,0.300000>
	matrix <0.513618, 0.312294, -0.799168,
		-0.835414, 0.394407, -0.382789,
		0.195654, 0.864243, 0.463469,
		26.079369, 35.753899, 34.038101>
	pigment { color rgbt <0,1,1,0> }
	no_shadow
}
cylinder {
	<25.826223, 35.678364, 33.211025>,  <25.942410, 35.148930, 33.713673>, 0.130000
	pigment { color rgbt <1,0,0,0> }
	no_shadow
}

// nucleotide -1

// particle -1
sphere {
	<25.826223, 35.678364, 33.211025> 0.250000
	pigment { color rgbt <1,0,0,0> }
	no_shadow
}
cylinder {
	<26.071806, 35.829235, 33.488380>,  <26.219156, 35.919758, 33.654793>, 0.100000
	pigment { color rgbt <1,0,0,0> }
	no_shadow
}
cylinder {
	<26.071806, 35.829235, 33.488380>,  <25.826223, 35.678364, 33.211025>, 0.100000
	pigment { color rgbt <1,0,0,0> }
	no_shadow
}

// particle -1
sphere {
	<26.071806, 35.829235, 33.488380> 0.100000
	pigment { color rgbt <1,0,0,0> }
	no_shadow
}
sphere {
	0, 1
	scale<0.080000,0.200000,0.300000>
	matrix <0.627245, 0.300151, -0.718661,
		-0.479187, 0.876153, -0.052304,
		0.613958, 0.377180, 0.693391,
		26.255993, 35.942390, 33.696400>
	pigment { color rgbt <0,1,1,0> }
	no_shadow
}
cylinder {
	<25.916695, 36.449589, 33.225502>,  <25.826223, 35.678364, 33.211025>, 0.130000
	pigment { color rgbt <1,0,0,0> }
	no_shadow
}

// nucleotide -1

// particle -1
sphere {
	<25.916695, 36.449589, 33.225502> 0.250000
	pigment { color rgbt <1,0,0,0> }
	no_shadow
}
cylinder {
	<26.245836, 36.299507, 33.396210>,  <26.443321, 36.209457, 33.498634>, 0.100000
	pigment { color rgbt <1,0,0,0> }
	no_shadow
}
cylinder {
	<26.245836, 36.299507, 33.396210>,  <25.916695, 36.449589, 33.225502>, 0.100000
	pigment { color rgbt <1,0,0,0> }
	no_shadow
}

// particle -1
sphere {
	<26.245836, 36.299507, 33.396210> 0.100000
	pigment { color rgbt <1,0,0,0> }
	no_shadow
}
sphere {
	0, 1
	scale<0.080000,0.200000,0.300000>
	matrix <0.546698, 0.317795, -0.774679,
		0.155038, 0.870762, 0.466623,
		0.822852, -0.375207, 0.426773,
		26.492691, 36.186947, 33.524242>
	pigment { color rgbt <0,1,1,0> }
	no_shadow
}
cylinder {
	<26.399258, 36.945377, 33.004848>,  <25.916695, 36.449589, 33.225502>, 0.130000
	pigment { color rgbt <1,0,0,0> }
	no_shadow
}

// nucleotide -1

// particle -1
sphere {
	<26.399258, 36.945377, 33.004848> 0.250000
	pigment { color rgbt <1,0,0,0> }
	no_shadow
}
cylinder {
	<26.655317, 36.693714, 33.181194>,  <26.808954, 36.542717, 33.287003>, 0.100000
	pigment { color rgbt <1,0,0,0> }
	no_shadow
}
cylinder {
	<26.655317, 36.693714, 33.181194>,  <26.399258, 36.945377, 33.004848>, 0.100000
	pigment { color rgbt <1,0,0,0> }
	no_shadow
}

// particle -1
sphere {
	<26.655317, 36.693714, 33.181194> 0.100000
	pigment { color rgbt <1,0,0,0> }
	no_shadow
}
sphere {
	0, 1
	scale<0.080000,0.200000,0.300000>
	matrix <0.718370, 0.286812, -0.633785,
		0.272308, 0.722423, 0.635573,
		0.640151, -0.629161, 0.440866,
		26.847363, 36.504967, 33.313454>
	pigment { color rgbt <0,1,1,0> }
	no_shadow
}
cylinder {
	<26.859156, 37.406265, 33.209717>,  <26.399258, 36.945377, 33.004848>, 0.130000
	pigment { color rgbt <1,0,0,0> }
	no_shadow
}

// nucleotide -1

// particle -1
sphere {
	<26.859156, 37.406265, 33.209717> 0.250000
	pigment { color rgbt <1,0,0,0> }
	no_shadow
}
cylinder {
	<27.014631, 37.042313, 33.151707>,  <27.107916, 36.823940, 33.116901>, 0.100000
	pigment { color rgbt <1,0,0,0> }
	no_shadow
}
cylinder {
	<27.014631, 37.042313, 33.151707>,  <26.859156, 37.406265, 33.209717>, 0.100000
	pigment { color rgbt <1,0,0,0> }
	no_shadow
}

// particle -1
sphere {
	<27.014631, 37.042313, 33.151707> 0.100000
	pigment { color rgbt <1,0,0,0> }
	no_shadow
}
sphere {
	0, 1
	scale<0.080000,0.200000,0.300000>
	matrix <0.605621, 0.370924, -0.704016,
		0.694367, 0.185811, 0.695218,
		0.388687, -0.909884, -0.145026,
		27.131237, 36.769348, 33.108200>
	pigment { color rgbt <0,1,1,0> }
	no_shadow
}
cylinder {
	<27.540766, 37.528934, 33.297569>,  <26.859156, 37.406265, 33.209717>, 0.130000
	pigment { color rgbt <1,0,0,0> }
	no_shadow
}

// nucleotide -1

// particle -1
sphere {
	<27.540766, 37.528934, 33.297569> 0.250000
	pigment { color rgbt <1,0,0,0> }
	no_shadow
}
cylinder {
	<27.492731, 37.199570, 33.075733>,  <27.463911, 37.001949, 32.942631>, 0.100000
	pigment { color rgbt <1,0,0,0> }
	no_shadow
}
cylinder {
	<27.492731, 37.199570, 33.075733>,  <27.540766, 37.528934, 33.297569>, 0.100000
	pigment { color rgbt <1,0,0,0> }
	no_shadow
}

// particle -1
sphere {
	<27.492731, 37.199570, 33.075733> 0.100000
	pigment { color rgbt <1,0,0,0> }
	no_shadow
}
sphere {
	0, 1
	scale<0.080000,0.200000,0.300000>
	matrix <0.749892, 0.290842, -0.594200,
		0.650571, -0.487234, 0.582547,
		-0.120086, -0.823416, -0.554586,
		27.456705, 36.952545, 32.909359>
	pigment { color rgbt <0,1,1,0> }
	no_shadow
}
cylinder {
	<28.292198, 37.441696, 33.100368>,  <27.540766, 37.528934, 33.297569>, 0.130000
	pigment { color rgbt <1,0,0,0> }
	no_shadow
}

// nucleotide -1

// particle -1
sphere {
	<28.292198, 37.441696, 33.100368> 0.250000
	pigment { color rgbt <1,0,0,0> }
	no_shadow
}
cylinder {
	<28.077852, 37.202080, 32.862377>,  <27.949245, 37.058311, 32.719582>, 0.100000
	pigment { color rgbt <1,0,0,0> }
	no_shadow
}
cylinder {
	<28.077852, 37.202080, 32.862377>,  <28.292198, 37.441696, 33.100368>, 0.100000
	pigment { color rgbt <1,0,0,0> }
	no_shadow
}

// particle -1
sphere {
	<28.077852, 37.202080, 32.862377> 0.100000
	pigment { color rgbt <1,0,0,0> }
	no_shadow
}
sphere {
	0, 1
	scale<0.080000,0.200000,0.300000>
	matrix <0.508097, 0.334006, -0.793900,
		0.674305, -0.727729, 0.125390,
		-0.535863, -0.599041, -0.594979,
		27.917093, 37.022369, 32.683884>
	pigment { color rgbt <0,1,1,0> }
	no_shadow
}
cylinder {
	<28.792656, 36.970261, 32.838272>,  <28.292198, 37.441696, 33.100368>, 0.130000
	pigment { color rgbt <1,0,0,0> }
	no_shadow
}

// nucleotide -1

// particle -1
sphere {
	<28.792656, 36.970261, 32.838272> 0.250000
	pigment { color rgbt <1,0,0,0> }
	no_shadow
}
cylinder {
	<28.467152, 36.998623, 32.607529>,  <28.271849, 37.015640, 32.469082>, 0.100000
	pigment { color rgbt <1,0,0,0> }
	no_shadow
}
cylinder {
	<28.467152, 36.998623, 32.607529>,  <28.792656, 36.970261, 32.838272>, 0.100000
	pigment { color rgbt <1,0,0,0> }
	no_shadow
}

// particle -1
sphere {
	<28.467152, 36.998623, 32.607529> 0.100000
	pigment { color rgbt <1,0,0,0> }
	no_shadow
}
sphere {
	0, 1
	scale<0.080000,0.200000,0.300000>
	matrix <0.570605, 0.286130, -0.769766,
		0.110475, -0.955564, -0.273301,
		-0.813760, 0.070907, -0.576860,
		28.223024, 37.019894, 32.434471>
	pigment { color rgbt <0,1,1,0> }
	no_shadow
}
cylinder {
	<29.085268, 36.668209, 32.129112>,  <28.792656, 36.970261, 32.838272>, 0.130000
	pigment { color rgbt <1,0,0,0> }
	no_shadow
}

// nucleotide -1

// particle -1
sphere {
	<29.085268, 36.668209, 32.129112> 0.250000
	pigment { color rgbt <1,0,0,0> }
	no_shadow
}
cylinder {
	<28.749973, 36.883213, 32.092373>,  <28.548796, 37.012215, 32.070328>, 0.100000
	pigment { color rgbt <1,0,0,0> }
	no_shadow
}
cylinder {
	<28.749973, 36.883213, 32.092373>,  <29.085268, 36.668209, 32.129112>, 0.100000
	pigment { color rgbt <1,0,0,0> }
	no_shadow
}

// particle -1
sphere {
	<28.749973, 36.883213, 32.092373> 0.100000
	pigment { color rgbt <1,0,0,0> }
	no_shadow
}
sphere {
	0, 1
	scale<0.080000,0.200000,0.300000>
	matrix <0.413200, 0.516178, -0.750217,
		-0.355841, -0.666812, -0.654781,
		-0.838238, 0.537514, -0.091849,
		28.498503, 37.044468, 32.064819>
	pigment { color rgbt <0,1,1,0> }
	no_shadow
}
cylinder {
	<29.105904, 36.835835, 31.441425>,  <29.085268, 36.668209, 32.129112>, 0.130000
	pigment { color rgbt <1,0,0,0> }
	no_shadow
}

// nucleotide -1

// particle -1
sphere {
	<29.105904, 36.835835, 31.441425> 0.250000
	pigment { color rgbt <1,0,0,0> }
	no_shadow
}
cylinder {
	<28.830072, 37.083176, 31.592224>,  <28.664574, 37.231579, 31.682703>, 0.100000
	pigment { color rgbt <1,0,0,0> }
	no_shadow
}
cylinder {
	<28.830072, 37.083176, 31.592224>,  <29.105904, 36.835835, 31.441425>, 0.100000
	pigment { color rgbt <1,0,0,0> }
	no_shadow
}

// particle -1
sphere {
	<28.830072, 37.083176, 31.592224> 0.100000
	pigment { color rgbt <1,0,0,0> }
	no_shadow
}
sphere {
	0, 1
	scale<0.080000,0.200000,0.300000>
	matrix <0.240263, 0.686410, -0.686379,
		-0.683195, -0.382734, -0.621900,
		-0.689578, 0.618350, 0.376995,
		28.623199, 37.268681, 31.705322>
	pigment { color rgbt <0,1,1,0> }
	no_shadow
}
cylinder {
	<28.782301, 37.191738, 30.842945>,  <29.105904, 36.835835, 31.441425>, 0.130000
	pigment { color rgbt <1,0,0,0> }
	no_shadow
}

// nucleotide -1

// particle -1
sphere {
	<28.782301, 37.191738, 30.842945> 0.250000
	pigment { color rgbt <1,0,0,0> }
	no_shadow
}
cylinder {
	<28.717394, 37.435326, 31.153513>,  <28.678450, 37.581478, 31.339853>, 0.100000
	pigment { color rgbt <1,0,0,0> }
	no_shadow
}
cylinder {
	<28.717394, 37.435326, 31.153513>,  <28.782301, 37.191738, 30.842945>, 0.100000
	pigment { color rgbt <1,0,0,0> }
	no_shadow
}

// particle -1
sphere {
	<28.717394, 37.435326, 31.153513> 0.100000
	pigment { color rgbt <1,0,0,0> }
	no_shadow
}
sphere {
	0, 1
	scale<0.080000,0.200000,0.300000>
	matrix <0.342251, 0.772736, -0.534550,
		-0.925491, 0.178991, -0.333808,
		-0.162266, 0.608967, 0.776420,
		28.668715, 37.618015, 31.386438>
	pigment { color rgbt <0,1,1,0> }
	no_shadow
}
cylinder {
	<28.445480, 37.953342, 30.609987>,  <28.782301, 37.191738, 30.842945>, 0.130000
	pigment { color rgbt <1,0,0,0> }
	no_shadow
}

// nucleotide -1

// particle -1
sphere {
	<28.445480, 37.953342, 30.609987> 0.250000
	pigment { color rgbt <1,0,0,0> }
	no_shadow
}
cylinder {
	<28.623243, 37.997707, 30.965559>,  <28.729900, 38.024326, 31.178902>, 0.100000
	pigment { color rgbt <1,0,0,0> }
	no_shadow
}
cylinder {
	<28.623243, 37.997707, 30.965559>,  <28.445480, 37.953342, 30.609987>, 0.100000
	pigment { color rgbt <1,0,0,0> }
	no_shadow
}

// particle -1
sphere {
	<28.623243, 37.997707, 30.965559> 0.100000
	pigment { color rgbt <1,0,0,0> }
	no_shadow
}
sphere {
	0, 1
	scale<0.080000,0.200000,0.300000>
	matrix <0.375492, 0.877864, -0.297256,
		-0.813331, 0.465889, 0.348482,
		0.444408, 0.110916, 0.888932,
		28.756565, 38.030983, 31.232239>
	pigment { color rgbt <0,1,1,0> }
	no_shadow
}
cylinder {
	<28.381409, 38.615440, 30.710253>,  <28.445480, 37.953342, 30.609987>, 0.130000
	pigment { color rgbt <1,0,0,0> }
	no_shadow
}

// nucleotide -1

// particle -1
sphere {
	<28.381409, 38.615440, 30.710253> 0.250000
	pigment { color rgbt <1,0,0,0> }
	no_shadow
}
cylinder {
	<28.671026, 38.507938, 30.964350>,  <28.844797, 38.443439, 31.116808>, 0.100000
	pigment { color rgbt <1,0,0,0> }
	no_shadow
}
cylinder {
	<28.671026, 38.507938, 30.964350>,  <28.381409, 38.615440, 30.710253>, 0.100000
	pigment { color rgbt <1,0,0,0> }
	no_shadow
}

// particle -1
sphere {
	<28.671026, 38.507938, 30.964350> 0.100000
	pigment { color rgbt <1,0,0,0> }
	no_shadow
}
sphere {
	0, 1
	scale<0.080000,0.200000,0.300000>
	matrix <0.493740, 0.845041, -0.205246,
		-0.481646, 0.462252, 0.744540,
		0.724043, -0.268753, 0.635243,
		28.888239, 38.427311, 31.154922>
	pigment { color rgbt <0,1,1,0> }
	no_shadow
}
cylinder {
	<28.543406, 39.266838, 31.050137>,  <28.381409, 38.615440, 30.710253>, 0.130000
	pigment { color rgbt <1,0,0,0> }
	no_shadow
}

// nucleotide -1

// particle -1
sphere {
	<28.543406, 39.266838, 31.050137> 0.250000
	pigment { color rgbt <1,0,0,0> }
	no_shadow
}
cylinder {
	<28.845856, 39.008305, 31.091173>,  <29.027325, 38.853184, 31.115795>, 0.100000
	pigment { color rgbt <1,0,0,0> }
	no_shadow
}
cylinder {
	<28.845856, 39.008305, 31.091173>,  <28.543406, 39.266838, 31.050137>, 0.100000
	pigment { color rgbt <1,0,0,0> }
	no_shadow
}

// particle -1
sphere {
	<28.845856, 39.008305, 31.091173> 0.100000
	pigment { color rgbt <1,0,0,0> }
	no_shadow
}
sphere {
	0, 1
	scale<0.080000,0.200000,0.300000>
	matrix <0.647331, 0.715649, -0.262315,
		0.096124, 0.264754, 0.959513,
		0.756124, -0.646337, 0.102592,
		29.072693, 38.814404, 31.121950>
	pigment { color rgbt <0,1,1,0> }
	no_shadow
}
cylinder {
	<28.958860, 39.665955, 31.203402>,  <28.543406, 39.266838, 31.050137>, 0.130000
	pigment { color rgbt <1,0,0,0> }
	no_shadow
}

// nucleotide -1

// particle -1
sphere {
	<28.958860, 39.665955, 31.203402> 0.250000
	pigment { color rgbt <1,0,0,0> }
	no_shadow
}
cylinder {
	<29.200548, 39.361794, 31.108150>,  <29.345560, 39.179295, 31.051001>, 0.100000
	pigment { color rgbt <1,0,0,0> }
	no_shadow
}
cylinder {
	<29.200548, 39.361794, 31.108150>,  <28.958860, 39.665955, 31.203402>, 0.100000
	pigment { color rgbt <1,0,0,0> }
	no_shadow
}

// particle -1
sphere {
	<29.200548, 39.361794, 31.108150> 0.100000
	pigment { color rgbt <1,0,0,0> }
	no_shadow
}
sphere {
	0, 1
	scale<0.080000,0.200000,0.300000>
	matrix <0.705563, 0.649441, -0.283561,
		0.370270, 0.003319, 0.928918,
		0.604219, -0.760404, -0.238127,
		29.381813, 39.133671, 31.036713>
	pigment { color rgbt <0,1,1,0> }
	no_shadow
}
cylinder {
	<29.603796, 39.805012, 31.482841>,  <28.958860, 39.665955, 31.203402>, 0.130000
	pigment { color rgbt <1,0,0,0> }
	no_shadow
}

// nucleotide -1

// particle -1
sphere {
	<29.603796, 39.805012, 31.482841> 0.250000
	pigment { color rgbt <1,0,0,0> }
	no_shadow
}
cylinder {
	<29.673021, 39.560913, 31.173611>,  <29.714556, 39.414455, 30.988071>, 0.100000
	pigment { color rgbt <1,0,0,0> }
	no_shadow
}
cylinder {
	<29.673021, 39.560913, 31.173611>,  <29.603796, 39.805012, 31.482841>, 0.100000
	pigment { color rgbt <1,0,0,0> }
	no_shadow
}

// particle -1
sphere {
	<29.673021, 39.560913, 31.173611> 0.100000
	pigment { color rgbt <1,0,0,0> }
	no_shadow
}
sphere {
	0, 1
	scale<0.080000,0.200000,0.300000>
	matrix <0.641676, 0.665337, -0.381549,
		0.747196, -0.430034, 0.506724,
		0.173062, -0.610244, -0.773079,
		29.724939, 39.377838, 30.941687>
	pigment { color rgbt <0,1,1,0> }
	no_shadow
}
cylinder {
	<30.205853, 40.028736, 31.317839>,  <29.603796, 39.805012, 31.482841>, 0.130000
	pigment { color rgbt <1,0,0,0> }
	no_shadow
}

// nucleotide -1

// particle -1
sphere {
	<30.205853, 40.028736, 31.317839> 0.250000
	pigment { color rgbt <1,0,0,0> }
	no_shadow
}
cylinder {
	<30.088846, 39.795731, 31.014496>,  <30.018642, 39.655926, 30.832489>, 0.100000
	pigment { color rgbt <1,0,0,0> }
	no_shadow
}
cylinder {
	<30.088846, 39.795731, 31.014496>,  <30.205853, 40.028736, 31.317839>, 0.100000
	pigment { color rgbt <1,0,0,0> }
	no_shadow
}

// particle -1
sphere {
	<30.088846, 39.795731, 31.014496> 0.100000
	pigment { color rgbt <1,0,0,0> }
	no_shadow
}
sphere {
	0, 1
	scale<0.080000,0.200000,0.300000>
	matrix <0.487773, 0.591228, -0.642283,
		0.822503, -0.557786, 0.111191,
		-0.292518, -0.582516, -0.758359,
		30.001091, 39.620975, 30.786987>
	pigment { color rgbt <0,1,1,0> }
	no_shadow
}
cylinder {
	<30.863075, 39.757977, 31.024208>,  <30.205853, 40.028736, 31.317839>, 0.130000
	pigment { color rgbt <1,0,0,0> }
	no_shadow
}

// nucleotide -1

// particle -1
sphere {
	<30.863075, 39.757977, 31.024208> 0.250000
	pigment { color rgbt <1,0,0,0> }
	no_shadow
}
cylinder {
	<30.591331, 39.760223, 30.730694>,  <30.428286, 39.761574, 30.554586>, 0.100000
	pigment { color rgbt <1,0,0,0> }
	no_shadow
}
cylinder {
	<30.591331, 39.760223, 30.730694>,  <30.863075, 39.757977, 31.024208>, 0.100000
	pigment { color rgbt <1,0,0,0> }
	no_shadow
}

// particle -1
sphere {
	<30.591331, 39.760223, 30.730694> 0.100000
	pigment { color rgbt <1,0,0,0> }
	no_shadow
}
sphere {
	0, 1
	scale<0.080000,0.200000,0.300000>
	matrix <0.549549, 0.666557, -0.503684,
		0.486277, -0.745433, -0.455922,
		-0.679361, 0.005621, -0.733783,
		30.387524, 39.761909, 30.510559>
	pigment { color rgbt <0,1,1,0> }
	no_shadow
}
cylinder {
	<31.246809, 39.865261, 30.370073>,  <30.863075, 39.757977, 31.024208>, 0.130000
	pigment { color rgbt <1,0,0,0> }
	no_shadow
}

// nucleotide -1

// particle -1
sphere {
	<31.246809, 39.865261, 30.370073> 0.250000
	pigment { color rgbt <1,0,0,0> }
	no_shadow
}
cylinder {
	<30.874788, 39.958340, 30.256332>,  <30.651575, 40.014187, 30.188087>, 0.100000
	pigment { color rgbt <1,0,0,0> }
	no_shadow
}
cylinder {
	<30.874788, 39.958340, 30.256332>,  <31.246809, 39.865261, 30.370073>, 0.100000
	pigment { color rgbt <1,0,0,0> }
	no_shadow
}

// particle -1
sphere {
	<30.874788, 39.958340, 30.256332> 0.100000
	pigment { color rgbt <1,0,0,0> }
	no_shadow
}
sphere {
	0, 1
	scale<0.080000,0.200000,0.300000>
	matrix <0.365444, 0.666153, -0.650147,
		0.038133, -0.708585, -0.704594,
		-0.930052, 0.232698, -0.284350,
		30.595772, 40.028149, 30.171028>
	pigment { color rgbt <0,1,1,0> }
	no_shadow
}
cylinder {
	<31.125013, 39.729496, 29.611193>,  <31.246809, 39.865261, 30.370073>, 0.130000
	pigment { color rgbt <1,0,0,0> }
	no_shadow
}

// nucleotide -1

// particle -1
sphere {
	<31.125013, 39.729496, 29.611193> 0.250000
	pigment { color rgbt <1,0,0,0> }
	no_shadow
}
cylinder {
	<30.928547, 40.044758, 29.759556>,  <30.810667, 40.233913, 29.848574>, 0.100000
	pigment { color rgbt <1,0,0,0> }
	no_shadow
}
cylinder {
	<30.928547, 40.044758, 29.759556>,  <31.125013, 39.729496, 29.611193>, 0.100000
	pigment { color rgbt <1,0,0,0> }
	no_shadow
}

// particle -1
sphere {
	<30.928547, 40.044758, 29.759556> 0.100000
	pigment { color rgbt <1,0,0,0> }
	no_shadow
}
sphere {
	0, 1
	scale<0.080000,0.200000,0.300000>
	matrix <0.593684, 0.614488, -0.519561,
		-0.637412, -0.034988, -0.769728,
		-0.491167, 0.788150, 0.370910,
		30.781197, 40.281204, 29.870829>
	pigment { color rgbt <0,1,1,0> }
	no_shadow
}
cylinder {
	<31.004774, 40.186131, 29.027079>,  <31.125013, 39.729496, 29.611193>, 0.130000
	pigment { color rgbt <1,0,0,0> }
	no_shadow
}

// nucleotide -1

// particle -1
sphere {
	<31.004774, 40.186131, 29.027079> 0.250000
	pigment { color rgbt <1,0,0,0> }
	no_shadow
}
cylinder {
	<31.050179, 40.385807, 29.370687>,  <31.077421, 40.505611, 29.576853>, 0.100000
	pigment { color rgbt <1,0,0,0> }
	no_shadow
}
cylinder {
	<31.050179, 40.385807, 29.370687>,  <31.004774, 40.186131, 29.027079>, 0.100000
	pigment { color rgbt <1,0,0,0> }
	no_shadow
}

// particle -1
sphere {
	<31.050179, 40.385807, 29.370687> 0.100000
	pigment { color rgbt <1,0,0,0> }
	no_shadow
}
sphere {
	0, 1
	scale<0.080000,0.200000,0.300000>
	matrix <0.789403, 0.479690, -0.383068,
		-0.603289, 0.721599, -0.339613,
		0.113513, 0.499192, 0.859024,
		31.084232, 40.535564, 29.628395>
	pigment { color rgbt <0,1,1,0> }
	no_shadow
}
cylinder {
	<31.097332, 41.001694, 28.966621>,  <31.004774, 40.186131, 29.027079>, 0.130000
	pigment { color rgbt <1,0,0,0> }
	no_shadow
}

// nucleotide -1

// particle -1
sphere {
	<31.097332, 41.001694, 28.966621> 0.250000
	pigment { color rgbt <1,0,0,0> }
	no_shadow
}
cylinder {
	<31.277025, 40.880810, 29.302921>,  <31.384842, 40.808281, 29.504702>, 0.100000
	pigment { color rgbt <1,0,0,0> }
	no_shadow
}
cylinder {
	<31.277025, 40.880810, 29.302921>,  <31.097332, 41.001694, 28.966621>, 0.100000
	pigment { color rgbt <1,0,0,0> }
	no_shadow
}

// particle -1
sphere {
	<31.277025, 40.880810, 29.302921> 0.100000
	pigment { color rgbt <1,0,0,0> }
	no_shadow
}
sphere {
	0, 1
	scale<0.080000,0.200000,0.300000>
	matrix <0.812639, 0.529236, -0.243980,
		-0.371222, 0.792830, 0.483338,
		0.449234, -0.302209, 0.840749,
		31.411795, 40.790146, 29.555145>
	pigment { color rgbt <0,1,1,0> }
	no_shadow
}
cylinder {
	<30.336708, 41.026722, 28.732336>,  <31.097332, 41.001694, 28.966621>, 0.130000
	pigment { color rgbt <1,0,0,0> }
	no_shadow
}

// nucleotide -1

// particle -1
sphere {
	<30.336708, 41.026722, 28.732336> 0.250000
	pigment { color rgbt <1,0,0,0> }
	no_shadow
}
cylinder {
	<30.398930, 41.086372, 29.122938>,  <30.436262, 41.122162, 29.357300>, 0.100000
	pigment { color rgbt <1,0,0,0> }
	no_shadow
}
cylinder {
	<30.398930, 41.086372, 29.122938>,  <30.336708, 41.026722, 28.732336>, 0.100000
	pigment { color rgbt <1,0,0,0> }
	no_shadow
}

// particle -1
sphere {
	<30.398930, 41.086372, 29.122938> 0.100000
	pigment { color rgbt <1,0,0,0> }
	no_shadow
}
sphere {
	0, 1
	scale<0.080000,0.200000,0.300000>
	matrix <0.228366, 0.956332, -0.182423,
		-0.961068, 0.251378, 0.114708,
		0.155556, 0.149125, 0.976506,
		30.445597, 41.131111, 29.415890>
	pigment { color rgbt <0,1,1,0> }
	no_shadow
}
cylinder {
	<30.334997, 41.611824, 28.477005>,  <30.336708, 41.026722, 28.732336>, 0.130000
	pigment { color rgbt <1,0,0,0> }
	no_shadow
}

// nucleotide -1

// particle -1
sphere {
	<30.334997, 41.611824, 28.477005> 0.250000
	pigment { color rgbt <1,0,0,0> }
	no_shadow
}
cylinder {
	<30.069698, 41.372189, 28.656424>,  <29.910519, 41.228405, 28.764074>, 0.100000
	pigment { color rgbt <1,0,0,0> }
	no_shadow
}
cylinder {
	<30.069698, 41.372189, 28.656424>,  <30.334997, 41.611824, 28.477005>, 0.100000
	pigment { color rgbt <1,0,0,0> }
	no_shadow
}

// particle -1
sphere {
	<30.069698, 41.372189, 28.656424> 0.100000
	pigment { color rgbt <1,0,0,0> }
	no_shadow
}
sphere {
	0, 1
	scale<0.080000,0.200000,0.300000>
	matrix <-0.350546, 0.778210, 0.521063,
		-0.661227, 0.188358, -0.726155,
		-0.663247, -0.599091, 0.448546,
		29.870724, 41.192463, 28.790987>
	pigment { color rgbt <0,1,1,0> }
	no_shadow
}
cylinder {
	<29.737247, 41.786674, 28.295479>,  <30.334997, 41.611824, 28.477005>, 0.130000
	pigment { color rgbt <1,0,0,0> }
	no_shadow
}

// nucleotide -1

// particle -1
sphere {
	<29.737247, 41.786674, 28.295479> 0.250000
	pigment { color rgbt <1,0,0,0> }
	no_shadow
}
cylinder {
	<29.682615, 41.639767, 28.663492>,  <29.649836, 41.551620, 28.884300>, 0.100000
	pigment { color rgbt <1,0,0,0> }
	no_shadow
}
cylinder {
	<29.682615, 41.639767, 28.663492>,  <29.737247, 41.786674, 28.295479>, 0.100000
	pigment { color rgbt <1,0,0,0> }
	no_shadow
}

// particle -1
sphere {
	<29.682615, 41.639767, 28.663492> 0.100000
	pigment { color rgbt <1,0,0,0> }
	no_shadow
}
sphere {
	0, 1
	scale<0.080000,0.200000,0.300000>
	matrix <-0.413535, 0.865081, 0.283945,
		-0.900186, -0.341683, -0.270033,
		-0.136581, -0.367271, 0.920031,
		29.641642, 41.529587, 28.939501>
	pigment { color rgbt <0,1,1,0> }
	no_shadow
}
cylinder {
	<30.056479, 42.342125, 28.415115>,  <29.737247, 41.786674, 28.295479>, 0.130000
	pigment { color rgbt <1,0,0,0> }
	no_shadow
}

// nucleotide -1

// particle -1
sphere {
	<30.056479, 42.342125, 28.415115> 0.250000
	pigment { color rgbt <1,0,0,0> }
	no_shadow
}
cylinder {
	<30.310690, 42.327232, 28.723587>,  <30.463217, 42.318295, 28.908670>, 0.100000
	pigment { color rgbt <1,0,0,0> }
	no_shadow
}
cylinder {
	<30.310690, 42.327232, 28.723587>,  <30.056479, 42.342125, 28.415115>, 0.100000
	pigment { color rgbt <1,0,0,0> }
	no_shadow
}

// particle -1
sphere {
	<30.310690, 42.327232, 28.723587> 0.100000
	pigment { color rgbt <1,0,0,0> }
	no_shadow
}
sphere {
	0, 1
	scale<0.080000,0.200000,0.300000>
	matrix <0.193617, 0.974605, -0.112503,
		-0.747407, 0.220812, 0.626598,
		0.635528, -0.037234, 0.771180,
		30.501348, 42.316063, 28.954941>
	pigment { color rgbt <0,1,1,0> }
	no_shadow
}
cylinder {
	<29.912889, 42.843456, 29.015932>,  <30.056479, 42.342125, 28.415115>, 0.130000
	pigment { color rgbt <1,0,0,0> }
	no_shadow
}

// nucleotide -1

// particle -1
sphere {
	<29.912889, 42.843456, 29.015932> 0.250000
	pigment { color rgbt <1,0,0,0> }
	no_shadow
}
cylinder {
	<30.305412, 42.775421, 28.979914>,  <30.540926, 42.734600, 28.958302>, 0.100000
	pigment { color rgbt <1,0,0,0> }
	no_shadow
}
cylinder {
	<30.305412, 42.775421, 28.979914>,  <29.912889, 42.843456, 29.015932>, 0.100000
	pigment { color rgbt <1,0,0,0> }
	no_shadow
}

// particle -1
sphere {
	<30.305412, 42.775421, 28.979914> 0.100000
	pigment { color rgbt <1,0,0,0> }
	no_shadow
}
sphere {
	0, 1
	scale<0.080000,0.200000,0.300000>
	matrix <0.161059, 0.981910, -0.099567,
		0.105353, 0.083203, 0.990948,
		0.981306, -0.170091, -0.090047,
		30.599804, 42.724396, 28.952900>
	pigment { color rgbt <0,1,1,0> }
	no_shadow
}
cylinder {
	<30.350481, 43.235931, 29.575439>,  <29.912889, 42.843456, 29.015932>, 0.130000
	pigment { color rgbt <1,0,0,0> }
	no_shadow
}

// nucleotide -1

// particle -1
sphere {
	<30.350481, 43.235931, 29.575439> 0.250000
	pigment { color rgbt <1,0,0,0> }
	no_shadow
}
cylinder {
	<30.570761, 43.164612, 29.249264>,  <30.702929, 43.121819, 29.053558>, 0.100000
	pigment { color rgbt <1,0,0,0> }
	no_shadow
}
cylinder {
	<30.570761, 43.164612, 29.249264>,  <30.350481, 43.235931, 29.575439>, 0.100000
	pigment { color rgbt <1,0,0,0> }
	no_shadow
}

// particle -1
sphere {
	<30.570761, 43.164612, 29.249264> 0.100000
	pigment { color rgbt <1,0,0,0> }
	no_shadow
}
sphere {
	0, 1
	scale<0.080000,0.200000,0.300000>
	matrix <0.156581, 0.981643, -0.108898,
		0.819886, -0.067712, 0.568509,
		0.550700, -0.178301, -0.815438,
		30.735971, 43.111122, 29.004633>
	pigment { color rgbt <0,1,1,0> }
	no_shadow
}
cylinder {
	<30.621727, 43.390553, 30.301224>,  <30.350481, 43.235931, 29.575439>, 0.130000
	pigment { color rgbt <1,0,0,0> }
	no_shadow
}

// nucleotide -1

// particle -1
sphere {
	<30.621727, 43.390553, 30.301224> 0.250000
	pigment { color rgbt <1,0,0,0> }
	no_shadow
}
cylinder {
	<30.785311, 43.614407, 30.589544>,  <30.883461, 43.748718, 30.762537>, 0.100000
	pigment { color rgbt <1,0,0,0> }
	no_shadow
}
cylinder {
	<30.785311, 43.614407, 30.589544>,  <30.621727, 43.390553, 30.301224>, 0.100000
	pigment { color rgbt <1,0,0,0> }
	no_shadow
}

// particle -1
sphere {
	<30.785311, 43.614407, 30.589544> 0.100000
	pigment { color rgbt <1,0,0,0> }
	no_shadow
}
sphere {
	0, 1
	scale<0.080000,0.200000,0.300000>
	matrix <-0.581067, -0.449352, 0.678560,
		0.703642, -0.696339, 0.141419,
		0.408961, 0.559638, 0.720802,
		30.907999, 43.782299, 30.805784>
	pigment { color rgbt <0,1,1,0> }
	no_shadow
}
cylinder {
	<31.074196, 43.109196, 30.784685>,  <30.621727, 43.390553, 30.301224>, 0.130000
	pigment { color rgbt <1,0,0,0> }
	no_shadow
}

// nucleotide -1

// particle -1
sphere {
	<31.074196, 43.109196, 30.784685> 0.250000
	pigment { color rgbt <1,0,0,0> }
	no_shadow
}
cylinder {
	<30.841436, 43.385750, 30.955978>,  <30.701780, 43.551682, 31.058754>, 0.100000
	pigment { color rgbt <1,0,0,0> }
	no_shadow
}
cylinder {
	<30.841436, 43.385750, 30.955978>,  <31.074196, 43.109196, 30.784685>, 0.100000
	pigment { color rgbt <1,0,0,0> }
	no_shadow
}

// particle -1
sphere {
	<30.841436, 43.385750, 30.955978> 0.100000
	pigment { color rgbt <1,0,0,0> }
	no_shadow
}
sphere {
	0, 1
	scale<0.080000,0.200000,0.300000>
	matrix <-0.389014, -0.699042, 0.600007,
		0.714188, 0.182554, 0.675729,
		-0.581897, 0.691386, 0.428231,
		30.666868, 43.593166, 31.084448>
	pigment { color rgbt <0,1,1,0> }
	no_shadow
}
cylinder {
	<31.310759, 43.164551, 31.506372>,  <31.074196, 43.109196, 30.784685>, 0.130000
	pigment { color rgbt <1,0,0,0> }
	no_shadow
}

// nucleotide -1

// particle -1
sphere {
	<31.310759, 43.164551, 31.506372> 0.250000
	pigment { color rgbt <1,0,0,0> }
	no_shadow
}
cylinder {
	<30.928488, 43.261215, 31.439108>,  <30.699125, 43.319214, 31.398748>, 0.100000
	pigment { color rgbt <1,0,0,0> }
	no_shadow
}
cylinder {
	<30.928488, 43.261215, 31.439108>,  <31.310759, 43.164551, 31.506372>, 0.100000
	pigment { color rgbt <1,0,0,0> }
	no_shadow
}

// particle -1
sphere {
	<30.928488, 43.261215, 31.439108> 0.100000
	pigment { color rgbt <1,0,0,0> }
	no_shadow
}
sphere {
	0, 1
	scale<0.080000,0.200000,0.300000>
	matrix <-0.293668, -0.741876, 0.602809,
		0.020919, 0.625476, 0.779963,
		-0.955679, 0.241660, -0.168163,
		30.641785, 43.333714, 31.388659>
	pigment { color rgbt <0,1,1,0> }
	no_shadow
}
cylinder {
	<30.866440, 43.120556, 32.104912>,  <31.310759, 43.164551, 31.506372>, 0.130000
	pigment { color rgbt <1,0,0,0> }
	no_shadow
}

// nucleotide -1

// particle -1
sphere {
	<30.866440, 43.120556, 32.104912> 0.250000
	pigment { color rgbt <1,0,0,0> }
	no_shadow
}
cylinder {
	<30.575722, 43.089756, 31.831902>,  <30.401291, 43.071278, 31.668097>, 0.100000
	pigment { color rgbt <1,0,0,0> }
	no_shadow
}
cylinder {
	<30.575722, 43.089756, 31.831902>,  <30.866440, 43.120556, 32.104912>, 0.100000
	pigment { color rgbt <1,0,0,0> }
	no_shadow
}

// particle -1
sphere {
	<30.575722, 43.089756, 31.831902> 0.100000
	pigment { color rgbt <1,0,0,0> }
	no_shadow
}
sphere {
	0, 1
	scale<0.080000,0.200000,0.300000>
	matrix <-0.533084, -0.563368, 0.631219,
		-0.433113, 0.822610, 0.368408,
		-0.726797, -0.076997, -0.682523,
		30.357683, 43.066658, 31.627144>
	pigment { color rgbt <0,1,1,0> }
	no_shadow
}
cylinder {
	<30.257664, 43.146309, 32.536678>,  <30.866440, 43.120556, 32.104912>, 0.130000
	pigment { color rgbt <1,0,0,0> }
	no_shadow
}

// nucleotide -1

// particle -1
sphere {
	<30.257664, 43.146309, 32.536678> 0.250000
	pigment { color rgbt <1,0,0,0> }
	no_shadow
}
cylinder {
	<30.115883, 42.976887, 32.203220>,  <30.030813, 42.875233, 32.003147>, 0.100000
	pigment { color rgbt <1,0,0,0> }
	no_shadow
}
cylinder {
	<30.115883, 42.976887, 32.203220>,  <30.257664, 43.146309, 32.536678>, 0.100000
	pigment { color rgbt <1,0,0,0> }
	no_shadow
}

// particle -1
sphere {
	<30.115883, 42.976887, 32.203220> 0.100000
	pigment { color rgbt <1,0,0,0> }
	no_shadow
}
sphere {
	0, 1
	scale<0.080000,0.200000,0.300000>
	matrix <-0.589816, -0.590527, 0.550813,
		-0.725589, 0.686935, -0.040504,
		-0.354454, -0.423554, -0.833645,
		30.009546, 42.849819, 31.953127>
	pigment { color rgbt <0,1,1,0> }
	no_shadow
}
cylinder {
	<29.556828, 43.024002, 32.648945>,  <30.257664, 43.146309, 32.536678>, 0.130000
	pigment { color rgbt <1,0,0,0> }
	no_shadow
}

// nucleotide -1

// particle -1
sphere {
	<29.556828, 43.024002, 32.648945> 0.250000
	pigment { color rgbt <1,0,0,0> }
	no_shadow
}
cylinder {
	<29.623571, 42.767910, 32.349010>,  <29.663618, 42.614254, 32.169048>, 0.100000
	pigment { color rgbt <1,0,0,0> }
	no_shadow
}
cylinder {
	<29.623571, 42.767910, 32.349010>,  <29.556828, 43.024002, 32.648945>, 0.100000
	pigment { color rgbt <1,0,0,0> }
	no_shadow
}

// particle -1
sphere {
	<29.623571, 42.767910, 32.349010> 0.100000
	pigment { color rgbt <1,0,0,0> }
	no_shadow
}
sphere {
	0, 1
	scale<0.080000,0.200000,0.300000>
	matrix <-0.661268, -0.636773, 0.396542,
		-0.731357, 0.429678, -0.529616,
		0.166860, -0.640232, -0.749840,
		29.673630, 42.575840, 32.124058>
	pigment { color rgbt <0,1,1,0> }
	no_shadow
}
cylinder {
	<28.948261, 42.965324, 32.230804>,  <29.556828, 43.024002, 32.648945>, 0.130000
	pigment { color rgbt <1,0,0,0> }
	no_shadow
}

// nucleotide -1

// particle -1
sphere {
	<28.948261, 42.965324, 32.230804> 0.250000
	pigment { color rgbt <1,0,0,0> }
	no_shadow
}
cylinder {
	<29.172480, 42.635784, 32.197212>,  <29.307011, 42.438061, 32.177055>, 0.100000
	pigment { color rgbt <1,0,0,0> }
	no_shadow
}
cylinder {
	<29.172480, 42.635784, 32.197212>,  <28.948261, 42.965324, 32.230804>, 0.100000
	pigment { color rgbt <1,0,0,0> }
	no_shadow
}

// particle -1
sphere {
	<29.172480, 42.635784, 32.197212> 0.100000
	pigment { color rgbt <1,0,0,0> }
	no_shadow
}
sphere {
	0, 1
	scale<0.080000,0.200000,0.300000>
	matrix <-0.767663, -0.554981, 0.320452,
		-0.310614, -0.115158, -0.943534,
		0.560547, -0.823853, -0.083982,
		29.340643, 42.388630, 32.172016>
	pigment { color rgbt <0,1,1,0> }
	no_shadow
}
cylinder {
	<28.434593, 42.427608, 32.155582>,  <28.948261, 42.965324, 32.230804>, 0.130000
	pigment { color rgbt <1,0,0,0> }
	no_shadow
}

// nucleotide -1

// particle -1
sphere {
	<28.434593, 42.427608, 32.155582> 0.250000
	pigment { color rgbt <1,0,0,0> }
	no_shadow
}
cylinder {
	<28.742445, 42.178677, 32.212673>,  <28.927156, 42.029316, 32.246929>, 0.100000
	pigment { color rgbt <1,0,0,0> }
	no_shadow
}
cylinder {
	<28.742445, 42.178677, 32.212673>,  <28.434593, 42.427608, 32.155582>, 0.100000
	pigment { color rgbt <1,0,0,0> }
	no_shadow
}

// particle -1
sphere {
	<28.742445, 42.178677, 32.212673> 0.100000
	pigment { color rgbt <1,0,0,0> }
	no_shadow
}
sphere {
	0, 1
	scale<0.080000,0.200000,0.300000>
	matrix <-0.635242, -0.723830, 0.269329,
		-0.064303, -0.297950, -0.952413,
		0.769632, -0.622332, 0.142726,
		28.973335, 41.991978, 32.255489>
	pigment { color rgbt <0,1,1,0> }
	no_shadow
}
cylinder {
	<28.183456, 41.738152, 31.859030>,  <28.434593, 42.427608, 32.155582>, 0.130000
	pigment { color rgbt <1,0,0,0> }
	no_shadow
}

// nucleotide -1

// particle -1
sphere {
	<28.183456, 41.738152, 31.859030> 0.250000
	pigment { color rgbt <1,0,0,0> }
	no_shadow
}
cylinder {
	<28.493439, 41.658894, 32.099091>,  <28.679428, 41.611340, 32.243126>, 0.100000
	pigment { color rgbt <1,0,0,0> }
	no_shadow
}
cylinder {
	<28.493439, 41.658894, 32.099091>,  <28.183456, 41.738152, 31.859030>, 0.100000
	pigment { color rgbt <1,0,0,0> }
	no_shadow
}

// particle -1
sphere {
	<28.493439, 41.658894, 32.099091> 0.100000
	pigment { color rgbt <1,0,0,0> }
	no_shadow
}
sphere {
	0, 1
	scale<0.080000,0.200000,0.300000>
	matrix <-0.437615, -0.853358, 0.283326,
		0.456005, -0.482200, -0.748026,
		0.774953, -0.198149, 0.600153,
		28.725925, 41.599449, 32.279137>
	pigment { color rgbt <0,1,1,0> }
	no_shadow
}
cylinder {
	<28.447166, 41.027729, 31.741096>,  <28.183456, 41.738152, 31.859030>, 0.130000
	pigment { color rgbt <1,0,0,0> }
	no_shadow
}

// nucleotide -1

// particle -1
sphere {
	<28.447166, 41.027729, 31.741096> 0.250000
	pigment { color rgbt <1,0,0,0> }
	no_shadow
}
cylinder {
	<28.594433, 41.118301, 32.101803>,  <28.682793, 41.172646, 32.318226>, 0.100000
	pigment { color rgbt <1,0,0,0> }
	no_shadow
}
cylinder {
	<28.594433, 41.118301, 32.101803>,  <28.447166, 41.027729, 31.741096>, 0.100000
	pigment { color rgbt <1,0,0,0> }
	no_shadow
}

// particle -1
sphere {
	<28.594433, 41.118301, 32.101803> 0.100000
	pigment { color rgbt <1,0,0,0> }
	no_shadow
}
sphere {
	0, 1
	scale<0.080000,0.200000,0.300000>
	matrix <-0.335522, -0.872181, 0.355986,
