// switches for output
#declare DRAW_BASES = 1; // possible values are 0, 1; only relevant for DNA ribbons
#declare DRAW_BASES_TYPE = 3; // possible values are 1, 2, 3; only relevant for DNA ribbons
#declare DRAW_FOG = 0; // set to 1 to enable fog

#include "colors.inc"

#include "transforms.inc"
background { rgb <1, 1, 1>}

#default {
   normal{
       ripples 0.25
       frequency 0.20
       turbulence 0.2
       lambda 5
   }
	finish {
		phong 0.1
		phong_size 40.
	}
}

// original window dimensions: 1024x640


// camera settings

camera {
	sky <0, 0.179814, -0.983701>
	up <0, 0.179814, -0.983701>
	right 1.6 * <1, 0, 0>
	location <35, 94.9851, 44.8844>
	look_at <35, 29.7336, 32.9568>
	direction <0, -65.2515, -11.9276>
	angle 67.0682
}


# declare cpy_camera_pos = <35, 94.9851, 44.8844>;
# if (DRAW_FOG = 1)
fog {
	fog_type 2
	up vnormalize(cpy_camera_pos)
	color rgbt<1,1,1,0.3>
	distance 1e-5
	fog_alt 3e-3
	fog_offset 56
}
# end


// LIGHTS

# declare lum = 6;
global_settings {
	ambient_light rgb lum * <0.05, 0.05, 0.05>
	max_trace_level 15
}# declare cpy_direct_light_amount = 0.25;
light_source
{	1000 * <-1, -1.16352, -0.803886>,
	rgb lum * cpy_direct_light_amount
	parallel
}

light_source
{	1000 * <1, 1.16352, 0.803886>,
	rgb lum * cpy_direct_light_amount
	parallel
}

// strand 0

// nucleotide -1

// particle -1
sphere {
	<24.569147, 35.351139, 34.696678> 0.250000
	pigment { color rgbt <1,0,0,0> }
	no_shadow
}
cylinder {
	<24.547352, 34.987797, 34.862534>,  <24.534275, 34.769791, 34.962048>, 0.100000
	pigment { color rgbt <1,0,0,0> }
	no_shadow
}
cylinder {
	<24.547352, 34.987797, 34.862534>,  <24.569147, 35.351139, 34.696678>, 0.100000
	pigment { color rgbt <1,0,0,0> }
	no_shadow
}

// particle -1
sphere {
	<24.547352, 34.987797, 34.862534> 0.100000
	pigment { color rgbt <1,0,0,0> }
	no_shadow
}
sphere {
	0, 1
	scale<0.080000,0.200000,0.300000>
	matrix <0.993271, -0.006805, 0.115615,
		-0.102198, 0.418144, 0.902614,
		-0.054486, -0.908355, 0.414634,
		24.531006, 34.715290, 34.986923>
	pigment { color rgbt <0,1,1,0> }
	no_shadow
}
cylinder {
	<25.135700, 34.882431, 34.577572>,  <24.569147, 35.351139, 34.696678>, 0.130000
	pigment { color rgbt <1,0,0,0> }
	no_shadow
}

// nucleotide -1

// particle -1
sphere {
	<25.135700, 34.882431, 34.577572> 0.250000
	pigment { color rgbt <1,0,0,0> }
	no_shadow
}
cylinder {
	<25.188793, 34.725109, 34.213661>,  <25.220650, 34.630718, 33.995316>, 0.100000
	pigment { color rgbt <1,0,0,0> }
	no_shadow
}
cylinder {
	<25.188793, 34.725109, 34.213661>,  <25.135700, 34.882431, 34.577572>, 0.100000
	pigment { color rgbt <1,0,0,0> }
	no_shadow
}

// particle -1
sphere {
	<25.188793, 34.725109, 34.213661> 0.100000
	pigment { color rgbt <1,0,0,0> }
	no_shadow
}
sphere {
	0, 1
	scale<0.080000,0.200000,0.300000>
	matrix <0.928121, 0.371428, -0.025160,
		0.347813, -0.841044, 0.414333,
		0.132734, -0.393302, -0.909778,
		25.228613, 34.607117, 33.940727>
	pigment { color rgbt <0,1,1,0> }
	no_shadow
}
cylinder {
	<25.701187, 34.319275, 34.493134>,  <25.135700, 34.882431, 34.577572>, 0.130000
	pigment { color rgbt <1,0,0,0> }
	no_shadow
}

// nucleotide -1

// particle -1
sphere {
	<25.701187, 34.319275, 34.493134> 0.250000
	pigment { color rgbt <1,0,0,0> }
	no_shadow
}
cylinder {
	<25.646030, 34.556900, 34.176128>,  <25.612936, 34.699474, 33.985924>, 0.100000
	pigment { color rgbt <1,0,0,0> }
	no_shadow
}
cylinder {
	<25.646030, 34.556900, 34.176128>,  <25.701187, 34.319275, 34.493134>, 0.100000
	pigment { color rgbt <1,0,0,0> }
	no_shadow
}

// particle -1
sphere {
	<25.646030, 34.556900, 34.176128> 0.100000
	pigment { color rgbt <1,0,0,0> }
	no_shadow
}
sphere {
	0, 1
	scale<0.080000,0.200000,0.300000>
	matrix <0.963181, 0.266886, 0.032465,
		0.230797, -0.758858, -0.608988,
		-0.137894, 0.594059, -0.792514,
		25.604662, 34.735119, 33.938374>
	pigment { color rgbt <0,1,1,0> }
	no_shadow
}
cylinder {
	<26.438923, 34.635635, 34.401909>,  <25.701187, 34.319275, 34.493134>, 0.130000
	pigment { color rgbt <1,0,0,0> }
	no_shadow
}

// nucleotide -1

// particle -1
sphere {
	<26.438923, 34.635635, 34.401909> 0.250000
	pigment { color rgbt <1,0,0,0> }
	no_shadow
}
cylinder {
	<26.627325, 34.978676, 34.484535>,  <26.740366, 35.184502, 34.534111>, 0.100000
	pigment { color rgbt <1,0,0,0> }
	no_shadow
}
cylinder {
	<26.627325, 34.978676, 34.484535>,  <26.438923, 34.635635, 34.401909>, 0.100000
	pigment { color rgbt <1,0,0,0> }
	no_shadow
}

// particle -1
sphere {
	<26.627325, 34.978676, 34.484535> 0.100000
	pigment { color rgbt <1,0,0,0> }
	no_shadow
}
sphere {
	0, 1
	scale<0.080000,0.200000,0.300000>
	matrix <-0.601690, 0.141095, 0.786169,
		0.645076, -0.494579, 0.582468,
		0.471006, 0.857604, 0.206566,
		26.768627, 35.235958, 34.546505>
	pigment { color rgbt <0,1,1,0> }
	no_shadow
}
cylinder {
	<26.696054, 34.677654, 35.105083>,  <26.438923, 34.635635, 34.401909>, 0.130000
	pigment { color rgbt <1,0,0,0> }
	no_shadow
}

// nucleotide -1

// particle -1
sphere {
	<26.696054, 34.677654, 35.105083> 0.250000
	pigment { color rgbt <1,0,0,0> }
	no_shadow
}
cylinder {
	<26.574886, 35.018848, 34.935074>,  <26.502186, 35.223564, 34.833069>, 0.100000
	pigment { color rgbt <1,0,0,0> }
	no_shadow
}
cylinder {
	<26.574886, 35.018848, 34.935074>,  <26.696054, 34.677654, 35.105083>, 0.100000
	pigment { color rgbt <1,0,0,0> }
	no_shadow
}

// particle -1
sphere {
	<26.574886, 35.018848, 34.935074> 0.100000
	pigment { color rgbt <1,0,0,0> }
	no_shadow
}
sphere {
	0, 1
	scale<0.080000,0.200000,0.300000>
	matrix <-0.810924, 0.003583, 0.585140,
		0.500642, 0.521915, 0.690625,
		-0.302919, 0.852990, -0.425027,
		26.484011, 35.274746, 34.807564>
	pigment { color rgbt <0,1,1,0> }
	no_shadow
}
cylinder {
	<26.667416, 33.910191, 35.002991>,  <26.696054, 34.677654, 35.105083>, 0.130000
	pigment { color rgbt <1,0,0,0> }
	no_shadow
}

// nucleotide -1

// particle -1
sphere {
	<26.667416, 33.910191, 35.002991> 0.250000
	pigment { color rgbt <1,0,0,0> }
	no_shadow
}
cylinder {
	<26.997631, 33.741215, 34.853306>,  <27.195761, 33.639832, 34.763496>, 0.100000
	pigment { color rgbt <1,0,0,0> }
	no_shadow
}
cylinder {
	<26.997631, 33.741215, 34.853306>,  <26.667416, 33.910191, 35.002991>, 0.100000
	pigment { color rgbt <1,0,0,0> }
	no_shadow
}

// particle -1
sphere {
	<26.997631, 33.741215, 34.853306> 0.100000
	pigment { color rgbt <1,0,0,0> }
	no_shadow
}
sphere {
	0, 1
	scale<0.080000,0.200000,0.300000>
	matrix <-0.051682, -0.716890, 0.695268,
		-0.561975, -0.554630, -0.613653,
		0.825538, -0.422438, -0.374210,
		27.245293, 33.614483, 34.741043>
	pigment { color rgbt <0,1,1,0> }
	no_shadow
}
cylinder {
	<26.539181, 33.135639, 34.962818>,  <26.667416, 33.910191, 35.002991>, 0.130000
	pigment { color rgbt <1,0,0,0> }
	no_shadow
}

// nucleotide -1

// particle -1
sphere {
	<26.539181, 33.135639, 34.962818> 0.250000
	pigment { color rgbt <1,0,0,0> }
	no_shadow
}
cylinder {
	<26.936832, 33.170876, 34.987938>,  <27.175425, 33.192017, 35.003010>, 0.100000
	pigment { color rgbt <1,0,0,0> }
	no_shadow
}
cylinder {
	<26.936832, 33.170876, 34.987938>,  <26.539181, 33.135639, 34.962818>, 0.100000
	pigment { color rgbt <1,0,0,0> }
	no_shadow
}

// particle -1
sphere {
	<26.936832, 33.170876, 34.987938> 0.100000
	pigment { color rgbt <1,0,0,0> }
	no_shadow
}
sphere {
	0, 1
	scale<0.080000,0.200000,0.300000>
	matrix <0.024664, -0.749759, 0.661251,
		0.105330, -0.655822, -0.747531,
		0.994131, 0.088087, 0.062797,
		27.235071, 33.197300, 35.006779>
	pigment { color rgbt <0,1,1,0> }
	no_shadow
}
cylinder {
	<26.838654, 32.410450, 34.949280>,  <26.539181, 33.135639, 34.962818>, 0.130000
	pigment { color rgbt <1,0,0,0> }
	no_shadow
}

// nucleotide -1

// particle -1
sphere {
	<26.838654, 32.410450, 34.949280> 0.250000
	pigment { color rgbt <1,0,0,0> }
	no_shadow
}
cylinder {
	<27.102301, 32.662884, 35.112885>,  <27.260489, 32.814342, 35.211048>, 0.100000
	pigment { color rgbt <1,0,0,0> }
	no_shadow
}
cylinder {
	<27.102301, 32.662884, 35.112885>,  <26.838654, 32.410450, 34.949280>, 0.100000
	pigment { color rgbt <1,0,0,0> }
	no_shadow
}

// particle -1
sphere {
	<27.102301, 32.662884, 35.112885> 0.100000
	pigment { color rgbt <1,0,0,0> }
	no_shadow
}
sphere {
	0, 1
	scale<0.080000,0.200000,0.300000>
	matrix <0.184226, -0.662800, 0.725781,
		0.729125, -0.403024, -0.553126,
		0.659119, 0.631085, 0.409016,
		27.300035, 32.852211, 35.235588>
	pigment { color rgbt <0,1,1,0> }
	no_shadow
}
cylinder {
	<27.372383, 32.000038, 35.212624>,  <26.838654, 32.410450, 34.949280>, 0.130000
	pigment { color rgbt <1,0,0,0> }
	no_shadow
}

// nucleotide -1

// particle -1
sphere {
	<27.372383, 32.000038, 35.212624> 0.250000
	pigment { color rgbt <1,0,0,0> }
	no_shadow
}
cylinder {
	<27.442942, 32.351299, 35.390491>,  <27.485277, 32.562054, 35.497215>, 0.100000
	pigment { color rgbt <1,0,0,0> }
	no_shadow
}
cylinder {
	<27.442942, 32.351299, 35.390491>,  <27.372383, 32.000038, 35.212624>, 0.100000
	pigment { color rgbt <1,0,0,0> }
	no_shadow
}

// particle -1
sphere {
	<27.442942, 32.351299, 35.390491> 0.100000
	pigment { color rgbt <1,0,0,0> }
	no_shadow
}
sphere {
	0, 1
	scale<0.080000,0.200000,0.300000>
	matrix <0.333557, -0.478357, 0.812351,
		0.926080, 0.005029, -0.377294,
		0.176396, 0.878151, 0.444674,
		27.495861, 32.614746, 35.523895>
	pigment { color rgbt <0,1,1,0> }
	no_shadow
}
cylinder {
	<27.998100, 31.949165, 35.653915>,  <27.372383, 32.000038, 35.212624>, 0.130000
	pigment { color rgbt <1,0,0,0> }
	no_shadow
}

// nucleotide -1

// particle -1
sphere {
	<27.998100, 31.949165, 35.653915> 0.250000
	pigment { color rgbt <1,0,0,0> }
	no_shadow
}
cylinder {
	<27.827671, 32.271889, 35.817635>,  <27.725414, 32.465523, 35.915867>, 0.100000
	pigment { color rgbt <1,0,0,0> }
	no_shadow
}
cylinder {
	<27.827671, 32.271889, 35.817635>,  <27.998100, 31.949165, 35.653915>, 0.100000
	pigment { color rgbt <1,0,0,0> }
	no_shadow
}

// particle -1
sphere {
	<27.827671, 32.271889, 35.817635> 0.100000
	pigment { color rgbt <1,0,0,0> }
	no_shadow
}
sphere {
	0, 1
	scale<0.080000,0.200000,0.300000>
	matrix <0.239249, -0.335823, 0.911034,
		0.872480, 0.486091, -0.049942,
		-0.426073, 0.806808, 0.409296,
		27.699848, 32.513931, 35.940422>
	pigment { color rgbt <0,1,1,0> }
	no_shadow
}
cylinder {
	<28.486469, 32.217247, 36.155968>,  <27.998100, 31.949165, 35.653915>, 0.130000
	pigment { color rgbt <1,0,0,0> }
	no_shadow
}

// nucleotide -1

// particle -1
sphere {
	<28.486469, 32.217247, 36.155968> 0.250000
	pigment { color rgbt <1,0,0,0> }
	no_shadow
}
cylinder {
	<28.124594, 32.361683, 36.246433>,  <27.907469, 32.448345, 36.300713>, 0.100000
	pigment { color rgbt <1,0,0,0> }
	no_shadow
}
cylinder {
	<28.124594, 32.361683, 36.246433>,  <28.486469, 32.217247, 36.155968>, 0.100000
	pigment { color rgbt <1,0,0,0> }
	no_shadow
}

// particle -1
sphere {
	<28.124594, 32.361683, 36.246433> 0.100000
	pigment { color rgbt <1,0,0,0> }
	no_shadow
}
sphere {
	0, 1
	scale<0.080000,0.200000,0.300000>
	matrix <0.061303, -0.414973, 0.907766,
		0.421638, 0.835111, 0.353286,
		-0.904690, 0.361091, 0.226163,
		27.853188, 32.470009, 36.314281>
	pigment { color rgbt <0,1,1,0> }
	no_shadow
}
cylinder {
	<28.529778, 32.427742, 36.810017>,  <28.486469, 32.217247, 36.155968>, 0.130000
	pigment { color rgbt <1,0,0,0> }
	no_shadow
}

// nucleotide -1

// particle -1
sphere {
	<28.529778, 32.427742, 36.810017> 0.250000
	pigment { color rgbt <1,0,0,0> }
	no_shadow
}
cylinder {
	<28.152269, 32.312588, 36.744995>,  <27.925764, 32.243496, 36.705982>, 0.100000
	pigment { color rgbt <1,0,0,0> }
	no_shadow
}
cylinder {
	<28.152269, 32.312588, 36.744995>,  <28.529778, 32.427742, 36.810017>, 0.100000
	pigment { color rgbt <1,0,0,0> }
	no_shadow
}

// particle -1
sphere {
	<28.152269, 32.312588, 36.744995> 0.100000
	pigment { color rgbt <1,0,0,0> }
	no_shadow
}
sphere {
	0, 1
	scale<0.080000,0.200000,0.300000>
	matrix <0.021585, -0.544285, 0.838622,
		-0.329900, 0.787957, 0.519894,
		-0.943769, -0.287883, -0.162552,
		27.869139, 32.226223, 36.696228>
	pigment { color rgbt <0,1,1,0> }
	no_shadow
}
cylinder {
	<28.313457, 32.355198, 37.497459>,  <28.529778, 32.427742, 36.810017>, 0.130000
	pigment { color rgbt <1,0,0,0> }
	no_shadow
}

// nucleotide -1

// particle -1
sphere {
	<28.313457, 32.355198, 37.497459> 0.250000
	pigment { color rgbt <1,0,0,0> }
	no_shadow
}
cylinder {
	<28.037943, 32.164684, 37.278835>,  <27.872635, 32.050377, 37.147659>, 0.100000
	pigment { color rgbt <1,0,0,0> }
	no_shadow
}
cylinder {
	<28.037943, 32.164684, 37.278835>,  <28.313457, 32.355198, 37.497459>, 0.100000
	pigment { color rgbt <1,0,0,0> }
	no_shadow
}

// particle -1
sphere {
	<28.037943, 32.164684, 37.278835> 0.100000
	pigment { color rgbt <1,0,0,0> }
	no_shadow
}
sphere {
	0, 1
	scale<0.080000,0.200000,0.300000>
	matrix <-0.135825, -0.655782, 0.742631,
		-0.712126, 0.585751, 0.387003,
		-0.688787, -0.476282, -0.546560,
		27.831306, 32.021801, 37.114868>
	pigment { color rgbt <0,1,1,0> }
	no_shadow
}
cylinder {
	<27.699881, 32.231091, 37.917667>,  <28.313457, 32.355198, 37.497459>, 0.130000
	pigment { color rgbt <1,0,0,0> }
	no_shadow
}

// nucleotide -1

// particle -1
sphere {
	<27.699881, 32.231091, 37.917667> 0.250000
	pigment { color rgbt <1,0,0,0> }
	no_shadow
}
cylinder {
	<27.669945, 31.971270, 37.615017>,  <27.651983, 31.815376, 37.433426>, 0.100000
	pigment { color rgbt <1,0,0,0> }
	no_shadow
}
cylinder {
	<27.669945, 31.971270, 37.615017>,  <27.699881, 32.231091, 37.917667>, 0.100000
	pigment { color rgbt <1,0,0,0> }
	no_shadow
}

// particle -1
sphere {
	<27.669945, 31.971270, 37.615017> 0.100000
	pigment { color rgbt <1,0,0,0> }
	no_shadow
}
sphere {
	0, 1
	scale<0.080000,0.200000,0.300000>
	matrix <-0.306213, -0.707122, 0.637347,
		-0.949017, 0.279386, -0.145982,
		-0.074839, -0.649555, -0.756622,
		27.647493, 31.776403, 37.388031>
	pigment { color rgbt <0,1,1,0> }
	no_shadow
}
cylinder {
	<27.306543, 31.737881, 38.159885>,  <27.699881, 32.231091, 37.917667>, 0.130000
	pigment { color rgbt <1,0,0,0> }
	no_shadow
}

// nucleotide -1

// particle -1
sphere {
	<27.306543, 31.737881, 38.159885> 0.250000
	pigment { color rgbt <1,0,0,0> }
	no_shadow
}
cylinder {
	<27.441069, 31.565859, 37.824757>,  <27.521784, 31.462646, 37.623680>, 0.100000
	pigment { color rgbt <1,0,0,0> }
	no_shadow
}
cylinder {
	<27.441069, 31.565859, 37.824757>,  <27.306543, 31.737881, 38.159885>, 0.100000
	pigment { color rgbt <1,0,0,0> }
	no_shadow
}

// particle -1
sphere {
	<27.441069, 31.565859, 37.824757> 0.100000
	pigment { color rgbt <1,0,0,0> }
	no_shadow
}
sphere {
	0, 1
	scale<0.080000,0.200000,0.300000>
	matrix <-0.013629, -0.891774, 0.452276,
		-0.941653, -0.140686, -0.305775,
		0.336311, -0.430054, -0.837824,
		27.541962, 31.436842, 37.573410>
	pigment { color rgbt <0,1,1,0> }
	no_shadow
}
cylinder {
	<26.785032, 31.105951, 38.081856>,  <27.306543, 31.737881, 38.159885>, 0.130000
	pigment { color rgbt <1,0,0,0> }
	no_shadow
}

// nucleotide -1

// particle -1
sphere {
	<26.785032, 31.105951, 38.081856> 0.250000
	pigment { color rgbt <1,0,0,0> }
	no_shadow
}
cylinder {
	<27.111376, 31.049879, 37.857452>,  <27.307182, 31.016235, 37.722813>, 0.100000
	pigment { color rgbt <1,0,0,0> }
	no_shadow
}
cylinder {
	<27.111376, 31.049879, 37.857452>,  <26.785032, 31.105951, 38.081856>, 0.100000
	pigment { color rgbt <1,0,0,0> }
	no_shadow
}

// particle -1
sphere {
	<27.111376, 31.049879, 37.857452> 0.100000
	pigment { color rgbt <1,0,0,0> }
	no_shadow
}
sphere {
	0, 1
	scale<0.080000,0.200000,0.300000>
	matrix <0.031839, -0.957810, 0.285633,
		-0.577375, -0.250898, -0.776974,
		0.815858, -0.140179, -0.561004,
		27.356133, 31.007826, 37.689152>
	pigment { color rgbt <0,1,1,0> }
	no_shadow
}
cylinder {
	<26.626040, 30.499090, 37.628689>,  <26.785032, 31.105951, 38.081856>, 0.130000
	pigment { color rgbt <1,0,0,0> }
	no_shadow
}

// nucleotide -1

// particle -1
sphere {
	<26.626040, 30.499090, 37.628689> 0.250000
	pigment { color rgbt <1,0,0,0> }
	no_shadow
}
cylinder {
	<27.024614, 30.532335, 37.634487>,  <27.263760, 30.552282, 37.637966>, 0.100000
	pigment { color rgbt <1,0,0,0> }
	no_shadow
}
cylinder {
	<27.024614, 30.532335, 37.634487>,  <26.626040, 30.499090, 37.628689>, 0.100000
	pigment { color rgbt <1,0,0,0> }
	no_shadow
}

// particle -1
sphere {
	<27.024614, 30.532335, 37.634487> 0.100000
	pigment { color rgbt <1,0,0,0> }
	no_shadow
}
sphere {
	0, 1
	scale<0.080000,0.200000,0.300000>
	matrix <0.083054, -0.996535, 0.004463,
		0.014815, -0.003243, -0.999885,
		0.996435, 0.083111, 0.014495,
		27.323545, 30.557268, 37.638836>
	pigment { color rgbt <0,1,1,0> }
	no_shadow
}
cylinder {
	<26.876938, 29.946489, 37.137974>,  <26.626040, 30.499090, 37.628689>, 0.130000
	pigment { color rgbt <1,0,0,0> }
	no_shadow
}

// nucleotide -1

// particle -1
sphere {
	<26.876938, 29.946489, 37.137974> 0.250000
	pigment { color rgbt <1,0,0,0> }
	no_shadow
}
cylinder {
	<27.139891, 30.039661, 37.424633>,  <27.297663, 30.095564, 37.596630>, 0.100000
	pigment { color rgbt <1,0,0,0> }
	no_shadow
}
cylinder {
	<27.139891, 30.039661, 37.424633>,  <26.876938, 29.946489, 37.137974>, 0.100000
	pigment { color rgbt <1,0,0,0> }
	no_shadow
}

// particle -1
sphere {
	<27.139891, 30.039661, 37.424633> 0.100000
	pigment { color rgbt <1,0,0,0> }
	no_shadow
}
sphere {
	0, 1
	scale<0.080000,0.200000,0.300000>
	matrix <0.079590, -0.967170, 0.241345,
		0.749341, -0.101618, -0.654341,
		0.657384, 0.232928, 0.716652,
		27.337107, 30.109539, 37.639629>
	pigment { color rgbt <0,1,1,0> }
	no_shadow
}
cylinder {
	<27.427412, 29.414125, 37.074577>,  <26.876938, 29.946489, 37.137974>, 0.130000
	pigment { color rgbt <1,0,0,0> }
	no_shadow
}

// nucleotide -1

// particle -1
sphere {
	<27.427412, 29.414125, 37.074577> 0.250000
	pigment { color rgbt <1,0,0,0> }
	no_shadow
}
cylinder {
	<27.479053, 29.555429, 37.445206>,  <27.510038, 29.640213, 37.667583>, 0.100000
	pigment { color rgbt <1,0,0,0> }
	no_shadow
}
cylinder {
	<27.479053, 29.555429, 37.445206>,  <27.427412, 29.414125, 37.074577>, 0.100000
	pigment { color rgbt <1,0,0,0> }
	no_shadow
}

// particle -1
sphere {
	<27.479053, 29.555429, 37.445206> 0.100000
	pigment { color rgbt <1,0,0,0> }
	no_shadow
}
sphere {
	0, 1
	scale<0.080000,0.200000,0.300000>
	matrix <0.348239, -0.891032, 0.291189,
		0.928473, 0.285076, -0.238055,
		0.129103, 0.353261, 0.926574,
		27.517784, 29.661407, 37.723179>
	pigment { color rgbt <0,1,1,0> }
	no_shadow
}
cylinder {
	<27.932167, 29.154202, 37.353546>,  <27.427412, 29.414125, 37.074577>, 0.130000
	pigment { color rgbt <1,0,0,0> }
	no_shadow
}

// nucleotide -1

// particle -1
sphere {
	<27.932167, 29.154202, 37.353546> 0.250000
	pigment { color rgbt <1,0,0,0> }
	no_shadow
}
cylinder {
	<27.780134, 29.274195, 37.703529>,  <27.688915, 29.346191, 37.913517>, 0.100000
	pigment { color rgbt <1,0,0,0> }
	no_shadow
}
cylinder {
	<27.780134, 29.274195, 37.703529>,  <27.932167, 29.154202, 37.353546>, 0.100000
	pigment { color rgbt <1,0,0,0> }
	no_shadow
}

// particle -1
sphere {
	<27.780134, 29.274195, 37.703529> 0.100000
	pigment { color rgbt <1,0,0,0> }
	no_shadow
}
sphere {
	0, 1
	scale<0.080000,0.200000,0.300000>
	matrix <0.390555, -0.805434, 0.445806,
		0.838454, 0.511161, 0.188970,
		-0.380081, 0.299985, 0.874956,
		27.666109, 29.364189, 37.966015>
	pigment { color rgbt <0,1,1,0> }
	no_shadow
}
cylinder {
	<28.449265, 29.109098, 37.802105>,  <27.932167, 29.154202, 37.353546>, 0.130000
	pigment { color rgbt <1,0,0,0> }
	no_shadow
}

// nucleotide -1

// particle -1
sphere {
	<28.449265, 29.109098, 37.802105> 0.250000
	pigment { color rgbt <1,0,0,0> }
	no_shadow
}
cylinder {
	<28.127764, 29.119020, 38.039883>,  <27.934862, 29.124973, 38.182549>, 0.100000
	pigment { color rgbt <1,0,0,0> }
	no_shadow
}
cylinder {
	<28.127764, 29.119020, 38.039883>,  <28.449265, 29.109098, 37.802105>, 0.100000
	pigment { color rgbt <1,0,0,0> }
	no_shadow
}

// particle -1
sphere {
	<28.127764, 29.119020, 38.039883> 0.100000
	pigment { color rgbt <1,0,0,0> }
	no_shadow
}
sphere {
	0, 1
	scale<0.080000,0.200000,0.300000>
	matrix <0.376356, -0.752633, 0.540278,
		0.460800, 0.657973, 0.595596,
		-0.803754, 0.024804, 0.594445,
		27.886637, 29.126461, 38.218216>
	pigment { color rgbt <0,1,1,0> }
	no_shadow
}
cylinder {
	<28.769304, 29.032837, 38.523952>,  <28.449265, 29.109098, 37.802105>, 0.130000
	pigment { color rgbt <1,0,0,0> }
	no_shadow
}

// nucleotide -1

// particle -1
sphere {
	<28.769304, 29.032837, 38.523952> 0.250000
	pigment { color rgbt <1,0,0,0> }
	no_shadow
}
cylinder {
	<28.381079, 28.937990, 38.540829>,  <28.148144, 28.881083, 38.550953>, 0.100000
	pigment { color rgbt <1,0,0,0> }
	no_shadow
}
cylinder {
	<28.381079, 28.937990, 38.540829>,  <28.769304, 29.032837, 38.523952>, 0.100000
	pigment { color rgbt <1,0,0,0> }
	no_shadow
}

// particle -1
sphere {
	<28.381079, 28.937990, 38.540829> 0.100000
	pigment { color rgbt <1,0,0,0> }
	no_shadow
}
sphere {
	0, 1
	scale<0.080000,0.200000,0.300000>
	matrix <0.210061, -0.747742, 0.629886,
		-0.117809, 0.620207, 0.775541,
		-0.970564, -0.237117, 0.042191,
		28.089909, 28.866856, 38.553486>
	pigment { color rgbt <0,1,1,0> }
	no_shadow
}
cylinder {
	<28.708910, 28.880615, 39.241135>,  <28.769304, 29.032837, 38.523952>, 0.130000
	pigment { color rgbt <1,0,0,0> }
	no_shadow
}

// nucleotide -1

// particle -1
sphere {
	<28.708910, 28.880615, 39.241135> 0.250000
	pigment { color rgbt <1,0,0,0> }
	no_shadow
}
cylinder {
	<28.388969, 28.706816, 39.075512>,  <28.197004, 28.602535, 38.976139>, 0.100000
	pigment { color rgbt <1,0,0,0> }
	no_shadow
}
cylinder {
	<28.388969, 28.706816, 39.075512>,  <28.708910, 28.880615, 39.241135>, 0.100000
	pigment { color rgbt <1,0,0,0> }
	no_shadow
}

// particle -1
sphere {
	<28.388969, 28.706816, 39.075512> 0.100000
	pigment { color rgbt <1,0,0,0> }
	no_shadow
}
sphere {
	0, 1
	scale<0.080000,0.200000,0.300000>
	matrix <0.136543, -0.803516, 0.579412,
		-0.584458, 0.406907, 0.702022,
		-0.799853, -0.434499, -0.414061,
		28.149014, 28.576466, 38.951294>
	pigment { color rgbt <0,1,1,0> }
	no_shadow
}
cylinder {
	<28.375912, 28.492714, 39.810501>,  <28.708910, 28.880615, 39.241135>, 0.130000
	pigment { color rgbt <1,0,0,0> }
	no_shadow
}

// nucleotide -1

// particle -1
sphere {
	<28.375912, 28.492714, 39.810501> 0.250000
	pigment { color rgbt <1,0,0,0> }
	no_shadow
}
cylinder {
	<28.266626, 28.358171, 39.450008>,  <28.201056, 28.277447, 39.233711>, 0.100000
	pigment { color rgbt <1,0,0,0> }
	no_shadow
}
cylinder {
	<28.266626, 28.358171, 39.450008>,  <28.375912, 28.492714, 39.810501>, 0.100000
	pigment { color rgbt <1,0,0,0> }
	no_shadow
}

// particle -1
sphere {
	<28.266626, 28.358171, 39.450008> 0.100000
	pigment { color rgbt <1,0,0,0> }
	no_shadow
}
sphere {
	0, 1
	scale<0.080000,0.200000,0.300000>
	matrix <0.199416, -0.936329, 0.289001,
		-0.941057, -0.100760, 0.322893,
		-0.273214, -0.336356, -0.901232,
		28.184662, 28.257265, 39.179638>
	pigment { color rgbt <0,1,1,0> }
	no_shadow
}
cylinder {
	<27.924829, 27.998592, 39.952911>,  <28.375912, 28.492714, 39.810501>, 0.130000
	pigment { color rgbt <1,0,0,0> }
	no_shadow
}

// nucleotide -1

// particle -1
sphere {
	<27.924829, 27.998592, 39.952911> 0.250000
	pigment { color rgbt <1,0,0,0> }
	no_shadow
}
cylinder {
	<28.098730, 27.923267, 39.600655>,  <28.203070, 27.878073, 39.389301>, 0.100000
	pigment { color rgbt <1,0,0,0> }
	no_shadow
}
cylinder {
	<28.098730, 27.923267, 39.600655>,  <27.924829, 27.998592, 39.952911>, 0.100000
	pigment { color rgbt <1,0,0,0> }
	no_shadow
}

// particle -1
sphere {
	<28.098730, 27.923267, 39.600655> 0.100000
	pigment { color rgbt <1,0,0,0> }
	no_shadow
}
sphere {
	0, 1
	scale<0.080000,0.200000,0.300000>
	matrix <0.186501, -0.937865, 0.292620,
		-0.881027, -0.291457, -0.372618,
		0.434751, -0.188313, -0.880641,
		28.229155, 27.866774, 39.336464>
	pigment { color rgbt <0,1,1,0> }
	no_shadow
}
cylinder {
	<27.777462, 27.398840, 39.583267>,  <27.924829, 27.998592, 39.952911>, 0.130000
	pigment { color rgbt <1,0,0,0> }
	no_shadow
}

// nucleotide -1

// particle -1
sphere {
	<27.777462, 27.398840, 39.583267> 0.250000
	pigment { color rgbt <1,0,0,0> }
	no_shadow
}
cylinder {
	<28.152908, 27.486982, 39.477104>,  <28.378176, 27.539867, 39.413406>, 0.100000
	pigment { color rgbt <1,0,0,0> }
	no_shadow
}
cylinder {
	<28.152908, 27.486982, 39.477104>,  <27.777462, 27.398840, 39.583267>, 0.100000
	pigment { color rgbt <1,0,0,0> }
	no_shadow
}

// particle -1
sphere {
	<28.152908, 27.486982, 39.477104> 0.100000
	pigment { color rgbt <1,0,0,0> }
	no_shadow
}
sphere {
	0, 1
	scale<0.080000,0.200000,0.300000>
	matrix <0.305928, -0.887237, 0.345280,
		-0.159398, -0.405282, -0.900188,
		0.938616, 0.220356, -0.265411,
		28.434494, 27.553089, 39.397480>
	pigment { color rgbt <0,1,1,0> }
	no_shadow
}
cylinder {
	<27.573353, 27.006777, 40.204399>,  <27.777462, 27.398840, 39.583267>, 0.130000
	pigment { color rgbt <1,0,0,0> }
	no_shadow
}

// nucleotide -1

// particle -1
sphere {
	<27.573353, 27.006777, 40.204399> 0.250000
	pigment { color rgbt <1,0,0,0> }
	no_shadow
}
cylinder {
	<27.282341, 27.158113, 39.975468>,  <27.107733, 27.248915, 39.838108>, 0.100000
	pigment { color rgbt <1,0,0,0> }
	no_shadow
}
cylinder {
	<27.282341, 27.158113, 39.975468>,  <27.573353, 27.006777, 40.204399>, 0.100000
	pigment { color rgbt <1,0,0,0> }
	no_shadow
}

// particle -1
sphere {
	<27.282341, 27.158113, 39.975468> 0.100000
	pigment { color rgbt <1,0,0,0> }
	no_shadow
}
sphere {
	0, 1
	scale<0.080000,0.200000,0.300000>
	matrix <0.297071, -0.578224, -0.759872,
		-0.618423, -0.722852, 0.308282,
		-0.727531, 0.378341, -0.572326,
		27.064081, 27.271616, 39.803768>
	pigment { color rgbt <0,1,1,0> }
	no_shadow
}
cylinder {
	<26.989841, 26.534641, 39.979099>,  <27.573353, 27.006777, 40.204399>, 0.130000
	pigment { color rgbt <1,0,0,0> }
	no_shadow
}

// nucleotide -1

// particle -1
sphere {
	<26.989841, 26.534641, 39.979099> 0.250000
	pigment { color rgbt <1,0,0,0> }
	no_shadow
}
cylinder {
	<27.079609, 26.804420, 39.697742>,  <27.133469, 26.966288, 39.528931>, 0.100000
	pigment { color rgbt <1,0,0,0> }
	no_shadow
}
cylinder {
	<27.079609, 26.804420, 39.697742>,  <26.989841, 26.534641, 39.979099>, 0.100000
	pigment { color rgbt <1,0,0,0> }
	no_shadow
}

// particle -1
sphere {
	<27.079609, 26.804420, 39.697742> 0.100000
	pigment { color rgbt <1,0,0,0> }
	no_shadow
}
sphere {
	0, 1
	scale<0.080000,0.200000,0.300000>
	matrix <0.384744, -0.724483, -0.571923,
		-0.895326, -0.142275, -0.422077,
		0.224417, 0.674449, -0.703388,
		27.146935, 27.006756, 39.486725>
	pigment { color rgbt <0,1,1,0> }
	no_shadow
}
cylinder {
	<26.709263, 26.440243, 39.331673>,  <26.989841, 26.534641, 39.979099>, 0.130000
	pigment { color rgbt <1,0,0,0> }
	no_shadow
}

// nucleotide -1

// particle -1
sphere {
	<26.709263, 26.440243, 39.331673> 0.250000
	pigment { color rgbt <1,0,0,0> }
	no_shadow
}
cylinder {
	<27.075264, 26.595459, 39.287502>,  <27.294865, 26.688589, 39.261002>, 0.100000
	pigment { color rgbt <1,0,0,0> }
	no_shadow
}
cylinder {
	<27.075264, 26.595459, 39.287502>,  <26.709263, 26.440243, 39.331673>, 0.100000
	pigment { color rgbt <1,0,0,0> }
	no_shadow
}

// particle -1
sphere {
	<27.075264, 26.595459, 39.287502> 0.100000
	pigment { color rgbt <1,0,0,0> }
	no_shadow
}
sphere {
	0, 1
	scale<0.080000,0.200000,0.300000>
	matrix <0.333519, -0.881531, -0.334167,
		-0.227015, 0.268934, -0.936023,
		0.915002, 0.388042, -0.110427,
		27.349764, 26.711872, 39.254375>
	pigment { color rgbt <0,1,1,0> }
	no_shadow
}
cylinder {
	<26.951771, 26.359730, 38.705544>,  <26.709263, 26.440243, 39.331673>, 0.130000
	pigment { color rgbt <1,0,0,0> }
	no_shadow
}

// nucleotide -1

// particle -1
sphere {
	<26.951771, 26.359730, 38.705544> 0.250000
	pigment { color rgbt <1,0,0,0> }
	no_shadow
}
cylinder {
	<27.240911, 26.380791, 38.981140>,  <27.414396, 26.393427, 39.146500>, 0.100000
	pigment { color rgbt <1,0,0,0> }
	no_shadow
}
cylinder {
	<27.240911, 26.380791, 38.981140>,  <26.951771, 26.359730, 38.705544>, 0.100000
	pigment { color rgbt <1,0,0,0> }
	no_shadow
}

// particle -1
sphere {
	<27.240911, 26.380791, 38.981140> 0.100000
	pigment { color rgbt <1,0,0,0> }
	no_shadow
}
sphere {
	0, 1
	scale<0.080000,0.200000,0.300000>
	matrix <0.509529, -0.714134, -0.479992,
		0.466762, 0.698026, -0.543041,
		0.722851, 0.052653, 0.688995,
		27.457767, 26.396587, 39.187840>
	pigment { color rgbt <0,1,1,0> }
	no_shadow
}
cylinder {
	<27.699596, 26.468498, 38.433769>,  <26.951771, 26.359730, 38.705544>, 0.130000
	pigment { color rgbt <1,0,0,0> }
	no_shadow
}

// nucleotide -1

// particle -1
sphere {
	<27.699596, 26.468498, 38.433769> 0.250000
	pigment { color rgbt <1,0,0,0> }
	no_shadow
}
cylinder {
	<27.668491, 26.246498, 38.765053>,  <27.649828, 26.113298, 38.963821>, 0.100000
	pigment { color rgbt <1,0,0,0> }
	no_shadow
}
cylinder {
	<27.668491, 26.246498, 38.765053>,  <27.699596, 26.468498, 38.433769>, 0.100000
	pigment { color rgbt <1,0,0,0> }
	no_shadow
}

// particle -1
sphere {
	<27.668491, 26.246498, 38.765053> 0.100000
	pigment { color rgbt <1,0,0,0> }
	no_shadow
}
sphere {
	0, 1
	scale<0.080000,0.200000,0.300000>
	matrix <0.238468, -0.816965, -0.525073,
		0.968032, 0.156670, 0.195880,
		-0.077764, -0.554998, 0.828209,
		27.645163, 26.079998, 39.013515>
	pigment { color rgbt <0,1,1,0> }
	no_shadow
}
cylinder {
	<28.305922, 26.250210, 38.746624>,  <27.699596, 26.468498, 38.433769>, 0.130000
	pigment { color rgbt <1,0,0,0> }
	no_shadow
}

// nucleotide -1

// particle -1
sphere {
	<28.305922, 26.250210, 38.746624> 0.250000
	pigment { color rgbt <1,0,0,0> }
	no_shadow
}
cylinder {
	<27.997810, 25.999350, 38.792847>,  <27.812944, 25.848833, 38.820580>, 0.100000
	pigment { color rgbt <1,0,0,0> }
	no_shadow
}
cylinder {
	<27.997810, 25.999350, 38.792847>,  <28.305922, 26.250210, 38.746624>, 0.100000
	pigment { color rgbt <1,0,0,0> }
	no_shadow
}

// particle -1
sphere {
	<27.997810, 25.999350, 38.792847> 0.100000
	pigment { color rgbt <1,0,0,0> }
	no_shadow
}
sphere {
	0, 1
	scale<0.080000,0.200000,0.300000>
	matrix <0.401772, -0.617983, -0.675778,
		0.495229, -0.474108, 0.727991,
		-0.770278, -0.627151, 0.115560,
		27.766727, 25.811205, 38.827515>
	pigment { color rgbt <0,1,1,0> }
	no_shadow
}
cylinder {
	<28.591562, 25.524143, 38.934898>,  <28.305922, 26.250210, 38.746624>, 0.130000
	pigment { color rgbt <1,0,0,0> }
	no_shadow
}

// nucleotide -1

// particle -1
sphere {
	<28.591562, 25.524143, 38.934898> 0.250000
	pigment { color rgbt <1,0,0,0> }
	no_shadow
}
cylinder {
	<28.236116, 25.525337, 38.751438>,  <28.022850, 25.526054, 38.641361>, 0.100000
	pigment { color rgbt <1,0,0,0> }
	no_shadow
}
cylinder {
	<28.236116, 25.525337, 38.751438>,  <28.591562, 25.524143, 38.934898>, 0.100000
	pigment { color rgbt <1,0,0,0> }
	no_shadow
}

// particle -1
sphere {
	<28.236116, 25.525337, 38.751438> 0.100000
	pigment { color rgbt <1,0,0,0> }
	no_shadow
}
sphere {
	0, 1
	scale<0.080000,0.200000,0.300000>
	matrix <0.354248, -0.630708, -0.690446,
		-0.291335, -0.776015, 0.559397,
		-0.888613, 0.002986, -0.458649,
		27.969532, 25.526234, 38.613842>
	pigment { color rgbt <0,1,1,0> }
	no_shadow
}
cylinder {
	<28.474537, 24.848623, 38.651951>,  <28.591562, 25.524143, 38.934898>, 0.130000
	pigment { color rgbt <1,0,0,0> }
	no_shadow
}

// nucleotide -1

// particle -1
sphere {
	<28.474537, 24.848623, 38.651951> 0.250000
	pigment { color rgbt <1,0,0,0> }
	no_shadow
}
cylinder {
	<28.288986, 25.136532, 38.445358>,  <28.177656, 25.309277, 38.321404>, 0.100000
	pigment { color rgbt <1,0,0,0> }
	no_shadow
}
cylinder {
	<28.288986, 25.136532, 38.445358>,  <28.474537, 24.848623, 38.651951>, 0.100000
	pigment { color rgbt <1,0,0,0> }
	no_shadow
}

// particle -1
sphere {
	<28.288986, 25.136532, 38.445358> 0.100000
	pigment { color rgbt <1,0,0,0> }
	no_shadow
}
sphere {
	0, 1
	scale<0.080000,0.200000,0.300000>
	matrix <0.286358, -0.429876, -0.856274,
		-0.838343, -0.545102, -0.006704,
		-0.463875, 0.719771, -0.516478,
		28.149824, 25.352463, 38.290417>
	pigment { color rgbt <0,1,1,0> }
	no_shadow
}
cylinder {
	<29.079676, 24.714861, 38.946743>,  <28.474537, 24.848623, 38.651951>, 0.130000
	pigment { color rgbt <1,0,0,0> }
	no_shadow
}

// nucleotide -1

// particle -1
sphere {
	<29.079676, 24.714861, 38.946743> 0.250000
	pigment { color rgbt <1,0,0,0> }
	no_shadow
}
cylinder {
	<29.005880, 24.498699, 38.618370>,  <28.961603, 24.369001, 38.421349>, 0.100000
	pigment { color rgbt <1,0,0,0> }
	no_shadow
}
cylinder {
	<29.005880, 24.498699, 38.618370>,  <29.079676, 24.714861, 38.946743>, 0.100000
	pigment { color rgbt <1,0,0,0> }
	no_shadow
}

// particle -1
sphere {
	<29.005880, 24.498699, 38.618370> 0.100000
	pigment { color rgbt <1,0,0,0> }
	no_shadow
}
sphere {
	0, 1
	scale<0.080000,0.200000,0.300000>
	matrix <0.586913, 0.609408, -0.533061,
		0.788351, -0.580158, 0.204742,
		-0.184488, -0.540405, -0.820930,
		28.950535, 24.336578, 38.372089>
	pigment { color rgbt <0,1,1,0> }
	no_shadow
}
cylinder {
	<29.746298, 24.617065, 38.563438>,  <29.079676, 24.714861, 38.946743>, 0.130000
	pigment { color rgbt <1,0,0,0> }
	no_shadow
}

// nucleotide -1

// particle -1
sphere {
	<29.746298, 24.617065, 38.563438> 0.250000
	pigment { color rgbt <1,0,0,0> }
	no_shadow
}
cylinder {
	<29.441324, 24.581802, 38.307026>,  <29.258341, 24.560644, 38.153179>, 0.100000
	pigment { color rgbt <1,0,0,0> }
	no_shadow
}
cylinder {
	<29.441324, 24.581802, 38.307026>,  <29.746298, 24.617065, 38.563438>, 0.100000
	pigment { color rgbt <1,0,0,0> }
	no_shadow
}

// particle -1
sphere {
	<29.441324, 24.581802, 38.307026> 0.100000
	pigment { color rgbt <1,0,0,0> }
	no_shadow
}
sphere {
	0, 1
	scale<0.080000,0.200000,0.300000>
	matrix <0.498896, 0.550790, -0.669129,
		0.412064, -0.829975, -0.375959,
		-0.762435, -0.088159, -0.641032,
		29.212593, 24.555355, 38.114716>
	pigment { color rgbt <0,1,1,0> }
	no_shadow
}
cylinder {
	<30.045355, 24.496754, 37.904579>,  <29.746298, 24.617065, 38.563438>, 0.130000
	pigment { color rgbt <1,0,0,0> }
	no_shadow
}

// nucleotide -1

// particle -1
sphere {
	<30.045355, 24.496754, 37.904579> 0.250000
	pigment { color rgbt <1,0,0,0> }
	no_shadow
}
cylinder {
	<29.679396, 24.651930, 37.859928>,  <29.459820, 24.745035, 37.833138>, 0.100000
	pigment { color rgbt <1,0,0,0> }
	no_shadow
}
cylinder {
	<29.679396, 24.651930, 37.859928>,  <30.045355, 24.496754, 37.904579>, 0.100000
	pigment { color rgbt <1,0,0,0> }
	no_shadow
}

// particle -1
sphere {
	<29.679396, 24.651930, 37.859928> 0.100000
	pigment { color rgbt <1,0,0,0> }
	no_shadow
}
sphere {
	0, 1
	scale<0.080000,0.200000,0.300000>
	matrix <0.364393, 0.674661, -0.641911,
		-0.173710, -0.627962, -0.758610,
		-0.914900, 0.387939, -0.111630,
		29.404926, 24.768311, 37.826439>
	pigment { color rgbt <0,1,1,0> }
	no_shadow
}
cylinder {
	<29.912685, 24.620090, 37.182808>,  <30.045355, 24.496754, 37.904579>, 0.130000
	pigment { color rgbt <1,0,0,0> }
	no_shadow
}

// nucleotide -1

// particle -1
sphere {
	<29.912685, 24.620090, 37.182808> 0.250000
	pigment { color rgbt <1,0,0,0> }
	no_shadow
}
cylinder {
	<29.662447, 24.868076, 37.372238>,  <29.512304, 25.016869, 37.485897>, 0.100000
	pigment { color rgbt <1,0,0,0> }
	no_shadow
}
cylinder {
	<29.662447, 24.868076, 37.372238>,  <29.912685, 24.620090, 37.182808>, 0.100000
	pigment { color rgbt <1,0,0,0> }
	no_shadow
}

// particle -1
sphere {
	<29.662447, 24.868076, 37.372238> 0.100000
	pigment { color rgbt <1,0,0,0> }
	no_shadow
}
sphere {
	0, 1
	scale<0.080000,0.200000,0.300000>
	matrix <0.181582, 0.706073, -0.684462,
		-0.758722, -0.342203, -0.554290,
		-0.625594, 0.619966, 0.473575,
		29.474770, 25.054066, 37.514309>
	pigment { color rgbt <0,1,1,0> }
	no_shadow
}
cylinder {
	<29.612938, 24.975634, 36.585266>,  <29.912685, 24.620090, 37.182808>, 0.130000
	pigment { color rgbt <1,0,0,0> }
	no_shadow
}

// nucleotide -1

// particle -1
sphere {
	<29.612938, 24.975634, 36.585266> 0.250000
	pigment { color rgbt <1,0,0,0> }
	no_shadow
}
cylinder {
	<29.547308, 25.201729, 36.908646>,  <29.507931, 25.337385, 37.102673>, 0.100000
	pigment { color rgbt <1,0,0,0> }
	no_shadow
}
cylinder {
	<29.547308, 25.201729, 36.908646>,  <29.612938, 24.975634, 36.585266>, 0.100000
	pigment { color rgbt <1,0,0,0> }
	no_shadow
}

// particle -1
sphere {
	<29.547308, 25.201729, 36.908646> 0.100000
	pigment { color rgbt <1,0,0,0> }
	no_shadow
}
sphere {
	0, 1
	scale<0.080000,0.200000,0.300000>
	matrix <0.008438, 0.820327, -0.571833,
		-0.986412, -0.087002, -0.139365,
		-0.164075, 0.565239, 0.808446,
		29.498085, 25.371300, 37.151180>
	pigment { color rgbt <0,1,1,0> }
	no_shadow
}
cylinder {
	<29.208416, 25.529858, 36.248096>,  <29.612938, 24.975634, 36.585266>, 0.130000
	pigment { color rgbt <1,0,0,0> }
	no_shadow
}

// nucleotide -1

// particle -1
sphere {
	<29.208416, 25.529858, 36.248096> 0.250000
	pigment { color rgbt <1,0,0,0> }
	no_shadow
}
cylinder {
	<29.294888, 25.672682, 36.611584>,  <29.346769, 25.758377, 36.829678>, 0.100000
	pigment { color rgbt <1,0,0,0> }
	no_shadow
}
cylinder {
	<29.294888, 25.672682, 36.611584>,  <29.208416, 25.529858, 36.248096>, 0.100000
	pigment { color rgbt <1,0,0,0> }
	no_shadow
}

// particle -1
sphere {
	<29.294888, 25.672682, 36.611584> 0.100000
	pigment { color rgbt <1,0,0,0> }
	no_shadow
}
sphere {
	0, 1
	scale<0.080000,0.200000,0.300000>
	matrix <0.042308, 0.926429, -0.374085,
		-0.975437, 0.119315, 0.185167,
		0.216178, 0.357062, 0.908721,
		29.359741, 25.779800, 36.884201>
	pigment { color rgbt <0,1,1,0> }
	no_shadow
}
cylinder {
	<28.767023, 26.180166, 36.431679>,  <29.208416, 25.529858, 36.248096>, 0.130000
	pigment { color rgbt <1,0,0,0> }
	no_shadow
}

// nucleotide -1

// particle -1
sphere {
	<28.767023, 26.180166, 36.431679> 0.250000
	pigment { color rgbt <1,0,0,0> }
	no_shadow
}
cylinder {
	<29.082251, 26.187071, 36.677814>,  <29.271387, 26.191214, 36.825497>, 0.100000
	pigment { color rgbt <1,0,0,0> }
	no_shadow
}
cylinder {
	<29.082251, 26.187071, 36.677814>,  <28.767023, 26.180166, 36.431679>, 0.100000
	pigment { color rgbt <1,0,0,0> }
	no_shadow
}

// particle -1
sphere {
	<29.082251, 26.187071, 36.677814> 0.100000
	pigment { color rgbt <1,0,0,0> }
	no_shadow
}
sphere {
	0, 1
	scale<0.080000,0.200000,0.300000>
	matrix <0.145170, 0.966202, -0.213025,
		-0.598222, 0.257207, 0.758930,
		0.788071, 0.017263, 0.615342,
		29.318672, 26.192249, 36.862415>
	pigment { color rgbt <0,1,1,0> }
	no_shadow
}
cylinder {
	<28.698896, 26.765474, 36.802837>,  <28.767023, 26.180166, 36.431679>, 0.130000
	pigment { color rgbt <1,0,0,0> }
	no_shadow
}

// nucleotide -1

// particle -1
sphere {
	<28.698896, 26.765474, 36.802837> 0.250000
	pigment { color rgbt <1,0,0,0> }
	no_shadow
}
cylinder {
	<29.089748, 26.691334, 36.844532>,  <29.324259, 26.646849, 36.869549>, 0.100000
	pigment { color rgbt <1,0,0,0> }
	no_shadow
}
cylinder {
	<29.089748, 26.691334, 36.844532>,  <28.698896, 26.765474, 36.802837>, 0.100000
	pigment { color rgbt <1,0,0,0> }
	no_shadow
}

// particle -1
sphere {
	<29.089748, 26.691334, 36.844532> 0.100000
	pigment { color rgbt <1,0,0,0> }
	no_shadow
}
sphere {
	0, 1
	scale<0.080000,0.200000,0.300000>
	matrix <0.194082, 0.977641, -0.080928,
		-0.086909, 0.099308, 0.991254,
		0.977128, -0.185351, 0.104240,
		29.382887, 26.635729, 36.875805>
	pigment { color rgbt <0,1,1,0> }
	no_shadow
}
cylinder {
	<28.912386, 27.294455, 37.321381>,  <28.698896, 26.765474, 36.802837>, 0.130000
	pigment { color rgbt <1,0,0,0> }
	no_shadow
}

// nucleotide -1

// particle -1
sphere {
	<28.912386, 27.294455, 37.321381> 0.250000
	pigment { color rgbt <1,0,0,0> }
	no_shadow
}
cylinder {
	<29.239756, 27.167471, 37.129799>,  <29.436178, 27.091280, 37.014851>, 0.100000
	pigment { color rgbt <1,0,0,0> }
	no_shadow
}
cylinder {
	<29.239756, 27.167471, 37.129799>,  <28.912386, 27.294455, 37.321381>, 0.100000
	pigment { color rgbt <1,0,0,0> }
	no_shadow
}

// particle -1
sphere {
	<29.239756, 27.167471, 37.129799> 0.100000
	pigment { color rgbt <1,0,0,0> }
	no_shadow
}
sphere {
	0, 1
	scale<0.080000,0.200000,0.300000>
	matrix <0.270750, 0.948253, -0.165865,
