// switches for output
#declare DRAW_BASES = 1; // possible values are 0, 1; only relevant for DNA ribbons
#declare DRAW_BASES_TYPE = 3; // possible values are 1, 2, 3; only relevant for DNA ribbons
#declare DRAW_FOG = 0; // set to 1 to enable fog

#include "colors.inc"

#include "transforms.inc"
background { rgb <1, 1, 1>}

#default {
   normal{
       ripples 0.25
       frequency 0.20
       turbulence 0.2
       lambda 5
   }
	finish {
		phong 0.1
		phong_size 40.
	}
}

// original window dimensions: 1024x640


// camera settings

camera {
	sky <0, 0.179814, -0.983701>
	up <0, 0.179814, -0.983701>
	right 1.6 * <1, 0, 0>
	location <35, 94.9851, 44.8844>
	look_at <35, 29.7336, 32.9568>
	direction <0, -65.2515, -11.9276>
	angle 67.0682
}


# declare cpy_camera_pos = <35, 94.9851, 44.8844>;
# if (DRAW_FOG = 1)
fog {
	fog_type 2
	up vnormalize(cpy_camera_pos)
	color rgbt<1,1,1,0.3>
	distance 1e-5
	fog_alt 3e-3
	fog_offset 56
}
# end


// LIGHTS

# declare lum = 6;
global_settings {
	ambient_light rgb lum * <0.05, 0.05, 0.05>
	max_trace_level 15
}# declare cpy_direct_light_amount = 0.25;
light_source
{	1000 * <-1, -1.16352, -0.803886>,
	rgb lum * cpy_direct_light_amount
	parallel
}

light_source
{	1000 * <1, 1.16352, 0.803886>,
	rgb lum * cpy_direct_light_amount
	parallel
}

// strand 0

// nucleotide -1

// particle -1
sphere {
	<24.610672, 34.540432, 35.128387> 0.250000
	pigment { color rgbt <1,0,0,0> }
	no_shadow
}
cylinder {
	<24.462358, 34.818306, 34.881836>,  <24.373371, 34.985031, 34.733906>, 0.100000
	pigment { color rgbt <1,0,0,0> }
	no_shadow
}
cylinder {
	<24.462358, 34.818306, 34.881836>,  <24.610672, 34.540432, 35.128387>, 0.100000
	pigment { color rgbt <1,0,0,0> }
	no_shadow
}

// particle -1
sphere {
	<24.462358, 34.818306, 34.881836> 0.100000
	pigment { color rgbt <1,0,0,0> }
	no_shadow
}
sphere {
	0, 1
	scale<0.080000,0.200000,0.300000>
	matrix <0.327087, -0.523487, -0.786750,
		-0.869215, -0.493323, -0.033125,
		-0.370782, 0.694689, -0.616382,
		24.351124, 35.026714, 34.696922>
	pigment { color rgbt <0,1,1,0> }
	no_shadow
}
cylinder {
	<25.312140, 34.126877, 34.990055>,  <24.610672, 34.540432, 35.128387>, 0.130000
	pigment { color rgbt <1,0,0,0> }
	no_shadow
}

// nucleotide -1

// particle -1
sphere {
	<25.312140, 34.126877, 34.990055> 0.250000
	pigment { color rgbt <1,0,0,0> }
	no_shadow
}
cylinder {
	<25.690338, 34.049885, 34.884991>,  <25.917257, 34.003689, 34.821953>, 0.100000
	pigment { color rgbt <1,0,0,0> }
	no_shadow
}
cylinder {
	<25.690338, 34.049885, 34.884991>,  <25.312140, 34.126877, 34.990055>, 0.100000
	pigment { color rgbt <1,0,0,0> }
	no_shadow
}

// particle -1
sphere {
	<25.690338, 34.049885, 34.884991> 0.100000
	pigment { color rgbt <1,0,0,0> }
	no_shadow
}
sphere {
	0, 1
	scale<0.080000,0.200000,0.300000>
	matrix <-0.241166, 0.128079, -0.961995,
		0.218805, 0.972907, 0.074679,
		0.945496, -0.192479, -0.262657,
		25.973988, 33.992142, 34.806194>
	pigment { color rgbt <0,1,1,0> }
	no_shadow
}
cylinder {
	<25.811682, 34.527294, 35.440231>,  <25.312140, 34.126877, 34.990055>, 0.130000
	pigment { color rgbt <1,0,0,0> }
	no_shadow
}

// nucleotide -1

// particle -1
sphere {
	<25.811682, 34.527294, 35.440231> 0.250000
	pigment { color rgbt <1,0,0,0> }
	no_shadow
}
cylinder {
	<26.039476, 34.231010, 35.297665>,  <26.176153, 34.053238, 35.212124>, 0.100000
	pigment { color rgbt <1,0,0,0> }
	no_shadow
}
cylinder {
	<26.039476, 34.231010, 35.297665>,  <25.811682, 34.527294, 35.440231>, 0.100000
	pigment { color rgbt <1,0,0,0> }
	no_shadow
}

// particle -1
sphere {
	<26.039476, 34.231010, 35.297665> 0.100000
	pigment { color rgbt <1,0,0,0> }
	no_shadow
}
sphere {
	0, 1
	scale<0.080000,0.200000,0.300000>
	matrix <0.048899, -0.402299, 0.914202,
		-0.820545, -0.538053, -0.192883,
		0.569486, -0.740712, -0.356415,
		26.210321, 34.008797, 35.190739>
	pigment { color rgbt <0,1,1,0> }
	no_shadow
}
cylinder {
	<26.355595, 34.414513, 34.922646>,  <25.811682, 34.527294, 35.440231>, 0.130000
	pigment { color rgbt <1,0,0,0> }
	no_shadow
}

// nucleotide -1

// particle -1
sphere {
	<26.355595, 34.414513, 34.922646> 0.250000
	pigment { color rgbt <1,0,0,0> }
	no_shadow
}
cylinder {
	<26.589724, 34.280293, 34.627403>,  <26.730200, 34.199760, 34.450256>, 0.100000
	pigment { color rgbt <1,0,0,0> }
	no_shadow
}
cylinder {
	<26.589724, 34.280293, 34.627403>,  <26.355595, 34.414513, 34.922646>, 0.100000
	pigment { color rgbt <1,0,0,0> }
	no_shadow
}

// particle -1
sphere {
	<26.589724, 34.280293, 34.627403> 0.100000
	pigment { color rgbt <1,0,0,0> }
	no_shadow
}
sphere {
	0, 1
	scale<0.080000,0.200000,0.300000>
	matrix <-0.784234, -0.465427, -0.410311,
		-0.205854, 0.819013, -0.535576,
		0.585321, -0.335552, -0.738108,
		26.765320, 34.179626, 34.405972>
	pigment { color rgbt <0,1,1,0> }
	no_shadow
}
cylinder {
	<26.702543, 34.744843, 34.348785>,  <26.355595, 34.414513, 34.922646>, 0.130000
	pigment { color rgbt <1,0,0,0> }
	no_shadow
}

// nucleotide -1

// particle -1
sphere {
	<26.702543, 34.744843, 34.348785> 0.250000
	pigment { color rgbt <1,0,0,0> }
	no_shadow
}
cylinder {
	<27.078056, 34.750278, 34.211086>,  <27.303364, 34.753540, 34.128468>, 0.100000
	pigment { color rgbt <1,0,0,0> }
	no_shadow
}
cylinder {
	<27.078056, 34.750278, 34.211086>,  <26.702543, 34.744843, 34.348785>, 0.100000
	pigment { color rgbt <1,0,0,0> }
	no_shadow
}

// particle -1
sphere {
	<27.078056, 34.750278, 34.211086> 0.100000
	pigment { color rgbt <1,0,0,0> }
	no_shadow
}
sphere {
	0, 1
	scale<0.080000,0.200000,0.300000>
	matrix <-0.328561, -0.265236, -0.906475,
		-0.103629, 0.964088, -0.244532,
		0.938780, 0.013594, -0.344248,
		27.359690, 34.754356, 34.107811>
	pigment { color rgbt <0,1,1,0> }
	no_shadow
}
cylinder {
	<26.794233, 35.270870, 33.777939>,  <26.702543, 34.744843, 34.348785>, 0.130000
	pigment { color rgbt <1,0,0,0> }
	no_shadow
}

// nucleotide -1

// particle -1
sphere {
	<26.794233, 35.270870, 33.777939> 0.250000
	pigment { color rgbt <1,0,0,0> }
	no_shadow
}
cylinder {
	<27.057932, 34.970825, 33.757076>,  <27.216152, 34.790798, 33.744560>, 0.100000
	pigment { color rgbt <1,0,0,0> }
	no_shadow
}
cylinder {
	<27.057932, 34.970825, 33.757076>,  <26.794233, 35.270870, 33.777939>, 0.100000
	pigment { color rgbt <1,0,0,0> }
	no_shadow
}

// particle -1
sphere {
	<27.057932, 34.970825, 33.757076> 0.100000
	pigment { color rgbt <1,0,0,0> }
	no_shadow
}
sphere {
	0, 1
	scale<0.080000,0.200000,0.300000>
	matrix <-0.316182, -0.213612, -0.924337,
		0.682218, 0.625858, -0.377996,
		0.659248, -0.750115, -0.052155,
		27.255707, 34.745792, 33.741428>
	pigment { color rgbt <0,1,1,0> }
	no_shadow
}
cylinder {
	<27.114862, 35.332722, 33.127483>,  <26.794233, 35.270870, 33.777939>, 0.130000
	pigment { color rgbt <1,0,0,0> }
	no_shadow
}

// nucleotide -1

// particle -1
sphere {
	<27.114862, 35.332722, 33.127483> 0.250000
	pigment { color rgbt <1,0,0,0> }
	no_shadow
}
cylinder {
	<27.179234, 34.953686, 33.237877>,  <27.217857, 34.726265, 33.304111>, 0.100000
	pigment { color rgbt <1,0,0,0> }
	no_shadow
}
cylinder {
	<27.179234, 34.953686, 33.237877>,  <27.114862, 35.332722, 33.127483>, 0.100000
	pigment { color rgbt <1,0,0,0> }
	no_shadow
}

// particle -1
sphere {
	<27.179234, 34.953686, 33.237877> 0.100000
	pigment { color rgbt <1,0,0,0> }
	no_shadow
}
sphere {
	0, 1
	scale<0.080000,0.200000,0.300000>
	matrix <-0.238218, -0.308656, -0.920860,
		0.957786, 0.082449, -0.275406,
		0.160930, -0.947594, 0.275985,
		27.227512, 34.669407, 33.320671>
	pigment { color rgbt <0,1,1,0> }
	no_shadow
}
cylinder {
	<27.694361, 35.126617, 32.775101>,  <27.114862, 35.332722, 33.127483>, 0.130000
	pigment { color rgbt <1,0,0,0> }
	no_shadow
}

// nucleotide -1

// particle -1
sphere {
	<27.694361, 35.126617, 32.775101> 0.250000
	pigment { color rgbt <1,0,0,0> }
	no_shadow
}
cylinder {
	<27.439295, 34.831039, 32.862137>,  <27.286255, 34.653694, 32.914360>, 0.100000
	pigment { color rgbt <1,0,0,0> }
	no_shadow
}
cylinder {
	<27.439295, 34.831039, 32.862137>,  <27.694361, 35.126617, 32.775101>, 0.100000
	pigment { color rgbt <1,0,0,0> }
	no_shadow
}

// particle -1
sphere {
	<27.439295, 34.831039, 32.862137> 0.100000
	pigment { color rgbt <1,0,0,0> }
	no_shadow
}
sphere {
	0, 1
	scale<0.080000,0.200000,0.300000>
	matrix <-0.147568, -0.160056, -0.976015,
		0.756046, -0.654481, -0.006982,
		-0.637666, -0.738943, 0.217591,
		27.247995, 34.609356, 32.927414>
	pigment { color rgbt <0,1,1,0> }
	no_shadow
}
cylinder {
	<27.741993, 34.692352, 32.246250>,  <27.694361, 35.126617, 32.775101>, 0.130000
	pigment { color rgbt <1,0,0,0> }
	no_shadow
}

// nucleotide -1

// particle -1
sphere {
	<27.741993, 34.692352, 32.246250> 0.250000
	pigment { color rgbt <1,0,0,0> }
	no_shadow
}
cylinder {
	<27.412178, 34.550262, 32.422413>,  <27.214289, 34.465008, 32.528111>, 0.100000
	pigment { color rgbt <1,0,0,0> }
	no_shadow
}
cylinder {
	<27.412178, 34.550262, 32.422413>,  <27.741993, 34.692352, 32.246250>, 0.100000
	pigment { color rgbt <1,0,0,0> }
	no_shadow
}

// particle -1
sphere {
	<27.412178, 34.550262, 32.422413> 0.100000
	pigment { color rgbt <1,0,0,0> }
	no_shadow
}
sphere {
	0, 1
	scale<0.080000,0.200000,0.300000>
	matrix <-0.311912, -0.364046, -0.877600,
		0.472073, -0.860980, 0.189370,
		-0.824535, -0.355224, 0.440406,
		27.164818, 34.443695, 32.554535>
	pigment { color rgbt <0,1,1,0> }
	no_shadow
}
cylinder {
	<27.662695, 33.917770, 32.008053>,  <27.741993, 34.692352, 32.246250>, 0.130000
	pigment { color rgbt <1,0,0,0> }
	no_shadow
}

// nucleotide -1

// particle -1
sphere {
	<27.662695, 33.917770, 32.008053> 0.250000
	pigment { color rgbt <1,0,0,0> }
	no_shadow
}
cylinder {
	<27.299776, 34.055702, 32.104305>,  <27.082024, 34.138462, 32.162056>, 0.100000
	pigment { color rgbt <1,0,0,0> }
	no_shadow
}
cylinder {
	<27.299776, 34.055702, 32.104305>,  <27.662695, 33.917770, 32.008053>, 0.100000
	pigment { color rgbt <1,0,0,0> }
	no_shadow
}

// particle -1
sphere {
	<27.299776, 34.055702, 32.104305> 0.100000
	pigment { color rgbt <1,0,0,0> }
	no_shadow
}
sphere {
	0, 1
	scale<0.080000,0.200000,0.300000>
	matrix <-0.382838, -0.440734, -0.811904,
		-0.173909, -0.828764, 0.531890,
		-0.907299, 0.344825, 0.240635,
		27.027586, 34.159149, 32.176495>
	pigment { color rgbt <0,1,1,0> }
	no_shadow
}
cylinder {
	<27.235186, 33.439495, 31.708492>,  <27.662695, 33.917770, 32.008053>, 0.130000
	pigment { color rgbt <1,0,0,0> }
	no_shadow
}

// nucleotide -1

// particle -1
sphere {
	<27.235186, 33.439495, 31.708492> 0.250000
	pigment { color rgbt <1,0,0,0> }
	no_shadow
}
cylinder {
	<27.006491, 33.757236, 31.790583>,  <26.869274, 33.947884, 31.839836>, 0.100000
	pigment { color rgbt <1,0,0,0> }
	no_shadow
}
cylinder {
	<27.006491, 33.757236, 31.790583>,  <27.235186, 33.439495, 31.708492>, 0.100000
	pigment { color rgbt <1,0,0,0> }
	no_shadow
}

// particle -1
sphere {
	<27.006491, 33.757236, 31.790583> 0.100000
	pigment { color rgbt <1,0,0,0> }
	no_shadow
}
sphere {
	0, 1
	scale<0.080000,0.200000,0.300000>
	matrix <-0.545841, -0.181539, -0.817986,
		-0.612516, -0.579691, 0.537385,
		-0.571736, 0.794356, 0.205224,
		26.834970, 33.995544, 31.852150>
	pigment { color rgbt <0,1,1,0> }
	no_shadow
}
cylinder {
	<26.572029, 33.216125, 31.871468>,  <27.235186, 33.439495, 31.708492>, 0.130000
	pigment { color rgbt <1,0,0,0> }
	no_shadow
}

// nucleotide -1

// particle -1
sphere {
	<26.572029, 33.216125, 31.871468> 0.250000
	pigment { color rgbt <1,0,0,0> }
	no_shadow
}
cylinder {
	<26.546316, 33.592438, 31.738325>,  <26.530888, 33.818226, 31.658440>, 0.100000
	pigment { color rgbt <1,0,0,0> }
	no_shadow
}
cylinder {
	<26.546316, 33.592438, 31.738325>,  <26.572029, 33.216125, 31.871468>, 0.100000
	pigment { color rgbt <1,0,0,0> }
	no_shadow
}

// particle -1
sphere {
	<26.546316, 33.592438, 31.738325> 0.100000
	pigment { color rgbt <1,0,0,0> }
	no_shadow
}
sphere {
	0, 1
	scale<0.080000,0.200000,0.300000>
	matrix <-0.526495, -0.315322, -0.789541,
		-0.847745, 0.124493, 0.515588,
		-0.064284, 0.940784, -0.332858,
		26.527031, 33.874672, 31.638468>
	pigment { color rgbt <0,1,1,0> }
	no_shadow
}
cylinder {
	<25.833559, 33.348713, 31.557032>,  <26.572029, 33.216125, 31.871468>, 0.130000
	pigment { color rgbt <1,0,0,0> }
	no_shadow
}

// nucleotide -1

// particle -1
sphere {
	<25.833559, 33.348713, 31.557032> 0.250000
	pigment { color rgbt <1,0,0,0> }
	no_shadow
}
cylinder {
	<26.031887, 33.666103, 31.415859>,  <26.150885, 33.856537, 31.331156>, 0.100000
	pigment { color rgbt <1,0,0,0> }
	no_shadow
}
cylinder {
	<26.031887, 33.666103, 31.415859>,  <25.833559, 33.348713, 31.557032>, 0.100000
	pigment { color rgbt <1,0,0,0> }
	no_shadow
}

// particle -1
sphere {
	<26.031887, 33.666103, 31.415859> 0.100000
	pigment { color rgbt <1,0,0,0> }
	no_shadow
}
sphere {
	0, 1
	scale<0.080000,0.200000,0.300000>
	matrix <-0.413924, -0.141340, -0.899272,
		-0.763433, 0.591964, 0.258359,
		0.495820, 0.793474, -0.352932,
		26.180634, 33.904144, 31.309980>
	pigment { color rgbt <0,1,1,0> }
	no_shadow
}
cylinder {
	<25.351585, 33.600540, 31.093933>,  <25.833559, 33.348713, 31.557032>, 0.130000
	pigment { color rgbt <1,0,0,0> }
	no_shadow
}

// nucleotide -1

// particle -1
sphere {
	<25.351585, 33.600540, 31.093933> 0.250000
	pigment { color rgbt <1,0,0,0> }
	no_shadow
}
cylinder {
	<25.713705, 33.720768, 30.973875>,  <25.930977, 33.792904, 30.901840>, 0.100000
	pigment { color rgbt <1,0,0,0> }
	no_shadow
}
cylinder {
	<25.713705, 33.720768, 30.973875>,  <25.351585, 33.600540, 31.093933>, 0.100000
	pigment { color rgbt <1,0,0,0> }
	no_shadow
}

// particle -1
sphere {
	<25.713705, 33.720768, 30.973875> 0.100000
	pigment { color rgbt <1,0,0,0> }
	no_shadow
}
sphere {
	0, 1
	scale<0.080000,0.200000,0.300000>
	matrix <-0.322273, 0.025718, -0.946297,
		-0.276711, 0.953412, 0.120149,
		0.905301, 0.300572, -0.300143,
		25.985296, 33.810940, 30.883833>
	pigment { color rgbt <0,1,1,0> }
	no_shadow
}
cylinder {
	<25.208668, 34.126892, 30.595497>,  <25.351585, 33.600540, 31.093933>, 0.130000
	pigment { color rgbt <1,0,0,0> }
	no_shadow
}

// nucleotide -1

// particle -1
sphere {
	<25.208668, 34.126892, 30.595497> 0.250000
	pigment { color rgbt <1,0,0,0> }
	no_shadow
}
cylinder {
	<25.595304, 34.051662, 30.525839>,  <25.827288, 34.006527, 30.484043>, 0.100000
	pigment { color rgbt <1,0,0,0> }
	no_shadow
}
cylinder {
	<25.595304, 34.051662, 30.525839>,  <25.208668, 34.126892, 30.595497>, 0.100000
	pigment { color rgbt <1,0,0,0> }
	no_shadow
}

// particle -1
sphere {
	<25.595304, 34.051662, 30.525839> 0.100000
	pigment { color rgbt <1,0,0,0> }
	no_shadow
}
sphere {
	0, 1
	scale<0.080000,0.200000,0.300000>
	matrix <-0.182308, -0.026878, -0.982874,
		0.180170, 0.981787, -0.060267,
		0.966593, -0.188072, -0.174145,
		25.885283, 33.995239, 30.473595>
	pigment { color rgbt <0,1,1,0> }
	no_shadow
}
cylinder {
	<25.343990, 34.602272, 30.089802>,  <25.208668, 34.126892, 30.595497>, 0.130000
	pigment { color rgbt <1,0,0,0> }
	no_shadow
}

// nucleotide -1

// particle -1
sphere {
	<25.343990, 34.602272, 30.089802> 0.250000
	pigment { color rgbt <1,0,0,0> }
	no_shadow
}
cylinder {
	<25.618591, 34.319435, 30.021999>,  <25.783352, 34.149734, 29.981318>, 0.100000
	pigment { color rgbt <1,0,0,0> }
	no_shadow
}
cylinder {
	<25.618591, 34.319435, 30.021999>,  <25.343990, 34.602272, 30.089802>, 0.100000
	pigment { color rgbt <1,0,0,0> }
	no_shadow
}

// particle -1
sphere {
	<25.618591, 34.319435, 30.021999> 0.100000
	pigment { color rgbt <1,0,0,0> }
	no_shadow
}
sphere {
	0, 1
	scale<0.080000,0.200000,0.300000>
	matrix <-0.137116, 0.103047, -0.985180,
		0.714082, 0.699571, -0.026212,
		0.686503, -0.707094, -0.169507,
		25.824543, 34.107307, 29.971148>
	pigment { color rgbt <0,1,1,0> }
	no_shadow
}
cylinder {
	<25.783487, 34.927662, 29.453175>,  <25.343990, 34.602272, 30.089802>, 0.130000
	pigment { color rgbt <1,0,0,0> }
	no_shadow
}

// nucleotide -1

// particle -1
sphere {
	<25.783487, 34.927662, 29.453175> 0.250000
	pigment { color rgbt <1,0,0,0> }
	no_shadow
}
cylinder {
	<25.844465, 34.535686, 29.504522>,  <25.881052, 34.300503, 29.535330>, 0.100000
	pigment { color rgbt <1,0,0,0> }
	no_shadow
}
cylinder {
	<25.844465, 34.535686, 29.504522>,  <25.783487, 34.927662, 29.453175>, 0.100000
	pigment { color rgbt <1,0,0,0> }
	no_shadow
}

// particle -1
sphere {
	<25.844465, 34.535686, 29.504522> 0.100000
	pigment { color rgbt <1,0,0,0> }
	no_shadow
}
sphere {
	0, 1
	scale<0.080000,0.200000,0.300000>
	matrix <-0.212291, -0.159322, -0.964131,
		0.965242, 0.119726, -0.232321,
		0.152445, -0.979940, 0.128368,
		25.890200, 34.241703, 29.543034>
	pigment { color rgbt <0,1,1,0> }
	no_shadow
}
cylinder {
	<26.197706, 34.739754, 28.920116>,  <25.783487, 34.927662, 29.453175>, 0.130000
	pigment { color rgbt <1,0,0,0> }
	no_shadow
}

// nucleotide -1

// particle -1
sphere {
	<26.197706, 34.739754, 28.920116> 0.250000
	pigment { color rgbt <1,0,0,0> }
	no_shadow
}
cylinder {
	<26.057205, 34.384636, 29.039072>,  <25.972904, 34.171566, 29.110445>, 0.100000
	pigment { color rgbt <1,0,0,0> }
	no_shadow
}
cylinder {
	<26.057205, 34.384636, 29.039072>,  <26.197706, 34.739754, 28.920116>, 0.100000
	pigment { color rgbt <1,0,0,0> }
	no_shadow
}

// particle -1
sphere {
	<26.057205, 34.384636, 29.039072> 0.100000
	pigment { color rgbt <1,0,0,0> }
	no_shadow
}
sphere {
	0, 1
	scale<0.080000,0.200000,0.300000>
	matrix <-0.086005, -0.285690, -0.954455,
		0.932322, -0.360833, 0.023994,
		-0.351253, -0.887795, 0.297389,
		25.951830, 34.118298, 29.128288>
	pigment { color rgbt <0,1,1,0> }
	no_shadow
}
cylinder {
	<26.620016, 34.212524, 28.717146>,  <26.197706, 34.739754, 28.920116>, 0.130000
	pigment { color rgbt <1,0,0,0> }
	no_shadow
}

// nucleotide -1

// particle -1
sphere {
	<26.620016, 34.212524, 28.717146> 0.250000
	pigment { color rgbt <1,0,0,0> }
	no_shadow
}
cylinder {
	<26.255644, 34.048939, 28.738873>,  <26.037020, 33.950787, 28.751907>, 0.100000
	pigment { color rgbt <1,0,0,0> }
	no_shadow
}
cylinder {
	<26.255644, 34.048939, 28.738873>,  <26.620016, 34.212524, 28.717146>, 0.100000
	pigment { color rgbt <1,0,0,0> }
	no_shadow
}

// particle -1
sphere {
	<26.255644, 34.048939, 28.738873> 0.100000
	pigment { color rgbt <1,0,0,0> }
	no_shadow
}
sphere {
	0, 1
	scale<0.080000,0.200000,0.300000>
	matrix <0.138040, -0.426205, -0.894033,
		0.388781, -0.806904, 0.444696,
		-0.910931, -0.408969, 0.054316,
		25.982365, 33.926247, 28.755167>
	pigment { color rgbt <0,1,1,0> }
	no_shadow
}
cylinder {
	<26.695583, 33.518761, 28.486525>,  <26.620016, 34.212524, 28.717146>, 0.130000
	pigment { color rgbt <1,0,0,0> }
	no_shadow
}

// nucleotide -1

// particle -1
sphere {
	<26.695583, 33.518761, 28.486525> 0.250000
	pigment { color rgbt <1,0,0,0> }
	no_shadow
}
cylinder {
	<26.306997, 33.607285, 28.452402>,  <26.073845, 33.660400, 28.431929>, 0.100000
	pigment { color rgbt <1,0,0,0> }
	no_shadow
}
cylinder {
	<26.306997, 33.607285, 28.452402>,  <26.695583, 33.518761, 28.486525>, 0.100000
	pigment { color rgbt <1,0,0,0> }
	no_shadow
}

// particle -1
sphere {
	<26.306997, 33.607285, 28.452402> 0.100000
	pigment { color rgbt <1,0,0,0> }
	no_shadow
}
sphere {
	0, 1
	scale<0.080000,0.200000,0.300000>
	matrix <-0.044573, -0.523603, -0.850796,
		-0.232954, -0.822717, 0.518526,
		-0.971466, 0.221309, -0.085305,
		26.015558, 33.673676, 28.426811>
	pigment { color rgbt <0,1,1,0> }
	no_shadow
}
cylinder {
	<26.500578, 32.948059, 28.181799>,  <26.695583, 33.518761, 28.486525>, 0.130000
	pigment { color rgbt <1,0,0,0> }
	no_shadow
}

// nucleotide -1

// particle -1
sphere {
	<26.500578, 32.948059, 28.181799> 0.250000
	pigment { color rgbt <1,0,0,0> }
	no_shadow
}
cylinder {
	<26.177197, 33.181404, 28.150597>,  <25.983168, 33.321411, 28.131874>, 0.100000
	pigment { color rgbt <1,0,0,0> }
	no_shadow
}
cylinder {
	<26.177197, 33.181404, 28.150597>,  <26.500578, 32.948059, 28.181799>, 0.100000
	pigment { color rgbt <1,0,0,0> }
	no_shadow
}

// particle -1
sphere {
	<26.177197, 33.181404, 28.150597> 0.100000
	pigment { color rgbt <1,0,0,0> }
	no_shadow
}
sphere {
	0, 1
	scale<0.080000,0.200000,0.300000>
	matrix <-0.193949, -0.389199, -0.900504,
		-0.555685, -0.712887, 0.427793,
		-0.808454, 0.583367, -0.078008,
		25.934660, 33.356415, 28.127193>
	pigment { color rgbt <0,1,1,0> }
	no_shadow
}
cylinder {
	<25.988321, 32.506298, 28.011553>,  <26.500578, 32.948059, 28.181799>, 0.130000
	pigment { color rgbt <1,0,0,0> }
	no_shadow
}

// nucleotide -1

// particle -1
sphere {
	<25.988321, 32.506298, 28.011553> 0.250000
	pigment { color rgbt <1,0,0,0> }
	no_shadow
}
cylinder {
	<25.885202, 32.869873, 27.880486>,  <25.823332, 33.088020, 27.801846>, 0.100000
	pigment { color rgbt <1,0,0,0> }
	no_shadow
}
cylinder {
	<25.885202, 32.869873, 27.880486>,  <25.988321, 32.506298, 28.011553>, 0.100000
	pigment { color rgbt <1,0,0,0> }
	no_shadow
}

// particle -1
sphere {
	<25.885202, 32.869873, 27.880486> 0.100000
	pigment { color rgbt <1,0,0,0> }
	no_shadow
}
sphere {
	0, 1
	scale<0.080000,0.200000,0.300000>
	matrix <-0.280064, -0.394869, -0.875010,
		-0.924719, -0.133807, 0.356358,
		-0.257797, 0.908942, -0.327668,
		25.807863, 33.142555, 27.782185>
	pigment { color rgbt <0,1,1,0> }
	no_shadow
}
cylinder {
	<25.582989, 32.360756, 27.556906>,  <25.988321, 32.506298, 28.011553>, 0.130000
	pigment { color rgbt <1,0,0,0> }
	no_shadow
}

// nucleotide -1

// particle -1
sphere {
	<25.582989, 32.360756, 27.556906> 0.250000
	pigment { color rgbt <1,0,0,0> }
	no_shadow
}
cylinder {
	<25.586432, 32.754501, 27.486532>,  <25.588497, 32.990749, 27.444307>, 0.100000
	pigment { color rgbt <1,0,0,0> }
	no_shadow
}
cylinder {
	<25.586432, 32.754501, 27.486532>,  <25.582989, 32.360756, 27.556906>, 0.100000
	pigment { color rgbt <1,0,0,0> }
	no_shadow
}

// particle -1
sphere {
	<25.586432, 32.754501, 27.486532> 0.100000
	pigment { color rgbt <1,0,0,0> }
	no_shadow
}
sphere {
	0, 1
	scale<0.080000,0.200000,0.300000>
	matrix <-0.184889, -0.171340, -0.967708,
		-0.982722, 0.040855, 0.180523,
		0.008605, 0.984365, -0.175933,
		25.589012, 33.049812, 27.433752>
	pigment { color rgbt <0,1,1,0> }
	no_shadow
}
cylinder {
	<24.923645, 32.637932, 27.250418>,  <25.582989, 32.360756, 27.556906>, 0.130000
	pigment { color rgbt <1,0,0,0> }
	no_shadow
}

// nucleotide -1

// particle -1
sphere {
	<24.923645, 32.637932, 27.250418> 0.250000
	pigment { color rgbt <1,0,0,0> }
	no_shadow
}
cylinder {
	<25.243034, 32.844242, 27.126215>,  <25.434668, 32.968029, 27.051693>, 0.100000
	pigment { color rgbt <1,0,0,0> }
	no_shadow
}
cylinder {
	<25.243034, 32.844242, 27.126215>,  <24.923645, 32.637932, 27.250418>, 0.100000
	pigment { color rgbt <1,0,0,0> }
	no_shadow
}

// particle -1
sphere {
	<25.243034, 32.844242, 27.126215> 0.100000
	pigment { color rgbt <1,0,0,0> }
	no_shadow
}
sphere {
	0, 1
	scale<0.080000,0.200000,0.300000>
	matrix <-0.242708, -0.196211, -0.950049,
		-0.550941, 0.833950, -0.031485,
		0.798471, 0.515780, -0.310507,
		25.482576, 32.998978, 27.033062>
	pigment { color rgbt <0,1,1,0> }
	no_shadow
}
cylinder {
	<24.686085, 32.962940, 26.627035>,  <24.923645, 32.637932, 27.250418>, 0.130000
	pigment { color rgbt <1,0,0,0> }
	no_shadow
}

// nucleotide -1

// particle -1
sphere {
	<24.686085, 32.962940, 26.627035> 0.250000
	pigment { color rgbt <1,0,0,0> }
	no_shadow
}
cylinder {
	<25.083607, 32.934872, 26.592571>,  <25.322121, 32.918030, 26.571892>, 0.100000
	pigment { color rgbt <1,0,0,0> }
	no_shadow
}
cylinder {
	<25.083607, 32.934872, 26.592571>,  <24.686085, 32.962940, 26.627035>, 0.100000
	pigment { color rgbt <1,0,0,0> }
	no_shadow
}

// particle -1
sphere {
	<25.083607, 32.934872, 26.592571> 0.100000
	pigment { color rgbt <1,0,0,0> }
	no_shadow
}
sphere {
	0, 1
	scale<0.080000,0.200000,0.300000>
	matrix <-0.103746, -0.308133, -0.945669,
		0.039812, 0.948752, -0.313505,
		0.993807, -0.070174, -0.086162,
		25.381748, 32.913818, 26.566723>
	pigment { color rgbt <0,1,1,0> }
	no_shadow
}
cylinder {
	<24.956291, 33.447426, 26.095423>,  <24.686085, 32.962940, 26.627035>, 0.130000
	pigment { color rgbt <1,0,0,0> }
	no_shadow
}

// nucleotide -1

// particle -1
sphere {
	<24.956291, 33.447426, 26.095423> 0.250000
	pigment { color rgbt <1,0,0,0> }
	no_shadow
}
cylinder {
	<25.198160, 33.134800, 26.156773>,  <25.343281, 32.947224, 26.193583>, 0.100000
	pigment { color rgbt <1,0,0,0> }
	no_shadow
}
cylinder {
	<25.198160, 33.134800, 26.156773>,  <24.956291, 33.447426, 26.095423>, 0.100000
	pigment { color rgbt <1,0,0,0> }
	no_shadow
}

// particle -1
sphere {
	<25.198160, 33.134800, 26.156773> 0.100000
	pigment { color rgbt <1,0,0,0> }
	no_shadow
}
sphere {
	0, 1
	scale<0.080000,0.200000,0.300000>
	matrix <-0.158155, -0.306555, -0.938622,
		0.780615, 0.543300, -0.308974,
		0.604671, -0.781568, 0.153376,
		25.379562, 32.900330, 26.202785>
	pigment { color rgbt <0,1,1,0> }
	no_shadow
}
cylinder {
	<25.385429, 33.334389, 25.533333>,  <24.956291, 33.447426, 26.095423>, 0.130000
	pigment { color rgbt <1,0,0,0> }
	no_shadow
}

// nucleotide -1

// particle -1
sphere {
	<25.385429, 33.334389, 25.533333> 0.250000
	pigment { color rgbt <1,0,0,0> }
	no_shadow
}
cylinder {
	<25.351145, 32.988361, 25.731041>,  <25.330574, 32.780743, 25.849665>, 0.100000
	pigment { color rgbt <1,0,0,0> }
	no_shadow
}
cylinder {
	<25.351145, 32.988361, 25.731041>,  <25.385429, 33.334389, 25.533333>, 0.100000
	pigment { color rgbt <1,0,0,0> }
	no_shadow
}

// particle -1
sphere {
	<25.351145, 32.988361, 25.731041> 0.100000
	pigment { color rgbt <1,0,0,0> }
	no_shadow
}
sphere {
	0, 1
	scale<0.080000,0.200000,0.300000>
	matrix <-0.296044, -0.451575, -0.841687,
		0.951321, -0.218468, -0.217395,
		-0.085711, -0.865073, 0.494269,
		25.325432, 32.728840, 25.879322>
	pigment { color rgbt <0,1,1,0> }
	no_shadow
}
cylinder {
	<25.907879, 32.765297, 25.354568>,  <25.385429, 33.334389, 25.533333>, 0.130000
	pigment { color rgbt <1,0,0,0> }
	no_shadow
}

// nucleotide -1

// particle -1
sphere {
	<25.907879, 32.765297, 25.354568> 0.250000
	pigment { color rgbt <1,0,0,0> }
	no_shadow
}
cylinder {
	<25.536396, 32.651073, 25.449192>,  <25.313507, 32.582539, 25.505966>, 0.100000
	pigment { color rgbt <1,0,0,0> }
	no_shadow
}
cylinder {
	<25.536396, 32.651073, 25.449192>,  <25.907879, 32.765297, 25.354568>, 0.100000
	pigment { color rgbt <1,0,0,0> }
	no_shadow
}

// particle -1
sphere {
	<25.536396, 32.651073, 25.449192> 0.100000
	pigment { color rgbt <1,0,0,0> }
	no_shadow
}
sphere {
	0, 1
	scale<0.080000,0.200000,0.300000>
	matrix <-0.085848, -0.455043, -0.886322,
		0.360741, -0.843441, 0.398087,
		-0.928707, -0.285557, 0.236560,
		25.257784, 32.565407, 25.520161>
	pigment { color rgbt <0,1,1,0> }
	no_shadow
}
cylinder {
	<25.800156, 32.043095, 25.086708>,  <25.907879, 32.765297, 25.354568>, 0.130000
	pigment { color rgbt <1,0,0,0> }
	no_shadow
}

// nucleotide -1

// particle -1
sphere {
	<25.800156, 32.043095, 25.086708> 0.250000
	pigment { color rgbt <1,0,0,0> }
	no_shadow
}
cylinder {
	<25.457251, 32.240631, 25.144978>,  <25.251507, 32.359154, 25.179939>, 0.100000
	pigment { color rgbt <1,0,0,0> }
	no_shadow
}
cylinder {
	<25.457251, 32.240631, 25.144978>,  <25.800156, 32.043095, 25.086708>, 0.100000
	pigment { color rgbt <1,0,0,0> }
	no_shadow
}

// particle -1
sphere {
	<25.457251, 32.240631, 25.144978> 0.100000
	pigment { color rgbt <1,0,0,0> }
	no_shadow
}
sphere {
	0, 1
	scale<0.080000,0.200000,0.300000>
	matrix <-0.341734, -0.334106, -0.878402,
		-0.385123, -0.802802, 0.455180,
		-0.857262, 0.493844, 0.145673,
		25.200071, 32.388783, 25.188681>
	pigment { color rgbt <0,1,1,0> }
	no_shadow
}
cylinder {
	<25.304197, 31.546024, 25.079678>,  <25.800156, 32.043095, 25.086708>, 0.130000
	pigment { color rgbt <1,0,0,0> }
	no_shadow
}

// nucleotide -1

// particle -1
sphere {
	<25.304197, 31.546024, 25.079678> 0.250000
	pigment { color rgbt <1,0,0,0> }
	no_shadow
}
cylinder {
	<25.193825, 31.893360, 24.914827>,  <25.127602, 32.101761, 24.815916>, 0.100000
	pigment { color rgbt <1,0,0,0> }
	no_shadow
}
cylinder {
	<25.193825, 31.893360, 24.914827>,  <25.304197, 31.546024, 25.079678>, 0.100000
	pigment { color rgbt <1,0,0,0> }
	no_shadow
}

// particle -1
sphere {
	<25.193825, 31.893360, 24.914827> 0.100000
	pigment { color rgbt <1,0,0,0> }
	no_shadow
}
sphere {
	0, 1
	scale<0.080000,0.200000,0.300000>
	matrix <-0.242402, -0.477780, -0.844374,
		-0.930110, -0.133087, 0.342321,
		-0.275929, 0.868340, -0.412128,
		25.111046, 32.153862, 24.791189>
	pigment { color rgbt <0,1,1,0> }
	no_shadow
}
cylinder {
	<25.627932, 30.944368, 25.333065>,  <25.304197, 31.546024, 25.079678>, 0.130000
	pigment { color rgbt <1,0,0,0> }
	no_shadow
}

// nucleotide -1

// particle -1
sphere {
	<25.627932, 30.944368, 25.333065> 0.250000
	pigment { color rgbt <1,0,0,0> }
	no_shadow
}
cylinder {
	<25.419554, 30.848995, 25.660912>,  <25.294527, 30.791771, 25.857618>, 0.100000
	pigment { color rgbt <1,0,0,0> }
	no_shadow
}
cylinder {
	<25.419554, 30.848995, 25.660912>,  <25.627932, 30.944368, 25.333065>, 0.100000
	pigment { color rgbt <1,0,0,0> }
	no_shadow
}

// particle -1
sphere {
	<25.419554, 30.848995, 25.660912> 0.100000
	pigment { color rgbt <1,0,0,0> }
	no_shadow
}
sphere {
	0, 1
	scale<0.080000,0.200000,0.300000>
	matrix <0.851230, -0.073756, 0.519584,
		-0.063433, 0.968355, 0.241383,
		-0.520945, -0.238431, 0.819614,
		25.263269, 30.777466, 25.906796>
	pigment { color rgbt <0,1,1,0> }
	no_shadow
}
cylinder {
	<25.943672, 31.321346, 25.952221>,  <25.627932, 30.944368, 25.333065>, 0.130000
	pigment { color rgbt <1,0,0,0> }
	no_shadow
}

// nucleotide -1

// particle -1
sphere {
	<25.943672, 31.321346, 25.952221> 0.250000
	pigment { color rgbt <1,0,0,0> }
	no_shadow
}
cylinder {
	<25.771852, 30.970678, 26.038877>,  <25.668760, 30.760277, 26.090872>, 0.100000
	pigment { color rgbt <1,0,0,0> }
	no_shadow
}
cylinder {
	<25.771852, 30.970678, 26.038877>,  <25.943672, 31.321346, 25.952221>, 0.100000
	pigment { color rgbt <1,0,0,0> }
	no_shadow
}

// particle -1
sphere {
	<25.771852, 30.970678, 26.038877> 0.100000
	pigment { color rgbt <1,0,0,0> }
	no_shadow
}
sphere {
	0, 1
	scale<0.080000,0.200000,0.300000>
	matrix <0.808143, -0.266128, 0.525434,
		-0.402977, 0.400780, 0.822791,
		-0.429551, -0.876671, 0.216644,
		25.642986, 30.707678, 26.103870>
	pigment { color rgbt <0,1,1,0> }
	no_shadow
}
cylinder {
	<25.725941, 31.147978, 26.631638>,  <25.943672, 31.321346, 25.952221>, 0.130000
	pigment { color rgbt <1,0,0,0> }
	no_shadow
}

// nucleotide -1

// particle -1
sphere {
	<25.725941, 31.147978, 26.631638> 0.250000
	pigment { color rgbt <1,0,0,0> }
	no_shadow
}
cylinder {
	<25.832861, 30.791950, 26.483950>,  <25.897013, 30.578333, 26.395336>, 0.100000
	pigment { color rgbt <1,0,0,0> }
	no_shadow
}
cylinder {
	<25.832861, 30.791950, 26.483950>,  <25.725941, 31.147978, 26.631638>, 0.100000
	pigment { color rgbt <1,0,0,0> }
	no_shadow
}

// particle -1
sphere {
	<25.832861, 30.791950, 26.483950> 0.100000
	pigment { color rgbt <1,0,0,0> }
	no_shadow
}
sphere {
	0, 1
	scale<0.080000,0.200000,0.300000>
	matrix <0.668565, -0.104633, 0.736256,
		-0.693952, -0.443651, 0.567102,
		0.267303, -0.890071, -0.369220,
		25.913052, 30.524929, 26.373184>
	pigment { color rgbt <0,1,1,0> }
	no_shadow
}
cylinder {
	<25.574619, 30.635759, 27.151114>,  <25.725941, 31.147978, 26.631638>, 0.130000
	pigment { color rgbt <1,0,0,0> }
	no_shadow
}

// nucleotide -1

// particle -1
sphere {
	<25.574619, 30.635759, 27.151114> 0.250000
	pigment { color rgbt <1,0,0,0> }
	no_shadow
}
cylinder {
	<25.890923, 30.568886, 26.915571>,  <26.080704, 30.528761, 26.774246>, 0.100000
	pigment { color rgbt <1,0,0,0> }
	no_shadow
}
cylinder {
	<25.890923, 30.568886, 26.915571>,  <25.574619, 30.635759, 27.151114>, 0.100000
	pigment { color rgbt <1,0,0,0> }
	no_shadow
}

// particle -1
sphere {
	<25.890923, 30.568886, 26.915571> 0.100000
	pigment { color rgbt <1,0,0,0> }
	no_shadow
}
sphere {
	0, 1
	scale<0.080000,0.200000,0.300000>
	matrix <0.571681, -0.142180, 0.808063,
		-0.218819, -0.975620, -0.016854,
		0.790759, -0.167185, -0.588855,
		26.128151, 30.518730, 26.738914>
	pigment { color rgbt <0,1,1,0> }
	no_shadow
}
cylinder {
	<25.859789, 29.989376, 27.387033>,  <25.574619, 30.635759, 27.151114>, 0.130000
	pigment { color rgbt <1,0,0,0> }
	no_shadow
}

// nucleotide -1

// particle -1
sphere {
	<25.859789, 29.989376, 27.387033> 0.250000
	pigment { color rgbt <1,0,0,0> }
	no_shadow
}
cylinder {
	<26.143787, 30.183540, 27.182962>,  <26.314186, 30.300039, 27.060520>, 0.100000
	pigment { color rgbt <1,0,0,0> }
	no_shadow
}
cylinder {
	<26.143787, 30.183540, 27.182962>,  <25.859789, 29.989376, 27.387033>, 0.100000
	pigment { color rgbt <1,0,0,0> }
	no_shadow
}

// particle -1
sphere {
	<26.143787, 30.183540, 27.182962> 0.100000
	pigment { color rgbt <1,0,0,0> }
	no_shadow
}
sphere {
	0, 1
	scale<0.080000,0.200000,0.300000>
	matrix <0.686534, -0.315846, 0.654915,
		0.156767, -0.815240, -0.557501,
		0.709997, 0.485412, -0.510176,
		26.356787, 30.329165, 27.029909>
	pigment { color rgbt <0,1,1,0> }
	no_shadow
}
cylinder {
	<26.504036, 29.456409, 27.145847>,  <25.859789, 29.989376, 27.387033>, 0.130000
	pigment { color rgbt <1,0,0,0> }
	no_shadow
}

// nucleotide -1

// particle -1
sphere {
	<26.504036, 29.456409, 27.145847> 0.250000
	pigment { color rgbt <1,0,0,0> }
	no_shadow
}
cylinder {
	<26.597467, 29.836880, 27.226547>,  <26.653526, 30.065163, 27.274967>, 0.100000
	pigment { color rgbt <1,0,0,0> }
	no_shadow
}
cylinder {
	<26.597467, 29.836880, 27.226547>,  <26.504036, 29.456409, 27.145847>, 0.100000
	pigment { color rgbt <1,0,0,0> }
	no_shadow
}

// particle -1
sphere {
	<26.597467, 29.836880, 27.226547> 0.100000
	pigment { color rgbt <1,0,0,0> }
	no_shadow
}
sphere {
	0, 1
	scale<0.080000,0.200000,0.300000>
	matrix <0.649489, -0.307038, 0.695623,
		0.723606, -0.031446, -0.689496,
		0.233577, 0.951177, 0.201750,
		26.667540, 30.122232, 27.287073>
	pigment { color rgbt <0,1,1,0> }
	no_shadow
}
cylinder {
	<27.233442, 29.442766, 27.387314>,  <26.504036, 29.456409, 27.145847>, 0.130000
	pigment { color rgbt <1,0,0,0> }
	no_shadow
}

// nucleotide -1

// particle -1
sphere {
	<27.233442, 29.442766, 27.387314> 0.250000
	pigment { color rgbt <1,0,0,0> }
	no_shadow
}
cylinder {
	<27.098789, 29.798824, 27.510157>,  <27.017998, 30.012459, 27.583862>, 0.100000
	pigment { color rgbt <1,0,0,0> }
	no_shadow
}
cylinder {
	<27.098789, 29.798824, 27.510157>,  <27.233442, 29.442766, 27.387314>, 0.100000
	pigment { color rgbt <1,0,0,0> }
	no_shadow
}

// particle -1
sphere {
	<27.098789, 29.798824, 27.510157> 0.100000
	pigment { color rgbt <1,0,0,0> }
	no_shadow
}
sphere {
	0, 1
	scale<0.080000,0.200000,0.300000>
	matrix <0.613670, -0.039980, 0.788550,
		0.714204, 0.453915, -0.532798,
		-0.336634, 0.890147, 0.307108,
		26.997799, 30.065868, 27.602289>
	pigment { color rgbt <0,1,1,0> }
	no_shadow
}
cylinder {
	<27.849667, 29.831280, 27.524921>,  <27.233442, 29.442766, 27.387314>, 0.130000
	pigment { color rgbt <1,0,0,0> }
	no_shadow
}

// nucleotide -1

// particle -1
sphere {
	<27.849667, 29.831280, 27.524921> 0.250000
	pigment { color rgbt <1,0,0,0> }
	no_shadow
}
cylinder {
	<27.572338, 30.025177, 27.738211>,  <27.405941, 30.141516, 27.866184>, 0.100000
	pigment { color rgbt <1,0,0,0> }
	no_shadow
}
cylinder {
	<27.572338, 30.025177, 27.738211>,  <27.849667, 29.831280, 27.524921>, 0.100000
	pigment { color rgbt <1,0,0,0> }
	no_shadow
}

// particle -1
sphere {
	<27.572338, 30.025177, 27.738211> 0.100000
	pigment { color rgbt <1,0,0,0> }
	no_shadow
}
sphere {
	0, 1
	scale<0.080000,0.200000,0.300000>
	matrix <0.627861, 0.043174, 0.777127,
		0.353686, 0.873590, -0.334286,
		-0.693323, 0.484744, 0.533223,
		27.364342, 30.170601, 27.898178>
	pigment { color rgbt <0,1,1,0> }
	no_shadow
}
cylinder {
	<28.220263, 30.331434, 27.905464>,  <27.849667, 29.831280, 27.524921>, 0.130000
	pigment { color rgbt <1,0,0,0> }
	no_shadow
}

// nucleotide -1

// particle -1
sphere {
	<28.220263, 30.331434, 27.905464> 0.250000
	pigment { color rgbt <1,0,0,0> }
	no_shadow
}
cylinder {
	<27.869375, 30.337917, 28.097393>,  <27.658844, 30.341806, 28.212549>, 0.100000
	pigment { color rgbt <1,0,0,0> }
	no_shadow
}
cylinder {
	<27.869375, 30.337917, 28.097393>,  <28.220263, 30.331434, 27.905464>, 0.100000
	pigment { color rgbt <1,0,0,0> }
	no_shadow
}

// particle -1
sphere {
	<27.869375, 30.337917, 28.097393> 0.100000
	pigment { color rgbt <1,0,0,0> }
	no_shadow
}
sphere {
	0, 1
	scale<0.080000,0.200000,0.300000>
	matrix <0.478660, 0.106689, 0.871494,
		-0.037068, 0.994160, -0.101346,
		-0.877217, 0.016206, 0.479820,
		27.606211, 30.342779, 28.241339>
	pigment { color rgbt <0,1,1,0> }
	no_shadow
}
cylinder {
	<28.239717, 30.824177, 28.404167>,  <28.220263, 30.331434, 27.905464>, 0.130000
	pigment { color rgbt <1,0,0,0> }
	no_shadow
}

// nucleotide -1

// particle -1
sphere {
	<28.239717, 30.824177, 28.404167> 0.250000
	pigment { color rgbt <1,0,0,0> }
	no_shadow
}
cylinder {
	<27.950596, 30.580641, 28.534931>,  <27.777122, 30.434519, 28.613390>, 0.100000
	pigment { color rgbt <1,0,0,0> }
	no_shadow
}
cylinder {
	<27.950596, 30.580641, 28.534931>,  <28.239717, 30.824177, 28.404167>, 0.100000
	pigment { color rgbt <1,0,0,0> }
	no_shadow
}

// particle -1
sphere {
	<27.950596, 30.580641, 28.534931> 0.100000
	pigment { color rgbt <1,0,0,0> }
	no_shadow
}
sphere {
	0, 1
	scale<0.080000,0.200000,0.300000>
	matrix <0.442137, -0.043863, 0.895874,
		-0.531104, 0.792080, 0.300895,
		-0.722803, -0.608839, 0.326912,
		27.733755, 30.397989, 28.633005>
	pigment { color rgbt <0,1,1,0> }
	no_shadow
}
cylinder {
	<28.216497, 31.041563, 29.042042>,  <28.239717, 30.824177, 28.404167>, 0.130000
	pigment { color rgbt <1,0,0,0> }
	no_shadow
}

// nucleotide -1

// particle -1
sphere {
	<28.216497, 31.041563, 29.042042> 0.250000
	pigment { color rgbt <1,0,0,0> }
	no_shadow
}
cylinder {
	<28.028587, 30.688469, 29.038183>,  <27.915842, 30.476612, 29.035868>, 0.100000
	pigment { color rgbt <1,0,0,0> }
	no_shadow
}
cylinder {
	<28.028587, 30.688469, 29.038183>,  <28.216497, 31.041563, 29.042042>, 0.100000
	pigment { color rgbt <1,0,0,0> }
	no_shadow
}

// particle -1
sphere {
	<28.028587, 30.688469, 29.038183> 0.100000
	pigment { color rgbt <1,0,0,0> }
	no_shadow
}
sphere {
	0, 1
	scale<0.080000,0.200000,0.300000>
	matrix <0.364090, -0.203694, 0.908816,
		-0.804208, 0.423426, 0.417085,
		-0.469774, -0.882734, -0.009647,
		27.887655, 30.423649, 29.035290>
	pigment { color rgbt <0,1,1,0> }
	no_shadow
}
cylinder {
	<27.691105, 31.030754, 29.603857>,  <28.216497, 31.041563, 29.042042>, 0.130000
	pigment { color rgbt <1,0,0,0> }
	no_shadow
}

// nucleotide -1

// particle -1
sphere {
	<27.691105, 31.030754, 29.603857> 0.250000
	pigment { color rgbt <1,0,0,0> }
	no_shadow
}
cylinder {
	<27.833300, 30.669964, 29.505821>,  <27.918617, 30.453489, 29.446999>, 0.100000
	pigment { color rgbt <1,0,0,0> }
	no_shadow
}
cylinder {
	<27.833300, 30.669964, 29.505821>,  <27.691105, 31.030754, 29.603857>, 0.100000
	pigment { color rgbt <1,0,0,0> }
	no_shadow
}

// particle -1
sphere {
	<27.833300, 30.669964, 29.505821> 0.100000
	pigment { color rgbt <1,0,0,0> }
	no_shadow
}
sphere {
	0, 1
	scale<0.080000,0.200000,0.300000>
	matrix <0.221990, -0.173242, 0.959535,
		-0.907937, -0.395510, 0.138645,
		0.355486, -0.901976, -0.245092,
		27.939945, 30.399372, 29.432293>
	pigment { color rgbt <0,1,1,0> }
	no_shadow
}
cylinder {
	<27.327227, 30.589497, 30.010363>,  <27.691105, 31.030754, 29.603857>, 0.130000
	pigment { color rgbt <1,0,0,0> }
	no_shadow
}

// nucleotide -1

// particle -1
sphere {
	<27.327227, 30.589497, 30.010363> 0.250000
	pigment { color rgbt <1,0,0,0> }
	no_shadow
}
cylinder {
	<27.688162, 30.443188, 29.919151>,  <27.904724, 30.355402, 29.864424>, 0.100000
	pigment { color rgbt <1,0,0,0> }
	no_shadow
}
cylinder {
	<27.688162, 30.443188, 29.919151>,  <27.327227, 30.589497, 30.010363>, 0.100000
	pigment { color rgbt <1,0,0,0> }
	no_shadow
}

// particle -1
sphere {
	<27.688162, 30.443188, 29.919151> 0.100000
	pigment { color rgbt <1,0,0,0> }
	no_shadow
}
sphere {
	0, 1
	scale<0.080000,0.200000,0.300000>
