// switches for output
#declare DRAW_BASES = 1; // possible values are 0, 1; only relevant for DNA ribbons
#declare DRAW_BASES_TYPE = 3; // possible values are 1, 2, 3; only relevant for DNA ribbons
#declare DRAW_FOG = 0; // set to 1 to enable fog

#include "colors.inc"

#include "transforms.inc"
background { rgb <1, 1, 1>}

#default {
   normal{
       ripples 0.25
       frequency 0.20
       turbulence 0.2
       lambda 5
   }
	finish {
		phong 0.1
		phong_size 40.
	}
}

// original window dimensions: 1024x640


// camera settings

camera {
	sky <0, 0.179814, -0.983701>
	up <0, 0.179814, -0.983701>
	right 1.6 * <1, 0, 0>
	location <35, 94.9851, 44.8844>
	look_at <35, 29.7336, 32.9568>
	direction <0, -65.2515, -11.9276>
	angle 67.0682
}


# declare cpy_camera_pos = <35, 94.9851, 44.8844>;
# if (DRAW_FOG = 1)
fog {
	fog_type 2
	up vnormalize(cpy_camera_pos)
	color rgbt<1,1,1,0.3>
	distance 1e-5
	fog_alt 3e-3
	fog_offset 56
}
# end


// LIGHTS

# declare lum = 6;
global_settings {
	ambient_light rgb lum * <0.05, 0.05, 0.05>
	max_trace_level 15
}# declare cpy_direct_light_amount = 0.25;
light_source
{	1000 * <-1, -1.16352, -0.803886>,
	rgb lum * cpy_direct_light_amount
	parallel
}

light_source
{	1000 * <1, 1.16352, 0.803886>,
	rgb lum * cpy_direct_light_amount
	parallel
}

// strand 0

// nucleotide -1

// particle -1
sphere {
	<24.238354, 35.066662, 34.599514> 0.250000
	pigment { color rgbt <1,0,0,0> }
	no_shadow
}
cylinder {
	<24.372311, 35.046070, 34.975853>,  <24.452684, 35.033714, 35.201656>, 0.100000
	pigment { color rgbt <1,0,0,0> }
	no_shadow
}
cylinder {
	<24.372311, 35.046070, 34.975853>,  <24.238354, 35.066662, 34.599514>, 0.100000
	pigment { color rgbt <1,0,0,0> }
	no_shadow
}

// particle -1
sphere {
	<24.372311, 35.046070, 34.975853> 0.100000
	pigment { color rgbt <1,0,0,0> }
	no_shadow
}
sphere {
	0, 1
	scale<0.080000,0.200000,0.300000>
	matrix <-0.660461, -0.724983, 0.195423,
		0.672041, -0.686840, -0.276788,
		0.334891, -0.051476, 0.940850,
		24.472778, 35.030628, 35.258106>
	pigment { color rgbt <0,1,1,0> }
	no_shadow
}
cylinder {
	<24.436970, 34.331047, 34.745731>,  <24.238354, 35.066662, 34.599514>, 0.130000
	pigment { color rgbt <1,0,0,0> }
	no_shadow
}

// nucleotide -1

// particle -1
sphere {
	<24.436970, 34.331047, 34.745731> 0.250000
	pigment { color rgbt <1,0,0,0> }
	no_shadow
}
cylinder {
	<24.334135, 34.488232, 35.098888>,  <24.272434, 34.582542, 35.310783>, 0.100000
	pigment { color rgbt <1,0,0,0> }
	no_shadow
}
cylinder {
	<24.334135, 34.488232, 35.098888>,  <24.436970, 34.331047, 34.745731>, 0.100000
	pigment { color rgbt <1,0,0,0> }
	no_shadow
}

// particle -1
sphere {
	<24.334135, 34.488232, 35.098888> 0.100000
	pigment { color rgbt <1,0,0,0> }
	no_shadow
}
sphere {
	0, 1
	scale<0.080000,0.200000,0.300000>
	matrix <-0.732183, -0.675472, 0.087439,
		0.630726, -0.623957, 0.461370,
		-0.257085, 0.392957, 0.882888,
		24.257010, 34.606117, 35.363754>
	pigment { color rgbt <0,1,1,0> }
	no_shadow
}
cylinder {
	<24.648340, 34.086632, 35.503304>,  <24.436970, 34.331047, 34.745731>, 0.130000
	pigment { color rgbt <1,0,0,0> }
	no_shadow
}

// nucleotide -1

// particle -1
sphere {
	<24.648340, 34.086632, 35.503304> 0.250000
	pigment { color rgbt <1,0,0,0> }
	no_shadow
}
cylinder {
	<24.302883, 34.247200, 35.625275>,  <24.095610, 34.343540, 35.698460>, 0.100000
	pigment { color rgbt <1,0,0,0> }
	no_shadow
}
cylinder {
	<24.302883, 34.247200, 35.625275>,  <24.648340, 34.086632, 35.503304>, 0.100000
	pigment { color rgbt <1,0,0,0> }
	no_shadow
}

// particle -1
sphere {
	<24.302883, 34.247200, 35.625275> 0.100000
	pigment { color rgbt <1,0,0,0> }
	no_shadow
}
sphere {
	0, 1
	scale<0.080000,0.200000,0.300000>
	matrix <-0.259702, -0.872743, 0.413370,
		0.432062, 0.277812, 0.857988,
		-0.863642, 0.401422, 0.304930,
		24.043791, 34.367626, 35.716755>
	pigment { color rgbt <0,1,1,0> }
	no_shadow
}
cylinder {
	<25.309490, 34.200993, 35.044193>,  <24.648340, 34.086632, 35.503304>, 0.130000
	pigment { color rgbt <1,0,0,0> }
	no_shadow
}

// nucleotide -1

// particle -1
sphere {
	<25.309490, 34.200993, 35.044193> 0.250000
	pigment { color rgbt <1,0,0,0> }
	no_shadow
}
cylinder {
	<25.438761, 34.552856, 34.904617>,  <25.516323, 34.763973, 34.820873>, 0.100000
	pigment { color rgbt <1,0,0,0> }
	no_shadow
}
cylinder {
	<25.438761, 34.552856, 34.904617>,  <25.309490, 34.200993, 35.044193>, 0.100000
	pigment { color rgbt <1,0,0,0> }
	no_shadow
}

// particle -1
sphere {
	<25.438761, 34.552856, 34.904617> 0.100000
	pigment { color rgbt <1,0,0,0> }
	no_shadow
}
sphere {
	0, 1
	scale<0.080000,0.200000,0.300000>
	matrix <0.511343, 0.147943, 0.846546,
		0.796295, -0.452012, -0.401996,
		0.323177, 0.879658, -0.348939,
		25.535713, 34.816753, 34.799934>
	pigment { color rgbt <0,1,1,0> }
	no_shadow
}
cylinder {
	<26.022434, 34.235615, 35.226685>,  <25.309490, 34.200993, 35.044193>, 0.130000
	pigment { color rgbt <1,0,0,0> }
	no_shadow
}

// nucleotide -1

// particle -1
sphere {
	<26.022434, 34.235615, 35.226685> 0.250000
	pigment { color rgbt <1,0,0,0> }
	no_shadow
}
cylinder {
	<25.894922, 34.611721, 35.178890>,  <25.818415, 34.837387, 35.150215>, 0.100000
	pigment { color rgbt <1,0,0,0> }
	no_shadow
}
cylinder {
	<25.894922, 34.611721, 35.178890>,  <26.022434, 34.235615, 35.226685>, 0.100000
	pigment { color rgbt <1,0,0,0> }
	no_shadow
}

// particle -1
sphere {
	<25.894922, 34.611721, 35.178890> 0.100000
	pigment { color rgbt <1,0,0,0> }
	no_shadow
}
sphere {
	0, 1
	scale<0.080000,0.200000,0.300000>
	matrix <0.495583, 0.272805, 0.824606,
		0.807946, 0.203653, -0.552945,
		-0.318780, 0.940267, -0.119485,
		25.799288, 34.893803, 35.143044>
	pigment { color rgbt <0,1,1,0> }
	no_shadow
}
cylinder {
	<26.585651, 34.799595, 35.001266>,  <26.022434, 34.235615, 35.226685>, 0.130000
	pigment { color rgbt <1,0,0,0> }
	no_shadow
}

// nucleotide -1

// particle -1
sphere {
	<26.585651, 34.799595, 35.001266> 0.250000
	pigment { color rgbt <1,0,0,0> }
	no_shadow
}
cylinder {
	<26.283665, 34.896591, 35.244980>,  <26.102472, 34.954788, 35.391209>, 0.100000
	pigment { color rgbt <1,0,0,0> }
	no_shadow
}
cylinder {
	<26.283665, 34.896591, 35.244980>,  <26.585651, 34.799595, 35.001266>, 0.100000
	pigment { color rgbt <1,0,0,0> }
	no_shadow
}

// particle -1
sphere {
	<26.283665, 34.896591, 35.244980> 0.100000
	pigment { color rgbt <1,0,0,0> }
	no_shadow
}
sphere {
	0, 1
	scale<0.080000,0.200000,0.300000>
	matrix <0.655652, 0.262007, 0.708148,
		0.012083, 0.934104, -0.356796,
		-0.754967, 0.242490, 0.609281,
		26.057175, 34.969337, 35.427765>
	pigment { color rgbt <0,1,1,0> }
	no_shadow
}
cylinder {
	<26.757618, 35.445652, 35.408432>,  <26.585651, 34.799595, 35.001266>, 0.130000
	pigment { color rgbt <1,0,0,0> }
	no_shadow
}

// nucleotide -1

// particle -1
sphere {
	<26.757618, 35.445652, 35.408432> 0.250000
	pigment { color rgbt <1,0,0,0> }
	no_shadow
}
cylinder {
	<26.483879, 35.205910, 35.574539>,  <26.319635, 35.062065, 35.674202>, 0.100000
	pigment { color rgbt <1,0,0,0> }
	no_shadow
}
cylinder {
	<26.483879, 35.205910, 35.574539>,  <26.757618, 35.445652, 35.408432>, 0.100000
	pigment { color rgbt <1,0,0,0> }
	no_shadow
}

// particle -1
sphere {
	<26.483879, 35.205910, 35.574539> 0.100000
	pigment { color rgbt <1,0,0,0> }
	no_shadow
}
sphere {
	0, 1
	scale<0.080000,0.200000,0.300000>
	matrix <0.527874, -0.014358, 0.849201,
		-0.503012, 0.800354, 0.326210,
		-0.684345, -0.599356, 0.415264,
		26.278576, 35.026104, 35.699120>
	pigment { color rgbt <0,1,1,0> }
	no_shadow
}
cylinder {
	<26.905941, 35.584805, 36.076611>,  <26.757618, 35.445652, 35.408432>, 0.130000
	pigment { color rgbt <1,0,0,0> }
	no_shadow
}

// nucleotide -1

// particle -1
sphere {
	<26.905941, 35.584805, 36.076611> 0.250000
	pigment { color rgbt <1,0,0,0> }
	no_shadow
}
cylinder {
	<27.286615, 35.473606, 36.128780>,  <27.515020, 35.406887, 36.160084>, 0.100000
	pigment { color rgbt <1,0,0,0> }
	no_shadow
}
cylinder {
	<27.286615, 35.473606, 36.128780>,  <26.905941, 35.584805, 36.076611>, 0.100000
	pigment { color rgbt <1,0,0,0> }
	no_shadow
}

// particle -1
sphere {
	<27.286615, 35.473606, 36.128780> 0.100000
	pigment { color rgbt <1,0,0,0> }
	no_shadow
}
sphere {
	0, 1
	scale<0.080000,0.200000,0.300000>
	matrix <0.168595, 0.118047, -0.978591,
		0.256645, 0.953302, 0.159212,
		0.951688, -0.277992, 0.130426,
		27.572123, 35.390209, 36.167908>
	pigment { color rgbt <0,1,1,0> }
	no_shadow
}
cylinder {
	<27.332050, 35.991692, 35.713310>,  <26.905941, 35.584805, 36.076611>, 0.130000
	pigment { color rgbt <1,0,0,0> }
	no_shadow
}

// nucleotide -1

// particle -1
sphere {
	<27.332050, 35.991692, 35.713310> 0.250000
	pigment { color rgbt <1,0,0,0> }
	no_shadow
}
cylinder {
	<27.580002, 35.682682, 35.768383>,  <27.728773, 35.497276, 35.801426>, 0.100000
	pigment { color rgbt <1,0,0,0> }
	no_shadow
}
cylinder {
	<27.580002, 35.682682, 35.768383>,  <27.332050, 35.991692, 35.713310>, 0.100000
	pigment { color rgbt <1,0,0,0> }
	no_shadow
}

// particle -1
sphere {
	<27.580002, 35.682682, 35.768383> 0.100000
	pigment { color rgbt <1,0,0,0> }
	no_shadow
}
sphere {
	0, 1
	scale<0.080000,0.200000,0.300000>
	matrix <0.183336, -0.028024, -0.982651,
		0.762981, 0.634365, 0.124260,
		0.619877, -0.772525, 0.137683,
		27.765965, 35.450924, 35.809689>
	pigment { color rgbt <0,1,1,0> }
	no_shadow
}
cylinder {
	<27.754232, 36.074284, 35.140594>,  <27.332050, 35.991692, 35.713310>, 0.130000
	pigment { color rgbt <1,0,0,0> }
	no_shadow
}

// nucleotide -1

// particle -1
sphere {
	<27.754232, 36.074284, 35.140594> 0.250000
	pigment { color rgbt <1,0,0,0> }
	no_shadow
}
cylinder {
	<27.896091, 35.715820, 35.247272>,  <27.981207, 35.500744, 35.311279>, 0.100000
	pigment { color rgbt <1,0,0,0> }
	no_shadow
}
cylinder {
	<27.896091, 35.715820, 35.247272>,  <27.754232, 36.074284, 35.140594>, 0.100000
	pigment { color rgbt <1,0,0,0> }
	no_shadow
}

// particle -1
sphere {
	<27.896091, 35.715820, 35.247272> 0.100000
	pigment { color rgbt <1,0,0,0> }
	no_shadow
}
sphere {
	0, 1
	scale<0.080000,0.200000,0.300000>
	matrix <0.436763, -0.093419, -0.894713,
		0.826719, 0.433790, 0.358278,
		0.354647, -0.896158, 0.266695,
		28.002485, 35.446972, 35.327282>
	pigment { color rgbt <0,1,1,0> }
	no_shadow
}
cylinder {
	<28.444891, 36.190205, 35.150570>,  <27.754232, 36.074284, 35.140594>, 0.130000
	pigment { color rgbt <1,0,0,0> }
	no_shadow
}

// nucleotide -1

// particle -1
sphere {
	<28.444891, 36.190205, 35.150570> 0.250000
	pigment { color rgbt <1,0,0,0> }
	no_shadow
}
cylinder {
	<28.349670, 35.805321, 35.097683>,  <28.292538, 35.574390, 35.065948>, 0.100000
	pigment { color rgbt <1,0,0,0> }
	no_shadow
}
cylinder {
	<28.349670, 35.805321, 35.097683>,  <28.444891, 36.190205, 35.150570>, 0.100000
	pigment { color rgbt <1,0,0,0> }
	no_shadow
}

// particle -1
sphere {
	<28.349670, 35.805321, 35.097683> 0.100000
	pigment { color rgbt <1,0,0,0> }
	no_shadow
}
sphere {
	0, 1
	scale<0.080000,0.200000,0.300000>
	matrix <0.453843, 0.010158, -0.891024,
		0.858696, -0.272116, 0.434275,
		-0.238051, -0.962211, -0.132220,
		28.278255, 35.516659, 35.058018>
	pigment { color rgbt <0,1,1,0> }
	no_shadow
}
cylinder {
	<28.993004, 35.835781, 35.147930>,  <28.444891, 36.190205, 35.150570>, 0.130000
	pigment { color rgbt <1,0,0,0> }
	no_shadow
}

// nucleotide -1

// particle -1
sphere {
	<28.993004, 35.835781, 35.147930> 0.250000
	pigment { color rgbt <1,0,0,0> }
	no_shadow
}
cylinder {
	<28.755577, 35.577839, 34.955330>,  <28.613121, 35.423073, 34.839767>, 0.100000
	pigment { color rgbt <1,0,0,0> }
	no_shadow
}
cylinder {
	<28.755577, 35.577839, 34.955330>,  <28.993004, 35.835781, 35.147930>, 0.100000
	pigment { color rgbt <1,0,0,0> }
	no_shadow
}

// particle -1
sphere {
	<28.755577, 35.577839, 34.955330> 0.100000
	pigment { color rgbt <1,0,0,0> }
	no_shadow
}
sphere {
	0, 1
	scale<0.080000,0.200000,0.300000>
	matrix <0.619616, 0.015628, -0.784750,
		0.513573, -0.764147, 0.390285,
		-0.593565, -0.644853, -0.481503,
		28.577507, 35.384384, 34.810879>
	pigment { color rgbt <0,1,1,0> }
	no_shadow
}
cylinder {
	<29.361271, 35.345913, 34.818886>,  <28.993004, 35.835781, 35.147930>, 0.130000
	pigment { color rgbt <1,0,0,0> }
	no_shadow
}

// nucleotide -1

// particle -1
sphere {
	<29.361271, 35.345913, 34.818886> 0.250000
	pigment { color rgbt <1,0,0,0> }
	no_shadow
}
cylinder {
	<29.020802, 35.289265, 34.616718>,  <28.816521, 35.255276, 34.495419>, 0.100000
	pigment { color rgbt <1,0,0,0> }
	no_shadow
}
cylinder {
	<29.020802, 35.289265, 34.616718>,  <29.361271, 35.345913, 34.818886>, 0.100000
	pigment { color rgbt <1,0,0,0> }
	no_shadow
}

// particle -1
sphere {
	<29.020802, 35.289265, 34.616718> 0.100000
	pigment { color rgbt <1,0,0,0> }
	no_shadow
}
sphere {
	0, 1
	scale<0.080000,0.200000,0.300000>
	matrix <0.519850, -0.094380, -0.849028,
		0.072540, -0.985411, 0.153956,
		-0.851172, -0.141623, -0.505419,
		28.765450, 35.246777, 34.465092>
	pigment { color rgbt <0,1,1,0> }
	no_shadow
}
cylinder {
	<29.553022, 35.024445, 34.328339>,  <29.361271, 35.345913, 34.818886>, 0.130000
	pigment { color rgbt <1,0,0,0> }
	no_shadow
}

// nucleotide -1

// particle -1
sphere {
	<29.553022, 35.024445, 34.328339> 0.250000
	pigment { color rgbt <1,0,0,0> }
	no_shadow
}
cylinder {
	<29.189583, 35.123550, 34.193840>,  <28.971519, 35.183014, 34.113140>, 0.100000
	pigment { color rgbt <1,0,0,0> }
	no_shadow
}
cylinder {
	<29.189583, 35.123550, 34.193840>,  <29.553022, 35.024445, 34.328339>, 0.100000
	pigment { color rgbt <1,0,0,0> }
	no_shadow
}

// particle -1
sphere {
	<29.189583, 35.123550, 34.193840> 0.100000
	pigment { color rgbt <1,0,0,0> }
	no_shadow
}
sphere {
	0, 1
	scale<0.080000,0.200000,0.300000>
	matrix <0.350805, 0.015773, -0.936316,
		-0.226687, -0.968691, -0.101250,
		-0.908597, 0.247769, -0.336246,
		28.917004, 35.197880, 34.092968>
	pigment { color rgbt <0,1,1,0> }
	no_shadow
}
cylinder {
	<29.522573, 34.720535, 33.765717>,  <29.553022, 35.024445, 34.328339>, 0.130000
	pigment { color rgbt <1,0,0,0> }
	no_shadow
}

// nucleotide -1

// particle -1
sphere {
	<29.522573, 34.720535, 33.765717> 0.250000
	pigment { color rgbt <1,0,0,0> }
	no_shadow
}
cylinder {
	<29.247240, 35.006096, 33.714275>,  <29.082039, 35.177433, 33.683411>, 0.100000
	pigment { color rgbt <1,0,0,0> }
	no_shadow
}
cylinder {
	<29.247240, 35.006096, 33.714275>,  <29.522573, 34.720535, 33.765717>, 0.100000
	pigment { color rgbt <1,0,0,0> }
	no_shadow
}

// particle -1
sphere {
	<29.247240, 35.006096, 33.714275> 0.100000
	pigment { color rgbt <1,0,0,0> }
	no_shadow
}
sphere {
	0, 1
	scale<0.080000,0.200000,0.300000>
	matrix <0.208823, 0.025232, -0.977628,
		-0.694686, -0.699790, -0.166447,
		-0.688334, 0.713903, -0.128604,
		29.040739, 35.220268, 33.675694>
	pigment { color rgbt <0,1,1,0> }
	no_shadow
}
cylinder {
	<29.153996, 34.529198, 33.180103>,  <29.522573, 34.720535, 33.765717>, 0.130000
	pigment { color rgbt <1,0,0,0> }
	no_shadow
}

// nucleotide -1

// particle -1
sphere {
	<29.153996, 34.529198, 33.180103> 0.250000
	pigment { color rgbt <1,0,0,0> }
	no_shadow
}
cylinder {
	<29.121729, 34.926586, 33.212357>,  <29.102369, 35.165020, 33.231709>, 0.100000
	pigment { color rgbt <1,0,0,0> }
	no_shadow
}
cylinder {
	<29.121729, 34.926586, 33.212357>,  <29.153996, 34.529198, 33.180103>, 0.100000
	pigment { color rgbt <1,0,0,0> }
	no_shadow
}

// particle -1
sphere {
	<29.121729, 34.926586, 33.212357> 0.100000
	pigment { color rgbt <1,0,0,0> }
	no_shadow
}
sphere {
	0, 1
	scale<0.080000,0.200000,0.300000>
	matrix <0.004845, 0.081287, -0.996679,
		-0.996729, -0.080007, -0.011370,
		-0.080665, 0.993474, 0.080634,
		29.097528, 35.224628, 33.236546>
	pigment { color rgbt <0,1,1,0> }
	no_shadow
}
cylinder {
	<28.584080, 34.847862, 32.643307>,  <29.153996, 34.529198, 33.180103>, 0.130000
	pigment { color rgbt <1,0,0,0> }
	no_shadow
}

// nucleotide -1

// particle -1
sphere {
	<28.584080, 34.847862, 32.643307> 0.250000
	pigment { color rgbt <1,0,0,0> }
	no_shadow
}
cylinder {
	<28.828991, 35.152359, 32.728748>,  <28.975939, 35.335056, 32.780014>, 0.100000
	pigment { color rgbt <1,0,0,0> }
	no_shadow
}
cylinder {
	<28.828991, 35.152359, 32.728748>,  <28.584080, 34.847862, 32.643307>, 0.100000
	pigment { color rgbt <1,0,0,0> }
	no_shadow
}

// particle -1
sphere {
	<28.828991, 35.152359, 32.728748> 0.100000
	pigment { color rgbt <1,0,0,0> }
	no_shadow
}
sphere {
	0, 1
	scale<0.080000,0.200000,0.300000>
	matrix <0.011824, 0.261316, -0.965181,
		-0.790553, 0.593486, 0.150998,
		0.612279, 0.761241, 0.213601,
		29.012674, 35.380730, 32.792828>
	pigment { color rgbt <0,1,1,0> }
	no_shadow
}
cylinder {
	<28.455091, 35.487221, 32.079281>,  <28.584080, 34.847862, 32.643307>, 0.130000
	pigment { color rgbt <1,0,0,0> }
	no_shadow
}

// nucleotide -1

// particle -1
sphere {
	<28.455091, 35.487221, 32.079281> 0.250000
	pigment { color rgbt <1,0,0,0> }
	no_shadow
}
cylinder {
	<28.788280, 35.599411, 32.270065>,  <28.988194, 35.666725, 32.384537>, 0.100000
	pigment { color rgbt <1,0,0,0> }
	no_shadow
}
cylinder {
	<28.788280, 35.599411, 32.270065>,  <28.455091, 35.487221, 32.079281>, 0.100000
	pigment { color rgbt <1,0,0,0> }
	no_shadow
}

// particle -1
sphere {
	<28.788280, 35.599411, 32.270065> 0.100000
	pigment { color rgbt <1,0,0,0> }
	no_shadow
}
sphere {
	0, 1
	scale<0.080000,0.200000,0.300000>
	matrix <0.279524, 0.530625, -0.800190,
		-0.477518, 0.799858, 0.363597,
		0.832972, 0.280471, 0.476963,
		29.038172, 35.683552, 32.413155>
	pigment { color rgbt <0,1,1,0> }
	no_shadow
}
cylinder {
	<28.455992, 36.138931, 31.962921>,  <28.455091, 35.487221, 32.079281>, 0.130000
	pigment { color rgbt <1,0,0,0> }
	no_shadow
}

// nucleotide -1

// particle -1
sphere {
	<28.455992, 36.138931, 31.962921> 0.250000
	pigment { color rgbt <1,0,0,0> }
	no_shadow
}
cylinder {
	<28.836966, 36.074211, 32.066219>,  <29.065550, 36.035378, 32.128197>, 0.100000
	pigment { color rgbt <1,0,0,0> }
	no_shadow
}
cylinder {
	<28.836966, 36.074211, 32.066219>,  <28.455992, 36.138931, 31.962921>, 0.100000
	pigment { color rgbt <1,0,0,0> }
	no_shadow
}

// particle -1
sphere {
	<28.836966, 36.074211, 32.066219> 0.100000
	pigment { color rgbt <1,0,0,0> }
	no_shadow
}
sphere {
	0, 1
	scale<0.080000,0.200000,0.300000>
	matrix <0.303777, 0.571680, -0.762169,
		-0.024312, 0.804364, 0.593639,
		0.952433, -0.161804, 0.258246,
		29.122696, 36.025669, 32.143692>
	pigment { color rgbt <0,1,1,0> }
	no_shadow
}
cylinder {
	<28.829460, 36.815212, 31.959641>,  <28.455992, 36.138931, 31.962921>, 0.130000
	pigment { color rgbt <1,0,0,0> }
	no_shadow
}

// nucleotide -1

// particle -1
sphere {
	<28.829460, 36.815212, 31.959641> 0.250000
	pigment { color rgbt <1,0,0,0> }
	no_shadow
}
cylinder {
	<29.123148, 36.545624, 31.926949>,  <29.299360, 36.383869, 31.907333>, 0.100000
	pigment { color rgbt <1,0,0,0> }
	no_shadow
}
cylinder {
	<29.123148, 36.545624, 31.926949>,  <28.829460, 36.815212, 31.959641>, 0.100000
	pigment { color rgbt <1,0,0,0> }
	no_shadow
}

// particle -1
sphere {
	<29.123148, 36.545624, 31.926949> 0.100000
	pigment { color rgbt <1,0,0,0> }
	no_shadow
}
sphere {
	0, 1
	scale<0.080000,0.200000,0.300000>
	matrix <0.380336, 0.508050, -0.772806,
		0.562373, 0.536326, 0.629358,
		0.734222, -0.673972, -0.081729,
		29.343414, 36.343433, 31.902430>
	pigment { color rgbt <0,1,1,0> }
	no_shadow
}
cylinder {
	<29.388933, 37.179028, 31.838379>,  <28.829460, 36.815212, 31.959641>, 0.130000
	pigment { color rgbt <1,0,0,0> }
	no_shadow
}

// nucleotide -1

// particle -1
sphere {
	<29.388933, 37.179028, 31.838379> 0.250000
	pigment { color rgbt <1,0,0,0> }
	no_shadow
}
cylinder {
	<29.484978, 36.826050, 31.676569>,  <29.542604, 36.614262, 31.579483>, 0.100000
	pigment { color rgbt <1,0,0,0> }
	no_shadow
}
cylinder {
	<29.484978, 36.826050, 31.676569>,  <29.388933, 37.179028, 31.838379>, 0.100000
	pigment { color rgbt <1,0,0,0> }
	no_shadow
}

// particle -1
sphere {
	<29.484978, 36.826050, 31.676569> 0.100000
	pigment { color rgbt <1,0,0,0> }
	no_shadow
}
sphere {
	0, 1
	scale<0.080000,0.200000,0.300000>
	matrix <0.233363, 0.456965, -0.858327,
		0.942279, 0.111691, 0.315651,
		0.240109, -0.882444, -0.404524,
		29.557011, 36.561317, 31.555212>
	pigment { color rgbt <0,1,1,0> }
	no_shadow
}
cylinder {
	<30.079130, 37.246120, 31.497126>,  <29.388933, 37.179028, 31.838379>, 0.130000
	pigment { color rgbt <1,0,0,0> }
	no_shadow
}

// nucleotide -1

// particle -1
sphere {
	<30.079130, 37.246120, 31.497126> 0.250000
	pigment { color rgbt <1,0,0,0> }
	no_shadow
}
cylinder {
	<29.918438, 36.919685, 31.330938>,  <29.822023, 36.723824, 31.231226>, 0.100000
	pigment { color rgbt <1,0,0,0> }
	no_shadow
}
cylinder {
	<29.918438, 36.919685, 31.330938>,  <30.079130, 37.246120, 31.497126>, 0.100000
	pigment { color rgbt <1,0,0,0> }
	no_shadow
}

// particle -1
sphere {
	<29.918438, 36.919685, 31.330938> 0.100000
	pigment { color rgbt <1,0,0,0> }
	no_shadow
}
sphere {
	0, 1
	scale<0.080000,0.200000,0.300000>
	matrix <0.279684, 0.322669, -0.904246,
		0.872004, -0.479461, 0.098622,
		-0.401729, -0.816089, -0.415467,
		29.797918, 36.674858, 31.206299>
	pigment { color rgbt <0,1,1,0> }
	no_shadow
}
cylinder {
	<30.590580, 37.016739, 31.028015>,  <30.079130, 37.246120, 31.497126>, 0.130000
	pigment { color rgbt <1,0,0,0> }
	no_shadow
}

// nucleotide -1

// particle -1
sphere {
	<30.590580, 37.016739, 31.028015> 0.250000
	pigment { color rgbt <1,0,0,0> }
	no_shadow
}
cylinder {
	<30.255857, 36.842709, 30.895073>,  <30.055023, 36.738289, 30.815308>, 0.100000
	pigment { color rgbt <1,0,0,0> }
	no_shadow
}
cylinder {
	<30.255857, 36.842709, 30.895073>,  <30.590580, 37.016739, 31.028015>, 0.100000
	pigment { color rgbt <1,0,0,0> }
	no_shadow
}

// particle -1
sphere {
	<30.255857, 36.842709, 30.895073> 0.100000
	pigment { color rgbt <1,0,0,0> }
	no_shadow
}
sphere {
	0, 1
	scale<0.080000,0.200000,0.300000>
	matrix <0.296821, 0.149576, -0.943146,
		0.460056, -0.887881, 0.003975,
		-0.836807, -0.435079, -0.332355,
		30.004816, 36.712185, 30.795366>
	pigment { color rgbt <0,1,1,0> }
	no_shadow
}
cylinder {
	<30.826828, 36.640022, 30.485220>,  <30.590580, 37.016739, 31.028015>, 0.130000
	pigment { color rgbt <1,0,0,0> }
	no_shadow
}

// nucleotide -1

// particle -1
sphere {
	<30.826828, 36.640022, 30.485220> 0.250000
	pigment { color rgbt <1,0,0,0> }
	no_shadow
}
cylinder {
	<30.429857, 36.664314, 30.442514>,  <30.191675, 36.678890, 30.416891>, 0.100000
	pigment { color rgbt <1,0,0,0> }
	no_shadow
}
cylinder {
	<30.429857, 36.664314, 30.442514>,  <30.826828, 36.640022, 30.485220>, 0.100000
	pigment { color rgbt <1,0,0,0> }
	no_shadow
}

// particle -1
sphere {
	<30.429857, 36.664314, 30.442514> 0.100000
	pigment { color rgbt <1,0,0,0> }
	no_shadow
}
sphere {
	0, 1
	scale<0.080000,0.200000,0.300000>
	matrix <0.113238, 0.115702, -0.986808,
		-0.047578, -0.991426, -0.121703,
		-0.992428, 0.060732, -0.106762,
		30.132130, 36.682533, 30.410486>
	pigment { color rgbt <0,1,1,0> }
	no_shadow
}
cylinder {
	<30.700394, 36.234638, 29.855860>,  <30.826828, 36.640022, 30.485220>, 0.130000
	pigment { color rgbt <1,0,0,0> }
	no_shadow
}

// nucleotide -1

// particle -1
sphere {
	<30.700394, 36.234638, 29.855860> 0.250000
	pigment { color rgbt <1,0,0,0> }
	no_shadow
}
cylinder {
	<30.412676, 36.497780, 29.945162>,  <30.240046, 36.655666, 29.998743>, 0.100000
	pigment { color rgbt <1,0,0,0> }
	no_shadow
}
cylinder {
	<30.412676, 36.497780, 29.945162>,  <30.700394, 36.234638, 29.855860>, 0.100000
	pigment { color rgbt <1,0,0,0> }
	no_shadow
}

// particle -1
sphere {
	<30.412676, 36.497780, 29.945162> 0.100000
	pigment { color rgbt <1,0,0,0> }
	no_shadow
}
sphere {
	0, 1
	scale<0.080000,0.200000,0.300000>
	matrix <-0.007762, 0.313735, -0.949479,
		-0.694661, -0.684689, -0.220562,
		-0.719295, 0.657854, 0.223254,
		30.196888, 36.695137, 30.012138>
	pigment { color rgbt <0,1,1,0> }
	no_shadow
}
cylinder {
	<29.975464, 36.072964, 29.692110>,  <30.700394, 36.234638, 29.855860>, 0.130000
	pigment { color rgbt <1,0,0,0> }
	no_shadow
}

// nucleotide -1

// particle -1
sphere {
	<29.975464, 36.072964, 29.692110> 0.250000
	pigment { color rgbt <1,0,0,0> }
	no_shadow
}
cylinder {
	<30.115370, 36.447441, 29.678219>,  <30.199312, 36.672127, 29.669884>, 0.100000
	pigment { color rgbt <1,0,0,0> }
	no_shadow
}
cylinder {
	<30.115370, 36.447441, 29.678219>,  <29.975464, 36.072964, 29.692110>, 0.100000
	pigment { color rgbt <1,0,0,0> }
	no_shadow
}

// particle -1
sphere {
	<30.115370, 36.447441, 29.678219> 0.100000
	pigment { color rgbt <1,0,0,0> }
	no_shadow
}
sphere {
	0, 1
	scale<0.080000,0.200000,0.300000>
	matrix <-0.085232, -0.005119, -0.996348,
		-0.932953, 0.351446, 0.078003,
		0.349763, 0.936194, -0.034730,
		30.220299, 36.728298, 29.667799>
	pigment { color rgbt <0,1,1,0> }
	no_shadow
}
cylinder {
	<29.520510, 36.643776, 29.218901>,  <29.975464, 36.072964, 29.692110>, 0.130000
	pigment { color rgbt <1,0,0,0> }
	no_shadow
}

// nucleotide -1

// particle -1
sphere {
	<29.520510, 36.643776, 29.218901> 0.250000
	pigment { color rgbt <1,0,0,0> }
	no_shadow
}
cylinder {
	<29.902946, 36.759514, 29.237526>,  <30.132408, 36.828957, 29.248701>, 0.100000
	pigment { color rgbt <1,0,0,0> }
	no_shadow
}
cylinder {
	<29.902946, 36.759514, 29.237526>,  <29.520510, 36.643776, 29.218901>, 0.100000
	pigment { color rgbt <1,0,0,0> }
	no_shadow
}

// particle -1
sphere {
	<29.902946, 36.759514, 29.237526> 0.100000
	pigment { color rgbt <1,0,0,0> }
	no_shadow
}
sphere {
	0, 1
	scale<0.080000,0.200000,0.300000>
	matrix <0.057252, -0.028584, -0.997950,
		-0.287424, 0.956797, -0.043894,
		0.956091, 0.289348, 0.046563,
		30.189774, 36.846317, 29.251495>
	pigment { color rgbt <0,1,1,0> }
	no_shadow
}
cylinder {
	<29.759781, 37.356567, 28.901545>,  <29.520510, 36.643776, 29.218901>, 0.130000
	pigment { color rgbt <1,0,0,0> }
	no_shadow
}

// nucleotide -1

// particle -1
sphere {
	<29.759781, 37.356567, 28.901545> 0.250000
	pigment { color rgbt <1,0,0,0> }
	no_shadow
}
cylinder {
	<30.007051, 37.044636, 28.862085>,  <30.155415, 36.857479, 28.838409>, 0.100000
	pigment { color rgbt <1,0,0,0> }
	no_shadow
}
cylinder {
	<30.007051, 37.044636, 28.862085>,  <29.759781, 37.356567, 28.901545>, 0.100000
	pigment { color rgbt <1,0,0,0> }
	no_shadow
}

// particle -1
sphere {
	<30.007051, 37.044636, 28.862085> 0.100000
	pigment { color rgbt <1,0,0,0> }
	no_shadow
}
sphere {
	0, 1
	scale<0.080000,0.200000,0.300000>
	matrix <-0.197870, -0.032924, -0.979675,
		0.760727, 0.625131, -0.174657,
		0.618176, -0.779825, -0.098649,
		30.192505, 36.810688, 28.832491>
	pigment { color rgbt <0,1,1,0> }
	no_shadow
}
cylinder {
	<30.351007, 37.697586, 28.621960>,  <29.759781, 37.356567, 28.901545>, 0.130000
	pigment { color rgbt <1,0,0,0> }
	no_shadow
}

// nucleotide -1

// particle -1
sphere {
	<30.351007, 37.697586, 28.621960> 0.250000
	pigment { color rgbt <1,0,0,0> }
	no_shadow
}
cylinder {
	<30.740202, 37.655506, 28.539759>,  <30.973719, 37.630257, 28.490438>, 0.100000
	pigment { color rgbt <1,0,0,0> }
	no_shadow
}
cylinder {
	<30.740202, 37.655506, 28.539759>,  <30.351007, 37.697586, 28.621960>, 0.100000
	pigment { color rgbt <1,0,0,0> }
	no_shadow
}

// particle -1
sphere {
	<30.740202, 37.655506, 28.539759> 0.100000
	pigment { color rgbt <1,0,0,0> }
	no_shadow
}
sphere {
	0, 1
	scale<0.080000,0.200000,0.300000>
	matrix <0.062296, 0.976759, -0.205087,
		0.222304, 0.186745, 0.956926,
		0.972985, -0.105204, -0.205504,
		31.032097, 37.623943, 28.478107>
	pigment { color rgbt <0,1,1,0> }
	no_shadow
}
cylinder {
	<30.866896, 38.006939, 29.147543>,  <30.351007, 37.697586, 28.621960>, 0.130000
	pigment { color rgbt <1,0,0,0> }
	no_shadow
}

// nucleotide -1

// particle -1
sphere {
	<30.866896, 38.006939, 29.147543> 0.250000
	pigment { color rgbt <1,0,0,0> }
	no_shadow
}
cylinder {
	<30.985571, 38.018784, 28.765738>,  <31.056776, 38.025890, 28.536654>, 0.100000
	pigment { color rgbt <1,0,0,0> }
	no_shadow
}
cylinder {
	<30.985571, 38.018784, 28.765738>,  <30.866896, 38.006939, 29.147543>, 0.100000
	pigment { color rgbt <1,0,0,0> }
	no_shadow
}

// particle -1
sphere {
	<30.985571, 38.018784, 28.765738> 0.100000
	pigment { color rgbt <1,0,0,0> }
	no_shadow
}
sphere {
	0, 1
	scale<0.080000,0.200000,0.300000>
	matrix <-0.147772, 0.988904, -0.015256,
		0.943472, 0.145577, 0.297772,
		0.296688, 0.029609, -0.954515,
		31.074577, 38.027668, 28.479383>
	pigment { color rgbt <0,1,1,0> }
	no_shadow
}
cylinder {
	<31.379673, 38.449230, 29.188635>,  <30.866896, 38.006939, 29.147543>, 0.130000
	pigment { color rgbt <1,0,0,0> }
	no_shadow
}

// nucleotide -1

// particle -1
sphere {
	<31.379673, 38.449230, 29.188635> 0.250000
	pigment { color rgbt <1,0,0,0> }
	no_shadow
}
cylinder {
	<31.206198, 38.423664, 28.829117>,  <31.102114, 38.408325, 28.613407>, 0.100000
	pigment { color rgbt <1,0,0,0> }
	no_shadow
}
cylinder {
	<31.206198, 38.423664, 28.829117>,  <31.379673, 38.449230, 29.188635>, 0.100000
	pigment { color rgbt <1,0,0,0> }
	no_shadow
}

// particle -1
sphere {
	<31.206198, 38.423664, 28.829117> 0.100000
	pigment { color rgbt <1,0,0,0> }
	no_shadow
}
sphere {
	0, 1
	scale<0.080000,0.200000,0.300000>
	matrix <-0.083547, 0.996036, -0.030520,
		0.897182, 0.061856, -0.437308,
		-0.433686, -0.063917, -0.898794,
		31.076092, 38.404488, 28.559479>
	pigment { color rgbt <0,1,1,0> }
	no_shadow
}
cylinder {
	<31.753717, 38.860901, 28.795334>,  <31.379673, 38.449230, 29.188635>, 0.130000
	pigment { color rgbt <1,0,0,0> }
	no_shadow
}

// nucleotide -1

// particle -1
sphere {
	<31.753717, 38.860901, 28.795334> 0.250000
	pigment { color rgbt <1,0,0,0> }
	no_shadow
}
cylinder {
	<31.369570, 38.885666, 28.686626>,  <31.139082, 38.900524, 28.621403>, 0.100000
	pigment { color rgbt <1,0,0,0> }
	no_shadow
}
cylinder {
	<31.369570, 38.885666, 28.686626>,  <31.753717, 38.860901, 28.795334>, 0.100000
	pigment { color rgbt <1,0,0,0> }
	no_shadow
}

// particle -1
sphere {
	<31.369570, 38.885666, 28.686626> 0.100000
	pigment { color rgbt <1,0,0,0> }
	no_shadow
}
sphere {
	0, 1
	scale<0.080000,0.200000,0.300000>
	matrix <-0.019300, 0.957912, 0.286411,
		0.278062, 0.280306, -0.918754,
		-0.960369, 0.061908, -0.271769,
		31.081459, 38.904240, 28.605095>
	pigment { color rgbt <0,1,1,0> }
	no_shadow
}
cylinder {
	<31.664934, 39.558762, 28.441059>,  <31.753717, 38.860901, 28.795334>, 0.130000
	pigment { color rgbt <1,0,0,0> }
	no_shadow
}

// nucleotide -1

// particle -1
sphere {
	<31.664934, 39.558762, 28.441059> 0.250000
	pigment { color rgbt <1,0,0,0> }
	no_shadow
}
cylinder {
	<31.305662, 39.434116, 28.565105>,  <31.090099, 39.359329, 28.639534>, 0.100000
	pigment { color rgbt <1,0,0,0> }
	no_shadow
}
cylinder {
	<31.305662, 39.434116, 28.565105>,  <31.664934, 39.558762, 28.441059>, 0.100000
	pigment { color rgbt <1,0,0,0> }
	no_shadow
}

// particle -1
sphere {
	<31.305662, 39.434116, 28.565105> 0.100000
	pigment { color rgbt <1,0,0,0> }
	no_shadow
}
sphere {
	0, 1
	scale<0.080000,0.200000,0.300000>
	matrix <-0.177786, 0.902604, 0.392043,
		-0.402078, 0.296991, -0.866100,
		-0.898179, -0.311612, 0.310117,
		31.036209, 39.340633, 28.658140>
	pigment { color rgbt <0,1,1,0> }
	no_shadow
}
cylinder {
	<31.146406, 40.042038, 28.116123>,  <31.664934, 39.558762, 28.441059>, 0.130000
	pigment { color rgbt <1,0,0,0> }
	no_shadow
}

// nucleotide -1

// particle -1
sphere {
	<31.146406, 40.042038, 28.116123> 0.250000
	pigment { color rgbt <1,0,0,0> }
	no_shadow
}
cylinder {
	<30.977064, 39.865875, 28.432808>,  <30.875460, 39.760178, 28.622820>, 0.100000
	pigment { color rgbt <1,0,0,0> }
	no_shadow
}
cylinder {
	<30.977064, 39.865875, 28.432808>,  <31.146406, 40.042038, 28.116123>, 0.100000
	pigment { color rgbt <1,0,0,0> }
	no_shadow
}

// particle -1
sphere {
	<30.977064, 39.865875, 28.432808> 0.100000
	pigment { color rgbt <1,0,0,0> }
	no_shadow
}
sphere {
	0, 1
	scale<0.080000,0.200000,0.300000>
	matrix <-0.309319, 0.891644, 0.330596,
		-0.851523, -0.104932, -0.513709,
		-0.423356, -0.440410, 0.791713,
		30.850058, 39.733753, 28.670322>
	pigment { color rgbt <0,1,1,0> }
	no_shadow
}
cylinder {
	<31.840330, 40.283340, 28.160990>,  <31.146406, 40.042038, 28.116123>, 0.130000
	pigment { color rgbt <1,0,0,0> }
	no_shadow
}

// nucleotide -1

// particle -1
sphere {
	<31.840330, 40.283340, 28.160990> 0.250000
	pigment { color rgbt <1,0,0,0> }
	no_shadow
}
cylinder {
	<32.066360, 40.610905, 28.201136>,  <32.201981, 40.807442, 28.225224>, 0.100000
	pigment { color rgbt <1,0,0,0> }
	no_shadow
}
cylinder {
	<32.066360, 40.610905, 28.201136>,  <31.840330, 40.283340, 28.160990>, 0.100000
	pigment { color rgbt <1,0,0,0> }
	no_shadow
}

// particle -1
sphere {
	<32.066360, 40.610905, 28.201136> 0.100000
	pigment { color rgbt <1,0,0,0> }
	no_shadow
}
sphere {
	0, 1
	scale<0.080000,0.200000,0.300000>
	matrix <0.070846, -0.169363, 0.983004,
		0.821990, -0.548363, -0.153720,
		0.565078, 0.818910, 0.100365,
		32.235886, 40.856579, 28.231245>
	pigment { color rgbt <0,1,1,0> }
	no_shadow
}
cylinder {
	<32.351620, 40.040333, 28.652029>,  <31.840330, 40.283340, 28.160990>, 0.130000
	pigment { color rgbt <1,0,0,0> }
	no_shadow
}

// nucleotide -1

// particle -1
sphere {
	<32.351620, 40.040333, 28.652029> 0.250000
	pigment { color rgbt <1,0,0,0> }
	no_shadow
}
cylinder {
	<32.323605, 40.439156, 28.664532>,  <32.306797, 40.678448, 28.672033>, 0.100000
	pigment { color rgbt <1,0,0,0> }
	no_shadow
}
cylinder {
	<32.323605, 40.439156, 28.664532>,  <32.351620, 40.040333, 28.652029>, 0.100000
	pigment { color rgbt <1,0,0,0> }
	no_shadow
}

// particle -1
sphere {
	<32.323605, 40.439156, 28.664532> 0.100000
	pigment { color rgbt <1,0,0,0> }
	no_shadow
}
sphere {
	0, 1
	scale<0.080000,0.200000,0.300000>
	matrix <-0.027524, -0.033254, 0.999068,
		0.997165, 0.069109, 0.029772,
		-0.070035, 0.997055, 0.031258,
		32.302593, 40.738274, 28.673908>
	pigment { color rgbt <0,1,1,0> }
	no_shadow
}
cylinder {
	<32.810696, 40.239929, 29.098639>,  <32.351620, 40.040333, 28.652029>, 0.130000
	pigment { color rgbt <1,0,0,0> }
	no_shadow
}

// nucleotide -1

// particle -1
sphere {
	<32.810696, 40.239929, 29.098639> 0.250000
	pigment { color rgbt <1,0,0,0> }
	no_shadow
}
cylinder {
	<32.526474, 40.519829, 29.069061>,  <32.355942, 40.687771, 29.051315>, 0.100000
	pigment { color rgbt <1,0,0,0> }
	no_shadow
}
cylinder {
	<32.526474, 40.519829, 29.069061>,  <32.810696, 40.239929, 29.098639>, 0.100000
	pigment { color rgbt <1,0,0,0> }
	no_shadow
}

// particle -1
sphere {
	<32.526474, 40.519829, 29.069061> 0.100000
	pigment { color rgbt <1,0,0,0> }
	no_shadow
}
sphere {
	0, 1
	scale<0.080000,0.200000,0.300000>
	matrix <-0.178621, -0.077733, 0.980843,
		0.680598, 0.710145, 0.180224,
		-0.710550, 0.699751, -0.073942,
		32.313309, 40.729755, 29.046879>
	pigment { color rgbt <0,1,1,0> }
	no_shadow
}
cylinder {
	<32.880562, 40.625202, 29.713367>,  <32.810696, 40.239929, 29.098639>, 0.130000
	pigment { color rgbt <1,0,0,0> }
	no_shadow
}

// nucleotide -1

// particle -1
sphere {
	<32.880562, 40.625202, 29.713367> 0.250000
	pigment { color rgbt <1,0,0,0> }
	no_shadow
}
cylinder {
	<32.515617, 40.723011, 29.582037>,  <32.296650, 40.781696, 29.503239>, 0.100000
	pigment { color rgbt <1,0,0,0> }
	no_shadow
}
cylinder {
	<32.515617, 40.723011, 29.582037>,  <32.880562, 40.625202, 29.713367>, 0.100000
	pigment { color rgbt <1,0,0,0> }
	no_shadow
}

// particle -1
sphere {
	<32.515617, 40.723011, 29.582037> 0.100000
	pigment { color rgbt <1,0,0,0> }
	no_shadow
}
sphere {
	0, 1
	scale<0.080000,0.200000,0.300000>
	matrix <-0.364692, -0.121111, 0.923218,
		0.185980, 0.962051, 0.199672,
		-0.912366, 0.244519, -0.328328,
		32.241909, 40.796368, 29.483538>
	pigment { color rgbt <0,1,1,0> }
	no_shadow
}
cylinder {
	<32.713844, 41.140724, 30.166641>,  <32.880562, 40.625202, 29.713367>, 0.130000
	pigment { color rgbt <1,0,0,0> }
	no_shadow
}

// nucleotide -1

// particle -1
sphere {
	<32.713844, 41.140724, 30.166641> 0.250000
	pigment { color rgbt <1,0,0,0> }
	no_shadow
}
cylinder {
	<32.387142, 40.969639, 30.011732>,  <32.191120, 40.866989, 29.918787>, 0.100000
	pigment { color rgbt <1,0,0,0> }
	no_shadow
}
cylinder {
	<32.387142, 40.969639, 30.011732>,  <32.713844, 41.140724, 30.166641>, 0.100000
	pigment { color rgbt <1,0,0,0> }
	no_shadow
}

// particle -1
sphere {
	<32.387142, 40.969639, 30.011732> 0.100000
	pigment { color rgbt <1,0,0,0> }
	no_shadow
}
sphere {
	0, 1
	scale<0.080000,0.200000,0.300000>
	matrix <-0.334914, -0.195125, 0.921824,
		-0.469839, 0.882605, 0.016123,
		-0.816752, -0.427709, -0.387274,
		32.142117, 40.841328, 29.895550>
	pigment { color rgbt <0,1,1,0> }
	no_shadow
}
cylinder {
	<32.354874, 41.193783, 30.710791>,  <32.713844, 41.140724, 30.166641>, 0.130000
	pigment { color rgbt <1,0,0,0> }
	no_shadow
}

// nucleotide -1

// particle -1
sphere {
	<32.354874, 41.193783, 30.710791> 0.250000
	pigment { color rgbt <1,0,0,0> }
	no_shadow
}
cylinder {
	<32.143154, 40.945282, 30.479656>,  <32.016121, 40.796181, 30.340975>, 0.100000
	pigment { color rgbt <1,0,0,0> }
	no_shadow
}
cylinder {
	<32.143154, 40.945282, 30.479656>,  <32.354874, 41.193783, 30.710791>, 0.100000
	pigment { color rgbt <1,0,0,0> }
	no_shadow
}

// particle -1
sphere {
	<32.143154, 40.945282, 30.479656> 0.100000
	pigment { color rgbt <1,0,0,0> }
	no_shadow
}
sphere {
	0, 1
	scale<0.080000,0.200000,0.300000>
	matrix <-0.411406, -0.407704, 0.815183,
		-0.742017, 0.669199, -0.039789,
		-0.529298, -0.621249, -0.577836,
		31.984365, 40.758907, 30.306305>
	pigment { color rgbt <0,1,1,0> }
	no_shadow
}
cylinder {
	<31.716721, 41.208675, 31.027903>,  <32.354874, 41.193783, 30.710791>, 0.130000
	pigment { color rgbt <1,0,0,0> }
	no_shadow
}

// nucleotide -1

// particle -1
sphere {
	<31.716721, 41.208675, 31.027903> 0.250000
	pigment { color rgbt <1,0,0,0> }
	no_shadow
}
cylinder {
	<31.727074, 40.875145, 30.807337>,  <31.733286, 40.675026, 30.674997>, 0.100000
	pigment { color rgbt <1,0,0,0> }
	no_shadow
}
cylinder {
	<31.727074, 40.875145, 30.807337>,  <31.716721, 41.208675, 31.027903>, 0.100000
	pigment { color rgbt <1,0,0,0> }
	no_shadow
}

// particle -1
sphere {
	<31.727074, 40.875145, 30.807337> 0.100000
	pigment { color rgbt <1,0,0,0> }
	no_shadow
}
sphere {
	0, 1
	scale<0.080000,0.200000,0.300000>
	matrix <-0.457711, -0.500268, 0.735005,
		-0.888724, 0.233365, -0.394601,
		0.025882, -0.833830, -0.551414,
		31.734838, 40.624996, 30.641912>
	pigment { color rgbt <0,1,1,0> }
	no_shadow
}
cylinder {
	<31.011745, 40.841160, 31.091862>,  <31.716721, 41.208675, 31.027903>, 0.130000
	pigment { color rgbt <1,0,0,0> }
	no_shadow
}

// nucleotide -1

// particle -1
sphere {
	<31.011745, 40.841160, 31.091862> 0.250000
	pigment { color rgbt <1,0,0,0> }
	no_shadow
}
cylinder {
	<31.283394, 40.558823, 31.011284>,  <31.446383, 40.389420, 30.962936>, 0.100000
	pigment { color rgbt <1,0,0,0> }
	no_shadow
}
cylinder {
	<31.283394, 40.558823, 31.011284>,  <31.011745, 40.841160, 31.091862>, 0.100000
	pigment { color rgbt <1,0,0,0> }
	no_shadow
}

// particle -1
sphere {
	<31.283394, 40.558823, 31.011284> 0.100000
	pigment { color rgbt <1,0,0,0> }
	no_shadow
}
sphere {
	0, 1
	scale<0.080000,0.200000,0.300000>
	matrix <-0.427458, -0.603395, 0.673197,
		-0.596720, -0.371075, -0.711497,
		0.679121, -0.705845, -0.201439,
		31.487129, 40.347069, 30.950850>
	pigment { color rgbt <0,1,1,0> }
	no_shadow
}
cylinder {
	<30.654247, 40.126923, 31.001919>,  <31.011745, 40.841160, 31.091862>, 0.130000
	pigment { color rgbt <1,0,0,0> }
	no_shadow
}

// nucleotide -1

// particle -1
sphere {
	<30.654247, 40.126923, 31.001919> 0.250000
	pigment { color rgbt <1,0,0,0> }
	no_shadow
}
cylinder {
	<31.039917, 40.066448, 31.089111>,  <31.271318, 40.030163, 31.141426>, 0.100000
	pigment { color rgbt <1,0,0,0> }
	no_shadow
}
cylinder {
	<31.039917, 40.066448, 31.089111>,  <30.654247, 40.126923, 31.001919>, 0.100000
	pigment { color rgbt <1,0,0,0> }
	no_shadow
}

// particle -1
sphere {
	<31.039917, 40.066448, 31.089111> 0.100000
	pigment { color rgbt <1,0,0,0> }
	no_shadow
}
sphere {
	0, 1
	scale<0.080000,0.200000,0.300000>
	matrix <-0.248481, -0.802446, 0.542529,
