// switches for output
#declare DRAW_BASES = 1; // possible values are 0, 1; only relevant for DNA ribbons
#declare DRAW_BASES_TYPE = 3; // possible values are 1, 2, 3; only relevant for DNA ribbons
#declare DRAW_FOG = 0; // set to 1 to enable fog

#include "colors.inc"

#include "transforms.inc"
background { rgb <1, 1, 1>}

#default {
   normal{
       ripples 0.25
       frequency 0.20
       turbulence 0.2
       lambda 5
   }
	finish {
		phong 0.1
		phong_size 40.
	}
}

// original window dimensions: 1024x640


// camera settings

camera {
	sky <0, 0.179814, -0.983701>
	up <0, 0.179814, -0.983701>
	right 1.6 * <1, 0, 0>
	location <35, 94.9851, 44.8844>
	look_at <35, 29.7336, 32.9568>
	direction <0, -65.2515, -11.9276>
	angle 67.0682
}


# declare cpy_camera_pos = <35, 94.9851, 44.8844>;
# if (DRAW_FOG = 1)
fog {
	fog_type 2
	up vnormalize(cpy_camera_pos)
	color rgbt<1,1,1,0.3>
	distance 1e-5
	fog_alt 3e-3
	fog_offset 56
}
# end


// LIGHTS

# declare lum = 6;
global_settings {
	ambient_light rgb lum * <0.05, 0.05, 0.05>
	max_trace_level 15
}# declare cpy_direct_light_amount = 0.25;
light_source
{	1000 * <-1, -1.16352, -0.803886>,
	rgb lum * cpy_direct_light_amount
	parallel
}

light_source
{	1000 * <1, 1.16352, 0.803886>,
	rgb lum * cpy_direct_light_amount
	parallel
}

// strand 0

// nucleotide -1

// particle -1
sphere {
	<23.902643, 34.997341, 35.244251> 0.250000
	pigment { color rgbt <1,0,0,0> }
	no_shadow
}
cylinder {
	<24.186483, 35.114414, 34.987877>,  <24.356789, 35.184658, 34.834053>, 0.100000
	pigment { color rgbt <1,0,0,0> }
	no_shadow
}
cylinder {
	<24.186483, 35.114414, 34.987877>,  <23.902643, 34.997341, 35.244251>, 0.100000
	pigment { color rgbt <1,0,0,0> }
	no_shadow
}

// particle -1
sphere {
	<24.186483, 35.114414, 34.987877> 0.100000
	pigment { color rgbt <1,0,0,0> }
	no_shadow
}
sphere {
	0, 1
	scale<0.080000,0.200000,0.300000>
	matrix <0.690522, -0.107932, 0.715213,
		0.140153, -0.950099, -0.278693,
		0.709602, 0.292683, -0.640937,
		24.399364, 35.202221, 34.795597>
	pigment { color rgbt <0,1,1,0> }
	no_shadow
}
cylinder {
	<24.434187, 34.616646, 35.336308>,  <23.902643, 34.997341, 35.244251>, 0.130000
	pigment { color rgbt <1,0,0,0> }
	no_shadow
}

// nucleotide -1

// particle -1
sphere {
	<24.434187, 34.616646, 35.336308> 0.250000
	pigment { color rgbt <1,0,0,0> }
	no_shadow
}
cylinder {
	<24.541405, 34.983906, 35.219589>,  <24.605736, 35.204262, 35.149559>, 0.100000
	pigment { color rgbt <1,0,0,0> }
	no_shadow
}
cylinder {
	<24.541405, 34.983906, 35.219589>,  <24.434187, 34.616646, 35.336308>, 0.100000
	pigment { color rgbt <1,0,0,0> }
	no_shadow
}

// particle -1
sphere {
	<24.541405, 34.983906, 35.219589> 0.100000
	pigment { color rgbt <1,0,0,0> }
	no_shadow
}
sphere {
	0, 1
	scale<0.080000,0.200000,0.300000>
	matrix <0.673708, 0.037873, 0.738026,
		0.688672, -0.394412, -0.608416,
		0.268044, 0.918153, -0.291800,
		24.621819, 35.259350, 35.132050>
	pigment { color rgbt <0,1,1,0> }
	no_shadow
}
cylinder {
	<24.990156, 34.751801, 34.930447>,  <24.434187, 34.616646, 35.336308>, 0.130000
	pigment { color rgbt <1,0,0,0> }
	no_shadow
}

// nucleotide -1

// particle -1
sphere {
	<24.990156, 34.751801, 34.930447> 0.250000
	pigment { color rgbt <1,0,0,0> }
	no_shadow
}
cylinder {
	<24.828856, 34.480816, 34.684376>,  <24.732075, 34.318226, 34.536736>, 0.100000
	pigment { color rgbt <1,0,0,0> }
	no_shadow
}
cylinder {
	<24.828856, 34.480816, 34.684376>,  <24.990156, 34.751801, 34.930447>, 0.100000
	pigment { color rgbt <1,0,0,0> }
	no_shadow
}

// particle -1
sphere {
	<24.828856, 34.480816, 34.684376> 0.100000
	pigment { color rgbt <1,0,0,0> }
	no_shadow
}
sphere {
	0, 1
	scale<0.080000,0.200000,0.300000>
	matrix <-0.258913, 0.729254, -0.633366,
		0.877697, -0.096129, -0.469475,
		-0.403251, -0.677457, -0.615175,
		24.707880, 34.277580, 34.499825>
	pigment { color rgbt <0,1,1,0> }
	no_shadow
}
cylinder {
	<25.495623, 34.583874, 35.517540>,  <24.990156, 34.751801, 34.930447>, 0.130000
	pigment { color rgbt <1,0,0,0> }
	no_shadow
}

// nucleotide -1

// particle -1
sphere {
	<25.495623, 34.583874, 35.517540> 0.250000
	pigment { color rgbt <1,0,0,0> }
	no_shadow
}
cylinder {
	<25.615427, 34.952000, 35.416893>,  <25.687309, 35.172874, 35.356506>, 0.100000
	pigment { color rgbt <1,0,0,0> }
	no_shadow
}
cylinder {
	<25.615427, 34.952000, 35.416893>,  <25.495623, 34.583874, 35.517540>, 0.100000
	pigment { color rgbt <1,0,0,0> }
	no_shadow
}

// particle -1
sphere {
	<25.615427, 34.952000, 35.416893> 0.100000
	pigment { color rgbt <1,0,0,0> }
	no_shadow
}
sphere {
	0, 1
	scale<0.080000,0.200000,0.300000>
	matrix <0.801325, -0.385788, -0.457216,
		-0.517854, -0.064686, -0.853020,
		0.299509, 0.920317, -0.251616,
		25.705280, 35.228096, 35.341408>
	pigment { color rgbt <0,1,1,0> }
	no_shadow
}
cylinder {
	<25.735369, 34.637478, 34.897179>,  <25.495623, 34.583874, 35.517540>, 0.130000
	pigment { color rgbt <1,0,0,0> }
	no_shadow
}

// nucleotide -1

// particle -1
sphere {
	<25.735369, 34.637478, 34.897179> 0.250000
	pigment { color rgbt <1,0,0,0> }
	no_shadow
}
cylinder {
	<25.909372, 34.968895, 35.038193>,  <26.013775, 35.167747, 35.122803>, 0.100000
	pigment { color rgbt <1,0,0,0> }
	no_shadow
}
cylinder {
	<25.909372, 34.968895, 35.038193>,  <25.735369, 34.637478, 34.897179>, 0.100000
	pigment { color rgbt <1,0,0,0> }
	no_shadow
}

// particle -1
sphere {
	<25.909372, 34.968895, 35.038193> 0.100000
	pigment { color rgbt <1,0,0,0> }
	no_shadow
}
sphere {
	0, 1
	scale<0.080000,0.200000,0.300000>
	matrix <0.858770, -0.264055, -0.439078,
		-0.270708, 0.493748, -0.826396,
		0.435007, 0.828546, 0.352534,
		26.039875, 35.217457, 35.143951>
	pigment { color rgbt <0,1,1,0> }
	no_shadow
}
cylinder {
	<26.115562, 35.086067, 34.348095>,  <25.735369, 34.637478, 34.897179>, 0.130000
	pigment { color rgbt <1,0,0,0> }
	no_shadow
}

// nucleotide -1

// particle -1
sphere {
	<26.115562, 35.086067, 34.348095> 0.250000
	pigment { color rgbt <1,0,0,0> }
	no_shadow
}
cylinder {
	<26.304667, 35.092056, 34.700520>,  <26.418129, 35.095650, 34.911976>, 0.100000
	pigment { color rgbt <1,0,0,0> }
	no_shadow
}
cylinder {
	<26.304667, 35.092056, 34.700520>,  <26.115562, 35.086067, 34.348095>, 0.100000
	pigment { color rgbt <1,0,0,0> }
	no_shadow
}

// particle -1
sphere {
	<26.304667, 35.092056, 34.700520> 0.100000
	pigment { color rgbt <1,0,0,0> }
	no_shadow
}
sphere {
	0, 1
	scale<0.080000,0.200000,0.300000>
	matrix <0.858060, -0.235412, -0.456415,
		0.200580, 0.971780, -0.124140,
		0.472759, 0.014972, 0.881064,
		26.446495, 35.096546, 34.964840>
	pigment { color rgbt <0,1,1,0> }
	no_shadow
}
cylinder {
	<26.736525, 35.483772, 34.290981>,  <26.115562, 35.086067, 34.348095>, 0.130000
	pigment { color rgbt <1,0,0,0> }
	no_shadow
}

// nucleotide -1

// particle -1
sphere {
	<26.736525, 35.483772, 34.290981> 0.250000
	pigment { color rgbt <1,0,0,0> }
	no_shadow
}
cylinder {
	<26.756775, 35.207199, 34.579247>,  <26.768925, 35.041256, 34.752205>, 0.100000
	pigment { color rgbt <1,0,0,0> }
	no_shadow
}
cylinder {
	<26.756775, 35.207199, 34.579247>,  <26.736525, 35.483772, 34.290981>, 0.100000
	pigment { color rgbt <1,0,0,0> }
	no_shadow
}

// particle -1
sphere {
	<26.756775, 35.207199, 34.579247> 0.100000
	pigment { color rgbt <1,0,0,0> }
	no_shadow
}
sphere {
	0, 1
	scale<0.080000,0.200000,0.300000>
	matrix <0.912850, -0.260686, -0.314241,
		0.405143, 0.673765, 0.617980,
		0.050626, -0.691436, 0.720662,
		26.771963, 34.999767, 34.795444>
	pigment { color rgbt <0,1,1,0> }
	no_shadow
}
cylinder {
	<26.925985, 35.538322, 34.997181>,  <26.736525, 35.483772, 34.290981>, 0.130000
	pigment { color rgbt <1,0,0,0> }
	no_shadow
}

// nucleotide -1

// particle -1
sphere {
	<26.925985, 35.538322, 34.997181> 0.250000
	pigment { color rgbt <1,0,0,0> }
	no_shadow
}
cylinder {
	<27.315510, 35.569733, 34.911839>,  <27.549225, 35.588577, 34.860634>, 0.100000
	pigment { color rgbt <1,0,0,0> }
	no_shadow
}
cylinder {
	<27.315510, 35.569733, 34.911839>,  <26.925985, 35.538322, 34.997181>, 0.100000
	pigment { color rgbt <1,0,0,0> }
	no_shadow
}

// particle -1
sphere {
	<27.315510, 35.569733, 34.911839> 0.100000
	pigment { color rgbt <1,0,0,0> }
	no_shadow
}
sphere {
	0, 1
	scale<0.080000,0.200000,0.300000>
	matrix <-0.199572, 0.744754, -0.636799,
		0.108897, 0.662704, 0.740922,
		0.973813, 0.078521, -0.213359,
		27.607655, 35.593288, 34.847832>
	pigment { color rgbt <0,1,1,0> }
	no_shadow
}
cylinder {
	<27.051107, 36.255692, 34.998333>,  <26.925985, 35.538322, 34.997181>, 0.130000
	pigment { color rgbt <1,0,0,0> }
	no_shadow
}

// nucleotide -1

// particle -1
sphere {
	<27.051107, 36.255692, 34.998333> 0.250000
	pigment { color rgbt <1,0,0,0> }
	no_shadow
}
cylinder {
	<27.361168, 36.109146, 34.792450>,  <27.547205, 36.021221, 34.668922>, 0.100000
	pigment { color rgbt <1,0,0,0> }
	no_shadow
}
cylinder {
	<27.361168, 36.109146, 34.792450>,  <27.051107, 36.255692, 34.998333>, 0.100000
	pigment { color rgbt <1,0,0,0> }
	no_shadow
}

// particle -1
sphere {
	<27.361168, 36.109146, 34.792450> 0.100000
	pigment { color rgbt <1,0,0,0> }
	no_shadow
}
sphere {
	0, 1
	scale<0.080000,0.200000,0.300000>
	matrix <-0.155829, 0.678653, -0.717737,
		0.612255, 0.636561, 0.468970,
		0.775152, -0.366360, -0.514704,
		27.593714, 35.999237, 34.638039>
	pigment { color rgbt <0,1,1,0> }
	no_shadow
}
cylinder {
	<27.524075, 36.882370, 34.830940>,  <27.051107, 36.255692, 34.998333>, 0.130000
	pigment { color rgbt <1,0,0,0> }
	no_shadow
}

// nucleotide -1

// particle -1
sphere {
	<27.524075, 36.882370, 34.830940> 0.250000
	pigment { color rgbt <1,0,0,0> }
	no_shadow
}
cylinder {
	<27.630846, 36.596340, 34.572510>,  <27.694910, 36.424721, 34.417450>, 0.100000
	pigment { color rgbt <1,0,0,0> }
	no_shadow
}
cylinder {
	<27.630846, 36.596340, 34.572510>,  <27.524075, 36.882370, 34.830940>, 0.100000
	pigment { color rgbt <1,0,0,0> }
	no_shadow
}

// particle -1
sphere {
	<27.630846, 36.596340, 34.572510> 0.100000
	pigment { color rgbt <1,0,0,0> }
	no_shadow
}
sphere {
	0, 1
	scale<0.080000,0.200000,0.300000>
	matrix <-0.154803, 0.629883, -0.761106,
		0.951202, 0.303177, 0.057439,
		0.266930, -0.715074, -0.646079,
		27.710924, 36.381817, 34.378685>
	pigment { color rgbt <0,1,1,0> }
	no_shadow
}
cylinder {
	<27.787783, 37.302326, 34.342167>,  <27.524075, 36.882370, 34.830940>, 0.130000
	pigment { color rgbt <1,0,0,0> }
	no_shadow
}

// nucleotide -1

// particle -1
sphere {
	<27.787783, 37.302326, 34.342167> 0.250000
	pigment { color rgbt <1,0,0,0> }
	no_shadow
}
cylinder {
	<27.753101, 36.946140, 34.163479>,  <27.732292, 36.732430, 34.056267>, 0.100000
	pigment { color rgbt <1,0,0,0> }
	no_shadow
}
cylinder {
	<27.753101, 36.946140, 34.163479>,  <27.787783, 37.302326, 34.342167>, 0.100000
	pigment { color rgbt <1,0,0,0> }
	no_shadow
}

// particle -1
sphere {
	<27.753101, 36.946140, 34.163479> 0.100000
	pigment { color rgbt <1,0,0,0> }
	no_shadow
}
sphere {
	0, 1
	scale<0.080000,0.200000,0.300000>
	matrix <-0.171121, 0.455057, -0.873865,
		0.981427, 0.000677, -0.191832,
		-0.086703, -0.890462, -0.446721,
		27.727091, 36.679001, 34.029461>
	pigment { color rgbt <0,1,1,0> }
	no_shadow
}
cylinder {
	<28.243517, 37.391788, 33.863701>,  <27.787783, 37.302326, 34.342167>, 0.130000
	pigment { color rgbt <1,0,0,0> }
	no_shadow
}

// nucleotide -1

// particle -1
sphere {
	<28.243517, 37.391788, 33.863701> 0.250000
	pigment { color rgbt <1,0,0,0> }
	no_shadow
}
cylinder {
	<27.981211, 37.111591, 33.751068>,  <27.823826, 36.943474, 33.683491>, 0.100000
	pigment { color rgbt <1,0,0,0> }
	no_shadow
}
cylinder {
	<27.981211, 37.111591, 33.751068>,  <28.243517, 37.391788, 33.863701>, 0.100000
	pigment { color rgbt <1,0,0,0> }
	no_shadow
}

// particle -1
sphere {
	<27.981211, 37.111591, 33.751068> 0.100000
	pigment { color rgbt <1,0,0,0> }
	no_shadow
}
sphere {
	0, 1
	scale<0.080000,0.200000,0.300000>
	matrix <-0.064064, 0.423255, -0.903743,
		0.752241, -0.574605, -0.322432,
		-0.655766, -0.700489, -0.281579,
		27.784481, 36.901443, 33.666595>
	pigment { color rgbt <0,1,1,0> }
	no_shadow
}
cylinder {
	<28.474802, 37.199707, 33.240681>,  <28.243517, 37.391788, 33.863701>, 0.130000
	pigment { color rgbt <1,0,0,0> }
	no_shadow
}

// nucleotide -1

// particle -1
sphere {
	<28.474802, 37.199707, 33.240681> 0.250000
	pigment { color rgbt <1,0,0,0> }
	no_shadow
}
cylinder {
	<28.085993, 37.107422, 33.258316>,  <27.852707, 37.052052, 33.268898>, 0.100000
	pigment { color rgbt <1,0,0,0> }
	no_shadow
}
cylinder {
	<28.085993, 37.107422, 33.258316>,  <28.474802, 37.199707, 33.240681>, 0.100000
	pigment { color rgbt <1,0,0,0> }
	no_shadow
}

// particle -1
sphere {
	<28.085993, 37.107422, 33.258316> 0.100000
	pigment { color rgbt <1,0,0,0> }
	no_shadow
}
sphere {
	0, 1
	scale<0.080000,0.200000,0.300000>
	matrix <-0.118459, 0.319434, -0.940175,
		0.202825, -0.919094, -0.337827,
		-0.972023, -0.230710, 0.044086,
		27.794386, 37.038208, 33.271542>
	pigment { color rgbt <0,1,1,0> }
	no_shadow
}
cylinder {
	<28.266211, 37.027721, 32.560482>,  <28.474802, 37.199707, 33.240681>, 0.130000
	pigment { color rgbt <1,0,0,0> }
	no_shadow
}

// nucleotide -1

// particle -1
sphere {
	<28.266211, 37.027721, 32.560482> 0.250000
	pigment { color rgbt <1,0,0,0> }
	no_shadow
}
cylinder {
	<27.911982, 37.114079, 32.724995>,  <27.699444, 37.165894, 32.823704>, 0.100000
	pigment { color rgbt <1,0,0,0> }
	no_shadow
}
cylinder {
	<27.911982, 37.114079, 32.724995>,  <28.266211, 37.027721, 32.560482>, 0.100000
	pigment { color rgbt <1,0,0,0> }
	no_shadow
}

// particle -1
sphere {
	<27.911982, 37.114079, 32.724995> 0.100000
	pigment { color rgbt <1,0,0,0> }
	no_shadow
}
sphere {
	0, 1
	scale<0.080000,0.200000,0.300000>
	matrix <-0.299171, 0.412232, -0.860559,
		-0.355332, -0.885131, -0.300472,
		-0.885571, 0.215891, 0.411285,
		27.646311, 37.178844, 32.848381>
	pigment { color rgbt <0,1,1,0> }
	no_shadow
}
cylinder {
	<27.818014, 36.727207, 32.155941>,  <28.266211, 37.027721, 32.560482>, 0.130000
	pigment { color rgbt <1,0,0,0> }
	no_shadow
}

// nucleotide -1

// particle -1
sphere {
	<27.818014, 36.727207, 32.155941> 0.250000
	pigment { color rgbt <1,0,0,0> }
	no_shadow
}
cylinder {
	<27.643270, 37.028362, 32.352840>,  <27.538424, 37.209057, 32.470982>, 0.100000
	pigment { color rgbt <1,0,0,0> }
	no_shadow
}
cylinder {
	<27.643270, 37.028362, 32.352840>,  <27.818014, 36.727207, 32.155941>, 0.100000
	pigment { color rgbt <1,0,0,0> }
	no_shadow
}

// particle -1
sphere {
	<27.643270, 37.028362, 32.352840> 0.100000
	pigment { color rgbt <1,0,0,0> }
	no_shadow
}
sphere {
	0, 1
	scale<0.080000,0.200000,0.300000>
	matrix <-0.288689, 0.400938, -0.869429,
		-0.851946, -0.521926, 0.042197,
		-0.436859, 0.752889, 0.492252,
		27.512213, 37.254230, 32.500515>
	pigment { color rgbt <0,1,1,0> }
	no_shadow
}
cylinder {
	<27.352924, 36.895821, 31.770624>,  <27.818014, 36.727207, 32.155941>, 0.130000
	pigment { color rgbt <1,0,0,0> }
	no_shadow
}

// nucleotide -1

// particle -1
sphere {
	<27.352924, 36.895821, 31.770624> 0.250000
	pigment { color rgbt <1,0,0,0> }
	no_shadow
}
cylinder {
	<27.347652, 37.214489, 32.012333>,  <27.344490, 37.405689, 32.157360>, 0.100000
	pigment { color rgbt <1,0,0,0> }
	no_shadow
}
cylinder {
	<27.347652, 37.214489, 32.012333>,  <27.352924, 36.895821, 31.770624>, 0.100000
	pigment { color rgbt <1,0,0,0> }
	no_shadow
}

// particle -1
sphere {
	<27.347652, 37.214489, 32.012333> 0.100000
	pigment { color rgbt <1,0,0,0> }
	no_shadow
}
sphere {
	0, 1
	scale<0.080000,0.200000,0.300000>
	matrix <-0.197248, 0.590379, -0.782653,
		-0.980265, -0.129505, 0.149362,
		-0.013177, 0.796669, 0.604272,
		27.343699, 37.453491, 32.193615>
	pigment { color rgbt <0,1,1,0> }
	no_shadow
}
cylinder {
	<26.789169, 37.340954, 31.551010>,  <27.352924, 36.895821, 31.770624>, 0.130000
	pigment { color rgbt <1,0,0,0> }
	no_shadow
}

// nucleotide -1

// particle -1
sphere {
	<26.789169, 37.340954, 31.551010> 0.250000
	pigment { color rgbt <1,0,0,0> }
	no_shadow
}
cylinder {
	<27.022436, 37.580570, 31.770487>,  <27.162397, 37.724339, 31.902172>, 0.100000
	pigment { color rgbt <1,0,0,0> }
	no_shadow
}
cylinder {
	<27.022436, 37.580570, 31.770487>,  <26.789169, 37.340954, 31.551010>, 0.100000
	pigment { color rgbt <1,0,0,0> }
	no_shadow
}

// particle -1
sphere {
	<27.022436, 37.580570, 31.770487> 0.100000
	pigment { color rgbt <1,0,0,0> }
	no_shadow
}
sphere {
	0, 1
	scale<0.080000,0.200000,0.300000>
	matrix <-0.044461, 0.697961, -0.714754,
		-0.811133, 0.392427, 0.433663,
		0.583169, 0.599042, 0.548692,
		27.197388, 37.760284, 31.935095>
	pigment { color rgbt <0,1,1,0> }
	no_shadow
}
cylinder {
	<26.466391, 38.041653, 31.613630>,  <26.789169, 37.340954, 31.551010>, 0.130000
	pigment { color rgbt <1,0,0,0> }
	no_shadow
}

// nucleotide -1

// particle -1
sphere {
	<26.466391, 38.041653, 31.613630> 0.250000
	pigment { color rgbt <1,0,0,0> }
	no_shadow
}
cylinder {
	<26.854424, 38.110012, 31.682602>,  <27.087244, 38.151028, 31.723986>, 0.100000
	pigment { color rgbt <1,0,0,0> }
	no_shadow
}
cylinder {
	<26.854424, 38.110012, 31.682602>,  <26.466391, 38.041653, 31.613630>, 0.100000
	pigment { color rgbt <1,0,0,0> }
	no_shadow
}

// particle -1
sphere {
	<26.854424, 38.110012, 31.682602> 0.100000
	pigment { color rgbt <1,0,0,0> }
	no_shadow
}
sphere {
	0, 1
	scale<0.080000,0.200000,0.300000>
	matrix <-0.032986, 0.796447, -0.603808,
		-0.240524, 0.580056, 0.778256,
		0.970083, 0.170902, 0.172431,
		27.145449, 38.161282, 31.734331>
	pigment { color rgbt <0,1,1,0> }
	no_shadow
}
cylinder {
	<26.474777, 38.675430, 31.688623>,  <26.466391, 38.041653, 31.613630>, 0.130000
	pigment { color rgbt <1,0,0,0> }
	no_shadow
}

// nucleotide -1

// particle -1
sphere {
	<26.474777, 38.675430, 31.688623> 0.250000
	pigment { color rgbt <1,0,0,0> }
	no_shadow
}
cylinder {
	<26.855116, 38.592926, 31.596239>,  <27.083319, 38.543423, 31.540808>, 0.100000
	pigment { color rgbt <1,0,0,0> }
	no_shadow
}
cylinder {
	<26.855116, 38.592926, 31.596239>,  <26.474777, 38.675430, 31.688623>, 0.100000
	pigment { color rgbt <1,0,0,0> }
	no_shadow
}

// particle -1
sphere {
	<26.855116, 38.592926, 31.596239> 0.100000
	pigment { color rgbt <1,0,0,0> }
	no_shadow
}
sphere {
	0, 1
	scale<0.080000,0.200000,0.300000>
	matrix <0.022369, 0.789667, -0.613128,
		0.308849, 0.577825, 0.755467,
		0.950848, -0.206263, -0.230963,
		27.140369, 38.531048, 31.526951>
	pigment { color rgbt <0,1,1,0> }
	no_shadow
}
cylinder {
	<26.727402, 39.292263, 31.604174>,  <26.474777, 38.675430, 31.688623>, 0.130000
	pigment { color rgbt <1,0,0,0> }
	no_shadow
}

// nucleotide -1

// particle -1
sphere {
	<26.727402, 39.292263, 31.604174> 0.250000
	pigment { color rgbt <1,0,0,0> }
	no_shadow
}
cylinder {
	<27.009272, 39.049915, 31.456469>,  <27.178392, 38.904507, 31.367846>, 0.100000
	pigment { color rgbt <1,0,0,0> }
	no_shadow
}
cylinder {
	<27.009272, 39.049915, 31.456469>,  <26.727402, 39.292263, 31.604174>, 0.100000
	pigment { color rgbt <1,0,0,0> }
	no_shadow
}

// particle -1
sphere {
	<27.009272, 39.049915, 31.456469> 0.100000
	pigment { color rgbt <1,0,0,0> }
	no_shadow
}
sphere {
	0, 1
	scale<0.080000,0.200000,0.300000>
	matrix <0.354568, 0.751487, -0.556372,
		0.614586, 0.261131, 0.744375,
		0.704674, -0.605870, -0.369265,
		27.220675, 38.868153, 31.345690>
	pigment { color rgbt <0,1,1,0> }
	no_shadow
}
cylinder {
	<27.300442, 39.743450, 31.442581>,  <26.727402, 39.292263, 31.604174>, 0.130000
	pigment { color rgbt <1,0,0,0> }
	no_shadow
}

// nucleotide -1

// particle -1
sphere {
	<27.300442, 39.743450, 31.442581> 0.250000
	pigment { color rgbt <1,0,0,0> }
	no_shadow
}
cylinder {
	<27.455309, 39.414520, 31.275785>,  <27.548229, 39.217163, 31.175707>, 0.100000
	pigment { color rgbt <1,0,0,0> }
	no_shadow
}
cylinder {
	<27.455309, 39.414520, 31.275785>,  <27.300442, 39.743450, 31.442581>, 0.100000
	pigment { color rgbt <1,0,0,0> }
	no_shadow
}

// particle -1
sphere {
	<27.455309, 39.414520, 31.275785> 0.100000
	pigment { color rgbt <1,0,0,0> }
	no_shadow
}
sphere {
	0, 1
	scale<0.080000,0.200000,0.300000>
	matrix <0.636885, 0.565550, -0.523957,
		0.666692, -0.062716, 0.742690,
		0.387167, -0.822326, -0.416990,
		27.571459, 39.167824, 31.150688>
	pigment { color rgbt <0,1,1,0> }
	no_shadow
}
cylinder {
	<28.037958, 39.698658, 31.631771>,  <27.300442, 39.743450, 31.442581>, 0.130000
	pigment { color rgbt <1,0,0,0> }
	no_shadow
}

// nucleotide -1

// particle -1
sphere {
	<28.037958, 39.698658, 31.631771> 0.250000
	pigment { color rgbt <1,0,0,0> }
	no_shadow
}
cylinder {
	<27.963936, 39.490799, 31.298132>,  <27.919523, 39.366085, 31.097948>, 0.100000
	pigment { color rgbt <1,0,0,0> }
	no_shadow
}
cylinder {
	<27.963936, 39.490799, 31.298132>,  <28.037958, 39.698658, 31.631771>, 0.100000
	pigment { color rgbt <1,0,0,0> }
	no_shadow
}

// particle -1
sphere {
	<27.963936, 39.490799, 31.298132> 0.100000
	pigment { color rgbt <1,0,0,0> }
	no_shadow
}
sphere {
	0, 1
	scale<0.080000,0.200000,0.300000>
	matrix <0.715206, 0.510877, -0.476954,
		0.673970, -0.684816, 0.277113,
		-0.185056, -0.519646, -0.834100,
		27.908419, 39.334904, 31.047901>
	pigment { color rgbt <0,1,1,0> }
	no_shadow
}
cylinder {
	<28.648319, 39.396179, 31.253330>,  <28.037958, 39.698658, 31.631771>, 0.130000
	pigment { color rgbt <1,0,0,0> }
	no_shadow
}

// nucleotide -1

// particle -1
sphere {
	<28.648319, 39.396179, 31.253330> 0.250000
	pigment { color rgbt <1,0,0,0> }
	no_shadow
}
cylinder {
	<28.382198, 39.422844, 30.955893>,  <28.222527, 39.438843, 30.777430>, 0.100000
	pigment { color rgbt <1,0,0,0> }
	no_shadow
}
cylinder {
	<28.382198, 39.422844, 30.955893>,  <28.648319, 39.396179, 31.253330>, 0.100000
	pigment { color rgbt <1,0,0,0> }
	no_shadow
}

// particle -1
sphere {
	<28.382198, 39.422844, 30.955893> 0.100000
	pigment { color rgbt <1,0,0,0> }
	no_shadow
}
sphere {
	0, 1
	scale<0.080000,0.200000,0.300000>
	matrix <0.669204, 0.494799, -0.554382,
		0.330971, -0.866446, -0.373804,
		-0.665300, 0.066667, -0.743593,
		28.182608, 39.442844, 30.732815>
	pigment { color rgbt <0,1,1,0> }
	no_shadow
}
cylinder {
	<28.975182, 39.117336, 30.699512>,  <28.648319, 39.396179, 31.253330>, 0.130000
	pigment { color rgbt <1,0,0,0> }
	no_shadow
}

// nucleotide -1

// particle -1
sphere {
	<28.975182, 39.117336, 30.699512> 0.250000
	pigment { color rgbt <1,0,0,0> }
	no_shadow
}
cylinder {
	<28.685034, 39.343201, 30.542036>,  <28.510944, 39.478722, 30.447550>, 0.100000
	pigment { color rgbt <1,0,0,0> }
	no_shadow
}
cylinder {
	<28.685034, 39.343201, 30.542036>,  <28.975182, 39.117336, 30.699512>, 0.100000
	pigment { color rgbt <1,0,0,0> }
	no_shadow
}

// particle -1
sphere {
	<28.685034, 39.343201, 30.542036> 0.100000
	pigment { color rgbt <1,0,0,0> }
	no_shadow
}
sphere {
	0, 1
	scale<0.080000,0.200000,0.300000>
	matrix <0.654272, 0.387811, -0.649254,
		-0.213933, -0.728530, -0.650750,
		-0.725370, 0.564664, -0.393691,
		28.467422, 39.512600, 30.423929>
	pigment { color rgbt <0,1,1,0> }
	no_shadow
}
cylinder {
	<29.014879, 39.089058, 29.985596>,  <28.975182, 39.117336, 30.699512>, 0.130000
	pigment { color rgbt <1,0,0,0> }
	no_shadow
}

// nucleotide -1

// particle -1
sphere {
	<29.014879, 39.089058, 29.985596> 0.250000
	pigment { color rgbt <1,0,0,0> }
	no_shadow
}
cylinder {
	<28.796892, 39.421543, 30.029575>,  <28.666100, 39.621037, 30.055964>, 0.100000
	pigment { color rgbt <1,0,0,0> }
	no_shadow
}
cylinder {
	<28.796892, 39.421543, 30.029575>,  <29.014879, 39.089058, 29.985596>, 0.100000
	pigment { color rgbt <1,0,0,0> }
	no_shadow
}

// particle -1
sphere {
	<28.796892, 39.421543, 30.029575> 0.100000
	pigment { color rgbt <1,0,0,0> }
	no_shadow
}
sphere {
	0, 1
	scale<0.080000,0.200000,0.300000>
	matrix <0.532898, 0.444611, -0.719959,
		-0.647326, -0.333763, -0.685253,
		-0.544967, 0.831218, 0.109947,
		28.633402, 39.670910, 30.062559>
	pigment { color rgbt <0,1,1,0> }
	no_shadow
}
cylinder {
	<28.765499, 39.303780, 29.324682>,  <29.014879, 39.089058, 29.985596>, 0.130000
	pigment { color rgbt <1,0,0,0> }
	no_shadow
}

// nucleotide -1

// particle -1
sphere {
	<28.765499, 39.303780, 29.324682> 0.250000
	pigment { color rgbt <1,0,0,0> }
	no_shadow
}
cylinder {
	<28.802235, 39.617569, 29.570011>,  <28.824276, 39.805843, 29.717209>, 0.100000
	pigment { color rgbt <1,0,0,0> }
	no_shadow
}
cylinder {
	<28.802235, 39.617569, 29.570011>,  <28.765499, 39.303780, 29.324682>, 0.100000
	pigment { color rgbt <1,0,0,0> }
	no_shadow
}

// particle -1
sphere {
	<28.802235, 39.617569, 29.570011> 0.100000
	pigment { color rgbt <1,0,0,0> }
	no_shadow
}
sphere {
	0, 1
	scale<0.080000,0.200000,0.300000>
	matrix <0.570502, 0.463368, -0.678099,
		-0.816146, 0.412177, -0.404989,
		0.091838, 0.784475, 0.613323,
		28.829786, 39.852913, 29.754007>
	pigment { color rgbt <0,1,1,0> }
	no_shadow
}
cylinder {
	<28.694170, 39.800537, 28.840420>,  <28.765499, 39.303780, 29.324682>, 0.130000
	pigment { color rgbt <1,0,0,0> }
	no_shadow
}

// nucleotide -1

// particle -1
sphere {
	<28.694170, 39.800537, 28.840420> 0.250000
	pigment { color rgbt <1,0,0,0> }
	no_shadow
}
cylinder {
	<28.859306, 39.972431, 29.161640>,  <28.958387, 40.075569, 29.354372>, 0.100000
	pigment { color rgbt <1,0,0,0> }
	no_shadow
}
cylinder {
	<28.859306, 39.972431, 29.161640>,  <28.694170, 39.800537, 28.840420>, 0.100000
	pigment { color rgbt <1,0,0,0> }
	no_shadow
}

// particle -1
sphere {
	<28.859306, 39.972431, 29.161640> 0.100000
	pigment { color rgbt <1,0,0,0> }
	no_shadow
}
sphere {
	0, 1
	scale<0.080000,0.200000,0.300000>
	matrix <0.614042, 0.519872, -0.593874,
		-0.672694, 0.738280, -0.049255,
		0.412839, 0.429739, 0.803049,
		28.983158, 40.101353, 29.402555>
	pigment { color rgbt <0,1,1,0> }
	no_shadow
}
cylinder {
	<28.915359, 40.495964, 28.623409>,  <28.694170, 39.800537, 28.840420>, 0.130000
	pigment { color rgbt <1,0,0,0> }
	no_shadow
}

// nucleotide -1

// particle -1
sphere {
	<28.915359, 40.495964, 28.623409> 0.250000
	pigment { color rgbt <1,0,0,0> }
	no_shadow
}
cylinder {
	<29.146618, 40.371117, 28.924959>,  <29.285374, 40.296207, 29.105890>, 0.100000
	pigment { color rgbt <1,0,0,0> }
	no_shadow
}
cylinder {
	<29.146618, 40.371117, 28.924959>,  <28.915359, 40.495964, 28.623409>, 0.100000
	pigment { color rgbt <1,0,0,0> }
	no_shadow
}

// particle -1
sphere {
	<29.146618, 40.371117, 28.924959> 0.100000
	pigment { color rgbt <1,0,0,0> }
	no_shadow
}
sphere {
	0, 1
	scale<0.080000,0.200000,0.300000>
	matrix <0.813946, 0.285054, -0.506198,
		-0.056902, 0.906271, 0.418850,
		0.578147, -0.312117, 0.753876,
		29.320063, 40.277481, 29.151121>
	pigment { color rgbt <0,1,1,0> }
	no_shadow
}
cylinder {
	<29.403090, 41.078297, 28.783440>,  <28.915359, 40.495964, 28.623409>, 0.130000
	pigment { color rgbt <1,0,0,0> }
	no_shadow
}

// nucleotide -1

// particle -1
sphere {
	<29.403090, 41.078297, 28.783440> 0.250000
	pigment { color rgbt <1,0,0,0> }
	no_shadow
}
cylinder {
	<29.541254, 40.709652, 28.854231>,  <29.624153, 40.488464, 28.896706>, 0.100000
	pigment { color rgbt <1,0,0,0> }
	no_shadow
}
cylinder {
	<29.541254, 40.709652, 28.854231>,  <29.403090, 41.078297, 28.783440>, 0.100000
	pigment { color rgbt <1,0,0,0> }
	no_shadow
}

// particle -1
sphere {
	<29.541254, 40.709652, 28.854231> 0.100000
	pigment { color rgbt <1,0,0,0> }
	no_shadow
}
sphere {
	0, 1
	scale<0.080000,0.200000,0.300000>
	matrix <0.815874, 0.201719, -0.541902,
		0.463724, 0.331572, 0.821596,
		0.345411, -0.921612, 0.176980,
		29.644876, 40.433167, 28.907326>
	pigment { color rgbt <0,1,1,0> }
	no_shadow
}
cylinder {
	<30.085278, 41.150589, 28.817648>,  <29.403090, 41.078297, 28.783440>, 0.130000
	pigment { color rgbt <1,0,0,0> }
	no_shadow
}

// nucleotide -1

// particle -1
sphere {
	<30.085278, 41.150589, 28.817648> 0.250000
	pigment { color rgbt <1,0,0,0> }
	no_shadow
}
cylinder {
	<29.997747, 40.786018, 28.678265>,  <29.945229, 40.567276, 28.594635>, 0.100000
	pigment { color rgbt <1,0,0,0> }
	no_shadow
}
cylinder {
	<29.997747, 40.786018, 28.678265>,  <30.085278, 41.150589, 28.817648>, 0.100000
	pigment { color rgbt <1,0,0,0> }
	no_shadow
}

// particle -1
sphere {
	<29.997747, 40.786018, 28.678265> 0.100000
	pigment { color rgbt <1,0,0,0> }
	no_shadow
}
sphere {
	0, 1
	scale<0.080000,0.200000,0.300000>
	matrix <0.592164, 0.159789, -0.789816,
		0.775536, -0.379177, 0.504746,
		-0.218827, -0.911423, -0.348458,
		29.932098, 40.512592, 28.573727>
	pigment { color rgbt <0,1,1,0> }
	no_shadow
}
cylinder {
	<30.598930, 41.060917, 28.392080>,  <30.085278, 41.150589, 28.817648>, 0.130000
	pigment { color rgbt <1,0,0,0> }
	no_shadow
}

// nucleotide -1

// particle -1
sphere {
	<30.598930, 41.060917, 28.392080> 0.250000
	pigment { color rgbt <1,0,0,0> }
	no_shadow
}
cylinder {
	<30.374889, 40.743584, 28.296654>,  <30.240465, 40.553185, 28.239397>, 0.100000
	pigment { color rgbt <1,0,0,0> }
	no_shadow
}
cylinder {
	<30.374889, 40.743584, 28.296654>,  <30.598930, 41.060917, 28.392080>, 0.100000
	pigment { color rgbt <1,0,0,0> }
	no_shadow
}

// particle -1
sphere {
	<30.374889, 40.743584, 28.296654> 0.100000
	pigment { color rgbt <1,0,0,0> }
	no_shadow
}
sphere {
	0, 1
	scale<0.080000,0.200000,0.300000>
	matrix <0.474034, -0.070749, -0.877660,
		0.679395, -0.604667, 0.415692,
		-0.560101, -0.793330, -0.238566,
		30.206860, 40.505585, 28.225084>
	pigment { color rgbt <0,1,1,0> }
	no_shadow
}
cylinder {
	<31.053539, 40.363895, 28.197861>,  <30.598930, 41.060917, 28.392080>, 0.130000
	pigment { color rgbt <1,0,0,0> }
	no_shadow
}

// nucleotide -1

// particle -1
sphere {
	<31.053539, 40.363895, 28.197861> 0.250000
	pigment { color rgbt <1,0,0,0> }
	no_shadow
}
cylinder {
	<30.697002, 40.359497, 28.016581>,  <30.483080, 40.356857, 27.907812>, 0.100000
	pigment { color rgbt <1,0,0,0> }
	no_shadow
}
cylinder {
	<30.697002, 40.359497, 28.016581>,  <31.053539, 40.363895, 28.197861>, 0.100000
	pigment { color rgbt <1,0,0,0> }
	no_shadow
}

// particle -1
sphere {
	<30.697002, 40.359497, 28.016581> 0.100000
	pigment { color rgbt <1,0,0,0> }
	no_shadow
}
sphere {
	0, 1
	scale<0.080000,0.200000,0.300000>
	matrix <0.451421, 0.070175, -0.889547,
		0.041581, -0.997474, -0.057588,
		-0.891342, -0.010992, -0.453199,
		30.429600, 40.356197, 27.880621>
	pigment { color rgbt <0,1,1,0> }
	no_shadow
}
cylinder {
	<31.189003, 39.667599, 28.212645>,  <31.053539, 40.363895, 28.197861>, 0.130000
	pigment { color rgbt <1,0,0,0> }
	no_shadow
}

// nucleotide -1

// particle -1
sphere {
	<31.189003, 39.667599, 28.212645> 0.250000
	pigment { color rgbt <1,0,0,0> }
	no_shadow
}
cylinder {
	<30.905296, 39.893429, 28.043791>,  <30.735073, 40.028927, 27.942478>, 0.100000
	pigment { color rgbt <1,0,0,0> }
	no_shadow
}
cylinder {
	<30.905296, 39.893429, 28.043791>,  <31.189003, 39.667599, 28.212645>, 0.100000
	pigment { color rgbt <1,0,0,0> }
	no_shadow
}

// particle -1
sphere {
	<30.905296, 39.893429, 28.043791> 0.100000
	pigment { color rgbt <1,0,0,0> }
	no_shadow
}
sphere {
	0, 1
	scale<0.080000,0.200000,0.300000>
	matrix <0.540928, 0.051886, -0.839467,
		-0.452039, -0.823750, -0.342194,
		-0.709266, 0.564574, -0.422135,
		30.692516, 40.062801, 27.917150>
	pigment { color rgbt <0,1,1,0> }
	no_shadow
}
cylinder {
	<30.842646, 39.425072, 28.842966>,  <31.189003, 39.667599, 28.212645>, 0.130000
	pigment { color rgbt <1,0,0,0> }
	no_shadow
}

// nucleotide -1

// particle -1
sphere {
	<30.842646, 39.425072, 28.842966> 0.250000
	pigment { color rgbt <1,0,0,0> }
	no_shadow
}
cylinder {
	<30.889198, 39.816345, 28.911798>,  <30.917130, 40.051109, 28.953098>, 0.100000
	pigment { color rgbt <1,0,0,0> }
	no_shadow
}
cylinder {
	<30.889198, 39.816345, 28.911798>,  <30.842646, 39.425072, 28.842966>, 0.100000
	pigment { color rgbt <1,0,0,0> }
	no_shadow
}

// particle -1
sphere {
	<30.889198, 39.816345, 28.911798> 0.100000
	pigment { color rgbt <1,0,0,0> }
	no_shadow
}
sphere {
	0, 1
	scale<0.080000,0.200000,0.300000>
	matrix <0.082740, -0.182205, 0.979773,
		0.989752, -0.099789, -0.102140,
		0.116381, 0.978184, 0.172081,
		30.924112, 40.109802, 28.963423>
	pigment { color rgbt <0,1,1,0> }
	no_shadow
}
cylinder {
	<31.408947, 39.523781, 29.419613>,  <30.842646, 39.425072, 28.842966>, 0.130000
	pigment { color rgbt <1,0,0,0> }
	no_shadow
}

// nucleotide -1

// particle -1
sphere {
	<31.408947, 39.523781, 29.419613> 0.250000
	pigment { color rgbt <1,0,0,0> }
	no_shadow
}
cylinder {
	<31.159803, 39.836487, 29.431591>,  <31.010317, 40.024109, 29.438778>, 0.100000
	pigment { color rgbt <1,0,0,0> }
	no_shadow
}
cylinder {
	<31.159803, 39.836487, 29.431591>,  <31.408947, 39.523781, 29.419613>, 0.100000
	pigment { color rgbt <1,0,0,0> }
	no_shadow
}

// particle -1
sphere {
	<31.159803, 39.836487, 29.431591> 0.100000
	pigment { color rgbt <1,0,0,0> }
	no_shadow
}
sphere {
	0, 1
	scale<0.080000,0.200000,0.300000>
	matrix <-0.123679, -0.136188, 0.982933,
		0.772497, 0.608524, 0.181513,
		-0.622858, 0.781762, 0.029943,
		30.972946, 40.071014, 29.440575>
	pigment { color rgbt <0,1,1,0> }
	no_shadow
}
cylinder {
	<31.589117, 40.007889, 29.940502>,  <31.408947, 39.523781, 29.419613>, 0.130000
	pigment { color rgbt <1,0,0,0> }
	no_shadow
}

// nucleotide -1

// particle -1
sphere {
	<31.589117, 40.007889, 29.940502> 0.250000
	pigment { color rgbt <1,0,0,0> }
	no_shadow
}
cylinder {
	<31.193121, 40.007374, 29.884052>,  <30.955523, 40.007065, 29.850182>, 0.100000
	pigment { color rgbt <1,0,0,0> }
	no_shadow
}
cylinder {
	<31.193121, 40.007374, 29.884052>,  <31.589117, 40.007889, 29.940502>, 0.100000
	pigment { color rgbt <1,0,0,0> }
	no_shadow
}

// particle -1
sphere {
	<31.193121, 40.007374, 29.884052> 0.100000
	pigment { color rgbt <1,0,0,0> }
	no_shadow
}
sphere {
	0, 1
	scale<0.080000,0.200000,0.300000>
	matrix <-0.139300, -0.151717, 0.978559,
		-0.022669, 0.988423, 0.150020,
		-0.989991, -0.001285, -0.141126,
		30.896124, 40.006989, 29.841715>
	pigment { color rgbt <0,1,1,0> }
	no_shadow
}
cylinder {
	<31.219824, 40.538078, 30.353857>,  <31.589117, 40.007889, 29.940502>, 0.130000
	pigment { color rgbt <1,0,0,0> }
	no_shadow
}

// nucleotide -1

// particle -1
sphere {
	<31.219824, 40.538078, 30.353857> 0.250000
	pigment { color rgbt <1,0,0,0> }
	no_shadow
}
cylinder {
	<30.939501, 40.266521, 30.266247>,  <30.771307, 40.103588, 30.213680>, 0.100000
	pigment { color rgbt <1,0,0,0> }
	no_shadow
}
cylinder {
	<30.939501, 40.266521, 30.266247>,  <31.219824, 40.538078, 30.353857>, 0.100000
	pigment { color rgbt <1,0,0,0> }
	no_shadow
}

// particle -1
sphere {
	<30.939501, 40.266521, 30.266247> 0.100000
	pigment { color rgbt <1,0,0,0> }
	no_shadow
}
sphere {
	0, 1
	scale<0.080000,0.200000,0.300000>
	matrix <-0.356190, 0.067004, 0.932008,
		-0.618057, 0.731175, -0.288772,
		-0.700810, -0.678892, -0.219025,
		30.729258, 40.062855, 30.200539>
	pigment { color rgbt <0,1,1,0> }
	no_shadow
}
cylinder {
	<30.755564, 40.843979, 30.723158>,  <31.219824, 40.538078, 30.353857>, 0.130000
	pigment { color rgbt <1,0,0,0> }
	no_shadow
}

// nucleotide -1

// particle -1
sphere {
	<30.755564, 40.843979, 30.723158> 0.250000
	pigment { color rgbt <1,0,0,0> }
	no_shadow
}
cylinder {
	<30.640379, 40.467842, 30.650669>,  <30.571268, 40.242161, 30.607176>, 0.100000
	pigment { color rgbt <1,0,0,0> }
	no_shadow
}
cylinder {
	<30.640379, 40.467842, 30.650669>,  <30.755564, 40.843979, 30.723158>, 0.100000
	pigment { color rgbt <1,0,0,0> }
	no_shadow
}

// particle -1
sphere {
	<30.640379, 40.467842, 30.650669> 0.100000
	pigment { color rgbt <1,0,0,0> }
	no_shadow
}
sphere {
	0, 1
	scale<0.080000,0.200000,0.300000>
	matrix <-0.471667, -0.025426, 0.881410,
		-0.833431, 0.339290, -0.436205,
		-0.287963, -0.940338, -0.181222,
		30.553989, 40.185741, 30.596302>
	pigment { color rgbt <0,1,1,0> }
	no_shadow
}
cylinder {
	<30.071482, 40.750843, 31.089808>,  <30.755564, 40.843979, 30.723158>, 0.130000
	pigment { color rgbt <1,0,0,0> }
	no_shadow
}

// nucleotide -1

// particle -1
sphere {
	<30.071482, 40.750843, 31.089808> 0.250000
	pigment { color rgbt <1,0,0,0> }
	no_shadow
}
cylinder {
	<30.240320, 40.393040, 31.030895>,  <30.341623, 40.178356, 30.995548>, 0.100000
	pigment { color rgbt <1,0,0,0> }
	no_shadow
}
cylinder {
	<30.240320, 40.393040, 31.030895>,  <30.071482, 40.750843, 31.089808>, 0.100000
	pigment { color rgbt <1,0,0,0> }
	no_shadow
}

// particle -1
sphere {
	<30.240320, 40.393040, 31.030895> 0.100000
	pigment { color rgbt <1,0,0,0> }
	no_shadow
}
sphere {
	0, 1
	scale<0.080000,0.200000,0.300000>
	matrix <-0.394866, -0.327651, 0.858328,
		-0.816038, -0.304138, -0.491510,
		0.422094, -0.894508, -0.147283,
		30.366949, 40.124687, 30.986712>
	pigment { color rgbt <0,1,1,0> }
	no_shadow
}
cylinder {
	<29.592697, 40.223656, 31.341412>,  <30.071482, 40.750843, 31.089808>, 0.130000
	pigment { color rgbt <1,0,0,0> }
	no_shadow
}

// nucleotide -1

// particle -1
sphere {
	<29.592697, 40.223656, 31.341412> 0.250000
	pigment { color rgbt <1,0,0,0> }
	no_shadow
}
cylinder {
	<29.949818, 40.043762, 31.331240>,  <30.164091, 39.935825, 31.325136>, 0.100000
	pigment { color rgbt <1,0,0,0> }
	no_shadow
}
cylinder {
	<29.949818, 40.043762, 31.331240>,  <29.592697, 40.223656, 31.341412>, 0.100000
	pigment { color rgbt <1,0,0,0> }
	no_shadow
}

// particle -1
sphere {
	<29.949818, 40.043762, 31.331240> 0.100000
	pigment { color rgbt <1,0,0,0> }
	no_shadow
}
sphere {
	0, 1
	scale<0.080000,0.200000,0.300000>
	matrix <-0.221512, -0.487499, 0.844557,
		-0.392218, -0.748390, -0.534861,
		0.892803, -0.449729, -0.025429,
		30.217659, 39.908844, 31.323610>
	pigment { color rgbt <0,1,1,0> }
	no_shadow
}
cylinder {
	<29.402931, 39.504452, 31.332241>,  <29.592697, 40.223656, 31.341412>, 0.130000
	pigment { color rgbt <1,0,0,0> }
	no_shadow
}

// nucleotide -1

// particle -1
sphere {
	<29.402931, 39.504452, 31.332241> 0.250000
	pigment { color rgbt <1,0,0,0> }
	no_shadow
}
cylinder {
	<29.778908, 39.536488, 31.464966>,  <30.004494, 39.555710, 31.544601>, 0.100000
	pigment { color rgbt <1,0,0,0> }
	no_shadow
}
cylinder {
	<29.778908, 39.536488, 31.464966>,  <29.402931, 39.504452, 31.332241>, 0.100000
	pigment { color rgbt <1,0,0,0> }
	no_shadow
}

// particle -1
sphere {
	<29.778908, 39.536488, 31.464966> 0.100000
	pigment { color rgbt <1,0,0,0> }
	no_shadow
}
sphere {
	0, 1
	scale<0.080000,0.200000,0.300000>
	matrix <-0.252664, -0.490355, 0.834094,
		0.229511, -0.867835, -0.440668,
		0.939939, 0.080092, 0.331813,
		30.060890, 39.560516, 31.564510>
	pigment { color rgbt <0,1,1,0> }
	no_shadow
}
cylinder {
	<29.387289, 38.997581, 31.762735>,  <29.402931, 39.504452, 31.332241>, 0.130000
	pigment { color rgbt <1,0,0,0> }
	no_shadow
}

// nucleotide -1

// particle -1
sphere {
	<29.387289, 38.997581, 31.762735> 0.250000
	pigment { color rgbt <1,0,0,0> }
	no_shadow
}
cylinder {
	<29.740047, 39.157639, 31.862452>,  <29.951702, 39.253674, 31.922281>, 0.100000
	pigment { color rgbt <1,0,0,0> }
	no_shadow
}
cylinder {
	<29.740047, 39.157639, 31.862452>,  <29.387289, 38.997581, 31.762735>, 0.100000
	pigment { color rgbt <1,0,0,0> }
	no_shadow
}

// particle -1
sphere {
	<29.740047, 39.157639, 31.862452> 0.100000
	pigment { color rgbt <1,0,0,0> }
	no_shadow
}
sphere {
	0, 1
	scale<0.080000,0.200000,0.300000>
	matrix <0.045177, -0.598076, 0.800165,
		0.469274, -0.694401, -0.545518,
		0.881896, 0.400141, 0.249291,
		30.004616, 39.277679, 31.937239>
	pigment { color rgbt <0,1,1,0> }
	no_shadow
}
cylinder {
	<29.780075, 38.424618, 31.850830>,  <29.387289, 38.997581, 31.762735>, 0.130000
	pigment { color rgbt <1,0,0,0> }
	no_shadow
}

// nucleotide -1

// particle -1
sphere {
	<29.780075, 38.424618, 31.850830> 0.250000
	pigment { color rgbt <1,0,0,0> }
	no_shadow
}
cylinder {
	<29.935650, 38.727108, 32.061298>,  <30.028996, 38.908600, 32.187580>, 0.100000
	pigment { color rgbt <1,0,0,0> }
	no_shadow
}
cylinder {
	<29.935650, 38.727108, 32.061298>,  <29.780075, 38.424618, 31.850830>, 0.100000
	pigment { color rgbt <1,0,0,0> }
	no_shadow
}

// particle -1
sphere {
	<29.935650, 38.727108, 32.061298> 0.100000
	pigment { color rgbt <1,0,0,0> }
	no_shadow
}
sphere {
	0, 1
	scale<0.080000,0.200000,0.300000>
