// switches for output
#declare DRAW_BASES = 1; // possible values are 0, 1; only relevant for DNA ribbons
#declare DRAW_BASES_TYPE = 3; // possible values are 1, 2, 3; only relevant for DNA ribbons
#declare DRAW_FOG = 0; // set to 1 to enable fog

#include "colors.inc"

#include "transforms.inc"
background { rgb <1, 1, 1>}

#default {
   normal{
       ripples 0.25
       frequency 0.20
       turbulence 0.2
       lambda 5
   }
	finish {
		phong 0.1
		phong_size 40.
	}
}

// original window dimensions: 1024x640


// camera settings

camera {
	sky <0, 0.179814, -0.983701>
	up <0, 0.179814, -0.983701>
	right 1.6 * <1, 0, 0>
	location <35, 94.9851, 44.8844>
	look_at <35, 29.7336, 32.9568>
	direction <0, -65.2515, -11.9276>
	angle 67.0682
}


# declare cpy_camera_pos = <35, 94.9851, 44.8844>;
# if (DRAW_FOG = 1)
fog {
	fog_type 2
	up vnormalize(cpy_camera_pos)
	color rgbt<1,1,1,0.3>
	distance 1e-5
	fog_alt 3e-3
	fog_offset 56
}
# end


// LIGHTS

# declare lum = 6;
global_settings {
	ambient_light rgb lum * <0.05, 0.05, 0.05>
	max_trace_level 15
}# declare cpy_direct_light_amount = 0.25;
light_source
{	1000 * <-1, -1.16352, -0.803886>,
	rgb lum * cpy_direct_light_amount
	parallel
}

light_source
{	1000 * <1, 1.16352, 0.803886>,
	rgb lum * cpy_direct_light_amount
	parallel
}

// strand 0

// nucleotide -1

// particle -1
sphere {
	<24.681129, 34.548630, 35.138298> 0.250000
	pigment { color rgbt <1,0,0,0> }
	no_shadow
}
cylinder {
	<24.373636, 34.786259, 35.043530>,  <24.189140, 34.928837, 34.986668>, 0.100000
	pigment { color rgbt <1,0,0,0> }
	no_shadow
}
cylinder {
	<24.373636, 34.786259, 35.043530>,  <24.681129, 34.548630, 35.138298>, 0.100000
	pigment { color rgbt <1,0,0,0> }
	no_shadow
}

// particle -1
sphere {
	<24.373636, 34.786259, 35.043530> 0.100000
	pigment { color rgbt <1,0,0,0> }
	no_shadow
}
sphere {
	0, 1
	scale<0.080000,0.200000,0.300000>
	matrix <0.615460, 0.586374, -0.526664,
		-0.173950, -0.550680, -0.816390,
		-0.768733, 0.594068, -0.236922,
		24.143017, 34.964478, 34.972454>
	pigment { color rgbt <0,1,1,0> }
	no_shadow
}
cylinder {
	<24.718403, 34.721886, 34.351467>,  <24.681129, 34.548630, 35.138298>, 0.130000
	pigment { color rgbt <1,0,0,0> }
	no_shadow
}

// nucleotide -1

// particle -1
sphere {
	<24.718403, 34.721886, 34.351467> 0.250000
	pigment { color rgbt <1,0,0,0> }
	no_shadow
}
cylinder {
	<24.533777, 35.011192, 34.556931>,  <24.423002, 35.184776, 34.680210>, 0.100000
	pigment { color rgbt <1,0,0,0> }
	no_shadow
}
cylinder {
	<24.533777, 35.011192, 34.556931>,  <24.718403, 34.721886, 34.351467>, 0.100000
	pigment { color rgbt <1,0,0,0> }
	no_shadow
}

// particle -1
sphere {
	<24.533777, 35.011192, 34.556931> 0.100000
	pigment { color rgbt <1,0,0,0> }
	no_shadow
}
sphere {
	0, 1
	scale<0.080000,0.200000,0.300000>
	matrix <0.513215, 0.690002, -0.510399,
		-0.723580, 0.028036, -0.689671,
		-0.461565, 0.723264, 0.513660,
		24.395308, 35.228172, 34.711029>
	pigment { color rgbt <0,1,1,0> }
	no_shadow
}
cylinder {
	<24.592636, 35.255722, 33.854229>,  <24.718403, 34.721886, 34.351467>, 0.130000
	pigment { color rgbt <1,0,0,0> }
	no_shadow
}

// nucleotide -1

// particle -1
sphere {
	<24.592636, 35.255722, 33.854229> 0.250000
	pigment { color rgbt <1,0,0,0> }
	no_shadow
}
cylinder {
	<24.545084, 35.455364, 34.197567>,  <24.516552, 35.575150, 34.403572>, 0.100000
	pigment { color rgbt <1,0,0,0> }
	no_shadow
}
cylinder {
	<24.545084, 35.455364, 34.197567>,  <24.592636, 35.255722, 33.854229>, 0.100000
	pigment { color rgbt <1,0,0,0> }
	no_shadow
}

// particle -1
sphere {
	<24.545084, 35.455364, 34.197567> 0.100000
	pigment { color rgbt <1,0,0,0> }
	no_shadow
}
sphere {
	0, 1
	scale<0.080000,0.200000,0.300000>
	matrix <0.283048, 0.845644, -0.452515,
		-0.951710, 0.189159, -0.241801,
		-0.118881, 0.499105, 0.858348,
		24.509420, 35.605095, 34.455070>
	pigment { color rgbt <0,1,1,0> }
	no_shadow
}
cylinder {
	<25.214642, 35.432781, 34.097160>,  <24.592636, 35.255722, 33.854229>, 0.130000
	pigment { color rgbt <1,0,0,0> }
	no_shadow
}

// nucleotide -1

// particle -1
sphere {
	<25.214642, 35.432781, 34.097160> 0.250000
	pigment { color rgbt <1,0,0,0> }
	no_shadow
}
cylinder {
	<25.167671, 35.829967, 34.091137>,  <25.139490, 36.068279, 34.087524>, 0.100000
	pigment { color rgbt <1,0,0,0> }
	no_shadow
}
cylinder {
	<25.167671, 35.829967, 34.091137>,  <25.214642, 35.432781, 34.097160>, 0.100000
	pigment { color rgbt <1,0,0,0> }
	no_shadow
}

// particle -1
sphere {
	<25.167671, 35.829967, 34.091137> 0.100000
	pigment { color rgbt <1,0,0,0> }
	no_shadow
}
sphere {
	0, 1
	scale<0.080000,0.200000,0.300000>
	matrix <0.963401, 0.117580, 0.240904,
		0.240980, 0.013783, -0.970432,
		-0.117424, 0.992968, -0.015056,
		25.132444, 36.127857, 34.086620>
	pigment { color rgbt <0,1,1,0> }
	no_shadow
}
cylinder {
	<25.651785, 35.777462, 33.523338>,  <25.214642, 35.432781, 34.097160>, 0.130000
	pigment { color rgbt <1,0,0,0> }
	no_shadow
}

// nucleotide -1

// particle -1
sphere {
	<25.651785, 35.777462, 33.523338> 0.250000
	pigment { color rgbt <1,0,0,0> }
	no_shadow
}
cylinder {
	<25.633646, 36.003414, 33.852909>,  <25.622763, 36.138985, 34.050652>, 0.100000
	pigment { color rgbt <1,0,0,0> }
	no_shadow
}
cylinder {
	<25.633646, 36.003414, 33.852909>,  <25.651785, 35.777462, 33.523338>, 0.100000
	pigment { color rgbt <1,0,0,0> }
	no_shadow
}

// particle -1
sphere {
	<25.633646, 36.003414, 33.852909> 0.100000
	pigment { color rgbt <1,0,0,0> }
	no_shadow
}
sphere {
	0, 1
	scale<0.080000,0.200000,0.300000>
	matrix <0.935517, -0.265253, 0.233345,
		0.350360, 0.781380, -0.516424,
		-0.045348, 0.564878, 0.823928,
		25.620041, 36.172878, 34.100086>
	pigment { color rgbt <0,1,1,0> }
	no_shadow
}
cylinder {
	<26.264145, 36.282688, 33.601330>,  <25.651785, 35.777462, 33.523338>, 0.130000
	pigment { color rgbt <1,0,0,0> }
	no_shadow
}

// nucleotide -1

// particle -1
sphere {
	<26.264145, 36.282688, 33.601330> 0.250000
	pigment { color rgbt <1,0,0,0> }
	no_shadow
}
cylinder {
	<26.115278, 36.166611, 33.953983>,  <26.025957, 36.096966, 34.165577>, 0.100000
	pigment { color rgbt <1,0,0,0> }
	no_shadow
}
cylinder {
	<26.115278, 36.166611, 33.953983>,  <26.264145, 36.282688, 33.601330>, 0.100000
	pigment { color rgbt <1,0,0,0> }
	no_shadow
}

// particle -1
sphere {
	<26.115278, 36.166611, 33.953983> 0.100000
	pigment { color rgbt <1,0,0,0> }
	no_shadow
}
sphere {
	0, 1
	scale<0.080000,0.200000,0.300000>
	matrix <0.924411, -0.201240, 0.323986,
		0.083401, 0.935569, 0.343154,
		-0.372168, -0.290194, 0.881634,
		26.003628, 36.079552, 34.218475>
	pigment { color rgbt <0,1,1,0> }
	no_shadow
}
cylinder {
	<26.581299, 36.912766, 33.183811>,  <26.264145, 36.282688, 33.601330>, 0.130000
	pigment { color rgbt <1,0,0,0> }
	no_shadow
}

// nucleotide -1

// particle -1
sphere {
	<26.581299, 36.912766, 33.183811> 0.250000
	pigment { color rgbt <1,0,0,0> }
	no_shadow
}
cylinder {
	<26.862890, 36.970604, 33.461952>,  <27.031845, 37.005306, 33.628838>, 0.100000
	pigment { color rgbt <1,0,0,0> }
	no_shadow
}
cylinder {
	<26.862890, 36.970604, 33.461952>,  <26.581299, 36.912766, 33.183811>, 0.100000
	pigment { color rgbt <1,0,0,0> }
	no_shadow
}

// particle -1
sphere {
	<26.862890, 36.970604, 33.461952> 0.100000
	pigment { color rgbt <1,0,0,0> }
	no_shadow
}
sphere {
	0, 1
	scale<0.080000,0.200000,0.300000>
	matrix <-0.227816, 0.973294, 0.028255,
		-0.672694, -0.178303, 0.718117,
		0.703977, 0.144592, 0.695349,
		27.074083, 37.013981, 33.670555>
	pigment { color rgbt <0,1,1,0> }
	no_shadow
}
cylinder {
	<26.248039, 37.292099, 33.583775>,  <26.581299, 36.912766, 33.183811>, 0.130000
	pigment { color rgbt <1,0,0,0> }
	no_shadow
}

// nucleotide -1

// particle -1
sphere {
	<26.248039, 37.292099, 33.583775> 0.250000
	pigment { color rgbt <1,0,0,0> }
	no_shadow
}
cylinder {
	<26.629274, 37.379154, 33.667923>,  <26.858015, 37.431389, 33.718414>, 0.100000
	pigment { color rgbt <1,0,0,0> }
	no_shadow
}
cylinder {
	<26.629274, 37.379154, 33.667923>,  <26.248039, 37.292099, 33.583775>, 0.100000
	pigment { color rgbt <1,0,0,0> }
	no_shadow
}

// particle -1
sphere {
	<26.629274, 37.379154, 33.667923> 0.100000
	pigment { color rgbt <1,0,0,0> }
	no_shadow
}
sphere {
	0, 1
	scale<0.080000,0.200000,0.300000>
	matrix <-0.208367, 0.975851, -0.065561,
		-0.219562, 0.018650, 0.975420,
		0.953088, 0.217640, 0.210373,
		26.915201, 37.444447, 33.731033>
	pigment { color rgbt <0,1,1,0> }
	no_shadow
}
cylinder {
	<26.197704, 37.896957, 34.039646>,  <26.248039, 37.292099, 33.583775>, 0.130000
	pigment { color rgbt <1,0,0,0> }
	no_shadow
}

// nucleotide -1

// particle -1
sphere {
	<26.197704, 37.896957, 34.039646> 0.250000
	pigment { color rgbt <1,0,0,0> }
	no_shadow
}
cylinder {
	<26.573936, 37.889824, 33.904007>,  <26.799677, 37.885544, 33.822624>, 0.100000
	pigment { color rgbt <1,0,0,0> }
	no_shadow
}
cylinder {
	<26.573936, 37.889824, 33.904007>,  <26.197704, 37.896957, 34.039646>, 0.100000
	pigment { color rgbt <1,0,0,0> }
	no_shadow
}

// particle -1
sphere {
	<26.573936, 37.889824, 33.904007> 0.100000
	pigment { color rgbt <1,0,0,0> }
	no_shadow
}
sphere {
	0, 1
	scale<0.080000,0.200000,0.300000>
	matrix <-0.037196, 0.987202, -0.155080,
		0.337524, 0.158478, 0.927880,
		0.940582, -0.017830, -0.339099,
		26.856112, 37.884476, 33.802277>
	pigment { color rgbt <0,1,1,0> }
	no_shadow
}
cylinder {
	<26.541216, 38.425350, 34.425705>,  <26.197704, 37.896957, 34.039646>, 0.130000
	pigment { color rgbt <1,0,0,0> }
	no_shadow
}

// nucleotide -1

// particle -1
sphere {
	<26.541216, 38.425350, 34.425705> 0.250000
	pigment { color rgbt <1,0,0,0> }
	no_shadow
}
cylinder {
	<26.786814, 38.383755, 34.112732>,  <26.934172, 38.358799, 33.924950>, 0.100000
	pigment { color rgbt <1,0,0,0> }
	no_shadow
}
cylinder {
	<26.786814, 38.383755, 34.112732>,  <26.541216, 38.425350, 34.425705>, 0.100000
	pigment { color rgbt <1,0,0,0> }
	no_shadow
}

// particle -1
sphere {
	<26.786814, 38.383755, 34.112732> 0.100000
	pigment { color rgbt <1,0,0,0> }
	no_shadow
}
sphere {
	0, 1
	scale<0.080000,0.200000,0.300000>
	matrix <-0.181803, 0.946000, -0.268389,
		0.768087, 0.307038, 0.561935,
		0.613995, -0.103984, -0.782430,
		26.971012, 38.352558, 33.878002>
	pigment { color rgbt <0,1,1,0> }
	no_shadow
}
cylinder {
	<27.195276, 38.764404, 34.560219>,  <26.541216, 38.425350, 34.425705>, 0.130000
	pigment { color rgbt <1,0,0,0> }
	no_shadow
}

// nucleotide -1

// particle -1
sphere {
	<27.195276, 38.764404, 34.560219> 0.250000
	pigment { color rgbt <1,0,0,0> }
	no_shadow
}
cylinder {
	<27.144461, 38.725571, 34.165363>,  <27.113972, 38.702271, 33.928452>, 0.100000
	pigment { color rgbt <1,0,0,0> }
	no_shadow
}
cylinder {
	<27.144461, 38.725571, 34.165363>,  <27.195276, 38.764404, 34.560219>, 0.100000
	pigment { color rgbt <1,0,0,0> }
	no_shadow
}

// particle -1
sphere {
	<27.144461, 38.725571, 34.165363> 0.100000
	pigment { color rgbt <1,0,0,0> }
	no_shadow
}
sphere {
	0, 1
	scale<0.080000,0.200000,0.300000>
	matrix <0.035835, 0.994099, -0.102383,
		0.991250, -0.048381, -0.122814,
		-0.127043, -0.097086, -0.987135,
		27.106348, 38.696445, 33.869225>
	pigment { color rgbt <0,1,1,0> }
	no_shadow
}
cylinder {
	<27.593718, 39.375057, 34.263538>,  <27.195276, 38.764404, 34.560219>, 0.130000
	pigment { color rgbt <1,0,0,0> }
	no_shadow
}

// nucleotide -1

// particle -1
sphere {
	<27.593718, 39.375057, 34.263538> 0.250000
	pigment { color rgbt <1,0,0,0> }
	no_shadow
}
cylinder {
	<27.347895, 39.247204, 33.975052>,  <27.200401, 39.170490, 33.801960>, 0.100000
	pigment { color rgbt <1,0,0,0> }
	no_shadow
}
cylinder {
	<27.347895, 39.247204, 33.975052>,  <27.593718, 39.375057, 34.263538>, 0.100000
	pigment { color rgbt <1,0,0,0> }
	no_shadow
}

// particle -1
sphere {
	<27.347895, 39.247204, 33.975052> 0.100000
	pigment { color rgbt <1,0,0,0> }
	no_shadow
}
sphere {
	0, 1
	scale<0.080000,0.200000,0.300000>
	matrix <-0.167880, 0.946287, -0.276328,
		0.770800, -0.048742, -0.635210,
		-0.614560, -0.319633, -0.721215,
		27.163527, 39.151314, 33.758686>
	pigment { color rgbt <0,1,1,0> }
	no_shadow
}
cylinder {
	<27.844255, 39.700649, 33.664436>,  <27.593718, 39.375057, 34.263538>, 0.130000
	pigment { color rgbt <1,0,0,0> }
	no_shadow
}

// nucleotide -1

// particle -1
sphere {
	<27.844255, 39.700649, 33.664436> 0.250000
	pigment { color rgbt <1,0,0,0> }
	no_shadow
}
cylinder {
	<27.467749, 39.593689, 33.581959>,  <27.241844, 39.529514, 33.532471>, 0.100000
	pigment { color rgbt <1,0,0,0> }
	no_shadow
}
cylinder {
	<27.467749, 39.593689, 33.581959>,  <27.844255, 39.700649, 33.664436>, 0.100000
	pigment { color rgbt <1,0,0,0> }
	no_shadow
}

// particle -1
sphere {
	<27.467749, 39.593689, 33.581959> 0.100000
	pigment { color rgbt <1,0,0,0> }
	no_shadow
}
sphere {
	0, 1
	scale<0.080000,0.200000,0.300000>
	matrix <-0.230105, 0.954858, -0.187876,
		0.247124, -0.129395, -0.960306,
		-0.941266, -0.267400, -0.206194,
		27.185369, 39.513470, 33.520100>
	pigment { color rgbt <0,1,1,0> }
	no_shadow
}
cylinder {
	<27.682655, 40.092041, 32.965382>,  <27.844255, 39.700649, 33.664436>, 0.130000
	pigment { color rgbt <1,0,0,0> }
	no_shadow
}

// nucleotide -1

// particle -1
sphere {
	<27.682655, 40.092041, 32.965382> 0.250000
	pigment { color rgbt <1,0,0,0> }
	no_shadow
}
cylinder {
	<27.351418, 39.983818, 33.161774>,  <27.152676, 39.918884, 33.279610>, 0.100000
	pigment { color rgbt <1,0,0,0> }
	no_shadow
}
cylinder {
	<27.351418, 39.983818, 33.161774>,  <27.682655, 40.092041, 32.965382>, 0.100000
	pigment { color rgbt <1,0,0,0> }
	no_shadow
}

// particle -1
sphere {
	<27.351418, 39.983818, 33.161774> 0.100000
	pigment { color rgbt <1,0,0,0> }
	no_shadow
}
sphere {
	0, 1
	scale<0.080000,0.200000,0.300000>
	matrix <-0.345071, 0.936248, -0.066078,
		-0.441798, -0.224140, -0.868663,
		-0.828094, -0.270557, 0.490977,
		27.102989, 39.902649, 33.309067>
	pigment { color rgbt <0,1,1,0> }
	no_shadow
}
cylinder {
	<27.161247, 40.236725, 32.622513>,  <27.682655, 40.092041, 32.965382>, 0.130000
	pigment { color rgbt <1,0,0,0> }
	no_shadow
}

// nucleotide -1

// particle -1
sphere {
	<27.161247, 40.236725, 32.622513> 0.250000
	pigment { color rgbt <1,0,0,0> }
	no_shadow
}
cylinder {
	<27.015779, 40.258453, 32.994492>,  <26.928499, 40.271492, 33.217678>, 0.100000
	pigment { color rgbt <1,0,0,0> }
	no_shadow
}
cylinder {
	<27.015779, 40.258453, 32.994492>,  <27.161247, 40.236725, 32.622513>, 0.100000
	pigment { color rgbt <1,0,0,0> }
	no_shadow
}

// particle -1
sphere {
	<27.015779, 40.258453, 32.994492> 0.100000
	pigment { color rgbt <1,0,0,0> }
	no_shadow
}
sphere {
	0, 1
	scale<0.080000,0.200000,0.300000>
	matrix <-0.281109, 0.945358, -0.165155,
		-0.888100, -0.321477, -0.328529,
		-0.363671, 0.054321, 0.929942,
		26.906677, 40.274750, 33.273476>
	pigment { color rgbt <0,1,1,0> }
	no_shadow
}
cylinder {
	<26.747194, 40.839302, 32.529850>,  <27.161247, 40.236725, 32.622513>, 0.130000
	pigment { color rgbt <1,0,0,0> }
	no_shadow
}

// nucleotide -1

// particle -1
sphere {
	<26.747194, 40.839302, 32.529850> 0.250000
	pigment { color rgbt <1,0,0,0> }
	no_shadow
}
cylinder {
	<26.713985, 40.752350, 32.918869>,  <26.694059, 40.700176, 33.152279>, 0.100000
	pigment { color rgbt <1,0,0,0> }
	no_shadow
}
cylinder {
	<26.713985, 40.752350, 32.918869>,  <26.747194, 40.839302, 32.529850>, 0.100000
	pigment { color rgbt <1,0,0,0> }
	no_shadow
}

// particle -1
sphere {
	<26.713985, 40.752350, 32.918869> 0.100000
	pigment { color rgbt <1,0,0,0> }
	no_shadow
}
sphere {
	0, 1
	scale<0.080000,0.200000,0.300000>
	matrix <-0.399622, 0.901277, 0.167340,
		-0.912913, -0.374760, -0.161697,
		-0.083021, -0.217384, 0.972549,
		26.689079, 40.687134, 33.210632>
	pigment { color rgbt <0,1,1,0> }
	no_shadow
}
cylinder {
	<26.035099, 41.004082, 32.677132>,  <26.747194, 40.839302, 32.529850>, 0.130000
	pigment { color rgbt <1,0,0,0> }
	no_shadow
}

// nucleotide -1

// particle -1
sphere {
	<26.035099, 41.004082, 32.677132> 0.250000
	pigment { color rgbt <1,0,0,0> }
	no_shadow
}
cylinder {
	<26.249359, 41.000374, 33.014889>,  <26.377914, 40.998150, 33.217541>, 0.100000
	pigment { color rgbt <1,0,0,0> }
	no_shadow
}
cylinder {
	<26.249359, 41.000374, 33.014889>,  <26.035099, 41.004082, 32.677132>, 0.100000
	pigment { color rgbt <1,0,0,0> }
	no_shadow
}

// particle -1
sphere {
	<26.249359, 41.000374, 33.014889> 0.100000
	pigment { color rgbt <1,0,0,0> }
	no_shadow
}
sphere {
	0, 1
	scale<0.080000,0.200000,0.300000>
	matrix <-0.303815, 0.930864, 0.202951,
		-0.787894, -0.365249, 0.495798,
		0.535648, -0.009273, 0.844390,
		26.410053, 40.997593, 33.268208>
	pigment { color rgbt <0,1,1,0> }
	no_shadow
}
cylinder {
	<25.593662, 41.303898, 33.331207>,  <26.035099, 41.004082, 32.677132>, 0.130000
	pigment { color rgbt <1,0,0,0> }
	no_shadow
}

// nucleotide -1

// particle -1
sphere {
	<25.593662, 41.303898, 33.331207> 0.250000
	pigment { color rgbt <1,0,0,0> }
	no_shadow
}
cylinder {
	<25.977474, 41.367329, 33.424294>,  <26.207762, 41.405388, 33.480145>, 0.100000
	pigment { color rgbt <1,0,0,0> }
	no_shadow
}
cylinder {
	<25.977474, 41.367329, 33.424294>,  <25.593662, 41.303898, 33.331207>, 0.100000
	pigment { color rgbt <1,0,0,0> }
	no_shadow
}

// particle -1
sphere {
	<25.977474, 41.367329, 33.424294> 0.100000
	pigment { color rgbt <1,0,0,0> }
	no_shadow
}
sphere {
	0, 1
	scale<0.080000,0.200000,0.300000>
	matrix <-0.241663, 0.887949, 0.391340,
		-0.144584, -0.431741, 0.890334,
		0.959528, 0.158579, 0.232719,
		26.265333, 41.414902, 33.494110>
	pigment { color rgbt <0,1,1,0> }
	no_shadow
}
cylinder {
	<25.614473, 41.742538, 33.919720>,  <25.593662, 41.303898, 33.331207>, 0.130000
	pigment { color rgbt <1,0,0,0> }
	no_shadow
}

// nucleotide -1

// particle -1
sphere {
	<25.614473, 41.742538, 33.919720> 0.250000
	pigment { color rgbt <1,0,0,0> }
	no_shadow
}
cylinder {
	<25.990282, 41.777607, 33.787289>,  <26.215767, 41.798649, 33.707832>, 0.100000
	pigment { color rgbt <1,0,0,0> }
	no_shadow
}
cylinder {
	<25.990282, 41.777607, 33.787289>,  <25.614473, 41.742538, 33.919720>, 0.100000
	pigment { color rgbt <1,0,0,0> }
	no_shadow
}

// particle -1
sphere {
	<25.990282, 41.777607, 33.787289> 0.100000
	pigment { color rgbt <1,0,0,0> }
	no_shadow
}
sphere {
	0, 1
	scale<0.080000,0.200000,0.300000>
	matrix <0.097918, 0.857567, 0.504967,
		0.328191, -0.506846, 0.797118,
		0.939523, 0.087673, -0.331075,
		26.272139, 41.803909, 33.687965>
	pigment { color rgbt <0,1,1,0> }
	no_shadow
}
cylinder {
	<26.031204, 42.072765, 34.453224>,  <25.614473, 41.742538, 33.919720>, 0.130000
	pigment { color rgbt <1,0,0,0> }
	no_shadow
}

// nucleotide -1

// particle -1
sphere {
	<26.031204, 42.072765, 34.453224> 0.250000
	pigment { color rgbt <1,0,0,0> }
	no_shadow
}
cylinder {
	<26.245853, 42.136963, 34.121857>,  <26.374643, 42.175480, 33.923035>, 0.100000
	pigment { color rgbt <1,0,0,0> }
	no_shadow
}
cylinder {
	<26.245853, 42.136963, 34.121857>,  <26.031204, 42.072765, 34.453224>, 0.100000
	pigment { color rgbt <1,0,0,0> }
	no_shadow
}

// particle -1
sphere {
	<26.245853, 42.136963, 34.121857> 0.100000
	pigment { color rgbt <1,0,0,0> }
	no_shadow
}
sphere {
	0, 1
	scale<0.080000,0.200000,0.300000>
	matrix <0.214071, 0.923735, 0.317629,
		0.816217, -0.347786, 0.461339,
		0.536622, 0.160495, -0.828419,
		26.406839, 42.185112, 33.873329>
	pigment { color rgbt <0,1,1,0> }
	no_shadow
}
cylinder {
	<26.545578, 42.518372, 34.704681>,  <26.031204, 42.072765, 34.453224>, 0.130000
	pigment { color rgbt <1,0,0,0> }
	no_shadow
}

// nucleotide -1

// particle -1
sphere {
	<26.545578, 42.518372, 34.704681> 0.250000
	pigment { color rgbt <1,0,0,0> }
	no_shadow
}
cylinder {
	<26.490534, 42.576027, 34.312706>,  <26.457508, 42.610619, 34.077518>, 0.100000
	pigment { color rgbt <1,0,0,0> }
	no_shadow
}
cylinder {
	<26.490534, 42.576027, 34.312706>,  <26.545578, 42.518372, 34.704681>, 0.100000
	pigment { color rgbt <1,0,0,0> }
	no_shadow
}

// particle -1
sphere {
	<26.490534, 42.576027, 34.312706> 0.100000
	pigment { color rgbt <1,0,0,0> }
	no_shadow
}
sphere {
	0, 1
	scale<0.080000,0.200000,0.300000>
	matrix <0.190308, 0.974769, 0.116652,
		0.972032, -0.170439, -0.161568,
		-0.137610, 0.144137, -0.979943,
		26.449251, 42.619267, 34.018723>
	pigment { color rgbt <0,1,1,0> }
	no_shadow
}
cylinder {
	<27.066345, 42.980972, 34.477226>,  <26.545578, 42.518372, 34.704681>, 0.130000
	pigment { color rgbt <1,0,0,0> }
	no_shadow
}

// nucleotide -1

// particle -1
sphere {
	<27.066345, 42.980972, 34.477226> 0.250000
	pigment { color rgbt <1,0,0,0> }
	no_shadow
}
cylinder {
	<26.827477, 42.982803, 34.156387>,  <26.684155, 42.983902, 33.963882>, 0.100000
	pigment { color rgbt <1,0,0,0> }
	no_shadow
}
cylinder {
	<26.827477, 42.982803, 34.156387>,  <27.066345, 42.980972, 34.477226>, 0.100000
	pigment { color rgbt <1,0,0,0> }
	no_shadow
}

// particle -1
sphere {
	<26.827477, 42.982803, 34.156387> 0.100000
	pigment { color rgbt <1,0,0,0> }
	no_shadow
}
sphere {
	0, 1
	scale<0.080000,0.200000,0.300000>
	matrix <0.099267, 0.992718, -0.068243,
		0.795946, -0.120376, -0.593279,
		-0.597173, 0.004575, -0.802099,
		26.648325, 42.984177, 33.915756>
	pigment { color rgbt <0,1,1,0> }
	no_shadow
}
cylinder {
	<27.368408, 43.531307, 33.969776>,  <27.066345, 42.980972, 34.477226>, 0.130000
	pigment { color rgbt <1,0,0,0> }
	no_shadow
}

// nucleotide -1

// particle -1
sphere {
	<27.368408, 43.531307, 33.969776> 0.250000
	pigment { color rgbt <1,0,0,0> }
	no_shadow
}
cylinder {
	<26.987181, 43.493370, 33.854771>,  <26.758444, 43.470608, 33.785767>, 0.100000
	pigment { color rgbt <1,0,0,0> }
	no_shadow
}
cylinder {
	<26.987181, 43.493370, 33.854771>,  <27.368408, 43.531307, 33.969776>, 0.100000
	pigment { color rgbt <1,0,0,0> }
	no_shadow
}

// particle -1
sphere {
	<26.987181, 43.493370, 33.854771> 0.100000
	pigment { color rgbt <1,0,0,0> }
	no_shadow
}
sphere {
	0, 1
	scale<0.080000,0.200000,0.300000>
	matrix <-0.070637, 0.993116, -0.093437,
		0.294392, -0.068743, -0.953209,
		-0.953071, -0.094839, -0.287510,
		26.701260, 43.464920, 33.768517>
	pigment { color rgbt <0,1,1,0> }
	no_shadow
}
cylinder {
	<27.337345, 43.849899, 33.229366>,  <27.368408, 43.531307, 33.969776>, 0.130000
	pigment { color rgbt <1,0,0,0> }
	no_shadow
}

// nucleotide -1

// particle -1
sphere {
	<27.337345, 43.849899, 33.229366> 0.250000
	pigment { color rgbt <1,0,0,0> }
	no_shadow
}
cylinder {
	<26.984352, 43.861347, 33.417156>,  <26.772556, 43.868217, 33.529831>, 0.100000
	pigment { color rgbt <1,0,0,0> }
	no_shadow
}
cylinder {
	<26.984352, 43.861347, 33.417156>,  <27.337345, 43.849899, 33.229366>, 0.100000
	pigment { color rgbt <1,0,0,0> }
	no_shadow
}

// particle -1
sphere {
	<26.984352, 43.861347, 33.417156> 0.100000
	pigment { color rgbt <1,0,0,0> }
	no_shadow
}
sphere {
	0, 1
	scale<0.080000,0.200000,0.300000>
	matrix <-0.042074, 0.989341, -0.139404,
		-0.468464, -0.142774, -0.871870,
		-0.882480, 0.028622, 0.469478,
		26.719608, 43.869934, 33.557999>
	pigment { color rgbt <0,1,1,0> }
	no_shadow
}
cylinder {
	<26.927591, 44.239216, 32.754753>,  <27.337345, 43.849899, 33.229366>, 0.130000
	pigment { color rgbt <1,0,0,0> }
	no_shadow
}

// nucleotide -1

// particle -1
sphere {
	<26.927591, 44.239216, 32.754753> 0.250000
	pigment { color rgbt <1,0,0,0> }
	no_shadow
}
cylinder {
	<26.769268, 44.262295, 33.121361>,  <26.674274, 44.276142, 33.341324>, 0.100000
	pigment { color rgbt <1,0,0,0> }
	no_shadow
}
cylinder {
	<26.769268, 44.262295, 33.121361>,  <26.927591, 44.239216, 32.754753>, 0.100000
	pigment { color rgbt <1,0,0,0> }
	no_shadow
}

// particle -1
sphere {
	<26.769268, 44.262295, 33.121361> 0.100000
	pigment { color rgbt <1,0,0,0> }
	no_shadow
}
sphere {
	0, 1
	scale<0.080000,0.200000,0.300000>
	matrix <-0.200610, 0.968488, -0.147601,
		-0.896154, -0.242284, -0.371762,
		-0.395809, 0.057694, 0.916519,
		26.650526, 44.279602, 33.396317>
	pigment { color rgbt <0,1,1,0> }
	no_shadow
}
cylinder {
	<26.492439, 44.680370, 32.555046>,  <26.927591, 44.239216, 32.754753>, 0.130000
	pigment { color rgbt <1,0,0,0> }
	no_shadow
}

// nucleotide -1

// particle -1
sphere {
	<26.492439, 44.680370, 32.555046> 0.250000
	pigment { color rgbt <1,0,0,0> }
	no_shadow
}
cylinder {
	<26.538345, 44.682030, 32.952400>,  <26.565889, 44.683025, 33.190811>, 0.100000
	pigment { color rgbt <1,0,0,0> }
	no_shadow
}
cylinder {
	<26.538345, 44.682030, 32.952400>,  <26.492439, 44.680370, 32.555046>, 0.100000
	pigment { color rgbt <1,0,0,0> }
	no_shadow
}

// particle -1
sphere {
	<26.538345, 44.682030, 32.952400> 0.100000
	pigment { color rgbt <1,0,0,0> }
	no_shadow
}
sphere {
	0, 1
	scale<0.080000,0.200000,0.300000>
	matrix <-0.107205, 0.994203, 0.008230,
		-0.987591, -0.107440, 0.114543,
		0.114763, 0.004151, 0.993384,
		26.572775, 44.683273, 33.250416>
	pigment { color rgbt <0,1,1,0> }
	no_shadow
}
cylinder {
	<25.970577, 45.039890, 32.788429>,  <26.492439, 44.680370, 32.555046>, 0.130000
	pigment { color rgbt <1,0,0,0> }
	no_shadow
}

// nucleotide -1

// particle -1
sphere {
	<25.970577, 45.039890, 32.788429> 0.250000
	pigment { color rgbt <1,0,0,0> }
	no_shadow
}
cylinder {
	<26.302853, 45.048664, 33.010952>,  <26.502218, 45.053928, 33.144466>, 0.100000
	pigment { color rgbt <1,0,0,0> }
	no_shadow
}
cylinder {
	<26.302853, 45.048664, 33.010952>,  <25.970577, 45.039890, 32.788429>, 0.100000
	pigment { color rgbt <1,0,0,0> }
	no_shadow
}

// particle -1
sphere {
	<26.302853, 45.048664, 33.010952> 0.100000
	pigment { color rgbt <1,0,0,0> }
	no_shadow
}
sphere {
	0, 1
	scale<0.080000,0.200000,0.300000>
	matrix <0.076092, 0.985374, -0.152471,
		-0.551516, 0.168986, 0.816868,
		0.830686, 0.021933, 0.556309,
		26.552059, 45.055244, 33.177845>
	pigment { color rgbt <0,1,1,0> }
	no_shadow
}
cylinder {
	<25.873102, 45.307487, 33.490166>,  <25.970577, 45.039890, 32.788429>, 0.130000
	pigment { color rgbt <1,0,0,0> }
	no_shadow
}

// nucleotide -1

// particle -1
sphere {
	<25.873102, 45.307487, 33.490166> 0.250000
	pigment { color rgbt <1,0,0,0> }
	no_shadow
}
cylinder {
	<26.237986, 45.367149, 33.337521>,  <26.456915, 45.402946, 33.245934>, 0.100000
	pigment { color rgbt <1,0,0,0> }
	no_shadow
}
cylinder {
	<26.237986, 45.367149, 33.337521>,  <25.873102, 45.307487, 33.490166>, 0.100000
	pigment { color rgbt <1,0,0,0> }
	no_shadow
}

// particle -1
sphere {
	<26.237986, 45.367149, 33.337521> 0.100000
	pigment { color rgbt <1,0,0,0> }
	no_shadow
}
sphere {
	0, 1
	scale<0.080000,0.200000,0.300000>
	matrix <-0.211247, 0.969261, -0.126126,
		0.351071, 0.195668, 0.915676,
		0.912208, 0.149155, -0.381614,
		26.511648, 45.411896, 33.223038>
	pigment { color rgbt <0,1,1,0> }
	no_shadow
}
cylinder {
	<26.292398, 45.934479, 33.278275>,  <25.873102, 45.307487, 33.490166>, 0.130000
	pigment { color rgbt <1,0,0,0> }
	no_shadow
}

// nucleotide -1

// particle -1
sphere {
	<26.292398, 45.934479, 33.278275> 0.250000
	pigment { color rgbt <1,0,0,0> }
	no_shadow
}
cylinder {
	<25.954716, 45.992428, 33.484703>,  <25.752106, 46.027199, 33.608559>, 0.100000
	pigment { color rgbt <1,0,0,0> }
	no_shadow
}
cylinder {
	<25.954716, 45.992428, 33.484703>,  <26.292398, 45.934479, 33.278275>, 0.100000
	pigment { color rgbt <1,0,0,0> }
	no_shadow
}

// particle -1
sphere {
	<25.954716, 45.992428, 33.484703> 0.100000
	pigment { color rgbt <1,0,0,0> }
	no_shadow
}
sphere {
	0, 1
	scale<0.080000,0.200000,0.300000>
	matrix <0.522189, 0.004988, 0.852815,
		0.120977, 0.989437, -0.079862,
		-0.844205, 0.144874, 0.516070,
		25.701454, 46.035889, 33.639523>
	pigment { color rgbt <0,1,1,0> }
	no_shadow
}
cylinder {
	<26.180931, 46.584801, 33.761696>,  <26.292398, 45.934479, 33.278275>, 0.130000
	pigment { color rgbt <1,0,0,0> }
	no_shadow
}

// nucleotide -1

// particle -1
sphere {
	<26.180931, 46.584801, 33.761696> 0.250000
	pigment { color rgbt <1,0,0,0> }
	no_shadow
}
cylinder {
	<25.944508, 46.313309, 33.936043>,  <25.802652, 46.150414, 34.040649>, 0.100000
	pigment { color rgbt <1,0,0,0> }
	no_shadow
}
cylinder {
	<25.944508, 46.313309, 33.936043>,  <26.180931, 46.584801, 33.761696>, 0.100000
	pigment { color rgbt <1,0,0,0> }
	no_shadow
}

// particle -1
sphere {
	<25.944508, 46.313309, 33.936043> 0.100000
	pigment { color rgbt <1,0,0,0> }
	no_shadow
}
sphere {
	0, 1
	scale<0.080000,0.200000,0.300000>
	matrix <0.477160, 0.141468, 0.867355,
		-0.650359, 0.720635, 0.240245,
		-0.591060, -0.678728, 0.435863,
		25.767189, 46.109692, 34.066803>
	pigment { color rgbt <0,1,1,0> }
	no_shadow
}
cylinder {
	<25.672302, 46.825085, 34.407391>,  <26.180931, 46.584801, 33.761696>, 0.130000
	pigment { color rgbt <1,0,0,0> }
	no_shadow
}

// nucleotide -1

// particle -1
sphere {
	<25.672302, 46.825085, 34.407391> 0.250000
	pigment { color rgbt <1,0,0,0> }
	no_shadow
}
cylinder {
	<25.862715, 46.476139, 34.362900>,  <25.976961, 46.266769, 34.336205>, 0.100000
	pigment { color rgbt <1,0,0,0> }
	no_shadow
}
cylinder {
	<25.862715, 46.476139, 34.362900>,  <25.672302, 46.825085, 34.407391>, 0.100000
	pigment { color rgbt <1,0,0,0> }
	no_shadow
}

// particle -1
sphere {
	<25.862715, 46.476139, 34.362900> 0.100000
	pigment { color rgbt <1,0,0,0> }
	no_shadow
}
sphere {
	0, 1
	scale<0.080000,0.200000,0.300000>
	matrix <0.585517, 0.220024, 0.780230,
		-0.656174, -0.436538, 0.615524,
		0.476030, -0.872367, -0.111226,
		26.005524, 46.214428, 34.329533>
	pigment { color rgbt <0,1,1,0> }
	no_shadow
}
cylinder {
	<25.762800, 46.452198, 35.034939>,  <25.672302, 46.825085, 34.407391>, 0.130000
	pigment { color rgbt <1,0,0,0> }
	no_shadow
}

// nucleotide -1

// particle -1
sphere {
	<25.762800, 46.452198, 35.034939> 0.250000
	pigment { color rgbt <1,0,0,0> }
	no_shadow
}
cylinder {
	<26.081549, 46.351646, 34.815189>,  <26.272797, 46.291317, 34.683338>, 0.100000
	pigment { color rgbt <1,0,0,0> }
	no_shadow
}
cylinder {
	<26.081549, 46.351646, 34.815189>,  <25.762800, 46.452198, 35.034939>, 0.100000
	pigment { color rgbt <1,0,0,0> }
	no_shadow
}

// particle -1
sphere {
	<26.081549, 46.351646, 34.815189> 0.100000
	pigment { color rgbt <1,0,0,0> }
	no_shadow
}
sphere {
	0, 1
	scale<0.080000,0.200000,0.300000>
	matrix <0.595397, 0.172505, 0.784694,
		-0.102484, -0.952392, 0.287133,
		0.796869, -0.251377, -0.549372,
		26.320610, 46.276234, 34.650379>
	pigment { color rgbt <0,1,1,0> }
	no_shadow
}
cylinder {
	<26.245558, 46.205101, 35.533081>,  <25.762800, 46.452198, 35.034939>, 0.130000
	pigment { color rgbt <1,0,0,0> }
	no_shadow
}

// nucleotide -1

// particle -1
sphere {
	<26.245558, 46.205101, 35.533081> 0.250000
	pigment { color rgbt <1,0,0,0> }
	no_shadow
}
cylinder {
	<26.501480, 46.280830, 35.235142>,  <26.655033, 46.326267, 35.056377>, 0.100000
	pigment { color rgbt <1,0,0,0> }
	no_shadow
}
cylinder {
	<26.501480, 46.280830, 35.235142>,  <26.245558, 46.205101, 35.533081>, 0.100000
	pigment { color rgbt <1,0,0,0> }
	no_shadow
}

// particle -1
sphere {
	<26.501480, 46.280830, 35.235142> 0.100000
	pigment { color rgbt <1,0,0,0> }
	no_shadow
}
sphere {
	0, 1
	scale<0.080000,0.200000,0.300000>
	matrix <0.764189, -0.053788, 0.642746,
		0.081625, -0.980440, -0.179096,
		0.639807, 0.189327, -0.744851,
		26.693422, 46.337627, 35.011688>
	pigment { color rgbt <0,1,1,0> }
	no_shadow
}
cylinder {
	<26.355947, 45.607845, 35.632442>,  <26.245558, 46.205101, 35.533081>, 0.130000
	pigment { color rgbt <1,0,0,0> }
	no_shadow
}

// nucleotide -1

// particle -1
sphere {
	<26.355947, 45.607845, 35.632442> 0.250000
	pigment { color rgbt <1,0,0,0> }
	no_shadow
}
cylinder {
	<26.090424, 45.538883, 35.341339>,  <25.931108, 45.497505, 35.166676>, 0.100000
	pigment { color rgbt <1,0,0,0> }
	no_shadow
}
cylinder {
	<26.090424, 45.538883, 35.341339>,  <26.355947, 45.607845, 35.632442>, 0.100000
	pigment { color rgbt <1,0,0,0> }
	no_shadow
}

// particle -1
sphere {
	<26.090424, 45.538883, 35.341339> 0.100000
	pigment { color rgbt <1,0,0,0> }
	no_shadow
}
sphere {
	0, 1
	scale<0.080000,0.200000,0.300000>
	matrix <-0.625264, 0.661841, 0.413536,
		0.410365, 0.729551, -0.547135,
		-0.663812, -0.172403, -0.727758,
		25.891279, 45.487164, 35.123013>
	pigment { color rgbt <0,1,1,0> }
	no_shadow
}
cylinder {
	<26.072426, 44.847538, 35.790115>,  <26.355947, 45.607845, 35.632442>, 0.130000
	pigment { color rgbt <1,0,0,0> }
	no_shadow
}

// nucleotide -1

// particle -1
sphere {
	<26.072426, 44.847538, 35.790115> 0.250000
	pigment { color rgbt <1,0,0,0> }
	no_shadow
}
cylinder {
	<25.863237, 45.002983, 36.093559>,  <25.737724, 45.096249, 36.275623>, 0.100000
	pigment { color rgbt <1,0,0,0> }
	no_shadow
}
cylinder {
	<25.863237, 45.002983, 36.093559>,  <26.072426, 44.847538, 35.790115>, 0.100000
	pigment { color rgbt <1,0,0,0> }
	no_shadow
}

// particle -1
sphere {
	<25.863237, 45.002983, 36.093559> 0.100000
	pigment { color rgbt <1,0,0,0> }
	no_shadow
}
sphere {
	0, 1
	scale<0.080000,0.200000,0.300000>
	matrix <0.545609, -0.531145, 0.648225,
		0.654837, 0.752905, 0.065744,
		-0.522972, 0.388611, 0.758605,
		25.706347, 45.119568, 36.321140>
	pigment { color rgbt <0,1,1,0> }
	no_shadow
}
cylinder {
	<26.493704, 45.084385, 36.364624>,  <26.072426, 44.847538, 35.790115>, 0.130000
	pigment { color rgbt <1,0,0,0> }
	no_shadow
}

// nucleotide -1

// particle -1
sphere {
	<26.493704, 45.084385, 36.364624> 0.250000
	pigment { color rgbt <1,0,0,0> }
	no_shadow
}
cylinder {
	<26.131018, 44.959328, 36.477852>,  <25.913406, 44.884293, 36.545788>, 0.100000
	pigment { color rgbt <1,0,0,0> }
	no_shadow
}
cylinder {
	<26.131018, 44.959328, 36.477852>,  <26.493704, 45.084385, 36.364624>, 0.100000
	pigment { color rgbt <1,0,0,0> }
	no_shadow
}

// particle -1
sphere {
	<26.131018, 44.959328, 36.477852> 0.100000
	pigment { color rgbt <1,0,0,0> }
	no_shadow
}
sphere {
	0, 1
	scale<0.080000,0.200000,0.300000>
	matrix <0.417152, -0.763627, 0.492806,
		0.062085, 0.564915, 0.822810,
		-0.906714, -0.312641, 0.283066,
		25.859003, 44.865536, 36.562771>
	pigment { color rgbt <0,1,1,0> }
	no_shadow
}
cylinder {
	<26.593740, 44.892765, 37.018375>,  <26.493704, 45.084385, 36.364624>, 0.130000
	pigment { color rgbt <1,0,0,0> }
	no_shadow
}

// nucleotide -1

// particle -1
sphere {
	<26.593740, 44.892765, 37.018375> 0.250000
	pigment { color rgbt <1,0,0,0> }
	no_shadow
}
cylinder {
	<26.253883, 44.706535, 36.919304>,  <26.049969, 44.594799, 36.859859>, 0.100000
	pigment { color rgbt <1,0,0,0> }
	no_shadow
}
cylinder {
	<26.253883, 44.706535, 36.919304>,  <26.593740, 44.892765, 37.018375>, 0.100000
	pigment { color rgbt <1,0,0,0> }
	no_shadow
}

// particle -1
sphere {
	<26.253883, 44.706535, 36.919304> 0.100000
	pigment { color rgbt <1,0,0,0> }
	no_shadow
}
sphere {
	0, 1
	scale<0.080000,0.200000,0.300000>
	matrix <0.358709, -0.854497, 0.375715,
		-0.386565, 0.230379, 0.893024,
		-0.849644, -0.465574, -0.247680,
		25.998991, 44.566864, 36.845001>
	pigment { color rgbt <0,1,1,0> }
	no_shadow
}
cylinder {
	<26.333799, 44.372604, 37.652298>,  <26.593740, 44.892765, 37.018375>, 0.130000
	pigment { color rgbt <1,0,0,0> }
	no_shadow
}

// nucleotide -1

// particle -1
sphere {
	<26.333799, 44.372604, 37.652298> 0.250000
	pigment { color rgbt <1,0,0,0> }
	no_shadow
}
cylinder {
	<26.207150, 44.236809, 37.298012>,  <26.131161, 44.155331, 37.085442>, 0.100000
	pigment { color rgbt <1,0,0,0> }
	no_shadow
}
cylinder {
	<26.207150, 44.236809, 37.298012>,  <26.333799, 44.372604, 37.652298>, 0.100000
	pigment { color rgbt <1,0,0,0> }
	no_shadow
}

// particle -1
sphere {
	<26.207150, 44.236809, 37.298012> 0.100000
	pigment { color rgbt <1,0,0,0> }
	no_shadow
}
sphere {
	0, 1
	scale<0.080000,0.200000,0.300000>
	matrix <0.453528, -0.874293, 0.172989,
		-0.833104, -0.346925, 0.430791,
		-0.316623, -0.339493, -0.885717,
		26.112164, 44.134960, 37.032295>
	pigment { color rgbt <0,1,1,0> }
	no_shadow
}
cylinder {
	<26.312962, 43.691776, 37.759064>,  <26.333799, 44.372604, 37.652298>, 0.130000
	pigment { color rgbt <1,0,0,0> }
	no_shadow
}

// nucleotide -1

// particle -1
sphere {
	<26.312962, 43.691776, 37.759064> 0.250000
	pigment { color rgbt <1,0,0,0> }
	no_shadow
}
cylinder {
	<26.288727, 43.708885, 37.360165>,  <26.274185, 43.719151, 37.120827>, 0.100000
	pigment { color rgbt <1,0,0,0> }
	no_shadow
}
cylinder {
	<26.288727, 43.708885, 37.360165>,  <26.312962, 43.691776, 37.759064>, 0.100000
	pigment { color rgbt <1,0,0,0> }
	no_shadow
}

// particle -1
sphere {
	<26.288727, 43.708885, 37.360165> 0.100000
	pigment { color rgbt <1,0,0,0> }
	no_shadow
}
sphere {
	0, 1
	scale<0.080000,0.200000,0.300000>
	matrix <0.352620, -0.933745, -0.061475,
		-0.933804, -0.355373, 0.041481,
		-0.060579, 0.042778, -0.997247,
		26.270552, 43.721718, 37.060989>
	pigment { color rgbt <0,1,1,0> }
	no_shadow
}
cylinder {
	<25.891211, 43.033821, 37.559319>,  <26.312962, 43.691776, 37.759064>, 0.130000
	pigment { color rgbt <1,0,0,0> }
	no_shadow
}

// nucleotide -1

// particle -1
sphere {
	<25.891211, 43.033821, 37.559319> 0.250000
	pigment { color rgbt <1,0,0,0> }
	no_shadow
}
cylinder {
	<26.103668, 43.182850, 37.254929>,  <26.231144, 43.272266, 37.072296>, 0.100000
	pigment { color rgbt <1,0,0,0> }
	no_shadow
}
cylinder {
	<26.103668, 43.182850, 37.254929>,  <25.891211, 43.033821, 37.559319>, 0.100000
	pigment { color rgbt <1,0,0,0> }
	no_shadow
}

// particle -1
sphere {
	<26.103668, 43.182850, 37.254929> 0.100000
	pigment { color rgbt <1,0,0,0> }
	no_shadow
}
sphere {
	0, 1
	scale<0.080000,0.200000,0.300000>
	matrix <0.281192, -0.924742, -0.256482,
		-0.799259, -0.077750, -0.595936,
		0.531145, 0.372568, -0.760972,
		26.263012, 43.294621, 37.026638>
	pigment { color rgbt <0,1,1,0> }
	no_shadow
}
cylinder {
	<25.776638, 42.544575, 37.042053>,  <25.891211, 43.033821, 37.559319>, 0.130000
	pigment { color rgbt <1,0,0,0> }
	no_shadow
}

// nucleotide -1

// particle -1
sphere {
	<25.776638, 42.544575, 37.042053> 0.250000
	pigment { color rgbt <1,0,0,0> }
	no_shadow
}
cylinder {
	<26.093571, 42.764774, 36.936859>,  <26.283731, 42.896893, 36.873745>, 0.100000
	pigment { color rgbt <1,0,0,0> }
	no_shadow
}
cylinder {
	<26.093571, 42.764774, 36.936859>,  <25.776638, 42.544575, 37.042053>, 0.100000
	pigment { color rgbt <1,0,0,0> }
	no_shadow
}

// particle -1
sphere {
	<26.093571, 42.764774, 36.936859> 0.100000
	pigment { color rgbt <1,0,0,0> }
	no_shadow
}
sphere {
	0, 1
	scale<0.080000,0.200000,0.300000>
	matrix <0.496784, -0.832380, -0.245659,
		-0.354136, 0.063998, -0.933001,
		0.792334, 0.550498, -0.262983,
		26.331270, 42.929924, 36.857964>
	pigment { color rgbt <0,1,1,0> }
	no_shadow
}
cylinder {
	<25.969933, 42.198208, 36.519218>,  <25.776638, 42.544575, 37.042053>, 0.130000
	pigment { color rgbt <1,0,0,0> }
	no_shadow
}

// nucleotide -1

// particle -1
sphere {
	<25.969933, 42.198208, 36.519218> 0.250000
	pigment { color rgbt <1,0,0,0> }
	no_shadow
}
cylinder {
	<26.307882, 42.388702, 36.616692>,  <26.510653, 42.502998, 36.675175>, 0.100000
	pigment { color rgbt <1,0,0,0> }
	no_shadow
}
cylinder {
	<26.307882, 42.388702, 36.616692>,  <25.969933, 42.198208, 36.519218>, 0.100000
	pigment { color rgbt <1,0,0,0> }
	no_shadow
}

// particle -1
sphere {
	<26.307882, 42.388702, 36.616692> 0.100000
	pigment { color rgbt <1,0,0,0> }
	no_shadow
}
sphere {
	0, 1
	scale<0.080000,0.200000,0.300000>
	matrix <0.531620, -0.798279, -0.283074,
		0.059717, 0.368710, -0.927625,
		0.844875, 0.476239, 0.243684,
		26.561344, 42.531574, 36.689796>
	pigment { color rgbt <0,1,1,0> }
	no_shadow
}
cylinder {
	<26.484903, 42.137375, 35.915909>,  <25.969933, 42.198208, 36.519218>, 0.130000
	pigment { color rgbt <1,0,0,0> }
	no_shadow
}

// nucleotide -1

// particle -1
sphere {
	<26.484903, 42.137375, 35.915909> 0.250000
	pigment { color rgbt <1,0,0,0> }
	no_shadow
}
cylinder {
	<26.685131, 42.222641, 36.251526>,  <26.805267, 42.273800, 36.452896>, 0.100000
	pigment { color rgbt <1,0,0,0> }
	no_shadow
}
cylinder {
	<26.685131, 42.222641, 36.251526>,  <26.484903, 42.137375, 35.915909>, 0.100000
	pigment { color rgbt <1,0,0,0> }
	no_shadow
}

// particle -1
sphere {
	<26.685131, 42.222641, 36.251526> 0.100000
	pigment { color rgbt <1,0,0,0> }
	no_shadow
}
sphere {
	0, 1
	scale<0.080000,0.200000,0.300000>
	matrix <0.620441, -0.764251, -0.175993,
