// switches for output
#declare DRAW_BASES = 1; // possible values are 0, 1; only relevant for DNA ribbons
#declare DRAW_BASES_TYPE = 3; // possible values are 1, 2, 3; only relevant for DNA ribbons
#declare DRAW_FOG = 0; // set to 1 to enable fog

#include "colors.inc"

#include "transforms.inc"
background { rgb <1, 1, 1>}

#default {
   normal{
       ripples 0.25
       frequency 0.20
       turbulence 0.2
       lambda 5
   }
	finish {
		phong 0.1
		phong_size 40.
	}
}

// original window dimensions: 1024x640


// camera settings

camera {
	sky <0, 0.179814, -0.983701>
	up <0, 0.179814, -0.983701>
	right 1.6 * <1, 0, 0>
	location <35, 94.9851, 44.8844>
	look_at <35, 29.7336, 32.9568>
	direction <0, -65.2515, -11.9276>
	angle 67.0682
}


# declare cpy_camera_pos = <35, 94.9851, 44.8844>;
# if (DRAW_FOG = 1)
fog {
	fog_type 2
	up vnormalize(cpy_camera_pos)
	color rgbt<1,1,1,0.3>
	distance 1e-5
	fog_alt 3e-3
	fog_offset 56
}
# end


// LIGHTS

# declare lum = 6;
global_settings {
	ambient_light rgb lum * <0.05, 0.05, 0.05>
	max_trace_level 15
}# declare cpy_direct_light_amount = 0.25;
light_source
{	1000 * <-1, -1.16352, -0.803886>,
	rgb lum * cpy_direct_light_amount
	parallel
}

light_source
{	1000 * <1, 1.16352, 0.803886>,
	rgb lum * cpy_direct_light_amount
	parallel
}

// strand 0

// nucleotide -1

// particle -1
sphere {
	<23.787327, 34.775280, 35.039047> 0.250000
	pigment { color rgbt <1,0,0,0> }
	no_shadow
}
cylinder {
	<24.170418, 34.853664, 35.123295>,  <24.400272, 34.900696, 35.173843>, 0.100000
	pigment { color rgbt <1,0,0,0> }
	no_shadow
}
cylinder {
	<24.170418, 34.853664, 35.123295>,  <23.787327, 34.775280, 35.039047>, 0.100000
	pigment { color rgbt <1,0,0,0> }
	no_shadow
}

// particle -1
sphere {
	<24.170418, 34.853664, 35.123295> 0.100000
	pigment { color rgbt <1,0,0,0> }
	no_shadow
}
sphere {
	0, 1
	scale<0.080000,0.200000,0.300000>
	matrix <0.257696, -0.909825, -0.325286,
		0.127887, 0.365811, -0.921861,
		0.957725, 0.195960, 0.210623,
		24.457735, 34.912453, 35.186481>
	pigment { color rgbt <0,1,1,0> }
	no_shadow
}
cylinder {
	<24.336935, 34.488838, 34.608948>,  <23.787327, 34.775280, 35.039047>, 0.130000
	pigment { color rgbt <1,0,0,0> }
	no_shadow
}

// nucleotide -1

// particle -1
sphere {
	<24.336935, 34.488838, 34.608948> 0.250000
	pigment { color rgbt <1,0,0,0> }
	no_shadow
}
cylinder {
	<24.532963, 34.560017, 34.950279>,  <24.650579, 34.602722, 35.155079>, 0.100000
	pigment { color rgbt <1,0,0,0> }
	no_shadow
}
cylinder {
	<24.532963, 34.560017, 34.950279>,  <24.336935, 34.488838, 34.608948>, 0.100000
	pigment { color rgbt <1,0,0,0> }
	no_shadow
}

// particle -1
sphere {
	<24.532963, 34.560017, 34.950279> 0.100000
	pigment { color rgbt <1,0,0,0> }
	no_shadow
}
sphere {
	0, 1
	scale<0.080000,0.200000,0.300000>
	matrix <0.456923, -0.886112, -0.077633,
		0.742330, 0.427951, -0.515561,
		0.490068, 0.177943, 0.853329,
		24.679983, 34.613400, 35.206276>
	pigment { color rgbt <0,1,1,0> }
	no_shadow
}
cylinder {
	<25.083679, 34.742245, 34.610840>,  <24.336935, 34.488838, 34.608948>, 0.130000
	pigment { color rgbt <1,0,0,0> }
	no_shadow
}

// nucleotide -1

// particle -1
sphere {
	<25.083679, 34.742245, 34.610840> 0.250000
	pigment { color rgbt <1,0,0,0> }
	no_shadow
}
cylinder {
	<24.979427, 34.488857, 34.902260>,  <24.916876, 34.336826, 35.077114>, 0.100000
	pigment { color rgbt <1,0,0,0> }
	no_shadow
}
cylinder {
	<24.979427, 34.488857, 34.902260>,  <25.083679, 34.742245, 34.610840>, 0.100000
	pigment { color rgbt <1,0,0,0> }
	no_shadow
}

// particle -1
sphere {
	<24.979427, 34.488857, 34.902260> 0.100000
	pigment { color rgbt <1,0,0,0> }
	no_shadow
}
sphere {
	0, 1
	scale<0.080000,0.200000,0.300000>
	matrix <0.615160, -0.690572, -0.380380,
		0.744078, 0.349040, 0.569666,
		-0.260628, -0.633468, 0.728554,
		24.901239, 34.298817, 35.120827>
	pigment { color rgbt <0,1,1,0> }
	no_shadow
}
cylinder {
	<25.660189, 34.570526, 34.932140>,  <25.083679, 34.742245, 34.610840>, 0.130000
	pigment { color rgbt <1,0,0,0> }
	no_shadow
}

// nucleotide -1

// particle -1
sphere {
	<25.660189, 34.570526, 34.932140> 0.250000
	pigment { color rgbt <1,0,0,0> }
	no_shadow
}
cylinder {
	<25.366377, 34.299137, 34.936970>,  <25.190090, 34.136303, 34.939869>, 0.100000
	pigment { color rgbt <1,0,0,0> }
	no_shadow
}
cylinder {
	<25.366377, 34.299137, 34.936970>,  <25.660189, 34.570526, 34.932140>, 0.100000
	pigment { color rgbt <1,0,0,0> }
	no_shadow
}

// particle -1
sphere {
	<25.366377, 34.299137, 34.936970> 0.100000
	pigment { color rgbt <1,0,0,0> }
	no_shadow
}
sphere {
	0, 1
	scale<0.080000,0.200000,0.300000>
	matrix <0.648606, -0.707202, -0.281382,
		0.199447, -0.198852, 0.959520,
		-0.734528, -0.678471, 0.012073,
		25.146019, 34.095596, 34.940590>
	pigment { color rgbt <0,1,1,0> }
	no_shadow
}
cylinder {
	<26.126896, 35.113754, 34.598835>,  <25.660189, 34.570526, 34.932140>, 0.130000
	pigment { color rgbt <1,0,0,0> }
	no_shadow
}

// nucleotide -1

// particle -1
sphere {
	<26.126896, 35.113754, 34.598835> 0.250000
	pigment { color rgbt <1,0,0,0> }
	no_shadow
}
cylinder {
	<25.774628, 35.213200, 34.760139>,  <25.563267, 35.272865, 34.856922>, 0.100000
	pigment { color rgbt <1,0,0,0> }
	no_shadow
}
cylinder {
	<25.774628, 35.213200, 34.760139>,  <26.126896, 35.113754, 34.598835>, 0.100000
	pigment { color rgbt <1,0,0,0> }
	no_shadow
}

// particle -1
sphere {
	<25.774628, 35.213200, 34.760139> 0.100000
	pigment { color rgbt <1,0,0,0> }
	no_shadow
}
sphere {
	0, 1
	scale<0.080000,0.200000,0.300000>
	matrix <-0.163079, 0.640111, -0.750775,
		-0.444779, -0.726947, -0.523183,
		-0.880669, 0.248609, 0.403258,
		25.510427, 35.287781, 34.881115>
	pigment { color rgbt <0,1,1,0> }
	no_shadow
}
cylinder {
	<25.671440, 35.076153, 34.076843>,  <26.126896, 35.113754, 34.598835>, 0.130000
	pigment { color rgbt <1,0,0,0> }
	no_shadow
}

// nucleotide -1

// particle -1
sphere {
	<25.671440, 35.076153, 34.076843> 0.250000
	pigment { color rgbt <1,0,0,0> }
	no_shadow
}
cylinder {
	<25.536064, 35.345219, 34.340050>,  <25.454838, 35.506657, 34.497974>, 0.100000
	pigment { color rgbt <1,0,0,0> }
	no_shadow
}
cylinder {
	<25.536064, 35.345219, 34.340050>,  <25.671440, 35.076153, 34.076843>, 0.100000
	pigment { color rgbt <1,0,0,0> }
	no_shadow
}

// particle -1
sphere {
	<25.536064, 35.345219, 34.340050> 0.100000
	pigment { color rgbt <1,0,0,0> }
	no_shadow
}
sphere {
	0, 1
	scale<0.080000,0.200000,0.300000>
	matrix <-0.069006, 0.679657, -0.730278,
		-0.938455, -0.292562, -0.183605,
		-0.338440, 0.672662, 0.658015,
		25.434532, 35.547016, 34.537453>
	pigment { color rgbt <0,1,1,0> }
	no_shadow
}
cylinder {
	<25.157578, 35.413601, 33.696915>,  <25.671440, 35.076153, 34.076843>, 0.130000
	pigment { color rgbt <1,0,0,0> }
	no_shadow
}

// nucleotide -1

// particle -1
sphere {
	<25.157578, 35.413601, 33.696915> 0.250000
	pigment { color rgbt <1,0,0,0> }
	no_shadow
}
cylinder {
	<25.285948, 35.635742, 34.003796>,  <25.362970, 35.769028, 34.187923>, 0.100000
	pigment { color rgbt <1,0,0,0> }
	no_shadow
}
cylinder {
	<25.285948, 35.635742, 34.003796>,  <25.157578, 35.413601, 33.696915>, 0.100000
	pigment { color rgbt <1,0,0,0> }
	no_shadow
}

// particle -1
sphere {
	<25.285948, 35.635742, 34.003796> 0.100000
	pigment { color rgbt <1,0,0,0> }
	no_shadow
}
sphere {
	0, 1
	scale<0.080000,0.200000,0.300000>
	matrix <-0.062435, 0.820688, -0.567955,
		-0.945045, 0.134370, 0.298052,
		0.320924, 0.555352, 0.767198,
		25.382225, 35.802349, 34.233955>
	pigment { color rgbt <0,1,1,0> }
	no_shadow
}
cylinder {
	<24.778561, 36.034801, 33.699528>,  <25.157578, 35.413601, 33.696915>, 0.130000
	pigment { color rgbt <1,0,0,0> }
	no_shadow
}

// nucleotide -1

// particle -1
sphere {
	<24.778561, 36.034801, 33.699528> 0.250000
	pigment { color rgbt <1,0,0,0> }
	no_shadow
}
cylinder {
	<25.107056, 36.144825, 33.899490>,  <25.304153, 36.210838, 34.019470>, 0.100000
	pigment { color rgbt <1,0,0,0> }
	no_shadow
}
cylinder {
	<25.107056, 36.144825, 33.899490>,  <24.778561, 36.034801, 33.699528>, 0.100000
	pigment { color rgbt <1,0,0,0> }
	no_shadow
}

// particle -1
sphere {
	<25.107056, 36.144825, 33.899490> 0.100000
	pigment { color rgbt <1,0,0,0> }
	no_shadow
}
sphere {
	0, 1
	scale<0.080000,0.200000,0.300000>
	matrix <-0.062535, 0.914248, -0.400300,
		-0.567146, 0.297481, 0.768017,
		0.821240, 0.275056, 0.499910,
		25.353428, 36.227341, 34.049461>
	pigment { color rgbt <0,1,1,0> }
	no_shadow
}
cylinder {
	<24.672951, 36.690132, 34.086285>,  <24.778561, 36.034801, 33.699528>, 0.130000
	pigment { color rgbt <1,0,0,0> }
	no_shadow
}

// nucleotide -1

// particle -1
sphere {
	<24.672951, 36.690132, 34.086285> 0.250000
	pigment { color rgbt <1,0,0,0> }
	no_shadow
}
cylinder {
	<25.070141, 36.685501, 34.039177>,  <25.308455, 36.682720, 34.010914>, 0.100000
	pigment { color rgbt <1,0,0,0> }
	no_shadow
}
cylinder {
	<25.070141, 36.685501, 34.039177>,  <24.672951, 36.690132, 34.086285>, 0.100000
	pigment { color rgbt <1,0,0,0> }
	no_shadow
}

// particle -1
sphere {
	<25.070141, 36.685501, 34.039177> 0.100000
	pigment { color rgbt <1,0,0,0> }
	no_shadow
}
sphere {
	0, 1
	scale<0.080000,0.200000,0.300000>
	matrix <-0.034059, 0.925119, -0.378147,
		0.113326, 0.379501, 0.918224,
		0.992974, -0.011580, -0.117766,
		25.368032, 36.682026, 34.003849>
	pigment { color rgbt <0,1,1,0> }
	no_shadow
}
cylinder {
	<24.945488, 37.324009, 34.248207>,  <24.672951, 36.690132, 34.086285>, 0.130000
	pigment { color rgbt <1,0,0,0> }
	no_shadow
}

// nucleotide -1

// particle -1
sphere {
	<24.945488, 37.324009, 34.248207> 0.250000
	pigment { color rgbt <1,0,0,0> }
	no_shadow
}
cylinder {
	<25.253860, 37.185379, 34.034458>,  <25.438885, 37.102200, 33.906208>, 0.100000
	pigment { color rgbt <1,0,0,0> }
	no_shadow
}
cylinder {
	<25.253860, 37.185379, 34.034458>,  <24.945488, 37.324009, 34.248207>, 0.100000
	pigment { color rgbt <1,0,0,0> }
	no_shadow
}

// particle -1
sphere {
	<25.253860, 37.185379, 34.034458> 0.100000
	pigment { color rgbt <1,0,0,0> }
	no_shadow
}
sphere {
	0, 1
	scale<0.080000,0.200000,0.300000>
	matrix <0.087114, 0.888483, -0.450565,
		0.630931, 0.300804, 0.715152,
		0.770932, -0.346575, -0.534368,
		25.485140, 37.081406, 33.874149>
	pigment { color rgbt <0,1,1,0> }
	no_shadow
}
cylinder {
	<25.470848, 37.890751, 34.237560>,  <24.945488, 37.324009, 34.248207>, 0.130000
	pigment { color rgbt <1,0,0,0> }
	no_shadow
}

// nucleotide -1

// particle -1
sphere {
	<25.470848, 37.890751, 34.237560> 0.250000
	pigment { color rgbt <1,0,0,0> }
	no_shadow
}
cylinder {
	<25.541042, 37.632900, 33.939926>,  <25.583158, 37.478188, 33.761345>, 0.100000
	pigment { color rgbt <1,0,0,0> }
	no_shadow
}
cylinder {
	<25.541042, 37.632900, 33.939926>,  <25.470848, 37.890751, 34.237560>, 0.100000
	pigment { color rgbt <1,0,0,0> }
	no_shadow
}

// particle -1
sphere {
	<25.541042, 37.632900, 33.939926> 0.100000
	pigment { color rgbt <1,0,0,0> }
	no_shadow
}
sphere {
	0, 1
	scale<0.080000,0.200000,0.300000>
	matrix <0.204111, 0.763210, -0.613065,
		0.963090, -0.044290, 0.265510,
		0.175487, -0.644630, -0.744081,
		25.593689, 37.439510, 33.716702>
	pigment { color rgbt <0,1,1,0> }
	no_shadow
}
cylinder {
	<26.165808, 38.120632, 34.021046>,  <25.470848, 37.890751, 34.237560>, 0.130000
	pigment { color rgbt <1,0,0,0> }
	no_shadow
}

// nucleotide -1

// particle -1
sphere {
	<26.165808, 38.120632, 34.021046> 0.250000
	pigment { color rgbt <1,0,0,0> }
	no_shadow
}
cylinder {
	<26.026825, 37.930283, 33.697857>,  <25.943436, 37.816074, 33.503944>, 0.100000
	pigment { color rgbt <1,0,0,0> }
	no_shadow
}
cylinder {
	<26.026825, 37.930283, 33.697857>,  <26.165808, 38.120632, 34.021046>, 0.100000
	pigment { color rgbt <1,0,0,0> }
	no_shadow
}

// particle -1
sphere {
	<26.026825, 37.930283, 33.697857> 0.100000
	pigment { color rgbt <1,0,0,0> }
	no_shadow
}
sphere {
	0, 1
	scale<0.080000,0.200000,0.300000>
	matrix <0.316255, 0.751702, -0.578728,
		0.882756, -0.456608, -0.110685,
		-0.347454, -0.475871, -0.807974,
		25.922588, 37.787521, 33.455463>
	pigment { color rgbt <0,1,1,0> }
	no_shadow
}
cylinder {
	<26.728304, 38.088959, 33.564926>,  <26.165808, 38.120632, 34.021046>, 0.130000
	pigment { color rgbt <1,0,0,0> }
	no_shadow
}

// nucleotide -1

// particle -1
sphere {
	<26.728304, 38.088959, 33.564926> 0.250000
	pigment { color rgbt <1,0,0,0> }
	no_shadow
}
cylinder {
	<26.390764, 38.044083, 33.355038>,  <26.188240, 38.017159, 33.229103>, 0.100000
	pigment { color rgbt <1,0,0,0> }
	no_shadow
}
cylinder {
	<26.390764, 38.044083, 33.355038>,  <26.728304, 38.088959, 33.564926>, 0.100000
	pigment { color rgbt <1,0,0,0> }
	no_shadow
}

// particle -1
sphere {
	<26.390764, 38.044083, 33.355038> 0.100000
	pigment { color rgbt <1,0,0,0> }
	no_shadow
}
sphere {
	0, 1
	scale<0.080000,0.200000,0.300000>
	matrix <0.323204, 0.674324, -0.663947,
		0.428317, -0.729863, -0.532770,
		-0.843850, -0.112187, -0.524719,
		26.137609, 38.010426, 33.197620>
	pigment { color rgbt <0,1,1,0> }
	no_shadow
}
cylinder {
	<27.058620, 38.320240, 32.962162>,  <26.728304, 38.088959, 33.564926>, 0.130000
	pigment { color rgbt <1,0,0,0> }
	no_shadow
}

// nucleotide -1

// particle -1
sphere {
	<27.058620, 38.320240, 32.962162> 0.250000
	pigment { color rgbt <1,0,0,0> }
	no_shadow
}
cylinder {
	<26.662689, 38.315487, 32.905453>,  <26.425131, 38.312637, 32.871426>, 0.100000
	pigment { color rgbt <1,0,0,0> }
	no_shadow
}
cylinder {
	<26.662689, 38.315487, 32.905453>,  <27.058620, 38.320240, 32.962162>, 0.100000
	pigment { color rgbt <1,0,0,0> }
	no_shadow
}

// particle -1
sphere {
	<26.662689, 38.315487, 32.905453> 0.100000
	pigment { color rgbt <1,0,0,0> }
	no_shadow
}
sphere {
	0, 1
	scale<0.080000,0.200000,0.300000>
	matrix <0.066620, 0.841814, -0.535641,
		0.125713, -0.539637, -0.832459,
		-0.989827, -0.011878, -0.141777,
		26.365742, 38.311924, 32.862919>
	pigment { color rgbt <0,1,1,0> }
	no_shadow
}
cylinder {
	<26.934105, 38.325050, 32.304287>,  <27.058620, 38.320240, 32.962162>, 0.130000
	pigment { color rgbt <1,0,0,0> }
	no_shadow
}

// nucleotide -1

// particle -1
sphere {
	<26.934105, 38.325050, 32.304287> 0.250000
	pigment { color rgbt <1,0,0,0> }
	no_shadow
}
cylinder {
	<26.582808, 38.456261, 32.443478>,  <26.372028, 38.534985, 32.526993>, 0.100000
	pigment { color rgbt <1,0,0,0> }
	no_shadow
}
cylinder {
	<26.582808, 38.456261, 32.443478>,  <26.934105, 38.325050, 32.304287>, 0.100000
	pigment { color rgbt <1,0,0,0> }
	no_shadow
}

// particle -1
sphere {
	<26.582808, 38.456261, 32.443478> 0.100000
	pigment { color rgbt <1,0,0,0> }
	no_shadow
}
sphere {
	0, 1
	scale<0.080000,0.200000,0.300000>
	matrix <0.023280, 0.756130, -0.654008,
		-0.477648, -0.566276, -0.671702,
		-0.878243, 0.328023, 0.347981,
		26.319334, 38.554668, 32.547871>
	pigment { color rgbt <0,1,1,0> }
	no_shadow
}
cylinder {
	<26.495655, 38.470085, 31.734032>,  <26.934105, 38.325050, 32.304287>, 0.130000
	pigment { color rgbt <1,0,0,0> }
	no_shadow
}

// nucleotide -1

// particle -1
sphere {
	<26.495655, 38.470085, 31.734032> 0.250000
	pigment { color rgbt <1,0,0,0> }
	no_shadow
}
cylinder {
	<26.360929, 38.700634, 32.031849>,  <26.280094, 38.838963, 32.210541>, 0.100000
	pigment { color rgbt <1,0,0,0> }
	no_shadow
}
cylinder {
	<26.360929, 38.700634, 32.031849>,  <26.495655, 38.470085, 31.734032>, 0.100000
	pigment { color rgbt <1,0,0,0> }
	no_shadow
}

// particle -1
sphere {
	<26.360929, 38.700634, 32.031849> 0.100000
	pigment { color rgbt <1,0,0,0> }
	no_shadow
}
sphere {
	0, 1
	scale<0.080000,0.200000,0.300000>
	matrix <-0.248956, 0.708092, -0.660777,
		-0.908062, -0.407919, -0.095005,
		-0.336815, 0.576375, 0.744545,
		26.259884, 38.873547, 32.255211>
	pigment { color rgbt <0,1,1,0> }
	no_shadow
}
cylinder {
	<25.753439, 38.690876, 31.604403>,  <26.495655, 38.470085, 31.734032>, 0.130000
	pigment { color rgbt <1,0,0,0> }
	no_shadow
}

// nucleotide -1

// particle -1
sphere {
	<25.753439, 38.690876, 31.604403> 0.250000
	pigment { color rgbt <1,0,0,0> }
	no_shadow
}
cylinder {
	<25.891716, 38.958714, 31.867353>,  <25.974682, 39.119415, 32.025124>, 0.100000
	pigment { color rgbt <1,0,0,0> }
	no_shadow
}
cylinder {
	<25.891716, 38.958714, 31.867353>,  <25.753439, 38.690876, 31.604403>, 0.100000
	pigment { color rgbt <1,0,0,0> }
	no_shadow
}

// particle -1
sphere {
	<25.891716, 38.958714, 31.867353> 0.100000
	pigment { color rgbt <1,0,0,0> }
	no_shadow
}
sphere {
	0, 1
	scale<0.080000,0.200000,0.300000>
	matrix <-0.371530, 0.740987, -0.559378,
		-0.861663, -0.050863, 0.504926,
		0.345692, 0.669591, 0.657378,
		25.995424, 39.159592, 32.064568>
	pigment { color rgbt <0,1,1,0> }
	no_shadow
}
cylinder {
	<25.256672, 39.266212, 31.449034>,  <25.753439, 38.690876, 31.604403>, 0.130000
	pigment { color rgbt <1,0,0,0> }
	no_shadow
}

// nucleotide -1

// particle -1
sphere {
	<25.256672, 39.266212, 31.449034> 0.250000
	pigment { color rgbt <1,0,0,0> }
	no_shadow
}
cylinder {
	<25.515028, 39.437706, 31.701702>,  <25.670042, 39.540604, 31.853304>, 0.100000
	pigment { color rgbt <1,0,0,0> }
	no_shadow
}
cylinder {
	<25.515028, 39.437706, 31.701702>,  <25.256672, 39.266212, 31.449034>, 0.100000
	pigment { color rgbt <1,0,0,0> }
	no_shadow
}

// particle -1
sphere {
	<25.515028, 39.437706, 31.701702> 0.100000
	pigment { color rgbt <1,0,0,0> }
	no_shadow
}
sphere {
	0, 1
	scale<0.080000,0.200000,0.300000>
	matrix <-0.091508, 0.864926, -0.493487,
		-0.757924, 0.260937, 0.597882,
		0.645893, 0.428737, 0.631671,
		25.708796, 39.566326, 31.891203>
	pigment { color rgbt <0,1,1,0> }
	no_shadow
}
cylinder {
	<24.943634, 39.832123, 31.557760>,  <25.256672, 39.266212, 31.449034>, 0.130000
	pigment { color rgbt <1,0,0,0> }
	no_shadow
}

// nucleotide -1

// particle -1
sphere {
	<24.943634, 39.832123, 31.557760> 0.250000
	pigment { color rgbt <1,0,0,0> }
	no_shadow
}
cylinder {
	<25.308933, 39.916203, 31.697357>,  <25.528112, 39.966652, 31.781116>, 0.100000
	pigment { color rgbt <1,0,0,0> }
	no_shadow
}
cylinder {
	<25.308933, 39.916203, 31.697357>,  <24.943634, 39.832123, 31.557760>, 0.100000
	pigment { color rgbt <1,0,0,0> }
	no_shadow
}

// particle -1
sphere {
	<25.308933, 39.916203, 31.697357> 0.100000
	pigment { color rgbt <1,0,0,0> }
	no_shadow
}
sphere {
	0, 1
	scale<0.080000,0.200000,0.300000>
	matrix <-0.121576, 0.958199, -0.258987,
		-0.388844, 0.194090, 0.900627,
		0.913247, 0.210200, 0.348994,
		25.582907, 39.979263, 31.802055>
	pigment { color rgbt <0,1,1,0> }
	no_shadow
}
cylinder {
	<24.902407, 40.467342, 31.893730>,  <24.943634, 39.832123, 31.557760>, 0.130000
	pigment { color rgbt <1,0,0,0> }
	no_shadow
}

// nucleotide -1

// particle -1
sphere {
	<24.902407, 40.467342, 31.893730> 0.250000
	pigment { color rgbt <1,0,0,0> }
	no_shadow
}
cylinder {
	<25.281231, 40.422394, 31.773432>,  <25.508526, 40.395424, 31.701252>, 0.100000
	pigment { color rgbt <1,0,0,0> }
	no_shadow
}
cylinder {
	<25.281231, 40.422394, 31.773432>,  <24.902407, 40.467342, 31.893730>, 0.100000
	pigment { color rgbt <1,0,0,0> }
	no_shadow
}

// particle -1
sphere {
	<25.281231, 40.422394, 31.773432> 0.100000
	pigment { color rgbt <1,0,0,0> }
	no_shadow
}
sphere {
	0, 1
	scale<0.080000,0.200000,0.300000>
	matrix <0.025400, 0.960035, -0.278725,
		0.320049, 0.256331, 0.912065,
		0.947060, -0.112372, -0.300747,
		25.565350, 40.388683, 31.683208>
	pigment { color rgbt <0,1,1,0> }
	no_shadow
}
cylinder {
	<25.123432, 41.193661, 31.768539>,  <24.902407, 40.467342, 31.893730>, 0.130000
	pigment { color rgbt <1,0,0,0> }
	no_shadow
}

// nucleotide -1

// particle -1
sphere {
	<25.123432, 41.193661, 31.768539> 0.250000
	pigment { color rgbt <1,0,0,0> }
	no_shadow
}
cylinder {
	<25.410892, 40.978607, 31.592134>,  <25.583368, 40.849575, 31.486292>, 0.100000
	pigment { color rgbt <1,0,0,0> }
	no_shadow
}
cylinder {
	<25.410892, 40.978607, 31.592134>,  <25.123432, 41.193661, 31.768539>, 0.100000
	pigment { color rgbt <1,0,0,0> }
	no_shadow
}

// particle -1
sphere {
	<25.410892, 40.978607, 31.592134> 0.100000
	pigment { color rgbt <1,0,0,0> }
	no_shadow
}
sphere {
	0, 1
	scale<0.080000,0.200000,0.300000>
	matrix <0.273967, 0.801825, -0.531054,
		0.639127, 0.260820, 0.723526,
		0.718651, -0.537633, -0.441012,
		25.626488, 40.817318, 31.459831>
	pigment { color rgbt <0,1,1,0> }
	no_shadow
}
cylinder {
	<25.778748, 41.592232, 31.732367>,  <25.123432, 41.193661, 31.768539>, 0.130000
	pigment { color rgbt <1,0,0,0> }
	no_shadow
}

// nucleotide -1

// particle -1
sphere {
	<25.778748, 41.592232, 31.732367> 0.250000
	pigment { color rgbt <1,0,0,0> }
	no_shadow
}
cylinder {
	<25.790102, 41.318535, 31.440887>,  <25.796915, 41.154316, 31.265999>, 0.100000
	pigment { color rgbt <1,0,0,0> }
	no_shadow
}
cylinder {
	<25.790102, 41.318535, 31.440887>,  <25.778748, 41.592232, 31.732367>, 0.100000
	pigment { color rgbt <1,0,0,0> }
	no_shadow
}

// particle -1
sphere {
	<25.790102, 41.318535, 31.440887> 0.100000
	pigment { color rgbt <1,0,0,0> }
	no_shadow
}
sphere {
	0, 1
	scale<0.080000,0.200000,0.300000>
	matrix <0.310843, 0.698893, -0.644148,
		0.950037, -0.208226, 0.232532,
		0.028387, -0.684245, -0.728700,
		25.798618, 41.113262, 31.222277>
	pigment { color rgbt <0,1,1,0> }
	no_shadow
}
cylinder {
	<26.327536, 41.688705, 31.420841>,  <25.778748, 41.592232, 31.732367>, 0.130000
	pigment { color rgbt <1,0,0,0> }
	no_shadow
}

// nucleotide -1

// particle -1
sphere {
	<26.327536, 41.688705, 31.420841> 0.250000
	pigment { color rgbt <1,0,0,0> }
	no_shadow
}
cylinder {
	<26.090088, 41.532028, 31.139647>,  <25.947618, 41.438023, 30.970930>, 0.100000
	pigment { color rgbt <1,0,0,0> }
	no_shadow
}
cylinder {
	<26.090088, 41.532028, 31.139647>,  <26.327536, 41.688705, 31.420841>, 0.100000
	pigment { color rgbt <1,0,0,0> }
	no_shadow
}

// particle -1
sphere {
	<26.090088, 41.532028, 31.139647> 0.100000
	pigment { color rgbt <1,0,0,0> }
	no_shadow
}
sphere {
	0, 1
	scale<0.080000,0.200000,0.300000>
	matrix <0.249782, 0.740726, -0.623646,
		0.765005, -0.545799, -0.341865,
		-0.593613, -0.391700, -0.702989,
		25.912003, 41.414520, 30.928751>
	pigment { color rgbt <0,1,1,0> }
	no_shadow
}
cylinder {
	<26.594990, 41.931450, 30.804413>,  <26.327536, 41.688705, 31.420841>, 0.130000
	pigment { color rgbt <1,0,0,0> }
	no_shadow
}

// nucleotide -1

// particle -1
sphere {
	<26.594990, 41.931450, 30.804413> 0.250000
	pigment { color rgbt <1,0,0,0> }
	no_shadow
}
cylinder {
	<26.234676, 41.802002, 30.688578>,  <26.018488, 41.724331, 30.619078>, 0.100000
	pigment { color rgbt <1,0,0,0> }
	no_shadow
}
cylinder {
	<26.234676, 41.802002, 30.688578>,  <26.594990, 41.931450, 30.804413>, 0.100000
	pigment { color rgbt <1,0,0,0> }
	no_shadow
}

// particle -1
sphere {
	<26.234676, 41.802002, 30.688578> 0.100000
	pigment { color rgbt <1,0,0,0> }
	no_shadow
}
sphere {
	0, 1
	scale<0.080000,0.200000,0.300000>
	matrix <-0.059825, 0.752949, -0.655355,
		0.430131, -0.573007, -0.697603,
		-0.900782, -0.323622, -0.289586,
		25.964441, 41.704914, 30.601702>
	pigment { color rgbt <0,1,1,0> }
	no_shadow
}
cylinder {
	<26.652946, 41.907219, 30.048342>,  <26.594990, 41.931450, 30.804413>, 0.130000
	pigment { color rgbt <1,0,0,0> }
	no_shadow
}

// nucleotide -1

// particle -1
sphere {
	<26.652946, 41.907219, 30.048342> 0.250000
	pigment { color rgbt <1,0,0,0> }
	no_shadow
}
cylinder {
	<26.262234, 41.920731, 30.132963>,  <26.027805, 41.928837, 30.183737>, 0.100000
	pigment { color rgbt <1,0,0,0> }
	no_shadow
}
cylinder {
	<26.262234, 41.920731, 30.132963>,  <26.652946, 41.907219, 30.048342>, 0.100000
	pigment { color rgbt <1,0,0,0> }
	no_shadow
}

// particle -1
sphere {
	<26.262234, 41.920731, 30.132963> 0.100000
	pigment { color rgbt <1,0,0,0> }
	no_shadow
}
sphere {
	0, 1
	scale<0.080000,0.200000,0.300000>
	matrix <-0.090170, 0.830930, -0.549022,
		-0.194335, -0.555350, -0.808591,
		-0.976782, 0.033783, 0.211555,
		25.969198, 41.930866, 30.196430>
	pigment { color rgbt <0,1,1,0> }
	no_shadow
}
cylinder {
	<26.169214, 41.928417, 29.372936>,  <26.652946, 41.907219, 30.048342>, 0.130000
	pigment { color rgbt <1,0,0,0> }
	no_shadow
}

// nucleotide -1

// particle -1
sphere {
	<26.169214, 41.928417, 29.372936> 0.250000
	pigment { color rgbt <1,0,0,0> }
	no_shadow
}
cylinder {
	<25.994673, 42.093170, 29.692923>,  <25.889948, 42.192020, 29.884914>, 0.100000
	pigment { color rgbt <1,0,0,0> }
	no_shadow
}
cylinder {
	<25.994673, 42.093170, 29.692923>,  <26.169214, 41.928417, 29.372936>, 0.100000
	pigment { color rgbt <1,0,0,0> }
	no_shadow
}

// particle -1
sphere {
	<25.994673, 42.093170, 29.692923> 0.100000
	pigment { color rgbt <1,0,0,0> }
	no_shadow
}
sphere {
	0, 1
	scale<0.080000,0.200000,0.300000>
	matrix <-0.181857, 0.830355, -0.526724,
		-0.881206, -0.375317, -0.287424,
		-0.436353, 0.411882, 0.799968,
		25.863768, 42.216736, 29.932913>
	pigment { color rgbt <0,1,1,0> }
	no_shadow
}
cylinder {
	<25.435328, 42.182655, 29.273708>,  <26.169214, 41.928417, 29.372936>, 0.130000
	pigment { color rgbt <1,0,0,0> }
	no_shadow
}

// nucleotide -1

// particle -1
sphere {
	<25.435328, 42.182655, 29.273708> 0.250000
	pigment { color rgbt <1,0,0,0> }
	no_shadow
}
cylinder {
	<25.602419, 42.438179, 29.532145>,  <25.702673, 42.591492, 29.687206>, 0.100000
	pigment { color rgbt <1,0,0,0> }
	no_shadow
}
cylinder {
	<25.602419, 42.438179, 29.532145>,  <25.435328, 42.182655, 29.273708>, 0.100000
	pigment { color rgbt <1,0,0,0> }
	no_shadow
}

// particle -1
sphere {
	<25.602419, 42.438179, 29.532145> 0.100000
	pigment { color rgbt <1,0,0,0> }
	no_shadow
}
sphere {
	0, 1
	scale<0.080000,0.200000,0.300000>
	matrix <-0.204592, 0.758976, -0.618140,
		-0.885238, 0.126029, 0.447740,
		0.417728, 0.638804, 0.646090,
		25.727737, 42.629822, 29.725971>
	pigment { color rgbt <0,1,1,0> }
	no_shadow
}
cylinder {
	<25.169104, 42.320946, 30.063581>,  <25.435328, 42.182655, 29.273708>, 0.130000
	pigment { color rgbt <1,0,0,0> }
	no_shadow
}

// nucleotide -1

// particle -1
sphere {
	<25.169104, 42.320946, 30.063581> 0.250000
	pigment { color rgbt <1,0,0,0> }
	no_shadow
}
cylinder {
	<25.177818, 42.633194, 29.813732>,  <25.183048, 42.820541, 29.663822>, 0.100000
	pigment { color rgbt <1,0,0,0> }
	no_shadow
}
cylinder {
	<25.177818, 42.633194, 29.813732>,  <25.169104, 42.320946, 30.063581>, 0.100000
	pigment { color rgbt <1,0,0,0> }
	no_shadow
}

// particle -1
sphere {
	<25.177818, 42.633194, 29.813732> 0.100000
	pigment { color rgbt <1,0,0,0> }
	no_shadow
}
sphere {
	0, 1
	scale<0.080000,0.200000,0.300000>
	matrix <-0.396189, 0.580363, 0.711486,
		0.917910, 0.231968, 0.321918,
		0.021788, 0.780621, -0.624624,
		25.184355, 42.867382, 29.626345>
	pigment { color rgbt <0,1,1,0> }
	no_shadow
}
cylinder {
	<25.324518, 42.847084, 30.456577>,  <25.169104, 42.320946, 30.063581>, 0.130000
	pigment { color rgbt <1,0,0,0> }
	no_shadow
}

// nucleotide -1

// particle -1
sphere {
	<25.324518, 42.847084, 30.456577> 0.250000
	pigment { color rgbt <1,0,0,0> }
	no_shadow
}
cylinder {
	<25.245813, 43.039371, 30.114773>,  <25.198589, 43.154743, 29.909689>, 0.100000
	pigment { color rgbt <1,0,0,0> }
	no_shadow
}
cylinder {
	<25.245813, 43.039371, 30.114773>,  <25.324518, 42.847084, 30.456577>, 0.100000
	pigment { color rgbt <1,0,0,0> }
	no_shadow
}

// particle -1
sphere {
	<25.245813, 43.039371, 30.114773> 0.100000
	pigment { color rgbt <1,0,0,0> }
	no_shadow
}
sphere {
	0, 1
	scale<0.080000,0.200000,0.300000>
	matrix <-0.502025, 0.699234, 0.508964,
		0.842173, 0.529132, 0.103750,
		-0.196763, 0.480721, -0.854513,
		25.186785, 43.183586, 29.858419>
	pigment { color rgbt <0,1,1,0> }
	no_shadow
}
cylinder {
	<25.457579, 43.555283, 30.586218>,  <25.324518, 42.847084, 30.456577>, 0.130000
	pigment { color rgbt <1,0,0,0> }
	no_shadow
}

// nucleotide -1

// particle -1
sphere {
	<25.457579, 43.555283, 30.586218> 0.250000
	pigment { color rgbt <1,0,0,0> }
	no_shadow
}
cylinder {
	<25.177092, 43.513088, 30.304178>,  <25.008799, 43.487770, 30.134954>, 0.100000
	pigment { color rgbt <1,0,0,0> }
	no_shadow
}
cylinder {
	<25.177092, 43.513088, 30.304178>,  <25.457579, 43.555283, 30.586218>, 0.100000
	pigment { color rgbt <1,0,0,0> }
	no_shadow
}

// particle -1
sphere {
	<25.177092, 43.513088, 30.304178> 0.100000
	pigment { color rgbt <1,0,0,0> }
	no_shadow
}
sphere {
	0, 1
	scale<0.080000,0.200000,0.300000>
	matrix <-0.606294, 0.608566, 0.511913,
		0.375100, 0.786460, -0.490694,
		-0.701219, -0.105486, -0.705099,
		24.966726, 43.481441, 30.092649>
	pigment { color rgbt <0,1,1,0> }
	no_shadow
}
cylinder {
	<25.002583, 44.223274, 30.823967>,  <25.457579, 43.555283, 30.586218>, 0.130000
	pigment { color rgbt <1,0,0,0> }
	no_shadow
}

// nucleotide -1

// particle -1
sphere {
	<25.002583, 44.223274, 30.823967> 0.250000
	pigment { color rgbt <1,0,0,0> }
	no_shadow
}
cylinder {
	<24.946270, 44.494637, 30.535536>,  <24.912481, 44.657452, 30.362478>, 0.100000
	pigment { color rgbt <1,0,0,0> }
	no_shadow
}
cylinder {
	<24.946270, 44.494637, 30.535536>,  <25.002583, 44.223274, 30.823967>, 0.100000
	pigment { color rgbt <1,0,0,0> }
	no_shadow
}

// particle -1
sphere {
	<24.946270, 44.494637, 30.535536> 0.100000
	pigment { color rgbt <1,0,0,0> }
	no_shadow
}
sphere {
	0, 1
	scale<0.080000,0.200000,0.300000>
	matrix <-0.654162, 0.482953, 0.582089,
		0.743137, 0.553649, 0.375793,
		-0.140782, 0.678402, -0.721077,
		24.904036, 44.698158, 30.319212>
	pigment { color rgbt <0,1,1,0> }
	no_shadow
}
cylinder {
	<25.139242, 44.888821, 31.085203>,  <25.002583, 44.223274, 30.823967>, 0.130000
	pigment { color rgbt <1,0,0,0> }
	no_shadow
}

// nucleotide -1

// particle -1
sphere {
	<25.139242, 44.888821, 31.085203> 0.250000
	pigment { color rgbt <1,0,0,0> }
	no_shadow
}
cylinder {
	<24.873089, 44.927128, 30.789068>,  <24.713398, 44.950111, 30.611387>, 0.100000
	pigment { color rgbt <1,0,0,0> }
	no_shadow
}
cylinder {
	<24.873089, 44.927128, 30.789068>,  <25.139242, 44.888821, 31.085203>, 0.100000
	pigment { color rgbt <1,0,0,0> }
	no_shadow
}

// particle -1
sphere {
	<24.873089, 44.927128, 30.789068> 0.100000
	pigment { color rgbt <1,0,0,0> }
	no_shadow
}
sphere {
	0, 1
	scale<0.080000,0.200000,0.300000>
	matrix <-0.615157, 0.491492, 0.616456,
		0.422907, 0.865600, -0.268116,
		-0.665381, 0.095770, -0.740335,
		24.673475, 44.955860, 30.566967>
	pigment { color rgbt <0,1,1,0> }
	no_shadow
}
cylinder {
	<25.120735, 45.278244, 31.766438>,  <25.139242, 44.888821, 31.085203>, 0.130000
	pigment { color rgbt <1,0,0,0> }
	no_shadow
}

// nucleotide -1

// particle -1
sphere {
	<25.120735, 45.278244, 31.766438> 0.250000
	pigment { color rgbt <1,0,0,0> }
	no_shadow
}
cylinder {
	<25.358431, 45.507030, 31.992619>,  <25.501049, 45.644302, 32.128326>, 0.100000
	pigment { color rgbt <1,0,0,0> }
	no_shadow
}
cylinder {
	<25.358431, 45.507030, 31.992619>,  <25.120735, 45.278244, 31.766438>, 0.100000
	pigment { color rgbt <1,0,0,0> }
	no_shadow
}

// particle -1
sphere {
	<25.358431, 45.507030, 31.992619> 0.100000
	pigment { color rgbt <1,0,0,0> }
	no_shadow
}
sphere {
	0, 1
	scale<0.080000,0.200000,0.300000>
	matrix <-0.125993, -0.628170, 0.767808,
		0.794359, -0.527504, -0.301219,
		0.594238, 0.571964, 0.565454,
		25.536703, 45.678619, 32.162254>
	pigment { color rgbt <0,1,1,0> }
	no_shadow
}
cylinder {
	<25.698404, 44.882420, 32.050304>,  <25.120735, 45.278244, 31.766438>, 0.130000
	pigment { color rgbt <1,0,0,0> }
	no_shadow
}

// nucleotide -1

// particle -1
sphere {
	<25.698404, 44.882420, 32.050304> 0.250000
	pigment { color rgbt <1,0,0,0> }
	no_shadow
}
cylinder {
	<25.662859, 45.173466, 32.322388>,  <25.641531, 45.348095, 32.485638>, 0.100000
	pigment { color rgbt <1,0,0,0> }
	no_shadow
}
cylinder {
	<25.662859, 45.173466, 32.322388>,  <25.698404, 44.882420, 32.050304>, 0.100000
	pigment { color rgbt <1,0,0,0> }
	no_shadow
}

// particle -1
sphere {
	<25.662859, 45.173466, 32.322388> 0.100000
	pigment { color rgbt <1,0,0,0> }
	no_shadow
}
sphere {
	0, 1
	scale<0.080000,0.200000,0.300000>
	matrix <0.174025, -0.661063, 0.729871,
		0.980724, 0.183232, -0.067878,
		-0.088864, 0.727614, 0.680207,
		25.636200, 45.391750, 32.526451>
	pigment { color rgbt <0,1,1,0> }
	no_shadow
}
cylinder {
	<26.222464, 44.917187, 32.557102>,  <25.698404, 44.882420, 32.050304>, 0.130000
	pigment { color rgbt <1,0,0,0> }
	no_shadow
}

// nucleotide -1

// particle -1
sphere {
	<26.222464, 44.917187, 32.557102> 0.250000
	pigment { color rgbt <1,0,0,0> }
	no_shadow
}
cylinder {
	<25.916449, 45.089825, 32.748287>,  <25.732840, 45.193405, 32.862999>, 0.100000
	pigment { color rgbt <1,0,0,0> }
	no_shadow
}
cylinder {
	<25.916449, 45.089825, 32.748287>,  <26.222464, 44.917187, 32.557102>, 0.100000
	pigment { color rgbt <1,0,0,0> }
	no_shadow
}

// particle -1
sphere {
	<25.916449, 45.089825, 32.748287> 0.100000
	pigment { color rgbt <1,0,0,0> }
	no_shadow
}
sphere {
	0, 1
	scale<0.080000,0.200000,0.300000>
	matrix <0.189052, -0.558970, 0.807349,
		0.615611, 0.708011, 0.346040,
		-0.765038, 0.431593, 0.477959,
		25.686937, 45.219303, 32.891674>
	pigment { color rgbt <0,1,1,0> }
	no_shadow
}
cylinder {
	<26.430513, 45.062870, 33.294331>,  <26.222464, 44.917187, 32.557102>, 0.130000
	pigment { color rgbt <1,0,0,0> }
	no_shadow
}

// nucleotide -1

// particle -1
sphere {
	<26.430513, 45.062870, 33.294331> 0.250000
	pigment { color rgbt <1,0,0,0> }
	no_shadow
}
cylinder {
	<26.030617, 45.067802, 33.286713>,  <25.790678, 45.070763, 33.282143>, 0.100000
	pigment { color rgbt <1,0,0,0> }
	no_shadow
}
cylinder {
	<26.030617, 45.067802, 33.286713>,  <26.430513, 45.062870, 33.294331>, 0.100000
	pigment { color rgbt <1,0,0,0> }
	no_shadow
}

// particle -1
sphere {
	<26.030617, 45.067802, 33.286713> 0.100000
	pigment { color rgbt <1,0,0,0> }
	no_shadow
}
sphere {
	0, 1
	scale<0.080000,0.200000,0.300000>
	matrix <-0.022378, -0.674031, 0.738364,
		-0.003737, 0.738600, 0.674133,
		-0.999743, 0.012327, -0.019047,
		25.730694, 45.071499, 33.280998>
	pigment { color rgbt <0,1,1,0> }
	no_shadow
}
cylinder {
	<26.184324, 45.091766, 33.994572>,  <26.430513, 45.062870, 33.294331>, 0.130000
	pigment { color rgbt <1,0,0,0> }
	no_shadow
}

// nucleotide -1

// particle -1
sphere {
	<26.184324, 45.091766, 33.994572> 0.250000
	pigment { color rgbt <1,0,0,0> }
	no_shadow
}
cylinder {
	<25.884119, 44.940266, 33.777950>,  <25.703997, 44.849365, 33.647976>, 0.100000
	pigment { color rgbt <1,0,0,0> }
	no_shadow
}
cylinder {
	<25.884119, 44.940266, 33.777950>,  <26.184324, 45.091766, 33.994572>, 0.100000
	pigment { color rgbt <1,0,0,0> }
	no_shadow
}

// particle -1
sphere {
	<25.884119, 44.940266, 33.777950> 0.100000
	pigment { color rgbt <1,0,0,0> }
	no_shadow
}
sphere {
	0, 1
	scale<0.080000,0.200000,0.300000>
	matrix <-0.111436, -0.735206, 0.668621,
		-0.651393, 0.562157, 0.509575,
		-0.750513, -0.378749, -0.541553,
		25.658966, 44.826641, 33.615486>
	pigment { color rgbt <0,1,1,0> }
	no_shadow
}
cylinder {
	<25.633434, 44.963104, 34.501617>,  <26.184324, 45.091766, 33.994572>, 0.130000
	pigment { color rgbt <1,0,0,0> }
	no_shadow
}

// nucleotide -1

// particle -1
sphere {
	<25.633434, 44.963104, 34.501617> 0.250000
	pigment { color rgbt <1,0,0,0> }
	no_shadow
}
cylinder {
	<25.590666, 44.740891, 34.171780>,  <25.565004, 44.607563, 33.973877>, 0.100000
	pigment { color rgbt <1,0,0,0> }
	no_shadow
}
cylinder {
	<25.590666, 44.740891, 34.171780>,  <25.633434, 44.963104, 34.501617>, 0.100000
	pigment { color rgbt <1,0,0,0> }
	no_shadow
}

// particle -1
sphere {
	<25.590666, 44.740891, 34.171780> 0.100000
	pigment { color rgbt <1,0,0,0> }
	no_shadow
}
sphere {
	0, 1
	scale<0.080000,0.200000,0.300000>
	matrix <-0.145508, -0.811675, 0.565696,
		-0.983563, 0.180469, 0.005949,
		-0.106919, -0.555532, -0.824592,
		25.558590, 44.574230, 33.924400>
	pigment { color rgbt <0,1,1,0> }
	no_shadow
}
cylinder {
	<25.083570, 44.612629, 34.639317>,  <25.633434, 44.963104, 34.501617>, 0.130000
	pigment { color rgbt <1,0,0,0> }
	no_shadow
}

// nucleotide -1

// particle -1
sphere {
	<25.083570, 44.612629, 34.639317> 0.250000
	pigment { color rgbt <1,0,0,0> }
	no_shadow
}
cylinder {
	<25.273050, 44.397221, 34.360577>,  <25.386738, 44.267975, 34.193333>, 0.100000
	pigment { color rgbt <1,0,0,0> }
	no_shadow
}
cylinder {
	<25.273050, 44.397221, 34.360577>,  <25.083570, 44.612629, 34.639317>, 0.100000
	pigment { color rgbt <1,0,0,0> }
	no_shadow
}

// particle -1
sphere {
	<25.273050, 44.397221, 34.360577> 0.100000
	pigment { color rgbt <1,0,0,0> }
	no_shadow
}
sphere {
	0, 1
	scale<0.080000,0.200000,0.300000>
	matrix <-0.151159, -0.829234, 0.538072,
		-0.867616, -0.149550, -0.474211,
		0.473701, -0.538522, -0.696851,
		25.415161, 44.235664, 34.151520>
	pigment { color rgbt <0,1,1,0> }
	no_shadow
}
cylinder {
	<24.863758, 44.014702, 34.740208>,  <25.083570, 44.612629, 34.639317>, 0.130000
	pigment { color rgbt <1,0,0,0> }
	no_shadow
}

// nucleotide -1

// particle -1
sphere {
	<24.863758, 44.014702, 34.740208> 0.250000
	pigment { color rgbt <1,0,0,0> }
	no_shadow
}
cylinder {
	<25.165981, 43.914452, 34.498112>,  <25.347315, 43.854301, 34.352852>, 0.100000
	pigment { color rgbt <1,0,0,0> }
	no_shadow
}
cylinder {
	<25.165981, 43.914452, 34.498112>,  <24.863758, 44.014702, 34.740208>, 0.100000
	pigment { color rgbt <1,0,0,0> }
	no_shadow
}

// particle -1
sphere {
	<25.165981, 43.914452, 34.498112> 0.100000
	pigment { color rgbt <1,0,0,0> }
	no_shadow
}
sphere {
	0, 1
	scale<0.080000,0.200000,0.300000>
	matrix <-0.039780, -0.939766, 0.339496,
		-0.653875, -0.232432, -0.720016,
		0.755556, -0.250630, -0.605243,
		25.392649, 43.839264, 34.316540>
	pigment { color rgbt <0,1,1,0> }
	no_shadow
}
cylinder {
	<24.566441, 43.429798, 34.253830>,  <24.863758, 44.014702, 34.740208>, 0.130000
	pigment { color rgbt <1,0,0,0> }
	no_shadow
}

// nucleotide -1

// particle -1
sphere {
	<24.566441, 43.429798, 34.253830> 0.250000
	pigment { color rgbt <1,0,0,0> }
	no_shadow
}
cylinder {
	<24.965019, 43.418087, 34.285419>,  <25.204166, 43.411060, 34.304375>, 0.100000
	pigment { color rgbt <1,0,0,0> }
	no_shadow
}
cylinder {
	<24.965019, 43.418087, 34.285419>,  <24.566441, 43.429798, 34.253830>, 0.100000
	pigment { color rgbt <1,0,0,0> }
	no_shadow
}

// particle -1
sphere {
	<24.965019, 43.418087, 34.285419> 0.100000
	pigment { color rgbt <1,0,0,0> }
	no_shadow
}
sphere {
	0, 1
	scale<0.080000,0.200000,0.300000>
	matrix <-0.040342, -0.988993, 0.142358,
		0.073939, -0.145039, -0.986660,
		0.996447, -0.029278, 0.078976,
		25.263952, 43.409302, 34.309113>
	pigment { color rgbt <0,1,1,0> }
	no_shadow
}
cylinder {
	<24.766754, 42.904114, 33.806946>,  <24.566441, 43.429798, 34.253830>, 0.130000
	pigment { color rgbt <1,0,0,0> }
	no_shadow
}

// nucleotide -1

// particle -1
sphere {
	<24.766754, 42.904114, 33.806946> 0.250000
	pigment { color rgbt <1,0,0,0> }
	no_shadow
}
cylinder {
	<25.044008, 42.983974, 34.083988>,  <25.210361, 43.031891, 34.250214>, 0.100000
	pigment { color rgbt <1,0,0,0> }
	no_shadow
}
cylinder {
	<25.044008, 42.983974, 34.083988>,  <24.766754, 42.904114, 33.806946>, 0.100000
	pigment { color rgbt <1,0,0,0> }
	no_shadow
}

// particle -1
sphere {
	<25.044008, 42.983974, 34.083988> 0.100000
	pigment { color rgbt <1,0,0,0> }
	no_shadow
}
sphere {
	0, 1
	scale<0.080000,0.200000,0.300000>
	matrix <0.065439, -0.974337, 0.215371,
		0.717829, -0.103958, -0.688414,
		0.693137, 0.199649, 0.692605,
		25.251949, 43.043869, 34.291771>
	pigment { color rgbt <0,1,1,0> }
	no_shadow
}
cylinder {
	<25.219463, 42.351246, 33.729954>,  <24.766754, 42.904114, 33.806946>, 0.130000
	pigment { color rgbt <1,0,0,0> }
	no_shadow
}

// nucleotide -1

// particle -1
sphere {
	<25.219463, 42.351246, 33.729954> 0.250000
	pigment { color rgbt <1,0,0,0> }
	no_shadow
}
cylinder {
	<25.328463, 42.503139, 34.083572>,  <25.393862, 42.594276, 34.295746>, 0.100000
	pigment { color rgbt <1,0,0,0> }
	no_shadow
}
cylinder {
	<25.328463, 42.503139, 34.083572>,  <25.219463, 42.351246, 33.729954>, 0.100000
	pigment { color rgbt <1,0,0,0> }
	no_shadow
}

// particle -1
sphere {
	<25.328463, 42.503139, 34.083572> 0.100000
	pigment { color rgbt <1,0,0,0> }
	no_shadow
}
sphere {
	0, 1
	scale<0.080000,0.200000,0.300000>
	matrix <0.034751, -0.922108, 0.385369,
