// switches for output
#declare DRAW_BASES = 1; // possible values are 0, 1; only relevant for DNA ribbons
#declare DRAW_BASES_TYPE = 3; // possible values are 1, 2, 3; only relevant for DNA ribbons
#declare DRAW_FOG = 0; // set to 1 to enable fog

#include "colors.inc"

#include "transforms.inc"
background { rgb <1, 1, 1>}

#default {
   normal{
       ripples 0.25
       frequency 0.20
       turbulence 0.2
       lambda 5
   }
	finish {
		phong 0.1
		phong_size 40.
	}
}

// original window dimensions: 1024x640


// camera settings

camera {
	sky <0, 0.179814, -0.983701>
	up <0, 0.179814, -0.983701>
	right 1.6 * <1, 0, 0>
	location <35, 94.9851, 44.8844>
	look_at <35, 29.7336, 32.9568>
	direction <0, -65.2515, -11.9276>
	angle 67.0682
}


# declare cpy_camera_pos = <35, 94.9851, 44.8844>;
# if (DRAW_FOG = 1)
fog {
	fog_type 2
	up vnormalize(cpy_camera_pos)
	color rgbt<1,1,1,0.3>
	distance 1e-5
	fog_alt 3e-3
	fog_offset 56
}
# end


// LIGHTS

# declare lum = 6;
global_settings {
	ambient_light rgb lum * <0.05, 0.05, 0.05>
	max_trace_level 15
}# declare cpy_direct_light_amount = 0.25;
light_source
{	1000 * <-1, -1.16352, -0.803886>,
	rgb lum * cpy_direct_light_amount
	parallel
}

light_source
{	1000 * <1, 1.16352, 0.803886>,
	rgb lum * cpy_direct_light_amount
	parallel
}

// strand 0

// nucleotide -1

// particle -1
sphere {
	<23.925713, 34.926327, 35.090595> 0.250000
	pigment { color rgbt <1,0,0,0> }
	no_shadow
}
cylinder {
	<24.277794, 35.102200, 35.019131>,  <24.489042, 35.207722, 34.976250>, 0.100000
	pigment { color rgbt <1,0,0,0> }
	no_shadow
}
cylinder {
	<24.277794, 35.102200, 35.019131>,  <23.925713, 34.926327, 35.090595>, 0.100000
	pigment { color rgbt <1,0,0,0> }
	no_shadow
}

// particle -1
sphere {
	<24.277794, 35.102200, 35.019131> 0.100000
	pigment { color rgbt <1,0,0,0> }
	no_shadow
}
sphere {
	0, 1
	scale<0.080000,0.200000,0.300000>
	matrix <0.449367, -0.893209, 0.015726,
		-0.152671, -0.094129, -0.983784,
		0.880205, 0.439679, -0.178665,
		24.541855, 35.234104, 34.965530>
	pigment { color rgbt <0,1,1,0> }
	no_shadow
}
cylinder {
	<24.227262, 34.700188, 34.423035>,  <23.925713, 34.926327, 35.090595>, 0.130000
	pigment { color rgbt <1,0,0,0> }
	no_shadow
}

// nucleotide -1

// particle -1
sphere {
	<24.227262, 34.700188, 34.423035> 0.250000
	pigment { color rgbt <1,0,0,0> }
	no_shadow
}
cylinder {
	<24.478632, 34.795101, 34.719353>,  <24.629454, 34.852051, 34.897144>, 0.100000
	pigment { color rgbt <1,0,0,0> }
	no_shadow
}
cylinder {
	<24.478632, 34.795101, 34.719353>,  <24.227262, 34.700188, 34.423035>, 0.100000
	pigment { color rgbt <1,0,0,0> }
	no_shadow
}

// particle -1
sphere {
	<24.478632, 34.795101, 34.719353> 0.100000
	pigment { color rgbt <1,0,0,0> }
	no_shadow
}
sphere {
	0, 1
	scale<0.080000,0.200000,0.300000>
	matrix <0.362320, -0.932012, -0.008822,
		0.688339, 0.273949, -0.671670,
		0.628422, 0.237287, 0.740798,
		24.667158, 34.866287, 34.941593>
	pigment { color rgbt <0,1,1,0> }
	no_shadow
}
cylinder {
	<24.916969, 34.469082, 34.280117>,  <24.227262, 34.700188, 34.423035>, 0.130000
	pigment { color rgbt <1,0,0,0> }
	no_shadow
}

// nucleotide -1

// particle -1
sphere {
	<24.916969, 34.469082, 34.280117> 0.250000
	pigment { color rgbt <1,0,0,0> }
	no_shadow
}
cylinder {
	<24.932714, 34.491173, 34.679195>,  <24.942162, 34.504425, 34.918644>, 0.100000
	pigment { color rgbt <1,0,0,0> }
	no_shadow
}
cylinder {
	<24.932714, 34.491173, 34.679195>,  <24.916969, 34.469082, 34.280117>, 0.100000
	pigment { color rgbt <1,0,0,0> }
	no_shadow
}

// particle -1
sphere {
	<24.932714, 34.491173, 34.679195> 0.100000
	pigment { color rgbt <1,0,0,0> }
	no_shadow
}
sphere {
	0, 1
	scale<0.080000,0.200000,0.300000>
	matrix <0.361680, -0.931556, 0.037295,
		0.931471, 0.359380, -0.056639,
		0.039360, 0.055224, 0.997698,
		24.944523, 34.507740, 34.978504>
	pigment { color rgbt <0,1,1,0> }
	no_shadow
}
cylinder {
	<25.386610, 33.944027, 34.340237>,  <24.916969, 34.469082, 34.280117>, 0.130000
	pigment { color rgbt <1,0,0,0> }
	no_shadow
}

// nucleotide -1

// particle -1
sphere {
	<25.386610, 33.944027, 34.340237> 0.250000
	pigment { color rgbt <1,0,0,0> }
	no_shadow
}
cylinder {
	<25.263832, 34.032330, 34.710545>,  <25.190165, 34.085312, 34.932728>, 0.100000
	pigment { color rgbt <1,0,0,0> }
	no_shadow
}
cylinder {
	<25.263832, 34.032330, 34.710545>,  <25.386610, 33.944027, 34.340237>, 0.100000
	pigment { color rgbt <1,0,0,0> }
	no_shadow
}

// particle -1
sphere {
	<25.263832, 34.032330, 34.710545> 0.100000
	pigment { color rgbt <1,0,0,0> }
	no_shadow
}
sphere {
	0, 1
	scale<0.080000,0.200000,0.300000>
	matrix <0.573116, -0.733710, 0.364976,
		0.759817, 0.642603, 0.098693,
		-0.306946, 0.220753, 0.925771,
		25.171749, 34.098557, 34.988277>
	pigment { color rgbt <0,1,1,0> }
	no_shadow
}
cylinder {
	<25.942293, 33.987961, 34.790291>,  <25.386610, 33.944027, 34.340237>, 0.130000
	pigment { color rgbt <1,0,0,0> }
	no_shadow
}

// nucleotide -1

// particle -1
sphere {
	<25.942293, 33.987961, 34.790291> 0.250000
	pigment { color rgbt <1,0,0,0> }
	no_shadow
}
cylinder {
	<25.637764, 33.903294, 35.035431>,  <25.455046, 33.852493, 35.182514>, 0.100000
	pigment { color rgbt <1,0,0,0> }
	no_shadow
}
cylinder {
	<25.637764, 33.903294, 35.035431>,  <25.942293, 33.987961, 34.790291>, 0.100000
	pigment { color rgbt <1,0,0,0> }
	no_shadow
}

// particle -1
sphere {
	<25.637764, 33.903294, 35.035431> 0.100000
	pigment { color rgbt <1,0,0,0> }
	no_shadow
}
sphere {
	0, 1
	scale<0.080000,0.200000,0.300000>
	matrix <0.527328, -0.752090, 0.395330,
		0.377240, 0.624147, 0.684200,
		-0.761324, -0.211663, 0.612849,
		25.409367, 33.839794, 35.219284>
	pigment { color rgbt <0,1,1,0> }
	no_shadow
}
cylinder {
	<26.268084, 33.897636, 35.480473>,  <25.942293, 33.987961, 34.790291>, 0.130000
	pigment { color rgbt <1,0,0,0> }
	no_shadow
}

// nucleotide -1

// particle -1
sphere {
	<26.268084, 33.897636, 35.480473> 0.250000
	pigment { color rgbt <1,0,0,0> }
	no_shadow
}
cylinder {
	<25.929930, 33.693298, 35.418037>,  <25.727037, 33.570694, 35.380577>, 0.100000
	pigment { color rgbt <1,0,0,0> }
	no_shadow
}
cylinder {
	<25.929930, 33.693298, 35.418037>,  <26.268084, 33.897636, 35.480473>, 0.100000
	pigment { color rgbt <1,0,0,0> }
	no_shadow
}

// particle -1
sphere {
	<25.929930, 33.693298, 35.418037> 0.100000
	pigment { color rgbt <1,0,0,0> }
	no_shadow
}
sphere {
	0, 1
	scale<0.080000,0.200000,0.300000>
	matrix <0.462696, -0.846330, 0.263890,
		-0.266908, 0.150868, 0.951840,
		-0.845383, -0.510847, -0.156086,
		25.676315, 33.540043, 35.371212>
	pigment { color rgbt <0,1,1,0> }
	no_shadow
}
cylinder {
	<25.952362, 33.531994, 36.131016>,  <26.268084, 33.897636, 35.480473>, 0.130000
	pigment { color rgbt <1,0,0,0> }
	no_shadow
}

// nucleotide -1

// particle -1
sphere {
	<25.952362, 33.531994, 36.131016> 0.250000
	pigment { color rgbt <1,0,0,0> }
	no_shadow
}
cylinder {
	<25.874174, 33.345356, 35.785976>,  <25.827261, 33.233372, 35.578953>, 0.100000
	pigment { color rgbt <1,0,0,0> }
	no_shadow
}
cylinder {
	<25.874174, 33.345356, 35.785976>,  <25.952362, 33.531994, 36.131016>, 0.100000
	pigment { color rgbt <1,0,0,0> }
	no_shadow
}

// particle -1
sphere {
	<25.874174, 33.345356, 35.785976> 0.100000
	pigment { color rgbt <1,0,0,0> }
	no_shadow
}
sphere {
	0, 1
	scale<0.080000,0.200000,0.300000>
	matrix <0.366040, -0.850716, 0.377223,
		-0.909839, -0.242010, 0.337081,
		-0.195468, -0.466598, -0.862600,
		25.815533, 33.205376, 35.527195>
	pigment { color rgbt <0,1,1,0> }
	no_shadow
}
cylinder {
	<25.651588, 32.888176, 36.254478>,  <25.952362, 33.531994, 36.131016>, 0.130000
	pigment { color rgbt <1,0,0,0> }
	no_shadow
}

// nucleotide -1

// particle -1
sphere {
	<25.651588, 32.888176, 36.254478> 0.250000
	pigment { color rgbt <1,0,0,0> }
	no_shadow
}
cylinder {
	<25.802469, 32.864735, 35.884769>,  <25.892998, 32.850670, 35.662945>, 0.100000
	pigment { color rgbt <1,0,0,0> }
	no_shadow
}
cylinder {
	<25.802469, 32.864735, 35.884769>,  <25.651588, 32.888176, 36.254478>, 0.100000
	pigment { color rgbt <1,0,0,0> }
	no_shadow
}

// particle -1
sphere {
	<25.802469, 32.864735, 35.884769> 0.100000
	pigment { color rgbt <1,0,0,0> }
	no_shadow
}
sphere {
	0, 1
	scale<0.080000,0.200000,0.300000>
	matrix <0.401437, -0.889023, 0.220197,
		-0.834605, -0.454097, -0.311818,
		0.377204, -0.058602, -0.924274,
		25.915630, 32.847153, 35.607487>
	pigment { color rgbt <0,1,1,0> }
	no_shadow
}
cylinder {
	<25.980330, 32.185802, 36.309193>,  <25.651588, 32.888176, 36.254478>, 0.130000
	pigment { color rgbt <1,0,0,0> }
	no_shadow
}

// nucleotide -1

// particle -1
sphere {
	<25.980330, 32.185802, 36.309193> 0.250000
	pigment { color rgbt <1,0,0,0> }
	no_shadow
}
cylinder {
	<26.058176, 32.346195, 35.951122>,  <26.104885, 32.442432, 35.736282>, 0.100000
	pigment { color rgbt <1,0,0,0> }
	no_shadow
}
cylinder {
	<26.058176, 32.346195, 35.951122>,  <25.980330, 32.185802, 36.309193>, 0.100000
	pigment { color rgbt <1,0,0,0> }
	no_shadow
}

// particle -1
sphere {
	<26.058176, 32.346195, 35.951122> 0.100000
	pigment { color rgbt <1,0,0,0> }
	no_shadow
}
sphere {
	0, 1
	scale<0.080000,0.200000,0.300000>
	matrix <0.435578, -0.853033, -0.287412,
		-0.878860, -0.333982, -0.340677,
		0.194618, 0.400986, -0.895172,
		26.116562, 32.466492, 35.682571>
	pigment { color rgbt <0,1,1,0> }
	no_shadow
}
cylinder {
	<25.617086, 31.893616, 35.662487>,  <25.980330, 32.185802, 36.309193>, 0.130000
	pigment { color rgbt <1,0,0,0> }
	no_shadow
}

// nucleotide -1

// particle -1
sphere {
	<25.617086, 31.893616, 35.662487> 0.250000
	pigment { color rgbt <1,0,0,0> }
	no_shadow
}
cylinder {
	<25.973364, 32.042263, 35.557751>,  <26.187130, 32.131451, 35.494907>, 0.100000
	pigment { color rgbt <1,0,0,0> }
	no_shadow
}
cylinder {
	<25.973364, 32.042263, 35.557751>,  <25.617086, 31.893616, 35.662487>, 0.100000
	pigment { color rgbt <1,0,0,0> }
	no_shadow
}

// particle -1
sphere {
	<25.973364, 32.042263, 35.557751> 0.100000
	pigment { color rgbt <1,0,0,0> }
	no_shadow
}
sphere {
	0, 1
	scale<0.080000,0.200000,0.300000>
	matrix <0.306513, -0.916293, -0.257794,
		-0.335728, 0.149357, -0.930043,
		0.890695, 0.371618, -0.261845,
		26.240572, 32.153748, 35.479198>
	pigment { color rgbt <0,1,1,0> }
	no_shadow
}
cylinder {
	<25.741997, 31.402048, 35.156425>,  <25.617086, 31.893616, 35.662487>, 0.130000
	pigment { color rgbt <1,0,0,0> }
	no_shadow
}

// nucleotide -1

// particle -1
sphere {
	<25.741997, 31.402048, 35.156425> 0.250000
	pigment { color rgbt <1,0,0,0> }
	no_shadow
}
cylinder {
	<26.091021, 31.561134, 35.269890>,  <26.300434, 31.656586, 35.337971>, 0.100000
	pigment { color rgbt <1,0,0,0> }
	no_shadow
}
cylinder {
	<26.091021, 31.561134, 35.269890>,  <25.741997, 31.402048, 35.156425>, 0.100000
	pigment { color rgbt <1,0,0,0> }
	no_shadow
}

// particle -1
sphere {
	<26.091021, 31.561134, 35.269890> 0.100000
	pigment { color rgbt <1,0,0,0> }
	no_shadow
}
sphere {
	0, 1
	scale<0.080000,0.200000,0.300000>
	matrix <0.474634, -0.827623, -0.299604,
		0.115610, 0.396058, -0.910918,
		0.872558, 0.397715, 0.283664,
		26.352787, 31.680449, 35.354988>
	pigment { color rgbt <0,1,1,0> }
	no_shadow
}
cylinder {
	<26.061939, 31.528194, 34.488190>,  <25.741997, 31.402048, 35.156425>, 0.130000
	pigment { color rgbt <1,0,0,0> }
	no_shadow
}

// nucleotide -1

// particle -1
sphere {
	<26.061939, 31.528194, 34.488190> 0.250000
	pigment { color rgbt <1,0,0,0> }
	no_shadow
}
cylinder {
	<26.351692, 31.519938, 34.763824>,  <26.525543, 31.514984, 34.929207>, 0.100000
	pigment { color rgbt <1,0,0,0> }
	no_shadow
}
cylinder {
	<26.351692, 31.519938, 34.763824>,  <26.061939, 31.528194, 34.488190>, 0.100000
	pigment { color rgbt <1,0,0,0> }
	no_shadow
}

// particle -1
sphere {
	<26.351692, 31.519938, 34.763824> 0.100000
	pigment { color rgbt <1,0,0,0> }
	no_shadow
}
sphere {
	0, 1
	scale<0.080000,0.200000,0.300000>
	matrix <0.398400, -0.803211, -0.442865,
		0.562627, 0.595336, -0.573608,
		0.724382, -0.020642, 0.689090,
		26.569006, 31.513744, 34.970551>
	pigment { color rgbt <0,1,1,0> }
	no_shadow
}
cylinder {
	<26.637112, 31.526989, 34.131542>,  <26.061939, 31.528194, 34.488190>, 0.130000
	pigment { color rgbt <1,0,0,0> }
	no_shadow
}

// nucleotide -1

// particle -1
sphere {
	<26.637112, 31.526989, 34.131542> 0.250000
	pigment { color rgbt <1,0,0,0> }
	no_shadow
}
cylinder {
	<26.743155, 31.383915, 34.489712>,  <26.806780, 31.298071, 34.704613>, 0.100000
	pigment { color rgbt <1,0,0,0> }
	no_shadow
}
cylinder {
	<26.743155, 31.383915, 34.489712>,  <26.637112, 31.526989, 34.131542>, 0.100000
	pigment { color rgbt <1,0,0,0> }
	no_shadow
}

// particle -1
sphere {
	<26.743155, 31.383915, 34.489712> 0.100000
	pigment { color rgbt <1,0,0,0> }
	no_shadow
}
sphere {
	0, 1
	scale<0.080000,0.200000,0.300000>
	matrix <0.520569, -0.728584, -0.445166,
		0.811619, 0.584146, -0.006955,
		0.265109, -0.357684, 0.895421,
		26.822687, 31.276609, 34.758339>
	pigment { color rgbt <0,1,1,0> }
	no_shadow
}
cylinder {
	<27.304235, 31.370180, 34.073811>,  <26.637112, 31.526989, 34.131542>, 0.130000
	pigment { color rgbt <1,0,0,0> }
	no_shadow
}

// nucleotide -1

// particle -1
sphere {
	<27.304235, 31.370180, 34.073811> 0.250000
	pigment { color rgbt <1,0,0,0> }
	no_shadow
}
cylinder {
	<27.186632, 31.153517, 34.388813>,  <27.116070, 31.023520, 34.577816>, 0.100000
	pigment { color rgbt <1,0,0,0> }
	no_shadow
}
cylinder {
	<27.186632, 31.153517, 34.388813>,  <27.304235, 31.370180, 34.073811>, 0.100000
	pigment { color rgbt <1,0,0,0> }
	no_shadow
}

// particle -1
sphere {
	<27.186632, 31.153517, 34.388813> 0.100000
	pigment { color rgbt <1,0,0,0> }
	no_shadow
}
sphere {
	0, 1
	scale<0.080000,0.200000,0.300000>
	matrix <0.656515, -0.713251, -0.245481,
		0.694656, 0.444837, 0.565307,
		-0.294007, -0.541658, 0.787507,
		27.098431, 30.991020, 34.625065>
	pigment { color rgbt <0,1,1,0> }
	no_shadow
}
cylinder {
	<27.884584, 31.001707, 34.270424>,  <27.304235, 31.370180, 34.073811>, 0.130000
	pigment { color rgbt <1,0,0,0> }
	no_shadow
}

// nucleotide -1

// particle -1
sphere {
	<27.884584, 31.001707, 34.270424> 0.250000
	pigment { color rgbt <1,0,0,0> }
	no_shadow
}
cylinder {
	<27.587076, 30.807800, 34.454514>,  <27.408571, 30.691456, 34.564968>, 0.100000
	pigment { color rgbt <1,0,0,0> }
	no_shadow
}
cylinder {
	<27.587076, 30.807800, 34.454514>,  <27.884584, 31.001707, 34.270424>, 0.100000
	pigment { color rgbt <1,0,0,0> }
	no_shadow
}

// particle -1
sphere {
	<27.587076, 30.807800, 34.454514> 0.100000
	pigment { color rgbt <1,0,0,0> }
	no_shadow
}
sphere {
	0, 1
	scale<0.080000,0.200000,0.300000>
	matrix <0.525709, -0.849464, -0.045166,
		0.412841, 0.208353, 0.886652,
		-0.743769, -0.484767, 0.460227,
		27.363945, 30.662371, 34.592583>
	pigment { color rgbt <0,1,1,0> }
	no_shadow
}
cylinder {
	<28.219053, 30.596672, 34.862061>,  <27.884584, 31.001707, 34.270424>, 0.130000
	pigment { color rgbt <1,0,0,0> }
	no_shadow
}

// nucleotide -1

// particle -1
sphere {
	<28.219053, 30.596672, 34.862061> 0.250000
	pigment { color rgbt <1,0,0,0> }
	no_shadow
}
cylinder {
	<27.867167, 30.421041, 34.789055>,  <27.656034, 30.315662, 34.745251>, 0.100000
	pigment { color rgbt <1,0,0,0> }
	no_shadow
}
cylinder {
	<27.867167, 30.421041, 34.789055>,  <28.219053, 30.596672, 34.862061>, 0.100000
	pigment { color rgbt <1,0,0,0> }
	no_shadow
}

// particle -1
sphere {
	<27.867167, 30.421041, 34.789055> 0.100000
	pigment { color rgbt <1,0,0,0> }
	no_shadow
}
sphere {
	0, 1
	scale<0.080000,0.200000,0.300000>
	matrix <0.464169, -0.876268, -0.129235,
		-0.103185, -0.198406, 0.974673,
		-0.879716, -0.439077, -0.182512,
		27.603252, 30.289318, 34.734303>
	pigment { color rgbt <0,1,1,0> }
	no_shadow
}
cylinder {
	<28.316849, 29.961475, 35.246056>,  <28.219053, 30.596672, 34.862061>, 0.130000
	pigment { color rgbt <1,0,0,0> }
	no_shadow
}

// nucleotide -1

// particle -1
sphere {
	<28.316849, 29.961475, 35.246056> 0.250000
	pigment { color rgbt <1,0,0,0> }
	no_shadow
}
cylinder {
	<28.046221, 29.912947, 34.955528>,  <27.883844, 29.883829, 34.781212>, 0.100000
	pigment { color rgbt <1,0,0,0> }
	no_shadow
}
cylinder {
	<28.046221, 29.912947, 34.955528>,  <28.316849, 29.961475, 35.246056>, 0.100000
	pigment { color rgbt <1,0,0,0> }
	no_shadow
}

// particle -1
sphere {
	<28.046221, 29.912947, 34.955528> 0.100000
	pigment { color rgbt <1,0,0,0> }
	no_shadow
}
sphere {
	0, 1
	scale<0.080000,0.200000,0.300000>
	matrix <0.469698, -0.830737, -0.298763,
		-0.567132, -0.543284, 0.619035,
		-0.676568, -0.121321, -0.726317,
		27.843250, 29.876551, 34.737633>
	pigment { color rgbt <0,1,1,0> }
	no_shadow
}
cylinder {
	<28.017637, 29.258326, 35.338276>,  <28.316849, 29.961475, 35.246056>, 0.130000
	pigment { color rgbt <1,0,0,0> }
	no_shadow
}

// nucleotide -1

// particle -1
sphere {
	<28.017637, 29.258326, 35.338276> 0.250000
	pigment { color rgbt <1,0,0,0> }
	no_shadow
}
cylinder {
	<27.940828, 29.358484, 34.958714>,  <27.894743, 29.418579, 34.730976>, 0.100000
	pigment { color rgbt <1,0,0,0> }
	no_shadow
}
cylinder {
	<27.940828, 29.358484, 34.958714>,  <28.017637, 29.258326, 35.338276>, 0.100000
	pigment { color rgbt <1,0,0,0> }
	no_shadow
}

// particle -1
sphere {
	<27.940828, 29.358484, 34.958714> 0.100000
	pigment { color rgbt <1,0,0,0> }
	no_shadow
}
sphere {
	0, 1
	scale<0.080000,0.200000,0.300000>
	matrix <0.540063, -0.780368, -0.315211,
		-0.819426, -0.572998, 0.014620,
		-0.192024, 0.250397, -0.948909,
		27.883221, 29.433603, 34.674042>
	pigment { color rgbt <0,1,1,0> }
	no_shadow
}
cylinder {
	<27.957050, 28.620255, 34.996063>,  <28.017637, 29.258326, 35.338276>, 0.130000
	pigment { color rgbt <1,0,0,0> }
	no_shadow
}

// nucleotide -1

// particle -1
sphere {
	<27.957050, 28.620255, 34.996063> 0.250000
	pigment { color rgbt <1,0,0,0> }
	no_shadow
}
cylinder {
	<28.043890, 28.885708, 34.709717>,  <28.095995, 29.044979, 34.537910>, 0.100000
	pigment { color rgbt <1,0,0,0> }
	no_shadow
}
cylinder {
	<28.043890, 28.885708, 34.709717>,  <27.957050, 28.620255, 34.996063>, 0.100000
	pigment { color rgbt <1,0,0,0> }
	no_shadow
}

// particle -1
sphere {
	<28.043890, 28.885708, 34.709717> 0.100000
	pigment { color rgbt <1,0,0,0> }
	no_shadow
}
sphere {
	0, 1
	scale<0.080000,0.200000,0.300000>
	matrix <0.621484, -0.659485, -0.422890,
		-0.752745, -0.353088, -0.555612,
		0.217100, 0.663633, -0.715863,
		28.109020, 29.084797, 34.494957>
	pigment { color rgbt <0,1,1,0> }
	no_shadow
}
cylinder {
	<28.050741, 28.179958, 34.360832>,  <27.957050, 28.620255, 34.996063>, 0.130000
	pigment { color rgbt <1,0,0,0> }
	no_shadow
}

// nucleotide -1

// particle -1
sphere {
	<28.050741, 28.179958, 34.360832> 0.250000
	pigment { color rgbt <1,0,0,0> }
	no_shadow
}
cylinder {
	<28.222391, 28.534792, 34.292797>,  <28.325380, 28.747692, 34.251976>, 0.100000
	pigment { color rgbt <1,0,0,0> }
	no_shadow
}
cylinder {
	<28.222391, 28.534792, 34.292797>,  <28.050741, 28.179958, 34.360832>, 0.100000
	pigment { color rgbt <1,0,0,0> }
	no_shadow
}

// particle -1
sphere {
	<28.222391, 28.534792, 34.292797> 0.100000
	pigment { color rgbt <1,0,0,0> }
	no_shadow
}
sphere {
	0, 1
	scale<0.080000,0.200000,0.300000>
	matrix <0.790163, -0.459916, -0.405118,
		-0.437602, 0.039445, -0.898303,
		0.429123, 0.887086, -0.170092,
		28.351128, 28.800919, 34.241768>
	pigment { color rgbt <0,1,1,0> }
	no_shadow
}
cylinder {
	<28.155109, 28.259911, 33.617138>,  <28.050741, 28.179958, 34.360832>, 0.130000
	pigment { color rgbt <1,0,0,0> }
	no_shadow
}

// nucleotide -1

// particle -1
sphere {
	<28.155109, 28.259911, 33.617138> 0.250000
	pigment { color rgbt <1,0,0,0> }
	no_shadow
}
cylinder {
	<28.416107, 28.523258, 33.767235>,  <28.572706, 28.681267, 33.857292>, 0.100000
	pigment { color rgbt <1,0,0,0> }
	no_shadow
}
cylinder {
	<28.416107, 28.523258, 33.767235>,  <28.155109, 28.259911, 33.617138>, 0.100000
	pigment { color rgbt <1,0,0,0> }
	no_shadow
}

// particle -1
sphere {
	<28.416107, 28.523258, 33.767235> 0.100000
	pigment { color rgbt <1,0,0,0> }
	no_shadow
}
sphere {
	0, 1
	scale<0.080000,0.200000,0.300000>
	matrix <0.751008, -0.495681, -0.436218,
		-0.101194, 0.566436, -0.817869,
		0.652492, 0.658369, 0.375238,
		28.611855, 28.720770, 33.879807>
	pigment { color rgbt <0,1,1,0> }
	no_shadow
}
cylinder {
	<28.617350, 28.350765, 33.080078>,  <28.155109, 28.259911, 33.617138>, 0.130000
	pigment { color rgbt <1,0,0,0> }
	no_shadow
}

// nucleotide -1

// particle -1
sphere {
	<28.617350, 28.350765, 33.080078> 0.250000
	pigment { color rgbt <1,0,0,0> }
	no_shadow
}
cylinder {
	<28.839287, 28.502878, 33.376060>,  <28.972448, 28.594145, 33.553650>, 0.100000
	pigment { color rgbt <1,0,0,0> }
	no_shadow
}
cylinder {
	<28.839287, 28.502878, 33.376060>,  <28.617350, 28.350765, 33.080078>, 0.100000
	pigment { color rgbt <1,0,0,0> }
	no_shadow
}

// particle -1
sphere {
	<28.839287, 28.502878, 33.376060> 0.100000
	pigment { color rgbt <1,0,0,0> }
	no_shadow
}
sphere {
	0, 1
	scale<0.080000,0.200000,0.300000>
	matrix <0.798222, -0.494032, -0.344637,
		0.234504, 0.781869, -0.577658,
		0.554842, 0.380280, 0.739957,
		29.005739, 28.616962, 33.598049>
	pigment { color rgbt <0,1,1,0> }
	no_shadow
}
cylinder {
	<29.311642, 28.727688, 32.832813>,  <28.617350, 28.350765, 33.080078>, 0.130000
	pigment { color rgbt <1,0,0,0> }
	no_shadow
}

// nucleotide -1

// particle -1
sphere {
	<29.311642, 28.727688, 32.832813> 0.250000
	pigment { color rgbt <1,0,0,0> }
	no_shadow
}
cylinder {
	<29.306021, 28.554556, 33.193359>,  <29.302649, 28.450678, 33.409687>, 0.100000
	pigment { color rgbt <1,0,0,0> }
	no_shadow
}
cylinder {
	<29.306021, 28.554556, 33.193359>,  <29.311642, 28.727688, 32.832813>, 0.100000
	pigment { color rgbt <1,0,0,0> }
	no_shadow
}

// particle -1
sphere {
	<29.306021, 28.554556, 33.193359> 0.100000
	pigment { color rgbt <1,0,0,0> }
	no_shadow
}
sphere {
	0, 1
	scale<0.080000,0.200000,0.300000>
	matrix <0.772345, -0.577223, -0.265134,
		0.635048, 0.692440, 0.342405,
		-0.014055, -0.432828, 0.901367,
		29.301804, 28.424707, 33.463768>
	pigment { color rgbt <0,1,1,0> }
	no_shadow
}
cylinder {
	<29.920910, 28.767620, 33.109447>,  <29.311642, 28.727688, 32.832813>, 0.130000
	pigment { color rgbt <1,0,0,0> }
	no_shadow
}

// nucleotide -1

// particle -1
sphere {
	<29.920910, 28.767620, 33.109447> 0.250000
	pigment { color rgbt <1,0,0,0> }
	no_shadow
}
cylinder {
	<29.770336, 28.465115, 33.323498>,  <29.679993, 28.283611, 33.451927>, 0.100000
	pigment { color rgbt <1,0,0,0> }
	no_shadow
}
cylinder {
	<29.770336, 28.465115, 33.323498>,  <29.920910, 28.767620, 33.109447>, 0.100000
	pigment { color rgbt <1,0,0,0> }
	no_shadow
}

// particle -1
sphere {
	<29.770336, 28.465115, 33.323498> 0.100000
	pigment { color rgbt <1,0,0,0> }
	no_shadow
}
sphere {
	0, 1
	scale<0.080000,0.200000,0.300000>
	matrix <0.877146, -0.476845, -0.056867,
		0.298180, 0.447980, 0.842853,
		-0.376435, -0.756262, 0.535130,
		29.657406, 28.238235, 33.484035>
	pigment { color rgbt <0,1,1,0> }
	no_shadow
}
cylinder {
	<30.292871, 28.761501, 33.647339>,  <29.920910, 28.767620, 33.109447>, 0.130000
	pigment { color rgbt <1,0,0,0> }
	no_shadow
}

// nucleotide -1

// particle -1
sphere {
	<30.292871, 28.761501, 33.647339> 0.250000
	pigment { color rgbt <1,0,0,0> }
	no_shadow
}
cylinder {
	<30.153387, 28.396187, 33.563137>,  <30.069696, 28.176998, 33.512615>, 0.100000
	pigment { color rgbt <1,0,0,0> }
	no_shadow
}
cylinder {
	<30.153387, 28.396187, 33.563137>,  <30.292871, 28.761501, 33.647339>, 0.100000
	pigment { color rgbt <1,0,0,0> }
	no_shadow
}

// particle -1
sphere {
	<30.153387, 28.396187, 33.563137> 0.100000
	pigment { color rgbt <1,0,0,0> }
	no_shadow
}
sphere {
	0, 1
	scale<0.080000,0.200000,0.300000>
	matrix <0.934056, -0.357120, 0.002073,
		-0.077069, -0.195900, 0.977591,
		-0.348711, -0.913284, -0.210505,
		30.048773, 28.122202, 33.499985>
	pigment { color rgbt <0,1,1,0> }
	no_shadow
}
cylinder {
	<30.684214, 28.237087, 34.056648>,  <30.292871, 28.761501, 33.647339>, 0.130000
	pigment { color rgbt <1,0,0,0> }
	no_shadow
}

// nucleotide -1

// particle -1
sphere {
	<30.684214, 28.237087, 34.056648> 0.250000
	pigment { color rgbt <1,0,0,0> }
	no_shadow
}
cylinder {
	<30.565424, 28.039457, 33.729797>,  <30.494150, 27.920879, 33.533688>, 0.100000
	pigment { color rgbt <1,0,0,0> }
	no_shadow
}
cylinder {
	<30.565424, 28.039457, 33.729797>,  <30.684214, 28.237087, 34.056648>, 0.100000
	pigment { color rgbt <1,0,0,0> }
	no_shadow
}

// particle -1
sphere {
	<30.565424, 28.039457, 33.729797> 0.100000
	pigment { color rgbt <1,0,0,0> }
	no_shadow
}
sphere {
	0, 1
	scale<0.080000,0.200000,0.300000>
	matrix <0.863303, -0.504611, -0.008645,
		-0.408060, -0.707995, 0.576394,
		-0.296976, -0.494075, -0.817126,
		30.476332, 27.891235, 33.484661>
	pigment { color rgbt <0,1,1,0> }
	no_shadow
}
cylinder {
	<30.899405, 27.527374, 34.067039>,  <30.684214, 28.237087, 34.056648>, 0.130000
	pigment { color rgbt <1,0,0,0> }
	no_shadow
}

// nucleotide -1

// particle -1
sphere {
	<30.899405, 27.527374, 34.067039> 0.250000
	pigment { color rgbt <1,0,0,0> }
	no_shadow
}
cylinder {
	<30.850786, 27.633919, 33.684566>,  <30.821615, 27.697845, 33.455082>, 0.100000
	pigment { color rgbt <1,0,0,0> }
	no_shadow
}
cylinder {
	<30.850786, 27.633919, 33.684566>,  <30.899405, 27.527374, 34.067039>, 0.100000
	pigment { color rgbt <1,0,0,0> }
	no_shadow
}

// particle -1
sphere {
	<30.850786, 27.633919, 33.684566> 0.100000
	pigment { color rgbt <1,0,0,0> }
	no_shadow
}
sphere {
	0, 1
	scale<0.080000,0.200000,0.300000>
	matrix <0.901715, -0.373032, -0.218536,
		-0.414895, -0.888763, -0.194843,
		-0.121544, 0.266362, -0.956179,
		30.814323, 27.713827, 33.397713>
	pigment { color rgbt <0,1,1,0> }
	no_shadow
}
cylinder {
	<31.007729, 26.989952, 33.594334>,  <30.899405, 27.527374, 34.067039>, 0.130000
	pigment { color rgbt <1,0,0,0> }
	no_shadow
}

// nucleotide -1

// particle -1
sphere {
	<31.007729, 26.989952, 33.594334> 0.250000
	pigment { color rgbt <1,0,0,0> }
	no_shadow
}
cylinder {
	<31.100574, 27.327148, 33.400227>,  <31.156282, 27.529467, 33.283764>, 0.100000
	pigment { color rgbt <1,0,0,0> }
	no_shadow
}
cylinder {
	<31.100574, 27.327148, 33.400227>,  <31.007729, 26.989952, 33.594334>, 0.100000
	pigment { color rgbt <1,0,0,0> }
	no_shadow
}

// particle -1
sphere {
	<31.100574, 27.327148, 33.400227> 0.100000
	pigment { color rgbt <1,0,0,0> }
	no_shadow
}
sphere {
	0, 1
	scale<0.080000,0.200000,0.300000>
	matrix <0.895328, -0.380145, -0.232117,
		-0.380145, -0.380596, -0.842993,
		0.232117, 0.842993, -0.485268,
		31.170210, 27.580046, 33.254646>
	pigment { color rgbt <0,1,1,0> }
	no_shadow
}
cylinder {
	<30.811182, 26.896259, 32.916775>,  <31.007729, 26.989952, 33.594334>, 0.130000
	pigment { color rgbt <1,0,0,0> }
	no_shadow
}

// nucleotide -1

// particle -1
sphere {
	<30.811182, 26.896259, 32.916775> 0.250000
	pigment { color rgbt <1,0,0,0> }
	no_shadow
}
cylinder {
	<31.126123, 27.094910, 33.062889>,  <31.315088, 27.214100, 33.150558>, 0.100000
	pigment { color rgbt <1,0,0,0> }
	no_shadow
}
cylinder {
	<31.126123, 27.094910, 33.062889>,  <30.811182, 26.896259, 32.916775>, 0.100000
	pigment { color rgbt <1,0,0,0> }
	no_shadow
}

// particle -1
sphere {
	<31.126123, 27.094910, 33.062889> 0.100000
	pigment { color rgbt <1,0,0,0> }
	no_shadow
}
sphere {
	0, 1
	scale<0.080000,0.200000,0.300000>
	matrix <0.613179, -0.569443, -0.547490,
		-0.063891, 0.655054, -0.752876,
		0.787356, 0.496628, 0.365283,
		31.362329, 27.243898, 33.172474>
	pigment { color rgbt <0,1,1,0> }
	no_shadow
}
cylinder {
	<31.334820, 26.772579, 32.358093>,  <30.811182, 26.896259, 32.916775>, 0.130000
	pigment { color rgbt <1,0,0,0> }
	no_shadow
}

// nucleotide -1

// particle -1
sphere {
	<31.334820, 26.772579, 32.358093> 0.250000
	pigment { color rgbt <1,0,0,0> }
	no_shadow
}
cylinder {
	<31.538725, 26.918991, 32.669521>,  <31.661068, 27.006838, 32.856377>, 0.100000
	pigment { color rgbt <1,0,0,0> }
	no_shadow
}
cylinder {
	<31.538725, 26.918991, 32.669521>,  <31.334820, 26.772579, 32.358093>, 0.100000
	pigment { color rgbt <1,0,0,0> }
	no_shadow
}

// particle -1
sphere {
	<31.538725, 26.918991, 32.669521> 0.100000
	pigment { color rgbt <1,0,0,0> }
	no_shadow
}
sphere {
	0, 1
	scale<0.080000,0.200000,0.300000>
	matrix <0.778426, -0.581583, -0.236250,
		0.366327, 0.726488, -0.581394,
		0.509762, 0.366028, 0.778567,
		31.691654, 27.028799, 32.903091>
	pigment { color rgbt <0,1,1,0> }
	no_shadow
}
cylinder {
	<30.831083, 26.977570, 31.754648>,  <31.334820, 26.772579, 32.358093>, 0.130000
	pigment { color rgbt <1,0,0,0> }
	no_shadow
}

// nucleotide -1

// particle -1
sphere {
	<30.831083, 26.977570, 31.754648> 0.250000
	pigment { color rgbt <1,0,0,0> }
	no_shadow
}
cylinder {
	<30.603607, 27.108311, 31.452719>,  <30.467121, 27.186756, 31.271561>, 0.100000
	pigment { color rgbt <1,0,0,0> }
	no_shadow
}
cylinder {
	<30.603607, 27.108311, 31.452719>,  <30.831083, 26.977570, 31.754648>, 0.100000
	pigment { color rgbt <1,0,0,0> }
	no_shadow
}

// particle -1
sphere {
	<30.603607, 27.108311, 31.452719> 0.100000
	pigment { color rgbt <1,0,0,0> }
	no_shadow
}
sphere {
	0, 1
	scale<0.080000,0.200000,0.300000>
	matrix <0.389578, -0.701183, -0.597136,
		-0.724447, -0.633647, 0.271418,
		-0.568687, 0.326855, -0.754825,
		30.433001, 27.206366, 31.226273>
	pigment { color rgbt <0,1,1,0> }
	no_shadow
}
cylinder {
	<30.400354, 26.566454, 31.469679>,  <30.831083, 26.977570, 31.754648>, 0.130000
	pigment { color rgbt <1,0,0,0> }
	no_shadow
}

// nucleotide -1

// particle -1
sphere {
	<30.400354, 26.566454, 31.469679> 0.250000
	pigment { color rgbt <1,0,0,0> }
	no_shadow
}
cylinder {
	<30.524174, 26.814331, 31.181190>,  <30.598465, 26.963058, 31.008097>, 0.100000
	pigment { color rgbt <1,0,0,0> }
	no_shadow
}
cylinder {
	<30.524174, 26.814331, 31.181190>,  <30.400354, 26.566454, 31.469679>, 0.100000
	pigment { color rgbt <1,0,0,0> }
	no_shadow
}

// particle -1
sphere {
	<30.524174, 26.814331, 31.181190> 0.100000
	pigment { color rgbt <1,0,0,0> }
	no_shadow
}
sphere {
	0, 1
	scale<0.080000,0.200000,0.300000>
	matrix <0.627160, -0.703167, -0.335003,
		-0.714737, -0.348620, -0.606312,
		0.309550, 0.619694, -0.721220,
		30.617039, 27.000238, 30.964825>
	pigment { color rgbt <0,1,1,0> }
	no_shadow
}
cylinder {
	<30.318129, 26.258507, 30.881989>,  <30.400354, 26.566454, 31.469679>, 0.130000
	pigment { color rgbt <1,0,0,0> }
	no_shadow
}

// nucleotide -1

// particle -1
sphere {
	<30.318129, 26.258507, 30.881989> 0.250000
	pigment { color rgbt <1,0,0,0> }
	no_shadow
}
cylinder {
	<30.623241, 26.514845, 30.847399>,  <30.806309, 26.668648, 30.826645>, 0.100000
	pigment { color rgbt <1,0,0,0> }
	no_shadow
}
cylinder {
	<30.623241, 26.514845, 30.847399>,  <30.318129, 26.258507, 30.881989>, 0.100000
	pigment { color rgbt <1,0,0,0> }
	no_shadow
}

// particle -1
sphere {
	<30.623241, 26.514845, 30.847399> 0.100000
	pigment { color rgbt <1,0,0,0> }
	no_shadow
}
sphere {
	0, 1
	scale<0.080000,0.200000,0.300000>
	matrix <0.512597, -0.680743, -0.523291,
		-0.394214, 0.354832, -0.847756,
		0.762784, 0.640846, -0.086473,
		30.852077, 26.707098, 30.821457>
	pigment { color rgbt <0,1,1,0> }
	no_shadow
}
cylinder {
	<30.472994, 26.128395, 30.233175>,  <30.318129, 26.258507, 30.881989>, 0.130000
	pigment { color rgbt <1,0,0,0> }
	no_shadow
}

// nucleotide -1

// particle -1
sphere {
	<30.472994, 26.128395, 30.233175> 0.250000
	pigment { color rgbt <1,0,0,0> }
	no_shadow
}
cylinder {
	<30.801798, 26.232866, 30.435595>,  <30.999081, 26.295549, 30.557045>, 0.100000
	pigment { color rgbt <1,0,0,0> }
	no_shadow
}
cylinder {
	<30.801798, 26.232866, 30.435595>,  <30.472994, 26.128395, 30.233175>, 0.100000
	pigment { color rgbt <1,0,0,0> }
	no_shadow
}

// particle -1
sphere {
	<30.801798, 26.232866, 30.435595> 0.100000
	pigment { color rgbt <1,0,0,0> }
	no_shadow
}
sphere {
	0, 1
	scale<0.080000,0.200000,0.300000>
	matrix <0.506802, -0.740775, -0.440913,
		0.259711, 0.618901, -0.741291,
		0.822011, 0.261178, 0.506047,
		31.048401, 26.311220, 30.587408>
	pigment { color rgbt <0,1,1,0> }
	no_shadow
}
cylinder {
	<31.007002, 26.178486, 29.729771>,  <30.472994, 26.128395, 30.233175>, 0.130000
	pigment { color rgbt <1,0,0,0> }
	no_shadow
}

// nucleotide -1

// particle -1
sphere {
	<31.007002, 26.178486, 29.729771> 0.250000
	pigment { color rgbt <1,0,0,0> }
	no_shadow
}
cylinder {
	<31.155190, 26.096737, 30.092203>,  <31.244102, 26.047688, 30.309662>, 0.100000
	pigment { color rgbt <1,0,0,0> }
	no_shadow
}
cylinder {
	<31.155190, 26.096737, 30.092203>,  <31.007002, 26.178486, 29.729771>, 0.100000
	pigment { color rgbt <1,0,0,0> }
	no_shadow
}

// particle -1
sphere {
	<31.155190, 26.096737, 30.092203> 0.100000
	pigment { color rgbt <1,0,0,0> }
	no_shadow
}
sphere {
	0, 1
	scale<0.080000,0.200000,0.300000>
	matrix <0.675294, -0.610520, -0.413816,
		0.637753, 0.765178, -0.088169,
		0.370471, -0.204372, 0.906081,
		31.266331, 26.035425, 30.364027>
	pigment { color rgbt <0,1,1,0> }
	no_shadow
}
cylinder {
	<30.708618, 26.920048, 30.076530>,  <31.007002, 26.178486, 29.729771>, 0.130000
	pigment { color rgbt <1,0,0,0> }
	no_shadow
}

// nucleotide -1

// particle -1
sphere {
	<30.708618, 26.920048, 30.076530> 0.250000
	pigment { color rgbt <1,0,0,0> }
	no_shadow
}
cylinder {
	<30.448359, 27.175957, 29.912897>,  <30.292204, 27.329502, 29.814716>, 0.100000
	pigment { color rgbt <1,0,0,0> }
	no_shadow
}
cylinder {
	<30.448359, 27.175957, 29.912897>,  <30.708618, 26.920048, 30.076530>, 0.100000
	pigment { color rgbt <1,0,0,0> }
	no_shadow
}

// particle -1
sphere {
	<30.448359, 27.175957, 29.912897> 0.100000
	pigment { color rgbt <1,0,0,0> }
	no_shadow
}
sphere {
	0, 1
	scale<0.080000,0.200000,0.300000>
	matrix <0.452567, 0.759276, 0.467634,
		0.609787, 0.119127, -0.783561,
		-0.650648, 0.639772, -0.409084,
		30.253164, 27.367887, 29.790173>
	pigment { color rgbt <0,1,1,0> }
	no_shadow
}
cylinder {
	<31.171190, 27.450462, 29.951820>,  <30.708618, 26.920048, 30.076530>, 0.130000
	pigment { color rgbt <1,0,0,0> }
	no_shadow
}

// nucleotide -1

// particle -1
sphere {
	<31.171190, 27.450462, 29.951820> 0.250000
	pigment { color rgbt <1,0,0,0> }
	no_shadow
}
cylinder {
	<30.788120, 27.557165, 29.995087>,  <30.558279, 27.621187, 30.021048>, 0.100000
	pigment { color rgbt <1,0,0,0> }
	no_shadow
}
cylinder {
	<30.788120, 27.557165, 29.995087>,  <31.171190, 27.450462, 29.951820>, 0.100000
	pigment { color rgbt <1,0,0,0> }
	no_shadow
}

// particle -1
sphere {
	<30.788120, 27.557165, 29.995087> 0.100000
	pigment { color rgbt <1,0,0,0> }
	no_shadow
}
sphere {
	0, 1
	scale<0.080000,0.200000,0.300000>
	matrix <0.276469, 0.747749, 0.603686,
		0.080157, 0.608039, -0.789850,
		-0.957674, 0.266758, 0.108167,
		30.500818, 27.637192, 30.027536>
	pigment { color rgbt <0,1,1,0> }
	no_shadow
}
cylinder {
	<31.066708, 28.177254, 29.803343>,  <31.171190, 27.450462, 29.951820>, 0.130000
	pigment { color rgbt <1,0,0,0> }
	no_shadow
}

// nucleotide -1

// particle -1
sphere {
	<31.066708, 28.177254, 29.803343> 0.250000
	pigment { color rgbt <1,0,0,0> }
	no_shadow
}
cylinder {
	<30.741108, 28.078899, 30.013845>,  <30.545748, 28.019886, 30.140146>, 0.100000
	pigment { color rgbt <1,0,0,0> }
	no_shadow
}
cylinder {
	<30.741108, 28.078899, 30.013845>,  <31.066708, 28.177254, 29.803343>, 0.100000
	pigment { color rgbt <1,0,0,0> }
	no_shadow
}

// particle -1
sphere {
	<30.741108, 28.078899, 30.013845> 0.100000
	pigment { color rgbt <1,0,0,0> }
	no_shadow
}
sphere {
	0, 1
	scale<0.080000,0.200000,0.300000>
	matrix <0.087929, 0.843385, 0.530066,
		-0.574171, 0.477747, -0.664895,
		-0.814000, -0.245885, 0.526255,
		30.496908, 28.005135, 30.171722>
	pigment { color rgbt <0,1,1,0> }
	no_shadow
}
cylinder {
	<30.509216, 28.774567, 29.771671>,  <31.066708, 28.177254, 29.803343>, 0.130000
	pigment { color rgbt <1,0,0,0> }
	no_shadow
}

// nucleotide -1

// particle -1
sphere {
	<30.509216, 28.774567, 29.771671> 0.250000
	pigment { color rgbt <1,0,0,0> }
	no_shadow
}
cylinder {
	<30.511349, 28.553440, 30.104986>,  <30.512629, 28.420763, 30.304976>, 0.100000
	pigment { color rgbt <1,0,0,0> }
	no_shadow
}
cylinder {
	<30.511349, 28.553440, 30.104986>,  <30.509216, 28.774567, 29.771671>, 0.100000
	pigment { color rgbt <1,0,0,0> }
	no_shadow
}

// particle -1
sphere {
	<30.511349, 28.553440, 30.104986> 0.100000
	pigment { color rgbt <1,0,0,0> }
	no_shadow
}
sphere {
	0, 1
	scale<0.080000,0.200000,0.300000>
	matrix <0.095745, 0.829751, 0.549860,
		-0.995392, 0.076851, 0.057354,
		0.005333, -0.552818, 0.833285,
		30.512949, 28.387594, 30.354971>
	pigment { color rgbt <0,1,1,0> }
	no_shadow
}
cylinder {
	<30.164928, 29.184008, 30.174982>,  <30.509216, 28.774567, 29.771671>, 0.130000
	pigment { color rgbt <1,0,0,0> }
	no_shadow
}

// nucleotide -1

// particle -1
sphere {
	<30.164928, 29.184008, 30.174982> 0.250000
	pigment { color rgbt <1,0,0,0> }
	no_shadow
}
cylinder {
	<30.315084, 28.935650, 30.450249>,  <30.405178, 28.786636, 30.615408>, 0.100000
	pigment { color rgbt <1,0,0,0> }
	no_shadow
}
cylinder {
	<30.315084, 28.935650, 30.450249>,  <30.164928, 29.184008, 30.174982>, 0.100000
	pigment { color rgbt <1,0,0,0> }
	no_shadow
}

// particle -1
sphere {
	<30.315084, 28.935650, 30.450249> 0.100000
	pigment { color rgbt <1,0,0,0> }
	no_shadow
}
sphere {
	0, 1
	scale<0.080000,0.200000,0.300000>
	matrix <0.048280, 0.754556, 0.654457,
		-0.925609, -0.212451, 0.313230,
		0.375390, -0.620894, 0.688167,
		30.427702, 28.749382, 30.656698>
	pigment { color rgbt <0,1,1,0> }
	no_shadow
}
cylinder {
	<29.766171, 29.250462, 30.737612>,  <30.164928, 29.184008, 30.174982>, 0.130000
	pigment { color rgbt <1,0,0,0> }
	no_shadow
}

// nucleotide -1

// particle -1
sphere {
	<29.766171, 29.250462, 30.737612> 0.250000
	pigment { color rgbt <1,0,0,0> }
	no_shadow
}
cylinder {
	<30.086576, 29.073832, 30.899294>,  <30.278820, 28.967854, 30.996304>, 0.100000
	pigment { color rgbt <1,0,0,0> }
	no_shadow
}
cylinder {
	<30.086576, 29.073832, 30.899294>,  <29.766171, 29.250462, 30.737612>, 0.100000
	pigment { color rgbt <1,0,0,0> }
	no_shadow
}

// particle -1
sphere {
	<30.086576, 29.073832, 30.899294> 0.100000
	pigment { color rgbt <1,0,0,0> }
	no_shadow
}
sphere {
	0, 1
	scale<0.080000,0.200000,0.300000>
	matrix <-0.023929, 0.651047, 0.758660,
		-0.598164, -0.617371, 0.510933,
		0.801016, -0.441577, 0.404206,
		30.326881, 28.941359, 31.020555>
	pigment { color rgbt <0,1,1,0> }
	no_shadow
}
cylinder {
	<29.617662, 29.082344, 31.368618>,  <29.766171, 29.250462, 30.737612>, 0.130000
	pigment { color rgbt <1,0,0,0> }
	no_shadow
}

// nucleotide -1

// particle -1
sphere {
	<29.617662, 29.082344, 31.368618> 0.250000
	pigment { color rgbt <1,0,0,0> }
	no_shadow
}
cylinder {
	<30.016495, 29.111790, 31.376762>,  <30.255795, 29.129457, 31.381649>, 0.100000
	pigment { color rgbt <1,0,0,0> }
	no_shadow
}
cylinder {
	<30.016495, 29.111790, 31.376762>,  <29.617662, 29.082344, 31.368618>, 0.100000
	pigment { color rgbt <1,0,0,0> }
	no_shadow
}

// particle -1
sphere {
	<30.016495, 29.111790, 31.376762> 0.100000
	pigment { color rgbt <1,0,0,0> }
	no_shadow
}
sphere {
	0, 1
	scale<0.080000,0.200000,0.300000>
	matrix <-0.059357, 0.579060, 0.813121,
		0.048066, -0.811954, 0.581738,
		0.997079, 0.073614, 0.020362,
		30.315619, 29.133873, 31.382872>
	pigment { color rgbt <0,1,1,0> }
	no_shadow
}
cylinder {
	<29.936060, 28.830564, 32.037529>,  <29.617662, 29.082344, 31.368618>, 0.130000
	pigment { color rgbt <1,0,0,0> }
	no_shadow
}

// nucleotide -1

// particle -1
sphere {
	<29.936060, 28.830564, 32.037529> 0.250000
	pigment { color rgbt <1,0,0,0> }
	no_shadow
}
cylinder {
	<30.205448, 29.080826, 31.880049>,  <30.367081, 29.230982, 31.785563>, 0.100000
	pigment { color rgbt <1,0,0,0> }
	no_shadow
}
cylinder {
	<30.205448, 29.080826, 31.880049>,  <29.936060, 28.830564, 32.037529>, 0.100000
	pigment { color rgbt <1,0,0,0> }
	no_shadow
}

// particle -1
sphere {
	<30.205448, 29.080826, 31.880049> 0.100000
	pigment { color rgbt <1,0,0,0> }
	no_shadow
}
sphere {
	0, 1
	scale<0.080000,0.200000,0.300000>
	matrix <0.083373, 0.464899, 0.881429,
