// switches for output
#declare DRAW_BASES = 1; // possible values are 0, 1; only relevant for DNA ribbons
#declare DRAW_BASES_TYPE = 3; // possible values are 1, 2, 3; only relevant for DNA ribbons
#declare DRAW_FOG = 0; // set to 1 to enable fog

#include "colors.inc"

#include "transforms.inc"
background { rgb <1, 1, 1>}

#default {
   normal{
       ripples 0.25
       frequency 0.20
       turbulence 0.2
       lambda 5
   }
	finish {
		phong 0.1
		phong_size 40.
	}
}

// original window dimensions: 1024x640


// camera settings

camera {
	sky <0, 0.179814, -0.983701>
	up <0, 0.179814, -0.983701>
	right 1.6 * <1, 0, 0>
	location <35, 94.9851, 44.8844>
	look_at <35, 29.7336, 32.9568>
	direction <0, -65.2515, -11.9276>
	angle 67.0682
}


# declare cpy_camera_pos = <35, 94.9851, 44.8844>;
# if (DRAW_FOG = 1)
fog {
	fog_type 2
	up vnormalize(cpy_camera_pos)
	color rgbt<1,1,1,0.3>
	distance 1e-5
	fog_alt 3e-3
	fog_offset 56
}
# end


// LIGHTS

# declare lum = 6;
global_settings {
	ambient_light rgb lum * <0.05, 0.05, 0.05>
	max_trace_level 15
}# declare cpy_direct_light_amount = 0.25;
light_source
{	1000 * <-1, -1.16352, -0.803886>,
	rgb lum * cpy_direct_light_amount
	parallel
}

light_source
{	1000 * <1, 1.16352, 0.803886>,
	rgb lum * cpy_direct_light_amount
	parallel
}

// strand 0

// nucleotide -1

// particle -1
sphere {
	<24.029816, 34.808311, 34.793739> 0.250000
	pigment { color rgbt <1,0,0,0> }
	no_shadow
}
cylinder {
	<24.287481, 35.003269, 35.029537>,  <24.442080, 35.120243, 35.171017>, 0.100000
	pigment { color rgbt <1,0,0,0> }
	no_shadow
}
cylinder {
	<24.287481, 35.003269, 35.029537>,  <24.029816, 34.808311, 34.793739>, 0.100000
	pigment { color rgbt <1,0,0,0> }
	no_shadow
}

// particle -1
sphere {
	<24.287481, 35.003269, 35.029537> 0.100000
	pigment { color rgbt <1,0,0,0> }
	no_shadow
}
sphere {
	0, 1
	scale<0.080000,0.200000,0.300000>
	matrix <-0.397703, -0.444906, 0.802428,
		0.653367, -0.751338, -0.092755,
		0.644162, 0.487391, 0.589496,
		24.480730, 35.149487, 35.206387>
	pigment { color rgbt <0,1,1,0> }
	no_shadow
}
cylinder {
	<24.497803, 34.338387, 35.279224>,  <24.029816, 34.808311, 34.793739>, 0.130000
	pigment { color rgbt <1,0,0,0> }
	no_shadow
}

// nucleotide -1

// particle -1
sphere {
	<24.497803, 34.338387, 35.279224> 0.250000
	pigment { color rgbt <1,0,0,0> }
	no_shadow
}
cylinder {
	<24.392818, 34.683464, 35.452141>,  <24.329828, 34.890511, 35.555889>, 0.100000
	pigment { color rgbt <1,0,0,0> }
	no_shadow
}
cylinder {
	<24.392818, 34.683464, 35.452141>,  <24.497803, 34.338387, 35.279224>, 0.100000
	pigment { color rgbt <1,0,0,0> }
	no_shadow
}

// particle -1
sphere {
	<24.392818, 34.683464, 35.452141> 0.100000
	pigment { color rgbt <1,0,0,0> }
	no_shadow
}
sphere {
	0, 1
	scale<0.080000,0.200000,0.300000>
	matrix <-0.545994, -0.502155, 0.670620,
		0.795616, -0.060018, 0.602821,
		-0.262461, 0.862692, 0.432292,
		24.314079, 34.942272, 35.581829>
	pigment { color rgbt <0,1,1,0> }
	no_shadow
}
cylinder {
	<24.676327, 34.299896, 36.039543>,  <24.497803, 34.338387, 35.279224>, 0.130000
	pigment { color rgbt <1,0,0,0> }
	no_shadow
}

// nucleotide -1

// particle -1
sphere {
	<24.676327, 34.299896, 36.039543> 0.250000
	pigment { color rgbt <1,0,0,0> }
	no_shadow
}
cylinder {
	<24.375380, 34.550423, 35.957886>,  <24.194811, 34.700737, 35.908894>, 0.100000
	pigment { color rgbt <1,0,0,0> }
	no_shadow
}
cylinder {
	<24.375380, 34.550423, 35.957886>,  <24.676327, 34.299896, 36.039543>, 0.100000
	pigment { color rgbt <1,0,0,0> }
	no_shadow
}

// particle -1
sphere {
	<24.375380, 34.550423, 35.957886> 0.100000
	pigment { color rgbt <1,0,0,0> }
	no_shadow
}
sphere {
	0, 1
	scale<0.080000,0.200000,0.300000>
	matrix <-0.482395, -0.312801, 0.818200,
		0.448593, 0.714065, 0.537472,
		-0.752369, 0.626312, -0.204141,
		24.149670, 34.738316, 35.896645>
	pigment { color rgbt <0,1,1,0> }
	no_shadow
}
cylinder {
	<25.237864, 33.930637, 35.831139>,  <24.676327, 34.299896, 36.039543>, 0.130000
	pigment { color rgbt <1,0,0,0> }
	no_shadow
}

// nucleotide -1

// particle -1
sphere {
	<25.237864, 33.930637, 35.831139> 0.250000
	pigment { color rgbt <1,0,0,0> }
	no_shadow
}
cylinder {
	<25.618647, 33.873306, 35.722893>,  <25.847116, 33.838909, 35.657948>, 0.100000
	pigment { color rgbt <1,0,0,0> }
	no_shadow
}
cylinder {
	<25.618647, 33.873306, 35.722893>,  <25.237864, 33.930637, 35.831139>, 0.100000
	pigment { color rgbt <1,0,0,0> }
	no_shadow
}

// particle -1
sphere {
	<25.618647, 33.873306, 35.722893> 0.100000
	pigment { color rgbt <1,0,0,0> }
	no_shadow
}
sphere {
	0, 1
	scale<0.080000,0.200000,0.300000>
	matrix <0.009610, 0.897250, -0.441418,
		0.306074, 0.417611, 0.855523,
		0.951959, -0.143328, -0.270612,
		25.904234, 33.830307, 35.641708>
	pigment { color rgbt <0,1,1,0> }
	no_shadow
}
cylinder {
	<25.773653, 34.555733, 36.108532>,  <25.237864, 33.930637, 35.831139>, 0.130000
	pigment { color rgbt <1,0,0,0> }
	no_shadow
}

// nucleotide -1

// particle -1
sphere {
	<25.773653, 34.555733, 36.108532> 0.250000
	pigment { color rgbt <1,0,0,0> }
	no_shadow
}
cylinder {
	<25.843819, 34.406342, 35.744171>,  <25.885918, 34.316708, 35.525555>, 0.100000
	pigment { color rgbt <1,0,0,0> }
	no_shadow
}
cylinder {
	<25.843819, 34.406342, 35.744171>,  <25.773653, 34.555733, 36.108532>, 0.100000
	pigment { color rgbt <1,0,0,0> }
	no_shadow
}

// particle -1
sphere {
	<25.843819, 34.406342, 35.744171> 0.100000
	pigment { color rgbt <1,0,0,0> }
	no_shadow
}
sphere {
	0, 1
	scale<0.080000,0.200000,0.300000>
	matrix <0.001226, 0.925332, -0.379155,
		0.984493, 0.065393, 0.162776,
		0.175416, -0.373475, -0.910904,
		25.896444, 34.294300, 35.470901>
	pigment { color rgbt <0,1,1,0> }
	no_shadow
}
cylinder {
	<26.401970, 34.847271, 35.897968>,  <25.773653, 34.555733, 36.108532>, 0.130000
	pigment { color rgbt <1,0,0,0> }
	no_shadow
}

// nucleotide -1

// particle -1
sphere {
	<26.401970, 34.847271, 35.897968> 0.250000
	pigment { color rgbt <1,0,0,0> }
	no_shadow
}
cylinder {
	<26.178608, 34.742714, 35.583046>,  <26.044590, 34.679977, 35.394093>, 0.100000
	pigment { color rgbt <1,0,0,0> }
	no_shadow
}
cylinder {
	<26.178608, 34.742714, 35.583046>,  <26.401970, 34.847271, 35.897968>, 0.100000
	pigment { color rgbt <1,0,0,0> }
	no_shadow
}

// particle -1
sphere {
	<26.178608, 34.742714, 35.583046> 0.100000
	pigment { color rgbt <1,0,0,0> }
	no_shadow
}
sphere {
	0, 1
	scale<0.080000,0.200000,0.300000>
	matrix <-0.030074, 0.954814, -0.295679,
		0.829022, -0.141431, -0.541035,
		-0.558406, -0.261396, -0.787308,
		26.011086, 34.664295, 35.346855>
	pigment { color rgbt <0,1,1,0> }
	no_shadow
}
cylinder {
	<26.661856, 34.681133, 35.164032>,  <26.401970, 34.847271, 35.897968>, 0.130000
	pigment { color rgbt <1,0,0,0> }
	no_shadow
}

// nucleotide -1

// particle -1
sphere {
	<26.661856, 34.681133, 35.164032> 0.250000
	pigment { color rgbt <1,0,0,0> }
	no_shadow
}
cylinder {
	<27.046152, 34.636234, 35.062542>,  <27.276730, 34.609295, 35.001648>, 0.100000
	pigment { color rgbt <1,0,0,0> }
	no_shadow
}
cylinder {
	<27.046152, 34.636234, 35.062542>,  <26.661856, 34.681133, 35.164032>, 0.100000
	pigment { color rgbt <1,0,0,0> }
	no_shadow
}

// particle -1
sphere {
	<27.046152, 34.636234, 35.062542> 0.100000
	pigment { color rgbt <1,0,0,0> }
	no_shadow
}
sphere {
	0, 1
	scale<0.080000,0.200000,0.300000>
	matrix <0.185001, -0.422336, 0.887360,
		-0.206763, -0.899462, -0.384989,
		0.960741, -0.112250, -0.253725,
		27.334373, 34.602558, 34.986423>
	pigment { color rgbt <0,1,1,0> }
	no_shadow
}
cylinder {
	<26.774021, 34.035484, 35.408749>,  <26.661856, 34.681133, 35.164032>, 0.130000
	pigment { color rgbt <1,0,0,0> }
	no_shadow
}

// nucleotide -1

// particle -1
sphere {
	<26.774021, 34.035484, 35.408749> 0.250000
	pigment { color rgbt <1,0,0,0> }
	no_shadow
}
cylinder {
	<27.111526, 34.249584, 35.392864>,  <27.314030, 34.378044, 35.383335>, 0.100000
	pigment { color rgbt <1,0,0,0> }
	no_shadow
}
cylinder {
	<27.111526, 34.249584, 35.392864>,  <26.774021, 34.035484, 35.408749>, 0.100000
	pigment { color rgbt <1,0,0,0> }
	no_shadow
}

// particle -1
sphere {
	<27.111526, 34.249584, 35.392864> 0.100000
	pigment { color rgbt <1,0,0,0> }
	no_shadow
}
sphere {
	0, 1
	scale<0.080000,0.200000,0.300000>
	matrix <0.230245, -0.294146, 0.927612,
		0.484821, -0.791827, -0.371427,
		0.843762, 0.535246, -0.039706,
		27.364655, 34.410156, 35.380951>
	pigment { color rgbt <0,1,1,0> }
	no_shadow
}
cylinder {
	<27.279728, 33.585083, 35.719154>,  <26.774021, 34.035484, 35.408749>, 0.130000
	pigment { color rgbt <1,0,0,0> }
	no_shadow
}

// nucleotide -1

// particle -1
sphere {
	<27.279728, 33.585083, 35.719154> 0.250000
	pigment { color rgbt <1,0,0,0> }
	no_shadow
}
cylinder {
	<27.436153, 33.953217, 35.722332>,  <27.530008, 34.174095, 35.724239>, 0.100000
	pigment { color rgbt <1,0,0,0> }
	no_shadow
}
cylinder {
	<27.436153, 33.953217, 35.722332>,  <27.279728, 33.585083, 35.719154>, 0.100000
	pigment { color rgbt <1,0,0,0> }
	no_shadow
}

// particle -1
sphere {
	<27.436153, 33.953217, 35.722332> 0.100000
	pigment { color rgbt <1,0,0,0> }
	no_shadow
}
sphere {
	0, 1
	scale<0.080000,0.200000,0.300000>
	matrix <0.488568, -0.214900, 0.845647,
		0.779982, -0.326819, -0.533683,
		0.391062, 0.920330, 0.007945,
		27.553473, 34.229317, 35.724716>
	pigment { color rgbt <0,1,1,0> }
	no_shadow
}
cylinder {
	<27.825228, 33.486095, 36.031010>,  <27.279728, 33.585083, 35.719154>, 0.130000
	pigment { color rgbt <1,0,0,0> }
	no_shadow
}

// nucleotide -1

// particle -1
sphere {
	<27.825228, 33.486095, 36.031010> 0.250000
	pigment { color rgbt <1,0,0,0> }
	no_shadow
}
cylinder {
	<27.791655, 33.883953, 36.055145>,  <27.771511, 34.122669, 36.069626>, 0.100000
	pigment { color rgbt <1,0,0,0> }
	no_shadow
}
cylinder {
	<27.791655, 33.883953, 36.055145>,  <27.825228, 33.486095, 36.031010>, 0.100000
	pigment { color rgbt <1,0,0,0> }
	no_shadow
}

// particle -1
sphere {
	<27.791655, 33.883953, 36.055145> 0.100000
	pigment { color rgbt <1,0,0,0> }
	no_shadow
}
sphere {
	0, 1
	scale<0.080000,0.200000,0.300000>
	matrix <0.479647, -0.012755, 0.877369,
		0.873438, 0.102582, -0.476007,
		-0.083931, 0.994643, 0.060343,
		27.766476, 34.182346, 36.073250>
	pigment { color rgbt <0,1,1,0> }
	no_shadow
}
cylinder {
	<28.564749, 33.771557, 36.121532>,  <27.825228, 33.486095, 36.031010>, 0.130000
	pigment { color rgbt <1,0,0,0> }
	no_shadow
}

// nucleotide -1

// particle -1
sphere {
	<28.564749, 33.771557, 36.121532> 0.250000
	pigment { color rgbt <1,0,0,0> }
	no_shadow
}
cylinder {
	<28.283201, 34.017326, 36.264114>,  <28.114273, 34.164787, 36.349663>, 0.100000
	pigment { color rgbt <1,0,0,0> }
	no_shadow
}
cylinder {
	<28.283201, 34.017326, 36.264114>,  <28.564749, 33.771557, 36.121532>, 0.100000
	pigment { color rgbt <1,0,0,0> }
	no_shadow
}

// particle -1
sphere {
	<28.283201, 34.017326, 36.264114> 0.100000
	pigment { color rgbt <1,0,0,0> }
	no_shadow
}
sphere {
	0, 1
	scale<0.080000,0.200000,0.300000>
	matrix <0.445617, -0.008842, 0.895180,
		0.553170, 0.788928, -0.267573,
		-0.703867, 0.614422, 0.356451,
		28.072041, 34.201653, 36.371048>
	pigment { color rgbt <0,1,1,0> }
	no_shadow
}
cylinder {
	<28.891596, 34.206192, 36.673698>,  <28.564749, 33.771557, 36.121532>, 0.130000
	pigment { color rgbt <1,0,0,0> }
	no_shadow
}

// nucleotide -1

// particle -1
sphere {
	<28.891596, 34.206192, 36.673698> 0.250000
	pigment { color rgbt <1,0,0,0> }
	no_shadow
}
cylinder {
	<28.503414, 34.238964, 36.764477>,  <28.270506, 34.258625, 36.818943>, 0.100000
	pigment { color rgbt <1,0,0,0> }
	no_shadow
}
cylinder {
	<28.503414, 34.238964, 36.764477>,  <28.891596, 34.206192, 36.673698>, 0.100000
	pigment { color rgbt <1,0,0,0> }
	no_shadow
}

// particle -1
sphere {
	<28.503414, 34.238964, 36.764477> 0.100000
	pigment { color rgbt <1,0,0,0> }
	no_shadow
}
sphere {
	0, 1
	scale<0.080000,0.200000,0.300000>
	matrix <0.227541, -0.002156, 0.973766,
		0.080266, 0.996636, -0.016550,
		-0.970455, 0.081926, 0.226948,
		28.212278, 34.263542, 36.832561>
	pigment { color rgbt <0,1,1,0> }
	no_shadow
}
cylinder {
	<28.876530, 34.696873, 37.152599>,  <28.891596, 34.206192, 36.673698>, 0.130000
	pigment { color rgbt <1,0,0,0> }
	no_shadow
}

// nucleotide -1

// particle -1
sphere {
	<28.876530, 34.696873, 37.152599> 0.250000
	pigment { color rgbt <1,0,0,0> }
	no_shadow
}
cylinder {
	<28.530474, 34.502697, 37.203011>,  <28.322840, 34.386192, 37.233257>, 0.100000
	pigment { color rgbt <1,0,0,0> }
	no_shadow
}
cylinder {
	<28.530474, 34.502697, 37.203011>,  <28.876530, 34.696873, 37.152599>, 0.100000
	pigment { color rgbt <1,0,0,0> }
	no_shadow
}

// particle -1
sphere {
	<28.530474, 34.502697, 37.203011> 0.100000
	pigment { color rgbt <1,0,0,0> }
	no_shadow
}
sphere {
	0, 1
	scale<0.080000,0.200000,0.300000>
	matrix <0.127513, 0.030129, 0.991379,
		-0.485049, 0.873752, 0.035834,
		-0.865140, -0.485436, 0.126029,
		28.270931, 34.357067, 37.240818>
	pigment { color rgbt <0,1,1,0> }
	no_shadow
}
cylinder {
	<28.615219, 34.989002, 37.751850>,  <28.876530, 34.696873, 37.152599>, 0.130000
	pigment { color rgbt <1,0,0,0> }
	no_shadow
}

// nucleotide -1

// particle -1
sphere {
	<28.615219, 34.989002, 37.751850> 0.250000
	pigment { color rgbt <1,0,0,0> }
	no_shadow
}
cylinder {
	<28.379051, 34.666401, 37.739433>,  <28.237350, 34.472839, 37.731983>, 0.100000
	pigment { color rgbt <1,0,0,0> }
	no_shadow
}
cylinder {
	<28.379051, 34.666401, 37.739433>,  <28.615219, 34.989002, 37.751850>, 0.100000
	pigment { color rgbt <1,0,0,0> }
	no_shadow
}

// particle -1
sphere {
	<28.379051, 34.666401, 37.739433> 0.100000
	pigment { color rgbt <1,0,0,0> }
	no_shadow
}
sphere {
	0, 1
	scale<0.080000,0.200000,0.300000>
	matrix <0.250554, -0.219715, 0.942841,
		-0.767221, 0.548893, 0.331795,
		-0.590419, -0.806500, -0.031043,
		28.201925, 34.424450, 37.730122>
	pigment { color rgbt <0,1,1,0> }
	no_shadow
}
cylinder {
	<28.303614, 34.964985, 38.458134>,  <28.615219, 34.989002, 37.751850>, 0.130000
	pigment { color rgbt <1,0,0,0> }
	no_shadow
}

// nucleotide -1

// particle -1
sphere {
	<28.303614, 34.964985, 38.458134> 0.250000
	pigment { color rgbt <1,0,0,0> }
	no_shadow
}
cylinder {
	<28.248617, 34.593204, 38.321182>,  <28.215620, 34.370136, 38.239010>, 0.100000
	pigment { color rgbt <1,0,0,0> }
	no_shadow
}
cylinder {
	<28.248617, 34.593204, 38.321182>,  <28.303614, 34.964985, 38.458134>, 0.100000
	pigment { color rgbt <1,0,0,0> }
	no_shadow
}

// particle -1
sphere {
	<28.248617, 34.593204, 38.321182> 0.100000
	pigment { color rgbt <1,0,0,0> }
	no_shadow
}
sphere {
	0, 1
	scale<0.080000,0.200000,0.300000>
	matrix <0.157938, -0.361812, 0.918775,
		-0.977831, 0.072247, 0.196540,
		-0.137489, -0.929447, -0.342381,
		28.207371, 34.314369, 38.218468>
	pigment { color rgbt <0,1,1,0> }
	no_shadow
}
cylinder {
	<27.829033, 34.617912, 38.952404>,  <28.303614, 34.964985, 38.458134>, 0.130000
	pigment { color rgbt <1,0,0,0> }
	no_shadow
}

// nucleotide -1

// particle -1
sphere {
	<27.829033, 34.617912, 38.952404> 0.250000
	pigment { color rgbt <1,0,0,0> }
	no_shadow
}
cylinder {
	<28.019791, 34.348427, 38.726593>,  <28.134245, 34.186737, 38.591106>, 0.100000
	pigment { color rgbt <1,0,0,0> }
	no_shadow
}
cylinder {
	<28.019791, 34.348427, 38.726593>,  <27.829033, 34.617912, 38.952404>, 0.100000
	pigment { color rgbt <1,0,0,0> }
	no_shadow
}

// particle -1
sphere {
	<28.019791, 34.348427, 38.726593> 0.100000
	pigment { color rgbt <1,0,0,0> }
	no_shadow
}
sphere {
	0, 1
	scale<0.080000,0.200000,0.300000>
	matrix <0.320841, -0.464520, 0.825398,
		-0.818312, -0.574749, -0.005372,
		0.476892, -0.673710, -0.564525,
		28.162859, 34.146313, 38.557236>
	pigment { color rgbt <0,1,1,0> }
	no_shadow
}
cylinder {
	<27.525810, 34.009323, 39.132694>,  <27.829033, 34.617912, 38.952404>, 0.130000
	pigment { color rgbt <1,0,0,0> }
	no_shadow
}

// nucleotide -1

// particle -1
sphere {
	<27.525810, 34.009323, 39.132694> 0.250000
	pigment { color rgbt <1,0,0,0> }
	no_shadow
}
cylinder {
	<27.880781, 33.901344, 38.983242>,  <28.093763, 33.836555, 38.893570>, 0.100000
	pigment { color rgbt <1,0,0,0> }
	no_shadow
}
cylinder {
	<27.880781, 33.901344, 38.983242>,  <27.525810, 34.009323, 39.132694>, 0.100000
	pigment { color rgbt <1,0,0,0> }
	no_shadow
}

// particle -1
sphere {
	<27.880781, 33.901344, 38.983242> 0.100000
	pigment { color rgbt <1,0,0,0> }
	no_shadow
}
sphere {
	0, 1
	scale<0.080000,0.200000,0.300000>
	matrix <0.203190, -0.498481, 0.842752,
		-0.413745, -0.823800, -0.387516,
		0.887428, -0.269945, -0.373632,
		28.147009, 33.820362, 38.871151>
	pigment { color rgbt <0,1,1,0> }
	no_shadow
}
cylinder {
	<27.640398, 33.351566, 39.436241>,  <27.525810, 34.009323, 39.132694>, 0.130000
	pigment { color rgbt <1,0,0,0> }
	no_shadow
}

// nucleotide -1

// particle -1
sphere {
	<27.640398, 33.351566, 39.436241> 0.250000
	pigment { color rgbt <1,0,0,0> }
	no_shadow
}
cylinder {
	<28.003851, 33.447365, 39.299404>,  <28.221922, 33.504845, 39.217300>, 0.100000
	pigment { color rgbt <1,0,0,0> }
	no_shadow
}
cylinder {
	<28.003851, 33.447365, 39.299404>,  <27.640398, 33.351566, 39.436241>, 0.100000
	pigment { color rgbt <1,0,0,0> }
	no_shadow
}

// particle -1
sphere {
	<28.003851, 33.447365, 39.299404> 0.100000
	pigment { color rgbt <1,0,0,0> }
	no_shadow
}
sphere {
	0, 1
	scale<0.080000,0.200000,0.300000>
	matrix <0.416671, -0.574540, 0.704478,
		-0.027824, -0.782652, -0.621838,
		0.908631, 0.239500, -0.342095,
		28.276440, 33.519215, 39.196777>
	pigment { color rgbt <0,1,1,0> }
	no_shadow
}
cylinder {
	<27.998987, 32.700577, 39.301941>,  <27.640398, 33.351566, 39.436241>, 0.130000
	pigment { color rgbt <1,0,0,0> }
	no_shadow
}

// nucleotide -1

// particle -1
sphere {
	<27.998987, 32.700577, 39.301941> 0.250000
	pigment { color rgbt <1,0,0,0> }
	no_shadow
}
cylinder {
	<28.271948, 32.990112, 39.342701>,  <28.435724, 33.163834, 39.367157>, 0.100000
	pigment { color rgbt <1,0,0,0> }
	no_shadow
}
cylinder {
	<28.271948, 32.990112, 39.342701>,  <27.998987, 32.700577, 39.301941>, 0.100000
	pigment { color rgbt <1,0,0,0> }
	no_shadow
}

// particle -1
sphere {
	<28.271948, 32.990112, 39.342701> 0.100000
	pigment { color rgbt <1,0,0,0> }
	no_shadow
}
sphere {
	0, 1
	scale<0.080000,0.200000,0.300000>
	matrix <0.443165, -0.520544, 0.729821,
		0.581318, -0.452872, -0.676000,
		0.682403, 0.723838, 0.101905,
		28.476669, 33.207264, 39.373272>
	pigment { color rgbt <0,1,1,0> }
	no_shadow
}
cylinder {
	<28.595381, 32.321579, 39.275860>,  <27.998987, 32.700577, 39.301941>, 0.130000
	pigment { color rgbt <1,0,0,0> }
	no_shadow
}

// nucleotide -1

// particle -1
sphere {
	<28.595381, 32.321579, 39.275860> 0.250000
	pigment { color rgbt <1,0,0,0> }
	no_shadow
}
cylinder {
	<28.668940, 32.683029, 39.430592>,  <28.713076, 32.899899, 39.523430>, 0.100000
	pigment { color rgbt <1,0,0,0> }
	no_shadow
}
cylinder {
	<28.668940, 32.683029, 39.430592>,  <28.595381, 32.321579, 39.275860>, 0.100000
	pigment { color rgbt <1,0,0,0> }
	no_shadow
}

// particle -1
sphere {
	<28.668940, 32.683029, 39.430592> 0.100000
	pigment { color rgbt <1,0,0,0> }
	no_shadow
}
sphere {
	0, 1
	scale<0.080000,0.200000,0.300000>
	matrix <0.608986, -0.413654, 0.676776,
		0.771568, 0.111118, -0.626367,
		0.183897, 0.903628, 0.386832,
		28.724110, 32.954117, 39.546642>
	pigment { color rgbt <0,1,1,0> }
	no_shadow
}
cylinder {
	<29.286449, 32.288654, 39.335678>,  <28.595381, 32.321579, 39.275860>, 0.130000
	pigment { color rgbt <1,0,0,0> }
	no_shadow
}

// nucleotide -1

// particle -1
sphere {
	<29.286449, 32.288654, 39.335678> 0.250000
	pigment { color rgbt <1,0,0,0> }
	no_shadow
}
cylinder {
	<29.162222, 32.578079, 39.582253>,  <29.087685, 32.751736, 39.730198>, 0.100000
	pigment { color rgbt <1,0,0,0> }
	no_shadow
}
cylinder {
	<29.162222, 32.578079, 39.582253>,  <29.286449, 32.288654, 39.335678>, 0.100000
	pigment { color rgbt <1,0,0,0> }
	no_shadow
}

// particle -1
sphere {
	<29.162222, 32.578079, 39.582253> 0.100000
	pigment { color rgbt <1,0,0,0> }
	no_shadow
}
sphere {
	0, 1
	scale<0.080000,0.200000,0.300000>
	matrix <0.587519, -0.363681, 0.722882,
		0.747240, 0.586675, -0.312161,
		-0.310569, 0.723567, 0.616440,
		29.069052, 32.795151, 39.767185>
	pigment { color rgbt <0,1,1,0> }
	no_shadow
}
cylinder {
	<29.890696, 32.547615, 39.684143>,  <29.286449, 32.288654, 39.335678>, 0.130000
	pigment { color rgbt <1,0,0,0> }
	no_shadow
}

// nucleotide -1

// particle -1
sphere {
	<29.890696, 32.547615, 39.684143> 0.250000
	pigment { color rgbt <1,0,0,0> }
	no_shadow
}
cylinder {
	<29.584328, 32.660198, 39.915367>,  <29.400507, 32.727749, 40.054100>, 0.100000
	pigment { color rgbt <1,0,0,0> }
	no_shadow
}
cylinder {
	<29.584328, 32.660198, 39.915367>,  <29.890696, 32.547615, 39.684143>, 0.100000
	pigment { color rgbt <1,0,0,0> }
	no_shadow
}

// particle -1
sphere {
	<29.584328, 32.660198, 39.915367> 0.100000
	pigment { color rgbt <1,0,0,0> }
	no_shadow
}
sphere {
	0, 1
	scale<0.080000,0.200000,0.300000>
	matrix <0.497963, -0.309036, 0.810265,
		0.406694, 0.908449, 0.096542,
		-0.765920, 0.281455, 0.578057,
		29.354551, 32.744637, 40.088783>
	pigment { color rgbt <0,1,1,0> }
	no_shadow
}
cylinder {
	<30.178019, 33.003937, 40.210045>,  <29.890696, 32.547615, 39.684143>, 0.130000
	pigment { color rgbt <1,0,0,0> }
	no_shadow
}

// nucleotide -1

// particle -1
sphere {
	<30.178019, 33.003937, 40.210045> 0.250000
	pigment { color rgbt <1,0,0,0> }
	no_shadow
}
cylinder {
	<29.842094, 32.856415, 40.369392>,  <29.640539, 32.767902, 40.465004>, 0.100000
	pigment { color rgbt <1,0,0,0> }
	no_shadow
}
cylinder {
	<29.842094, 32.856415, 40.369392>,  <30.178019, 33.003937, 40.210045>, 0.100000
	pigment { color rgbt <1,0,0,0> }
	no_shadow
}

// particle -1
sphere {
	<29.842094, 32.856415, 40.369392> 0.100000
	pigment { color rgbt <1,0,0,0> }
	no_shadow
}
sphere {
	0, 1
	scale<0.080000,0.200000,0.300000>
	matrix <0.509144, -0.280429, 0.813715,
		-0.188385, 0.886197, 0.423281,
		-0.839811, -0.368802, 0.398374,
		29.590151, 32.745773, 40.488903>
	pigment { color rgbt <0,1,1,0> }
	no_shadow
}
cylinder {
	<30.033976, 33.176594, 40.963001>,  <30.178019, 33.003937, 40.210045>, 0.130000
	pigment { color rgbt <1,0,0,0> }
	no_shadow
}

// nucleotide -1

// particle -1
sphere {
	<30.033976, 33.176594, 40.963001> 0.250000
	pigment { color rgbt <1,0,0,0> }
	no_shadow
}
cylinder {
	<29.833405, 32.836254, 40.900242>,  <29.713062, 32.632050, 40.862587>, 0.100000
	pigment { color rgbt <1,0,0,0> }
	no_shadow
}
cylinder {
	<29.833405, 32.836254, 40.900242>,  <30.033976, 33.176594, 40.963001>, 0.100000
	pigment { color rgbt <1,0,0,0> }
	no_shadow
}

// particle -1
sphere {
	<29.833405, 32.836254, 40.900242> 0.100000
	pigment { color rgbt <1,0,0,0> }
	no_shadow
}
sphere {
	0, 1
	scale<0.080000,0.200000,0.300000>
	matrix <0.431294, -0.403017, 0.807194,
		-0.750036, 0.337083, 0.569053,
		-0.501430, -0.850854, -0.156895,
		29.682976, 32.580997, 40.853172>
	pigment { color rgbt <0,1,1,0> }
	no_shadow
}
cylinder {
	<29.453072, 32.930023, 41.488647>,  <30.033976, 33.176594, 40.963001>, 0.130000
	pigment { color rgbt <1,0,0,0> }
	no_shadow
}

// nucleotide -1

// particle -1
sphere {
	<29.453072, 32.930023, 41.488647> 0.250000
	pigment { color rgbt <1,0,0,0> }
	no_shadow
}
cylinder {
	<29.712479, 32.677212, 41.318958>,  <29.868122, 32.525524, 41.217144>, 0.100000
	pigment { color rgbt <1,0,0,0> }
	no_shadow
}
cylinder {
	<29.712479, 32.677212, 41.318958>,  <29.453072, 32.930023, 41.488647>, 0.100000
	pigment { color rgbt <1,0,0,0> }
	no_shadow
}

// particle -1
sphere {
	<29.712479, 32.677212, 41.318958> 0.100000
	pigment { color rgbt <1,0,0,0> }
	no_shadow
}
sphere {
	0, 1
	scale<0.080000,0.200000,0.300000>
	matrix <0.364650, -0.231249, 0.901972,
		-0.668172, -0.739638, 0.080499,
		0.648518, -0.632027, -0.424223,
		29.907034, 32.487602, 41.191692>
	pigment { color rgbt <0,1,1,0> }
	no_shadow
}
cylinder {
	<29.344202, 32.218075, 41.735432>,  <29.453072, 32.930023, 41.488647>, 0.130000
	pigment { color rgbt <1,0,0,0> }
	no_shadow
}

// nucleotide -1

// particle -1
sphere {
	<29.344202, 32.218075, 41.735432> 0.250000
	pigment { color rgbt <1,0,0,0> }
	no_shadow
}
cylinder {
	<29.723339, 32.319592, 41.658298>,  <29.950821, 32.380501, 41.612019>, 0.100000
	pigment { color rgbt <1,0,0,0> }
	no_shadow
}
cylinder {
	<29.723339, 32.319592, 41.658298>,  <29.344202, 32.218075, 41.735432>, 0.100000
	pigment { color rgbt <1,0,0,0> }
	no_shadow
}

// particle -1
sphere {
	<29.723339, 32.319592, 41.658298> 0.100000
	pigment { color rgbt <1,0,0,0> }
	no_shadow
}
sphere {
	0, 1
	scale<0.080000,0.200000,0.300000>
	matrix <0.289044, -0.429397, 0.855612,
		0.134346, -0.866722, -0.480358,
		0.947842, 0.253792, -0.192833,
		30.007692, 32.395729, 41.600449>
	pigment { color rgbt <0,1,1,0> }
	no_shadow
}
cylinder {
	<29.732119, 31.698780, 41.633438>,  <29.344202, 32.218075, 41.735432>, 0.130000
	pigment { color rgbt <1,0,0,0> }
	no_shadow
}

// nucleotide -1

// particle -1
sphere {
	<29.732119, 31.698780, 41.633438> 0.250000
	pigment { color rgbt <1,0,0,0> }
	no_shadow
}
cylinder {
	<29.980198, 31.981546, 41.769451>,  <30.129045, 32.151207, 41.851059>, 0.100000
	pigment { color rgbt <1,0,0,0> }
	no_shadow
}
cylinder {
	<29.980198, 31.981546, 41.769451>,  <29.732119, 31.698780, 41.633438>, 0.100000
	pigment { color rgbt <1,0,0,0> }
	no_shadow
}

// particle -1
sphere {
	<29.980198, 31.981546, 41.769451> 0.100000
	pigment { color rgbt <1,0,0,0> }
	no_shadow
}
sphere {
	0, 1
	scale<0.080000,0.200000,0.300000>
	matrix <0.332988, -0.629728, 0.701827,
		0.710262, -0.322045, -0.625951,
		0.620199, 0.706916, 0.340035,
		30.166258, 32.193623, 41.871460>
	pigment { color rgbt <0,1,1,0> }
	no_shadow
}
cylinder {
	<30.495575, 31.485498, 41.569950>,  <29.732119, 31.698780, 41.633438>, 0.130000
	pigment { color rgbt <1,0,0,0> }
	no_shadow
}

// nucleotide -1

// particle -1
sphere {
	<30.495575, 31.485498, 41.569950> 0.250000
	pigment { color rgbt <1,0,0,0> }
	no_shadow
}
cylinder {
	<30.410881, 31.753456, 41.854599>,  <30.360065, 31.914230, 42.025391>, 0.100000
	pigment { color rgbt <1,0,0,0> }
	no_shadow
}
cylinder {
	<30.410881, 31.753456, 41.854599>,  <30.495575, 31.485498, 41.569950>, 0.100000
	pigment { color rgbt <1,0,0,0> }
	no_shadow
}

// particle -1
sphere {
	<30.410881, 31.753456, 41.854599> 0.100000
	pigment { color rgbt <1,0,0,0> }
	no_shadow
}
sphere {
	0, 1
	scale<0.080000,0.200000,0.300000>
	matrix <0.488063, -0.558366, 0.670837,
		0.846736, 0.489359, -0.208724,
		-0.211735, 0.669892, 0.711627,
		30.347361, 31.954424, 42.068089>
	pigment { color rgbt <0,1,1,0> }
	no_shadow
}
cylinder {
	<31.173080, 31.541298, 42.003674>,  <30.495575, 31.485498, 41.569950>, 0.130000
	pigment { color rgbt <1,0,0,0> }
	no_shadow
}

// nucleotide -1

// particle -1
sphere {
	<31.173080, 31.541298, 42.003674> 0.250000
	pigment { color rgbt <1,0,0,0> }
	no_shadow
}
cylinder {
	<30.821295, 31.637018, 42.168247>,  <30.610224, 31.694450, 42.266991>, 0.100000
	pigment { color rgbt <1,0,0,0> }
	no_shadow
}
cylinder {
	<30.821295, 31.637018, 42.168247>,  <31.173080, 31.541298, 42.003674>, 0.100000
	pigment { color rgbt <1,0,0,0> }
	no_shadow
}

// particle -1
sphere {
	<30.821295, 31.637018, 42.168247> 0.100000
	pigment { color rgbt <1,0,0,0> }
	no_shadow
}
sphere {
	0, 1
	scale<0.080000,0.200000,0.300000>
	matrix <0.189178, -0.617466, 0.763510,
		0.436759, 0.749313, 0.497766,
		-0.879462, 0.239303, 0.411437,
		30.557457, 31.708809, 42.291679>
	pigment { color rgbt <0,1,1,0> }
	no_shadow
}
cylinder {
	<31.237804, 31.770102, 42.740452>,  <31.173080, 31.541298, 42.003674>, 0.130000
	pigment { color rgbt <1,0,0,0> }
	no_shadow
}

// nucleotide -1

// particle -1
sphere {
	<31.237804, 31.770102, 42.740452> 0.250000
	pigment { color rgbt <1,0,0,0> }
	no_shadow
}
cylinder {
	<30.882559, 31.597849, 42.676193>,  <30.669411, 31.494497, 42.637638>, 0.100000
	pigment { color rgbt <1,0,0,0> }
	no_shadow
}
cylinder {
	<30.882559, 31.597849, 42.676193>,  <31.237804, 31.770102, 42.740452>, 0.100000
	pigment { color rgbt <1,0,0,0> }
	no_shadow
}

// particle -1
sphere {
	<30.882559, 31.597849, 42.676193> 0.100000
	pigment { color rgbt <1,0,0,0> }
	no_shadow
}
sphere {
	0, 1
	scale<0.080000,0.200000,0.300000>
	matrix <0.267448, -0.768439, 0.581354,
		-0.373796, 0.473345, 0.797634,
		-0.888115, -0.430634, -0.160644,
		30.616125, 31.468658, 42.627998>
	pigment { color rgbt <0,1,1,0> }
	no_shadow
}
cylinder {
	<31.973215, 31.535194, 42.722244>,  <31.237804, 31.770102, 42.740452>, 0.130000
	pigment { color rgbt <1,0,0,0> }
	no_shadow
}

// nucleotide -1

// particle -1
sphere {
	<31.973215, 31.535194, 42.722244> 0.250000
	pigment { color rgbt <1,0,0,0> }
	no_shadow
}
cylinder {
	<32.156933, 31.206415, 42.587517>,  <32.267162, 31.009148, 42.506680>, 0.100000
	pigment { color rgbt <1,0,0,0> }
	no_shadow
}
cylinder {
	<32.156933, 31.206415, 42.587517>,  <31.973215, 31.535194, 42.722244>, 0.100000
	pigment { color rgbt <1,0,0,0> }
	no_shadow
}

// particle -1
sphere {
	<32.156933, 31.206415, 42.587517> 0.100000
	pigment { color rgbt <1,0,0,0> }
	no_shadow
}
sphere {
	0, 1
	scale<0.080000,0.200000,0.300000>
	matrix <0.322200, 0.507512, -0.799136,
		0.827789, 0.258516, 0.497930,
		0.459295, -0.821949, -0.336819,
		32.294720, 30.959831, 42.486469>
	pigment { color rgbt <0,1,1,0> }
	no_shadow
}
cylinder {
	<32.656960, 31.714834, 42.392273>,  <31.973215, 31.535194, 42.722244>, 0.130000
	pigment { color rgbt <1,0,0,0> }
	no_shadow
}

// nucleotide -1

// particle -1
sphere {
	<32.656960, 31.714834, 42.392273> 0.250000
	pigment { color rgbt <1,0,0,0> }
	no_shadow
}
cylinder {
	<32.485039, 31.392694, 42.228966>,  <32.381886, 31.199411, 42.130981>, 0.100000
	pigment { color rgbt <1,0,0,0> }
	no_shadow
}
cylinder {
	<32.485039, 31.392694, 42.228966>,  <32.656960, 31.714834, 42.392273>, 0.100000
	pigment { color rgbt <1,0,0,0> }
	no_shadow
}

// particle -1
sphere {
	<32.485039, 31.392694, 42.228966> 0.100000
	pigment { color rgbt <1,0,0,0> }
	no_shadow
}
sphere {
	0, 1
	scale<0.080000,0.200000,0.300000>
	matrix <0.184398, 0.364344, -0.912826,
		0.883894, -0.467617, -0.008090,
		-0.429800, -0.805349, -0.408269,
		32.356098, 31.151091, 42.106483>
	pigment { color rgbt <0,1,1,0> }
	no_shadow
}
cylinder {
	<32.755421, 31.274673, 42.924805>,  <32.656960, 31.714834, 42.392273>, 0.130000
	pigment { color rgbt <1,0,0,0> }
	no_shadow
}

// nucleotide -1

// particle -1
sphere {
	<32.755421, 31.274673, 42.924805> 0.250000
	pigment { color rgbt <1,0,0,0> }
	no_shadow
}
cylinder {
	<32.583778, 31.401985, 43.262932>,  <32.480793, 31.478373, 43.465809>, 0.100000
	pigment { color rgbt <1,0,0,0> }
	no_shadow
}
cylinder {
	<32.583778, 31.401985, 43.262932>,  <32.755421, 31.274673, 42.924805>, 0.100000
	pigment { color rgbt <1,0,0,0> }
	no_shadow
}

// particle -1
sphere {
	<32.583778, 31.401985, 43.262932> 0.100000
	pigment { color rgbt <1,0,0,0> }
	no_shadow
}
sphere {
	0, 1
	scale<0.080000,0.200000,0.300000>
	matrix <-0.892599, -0.006103, -0.450809,
		-0.138325, -0.947976, 0.286717,
		-0.429106, 0.318282, 0.845319,
		32.455048, 31.497469, 43.516529>
	pigment { color rgbt <0,1,1,0> }
	no_shadow
}
cylinder {
	<33.217018, 31.142832, 42.269295>,  <32.755421, 31.274673, 42.924805>, 0.130000
	pigment { color rgbt <1,0,0,0> }
	no_shadow
}

// nucleotide -1

// particle -1
sphere {
	<33.217018, 31.142832, 42.269295> 0.250000
	pigment { color rgbt <1,0,0,0> }
	no_shadow
}
cylinder {
	<33.548603, 30.980616, 42.423367>,  <33.747555, 30.883286, 42.515808>, 0.100000
	pigment { color rgbt <1,0,0,0> }
	no_shadow
}
cylinder {
	<33.548603, 30.980616, 42.423367>,  <33.217018, 31.142832, 42.269295>, 0.100000
	pigment { color rgbt <1,0,0,0> }
	no_shadow
}

// particle -1
sphere {
	<33.548603, 30.980616, 42.423367> 0.100000
	pigment { color rgbt <1,0,0,0> }
	no_shadow
}
sphere {
	0, 1
	scale<0.080000,0.200000,0.300000>
	matrix <0.557587, 0.545259, -0.625930,
		0.043818, 0.733641, 0.678123,
		0.828961, -0.405540, 0.385176,
		33.797291, 30.858953, 42.538921>
	pigment { color rgbt <0,1,1,0> }
	no_shadow
}
cylinder {
	<33.769428, 31.598885, 42.356747>,  <33.217018, 31.142832, 42.269295>, 0.130000
	pigment { color rgbt <1,0,0,0> }
	no_shadow
}

// nucleotide -1

// particle -1
sphere {
	<33.769428, 31.598885, 42.356747> 0.250000
	pigment { color rgbt <1,0,0,0> }
	no_shadow
}
cylinder {
	<33.933830, 31.235329, 42.328480>,  <34.032471, 31.017195, 42.311520>, 0.100000
	pigment { color rgbt <1,0,0,0> }
	no_shadow
}
cylinder {
	<33.933830, 31.235329, 42.328480>,  <33.769428, 31.598885, 42.356747>, 0.100000
	pigment { color rgbt <1,0,0,0> }
	no_shadow
}

// particle -1
sphere {
	<33.933830, 31.235329, 42.328480> 0.100000
	pigment { color rgbt <1,0,0,0> }
	no_shadow
}
sphere {
	0, 1
	scale<0.080000,0.200000,0.300000>
	matrix <0.496747, 0.288278, -0.818619,
		0.764407, 0.301353, 0.569973,
		0.411004, -0.908891, -0.070665,
		34.057133, 30.962662, 42.307281>
	pigment { color rgbt <0,1,1,0> }
	no_shadow
}
cylinder {
	<33.900604, 32.046829, 41.774353>,  <33.769428, 31.598885, 42.356747>, 0.130000
	pigment { color rgbt <1,0,0,0> }
	no_shadow
}

// nucleotide -1

// particle -1
sphere {
	<33.900604, 32.046829, 41.774353> 0.250000
	pigment { color rgbt <1,0,0,0> }
	no_shadow
}
cylinder {
	<33.669151, 31.743309, 41.654747>,  <33.530281, 31.561197, 41.582985>, 0.100000
	pigment { color rgbt <1,0,0,0> }
	no_shadow
}
cylinder {
	<33.669151, 31.743309, 41.654747>,  <33.900604, 32.046829, 41.774353>, 0.100000
	pigment { color rgbt <1,0,0,0> }
	no_shadow
}

// particle -1
sphere {
	<33.669151, 31.743309, 41.654747> 0.100000
	pigment { color rgbt <1,0,0,0> }
	no_shadow
}
sphere {
	0, 1
	scale<0.080000,0.200000,0.300000>
	matrix <0.181172, 0.237874, -0.954250,
		0.795214, -0.606329, -0.000167,
		-0.578629, -0.758802, -0.299011,
		33.495564, 31.515669, 41.565044>
	pigment { color rgbt <0,1,1,0> }
	no_shadow
}
cylinder {
	<34.262180, 31.859289, 41.279095>,  <33.900604, 32.046829, 41.774353>, 0.130000
	pigment { color rgbt <1,0,0,0> }
	no_shadow
}

// nucleotide -1

// particle -1
sphere {
	<34.262180, 31.859289, 41.279095> 0.250000
	pigment { color rgbt <1,0,0,0> }
	no_shadow
}
cylinder {
	<33.897812, 31.701216, 41.231663>,  <33.679192, 31.606373, 41.203201>, 0.100000
	pigment { color rgbt <1,0,0,0> }
	no_shadow
}
cylinder {
	<33.897812, 31.701216, 41.231663>,  <34.262180, 31.859289, 41.279095>, 0.100000
	pigment { color rgbt <1,0,0,0> }
	no_shadow
}

// particle -1
sphere {
	<33.897812, 31.701216, 41.231663> 0.100000
	pigment { color rgbt <1,0,0,0> }
	no_shadow
}
sphere {
	0, 1
	scale<0.080000,0.200000,0.300000>
	matrix <0.013261, 0.259221, -0.965727,
		0.412378, -0.881269, -0.230888,
		-0.910916, -0.395183, -0.118584,
		33.624538, 31.582661, 41.196087>
	pigment { color rgbt <0,1,1,0> }
	no_shadow
}
cylinder {
	<34.307114, 31.570436, 40.693432>,  <34.262180, 31.859289, 41.279095>, 0.130000
	pigment { color rgbt <1,0,0,0> }
	no_shadow
}

// nucleotide -1

// particle -1
sphere {
	<34.307114, 31.570436, 40.693432> 0.250000
	pigment { color rgbt <1,0,0,0> }
	no_shadow
}
cylinder {
	<33.911110, 31.614985, 40.728016>,  <33.673508, 31.641712, 40.748764>, 0.100000
	pigment { color rgbt <1,0,0,0> }
	no_shadow
}
cylinder {
	<33.911110, 31.614985, 40.728016>,  <34.307114, 31.570436, 40.693432>, 0.100000
	pigment { color rgbt <1,0,0,0> }
	no_shadow
}

// particle -1
sphere {
	<33.911110, 31.614985, 40.728016> 0.100000
	pigment { color rgbt <1,0,0,0> }
	no_shadow
}
sphere {
	0, 1
	scale<0.080000,0.200000,0.300000>
	matrix <-0.033014, 0.413051, -0.910109,
		-0.137068, -0.903873, -0.405248,
		-0.990011, 0.111368, 0.086456,
		33.614105, 31.648396, 40.753952>
	pigment { color rgbt <0,1,1,0> }
	no_shadow
}
cylinder {
	<33.950638, 31.231840, 40.032902>,  <34.307114, 31.570436, 40.693432>, 0.130000
	pigment { color rgbt <1,0,0,0> }
	no_shadow
}

// nucleotide -1

// particle -1
sphere {
	<33.950638, 31.231840, 40.032902> 0.250000
	pigment { color rgbt <1,0,0,0> }
	no_shadow
}
cylinder {
	<33.689327, 31.490606, 40.190243>,  <33.532539, 31.645866, 40.284645>, 0.100000
	pigment { color rgbt <1,0,0,0> }
	no_shadow
}
cylinder {
	<33.689327, 31.490606, 40.190243>,  <33.950638, 31.231840, 40.032902>, 0.100000
	pigment { color rgbt <1,0,0,0> }
	no_shadow
}

// particle -1
sphere {
	<33.689327, 31.490606, 40.190243> 0.100000
	pigment { color rgbt <1,0,0,0> }
	no_shadow
}
sphere {
	0, 1
	scale<0.080000,0.200000,0.300000>
	matrix <-0.225417, 0.329786, -0.916749,
		-0.722781, -0.687562, -0.069617,
		-0.653280, 0.646915, 0.393351,
		33.493343, 31.684681, 40.308247>
	pigment { color rgbt <0,1,1,0> }
	no_shadow
}
cylinder {
	<33.362926, 31.295332, 39.488911>,  <33.950638, 31.231840, 40.032902>, 0.130000
	pigment { color rgbt <1,0,0,0> }
	no_shadow
}

// nucleotide -1

// particle -1
sphere {
	<33.362926, 31.295332, 39.488911> 0.250000
	pigment { color rgbt <1,0,0,0> }
	no_shadow
}
cylinder {
	<33.345024, 31.610979, 39.733955>,  <33.334282, 31.800367, 39.880981>, 0.100000
	pigment { color rgbt <1,0,0,0> }
	no_shadow
}
cylinder {
	<33.345024, 31.610979, 39.733955>,  <33.362926, 31.295332, 39.488911>, 0.100000
	pigment { color rgbt <1,0,0,0> }
	no_shadow
}

// particle -1
sphere {
	<33.345024, 31.610979, 39.733955> 0.100000
	pigment { color rgbt <1,0,0,0> }
	no_shadow
}
sphere {
	0, 1
	scale<0.080000,0.200000,0.300000>
	matrix <-0.236635, 0.587399, -0.773929,
		-0.970567, -0.179605, 0.160442,
		-0.044758, 0.789117, 0.612611,
		33.331596, 31.847713, 39.917740>
	pigment { color rgbt <0,1,1,0> }
	no_shadow
}
cylinder {
	<32.633537, 31.514297, 39.566036>,  <33.362926, 31.295332, 39.488911>, 0.130000
	pigment { color rgbt <1,0,0,0> }
	no_shadow
}

// nucleotide -1

// particle -1
sphere {
	<32.633537, 31.514297, 39.566036> 0.250000
	pigment { color rgbt <1,0,0,0> }
	no_shadow
}
cylinder {
	<32.849827, 31.840685, 39.647831>,  <32.979599, 32.036518, 39.696907>, 0.100000
	pigment { color rgbt <1,0,0,0> }
	no_shadow
}
cylinder {
	<32.849827, 31.840685, 39.647831>,  <32.633537, 31.514297, 39.566036>, 0.100000
	pigment { color rgbt <1,0,0,0> }
	no_shadow
}

// particle -1
sphere {
	<32.849827, 31.840685, 39.647831> 0.100000
	pigment { color rgbt <1,0,0,0> }
	no_shadow
}
sphere {
	0, 1
	scale<0.080000,0.200000,0.300000>
	matrix <-0.524379, 0.517036, -0.676535,
		-0.657757, 0.258591, 0.707450,
		0.540723, 0.815969, 0.204485,
		33.012043, 32.085476, 39.709175>
	pigment { color rgbt <0,1,1,0> }
	no_shadow
}
cylinder {
	<32.251217, 32.181396, 39.659683>,  <32.633537, 31.514297, 39.566036>, 0.130000
	pigment { color rgbt <1,0,0,0> }
	no_shadow
}

// nucleotide -1

// particle -1
sphere {
	<32.251217, 32.181396, 39.659683> 0.250000
	pigment { color rgbt <1,0,0,0> }
	no_shadow
}
cylinder {
	<32.611004, 32.343204, 39.593567>,  <32.826878, 32.440289, 39.553898>, 0.100000
	pigment { color rgbt <1,0,0,0> }
	no_shadow
}
cylinder {
	<32.611004, 32.343204, 39.593567>,  <32.251217, 32.181396, 39.659683>, 0.100000
	pigment { color rgbt <1,0,0,0> }
	no_shadow
}

// particle -1
sphere {
	<32.611004, 32.343204, 39.593567> 0.100000
	pigment { color rgbt <1,0,0,0> }
	no_shadow
}
sphere {
	0, 1
	scale<0.080000,0.200000,0.300000>
	matrix <-0.394058, 0.587343, -0.706927,
		-0.188887, 0.700991, 0.687701,
		0.899466, 0.404524, -0.165290,
		32.880844, 32.464561, 39.543980>
	pigment { color rgbt <0,1,1,0> }
	no_shadow
}
cylinder {
	<32.099651, 32.843296, 39.563553>,  <32.251217, 32.181396, 39.659683>, 0.130000
	pigment { color rgbt <1,0,0,0> }
	no_shadow
}

// nucleotide -1

// particle -1
sphere {
	<32.099651, 32.843296, 39.563553> 0.250000
	pigment { color rgbt <1,0,0,0> }
	no_shadow
}
cylinder {
	<32.465775, 32.798225, 39.408882>,  <32.685448, 32.771183, 39.316078>, 0.100000
	pigment { color rgbt <1,0,0,0> }
	no_shadow
}
cylinder {
	<32.465775, 32.798225, 39.408882>,  <32.099651, 32.843296, 39.563553>, 0.100000
	pigment { color rgbt <1,0,0,0> }
	no_shadow
}

// particle -1
sphere {
	<32.465775, 32.798225, 39.408882> 0.100000
	pigment { color rgbt <1,0,0,0> }
	no_shadow
}
sphere {
	0, 1
	scale<0.080000,0.200000,0.300000>
	matrix <-0.254579, 0.582104, -0.772233,
