// switches for output
#declare DRAW_BASES = 1; // possible values are 0, 1; only relevant for DNA ribbons
#declare DRAW_BASES_TYPE = 3; // possible values are 1, 2, 3; only relevant for DNA ribbons
#declare DRAW_FOG = 0; // set to 1 to enable fog

#include "colors.inc"

#include "transforms.inc"
background { rgb <1, 1, 1>}

#default {
   normal{
       ripples 0.25
       frequency 0.20
       turbulence 0.2
       lambda 5
   }
	finish {
		phong 0.1
		phong_size 40.
	}
}

// original window dimensions: 1024x640


// camera settings

camera {
	sky <0, 0.179814, -0.983701>
	up <0, 0.179814, -0.983701>
	right 1.6 * <1, 0, 0>
	location <35, 94.9851, 44.8844>
	look_at <35, 29.7336, 32.9568>
	direction <0, -65.2515, -11.9276>
	angle 67.0682
}


# declare cpy_camera_pos = <35, 94.9851, 44.8844>;
# if (DRAW_FOG = 1)
fog {
	fog_type 2
	up vnormalize(cpy_camera_pos)
	color rgbt<1,1,1,0.3>
	distance 1e-5
	fog_alt 3e-3
	fog_offset 56
}
# end


// LIGHTS

# declare lum = 6;
global_settings {
	ambient_light rgb lum * <0.05, 0.05, 0.05>
	max_trace_level 15
}# declare cpy_direct_light_amount = 0.25;
light_source
{	1000 * <-1, -1.16352, -0.803886>,
	rgb lum * cpy_direct_light_amount
	parallel
}

light_source
{	1000 * <1, 1.16352, 0.803886>,
	rgb lum * cpy_direct_light_amount
	parallel
}

// strand 0

// nucleotide -1

// particle -1
sphere {
	<24.084936, 34.775181, 35.329346> 0.250000
	pigment { color rgbt <1,0,0,0> }
	no_shadow
}
cylinder {
	<24.229601, 34.878254, 34.970951>,  <24.316401, 34.940098, 34.755913>, 0.100000
	pigment { color rgbt <1,0,0,0> }
	no_shadow
}
cylinder {
	<24.229601, 34.878254, 34.970951>,  <24.084936, 34.775181, 35.329346>, 0.100000
	pigment { color rgbt <1,0,0,0> }
	no_shadow
}

// particle -1
sphere {
	<24.229601, 34.878254, 34.970951> 0.100000
	pigment { color rgbt <1,0,0,0> }
	no_shadow
}
sphere {
	0, 1
	scale<0.080000,0.200000,0.300000>
	matrix <-0.724312, 0.682755, -0.096009,
		0.587003, 0.683699, 0.433570,
		0.361663, 0.257683, -0.895991,
		24.338100, 34.955559, 34.702152>
	pigment { color rgbt <0,1,1,0> }
	no_shadow
}
cylinder {
	<24.320234, 35.465557, 35.264027>,  <24.084936, 34.775181, 35.329346>, 0.130000
	pigment { color rgbt <1,0,0,0> }
	no_shadow
}

// nucleotide -1

// particle -1
sphere {
	<24.320234, 35.465557, 35.264027> 0.250000
	pigment { color rgbt <1,0,0,0> }
	no_shadow
}
cylinder {
	<24.177940, 35.315800, 34.921497>,  <24.092564, 35.225945, 34.715981>, 0.100000
	pigment { color rgbt <1,0,0,0> }
	no_shadow
}
cylinder {
	<24.177940, 35.315800, 34.921497>,  <24.320234, 35.465557, 35.264027>, 0.100000
	pigment { color rgbt <1,0,0,0> }
	no_shadow
}

// particle -1
sphere {
	<24.177940, 35.315800, 34.921497> 0.100000
	pigment { color rgbt <1,0,0,0> }
	no_shadow
}
sphere {
	0, 1
	scale<0.080000,0.200000,0.300000>
	matrix <-0.594584, 0.797575, -0.101702,
		0.721056, 0.472975, -0.506333,
		-0.355736, -0.374390, -0.856320,
		24.071220, 35.203484, 34.664600>
	pigment { color rgbt <0,1,1,0> }
	no_shadow
}
cylinder {
	<24.641592, 35.906593, 34.726170>,  <24.320234, 35.465557, 35.264027>, 0.130000
	pigment { color rgbt <1,0,0,0> }
	no_shadow
}

// nucleotide -1

// particle -1
sphere {
	<24.641592, 35.906593, 34.726170> 0.250000
	pigment { color rgbt <1,0,0,0> }
	no_shadow
}
cylinder {
	<24.272902, 35.755913, 34.689251>,  <24.051687, 35.665504, 34.667099>, 0.100000
	pigment { color rgbt <1,0,0,0> }
	no_shadow
}
cylinder {
	<24.272902, 35.755913, 34.689251>,  <24.641592, 35.906593, 34.726170>, 0.100000
	pigment { color rgbt <1,0,0,0> }
	no_shadow
}

// particle -1
sphere {
	<24.272902, 35.755913, 34.689251> 0.100000
	pigment { color rgbt <1,0,0,0> }
	no_shadow
}
sphere {
	0, 1
	scale<0.080000,0.200000,0.300000>
	matrix <-0.374085, 0.926311, -0.044808,
		0.102377, -0.006773, -0.994723,
		-0.921726, -0.376698, -0.092299,
		23.996384, 35.642902, 34.661560>
	pigment { color rgbt <0,1,1,0> }
	no_shadow
}
cylinder {
	<24.504753, 36.569481, 35.179955>,  <24.641592, 35.906593, 34.726170>, 0.130000
	pigment { color rgbt <1,0,0,0> }
	no_shadow
}

// nucleotide -1

// particle -1
sphere {
	<24.504753, 36.569481, 35.179955> 0.250000
	pigment { color rgbt <1,0,0,0> }
	no_shadow
}
cylinder {
	<24.685541, 36.601101, 35.535366>,  <24.794014, 36.620071, 35.748611>, 0.100000
	pigment { color rgbt <1,0,0,0> }
	no_shadow
}
cylinder {
	<24.685541, 36.601101, 35.535366>,  <24.504753, 36.569481, 35.179955>, 0.100000
	pigment { color rgbt <1,0,0,0> }
	no_shadow
}

// particle -1
sphere {
	<24.685541, 36.601101, 35.535366> 0.100000
	pigment { color rgbt <1,0,0,0> }
	no_shadow
}
sphere {
	0, 1
	scale<0.080000,0.200000,0.300000>
	matrix <0.711060, -0.633368, -0.305350,
		0.538626, 0.769803, -0.342470,
		0.451969, 0.079047, 0.888524,
		24.821133, 36.624817, 35.801922>
	pigment { color rgbt <0,1,1,0> }
	no_shadow
}
cylinder {
	<25.348589, 36.742393, 35.083920>,  <24.504753, 36.569481, 35.179955>, 0.130000
	pigment { color rgbt <1,0,0,0> }
	no_shadow
}

// nucleotide -1

// particle -1
sphere {
	<25.348589, 36.742393, 35.083920> 0.250000
	pigment { color rgbt <1,0,0,0> }
	no_shadow
}
cylinder {
	<25.226786, 36.549053, 35.412224>,  <25.153704, 36.433048, 35.609207>, 0.100000
	pigment { color rgbt <1,0,0,0> }
	no_shadow
}
cylinder {
	<25.226786, 36.549053, 35.412224>,  <25.348589, 36.742393, 35.083920>, 0.100000
	pigment { color rgbt <1,0,0,0> }
	no_shadow
}

// particle -1
sphere {
	<25.226786, 36.549053, 35.412224> 0.100000
	pigment { color rgbt <1,0,0,0> }
	no_shadow
}
sphere {
	0, 1
	scale<0.080000,0.200000,0.300000>
	matrix <0.762201, -0.640425, -0.094369,
		0.571248, 0.596847, 0.563426,
		-0.304509, -0.483352, 0.820759,
		25.135433, 36.404049, 35.658451>
	pigment { color rgbt <0,1,1,0> }
	no_shadow
}
cylinder {
	<25.936264, 36.779419, 35.559387>,  <25.348589, 36.742393, 35.083920>, 0.130000
	pigment { color rgbt <1,0,0,0> }
	no_shadow
}

// nucleotide -1

// particle -1
sphere {
	<25.936264, 36.779419, 35.559387> 0.250000
	pigment { color rgbt <1,0,0,0> }
	no_shadow
}
cylinder {
	<25.695375, 36.461178, 35.585754>,  <25.550842, 36.270233, 35.601574>, 0.100000
	pigment { color rgbt <1,0,0,0> }
	no_shadow
}
cylinder {
	<25.695375, 36.461178, 35.585754>,  <25.936264, 36.779419, 35.559387>, 0.100000
	pigment { color rgbt <1,0,0,0> }
	no_shadow
}

// particle -1
sphere {
	<25.695375, 36.461178, 35.585754> 0.100000
	pigment { color rgbt <1,0,0,0> }
	no_shadow
}
sphere {
	0, 1
	scale<0.080000,0.200000,0.300000>
	matrix <0.792259, -0.605766, -0.073298,
		0.098248, 0.008085, 0.995129,
		-0.602223, -0.795602, 0.065920,
		25.514708, 36.222496, 35.605530>
	pigment { color rgbt <0,1,1,0> }
	no_shadow
}
cylinder {
	<26.123150, 36.288448, 36.103508>,  <25.936264, 36.779419, 35.559387>, 0.130000
	pigment { color rgbt <1,0,0,0> }
	no_shadow
}

// nucleotide -1

// particle -1
sphere {
	<26.123150, 36.288448, 36.103508> 0.250000
	pigment { color rgbt <1,0,0,0> }
	no_shadow
}
cylinder {
	<25.941822, 36.141197, 35.778797>,  <25.833025, 36.052849, 35.583969>, 0.100000
	pigment { color rgbt <1,0,0,0> }
	no_shadow
}
cylinder {
	<25.941822, 36.141197, 35.778797>,  <26.123150, 36.288448, 36.103508>, 0.100000
	pigment { color rgbt <1,0,0,0> }
	no_shadow
}

// particle -1
sphere {
	<25.941822, 36.141197, 35.778797> 0.100000
	pigment { color rgbt <1,0,0,0> }
	no_shadow
}
sphere {
	0, 1
	scale<0.080000,0.200000,0.300000>
	matrix <0.797943, -0.573465, -0.185538,
		-0.397225, -0.731862, 0.553706,
		-0.453320, -0.368126, -0.811779,
		25.805826, 36.030758, 35.535263>
	pigment { color rgbt <0,1,1,0> }
	no_shadow
}
cylinder {
	<25.849602, 35.617859, 36.092026>,  <26.123150, 36.288448, 36.103508>, 0.130000
	pigment { color rgbt <1,0,0,0> }
	no_shadow
}

// nucleotide -1

// particle -1
sphere {
	<25.849602, 35.617859, 36.092026> 0.250000
	pigment { color rgbt <1,0,0,0> }
	no_shadow
}
cylinder {
	<25.980289, 35.730293, 35.731083>,  <26.058702, 35.797756, 35.514519>, 0.100000
	pigment { color rgbt <1,0,0,0> }
	no_shadow
}
cylinder {
	<25.980289, 35.730293, 35.731083>,  <25.849602, 35.617859, 36.092026>, 0.100000
	pigment { color rgbt <1,0,0,0> }
	no_shadow
}

// particle -1
sphere {
	<25.980289, 35.730293, 35.731083> 0.100000
	pigment { color rgbt <1,0,0,0> }
	no_shadow
}
sphere {
	0, 1
	scale<0.080000,0.200000,0.300000>
	matrix <0.723058, -0.689179, 0.047117,
		-0.608640, -0.667848, -0.428411,
		0.326719, 0.281089, -0.902354,
		26.078304, 35.814621, 35.460377>
	pigment { color rgbt <0,1,1,0> }
	no_shadow
}
cylinder {
	<25.828978, 34.961472, 35.667004>,  <25.849602, 35.617859, 36.092026>, 0.130000
	pigment { color rgbt <1,0,0,0> }
	no_shadow
}

// nucleotide -1

// particle -1
sphere {
	<25.828978, 34.961472, 35.667004> 0.250000
	pigment { color rgbt <1,0,0,0> }
	no_shadow
}
cylinder {
	<26.088186, 35.241188, 35.546295>,  <26.243711, 35.409016, 35.473869>, 0.100000
	pigment { color rgbt <1,0,0,0> }
	no_shadow
}
cylinder {
	<26.088186, 35.241188, 35.546295>,  <25.828978, 34.961472, 35.667004>, 0.100000
	pigment { color rgbt <1,0,0,0> }
	no_shadow
}

// particle -1
sphere {
	<26.088186, 35.241188, 35.546295> 0.100000
	pigment { color rgbt <1,0,0,0> }
	no_shadow
}
sphere {
	0, 1
	scale<0.080000,0.200000,0.300000>
	matrix <0.747829, -0.659275, 0.078154,
		-0.144296, -0.276317, -0.950172,
		0.648020, 0.699289, -0.301768,
		26.282593, 35.450974, 35.455765>
	pigment { color rgbt <0,1,1,0> }
	no_shadow
}
cylinder {
	<26.226263, 34.696873, 35.087959>,  <25.828978, 34.961472, 35.667004>, 0.130000
	pigment { color rgbt <1,0,0,0> }
	no_shadow
}

// nucleotide -1

// particle -1
sphere {
	<26.226263, 34.696873, 35.087959> 0.250000
	pigment { color rgbt <1,0,0,0> }
	no_shadow
}
cylinder {
	<26.445040, 34.983616, 35.260921>,  <26.576305, 35.155663, 35.364697>, 0.100000
	pigment { color rgbt <1,0,0,0> }
	no_shadow
}
cylinder {
	<26.445040, 34.983616, 35.260921>,  <26.226263, 34.696873, 35.087959>, 0.100000
	pigment { color rgbt <1,0,0,0> }
	no_shadow
}

// particle -1
sphere {
	<26.445040, 34.983616, 35.260921> 0.100000
	pigment { color rgbt <1,0,0,0> }
	no_shadow
}
sphere {
	0, 1
	scale<0.080000,0.200000,0.300000>
	matrix <0.787447, -0.615875, 0.024986,
		0.284217, 0.326828, -0.901335,
		0.546944, 0.716855, 0.432402,
		26.609123, 35.198673, 35.390640>
	pigment { color rgbt <0,1,1,0> }
	no_shadow
}
cylinder {
	<26.849066, 34.579571, 34.804237>,  <26.226263, 34.696873, 35.087959>, 0.130000
	pigment { color rgbt <1,0,0,0> }
	no_shadow
}

// nucleotide -1

// particle -1
sphere {
	<26.849066, 34.579571, 34.804237> 0.250000
	pigment { color rgbt <1,0,0,0> }
	no_shadow
}
cylinder {
	<26.921457, 34.806644, 35.125481>,  <26.964891, 34.942890, 35.318226>, 0.100000
	pigment { color rgbt <1,0,0,0> }
	no_shadow
}
cylinder {
	<26.921457, 34.806644, 35.125481>,  <26.849066, 34.579571, 34.804237>, 0.100000
	pigment { color rgbt <1,0,0,0> }
	no_shadow
}

// particle -1
sphere {
	<26.921457, 34.806644, 35.125481> 0.100000
	pigment { color rgbt <1,0,0,0> }
	no_shadow
}
sphere {
	0, 1
	scale<0.080000,0.200000,0.300000>
	matrix <0.851537, -0.499014, 0.160841,
		0.492069, 0.654768, -0.573713,
		0.180977, 0.567683, 0.803109,
		26.975750, 34.976948, 35.366413>
	pigment { color rgbt <0,1,1,0> }
	no_shadow
}
cylinder {
	<27.531618, 34.766720, 34.707947>,  <26.849066, 34.579571, 34.804237>, 0.130000
	pigment { color rgbt <1,0,0,0> }
	no_shadow
}

// nucleotide -1

// particle -1
sphere {
	<27.531618, 34.766720, 34.707947> 0.250000
	pigment { color rgbt <1,0,0,0> }
	no_shadow
}
cylinder {
	<27.461676, 34.827854, 35.097012>,  <27.419710, 34.864536, 35.330448>, 0.100000
	pigment { color rgbt <1,0,0,0> }
	no_shadow
}
cylinder {
	<27.461676, 34.827854, 35.097012>,  <27.531618, 34.766720, 34.707947>, 0.100000
	pigment { color rgbt <1,0,0,0> }
	no_shadow
}

// particle -1
sphere {
	<27.461676, 34.827854, 35.097012> 0.100000
	pigment { color rgbt <1,0,0,0> }
	no_shadow
}
sphere {
	0, 1
	scale<0.080000,0.200000,0.300000>
	matrix <0.722134, -0.651614, 0.232210,
		0.669289, 0.742993, 0.003570,
		-0.174857, 0.152838, 0.972659,
		27.409218, 34.873707, 35.388809>
	pigment { color rgbt <0,1,1,0> }
	no_shadow
}
cylinder {
	<28.135607, 34.826283, 35.024990>,  <27.531618, 34.766720, 34.707947>, 0.130000
	pigment { color rgbt <1,0,0,0> }
	no_shadow
}

// nucleotide -1

// particle -1
sphere {
	<28.135607, 34.826283, 35.024990> 0.250000
	pigment { color rgbt <1,0,0,0> }
	no_shadow
}
cylinder {
	<27.900185, 34.703911, 35.324326>,  <27.758932, 34.630489, 35.503925>, 0.100000
	pigment { color rgbt <1,0,0,0> }
	no_shadow
}
cylinder {
	<27.900185, 34.703911, 35.324326>,  <28.135607, 34.826283, 35.024990>, 0.100000
	pigment { color rgbt <1,0,0,0> }
	no_shadow
}

// particle -1
sphere {
	<27.900185, 34.703911, 35.324326> 0.100000
	pigment { color rgbt <1,0,0,0> }
	no_shadow
}
sphere {
	0, 1
	scale<0.080000,0.200000,0.300000>
	matrix <0.654175, -0.724102, 0.218478,
		0.475035, 0.618131, 0.626304,
		-0.588556, -0.305927, 0.748339,
		27.723618, 34.612133, 35.548828>
	pigment { color rgbt <0,1,1,0> }
	no_shadow
}
cylinder {
	<28.613422, 34.613724, 35.646942>,  <28.135607, 34.826283, 35.024990>, 0.130000
	pigment { color rgbt <1,0,0,0> }
	no_shadow
}

// nucleotide -1

// particle -1
sphere {
	<28.613422, 34.613724, 35.646942> 0.250000
	pigment { color rgbt <1,0,0,0> }
	no_shadow
}
cylinder {
	<28.260002, 34.459377, 35.753109>,  <28.047951, 34.366768, 35.816811>, 0.100000
	pigment { color rgbt <1,0,0,0> }
	no_shadow
}
cylinder {
	<28.260002, 34.459377, 35.753109>,  <28.613422, 34.613724, 35.646942>, 0.100000
	pigment { color rgbt <1,0,0,0> }
	no_shadow
}

// particle -1
sphere {
	<28.260002, 34.459377, 35.753109> 0.100000
	pigment { color rgbt <1,0,0,0> }
	no_shadow
}
sphere {
	0, 1
	scale<0.080000,0.200000,0.300000>
	matrix <0.467828, -0.753556, 0.461833,
		0.021800, 0.532222, 0.846324,
		-0.883551, -0.385866, 0.265416,
		27.994938, 34.343616, 35.832733>
	pigment { color rgbt <0,1,1,0> }
	no_shadow
}
cylinder {
	<28.741163, 34.380898, 36.346378>,  <28.613422, 34.613724, 35.646942>, 0.130000
	pigment { color rgbt <1,0,0,0> }
	no_shadow
}

// nucleotide -1

// particle -1
sphere {
	<28.741163, 34.380898, 36.346378> 0.250000
	pigment { color rgbt <1,0,0,0> }
	no_shadow
}
cylinder {
	<28.432846, 34.192322, 36.174973>,  <28.247856, 34.079178, 36.072128>, 0.100000
	pigment { color rgbt <1,0,0,0> }
	no_shadow
}
cylinder {
	<28.432846, 34.192322, 36.174973>,  <28.741163, 34.380898, 36.346378>, 0.100000
	pigment { color rgbt <1,0,0,0> }
	no_shadow
}

// particle -1
sphere {
	<28.432846, 34.192322, 36.174973> 0.100000
	pigment { color rgbt <1,0,0,0> }
	no_shadow
}
sphere {
	0, 1
	scale<0.080000,0.200000,0.300000>
	matrix <0.323012, -0.868944, 0.374966,
		-0.549128, 0.150606, 0.822056,
		-0.770793, -0.471438, -0.428514,
		28.201609, 34.050892, 36.046417>
	pigment { color rgbt <0,1,1,0> }
	no_shadow
}
cylinder {
	<28.552010, 33.889793, 36.802139>,  <28.741163, 34.380898, 36.346378>, 0.130000
	pigment { color rgbt <1,0,0,0> }
	no_shadow
}

// nucleotide -1

// particle -1
sphere {
	<28.552010, 33.889793, 36.802139> 0.250000
	pigment { color rgbt <1,0,0,0> }
	no_shadow
}
cylinder {
	<28.381536, 33.770000, 36.460690>,  <28.279253, 33.698124, 36.255821>, 0.100000
	pigment { color rgbt <1,0,0,0> }
	no_shadow
}
cylinder {
	<28.381536, 33.770000, 36.460690>,  <28.552010, 33.889793, 36.802139>, 0.100000
	pigment { color rgbt <1,0,0,0> }
	no_shadow
}

// particle -1
sphere {
	<28.381536, 33.770000, 36.460690> 0.100000
	pigment { color rgbt <1,0,0,0> }
	no_shadow
}
sphere {
	0, 1
	scale<0.080000,0.200000,0.300000>
	matrix <0.156751, -0.953785, 0.256367,
		-0.890954, -0.024548, 0.453430,
		-0.426181, -0.299486, -0.853626,
		28.253681, 33.680153, 36.204601>
	pigment { color rgbt <0,1,1,0> }
	no_shadow
}
cylinder {
	<28.066452, 33.343704, 36.959953>,  <28.552010, 33.889793, 36.802139>, 0.130000
	pigment { color rgbt <1,0,0,0> }
	no_shadow
}

// nucleotide -1

// particle -1
sphere {
	<28.066452, 33.343704, 36.959953> 0.250000
	pigment { color rgbt <1,0,0,0> }
	no_shadow
}
cylinder {
	<28.130648, 33.296547, 36.567966>,  <28.169165, 33.268253, 36.332775>, 0.100000
	pigment { color rgbt <1,0,0,0> }
	no_shadow
}
cylinder {
	<28.130648, 33.296547, 36.567966>,  <28.066452, 33.343704, 36.959953>, 0.100000
	pigment { color rgbt <1,0,0,0> }
	no_shadow
}

// particle -1
sphere {
	<28.130648, 33.296547, 36.567966> 0.100000
	pigment { color rgbt <1,0,0,0> }
	no_shadow
}
sphere {
	0, 1
	scale<0.080000,0.200000,0.300000>
	matrix <0.204211, -0.967394, 0.149820,
		-0.965682, -0.224165, -0.131179,
		0.160486, -0.117891, -0.979972,
		28.178795, 33.261181, 36.273975>
	pigment { color rgbt <0,1,1,0> }
	no_shadow
}
cylinder {
	<27.780399, 32.726479, 36.790340>,  <28.066452, 33.343704, 36.959953>, 0.130000
	pigment { color rgbt <1,0,0,0> }
	no_shadow
}

// nucleotide -1

// particle -1
sphere {
	<27.780399, 32.726479, 36.790340> 0.250000
	pigment { color rgbt <1,0,0,0> }
	no_shadow
}
cylinder {
	<28.042574, 32.788101, 36.494595>,  <28.199879, 32.825077, 36.317146>, 0.100000
	pigment { color rgbt <1,0,0,0> }
	no_shadow
}
cylinder {
	<28.042574, 32.788101, 36.494595>,  <27.780399, 32.726479, 36.790340>, 0.100000
	pigment { color rgbt <1,0,0,0> }
	no_shadow
}

// particle -1
sphere {
	<28.042574, 32.788101, 36.494595> 0.100000
	pigment { color rgbt <1,0,0,0> }
	no_shadow
}
sphere {
	0, 1
	scale<0.080000,0.200000,0.300000>
	matrix <0.260794, -0.964924, 0.030130,
		-0.708792, -0.212571, -0.672627,
		0.655439, 0.154061, -0.739368,
		28.239206, 32.834320, 36.272785>
	pigment { color rgbt <0,1,1,0> }
	no_shadow
}
cylinder {
	<27.751303, 32.108387, 36.377499>,  <27.780399, 32.726479, 36.790340>, 0.130000
	pigment { color rgbt <1,0,0,0> }
	no_shadow
}

// nucleotide -1

// particle -1
sphere {
	<27.751303, 32.108387, 36.377499> 0.250000
	pigment { color rgbt <1,0,0,0> }
	no_shadow
}
cylinder {
	<28.101627, 32.284306, 36.297970>,  <28.311823, 32.389858, 36.250252>, 0.100000
	pigment { color rgbt <1,0,0,0> }
	no_shadow
}
cylinder {
	<28.101627, 32.284306, 36.297970>,  <27.751303, 32.108387, 36.377499>, 0.100000
	pigment { color rgbt <1,0,0,0> }
	no_shadow
}

// particle -1
sphere {
	<28.101627, 32.284306, 36.297970> 0.100000
	pigment { color rgbt <1,0,0,0> }
	no_shadow
}
sphere {
	0, 1
	scale<0.080000,0.200000,0.300000>
	matrix <0.451186, -0.892326, 0.013637,
		-0.171420, -0.101651, -0.979940,
		0.875812, 0.439797, -0.198826,
		28.364370, 32.416245, 36.238323>
	pigment { color rgbt <0,1,1,0> }
	no_shadow
}
cylinder {
	<28.196953, 31.752214, 35.770454>,  <27.751303, 32.108387, 36.377499>, 0.130000
	pigment { color rgbt <1,0,0,0> }
	no_shadow
}

// nucleotide -1

// particle -1
sphere {
	<28.196953, 31.752214, 35.770454> 0.250000
	pigment { color rgbt <1,0,0,0> }
	no_shadow
}
cylinder {
	<28.460184, 31.956871, 35.991417>,  <28.618122, 32.079666, 36.123997>, 0.100000
	pigment { color rgbt <1,0,0,0> }
	no_shadow
}
cylinder {
	<28.460184, 31.956871, 35.991417>,  <28.196953, 31.752214, 35.770454>, 0.100000
	pigment { color rgbt <1,0,0,0> }
	no_shadow
}

// particle -1
sphere {
	<28.460184, 31.956871, 35.991417> 0.100000
	pigment { color rgbt <1,0,0,0> }
	no_shadow
}
sphere {
	0, 1
	scale<0.080000,0.200000,0.300000>
	matrix <0.573204, -0.816149, 0.073062,
		0.488231, 0.268563, -0.830364,
		0.658079, 0.511640, 0.552410,
		28.657608, 32.110363, 36.157139>
	pigment { color rgbt <0,1,1,0> }
	no_shadow
}
cylinder {
	<28.755070, 31.398777, 35.651493>,  <28.196953, 31.752214, 35.770454>, 0.130000
	pigment { color rgbt <1,0,0,0> }
	no_shadow
}

// nucleotide -1

// particle -1
sphere {
	<28.755070, 31.398777, 35.651493> 0.250000
	pigment { color rgbt <1,0,0,0> }
	no_shadow
}
cylinder {
	<28.893936, 31.628681, 35.947906>,  <28.977255, 31.766624, 36.125755>, 0.100000
	pigment { color rgbt <1,0,0,0> }
	no_shadow
}
cylinder {
	<28.893936, 31.628681, 35.947906>,  <28.755070, 31.398777, 35.651493>, 0.100000
	pigment { color rgbt <1,0,0,0> }
	no_shadow
}

// particle -1
sphere {
	<28.893936, 31.628681, 35.947906> 0.100000
	pigment { color rgbt <1,0,0,0> }
	no_shadow
}
sphere {
	0, 1
	scale<0.080000,0.200000,0.300000>
	matrix <0.716497, -0.672379, 0.185843,
		0.605069, 0.466429, -0.645241,
		0.347164, 0.574761, 0.741031,
		28.998085, 31.801109, 36.170216>
	pigment { color rgbt <0,1,1,0> }
	no_shadow
}
cylinder {
	<29.400957, 31.560595, 35.456417>,  <28.755070, 31.398777, 35.651493>, 0.130000
	pigment { color rgbt <1,0,0,0> }
	no_shadow
}

// nucleotide -1

// particle -1
sphere {
	<29.400957, 31.560595, 35.456417> 0.250000
	pigment { color rgbt <1,0,0,0> }
	no_shadow
}
cylinder {
	<29.360941, 31.569889, 35.854301>,  <29.336931, 31.575466, 36.093033>, 0.100000
	pigment { color rgbt <1,0,0,0> }
	no_shadow
}
cylinder {
	<29.360941, 31.569889, 35.854301>,  <29.400957, 31.560595, 35.456417>, 0.100000
	pigment { color rgbt <1,0,0,0> }
	no_shadow
}

// particle -1
sphere {
	<29.360941, 31.569889, 35.854301> 0.100000
	pigment { color rgbt <1,0,0,0> }
	no_shadow
}
sphere {
	0, 1
	scale<0.080000,0.200000,0.300000>
	matrix <0.614627, -0.784736, 0.080146,
		0.782448, 0.619395, 0.064224,
		-0.100041, 0.023236, 0.994712,
		29.330929, 31.576860, 36.152714>
	pigment { color rgbt <0,1,1,0> }
	no_shadow
}
cylinder {
	<30.035530, 31.640680, 35.719723>,  <29.400957, 31.560595, 35.456417>, 0.130000
	pigment { color rgbt <1,0,0,0> }
	no_shadow
}

// nucleotide -1

// particle -1
sphere {
	<30.035530, 31.640680, 35.719723> 0.250000
	pigment { color rgbt <1,0,0,0> }
	no_shadow
}
cylinder {
	<29.812677, 31.499321, 36.020313>,  <29.678965, 31.414505, 36.200668>, 0.100000
	pigment { color rgbt <1,0,0,0> }
	no_shadow
}
cylinder {
	<29.812677, 31.499321, 36.020313>,  <30.035530, 31.640680, 35.719723>, 0.100000
	pigment { color rgbt <1,0,0,0> }
	no_shadow
}

// particle -1
sphere {
	<29.812677, 31.499321, 36.020313> 0.100000
	pigment { color rgbt <1,0,0,0> }
	no_shadow
}
sphere {
	0, 1
	scale<0.080000,0.200000,0.300000>
	matrix <0.685702, -0.706220, 0.176256,
		0.468417, 0.613484, 0.635784,
		-0.557134, -0.353397, 0.751473,
		29.645536, 31.393301, 36.245754>
	pigment { color rgbt <0,1,1,0> }
	no_shadow
}
cylinder {
	<30.507265, 31.204044, 36.029118>,  <30.035530, 31.640680, 35.719723>, 0.130000
	pigment { color rgbt <1,0,0,0> }
	no_shadow
}

// nucleotide -1

// particle -1
sphere {
	<30.507265, 31.204044, 36.029118> 0.250000
	pigment { color rgbt <1,0,0,0> }
	no_shadow
}
cylinder {
	<30.186958, 31.108898, 36.249008>,  <29.994774, 31.051811, 36.380943>, 0.100000
	pigment { color rgbt <1,0,0,0> }
	no_shadow
}
cylinder {
	<30.186958, 31.108898, 36.249008>,  <30.507265, 31.204044, 36.029118>, 0.100000
	pigment { color rgbt <1,0,0,0> }
	no_shadow
}

// particle -1
sphere {
	<30.186958, 31.108898, 36.249008> 0.100000
	pigment { color rgbt <1,0,0,0> }
	no_shadow
}
sphere {
	0, 1
	scale<0.080000,0.200000,0.300000>
	matrix <0.494426, -0.780548, 0.382475,
		0.338109, 0.578071, 0.742642,
		-0.800766, -0.237863, 0.549723,
		29.946728, 31.037539, 36.413925>
	pigment { color rgbt <0,1,1,0> }
	no_shadow
}
cylinder {
	<30.604864, 31.225517, 36.754105>,  <30.507265, 31.204044, 36.029118>, 0.130000
	pigment { color rgbt <1,0,0,0> }
	no_shadow
}

// nucleotide -1

// particle -1
sphere {
	<30.604864, 31.225517, 36.754105> 0.250000
	pigment { color rgbt <1,0,0,0> }
	no_shadow
}
cylinder {
	<30.307899, 30.962990, 36.700333>,  <30.129721, 30.805473, 36.668068>, 0.100000
	pigment { color rgbt <1,0,0,0> }
	no_shadow
}
cylinder {
	<30.307899, 30.962990, 36.700333>,  <30.604864, 31.225517, 36.754105>, 0.100000
	pigment { color rgbt <1,0,0,0> }
	no_shadow
}

// particle -1
sphere {
	<30.307899, 30.962990, 36.700333> 0.100000
	pigment { color rgbt <1,0,0,0> }
	no_shadow
}
sphere {
	0, 1
	scale<0.080000,0.200000,0.300000>
	matrix <0.570999, -0.724844, 0.385437,
		-0.350410, 0.209394, 0.912889,
		-0.742410, -0.656320, -0.134429,
		30.085176, 30.766094, 36.660004>
	pigment { color rgbt <0,1,1,0> }
	no_shadow
}
cylinder {
	<30.424685, 30.745632, 37.393162>,  <30.604864, 31.225517, 36.754105>, 0.130000
	pigment { color rgbt <1,0,0,0> }
	no_shadow
}

// nucleotide -1

// particle -1
sphere {
	<30.424685, 30.745632, 37.393162> 0.250000
	pigment { color rgbt <1,0,0,0> }
	no_shadow
}
cylinder {
	<30.343849, 30.555899, 37.050426>,  <30.295349, 30.442059, 36.844788>, 0.100000
	pigment { color rgbt <1,0,0,0> }
	no_shadow
}
cylinder {
	<30.343849, 30.555899, 37.050426>,  <30.424685, 30.745632, 37.393162>, 0.100000
	pigment { color rgbt <1,0,0,0> }
	no_shadow
}

// particle -1
sphere {
	<30.343849, 30.555899, 37.050426> 0.100000
	pigment { color rgbt <1,0,0,0> }
	no_shadow
}
sphere {
	0, 1
	scale<0.080000,0.200000,0.300000>
	matrix <0.619334, -0.739632, 0.263380,
		-0.758674, -0.477442, 0.443242,
		-0.202088, -0.474335, -0.856835,
		30.283222, 30.413599, 36.793377>
	pigment { color rgbt <0,1,1,0> }
	no_shadow
}
cylinder {
	<30.144888, 30.021114, 37.502720>,  <30.424685, 30.745632, 37.393162>, 0.130000
	pigment { color rgbt <1,0,0,0> }
	no_shadow
}

// nucleotide -1

// particle -1
sphere {
	<30.144888, 30.021114, 37.502720> 0.250000
	pigment { color rgbt <1,0,0,0> }
	no_shadow
}
cylinder {
	<30.335464, 30.043442, 37.151749>,  <30.449810, 30.056839, 36.941166>, 0.100000
	pigment { color rgbt <1,0,0,0> }
	no_shadow
}
cylinder {
	<30.335464, 30.043442, 37.151749>,  <30.144888, 30.021114, 37.502720>, 0.100000
	pigment { color rgbt <1,0,0,0> }
	no_shadow
}

// particle -1
sphere {
	<30.335464, 30.043442, 37.151749> 0.100000
	pigment { color rgbt <1,0,0,0> }
	no_shadow
}
sphere {
	0, 1
	scale<0.080000,0.200000,0.300000>
	matrix <0.691963, -0.639475, 0.335052,
		-0.542392, -0.766783, -0.343299,
		0.476443, 0.055820, -0.877431,
		30.478397, 30.060188, 36.888519>
	pigment { color rgbt <0,1,1,0> }
	no_shadow
}
cylinder {
	<30.198597, 29.327229, 37.202820>,  <30.144888, 30.021114, 37.502720>, 0.130000
	pigment { color rgbt <1,0,0,0> }
	no_shadow
}

// nucleotide -1

// particle -1
sphere {
	<30.198597, 29.327229, 37.202820> 0.250000
	pigment { color rgbt <1,0,0,0> }
	no_shadow
}
cylinder {
	<30.511869, 29.558041, 37.110157>,  <30.699833, 29.696527, 37.054558>, 0.100000
	pigment { color rgbt <1,0,0,0> }
	no_shadow
}
cylinder {
	<30.511869, 29.558041, 37.110157>,  <30.198597, 29.327229, 37.202820>, 0.100000
	pigment { color rgbt <1,0,0,0> }
	no_shadow
}

// particle -1
sphere {
	<30.511869, 29.558041, 37.110157> 0.100000
	pigment { color rgbt <1,0,0,0> }
	no_shadow
}
sphere {
	0, 1
	scale<0.080000,0.200000,0.300000>
	matrix <0.605904, -0.624537, 0.492782,
		0.139671, -0.526300, -0.838749,
		0.783181, 0.577029, -0.231657,
		30.746824, 29.731150, 37.040661>
	pigment { color rgbt <0,1,1,0> }
	no_shadow
}
cylinder {
	<29.723896, 28.838894, 36.874771>,  <30.198597, 29.327229, 37.202820>, 0.130000
	pigment { color rgbt <1,0,0,0> }
	no_shadow
}

// nucleotide -1

// particle -1
sphere {
	<29.723896, 28.838894, 36.874771> 0.250000
	pigment { color rgbt <1,0,0,0> }
	no_shadow
}
cylinder {
	<29.730743, 28.469112, 37.027134>,  <29.734852, 28.247244, 37.118553>, 0.100000
	pigment { color rgbt <1,0,0,0> }
	no_shadow
}
cylinder {
	<29.730743, 28.469112, 37.027134>,  <29.723896, 28.838894, 36.874771>, 0.100000
	pigment { color rgbt <1,0,0,0> }
	no_shadow
}

// particle -1
sphere {
	<29.730743, 28.469112, 37.027134> 0.100000
	pigment { color rgbt <1,0,0,0> }
	no_shadow
}
sphere {
	0, 1
	scale<0.080000,0.200000,0.300000>
	matrix <-0.999687, -0.022777, -0.010359,
		0.018252, -0.380611, -0.924555,
		0.017116, -0.924454, 0.380908,
		29.735878, 28.191776, 37.141407>
	pigment { color rgbt <0,1,1,0> }
	no_shadow
}
cylinder {
	<29.528570, 28.274210, 36.343662>,  <29.723896, 28.838894, 36.874771>, 0.130000
	pigment { color rgbt <1,0,0,0> }
	no_shadow
}

// nucleotide -1

// particle -1
sphere {
	<29.528570, 28.274210, 36.343662> 0.250000
	pigment { color rgbt <1,0,0,0> }
	no_shadow
}
cylinder {
	<29.415939, 28.246668, 36.726486>,  <29.348360, 28.230143, 36.956181>, 0.100000
	pigment { color rgbt <1,0,0,0> }
	no_shadow
}
cylinder {
	<29.415939, 28.246668, 36.726486>,  <29.528570, 28.274210, 36.343662>, 0.100000
	pigment { color rgbt <1,0,0,0> }
	no_shadow
}

// particle -1
sphere {
	<29.415939, 28.246668, 36.726486> 0.100000
	pigment { color rgbt <1,0,0,0> }
	no_shadow
}
sphere {
	0, 1
	scale<0.080000,0.200000,0.300000>
	matrix <-0.956202, 0.103239, -0.273898,
		-0.079948, -0.992271, -0.094908,
		-0.281579, -0.068854, 0.957064,
		29.331465, 28.226011, 37.013607>
	pigment { color rgbt <0,1,1,0> }
	no_shadow
}
cylinder {
	<29.030052, 27.688931, 36.504314>,  <29.528570, 28.274210, 36.343662>, 0.130000
	pigment { color rgbt <1,0,0,0> }
	no_shadow
}

// nucleotide -1

// particle -1
sphere {
	<29.030052, 27.688931, 36.504314> 0.250000
	pigment { color rgbt <1,0,0,0> }
	no_shadow
}
cylinder {
	<28.979893, 28.013958, 36.732002>,  <28.949797, 28.208975, 36.868614>, 0.100000
	pigment { color rgbt <1,0,0,0> }
	no_shadow
}
cylinder {
	<28.979893, 28.013958, 36.732002>,  <29.030052, 27.688931, 36.504314>, 0.100000
	pigment { color rgbt <1,0,0,0> }
	no_shadow
}

// particle -1
sphere {
	<28.979893, 28.013958, 36.732002> 0.100000
	pigment { color rgbt <1,0,0,0> }
	no_shadow
}
sphere {
	0, 1
	scale<0.080000,0.200000,0.300000>
	matrix <-0.940559, 0.085164, -0.328780,
		-0.315632, -0.576612, 0.753588,
		-0.125400, 0.812568, 0.569218,
		28.942272, 28.257729, 36.902767>
	pigment { color rgbt <0,1,1,0> }
	no_shadow
}
cylinder {
	<28.348246, 27.606258, 36.845467>,  <29.030052, 27.688931, 36.504314>, 0.130000
	pigment { color rgbt <1,0,0,0> }
	no_shadow
}

// nucleotide -1

// particle -1
sphere {
	<28.348246, 27.606258, 36.845467> 0.250000
	pigment { color rgbt <1,0,0,0> }
	no_shadow
}
cylinder {
	<28.448050, 27.989517, 36.789318>,  <28.507933, 28.219473, 36.755630>, 0.100000
	pigment { color rgbt <1,0,0,0> }
	no_shadow
}
cylinder {
	<28.448050, 27.989517, 36.789318>,  <28.348246, 27.606258, 36.845467>, 0.100000
	pigment { color rgbt <1,0,0,0> }
	no_shadow
}

// particle -1
sphere {
	<28.448050, 27.989517, 36.789318> 0.100000
	pigment { color rgbt <1,0,0,0> }
	no_shadow
}
sphere {
	0, 1
	scale<0.080000,0.200000,0.300000>
	matrix <-0.891776, 0.170844, -0.418985,
		-0.377467, 0.229719, 0.897077,
		0.249509, 0.958145, -0.140370,
		28.522902, 28.276960, 36.747208>
	pigment { color rgbt <0,1,1,0> }
	no_shadow
}
cylinder {
	<27.839493, 28.109774, 37.080978>,  <28.348246, 27.606258, 36.845467>, 0.130000
	pigment { color rgbt <1,0,0,0> }
	no_shadow
}

// nucleotide -1

// particle -1
sphere {
	<27.839493, 28.109774, 37.080978> 0.250000
	pigment { color rgbt <1,0,0,0> }
	no_shadow
}
cylinder {
	<28.066530, 28.222452, 36.771530>,  <28.202753, 28.290060, 36.585861>, 0.100000
	pigment { color rgbt <1,0,0,0> }
	no_shadow
}
cylinder {
	<28.066530, 28.222452, 36.771530>,  <27.839493, 28.109774, 37.080978>, 0.100000
	pigment { color rgbt <1,0,0,0> }
	no_shadow
}

// particle -1
sphere {
	<28.066530, 28.222452, 36.771530> 0.100000
	pigment { color rgbt <1,0,0,0> }
	no_shadow
}
sphere {
	0, 1
	scale<0.080000,0.200000,0.300000>
	matrix <-0.805196, -0.006093, -0.592978,
		-0.171753, 0.959484, 0.223362,
		0.567592, 0.281696, -0.773619,
		28.236807, 28.306961, 36.539444>
	pigment { color rgbt <0,1,1,0> }
	no_shadow
}
cylinder {
	<27.398815, 28.667955, 36.773983>,  <27.839493, 28.109774, 37.080978>, 0.130000
	pigment { color rgbt <1,0,0,0> }
	no_shadow
}

// nucleotide -1

// particle -1
sphere {
	<27.398815, 28.667955, 36.773983> 0.250000
	pigment { color rgbt <1,0,0,0> }
	no_shadow
}
cylinder {
	<27.634941, 28.449322, 36.536404>,  <27.776617, 28.318142, 36.393856>, 0.100000
	pigment { color rgbt <1,0,0,0> }
	no_shadow
}
cylinder {
	<27.634941, 28.449322, 36.536404>,  <27.398815, 28.667955, 36.773983>, 0.100000
	pigment { color rgbt <1,0,0,0> }
	no_shadow
}

// particle -1
sphere {
	<27.634941, 28.449322, 36.536404> 0.100000
	pigment { color rgbt <1,0,0,0> }
	no_shadow
}
sphere {
	0, 1
	scale<0.080000,0.200000,0.300000>
	matrix <-0.805302, -0.448880, -0.387292,
		-0.054924, 0.706933, -0.705145,
		0.590315, -0.546583, -0.593949,
		27.812037, 28.285347, 36.358219>
	pigment { color rgbt <0,1,1,0> }
	no_shadow
}
cylinder {
	<27.504164, 28.796040, 36.044239>,  <27.398815, 28.667955, 36.773983>, 0.130000
	pigment { color rgbt <1,0,0,0> }
	no_shadow
}

// nucleotide -1

// particle -1
sphere {
	<27.504164, 28.796040, 36.044239> 0.250000
	pigment { color rgbt <1,0,0,0> }
	no_shadow
}
cylinder {
	<27.711285, 28.607063, 35.758953>,  <27.835558, 28.493677, 35.587780>, 0.100000
	pigment { color rgbt <1,0,0,0> }
	no_shadow
}
cylinder {
	<27.711285, 28.607063, 35.758953>,  <27.504164, 28.796040, 36.044239>, 0.100000
	pigment { color rgbt <1,0,0,0> }
	no_shadow
}

// particle -1
sphere {
	<27.711285, 28.607063, 35.758953> 0.100000
	pigment { color rgbt <1,0,0,0> }
	no_shadow
}
sphere {
	0, 1
	scale<0.080000,0.200000,0.300000>
	matrix <-0.113917, 0.788183, -0.604805,
		0.847881, 0.394418, 0.354305,
		0.517803, -0.472442, -0.713217,
		27.866625, 28.465330, 35.544987>
	pigment { color rgbt <0,1,1,0> }
	no_shadow
}
cylinder {
	<28.165173, 29.035051, 35.935699>,  <27.504164, 28.796040, 36.044239>, 0.130000
	pigment { color rgbt <1,0,0,0> }
	no_shadow
}

// nucleotide -1

// particle -1
sphere {
	<28.165173, 29.035051, 35.935699> 0.250000
	pigment { color rgbt <1,0,0,0> }
	no_shadow
}
cylinder {
	<27.953753, 28.890673, 35.628361>,  <27.826900, 28.804045, 35.443958>, 0.100000
	pigment { color rgbt <1,0,0,0> }
	no_shadow
}
cylinder {
	<27.953753, 28.890673, 35.628361>,  <28.165173, 29.035051, 35.935699>, 0.100000
	pigment { color rgbt <1,0,0,0> }
	no_shadow
}

// particle -1
sphere {
	<27.953753, 28.890673, 35.628361> 0.100000
	pigment { color rgbt <1,0,0,0> }
	no_shadow
}
sphere {
	0, 1
	scale<0.080000,0.200000,0.300000>
	matrix <-0.063454, 0.919370, -0.388243,
		0.846528, -0.156451, -0.508835,
		-0.528549, -0.360946, -0.768345,
		27.795189, 28.782389, 35.397858>
	pigment { color rgbt <0,1,1,0> }
	no_shadow
}
cylinder {
	<28.455551, 29.326902, 35.315529>,  <28.165173, 29.035051, 35.935699>, 0.130000
	pigment { color rgbt <1,0,0,0> }
	no_shadow
}

// nucleotide -1

// particle -1
sphere {
	<28.455551, 29.326902, 35.315529> 0.250000
	pigment { color rgbt <1,0,0,0> }
	no_shadow
}
cylinder {
	<28.104443, 29.206331, 35.166584>,  <27.893778, 29.133987, 35.077217>, 0.100000
	pigment { color rgbt <1,0,0,0> }
	no_shadow
}
cylinder {
	<28.104443, 29.206331, 35.166584>,  <28.455551, 29.326902, 35.315529>, 0.100000
	pigment { color rgbt <1,0,0,0> }
	no_shadow
}

// particle -1
sphere {
	<28.104443, 29.206331, 35.166584> 0.100000
	pigment { color rgbt <1,0,0,0> }
	no_shadow
}
sphere {
	0, 1
	scale<0.080000,0.200000,0.300000>
	matrix <0.028614, 0.742882, -0.668810,
		0.478223, -0.597718, -0.643457,
		-0.877772, -0.301429, -0.372366,
		27.841110, 29.115902, 35.054874>
	pigment { color rgbt <0,1,1,0> }
	no_shadow
}
cylinder {
	<28.507748, 29.247307, 34.617695>,  <28.455551, 29.326902, 35.315529>, 0.130000
	pigment { color rgbt <1,0,0,0> }
	no_shadow
}

// nucleotide -1

// particle -1
sphere {
	<28.507748, 29.247307, 34.617695> 0.250000
	pigment { color rgbt <1,0,0,0> }
	no_shadow
}
cylinder {
	<28.120234, 29.295980, 34.704086>,  <27.887726, 29.325184, 34.755920>, 0.100000
	pigment { color rgbt <1,0,0,0> }
	no_shadow
}
cylinder {
	<28.120234, 29.295980, 34.704086>,  <28.507748, 29.247307, 34.617695>, 0.100000
	pigment { color rgbt <1,0,0,0> }
	no_shadow
}

// particle -1
sphere {
	<28.120234, 29.295980, 34.704086> 0.100000
	pigment { color rgbt <1,0,0,0> }
	no_shadow
}
sphere {
	0, 1
	scale<0.080000,0.200000,0.300000>
	matrix <-0.076774, 0.681141, -0.728116,
		-0.235714, -0.721969, -0.650537,
		-0.968785, 0.121683, 0.215983,
		27.829597, 29.332485, 34.768883>
	pigment { color rgbt <0,1,1,0> }
	no_shadow
}
cylinder {
	<28.161930, 29.258228, 33.980896>,  <28.507748, 29.247307, 34.617695>, 0.130000
	pigment { color rgbt <1,0,0,0> }
	no_shadow
}

// nucleotide -1

// particle -1
sphere {
	<28.161930, 29.258228, 33.980896> 0.250000
	pigment { color rgbt <1,0,0,0> }
	no_shadow
}
cylinder {
	<27.926836, 29.440435, 34.248348>,  <27.785780, 29.549759, 34.408821>, 0.100000
	pigment { color rgbt <1,0,0,0> }
	no_shadow
}
cylinder {
	<27.926836, 29.440435, 34.248348>,  <28.161930, 29.258228, 33.980896>, 0.100000
	pigment { color rgbt <1,0,0,0> }
	no_shadow
}

// particle -1
sphere {
	<27.926836, 29.440435, 34.248348> 0.100000
	pigment { color rgbt <1,0,0,0> }
	no_shadow
}
sphere {
	0, 1
	scale<0.080000,0.200000,0.300000>
	matrix <-0.127741, 0.763827, -0.632653,
		-0.798907, -0.457244, -0.390738,
		-0.587733, 0.455518, 0.668635,
		27.750517, 29.577091, 34.448940>
	pigment { color rgbt <0,1,1,0> }
	no_shadow
}
cylinder {
	<27.650501, 29.440664, 33.478943>,  <28.161930, 29.258228, 33.980896>, 0.130000
	pigment { color rgbt <1,0,0,0> }
	no_shadow
}

// nucleotide -1

// particle -1
sphere {
	<27.650501, 29.440664, 33.478943> 0.250000
	pigment { color rgbt <1,0,0,0> }
	no_shadow
}
cylinder {
	<27.580132, 29.638796, 33.819225>,  <27.537910, 29.757675, 34.023396>, 0.100000
	pigment { color rgbt <1,0,0,0> }
	no_shadow
}
cylinder {
	<27.580132, 29.638796, 33.819225>,  <27.650501, 29.440664, 33.478943>, 0.100000
	pigment { color rgbt <1,0,0,0> }
	no_shadow
}

// particle -1
sphere {
	<27.580132, 29.638796, 33.819225> 0.100000
	pigment { color rgbt <1,0,0,0> }
	no_shadow
}
sphere {
	0, 1
	scale<0.080000,0.200000,0.300000>
	matrix <-0.107904, 0.849275, -0.516807,
		-0.978472, -0.182713, -0.095959,
		-0.175923, 0.495327, 0.850707,
		27.527355, 29.787394, 34.074436>
	pigment { color rgbt <0,1,1,0> }
	no_shadow
}
cylinder {
	<27.049734, 29.693882, 33.315472>,  <27.650501, 29.440664, 33.478943>, 0.130000
	pigment { color rgbt <1,0,0,0> }
	no_shadow
}

// nucleotide -1

// particle -1
sphere {
	<27.049734, 29.693882, 33.315472> 0.250000
	pigment { color rgbt <1,0,0,0> }
	no_shadow
}
cylinder {
	<27.239958, 29.890032, 33.607601>,  <27.354092, 30.007721, 33.782879>, 0.100000
	pigment { color rgbt <1,0,0,0> }
	no_shadow
}
cylinder {
	<27.239958, 29.890032, 33.607601>,  <27.049734, 29.693882, 33.315472>, 0.100000
	pigment { color rgbt <1,0,0,0> }
	no_shadow
}

// particle -1
sphere {
	<27.239958, 29.890032, 33.607601> 0.100000
	pigment { color rgbt <1,0,0,0> }
	no_shadow
}
sphere {
	0, 1
	scale<0.080000,0.200000,0.300000>
	matrix <-0.173357, 0.866177, -0.468706,
		-0.862432, 0.096291, 0.496930,
		0.475561, 0.490373, 0.730326,
		27.382626, 30.037144, 33.826698>
	pigment { color rgbt <0,1,1,0> }
	no_shadow
}
cylinder {
	<26.587528, 30.273127, 33.464455>,  <27.049734, 29.693882, 33.315472>, 0.130000
	pigment { color rgbt <1,0,0,0> }
	no_shadow
}

// nucleotide -1

// particle -1
sphere {
	<26.587528, 30.273127, 33.464455> 0.250000
	pigment { color rgbt <1,0,0,0> }
	no_shadow
}
cylinder {
	<26.957197, 30.370157, 33.582481>,  <27.178999, 30.428375, 33.653297>, 0.100000
	pigment { color rgbt <1,0,0,0> }
	no_shadow
}
cylinder {
	<26.957197, 30.370157, 33.582481>,  <26.587528, 30.273127, 33.464455>, 0.100000
	pigment { color rgbt <1,0,0,0> }
	no_shadow
}

// particle -1
sphere {
	<26.957197, 30.370157, 33.582481> 0.100000
	pigment { color rgbt <1,0,0,0> }
	no_shadow
}
sphere {
	0, 1
	scale<0.080000,0.200000,0.300000>
	matrix <-0.047170, 0.839028, -0.542040,
		-0.379053, 0.487020, 0.786848,
		0.924172, 0.242577, 0.295063,
		27.234449, 30.442930, 33.671001>
	pigment { color rgbt <0,1,1,0> }
	no_shadow
}
cylinder {
	<26.513769, 30.914442, 33.680882>,  <26.587528, 30.273127, 33.464455>, 0.130000
	pigment { color rgbt <1,0,0,0> }
	no_shadow
}

// nucleotide -1

// particle -1
sphere {
	<26.513769, 30.914442, 33.680882> 0.250000
	pigment { color rgbt <1,0,0,0> }
	no_shadow
}
cylinder {
	<26.909697, 30.875675, 33.639194>,  <27.147253, 30.852415, 33.614182>, 0.100000
	pigment { color rgbt <1,0,0,0> }
	no_shadow
}
cylinder {
	<26.909697, 30.875675, 33.639194>,  <26.513769, 30.914442, 33.680882>, 0.100000
	pigment { color rgbt <1,0,0,0> }
	no_shadow
}

// particle -1
sphere {
	<26.909697, 30.875675, 33.639194> 0.100000
	pigment { color rgbt <1,0,0,0> }
	no_shadow
}
sphere {
	0, 1
	scale<0.080000,0.200000,0.300000>
	matrix <0.039285, 0.889907, -0.454447,
