// switches for output
#declare DRAW_BASES = 1; // possible values are 0, 1; only relevant for DNA ribbons
#declare DRAW_BASES_TYPE = 3; // possible values are 1, 2, 3; only relevant for DNA ribbons
#declare DRAW_FOG = 0; // set to 1 to enable fog

#include "colors.inc"

#include "transforms.inc"
background { rgb <1, 1, 1>}

#default {
   normal{
       ripples 0.25
       frequency 0.20
       turbulence 0.2
       lambda 5
   }
	finish {
		phong 0.1
		phong_size 40.
	}
}

// original window dimensions: 1024x640


// camera settings

camera {
	sky <0, 0.179814, -0.983701>
	up <0, 0.179814, -0.983701>
	right 1.6 * <1, 0, 0>
	location <35, 94.9851, 44.8844>
	look_at <35, 29.7336, 32.9568>
	direction <0, -65.2515, -11.9276>
	angle 67.0682
}


# declare cpy_camera_pos = <35, 94.9851, 44.8844>;
# if (DRAW_FOG = 1)
fog {
	fog_type 2
	up vnormalize(cpy_camera_pos)
	color rgbt<1,1,1,0.3>
	distance 1e-5
	fog_alt 3e-3
	fog_offset 56
}
# end


// LIGHTS

# declare lum = 6;
global_settings {
	ambient_light rgb lum * <0.05, 0.05, 0.05>
	max_trace_level 15
}# declare cpy_direct_light_amount = 0.25;
light_source
{	1000 * <-1, -1.16352, -0.803886>,
	rgb lum * cpy_direct_light_amount
	parallel
}

light_source
{	1000 * <1, 1.16352, 0.803886>,
	rgb lum * cpy_direct_light_amount
	parallel
}

// strand 0

// nucleotide -1

// particle -1
sphere {
	<24.470169, 34.871288, 34.722420> 0.250000
	pigment { color rgbt <1,0,0,0> }
	no_shadow
}
cylinder {
	<24.332851, 34.949535, 35.089870>,  <24.250462, 34.996483, 35.310341>, 0.100000
	pigment { color rgbt <1,0,0,0> }
	no_shadow
}
cylinder {
	<24.332851, 34.949535, 35.089870>,  <24.470169, 34.871288, 34.722420>, 0.100000
	pigment { color rgbt <1,0,0,0> }
	no_shadow
}

// particle -1
sphere {
	<24.332851, 34.949535, 35.089870> 0.100000
	pigment { color rgbt <1,0,0,0> }
	no_shadow
}
sphere {
	0, 1
	scale<0.080000,0.200000,0.300000>
	matrix <0.846696, -0.358871, 0.392832,
		0.406516, 0.912658, -0.042435,
		-0.343293, 0.195622, 0.918631,
		24.229864, 35.008221, 35.365459>
	pigment { color rgbt <0,1,1,0> }
	no_shadow
}
cylinder {
	<24.635117, 35.538258, 34.882275>,  <24.470169, 34.871288, 34.722420>, 0.130000
	pigment { color rgbt <1,0,0,0> }
	no_shadow
}

// nucleotide -1

// particle -1
sphere {
	<24.635117, 35.538258, 34.882275> 0.250000
	pigment { color rgbt <1,0,0,0> }
	no_shadow
}
cylinder {
	<24.588381, 35.287891, 35.190712>,  <24.560339, 35.137672, 35.375774>, 0.100000
	pigment { color rgbt <1,0,0,0> }
	no_shadow
}
cylinder {
	<24.588381, 35.287891, 35.190712>,  <24.635117, 35.538258, 34.882275>, 0.100000
	pigment { color rgbt <1,0,0,0> }
	no_shadow
}

// particle -1
sphere {
	<24.588381, 35.287891, 35.190712> 0.100000
	pigment { color rgbt <1,0,0,0> }
	no_shadow
}
sphere {
	0, 1
	scale<0.080000,0.200000,0.300000>
	matrix <0.992055, -0.037100, 0.120207,
		-0.046632, 0.779009, 0.625276,
		-0.116839, -0.625914, 0.771090,
		24.553329, 35.100117, 35.422039>
	pigment { color rgbt <0,1,1,0> }
	no_shadow
}
cylinder {
	<25.096659, 35.715385, 35.443848>,  <24.635117, 35.538258, 34.882275>, 0.130000
	pigment { color rgbt <1,0,0,0> }
	no_shadow
}

// nucleotide -1

// particle -1
sphere {
	<25.096659, 35.715385, 35.443848> 0.250000
	pigment { color rgbt <1,0,0,0> }
	no_shadow
}
cylinder {
	<25.009995, 35.324902, 35.447205>,  <24.957996, 35.090611, 35.449219>, 0.100000
	pigment { color rgbt <1,0,0,0> }
	no_shadow
}
cylinder {
	<25.009995, 35.324902, 35.447205>,  <25.096659, 35.715385, 35.443848>, 0.100000
	pigment { color rgbt <1,0,0,0> }
	no_shadow
}

// particle -1
sphere {
	<25.009995, 35.324902, 35.447205> 0.100000
	pigment { color rgbt <1,0,0,0> }
	no_shadow
}
sphere {
	0, 1
	scale<0.080000,0.200000,0.300000>
	matrix <0.958080, -0.210972, 0.193839,
		-0.187458, 0.050033, 0.980998,
		-0.216661, -0.976211, 0.008388,
		24.944996, 35.032040, 35.449722>
	pigment { color rgbt <0,1,1,0> }
	no_shadow
}
cylinder {
	<25.376143, 35.312828, 36.086227>,  <25.096659, 35.715385, 35.443848>, 0.130000
	pigment { color rgbt <1,0,0,0> }
	no_shadow
}

// nucleotide -1

// particle -1
sphere {
	<25.376143, 35.312828, 36.086227> 0.250000
	pigment { color rgbt <1,0,0,0> }
	no_shadow
}
cylinder {
	<25.376722, 35.058247, 35.777702>,  <25.377069, 34.905499, 35.592587>, 0.100000
	pigment { color rgbt <1,0,0,0> }
	no_shadow
}
cylinder {
	<25.376722, 35.058247, 35.777702>,  <25.376143, 35.312828, 36.086227>, 0.100000
	pigment { color rgbt <1,0,0,0> }
	no_shadow
}

// particle -1
sphere {
	<25.376722, 35.058247, 35.777702> 0.100000
	pigment { color rgbt <1,0,0,0> }
	no_shadow
}
sphere {
	0, 1
	scale<0.080000,0.200000,0.300000>
	matrix <0.992446, -0.093702, 0.079184,
		-0.122670, -0.765605, 0.631507,
		0.001450, -0.636450, -0.771316,
		25.377157, 34.867310, 35.546307>
	pigment { color rgbt <0,1,1,0> }
	no_shadow
}
cylinder {
	<25.600792, 34.607452, 36.131798>,  <25.376143, 35.312828, 36.086227>, 0.130000
	pigment { color rgbt <1,0,0,0> }
	no_shadow
}

// nucleotide -1

// particle -1
sphere {
	<25.600792, 34.607452, 36.131798> 0.250000
	pigment { color rgbt <1,0,0,0> }
	no_shadow
}
cylinder {
	<25.693438, 34.750359, 35.769867>,  <25.749025, 34.836102, 35.552708>, 0.100000
	pigment { color rgbt <1,0,0,0> }
	no_shadow
}
cylinder {
	<25.693438, 34.750359, 35.769867>,  <25.600792, 34.607452, 36.131798>, 0.100000
	pigment { color rgbt <1,0,0,0> }
	no_shadow
}

// particle -1
sphere {
	<25.693438, 34.750359, 35.769867> 0.100000
	pigment { color rgbt <1,0,0,0> }
	no_shadow
}
sphere {
	0, 1
	scale<0.080000,0.200000,0.300000>
	matrix <0.972554, -0.063769, 0.223771,
		0.022246, -0.931822, -0.362233,
		0.231614, 0.357269, -0.904828,
		25.762922, 34.857540, 35.498417>
	pigment { color rgbt <0,1,1,0> }
	no_shadow
}
cylinder {
	<26.246281, 34.270706, 35.925808>,  <25.600792, 34.607452, 36.131798>, 0.130000
	pigment { color rgbt <1,0,0,0> }
	no_shadow
}

// nucleotide -1

// particle -1
sphere {
	<26.246281, 34.270706, 35.925808> 0.250000
	pigment { color rgbt <1,0,0,0> }
	no_shadow
}
cylinder {
	<26.189285, 34.645031, 35.796841>,  <26.155088, 34.869625, 35.719460>, 0.100000
	pigment { color rgbt <1,0,0,0> }
	no_shadow
}
cylinder {
	<26.189285, 34.645031, 35.796841>,  <26.246281, 34.270706, 35.925808>, 0.100000
	pigment { color rgbt <1,0,0,0> }
	no_shadow
}

// particle -1
sphere {
	<26.189285, 34.645031, 35.796841> 0.100000
	pigment { color rgbt <1,0,0,0> }
	no_shadow
}
sphere {
	0, 1
	scale<0.080000,0.200000,0.300000>
	matrix <0.944249, 0.226194, 0.239228,
		0.296800, -0.270352, -0.915871,
		-0.142488, 0.935813, -0.322414,
		26.146540, 34.925774, 35.700115>
	pigment { color rgbt <0,1,1,0> }
	no_shadow
}
cylinder {
	<26.754574, 34.533554, 35.429756>,  <26.246281, 34.270706, 35.925808>, 0.130000
	pigment { color rgbt <1,0,0,0> }
	no_shadow
}

// nucleotide -1

// particle -1
sphere {
	<26.754574, 34.533554, 35.429756> 0.250000
	pigment { color rgbt <1,0,0,0> }
	no_shadow
}
cylinder {
	<26.621082, 34.815567, 35.680054>,  <26.540987, 34.984776, 35.830235>, 0.100000
	pigment { color rgbt <1,0,0,0> }
	no_shadow
}
cylinder {
	<26.621082, 34.815567, 35.680054>,  <26.754574, 34.533554, 35.429756>, 0.100000
	pigment { color rgbt <1,0,0,0> }
	no_shadow
}

// particle -1
sphere {
	<26.621082, 34.815567, 35.680054> 0.100000
	pigment { color rgbt <1,0,0,0> }
	no_shadow
}
sphere {
	0, 1
	scale<0.080000,0.200000,0.300000>
	matrix <0.921126, 0.102794, 0.375446,
		0.200377, 0.701689, -0.683726,
		-0.333730, 0.705029, 0.625747,
		26.520964, 35.027077, 35.867779>
	pigment { color rgbt <0,1,1,0> }
	no_shadow
}
cylinder {
	<27.014507, 34.623169, 36.103596>,  <26.754574, 34.533554, 35.429756>, 0.130000
	pigment { color rgbt <1,0,0,0> }
	no_shadow
}

// nucleotide -1

// particle -1
sphere {
	<27.014507, 34.623169, 36.103596> 0.250000
	pigment { color rgbt <1,0,0,0> }
	no_shadow
}
cylinder {
	<27.220146, 34.704369, 35.770252>,  <27.343529, 34.753090, 35.570244>, 0.100000
	pigment { color rgbt <1,0,0,0> }
	no_shadow
}
cylinder {
	<27.220146, 34.704369, 35.770252>,  <27.014507, 34.623169, 36.103596>, 0.100000
	pigment { color rgbt <1,0,0,0> }
	no_shadow
}

// particle -1
sphere {
	<27.220146, 34.704369, 35.770252> 0.100000
	pigment { color rgbt <1,0,0,0> }
	no_shadow
}
sphere {
	0, 1
	scale<0.080000,0.200000,0.300000>
	matrix <0.264525, 0.886707, 0.379180,
		0.815923, -0.415380, 0.402155,
		0.514097, 0.203002, -0.833363,
		27.374376, 34.765270, 35.520245>
	pigment { color rgbt <0,1,1,0> }
	no_shadow
}
cylinder {
	<27.662109, 34.645321, 36.249683>,  <27.014507, 34.623169, 36.103596>, 0.130000
	pigment { color rgbt <1,0,0,0> }
	no_shadow
}

// nucleotide -1

// particle -1
sphere {
	<27.662109, 34.645321, 36.249683> 0.250000
	pigment { color rgbt <1,0,0,0> }
	no_shadow
}
cylinder {
	<27.543163, 34.886822, 35.953827>,  <27.471796, 35.031723, 35.776314>, 0.100000
	pigment { color rgbt <1,0,0,0> }
	no_shadow
}
cylinder {
	<27.543163, 34.886822, 35.953827>,  <27.662109, 34.645321, 36.249683>, 0.100000
	pigment { color rgbt <1,0,0,0> }
	no_shadow
}

// particle -1
sphere {
	<27.543163, 34.886822, 35.953827> 0.100000
	pigment { color rgbt <1,0,0,0> }
	no_shadow
}
sphere {
	0, 1
	scale<0.080000,0.200000,0.300000>
	matrix <0.452516, 0.771266, 0.447636,
		0.840716, -0.201586, -0.502553,
		-0.297365, 0.603748, -0.739637,
		27.453955, 35.067947, 35.731937>
	pigment { color rgbt <0,1,1,0> }
	no_shadow
}
cylinder {
	<28.098408, 34.779739, 35.602180>,  <27.662109, 34.645321, 36.249683>, 0.130000
	pigment { color rgbt <1,0,0,0> }
	no_shadow
}

// nucleotide -1

// particle -1
sphere {
	<28.098408, 34.779739, 35.602180> 0.250000
	pigment { color rgbt <1,0,0,0> }
	no_shadow
}
cylinder {
	<28.484241, 34.684704, 35.648003>,  <28.715742, 34.627682, 35.675495>, 0.100000
	pigment { color rgbt <1,0,0,0> }
	no_shadow
}
cylinder {
	<28.484241, 34.684704, 35.648003>,  <28.098408, 34.779739, 35.602180>, 0.100000
	pigment { color rgbt <1,0,0,0> }
	no_shadow
}

// particle -1
sphere {
	<28.484241, 34.684704, 35.648003> 0.100000
	pigment { color rgbt <1,0,0,0> }
	no_shadow
}
sphere {
	0, 1
	scale<0.080000,0.200000,0.300000>
	matrix <0.006187, -0.413819, -0.910338,
		0.263697, 0.878808, -0.397694,
		0.964586, -0.237593, 0.114559,
		28.773617, 34.613426, 35.682369>
	pigment { color rgbt <0,1,1,0> }
	no_shadow
}
cylinder {
	<28.615833, 35.024837, 35.014702>,  <28.098408, 34.779739, 35.602180>, 0.130000
	pigment { color rgbt <1,0,0,0> }
	no_shadow
}

// nucleotide -1

// particle -1
sphere {
	<28.615833, 35.024837, 35.014702> 0.250000
	pigment { color rgbt <1,0,0,0> }
	no_shadow
}
cylinder {
	<28.735670, 34.675510, 35.168362>,  <28.807571, 34.465916, 35.260555>, 0.100000
	pigment { color rgbt <1,0,0,0> }
	no_shadow
}
cylinder {
	<28.735670, 34.675510, 35.168362>,  <28.615833, 35.024837, 35.014702>, 0.100000
	pigment { color rgbt <1,0,0,0> }
	no_shadow
}

// particle -1
sphere {
	<28.735670, 34.675510, 35.168362> 0.100000
	pigment { color rgbt <1,0,0,0> }
	no_shadow
}
sphere {
	0, 1
	scale<0.080000,0.200000,0.300000>
	matrix <0.114507, -0.366816, -0.923219,
		0.947171, 0.320576, -0.009894,
		0.299591, -0.873314, 0.384146,
		28.825548, 34.413517, 35.283604>
	pigment { color rgbt <0,1,1,0> }
	no_shadow
}
cylinder {
	<29.226343, 34.799706, 34.593800>,  <28.615833, 35.024837, 35.014702>, 0.130000
	pigment { color rgbt <1,0,0,0> }
	no_shadow
}

// nucleotide -1

// particle -1
sphere {
	<29.226343, 34.799706, 34.593800> 0.250000
	pigment { color rgbt <1,0,0,0> }
	no_shadow
}
cylinder {
	<29.092512, 34.472271, 34.780552>,  <29.012215, 34.275810, 34.892605>, 0.100000
	pigment { color rgbt <1,0,0,0> }
	no_shadow
}
cylinder {
	<29.092512, 34.472271, 34.780552>,  <29.226343, 34.799706, 34.593800>, 0.100000
	pigment { color rgbt <1,0,0,0> }
	no_shadow
}

// particle -1
sphere {
	<29.092512, 34.472271, 34.780552> 0.100000
	pigment { color rgbt <1,0,0,0> }
	no_shadow
}
sphere {
	0, 1
	scale<0.080000,0.200000,0.300000>
	matrix <0.062973, -0.513751, -0.855625,
		0.940262, -0.256871, 0.223437,
		-0.334576, -0.818583, 0.466885,
		28.992140, 34.226696, 34.920616>
	pigment { color rgbt <0,1,1,0> }
	no_shadow
}
cylinder {
	<29.508842, 34.285130, 34.252155>,  <29.226343, 34.799706, 34.593800>, 0.130000
	pigment { color rgbt <1,0,0,0> }
	no_shadow
}

// nucleotide -1

// particle -1
sphere {
	<29.508842, 34.285130, 34.252155> 0.250000
	pigment { color rgbt <1,0,0,0> }
	no_shadow
}
cylinder {
	<29.207458, 34.110252, 34.448589>,  <29.026628, 34.005325, 34.566448>, 0.100000
	pigment { color rgbt <1,0,0,0> }
	no_shadow
}
cylinder {
	<29.207458, 34.110252, 34.448589>,  <29.508842, 34.285130, 34.252155>, 0.100000
	pigment { color rgbt <1,0,0,0> }
	no_shadow
}

// particle -1
sphere {
	<29.207458, 34.110252, 34.448589> 0.100000
	pigment { color rgbt <1,0,0,0> }
	no_shadow
}
sphere {
	0, 1
	scale<0.080000,0.200000,0.300000>
	matrix <-0.140512, -0.622576, -0.769841,
		0.642307, -0.649046, 0.407654,
		-0.753458, -0.437193, 0.491084,
		28.981421, 33.979095, 34.595913>
	pigment { color rgbt <0,1,1,0> }
	no_shadow
}
cylinder {
	<29.580709, 33.762489, 33.939564>,  <29.508842, 34.285130, 34.252155>, 0.130000
	pigment { color rgbt <1,0,0,0> }
	no_shadow
}

// nucleotide -1

// particle -1
sphere {
	<29.580709, 33.762489, 33.939564> 0.250000
	pigment { color rgbt <1,0,0,0> }
	no_shadow
}
cylinder {
	<29.226511, 33.716930, 34.119751>,  <29.013992, 33.689594, 34.227863>, 0.100000
	pigment { color rgbt <1,0,0,0> }
	no_shadow
}
cylinder {
	<29.226511, 33.716930, 34.119751>,  <29.580709, 33.762489, 33.939564>, 0.100000
	pigment { color rgbt <1,0,0,0> }
	no_shadow
}

// particle -1
sphere {
	<29.226511, 33.716930, 34.119751> 0.100000
	pigment { color rgbt <1,0,0,0> }
	no_shadow
}
sphere {
	0, 1
	scale<0.080000,0.200000,0.300000>
	matrix <-0.293808, -0.613822, -0.732734,
		0.359964, -0.781185, 0.510074,
		-0.885496, -0.113894, 0.450472,
		28.960863, 33.682762, 34.254894>
	pigment { color rgbt <0,1,1,0> }
	no_shadow
}
cylinder {
	<29.429039, 33.077541, 33.982521>,  <29.580709, 33.762489, 33.939564>, 0.130000
	pigment { color rgbt <1,0,0,0> }
	no_shadow
}

// nucleotide -1

// particle -1
sphere {
	<29.429039, 33.077541, 33.982521> 0.250000
	pigment { color rgbt <1,0,0,0> }
	no_shadow
}
cylinder {
	<29.073158, 33.260109, 33.986725>,  <28.859629, 33.369648, 33.989246>, 0.100000
	pigment { color rgbt <1,0,0,0> }
	no_shadow
}
cylinder {
	<29.073158, 33.260109, 33.986725>,  <29.429039, 33.077541, 33.982521>, 0.100000
	pigment { color rgbt <1,0,0,0> }
	no_shadow
}

// particle -1
sphere {
	<29.073158, 33.260109, 33.986725> 0.100000
	pigment { color rgbt <1,0,0,0> }
	no_shadow
}
sphere {
	0, 1
	scale<0.080000,0.200000,0.300000>
	matrix <-0.331316, -0.629666, -0.702673,
		-0.314097, -0.628652, 0.711435,
		-0.889704, 0.456417, 0.010507,
		28.806248, 33.397034, 33.989876>
	pigment { color rgbt <0,1,1,0> }
	no_shadow
}
cylinder {
	<28.994072, 32.560081, 33.953968>,  <29.429039, 33.077541, 33.982521>, 0.130000
	pigment { color rgbt <1,0,0,0> }
	no_shadow
}

// nucleotide -1

// particle -1
sphere {
	<28.994072, 32.560081, 33.953968> 0.250000
	pigment { color rgbt <1,0,0,0> }
	no_shadow
}
cylinder {
	<28.763811, 32.866413, 33.839329>,  <28.625654, 33.050213, 33.770546>, 0.100000
	pigment { color rgbt <1,0,0,0> }
	no_shadow
}
cylinder {
	<28.763811, 32.866413, 33.839329>,  <28.994072, 32.560081, 33.953968>, 0.100000
	pigment { color rgbt <1,0,0,0> }
	no_shadow
}

// particle -1
sphere {
	<28.763811, 32.866413, 33.839329> 0.100000
	pigment { color rgbt <1,0,0,0> }
	no_shadow
}
sphere {
	0, 1
	scale<0.080000,0.200000,0.300000>
	matrix <-0.473690, -0.598011, -0.646530,
		-0.666517, -0.236417, 0.707009,
		-0.575650, 0.765826, -0.286596,
		28.591116, 33.096161, 33.753349>
	pigment { color rgbt <0,1,1,0> }
	no_shadow
}
cylinder {
	<28.341726, 32.258381, 33.846474>,  <28.994072, 32.560081, 33.953968>, 0.130000
	pigment { color rgbt <1,0,0,0> }
	no_shadow
}

// nucleotide -1

// particle -1
sphere {
	<28.341726, 32.258381, 33.846474> 0.250000
	pigment { color rgbt <1,0,0,0> }
	no_shadow
}
cylinder {
	<28.352245, 32.597900, 33.635250>,  <28.358557, 32.801613, 33.508514>, 0.100000
	pigment { color rgbt <1,0,0,0> }
	no_shadow
}
cylinder {
	<28.352245, 32.597900, 33.635250>,  <28.341726, 32.258381, 33.846474>, 0.100000
	pigment { color rgbt <1,0,0,0> }
	no_shadow
}

// particle -1
sphere {
	<28.352245, 32.597900, 33.635250> 0.100000
	pigment { color rgbt <1,0,0,0> }
	no_shadow
}
sphere {
	0, 1
	scale<0.080000,0.200000,0.300000>
	matrix <-0.505611, -0.444400, -0.739504,
		-0.862361, 0.286440, 0.417476,
		0.026297, 0.848800, -0.528060,
		28.360134, 32.852539, 33.476833>
	pigment { color rgbt <0,1,1,0> }
	no_shadow
}
cylinder {
	<27.697691, 32.282013, 33.490433>,  <28.341726, 32.258381, 33.846474>, 0.130000
	pigment { color rgbt <1,0,0,0> }
	no_shadow
}

// nucleotide -1

// particle -1
sphere {
	<27.697691, 32.282013, 33.490433> 0.250000
	pigment { color rgbt <1,0,0,0> }
	no_shadow
}
cylinder {
	<27.910749, 32.567940, 33.309185>,  <28.038584, 32.739498, 33.200436>, 0.100000
	pigment { color rgbt <1,0,0,0> }
	no_shadow
}
cylinder {
	<27.910749, 32.567940, 33.309185>,  <27.697691, 32.282013, 33.490433>, 0.100000
	pigment { color rgbt <1,0,0,0> }
	no_shadow
}

// particle -1
sphere {
	<27.910749, 32.567940, 33.309185> 0.100000
	pigment { color rgbt <1,0,0,0> }
	no_shadow
}
sphere {
	0, 1
	scale<0.080000,0.200000,0.300000>
	matrix <-0.490479, -0.175600, -0.853578,
		-0.689724, 0.676901, 0.257072,
		0.532645, 0.714821, -0.453121,
		28.070543, 32.782387, 33.173248>
	pigment { color rgbt <0,1,1,0> }
	no_shadow
}
cylinder {
	<27.181011, 32.738850, 33.200539>,  <27.697691, 32.282013, 33.490433>, 0.130000
	pigment { color rgbt <1,0,0,0> }
	no_shadow
}

// nucleotide -1

// particle -1
sphere {
	<27.181011, 32.738850, 33.200539> 0.250000
	pigment { color rgbt <1,0,0,0> }
	no_shadow
}
cylinder {
	<27.528694, 32.790810, 33.009705>,  <27.737303, 32.821983, 32.895206>, 0.100000
	pigment { color rgbt <1,0,0,0> }
	no_shadow
}
cylinder {
	<27.528694, 32.790810, 33.009705>,  <27.181011, 32.738850, 33.200539>, 0.100000
	pigment { color rgbt <1,0,0,0> }
	no_shadow
}

// particle -1
sphere {
	<27.528694, 32.790810, 33.009705> 0.100000
	pigment { color rgbt <1,0,0,0> }
	no_shadow
}
sphere {
	0, 1
	scale<0.080000,0.200000,0.300000>
	matrix <-0.475296, -0.046452, -0.878599,
		-0.136289, 0.990439, 0.021363,
		0.869206, 0.129897, -0.477083,
		27.789455, 32.829781, 32.866581>
	pigment { color rgbt <0,1,1,0> }
	no_shadow
}
cylinder {
	<26.971363, 33.193188, 32.684067>,  <27.181011, 32.738850, 33.200539>, 0.130000
	pigment { color rgbt <1,0,0,0> }
	no_shadow
}

// nucleotide -1

// particle -1
sphere {
	<26.971363, 33.193188, 32.684067> 0.250000
	pigment { color rgbt <1,0,0,0> }
	no_shadow
}
cylinder {
	<27.323381, 33.027294, 32.591534>,  <27.534592, 32.927757, 32.536015>, 0.100000
	pigment { color rgbt <1,0,0,0> }
	no_shadow
}
cylinder {
	<27.323381, 33.027294, 32.591534>,  <26.971363, 33.193188, 32.684067>, 0.100000
	pigment { color rgbt <1,0,0,0> }
	no_shadow
}

// particle -1
sphere {
	<27.323381, 33.027294, 32.591534> 0.100000
	pigment { color rgbt <1,0,0,0> }
	no_shadow
}
sphere {
	0, 1
	scale<0.080000,0.200000,0.300000>
	matrix <-0.305360, -0.121123, -0.944502,
		0.363700, 0.901844, -0.233237,
		0.880044, -0.414736, -0.231335,
		27.587395, 32.902874, 32.522133>
	pigment { color rgbt <0,1,1,0> }
	no_shadow
}
cylinder {
	<27.098574, 33.472115, 32.090042>,  <26.971363, 33.193188, 32.684067>, 0.130000
	pigment { color rgbt <1,0,0,0> }
	no_shadow
}

// nucleotide -1

// particle -1
sphere {
	<27.098574, 33.472115, 32.090042> 0.250000
	pigment { color rgbt <1,0,0,0> }
	no_shadow
}
cylinder {
	<27.338394, 33.152035, 32.095985>,  <27.482286, 32.959988, 32.099552>, 0.100000
	pigment { color rgbt <1,0,0,0> }
	no_shadow
}
cylinder {
	<27.338394, 33.152035, 32.095985>,  <27.098574, 33.472115, 32.090042>, 0.100000
	pigment { color rgbt <1,0,0,0> }
	no_shadow
}

// particle -1
sphere {
	<27.338394, 33.152035, 32.095985> 0.100000
	pigment { color rgbt <1,0,0,0> }
	no_shadow
}
sphere {
	0, 1
	scale<0.080000,0.200000,0.300000>
	matrix <-0.228761, -0.189131, -0.954934,
		0.766948, 0.569130, -0.296448,
		0.599549, -0.800200, 0.014859,
		27.518259, 32.911976, 32.100445>
	pigment { color rgbt <0,1,1,0> }
	no_shadow
}
cylinder {
	<27.521976, 33.427414, 31.504326>,  <27.098574, 33.472115, 32.090042>, 0.130000
	pigment { color rgbt <1,0,0,0> }
	no_shadow
}

// nucleotide -1

// particle -1
sphere {
	<27.521976, 33.427414, 31.504326> 0.250000
	pigment { color rgbt <1,0,0,0> }
	no_shadow
}
cylinder {
	<27.469639, 33.047321, 31.617426>,  <27.438236, 32.819267, 31.685286>, 0.100000
	pigment { color rgbt <1,0,0,0> }
	no_shadow
}
cylinder {
	<27.469639, 33.047321, 31.617426>,  <27.521976, 33.427414, 31.504326>, 0.100000
	pigment { color rgbt <1,0,0,0> }
	no_shadow
}

// particle -1
sphere {
	<27.469639, 33.047321, 31.617426> 0.100000
	pigment { color rgbt <1,0,0,0> }
	no_shadow
}
sphere {
	0, 1
	scale<0.080000,0.200000,0.300000>
	matrix <-0.179420, -0.257798, -0.949394,
		0.975033, -0.174953, -0.136759,
		-0.130843, -0.950227, 0.282752,
		27.430386, 32.762253, 31.702251>
	pigment { color rgbt <0,1,1,0> }
	no_shadow
}
cylinder {
	<27.614304, 33.164940, 30.914980>,  <27.521976, 33.427414, 31.504326>, 0.130000
	pigment { color rgbt <1,0,0,0> }
	no_shadow
}

// nucleotide -1

// particle -1
sphere {
	<27.614304, 33.164940, 30.914980> 0.250000
	pigment { color rgbt <1,0,0,0> }
	no_shadow
}
cylinder {
	<27.471193, 32.848324, 31.113157>,  <27.385326, 32.658356, 31.232063>, 0.100000
	pigment { color rgbt <1,0,0,0> }
	no_shadow
}
cylinder {
	<27.471193, 32.848324, 31.113157>,  <27.614304, 33.164940, 30.914980>, 0.100000
	pigment { color rgbt <1,0,0,0> }
	no_shadow
}

// particle -1
sphere {
	<27.471193, 32.848324, 31.113157> 0.100000
	pigment { color rgbt <1,0,0,0> }
	no_shadow
}
sphere {
	0, 1
	scale<0.080000,0.200000,0.300000>
	matrix <-0.389964, -0.355438, -0.849465,
		0.848483, -0.497124, -0.181504,
		-0.357776, -0.791537, 0.495444,
		27.363861, 32.610863, 31.261791>
	pigment { color rgbt <0,1,1,0> }
	no_shadow
}
cylinder {
	<27.649208, 32.629307, 30.425232>,  <27.614304, 33.164940, 30.914980>, 0.130000
	pigment { color rgbt <1,0,0,0> }
	no_shadow
}

// nucleotide -1

// particle -1
sphere {
	<27.649208, 32.629307, 30.425232> 0.250000
	pigment { color rgbt <1,0,0,0> }
	no_shadow
}
cylinder {
	<27.383253, 32.526474, 30.705755>,  <27.223680, 32.464775, 30.874069>, 0.100000
	pigment { color rgbt <1,0,0,0> }
	no_shadow
}
cylinder {
	<27.383253, 32.526474, 30.705755>,  <27.649208, 32.629307, 30.425232>, 0.100000
	pigment { color rgbt <1,0,0,0> }
	no_shadow
}

// particle -1
sphere {
	<27.383253, 32.526474, 30.705755> 0.100000
	pigment { color rgbt <1,0,0,0> }
	no_shadow
}
sphere {
	0, 1
	scale<0.080000,0.200000,0.300000>
	matrix <-0.486857, -0.562900, -0.667918,
		0.566477, -0.785527, 0.249101,
		-0.664887, -0.257084, 0.701309,
		27.183786, 32.449348, 30.916147>
	pigment { color rgbt <0,1,1,0> }
	no_shadow
}
cylinder {
	<27.582991, 31.930050, 30.422989>,  <27.649208, 32.629307, 30.425232>, 0.130000
	pigment { color rgbt <1,0,0,0> }
	no_shadow
}

// nucleotide -1

// particle -1
sphere {
	<27.582991, 31.930050, 30.422989> 0.250000
	pigment { color rgbt <1,0,0,0> }
	no_shadow
}
cylinder {
	<27.232590, 32.022015, 30.592581>,  <27.022348, 32.077194, 30.694336>, 0.100000
	pigment { color rgbt <1,0,0,0> }
	no_shadow
}
cylinder {
	<27.232590, 32.022015, 30.592581>,  <27.582991, 31.930050, 30.422989>, 0.100000
	pigment { color rgbt <1,0,0,0> }
	no_shadow
}

// particle -1
sphere {
	<27.232590, 32.022015, 30.592581> 0.100000
	pigment { color rgbt <1,0,0,0> }
	no_shadow
}
sphere {
	0, 1
	scale<0.080000,0.200000,0.300000>
	matrix <-0.452275, -0.696935, -0.556532,
		0.167534, -0.679280, 0.714500,
		-0.876002, 0.229913, 0.423982,
		26.969790, 32.090988, 30.719776>
	pigment { color rgbt <0,1,1,0> }
	no_shadow
}
cylinder {
	<27.296511, 31.391769, 30.873363>,  <27.582991, 31.930050, 30.422989>, 0.130000
	pigment { color rgbt <1,0,0,0> }
	no_shadow
}

// nucleotide -1

// particle -1
sphere {
	<27.296511, 31.391769, 30.873363> 0.250000
	pigment { color rgbt <1,0,0,0> }
	no_shadow
}
cylinder {
	<27.071272, 31.620676, 30.634890>,  <26.936129, 31.758020, 30.491806>, 0.100000
	pigment { color rgbt <1,0,0,0> }
	no_shadow
}
cylinder {
	<27.071272, 31.620676, 30.634890>,  <27.296511, 31.391769, 30.873363>, 0.100000
	pigment { color rgbt <1,0,0,0> }
	no_shadow
}

// particle -1
sphere {
	<27.071272, 31.620676, 30.634890> 0.100000
	pigment { color rgbt <1,0,0,0> }
	no_shadow
}
sphere {
	0, 1
	scale<0.080000,0.200000,0.300000>
	matrix <-0.179856, -0.789003, -0.587475,
		-0.806590, -0.223569, 0.547201,
		-0.563084, 0.572269, -0.596192,
		26.902344, 31.792356, 30.456034>
	pigment { color rgbt <0,1,1,0> }
	no_shadow
}
cylinder {
	<26.737286, 30.953562, 30.663612>,  <27.296511, 31.391769, 30.873363>, 0.130000
	pigment { color rgbt <1,0,0,0> }
	no_shadow
}

// nucleotide -1

// particle -1
sphere {
	<26.737286, 30.953562, 30.663612> 0.250000
	pigment { color rgbt <1,0,0,0> }
	no_shadow
}
cylinder {
	<26.742994, 31.264778, 30.412392>,  <26.746420, 31.451508, 30.261660>, 0.100000
	pigment { color rgbt <1,0,0,0> }
	no_shadow
}
cylinder {
	<26.742994, 31.264778, 30.412392>,  <26.737286, 30.953562, 30.663612>, 0.100000
	pigment { color rgbt <1,0,0,0> }
	no_shadow
}

// particle -1
sphere {
	<26.742994, 31.264778, 30.412392> 0.100000
	pigment { color rgbt <1,0,0,0> }
	no_shadow
}
sphere {
	0, 1
	scale<0.080000,0.200000,0.300000>
	matrix <-0.241316, -0.606869, -0.757282,
		-0.970342, 0.162366, 0.179094,
		0.014271, 0.778041, -0.628052,
		26.747276, 31.498190, 30.223976>
	pigment { color rgbt <0,1,1,0> }
	no_shadow
}
cylinder {
	<26.032978, 31.027946, 30.407364>,  <26.737286, 30.953562, 30.663612>, 0.130000
	pigment { color rgbt <1,0,0,0> }
	no_shadow
}

// nucleotide -1

// particle -1
sphere {
	<26.032978, 31.027946, 30.407364> 0.250000
	pigment { color rgbt <1,0,0,0> }
	no_shadow
}
cylinder {
	<26.354242, 31.127737, 30.190958>,  <26.547001, 31.187611, 30.061113>, 0.100000
	pigment { color rgbt <1,0,0,0> }
	no_shadow
}
cylinder {
	<26.354242, 31.127737, 30.190958>,  <26.032978, 31.027946, 30.407364>, 0.100000
	pigment { color rgbt <1,0,0,0> }
	no_shadow
}

// particle -1
sphere {
	<26.354242, 31.127737, 30.190958> 0.100000
	pigment { color rgbt <1,0,0,0> }
	no_shadow
}
sphere {
	0, 1
	scale<0.080000,0.200000,0.300000>
	matrix <-0.165397, -0.779034, -0.604772,
		-0.572346, 0.575210, -0.584425,
		0.803158, 0.249477, -0.541016,
		26.595190, 31.202579, 30.028654>
	pigment { color rgbt <0,1,1,0> }
	no_shadow
}
cylinder {
	<25.900196, 31.142302, 29.669048>,  <26.032978, 31.027946, 30.407364>, 0.130000
	pigment { color rgbt <1,0,0,0> }
	no_shadow
}

// nucleotide -1

// particle -1
sphere {
	<25.900196, 31.142302, 29.669048> 0.250000
	pigment { color rgbt <1,0,0,0> }
	no_shadow
}
cylinder {
	<26.270840, 31.004023, 29.728231>,  <26.493225, 30.921055, 29.763741>, 0.100000
	pigment { color rgbt <1,0,0,0> }
	no_shadow
}
cylinder {
	<26.270840, 31.004023, 29.728231>,  <25.900196, 31.142302, 29.669048>, 0.100000
	pigment { color rgbt <1,0,0,0> }
	no_shadow
}

// particle -1
sphere {
	<26.270840, 31.004023, 29.728231> 0.100000
	pigment { color rgbt <1,0,0,0> }
	no_shadow
}
sphere {
	0, 1
	scale<0.080000,0.200000,0.300000>
	matrix <-0.254610, -0.866351, -0.429662,
		0.276714, 0.360457, -0.890786,
		0.926608, -0.345697, 0.147956,
		26.548822, 30.900314, 29.772617>
	pigment { color rgbt <0,1,1,0> }
	no_shadow
}
cylinder {
	<26.230419, 30.854881, 29.100548>,  <25.900196, 31.142302, 29.669048>, 0.130000
	pigment { color rgbt <1,0,0,0> }
	no_shadow
}

// nucleotide -1

// particle -1
sphere {
	<26.230419, 30.854881, 29.100548> 0.250000
	pigment { color rgbt <1,0,0,0> }
	no_shadow
}
cylinder {
	<26.334618, 30.672739, 29.441088>,  <26.397137, 30.563454, 29.645411>, 0.100000
	pigment { color rgbt <1,0,0,0> }
	no_shadow
}
cylinder {
	<26.334618, 30.672739, 29.441088>,  <26.230419, 30.854881, 29.100548>, 0.100000
	pigment { color rgbt <1,0,0,0> }
	no_shadow
}

// particle -1
sphere {
	<26.334618, 30.672739, 29.441088> 0.100000
	pigment { color rgbt <1,0,0,0> }
	no_shadow
}
sphere {
	0, 1
	scale<0.080000,0.200000,0.300000>
	matrix <-0.180959, -0.889192, -0.420227,
		0.948365, -0.044591, -0.314032,
		0.260496, -0.455355, 0.851348,
		26.412767, 30.536133, 29.696491>
	pigment { color rgbt <0,1,1,0> }
	no_shadow
}
cylinder {
	<26.552736, 30.368563, 28.855875>,  <26.230419, 30.854881, 29.100548>, 0.130000
	pigment { color rgbt <1,0,0,0> }
	no_shadow
}

// nucleotide -1

// particle -1
sphere {
	<26.552736, 30.368563, 28.855875> 0.250000
	pigment { color rgbt <1,0,0,0> }
	no_shadow
}
cylinder {
	<26.453133, 30.273945, 29.231544>,  <26.393372, 30.217175, 29.456945>, 0.100000
	pigment { color rgbt <1,0,0,0> }
	no_shadow
}
cylinder {
	<26.453133, 30.273945, 29.231544>,  <26.552736, 30.368563, 28.855875>, 0.100000
	pigment { color rgbt <1,0,0,0> }
	no_shadow
}

// particle -1
sphere {
	<26.453133, 30.273945, 29.231544> 0.100000
	pigment { color rgbt <1,0,0,0> }
	no_shadow
}
sphere {
	0, 1
	scale<0.080000,0.200000,0.300000>
	matrix <-0.079055, -0.961516, -0.263131,
		0.965270, -0.139768, 0.220725,
		-0.249007, -0.236543, 0.939171,
		26.378431, 30.202982, 29.513296>
	pigment { color rgbt <0,1,1,0> }
	no_shadow
}
cylinder {
	<27.169024, 30.666994, 28.518839>,  <26.552736, 30.368563, 28.855875>, 0.130000
	pigment { color rgbt <1,0,0,0> }
	no_shadow
}

// nucleotide -1

// particle -1
sphere {
	<27.169024, 30.666994, 28.518839> 0.250000
	pigment { color rgbt <1,0,0,0> }
	no_shadow
}
cylinder {
	<27.190435, 30.771196, 28.904434>,  <27.203283, 30.833717, 29.135792>, 0.100000
	pigment { color rgbt <1,0,0,0> }
	no_shadow
}
cylinder {
	<27.190435, 30.771196, 28.904434>,  <27.169024, 30.666994, 28.518839>, 0.100000
	pigment { color rgbt <1,0,0,0> }
	no_shadow
}

// particle -1
sphere {
	<27.190435, 30.771196, 28.904434> 0.100000
	pigment { color rgbt <1,0,0,0> }
	no_shadow
}
sphere {
	0, 1
	scale<0.080000,0.200000,0.300000>
	matrix <-0.096999, -0.959450, 0.264663,
		0.993844, -0.107673, -0.026090,
		0.053529, 0.260503, 0.963988,
		27.206493, 30.849348, 29.193630>
	pigment { color rgbt <0,1,1,0> }
	no_shadow
}
cylinder {
	<27.611759, 30.129486, 28.811033>,  <27.169024, 30.666994, 28.518839>, 0.130000
	pigment { color rgbt <1,0,0,0> }
	no_shadow
}

// nucleotide -1

// particle -1
sphere {
	<27.611759, 30.129486, 28.811033> 0.250000
	pigment { color rgbt <1,0,0,0> }
	no_shadow
}
cylinder {
	<27.336920, 30.299995, 29.046385>,  <27.172016, 30.402300, 29.187595>, 0.100000
	pigment { color rgbt <1,0,0,0> }
	no_shadow
}
cylinder {
	<27.336920, 30.299995, 29.046385>,  <27.611759, 30.129486, 28.811033>, 0.100000
	pigment { color rgbt <1,0,0,0> }
	no_shadow
}

// particle -1
sphere {
	<27.336920, 30.299995, 29.046385> 0.100000
	pigment { color rgbt <1,0,0,0> }
	no_shadow
}
sphere {
	0, 1
	scale<0.080000,0.200000,0.300000>
	matrix <-0.175252, -0.883132, 0.435160,
		0.705111, 0.195884, 0.681504,
		-0.687099, 0.426271, 0.588377,
		27.130791, 30.427877, 29.222898>
	pigment { color rgbt <0,1,1,0> }
	no_shadow
}
cylinder {
	<27.580854, 29.280512, 28.825136>,  <27.611759, 30.129486, 28.811033>, 0.130000
	pigment { color rgbt <1,0,0,0> }
	no_shadow
}

// nucleotide -1

// particle -1
sphere {
	<27.580854, 29.280512, 28.825136> 0.250000
	pigment { color rgbt <1,0,0,0> }
	no_shadow
}
cylinder {
	<27.428904, 28.942869, 28.976494>,  <27.337732, 28.740284, 29.067308>, 0.100000
	pigment { color rgbt <1,0,0,0> }
	no_shadow
}
cylinder {
	<27.428904, 28.942869, 28.976494>,  <27.580854, 29.280512, 28.825136>, 0.100000
	pigment { color rgbt <1,0,0,0> }
	no_shadow
}

// particle -1
sphere {
	<27.428904, 28.942869, 28.976494> 0.100000
	pigment { color rgbt <1,0,0,0> }
	no_shadow
}
sphere {
	0, 1
	scale<0.080000,0.200000,0.300000>
	matrix <-0.323090, 0.504367, 0.800766,
		-0.866779, 0.181939, -0.464320,
		-0.379878, -0.844105, 0.378392,
		27.314939, 28.689638, 29.090012>
	pigment { color rgbt <0,1,1,0> }
	no_shadow
}
cylinder {
	<27.804096, 29.701880, 29.493313>,  <27.580854, 29.280512, 28.825136>, 0.130000
	pigment { color rgbt <1,0,0,0> }
	no_shadow
}

// nucleotide -1

// particle -1
sphere {
	<27.804096, 29.701880, 29.493313> 0.250000
	pigment { color rgbt <1,0,0,0> }
	no_shadow
}
cylinder {
	<28.126310, 29.775169, 29.267908>,  <28.319639, 29.819143, 29.132666>, 0.100000
	pigment { color rgbt <1,0,0,0> }
	no_shadow
}
cylinder {
	<28.126310, 29.775169, 29.267908>,  <27.804096, 29.701880, 29.493313>, 0.100000
	pigment { color rgbt <1,0,0,0> }
	no_shadow
}

// particle -1
sphere {
	<28.126310, 29.775169, 29.267908> 0.100000
	pigment { color rgbt <1,0,0,0> }
	no_shadow
}
sphere {
	0, 1
	scale<0.080000,0.200000,0.300000>
	matrix <0.468968, 0.384158, 0.795293,
		0.362189, -0.904905, 0.223530,
		0.805536, 0.183218, -0.563509,
		28.367970, 29.830137, 29.098854>
	pigment { color rgbt <0,1,1,0> }
	no_shadow
}
cylinder {
	<28.478785, 29.484394, 29.799694>,  <27.804096, 29.701880, 29.493313>, 0.130000
	pigment { color rgbt <1,0,0,0> }
	no_shadow
}

// nucleotide -1

// particle -1
sphere {
	<28.478785, 29.484394, 29.799694> 0.250000
	pigment { color rgbt <1,0,0,0> }
	no_shadow
}
cylinder {
	<28.629719, 29.720362, 29.514145>,  <28.720280, 29.861942, 29.342815>, 0.100000
	pigment { color rgbt <1,0,0,0> }
	no_shadow
}
cylinder {
	<28.629719, 29.720362, 29.514145>,  <28.478785, 29.484394, 29.799694>, 0.100000
	pigment { color rgbt <1,0,0,0> }
	no_shadow
}

// particle -1
sphere {
	<28.629719, 29.720362, 29.514145> 0.100000
	pigment { color rgbt <1,0,0,0> }
	no_shadow
}
sphere {
	0, 1
	scale<0.080000,0.200000,0.300000>
	matrix <0.473957, 0.539236, 0.696125,
		0.795603, -0.601016, -0.076124,
		0.377334, 0.589919, -0.713873,
		28.742918, 29.897337, 29.299982>
	pigment { color rgbt <0,1,1,0> }
	no_shadow
}
cylinder {
	<29.295589, 29.587507, 29.854435>,  <28.478785, 29.484394, 29.799694>, 0.130000
	pigment { color rgbt <1,0,0,0> }
	no_shadow
}

// nucleotide -1

// particle -1
sphere {
	<29.295589, 29.587507, 29.854435> 0.250000
	pigment { color rgbt <1,0,0,0> }
	no_shadow
}
cylinder {
	<29.173790, 29.894726, 29.629087>,  <29.100710, 30.079058, 29.493877>, 0.100000
	pigment { color rgbt <1,0,0,0> }
	no_shadow
}
cylinder {
	<29.173790, 29.894726, 29.629087>,  <29.295589, 29.587507, 29.854435>, 0.100000
	pigment { color rgbt <1,0,0,0> }
	no_shadow
}

// particle -1
sphere {
	<29.173790, 29.894726, 29.629087> 0.100000
	pigment { color rgbt <1,0,0,0> }
	no_shadow
}
sphere {
	0, 1
	scale<0.080000,0.200000,0.300000>
	matrix <0.661823, 0.595964, 0.454771,
		0.685034, -0.234376, -0.689780,
		-0.304497, 0.768046, -0.563371,
		29.082441, 30.125139, 29.460075>
	pigment { color rgbt <0,1,1,0> }
	no_shadow
}
cylinder {
	<29.973648, 29.904713, 29.476580>,  <29.295589, 29.587507, 29.854435>, 0.130000
	pigment { color rgbt <1,0,0,0> }
	no_shadow
}

// nucleotide -1

// particle -1
sphere {
	<29.973648, 29.904713, 29.476580> 0.250000
	pigment { color rgbt <1,0,0,0> }
	no_shadow
}
cylinder {
	<29.702282, 30.197857, 29.455936>,  <29.539461, 30.373743, 29.443550>, 0.100000
	pigment { color rgbt <1,0,0,0> }
	no_shadow
}
cylinder {
	<29.702282, 30.197857, 29.455936>,  <29.973648, 29.904713, 29.476580>, 0.100000
	pigment { color rgbt <1,0,0,0> }
	no_shadow
}

// particle -1
sphere {
	<29.702282, 30.197857, 29.455936> 0.100000
	pigment { color rgbt <1,0,0,0> }
	no_shadow
}
sphere {
	0, 1
	scale<0.080000,0.200000,0.300000>
	matrix <0.579617, 0.577075, 0.575351,
		0.451436, 0.360414, -0.816276,
		-0.678417, 0.732862, -0.051610,
		29.498756, 30.417715, 29.440453>
	pigment { color rgbt <0,1,1,0> }
	no_shadow
}
cylinder {
	<30.296684, 30.551311, 29.263521>,  <29.973648, 29.904713, 29.476580>, 0.130000
	pigment { color rgbt <1,0,0,0> }
	no_shadow
}

// nucleotide -1

// particle -1
sphere {
	<30.296684, 30.551311, 29.263521> 0.250000
	pigment { color rgbt <1,0,0,0> }
	no_shadow
}
cylinder {
	<29.956570, 30.696619, 29.415861>,  <29.752501, 30.783804, 29.507265>, 0.100000
	pigment { color rgbt <1,0,0,0> }
	no_shadow
}
cylinder {
	<29.956570, 30.696619, 29.415861>,  <30.296684, 30.551311, 29.263521>, 0.100000
	pigment { color rgbt <1,0,0,0> }
	no_shadow
}

// particle -1
sphere {
	<29.956570, 30.696619, 29.415861> 0.100000
	pigment { color rgbt <1,0,0,0> }
	no_shadow
}
sphere {
	0, 1
	scale<0.080000,0.200000,0.300000>
	matrix <0.526225, 0.573059, 0.628243,
		0.009971, 0.734601, -0.678426,
		-0.850287, 0.363269, 0.380852,
		29.701483, 30.805599, 29.530117>
	pigment { color rgbt <0,1,1,0> }
	no_shadow
}
cylinder {
	<30.431940, 31.211149, 29.262943>,  <30.296684, 30.551311, 29.263521>, 0.130000
	pigment { color rgbt <1,0,0,0> }
	no_shadow
}

// nucleotide -1

// particle -1
sphere {
	<30.431940, 31.211149, 29.262943> 0.250000
	pigment { color rgbt <1,0,0,0> }
	no_shadow
}
cylinder {
	<30.152977, 31.112206, 29.531996>,  <29.985600, 31.052839, 29.693428>, 0.100000
	pigment { color rgbt <1,0,0,0> }
	no_shadow
}
cylinder {
	<30.152977, 31.112206, 29.531996>,  <30.431940, 31.211149, 29.262943>, 0.100000
	pigment { color rgbt <1,0,0,0> }
	no_shadow
}

// particle -1
sphere {
	<30.152977, 31.112206, 29.531996> 0.100000
	pigment { color rgbt <1,0,0,0> }
	no_shadow
}
sphere {
	0, 1
	scale<0.080000,0.200000,0.300000>
	matrix <0.411383, 0.630352, 0.658347,
		-0.586842, 0.735847, -0.337855,
		-0.697410, -0.247358, 0.672632,
		29.943754, 31.037998, 29.733786>
	pigment { color rgbt <0,1,1,0> }
	no_shadow
}
cylinder {
	<30.312338, 31.841221, 29.720684>,  <30.431940, 31.211149, 29.262943>, 0.130000
	pigment { color rgbt <1,0,0,0> }
	no_shadow
}

// nucleotide -1

// particle -1
sphere {
	<30.312338, 31.841221, 29.720684> 0.250000
	pigment { color rgbt <1,0,0,0> }
	no_shadow
}
cylinder {
	<30.127020, 31.565376, 29.943321>,  <30.015829, 31.399870, 30.076904>, 0.100000
	pigment { color rgbt <1,0,0,0> }
	no_shadow
}
cylinder {
	<30.127020, 31.565376, 29.943321>,  <30.312338, 31.841221, 29.720684>, 0.100000
	pigment { color rgbt <1,0,0,0> }
	no_shadow
}

// particle -1
sphere {
	<30.127020, 31.565376, 29.943321> 0.100000
	pigment { color rgbt <1,0,0,0> }
	no_shadow
}
sphere {
	0, 1
	scale<0.080000,0.200000,0.300000>
	matrix <0.247339, 0.502485, 0.828452,
		-0.850988, 0.521485, -0.062231,
		-0.463295, -0.689610, 0.556592,
		29.988031, 31.358494, 30.110298>
	pigment { color rgbt <0,1,1,0> }
	no_shadow
}
cylinder {
	<29.851221, 32.247097, 30.254442>,  <30.312338, 31.841221, 29.720684>, 0.130000
	pigment { color rgbt <1,0,0,0> }
	no_shadow
}

// nucleotide -1

// particle -1
sphere {
	<29.851221, 32.247097, 30.254442> 0.250000
	pigment { color rgbt <1,0,0,0> }
	no_shadow
}
cylinder {
	<29.935783, 31.873795, 30.370611>,  <29.986521, 31.649815, 30.440313>, 0.100000
	pigment { color rgbt <1,0,0,0> }
	no_shadow
}
cylinder {
	<29.935783, 31.873795, 30.370611>,  <29.851221, 32.247097, 30.254442>, 0.100000
	pigment { color rgbt <1,0,0,0> }
	no_shadow
}

// particle -1
sphere {
	<29.935783, 31.873795, 30.370611> 0.100000
	pigment { color rgbt <1,0,0,0> }
	no_shadow
}
sphere {
	0, 1
	scale<0.080000,0.200000,0.300000>
	matrix <0.328882, 0.347737, 0.878018,
		-0.920404, -0.090103, 0.380444,
		0.211407, -0.933253, 0.290425,
		29.999205, 31.593819, 30.457739>
	pigment { color rgbt <0,1,1,0> }
	no_shadow
}
cylinder {
	<29.386890, 32.111401, 30.754263>,  <29.851221, 32.247097, 30.254442>, 0.130000
	pigment { color rgbt <1,0,0,0> }
	no_shadow
}

// nucleotide -1

// particle -1
sphere {
	<29.386890, 32.111401, 30.754263> 0.250000
	pigment { color rgbt <1,0,0,0> }
	no_shadow
}
cylinder {
	<29.692703, 31.856655, 30.794062>,  <29.876190, 31.703808, 30.817942>, 0.100000
	pigment { color rgbt <1,0,0,0> }
	no_shadow
}
cylinder {
	<29.692703, 31.856655, 30.794062>,  <29.386890, 32.111401, 30.754263>, 0.100000
	pigment { color rgbt <1,0,0,0> }
	no_shadow
}

// particle -1
sphere {
	<29.692703, 31.856655, 30.794062> 0.100000
	pigment { color rgbt <1,0,0,0> }
	no_shadow
}
sphere {
	0, 1
	scale<0.080000,0.200000,0.300000>
	matrix <0.170082, 0.348199, 0.921862,
