// switches for output
#declare DRAW_BASES = 1; // possible values are 0, 1; only relevant for DNA ribbons
#declare DRAW_BASES_TYPE = 3; // possible values are 1, 2, 3; only relevant for DNA ribbons
#declare DRAW_FOG = 0; // set to 1 to enable fog

#include "colors.inc"

#include "transforms.inc"
background { rgb <1, 1, 1>}

#default {
   normal{
       ripples 0.25
       frequency 0.20
       turbulence 0.2
       lambda 5
   }
	finish {
		phong 0.1
		phong_size 40.
	}
}

// original window dimensions: 1024x640


// camera settings

camera {
	sky <0, 0.179814, -0.983701>
	up <0, 0.179814, -0.983701>
	right 1.6 * <1, 0, 0>
	location <35, 94.9851, 44.8844>
	look_at <35, 29.7336, 32.9568>
	direction <0, -65.2515, -11.9276>
	angle 67.0682
}


# declare cpy_camera_pos = <35, 94.9851, 44.8844>;
# if (DRAW_FOG = 1)
fog {
	fog_type 2
	up vnormalize(cpy_camera_pos)
	color rgbt<1,1,1,0.3>
	distance 1e-5
	fog_alt 3e-3
	fog_offset 56
}
# end


// LIGHTS

# declare lum = 6;
global_settings {
	ambient_light rgb lum * <0.05, 0.05, 0.05>
	max_trace_level 15
}# declare cpy_direct_light_amount = 0.25;
light_source
{	1000 * <-1, -1.16352, -0.803886>,
	rgb lum * cpy_direct_light_amount
	parallel
}

light_source
{	1000 * <1, 1.16352, 0.803886>,
	rgb lum * cpy_direct_light_amount
	parallel
}

// strand 0

// nucleotide -1

// particle -1
sphere {
	<24.274345, 34.787266, 34.935040> 0.250000
	pigment { color rgbt <1,0,0,0> }
	no_shadow
}
cylinder {
	<24.245617, 35.076622, 35.209717>,  <24.228380, 35.250237, 35.374523>, 0.100000
	pigment { color rgbt <1,0,0,0> }
	no_shadow
}
cylinder {
	<24.245617, 35.076622, 35.209717>,  <24.274345, 34.787266, 34.935040>, 0.100000
	pigment { color rgbt <1,0,0,0> }
	no_shadow
}

// particle -1
sphere {
	<24.245617, 35.076622, 35.209717> 0.100000
	pigment { color rgbt <1,0,0,0> }
	no_shadow
}
sphere {
	0, 1
	scale<0.080000,0.200000,0.300000>
	matrix <0.610698, -0.512440, 0.603699,
		0.788600, 0.462720, -0.404970,
		-0.071821, 0.723391, 0.686693,
		24.224070, 35.293640, 35.415726>
	pigment { color rgbt <0,1,1,0> }
	no_shadow
}
cylinder {
	<24.962379, 34.890823, 35.241348>,  <24.274345, 34.787266, 34.935040>, 0.130000
	pigment { color rgbt <1,0,0,0> }
	no_shadow
}

// nucleotide -1

// particle -1
sphere {
	<24.962379, 34.890823, 35.241348> 0.250000
	pigment { color rgbt <1,0,0,0> }
	no_shadow
}
cylinder {
	<24.682043, 35.012760, 35.499306>,  <24.513842, 35.085922, 35.654079>, 0.100000
	pigment { color rgbt <1,0,0,0> }
	no_shadow
}
cylinder {
	<24.682043, 35.012760, 35.499306>,  <24.962379, 34.890823, 35.241348>, 0.100000
	pigment { color rgbt <1,0,0,0> }
	no_shadow
}

// particle -1
sphere {
	<24.682043, 35.012760, 35.499306> 0.100000
	pigment { color rgbt <1,0,0,0> }
	no_shadow
}
sphere {
	0, 1
	scale<0.080000,0.200000,0.300000>
	matrix <0.315480, -0.678389, 0.663521,
		0.639759, 0.668476, 0.379273,
		-0.700842, 0.304841, 0.644897,
		24.471790, 35.104214, 35.692776>
	pigment { color rgbt <0,1,1,0> }
	no_shadow
}
cylinder {
	<25.171186, 35.192001, 35.827984>,  <24.962379, 34.890823, 35.241348>, 0.130000
	pigment { color rgbt <1,0,0,0> }
	no_shadow
}

// nucleotide -1

// particle -1
sphere {
	<25.171186, 35.192001, 35.827984> 0.250000
	pigment { color rgbt <1,0,0,0> }
	no_shadow
}
cylinder {
	<24.828213, 35.009773, 35.923702>,  <24.622429, 34.900436, 35.981133>, 0.100000
	pigment { color rgbt <1,0,0,0> }
	no_shadow
}
cylinder {
	<24.828213, 35.009773, 35.923702>,  <25.171186, 35.192001, 35.827984>, 0.100000
	pigment { color rgbt <1,0,0,0> }
	no_shadow
}

// particle -1
sphere {
	<24.828213, 35.009773, 35.923702> 0.100000
	pigment { color rgbt <1,0,0,0> }
	no_shadow
}
sphere {
	0, 1
	scale<0.080000,0.200000,0.300000>
	matrix <0.511062, -0.699497, 0.499520,
		-0.060183, 0.550598, 0.832598,
		-0.857434, -0.455572, 0.239292,
		24.570982, 34.873100, 35.995491>
	pigment { color rgbt <0,1,1,0> }
	no_shadow
}
cylinder {
	<25.452682, 34.812599, 36.394714>,  <25.171186, 35.192001, 35.827984>, 0.130000
	pigment { color rgbt <1,0,0,0> }
	no_shadow
}

// nucleotide -1

// particle -1
sphere {
	<25.452682, 34.812599, 36.394714> 0.250000
	pigment { color rgbt <1,0,0,0> }
	no_shadow
}
cylinder {
	<25.074766, 34.686275, 36.359764>,  <24.848017, 34.610481, 36.338795>, 0.100000
	pigment { color rgbt <1,0,0,0> }
	no_shadow
}
cylinder {
	<25.074766, 34.686275, 36.359764>,  <25.452682, 34.812599, 36.394714>, 0.100000
	pigment { color rgbt <1,0,0,0> }
	no_shadow
}

// particle -1
sphere {
	<25.074766, 34.686275, 36.359764> 0.100000
	pigment { color rgbt <1,0,0,0> }
	no_shadow
}
sphere {
	0, 1
	scale<0.080000,0.200000,0.300000>
	matrix <0.246003, -0.859770, 0.447525,
		-0.216453, 0.401324, 0.889993,
		-0.944791, -0.315809, -0.087372,
		24.791328, 34.591534, 36.333553>
	pigment { color rgbt <0,1,1,0> }
	no_shadow
}
cylinder {
	<25.312220, 34.553082, 37.021854>,  <25.452682, 34.812599, 36.394714>, 0.130000
	pigment { color rgbt <1,0,0,0> }
	no_shadow
}

// nucleotide -1

// particle -1
sphere {
	<25.312220, 34.553082, 37.021854> 0.250000
	pigment { color rgbt <1,0,0,0> }
	no_shadow
}
cylinder {
	<25.053917, 34.385201, 36.766716>,  <24.898935, 34.284473, 36.613632>, 0.100000
	pigment { color rgbt <1,0,0,0> }
	no_shadow
}
cylinder {
	<25.053917, 34.385201, 36.766716>,  <25.312220, 34.553082, 37.021854>, 0.100000
	pigment { color rgbt <1,0,0,0> }
	no_shadow
}

// particle -1
sphere {
	<25.053917, 34.385201, 36.766716> 0.100000
	pigment { color rgbt <1,0,0,0> }
	no_shadow
}
sphere {
	0, 1
	scale<0.080000,0.200000,0.300000>
	matrix <0.181374, -0.895784, 0.405802,
		-0.741689, 0.146360, 0.654581,
		-0.645756, -0.419702, -0.637847,
		24.860189, 34.259289, 36.575363>
	pigment { color rgbt <0,1,1,0> }
	no_shadow
}
cylinder {
	<24.754234, 34.268726, 37.386494>,  <25.312220, 34.553082, 37.021854>, 0.130000
	pigment { color rgbt <1,0,0,0> }
	no_shadow
}

// nucleotide -1

// particle -1
sphere {
	<24.754234, 34.268726, 37.386494> 0.250000
	pigment { color rgbt <1,0,0,0> }
	no_shadow
}
cylinder {
	<24.821554, 34.066807, 37.047825>,  <24.861946, 33.945656, 36.844624>, 0.100000
	pigment { color rgbt <1,0,0,0> }
	no_shadow
}
cylinder {
	<24.821554, 34.066807, 37.047825>,  <24.754234, 34.268726, 37.386494>, 0.100000
	pigment { color rgbt <1,0,0,0> }
	no_shadow
}

// particle -1
sphere {
	<24.821554, 34.066807, 37.047825> 0.100000
	pigment { color rgbt <1,0,0,0> }
	no_shadow
}
sphere {
	0, 1
	scale<0.080000,0.200000,0.300000>
	matrix <0.265354, -0.804015, 0.532115,
		-0.949348, -0.314224, -0.001366,
		0.168302, -0.504800, -0.846671,
		24.872046, 33.915367, 36.793823>
	pigment { color rgbt <0,1,1,0> }
	no_shadow
}
cylinder {
	<24.860817, 33.588318, 37.611023>,  <24.754234, 34.268726, 37.386494>, 0.130000
	pigment { color rgbt <1,0,0,0> }
	no_shadow
}

// nucleotide -1

// particle -1
sphere {
	<24.860817, 33.588318, 37.611023> 0.250000
	pigment { color rgbt <1,0,0,0> }
	no_shadow
}
cylinder {
	<24.961676, 33.517815, 37.230423>,  <25.022190, 33.475513, 37.002064>, 0.100000
	pigment { color rgbt <1,0,0,0> }
	no_shadow
}
cylinder {
	<24.961676, 33.517815, 37.230423>,  <24.860817, 33.588318, 37.611023>, 0.100000
	pigment { color rgbt <1,0,0,0> }
	no_shadow
}

// particle -1
sphere {
	<24.961676, 33.517815, 37.230423> 0.100000
	pigment { color rgbt <1,0,0,0> }
	no_shadow
}
sphere {
	0, 1
	scale<0.080000,0.200000,0.300000>
	matrix <0.223527, -0.946072, 0.234484,
		-0.941518, -0.271812, -0.199155,
		0.252150, -0.176254, -0.951501,
		25.037319, 33.464939, 36.944973>
	pigment { color rgbt <0,1,1,0> }
	no_shadow
}
cylinder {
	<24.415932, 33.014633, 37.403732>,  <24.860817, 33.588318, 37.611023>, 0.130000
	pigment { color rgbt <1,0,0,0> }
	no_shadow
}

// nucleotide -1

// particle -1
sphere {
	<24.415932, 33.014633, 37.403732> 0.250000
	pigment { color rgbt <1,0,0,0> }
	no_shadow
}
cylinder {
	<24.787682, 33.050465, 37.260490>,  <25.010731, 33.071964, 37.174545>, 0.100000
	pigment { color rgbt <1,0,0,0> }
	no_shadow
}
cylinder {
	<24.787682, 33.050465, 37.260490>,  <24.415932, 33.014633, 37.403732>, 0.100000
	pigment { color rgbt <1,0,0,0> }
	no_shadow
}

// particle -1
sphere {
	<24.787682, 33.050465, 37.260490> 0.100000
	pigment { color rgbt <1,0,0,0> }
	no_shadow
}
sphere {
	0, 1
	scale<0.080000,0.200000,0.300000>
	matrix <0.143113, -0.981673, 0.125844,
		-0.340267, -0.168205, -0.925162,
		0.929374, 0.089582, -0.358104,
		25.066494, 33.077339, 37.153061>
	pigment { color rgbt <0,1,1,0> }
	no_shadow
}
cylinder {
	<24.638447, 32.293766, 37.404942>,  <24.415932, 33.014633, 37.403732>, 0.130000
	pigment { color rgbt <1,0,0,0> }
	no_shadow
}

// nucleotide -1

// particle -1
sphere {
	<24.638447, 32.293766, 37.404942> 0.250000
	pigment { color rgbt <1,0,0,0> }
	no_shadow
}
cylinder {
	<24.978910, 32.463406, 37.281219>,  <25.183187, 32.565189, 37.206985>, 0.100000
	pigment { color rgbt <1,0,0,0> }
	no_shadow
}
cylinder {
	<24.978910, 32.463406, 37.281219>,  <24.638447, 32.293766, 37.404942>, 0.100000
	pigment { color rgbt <1,0,0,0> }
	no_shadow
}

// particle -1
sphere {
	<24.978910, 32.463406, 37.281219> 0.100000
	pigment { color rgbt <1,0,0,0> }
	no_shadow
}
sphere {
	0, 1
	scale<0.080000,0.200000,0.300000>
	matrix <0.467749, -0.880208, 0.080279,
		-0.238207, -0.213008, -0.947568,
		0.851157, 0.424101, -0.309306,
		25.234257, 32.590637, 37.188427>
	pigment { color rgbt <0,1,1,0> }
	no_shadow
}
cylinder {
	<24.990461, 31.832109, 37.000576>,  <24.638447, 32.293766, 37.404942>, 0.130000
	pigment { color rgbt <1,0,0,0> }
	no_shadow
}

// nucleotide -1

// particle -1
sphere {
	<24.990461, 31.832109, 37.000576> 0.250000
	pigment { color rgbt <1,0,0,0> }
	no_shadow
}
cylinder {
	<25.279072, 32.091892, 37.096581>,  <25.452238, 32.247761, 37.154182>, 0.100000
	pigment { color rgbt <1,0,0,0> }
	no_shadow
}
cylinder {
	<25.279072, 32.091892, 37.096581>,  <24.990461, 31.832109, 37.000576>, 0.100000
	pigment { color rgbt <1,0,0,0> }
	no_shadow
}

// particle -1
sphere {
	<25.279072, 32.091892, 37.096581> 0.100000
	pigment { color rgbt <1,0,0,0> }
	no_shadow
}
sphere {
	0, 1
	scale<0.080000,0.200000,0.300000>
	matrix <0.677011, -0.734407, -0.047968,
		0.145116, 0.197103, -0.969583,
		0.721524, 0.649458, 0.240016,
		25.495529, 32.286728, 37.168587>
	pigment { color rgbt <0,1,1,0> }
	no_shadow
}
cylinder {
	<25.444353, 31.732010, 36.522896>,  <24.990461, 31.832109, 37.000576>, 0.130000
	pigment { color rgbt <1,0,0,0> }
	no_shadow
}

// nucleotide -1

// particle -1
sphere {
	<25.444353, 31.732010, 36.522896> 0.250000
	pigment { color rgbt <1,0,0,0> }
	no_shadow
}
cylinder {
	<25.600887, 31.874578, 36.862267>,  <25.694809, 31.960119, 37.065887>, 0.100000
	pigment { color rgbt <1,0,0,0> }
	no_shadow
}
cylinder {
	<25.600887, 31.874578, 36.862267>,  <25.444353, 31.732010, 36.522896>, 0.100000
	pigment { color rgbt <1,0,0,0> }
	no_shadow
}

// particle -1
sphere {
	<25.600887, 31.874578, 36.862267> 0.100000
	pigment { color rgbt <1,0,0,0> }
	no_shadow
}
sphere {
	0, 1
	scale<0.080000,0.200000,0.300000>
	matrix <0.730317, -0.681226, -0.050679,
		0.559905, 0.639449, -0.526888,
		0.391336, 0.356420, 0.848422,
		25.718288, 31.981504, 37.116795>
	pigment { color rgbt <0,1,1,0> }
	no_shadow
}
cylinder {
	<26.100443, 31.712753, 36.388958>,  <25.444353, 31.732010, 36.522896>, 0.130000
	pigment { color rgbt <1,0,0,0> }
	no_shadow
}

// nucleotide -1

// particle -1
sphere {
	<26.100443, 31.712753, 36.388958> 0.250000
	pigment { color rgbt <1,0,0,0> }
	no_shadow
}
cylinder {
	<26.088457, 31.742212, 36.787693>,  <26.081266, 31.759888, 37.026932>, 0.100000
	pigment { color rgbt <1,0,0,0> }
	no_shadow
}
cylinder {
	<26.088457, 31.742212, 36.787693>,  <26.100443, 31.712753, 36.388958>, 0.100000
	pigment { color rgbt <1,0,0,0> }
	no_shadow
}

// particle -1
sphere {
	<26.088457, 31.742212, 36.787693> 0.100000
	pigment { color rgbt <1,0,0,0> }
	no_shadow
}
sphere {
	0, 1
	scale<0.080000,0.200000,0.300000>
	matrix <0.725367, -0.684546, 0.072379,
		0.687709, 0.725240, -0.032909,
		-0.029965, 0.073647, 0.996834,
		26.079468, 31.764307, 37.086742>
	pigment { color rgbt <0,1,1,0> }
	no_shadow
}
cylinder {
	<26.849957, 31.670465, 36.694500>,  <26.100443, 31.712753, 36.388958>, 0.130000
	pigment { color rgbt <1,0,0,0> }
	no_shadow
}

// nucleotide -1

// particle -1
sphere {
	<26.849957, 31.670465, 36.694500> 0.250000
	pigment { color rgbt <1,0,0,0> }
	no_shadow
}
cylinder {
	<26.615507, 31.557159, 36.998135>,  <26.474836, 31.489176, 37.180317>, 0.100000
	pigment { color rgbt <1,0,0,0> }
	no_shadow
}
cylinder {
	<26.615507, 31.557159, 36.998135>,  <26.849957, 31.670465, 36.694500>, 0.100000
	pigment { color rgbt <1,0,0,0> }
	no_shadow
}

// particle -1
sphere {
	<26.615507, 31.557159, 36.998135> 0.100000
	pigment { color rgbt <1,0,0,0> }
	no_shadow
}
sphere {
	0, 1
	scale<0.080000,0.200000,0.300000>
	matrix <0.636211, -0.741035, 0.214717,
		0.501691, 0.608792, 0.614555,
		-0.586124, -0.283265, 0.759091,
		26.439671, 31.472179, 37.225861>
	pigment { color rgbt <0,1,1,0> }
	no_shadow
}
cylinder {
	<27.264889, 31.553898, 37.148758>,  <26.849957, 31.670465, 36.694500>, 0.130000
	pigment { color rgbt <1,0,0,0> }
	no_shadow
}

// nucleotide -1

// particle -1
sphere {
	<27.264889, 31.553898, 37.148758> 0.250000
	pigment { color rgbt <1,0,0,0> }
	no_shadow
}
cylinder {
	<26.953466, 31.348675, 37.293324>,  <26.766613, 31.225540, 37.380062>, 0.100000
	pigment { color rgbt <1,0,0,0> }
	no_shadow
}
cylinder {
	<26.953466, 31.348675, 37.293324>,  <27.264889, 31.553898, 37.148758>, 0.100000
	pigment { color rgbt <1,0,0,0> }
	no_shadow
}

// particle -1
sphere {
	<26.953466, 31.348675, 37.293324> 0.100000
	pigment { color rgbt <1,0,0,0> }
	no_shadow
}
sphere {
	0, 1
	scale<0.080000,0.200000,0.300000>
	matrix <0.604988, -0.766692, 0.214879,
		0.166846, 0.385946, 0.907308,
		-0.778558, -0.513059, 0.361412,
		26.719898, 31.194757, 37.401749>
	pigment { color rgbt <0,1,1,0> }
	no_shadow
}
cylinder {
	<27.500296, 31.172310, 37.758221>,  <27.264889, 31.553898, 37.148758>, 0.130000
	pigment { color rgbt <1,0,0,0> }
	no_shadow
}

// nucleotide -1

// particle -1
sphere {
	<27.500296, 31.172310, 37.758221> 0.250000
	pigment { color rgbt <1,0,0,0> }
	no_shadow
}
cylinder {
	<27.172871, 30.969753, 37.649761>,  <26.976416, 30.848219, 37.584686>, 0.100000
	pigment { color rgbt <1,0,0,0> }
	no_shadow
}
cylinder {
	<27.172871, 30.969753, 37.649761>,  <27.500296, 31.172310, 37.758221>, 0.100000
	pigment { color rgbt <1,0,0,0> }
	no_shadow
}

// particle -1
sphere {
	<27.172871, 30.969753, 37.649761> 0.100000
	pigment { color rgbt <1,0,0,0> }
	no_shadow
}
sphere {
	0, 1
	scale<0.080000,0.200000,0.300000>
	matrix <0.506195, -0.859047, 0.076196,
		-0.271512, -0.074881, 0.959518,
		-0.818565, -0.506391, -0.271146,
		26.927301, 30.817837, 37.568417>
	pigment { color rgbt <0,1,1,0> }
	no_shadow
}
cylinder {
	<27.372211, 30.795856, 38.359386>,  <27.500296, 31.172310, 37.758221>, 0.130000
	pigment { color rgbt <1,0,0,0> }
	no_shadow
}

// nucleotide -1

// particle -1
sphere {
	<27.372211, 30.795856, 38.359386> 0.250000
	pigment { color rgbt <1,0,0,0> }
	no_shadow
}
cylinder {
	<27.201065, 30.617424, 38.044949>,  <27.098377, 30.510365, 37.856285>, 0.100000
	pigment { color rgbt <1,0,0,0> }
	no_shadow
}
cylinder {
	<27.201065, 30.617424, 38.044949>,  <27.372211, 30.795856, 38.359386>, 0.100000
	pigment { color rgbt <1,0,0,0> }
	no_shadow
}

// particle -1
sphere {
	<27.201065, 30.617424, 38.044949> 0.100000
	pigment { color rgbt <1,0,0,0> }
	no_shadow
}
sphere {
	0, 1
	scale<0.080000,0.200000,0.300000>
	matrix <0.447274, -0.860265, 0.244724,
		-0.785414, -0.246889, 0.567600,
		-0.427867, -0.446082, -0.786092,
		27.072704, 30.483599, 37.809120>
	pigment { color rgbt <0,1,1,0> }
	no_shadow
}
cylinder {
	<27.391048, 30.182577, 38.543709>,  <27.372211, 30.795856, 38.359386>, 0.130000
	pigment { color rgbt <1,0,0,0> }
	no_shadow
}

// nucleotide -1

// particle -1
sphere {
	<27.391048, 30.182577, 38.543709> 0.250000
	pigment { color rgbt <1,0,0,0> }
	no_shadow
}
cylinder {
	<27.341185, 30.112558, 38.153053>,  <27.311266, 30.070547, 37.918659>, 0.100000
	pigment { color rgbt <1,0,0,0> }
	no_shadow
}
cylinder {
	<27.341185, 30.112558, 38.153053>,  <27.391048, 30.182577, 38.543709>, 0.100000
	pigment { color rgbt <1,0,0,0> }
	no_shadow
}

// particle -1
sphere {
	<27.341185, 30.112558, 38.153053> 0.100000
	pigment { color rgbt <1,0,0,0> }
	no_shadow
}
sphere {
	0, 1
	scale<0.080000,0.200000,0.300000>
	matrix <0.395547, -0.911482, 0.112883,
		-0.909946, -0.372234, 0.182864,
		-0.124659, -0.175049, -0.976636,
		27.303787, 30.060043, 37.860062>
	pigment { color rgbt <0,1,1,0> }
	no_shadow
}
cylinder {
	<27.172062, 29.451532, 38.499378>,  <27.391048, 30.182577, 38.543709>, 0.130000
	pigment { color rgbt <1,0,0,0> }
	no_shadow
}

// nucleotide -1

// particle -1
sphere {
	<27.172062, 29.451532, 38.499378> 0.250000
	pigment { color rgbt <1,0,0,0> }
	no_shadow
}
cylinder {
	<27.295469, 29.561388, 38.135094>,  <27.369514, 29.627300, 37.916523>, 0.100000
	pigment { color rgbt <1,0,0,0> }
	no_shadow
}
cylinder {
	<27.295469, 29.561388, 38.135094>,  <27.172062, 29.451532, 38.499378>, 0.100000
	pigment { color rgbt <1,0,0,0> }
	no_shadow
}

// particle -1
sphere {
	<27.295469, 29.561388, 38.135094> 0.100000
	pigment { color rgbt <1,0,0,0> }
	no_shadow
}
sphere {
	0, 1
	scale<0.080000,0.200000,0.300000>
	matrix <0.506794, -0.857670, -0.086957,
		-0.804969, -0.434713, -0.403794,
		0.308521, 0.274638, -0.910708,
		27.388025, 29.643780, 37.861881>
	pigment { color rgbt <0,1,1,0> }
	no_shadow
}
cylinder {
	<27.067728, 28.849100, 38.052509>,  <27.172062, 29.451532, 38.499378>, 0.130000
	pigment { color rgbt <1,0,0,0> }
	no_shadow
}

// nucleotide -1

// particle -1
sphere {
	<27.067728, 28.849100, 38.052509> 0.250000
	pigment { color rgbt <1,0,0,0> }
	no_shadow
}
cylinder {
	<27.354813, 29.058207, 37.868507>,  <27.527063, 29.183670, 37.758106>, 0.100000
	pigment { color rgbt <1,0,0,0> }
	no_shadow
}
cylinder {
	<27.354813, 29.058207, 37.868507>,  <27.067728, 28.849100, 38.052509>, 0.100000
	pigment { color rgbt <1,0,0,0> }
	no_shadow
}

// particle -1
sphere {
	<27.354813, 29.058207, 37.868507> 0.100000
	pigment { color rgbt <1,0,0,0> }
	no_shadow
}
sphere {
	0, 1
	scale<0.080000,0.200000,0.300000>
	matrix <0.537235, -0.835986, -0.111832,
		-0.443021, -0.166868, -0.880845,
		0.717712, 0.522765, -0.460007,
		27.570126, 29.215036, 37.730507>
	pigment { color rgbt <0,1,1,0> }
	no_shadow
}
cylinder {
	<27.348087, 28.381054, 37.557022>,  <27.067728, 28.849100, 38.052509>, 0.130000
	pigment { color rgbt <1,0,0,0> }
	no_shadow
}

// nucleotide -1

// particle -1
sphere {
	<27.348087, 28.381054, 37.557022> 0.250000
	pigment { color rgbt <1,0,0,0> }
	no_shadow
}
cylinder {
	<27.612339, 28.677053, 37.607571>,  <27.770889, 28.854654, 37.637901>, 0.100000
	pigment { color rgbt <1,0,0,0> }
	no_shadow
}
cylinder {
	<27.612339, 28.677053, 37.607571>,  <27.348087, 28.381054, 37.557022>, 0.100000
	pigment { color rgbt <1,0,0,0> }
	no_shadow
}

// particle -1
sphere {
	<27.612339, 28.677053, 37.607571> 0.100000
	pigment { color rgbt <1,0,0,0> }
	no_shadow
}
sphere {
	0, 1
	scale<0.080000,0.200000,0.300000>
	matrix <0.748972, -0.638226, -0.178069,
		-0.051116, 0.212288, -0.975869,
		0.660627, 0.740001, 0.126374,
		27.810528, 28.899054, 37.645481>
	pigment { color rgbt <0,1,1,0> }
	no_shadow
}
cylinder {
	<27.722040, 28.417160, 36.865067>,  <27.348087, 28.381054, 37.557022>, 0.130000
	pigment { color rgbt <1,0,0,0> }
	no_shadow
}

// nucleotide -1

// particle -1
sphere {
	<27.722040, 28.417160, 36.865067> 0.250000
	pigment { color rgbt <1,0,0,0> }
	no_shadow
}
cylinder {
	<27.922134, 28.556805, 37.182022>,  <28.042191, 28.640591, 37.372196>, 0.100000
	pigment { color rgbt <1,0,0,0> }
	no_shadow
}
cylinder {
	<27.922134, 28.556805, 37.182022>,  <27.722040, 28.417160, 36.865067>, 0.100000
	pigment { color rgbt <1,0,0,0> }
	no_shadow
}

// particle -1
sphere {
	<27.922134, 28.556805, 37.182022> 0.100000
	pigment { color rgbt <1,0,0,0> }
	no_shadow
}
sphere {
	0, 1
	scale<0.080000,0.200000,0.300000>
	matrix <0.679257, -0.725751, -0.109063,
		0.537004, 0.592795, -0.600183,
		0.500236, 0.349112, 0.792392,
		28.072205, 28.661539, 37.419739>
	pigment { color rgbt <0,1,1,0> }
	no_shadow
}
cylinder {
	<28.423206, 28.175833, 36.732533>,  <27.722040, 28.417160, 36.865067>, 0.130000
	pigment { color rgbt <1,0,0,0> }
	no_shadow
}

// nucleotide -1

// particle -1
sphere {
	<28.423206, 28.175833, 36.732533> 0.250000
	pigment { color rgbt <1,0,0,0> }
	no_shadow
}
cylinder {
	<28.458941, 28.284016, 37.115963>,  <28.480381, 28.348925, 37.346024>, 0.100000
	pigment { color rgbt <1,0,0,0> }
	no_shadow
}
cylinder {
	<28.458941, 28.284016, 37.115963>,  <28.423206, 28.175833, 36.732533>, 0.100000
	pigment { color rgbt <1,0,0,0> }
	no_shadow
}

// particle -1
sphere {
	<28.458941, 28.284016, 37.115963> 0.100000
	pigment { color rgbt <1,0,0,0> }
	no_shadow
}
sphere {
	0, 1
	scale<0.080000,0.200000,0.300000>
	matrix <0.767775, -0.631773, 0.106697,
		0.634461, 0.726441, -0.264089,
		0.089336, 0.270456, 0.958578,
		28.485741, 28.365152, 37.403538>
	pigment { color rgbt <0,1,1,0> }
	no_shadow
}
cylinder {
	<29.071489, 28.188150, 36.797722>,  <28.423206, 28.175833, 36.732533>, 0.130000
	pigment { color rgbt <1,0,0,0> }
	no_shadow
}

// nucleotide -1

// particle -1
sphere {
	<29.071489, 28.188150, 36.797722> 0.250000
	pigment { color rgbt <1,0,0,0> }
	no_shadow
}
cylinder {
	<28.936874, 28.154472, 37.172882>,  <28.856106, 28.134266, 37.397980>, 0.100000
	pigment { color rgbt <1,0,0,0> }
	no_shadow
}
cylinder {
	<28.936874, 28.154472, 37.172882>,  <29.071489, 28.188150, 36.797722>, 0.100000
	pigment { color rgbt <1,0,0,0> }
	no_shadow
}

// particle -1
sphere {
	<28.936874, 28.154472, 37.172882> 0.100000
	pigment { color rgbt <1,0,0,0> }
	no_shadow
}
sphere {
	0, 1
	scale<0.080000,0.200000,0.300000>
	matrix <0.710504, -0.676359, 0.194224,
		0.618003, 0.731745, 0.287440,
		-0.336535, -0.084196, 0.937899,
		28.835915, 28.129213, 37.454250>
	pigment { color rgbt <0,1,1,0> }
	no_shadow
}
cylinder {
	<29.581337, 28.310629, 37.311401>,  <29.071489, 28.188150, 36.797722>, 0.130000
	pigment { color rgbt <1,0,0,0> }
	no_shadow
}

// nucleotide -1

// particle -1
sphere {
	<29.581337, 28.310629, 37.311401> 0.250000
	pigment { color rgbt <1,0,0,0> }
	no_shadow
}
cylinder {
	<29.335665, 28.068794, 37.514286>,  <29.188261, 27.923695, 37.636017>, 0.100000
	pigment { color rgbt <1,0,0,0> }
	no_shadow
}
cylinder {
	<29.335665, 28.068794, 37.514286>,  <29.581337, 28.310629, 37.311401>, 0.100000
	pigment { color rgbt <1,0,0,0> }
	no_shadow
}

// particle -1
sphere {
	<29.335665, 28.068794, 37.514286> 0.100000
	pigment { color rgbt <1,0,0,0> }
	no_shadow
}
sphere {
	0, 1
	scale<0.080000,0.200000,0.300000>
	matrix <0.785469, -0.530466, 0.318818,
		0.076305, 0.594209, 0.800683,
		-0.614180, -0.604584, 0.507209,
		29.151411, 27.887419, 37.666451>
	pigment { color rgbt <0,1,1,0> }
	no_shadow
}
cylinder {
	<29.905991, 28.110554, 37.924164>,  <29.581337, 28.310629, 37.311401>, 0.130000
	pigment { color rgbt <1,0,0,0> }
	no_shadow
}

// nucleotide -1

// particle -1
sphere {
	<29.905991, 28.110554, 37.924164> 0.250000
	pigment { color rgbt <1,0,0,0> }
	no_shadow
}
cylinder {
	<29.620205, 27.831450, 37.903484>,  <29.448734, 27.663986, 37.891079>, 0.100000
	pigment { color rgbt <1,0,0,0> }
	no_shadow
}
cylinder {
	<29.620205, 27.831450, 37.903484>,  <29.905991, 28.110554, 37.924164>, 0.100000
	pigment { color rgbt <1,0,0,0> }
	no_shadow
}

// particle -1
sphere {
	<29.620205, 27.831450, 37.903484> 0.100000
	pigment { color rgbt <1,0,0,0> }
	no_shadow
}
sphere {
	0, 1
	scale<0.080000,0.200000,0.300000>
	matrix <0.668269, -0.702415, 0.245010,
		-0.207270, 0.140504, 0.968141,
		-0.714462, -0.697762, -0.051695,
		29.405867, 27.622122, 37.887974>
	pigment { color rgbt <0,1,1,0> }
	no_shadow
}
cylinder {
	<29.808210, 27.843145, 38.570354>,  <29.905991, 28.110554, 37.924164>, 0.130000
	pigment { color rgbt <1,0,0,0> }
	no_shadow
}

// nucleotide -1

// particle -1
sphere {
	<29.808210, 27.843145, 38.570354> 0.250000
	pigment { color rgbt <1,0,0,0> }
	no_shadow
}
cylinder {
	<29.703661, 27.580790, 38.287090>,  <29.640932, 27.423376, 38.117130>, 0.100000
	pigment { color rgbt <1,0,0,0> }
	no_shadow
}
cylinder {
	<29.703661, 27.580790, 38.287090>,  <29.808210, 27.843145, 38.570354>, 0.100000
	pigment { color rgbt <1,0,0,0> }
	no_shadow
}

// particle -1
sphere {
	<29.703661, 27.580790, 38.287090> 0.100000
	pigment { color rgbt <1,0,0,0> }
	no_shadow
}
sphere {
	0, 1
	scale<0.080000,0.200000,0.300000>
	matrix <0.715985, -0.623779, 0.313475,
		-0.647342, -0.425101, 0.632644,
		-0.261371, -0.655888, -0.708164,
		29.625250, 27.384024, 38.074642>
	pigment { color rgbt <0,1,1,0> }
	no_shadow
}
cylinder {
	<29.560905, 27.147909, 38.893997>,  <29.808210, 27.843145, 38.570354>, 0.130000
	pigment { color rgbt <1,0,0,0> }
	no_shadow
}

// nucleotide -1

// particle -1
sphere {
	<29.560905, 27.147909, 38.893997> 0.250000
	pigment { color rgbt <1,0,0,0> }
	no_shadow
}
cylinder {
	<29.738152, 27.133955, 38.535683>,  <29.844500, 27.125584, 38.320694>, 0.100000
	pigment { color rgbt <1,0,0,0> }
	no_shadow
}
cylinder {
	<29.738152, 27.133955, 38.535683>,  <29.560905, 27.147909, 38.893997>, 0.100000
	pigment { color rgbt <1,0,0,0> }
	no_shadow
}

// particle -1
sphere {
	<29.738152, 27.133955, 38.535683> 0.100000
	pigment { color rgbt <1,0,0,0> }
	no_shadow
}
sphere {
	0, 1
	scale<0.080000,0.200000,0.300000>
	matrix <0.753151, -0.527482, 0.393098,
		-0.486224, -0.848850, -0.207463,
		0.443115, -0.034883, -0.895786,
		29.871086, 27.123489, 38.266945>
	pigment { color rgbt <0,1,1,0> }
	no_shadow
}
cylinder {
	<30.050331, 26.680468, 38.977833>,  <29.560905, 27.147909, 38.893997>, 0.130000
	pigment { color rgbt <1,0,0,0> }
	no_shadow
}

// nucleotide -1

// particle -1
sphere {
	<30.050331, 26.680468, 38.977833> 0.250000
	pigment { color rgbt <1,0,0,0> }
	no_shadow
}
cylinder {
	<30.132442, 26.798887, 38.604691>,  <30.181709, 26.869938, 38.380806>, 0.100000
	pigment { color rgbt <1,0,0,0> }
	no_shadow
}
cylinder {
	<30.132442, 26.798887, 38.604691>,  <30.050331, 26.680468, 38.977833>, 0.100000
	pigment { color rgbt <1,0,0,0> }
	no_shadow
}

// particle -1
sphere {
	<30.132442, 26.798887, 38.604691> 0.100000
	pigment { color rgbt <1,0,0,0> }
	no_shadow
}
sphere {
	0, 1
	scale<0.080000,0.200000,0.300000>
	matrix <0.929913, -0.356192, 0.091591,
		-0.305160, -0.886275, -0.348417,
		0.205278, 0.296048, -0.932854,
		30.194025, 26.887701, 38.324833>
	pigment { color rgbt <0,1,1,0> }
	no_shadow
}
cylinder {
	<30.334791, 26.135427, 38.568714>,  <30.050331, 26.680468, 38.977833>, 0.130000
	pigment { color rgbt <1,0,0,0> }
	no_shadow
}

// nucleotide -1

// particle -1
sphere {
	<30.334791, 26.135427, 38.568714> 0.250000
	pigment { color rgbt <1,0,0,0> }
	no_shadow
}
cylinder {
	<30.477625, 26.479856, 38.423912>,  <30.563326, 26.686514, 38.337032>, 0.100000
	pigment { color rgbt <1,0,0,0> }
	no_shadow
}
cylinder {
	<30.477625, 26.479856, 38.423912>,  <30.334791, 26.135427, 38.568714>, 0.100000
	pigment { color rgbt <1,0,0,0> }
	no_shadow
}

// particle -1
sphere {
	<30.477625, 26.479856, 38.423912> 0.100000
	pigment { color rgbt <1,0,0,0> }
	no_shadow
}
sphere {
	0, 1
	scale<0.080000,0.200000,0.300000>
	matrix <0.928776, -0.368523, 0.039575,
		-0.099329, -0.350351, -0.931337,
		0.357084, 0.861072, -0.362002,
		30.584749, 26.738178, 38.315311>
	pigment { color rgbt <0,1,1,0> }
	no_shadow
}
cylinder {
	<30.608953, 26.259426, 37.883076>,  <30.334791, 26.135427, 38.568714>, 0.130000
	pigment { color rgbt <1,0,0,0> }
	no_shadow
}

// nucleotide -1

// particle -1
sphere {
	<30.608953, 26.259426, 37.883076> 0.250000
	pigment { color rgbt <1,0,0,0> }
	no_shadow
}
cylinder {
	<30.802488, 26.496176, 38.140942>,  <30.918610, 26.638226, 38.295662>, 0.100000
	pigment { color rgbt <1,0,0,0> }
	no_shadow
}
cylinder {
	<30.802488, 26.496176, 38.140942>,  <30.608953, 26.259426, 37.883076>, 0.100000
	pigment { color rgbt <1,0,0,0> }
	no_shadow
}

// particle -1
sphere {
	<30.802488, 26.496176, 38.140942> 0.100000
	pigment { color rgbt <1,0,0,0> }
	no_shadow
}
sphere {
	0, 1
	scale<0.080000,0.200000,0.300000>
	matrix <0.858686, -0.463307, -0.219100,
		0.168996, 0.659570, -0.732399,
		0.483837, 0.591873, 0.644661,
		30.947639, 26.673738, 38.334339>
	pigment { color rgbt <0,1,1,0> }
	no_shadow
}
cylinder {
	<31.223240, 26.665468, 37.500992>,  <30.608953, 26.259426, 37.883076>, 0.130000
	pigment { color rgbt <1,0,0,0> }
	no_shadow
}

// nucleotide -1

// particle -1
sphere {
	<31.223240, 26.665468, 37.500992> 0.250000
	pigment { color rgbt <1,0,0,0> }
	no_shadow
}
cylinder {
	<31.263315, 26.634069, 37.897739>,  <31.287359, 26.615231, 38.135788>, 0.100000
	pigment { color rgbt <1,0,0,0> }
	no_shadow
}
cylinder {
	<31.263315, 26.634069, 37.897739>,  <31.223240, 26.665468, 37.500992>, 0.100000
	pigment { color rgbt <1,0,0,0> }
	no_shadow
}

// particle -1
sphere {
	<31.263315, 26.634069, 37.897739> 0.100000
	pigment { color rgbt <1,0,0,0> }
	no_shadow
}
sphere {
	0, 1
	scale<0.080000,0.200000,0.300000>
	matrix <0.913529, -0.387745, -0.122961,
		0.394244, 0.918418, 0.032862,
		0.100187, -0.078497, 0.991867,
		31.293371, 26.610519, 38.195301>
	pigment { color rgbt <0,1,1,0> }
	no_shadow
}
cylinder {
	<31.935867, 26.797878, 37.645458>,  <31.223240, 26.665468, 37.500992>, 0.130000
	pigment { color rgbt <1,0,0,0> }
	no_shadow
}

// nucleotide -1

// particle -1
sphere {
	<31.935867, 26.797878, 37.645458> 0.250000
	pigment { color rgbt <1,0,0,0> }
	no_shadow
}
cylinder {
	<31.799946, 26.603039, 37.967270>,  <31.718393, 26.486135, 38.160358>, 0.100000
	pigment { color rgbt <1,0,0,0> }
	no_shadow
}
cylinder {
	<31.799946, 26.603039, 37.967270>,  <31.935867, 26.797878, 37.645458>, 0.100000
	pigment { color rgbt <1,0,0,0> }
	no_shadow
}

// particle -1
sphere {
	<31.799946, 26.603039, 37.967270> 0.100000
	pigment { color rgbt <1,0,0,0> }
	no_shadow
}
sphere {
	0, 1
	scale<0.080000,0.200000,0.300000>
	matrix <0.906510, -0.397516, 0.142200,
		0.250549, 0.777636, 0.576634,
		-0.339802, -0.487097, 0.804532,
		31.698006, 26.456909, 38.208630>
	pigment { color rgbt <0,1,1,0> }
	no_shadow
}
cylinder {
	<32.389118, 26.960718, 38.145340>,  <31.935867, 26.797878, 37.645458>, 0.130000
	pigment { color rgbt <1,0,0,0> }
	no_shadow
}

// nucleotide -1

// particle -1
sphere {
	<32.389118, 26.960718, 38.145340> 0.250000
	pigment { color rgbt <1,0,0,0> }
	no_shadow
}
cylinder {
	<32.206951, 26.609762, 38.205711>,  <32.097652, 26.399189, 38.241932>, 0.100000
	pigment { color rgbt <1,0,0,0> }
	no_shadow
}
cylinder {
	<32.206951, 26.609762, 38.205711>,  <32.389118, 26.960718, 38.145340>, 0.100000
	pigment { color rgbt <1,0,0,0> }
	no_shadow
}

// particle -1
sphere {
	<32.206951, 26.609762, 38.205711> 0.100000
	pigment { color rgbt <1,0,0,0> }
	no_shadow
}
sphere {
	0, 1
	scale<0.080000,0.200000,0.300000>
	matrix <0.882557, -0.422656, 0.206047,
		-0.116994, 0.227039, 0.966833,
		-0.455418, -0.877392, 0.150926,
		32.070324, 26.346544, 38.250988>
	pigment { color rgbt <0,1,1,0> }
	no_shadow
}
cylinder {
	<32.514149, 27.425909, 37.549950>,  <32.389118, 26.960718, 38.145340>, 0.130000
	pigment { color rgbt <1,0,0,0> }
	no_shadow
}

// nucleotide -1

// particle -1
sphere {
	<32.514149, 27.425909, 37.549950> 0.250000
	pigment { color rgbt <1,0,0,0> }
	no_shadow
}
cylinder {
	<32.348835, 27.688297, 37.802586>,  <32.249649, 27.845730, 37.954166>, 0.100000
	pigment { color rgbt <1,0,0,0> }
	no_shadow
}
cylinder {
	<32.348835, 27.688297, 37.802586>,  <32.514149, 27.425909, 37.549950>, 0.100000
	pigment { color rgbt <1,0,0,0> }
	no_shadow
}

// particle -1
sphere {
	<32.348835, 27.688297, 37.802586> 0.100000
	pigment { color rgbt <1,0,0,0> }
	no_shadow
}
sphere {
	0, 1
	scale<0.080000,0.200000,0.300000>
	matrix <-0.799595, 0.070458, -0.596393,
		-0.435716, -0.751491, 0.495391,
		-0.413280, 0.655970, 0.631588,
		32.224850, 27.885088, 37.992062>
	pigment { color rgbt <0,1,1,0> }
	no_shadow
}
cylinder {
	<32.789181, 26.840012, 37.451561>,  <32.514149, 27.425909, 37.549950>, 0.130000
	pigment { color rgbt <1,0,0,0> }
	no_shadow
}

// nucleotide -1

// particle -1
sphere {
	<32.789181, 26.840012, 37.451561> 0.250000
	pigment { color rgbt <1,0,0,0> }
	no_shadow
}
cylinder {
	<33.103401, 27.039822, 37.305477>,  <33.291935, 27.159708, 37.217827>, 0.100000
	pigment { color rgbt <1,0,0,0> }
	no_shadow
}
cylinder {
	<33.103401, 27.039822, 37.305477>,  <32.789181, 26.840012, 37.451561>, 0.100000
	pigment { color rgbt <1,0,0,0> }
	no_shadow
}

// particle -1
sphere {
	<33.103401, 27.039822, 37.305477> 0.100000
	pigment { color rgbt <1,0,0,0> }
	no_shadow
}
sphere {
	0, 1
	scale<0.080000,0.200000,0.300000>
	matrix <-0.461629, 0.866111, 0.191703,
		0.412077, 0.018000, 0.910971,
		0.785552, 0.499527, -0.365214,
		33.339066, 27.189680, 37.195911>
	pigment { color rgbt <0,1,1,0> }
	no_shadow
}
cylinder {
	<33.138931, 27.415331, 37.936237>,  <32.789181, 26.840012, 37.451561>, 0.130000
	pigment { color rgbt <1,0,0,0> }
	no_shadow
}

// nucleotide -1

// particle -1
sphere {
	<33.138931, 27.415331, 37.936237> 0.250000
	pigment { color rgbt <1,0,0,0> }
	no_shadow
}
cylinder {
	<33.175491, 27.508421, 37.548943>,  <33.197426, 27.564274, 37.316566>, 0.100000
	pigment { color rgbt <1,0,0,0> }
	no_shadow
}
cylinder {
	<33.175491, 27.508421, 37.548943>,  <33.138931, 27.415331, 37.936237>, 0.100000
	pigment { color rgbt <1,0,0,0> }
	no_shadow
}

// particle -1
sphere {
	<33.175491, 27.508421, 37.548943> 0.100000
	pigment { color rgbt <1,0,0,0> }
	no_shadow
}
sphere {
	0, 1
	scale<0.080000,0.200000,0.300000>
	matrix <-0.485851, 0.859152, 0.160642,
		0.869250, 0.455738, 0.191593,
		0.091397, 0.232724, -0.968239,
		33.202911, 27.578238, 37.258472>
	pigment { color rgbt <0,1,1,0> }
	no_shadow
}
cylinder {
	<33.332928, 28.153551, 37.947884>,  <33.138931, 27.415331, 37.936237>, 0.130000
	pigment { color rgbt <1,0,0,0> }
	no_shadow
}

// nucleotide -1

// particle -1
sphere {
	<33.332928, 28.153551, 37.947884> 0.250000
	pigment { color rgbt <1,0,0,0> }
	no_shadow
}
cylinder {
	<33.201878, 28.065716, 37.580307>,  <33.123249, 28.013016, 37.359760>, 0.100000
	pigment { color rgbt <1,0,0,0> }
	no_shadow
}
cylinder {
	<33.201878, 28.065716, 37.580307>,  <33.332928, 28.153551, 37.947884>, 0.100000
	pigment { color rgbt <1,0,0,0> }
	no_shadow
}

// particle -1
sphere {
	<33.201878, 28.065716, 37.580307> 0.100000
	pigment { color rgbt <1,0,0,0> }
	no_shadow
}
sphere {
	0, 1
	scale<0.080000,0.200000,0.300000>
	matrix <-0.357266, 0.929193, -0.094663,
		0.874656, 0.297291, -0.382876,
		-0.327623, -0.219587, -0.918937,
		33.103592, 27.999840, 37.304626>
	pigment { color rgbt <0,1,1,0> }
	no_shadow
}
cylinder {
	<33.598625, 28.590231, 37.390182>,  <33.332928, 28.153551, 37.947884>, 0.130000
	pigment { color rgbt <1,0,0,0> }
	no_shadow
}

// nucleotide -1

// particle -1
sphere {
	<33.598625, 28.590231, 37.390182> 0.250000
	pigment { color rgbt <1,0,0,0> }
	no_shadow
}
cylinder {
	<33.247272, 28.453592, 37.256458>,  <33.036461, 28.371609, 37.176224>, 0.100000
	pigment { color rgbt <1,0,0,0> }
	no_shadow
}
cylinder {
	<33.247272, 28.453592, 37.256458>,  <33.598625, 28.590231, 37.390182>, 0.100000
	pigment { color rgbt <1,0,0,0> }
	no_shadow
}

// particle -1
sphere {
	<33.247272, 28.453592, 37.256458> 0.100000
	pigment { color rgbt <1,0,0,0> }
	no_shadow
}
sphere {
	0, 1
	scale<0.080000,0.200000,0.300000>
	matrix <-0.251871, 0.925260, -0.283647,
		0.406219, -0.164946, -0.898765,
		-0.878378, -0.341596, -0.334313,
		32.983761, 28.351114, 37.156166>
	pigment { color rgbt <0,1,1,0> }
	no_shadow
}
cylinder {
	<33.324806, 28.963966, 36.728794>,  <33.598625, 28.590231, 37.390182>, 0.130000
	pigment { color rgbt <1,0,0,0> }
	no_shadow
}

// nucleotide -1

// particle -1
sphere {
	<33.324806, 28.963966, 36.728794> 0.250000
	pigment { color rgbt <1,0,0,0> }
	no_shadow
}
cylinder {
	<32.991505, 28.785572, 36.859501>,  <32.791523, 28.678535, 36.937923>, 0.100000
	pigment { color rgbt <1,0,0,0> }
	no_shadow
}
cylinder {
	<32.991505, 28.785572, 36.859501>,  <33.324806, 28.963966, 36.728794>, 0.100000
	pigment { color rgbt <1,0,0,0> }
	no_shadow
}

// particle -1
sphere {
	<32.991505, 28.785572, 36.859501> 0.100000
	pigment { color rgbt <1,0,0,0> }
	no_shadow
}
sphere {
	0, 1
	scale<0.080000,0.200000,0.300000>
	matrix <-0.525544, 0.822471, -0.217589,
		-0.171714, -0.353039, -0.919716,
		-0.833257, -0.445988, 0.326767,
		32.741528, 28.651775, 36.957531>
	pigment { color rgbt <0,1,1,0> }
	no_shadow
}
cylinder {
	<32.741238, 29.141499, 36.237217>,  <33.324806, 28.963966, 36.728794>, 0.130000
	pigment { color rgbt <1,0,0,0> }
	no_shadow
}

// nucleotide -1

// particle -1
sphere {
	<32.741238, 29.141499, 36.237217> 0.250000
	pigment { color rgbt <1,0,0,0> }
	no_shadow
}
cylinder {
	<32.530006, 29.034328, 36.559547>,  <32.403267, 28.970026, 36.752945>, 0.100000
	pigment { color rgbt <1,0,0,0> }
	no_shadow
}
cylinder {
	<32.530006, 29.034328, 36.559547>,  <32.741238, 29.141499, 36.237217>, 0.100000
	pigment { color rgbt <1,0,0,0> }
	no_shadow
}

// particle -1
sphere {
	<32.530006, 29.034328, 36.559547> 0.100000
	pigment { color rgbt <1,0,0,0> }
	no_shadow
}
sphere {
	0, 1
	scale<0.080000,0.200000,0.300000>
	matrix <-0.721328, 0.642280, -0.259157,
		-0.448130, -0.718118, -0.532434,
		-0.528077, -0.267924, 0.805824,
		32.371582, 28.953951, 36.801296>
	pigment { color rgbt <0,1,1,0> }
	no_shadow
}
cylinder {
	<32.069431, 29.101652, 36.016544>,  <32.741238, 29.141499, 36.237217>, 0.130000
	pigment { color rgbt <1,0,0,0> }
	no_shadow
}

// nucleotide -1

// particle -1
sphere {
	<32.069431, 29.101652, 36.016544> 0.250000
	pigment { color rgbt <1,0,0,0> }
	no_shadow
}
cylinder {
	<32.034393, 29.139322, 36.413223>,  <32.013371, 29.161924, 36.651230>, 0.100000
	pigment { color rgbt <1,0,0,0> }
	no_shadow
}
cylinder {
	<32.034393, 29.139322, 36.413223>,  <32.069431, 29.101652, 36.016544>, 0.100000
	pigment { color rgbt <1,0,0,0> }
	no_shadow
}

// particle -1
sphere {
	<32.034393, 29.139322, 36.413223> 0.100000
	pigment { color rgbt <1,0,0,0> }
	no_shadow
}
sphere {
	0, 1
	scale<0.080000,0.200000,0.300000>
	matrix <-0.756634, 0.641241, -0.127730,
		-0.647945, -0.761538, 0.015086,
		-0.087598, 0.094177, 0.991694,
		32.008114, 29.167576, 36.710732>
	pigment { color rgbt <0,1,1,0> }
	no_shadow
}
cylinder {
	<31.374546, 29.112265, 36.160297>,  <32.069431, 29.101652, 36.016544>, 0.130000
	pigment { color rgbt <1,0,0,0> }
	no_shadow
}

// nucleotide -1

// particle -1
sphere {
	<31.374546, 29.112265, 36.160297> 0.250000
	pigment { color rgbt <1,0,0,0> }
	no_shadow
}
cylinder {
	<31.562559, 29.283606, 36.468994>,  <31.675367, 29.386410, 36.654213>, 0.100000
	pigment { color rgbt <1,0,0,0> }
	no_shadow
}
cylinder {
	<31.562559, 29.283606, 36.468994>,  <31.374546, 29.112265, 36.160297>, 0.100000
	pigment { color rgbt <1,0,0,0> }
	no_shadow
}

// particle -1
sphere {
	<31.562559, 29.283606, 36.468994> 0.100000
	pigment { color rgbt <1,0,0,0> }
	no_shadow
}
sphere {
	0, 1
	scale<0.080000,0.200000,0.300000>
	matrix <-0.755141, 0.647837, 0.100345,
		-0.456979, -0.629938, 0.627971,
		0.470034, 0.428352, 0.771740,
		31.703569, 29.412111, 36.700516>
	pigment { color rgbt <0,1,1,0> }
	no_shadow
}
cylinder {
	<30.807583, 29.262798, 36.575939>,  <31.374546, 29.112265, 36.160297>, 0.130000
	pigment { color rgbt <1,0,0,0> }
	no_shadow
}

// nucleotide -1

// particle -1
sphere {
	<30.807583, 29.262798, 36.575939> 0.250000
	pigment { color rgbt <1,0,0,0> }
	no_shadow
}
cylinder {
	<31.102753, 29.488188, 36.724514>,  <31.279856, 29.623421, 36.813660>, 0.100000
	pigment { color rgbt <1,0,0,0> }
	no_shadow
}
cylinder {
	<31.102753, 29.488188, 36.724514>,  <30.807583, 29.262798, 36.575939>, 0.100000
	pigment { color rgbt <1,0,0,0> }
	no_shadow
}

// particle -1
sphere {
	<31.102753, 29.488188, 36.724514> 0.100000
	pigment { color rgbt <1,0,0,0> }
	no_shadow
}
sphere {
	0, 1
	scale<0.080000,0.200000,0.300000>
	matrix <-0.617134, 0.786147, 0.033458,
