// switches for output
#declare DRAW_BASES = 1; // possible values are 0, 1; only relevant for DNA ribbons
#declare DRAW_BASES_TYPE = 3; // possible values are 1, 2, 3; only relevant for DNA ribbons
#declare DRAW_FOG = 0; // set to 1 to enable fog

#include "colors.inc"

#include "transforms.inc"
background { rgb <1, 1, 1>}

#default {
   normal{
       ripples 0.25
       frequency 0.20
       turbulence 0.2
       lambda 5
   }
	finish {
		phong 0.1
		phong_size 40.
	}
}

// original window dimensions: 1024x640


// camera settings

camera {
	sky <0, 0.179814, -0.983701>
	up <0, 0.179814, -0.983701>
	right 1.6 * <1, 0, 0>
	location <35, 94.9851, 44.8844>
	look_at <35, 29.7336, 32.9568>
	direction <0, -65.2515, -11.9276>
	angle 67.0682
}


# declare cpy_camera_pos = <35, 94.9851, 44.8844>;
# if (DRAW_FOG = 1)
fog {
	fog_type 2
	up vnormalize(cpy_camera_pos)
	color rgbt<1,1,1,0.3>
	distance 1e-5
	fog_alt 3e-3
	fog_offset 56
}
# end


// LIGHTS

# declare lum = 6;
global_settings {
	ambient_light rgb lum * <0.05, 0.05, 0.05>
	max_trace_level 15
}# declare cpy_direct_light_amount = 0.25;
light_source
{	1000 * <-1, -1.16352, -0.803886>,
	rgb lum * cpy_direct_light_amount
	parallel
}

light_source
{	1000 * <1, 1.16352, 0.803886>,
	rgb lum * cpy_direct_light_amount
	parallel
}

// strand 0

// nucleotide -1

// particle -1
sphere {
	<24.283871, 34.468018, 35.354595> 0.250000
	pigment { color rgbt <1,0,0,0> }
	no_shadow
}
cylinder {
	<24.256136, 34.683540, 35.018768>,  <24.239494, 34.812855, 34.817272>, 0.100000
	pigment { color rgbt <1,0,0,0> }
	no_shadow
}
cylinder {
	<24.256136, 34.683540, 35.018768>,  <24.283871, 34.468018, 35.354595>, 0.100000
	pigment { color rgbt <1,0,0,0> }
	no_shadow
}

// particle -1
sphere {
	<24.256136, 34.683540, 35.018768> 0.100000
	pigment { color rgbt <1,0,0,0> }
	no_shadow
}
sphere {
	0, 1
	scale<0.080000,0.200000,0.300000>
	matrix <0.747665, 0.585236, 0.313839,
		0.660446, -0.605957, -0.443427,
		-0.069336, 0.538809, -0.839570,
		24.235334, 34.845184, 34.766899>
	pigment { color rgbt <0,1,1,0> }
	no_shadow
}
cylinder {
	<24.877581, 34.638836, 34.954842>,  <24.283871, 34.468018, 35.354595>, 0.130000
	pigment { color rgbt <1,0,0,0> }
	no_shadow
}

// nucleotide -1

// particle -1
sphere {
	<24.877581, 34.638836, 34.954842> 0.250000
	pigment { color rgbt <1,0,0,0> }
	no_shadow
}
cylinder {
	<24.615614, 34.940002, 34.928921>,  <24.458433, 35.120701, 34.913368>, 0.100000
	pigment { color rgbt <1,0,0,0> }
	no_shadow
}
cylinder {
	<24.615614, 34.940002, 34.928921>,  <24.877581, 34.638836, 34.954842>, 0.100000
	pigment { color rgbt <1,0,0,0> }
	no_shadow
}

// particle -1
sphere {
	<24.615614, 34.940002, 34.928921> 0.100000
	pigment { color rgbt <1,0,0,0> }
	no_shadow
}
sphere {
	0, 1
	scale<0.080000,0.200000,0.300000>
	matrix <0.687002, 0.628910, 0.364008,
		0.314821, 0.193877, -0.929139,
		-0.654917, 0.752917, -0.064800,
		24.419138, 35.165878, 34.909481>
	pigment { color rgbt <0,1,1,0> }
	no_shadow
}
cylinder {
	<24.986847, 35.307476, 34.837524>,  <24.877581, 34.638836, 34.954842>, 0.130000
	pigment { color rgbt <1,0,0,0> }
	no_shadow
}

// nucleotide -1

// particle -1
sphere {
	<24.986847, 35.307476, 34.837524> 0.250000
	pigment { color rgbt <1,0,0,0> }
	no_shadow
}
cylinder {
	<25.094362, 35.112652, 35.169914>,  <25.158871, 34.995758, 35.369347>, 0.100000
	pigment { color rgbt <1,0,0,0> }
	no_shadow
}
cylinder {
	<25.094362, 35.112652, 35.169914>,  <24.986847, 35.307476, 34.837524>, 0.100000
	pigment { color rgbt <1,0,0,0> }
	no_shadow
}

// particle -1
sphere {
	<25.094362, 35.112652, 35.169914> 0.100000
	pigment { color rgbt <1,0,0,0> }
	no_shadow
}
sphere {
	0, 1
	scale<0.080000,0.200000,0.300000>
	matrix <-0.300424, -0.862081, -0.408121,
		0.915149, -0.139947, -0.378043,
		0.268789, -0.487065, 0.830976,
		25.174999, 34.966534, 35.419209>
	pigment { color rgbt <0,1,1,0> }
	no_shadow
}
cylinder {
	<25.348312, 35.608276, 34.282063>,  <24.986847, 35.307476, 34.837524>, 0.130000
	pigment { color rgbt <1,0,0,0> }
	no_shadow
}

// nucleotide -1

// particle -1
sphere {
	<25.348312, 35.608276, 34.282063> 0.250000
	pigment { color rgbt <1,0,0,0> }
	no_shadow
}
cylinder {
	<25.443602, 35.612949, 34.670517>,  <25.500774, 35.615753, 34.903591>, 0.100000
	pigment { color rgbt <1,0,0,0> }
	no_shadow
}
cylinder {
	<25.443602, 35.612949, 34.670517>,  <25.348312, 35.608276, 34.282063>, 0.100000
	pigment { color rgbt <1,0,0,0> }
	no_shadow
}

// particle -1
sphere {
	<25.443602, 35.612949, 34.670517> 0.100000
	pigment { color rgbt <1,0,0,0> }
	no_shadow
}
sphere {
	0, 1
	scale<0.080000,0.200000,0.300000>
	matrix <0.957766, 0.162979, -0.236903,
		-0.161042, 0.986560, 0.027640,
		0.238224, 0.011678, 0.971140,
		25.515068, 35.616451, 34.961861>
	pigment { color rgbt <0,1,1,0> }
	no_shadow
}
cylinder {
	<25.758625, 36.316521, 34.542263>,  <25.348312, 35.608276, 34.282063>, 0.130000
	pigment { color rgbt <1,0,0,0> }
	no_shadow
}

// nucleotide -1

// particle -1
sphere {
	<25.758625, 36.316521, 34.542263> 0.250000
	pigment { color rgbt <1,0,0,0> }
	no_shadow
}
cylinder {
	<25.875727, 35.989422, 34.740494>,  <25.945988, 35.793163, 34.859432>, 0.100000
	pigment { color rgbt <1,0,0,0> }
	no_shadow
}
cylinder {
	<25.875727, 35.989422, 34.740494>,  <25.758625, 36.316521, 34.542263>, 0.100000
	pigment { color rgbt <1,0,0,0> }
	no_shadow
}

// particle -1
sphere {
	<25.875727, 35.989422, 34.740494> 0.100000
	pigment { color rgbt <1,0,0,0> }
	no_shadow
}
sphere {
	0, 1
	scale<0.080000,0.200000,0.300000>
	matrix <0.942694, 0.160070, -0.292754,
		0.160070, 0.552878, 0.817743,
		0.292754, -0.817743, 0.495573,
		25.963552, 35.744099, 34.889164>
	pigment { color rgbt <0,1,1,0> }
	no_shadow
}
cylinder {
	<26.384752, 36.536579, 34.989094>,  <25.758625, 36.316521, 34.542263>, 0.130000
	pigment { color rgbt <1,0,0,0> }
	no_shadow
}

// nucleotide -1

// particle -1
sphere {
	<26.384752, 36.536579, 34.989094> 0.250000
	pigment { color rgbt <1,0,0,0> }
	no_shadow
}
cylinder {
	<26.369381, 36.157913, 34.861122>,  <26.360159, 35.930714, 34.784340>, 0.100000
	pigment { color rgbt <1,0,0,0> }
	no_shadow
}
cylinder {
	<26.369381, 36.157913, 34.861122>,  <26.384752, 36.536579, 34.989094>, 0.100000
	pigment { color rgbt <1,0,0,0> }
	no_shadow
}

// particle -1
sphere {
	<26.369381, 36.157913, 34.861122> 0.100000
	pigment { color rgbt <1,0,0,0> }
	no_shadow
}
sphere {
	0, 1
	scale<0.080000,0.200000,0.300000>
	matrix <0.879568, 0.119899, -0.460417,
		0.474219, -0.299094, 0.828046,
		-0.038426, -0.946661, -0.319932,
		26.357853, 35.873917, 34.765144>
	pigment { color rgbt <0,1,1,0> }
	no_shadow
}
cylinder {
	<27.047644, 36.045185, 35.193462>,  <26.384752, 36.536579, 34.989094>, 0.130000
	pigment { color rgbt <1,0,0,0> }
	no_shadow
}

// nucleotide -1

// particle -1
sphere {
	<27.047644, 36.045185, 35.193462> 0.250000
	pigment { color rgbt <1,0,0,0> }
	no_shadow
}
cylinder {
	<26.865175, 35.912842, 34.863022>,  <26.755695, 35.833435, 34.664757>, 0.100000
	pigment { color rgbt <1,0,0,0> }
	no_shadow
}
cylinder {
	<26.865175, 35.912842, 34.863022>,  <27.047644, 36.045185, 35.193462>, 0.100000
	pigment { color rgbt <1,0,0,0> }
	no_shadow
}

// particle -1
sphere {
	<26.865175, 35.912842, 34.863022> 0.100000
	pigment { color rgbt <1,0,0,0> }
	no_shadow
}
sphere {
	0, 1
	scale<0.080000,0.200000,0.300000>
	matrix <0.883035, -0.053265, -0.466274,
		0.110267, -0.942177, 0.316454,
		-0.456169, -0.330855, -0.826102,
		26.728325, 35.813587, 34.615192>
	pigment { color rgbt <0,1,1,0> }
	no_shadow
}
cylinder {
	<27.308277, 35.440331, 34.886299>,  <27.047644, 36.045185, 35.193462>, 0.130000
	pigment { color rgbt <1,0,0,0> }
	no_shadow
}

// nucleotide -1

// particle -1
sphere {
	<27.308277, 35.440331, 34.886299> 0.250000
	pigment { color rgbt <1,0,0,0> }
	no_shadow
}
cylinder {
	<27.183672, 35.689091, 34.598911>,  <27.108908, 35.838348, 34.426479>, 0.100000
	pigment { color rgbt <1,0,0,0> }
	no_shadow
}
cylinder {
	<27.183672, 35.689091, 34.598911>,  <27.308277, 35.440331, 34.886299>, 0.100000
	pigment { color rgbt <1,0,0,0> }
	no_shadow
}

// particle -1
sphere {
	<27.183672, 35.689091, 34.598911> 0.100000
	pigment { color rgbt <1,0,0,0> }
	no_shadow
}
sphere {
	0, 1
	scale<0.080000,0.200000,0.300000>
	matrix <0.701343, -0.359676, -0.615427,
		-0.641152, -0.695606, -0.324124,
		-0.311515, 0.621905, -0.718466,
		27.090218, 35.875664, 34.383373>
	pigment { color rgbt <0,1,1,0> }
	no_shadow
}
cylinder {
	<27.135223, 35.083118, 34.296204>,  <27.308277, 35.440331, 34.886299>, 0.130000
	pigment { color rgbt <1,0,0,0> }
	no_shadow
}

// nucleotide -1

// particle -1
sphere {
	<27.135223, 35.083118, 34.296204> 0.250000
	pigment { color rgbt <1,0,0,0> }
	no_shadow
}
cylinder {
	<27.328018, 35.428082, 34.234314>,  <27.443695, 35.635059, 34.197178>, 0.100000
	pigment { color rgbt <1,0,0,0> }
	no_shadow
}
cylinder {
	<27.328018, 35.428082, 34.234314>,  <27.135223, 35.083118, 34.296204>, 0.100000
	pigment { color rgbt <1,0,0,0> }
	no_shadow
}

// particle -1
sphere {
	<27.328018, 35.428082, 34.234314> 0.100000
	pigment { color rgbt <1,0,0,0> }
	no_shadow
}
sphere {
	0, 1
	scale<0.080000,0.200000,0.300000>
	matrix <0.708345, -0.487474, -0.510507,
		-0.515690, 0.136458, -0.845838,
		0.481987, 0.862408, -0.154726,
		27.472614, 35.686806, 34.187897>
	pigment { color rgbt <0,1,1,0> }
	no_shadow
}
cylinder {
	<27.322119, 35.104576, 33.579075>,  <27.135223, 35.083118, 34.296204>, 0.130000
	pigment { color rgbt <1,0,0,0> }
	no_shadow
}

// nucleotide -1

// particle -1
sphere {
	<27.322119, 35.104576, 33.579075> 0.250000
	pigment { color rgbt <1,0,0,0> }
	no_shadow
}
cylinder {
	<27.580448, 35.311047, 33.804096>,  <27.735447, 35.434929, 33.939110>, 0.100000
	pigment { color rgbt <1,0,0,0> }
	no_shadow
}
cylinder {
	<27.580448, 35.311047, 33.804096>,  <27.322119, 35.104576, 33.579075>, 0.100000
	pigment { color rgbt <1,0,0,0> }
	no_shadow
}

// particle -1
sphere {
	<27.580448, 35.311047, 33.804096> 0.100000
	pigment { color rgbt <1,0,0,0> }
	no_shadow
}
sphere {
	0, 1
	scale<0.080000,0.200000,0.300000>
	matrix <0.763278, -0.453653, -0.460005,
		0.017761, 0.726470, -0.686969,
		0.645826, 0.516178, 0.562556,
		27.774197, 35.465900, 33.972862>
	pigment { color rgbt <0,1,1,0> }
	no_shadow
}
cylinder {
	<27.837088, 35.283649, 33.173969>,  <27.322119, 35.104576, 33.579075>, 0.130000
	pigment { color rgbt <1,0,0,0> }
	no_shadow
}

// nucleotide -1

// particle -1
sphere {
	<27.837088, 35.283649, 33.173969> 0.250000
	pigment { color rgbt <1,0,0,0> }
	no_shadow
}
cylinder {
	<28.007479, 35.282375, 33.535862>,  <28.109713, 35.281612, 33.752998>, 0.100000
	pigment { color rgbt <1,0,0,0> }
	no_shadow
}
cylinder {
	<28.007479, 35.282375, 33.535862>,  <27.837088, 35.283649, 33.173969>, 0.100000
	pigment { color rgbt <1,0,0,0> }
	no_shadow
}

// particle -1
sphere {
	<28.007479, 35.282375, 33.535862> 0.100000
	pigment { color rgbt <1,0,0,0> }
	no_shadow
}
sphere {
	0, 1
	scale<0.080000,0.200000,0.300000>
	matrix <0.803064, -0.459236, -0.379723,
		0.416692, 0.888309, -0.193068,
		0.425975, -0.003182, 0.904729,
		28.135271, 35.281422, 33.807281>
	pigment { color rgbt <0,1,1,0> }
	no_shadow
}
cylinder {
	<28.541281, 35.595901, 33.055050>,  <27.837088, 35.283649, 33.173969>, 0.130000
	pigment { color rgbt <1,0,0,0> }
	no_shadow
}

// nucleotide -1

// particle -1
sphere {
	<28.541281, 35.595901, 33.055050> 0.250000
	pigment { color rgbt <1,0,0,0> }
	no_shadow
}
cylinder {
	<28.563335, 35.385361, 33.394440>,  <28.576569, 35.259037, 33.598076>, 0.100000
	pigment { color rgbt <1,0,0,0> }
	no_shadow
}
cylinder {
	<28.563335, 35.385361, 33.394440>,  <28.541281, 35.595901, 33.055050>, 0.100000
	pigment { color rgbt <1,0,0,0> }
	no_shadow
}

// particle -1
sphere {
	<28.563335, 35.385361, 33.394440> 0.100000
	pigment { color rgbt <1,0,0,0> }
	no_shadow
}
sphere {
	0, 1
	scale<0.080000,0.200000,0.300000>
	matrix <0.770713, -0.517813, -0.371310,
		0.634793, 0.674405, 0.377116,
		0.055137, -0.526353, 0.848476,
		28.579876, 35.227455, 33.648983>
	pigment { color rgbt <0,1,1,0> }
	no_shadow
}
cylinder {
	<29.271397, 35.790024, 33.365177>,  <28.541281, 35.595901, 33.055050>, 0.130000
	pigment { color rgbt <1,0,0,0> }
	no_shadow
}

// nucleotide -1

// particle -1
sphere {
	<29.271397, 35.790024, 33.365177> 0.250000
	pigment { color rgbt <1,0,0,0> }
	no_shadow
}
cylinder {
	<29.144054, 35.426834, 33.474155>,  <29.067648, 35.208920, 33.539543>, 0.100000
	pigment { color rgbt <1,0,0,0> }
	no_shadow
}
cylinder {
	<29.144054, 35.426834, 33.474155>,  <29.271397, 35.790024, 33.365177>, 0.100000
	pigment { color rgbt <1,0,0,0> }
	no_shadow
}

// particle -1
sphere {
	<29.144054, 35.426834, 33.474155> 0.100000
	pigment { color rgbt <1,0,0,0> }
	no_shadow
}
sphere {
	0, 1
	scale<0.080000,0.200000,0.300000>
	matrix <0.884336, -0.387979, -0.259658,
		0.341466, 0.158268, 0.926473,
		-0.318357, -0.907978, 0.272444,
		29.048548, 35.154442, 33.555889>
	pigment { color rgbt <0,1,1,0> }
	no_shadow
}
cylinder {
	<29.901012, 35.554653, 33.350315>,  <29.271397, 35.790024, 33.365177>, 0.130000
	pigment { color rgbt <1,0,0,0> }
	no_shadow
}

// nucleotide -1

// particle -1
sphere {
	<29.901012, 35.554653, 33.350315> 0.250000
	pigment { color rgbt <1,0,0,0> }
	no_shadow
}
cylinder {
	<29.675089, 35.231766, 33.418888>,  <29.539536, 35.038033, 33.460033>, 0.100000
	pigment { color rgbt <1,0,0,0> }
	no_shadow
}
cylinder {
	<29.675089, 35.231766, 33.418888>,  <29.901012, 35.554653, 33.350315>, 0.100000
	pigment { color rgbt <1,0,0,0> }
	no_shadow
}

// particle -1
sphere {
	<29.675089, 35.231766, 33.418888> 0.100000
	pigment { color rgbt <1,0,0,0> }
	no_shadow
}
sphere {
	0, 1
	scale<0.080000,0.200000,0.300000>
	matrix <0.736659, -0.586819, -0.336120,
		0.371923, -0.063556, 0.926085,
		-0.564807, -0.807220, 0.171433,
		29.505648, 34.989601, 33.470318>
	pigment { color rgbt <0,1,1,0> }
	no_shadow
}
cylinder {
	<30.295809, 35.172760, 33.817959>,  <29.901012, 35.554653, 33.350315>, 0.130000
	pigment { color rgbt <1,0,0,0> }
	no_shadow
}

// nucleotide -1

// particle -1
sphere {
	<30.295809, 35.172760, 33.817959> 0.250000
	pigment { color rgbt <1,0,0,0> }
	no_shadow
}
cylinder {
	<30.042456, 34.956329, 33.596668>,  <29.890444, 34.826469, 33.463894>, 0.100000
	pigment { color rgbt <1,0,0,0> }
	no_shadow
}
cylinder {
	<30.042456, 34.956329, 33.596668>,  <30.295809, 35.172760, 33.817959>, 0.100000
	pigment { color rgbt <1,0,0,0> }
	no_shadow
}

// particle -1
sphere {
	<30.042456, 34.956329, 33.596668> 0.100000
	pigment { color rgbt <1,0,0,0> }
	no_shadow
}
sphere {
	0, 1
	scale<0.080000,0.200000,0.300000>
	matrix <0.766546, -0.536625, -0.352763,
		-0.106003, -0.647508, 0.754650,
		-0.633381, -0.541080, -0.553228,
		29.852442, 34.794006, 33.430698>
	pigment { color rgbt <0,1,1,0> }
	no_shadow
}
cylinder {
	<30.563177, 34.516758, 33.826416>,  <30.295809, 35.172760, 33.817959>, 0.130000
	pigment { color rgbt <1,0,0,0> }
	no_shadow
}

// nucleotide -1

// particle -1
sphere {
	<30.563177, 34.516758, 33.826416> 0.250000
	pigment { color rgbt <1,0,0,0> }
	no_shadow
}
cylinder {
	<30.296497, 34.473965, 33.531372>,  <30.136490, 34.448288, 33.354347>, 0.100000
	pigment { color rgbt <1,0,0,0> }
	no_shadow
}
cylinder {
	<30.296497, 34.473965, 33.531372>,  <30.563177, 34.516758, 33.826416>, 0.100000
	pigment { color rgbt <1,0,0,0> }
	no_shadow
}

// particle -1
sphere {
	<30.296497, 34.473965, 33.531372> 0.100000
	pigment { color rgbt <1,0,0,0> }
	no_shadow
}
sphere {
	0, 1
	scale<0.080000,0.200000,0.300000>
	matrix <0.635111, -0.599466, -0.487108,
		-0.390061, -0.793218, 0.467608,
		-0.666698, -0.106981, -0.737610,
		30.096489, 34.441872, 33.310089>
	pigment { color rgbt <0,1,1,0> }
	no_shadow
}
cylinder {
	<30.636723, 33.859608, 33.637375>,  <30.563177, 34.516758, 33.826416>, 0.130000
	pigment { color rgbt <1,0,0,0> }
	no_shadow
}

// nucleotide -1

// particle -1
sphere {
	<30.636723, 33.859608, 33.637375> 0.250000
	pigment { color rgbt <1,0,0,0> }
	no_shadow
}
cylinder {
	<30.458225, 34.045528, 33.331478>,  <30.351128, 34.157082, 33.147942>, 0.100000
	pigment { color rgbt <1,0,0,0> }
	no_shadow
}
cylinder {
	<30.458225, 34.045528, 33.331478>,  <30.636723, 33.859608, 33.637375>, 0.100000
	pigment { color rgbt <1,0,0,0> }
	no_shadow
}

// particle -1
sphere {
	<30.458225, 34.045528, 33.331478> 0.100000
	pigment { color rgbt <1,0,0,0> }
	no_shadow
}
sphere {
	0, 1
	scale<0.080000,0.200000,0.300000>
	matrix <0.567378, -0.513899, -0.643421,
		-0.692062, -0.721018, -0.034394,
		-0.446243, 0.464802, -0.764740,
		30.324352, 34.184971, 33.102055>
	pigment { color rgbt <0,1,1,0> }
	no_shadow
}
cylinder {
	<30.408484, 33.387875, 33.113838>,  <30.636723, 33.859608, 33.637375>, 0.130000
	pigment { color rgbt <1,0,0,0> }
	no_shadow
}

// nucleotide -1

// particle -1
sphere {
	<30.408484, 33.387875, 33.113838> 0.250000
	pigment { color rgbt <1,0,0,0> }
	no_shadow
}
cylinder {
	<30.418797, 33.707382, 32.873405>,  <30.424984, 33.899086, 32.729145>, 0.100000
	pigment { color rgbt <1,0,0,0> }
	no_shadow
}
cylinder {
	<30.418797, 33.707382, 32.873405>,  <30.408484, 33.387875, 33.113838>, 0.100000
	pigment { color rgbt <1,0,0,0> }
	no_shadow
}

// particle -1
sphere {
	<30.418797, 33.707382, 32.873405> 0.100000
	pigment { color rgbt <1,0,0,0> }
	no_shadow
}
sphere {
	0, 1
	scale<0.080000,0.200000,0.300000>
	matrix <0.493619, -0.533035, -0.687178,
		-0.869296, -0.278988, -0.408032,
		0.025781, 0.798774, -0.601079,
		30.426531, 33.947014, 32.693081>
	pigment { color rgbt <0,1,1,0> }
	no_shadow
}
cylinder {
	<30.267189, 33.119843, 32.515598>,  <30.408484, 33.387875, 33.113838>, 0.130000
	pigment { color rgbt <1,0,0,0> }
	no_shadow
}

// nucleotide -1

// particle -1
sphere {
	<30.267189, 33.119843, 32.515598> 0.250000
	pigment { color rgbt <1,0,0,0> }
	no_shadow
}
cylinder {
	<30.453537, 33.465603, 32.439941>,  <30.565346, 33.673058, 32.394547>, 0.100000
	pigment { color rgbt <1,0,0,0> }
	no_shadow
}
cylinder {
	<30.453537, 33.465603, 32.439941>,  <30.267189, 33.119843, 32.515598>, 0.100000
	pigment { color rgbt <1,0,0,0> }
	no_shadow
}

// particle -1
sphere {
	<30.453537, 33.465603, 32.439941> 0.100000
	pigment { color rgbt <1,0,0,0> }
	no_shadow
}
sphere {
	0, 1
	scale<0.080000,0.200000,0.300000>
	matrix <0.563225, -0.454540, -0.690052,
		-0.682453, 0.214948, -0.698610,
		0.465871, 0.864402, -0.189138,
		30.593298, 33.724922, 32.383202>
	pigment { color rgbt <0,1,1,0> }
	no_shadow
}
cylinder {
	<30.432896, 33.121002, 31.758738>,  <30.267189, 33.119843, 32.515598>, 0.130000
	pigment { color rgbt <1,0,0,0> }
	no_shadow
}

// nucleotide -1

// particle -1
sphere {
	<30.432896, 33.121002, 31.758738> 0.250000
	pigment { color rgbt <1,0,0,0> }
	no_shadow
}
cylinder {
	<30.683851, 33.406273, 31.883810>,  <30.834425, 33.577435, 31.958853>, 0.100000
	pigment { color rgbt <1,0,0,0> }
	no_shadow
}
cylinder {
	<30.683851, 33.406273, 31.883810>,  <30.432896, 33.121002, 31.758738>, 0.100000
	pigment { color rgbt <1,0,0,0> }
	no_shadow
}

// particle -1
sphere {
	<30.683851, 33.406273, 31.883810> 0.100000
	pigment { color rgbt <1,0,0,0> }
	no_shadow
}
sphere {
	0, 1
	scale<0.080000,0.200000,0.300000>
	matrix <0.720313, -0.378939, -0.580994,
		-0.295863, 0.589736, -0.751450,
		0.627387, 0.713174, 0.312680,
		30.872066, 33.620224, 31.977613>
	pigment { color rgbt <0,1,1,0> }
	no_shadow
}
cylinder {
	<30.752571, 33.287277, 31.179462>,  <30.432896, 33.121002, 31.758738>, 0.130000
	pigment { color rgbt <1,0,0,0> }
	no_shadow
}

// nucleotide -1

// particle -1
sphere {
	<30.752571, 33.287277, 31.179462> 0.250000
	pigment { color rgbt <1,0,0,0> }
	no_shadow
}
cylinder {
	<30.995676, 33.413013, 31.471165>,  <31.141539, 33.488457, 31.646187>, 0.100000
	pigment { color rgbt <1,0,0,0> }
	no_shadow
}
cylinder {
	<30.995676, 33.413013, 31.471165>,  <30.752571, 33.287277, 31.179462>, 0.100000
	pigment { color rgbt <1,0,0,0> }
	no_shadow
}

// particle -1
sphere {
	<30.995676, 33.413013, 31.471165> 0.100000
	pigment { color rgbt <1,0,0,0> }
	no_shadow
}
sphere {
	0, 1
	scale<0.080000,0.200000,0.300000>
	matrix <0.792215, -0.176469, -0.584170,
		-0.054938, 0.932764, -0.356277,
		0.607764, 0.314341, 0.729255,
		31.178005, 33.507317, 31.689941>
	pigment { color rgbt <0,1,1,0> }
	no_shadow
}
cylinder {
	<31.287127, 33.489292, 30.832268>,  <30.752571, 33.287277, 31.179462>, 0.130000
	pigment { color rgbt <1,0,0,0> }
	no_shadow
}

// nucleotide -1

// particle -1
sphere {
	<31.287127, 33.489292, 30.832268> 0.250000
	pigment { color rgbt <1,0,0,0> }
	no_shadow
}
cylinder {
	<31.416098, 33.512341, 31.210203>,  <31.493481, 33.526169, 31.436964>, 0.100000
	pigment { color rgbt <1,0,0,0> }
	no_shadow
}
cylinder {
	<31.416098, 33.512341, 31.210203>,  <31.287127, 33.489292, 30.832268>, 0.100000
	pigment { color rgbt <1,0,0,0> }
	no_shadow
}

// particle -1
sphere {
	<31.416098, 33.512341, 31.210203> 0.100000
	pigment { color rgbt <1,0,0,0> }
	no_shadow
}
sphere {
	0, 1
	scale<0.080000,0.200000,0.300000>
	matrix <0.899182, -0.330578, -0.286686,
		0.295824, 0.942018, -0.158400,
		0.322427, 0.057622, 0.944839,
		31.512825, 33.529629, 31.493654>
	pigment { color rgbt <0,1,1,0> }
	no_shadow
}
cylinder {
	<31.904713, 33.852161, 30.828459>,  <31.287127, 33.489292, 30.832268>, 0.130000
	pigment { color rgbt <1,0,0,0> }
	no_shadow
}

// nucleotide -1

// particle -1
sphere {
	<31.904713, 33.852161, 30.828459> 0.250000
	pigment { color rgbt <1,0,0,0> }
	no_shadow
}
cylinder {
	<31.952852, 33.625366, 31.154411>,  <31.981737, 33.489288, 31.349983>, 0.100000
	pigment { color rgbt <1,0,0,0> }
	no_shadow
}
cylinder {
	<31.952852, 33.625366, 31.154411>,  <31.904713, 33.852161, 30.828459>, 0.100000
	pigment { color rgbt <1,0,0,0> }
	no_shadow
}

// particle -1
sphere {
	<31.952852, 33.625366, 31.154411> 0.100000
	pigment { color rgbt <1,0,0,0> }
	no_shadow
}
sphere {
	0, 1
	scale<0.080000,0.200000,0.300000>
	matrix <0.914048, -0.256987, -0.313806,
		0.387340, 0.782609, 0.487330,
		0.120350, -0.566993, 0.814884,
		31.988956, 33.455269, 31.398876>
	pigment { color rgbt <0,1,1,0> }
	no_shadow
}
cylinder {
	<32.484428, 34.100529, 31.058130>,  <31.904713, 33.852161, 30.828459>, 0.130000
	pigment { color rgbt <1,0,0,0> }
	no_shadow
}

// nucleotide -1

// particle -1
sphere {
	<32.484428, 34.100529, 31.058130> 0.250000
	pigment { color rgbt <1,0,0,0> }
	no_shadow
}
cylinder {
	<32.428734, 33.731533, 31.202147>,  <32.395317, 33.510136, 31.288557>, 0.100000
	pigment { color rgbt <1,0,0,0> }
	no_shadow
}
cylinder {
	<32.428734, 33.731533, 31.202147>,  <32.484428, 34.100529, 31.058130>, 0.100000
	pigment { color rgbt <1,0,0,0> }
	no_shadow
}

// particle -1
sphere {
	<32.428734, 33.731533, 31.202147> 0.100000
	pigment { color rgbt <1,0,0,0> }
	no_shadow
}
sphere {
	0, 1
	scale<0.080000,0.200000,0.300000>
	matrix <0.932282, -0.244693, -0.266414,
		0.333863, 0.298565, 0.894089,
		-0.139235, -0.922488, 0.360040,
		32.386963, 33.454788, 31.310158>
	pigment { color rgbt <0,1,1,0> }
	no_shadow
}
cylinder {
	<33.073376, 33.976276, 31.584221>,  <32.484428, 34.100529, 31.058130>, 0.130000
	pigment { color rgbt <1,0,0,0> }
	no_shadow
}

// nucleotide -1

// particle -1
sphere {
	<33.073376, 33.976276, 31.584221> 0.250000
	pigment { color rgbt <1,0,0,0> }
	no_shadow
}
cylinder {
	<32.950130, 33.610260, 31.480085>,  <32.876183, 33.390652, 31.417604>, 0.100000
	pigment { color rgbt <1,0,0,0> }
	no_shadow
}
cylinder {
	<32.950130, 33.610260, 31.480085>,  <33.073376, 33.976276, 31.584221>, 0.100000
	pigment { color rgbt <1,0,0,0> }
	no_shadow
}

// particle -1
sphere {
	<32.950130, 33.610260, 31.480085> 0.100000
	pigment { color rgbt <1,0,0,0> }
	no_shadow
}
sphere {
	0, 1
	scale<0.080000,0.200000,0.300000>
	matrix <0.914276, -0.209149, -0.346924,
		0.262999, -0.344911, 0.901037,
		-0.308109, -0.915037, -0.260338,
		32.857697, 33.335751, 31.401983>
	pigment { color rgbt <0,1,1,0> }
	no_shadow
}
cylinder {
	<33.432404, 33.446331, 31.928310>,  <33.073376, 33.976276, 31.584221>, 0.130000
	pigment { color rgbt <1,0,0,0> }
	no_shadow
}

// nucleotide -1

// particle -1
sphere {
	<33.432404, 33.446331, 31.928310> 0.250000
	pigment { color rgbt <1,0,0,0> }
	no_shadow
}
cylinder {
	<33.317024, 33.331154, 31.563040>,  <33.247795, 33.262047, 31.343878>, 0.100000
	pigment { color rgbt <1,0,0,0> }
	no_shadow
}
cylinder {
	<33.317024, 33.331154, 31.563040>,  <33.432404, 33.446331, 31.928310>, 0.100000
	pigment { color rgbt <1,0,0,0> }
	no_shadow
}

// particle -1
sphere {
	<33.317024, 33.331154, 31.563040> 0.100000
	pigment { color rgbt <1,0,0,0> }
	no_shadow
}
sphere {
	0, 1
	scale<0.080000,0.200000,0.300000>
	matrix <0.955692, -0.145094, -0.256126,
		-0.058746, -0.946593, 0.317035,
		-0.288447, -0.287941, -0.913175,
		33.230492, 33.244770, 31.289087>
	pigment { color rgbt <0,1,1,0> }
	no_shadow
}
cylinder {
	<33.584248, 32.708618, 31.711750>,  <33.432404, 33.446331, 31.928310>, 0.130000
	pigment { color rgbt <1,0,0,0> }
	no_shadow
}

// nucleotide -1

// particle -1
sphere {
	<33.584248, 32.708618, 31.711750> 0.250000
	pigment { color rgbt <1,0,0,0> }
	no_shadow
}
cylinder {
	<33.593288, 32.963516, 31.403618>,  <33.598713, 33.116455, 31.218739>, 0.100000
	pigment { color rgbt <1,0,0,0> }
	no_shadow
}
cylinder {
	<33.593288, 32.963516, 31.403618>,  <33.584248, 32.708618, 31.711750>, 0.100000
	pigment { color rgbt <1,0,0,0> }
	no_shadow
}

// particle -1
sphere {
	<33.593288, 32.963516, 31.403618> 0.100000
	pigment { color rgbt <1,0,0,0> }
	no_shadow
}
sphere {
	0, 1
	scale<0.080000,0.200000,0.300000>
	matrix <0.907467, -0.336409, -0.251659,
		-0.419514, -0.693362, -0.585882,
		0.022605, 0.637243, -0.770331,
		33.600071, 33.154690, 31.172518>
	pigment { color rgbt <0,1,1,0> }
	no_shadow
}
cylinder {
	<33.857769, 32.334030, 31.027866>,  <33.584248, 32.708618, 31.711750>, 0.130000
	pigment { color rgbt <1,0,0,0> }
	no_shadow
}

// nucleotide -1

// particle -1
sphere {
	<33.857769, 32.334030, 31.027866> 0.250000
	pigment { color rgbt <1,0,0,0> }
	no_shadow
}
cylinder {
	<33.939575, 32.725464, 31.018524>,  <33.988659, 32.960323, 31.012918>, 0.100000
	pigment { color rgbt <1,0,0,0> }
	no_shadow
}
cylinder {
	<33.939575, 32.725464, 31.018524>,  <33.857769, 32.334030, 31.027866>, 0.100000
	pigment { color rgbt <1,0,0,0> }
	no_shadow
}

// particle -1
sphere {
	<33.939575, 32.725464, 31.018524> 0.100000
	pigment { color rgbt <1,0,0,0> }
	no_shadow
}
sphere {
	0, 1
	scale<0.080000,0.200000,0.300000>
	matrix <0.965786, -0.205613, -0.158055,
		-0.159473, 0.009767, -0.987154,
		0.204516, 0.978585, -0.023357,
		34.000931, 33.019039, 31.011517>
	pigment { color rgbt <0,1,1,0> }
	no_shadow
}
cylinder {
	<34.013573, 32.744564, 30.300861>,  <33.857769, 32.334030, 31.027866>, 0.130000
	pigment { color rgbt <1,0,0,0> }
	no_shadow
}

// nucleotide -1

// particle -1
sphere {
	<34.013573, 32.744564, 30.300861> 0.250000
	pigment { color rgbt <1,0,0,0> }
	no_shadow
}
cylinder {
	<34.182705, 32.800167, 30.659054>,  <34.284184, 32.833530, 30.873970>, 0.100000
	pigment { color rgbt <1,0,0,0> }
	no_shadow
}
cylinder {
	<34.182705, 32.800167, 30.659054>,  <34.013573, 32.744564, 30.300861>, 0.100000
	pigment { color rgbt <1,0,0,0> }
	no_shadow
}

// particle -1
sphere {
	<34.182705, 32.800167, 30.659054> 0.100000
	pigment { color rgbt <1,0,0,0> }
	no_shadow
}
sphere {
	0, 1
	scale<0.080000,0.200000,0.300000>
	matrix <0.879252, -0.302152, -0.368266,
		0.219378, 0.943069, -0.249987,
		0.422835, 0.139012, 0.895481,
		34.309555, 32.841869, 30.927698>
	pigment { color rgbt <0,1,1,0> }
	no_shadow
}
cylinder {
	<34.638519, 33.081821, 30.218491>,  <34.013573, 32.744564, 30.300861>, 0.130000
	pigment { color rgbt <1,0,0,0> }
	no_shadow
}

// nucleotide -1

// particle -1
sphere {
	<34.638519, 33.081821, 30.218491> 0.250000
	pigment { color rgbt <1,0,0,0> }
	no_shadow
}
cylinder {
	<34.676292, 32.888409, 30.566578>,  <34.698956, 32.772362, 30.775431>, 0.100000
	pigment { color rgbt <1,0,0,0> }
	no_shadow
}
cylinder {
	<34.676292, 32.888409, 30.566578>,  <34.638519, 33.081821, 30.218491>, 0.100000
	pigment { color rgbt <1,0,0,0> }
	no_shadow
}

// particle -1
sphere {
	<34.676292, 32.888409, 30.566578> 0.100000
	pigment { color rgbt <1,0,0,0> }
	no_shadow
}
sphere {
	0, 1
	scale<0.080000,0.200000,0.300000>
	matrix <0.883477, -0.362199, -0.297120,
		0.458859, 0.796876, 0.392985,
		0.094429, -0.483529, 0.870220,
		34.704620, 32.743351, 30.827644>
	pigment { color rgbt <0,1,1,0> }
	no_shadow
}
cylinder {
	<35.335209, 33.227844, 30.425812>,  <34.638519, 33.081821, 30.218491>, 0.130000
	pigment { color rgbt <1,0,0,0> }
	no_shadow
}

// nucleotide -1

// particle -1
sphere {
	<35.335209, 33.227844, 30.425812> 0.250000
	pigment { color rgbt <1,0,0,0> }
	no_shadow
}
cylinder {
	<35.219421, 32.871685, 30.566330>,  <35.149948, 32.657990, 30.650640>, 0.100000
	pigment { color rgbt <1,0,0,0> }
	no_shadow
}
cylinder {
	<35.219421, 32.871685, 30.566330>,  <35.335209, 33.227844, 30.425812>, 0.100000
	pigment { color rgbt <1,0,0,0> }
	no_shadow
}

// particle -1
sphere {
	<35.219421, 32.871685, 30.566330> 0.100000
	pigment { color rgbt <1,0,0,0> }
	no_shadow
}
sphere {
	0, 1
	scale<0.080000,0.200000,0.300000>
	matrix <0.924350, -0.355335, -0.138976,
		0.248571, 0.284490, 0.925893,
		-0.289465, -0.890394, 0.351295,
		35.132584, 32.604568, 30.671719>
	pigment { color rgbt <0,1,1,0> }
	no_shadow
}
cylinder {
	<35.865383, 33.057976, 30.862669>,  <35.335209, 33.227844, 30.425812>, 0.130000
	pigment { color rgbt <1,0,0,0> }
	no_shadow
}

// nucleotide -1

// particle -1
sphere {
	<35.865383, 33.057976, 30.862669> 0.250000
	pigment { color rgbt <1,0,0,0> }
	no_shadow
}
cylinder {
	<35.669971, 32.715855, 30.793627>,  <35.552723, 32.510582, 30.752201>, 0.100000
	pigment { color rgbt <1,0,0,0> }
	no_shadow
}
cylinder {
	<35.669971, 32.715855, 30.793627>,  <35.865383, 33.057976, 30.862669>, 0.100000
	pigment { color rgbt <1,0,0,0> }
	no_shadow
}

// particle -1
sphere {
	<35.669971, 32.715855, 30.793627> 0.100000
	pigment { color rgbt <1,0,0,0> }
	no_shadow
}
sphere {
	0, 1
	scale<0.080000,0.200000,0.300000>
	matrix <0.871559, -0.487745, -0.049898,
		-0.041509, -0.174812, 0.983726,
		-0.488530, -0.855305, -0.172605,
		35.523411, 32.459263, 30.741846>
	pigment { color rgbt <0,1,1,0> }
	no_shadow
}
cylinder {
	<36.033985, 32.554611, 31.330301>,  <35.865383, 33.057976, 30.862669>, 0.130000
	pigment { color rgbt <1,0,0,0> }
	no_shadow
}

// nucleotide -1

// particle -1
sphere {
	<36.033985, 32.554611, 31.330301> 0.250000
	pigment { color rgbt <1,0,0,0> }
	no_shadow
}
cylinder {
	<35.950760, 32.437195, 30.957088>,  <35.900826, 32.366745, 30.733162>, 0.100000
	pigment { color rgbt <1,0,0,0> }
	no_shadow
}
cylinder {
	<35.950760, 32.437195, 30.957088>,  <36.033985, 32.554611, 31.330301>, 0.100000
	pigment { color rgbt <1,0,0,0> }
	no_shadow
}

// particle -1
sphere {
	<35.950760, 32.437195, 30.957088> 0.100000
	pigment { color rgbt <1,0,0,0> }
	no_shadow
}
sphere {
	0, 1
	scale<0.080000,0.200000,0.300000>
	matrix <0.930853, -0.352359, -0.096725,
		-0.300368, -0.888639, 0.346554,
		-0.208065, -0.293538, -0.933030,
		35.888340, 32.349133, 30.677179>
	pigment { color rgbt <0,1,1,0> }
	no_shadow
}
cylinder {
	<36.696121, 32.931046, 31.282537>,  <36.033985, 32.554611, 31.330301>, 0.130000
	pigment { color rgbt <1,0,0,0> }
	no_shadow
}

// nucleotide -1

// particle -1
sphere {
	<36.696121, 32.931046, 31.282537> 0.250000
	pigment { color rgbt <1,0,0,0> }
	no_shadow
}
cylinder {
	<36.649506, 32.617168, 31.039003>,  <36.621536, 32.428841, 30.892883>, 0.100000
	pigment { color rgbt <1,0,0,0> }
	no_shadow
}
cylinder {
	<36.649506, 32.617168, 31.039003>,  <36.696121, 32.931046, 31.282537>, 0.100000
	pigment { color rgbt <1,0,0,0> }
	no_shadow
}

// particle -1
sphere {
	<36.649506, 32.617168, 31.039003> 0.100000
	pigment { color rgbt <1,0,0,0> }
	no_shadow
}
sphere {
	0, 1
	scale<0.080000,0.200000,0.300000>
	matrix <-0.945226, 0.275818, -0.174562,
		0.304905, 0.555143, -0.773854,
		-0.116536, -0.784691, -0.608834,
		36.614544, 32.381760, 30.856354>
	pigment { color rgbt <0,1,1,0> }
	no_shadow
}
cylinder {
	<36.487831, 33.519444, 30.967083>,  <36.696121, 32.931046, 31.282537>, 0.130000
	pigment { color rgbt <1,0,0,0> }
	no_shadow
}

// nucleotide -1

// particle -1
sphere {
	<36.487831, 33.519444, 30.967083> 0.250000
	pigment { color rgbt <1,0,0,0> }
	no_shadow
}
cylinder {
	<36.677784, 33.868061, 30.918262>,  <36.791756, 34.077232, 30.888969>, 0.100000
	pigment { color rgbt <1,0,0,0> }
	no_shadow
}
cylinder {
	<36.677784, 33.868061, 30.918262>,  <36.487831, 33.519444, 30.967083>, 0.100000
	pigment { color rgbt <1,0,0,0> }
	no_shadow
}

// particle -1
sphere {
	<36.677784, 33.868061, 30.918262> 0.100000
	pigment { color rgbt <1,0,0,0> }
	no_shadow
}
sphere {
	0, 1
	scale<0.080000,0.200000,0.300000>
	matrix <-0.547369, 0.401106, 0.734507,
		0.689113, -0.281994, 0.667534,
		0.474879, 0.871546, -0.122053,
		36.820248, 34.129524, 30.881647>
	pigment { color rgbt <0,1,1,0> }
	no_shadow
}
cylinder {
	<36.752274, 33.724075, 31.582989>,  <36.487831, 33.519444, 30.967083>, 0.130000
	pigment { color rgbt <1,0,0,0> }
	no_shadow
}

// nucleotide -1

// particle -1
sphere {
	<36.752274, 33.724075, 31.582989> 0.250000
	pigment { color rgbt <1,0,0,0> }
	no_shadow
}
cylinder {
	<36.656975, 34.041195, 31.358595>,  <36.599796, 34.231468, 31.223959>, 0.100000
	pigment { color rgbt <1,0,0,0> }
	no_shadow
}
cylinder {
	<36.656975, 34.041195, 31.358595>,  <36.752274, 33.724075, 31.582989>, 0.100000
	pigment { color rgbt <1,0,0,0> }
	no_shadow
}

// particle -1
sphere {
	<36.656975, 34.041195, 31.358595> 0.100000
	pigment { color rgbt <1,0,0,0> }
	no_shadow
}
sphere {
	0, 1
	scale<0.080000,0.200000,0.300000>
	matrix <-0.605862, 0.330121, 0.723845,
		0.759059, 0.512331, 0.401679,
		-0.238246, 0.792803, -0.560983,
		36.585503, 34.279037, 31.190300>
	pigment { color rgbt <0,1,1,0> }
	no_shadow
}
cylinder {
	<36.777054, 34.256001, 31.988441>,  <36.752274, 33.724075, 31.582989>, 0.130000
	pigment { color rgbt <1,0,0,0> }
	no_shadow
}

// nucleotide -1

// particle -1
sphere {
	<36.777054, 34.256001, 31.988441> 0.250000
	pigment { color rgbt <1,0,0,0> }
	no_shadow
}
cylinder {
	<36.559326, 34.407375, 31.688974>,  <36.428688, 34.498199, 31.509295>, 0.100000
	pigment { color rgbt <1,0,0,0> }
	no_shadow
}
cylinder {
	<36.559326, 34.407375, 31.688974>,  <36.777054, 34.256001, 31.988441>, 0.100000
	pigment { color rgbt <1,0,0,0> }
	no_shadow
}

// particle -1
sphere {
	<36.559326, 34.407375, 31.688974> 0.100000
	pigment { color rgbt <1,0,0,0> }
	no_shadow
}
sphere {
	0, 1
	scale<0.080000,0.200000,0.300000>
	matrix <-0.488773, 0.582253, 0.649679,
		0.681777, 0.719560, -0.131961,
		-0.544318, 0.378437, -0.748668,
		36.396030, 34.520905, 31.464375>
	pigment { color rgbt <0,1,1,0> }
	no_shadow
}
cylinder {
	<36.638573, 34.931385, 32.242386>,  <36.777054, 34.256001, 31.988441>, 0.130000
	pigment { color rgbt <1,0,0,0> }
	no_shadow
}

// nucleotide -1

// particle -1
sphere {
	<36.638573, 34.931385, 32.242386> 0.250000
	pigment { color rgbt <1,0,0,0> }
	no_shadow
}
cylinder {
	<36.400127, 34.897141, 31.923056>,  <36.257061, 34.876595, 31.731457>, 0.100000
	pigment { color rgbt <1,0,0,0> }
	no_shadow
}
cylinder {
	<36.400127, 34.897141, 31.923056>,  <36.638573, 34.931385, 32.242386>, 0.100000
	pigment { color rgbt <1,0,0,0> }
	no_shadow
}

// particle -1
sphere {
	<36.400127, 34.897141, 31.923056> 0.100000
	pigment { color rgbt <1,0,0,0> }
	no_shadow
}
sphere {
	0, 1
	scale<0.080000,0.200000,0.300000>
	matrix <-0.719940, 0.497167, 0.484263,
		0.355442, 0.863421, -0.358003,
		-0.596110, -0.085613, -0.798326,
		36.221294, 34.871456, 31.683558>
	pigment { color rgbt <0,1,1,0> }
	no_shadow
}
cylinder {
	<36.251392, 35.609978, 32.032482>,  <36.638573, 34.931385, 32.242386>, 0.130000
	pigment { color rgbt <1,0,0,0> }
	no_shadow
}

// nucleotide -1

// particle -1
sphere {
	<36.251392, 35.609978, 32.032482> 0.250000
	pigment { color rgbt <1,0,0,0> }
	no_shadow
}
cylinder {
	<36.031158, 35.304039, 31.898695>,  <35.899017, 35.120476, 31.818422>, 0.100000
	pigment { color rgbt <1,0,0,0> }
	no_shadow
}
cylinder {
	<36.031158, 35.304039, 31.898695>,  <36.251392, 35.609978, 32.032482>, 0.100000
	pigment { color rgbt <1,0,0,0> }
	no_shadow
}

// particle -1
sphere {
	<36.031158, 35.304039, 31.898695> 0.100000
	pigment { color rgbt <1,0,0,0> }
	no_shadow
}
sphere {
	0, 1
	scale<0.080000,0.200000,0.300000>
	matrix <-0.830954, 0.463834, 0.307204,
		-0.079827, 0.447069, -0.890930,
		-0.550585, -0.764845, -0.334468,
		35.865982, 35.074585, 31.798355>
	pigment { color rgbt <0,1,1,0> }
	no_shadow
}
cylinder {
	<35.732002, 35.865295, 31.566008>,  <36.251392, 35.609978, 32.032482>, 0.130000
	pigment { color rgbt <1,0,0,0> }
	no_shadow
}

// nucleotide -1

// particle -1
sphere {
	<35.732002, 35.865295, 31.566008> 0.250000
	pigment { color rgbt <1,0,0,0> }
	no_shadow
}
cylinder {
	<35.597725, 35.522110, 31.721550>,  <35.517159, 35.316200, 31.814877>, 0.100000
	pigment { color rgbt <1,0,0,0> }
	no_shadow
}
cylinder {
	<35.597725, 35.522110, 31.721550>,  <35.732002, 35.865295, 31.566008>, 0.100000
	pigment { color rgbt <1,0,0,0> }
	no_shadow
}

// particle -1
sphere {
	<35.597725, 35.522110, 31.721550> 0.100000
	pigment { color rgbt <1,0,0,0> }
	no_shadow
}
sphere {
	0, 1
	scale<0.080000,0.200000,0.300000>
	matrix <-0.838647, 0.460192, 0.291367,
		-0.428931, -0.228305, -0.874011,
		-0.335692, -0.857963, 0.388858,
		35.497017, 35.264721, 31.838207>
	pigment { color rgbt <0,1,1,0> }
	no_shadow
}
cylinder {
	<35.056168, 35.818401, 31.365395>,  <35.732002, 35.865295, 31.566008>, 0.130000
	pigment { color rgbt <1,0,0,0> }
	no_shadow
}

// nucleotide -1

// particle -1
sphere {
	<35.056168, 35.818401, 31.365395> 0.250000
	pigment { color rgbt <1,0,0,0> }
	no_shadow
}
cylinder {
	<35.071037, 35.559151, 31.669645>,  <35.079960, 35.403603, 31.852196>, 0.100000
	pigment { color rgbt <1,0,0,0> }
	no_shadow
}
cylinder {
	<35.071037, 35.559151, 31.669645>,  <35.056168, 35.818401, 31.365395>, 0.100000
	pigment { color rgbt <1,0,0,0> }
	no_shadow
}

// particle -1
sphere {
	<35.071037, 35.559151, 31.669645> 0.100000
	pigment { color rgbt <1,0,0,0> }
	no_shadow
}
sphere {
	0, 1
	scale<0.080000,0.200000,0.300000>
	matrix <-0.903559, 0.303319, 0.302620,
		-0.426848, -0.698522, -0.574342,
		0.037178, -0.648124, 0.760626,
		35.082191, 35.364712, 31.897833>
	pigment { color rgbt <0,1,1,0> }
	no_shadow
}
cylinder {
	<34.389202, 35.526577, 31.353333>,  <35.056168, 35.818401, 31.365395>, 0.130000
	pigment { color rgbt <1,0,0,0> }
	no_shadow
}

// nucleotide -1

// particle -1
sphere {
	<34.389202, 35.526577, 31.353333> 0.250000
	pigment { color rgbt <1,0,0,0> }
	no_shadow
}
cylinder {
	<34.558010, 35.474457, 31.712202>,  <34.659294, 35.443184, 31.927525>, 0.100000
	pigment { color rgbt <1,0,0,0> }
	no_shadow
}
cylinder {
	<34.558010, 35.474457, 31.712202>,  <34.389202, 35.526577, 31.353333>, 0.100000
	pigment { color rgbt <1,0,0,0> }
	no_shadow
}

// particle -1
sphere {
	<34.558010, 35.474457, 31.712202> 0.100000
	pigment { color rgbt <1,0,0,0> }
	no_shadow
}
sphere {
	0, 1
	scale<0.080000,0.200000,0.300000>
	matrix <-0.902920, 0.028512, 0.428862,
		-0.081460, -0.991065, -0.105616,
		0.422019, -0.130298, 0.897175,
		34.684616, 35.435368, 31.981354>
	pigment { color rgbt <0,1,1,0> }
	no_shadow
}
cylinder {
	<33.777935, 35.439575, 31.806190>,  <34.389202, 35.526577, 31.353333>, 0.130000
	pigment { color rgbt <1,0,0,0> }
	no_shadow
}

// nucleotide -1

// particle -1
sphere {
	<33.777935, 35.439575, 31.806190> 0.250000
	pigment { color rgbt <1,0,0,0> }
	no_shadow
}
cylinder {
	<34.059071, 35.456497, 32.090225>,  <34.227753, 35.466652, 32.260647>, 0.100000
	pigment { color rgbt <1,0,0,0> }
	no_shadow
}
cylinder {
	<34.059071, 35.456497, 32.090225>,  <33.777935, 35.439575, 31.806190>, 0.100000
	pigment { color rgbt <1,0,0,0> }
	no_shadow
}

// particle -1
sphere {
	<34.059071, 35.456497, 32.090225> 0.100000
	pigment { color rgbt <1,0,0,0> }
	no_shadow
}
sphere {
	0, 1
	scale<0.080000,0.200000,0.300000>
