// switches for output
#declare DRAW_BASES = 1; // possible values are 0, 1; only relevant for DNA ribbons
#declare DRAW_BASES_TYPE = 3; // possible values are 1, 2, 3; only relevant for DNA ribbons
#declare DRAW_FOG = 0; // set to 1 to enable fog

#include "colors.inc"

#include "transforms.inc"
background { rgb <1, 1, 1>}

#default {
   normal{
       ripples 0.25
       frequency 0.20
       turbulence 0.2
       lambda 5
   }
	finish {
		phong 0.1
		phong_size 40.
	}
}

// original window dimensions: 1024x640


// camera settings

camera {
	sky <0, 0.179814, -0.983701>
	up <0, 0.179814, -0.983701>
	right 1.6 * <1, 0, 0>
	location <35, 94.9851, 44.8844>
	look_at <35, 29.7336, 32.9568>
	direction <0, -65.2515, -11.9276>
	angle 67.0682
}


# declare cpy_camera_pos = <35, 94.9851, 44.8844>;
# if (DRAW_FOG = 1)
fog {
	fog_type 2
	up vnormalize(cpy_camera_pos)
	color rgbt<1,1,1,0.3>
	distance 1e-5
	fog_alt 3e-3
	fog_offset 56
}
# end


// LIGHTS

# declare lum = 6;
global_settings {
	ambient_light rgb lum * <0.05, 0.05, 0.05>
	max_trace_level 15
}# declare cpy_direct_light_amount = 0.25;
light_source
{	1000 * <-1, -1.16352, -0.803886>,
	rgb lum * cpy_direct_light_amount
	parallel
}

light_source
{	1000 * <1, 1.16352, 0.803886>,
	rgb lum * cpy_direct_light_amount
	parallel
}

// strand 0

// nucleotide -1

// particle -1
sphere {
	<23.904966, 34.685474, 35.072426> 0.250000
	pigment { color rgbt <1,0,0,0> }
	no_shadow
}
cylinder {
	<24.253475, 34.871006, 35.136608>,  <24.462582, 34.982327, 35.175117>, 0.100000
	pigment { color rgbt <1,0,0,0> }
	no_shadow
}
cylinder {
	<24.253475, 34.871006, 35.136608>,  <23.904966, 34.685474, 35.072426>, 0.100000
	pigment { color rgbt <1,0,0,0> }
	no_shadow
}

// particle -1
sphere {
	<24.253475, 34.871006, 35.136608> 0.100000
	pigment { color rgbt <1,0,0,0> }
	no_shadow
}
sphere {
	0, 1
	scale<0.080000,0.200000,0.300000>
	matrix <0.376035, -0.840957, 0.389087,
		0.315404, -0.278665, -0.907119,
		0.871274, 0.463828, 0.160454,
		24.514858, 35.010155, 35.184746>
	pigment { color rgbt <0,1,1,0> }
	no_shadow
}
cylinder {
	<24.526564, 34.354832, 34.765842>,  <23.904966, 34.685474, 35.072426>, 0.130000
	pigment { color rgbt <1,0,0,0> }
	no_shadow
}

// nucleotide -1

// particle -1
sphere {
	<24.526564, 34.354832, 34.765842> 0.250000
	pigment { color rgbt <1,0,0,0> }
	no_shadow
}
cylinder {
	<24.655653, 34.568817, 35.078167>,  <24.733107, 34.697208, 35.265564>, 0.100000
	pigment { color rgbt <1,0,0,0> }
	no_shadow
}
cylinder {
	<24.655653, 34.568817, 35.078167>,  <24.526564, 34.354832, 34.765842>, 0.100000
	pigment { color rgbt <1,0,0,0> }
	no_shadow
}

// particle -1
sphere {
	<24.655653, 34.568817, 35.078167> 0.100000
	pigment { color rgbt <1,0,0,0> }
	no_shadow
}
sphere {
	0, 1
	scale<0.080000,0.200000,0.300000>
	matrix <0.539447, -0.781810, 0.312682,
		0.777720, 0.320298, -0.540889,
		0.322721, 0.534960, 0.780813,
		24.752470, 34.729305, 35.312412>
	pigment { color rgbt <0,1,1,0> }
	no_shadow
}
cylinder {
	<25.130232, 33.994087, 34.967075>,  <24.526564, 34.354832, 34.765842>, 0.130000
	pigment { color rgbt <1,0,0,0> }
	no_shadow
}

// nucleotide -1

// particle -1
sphere {
	<25.130232, 33.994087, 34.967075> 0.250000
	pigment { color rgbt <1,0,0,0> }
	no_shadow
}
cylinder {
	<25.000917, 34.217018, 35.272980>,  <24.923328, 34.350777, 35.456524>, 0.100000
	pigment { color rgbt <1,0,0,0> }
	no_shadow
}
cylinder {
	<25.000917, 34.217018, 35.272980>,  <25.130232, 33.994087, 34.967075>, 0.100000
	pigment { color rgbt <1,0,0,0> }
	no_shadow
}

// particle -1
sphere {
	<25.000917, 34.217018, 35.272980> 0.100000
	pigment { color rgbt <1,0,0,0> }
	no_shadow
}
sphere {
	0, 1
	scale<0.080000,0.200000,0.300000>
	matrix <0.350384, -0.680224, 0.643838,
		0.879043, 0.476106, 0.024628,
		-0.323287, 0.557332, 0.764766,
		24.903931, 34.384216, 35.502411>
	pigment { color rgbt <0,1,1,0> }
	no_shadow
}
cylinder {
	<25.645411, 33.581802, 35.347557>,  <25.130232, 33.994087, 34.967075>, 0.130000
	pigment { color rgbt <1,0,0,0> }
	no_shadow
}

// nucleotide -1

// particle -1
sphere {
	<25.645411, 33.581802, 35.347557> 0.250000
	pigment { color rgbt <1,0,0,0> }
	no_shadow
}
cylinder {
	<25.601112, 33.234043, 35.540176>,  <25.574533, 33.025387, 35.655746>, 0.100000
	pigment { color rgbt <1,0,0,0> }
	no_shadow
}
cylinder {
	<25.601112, 33.234043, 35.540176>,  <25.645411, 33.581802, 35.347557>, 0.100000
	pigment { color rgbt <1,0,0,0> }
	no_shadow
}

// particle -1
sphere {
	<25.601112, 33.234043, 35.540176> 0.100000
	pigment { color rgbt <1,0,0,0> }
	no_shadow
}
sphere {
	0, 1
	scale<0.080000,0.200000,0.300000>
	matrix <0.857810, -0.328303, -0.395449,
		0.501895, 0.369279, 0.782135,
		-0.110746, -0.869396, 0.481545,
		25.567888, 32.973225, 35.684639>
	pigment { color rgbt <0,1,1,0> }
	no_shadow
}
cylinder {
	<26.196749, 33.396965, 35.863689>,  <25.645411, 33.581802, 35.347557>, 0.130000
	pigment { color rgbt <1,0,0,0> }
	no_shadow
}

// nucleotide -1

// particle -1
sphere {
	<26.196749, 33.396965, 35.863689> 0.250000
	pigment { color rgbt <1,0,0,0> }
	no_shadow
}
cylinder {
	<26.037703, 33.075718, 35.686192>,  <25.942274, 32.882969, 35.579693>, 0.100000
	pigment { color rgbt <1,0,0,0> }
	no_shadow
}
cylinder {
	<26.037703, 33.075718, 35.686192>,  <26.196749, 33.396965, 35.863689>, 0.100000
	pigment { color rgbt <1,0,0,0> }
	no_shadow
}

// particle -1
sphere {
	<26.037703, 33.075718, 35.686192> 0.100000
	pigment { color rgbt <1,0,0,0> }
	no_shadow
}
sphere {
	0, 1
	scale<0.080000,0.200000,0.300000>
	matrix <0.888336, -0.215872, -0.405289,
		0.229700, -0.555345, 0.799268,
		-0.397615, -0.803113, -0.443747,
		25.918419, 32.834785, 35.553066>
	pigment { color rgbt <0,1,1,0> }
	no_shadow
}
cylinder {
	<26.003305, 34.094872, 36.129665>,  <26.196749, 33.396965, 35.863689>, 0.130000
	pigment { color rgbt <1,0,0,0> }
	no_shadow
}

// nucleotide -1

// particle -1
sphere {
	<26.003305, 34.094872, 36.129665> 0.250000
	pigment { color rgbt <1,0,0,0> }
	no_shadow
}
cylinder {
	<26.231857, 34.323174, 35.893780>,  <26.368988, 34.460155, 35.752247>, 0.100000
	pigment { color rgbt <1,0,0,0> }
	no_shadow
}
cylinder {
	<26.231857, 34.323174, 35.893780>,  <26.003305, 34.094872, 36.129665>, 0.100000
	pigment { color rgbt <1,0,0,0> }
	no_shadow
}

// particle -1
sphere {
	<26.231857, 34.323174, 35.893780> 0.100000
	pigment { color rgbt <1,0,0,0> }
	no_shadow
}
sphere {
	0, 1
	scale<0.080000,0.200000,0.300000>
	matrix <0.679597, 0.073775, 0.729866,
		0.460082, -0.817799, -0.345731,
		0.571377, 0.570756, -0.589716,
		26.403271, 34.494400, 35.716866>
	pigment { color rgbt <0,1,1,0> }
	no_shadow
}
cylinder {
	<26.779247, 33.920612, 36.260792>,  <26.003305, 34.094872, 36.129665>, 0.130000
	pigment { color rgbt <1,0,0,0> }
	no_shadow
}

// nucleotide -1

// particle -1
sphere {
	<26.779247, 33.920612, 36.260792> 0.250000
	pigment { color rgbt <1,0,0,0> }
	no_shadow
}
cylinder {
	<26.780817, 34.291119, 36.110054>,  <26.781759, 34.513424, 36.019611>, 0.100000
	pigment { color rgbt <1,0,0,0> }
	no_shadow
}
cylinder {
	<26.780817, 34.291119, 36.110054>,  <26.779247, 33.920612, 36.260792>, 0.100000
	pigment { color rgbt <1,0,0,0> }
	no_shadow
}

// particle -1
sphere {
	<26.780817, 34.291119, 36.110054> 0.100000
	pigment { color rgbt <1,0,0,0> }
	no_shadow
}
sphere {
	0, 1
	scale<0.080000,0.200000,0.300000>
	matrix <0.790346, 0.228003, 0.568654,
		0.612648, -0.300070, -0.731177,
		0.003926, 0.926268, -0.376844,
		26.781994, 34.569000, 35.997002>
	pigment { color rgbt <0,1,1,0> }
	no_shadow
}
cylinder {
	<27.396975, 33.999123, 35.887413>,  <26.779247, 33.920612, 36.260792>, 0.130000
	pigment { color rgbt <1,0,0,0> }
	no_shadow
}

// nucleotide -1

// particle -1
sphere {
	<27.396975, 33.999123, 35.887413> 0.250000
	pigment { color rgbt <1,0,0,0> }
	no_shadow
}
cylinder {
	<27.765150, 34.091515, 36.013554>,  <27.986055, 34.146950, 36.089237>, 0.100000
	pigment { color rgbt <1,0,0,0> }
	no_shadow
}
cylinder {
	<27.765150, 34.091515, 36.013554>,  <27.396975, 33.999123, 35.887413>, 0.100000
	pigment { color rgbt <1,0,0,0> }
	no_shadow
}

// particle -1
sphere {
	<27.765150, 34.091515, 36.013554> 0.100000
	pigment { color rgbt <1,0,0,0> }
	no_shadow
}
sphere {
	0, 1
	scale<0.080000,0.200000,0.300000>
	matrix <0.323445, -0.903052, -0.282632,
		0.219494, 0.362142, -0.905911,
		0.920438, 0.230976, 0.315347,
		28.041281, 34.160809, 36.108158>
	pigment { color rgbt <0,1,1,0> }
	no_shadow
}
cylinder {
	<27.872913, 33.829929, 35.437160>,  <27.396975, 33.999123, 35.887413>, 0.130000
	pigment { color rgbt <1,0,0,0> }
	no_shadow
}

// nucleotide -1

// particle -1
sphere {
	<27.872913, 33.829929, 35.437160> 0.250000
	pigment { color rgbt <1,0,0,0> }
	no_shadow
}
cylinder {
	<27.998867, 33.798477, 35.815506>,  <28.074438, 33.779606, 36.042515>, 0.100000
	pigment { color rgbt <1,0,0,0> }
	no_shadow
}
cylinder {
	<27.998867, 33.798477, 35.815506>,  <27.872913, 33.829929, 35.437160>, 0.100000
	pigment { color rgbt <1,0,0,0> }
	no_shadow
}

// particle -1
sphere {
	<27.998867, 33.798477, 35.815506> 0.100000
	pigment { color rgbt <1,0,0,0> }
	no_shadow
}
sphere {
	0, 1
	scale<0.080000,0.200000,0.300000>
	matrix <0.282872, -0.943500, -0.172602,
		0.905998, 0.321909, -0.274849,
		0.314882, -0.078630, 0.945868,
		28.093332, 33.774887, 36.099266>
	pigment { color rgbt <0,1,1,0> }
	no_shadow
}
cylinder {
	<28.396070, 33.463928, 35.404945>,  <27.872913, 33.829929, 35.437160>, 0.130000
	pigment { color rgbt <1,0,0,0> }
	no_shadow
}

// nucleotide -1

// particle -1
sphere {
	<28.396070, 33.463928, 35.404945> 0.250000
	pigment { color rgbt <1,0,0,0> }
	no_shadow
}
cylinder {
	<28.310486, 33.401337, 35.790638>,  <28.259134, 33.363781, 36.022053>, 0.100000
	pigment { color rgbt <1,0,0,0> }
	no_shadow
}
cylinder {
	<28.310486, 33.401337, 35.790638>,  <28.396070, 33.463928, 35.404945>, 0.100000
	pigment { color rgbt <1,0,0,0> }
	no_shadow
}

// particle -1
sphere {
	<28.310486, 33.401337, 35.790638> 0.100000
	pigment { color rgbt <1,0,0,0> }
	no_shadow
}
sphere {
	0, 1
	scale<0.080000,0.200000,0.300000>
	matrix <0.214629, -0.970496, -0.109869,
		0.952971, 0.183443, 0.241235,
		-0.213963, -0.156478, 0.964227,
		28.246298, 33.354393, 36.079906>
	pigment { color rgbt <0,1,1,0> }
	no_shadow
}
cylinder {
	<28.922693, 32.950089, 35.557182>,  <28.396070, 33.463928, 35.404945>, 0.130000
	pigment { color rgbt <1,0,0,0> }
	no_shadow
}

// nucleotide -1

// particle -1
sphere {
	<28.922693, 32.950089, 35.557182> 0.250000
	pigment { color rgbt <1,0,0,0> }
	no_shadow
}
cylinder {
	<28.649899, 32.949215, 35.849728>,  <28.486221, 32.948692, 36.025253>, 0.100000
	pigment { color rgbt <1,0,0,0> }
	no_shadow
}
cylinder {
	<28.649899, 32.949215, 35.849728>,  <28.922693, 32.950089, 35.557182>, 0.100000
	pigment { color rgbt <1,0,0,0> }
	no_shadow
}

// particle -1
sphere {
	<28.649899, 32.949215, 35.849728> 0.100000
	pigment { color rgbt <1,0,0,0> }
	no_shadow
}
sphere {
	0, 1
	scale<0.080000,0.200000,0.300000>
	matrix <0.130937, -0.984203, 0.119161,
		0.719549, 0.177029, 0.671498,
		-0.681985, -0.002182, 0.731363,
		28.445303, 32.948559, 36.069138>
	pigment { color rgbt <0,1,1,0> }
	no_shadow
}
cylinder {
	<29.201630, 32.696903, 36.225929>,  <28.922693, 32.950089, 35.557182>, 0.130000
	pigment { color rgbt <1,0,0,0> }
	no_shadow
}

// nucleotide -1

// particle -1
sphere {
	<29.201630, 32.696903, 36.225929> 0.250000
	pigment { color rgbt <1,0,0,0> }
	no_shadow
}
cylinder {
	<28.810076, 32.615150, 36.227173>,  <28.575144, 32.566097, 36.227921>, 0.100000
	pigment { color rgbt <1,0,0,0> }
	no_shadow
}
cylinder {
	<28.810076, 32.615150, 36.227173>,  <29.201630, 32.696903, 36.225929>, 0.100000
	pigment { color rgbt <1,0,0,0> }
	no_shadow
}

// particle -1
sphere {
	<28.810076, 32.615150, 36.227173> 0.100000
	pigment { color rgbt <1,0,0,0> }
	no_shadow
}
sphere {
	0, 1
	scale<0.080000,0.200000,0.300000>
	matrix <0.199342, -0.951147, 0.235758,
		-0.045228, 0.231400, 0.971807,
		-0.978886, -0.204385, 0.003110,
		28.516411, 32.553837, 36.228107>
	pigment { color rgbt <0,1,1,0> }
	no_shadow
}
cylinder {
	<29.095430, 32.260128, 36.829594>,  <29.201630, 32.696903, 36.225929>, 0.130000
	pigment { color rgbt <1,0,0,0> }
	no_shadow
}

// nucleotide -1

// particle -1
sphere {
	<29.095430, 32.260128, 36.829594> 0.250000
	pigment { color rgbt <1,0,0,0> }
	no_shadow
}
cylinder {
	<28.772409, 32.181244, 36.607254>,  <28.578596, 32.133915, 36.473850>, 0.100000
	pigment { color rgbt <1,0,0,0> }
	no_shadow
}
cylinder {
	<28.772409, 32.181244, 36.607254>,  <29.095430, 32.260128, 36.829594>, 0.100000
	pigment { color rgbt <1,0,0,0> }
	no_shadow
}

// particle -1
sphere {
	<28.772409, 32.181244, 36.607254> 0.100000
	pigment { color rgbt <1,0,0,0> }
	no_shadow
}
sphere {
	0, 1
	scale<0.080000,0.200000,0.300000>
	matrix <0.005693, -0.945005, 0.327007,
		-0.589768, 0.260911, 0.764264,
		-0.807553, -0.197209, -0.555848,
		28.530144, 32.122082, 36.440498>
	pigment { color rgbt <0,1,1,0> }
	no_shadow
}
cylinder {
	<28.649645, 31.821907, 37.228855>,  <29.095430, 32.260128, 36.829594>, 0.130000
	pigment { color rgbt <1,0,0,0> }
	no_shadow
}

// nucleotide -1

// particle -1
sphere {
	<28.649645, 31.821907, 37.228855> 0.250000
	pigment { color rgbt <1,0,0,0> }
	no_shadow
}
cylinder {
	<28.517895, 31.754400, 36.857258>,  <28.438845, 31.713896, 36.634300>, 0.100000
	pigment { color rgbt <1,0,0,0> }
	no_shadow
}
cylinder {
	<28.517895, 31.754400, 36.857258>,  <28.649645, 31.821907, 37.228855>, 0.100000
	pigment { color rgbt <1,0,0,0> }
	no_shadow
}

// particle -1
sphere {
	<28.517895, 31.754400, 36.857258> 0.100000
	pigment { color rgbt <1,0,0,0> }
	no_shadow
}
sphere {
	0, 1
	scale<0.080000,0.200000,0.300000>
	matrix <-0.011044, -0.983141, 0.182518,
		-0.944134, 0.070377, 0.321960,
		-0.329376, -0.168766, -0.928994,
		28.419083, 31.703770, 36.578560>
	pigment { color rgbt <0,1,1,0> }
	no_shadow
}
cylinder {
	<28.233044, 31.310204, 37.380997>,  <28.649645, 31.821907, 37.228855>, 0.130000
	pigment { color rgbt <1,0,0,0> }
	no_shadow
}

// nucleotide -1

// particle -1
sphere {
	<28.233044, 31.310204, 37.380997> 0.250000
	pigment { color rgbt <1,0,0,0> }
	no_shadow
}
cylinder {
	<28.223686, 31.289122, 36.981663>,  <28.218071, 31.276472, 36.742062>, 0.100000
	pigment { color rgbt <1,0,0,0> }
	no_shadow
}
cylinder {
	<28.223686, 31.289122, 36.981663>,  <28.233044, 31.310204, 37.380997>, 0.100000
	pigment { color rgbt <1,0,0,0> }
	no_shadow
}

// particle -1
sphere {
	<28.223686, 31.289122, 36.981663> 0.100000
	pigment { color rgbt <1,0,0,0> }
	no_shadow
}
sphere {
	0, 1
	scale<0.080000,0.200000,0.300000>
	matrix <-0.139945, -0.988604, 0.055469,
		-0.989883, 0.141010, 0.015750,
		-0.023392, -0.052704, -0.998336,
		28.216669, 31.273310, 36.682163>
	pigment { color rgbt <0,1,1,0> }
	no_shadow
}
cylinder {
	<27.701643, 31.039804, 37.187923>,  <28.233044, 31.310204, 37.380997>, 0.130000
	pigment { color rgbt <1,0,0,0> }
	no_shadow
}

// nucleotide -1

// particle -1
sphere {
	<27.701643, 31.039804, 37.187923> 0.250000
	pigment { color rgbt <1,0,0,0> }
	no_shadow
}
cylinder {
	<27.928228, 30.958250, 36.868538>,  <28.064180, 30.909317, 36.676907>, 0.100000
	pigment { color rgbt <1,0,0,0> }
	no_shadow
}
cylinder {
	<27.928228, 30.958250, 36.868538>,  <27.701643, 31.039804, 37.187923>, 0.100000
	pigment { color rgbt <1,0,0,0> }
	no_shadow
}

// particle -1
sphere {
	<27.928228, 30.958250, 36.868538> 0.100000
	pigment { color rgbt <1,0,0,0> }
	no_shadow
}
sphere {
	0, 1
	scale<0.080000,0.200000,0.300000>
	matrix <-0.178314, -0.976283, 0.122786,
		-0.804563, 0.072824, -0.589385,
		0.566464, -0.203884, -0.798467,
		28.098167, 30.897085, 36.628998>
	pigment { color rgbt <0,1,1,0> }
	no_shadow
}
cylinder {
	<27.272161, 30.514023, 36.810970>,  <27.701643, 31.039804, 37.187923>, 0.130000
	pigment { color rgbt <1,0,0,0> }
	no_shadow
}

// nucleotide -1

// particle -1
sphere {
	<27.272161, 30.514023, 36.810970> 0.250000
	pigment { color rgbt <1,0,0,0> }
	no_shadow
}
cylinder {
	<27.656845, 30.497095, 36.702652>,  <27.887655, 30.486938, 36.637661>, 0.100000
	pigment { color rgbt <1,0,0,0> }
	no_shadow
}
cylinder {
	<27.656845, 30.497095, 36.702652>,  <27.272161, 30.514023, 36.810970>, 0.100000
	pigment { color rgbt <1,0,0,0> }
	no_shadow
}

// particle -1
sphere {
	<27.656845, 30.497095, 36.702652> 0.100000
	pigment { color rgbt <1,0,0,0> }
	no_shadow
}
sphere {
	0, 1
	scale<0.080000,0.200000,0.300000>
	matrix <0.035183, -0.960770, 0.275107,
		-0.271811, -0.274099, -0.922490,
		0.961707, -0.042321, -0.270792,
		27.945356, 30.484398, 36.621414>
	pigment { color rgbt <0,1,1,0> }
	no_shadow
}
cylinder {
	<27.414454, 29.854103, 36.461052>,  <27.272161, 30.514023, 36.810970>, 0.130000
	pigment { color rgbt <1,0,0,0> }
	no_shadow
}

// nucleotide -1

// particle -1
sphere {
	<27.414454, 29.854103, 36.461052> 0.250000
	pigment { color rgbt <1,0,0,0> }
	no_shadow
}
cylinder {
	<27.777536, 29.980640, 36.571323>,  <27.995386, 30.056562, 36.637486>, 0.100000
	pigment { color rgbt <1,0,0,0> }
	no_shadow
}
cylinder {
	<27.777536, 29.980640, 36.571323>,  <27.414454, 29.854103, 36.461052>, 0.100000
	pigment { color rgbt <1,0,0,0> }
	no_shadow
}

// particle -1
sphere {
	<27.777536, 29.980640, 36.571323> 0.100000
	pigment { color rgbt <1,0,0,0> }
	no_shadow
}
sphere {
	0, 1
	scale<0.080000,0.200000,0.300000>
	matrix <0.308649, -0.948442, 0.072073,
		0.284263, 0.019666, -0.958545,
		0.907706, 0.316341, 0.275677,
		28.049849, 30.075542, 36.654026>
	pigment { color rgbt <0,1,1,0> }
	no_shadow
}
cylinder {
	<27.855352, 29.308598, 36.195995>,  <27.414454, 29.854103, 36.461052>, 0.130000
	pigment { color rgbt <1,0,0,0> }
	no_shadow
}

// nucleotide -1

// particle -1
sphere {
	<27.855352, 29.308598, 36.195995> 0.250000
	pigment { color rgbt <1,0,0,0> }
	no_shadow
}
cylinder {
	<28.082718, 29.492104, 36.469181>,  <28.219137, 29.602207, 36.633091>, 0.100000
	pigment { color rgbt <1,0,0,0> }
	no_shadow
}
cylinder {
	<28.082718, 29.492104, 36.469181>,  <27.855352, 29.308598, 36.195995>, 0.100000
	pigment { color rgbt <1,0,0,0> }
	no_shadow
}

// particle -1
sphere {
	<28.082718, 29.492104, 36.469181> 0.100000
	pigment { color rgbt <1,0,0,0> }
	no_shadow
}
sphere {
	0, 1
	scale<0.080000,0.200000,0.300000>
	matrix <0.418375, -0.875940, 0.240190,
		0.708428, 0.149208, -0.689831,
		0.568412, 0.458765, 0.682966,
		28.253242, 29.629734, 36.674072>
	pigment { color rgbt <0,1,1,0> }
	no_shadow
}
cylinder {
	<28.546900, 29.133541, 36.036716>,  <27.855352, 29.308598, 36.195995>, 0.130000
	pigment { color rgbt <1,0,0,0> }
	no_shadow
}

// nucleotide -1

// particle -1
sphere {
	<28.546900, 29.133541, 36.036716> 0.250000
	pigment { color rgbt <1,0,0,0> }
	no_shadow
}
cylinder {
	<28.502480, 29.218994, 36.424950>,  <28.475828, 29.270266, 36.657890>, 0.100000
	pigment { color rgbt <1,0,0,0> }
	no_shadow
}
cylinder {
	<28.502480, 29.218994, 36.424950>,  <28.546900, 29.133541, 36.036716>, 0.100000
	pigment { color rgbt <1,0,0,0> }
	no_shadow
}

// particle -1
sphere {
	<28.502480, 29.218994, 36.424950> 0.100000
	pigment { color rgbt <1,0,0,0> }
	no_shadow
}
sphere {
	0, 1
	scale<0.080000,0.200000,0.300000>
	matrix <0.366496, -0.898985, 0.239805,
		0.923769, 0.382345, 0.021536,
		-0.111049, 0.213632, 0.970582,
		28.469166, 29.283083, 36.716125>
	pigment { color rgbt <0,1,1,0> }
	no_shadow
}
cylinder {
	<29.174749, 28.782188, 36.231411>,  <28.546900, 29.133541, 36.036716>, 0.130000
	pigment { color rgbt <1,0,0,0> }
	no_shadow
}

// nucleotide -1

// particle -1
sphere {
	<29.174749, 28.782188, 36.231411> 0.250000
	pigment { color rgbt <1,0,0,0> }
	no_shadow
}
cylinder {
	<28.955446, 28.867155, 36.554966>,  <28.823864, 28.918135, 36.749100>, 0.100000
	pigment { color rgbt <1,0,0,0> }
	no_shadow
}
cylinder {
	<28.955446, 28.867155, 36.554966>,  <29.174749, 28.782188, 36.231411>, 0.100000
	pigment { color rgbt <1,0,0,0> }
	no_shadow
}

// particle -1
sphere {
	<28.955446, 28.867155, 36.554966> 0.100000
	pigment { color rgbt <1,0,0,0> }
	no_shadow
}
sphere {
	0, 1
	scale<0.080000,0.200000,0.300000>
	matrix <0.123605, -0.936003, 0.329576,
		0.827126, 0.280674, 0.486913,
		-0.548256, 0.212416, 0.808885,
		28.790970, 28.930880, 36.797630>
	pigment { color rgbt <0,1,1,0> }
	no_shadow
}
cylinder {
	<29.541225, 28.535522, 36.885181>,  <29.174749, 28.782188, 36.231411>, 0.130000
	pigment { color rgbt <1,0,0,0> }
	no_shadow
}

// nucleotide -1

// particle -1
sphere {
	<29.541225, 28.535522, 36.885181> 0.250000
	pigment { color rgbt <1,0,0,0> }
	no_shadow
}
cylinder {
	<29.151869, 28.547998, 36.975990>,  <28.918255, 28.555483, 37.030476>, 0.100000
	pigment { color rgbt <1,0,0,0> }
	no_shadow
}
cylinder {
	<29.151869, 28.547998, 36.975990>,  <29.541225, 28.535522, 36.885181>, 0.100000
	pigment { color rgbt <1,0,0,0> }
	no_shadow
}

// particle -1
sphere {
	<29.151869, 28.547998, 36.975990> 0.100000
	pigment { color rgbt <1,0,0,0> }
	no_shadow
}
sphere {
	0, 1
	scale<0.080000,0.200000,0.300000>
	matrix <0.091961, -0.854258, 0.511652,
		0.209895, 0.518914, 0.828657,
		-0.973390, 0.031189, 0.227024,
		28.859852, 28.557356, 37.044098>
	pigment { color rgbt <0,1,1,0> }
	no_shadow
}
cylinder {
	<29.486462, 28.519876, 37.588314>,  <29.541225, 28.535522, 36.885181>, 0.130000
	pigment { color rgbt <1,0,0,0> }
	no_shadow
}

// nucleotide -1

// particle -1
sphere {
	<29.486462, 28.519876, 37.588314> 0.250000
	pigment { color rgbt <1,0,0,0> }
	no_shadow
}
cylinder {
	<29.153063, 28.366747, 37.428951>,  <28.953024, 28.274870, 37.333332>, 0.100000
	pigment { color rgbt <1,0,0,0> }
	no_shadow
}
cylinder {
	<29.153063, 28.366747, 37.428951>,  <29.486462, 28.519876, 37.588314>, 0.100000
	pigment { color rgbt <1,0,0,0> }
	no_shadow
}

// particle -1
sphere {
	<29.153063, 28.366747, 37.428951> 0.100000
	pigment { color rgbt <1,0,0,0> }
	no_shadow
}
sphere {
	0, 1
	scale<0.080000,0.200000,0.300000>
	matrix <0.058416, -0.778084, 0.625438,
		-0.549426, 0.498027, 0.670894,
		-0.833497, -0.382823, -0.398407,
		28.903013, 28.251900, 37.309429>
	pigment { color rgbt <0,1,1,0> }
	no_shadow
}
cylinder {
	<29.249092, 28.238512, 38.146530>,  <29.486462, 28.519876, 37.588314>, 0.130000
	pigment { color rgbt <1,0,0,0> }
	no_shadow
}

// nucleotide -1

// particle -1
sphere {
	<29.249092, 28.238512, 38.146530> 0.250000
	pigment { color rgbt <1,0,0,0> }
	no_shadow
}
cylinder {
	<28.990007, 28.086794, 37.882225>,  <28.834557, 27.995762, 37.723640>, 0.100000
	pigment { color rgbt <1,0,0,0> }
	no_shadow
}
cylinder {
	<28.990007, 28.086794, 37.882225>,  <29.249092, 28.238512, 38.146530>, 0.100000
	pigment { color rgbt <1,0,0,0> }
	no_shadow
}

// particle -1
sphere {
	<28.990007, 28.086794, 37.882225> 0.100000
	pigment { color rgbt <1,0,0,0> }
	no_shadow
}
sphere {
	0, 1
	scale<0.080000,0.200000,0.300000>
	matrix <-0.077601, -0.829916, 0.552465,
		-0.757925, 0.409113, 0.508111,
		-0.647710, -0.379297, -0.660762,
		28.795694, 27.973005, 37.683998>
	pigment { color rgbt <0,1,1,0> }
	no_shadow
}
cylinder {
	<28.613396, 27.977587, 38.540905>,  <29.249092, 28.238512, 38.146530>, 0.130000
	pigment { color rgbt <1,0,0,0> }
	no_shadow
}

// nucleotide -1

// particle -1
sphere {
	<28.613396, 27.977587, 38.540905> 0.250000
	pigment { color rgbt <1,0,0,0> }
	no_shadow
}
cylinder {
	<28.637054, 27.799791, 38.183372>,  <28.651251, 27.693113, 37.968853>, 0.100000
	pigment { color rgbt <1,0,0,0> }
	no_shadow
}
cylinder {
	<28.637054, 27.799791, 38.183372>,  <28.613396, 27.977587, 38.540905>, 0.100000
	pigment { color rgbt <1,0,0,0> }
	no_shadow
}

// particle -1
sphere {
	<28.637054, 27.799791, 38.183372> 0.100000
	pigment { color rgbt <1,0,0,0> }
	no_shadow
}
sphere {
	0, 1
	scale<0.080000,0.200000,0.300000>
	matrix <0.021760, -0.894610, 0.446317,
		-0.998012, -0.045849, -0.043242,
		0.059148, -0.444489, -0.893829,
		28.654799, 27.666445, 37.915222>
	pigment { color rgbt <0,1,1,0> }
	no_shadow
}
cylinder {
	<28.398993, 27.306232, 38.639477>,  <28.613396, 27.977587, 38.540905>, 0.130000
	pigment { color rgbt <1,0,0,0> }
	no_shadow
}

// nucleotide -1

// particle -1
sphere {
	<28.398993, 27.306232, 38.639477> 0.250000
	pigment { color rgbt <1,0,0,0> }
	no_shadow
}
cylinder {
	<28.169901, 27.036201, 38.825489>,  <28.032446, 26.874182, 38.937096>, 0.100000
	pigment { color rgbt <1,0,0,0> }
	no_shadow
}
cylinder {
	<28.169901, 27.036201, 38.825489>,  <28.398993, 27.306232, 38.639477>, 0.100000
	pigment { color rgbt <1,0,0,0> }
	no_shadow
}

// particle -1
sphere {
	<28.169901, 27.036201, 38.825489> 0.100000
	pigment { color rgbt <1,0,0,0> }
	no_shadow
}
sphere {
	0, 1
	scale<0.080000,0.200000,0.300000>
	matrix <0.608032, 0.030631, 0.793321,
		-0.549798, 0.737110, 0.392926,
		-0.572729, -0.675078, 0.465028,
		27.998083, 26.833677, 38.964996>
	pigment { color rgbt <0,1,1,0> }
	no_shadow
}
cylinder {
	<28.895645, 27.216734, 39.202469>,  <28.398993, 27.306232, 38.639477>, 0.130000
	pigment { color rgbt <1,0,0,0> }
	no_shadow
}

// nucleotide -1

// particle -1
sphere {
	<28.895645, 27.216734, 39.202469> 0.250000
	pigment { color rgbt <1,0,0,0> }
	no_shadow
}
cylinder {
	<28.533310, 27.050360, 39.234612>,  <28.315908, 26.950535, 39.253899>, 0.100000
	pigment { color rgbt <1,0,0,0> }
	no_shadow
}
cylinder {
	<28.533310, 27.050360, 39.234612>,  <28.895645, 27.216734, 39.202469>, 0.100000
	pigment { color rgbt <1,0,0,0> }
	no_shadow
}

// particle -1
sphere {
	<28.533310, 27.050360, 39.234612> 0.100000
	pigment { color rgbt <1,0,0,0> }
	no_shadow
}
sphere {
	0, 1
	scale<0.080000,0.200000,0.300000>
	matrix <0.140367, -0.115719, 0.983314,
		-0.399698, 0.902001, 0.163206,
		-0.905836, -0.415938, 0.080359,
		28.261559, 26.925579, 39.258720>
	pigment { color rgbt <0,1,1,0> }
	no_shadow
}
cylinder {
	<28.264269, 27.610573, 39.580803>,  <28.895645, 27.216734, 39.202469>, 0.130000
	pigment { color rgbt <1,0,0,0> }
	no_shadow
}

// nucleotide -1

// particle -1
sphere {
	<28.264269, 27.610573, 39.580803> 0.250000
	pigment { color rgbt <1,0,0,0> }
	no_shadow
}
cylinder {
	<28.282040, 27.211123, 39.591942>,  <28.292702, 26.971453, 39.598625>, 0.100000
	pigment { color rgbt <1,0,0,0> }
	no_shadow
}
cylinder {
	<28.282040, 27.211123, 39.591942>,  <28.264269, 27.610573, 39.580803>, 0.100000
	pigment { color rgbt <1,0,0,0> }
	no_shadow
}

// particle -1
sphere {
	<28.282040, 27.211123, 39.591942> 0.100000
	pigment { color rgbt <1,0,0,0> }
	no_shadow
}
sphere {
	0, 1
	scale<0.080000,0.200000,0.300000>
	matrix <0.001014, 0.027918, 0.999610,
		-0.999012, -0.044381, 0.002253,
		0.044427, -0.998624, 0.027846,
		28.295368, 26.911535, 39.600296>
	pigment { color rgbt <0,1,1,0> }
	no_shadow
}
cylinder {
	<27.765560, 27.433121, 39.924591>,  <28.264269, 27.610573, 39.580803>, 0.130000
	pigment { color rgbt <1,0,0,0> }
	no_shadow
}

// nucleotide -1

// particle -1
sphere {
	<27.765560, 27.433121, 39.924591> 0.250000
	pigment { color rgbt <1,0,0,0> }
	no_shadow
}
cylinder {
	<28.048414, 27.155352, 39.977867>,  <28.218126, 26.988691, 40.009830>, 0.100000
	pigment { color rgbt <1,0,0,0> }
	no_shadow
}
cylinder {
	<28.048414, 27.155352, 39.977867>,  <27.765560, 27.433121, 39.924591>, 0.100000
	pigment { color rgbt <1,0,0,0> }
	no_shadow
}

// particle -1
sphere {
	<28.048414, 27.155352, 39.977867> 0.100000
	pigment { color rgbt <1,0,0,0> }
	no_shadow
}
sphere {
	0, 1
	scale<0.080000,0.200000,0.300000>
	matrix <-0.043391, 0.145390, 0.988423,
		-0.705745, -0.704728, 0.072679,
		0.707136, -0.694421, 0.133187,
		28.260555, 26.947025, 40.017822>
	pigment { color rgbt <0,1,1,0> }
	no_shadow
}
cylinder {
	<27.554562, 26.800182, 40.396908>,  <27.765560, 27.433121, 39.924591>, 0.130000
	pigment { color rgbt <1,0,0,0> }
	no_shadow
}

// nucleotide -1

// particle -1
sphere {
	<27.554562, 26.800182, 40.396908> 0.250000
	pigment { color rgbt <1,0,0,0> }
	no_shadow
}
cylinder {
	<27.927553, 26.944651, 40.394459>,  <28.151348, 27.031332, 40.392990>, 0.100000
	pigment { color rgbt <1,0,0,0> }
	no_shadow
}
cylinder {
	<27.927553, 26.944651, 40.394459>,  <27.554562, 26.800182, 40.396908>, 0.100000
	pigment { color rgbt <1,0,0,0> }
	no_shadow
}

// particle -1
sphere {
	<27.927553, 26.944651, 40.394459> 0.100000
	pigment { color rgbt <1,0,0,0> }
	no_shadow
}
sphere {
	0, 1
	scale<0.080000,0.200000,0.300000>
	matrix <-0.077336, 0.216163, 0.973290,
		0.352850, -0.907098, 0.229499,
		0.932479, 0.361174, -0.006121,
		28.207296, 27.053001, 40.392624>
	pigment { color rgbt <0,1,1,0> }
	no_shadow
}
cylinder {
	<27.860657, 26.474813, 40.968983>,  <27.554562, 26.800182, 40.396908>, 0.130000
	pigment { color rgbt <1,0,0,0> }
	no_shadow
}

// nucleotide -1

// particle -1
sphere {
	<27.860657, 26.474813, 40.968983> 0.250000
	pigment { color rgbt <1,0,0,0> }
	no_shadow
}
cylinder {
	<28.024950, 26.829418, 40.883759>,  <28.123526, 27.042181, 40.832623>, 0.100000
	pigment { color rgbt <1,0,0,0> }
	no_shadow
}
cylinder {
	<28.024950, 26.829418, 40.883759>,  <27.860657, 26.474813, 40.968983>, 0.100000
	pigment { color rgbt <1,0,0,0> }
	no_shadow
}

// particle -1
sphere {
	<28.024950, 26.829418, 40.883759> 0.100000
	pigment { color rgbt <1,0,0,0> }
	no_shadow
}
sphere {
	0, 1
	scale<0.080000,0.200000,0.300000>
	matrix <-0.143794, 0.293745, 0.945006,
		0.900346, -0.357507, 0.248126,
		0.410733, 0.886511, -0.213065,
		28.148170, 27.095371, 40.819839>
	pigment { color rgbt <0,1,1,0> }
	no_shadow
}
cylinder {
	<27.352423, 26.988503, 41.229477>,  <27.860657, 26.474813, 40.968983>, 0.130000
	pigment { color rgbt <1,0,0,0> }
	no_shadow
}

// nucleotide -1

// particle -1
sphere {
	<27.352423, 26.988503, 41.229477> 0.250000
	pigment { color rgbt <1,0,0,0> }
	no_shadow
}
cylinder {
	<27.270901, 27.137169, 41.591766>,  <27.221987, 27.226368, 41.809139>, 0.100000
	pigment { color rgbt <1,0,0,0> }
	no_shadow
}
cylinder {
	<27.270901, 27.137169, 41.591766>,  <27.352423, 26.988503, 41.229477>, 0.100000
	pigment { color rgbt <1,0,0,0> }
	no_shadow
}

// particle -1
sphere {
	<27.270901, 27.137169, 41.591766> 0.100000
	pigment { color rgbt <1,0,0,0> }
	no_shadow
}
sphere {
	0, 1
	scale<0.080000,0.200000,0.300000>
	matrix <-0.095821, -0.928268, 0.359357,
		0.974311, -0.013548, 0.224799,
		-0.203805, 0.371666, 0.905719,
		27.209759, 27.248669, 41.863483>
	pigment { color rgbt <0,1,1,0> }
	no_shadow
}
cylinder {
	<27.675863, 26.592590, 41.771080>,  <27.352423, 26.988503, 41.229477>, 0.130000
	pigment { color rgbt <1,0,0,0> }
	no_shadow
}

// nucleotide -1

// particle -1
sphere {
	<27.675863, 26.592590, 41.771080> 0.250000
	pigment { color rgbt <1,0,0,0> }
	no_shadow
}
cylinder {
	<27.385611, 26.784122, 41.968739>,  <27.211460, 26.899042, 42.087334>, 0.100000
	pigment { color rgbt <1,0,0,0> }
	no_shadow
}
cylinder {
	<27.385611, 26.784122, 41.968739>,  <27.675863, 26.592590, 41.771080>, 0.100000
	pigment { color rgbt <1,0,0,0> }
	no_shadow
}

// particle -1
sphere {
	<27.385611, 26.784122, 41.968739> 0.100000
	pigment { color rgbt <1,0,0,0> }
	no_shadow
}
sphere {
	0, 1
	scale<0.080000,0.200000,0.300000>
	matrix <-0.160294, -0.816024, 0.555348,
		0.669155, 0.323768, 0.668885,
		-0.725630, 0.478832, 0.494148,
		27.167921, 26.927773, 42.116982>
	pigment { color rgbt <0,1,1,0> }
	no_shadow
}
cylinder {
	<28.184408, 26.847050, 42.377243>,  <27.675863, 26.592590, 41.771080>, 0.130000
	pigment { color rgbt <1,0,0,0> }
	no_shadow
}

// nucleotide -1

// particle -1
sphere {
	<28.184408, 26.847050, 42.377243> 0.250000
	pigment { color rgbt <1,0,0,0> }
	no_shadow
}
cylinder {
	<28.568165, 26.808626, 42.483330>,  <28.798418, 26.785572, 42.546982>, 0.100000
	pigment { color rgbt <1,0,0,0> }
	no_shadow
}
cylinder {
	<28.568165, 26.808626, 42.483330>,  <28.184408, 26.847050, 42.377243>, 0.100000
	pigment { color rgbt <1,0,0,0> }
	no_shadow
}

// particle -1
sphere {
	<28.568165, 26.808626, 42.483330> 0.100000
	pigment { color rgbt <1,0,0,0> }
	no_shadow
}
sphere {
	0, 1
	scale<0.080000,0.200000,0.300000>
	matrix <0.103278, 0.994563, -0.013370,
		-0.262493, 0.040219, 0.964095,
		0.959391, -0.096061, 0.265220,
		28.855982, 26.779808, 42.562897>
	pigment { color rgbt <0,1,1,0> }
	no_shadow
}
cylinder {
	<28.387754, 27.327318, 42.955997>,  <28.184408, 26.847050, 42.377243>, 0.130000
	pigment { color rgbt <1,0,0,0> }
	no_shadow
}

// nucleotide -1

// particle -1
sphere {
	<28.387754, 27.327318, 42.955997> 0.250000
	pigment { color rgbt <1,0,0,0> }
	no_shadow
}
cylinder {
	<28.720772, 27.254126, 42.746849>,  <28.920582, 27.210211, 42.621361>, 0.100000
	pigment { color rgbt <1,0,0,0> }
	no_shadow
}
cylinder {
	<28.720772, 27.254126, 42.746849>,  <28.387754, 27.327318, 42.955997>, 0.100000
	pigment { color rgbt <1,0,0,0> }
	no_shadow
}

// particle -1
sphere {
	<28.720772, 27.254126, 42.746849> 0.100000
	pigment { color rgbt <1,0,0,0> }
	no_shadow
}
sphere {
	0, 1
	scale<0.080000,0.200000,0.300000>
	matrix <0.115020, 0.980400, -0.159957,
		0.541889, 0.073030, 0.837271,
		0.832542, -0.182982, -0.522868,
		28.970535, 27.199230, 42.589989>
	pigment { color rgbt <0,1,1,0> }
	no_shadow
}
cylinder {
	<28.787338, 27.977240, 42.991627>,  <28.387754, 27.327318, 42.955997>, 0.130000
	pigment { color rgbt <1,0,0,0> }
	no_shadow
}

// nucleotide -1

// particle -1
sphere {
	<28.787338, 27.977240, 42.991627> 0.250000
	pigment { color rgbt <1,0,0,0> }
	no_shadow
}
cylinder {
	<29.000269, 27.811956, 42.696091>,  <29.128027, 27.712786, 42.518768>, 0.100000
	pigment { color rgbt <1,0,0,0> }
	no_shadow
}
cylinder {
	<29.000269, 27.811956, 42.696091>,  <28.787338, 27.977240, 42.991627>, 0.100000
	pigment { color rgbt <1,0,0,0> }
	no_shadow
}

// particle -1
sphere {
	<29.000269, 27.811956, 42.696091> 0.100000
	pigment { color rgbt <1,0,0,0> }
	no_shadow
}
sphere {
	0, 1
	scale<0.080000,0.200000,0.300000>
	matrix <0.217355, 0.910235, -0.352460,
		0.818160, 0.027033, 0.574355,
		0.532326, -0.413208, -0.738842,
		29.159967, 27.687994, 42.474438>
	pigment { color rgbt <0,1,1,0> }
	no_shadow
}
cylinder {
	<29.487925, 28.313465, 42.913204>,  <28.787338, 27.977240, 42.991627>, 0.130000
	pigment { color rgbt <1,0,0,0> }
	no_shadow
}

// nucleotide -1

// particle -1
sphere {
	<29.487925, 28.313465, 42.913204> 0.250000
	pigment { color rgbt <1,0,0,0> }
	no_shadow
}
cylinder {
	<29.414755, 28.174318, 42.545395>,  <29.370853, 28.090830, 42.324707>, 0.100000
	pigment { color rgbt <1,0,0,0> }
	no_shadow
}
cylinder {
	<29.414755, 28.174318, 42.545395>,  <29.487925, 28.313465, 42.913204>, 0.100000
	pigment { color rgbt <1,0,0,0> }
	no_shadow
}

// particle -1
sphere {
	<29.414755, 28.174318, 42.545395> 0.100000
	pigment { color rgbt <1,0,0,0> }
	no_shadow
}
sphere {
	0, 1
	scale<0.080000,0.200000,0.300000>
	matrix <0.007752, 0.934768, -0.355173,
		0.983096, -0.072099, -0.168297,
		-0.182926, -0.347865, -0.919526,
		29.359877, 28.069960, 42.269539>
	pigment { color rgbt <0,1,1,0> }
	no_shadow
}
cylinder {
	<29.994280, 28.584351, 42.424004>,  <29.487925, 28.313465, 42.913204>, 0.130000
	pigment { color rgbt <1,0,0,0> }
	no_shadow
}

// nucleotide -1

// particle -1
sphere {
	<29.994280, 28.584351, 42.424004> 0.250000
	pigment { color rgbt <1,0,0,0> }
	no_shadow
}
cylinder {
	<29.654623, 28.517191, 42.223698>,  <29.450829, 28.476894, 42.103516>, 0.100000
	pigment { color rgbt <1,0,0,0> }
	no_shadow
}
cylinder {
	<29.654623, 28.517191, 42.223698>,  <29.994280, 28.584351, 42.424004>, 0.100000
	pigment { color rgbt <1,0,0,0> }
	no_shadow
}

// particle -1
sphere {
	<29.654623, 28.517191, 42.223698> 0.100000
	pigment { color rgbt <1,0,0,0> }
	no_shadow
}
sphere {
	0, 1
	scale<0.080000,0.200000,0.300000>
	matrix <0.024161, 0.934785, -0.354391,
		0.527611, -0.313027, -0.789709,
		-0.849142, -0.167901, -0.500766,
		29.399879, 28.466822, 42.073467>
	pigment { color rgbt <0,1,1,0> }
	no_shadow
}
cylinder {
	<30.108812, 28.792713, 41.755043>,  <29.994280, 28.584351, 42.424004>, 0.130000
	pigment { color rgbt <1,0,0,0> }
	no_shadow
}

// nucleotide -1

// particle -1
sphere {
	<30.108812, 28.792713, 41.755043> 0.250000
	pigment { color rgbt <1,0,0,0> }
	no_shadow
}
cylinder {
	<29.709295, 28.792355, 41.774700>,  <29.469585, 28.792139, 41.786495>, 0.100000
	pigment { color rgbt <1,0,0,0> }
	no_shadow
}
cylinder {
	<29.709295, 28.792355, 41.774700>,  <30.108812, 28.792713, 41.755043>, 0.100000
	pigment { color rgbt <1,0,0,0> }
	no_shadow
}

// particle -1
sphere {
	<29.709295, 28.792355, 41.774700> 0.100000
	pigment { color rgbt <1,0,0,0> }
	no_shadow
}
sphere {
	0, 1
	scale<0.080000,0.200000,0.300000>
	matrix <-0.019556, 0.924547, -0.380565,
		-0.045092, -0.381066, -0.923447,
		-0.998791, -0.000898, 0.049142,
		29.409658, 28.792086, 41.789444>
	pigment { color rgbt <0,1,1,0> }
	no_shadow
}
cylinder {
	<29.866507, 28.837318, 41.122257>,  <30.108812, 28.792713, 41.755043>, 0.130000
	pigment { color rgbt <1,0,0,0> }
	no_shadow
}

// nucleotide -1

// particle -1
sphere {
	<29.866507, 28.837318, 41.122257> 0.250000
	pigment { color rgbt <1,0,0,0> }
	no_shadow
}
cylinder {
	<29.591171, 28.996004, 41.365173>,  <29.425970, 29.091215, 41.510925>, 0.100000
	pigment { color rgbt <1,0,0,0> }
	no_shadow
}
cylinder {
	<29.591171, 28.996004, 41.365173>,  <29.866507, 28.837318, 41.122257>, 0.100000
	pigment { color rgbt <1,0,0,0> }
	no_shadow
}

// particle -1
sphere {
	<29.591171, 28.996004, 41.365173> 0.100000
	pigment { color rgbt <1,0,0,0> }
	no_shadow
}
sphere {
	0, 1
	scale<0.080000,0.200000,0.300000>
	matrix <-0.038569, 0.815999, -0.576765,
		-0.724362, -0.420433, -0.546384,
		-0.688340, 0.396713, 0.607295,
		29.384670, 29.115019, 41.547363>
	pigment { color rgbt <0,1,1,0> }
	no_shadow
}
cylinder {
	<29.332886, 28.909410, 40.665977>,  <29.866507, 28.837318, 41.122257>, 0.130000
	pigment { color rgbt <1,0,0,0> }
	no_shadow
}

// nucleotide -1

// particle -1
sphere {
	<29.332886, 28.909410, 40.665977> 0.250000
	pigment { color rgbt <1,0,0,0> }
	no_shadow
}
cylinder {
	<29.232521, 29.157871, 40.962952>,  <29.172302, 29.306948, 41.141136>, 0.100000
	pigment { color rgbt <1,0,0,0> }
	no_shadow
}
cylinder {
	<29.232521, 29.157871, 40.962952>,  <29.332886, 28.909410, 40.665977>, 0.100000
	pigment { color rgbt <1,0,0,0> }
	no_shadow
}

// particle -1
sphere {
	<29.232521, 29.157871, 40.962952> 0.100000
	pigment { color rgbt <1,0,0,0> }
	no_shadow
}
sphere {
	0, 1
	scale<0.080000,0.200000,0.300000>
	matrix <-0.079813, 0.751087, -0.655361,
		-0.964714, -0.223695, -0.138882,
		-0.250914, 0.621151, 0.742438,
		29.157248, 29.344217, 41.185684>
	pigment { color rgbt <0,1,1,0> }
	no_shadow
}
cylinder {
	<28.810463, 29.359236, 40.366516>,  <29.332886, 28.909410, 40.665977>, 0.130000
	pigment { color rgbt <1,0,0,0> }
	no_shadow
}

// nucleotide -1

// particle -1
sphere {
	<28.810463, 29.359236, 40.366516> 0.250000
	pigment { color rgbt <1,0,0,0> }
	no_shadow
}
cylinder {
	<28.911451, 29.558445, 40.698357>,  <28.972044, 29.677971, 40.897461>, 0.100000
	pigment { color rgbt <1,0,0,0> }
	no_shadow
}
cylinder {
	<28.911451, 29.558445, 40.698357>,  <28.810463, 29.359236, 40.366516>, 0.100000
	pigment { color rgbt <1,0,0,0> }
	no_shadow
}

// particle -1
sphere {
	<28.911451, 29.558445, 40.698357> 0.100000
	pigment { color rgbt <1,0,0,0> }
	no_shadow
}
sphere {
	0, 1
	scale<0.080000,0.200000,0.300000>
	matrix <-0.037994, 0.861815, -0.505798,
		-0.966858, 0.096179, 0.236505,
		0.252471, 0.498021, 0.829599,
		28.987192, 29.707851, 40.947235>
	pigment { color rgbt <0,1,1,0> }
	no_shadow
}
cylinder {
	<28.415138, 29.894762, 40.308613>,  <28.810463, 29.359236, 40.366516>, 0.130000
	pigment { color rgbt <1,0,0,0> }
	no_shadow
}

// nucleotide -1

// particle -1
sphere {
	<28.415138, 29.894762, 40.308613> 0.250000
	pigment { color rgbt <1,0,0,0> }
	no_shadow
}
cylinder {
	<28.724705, 29.988396, 40.543987>,  <28.910444, 30.044575, 40.685211>, 0.100000
	pigment { color rgbt <1,0,0,0> }
	no_shadow
}
cylinder {
	<28.724705, 29.988396, 40.543987>,  <28.415138, 29.894762, 40.308613>, 0.100000
	pigment { color rgbt <1,0,0,0> }
	no_shadow
}

// particle -1
sphere {
	<28.724705, 29.988396, 40.543987> 0.100000
	pigment { color rgbt <1,0,0,0> }
	no_shadow
}
sphere {
	0, 1
	scale<0.080000,0.200000,0.300000>
	matrix <0.053504, 0.901688, -0.429065,
