// switches for output
#declare DRAW_BASES = 1; // possible values are 0, 1; only relevant for DNA ribbons
#declare DRAW_BASES_TYPE = 3; // possible values are 1, 2, 3; only relevant for DNA ribbons
#declare DRAW_FOG = 0; // set to 1 to enable fog

#include "colors.inc"

#include "transforms.inc"
background { rgb <1, 1, 1>}

#default {
   normal{
       ripples 0.25
       frequency 0.20
       turbulence 0.2
       lambda 5
   }
	finish {
		phong 0.1
		phong_size 40.
	}
}

// original window dimensions: 1024x640


// camera settings

camera {
	sky <0, 0.179814, -0.983701>
	up <0, 0.179814, -0.983701>
	right 1.6 * <1, 0, 0>
	location <35, 94.9851, 44.8844>
	look_at <35, 29.7336, 32.9568>
	direction <0, -65.2515, -11.9276>
	angle 67.0682
}


# declare cpy_camera_pos = <35, 94.9851, 44.8844>;
# if (DRAW_FOG = 1)
fog {
	fog_type 2
	up vnormalize(cpy_camera_pos)
	color rgbt<1,1,1,0.3>
	distance 1e-5
	fog_alt 3e-3
	fog_offset 56
}
# end


// LIGHTS

# declare lum = 6;
global_settings {
	ambient_light rgb lum * <0.05, 0.05, 0.05>
	max_trace_level 15
}# declare cpy_direct_light_amount = 0.25;
light_source
{	1000 * <-1, -1.16352, -0.803886>,
	rgb lum * cpy_direct_light_amount
	parallel
}

light_source
{	1000 * <1, 1.16352, 0.803886>,
	rgb lum * cpy_direct_light_amount
	parallel
}

// strand 0

// nucleotide -1

// particle -1
sphere {
	<24.238596, 34.753242, 35.001801> 0.250000
	pigment { color rgbt <1,0,0,0> }
	no_shadow
}
cylinder {
	<24.323824, 35.104576, 34.830627>,  <24.374960, 35.315376, 34.727924>, 0.100000
	pigment { color rgbt <1,0,0,0> }
	no_shadow
}
cylinder {
	<24.323824, 35.104576, 34.830627>,  <24.238596, 34.753242, 35.001801>, 0.100000
	pigment { color rgbt <1,0,0,0> }
	no_shadow
}

// particle -1
sphere {
	<24.323824, 35.104576, 34.830627> 0.100000
	pigment { color rgbt <1,0,0,0> }
	no_shadow
}
sphere {
	0, 1
	scale<0.080000,0.200000,0.300000>
	matrix <0.538447, 0.259914, 0.801573,
		0.815277, -0.401209, -0.417558,
		0.213069, 0.878337, -0.427931,
		24.387745, 35.368076, 34.702248>
	pigment { color rgbt <0,1,1,0> }
	no_shadow
}
cylinder {
	<24.878679, 34.818710, 35.101555>,  <24.238596, 34.753242, 35.001801>, 0.130000
	pigment { color rgbt <1,0,0,0> }
	no_shadow
}

// nucleotide -1

// particle -1
sphere {
	<24.878679, 34.818710, 35.101555> 0.250000
	pigment { color rgbt <1,0,0,0> }
	no_shadow
}
cylinder {
	<24.757135, 35.196613, 35.052406>,  <24.684208, 35.423355, 35.022919>, 0.100000
	pigment { color rgbt <1,0,0,0> }
	no_shadow
}
cylinder {
	<24.757135, 35.196613, 35.052406>,  <24.878679, 34.818710, 35.101555>, 0.100000
	pigment { color rgbt <1,0,0,0> }
	no_shadow
}

// particle -1
sphere {
	<24.757135, 35.196613, 35.052406> 0.100000
	pigment { color rgbt <1,0,0,0> }
	no_shadow
}
sphere {
	0, 1
	scale<0.080000,0.200000,0.300000>
	matrix <0.537222, 0.276418, 0.796860,
		0.786804, 0.176127, -0.591539,
		-0.303861, 0.944760, -0.122867,
		24.665977, 35.480042, 35.015545>
	pigment { color rgbt <0,1,1,0> }
	no_shadow
}
cylinder {
	<25.494087, 35.259293, 35.123459>,  <24.878679, 34.818710, 35.101555>, 0.130000
	pigment { color rgbt <1,0,0,0> }
	no_shadow
}

// nucleotide -1

// particle -1
sphere {
	<25.494087, 35.259293, 35.123459> 0.250000
	pigment { color rgbt <1,0,0,0> }
	no_shadow
}
cylinder {
	<25.163710, 35.442471, 35.254974>,  <24.965483, 35.552380, 35.333885>, 0.100000
	pigment { color rgbt <1,0,0,0> }
	no_shadow
}
cylinder {
	<25.163710, 35.442471, 35.254974>,  <25.494087, 35.259293, 35.123459>, 0.100000
	pigment { color rgbt <1,0,0,0> }
	no_shadow
}

// particle -1
sphere {
	<25.163710, 35.442471, 35.254974> 0.100000
	pigment { color rgbt <1,0,0,0> }
	no_shadow
}
sphere {
	0, 1
	scale<0.080000,0.200000,0.300000>
	matrix <0.483645, 0.275925, 0.830634,
		0.289666, 0.845073, -0.449383,
		-0.825943, 0.457948, 0.328789,
		24.915926, 35.579857, 35.353611>
	pigment { color rgbt <0,1,1,0> }
	no_shadow
}
cylinder {
	<25.682032, 35.864700, 35.294823>,  <25.494087, 35.259293, 35.123459>, 0.130000
	pigment { color rgbt <1,0,0,0> }
	no_shadow
}

// nucleotide -1

// particle -1
sphere {
	<25.682032, 35.864700, 35.294823> 0.250000
	pigment { color rgbt <1,0,0,0> }
	no_shadow
}
cylinder {
	<25.337481, 35.814301, 35.491661>,  <25.130751, 35.784061, 35.609764>, 0.100000
	pigment { color rgbt <1,0,0,0> }
	no_shadow
}
cylinder {
	<25.337481, 35.814301, 35.491661>,  <25.682032, 35.864700, 35.294823>, 0.100000
	pigment { color rgbt <1,0,0,0> }
	no_shadow
}

// particle -1
sphere {
	<25.337481, 35.814301, 35.491661> 0.100000
	pigment { color rgbt <1,0,0,0> }
	no_shadow
}
sphere {
	0, 1
	scale<0.080000,0.200000,0.300000>
	matrix <0.382006, 0.477851, 0.791031,
		-0.334819, 0.869357, -0.363475,
		-0.861376, -0.126003, 0.492093,
		25.079067, 35.776501, 35.639290>
	pigment { color rgbt <0,1,1,0> }
	no_shadow
}
cylinder {
	<26.048351, 35.478851, 35.724117>,  <25.682032, 35.864700, 35.294823>, 0.130000
	pigment { color rgbt <1,0,0,0> }
	no_shadow
}

// nucleotide -1

// particle -1
sphere {
	<26.048351, 35.478851, 35.724117> 0.250000
	pigment { color rgbt <1,0,0,0> }
	no_shadow
}
cylinder {
	<26.341167, 35.274975, 35.904934>,  <26.516857, 35.152649, 36.013424>, 0.100000
	pigment { color rgbt <1,0,0,0> }
	no_shadow
}
cylinder {
	<26.341167, 35.274975, 35.904934>,  <26.048351, 35.478851, 35.724117>, 0.100000
	pigment { color rgbt <1,0,0,0> }
	no_shadow
}

// particle -1
sphere {
	<26.341167, 35.274975, 35.904934> 0.100000
	pigment { color rgbt <1,0,0,0> }
	no_shadow
}
sphere {
	0, 1
	scale<0.080000,0.200000,0.300000>
	matrix <0.677259, 0.616299, -0.401867,
		-0.073763, 0.600328, 0.796345,
		0.732038, -0.509688, 0.452038,
		26.560780, 35.122066, 36.040546>
	pigment { color rgbt <0,1,1,0> }
	no_shadow
}
cylinder {
	<26.446272, 35.996407, 35.972313>,  <26.048351, 35.478851, 35.724117>, 0.130000
	pigment { color rgbt <1,0,0,0> }
	no_shadow
}

// nucleotide -1

// particle -1
sphere {
	<26.446272, 35.996407, 35.972313> 0.250000
	pigment { color rgbt <1,0,0,0> }
	no_shadow
}
cylinder {
	<26.677368, 35.673794, 35.922153>,  <26.816027, 35.480228, 35.892059>, 0.100000
	pigment { color rgbt <1,0,0,0> }
	no_shadow
}
cylinder {
	<26.677368, 35.673794, 35.922153>,  <26.446272, 35.996407, 35.972313>, 0.100000
	pigment { color rgbt <1,0,0,0> }
	no_shadow
}

// particle -1
sphere {
	<26.677368, 35.673794, 35.922153> 0.100000
	pigment { color rgbt <1,0,0,0> }
	no_shadow
}
sphere {
	0, 1
	scale<0.080000,0.200000,0.300000>
	matrix <0.733184, 0.580320, -0.354501,
		0.358684, 0.112872, 0.926610,
		0.577743, -0.806529, -0.125396,
		26.850691, 35.431835, 35.884533>
	pigment { color rgbt <0,1,1,0> }
	no_shadow
}
cylinder {
	<27.112217, 35.989506, 36.392326>,  <26.446272, 35.996407, 35.972313>, 0.130000
	pigment { color rgbt <1,0,0,0> }
	no_shadow
}

// nucleotide -1

// particle -1
sphere {
	<27.112217, 35.989506, 36.392326> 0.250000
	pigment { color rgbt <1,0,0,0> }
	no_shadow
}
cylinder {
	<27.167147, 35.796780, 36.046150>,  <27.200106, 35.681145, 35.838444>, 0.100000
	pigment { color rgbt <1,0,0,0> }
	no_shadow
}
cylinder {
	<27.167147, 35.796780, 36.046150>,  <27.112217, 35.989506, 36.392326>, 0.100000
	pigment { color rgbt <1,0,0,0> }
	no_shadow
}

// particle -1
sphere {
	<27.167147, 35.796780, 36.046150> 0.100000
	pigment { color rgbt <1,0,0,0> }
	no_shadow
}
sphere {
	0, 1
	scale<0.080000,0.200000,0.300000>
	matrix <0.772079, 0.599407, -0.211197,
		0.620512, -0.639189, 0.454316,
		0.137326, -0.481818, -0.865444,
		27.208344, 35.652233, 35.786518>
	pigment { color rgbt <0,1,1,0> }
	no_shadow
}
cylinder {
	<26.889860, 35.996368, 37.139580>,  <27.112217, 35.989506, 36.392326>, 0.130000
	pigment { color rgbt <1,0,0,0> }
	no_shadow
}

// nucleotide -1

// particle -1
sphere {
	<26.889860, 35.996368, 37.139580> 0.250000
	pigment { color rgbt <1,0,0,0> }
	no_shadow
}
cylinder {
	<27.192139, 36.161663, 36.936344>,  <27.373507, 36.260841, 36.814404>, 0.100000
	pigment { color rgbt <1,0,0,0> }
	no_shadow
}
cylinder {
	<27.192139, 36.161663, 36.936344>,  <26.889860, 35.996368, 37.139580>, 0.100000
	pigment { color rgbt <1,0,0,0> }
	no_shadow
}

// particle -1
sphere {
	<27.192139, 36.161663, 36.936344> 0.100000
	pigment { color rgbt <1,0,0,0> }
	no_shadow
}
sphere {
	0, 1
	scale<0.080000,0.200000,0.300000>
	matrix <-0.047502, 0.808344, 0.586790,
		0.653195, -0.419301, 0.630494,
		0.755698, 0.413238, -0.508090,
		27.418848, 36.285633, 36.783916>
	pigment { color rgbt <0,1,1,0> }
	no_shadow
}
cylinder {
	<27.397436, 36.245155, 37.687458>,  <26.889860, 35.996368, 37.139580>, 0.130000
	pigment { color rgbt <1,0,0,0> }
	no_shadow
}

// nucleotide -1

// particle -1
sphere {
	<27.397436, 36.245155, 37.687458> 0.250000
	pigment { color rgbt <1,0,0,0> }
	no_shadow
}
cylinder {
	<27.420277, 36.461685, 37.351910>,  <27.433981, 36.591602, 37.150581>, 0.100000
	pigment { color rgbt <1,0,0,0> }
	no_shadow
}
cylinder {
	<27.420277, 36.461685, 37.351910>,  <27.397436, 36.245155, 37.687458>, 0.100000
	pigment { color rgbt <1,0,0,0> }
	no_shadow
}

// particle -1
sphere {
	<27.420277, 36.461685, 37.351910> 0.100000
	pigment { color rgbt <1,0,0,0> }
	no_shadow
}
sphere {
	0, 1
	scale<0.080000,0.200000,0.300000>
	matrix <0.042065, 0.838193, 0.543749,
		0.997482, -0.066337, 0.025093,
		0.057103, 0.541324, -0.838873,
		27.437408, 36.624081, 37.100246>
	pigment { color rgbt <0,1,1,0> }
	no_shadow
}
cylinder {
	<27.819889, 36.729549, 37.899807>,  <27.397436, 36.245155, 37.687458>, 0.130000
	pigment { color rgbt <1,0,0,0> }
	no_shadow
}

// nucleotide -1

// particle -1
sphere {
	<27.819889, 36.729549, 37.899807> 0.250000
	pigment { color rgbt <1,0,0,0> }
	no_shadow
}
cylinder {
	<27.668806, 36.897869, 37.569893>,  <27.578157, 36.998859, 37.371944>, 0.100000
	pigment { color rgbt <1,0,0,0> }
	no_shadow
}
cylinder {
	<27.668806, 36.897869, 37.569893>,  <27.819889, 36.729549, 37.899807>, 0.100000
	pigment { color rgbt <1,0,0,0> }
	no_shadow
}

// particle -1
sphere {
	<27.668806, 36.897869, 37.569893> 0.100000
	pigment { color rgbt <1,0,0,0> }
	no_shadow
}
sphere {
	0, 1
	scale<0.080000,0.200000,0.300000>
	matrix <0.083175, 0.902585, 0.422400,
		0.922183, 0.090941, -0.375911,
		-0.377705, 0.420796, -0.824784,
		27.555494, 37.024109, 37.322456>
	pigment { color rgbt <0,1,1,0> }
	no_shadow
}
cylinder {
	<28.114273, 37.414272, 37.887527>,  <27.819889, 36.729549, 37.899807>, 0.130000
	pigment { color rgbt <1,0,0,0> }
	no_shadow
}

// nucleotide -1

// particle -1
sphere {
	<28.114273, 37.414272, 37.887527> 0.250000
	pigment { color rgbt <1,0,0,0> }
	no_shadow
}
cylinder {
	<27.790066, 37.458473, 37.657452>,  <27.595541, 37.484993, 37.519405>, 0.100000
	pigment { color rgbt <1,0,0,0> }
	no_shadow
}
cylinder {
	<27.790066, 37.458473, 37.657452>,  <28.114273, 37.414272, 37.887527>, 0.100000
	pigment { color rgbt <1,0,0,0> }
	no_shadow
}

// particle -1
sphere {
	<27.790066, 37.458473, 37.657452> 0.100000
	pigment { color rgbt <1,0,0,0> }
	no_shadow
}
sphere {
	0, 1
	scale<0.080000,0.200000,0.300000>
	matrix <-0.067535, 0.957860, 0.279182,
		0.581805, 0.265128, -0.768902,
		-0.810520, 0.110501, -0.575193,
		27.546909, 37.491623, 37.484894>
	pigment { color rgbt <0,1,1,0> }
	no_shadow
}
cylinder {
	<28.194977, 38.166798, 37.459274>,  <28.114273, 37.414272, 37.887527>, 0.130000
	pigment { color rgbt <1,0,0,0> }
	no_shadow
}

// nucleotide -1

// particle -1
sphere {
	<28.194977, 38.166798, 37.459274> 0.250000
	pigment { color rgbt <1,0,0,0> }
	no_shadow
}
cylinder {
	<27.815268, 38.041107, 37.454418>,  <27.587442, 37.965694, 37.451504>, 0.100000
	pigment { color rgbt <1,0,0,0> }
	no_shadow
}
cylinder {
	<27.815268, 38.041107, 37.454418>,  <28.194977, 38.166798, 37.459274>, 0.100000
	pigment { color rgbt <1,0,0,0> }
	no_shadow
}

// particle -1
sphere {
	<27.815268, 38.041107, 37.454418> 0.100000
	pigment { color rgbt <1,0,0,0> }
	no_shadow
}
sphere {
	0, 1
	scale<0.080000,0.200000,0.300000>
	matrix <-0.309408, 0.926437, 0.214433,
		-0.056130, 0.207312, -0.976663,
		-0.949271, -0.314224, -0.012143,
		27.530487, 37.946838, 37.450775>
	pigment { color rgbt <0,1,1,0> }
	no_shadow
}
cylinder {
	<27.958281, 38.580700, 36.953575>,  <28.194977, 38.166798, 37.459274>, 0.130000
	pigment { color rgbt <1,0,0,0> }
	no_shadow
}

// nucleotide -1

// particle -1
sphere {
	<27.958281, 38.580700, 36.953575> 0.250000
	pigment { color rgbt <1,0,0,0> }
	no_shadow
}
cylinder {
	<27.659542, 38.456360, 37.188725>,  <27.480299, 38.381756, 37.329815>, 0.100000
	pigment { color rgbt <1,0,0,0> }
	no_shadow
}
cylinder {
	<27.659542, 38.456360, 37.188725>,  <27.958281, 38.580700, 36.953575>, 0.100000
	pigment { color rgbt <1,0,0,0> }
	no_shadow
}

// particle -1
sphere {
	<27.659542, 38.456360, 37.188725> 0.100000
	pigment { color rgbt <1,0,0,0> }
	no_shadow
}
sphere {
	0, 1
	scale<0.080000,0.200000,0.300000>
	matrix <-0.360796, 0.932008, 0.034448,
		-0.558609, -0.186374, -0.808221,
		-0.746849, -0.310846, 0.587871,
		27.435488, 38.363106, 37.365086>
	pigment { color rgbt <0,1,1,0> }
	no_shadow
}
cylinder {
	<27.423441, 39.068115, 36.863827>,  <27.958281, 38.580700, 36.953575>, 0.130000
	pigment { color rgbt <1,0,0,0> }
	no_shadow
}

// nucleotide -1

// particle -1
sphere {
	<27.423441, 39.068115, 36.863827> 0.250000
	pigment { color rgbt <1,0,0,0> }
	no_shadow
}
cylinder {
	<27.312716, 38.896637, 37.207825>,  <27.246281, 38.793751, 37.414223>, 0.100000
	pigment { color rgbt <1,0,0,0> }
	no_shadow
}
cylinder {
	<27.312716, 38.896637, 37.207825>,  <27.423441, 39.068115, 36.863827>, 0.100000
	pigment { color rgbt <1,0,0,0> }
	no_shadow
}

// particle -1
sphere {
	<27.312716, 38.896637, 37.207825> 0.100000
	pigment { color rgbt <1,0,0,0> }
	no_shadow
}
sphere {
	0, 1
	scale<0.080000,0.200000,0.300000>
	matrix <-0.476961, 0.838237, 0.264322,
		-0.834196, -0.337019, -0.436504,
		-0.276813, -0.428691, 0.859999,
		27.229671, 38.768028, 37.465824>
	pigment { color rgbt <0,1,1,0> }
	no_shadow
}
cylinder {
	<26.743729, 39.179962, 36.907490>,  <27.423441, 39.068115, 36.863827>, 0.130000
	pigment { color rgbt <1,0,0,0> }
	no_shadow
}

// nucleotide -1

// particle -1
sphere {
	<26.743729, 39.179962, 36.907490> 0.250000
	pigment { color rgbt <1,0,0,0> }
	no_shadow
}
cylinder {
	<26.853283, 39.089111, 37.281315>,  <26.919016, 39.034603, 37.505608>, 0.100000
	pigment { color rgbt <1,0,0,0> }
	no_shadow
}
cylinder {
	<26.853283, 39.089111, 37.281315>,  <26.743729, 39.179962, 36.907490>, 0.100000
	pigment { color rgbt <1,0,0,0> }
	no_shadow
}

// particle -1
sphere {
	<26.853283, 39.089111, 37.281315> 0.100000
	pigment { color rgbt <1,0,0,0> }
	no_shadow
}
sphere {
	0, 1
	scale<0.080000,0.200000,0.300000>
	matrix <-0.518360, 0.783641, 0.342359,
		-0.810116, -0.578206, 0.096899,
		0.273888, -0.227122, 0.934559,
		26.935450, 39.020973, 37.561684>
	pigment { color rgbt <0,1,1,0> }
	no_shadow
}
cylinder {
	<26.152828, 39.263260, 37.227268>,  <26.743729, 39.179962, 36.907490>, 0.130000
	pigment { color rgbt <1,0,0,0> }
	no_shadow
}

// nucleotide -1

// particle -1
sphere {
	<26.152828, 39.263260, 37.227268> 0.250000
	pigment { color rgbt <1,0,0,0> }
	no_shadow
}
cylinder {
	<26.436764, 39.293655, 37.507370>,  <26.607126, 39.311893, 37.675430>, 0.100000
	pigment { color rgbt <1,0,0,0> }
	no_shadow
}
cylinder {
	<26.436764, 39.293655, 37.507370>,  <26.152828, 39.263260, 37.227268>, 0.100000
	pigment { color rgbt <1,0,0,0> }
	no_shadow
}

// particle -1
sphere {
	<26.436764, 39.293655, 37.507370> 0.100000
	pigment { color rgbt <1,0,0,0> }
	no_shadow
}
sphere {
	0, 1
	scale<0.080000,0.200000,0.300000>
	matrix <-0.427784, 0.836321, 0.342881,
		-0.559579, -0.542947, 0.626163,
		0.709840, 0.075993, 0.700252,
		26.649715, 39.316452, 37.717445>
	pigment { color rgbt <0,1,1,0> }
	no_shadow
}
cylinder {
	<25.762627, 39.417480, 37.680161>,  <26.152828, 39.263260, 37.227268>, 0.130000
	pigment { color rgbt <1,0,0,0> }
	no_shadow
}

// nucleotide -1

// particle -1
sphere {
	<25.762627, 39.417480, 37.680161> 0.250000
	pigment { color rgbt <1,0,0,0> }
	no_shadow
}
cylinder {
	<26.126726, 39.541599, 37.789818>,  <26.345186, 39.616074, 37.855614>, 0.100000
	pigment { color rgbt <1,0,0,0> }
	no_shadow
}
cylinder {
	<26.126726, 39.541599, 37.789818>,  <25.762627, 39.417480, 37.680161>, 0.100000
	pigment { color rgbt <1,0,0,0> }
	no_shadow
}

// particle -1
sphere {
	<26.126726, 39.541599, 37.789818> 0.100000
	pigment { color rgbt <1,0,0,0> }
	no_shadow
}
sphere {
	0, 1
	scale<0.080000,0.200000,0.300000>
	matrix <-0.400485, 0.827931, 0.392610,
		-0.105148, -0.467165, 0.877896,
		0.910251, 0.310302, 0.274148,
		26.399801, 39.634689, 37.872063>
	pigment { color rgbt <0,1,1,0> }
	no_shadow
}
cylinder {
	<25.610857, 39.956078, 38.145515>,  <25.762627, 39.417480, 37.680161>, 0.130000
	pigment { color rgbt <1,0,0,0> }
	no_shadow
}

// nucleotide -1

// particle -1
sphere {
	<25.610857, 39.956078, 38.145515> 0.250000
	pigment { color rgbt <1,0,0,0> }
	no_shadow
}
cylinder {
	<26.006920, 39.989590, 38.100674>,  <26.244558, 40.009697, 38.073769>, 0.100000
	pigment { color rgbt <1,0,0,0> }
	no_shadow
}
cylinder {
	<26.006920, 39.989590, 38.100674>,  <25.610857, 39.956078, 38.145515>, 0.100000
	pigment { color rgbt <1,0,0,0> }
	no_shadow
}

// particle -1
sphere {
	<26.006920, 39.989590, 38.100674> 0.100000
	pigment { color rgbt <1,0,0,0> }
	no_shadow
}
sphere {
	0, 1
	scale<0.080000,0.200000,0.300000>
	matrix <-0.052939, 0.965718, 0.254139,
		0.129550, -0.245704, 0.960649,
		0.990159, 0.083779, -0.112102,
		26.303968, 40.014725, 38.067043>
	pigment { color rgbt <0,1,1,0> }
	no_shadow
}
cylinder {
	<25.934898, 40.408710, 38.757221>,  <25.610857, 39.956078, 38.145515>, 0.130000
	pigment { color rgbt <1,0,0,0> }
	no_shadow
}

// nucleotide -1

// particle -1
sphere {
	<25.934898, 40.408710, 38.757221> 0.250000
	pigment { color rgbt <1,0,0,0> }
	no_shadow
}
cylinder {
	<26.189861, 40.431122, 38.449825>,  <26.342838, 40.444569, 38.265388>, 0.100000
	pigment { color rgbt <1,0,0,0> }
	no_shadow
}
cylinder {
	<26.189861, 40.431122, 38.449825>,  <25.934898, 40.408710, 38.757221>, 0.100000
	pigment { color rgbt <1,0,0,0> }
	no_shadow
}

// particle -1
sphere {
	<26.189861, 40.431122, 38.449825> 0.100000
	pigment { color rgbt <1,0,0,0> }
	no_shadow
}
sphere {
	0, 1
	scale<0.080000,0.200000,0.300000>
	matrix <0.077059, 0.987717, 0.135929,
		0.766663, -0.145861, 0.625261,
		0.637408, 0.056030, -0.768486,
		26.381084, 40.447929, 38.219280>
	pigment { color rgbt <0,1,1,0> }
	no_shadow
}
cylinder {
	<26.542713, 40.822388, 39.087105>,  <25.934898, 40.408710, 38.757221>, 0.130000
	pigment { color rgbt <1,0,0,0> }
	no_shadow
}

// nucleotide -1

// particle -1
sphere {
	<26.542713, 40.822388, 39.087105> 0.250000
	pigment { color rgbt <1,0,0,0> }
	no_shadow
}
cylinder {
	<26.511614, 40.839447, 38.688683>,  <26.492954, 40.849682, 38.449627>, 0.100000
	pigment { color rgbt <1,0,0,0> }
	no_shadow
}
cylinder {
	<26.511614, 40.839447, 38.688683>,  <26.542713, 40.822388, 39.087105>, 0.100000
	pigment { color rgbt <1,0,0,0> }
	no_shadow
}

// particle -1
sphere {
	<26.511614, 40.839447, 38.688683> 0.100000
	pigment { color rgbt <1,0,0,0> }
	no_shadow
}
sphere {
	0, 1
	scale<0.080000,0.200000,0.300000>
	matrix <0.136801, 0.990091, 0.031715,
		0.987543, -0.133796, -0.082813,
		-0.077749, 0.042649, -0.996060,
		26.488289, 40.852242, 38.389866>
	pigment { color rgbt <0,1,1,0> }
	no_shadow
}
cylinder {
	<27.146416, 41.260700, 38.905598>,  <26.542713, 40.822388, 39.087105>, 0.130000
	pigment { color rgbt <1,0,0,0> }
	no_shadow
}

// nucleotide -1

// particle -1
sphere {
	<27.146416, 41.260700, 38.905598> 0.250000
	pigment { color rgbt <1,0,0,0> }
	no_shadow
}
cylinder {
	<26.877979, 41.279114, 38.609619>,  <26.716917, 41.290161, 38.432034>, 0.100000
	pigment { color rgbt <1,0,0,0> }
	no_shadow
}
cylinder {
	<26.877979, 41.279114, 38.609619>,  <27.146416, 41.260700, 38.905598>, 0.100000
	pigment { color rgbt <1,0,0,0> }
	no_shadow
}

// particle -1
sphere {
	<26.877979, 41.279114, 38.609619> 0.100000
	pigment { color rgbt <1,0,0,0> }
	no_shadow
}
sphere {
	0, 1
	scale<0.080000,0.200000,0.300000>
	matrix <0.000487, 0.998098, 0.061650,
		0.741373, 0.041012, -0.669839,
		-0.671093, 0.046032, -0.739942,
		26.676651, 41.292923, 38.387638>
	pigment { color rgbt <0,1,1,0> }
	no_shadow
}
cylinder {
	<27.274836, 41.860836, 38.540600>,  <27.146416, 41.260700, 38.905598>, 0.130000
	pigment { color rgbt <1,0,0,0> }
	no_shadow
}

// nucleotide -1

// particle -1
sphere {
	<27.274836, 41.860836, 38.540600> 0.250000
	pigment { color rgbt <1,0,0,0> }
	no_shadow
}
cylinder {
	<26.929920, 41.819851, 38.342220>,  <26.722971, 41.795261, 38.223194>, 0.100000
	pigment { color rgbt <1,0,0,0> }
	no_shadow
}
cylinder {
	<26.929920, 41.819851, 38.342220>,  <27.274836, 41.860836, 38.540600>, 0.100000
	pigment { color rgbt <1,0,0,0> }
	no_shadow
}

// particle -1
sphere {
	<26.929920, 41.819851, 38.342220> 0.100000
	pigment { color rgbt <1,0,0,0> }
	no_shadow
}
sphere {
	0, 1
	scale<0.080000,0.200000,0.300000>
	matrix <0.054614, 0.954791, -0.292218,
		0.503465, -0.279061, -0.817709,
		-0.862288, -0.102463, -0.495945,
		26.671234, 41.789112, 38.193436>
	pigment { color rgbt <0,1,1,0> }
	no_shadow
}
cylinder {
	<27.261307, 42.164734, 37.844372>,  <27.274836, 41.860836, 38.540600>, 0.130000
	pigment { color rgbt <1,0,0,0> }
	no_shadow
}

// nucleotide -1

// particle -1
sphere {
	<27.261307, 42.164734, 37.844372> 0.250000
	pigment { color rgbt <1,0,0,0> }
	no_shadow
}
cylinder {
	<26.873539, 42.145985, 37.940727>,  <26.640879, 42.134735, 37.998539>, 0.100000
	pigment { color rgbt <1,0,0,0> }
	no_shadow
}
cylinder {
	<26.873539, 42.145985, 37.940727>,  <27.261307, 42.164734, 37.844372>, 0.100000
	pigment { color rgbt <1,0,0,0> }
	no_shadow
}

// particle -1
sphere {
	<26.873539, 42.145985, 37.940727> 0.100000
	pigment { color rgbt <1,0,0,0> }
	no_shadow
}
sphere {
	0, 1
	scale<0.080000,0.200000,0.300000>
	matrix <-0.145998, 0.899140, -0.412591,
		-0.197252, -0.435144, -0.878488,
		-0.969421, -0.046873, 0.240887,
		26.582712, 42.131924, 38.012993>
	pigment { color rgbt <0,1,1,0> }
	no_shadow
}
cylinder {
	<26.913961, 42.384960, 37.222748>,  <27.261307, 42.164734, 37.844372>, 0.130000
	pigment { color rgbt <1,0,0,0> }
	no_shadow
}

// nucleotide -1

// particle -1
sphere {
	<26.913961, 42.384960, 37.222748> 0.250000
	pigment { color rgbt <1,0,0,0> }
	no_shadow
}
cylinder {
	<26.668884, 42.441738, 37.533733>,  <26.521837, 42.475807, 37.720325>, 0.100000
	pigment { color rgbt <1,0,0,0> }
	no_shadow
}
cylinder {
	<26.668884, 42.441738, 37.533733>,  <26.913961, 42.384960, 37.222748>, 0.100000
	pigment { color rgbt <1,0,0,0> }
	no_shadow
}

// particle -1
sphere {
	<26.668884, 42.441738, 37.533733> 0.100000
	pigment { color rgbt <1,0,0,0> }
	no_shadow
}
sphere {
	0, 1
	scale<0.080000,0.200000,0.300000>
	matrix <-0.243460, 0.901999, -0.356545,
		-0.751886, -0.407736, -0.518092,
		-0.612694, 0.141947, 0.777468,
		26.485075, 42.484322, 37.766975>
	pigment { color rgbt <0,1,1,0> }
	no_shadow
}
cylinder {
	<26.400986, 42.789410, 36.859627>,  <26.913961, 42.384960, 37.222748>, 0.130000
	pigment { color rgbt <1,0,0,0> }
	no_shadow
}

// nucleotide -1

// particle -1
sphere {
	<26.400986, 42.789410, 36.859627> 0.250000
	pigment { color rgbt <1,0,0,0> }
	no_shadow
}
cylinder {
	<26.328714, 42.828480, 37.251099>,  <26.285353, 42.851921, 37.485981>, 0.100000
	pigment { color rgbt <1,0,0,0> }
	no_shadow
}
cylinder {
	<26.328714, 42.828480, 37.251099>,  <26.400986, 42.789410, 36.859627>, 0.100000
	pigment { color rgbt <1,0,0,0> }
	no_shadow
}

// particle -1
sphere {
	<26.328714, 42.828480, 37.251099> 0.100000
	pigment { color rgbt <1,0,0,0> }
	no_shadow
}
sphere {
	0, 1
	scale<0.080000,0.200000,0.300000>
	matrix <-0.393274, 0.904873, -0.162912,
		-0.901494, -0.414324, -0.125077,
		-0.180677, 0.097674, 0.978681,
		26.274511, 42.857780, 37.544704>
	pigment { color rgbt <0,1,1,0> }
	no_shadow
}
cylinder {
	<25.691631, 42.973064, 36.976849>,  <26.400986, 42.789410, 36.859627>, 0.130000
	pigment { color rgbt <1,0,0,0> }
	no_shadow
}

// nucleotide -1

// particle -1
sphere {
	<25.691631, 42.973064, 36.976849> 0.250000
	pigment { color rgbt <1,0,0,0> }
	no_shadow
}
cylinder {
	<25.898609, 43.135544, 37.278114>,  <26.022797, 43.233032, 37.458874>, 0.100000
	pigment { color rgbt <1,0,0,0> }
	no_shadow
}
cylinder {
	<25.898609, 43.135544, 37.278114>,  <25.691631, 42.973064, 36.976849>, 0.100000
	pigment { color rgbt <1,0,0,0> }
	no_shadow
}

// particle -1
sphere {
	<25.898609, 43.135544, 37.278114> 0.100000
	pigment { color rgbt <1,0,0,0> }
	no_shadow
}
sphere {
	0, 1
	scale<0.080000,0.200000,0.300000>
	matrix <-0.312880, 0.909021, -0.275294,
		-0.796464, -0.093200, 0.597460,
		0.517447, 0.406195, 0.753163,
		26.053843, 43.257401, 37.504063>
	pigment { color rgbt <0,1,1,0> }
	no_shadow
}
cylinder {
	<25.324465, 43.342293, 37.499832>,  <25.691631, 42.973064, 36.976849>, 0.130000
	pigment { color rgbt <1,0,0,0> }
	no_shadow
}

// nucleotide -1

// particle -1
sphere {
	<25.324465, 43.342293, 37.499832> 0.250000
	pigment { color rgbt <1,0,0,0> }
	no_shadow
}
cylinder {
	<25.689968, 43.491119, 37.434582>,  <25.909269, 43.580414, 37.395432>, 0.100000
	pigment { color rgbt <1,0,0,0> }
	no_shadow
}
cylinder {
	<25.689968, 43.491119, 37.434582>,  <25.324465, 43.342293, 37.499832>, 0.100000
	pigment { color rgbt <1,0,0,0> }
	no_shadow
}

// particle -1
sphere {
	<25.689968, 43.491119, 37.434582> 0.100000
	pigment { color rgbt <1,0,0,0> }
	no_shadow
}
sphere {
	0, 1
	scale<0.080000,0.200000,0.300000>
	matrix <-0.403621, 0.877096, -0.260371,
		0.046205, 0.303758, 0.951628,
		0.913759, 0.372067, -0.163129,
		25.964096, 43.602741, 37.385643>
	pigment { color rgbt <0,1,1,0> }
	no_shadow
}
cylinder {
	<25.423294, 43.792309, 37.999893>,  <25.324465, 43.342293, 37.499832>, 0.130000
	pigment { color rgbt <1,0,0,0> }
	no_shadow
}

// nucleotide -1

// particle -1
sphere {
	<25.423294, 43.792309, 37.999893> 0.250000
	pigment { color rgbt <1,0,0,0> }
	no_shadow
}
cylinder {
	<25.606535, 43.865265, 37.651901>,  <25.716480, 43.909039, 37.443104>, 0.100000
	pigment { color rgbt <1,0,0,0> }
	no_shadow
}
cylinder {
	<25.606535, 43.865265, 37.651901>,  <25.423294, 43.792309, 37.999893>, 0.100000
	pigment { color rgbt <1,0,0,0> }
	no_shadow
}

// particle -1
sphere {
	<25.606535, 43.865265, 37.651901> 0.100000
	pigment { color rgbt <1,0,0,0> }
	no_shadow
}
sphere {
	0, 1
	scale<0.080000,0.200000,0.300000>
	matrix <-0.500722, 0.861618, -0.083023,
		0.734451, 0.473653, 0.486039,
		0.458104, 0.182394, -0.869985,
		25.743967, 43.919983, 37.390907>
	pigment { color rgbt <0,1,1,0> }
	no_shadow
}
cylinder {
	<25.714701, 44.510391, 38.102936>,  <25.423294, 43.792309, 37.999893>, 0.130000
	pigment { color rgbt <1,0,0,0> }
	no_shadow
}

// nucleotide -1

// particle -1
sphere {
	<25.714701, 44.510391, 38.102936> 0.250000
	pigment { color rgbt <1,0,0,0> }
	no_shadow
}
cylinder {
	<25.641680, 44.399418, 37.725639>,  <25.597866, 44.332832, 37.499260>, 0.100000
	pigment { color rgbt <1,0,0,0> }
	no_shadow
}
cylinder {
	<25.641680, 44.399418, 37.725639>,  <25.714701, 44.510391, 38.102936>, 0.100000
	pigment { color rgbt <1,0,0,0> }
	no_shadow
}

// particle -1
sphere {
	<25.641680, 44.399418, 37.725639> 0.100000
	pigment { color rgbt <1,0,0,0> }
	no_shadow
}
sphere {
	0, 1
	scale<0.080000,0.200000,0.300000>
	matrix <-0.421478, 0.888823, -0.179858,
		0.888275, 0.364724, -0.279183,
		-0.182546, -0.277433, -0.943243,
		25.586914, 44.316185, 37.442669>
	pigment { color rgbt <0,1,1,0> }
	no_shadow
}
cylinder {
	<25.570679, 45.137531, 38.464439>,  <25.714701, 44.510391, 38.102936>, 0.130000
	pigment { color rgbt <1,0,0,0> }
	no_shadow
}

// nucleotide -1

// particle -1
sphere {
	<25.570679, 45.137531, 38.464439> 0.250000
	pigment { color rgbt <1,0,0,0> }
	no_shadow
}
cylinder {
	<25.683273, 45.472092, 38.276314>,  <25.750830, 45.672829, 38.163437>, 0.100000
	pigment { color rgbt <1,0,0,0> }
	no_shadow
}
cylinder {
	<25.683273, 45.472092, 38.276314>,  <25.570679, 45.137531, 38.464439>, 0.100000
	pigment { color rgbt <1,0,0,0> }
	no_shadow
}

// particle -1
sphere {
	<25.683273, 45.472092, 38.276314> 0.100000
	pigment { color rgbt <1,0,0,0> }
	no_shadow
}
sphere {
	0, 1
	scale<0.080000,0.200000,0.300000>
	matrix <0.903361, -0.065707, 0.423818,
		0.323579, -0.544163, -0.774069,
		0.281488, 0.836402, -0.470314,
		25.767719, 45.723011, 38.135220>
	pigment { color rgbt <0,1,1,0> }
	no_shadow
}
cylinder {
	<26.242201, 45.056541, 38.130100>,  <25.570679, 45.137531, 38.464439>, 0.130000
	pigment { color rgbt <1,0,0,0> }
	no_shadow
}

// nucleotide -1

// particle -1
sphere {
	<26.242201, 45.056541, 38.130100> 0.250000
	pigment { color rgbt <1,0,0,0> }
	no_shadow
}
cylinder {
	<26.147106, 45.422134, 38.261627>,  <26.090050, 45.641491, 38.340542>, 0.100000
	pigment { color rgbt <1,0,0,0> }
	no_shadow
}
cylinder {
	<26.147106, 45.422134, 38.261627>,  <26.242201, 45.056541, 38.130100>, 0.100000
	pigment { color rgbt <1,0,0,0> }
	no_shadow
}

// particle -1
sphere {
	<26.147106, 45.422134, 38.261627> 0.100000
	pigment { color rgbt <1,0,0,0> }
	no_shadow
}
sphere {
	0, 1
	scale<0.080000,0.200000,0.300000>
	matrix <0.903374, 0.083657, 0.420616,
		0.356927, 0.397040, -0.845554,
		-0.237738, 0.913981, 0.328816,
		26.075785, 45.696327, 38.360271>
	pigment { color rgbt <0,1,1,0> }
	no_shadow
}
cylinder {
	<26.770912, 45.616924, 37.747543>,  <26.242201, 45.056541, 38.130100>, 0.130000
	pigment { color rgbt <1,0,0,0> }
	no_shadow
}

// nucleotide -1

// particle -1
sphere {
	<26.770912, 45.616924, 37.747543> 0.250000
	pigment { color rgbt <1,0,0,0> }
	no_shadow
}
cylinder {
	<26.605103, 45.634727, 38.111122>,  <26.505617, 45.645409, 38.329269>, 0.100000
	pigment { color rgbt <1,0,0,0> }
	no_shadow
}
cylinder {
	<26.605103, 45.634727, 38.111122>,  <26.770912, 45.616924, 37.747543>, 0.100000
	pigment { color rgbt <1,0,0,0> }
	no_shadow
}

// particle -1
sphere {
	<26.605103, 45.634727, 38.111122> 0.100000
	pigment { color rgbt <1,0,0,0> }
	no_shadow
}
sphere {
	0, 1
	scale<0.080000,0.200000,0.300000>
	matrix <0.875083, -0.254664, 0.411552,
		0.249796, 0.966005, 0.066614,
		-0.414526, 0.044511, 0.908948,
		26.480745, 45.648083, 38.383808>
	pigment { color rgbt <0,1,1,0> }
	no_shadow
}
cylinder {
	<27.161610, 46.033260, 38.122402>,  <26.770912, 45.616924, 37.747543>, 0.130000
	pigment { color rgbt <1,0,0,0> }
	no_shadow
}

// nucleotide -1

// particle -1
sphere {
	<27.161610, 46.033260, 38.122402> 0.250000
	pigment { color rgbt <1,0,0,0> }
	no_shadow
}
cylinder {
	<26.969532, 45.806194, 38.389889>,  <26.854286, 45.669956, 38.550381>, 0.100000
	pigment { color rgbt <1,0,0,0> }
	no_shadow
}
cylinder {
	<26.969532, 45.806194, 38.389889>,  <27.161610, 46.033260, 38.122402>, 0.100000
	pigment { color rgbt <1,0,0,0> }
	no_shadow
}

// particle -1
sphere {
	<26.969532, 45.806194, 38.389889> 0.100000
	pigment { color rgbt <1,0,0,0> }
	no_shadow
}
sphere {
	0, 1
	scale<0.080000,0.200000,0.300000>
	matrix <0.867133, -0.192249, 0.459478,
		-0.132269, 0.800500, 0.584555,
		-0.480192, -0.567662, 0.668712,
		26.825474, 45.635895, 38.590504>
	pigment { color rgbt <0,1,1,0> }
	no_shadow
}
cylinder {
	<27.306696, 46.201679, 38.852432>,  <27.161610, 46.033260, 38.122402>, 0.130000
	pigment { color rgbt <1,0,0,0> }
	no_shadow
}

// nucleotide -1

// particle -1
sphere {
	<27.306696, 46.201679, 38.852432> 0.250000
	pigment { color rgbt <1,0,0,0> }
	no_shadow
}
cylinder {
	<27.228249, 45.821819, 38.754700>,  <27.181181, 45.593903, 38.696060>, 0.100000
	pigment { color rgbt <1,0,0,0> }
	no_shadow
}
cylinder {
	<27.228249, 45.821819, 38.754700>,  <27.306696, 46.201679, 38.852432>, 0.100000
	pigment { color rgbt <1,0,0,0> }
	no_shadow
}

// particle -1
sphere {
	<27.228249, 45.821819, 38.754700> 0.100000
	pigment { color rgbt <1,0,0,0> }
	no_shadow
}
sphere {
	0, 1
	scale<0.080000,0.200000,0.300000>
	matrix <0.954740, -0.241751, 0.173285,
		-0.223627, -0.199285, 0.954084,
		-0.196118, -0.949654, -0.244328,
		27.169413, 45.536922, 38.681400>
	pigment { color rgbt <0,1,1,0> }
	no_shadow
}
cylinder {
	<27.710255, 45.668385, 39.295120>,  <27.306696, 46.201679, 38.852432>, 0.130000
	pigment { color rgbt <1,0,0,0> }
	no_shadow
}

// nucleotide -1

// particle -1
sphere {
	<27.710255, 45.668385, 39.295120> 0.250000
	pigment { color rgbt <1,0,0,0> }
	no_shadow
}
cylinder {
	<27.639454, 45.518131, 38.931236>,  <27.596973, 45.427979, 38.712906>, 0.100000
	pigment { color rgbt <1,0,0,0> }
	no_shadow
}
cylinder {
	<27.639454, 45.518131, 38.931236>,  <27.710255, 45.668385, 39.295120>, 0.100000
	pigment { color rgbt <1,0,0,0> }
	no_shadow
}

// particle -1
sphere {
	<27.639454, 45.518131, 38.931236> 0.100000
	pigment { color rgbt <1,0,0,0> }
	no_shadow
}
sphere {
	0, 1
	scale<0.080000,0.200000,0.300000>
	matrix <0.944478, -0.324801, -0.049652,
		-0.276823, -0.867988, 0.412269,
		-0.177003, -0.375634, -0.909708,
		27.586353, 45.405441, 38.658325>
	pigment { color rgbt <0,1,1,0> }
	no_shadow
}
cylinder {
	<28.435762, 45.861660, 39.586956>,  <27.710255, 45.668385, 39.295120>, 0.130000
	pigment { color rgbt <1,0,0,0> }
	no_shadow
}

// nucleotide -1

// particle -1
sphere {
	<28.435762, 45.861660, 39.586956> 0.250000
	pigment { color rgbt <1,0,0,0> }
	no_shadow
}
cylinder {
	<28.782356, 45.865540, 39.786598>,  <28.990313, 45.867867, 39.906384>, 0.100000
	pigment { color rgbt <1,0,0,0> }
	no_shadow
}
cylinder {
	<28.782356, 45.865540, 39.786598>,  <28.435762, 45.861660, 39.586956>, 0.100000
	pigment { color rgbt <1,0,0,0> }
	no_shadow
}

// particle -1
sphere {
	<28.782356, 45.865540, 39.786598> 0.100000
	pigment { color rgbt <1,0,0,0> }
	no_shadow
}
sphere {
	0, 1
	scale<0.080000,0.200000,0.300000>
	matrix <0.268887, -0.851447, -0.450264,
		0.420596, 0.524351, -0.740374,
		0.866486, 0.009698, 0.499107,
		29.042301, 45.868450, 39.936329>
	pigment { color rgbt <0,1,1,0> }
	no_shadow
}
cylinder {
	<29.081875, 45.960281, 39.169373>,  <28.435762, 45.861660, 39.586956>, 0.130000
	pigment { color rgbt <1,0,0,0> }
	no_shadow
}

// nucleotide -1

// particle -1
sphere {
	<29.081875, 45.960281, 39.169373> 0.250000
	pigment { color rgbt <1,0,0,0> }
	no_shadow
}
cylinder {
	<29.127899, 45.738979, 39.499382>,  <29.155514, 45.606197, 39.697388>, 0.100000
	pigment { color rgbt <1,0,0,0> }
	no_shadow
}
cylinder {
	<29.127899, 45.738979, 39.499382>,  <29.081875, 45.960281, 39.169373>, 0.100000
	pigment { color rgbt <1,0,0,0> }
	no_shadow
}

// particle -1
sphere {
	<29.127899, 45.738979, 39.499382> 0.100000
	pigment { color rgbt <1,0,0,0> }
	no_shadow
}
sphere {
	0, 1
	scale<0.080000,0.200000,0.300000>
	matrix <0.202242, -0.800099, -0.564747,
		0.972553, 0.231835, 0.019832,
		0.115060, -0.553257, 0.825026,
		29.162416, 45.573002, 39.746891>
	pigment { color rgbt <0,1,1,0> }
	no_shadow
}
cylinder {
	<29.571592, 45.512932, 38.977139>,  <29.081875, 45.960281, 39.169373>, 0.130000
	pigment { color rgbt <1,0,0,0> }
	no_shadow
}

// nucleotide -1

// particle -1
sphere {
	<29.571592, 45.512932, 38.977139> 0.250000
	pigment { color rgbt <1,0,0,0> }
	no_shadow
}
cylinder {
	<29.420065, 45.329739, 39.298820>,  <29.329149, 45.219822, 39.491829>, 0.100000
	pigment { color rgbt <1,0,0,0> }
	no_shadow
}
cylinder {
	<29.420065, 45.329739, 39.298820>,  <29.571592, 45.512932, 38.977139>, 0.100000
	pigment { color rgbt <1,0,0,0> }
	no_shadow
}

// particle -1
sphere {
	<29.420065, 45.329739, 39.298820> 0.100000
	pigment { color rgbt <1,0,0,0> }
	no_shadow
}
sphere {
	0, 1
	scale<0.080000,0.200000,0.300000>
	matrix <0.090652, -0.883156, -0.460236,
		0.921021, -0.101442, 0.376071,
		-0.378816, -0.457979, 0.804210,
		29.306419, 45.192345, 39.540085>
	pigment { color rgbt <0,1,1,0> }
	no_shadow
}
cylinder {
	<30.076923, 45.025303, 39.186588>,  <29.571592, 45.512932, 38.977139>, 0.130000
	pigment { color rgbt <1,0,0,0> }
	no_shadow
}

// nucleotide -1

// particle -1
sphere {
	<30.076923, 45.025303, 39.186588> 0.250000
	pigment { color rgbt <1,0,0,0> }
	no_shadow
}
cylinder {
	<29.722500, 44.910236, 39.331997>,  <29.509846, 44.841198, 39.419243>, 0.100000
	pigment { color rgbt <1,0,0,0> }
	no_shadow
}
cylinder {
	<29.722500, 44.910236, 39.331997>,  <30.076923, 45.025303, 39.186588>, 0.100000
	pigment { color rgbt <1,0,0,0> }
	no_shadow
}

// particle -1
sphere {
	<29.722500, 44.910236, 39.331997> 0.100000
	pigment { color rgbt <1,0,0,0> }
	no_shadow
}
sphere {
	0, 1
	scale<0.080000,0.200000,0.300000>
	matrix <0.118277, -0.898508, -0.422723,
		0.448232, -0.331560, 0.830154,
		-0.886058, -0.287666, 0.363524,
		29.456682, 44.823936, 39.441055>
	pigment { color rgbt <0,1,1,0> }
	no_shadow
}
cylinder {
	<30.198919, 44.396244, 39.504856>,  <30.076923, 45.025303, 39.186588>, 0.130000
	pigment { color rgbt <1,0,0,0> }
	no_shadow
}

// nucleotide -1

// particle -1
sphere {
	<30.198919, 44.396244, 39.504856> 0.250000
	pigment { color rgbt <1,0,0,0> }
	no_shadow
}
cylinder {
	<29.806679, 44.398209, 39.426476>,  <29.571335, 44.399387, 39.379448>, 0.100000
	pigment { color rgbt <1,0,0,0> }
	no_shadow
}
cylinder {
	<29.806679, 44.398209, 39.426476>,  <30.198919, 44.396244, 39.504856>, 0.100000
	pigment { color rgbt <1,0,0,0> }
	no_shadow
}

// particle -1
sphere {
	<29.806679, 44.398209, 39.426476> 0.100000
	pigment { color rgbt <1,0,0,0> }
	no_shadow
}
sphere {
	0, 1
	scale<0.080000,0.200000,0.300000>
	matrix <0.101817, -0.841480, -0.530608,
		-0.167488, -0.540266, 0.824657,
		-0.980602, 0.004907, -0.195946,
		29.512499, 44.399681, 39.367691>
	pigment { color rgbt <0,1,1,0> }
	no_shadow
}
cylinder {
	<29.987236, 43.711254, 39.488178>,  <30.198919, 44.396244, 39.504856>, 0.130000
	pigment { color rgbt <1,0,0,0> }
	no_shadow
}

// nucleotide -1

// particle -1
sphere {
	<29.987236, 43.711254, 39.488178> 0.250000
	pigment { color rgbt <1,0,0,0> }
	no_shadow
}
cylinder {
	<29.675493, 43.880241, 39.303085>,  <29.488447, 43.981636, 39.192028>, 0.100000
	pigment { color rgbt <1,0,0,0> }
	no_shadow
}
cylinder {
	<29.675493, 43.880241, 39.303085>,  <29.987236, 43.711254, 39.488178>, 0.100000
	pigment { color rgbt <1,0,0,0> }
	no_shadow
}

// particle -1
sphere {
	<29.675493, 43.880241, 39.303085> 0.100000
	pigment { color rgbt <1,0,0,0> }
	no_shadow
}
sphere {
	0, 1
	scale<0.080000,0.200000,0.300000>
	matrix <-0.250606, -0.887035, -0.387770,
		-0.574281, -0.186248, 0.797191,
		-0.779357, 0.422470, -0.462732,
		29.441687, 44.006981, 39.164265>
	pigment { color rgbt <0,1,1,0> }
	no_shadow
}
cylinder {
	<29.401613, 43.214096, 39.519863>,  <29.987236, 43.711254, 39.488178>, 0.130000
	pigment { color rgbt <1,0,0,0> }
	no_shadow
}

// nucleotide -1

// particle -1
sphere {
	<29.401613, 43.214096, 39.519863> 0.250000
	pigment { color rgbt <1,0,0,0> }
	no_shadow
}
cylinder {
	<29.308041, 43.465691, 39.223309>,  <29.251898, 43.616646, 39.045376>, 0.100000
	pigment { color rgbt <1,0,0,0> }
	no_shadow
}
cylinder {
	<29.308041, 43.465691, 39.223309>,  <29.401613, 43.214096, 39.519863>, 0.100000
	pigment { color rgbt <1,0,0,0> }
	no_shadow
}

// particle -1
sphere {
	<29.308041, 43.465691, 39.223309> 0.100000
	pigment { color rgbt <1,0,0,0> }
	no_shadow
}
sphere {
	0, 1
	scale<0.080000,0.200000,0.300000>
	matrix <-0.281433, -0.773709, -0.567600,
		-0.930630, 0.075872, 0.358011,
		-0.233931, 0.628982, -0.741389,
		29.237862, 43.654385, 39.000893>
	pigment { color rgbt <0,1,1,0> }
	no_shadow
}
cylinder {
	<28.699499, 43.049271, 39.351955>,  <29.401613, 43.214096, 39.519863>, 0.130000
	pigment { color rgbt <1,0,0,0> }
	no_shadow
}

// nucleotide -1

// particle -1
sphere {
	<28.699499, 43.049271, 39.351955> 0.250000
	pigment { color rgbt <1,0,0,0> }
	no_shadow
}
cylinder {
	<28.857628, 43.257172, 39.049015>,  <28.952505, 43.381912, 38.867249>, 0.100000
	pigment { color rgbt <1,0,0,0> }
	no_shadow
}
cylinder {
	<28.857628, 43.257172, 39.049015>,  <28.699499, 43.049271, 39.351955>, 0.100000
	pigment { color rgbt <1,0,0,0> }
	no_shadow
}

// particle -1
sphere {
	<28.857628, 43.257172, 39.049015> 0.100000
	pigment { color rgbt <1,0,0,0> }
	no_shadow
}
sphere {
	0, 1
	scale<0.080000,0.200000,0.300000>
	matrix <-0.204847, -0.753865, -0.624279,
