// switches for output
#declare DRAW_BASES = 1; // possible values are 0, 1; only relevant for DNA ribbons
#declare DRAW_BASES_TYPE = 3; // possible values are 1, 2, 3; only relevant for DNA ribbons
#declare DRAW_FOG = 0; // set to 1 to enable fog

#include "colors.inc"

#include "transforms.inc"
background { rgb <1, 1, 1>}

#default {
   normal{
       ripples 0.25
       frequency 0.20
       turbulence 0.2
       lambda 5
   }
	finish {
		phong 0.1
		phong_size 40.
	}
}

// original window dimensions: 1024x640


// camera settings

camera {
	sky <0, 0.179814, -0.983701>
	up <0, 0.179814, -0.983701>
	right 1.6 * <1, 0, 0>
	location <35, 94.9851, 44.8844>
	look_at <35, 29.7336, 32.9568>
	direction <0, -65.2515, -11.9276>
	angle 67.0682
}


# declare cpy_camera_pos = <35, 94.9851, 44.8844>;
# if (DRAW_FOG = 1)
fog {
	fog_type 2
	up vnormalize(cpy_camera_pos)
	color rgbt<1,1,1,0.3>
	distance 1e-5
	fog_alt 3e-3
	fog_offset 56
}
# end


// LIGHTS

# declare lum = 6;
global_settings {
	ambient_light rgb lum * <0.05, 0.05, 0.05>
	max_trace_level 15
}# declare cpy_direct_light_amount = 0.25;
light_source
{	1000 * <-1, -1.16352, -0.803886>,
	rgb lum * cpy_direct_light_amount
	parallel
}

light_source
{	1000 * <1, 1.16352, 0.803886>,
	rgb lum * cpy_direct_light_amount
	parallel
}

// strand 0

// nucleotide -1

// particle -1
sphere {
	<24.315037, 35.087063, 34.875870> 0.250000
	pigment { color rgbt <1,0,0,0> }
	no_shadow
}
cylinder {
	<24.125534, 35.074600, 35.227913>,  <24.011831, 35.067123, 35.439137>, 0.100000
	pigment { color rgbt <1,0,0,0> }
	no_shadow
}
cylinder {
	<24.125534, 35.074600, 35.227913>,  <24.315037, 35.087063, 34.875870>, 0.100000
	pigment { color rgbt <1,0,0,0> }
	no_shadow
}

// particle -1
sphere {
	<24.125534, 35.074600, 35.227913> 0.100000
	pigment { color rgbt <1,0,0,0> }
	no_shadow
}
sphere {
	0, 1
	scale<0.080000,0.200000,0.300000>
	matrix <0.815091, 0.362873, 0.451608,
		-0.333438, 0.931317, -0.146517,
		-0.473758, -0.031159, 0.880104,
		23.983406, 35.065254, 35.491943>
	pigment { color rgbt <0,1,1,0> }
	no_shadow
}
cylinder {
	<24.426914, 35.726006, 35.116096>,  <24.315037, 35.087063, 34.875870>, 0.130000
	pigment { color rgbt <1,0,0,0> }
	no_shadow
}

// nucleotide -1

// particle -1
sphere {
	<24.426914, 35.726006, 35.116096> 0.250000
	pigment { color rgbt <1,0,0,0> }
	no_shadow
}
cylinder {
	<24.362103, 35.481548, 35.425999>,  <24.323215, 35.334873, 35.611938>, 0.100000
	pigment { color rgbt <1,0,0,0> }
	no_shadow
}
cylinder {
	<24.362103, 35.481548, 35.425999>,  <24.426914, 35.726006, 35.116096>, 0.100000
	pigment { color rgbt <1,0,0,0> }
	no_shadow
}

// particle -1
sphere {
	<24.362103, 35.481548, 35.425999> 0.100000
	pigment { color rgbt <1,0,0,0> }
	no_shadow
}
sphere {
	0, 1
	scale<0.080000,0.200000,0.300000>
	matrix <0.861340, 0.295509, 0.413241,
		-0.481497, 0.734287, 0.478522,
		-0.162030, -0.611145, 0.774757,
		24.313494, 35.298206, 35.658424>
	pigment { color rgbt <0,1,1,0> }
	no_shadow
}
cylinder {
	<24.485420, 35.973812, 35.868462>,  <24.426914, 35.726006, 35.116096>, 0.130000
	pigment { color rgbt <1,0,0,0> }
	no_shadow
}

// nucleotide -1

// particle -1
sphere {
	<24.485420, 35.973812, 35.868462> 0.250000
	pigment { color rgbt <1,0,0,0> }
	no_shadow
}
cylinder {
	<24.606468, 35.595177, 35.823921>,  <24.679096, 35.367996, 35.797195>, 0.100000
	pigment { color rgbt <1,0,0,0> }
	no_shadow
}
cylinder {
	<24.606468, 35.595177, 35.823921>,  <24.485420, 35.973812, 35.868462>, 0.100000
	pigment { color rgbt <1,0,0,0> }
	no_shadow
}

// particle -1
sphere {
	<24.606468, 35.595177, 35.823921> 0.100000
	pigment { color rgbt <1,0,0,0> }
	no_shadow
}
sphere {
	0, 1
	scale<0.080000,0.200000,0.300000>
	matrix <0.918456, 0.258402, 0.299443,
		-0.254674, -0.192891, 0.947594,
		0.302620, -0.946584, -0.111354,
		24.697254, 35.311203, 35.790516>
	pigment { color rgbt <0,1,1,0> }
	no_shadow
}
cylinder {
	<24.655020, 35.636719, 36.560184>,  <24.485420, 35.973812, 35.868462>, 0.130000
	pigment { color rgbt <1,0,0,0> }
	no_shadow
}

// nucleotide -1

// particle -1
sphere {
	<24.655020, 35.636719, 36.560184> 0.250000
	pigment { color rgbt <1,0,0,0> }
	no_shadow
}
cylinder {
	<24.862461, 35.489571, 36.251453>,  <24.986927, 35.401283, 36.066216>, 0.100000
	pigment { color rgbt <1,0,0,0> }
	no_shadow
}
cylinder {
	<24.862461, 35.489571, 36.251453>,  <24.655020, 35.636719, 36.560184>, 0.100000
	pigment { color rgbt <1,0,0,0> }
	no_shadow
}

// particle -1
sphere {
	<24.862461, 35.489571, 36.251453> 0.100000
	pigment { color rgbt <1,0,0,0> }
	no_shadow
}
sphere {
	0, 1
	scale<0.080000,0.200000,0.300000>
	matrix <0.827685, 0.442406, 0.345276,
		0.214447, -0.817895, 0.533911,
		0.518605, -0.367866, -0.771831,
		25.018044, 35.379211, 36.019905>
	pigment { color rgbt <0,1,1,0> }
	no_shadow
}
cylinder {
	<24.930668, 35.006813, 36.852280>,  <24.655020, 35.636719, 36.560184>, 0.130000
	pigment { color rgbt <1,0,0,0> }
	no_shadow
}

// nucleotide -1

// particle -1
sphere {
	<24.930668, 35.006813, 36.852280> 0.250000
	pigment { color rgbt <1,0,0,0> }
	no_shadow
}
cylinder {
	<25.095072, 35.292355, 37.079079>,  <25.193714, 35.463680, 37.215157>, 0.100000
	pigment { color rgbt <1,0,0,0> }
	no_shadow
}
cylinder {
	<25.095072, 35.292355, 37.079079>,  <24.930668, 35.006813, 36.852280>, 0.100000
	pigment { color rgbt <1,0,0,0> }
	no_shadow
}

// particle -1
sphere {
	<25.095072, 35.292355, 37.079079> 0.100000
	pigment { color rgbt <1,0,0,0> }
	no_shadow
}
sphere {
	0, 1
	scale<0.080000,0.200000,0.300000>
	matrix <0.772555, -0.602930, 0.199084,
		0.483974, 0.356208, -0.799303,
		0.411008, 0.713857, 0.566993,
		25.218374, 35.506512, 37.249176>
	pigment { color rgbt <0,1,1,0> }
	no_shadow
}
cylinder {
	<25.542810, 35.387882, 36.617943>,  <24.930668, 35.006813, 36.852280>, 0.130000
	pigment { color rgbt <1,0,0,0> }
	no_shadow
}

// nucleotide -1

// particle -1
sphere {
	<25.542810, 35.387882, 36.617943> 0.250000
	pigment { color rgbt <1,0,0,0> }
	no_shadow
}
cylinder {
	<25.527384, 35.328369, 37.013191>,  <25.518127, 35.292664, 37.250340>, 0.100000
	pigment { color rgbt <1,0,0,0> }
	no_shadow
}
cylinder {
	<25.527384, 35.328369, 37.013191>,  <25.542810, 35.387882, 36.617943>, 0.100000
	pigment { color rgbt <1,0,0,0> }
	no_shadow
}

// particle -1
sphere {
	<25.527384, 35.328369, 37.013191> 0.100000
	pigment { color rgbt <1,0,0,0> }
	no_shadow
}
sphere {
	0, 1
	scale<0.080000,0.200000,0.300000>
	matrix <0.837289, -0.544533, -0.049312,
		0.545399, 0.825438, 0.145573,
		-0.038565, -0.148781, 0.988118,
		25.515814, 35.283733, 37.309628>
	pigment { color rgbt <0,1,1,0> }
	no_shadow
}
cylinder {
	<26.266342, 35.541851, 36.961018>,  <25.542810, 35.387882, 36.617943>, 0.130000
	pigment { color rgbt <1,0,0,0> }
	no_shadow
}

// nucleotide -1

// particle -1
sphere {
	<26.266342, 35.541851, 36.961018> 0.250000
	pigment { color rgbt <1,0,0,0> }
	no_shadow
}
cylinder {
	<26.040852, 35.290874, 37.175877>,  <25.905558, 35.140289, 37.304794>, 0.100000
	pigment { color rgbt <1,0,0,0> }
	no_shadow
}
cylinder {
	<26.040852, 35.290874, 37.175877>,  <26.266342, 35.541851, 36.961018>, 0.100000
	pigment { color rgbt <1,0,0,0> }
	no_shadow
}

// particle -1
sphere {
	<26.040852, 35.290874, 37.175877> 0.100000
	pigment { color rgbt <1,0,0,0> }
	no_shadow
}
sphere {
	0, 1
	scale<0.080000,0.200000,0.300000>
	matrix <0.802688, -0.569457, 0.177230,
		0.194685, 0.531075, 0.824656,
		-0.563728, -0.627437, 0.537152,
		25.871733, 35.102642, 37.337021>
	pigment { color rgbt <0,1,1,0> }
	no_shadow
}
cylinder {
	<27.024488, 35.811066, 36.967918>,  <26.266342, 35.541851, 36.961018>, 0.130000
	pigment { color rgbt <1,0,0,0> }
	no_shadow
}

// nucleotide -1

// particle -1
sphere {
	<27.024488, 35.811066, 36.967918> 0.250000
	pigment { color rgbt <1,0,0,0> }
	no_shadow
}
cylinder {
	<27.419704, 35.770657, 36.921318>,  <27.656834, 35.746410, 36.893356>, 0.100000
	pigment { color rgbt <1,0,0,0> }
	no_shadow
}
cylinder {
	<27.419704, 35.770657, 36.921318>,  <27.024488, 35.811066, 36.967918>, 0.100000
	pigment { color rgbt <1,0,0,0> }
	no_shadow
}

// particle -1
sphere {
	<27.419704, 35.770657, 36.921318> 0.100000
	pigment { color rgbt <1,0,0,0> }
	no_shadow
}
sphere {
	0, 1
	scale<0.080000,0.200000,0.300000>
	matrix <-0.020891, 0.660852, -0.750225,
		0.152780, 0.743686, 0.650837,
		0.988039, -0.101023, -0.116501,
		27.716116, 35.740349, 36.886368>
	pigment { color rgbt <0,1,1,0> }
	no_shadow
}
cylinder {
	<27.278807, 36.433632, 37.021843>,  <27.024488, 35.811066, 36.967918>, 0.130000
	pigment { color rgbt <1,0,0,0> }
	no_shadow
}

// nucleotide -1

// particle -1
sphere {
	<27.278807, 36.433632, 37.021843> 0.250000
	pigment { color rgbt <1,0,0,0> }
	no_shadow
}
cylinder {
	<27.547766, 36.211060, 36.826591>,  <27.709141, 36.077515, 36.709442>, 0.100000
	pigment { color rgbt <1,0,0,0> }
	no_shadow
}
cylinder {
	<27.547766, 36.211060, 36.826591>,  <27.278807, 36.433632, 37.021843>, 0.100000
	pigment { color rgbt <1,0,0,0> }
	no_shadow
}

// particle -1
sphere {
	<27.547766, 36.211060, 36.826591> 0.100000
	pigment { color rgbt <1,0,0,0> }
	no_shadow
}
sphere {
	0, 1
	scale<0.080000,0.200000,0.300000>
	matrix <-0.070973, 0.607956, -0.790793,
		0.736779, 0.566371, 0.369297,
		0.672398, -0.556429, -0.488126,
		27.749485, 36.044132, 36.680153>
	pigment { color rgbt <0,1,1,0> }
	no_shadow
}
cylinder {
	<27.582102, 36.900574, 36.760098>,  <27.278807, 36.433632, 37.021843>, 0.130000
	pigment { color rgbt <1,0,0,0> }
	no_shadow
}

// nucleotide -1

// particle -1
sphere {
	<27.582102, 36.900574, 36.760098> 0.250000
	pigment { color rgbt <1,0,0,0> }
	no_shadow
}
cylinder {
	<27.735653, 36.588764, 36.562115>,  <27.827784, 36.401680, 36.443325>, 0.100000
	pigment { color rgbt <1,0,0,0> }
	no_shadow
}
cylinder {
	<27.735653, 36.588764, 36.562115>,  <27.582102, 36.900574, 36.760098>, 0.100000
	pigment { color rgbt <1,0,0,0> }
	no_shadow
}

// particle -1
sphere {
	<27.735653, 36.588764, 36.562115> 0.100000
	pigment { color rgbt <1,0,0,0> }
	no_shadow
}
sphere {
	0, 1
	scale<0.080000,0.200000,0.300000>
	matrix <0.126828, 0.575456, -0.807939,
		0.914633, 0.247375, 0.319769,
		0.383877, -0.779523, -0.494957,
		27.850817, 36.354908, 36.413628>
	pigment { color rgbt <0,1,1,0> }
	no_shadow
}
cylinder {
	<28.274122, 36.985550, 36.503841>,  <27.582102, 36.900574, 36.760098>, 0.130000
	pigment { color rgbt <1,0,0,0> }
	no_shadow
}

// nucleotide -1

// particle -1
sphere {
	<28.274122, 36.985550, 36.503841> 0.250000
	pigment { color rgbt <1,0,0,0> }
	no_shadow
}
cylinder {
	<28.127865, 36.703030, 36.261372>,  <28.040112, 36.533520, 36.115891>, 0.100000
	pigment { color rgbt <1,0,0,0> }
	no_shadow
}
cylinder {
	<28.127865, 36.703030, 36.261372>,  <28.274122, 36.985550, 36.503841>, 0.100000
	pigment { color rgbt <1,0,0,0> }
	no_shadow
}

// particle -1
sphere {
	<28.127865, 36.703030, 36.261372> 0.100000
	pigment { color rgbt <1,0,0,0> }
	no_shadow
}
sphere {
	0, 1
	scale<0.080000,0.200000,0.300000>
	matrix <0.377675, 0.482660, -0.790190,
		0.850686, -0.517865, 0.090270,
		-0.365642, -0.706297, -0.606177,
		28.018173, 36.491142, 36.079517>
	pigment { color rgbt <0,1,1,0> }
	no_shadow
}
cylinder {
	<28.887356, 36.742271, 36.013111>,  <28.274122, 36.985550, 36.503841>, 0.130000
	pigment { color rgbt <1,0,0,0> }
	no_shadow
}

// nucleotide -1

// particle -1
sphere {
	<28.887356, 36.742271, 36.013111> 0.250000
	pigment { color rgbt <1,0,0,0> }
	no_shadow
}
cylinder {
	<28.519564, 36.682888, 35.867500>,  <28.298889, 36.647259, 35.780132>, 0.100000
	pigment { color rgbt <1,0,0,0> }
	no_shadow
}
cylinder {
	<28.519564, 36.682888, 35.867500>,  <28.887356, 36.742271, 36.013111>, 0.100000
	pigment { color rgbt <1,0,0,0> }
	no_shadow
}

// particle -1
sphere {
	<28.519564, 36.682888, 35.867500> 0.100000
	pigment { color rgbt <1,0,0,0> }
	no_shadow
}
sphere {
	0, 1
	scale<0.080000,0.200000,0.300000>
	matrix <0.264276, 0.452125, -0.851905,
		0.291059, -0.879513, -0.376486,
		-0.919480, -0.148458, -0.364029,
		28.243719, 36.638351, 35.758293>
	pigment { color rgbt <0,1,1,0> }
	no_shadow
}
cylinder {
	<29.055035, 36.509197, 35.388165>,  <28.887356, 36.742271, 36.013111>, 0.130000
	pigment { color rgbt <1,0,0,0> }
	no_shadow
}

// nucleotide -1

// particle -1
sphere {
	<29.055035, 36.509197, 35.388165> 0.250000
	pigment { color rgbt <1,0,0,0> }
	no_shadow
}
cylinder {
	<28.664106, 36.581623, 35.344231>,  <28.429550, 36.625076, 35.317871>, 0.100000
	pigment { color rgbt <1,0,0,0> }
	no_shadow
}
cylinder {
	<28.664106, 36.581623, 35.344231>,  <29.055035, 36.509197, 35.388165>, 0.100000
	pigment { color rgbt <1,0,0,0> }
	no_shadow
}

// particle -1
sphere {
	<28.664106, 36.581623, 35.344231> 0.100000
	pigment { color rgbt <1,0,0,0> }
	no_shadow
}
sphere {
	0, 1
	scale<0.080000,0.200000,0.300000>
	matrix <0.173005, 0.383515, -0.907185,
		-0.122132, -0.905612, -0.406141,
		-0.977319, 0.181061, -0.109836,
		28.370911, 36.635941, 35.311279>
	pigment { color rgbt <0,1,1,0> }
	no_shadow
}
cylinder {
	<28.779816, 36.262836, 34.588478>,  <29.055035, 36.509197, 35.388165>, 0.130000
	pigment { color rgbt <1,0,0,0> }
	no_shadow
}

// nucleotide -1

// particle -1
sphere {
	<28.779816, 36.262836, 34.588478> 0.250000
	pigment { color rgbt <1,0,0,0> }
	no_shadow
}
cylinder {
	<28.546255, 36.543339, 34.752090>,  <28.406118, 36.711639, 34.850258>, 0.100000
	pigment { color rgbt <1,0,0,0> }
	no_shadow
}
cylinder {
	<28.546255, 36.543339, 34.752090>,  <28.779816, 36.262836, 34.588478>, 0.100000
	pigment { color rgbt <1,0,0,0> }
	no_shadow
}

// particle -1
sphere {
	<28.546255, 36.543339, 34.752090> 0.100000
	pigment { color rgbt <1,0,0,0> }
	no_shadow
}
sphere {
	0, 1
	scale<0.080000,0.200000,0.300000>
	matrix <0.140209, 0.583376, -0.800008,
		-0.799627, -0.409775, -0.438955,
		-0.583899, 0.701254, 0.409029,
		28.371086, 36.753716, 34.874798>
	pigment { color rgbt <0,1,1,0> }
	no_shadow
}
cylinder {
	<28.261705, 36.444775, 34.062397>,  <28.779816, 36.262836, 34.588478>, 0.130000
	pigment { color rgbt <1,0,0,0> }
	no_shadow
}

// nucleotide -1

// particle -1
sphere {
	<28.261705, 36.444775, 34.062397> 0.250000
	pigment { color rgbt <1,0,0,0> }
	no_shadow
}
cylinder {
	<28.316370, 36.742508, 34.323868>,  <28.349169, 36.921146, 34.480751>, 0.100000
	pigment { color rgbt <1,0,0,0> }
	no_shadow
}
cylinder {
	<28.316370, 36.742508, 34.323868>,  <28.261705, 36.444775, 34.062397>, 0.100000
	pigment { color rgbt <1,0,0,0> }
	no_shadow
}

// particle -1
sphere {
	<28.316370, 36.742508, 34.323868> 0.100000
	pigment { color rgbt <1,0,0,0> }
	no_shadow
}
sphere {
	0, 1
	scale<0.080000,0.200000,0.300000>
	matrix <0.092968, 0.647317, -0.756530,
		-0.986246, 0.164159, 0.019265,
		0.136662, 0.744334, 0.653675,
		28.357368, 36.965809, 34.519970>
	pigment { color rgbt <0,1,1,0> }
	no_shadow
}
cylinder {
	<27.925873, 36.990509, 33.773876>,  <28.261705, 36.444775, 34.062397>, 0.130000
	pigment { color rgbt <1,0,0,0> }
	no_shadow
}

// nucleotide -1

// particle -1
sphere {
	<27.925873, 36.990509, 33.773876> 0.250000
	pigment { color rgbt <1,0,0,0> }
	no_shadow
}
cylinder {
	<28.122723, 37.218559, 34.037018>,  <28.240833, 37.355389, 34.194904>, 0.100000
	pigment { color rgbt <1,0,0,0> }
	no_shadow
}
cylinder {
	<28.122723, 37.218559, 34.037018>,  <27.925873, 36.990509, 33.773876>, 0.100000
	pigment { color rgbt <1,0,0,0> }
	no_shadow
}

// particle -1
sphere {
	<28.122723, 37.218559, 34.037018> 0.100000
	pigment { color rgbt <1,0,0,0> }
	no_shadow
}
sphere {
	0, 1
	scale<0.080000,0.200000,0.300000>
	matrix <-0.038925, 0.769355, -0.637635,
		-0.869654, 0.288189, 0.400810,
		0.492124, 0.570123, 0.657855,
		28.270359, 37.389595, 34.234375>
	pigment { color rgbt <0,1,1,0> }
	no_shadow
}
cylinder {
	<27.608341, 37.573513, 33.754864>,  <27.925873, 36.990509, 33.773876>, 0.130000
	pigment { color rgbt <1,0,0,0> }
	no_shadow
}

// nucleotide -1

// particle -1
sphere {
	<27.608341, 37.573513, 33.754864> 0.250000
	pigment { color rgbt <1,0,0,0> }
	no_shadow
}
cylinder {
	<27.963692, 37.669701, 33.911304>,  <28.176903, 37.727413, 34.005169>, 0.100000
	pigment { color rgbt <1,0,0,0> }
	no_shadow
}
cylinder {
	<27.963692, 37.669701, 33.911304>,  <27.608341, 37.573513, 33.754864>, 0.100000
	pigment { color rgbt <1,0,0,0> }
	no_shadow
}

// particle -1
sphere {
	<27.963692, 37.669701, 33.911304> 0.100000
	pigment { color rgbt <1,0,0,0> }
	no_shadow
}
sphere {
	0, 1
	scale<0.080000,0.200000,0.300000>
	matrix <0.106132, 0.721232, -0.684514,
		-0.446680, 0.649615, 0.615205,
		0.888376, 0.240467, 0.391105,
		28.230206, 37.741840, 34.028637>
	pigment { color rgbt <0,1,1,0> }
	no_shadow
}
cylinder {
	<27.668484, 38.331928, 33.740074>,  <27.608341, 37.573513, 33.754864>, 0.130000
	pigment { color rgbt <1,0,0,0> }
	no_shadow
}

// nucleotide -1

// particle -1
sphere {
	<27.668484, 38.331928, 33.740074> 0.250000
	pigment { color rgbt <1,0,0,0> }
	no_shadow
}
cylinder {
	<28.046097, 38.211658, 33.794327>,  <28.272665, 38.139496, 33.826878>, 0.100000
	pigment { color rgbt <1,0,0,0> }
	no_shadow
}
cylinder {
	<28.046097, 38.211658, 33.794327>,  <27.668484, 38.331928, 33.740074>, 0.100000
	pigment { color rgbt <1,0,0,0> }
	no_shadow
}

// particle -1
sphere {
	<28.046097, 38.211658, 33.794327> 0.100000
	pigment { color rgbt <1,0,0,0> }
	no_shadow
}
sphere {
	0, 1
	scale<0.080000,0.200000,0.300000>
	matrix <0.324324, 0.771141, -0.547865,
		0.060141, 0.561190, 0.825499,
		0.944032, -0.300678, 0.135630,
		28.329306, 38.121456, 33.835014>
	pigment { color rgbt <0,1,1,0> }
	no_shadow
}
cylinder {
	<28.125992, 38.969650, 33.822300>,  <27.668484, 38.331928, 33.740074>, 0.130000
	pigment { color rgbt <1,0,0,0> }
	no_shadow
}

// nucleotide -1

// particle -1
sphere {
	<28.125992, 38.969650, 33.822300> 0.250000
	pigment { color rgbt <1,0,0,0> }
	no_shadow
}
cylinder {
	<28.352709, 38.665173, 33.696236>,  <28.488739, 38.482487, 33.620598>, 0.100000
	pigment { color rgbt <1,0,0,0> }
	no_shadow
}
cylinder {
	<28.352709, 38.665173, 33.696236>,  <28.125992, 38.969650, 33.822300>, 0.100000
	pigment { color rgbt <1,0,0,0> }
	no_shadow
}

// particle -1
sphere {
	<28.352709, 38.665173, 33.696236> 0.100000
	pigment { color rgbt <1,0,0,0> }
	no_shadow
}
sphere {
	0, 1
	scale<0.080000,0.200000,0.300000>
	matrix <0.482792, 0.616856, -0.621611,
		0.667574, 0.200170, 0.717131,
		0.566794, -0.761197, -0.315156,
		28.522747, 38.436813, 33.601688>
	pigment { color rgbt <0,1,1,0> }
	no_shadow
}
cylinder {
	<28.849684, 39.182362, 33.773937>,  <28.125992, 38.969650, 33.822300>, 0.130000
	pigment { color rgbt <1,0,0,0> }
	no_shadow
}

// nucleotide -1

// particle -1
sphere {
	<28.849684, 39.182362, 33.773937> 0.250000
	pigment { color rgbt <1,0,0,0> }
	no_shadow
}
cylinder {
	<28.843367, 38.850407, 33.550854>,  <28.839577, 38.651234, 33.417004>, 0.100000
	pigment { color rgbt <1,0,0,0> }
	no_shadow
}
cylinder {
	<28.843367, 38.850407, 33.550854>,  <28.849684, 39.182362, 33.773937>, 0.100000
	pigment { color rgbt <1,0,0,0> }
	no_shadow
}

// particle -1
sphere {
	<28.843367, 38.850407, 33.550854> 0.100000
	pigment { color rgbt <1,0,0,0> }
	no_shadow
}
sphere {
	0, 1
	scale<0.080000,0.200000,0.300000>
	matrix <0.550351, 0.458467, -0.697798,
		0.834784, -0.317953, 0.449490,
		-0.015791, -0.829888, -0.557707,
		28.838629, 38.601440, 33.383541>
	pigment { color rgbt <0,1,1,0> }
	no_shadow
}
cylinder {
	<29.352087, 39.308792, 33.238941>,  <28.849684, 39.182362, 33.773937>, 0.130000
	pigment { color rgbt <1,0,0,0> }
	no_shadow
}

// nucleotide -1

// particle -1
sphere {
	<29.352087, 39.308792, 33.238941> 0.250000
	pigment { color rgbt <1,0,0,0> }
	no_shadow
}
cylinder {
	<29.191290, 38.978897, 33.079838>,  <29.094812, 38.780960, 32.984375>, 0.100000
	pigment { color rgbt <1,0,0,0> }
	no_shadow
}
cylinder {
	<29.191290, 38.978897, 33.079838>,  <29.352087, 39.308792, 33.238941>, 0.100000
	pigment { color rgbt <1,0,0,0> }
	no_shadow
}

// particle -1
sphere {
	<29.191290, 38.978897, 33.079838> 0.100000
	pigment { color rgbt <1,0,0,0> }
	no_shadow
}
sphere {
	0, 1
	scale<0.080000,0.200000,0.300000>
	matrix <0.283217, 0.301106, -0.910562,
		0.870741, -0.478692, 0.112537,
		-0.401993, -0.824736, -0.397759,
		29.070692, 38.731476, 32.960510>
	pigment { color rgbt <0,1,1,0> }
	no_shadow
}
cylinder {
	<29.897818, 39.139591, 32.830688>,  <29.352087, 39.308792, 33.238941>, 0.130000
	pigment { color rgbt <1,0,0,0> }
	no_shadow
}

// nucleotide -1

// particle -1
sphere {
	<29.897818, 39.139591, 32.830688> 0.250000
	pigment { color rgbt <1,0,0,0> }
	no_shadow
}
cylinder {
	<29.540838, 39.007507, 32.707729>,  <29.326651, 38.928257, 32.633953>, 0.100000
	pigment { color rgbt <1,0,0,0> }
	no_shadow
}
cylinder {
	<29.540838, 39.007507, 32.707729>,  <29.897818, 39.139591, 32.830688>, 0.100000
	pigment { color rgbt <1,0,0,0> }
	no_shadow
}

// particle -1
sphere {
	<29.540838, 39.007507, 32.707729> 0.100000
	pigment { color rgbt <1,0,0,0> }
	no_shadow
}
sphere {
	0, 1
	scale<0.080000,0.200000,0.300000>
	matrix <0.229624, 0.254027, -0.939544,
		0.388337, -0.909081, -0.150882,
		-0.892450, -0.330214, -0.307395,
		29.273104, 38.908443, 32.615509>
	pigment { color rgbt <0,1,1,0> }
	no_shadow
}
cylinder {
	<30.021433, 38.679394, 32.168159>,  <29.897818, 39.139591, 32.830688>, 0.130000
	pigment { color rgbt <1,0,0,0> }
	no_shadow
}

// nucleotide -1

// particle -1
sphere {
	<30.021433, 38.679394, 32.168159> 0.250000
	pigment { color rgbt <1,0,0,0> }
	no_shadow
}
cylinder {
	<29.640936, 38.798523, 32.136051>,  <29.412638, 38.869999, 32.116787>, 0.100000
	pigment { color rgbt <1,0,0,0> }
	no_shadow
}
cylinder {
	<29.640936, 38.798523, 32.136051>,  <30.021433, 38.679394, 32.168159>, 0.100000
	pigment { color rgbt <1,0,0,0> }
	no_shadow
}

// particle -1
sphere {
	<29.640936, 38.798523, 32.136051> 0.100000
	pigment { color rgbt <1,0,0,0> }
	no_shadow
}
sphere {
	0, 1
	scale<0.080000,0.200000,0.300000>
	matrix <0.160621, 0.256112, -0.953209,
		-0.263325, -0.919625, -0.291460,
		-0.951241, 0.297819, -0.080270,
		29.355564, 38.887867, 32.111969>
	pigment { color rgbt <0,1,1,0> }
	no_shadow
}
cylinder {
	<29.803865, 38.497078, 31.511433>,  <30.021433, 38.679394, 32.168159>, 0.130000
	pigment { color rgbt <1,0,0,0> }
	no_shadow
}

// nucleotide -1

// particle -1
sphere {
	<29.803865, 38.497078, 31.511433> 0.250000
	pigment { color rgbt <1,0,0,0> }
	no_shadow
}
cylinder {
	<29.528093, 38.767151, 31.616360>,  <29.362629, 38.929195, 31.679316>, 0.100000
	pigment { color rgbt <1,0,0,0> }
	no_shadow
}
cylinder {
	<29.528093, 38.767151, 31.616360>,  <29.803865, 38.497078, 31.511433>, 0.100000
	pigment { color rgbt <1,0,0,0> }
	no_shadow
}

// particle -1
sphere {
	<29.528093, 38.767151, 31.616360> 0.100000
	pigment { color rgbt <1,0,0,0> }
	no_shadow
}
sphere {
	0, 1
	scale<0.080000,0.200000,0.300000>
	matrix <0.022687, 0.382093, -0.923845,
		-0.723995, -0.630978, -0.278745,
		-0.689432, 0.675183, 0.262319,
		29.321264, 38.969707, 31.695055>
	pigment { color rgbt <0,1,1,0> }
	no_shadow
}
cylinder {
	<29.287224, 38.539837, 31.005693>,  <29.803865, 38.497078, 31.511433>, 0.130000
	pigment { color rgbt <1,0,0,0> }
	no_shadow
}

// nucleotide -1

// particle -1
sphere {
	<29.287224, 38.539837, 31.005693> 0.250000
	pigment { color rgbt <1,0,0,0> }
	no_shadow
}
cylinder {
	<29.295456, 38.898602, 31.182384>,  <29.300394, 39.113861, 31.288399>, 0.100000
	pigment { color rgbt <1,0,0,0> }
	no_shadow
}
cylinder {
	<29.295456, 38.898602, 31.182384>,  <29.287224, 38.539837, 31.005693>, 0.100000
	pigment { color rgbt <1,0,0,0> }
	no_shadow
}

// particle -1
sphere {
	<29.295456, 38.898602, 31.182384> 0.100000
	pigment { color rgbt <1,0,0,0> }
	no_shadow
}
sphere {
	0, 1
	scale<0.080000,0.200000,0.300000>
	matrix <0.147527, 0.434259, -0.888625,
		-0.988844, 0.083453, -0.123383,
		0.020578, 0.896914, 0.441726,
		29.301630, 39.167675, 31.314903>
	pigment { color rgbt <0,1,1,0> }
	no_shadow
}
cylinder {
	<28.891869, 38.962940, 30.662512>,  <29.287224, 38.539837, 31.005693>, 0.130000
	pigment { color rgbt <1,0,0,0> }
	no_shadow
}

// nucleotide -1

// particle -1
sphere {
	<28.891869, 38.962940, 30.662512> 0.250000
	pigment { color rgbt <1,0,0,0> }
	no_shadow
}
cylinder {
	<29.147360, 39.204571, 30.853142>,  <29.300655, 39.349548, 30.967520>, 0.100000
	pigment { color rgbt <1,0,0,0> }
	no_shadow
}
cylinder {
	<29.147360, 39.204571, 30.853142>,  <28.891869, 38.962940, 30.662512>, 0.100000
	pigment { color rgbt <1,0,0,0> }
	no_shadow
}

// particle -1
sphere {
	<29.147360, 39.204571, 30.853142> 0.100000
	pigment { color rgbt <1,0,0,0> }
	no_shadow
}
sphere {
	0, 1
	scale<0.080000,0.200000,0.300000>
	matrix <0.005015, 0.616100, -0.787652,
		-0.769417, 0.505486, 0.390490,
		0.638728, 0.604074, 0.476573,
		29.338978, 39.385792, 30.996113>
	pigment { color rgbt <0,1,1,0> }
	no_shadow
}
cylinder {
	<28.654705, 39.678619, 30.687359>,  <28.891869, 38.962940, 30.662512>, 0.130000
	pigment { color rgbt <1,0,0,0> }
	no_shadow
}

// nucleotide -1

// particle -1
sphere {
	<28.654705, 39.678619, 30.687359> 0.250000
	pigment { color rgbt <1,0,0,0> }
	no_shadow
}
cylinder {
	<29.052891, 39.663399, 30.722237>,  <29.291801, 39.654266, 30.743164>, 0.100000
	pigment { color rgbt <1,0,0,0> }
	no_shadow
}
cylinder {
	<29.052891, 39.663399, 30.722237>,  <28.654705, 39.678619, 30.687359>, 0.100000
	pigment { color rgbt <1,0,0,0> }
	no_shadow
}

// particle -1
sphere {
	<29.052891, 39.663399, 30.722237> 0.100000
	pigment { color rgbt <1,0,0,0> }
	no_shadow
}
sphere {
	0, 1
	scale<0.080000,0.200000,0.300000>
	matrix <0.087520, 0.725607, -0.682521,
		-0.037300, 0.687056, 0.725646,
		0.995464, -0.038050, 0.087196,
		29.351530, 39.651985, 30.748396>
	pigment { color rgbt <0,1,1,0> }
	no_shadow
}
cylinder {
	<29.020231, 40.316177, 30.737356>,  <28.654705, 39.678619, 30.687359>, 0.130000
	pigment { color rgbt <1,0,0,0> }
	no_shadow
}

// nucleotide -1

// particle -1
sphere {
	<29.020231, 40.316177, 30.737356> 0.250000
	pigment { color rgbt <1,0,0,0> }
	no_shadow
}
cylinder {
	<29.298294, 40.076088, 30.579119>,  <29.465132, 39.932034, 30.484177>, 0.100000
	pigment { color rgbt <1,0,0,0> }
	no_shadow
}
cylinder {
	<29.298294, 40.076088, 30.579119>,  <29.020231, 40.316177, 30.737356>, 0.100000
	pigment { color rgbt <1,0,0,0> }
	no_shadow
}

// particle -1
sphere {
	<29.298294, 40.076088, 30.579119> 0.100000
	pigment { color rgbt <1,0,0,0> }
	no_shadow
}
sphere {
	0, 1
	scale<0.080000,0.200000,0.300000>
	matrix <0.297227, 0.741054, -0.602075,
		0.654533, 0.300955, 0.693550,
		0.695156, -0.600220, -0.395592,
		29.506842, 39.896023, 30.460442>
	pigment { color rgbt <0,1,1,0> }
	no_shadow
}
cylinder {
	<28.880665, 41.076614, 30.557558>,  <29.020231, 40.316177, 30.737356>, 0.130000
	pigment { color rgbt <1,0,0,0> }
	no_shadow
}

// nucleotide -1

// particle -1
sphere {
	<28.880665, 41.076614, 30.557558> 0.250000
	pigment { color rgbt <1,0,0,0> }
	no_shadow
}
cylinder {
	<28.825037, 41.437462, 30.394173>,  <28.791660, 41.653969, 30.296143>, 0.100000
	pigment { color rgbt <1,0,0,0> }
	no_shadow
}
cylinder {
	<28.825037, 41.437462, 30.394173>,  <28.880665, 41.076614, 30.557558>, 0.100000
	pigment { color rgbt <1,0,0,0> }
	no_shadow
}

// particle -1
sphere {
	<28.825037, 41.437462, 30.394173> 0.100000
	pigment { color rgbt <1,0,0,0> }
	no_shadow
}
sphere {
	0, 1
	scale<0.080000,0.200000,0.300000>
	matrix <0.431849, 0.426431, 0.794772,
		0.891160, -0.065864, -0.448883,
		-0.139071, 0.902119, -0.408462,
		28.783316, 41.708099, 30.271633>
	pigment { color rgbt <0,1,1,0> }
	no_shadow
}
cylinder {
	<29.441761, 41.609081, 30.513388>,  <28.880665, 41.076614, 30.557558>, 0.130000
	pigment { color rgbt <1,0,0,0> }
	no_shadow
}

// nucleotide -1

// particle -1
sphere {
	<29.441761, 41.609081, 30.513388> 0.250000
	pigment { color rgbt <1,0,0,0> }
	no_shadow
}
cylinder {
	<29.116072, 41.824989, 30.598888>,  <28.920658, 41.954536, 30.650188>, 0.100000
	pigment { color rgbt <1,0,0,0> }
	no_shadow
}
cylinder {
	<29.116072, 41.824989, 30.598888>,  <29.441761, 41.609081, 30.513388>, 0.100000
	pigment { color rgbt <1,0,0,0> }
	no_shadow
}

// particle -1
sphere {
	<29.116072, 41.824989, 30.598888> 0.100000
	pigment { color rgbt <1,0,0,0> }
	no_shadow
}
sphere {
	0, 1
	scale<0.080000,0.200000,0.300000>
	matrix <0.560499, 0.634936, 0.531694,
		0.151276, 0.552723, -0.819520,
		-0.814222, 0.539773, 0.213750,
		28.871805, 41.986919, 30.663013>
	pigment { color rgbt <0,1,1,0> }
	no_shadow
}
cylinder {
	<29.387840, 42.364529, 30.214287>,  <29.441761, 41.609081, 30.513388>, 0.130000
	pigment { color rgbt <1,0,0,0> }
	no_shadow
}

// nucleotide -1

// particle -1
sphere {
	<29.387840, 42.364529, 30.214287> 0.250000
	pigment { color rgbt <1,0,0,0> }
	no_shadow
}
cylinder {
	<29.215063, 42.296730, 30.568619>,  <29.111397, 42.256050, 30.781218>, 0.100000
	pigment { color rgbt <1,0,0,0> }
	no_shadow
}
cylinder {
	<29.215063, 42.296730, 30.568619>,  <29.387840, 42.364529, 30.214287>, 0.100000
	pigment { color rgbt <1,0,0,0> }
	no_shadow
}

// particle -1
sphere {
	<29.215063, 42.296730, 30.568619> 0.100000
	pigment { color rgbt <1,0,0,0> }
	no_shadow
}
sphere {
	0, 1
	scale<0.080000,0.200000,0.300000>
	matrix <0.621949, 0.655309, 0.428660,
		-0.653149, 0.736098, -0.177636,
		-0.431943, -0.169498, 0.885830,
		29.085480, 42.245880, 30.834368>
	pigment { color rgbt <0,1,1,0> }
	no_shadow
}
cylinder {
	<28.969339, 42.959412, 30.532280>,  <29.387840, 42.364529, 30.214287>, 0.130000
	pigment { color rgbt <1,0,0,0> }
	no_shadow
}

// nucleotide -1

// particle -1
sphere {
	<28.969339, 42.959412, 30.532280> 0.250000
	pigment { color rgbt <1,0,0,0> }
	no_shadow
}
cylinder {
	<29.158983, 42.716648, 30.787428>,  <29.272770, 42.570992, 30.940517>, 0.100000
	pigment { color rgbt <1,0,0,0> }
	no_shadow
}
cylinder {
	<29.158983, 42.716648, 30.787428>,  <28.969339, 42.959412, 30.532280>, 0.100000
	pigment { color rgbt <1,0,0,0> }
	no_shadow
}

// particle -1
sphere {
	<29.158983, 42.716648, 30.787428> 0.100000
	pigment { color rgbt <1,0,0,0> }
	no_shadow
}
sphere {
	0, 1
	scale<0.080000,0.200000,0.300000>
	matrix <0.524335, 0.776618, 0.349195,
		-0.707312, 0.168901, 0.686427,
		0.474112, -0.606908, 0.637872,
		29.301216, 42.534576, 30.978790>
	pigment { color rgbt <0,1,1,0> }
	no_shadow
}
cylinder {
	<28.819798, 43.315926, 31.156019>,  <28.969339, 42.959412, 30.532280>, 0.130000
	pigment { color rgbt <1,0,0,0> }
	no_shadow
}

// nucleotide -1

// particle -1
sphere {
	<28.819798, 43.315926, 31.156019> 0.250000
	pigment { color rgbt <1,0,0,0> }
	no_shadow
}
cylinder {
	<29.166971, 43.124039, 31.104544>,  <29.375275, 43.008907, 31.073658>, 0.100000
	pigment { color rgbt <1,0,0,0> }
	no_shadow
}
cylinder {
	<29.166971, 43.124039, 31.104544>,  <28.819798, 43.315926, 31.156019>, 0.100000
	pigment { color rgbt <1,0,0,0> }
	no_shadow
}

// particle -1
sphere {
	<29.166971, 43.124039, 31.104544> 0.100000
	pigment { color rgbt <1,0,0,0> }
	no_shadow
}
sphere {
	0, 1
	scale<0.080000,0.200000,0.300000>
	matrix <0.489951, 0.784443, 0.380259,
		-0.081469, -0.393091, 0.915883,
		0.867935, -0.479717, -0.128687,
		29.427351, 42.980125, 31.065937>
	pigment { color rgbt <0,1,1,0> }
	no_shadow
}
cylinder {
	<28.712603, 43.074387, 31.915773>,  <28.819798, 43.315926, 31.156019>, 0.130000
	pigment { color rgbt <1,0,0,0> }
	no_shadow
}

// nucleotide -1

// particle -1
sphere {
	<28.712603, 43.074387, 31.915773> 0.250000
	pigment { color rgbt <1,0,0,0> }
	no_shadow
}
cylinder {
	<29.066998, 43.193645, 32.057835>,  <29.279634, 43.265202, 32.143070>, 0.100000
	pigment { color rgbt <1,0,0,0> }
	no_shadow
}
cylinder {
	<29.066998, 43.193645, 32.057835>,  <28.712603, 43.074387, 31.915773>, 0.100000
	pigment { color rgbt <1,0,0,0> }
	no_shadow
}

// particle -1
sphere {
	<29.066998, 43.193645, 32.057835> 0.100000
	pigment { color rgbt <1,0,0,0> }
	no_shadow
}
sphere {
	0, 1
	scale<0.080000,0.200000,0.300000>
	matrix <0.349666, -0.932599, -0.089399,
		0.304562, 0.203391, -0.930524,
		0.885989, 0.298145, 0.355153,
		29.332794, 43.283089, 32.164379>
	pigment { color rgbt <0,1,1,0> }
	no_shadow
}
cylinder {
	<29.317066, 42.584179, 31.625410>,  <28.712603, 43.074387, 31.915773>, 0.130000
	pigment { color rgbt <1,0,0,0> }
	no_shadow
}

// nucleotide -1

// particle -1
sphere {
	<29.317066, 42.584179, 31.625410> 0.250000
	pigment { color rgbt <1,0,0,0> }
	no_shadow
}
cylinder {
	<29.468908, 42.793118, 31.930840>,  <29.560015, 42.918480, 32.114098>, 0.100000
	pigment { color rgbt <1,0,0,0> }
	no_shadow
}
cylinder {
	<29.468908, 42.793118, 31.930840>,  <29.317066, 42.584179, 31.625410>, 0.100000
	pigment { color rgbt <1,0,0,0> }
	no_shadow
}

// particle -1
sphere {
	<29.468908, 42.793118, 31.930840> 0.100000
	pigment { color rgbt <1,0,0,0> }
	no_shadow
}
sphere {
	0, 1
	scale<0.080000,0.200000,0.300000>
	matrix <0.675369, -0.720541, 0.157155,
		0.632277, 0.456039, -0.626302,
		0.379607, 0.522351, 0.763576,
		29.582790, 42.949821, 32.159912>
	pigment { color rgbt <0,1,1,0> }
	no_shadow
}
cylinder {
	<30.051434, 42.617344, 31.562283>,  <29.317066, 42.584179, 31.625410>, 0.130000
	pigment { color rgbt <1,0,0,0> }
	no_shadow
}

// nucleotide -1

// particle -1
sphere {
	<30.051434, 42.617344, 31.562283> 0.250000
	pigment { color rgbt <1,0,0,0> }
	no_shadow
}
cylinder {
	<29.971653, 42.645500, 31.953234>,  <29.923784, 42.662395, 32.187805>, 0.100000
	pigment { color rgbt <1,0,0,0> }
	no_shadow
}
cylinder {
	<29.971653, 42.645500, 31.953234>,  <30.051434, 42.617344, 31.562283>, 0.100000
	pigment { color rgbt <1,0,0,0> }
	no_shadow
}

// particle -1
sphere {
	<29.971653, 42.645500, 31.953234> 0.100000
	pigment { color rgbt <1,0,0,0> }
	no_shadow
}
sphere {
	0, 1
	scale<0.080000,0.200000,0.300000>
	matrix <0.568813, -0.803857, 0.173971,
		0.797916, 0.590643, 0.120293,
		-0.199453, 0.070391, 0.977376,
		29.911818, 42.666618, 32.246445>
	pigment { color rgbt <0,1,1,0> }
	no_shadow
}
cylinder {
	<30.687872, 42.392246, 31.852266>,  <30.051434, 42.617344, 31.562283>, 0.130000
	pigment { color rgbt <1,0,0,0> }
	no_shadow
}

// nucleotide -1

// particle -1
sphere {
	<30.687872, 42.392246, 31.852266> 0.250000
	pigment { color rgbt <1,0,0,0> }
	no_shadow
}
cylinder {
	<30.392452, 42.348495, 32.118374>,  <30.215200, 42.322247, 32.278038>, 0.100000
	pigment { color rgbt <1,0,0,0> }
	no_shadow
}
cylinder {
	<30.392452, 42.348495, 32.118374>,  <30.687872, 42.392246, 31.852266>, 0.100000
	pigment { color rgbt <1,0,0,0> }
	no_shadow
}

// particle -1
sphere {
	<30.392452, 42.348495, 32.118374> 0.100000
	pigment { color rgbt <1,0,0,0> }
	no_shadow
}
sphere {
	0, 1
	scale<0.080000,0.200000,0.300000>
	matrix <0.501447, -0.748699, 0.433590,
		0.450664, 0.653825, 0.607795,
		-0.738548, -0.109374, 0.665270,
		30.170887, 42.315681, 32.317955>
	pigment { color rgbt <0,1,1,0> }
	no_shadow
}
cylinder {
	<31.058567, 42.381947, 32.487774>,  <30.687872, 42.392246, 31.852266>, 0.130000
	pigment { color rgbt <1,0,0,0> }
	no_shadow
}

// nucleotide -1

// particle -1
sphere {
	<31.058567, 42.381947, 32.487774> 0.250000
	pigment { color rgbt <1,0,0,0> }
	no_shadow
}
cylinder {
	<30.712517, 42.191837, 32.551868>,  <30.504887, 42.077770, 32.590324>, 0.100000
	pigment { color rgbt <1,0,0,0> }
	no_shadow
}
cylinder {
	<30.712517, 42.191837, 32.551868>,  <31.058567, 42.381947, 32.487774>, 0.100000
	pigment { color rgbt <1,0,0,0> }
	no_shadow
}

// particle -1
sphere {
	<30.712517, 42.191837, 32.551868> 0.100000
	pigment { color rgbt <1,0,0,0> }
	no_shadow
}
sphere {
	0, 1
	scale<0.080000,0.200000,0.300000>
	matrix <0.495157, -0.758438, 0.423782,
		-0.079881, 0.445967, 0.891477,
		-0.865124, -0.475273, 0.160239,
		30.452980, 42.049255, 32.599941>
	pigment { color rgbt <0,1,1,0> }
	no_shadow
}
cylinder {
	<31.177105, 42.076046, 33.208389>,  <31.058567, 42.381947, 32.487774>, 0.130000
	pigment { color rgbt <1,0,0,0> }
	no_shadow
}

// nucleotide -1

// particle -1
sphere {
	<31.177105, 42.076046, 33.208389> 0.250000
	pigment { color rgbt <1,0,0,0> }
	no_shadow
}
cylinder {
	<30.864002, 41.887512, 33.045841>,  <30.676140, 41.774391, 32.948315>, 0.100000
	pigment { color rgbt <1,0,0,0> }
	no_shadow
}
cylinder {
	<30.864002, 41.887512, 33.045841>,  <31.177105, 42.076046, 33.208389>, 0.100000
	pigment { color rgbt <1,0,0,0> }
	no_shadow
}

// particle -1
sphere {
	<30.864002, 41.887512, 33.045841> 0.100000
	pigment { color rgbt <1,0,0,0> }
	no_shadow
}
sphere {
	0, 1
	scale<0.080000,0.200000,0.300000>
	matrix <0.102296, -0.741548, 0.663056,
		-0.613863, 0.477442, 0.628667,
		-0.782757, -0.471335, -0.406368,
		30.629175, 41.746113, 32.923931>
	pigment { color rgbt <0,1,1,0> }
	no_shadow
}
cylinder {
	<30.992983, 41.558834, 33.582371>,  <31.177105, 42.076046, 33.208389>, 0.130000
	pigment { color rgbt <1,0,0,0> }
	no_shadow
}

// nucleotide -1

// particle -1
sphere {
	<30.992983, 41.558834, 33.582371> 0.250000
	pigment { color rgbt <1,0,0,0> }
	no_shadow
}
cylinder {
	<30.698700, 41.393333, 33.367878>,  <30.522131, 41.294033, 33.239182>, 0.100000
	pigment { color rgbt <1,0,0,0> }
	no_shadow
}
cylinder {
	<30.698700, 41.393333, 33.367878>,  <30.992983, 41.558834, 33.582371>, 0.100000
	pigment { color rgbt <1,0,0,0> }
	no_shadow
}

// particle -1
sphere {
	<30.698700, 41.393333, 33.367878> 0.100000
	pigment { color rgbt <1,0,0,0> }
	no_shadow
}
sphere {
	0, 1
	scale<0.080000,0.200000,0.300000>
	matrix <0.206486, -0.891045, 0.404230,
		-0.645059, 0.186670, 0.740981,
		-0.735706, -0.413754, -0.536232,
		30.477989, 41.269207, 33.207008>
	pigment { color rgbt <0,1,1,0> }
	no_shadow
}
cylinder {
	<30.567995, 41.198448, 34.074913>,  <30.992983, 41.558834, 33.582371>, 0.130000
	pigment { color rgbt <1,0,0,0> }
	no_shadow
}

// nucleotide -1

// particle -1
sphere {
	<30.567995, 41.198448, 34.074913> 0.250000
	pigment { color rgbt <1,0,0,0> }
	no_shadow
}
cylinder {
	<30.567110, 41.036510, 33.709160>,  <30.566578, 40.939346, 33.489708>, 0.100000
	pigment { color rgbt <1,0,0,0> }
	no_shadow
}
cylinder {
	<30.567110, 41.036510, 33.709160>,  <30.567995, 41.198448, 34.074913>, 0.100000
	pigment { color rgbt <1,0,0,0> }
	no_shadow
}

// particle -1
sphere {
	<30.567110, 41.036510, 33.709160> 0.100000
	pigment { color rgbt <1,0,0,0> }
	no_shadow
}
sphere {
	0, 1
	scale<0.080000,0.200000,0.300000>
	matrix <0.220170, -0.892143, 0.394469,
		-0.975459, -0.200446, 0.091110,
		-0.002214, -0.404848, -0.914381,
		30.566446, 40.915054, 33.434845>
	pigment { color rgbt <0,1,1,0> }
	no_shadow
}
cylinder {
	<30.142466, 40.654541, 34.115238>,  <30.567995, 41.198448, 34.074913>, 0.130000
	pigment { color rgbt <1,0,0,0> }
	no_shadow
}

// nucleotide -1

// particle -1
sphere {
	<30.142466, 40.654541, 34.115238> 0.250000
	pigment { color rgbt <1,0,0,0> }
	no_shadow
}
cylinder {
	<30.370693, 40.555458, 33.802036>,  <30.507629, 40.496010, 33.614117>, 0.100000
	pigment { color rgbt <1,0,0,0> }
	no_shadow
}
cylinder {
	<30.370693, 40.555458, 33.802036>,  <30.142466, 40.654541, 34.115238>, 0.100000
	pigment { color rgbt <1,0,0,0> }
	no_shadow
}

// particle -1
sphere {
	<30.370693, 40.555458, 33.802036> 0.100000
	pigment { color rgbt <1,0,0,0> }
	no_shadow
}
sphere {
	0, 1
	scale<0.080000,0.200000,0.300000>
	matrix <0.260031, -0.849881, 0.458351,
		-0.778995, -0.465126, -0.420505,
		0.570570, -0.247708, -0.783001,
		30.541864, 40.481144, 33.567135>
	pigment { color rgbt <0,1,1,0> }
	no_shadow
}
cylinder {
	<29.975760, 39.988987, 33.865917>,  <30.142466, 40.654541, 34.115238>, 0.130000
	pigment { color rgbt <1,0,0,0> }
	no_shadow
}

// nucleotide -1

// particle -1
sphere {
	<29.975760, 39.988987, 33.865917> 0.250000
	pigment { color rgbt <1,0,0,0> }
	no_shadow
}
cylinder {
	<30.351559, 40.038528, 33.738163>,  <30.577038, 40.068253, 33.661510>, 0.100000
	pigment { color rgbt <1,0,0,0> }
	no_shadow
}
cylinder {
	<30.351559, 40.038528, 33.738163>,  <29.975760, 39.988987, 33.865917>, 0.100000
	pigment { color rgbt <1,0,0,0> }
	no_shadow
}

// particle -1
sphere {
	<30.351559, 40.038528, 33.738163> 0.100000
	pigment { color rgbt <1,0,0,0> }
	no_shadow
}
sphere {
	0, 1
	scale<0.080000,0.200000,0.300000>
	matrix <0.233594, -0.913586, 0.332858,
