// switches for output
#declare DRAW_BASES = 1; // possible values are 0, 1; only relevant for DNA ribbons
#declare DRAW_BASES_TYPE = 3; // possible values are 1, 2, 3; only relevant for DNA ribbons
#declare DRAW_FOG = 0; // set to 1 to enable fog

#include "colors.inc"

#include "transforms.inc"
background { rgb <1, 1, 1>}

#default {
   normal{
       ripples 0.25
       frequency 0.20
       turbulence 0.2
       lambda 5
   }
	finish {
		phong 0.1
		phong_size 40.
	}
}

// original window dimensions: 1024x640


// camera settings

camera {
	sky <0, 0.179814, -0.983701>
	up <0, 0.179814, -0.983701>
	right 1.6 * <1, 0, 0>
	location <35, 94.9851, 44.8844>
	look_at <35, 29.7336, 32.9568>
	direction <0, -65.2515, -11.9276>
	angle 67.0682
}


# declare cpy_camera_pos = <35, 94.9851, 44.8844>;
# if (DRAW_FOG = 1)
fog {
	fog_type 2
	up vnormalize(cpy_camera_pos)
	color rgbt<1,1,1,0.3>
	distance 1e-5
	fog_alt 3e-3
	fog_offset 56
}
# end


// LIGHTS

# declare lum = 6;
global_settings {
	ambient_light rgb lum * <0.05, 0.05, 0.05>
	max_trace_level 15
}# declare cpy_direct_light_amount = 0.25;
light_source
{	1000 * <-1, -1.16352, -0.803886>,
	rgb lum * cpy_direct_light_amount
	parallel
}

light_source
{	1000 * <1, 1.16352, 0.803886>,
	rgb lum * cpy_direct_light_amount
	parallel
}

// strand 0

// nucleotide -1

// particle -1
sphere {
	<24.229204, 34.674976, 34.935936> 0.250000
	pigment { color rgbt <1,0,0,0> }
	no_shadow
}
cylinder {
	<24.387413, 35.027908, 34.833904>,  <24.482338, 35.239666, 34.772686>, 0.100000
	pigment { color rgbt <1,0,0,0> }
	no_shadow
}
cylinder {
	<24.387413, 35.027908, 34.833904>,  <24.229204, 34.674976, 34.935936>, 0.100000
	pigment { color rgbt <1,0,0,0> }
	no_shadow
}

// particle -1
sphere {
	<24.387413, 35.027908, 34.833904> 0.100000
	pigment { color rgbt <1,0,0,0> }
	no_shadow
}
sphere {
	0, 1
	scale<0.080000,0.200000,0.300000>
	matrix <0.808228, -0.202438, 0.552979,
		0.436269, -0.424877, -0.793189,
		0.395520, 0.882325, -0.255080,
		24.506069, 35.292606, 34.757381>
	pigment { color rgbt <0,1,1,0> }
	no_shadow
}
cylinder {
	<24.834757, 34.696365, 34.540539>,  <24.229204, 34.674976, 34.935936>, 0.130000
	pigment { color rgbt <1,0,0,0> }
	no_shadow
}

// nucleotide -1

// particle -1
sphere {
	<24.834757, 34.696365, 34.540539> 0.250000
	pigment { color rgbt <1,0,0,0> }
	no_shadow
}
cylinder {
	<24.825953, 35.020664, 34.774532>,  <24.820671, 35.215244, 34.914928>, 0.100000
	pigment { color rgbt <1,0,0,0> }
	no_shadow
}
cylinder {
	<24.825953, 35.020664, 34.774532>,  <24.834757, 34.696365, 34.540539>, 0.100000
	pigment { color rgbt <1,0,0,0> }
	no_shadow
}

// particle -1
sphere {
	<24.825953, 35.020664, 34.774532> 0.100000
	pigment { color rgbt <1,0,0,0> }
	no_shadow
}
sphere {
	0, 1
	scale<0.080000,0.200000,0.300000>
	matrix <0.655982, -0.429845, 0.620421,
		0.754456, 0.397392, -0.522375,
		-0.022010, 0.810749, 0.584980,
		24.819349, 35.263889, 34.950027>
	pigment { color rgbt <0,1,1,0> }
	no_shadow
}
cylinder {
	<25.504765, 34.779629, 34.797176>,  <24.834757, 34.696365, 34.540539>, 0.130000
	pigment { color rgbt <1,0,0,0> }
	no_shadow
}

// nucleotide -1

// particle -1
sphere {
	<25.504765, 34.779629, 34.797176> 0.250000
	pigment { color rgbt <1,0,0,0> }
	no_shadow
}
cylinder {
	<25.269274, 34.989689, 35.042976>,  <25.127979, 35.115726, 35.190456>, 0.100000
	pigment { color rgbt <1,0,0,0> }
	no_shadow
}
cylinder {
	<25.269274, 34.989689, 35.042976>,  <25.504765, 34.779629, 34.797176>, 0.100000
	pigment { color rgbt <1,0,0,0> }
	no_shadow
}

// particle -1
sphere {
	<25.269274, 34.989689, 35.042976> 0.100000
	pigment { color rgbt <1,0,0,0> }
	no_shadow
}
sphere {
	0, 1
	scale<0.080000,0.200000,0.300000>
	matrix <0.542314, -0.307122, 0.782031,
		0.599413, 0.793657, -0.103987,
		-0.588727, 0.525153, 0.614504,
		25.092655, 35.147236, 35.227329>
	pigment { color rgbt <0,1,1,0> }
	no_shadow
}
cylinder {
	<25.820570, 35.330803, 35.250378>,  <25.504765, 34.779629, 34.797176>, 0.130000
	pigment { color rgbt <1,0,0,0> }
	no_shadow
}

// nucleotide -1

// particle -1
sphere {
	<25.820570, 35.330803, 35.250378> 0.250000
	pigment { color rgbt <1,0,0,0> }
	no_shadow
}
cylinder {
	<25.497171, 35.131008, 35.374859>,  <25.303133, 35.011131, 35.449547>, 0.100000
	pigment { color rgbt <1,0,0,0> }
	no_shadow
}
cylinder {
	<25.497171, 35.131008, 35.374859>,  <25.820570, 35.330803, 35.250378>, 0.100000
	pigment { color rgbt <1,0,0,0> }
	no_shadow
}

// particle -1
sphere {
	<25.497171, 35.131008, 35.374859> 0.100000
	pigment { color rgbt <1,0,0,0> }
	no_shadow
}
sphere {
	0, 1
	scale<0.080000,0.200000,0.300000>
	matrix <0.534954, -0.403382, 0.742366,
		-0.245271, 0.766677, 0.593336,
		-0.808497, -0.499489, 0.311199,
		25.254622, 34.981163, 35.468220>
	pigment { color rgbt <0,1,1,0> }
	no_shadow
}
cylinder {
	<25.664282, 35.582024, 35.876705>,  <25.820570, 35.330803, 35.250378>, 0.130000
	pigment { color rgbt <1,0,0,0> }
	no_shadow
}

// nucleotide -1

// particle -1
sphere {
	<25.664282, 35.582024, 35.876705> 0.250000
	pigment { color rgbt <1,0,0,0> }
	no_shadow
}
cylinder {
	<25.545837, 35.202015, 35.837154>,  <25.474771, 34.974010, 35.813423>, 0.100000
	pigment { color rgbt <1,0,0,0> }
	no_shadow
}
cylinder {
	<25.545837, 35.202015, 35.837154>,  <25.664282, 35.582024, 35.876705>, 0.100000
	pigment { color rgbt <1,0,0,0> }
	no_shadow
}

// particle -1
sphere {
	<25.545837, 35.202015, 35.837154> 0.100000
	pigment { color rgbt <1,0,0,0> }
	no_shadow
}
sphere {
	0, 1
	scale<0.080000,0.200000,0.300000>
	matrix <0.742415, -0.294052, 0.601957,
		-0.600948, 0.104837, 0.792383,
		-0.296110, -0.950022, -0.098877,
		25.457005, 34.917007, 35.807491>
	pigment { color rgbt <0,1,1,0> }
	no_shadow
}
cylinder {
	<25.610529, 36.251877, 36.226883>,  <25.664282, 35.582024, 35.876705>, 0.130000
	pigment { color rgbt <1,0,0,0> }
	no_shadow
}

// nucleotide -1

// particle -1
sphere {
	<25.610529, 36.251877, 36.226883> 0.250000
	pigment { color rgbt <1,0,0,0> }
	no_shadow
}
cylinder {
	<25.764303, 36.088326, 36.557949>,  <25.856567, 35.990196, 36.756588>, 0.100000
	pigment { color rgbt <1,0,0,0> }
	no_shadow
}
cylinder {
	<25.764303, 36.088326, 36.557949>,  <25.610529, 36.251877, 36.226883>, 0.100000
	pigment { color rgbt <1,0,0,0> }
	no_shadow
}

// particle -1
sphere {
	<25.764303, 36.088326, 36.557949> 0.100000
	pigment { color rgbt <1,0,0,0> }
	no_shadow
}
sphere {
	0, 1
	scale<0.080000,0.200000,0.300000>
	matrix <0.115162, 0.910802, 0.396456,
		-0.915940, -0.057097, 0.397233,
		0.384437, -0.408875, 0.827665,
		25.879635, 35.965664, 36.806248>
	pigment { color rgbt <0,1,1,0> }
	no_shadow
}
cylinder {
	<25.212255, 36.482506, 36.805786>,  <25.610529, 36.251877, 36.226883>, 0.130000
	pigment { color rgbt <1,0,0,0> }
	no_shadow
}

// nucleotide -1

// particle -1
sphere {
	<25.212255, 36.482506, 36.805786> 0.250000
	pigment { color rgbt <1,0,0,0> }
	no_shadow
}
cylinder {
	<25.586245, 36.400898, 36.921856>,  <25.810638, 36.351933, 36.991497>, 0.100000
	pigment { color rgbt <1,0,0,0> }
	no_shadow
}
cylinder {
	<25.586245, 36.400898, 36.921856>,  <25.212255, 36.482506, 36.805786>, 0.100000
	pigment { color rgbt <1,0,0,0> }
	no_shadow
}

// particle -1
sphere {
	<25.586245, 36.400898, 36.921856> 0.100000
	pigment { color rgbt <1,0,0,0> }
	no_shadow
}
sphere {
	0, 1
	scale<0.080000,0.200000,0.300000>
	matrix <0.041525, 0.875375, 0.481658,
		-0.352281, -0.438288, 0.826923,
		0.934973, -0.204017, 0.290178,
		25.866737, 36.339691, 37.008911>
	pigment { color rgbt <0,1,1,0> }
	no_shadow
}
cylinder {
	<25.257528, 36.522690, 37.645382>,  <25.212255, 36.482506, 36.805786>, 0.130000
	pigment { color rgbt <1,0,0,0> }
	no_shadow
}

// nucleotide -1

// particle -1
sphere {
	<25.257528, 36.522690, 37.645382> 0.250000
	pigment { color rgbt <1,0,0,0> }
	no_shadow
}
cylinder {
	<25.613148, 36.603695, 37.481148>,  <25.826519, 36.652298, 37.382607>, 0.100000
	pigment { color rgbt <1,0,0,0> }
	no_shadow
}
cylinder {
	<25.613148, 36.603695, 37.481148>,  <25.257528, 36.522690, 37.645382>, 0.100000
	pigment { color rgbt <1,0,0,0> }
	no_shadow
}

// particle -1
sphere {
	<25.613148, 36.603695, 37.481148> 0.100000
	pigment { color rgbt <1,0,0,0> }
	no_shadow
}
sphere {
	0, 1
	scale<0.080000,0.200000,0.300000>
	matrix <0.100971, 0.788024, 0.607309,
		0.446539, -0.581384, 0.680144,
		0.889049, 0.202512, -0.410586,
		25.879862, 36.664448, 37.357971>
	pigment { color rgbt <0,1,1,0> }
	no_shadow
}
cylinder {
	<25.857025, 36.557945, 38.198772>,  <25.257528, 36.522690, 37.645382>, 0.130000
	pigment { color rgbt <1,0,0,0> }
	no_shadow
}

// nucleotide -1

// particle -1
sphere {
	<25.857025, 36.557945, 38.198772> 0.250000
	pigment { color rgbt <1,0,0,0> }
	no_shadow
}
cylinder {
	<25.951571, 36.775677, 37.876820>,  <26.008299, 36.906315, 37.683647>, 0.100000
	pigment { color rgbt <1,0,0,0> }
	no_shadow
}
cylinder {
	<25.951571, 36.775677, 37.876820>,  <25.857025, 36.557945, 38.198772>, 0.100000
	pigment { color rgbt <1,0,0,0> }
	no_shadow
}

// particle -1
sphere {
	<25.951571, 36.775677, 37.876820> 0.100000
	pigment { color rgbt <1,0,0,0> }
	no_shadow
}
sphere {
	0, 1
	scale<0.080000,0.200000,0.300000>
	matrix <0.186249, 0.787615, 0.587345,
		0.953647, -0.288736, 0.084784,
		0.236365, 0.544329, -0.804883,
		26.022480, 36.938976, 37.635353>
	pigment { color rgbt <0,1,1,0> }
	no_shadow
}
cylinder {
	<26.372408, 37.007675, 38.505100>,  <25.857025, 36.557945, 38.198772>, 0.130000
	pigment { color rgbt <1,0,0,0> }
	no_shadow
}

// nucleotide -1

// particle -1
sphere {
	<26.372408, 37.007675, 38.505100> 0.250000
	pigment { color rgbt <1,0,0,0> }
	no_shadow
}
cylinder {
	<26.342873, 37.192772, 38.151737>,  <26.325151, 37.303829, 37.939720>, 0.100000
	pigment { color rgbt <1,0,0,0> }
	no_shadow
}
cylinder {
	<26.342873, 37.192772, 38.151737>,  <26.372408, 37.007675, 38.505100>, 0.100000
	pigment { color rgbt <1,0,0,0> }
	no_shadow
}

// particle -1
sphere {
	<26.342873, 37.192772, 38.151737> 0.100000
	pigment { color rgbt <1,0,0,0> }
	no_shadow
}
sphere {
	0, 1
	scale<0.080000,0.200000,0.300000>
	matrix <0.166695, 0.879094, 0.446549,
		0.983240, -0.114289, -0.142046,
		-0.073836, 0.462743, -0.883412,
		26.320723, 37.331596, 37.886715>
	pigment { color rgbt <0,1,1,0> }
	no_shadow
}
cylinder {
	<26.983299, 37.317410, 38.498440>,  <26.372408, 37.007675, 38.505100>, 0.130000
	pigment { color rgbt <1,0,0,0> }
	no_shadow
}

// nucleotide -1

// particle -1
sphere {
	<26.983299, 37.317410, 38.498440> 0.250000
	pigment { color rgbt <1,0,0,0> }
	no_shadow
}
cylinder {
	<26.733166, 37.506924, 38.250416>,  <26.583086, 37.620632, 38.101601>, 0.100000
	pigment { color rgbt <1,0,0,0> }
	no_shadow
}
cylinder {
	<26.733166, 37.506924, 38.250416>,  <26.983299, 37.317410, 38.498440>, 0.100000
	pigment { color rgbt <1,0,0,0> }
	no_shadow
}

// particle -1
sphere {
	<26.733166, 37.506924, 38.250416> 0.100000
	pigment { color rgbt <1,0,0,0> }
	no_shadow
}
sphere {
	0, 1
	scale<0.080000,0.200000,0.300000>
	matrix <0.199508, 0.865251, 0.459932,
		0.754421, 0.163904, -0.635597,
		-0.625336, 0.473789, -0.620063,
		26.545565, 37.649059, 38.064396>
	pigment { color rgbt <0,1,1,0> }
	no_shadow
}
cylinder {
	<27.389704, 37.875935, 38.277142>,  <26.983299, 37.317410, 38.498440>, 0.130000
	pigment { color rgbt <1,0,0,0> }
	no_shadow
}

// nucleotide -1

// particle -1
sphere {
	<27.389704, 37.875935, 38.277142> 0.250000
	pigment { color rgbt <1,0,0,0> }
	no_shadow
}
cylinder {
	<27.013653, 37.982422, 38.192017>,  <26.788023, 38.046314, 38.140942>, 0.100000
	pigment { color rgbt <1,0,0,0> }
	no_shadow
}
cylinder {
	<27.013653, 37.982422, 38.192017>,  <27.389704, 37.875935, 38.277142>, 0.100000
	pigment { color rgbt <1,0,0,0> }
	no_shadow
}

// particle -1
sphere {
	<27.013653, 37.982422, 38.192017> 0.100000
	pigment { color rgbt <1,0,0,0> }
	no_shadow
}
sphere {
	0, 1
	scale<0.080000,0.200000,0.300000>
	matrix <0.155864, 0.891109, 0.426182,
		0.303094, 0.367497, -0.879250,
		-0.940128, 0.266217, -0.212810,
		26.731615, 38.062286, 38.128174>
	pigment { color rgbt <0,1,1,0> }
	no_shadow
}
cylinder {
	<27.449497, 38.586216, 38.041195>,  <27.389704, 37.875935, 38.277142>, 0.130000
	pigment { color rgbt <1,0,0,0> }
	no_shadow
}

// nucleotide -1

// particle -1
sphere {
	<27.449497, 38.586216, 38.041195> 0.250000
	pigment { color rgbt <1,0,0,0> }
	no_shadow
}
cylinder {
	<27.058664, 38.567741, 38.124313>,  <26.824165, 38.556656, 38.174183>, 0.100000
	pigment { color rgbt <1,0,0,0> }
	no_shadow
}
cylinder {
	<27.058664, 38.567741, 38.124313>,  <27.449497, 38.586216, 38.041195>, 0.100000
	pigment { color rgbt <1,0,0,0> }
	no_shadow
}

// particle -1
sphere {
	<27.058664, 38.567741, 38.124313> 0.100000
	pigment { color rgbt <1,0,0,0> }
	no_shadow
}
sphere {
	0, 1
	scale<0.080000,0.200000,0.300000>
	matrix <0.037472, 0.923609, 0.381500,
		-0.209543, 0.380543, -0.900710,
		-0.977081, -0.046189, 0.207796,
		26.765539, 38.553886, 38.186653>
	pigment { color rgbt <0,1,1,0> }
	no_shadow
}
cylinder {
	<27.158478, 39.011333, 37.579426>,  <27.449497, 38.586216, 38.041195>, 0.130000
	pigment { color rgbt <1,0,0,0> }
	no_shadow
}

// nucleotide -1

// particle -1
sphere {
	<27.158478, 39.011333, 37.579426> 0.250000
	pigment { color rgbt <1,0,0,0> }
	no_shadow
}
cylinder {
	<26.950811, 38.972927, 37.919132>,  <26.826212, 38.949883, 38.122955>, 0.100000
	pigment { color rgbt <1,0,0,0> }
	no_shadow
}
cylinder {
	<26.950811, 38.972927, 37.919132>,  <27.158478, 39.011333, 37.579426>, 0.100000
	pigment { color rgbt <1,0,0,0> }
	no_shadow
}

// particle -1
sphere {
	<26.950811, 38.972927, 37.919132> 0.100000
	pigment { color rgbt <1,0,0,0> }
	no_shadow
}
sphere {
	0, 1
	scale<0.080000,0.200000,0.300000>
	matrix <0.184241, 0.957735, 0.220906,
		-0.834578, 0.271156, -0.479534,
		-0.519167, -0.096014, 0.849263,
		26.795061, 38.944122, 38.173912>
	pigment { color rgbt <0,1,1,0> }
	no_shadow
}
cylinder {
	<26.791727, 39.522259, 37.638924>,  <27.158478, 39.011333, 37.579426>, 0.130000
	pigment { color rgbt <1,0,0,0> }
	no_shadow
}

// nucleotide -1

// particle -1
sphere {
	<26.791727, 39.522259, 37.638924> 0.250000
	pigment { color rgbt <1,0,0,0> }
	no_shadow
}
cylinder {
	<26.854956, 39.418407, 38.019997>,  <26.892893, 39.356098, 38.248642>, 0.100000
	pigment { color rgbt <1,0,0,0> }
	no_shadow
}
cylinder {
	<26.854956, 39.418407, 38.019997>,  <26.791727, 39.522259, 37.638924>, 0.100000
	pigment { color rgbt <1,0,0,0> }
	no_shadow
}

// particle -1
sphere {
	<26.854956, 39.418407, 38.019997> 0.100000
	pigment { color rgbt <1,0,0,0> }
	no_shadow
}
sphere {
	0, 1
	scale<0.080000,0.200000,0.300000>
	matrix <0.189287, 0.954888, 0.228823,
		-0.969115, 0.144160, 0.200086,
		0.158072, -0.259630, 0.952683,
		26.902378, 39.340519, 38.305801>
	pigment { color rgbt <0,1,1,0> }
	no_shadow
}
cylinder {
	<26.476988, 40.074879, 38.028854>,  <26.791727, 39.522259, 37.638924>, 0.130000
	pigment { color rgbt <1,0,0,0> }
	no_shadow
}

// nucleotide -1

// particle -1
sphere {
	<26.476988, 40.074879, 38.028854> 0.250000
	pigment { color rgbt <1,0,0,0> }
	no_shadow
}
cylinder {
	<26.669195, 39.891281, 38.327766>,  <26.784519, 39.781124, 38.507114>, 0.100000
	pigment { color rgbt <1,0,0,0> }
	no_shadow
}
cylinder {
	<26.669195, 39.891281, 38.327766>,  <26.476988, 40.074879, 38.028854>, 0.100000
	pigment { color rgbt <1,0,0,0> }
	no_shadow
}

// particle -1
sphere {
	<26.669195, 39.891281, 38.327766> 0.100000
	pigment { color rgbt <1,0,0,0> }
	no_shadow
}
sphere {
	0, 1
	scale<0.080000,0.200000,0.300000>
	matrix <0.126979, 0.879538, 0.458573,
		-0.867742, -0.125464, 0.480918,
		0.480520, -0.458990, 0.747281,
		26.813351, 39.753586, 38.551952>
	pigment { color rgbt <0,1,1,0> }
	no_shadow
}
cylinder {
	<26.306938, 40.493469, 38.693596>,  <26.476988, 40.074879, 38.028854>, 0.130000
	pigment { color rgbt <1,0,0,0> }
	no_shadow
}

// nucleotide -1

// particle -1
sphere {
	<26.306938, 40.493469, 38.693596> 0.250000
	pigment { color rgbt <1,0,0,0> }
	no_shadow
}
cylinder {
	<26.639959, 40.281075, 38.756725>,  <26.839771, 40.153637, 38.794601>, 0.100000
	pigment { color rgbt <1,0,0,0> }
	no_shadow
}
cylinder {
	<26.639959, 40.281075, 38.756725>,  <26.306938, 40.493469, 38.693596>, 0.100000
	pigment { color rgbt <1,0,0,0> }
	no_shadow
}

// particle -1
sphere {
	<26.639959, 40.281075, 38.756725> 0.100000
	pigment { color rgbt <1,0,0,0> }
	no_shadow
}
sphere {
	0, 1
	scale<0.080000,0.200000,0.300000>
	matrix <0.426071, 0.795894, 0.430135,
		-0.354008, -0.290866, 0.888862,
		0.832551, -0.530990, 0.157823,
		26.889725, 40.121777, 38.804073>
	pigment { color rgbt <0,1,1,0> }
	no_shadow
}
cylinder {
	<26.486797, 40.575737, 39.416012>,  <26.306938, 40.493469, 38.693596>, 0.130000
	pigment { color rgbt <1,0,0,0> }
	no_shadow
}

// nucleotide -1

// particle -1
sphere {
	<26.486797, 40.575737, 39.416012> 0.250000
	pigment { color rgbt <1,0,0,0> }
	no_shadow
}
cylinder {
	<26.832125, 40.464062, 39.247852>,  <27.039322, 40.397057, 39.146957>, 0.100000
	pigment { color rgbt <1,0,0,0> }
	no_shadow
}
cylinder {
	<26.832125, 40.464062, 39.247852>,  <26.486797, 40.575737, 39.416012>, 0.100000
	pigment { color rgbt <1,0,0,0> }
	no_shadow
}

// particle -1
sphere {
	<26.832125, 40.464062, 39.247852> 0.100000
	pigment { color rgbt <1,0,0,0> }
	no_shadow
}
sphere {
	0, 1
	scale<0.080000,0.200000,0.300000>
	matrix <0.475081, 0.730610, 0.490415,
		0.170231, -0.623109, 0.763385,
		0.863319, -0.279186, -0.420399,
		27.091120, 40.380306, 39.121731>
	pigment { color rgbt <0,1,1,0> }
	no_shadow
}
cylinder {
	<26.925566, 40.910332, 39.795624>,  <26.486797, 40.575737, 39.416012>, 0.130000
	pigment { color rgbt <1,0,0,0> }
	no_shadow
}

// nucleotide -1

// particle -1
sphere {
	<26.925566, 40.910332, 39.795624> 0.250000
	pigment { color rgbt <1,0,0,0> }
	no_shadow
}
cylinder {
	<27.170244, 40.788765, 39.503471>,  <27.317051, 40.715824, 39.328178>, 0.100000
	pigment { color rgbt <1,0,0,0> }
	no_shadow
}
cylinder {
	<27.170244, 40.788765, 39.503471>,  <26.925566, 40.910332, 39.795624>, 0.100000
	pigment { color rgbt <1,0,0,0> }
	no_shadow
}

// particle -1
sphere {
	<27.170244, 40.788765, 39.503471> 0.100000
	pigment { color rgbt <1,0,0,0> }
	no_shadow
}
sphere {
	0, 1
	scale<0.080000,0.200000,0.300000>
	matrix <0.692766, 0.651578, 0.309065,
		0.381972, -0.695039, 0.609112,
		0.611697, -0.303918, -0.730385,
		27.353754, 40.697590, 39.284355>
	pigment { color rgbt <0,1,1,0> }
	no_shadow
}
cylinder {
	<27.477577, 40.693752, 40.150475>,  <26.925566, 40.910332, 39.795624>, 0.130000
	pigment { color rgbt <1,0,0,0> }
	no_shadow
}

// nucleotide -1

// particle -1
sphere {
	<27.477577, 40.693752, 40.150475> 0.250000
	pigment { color rgbt <1,0,0,0> }
	no_shadow
}
cylinder {
	<27.571732, 40.814964, 39.781094>,  <27.628225, 40.887691, 39.559464>, 0.100000
	pigment { color rgbt <1,0,0,0> }
	no_shadow
}
cylinder {
	<27.571732, 40.814964, 39.781094>,  <27.477577, 40.693752, 40.150475>, 0.100000
	pigment { color rgbt <1,0,0,0> }
	no_shadow
}

// particle -1
sphere {
	<27.571732, 40.814964, 39.781094> 0.100000
	pigment { color rgbt <1,0,0,0> }
	no_shadow
}
sphere {
	0, 1
	scale<0.080000,0.200000,0.300000>
	matrix <0.607286, 0.695973, 0.383178,
		0.758813, -0.650996, -0.020202,
		0.235387, 0.303028, -0.923454,
		27.642347, 40.905872, 39.504059>
	pigment { color rgbt <0,1,1,0> }
	no_shadow
}
cylinder {
	<28.265957, 40.662380, 40.016506>,  <27.477577, 40.693752, 40.150475>, 0.130000
	pigment { color rgbt <1,0,0,0> }
	no_shadow
}

// nucleotide -1

// particle -1
sphere {
	<28.265957, 40.662380, 40.016506> 0.250000
	pigment { color rgbt <1,0,0,0> }
	no_shadow
}
cylinder {
	<28.108088, 40.920544, 39.754917>,  <28.013367, 41.075443, 39.597965>, 0.100000
	pigment { color rgbt <1,0,0,0> }
	no_shadow
}
cylinder {
	<28.108088, 40.920544, 39.754917>,  <28.265957, 40.662380, 40.016506>, 0.100000
	pigment { color rgbt <1,0,0,0> }
	no_shadow
}

// particle -1
sphere {
	<28.108088, 40.920544, 39.754917> 0.100000
	pigment { color rgbt <1,0,0,0> }
	no_shadow
}
sphere {
	0, 1
	scale<0.080000,0.200000,0.300000>
	matrix <0.712885, 0.664134, 0.225211,
		0.579679, -0.377323, -0.722218,
		-0.394672, 0.645409, -0.653973,
		27.989685, 41.114166, 39.558723>
	pigment { color rgbt <0,1,1,0> }
	no_shadow
}
cylinder {
	<28.885387, 40.902355, 39.702774>,  <28.265957, 40.662380, 40.016506>, 0.130000
	pigment { color rgbt <1,0,0,0> }
	no_shadow
}

// nucleotide -1

// particle -1
sphere {
	<28.885387, 40.902355, 39.702774> 0.250000
	pigment { color rgbt <1,0,0,0> }
	no_shadow
}
cylinder {
	<28.629227, 41.192257, 39.601097>,  <28.475531, 41.366199, 39.540089>, 0.100000
	pigment { color rgbt <1,0,0,0> }
	no_shadow
}
cylinder {
	<28.629227, 41.192257, 39.601097>,  <28.885387, 40.902355, 39.702774>, 0.100000
	pigment { color rgbt <1,0,0,0> }
	no_shadow
}

// particle -1
sphere {
	<28.629227, 41.192257, 39.601097> 0.100000
	pigment { color rgbt <1,0,0,0> }
	no_shadow
}
sphere {
	0, 1
	scale<0.080000,0.200000,0.300000>
	matrix <0.696301, 0.687535, 0.206061,
		0.324112, -0.045036, -0.944946,
		-0.640403, 0.724753, -0.254197,
		28.437105, 41.409683, 39.524837>
	pigment { color rgbt <0,1,1,0> }
	no_shadow
}
cylinder {
	<29.238323, 41.348309, 39.398808>,  <28.885387, 40.902355, 39.702774>, 0.130000
	pigment { color rgbt <1,0,0,0> }
	no_shadow
}

// nucleotide -1

// particle -1
sphere {
	<29.238323, 41.348309, 39.398808> 0.250000
	pigment { color rgbt <1,0,0,0> }
	no_shadow
}
cylinder {
	<28.919020, 41.580082, 39.464577>,  <28.727438, 41.719147, 39.504040>, 0.100000
	pigment { color rgbt <1,0,0,0> }
	no_shadow
}
cylinder {
	<28.919020, 41.580082, 39.464577>,  <29.238323, 41.348309, 39.398808>, 0.100000
	pigment { color rgbt <1,0,0,0> }
	no_shadow
}

// particle -1
sphere {
	<28.919020, 41.580082, 39.464577> 0.100000
	pigment { color rgbt <1,0,0,0> }
	no_shadow
}
sphere {
	0, 1
	scale<0.080000,0.200000,0.300000>
	matrix <0.602311, 0.768203, 0.216990,
		-0.000581, 0.272249, -0.962226,
		-0.798261, 0.579434, 0.164425,
		28.679541, 41.753914, 39.513905>
	pigment { color rgbt <0,1,1,0> }
	no_shadow
}
cylinder {
	<29.426725, 42.040859, 39.130238>,  <29.238323, 41.348309, 39.398808>, 0.130000
	pigment { color rgbt <1,0,0,0> }
	no_shadow
}

// nucleotide -1

// particle -1
sphere {
	<29.426725, 42.040859, 39.130238> 0.250000
	pigment { color rgbt <1,0,0,0> }
	no_shadow
}
cylinder {
	<29.119045, 42.104805, 39.377712>,  <28.934437, 42.143173, 39.526196>, 0.100000
	pigment { color rgbt <1,0,0,0> }
	no_shadow
}
cylinder {
	<29.119045, 42.104805, 39.377712>,  <29.426725, 42.040859, 39.130238>, 0.100000
	pigment { color rgbt <1,0,0,0> }
	no_shadow
}

// particle -1
sphere {
	<29.119045, 42.104805, 39.377712> 0.100000
	pigment { color rgbt <1,0,0,0> }
	no_shadow
}
sphere {
	0, 1
	scale<0.080000,0.200000,0.300000>
	matrix <0.428154, 0.847667, 0.313281,
		-0.474358, 0.505869, -0.720473,
		-0.769200, 0.159866, 0.618688,
		28.888285, 42.152763, 39.563320>
	pigment { color rgbt <0,1,1,0> }
	no_shadow
}
cylinder {
	<29.286377, 42.791401, 39.106712>,  <29.426725, 42.040859, 39.130238>, 0.130000
	pigment { color rgbt <1,0,0,0> }
	no_shadow
}

// nucleotide -1

// particle -1
sphere {
	<29.286377, 42.791401, 39.106712> 0.250000
	pigment { color rgbt <1,0,0,0> }
	no_shadow
}
cylinder {
	<29.151218, 42.642605, 39.452534>,  <29.070124, 42.553326, 39.660027>, 0.100000
	pigment { color rgbt <1,0,0,0> }
	no_shadow
}
cylinder {
	<29.151218, 42.642605, 39.452534>,  <29.286377, 42.791401, 39.106712>, 0.100000
	pigment { color rgbt <1,0,0,0> }
	no_shadow
}

// particle -1
sphere {
	<29.151218, 42.642605, 39.452534> 0.100000
	pigment { color rgbt <1,0,0,0> }
	no_shadow
}
sphere {
	0, 1
	scale<0.080000,0.200000,0.300000>
	matrix <0.416324, 0.764752, 0.491761,
		-0.844098, 0.526098, -0.103539,
		-0.337896, -0.371989, 0.864552,
		29.049850, 42.531010, 39.711899>
	pigment { color rgbt <0,1,1,0> }
	no_shadow
}
cylinder {
	<28.824020, 43.287132, 39.447411>,  <29.286377, 42.791401, 39.106712>, 0.130000
	pigment { color rgbt <1,0,0,0> }
	no_shadow
}

// nucleotide -1

// particle -1
sphere {
	<28.824020, 43.287132, 39.447411> 0.250000
	pigment { color rgbt <1,0,0,0> }
	no_shadow
}
cylinder {
	<29.010103, 43.065090, 39.723221>,  <29.121754, 42.931866, 39.888706>, 0.100000
	pigment { color rgbt <1,0,0,0> }
	no_shadow
}
cylinder {
	<29.010103, 43.065090, 39.723221>,  <28.824020, 43.287132, 39.447411>, 0.100000
	pigment { color rgbt <1,0,0,0> }
	no_shadow
}

// particle -1
sphere {
	<29.010103, 43.065090, 39.723221> 0.100000
	pigment { color rgbt <1,0,0,0> }
	no_shadow
}
sphere {
	0, 1
	scale<0.080000,0.200000,0.300000>
	matrix <0.314206, 0.831771, 0.457636,
		-0.827561, 0.003756, 0.561364,
		0.465208, -0.555105, 0.689521,
		29.149666, 42.898560, 39.930077>
	pigment { color rgbt <0,1,1,0> }
	no_shadow
}
cylinder {
	<28.593912, 43.202660, 40.200840>,  <28.824020, 43.287132, 39.447411>, 0.130000
	pigment { color rgbt <1,0,0,0> }
	no_shadow
}

// nucleotide -1

// particle -1
sphere {
	<28.593912, 43.202660, 40.200840> 0.250000
	pigment { color rgbt <1,0,0,0> }
	no_shadow
}
cylinder {
	<28.988361, 43.139393, 40.221027>,  <29.225031, 43.101433, 40.233139>, 0.100000
	pigment { color rgbt <1,0,0,0> }
	no_shadow
}
cylinder {
	<28.988361, 43.139393, 40.221027>,  <28.593912, 43.202660, 40.200840>, 0.100000
	pigment { color rgbt <1,0,0,0> }
	no_shadow
}

// particle -1
sphere {
	<28.988361, 43.139393, 40.221027> 0.100000
	pigment { color rgbt <1,0,0,0> }
	no_shadow
}
sphere {
	0, 1
	scale<0.080000,0.200000,0.300000>
	matrix <0.108209, 0.842861, 0.527139,
		-0.125908, -0.514363, 0.848279,
		0.986122, -0.158163, 0.050464,
		29.284199, 43.091946, 40.236168>
	pigment { color rgbt <0,1,1,0> }
	no_shadow
}
cylinder {
	<28.808483, 43.863281, 39.952583>,  <28.593912, 43.202660, 40.200840>, 0.130000
	pigment { color rgbt <1,0,0,0> }
	no_shadow
}

// nucleotide -1

// particle -1
sphere {
	<28.808483, 43.863281, 39.952583> 0.250000
	pigment { color rgbt <1,0,0,0> }
	no_shadow
}
cylinder {
	<28.806942, 44.134468, 39.658550>,  <28.806017, 44.297180, 39.482128>, 0.100000
	pigment { color rgbt <1,0,0,0> }
	no_shadow
}
cylinder {
	<28.806942, 44.134468, 39.658550>,  <28.808483, 43.863281, 39.952583>, 0.100000
	pigment { color rgbt <1,0,0,0> }
	no_shadow
}

// particle -1
sphere {
	<28.806942, 44.134468, 39.658550> 0.100000
	pigment { color rgbt <1,0,0,0> }
	no_shadow
}
sphere {
	0, 1
	scale<0.080000,0.200000,0.300000>
	matrix <-0.174680, -0.724245, -0.667050,
		-0.984618, 0.125836, 0.121216,
		-0.003852, 0.677964, -0.735085,
		28.805786, 44.337856, 39.438026>
	pigment { color rgbt <0,1,1,0> }
	no_shadow
}
cylinder {
	<28.219887, 43.732201, 39.619827>,  <28.808483, 43.863281, 39.952583>, 0.130000
	pigment { color rgbt <1,0,0,0> }
	no_shadow
}

// nucleotide -1

// particle -1
sphere {
	<28.219887, 43.732201, 39.619827> 0.250000
	pigment { color rgbt <1,0,0,0> }
	no_shadow
}
cylinder {
	<28.508410, 43.899632, 39.399101>,  <28.681524, 44.000092, 39.266666>, 0.100000
	pigment { color rgbt <1,0,0,0> }
	no_shadow
}
cylinder {
	<28.508410, 43.899632, 39.399101>,  <28.219887, 43.732201, 39.619827>, 0.100000
	pigment { color rgbt <1,0,0,0> }
	no_shadow
}

// particle -1
sphere {
	<28.508410, 43.899632, 39.399101> 0.100000
	pigment { color rgbt <1,0,0,0> }
	no_shadow
}
sphere {
	0, 1
	scale<0.080000,0.200000,0.300000>
	matrix <-0.107444, -0.719449, -0.686184,
		-0.684229, 0.554240, -0.473971,
		0.721308, 0.418582, -0.551818,
		28.724802, 44.025208, 39.233555>
	pigment { color rgbt <0,1,1,0> }
	no_shadow
}
cylinder {
	<28.051092, 43.750156, 38.919666>,  <28.219887, 43.732201, 39.619827>, 0.130000
	pigment { color rgbt <1,0,0,0> }
	no_shadow
}

// nucleotide -1

// particle -1
sphere {
	<28.051092, 43.750156, 38.919666> 0.250000
	pigment { color rgbt <1,0,0,0> }
	no_shadow
}
cylinder {
	<28.447983, 43.730843, 38.965549>,  <28.686117, 43.719254, 38.993080>, 0.100000
	pigment { color rgbt <1,0,0,0> }
	no_shadow
}
cylinder {
	<28.447983, 43.730843, 38.965549>,  <28.051092, 43.750156, 38.919666>, 0.100000
	pigment { color rgbt <1,0,0,0> }
	no_shadow
}

// particle -1
sphere {
	<28.447983, 43.730843, 38.965549> 0.100000
	pigment { color rgbt <1,0,0,0> }
	no_shadow
}
sphere {
	0, 1
	scale<0.080000,0.200000,0.300000>
	matrix <0.037755, -0.761446, -0.647128,
		0.118587, 0.646427, -0.753703,
		0.992226, -0.048285, 0.114703,
		28.745651, 43.716358, 38.999962>
	pigment { color rgbt <0,1,1,0> }
	no_shadow
}
cylinder {
	<27.707693, 44.284294, 38.480507>,  <28.051092, 43.750156, 38.919666>, 0.130000
	pigment { color rgbt <1,0,0,0> }
	no_shadow
}

// nucleotide -1

// particle -1
sphere {
	<27.707693, 44.284294, 38.480507> 0.250000
	pigment { color rgbt <1,0,0,0> }
	no_shadow
}
cylinder {
	<28.054989, 44.414188, 38.330463>,  <28.263367, 44.492126, 38.240437>, 0.100000
	pigment { color rgbt <1,0,0,0> }
	no_shadow
}
cylinder {
	<28.054989, 44.414188, 38.330463>,  <27.707693, 44.284294, 38.480507>, 0.100000
	pigment { color rgbt <1,0,0,0> }
	no_shadow
}

// particle -1
sphere {
	<28.054989, 44.414188, 38.330463> 0.100000
	pigment { color rgbt <1,0,0,0> }
	no_shadow
}
sphere {
	0, 1
	scale<0.080000,0.200000,0.300000>
	matrix <-0.458420, 0.235910, -0.856853,
		-0.189760, 0.915911, 0.353692,
		0.868241, 0.324736, -0.375105,
		28.315460, 44.511608, 38.217934>
	pigment { color rgbt <0,1,1,0> }
	no_shadow
}
cylinder {
	<27.729536, 45.022587, 38.310249>,  <27.707693, 44.284294, 38.480507>, 0.130000
	pigment { color rgbt <1,0,0,0> }
	no_shadow
}

// nucleotide -1

// particle -1
sphere {
	<27.729536, 45.022587, 38.310249> 0.250000
	pigment { color rgbt <1,0,0,0> }
	no_shadow
}
cylinder {
	<27.984417, 44.830120, 38.069431>,  <28.137344, 44.714642, 37.924942>, 0.100000
	pigment { color rgbt <1,0,0,0> }
	no_shadow
}
cylinder {
	<27.984417, 44.830120, 38.069431>,  <27.729536, 45.022587, 38.310249>, 0.100000
	pigment { color rgbt <1,0,0,0> }
	no_shadow
}

// particle -1
sphere {
	<27.984417, 44.830120, 38.069431> 0.100000
	pigment { color rgbt <1,0,0,0> }
	no_shadow
}
sphere {
	0, 1
	scale<0.080000,0.200000,0.300000>
	matrix <-0.530977, 0.292110, -0.795446,
		0.558605, 0.826529, -0.069356,
		0.637200, -0.481167, -0.602042,
		28.175577, 44.685772, 37.888817>
	pigment { color rgbt <0,1,1,0> }
	no_shadow
}
cylinder {
	<27.865551, 45.449722, 37.748058>,  <27.729536, 45.022587, 38.310249>, 0.130000
	pigment { color rgbt <1,0,0,0> }
	no_shadow
}

// nucleotide -1

// particle -1
sphere {
	<27.865551, 45.449722, 37.748058> 0.250000
	pigment { color rgbt <1,0,0,0> }
	no_shadow
}
cylinder {
	<27.898357, 45.058979, 37.669044>,  <27.918041, 44.824532, 37.621635>, 0.100000
	pigment { color rgbt <1,0,0,0> }
	no_shadow
}
cylinder {
	<27.898357, 45.058979, 37.669044>,  <27.865551, 45.449722, 37.748058>, 0.100000
	pigment { color rgbt <1,0,0,0> }
	no_shadow
}

// particle -1
sphere {
	<27.898357, 45.058979, 37.669044> 0.100000
	pigment { color rgbt <1,0,0,0> }
	no_shadow
}
sphere {
	0, 1
	scale<0.080000,0.200000,0.300000>
	matrix <-0.579168, 0.114581, -0.807115,
		0.811072, 0.180603, -0.556368,
		0.082018, -0.976859, -0.197533,
		27.922962, 44.765923, 37.609783>
	pigment { color rgbt <0,1,1,0> }
	no_shadow
}
cylinder {
	<28.217251, 45.291344, 37.051056>,  <27.865551, 45.449722, 37.748058>, 0.130000
	pigment { color rgbt <1,0,0,0> }
	no_shadow
}

// nucleotide -1

// particle -1
sphere {
	<28.217251, 45.291344, 37.051056> 0.250000
	pigment { color rgbt <1,0,0,0> }
	no_shadow
}
cylinder {
	<27.994661, 44.968761, 37.131027>,  <27.861107, 44.775211, 37.179008>, 0.100000
	pigment { color rgbt <1,0,0,0> }
	no_shadow
}
cylinder {
	<27.994661, 44.968761, 37.131027>,  <28.217251, 45.291344, 37.051056>, 0.100000
	pigment { color rgbt <1,0,0,0> }
	no_shadow
}

// particle -1
sphere {
	<27.994661, 44.968761, 37.131027> 0.100000
	pigment { color rgbt <1,0,0,0> }
	no_shadow
}
sphere {
	0, 1
	scale<0.080000,0.200000,0.300000>
	matrix <-0.425200, 0.069683, -0.902413,
		0.713823, -0.587177, -0.381680,
		-0.556473, -0.806454, 0.199926,
		27.827719, 44.726826, 37.191006>
	pigment { color rgbt <0,1,1,0> }
	no_shadow
}
cylinder {
	<27.880857, 45.397964, 36.451050>,  <28.217251, 45.291344, 37.051056>, 0.130000
	pigment { color rgbt <1,0,0,0> }
	no_shadow
}

// nucleotide -1

// particle -1
sphere {
	<27.880857, 45.397964, 36.451050> 0.250000
	pigment { color rgbt <1,0,0,0> }
	no_shadow
}
cylinder {
	<27.740515, 45.073246, 36.637760>,  <27.656309, 44.878414, 36.749786>, 0.100000
	pigment { color rgbt <1,0,0,0> }
	no_shadow
}
cylinder {
	<27.740515, 45.073246, 36.637760>,  <27.880857, 45.397964, 36.451050>, 0.100000
	pigment { color rgbt <1,0,0,0> }
	no_shadow
}

// particle -1
sphere {
	<27.740515, 45.073246, 36.637760> 0.100000
	pigment { color rgbt <1,0,0,0> }
	no_shadow
}
sphere {
	0, 1
	scale<0.080000,0.200000,0.300000>
	matrix <-0.396199, -0.322964, -0.859489,
		0.848484, -0.486496, -0.208320,
		-0.350858, -0.811798, 0.466779,
		27.635258, 44.829708, 36.777794>
	pigment { color rgbt <0,1,1,0> }
	no_shadow
}
cylinder {
	<27.875053, 44.864502, 35.995708>,  <27.880857, 45.397964, 36.451050>, 0.130000
	pigment { color rgbt <1,0,0,0> }
	no_shadow
}

// nucleotide -1

// particle -1
sphere {
	<27.875053, 44.864502, 35.995708> 0.250000
	pigment { color rgbt <1,0,0,0> }
	no_shadow
}
cylinder {
	<27.611456, 44.762642, 36.278801>,  <27.453299, 44.701527, 36.448658>, 0.100000
	pigment { color rgbt <1,0,0,0> }
	no_shadow
}
cylinder {
	<27.611456, 44.762642, 36.278801>,  <27.875053, 44.864502, 35.995708>, 0.100000
	pigment { color rgbt <1,0,0,0> }
	no_shadow
}

// particle -1
sphere {
	<27.611456, 44.762642, 36.278801> 0.100000
	pigment { color rgbt <1,0,0,0> }
	no_shadow
}
sphere {
	0, 1
	scale<0.080000,0.200000,0.300000>
	matrix <-0.591042, -0.406633, -0.696649,
		0.465187, -0.877385, 0.117461,
		-0.658992, -0.254647, 0.707731,
		27.413757, 44.686249, 36.491119>
	pigment { color rgbt <0,1,1,0> }
	no_shadow
}
cylinder {
	<27.820526, 44.228367, 35.850826>,  <27.875053, 44.864502, 35.995708>, 0.130000
	pigment { color rgbt <1,0,0,0> }
	no_shadow
}

// nucleotide -1

// particle -1
sphere {
	<27.820526, 44.228367, 35.850826> 0.250000
	pigment { color rgbt <1,0,0,0> }
	no_shadow
}
cylinder {
	<28.032625, 44.144833, 36.179516>,  <28.159885, 44.094711, 36.376728>, 0.100000
	pigment { color rgbt <1,0,0,0> }
	no_shadow
}
cylinder {
	<28.032625, 44.144833, 36.179516>,  <27.820526, 44.228367, 35.850826>, 0.100000
	pigment { color rgbt <1,0,0,0> }
	no_shadow
}

// particle -1
sphere {
	<28.032625, 44.144833, 36.179516> 0.100000
	pigment { color rgbt <1,0,0,0> }
	no_shadow
}
sphere {
	0, 1
	scale<0.080000,0.200000,0.300000>
	matrix <0.201670, -0.910307, -0.361485,
		0.823508, 0.357393, -0.440573,
		0.530249, -0.208835, 0.821720,
		28.191700, 44.082184, 36.426033>
	pigment { color rgbt <0,1,1,0> }
	no_shadow
}
cylinder {
	<28.421824, 43.906143, 35.595982>,  <27.820526, 44.228367, 35.850826>, 0.130000
	pigment { color rgbt <1,0,0,0> }
	no_shadow
}

// nucleotide -1

// particle -1
sphere {
	<28.421824, 43.906143, 35.595982> 0.250000
	pigment { color rgbt <1,0,0,0> }
	no_shadow
}
cylinder {
	<28.400284, 43.799442, 35.980885>,  <28.387360, 43.735420, 36.211826>, 0.100000
	pigment { color rgbt <1,0,0,0> }
	no_shadow
}
cylinder {
	<28.400284, 43.799442, 35.980885>,  <28.421824, 43.906143, 35.595982>, 0.100000
	pigment { color rgbt <1,0,0,0> }
	no_shadow
}

// particle -1
sphere {
	<28.400284, 43.799442, 35.980885> 0.100000
	pigment { color rgbt <1,0,0,0> }
	no_shadow
}
sphere {
	0, 1
	scale<0.080000,0.200000,0.300000>
	matrix <0.425633, -0.877860, -0.219541,
		0.903292, 0.397747, 0.160811,
		-0.053848, -0.266757, 0.962258,
		28.384129, 43.719414, 36.269562>
	pigment { color rgbt <0,1,1,0> }
	no_shadow
}
cylinder {
	<29.075743, 43.653316, 35.785450>,  <28.421824, 43.906143, 35.595982>, 0.130000
	pigment { color rgbt <1,0,0,0> }
	no_shadow
}

// nucleotide -1

// particle -1
sphere {
	<29.075743, 43.653316, 35.785450> 0.250000
	pigment { color rgbt <1,0,0,0> }
	no_shadow
}
cylinder {
	<28.837225, 43.470554, 36.049469>,  <28.694115, 43.360897, 36.207882>, 0.100000
	pigment { color rgbt <1,0,0,0> }
	no_shadow
}
cylinder {
	<28.837225, 43.470554, 36.049469>,  <29.075743, 43.653316, 35.785450>, 0.100000
	pigment { color rgbt <1,0,0,0> }
	no_shadow
}

// particle -1
sphere {
	<28.837225, 43.470554, 36.049469> 0.100000
	pigment { color rgbt <1,0,0,0> }
	no_shadow
}
sphere {
	0, 1
	scale<0.080000,0.200000,0.300000>
	matrix <0.469807, -0.865333, -0.174586,
		0.650935, 0.205993, 0.730651,
		-0.596293, -0.456909, 0.660052,
		28.658337, 43.333481, 36.247486>
	pigment { color rgbt <0,1,1,0> }
	no_shadow
}
cylinder {
	<29.506502, 43.328545, 36.254189>,  <29.075743, 43.653316, 35.785450>, 0.130000
	pigment { color rgbt <1,0,0,0> }
	no_shadow
}

// nucleotide -1

// particle -1
sphere {
	<29.506502, 43.328545, 36.254189> 0.250000
	pigment { color rgbt <1,0,0,0> }
	no_shadow
}
cylinder {
	<29.149471, 43.154991, 36.303253>,  <28.935253, 43.050858, 36.332691>, 0.100000
	pigment { color rgbt <1,0,0,0> }
	no_shadow
}
cylinder {
	<29.149471, 43.154991, 36.303253>,  <29.506502, 43.328545, 36.254189>, 0.100000
	pigment { color rgbt <1,0,0,0> }
	no_shadow
}

// particle -1
sphere {
	<29.149471, 43.154991, 36.303253> 0.100000
	pigment { color rgbt <1,0,0,0> }
	no_shadow
}
sphere {
	0, 1
	scale<0.080000,0.200000,0.300000>
	matrix <0.450436, -0.845834, 0.285783,
		-0.020246, 0.310335, 0.950411,
		-0.892579, -0.433886, 0.122662,
		28.881697, 43.024826, 36.340054>
	pigment { color rgbt <0,1,1,0> }
	no_shadow
}
cylinder {
	<29.490795, 42.962639, 36.891075>,  <29.506502, 43.328545, 36.254189>, 0.130000
	pigment { color rgbt <1,0,0,0> }
	no_shadow
}

// nucleotide -1

// particle -1
sphere {
	<29.490795, 42.962639, 36.891075> 0.250000
	pigment { color rgbt <1,0,0,0> }
	no_shadow
}
cylinder {
	<29.216784, 42.782211, 36.662247>,  <29.052376, 42.673954, 36.524948>, 0.100000
	pigment { color rgbt <1,0,0,0> }
	no_shadow
}
cylinder {
	<29.216784, 42.782211, 36.662247>,  <29.490795, 42.962639, 36.891075>, 0.100000
	pigment { color rgbt <1,0,0,0> }
	no_shadow
}

// particle -1
sphere {
	<29.216784, 42.782211, 36.662247> 0.100000
	pigment { color rgbt <1,0,0,0> }
	no_shadow
}
sphere {
	0, 1
	scale<0.080000,0.200000,0.300000>
	matrix <0.382705, -0.890996, 0.244261,
		-0.619895, -0.051610, 0.782986,
		-0.685031, -0.451068, -0.572075,
		29.011274, 42.646893, 36.490623>
	pigment { color rgbt <0,1,1,0> }
	no_shadow
}
cylinder {
	<29.417772, 42.325661, 37.202507>,  <29.490795, 42.962639, 36.891075>, 0.130000
	pigment { color rgbt <1,0,0,0> }
	no_shadow
}

// nucleotide -1

// particle -1
sphere {
	<29.417772, 42.325661, 37.202507> 0.250000
	pigment { color rgbt <1,0,0,0> }
	no_shadow
}
cylinder {
	<29.244894, 42.265923, 36.846775>,  <29.141167, 42.230080, 36.633335>, 0.100000
	pigment { color rgbt <1,0,0,0> }
	no_shadow
}
cylinder {
	<29.244894, 42.265923, 36.846775>,  <29.417772, 42.325661, 37.202507>, 0.100000
	pigment { color rgbt <1,0,0,0> }
	no_shadow
}

// particle -1
sphere {
	<29.244894, 42.265923, 36.846775> 0.100000
	pigment { color rgbt <1,0,0,0> }
	no_shadow
}
sphere {
	0, 1
	scale<0.080000,0.200000,0.300000>
	matrix <0.174895, -0.981348, 0.079801,
		-0.884658, -0.121049, 0.450252,
		-0.432194, -0.149344, -0.889328,
		29.115236, 42.221119, 36.579975>
	pigment { color rgbt <0,1,1,0> }
	no_shadow
}
cylinder {
	<29.209011, 41.677158, 37.194969>,  <29.417772, 42.325661, 37.202507>, 0.130000
	pigment { color rgbt <1,0,0,0> }
	no_shadow
}

// nucleotide -1

// particle -1
sphere {
	<29.209011, 41.677158, 37.194969> 0.250000
	pigment { color rgbt <1,0,0,0> }
	no_shadow
}
cylinder {
	<29.182716, 41.726833, 36.798939>,  <29.166939, 41.756638, 36.561321>, 0.100000
	pigment { color rgbt <1,0,0,0> }
	no_shadow
}
cylinder {
	<29.182716, 41.726833, 36.798939>,  <29.209011, 41.677158, 37.194969>, 0.100000
	pigment { color rgbt <1,0,0,0> }
	no_shadow
}

// particle -1
sphere {
	<29.182716, 41.726833, 36.798939> 0.100000
	pigment { color rgbt <1,0,0,0> }
	no_shadow
}
sphere {
	0, 1
	scale<0.080000,0.200000,0.300000>
	matrix <0.111649, -0.985078, -0.130978,
