// switches for output
#declare DRAW_BASES = 1; // possible values are 0, 1; only relevant for DNA ribbons
#declare DRAW_BASES_TYPE = 3; // possible values are 1, 2, 3; only relevant for DNA ribbons
#declare DRAW_FOG = 0; // set to 1 to enable fog

#include "colors.inc"

#include "transforms.inc"
background { rgb <1, 1, 1>}

#default {
   normal{
       ripples 0.25
       frequency 0.20
       turbulence 0.2
       lambda 5
   }
	finish {
		phong 0.1
		phong_size 40.
	}
}

// original window dimensions: 1024x640


// camera settings

camera {
	sky <0, 0.179814, -0.983701>
	up <0, 0.179814, -0.983701>
	right 1.6 * <1, 0, 0>
	location <35, 94.9851, 44.8844>
	look_at <35, 29.7336, 32.9568>
	direction <0, -65.2515, -11.9276>
	angle 67.0682
}


# declare cpy_camera_pos = <35, 94.9851, 44.8844>;
# if (DRAW_FOG = 1)
fog {
	fog_type 2
	up vnormalize(cpy_camera_pos)
	color rgbt<1,1,1,0.3>
	distance 1e-5
	fog_alt 3e-3
	fog_offset 56
}
# end


// LIGHTS

# declare lum = 6;
global_settings {
	ambient_light rgb lum * <0.05, 0.05, 0.05>
	max_trace_level 15
}# declare cpy_direct_light_amount = 0.25;
light_source
{	1000 * <-1, -1.16352, -0.803886>,
	rgb lum * cpy_direct_light_amount
	parallel
}

light_source
{	1000 * <1, 1.16352, 0.803886>,
	rgb lum * cpy_direct_light_amount
	parallel
}

// strand 0

// nucleotide -1

// particle -1
sphere {
	<24.336620, 35.003223, 34.819218> 0.250000
	pigment { color rgbt <1,0,0,0> }
	no_shadow
}
cylinder {
	<24.218924, 35.295460, 35.065685>,  <24.148306, 35.470802, 35.213566>, 0.100000
	pigment { color rgbt <1,0,0,0> }
	no_shadow
}
cylinder {
	<24.218924, 35.295460, 35.065685>,  <24.336620, 35.003223, 34.819218>, 0.100000
	pigment { color rgbt <1,0,0,0> }
	no_shadow
}

// particle -1
sphere {
	<24.218924, 35.295460, 35.065685> 0.100000
	pigment { color rgbt <1,0,0,0> }
	no_shadow
}
sphere {
	0, 1
	scale<0.080000,0.200000,0.300000>
	matrix <0.264771, -0.557163, 0.787061,
		0.918323, 0.394731, -0.029497,
		-0.294242, 0.730587, 0.616169,
		24.130651, 35.514637, 35.250538>
	pigment { color rgbt <0,1,1,0> }
	no_shadow
}
cylinder {
	<24.907404, 35.372421, 35.170940>,  <24.336620, 35.003223, 34.819218>, 0.130000
	pigment { color rgbt <1,0,0,0> }
	no_shadow
}

// nucleotide -1

// particle -1
sphere {
	<24.907404, 35.372421, 35.170940> 0.250000
	pigment { color rgbt <1,0,0,0> }
	no_shadow
}
cylinder {
	<24.589361, 35.325779, 35.409000>,  <24.398535, 35.297794, 35.551838>, 0.100000
	pigment { color rgbt <1,0,0,0> }
	no_shadow
}
cylinder {
	<24.589361, 35.325779, 35.409000>,  <24.907404, 35.372421, 35.170940>, 0.100000
	pigment { color rgbt <1,0,0,0> }
	no_shadow
}

// particle -1
sphere {
	<24.589361, 35.325779, 35.409000> 0.100000
	pigment { color rgbt <1,0,0,0> }
	no_shadow
}
sphere {
	0, 1
	scale<0.080000,0.200000,0.300000>
	matrix <0.559859, -0.518409, 0.646382,
		0.233158, 0.847145, 0.477475,
		-0.795107, -0.116610, 0.595153,
		24.350830, 35.290794, 35.587547>
	pigment { color rgbt <0,1,1,0> }
	no_shadow
}
cylinder {
	<25.146347, 34.598724, 35.400238>,  <24.907404, 35.372421, 35.170940>, 0.130000
	pigment { color rgbt <1,0,0,0> }
	no_shadow
}

// nucleotide -1

// particle -1
sphere {
	<25.146347, 34.598724, 35.400238> 0.250000
	pigment { color rgbt <1,0,0,0> }
	no_shadow
}
cylinder {
	<25.122717, 34.681347, 35.790897>,  <25.108540, 34.730919, 36.025295>, 0.100000
	pigment { color rgbt <1,0,0,0> }
	no_shadow
}
cylinder {
	<25.122717, 34.681347, 35.790897>,  <25.146347, 34.598724, 35.400238>, 0.100000
	pigment { color rgbt <1,0,0,0> }
	no_shadow
}

// particle -1
sphere {
	<25.122717, 34.681347, 35.790897> 0.100000
	pigment { color rgbt <1,0,0,0> }
	no_shadow
}
sphere {
	0, 1
	scale<0.080000,0.200000,0.300000>
	matrix <-0.711342, -0.695112, 0.103982,
		0.700359, -0.688590, 0.187994,
		-0.059075, 0.206553, 0.976651,
		25.104994, 34.743313, 36.083893>
	pigment { color rgbt <0,1,1,0> }
	no_shadow
}
cylinder {
	<25.002073, 34.004208, 35.836979>,  <25.146347, 34.598724, 35.400238>, 0.130000
	pigment { color rgbt <1,0,0,0> }
	no_shadow
}

// nucleotide -1

// particle -1
sphere {
	<25.002073, 34.004208, 35.836979> 0.250000
	pigment { color rgbt <1,0,0,0> }
	no_shadow
}
cylinder {
	<24.867130, 34.296684, 36.074146>,  <24.786163, 34.472168, 36.216446>, 0.100000
	pigment { color rgbt <1,0,0,0> }
	no_shadow
}
cylinder {
	<24.867130, 34.296684, 36.074146>,  <25.002073, 34.004208, 35.836979>, 0.100000
	pigment { color rgbt <1,0,0,0> }
	no_shadow
}

// particle -1
sphere {
	<24.867130, 34.296684, 36.074146> 0.100000
	pigment { color rgbt <1,0,0,0> }
	no_shadow
}
sphere {
	0, 1
	scale<0.080000,0.200000,0.300000>
	matrix <-0.777757, -0.571338, 0.262044,
		0.530360, -0.372745, 0.761433,
		-0.337360, 0.731187, 0.592919,
		24.765923, 34.516041, 36.252022>
	pigment { color rgbt <0,1,1,0> }
	no_shadow
}
cylinder {
	<25.129810, 33.221191, 36.226658>,  <25.002073, 34.004208, 35.836979>, 0.130000
	pigment { color rgbt <1,0,0,0> }
	no_shadow
}

// nucleotide -1

// particle -1
sphere {
	<25.129810, 33.221191, 36.226658> 0.250000
	pigment { color rgbt <1,0,0,0> }
	no_shadow
}
cylinder {
	<24.838760, 33.494045, 36.255646>,  <24.664131, 33.657757, 36.273041>, 0.100000
	pigment { color rgbt <1,0,0,0> }
	no_shadow
}
cylinder {
	<24.838760, 33.494045, 36.255646>,  <25.129810, 33.221191, 36.226658>, 0.100000
	pigment { color rgbt <1,0,0,0> }
	no_shadow
}

// particle -1
sphere {
	<24.838760, 33.494045, 36.255646> 0.100000
	pigment { color rgbt <1,0,0,0> }
	no_shadow
}
sphere {
	0, 1
	scale<0.080000,0.200000,0.300000>
	matrix <-0.175720, -0.083221, -0.980916,
		-0.663089, -0.726472, 0.180419,
		-0.727623, 0.682138, 0.072472,
		24.620474, 33.698689, 36.277386>
	pigment { color rgbt <0,1,1,0> }
	no_shadow
}
cylinder {
	<24.729294, 32.645996, 35.919735>,  <25.129810, 33.221191, 36.226658>, 0.130000
	pigment { color rgbt <1,0,0,0> }
	no_shadow
}

// nucleotide -1

// particle -1
sphere {
	<24.729294, 32.645996, 35.919735> 0.250000
	pigment { color rgbt <1,0,0,0> }
	no_shadow
}
cylinder {
	<25.113092, 32.571804, 35.834919>,  <25.343372, 32.527287, 35.784027>, 0.100000
	pigment { color rgbt <1,0,0,0> }
	no_shadow
}
cylinder {
	<25.113092, 32.571804, 35.834919>,  <24.729294, 32.645996, 35.919735>, 0.100000
	pigment { color rgbt <1,0,0,0> }
	no_shadow
}

// particle -1
sphere {
	<25.113092, 32.571804, 35.834919> 0.100000
	pigment { color rgbt <1,0,0,0> }
	no_shadow
}
sphere {
	0, 1
	scale<0.080000,0.200000,0.300000>
	matrix <0.265452, 0.343173, 0.900982,
		-0.094350, -0.920776, 0.378510,
		0.959497, -0.185484, -0.212043,
		25.400942, 32.516159, 35.771305>
	pigment { color rgbt <0,1,1,0> }
	no_shadow
}
cylinder {
	<25.079378, 32.439674, 36.544239>,  <24.729294, 32.645996, 35.919735>, 0.130000
	pigment { color rgbt <1,0,0,0> }
	no_shadow
}

// nucleotide -1

// particle -1
sphere {
	<25.079378, 32.439674, 36.544239> 0.250000
	pigment { color rgbt <1,0,0,0> }
	no_shadow
}
cylinder {
	<25.362207, 32.599976, 36.311192>,  <25.531906, 32.696156, 36.171364>, 0.100000
	pigment { color rgbt <1,0,0,0> }
	no_shadow
}
cylinder {
	<25.362207, 32.599976, 36.311192>,  <25.079378, 32.439674, 36.544239>, 0.100000
	pigment { color rgbt <1,0,0,0> }
	no_shadow
}

// particle -1
sphere {
	<25.362207, 32.599976, 36.311192> 0.100000
	pigment { color rgbt <1,0,0,0> }
	no_shadow
}
sphere {
	0, 1
	scale<0.080000,0.200000,0.300000>
	matrix <0.502483, 0.294968, 0.812715,
		0.497551, -0.867405, 0.007193,
		0.707075, 0.400752, -0.582618,
		25.574329, 32.720200, 36.136406>
	pigment { color rgbt <0,1,1,0> }
	no_shadow
}
cylinder {
	<25.789642, 32.320030, 36.874352>,  <25.079378, 32.439674, 36.544239>, 0.130000
	pigment { color rgbt <1,0,0,0> }
	no_shadow
}

// nucleotide -1

// particle -1
sphere {
	<25.789642, 32.320030, 36.874352> 0.250000
	pigment { color rgbt <1,0,0,0> }
	no_shadow
}
cylinder {
	<25.878422, 32.616913, 36.621414>,  <25.931688, 32.795044, 36.469650>, 0.100000
	pigment { color rgbt <1,0,0,0> }
	no_shadow
}
cylinder {
	<25.878422, 32.616913, 36.621414>,  <25.789642, 32.320030, 36.874352>, 0.100000
	pigment { color rgbt <1,0,0,0> }
	no_shadow
}

// particle -1
sphere {
	<25.878422, 32.616913, 36.621414> 0.100000
	pigment { color rgbt <1,0,0,0> }
	no_shadow
}
sphere {
	0, 1
	scale<0.080000,0.200000,0.300000>
	matrix <0.526995, 0.454329, 0.718235,
		0.820376, -0.492653, -0.290304,
		0.221947, 0.742211, -0.632347,
		25.945005, 32.839577, 36.431709>
	pigment { color rgbt <0,1,1,0> }
	no_shadow
}
cylinder {
	<26.497841, 32.403389, 36.882053>,  <25.789642, 32.320030, 36.874352>, 0.130000
	pigment { color rgbt <1,0,0,0> }
	no_shadow
}

// nucleotide -1

// particle -1
sphere {
	<26.497841, 32.403389, 36.882053> 0.250000
	pigment { color rgbt <1,0,0,0> }
	no_shadow
}
cylinder {
	<26.378965, 32.756939, 36.737579>,  <26.307640, 32.969067, 36.650894>, 0.100000
	pigment { color rgbt <1,0,0,0> }
	no_shadow
}
cylinder {
	<26.378965, 32.756939, 36.737579>,  <26.497841, 32.403389, 36.882053>, 0.100000
	pigment { color rgbt <1,0,0,0> }
	no_shadow
}

// particle -1
sphere {
	<26.378965, 32.756939, 36.737579> 0.100000
	pigment { color rgbt <1,0,0,0> }
	no_shadow
}
sphere {
	0, 1
	scale<0.080000,0.200000,0.300000>
	matrix <0.619402, 0.466342, 0.631559,
		0.726650, -0.036024, -0.686063,
		-0.297189, 0.883871, -0.361180,
		26.289808, 33.022099, 36.629227>
	pigment { color rgbt <0,1,1,0> }
	no_shadow
}
cylinder {
	<27.073902, 32.816284, 36.893860>,  <26.497841, 32.403389, 36.882053>, 0.130000
	pigment { color rgbt <1,0,0,0> }
	no_shadow
}

// nucleotide -1

// particle -1
sphere {
	<27.073902, 32.816284, 36.893860> 0.250000
	pigment { color rgbt <1,0,0,0> }
	no_shadow
}
cylinder {
	<26.761879, 33.066250, 36.881252>,  <26.574665, 33.216228, 36.873688>, 0.100000
	pigment { color rgbt <1,0,0,0> }
	no_shadow
}
cylinder {
	<26.761879, 33.066250, 36.881252>,  <27.073902, 32.816284, 36.893860>, 0.100000
	pigment { color rgbt <1,0,0,0> }
	no_shadow
}

// particle -1
sphere {
	<26.761879, 33.066250, 36.881252> 0.100000
	pigment { color rgbt <1,0,0,0> }
	no_shadow
}
sphere {
	0, 1
	scale<0.080000,0.200000,0.300000>
	matrix <0.405261, 0.542964, 0.735496,
		0.476735, 0.560956, -0.676796,
		-0.780056, 0.624915, -0.031516,
		26.527863, 33.253723, 36.871796>
	pigment { color rgbt <0,1,1,0> }
	no_shadow
}
cylinder {
	<27.358643, 33.323090, 37.206173>,  <27.073902, 32.816284, 36.893860>, 0.130000
	pigment { color rgbt <1,0,0,0> }
	no_shadow
}

// nucleotide -1

// particle -1
sphere {
	<27.358643, 33.323090, 37.206173> 0.250000
	pigment { color rgbt <1,0,0,0> }
	no_shadow
}
cylinder {
	<26.982233, 33.457779, 37.192978>,  <26.756388, 33.538593, 37.185059>, 0.100000
	pigment { color rgbt <1,0,0,0> }
	no_shadow
}
cylinder {
	<26.982233, 33.457779, 37.192978>,  <27.358643, 33.323090, 37.206173>, 0.100000
	pigment { color rgbt <1,0,0,0> }
	no_shadow
}

// particle -1
sphere {
	<26.982233, 33.457779, 37.192978> 0.100000
	pigment { color rgbt <1,0,0,0> }
	no_shadow
}
sphere {
	0, 1
	scale<0.080000,0.200000,0.300000>
	matrix <0.201351, 0.635706, 0.745208,
		0.271904, 0.694616, -0.666016,
		-0.941024, 0.336728, -0.032989,
		26.699926, 33.558796, 37.183083>
	pigment { color rgbt <0,1,1,0> }
	no_shadow
}
cylinder {
	<27.382841, 33.966103, 36.959824>,  <27.358643, 33.323090, 37.206173>, 0.130000
	pigment { color rgbt <1,0,0,0> }
	no_shadow
}

// nucleotide -1

// particle -1
sphere {
	<27.382841, 33.966103, 36.959824> 0.250000
	pigment { color rgbt <1,0,0,0> }
	no_shadow
}
cylinder {
	<27.082825, 33.882847, 37.210938>,  <26.902815, 33.832893, 37.361607>, 0.100000
	pigment { color rgbt <1,0,0,0> }
	no_shadow
}
cylinder {
	<27.082825, 33.882847, 37.210938>,  <27.382841, 33.966103, 36.959824>, 0.100000
	pigment { color rgbt <1,0,0,0> }
	no_shadow
}

// particle -1
sphere {
	<27.082825, 33.882847, 37.210938> 0.100000
	pigment { color rgbt <1,0,0,0> }
	no_shadow
}
sphere {
	0, 1
	scale<0.080000,0.200000,0.300000>
	matrix <0.294502, 0.744799, 0.598784,
		-0.592207, 0.633997, -0.497332,
		-0.750039, -0.208139, 0.627789,
		26.857813, 33.820404, 37.399273>
	pigment { color rgbt <0,1,1,0> }
	no_shadow
}
cylinder {
	<27.097092, 34.628510, 37.162956>,  <27.382841, 33.966103, 36.959824>, 0.130000
	pigment { color rgbt <1,0,0,0> }
	no_shadow
}

// nucleotide -1

// particle -1
sphere {
	<27.097092, 34.628510, 37.162956> 0.250000
	pigment { color rgbt <1,0,0,0> }
	no_shadow
}
cylinder {
	<26.971857, 34.384583, 37.454189>,  <26.896717, 34.238228, 37.628929>, 0.100000
	pigment { color rgbt <1,0,0,0> }
	no_shadow
}
cylinder {
	<26.971857, 34.384583, 37.454189>,  <27.097092, 34.628510, 37.162956>, 0.100000
	pigment { color rgbt <1,0,0,0> }
	no_shadow
}

// particle -1
sphere {
	<26.971857, 34.384583, 37.454189> 0.100000
	pigment { color rgbt <1,0,0,0> }
	no_shadow
}
sphere {
	0, 1
	scale<0.080000,0.200000,0.300000>
	matrix <0.365383, 0.630273, 0.685019,
		-0.876625, 0.480498, 0.025487,
		-0.313086, -0.609817, 0.728079,
		26.877932, 34.201637, 37.672615>
	pigment { color rgbt <0,1,1,0> }
	no_shadow
}
cylinder {
	<26.823400, 35.068359, 37.663101>,  <27.097092, 34.628510, 37.162956>, 0.130000
	pigment { color rgbt <1,0,0,0> }
	no_shadow
}

// nucleotide -1

// particle -1
sphere {
	<26.823400, 35.068359, 37.663101> 0.250000
	pigment { color rgbt <1,0,0,0> }
	no_shadow
}
cylinder {
	<26.916586, 34.736393, 37.865868>,  <26.972496, 34.537212, 37.987526>, 0.100000
	pigment { color rgbt <1,0,0,0> }
	no_shadow
}
cylinder {
	<26.916586, 34.736393, 37.865868>,  <26.823400, 35.068359, 37.663101>, 0.100000
	pigment { color rgbt <1,0,0,0> }
	no_shadow
}

// particle -1
sphere {
	<26.916586, 34.736393, 37.865868> 0.100000
	pigment { color rgbt <1,0,0,0> }
	no_shadow
}
sphere {
	0, 1
	scale<0.080000,0.200000,0.300000>
	matrix <0.282629, 0.556536, 0.781274,
		-0.930511, -0.038738, 0.364211,
		0.232962, -0.829920, 0.506914,
		26.986475, 34.487415, 38.017941>
	pigment { color rgbt <0,1,1,0> }
	no_shadow
}
cylinder {
	<26.413134, 35.152214, 38.341454>,  <26.823400, 35.068359, 37.663101>, 0.130000
	pigment { color rgbt <1,0,0,0> }
	no_shadow
}

// nucleotide -1

// particle -1
sphere {
	<26.413134, 35.152214, 38.341454> 0.250000
	pigment { color rgbt <1,0,0,0> }
	no_shadow
}
cylinder {
	<26.721678, 34.897835, 38.351032>,  <26.906805, 34.745209, 38.356777>, 0.100000
	pigment { color rgbt <1,0,0,0> }
	no_shadow
}
cylinder {
	<26.721678, 34.897835, 38.351032>,  <26.413134, 35.152214, 38.341454>, 0.100000
	pigment { color rgbt <1,0,0,0> }
	no_shadow
}

// particle -1
sphere {
	<26.721678, 34.897835, 38.351032> 0.100000
	pigment { color rgbt <1,0,0,0> }
	no_shadow
}
sphere {
	0, 1
	scale<0.080000,0.200000,0.300000>
	matrix <0.329229, 0.430965, 0.840165,
		-0.544620, -0.640187, 0.541802,
		0.771361, -0.635948, 0.023944,
		26.953087, 34.707050, 38.358215>
	pigment { color rgbt <0,1,1,0> }
	no_shadow
}
cylinder {
	<26.389191, 34.997768, 39.016224>,  <26.413134, 35.152214, 38.341454>, 0.130000
	pigment { color rgbt <1,0,0,0> }
	no_shadow
}

// nucleotide -1

// particle -1
sphere {
	<26.389191, 34.997768, 39.016224> 0.250000
	pigment { color rgbt <1,0,0,0> }
	no_shadow
}
cylinder {
	<26.744631, 34.850021, 38.907444>,  <26.957895, 34.761375, 38.842175>, 0.100000
	pigment { color rgbt <1,0,0,0> }
	no_shadow
}
cylinder {
	<26.744631, 34.850021, 38.907444>,  <26.389191, 34.997768, 39.016224>, 0.100000
	pigment { color rgbt <1,0,0,0> }
	no_shadow
}

// particle -1
sphere {
	<26.744631, 34.850021, 38.907444> 0.100000
	pigment { color rgbt <1,0,0,0> }
	no_shadow
}
sphere {
	0, 1
	scale<0.080000,0.200000,0.300000>
	matrix <0.346664, 0.152571, 0.925498,
		-0.300354, -0.916674, 0.263620,
		0.888601, -0.369365, -0.271953,
		27.011211, 34.739212, 38.825859>
	pigment { color rgbt <0,1,1,0> }
	no_shadow
}
cylinder {
	<26.601561, 34.656216, 39.582676>,  <26.389191, 34.997768, 39.016224>, 0.130000
	pigment { color rgbt <1,0,0,0> }
	no_shadow
}

// nucleotide -1

// particle -1
sphere {
	<26.601561, 34.656216, 39.582676> 0.250000
	pigment { color rgbt <1,0,0,0> }
	no_shadow
}
cylinder {
	<26.930809, 34.725441, 39.366337>,  <27.128359, 34.766975, 39.236534>, 0.100000
	pigment { color rgbt <1,0,0,0> }
	no_shadow
}
cylinder {
	<26.930809, 34.725441, 39.366337>,  <26.601561, 34.656216, 39.582676>, 0.100000
	pigment { color rgbt <1,0,0,0> }
	no_shadow
}

// particle -1
sphere {
	<26.930809, 34.725441, 39.366337> 0.100000
	pigment { color rgbt <1,0,0,0> }
	no_shadow
}
sphere {
	0, 1
	scale<0.080000,0.200000,0.300000>
	matrix <0.459952, 0.355390, 0.813721,
		0.333028, -0.918559, 0.212936,
		0.823126, 0.173052, -0.540848,
		27.177746, 34.777359, 39.204082>
	pigment { color rgbt <0,1,1,0> }
	no_shadow
}
cylinder {
	<27.060738, 34.447102, 39.998100>,  <26.601561, 34.656216, 39.582676>, 0.130000
	pigment { color rgbt <1,0,0,0> }
	no_shadow
}

// nucleotide -1

// particle -1
sphere {
	<27.060738, 34.447102, 39.998100> 0.250000
	pigment { color rgbt <1,0,0,0> }
	no_shadow
}
cylinder {
	<27.265234, 34.682995, 39.748028>,  <27.387932, 34.824532, 39.597984>, 0.100000
	pigment { color rgbt <1,0,0,0> }
	no_shadow
}
cylinder {
	<27.265234, 34.682995, 39.748028>,  <27.060738, 34.447102, 39.998100>, 0.100000
	pigment { color rgbt <1,0,0,0> }
	no_shadow
}

// particle -1
sphere {
	<27.265234, 34.682995, 39.748028> 0.100000
	pigment { color rgbt <1,0,0,0> }
	no_shadow
}
sphere {
	0, 1
	scale<0.080000,0.200000,0.300000>
	matrix <0.493681, 0.393929, 0.775305,
		0.703498, -0.705008, -0.089746,
		0.511243, 0.589732, -0.625178,
		27.418608, 34.859913, 39.560474>
	pigment { color rgbt <0,1,1,0> }
	no_shadow
}
cylinder {
	<27.796734, 34.372299, 40.086342>,  <27.060738, 34.447102, 39.998100>, 0.130000
	pigment { color rgbt <1,0,0,0> }
	no_shadow
}

// nucleotide -1

// particle -1
sphere {
	<27.796734, 34.372299, 40.086342> 0.250000
	pigment { color rgbt <1,0,0,0> }
	no_shadow
}
cylinder {
	<27.730856, 34.730961, 39.921955>,  <27.691328, 34.946156, 39.823322>, 0.100000
	pigment { color rgbt <1,0,0,0> }
	no_shadow
}
cylinder {
	<27.730856, 34.730961, 39.921955>,  <27.796734, 34.372299, 40.086342>, 0.100000
	pigment { color rgbt <1,0,0,0> }
	no_shadow
}

// particle -1
sphere {
	<27.730856, 34.730961, 39.921955> 0.100000
	pigment { color rgbt <1,0,0,0> }
	no_shadow
}
sphere {
	0, 1
	scale<0.080000,0.200000,0.300000>
	matrix <0.403393, 0.441451, 0.801496,
		0.900083, -0.033778, -0.434408,
		-0.164697, 0.896650, -0.410968,
		27.681446, 34.999954, 39.798664>
	pigment { color rgbt <0,1,1,0> }
	no_shadow
}
cylinder {
	<28.396130, 34.774498, 40.211567>,  <27.796734, 34.372299, 40.086342>, 0.130000
	pigment { color rgbt <1,0,0,0> }
	no_shadow
}

// nucleotide -1

// particle -1
sphere {
	<28.396130, 34.774498, 40.211567> 0.250000
	pigment { color rgbt <1,0,0,0> }
	no_shadow
}
cylinder {
	<28.135408, 35.068401, 40.136436>,  <27.978975, 35.244743, 40.091358>, 0.100000
	pigment { color rgbt <1,0,0,0> }
	no_shadow
}
cylinder {
	<28.135408, 35.068401, 40.136436>,  <28.396130, 34.774498, 40.211567>, 0.100000
	pigment { color rgbt <1,0,0,0> }
	no_shadow
}

// particle -1
sphere {
	<28.135408, 35.068401, 40.136436> 0.100000
	pigment { color rgbt <1,0,0,0> }
	no_shadow
}
sphere {
	0, 1
	scale<0.080000,0.200000,0.300000>
	matrix <0.502076, 0.603692, 0.619255,
		0.568395, 0.309327, -0.762393,
		-0.651803, 0.734761, -0.187830,
		27.939867, 35.288830, 40.080086>
	pigment { color rgbt <0,1,1,0> }
	no_shadow
}
cylinder {
	<28.820700, 35.329823, 40.287125>,  <28.396130, 34.774498, 40.211567>, 0.130000
	pigment { color rgbt <1,0,0,0> }
	no_shadow
}

// nucleotide -1

// particle -1
sphere {
	<28.820700, 35.329823, 40.287125> 0.250000
	pigment { color rgbt <1,0,0,0> }
	no_shadow
}
cylinder {
	<28.460302, 35.503307, 40.291164>,  <28.244064, 35.607399, 40.293587>, 0.100000
	pigment { color rgbt <1,0,0,0> }
	no_shadow
}
cylinder {
	<28.460302, 35.503307, 40.291164>,  <28.820700, 35.329823, 40.287125>, 0.100000
	pigment { color rgbt <1,0,0,0> }
	no_shadow
}

// particle -1
sphere {
	<28.460302, 35.503307, 40.291164> 0.100000
	pigment { color rgbt <1,0,0,0> }
	no_shadow
}
sphere {
	0, 1
	scale<0.080000,0.200000,0.300000>
	matrix <0.373806, 0.764304, 0.525460,
		0.220180, 0.477212, -0.850758,
		-0.900994, 0.433714, 0.010100,
		28.190004, 35.633423, 40.294193>
	pigment { color rgbt <0,1,1,0> }
	no_shadow
}
cylinder {
	<28.807404, 36.027340, 39.927330>,  <28.820700, 35.329823, 40.287125>, 0.130000
	pigment { color rgbt <1,0,0,0> }
	no_shadow
}

// nucleotide -1

// particle -1
sphere {
	<28.807404, 36.027340, 39.927330> 0.250000
	pigment { color rgbt <1,0,0,0> }
	no_shadow
}
cylinder {
	<28.515265, 36.031815, 40.200523>,  <28.339981, 36.034500, 40.364441>, 0.100000
	pigment { color rgbt <1,0,0,0> }
	no_shadow
}
cylinder {
	<28.515265, 36.031815, 40.200523>,  <28.807404, 36.027340, 39.927330>, 0.100000
	pigment { color rgbt <1,0,0,0> }
	no_shadow
}

// particle -1
sphere {
	<28.515265, 36.031815, 40.200523> 0.100000
	pigment { color rgbt <1,0,0,0> }
	no_shadow
}
sphere {
	0, 1
	scale<0.080000,0.200000,0.300000>
	matrix <0.464509, 0.741221, 0.484585,
		-0.500823, 0.671168, -0.546544,
		-0.730348, 0.011183, 0.682984,
		28.296160, 36.035168, 40.405418>
	pigment { color rgbt <0,1,1,0> }
	no_shadow
}
cylinder {
	<28.806074, 36.665909, 40.196842>,  <28.807404, 36.027340, 39.927330>, 0.130000
	pigment { color rgbt <1,0,0,0> }
	no_shadow
}

// nucleotide -1

// particle -1
sphere {
	<28.806074, 36.665909, 40.196842> 0.250000
	pigment { color rgbt <1,0,0,0> }
	no_shadow
}
cylinder {
	<28.587118, 36.497856, 40.486355>,  <28.455746, 36.397026, 40.660061>, 0.100000
	pigment { color rgbt <1,0,0,0> }
	no_shadow
}
cylinder {
	<28.587118, 36.497856, 40.486355>,  <28.806074, 36.665909, 40.196842>, 0.100000
	pigment { color rgbt <1,0,0,0> }
	no_shadow
}

// particle -1
sphere {
	<28.587118, 36.497856, 40.486355> 0.100000
	pigment { color rgbt <1,0,0,0> }
	no_shadow
}
sphere {
	0, 1
	scale<0.080000,0.200000,0.300000>
	matrix <0.362596, 0.660401, 0.657567,
		-0.754249, 0.622384, -0.209158,
		-0.547388, -0.420129, 0.723780,
		28.422901, 36.371819, 40.703487>
	pigment { color rgbt <0,1,1,0> }
	no_shadow
}
cylinder {
	<28.636580, 37.178925, 40.711407>,  <28.806074, 36.665909, 40.196842>, 0.130000
	pigment { color rgbt <1,0,0,0> }
	no_shadow
}

// nucleotide -1

// particle -1
sphere {
	<28.636580, 37.178925, 40.711407> 0.250000
	pigment { color rgbt <1,0,0,0> }
	no_shadow
}
cylinder {
	<28.631285, 36.808960, 40.863384>,  <28.628107, 36.586979, 40.954571>, 0.100000
	pigment { color rgbt <1,0,0,0> }
	no_shadow
}
cylinder {
	<28.631285, 36.808960, 40.863384>,  <28.636580, 37.178925, 40.711407>, 0.100000
	pigment { color rgbt <1,0,0,0> }
	no_shadow
}

// particle -1
sphere {
	<28.631285, 36.808960, 40.863384> 0.100000
	pigment { color rgbt <1,0,0,0> }
	no_shadow
}
sphere {
	0, 1
	scale<0.080000,0.200000,0.300000>
	matrix <0.441133, 0.335597, 0.832332,
		-0.897344, 0.178625, 0.403567,
		-0.013239, -0.924915, 0.379943,
		28.627314, 36.531487, 40.977367>
	pigment { color rgbt <0,1,1,0> }
	no_shadow
}
cylinder {
	<28.826132, 37.327431, 41.349365>,  <28.636580, 37.178925, 40.711407>, 0.130000
	pigment { color rgbt <1,0,0,0> }
	no_shadow
}

// nucleotide -1

// particle -1
sphere {
	<28.826132, 37.327431, 41.349365> 0.250000
	pigment { color rgbt <1,0,0,0> }
	no_shadow
}
cylinder {
	<28.877497, 36.931030, 41.334282>,  <28.908316, 36.693188, 41.325233>, 0.100000
	pigment { color rgbt <1,0,0,0> }
	no_shadow
}
cylinder {
	<28.877497, 36.931030, 41.334282>,  <28.826132, 37.327431, 41.349365>, 0.100000
	pigment { color rgbt <1,0,0,0> }
	no_shadow
}

// particle -1
sphere {
	<28.877497, 36.931030, 41.334282> 0.100000
	pigment { color rgbt <1,0,0,0> }
	no_shadow
}
sphere {
	0, 1
	scale<0.080000,0.200000,0.300000>
	matrix <0.671345, 0.058878, 0.738803,
		-0.729937, -0.120186, 0.672866,
		0.128411, -0.991004, -0.037709,
		28.916019, 36.633728, 41.322968>
	pigment { color rgbt <0,1,1,0> }
	no_shadow
}
cylinder {
	<28.760420, 37.115307, 41.993141>,  <28.826132, 37.327431, 41.349365>, 0.130000
	pigment { color rgbt <1,0,0,0> }
	no_shadow
}

// nucleotide -1

// particle -1
sphere {
	<28.760420, 37.115307, 41.993141> 0.250000
	pigment { color rgbt <1,0,0,0> }
	no_shadow
}
cylinder {
	<28.922630, 36.797749, 41.811913>,  <29.019957, 36.607212, 41.703175>, 0.100000
	pigment { color rgbt <1,0,0,0> }
	no_shadow
}
cylinder {
	<28.922630, 36.797749, 41.811913>,  <28.760420, 37.115307, 41.993141>, 0.100000
	pigment { color rgbt <1,0,0,0> }
	no_shadow
}

// particle -1
sphere {
	<28.922630, 36.797749, 41.811913> 0.100000
	pigment { color rgbt <1,0,0,0> }
	no_shadow
}
sphere {
	0, 1
	scale<0.080000,0.200000,0.300000>
	matrix <0.646233, -0.101547, 0.756354,
		-0.646475, -0.599513, 0.471862,
		0.405527, -0.793897, -0.453073,
		29.044289, 36.559578, 41.675991>
	pigment { color rgbt <0,1,1,0> }
	no_shadow
}
cylinder {
	<28.692459, 36.535439, 42.538235>,  <28.760420, 37.115307, 41.993141>, 0.130000
	pigment { color rgbt <1,0,0,0> }
	no_shadow
}

// nucleotide -1

// particle -1
sphere {
	<28.692459, 36.535439, 42.538235> 0.250000
	pigment { color rgbt <1,0,0,0> }
	no_shadow
}
cylinder {
	<28.994677, 36.491291, 42.279942>,  <29.176006, 36.464802, 42.124966>, 0.100000
	pigment { color rgbt <1,0,0,0> }
	no_shadow
}
cylinder {
	<28.994677, 36.491291, 42.279942>,  <28.692459, 36.535439, 42.538235>, 0.100000
	pigment { color rgbt <1,0,0,0> }
	no_shadow
}

// particle -1
sphere {
	<28.994677, 36.491291, 42.279942> 0.100000
	pigment { color rgbt <1,0,0,0> }
	no_shadow
}
sphere {
	0, 1
	scale<0.080000,0.200000,0.300000>
	matrix <0.623521, -0.181184, 0.760522,
		-0.200941, -0.977235, -0.068070,
		0.755543, -0.110377, -0.645734,
		29.221340, 36.458179, 42.086220>
	pigment { color rgbt <0,1,1,0> }
	no_shadow
}
cylinder {
	<29.327953, 36.855083, 42.646431>,  <28.692459, 36.535439, 42.538235>, 0.130000
	pigment { color rgbt <1,0,0,0> }
	no_shadow
}

// nucleotide -1

// particle -1
sphere {
	<29.327953, 36.855083, 42.646431> 0.250000
	pigment { color rgbt <1,0,0,0> }
	no_shadow
}
cylinder {
	<29.587954, 37.073887, 42.857441>,  <29.743954, 37.205170, 42.984047>, 0.100000
	pigment { color rgbt <1,0,0,0> }
	no_shadow
}
cylinder {
	<29.587954, 37.073887, 42.857441>,  <29.327953, 36.855083, 42.646431>, 0.100000
	pigment { color rgbt <1,0,0,0> }
	no_shadow
}

// particle -1
sphere {
	<29.587954, 37.073887, 42.857441> 0.100000
	pigment { color rgbt <1,0,0,0> }
	no_shadow
}
sphere {
	0, 1
	scale<0.080000,0.200000,0.300000>
	matrix <-0.141869, 0.769316, -0.622917,
		-0.746574, 0.330057, 0.577659,
		0.650001, 0.547005, 0.527526,
		29.782953, 37.237988, 43.015697>
	pigment { color rgbt <0,1,1,0> }
	no_shadow
}
cylinder {
	<29.056347, 37.518948, 42.938854>,  <29.327953, 36.855083, 42.646431>, 0.130000
	pigment { color rgbt <1,0,0,0> }
	no_shadow
}

// nucleotide -1

// particle -1
sphere {
	<29.056347, 37.518948, 42.938854> 0.250000
	pigment { color rgbt <1,0,0,0> }
	no_shadow
}
cylinder {
	<29.449482, 37.525440, 42.865349>,  <29.685362, 37.529335, 42.821247>, 0.100000
	pigment { color rgbt <1,0,0,0> }
	no_shadow
}
cylinder {
	<29.449482, 37.525440, 42.865349>,  <29.056347, 37.518948, 42.938854>, 0.100000
	pigment { color rgbt <1,0,0,0> }
	no_shadow
}

// particle -1
sphere {
	<29.449482, 37.525440, 42.865349> 0.100000
	pigment { color rgbt <1,0,0,0> }
	no_shadow
}
sphere {
	0, 1
	scale<0.080000,0.200000,0.300000>
	matrix <-0.137914, 0.726254, -0.673450,
		0.122525, 0.687235, 0.716028,
		0.982836, 0.016236, -0.183764,
		29.744333, 37.530312, 42.810219>
	pigment { color rgbt <0,1,1,0> }
	no_shadow
}
cylinder {
	<29.204729, 38.123920, 42.765755>,  <29.056347, 37.518948, 42.938854>, 0.130000
	pigment { color rgbt <1,0,0,0> }
	no_shadow
}

// nucleotide -1

// particle -1
sphere {
	<29.204729, 38.123920, 42.765755> 0.250000
	pigment { color rgbt <1,0,0,0> }
	no_shadow
}
cylinder {
	<29.542984, 37.944687, 42.649746>,  <29.745937, 37.837147, 42.580139>, 0.100000
	pigment { color rgbt <1,0,0,0> }
	no_shadow
}
cylinder {
	<29.542984, 37.944687, 42.649746>,  <29.204729, 38.123920, 42.765755>, 0.100000
	pigment { color rgbt <1,0,0,0> }
	no_shadow
}

// particle -1
sphere {
	<29.542984, 37.944687, 42.649746> 0.100000
	pigment { color rgbt <1,0,0,0> }
	no_shadow
}
sphere {
	0, 1
	scale<0.080000,0.200000,0.300000>
	matrix <0.031703, 0.584575, -0.810720,
		0.532814, 0.676381, 0.508545,
		0.845638, -0.448086, -0.290026,
		29.796675, 37.810261, 42.562737>
	pigment { color rgbt <0,1,1,0> }
	no_shadow
}
cylinder {
	<29.584986, 38.646378, 42.526405>,  <29.204729, 38.123920, 42.765755>, 0.130000
	pigment { color rgbt <1,0,0,0> }
	no_shadow
}

// nucleotide -1

// particle -1
sphere {
	<29.584986, 38.646378, 42.526405> 0.250000
	pigment { color rgbt <1,0,0,0> }
	no_shadow
}
cylinder {
	<29.699570, 38.306377, 42.349567>,  <29.768320, 38.102379, 42.243465>, 0.100000
	pigment { color rgbt <1,0,0,0> }
	no_shadow
}
cylinder {
	<29.699570, 38.306377, 42.349567>,  <29.584986, 38.646378, 42.526405>, 0.100000
	pigment { color rgbt <1,0,0,0> }
	no_shadow
}

// particle -1
sphere {
	<29.699570, 38.306377, 42.349567> 0.100000
	pigment { color rgbt <1,0,0,0> }
	no_shadow
}
sphere {
	0, 1
	scale<0.080000,0.200000,0.300000>
	matrix <0.003488, 0.462350, -0.886691,
		0.958086, 0.252459, 0.135409,
		0.286459, -0.849998, -0.442090,
		29.785507, 38.051376, 42.216942>
	pigment { color rgbt <0,1,1,0> }
	no_shadow
}
cylinder {
	<29.477791, 38.353184, 41.772869>,  <29.584986, 38.646378, 42.526405>, 0.130000
	pigment { color rgbt <1,0,0,0> }
	no_shadow
}

// nucleotide -1

// particle -1
sphere {
	<29.477791, 38.353184, 41.772869> 0.250000
	pigment { color rgbt <1,0,0,0> }
	no_shadow
}
cylinder {
	<29.344019, 38.664120, 41.986000>,  <29.263756, 38.850681, 42.113876>, 0.100000
	pigment { color rgbt <1,0,0,0> }
	no_shadow
}
cylinder {
	<29.344019, 38.664120, 41.986000>,  <29.477791, 38.353184, 41.772869>, 0.100000
	pigment { color rgbt <1,0,0,0> }
	no_shadow
}

// particle -1
sphere {
	<29.344019, 38.664120, 41.986000> 0.100000
	pigment { color rgbt <1,0,0,0> }
	no_shadow
}
sphere {
	0, 1
	scale<0.080000,0.200000,0.300000>
	matrix <-0.775720, -0.548120, 0.312767,
		0.535177, -0.308722, 0.786305,
		-0.334432, 0.777339, 0.532823,
		29.243689, 38.897320, 42.145847>
	pigment { color rgbt <0,1,1,0> }
	no_shadow
}
cylinder {
	<30.053886, 38.686974, 41.515751>,  <29.477791, 38.353184, 41.772869>, 0.130000
	pigment { color rgbt <1,0,0,0> }
	no_shadow
}

// nucleotide -1

// particle -1
sphere {
	<30.053886, 38.686974, 41.515751> 0.250000
	pigment { color rgbt <1,0,0,0> }
	no_shadow
}
cylinder {
	<30.400484, 38.866386, 41.428104>,  <30.608442, 38.974033, 41.375515>, 0.100000
	pigment { color rgbt <1,0,0,0> }
	no_shadow
}
cylinder {
	<30.400484, 38.866386, 41.428104>,  <30.053886, 38.686974, 41.515751>, 0.100000
	pigment { color rgbt <1,0,0,0> }
	no_shadow
}

// particle -1
sphere {
	<30.400484, 38.866386, 41.428104> 0.100000
	pigment { color rgbt <1,0,0,0> }
	no_shadow
}
sphere {
	0, 1
	scale<0.080000,0.200000,0.300000>
	matrix <0.213377, -0.729616, -0.649716,
		-0.451288, 0.516219, -0.727913,
		0.866492, 0.448529, -0.219118,
		30.660431, 39.000946, 41.362370>
	pigment { color rgbt <0,1,1,0> }
	no_shadow
}
cylinder {
	<30.166330, 38.742397, 40.716354>,  <30.053886, 38.686974, 41.515751>, 0.130000
	pigment { color rgbt <1,0,0,0> }
	no_shadow
}

// nucleotide -1

// particle -1
sphere {
	<30.166330, 38.742397, 40.716354> 0.250000
	pigment { color rgbt <1,0,0,0> }
	no_shadow
}
cylinder {
	<30.513924, 38.741947, 40.914288>,  <30.722481, 38.741676, 41.033047>, 0.100000
	pigment { color rgbt <1,0,0,0> }
	no_shadow
}
cylinder {
	<30.513924, 38.741947, 40.914288>,  <30.166330, 38.742397, 40.716354>, 0.100000
	pigment { color rgbt <1,0,0,0> }
	no_shadow
}

// particle -1
sphere {
	<30.513924, 38.741947, 40.914288> 0.100000
	pigment { color rgbt <1,0,0,0> }
	no_shadow
}
sphere {
	0, 1
	scale<0.080000,0.200000,0.300000>
	matrix <0.300138, -0.793856, -0.528876,
		0.393422, 0.608105, -0.689512,
		0.868986, -0.001123, 0.494836,
		30.774620, 38.741611, 41.062737>
	pigment { color rgbt <0,1,1,0> }
	no_shadow
}
cylinder {
	<30.769764, 38.976818, 40.421711>,  <30.166330, 38.742397, 40.716354>, 0.130000
	pigment { color rgbt <1,0,0,0> }
	no_shadow
}

// nucleotide -1

// particle -1
sphere {
	<30.769764, 38.976818, 40.421711> 0.250000
	pigment { color rgbt <1,0,0,0> }
	no_shadow
}
cylinder {
	<30.881325, 38.668129, 40.650330>,  <30.948261, 38.482918, 40.787502>, 0.100000
	pigment { color rgbt <1,0,0,0> }
	no_shadow
}
cylinder {
	<30.881325, 38.668129, 40.650330>,  <30.769764, 38.976818, 40.421711>, 0.100000
	pigment { color rgbt <1,0,0,0> }
	no_shadow
}

// particle -1
sphere {
	<30.881325, 38.668129, 40.650330> 0.100000
	pigment { color rgbt <1,0,0,0> }
	no_shadow
}
sphere {
	0, 1
	scale<0.080000,0.200000,0.300000>
	matrix <0.108493, -0.566030, -0.817214,
		0.954171, 0.289931, -0.074141,
		0.278902, -0.771719, 0.571545,
		30.964994, 38.436615, 40.821793>
	pigment { color rgbt <0,1,1,0> }
	no_shadow
}
cylinder {
	<31.365812, 38.602497, 40.170738>,  <30.769764, 38.976818, 40.421711>, 0.130000
	pigment { color rgbt <1,0,0,0> }
	no_shadow
}

// nucleotide -1

// particle -1
sphere {
	<31.365812, 38.602497, 40.170738> 0.250000
	pigment { color rgbt <1,0,0,0> }
	no_shadow
}
cylinder {
	<31.145943, 38.344158, 40.382675>,  <31.014021, 38.189156, 40.509838>, 0.100000
	pigment { color rgbt <1,0,0,0> }
	no_shadow
}
cylinder {
	<31.145943, 38.344158, 40.382675>,  <31.365812, 38.602497, 40.170738>, 0.100000
	pigment { color rgbt <1,0,0,0> }
	no_shadow
}

// particle -1
sphere {
	<31.145943, 38.344158, 40.382675> 0.100000
	pigment { color rgbt <1,0,0,0> }
	no_shadow
}
sphere {
	0, 1
	scale<0.080000,0.200000,0.300000>
	matrix <0.058793, -0.662595, -0.746667,
		0.833307, -0.379273, 0.402184,
		-0.549675, -0.645848, 0.529846,
		30.981041, 38.150402, 40.541630>
	pigment { color rgbt <0,1,1,0> }
	no_shadow
}
cylinder {
	<31.588535, 38.020847, 39.906982>,  <31.365812, 38.602497, 40.170738>, 0.130000
	pigment { color rgbt <1,0,0,0> }
	no_shadow
}

// nucleotide -1

// particle -1
sphere {
	<31.588535, 38.020847, 39.906982> 0.250000
	pigment { color rgbt <1,0,0,0> }
	no_shadow
}
cylinder {
	<31.265463, 37.877934, 40.094597>,  <31.071619, 37.792187, 40.207165>, 0.100000
	pigment { color rgbt <1,0,0,0> }
	no_shadow
}
cylinder {
	<31.265463, 37.877934, 40.094597>,  <31.588535, 38.020847, 39.906982>, 0.100000
	pigment { color rgbt <1,0,0,0> }
	no_shadow
}

// particle -1
sphere {
	<31.265463, 37.877934, 40.094597> 0.100000
	pigment { color rgbt <1,0,0,0> }
	no_shadow
}
sphere {
	0, 1
	scale<0.080000,0.200000,0.300000>
	matrix <-0.025967, -0.773167, -0.633670,
		0.589044, -0.523984, 0.615197,
		-0.807683, -0.357285, 0.469036,
		31.023157, 37.770748, 40.235310>
	pigment { color rgbt <0,1,1,0> }
	no_shadow
}
cylinder {
	<31.698765, 37.212261, 39.963730>,  <31.588535, 38.020847, 39.906982>, 0.130000
	pigment { color rgbt <1,0,0,0> }
	no_shadow
}

// nucleotide -1

// particle -1
sphere {
	<31.698765, 37.212261, 39.963730> 0.250000
	pigment { color rgbt <1,0,0,0> }
	no_shadow
}
cylinder {
	<31.308203, 37.292797, 39.994965>,  <31.073866, 37.341118, 40.013706>, 0.100000
	pigment { color rgbt <1,0,0,0> }
	no_shadow
}
cylinder {
	<31.308203, 37.292797, 39.994965>,  <31.698765, 37.212261, 39.963730>, 0.100000
	pigment { color rgbt <1,0,0,0> }
	no_shadow
}

// particle -1
sphere {
	<31.308203, 37.292797, 39.994965> 0.100000
	pigment { color rgbt <1,0,0,0> }
	no_shadow
}
sphere {
	0, 1
	scale<0.080000,0.200000,0.300000>
	matrix <-0.213696, -0.848737, -0.483713,
		-0.031119, -0.488986, 0.871737,
		-0.976405, 0.201340, 0.078083,
		31.015282, 37.353199, 40.018391>
	pigment { color rgbt <0,1,1,0> }
	no_shadow
}
cylinder {
	<31.417919, 36.525169, 40.156651>,  <31.698765, 37.212261, 39.963730>, 0.130000
	pigment { color rgbt <1,0,0,0> }
	no_shadow
}

// nucleotide -1

// particle -1
sphere {
	<31.417919, 36.525169, 40.156651> 0.250000
	pigment { color rgbt <1,0,0,0> }
	no_shadow
}
cylinder {
	<31.131784, 36.757103, 40.000660>,  <30.960104, 36.896263, 39.907066>, 0.100000
	pigment { color rgbt <1,0,0,0> }
	no_shadow
}
cylinder {
	<31.131784, 36.757103, 40.000660>,  <31.417919, 36.525169, 40.156651>, 0.100000
	pigment { color rgbt <1,0,0,0> }
	no_shadow
}

// particle -1
sphere {
	<31.131784, 36.757103, 40.000660> 0.100000
	pigment { color rgbt <1,0,0,0> }
	no_shadow
}
sphere {
	0, 1
	scale<0.080000,0.200000,0.300000>
	matrix <-0.255780, -0.736621, -0.626072,
		-0.650284, -0.348105, 0.675243,
		-0.715337, 0.579839, -0.389975,
		30.917183, 36.931053, 39.883667>
	pigment { color rgbt <0,1,1,0> }
	no_shadow
}
cylinder {
	<30.882092, 36.086685, 40.009090>,  <31.417919, 36.525169, 40.156651>, 0.130000
	pigment { color rgbt <1,0,0,0> }
	no_shadow
}

// nucleotide -1

// particle -1
sphere {
	<30.882092, 36.086685, 40.009090> 0.250000
	pigment { color rgbt <1,0,0,0> }
	no_shadow
}
cylinder {
	<30.770958, 36.411686, 39.804096>,  <30.704277, 36.606686, 39.681099>, 0.100000
	pigment { color rgbt <1,0,0,0> }
	no_shadow
}
cylinder {
	<30.770958, 36.411686, 39.804096>,  <30.882092, 36.086685, 40.009090>, 0.100000
	pigment { color rgbt <1,0,0,0> }
	no_shadow
}

// particle -1
sphere {
	<30.770958, 36.411686, 39.804096> 0.100000
	pigment { color rgbt <1,0,0,0> }
	no_shadow
}
sphere {
	0, 1
	scale<0.080000,0.200000,0.300000>
	matrix <-0.404733, -0.582840, -0.704619,
		-0.871205, 0.011654, 0.490780,
		-0.277835, 0.812503, -0.512490,
		30.687607, 36.655437, 39.650349>
	pigment { color rgbt <0,1,1,0> }
	no_shadow
}
cylinder {
	<30.152903, 36.030403, 39.781094>,  <30.882092, 36.086685, 40.009090>, 0.130000
	pigment { color rgbt <1,0,0,0> }
	no_shadow
}

// nucleotide -1

// particle -1
sphere {
	<30.152903, 36.030403, 39.781094> 0.250000
	pigment { color rgbt <1,0,0,0> }
	no_shadow
}
cylinder {
	<30.326269, 36.292347, 39.533447>,  <30.430288, 36.449512, 39.384857>, 0.100000
	pigment { color rgbt <1,0,0,0> }
	no_shadow
}
cylinder {
	<30.326269, 36.292347, 39.533447>,  <30.152903, 36.030403, 39.781094>, 0.100000
	pigment { color rgbt <1,0,0,0> }
	no_shadow
}

// particle -1
sphere {
	<30.326269, 36.292347, 39.533447> 0.100000
	pigment { color rgbt <1,0,0,0> }
	no_shadow
}
sphere {
	0, 1
	scale<0.080000,0.200000,0.300000>
	matrix <-0.296059, -0.545403, -0.784146,
		-0.851176, 0.523156, -0.042509,
		0.433415, 0.654861, -0.619119,
		30.456293, 36.488804, 39.347713>
	pigment { color rgbt <0,1,1,0> }
	no_shadow
}
cylinder {
	<29.686636, 36.301220, 39.332779>,  <30.152903, 36.030403, 39.781094>, 0.130000
	pigment { color rgbt <1,0,0,0> }
	no_shadow
}

// nucleotide -1

// particle -1
sphere {
	<29.686636, 36.301220, 39.332779> 0.250000
	pigment { color rgbt <1,0,0,0> }
	no_shadow
}
cylinder {
	<30.025913, 36.366619, 39.131248>,  <30.229479, 36.405861, 39.010330>, 0.100000
	pigment { color rgbt <1,0,0,0> }
	no_shadow
}
cylinder {
	<30.025913, 36.366619, 39.131248>,  <29.686636, 36.301220, 39.332779>, 0.100000
	pigment { color rgbt <1,0,0,0> }
	no_shadow
}

// particle -1
sphere {
	<30.025913, 36.366619, 39.131248> 0.100000
	pigment { color rgbt <1,0,0,0> }
	no_shadow
}
sphere {
	0, 1
	scale<0.080000,0.200000,0.300000>
	matrix <-0.357236, -0.525714, -0.772015,
		-0.391092, 0.834801, -0.387498,
		0.848192, 0.163501, -0.503823,
		30.280371, 36.415668, 38.980103>
	pigment { color rgbt <0,1,1,0> }
	no_shadow
}
cylinder {
	<29.444128, 36.281410, 38.630379>,  <29.686636, 36.301220, 39.332779>, 0.130000
	pigment { color rgbt <1,0,0,0> }
	no_shadow
}

// nucleotide -1

// particle -1
sphere {
	<29.444128, 36.281410, 38.630379> 0.250000
	pigment { color rgbt <1,0,0,0> }
	no_shadow
}
cylinder {
	<29.836390, 36.203106, 38.630394>,  <30.071747, 36.156124, 38.630402>, 0.100000
	pigment { color rgbt <1,0,0,0> }
	no_shadow
}
cylinder {
	<29.836390, 36.203106, 38.630394>,  <29.444128, 36.281410, 38.630379>, 0.100000
	pigment { color rgbt <1,0,0,0> }
	no_shadow
}

// particle -1
sphere {
	<29.836390, 36.203106, 38.630394> 0.100000
	pigment { color rgbt <1,0,0,0> }
	no_shadow
}
sphere {
	0, 1
	scale<0.080000,0.200000,0.300000>
	matrix <-0.143828, -0.720649, -0.678217,
