// switches for output
#declare DRAW_BASES = 1; // possible values are 0, 1; only relevant for DNA ribbons
#declare DRAW_BASES_TYPE = 3; // possible values are 1, 2, 3; only relevant for DNA ribbons
#declare DRAW_FOG = 0; // set to 1 to enable fog

#include "colors.inc"

#include "transforms.inc"
background { rgb <1, 1, 1>}

#default {
   normal{
       ripples 0.25
       frequency 0.20
       turbulence 0.2
       lambda 5
   }
	finish {
		phong 0.1
		phong_size 40.
	}
}

// original window dimensions: 1024x640


// camera settings

camera {
	sky <0, 0.179814, -0.983701>
	up <0, 0.179814, -0.983701>
	right 1.6 * <1, 0, 0>
	location <35, 94.9851, 44.8844>
	look_at <35, 29.7336, 32.9568>
	direction <0, -65.2515, -11.9276>
	angle 67.0682
}


# declare cpy_camera_pos = <35, 94.9851, 44.8844>;
# if (DRAW_FOG = 1)
fog {
	fog_type 2
	up vnormalize(cpy_camera_pos)
	color rgbt<1,1,1,0.3>
	distance 1e-5
	fog_alt 3e-3
	fog_offset 56
}
# end


// LIGHTS

# declare lum = 6;
global_settings {
	ambient_light rgb lum * <0.05, 0.05, 0.05>
	max_trace_level 15
}# declare cpy_direct_light_amount = 0.25;
light_source
{	1000 * <-1, -1.16352, -0.803886>,
	rgb lum * cpy_direct_light_amount
	parallel
}

light_source
{	1000 * <1, 1.16352, 0.803886>,
	rgb lum * cpy_direct_light_amount
	parallel
}

// strand 0

// nucleotide -1

// particle -1
sphere {
	<24.325445, 35.551540, 34.938038> 0.250000
	pigment { color rgbt <1,0,0,0> }
	no_shadow
}
cylinder {
	<24.340219, 35.179855, 35.085117>,  <24.349085, 34.956844, 35.173367>, 0.100000
	pigment { color rgbt <1,0,0,0> }
	no_shadow
}
cylinder {
	<24.340219, 35.179855, 35.085117>,  <24.325445, 35.551540, 34.938038>, 0.100000
	pigment { color rgbt <1,0,0,0> }
	no_shadow
}

// particle -1
sphere {
	<24.340219, 35.179855, 35.085117> 0.100000
	pigment { color rgbt <1,0,0,0> }
	no_shadow
}
sphere {
	0, 1
	scale<0.080000,0.200000,0.300000>
	matrix <0.051038, 0.369226, 0.927937,
		-0.998013, -0.015508, 0.061063,
		0.036937, -0.929210, 0.367701,
		24.351301, 34.901093, 35.195427>
	pigment { color rgbt <0,1,1,0> }
	no_shadow
}
cylinder {
	<23.895411, 35.530666, 35.590031>,  <24.325445, 35.551540, 34.938038>, 0.130000
	pigment { color rgbt <1,0,0,0> }
	no_shadow
}

// nucleotide -1

// particle -1
sphere {
	<23.895411, 35.530666, 35.590031> 0.250000
	pigment { color rgbt <1,0,0,0> }
	no_shadow
}
cylinder {
	<24.184137, 35.254169, 35.603733>,  <24.357372, 35.088272, 35.611954>, 0.100000
	pigment { color rgbt <1,0,0,0> }
	no_shadow
}
cylinder {
	<24.184137, 35.254169, 35.603733>,  <23.895411, 35.530666, 35.590031>, 0.100000
	pigment { color rgbt <1,0,0,0> }
	no_shadow
}

// particle -1
sphere {
	<24.184137, 35.254169, 35.603733> 0.100000
	pigment { color rgbt <1,0,0,0> }
	no_shadow
}
sphere {
	0, 1
	scale<0.080000,0.200000,0.300000>
	matrix <0.261242, 0.317964, 0.911401,
		-0.640887, -0.648914, 0.410092,
		0.721815, -0.691238, 0.034256,
		24.400682, 35.046799, 35.614010>
	pigment { color rgbt <0,1,1,0> }
	no_shadow
}
cylinder {
	<23.997143, 35.178680, 36.202797>,  <23.895411, 35.530666, 35.590031>, 0.130000
	pigment { color rgbt <1,0,0,0> }
	no_shadow
}

// nucleotide -1

// particle -1
sphere {
	<23.997143, 35.178680, 36.202797> 0.250000
	pigment { color rgbt <1,0,0,0> }
	no_shadow
}
cylinder {
	<24.364538, 35.117393, 36.056973>,  <24.584974, 35.080620, 35.969479>, 0.100000
	pigment { color rgbt <1,0,0,0> }
	no_shadow
}
cylinder {
	<24.364538, 35.117393, 36.056973>,  <23.997143, 35.178680, 36.202797>, 0.100000
	pigment { color rgbt <1,0,0,0> }
	no_shadow
}

// particle -1
sphere {
	<24.364538, 35.117393, 36.056973> 0.100000
	pigment { color rgbt <1,0,0,0> }
	no_shadow
}
sphere {
	0, 1
	scale<0.080000,0.200000,0.300000>
	matrix <0.393620, 0.265637, 0.880057,
		-0.038003, -0.951819, 0.304296,
		0.918488, -0.153222, -0.364561,
		24.640085, 35.071426, 35.947605>
	pigment { color rgbt <0,1,1,0> }
	no_shadow
}
cylinder {
	<24.491987, 34.858444, 36.623703>,  <23.997143, 35.178680, 36.202797>, 0.130000
	pigment { color rgbt <1,0,0,0> }
	no_shadow
}

// nucleotide -1

// particle -1
sphere {
	<24.491987, 34.858444, 36.623703> 0.250000
	pigment { color rgbt <1,0,0,0> }
	no_shadow
}
cylinder {
	<24.676214, 35.107433, 36.370590>,  <24.786751, 35.256824, 36.218723>, 0.100000
	pigment { color rgbt <1,0,0,0> }
	no_shadow
}
cylinder {
	<24.676214, 35.107433, 36.370590>,  <24.491987, 34.858444, 36.623703>, 0.100000
	pigment { color rgbt <1,0,0,0> }
	no_shadow
}

// particle -1
sphere {
	<24.676214, 35.107433, 36.370590> 0.100000
	pigment { color rgbt <1,0,0,0> }
	no_shadow
}
sphere {
	0, 1
	scale<0.080000,0.200000,0.300000>
	matrix <0.412887, 0.480830, 0.773516,
		0.785749, -0.617523, -0.035555,
		0.460568, 0.622470, -0.632778,
		24.814384, 35.294174, 36.180756>
	pigment { color rgbt <0,1,1,0> }
	no_shadow
}
cylinder {
	<25.376228, 34.955940, 36.669270>,  <24.491987, 34.858444, 36.623703>, 0.130000
	pigment { color rgbt <1,0,0,0> }
	no_shadow
}

// nucleotide -1

// particle -1
sphere {
	<25.376228, 34.955940, 36.669270> 0.250000
	pigment { color rgbt <1,0,0,0> }
	no_shadow
}
cylinder {
	<25.112181, 35.249535, 36.605373>,  <24.953753, 35.425690, 36.567036>, 0.100000
	pigment { color rgbt <1,0,0,0> }
	no_shadow
}
cylinder {
	<25.112181, 35.249535, 36.605373>,  <25.376228, 34.955940, 36.669270>, 0.100000
	pigment { color rgbt <1,0,0,0> }
	no_shadow
}

// particle -1
sphere {
	<25.112181, 35.249535, 36.605373> 0.100000
	pigment { color rgbt <1,0,0,0> }
	no_shadow
}
sphere {
	0, 1
	scale<0.080000,0.200000,0.300000>
	matrix <0.344900, 0.485075, 0.803584,
		0.667300, 0.475367, -0.573356,
		-0.660118, 0.733981, -0.159736,
		24.914145, 35.469730, 36.557453>
	pigment { color rgbt <0,1,1,0> }
	no_shadow
}
cylinder {
	<25.950882, 35.205353, 36.378803>,  <25.376228, 34.955940, 36.669270>, 0.130000
	pigment { color rgbt <1,0,0,0> }
	no_shadow
}

// nucleotide -1

// particle -1
sphere {
	<25.950882, 35.205353, 36.378803> 0.250000
	pigment { color rgbt <1,0,0,0> }
	no_shadow
}
cylinder {
	<26.197634, 35.347694, 36.659611>,  <26.345686, 35.433098, 36.828094>, 0.100000
	pigment { color rgbt <1,0,0,0> }
	no_shadow
}
cylinder {
	<26.197634, 35.347694, 36.659611>,  <25.950882, 35.205353, 36.378803>, 0.100000
	pigment { color rgbt <1,0,0,0> }
	no_shadow
}

// particle -1
sphere {
	<26.197634, 35.347694, 36.659611> 0.100000
	pigment { color rgbt <1,0,0,0> }
	no_shadow
}
sphere {
	0, 1
	scale<0.080000,0.200000,0.300000>
	matrix <-0.391278, 0.912577, -0.118761,
		-0.682906, -0.201421, 0.702189,
		0.616881, 0.355854, 0.702016,
		26.382698, 35.454449, 36.870216>
	pigment { color rgbt <0,1,1,0> }
	no_shadow
}
cylinder {
	<25.505178, 35.773281, 36.621181>,  <25.950882, 35.205353, 36.378803>, 0.130000
	pigment { color rgbt <1,0,0,0> }
	no_shadow
}

// nucleotide -1

// particle -1
sphere {
	<25.505178, 35.773281, 36.621181> 0.250000
	pigment { color rgbt <1,0,0,0> }
	no_shadow
}
cylinder {
	<25.863714, 35.890614, 36.754166>,  <26.078836, 35.961014, 36.833958>, 0.100000
	pigment { color rgbt <1,0,0,0> }
	no_shadow
}
cylinder {
	<25.863714, 35.890614, 36.754166>,  <25.505178, 35.773281, 36.621181>, 0.100000
	pigment { color rgbt <1,0,0,0> }
	no_shadow
}

// particle -1
sphere {
	<25.863714, 35.890614, 36.754166> 0.100000
	pigment { color rgbt <1,0,0,0> }
	no_shadow
}
sphere {
	0, 1
	scale<0.080000,0.200000,0.300000>
	matrix <-0.334678, 0.939467, 0.073433,
		-0.290796, -0.177089, 0.940254,
		0.896342, 0.293328, 0.332461,
		26.132616, 35.978611, 36.853905>
	pigment { color rgbt <0,1,1,0> }
	no_shadow
}
cylinder {
	<25.288931, 36.282261, 37.070606>,  <25.505178, 35.773281, 36.621181>, 0.130000
	pigment { color rgbt <1,0,0,0> }
	no_shadow
}

// nucleotide -1

// particle -1
sphere {
	<25.288931, 36.282261, 37.070606> 0.250000
	pigment { color rgbt <1,0,0,0> }
	no_shadow
}
cylinder {
	<25.676329, 36.373417, 37.030445>,  <25.908768, 36.428112, 37.006348>, 0.100000
	pigment { color rgbt <1,0,0,0> }
	no_shadow
}
cylinder {
	<25.676329, 36.373417, 37.030445>,  <25.288931, 36.282261, 37.070606>, 0.100000
	pigment { color rgbt <1,0,0,0> }
	no_shadow
}

// particle -1
sphere {
	<25.676329, 36.373417, 37.030445> 0.100000
	pigment { color rgbt <1,0,0,0> }
	no_shadow
}
sphere {
	0, 1
	scale<0.080000,0.200000,0.300000>
	matrix <-0.224772, 0.973527, 0.041505,
		0.107200, -0.017631, 0.994081,
		0.968497, 0.227891, -0.100399,
		25.966877, 36.441784, 37.000324>
	pigment { color rgbt <0,1,1,0> }
	no_shadow
}
cylinder {
	<25.515665, 36.641010, 37.684772>,  <25.288931, 36.282261, 37.070606>, 0.130000
	pigment { color rgbt <1,0,0,0> }
	no_shadow
}

// nucleotide -1

// particle -1
sphere {
	<25.515665, 36.641010, 37.684772> 0.250000
	pigment { color rgbt <1,0,0,0> }
	no_shadow
}
cylinder {
	<25.797750, 36.742756, 37.420055>,  <25.967001, 36.803802, 37.261223>, 0.100000
	pigment { color rgbt <1,0,0,0> }
	no_shadow
}
cylinder {
	<25.797750, 36.742756, 37.420055>,  <25.515665, 36.641010, 37.684772>, 0.100000
	pigment { color rgbt <1,0,0,0> }
	no_shadow
}

// particle -1
sphere {
	<25.797750, 36.742756, 37.420055> 0.100000
	pigment { color rgbt <1,0,0,0> }
	no_shadow
}
sphere {
	0, 1
	scale<0.080000,0.200000,0.300000>
	matrix <-0.200045, 0.966888, 0.158460,
		0.680189, 0.020640, 0.732746,
		0.705213, 0.254365, -0.661795,
		26.009314, 36.819065, 37.221516>
	pigment { color rgbt <0,1,1,0> }
	no_shadow
}
cylinder {
	<26.091923, 36.998402, 38.061924>,  <25.515665, 36.641010, 37.684772>, 0.130000
	pigment { color rgbt <1,0,0,0> }
	no_shadow
}

// nucleotide -1

// particle -1
sphere {
	<26.091923, 36.998402, 38.061924> 0.250000
	pigment { color rgbt <1,0,0,0> }
	no_shadow
}
cylinder {
	<26.115934, 37.108189, 37.678036>,  <26.130342, 37.174061, 37.447704>, 0.100000
	pigment { color rgbt <1,0,0,0> }
	no_shadow
}
cylinder {
	<26.115934, 37.108189, 37.678036>,  <26.091923, 36.998402, 38.061924>, 0.100000
	pigment { color rgbt <1,0,0,0> }
	no_shadow
}

// particle -1
sphere {
	<26.115934, 37.108189, 37.678036> 0.100000
	pigment { color rgbt <1,0,0,0> }
	no_shadow
}
sphere {
	0, 1
	scale<0.080000,0.200000,0.300000>
	matrix <-0.082265, 0.959543, 0.269276,
		0.994801, 0.062786, 0.080182,
		0.060031, 0.274472, -0.959719,
		26.133944, 37.190529, 37.390121>
	pigment { color rgbt <0,1,1,0> }
	no_shadow
}
cylinder {
	<26.638168, 37.377438, 38.081123>,  <26.091923, 36.998402, 38.061924>, 0.130000
	pigment { color rgbt <1,0,0,0> }
	no_shadow
}

// nucleotide -1

// particle -1
sphere {
	<26.638168, 37.377438, 38.081123> 0.250000
	pigment { color rgbt <1,0,0,0> }
	no_shadow
}
cylinder {
	<26.458864, 37.503082, 37.746365>,  <26.351282, 37.578468, 37.545509>, 0.100000
	pigment { color rgbt <1,0,0,0> }
	no_shadow
}
cylinder {
	<26.458864, 37.503082, 37.746365>,  <26.638168, 37.377438, 38.081123>, 0.100000
	pigment { color rgbt <1,0,0,0> }
	no_shadow
}

// particle -1
sphere {
	<26.458864, 37.503082, 37.746365> 0.100000
	pigment { color rgbt <1,0,0,0> }
	no_shadow
}
sphere {
	0, 1
	scale<0.080000,0.200000,0.300000>
	matrix <-0.025536, 0.931345, 0.363242,
		0.893538, 0.184199, -0.409464,
		-0.448261, 0.314114, -0.836896,
		26.324387, 37.597317, 37.495296>
	pigment { color rgbt <0,1,1,0> }
	no_shadow
}
cylinder {
	<27.019526, 37.951580, 37.887962>,  <26.638168, 37.377438, 38.081123>, 0.130000
	pigment { color rgbt <1,0,0,0> }
	no_shadow
}

// nucleotide -1

// particle -1
sphere {
	<27.019526, 37.951580, 37.887962> 0.250000
	pigment { color rgbt <1,0,0,0> }
	no_shadow
}
cylinder {
	<26.648275, 37.985134, 37.742886>,  <26.425526, 38.005268, 37.655842>, 0.100000
	pigment { color rgbt <1,0,0,0> }
	no_shadow
}
cylinder {
	<26.648275, 37.985134, 37.742886>,  <27.019526, 37.951580, 37.887962>, 0.100000
	pigment { color rgbt <1,0,0,0> }
	no_shadow
}

// particle -1
sphere {
	<26.648275, 37.985134, 37.742886> 0.100000
	pigment { color rgbt <1,0,0,0> }
	no_shadow
}
sphere {
	0, 1
	scale<0.080000,0.200000,0.300000>
	matrix <0.002072, 0.975430, 0.220301,
		0.372258, 0.203716, -0.905496,
		-0.928127, 0.083885, -0.362690,
		26.369837, 38.010300, 37.634079>
	pigment { color rgbt <0,1,1,0> }
	no_shadow
}
cylinder {
	<27.022564, 38.634178, 37.705639>,  <27.019526, 37.951580, 37.887962>, 0.130000
	pigment { color rgbt <1,0,0,0> }
	no_shadow
}

// nucleotide -1

// particle -1
sphere {
	<27.022564, 38.634178, 37.705639> 0.250000
	pigment { color rgbt <1,0,0,0> }
	no_shadow
}
cylinder {
	<26.638641, 38.524960, 37.679672>,  <26.408287, 38.459431, 37.664093>, 0.100000
	pigment { color rgbt <1,0,0,0> }
	no_shadow
}
cylinder {
	<26.638641, 38.524960, 37.679672>,  <27.022564, 38.634178, 37.705639>, 0.100000
	pigment { color rgbt <1,0,0,0> }
	no_shadow
}

// particle -1
sphere {
	<26.638641, 38.524960, 37.679672> 0.100000
	pigment { color rgbt <1,0,0,0> }
	no_shadow
}
sphere {
	0, 1
	scale<0.080000,0.200000,0.300000>
	matrix <-0.278229, 0.895361, 0.347732,
		-0.036824, 0.351818, -0.935344,
		-0.959809, -0.273045, -0.064915,
		26.350698, 38.443047, 37.660198>
	pigment { color rgbt <0,1,1,0> }
	no_shadow
}
cylinder {
	<26.703545, 39.086899, 37.294117>,  <27.022564, 38.634178, 37.705639>, 0.130000
	pigment { color rgbt <1,0,0,0> }
	no_shadow
}

// nucleotide -1

// particle -1
sphere {
	<26.703545, 39.086899, 37.294117> 0.250000
	pigment { color rgbt <1,0,0,0> }
	no_shadow
}
cylinder {
	<26.428690, 38.957592, 37.554375>,  <26.263777, 38.880009, 37.710529>, 0.100000
	pigment { color rgbt <1,0,0,0> }
	no_shadow
}
cylinder {
	<26.428690, 38.957592, 37.554375>,  <26.703545, 39.086899, 37.294117>, 0.100000
	pigment { color rgbt <1,0,0,0> }
	no_shadow
}

// particle -1
sphere {
	<26.428690, 38.957592, 37.554375> 0.100000
	pigment { color rgbt <1,0,0,0> }
	no_shadow
}
sphere {
	0, 1
	scale<0.080000,0.200000,0.300000>
	matrix <-0.157475, 0.940537, 0.300986,
		-0.709255, 0.104358, -0.697185,
		-0.687139, -0.323265, 0.650646,
		26.222548, 38.860611, 37.749569>
	pigment { color rgbt <0,1,1,0> }
	no_shadow
}
cylinder {
	<26.188343, 39.508526, 37.254158>,  <26.703545, 39.086899, 37.294117>, 0.130000
	pigment { color rgbt <1,0,0,0> }
	no_shadow
}

// nucleotide -1

// particle -1
sphere {
	<26.188343, 39.508526, 37.254158> 0.250000
	pigment { color rgbt <1,0,0,0> }
	no_shadow
}
cylinder {
	<26.104174, 39.336201, 37.605183>,  <26.053671, 39.232807, 37.815800>, 0.100000
	pigment { color rgbt <1,0,0,0> }
	no_shadow
}
cylinder {
	<26.104174, 39.336201, 37.605183>,  <26.188343, 39.508526, 37.254158>, 0.100000
	pigment { color rgbt <1,0,0,0> }
	no_shadow
}

// particle -1
sphere {
	<26.104174, 39.336201, 37.605183> 0.100000
	pigment { color rgbt <1,0,0,0> }
	no_shadow
}
sphere {
	0, 1
	scale<0.080000,0.200000,0.300000>
	matrix <-0.334066, 0.875316, 0.349604,
		-0.918761, -0.219599, -0.328108,
		-0.210426, -0.430812, 0.877566,
		26.041046, 39.206959, 37.868454>
	pigment { color rgbt <0,1,1,0> }
	no_shadow
}
cylinder {
	<25.491266, 39.778881, 37.477154>,  <26.188343, 39.508526, 37.254158>, 0.130000
	pigment { color rgbt <1,0,0,0> }
	no_shadow
}

// nucleotide -1

// particle -1
sphere {
	<25.491266, 39.778881, 37.477154> 0.250000
	pigment { color rgbt <1,0,0,0> }
	no_shadow
}
cylinder {
	<25.667727, 39.630478, 37.804016>,  <25.773603, 39.541435, 38.000134>, 0.100000
	pigment { color rgbt <1,0,0,0> }
	no_shadow
}
cylinder {
	<25.667727, 39.630478, 37.804016>,  <25.491266, 39.778881, 37.477154>, 0.100000
	pigment { color rgbt <1,0,0,0> }
	no_shadow
}

// particle -1
sphere {
	<25.667727, 39.630478, 37.804016> 0.100000
	pigment { color rgbt <1,0,0,0> }
	no_shadow
}
sphere {
	0, 1
	scale<0.080000,0.200000,0.300000>
	matrix <-0.496488, 0.657613, 0.566608,
		-0.747587, -0.655666, 0.105906,
		0.441151, -0.371008, 0.817153,
		25.800072, 39.519176, 38.049164>
	pigment { color rgbt <0,1,1,0> }
	no_shadow
}
cylinder {
	<24.917007, 39.842918, 37.939991>,  <25.491266, 39.778881, 37.477154>, 0.130000
	pigment { color rgbt <1,0,0,0> }
	no_shadow
}

// nucleotide -1

// particle -1
sphere {
	<24.917007, 39.842918, 37.939991> 0.250000
	pigment { color rgbt <1,0,0,0> }
	no_shadow
}
cylinder {
	<25.251091, 39.796547, 38.155022>,  <25.451542, 39.768723, 38.284039>, 0.100000
	pigment { color rgbt <1,0,0,0> }
	no_shadow
}
cylinder {
	<25.251091, 39.796547, 38.155022>,  <24.917007, 39.842918, 37.939991>, 0.100000
	pigment { color rgbt <1,0,0,0> }
	no_shadow
}

// particle -1
sphere {
	<25.251091, 39.796547, 38.155022> 0.100000
	pigment { color rgbt <1,0,0,0> }
	no_shadow
}
sphere {
	0, 1
	scale<0.080000,0.200000,0.300000>
	matrix <-0.294303, 0.731536, 0.615012,
		-0.464554, -0.671874, 0.576867,
		0.835209, -0.115933, 0.537573,
		25.501654, 39.761768, 38.316292>
	pigment { color rgbt <0,1,1,0> }
	no_shadow
}
cylinder {
	<24.729536, 39.744045, 38.628078>,  <24.917007, 39.842918, 37.939991>, 0.130000
	pigment { color rgbt <1,0,0,0> }
	no_shadow
}

// nucleotide -1

// particle -1
sphere {
	<24.729536, 39.744045, 38.628078> 0.250000
	pigment { color rgbt <1,0,0,0> }
	no_shadow
}
cylinder {
	<25.104200, 39.884109, 38.631054>,  <25.328999, 39.968147, 38.632839>, 0.100000
	pigment { color rgbt <1,0,0,0> }
	no_shadow
}
cylinder {
	<25.104200, 39.884109, 38.631054>,  <24.729536, 39.744045, 38.628078>, 0.100000
	pigment { color rgbt <1,0,0,0> }
	no_shadow
}

// particle -1
sphere {
	<25.104200, 39.884109, 38.631054> 0.100000
	pigment { color rgbt <1,0,0,0> }
	no_shadow
}
sphere {
	0, 1
	scale<0.080000,0.200000,0.300000>
	matrix <-0.307882, 0.813074, 0.494084,
		0.166959, -0.465080, 0.869382,
		0.936661, 0.350159, 0.007439,
		25.385199, 39.989159, 38.633286>
	pigment { color rgbt <0,1,1,0> }
	no_shadow
}
cylinder {
	<24.840792, 39.995548, 39.356808>,  <24.729536, 39.744045, 38.628078>, 0.130000
	pigment { color rgbt <1,0,0,0> }
	no_shadow
}

// nucleotide -1

// particle -1
sphere {
	<24.840792, 39.995548, 39.356808> 0.250000
	pigment { color rgbt <1,0,0,0> }
	no_shadow
}
cylinder {
	<25.113085, 40.180691, 39.129700>,  <25.276461, 40.291775, 38.993435>, 0.100000
	pigment { color rgbt <1,0,0,0> }
	no_shadow
}
cylinder {
	<25.113085, 40.180691, 39.129700>,  <24.840792, 39.995548, 39.356808>, 0.100000
	pigment { color rgbt <1,0,0,0> }
	no_shadow
}

// particle -1
sphere {
	<25.113085, 40.180691, 39.129700> 0.100000
	pigment { color rgbt <1,0,0,0> }
	no_shadow
}
sphere {
	0, 1
	scale<0.080000,0.200000,0.300000>
	matrix <-0.232774, 0.871592, 0.431443,
		0.694562, -0.161535, 0.701063,
		0.680735, 0.462853, -0.567774,
		25.317305, 40.319546, 38.959366>
	pigment { color rgbt <0,1,1,0> }
	no_shadow
}
cylinder {
	<25.218590, 40.373528, 39.848465>,  <24.840792, 39.995548, 39.356808>, 0.130000
	pigment { color rgbt <1,0,0,0> }
	no_shadow
}

// nucleotide -1

// particle -1
sphere {
	<25.218590, 40.373528, 39.848465> 0.250000
	pigment { color rgbt <1,0,0,0> }
	no_shadow
}
cylinder {
	<25.290321, 40.553650, 39.498592>,  <25.333361, 40.661724, 39.288670>, 0.100000
	pigment { color rgbt <1,0,0,0> }
	no_shadow
}
cylinder {
	<25.290321, 40.553650, 39.498592>,  <25.218590, 40.373528, 39.848465>, 0.100000
	pigment { color rgbt <1,0,0,0> }
	no_shadow
}

// particle -1
sphere {
	<25.290321, 40.553650, 39.498592> 0.100000
	pigment { color rgbt <1,0,0,0> }
	no_shadow
}
sphere {
	0, 1
	scale<0.080000,0.200000,0.300000>
	matrix <-0.101904, 0.892813, 0.438749,
		0.978497, 0.010452, 0.205996,
		0.179330, 0.450306, -0.874680,
		25.344120, 40.688744, 39.236187>
	pigment { color rgbt <0,1,1,0> }
	no_shadow
}
cylinder {
	<25.793587, 40.788551, 39.899757>,  <25.218590, 40.373528, 39.848465>, 0.130000
	pigment { color rgbt <1,0,0,0> }
	no_shadow
}

// nucleotide -1

// particle -1
sphere {
	<25.793587, 40.788551, 39.899757> 0.250000
	pigment { color rgbt <1,0,0,0> }
	no_shadow
}
cylinder {
	<25.568506, 40.940056, 39.605846>,  <25.433458, 41.030960, 39.429501>, 0.100000
	pigment { color rgbt <1,0,0,0> }
	no_shadow
}
cylinder {
	<25.568506, 40.940056, 39.605846>,  <25.793587, 40.788551, 39.899757>, 0.100000
	pigment { color rgbt <1,0,0,0> }
	no_shadow
}

// particle -1
sphere {
	<25.568506, 40.940056, 39.605846> 0.100000
	pigment { color rgbt <1,0,0,0> }
	no_shadow
}
sphere {
	0, 1
	scale<0.080000,0.200000,0.300000>
	matrix <0.027894, 0.897050, 0.441047,
		0.826188, 0.227683, -0.515338,
		-0.562703, 0.378762, -0.734782,
		25.399694, 41.053684, 39.385410>
	pigment { color rgbt <0,1,1,0> }
	no_shadow
}
cylinder {
	<26.086563, 41.380489, 39.600948>,  <25.793587, 40.788551, 39.899757>, 0.130000
	pigment { color rgbt <1,0,0,0> }
	no_shadow
}

// nucleotide -1

// particle -1
sphere {
	<26.086563, 41.380489, 39.600948> 0.250000
	pigment { color rgbt <1,0,0,0> }
	no_shadow
}
cylinder {
	<25.694925, 41.432514, 39.538387>,  <25.459944, 41.463730, 39.500851>, 0.100000
	pigment { color rgbt <1,0,0,0> }
	no_shadow
}
cylinder {
	<25.694925, 41.432514, 39.538387>,  <26.086563, 41.380489, 39.600948>, 0.100000
	pigment { color rgbt <1,0,0,0> }
	no_shadow
}

// particle -1
sphere {
	<25.694925, 41.432514, 39.538387> 0.100000
	pigment { color rgbt <1,0,0,0> }
	no_shadow
}
sphere {
	0, 1
	scale<0.080000,0.200000,0.300000>
	matrix <0.100579, 0.977855, 0.183530,
		0.176811, 0.163961, -0.970492,
		-0.979092, 0.130061, -0.156404,
		25.401197, 41.471531, 39.491467>
	pigment { color rgbt <0,1,1,0> }
	no_shadow
}
cylinder {
	<25.979589, 41.984577, 39.134216>,  <26.086563, 41.380489, 39.600948>, 0.130000
	pigment { color rgbt <1,0,0,0> }
	no_shadow
}

// nucleotide -1

// particle -1
sphere {
	<25.979589, 41.984577, 39.134216> 0.250000
	pigment { color rgbt <1,0,0,0> }
	no_shadow
}
cylinder {
	<25.638493, 41.953777, 39.340866>,  <25.433834, 41.935295, 39.464855>, 0.100000
	pigment { color rgbt <1,0,0,0> }
	no_shadow
}
cylinder {
	<25.638493, 41.953777, 39.340866>,  <25.979589, 41.984577, 39.134216>, 0.100000
	pigment { color rgbt <1,0,0,0> }
	no_shadow
}

// particle -1
sphere {
	<25.638493, 41.953777, 39.340866> 0.100000
	pigment { color rgbt <1,0,0,0> }
	no_shadow
}
sphere {
	0, 1
	scale<0.080000,0.200000,0.300000>
	matrix <0.076820, 0.959830, 0.269861,
		-0.516656, 0.269808, -0.812570,
		-0.852740, -0.077003, 0.516628,
		25.382671, 41.930676, 39.495853>
	pigment { color rgbt <0,1,1,0> }
	no_shadow
}
cylinder {
	<25.561749, 42.601959, 38.961803>,  <25.979589, 41.984577, 39.134216>, 0.130000
	pigment { color rgbt <1,0,0,0> }
	no_shadow
}

// nucleotide -1

// particle -1
sphere {
	<25.561749, 42.601959, 38.961803> 0.250000
	pigment { color rgbt <1,0,0,0> }
	no_shadow
}
cylinder {
	<25.397942, 42.455639, 39.296104>,  <25.299658, 42.367847, 39.496685>, 0.100000
	pigment { color rgbt <1,0,0,0> }
	no_shadow
}
cylinder {
	<25.397942, 42.455639, 39.296104>,  <25.561749, 42.601959, 38.961803>, 0.100000
	pigment { color rgbt <1,0,0,0> }
	no_shadow
}

// particle -1
sphere {
	<25.397942, 42.455639, 39.296104> 0.100000
	pigment { color rgbt <1,0,0,0> }
	no_shadow
}
sphere {
	0, 1
	scale<0.080000,0.200000,0.300000>
	matrix <0.041832, 0.907602, 0.417741,
		-0.911343, 0.206034, -0.356377,
		-0.409517, -0.365798, 0.835756,
		25.275085, 42.345901, 39.546833>
	pigment { color rgbt <0,1,1,0> }
	no_shadow
}
cylinder {
	<24.897066, 42.927288, 39.168381>,  <25.561749, 42.601959, 38.961803>, 0.130000
	pigment { color rgbt <1,0,0,0> }
	no_shadow
}

// nucleotide -1

// particle -1
sphere {
	<24.897066, 42.927288, 39.168381> 0.250000
	pigment { color rgbt <1,0,0,0> }
	no_shadow
}
cylinder {
	<25.097044, 42.809292, 39.494091>,  <25.217030, 42.738495, 39.689518>, 0.100000
	pigment { color rgbt <1,0,0,0> }
	no_shadow
}
cylinder {
	<25.097044, 42.809292, 39.494091>,  <24.897066, 42.927288, 39.168381>, 0.100000
	pigment { color rgbt <1,0,0,0> }
	no_shadow
}

// particle -1
sphere {
	<25.097044, 42.809292, 39.494091> 0.100000
	pigment { color rgbt <1,0,0,0> }
	no_shadow
}
sphere {
	0, 1
	scale<0.080000,0.200000,0.300000>
	matrix <-0.237165, 0.857633, 0.456309,
		-0.832953, -0.421245, 0.358806,
		0.499942, -0.294988, 0.814272,
		25.247026, 42.720795, 39.738373>
	pigment { color rgbt <0,1,1,0> }
	no_shadow
}
cylinder {
	<24.409859, 42.937622, 39.765968>,  <24.897066, 42.927288, 39.168381>, 0.130000
	pigment { color rgbt <1,0,0,0> }
	no_shadow
}

// nucleotide -1

// particle -1
sphere {
	<24.409859, 42.937622, 39.765968> 0.250000
	pigment { color rgbt <1,0,0,0> }
	no_shadow
}
cylinder {
	<24.794235, 43.037861, 39.812946>,  <25.024860, 43.098003, 39.841133>, 0.100000
	pigment { color rgbt <1,0,0,0> }
	no_shadow
}
cylinder {
	<24.794235, 43.037861, 39.812946>,  <24.409859, 42.937622, 39.765968>, 0.100000
	pigment { color rgbt <1,0,0,0> }
	no_shadow
}

// particle -1
sphere {
	<24.794235, 43.037861, 39.812946> 0.100000
	pigment { color rgbt <1,0,0,0> }
	no_shadow
}
sphere {
	0, 1
	scale<0.080000,0.200000,0.300000>
	matrix <-0.267801, 0.949030, 0.166208,
		-0.069811, -0.191169, 0.979072,
		0.960942, 0.250593, 0.117448,
		25.082518, 43.113037, 39.848179>
	pigment { color rgbt <0,1,1,0> }
	no_shadow
}
cylinder {
	<24.521265, 43.227169, 40.409393>,  <24.409859, 42.937622, 39.765968>, 0.130000
	pigment { color rgbt <1,0,0,0> }
	no_shadow
}

// nucleotide -1

// particle -1
sphere {
	<24.521265, 43.227169, 40.409393> 0.250000
	pigment { color rgbt <1,0,0,0> }
	no_shadow
}
cylinder {
	<24.784693, 43.365734, 40.142178>,  <24.942749, 43.448875, 39.981846>, 0.100000
	pigment { color rgbt <1,0,0,0> }
	no_shadow
}
cylinder {
	<24.784693, 43.365734, 40.142178>,  <24.521265, 43.227169, 40.409393>, 0.100000
	pigment { color rgbt <1,0,0,0> }
	no_shadow
}

// particle -1
sphere {
	<24.784693, 43.365734, 40.142178> 0.100000
	pigment { color rgbt <1,0,0,0> }
	no_shadow
}
sphere {
	0, 1
	scale<0.080000,0.200000,0.300000>
	matrix <-0.327079, 0.931272, 0.160472,
		0.677719, 0.112820, 0.726615,
		0.658572, 0.346415, -0.668042,
		24.982264, 43.469658, 39.941765>
	pigment { color rgbt <0,1,1,0> }
	no_shadow
}
cylinder {
	<24.790804, 43.922958, 40.737984>,  <24.521265, 43.227169, 40.409393>, 0.130000
	pigment { color rgbt <1,0,0,0> }
	no_shadow
}

// nucleotide -1

// particle -1
sphere {
	<24.790804, 43.922958, 40.737984> 0.250000
	pigment { color rgbt <1,0,0,0> }
	no_shadow
}
cylinder {
	<24.871994, 43.908512, 40.346577>,  <24.920708, 43.899845, 40.111732>, 0.100000
	pigment { color rgbt <1,0,0,0> }
	no_shadow
}
cylinder {
	<24.871994, 43.908512, 40.346577>,  <24.790804, 43.922958, 40.737984>, 0.100000
	pigment { color rgbt <1,0,0,0> }
	no_shadow
}

// particle -1
sphere {
	<24.871994, 43.908512, 40.346577> 0.100000
	pigment { color rgbt <1,0,0,0> }
	no_shadow
}
sphere {
	0, 1
	scale<0.080000,0.200000,0.300000>
	matrix <-0.140080, 0.987970, -0.065524,
		0.969113, 0.150370, 0.195474,
		0.202975, -0.036118, -0.978518,
		24.932886, 43.897678, 40.053020>
	pigment { color rgbt <0,1,1,0> }
	no_shadow
}
cylinder {
	<25.089855, 44.498226, 40.507545>,  <24.790804, 43.922958, 40.737984>, 0.130000
	pigment { color rgbt <1,0,0,0> }
	no_shadow
}

// nucleotide -1

// particle -1
sphere {
	<25.089855, 44.498226, 40.507545> 0.250000
	pigment { color rgbt <1,0,0,0> }
	no_shadow
}
cylinder {
	<24.975153, 44.381767, 40.142467>,  <24.906332, 44.311893, 39.923420>, 0.100000
	pigment { color rgbt <1,0,0,0> }
	no_shadow
}
cylinder {
	<24.975153, 44.381767, 40.142467>,  <25.089855, 44.498226, 40.507545>, 0.100000
	pigment { color rgbt <1,0,0,0> }
	no_shadow
}

// particle -1
sphere {
	<24.975153, 44.381767, 40.142467> 0.100000
	pigment { color rgbt <1,0,0,0> }
	no_shadow
}
sphere {
	0, 1
	scale<0.080000,0.200000,0.300000>
	matrix <-0.097633, 0.956623, -0.274481,
		0.953013, 0.010396, -0.302752,
		-0.286766, -0.291143, -0.912689,
		24.889126, 44.294426, 39.868660>
	pigment { color rgbt <0,1,1,0> }
	no_shadow
}
cylinder {
	<25.474085, 44.823132, 39.825142>,  <25.089855, 44.498226, 40.507545>, 0.130000
	pigment { color rgbt <1,0,0,0> }
	no_shadow
}

// nucleotide -1

// particle -1
sphere {
	<25.474085, 44.823132, 39.825142> 0.250000
	pigment { color rgbt <1,0,0,0> }
	no_shadow
}
cylinder {
	<25.097961, 44.724838, 39.730968>,  <24.872288, 44.665863, 39.674465>, 0.100000
	pigment { color rgbt <1,0,0,0> }
	no_shadow
}
cylinder {
	<25.097961, 44.724838, 39.730968>,  <25.474085, 44.823132, 39.825142>, 0.100000
	pigment { color rgbt <1,0,0,0> }
	no_shadow
}

// particle -1
sphere {
	<25.097961, 44.724838, 39.730968> 0.100000
	pigment { color rgbt <1,0,0,0> }
	no_shadow
}
sphere {
	0, 1
	scale<0.080000,0.200000,0.300000>
	matrix <-0.128581, 0.897069, -0.422770,
		0.315093, -0.367262, -0.875120,
		-0.940310, -0.245736, -0.235437,
		24.815868, 44.651119, 39.660336>
	pigment { color rgbt <0,1,1,0> }
	no_shadow
}
cylinder {
	<25.423580, 44.928471, 39.050640>,  <25.474085, 44.823132, 39.825142>, 0.130000
	pigment { color rgbt <1,0,0,0> }
	no_shadow
}

// nucleotide -1

// particle -1
sphere {
	<25.423580, 44.928471, 39.050640> 0.250000
	pigment { color rgbt <1,0,0,0> }
	no_shadow
}
cylinder {
	<25.069193, 44.970966, 39.231205>,  <24.856560, 44.996464, 39.339542>, 0.100000
	pigment { color rgbt <1,0,0,0> }
	no_shadow
}
cylinder {
	<25.069193, 44.970966, 39.231205>,  <25.423580, 44.928471, 39.050640>, 0.100000
	pigment { color rgbt <1,0,0,0> }
	no_shadow
}

// particle -1
sphere {
	<25.069193, 44.970966, 39.231205> 0.100000
	pigment { color rgbt <1,0,0,0> }
	no_shadow
}
sphere {
	0, 1
	scale<0.080000,0.200000,0.300000>
	matrix <-0.122937, 0.884769, -0.449523,
		-0.447153, -0.453758, -0.770816,
		-0.885969, 0.106244, 0.451411,
		24.803402, 45.002838, 39.366627>
	pigment { color rgbt <0,1,1,0> }
	no_shadow
}
cylinder {
	<25.121414, 44.577671, 38.462215>,  <25.423580, 44.928471, 39.050640>, 0.130000
	pigment { color rgbt <1,0,0,0> }
	no_shadow
}

// nucleotide -1

// particle -1
sphere {
	<25.121414, 44.577671, 38.462215> 0.250000
	pigment { color rgbt <1,0,0,0> }
	no_shadow
}
cylinder {
	<25.312380, 44.772232, 38.169506>,  <25.426958, 44.888969, 37.993881>, 0.100000
	pigment { color rgbt <1,0,0,0> }
	no_shadow
}
cylinder {
	<25.312380, 44.772232, 38.169506>,  <25.121414, 44.577671, 38.462215>, 0.100000
	pigment { color rgbt <1,0,0,0> }
	no_shadow
}

// particle -1
sphere {
	<25.312380, 44.772232, 38.169506> 0.100000
	pigment { color rgbt <1,0,0,0> }
	no_shadow
}
sphere {
	0, 1
	scale<0.080000,0.200000,0.300000>
	matrix <-0.773769, 0.627351, -0.087819,
		0.416362, 0.608149, 0.675868,
		0.477413, 0.486401, -0.731772,
		25.455605, 44.918152, 37.949974>
	pigment { color rgbt <0,1,1,0> }
	no_shadow
}
cylinder {
	<25.048107, 43.903683, 38.004517>,  <25.121414, 44.577671, 38.462215>, 0.130000
	pigment { color rgbt <1,0,0,0> }
	no_shadow
}

// nucleotide -1

// particle -1
sphere {
	<25.048107, 43.903683, 38.004517> 0.250000
	pigment { color rgbt <1,0,0,0> }
	no_shadow
}
cylinder {
	<25.079632, 44.237301, 37.786098>,  <25.098547, 44.437469, 37.655048>, 0.100000
	pigment { color rgbt <1,0,0,0> }
	no_shadow
}
cylinder {
	<25.079632, 44.237301, 37.786098>,  <25.048107, 43.903683, 38.004517>, 0.100000
	pigment { color rgbt <1,0,0,0> }
	no_shadow
}

// particle -1
sphere {
	<25.079632, 44.237301, 37.786098> 0.100000
	pigment { color rgbt <1,0,0,0> }
	no_shadow
}
sphere {
	0, 1
	scale<0.080000,0.200000,0.300000>
	matrix <0.547047, -0.494090, -0.675732,
		-0.833384, -0.245457, -0.495200,
		0.078810, 0.834042, -0.546043,
		25.103275, 44.487514, 37.622284>
	pigment { color rgbt <0,1,1,0> }
	no_shadow
}
cylinder {
	<24.822466, 43.815739, 37.338284>,  <25.048107, 43.903683, 38.004517>, 0.130000
	pigment { color rgbt <1,0,0,0> }
	no_shadow
}

// nucleotide -1

// particle -1
sphere {
	<24.822466, 43.815739, 37.338284> 0.250000
	pigment { color rgbt <1,0,0,0> }
	no_shadow
}
cylinder {
	<25.107172, 44.096092, 37.319710>,  <25.277996, 44.264305, 37.308567>, 0.100000
	pigment { color rgbt <1,0,0,0> }
	no_shadow
}
cylinder {
	<25.107172, 44.096092, 37.319710>,  <24.822466, 43.815739, 37.338284>, 0.100000
	pigment { color rgbt <1,0,0,0> }
	no_shadow
}

// particle -1
sphere {
	<25.107172, 44.096092, 37.319710> 0.100000
	pigment { color rgbt <1,0,0,0> }
	no_shadow
}
sphere {
	0, 1
	scale<0.080000,0.200000,0.300000>
	matrix <0.628799, -0.665236, -0.402582,
		-0.313048, 0.257350, -0.914206,
		0.711767, 0.700879, -0.046430,
		25.320702, 44.306355, 37.305782>
	pigment { color rgbt <0,1,1,0> }
	no_shadow
}
cylinder {
	<25.078230, 43.801056, 36.598816>,  <24.822466, 43.815739, 37.338284>, 0.130000
	pigment { color rgbt <1,0,0,0> }
	no_shadow
}

// nucleotide -1

// particle -1
sphere {
	<25.078230, 43.801056, 36.598816> 0.250000
	pigment { color rgbt <1,0,0,0> }
	no_shadow
}
cylinder {
	<25.324497, 43.888523, 36.901638>,  <25.472258, 43.941006, 37.083332>, 0.100000
	pigment { color rgbt <1,0,0,0> }
	no_shadow
}
cylinder {
	<25.324497, 43.888523, 36.901638>,  <25.078230, 43.801056, 36.598816>, 0.100000
	pigment { color rgbt <1,0,0,0> }
	no_shadow
}

// particle -1
sphere {
	<25.324497, 43.888523, 36.901638> 0.100000
	pigment { color rgbt <1,0,0,0> }
	no_shadow
}
sphere {
	0, 1
	scale<0.080000,0.200000,0.300000>
	matrix <0.668963, -0.652782, -0.355477,
		0.416460, 0.725299, -0.548181,
		0.615670, 0.218670, 0.757056,
		25.509197, 43.954124, 37.128754>
	pigment { color rgbt <0,1,1,0> }
	no_shadow
}
cylinder {
	<25.822088, 43.903957, 36.345833>,  <25.078230, 43.801056, 36.598816>, 0.130000
	pigment { color rgbt <1,0,0,0> }
	no_shadow
}

// nucleotide -1

// particle -1
sphere {
	<25.822088, 43.903957, 36.345833> 0.250000
	pigment { color rgbt <1,0,0,0> }
	no_shadow
}
cylinder {
	<25.835228, 43.815434, 36.735691>,  <25.843111, 43.762318, 36.969608>, 0.100000
	pigment { color rgbt <1,0,0,0> }
	no_shadow
}
cylinder {
	<25.835228, 43.815434, 36.735691>,  <25.822088, 43.903957, 36.345833>, 0.100000
	pigment { color rgbt <1,0,0,0> }
	no_shadow
}

// particle -1
sphere {
	<25.835228, 43.815434, 36.735691> 0.100000
	pigment { color rgbt <1,0,0,0> }
	no_shadow
}
sphere {
	0, 1
	scale<0.080000,0.200000,0.300000>
	matrix <0.804622, -0.572617, -0.157140,
		0.592878, 0.789387, 0.159260,
		0.032850, -0.221309, 0.974650,
		25.845083, 43.749043, 37.028088>
	pigment { color rgbt <0,1,1,0> }
	no_shadow
}
cylinder {
	<26.549355, 44.055031, 36.518425>,  <25.822088, 43.903957, 36.345833>, 0.130000
	pigment { color rgbt <1,0,0,0> }
	no_shadow
}

// nucleotide -1

// particle -1
sphere {
	<26.549355, 44.055031, 36.518425> 0.250000
	pigment { color rgbt <1,0,0,0> }
	no_shadow
}
cylinder {
	<26.411203, 43.783611, 36.777744>,  <26.328314, 43.620762, 36.933334>, 0.100000
	pigment { color rgbt <1,0,0,0> }
	no_shadow
}
cylinder {
	<26.411203, 43.783611, 36.777744>,  <26.549355, 44.055031, 36.518425>, 0.100000
	pigment { color rgbt <1,0,0,0> }
	no_shadow
}

// particle -1
sphere {
	<26.411203, 43.783611, 36.777744> 0.100000
	pigment { color rgbt <1,0,0,0> }
	no_shadow
}
sphere {
	0, 1
	scale<0.080000,0.200000,0.300000>
	matrix <0.772364, -0.597921, -0.214348,
		0.533076, 0.426691, 0.730592,
		-0.345376, -0.678547, 0.648298,
		26.307590, 43.580048, 36.972233>
	pigment { color rgbt <0,1,1,0> }
	no_shadow
}
cylinder {
	<27.078697, 43.856525, 37.003799>,  <26.549355, 44.055031, 36.518425>, 0.130000
	pigment { color rgbt <1,0,0,0> }
	no_shadow
}

// nucleotide -1

// particle -1
sphere {
	<27.078697, 43.856525, 37.003799> 0.250000
	pigment { color rgbt <1,0,0,0> }
	no_shadow
}
cylinder {
	<26.825743, 43.547573, 37.027531>,  <26.673969, 43.362202, 37.041771>, 0.100000
	pigment { color rgbt <1,0,0,0> }
	no_shadow
}
cylinder {
	<26.825743, 43.547573, 37.027531>,  <27.078697, 43.856525, 37.003799>, 0.100000
	pigment { color rgbt <1,0,0,0> }
	no_shadow
}

// particle -1
sphere {
	<26.825743, 43.547573, 37.027531> 0.100000
	pigment { color rgbt <1,0,0,0> }
	no_shadow
}
sphere {
	0, 1
	scale<0.080000,0.200000,0.300000>
	matrix <0.772802, -0.623736, 0.117177,
		-0.053501, 0.119949, 0.991337,
		-0.632388, -0.772377, 0.059327,
		26.636026, 43.315861, 37.045330>
	pigment { color rgbt <0,1,1,0> }
	no_shadow
}
cylinder {
	<27.450270, 43.370514, 37.485497>,  <27.078697, 43.856525, 37.003799>, 0.130000
	pigment { color rgbt <1,0,0,0> }
	no_shadow
}

// nucleotide -1

// particle -1
sphere {
	<27.450270, 43.370514, 37.485497> 0.250000
	pigment { color rgbt <1,0,0,0> }
	no_shadow
}
cylinder {
	<27.176029, 43.145794, 37.300316>,  <27.011484, 43.010960, 37.189209>, 0.100000
	pigment { color rgbt <1,0,0,0> }
	no_shadow
}
cylinder {
	<27.176029, 43.145794, 37.300316>,  <27.450270, 43.370514, 37.485497>, 0.100000
	pigment { color rgbt <1,0,0,0> }
	no_shadow
}

// particle -1
sphere {
	<27.176029, 43.145794, 37.300316> 0.100000
	pigment { color rgbt <1,0,0,0> }
	no_shadow
}
sphere {
	0, 1
	scale<0.080000,0.200000,0.300000>
	matrix <0.655777, -0.752748, -0.057688,
		-0.316078, -0.343145, 0.884504,
		-0.685603, -0.561803, -0.462953,
		26.970348, 42.977253, 37.161430>
	pigment { color rgbt <0,1,1,0> }
	no_shadow
}
cylinder {
	<27.503740, 42.673553, 37.754192>,  <27.450270, 43.370514, 37.485497>, 0.130000
	pigment { color rgbt <1,0,0,0> }
	no_shadow
}

// nucleotide -1

// particle -1
sphere {
	<27.503740, 42.673553, 37.754192> 0.250000
	pigment { color rgbt <1,0,0,0> }
	no_shadow
}
cylinder {
	<27.276386, 42.624065, 37.428829>,  <27.139975, 42.594372, 37.233612>, 0.100000
	pigment { color rgbt <1,0,0,0> }
	no_shadow
}
cylinder {
	<27.276386, 42.624065, 37.428829>,  <27.503740, 42.673553, 37.754192>, 0.100000
	pigment { color rgbt <1,0,0,0> }
	no_shadow
}

// particle -1
sphere {
	<27.276386, 42.624065, 37.428829> 0.100000
	pigment { color rgbt <1,0,0,0> }
	no_shadow
}
sphere {
	0, 1
	scale<0.080000,0.200000,0.300000>
	matrix <0.466123, -0.863090, -0.194433,
		-0.677988, -0.489661, 0.548238,
		-0.568385, -0.123723, -0.813408,
		27.105871, 42.586948, 37.184807>
	pigment { color rgbt <0,1,1,0> }
	no_shadow
}
cylinder {
	<27.257975, 42.036629, 37.808678>,  <27.503740, 42.673553, 37.754192>, 0.130000
	pigment { color rgbt <1,0,0,0> }
	no_shadow
}

// nucleotide -1

// particle -1
sphere {
	<27.257975, 42.036629, 37.808678> 0.250000
	pigment { color rgbt <1,0,0,0> }
	no_shadow
}
cylinder {
	<27.236807, 42.122429, 37.418560>,  <27.224106, 42.173908, 37.184490>, 0.100000
	pigment { color rgbt <1,0,0,0> }
	no_shadow
}
cylinder {
	<27.236807, 42.122429, 37.418560>,  <27.257975, 42.036629, 37.808678>, 0.100000
	pigment { color rgbt <1,0,0,0> }
	no_shadow
}

// particle -1
sphere {
	<27.236807, 42.122429, 37.418560> 0.100000
	pigment { color rgbt <1,0,0,0> }
	no_shadow
}
sphere {
	0, 1
	scale<0.080000,0.200000,0.300000>
	matrix <0.566927, -0.797552, -0.206169,
		-0.822067, -0.563828, -0.079399,
		-0.052919, 0.214498, -0.975290,
		27.220932, 42.186779, 37.125973>
	pigment { color rgbt <0,1,1,0> }
	no_shadow
}
cylinder {
	<26.845451, 41.527592, 37.541992>,  <27.257975, 42.036629, 37.808678>, 0.130000
	pigment { color rgbt <1,0,0,0> }
	no_shadow
}

// nucleotide -1

// particle -1
sphere {
	<26.845451, 41.527592, 37.541992> 0.250000
	pigment { color rgbt <1,0,0,0> }
	no_shadow
}
cylinder {
	<27.069216, 41.671867, 37.243473>,  <27.203474, 41.758434, 37.064362>, 0.100000
	pigment { color rgbt <1,0,0,0> }
	no_shadow
}
cylinder {
	<27.069216, 41.671867, 37.243473>,  <26.845451, 41.527592, 37.541992>, 0.100000
	pigment { color rgbt <1,0,0,0> }
	no_shadow
}

// particle -1
sphere {
	<27.069216, 41.671867, 37.243473> 0.100000
	pigment { color rgbt <1,0,0,0> }
	no_shadow
}
sphere {
	0, 1
	scale<0.080000,0.200000,0.300000>
	matrix <0.252078, -0.931743, -0.261363,
		-0.789631, -0.041917, -0.612148,
		0.559409, 0.360690, -0.746300,
		27.237038, 41.780075, 37.019585>
	pigment { color rgbt <0,1,1,0> }
	no_shadow
}
cylinder {
	<26.765104, 40.993553, 37.076530>,  <26.845451, 41.527592, 37.541992>, 0.130000
	pigment { color rgbt <1,0,0,0> }
	no_shadow
}

// nucleotide -1

// particle -1
sphere {
	<26.765104, 40.993553, 37.076530> 0.250000
	pigment { color rgbt <1,0,0,0> }
	no_shadow
}
cylinder {
	<27.082237, 41.195660, 36.940228>,  <27.272518, 41.316925, 36.858444>, 0.100000
	pigment { color rgbt <1,0,0,0> }
	no_shadow
}
cylinder {
	<27.082237, 41.195660, 36.940228>,  <26.765104, 40.993553, 37.076530>, 0.100000
	pigment { color rgbt <1,0,0,0> }
	no_shadow
}

// particle -1
sphere {
	<27.082237, 41.195660, 36.940228> 0.100000
	pigment { color rgbt <1,0,0,0> }
	no_shadow
}
sphere {
	0, 1
	scale<0.080000,0.200000,0.300000>
	matrix <0.373038, -0.844503, -0.384263,
