// switches for output
#declare DRAW_BASES = 1; // possible values are 0, 1; only relevant for DNA ribbons
#declare DRAW_BASES_TYPE = 3; // possible values are 1, 2, 3; only relevant for DNA ribbons
#declare DRAW_FOG = 0; // set to 1 to enable fog

#include "colors.inc"

#include "transforms.inc"
background { rgb <1, 1, 1>}

#default {
   normal{
       ripples 0.25
       frequency 0.20
       turbulence 0.2
       lambda 5
   }
	finish {
		phong 0.1
		phong_size 40.
	}
}

// original window dimensions: 1024x640


// camera settings

camera {
	sky <0, 0.179814, -0.983701>
	up <0, 0.179814, -0.983701>
	right 1.6 * <1, 0, 0>
	location <35, 94.9851, 44.8844>
	look_at <35, 29.7336, 32.9568>
	direction <0, -65.2515, -11.9276>
	angle 67.0682
}


# declare cpy_camera_pos = <35, 94.9851, 44.8844>;
# if (DRAW_FOG = 1)
fog {
	fog_type 2
	up vnormalize(cpy_camera_pos)
	color rgbt<1,1,1,0.3>
	distance 1e-5
	fog_alt 3e-3
	fog_offset 56
}
# end


// LIGHTS

# declare lum = 6;
global_settings {
	ambient_light rgb lum * <0.05, 0.05, 0.05>
	max_trace_level 15
}# declare cpy_direct_light_amount = 0.25;
light_source
{	1000 * <-1, -1.16352, -0.803886>,
	rgb lum * cpy_direct_light_amount
	parallel
}

light_source
{	1000 * <1, 1.16352, 0.803886>,
	rgb lum * cpy_direct_light_amount
	parallel
}

// strand 0

// nucleotide -1

// particle -1
sphere {
	<24.198479, 34.662113, 34.643909> 0.250000
	pigment { color rgbt <1,0,0,0> }
	no_shadow
}
cylinder {
	<24.202122, 35.054867, 34.719616>,  <24.204308, 35.290520, 34.765038>, 0.100000
	pigment { color rgbt <1,0,0,0> }
	no_shadow
}
cylinder {
	<24.202122, 35.054867, 34.719616>,  <24.198479, 34.662113, 34.643909>, 0.100000
	pigment { color rgbt <1,0,0,0> }
	no_shadow
}

// particle -1
sphere {
	<24.202122, 35.054867, 34.719616> 0.100000
	pigment { color rgbt <1,0,0,0> }
	no_shadow
}
sphere {
	0, 1
	scale<0.080000,0.200000,0.300000>
	matrix <0.829061, -0.113240, 0.547572,
		0.559084, 0.151923, -0.815073,
		0.009110, 0.981884, 0.189264,
		24.204855, 35.349434, 34.776394>
	pigment { color rgbt <0,1,1,0> }
	no_shadow
}
cylinder {
	<24.770184, 35.136936, 34.261940>,  <24.198479, 34.662113, 34.643909>, 0.130000
	pigment { color rgbt <1,0,0,0> }
	no_shadow
}

// nucleotide -1

// particle -1
sphere {
	<24.770184, 35.136936, 34.261940> 0.250000
	pigment { color rgbt <1,0,0,0> }
	no_shadow
}
cylinder {
	<24.651131, 35.233120, 34.631500>,  <24.579699, 35.290829, 34.853237>, 0.100000
	pigment { color rgbt <1,0,0,0> }
	no_shadow
}
cylinder {
	<24.651131, 35.233120, 34.631500>,  <24.770184, 35.136936, 34.261940>, 0.100000
	pigment { color rgbt <1,0,0,0> }
	no_shadow
}

// particle -1
sphere {
	<24.651131, 35.233120, 34.631500> 0.100000
	pigment { color rgbt <1,0,0,0> }
	no_shadow
}
sphere {
	0, 1
	scale<0.080000,0.200000,0.300000>
	matrix <0.853424, -0.366729, 0.370375,
		0.427881, 0.898716, -0.096060,
		-0.297634, 0.240457, 0.923902,
		24.561840, 35.305256, 34.908672>
	pigment { color rgbt <0,1,1,0> }
	no_shadow
}
cylinder {
	<25.276279, 35.524292, 34.462788>,  <24.770184, 35.136936, 34.261940>, 0.130000
	pigment { color rgbt <1,0,0,0> }
	no_shadow
}

// nucleotide -1

// particle -1
sphere {
	<25.276279, 35.524292, 34.462788> 0.250000
	pigment { color rgbt <1,0,0,0> }
	no_shadow
}
cylinder {
	<25.068771, 35.424118, 34.789749>,  <24.944265, 35.364014, 34.985928>, 0.100000
	pigment { color rgbt <1,0,0,0> }
	no_shadow
}
cylinder {
	<25.068771, 35.424118, 34.789749>,  <25.276279, 35.524292, 34.462788>, 0.100000
	pigment { color rgbt <1,0,0,0> }
	no_shadow
}

// particle -1
sphere {
	<25.068771, 35.424118, 34.789749> 0.100000
	pigment { color rgbt <1,0,0,0> }
	no_shadow
}
sphere {
	0, 1
	scale<0.080000,0.200000,0.300000>
	matrix <0.853839, -0.103868, 0.510069,
		-0.042838, 0.962545, 0.267717,
		-0.518772, -0.250438, 0.817408,
		24.913139, 35.348988, 35.034973>
	pigment { color rgbt <0,1,1,0> }
	no_shadow
}
cylinder {
	<25.244020, 36.075508, 35.146160>,  <25.276279, 35.524292, 34.462788>, 0.130000
	pigment { color rgbt <1,0,0,0> }
	no_shadow
}

// nucleotide -1

// particle -1
sphere {
	<25.244020, 36.075508, 35.146160> 0.250000
	pigment { color rgbt <1,0,0,0> }
	no_shadow
}
cylinder {
	<25.223309, 35.681091, 35.209454>,  <25.210882, 35.444439, 35.247429>, 0.100000
	pigment { color rgbt <1,0,0,0> }
	no_shadow
}
cylinder {
	<25.223309, 35.681091, 35.209454>,  <25.244020, 36.075508, 35.146160>, 0.100000
	pigment { color rgbt <1,0,0,0> }
	no_shadow
}

// particle -1
sphere {
	<25.223309, 35.681091, 35.209454> 0.100000
	pigment { color rgbt <1,0,0,0> }
	no_shadow
}
sphere {
	0, 1
	scale<0.080000,0.200000,0.300000>
	matrix <0.886264, 0.027656, 0.462354,
		-0.460277, 0.164174, 0.872463,
		-0.051778, -0.986044, 0.158231,
		25.207775, 35.385277, 35.256924>
	pigment { color rgbt <0,1,1,0> }
	no_shadow
}
cylinder {
	<25.792028, 36.100307, 35.594090>,  <25.244020, 36.075508, 35.146160>, 0.130000
	pigment { color rgbt <1,0,0,0> }
	no_shadow
}

// nucleotide -1

// particle -1
sphere {
	<25.792028, 36.100307, 35.594090> 0.250000
	pigment { color rgbt <1,0,0,0> }
	no_shadow
}
cylinder {
	<25.713856, 35.720650, 35.495350>,  <25.666952, 35.492855, 35.436108>, 0.100000
	pigment { color rgbt <1,0,0,0> }
	no_shadow
}
cylinder {
	<25.713856, 35.720650, 35.495350>,  <25.792028, 36.100307, 35.594090>, 0.100000
	pigment { color rgbt <1,0,0,0> }
	no_shadow
}

// particle -1
sphere {
	<25.713856, 35.720650, 35.495350> 0.100000
	pigment { color rgbt <1,0,0,0> }
	no_shadow
}
sphere {
	0, 1
	scale<0.080000,0.200000,0.300000>
	matrix <0.933150, -0.257401, 0.250950,
		-0.301725, -0.181300, 0.935998,
		-0.195430, -0.949144, -0.246844,
		25.655228, 35.435905, 35.421295>
	pigment { color rgbt <0,1,1,0> }
	no_shadow
}
cylinder {
	<26.478041, 36.443535, 35.534508>,  <25.792028, 36.100307, 35.594090>, 0.130000
	pigment { color rgbt <1,0,0,0> }
	no_shadow
}

// nucleotide -1

// particle -1
sphere {
	<26.478041, 36.443535, 35.534508> 0.250000
	pigment { color rgbt <1,0,0,0> }
	no_shadow
}
cylinder {
	<26.279768, 36.662743, 35.804020>,  <26.160805, 36.794266, 35.965725>, 0.100000
	pigment { color rgbt <1,0,0,0> }
	no_shadow
}
cylinder {
	<26.279768, 36.662743, 35.804020>,  <26.478041, 36.443535, 35.534508>, 0.100000
	pigment { color rgbt <1,0,0,0> }
	no_shadow
}

// particle -1
sphere {
	<26.279768, 36.662743, 35.804020> 0.100000
	pigment { color rgbt <1,0,0,0> }
	no_shadow
}
sphere {
	0, 1
	scale<0.080000,0.200000,0.300000>
	matrix <-0.435771, -0.828002, 0.352869,
		0.751268, -0.118703, 0.649235,
		-0.495681, 0.548017, 0.673778,
		26.131063, 36.827148, 36.006153>
	pigment { color rgbt <0,1,1,0> }
	no_shadow
}
cylinder {
	<26.375288, 36.031921, 36.136574>,  <26.478041, 36.443535, 35.534508>, 0.130000
	pigment { color rgbt <1,0,0,0> }
	no_shadow
}

// nucleotide -1

// particle -1
sphere {
	<26.375288, 36.031921, 36.136574> 0.250000
	pigment { color rgbt <1,0,0,0> }
	no_shadow
}
cylinder {
	<26.750338, 36.006119, 35.999928>,  <26.975367, 35.990639, 35.917938>, 0.100000
	pigment { color rgbt <1,0,0,0> }
	no_shadow
}
cylinder {
	<26.750338, 36.006119, 35.999928>,  <26.375288, 36.031921, 36.136574>, 0.100000
	pigment { color rgbt <1,0,0,0> }
	no_shadow
}

// particle -1
sphere {
	<26.750338, 36.006119, 35.999928> 0.100000
	pigment { color rgbt <1,0,0,0> }
	no_shadow
}
sphere {
	0, 1
	scale<0.080000,0.200000,0.300000>
	matrix <0.254005, 0.798031, 0.546469,
		0.237370, -0.599154, 0.764637,
		0.937623, -0.064507, -0.341617,
		27.031624, 35.986767, 35.897442>
	pigment { color rgbt <0,1,1,0> }
	no_shadow
}
cylinder {
	<26.844522, 35.977478, 36.730030>,  <26.375288, 36.031921, 36.136574>, 0.130000
	pigment { color rgbt <1,0,0,0> }
	no_shadow
}

// nucleotide -1

// particle -1
sphere {
	<26.844522, 35.977478, 36.730030> 0.250000
	pigment { color rgbt <1,0,0,0> }
	no_shadow
}
cylinder {
	<27.049540, 36.108910, 36.412708>,  <27.172550, 36.187767, 36.222313>, 0.100000
	pigment { color rgbt <1,0,0,0> }
	no_shadow
}
cylinder {
	<27.049540, 36.108910, 36.412708>,  <26.844522, 35.977478, 36.730030>, 0.100000
	pigment { color rgbt <1,0,0,0> }
	no_shadow
}

// particle -1
sphere {
	<27.049540, 36.108910, 36.412708> 0.100000
	pigment { color rgbt <1,0,0,0> }
	no_shadow
}
sphere {
	0, 1
	scale<0.080000,0.200000,0.300000>
	matrix <0.222072, 0.841731, 0.492110,
		0.829450, -0.428397, 0.358453,
		0.512539, 0.328579, -0.793309,
		27.203302, 36.207481, 36.174717>
	pigment { color rgbt <0,1,1,0> }
	no_shadow
}
cylinder {
	<27.280994, 36.353127, 37.061543>,  <26.844522, 35.977478, 36.730030>, 0.130000
	pigment { color rgbt <1,0,0,0> }
	no_shadow
}

// nucleotide -1

// particle -1
sphere {
	<27.280994, 36.353127, 37.061543> 0.250000
	pigment { color rgbt <1,0,0,0> }
	no_shadow
}
cylinder {
	<27.361145, 36.474586, 36.688953>,  <27.409235, 36.547462, 36.465401>, 0.100000
	pigment { color rgbt <1,0,0,0> }
	no_shadow
}
cylinder {
	<27.361145, 36.474586, 36.688953>,  <27.280994, 36.353127, 37.061543>, 0.100000
	pigment { color rgbt <1,0,0,0> }
	no_shadow
}

// particle -1
sphere {
	<27.361145, 36.474586, 36.688953> 0.100000
	pigment { color rgbt <1,0,0,0> }
	no_shadow
}
sphere {
	0, 1
	scale<0.080000,0.200000,0.300000>
	matrix <0.376607, 0.853833, 0.359355,
		0.904443, -0.422806, 0.056730,
		0.200376, 0.303651, -0.931475,
		27.421257, 36.565681, 36.409512>
	pigment { color rgbt <0,1,1,0> }
	no_shadow
}
cylinder {
	<27.986982, 36.784424, 37.005001>,  <27.280994, 36.353127, 37.061543>, 0.130000
	pigment { color rgbt <1,0,0,0> }
	no_shadow
}

// nucleotide -1

// particle -1
sphere {
	<27.986982, 36.784424, 37.005001> 0.250000
	pigment { color rgbt <1,0,0,0> }
	no_shadow
}
cylinder {
	<27.787918, 36.876766, 36.670567>,  <27.668480, 36.932171, 36.469906>, 0.100000
	pigment { color rgbt <1,0,0,0> }
	no_shadow
}
cylinder {
	<27.787918, 36.876766, 36.670567>,  <27.986982, 36.784424, 37.005001>, 0.100000
	pigment { color rgbt <1,0,0,0> }
	no_shadow
}

// particle -1
sphere {
	<27.787918, 36.876766, 36.670567> 0.100000
	pigment { color rgbt <1,0,0,0> }
	no_shadow
}
sphere {
	0, 1
	scale<0.080000,0.200000,0.300000>
	matrix <0.451435, 0.892022, -0.022411,
		0.740634, -0.388592, -0.548139,
		-0.497661, 0.230851, -0.836087,
		27.638620, 36.946022, 36.419739>
	pigment { color rgbt <0,1,1,0> }
	no_shadow
}
cylinder {
	<28.359594, 37.288937, 36.650940>,  <27.986982, 36.784424, 37.005001>, 0.130000
	pigment { color rgbt <1,0,0,0> }
	no_shadow
}

// nucleotide -1

// particle -1
sphere {
	<28.359594, 37.288937, 36.650940> 0.250000
	pigment { color rgbt <1,0,0,0> }
	no_shadow
}
cylinder {
	<28.031385, 37.366016, 36.435677>,  <27.834461, 37.412266, 36.306519>, 0.100000
	pigment { color rgbt <1,0,0,0> }
	no_shadow
}
cylinder {
	<28.031385, 37.366016, 36.435677>,  <28.359594, 37.288937, 36.650940>, 0.100000
	pigment { color rgbt <1,0,0,0> }
	no_shadow
}

// particle -1
sphere {
	<28.031385, 37.366016, 36.435677> 0.100000
	pigment { color rgbt <1,0,0,0> }
	no_shadow
}
sphere {
	0, 1
	scale<0.080000,0.200000,0.300000>
	matrix <0.281472, 0.955620, -0.086971,
		0.497512, -0.222837, -0.838347,
		-0.820522, 0.192702, -0.538154,
		27.785229, 37.423828, 36.274231>
	pigment { color rgbt <0,1,1,0> }
	no_shadow
}
cylinder {
	<28.513920, 37.854679, 36.061684>,  <28.359594, 37.288937, 36.650940>, 0.130000
	pigment { color rgbt <1,0,0,0> }
	no_shadow
}

// nucleotide -1

// particle -1
sphere {
	<28.513920, 37.854679, 36.061684> 0.250000
	pigment { color rgbt <1,0,0,0> }
	no_shadow
}
cylinder {
	<28.117384, 37.857468, 36.114143>,  <27.879463, 37.859142, 36.145618>, 0.100000
	pigment { color rgbt <1,0,0,0> }
	no_shadow
}
cylinder {
	<28.117384, 37.857468, 36.114143>,  <28.513920, 37.854679, 36.061684>, 0.100000
	pigment { color rgbt <1,0,0,0> }
	no_shadow
}

// particle -1
sphere {
	<28.117384, 37.857468, 36.114143> 0.100000
	pigment { color rgbt <1,0,0,0> }
	no_shadow
}
sphere {
	0, 1
	scale<0.080000,0.200000,0.300000>
	matrix <-0.004117, 0.996448, -0.084114,
		-0.131271, -0.083926, -0.987788,
		-0.991338, 0.006975, 0.131150,
		27.819983, 37.859562, 36.153488>
	pigment { color rgbt <0,1,1,0> }
	no_shadow
}
cylinder {
	<28.260025, 38.266724, 35.494217>,  <28.513920, 37.854679, 36.061684>, 0.130000
	pigment { color rgbt <1,0,0,0> }
	no_shadow
}

// nucleotide -1

// particle -1
sphere {
	<28.260025, 38.266724, 35.494217> 0.250000
	pigment { color rgbt <1,0,0,0> }
	no_shadow
}
cylinder {
	<27.996675, 38.246937, 35.794643>,  <27.838665, 38.235065, 35.974899>, 0.100000
	pigment { color rgbt <1,0,0,0> }
	no_shadow
}
cylinder {
	<27.996675, 38.246937, 35.794643>,  <28.260025, 38.266724, 35.494217>, 0.100000
	pigment { color rgbt <1,0,0,0> }
	no_shadow
}

// particle -1
sphere {
	<27.996675, 38.246937, 35.794643> 0.100000
	pigment { color rgbt <1,0,0,0> }
	no_shadow
}
sphere {
	0, 1
	scale<0.080000,0.200000,0.300000>
	matrix <-0.210792, 0.970026, -0.120893,
		-0.722572, -0.237911, -0.649066,
		-0.658373, -0.049464, 0.751064,
		27.799164, 38.232098, 36.019962>
	pigment { color rgbt <0,1,1,0> }
	no_shadow
}
cylinder {
	<27.674686, 38.550606, 35.223099>,  <28.260025, 38.266724, 35.494217>, 0.130000
	pigment { color rgbt <1,0,0,0> }
	no_shadow
}

// nucleotide -1

// particle -1
sphere {
	<27.674686, 38.550606, 35.223099> 0.250000
	pigment { color rgbt <1,0,0,0> }
	no_shadow
}
cylinder {
	<27.621731, 38.593117, 35.617294>,  <27.589958, 38.618622, 35.853809>, 0.100000
	pigment { color rgbt <1,0,0,0> }
	no_shadow
}
cylinder {
	<27.621731, 38.593117, 35.617294>,  <27.674686, 38.550606, 35.223099>, 0.100000
	pigment { color rgbt <1,0,0,0> }
	no_shadow
}

// particle -1
sphere {
	<27.621731, 38.593117, 35.617294> 0.100000
	pigment { color rgbt <1,0,0,0> }
	no_shadow
}
sphere {
	0, 1
	scale<0.080000,0.200000,0.300000>
	matrix <-0.263555, 0.954671, -0.138356,
		-0.955517, -0.278046, -0.098379,
		-0.132388, 0.106273, 0.985484,
		27.582014, 38.625000, 35.912941>
	pigment { color rgbt <0,1,1,0> }
	no_shadow
}
cylinder {
	<27.119499, 39.014797, 35.234486>,  <27.674686, 38.550606, 35.223099>, 0.130000
	pigment { color rgbt <1,0,0,0> }
	no_shadow
}

// nucleotide -1

// particle -1
sphere {
	<27.119499, 39.014797, 35.234486> 0.250000
	pigment { color rgbt <1,0,0,0> }
	no_shadow
}
cylinder {
	<27.297825, 38.992008, 35.591808>,  <27.404821, 38.978336, 35.806202>, 0.100000
	pigment { color rgbt <1,0,0,0> }
	no_shadow
}
cylinder {
	<27.297825, 38.992008, 35.591808>,  <27.119499, 39.014797, 35.234486>, 0.100000
	pigment { color rgbt <1,0,0,0> }
	no_shadow
}

// particle -1
sphere {
	<27.297825, 38.992008, 35.591808> 0.100000
	pigment { color rgbt <1,0,0,0> }
	no_shadow
}
sphere {
	0, 1
	scale<0.080000,0.200000,0.300000>
	matrix <-0.059364, 0.993894, 0.093011,
		-0.893154, -0.094496, 0.439712,
		0.445816, -0.056971, 0.893310,
		27.431570, 38.974918, 35.859802>
	pigment { color rgbt <0,1,1,0> }
	no_shadow
}
cylinder {
	<26.747826, 39.506187, 35.611012>,  <27.119499, 39.014797, 35.234486>, 0.130000
	pigment { color rgbt <1,0,0,0> }
	no_shadow
}

// nucleotide -1

// particle -1
sphere {
	<26.747826, 39.506187, 35.611012> 0.250000
	pigment { color rgbt <1,0,0,0> }
	no_shadow
}
cylinder {
	<27.082743, 39.449036, 35.822113>,  <27.283693, 39.414745, 35.948772>, 0.100000
	pigment { color rgbt <1,0,0,0> }
	no_shadow
}
cylinder {
	<27.082743, 39.449036, 35.822113>,  <26.747826, 39.506187, 35.611012>, 0.100000
	pigment { color rgbt <1,0,0,0> }
	no_shadow
}

// particle -1
sphere {
	<27.082743, 39.449036, 35.822113> 0.100000
	pigment { color rgbt <1,0,0,0> }
	no_shadow
}
sphere {
	0, 1
	scale<0.080000,0.200000,0.300000>
	matrix <-0.002195, 0.964364, 0.264571,
		-0.546750, -0.222682, 0.807141,
		0.837293, -0.142883, 0.527755,
		27.333931, 39.406170, 35.980438>
	pigment { color rgbt <0,1,1,0> }
	no_shadow
}
cylinder {
	<26.600050, 39.896122, 36.132103>,  <26.747826, 39.506187, 35.611012>, 0.130000
	pigment { color rgbt <1,0,0,0> }
	no_shadow
}

// nucleotide -1

// particle -1
sphere {
	<26.600050, 39.896122, 36.132103> 0.250000
	pigment { color rgbt <1,0,0,0> }
	no_shadow
}
cylinder {
	<26.996523, 39.844631, 36.144661>,  <27.234407, 39.813736, 36.152195>, 0.100000
	pigment { color rgbt <1,0,0,0> }
	no_shadow
}
cylinder {
	<26.996523, 39.844631, 36.144661>,  <26.600050, 39.896122, 36.132103>, 0.100000
	pigment { color rgbt <1,0,0,0> }
	no_shadow
}

// particle -1
sphere {
	<26.996523, 39.844631, 36.144661> 0.100000
	pigment { color rgbt <1,0,0,0> }
	no_shadow
}
sphere {
	0, 1
	scale<0.080000,0.200000,0.300000>
	matrix <0.118658, 0.967781, 0.222081,
		-0.058972, -0.216398, 0.974523,
		0.991182, -0.128732, 0.031395,
		27.293879, 39.806011, 36.154079>
	pigment { color rgbt <0,1,1,0> }
	no_shadow
}
cylinder {
	<26.852385, 40.181202, 36.703869>,  <26.600050, 39.896122, 36.132103>, 0.130000
	pigment { color rgbt <1,0,0,0> }
	no_shadow
}

// nucleotide -1

// particle -1
sphere {
	<26.852385, 40.181202, 36.703869> 0.250000
	pigment { color rgbt <1,0,0,0> }
	no_shadow
}
cylinder {
	<27.157001, 40.184883, 36.444649>,  <27.339771, 40.187092, 36.289116>, 0.100000
	pigment { color rgbt <1,0,0,0> }
	no_shadow
}
cylinder {
	<27.157001, 40.184883, 36.444649>,  <26.852385, 40.181202, 36.703869>, 0.100000
	pigment { color rgbt <1,0,0,0> }
	no_shadow
}

// particle -1
sphere {
	<27.157001, 40.184883, 36.444649> 0.100000
	pigment { color rgbt <1,0,0,0> }
	no_shadow
}
sphere {
	0, 1
	scale<0.080000,0.200000,0.300000>
	matrix <0.107139, 0.984355, 0.139879,
		0.639199, -0.175955, 0.748642,
		0.761542, 0.009202, -0.648050,
		27.385464, 40.187645, 36.250233>
	pigment { color rgbt <0,1,1,0> }
	no_shadow
}
cylinder {
	<27.468513, 40.544918, 37.107613>,  <26.852385, 40.181202, 36.703869>, 0.130000
	pigment { color rgbt <1,0,0,0> }
	no_shadow
}

// nucleotide -1

// particle -1
sphere {
	<27.468513, 40.544918, 37.107613> 0.250000
	pigment { color rgbt <1,0,0,0> }
	no_shadow
}
cylinder {
	<27.535084, 40.561459, 36.713539>,  <27.575026, 40.571384, 36.477093>, 0.100000
	pigment { color rgbt <1,0,0,0> }
	no_shadow
}
cylinder {
	<27.535084, 40.561459, 36.713539>,  <27.468513, 40.544918, 37.107613>, 0.100000
	pigment { color rgbt <1,0,0,0> }
	no_shadow
}

// particle -1
sphere {
	<27.535084, 40.561459, 36.713539> 0.100000
	pigment { color rgbt <1,0,0,0> }
	no_shadow
}
sphere {
	0, 1
	scale<0.080000,0.200000,0.300000>
	matrix <0.195339, 0.977937, 0.074046,
		0.966512, -0.204768, 0.154676,
		0.166426, 0.041352, -0.985187,
		27.585011, 40.573864, 36.417984>
	pigment { color rgbt <0,1,1,0> }
	no_shadow
}
cylinder {
	<28.022743, 40.899536, 37.082714>,  <27.468513, 40.544918, 37.107613>, 0.130000
	pigment { color rgbt <1,0,0,0> }
	no_shadow
}

// nucleotide -1

// particle -1
sphere {
	<28.022743, 40.899536, 37.082714> 0.250000
	pigment { color rgbt <1,0,0,0> }
	no_shadow
}
cylinder {
	<27.897625, 40.942894, 36.705269>,  <27.822554, 40.968910, 36.478802>, 0.100000
	pigment { color rgbt <1,0,0,0> }
	no_shadow
}
cylinder {
	<27.897625, 40.942894, 36.705269>,  <28.022743, 40.899536, 37.082714>, 0.100000
	pigment { color rgbt <1,0,0,0> }
	no_shadow
}

// particle -1
sphere {
	<27.897625, 40.942894, 36.705269> 0.100000
	pigment { color rgbt <1,0,0,0> }
	no_shadow
}
sphere {
	0, 1
	scale<0.080000,0.200000,0.300000>
	matrix <0.360855, 0.932538, -0.012494,
		0.878603, -0.344416, -0.330809,
		-0.312795, 0.108397, -0.943615,
		27.803787, 40.975414, 36.422184>
	pigment { color rgbt <0,1,1,0> }
	no_shadow
}
cylinder {
	<28.578991, 41.177162, 36.826302>,  <28.022743, 40.899536, 37.082714>, 0.130000
	pigment { color rgbt <1,0,0,0> }
	no_shadow
}

// nucleotide -1

// particle -1
sphere {
	<28.578991, 41.177162, 36.826302> 0.250000
	pigment { color rgbt <1,0,0,0> }
	no_shadow
}
cylinder {
	<28.306702, 41.249725, 36.542412>,  <28.143328, 41.293262, 36.372078>, 0.100000
	pigment { color rgbt <1,0,0,0> }
	no_shadow
}
cylinder {
	<28.306702, 41.249725, 36.542412>,  <28.578991, 41.177162, 36.826302>, 0.100000
	pigment { color rgbt <1,0,0,0> }
	no_shadow
}

// particle -1
sphere {
	<28.306702, 41.249725, 36.542412> 0.100000
	pigment { color rgbt <1,0,0,0> }
	no_shadow
}
sphere {
	0, 1
	scale<0.080000,0.200000,0.300000>
	matrix <0.443272, 0.873348, -0.201923,
		0.583204, -0.452054, -0.674922,
		-0.680722, 0.181412, -0.709723,
		28.102486, 41.304150, 36.329494>
	pigment { color rgbt <0,1,1,0> }
	no_shadow
}
cylinder {
	<29.009722, 41.399239, 36.190517>,  <28.578991, 41.177162, 36.826302>, 0.130000
	pigment { color rgbt <1,0,0,0> }
	no_shadow
}

// nucleotide -1

// particle -1
sphere {
	<29.009722, 41.399239, 36.190517> 0.250000
	pigment { color rgbt <1,0,0,0> }
	no_shadow
}
cylinder {
	<28.638113, 41.541492, 36.149639>,  <28.415148, 41.626842, 36.125111>, 0.100000
	pigment { color rgbt <1,0,0,0> }
	no_shadow
}
cylinder {
	<28.638113, 41.541492, 36.149639>,  <29.009722, 41.399239, 36.190517>, 0.100000
	pigment { color rgbt <1,0,0,0> }
	no_shadow
}

// particle -1
sphere {
	<28.638113, 41.541492, 36.149639> 0.100000
	pigment { color rgbt <1,0,0,0> }
	no_shadow
}
sphere {
	0, 1
	scale<0.080000,0.200000,0.300000>
	matrix <0.368140, 0.860497, -0.352162,
		-0.037300, -0.364789, -0.930343,
		-0.929022, 0.355632, -0.102196,
		28.359406, 41.648182, 36.118980>
	pigment { color rgbt <0,1,1,0> }
	no_shadow
}
cylinder {
	<28.919264, 41.669079, 35.397373>,  <29.009722, 41.399239, 36.190517>, 0.130000
	pigment { color rgbt <1,0,0,0> }
	no_shadow
}

// nucleotide -1

// particle -1
sphere {
	<28.919264, 41.669079, 35.397373> 0.250000
	pigment { color rgbt <1,0,0,0> }
	no_shadow
}
cylinder {
	<28.652098, 41.854336, 35.630402>,  <28.491798, 41.965492, 35.770218>, 0.100000
	pigment { color rgbt <1,0,0,0> }
	no_shadow
}
cylinder {
	<28.652098, 41.854336, 35.630402>,  <28.919264, 41.669079, 35.397373>, 0.100000
	pigment { color rgbt <1,0,0,0> }
	no_shadow
}

// particle -1
sphere {
	<28.652098, 41.854336, 35.630402> 0.100000
	pigment { color rgbt <1,0,0,0> }
	no_shadow
}
sphere {
	0, 1
	scale<0.080000,0.200000,0.300000>
	matrix <0.325742, 0.885736, -0.330701,
		-0.669164, -0.031114, -0.742463,
		-0.667916, 0.463144, 0.582568,
		28.451723, 41.993279, 35.805172>
	pigment { color rgbt <0,1,1,0> }
	no_shadow
}
cylinder {
	<28.555843, 42.061714, 34.967243>,  <28.919264, 41.669079, 35.397373>, 0.130000
	pigment { color rgbt <1,0,0,0> }
	no_shadow
}

// nucleotide -1

// particle -1
sphere {
	<28.555843, 42.061714, 34.967243> 0.250000
	pigment { color rgbt <1,0,0,0> }
	no_shadow
}
cylinder {
	<28.497648, 42.240593, 35.320251>,  <28.462730, 42.347919, 35.532059>, 0.100000
	pigment { color rgbt <1,0,0,0> }
	no_shadow
}
cylinder {
	<28.497648, 42.240593, 35.320251>,  <28.555843, 42.061714, 34.967243>, 0.100000
	pigment { color rgbt <1,0,0,0> }
	no_shadow
}

// particle -1
sphere {
	<28.497648, 42.240593, 35.320251> 0.100000
	pigment { color rgbt <1,0,0,0> }
	no_shadow
}
sphere {
	0, 1
	scale<0.080000,0.200000,0.300000>
	matrix <0.322144, 0.864815, -0.385120,
		-0.935444, 0.228270, -0.269883,
		-0.145488, 0.447200, 0.882522,
		28.454002, 42.374752, 35.585007>
	pigment { color rgbt <0,1,1,0> }
	no_shadow
}
cylinder {
	<28.072939, 42.537579, 34.813225>,  <28.555843, 42.061714, 34.967243>, 0.130000
	pigment { color rgbt <1,0,0,0> }
	no_shadow
}

// nucleotide -1

// particle -1
sphere {
	<28.072939, 42.537579, 34.813225> 0.250000
	pigment { color rgbt <1,0,0,0> }
	no_shadow
}
cylinder {
	<28.313038, 42.626232, 35.120621>,  <28.457098, 42.679424, 35.305058>, 0.100000
	pigment { color rgbt <1,0,0,0> }
	no_shadow
}
cylinder {
	<28.313038, 42.626232, 35.120621>,  <28.072939, 42.537579, 34.813225>, 0.100000
	pigment { color rgbt <1,0,0,0> }
	no_shadow
}

// particle -1
sphere {
	<28.313038, 42.626232, 35.120621> 0.100000
	pigment { color rgbt <1,0,0,0> }
	no_shadow
}
sphere {
	0, 1
	scale<0.080000,0.200000,0.300000>
	matrix <0.279475, 0.842148, -0.461173,
		-0.749396, 0.491592, 0.443557,
		0.600250, 0.221638, 0.768490,
		28.493113, 42.692722, 35.351170>
	pigment { color rgbt <0,1,1,0> }
	no_shadow
}
cylinder {
	<28.042364, 43.167282, 34.994259>,  <28.072939, 42.537579, 34.813225>, 0.130000
	pigment { color rgbt <1,0,0,0> }
	no_shadow
}

// nucleotide -1

// particle -1
sphere {
	<28.042364, 43.167282, 34.994259> 0.250000
	pigment { color rgbt <1,0,0,0> }
	no_shadow
}
cylinder {
	<28.430178, 43.069416, 34.989437>,  <28.662865, 43.010696, 34.986546>, 0.100000
	pigment { color rgbt <1,0,0,0> }
	no_shadow
}
cylinder {
	<28.430178, 43.069416, 34.989437>,  <28.042364, 43.167282, 34.994259>, 0.100000
	pigment { color rgbt <1,0,0,0> }
	no_shadow
}

// particle -1
sphere {
	<28.430178, 43.069416, 34.989437> 0.100000
	pigment { color rgbt <1,0,0,0> }
	no_shadow
}
sphere {
	0, 1
	scale<0.080000,0.200000,0.300000>
	matrix <0.188867, 0.777930, -0.599295,
		0.156005, 0.578759, 0.800438,
		0.969532, -0.244669, -0.012053,
		28.721037, 42.996014, 34.985821>
	pigment { color rgbt <0,1,1,0> }
	no_shadow
}
cylinder {
	<28.496382, 43.726810, 35.122314>,  <28.042364, 43.167282, 34.994259>, 0.130000
	pigment { color rgbt <1,0,0,0> }
	no_shadow
}

// nucleotide -1

// particle -1
sphere {
	<28.496382, 43.726810, 35.122314> 0.250000
	pigment { color rgbt <1,0,0,0> }
	no_shadow
}
cylinder {
	<28.704477, 43.478188, 34.888046>,  <28.829334, 43.329014, 34.747482>, 0.100000
	pigment { color rgbt <1,0,0,0> }
	no_shadow
}
cylinder {
	<28.704477, 43.478188, 34.888046>,  <28.496382, 43.726810, 35.122314>, 0.100000
	pigment { color rgbt <1,0,0,0> }
	no_shadow
}

// particle -1
sphere {
	<28.704477, 43.478188, 34.888046> 0.100000
	pigment { color rgbt <1,0,0,0> }
	no_shadow
}
sphere {
	0, 1
	scale<0.080000,0.200000,0.300000>
	matrix <0.279566, 0.771947, -0.570912,
		0.806966, 0.133276, 0.575364,
		0.520239, -0.621559, -0.585675,
		28.860550, 43.291721, 34.712345>
	pigment { color rgbt <0,1,1,0> }
	no_shadow
}
cylinder {
	<28.979208, 44.082523, 34.911823>,  <28.496382, 43.726810, 35.122314>, 0.130000
	pigment { color rgbt <1,0,0,0> }
	no_shadow
}

// nucleotide -1

// particle -1
sphere {
	<28.979208, 44.082523, 34.911823> 0.250000
	pigment { color rgbt <1,0,0,0> }
	no_shadow
}
cylinder {
	<29.043306, 43.778759, 34.659599>,  <29.081764, 43.596500, 34.508263>, 0.100000
	pigment { color rgbt <1,0,0,0> }
	no_shadow
}
cylinder {
	<29.043306, 43.778759, 34.659599>,  <28.979208, 44.082523, 34.911823>, 0.100000
	pigment { color rgbt <1,0,0,0> }
	no_shadow
}

// particle -1
sphere {
	<29.043306, 43.778759, 34.659599> 0.100000
	pigment { color rgbt <1,0,0,0> }
	no_shadow
}
sphere {
	0, 1
	scale<0.080000,0.200000,0.300000>
	matrix <0.485930, 0.616739, -0.619278,
		0.859182, -0.207173, 0.467852,
		0.160245, -0.759416, -0.630563,
		29.091379, 43.550934, 34.470428>
	pigment { color rgbt <0,1,1,0> }
	no_shadow
}
cylinder {
	<29.618622, 44.168755, 34.663147>,  <28.979208, 44.082523, 34.911823>, 0.130000
	pigment { color rgbt <1,0,0,0> }
	no_shadow
}

// nucleotide -1

// particle -1
sphere {
	<29.618622, 44.168755, 34.663147> 0.250000
	pigment { color rgbt <1,0,0,0> }
	no_shadow
}
cylinder {
	<29.485826, 43.935371, 34.366673>,  <29.406149, 43.795341, 34.188789>, 0.100000
	pigment { color rgbt <1,0,0,0> }
	no_shadow
}
cylinder {
	<29.485826, 43.935371, 34.366673>,  <29.618622, 44.168755, 34.663147>, 0.100000
	pigment { color rgbt <1,0,0,0> }
	no_shadow
}

// particle -1
sphere {
	<29.485826, 43.935371, 34.366673> 0.100000
	pigment { color rgbt <1,0,0,0> }
	no_shadow
}
sphere {
	0, 1
	scale<0.080000,0.200000,0.300000>
	matrix <0.679521, 0.397054, -0.616927,
		0.654243, -0.708465, 0.264655,
		-0.331989, -0.583459, -0.741187,
		29.386230, 43.760334, 34.144318>
	pigment { color rgbt <0,1,1,0> }
	no_shadow
}
cylinder {
	<30.205441, 43.808922, 34.245354>,  <29.618622, 44.168755, 34.663147>, 0.130000
	pigment { color rgbt <1,0,0,0> }
	no_shadow
}

// nucleotide -1

// particle -1
sphere {
	<30.205441, 43.808922, 34.245354> 0.250000
	pigment { color rgbt <1,0,0,0> }
	no_shadow
}
cylinder {
	<29.881561, 43.871605, 34.019138>,  <29.687233, 43.909214, 33.883411>, 0.100000
	pigment { color rgbt <1,0,0,0> }
	no_shadow
}
cylinder {
	<29.881561, 43.871605, 34.019138>,  <30.205441, 43.808922, 34.245354>, 0.100000
	pigment { color rgbt <1,0,0,0> }
	no_shadow
}

// particle -1
sphere {
	<29.881561, 43.871605, 34.019138> 0.100000
	pigment { color rgbt <1,0,0,0> }
	no_shadow
}
sphere {
	0, 1
	scale<0.080000,0.200000,0.300000>
	matrix <0.541482, 0.571026, -0.617031,
		0.226242, -0.805836, -0.547213,
		-0.809699, 0.156708, -0.565536,
		29.638651, 43.918617, 33.849476>
	pigment { color rgbt <0,1,1,0> }
	no_shadow
}
cylinder {
	<30.440147, 43.735542, 33.617668>,  <30.205441, 43.808922, 34.245354>, 0.130000
	pigment { color rgbt <1,0,0,0> }
	no_shadow
}

// nucleotide -1

// particle -1
sphere {
	<30.440147, 43.735542, 33.617668> 0.250000
	pigment { color rgbt <1,0,0,0> }
	no_shadow
}
cylinder {
	<30.693428, 43.714989, 33.308758>,  <30.845396, 43.702656, 33.123409>, 0.100000
	pigment { color rgbt <1,0,0,0> }
	no_shadow
}
cylinder {
	<30.693428, 43.714989, 33.308758>,  <30.440147, 43.735542, 33.617668>, 0.100000
	pigment { color rgbt <1,0,0,0> }
	no_shadow
}

// particle -1
sphere {
	<30.693428, 43.714989, 33.308758> 0.100000
	pigment { color rgbt <1,0,0,0> }
	no_shadow
}
sphere {
	0, 1
	scale<0.080000,0.200000,0.300000>
	matrix <0.723129, 0.394999, 0.566622,
		0.275933, -0.917243, 0.287273,
		0.633203, -0.051385, -0.772279,
		30.883389, 43.699574, 33.077076>
	pigment { color rgbt <0,1,1,0> }
	no_shadow
}
cylinder {
	<30.523203, 43.127243, 34.015308>,  <30.440147, 43.735542, 33.617668>, 0.130000
	pigment { color rgbt <1,0,0,0> }
	no_shadow
}

// nucleotide -1

// particle -1
sphere {
	<30.523203, 43.127243, 34.015308> 0.250000
	pigment { color rgbt <1,0,0,0> }
	no_shadow
}
cylinder {
	<30.777855, 43.319126, 33.773785>,  <30.930645, 43.434258, 33.628872>, 0.100000
	pigment { color rgbt <1,0,0,0> }
	no_shadow
}
cylinder {
	<30.777855, 43.319126, 33.773785>,  <30.523203, 43.127243, 34.015308>, 0.100000
	pigment { color rgbt <1,0,0,0> }
	no_shadow
}

// particle -1
sphere {
	<30.777855, 43.319126, 33.773785> 0.100000
	pigment { color rgbt <1,0,0,0> }
	no_shadow
}
sphere {
	0, 1
	scale<0.080000,0.200000,0.300000>
	matrix <-0.242002, 0.867696, 0.434210,
		0.732216, -0.130308, 0.668491,
		0.636628, 0.479711, -0.603807,
		30.968843, 43.463039, 33.592644>
	pigment { color rgbt <0,1,1,0> }
	no_shadow
}
cylinder {
	<30.977623, 43.429115, 34.463192>,  <30.523203, 43.127243, 34.015308>, 0.130000
	pigment { color rgbt <1,0,0,0> }
	no_shadow
}

// nucleotide -1

// particle -1
sphere {
	<30.977623, 43.429115, 34.463192> 0.250000
	pigment { color rgbt <1,0,0,0> }
	no_shadow
}
cylinder {
	<30.988396, 43.608318, 34.105743>,  <30.994860, 43.715839, 33.891273>, 0.100000
	pigment { color rgbt <1,0,0,0> }
	no_shadow
}
cylinder {
	<30.988396, 43.608318, 34.105743>,  <30.977623, 43.429115, 34.463192>, 0.100000
	pigment { color rgbt <1,0,0,0> }
	no_shadow
}

// particle -1
sphere {
	<30.988396, 43.608318, 34.105743> 0.100000
	pigment { color rgbt <1,0,0,0> }
	no_shadow
}
sphere {
	0, 1
	scale<0.080000,0.200000,0.300000>
	matrix <0.027964, 0.893260, 0.448669,
		0.999246, -0.037073, 0.011530,
		0.026933, 0.448008, -0.893624,
		30.996475, 43.742722, 33.837658>
	pigment { color rgbt <0,1,1,0> }
	no_shadow
}
cylinder {
	<31.488459, 43.996468, 34.386444>,  <30.977623, 43.429115, 34.463192>, 0.130000
	pigment { color rgbt <1,0,0,0> }
	no_shadow
}

// nucleotide -1

// particle -1
sphere {
	<31.488459, 43.996468, 34.386444> 0.250000
	pigment { color rgbt <1,0,0,0> }
	no_shadow
}
cylinder {
	<31.209040, 44.075638, 34.111385>,  <31.041389, 44.123138, 33.946350>, 0.100000
	pigment { color rgbt <1,0,0,0> }
	no_shadow
}
cylinder {
	<31.209040, 44.075638, 34.111385>,  <31.488459, 43.996468, 34.386444>, 0.100000
	pigment { color rgbt <1,0,0,0> }
	no_shadow
}

// particle -1
sphere {
	<31.209040, 44.075638, 34.111385> 0.100000
	pigment { color rgbt <1,0,0,0> }
	no_shadow
}
sphere {
	0, 1
	scale<0.080000,0.200000,0.300000>
	matrix <-0.039367, 0.948900, 0.313112,
		0.714482, 0.245793, -0.655058,
		-0.698545, 0.197926, -0.687648,
		30.999475, 44.135014, 33.905090>
	pigment { color rgbt <0,1,1,0> }
	no_shadow
}
cylinder {
	<31.722353, 43.947330, 35.224773>,  <31.488459, 43.996468, 34.386444>, 0.130000
	pigment { color rgbt <1,0,0,0> }
	no_shadow
}

// nucleotide -1

// particle -1
sphere {
	<31.722353, 43.947330, 35.224773> 0.250000
	pigment { color rgbt <1,0,0,0> }
	no_shadow
}
cylinder {
	<31.899790, 43.760284, 34.918949>,  <32.006252, 43.648056, 34.735455>, 0.100000
	pigment { color rgbt <1,0,0,0> }
	no_shadow
}
cylinder {
	<31.899790, 43.760284, 34.918949>,  <31.722353, 43.947330, 35.224773>, 0.100000
	pigment { color rgbt <1,0,0,0> }
	no_shadow
}

// particle -1
sphere {
	<31.899790, 43.760284, 34.918949> 0.100000
	pigment { color rgbt <1,0,0,0> }
	no_shadow
}
sphere {
	0, 1
	scale<0.080000,0.200000,0.300000>
	matrix <0.356204, 0.874807, -0.328377,
		0.822401, -0.126675, 0.554625,
		0.443593, -0.467617, -0.764565,
		32.032867, 43.619999, 34.689579>
	pigment { color rgbt <0,1,1,0> }
	no_shadow
}
cylinder {
	<32.391861, 44.224892, 35.286930>,  <31.722353, 43.947330, 35.224773>, 0.130000
	pigment { color rgbt <1,0,0,0> }
	no_shadow
}

// nucleotide -1

// particle -1
sphere {
	<32.391861, 44.224892, 35.286930> 0.250000
	pigment { color rgbt <1,0,0,0> }
	no_shadow
}
cylinder {
	<32.465767, 44.390015, 35.643681>,  <32.510109, 44.489090, 35.857731>, 0.100000
	pigment { color rgbt <1,0,0,0> }
	no_shadow
}
cylinder {
	<32.465767, 44.390015, 35.643681>,  <32.391861, 44.224892, 35.286930>, 0.100000
	pigment { color rgbt <1,0,0,0> }
	no_shadow
}

// particle -1
sphere {
	<32.465767, 44.390015, 35.643681> 0.100000
	pigment { color rgbt <1,0,0,0> }
	no_shadow
}
sphere {
	0, 1
	scale<0.080000,0.200000,0.300000>
	matrix <-0.284744, -0.846094, 0.450606,
		0.940630, -0.337212, -0.038780,
		0.184761, 0.412811, 0.891880,
		32.521194, 44.513859, 35.911243>
	pigment { color rgbt <0,1,1,0> }
	no_shadow
}
cylinder {
	<32.714413, 43.703587, 35.735950>,  <32.391861, 44.224892, 35.286930>, 0.130000
	pigment { color rgbt <1,0,0,0> }
	no_shadow
}

// nucleotide -1

// particle -1
sphere {
	<32.714413, 43.703587, 35.735950> 0.250000
	pigment { color rgbt <1,0,0,0> }
	no_shadow
}
cylinder {
	<32.489529, 43.959362, 35.945728>,  <32.354599, 44.112827, 36.071594>, 0.100000
	pigment { color rgbt <1,0,0,0> }
	no_shadow
}
cylinder {
	<32.489529, 43.959362, 35.945728>,  <32.714413, 43.703587, 35.735950>, 0.100000
	pigment { color rgbt <1,0,0,0> }
	no_shadow
}

// particle -1
sphere {
	<32.489529, 43.959362, 35.945728> 0.100000
	pigment { color rgbt <1,0,0,0> }
	no_shadow
}
sphere {
	0, 1
	scale<0.080000,0.200000,0.300000>
	matrix <-0.366492, -0.761126, 0.535136,
		0.741353, 0.108655, 0.662261,
		-0.562210, 0.639438, 0.524442,
		32.320866, 44.151192, 36.103062>
	pigment { color rgbt <0,1,1,0> }
	no_shadow
}
cylinder {
	<32.901604, 43.645687, 36.514893>,  <32.714413, 43.703587, 35.735950>, 0.130000
	pigment { color rgbt <1,0,0,0> }
	no_shadow
}

// nucleotide -1

// particle -1
sphere {
	<32.901604, 43.645687, 36.514893> 0.250000
	pigment { color rgbt <1,0,0,0> }
	no_shadow
}
cylinder {
	<32.537991, 43.811394, 36.532990>,  <32.319824, 43.910816, 36.543846>, 0.100000
	pigment { color rgbt <1,0,0,0> }
	no_shadow
}
cylinder {
	<32.537991, 43.811394, 36.532990>,  <32.901604, 43.645687, 36.514893>, 0.100000
	pigment { color rgbt <1,0,0,0> }
	no_shadow
}

// particle -1
sphere {
	<32.537991, 43.811394, 36.532990> 0.100000
	pigment { color rgbt <1,0,0,0> }
	no_shadow
}
sphere {
	0, 1
	scale<0.080000,0.200000,0.300000>
	matrix <-0.317104, -0.758072, 0.569888,
		0.270380, 0.503700, 0.820476,
		-0.909032, 0.414263, 0.045242,
		32.265282, 43.935673, 36.546562>
	pigment { color rgbt <0,1,1,0> }
	no_shadow
}
cylinder {
	<32.679878, 43.318146, 37.032330>,  <32.901604, 43.645687, 36.514893>, 0.130000
	pigment { color rgbt <1,0,0,0> }
	no_shadow
}

// nucleotide -1

// particle -1
sphere {
	<32.679878, 43.318146, 37.032330> 0.250000
	pigment { color rgbt <1,0,0,0> }
	no_shadow
}
cylinder {
	<32.323330, 43.458454, 36.917500>,  <32.109402, 43.542637, 36.848602>, 0.100000
	pigment { color rgbt <1,0,0,0> }
	no_shadow
}
cylinder {
	<32.323330, 43.458454, 36.917500>,  <32.679878, 43.318146, 37.032330>, 0.100000
	pigment { color rgbt <1,0,0,0> }
	no_shadow
}

// particle -1
sphere {
	<32.323330, 43.458454, 36.917500> 0.100000
	pigment { color rgbt <1,0,0,0> }
	no_shadow
}
sphere {
	0, 1
	scale<0.080000,0.200000,0.300000>
	matrix <-0.452641, -0.722139, 0.523097,
		-0.023824, 0.596219, 0.802468,
		-0.891374, 0.350768, -0.287077,
		32.055916, 43.563686, 36.831375>
	pigment { color rgbt <0,1,1,0> }
	no_shadow
}
cylinder {
	<32.281124, 43.486977, 37.602684>,  <32.679878, 43.318146, 37.032330>, 0.130000
	pigment { color rgbt <1,0,0,0> }
	no_shadow
}

// nucleotide -1

// particle -1
sphere {
	<32.281124, 43.486977, 37.602684> 0.250000
	pigment { color rgbt <1,0,0,0> }
	no_shadow
}
cylinder {
	<32.033920, 43.401569, 37.300034>,  <31.885599, 43.350327, 37.118443>, 0.100000
	pigment { color rgbt <1,0,0,0> }
	no_shadow
}
cylinder {
	<32.033920, 43.401569, 37.300034>,  <32.281124, 43.486977, 37.602684>, 0.100000
	pigment { color rgbt <1,0,0,0> }
	no_shadow
}

// particle -1
sphere {
	<32.033920, 43.401569, 37.300034> 0.100000
	pigment { color rgbt <1,0,0,0> }
	no_shadow
}
sphere {
	0, 1
	scale<0.080000,0.200000,0.300000>
	matrix <-0.462569, -0.679436, 0.569558,
		-0.635687, 0.701981, 0.321130,
		-0.618006, -0.213516, -0.756624,
		31.848518, 43.337513, 37.073048>
	pigment { color rgbt <0,1,1,0> }
	no_shadow
}
cylinder {
	<31.529778, 43.315380, 37.901157>,  <32.281124, 43.486977, 37.602684>, 0.130000
	pigment { color rgbt <1,0,0,0> }
	no_shadow
}

// nucleotide -1

// particle -1
sphere {
	<31.529778, 43.315380, 37.901157> 0.250000
	pigment { color rgbt <1,0,0,0> }
	no_shadow
}
cylinder {
	<31.544640, 43.178696, 37.525528>,  <31.553556, 43.096684, 37.300152>, 0.100000
	pigment { color rgbt <1,0,0,0> }
	no_shadow
}
cylinder {
	<31.544640, 43.178696, 37.525528>,  <31.529778, 43.315380, 37.901157>, 0.100000
	pigment { color rgbt <1,0,0,0> }
	no_shadow
}

// particle -1
sphere {
	<31.544640, 43.178696, 37.525528> 0.100000
	pigment { color rgbt <1,0,0,0> }
	no_shadow
}
sphere {
	0, 1
	scale<0.080000,0.200000,0.300000>
	matrix <-0.544962, -0.794616, 0.267586,
		-0.837637, 0.501815, -0.215746,
		0.037157, -0.341713, -0.939070,
		31.555786, 43.076183, 37.243809>
	pigment { color rgbt <0,1,1,0> }
	no_shadow
}
cylinder {
	<30.890564, 43.092510, 37.779305>,  <31.529778, 43.315380, 37.901157>, 0.130000
	pigment { color rgbt <1,0,0,0> }
	no_shadow
}

// nucleotide -1

// particle -1
sphere {
	<30.890564, 43.092510, 37.779305> 0.250000
	pigment { color rgbt <1,0,0,0> }
	no_shadow
}
cylinder {
	<31.079624, 42.892239, 37.489220>,  <31.193060, 42.772076, 37.315170>, 0.100000
	pigment { color rgbt <1,0,0,0> }
	no_shadow
}
cylinder {
	<31.079624, 42.892239, 37.489220>,  <30.890564, 43.092510, 37.779305>, 0.100000
	pigment { color rgbt <1,0,0,0> }
	no_shadow
}

// particle -1
sphere {
	<31.079624, 42.892239, 37.489220> 0.100000
	pigment { color rgbt <1,0,0,0> }
	no_shadow
}
sphere {
	0, 1
	scale<0.080000,0.200000,0.300000>
	matrix <-0.524748, -0.821031, 0.224828,
		-0.707984, 0.274287, -0.650787,
		0.472649, -0.500674, -0.725209,
		31.221418, 42.742035, 37.271656>
	pigment { color rgbt <0,1,1,0> }
	no_shadow
}
cylinder {
	<30.358627, 42.698792, 37.427208>,  <30.890564, 43.092510, 37.779305>, 0.130000
	pigment { color rgbt <1,0,0,0> }
	no_shadow
}

// nucleotide -1

// particle -1
sphere {
	<30.358627, 42.698792, 37.427208> 0.250000
	pigment { color rgbt <1,0,0,0> }
	no_shadow
}
cylinder {
	<30.710205, 42.526688, 37.344906>,  <30.921152, 42.423428, 37.295525>, 0.100000
	pigment { color rgbt <1,0,0,0> }
	no_shadow
}
cylinder {
	<30.710205, 42.526688, 37.344906>,  <30.358627, 42.698792, 37.427208>, 0.100000
	pigment { color rgbt <1,0,0,0> }
	no_shadow
}

// particle -1
sphere {
	<30.710205, 42.526688, 37.344906> 0.100000
	pigment { color rgbt <1,0,0,0> }
	no_shadow
}
sphere {
	0, 1
	scale<0.080000,0.200000,0.300000>
	matrix <-0.381079, -0.892994, 0.239461,
