// switches for output
#declare DRAW_BASES = 1; // possible values are 0, 1; only relevant for DNA ribbons
#declare DRAW_BASES_TYPE = 3; // possible values are 1, 2, 3; only relevant for DNA ribbons
#declare DRAW_FOG = 0; // set to 1 to enable fog

#include "colors.inc"

#include "transforms.inc"
background { rgb <1, 1, 1>}

#default {
   normal{
       ripples 0.25
       frequency 0.20
       turbulence 0.2
       lambda 5
   }
	finish {
		phong 0.1
		phong_size 40.
	}
}

// original window dimensions: 1024x640


// camera settings

camera {
	sky <0, 0.179814, -0.983701>
	up <0, 0.179814, -0.983701>
	right 1.6 * <1, 0, 0>
	location <35, 94.9851, 44.8844>
	look_at <35, 29.7336, 32.9568>
	direction <0, -65.2515, -11.9276>
	angle 67.0682
}


# declare cpy_camera_pos = <35, 94.9851, 44.8844>;
# if (DRAW_FOG = 1)
fog {
	fog_type 2
	up vnormalize(cpy_camera_pos)
	color rgbt<1,1,1,0.3>
	distance 1e-5
	fog_alt 3e-3
	fog_offset 56
}
# end


// LIGHTS

# declare lum = 6;
global_settings {
	ambient_light rgb lum * <0.05, 0.05, 0.05>
	max_trace_level 15
}# declare cpy_direct_light_amount = 0.25;
light_source
{	1000 * <-1, -1.16352, -0.803886>,
	rgb lum * cpy_direct_light_amount
	parallel
}

light_source
{	1000 * <1, 1.16352, 0.803886>,
	rgb lum * cpy_direct_light_amount
	parallel
}

// strand 0

// nucleotide -1

// particle -1
sphere {
	<24.184124, 34.814461, 34.526890> 0.250000
	pigment { color rgbt <1,0,0,0> }
	no_shadow
}
cylinder {
	<24.247049, 34.890305, 34.914558>,  <24.284803, 34.935810, 35.147160>, 0.100000
	pigment { color rgbt <1,0,0,0> }
	no_shadow
}
cylinder {
	<24.247049, 34.890305, 34.914558>,  <24.184124, 34.814461, 34.526890>, 0.100000
	pigment { color rgbt <1,0,0,0> }
	no_shadow
}

// particle -1
sphere {
	<24.247049, 34.890305, 34.914558> 0.100000
	pigment { color rgbt <1,0,0,0> }
	no_shadow
}
sphere {
	0, 1
	scale<0.080000,0.200000,0.300000>
	matrix <0.839321, 0.491465, -0.232385,
		-0.520379, 0.850006, -0.081832,
		0.157311, 0.189612, 0.969175,
		24.294243, 34.947189, 35.205311>
	pigment { color rgbt <0,1,1,0> }
	no_shadow
}
cylinder {
	<24.439363, 35.446388, 34.559601>,  <24.184124, 34.814461, 34.526890>, 0.130000
	pigment { color rgbt <1,0,0,0> }
	no_shadow
}

// nucleotide -1

// particle -1
sphere {
	<24.439363, 35.446388, 34.559601> 0.250000
	pigment { color rgbt <1,0,0,0> }
	no_shadow
}
cylinder {
	<24.566179, 35.287491, 34.904087>,  <24.642269, 35.192154, 35.110779>, 0.100000
	pigment { color rgbt <1,0,0,0> }
	no_shadow
}
cylinder {
	<24.566179, 35.287491, 34.904087>,  <24.439363, 35.446388, 34.559601>, 0.100000
	pigment { color rgbt <1,0,0,0> }
	no_shadow
}

// particle -1
sphere {
	<24.566179, 35.287491, 34.904087> 0.100000
	pigment { color rgbt <1,0,0,0> }
	no_shadow
}
sphere {
	0, 1
	scale<0.080000,0.200000,0.300000>
	matrix <0.928892, 0.313345, -0.197419,
		-0.191433, 0.862562, 0.468337,
		0.317038, -0.397242, 0.861212,
		24.661291, 35.168320, 35.162449>
	pigment { color rgbt <0,1,1,0> }
	no_shadow
}
cylinder {
	<25.080153, 35.681038, 34.623413>,  <24.439363, 35.446388, 34.559601>, 0.130000
	pigment { color rgbt <1,0,0,0> }
	no_shadow
}

// nucleotide -1

// particle -1
sphere {
	<25.080153, 35.681038, 34.623413> 0.250000
	pigment { color rgbt <1,0,0,0> }
	no_shadow
}
cylinder {
	<25.197498, 35.370102, 34.846004>,  <25.267906, 35.183540, 34.979561>, 0.100000
	pigment { color rgbt <1,0,0,0> }
	no_shadow
}
cylinder {
	<25.197498, 35.370102, 34.846004>,  <25.080153, 35.681038, 34.623413>, 0.100000
	pigment { color rgbt <1,0,0,0> }
	no_shadow
}

// particle -1
sphere {
	<25.197498, 35.370102, 34.846004> 0.100000
	pigment { color rgbt <1,0,0,0> }
	no_shadow
}
sphere {
	0, 1
	scale<0.080000,0.200000,0.300000>
	matrix <0.940995, 0.132071, -0.311586,
		0.168714, 0.615055, 0.770222,
		0.293367, -0.777344, 0.556482,
		25.285509, 35.136898, 35.012951>
	pigment { color rgbt <0,1,1,0> }
	no_shadow
}
cylinder {
	<25.685015, 35.833836, 35.125801>,  <25.080153, 35.681038, 34.623413>, 0.130000
	pigment { color rgbt <1,0,0,0> }
	no_shadow
}

// nucleotide -1

// particle -1
sphere {
	<25.685015, 35.833836, 35.125801> 0.250000
	pigment { color rgbt <1,0,0,0> }
	no_shadow
}
cylinder {
	<25.726297, 35.467049, 34.971649>,  <25.751066, 35.246975, 34.879158>, 0.100000
	pigment { color rgbt <1,0,0,0> }
	no_shadow
}
cylinder {
	<25.726297, 35.467049, 34.971649>,  <25.685015, 35.833836, 35.125801>, 0.100000
	pigment { color rgbt <1,0,0,0> }
	no_shadow
}

// particle -1
sphere {
	<25.726297, 35.467049, 34.971649> 0.100000
	pigment { color rgbt <1,0,0,0> }
	no_shadow
}
sphere {
	0, 1
	scale<0.080000,0.200000,0.300000>
	matrix <0.918076, 0.236905, -0.317824,
		0.382733, -0.321008, 0.866297,
		0.103206, -0.916968, -0.385381,
		25.757259, 35.191959, 34.856033>
	pigment { color rgbt <0,1,1,0> }
	no_shadow
}
cylinder {
	<26.220175, 35.500229, 35.481613>,  <25.685015, 35.833836, 35.125801>, 0.130000
	pigment { color rgbt <1,0,0,0> }
	no_shadow
}

// nucleotide -1

// particle -1
sphere {
	<26.220175, 35.500229, 35.481613> 0.250000
	pigment { color rgbt <1,0,0,0> }
	no_shadow
}
cylinder {
	<26.198181, 35.383511, 35.099655>,  <26.184986, 35.313480, 34.870480>, 0.100000
	pigment { color rgbt <1,0,0,0> }
	no_shadow
}
cylinder {
	<26.198181, 35.383511, 35.099655>,  <26.220175, 35.500229, 35.481613>, 0.100000
	pigment { color rgbt <1,0,0,0> }
	no_shadow
}

// particle -1
sphere {
	<26.198181, 35.383511, 35.099655> 0.100000
	pigment { color rgbt <1,0,0,0> }
	no_shadow
}
sphere {
	0, 1
	scale<0.080000,0.200000,0.300000>
	matrix <0.952564, 0.271369, -0.137773,
		0.299332, -0.917177, 0.263035,
		-0.054983, -0.291797, -0.954899,
		26.181686, 35.295971, 34.813187>
	pigment { color rgbt <0,1,1,0> }
	no_shadow
}
cylinder {
	<26.727650, 34.949135, 35.395306>,  <26.220175, 35.500229, 35.481613>, 0.130000
	pigment { color rgbt <1,0,0,0> }
	no_shadow
}

// nucleotide -1

// particle -1
sphere {
	<26.727650, 34.949135, 35.395306> 0.250000
	pigment { color rgbt <1,0,0,0> }
	no_shadow
}
cylinder {
	<26.683371, 35.198162, 35.085426>,  <26.656803, 35.347580, 34.899498>, 0.100000
	pigment { color rgbt <1,0,0,0> }
	no_shadow
}
cylinder {
	<26.683371, 35.198162, 35.085426>,  <26.727650, 34.949135, 35.395306>, 0.100000
	pigment { color rgbt <1,0,0,0> }
	no_shadow
}

// particle -1
sphere {
	<26.683371, 35.198162, 35.085426> 0.100000
	pigment { color rgbt <1,0,0,0> }
	no_shadow
}
sphere {
	0, 1
	scale<0.080000,0.200000,0.300000>
	matrix <0.966684, 0.248465, 0.061541,
		0.230798, -0.742072, -0.629334,
		-0.110700, 0.622571, -0.774694,
		26.650160, 35.384933, 34.853020>
	pigment { color rgbt <0,1,1,0> }
	no_shadow
}
cylinder {
	<27.211641, 34.856155, 34.813210>,  <26.727650, 34.949135, 35.395306>, 0.130000
	pigment { color rgbt <1,0,0,0> }
	no_shadow
}

// nucleotide -1

// particle -1
sphere {
	<27.211641, 34.856155, 34.813210> 0.250000
	pigment { color rgbt <1,0,0,0> }
	no_shadow
}
cylinder {
	<27.089891, 35.236542, 34.791222>,  <27.016842, 35.464775, 34.778030>, 0.100000
	pigment { color rgbt <1,0,0,0> }
	no_shadow
}
cylinder {
	<27.089891, 35.236542, 34.791222>,  <27.211641, 34.856155, 34.813210>, 0.100000
	pigment { color rgbt <1,0,0,0> }
	no_shadow
}

// particle -1
sphere {
	<27.089891, 35.236542, 34.791222> 0.100000
	pigment { color rgbt <1,0,0,0> }
	no_shadow
}
sphere {
	0, 1
	scale<0.080000,0.200000,0.300000>
	matrix <0.939673, 0.290302, -0.180936,
		-0.156106, -0.106725, -0.981957,
		-0.304375, 0.950965, -0.054968,
		26.998579, 35.521832, 34.774731>
	pigment { color rgbt <0,1,1,0> }
	no_shadow
}
cylinder {
	<27.842588, 34.844215, 35.256817>,  <27.211641, 34.856155, 34.813210>, 0.130000
	pigment { color rgbt <1,0,0,0> }
	no_shadow
}

// nucleotide -1

// particle -1
sphere {
	<27.842588, 34.844215, 35.256817> 0.250000
	pigment { color rgbt <1,0,0,0> }
	no_shadow
}
cylinder {
	<28.213497, 34.901821, 35.395046>,  <28.436043, 34.936386, 35.477985>, 0.100000
	pigment { color rgbt <1,0,0,0> }
	no_shadow
}
cylinder {
	<28.213497, 34.901821, 35.395046>,  <27.842588, 34.844215, 35.256817>, 0.100000
	pigment { color rgbt <1,0,0,0> }
	no_shadow
}

// particle -1
sphere {
	<28.213497, 34.901821, 35.395046> 0.100000
	pigment { color rgbt <1,0,0,0> }
	no_shadow
}
sphere {
	0, 1
	scale<0.080000,0.200000,0.300000>
	matrix <0.374174, -0.325494, -0.868359,
		-0.012575, 0.934512, -0.355710,
		0.927273, 0.144017, 0.345577,
		28.491678, 34.945026, 35.498718>
	pigment { color rgbt <0,1,1,0> }
	no_shadow
}
cylinder {
	<28.130283, 35.251713, 34.734631>,  <27.842588, 34.844215, 35.256817>, 0.130000
	pigment { color rgbt <1,0,0,0> }
	no_shadow
}

// nucleotide -1

// particle -1
sphere {
	<28.130283, 35.251713, 34.734631> 0.250000
	pigment { color rgbt <1,0,0,0> }
	no_shadow
}
cylinder {
	<28.420973, 35.074486, 34.944607>,  <28.595387, 34.968151, 35.070591>, 0.100000
	pigment { color rgbt <1,0,0,0> }
	no_shadow
}
cylinder {
	<28.420973, 35.074486, 34.944607>,  <28.130283, 35.251713, 34.734631>, 0.100000
	pigment { color rgbt <1,0,0,0> }
	no_shadow
}

// particle -1
sphere {
	<28.420973, 35.074486, 34.944607> 0.100000
	pigment { color rgbt <1,0,0,0> }
	no_shadow
}
sphere {
	0, 1
	scale<0.080000,0.200000,0.300000>
	matrix <0.487936, -0.204945, -0.848478,
		0.483518, 0.872747, 0.067250,
		0.726725, -0.443068, 0.524940,
		28.638990, 34.941566, 35.102089>
	pigment { color rgbt <0,1,1,0> }
	no_shadow
}
cylinder {
	<28.715599, 35.536366, 34.552456>,  <28.130283, 35.251713, 34.734631>, 0.130000
	pigment { color rgbt <1,0,0,0> }
	no_shadow
}

// nucleotide -1

// particle -1
sphere {
	<28.715599, 35.536366, 34.552456> 0.250000
	pigment { color rgbt <1,0,0,0> }
	no_shadow
}
cylinder {
	<28.846937, 35.184418, 34.689873>,  <28.925741, 34.973251, 34.772324>, 0.100000
	pigment { color rgbt <1,0,0,0> }
	no_shadow
}
cylinder {
	<28.846937, 35.184418, 34.689873>,  <28.715599, 35.536366, 34.552456>, 0.100000
	pigment { color rgbt <1,0,0,0> }
	no_shadow
}

// particle -1
sphere {
	<28.846937, 35.184418, 34.689873> 0.100000
	pigment { color rgbt <1,0,0,0> }
	no_shadow
}
sphere {
	0, 1
	scale<0.080000,0.200000,0.300000>
	matrix <0.411784, -0.193988, -0.890395,
		0.850072, 0.433824, 0.298620,
		0.328346, -0.879866, 0.343546,
		28.945440, 34.920456, 34.792938>
	pigment { color rgbt <0,1,1,0> }
	no_shadow
}
cylinder {
	<29.396877, 35.484371, 34.326458>,  <28.715599, 35.536366, 34.552456>, 0.130000
	pigment { color rgbt <1,0,0,0> }
	no_shadow
}

// nucleotide -1

// particle -1
sphere {
	<29.396877, 35.484371, 34.326458> 0.250000
	pigment { color rgbt <1,0,0,0> }
	no_shadow
}
cylinder {
	<29.298943, 35.108936, 34.423706>,  <29.240181, 34.883675, 34.482056>, 0.100000
	pigment { color rgbt <1,0,0,0> }
	no_shadow
}
cylinder {
	<29.298943, 35.108936, 34.423706>,  <29.396877, 35.484371, 34.326458>, 0.100000
	pigment { color rgbt <1,0,0,0> }
	no_shadow
}

// particle -1
sphere {
	<29.298943, 35.108936, 34.423706> 0.100000
	pigment { color rgbt <1,0,0,0> }
	no_shadow
}
sphere {
	0, 1
	scale<0.080000,0.200000,0.300000>
	matrix <0.515184, -0.338362, -0.787462,
		0.821365, -0.067548, 0.566389,
		-0.244836, -0.938588, 0.243119,
		29.225492, 34.827358, 34.496643>
	pigment { color rgbt <0,1,1,0> }
	no_shadow
}
cylinder {
	<30.001757, 35.098408, 34.208977>,  <29.396877, 35.484371, 34.326458>, 0.130000
	pigment { color rgbt <1,0,0,0> }
	no_shadow
}

// nucleotide -1

// particle -1
sphere {
	<30.001757, 35.098408, 34.208977> 0.250000
	pigment { color rgbt <1,0,0,0> }
	no_shadow
}
cylinder {
	<29.712467, 34.822353, 34.219280>,  <29.538893, 34.656723, 34.225460>, 0.100000
	pigment { color rgbt <1,0,0,0> }
	no_shadow
}
cylinder {
	<29.712467, 34.822353, 34.219280>,  <30.001757, 35.098408, 34.208977>, 0.100000
	pigment { color rgbt <1,0,0,0> }
	no_shadow
}

// particle -1
sphere {
	<29.712467, 34.822353, 34.219280> 0.100000
	pigment { color rgbt <1,0,0,0> }
	no_shadow
}
sphere {
	0, 1
	scale<0.080000,0.200000,0.300000>
	matrix <0.380306, -0.429117, -0.819283,
		0.576468, -0.582729, 0.572810,
		-0.723223, -0.690134, 0.025757,
		29.495501, 34.615314, 34.227009>
	pigment { color rgbt <0,1,1,0> }
	no_shadow
}
cylinder {
	<30.322624, 34.348396, 34.089642>,  <30.001757, 35.098408, 34.208977>, 0.130000
	pigment { color rgbt <1,0,0,0> }
	no_shadow
}

// nucleotide -1

// particle -1
sphere {
	<30.322624, 34.348396, 34.089642> 0.250000
	pigment { color rgbt <1,0,0,0> }
	no_shadow
}
cylinder {
	<29.931374, 34.285713, 34.034924>,  <29.696623, 34.248104, 34.002094>, 0.100000
	pigment { color rgbt <1,0,0,0> }
	no_shadow
}
cylinder {
	<29.931374, 34.285713, 34.034924>,  <30.322624, 34.348396, 34.089642>, 0.100000
	pigment { color rgbt <1,0,0,0> }
	no_shadow
}

// particle -1
sphere {
	<29.931374, 34.285713, 34.034924> 0.100000
	pigment { color rgbt <1,0,0,0> }
	no_shadow
}
sphere {
	0, 1
	scale<0.080000,0.200000,0.300000>
	matrix <0.195584, -0.468964, -0.861290,
		0.070820, -0.869204, 0.489355,
		-0.978127, -0.156706, -0.136790,
		29.637936, 34.238701, 33.993885>
	pigment { color rgbt <0,1,1,0> }
	no_shadow
}
cylinder {
	<30.371635, 33.690201, 33.965015>,  <30.322624, 34.348396, 34.089642>, 0.130000
	pigment { color rgbt <1,0,0,0> }
	no_shadow
}

// nucleotide -1

// particle -1
sphere {
	<30.371635, 33.690201, 33.965015> 0.250000
	pigment { color rgbt <1,0,0,0> }
	no_shadow
}
cylinder {
	<30.013453, 33.813210, 33.836273>,  <29.798542, 33.887012, 33.759029>, 0.100000
	pigment { color rgbt <1,0,0,0> }
	no_shadow
}
cylinder {
	<30.013453, 33.813210, 33.836273>,  <30.371635, 33.690201, 33.965015>, 0.100000
	pigment { color rgbt <1,0,0,0> }
	no_shadow
}

// particle -1
sphere {
	<30.013453, 33.813210, 33.836273> 0.100000
	pigment { color rgbt <1,0,0,0> }
	no_shadow
}
sphere {
	0, 1
	scale<0.080000,0.200000,0.300000>
	matrix <0.193060, -0.383199, -0.903264,
		-0.401111, -0.870969, 0.283767,
		-0.895454, 0.307525, -0.321855,
		29.744816, 33.905464, 33.739719>
	pigment { color rgbt <0,1,1,0> }
	no_shadow
}
cylinder {
	<30.089647, 33.116608, 33.590549>,  <30.371635, 33.690201, 33.965015>, 0.130000
	pigment { color rgbt <1,0,0,0> }
	no_shadow
}

// nucleotide -1

// particle -1
sphere {
	<30.089647, 33.116608, 33.590549> 0.250000
	pigment { color rgbt <1,0,0,0> }
	no_shadow
}
cylinder {
	<29.914875, 33.452862, 33.462532>,  <29.810011, 33.654613, 33.385723>, 0.100000
	pigment { color rgbt <1,0,0,0> }
	no_shadow
}
cylinder {
	<29.914875, 33.452862, 33.462532>,  <30.089647, 33.116608, 33.590549>, 0.100000
	pigment { color rgbt <1,0,0,0> }
	no_shadow
}

// particle -1
sphere {
	<29.914875, 33.452862, 33.462532> 0.100000
	pigment { color rgbt <1,0,0,0> }
	no_shadow
}
sphere {
	0, 1
	scale<0.080000,0.200000,0.300000>
	matrix <0.181557, -0.266060, -0.946704,
		-0.880982, -0.471750, -0.036373,
		-0.436931, 0.840633, -0.320044,
		29.783796, 33.705051, 33.366520>
	pigment { color rgbt <0,1,1,0> }
	no_shadow
}
cylinder {
	<29.736946, 32.889172, 33.002678>,  <30.089647, 33.116608, 33.590549>, 0.130000
	pigment { color rgbt <1,0,0,0> }
	no_shadow
}

// nucleotide -1

// particle -1
sphere {
	<29.736946, 32.889172, 33.002678> 0.250000
	pigment { color rgbt <1,0,0,0> }
	no_shadow
}
cylinder {
	<29.786657, 33.282059, 32.946388>,  <29.816484, 33.517792, 32.912613>, 0.100000
	pigment { color rgbt <1,0,0,0> }
	no_shadow
}
cylinder {
	<29.786657, 33.282059, 32.946388>,  <29.736946, 32.889172, 33.002678>, 0.100000
	pigment { color rgbt <1,0,0,0> }
	no_shadow
}

// particle -1
sphere {
	<29.786657, 33.282059, 32.946388> 0.100000
	pigment { color rgbt <1,0,0,0> }
	no_shadow
}
sphere {
	0, 1
	scale<0.080000,0.200000,0.300000>
	matrix <0.220155, -0.165584, -0.961309,
		-0.967516, 0.088486, -0.236818,
		0.124276, 0.982218, -0.140724,
		29.823940, 33.576725, 32.904171>
	pigment { color rgbt <0,1,1,0> }
	no_shadow
}
cylinder {
	<29.544065, 32.968723, 32.330986>,  <29.736946, 32.889172, 33.002678>, 0.130000
	pigment { color rgbt <1,0,0,0> }
	no_shadow
}

// nucleotide -1

// particle -1
sphere {
	<29.544065, 32.968723, 32.330986> 0.250000
	pigment { color rgbt <1,0,0,0> }
	no_shadow
}
cylinder {
	<29.752424, 33.299042, 32.417446>,  <29.877439, 33.497234, 32.469322>, 0.100000
	pigment { color rgbt <1,0,0,0> }
	no_shadow
}
cylinder {
	<29.752424, 33.299042, 32.417446>,  <29.544065, 32.968723, 32.330986>, 0.100000
	pigment { color rgbt <1,0,0,0> }
	no_shadow
}

// particle -1
sphere {
	<29.752424, 33.299042, 32.417446> 0.100000
	pigment { color rgbt <1,0,0,0> }
	no_shadow
}
sphere {
	0, 1
	scale<0.080000,0.200000,0.300000>
	matrix <0.414165, -0.023087, -0.909909,
		-0.746413, 0.563490, -0.354043,
		0.520898, 0.825800, 0.216146,
		29.908693, 33.546783, 32.482288>
	pigment { color rgbt <0,1,1,0> }
	no_shadow
}
cylinder {
	<29.346016, 33.404629, 31.797293>,  <29.544065, 32.968723, 32.330986>, 0.130000
	pigment { color rgbt <1,0,0,0> }
	no_shadow
}

// nucleotide -1

// particle -1
sphere {
	<29.346016, 33.404629, 31.797293> 0.250000
	pigment { color rgbt <1,0,0,0> }
	no_shadow
}
cylinder {
	<29.703886, 33.513149, 31.939253>,  <29.918608, 33.578262, 32.024429>, 0.100000
	pigment { color rgbt <1,0,0,0> }
	no_shadow
}
cylinder {
	<29.703886, 33.513149, 31.939253>,  <29.346016, 33.404629, 31.797293>, 0.100000
	pigment { color rgbt <1,0,0,0> }
	no_shadow
}

// particle -1
sphere {
	<29.703886, 33.513149, 31.939253> 0.100000
	pigment { color rgbt <1,0,0,0> }
	no_shadow
}
sphere {
	0, 1
	scale<0.080000,0.200000,0.300000>
	matrix <0.352803, 0.058215, -0.933885,
		-0.274026, 0.960732, -0.043633,
		0.894673, 0.271302, 0.354901,
		29.972288, 33.594540, 32.045723>
	pigment { color rgbt <0,1,1,0> }
	no_shadow
}
cylinder {
	<29.529234, 33.948414, 31.413696>,  <29.346016, 33.404629, 31.797293>, 0.130000
	pigment { color rgbt <1,0,0,0> }
	no_shadow
}

// nucleotide -1

// particle -1
sphere {
	<29.529234, 33.948414, 31.413696> 0.250000
	pigment { color rgbt <1,0,0,0> }
	no_shadow
}
cylinder {
	<29.877975, 33.835770, 31.573977>,  <30.087221, 33.768181, 31.670145>, 0.100000
	pigment { color rgbt <1,0,0,0> }
	no_shadow
}
cylinder {
	<29.877975, 33.835770, 31.573977>,  <29.529234, 33.948414, 31.413696>, 0.100000
	pigment { color rgbt <1,0,0,0> }
	no_shadow
}

// particle -1
sphere {
	<29.877975, 33.835770, 31.573977> 0.100000
	pigment { color rgbt <1,0,0,0> }
	no_shadow
}
sphere {
	0, 1
	scale<0.080000,0.200000,0.300000>
	matrix <0.405312, -0.044407, -0.913099,
		0.274935, 0.958499, 0.075426,
		0.871856, -0.281614, 0.400701,
		30.139532, 33.751286, 31.694187>
	pigment { color rgbt <0,1,1,0> }
	no_shadow
}
cylinder {
	<30.049540, 34.244930, 31.016445>,  <29.529234, 33.948414, 31.413696>, 0.130000
	pigment { color rgbt <1,0,0,0> }
	no_shadow
}

// nucleotide -1

// particle -1
sphere {
	<30.049540, 34.244930, 31.016445> 0.250000
	pigment { color rgbt <1,0,0,0> }
	no_shadow
}
cylinder {
	<30.294756, 33.988853, 31.201628>,  <30.441885, 33.835205, 31.312737>, 0.100000
	pigment { color rgbt <1,0,0,0> }
	no_shadow
}
cylinder {
	<30.294756, 33.988853, 31.201628>,  <30.049540, 34.244930, 31.016445>, 0.100000
	pigment { color rgbt <1,0,0,0> }
	no_shadow
}

// particle -1
sphere {
	<30.294756, 33.988853, 31.201628> 0.100000
	pigment { color rgbt <1,0,0,0> }
	no_shadow
}
sphere {
	0, 1
	scale<0.080000,0.200000,0.300000>
	matrix <0.530496, -0.100672, -0.841688,
		0.585453, 0.761586, 0.277906,
		0.613041, -0.640196, 0.462957,
		30.478668, 33.796795, 31.340515>
	pigment { color rgbt <0,1,1,0> }
	no_shadow
}
cylinder {
	<30.846869, 34.473812, 30.888948>,  <30.049540, 34.244930, 31.016445>, 0.130000
	pigment { color rgbt <1,0,0,0> }
	no_shadow
}

// nucleotide -1

// particle -1
sphere {
	<30.846869, 34.473812, 30.888948> 0.250000
	pigment { color rgbt <1,0,0,0> }
	no_shadow
}
cylinder {
	<30.840862, 34.081566, 30.967087>,  <30.837259, 33.846218, 31.013969>, 0.100000
	pigment { color rgbt <1,0,0,0> }
	no_shadow
}
cylinder {
	<30.840862, 34.081566, 30.967087>,  <30.846869, 34.473812, 30.888948>, 0.100000
	pigment { color rgbt <1,0,0,0> }
	no_shadow
}

// particle -1
sphere {
	<30.840862, 34.081566, 30.967087> 0.100000
	pigment { color rgbt <1,0,0,0> }
	no_shadow
}
sphere {
	0, 1
	scale<0.080000,0.200000,0.300000>
	matrix <0.627975, -0.161278, -0.761339,
		0.778089, 0.111241, 0.618226,
		-0.015014, -0.980620, 0.195345,
		30.836359, 33.787380, 31.025690>
	pigment { color rgbt <0,1,1,0> }
	no_shadow
}
cylinder {
	<31.580956, 34.251671, 30.972561>,  <30.846869, 34.473812, 30.888948>, 0.130000
	pigment { color rgbt <1,0,0,0> }
	no_shadow
}

// nucleotide -1

// particle -1
sphere {
	<31.580956, 34.251671, 30.972561> 0.250000
	pigment { color rgbt <1,0,0,0> }
	no_shadow
}
cylinder {
	<31.356707, 33.927700, 30.903614>,  <31.222157, 33.733315, 30.862246>, 0.100000
	pigment { color rgbt <1,0,0,0> }
	no_shadow
}
cylinder {
	<31.356707, 33.927700, 30.903614>,  <31.580956, 34.251671, 30.972561>, 0.100000
	pigment { color rgbt <1,0,0,0> }
	no_shadow
}

// particle -1
sphere {
	<31.356707, 33.927700, 30.903614> 0.100000
	pigment { color rgbt <1,0,0,0> }
	no_shadow
}
sphere {
	0, 1
	scale<0.080000,0.200000,0.300000>
	matrix <0.640609, -0.292310, -0.710053,
		0.524710, -0.508493, 0.682726,
		-0.560625, -0.809932, -0.172368,
		31.188519, 33.684719, 30.851904>
	pigment { color rgbt <0,1,1,0> }
	no_shadow
}
cylinder {
	<31.900803, 33.695225, 31.224081>,  <31.580956, 34.251671, 30.972561>, 0.130000
	pigment { color rgbt <1,0,0,0> }
	no_shadow
}

// nucleotide -1

// particle -1
sphere {
	<31.900803, 33.695225, 31.224081> 0.250000
	pigment { color rgbt <1,0,0,0> }
	no_shadow
}
cylinder {
	<31.661663, 33.625526, 30.911104>,  <31.518179, 33.583710, 30.723318>, 0.100000
	pigment { color rgbt <1,0,0,0> }
	no_shadow
}
cylinder {
	<31.661663, 33.625526, 30.911104>,  <31.900803, 33.695225, 31.224081>, 0.100000
	pigment { color rgbt <1,0,0,0> }
	no_shadow
}

// particle -1
sphere {
	<31.661663, 33.625526, 30.911104> 0.100000
	pigment { color rgbt <1,0,0,0> }
	no_shadow
}
sphere {
	0, 1
	scale<0.080000,0.200000,0.300000>
	matrix <0.749215, -0.468552, -0.468120,
		-0.285048, -0.866082, 0.410669,
		-0.597850, -0.174242, -0.782441,
		31.482307, 33.573254, 30.676373>
	pigment { color rgbt <0,1,1,0> }
	no_shadow
}
cylinder {
	<32.266228, 33.216637, 30.914143>,  <31.900803, 33.695225, 31.224081>, 0.130000
	pigment { color rgbt <1,0,0,0> }
	no_shadow
}

// nucleotide -1

// particle -1
sphere {
	<32.266228, 33.216637, 30.914143> 0.250000
	pigment { color rgbt <1,0,0,0> }
	no_shadow
}
cylinder {
	<31.989809, 33.283859, 30.632942>,  <31.823957, 33.324192, 30.464222>, 0.100000
	pigment { color rgbt <1,0,0,0> }
	no_shadow
}
cylinder {
	<31.989809, 33.283859, 30.632942>,  <32.266228, 33.216637, 30.914143>, 0.100000
	pigment { color rgbt <1,0,0,0> }
	no_shadow
}

// particle -1
sphere {
	<31.989809, 33.283859, 30.632942> 0.100000
	pigment { color rgbt <1,0,0,0> }
	no_shadow
}
sphere {
	0, 1
	scale<0.080000,0.200000,0.300000>
	matrix <0.649513, -0.282372, -0.705974,
		-0.317155, -0.944469, 0.085974,
		-0.691047, 0.168062, -0.703000,
		31.782495, 33.334278, 30.422043>
	pigment { color rgbt <0,1,1,0> }
	no_shadow
}
cylinder {
	<32.159615, 32.491776, 30.467073>,  <32.266228, 33.216637, 30.914143>, 0.130000
	pigment { color rgbt <1,0,0,0> }
	no_shadow
}

// nucleotide -1

// particle -1
sphere {
	<32.159615, 32.491776, 30.467073> 0.250000
	pigment { color rgbt <1,0,0,0> }
	no_shadow
}
cylinder {
	<32.112484, 32.854118, 30.304329>,  <32.084206, 33.071526, 30.206682>, 0.100000
	pigment { color rgbt <1,0,0,0> }
	no_shadow
}
cylinder {
	<32.112484, 32.854118, 30.304329>,  <32.159615, 32.491776, 30.467073>, 0.100000
	pigment { color rgbt <1,0,0,0> }
	no_shadow
}

// particle -1
sphere {
	<32.112484, 32.854118, 30.304329> 0.100000
	pigment { color rgbt <1,0,0,0> }
	no_shadow
}
sphere {
	0, 1
	scale<0.080000,0.200000,0.300000>
	matrix <0.647511, -0.240554, -0.723093,
		-0.752892, -0.348646, -0.558211,
		-0.117824, 0.905859, -0.406863,
		32.077137, 33.125877, 30.182270>
	pigment { color rgbt <0,1,1,0> }
	no_shadow
}
cylinder {
	<32.136883, 32.220909, 29.758364>,  <32.159615, 32.491776, 30.467073>, 0.130000
	pigment { color rgbt <1,0,0,0> }
	no_shadow
}

// nucleotide -1

// particle -1
sphere {
	<32.136883, 32.220909, 29.758364> 0.250000
	pigment { color rgbt <1,0,0,0> }
	no_shadow
}
cylinder {
	<32.217339, 32.610886, 29.796375>,  <32.265614, 32.844872, 29.819181>, 0.100000
	pigment { color rgbt <1,0,0,0> }
	no_shadow
}
cylinder {
	<32.217339, 32.610886, 29.796375>,  <32.136883, 32.220909, 29.758364>, 0.100000
	pigment { color rgbt <1,0,0,0> }
	no_shadow
}

// particle -1
sphere {
	<32.217339, 32.610886, 29.796375> 0.100000
	pigment { color rgbt <1,0,0,0> }
	no_shadow
}
sphere {
	0, 1
	scale<0.080000,0.200000,0.300000>
	matrix <0.506071, -0.020362, -0.862252,
		-0.838710, 0.221525, -0.497485,
		0.201140, 0.974942, 0.095029,
		32.277679, 32.903370, 29.824884>
	pigment { color rgbt <0,1,1,0> }
	no_shadow
}
cylinder {
	<31.802126, 32.626564, 29.187002>,  <32.136883, 32.220909, 29.758364>, 0.130000
	pigment { color rgbt <1,0,0,0> }
	no_shadow
}

// nucleotide -1

// particle -1
sphere {
	<31.802126, 32.626564, 29.187002> 0.250000
	pigment { color rgbt <1,0,0,0> }
	no_shadow
}
cylinder {
	<32.161030, 32.707047, 29.344200>,  <32.376373, 32.755337, 29.438519>, 0.100000
	pigment { color rgbt <1,0,0,0> }
	no_shadow
}
cylinder {
	<32.161030, 32.707047, 29.344200>,  <31.802126, 32.626564, 29.187002>, 0.100000
	pigment { color rgbt <1,0,0,0> }
	no_shadow
}

// particle -1
sphere {
	<32.161030, 32.707047, 29.344200> 0.100000
	pigment { color rgbt <1,0,0,0> }
	no_shadow
}
sphere {
	0, 1
	scale<0.080000,0.200000,0.300000>
	matrix <0.424049, -0.144917, -0.893969,
		-0.122920, 0.968770, -0.215349,
		0.897259, 0.201205, 0.392993,
		32.430206, 32.767406, 29.462097>
	pigment { color rgbt <0,1,1,0> }
	no_shadow
}
cylinder {
	<32.124439, 33.244438, 28.881449>,  <31.802126, 32.626564, 29.187002>, 0.130000
	pigment { color rgbt <1,0,0,0> }
	no_shadow
}

// nucleotide -1

// particle -1
sphere {
	<32.124439, 33.244438, 28.881449> 0.250000
	pigment { color rgbt <1,0,0,0> }
	no_shadow
}
cylinder {
	<32.373890, 32.962875, 29.017447>,  <32.523560, 32.793938, 29.099045>, 0.100000
	pigment { color rgbt <1,0,0,0> }
	no_shadow
}
cylinder {
	<32.373890, 32.962875, 29.017447>,  <32.124439, 33.244438, 28.881449>, 0.100000
	pigment { color rgbt <1,0,0,0> }
	no_shadow
}

// particle -1
sphere {
	<32.373890, 32.962875, 29.017447> 0.100000
	pigment { color rgbt <1,0,0,0> }
	no_shadow
}
sphere {
	0, 1
	scale<0.080000,0.200000,0.300000>
	matrix <0.458924, -0.022417, -0.888192,
		0.632829, 0.709936, 0.309061,
		0.623631, -0.703910, 0.339993,
		32.560978, 32.751701, 29.119444>
	pigment { color rgbt <0,1,1,0> }
	no_shadow
}
cylinder {
	<32.854713, 33.396793, 28.756805>,  <32.124439, 33.244438, 28.881449>, 0.130000
	pigment { color rgbt <1,0,0,0> }
	no_shadow
}

// nucleotide -1

// particle -1
sphere {
	<32.854713, 33.396793, 28.756805> 0.250000
	pigment { color rgbt <1,0,0,0> }
	no_shadow
}
cylinder {
	<32.700615, 33.029060, 28.724754>,  <32.608154, 32.808422, 28.705524>, 0.100000
	pigment { color rgbt <1,0,0,0> }
	no_shadow
}
cylinder {
	<32.700615, 33.029060, 28.724754>,  <32.854713, 33.396793, 28.756805>, 0.100000
	pigment { color rgbt <1,0,0,0> }
	no_shadow
}

// particle -1
sphere {
	<32.700615, 33.029060, 28.724754> 0.100000
	pigment { color rgbt <1,0,0,0> }
	no_shadow
}
sphere {
	0, 1
	scale<0.080000,0.200000,0.300000>
	matrix <0.231288, -0.012134, -0.972809,
		0.893360, -0.393302, 0.217304,
		-0.385245, -0.919329, -0.080126,
		32.585041, 32.753262, 28.700716>
	pigment { color rgbt <0,1,1,0> }
	no_shadow
}
cylinder {
	<33.353397, 32.966465, 28.356722>,  <32.854713, 33.396793, 28.756805>, 0.130000
	pigment { color rgbt <1,0,0,0> }
	no_shadow
}

// nucleotide -1

// particle -1
sphere {
	<33.353397, 32.966465, 28.356722> 0.250000
	pigment { color rgbt <1,0,0,0> }
	no_shadow
}
cylinder {
	<32.974678, 32.846985, 28.308813>,  <32.747444, 32.775299, 28.280067>, 0.100000
	pigment { color rgbt <1,0,0,0> }
	no_shadow
}
cylinder {
	<32.974678, 32.846985, 28.308813>,  <33.353397, 32.966465, 28.356722>, 0.100000
	pigment { color rgbt <1,0,0,0> }
	no_shadow
}

// particle -1
sphere {
	<32.974678, 32.846985, 28.308813> 0.100000
	pigment { color rgbt <1,0,0,0> }
	no_shadow
}
sphere {
	0, 1
	scale<0.080000,0.200000,0.300000>
	matrix <0.145833, -0.066465, -0.987074,
		0.286877, -0.952030, 0.106490,
		-0.946802, -0.298699, -0.119770,
		32.690636, 32.757374, 28.272882>
	pigment { color rgbt <0,1,1,0> }
	no_shadow
}
cylinder {
	<33.367722, 32.475113, 27.818060>,  <33.353397, 32.966465, 28.356722>, 0.130000
	pigment { color rgbt <1,0,0,0> }
	no_shadow
}

// nucleotide -1

// particle -1
sphere {
	<33.367722, 32.475113, 27.818060> 0.250000
	pigment { color rgbt <1,0,0,0> }
	no_shadow
}
cylinder {
	<33.004517, 32.634377, 27.870193>,  <32.786594, 32.729935, 27.901474>, 0.100000
	pigment { color rgbt <1,0,0,0> }
	no_shadow
}
cylinder {
	<33.004517, 32.634377, 27.870193>,  <33.367722, 32.475113, 27.818060>, 0.100000
	pigment { color rgbt <1,0,0,0> }
	no_shadow
}

// particle -1
sphere {
	<33.004517, 32.634377, 27.870193> 0.100000
	pigment { color rgbt <1,0,0,0> }
	no_shadow
}
sphere {
	0, 1
	scale<0.080000,0.200000,0.300000>
	matrix <-0.037676, 0.232235, -0.971930,
		-0.417252, -0.887432, -0.195871,
		-0.908010, 0.398160, 0.130335,
		32.732113, 32.753826, 27.909294>
	pigment { color rgbt <0,1,1,0> }
	no_shadow
}
cylinder {
	<33.931511, 32.413540, 28.360992>,  <33.367722, 32.475113, 27.818060>, 0.130000
	pigment { color rgbt <1,0,0,0> }
	no_shadow
}

// nucleotide -1

// particle -1
sphere {
	<33.931511, 32.413540, 28.360992> 0.250000
	pigment { color rgbt <1,0,0,0> }
	no_shadow
}
cylinder {
	<34.191338, 32.543671, 28.635870>,  <34.347233, 32.621750, 28.800797>, 0.100000
	pigment { color rgbt <1,0,0,0> }
	no_shadow
}
cylinder {
	<34.191338, 32.543671, 28.635870>,  <33.931511, 32.413540, 28.360992>, 0.100000
	pigment { color rgbt <1,0,0,0> }
	no_shadow
}

// particle -1
sphere {
	<34.191338, 32.543671, 28.635870> 0.100000
	pigment { color rgbt <1,0,0,0> }
	no_shadow
}
sphere {
	0, 1
	scale<0.080000,0.200000,0.300000>
	matrix <0.527269, -0.843927, -0.098870,
		0.547774, 0.426557, -0.719717,
		0.649562, 0.325326, 0.687192,
		34.386208, 32.641270, 28.842028>
	pigment { color rgbt <0,1,1,0> }
	no_shadow
}
cylinder {
	<34.750362, 32.458866, 28.109955>,  <33.931511, 32.413540, 28.360992>, 0.130000
	pigment { color rgbt <1,0,0,0> }
	no_shadow
}

// nucleotide -1

// particle -1
sphere {
	<34.750362, 32.458866, 28.109955> 0.250000
	pigment { color rgbt <1,0,0,0> }
	no_shadow
}
cylinder {
	<34.630508, 32.317760, 28.464531>,  <34.558598, 32.233097, 28.677277>, 0.100000
	pigment { color rgbt <1,0,0,0> }
	no_shadow
}
cylinder {
	<34.630508, 32.317760, 28.464531>,  <34.750362, 32.458866, 28.109955>, 0.100000
	pigment { color rgbt <1,0,0,0> }
	no_shadow
}

// particle -1
sphere {
	<34.630508, 32.317760, 28.464531> 0.100000
	pigment { color rgbt <1,0,0,0> }
	no_shadow
}
sphere {
	0, 1
	scale<0.080000,0.200000,0.300000>
	matrix <0.351750, -0.904523, -0.241061,
		0.886845, 0.239577, 0.395107,
		-0.299631, -0.352763, 0.886442,
		34.540619, 32.211933, 28.730463>
	pigment { color rgbt <0,1,1,0> }
	no_shadow
}
cylinder {
	<35.383125, 32.449505, 28.650066>,  <34.750362, 32.458866, 28.109955>, 0.130000
	pigment { color rgbt <1,0,0,0> }
	no_shadow
}

// nucleotide -1

// particle -1
sphere {
	<35.383125, 32.449505, 28.650066> 0.250000
	pigment { color rgbt <1,0,0,0> }
	no_shadow
}
cylinder {
	<35.602634, 32.132404, 28.543938>,  <35.734341, 31.942144, 28.480261>, 0.100000
	pigment { color rgbt <1,0,0,0> }
	no_shadow
}
cylinder {
	<35.602634, 32.132404, 28.543938>,  <35.383125, 32.449505, 28.650066>, 0.100000
	pigment { color rgbt <1,0,0,0> }
	no_shadow
}

// particle -1
sphere {
	<35.602634, 32.132404, 28.543938> 0.100000
	pigment { color rgbt <1,0,0,0> }
	no_shadow
}
sphere {
	0, 1
	scale<0.080000,0.200000,0.300000>
	matrix <-0.527792, -0.574679, 0.625444,
		-0.648298, -0.203189, -0.733774,
		0.548767, -0.792754, -0.265322,
		35.767265, 31.894579, 28.464342>
	pigment { color rgbt <0,1,1,0> }
	no_shadow
}
cylinder {
	<34.984566, 31.838892, 28.539665>,  <35.383125, 32.449505, 28.650066>, 0.130000
	pigment { color rgbt <1,0,0,0> }
	no_shadow
}

// nucleotide -1

// particle -1
sphere {
	<34.984566, 31.838892, 28.539665> 0.250000
	pigment { color rgbt <1,0,0,0> }
	no_shadow
}
cylinder {
	<35.353130, 31.749506, 28.666830>,  <35.574268, 31.695875, 28.743130>, 0.100000
	pigment { color rgbt <1,0,0,0> }
	no_shadow
}
cylinder {
	<35.353130, 31.749506, 28.666830>,  <34.984566, 31.838892, 28.539665>, 0.100000
	pigment { color rgbt <1,0,0,0> }
	no_shadow
}

// particle -1
sphere {
	<35.353130, 31.749506, 28.666830> 0.100000
	pigment { color rgbt <1,0,0,0> }
	no_shadow
}
sphere {
	0, 1
	scale<0.080000,0.200000,0.300000>
	matrix <-0.380717, -0.355227, 0.853738,
		-0.077847, -0.907677, -0.412385,
		0.921409, -0.223463, 0.317914,
		35.629555, 31.682467, 28.762205>
	pigment { color rgbt <0,1,1,0> }
	no_shadow
}
cylinder {
	<34.875511, 31.181778, 28.903509>,  <34.984566, 31.838892, 28.539665>, 0.130000
	pigment { color rgbt <1,0,0,0> }
	no_shadow
}

// nucleotide -1

// particle -1
sphere {
	<34.875511, 31.181778, 28.903509> 0.250000
	pigment { color rgbt <1,0,0,0> }
	no_shadow
}
cylinder {
	<35.199383, 31.368664, 29.045568>,  <35.393707, 31.480795, 29.130804>, 0.100000
	pigment { color rgbt <1,0,0,0> }
	no_shadow
}
cylinder {
	<35.199383, 31.368664, 29.045568>,  <34.875511, 31.181778, 28.903509>, 0.100000
	pigment { color rgbt <1,0,0,0> }
	no_shadow
}

// particle -1
sphere {
	<35.199383, 31.368664, 29.045568> 0.100000
	pigment { color rgbt <1,0,0,0> }
	no_shadow
}
sphere {
	0, 1
	scale<0.080000,0.200000,0.300000>
	matrix <-0.318551, -0.158371, 0.934582,
		0.492897, -0.869844, 0.020602,
		0.809677, 0.467215, 0.355150,
		35.442287, 31.508829, 29.152113>
	pigment { color rgbt <0,1,1,0> }
	no_shadow
}
cylinder {
	<35.193222, 30.730371, 29.513903>,  <34.875511, 31.181778, 28.903509>, 0.130000
	pigment { color rgbt <1,0,0,0> }
	no_shadow
}

// nucleotide -1

// particle -1
sphere {
	<35.193222, 30.730371, 29.513903> 0.250000
	pigment { color rgbt <1,0,0,0> }
	no_shadow
}
cylinder {
	<35.332554, 31.102156, 29.562517>,  <35.416153, 31.325226, 29.591686>, 0.100000
	pigment { color rgbt <1,0,0,0> }
	no_shadow
}
cylinder {
	<35.332554, 31.102156, 29.562517>,  <35.193222, 30.730371, 29.513903>, 0.100000
	pigment { color rgbt <1,0,0,0> }
	no_shadow
}

// particle -1
sphere {
	<35.332554, 31.102156, 29.562517> 0.100000
	pigment { color rgbt <1,0,0,0> }
	no_shadow
}
sphere {
	0, 1
	scale<0.080000,0.200000,0.300000>
	matrix <-0.363922, 0.014605, 0.931315,
		0.863844, -0.368636, 0.343338,
		0.348331, 0.929459, 0.121538,
		35.437054, 31.380993, 29.598978>
	pigment { color rgbt <0,1,1,0> }
	no_shadow
}
cylinder {
	<35.703842, 30.754456, 30.095457>,  <35.193222, 30.730371, 29.513903>, 0.130000
	pigment { color rgbt <1,0,0,0> }
	no_shadow
}

// nucleotide -1

// particle -1
sphere {
	<35.703842, 30.754456, 30.095457> 0.250000
	pigment { color rgbt <1,0,0,0> }
	no_shadow
}
cylinder {
	<35.539173, 31.114973, 30.041502>,  <35.440372, 31.331284, 30.009129>, 0.100000
	pigment { color rgbt <1,0,0,0> }
	no_shadow
}
cylinder {
	<35.539173, 31.114973, 30.041502>,  <35.703842, 30.754456, 30.095457>, 0.100000
	pigment { color rgbt <1,0,0,0> }
	no_shadow
}

// particle -1
sphere {
	<35.539173, 31.114973, 30.041502> 0.100000
	pigment { color rgbt <1,0,0,0> }
	no_shadow
}
sphere {
	0, 1
	scale<0.080000,0.200000,0.300000>
	matrix <-0.256931, 0.027223, 0.966046,
		0.874363, 0.432354, 0.220363,
		-0.411675, 0.901293, -0.134888,
		35.415672, 31.385361, 30.001036>
	pigment { color rgbt <0,1,1,0> }
	no_shadow
}
cylinder {
	<35.805222, 31.062464, 30.789900>,  <35.703842, 30.754456, 30.095457>, 0.130000
	pigment { color rgbt <1,0,0,0> }
	no_shadow
}

// nucleotide -1

// particle -1
sphere {
	<35.805222, 31.062464, 30.789900> 0.250000
	pigment { color rgbt <1,0,0,0> }
	no_shadow
}
cylinder {
	<35.545952, 31.292164, 30.589859>,  <35.390388, 31.429985, 30.469835>, 0.100000
	pigment { color rgbt <1,0,0,0> }
	no_shadow
}
cylinder {
	<35.545952, 31.292164, 30.589859>,  <35.805222, 31.062464, 30.789900>, 0.100000
	pigment { color rgbt <1,0,0,0> }
	no_shadow
}

// particle -1
sphere {
	<35.545952, 31.292164, 30.589859> 0.100000
	pigment { color rgbt <1,0,0,0> }
	no_shadow
}
sphere {
	0, 1
	scale<0.080000,0.200000,0.300000>
	matrix <-0.432629, 0.262750, 0.862435,
		0.626657, 0.775369, 0.078129,
		-0.648177, 0.574252, -0.500101,
		35.351498, 31.464439, 30.439829>
	pigment { color rgbt <0,1,1,0> }
	no_shadow
}
cylinder {
	<35.822914, 31.743141, 31.113716>,  <35.805222, 31.062464, 30.789900>, 0.130000
	pigment { color rgbt <1,0,0,0> }
	no_shadow
}

// nucleotide -1

// particle -1
sphere {
	<35.822914, 31.743141, 31.113716> 0.250000
	pigment { color rgbt <1,0,0,0> }
	no_shadow
}
cylinder {
	<35.465389, 31.735958, 30.934483>,  <35.250874, 31.731649, 30.826942>, 0.100000
	pigment { color rgbt <1,0,0,0> }
	no_shadow
}
cylinder {
	<35.465389, 31.735958, 30.934483>,  <35.822914, 31.743141, 31.113716>, 0.100000
	pigment { color rgbt <1,0,0,0> }
	no_shadow
}

// particle -1
sphere {
	<35.465389, 31.735958, 30.934483> 0.100000
	pigment { color rgbt <1,0,0,0> }
	no_shadow
}
sphere {
	0, 1
	scale<0.080000,0.200000,0.300000>
	matrix <-0.439470, 0.233956, 0.867254,
		0.089259, 0.972081, -0.217004,
		-0.893811, -0.017957, -0.448084,
		35.197247, 31.730572, 30.800058>
	pigment { color rgbt <0,1,1,0> }
	no_shadow
}
cylinder {
	<35.369770, 32.279526, 31.389051>,  <35.822914, 31.743141, 31.113716>, 0.130000
	pigment { color rgbt <1,0,0,0> }
	no_shadow
}

// nucleotide -1

// particle -1
sphere {
	<35.369770, 32.279526, 31.389051> 0.250000
	pigment { color rgbt <1,0,0,0> }
	no_shadow
}
cylinder {
	<35.077938, 32.061459, 31.223881>,  <34.902840, 31.930618, 31.124779>, 0.100000
	pigment { color rgbt <1,0,0,0> }
	no_shadow
}
cylinder {
	<35.077938, 32.061459, 31.223881>,  <35.369770, 32.279526, 31.389051>, 0.100000
	pigment { color rgbt <1,0,0,0> }
	no_shadow
}

// particle -1
sphere {
	<35.077938, 32.061459, 31.223881> 0.100000
	pigment { color rgbt <1,0,0,0> }
	no_shadow
}
sphere {
	0, 1
	scale<0.080000,0.200000,0.300000>
	matrix <-0.637250, 0.322734, 0.699825,
		-0.248258, 0.773713, -0.582868,
		-0.729575, -0.545170, -0.412928,
		34.859066, 31.897907, 31.100002>
	pigment { color rgbt <0,1,1,0> }
	no_shadow
}
cylinder {
	<34.769218, 32.709946, 31.257128>,  <35.369770, 32.279526, 31.389051>, 0.130000
	pigment { color rgbt <1,0,0,0> }
	no_shadow
}

// nucleotide -1

// particle -1
sphere {
	<34.769218, 32.709946, 31.257128> 0.250000
	pigment { color rgbt <1,0,0,0> }
	no_shadow
}
cylinder {
	<34.634842, 32.333408, 31.269833>,  <34.554214, 32.107487, 31.277456>, 0.100000
	pigment { color rgbt <1,0,0,0> }
	no_shadow
}
cylinder {
	<34.634842, 32.333408, 31.269833>,  <34.769218, 32.709946, 31.257128>, 0.100000
	pigment { color rgbt <1,0,0,0> }
	no_shadow
}

// particle -1
sphere {
	<34.634842, 32.333408, 31.269833> 0.100000
	pigment { color rgbt <1,0,0,0> }
	no_shadow
}
sphere {
	0, 1
	scale<0.080000,0.200000,0.300000>
	matrix <-0.786603, 0.298950, 0.540264,
		-0.518070, 0.156515, -0.840896,
		-0.335946, -0.941345, 0.031762,
		34.534058, 32.051006, 31.279362>
	pigment { color rgbt <0,1,1,0> }
	no_shadow
}
cylinder {
	<34.065475, 32.823120, 31.294220>,  <34.769218, 32.709946, 31.257128>, 0.130000
	pigment { color rgbt <1,0,0,0> }
	no_shadow
}

// nucleotide -1

// particle -1
sphere {
	<34.065475, 32.823120, 31.294220> 0.250000
	pigment { color rgbt <1,0,0,0> }
	no_shadow
}
cylinder {
	<34.140945, 32.451004, 31.420057>,  <34.186226, 32.227734, 31.495560>, 0.100000
	pigment { color rgbt <1,0,0,0> }
	no_shadow
}
cylinder {
	<34.140945, 32.451004, 31.420057>,  <34.065475, 32.823120, 31.294220>, 0.100000
	pigment { color rgbt <1,0,0,0> }
	no_shadow
}

// particle -1
sphere {
	<34.140945, 32.451004, 31.420057> 0.100000
	pigment { color rgbt <1,0,0,0> }
	no_shadow
}
sphere {
	0, 1
	scale<0.080000,0.200000,0.300000>
	matrix <-0.608587, 0.140655, 0.780921,
