// switches for output
#declare DRAW_BASES = 1; // possible values are 0, 1; only relevant for DNA ribbons
#declare DRAW_BASES_TYPE = 3; // possible values are 1, 2, 3; only relevant for DNA ribbons
#declare DRAW_FOG = 0; // set to 1 to enable fog

#include "colors.inc"

#include "transforms.inc"
background { rgb <1, 1, 1>}

#default {
   normal{
       ripples 0.25
       frequency 0.20
       turbulence 0.2
       lambda 5
   }
	finish {
		phong 0.1
		phong_size 40.
	}
}

// original window dimensions: 1024x640


// camera settings

camera {
	sky <0, 0.179814, -0.983701>
	up <0, 0.179814, -0.983701>
	right 1.6 * <1, 0, 0>
	location <35, 94.9851, 44.8844>
	look_at <35, 29.7336, 32.9568>
	direction <0, -65.2515, -11.9276>
	angle 67.0682
}


# declare cpy_camera_pos = <35, 94.9851, 44.8844>;
# if (DRAW_FOG = 1)
fog {
	fog_type 2
	up vnormalize(cpy_camera_pos)
	color rgbt<1,1,1,0.3>
	distance 1e-5
	fog_alt 3e-3
	fog_offset 56
}
# end


// LIGHTS

# declare lum = 6;
global_settings {
	ambient_light rgb lum * <0.05, 0.05, 0.05>
	max_trace_level 15
}# declare cpy_direct_light_amount = 0.25;
light_source
{	1000 * <-1, -1.16352, -0.803886>,
	rgb lum * cpy_direct_light_amount
	parallel
}

light_source
{	1000 * <1, 1.16352, 0.803886>,
	rgb lum * cpy_direct_light_amount
	parallel
}

// strand 0

// nucleotide -1

// particle -1
sphere {
	<24.185244, 35.109280, 34.838932> 0.250000
	pigment { color rgbt <1,0,0,0> }
	no_shadow
}
cylinder {
	<24.142988, 34.749088, 34.670177>,  <24.117636, 34.532974, 34.568924>, 0.100000
	pigment { color rgbt <1,0,0,0> }
	no_shadow
}
cylinder {
	<24.142988, 34.749088, 34.670177>,  <24.185244, 35.109280, 34.838932>, 0.100000
	pigment { color rgbt <1,0,0,0> }
	no_shadow
}

// particle -1
sphere {
	<24.142988, 34.749088, 34.670177> 0.100000
	pigment { color rgbt <1,0,0,0> }
	no_shadow
}
sphere {
	0, 1
	scale<0.080000,0.200000,0.300000>
	matrix <0.486292, -0.416845, 0.767959,
		-0.867387, -0.124033, 0.481928,
		-0.105637, -0.900476, -0.421882,
		24.111298, 34.478947, 34.543613>
	pigment { color rgbt <0,1,1,0> }
	no_shadow
}
cylinder {
	<25.002317, 34.961884, 34.733181>,  <24.185244, 35.109280, 34.838932>, 0.130000
	pigment { color rgbt <1,0,0,0> }
	no_shadow
}

// nucleotide -1

// particle -1
sphere {
	<25.002317, 34.961884, 34.733181> 0.250000
	pigment { color rgbt <1,0,0,0> }
	no_shadow
}
cylinder {
	<25.201136, 34.615261, 34.751179>,  <25.320427, 34.407288, 34.761978>, 0.100000
	pigment { color rgbt <1,0,0,0> }
	no_shadow
}
cylinder {
	<25.201136, 34.615261, 34.751179>,  <25.002317, 34.961884, 34.733181>, 0.100000
	pigment { color rgbt <1,0,0,0> }
	no_shadow
}

// particle -1
sphere {
	<25.201136, 34.615261, 34.751179> 0.100000
	pigment { color rgbt <1,0,0,0> }
	no_shadow
}
sphere {
	0, 1
	scale<0.080000,0.200000,0.300000>
	matrix <0.832265, 0.461423, -0.307283,
		0.245518, 0.190179, 0.950554,
		0.497046, -0.866557, 0.044992,
		25.350250, 34.355293, 34.764675>
	pigment { color rgbt <0,1,1,0> }
	no_shadow
}
cylinder {
	<25.708925, 35.072826, 35.014233>,  <25.002317, 34.961884, 34.733181>, 0.130000
	pigment { color rgbt <1,0,0,0> }
	no_shadow
}

// nucleotide -1

// particle -1
sphere {
	<25.708925, 35.072826, 35.014233> 0.250000
	pigment { color rgbt <1,0,0,0> }
	no_shadow
}
cylinder {
	<25.719479, 34.749401, 34.779106>,  <25.725811, 34.555344, 34.638031>, 0.100000
	pigment { color rgbt <1,0,0,0> }
	no_shadow
}
cylinder {
	<25.719479, 34.749401, 34.779106>,  <25.708925, 35.072826, 35.014233>, 0.100000
	pigment { color rgbt <1,0,0,0> }
	no_shadow
}

// particle -1
sphere {
	<25.719479, 34.749401, 34.779106> 0.100000
	pigment { color rgbt <1,0,0,0> }
	no_shadow
}
sphere {
	0, 1
	scale<0.080000,0.200000,0.300000>
	matrix <0.766689, 0.393696, -0.507139,
		0.641476, -0.437291, 0.630306,
		0.026382, -0.808566, -0.587813,
		25.727392, 34.506832, 34.602760>
	pigment { color rgbt <0,1,1,0> }
	no_shadow
}
cylinder {
	<26.341547, 34.629395, 35.111443>,  <25.708925, 35.072826, 35.014233>, 0.130000
	pigment { color rgbt <1,0,0,0> }
	no_shadow
}

// nucleotide -1

// particle -1
sphere {
	<26.341547, 34.629395, 35.111443> 0.250000
	pigment { color rgbt <1,0,0,0> }
	no_shadow
}
cylinder {
	<26.170338, 34.649139, 34.750477>,  <26.067612, 34.660988, 34.533897>, 0.100000
	pigment { color rgbt <1,0,0,0> }
	no_shadow
}
cylinder {
	<26.170338, 34.649139, 34.750477>,  <26.341547, 34.629395, 35.111443>, 0.100000
	pigment { color rgbt <1,0,0,0> }
	no_shadow
}

// particle -1
sphere {
	<26.170338, 34.649139, 34.750477> 0.100000
	pigment { color rgbt <1,0,0,0> }
	no_shadow
}
sphere {
	0, 1
	scale<0.080000,0.200000,0.300000>
	matrix <0.836663, 0.399213, -0.374998,
		0.341745, -0.915528, -0.212176,
		-0.428025, 0.049366, -0.902418,
		26.041931, 34.663948, 34.479752>
	pigment { color rgbt <0,1,1,0> }
	no_shadow
}
cylinder {
	<26.686581, 34.149967, 34.625713>,  <26.341547, 34.629395, 35.111443>, 0.130000
	pigment { color rgbt <1,0,0,0> }
	no_shadow
}

// nucleotide -1

// particle -1
sphere {
	<26.686581, 34.149967, 34.625713> 0.250000
	pigment { color rgbt <1,0,0,0> }
	no_shadow
}
cylinder {
	<26.558153, 34.516415, 34.529678>,  <26.481096, 34.736282, 34.472057>, 0.100000
	pigment { color rgbt <1,0,0,0> }
	no_shadow
}
cylinder {
	<26.558153, 34.516415, 34.529678>,  <26.686581, 34.149967, 34.625713>, 0.100000
	pigment { color rgbt <1,0,0,0> }
	no_shadow
}

// particle -1
sphere {
	<26.558153, 34.516415, 34.529678> 0.100000
	pigment { color rgbt <1,0,0,0> }
	no_shadow
}
sphere {
	0, 1
	scale<0.080000,0.200000,0.300000>
	matrix <0.929864, 0.353028, 0.103562,
		0.179632, -0.189996, -0.965212,
		-0.321070, 0.916118, -0.240086,
		26.461832, 34.791248, 34.457653>
	pigment { color rgbt <0,1,1,0> }
	no_shadow
}
cylinder {
	<27.022493, 34.348431, 34.148685>,  <26.686581, 34.149967, 34.625713>, 0.130000
	pigment { color rgbt <1,0,0,0> }
	no_shadow
}

// nucleotide -1

// particle -1
sphere {
	<27.022493, 34.348431, 34.148685> 0.250000
	pigment { color rgbt <1,0,0,0> }
	no_shadow
}
cylinder {
	<26.950119, 34.702660, 34.319809>,  <26.906694, 34.915199, 34.422482>, 0.100000
	pigment { color rgbt <1,0,0,0> }
	no_shadow
}
cylinder {
	<26.950119, 34.702660, 34.319809>,  <27.022493, 34.348431, 34.148685>, 0.100000
	pigment { color rgbt <1,0,0,0> }
	no_shadow
}

// particle -1
sphere {
	<26.950119, 34.702660, 34.319809> 0.100000
	pigment { color rgbt <1,0,0,0> }
	no_shadow
}
sphere {
	0, 1
	scale<0.080000,0.200000,0.300000>
	matrix <0.979833, 0.199817, 0.000785,
		-0.084788, 0.419323, -0.903869,
		-0.180937, 0.885574, 0.427808,
		26.895838, 34.968330, 34.448151>
	pigment { color rgbt <0,1,1,0> }
	no_shadow
}
cylinder {
	<27.152920, 33.527645, 34.079414>,  <27.022493, 34.348431, 34.148685>, 0.130000
	pigment { color rgbt <1,0,0,0> }
	no_shadow
}

// nucleotide -1

// particle -1
sphere {
	<27.152920, 33.527645, 34.079414> 0.250000
	pigment { color rgbt <1,0,0,0> }
	no_shadow
}
cylinder {
	<26.979082, 33.235809, 33.868198>,  <26.874779, 33.060707, 33.741467>, 0.100000
	pigment { color rgbt <1,0,0,0> }
	no_shadow
}
cylinder {
	<26.979082, 33.235809, 33.868198>,  <27.152920, 33.527645, 34.079414>, 0.100000
	pigment { color rgbt <1,0,0,0> }
	no_shadow
}

// particle -1
sphere {
	<26.979082, 33.235809, 33.868198> 0.100000
	pigment { color rgbt <1,0,0,0> }
	no_shadow
}
sphere {
	0, 1
	scale<0.080000,0.200000,0.300000>
	matrix <0.273116, -0.665460, 0.694673,
		-0.858216, 0.157684, 0.488467,
		-0.434594, -0.729588, -0.528043,
		26.848703, 33.016933, 33.709785>
	pigment { color rgbt <0,1,1,0> }
	no_shadow
}
cylinder {
	<27.933794, 33.665554, 34.053642>,  <27.152920, 33.527645, 34.079414>, 0.130000
	pigment { color rgbt <1,0,0,0> }
	no_shadow
}

// nucleotide -1

// particle -1
sphere {
	<27.933794, 33.665554, 34.053642> 0.250000
	pigment { color rgbt <1,0,0,0> }
	no_shadow
}
cylinder {
	<28.329754, 33.617596, 34.023369>,  <28.567329, 33.588821, 34.005203>, 0.100000
	pigment { color rgbt <1,0,0,0> }
	no_shadow
}
cylinder {
	<28.329754, 33.617596, 34.023369>,  <27.933794, 33.665554, 34.053642>, 0.100000
	pigment { color rgbt <1,0,0,0> }
	no_shadow
}

// particle -1
sphere {
	<28.329754, 33.617596, 34.023369> 0.100000
	pigment { color rgbt <1,0,0,0> }
	no_shadow
}
sphere {
	0, 1
	scale<0.080000,0.200000,0.300000>
	matrix <-0.141086, -0.780122, -0.609511,
		0.014034, 0.614031, -0.789157,
		0.989898, -0.119893, -0.075683,
		28.626722, 33.581627, 34.000664>
	pigment { color rgbt <0,1,1,0> }
	no_shadow
}
cylinder {
	<28.150894, 33.629230, 33.341866>,  <27.933794, 33.665554, 34.053642>, 0.130000
	pigment { color rgbt <1,0,0,0> }
	no_shadow
}

// nucleotide -1

// particle -1
sphere {
	<28.150894, 33.629230, 33.341866> 0.250000
	pigment { color rgbt <1,0,0,0> }
	no_shadow
}
cylinder {
	<28.433203, 33.436119, 33.549255>,  <28.602589, 33.320251, 33.673687>, 0.100000
	pigment { color rgbt <1,0,0,0> }
	no_shadow
}
cylinder {
	<28.433203, 33.436119, 33.549255>,  <28.150894, 33.629230, 33.341866>, 0.100000
	pigment { color rgbt <1,0,0,0> }
	no_shadow
}

// particle -1
sphere {
	<28.433203, 33.436119, 33.549255> 0.100000
	pigment { color rgbt <1,0,0,0> }
	no_shadow
}
sphere {
	0, 1
	scale<0.080000,0.200000,0.300000>
	matrix <-0.089146, -0.786555, -0.611052,
		0.702808, 0.385044, -0.598166,
		0.705772, -0.482776, 0.518472,
		28.644934, 33.291286, 33.704796>
	pigment { color rgbt <0,1,1,0> }
	no_shadow
}
cylinder {
	<28.391573, 33.186859, 32.856003>,  <28.150894, 33.629230, 33.341866>, 0.130000
	pigment { color rgbt <1,0,0,0> }
	no_shadow
}

// nucleotide -1

// particle -1
sphere {
	<28.391573, 33.186859, 32.856003> 0.250000
	pigment { color rgbt <1,0,0,0> }
	no_shadow
}
cylinder {
	<28.564619, 33.035755, 33.183453>,  <28.668446, 32.945091, 33.379921>, 0.100000
	pigment { color rgbt <1,0,0,0> }
	no_shadow
}
cylinder {
	<28.564619, 33.035755, 33.183453>,  <28.391573, 33.186859, 32.856003>, 0.100000
	pigment { color rgbt <1,0,0,0> }
	no_shadow
}

// particle -1
sphere {
	<28.564619, 33.035755, 33.183453> 0.100000
	pigment { color rgbt <1,0,0,0> }
	no_shadow
}
sphere {
	0, 1
	scale<0.080000,0.200000,0.300000>
	matrix <-0.040343, -0.915187, -0.401006,
		0.900676, 0.140455, -0.411162,
		0.432614, -0.377764, 0.818621,
		28.694403, 32.922424, 33.429039>
	pigment { color rgbt <0,1,1,0> }
	no_shadow
}
cylinder {
	<29.037420, 32.851612, 32.657131>,  <28.391573, 33.186859, 32.856003>, 0.130000
	pigment { color rgbt <1,0,0,0> }
	no_shadow
}

// nucleotide -1

// particle -1
sphere {
	<29.037420, 32.851612, 32.657131> 0.250000
	pigment { color rgbt <1,0,0,0> }
	no_shadow
}
cylinder {
	<28.896719, 32.688950, 32.994392>,  <28.812298, 32.591351, 33.196747>, 0.100000
	pigment { color rgbt <1,0,0,0> }
	no_shadow
}
cylinder {
	<28.896719, 32.688950, 32.994392>,  <29.037420, 32.851612, 32.657131>, 0.100000
	pigment { color rgbt <1,0,0,0> }
	no_shadow
}

// particle -1
sphere {
	<28.896719, 32.688950, 32.994392> 0.100000
	pigment { color rgbt <1,0,0,0> }
	no_shadow
}
sphere {
	0, 1
	scale<0.080000,0.200000,0.300000>
	matrix <-0.013432, -0.898426, -0.438919,
		0.935997, -0.165715, 0.310560,
		-0.351751, -0.406655, 0.843150,
		28.791193, 32.566952, 33.247337>
	pigment { color rgbt <0,1,1,0> }
	no_shadow
}
cylinder {
	<29.298330, 32.194874, 32.692902>,  <29.037420, 32.851612, 32.657131>, 0.130000
	pigment { color rgbt <1,0,0,0> }
	no_shadow
}

// nucleotide -1

// particle -1
sphere {
	<29.298330, 32.194874, 32.692902> 0.250000
	pigment { color rgbt <1,0,0,0> }
	no_shadow
}
cylinder {
	<29.020033, 32.170349, 32.979172>,  <28.853054, 32.155632, 33.150932>, 0.100000
	pigment { color rgbt <1,0,0,0> }
	no_shadow
}
cylinder {
	<29.020033, 32.170349, 32.979172>,  <29.298330, 32.194874, 32.692902>, 0.100000
	pigment { color rgbt <1,0,0,0> }
	no_shadow
}

// particle -1
sphere {
	<29.020033, 32.170349, 32.979172> 0.100000
	pigment { color rgbt <1,0,0,0> }
	no_shadow
}
sphere {
	0, 1
	scale<0.080000,0.200000,0.300000>
	matrix <-0.155112, -0.960017, -0.233041,
		0.701345, -0.273145, 0.658413,
		-0.695741, -0.061315, 0.715671,
		28.811310, 32.151955, 33.193874>
	pigment { color rgbt <0,1,1,0> }
	no_shadow
}
cylinder {
	<29.364321, 31.525877, 33.041264>,  <29.298330, 32.194874, 32.692902>, 0.130000
	pigment { color rgbt <1,0,0,0> }
	no_shadow
}

// nucleotide -1

// particle -1
sphere {
	<29.364321, 31.525877, 33.041264> 0.250000
	pigment { color rgbt <1,0,0,0> }
	no_shadow
}
cylinder {
	<28.988106, 31.626705, 33.132343>,  <28.762377, 31.687202, 33.186989>, 0.100000
	pigment { color rgbt <1,0,0,0> }
	no_shadow
}
cylinder {
	<28.988106, 31.626705, 33.132343>,  <29.364321, 31.525877, 33.041264>, 0.100000
	pigment { color rgbt <1,0,0,0> }
	no_shadow
}

// particle -1
sphere {
	<28.988106, 31.626705, 33.132343> 0.100000
	pigment { color rgbt <1,0,0,0> }
	no_shadow
}
sphere {
	0, 1
	scale<0.080000,0.200000,0.300000>
	matrix <-0.299866, -0.931042, -0.207944,
		0.159579, -0.263858, 0.951269,
		-0.940540, 0.252070, 0.227697,
		28.705944, 31.702326, 33.200653>
	pigment { color rgbt <0,1,1,0> }
	no_shadow
}
cylinder {
	<29.174868, 31.132803, 33.674023>,  <29.364321, 31.525877, 33.041264>, 0.130000
	pigment { color rgbt <1,0,0,0> }
	no_shadow
}

// nucleotide -1

// particle -1
sphere {
	<29.174868, 31.132803, 33.674023> 0.250000
	pigment { color rgbt <1,0,0,0> }
	no_shadow
}
cylinder {
	<28.832737, 31.236523, 33.494610>,  <28.627459, 31.298754, 33.386963>, 0.100000
	pigment { color rgbt <1,0,0,0> }
	no_shadow
}
cylinder {
	<28.832737, 31.236523, 33.494610>,  <29.174868, 31.132803, 33.674023>, 0.100000
	pigment { color rgbt <1,0,0,0> }
	no_shadow
}

// particle -1
sphere {
	<28.832737, 31.236523, 33.494610> 0.100000
	pigment { color rgbt <1,0,0,0> }
	no_shadow
}
sphere {
	0, 1
	scale<0.080000,0.200000,0.300000>
	matrix <-0.211530, -0.965076, -0.154542,
		-0.472936, -0.037307, 0.880307,
		-0.855328, 0.259300, -0.448528,
		28.576138, 31.314312, 33.360050>
	pigment { color rgbt <0,1,1,0> }
	no_shadow
}
cylinder {
	<28.623175, 30.585896, 33.917198>,  <29.174868, 31.132803, 33.674023>, 0.130000
	pigment { color rgbt <1,0,0,0> }
	no_shadow
}

// nucleotide -1

// particle -1
sphere {
	<28.623175, 30.585896, 33.917198> 0.250000
	pigment { color rgbt <1,0,0,0> }
	no_shadow
}
cylinder {
	<28.447840, 30.765125, 33.605534>,  <28.342638, 30.872663, 33.418537>, 0.100000
	pigment { color rgbt <1,0,0,0> }
	no_shadow
}
cylinder {
	<28.447840, 30.765125, 33.605534>,  <28.623175, 30.585896, 33.917198>, 0.100000
	pigment { color rgbt <1,0,0,0> }
	no_shadow
}

// particle -1
sphere {
	<28.447840, 30.765125, 33.605534> 0.100000
	pigment { color rgbt <1,0,0,0> }
	no_shadow
}
sphere {
	0, 1
	scale<0.080000,0.200000,0.300000>
	matrix <-0.425818, -0.866947, -0.259003,
		-0.791543, 0.218249, 0.570813,
		-0.438337, 0.448074, -0.779159,
		28.316339, 30.899548, 33.371784>
	pigment { color rgbt <0,1,1,0> }
	no_shadow
}
cylinder {
	<27.927107, 30.336374, 33.880974>,  <28.623175, 30.585896, 33.917198>, 0.130000
	pigment { color rgbt <1,0,0,0> }
	no_shadow
}

// nucleotide -1

// particle -1
sphere {
	<27.927107, 30.336374, 33.880974> 0.250000
	pigment { color rgbt <1,0,0,0> }
	no_shadow
}
cylinder {
	<28.058157, 30.472103, 33.528267>,  <28.136787, 30.553541, 33.316643>, 0.100000
	pigment { color rgbt <1,0,0,0> }
	no_shadow
}
cylinder {
	<28.058157, 30.472103, 33.528267>,  <27.927107, 30.336374, 33.880974>, 0.100000
	pigment { color rgbt <1,0,0,0> }
	no_shadow
}

// particle -1
sphere {
	<28.058157, 30.472103, 33.528267> 0.100000
	pigment { color rgbt <1,0,0,0> }
	no_shadow
}
sphere {
	0, 1
	scale<0.080000,0.200000,0.300000>
	matrix <-0.191957, -0.889911, -0.413776,
		-0.925102, 0.304826, -0.226424,
		0.327627, 0.339322, -0.881772,
		28.156445, 30.573900, 33.263737>
	pigment { color rgbt <0,1,1,0> }
	no_shadow
}
cylinder {
	<27.395803, 30.270683, 33.406109>,  <27.927107, 30.336374, 33.880974>, 0.130000
	pigment { color rgbt <1,0,0,0> }
	no_shadow
}

// nucleotide -1

// particle -1
sphere {
	<27.395803, 30.270683, 33.406109> 0.250000
	pigment { color rgbt <1,0,0,0> }
	no_shadow
}
cylinder {
	<27.698351, 30.307814, 33.147099>,  <27.879879, 30.330091, 32.991692>, 0.100000
	pigment { color rgbt <1,0,0,0> }
	no_shadow
}
cylinder {
	<27.698351, 30.307814, 33.147099>,  <27.395803, 30.270683, 33.406109>, 0.100000
	pigment { color rgbt <1,0,0,0> }
	no_shadow
}

// particle -1
sphere {
	<27.698351, 30.307814, 33.147099> 0.100000
	pigment { color rgbt <1,0,0,0> }
	no_shadow
}
sphere {
	0, 1
	scale<0.080000,0.200000,0.300000>
	matrix <-0.380166, -0.743175, -0.550605,
		-0.532335, 0.662627, -0.526825,
		0.756369, 0.092826, -0.647526,
		27.925262, 30.335661, 32.952839>
	pigment { color rgbt <0,1,1,0> }
	no_shadow
}
cylinder {
	<26.965286, 30.020620, 32.868729>,  <27.395803, 30.270683, 33.406109>, 0.130000
	pigment { color rgbt <1,0,0,0> }
	no_shadow
}

// nucleotide -1

// particle -1
sphere {
	<26.965286, 30.020620, 32.868729> 0.250000
	pigment { color rgbt <1,0,0,0> }
	no_shadow
}
cylinder {
	<27.345533, 30.017860, 32.744614>,  <27.573681, 30.016205, 32.670143>, 0.100000
	pigment { color rgbt <1,0,0,0> }
	no_shadow
}
cylinder {
	<27.345533, 30.017860, 32.744614>,  <26.965286, 30.020620, 32.868729>, 0.100000
	pigment { color rgbt <1,0,0,0> }
	no_shadow
}

// particle -1
sphere {
	<27.345533, 30.017860, 32.744614> 0.100000
	pigment { color rgbt <1,0,0,0> }
	no_shadow
}
sphere {
	0, 1
	scale<0.080000,0.200000,0.300000>
	matrix <-0.263177, -0.547863, -0.794093,
		-0.164518, 0.836540, -0.522623,
		0.950616, -0.006900, -0.310292,
		27.630718, 30.015791, 32.651527>
	pigment { color rgbt <0,1,1,0> }
	no_shadow
}
cylinder {
	<26.779264, 30.102015, 32.229122>,  <26.965286, 30.020620, 32.868729>, 0.130000
	pigment { color rgbt <1,0,0,0> }
	no_shadow
}

// nucleotide -1

// particle -1
sphere {
	<26.779264, 30.102015, 32.229122> 0.250000
	pigment { color rgbt <1,0,0,0> }
	no_shadow
}
cylinder {
	<27.135279, 29.940020, 32.312859>,  <27.348886, 29.842823, 32.363098>, 0.100000
	pigment { color rgbt <1,0,0,0> }
	no_shadow
}
cylinder {
	<27.135279, 29.940020, 32.312859>,  <26.779264, 30.102015, 32.229122>, 0.100000
	pigment { color rgbt <1,0,0,0> }
	no_shadow
}

// particle -1
sphere {
	<27.135279, 29.940020, 32.312859> 0.100000
	pigment { color rgbt <1,0,0,0> }
	no_shadow
}
sphere {
	0, 1
	scale<0.080000,0.200000,0.300000>
	matrix <-0.273282, -0.841495, -0.466050,
		0.364901, 0.357593, -0.859636,
		0.890036, -0.404985, 0.209339,
		27.402290, 29.818523, 32.375660>
	pigment { color rgbt <0,1,1,0> }
	no_shadow
}
cylinder {
	<27.081419, 29.935959, 31.547716>,  <26.779264, 30.102015, 32.229122>, 0.130000
	pigment { color rgbt <1,0,0,0> }
	no_shadow
}

// nucleotide -1

// particle -1
sphere {
	<27.081419, 29.935959, 31.547716> 0.250000
	pigment { color rgbt <1,0,0,0> }
	no_shadow
}
cylinder {
	<27.256132, 29.708683, 31.826681>,  <27.360960, 29.572317, 31.994061>, 0.100000
	pigment { color rgbt <1,0,0,0> }
	no_shadow
}
cylinder {
	<27.256132, 29.708683, 31.826681>,  <27.081419, 29.935959, 31.547716>, 0.100000
	pigment { color rgbt <1,0,0,0> }
	no_shadow
}

// particle -1
sphere {
	<27.256132, 29.708683, 31.826681> 0.100000
	pigment { color rgbt <1,0,0,0> }
	no_shadow
}
sphere {
	0, 1
	scale<0.080000,0.200000,0.300000>
	matrix <-0.308654, -0.822870, -0.477093,
		0.844957, -0.006872, -0.534790,
		0.436784, -0.568188, 0.697411,
		27.387167, 29.538227, 32.035904>
	pigment { color rgbt <0,1,1,0> }
	no_shadow
}
cylinder {
	<27.461275, 29.459789, 31.174484>,  <27.081419, 29.935959, 31.547716>, 0.130000
	pigment { color rgbt <1,0,0,0> }
	no_shadow
}

// nucleotide -1

// particle -1
sphere {
	<27.461275, 29.459789, 31.174484> 0.250000
	pigment { color rgbt <1,0,0,0> }
	no_shadow
}
cylinder {
	<27.402308, 29.282423, 31.528128>,  <27.366926, 29.176003, 31.740314>, 0.100000
	pigment { color rgbt <1,0,0,0> }
	no_shadow
}
cylinder {
	<27.402308, 29.282423, 31.528128>,  <27.461275, 29.459789, 31.174484>, 0.100000
	pigment { color rgbt <1,0,0,0> }
	no_shadow
}

// particle -1
sphere {
	<27.402308, 29.282423, 31.528128> 0.100000
	pigment { color rgbt <1,0,0,0> }
	no_shadow
}
sphere {
	0, 1
	scale<0.080000,0.200000,0.300000>
	matrix <-0.311532, -0.827561, -0.467002,
		0.938731, -0.344274, -0.016140,
		-0.147420, -0.443417, 0.884109,
		27.358082, 29.149399, 31.793360>
	pigment { color rgbt <0,1,1,0> }
	no_shadow
}
cylinder {
	<27.704634, 28.773870, 31.130024>,  <27.461275, 29.459789, 31.174484>, 0.130000
	pigment { color rgbt <1,0,0,0> }
	no_shadow
}

// nucleotide -1

// particle -1
sphere {
	<27.704634, 28.773870, 31.130024> 0.250000
	pigment { color rgbt <1,0,0,0> }
	no_shadow
}
cylinder {
	<27.491116, 28.734364, 31.465954>,  <27.363005, 28.710659, 31.667513>, 0.100000
	pigment { color rgbt <1,0,0,0> }
	no_shadow
}
cylinder {
	<27.491116, 28.734364, 31.465954>,  <27.704634, 28.773870, 31.130024>, 0.100000
	pigment { color rgbt <1,0,0,0> }
	no_shadow
}

// particle -1
sphere {
	<27.491116, 28.734364, 31.465954> 0.100000
	pigment { color rgbt <1,0,0,0> }
	no_shadow
}
sphere {
	0, 1
	scale<0.080000,0.200000,0.300000>
	matrix <-0.291852, -0.910611, -0.292593,
		0.793654, -0.401289, 0.457253,
		-0.533794, -0.098768, 0.839827,
		27.330976, 28.704733, 31.717901>
	pigment { color rgbt <0,1,1,0> }
	no_shadow
}
cylinder {
	<27.882511, 28.087267, 31.418806>,  <27.704634, 28.773870, 31.130024>, 0.130000
	pigment { color rgbt <1,0,0,0> }
	no_shadow
}

// nucleotide -1

// particle -1
sphere {
	<27.882511, 28.087267, 31.418806> 0.250000
	pigment { color rgbt <1,0,0,0> }
	no_shadow
}
cylinder {
	<27.516991, 28.203449, 31.532372>,  <27.297678, 28.273159, 31.600510>, 0.100000
	pigment { color rgbt <1,0,0,0> }
	no_shadow
}
cylinder {
	<27.516991, 28.203449, 31.532372>,  <27.882511, 28.087267, 31.418806>, 0.100000
	pigment { color rgbt <1,0,0,0> }
	no_shadow
}

// particle -1
sphere {
	<27.516991, 28.203449, 31.532372> 0.100000
	pigment { color rgbt <1,0,0,0> }
	no_shadow
}
sphere {
	0, 1
	scale<0.080000,0.200000,0.300000>
	matrix <-0.347135, -0.921411, -0.174641,
		0.210874, -0.258143, 0.942812,
		-0.913799, 0.290456, 0.283913,
		27.242851, 28.290586, 31.617546>
	pigment { color rgbt <0,1,1,0> }
	no_shadow
}
cylinder {
	<27.689856, 27.824316, 32.109089>,  <27.882511, 28.087267, 31.418806>, 0.130000
	pigment { color rgbt <1,0,0,0> }
	no_shadow
}

// nucleotide -1

// particle -1
sphere {
	<27.689856, 27.824316, 32.109089> 0.250000
	pigment { color rgbt <1,0,0,0> }
	no_shadow
}
cylinder {
	<27.406122, 27.865547, 31.830170>,  <27.235882, 27.890285, 31.662819>, 0.100000
	pigment { color rgbt <1,0,0,0> }
	no_shadow
}
cylinder {
	<27.406122, 27.865547, 31.830170>,  <27.689856, 27.824316, 32.109089>, 0.100000
	pigment { color rgbt <1,0,0,0> }
	no_shadow
}

// particle -1
sphere {
	<27.406122, 27.865547, 31.830170> 0.100000
	pigment { color rgbt <1,0,0,0> }
	no_shadow
}
sphere {
	0, 1
	scale<0.080000,0.200000,0.300000>
	matrix <-0.157307, -0.987450, 0.014055,
		-0.687097, 0.119660, 0.716644,
		-0.709332, 0.103076, -0.697297,
		27.193323, 27.896469, 31.620981>
	pigment { color rgbt <0,1,1,0> }
	no_shadow
}
cylinder {
	<27.058468, 27.404652, 32.248589>,  <27.689856, 27.824316, 32.109089>, 0.130000
	pigment { color rgbt <1,0,0,0> }
	no_shadow
}

// nucleotide -1

// particle -1
sphere {
	<27.058468, 27.404652, 32.248589> 0.250000
	pigment { color rgbt <1,0,0,0> }
	no_shadow
}
cylinder {
	<27.030222, 27.464796, 31.854147>,  <27.013273, 27.500883, 31.617481>, 0.100000
	pigment { color rgbt <1,0,0,0> }
	no_shadow
}
cylinder {
	<27.030222, 27.464796, 31.854147>,  <27.058468, 27.404652, 32.248589>, 0.100000
	pigment { color rgbt <1,0,0,0> }
	no_shadow
}

// particle -1
sphere {
	<27.030222, 27.464796, 31.854147> 0.100000
	pigment { color rgbt <1,0,0,0> }
	no_shadow
}
sphere {
	0, 1
	scale<0.080000,0.200000,0.300000>
	matrix <-0.191988, -0.972139, -0.134485,
		-0.978854, 0.179823, 0.097517,
		-0.070616, 0.150363, -0.986106,
		27.009037, 27.509905, 31.558315>
	pigment { color rgbt <0,1,1,0> }
	no_shadow
}
cylinder {
	<26.497072, 27.030024, 31.932442>,  <27.058468, 27.404652, 32.248589>, 0.130000
	pigment { color rgbt <1,0,0,0> }
	no_shadow
}

// nucleotide -1

// particle -1
sphere {
	<26.497072, 27.030024, 31.932442> 0.250000
	pigment { color rgbt <1,0,0,0> }
	no_shadow
}
cylinder {
	<26.751183, 27.067776, 31.625843>,  <26.903648, 27.090427, 31.441885>, 0.100000
	pigment { color rgbt <1,0,0,0> }
	no_shadow
}
cylinder {
	<26.751183, 27.067776, 31.625843>,  <26.497072, 27.030024, 31.932442>, 0.100000
	pigment { color rgbt <1,0,0,0> }
	no_shadow
}

// particle -1
sphere {
	<26.751183, 27.067776, 31.625843> 0.100000
	pigment { color rgbt <1,0,0,0> }
	no_shadow
}
sphere {
	0, 1
	scale<0.080000,0.200000,0.300000>
	matrix <0.047758, -0.995406, -0.082982,
		-0.770806, 0.016111, -0.636867,
		0.635278, 0.094379, -0.766495,
		26.941767, 27.096088, 31.395895>
	pigment { color rgbt <0,1,1,0> }
	no_shadow
}
cylinder {
	<26.225517, 26.578442, 31.428179>,  <26.497072, 27.030024, 31.932442>, 0.130000
	pigment { color rgbt <1,0,0,0> }
	no_shadow
}

// nucleotide -1

// particle -1
sphere {
	<26.225517, 26.578442, 31.428179> 0.250000
	pigment { color rgbt <1,0,0,0> }
	no_shadow
}
cylinder {
	<26.625214, 26.593410, 31.423809>,  <26.865030, 26.602392, 31.421186>, 0.100000
	pigment { color rgbt <1,0,0,0> }
	no_shadow
}
cylinder {
	<26.625214, 26.593410, 31.423809>,  <26.225517, 26.578442, 31.428179>, 0.100000
	pigment { color rgbt <1,0,0,0> }
	no_shadow
}

// particle -1
sphere {
	<26.625214, 26.593410, 31.423809> 0.100000
	pigment { color rgbt <1,0,0,0> }
	no_shadow
}
sphere {
	0, 1
	scale<0.080000,0.200000,0.300000>
	matrix <0.035634, -0.990433, -0.133312,
		-0.015808, 0.132821, -0.991014,
		0.999240, 0.037421, -0.010924,
		26.924986, 26.604637, 31.420532>
	pigment { color rgbt <0,1,1,0> }
	no_shadow
}
cylinder {
	<26.547775, 26.166914, 30.800276>,  <26.225517, 26.578442, 31.428179>, 0.130000
	pigment { color rgbt <1,0,0,0> }
	no_shadow
}

// nucleotide -1

// particle -1
sphere {
	<26.547775, 26.166914, 30.800276> 0.250000
	pigment { color rgbt <1,0,0,0> }
	no_shadow
}
cylinder {
	<26.813400, 26.173822, 31.099266>,  <26.972775, 26.177967, 31.278660>, 0.100000
	pigment { color rgbt <1,0,0,0> }
	no_shadow
}
cylinder {
	<26.813400, 26.173822, 31.099266>,  <26.547775, 26.166914, 30.800276>, 0.100000
	pigment { color rgbt <1,0,0,0> }
	no_shadow
}

// particle -1
sphere {
	<26.813400, 26.173822, 31.099266> 0.100000
	pigment { color rgbt <1,0,0,0> }
	no_shadow
}
sphere {
	0, 1
	scale<0.080000,0.200000,0.300000>
	matrix <0.105813, -0.991842, -0.071085,
		0.740152, 0.126298, -0.660473,
		0.664063, 0.017273, 0.747478,
		27.012619, 26.179005, 31.323509>
	pigment { color rgbt <0,1,1,0> }
	no_shadow
}
cylinder {
	<27.133720, 25.939064, 30.623856>,  <26.547775, 26.166914, 30.800276>, 0.130000
	pigment { color rgbt <1,0,0,0> }
	no_shadow
}

// nucleotide -1

// particle -1
sphere {
	<27.133720, 25.939064, 30.623856> 0.250000
	pigment { color rgbt <1,0,0,0> }
	no_shadow
}
cylinder {
	<27.155685, 25.827963, 31.007488>,  <27.168865, 25.761303, 31.237667>, 0.100000
	pigment { color rgbt <1,0,0,0> }
	no_shadow
}
cylinder {
	<27.155685, 25.827963, 31.007488>,  <27.133720, 25.939064, 30.623856>, 0.100000
	pigment { color rgbt <1,0,0,0> }
	no_shadow
}

// particle -1
sphere {
	<27.155685, 25.827963, 31.007488> 0.100000
	pigment { color rgbt <1,0,0,0> }
	no_shadow
}
sphere {
	0, 1
	scale<0.080000,0.200000,0.300000>
	matrix <0.288176, -0.915249, -0.281556,
		0.956002, 0.291846, 0.029781,
		0.054914, -0.277751, 0.959082,
		27.172159, 25.744638, 31.295214>
	pigment { color rgbt <0,1,1,0> }
	no_shadow
}
cylinder {
	<27.768538, 25.582170, 30.846062>,  <27.133720, 25.939064, 30.623856>, 0.130000
	pigment { color rgbt <1,0,0,0> }
	no_shadow
}

// nucleotide -1

// particle -1
sphere {
	<27.768538, 25.582170, 30.846062> 0.250000
	pigment { color rgbt <1,0,0,0> }
	no_shadow
}
cylinder {
	<27.447327, 25.457867, 31.049461>,  <27.254601, 25.383284, 31.171501>, 0.100000
	pigment { color rgbt <1,0,0,0> }
	no_shadow
}
cylinder {
	<27.447327, 25.457867, 31.049461>,  <27.768538, 25.582170, 30.846062>, 0.100000
	pigment { color rgbt <1,0,0,0> }
	no_shadow
}

// particle -1
sphere {
	<27.447327, 25.457867, 31.049461> 0.100000
	pigment { color rgbt <1,0,0,0> }
	no_shadow
}
sphere {
	0, 1
	scale<0.080000,0.200000,0.300000>
	matrix <0.224595, -0.948174, -0.224773,
		0.551998, -0.066292, 0.831206,
		-0.803029, -0.310759, 0.508501,
		27.206417, 25.364639, 31.202011>
	pigment { color rgbt <0,1,1,0> }
	no_shadow
}
cylinder {
	<27.886871, 25.084192, 31.517050>,  <27.768538, 25.582170, 30.846062>, 0.130000
	pigment { color rgbt <1,0,0,0> }
	no_shadow
}

// nucleotide -1

// particle -1
sphere {
	<27.886871, 25.084192, 31.517050> 0.250000
	pigment { color rgbt <1,0,0,0> }
	no_shadow
}
cylinder {
	<27.562635, 25.028393, 31.289547>,  <27.368093, 24.994913, 31.153046>, 0.100000
	pigment { color rgbt <1,0,0,0> }
	no_shadow
}
cylinder {
	<27.562635, 25.028393, 31.289547>,  <27.886871, 25.084192, 31.517050>, 0.100000
	pigment { color rgbt <1,0,0,0> }
	no_shadow
}

// particle -1
sphere {
	<27.562635, 25.028393, 31.289547> 0.100000
	pigment { color rgbt <1,0,0,0> }
	no_shadow
}
sphere {
	0, 1
	scale<0.080000,0.200000,0.300000>
	matrix <0.457226, -0.757599, -0.465820,
		-0.365906, -0.637639, 0.677887,
		-0.810591, -0.139501, -0.568754,
		27.319458, 24.986542, 31.118921>
	pigment { color rgbt <0,1,1,0> }
	no_shadow
}
cylinder {
	<28.234016, 25.185198, 32.249477>,  <27.886871, 25.084192, 31.517050>, 0.130000
	pigment { color rgbt <1,0,0,0> }
	no_shadow
}

// nucleotide -1

// particle -1
sphere {
	<28.234016, 25.185198, 32.249477> 0.250000
	pigment { color rgbt <1,0,0,0> }
	no_shadow
}
cylinder {
	<28.492632, 25.417221, 32.447678>,  <28.647802, 25.556435, 32.566597>, 0.100000
	pigment { color rgbt <1,0,0,0> }
	no_shadow
}
cylinder {
	<28.492632, 25.417221, 32.447678>,  <28.234016, 25.185198, 32.249477>, 0.100000
	pigment { color rgbt <1,0,0,0> }
	no_shadow
}

// particle -1
sphere {
	<28.492632, 25.417221, 32.447678> 0.100000
	pigment { color rgbt <1,0,0,0> }
	no_shadow
}
sphere {
	0, 1
	scale<0.080000,0.200000,0.300000>
	matrix <-0.758670, 0.557026, 0.337849,
		-0.080033, -0.594353, 0.800212,
		0.646540, 0.580058, 0.495498,
		28.686594, 25.591238, 32.596329>
	pigment { color rgbt <0,1,1,0> }
	no_shadow
}
cylinder {
	<27.877520, 25.525707, 32.800365>,  <28.234016, 25.185198, 32.249477>, 0.130000
	pigment { color rgbt <1,0,0,0> }
	no_shadow
}

// nucleotide -1

// particle -1
sphere {
	<27.877520, 25.525707, 32.800365> 0.250000
	pigment { color rgbt <1,0,0,0> }
	no_shadow
}
cylinder {
	<28.209225, 25.748579, 32.783058>,  <28.408249, 25.882303, 32.772675>, 0.100000
	pigment { color rgbt <1,0,0,0> }
	no_shadow
}
cylinder {
	<28.209225, 25.748579, 32.783058>,  <27.877520, 25.525707, 32.800365>, 0.100000
	pigment { color rgbt <1,0,0,0> }
	no_shadow
}

// particle -1
sphere {
	<28.209225, 25.748579, 32.783058> 0.100000
	pigment { color rgbt <1,0,0,0> }
	no_shadow
}
sphere {
	0, 1
	scale<0.080000,0.200000,0.300000>
	matrix <-0.447711, 0.708678, 0.545280,
		0.334479, -0.432811, 0.837137,
		0.829264, 0.557181, -0.043264,
		28.458004, 25.915733, 32.770081>
	pigment { color rgbt <0,1,1,0> }
	no_shadow
}
cylinder {
	<28.129812, 25.655846, 33.539967>,  <27.877520, 25.525707, 32.800365>, 0.130000
	pigment { color rgbt <1,0,0,0> }
	no_shadow
}

// nucleotide -1

// particle -1
sphere {
	<28.129812, 25.655846, 33.539967> 0.250000
	pigment { color rgbt <1,0,0,0> }
	no_shadow
}
cylinder {
	<28.270678, 25.942268, 33.298889>,  <28.355198, 26.114122, 33.154243>, 0.100000
	pigment { color rgbt <1,0,0,0> }
	no_shadow
}
cylinder {
	<28.270678, 25.942268, 33.298889>,  <28.129812, 25.655846, 33.539967>, 0.100000
	pigment { color rgbt <1,0,0,0> }
	no_shadow
}

// particle -1
sphere {
	<28.270678, 25.942268, 33.298889> 0.100000
	pigment { color rgbt <1,0,0,0> }
	no_shadow
}
sphere {
	0, 1
	scale<0.080000,0.200000,0.300000>
	matrix <-0.257631, 0.693237, 0.673089,
		0.899781, -0.081766, 0.428612,
		0.352165, 0.716056, -0.602696,
		28.376328, 26.157085, 33.118080>
	pigment { color rgbt <0,1,1,0> }
	no_shadow
}
cylinder {
	<28.337793, 25.900799, 34.186497>,  <28.129812, 25.655846, 33.539967>, 0.130000
	pigment { color rgbt <1,0,0,0> }
	no_shadow
}

// nucleotide -1

// particle -1
sphere {
	<28.337793, 25.900799, 34.186497> 0.250000
	pigment { color rgbt <1,0,0,0> }
	no_shadow
}
cylinder {
	<28.614376, 25.620905, 34.114655>,  <28.780327, 25.452969, 34.071548>, 0.100000
	pigment { color rgbt <1,0,0,0> }
	no_shadow
}
cylinder {
	<28.614376, 25.620905, 34.114655>,  <28.337793, 25.900799, 34.186497>, 0.100000
	pigment { color rgbt <1,0,0,0> }
	no_shadow
}

// particle -1
sphere {
	<28.614376, 25.620905, 34.114655> 0.100000
	pigment { color rgbt <1,0,0,0> }
	no_shadow
}
sphere {
	0, 1
	scale<0.080000,0.200000,0.300000>
	matrix <0.692623, 0.571464, 0.440115,
		-0.205326, -0.428719, 0.879796,
		0.691458, -0.699734, -0.179604,
		28.821814, 25.410984, 34.060772>
	pigment { color rgbt <0,1,1,0> }
	no_shadow
}
cylinder {
	<28.668764, 25.684820, 34.831436>,  <28.337793, 25.900799, 34.186497>, 0.130000
	pigment { color rgbt <1,0,0,0> }
	no_shadow
}

// nucleotide -1

// particle -1
sphere {
	<28.668764, 25.684820, 34.831436> 0.250000
	pigment { color rgbt <1,0,0,0> }
	no_shadow
}
cylinder {
	<28.909168, 25.641121, 34.514740>,  <29.053410, 25.614902, 34.324722>, 0.100000
	pigment { color rgbt <1,0,0,0> }
	no_shadow
}
cylinder {
	<28.909168, 25.641121, 34.514740>,  <28.668764, 25.684820, 34.831436>, 0.100000
	pigment { color rgbt <1,0,0,0> }
	no_shadow
}

// particle -1
sphere {
	<28.909168, 25.641121, 34.514740> 0.100000
	pigment { color rgbt <1,0,0,0> }
	no_shadow
}
sphere {
	0, 1
	scale<0.080000,0.200000,0.300000>
	matrix <0.710990, 0.525571, 0.467192,
		0.365077, -0.843706, 0.393547,
		0.601009, -0.109247, -0.791740,
		29.089472, 25.608347, 34.277218>
	pigment { color rgbt <0,1,1,0> }
	no_shadow
}
cylinder {
	<29.385321, 25.638969, 35.149124>,  <28.668764, 25.684820, 34.831436>, 0.130000
	pigment { color rgbt <1,0,0,0> }
	no_shadow
}

// nucleotide -1

// particle -1
sphere {
	<29.385321, 25.638969, 35.149124> 0.250000
	pigment { color rgbt <1,0,0,0> }
	no_shadow
}
cylinder {
	<29.429722, 25.744358, 34.765820>,  <29.456364, 25.807590, 34.535839>, 0.100000
	pigment { color rgbt <1,0,0,0> }
	no_shadow
}
cylinder {
	<29.429722, 25.744358, 34.765820>,  <29.385321, 25.638969, 35.149124>, 0.100000
	pigment { color rgbt <1,0,0,0> }
	no_shadow
}

// particle -1
sphere {
	<29.429722, 25.744358, 34.765820> 0.100000
	pigment { color rgbt <1,0,0,0> }
	no_shadow
}
sphere {
	0, 1
	scale<0.080000,0.200000,0.300000>
	matrix <0.627814, 0.728870, 0.273126,
		0.770407, -0.631927, -0.084503,
		0.111004, 0.263470, -0.958260,
		29.463022, 25.823399, 34.478340>
	pigment { color rgbt <0,1,1,0> }
	no_shadow
}
cylinder {
	<30.094667, 25.694208, 35.080128>,  <29.385321, 25.638969, 35.149124>, 0.130000
	pigment { color rgbt <1,0,0,0> }
	no_shadow
}

// nucleotide -1

// particle -1
sphere {
	<30.094667, 25.694208, 35.080128> 0.250000
	pigment { color rgbt <1,0,0,0> }
	no_shadow
}
cylinder {
	<29.937275, 25.882910, 34.764503>,  <29.842840, 25.996130, 34.575127>, 0.100000
	pigment { color rgbt <1,0,0,0> }
	no_shadow
}
cylinder {
	<29.937275, 25.882910, 34.764503>,  <30.094667, 25.694208, 35.080128>, 0.100000
	pigment { color rgbt <1,0,0,0> }
	no_shadow
}

// particle -1
sphere {
	<29.937275, 25.882910, 34.764503> 0.100000
	pigment { color rgbt <1,0,0,0> }
	no_shadow
}
sphere {
	0, 1
	scale<0.080000,0.200000,0.300000>
	matrix <0.609129, 0.776645, 0.160575,
		0.688575, -0.417460, -0.592952,
		-0.393480, 0.471752, -0.789065,
		29.819231, 26.024435, 34.527782>
	pigment { color rgbt <0,1,1,0> }
	no_shadow
}
cylinder {
	<30.647625, 25.913509, 34.643875>,  <30.094667, 25.694208, 35.080128>, 0.130000
	pigment { color rgbt <1,0,0,0> }
	no_shadow
}

// nucleotide -1

// particle -1
sphere {
	<30.647625, 25.913509, 34.643875> 0.250000
	pigment { color rgbt <1,0,0,0> }
	no_shadow
}
cylinder {
	<30.336876, 26.153797, 34.568398>,  <30.150427, 26.297970, 34.523113>, 0.100000
	pigment { color rgbt <1,0,0,0> }
	no_shadow
}
cylinder {
	<30.336876, 26.153797, 34.568398>,  <30.647625, 25.913509, 34.643875>, 0.100000
	pigment { color rgbt <1,0,0,0> }
	no_shadow
}

// particle -1
sphere {
	<30.336876, 26.153797, 34.568398> 0.100000
	pigment { color rgbt <1,0,0,0> }
	no_shadow
}
sphere {
	0, 1
	scale<0.080000,0.200000,0.300000>
	matrix <0.569165, 0.798130, 0.197586,
		0.269294, 0.046102, -0.961954,
		-0.776873, 0.600719, -0.188692,
		30.103813, 26.334013, 34.511791>
	pigment { color rgbt <0,1,1,0> }
	no_shadow
}
cylinder {
	<30.914906, 26.445963, 34.096474>,  <30.647625, 25.913509, 34.643875>, 0.130000
	pigment { color rgbt <1,0,0,0> }
	no_shadow
}

// nucleotide -1

// particle -1
sphere {
	<30.914906, 26.445963, 34.096474> 0.250000
	pigment { color rgbt <1,0,0,0> }
	no_shadow
}
cylinder {
	<30.588926, 26.608128, 34.262127>,  <30.393339, 26.705425, 34.361519>, 0.100000
	pigment { color rgbt <1,0,0,0> }
	no_shadow
}
cylinder {
	<30.588926, 26.608128, 34.262127>,  <30.914906, 26.445963, 34.096474>, 0.100000
	pigment { color rgbt <1,0,0,0> }
	no_shadow
}

// particle -1
sphere {
	<30.588926, 26.608128, 34.262127> 0.100000
	pigment { color rgbt <1,0,0,0> }
	no_shadow
}
sphere {
	0, 1
	scale<0.080000,0.200000,0.300000>
	matrix <0.465910, 0.883294, 0.052148,
		-0.344658, 0.235445, -0.908722,
		-0.814947, 0.405410, 0.414131,
		30.344442, 26.729750, 34.386368>
	pigment { color rgbt <0,1,1,0> }
	no_shadow
}
cylinder {
	<30.812641, 27.150373, 33.741085>,  <30.914906, 26.445963, 34.096474>, 0.130000
	pigment { color rgbt <1,0,0,0> }
	no_shadow
}

// nucleotide -1

// particle -1
sphere {
	<30.812641, 27.150373, 33.741085> 0.250000
	pigment { color rgbt <1,0,0,0> }
	no_shadow
}
cylinder {
	<30.578014, 27.188818, 34.062756>,  <30.437239, 27.211884, 34.255756>, 0.100000
	pigment { color rgbt <1,0,0,0> }
	no_shadow
}
cylinder {
	<30.578014, 27.188818, 34.062756>,  <30.812641, 27.150373, 33.741085>, 0.100000
	pigment { color rgbt <1,0,0,0> }
	no_shadow
}

// particle -1
sphere {
	<30.578014, 27.188818, 34.062756> 0.100000
	pigment { color rgbt <1,0,0,0> }
	no_shadow
}
sphere {
	0, 1
	scale<0.080000,0.200000,0.300000>
	matrix <0.378929, 0.910119, 0.167621,
		-0.715786, 0.403047, -0.570266,
		-0.586569, 0.096109, 0.804177,
		30.402044, 27.217651, 34.304008>
	pigment { color rgbt <0,1,1,0> }
	no_shadow
}
cylinder {
	<30.391886, 27.782089, 33.728367>,  <30.812641, 27.150373, 33.741085>, 0.130000
	pigment { color rgbt <1,0,0,0> }
	no_shadow
}

// nucleotide -1

// particle -1
sphere {
	<30.391886, 27.782089, 33.728367> 0.250000
	pigment { color rgbt <1,0,0,0> }
	no_shadow
}
cylinder {
	<30.404367, 27.691231, 34.117710>,  <30.411856, 27.636715, 34.351318>, 0.100000
	pigment { color rgbt <1,0,0,0> }
	no_shadow
}
cylinder {
	<30.404367, 27.691231, 34.117710>,  <30.391886, 27.782089, 33.728367>, 0.100000
	pigment { color rgbt <1,0,0,0> }
	no_shadow
}

// particle -1
sphere {
	<30.404367, 27.691231, 34.117710> 0.100000
	pigment { color rgbt <1,0,0,0> }
	no_shadow
}
sphere {
	0, 1
	scale<0.080000,0.200000,0.300000>
	matrix <0.258629, 0.942504, 0.211654,
		-0.965473, 0.245135, 0.088157,
		0.031204, -0.227146, 0.973361,
		30.413729, 27.623087, 34.409718>
	pigment { color rgbt <0,1,1,0> }
	no_shadow
}
cylinder {
	<30.173237, 28.311256, 33.962070>,  <30.391886, 27.782089, 33.728367>, 0.130000
	pigment { color rgbt <1,0,0,0> }
	no_shadow
}

// nucleotide -1

// particle -1
sphere {
	<30.173237, 28.311256, 33.962070> 0.250000
	pigment { color rgbt <1,0,0,0> }
	no_shadow
}
cylinder {
	<30.307278, 28.136396, 34.295921>,  <30.387701, 28.031481, 34.496231>, 0.100000
	pigment { color rgbt <1,0,0,0> }
	no_shadow
}
cylinder {
	<30.307278, 28.136396, 34.295921>,  <30.173237, 28.311256, 33.962070>, 0.100000
	pigment { color rgbt <1,0,0,0> }
	no_shadow
}

// particle -1
sphere {
	<30.307278, 28.136396, 34.295921> 0.100000
	pigment { color rgbt <1,0,0,0> }
	no_shadow
}
sphere {
	0, 1
	scale<0.080000,0.200000,0.300000>
