// switches for output
#declare DRAW_BASES = 1; // possible values are 0, 1; only relevant for DNA ribbons
#declare DRAW_BASES_TYPE = 3; // possible values are 1, 2, 3; only relevant for DNA ribbons
#declare DRAW_FOG = 0; // set to 1 to enable fog

#include "colors.inc"

#include "transforms.inc"
background { rgb <1, 1, 1>}

#default {
   normal{
       ripples 0.25
       frequency 0.20
       turbulence 0.2
       lambda 5
   }
	finish {
		phong 0.1
		phong_size 40.
	}
}

// original window dimensions: 1024x640


// camera settings

camera {
	sky <0, 0.179814, -0.983701>
	up <0, 0.179814, -0.983701>
	right 1.6 * <1, 0, 0>
	location <35, 94.9851, 44.8844>
	look_at <35, 29.7336, 32.9568>
	direction <0, -65.2515, -11.9276>
	angle 67.0682
}


# declare cpy_camera_pos = <35, 94.9851, 44.8844>;
# if (DRAW_FOG = 1)
fog {
	fog_type 2
	up vnormalize(cpy_camera_pos)
	color rgbt<1,1,1,0.3>
	distance 1e-5
	fog_alt 3e-3
	fog_offset 56
}
# end


// LIGHTS

# declare lum = 6;
global_settings {
	ambient_light rgb lum * <0.05, 0.05, 0.05>
	max_trace_level 15
}# declare cpy_direct_light_amount = 0.25;
light_source
{	1000 * <-1, -1.16352, -0.803886>,
	rgb lum * cpy_direct_light_amount
	parallel
}

light_source
{	1000 * <1, 1.16352, 0.803886>,
	rgb lum * cpy_direct_light_amount
	parallel
}

// strand 0

// nucleotide -1

// particle -1
sphere {
	<24.101885, 34.988441, 35.328609> 0.250000
	pigment { color rgbt <1,0,0,0> }
	no_shadow
}
cylinder {
	<24.177246, 34.937279, 34.939117>,  <24.222464, 34.906582, 34.705421>, 0.100000
	pigment { color rgbt <1,0,0,0> }
	no_shadow
}
cylinder {
	<24.177246, 34.937279, 34.939117>,  <24.101885, 34.988441, 35.328609>, 0.100000
	pigment { color rgbt <1,0,0,0> }
	no_shadow
}

// particle -1
sphere {
	<24.177246, 34.937279, 34.939117> 0.100000
	pigment { color rgbt <1,0,0,0> }
	no_shadow
}
sphere {
	0, 1
	scale<0.080000,0.200000,0.300000>
	matrix <0.779400, -0.583770, 0.227484,
		-0.597529, -0.801782, -0.010295,
		0.188403, -0.127904, -0.973727,
		24.233767, 34.898907, 34.646999>
	pigment { color rgbt <0,1,1,0> }
	no_shadow
}
cylinder {
	<24.267141, 34.222565, 35.159836>,  <24.101885, 34.988441, 35.328609>, 0.130000
	pigment { color rgbt <1,0,0,0> }
	no_shadow
}

// nucleotide -1

// particle -1
sphere {
	<24.267141, 34.222565, 35.159836> 0.250000
	pigment { color rgbt <1,0,0,0> }
	no_shadow
}
cylinder {
	<24.435310, 34.469894, 34.894226>,  <24.536211, 34.618290, 34.734859>, 0.100000
	pigment { color rgbt <1,0,0,0> }
	no_shadow
}
cylinder {
	<24.435310, 34.469894, 34.894226>,  <24.267141, 34.222565, 35.159836>, 0.100000
	pigment { color rgbt <1,0,0,0> }
	no_shadow
}

// particle -1
sphere {
	<24.435310, 34.469894, 34.894226> 0.100000
	pigment { color rgbt <1,0,0,0> }
	no_shadow
}
sphere {
	0, 1
	scale<0.080000,0.200000,0.300000>
	matrix <0.899363, -0.380754, 0.214878,
		-0.119965, -0.687534, -0.716174,
		0.420422, 0.618323, -0.664020,
		24.561438, 34.655392, 34.695019>
	pigment { color rgbt <0,1,1,0> }
	no_shadow
}
cylinder {
	<24.762049, 33.747650, 34.716450>,  <24.267141, 34.222565, 35.159836>, 0.130000
	pigment { color rgbt <1,0,0,0> }
	no_shadow
}

// nucleotide -1

// particle -1
sphere {
	<24.762049, 33.747650, 34.716450> 0.250000
	pigment { color rgbt <1,0,0,0> }
	no_shadow
}
cylinder {
	<24.865841, 34.133694, 34.730518>,  <24.928116, 34.365318, 34.738960>, 0.100000
	pigment { color rgbt <1,0,0,0> }
	no_shadow
}
cylinder {
	<24.865841, 34.133694, 34.730518>,  <24.762049, 33.747650, 34.716450>, 0.100000
	pigment { color rgbt <1,0,0,0> }
	no_shadow
}

// particle -1
sphere {
	<24.865841, 34.133694, 34.730518> 0.100000
	pigment { color rgbt <1,0,0,0> }
	no_shadow
}
sphere {
	0, 1
	scale<0.080000,0.200000,0.300000>
	matrix <0.937374, -0.260455, 0.231286,
		0.232377, -0.027045, -0.972250,
		0.259482, 0.965107, 0.035173,
		24.943686, 34.423225, 34.741070>
	pigment { color rgbt <0,1,1,0> }
	no_shadow
}
cylinder {
	<25.430368, 33.682751, 34.734344>,  <24.762049, 33.747650, 34.716450>, 0.130000
	pigment { color rgbt <1,0,0,0> }
	no_shadow
}

// nucleotide -1

// particle -1
sphere {
	<25.430368, 33.682751, 34.734344> 0.250000
	pigment { color rgbt <1,0,0,0> }
	no_shadow
}
cylinder {
	<25.411394, 34.082272, 34.739109>,  <25.400009, 34.321983, 34.741966>, 0.100000
	pigment { color rgbt <1,0,0,0> }
	no_shadow
}
cylinder {
	<25.411394, 34.082272, 34.739109>,  <25.430368, 33.682751, 34.734344>, 0.100000
	pigment { color rgbt <1,0,0,0> }
	no_shadow
}

// particle -1
sphere {
	<25.411394, 34.082272, 34.739109> 0.100000
	pigment { color rgbt <1,0,0,0> }
	no_shadow
}
sphere {
	0, 1
	scale<0.080000,0.200000,0.300000>
	matrix <0.990559, 0.045502, 0.129319,
		0.128622, 0.017935, -0.991531,
		-0.047436, 0.998803, 0.011913,
		25.397163, 34.381912, 34.742683>
	pigment { color rgbt <0,1,1,0> }
	no_shadow
}
cylinder {
	<25.826586, 34.064774, 34.116642>,  <25.430368, 33.682751, 34.734344>, 0.130000
	pigment { color rgbt <1,0,0,0> }
	no_shadow
}

// nucleotide -1

// particle -1
sphere {
	<25.826586, 34.064774, 34.116642> 0.250000
	pigment { color rgbt <1,0,0,0> }
	no_shadow
}
cylinder {
	<25.810949, 34.254410, 34.468487>,  <25.801567, 34.368191, 34.679592>, 0.100000
	pigment { color rgbt <1,0,0,0> }
	no_shadow
}
cylinder {
	<25.810949, 34.254410, 34.468487>,  <25.826586, 34.064774, 34.116642>, 0.100000
	pigment { color rgbt <1,0,0,0> }
	no_shadow
}

// particle -1
sphere {
	<25.810949, 34.254410, 34.468487> 0.100000
	pigment { color rgbt <1,0,0,0> }
	no_shadow
}
sphere {
	0, 1
	scale<0.080000,0.200000,0.300000>
	matrix <0.998101, 0.060464, 0.011768,
		-0.047606, 0.878399, -0.475550,
		-0.039091, 0.474087, 0.879610,
		25.799221, 34.396637, 34.732368>
	pigment { color rgbt <0,1,1,0> }
	no_shadow
}
cylinder {
	<26.198381, 34.812901, 34.165730>,  <25.826586, 34.064774, 34.116642>, 0.130000
	pigment { color rgbt <1,0,0,0> }
	no_shadow
}

// nucleotide -1

// particle -1
sphere {
	<26.198381, 34.812901, 34.165730> 0.250000
	pigment { color rgbt <1,0,0,0> }
	no_shadow
}
cylinder {
	<26.232632, 34.569317, 34.481155>,  <26.253181, 34.423168, 34.670410>, 0.100000
	pigment { color rgbt <1,0,0,0> }
	no_shadow
}
cylinder {
	<26.232632, 34.569317, 34.481155>,  <26.198381, 34.812901, 34.165730>, 0.100000
	pigment { color rgbt <1,0,0,0> }
	no_shadow
}

// particle -1
sphere {
	<26.232632, 34.569317, 34.481155> 0.100000
	pigment { color rgbt <1,0,0,0> }
	no_shadow
}
sphere {
	0, 1
	scale<0.080000,0.200000,0.300000>
	matrix <0.983951, -0.072678, -0.162965,
		0.156551, 0.789864, 0.592964,
		0.085625, -0.608960, 0.788566,
		26.258320, 34.386627, 34.717724>
	pigment { color rgbt <0,1,1,0> }
	no_shadow
}
cylinder {
	<26.762461, 34.968044, 34.661526>,  <26.198381, 34.812901, 34.165730>, 0.130000
	pigment { color rgbt <1,0,0,0> }
	no_shadow
}

// nucleotide -1

// particle -1
sphere {
	<26.762461, 34.968044, 34.661526> 0.250000
	pigment { color rgbt <1,0,0,0> }
	no_shadow
}
cylinder {
	<26.685202, 34.576496, 34.634682>,  <26.638845, 34.341568, 34.618576>, 0.100000
	pigment { color rgbt <1,0,0,0> }
	no_shadow
}
cylinder {
	<26.685202, 34.576496, 34.634682>,  <26.762461, 34.968044, 34.661526>, 0.100000
	pigment { color rgbt <1,0,0,0> }
	no_shadow
}

// particle -1
sphere {
	<26.685202, 34.576496, 34.634682> 0.100000
	pigment { color rgbt <1,0,0,0> }
	no_shadow
}
sphere {
	0, 1
	scale<0.080000,0.200000,0.300000>
	matrix <0.895072, -0.147766, -0.420727,
		0.401920, -0.141333, 0.904702,
		-0.193147, -0.978872, -0.067113,
		26.627258, 34.282833, 34.614548>
	pigment { color rgbt <0,1,1,0> }
	no_shadow
}
cylinder {
	<27.442966, 34.523392, 34.793530>,  <26.762461, 34.968044, 34.661526>, 0.130000
	pigment { color rgbt <1,0,0,0> }
	no_shadow
}

// nucleotide -1

// particle -1
sphere {
	<27.442966, 34.523392, 34.793530> 0.250000
	pigment { color rgbt <1,0,0,0> }
	no_shadow
}
cylinder {
	<27.797939, 34.705822, 34.766808>,  <28.010923, 34.815281, 34.750774>, 0.100000
	pigment { color rgbt <1,0,0,0> }
	no_shadow
}
cylinder {
	<27.797939, 34.705822, 34.766808>,  <27.442966, 34.523392, 34.793530>, 0.100000
	pigment { color rgbt <1,0,0,0> }
	no_shadow
}

// particle -1
sphere {
	<27.797939, 34.705822, 34.766808> 0.100000
	pigment { color rgbt <1,0,0,0> }
	no_shadow
}
sphere {
	0, 1
	scale<0.080000,0.200000,0.300000>
	matrix <-0.433767, 0.777282, -0.455718,
		-0.155915, 0.433396, 0.887614,
		0.887433, 0.456071, -0.066803,
		28.064169, 34.842644, 34.746765>
	pigment { color rgbt <0,1,1,0> }
	no_shadow
}
cylinder {
	<27.465498, 35.330143, 35.035316>,  <27.442966, 34.523392, 34.793530>, 0.130000
	pigment { color rgbt <1,0,0,0> }
	no_shadow
}

// nucleotide -1

// particle -1
sphere {
	<27.465498, 35.330143, 35.035316> 0.250000
	pigment { color rgbt <1,0,0,0> }
	no_shadow
}
cylinder {
	<27.777969, 35.289841, 34.788864>,  <27.965452, 35.265659, 34.640995>, 0.100000
	pigment { color rgbt <1,0,0,0> }
	no_shadow
}
cylinder {
	<27.777969, 35.289841, 34.788864>,  <27.465498, 35.330143, 35.035316>, 0.100000
	pigment { color rgbt <1,0,0,0> }
	no_shadow
}

// particle -1
sphere {
	<27.777969, 35.289841, 34.788864> 0.100000
	pigment { color rgbt <1,0,0,0> }
	no_shadow
}
sphere {
	0, 1
	scale<0.080000,0.200000,0.300000>
	matrix <-0.419216, 0.646646, -0.637264,
		0.462624, 0.756106, 0.462906,
		0.781176, -0.100756, -0.616126,
		28.012321, 35.259613, 34.604027>
	pigment { color rgbt <0,1,1,0> }
	no_shadow
}
cylinder {
	<27.627544, 35.993183, 34.841072>,  <27.465498, 35.330143, 35.035316>, 0.130000
	pigment { color rgbt <1,0,0,0> }
	no_shadow
}

// nucleotide -1

// particle -1
sphere {
	<27.627544, 35.993183, 34.841072> 0.250000
	pigment { color rgbt <1,0,0,0> }
	no_shadow
}
cylinder {
	<27.748438, 35.740429, 34.555592>,  <27.820974, 35.588776, 34.384304>, 0.100000
	pigment { color rgbt <1,0,0,0> }
	no_shadow
}
cylinder {
	<27.748438, 35.740429, 34.555592>,  <27.627544, 35.993183, 34.841072>, 0.100000
	pigment { color rgbt <1,0,0,0> }
	no_shadow
}

// particle -1
sphere {
	<27.748438, 35.740429, 34.555592> 0.100000
	pigment { color rgbt <1,0,0,0> }
	no_shadow
}
sphere {
	0, 1
	scale<0.080000,0.200000,0.300000>
	matrix <-0.227054, 0.679446, -0.697710,
		0.925798, 0.372920, 0.061878,
		0.302233, -0.631888, -0.713703,
		27.839108, 35.550861, 34.341480>
	pigment { color rgbt <0,1,1,0> }
	no_shadow
}
cylinder {
	<28.087042, 36.379765, 34.402313>,  <27.627544, 35.993183, 34.841072>, 0.130000
	pigment { color rgbt <1,0,0,0> }
	no_shadow
}

// nucleotide -1

// particle -1
sphere {
	<28.087042, 36.379765, 34.402313> 0.250000
	pigment { color rgbt <1,0,0,0> }
	no_shadow
}
cylinder {
	<27.999115, 36.074715, 34.158974>,  <27.946360, 35.891685, 34.012970>, 0.100000
	pigment { color rgbt <1,0,0,0> }
	no_shadow
}
cylinder {
	<27.999115, 36.074715, 34.158974>,  <28.087042, 36.379765, 34.402313>, 0.100000
	pigment { color rgbt <1,0,0,0> }
	no_shadow
}

// particle -1
sphere {
	<27.999115, 36.074715, 34.158974> 0.100000
	pigment { color rgbt <1,0,0,0> }
	no_shadow
}
sphere {
	0, 1
	scale<0.080000,0.200000,0.300000>
	matrix <-0.141121, 0.641901, -0.753689,
		0.965280, -0.079823, -0.248723,
		-0.219817, -0.762621, -0.608350,
		27.933170, 35.845928, 33.976467>
	pigment { color rgbt <0,1,1,0> }
	no_shadow
}
cylinder {
	<28.292614, 36.603310, 33.793034>,  <28.087042, 36.379765, 34.402313>, 0.130000
	pigment { color rgbt <1,0,0,0> }
	no_shadow
}

// nucleotide -1

// particle -1
sphere {
	<28.292614, 36.603310, 33.793034> 0.250000
	pigment { color rgbt <1,0,0,0> }
	no_shadow
}
cylinder {
	<28.066072, 36.296978, 33.671211>,  <27.930147, 36.113178, 33.598118>, 0.100000
	pigment { color rgbt <1,0,0,0> }
	no_shadow
}
cylinder {
	<28.066072, 36.296978, 33.671211>,  <28.292614, 36.603310, 33.793034>, 0.100000
	pigment { color rgbt <1,0,0,0> }
	no_shadow
}

// particle -1
sphere {
	<28.066072, 36.296978, 33.671211> 0.100000
	pigment { color rgbt <1,0,0,0> }
	no_shadow
}
sphere {
	0, 1
	scale<0.080000,0.200000,0.300000>
	matrix <-0.170799, 0.470572, -0.865673,
		0.806269, -0.438262, -0.397313,
		-0.566355, -0.765826, -0.304552,
		27.896166, 36.067230, 33.579845>
	pigment { color rgbt <0,1,1,0> }
	no_shadow
}
cylinder {
	<28.589048, 36.389729, 33.182766>,  <28.292614, 36.603310, 33.793034>, 0.130000
	pigment { color rgbt <1,0,0,0> }
	no_shadow
}

// nucleotide -1

// particle -1
sphere {
	<28.589048, 36.389729, 33.182766> 0.250000
	pigment { color rgbt <1,0,0,0> }
	no_shadow
}
cylinder {
	<28.203657, 36.284969, 33.160446>,  <27.972422, 36.222115, 33.147057>, 0.100000
	pigment { color rgbt <1,0,0,0> }
	no_shadow
}
cylinder {
	<28.203657, 36.284969, 33.160446>,  <28.589048, 36.389729, 33.182766>, 0.100000
	pigment { color rgbt <1,0,0,0> }
	no_shadow
}

// particle -1
sphere {
	<28.203657, 36.284969, 33.160446> 0.100000
	pigment { color rgbt <1,0,0,0> }
	no_shadow
}
sphere {
	0, 1
	scale<0.080000,0.200000,0.300000>
	matrix <-0.079454, 0.478582, -0.874440,
		0.255720, -0.838073, -0.481914,
		-0.963481, -0.261902, -0.055795,
		27.914614, 36.206398, 33.143707>
	pigment { color rgbt <0,1,1,0> }
	no_shadow
}
cylinder {
	<28.424990, 36.215244, 32.439384>,  <28.589048, 36.389729, 33.182766>, 0.130000
	pigment { color rgbt <1,0,0,0> }
	no_shadow
}

// nucleotide -1

// particle -1
sphere {
	<28.424990, 36.215244, 32.439384> 0.250000
	pigment { color rgbt <1,0,0,0> }
	no_shadow
}
cylinder {
	<28.064861, 36.287140, 32.597939>,  <27.848783, 36.330276, 32.693069>, 0.100000
	pigment { color rgbt <1,0,0,0> }
	no_shadow
}
cylinder {
	<28.064861, 36.287140, 32.597939>,  <28.424990, 36.215244, 32.439384>, 0.100000
	pigment { color rgbt <1,0,0,0> }
	no_shadow
}

// particle -1
sphere {
	<28.064861, 36.287140, 32.597939> 0.100000
	pigment { color rgbt <1,0,0,0> }
	no_shadow
}
sphere {
	0, 1
	scale<0.080000,0.200000,0.300000>
	matrix <-0.254132, 0.522263, -0.814039,
		-0.353326, -0.833629, -0.424527,
		-0.900321, 0.179735, 0.396381,
		27.794765, 36.341061, 32.716854>
	pigment { color rgbt <0,1,1,0> }
	no_shadow
}
cylinder {
	<28.135889, 36.181583, 31.835484>,  <28.424990, 36.215244, 32.439384>, 0.130000
	pigment { color rgbt <1,0,0,0> }
	no_shadow
}

// nucleotide -1

// particle -1
sphere {
	<28.135889, 36.181583, 31.835484> 0.250000
	pigment { color rgbt <1,0,0,0> }
	no_shadow
}
cylinder {
	<27.867384, 36.345600, 32.082470>,  <27.706280, 36.444012, 32.230663>, 0.100000
	pigment { color rgbt <1,0,0,0> }
	no_shadow
}
cylinder {
	<27.867384, 36.345600, 32.082470>,  <28.135889, 36.181583, 31.835484>, 0.100000
	pigment { color rgbt <1,0,0,0> }
	no_shadow
}

// particle -1
sphere {
	<27.867384, 36.345600, 32.082470> 0.100000
	pigment { color rgbt <1,0,0,0> }
	no_shadow
}
sphere {
	0, 1
	scale<0.080000,0.200000,0.300000>
	matrix <-0.417649, 0.478973, -0.772110,
		-0.612350, -0.776175, -0.150263,
		-0.671265, 0.410044, 0.617468,
		27.666004, 36.468613, 32.267712>
	pigment { color rgbt <0,1,1,0> }
	no_shadow
}
cylinder {
	<27.503439, 36.417358, 31.387505>,  <28.135889, 36.181583, 31.835484>, 0.130000
	pigment { color rgbt <1,0,0,0> }
	no_shadow
}

// nucleotide -1

// particle -1
sphere {
	<27.503439, 36.417358, 31.387505> 0.250000
	pigment { color rgbt <1,0,0,0> }
	no_shadow
}
cylinder {
	<27.426764, 36.620411, 31.723497>,  <27.380758, 36.742241, 31.925093>, 0.100000
	pigment { color rgbt <1,0,0,0> }
	no_shadow
}
cylinder {
	<27.426764, 36.620411, 31.723497>,  <27.503439, 36.417358, 31.387505>, 0.100000
	pigment { color rgbt <1,0,0,0> }
	no_shadow
}

// particle -1
sphere {
	<27.426764, 36.620411, 31.723497> 0.100000
	pigment { color rgbt <1,0,0,0> }
	no_shadow
}
sphere {
	0, 1
	scale<0.080000,0.200000,0.300000>
	matrix <-0.495146, 0.688934, -0.529339,
		-0.847400, -0.517381, 0.119291,
		-0.191687, 0.507628, 0.839982,
		27.369257, 36.772701, 31.975492>
	pigment { color rgbt <0,1,1,0> }
	no_shadow
}
cylinder {
	<26.755066, 36.557671, 31.534904>,  <27.503439, 36.417358, 31.387505>, 0.130000
	pigment { color rgbt <1,0,0,0> }
	no_shadow
}

// nucleotide -1

// particle -1
sphere {
	<26.755066, 36.557671, 31.534904> 0.250000
	pigment { color rgbt <1,0,0,0> }
	no_shadow
}
cylinder {
	<26.961098, 36.853134, 31.708834>,  <27.084717, 37.030415, 31.813192>, 0.100000
	pigment { color rgbt <1,0,0,0> }
	no_shadow
}
cylinder {
	<26.961098, 36.853134, 31.708834>,  <26.755066, 36.557671, 31.534904>, 0.100000
	pigment { color rgbt <1,0,0,0> }
	no_shadow
}

// particle -1
sphere {
	<26.961098, 36.853134, 31.708834> 0.100000
	pigment { color rgbt <1,0,0,0> }
	no_shadow
}
sphere {
	0, 1
	scale<0.080000,0.200000,0.300000>
	matrix <-0.637787, 0.669202, -0.381308,
		-0.572643, -0.080922, 0.815801,
		0.515080, 0.738661, 0.434825,
		27.115622, 37.074734, 31.839281>
	pigment { color rgbt <0,1,1,0> }
	no_shadow
}
cylinder {
	<26.235043, 37.025608, 31.818829>,  <26.755066, 36.557671, 31.534904>, 0.130000
	pigment { color rgbt <1,0,0,0> }
	no_shadow
}

// nucleotide -1

// particle -1
sphere {
	<26.235043, 37.025608, 31.818829> 0.250000
	pigment { color rgbt <1,0,0,0> }
	no_shadow
}
cylinder {
	<26.563976, 37.251595, 31.791765>,  <26.761337, 37.387188, 31.775526>, 0.100000
	pigment { color rgbt <1,0,0,0> }
	no_shadow
}
cylinder {
	<26.563976, 37.251595, 31.791765>,  <26.235043, 37.025608, 31.818829>, 0.100000
	pigment { color rgbt <1,0,0,0> }
	no_shadow
}

// particle -1
sphere {
	<26.563976, 37.251595, 31.791765> 0.100000
	pigment { color rgbt <1,0,0,0> }
	no_shadow
}
sphere {
	0, 1
	scale<0.080000,0.200000,0.300000>
	matrix <-0.534285, 0.725780, -0.433340,
		-0.195717, 0.392500, 0.898687,
		0.822335, 0.564967, -0.067660,
		26.810677, 37.421085, 31.771467>
	pigment { color rgbt <0,1,1,0> }
	no_shadow
}
cylinder {
	<25.996025, 37.749538, 31.951988>,  <26.235043, 37.025608, 31.818829>, 0.130000
	pigment { color rgbt <1,0,0,0> }
	no_shadow
}

// nucleotide -1

// particle -1
sphere {
	<25.996025, 37.749538, 31.951988> 0.250000
	pigment { color rgbt <1,0,0,0> }
	no_shadow
}
cylinder {
	<26.347834, 37.787415, 31.765450>,  <26.558918, 37.810139, 31.653526>, 0.100000
	pigment { color rgbt <1,0,0,0> }
	no_shadow
}
cylinder {
	<26.347834, 37.787415, 31.765450>,  <25.996025, 37.749538, 31.951988>, 0.100000
	pigment { color rgbt <1,0,0,0> }
	no_shadow
}

// particle -1
sphere {
	<26.347834, 37.787415, 31.765450> 0.100000
	pigment { color rgbt <1,0,0,0> }
	no_shadow
}
sphere {
	0, 1
	scale<0.080000,0.200000,0.300000>
	matrix <-0.320633, 0.842060, -0.433739,
		0.351621, 0.531009, 0.770968,
		0.879521, 0.094686, -0.466345,
		26.611691, 37.815819, 31.625546>
	pigment { color rgbt <0,1,1,0> }
	no_shadow
}
cylinder {
	<26.313423, 38.336964, 32.276741>,  <25.996025, 37.749538, 31.951988>, 0.130000
	pigment { color rgbt <1,0,0,0> }
	no_shadow
}

// nucleotide -1

// particle -1
sphere {
	<26.313423, 38.336964, 32.276741> 0.250000
	pigment { color rgbt <1,0,0,0> }
	no_shadow
}
cylinder {
	<26.455914, 38.264610, 31.910053>,  <26.541409, 38.221199, 31.690039>, 0.100000
	pigment { color rgbt <1,0,0,0> }
	no_shadow
}
cylinder {
	<26.455914, 38.264610, 31.910053>,  <26.313423, 38.336964, 32.276741>, 0.100000
	pigment { color rgbt <1,0,0,0> }
	no_shadow
}

// particle -1
sphere {
	<26.455914, 38.264610, 31.910053> 0.100000
	pigment { color rgbt <1,0,0,0> }
	no_shadow
}
sphere {
	0, 1
	scale<0.080000,0.200000,0.300000>
	matrix <-0.321274, 0.897558, -0.301947,
		0.877431, 0.402081, 0.261620,
		0.356227, -0.180886, -0.916724,
		26.562782, 38.210346, 31.635036>
	pigment { color rgbt <0,1,1,0> }
	no_shadow
}
cylinder {
	<26.691385, 38.916538, 32.047707>,  <26.313423, 38.336964, 32.276741>, 0.130000
	pigment { color rgbt <1,0,0,0> }
	no_shadow
}

// nucleotide -1

// particle -1
sphere {
	<26.691385, 38.916538, 32.047707> 0.250000
	pigment { color rgbt <1,0,0,0> }
	no_shadow
}
cylinder {
	<26.599623, 38.748596, 31.696457>,  <26.544565, 38.647831, 31.485708>, 0.100000
	pigment { color rgbt <1,0,0,0> }
	no_shadow
}
cylinder {
	<26.599623, 38.748596, 31.696457>,  <26.691385, 38.916538, 32.047707>, 0.100000
	pigment { color rgbt <1,0,0,0> }
	no_shadow
}

// particle -1
sphere {
	<26.599623, 38.748596, 31.696457> 0.100000
	pigment { color rgbt <1,0,0,0> }
	no_shadow
}
sphere {
	0, 1
	scale<0.080000,0.200000,0.300000>
	matrix <-0.355768, 0.875924, -0.325862,
		0.905981, 0.237653, -0.350313,
		-0.229405, -0.419855, -0.878120,
		26.530800, 38.622639, 31.433022>
	pigment { color rgbt <0,1,1,0> }
	no_shadow
}
cylinder {
	<26.787109, 39.483292, 31.499954>,  <26.691385, 38.916538, 32.047707>, 0.130000
	pigment { color rgbt <1,0,0,0> }
	no_shadow
}

// nucleotide -1

// particle -1
sphere {
	<26.787109, 39.483292, 31.499954> 0.250000
	pigment { color rgbt <1,0,0,0> }
	no_shadow
}
cylinder {
	<26.592411, 39.226013, 31.263521>,  <26.475592, 39.071648, 31.121660>, 0.100000
	pigment { color rgbt <1,0,0,0> }
	no_shadow
}
cylinder {
	<26.592411, 39.226013, 31.263521>,  <26.787109, 39.483292, 31.499954>, 0.100000
	pigment { color rgbt <1,0,0,0> }
	no_shadow
}

// particle -1
sphere {
	<26.592411, 39.226013, 31.263521> 0.100000
	pigment { color rgbt <1,0,0,0> }
	no_shadow
}
sphere {
	0, 1
	scale<0.080000,0.200000,0.300000>
	matrix <-0.425578, 0.765521, -0.482557,
		0.762869, 0.016674, -0.646338,
		-0.486739, -0.643195, -0.591088,
		26.446388, 39.033054, 31.086195>
	pigment { color rgbt <0,1,1,0> }
	no_shadow
}
cylinder {
	<26.807882, 39.864014, 30.877398>,  <26.787109, 39.483292, 31.499954>, 0.130000
	pigment { color rgbt <1,0,0,0> }
	no_shadow
}

// nucleotide -1

// particle -1
sphere {
	<26.807882, 39.864014, 30.877398> 0.250000
	pigment { color rgbt <1,0,0,0> }
	no_shadow
}
cylinder {
	<26.517776, 39.589073, 30.861731>,  <26.343712, 39.424107, 30.852329>, 0.100000
	pigment { color rgbt <1,0,0,0> }
	no_shadow
}
cylinder {
	<26.517776, 39.589073, 30.861731>,  <26.807882, 39.864014, 30.877398>, 0.100000
	pigment { color rgbt <1,0,0,0> }
	no_shadow
}

// particle -1
sphere {
	<26.517776, 39.589073, 30.861731> 0.100000
	pigment { color rgbt <1,0,0,0> }
	no_shadow
}
sphere {
	0, 1
	scale<0.080000,0.200000,0.300000>
	matrix <-0.624635, 0.680879, -0.382406,
		0.289517, -0.252880, -0.923164,
		-0.725266, -0.687353, -0.039168,
		26.300198, 39.382866, 30.849979>
	pigment { color rgbt <0,1,1,0> }
	no_shadow
}
cylinder {
	<26.627319, 39.701099, 30.176912>,  <26.807882, 39.864014, 30.877398>, 0.130000
	pigment { color rgbt <1,0,0,0> }
	no_shadow
}

// nucleotide -1

// particle -1
sphere {
	<26.627319, 39.701099, 30.176912> 0.250000
	pigment { color rgbt <1,0,0,0> }
	no_shadow
}
cylinder {
	<26.309937, 39.602093, 30.399321>,  <26.119507, 39.542690, 30.532766>, 0.100000
	pigment { color rgbt <1,0,0,0> }
	no_shadow
}
cylinder {
	<26.309937, 39.602093, 30.399321>,  <26.627319, 39.701099, 30.176912>, 0.100000
	pigment { color rgbt <1,0,0,0> }
	no_shadow
}

// particle -1
sphere {
	<26.309937, 39.602093, 30.399321> 0.100000
	pigment { color rgbt <1,0,0,0> }
	no_shadow
}
sphere {
	0, 1
	scale<0.080000,0.200000,0.300000>
	matrix <-0.560453, 0.653358, -0.508936,
		-0.237311, -0.715443, -0.657133,
		-0.793458, -0.247517, 0.556022,
		26.071899, 39.527836, 30.566128>
	pigment { color rgbt <0,1,1,0> }
	no_shadow
}
cylinder {
	<26.056265, 39.479939, 29.720835>,  <26.627319, 39.701099, 30.176912>, 0.130000
	pigment { color rgbt <1,0,0,0> }
	no_shadow
}

// nucleotide -1

// particle -1
sphere {
	<26.056265, 39.479939, 29.720835> 0.250000
	pigment { color rgbt <1,0,0,0> }
	no_shadow
}
cylinder {
	<25.895081, 39.600422, 30.066528>,  <25.798370, 39.672710, 30.273945>, 0.100000
	pigment { color rgbt <1,0,0,0> }
	no_shadow
}
cylinder {
	<25.895081, 39.600422, 30.066528>,  <26.056265, 39.479939, 29.720835>, 0.100000
	pigment { color rgbt <1,0,0,0> }
	no_shadow
}

// particle -1
sphere {
	<25.895081, 39.600422, 30.066528> 0.100000
	pigment { color rgbt <1,0,0,0> }
	no_shadow
}
sphere {
	0, 1
	scale<0.080000,0.200000,0.300000>
	matrix <-0.566820, 0.659260, -0.494055,
		-0.718567, -0.688949, -0.094926,
		-0.402960, 0.301206, 0.864233,
		25.774193, 39.690784, 30.325798>
	pigment { color rgbt <0,1,1,0> }
	no_shadow
}
cylinder {
	<25.370413, 39.871449, 29.468285>,  <26.056265, 39.479939, 29.720835>, 0.130000
	pigment { color rgbt <1,0,0,0> }
	no_shadow
}

// nucleotide -1

// particle -1
sphere {
	<25.370413, 39.871449, 29.468285> 0.250000
	pigment { color rgbt <1,0,0,0> }
	no_shadow
}
cylinder {
	<25.431643, 40.009537, 29.838667>,  <25.468380, 40.092388, 30.060896>, 0.100000
	pigment { color rgbt <1,0,0,0> }
	no_shadow
}
cylinder {
	<25.431643, 40.009537, 29.838667>,  <25.370413, 39.871449, 29.468285>, 0.100000
	pigment { color rgbt <1,0,0,0> }
	no_shadow
}

// particle -1
sphere {
	<25.431643, 40.009537, 29.838667> 0.100000
	pigment { color rgbt <1,0,0,0> }
	no_shadow
}
sphere {
	0, 1
	scale<0.080000,0.200000,0.300000>
	matrix <-0.383496, 0.884317, -0.266296,
		-0.910768, -0.314337, 0.267757,
		0.153075, 0.345218, 0.925955,
		25.477566, 40.113102, 30.116453>
	pigment { color rgbt <0,1,1,0> }
	no_shadow
}
cylinder {
	<24.826963, 40.398148, 29.515167>,  <25.370413, 39.871449, 29.468285>, 0.130000
	pigment { color rgbt <1,0,0,0> }
	no_shadow
}

// nucleotide -1

// particle -1
sphere {
	<24.826963, 40.398148, 29.515167> 0.250000
	pigment { color rgbt <1,0,0,0> }
	no_shadow
}
cylinder {
	<25.031649, 40.441536, 29.856081>,  <25.154459, 40.467571, 30.060629>, 0.100000
	pigment { color rgbt <1,0,0,0> }
	no_shadow
}
cylinder {
	<25.031649, 40.441536, 29.856081>,  <24.826963, 40.398148, 29.515167>, 0.100000
	pigment { color rgbt <1,0,0,0> }
	no_shadow
}

// particle -1
sphere {
	<25.031649, 40.441536, 29.856081> 0.100000
	pigment { color rgbt <1,0,0,0> }
	no_shadow
}
sphere {
	0, 1
	scale<0.080000,0.200000,0.300000>
	matrix <-0.143686, 0.988831, -0.039585,
		-0.847057, -0.102205, 0.521583,
		0.511711, 0.108475, 0.852282,
		25.185162, 40.474079, 30.111765>
	pigment { color rgbt <0,1,1,0> }
	no_shadow
}
cylinder {
	<24.462263, 40.990658, 29.765574>,  <24.826963, 40.398148, 29.515167>, 0.130000
	pigment { color rgbt <1,0,0,0> }
	no_shadow
}

// nucleotide -1

// particle -1
sphere {
	<24.462263, 40.990658, 29.765574> 0.250000
	pigment { color rgbt <1,0,0,0> }
	no_shadow
}
cylinder {
	<24.817652, 40.952209, 29.945074>,  <25.030886, 40.929138, 30.052774>, 0.100000
	pigment { color rgbt <1,0,0,0> }
	no_shadow
}
cylinder {
	<24.817652, 40.952209, 29.945074>,  <24.462263, 40.990658, 29.765574>, 0.100000
	pigment { color rgbt <1,0,0,0> }
	no_shadow
}

// particle -1
sphere {
	<24.817652, 40.952209, 29.945074> 0.100000
	pigment { color rgbt <1,0,0,0> }
	no_shadow
}
sphere {
	0, 1
	scale<0.080000,0.200000,0.300000>
	matrix <0.025637, 0.986687, 0.160595,
		-0.458216, -0.131179, 0.879107,
		0.888471, -0.096125, 0.448753,
		25.084192, 40.923370, 30.079700>
	pigment { color rgbt <0,1,1,0> }
	no_shadow
}
cylinder {
	<24.465971, 41.513645, 30.381519>,  <24.462263, 40.990658, 29.765574>, 0.130000
	pigment { color rgbt <1,0,0,0> }
	no_shadow
}

// nucleotide -1

// particle -1
sphere {
	<24.465971, 41.513645, 30.381519> 0.250000
	pigment { color rgbt <1,0,0,0> }
	no_shadow
}
cylinder {
	<24.839418, 41.418308, 30.274527>,  <25.063486, 41.361107, 30.210331>, 0.100000
	pigment { color rgbt <1,0,0,0> }
	no_shadow
}
cylinder {
	<24.839418, 41.418308, 30.274527>,  <24.465971, 41.513645, 30.381519>, 0.100000
	pigment { color rgbt <1,0,0,0> }
	no_shadow
}

// particle -1
sphere {
	<24.839418, 41.418308, 30.274527> 0.100000
	pigment { color rgbt <1,0,0,0> }
	no_shadow
}
sphere {
	0, 1
	scale<0.080000,0.200000,0.300000>
	matrix <0.285493, 0.946003, 0.153531,
		0.216447, -0.219704, 0.951252,
		0.933619, -0.238345, -0.267483,
		25.119505, 41.346806, 30.194283>
	pigment { color rgbt <0,1,1,0> }
	no_shadow
}
cylinder {
	<24.785681, 41.633373, 31.008890>,  <24.465971, 41.513645, 30.381519>, 0.130000
	pigment { color rgbt <1,0,0,0> }
	no_shadow
}

// nucleotide -1

// particle -1
sphere {
	<24.785681, 41.633373, 31.008890> 0.250000
	pigment { color rgbt <1,0,0,0> }
	no_shadow
}
cylinder {
	<24.993999, 41.675671, 30.670048>,  <25.118990, 41.701050, 30.466742>, 0.100000
	pigment { color rgbt <1,0,0,0> }
	no_shadow
}
cylinder {
	<24.993999, 41.675671, 30.670048>,  <24.785681, 41.633373, 31.008890>, 0.100000
	pigment { color rgbt <1,0,0,0> }
	no_shadow
}

// particle -1
sphere {
	<24.993999, 41.675671, 30.670048> 0.100000
	pigment { color rgbt <1,0,0,0> }
	no_shadow
}
sphere {
	0, 1
	scale<0.080000,0.200000,0.300000>
	matrix <0.297257, 0.907737, 0.296061,
		0.800255, -0.405996, 0.441315,
		0.520797, 0.105741, -0.847106,
		25.150238, 41.707394, 30.415916>
	pigment { color rgbt <0,1,1,0> }
	no_shadow
}
cylinder {
	<25.587482, 41.708488, 31.123224>,  <24.785681, 41.633373, 31.008890>, 0.130000
	pigment { color rgbt <1,0,0,0> }
	no_shadow
}

// nucleotide -1

// particle -1
sphere {
	<25.587482, 41.708488, 31.123224> 0.250000
	pigment { color rgbt <1,0,0,0> }
	no_shadow
}
cylinder {
	<25.402361, 41.873329, 30.809284>,  <25.291288, 41.972233, 30.620920>, 0.100000
	pigment { color rgbt <1,0,0,0> }
	no_shadow
}
cylinder {
	<25.402361, 41.873329, 30.809284>,  <25.587482, 41.708488, 31.123224>, 0.100000
	pigment { color rgbt <1,0,0,0> }
	no_shadow
}

// particle -1
sphere {
	<25.402361, 41.873329, 30.809284> 0.100000
	pigment { color rgbt <1,0,0,0> }
	no_shadow
}
sphere {
	0, 1
	scale<0.080000,0.200000,0.300000>
	matrix <0.462825, 0.867448, 0.182554,
		0.756046, -0.278762, -0.592187,
		-0.462803, 0.412098, -0.784849,
		25.263519, 41.996960, 30.573830>
	pigment { color rgbt <0,1,1,0> }
	no_shadow
}
cylinder {
	<26.169584, 42.024727, 30.807600>,  <25.587482, 41.708488, 31.123224>, 0.130000
	pigment { color rgbt <1,0,0,0> }
	no_shadow
}

// nucleotide -1

// particle -1
sphere {
	<26.169584, 42.024727, 30.807600> 0.250000
	pigment { color rgbt <1,0,0,0> }
	no_shadow
}
cylinder {
	<25.799433, 42.174206, 30.782217>,  <25.577343, 42.263893, 30.766987>, 0.100000
	pigment { color rgbt <1,0,0,0> }
	no_shadow
}
cylinder {
	<25.799433, 42.174206, 30.782217>,  <26.169584, 42.024727, 30.807600>, 0.100000
	pigment { color rgbt <1,0,0,0> }
	no_shadow
}

// particle -1
sphere {
	<25.799433, 42.174206, 30.782217> 0.100000
	pigment { color rgbt <1,0,0,0> }
	no_shadow
}
sphere {
	0, 1
	scale<0.080000,0.200000,0.300000>
	matrix <0.286463, 0.799110, 0.528547,
		0.248225, 0.470928, -0.846529,
		-0.925377, 0.373698, -0.063455,
		25.521820, 42.286316, 30.763180>
	pigment { color rgbt <0,1,1,0> }
	no_shadow
}
cylinder {
	<26.090096, 42.032570, 30.023842>,  <26.169584, 42.024727, 30.807600>, 0.130000
	pigment { color rgbt <1,0,0,0> }
	no_shadow
}

// nucleotide -1

// particle -1
sphere {
	<26.090096, 42.032570, 30.023842> 0.250000
	pigment { color rgbt <1,0,0,0> }
	no_shadow
}
cylinder {
	<26.344786, 42.303551, 30.171158>,  <26.497599, 42.466141, 30.259546>, 0.100000
	pigment { color rgbt <1,0,0,0> }
	no_shadow
}
cylinder {
	<26.344786, 42.303551, 30.171158>,  <26.090096, 42.032570, 30.023842>, 0.100000
	pigment { color rgbt <1,0,0,0> }
	no_shadow
}

// particle -1
sphere {
	<26.344786, 42.303551, 30.171158> 0.100000
	pigment { color rgbt <1,0,0,0> }
	no_shadow
}
sphere {
	0, 1
	scale<0.080000,0.200000,0.300000>
	matrix <0.018845, 0.463804, -0.885737,
		-0.770862, 0.570910, 0.282549,
		0.636724, 0.677456, 0.368288,
		26.535803, 42.506786, 30.281645>
	pigment { color rgbt <0,1,1,0> }
	no_shadow
}
cylinder {
	<26.516317, 41.605427, 29.431168>,  <26.090096, 42.032570, 30.023842>, 0.130000
	pigment { color rgbt <1,0,0,0> }
	no_shadow
}

// nucleotide -1

// particle -1
sphere {
	<26.516317, 41.605427, 29.431168> 0.250000
	pigment { color rgbt <1,0,0,0> }
	no_shadow
}
cylinder {
	<26.704046, 41.291939, 29.268433>,  <26.816683, 41.103848, 29.170792>, 0.100000
	pigment { color rgbt <1,0,0,0> }
	no_shadow
}
cylinder {
	<26.704046, 41.291939, 29.268433>,  <26.516317, 41.605427, 29.431168>, 0.100000
	pigment { color rgbt <1,0,0,0> }
	no_shadow
}

// particle -1
sphere {
	<26.704046, 41.291939, 29.268433> 0.100000
	pigment { color rgbt <1,0,0,0> }
	no_shadow
}
sphere {
	0, 1
	scale<0.080000,0.200000,0.300000>
	matrix <0.875284, 0.473768, 0.097062,
		0.116678, -0.401652, 0.908329,
		0.469322, -0.783721, -0.406838,
		26.844843, 41.056824, 29.146381>
	pigment { color rgbt <0,1,1,0> }
	no_shadow
}
cylinder {
	<27.063526, 41.556767, 29.895546>,  <26.516317, 41.605427, 29.431168>, 0.130000
	pigment { color rgbt <1,0,0,0> }
	no_shadow
}

// nucleotide -1

// particle -1
sphere {
	<27.063526, 41.556767, 29.895546> 0.250000
	pigment { color rgbt <1,0,0,0> }
	no_shadow
}
cylinder {
	<26.889175, 41.683025, 30.232681>,  <26.784565, 41.758781, 30.434963>, 0.100000
	pigment { color rgbt <1,0,0,0> }
	no_shadow
}
cylinder {
	<26.889175, 41.683025, 30.232681>,  <27.063526, 41.556767, 29.895546>, 0.100000
	pigment { color rgbt <1,0,0,0> }
	no_shadow
}

// particle -1
sphere {
	<26.889175, 41.683025, 30.232681> 0.100000
	pigment { color rgbt <1,0,0,0> }
	no_shadow
}
sphere {
	0, 1
	scale<0.080000,0.200000,0.300000>
	matrix <-0.157716, 0.895200, -0.416824,
		-0.886079, -0.314613, -0.340415,
		-0.435877, 0.315650, 0.842838,
		26.758411, 41.777721, 30.485533>
	pigment { color rgbt <0,1,1,0> }
	no_shadow
}
cylinder {
	<27.289936, 42.179218, 30.225128>,  <27.063526, 41.556767, 29.895546>, 0.130000
	pigment { color rgbt <1,0,0,0> }
	no_shadow
}

// nucleotide -1

// particle -1
sphere {
	<27.289936, 42.179218, 30.225128> 0.250000
	pigment { color rgbt <1,0,0,0> }
	no_shadow
}
cylinder {
	<27.281940, 42.478508, 30.490387>,  <27.277143, 42.658081, 30.649542>, 0.100000
	pigment { color rgbt <1,0,0,0> }
	no_shadow
}
cylinder {
	<27.281940, 42.478508, 30.490387>,  <27.289936, 42.179218, 30.225128>, 0.100000
	pigment { color rgbt <1,0,0,0> }
	no_shadow
}

// particle -1
sphere {
	<27.281940, 42.478508, 30.490387> 0.100000
	pigment { color rgbt <1,0,0,0> }
	no_shadow
}
sphere {
	0, 1
	scale<0.080000,0.200000,0.300000>
	matrix <0.371011, -0.610372, 0.699855,
		0.928413, 0.260024, -0.265398,
		-0.019987, 0.748221, 0.663149,
		27.275944, 42.702972, 30.689331>
	pigment { color rgbt <0,1,1,0> }
	no_shadow
}
cylinder {
	<27.822493, 41.899265, 30.647358>,  <27.289936, 42.179218, 30.225128>, 0.130000
	pigment { color rgbt <1,0,0,0> }
	no_shadow
}

// nucleotide -1

// particle -1
sphere {
	<27.822493, 41.899265, 30.647358> 0.250000
	pigment { color rgbt <1,0,0,0> }
	no_shadow
}
cylinder {
	<27.666744, 42.204075, 30.854321>,  <27.573296, 42.386959, 30.978498>, 0.100000
	pigment { color rgbt <1,0,0,0> }
	no_shadow
}
cylinder {
	<27.666744, 42.204075, 30.854321>,  <27.822493, 41.899265, 30.647358>, 0.100000
	pigment { color rgbt <1,0,0,0> }
	no_shadow
}

// particle -1
sphere {
	<27.666744, 42.204075, 30.854321> 0.100000
	pigment { color rgbt <1,0,0,0> }
	no_shadow
}
sphere {
	0, 1
	scale<0.080000,0.200000,0.300000>
	matrix <0.601430, -0.215117, 0.769420,
		0.697620, 0.610773, -0.374545,
		-0.389370, 0.762025, 0.517406,
		27.549932, 42.432682, 31.009542>
	pigment { color rgbt <0,1,1,0> }
	no_shadow
}
cylinder {
	<28.375124, 42.395378, 30.950201>,  <27.822493, 41.899265, 30.647358>, 0.130000
	pigment { color rgbt <1,0,0,0> }
	no_shadow
}

// nucleotide -1

// particle -1
sphere {
	<28.375124, 42.395378, 30.950201> 0.250000
	pigment { color rgbt <1,0,0,0> }
	no_shadow
}
cylinder {
	<28.039261, 42.380016, 31.166904>,  <27.837744, 42.370800, 31.296926>, 0.100000
	pigment { color rgbt <1,0,0,0> }
	no_shadow
}
cylinder {
	<28.039261, 42.380016, 31.166904>,  <28.375124, 42.395378, 30.950201>, 0.100000
	pigment { color rgbt <1,0,0,0> }
	no_shadow
}

// particle -1
sphere {
	<28.039261, 42.380016, 31.166904> 0.100000
	pigment { color rgbt <1,0,0,0> }
	no_shadow
}
sphere {
	0, 1
	scale<0.080000,0.200000,0.300000>
	matrix <0.542559, -0.104478, 0.833495,
		0.024594, 0.993786, 0.108561,
		-0.839658, -0.038401, 0.541757,
		27.787363, 42.368496, 31.329432>
	pigment { color rgbt <0,1,1,0> }
	no_shadow
}
cylinder {
	<28.563185, 42.752487, 31.536472>,  <28.375124, 42.395378, 30.950201>, 0.130000
	pigment { color rgbt <1,0,0,0> }
	no_shadow
}

// nucleotide -1

// particle -1
sphere {
	<28.563185, 42.752487, 31.536472> 0.250000
	pigment { color rgbt <1,0,0,0> }
	no_shadow
}
cylinder {
	<28.239326, 42.567787, 31.681391>,  <28.045012, 42.456966, 31.768343>, 0.100000
	pigment { color rgbt <1,0,0,0> }
	no_shadow
}
cylinder {
	<28.239326, 42.567787, 31.681391>,  <28.563185, 42.752487, 31.536472>, 0.100000
	pigment { color rgbt <1,0,0,0> }
	no_shadow
}

// particle -1
sphere {
	<28.239326, 42.567787, 31.681391> 0.100000
	pigment { color rgbt <1,0,0,0> }
	no_shadow
}
sphere {
	0, 1
	scale<0.080000,0.200000,0.300000>
	matrix <0.489663, -0.191100, 0.850712,
		-0.323585, 0.866177, 0.380827,
		-0.809644, -0.461755, 0.362298,
		27.996433, 42.429260, 31.790079>
	pigment { color rgbt <0,1,1,0> }
	no_shadow
}
cylinder {
	<28.480013, 43.052608, 32.168652>,  <28.563185, 42.752487, 31.536472>, 0.130000
	pigment { color rgbt <1,0,0,0> }
	no_shadow
}

// nucleotide -1

// particle -1
sphere {
	<28.480013, 43.052608, 32.168652> 0.250000
	pigment { color rgbt <1,0,0,0> }
	no_shadow
}
cylinder {
	<28.254961, 42.722767, 32.192253>,  <28.119930, 42.524864, 32.206413>, 0.100000
	pigment { color rgbt <1,0,0,0> }
	no_shadow
}
cylinder {
	<28.254961, 42.722767, 32.192253>,  <28.480013, 43.052608, 32.168652>, 0.100000
	pigment { color rgbt <1,0,0,0> }
	no_shadow
}

// particle -1
sphere {
	<28.254961, 42.722767, 32.192253> 0.100000
	pigment { color rgbt <1,0,0,0> }
	no_shadow
}
sphere {
	0, 1
	scale<0.080000,0.200000,0.300000>
	matrix <0.427212, -0.228903, 0.874696,
		-0.707770, 0.517336, 0.481067,
		-0.562630, -0.824601, 0.059001,
		28.086172, 42.475388, 32.209953>
	pigment { color rgbt <0,1,1,0> }
	no_shadow
}
cylinder {
	<28.279819, 42.923031, 32.920540>,  <28.480013, 43.052608, 32.168652>, 0.130000
	pigment { color rgbt <1,0,0,0> }
	no_shadow
}

// nucleotide -1

// particle -1
sphere {
	<28.279819, 42.923031, 32.920540> 0.250000
	pigment { color rgbt <1,0,0,0> }
	no_shadow
}
cylinder {
	<28.210848, 42.568542, 32.748550>,  <28.169464, 42.355850, 32.645355>, 0.100000
	pigment { color rgbt <1,0,0,0> }
	no_shadow
}
cylinder {
	<28.210848, 42.568542, 32.748550>,  <28.279819, 42.923031, 32.920540>, 0.100000
	pigment { color rgbt <1,0,0,0> }
	no_shadow
}

// particle -1
sphere {
	<28.210848, 42.568542, 32.748550> 0.100000
	pigment { color rgbt <1,0,0,0> }
	no_shadow
}
sphere {
	0, 1
	scale<0.080000,0.200000,0.300000>
	matrix <0.394350, -0.462110, 0.794319,
		-0.902639, -0.032597, 0.429163,
		-0.172428, -0.886224, -0.429973,
		28.159119, 42.302677, 32.619560>
	pigment { color rgbt <0,1,1,0> }
	no_shadow
}
cylinder {
	<27.886799, 42.508301, 33.410778>,  <28.279819, 42.923031, 32.920540>, 0.130000
	pigment { color rgbt <1,0,0,0> }
	no_shadow
}

// nucleotide -1

// particle -1
sphere {
	<27.886799, 42.508301, 33.410778> 0.250000
	pigment { color rgbt <1,0,0,0> }
	no_shadow
}
cylinder {
	<28.090553, 42.258316, 33.174152>,  <28.212807, 42.108326, 33.032177>, 0.100000
	pigment { color rgbt <1,0,0,0> }
	no_shadow
}
cylinder {
	<28.090553, 42.258316, 33.174152>,  <27.886799, 42.508301, 33.410778>, 0.100000
	pigment { color rgbt <1,0,0,0> }
	no_shadow
}

// particle -1
sphere {
	<28.090553, 42.258316, 33.174152> 0.100000
	pigment { color rgbt <1,0,0,0> }
	no_shadow
}
sphere {
	0, 1
	scale<0.080000,0.200000,0.300000>
	matrix <0.362332, -0.467771, 0.806168,
		-0.780539, -0.624995, -0.011834,
		0.509386, -0.624958, -0.591569,
		28.243368, 42.070827, 32.996681>
	pigment { color rgbt <0,1,1,0> }
	no_shadow
}
cylinder {
	<27.757412, 41.972054, 33.798183>,  <27.886799, 42.508301, 33.410778>, 0.130000
	pigment { color rgbt <1,0,0,0> }
	no_shadow
}

// nucleotide -1

// particle -1
sphere {
	<27.757412, 41.972054, 33.798183> 0.250000
	pigment { color rgbt <1,0,0,0> }
	no_shadow
}
cylinder {
	<28.042589, 41.855995, 33.542831>,  <28.213696, 41.786362, 33.389622>, 0.100000
	pigment { color rgbt <1,0,0,0> }
	no_shadow
}
cylinder {
	<28.042589, 41.855995, 33.542831>,  <27.757412, 41.972054, 33.798183>, 0.100000
	pigment { color rgbt <1,0,0,0> }
	no_shadow
}

// particle -1
sphere {
	<28.042589, 41.855995, 33.542831> 0.100000
	pigment { color rgbt <1,0,0,0> }
	no_shadow
}
sphere {
	0, 1
	scale<0.080000,0.200000,0.300000>
	matrix <0.405588, -0.572022, 0.712944,
