// switches for output
#declare DRAW_BASES = 1; // possible values are 0, 1; only relevant for DNA ribbons
#declare DRAW_BASES_TYPE = 3; // possible values are 1, 2, 3; only relevant for DNA ribbons
#declare DRAW_FOG = 0; // set to 1 to enable fog

#include "colors.inc"

#include "transforms.inc"
background { rgb <1, 1, 1>}

#default {
   normal{
       ripples 0.25
       frequency 0.20
       turbulence 0.2
       lambda 5
   }
	finish {
		phong 0.1
		phong_size 40.
	}
}

// original window dimensions: 1024x640


// camera settings

camera {
	sky <0, 0.179814, -0.983701>
	up <0, 0.179814, -0.983701>
	right 1.6 * <1, 0, 0>
	location <35, 94.9851, 44.8844>
	look_at <35, 29.7336, 32.9568>
	direction <0, -65.2515, -11.9276>
	angle 67.0682
}


# declare cpy_camera_pos = <35, 94.9851, 44.8844>;
# if (DRAW_FOG = 1)
fog {
	fog_type 2
	up vnormalize(cpy_camera_pos)
	color rgbt<1,1,1,0.3>
	distance 1e-5
	fog_alt 3e-3
	fog_offset 56
}
# end


// LIGHTS

# declare lum = 6;
global_settings {
	ambient_light rgb lum * <0.05, 0.05, 0.05>
	max_trace_level 15
}# declare cpy_direct_light_amount = 0.25;
light_source
{	1000 * <-1, -1.16352, -0.803886>,
	rgb lum * cpy_direct_light_amount
	parallel
}

light_source
{	1000 * <1, 1.16352, 0.803886>,
	rgb lum * cpy_direct_light_amount
	parallel
}

// strand 0

// nucleotide -1

// particle -1
sphere {
	<24.435991, 35.192417, 35.263321> 0.250000
	pigment { color rgbt <1,0,0,0> }
	no_shadow
}
cylinder {
	<24.262857, 34.981949, 34.970528>,  <24.158978, 34.855667, 34.794853>, 0.100000
	pigment { color rgbt <1,0,0,0> }
	no_shadow
}
cylinder {
	<24.262857, 34.981949, 34.970528>,  <24.435991, 35.192417, 35.263321>, 0.100000
	pigment { color rgbt <1,0,0,0> }
	no_shadow
}

// particle -1
sphere {
	<24.262857, 34.981949, 34.970528> 0.100000
	pigment { color rgbt <1,0,0,0> }
	no_shadow
}
sphere {
	0, 1
	scale<0.080000,0.200000,0.300000>
	matrix <-0.685320, 0.719576, -0.112011,
		0.585654, 0.453159, -0.672054,
		-0.432835, -0.526172, -0.731982,
		24.133007, 34.824097, 34.750935>
	pigment { color rgbt <0,1,1,0> }
	no_shadow
}
cylinder {
	<24.925091, 35.667538, 34.791370>,  <24.435991, 35.192417, 35.263321>, 0.130000
	pigment { color rgbt <1,0,0,0> }
	no_shadow
}

// nucleotide -1

// particle -1
sphere {
	<24.925091, 35.667538, 34.791370> 0.250000
	pigment { color rgbt <1,0,0,0> }
	no_shadow
}
cylinder {
	<25.227152, 35.411346, 34.735458>,  <25.408388, 35.257633, 34.701912>, 0.100000
	pigment { color rgbt <1,0,0,0> }
	no_shadow
}
cylinder {
	<25.227152, 35.411346, 34.735458>,  <24.925091, 35.667538, 34.791370>, 0.100000
	pigment { color rgbt <1,0,0,0> }
	no_shadow
}

// particle -1
sphere {
	<25.227152, 35.411346, 34.735458> 0.100000
	pigment { color rgbt <1,0,0,0> }
	no_shadow
}
sphere {
	0, 1
	scale<0.080000,0.200000,0.300000>
	matrix <-0.001501, 0.211533, -0.977370,
		0.655549, 0.738272, 0.158778,
		0.755151, -0.640475, -0.139778,
		25.453697, 35.219204, 34.693523>
	pigment { color rgbt <0,1,1,0> }
	no_shadow
}
cylinder {
	<25.445772, 36.076283, 34.498386>,  <24.925091, 35.667538, 34.791370>, 0.130000
	pigment { color rgbt <1,0,0,0> }
	no_shadow
}

// nucleotide -1

// particle -1
sphere {
	<25.445772, 36.076283, 34.498386> 0.250000
	pigment { color rgbt <1,0,0,0> }
	no_shadow
}
cylinder {
	<25.420990, 35.693657, 34.384441>,  <25.406120, 35.464081, 34.316074>, 0.100000
	pigment { color rgbt <1,0,0,0> }
	no_shadow
}
cylinder {
	<25.420990, 35.693657, 34.384441>,  <25.445772, 36.076283, 34.498386>, 0.100000
	pigment { color rgbt <1,0,0,0> }
	no_shadow
}

// particle -1
sphere {
	<25.420990, 35.693657, 34.384441> 0.100000
	pigment { color rgbt <1,0,0,0> }
	no_shadow
}
sphere {
	0, 1
	scale<0.080000,0.200000,0.300000>
	matrix <-0.162276, 0.291266, -0.942778,
		0.984799, -0.012183, -0.173272,
		-0.061954, -0.956565, -0.284861,
		25.402403, 35.406689, 34.298985>
	pigment { color rgbt <0,1,1,0> }
	no_shadow
}
cylinder {
	<25.892374, 35.934826, 33.940910>,  <25.445772, 36.076283, 34.498386>, 0.130000
	pigment { color rgbt <1,0,0,0> }
	no_shadow
}

// nucleotide -1

// particle -1
sphere {
	<25.892374, 35.934826, 33.940910> 0.250000
	pigment { color rgbt <1,0,0,0> }
	no_shadow
}
cylinder {
	<25.578316, 35.687122, 33.937645>,  <25.389881, 35.538502, 33.935684>, 0.100000
	pigment { color rgbt <1,0,0,0> }
	no_shadow
}
cylinder {
	<25.578316, 35.687122, 33.937645>,  <25.892374, 35.934826, 33.940910>, 0.100000
	pigment { color rgbt <1,0,0,0> }
	no_shadow
}

// particle -1
sphere {
	<25.578316, 35.687122, 33.937645> 0.100000
	pigment { color rgbt <1,0,0,0> }
	no_shadow
}
sphere {
	0, 1
	scale<0.080000,0.200000,0.300000>
	matrix <-0.046794, 0.072461, -0.996273,
		0.617541, -0.781837, -0.085870,
		-0.785146, -0.619258, -0.008162,
		25.342772, 35.501347, 33.935196>
	pigment { color rgbt <0,1,1,0> }
	no_shadow
}
cylinder {
	<25.916750, 35.290276, 33.449066>,  <25.892374, 35.934826, 33.940910>, 0.130000
	pigment { color rgbt <1,0,0,0> }
	no_shadow
}

// nucleotide -1

// particle -1
sphere {
	<25.916750, 35.290276, 33.449066> 0.250000
	pigment { color rgbt <1,0,0,0> }
	no_shadow
}
cylinder {
	<25.559105, 35.450291, 33.529598>,  <25.344519, 35.546299, 33.577915>, 0.100000
	pigment { color rgbt <1,0,0,0> }
	no_shadow
}
cylinder {
	<25.559105, 35.450291, 33.529598>,  <25.916750, 35.290276, 33.449066>, 0.100000
	pigment { color rgbt <1,0,0,0> }
	no_shadow
}

// particle -1
sphere {
	<25.559105, 35.450291, 33.529598> 0.100000
	pigment { color rgbt <1,0,0,0> }
	no_shadow
}
sphere {
	0, 1
	scale<0.080000,0.200000,0.300000>
	matrix <-0.096513, 0.266869, -0.958888,
		-0.437319, -0.876785, -0.200002,
		-0.894113, 0.400037, 0.201328,
		25.290871, 35.570301, 33.589996>
	pigment { color rgbt <0,1,1,0> }
	no_shadow
}
cylinder {
	<25.232714, 34.895508, 33.275982>,  <25.916750, 35.290276, 33.449066>, 0.130000
	pigment { color rgbt <1,0,0,0> }
	no_shadow
}

// nucleotide -1

// particle -1
sphere {
	<25.232714, 34.895508, 33.275982> 0.250000
	pigment { color rgbt <1,0,0,0> }
	no_shadow
}
cylinder {
	<25.208929, 35.294125, 33.252796>,  <25.194658, 35.533295, 33.238884>, 0.100000
	pigment { color rgbt <1,0,0,0> }
	no_shadow
}
cylinder {
	<25.208929, 35.294125, 33.252796>,  <25.232714, 34.895508, 33.275982>, 0.100000
	pigment { color rgbt <1,0,0,0> }
	no_shadow
}

// particle -1
sphere {
	<25.208929, 35.294125, 33.252796> 0.100000
	pigment { color rgbt <1,0,0,0> }
	no_shadow
}
sphere {
	0, 1
	scale<0.080000,0.200000,0.300000>
	matrix <-0.053476, -0.061167, -0.996694,
		-0.996797, -0.056165, 0.056929,
		-0.059461, 0.996546, -0.057968,
		25.191092, 35.593090, 33.235405>
	pigment { color rgbt <0,1,1,0> }
	no_shadow
}
cylinder {
	<24.641851, 35.164162, 33.004665>,  <25.232714, 34.895508, 33.275982>, 0.130000
	pigment { color rgbt <1,0,0,0> }
	no_shadow
}

// nucleotide -1

// particle -1
sphere {
	<24.641851, 35.164162, 33.004665> 0.250000
	pigment { color rgbt <1,0,0,0> }
	no_shadow
}
cylinder {
	<24.926939, 35.428360, 32.910198>,  <25.097992, 35.586880, 32.853519>, 0.100000
	pigment { color rgbt <1,0,0,0> }
	no_shadow
}
cylinder {
	<24.926939, 35.428360, 32.910198>,  <24.641851, 35.164162, 33.004665>, 0.100000
	pigment { color rgbt <1,0,0,0> }
	no_shadow
}

// particle -1
sphere {
	<24.926939, 35.428360, 32.910198> 0.100000
	pigment { color rgbt <1,0,0,0> }
	no_shadow
}
sphere {
	0, 1
	scale<0.080000,0.200000,0.300000>
	matrix <-0.021429, -0.316027, -0.948508,
		-0.701120, 0.681082, -0.211085,
		0.712721, 0.660495, -0.236168,
		25.140755, 35.626507, 32.839348>
	pigment { color rgbt <0,1,1,0> }
	no_shadow
}
cylinder {
	<24.485619, 35.515148, 32.531372>,  <24.641851, 35.164162, 33.004665>, 0.130000
	pigment { color rgbt <1,0,0,0> }
	no_shadow
}

// nucleotide -1

// particle -1
sphere {
	<24.485619, 35.515148, 32.531372> 0.250000
	pigment { color rgbt <1,0,0,0> }
	no_shadow
}
cylinder {
	<24.880854, 35.547504, 32.479004>,  <25.117994, 35.566917, 32.447582>, 0.100000
	pigment { color rgbt <1,0,0,0> }
	no_shadow
}
cylinder {
	<24.880854, 35.547504, 32.479004>,  <24.485619, 35.515148, 32.531372>, 0.100000
	pigment { color rgbt <1,0,0,0> }
	no_shadow
}

// particle -1
sphere {
	<24.880854, 35.547504, 32.479004> 0.100000
	pigment { color rgbt <1,0,0,0> }
	no_shadow
}
sphere {
	0, 1
	scale<0.080000,0.200000,0.300000>
	matrix <-0.126328, -0.059531, -0.990201,
		-0.087894, 0.994943, -0.048603,
		0.988087, 0.080893, -0.130922,
		25.177280, 35.571774, 32.439728>
	pigment { color rgbt <0,1,1,0> }
	no_shadow
}
cylinder {
	<24.539730, 35.922958, 31.988649>,  <24.485619, 35.515148, 32.531372>, 0.130000
	pigment { color rgbt <1,0,0,0> }
	no_shadow
}

// nucleotide -1

// particle -1
sphere {
	<24.539730, 35.922958, 31.988649> 0.250000
	pigment { color rgbt <1,0,0,0> }
	no_shadow
}
cylinder {
	<24.875692, 35.706047, 31.997494>,  <25.077271, 35.575901, 32.002800>, 0.100000
	pigment { color rgbt <1,0,0,0> }
	no_shadow
}
cylinder {
	<24.875692, 35.706047, 31.997494>,  <24.539730, 35.922958, 31.988649>, 0.100000
	pigment { color rgbt <1,0,0,0> }
	no_shadow
}

// particle -1
sphere {
	<24.875692, 35.706047, 31.997494> 0.100000
	pigment { color rgbt <1,0,0,0> }
	no_shadow
}
sphere {
	0, 1
	scale<0.080000,0.200000,0.300000>
	matrix <-0.075285, -0.156755, -0.984764,
		0.537483, 0.825446, -0.172485,
		0.839907, -0.542280, 0.022109,
		25.127665, 35.543362, 32.004128>
	pigment { color rgbt <0,1,1,0> }
	no_shadow
}
cylinder {
	<24.822468, 36.029545, 31.316122>,  <24.539730, 35.922958, 31.988649>, 0.130000
	pigment { color rgbt <1,0,0,0> }
	no_shadow
}

// nucleotide -1

// particle -1
sphere {
	<24.822468, 36.029545, 31.316122> 0.250000
	pigment { color rgbt <1,0,0,0> }
	no_shadow
}
cylinder {
	<25.010592, 35.703869, 31.452299>,  <25.123466, 35.508461, 31.534006>, 0.100000
	pigment { color rgbt <1,0,0,0> }
	no_shadow
}
cylinder {
	<25.010592, 35.703869, 31.452299>,  <24.822468, 36.029545, 31.316122>, 0.100000
	pigment { color rgbt <1,0,0,0> }
	no_shadow
}

// particle -1
sphere {
	<25.010592, 35.703869, 31.452299> 0.100000
	pigment { color rgbt <1,0,0,0> }
	no_shadow
}
sphere {
	0, 1
	scale<0.080000,0.200000,0.300000>
	matrix <-0.006858, -0.389131, -0.921157,
		0.882475, 0.430893, -0.188596,
		0.470309, -0.814191, 0.340443,
		25.151684, 35.459610, 31.554432>
	pigment { color rgbt <0,1,1,0> }
	no_shadow
}
cylinder {
	<25.459736, 35.953819, 30.952744>,  <24.822468, 36.029545, 31.316122>, 0.130000
	pigment { color rgbt <1,0,0,0> }
	no_shadow
}

// nucleotide -1

// particle -1
sphere {
	<25.459736, 35.953819, 30.952744> 0.250000
	pigment { color rgbt <1,0,0,0> }
	no_shadow
}
cylinder {
	<25.367346, 35.590794, 31.093019>,  <25.311913, 35.372978, 31.177185>, 0.100000
	pigment { color rgbt <1,0,0,0> }
	no_shadow
}
cylinder {
	<25.367346, 35.590794, 31.093019>,  <25.459736, 35.953819, 30.952744>, 0.100000
	pigment { color rgbt <1,0,0,0> }
	no_shadow
}

// particle -1
sphere {
	<25.367346, 35.590794, 31.093019> 0.100000
	pigment { color rgbt <1,0,0,0> }
	no_shadow
}
sphere {
	0, 1
	scale<0.080000,0.200000,0.300000>
	matrix <0.119519, -0.384170, -0.915493,
		0.965591, -0.169543, 0.197205,
		-0.230975, -0.907562, 0.350688,
		25.298054, 35.318523, 31.198225>
	pigment { color rgbt <0,1,1,0> }
	no_shadow
}
cylinder {
	<25.953678, 35.368870, 30.699289>,  <25.459736, 35.953819, 30.952744>, 0.130000
	pigment { color rgbt <1,0,0,0> }
	no_shadow
}

// nucleotide -1

// particle -1
sphere {
	<25.953678, 35.368870, 30.699289> 0.250000
	pigment { color rgbt <1,0,0,0> }
	no_shadow
}
cylinder {
	<25.637024, 35.150368, 30.808769>,  <25.447031, 35.019264, 30.874458>, 0.100000
	pigment { color rgbt <1,0,0,0> }
	no_shadow
}
cylinder {
	<25.637024, 35.150368, 30.808769>,  <25.953678, 35.368870, 30.699289>, 0.100000
	pigment { color rgbt <1,0,0,0> }
	no_shadow
}

// particle -1
sphere {
	<25.637024, 35.150368, 30.808769> 0.100000
	pigment { color rgbt <1,0,0,0> }
	no_shadow
}
sphere {
	0, 1
	scale<0.080000,0.200000,0.300000>
	matrix <-0.016100, -0.429157, -0.903087,
		0.610779, -0.719324, 0.330942,
		-0.791638, -0.546258, 0.273701,
		25.399532, 34.986492, 30.890879>
	pigment { color rgbt <0,1,1,0> }
	no_shadow
}
cylinder {
	<26.239197, 34.704975, 30.651524>,  <25.953678, 35.368870, 30.699289>, 0.130000
	pigment { color rgbt <1,0,0,0> }
	no_shadow
}

// nucleotide -1

// particle -1
sphere {
	<26.239197, 34.704975, 30.651524> 0.250000
	pigment { color rgbt <1,0,0,0> }
	no_shadow
}
cylinder {
	<25.839411, 34.699280, 30.639721>,  <25.599539, 34.695862, 30.632639>, 0.100000
	pigment { color rgbt <1,0,0,0> }
	no_shadow
}
cylinder {
	<25.839411, 34.699280, 30.639721>,  <26.239197, 34.704975, 30.651524>, 0.100000
	pigment { color rgbt <1,0,0,0> }
	no_shadow
}

// particle -1
sphere {
	<25.839411, 34.699280, 30.639721> 0.100000
	pigment { color rgbt <1,0,0,0> }
	no_shadow
}
sphere {
	0, 1
	scale<0.080000,0.200000,0.300000>
	matrix <0.032488, -0.546914, -0.836558,
		-0.004223, -0.837068, 0.547083,
		-0.999463, -0.014241, -0.029504,
		25.539572, 34.695007, 30.630869>
	pigment { color rgbt <0,1,1,0> }
	no_shadow
}
cylinder {
	<26.097231, 34.078205, 30.308495>,  <26.239197, 34.704975, 30.651524>, 0.130000
	pigment { color rgbt <1,0,0,0> }
	no_shadow
}

// nucleotide -1

// particle -1
sphere {
	<26.097231, 34.078205, 30.308495> 0.250000
	pigment { color rgbt <1,0,0,0> }
	no_shadow
}
cylinder {
	<25.738384, 34.251930, 30.276104>,  <25.523077, 34.356167, 30.256670>, 0.100000
	pigment { color rgbt <1,0,0,0> }
	no_shadow
}
cylinder {
	<25.738384, 34.251930, 30.276104>,  <26.097231, 34.078205, 30.308495>, 0.100000
	pigment { color rgbt <1,0,0,0> }
	no_shadow
}

// particle -1
sphere {
	<25.738384, 34.251930, 30.276104> 0.100000
	pigment { color rgbt <1,0,0,0> }
	no_shadow
}
sphere {
	0, 1
	scale<0.080000,0.200000,0.300000>
	matrix <-0.192057, -0.548443, -0.813833,
		-0.397868, -0.714550, 0.575430,
		-0.897115, 0.434313, -0.080974,
		25.469250, 34.382225, 30.251812>
	pigment { color rgbt <0,1,1,0> }
	no_shadow
}
cylinder {
	<25.482368, 33.549610, 30.232927>,  <26.097231, 34.078205, 30.308495>, 0.130000
	pigment { color rgbt <1,0,0,0> }
	no_shadow
}

// nucleotide -1

// particle -1
sphere {
	<25.482368, 33.549610, 30.232927> 0.250000
	pigment { color rgbt <1,0,0,0> }
	no_shadow
}
cylinder {
	<25.333929, 33.888336, 30.080507>,  <25.244865, 34.091572, 29.989056>, 0.100000
	pigment { color rgbt <1,0,0,0> }
	no_shadow
}
cylinder {
	<25.333929, 33.888336, 30.080507>,  <25.482368, 33.549610, 30.232927>, 0.100000
	pigment { color rgbt <1,0,0,0> }
	no_shadow
}

// particle -1
sphere {
	<25.333929, 33.888336, 30.080507> 0.100000
	pigment { color rgbt <1,0,0,0> }
	no_shadow
}
sphere {
	0, 1
	scale<0.080000,0.200000,0.300000>
	matrix <-0.151542, -0.460077, -0.874851,
		-0.916145, -0.266910, 0.299061,
		-0.371098, 0.846811, -0.381049,
		25.222599, 34.142380, 29.966192>
	pigment { color rgbt <0,1,1,0> }
	no_shadow
}
cylinder {
	<24.840689, 33.296917, 29.796143>,  <25.482368, 33.549610, 30.232927>, 0.130000
	pigment { color rgbt <1,0,0,0> }
	no_shadow
}

// nucleotide -1

// particle -1
sphere {
	<24.840689, 33.296917, 29.796143> 0.250000
	pigment { color rgbt <1,0,0,0> }
	no_shadow
}
cylinder {
	<24.937710, 33.654621, 29.645699>,  <24.995922, 33.869244, 29.555431>, 0.100000
	pigment { color rgbt <1,0,0,0> }
	no_shadow
}
cylinder {
	<24.937710, 33.654621, 29.645699>,  <24.840689, 33.296917, 29.796143>, 0.100000
	pigment { color rgbt <1,0,0,0> }
	no_shadow
}

// particle -1
sphere {
	<24.937710, 33.654621, 29.645699> 0.100000
	pigment { color rgbt <1,0,0,0> }
	no_shadow
}
sphere {
	0, 1
	scale<0.080000,0.200000,0.300000>
	matrix <-0.182210, -0.338794, -0.923048,
		-0.952873, 0.292420, 0.080768,
		0.242554, 0.894264, -0.376109,
		25.010475, 33.922901, 29.532866>
	pigment { color rgbt <0,1,1,0> }
	no_shadow
}
cylinder {
	<24.484236, 33.415714, 29.205759>,  <24.840689, 33.296917, 29.796143>, 0.130000
	pigment { color rgbt <1,0,0,0> }
	no_shadow
}

// nucleotide -1

// particle -1
sphere {
	<24.484236, 33.415714, 29.205759> 0.250000
	pigment { color rgbt <1,0,0,0> }
	no_shadow
}
cylinder {
	<24.780661, 33.681973, 29.170582>,  <24.958515, 33.841728, 29.149475>, 0.100000
	pigment { color rgbt <1,0,0,0> }
	no_shadow
}
cylinder {
	<24.780661, 33.681973, 29.170582>,  <24.484236, 33.415714, 29.205759>, 0.100000
	pigment { color rgbt <1,0,0,0> }
	no_shadow
}

// particle -1
sphere {
	<24.780661, 33.681973, 29.170582> 0.100000
	pigment { color rgbt <1,0,0,0> }
	no_shadow
}
sphere {
	0, 1
	scale<0.080000,0.200000,0.300000>
	matrix <0.110401, -0.249997, -0.961932,
		-0.662295, 0.703144, -0.258752,
		0.741064, 0.665650, -0.087944,
		25.002979, 33.881668, 29.144199>
	pigment { color rgbt <0,1,1,0> }
	no_shadow
}
cylinder {
	<24.293245, 33.785046, 28.634621>,  <24.484236, 33.415714, 29.205759>, 0.130000
	pigment { color rgbt <1,0,0,0> }
	no_shadow
}

// nucleotide -1

// particle -1
sphere {
	<24.293245, 33.785046, 28.634621> 0.250000
	pigment { color rgbt <1,0,0,0> }
	no_shadow
}
cylinder {
	<24.676916, 33.890148, 28.676447>,  <24.907120, 33.953209, 28.701542>, 0.100000
	pigment { color rgbt <1,0,0,0> }
	no_shadow
}
cylinder {
	<24.676916, 33.890148, 28.676447>,  <24.293245, 33.785046, 28.634621>, 0.100000
	pigment { color rgbt <1,0,0,0> }
	no_shadow
}

// particle -1
sphere {
	<24.676916, 33.890148, 28.676447> 0.100000
	pigment { color rgbt <1,0,0,0> }
	no_shadow
}
sphere {
	0, 1
	scale<0.080000,0.200000,0.300000>
	matrix <0.140005, -0.119946, -0.982859,
		-0.245714, 0.957377, -0.151837,
		0.959179, 0.262760, 0.104565,
		24.964670, 33.968975, 28.707817>
	pigment { color rgbt <0,1,1,0> }
	no_shadow
}
cylinder {
	<24.377756, 34.345924, 28.186529>,  <24.293245, 33.785046, 28.634621>, 0.130000
	pigment { color rgbt <1,0,0,0> }
	no_shadow
}

// nucleotide -1

// particle -1
sphere {
	<24.377756, 34.345924, 28.186529> 0.250000
	pigment { color rgbt <1,0,0,0> }
	no_shadow
}
cylinder {
	<24.749035, 34.214809, 28.256960>,  <24.971802, 34.136139, 28.299219>, 0.100000
	pigment { color rgbt <1,0,0,0> }
	no_shadow
}
cylinder {
	<24.749035, 34.214809, 28.256960>,  <24.377756, 34.345924, 28.186529>, 0.100000
	pigment { color rgbt <1,0,0,0> }
	no_shadow
}

// particle -1
sphere {
	<24.749035, 34.214809, 28.256960> 0.100000
	pigment { color rgbt <1,0,0,0> }
	no_shadow
}
sphere {
	0, 1
	scale<0.080000,0.200000,0.300000>
	matrix <0.192497, 0.018061, -0.981131,
		0.318427, 0.944577, 0.079863,
		0.928197, -0.327792, 0.176077,
		25.027494, 34.116470, 28.309784>
	pigment { color rgbt <0,1,1,0> }
	no_shadow
}
cylinder {
	<24.872599, 34.812939, 27.875648>,  <24.377756, 34.345924, 28.186529>, 0.130000
	pigment { color rgbt <1,0,0,0> }
	no_shadow
}

// nucleotide -1

// particle -1
sphere {
	<24.872599, 34.812939, 27.875648> 0.250000
	pigment { color rgbt <1,0,0,0> }
	no_shadow
}
cylinder {
	<25.018229, 34.440952, 27.896118>,  <25.105606, 34.217762, 27.908400>, 0.100000
	pigment { color rgbt <1,0,0,0> }
	no_shadow
}
cylinder {
	<25.018229, 34.440952, 27.896118>,  <24.872599, 34.812939, 27.875648>, 0.100000
	pigment { color rgbt <1,0,0,0> }
	no_shadow
}

// particle -1
sphere {
	<25.018229, 34.440952, 27.896118> 0.100000
	pigment { color rgbt <1,0,0,0> }
	no_shadow
}
sphere {
	0, 1
	scale<0.080000,0.200000,0.300000>
	matrix <0.164916, 0.010295, -0.986254,
		0.916652, 0.367511, 0.157114,
		0.364076, -0.929962, 0.051172,
		25.127451, 34.161964, 27.911470>
	pigment { color rgbt <0,1,1,0> }
	no_shadow
}
cylinder {
	<25.571159, 34.833565, 27.509941>,  <24.872599, 34.812939, 27.875648>, 0.130000
	pigment { color rgbt <1,0,0,0> }
	no_shadow
}

// nucleotide -1

// particle -1
sphere {
	<25.571159, 34.833565, 27.509941> 0.250000
	pigment { color rgbt <1,0,0,0> }
	no_shadow
}
cylinder {
	<25.488689, 34.442631, 27.529175>,  <25.439207, 34.208073, 27.540714>, 0.100000
	pigment { color rgbt <1,0,0,0> }
	no_shadow
}
cylinder {
	<25.488689, 34.442631, 27.529175>,  <25.571159, 34.833565, 27.509941>, 0.100000
	pigment { color rgbt <1,0,0,0> }
	no_shadow
}

// particle -1
sphere {
	<25.488689, 34.442631, 27.529175> 0.100000
	pigment { color rgbt <1,0,0,0> }
	no_shadow
}
sphere {
	0, 1
	scale<0.080000,0.200000,0.300000>
	matrix <0.161544, -0.082462, -0.983414,
		0.965089, -0.194987, 0.174884,
		-0.206174, -0.977333, 0.048085,
		25.426838, 34.149429, 27.543600>
	pigment { color rgbt <0,1,1,0> }
	no_shadow
}
cylinder {
	<26.019197, 34.585857, 27.107704>,  <25.571159, 34.833565, 27.509941>, 0.130000
	pigment { color rgbt <1,0,0,0> }
	no_shadow
}

// nucleotide -1

// particle -1
sphere {
	<26.019197, 34.585857, 27.107704> 0.250000
	pigment { color rgbt <1,0,0,0> }
	no_shadow
}
cylinder {
	<25.737612, 34.302273, 27.124729>,  <25.568661, 34.132122, 27.134945>, 0.100000
	pigment { color rgbt <1,0,0,0> }
	no_shadow
}
cylinder {
	<25.737612, 34.302273, 27.124729>,  <26.019197, 34.585857, 27.107704>, 0.100000
	pigment { color rgbt <1,0,0,0> }
	no_shadow
}

// particle -1
sphere {
	<25.737612, 34.302273, 27.124729> 0.100000
	pigment { color rgbt <1,0,0,0> }
	no_shadow
}
sphere {
	0, 1
	scale<0.080000,0.200000,0.300000>
	matrix <0.076416, -0.135184, -0.987869,
		0.706115, -0.692170, 0.149340,
		-0.703962, -0.708961, 0.042563,
		25.526423, 34.089584, 27.137499>
	pigment { color rgbt <0,1,1,0> }
	no_shadow
}
cylinder {
	<26.183203, 34.238190, 26.479010>,  <26.019197, 34.585857, 27.107704>, 0.130000
	pigment { color rgbt <1,0,0,0> }
	no_shadow
}

// nucleotide -1

// particle -1
sphere {
	<26.183203, 34.238190, 26.479010> 0.250000
	pigment { color rgbt <1,0,0,0> }
	no_shadow
}
cylinder {
	<25.838535, 34.064037, 26.583292>,  <25.631735, 33.959545, 26.645861>, 0.100000
	pigment { color rgbt <1,0,0,0> }
	no_shadow
}
cylinder {
	<25.838535, 34.064037, 26.583292>,  <26.183203, 34.238190, 26.479010>, 0.100000
	pigment { color rgbt <1,0,0,0> }
	no_shadow
}

// particle -1
sphere {
	<25.838535, 34.064037, 26.583292> 0.100000
	pigment { color rgbt <1,0,0,0> }
	no_shadow
}
sphere {
	0, 1
	scale<0.080000,0.200000,0.300000>
	matrix <-0.157090, -0.259655, -0.952839,
		0.482542, -0.861987, 0.155343,
		-0.861670, -0.435382, 0.260705,
		25.580034, 33.933422, 26.661503>
	pigment { color rgbt <0,1,1,0> }
	no_shadow
}
cylinder {
	<26.233437, 33.580933, 26.242142>,  <26.183203, 34.238190, 26.479010>, 0.130000
	pigment { color rgbt <1,0,0,0> }
	no_shadow
}

// nucleotide -1

// particle -1
sphere {
	<26.233437, 33.580933, 26.242142> 0.250000
	pigment { color rgbt <1,0,0,0> }
	no_shadow
}
cylinder {
	<25.861603, 33.728230, 26.235641>,  <25.638502, 33.816608, 26.231741>, 0.100000
	pigment { color rgbt <1,0,0,0> }
	no_shadow
}
cylinder {
	<25.861603, 33.728230, 26.235641>,  <26.233437, 33.580933, 26.242142>, 0.100000
	pigment { color rgbt <1,0,0,0> }
	no_shadow
}

// particle -1
sphere {
	<25.861603, 33.728230, 26.235641> 0.100000
	pigment { color rgbt <1,0,0,0> }
	no_shadow
}
sphere {
	0, 1
	scale<0.080000,0.200000,0.300000>
	matrix <-0.064636, -0.206248, -0.976363,
		-0.362895, -0.906562, 0.215527,
		-0.929586, 0.368248, -0.016250,
		25.582727, 33.838703, 26.230766>
	pigment { color rgbt <0,1,1,0> }
	no_shadow
}
cylinder {
	<25.922302, 33.094280, 25.901794>,  <26.233437, 33.580933, 26.242142>, 0.130000
	pigment { color rgbt <1,0,0,0> }
	no_shadow
}

// nucleotide -1

// particle -1
sphere {
	<25.922302, 33.094280, 25.901794> 0.250000
	pigment { color rgbt <1,0,0,0> }
	no_shadow
}
cylinder {
	<25.674034, 33.404438, 25.855270>,  <25.525074, 33.590534, 25.827356>, 0.100000
	pigment { color rgbt <1,0,0,0> }
	no_shadow
}
cylinder {
	<25.674034, 33.404438, 25.855270>,  <25.922302, 33.094280, 25.901794>, 0.100000
	pigment { color rgbt <1,0,0,0> }
	no_shadow
}

// particle -1
sphere {
	<25.674034, 33.404438, 25.855270> 0.100000
	pigment { color rgbt <1,0,0,0> }
	no_shadow
}
sphere {
	0, 1
	scale<0.080000,0.200000,0.300000>
	matrix <-0.055891, -0.191720, -0.979857,
		-0.782077, -0.601668, 0.162333,
		-0.620671, 0.775396, -0.116312,
		25.487833, 33.637058, 25.820377>
	pigment { color rgbt <0,1,1,0> }
	no_shadow
}
cylinder {
	<25.426277, 32.808285, 25.540749>,  <25.922302, 33.094280, 25.901794>, 0.130000
	pigment { color rgbt <1,0,0,0> }
	no_shadow
}

// nucleotide -1

// particle -1
sphere {
	<25.426277, 32.808285, 25.540749> 0.250000
	pigment { color rgbt <1,0,0,0> }
	no_shadow
}
cylinder {
	<25.469254, 33.202785, 25.490519>,  <25.495039, 33.439484, 25.460381>, 0.100000
	pigment { color rgbt <1,0,0,0> }
	no_shadow
}
cylinder {
	<25.469254, 33.202785, 25.490519>,  <25.426277, 32.808285, 25.540749>, 0.100000
	pigment { color rgbt <1,0,0,0> }
	no_shadow
}

// particle -1
sphere {
	<25.469254, 33.202785, 25.490519> 0.100000
	pigment { color rgbt <1,0,0,0> }
	no_shadow
}
sphere {
	0, 1
	scale<0.080000,0.200000,0.300000>
	matrix <0.084512, -0.134911, -0.987247,
		-0.990613, 0.095459, -0.097844,
		0.107442, 0.986249, -0.125577,
		25.501486, 33.498661, 25.452845>
	pigment { color rgbt <0,1,1,0> }
	no_shadow
}
cylinder {
	<24.970879, 33.058132, 24.914436>,  <25.426277, 32.808285, 25.540749>, 0.130000
	pigment { color rgbt <1,0,0,0> }
	no_shadow
}

// nucleotide -1

// particle -1
sphere {
	<24.970879, 33.058132, 24.914436> 0.250000
	pigment { color rgbt <1,0,0,0> }
	no_shadow
}
cylinder {
	<25.293684, 33.281952, 24.989939>,  <25.487368, 33.416245, 25.035240>, 0.100000
	pigment { color rgbt <1,0,0,0> }
	no_shadow
}
cylinder {
	<25.293684, 33.281952, 24.989939>,  <24.970879, 33.058132, 24.914436>, 0.100000
	pigment { color rgbt <1,0,0,0> }
	no_shadow
}

// particle -1
sphere {
	<25.293684, 33.281952, 24.989939> 0.100000
	pigment { color rgbt <1,0,0,0> }
	no_shadow
}
sphere {
	0, 1
	scale<0.080000,0.200000,0.300000>
	matrix <0.241903, -0.021654, -0.970059,
		-0.538710, 0.828513, -0.152832,
		0.807016, 0.559551, 0.188755,
		25.535789, 33.449818, 25.046566>
	pigment { color rgbt <0,1,1,0> }
	no_shadow
}
cylinder {
	<24.960283, 33.458660, 24.329420>,  <24.970879, 33.058132, 24.914436>, 0.130000
	pigment { color rgbt <1,0,0,0> }
	no_shadow
}

// nucleotide -1

// particle -1
sphere {
	<24.960283, 33.458660, 24.329420> 0.250000
	pigment { color rgbt <1,0,0,0> }
	no_shadow
}
cylinder {
	<25.328974, 33.527943, 24.468227>,  <25.550188, 33.569511, 24.551512>, 0.100000
	pigment { color rgbt <1,0,0,0> }
	no_shadow
}
cylinder {
	<25.328974, 33.527943, 24.468227>,  <24.960283, 33.458660, 24.329420>, 0.100000
	pigment { color rgbt <1,0,0,0> }
	no_shadow
}

// particle -1
sphere {
	<25.328974, 33.527943, 24.468227> 0.100000
	pigment { color rgbt <1,0,0,0> }
	no_shadow
}
sphere {
	0, 1
	scale<0.080000,0.200000,0.300000>
	matrix <0.336693, 0.086759, -0.937609,
		-0.192503, 0.981057, 0.021652,
		0.921727, 0.173203, 0.347016,
		25.605492, 33.579903, 24.572332>
	pigment { color rgbt <0,1,1,0> }
	no_shadow
}
cylinder {
	<25.231619, 33.964962, 23.986702>,  <24.960283, 33.458660, 24.329420>, 0.130000
	pigment { color rgbt <1,0,0,0> }
	no_shadow
}

// nucleotide -1

// particle -1
sphere {
	<25.231619, 33.964962, 23.986702> 0.250000
	pigment { color rgbt <1,0,0,0> }
	no_shadow
}
cylinder {
	<25.526606, 33.737511, 24.132471>,  <25.703598, 33.601040, 24.219933>, 0.100000
	pigment { color rgbt <1,0,0,0> }
	no_shadow
}
cylinder {
	<25.526606, 33.737511, 24.132471>,  <25.231619, 33.964962, 23.986702>, 0.100000
	pigment { color rgbt <1,0,0,0> }
	no_shadow
}

// particle -1
sphere {
	<25.526606, 33.737511, 24.132471> 0.100000
	pigment { color rgbt <1,0,0,0> }
	no_shadow
}
sphere {
	0, 1
	scale<0.080000,0.200000,0.300000>
	matrix <0.177518, -0.357413, -0.916921,
		0.651635, 0.740892, -0.162639,
		0.737468, -0.568626, 0.364424,
		25.747847, 33.566921, 24.241798>
	pigment { color rgbt <0,1,1,0> }
	no_shadow
}
cylinder {
	<25.860907, 34.154743, 23.676836>,  <25.231619, 33.964962, 23.986702>, 0.130000
	pigment { color rgbt <1,0,0,0> }
	no_shadow
}

// nucleotide -1

// particle -1
sphere {
	<25.860907, 34.154743, 23.676836> 0.250000
	pigment { color rgbt <1,0,0,0> }
	no_shadow
}
cylinder {
	<25.876284, 33.761925, 23.750715>,  <25.885509, 33.526234, 23.795042>, 0.100000
	pigment { color rgbt <1,0,0,0> }
	no_shadow
}
cylinder {
	<25.876284, 33.761925, 23.750715>,  <25.860907, 34.154743, 23.676836>, 0.100000
	pigment { color rgbt <1,0,0,0> }
	no_shadow
}

// particle -1
sphere {
	<25.876284, 33.761925, 23.750715> 0.100000
	pigment { color rgbt <1,0,0,0> }
	no_shadow
}
sphere {
	0, 1
	scale<0.080000,0.200000,0.300000>
	matrix <-0.054725, -0.186627, -0.980906,
		0.997761, 0.027602, -0.060917,
		0.038444, -0.982043, 0.184698,
		25.887817, 33.467312, 23.806126>
	pigment { color rgbt <0,1,1,0> }
	no_shadow
}
cylinder {
	<25.881754, 34.925186, 23.585701>,  <25.860907, 34.154743, 23.676836>, 0.130000
	pigment { color rgbt <1,0,0,0> }
	no_shadow
}

// nucleotide -1

// particle -1
sphere {
	<25.881754, 34.925186, 23.585701> 0.250000
	pigment { color rgbt <1,0,0,0> }
	no_shadow
}
cylinder {
	<25.982807, 35.164375, 23.889967>,  <26.043440, 35.307888, 24.072527>, 0.100000
	pigment { color rgbt <1,0,0,0> }
	no_shadow
}
cylinder {
	<25.982807, 35.164375, 23.889967>,  <25.881754, 34.925186, 23.585701>, 0.100000
	pigment { color rgbt <1,0,0,0> }
	no_shadow
}

// particle -1
sphere {
	<25.982807, 35.164375, 23.889967> 0.100000
	pigment { color rgbt <1,0,0,0> }
	no_shadow
}
sphere {
	0, 1
	scale<0.080000,0.200000,0.300000>
	matrix <-0.579891, 0.722901, -0.375687,
		-0.774534, -0.346191, 0.529386,
		0.252634, 0.597968, 0.760664,
		26.058598, 35.343765, 24.118166>
	pigment { color rgbt <0,1,1,0> }
	no_shadow
}
cylinder {
	<25.354902, 35.253052, 24.036148>,  <25.881754, 34.925186, 23.585701>, 0.130000
	pigment { color rgbt <1,0,0,0> }
	no_shadow
}

// nucleotide -1

// particle -1
sphere {
	<25.354902, 35.253052, 24.036148> 0.250000
	pigment { color rgbt <1,0,0,0> }
	no_shadow
}
cylinder {
	<25.665577, 35.503586, 24.009428>,  <25.851982, 35.653908, 23.993397>, 0.100000
	pigment { color rgbt <1,0,0,0> }
	no_shadow
}
cylinder {
	<25.665577, 35.503586, 24.009428>,  <25.354902, 35.253052, 24.036148>, 0.100000
	pigment { color rgbt <1,0,0,0> }
	no_shadow
}

// particle -1
sphere {
	<25.665577, 35.503586, 24.009428> 0.100000
	pigment { color rgbt <1,0,0,0> }
	no_shadow
}
sphere {
	0, 1
	scale<0.080000,0.200000,0.300000>
	matrix <-0.616375, 0.733884, -0.285477,
		-0.129783, 0.262898, 0.956055,
		0.776684, 0.626338, -0.066798,
		25.898582, 35.691486, 23.989389>
	pigment { color rgbt <0,1,1,0> }
	no_shadow
}
cylinder {
	<25.186262, 35.590515, 24.663836>,  <25.354902, 35.253052, 24.036148>, 0.130000
	pigment { color rgbt <1,0,0,0> }
	no_shadow
}

// nucleotide -1

// particle -1
sphere {
	<25.186262, 35.590515, 24.663836> 0.250000
	pigment { color rgbt <1,0,0,0> }
	no_shadow
}
cylinder {
	<24.867607, 35.392448, 24.525169>,  <24.676414, 35.273609, 24.441969>, 0.100000
	pigment { color rgbt <1,0,0,0> }
	no_shadow
}
cylinder {
	<24.867607, 35.392448, 24.525169>,  <25.186262, 35.590515, 24.663836>, 0.100000
	pigment { color rgbt <1,0,0,0> }
	no_shadow
}

// particle -1
sphere {
	<24.867607, 35.392448, 24.525169> 0.100000
	pigment { color rgbt <1,0,0,0> }
	no_shadow
}
sphere {
	0, 1
	scale<0.080000,0.200000,0.300000>
	matrix <-0.529819, 0.848088, 0.006150,
		0.290959, 0.188571, -0.937968,
		-0.796640, -0.495164, -0.346668,
		24.628614, 35.243900, 24.421169>
	pigment { color rgbt <0,1,1,0> }
	no_shadow
}
cylinder {
	<24.813272, 35.925159, 24.022078>,  <25.186262, 35.590515, 24.663836>, 0.130000
	pigment { color rgbt <1,0,0,0> }
	no_shadow
}

// nucleotide -1

// particle -1
sphere {
	<24.813272, 35.925159, 24.022078> 0.250000
	pigment { color rgbt <1,0,0,0> }
	no_shadow
}
cylinder {
	<24.566034, 35.752029, 24.284565>,  <24.417692, 35.648151, 24.442057>, 0.100000
	pigment { color rgbt <1,0,0,0> }
	no_shadow
}
cylinder {
	<24.566034, 35.752029, 24.284565>,  <24.813272, 35.925159, 24.022078>, 0.100000
	pigment { color rgbt <1,0,0,0> }
	no_shadow
}

// particle -1
sphere {
	<24.566034, 35.752029, 24.284565> 0.100000
	pigment { color rgbt <1,0,0,0> }
	no_shadow
}
sphere {
	0, 1
	scale<0.080000,0.200000,0.300000>
	matrix <-0.664166, 0.734094, -0.141387,
		-0.420528, -0.523227, -0.741208,
		-0.618094, -0.432828, 0.656216,
		24.380606, 35.622181, 24.481430>
	pigment { color rgbt <0,1,1,0> }
	no_shadow
}
cylinder {
	<25.345098, 35.871086, 23.506878>,  <24.813272, 35.925159, 24.022078>, 0.130000
	pigment { color rgbt <1,0,0,0> }
	no_shadow
}

// nucleotide -1

// particle -1
sphere {
	<25.345098, 35.871086, 23.506878> 0.250000
	pigment { color rgbt <1,0,0,0> }
	no_shadow
}
cylinder {
	<25.409916, 36.183956, 23.266232>,  <25.448807, 36.371677, 23.121843>, 0.100000
	pigment { color rgbt <1,0,0,0> }
	no_shadow
}
cylinder {
	<25.409916, 36.183956, 23.266232>,  <25.345098, 35.871086, 23.506878>, 0.100000
	pigment { color rgbt <1,0,0,0> }
	no_shadow
}

// particle -1
sphere {
	<25.409916, 36.183956, 23.266232> 0.100000
	pigment { color rgbt <1,0,0,0> }
	no_shadow
}
sphere {
	0, 1
	scale<0.080000,0.200000,0.300000>
	matrix <0.838038, 0.212808, 0.502400,
		0.520994, -0.585589, -0.621009,
		0.162044, 0.782176, -0.601617,
		25.458529, 36.418610, 23.085747>
	pigment { color rgbt <0,1,1,0> }
	no_shadow
}
cylinder {
	<26.094063, 35.878651, 23.272457>,  <25.345098, 35.871086, 23.506878>, 0.130000
	pigment { color rgbt <1,0,0,0> }
	no_shadow
}

// nucleotide -1

// particle -1
sphere {
	<26.094063, 35.878651, 23.272457> 0.250000
	pigment { color rgbt <1,0,0,0> }
	no_shadow
}
cylinder {
	<25.956266, 36.254147, 23.268497>,  <25.873589, 36.479443, 23.266121>, 0.100000
	pigment { color rgbt <1,0,0,0> }
	no_shadow
}
cylinder {
	<25.956266, 36.254147, 23.268497>,  <26.094063, 35.878651, 23.272457>, 0.100000
	pigment { color rgbt <1,0,0,0> }
	no_shadow
}

// particle -1
sphere {
	<25.956266, 36.254147, 23.268497> 0.100000
	pigment { color rgbt <1,0,0,0> }
	no_shadow
}
sphere {
	0, 1
	scale<0.080000,0.200000,0.300000>
	matrix <0.750169, 0.281601, 0.598288,
		0.564422, 0.198680, -0.801220,
		-0.344492, 0.938737, -0.009899,
		25.852919, 36.535767, 23.265528>
	pigment { color rgbt <0,1,1,0> }
	no_shadow
}
cylinder {
	<26.750305, 36.368492, 23.222794>,  <26.094063, 35.878651, 23.272457>, 0.130000
	pigment { color rgbt <1,0,0,0> }
	no_shadow
}

// nucleotide -1

// particle -1
sphere {
	<26.750305, 36.368492, 23.222794> 0.250000
	pigment { color rgbt <1,0,0,0> }
	no_shadow
}
cylinder {
	<26.436007, 36.556458, 23.383684>,  <26.247427, 36.669235, 23.480219>, 0.100000
	pigment { color rgbt <1,0,0,0> }
	no_shadow
}
cylinder {
	<26.436007, 36.556458, 23.383684>,  <26.750305, 36.368492, 23.222794>, 0.100000
	pigment { color rgbt <1,0,0,0> }
	no_shadow
}

// particle -1
sphere {
	<26.436007, 36.556458, 23.383684> 0.100000
	pigment { color rgbt <1,0,0,0> }
	no_shadow
}
sphere {
	0, 1
	scale<0.080000,0.200000,0.300000>
	matrix <0.576399, 0.320331, 0.751766,
		0.224417, 0.822541, -0.522554,
		-0.785749, 0.469909, 0.402224,
		26.200281, 36.697430, 23.504351>
	pigment { color rgbt <0,1,1,0> }
	no_shadow
}
cylinder {
	<27.012859, 36.928593, 23.544100>,  <26.750305, 36.368492, 23.222794>, 0.130000
	pigment { color rgbt <1,0,0,0> }
	no_shadow
}

// nucleotide -1

// particle -1
sphere {
	<27.012859, 36.928593, 23.544100> 0.250000
	pigment { color rgbt <1,0,0,0> }
	no_shadow
}
cylinder {
	<26.657299, 36.891560, 23.723560>,  <26.443964, 36.869339, 23.831236>, 0.100000
	pigment { color rgbt <1,0,0,0> }
	no_shadow
}
cylinder {
	<26.657299, 36.891560, 23.723560>,  <27.012859, 36.928593, 23.544100>, 0.100000
	pigment { color rgbt <1,0,0,0> }
	no_shadow
}

// particle -1
sphere {
	<26.657299, 36.891560, 23.723560> 0.100000
	pigment { color rgbt <1,0,0,0> }
	no_shadow
}
sphere {
	0, 1
	scale<0.080000,0.200000,0.300000>
	matrix <0.364808, 0.449305, 0.815500,
		-0.277080, 0.888568, -0.365613,
		-0.888899, -0.092580, 0.448650,
		26.390629, 36.863785, 23.858156>
	pigment { color rgbt <0,1,1,0> }
	no_shadow
}
cylinder {
	<27.064995, 37.462540, 23.854977>,  <27.012859, 36.928593, 23.544100>, 0.130000
	pigment { color rgbt <1,0,0,0> }
	no_shadow
}

// nucleotide -1

// particle -1
sphere {
	<27.064995, 37.462540, 23.854977> 0.250000
	pigment { color rgbt <1,0,0,0> }
	no_shadow
}
cylinder {
	<26.772089, 37.256969, 24.033716>,  <26.596346, 37.133629, 24.140961>, 0.100000
	pigment { color rgbt <1,0,0,0> }
	no_shadow
}
cylinder {
	<26.772089, 37.256969, 24.033716>,  <27.064995, 37.462540, 23.854977>, 0.100000
	pigment { color rgbt <1,0,0,0> }
	no_shadow
}

// particle -1
sphere {
	<26.772089, 37.256969, 24.033716> 0.100000
	pigment { color rgbt <1,0,0,0> }
	no_shadow
}
sphere {
	0, 1
	scale<0.080000,0.200000,0.300000>
	matrix <0.188945, 0.477072, 0.858314,
		-0.654287, 0.712940, -0.252239,
		-0.732262, -0.513925, 0.446848,
		26.552410, 37.102791, 24.167770>
	pigment { color rgbt <0,1,1,0> }
	no_shadow
}
cylinder {
	<26.596102, 37.934513, 24.361759>,  <27.064995, 37.462540, 23.854977>, 0.130000
	pigment { color rgbt <1,0,0,0> }
	no_shadow
}

// nucleotide -1

// particle -1
sphere {
	<26.596102, 37.934513, 24.361759> 0.250000
	pigment { color rgbt <1,0,0,0> }
	no_shadow
}
cylinder {
	<26.574501, 37.549973, 24.469753>,  <26.561541, 37.319248, 24.534550>, 0.100000
	pigment { color rgbt <1,0,0,0> }
	no_shadow
}
cylinder {
	<26.574501, 37.549973, 24.469753>,  <26.596102, 37.934513, 24.361759>, 0.100000
	pigment { color rgbt <1,0,0,0> }
	no_shadow
}

// particle -1
sphere {
	<26.574501, 37.549973, 24.469753> 0.100000
	pigment { color rgbt <1,0,0,0> }
	no_shadow
}
sphere {
	0, 1
	scale<0.080000,0.200000,0.300000>
	matrix <0.147910, 0.259694, 0.954297,
		-0.987526, 0.091465, 0.128170,
		-0.054000, -0.961350, 0.269983,
		26.558300, 37.261566, 24.550749>
	pigment { color rgbt <0,1,1,0> }
	no_shadow
}
cylinder {
	<26.139145, 37.980537, 24.980970>,  <26.596102, 37.934513, 24.361759>, 0.130000
	pigment { color rgbt <1,0,0,0> }
	no_shadow
}

// nucleotide -1

// particle -1
sphere {
	<26.139145, 37.980537, 24.980970> 0.250000
	pigment { color rgbt <1,0,0,0> }
	no_shadow
}
cylinder {
	<26.344757, 37.637428, 24.981487>,  <26.468124, 37.431564, 24.981798>, 0.100000
	pigment { color rgbt <1,0,0,0> }
	no_shadow
}
cylinder {
	<26.344757, 37.637428, 24.981487>,  <26.139145, 37.980537, 24.980970>, 0.100000
	pigment { color rgbt <1,0,0,0> }
	no_shadow
}

// particle -1
sphere {
	<26.344757, 37.637428, 24.981487> 0.100000
	pigment { color rgbt <1,0,0,0> }
	no_shadow
}
sphere {
	0, 1
	scale<0.080000,0.200000,0.300000>
	matrix <0.099966, 0.061404, 0.993094,
		-0.851928, -0.510350, 0.117311,
		0.514029, -0.857772, 0.001294,
		26.498966, 37.380096, 24.981876>
	pigment { color rgbt <0,1,1,0> }
	no_shadow
}
cylinder {
	<25.907616, 37.495667, 25.548714>,  <26.139145, 37.980537, 24.980970>, 0.130000
	pigment { color rgbt <1,0,0,0> }
	no_shadow
}

// nucleotide -1

// particle -1
sphere {
	<25.907616, 37.495667, 25.548714> 0.250000
	pigment { color rgbt <1,0,0,0> }
	no_shadow
}
cylinder {
	<26.276505, 37.368481, 25.460714>,  <26.497839, 37.292168, 25.407915>, 0.100000
	pigment { color rgbt <1,0,0,0> }
	no_shadow
}
cylinder {
	<26.276505, 37.368481, 25.460714>,  <25.907616, 37.495667, 25.548714>, 0.100000
	pigment { color rgbt <1,0,0,0> }
	no_shadow
}

// particle -1
sphere {
	<26.276505, 37.368481, 25.460714> 0.100000
	pigment { color rgbt <1,0,0,0> }
	no_shadow
}
sphere {
	0, 1
	scale<0.080000,0.200000,0.300000>
	matrix <0.166667, -0.186502, 0.968214,
		-0.348893, -0.929577, -0.119002,
		0.922223, -0.317969, -0.219998,
		26.553171, 37.273090, 25.394714>
	pigment { color rgbt <0,1,1,0> }
	no_shadow
}
cylinder {
	<25.932695, 36.918476, 25.985647>,  <25.907616, 37.495667, 25.548714>, 0.130000
	pigment { color rgbt <1,0,0,0> }
	no_shadow
}

// nucleotide -1

// particle -1
sphere {
	<25.932695, 36.918476, 25.985647> 0.250000
	pigment { color rgbt <1,0,0,0> }
	no_shadow
}
cylinder {
	<26.318886, 36.985863, 25.906176>,  <26.550600, 37.026295, 25.858492>, 0.100000
	pigment { color rgbt <1,0,0,0> }
	no_shadow
}
cylinder {
	<26.318886, 36.985863, 25.906176>,  <25.932695, 36.918476, 25.985647>, 0.100000
	pigment { color rgbt <1,0,0,0> }
	no_shadow
}

// particle -1
sphere {
	<26.318886, 36.985863, 25.906176> 0.100000
	pigment { color rgbt <1,0,0,0> }
	no_shadow
}
sphere {
	0, 1
	scale<0.080000,0.200000,0.300000>
