// switches for output
#declare DRAW_BASES = 1; // possible values are 0, 1; only relevant for DNA ribbons
#declare DRAW_BASES_TYPE = 3; // possible values are 1, 2, 3; only relevant for DNA ribbons
#declare DRAW_FOG = 0; // set to 1 to enable fog

#include "colors.inc"

#include "transforms.inc"
background { rgb <1, 1, 1>}

#default {
   normal{
       ripples 0.25
       frequency 0.20
       turbulence 0.2
       lambda 5
   }
	finish {
		phong 0.1
		phong_size 40.
	}
}

// original window dimensions: 1024x640


// camera settings

camera {
	sky <0, 0.179814, -0.983701>
	up <0, 0.179814, -0.983701>
	right 1.6 * <1, 0, 0>
	location <35, 94.9851, 44.8844>
	look_at <35, 29.7336, 32.9568>
	direction <0, -65.2515, -11.9276>
	angle 67.0682
}


# declare cpy_camera_pos = <35, 94.9851, 44.8844>;
# if (DRAW_FOG = 1)
fog {
	fog_type 2
	up vnormalize(cpy_camera_pos)
	color rgbt<1,1,1,0.3>
	distance 1e-5
	fog_alt 3e-3
	fog_offset 56
}
# end


// LIGHTS

# declare lum = 6;
global_settings {
	ambient_light rgb lum * <0.05, 0.05, 0.05>
	max_trace_level 15
}# declare cpy_direct_light_amount = 0.25;
light_source
{	1000 * <-1, -1.16352, -0.803886>,
	rgb lum * cpy_direct_light_amount
	parallel
}

light_source
{	1000 * <1, 1.16352, 0.803886>,
	rgb lum * cpy_direct_light_amount
	parallel
}

// strand 0

// nucleotide -1

// particle -1
sphere {
	<24.078529, 34.624775, 34.429905> 0.250000
	pigment { color rgbt <1,0,0,0> }
	no_shadow
}
cylinder {
	<24.112831, 34.840828, 34.764782>,  <24.133411, 34.970459, 34.965710>, 0.100000
	pigment { color rgbt <1,0,0,0> }
	no_shadow
}
cylinder {
	<24.112831, 34.840828, 34.764782>,  <24.078529, 34.624775, 34.429905>, 0.100000
	pigment { color rgbt <1,0,0,0> }
	no_shadow
}

// particle -1
sphere {
	<24.112831, 34.840828, 34.764782> 0.100000
	pigment { color rgbt <1,0,0,0> }
	no_shadow
}
sphere {
	0, 1
	scale<0.080000,0.200000,0.300000>
	matrix <0.380594, 0.758807, -0.528545,
		-0.920758, 0.363956, -0.140503,
		0.085753, 0.540137, 0.837197,
		24.138557, 35.002869, 35.015942>
	pigment { color rgbt <0,1,1,0> }
	no_shadow
}
cylinder {
	<23.813459, 35.284832, 34.388538>,  <24.078529, 34.624775, 34.429905>, 0.130000
	pigment { color rgbt <1,0,0,0> }
	no_shadow
}

// nucleotide -1

// particle -1
sphere {
	<23.813459, 35.284832, 34.388538> 0.250000
	pigment { color rgbt <1,0,0,0> }
	no_shadow
}
cylinder {
	<24.115139, 35.291252, 34.651119>,  <24.296146, 35.295105, 34.808666>, 0.100000
	pigment { color rgbt <1,0,0,0> }
	no_shadow
}
cylinder {
	<24.115139, 35.291252, 34.651119>,  <23.813459, 35.284832, 34.388538>, 0.100000
	pigment { color rgbt <1,0,0,0> }
	no_shadow
}

// particle -1
sphere {
	<24.115139, 35.291252, 34.651119> 0.100000
	pigment { color rgbt <1,0,0,0> }
	no_shadow
}
sphere {
	0, 1
	scale<0.080000,0.200000,0.300000>
	matrix <0.294839, 0.884982, -0.360385,
		-0.586734, 0.465349, 0.662717,
		0.754197, 0.016055, 0.656452,
		24.341398, 35.296070, 34.848053>
	pigment { color rgbt <0,1,1,0> }
	no_shadow
}
cylinder {
	<23.798552, 35.879143, 34.807480>,  <23.813459, 35.284832, 34.388538>, 0.130000
	pigment { color rgbt <1,0,0,0> }
	no_shadow
}

// nucleotide -1

// particle -1
sphere {
	<23.798552, 35.879143, 34.807480> 0.250000
	pigment { color rgbt <1,0,0,0> }
	no_shadow
}
cylinder {
	<24.172132, 35.757675, 34.732094>,  <24.396282, 35.684795, 34.686863>, 0.100000
	pigment { color rgbt <1,0,0,0> }
	no_shadow
}
cylinder {
	<24.172132, 35.757675, 34.732094>,  <23.798552, 35.879143, 34.807480>, 0.100000
	pigment { color rgbt <1,0,0,0> }
	no_shadow
}

// particle -1
sphere {
	<24.172132, 35.757675, 34.732094> 0.100000
	pigment { color rgbt <1,0,0,0> }
	no_shadow
}
sphere {
	0, 1
	scale<0.080000,0.200000,0.300000>
	matrix <0.267333, 0.943558, -0.195528,
		0.237201, 0.132231, 0.962419,
		0.933953, -0.303666, -0.188463,
		24.452318, 35.666576, 34.675556>
	pigment { color rgbt <0,1,1,0> }
	no_shadow
}
cylinder {
	<24.149080, 36.346050, 35.183762>,  <23.798552, 35.879143, 34.807480>, 0.130000
	pigment { color rgbt <1,0,0,0> }
	no_shadow
}

// nucleotide -1

// particle -1
sphere {
	<24.149080, 36.346050, 35.183762> 0.250000
	pigment { color rgbt <1,0,0,0> }
	no_shadow
}
cylinder {
	<24.392952, 36.215111, 34.895004>,  <24.539276, 36.136547, 34.721748>, 0.100000
	pigment { color rgbt <1,0,0,0> }
	no_shadow
}
cylinder {
	<24.392952, 36.215111, 34.895004>,  <24.149080, 36.346050, 35.183762>, 0.100000
	pigment { color rgbt <1,0,0,0> }
	no_shadow
}

// particle -1
sphere {
	<24.392952, 36.215111, 34.895004> 0.100000
	pigment { color rgbt <1,0,0,0> }
	no_shadow
}
sphere {
	0, 1
	scale<0.080000,0.200000,0.300000>
	matrix <0.278690, 0.941118, -0.191388,
		0.742038, -0.084499, 0.665011,
		0.609681, -0.327349, -0.721894,
		24.575857, 36.116905, 34.678436>
	pigment { color rgbt <0,1,1,0> }
	no_shadow
}
cylinder {
	<24.838570, 36.561256, 35.411587>,  <24.149080, 36.346050, 35.183762>, 0.130000
	pigment { color rgbt <1,0,0,0> }
	no_shadow
}

// nucleotide -1

// particle -1
sphere {
	<24.838570, 36.561256, 35.411587> 0.250000
	pigment { color rgbt <1,0,0,0> }
	no_shadow
}
cylinder {
	<24.823715, 36.509384, 35.015244>,  <24.814802, 36.478260, 34.777435>, 0.100000
	pigment { color rgbt <1,0,0,0> }
	no_shadow
}
cylinder {
	<24.823715, 36.509384, 35.015244>,  <24.838570, 36.561256, 35.411587>, 0.100000
	pigment { color rgbt <1,0,0,0> }
	no_shadow
}

// particle -1
sphere {
	<24.823715, 36.509384, 35.015244> 0.100000
	pigment { color rgbt <1,0,0,0> }
	no_shadow
}
sphere {
	0, 1
	scale<0.080000,0.200000,0.300000>
	matrix <0.316699, 0.938906, -0.134750,
		0.947799, -0.318809, 0.006200,
		-0.037139, -0.129679, -0.990860,
		24.812574, 36.470482, 34.717987>
	pigment { color rgbt <0,1,1,0> }
	no_shadow
}
cylinder {
	<25.546297, 36.755844, 35.222534>,  <24.838570, 36.561256, 35.411587>, 0.130000
	pigment { color rgbt <1,0,0,0> }
	no_shadow
}

// nucleotide -1

// particle -1
sphere {
	<25.546297, 36.755844, 35.222534> 0.250000
	pigment { color rgbt <1,0,0,0> }
	no_shadow
}
cylinder {
	<25.251270, 36.810249, 34.957958>,  <25.074255, 36.842892, 34.799213>, 0.100000
	pigment { color rgbt <1,0,0,0> }
	no_shadow
}
cylinder {
	<25.251270, 36.810249, 34.957958>,  <25.546297, 36.755844, 35.222534>, 0.100000
	pigment { color rgbt <1,0,0,0> }
	no_shadow
}

// particle -1
sphere {
	<25.251270, 36.810249, 34.957958> 0.100000
	pigment { color rgbt <1,0,0,0> }
	no_shadow
}
sphere {
	0, 1
	scale<0.080000,0.200000,0.300000>
	matrix <0.193797, 0.980936, -0.014388,
		0.646869, -0.138796, -0.749864,
		-0.737566, 0.136014, -0.661435,
		25.030001, 36.851055, 34.759529>
	pigment { color rgbt <0,1,1,0> }
	no_shadow
}
cylinder {
	<25.868961, 37.206074, 34.785618>,  <25.546297, 36.755844, 35.222534>, 0.130000
	pigment { color rgbt <1,0,0,0> }
	no_shadow
}

// nucleotide -1

// particle -1
sphere {
	<25.868961, 37.206074, 34.785618> 0.250000
	pigment { color rgbt <1,0,0,0> }
	no_shadow
}
cylinder {
	<25.470484, 37.234833, 34.765896>,  <25.231398, 37.252087, 34.754063>, 0.100000
	pigment { color rgbt <1,0,0,0> }
	no_shadow
}
cylinder {
	<25.470484, 37.234833, 34.765896>,  <25.868961, 37.206074, 34.785618>, 0.100000
	pigment { color rgbt <1,0,0,0> }
	no_shadow
}

// particle -1
sphere {
	<25.470484, 37.234833, 34.765896> 0.100000
	pigment { color rgbt <1,0,0,0> }
	no_shadow
}
sphere {
	0, 1
	scale<0.080000,0.200000,0.300000>
	matrix <0.070604, 0.997125, 0.027500,
		0.051144, 0.023914, -0.998405,
		-0.996192, 0.071898, -0.049309,
		25.171625, 37.256401, 34.751102>
	pigment { color rgbt <0,1,1,0> }
	no_shadow
}
cylinder {
	<26.595829, 37.255791, 34.879333>,  <25.868961, 37.206074, 34.785618>, 0.130000
	pigment { color rgbt <1,0,0,0> }
	no_shadow
}

// nucleotide -1

// particle -1
sphere {
	<26.595829, 37.255791, 34.879333> 0.250000
	pigment { color rgbt <1,0,0,0> }
	no_shadow
}
cylinder {
	<26.938957, 37.414383, 34.748520>,  <27.144835, 37.509537, 34.670033>, 0.100000
	pigment { color rgbt <1,0,0,0> }
	no_shadow
}
cylinder {
	<26.938957, 37.414383, 34.748520>,  <26.595829, 37.255791, 34.879333>, 0.100000
	pigment { color rgbt <1,0,0,0> }
	no_shadow
}

// particle -1
sphere {
	<26.938957, 37.414383, 34.748520> 0.100000
	pigment { color rgbt <1,0,0,0> }
	no_shadow
}
sphere {
	0, 1
	scale<0.080000,0.200000,0.300000>
	matrix <-0.513877, 0.672563, -0.532531,
		0.008811, 0.624869, 0.780680,
		0.857819, 0.396481, -0.327032,
		27.196302, 37.533329, 34.650410>
	pigment { color rgbt <0,1,1,0> }
	no_shadow
}
cylinder {
	<26.387852, 37.925472, 34.836174>,  <26.595829, 37.255791, 34.879333>, 0.130000
	pigment { color rgbt <1,0,0,0> }
	no_shadow
}

// nucleotide -1

// particle -1
sphere {
	<26.387852, 37.925472, 34.836174> 0.250000
	pigment { color rgbt <1,0,0,0> }
	no_shadow
}
cylinder {
	<26.724865, 37.900082, 34.622219>,  <26.927073, 37.884846, 34.493847>, 0.100000
	pigment { color rgbt <1,0,0,0> }
	no_shadow
}
cylinder {
	<26.724865, 37.900082, 34.622219>,  <26.387852, 37.925472, 34.836174>, 0.100000
	pigment { color rgbt <1,0,0,0> }
	no_shadow
}

// particle -1
sphere {
	<26.724865, 37.900082, 34.622219> 0.100000
	pigment { color rgbt <1,0,0,0> }
	no_shadow
}
sphere {
	0, 1
	scale<0.080000,0.200000,0.300000>
	matrix <-0.368489, 0.656374, -0.658323,
		0.392879, 0.751760, 0.529625,
		0.842533, -0.063480, -0.534890,
		26.977625, 37.881039, 34.461750>
	pigment { color rgbt <0,1,1,0> }
	no_shadow
}
cylinder {
	<26.453793, 38.567898, 34.575035>,  <26.387852, 37.925472, 34.836174>, 0.130000
	pigment { color rgbt <1,0,0,0> }
	no_shadow
}

// nucleotide -1

// particle -1
sphere {
	<26.453793, 38.567898, 34.575035> 0.250000
	pigment { color rgbt <1,0,0,0> }
	no_shadow
}
cylinder {
	<26.708302, 38.377155, 34.332458>,  <26.861008, 38.262711, 34.186913>, 0.100000
	pigment { color rgbt <1,0,0,0> }
	no_shadow
}
cylinder {
	<26.708302, 38.377155, 34.332458>,  <26.453793, 38.567898, 34.575035>, 0.100000
	pigment { color rgbt <1,0,0,0> }
	no_shadow
}

// particle -1
sphere {
	<26.708302, 38.377155, 34.332458> 0.100000
	pigment { color rgbt <1,0,0,0> }
	no_shadow
}
sphere {
	0, 1
	scale<0.080000,0.200000,0.300000>
	matrix <-0.256767, 0.610370, -0.749346,
		0.727479, 0.632503, 0.265923,
		0.636274, -0.476853, -0.606437,
		26.899183, 38.234100, 34.150528>
	pigment { color rgbt <0,1,1,0> }
	no_shadow
}
cylinder {
	<27.006554, 39.029255, 34.252048>,  <26.453793, 38.567898, 34.575035>, 0.130000
	pigment { color rgbt <1,0,0,0> }
	no_shadow
}

// nucleotide -1

// particle -1
sphere {
	<27.006554, 39.029255, 34.252048> 0.250000
	pigment { color rgbt <1,0,0,0> }
	no_shadow
}
cylinder {
	<27.007607, 38.720421, 33.997841>,  <27.008238, 38.535122, 33.845318>, 0.100000
	pigment { color rgbt <1,0,0,0> }
	no_shadow
}
cylinder {
	<27.007607, 38.720421, 33.997841>,  <27.006554, 39.029255, 34.252048>, 0.100000
	pigment { color rgbt <1,0,0,0> }
	no_shadow
}

// particle -1
sphere {
	<27.007607, 38.720421, 33.997841> 0.100000
	pigment { color rgbt <1,0,0,0> }
	no_shadow
}
sphere {
	0, 1
	scale<0.080000,0.200000,0.300000>
	matrix <-0.147786, 0.628239, -0.763855,
		0.989016, 0.095931, -0.112450,
		0.002632, -0.772083, -0.635516,
		27.008396, 38.488796, 33.807186>
	pigment { color rgbt <0,1,1,0> }
	no_shadow
}
cylinder {
	<27.658197, 39.111805, 33.833889>,  <27.006554, 39.029255, 34.252048>, 0.130000
	pigment { color rgbt <1,0,0,0> }
	no_shadow
}

// nucleotide -1

// particle -1
sphere {
	<27.658197, 39.111805, 33.833889> 0.250000
	pigment { color rgbt <1,0,0,0> }
	no_shadow
}
cylinder {
	<27.384836, 38.882523, 33.653053>,  <27.220819, 38.744953, 33.544552>, 0.100000
	pigment { color rgbt <1,0,0,0> }
	no_shadow
}
cylinder {
	<27.384836, 38.882523, 33.653053>,  <27.658197, 39.111805, 33.833889>, 0.100000
	pigment { color rgbt <1,0,0,0> }
	no_shadow
}

// particle -1
sphere {
	<27.384836, 38.882523, 33.653053> 0.100000
	pigment { color rgbt <1,0,0,0> }
	no_shadow
}
sphere {
	0, 1
	scale<0.080000,0.200000,0.300000>
	matrix <0.098205, 0.541460, -0.834971,
		0.723405, -0.615021, -0.313744,
		-0.683404, -0.573211, -0.452093,
		27.179815, 38.710560, 33.517426>
	pigment { color rgbt <0,1,1,0> }
	no_shadow
}
cylinder {
	<27.905931, 38.994209, 33.150955>,  <27.658197, 39.111805, 33.833889>, 0.130000
	pigment { color rgbt <1,0,0,0> }
	no_shadow
}

// nucleotide -1

// particle -1
sphere {
	<27.905931, 38.994209, 33.150955> 0.250000
	pigment { color rgbt <1,0,0,0> }
	no_shadow
}
cylinder {
	<27.515724, 38.915913, 33.110847>,  <27.281601, 38.868935, 33.086781>, 0.100000
	pigment { color rgbt <1,0,0,0> }
	no_shadow
}
cylinder {
	<27.515724, 38.915913, 33.110847>,  <27.905931, 38.994209, 33.150955>, 0.100000
	pigment { color rgbt <1,0,0,0> }
	no_shadow
}

// particle -1
sphere {
	<27.515724, 38.915913, 33.110847> 0.100000
	pigment { color rgbt <1,0,0,0> }
	no_shadow
}
sphere {
	0, 1
	scale<0.080000,0.200000,0.300000>
	matrix <0.016146, 0.390958, -0.920267,
		0.219333, -0.899354, -0.378225,
		-0.975517, -0.195738, -0.100271,
		27.223070, 38.857189, 33.080765>
	pigment { color rgbt <0,1,1,0> }
	no_shadow
}
cylinder {
	<27.799677, 38.789936, 32.432545>,  <27.905931, 38.994209, 33.150955>, 0.130000
	pigment { color rgbt <1,0,0,0> }
	no_shadow
}

// nucleotide -1

// particle -1
sphere {
	<27.799677, 38.789936, 32.432545> 0.250000
	pigment { color rgbt <1,0,0,0> }
	no_shadow
}
cylinder {
	<27.435713, 38.870949, 32.577347>,  <27.217335, 38.919556, 32.664227>, 0.100000
	pigment { color rgbt <1,0,0,0> }
	no_shadow
}
cylinder {
	<27.435713, 38.870949, 32.577347>,  <27.799677, 38.789936, 32.432545>, 0.100000
	pigment { color rgbt <1,0,0,0> }
	no_shadow
}

// particle -1
sphere {
	<27.435713, 38.870949, 32.577347> 0.100000
	pigment { color rgbt <1,0,0,0> }
	no_shadow
}
sphere {
	0, 1
	scale<0.080000,0.200000,0.300000>
	matrix <-0.204391, 0.540501, -0.816139,
		-0.360957, -0.816602, -0.450412,
		-0.909909, 0.202531, 0.362004,
		27.162741, 38.931709, 32.685947>
	pigment { color rgbt <0,1,1,0> }
	no_shadow
}
cylinder {
	<27.306826, 38.653000, 31.953199>,  <27.799677, 38.789936, 32.432545>, 0.130000
	pigment { color rgbt <1,0,0,0> }
	no_shadow
}

// nucleotide -1

// particle -1
sphere {
	<27.306826, 38.653000, 31.953199> 0.250000
	pigment { color rgbt <1,0,0,0> }
	no_shadow
}
cylinder {
	<27.084852, 38.891811, 32.184925>,  <26.951668, 39.035099, 32.323959>, 0.100000
	pigment { color rgbt <1,0,0,0> }
	no_shadow
}
cylinder {
	<27.084852, 38.891811, 32.184925>,  <27.306826, 38.653000, 31.953199>, 0.100000
	pigment { color rgbt <1,0,0,0> }
	no_shadow
}

// particle -1
sphere {
	<27.084852, 38.891811, 32.184925> 0.100000
	pigment { color rgbt <1,0,0,0> }
	no_shadow
}
sphere {
	0, 1
	scale<0.080000,0.200000,0.300000>
	matrix <-0.285381, 0.517497, -0.806694,
		-0.781413, -0.612987, -0.116796,
		-0.554934, 0.597030, 0.579314,
		26.918371, 39.070919, 32.358719>
	pigment { color rgbt <0,1,1,0> }
	no_shadow
}
cylinder {
	<26.633554, 38.811867, 31.499329>,  <27.306826, 38.653000, 31.953199>, 0.130000
	pigment { color rgbt <1,0,0,0> }
	no_shadow
}

// nucleotide -1

// particle -1
sphere {
	<26.633554, 38.811867, 31.499329> 0.250000
	pigment { color rgbt <1,0,0,0> }
	no_shadow
}
cylinder {
	<26.678843, 39.067181, 31.803900>,  <26.706015, 39.220371, 31.986643>, 0.100000
	pigment { color rgbt <1,0,0,0> }
	no_shadow
}
cylinder {
	<26.678843, 39.067181, 31.803900>,  <26.633554, 38.811867, 31.499329>, 0.100000
	pigment { color rgbt <1,0,0,0> }
	no_shadow
}

// particle -1
sphere {
	<26.678843, 39.067181, 31.803900> 0.100000
	pigment { color rgbt <1,0,0,0> }
	no_shadow
}
sphere {
	0, 1
	scale<0.080000,0.200000,0.300000>
	matrix <-0.419667, 0.725359, -0.545650,
		-0.900589, -0.257768, 0.349992,
		0.113218, 0.638286, 0.761428,
		26.712809, 39.258667, 32.032330>
	pigment { color rgbt <0,1,1,0> }
	no_shadow
}
cylinder {
	<25.966770, 39.038639, 31.684889>,  <26.633554, 38.811867, 31.499329>, 0.130000
	pigment { color rgbt <1,0,0,0> }
	no_shadow
}

// nucleotide -1

// particle -1
sphere {
	<25.966770, 39.038639, 31.684889> 0.250000
	pigment { color rgbt <1,0,0,0> }
	no_shadow
}
cylinder {
	<26.207542, 39.331936, 31.811399>,  <26.352005, 39.507915, 31.887306>, 0.100000
	pigment { color rgbt <1,0,0,0> }
	no_shadow
}
cylinder {
	<26.207542, 39.331936, 31.811399>,  <25.966770, 39.038639, 31.684889>, 0.100000
	pigment { color rgbt <1,0,0,0> }
	no_shadow
}

// particle -1
sphere {
	<26.207542, 39.331936, 31.811399> 0.100000
	pigment { color rgbt <1,0,0,0> }
	no_shadow
}
sphere {
	0, 1
	scale<0.080000,0.200000,0.300000>
	matrix <-0.467716, 0.644744, -0.604605,
		-0.647242, 0.216002, 0.731041,
		0.601930, 0.733245, 0.316277,
		26.388121, 39.551910, 31.906282>
	pigment { color rgbt <0,1,1,0> }
	no_shadow
}
cylinder {
	<25.545967, 39.559208, 31.771347>,  <25.966770, 39.038639, 31.684889>, 0.130000
	pigment { color rgbt <1,0,0,0> }
	no_shadow
}

// nucleotide -1

// particle -1
sphere {
	<25.545967, 39.559208, 31.771347> 0.250000
	pigment { color rgbt <1,0,0,0> }
	no_shadow
}
cylinder {
	<25.903389, 39.733753, 31.729126>,  <26.117842, 39.838482, 31.703794>, 0.100000
	pigment { color rgbt <1,0,0,0> }
	no_shadow
}
cylinder {
	<25.903389, 39.733753, 31.729126>,  <25.545967, 39.559208, 31.771347>, 0.100000
	pigment { color rgbt <1,0,0,0> }
	no_shadow
}

// particle -1
sphere {
	<25.903389, 39.733753, 31.729126> 0.100000
	pigment { color rgbt <1,0,0,0> }
	no_shadow
}
sphere {
	0, 1
	scale<0.080000,0.200000,0.300000>
	matrix <-0.407647, 0.690099, -0.597986,
		-0.188101, 0.577362, 0.794526,
		0.893556, 0.436368, -0.105552,
		26.171455, 39.864662, 31.697460>
	pigment { color rgbt <0,1,1,0> }
	no_shadow
}
cylinder {
	<25.386349, 40.224354, 31.762304>,  <25.545967, 39.559208, 31.771347>, 0.130000
	pigment { color rgbt <1,0,0,0> }
	no_shadow
}

// nucleotide -1

// particle -1
sphere {
	<25.386349, 40.224354, 31.762304> 0.250000
	pigment { color rgbt <1,0,0,0> }
	no_shadow
}
cylinder {
	<25.761105, 40.228397, 31.622511>,  <25.985958, 40.230824, 31.538635>, 0.100000
	pigment { color rgbt <1,0,0,0> }
	no_shadow
}
cylinder {
	<25.761105, 40.228397, 31.622511>,  <25.386349, 40.224354, 31.762304>, 0.100000
	pigment { color rgbt <1,0,0,0> }
	no_shadow
}

// particle -1
sphere {
	<25.761105, 40.228397, 31.622511> 0.100000
	pigment { color rgbt <1,0,0,0> }
	no_shadow
}
sphere {
	0, 1
	scale<0.080000,0.200000,0.300000>
	matrix <-0.188221, 0.856962, -0.479781,
		0.294641, 0.515281, 0.804781,
		0.936888, 0.010113, -0.349483,
		26.042171, 40.231430, 31.517666>
	pigment { color rgbt <0,1,1,0> }
	no_shadow
}
cylinder {
	<25.648932, 40.746067, 32.024544>,  <25.386349, 40.224354, 31.762304>, 0.130000
	pigment { color rgbt <1,0,0,0> }
	no_shadow
}

// nucleotide -1

// particle -1
sphere {
	<25.648932, 40.746067, 32.024544> 0.250000
	pigment { color rgbt <1,0,0,0> }
	no_shadow
}
cylinder {
	<25.894749, 40.660892, 31.720703>,  <26.042240, 40.609787, 31.538399>, 0.100000
	pigment { color rgbt <1,0,0,0> }
	no_shadow
}
cylinder {
	<25.894749, 40.660892, 31.720703>,  <25.648932, 40.746067, 32.024544>, 0.100000
	pigment { color rgbt <1,0,0,0> }
	no_shadow
}

// particle -1
sphere {
	<25.894749, 40.660892, 31.720703> 0.100000
	pigment { color rgbt <1,0,0,0> }
	no_shadow
}
sphere {
	0, 1
	scale<0.080000,0.200000,0.300000>
	matrix <-0.181929, 0.898675, -0.399105,
		0.767618, 0.383461, 0.513537,
		0.614544, -0.212933, -0.759602,
		26.079111, 40.597012, 31.492823>
	pigment { color rgbt <0,1,1,0> }
	no_shadow
}
cylinder {
	<26.051180, 41.322006, 31.910849>,  <25.648932, 40.746067, 32.024544>, 0.130000
	pigment { color rgbt <1,0,0,0> }
	no_shadow
}

// nucleotide -1

// particle -1
sphere {
	<26.051180, 41.322006, 31.910849> 0.250000
	pigment { color rgbt <1,0,0,0> }
	no_shadow
}
cylinder {
	<26.094147, 41.128262, 31.563549>,  <26.119926, 41.012016, 31.355169>, 0.100000
	pigment { color rgbt <1,0,0,0> }
	no_shadow
}
cylinder {
	<26.094147, 41.128262, 31.563549>,  <26.051180, 41.322006, 31.910849>, 0.100000
	pigment { color rgbt <1,0,0,0> }
	no_shadow
}

// particle -1
sphere {
	<26.094147, 41.128262, 31.563549> 0.100000
	pigment { color rgbt <1,0,0,0> }
	no_shadow
}
sphere {
	0, 1
	scale<0.080000,0.200000,0.300000>
	matrix <-0.035618, 0.870868, -0.490224,
		0.993576, 0.083584, 0.076294,
		0.107417, -0.484358, -0.868251,
		26.126371, 40.982956, 31.303074>
	pigment { color rgbt <0,1,1,0> }
	no_shadow
}
cylinder {
	<26.450468, 41.704216, 31.586710>,  <26.051180, 41.322006, 31.910849>, 0.130000
	pigment { color rgbt <1,0,0,0> }
	no_shadow
}

// nucleotide -1

// particle -1
sphere {
	<26.450468, 41.704216, 31.586710> 0.250000
	pigment { color rgbt <1,0,0,0> }
	no_shadow
}
cylinder {
	<26.226933, 41.492989, 31.330948>,  <26.092812, 41.366253, 31.177490>, 0.100000
	pigment { color rgbt <1,0,0,0> }
	no_shadow
}
cylinder {
	<26.226933, 41.492989, 31.330948>,  <26.450468, 41.704216, 31.586710>, 0.100000
	pigment { color rgbt <1,0,0,0> }
	no_shadow
}

// particle -1
sphere {
	<26.226933, 41.492989, 31.330948> 0.100000
	pigment { color rgbt <1,0,0,0> }
	no_shadow
}
sphere {
	0, 1
	scale<0.080000,0.200000,0.300000>
	matrix <-0.117627, 0.813721, -0.569230,
		0.820886, -0.242902, -0.516861,
		-0.558847, -0.528069, -0.639400,
		26.059280, 41.334568, 31.139126>
	pigment { color rgbt <0,1,1,0> }
	no_shadow
}
cylinder {
	<26.588263, 42.029964, 30.933125>,  <26.450468, 41.704216, 31.586710>, 0.130000
	pigment { color rgbt <1,0,0,0> }
	no_shadow
}

// nucleotide -1

// particle -1
sphere {
	<26.588263, 42.029964, 30.933125> 0.250000
	pigment { color rgbt <1,0,0,0> }
	no_shadow
}
cylinder {
	<26.249266, 41.824261, 30.880518>,  <26.045868, 41.700840, 30.848955>, 0.100000
	pigment { color rgbt <1,0,0,0> }
	no_shadow
}
cylinder {
	<26.249266, 41.824261, 30.880518>,  <26.588263, 42.029964, 30.933125>, 0.100000
	pigment { color rgbt <1,0,0,0> }
	no_shadow
}

// particle -1
sphere {
	<26.249266, 41.824261, 30.880518> 0.100000
	pigment { color rgbt <1,0,0,0> }
	no_shadow
}
sphere {
	0, 1
	scale<0.080000,0.200000,0.300000>
	matrix <-0.333270, 0.708354, -0.622226,
		0.413144, -0.483502, -0.771711,
		-0.847493, -0.514257, -0.131515,
		25.995018, 41.669983, 30.841063>
	pigment { color rgbt <0,1,1,0> }
	no_shadow
}
cylinder {
	<26.541601, 42.201294, 30.352108>,  <26.588263, 42.029964, 30.933125>, 0.130000
	pigment { color rgbt <1,0,0,0> }
	no_shadow
}

// nucleotide -1

// particle -1
sphere {
	<26.541601, 42.201294, 30.352108> 0.250000
	pigment { color rgbt <1,0,0,0> }
	no_shadow
}
cylinder {
	<26.184420, 42.041954, 30.435966>,  <25.970110, 41.946350, 30.486280>, 0.100000
	pigment { color rgbt <1,0,0,0> }
	no_shadow
}
cylinder {
	<26.184420, 42.041954, 30.435966>,  <26.541601, 42.201294, 30.352108>, 0.100000
	pigment { color rgbt <1,0,0,0> }
	no_shadow
}

// particle -1
sphere {
	<26.184420, 42.041954, 30.435966> 0.100000
	pigment { color rgbt <1,0,0,0> }
	no_shadow
}
sphere {
	0, 1
	scale<0.080000,0.200000,0.300000>
	matrix <-0.407973, 0.519342, -0.750894,
		0.190241, -0.756044, -0.626264,
		-0.892954, -0.398350, 0.209646,
		25.916534, 41.922447, 30.498859>
	pigment { color rgbt <0,1,1,0> }
	no_shadow
}
cylinder {
	<26.182165, 41.924374, 29.712925>,  <26.541601, 42.201294, 30.352108>, 0.130000
	pigment { color rgbt <1,0,0,0> }
	no_shadow
}

// nucleotide -1

// particle -1
sphere {
	<26.182165, 41.924374, 29.712925> 0.250000
	pigment { color rgbt <1,0,0,0> }
	no_shadow
}
cylinder {
	<25.926508, 42.030087, 30.001827>,  <25.773113, 42.093513, 30.175169>, 0.100000
	pigment { color rgbt <1,0,0,0> }
	no_shadow
}
cylinder {
	<25.926508, 42.030087, 30.001827>,  <26.182165, 41.924374, 29.712925>, 0.100000
	pigment { color rgbt <1,0,0,0> }
	no_shadow
}

// particle -1
sphere {
	<25.926508, 42.030087, 30.001827> 0.100000
	pigment { color rgbt <1,0,0,0> }
	no_shadow
}
sphere {
	0, 1
	scale<0.080000,0.200000,0.300000>
	matrix <-0.492169, 0.581088, -0.648156,
		-0.590988, -0.769736, -0.241328,
		-0.639142, 0.264278, 0.722256,
		25.734766, 42.109371, 30.218504>
	pigment { color rgbt <0,1,1,0> }
	no_shadow
}
cylinder {
	<26.920031, 41.775116, 29.462881>,  <26.182165, 41.924374, 29.712925>, 0.130000
	pigment { color rgbt <1,0,0,0> }
	no_shadow
}

// nucleotide -1

// particle -1
sphere {
	<26.920031, 41.775116, 29.462881> 0.250000
	pigment { color rgbt <1,0,0,0> }
	no_shadow
}
cylinder {
	<27.146996, 41.864677, 29.145918>,  <27.283175, 41.918415, 28.955740>, 0.100000
	pigment { color rgbt <1,0,0,0> }
	no_shadow
}
cylinder {
	<27.146996, 41.864677, 29.145918>,  <26.920031, 41.775116, 29.462881>, 0.100000
	pigment { color rgbt <1,0,0,0> }
	no_shadow
}

// particle -1
sphere {
	<27.146996, 41.864677, 29.145918> 0.100000
	pigment { color rgbt <1,0,0,0> }
	no_shadow
}
sphere {
	0, 1
	scale<0.080000,0.200000,0.300000>
	matrix <-0.570092, 0.801208, -0.181827,
		0.594172, 0.554916, 0.582261,
		0.567411, 0.223906, -0.792408,
		27.317219, 41.931850, 28.908195>
	pigment { color rgbt <0,1,1,0> }
	no_shadow
}
cylinder {
	<27.252346, 42.396076, 29.578005>,  <26.920031, 41.775116, 29.462881>, 0.130000
	pigment { color rgbt <1,0,0,0> }
	no_shadow
}

// nucleotide -1

// particle -1
sphere {
	<27.252346, 42.396076, 29.578005> 0.250000
	pigment { color rgbt <1,0,0,0> }
	no_shadow
}
cylinder {
	<27.167274, 42.302872, 29.198431>,  <27.116232, 42.246948, 28.970688>, 0.100000
	pigment { color rgbt <1,0,0,0> }
	no_shadow
}
cylinder {
	<27.167274, 42.302872, 29.198431>,  <27.252346, 42.396076, 29.578005>, 0.100000
	pigment { color rgbt <1,0,0,0> }
	no_shadow
}

// particle -1
sphere {
	<27.167274, 42.302872, 29.198431> 0.100000
	pigment { color rgbt <1,0,0,0> }
	no_shadow
}
sphere {
	0, 1
	scale<0.080000,0.200000,0.300000>
	matrix <-0.560499, 0.824581, -0.076854,
		0.800379, 0.515530, -0.305976,
		-0.212681, -0.233011, -0.948932,
		27.103470, 42.232967, 28.913752>
	pigment { color rgbt <0,1,1,0> }
	no_shadow
}
cylinder {
	<27.345509, 42.952114, 29.096392>,  <27.252346, 42.396076, 29.578005>, 0.130000
	pigment { color rgbt <1,0,0,0> }
	no_shadow
}

// nucleotide -1

// particle -1
sphere {
	<27.345509, 42.952114, 29.096392> 0.250000
	pigment { color rgbt <1,0,0,0> }
	no_shadow
}
cylinder {
	<27.054903, 42.697647, 28.992496>,  <26.880539, 42.544968, 28.930159>, 0.100000
	pigment { color rgbt <1,0,0,0> }
	no_shadow
}
cylinder {
	<27.054903, 42.697647, 28.992496>,  <27.345509, 42.952114, 29.096392>, 0.100000
	pigment { color rgbt <1,0,0,0> }
	no_shadow
}

// particle -1
sphere {
	<27.054903, 42.697647, 28.992496> 0.100000
	pigment { color rgbt <1,0,0,0> }
	no_shadow
}
sphere {
	0, 1
	scale<0.080000,0.200000,0.300000>
	matrix <-0.663739, 0.747525, 0.025650,
		0.177844, 0.191034, -0.965338,
		-0.726514, -0.636171, -0.259740,
		26.836948, 42.506798, 28.914574>
	pigment { color rgbt <0,1,1,0> }
	no_shadow
}
cylinder {
	<26.983877, 43.168484, 28.581743>,  <27.345509, 42.952114, 29.096392>, 0.130000
	pigment { color rgbt <1,0,0,0> }
	no_shadow
}

// nucleotide -1

// particle -1
sphere {
	<26.983877, 43.168484, 28.581743> 0.250000
	pigment { color rgbt <1,0,0,0> }
	no_shadow
}
cylinder {
	<26.720537, 42.943218, 28.781511>,  <26.562532, 42.808060, 28.901371>, 0.100000
	pigment { color rgbt <1,0,0,0> }
	no_shadow
}
cylinder {
	<26.720537, 42.943218, 28.781511>,  <26.983877, 43.168484, 28.581743>, 0.100000
	pigment { color rgbt <1,0,0,0> }
	no_shadow
}

// particle -1
sphere {
	<26.720537, 42.943218, 28.781511> 0.100000
	pigment { color rgbt <1,0,0,0> }
	no_shadow
}
sphere {
	0, 1
	scale<0.080000,0.200000,0.300000>
	matrix <-0.675682, 0.734547, -0.062405,
		-0.331703, -0.378532, -0.864110,
		-0.658352, -0.563164, 0.499419,
		26.523031, 42.774269, 28.931337>
	pigment { color rgbt <0,1,1,0> }
	no_shadow
}
cylinder {
	<26.287146, 43.070335, 28.267517>,  <26.983877, 43.168484, 28.581743>, 0.130000
	pigment { color rgbt <1,0,0,0> }
	no_shadow
}

// nucleotide -1

// particle -1
sphere {
	<26.287146, 43.070335, 28.267517> 0.250000
	pigment { color rgbt <1,0,0,0> }
	no_shadow
}
cylinder {
	<26.227684, 43.078369, 28.662991>,  <26.192007, 43.083191, 28.900274>, 0.100000
	pigment { color rgbt <1,0,0,0> }
	no_shadow
}
cylinder {
	<26.227684, 43.078369, 28.662991>,  <26.287146, 43.070335, 28.267517>, 0.100000
	pigment { color rgbt <1,0,0,0> }
	no_shadow
}

// particle -1
sphere {
	<26.227684, 43.078369, 28.662991> 0.100000
	pigment { color rgbt <1,0,0,0> }
	no_shadow
}
sphere {
	0, 1
	scale<0.080000,0.200000,0.300000>
	matrix <-0.542552, 0.834224, -0.098524,
		-0.826764, -0.551060, -0.113114,
		-0.148655, 0.020086, 0.988685,
		26.183086, 43.084396, 28.959597>
	pigment { color rgbt <0,1,1,0> }
	no_shadow
}
cylinder {
	<25.581070, 43.170380, 28.352009>,  <26.287146, 43.070335, 28.267517>, 0.130000
	pigment { color rgbt <1,0,0,0> }
	no_shadow
}

// nucleotide -1

// particle -1
sphere {
	<25.581070, 43.170380, 28.352009> 0.250000
	pigment { color rgbt <1,0,0,0> }
	no_shadow
}
cylinder {
	<25.768543, 43.292591, 28.683548>,  <25.881027, 43.365917, 28.882471>, 0.100000
	pigment { color rgbt <1,0,0,0> }
	no_shadow
}
cylinder {
	<25.768543, 43.292591, 28.683548>,  <25.581070, 43.170380, 28.352009>, 0.100000
	pigment { color rgbt <1,0,0,0> }
	no_shadow
}

// particle -1
sphere {
	<25.768543, 43.292591, 28.683548> 0.100000
	pigment { color rgbt <1,0,0,0> }
	no_shadow
}
sphere {
	0, 1
	scale<0.080000,0.200000,0.300000>
	matrix <-0.386971, 0.914475, -0.118276,
		-0.794097, -0.265306, 0.546830,
		0.468683, 0.305529, 0.828847,
		25.909147, 43.384251, 28.932201>
	pigment { color rgbt <0,1,1,0> }
	no_shadow
}
cylinder {
	<25.217979, 43.513691, 28.905737>,  <25.581070, 43.170380, 28.352009>, 0.130000
	pigment { color rgbt <1,0,0,0> }
	no_shadow
}

// nucleotide -1

// particle -1
sphere {
	<25.217979, 43.513691, 28.905737> 0.250000
	pigment { color rgbt <1,0,0,0> }
	no_shadow
}
cylinder {
	<25.593601, 43.649483, 28.927366>,  <25.818975, 43.730957, 28.940344>, 0.100000
	pigment { color rgbt <1,0,0,0> }
	no_shadow
}
cylinder {
	<25.593601, 43.649483, 28.927366>,  <25.217979, 43.513691, 28.905737>, 0.100000
	pigment { color rgbt <1,0,0,0> }
	no_shadow
}

// particle -1
sphere {
	<25.593601, 43.649483, 28.927366> 0.100000
	pigment { color rgbt <1,0,0,0> }
	no_shadow
}
sphere {
	0, 1
	scale<0.080000,0.200000,0.300000>
	matrix <-0.327609, 0.931441, -0.158399,
		-0.104141, 0.131030, 0.985894,
		0.939057, 0.339483, 0.054075,
		25.875319, 43.751328, 28.943588>
	pigment { color rgbt <0,1,1,0> }
	no_shadow
}
cylinder {
	<25.266499, 44.164619, 29.336119>,  <25.217979, 43.513691, 28.905737>, 0.130000
	pigment { color rgbt <1,0,0,0> }
	no_shadow
}

// nucleotide -1

// particle -1
sphere {
	<25.266499, 44.164619, 29.336119> 0.250000
	pigment { color rgbt <1,0,0,0> }
	no_shadow
}
cylinder {
	<25.539450, 44.118763, 29.047337>,  <25.703220, 44.091251, 28.874067>, 0.100000
	pigment { color rgbt <1,0,0,0> }
	no_shadow
}
cylinder {
	<25.539450, 44.118763, 29.047337>,  <25.266499, 44.164619, 29.336119>, 0.100000
	pigment { color rgbt <1,0,0,0> }
	no_shadow
}

// particle -1
sphere {
	<25.539450, 44.118763, 29.047337> 0.100000
	pigment { color rgbt <1,0,0,0> }
	no_shadow
}
sphere {
	0, 1
	scale<0.080000,0.200000,0.300000>
	matrix <-0.215692, 0.912079, -0.348697,
		0.698452, 0.393663, 0.597657,
		0.682380, -0.114638, -0.721953,
		25.744164, 44.084370, 28.830751>
	pigment { color rgbt <0,1,1,0> }
	no_shadow
}
cylinder {
	<25.501143, 44.811932, 29.369934>,  <25.266499, 44.164619, 29.336119>, 0.130000
	pigment { color rgbt <1,0,0,0> }
	no_shadow
}

// nucleotide -1

// particle -1
sphere {
	<25.501143, 44.811932, 29.369934> 0.250000
	pigment { color rgbt <1,0,0,0> }
	no_shadow
}
cylinder {
	<25.563801, 44.669907, 29.001286>,  <25.601397, 44.584690, 28.780096>, 0.100000
	pigment { color rgbt <1,0,0,0> }
	no_shadow
}
cylinder {
	<25.563801, 44.669907, 29.001286>,  <25.501143, 44.811932, 29.369934>, 0.100000
	pigment { color rgbt <1,0,0,0> }
	no_shadow
}

// particle -1
sphere {
	<25.563801, 44.669907, 29.001286> 0.100000
	pigment { color rgbt <1,0,0,0> }
	no_shadow
}
sphere {
	0, 1
	scale<0.080000,0.200000,0.300000>
	matrix <-0.282451, 0.878066, -0.386294,
		0.946405, 0.320825, 0.037257,
		0.156647, -0.355067, -0.921623,
		25.610794, 44.563385, 28.724798>
	pigment { color rgbt <0,1,1,0> }
	no_shadow
}
cylinder {
	<26.238348, 44.985466, 29.525375>,  <25.501143, 44.811932, 29.369934>, 0.130000
	pigment { color rgbt <1,0,0,0> }
	no_shadow
}

// nucleotide -1

// particle -1
sphere {
	<26.238348, 44.985466, 29.525375> 0.250000
	pigment { color rgbt <1,0,0,0> }
	no_shadow
}
cylinder {
	<26.616390, 45.010262, 29.397039>,  <26.843216, 45.025139, 29.320038>, 0.100000
	pigment { color rgbt <1,0,0,0> }
	no_shadow
}
cylinder {
	<26.616390, 45.010262, 29.397039>,  <26.238348, 44.985466, 29.525375>, 0.100000
	pigment { color rgbt <1,0,0,0> }
	no_shadow
}

// particle -1
sphere {
	<26.616390, 45.010262, 29.397039> 0.100000
	pigment { color rgbt <1,0,0,0> }
	no_shadow
}
sphere {
	0, 1
	scale<0.080000,0.200000,0.300000>
	matrix <0.296735, -0.573999, 0.763200,
		-0.136849, -0.816507, -0.560883,
		0.945104, 0.061991, -0.320837,
		26.899921, 45.028858, 29.300789>
	pigment { color rgbt <0,1,1,0> }
	no_shadow
}
cylinder {
	<26.617273, 44.351898, 29.409960>,  <26.238348, 44.985466, 29.525375>, 0.130000
	pigment { color rgbt <1,0,0,0> }
	no_shadow
}

// nucleotide -1

// particle -1
sphere {
	<26.617273, 44.351898, 29.409960> 0.250000
	pigment { color rgbt <1,0,0,0> }
	no_shadow
}
cylinder {
	<26.876186, 44.632137, 29.530081>,  <27.031534, 44.800282, 29.602154>, 0.100000
	pigment { color rgbt <1,0,0,0> }
	no_shadow
}
cylinder {
	<26.876186, 44.632137, 29.530081>,  <26.617273, 44.351898, 29.409960>, 0.100000
	pigment { color rgbt <1,0,0,0> }
	no_shadow
}

// particle -1
sphere {
	<26.876186, 44.632137, 29.530081> 0.100000
	pigment { color rgbt <1,0,0,0> }
	no_shadow
}
sphere {
	0, 1
	scale<0.080000,0.200000,0.300000>
	matrix <0.261572, -0.574205, 0.775802,
		0.715964, -0.423612, -0.554931,
		0.647284, 0.700601, 0.300305,
		27.070372, 44.842316, 29.620173>
	pigment { color rgbt <0,1,1,0> }
	no_shadow
}
cylinder {
	<27.211021, 44.022930, 29.493429>,  <26.617273, 44.351898, 29.409960>, 0.130000
	pigment { color rgbt <1,0,0,0> }
	no_shadow
}

// nucleotide -1

// particle -1
sphere {
	<27.211021, 44.022930, 29.493429> 0.250000
	pigment { color rgbt <1,0,0,0> }
	no_shadow
}
cylinder {
	<27.233664, 44.354664, 29.715778>,  <27.247250, 44.553703, 29.849188>, 0.100000
	pigment { color rgbt <1,0,0,0> }
	no_shadow
}
cylinder {
	<27.233664, 44.354664, 29.715778>,  <27.211021, 44.022930, 29.493429>, 0.100000
	pigment { color rgbt <1,0,0,0> }
	no_shadow
}

// particle -1
sphere {
	<27.233664, 44.354664, 29.715778> 0.100000
	pigment { color rgbt <1,0,0,0> }
	no_shadow
}
sphere {
	0, 1
	scale<0.080000,0.200000,0.300000>
	matrix <0.052787, -0.558472, 0.827842,
		0.997000, -0.017518, -0.075392,
		0.056606, 0.829338, 0.555872,
		27.250645, 44.603466, 29.882540>
	pigment { color rgbt <0,1,1,0> }
	no_shadow
}
cylinder {
	<27.804102, 43.943020, 29.874439>,  <27.211021, 44.022930, 29.493429>, 0.130000
	pigment { color rgbt <1,0,0,0> }
	no_shadow
}

// nucleotide -1

// particle -1
sphere {
	<27.804102, 43.943020, 29.874439> 0.250000
	pigment { color rgbt <1,0,0,0> }
	no_shadow
}
cylinder {
	<27.609884, 44.233627, 30.068932>,  <27.493353, 44.407993, 30.185627>, 0.100000
	pigment { color rgbt <1,0,0,0> }
	no_shadow
}
cylinder {
	<27.609884, 44.233627, 30.068932>,  <27.804102, 43.943020, 29.874439>, 0.100000
	pigment { color rgbt <1,0,0,0> }
	no_shadow
}

// particle -1
sphere {
	<27.609884, 44.233627, 30.068932> 0.100000
	pigment { color rgbt <1,0,0,0> }
	no_shadow
}
sphere {
	0, 1
	scale<0.080000,0.200000,0.300000>
	matrix <0.267927, -0.405757, 0.873828,
		0.832143, 0.554556, 0.002359,
		-0.485544, 0.726518, 0.486229,
		27.464220, 44.451584, 30.214800>
	pigment { color rgbt <0,1,1,0> }
	no_shadow
}
cylinder {
	<28.304008, 44.077717, 30.413063>,  <27.804102, 43.943020, 29.874439>, 0.130000
	pigment { color rgbt <1,0,0,0> }
	no_shadow
}

// nucleotide -1

// particle -1
sphere {
	<28.304008, 44.077717, 30.413063> 0.250000
	pigment { color rgbt <1,0,0,0> }
	no_shadow
}
cylinder {
	<27.967810, 44.250462, 30.543940>,  <27.766090, 44.354111, 30.622465>, 0.100000
	pigment { color rgbt <1,0,0,0> }
	no_shadow
}
cylinder {
	<27.967810, 44.250462, 30.543940>,  <28.304008, 44.077717, 30.413063>, 0.100000
	pigment { color rgbt <1,0,0,0> }
	no_shadow
}

// particle -1
sphere {
	<27.967810, 44.250462, 30.543940> 0.100000
	pigment { color rgbt <1,0,0,0> }
	no_shadow
}
sphere {
	0, 1
	scale<0.080000,0.200000,0.300000>
	matrix <0.095135, -0.476868, 0.873811,
		0.533397, 0.765564, 0.359721,
		-0.840498, 0.431866, 0.327192,
		27.715660, 44.380020, 30.642097>
	pigment { color rgbt <0,1,1,0> }
	no_shadow
}
cylinder {
	<28.478930, 44.321476, 31.061279>,  <28.304008, 44.077717, 30.413063>, 0.130000
	pigment { color rgbt <1,0,0,0> }
	no_shadow
}

// nucleotide -1

// particle -1
sphere {
	<28.478930, 44.321476, 31.061279> 0.250000
	pigment { color rgbt <1,0,0,0> }
	no_shadow
}
cylinder {
	<28.083881, 44.266224, 31.031534>,  <27.846853, 44.233074, 31.013687>, 0.100000
	pigment { color rgbt <1,0,0,0> }
	no_shadow
}
cylinder {
	<28.083881, 44.266224, 31.031534>,  <28.478930, 44.321476, 31.061279>, 0.100000
	pigment { color rgbt <1,0,0,0> }
	no_shadow
}

// particle -1
sphere {
	<28.083881, 44.266224, 31.031534> 0.100000
	pigment { color rgbt <1,0,0,0> }
	no_shadow
}
sphere {
	0, 1
	scale<0.080000,0.200000,0.300000>
	matrix <0.025163, -0.607370, 0.794020,
		-0.154841, 0.782318, 0.603326,
		-0.987619, -0.138128, -0.074360,
		27.787596, 44.224785, 31.009226>
	pigment { color rgbt <0,1,1,0> }
	no_shadow
}
cylinder {
	<28.157499, 44.548428, 31.717434>,  <28.478930, 44.321476, 31.061279>, 0.130000
	pigment { color rgbt <1,0,0,0> }
	no_shadow
}

// nucleotide -1

// particle -1
sphere {
	<28.157499, 44.548428, 31.717434> 0.250000
	pigment { color rgbt <1,0,0,0> }
	no_shadow
}
cylinder {
	<27.878618, 44.300499, 31.573360>,  <27.711290, 44.151741, 31.486916>, 0.100000
	pigment { color rgbt <1,0,0,0> }
	no_shadow
}
cylinder {
	<27.878618, 44.300499, 31.573360>,  <28.157499, 44.548428, 31.717434>, 0.100000
	pigment { color rgbt <1,0,0,0> }
	no_shadow
}

// particle -1
sphere {
	<27.878618, 44.300499, 31.573360> 0.100000
	pigment { color rgbt <1,0,0,0> }
	no_shadow
}
sphere {
	0, 1
	scale<0.080000,0.200000,0.300000>
	matrix <0.031519, -0.528456, 0.848375,
		-0.716182, 0.580136, 0.387977,
		-0.697201, -0.619820, -0.360185,
		27.669458, 44.114552, 31.465305>
	pigment { color rgbt <0,1,1,0> }
	no_shadow
}
cylinder {
	<27.781815, 44.261772, 32.352573>,  <28.157499, 44.548428, 31.717434>, 0.130000
	pigment { color rgbt <1,0,0,0> }
	no_shadow
}

// nucleotide -1

// particle -1
sphere {
	<27.781815, 44.261772, 32.352573> 0.250000
	pigment { color rgbt <1,0,0,0> }
	no_shadow
}
cylinder {
	<27.737350, 44.011612, 32.043636>,  <27.710672, 43.861515, 31.858273>, 0.100000
	pigment { color rgbt <1,0,0,0> }
	no_shadow
}
cylinder {
	<27.737350, 44.011612, 32.043636>,  <27.781815, 44.261772, 32.352573>, 0.100000
	pigment { color rgbt <1,0,0,0> }
	no_shadow
}

// particle -1
sphere {
	<27.737350, 44.011612, 32.043636> 0.100000
	pigment { color rgbt <1,0,0,0> }
	no_shadow
}
sphere {
	0, 1
	scale<0.080000,0.200000,0.300000>
	matrix <0.131996, -0.779570, 0.612248,
		-0.984998, -0.033889, 0.169208,
		-0.111161, -0.625398, -0.772347,
		27.704002, 43.823994, 31.811932>
	pigment { color rgbt <0,1,1,0> }
	no_shadow
}
cylinder {
	<27.445204, 43.669785, 32.590359>,  <27.781815, 44.261772, 32.352573>, 0.130000
	pigment { color rgbt <1,0,0,0> }
	no_shadow
}

// nucleotide -1

// particle -1
sphere {
	<27.445204, 43.669785, 32.590359> 0.250000
	pigment { color rgbt <1,0,0,0> }
	no_shadow
}
cylinder {
	<27.591692, 43.490826, 32.263992>,  <27.679585, 43.383450, 32.068172>, 0.100000
	pigment { color rgbt <1,0,0,0> }
	no_shadow
}
cylinder {
	<27.591692, 43.490826, 32.263992>,  <27.445204, 43.669785, 32.590359>, 0.100000
	pigment { color rgbt <1,0,0,0> }
	no_shadow
}

// particle -1
sphere {
	<27.591692, 43.490826, 32.263992> 0.100000
	pigment { color rgbt <1,0,0,0> }
	no_shadow
}
sphere {
	0, 1
	scale<0.080000,0.200000,0.300000>
	matrix <0.316738, -0.764540, 0.561387,
