// switches for output
#declare DRAW_BASES = 1; // possible values are 0, 1; only relevant for DNA ribbons
#declare DRAW_BASES_TYPE = 3; // possible values are 1, 2, 3; only relevant for DNA ribbons
#declare DRAW_FOG = 0; // set to 1 to enable fog

#include "colors.inc"

#include "transforms.inc"
background { rgb <1, 1, 1>}

#default {
   normal{
       ripples 0.25
       frequency 0.20
       turbulence 0.2
       lambda 5
   }
	finish {
		phong 0.1
		phong_size 40.
	}
}

// original window dimensions: 1024x640


// camera settings

camera {
	sky <0, 0.179814, -0.983701>
	up <0, 0.179814, -0.983701>
	right 1.6 * <1, 0, 0>
	location <35, 94.9851, 44.8844>
	look_at <35, 29.7336, 32.9568>
	direction <0, -65.2515, -11.9276>
	angle 67.0682
}


# declare cpy_camera_pos = <35, 94.9851, 44.8844>;
# if (DRAW_FOG = 1)
fog {
	fog_type 2
	up vnormalize(cpy_camera_pos)
	color rgbt<1,1,1,0.3>
	distance 1e-5
	fog_alt 3e-3
	fog_offset 56
}
# end


// LIGHTS

# declare lum = 6;
global_settings {
	ambient_light rgb lum * <0.05, 0.05, 0.05>
	max_trace_level 15
}# declare cpy_direct_light_amount = 0.25;
light_source
{	1000 * <-1, -1.16352, -0.803886>,
	rgb lum * cpy_direct_light_amount
	parallel
}

light_source
{	1000 * <1, 1.16352, 0.803886>,
	rgb lum * cpy_direct_light_amount
	parallel
}

// strand 0

// nucleotide -1

// particle -1
sphere {
	<24.390268, 34.828491, 35.518646> 0.250000
	pigment { color rgbt <1,0,0,0> }
	no_shadow
}
cylinder {
	<24.358248, 34.853748, 35.120731>,  <24.339035, 34.868904, 34.881981>, 0.100000
	pigment { color rgbt <1,0,0,0> }
	no_shadow
}
cylinder {
	<24.358248, 34.853748, 35.120731>,  <24.390268, 34.828491, 35.518646>, 0.100000
	pigment { color rgbt <1,0,0,0> }
	no_shadow
}

// particle -1
sphere {
	<24.358248, 34.853748, 35.120731> 0.100000
	pigment { color rgbt <1,0,0,0> }
	no_shadow
}
sphere {
	0, 1
	scale<0.080000,0.200000,0.300000>
	matrix <0.728572, -0.677388, -0.101626,
		-0.680275, -0.732911, 0.008219,
		-0.080051, 0.063145, -0.994789,
		24.334232, 34.872692, 34.822296>
	pigment { color rgbt <0,1,1,0> }
	no_shadow
}
cylinder {
	<24.307211, 34.144428, 35.118908>,  <24.390268, 34.828491, 35.518646>, 0.130000
	pigment { color rgbt <1,0,0,0> }
	no_shadow
}

// nucleotide -1

// particle -1
sphere {
	<24.307211, 34.144428, 35.118908> 0.250000
	pigment { color rgbt <1,0,0,0> }
	no_shadow
}
cylinder {
	<24.485361, 34.416653, 34.886192>,  <24.592251, 34.579987, 34.746563>, 0.100000
	pigment { color rgbt <1,0,0,0> }
	no_shadow
}
cylinder {
	<24.485361, 34.416653, 34.886192>,  <24.307211, 34.144428, 35.118908>, 0.100000
	pigment { color rgbt <1,0,0,0> }
	no_shadow
}

// particle -1
sphere {
	<24.485361, 34.416653, 34.886192> 0.100000
	pigment { color rgbt <1,0,0,0> }
	no_shadow
}
sphere {
	0, 1
	scale<0.080000,0.200000,0.300000>
	matrix <0.762457, -0.628928, -0.152018,
		-0.469361, -0.375884, -0.799007,
		0.445376, 0.680559, -0.581789,
		24.618975, 34.620819, 34.711655>
	pigment { color rgbt <0,1,1,0> }
	no_shadow
}
cylinder {
	<24.867611, 33.707867, 34.875835>,  <24.307211, 34.144428, 35.118908>, 0.130000
	pigment { color rgbt <1,0,0,0> }
	no_shadow
}

// nucleotide -1

// particle -1
sphere {
	<24.867611, 33.707867, 34.875835> 0.250000
	pigment { color rgbt <1,0,0,0> }
	no_shadow
}
cylinder {
	<24.924585, 34.085072, 34.755543>,  <24.958771, 34.311394, 34.683365>, 0.100000
	pigment { color rgbt <1,0,0,0> }
	no_shadow
}
cylinder {
	<24.924585, 34.085072, 34.755543>,  <24.867611, 33.707867, 34.875835>, 0.100000
	pigment { color rgbt <1,0,0,0> }
	no_shadow
}

// particle -1
sphere {
	<24.924585, 34.085072, 34.755543> 0.100000
	pigment { color rgbt <1,0,0,0> }
	no_shadow
}
sphere {
	0, 1
	scale<0.080000,0.200000,0.300000>
	matrix <0.973015, -0.189124, -0.132189,
		-0.181532, -0.273790, -0.944503,
		0.142436, 0.943012, -0.300734,
		24.967316, 34.367973, 34.665321>
	pigment { color rgbt <0,1,1,0> }
	no_shadow
}
cylinder {
	<25.125418, 33.605835, 34.168812>,  <24.867611, 33.707867, 34.875835>, 0.130000
	pigment { color rgbt <1,0,0,0> }
	no_shadow
}

// nucleotide -1

// particle -1
sphere {
	<25.125418, 33.605835, 34.168812> 0.250000
	pigment { color rgbt <1,0,0,0> }
	no_shadow
}
cylinder {
	<25.233078, 33.936375, 34.366684>,  <25.297674, 34.134697, 34.485405>, 0.100000
	pigment { color rgbt <1,0,0,0> }
	no_shadow
}
cylinder {
	<25.233078, 33.936375, 34.366684>,  <25.125418, 33.605835, 34.168812>, 0.100000
	pigment { color rgbt <1,0,0,0> }
	no_shadow
}

// particle -1
sphere {
	<25.233078, 33.936375, 34.366684> 0.100000
	pigment { color rgbt <1,0,0,0> }
	no_shadow
}
sphere {
	0, 1
	scale<0.080000,0.200000,0.300000>
	matrix <0.962888, -0.220166, -0.156120,
		-0.020099, 0.518338, -0.854940,
		0.269152, 0.826349, 0.494676,
		25.313824, 34.184280, 34.515087>
	pigment { color rgbt <0,1,1,0> }
	no_shadow
}
cylinder {
	<25.771160, 33.929085, 33.793022>,  <25.125418, 33.605835, 34.168812>, 0.130000
	pigment { color rgbt <1,0,0,0> }
	no_shadow
}

// nucleotide -1

// particle -1
sphere {
	<25.771160, 33.929085, 33.793022> 0.250000
	pigment { color rgbt <1,0,0,0> }
	no_shadow
}
cylinder {
	<25.736706, 33.957344, 34.190533>,  <25.716034, 33.974300, 34.429039>, 0.100000
	pigment { color rgbt <1,0,0,0> }
	no_shadow
}
cylinder {
	<25.736706, 33.957344, 34.190533>,  <25.771160, 33.929085, 33.793022>, 0.100000
	pigment { color rgbt <1,0,0,0> }
	no_shadow
}

// particle -1
sphere {
	<25.736706, 33.957344, 34.190533> 0.100000
	pigment { color rgbt <1,0,0,0> }
	no_shadow
}
sphere {
	0, 1
	scale<0.080000,0.200000,0.300000>
	matrix <0.949346, -0.296739, 0.103380,
		0.302195, 0.952342, -0.041508,
		-0.086136, 0.070647, 0.993775,
		25.710865, 33.978539, 34.488667>
	pigment { color rgbt <0,1,1,0> }
	no_shadow
}
cylinder {
	<26.017389, 34.509094, 34.097168>,  <25.771160, 33.929085, 33.793022>, 0.130000
	pigment { color rgbt <1,0,0,0> }
	no_shadow
}

// nucleotide -1

// particle -1
sphere {
	<26.017389, 34.509094, 34.097168> 0.250000
	pigment { color rgbt <1,0,0,0> }
	no_shadow
}
cylinder {
	<26.042408, 34.179775, 34.322826>,  <26.057419, 33.982182, 34.458221>, 0.100000
	pigment { color rgbt <1,0,0,0> }
	no_shadow
}
cylinder {
	<26.042408, 34.179775, 34.322826>,  <26.017389, 34.509094, 34.097168>, 0.100000
	pigment { color rgbt <1,0,0,0> }
	no_shadow
}

// particle -1
sphere {
	<26.042408, 34.179775, 34.322826> 0.100000
	pigment { color rgbt <1,0,0,0> }
	no_shadow
}
sphere {
	0, 1
	scale<0.080000,0.200000,0.300000>
	matrix <0.996487, 0.083061, 0.010739,
		-0.055700, 0.561496, 0.825603,
		0.062545, -0.823300, 0.564150,
		26.061171, 33.932785, 34.492073>
	pigment { color rgbt <0,1,1,0> }
	no_shadow
}
cylinder {
	<26.113472, 34.974140, 34.655148>,  <26.017389, 34.509094, 34.097168>, 0.130000
	pigment { color rgbt <1,0,0,0> }
	no_shadow
}

// nucleotide -1

// particle -1
sphere {
	<26.113472, 34.974140, 34.655148> 0.250000
	pigment { color rgbt <1,0,0,0> }
	no_shadow
}
cylinder {
	<26.457050, 35.136169, 34.780449>,  <26.663197, 35.233387, 34.855629>, 0.100000
	pigment { color rgbt <1,0,0,0> }
	no_shadow
}
cylinder {
	<26.457050, 35.136169, 34.780449>,  <26.113472, 34.974140, 34.655148>, 0.100000
	pigment { color rgbt <1,0,0,0> }
	no_shadow
}

// particle -1
sphere {
	<26.457050, 35.136169, 34.780449> 0.100000
	pigment { color rgbt <1,0,0,0> }
	no_shadow
}
sphere {
	0, 1
	scale<0.080000,0.200000,0.300000>
	matrix <-0.377593, 0.914249, -0.146873,
		-0.345885, 0.007875, 0.938244,
		0.858945, 0.405076, 0.313251,
		26.714733, 35.257690, 34.874424>
	pigment { color rgbt <0,1,1,0> }
	no_shadow
}
cylinder {
	<25.984346, 35.509575, 35.148685>,  <26.113472, 34.974140, 34.655148>, 0.130000
	pigment { color rgbt <1,0,0,0> }
	no_shadow
}

// nucleotide -1

// particle -1
sphere {
	<25.984346, 35.509575, 35.148685> 0.250000
	pigment { color rgbt <1,0,0,0> }
	no_shadow
}
cylinder {
	<26.335598, 35.586781, 34.973579>,  <26.546349, 35.633102, 34.868515>, 0.100000
	pigment { color rgbt <1,0,0,0> }
	no_shadow
}
cylinder {
	<26.335598, 35.586781, 34.973579>,  <25.984346, 35.509575, 35.148685>, 0.100000
	pigment { color rgbt <1,0,0,0> }
	no_shadow
}

// particle -1
sphere {
	<26.335598, 35.586781, 34.973579> 0.100000
	pigment { color rgbt <1,0,0,0> }
	no_shadow
}
sphere {
	0, 1
	scale<0.080000,0.200000,0.300000>
	matrix <-0.253194, 0.963855, -0.082927,
		0.405937, 0.183660, 0.895256,
		0.878128, 0.193010, -0.437766,
		26.599037, 35.644684, 34.842251>
	pigment { color rgbt <0,1,1,0> }
	no_shadow
}
cylinder {
	<26.143444, 36.139057, 35.372513>,  <25.984346, 35.509575, 35.148685>, 0.130000
	pigment { color rgbt <1,0,0,0> }
	no_shadow
}

// nucleotide -1

// particle -1
sphere {
	<26.143444, 36.139057, 35.372513> 0.250000
	pigment { color rgbt <1,0,0,0> }
	no_shadow
}
cylinder {
	<26.373320, 36.088760, 35.049049>,  <26.511246, 36.058582, 34.854973>, 0.100000
	pigment { color rgbt <1,0,0,0> }
	no_shadow
}
cylinder {
	<26.373320, 36.088760, 35.049049>,  <26.143444, 36.139057, 35.372513>, 0.100000
	pigment { color rgbt <1,0,0,0> }
	no_shadow
}

// particle -1
sphere {
	<26.373320, 36.088760, 35.049049> 0.100000
	pigment { color rgbt <1,0,0,0> }
	no_shadow
}
sphere {
	0, 1
	scale<0.080000,0.200000,0.300000>
	matrix <0.009626, 0.989096, -0.146955,
		0.818315, 0.076669, 0.569633,
		0.574689, -0.125739, -0.808655,
		26.545727, 36.051041, 34.806454>
	pigment { color rgbt <0,1,1,0> }
	no_shadow
}
cylinder {
	<26.800684, 36.592621, 35.419346>,  <26.143444, 36.139057, 35.372513>, 0.130000
	pigment { color rgbt <1,0,0,0> }
	no_shadow
}

// nucleotide -1

// particle -1
sphere {
	<26.800684, 36.592621, 35.419346> 0.250000
	pigment { color rgbt <1,0,0,0> }
	no_shadow
}
cylinder {
	<26.723194, 36.502899, 35.037319>,  <26.676701, 36.449066, 34.808102>, 0.100000
	pigment { color rgbt <1,0,0,0> }
	no_shadow
}
cylinder {
	<26.723194, 36.502899, 35.037319>,  <26.800684, 36.592621, 35.419346>, 0.100000
	pigment { color rgbt <1,0,0,0> }
	no_shadow
}

// particle -1
sphere {
	<26.723194, 36.502899, 35.037319> 0.100000
	pigment { color rgbt <1,0,0,0> }
	no_shadow
}
sphere {
	0, 1
	scale<0.080000,0.200000,0.300000>
	matrix <0.034089, 0.971385, -0.235051,
		0.980464, -0.078091, -0.180532,
		-0.193721, -0.224305, -0.955070,
		26.665077, 36.435608, 34.750797>
	pigment { color rgbt <0,1,1,0> }
	no_shadow
}
cylinder {
	<27.236818, 36.912685, 35.013374>,  <26.800684, 36.592621, 35.419346>, 0.130000
	pigment { color rgbt <1,0,0,0> }
	no_shadow
}

// nucleotide -1

// particle -1
sphere {
	<27.236818, 36.912685, 35.013374> 0.250000
	pigment { color rgbt <1,0,0,0> }
	no_shadow
}
cylinder {
	<26.946012, 36.827534, 34.752258>,  <26.771530, 36.776443, 34.595589>, 0.100000
	pigment { color rgbt <1,0,0,0> }
	no_shadow
}
cylinder {
	<26.946012, 36.827534, 34.752258>,  <27.236818, 36.912685, 35.013374>, 0.100000
	pigment { color rgbt <1,0,0,0> }
	no_shadow
}

// particle -1
sphere {
	<26.946012, 36.827534, 34.752258> 0.100000
	pigment { color rgbt <1,0,0,0> }
	no_shadow
}
sphere {
	0, 1
	scale<0.080000,0.200000,0.300000>
	matrix <-0.103874, 0.973882, -0.201901,
		0.678721, -0.078977, -0.730137,
		-0.727013, -0.212876, -0.652791,
		26.727909, 36.763672, 34.556419>
	pigment { color rgbt <0,1,1,0> }
	no_shadow
}
cylinder {
	<27.385778, 37.378735, 34.522789>,  <27.236818, 36.912685, 35.013374>, 0.130000
	pigment { color rgbt <1,0,0,0> }
	no_shadow
}

// nucleotide -1

// particle -1
sphere {
	<27.385778, 37.378735, 34.522789> 0.250000
	pigment { color rgbt <1,0,0,0> }
	no_shadow
}
cylinder {
	<27.016298, 37.256721, 34.430065>,  <26.794611, 37.183514, 34.374432>, 0.100000
	pigment { color rgbt <1,0,0,0> }
	no_shadow
}
cylinder {
	<27.016298, 37.256721, 34.430065>,  <27.385778, 37.378735, 34.522789>, 0.100000
	pigment { color rgbt <1,0,0,0> }
	no_shadow
}

// particle -1
sphere {
	<27.016298, 37.256721, 34.430065> 0.100000
	pigment { color rgbt <1,0,0,0> }
	no_shadow
}
sphere {
	0, 1
	scale<0.080000,0.200000,0.300000>
	matrix <-0.260407, 0.943678, -0.204106,
		0.281014, -0.128167, -0.951107,
		-0.923699, -0.305031, -0.231812,
		26.739189, 37.165211, 34.360523>
	pigment { color rgbt <0,1,1,0> }
	no_shadow
}
cylinder {
	<27.307955, 37.545845, 33.867542>,  <27.385778, 37.378735, 34.522789>, 0.130000
	pigment { color rgbt <1,0,0,0> }
	no_shadow
}

// nucleotide -1

// particle -1
sphere {
	<27.307955, 37.545845, 33.867542> 0.250000
	pigment { color rgbt <1,0,0,0> }
	no_shadow
}
cylinder {
	<26.934046, 37.496815, 34.000912>,  <26.709700, 37.467396, 34.080933>, 0.100000
	pigment { color rgbt <1,0,0,0> }
	no_shadow
}
cylinder {
	<26.934046, 37.496815, 34.000912>,  <27.307955, 37.545845, 33.867542>, 0.100000
	pigment { color rgbt <1,0,0,0> }
	no_shadow
}

// particle -1
sphere {
	<26.934046, 37.496815, 34.000912> 0.100000
	pigment { color rgbt <1,0,0,0> }
	no_shadow
}
sphere {
	0, 1
	scale<0.080000,0.200000,0.300000>
	matrix <-0.222775, 0.933361, -0.281440,
		-0.276712, -0.337362, -0.899787,
		-0.934774, -0.122572, 0.333428,
		26.653614, 37.460045, 34.100941>
	pigment { color rgbt <0,1,1,0> }
	no_shadow
}
cylinder {
	<26.846994, 37.767036, 33.280991>,  <27.307955, 37.545845, 33.867542>, 0.130000
	pigment { color rgbt <1,0,0,0> }
	no_shadow
}

// nucleotide -1

// particle -1
sphere {
	<26.846994, 37.767036, 33.280991> 0.250000
	pigment { color rgbt <1,0,0,0> }
	no_shadow
}
cylinder {
	<26.650078, 37.808651, 33.626667>,  <26.531927, 37.833618, 33.834072>, 0.100000
	pigment { color rgbt <1,0,0,0> }
	no_shadow
}
cylinder {
	<26.650078, 37.808651, 33.626667>,  <26.846994, 37.767036, 33.280991>, 0.100000
	pigment { color rgbt <1,0,0,0> }
	no_shadow
}

// particle -1
sphere {
	<26.650078, 37.808651, 33.626667> 0.100000
	pigment { color rgbt <1,0,0,0> }
	no_shadow
}
sphere {
	0, 1
	scale<0.080000,0.200000,0.300000>
	matrix <-0.302660, 0.910422, -0.282010,
		-0.816116, -0.400387, -0.416708,
		-0.492293, 0.104032, 0.864190,
		26.502390, 37.839859, 33.885925>
	pigment { color rgbt <0,1,1,0> }
	no_shadow
}
cylinder {
	<26.272480, 37.903027, 33.090229>,  <26.846994, 37.767036, 33.280991>, 0.130000
	pigment { color rgbt <1,0,0,0> }
	no_shadow
}

// nucleotide -1

// particle -1
sphere {
	<26.272480, 37.903027, 33.090229> 0.250000
	pigment { color rgbt <1,0,0,0> }
	no_shadow
}
cylinder {
	<26.256506, 38.063000, 33.456497>,  <26.246922, 38.158985, 33.676258>, 0.100000
	pigment { color rgbt <1,0,0,0> }
	no_shadow
}
cylinder {
	<26.256506, 38.063000, 33.456497>,  <26.272480, 37.903027, 33.090229>, 0.100000
	pigment { color rgbt <1,0,0,0> }
	no_shadow
}

// particle -1
sphere {
	<26.256506, 38.063000, 33.456497> 0.100000
	pigment { color rgbt <1,0,0,0> }
	no_shadow
}
sphere {
	0, 1
	scale<0.080000,0.200000,0.300000>
	matrix <-0.348321, 0.853349, -0.387902,
		-0.936524, -0.334439, 0.105228,
		-0.039934, 0.399933, 0.915674,
		26.244526, 38.182980, 33.731201>
	pigment { color rgbt <0,1,1,0> }
	no_shadow
}
cylinder {
	<25.644039, 38.279694, 33.021484>,  <26.272480, 37.903027, 33.090229>, 0.130000
	pigment { color rgbt <1,0,0,0> }
	no_shadow
}

// nucleotide -1

// particle -1
sphere {
	<25.644039, 38.279694, 33.021484> 0.250000
	pigment { color rgbt <1,0,0,0> }
	no_shadow
}
cylinder {
	<25.831541, 38.408268, 33.350594>,  <25.944042, 38.485413, 33.548058>, 0.100000
	pigment { color rgbt <1,0,0,0> }
	no_shadow
}
cylinder {
	<25.831541, 38.408268, 33.350594>,  <25.644039, 38.279694, 33.021484>, 0.100000
	pigment { color rgbt <1,0,0,0> }
	no_shadow
}

// particle -1
sphere {
	<25.831541, 38.408268, 33.350594> 0.100000
	pigment { color rgbt <1,0,0,0> }
	no_shadow
}
sphere {
	0, 1
	scale<0.080000,0.200000,0.300000>
	matrix <-0.392205, 0.910330, -0.132188,
		-0.791481, -0.260730, 0.552790,
		0.468756, 0.321432, 0.822769,
		25.972168, 38.504696, 33.597424>
	pigment { color rgbt <0,1,1,0> }
	no_shadow
}
cylinder {
	<25.162502, 38.531193, 33.537048>,  <25.644039, 38.279694, 33.021484>, 0.130000
	pigment { color rgbt <1,0,0,0> }
	no_shadow
}

// nucleotide -1

// particle -1
sphere {
	<25.162502, 38.531193, 33.537048> 0.250000
	pigment { color rgbt <1,0,0,0> }
	no_shadow
}
cylinder {
	<25.502890, 38.725159, 33.617756>,  <25.707123, 38.841537, 33.666180>, 0.100000
	pigment { color rgbt <1,0,0,0> }
	no_shadow
}
cylinder {
	<25.502890, 38.725159, 33.617756>,  <25.162502, 38.531193, 33.537048>, 0.100000
	pigment { color rgbt <1,0,0,0> }
	no_shadow
}

// particle -1
sphere {
	<25.502890, 38.725159, 33.617756> 0.100000
	pigment { color rgbt <1,0,0,0> }
	no_shadow
}
sphere {
	0, 1
	scale<0.080000,0.200000,0.300000>
	matrix <-0.465909, 0.874290, -0.136184,
		-0.242443, 0.021882, 0.969919,
		0.850971, 0.484910, 0.201770,
		25.758181, 38.870632, 33.678288>
	pigment { color rgbt <0,1,1,0> }
	no_shadow
}
cylinder {
	<24.961603, 39.122433, 33.983753>,  <25.162502, 38.531193, 33.537048>, 0.130000
	pigment { color rgbt <1,0,0,0> }
	no_shadow
}

// nucleotide -1

// particle -1
sphere {
	<24.961603, 39.122433, 33.983753> 0.250000
	pigment { color rgbt <1,0,0,0> }
	no_shadow
}
cylinder {
	<25.318720, 39.199417, 33.820839>,  <25.532990, 39.245609, 33.723091>, 0.100000
	pigment { color rgbt <1,0,0,0> }
	no_shadow
}
cylinder {
	<25.318720, 39.199417, 33.820839>,  <24.961603, 39.122433, 33.983753>, 0.100000
	pigment { color rgbt <1,0,0,0> }
	no_shadow
}

// particle -1
sphere {
	<25.318720, 39.199417, 33.820839> 0.100000
	pigment { color rgbt <1,0,0,0> }
	no_shadow
}
sphere {
	0, 1
	scale<0.080000,0.200000,0.300000>
	matrix <-0.216888, 0.976093, -0.014176,
		0.394822, 0.100992, 0.913190,
		0.892791, 0.192463, -0.407287,
		25.586557, 39.257156, 33.698654>
	pigment { color rgbt <0,1,1,0> }
	no_shadow
}
cylinder {
	<25.187998, 39.639820, 34.336983>,  <24.961603, 39.122433, 33.983753>, 0.130000
	pigment { color rgbt <1,0,0,0> }
	no_shadow
}

// nucleotide -1

// particle -1
sphere {
	<25.187998, 39.639820, 34.336983> 0.250000
	pigment { color rgbt <1,0,0,0> }
	no_shadow
}
cylinder {
	<25.457199, 39.641586, 34.041134>,  <25.618721, 39.642647, 33.863625>, 0.100000
	pigment { color rgbt <1,0,0,0> }
	no_shadow
}
cylinder {
	<25.457199, 39.641586, 34.041134>,  <25.187998, 39.639820, 34.336983>, 0.100000
	pigment { color rgbt <1,0,0,0> }
	no_shadow
}

// particle -1
sphere {
	<25.457199, 39.641586, 34.041134> 0.100000
	pigment { color rgbt <1,0,0,0> }
	no_shadow
}
sphere {
	0, 1
	scale<0.080000,0.200000,0.300000>
	matrix <-0.200218, 0.963734, -0.176436,
		0.712023, 0.266829, 0.649482,
		0.673006, 0.004412, -0.739624,
		25.659101, 39.642910, 33.819248>
	pigment { color rgbt <0,1,1,0> }
	no_shadow
}
cylinder {
	<25.663935, 40.174274, 34.483093>,  <25.187998, 39.639820, 34.336983>, 0.130000
	pigment { color rgbt <1,0,0,0> }
	no_shadow
}

// nucleotide -1

// particle -1
sphere {
	<25.663935, 40.174274, 34.483093> 0.250000
	pigment { color rgbt <1,0,0,0> }
	no_shadow
}
cylinder {
	<25.677649, 40.105347, 34.089317>,  <25.685877, 40.063992, 33.853050>, 0.100000
	pigment { color rgbt <1,0,0,0> }
	no_shadow
}
cylinder {
	<25.677649, 40.105347, 34.089317>,  <25.663935, 40.174274, 34.483093>, 0.100000
	pigment { color rgbt <1,0,0,0> }
	no_shadow
}

// particle -1
sphere {
	<25.677649, 40.105347, 34.089317> 0.100000
	pigment { color rgbt <1,0,0,0> }
	no_shadow
}
sphere {
	0, 1
	scale<0.080000,0.200000,0.300000>
	matrix <-0.351653, 0.919954, -0.173276,
		0.935502, 0.352123, -0.029058,
		0.034283, -0.172318, -0.984445,
		25.687933, 40.053650, 33.793983>
	pigment { color rgbt <0,1,1,0> }
	no_shadow
}
cylinder {
	<25.877495, 40.818417, 34.249855>,  <25.663935, 40.174274, 34.483093>, 0.130000
	pigment { color rgbt <1,0,0,0> }
	no_shadow
}

// nucleotide -1

// particle -1
sphere {
	<25.877495, 40.818417, 34.249855> 0.250000
	pigment { color rgbt <1,0,0,0> }
	no_shadow
}
cylinder {
	<25.769825, 40.645603, 33.905556>,  <25.705223, 40.541916, 33.698975>, 0.100000
	pigment { color rgbt <1,0,0,0> }
	no_shadow
}
cylinder {
	<25.769825, 40.645603, 33.905556>,  <25.877495, 40.818417, 34.249855>, 0.100000
	pigment { color rgbt <1,0,0,0> }
	no_shadow
}

// particle -1
sphere {
	<25.769825, 40.645603, 33.905556> 0.100000
	pigment { color rgbt <1,0,0,0> }
	no_shadow
}
sphere {
	0, 1
	scale<0.080000,0.200000,0.300000>
	matrix <-0.383248, 0.867978, -0.315809,
		0.883553, 0.244875, -0.399211,
		-0.269173, -0.432031, -0.860753,
		25.689072, 40.515995, 33.647331>
	pigment { color rgbt <0,1,1,0> }
	no_shadow
}
cylinder {
	<26.180189, 41.259495, 33.666470>,  <25.877495, 40.818417, 34.249855>, 0.130000
	pigment { color rgbt <1,0,0,0> }
	no_shadow
}

// nucleotide -1

// particle -1
sphere {
	<26.180189, 41.259495, 33.666470> 0.250000
	pigment { color rgbt <1,0,0,0> }
	no_shadow
}
cylinder {
	<25.860727, 41.069489, 33.518684>,  <25.669050, 40.955482, 33.430012>, 0.100000
	pigment { color rgbt <1,0,0,0> }
	no_shadow
}
cylinder {
	<25.860727, 41.069489, 33.518684>,  <26.180189, 41.259495, 33.666470>, 0.100000
	pigment { color rgbt <1,0,0,0> }
	no_shadow
}

// particle -1
sphere {
	<25.860727, 41.069489, 33.518684> 0.100000
	pigment { color rgbt <1,0,0,0> }
	no_shadow
}
sphere {
	0, 1
	scale<0.080000,0.200000,0.300000>
	matrix <-0.388487, 0.875848, -0.286300,
		0.459592, -0.085124, -0.884042,
		-0.798657, -0.475020, -0.369463,
		25.621130, 40.926983, 33.407845>
	pigment { color rgbt <0,1,1,0> }
	no_shadow
}
cylinder {
	<26.050823, 41.534382, 32.930786>,  <26.180189, 41.259495, 33.666470>, 0.130000
	pigment { color rgbt <1,0,0,0> }
	no_shadow
}

// nucleotide -1

// particle -1
sphere {
	<26.050823, 41.534382, 32.930786> 0.250000
	pigment { color rgbt <1,0,0,0> }
	no_shadow
}
cylinder {
	<25.708651, 41.363815, 33.048370>,  <25.503347, 41.261475, 33.118919>, 0.100000
	pigment { color rgbt <1,0,0,0> }
	no_shadow
}
cylinder {
	<25.708651, 41.363815, 33.048370>,  <26.050823, 41.534382, 32.930786>, 0.100000
	pigment { color rgbt <1,0,0,0> }
	no_shadow
}

// particle -1
sphere {
	<25.708651, 41.363815, 33.048370> 0.100000
	pigment { color rgbt <1,0,0,0> }
	no_shadow
}
sphere {
	0, 1
	scale<0.080000,0.200000,0.300000>
	matrix <-0.507382, 0.803862, -0.310434,
		-0.103928, -0.414703, -0.904002,
		-0.855431, -0.426412, 0.293957,
		25.452021, 41.235893, 33.136559>
	pigment { color rgbt <0,1,1,0> }
	no_shadow
}
cylinder {
	<25.684584, 41.590462, 32.347160>,  <26.050823, 41.534382, 32.930786>, 0.130000
	pigment { color rgbt <1,0,0,0> }
	no_shadow
}

// nucleotide -1

// particle -1
sphere {
	<25.684584, 41.590462, 32.347160> 0.250000
	pigment { color rgbt <1,0,0,0> }
	no_shadow
}
cylinder {
	<25.429993, 41.538284, 32.651234>,  <25.277237, 41.506977, 32.833679>, 0.100000
	pigment { color rgbt <1,0,0,0> }
	no_shadow
}
cylinder {
	<25.429993, 41.538284, 32.651234>,  <25.684584, 41.590462, 32.347160>, 0.100000
	pigment { color rgbt <1,0,0,0> }
	no_shadow
}

// particle -1
sphere {
	<25.429993, 41.538284, 32.651234> 0.100000
	pigment { color rgbt <1,0,0,0> }
	no_shadow
}
sphere {
	0, 1
	scale<0.080000,0.200000,0.300000>
	matrix <-0.620976, 0.671247, -0.404742,
		-0.457475, -0.729666, -0.508237,
		-0.636479, -0.130444, 0.760184,
		25.239050, 41.499149, 32.879288>
	pigment { color rgbt <0,1,1,0> }
	no_shadow
}
cylinder {
	<25.159199, 41.445515, 32.005016>,  <25.684584, 41.590462, 32.347160>, 0.130000
	pigment { color rgbt <1,0,0,0> }
	no_shadow
}

// nucleotide -1

// particle -1
sphere {
	<25.159199, 41.445515, 32.005016> 0.250000
	pigment { color rgbt <1,0,0,0> }
	no_shadow
}
cylinder {
	<25.066332, 41.609547, 32.357819>,  <25.010611, 41.707966, 32.569500>, 0.100000
	pigment { color rgbt <1,0,0,0> }
	no_shadow
}
cylinder {
	<25.066332, 41.609547, 32.357819>,  <25.159199, 41.445515, 32.005016>, 0.100000
	pigment { color rgbt <1,0,0,0> }
	no_shadow
}

// particle -1
sphere {
	<25.066332, 41.609547, 32.357819> 0.100000
	pigment { color rgbt <1,0,0,0> }
	no_shadow
}
sphere {
	0, 1
	scale<0.080000,0.200000,0.300000>
	matrix <-0.482528, 0.738777, -0.470505,
		-0.844550, -0.534828, 0.026355,
		-0.232169, 0.410082, 0.882004,
		24.996681, 41.732571, 32.622421>
	pigment { color rgbt <0,1,1,0> }
	no_shadow
}
cylinder {
	<24.495504, 41.710922, 32.005405>,  <25.159199, 41.445515, 32.005016>, 0.130000
	pigment { color rgbt <1,0,0,0> }
	no_shadow
}

// nucleotide -1

// particle -1
sphere {
	<24.495504, 41.710922, 32.005405> 0.250000
	pigment { color rgbt <1,0,0,0> }
	no_shadow
}
cylinder {
	<24.626402, 41.945381, 32.301876>,  <24.704941, 42.086056, 32.479759>, 0.100000
	pigment { color rgbt <1,0,0,0> }
	no_shadow
}
cylinder {
	<24.626402, 41.945381, 32.301876>,  <24.495504, 41.710922, 32.005405>, 0.100000
	pigment { color rgbt <1,0,0,0> }
	no_shadow
}

// particle -1
sphere {
	<24.626402, 41.945381, 32.301876> 0.100000
	pigment { color rgbt <1,0,0,0> }
	no_shadow
}
sphere {
	0, 1
	scale<0.080000,0.200000,0.300000>
	matrix <-0.462590, 0.783323, -0.415230,
		-0.823967, -0.206980, 0.527483,
		0.327245, 0.586144, 0.741179,
		24.724575, 42.121223, 32.524231>
	pigment { color rgbt <0,1,1,0> }
	no_shadow
}
cylinder {
	<23.983644, 42.012966, 32.487545>,  <24.495504, 41.710922, 32.005405>, 0.130000
	pigment { color rgbt <1,0,0,0> }
	no_shadow
}

// nucleotide -1

// particle -1
sphere {
	<23.983644, 42.012966, 32.487545> 0.250000
	pigment { color rgbt <1,0,0,0> }
	no_shadow
}
cylinder {
	<24.285194, 42.275097, 32.468723>,  <24.466125, 42.432377, 32.457432>, 0.100000
	pigment { color rgbt <1,0,0,0> }
	no_shadow
}
cylinder {
	<24.285194, 42.275097, 32.468723>,  <23.983644, 42.012966, 32.487545>, 0.100000
	pigment { color rgbt <1,0,0,0> }
	no_shadow
}

// particle -1
sphere {
	<24.285194, 42.275097, 32.468723> 0.100000
	pigment { color rgbt <1,0,0,0> }
	no_shadow
}
sphere {
	0, 1
	scale<0.080000,0.200000,0.300000>
	matrix <-0.598447, 0.655351, -0.460843,
		-0.271170, 0.375575, 0.886234,
		0.753876, 0.655331, -0.047050,
		24.511356, 42.471695, 32.454609>
	pigment { color rgbt <0,1,1,0> }
	no_shadow
}
cylinder {
	<24.308962, 42.498020, 32.895679>,  <23.983644, 42.012966, 32.487545>, 0.130000
	pigment { color rgbt <1,0,0,0> }
	no_shadow
}

// nucleotide -1

// particle -1
sphere {
	<24.308962, 42.498020, 32.895679> 0.250000
	pigment { color rgbt <1,0,0,0> }
	no_shadow
}
cylinder {
	<24.290089, 42.832130, 32.676559>,  <24.278765, 43.032597, 32.545086>, 0.100000
	pigment { color rgbt <1,0,0,0> }
	no_shadow
}
cylinder {
	<24.290089, 42.832130, 32.676559>,  <24.308962, 42.498020, 32.895679>, 0.100000
	pigment { color rgbt <1,0,0,0> }
	no_shadow
}

// particle -1
sphere {
	<24.290089, 42.832130, 32.676559> 0.100000
	pigment { color rgbt <1,0,0,0> }
	no_shadow
}
sphere {
	0, 1
	scale<0.080000,0.200000,0.300000>
	matrix <-0.504515, 0.453395, 0.734778,
		0.862113, 0.311043, 0.400017,
		-0.047182, 0.835276, -0.547803,
		24.275934, 43.082714, 32.512218>
	pigment { color rgbt <0,1,1,0> }
	no_shadow
}
cylinder {
	<24.453684, 43.006203, 33.352146>,  <24.308962, 42.498020, 32.895679>, 0.130000
	pigment { color rgbt <1,0,0,0> }
	no_shadow
}

// nucleotide -1

// particle -1
sphere {
	<24.453684, 43.006203, 33.352146> 0.250000
	pigment { color rgbt <1,0,0,0> }
	no_shadow
}
cylinder {
	<24.285360, 43.179096, 33.033123>,  <24.184366, 43.282833, 32.841709>, 0.100000
	pigment { color rgbt <1,0,0,0> }
	no_shadow
}
cylinder {
	<24.285360, 43.179096, 33.033123>,  <24.453684, 43.006203, 33.352146>, 0.100000
	pigment { color rgbt <1,0,0,0> }
	no_shadow
}

// particle -1
sphere {
	<24.285360, 43.179096, 33.033123> 0.100000
	pigment { color rgbt <1,0,0,0> }
	no_shadow
}
sphere {
	0, 1
	scale<0.080000,0.200000,0.300000>
	matrix <-0.479756, 0.640137, 0.600049,
		0.769905, 0.635139, -0.062010,
		-0.420810, 0.432231, -0.797556,
		24.159117, 43.308765, 32.793858>
	pigment { color rgbt <0,1,1,0> }
	no_shadow
}
cylinder {
	<24.596384, 43.797031, 33.595749>,  <24.453684, 43.006203, 33.352146>, 0.130000
	pigment { color rgbt <1,0,0,0> }
	no_shadow
}

// nucleotide -1

// particle -1
sphere {
	<24.596384, 43.797031, 33.595749> 0.250000
	pigment { color rgbt <1,0,0,0> }
	no_shadow
}
cylinder {
	<24.314554, 43.733654, 33.319061>,  <24.145456, 43.695629, 33.153049>, 0.100000
	pigment { color rgbt <1,0,0,0> }
	no_shadow
}
cylinder {
	<24.314554, 43.733654, 33.319061>,  <24.596384, 43.797031, 33.595749>, 0.100000
	pigment { color rgbt <1,0,0,0> }
	no_shadow
}

// particle -1
sphere {
	<24.314554, 43.733654, 33.319061> 0.100000
	pigment { color rgbt <1,0,0,0> }
	no_shadow
}
sphere {
	0, 1
	scale<0.080000,0.200000,0.300000>
	matrix <-0.557422, 0.726798, 0.401305,
		0.439155, 0.668327, -0.600401,
		-0.704573, -0.158442, -0.691717,
		24.103182, 43.686123, 33.111546>
	pigment { color rgbt <0,1,1,0> }
	no_shadow
}
cylinder {
	<25.150621, 43.521442, 34.101898>,  <24.596384, 43.797031, 33.595749>, 0.130000
	pigment { color rgbt <1,0,0,0> }
	no_shadow
}

// nucleotide -1

// particle -1
sphere {
	<25.150621, 43.521442, 34.101898> 0.250000
	pigment { color rgbt <1,0,0,0> }
	no_shadow
}
cylinder {
	<24.958300, 43.619080, 34.438766>,  <24.842907, 43.677662, 34.640888>, 0.100000
	pigment { color rgbt <1,0,0,0> }
	no_shadow
}
cylinder {
	<24.958300, 43.619080, 34.438766>,  <25.150621, 43.521442, 34.101898>, 0.100000
	pigment { color rgbt <1,0,0,0> }
	no_shadow
}

// particle -1
sphere {
	<24.958300, 43.619080, 34.438766> 0.100000
	pigment { color rgbt <1,0,0,0> }
	no_shadow
}
sphere {
	0, 1
	scale<0.080000,0.200000,0.300000>
	matrix <0.797614, -0.277181, 0.535708,
		0.364195, 0.929295, -0.061423,
		-0.480805, 0.244094, 0.842167,
		24.814058, 43.692307, 34.691418>
	pigment { color rgbt <0,1,1,0> }
	no_shadow
}
cylinder {
	<25.379793, 44.110622, 34.419144>,  <25.150621, 43.521442, 34.101898>, 0.130000
	pigment { color rgbt <1,0,0,0> }
	no_shadow
}

// nucleotide -1

// particle -1
sphere {
	<25.379793, 44.110622, 34.419144> 0.250000
	pigment { color rgbt <1,0,0,0> }
	no_shadow
}
cylinder {
	<25.239336, 43.894627, 34.725113>,  <25.155062, 43.765030, 34.908695>, 0.100000
	pigment { color rgbt <1,0,0,0> }
	no_shadow
}
cylinder {
	<25.239336, 43.894627, 34.725113>,  <25.379793, 44.110622, 34.419144>, 0.100000
	pigment { color rgbt <1,0,0,0> }
	no_shadow
}

// particle -1
sphere {
	<25.239336, 43.894627, 34.725113> 0.100000
	pigment { color rgbt <1,0,0,0> }
	no_shadow
}
sphere {
	0, 1
	scale<0.080000,0.200000,0.300000>
	matrix <0.927774, -0.090531, 0.361993,
		-0.126223, 0.836788, 0.532778,
		-0.351144, -0.539990, 0.764924,
		25.133993, 43.732628, 34.954590>
	pigment { color rgbt <0,1,1,0> }
	no_shadow
}
cylinder {
	<25.747549, 44.223186, 35.091629>,  <25.379793, 44.110622, 34.419144>, 0.130000
	pigment { color rgbt <1,0,0,0> }
	no_shadow
}

// nucleotide -1

// particle -1
sphere {
	<25.747549, 44.223186, 35.091629> 0.250000
	pigment { color rgbt <1,0,0,0> }
	no_shadow
}
cylinder {
	<25.607477, 43.849438, 35.117939>,  <25.523434, 43.625191, 35.133724>, 0.100000
	pigment { color rgbt <1,0,0,0> }
	no_shadow
}
cylinder {
	<25.607477, 43.849438, 35.117939>,  <25.747549, 44.223186, 35.091629>, 0.100000
	pigment { color rgbt <1,0,0,0> }
	no_shadow
}

// particle -1
sphere {
	<25.607477, 43.849438, 35.117939> 0.100000
	pigment { color rgbt <1,0,0,0> }
	no_shadow
}
sphere {
	0, 1
	scale<0.080000,0.200000,0.300000>
	matrix <0.869917, -0.298383, 0.392699,
		-0.347301, 0.194732, 0.917312,
		-0.350181, -0.934370, 0.065772,
		25.502422, 43.569126, 35.137672>
	pigment { color rgbt <0,1,1,0> }
	no_shadow
}
cylinder {
	<25.856844, 43.909473, 35.741154>,  <25.747549, 44.223186, 35.091629>, 0.130000
	pigment { color rgbt <1,0,0,0> }
	no_shadow
}

// nucleotide -1

// particle -1
sphere {
	<25.856844, 43.909473, 35.741154> 0.250000
	pigment { color rgbt <1,0,0,0> }
	no_shadow
}
cylinder {
	<25.863676, 43.620956, 35.464184>,  <25.867775, 43.447845, 35.298004>, 0.100000
	pigment { color rgbt <1,0,0,0> }
	no_shadow
}
cylinder {
	<25.863676, 43.620956, 35.464184>,  <25.856844, 43.909473, 35.741154>, 0.100000
	pigment { color rgbt <1,0,0,0> }
	no_shadow
}

// particle -1
sphere {
	<25.863676, 43.620956, 35.464184> 0.100000
	pigment { color rgbt <1,0,0,0> }
	no_shadow
}
sphere {
	0, 1
	scale<0.080000,0.200000,0.300000>
	matrix <0.844736, -0.360080, 0.395932,
		-0.534909, -0.591678, 0.603149,
		0.017082, -0.721290, -0.692423,
		25.868801, 43.404568, 35.256458>
	pigment { color rgbt <0,1,1,0> }
	no_shadow
}
cylinder {
	<26.519175, 43.631355, 35.921429>,  <25.856844, 43.909473, 35.741154>, 0.130000
	pigment { color rgbt <1,0,0,0> }
	no_shadow
}

// nucleotide -1

// particle -1
sphere {
	<26.519175, 43.631355, 35.921429> 0.250000
	pigment { color rgbt <1,0,0,0> }
	no_shadow
}
cylinder {
	<26.403824, 43.433865, 35.593266>,  <26.334614, 43.315372, 35.396366>, 0.100000
	pigment { color rgbt <1,0,0,0> }
	no_shadow
}
cylinder {
	<26.403824, 43.433865, 35.593266>,  <26.519175, 43.631355, 35.921429>, 0.100000
	pigment { color rgbt <1,0,0,0> }
	no_shadow
}

// particle -1
sphere {
	<26.403824, 43.433865, 35.593266> 0.100000
	pigment { color rgbt <1,0,0,0> }
	no_shadow
}
sphere {
	0, 1
	scale<0.080000,0.200000,0.300000>
	matrix <0.871376, -0.490490, -0.011113,
		-0.396917, -0.718093, 0.571664,
		-0.288376, -0.493723, -0.820412,
		26.317310, 43.285748, 35.347141>
	pigment { color rgbt <0,1,1,0> }
	no_shadow
}
cylinder {
	<26.872265, 44.322918, 36.032310>,  <26.519175, 43.631355, 35.921429>, 0.130000
	pigment { color rgbt <1,0,0,0> }
	no_shadow
}

// nucleotide -1

// particle -1
sphere {
	<26.872265, 44.322918, 36.032310> 0.250000
	pigment { color rgbt <1,0,0,0> }
	no_shadow
}
cylinder {
	<26.634577, 44.283863, 36.351650>,  <26.491964, 44.260429, 36.543255>, 0.100000
	pigment { color rgbt <1,0,0,0> }
	no_shadow
}
cylinder {
	<26.634577, 44.283863, 36.351650>,  <26.872265, 44.322918, 36.032310>, 0.100000
	pigment { color rgbt <1,0,0,0> }
	no_shadow
}

// particle -1
sphere {
	<26.634577, 44.283863, 36.351650> 0.100000
	pigment { color rgbt <1,0,0,0> }
	no_shadow
}
sphere {
	0, 1
	scale<0.080000,0.200000,0.300000>
	matrix <0.242430, -0.968184, 0.062032,
		0.766895, 0.230405, 0.598987,
		-0.594222, -0.097640, 0.798353,
		26.456310, 44.254570, 36.591156>
	pigment { color rgbt <0,1,1,0> }
	no_shadow
}
cylinder {
	<27.294043, 44.143646, 36.623245>,  <26.872265, 44.322918, 36.032310>, 0.130000
	pigment { color rgbt <1,0,0,0> }
	no_shadow
}

// nucleotide -1

// particle -1
sphere {
	<27.294043, 44.143646, 36.623245> 0.250000
	pigment { color rgbt <1,0,0,0> }
	no_shadow
}
cylinder {
	<26.922098, 44.000690, 36.658188>,  <26.698931, 43.914917, 36.679153>, 0.100000
	pigment { color rgbt <1,0,0,0> }
	no_shadow
}
cylinder {
	<26.922098, 44.000690, 36.658188>,  <27.294043, 44.143646, 36.623245>, 0.100000
	pigment { color rgbt <1,0,0,0> }
	no_shadow
}

// particle -1
sphere {
	<26.922098, 44.000690, 36.658188> 0.100000
	pigment { color rgbt <1,0,0,0> }
	no_shadow
}
sphere {
	0, 1
	scale<0.080000,0.200000,0.300000>
	matrix <0.366729, -0.881342, 0.297902,
		-0.029477, 0.309043, 0.950591,
		-0.929861, -0.357390, 0.087356,
		26.643141, 43.893475, 36.684395>
	pigment { color rgbt <0,1,1,0> }
	no_shadow
}
cylinder {
	<27.322788, 43.690159, 37.209629>,  <27.294043, 44.143646, 36.623245>, 0.130000
	pigment { color rgbt <1,0,0,0> }
	no_shadow
}

// nucleotide -1

// particle -1
sphere {
	<27.322788, 43.690159, 37.209629> 0.250000
	pigment { color rgbt <1,0,0,0> }
	no_shadow
}
cylinder {
	<26.986683, 43.590809, 37.016853>,  <26.785021, 43.531200, 36.901188>, 0.100000
	pigment { color rgbt <1,0,0,0> }
	no_shadow
}
cylinder {
	<26.986683, 43.590809, 37.016853>,  <27.322788, 43.690159, 37.209629>, 0.100000
	pigment { color rgbt <1,0,0,0> }
	no_shadow
}

// particle -1
sphere {
	<26.986683, 43.590809, 37.016853> 0.100000
	pigment { color rgbt <1,0,0,0> }
	no_shadow
}
sphere {
	0, 1
	scale<0.080000,0.200000,0.300000>
	matrix <0.235252, -0.967883, 0.088653,
		-0.488483, -0.038887, 0.871706,
		-0.840262, -0.248376, -0.481943,
		26.734604, 43.516296, 36.872269>
	pigment { color rgbt <0,1,1,0> }
	no_shadow
}
cylinder {
	<27.147215, 43.110542, 37.530289>,  <27.322788, 43.690159, 37.209629>, 0.130000
	pigment { color rgbt <1,0,0,0> }
	no_shadow
}

// nucleotide -1

// particle -1
sphere {
	<27.147215, 43.110542, 37.530289> 0.250000
	pigment { color rgbt <1,0,0,0> }
	no_shadow
}
cylinder {
	<26.894167, 43.088165, 37.221313>,  <26.742338, 43.074738, 37.035927>, 0.100000
	pigment { color rgbt <1,0,0,0> }
	no_shadow
}
cylinder {
	<26.894167, 43.088165, 37.221313>,  <27.147215, 43.110542, 37.530289>, 0.100000
	pigment { color rgbt <1,0,0,0> }
	no_shadow
}

// particle -1
sphere {
	<26.894167, 43.088165, 37.221313> 0.100000
	pigment { color rgbt <1,0,0,0> }
	no_shadow
}
sphere {
	0, 1
	scale<0.080000,0.200000,0.300000>
	matrix <0.031821, -0.998423, 0.046248,
		-0.773809, 0.004678, 0.633402,
		-0.632620, -0.055942, -0.772440,
		26.704382, 43.071384, 36.989582>
	pigment { color rgbt <0,1,1,0> }
	no_shadow
}
cylinder {
	<26.694248, 42.587921, 37.749359>,  <27.147215, 43.110542, 37.530289>, 0.130000
	pigment { color rgbt <1,0,0,0> }
	no_shadow
}

// nucleotide -1

// particle -1
sphere {
	<26.694248, 42.587921, 37.749359> 0.250000
	pigment { color rgbt <1,0,0,0> }
	no_shadow
}
cylinder {
	<26.675114, 42.625210, 37.351562>,  <26.663633, 42.647583, 37.112885>, 0.100000
	pigment { color rgbt <1,0,0,0> }
	no_shadow
}
cylinder {
	<26.675114, 42.625210, 37.351562>,  <26.694248, 42.587921, 37.749359>, 0.100000
	pigment { color rgbt <1,0,0,0> }
	no_shadow
}

// particle -1
sphere {
	<26.675114, 42.625210, 37.351562> 0.100000
	pigment { color rgbt <1,0,0,0> }
	no_shadow
}
sphere {
	0, 1
	scale<0.080000,0.200000,0.300000>
	matrix <0.039376, -0.994686, -0.095133,
		-0.998079, -0.043710, 0.043911,
		-0.047836, 0.093221, -0.994495,
		26.660763, 42.653175, 37.053215>
	pigment { color rgbt <0,1,1,0> }
	no_shadow
}
cylinder {
	<26.236139, 42.096420, 37.507862>,  <26.694248, 42.587921, 37.749359>, 0.130000
	pigment { color rgbt <1,0,0,0> }
	no_shadow
}

// nucleotide -1

// particle -1
sphere {
	<26.236139, 42.096420, 37.507862> 0.250000
	pigment { color rgbt <1,0,0,0> }
	no_shadow
}
cylinder {
	<26.457537, 42.200592, 37.191425>,  <26.590376, 42.263096, 37.001564>, 0.100000
	pigment { color rgbt <1,0,0,0> }
	no_shadow
}
cylinder {
	<26.457537, 42.200592, 37.191425>,  <26.236139, 42.096420, 37.507862>, 0.100000
	pigment { color rgbt <1,0,0,0> }
	no_shadow
}

// particle -1
sphere {
	<26.457537, 42.200592, 37.191425> 0.100000
	pigment { color rgbt <1,0,0,0> }
	no_shadow
}
sphere {
	0, 1
	scale<0.080000,0.200000,0.300000>
	matrix <0.200853, -0.963557, -0.176678,
		-0.808271, -0.061102, -0.585632,
		0.553495, 0.260429, -0.791088,
		26.623585, 42.278721, 36.954098>
	pigment { color rgbt <0,1,1,0> }
	no_shadow
}
cylinder {
	<26.141174, 41.457512, 37.116615>,  <26.236139, 42.096420, 37.507862>, 0.130000
	pigment { color rgbt <1,0,0,0> }
	no_shadow
}

// nucleotide -1

// particle -1
sphere {
	<26.141174, 41.457512, 37.116615> 0.250000
	pigment { color rgbt <1,0,0,0> }
	no_shadow
}
cylinder {
	<26.461035, 41.645546, 36.967175>,  <26.652952, 41.758366, 36.877510>, 0.100000
	pigment { color rgbt <1,0,0,0> }
	no_shadow
}
cylinder {
	<26.461035, 41.645546, 36.967175>,  <26.141174, 41.457512, 37.116615>, 0.100000
	pigment { color rgbt <1,0,0,0> }
	no_shadow
}

// particle -1
sphere {
	<26.461035, 41.645546, 36.967175> 0.100000
	pigment { color rgbt <1,0,0,0> }
	no_shadow
}
sphere {
	0, 1
	scale<0.080000,0.200000,0.300000>
	matrix <0.474277, -0.876052, -0.087150,
		-0.368261, -0.107500, -0.923487,
		0.799653, 0.470082, -0.373600,
		26.700932, 41.786572, 36.855095>
	pigment { color rgbt <0,1,1,0> }
	no_shadow
}
cylinder {
	<26.126802, 41.200043, 36.458012>,  <26.141174, 41.457512, 37.116615>, 0.130000
	pigment { color rgbt <1,0,0,0> }
	no_shadow
}

// nucleotide -1

// particle -1
sphere {
	<26.126802, 41.200043, 36.458012> 0.250000
	pigment { color rgbt <1,0,0,0> }
	no_shadow
}
cylinder {
	<26.494865, 41.320457, 36.558163>,  <26.715702, 41.392708, 36.618252>, 0.100000
	pigment { color rgbt <1,0,0,0> }
	no_shadow
}
cylinder {
	<26.494865, 41.320457, 36.558163>,  <26.126802, 41.200043, 36.458012>, 0.100000
	pigment { color rgbt <1,0,0,0> }
	no_shadow
}

// particle -1
sphere {
	<26.494865, 41.320457, 36.558163> 0.100000
	pigment { color rgbt <1,0,0,0> }
	no_shadow
}
sphere {
	0, 1
	scale<0.080000,0.200000,0.300000>
