// switches for output
#declare DRAW_BASES = 1; // possible values are 0, 1; only relevant for DNA ribbons
#declare DRAW_BASES_TYPE = 3; // possible values are 1, 2, 3; only relevant for DNA ribbons
#declare DRAW_FOG = 0; // set to 1 to enable fog

#include "colors.inc"

#include "transforms.inc"
background { rgb <1, 1, 1>}

#default {
   normal{
       ripples 0.25
       frequency 0.20
       turbulence 0.2
       lambda 5
   }
	finish {
		phong 0.1
		phong_size 40.
	}
}

// original window dimensions: 1024x640


// camera settings

camera {
	sky <0, 0.179814, -0.983701>
	up <0, 0.179814, -0.983701>
	right 1.6 * <1, 0, 0>
	location <35, 94.9851, 44.8844>
	look_at <35, 29.7336, 32.9568>
	direction <0, -65.2515, -11.9276>
	angle 67.0682
}


# declare cpy_camera_pos = <35, 94.9851, 44.8844>;
# if (DRAW_FOG = 1)
fog {
	fog_type 2
	up vnormalize(cpy_camera_pos)
	color rgbt<1,1,1,0.3>
	distance 1e-5
	fog_alt 3e-3
	fog_offset 56
}
# end


// LIGHTS

# declare lum = 6;
global_settings {
	ambient_light rgb lum * <0.05, 0.05, 0.05>
	max_trace_level 15
}# declare cpy_direct_light_amount = 0.25;
light_source
{	1000 * <-1, -1.16352, -0.803886>,
	rgb lum * cpy_direct_light_amount
	parallel
}

light_source
{	1000 * <1, 1.16352, 0.803886>,
	rgb lum * cpy_direct_light_amount
	parallel
}

// strand 0

// nucleotide -1

// particle -1
sphere {
	<24.045805, 35.406006, 35.119717> 0.250000
	pigment { color rgbt <1,0,0,0> }
	no_shadow
}
cylinder {
	<24.224495, 35.067482, 35.003647>,  <24.331709, 34.864368, 34.934006>, 0.100000
	pigment { color rgbt <1,0,0,0> }
	no_shadow
}
cylinder {
	<24.224495, 35.067482, 35.003647>,  <24.045805, 35.406006, 35.119717>, 0.100000
	pigment { color rgbt <1,0,0,0> }
	no_shadow
}

// particle -1
sphere {
	<24.224495, 35.067482, 35.003647> 0.100000
	pigment { color rgbt <1,0,0,0> }
	no_shadow
}
sphere {
	0, 1
	scale<0.080000,0.200000,0.300000>
	matrix <0.887953, 0.459076, 0.028092,
		0.109439, -0.270213, 0.956560,
		0.446725, -0.846306, -0.290178,
		24.358513, 34.813591, 34.916592>
	pigment { color rgbt <0,1,1,0> }
	no_shadow
}
cylinder {
	<24.510622, 35.065212, 35.705925>,  <24.045805, 35.406006, 35.119717>, 0.130000
	pigment { color rgbt <1,0,0,0> }
	no_shadow
}

// nucleotide -1

// particle -1
sphere {
	<24.510622, 35.065212, 35.705925> 0.250000
	pigment { color rgbt <1,0,0,0> }
	no_shadow
}
cylinder {
	<24.594292, 35.008636, 35.318886>,  <24.644493, 34.974689, 35.086662>, 0.100000
	pigment { color rgbt <1,0,0,0> }
	no_shadow
}
cylinder {
	<24.594292, 35.008636, 35.318886>,  <24.510622, 35.065212, 35.705925>, 0.100000
	pigment { color rgbt <1,0,0,0> }
	no_shadow
}

// particle -1
sphere {
	<24.594292, 35.008636, 35.318886> 0.100000
	pigment { color rgbt <1,0,0,0> }
	no_shadow
}
sphere {
	0, 1
	scale<0.080000,0.200000,0.300000>
	matrix <0.854651, 0.507285, 0.110603,
		0.475203, -0.850092, 0.226993,
		0.209173, -0.141441, -0.967595,
		24.657043, 34.966206, 35.028606>
	pigment { color rgbt <0,1,1,0> }
	no_shadow
}
cylinder {
	<25.202726, 34.799385, 35.436726>,  <24.510622, 35.065212, 35.705925>, 0.130000
	pigment { color rgbt <1,0,0,0> }
	no_shadow
}

// nucleotide -1

// particle -1
sphere {
	<25.202726, 34.799385, 35.436726> 0.250000
	pigment { color rgbt <1,0,0,0> }
	no_shadow
}
cylinder {
	<25.043344, 35.068321, 35.187183>,  <24.947716, 35.229683, 35.037460>, 0.100000
	pigment { color rgbt <1,0,0,0> }
	no_shadow
}
cylinder {
	<25.043344, 35.068321, 35.187183>,  <25.202726, 34.799385, 35.436726>, 0.100000
	pigment { color rgbt <1,0,0,0> }
	no_shadow
}

// particle -1
sphere {
	<25.043344, 35.068321, 35.187183> 0.100000
	pigment { color rgbt <1,0,0,0> }
	no_shadow
}
sphere {
	0, 1
	scale<0.080000,0.200000,0.300000>
	matrix <0.873840, 0.484914, -0.035522,
		0.278632, -0.559302, -0.780734,
		-0.398457, 0.672339, -0.623853,
		24.923807, 35.270023, 35.000027>
	pigment { color rgbt <0,1,1,0> }
	no_shadow
}
cylinder {
	<25.584238, 34.880165, 34.727757>,  <25.202726, 34.799385, 35.436726>, 0.130000
	pigment { color rgbt <1,0,0,0> }
	no_shadow
}

// nucleotide -1

// particle -1
sphere {
	<25.584238, 34.880165, 34.727757> 0.250000
	pigment { color rgbt <1,0,0,0> }
	no_shadow
}
cylinder {
	<25.411230, 35.224350, 34.835484>,  <25.307425, 35.430859, 34.900120>, 0.100000
	pigment { color rgbt <1,0,0,0> }
	no_shadow
}
cylinder {
	<25.411230, 35.224350, 34.835484>,  <25.584238, 34.880165, 34.727757>, 0.100000
	pigment { color rgbt <1,0,0,0> }
	no_shadow
}

// particle -1
sphere {
	<25.411230, 35.224350, 34.835484> 0.100000
	pigment { color rgbt <1,0,0,0> }
	no_shadow
}
sphere {
	0, 1
	scale<0.080000,0.200000,0.300000>
	matrix <0.899670, 0.431536, 0.066120,
		-0.059328, 0.270899, -0.960778,
		-0.432522, 0.860460, 0.269322,
		25.281473, 35.482487, 34.916279>
	pigment { color rgbt <0,1,1,0> }
	no_shadow
}
cylinder {
	<25.928247, 35.348179, 34.390366>,  <25.584238, 34.880165, 34.727757>, 0.130000
	pigment { color rgbt <1,0,0,0> }
	no_shadow
}

// nucleotide -1

// particle -1
sphere {
	<25.928247, 35.348179, 34.390366> 0.250000
	pigment { color rgbt <1,0,0,0> }
	no_shadow
}
cylinder {
	<25.792763, 35.541180, 34.713467>,  <25.711472, 35.656979, 34.907330>, 0.100000
	pigment { color rgbt <1,0,0,0> }
	no_shadow
}
cylinder {
	<25.792763, 35.541180, 34.713467>,  <25.928247, 35.348179, 34.390366>, 0.100000
	pigment { color rgbt <1,0,0,0> }
	no_shadow
}

// particle -1
sphere {
	<25.792763, 35.541180, 34.713467> 0.100000
	pigment { color rgbt <1,0,0,0> }
	no_shadow
}
sphere {
	0, 1
	scale<0.080000,0.200000,0.300000>
	matrix <0.888532, 0.446421, 0.105920,
		-0.309494, 0.753594, -0.579922,
		-0.338710, 0.482498, 0.807757,
		25.691149, 35.685928, 34.955795>
	pigment { color rgbt <0,1,1,0> }
	no_shadow
}
cylinder {
	<25.802206, 36.009804, 34.545280>,  <25.928247, 35.348179, 34.390366>, 0.130000
	pigment { color rgbt <1,0,0,0> }
	no_shadow
}

// nucleotide -1

// particle -1
sphere {
	<25.802206, 36.009804, 34.545280> 0.250000
	pigment { color rgbt <1,0,0,0> }
	no_shadow
}
cylinder {
	<25.465055, 36.110840, 34.735336>,  <25.262766, 36.171463, 34.849369>, 0.100000
	pigment { color rgbt <1,0,0,0> }
	no_shadow
}
cylinder {
	<25.465055, 36.110840, 34.735336>,  <25.802206, 36.009804, 34.545280>, 0.100000
	pigment { color rgbt <1,0,0,0> }
	no_shadow
}

// particle -1
sphere {
	<25.465055, 36.110840, 34.735336> 0.100000
	pigment { color rgbt <1,0,0,0> }
	no_shadow
}
sphere {
	0, 1
	scale<0.080000,0.200000,0.300000>
	matrix <-0.210169, 0.658323, -0.722800,
		-0.495371, -0.709090, -0.501796,
		-0.842874, 0.252592, 0.475143,
		25.212193, 36.186619, 34.877880>
	pigment { color rgbt <0,1,1,0> }
	no_shadow
}
cylinder {
	<25.345755, 35.974129, 34.029266>,  <25.802206, 36.009804, 34.545280>, 0.130000
	pigment { color rgbt <1,0,0,0> }
	no_shadow
}

// nucleotide -1

// particle -1
sphere {
	<25.345755, 35.974129, 34.029266> 0.250000
	pigment { color rgbt <1,0,0,0> }
	no_shadow
}
cylinder {
	<25.253002, 36.223072, 34.328304>,  <25.197350, 36.372440, 34.507725>, 0.100000
	pigment { color rgbt <1,0,0,0> }
	no_shadow
}
cylinder {
	<25.253002, 36.223072, 34.328304>,  <25.345755, 35.974129, 34.029266>, 0.100000
	pigment { color rgbt <1,0,0,0> }
	no_shadow
}

// particle -1
sphere {
	<25.253002, 36.223072, 34.328304> 0.100000
	pigment { color rgbt <1,0,0,0> }
	no_shadow
}
sphere {
	0, 1
	scale<0.080000,0.200000,0.300000>
	matrix <0.137991, 0.781814, -0.608051,
		-0.962907, -0.037835, -0.267169,
		-0.231882, 0.622363, 0.747593,
		25.183437, 36.409782, 34.552582>
	pigment { color rgbt <0,1,1,0> }
	no_shadow
}
cylinder {
	<24.881800, 36.478916, 33.820301>,  <25.345755, 35.974129, 34.029266>, 0.130000
	pigment { color rgbt <1,0,0,0> }
	no_shadow
}

// nucleotide -1

// particle -1
sphere {
	<24.881800, 36.478916, 33.820301> 0.250000
	pigment { color rgbt <1,0,0,0> }
	no_shadow
}
cylinder {
	<25.084808, 36.640930, 34.124504>,  <25.206614, 36.738140, 34.307026>, 0.100000
	pigment { color rgbt <1,0,0,0> }
	no_shadow
}
cylinder {
	<25.084808, 36.640930, 34.124504>,  <24.881800, 36.478916, 33.820301>, 0.100000
	pigment { color rgbt <1,0,0,0> }
	no_shadow
}

// particle -1
sphere {
	<25.084808, 36.640930, 34.124504> 0.100000
	pigment { color rgbt <1,0,0,0> }
	no_shadow
}
sphere {
	0, 1
	scale<0.080000,0.200000,0.300000>
	matrix <0.170446, 0.817989, -0.549401,
		-0.844612, 0.408458, 0.346110,
		0.507522, 0.405038, 0.760504,
		25.237064, 36.762440, 34.352654>
	pigment { color rgbt <0,1,1,0> }
	no_shadow
}
cylinder {
	<24.628561, 37.195061, 33.975834>,  <24.881800, 36.478916, 33.820301>, 0.130000
	pigment { color rgbt <1,0,0,0> }
	no_shadow
}

// nucleotide -1

// particle -1
sphere {
	<24.628561, 37.195061, 33.975834> 0.250000
	pigment { color rgbt <1,0,0,0> }
	no_shadow
}
cylinder {
	<25.014391, 37.146240, 34.069382>,  <25.245890, 37.116947, 34.125511>, 0.100000
	pigment { color rgbt <1,0,0,0> }
	no_shadow
}
cylinder {
	<25.014391, 37.146240, 34.069382>,  <24.628561, 37.195061, 33.975834>, 0.100000
	pigment { color rgbt <1,0,0,0> }
	no_shadow
}

// particle -1
sphere {
	<25.014391, 37.146240, 34.069382> 0.100000
	pigment { color rgbt <1,0,0,0> }
	no_shadow
}
sphere {
	0, 1
	scale<0.080000,0.200000,0.300000>
	matrix <0.221356, 0.856729, -0.465851,
		-0.143504, 0.501117, 0.853398,
		0.964577, -0.122053, 0.233869,
		25.303764, 37.109623, 34.139542>
	pigment { color rgbt <0,1,1,0> }
	no_shadow
}
cylinder {
	<24.829069, 37.850517, 33.837757>,  <24.628561, 37.195061, 33.975834>, 0.130000
	pigment { color rgbt <1,0,0,0> }
	no_shadow
}

// nucleotide -1

// particle -1
sphere {
	<24.829069, 37.850517, 33.837757> 0.250000
	pigment { color rgbt <1,0,0,0> }
	no_shadow
}
cylinder {
	<25.186060, 37.684578, 33.908627>,  <25.400253, 37.585014, 33.951149>, 0.100000
	pigment { color rgbt <1,0,0,0> }
	no_shadow
}
cylinder {
	<25.186060, 37.684578, 33.908627>,  <24.829069, 37.850517, 33.837757>, 0.100000
	pigment { color rgbt <1,0,0,0> }
	no_shadow
}

// particle -1
sphere {
	<25.186060, 37.684578, 33.908627> 0.100000
	pigment { color rgbt <1,0,0,0> }
	no_shadow
}
sphere {
	0, 1
	scale<0.080000,0.200000,0.300000>
	matrix <0.449920, 0.790292, -0.415946,
		0.032534, 0.450936, 0.891963,
		0.892476, -0.414844, 0.177174,
		25.453802, 37.560123, 33.961781>
	pigment { color rgbt <0,1,1,0> }
	no_shadow
}
cylinder {
	<25.256905, 38.390377, 34.091290>,  <24.829069, 37.850517, 33.837757>, 0.130000
	pigment { color rgbt <1,0,0,0> }
	no_shadow
}

// nucleotide -1

// particle -1
sphere {
	<25.256905, 38.390377, 34.091290> 0.250000
	pigment { color rgbt <1,0,0,0> }
	no_shadow
}
cylinder {
	<25.502586, 38.117538, 33.932549>,  <25.649996, 37.953835, 33.837303>, 0.100000
	pigment { color rgbt <1,0,0,0> }
	no_shadow
}
cylinder {
	<25.502586, 38.117538, 33.932549>,  <25.256905, 38.390377, 34.091290>, 0.100000
	pigment { color rgbt <1,0,0,0> }
	no_shadow
}

// particle -1
sphere {
	<25.502586, 38.117538, 33.932549> 0.100000
	pigment { color rgbt <1,0,0,0> }
	no_shadow
}
sphere {
	0, 1
	scale<0.080000,0.200000,0.300000>
	matrix <0.584439, 0.731089, -0.352051,
		0.530266, -0.015702, 0.847686,
		0.614206, -0.682101, -0.396849,
		25.686848, 37.912907, 33.813496>
	pigment { color rgbt <0,1,1,0> }
	no_shadow
}
cylinder {
	<25.933418, 38.581215, 34.274284>,  <25.256905, 38.390377, 34.091290>, 0.130000
	pigment { color rgbt <1,0,0,0> }
	no_shadow
}

// nucleotide -1

// particle -1
sphere {
	<25.933418, 38.581215, 34.274284> 0.250000
	pigment { color rgbt <1,0,0,0> }
	no_shadow
}
cylinder {
	<25.964056, 38.340584, 33.956230>,  <25.982439, 38.196205, 33.765396>, 0.100000
	pigment { color rgbt <1,0,0,0> }
	no_shadow
}
cylinder {
	<25.964056, 38.340584, 33.956230>,  <25.933418, 38.581215, 34.274284>, 0.100000
	pigment { color rgbt <1,0,0,0> }
	no_shadow
}

// particle -1
sphere {
	<25.964056, 38.340584, 33.956230> 0.100000
	pigment { color rgbt <1,0,0,0> }
	no_shadow
}
sphere {
	0, 1
	scale<0.080000,0.200000,0.300000>
	matrix <0.677119, 0.616759, -0.401395,
		0.731877, -0.507656, 0.454578,
		0.076594, -0.601575, -0.795136,
		25.987034, 38.160110, 33.717690>
	pigment { color rgbt <0,1,1,0> }
	no_shadow
}
cylinder {
	<26.581402, 38.808887, 34.090111>,  <25.933418, 38.581215, 34.274284>, 0.130000
	pigment { color rgbt <1,0,0,0> }
	no_shadow
}

// nucleotide -1

// particle -1
sphere {
	<26.581402, 38.808887, 34.090111> 0.250000
	pigment { color rgbt <1,0,0,0> }
	no_shadow
}
cylinder {
	<26.443737, 38.567825, 33.802120>,  <26.361139, 38.423187, 33.629326>, 0.100000
	pigment { color rgbt <1,0,0,0> }
	no_shadow
}
cylinder {
	<26.443737, 38.567825, 33.802120>,  <26.581402, 38.808887, 34.090111>, 0.100000
	pigment { color rgbt <1,0,0,0> }
	no_shadow
}

// particle -1
sphere {
	<26.443737, 38.567825, 33.802120> 0.100000
	pigment { color rgbt <1,0,0,0> }
	no_shadow
}
sphere {
	0, 1
	scale<0.080000,0.200000,0.300000>
	matrix <0.648705, 0.401735, -0.646367,
		0.678775, -0.689503, 0.252685,
		-0.344160, -0.602656, -0.719972,
		26.340488, 38.387028, 33.586128>
	pigment { color rgbt <0,1,1,0> }
	no_shadow
}
cylinder {
	<27.109344, 38.370701, 33.820694>,  <26.581402, 38.808887, 34.090111>, 0.130000
	pigment { color rgbt <1,0,0,0> }
	no_shadow
}

// nucleotide -1

// particle -1
sphere {
	<27.109344, 38.370701, 33.820694> 0.250000
	pigment { color rgbt <1,0,0,0> }
	no_shadow
}
cylinder {
	<26.840874, 38.447643, 33.534332>,  <26.679790, 38.493809, 33.362514>, 0.100000
	pigment { color rgbt <1,0,0,0> }
	no_shadow
}
cylinder {
	<26.840874, 38.447643, 33.534332>,  <27.109344, 38.370701, 33.820694>, 0.100000
	pigment { color rgbt <1,0,0,0> }
	no_shadow
}

// particle -1
sphere {
	<26.840874, 38.447643, 33.534332> 0.100000
	pigment { color rgbt <1,0,0,0> }
	no_shadow
}
sphere {
	0, 1
	scale<0.080000,0.200000,0.300000>
	matrix <0.727653, 0.355392, -0.586701,
		0.141575, -0.914712, -0.378496,
		-0.671176, 0.192352, -0.715907,
		26.639521, 38.505348, 33.319561>
	pigment { color rgbt <0,1,1,0> }
	no_shadow
}
cylinder {
	<27.383810, 38.149048, 33.104931>,  <27.109344, 38.370701, 33.820694>, 0.130000
	pigment { color rgbt <1,0,0,0> }
	no_shadow
}

// nucleotide -1

// particle -1
sphere {
	<27.383810, 38.149048, 33.104931> 0.250000
	pigment { color rgbt <1,0,0,0> }
	no_shadow
}
cylinder {
	<27.091307, 38.412212, 33.032921>,  <26.915804, 38.570110, 32.989716>, 0.100000
	pigment { color rgbt <1,0,0,0> }
	no_shadow
}
cylinder {
	<27.091307, 38.412212, 33.032921>,  <27.383810, 38.149048, 33.104931>, 0.100000
	pigment { color rgbt <1,0,0,0> }
	no_shadow
}

// particle -1
sphere {
	<27.091307, 38.412212, 33.032921> 0.100000
	pigment { color rgbt <1,0,0,0> }
	no_shadow
}
sphere {
	0, 1
	scale<0.080000,0.200000,0.300000>
	matrix <0.544624, 0.404275, -0.734811,
		-0.410664, -0.635382, -0.653945,
		-0.731259, 0.657914, -0.180023,
		26.871929, 38.609585, 32.978912>
	pigment { color rgbt <0,1,1,0> }
	no_shadow
}
cylinder {
	<27.502350, 38.298729, 32.375648>,  <27.383810, 38.149048, 33.104931>, 0.130000
	pigment { color rgbt <1,0,0,0> }
	no_shadow
}

// nucleotide -1

// particle -1
sphere {
	<27.502350, 38.298729, 32.375648> 0.250000
	pigment { color rgbt <1,0,0,0> }
	no_shadow
}
cylinder {
	<27.257542, 38.584942, 32.510380>,  <27.110657, 38.756668, 32.591217>, 0.100000
	pigment { color rgbt <1,0,0,0> }
	no_shadow
}
cylinder {
	<27.257542, 38.584942, 32.510380>,  <27.502350, 38.298729, 32.375648>, 0.100000
	pigment { color rgbt <1,0,0,0> }
	no_shadow
}

// particle -1
sphere {
	<27.257542, 38.584942, 32.510380> 0.100000
	pigment { color rgbt <1,0,0,0> }
	no_shadow
}
sphere {
	0, 1
	scale<0.080000,0.200000,0.300000>
	matrix <0.399735, 0.647383, -0.648928,
		-0.682380, -0.262518, -0.682234,
		-0.612021, 0.715528, 0.336824,
		27.073935, 38.799599, 32.611427>
	pigment { color rgbt <0,1,1,0> }
	no_shadow
}
cylinder {
	<27.288967, 38.639790, 31.786837>,  <27.502350, 38.298729, 32.375648>, 0.130000
	pigment { color rgbt <1,0,0,0> }
	no_shadow
}

// nucleotide -1

// particle -1
sphere {
	<27.288967, 38.639790, 31.786837> 0.250000
	pigment { color rgbt <1,0,0,0> }
	no_shadow
}
cylinder {
	<27.188671, 38.898022, 32.075378>,  <27.128494, 39.052959, 32.248505>, 0.100000
	pigment { color rgbt <1,0,0,0> }
	no_shadow
}
cylinder {
	<27.188671, 38.898022, 32.075378>,  <27.288967, 38.639790, 31.786837>, 0.100000
	pigment { color rgbt <1,0,0,0> }
	no_shadow
}

// particle -1
sphere {
	<27.188671, 38.898022, 32.075378> 0.100000
	pigment { color rgbt <1,0,0,0> }
	no_shadow
}
sphere {
	0, 1
	scale<0.080000,0.200000,0.300000>
	matrix <0.422832, 0.743357, -0.518299,
		-0.870829, 0.175055, -0.459360,
		-0.250738, 0.645582, 0.721356,
		27.113449, 39.091698, 32.291786>
	pigment { color rgbt <0,1,1,0> }
	no_shadow
}
cylinder {
	<26.972151, 39.213173, 31.404207>,  <27.288967, 38.639790, 31.786837>, 0.130000
	pigment { color rgbt <1,0,0,0> }
	no_shadow
}

// nucleotide -1

// particle -1
sphere {
	<26.972151, 39.213173, 31.404207> 0.250000
	pigment { color rgbt <1,0,0,0> }
	no_shadow
}
cylinder {
	<27.062563, 39.355537, 31.766916>,  <27.116810, 39.440956, 31.984541>, 0.100000
	pigment { color rgbt <1,0,0,0> }
	no_shadow
}
cylinder {
	<27.062563, 39.355537, 31.766916>,  <26.972151, 39.213173, 31.404207>, 0.100000
	pigment { color rgbt <1,0,0,0> }
	no_shadow
}

// particle -1
sphere {
	<27.062563, 39.355537, 31.766916> 0.100000
	pigment { color rgbt <1,0,0,0> }
	no_shadow
}
sphere {
	0, 1
	scale<0.080000,0.200000,0.300000>
	matrix <0.338088, 0.844338, -0.415680,
		-0.913568, 0.400526, 0.070519,
		0.226033, 0.355910, 0.906773,
		27.130373, 39.462311, 32.038948>
	pigment { color rgbt <0,1,1,0> }
	no_shadow
}
cylinder {
	<26.930267, 39.851650, 31.291712>,  <26.972151, 39.213173, 31.404207>, 0.130000
	pigment { color rgbt <1,0,0,0> }
	no_shadow
}

// nucleotide -1

// particle -1
sphere {
	<26.930267, 39.851650, 31.291712> 0.250000
	pigment { color rgbt <1,0,0,0> }
	no_shadow
}
cylinder {
	<27.133146, 39.870899, 31.635906>,  <27.254873, 39.882446, 31.842422>, 0.100000
	pigment { color rgbt <1,0,0,0> }
	no_shadow
}
cylinder {
	<27.133146, 39.870899, 31.635906>,  <26.930267, 39.851650, 31.291712>, 0.100000
	pigment { color rgbt <1,0,0,0> }
	no_shadow
}

// particle -1
sphere {
	<27.133146, 39.870899, 31.635906> 0.100000
	pigment { color rgbt <1,0,0,0> }
	no_shadow
}
sphere {
	0, 1
	scale<0.080000,0.200000,0.300000>
	matrix <0.343983, 0.904161, -0.253316,
		-0.790205, 0.424474, 0.442038,
		0.507200, 0.048118, 0.860484,
		27.285307, 39.885334, 31.894051>
	pigment { color rgbt <0,1,1,0> }
	no_shadow
}
cylinder {
	<26.862116, 40.617054, 31.499931>,  <26.930267, 39.851650, 31.291712>, 0.130000
	pigment { color rgbt <1,0,0,0> }
	no_shadow
}

// nucleotide -1

// particle -1
sphere {
	<26.862116, 40.617054, 31.499931> 0.250000
	pigment { color rgbt <1,0,0,0> }
	no_shadow
}
cylinder {
	<27.175297, 40.444458, 31.679174>,  <27.363205, 40.340900, 31.786720>, 0.100000
	pigment { color rgbt <1,0,0,0> }
	no_shadow
}
cylinder {
	<27.175297, 40.444458, 31.679174>,  <26.862116, 40.617054, 31.499931>, 0.100000
	pigment { color rgbt <1,0,0,0> }
	no_shadow
}

// particle -1
sphere {
	<27.175297, 40.444458, 31.679174> 0.100000
	pigment { color rgbt <1,0,0,0> }
	no_shadow
}
sphere {
	0, 1
	scale<0.080000,0.200000,0.300000>
	matrix <0.597332, 0.722630, -0.347850,
		-0.173721, 0.540019, 0.823529,
		0.782953, -0.431492, 0.448107,
		27.410183, 40.315010, 31.813606>
	pigment { color rgbt <0,1,1,0> }
	no_shadow
}
cylinder {
	<27.234886, 41.214771, 31.679911>,  <26.862116, 40.617054, 31.499931>, 0.130000
	pigment { color rgbt <1,0,0,0> }
	no_shadow
}

// nucleotide -1

// particle -1
sphere {
	<27.234886, 41.214771, 31.679911> 0.250000
	pigment { color rgbt <1,0,0,0> }
	no_shadow
}
cylinder {
	<27.501814, 40.916931, 31.686230>,  <27.661970, 40.738228, 31.690022>, 0.100000
	pigment { color rgbt <1,0,0,0> }
	no_shadow
}
cylinder {
	<27.501814, 40.916931, 31.686230>,  <27.234886, 41.214771, 31.679911>, 0.100000
	pigment { color rgbt <1,0,0,0> }
	no_shadow
}

// particle -1
sphere {
	<27.501814, 40.916931, 31.686230> 0.100000
	pigment { color rgbt <1,0,0,0> }
	no_shadow
}
sphere {
	0, 1
	scale<0.080000,0.200000,0.300000>
	matrix <0.714317, 0.633885, -0.296547,
		0.210796, 0.209176, 0.954888,
		0.667320, -0.744604, 0.015797,
		27.702009, 40.693550, 31.690969>
	pigment { color rgbt <0,1,1,0> }
	no_shadow
}
cylinder {
	<27.730040, 41.387276, 32.274364>,  <27.234886, 41.214771, 31.679911>, 0.130000
	pigment { color rgbt <1,0,0,0> }
	no_shadow
}

// nucleotide -1

// particle -1
sphere {
	<27.730040, 41.387276, 32.274364> 0.250000
	pigment { color rgbt <1,0,0,0> }
	no_shadow
}
cylinder {
	<27.896679, 41.160954, 31.989744>,  <27.996662, 41.025158, 31.818972>, 0.100000
	pigment { color rgbt <1,0,0,0> }
	no_shadow
}
cylinder {
	<27.896679, 41.160954, 31.989744>,  <27.730040, 41.387276, 32.274364>, 0.100000
	pigment { color rgbt <1,0,0,0> }
	no_shadow
}

// particle -1
sphere {
	<27.896679, 41.160954, 31.989744> 0.100000
	pigment { color rgbt <1,0,0,0> }
	no_shadow
}
sphere {
	0, 1
	scale<0.080000,0.200000,0.300000>
	matrix <0.661529, 0.725548, -0.189630,
		0.623559, -0.391712, 0.676561,
		0.416598, -0.565810, -0.711551,
		28.021658, 40.991211, 31.776279>
	pigment { color rgbt <0,1,1,0> }
	no_shadow
}
cylinder {
	<28.442516, 41.451012, 32.357285>,  <27.730040, 41.387276, 32.274364>, 0.130000
	pigment { color rgbt <1,0,0,0> }
	no_shadow
}

// nucleotide -1

// particle -1
sphere {
	<28.442516, 41.451012, 32.357285> 0.250000
	pigment { color rgbt <1,0,0,0> }
	no_shadow
}
cylinder {
	<28.401003, 41.336124, 31.976393>,  <28.376095, 41.267193, 31.747858>, 0.100000
	pigment { color rgbt <1,0,0,0> }
	no_shadow
}
cylinder {
	<28.401003, 41.336124, 31.976393>,  <28.442516, 41.451012, 32.357285>, 0.100000
	pigment { color rgbt <1,0,0,0> }
	no_shadow
}

// particle -1
sphere {
	<28.401003, 41.336124, 31.976393> 0.100000
	pigment { color rgbt <1,0,0,0> }
	no_shadow
}
sphere {
	0, 1
	scale<0.080000,0.200000,0.300000>
	matrix <0.581862, 0.758932, -0.292334,
		0.806638, -0.584404, 0.088357,
		-0.103784, -0.287219, -0.952226,
		28.369867, 41.249958, 31.690725>
	pigment { color rgbt <0,1,1,0> }
	no_shadow
}
cylinder {
	<29.191137, 41.413082, 32.032471>,  <28.442516, 41.451012, 32.357285>, 0.130000
	pigment { color rgbt <1,0,0,0> }
	no_shadow
}

// nucleotide -1

// particle -1
sphere {
	<29.191137, 41.413082, 32.032471> 0.250000
	pigment { color rgbt <1,0,0,0> }
	no_shadow
}
cylinder {
	<28.918835, 41.439396, 31.740650>,  <28.755453, 41.455185, 31.565559>, 0.100000
	pigment { color rgbt <1,0,0,0> }
	no_shadow
}
cylinder {
	<28.918835, 41.439396, 31.740650>,  <29.191137, 41.413082, 32.032471>, 0.100000
	pigment { color rgbt <1,0,0,0> }
	no_shadow
}

// particle -1
sphere {
	<28.918835, 41.439396, 31.740650> 0.100000
	pigment { color rgbt <1,0,0,0> }
	no_shadow
}
sphere {
	0, 1
	scale<0.080000,0.200000,0.300000>
	matrix <0.341010, 0.909913, -0.236158,
		0.648290, -0.409549, -0.641864,
		-0.680758, 0.065783, -0.729548,
		28.714607, 41.459129, 31.521786>
	pigment { color rgbt <0,1,1,0> }
	no_shadow
}
cylinder {
	<29.568428, 41.460911, 31.245888>,  <29.191137, 41.413082, 32.032471>, 0.130000
	pigment { color rgbt <1,0,0,0> }
	no_shadow
}

// nucleotide -1

// particle -1
sphere {
	<29.568428, 41.460911, 31.245888> 0.250000
	pigment { color rgbt <1,0,0,0> }
	no_shadow
}
cylinder {
	<29.206205, 41.627972, 31.275639>,  <28.988871, 41.728207, 31.293489>, 0.100000
	pigment { color rgbt <1,0,0,0> }
	no_shadow
}
cylinder {
	<29.206205, 41.627972, 31.275639>,  <29.568428, 41.460911, 31.245888>, 0.100000
	pigment { color rgbt <1,0,0,0> }
	no_shadow
}

// particle -1
sphere {
	<29.206205, 41.627972, 31.275639> 0.100000
	pigment { color rgbt <1,0,0,0> }
	no_shadow
}
sphere {
	0, 1
	scale<0.080000,0.200000,0.300000>
	matrix <0.376643, 0.872215, -0.312061,
		-0.195204, -0.254576, -0.947146,
		-0.905558, 0.417651, 0.074375,
		28.934538, 41.753265, 31.297951>
	pigment { color rgbt <0,1,1,0> }
	no_shadow
}
cylinder {
	<29.437136, 41.841766, 30.614218>,  <29.568428, 41.460911, 31.245888>, 0.130000
	pigment { color rgbt <1,0,0,0> }
	no_shadow
}

// nucleotide -1

// particle -1
sphere {
	<29.437136, 41.841766, 30.614218> 0.250000
	pigment { color rgbt <1,0,0,0> }
	no_shadow
}
cylinder {
	<29.216610, 42.011829, 30.901354>,  <29.084295, 42.113869, 31.073635>, 0.100000
	pigment { color rgbt <1,0,0,0> }
	no_shadow
}
cylinder {
	<29.216610, 42.011829, 30.901354>,  <29.437136, 41.841766, 30.614218>, 0.100000
	pigment { color rgbt <1,0,0,0> }
	no_shadow
}

// particle -1
sphere {
	<29.216610, 42.011829, 30.901354> 0.100000
	pigment { color rgbt <1,0,0,0> }
	no_shadow
}
sphere {
	0, 1
	scale<0.080000,0.200000,0.300000>
	matrix <0.339854, 0.900234, -0.272173,
		-0.761939, 0.093907, -0.640804,
		-0.551315, 0.425159, 0.717838,
		29.051216, 42.139378, 31.116705>
	pigment { color rgbt <0,1,1,0> }
	no_shadow
}
cylinder {
	<29.305983, 42.449409, 30.313225>,  <29.437136, 41.841766, 30.614218>, 0.130000
	pigment { color rgbt <1,0,0,0> }
	no_shadow
}

// nucleotide -1

// particle -1
sphere {
	<29.305983, 42.449409, 30.313225> 0.250000
	pigment { color rgbt <1,0,0,0> }
	no_shadow
}
cylinder {
	<29.210947, 42.501831, 30.698219>,  <29.153925, 42.533283, 30.929216>, 0.100000
	pigment { color rgbt <1,0,0,0> }
	no_shadow
}
cylinder {
	<29.210947, 42.501831, 30.698219>,  <29.305983, 42.449409, 30.313225>, 0.100000
	pigment { color rgbt <1,0,0,0> }
	no_shadow
}

// particle -1
sphere {
	<29.210947, 42.501831, 30.698219> 0.100000
	pigment { color rgbt <1,0,0,0> }
	no_shadow
}
sphere {
	0, 1
	scale<0.080000,0.200000,0.300000>
	matrix <0.281395, 0.957656, -0.060931,
		-0.929714, 0.256362, -0.264406,
		-0.237589, 0.131051, 0.962485,
		29.139669, 42.541145, 30.986965>
	pigment { color rgbt <0,1,1,0> }
	no_shadow
}
cylinder {
	<28.837486, 43.053082, 30.438566>,  <29.305983, 42.449409, 30.313225>, 0.130000
	pigment { color rgbt <1,0,0,0> }
	no_shadow
}

// nucleotide -1

// particle -1
sphere {
	<28.837486, 43.053082, 30.438566> 0.250000
	pigment { color rgbt <1,0,0,0> }
	no_shadow
}
cylinder {
	<29.032011, 43.043560, 30.787951>,  <29.148726, 43.037849, 30.997581>, 0.100000
	pigment { color rgbt <1,0,0,0> }
	no_shadow
}
cylinder {
	<29.032011, 43.043560, 30.787951>,  <28.837486, 43.053082, 30.438566>, 0.100000
	pigment { color rgbt <1,0,0,0> }
	no_shadow
}

// particle -1
sphere {
	<29.032011, 43.043560, 30.787951> 0.100000
	pigment { color rgbt <1,0,0,0> }
	no_shadow
}
sphere {
	0, 1
	scale<0.080000,0.200000,0.300000>
	matrix <0.185307, 0.979700, -0.076478,
		-0.853910, 0.199051, 0.480850,
		0.486312, -0.023799, 0.873461,
		29.177904, 43.036419, 31.049990>
	pigment { color rgbt <0,1,1,0> }
	no_shadow
}
cylinder {
	<28.588978, 43.651417, 30.808147>,  <28.837486, 43.053082, 30.438566>, 0.130000
	pigment { color rgbt <1,0,0,0> }
	no_shadow
}

// nucleotide -1

// particle -1
sphere {
	<28.588978, 43.651417, 30.808147> 0.250000
	pigment { color rgbt <1,0,0,0> }
	no_shadow
}
cylinder {
	<28.954123, 43.585258, 30.957455>,  <29.173208, 43.545563, 31.047039>, 0.100000
	pigment { color rgbt <1,0,0,0> }
	no_shadow
}
cylinder {
	<28.954123, 43.585258, 30.957455>,  <28.588978, 43.651417, 30.808147>, 0.100000
	pigment { color rgbt <1,0,0,0> }
	no_shadow
}

// particle -1
sphere {
	<28.954123, 43.585258, 30.957455> 0.100000
	pigment { color rgbt <1,0,0,0> }
	no_shadow
}
sphere {
	0, 1
	scale<0.080000,0.200000,0.300000>
	matrix <0.188760, 0.981662, -0.026644,
		-0.362016, 0.094781, 0.927341,
		0.912860, -0.165399, 0.373268,
		29.227982, 43.535637, 31.069435>
	pigment { color rgbt <0,1,1,0> }
	no_shadow
}
cylinder {
	<28.732882, 44.316044, 30.947981>,  <28.588978, 43.651417, 30.808147>, 0.130000
	pigment { color rgbt <1,0,0,0> }
	no_shadow
}

// nucleotide -1

// particle -1
sphere {
	<28.732882, 44.316044, 30.947981> 0.250000
	pigment { color rgbt <1,0,0,0> }
	no_shadow
}
cylinder {
	<29.074411, 44.128628, 31.038719>,  <29.279329, 44.016178, 31.093163>, 0.100000
	pigment { color rgbt <1,0,0,0> }
	no_shadow
}
cylinder {
	<29.074411, 44.128628, 31.038719>,  <28.732882, 44.316044, 30.947981>, 0.100000
	pigment { color rgbt <1,0,0,0> }
	no_shadow
}

// particle -1
sphere {
	<29.074411, 44.128628, 31.038719> 0.100000
	pigment { color rgbt <1,0,0,0> }
	no_shadow
}
sphere {
	0, 1
	scale<0.080000,0.200000,0.300000>
	matrix <0.443273, 0.882868, 0.155089,
		-0.272939, -0.031864, 0.961503,
		0.853823, -0.468538, 0.226845,
		29.330559, 43.988068, 31.106773>
	pigment { color rgbt <0,1,1,0> }
	no_shadow
}
cylinder {
	<28.987617, 44.314346, 31.620186>,  <28.732882, 44.316044, 30.947981>, 0.130000
	pigment { color rgbt <1,0,0,0> }
	no_shadow
}

// nucleotide -1

// particle -1
sphere {
	<28.987617, 44.314346, 31.620186> 0.250000
	pigment { color rgbt <1,0,0,0> }
	no_shadow
}
cylinder {
	<29.291574, 44.322018, 31.360279>,  <29.473948, 44.326618, 31.204334>, 0.100000
	pigment { color rgbt <1,0,0,0> }
	no_shadow
}
cylinder {
	<29.291574, 44.322018, 31.360279>,  <28.987617, 44.314346, 31.620186>, 0.100000
	pigment { color rgbt <1,0,0,0> }
	no_shadow
}

// particle -1
sphere {
	<29.291574, 44.322018, 31.360279> 0.100000
	pigment { color rgbt <1,0,0,0> }
	no_shadow
}
sphere {
	0, 1
	scale<0.080000,0.200000,0.300000>
	matrix <0.156416, 0.964803, 0.211398,
		0.630951, -0.262273, 0.730146,
		0.759891, 0.019175, -0.649767,
		29.519543, 44.327770, 31.165348>
	pigment { color rgbt <0,1,1,0> }
	no_shadow
}
cylinder {
	<29.501055, 44.668514, 31.911955>,  <28.987617, 44.314346, 31.620186>, 0.130000
	pigment { color rgbt <1,0,0,0> }
	no_shadow
}

// nucleotide -1

// particle -1
sphere {
	<29.501055, 44.668514, 31.911955> 0.250000
	pigment { color rgbt <1,0,0,0> }
	no_shadow
}
cylinder {
	<29.546072, 44.746475, 31.522217>,  <29.573082, 44.793251, 31.288374>, 0.100000
	pigment { color rgbt <1,0,0,0> }
	no_shadow
}
cylinder {
	<29.546072, 44.746475, 31.522217>,  <29.501055, 44.668514, 31.911955>, 0.100000
	pigment { color rgbt <1,0,0,0> }
	no_shadow
}

// particle -1
sphere {
	<29.546072, 44.746475, 31.522217> 0.100000
	pigment { color rgbt <1,0,0,0> }
	no_shadow
}
sphere {
	0, 1
	scale<0.080000,0.200000,0.300000>
	matrix <0.179814, 0.960391, 0.212877,
		0.977242, -0.199158, 0.073038,
		0.112541, 0.194899, -0.974345,
		29.579834, 44.804943, 31.229914>
	pigment { color rgbt <0,1,1,0> }
	no_shadow
}
cylinder {
	<30.217203, 44.947330, 31.754883>,  <29.501055, 44.668514, 31.911955>, 0.130000
	pigment { color rgbt <1,0,0,0> }
	no_shadow
}

// nucleotide -1

// particle -1
sphere {
	<30.217203, 44.947330, 31.754883> 0.250000
	pigment { color rgbt <1,0,0,0> }
	no_shadow
}
cylinder {
	<29.946110, 45.071239, 31.488134>,  <29.783453, 45.145584, 31.328085>, 0.100000
	pigment { color rgbt <1,0,0,0> }
	no_shadow
}
cylinder {
	<29.946110, 45.071239, 31.488134>,  <30.217203, 44.947330, 31.754883>, 0.100000
	pigment { color rgbt <1,0,0,0> }
	no_shadow
}

// particle -1
sphere {
	<29.946110, 45.071239, 31.488134> 0.100000
	pigment { color rgbt <1,0,0,0> }
	no_shadow
}
sphere {
	0, 1
	scale<0.080000,0.200000,0.300000>
	matrix <0.250245, 0.949961, 0.186954,
		0.691415, -0.040176, -0.721340,
		-0.677734, 0.309774, -0.666871,
		29.742790, 45.164173, 31.288073>
	pigment { color rgbt <0,1,1,0> }
	no_shadow
}
cylinder {
	<30.611673, 45.577835, 31.885187>,  <30.217203, 44.947330, 31.754883>, 0.130000
	pigment { color rgbt <1,0,0,0> }
	no_shadow
}

// nucleotide -1

// particle -1
sphere {
	<30.611673, 45.577835, 31.885187> 0.250000
	pigment { color rgbt <1,0,0,0> }
	no_shadow
}
cylinder {
	<30.887955, 45.499035, 32.163502>,  <31.053724, 45.451756, 32.330490>, 0.100000
	pigment { color rgbt <1,0,0,0> }
	no_shadow
}
cylinder {
	<30.887955, 45.499035, 32.163502>,  <30.611673, 45.577835, 31.885187>, 0.100000
	pigment { color rgbt <1,0,0,0> }
	no_shadow
}

// particle -1
sphere {
	<30.887955, 45.499035, 32.163502> 0.100000
	pigment { color rgbt <1,0,0,0> }
	no_shadow
}
sphere {
	0, 1
	scale<0.080000,0.200000,0.300000>
	matrix <-0.456909, -0.864672, 0.208750,
		0.560503, -0.462096, -0.687244,
		0.690703, -0.197003, 0.695787,
		31.095165, 45.439934, 32.372238>
	pigment { color rgbt <0,1,1,0> }
	no_shadow
}
cylinder {
	<31.028214, 44.891239, 31.903349>,  <30.611673, 45.577835, 31.885187>, 0.130000
	pigment { color rgbt <1,0,0,0> }
	no_shadow
}

// nucleotide -1

// particle -1
sphere {
	<31.028214, 44.891239, 31.903349> 0.250000
	pigment { color rgbt <1,0,0,0> }
	no_shadow
}
cylinder {
	<30.981762, 44.998188, 32.285976>,  <30.953890, 45.062359, 32.515553>, 0.100000
	pigment { color rgbt <1,0,0,0> }
	no_shadow
}
cylinder {
	<30.981762, 44.998188, 32.285976>,  <31.028214, 44.891239, 31.903349>, 0.100000
	pigment { color rgbt <1,0,0,0> }
	no_shadow
}

// particle -1
sphere {
	<30.981762, 44.998188, 32.285976> 0.100000
	pigment { color rgbt <1,0,0,0> }
	no_shadow
}
sphere {
	0, 1
	scale<0.080000,0.200000,0.300000>
	matrix <-0.419573, -0.886142, 0.196749,
		0.900262, -0.378503, 0.215090,
		-0.116130, 0.267372, 0.956570,
		30.946922, 45.078400, 32.572948>
	pigment { color rgbt <0,1,1,0> }
	no_shadow
}
cylinder {
	<31.143578, 44.309055, 32.381866>,  <31.028214, 44.891239, 31.903349>, 0.130000
	pigment { color rgbt <1,0,0,0> }
	no_shadow
}

// nucleotide -1

// particle -1
sphere {
	<31.143578, 44.309055, 32.381866> 0.250000
	pigment { color rgbt <1,0,0,0> }
	no_shadow
}
cylinder {
	<30.950016, 44.570099, 32.615082>,  <30.833879, 44.726727, 32.755013>, 0.100000
	pigment { color rgbt <1,0,0,0> }
	no_shadow
}
cylinder {
	<30.950016, 44.570099, 32.615082>,  <31.143578, 44.309055, 32.381866>, 0.100000
	pigment { color rgbt <1,0,0,0> }
	no_shadow
}

// particle -1
sphere {
	<30.950016, 44.570099, 32.615082> 0.100000
	pigment { color rgbt <1,0,0,0> }
	no_shadow
}
sphere {
	0, 1
	scale<0.080000,0.200000,0.300000>
	matrix <-0.447841, -0.757061, 0.475707,
		0.751848, -0.030912, 0.658611,
		-0.483904, 0.652613, 0.583038,
		30.804846, 44.765884, 32.789993>
	pigment { color rgbt <0,1,1,0> }
	no_shadow
}
cylinder {
	<31.295376, 44.104942, 33.010960>,  <31.143578, 44.309055, 32.381866>, 0.130000
	pigment { color rgbt <1,0,0,0> }
	no_shadow
}

// nucleotide -1

// particle -1
sphere {
	<31.295376, 44.104942, 33.010960> 0.250000
	pigment { color rgbt <1,0,0,0> }
	no_shadow
}
cylinder {
	<30.968384, 44.327332, 33.071121>,  <30.772188, 44.460766, 33.107220>, 0.100000
	pigment { color rgbt <1,0,0,0> }
	no_shadow
}
cylinder {
	<30.968384, 44.327332, 33.071121>,  <31.295376, 44.104942, 33.010960>, 0.100000
	pigment { color rgbt <1,0,0,0> }
	no_shadow
}

// particle -1
sphere {
	<30.968384, 44.327332, 33.071121> 0.100000
	pigment { color rgbt <1,0,0,0> }
	no_shadow
}
sphere {
	0, 1
	scale<0.080000,0.200000,0.300000>
	matrix <-0.372292, -0.709325, 0.598545,
		0.439460, 0.433304, 0.786843,
		-0.817480, 0.555972, 0.150405,
		30.723141, 44.494122, 33.116241>
	pigment { color rgbt <0,1,1,0> }
	no_shadow
}
cylinder {
	<31.178289, 44.069344, 33.736153>,  <31.295376, 44.104942, 33.010960>, 0.130000
	pigment { color rgbt <1,0,0,0> }
	no_shadow
}

// nucleotide -1

// particle -1
sphere {
	<31.178289, 44.069344, 33.736153> 0.250000
	pigment { color rgbt <1,0,0,0> }
	no_shadow
}
cylinder {
	<30.820560, 44.163128, 33.583725>,  <30.605923, 44.219398, 33.492268>, 0.100000
	pigment { color rgbt <1,0,0,0> }
	no_shadow
}
cylinder {
	<30.820560, 44.163128, 33.583725>,  <31.178289, 44.069344, 33.736153>, 0.100000
	pigment { color rgbt <1,0,0,0> }
	no_shadow
}

// particle -1
sphere {
	<30.820560, 44.163128, 33.583725> 0.100000
	pigment { color rgbt <1,0,0,0> }
	no_shadow
}
sphere {
	0, 1
	scale<0.080000,0.200000,0.300000>
	matrix <-0.438583, -0.627849, 0.643002,
		-0.088493, 0.742181, 0.664331,
		-0.894323, 0.234463, -0.381068,
		30.552263, 44.233467, 33.469406>
	pigment { color rgbt <0,1,1,0> }
	no_shadow
}
cylinder {
	<30.642843, 44.272045, 34.347984>,  <31.178289, 44.069344, 33.736153>, 0.130000
	pigment { color rgbt <1,0,0,0> }
	no_shadow
}

// nucleotide -1

// particle -1
sphere {
	<30.642843, 44.272045, 34.347984> 0.250000
	pigment { color rgbt <1,0,0,0> }
	no_shadow
}
cylinder {
	<30.387810, 44.189594, 34.051067>,  <30.234789, 44.140125, 33.872917>, 0.100000
	pigment { color rgbt <1,0,0,0> }
	no_shadow
}
cylinder {
	<30.387810, 44.189594, 34.051067>,  <30.642843, 44.272045, 34.347984>, 0.100000
	pigment { color rgbt <1,0,0,0> }
	no_shadow
}

// particle -1
sphere {
	<30.387810, 44.189594, 34.051067> 0.100000
	pigment { color rgbt <1,0,0,0> }
	no_shadow
}
sphere {
	0, 1
	scale<0.080000,0.200000,0.300000>
	matrix <-0.597076, -0.476656, 0.645213,
		-0.486814, 0.854582, 0.180834,
		-0.637583, -0.206127, -0.742293,
		30.196535, 44.127758, 33.828381>
	pigment { color rgbt <0,1,1,0> }
	no_shadow
}
cylinder {
	<29.955826, 44.550762, 34.602928>,  <30.642843, 44.272045, 34.347984>, 0.130000
	pigment { color rgbt <1,0,0,0> }
	no_shadow
}

// nucleotide -1

// particle -1
sphere {
	<29.955826, 44.550762, 34.602928> 0.250000
	pigment { color rgbt <1,0,0,0> }
	no_shadow
}
cylinder {
	<29.926155, 44.260151, 34.329681>,  <29.908354, 44.085785, 34.165733>, 0.100000
	pigment { color rgbt <1,0,0,0> }
	no_shadow
}
cylinder {
	<29.926155, 44.260151, 34.329681>,  <29.955826, 44.550762, 34.602928>, 0.100000
	pigment { color rgbt <1,0,0,0> }
	no_shadow
}

// particle -1
sphere {
	<29.926155, 44.260151, 34.329681> 0.100000
	pigment { color rgbt <1,0,0,0> }
	no_shadow
}
sphere {
	0, 1
	scale<0.080000,0.200000,0.300000>
	matrix <-0.619121, -0.503455, 0.602679,
		-0.781785, 0.467636, -0.412467,
		-0.074176, -0.726533, -0.683116,
		29.903902, 44.042191, 34.124748>
	pigment { color rgbt <0,1,1,0> }
	no_shadow
}
cylinder {
	<29.360600, 44.438915, 34.633553>,  <29.955826, 44.550762, 34.602928>, 0.130000
	pigment { color rgbt <1,0,0,0> }
	no_shadow
}

// nucleotide -1

// particle -1
sphere {
	<29.360600, 44.438915, 34.633553> 0.250000
	pigment { color rgbt <1,0,0,0> }
	no_shadow
}
cylinder {
	<29.460825, 44.103657, 34.439758>,  <29.520960, 43.902500, 34.323483>, 0.100000
	pigment { color rgbt <1,0,0,0> }
	no_shadow
}
cylinder {
	<29.460825, 44.103657, 34.439758>,  <29.360600, 44.438915, 34.633553>, 0.100000
	pigment { color rgbt <1,0,0,0> }
	no_shadow
}

// particle -1
sphere {
	<29.460825, 44.103657, 34.439758> 0.100000
	pigment { color rgbt <1,0,0,0> }
	no_shadow
}
sphere {
	0, 1
	scale<0.080000,0.200000,0.300000>
	matrix <-0.617740, -0.523746, 0.586589,
		-0.745396, 0.152307, -0.648990,
		0.250564, -0.838148, -0.484485,
		29.535994, 43.852211, 34.294415>
	pigment { color rgbt <0,1,1,0> }
	no_shadow
}
cylinder {
	<28.798901, 44.059311, 34.287868>,  <29.360600, 44.438915, 34.633553>, 0.130000
	pigment { color rgbt <1,0,0,0> }
	no_shadow
}

// nucleotide -1

// particle -1
sphere {
	<28.798901, 44.059311, 34.287868> 0.250000
	pigment { color rgbt <1,0,0,0> }
	no_shadow
}
cylinder {
	<29.092936, 43.801865, 34.373100>,  <29.269356, 43.647396, 34.424240>, 0.100000
	pigment { color rgbt <1,0,0,0> }
	no_shadow
}
cylinder {
	<29.092936, 43.801865, 34.373100>,  <28.798901, 44.059311, 34.287868>, 0.100000
	pigment { color rgbt <1,0,0,0> }
	no_shadow
}

// particle -1
sphere {
	<29.092936, 43.801865, 34.373100> 0.100000
	pigment { color rgbt <1,0,0,0> }
	no_shadow
}
sphere {
	0, 1
	scale<0.080000,0.200000,0.300000>
	matrix <-0.649197, -0.577630, 0.494860,
		-0.195419, -0.502096, -0.842444,
		0.735088, -0.643617, 0.213079,
		29.313461, 43.608780, 34.437023>
	pigment { color rgbt <0,1,1,0> }
	no_shadow
}
cylinder {
	<28.422562, 43.478748, 34.271645>,  <28.798901, 44.059311, 34.287868>, 0.130000
	pigment { color rgbt <1,0,0,0> }
	no_shadow
}

// nucleotide -1

// particle -1
sphere {
	<28.422562, 43.478748, 34.271645> 0.250000
	pigment { color rgbt <1,0,0,0> }
	no_shadow
}
cylinder {
	<28.762278, 43.354012, 34.442036>,  <28.966108, 43.279171, 34.544270>, 0.100000
	pigment { color rgbt <1,0,0,0> }
	no_shadow
}
cylinder {
	<28.762278, 43.354012, 34.442036>,  <28.422562, 43.478748, 34.271645>, 0.100000
	pigment { color rgbt <1,0,0,0> }
	no_shadow
}

// particle -1
sphere {
	<28.762278, 43.354012, 34.442036> 0.100000
	pigment { color rgbt <1,0,0,0> }
	no_shadow
}
sphere {
	0, 1
	scale<0.080000,0.200000,0.300000>
	matrix <-0.489487, -0.767394, 0.414136,
