// switches for output
#declare DRAW_BASES = 1; // possible values are 0, 1; only relevant for DNA ribbons
#declare DRAW_BASES_TYPE = 3; // possible values are 1, 2, 3; only relevant for DNA ribbons
#declare DRAW_FOG = 0; // set to 1 to enable fog

#include "colors.inc"

#include "transforms.inc"
background { rgb <1, 1, 1>}

#default {
   normal{
       ripples 0.25
       frequency 0.20
       turbulence 0.2
       lambda 5
   }
	finish {
		phong 0.1
		phong_size 40.
	}
}

// original window dimensions: 1024x640


// camera settings

camera {
	sky <0, 0.179814, -0.983701>
	up <0, 0.179814, -0.983701>
	right 1.6 * <1, 0, 0>
	location <35, 94.9851, 44.8844>
	look_at <35, 29.7336, 32.9568>
	direction <0, -65.2515, -11.9276>
	angle 67.0682
}


# declare cpy_camera_pos = <35, 94.9851, 44.8844>;
# if (DRAW_FOG = 1)
fog {
	fog_type 2
	up vnormalize(cpy_camera_pos)
	color rgbt<1,1,1,0.3>
	distance 1e-5
	fog_alt 3e-3
	fog_offset 56
}
# end


// LIGHTS

# declare lum = 6;
global_settings {
	ambient_light rgb lum * <0.05, 0.05, 0.05>
	max_trace_level 15
}# declare cpy_direct_light_amount = 0.25;
light_source
{	1000 * <-1, -1.16352, -0.803886>,
	rgb lum * cpy_direct_light_amount
	parallel
}

light_source
{	1000 * <1, 1.16352, 0.803886>,
	rgb lum * cpy_direct_light_amount
	parallel
}

// strand 0

// nucleotide -1

// particle -1
sphere {
	<23.877470, 35.508724, 35.038826> 0.250000
	pigment { color rgbt <1,0,0,0> }
	no_shadow
}
cylinder {
	<24.264217, 35.415737, 35.081024>,  <24.496265, 35.359947, 35.106342>, 0.100000
	pigment { color rgbt <1,0,0,0> }
	no_shadow
}
cylinder {
	<24.264217, 35.415737, 35.081024>,  <23.877470, 35.508724, 35.038826>, 0.100000
	pigment { color rgbt <1,0,0,0> }
	no_shadow
}

// particle -1
sphere {
	<24.264217, 35.415737, 35.081024> 0.100000
	pigment { color rgbt <1,0,0,0> }
	no_shadow
}
sphere {
	0, 1
	scale<0.080000,0.200000,0.300000>
	matrix <0.216964, 0.530550, -0.819416,
		0.134515, 0.815155, 0.563408,
		0.966867, -0.232463, 0.105492,
		24.554277, 35.345997, 35.112671>
	pigment { color rgbt <0,1,1,0> }
	no_shadow
}
cylinder {
	<24.387962, 36.088074, 35.221771>,  <23.877470, 35.508724, 35.038826>, 0.130000
	pigment { color rgbt <1,0,0,0> }
	no_shadow
}

// nucleotide -1

// particle -1
sphere {
	<24.387962, 36.088074, 35.221771> 0.250000
	pigment { color rgbt <1,0,0,0> }
	no_shadow
}
cylinder {
	<24.577671, 35.807571, 35.008862>,  <24.691496, 35.639271, 34.881115>, 0.100000
	pigment { color rgbt <1,0,0,0> }
	no_shadow
}
cylinder {
	<24.577671, 35.807571, 35.008862>,  <24.387962, 36.088074, 35.221771>, 0.100000
	pigment { color rgbt <1,0,0,0> }
	no_shadow
}

// particle -1
sphere {
	<24.577671, 35.807571, 35.008862> 0.100000
	pigment { color rgbt <1,0,0,0> }
	no_shadow
}
sphere {
	0, 1
	scale<0.080000,0.200000,0.300000>
	matrix <0.080278, 0.636524, -0.767068,
		0.876711, 0.321068, 0.358180,
		0.474271, -0.701251, -0.532273,
		24.719952, 35.597195, 34.849178>
	pigment { color rgbt <0,1,1,0> }
	no_shadow
}
cylinder {
	<25.006762, 36.342342, 34.771790>,  <24.387962, 36.088074, 35.221771>, 0.130000
	pigment { color rgbt <1,0,0,0> }
	no_shadow
}

// nucleotide -1

// particle -1
sphere {
	<25.006762, 36.342342, 34.771790> 0.250000
	pigment { color rgbt <1,0,0,0> }
	no_shadow
}
cylinder {
	<24.796635, 36.025539, 34.647362>,  <24.670559, 35.835457, 34.572704>, 0.100000
	pigment { color rgbt <1,0,0,0> }
	no_shadow
}
cylinder {
	<24.796635, 36.025539, 34.647362>,  <25.006762, 36.342342, 34.771790>, 0.100000
	pigment { color rgbt <1,0,0,0> }
	no_shadow
}

// particle -1
sphere {
	<24.796635, 36.025539, 34.647362> 0.100000
	pigment { color rgbt <1,0,0,0> }
	no_shadow
}
sphere {
	0, 1
	scale<0.080000,0.200000,0.300000>
	matrix <-0.149284, 0.445685, -0.882655,
		0.837710, -0.417235, -0.352359,
		-0.525316, -0.792011, -0.311068,
		24.639040, 35.787937, 34.554043>
	pigment { color rgbt <0,1,1,0> }
	no_shadow
}
cylinder {
	<25.285887, 36.456093, 34.085392>,  <25.006762, 36.342342, 34.771790>, 0.130000
	pigment { color rgbt <1,0,0,0> }
	no_shadow
}

// nucleotide -1

// particle -1
sphere {
	<25.285887, 36.456093, 34.085392> 0.250000
	pigment { color rgbt <1,0,0,0> }
	no_shadow
}
cylinder {
	<25.612011, 36.448067, 34.316864>,  <25.807686, 36.443253, 34.455746>, 0.100000
	pigment { color rgbt <1,0,0,0> }
	no_shadow
}
cylinder {
	<25.612011, 36.448067, 34.316864>,  <25.285887, 36.456093, 34.085392>, 0.100000
	pigment { color rgbt <1,0,0,0> }
	no_shadow
}

// particle -1
sphere {
	<25.612011, 36.448067, 34.316864> 0.100000
	pigment { color rgbt <1,0,0,0> }
	no_shadow
}
sphere {
	0, 1
	scale<0.080000,0.200000,0.300000>
	matrix <-0.476869, -0.590132, 0.651414,
		0.328428, -0.807057, -0.490707,
		0.815310, -0.020060, 0.578677,
		25.856604, 36.442047, 34.490467>
	pigment { color rgbt <0,1,1,0> }
	no_shadow
}
cylinder {
	<25.816961, 36.251888, 33.533543>,  <25.285887, 36.456093, 34.085392>, 0.130000
	pigment { color rgbt <1,0,0,0> }
	no_shadow
}

// nucleotide -1

// particle -1
sphere {
	<25.816961, 36.251888, 33.533543> 0.250000
	pigment { color rgbt <1,0,0,0> }
	no_shadow
}
cylinder {
	<26.204643, 36.284760, 33.440685>,  <26.437252, 36.304482, 33.384972>, 0.100000
	pigment { color rgbt <1,0,0,0> }
	no_shadow
}
cylinder {
	<26.204643, 36.284760, 33.440685>,  <25.816961, 36.251888, 33.533543>, 0.100000
	pigment { color rgbt <1,0,0,0> }
	no_shadow
}

// particle -1
sphere {
	<26.204643, 36.284760, 33.440685> 0.100000
	pigment { color rgbt <1,0,0,0> }
	no_shadow
}
sphere {
	0, 1
	scale<0.080000,0.200000,0.300000>
	matrix <0.194023, -0.835353, 0.514334,
		-0.151653, -0.543536, -0.825573,
		0.969204, 0.082180, -0.232142,
		26.495405, 36.309414, 33.371044>
	pigment { color rgbt <0,1,1,0> }
	no_shadow
}
cylinder {
	<26.069374, 35.724545, 33.072456>,  <25.816961, 36.251888, 33.533543>, 0.130000
	pigment { color rgbt <1,0,0,0> }
	no_shadow
}

// nucleotide -1

// particle -1
sphere {
	<26.069374, 35.724545, 33.072456> 0.250000
	pigment { color rgbt <1,0,0,0> }
	no_shadow
}
cylinder {
	<26.354563, 35.854702, 33.320904>,  <26.525675, 35.932796, 33.469975>, 0.100000
	pigment { color rgbt <1,0,0,0> }
	no_shadow
}
cylinder {
	<26.354563, 35.854702, 33.320904>,  <26.069374, 35.724545, 33.072456>, 0.100000
	pigment { color rgbt <1,0,0,0> }
	no_shadow
}

// particle -1
sphere {
	<26.354563, 35.854702, 33.320904> 0.100000
	pigment { color rgbt <1,0,0,0> }
	no_shadow
}
sphere {
	0, 1
	scale<0.080000,0.200000,0.300000>
	matrix <-0.029079, -0.871325, 0.489844,
		0.700591, -0.367306, -0.611767,
		0.712971, 0.325390, 0.621123,
		26.568455, 35.952320, 33.507240>
	pigment { color rgbt <0,1,1,0> }
	no_shadow
}
cylinder {
	<26.768492, 35.396320, 33.015793>,  <26.069374, 35.724545, 33.072456>, 0.130000
	pigment { color rgbt <1,0,0,0> }
	no_shadow
}

// nucleotide -1

// particle -1
sphere {
	<26.768492, 35.396320, 33.015793> 0.250000
	pigment { color rgbt <1,0,0,0> }
	no_shadow
}
cylinder {
	<26.665903, 35.525211, 33.380295>,  <26.604351, 35.602547, 33.598995>, 0.100000
	pigment { color rgbt <1,0,0,0> }
	no_shadow
}
cylinder {
	<26.665903, 35.525211, 33.380295>,  <26.768492, 35.396320, 33.015793>, 0.100000
	pigment { color rgbt <1,0,0,0> }
	no_shadow
}

// particle -1
sphere {
	<26.665903, 35.525211, 33.380295> 0.100000
	pigment { color rgbt <1,0,0,0> }
	no_shadow
}
sphere {
	0, 1
	scale<0.080000,0.200000,0.300000>
	matrix <0.042593, -0.938110, 0.343709,
		0.965613, 0.126964, 0.226872,
		-0.256470, 0.322226, 0.911259,
		26.588963, 35.621880, 33.653671>
	pigment { color rgbt <0,1,1,0> }
	no_shadow
}
cylinder {
	<27.493414, 35.669086, 32.690796>,  <26.768492, 35.396320, 33.015793>, 0.130000
	pigment { color rgbt <1,0,0,0> }
	no_shadow
}

// nucleotide -1

// particle -1
sphere {
	<27.493414, 35.669086, 32.690796> 0.250000
	pigment { color rgbt <1,0,0,0> }
	no_shadow
}
cylinder {
	<27.240133, 35.605415, 32.387821>,  <27.088165, 35.567211, 32.206036>, 0.100000
	pigment { color rgbt <1,0,0,0> }
	no_shadow
}
cylinder {
	<27.240133, 35.605415, 32.387821>,  <27.493414, 35.669086, 32.690796>, 0.100000
	pigment { color rgbt <1,0,0,0> }
	no_shadow
}

// particle -1
sphere {
	<27.240133, 35.605415, 32.387821> 0.100000
	pigment { color rgbt <1,0,0,0> }
	no_shadow
}
sphere {
	0, 1
	scale<0.080000,0.200000,0.300000>
	matrix <-0.518909, 0.813413, 0.262855,
		0.574271, 0.559483, -0.597654,
		-0.633203, -0.159178, -0.757441,
		27.050173, 35.557663, 32.160587>
	pigment { color rgbt <0,1,1,0> }
	no_shadow
}
cylinder {
	<27.452993, 36.322624, 32.267506>,  <27.493414, 35.669086, 32.690796>, 0.130000
	pigment { color rgbt <1,0,0,0> }
	no_shadow
}

// nucleotide -1

// particle -1
sphere {
	<27.452993, 36.322624, 32.267506> 0.250000
	pigment { color rgbt <1,0,0,0> }
	no_shadow
}
cylinder {
	<27.160839, 36.050102, 32.286942>,  <26.985546, 35.886589, 32.298603>, 0.100000
	pigment { color rgbt <1,0,0,0> }
	no_shadow
}
cylinder {
	<27.160839, 36.050102, 32.286942>,  <27.452993, 36.322624, 32.267506>, 0.100000
	pigment { color rgbt <1,0,0,0> }
	no_shadow
}

// particle -1
sphere {
	<27.160839, 36.050102, 32.286942> 0.100000
	pigment { color rgbt <1,0,0,0> }
	no_shadow
}
sphere {
	0, 1
	scale<0.080000,0.200000,0.300000>
	matrix <-0.563416, 0.641158, 0.521037,
		-0.386137, 0.353182, -0.852151,
		-0.730384, -0.681307, 0.048586,
		26.941725, 35.845711, 32.301517>
	pigment { color rgbt <0,1,1,0> }
	no_shadow
}
cylinder {
	<27.738565, 36.171558, 31.523914>,  <27.452993, 36.322624, 32.267506>, 0.130000
	pigment { color rgbt <1,0,0,0> }
	no_shadow
}

// nucleotide -1

// particle -1
sphere {
	<27.738565, 36.171558, 31.523914> 0.250000
	pigment { color rgbt <1,0,0,0> }
	no_shadow
}
cylinder {
	<28.073828, 36.361614, 31.416777>,  <28.274984, 36.475647, 31.352493>, 0.100000
	pigment { color rgbt <1,0,0,0> }
	no_shadow
}
cylinder {
	<28.073828, 36.361614, 31.416777>,  <27.738565, 36.171558, 31.523914>, 0.100000
	pigment { color rgbt <1,0,0,0> }
	no_shadow
}

// particle -1
sphere {
	<28.073828, 36.361614, 31.416777> 0.100000
	pigment { color rgbt <1,0,0,0> }
	no_shadow
}
sphere {
	0, 1
	scale<0.080000,0.200000,0.300000>
	matrix <-0.425680, 0.876859, 0.223418,
		0.341016, -0.073242, 0.937200,
		0.838156, 0.475136, -0.267845,
		28.325274, 36.504154, 31.336424>
	pigment { color rgbt <0,1,1,0> }
	no_shadow
}
cylinder {
	<27.961544, 36.749126, 32.008240>,  <27.738565, 36.171558, 31.523914>, 0.130000
	pigment { color rgbt <1,0,0,0> }
	no_shadow
}

// nucleotide -1

// particle -1
sphere {
	<27.961544, 36.749126, 32.008240> 0.250000
	pigment { color rgbt <1,0,0,0> }
	no_shadow
}
cylinder {
	<28.135544, 36.853695, 31.663582>,  <28.239943, 36.916435, 31.456787>, 0.100000
	pigment { color rgbt <1,0,0,0> }
	no_shadow
}
cylinder {
	<28.135544, 36.853695, 31.663582>,  <27.961544, 36.749126, 32.008240>, 0.100000
	pigment { color rgbt <1,0,0,0> }
	no_shadow
}

// particle -1
sphere {
	<28.135544, 36.853695, 31.663582> 0.100000
	pigment { color rgbt <1,0,0,0> }
	no_shadow
}
sphere {
	0, 1
	scale<0.080000,0.200000,0.300000>
	matrix <-0.441536, 0.895909, 0.048913,
		0.784744, 0.359171, 0.505147,
		0.434998, 0.261424, -0.861646,
		28.266043, 36.932121, 31.405088>
	pigment { color rgbt <0,1,1,0> }
	no_shadow
}
cylinder {
	<28.132900, 37.475674, 32.034760>,  <27.961544, 36.749126, 32.008240>, 0.130000
	pigment { color rgbt <1,0,0,0> }
	no_shadow
}

// nucleotide -1

// particle -1
sphere {
	<28.132900, 37.475674, 32.034760> 0.250000
	pigment { color rgbt <1,0,0,0> }
	no_shadow
}
cylinder {
	<28.147087, 37.416729, 31.639380>,  <28.155600, 37.381363, 31.402153>, 0.100000
	pigment { color rgbt <1,0,0,0> }
	no_shadow
}
cylinder {
	<28.147087, 37.416729, 31.639380>,  <28.132900, 37.475674, 32.034760>, 0.100000
	pigment { color rgbt <1,0,0,0> }
	no_shadow
}

// particle -1
sphere {
	<28.147087, 37.416729, 31.639380> 0.100000
	pigment { color rgbt <1,0,0,0> }
	no_shadow
}
sphere {
	0, 1
	scale<0.080000,0.200000,0.300000>
	matrix <-0.357605, 0.921708, -0.150244,
		0.933199, 0.358802, -0.020010,
		0.035465, -0.147363, -0.988446,
		28.157726, 37.372520, 31.342846>
	pigment { color rgbt <0,1,1,0> }
	no_shadow
}
cylinder {
	<28.532286, 38.001575, 31.722681>,  <28.132900, 37.475674, 32.034760>, 0.130000
	pigment { color rgbt <1,0,0,0> }
	no_shadow
}

// nucleotide -1

// particle -1
sphere {
	<28.532286, 38.001575, 31.722681> 0.250000
	pigment { color rgbt <1,0,0,0> }
	no_shadow
}
cylinder {
	<28.313057, 37.869488, 31.415285>,  <28.181520, 37.790237, 31.230848>, 0.100000
	pigment { color rgbt <1,0,0,0> }
	no_shadow
}
cylinder {
	<28.313057, 37.869488, 31.415285>,  <28.532286, 38.001575, 31.722681>, 0.100000
	pigment { color rgbt <1,0,0,0> }
	no_shadow
}

// particle -1
sphere {
	<28.313057, 37.869488, 31.415285> 0.100000
	pigment { color rgbt <1,0,0,0> }
	no_shadow
}
sphere {
	0, 1
	scale<0.080000,0.200000,0.300000>
	matrix <-0.261240, 0.940388, -0.217770,
		0.794588, 0.081407, -0.601666,
		-0.548072, -0.330217, -0.768488,
		28.148636, 37.770424, 31.184738>
	pigment { color rgbt <0,1,1,0> }
	no_shadow
}
cylinder {
	<28.472454, 38.523926, 31.259556>,  <28.532286, 38.001575, 31.722681>, 0.130000
	pigment { color rgbt <1,0,0,0> }
	no_shadow
}

// nucleotide -1

// particle -1
sphere {
	<28.472454, 38.523926, 31.259556> 0.250000
	pigment { color rgbt <1,0,0,0> }
	no_shadow
}
cylinder {
	<28.181463, 38.293179, 31.110964>,  <28.006868, 38.154728, 31.021809>, 0.100000
	pigment { color rgbt <1,0,0,0> }
	no_shadow
}
cylinder {
	<28.181463, 38.293179, 31.110964>,  <28.472454, 38.523926, 31.259556>, 0.100000
	pigment { color rgbt <1,0,0,0> }
	no_shadow
}

// particle -1
sphere {
	<28.181463, 38.293179, 31.110964> 0.100000
	pigment { color rgbt <1,0,0,0> }
	no_shadow
}
sphere {
	0, 1
	scale<0.080000,0.200000,0.300000>
	matrix <-0.472123, 0.813721, -0.339054,
		0.497873, -0.071269, -0.864317,
		-0.727477, -0.576870, -0.371482,
		27.963221, 38.120117, 30.999519>
	pigment { color rgbt <0,1,1,0> }
	no_shadow
}
cylinder {
	<28.317934, 38.830811, 30.569818>,  <28.472454, 38.523926, 31.259556>, 0.130000
	pigment { color rgbt <1,0,0,0> }
	no_shadow
}

// nucleotide -1

// particle -1
sphere {
	<28.317934, 38.830811, 30.569818> 0.250000
	pigment { color rgbt <1,0,0,0> }
	no_shadow
}
cylinder {
	<27.999418, 38.609543, 30.667738>,  <27.808308, 38.476784, 30.726490>, 0.100000
	pigment { color rgbt <1,0,0,0> }
	no_shadow
}
cylinder {
	<27.999418, 38.609543, 30.667738>,  <28.317934, 38.830811, 30.569818>, 0.100000
	pigment { color rgbt <1,0,0,0> }
	no_shadow
}

// particle -1
sphere {
	<27.999418, 38.609543, 30.667738> 0.100000
	pigment { color rgbt <1,0,0,0> }
	no_shadow
}
sphere {
	0, 1
	scale<0.080000,0.200000,0.300000>
	matrix <-0.596480, 0.785365, -0.165572,
		-0.100666, -0.277860, -0.955333,
		-0.796290, -0.553169, 0.244797,
		27.760530, 38.443592, 30.741177>
	pigment { color rgbt <0,1,1,0> }
	no_shadow
}
cylinder {
	<27.817234, 38.829010, 29.930779>,  <28.317934, 38.830811, 30.569818>, 0.130000
	pigment { color rgbt <1,0,0,0> }
	no_shadow
}

// nucleotide -1

// particle -1
sphere {
	<27.817234, 38.829010, 29.930779> 0.250000
	pigment { color rgbt <1,0,0,0> }
	no_shadow
}
cylinder {
	<27.611311, 38.748676, 30.264158>,  <27.487757, 38.700474, 30.464186>, 0.100000
	pigment { color rgbt <1,0,0,0> }
	no_shadow
}
cylinder {
	<27.611311, 38.748676, 30.264158>,  <27.817234, 38.829010, 29.930779>, 0.100000
	pigment { color rgbt <1,0,0,0> }
	no_shadow
}

// particle -1
sphere {
	<27.611311, 38.748676, 30.264158> 0.100000
	pigment { color rgbt <1,0,0,0> }
	no_shadow
}
sphere {
	0, 1
	scale<0.080000,0.200000,0.300000>
	matrix <-0.576181, 0.800925, -0.162896,
		-0.634815, -0.564078, -0.528040,
		-0.514807, -0.200837, 0.833449,
		27.456869, 38.688423, 30.514193>
	pigment { color rgbt <0,1,1,0> }
	no_shadow
}
cylinder {
	<27.029400, 38.972309, 29.746368>,  <27.817234, 38.829010, 29.930779>, 0.130000
	pigment { color rgbt <1,0,0,0> }
	no_shadow
}

// nucleotide -1

// particle -1
sphere {
	<27.029400, 38.972309, 29.746368> 0.250000
	pigment { color rgbt <1,0,0,0> }
	no_shadow
}
cylinder {
	<27.017767, 38.952885, 30.145727>,  <27.010788, 38.941231, 30.385342>, 0.100000
	pigment { color rgbt <1,0,0,0> }
	no_shadow
}
cylinder {
	<27.017767, 38.952885, 30.145727>,  <27.029400, 38.972309, 29.746368>, 0.100000
	pigment { color rgbt <1,0,0,0> }
	no_shadow
}

// particle -1
sphere {
	<27.017767, 38.952885, 30.145727> 0.100000
	pigment { color rgbt <1,0,0,0> }
	no_shadow
}
sphere {
	0, 1
	scale<0.080000,0.200000,0.300000>
	matrix <-0.772135, 0.635402, 0.008416,
		-0.634792, -0.770653, -0.055973,
		-0.029080, -0.048561, 0.998396,
		27.009043, 38.938316, 30.445246>
	pigment { color rgbt <0,1,1,0> }
	no_shadow
}
cylinder {
	<26.321375, 38.904655, 30.015181>,  <27.029400, 38.972309, 29.746368>, 0.130000
	pigment { color rgbt <1,0,0,0> }
	no_shadow
}

// nucleotide -1

// particle -1
sphere {
	<26.321375, 38.904655, 30.015181> 0.250000
	pigment { color rgbt <1,0,0,0> }
	no_shadow
}
cylinder {
	<26.536907, 39.079159, 30.303440>,  <26.666227, 39.183861, 30.476397>, 0.100000
	pigment { color rgbt <1,0,0,0> }
	no_shadow
}
cylinder {
	<26.536907, 39.079159, 30.303440>,  <26.321375, 38.904655, 30.015181>, 0.100000
	pigment { color rgbt <1,0,0,0> }
	no_shadow
}

// particle -1
sphere {
	<26.536907, 39.079159, 30.303440> 0.100000
	pigment { color rgbt <1,0,0,0> }
	no_shadow
}
sphere {
	0, 1
	scale<0.080000,0.200000,0.300000>
	matrix <-0.705726, 0.700904, 0.103364,
		-0.460013, -0.564277, 0.685551,
		0.538831, 0.436262, 0.720650,
		26.698557, 39.210037, 30.519634>
	pigment { color rgbt <0,1,1,0> }
	no_shadow
}
cylinder {
	<25.875620, 39.192493, 30.509523>,  <26.321375, 38.904655, 30.015181>, 0.130000
	pigment { color rgbt <1,0,0,0> }
	no_shadow
}

// nucleotide -1

// particle -1
sphere {
	<25.875620, 39.192493, 30.509523> 0.250000
	pigment { color rgbt <1,0,0,0> }
	no_shadow
}
cylinder {
	<26.210123, 39.409470, 30.541599>,  <26.410826, 39.539654, 30.560844>, 0.100000
	pigment { color rgbt <1,0,0,0> }
	no_shadow
}
cylinder {
	<26.210123, 39.409470, 30.541599>,  <25.875620, 39.192493, 30.509523>, 0.100000
	pigment { color rgbt <1,0,0,0> }
	no_shadow
}

// particle -1
sphere {
	<26.210123, 39.409470, 30.541599> 0.100000
	pigment { color rgbt <1,0,0,0> }
	no_shadow
}
sphere {
	0, 1
	scale<0.080000,0.200000,0.300000>
	matrix <-0.545781, 0.837514, 0.026329,
		-0.052877, -0.065783, 0.996432,
		0.836258, 0.542441, 0.080188,
		26.461000, 39.572201, 30.565657>
	pigment { color rgbt <0,1,1,0> }
	no_shadow
}
cylinder {
	<25.633844, 39.675819, 31.023439>,  <25.875620, 39.192493, 30.509523>, 0.130000
	pigment { color rgbt <1,0,0,0> }
	no_shadow
}

// nucleotide -1

// particle -1
sphere {
	<25.633844, 39.675819, 31.023439> 0.250000
	pigment { color rgbt <1,0,0,0> }
	no_shadow
}
cylinder {
	<25.988857, 39.816132, 30.903946>,  <26.201864, 39.900318, 30.832251>, 0.100000
	pigment { color rgbt <1,0,0,0> }
	no_shadow
}
cylinder {
	<25.988857, 39.816132, 30.903946>,  <25.633844, 39.675819, 31.023439>, 0.100000
	pigment { color rgbt <1,0,0,0> }
	no_shadow
}

// particle -1
sphere {
	<25.988857, 39.816132, 30.903946> 0.100000
	pigment { color rgbt <1,0,0,0> }
	no_shadow
}
sphere {
	0, 1
	scale<0.080000,0.200000,0.300000>
	matrix <-0.266828, 0.919892, 0.287405,
		0.375617, -0.175371, 0.910031,
		0.887533, 0.350776, -0.298733,
		26.255117, 39.921364, 30.814325>
	pigment { color rgbt <0,1,1,0> }
	no_shadow
}
cylinder {
	<25.798910, 40.157066, 31.569851>,  <25.633844, 39.675819, 31.023439>, 0.130000
	pigment { color rgbt <1,0,0,0> }
	no_shadow
}

// nucleotide -1

// particle -1
sphere {
	<25.798910, 40.157066, 31.569851> 0.250000
	pigment { color rgbt <1,0,0,0> }
	no_shadow
}
cylinder {
	<25.993368, 40.259533, 31.235655>,  <26.110043, 40.321011, 31.035137>, 0.100000
	pigment { color rgbt <1,0,0,0> }
	no_shadow
}
cylinder {
	<25.993368, 40.259533, 31.235655>,  <25.798910, 40.157066, 31.569851>, 0.100000
	pigment { color rgbt <1,0,0,0> }
	no_shadow
}

// particle -1
sphere {
	<25.993368, 40.259533, 31.235655> 0.100000
	pigment { color rgbt <1,0,0,0> }
	no_shadow
}
sphere {
	0, 1
	scale<0.080000,0.200000,0.300000>
	matrix <-0.369959, 0.926497, 0.068800,
		0.791703, 0.275650, 0.545183,
		0.486146, 0.256165, -0.835489,
		26.139212, 40.336384, 30.985008>
	pigment { color rgbt <0,1,1,0> }
	no_shadow
}
cylinder {
	<26.203760, 40.704342, 31.823370>,  <25.798910, 40.157066, 31.569851>, 0.130000
	pigment { color rgbt <1,0,0,0> }
	no_shadow
}

// nucleotide -1

// particle -1
sphere {
	<26.203760, 40.704342, 31.823370> 0.250000
	pigment { color rgbt <1,0,0,0> }
	no_shadow
}
cylinder {
	<26.158554, 40.736179, 31.427210>,  <26.131430, 40.755283, 31.189514>, 0.100000
	pigment { color rgbt <1,0,0,0> }
	no_shadow
}
cylinder {
	<26.158554, 40.736179, 31.427210>,  <26.203760, 40.704342, 31.823370>, 0.100000
	pigment { color rgbt <1,0,0,0> }
	no_shadow
}

// particle -1
sphere {
	<26.158554, 40.736179, 31.427210> 0.100000
	pigment { color rgbt <1,0,0,0> }
	no_shadow
}
sphere {
	0, 1
	scale<0.080000,0.200000,0.300000>
	matrix <-0.246178, 0.963463, 0.105521,
		0.962613, 0.255740, -0.089291,
		-0.113015, 0.079595, -0.990400,
		26.124649, 40.760059, 31.130091>
	pigment { color rgbt <0,1,1,0> }
	no_shadow
}
cylinder {
	<26.529671, 41.234711, 31.651583>,  <26.203760, 40.704342, 31.823370>, 0.130000
	pigment { color rgbt <1,0,0,0> }
	no_shadow
}

// nucleotide -1

// particle -1
sphere {
	<26.529671, 41.234711, 31.651583> 0.250000
	pigment { color rgbt <1,0,0,0> }
	no_shadow
}
cylinder {
	<26.304951, 41.214008, 31.321321>,  <26.170118, 41.201588, 31.123165>, 0.100000
	pigment { color rgbt <1,0,0,0> }
	no_shadow
}
cylinder {
	<26.304951, 41.214008, 31.321321>,  <26.529671, 41.234711, 31.651583>, 0.100000
	pigment { color rgbt <1,0,0,0> }
	no_shadow
}

// particle -1
sphere {
	<26.304951, 41.214008, 31.321321> 0.100000
	pigment { color rgbt <1,0,0,0> }
	no_shadow
}
sphere {
	0, 1
	scale<0.080000,0.200000,0.300000>
	matrix <-0.286796, 0.948333, 0.135694,
		0.775970, 0.313026, -0.547617,
		-0.561799, -0.051760, -0.825653,
		26.136412, 41.198479, 31.073626>
	pigment { color rgbt <0,1,1,0> }
	no_shadow
}
cylinder {
	<26.726187, 41.859047, 31.410364>,  <26.529671, 41.234711, 31.651583>, 0.130000
	pigment { color rgbt <1,0,0,0> }
	no_shadow
}

// nucleotide -1

// particle -1
sphere {
	<26.726187, 41.859047, 31.410364> 0.250000
	pigment { color rgbt <1,0,0,0> }
	no_shadow
}
cylinder {
	<26.407040, 41.741817, 31.199646>,  <26.215551, 41.671482, 31.073215>, 0.100000
	pigment { color rgbt <1,0,0,0> }
	no_shadow
}
cylinder {
	<26.407040, 41.741817, 31.199646>,  <26.726187, 41.859047, 31.410364>, 0.100000
	pigment { color rgbt <1,0,0,0> }
	no_shadow
}

// particle -1
sphere {
	<26.407040, 41.741817, 31.199646> 0.100000
	pigment { color rgbt <1,0,0,0> }
	no_shadow
}
sphere {
	0, 1
	scale<0.080000,0.200000,0.300000>
	matrix <-0.367182, 0.929327, 0.039111,
		0.478102, 0.224635, -0.849092,
		-0.797869, -0.293072, -0.526795,
		26.167679, 41.653896, 31.041607>
	pigment { color rgbt <0,1,1,0> }
	no_shadow
}
cylinder {
	<26.745037, 42.198826, 30.758780>,  <26.726187, 41.859047, 31.410364>, 0.130000
	pigment { color rgbt <1,0,0,0> }
	no_shadow
}

// nucleotide -1

// particle -1
sphere {
	<26.745037, 42.198826, 30.758780> 0.250000
	pigment { color rgbt <1,0,0,0> }
	no_shadow
}
cylinder {
	<26.380795, 42.097069, 30.889061>,  <26.162249, 42.036015, 30.967230>, 0.100000
	pigment { color rgbt <1,0,0,0> }
	no_shadow
}
cylinder {
	<26.380795, 42.097069, 30.889061>,  <26.745037, 42.198826, 30.758780>, 0.100000
	pigment { color rgbt <1,0,0,0> }
	no_shadow
}

// particle -1
sphere {
	<26.380795, 42.097069, 30.889061> 0.100000
	pigment { color rgbt <1,0,0,0> }
	no_shadow
}
sphere {
	0, 1
	scale<0.080000,0.200000,0.300000>
	matrix <-0.260592, 0.965119, 0.025234,
		-0.320762, -0.061898, -0.945135,
		-0.910606, -0.254389, 0.325704,
		26.107613, 42.020752, 30.986773>
	pigment { color rgbt <0,1,1,0> }
	no_shadow
}
cylinder {
	<26.271523, 42.584114, 30.374062>,  <26.745037, 42.198826, 30.758780>, 0.130000
	pigment { color rgbt <1,0,0,0> }
	no_shadow
}

// nucleotide -1

// particle -1
sphere {
	<26.271523, 42.584114, 30.374062> 0.250000
	pigment { color rgbt <1,0,0,0> }
	no_shadow
}
cylinder {
	<26.126692, 42.495369, 30.736206>,  <26.039793, 42.442123, 30.953493>, 0.100000
	pigment { color rgbt <1,0,0,0> }
	no_shadow
}
cylinder {
	<26.126692, 42.495369, 30.736206>,  <26.271523, 42.584114, 30.374062>, 0.100000
	pigment { color rgbt <1,0,0,0> }
	no_shadow
}

// particle -1
sphere {
	<26.126692, 42.495369, 30.736206> 0.100000
	pigment { color rgbt <1,0,0,0> }
	no_shadow
}
sphere {
	0, 1
	scale<0.080000,0.200000,0.300000>
	matrix <-0.146928, 0.972704, 0.179607,
		-0.920496, -0.067991, -0.384792,
		-0.362077, -0.221864, 0.905360,
		26.018068, 42.428810, 31.007814>
	pigment { color rgbt <0,1,1,0> }
	no_shadow
}
cylinder {
	<25.463942, 42.740707, 30.552158>,  <26.271523, 42.584114, 30.374062>, 0.130000
	pigment { color rgbt <1,0,0,0> }
	no_shadow
}

// nucleotide -1

// particle -1
sphere {
	<25.463942, 42.740707, 30.552158> 0.250000
	pigment { color rgbt <1,0,0,0> }
	no_shadow
}
cylinder {
	<25.700266, 42.736927, 30.874861>,  <25.842060, 42.734657, 31.068481>, 0.100000
	pigment { color rgbt <1,0,0,0> }
	no_shadow
}
cylinder {
	<25.700266, 42.736927, 30.874861>,  <25.463942, 42.740707, 30.552158>, 0.100000
	pigment { color rgbt <1,0,0,0> }
	no_shadow
}

// particle -1
sphere {
	<25.700266, 42.736927, 30.874861> 0.100000
	pigment { color rgbt <1,0,0,0> }
	no_shadow
}
sphere {
	0, 1
	scale<0.080000,0.200000,0.300000>
	matrix <-0.228787, 0.956922, 0.178763,
		-0.773692, -0.290190, 0.563196,
		0.590810, -0.009455, 0.806755,
		25.877508, 42.734089, 31.116888>
	pigment { color rgbt <0,1,1,0> }
	no_shadow
}
cylinder {
	<25.184517, 43.045795, 31.111439>,  <25.463942, 42.740707, 30.552158>, 0.130000
	pigment { color rgbt <1,0,0,0> }
	no_shadow
}

// nucleotide -1

// particle -1
sphere {
	<25.184517, 43.045795, 31.111439> 0.250000
	pigment { color rgbt <1,0,0,0> }
	no_shadow
}
cylinder {
	<25.562006, 43.036171, 31.243380>,  <25.788500, 43.030396, 31.322544>, 0.100000
	pigment { color rgbt <1,0,0,0> }
	no_shadow
}
cylinder {
	<25.562006, 43.036171, 31.243380>,  <25.184517, 43.045795, 31.111439>, 0.100000
	pigment { color rgbt <1,0,0,0> }
	no_shadow
}

// particle -1
sphere {
	<25.562006, 43.036171, 31.243380> 0.100000
	pigment { color rgbt <1,0,0,0> }
	no_shadow
}
sphere {
	0, 1
	scale<0.080000,0.200000,0.300000>
	matrix <-0.057795, 0.970004, 0.236121,
		-0.325642, -0.241897, 0.914026,
		0.943725, -0.024065, 0.329854,
		25.845123, 43.028950, 31.342337>
	pigment { color rgbt <0,1,1,0> }
	no_shadow
}
cylinder {
	<25.073864, 43.355347, 31.705482>,  <25.184517, 43.045795, 31.111439>, 0.130000
	pigment { color rgbt <1,0,0,0> }
	no_shadow
}

// nucleotide -1

// particle -1
sphere {
	<25.073864, 43.355347, 31.705482> 0.250000
	pigment { color rgbt <1,0,0,0> }
	no_shadow
}
cylinder {
	<25.459393, 43.411064, 31.614578>,  <25.690710, 43.444496, 31.560036>, 0.100000
	pigment { color rgbt <1,0,0,0> }
	no_shadow
}
cylinder {
	<25.459393, 43.411064, 31.614578>,  <25.073864, 43.355347, 31.705482>, 0.100000
	pigment { color rgbt <1,0,0,0> }
	no_shadow
}

// particle -1
sphere {
	<25.459393, 43.411064, 31.614578> 0.100000
	pigment { color rgbt <1,0,0,0> }
	no_shadow
}
sphere {
	0, 1
	scale<0.080000,0.200000,0.300000>
	matrix <-0.092491, 0.974389, 0.204967,
		0.249992, -0.176532, 0.952019,
		0.963820, 0.139294, -0.227262,
		25.748539, 43.452854, 31.546400>
	pigment { color rgbt <0,1,1,0> }
	no_shadow
}
cylinder {
	<25.478317, 43.783989, 32.158741>,  <25.073864, 43.355347, 31.705482>, 0.130000
	pigment { color rgbt <1,0,0,0> }
	no_shadow
}

// nucleotide -1

// particle -1
sphere {
	<25.478317, 43.783989, 32.158741> 0.250000
	pigment { color rgbt <1,0,0,0> }
	no_shadow
}
cylinder {
	<25.686333, 43.846199, 31.822794>,  <25.811142, 43.883526, 31.621227>, 0.100000
	pigment { color rgbt <1,0,0,0> }
	no_shadow
}
cylinder {
	<25.686333, 43.846199, 31.822794>,  <25.478317, 43.783989, 32.158741>, 0.100000
	pigment { color rgbt <1,0,0,0> }
	no_shadow
}

// particle -1
sphere {
	<25.686333, 43.846199, 31.822794> 0.100000
	pigment { color rgbt <1,0,0,0> }
	no_shadow
}
sphere {
	0, 1
	scale<0.080000,0.200000,0.300000>
	matrix <0.012494, 0.981793, 0.189542,
		0.854051, -0.109062, 0.508627,
		0.520039, 0.155524, -0.839864,
		25.842344, 43.892857, 31.570835>
	pigment { color rgbt <0,1,1,0> }
	no_shadow
}
cylinder {
	<25.894348, 44.332546, 32.295567>,  <25.478317, 43.783989, 32.158741>, 0.130000
	pigment { color rgbt <1,0,0,0> }
	no_shadow
}

// nucleotide -1

// particle -1
sphere {
	<25.894348, 44.332546, 32.295567> 0.250000
	pigment { color rgbt <1,0,0,0> }
	no_shadow
}
cylinder {
	<25.904057, 44.286709, 31.898319>,  <25.909882, 44.259205, 31.659971>, 0.100000
	pigment { color rgbt <1,0,0,0> }
	no_shadow
}
cylinder {
	<25.904057, 44.286709, 31.898319>,  <25.894348, 44.332546, 32.295567>, 0.100000
	pigment { color rgbt <1,0,0,0> }
	no_shadow
}

// particle -1
sphere {
	<25.904057, 44.286709, 31.898319> 0.100000
	pigment { color rgbt <1,0,0,0> }
	no_shadow
}
sphere {
	0, 1
	scale<0.080000,0.200000,0.300000>
	matrix <-0.015088, 0.993253, -0.114980,
		0.999592, 0.017775, 0.022377,
		0.024270, -0.114596, -0.993116,
		25.911337, 44.252331, 31.600384>
	pigment { color rgbt <0,1,1,0> }
	no_shadow
}
cylinder {
	<26.452805, 44.718388, 32.053440>,  <25.894348, 44.332546, 32.295567>, 0.130000
	pigment { color rgbt <1,0,0,0> }
	no_shadow
}

// nucleotide -1

// particle -1
sphere {
	<26.452805, 44.718388, 32.053440> 0.250000
	pigment { color rgbt <1,0,0,0> }
	no_shadow
}
cylinder {
	<26.224112, 44.675713, 31.728050>,  <26.086895, 44.650108, 31.532816>, 0.100000
	pigment { color rgbt <1,0,0,0> }
	no_shadow
}
cylinder {
	<26.224112, 44.675713, 31.728050>,  <26.452805, 44.718388, 32.053440>, 0.100000
	pigment { color rgbt <1,0,0,0> }
	no_shadow
}

// particle -1
sphere {
	<26.224112, 44.675713, 31.728050> 0.100000
	pigment { color rgbt <1,0,0,0> }
	no_shadow
}
sphere {
	0, 1
	scale<0.080000,0.200000,0.300000>
	matrix <0.165383, 0.956169, -0.241639,
		0.803598, -0.272688, -0.529028,
		-0.571732, -0.106689, -0.813474,
		26.052591, 44.643707, 31.484009>
	pigment { color rgbt <0,1,1,0> }
	no_shadow
}
cylinder {
	<26.830999, 45.015644, 31.431036>,  <26.452805, 44.718388, 32.053440>, 0.130000
	pigment { color rgbt <1,0,0,0> }
	no_shadow
}

// nucleotide -1

// particle -1
sphere {
	<26.830999, 45.015644, 31.431036> 0.250000
	pigment { color rgbt <1,0,0,0> }
	no_shadow
}
cylinder {
	<26.433109, 45.046150, 31.403599>,  <26.194376, 45.064453, 31.387136>, 0.100000
	pigment { color rgbt <1,0,0,0> }
	no_shadow
}
cylinder {
	<26.433109, 45.046150, 31.403599>,  <26.830999, 45.015644, 31.431036>, 0.100000
	pigment { color rgbt <1,0,0,0> }
	no_shadow
}

// particle -1
sphere {
	<26.433109, 45.046150, 31.403599> 0.100000
	pigment { color rgbt <1,0,0,0> }
	no_shadow
}
sphere {
	0, 1
	scale<0.080000,0.200000,0.300000>
	matrix <0.092010, 0.959023, -0.267971,
		0.045345, -0.272869, -0.960982,
		-0.994726, 0.076269, -0.068593,
		26.134691, 45.069031, 31.383020>
	pigment { color rgbt <0,1,1,0> }
	no_shadow
}
cylinder {
	<27.413465, 45.060200, 31.122372>,  <26.830999, 45.015644, 31.431036>, 0.130000
	pigment { color rgbt <1,0,0,0> }
	no_shadow
}

// nucleotide -1

// particle -1
sphere {
	<27.413465, 45.060200, 31.122372> 0.250000
	pigment { color rgbt <1,0,0,0> }
	no_shadow
}
cylinder {
	<27.693527, 45.340351, 31.177870>,  <27.861565, 45.508442, 31.211168>, 0.100000
	pigment { color rgbt <1,0,0,0> }
	no_shadow
}
cylinder {
	<27.693527, 45.340351, 31.177870>,  <27.413465, 45.060200, 31.122372>, 0.100000
	pigment { color rgbt <1,0,0,0> }
	no_shadow
}

// particle -1
sphere {
	<27.693527, 45.340351, 31.177870> 0.100000
	pigment { color rgbt <1,0,0,0> }
	no_shadow
}
sphere {
	0, 1
	scale<0.080000,0.200000,0.300000>
	matrix <0.661102, -0.709333, 0.244522,
		0.269676, -0.079477, -0.959666,
		0.700156, 0.700379, 0.138747,
		27.903574, 45.550465, 31.219494>
	pigment { color rgbt <0,1,1,0> }
	no_shadow
}
cylinder {
	<28.113989, 44.941124, 30.690075>,  <27.413465, 45.060200, 31.122372>, 0.130000
	pigment { color rgbt <1,0,0,0> }
	no_shadow
}

// nucleotide -1

// particle -1
sphere {
	<28.113989, 44.941124, 30.690075> 0.250000
	pigment { color rgbt <1,0,0,0> }
	no_shadow
}
cylinder {
	<28.235712, 45.124660, 31.023989>,  <28.308746, 45.234783, 31.224337>, 0.100000
	pigment { color rgbt <1,0,0,0> }
	no_shadow
}
cylinder {
	<28.235712, 45.124660, 31.023989>,  <28.113989, 44.941124, 30.690075>, 0.100000
	pigment { color rgbt <1,0,0,0> }
	no_shadow
}

// particle -1
sphere {
	<28.235712, 45.124660, 31.023989> 0.100000
	pigment { color rgbt <1,0,0,0> }
	no_shadow
}
sphere {
	0, 1
	scale<0.080000,0.200000,0.300000>
	matrix <0.801426, -0.597010, 0.035999,
		0.514891, 0.658061, -0.549402,
		0.304309, 0.458840, 0.834782,
		28.327005, 45.262314, 31.274424>
	pigment { color rgbt <0,1,1,0> }
	no_shadow
}
cylinder {
	<28.867504, 45.132748, 30.650015>,  <28.113989, 44.941124, 30.690075>, 0.130000
	pigment { color rgbt <1,0,0,0> }
	no_shadow
}

// nucleotide -1

// particle -1
sphere {
	<28.867504, 45.132748, 30.650015> 0.250000
	pigment { color rgbt <1,0,0,0> }
	no_shadow
}
cylinder {
	<28.681036, 45.048965, 30.993832>,  <28.569155, 44.998695, 31.200121>, 0.100000
	pigment { color rgbt <1,0,0,0> }
	no_shadow
}
cylinder {
	<28.681036, 45.048965, 30.993832>,  <28.867504, 45.132748, 30.650015>, 0.100000
	pigment { color rgbt <1,0,0,0> }
	no_shadow
}

// particle -1
sphere {
	<28.681036, 45.048965, 30.993832> 0.100000
	pigment { color rgbt <1,0,0,0> }
	no_shadow
}
sphere {
	0, 1
	scale<0.080000,0.200000,0.300000>
	matrix <0.720481, -0.653708, 0.231458,
		0.513410, 0.727183, 0.455647,
		-0.466172, -0.209452, 0.859542,
		28.541183, 44.986130, 31.251694>
	pigment { color rgbt <0,1,1,0> }
	no_shadow
}
cylinder {
	<29.402122, 45.018314, 31.252487>,  <28.867504, 45.132748, 30.650015>, 0.130000
	pigment { color rgbt <1,0,0,0> }
	no_shadow
}

// nucleotide -1

// particle -1
sphere {
	<29.402122, 45.018314, 31.252487> 0.250000
	pigment { color rgbt <1,0,0,0> }
	no_shadow
}
cylinder {
	<29.068087, 44.811913, 31.328768>,  <28.867666, 44.688072, 31.374537>, 0.100000
	pigment { color rgbt <1,0,0,0> }
	no_shadow
}
cylinder {
	<29.068087, 44.811913, 31.328768>,  <29.402122, 45.018314, 31.252487>, 0.100000
	pigment { color rgbt <1,0,0,0> }
	no_shadow
}

// particle -1
sphere {
	<29.068087, 44.811913, 31.328768> 0.100000
	pigment { color rgbt <1,0,0,0> }
	no_shadow
}
sphere {
	0, 1
	scale<0.080000,0.200000,0.300000>
	matrix <0.549214, -0.762185, 0.342692,
		-0.031481, 0.390914, 0.919889,
		-0.835089, -0.516004, 0.190701,
		28.817560, 44.657112, 31.385979>
	pigment { color rgbt <0,1,1,0> }
	no_shadow
}
cylinder {
	<29.621309, 44.723217, 31.841167>,  <29.402122, 45.018314, 31.252487>, 0.130000
	pigment { color rgbt <1,0,0,0> }
	no_shadow
}

// nucleotide -1

// particle -1
sphere {
	<29.621309, 44.723217, 31.841167> 0.250000
	pigment { color rgbt <1,0,0,0> }
	no_shadow
}
cylinder {
	<29.297523, 44.524593, 31.715818>,  <29.103252, 44.405418, 31.640610>, 0.100000
	pigment { color rgbt <1,0,0,0> }
	no_shadow
}
cylinder {
	<29.297523, 44.524593, 31.715818>,  <29.621309, 44.723217, 31.841167>, 0.100000
	pigment { color rgbt <1,0,0,0> }
	no_shadow
}

// particle -1
sphere {
	<29.297523, 44.524593, 31.715818> 0.100000
	pigment { color rgbt <1,0,0,0> }
	no_shadow
}
sphere {
	0, 1
	scale<0.080000,0.200000,0.300000>
	matrix <0.423790, -0.863469, 0.273541,
		-0.406415, 0.088617, 0.909381,
		-0.809462, -0.496557, -0.313371,
		29.054686, 44.375626, 31.621807>
	pigment { color rgbt <0,1,1,0> }
	no_shadow
}
cylinder {
	<29.571716, 44.178902, 32.235897>,  <29.621309, 44.723217, 31.841167>, 0.130000
	pigment { color rgbt <1,0,0,0> }
	no_shadow
}

// nucleotide -1

// particle -1
sphere {
	<29.571716, 44.178902, 32.235897> 0.250000
	pigment { color rgbt <1,0,0,0> }
	no_shadow
}
cylinder {
	<29.306927, 44.069263, 31.956852>,  <29.148054, 44.003479, 31.789425>, 0.100000
	pigment { color rgbt <1,0,0,0> }
	no_shadow
}
cylinder {
	<29.306927, 44.069263, 31.956852>,  <29.571716, 44.178902, 32.235897>, 0.100000
	pigment { color rgbt <1,0,0,0> }
	no_shadow
}

// particle -1
sphere {
	<29.306927, 44.069263, 31.956852> 0.100000
	pigment { color rgbt <1,0,0,0> }
	no_shadow
}
sphere {
	0, 1
	scale<0.080000,0.200000,0.300000>
	matrix <0.341313, -0.938871, 0.045011,
		-0.667306, -0.208309, 0.715060,
		-0.661973, -0.274095, -0.697613,
		29.108335, 43.987034, 31.747568>
	pigment { color rgbt <0,1,1,0> }
	no_shadow
}
cylinder {
	<29.234312, 43.560303, 32.564564>,  <29.571716, 44.178902, 32.235897>, 0.130000
	pigment { color rgbt <1,0,0,0> }
	no_shadow
}

// nucleotide -1

// particle -1
sphere {
	<29.234312, 43.560303, 32.564564> 0.250000
	pigment { color rgbt <1,0,0,0> }
	no_shadow
}
cylinder {
	<29.151175, 43.550617, 32.173420>,  <29.101292, 43.544807, 31.938732>, 0.100000
	pigment { color rgbt <1,0,0,0> }
	no_shadow
}
cylinder {
	<29.151175, 43.550617, 32.173420>,  <29.234312, 43.560303, 32.564564>, 0.100000
	pigment { color rgbt <1,0,0,0> }
	no_shadow
}

// particle -1
sphere {
	<29.151175, 43.550617, 32.173420> 0.100000
	pigment { color rgbt <1,0,0,0> }
	no_shadow
}
sphere {
	0, 1
	scale<0.080000,0.200000,0.300000>
	matrix <0.322048, -0.945651, -0.045035,
		-0.923627, -0.324279, 0.204343,
		-0.207842, -0.024213, -0.977863,
		29.088821, 43.543354, 31.880060>
	pigment { color rgbt <0,1,1,0> }
	no_shadow
}
cylinder {
	<28.815685, 42.982910, 32.528595>,  <29.234312, 43.560303, 32.564564>, 0.130000
	pigment { color rgbt <1,0,0,0> }
	no_shadow
}

// nucleotide -1

// particle -1
sphere {
	<28.815685, 42.982910, 32.528595> 0.250000
	pigment { color rgbt <1,0,0,0> }
	no_shadow
}
cylinder {
	<28.984308, 43.049824, 32.172100>,  <29.085482, 43.089973, 31.958202>, 0.100000
	pigment { color rgbt <1,0,0,0> }
	no_shadow
}
cylinder {
	<28.984308, 43.049824, 32.172100>,  <28.815685, 42.982910, 32.528595>, 0.100000
	pigment { color rgbt <1,0,0,0> }
	no_shadow
}

// particle -1
sphere {
	<28.984308, 43.049824, 32.172100> 0.100000
	pigment { color rgbt <1,0,0,0> }
	no_shadow
}
sphere {
	0, 1
	scale<0.080000,0.200000,0.300000>
	matrix <0.380615, -0.924711, 0.006465,
		-0.823056, -0.341944, -0.453491,
		0.421559, 0.167284, -0.891238,
		29.110775, 43.100010, 31.904728>
	pigment { color rgbt <0,1,1,0> }
	no_shadow
}
cylinder {
	<28.558283, 42.451077, 32.161118>,  <28.815685, 42.982910, 32.528595>, 0.130000
	pigment { color rgbt <1,0,0,0> }
	no_shadow
}

// nucleotide -1

// particle -1
sphere {
	<28.558283, 42.451077, 32.161118> 0.250000
	pigment { color rgbt <1,0,0,0> }
	no_shadow
}
cylinder {
	<28.893072, 42.574654, 31.980440>,  <29.093946, 42.648800, 31.872034>, 0.100000
	pigment { color rgbt <1,0,0,0> }
	no_shadow
}
cylinder {
	<28.893072, 42.574654, 31.980440>,  <28.558283, 42.451077, 32.161118>, 0.100000
	pigment { color rgbt <1,0,0,0> }
	no_shadow
}

// particle -1
sphere {
	<28.893072, 42.574654, 31.980440> 0.100000
	pigment { color rgbt <1,0,0,0> }
	no_shadow
}
sphere {
	0, 1
	scale<0.080000,0.200000,0.300000>
	matrix <0.282367, -0.950846, -0.127127,
		-0.468767, -0.021142, -0.883069,
		0.836974, 0.308942, -0.451695,
		29.144165, 42.667336, 31.844931>
	pigment { color rgbt <0,1,1,0> }
	no_shadow
}
cylinder {
	<28.652029, 42.036491, 31.503780>,  <28.558283, 42.451077, 32.161118>, 0.130000
	pigment { color rgbt <1,0,0,0> }
	no_shadow
}

// nucleotide -1

// particle -1
sphere {
	<28.652029, 42.036491, 31.503780> 0.250000
	pigment { color rgbt <1,0,0,0> }
	no_shadow
}
cylinder {
	<29.010319, 42.187256, 31.598110>,  <29.225292, 42.277714, 31.654709>, 0.100000
	pigment { color rgbt <1,0,0,0> }
	no_shadow
}
cylinder {
	<29.010319, 42.187256, 31.598110>,  <28.652029, 42.036491, 31.503780>, 0.100000
	pigment { color rgbt <1,0,0,0> }
	no_shadow
}

// particle -1
sphere {
	<29.010319, 42.187256, 31.598110> 0.100000
	pigment { color rgbt <1,0,0,0> }
	no_shadow
}
sphere {
	0, 1
	scale<0.080000,0.200000,0.300000>
	matrix <0.436842, -0.844786, -0.309041,
