// switches for output
#declare DRAW_BASES = 1; // possible values are 0, 1; only relevant for DNA ribbons
#declare DRAW_BASES_TYPE = 3; // possible values are 1, 2, 3; only relevant for DNA ribbons
#declare DRAW_FOG = 0; // set to 1 to enable fog

#include "colors.inc"

#include "transforms.inc"
background { rgb <1, 1, 1>}

#default {
   normal{
       ripples 0.25
       frequency 0.20
       turbulence 0.2
       lambda 5
   }
	finish {
		phong 0.1
		phong_size 40.
	}
}

// original window dimensions: 1024x640


// camera settings

camera {
	sky <0, 0.179814, -0.983701>
	up <0, 0.179814, -0.983701>
	right 1.6 * <1, 0, 0>
	location <35, 94.9851, 44.8844>
	look_at <35, 29.7336, 32.9568>
	direction <0, -65.2515, -11.9276>
	angle 67.0682
}


# declare cpy_camera_pos = <35, 94.9851, 44.8844>;
# if (DRAW_FOG = 1)
fog {
	fog_type 2
	up vnormalize(cpy_camera_pos)
	color rgbt<1,1,1,0.3>
	distance 1e-5
	fog_alt 3e-3
	fog_offset 56
}
# end


// LIGHTS

# declare lum = 6;
global_settings {
	ambient_light rgb lum * <0.05, 0.05, 0.05>
	max_trace_level 15
}# declare cpy_direct_light_amount = 0.25;
light_source
{	1000 * <-1, -1.16352, -0.803886>,
	rgb lum * cpy_direct_light_amount
	parallel
}

light_source
{	1000 * <1, 1.16352, 0.803886>,
	rgb lum * cpy_direct_light_amount
	parallel
}

// strand 0

// nucleotide -1

// particle -1
sphere {
	<24.402576, 34.599957, 34.972809> 0.250000
	pigment { color rgbt <1,0,0,0> }
	no_shadow
}
cylinder {
	<24.232374, 34.961769, 34.983868>,  <24.130253, 35.178856, 34.990505>, 0.100000
	pigment { color rgbt <1,0,0,0> }
	no_shadow
}
cylinder {
	<24.232374, 34.961769, 34.983868>,  <24.402576, 34.599957, 34.972809>, 0.100000
	pigment { color rgbt <1,0,0,0> }
	no_shadow
}

// particle -1
sphere {
	<24.232374, 34.961769, 34.983868> 0.100000
	pigment { color rgbt <1,0,0,0> }
	no_shadow
}
sphere {
	0, 1
	scale<0.080000,0.200000,0.300000>
	matrix <0.749599, 0.369408, -0.549217,
		-0.506999, -0.212968, -0.835222,
		-0.425504, 0.904534, 0.027650,
		24.104723, 35.233128, 34.992161>
	pigment { color rgbt <0,1,1,0> }
	no_shadow
}
cylinder {
	<24.549112, 34.377682, 35.622101>,  <24.402576, 34.599957, 34.972809>, 0.130000
	pigment { color rgbt <1,0,0,0> }
	no_shadow
}

// nucleotide -1

// particle -1
sphere {
	<24.549112, 34.377682, 35.622101> 0.250000
	pigment { color rgbt <1,0,0,0> }
	no_shadow
}
cylinder {
	<24.805944, 34.546871, 35.877861>,  <24.960043, 34.648384, 36.031315>, 0.100000
	pigment { color rgbt <1,0,0,0> }
	no_shadow
}
cylinder {
	<24.805944, 34.546871, 35.877861>,  <24.549112, 34.377682, 35.622101>, 0.100000
	pigment { color rgbt <1,0,0,0> }
	no_shadow
}

// particle -1
sphere {
	<24.805944, 34.546871, 35.877861> 0.100000
	pigment { color rgbt <1,0,0,0> }
	no_shadow
}
sphere {
	0, 1
	scale<0.080000,0.200000,0.300000>
	matrix <0.239585, 0.681548, -0.691441,
		-0.728240, 0.597150, 0.336271,
		0.642080, 0.422969, 0.639399,
		24.998568, 34.673763, 36.069679>
	pigment { color rgbt <0,1,1,0> }
	no_shadow
}
cylinder {
	<24.468441, 35.149261, 35.683113>,  <24.549112, 34.377682, 35.622101>, 0.130000
	pigment { color rgbt <1,0,0,0> }
	no_shadow
}

// nucleotide -1

// particle -1
sphere {
	<24.468441, 35.149261, 35.683113> 0.250000
	pigment { color rgbt <1,0,0,0> }
	no_shadow
}
cylinder {
	<24.854883, 35.064110, 35.741516>,  <25.086748, 35.013020, 35.776558>, 0.100000
	pigment { color rgbt <1,0,0,0> }
	no_shadow
}
cylinder {
	<24.854883, 35.064110, 35.741516>,  <24.468441, 35.149261, 35.683113>, 0.100000
	pigment { color rgbt <1,0,0,0> }
	no_shadow
}

// particle -1
sphere {
	<24.854883, 35.064110, 35.741516> 0.100000
	pigment { color rgbt <1,0,0,0> }
	no_shadow
}
sphere {
	0, 1
	scale<0.080000,0.200000,0.300000>
	matrix <0.246496, 0.592790, -0.766707,
		0.076666, 0.776711, 0.625174,
		0.966107, -0.212883, 0.146009,
		25.144714, 35.000244, 35.785320>
	pigment { color rgbt <0,1,1,0> }
	no_shadow
}
cylinder {
	<24.963264, 35.766747, 35.702965>,  <24.468441, 35.149261, 35.683113>, 0.130000
	pigment { color rgbt <1,0,0,0> }
	no_shadow
}

// nucleotide -1

// particle -1
sphere {
	<24.963264, 35.766747, 35.702965> 0.250000
	pigment { color rgbt <1,0,0,0> }
	no_shadow
}
cylinder {
	<25.165733, 35.451797, 35.562210>,  <25.287214, 35.262829, 35.477757>, 0.100000
	pigment { color rgbt <1,0,0,0> }
	no_shadow
}
cylinder {
	<25.165733, 35.451797, 35.562210>,  <24.963264, 35.766747, 35.702965>, 0.100000
	pigment { color rgbt <1,0,0,0> }
	no_shadow
}

// particle -1
sphere {
	<25.165733, 35.451797, 35.562210> 0.100000
	pigment { color rgbt <1,0,0,0> }
	no_shadow
}
sphere {
	0, 1
	scale<0.080000,0.200000,0.300000>
	matrix <0.373918, 0.568035, -0.733159,
		0.777157, 0.239528, 0.581939,
		0.506174, -0.787377, -0.351889,
		25.317585, 35.215584, 35.456642>
	pigment { color rgbt <0,1,1,0> }
	no_shadow
}
cylinder {
	<25.646622, 35.835514, 35.721920>,  <24.963264, 35.766747, 35.702965>, 0.130000
	pigment { color rgbt <1,0,0,0> }
	no_shadow
}

// nucleotide -1

// particle -1
sphere {
	<25.646622, 35.835514, 35.721920> 0.250000
	pigment { color rgbt <1,0,0,0> }
	no_shadow
}
cylinder {
	<25.630533, 35.587547, 35.408466>,  <25.620880, 35.438766, 35.220394>, 0.100000
	pigment { color rgbt <1,0,0,0> }
	no_shadow
}
cylinder {
	<25.630533, 35.587547, 35.408466>,  <25.646622, 35.835514, 35.721920>, 0.100000
	pigment { color rgbt <1,0,0,0> }
	no_shadow
}

// particle -1
sphere {
	<25.630533, 35.587547, 35.408466> 0.100000
	pigment { color rgbt <1,0,0,0> }
	no_shadow
}
sphere {
	0, 1
	scale<0.080000,0.200000,0.300000>
	matrix <0.296447, 0.741554, -0.601844,
		0.954202, -0.256513, 0.153946,
		-0.040222, -0.619918, -0.783635,
		25.618467, 35.401573, 35.173374>
	pigment { color rgbt <0,1,1,0> }
	no_shadow
}
cylinder {
	<26.181274, 36.030052, 35.370537>,  <25.646622, 35.835514, 35.721920>, 0.130000
	pigment { color rgbt <1,0,0,0> }
	no_shadow
}

// nucleotide -1

// particle -1
sphere {
	<26.181274, 36.030052, 35.370537> 0.250000
	pigment { color rgbt <1,0,0,0> }
	no_shadow
}
cylinder {
	<25.959234, 35.825409, 35.108204>,  <25.826010, 35.702625, 34.950802>, 0.100000
	pigment { color rgbt <1,0,0,0> }
	no_shadow
}
cylinder {
	<25.959234, 35.825409, 35.108204>,  <26.181274, 36.030052, 35.370537>, 0.100000
	pigment { color rgbt <1,0,0,0> }
	no_shadow
}

// particle -1
sphere {
	<25.959234, 35.825409, 35.108204> 0.100000
	pigment { color rgbt <1,0,0,0> }
	no_shadow
}
sphere {
	0, 1
	scale<0.080000,0.200000,0.300000>
	matrix <0.105678, 0.738703, -0.665695,
		0.825042, -0.438836, -0.355990,
		-0.555101, -0.511606, -0.655837,
		25.792704, 35.671928, 34.911453>
	pigment { color rgbt <0,1,1,0> }
	no_shadow
}
cylinder {
	<26.480913, 36.073250, 34.697716>,  <26.181274, 36.030052, 35.370537>, 0.130000
	pigment { color rgbt <1,0,0,0> }
	no_shadow
}

// nucleotide -1

// particle -1
sphere {
	<26.480913, 36.073250, 34.697716> 0.250000
	pigment { color rgbt <1,0,0,0> }
	no_shadow
}
cylinder {
	<26.082481, 36.055969, 34.666836>,  <25.843422, 36.045601, 34.648308>, 0.100000
	pigment { color rgbt <1,0,0,0> }
	no_shadow
}
cylinder {
	<26.082481, 36.055969, 34.666836>,  <26.480913, 36.073250, 34.697716>, 0.100000
	pigment { color rgbt <1,0,0,0> }
	no_shadow
}

// particle -1
sphere {
	<26.082481, 36.055969, 34.666836> 0.100000
	pigment { color rgbt <1,0,0,0> }
	no_shadow
}
sphere {
	0, 1
	scale<0.080000,0.200000,0.300000>
	matrix <0.018213, 0.753815, -0.656835,
		0.086568, -0.655665, -0.750072,
		-0.996080, -0.043200, -0.077198,
		25.783657, 36.043011, 34.643677>
	pigment { color rgbt <0,1,1,0> }
	no_shadow
}
cylinder {
	<26.128349, 36.118275, 33.974888>,  <26.480913, 36.073250, 34.697716>, 0.130000
	pigment { color rgbt <1,0,0,0> }
	no_shadow
}

// nucleotide -1

// particle -1
sphere {
	<26.128349, 36.118275, 33.974888> 0.250000
	pigment { color rgbt <1,0,0,0> }
	no_shadow
}
cylinder {
	<25.879635, 36.258080, 34.255238>,  <25.730406, 36.341961, 34.423447>, 0.100000
	pigment { color rgbt <1,0,0,0> }
	no_shadow
}
cylinder {
	<25.879635, 36.258080, 34.255238>,  <26.128349, 36.118275, 33.974888>, 0.100000
	pigment { color rgbt <1,0,0,0> }
	no_shadow
}

// particle -1
sphere {
	<25.879635, 36.258080, 34.255238> 0.100000
	pigment { color rgbt <1,0,0,0> }
	no_shadow
}
sphere {
	0, 1
	scale<0.080000,0.200000,0.300000>
	matrix <-0.108659, 0.847749, -0.519149,
		-0.775613, -0.398955, -0.489140,
		-0.621785, 0.349509, 0.700875,
		25.693100, 36.362934, 34.465500>
	pigment { color rgbt <0,1,1,0> }
	no_shadow
}
cylinder {
	<25.414530, 36.315964, 33.708412>,  <26.128349, 36.118275, 33.974888>, 0.130000
	pigment { color rgbt <1,0,0,0> }
	no_shadow
}

// nucleotide -1

// particle -1
sphere {
	<25.414530, 36.315964, 33.708412> 0.250000
	pigment { color rgbt <1,0,0,0> }
	no_shadow
}
cylinder {
	<25.552135, 36.507103, 34.031723>,  <25.634699, 36.621784, 34.225712>, 0.100000
	pigment { color rgbt <1,0,0,0> }
	no_shadow
}
cylinder {
	<25.552135, 36.507103, 34.031723>,  <25.414530, 36.315964, 33.708412>, 0.100000
	pigment { color rgbt <1,0,0,0> }
	no_shadow
}

// particle -1
sphere {
	<25.552135, 36.507103, 34.031723> 0.100000
	pigment { color rgbt <1,0,0,0> }
	no_shadow
}
sphere {
	0, 1
	scale<0.080000,0.200000,0.300000>
	matrix <-0.030380, 0.866035, -0.499059,
		-0.938472, 0.147128, 0.312447,
		0.344016, 0.477846, 0.808280,
		25.655340, 36.650455, 34.274208>
	pigment { color rgbt <0,1,1,0> }
	no_shadow
}
cylinder {
	<25.919043, 35.944687, 33.199425>,  <25.414530, 36.315964, 33.708412>, 0.130000
	pigment { color rgbt <1,0,0,0> }
	no_shadow
}

// nucleotide -1

// particle -1
sphere {
	<25.919043, 35.944687, 33.199425> 0.250000
	pigment { color rgbt <1,0,0,0> }
	no_shadow
}
cylinder {
	<25.933256, 35.649826, 33.469341>,  <25.941784, 35.472912, 33.631290>, 0.100000
	pigment { color rgbt <1,0,0,0> }
	no_shadow
}
cylinder {
	<25.933256, 35.649826, 33.469341>,  <25.919043, 35.944687, 33.199425>, 0.100000
	pigment { color rgbt <1,0,0,0> }
	no_shadow
}

// particle -1
sphere {
	<25.933256, 35.649826, 33.469341> 0.100000
	pigment { color rgbt <1,0,0,0> }
	no_shadow
}
sphere {
	0, 1
	scale<0.080000,0.200000,0.300000>
	matrix <0.077507, -0.671156, -0.737253,
		0.996358, 0.078498, 0.033285,
		0.035533, -0.737148, 0.674796,
		25.943916, 35.428680, 33.671780>
	pigment { color rgbt <0,1,1,0> }
	no_shadow
}
cylinder {
	<26.404495, 35.455479, 32.919136>,  <25.919043, 35.944687, 33.199425>, 0.130000
	pigment { color rgbt <1,0,0,0> }
	no_shadow
}

// nucleotide -1

// particle -1
sphere {
	<26.404495, 35.455479, 32.919136> 0.250000
	pigment { color rgbt <1,0,0,0> }
	no_shadow
}
cylinder {
	<26.241470, 35.240417, 33.214386>,  <26.143656, 35.111382, 33.391537>, 0.100000
	pigment { color rgbt <1,0,0,0> }
	no_shadow
}
cylinder {
	<26.241470, 35.240417, 33.214386>,  <26.404495, 35.455479, 32.919136>, 0.100000
	pigment { color rgbt <1,0,0,0> }
	no_shadow
}

// particle -1
sphere {
	<26.241470, 35.240417, 33.214386> 0.100000
	pigment { color rgbt <1,0,0,0> }
	no_shadow
}
sphere {
	0, 1
	scale<0.080000,0.200000,0.300000>
	matrix <0.184876, -0.840141, -0.509886,
		0.894267, -0.071349, 0.441809,
		-0.407562, -0.537654, 0.738120,
		26.119202, 35.079121, 33.435822>
	pigment { color rgbt <0,1,1,0> }
	no_shadow
}
cylinder {
	<26.822756, 34.813129, 33.034180>,  <26.404495, 35.455479, 32.919136>, 0.130000
	pigment { color rgbt <1,0,0,0> }
	no_shadow
}

// nucleotide -1

// particle -1
sphere {
	<26.822756, 34.813129, 33.034180> 0.250000
	pigment { color rgbt <1,0,0,0> }
	no_shadow
}
cylinder {
	<26.454924, 34.728489, 33.166603>,  <26.234224, 34.677704, 33.246056>, 0.100000
	pigment { color rgbt <1,0,0,0> }
	no_shadow
}
cylinder {
	<26.454924, 34.728489, 33.166603>,  <26.822756, 34.813129, 33.034180>, 0.100000
	pigment { color rgbt <1,0,0,0> }
	no_shadow
}

// particle -1
sphere {
	<26.454924, 34.728489, 33.166603> 0.100000
	pigment { color rgbt <1,0,0,0> }
	no_shadow
}
sphere {
	0, 1
	scale<0.080000,0.200000,0.300000>
	matrix <-0.030759, -0.801236, -0.597558,
		0.391700, -0.559684, 0.730291,
		-0.919579, -0.211600, 0.331059,
		26.179050, 34.665009, 33.265923>
	pigment { color rgbt <0,1,1,0> }
	no_shadow
}
cylinder {
	<26.837645, 34.089718, 33.005051>,  <26.822756, 34.813129, 33.034180>, 0.130000
	pigment { color rgbt <1,0,0,0> }
	no_shadow
}

// nucleotide -1

// particle -1
sphere {
	<26.837645, 34.089718, 33.005051> 0.250000
	pigment { color rgbt <1,0,0,0> }
	no_shadow
}
cylinder {
	<26.454063, 34.200413, 33.029781>,  <26.223915, 34.266830, 33.044621>, 0.100000
	pigment { color rgbt <1,0,0,0> }
	no_shadow
}
cylinder {
	<26.454063, 34.200413, 33.029781>,  <26.837645, 34.089718, 33.005051>, 0.100000
	pigment { color rgbt <1,0,0,0> }
	no_shadow
}

// particle -1
sphere {
	<26.454063, 34.200413, 33.029781> 0.100000
	pigment { color rgbt <1,0,0,0> }
	no_shadow
}
sphere {
	0, 1
	scale<0.080000,0.200000,0.300000>
	matrix <-0.246518, -0.705867, -0.664064,
		-0.140129, -0.652048, 0.745115,
		-0.958954, 0.276738, 0.061829,
		26.166378, 34.283436, 33.048328>
	pigment { color rgbt <0,1,1,0> }
	no_shadow
}
cylinder {
	<26.435291, 33.457645, 32.959305>,  <26.837645, 34.089718, 33.005051>, 0.130000
	pigment { color rgbt <1,0,0,0> }
	no_shadow
}

// nucleotide -1

// particle -1
sphere {
	<26.435291, 33.457645, 32.959305> 0.250000
	pigment { color rgbt <1,0,0,0> }
	no_shadow
}
cylinder {
	<26.151085, 33.733894, 32.905334>,  <25.980560, 33.899643, 32.872952>, 0.100000
	pigment { color rgbt <1,0,0,0> }
	no_shadow
}
cylinder {
	<26.151085, 33.733894, 32.905334>,  <26.435291, 33.457645, 32.959305>, 0.100000
	pigment { color rgbt <1,0,0,0> }
	no_shadow
}

// particle -1
sphere {
	<26.151085, 33.733894, 32.905334> 0.100000
	pigment { color rgbt <1,0,0,0> }
	no_shadow
}
sphere {
	0, 1
	scale<0.080000,0.200000,0.300000>
	matrix <-0.437953, -0.584086, -0.683404,
		-0.550782, -0.426480, 0.717464,
		-0.710519, 0.690622, -0.134925,
		25.937929, 33.941082, 32.864857>
	pigment { color rgbt <0,1,1,0> }
	no_shadow
}
cylinder {
	<25.842159, 33.030994, 33.051056>,  <26.435291, 33.457645, 32.959305>, 0.130000
	pigment { color rgbt <1,0,0,0> }
	no_shadow
}

// nucleotide -1

// particle -1
sphere {
	<25.842159, 33.030994, 33.051056> 0.250000
	pigment { color rgbt <1,0,0,0> }
	no_shadow
}
cylinder {
	<25.779156, 33.354893, 32.824955>,  <25.741354, 33.549232, 32.689297>, 0.100000
	pigment { color rgbt <1,0,0,0> }
	no_shadow
}
cylinder {
	<25.779156, 33.354893, 32.824955>,  <25.842159, 33.030994, 33.051056>, 0.100000
	pigment { color rgbt <1,0,0,0> }
	no_shadow
}

// particle -1
sphere {
	<25.779156, 33.354893, 32.824955> 0.100000
	pigment { color rgbt <1,0,0,0> }
	no_shadow
}
sphere {
	0, 1
	scale<0.080000,0.200000,0.300000>
	matrix <-0.304176, -0.584346, -0.752341,
		-0.939504, 0.053433, 0.338345,
		-0.157511, 0.809743, -0.565249,
		25.731903, 33.597816, 32.655380>
	pigment { color rgbt <0,1,1,0> }
	no_shadow
}
cylinder {
	<25.167448, 32.998615, 32.903584>,  <25.842159, 33.030994, 33.051056>, 0.130000
	pigment { color rgbt <1,0,0,0> }
	no_shadow
}

// nucleotide -1

// particle -1
sphere {
	<25.167448, 32.998615, 32.903584> 0.250000
	pigment { color rgbt <1,0,0,0> }
	no_shadow
}
cylinder {
	<25.342518, 33.219501, 32.619751>,  <25.447559, 33.352032, 32.449451>, 0.100000
	pigment { color rgbt <1,0,0,0> }
	no_shadow
}
cylinder {
	<25.342518, 33.219501, 32.619751>,  <25.167448, 32.998615, 32.903584>, 0.100000
	pigment { color rgbt <1,0,0,0> }
	no_shadow
}

// particle -1
sphere {
	<25.342518, 33.219501, 32.619751> 0.100000
	pigment { color rgbt <1,0,0,0> }
	no_shadow
}
sphere {
	0, 1
	scale<0.080000,0.200000,0.300000>
	matrix <-0.455960, -0.543866, -0.704493,
		-0.774945, 0.631879, 0.013749,
		0.437676, 0.552212, -0.709578,
		25.473822, 33.385166, 32.406879>
	pigment { color rgbt <0,1,1,0> }
	no_shadow
}
cylinder {
	<24.692854, 33.011604, 32.359207>,  <25.167448, 32.998615, 32.903584>, 0.130000
	pigment { color rgbt <1,0,0,0> }
	no_shadow
}

// nucleotide -1

// particle -1
sphere {
	<24.692854, 33.011604, 32.359207> 0.250000
	pigment { color rgbt <1,0,0,0> }
	no_shadow
}
cylinder {
	<25.017389, 33.132839, 32.159260>,  <25.212111, 33.205582, 32.039291>, 0.100000
	pigment { color rgbt <1,0,0,0> }
	no_shadow
}
cylinder {
	<25.017389, 33.132839, 32.159260>,  <24.692854, 33.011604, 32.359207>, 0.100000
	pigment { color rgbt <1,0,0,0> }
	no_shadow
}

// particle -1
sphere {
	<25.017389, 33.132839, 32.159260> 0.100000
	pigment { color rgbt <1,0,0,0> }
	no_shadow
}
sphere {
	0, 1
	scale<0.080000,0.200000,0.300000>
	matrix <-0.342288, -0.446870, -0.826526,
		-0.473885, 0.841692, -0.258821,
		0.811340, 0.303087, -0.499866,
		25.260792, 33.223766, 32.009300>
	pigment { color rgbt <0,1,1,0> }
	no_shadow
}
cylinder {
	<24.436161, 33.219128, 31.649019>,  <24.692854, 33.011604, 32.359207>, 0.130000
	pigment { color rgbt <1,0,0,0> }
	no_shadow
}

// nucleotide -1

// particle -1
sphere {
	<24.436161, 33.219128, 31.649019> 0.250000
	pigment { color rgbt <1,0,0,0> }
	no_shadow
}
cylinder {
	<24.826773, 33.144592, 31.605818>,  <25.061140, 33.099869, 31.579897>, 0.100000
	pigment { color rgbt <1,0,0,0> }
	no_shadow
}
cylinder {
	<24.826773, 33.144592, 31.605818>,  <24.436161, 33.219128, 31.649019>, 0.100000
	pigment { color rgbt <1,0,0,0> }
	no_shadow
}

// particle -1
sphere {
	<24.826773, 33.144592, 31.605818> 0.100000
	pigment { color rgbt <1,0,0,0> }
	no_shadow
}
sphere {
	0, 1
	scale<0.080000,0.200000,0.300000>
	matrix <-0.190073, -0.509763, -0.839055,
		0.101296, 0.839891, -0.533218,
		0.976530, -0.186343, -0.108003,
		25.119732, 33.088688, 31.573418>
	pigment { color rgbt <0,1,1,0> }
	no_shadow
}
cylinder {
	<24.601250, 33.380238, 31.005272>,  <24.436161, 33.219128, 31.649019>, 0.130000
	pigment { color rgbt <1,0,0,0> }
	no_shadow
}

// nucleotide -1

// particle -1
sphere {
	<24.601250, 33.380238, 31.005272> 0.250000
	pigment { color rgbt <1,0,0,0> }
	no_shadow
}
cylinder {
	<24.897490, 33.129189, 31.101276>,  <25.075233, 32.978561, 31.158880>, 0.100000
	pigment { color rgbt <1,0,0,0> }
	no_shadow
}
cylinder {
	<24.897490, 33.129189, 31.101276>,  <24.601250, 33.380238, 31.005272>, 0.100000
	pigment { color rgbt <1,0,0,0> }
	no_shadow
}

// particle -1
sphere {
	<24.897490, 33.129189, 31.101276> 0.100000
	pigment { color rgbt <1,0,0,0> }
	no_shadow
}
sphere {
	0, 1
	scale<0.080000,0.200000,0.300000>
	matrix <-0.183156, -0.532218, -0.826558,
		0.646502, 0.568189, -0.509113,
		0.740600, -0.627619, 0.240013,
		25.119669, 32.940903, 31.173281>
	pigment { color rgbt <0,1,1,0> }
	no_shadow
}
cylinder {
	<24.862972, 33.134655, 30.350637>,  <24.601250, 33.380238, 31.005272>, 0.130000
	pigment { color rgbt <1,0,0,0> }
	no_shadow
}

// nucleotide -1

// particle -1
sphere {
	<24.862972, 33.134655, 30.350637> 0.250000
	pigment { color rgbt <1,0,0,0> }
	no_shadow
}
cylinder {
	<25.000431, 32.838150, 30.581264>,  <25.082907, 32.660248, 30.719641>, 0.100000
	pigment { color rgbt <1,0,0,0> }
	no_shadow
}
cylinder {
	<25.000431, 32.838150, 30.581264>,  <24.862972, 33.134655, 30.350637>, 0.100000
	pigment { color rgbt <1,0,0,0> }
	no_shadow
}

// particle -1
sphere {
	<25.000431, 32.838150, 30.581264> 0.100000
	pigment { color rgbt <1,0,0,0> }
	no_shadow
}
sphere {
	0, 1
	scale<0.080000,0.200000,0.300000>
	matrix <-0.075459, -0.633769, -0.769833,
		0.936062, 0.221044, -0.273728,
		0.343647, -0.741267, 0.576568,
		25.103525, 32.615768, 30.754234>
	pigment { color rgbt <0,1,1,0> }
	no_shadow
}
cylinder {
	<25.421064, 32.802860, 29.970171>,  <24.862972, 33.134655, 30.350637>, 0.130000
	pigment { color rgbt <1,0,0,0> }
	no_shadow
}

// nucleotide -1

// particle -1
sphere {
	<25.421064, 32.802860, 29.970171> 0.250000
	pigment { color rgbt <1,0,0,0> }
	no_shadow
}
cylinder {
	<25.295784, 32.532253, 30.236774>,  <25.220615, 32.369888, 30.396736>, 0.100000
	pigment { color rgbt <1,0,0,0> }
	no_shadow
}
cylinder {
	<25.295784, 32.532253, 30.236774>,  <25.421064, 32.802860, 29.970171>, 0.100000
	pigment { color rgbt <1,0,0,0> }
	no_shadow
}

// particle -1
sphere {
	<25.295784, 32.532253, 30.236774> 0.100000
	pigment { color rgbt <1,0,0,0> }
	no_shadow
}
sphere {
	0, 1
	scale<0.080000,0.200000,0.300000>
	matrix <-0.098756, -0.674815, -0.731349,
		0.944538, -0.294881, 0.144543,
		-0.313201, -0.676513, 0.666510,
		25.201824, 32.329300, 30.436728>
	pigment { color rgbt <0,1,1,0> }
	no_shadow
}
cylinder {
	<25.694315, 32.090889, 29.819109>,  <25.421064, 32.802860, 29.970171>, 0.130000
	pigment { color rgbt <1,0,0,0> }
	no_shadow
}

// nucleotide -1

// particle -1
sphere {
	<25.694315, 32.090889, 29.819109> 0.250000
	pigment { color rgbt <1,0,0,0> }
	no_shadow
}
cylinder {
	<25.383711, 32.011284, 30.058249>,  <25.197348, 31.963520, 30.201733>, 0.100000
	pigment { color rgbt <1,0,0,0> }
	no_shadow
}
cylinder {
	<25.383711, 32.011284, 30.058249>,  <25.694315, 32.090889, 29.819109>, 0.100000
	pigment { color rgbt <1,0,0,0> }
	no_shadow
}

// particle -1
sphere {
	<25.383711, 32.011284, 30.058249> 0.100000
	pigment { color rgbt <1,0,0,0> }
	no_shadow
}
sphere {
	0, 1
	scale<0.080000,0.200000,0.300000>
	matrix <-0.257403, -0.765841, -0.589263,
		0.575131, -0.611457, 0.543456,
		-0.776510, -0.199016, 0.597850,
		25.150757, 31.951578, 30.237604>
	pigment { color rgbt <0,1,1,0> }
	no_shadow
}
cylinder {
	<25.673573, 31.385115, 29.919559>,  <25.694315, 32.090889, 29.819109>, 0.130000
	pigment { color rgbt <1,0,0,0> }
	no_shadow
}

// nucleotide -1

// particle -1
sphere {
	<25.673573, 31.385115, 29.919559> 0.250000
	pigment { color rgbt <1,0,0,0> }
	no_shadow
}
cylinder {
	<25.294779, 31.478081, 30.008287>,  <25.067503, 31.533859, 30.061523>, 0.100000
	pigment { color rgbt <1,0,0,0> }
	no_shadow
}
cylinder {
	<25.294779, 31.478081, 30.008287>,  <25.673573, 31.385115, 29.919559>, 0.100000
	pigment { color rgbt <1,0,0,0> }
	no_shadow
}

// particle -1
sphere {
	<25.294779, 31.478081, 30.008287> 0.100000
	pigment { color rgbt <1,0,0,0> }
	no_shadow
}
sphere {
	0, 1
	scale<0.080000,0.200000,0.300000>
	matrix <-0.319513, -0.753570, -0.574495,
		0.033636, -0.614912, 0.787878,
		-0.946985, 0.232414, 0.221820,
		25.010683, 31.547806, 30.074833>
	pigment { color rgbt <0,1,1,0> }
	no_shadow
}
cylinder {
	<25.389874, 30.719522, 29.960251>,  <25.673573, 31.385115, 29.919559>, 0.130000
	pigment { color rgbt <1,0,0,0> }
	no_shadow
}

// nucleotide -1

// particle -1
sphere {
	<25.389874, 30.719522, 29.960251> 0.250000
	pigment { color rgbt <1,0,0,0> }
	no_shadow
}
cylinder {
	<25.080620, 30.965153, 29.896786>,  <24.895067, 31.112532, 29.858707>, 0.100000
	pigment { color rgbt <1,0,0,0> }
	no_shadow
}
cylinder {
	<25.080620, 30.965153, 29.896786>,  <25.389874, 30.719522, 29.960251>, 0.100000
	pigment { color rgbt <1,0,0,0> }
	no_shadow
}

// particle -1
sphere {
	<25.080620, 30.965153, 29.896786> 0.100000
	pigment { color rgbt <1,0,0,0> }
	no_shadow
}
sphere {
	0, 1
	scale<0.080000,0.200000,0.300000>
	matrix <-0.216780, -0.490947, -0.843788,
		-0.596046, -0.617966, 0.512687,
		-0.773134, 0.614076, -0.158664,
		24.848679, 31.149376, 29.849186>
	pigment { color rgbt <0,1,1,0> }
	no_shadow
}
cylinder {
	<24.715244, 30.282413, 29.764923>,  <25.389874, 30.719522, 29.960251>, 0.130000
	pigment { color rgbt <1,0,0,0> }
	no_shadow
}

// nucleotide -1

// particle -1
sphere {
	<24.715244, 30.282413, 29.764923> 0.250000
	pigment { color rgbt <1,0,0,0> }
	no_shadow
}
cylinder {
	<24.715614, 30.648502, 29.603746>,  <24.715836, 30.868156, 29.507040>, 0.100000
	pigment { color rgbt <1,0,0,0> }
	no_shadow
}
cylinder {
	<24.715614, 30.648502, 29.603746>,  <24.715244, 30.282413, 29.764923>, 0.100000
	pigment { color rgbt <1,0,0,0> }
	no_shadow
}

// particle -1
sphere {
	<24.715614, 30.648502, 29.603746> 0.100000
	pigment { color rgbt <1,0,0,0> }
	no_shadow
}
sphere {
	0, 1
	scale<0.080000,0.200000,0.300000>
	matrix <-0.510141, -0.346136, -0.787367,
		-0.860090, 0.206286, 0.466573,
		0.000926, 0.915225, -0.402943,
		24.715893, 30.923069, 29.482864>
	pigment { color rgbt <0,1,1,0> }
	no_shadow
}
cylinder {
	<25.341658, 30.033384, 29.307306>,  <24.715244, 30.282413, 29.764923>, 0.130000
	pigment { color rgbt <1,0,0,0> }
	no_shadow
}

// nucleotide -1

// particle -1
sphere {
	<25.341658, 30.033384, 29.307306> 0.250000
	pigment { color rgbt <1,0,0,0> }
	no_shadow
}
cylinder {
	<25.347784, 29.654015, 29.180653>,  <25.351460, 29.426394, 29.104660>, 0.100000
	pigment { color rgbt <1,0,0,0> }
	no_shadow
}
cylinder {
	<25.347784, 29.654015, 29.180653>,  <25.341658, 30.033384, 29.307306>, 0.100000
	pigment { color rgbt <1,0,0,0> }
	no_shadow
}

// particle -1
sphere {
	<25.347784, 29.654015, 29.180653> 0.100000
	pigment { color rgbt <1,0,0,0> }
	no_shadow
}
sphere {
	0, 1
	scale<0.080000,0.200000,0.300000>
	matrix <-0.950605, 0.084376, -0.298715,
		0.310025, 0.305571, -0.900284,
		0.015316, -0.948423, -0.316636,
		25.352379, 29.369488, 29.085661>
	pigment { color rgbt <0,1,1,0> }
	no_shadow
}
cylinder {
	<25.216158, 30.100431, 28.476274>,  <25.341658, 30.033384, 29.307306>, 0.130000
	pigment { color rgbt <1,0,0,0> }
	no_shadow
}

// nucleotide -1

// particle -1
sphere {
	<25.216158, 30.100431, 28.476274> 0.250000
	pigment { color rgbt <1,0,0,0> }
	no_shadow
}
cylinder {
	<25.063869, 29.771421, 28.645273>,  <24.972496, 29.574017, 28.746674>, 0.100000
	pigment { color rgbt <1,0,0,0> }
	no_shadow
}
cylinder {
	<25.063869, 29.771421, 28.645273>,  <25.216158, 30.100431, 28.476274>, 0.100000
	pigment { color rgbt <1,0,0,0> }
	no_shadow
}

// particle -1
sphere {
	<25.063869, 29.771421, 28.645273> 0.100000
	pigment { color rgbt <1,0,0,0> }
	no_shadow
}
sphere {
	0, 1
	scale<0.080000,0.200000,0.300000>
	matrix <-0.920361, 0.292913, -0.259109,
		0.089368, -0.487499, -0.868538,
		-0.380721, -0.822524, 0.422498,
		24.949654, 29.524664, 28.772022>
	pigment { color rgbt <0,1,1,0> }
	no_shadow
}
cylinder {
	<25.908394, 30.332541, 28.130699>,  <25.216158, 30.100431, 28.476274>, 0.130000
	pigment { color rgbt <1,0,0,0> }
	no_shadow
}

// nucleotide -1

// particle -1
sphere {
	<25.908394, 30.332541, 28.130699> 0.250000
	pigment { color rgbt <1,0,0,0> }
	no_shadow
}
cylinder {
	<25.890692, 30.218689, 28.513746>,  <25.880072, 30.150377, 28.743574>, 0.100000
	pigment { color rgbt <1,0,0,0> }
	no_shadow
}
cylinder {
	<25.890692, 30.218689, 28.513746>,  <25.908394, 30.332541, 28.130699>, 0.100000
	pigment { color rgbt <1,0,0,0> }
	no_shadow
}

// particle -1
sphere {
	<25.890692, 30.218689, 28.513746> 0.100000
	pigment { color rgbt <1,0,0,0> }
	no_shadow
}
sphere {
	0, 1
	scale<0.080000,0.200000,0.300000>
	matrix <0.285586, -0.922158, -0.260893,
		0.957331, 0.261937, 0.122095,
		-0.044253, -0.284630, 0.957615,
		25.877417, 30.133301, 28.801031>
	pigment { color rgbt <0,1,1,0> }
	no_shadow
}
cylinder {
	<25.483322, 30.222229, 27.535929>,  <25.908394, 30.332541, 28.130699>, 0.130000
	pigment { color rgbt <1,0,0,0> }
	no_shadow
}

// nucleotide -1

// particle -1
sphere {
	<25.483322, 30.222229, 27.535929> 0.250000
	pigment { color rgbt <1,0,0,0> }
	no_shadow
}
cylinder {
	<25.539589, 30.108950, 27.156452>,  <25.573349, 30.040981, 26.928766>, 0.100000
	pigment { color rgbt <1,0,0,0> }
	no_shadow
}
cylinder {
	<25.539589, 30.108950, 27.156452>,  <25.483322, 30.222229, 27.535929>, 0.100000
	pigment { color rgbt <1,0,0,0> }
	no_shadow
}

// particle -1
sphere {
	<25.539589, 30.108950, 27.156452> 0.100000
	pigment { color rgbt <1,0,0,0> }
	no_shadow
}
sphere {
	0, 1
	scale<0.080000,0.200000,0.300000>
	matrix <0.756417, 0.648982, -0.081574,
		0.638784, -0.706131, 0.305507,
		0.140666, -0.283199, -0.948689,
		25.581789, 30.023991, 26.871845>
	pigment { color rgbt <0,1,1,0> }
	no_shadow
}
cylinder {
	<26.186752, 29.884079, 27.421818>,  <25.483322, 30.222229, 27.535929>, 0.130000
	pigment { color rgbt <1,0,0,0> }
	no_shadow
}

// nucleotide -1

// particle -1
sphere {
	<26.186752, 29.884079, 27.421818> 0.250000
	pigment { color rgbt <1,0,0,0> }
	no_shadow
}
cylinder {
	<26.039642, 30.054541, 27.091209>,  <25.951376, 30.156816, 26.892845>, 0.100000
	pigment { color rgbt <1,0,0,0> }
	no_shadow
}
cylinder {
	<26.039642, 30.054541, 27.091209>,  <26.186752, 29.884079, 27.421818>, 0.100000
	pigment { color rgbt <1,0,0,0> }
	no_shadow
}

// particle -1
sphere {
	<26.039642, 30.054541, 27.091209> 0.100000
	pigment { color rgbt <1,0,0,0> }
	no_shadow
}
sphere {
	0, 1
	scale<0.080000,0.200000,0.300000>
	matrix <0.764510, 0.644565, -0.007847,
		0.529402, -0.634768, -0.562853,
		-0.367776, 0.426153, -0.826520,
		25.929310, 30.182386, 26.843254>
	pigment { color rgbt <0,1,1,0> }
	no_shadow
}
cylinder {
	<26.523632, 29.701048, 26.790215>,  <26.186752, 29.884079, 27.421818>, 0.130000
	pigment { color rgbt <1,0,0,0> }
	no_shadow
}

// nucleotide -1

// particle -1
sphere {
	<26.523632, 29.701048, 26.790215> 0.250000
	pigment { color rgbt <1,0,0,0> }
	no_shadow
}
cylinder {
	<26.378098, 30.072870, 26.766388>,  <26.290777, 30.295963, 26.752092>, 0.100000
	pigment { color rgbt <1,0,0,0> }
	no_shadow
}
cylinder {
	<26.378098, 30.072870, 26.766388>,  <26.523632, 29.701048, 26.790215>, 0.100000
	pigment { color rgbt <1,0,0,0> }
	no_shadow
}

// particle -1
sphere {
	<26.378098, 30.072870, 26.766388> 0.100000
	pigment { color rgbt <1,0,0,0> }
	no_shadow
}
sphere {
	0, 1
	scale<0.080000,0.200000,0.300000>
	matrix <0.929210, 0.357765, -0.092592,
		-0.064758, -0.089039, -0.993921,
		-0.363834, 0.929557, -0.059568,
		26.268948, 30.351738, 26.748518>
	pigment { color rgbt <0,1,1,0> }
	no_shadow
}
cylinder {
	<26.793447, 30.085052, 26.204548>,  <26.523632, 29.701048, 26.790215>, 0.130000
	pigment { color rgbt <1,0,0,0> }
	no_shadow
}

// nucleotide -1

// particle -1
sphere {
	<26.793447, 30.085052, 26.204548> 0.250000
	pigment { color rgbt <1,0,0,0> }
	no_shadow
}
cylinder {
	<26.722795, 30.310446, 26.527357>,  <26.680405, 30.445683, 26.721043>, 0.100000
	pigment { color rgbt <1,0,0,0> }
	no_shadow
}
cylinder {
	<26.722795, 30.310446, 26.527357>,  <26.793447, 30.085052, 26.204548>, 0.100000
	pigment { color rgbt <1,0,0,0> }
	no_shadow
}

// particle -1
sphere {
	<26.722795, 30.310446, 26.527357> 0.100000
	pigment { color rgbt <1,0,0,0> }
	no_shadow
}
sphere {
	0, 1
	scale<0.080000,0.200000,0.300000>
	matrix <0.944906, 0.326650, -0.021270,
		-0.275599, 0.758805, -0.590135,
		-0.176628, 0.563484, 0.807024,
		26.669807, 30.479490, 26.769464>
	pigment { color rgbt <0,1,1,0> }
	no_shadow
}
cylinder {
	<27.072136, 30.711882, 26.101759>,  <26.793447, 30.085052, 26.204548>, 0.130000
	pigment { color rgbt <1,0,0,0> }
	no_shadow
}

// nucleotide -1

// particle -1
sphere {
	<27.072136, 30.711882, 26.101759> 0.250000
	pigment { color rgbt <1,0,0,0> }
	no_shadow
}
cylinder {
	<27.054312, 30.712664, 26.501360>,  <27.043617, 30.713133, 26.741121>, 0.100000
	pigment { color rgbt <1,0,0,0> }
	no_shadow
}
cylinder {
	<27.054312, 30.712664, 26.501360>,  <27.072136, 30.711882, 26.101759>, 0.100000
	pigment { color rgbt <1,0,0,0> }
	no_shadow
}

// particle -1
sphere {
	<27.054312, 30.712664, 26.501360> 0.100000
	pigment { color rgbt <1,0,0,0> }
	no_shadow
}
sphere {
	0, 1
	scale<0.080000,0.200000,0.300000>
	matrix <0.971467, 0.233267, 0.042876,
		-0.232951, 0.972411, -0.012295,
		-0.044561, 0.001956, 0.999005,
		27.040943, 30.713251, 26.801062>
	pigment { color rgbt <0,1,1,0> }
	no_shadow
}
cylinder {
	<27.397289, 31.413786, 26.368359>,  <27.072136, 30.711882, 26.101759>, 0.130000
	pigment { color rgbt <1,0,0,0> }
	no_shadow
}

// nucleotide -1

// particle -1
sphere {
	<27.397289, 31.413786, 26.368359> 0.250000
	pigment { color rgbt <1,0,0,0> }
	no_shadow
}
cylinder {
	<27.403000, 31.105751, 26.623470>,  <27.406425, 30.920929, 26.776537>, 0.100000
	pigment { color rgbt <1,0,0,0> }
	no_shadow
}
cylinder {
	<27.403000, 31.105751, 26.623470>,  <27.397289, 31.413786, 26.368359>, 0.100000
	pigment { color rgbt <1,0,0,0> }
	no_shadow
}

// particle -1
sphere {
	<27.403000, 31.105751, 26.623470> 0.100000
	pigment { color rgbt <1,0,0,0> }
	no_shadow
}
sphere {
	0, 1
	scale<0.080000,0.200000,0.300000>
	matrix <0.993043, 0.085483, 0.080988,
		-0.116887, 0.632184, 0.765951,
		0.014277, -0.770088, 0.637778,
		27.407284, 30.874725, 26.814804>
	pigment { color rgbt <0,1,1,0> }
	no_shadow
}
cylinder {
	<26.711729, 31.785202, 26.161211>,  <27.397289, 31.413786, 26.368359>, 0.130000
	pigment { color rgbt <1,0,0,0> }
	no_shadow
}

// nucleotide -1

// particle -1
sphere {
	<26.711729, 31.785202, 26.161211> 0.250000
	pigment { color rgbt <1,0,0,0> }
	no_shadow
}
cylinder {
	<26.591488, 32.075089, 25.913204>,  <26.519342, 32.249020, 25.764400>, 0.100000
	pigment { color rgbt <1,0,0,0> }
	no_shadow
}
cylinder {
	<26.591488, 32.075089, 25.913204>,  <26.711729, 31.785202, 26.161211>, 0.100000
	pigment { color rgbt <1,0,0,0> }
	no_shadow
}

// particle -1
sphere {
	<26.591488, 32.075089, 25.913204> 0.100000
	pigment { color rgbt <1,0,0,0> }
	no_shadow
}
sphere {
	0, 1
	scale<0.080000,0.200000,0.300000>
	matrix <0.290268, 0.688764, 0.664340,
		0.908505, 0.019731, -0.417407,
		-0.300604, 0.724717, -0.620019,
		26.501307, 32.292503, 25.727198>
	pigment { color rgbt <0,1,1,0> }
	no_shadow
}
cylinder {
	<27.196995, 32.392719, 25.980280>,  <26.711729, 31.785202, 26.161211>, 0.130000
	pigment { color rgbt <1,0,0,0> }
	no_shadow
}

// nucleotide -1

// particle -1
sphere {
	<27.196995, 32.392719, 25.980280> 0.250000
	pigment { color rgbt <1,0,0,0> }
	no_shadow
}
cylinder {
	<26.861177, 32.605392, 25.935589>,  <26.659687, 32.732998, 25.908775>, 0.100000
	pigment { color rgbt <1,0,0,0> }
	no_shadow
}
cylinder {
	<26.861177, 32.605392, 25.935589>,  <27.196995, 32.392719, 25.980280>, 0.100000
	pigment { color rgbt <1,0,0,0> }
	no_shadow
}

// particle -1
sphere {
	<26.861177, 32.605392, 25.935589> 0.100000
	pigment { color rgbt <1,0,0,0> }
	no_shadow
}
sphere {
	0, 1
	scale<0.080000,0.200000,0.300000>
	matrix <0.387307, 0.729921, 0.563213,
		0.381001, 0.429569, -0.818724,
		-0.839542, 0.531682, -0.111726,
		26.609314, 32.764896, 25.902071>
	pigment { color rgbt <0,1,1,0> }
	no_shadow
}
cylinder {
	<27.370907, 33.099609, 25.573795>,  <27.196995, 32.392719, 25.980280>, 0.130000
	pigment { color rgbt <1,0,0,0> }
	no_shadow
}

// nucleotide -1

// particle -1
sphere {
	<27.370907, 33.099609, 25.573795> 0.250000
	pigment { color rgbt <1,0,0,0> }
	no_shadow
}
cylinder {
	<27.053726, 33.144821, 25.813278>,  <26.863417, 33.171947, 25.956968>, 0.100000
	pigment { color rgbt <1,0,0,0> }
	no_shadow
}
cylinder {
	<27.053726, 33.144821, 25.813278>,  <27.370907, 33.099609, 25.573795>, 0.100000
	pigment { color rgbt <1,0,0,0> }
	no_shadow
}

// particle -1
sphere {
	<27.053726, 33.144821, 25.813278> 0.100000
	pigment { color rgbt <1,0,0,0> }
	no_shadow
}
sphere {
	0, 1
	scale<0.080000,0.200000,0.300000>
	matrix <0.501288, 0.679563, 0.535636,
		-0.346317, 0.724858, -0.595521,
		-0.792954, 0.113027, 0.598706,
		26.815840, 33.178730, 25.992889>
	pigment { color rgbt <0,1,1,0> }
	no_shadow
}
cylinder {
	<27.333273, 33.856728, 25.744793>,  <27.370907, 33.099609, 25.573795>, 0.130000
	pigment { color rgbt <1,0,0,0> }
	no_shadow
}

// nucleotide -1

// particle -1
sphere {
	<27.333273, 33.856728, 25.744793> 0.250000
	pigment { color rgbt <1,0,0,0> }
	no_shadow
}
cylinder {
	<27.097187, 33.673809, 26.010881>,  <26.955536, 33.564056, 26.170534>, 0.100000
	pigment { color rgbt <1,0,0,0> }
	no_shadow
}
cylinder {
	<27.097187, 33.673809, 26.010881>,  <27.333273, 33.856728, 25.744793>, 0.100000
	pigment { color rgbt <1,0,0,0> }
	no_shadow
}

// particle -1
sphere {
	<27.097187, 33.673809, 26.010881> 0.100000
	pigment { color rgbt <1,0,0,0> }
	no_shadow
}
sphere {
	0, 1
	scale<0.080000,0.200000,0.300000>
	matrix <0.270378, 0.664480, 0.696680,
		-0.760619, 0.591053, -0.268543,
		-0.590216, -0.457300, 0.665224,
		26.920122, 33.536617, 26.210449>
	pigment { color rgbt <0,1,1,0> }
	no_shadow
}
cylinder {
	<26.982195, 34.488686, 26.106359>,  <27.333273, 33.856728, 25.744793>, 0.130000
	pigment { color rgbt <1,0,0,0> }
	no_shadow
}

// nucleotide -1

// particle -1
sphere {
	<26.982195, 34.488686, 26.106359> 0.250000
	pigment { color rgbt <1,0,0,0> }
	no_shadow
}
cylinder {
	<26.896278, 34.179428, 26.345062>,  <26.844728, 33.993874, 26.488283>, 0.100000
	pigment { color rgbt <1,0,0,0> }
	no_shadow
}
cylinder {
	<26.896278, 34.179428, 26.345062>,  <26.982195, 34.488686, 26.106359>, 0.100000
	pigment { color rgbt <1,0,0,0> }
	no_shadow
}

// particle -1
sphere {
	<26.896278, 34.179428, 26.345062> 0.100000
	pigment { color rgbt <1,0,0,0> }
	no_shadow
}
sphere {
	0, 1
	scale<0.080000,0.200000,0.300000>
	matrix <0.185567, 0.567581, 0.802132,
		-0.958869, 0.283030, 0.021557,
		-0.214792, -0.773140, 0.596757,
		26.831841, 33.947487, 26.524090>
	pigment { color rgbt <0,1,1,0> }
	no_shadow
}
cylinder {
	<26.439814, 34.576889, 26.644901>,  <26.982195, 34.488686, 26.106359>, 0.130000
	pigment { color rgbt <1,0,0,0> }
	no_shadow
}

// nucleotide -1

// particle -1
sphere {
	<26.439814, 34.576889, 26.644901> 0.250000
	pigment { color rgbt <1,0,0,0> }
	no_shadow
}
cylinder {
	<26.692114, 34.300812, 26.786764>,  <26.843494, 34.135166, 26.871881>, 0.100000
	pigment { color rgbt <1,0,0,0> }
	no_shadow
}
cylinder {
	<26.692114, 34.300812, 26.786764>,  <26.439814, 34.576889, 26.644901>, 0.100000
	pigment { color rgbt <1,0,0,0> }
	no_shadow
}

// particle -1
sphere {
	<26.692114, 34.300812, 26.786764> 0.100000
	pigment { color rgbt <1,0,0,0> }
	no_shadow
}
sphere {
	0, 1
	scale<0.080000,0.200000,0.300000>
	matrix <0.155925, 0.560453, 0.813376,
		-0.760157, -0.457739, 0.461125,
		0.630752, -0.690194, 0.354659,
		26.881340, 34.093754, 26.893162>
	pigment { color rgbt <0,1,1,0> }
	no_shadow
}
cylinder {
	<26.251570, 34.525589, 27.358343>,  <26.439814, 34.576889, 26.644901>, 0.130000
	pigment { color rgbt <1,0,0,0> }
	no_shadow
}

// nucleotide -1

// particle -1
sphere {
	<26.251570, 34.525589, 27.358343> 0.250000
	pigment { color rgbt <1,0,0,0> }
	no_shadow
}
cylinder {
	<26.624651, 34.383171, 27.335384>,  <26.848499, 34.297718, 27.321609>, 0.100000
	pigment { color rgbt <1,0,0,0> }
	no_shadow
}
cylinder {
	<26.624651, 34.383171, 27.335384>,  <26.251570, 34.525589, 27.358343>, 0.100000
	pigment { color rgbt <1,0,0,0> }
	no_shadow
}

// particle -1
sphere {
	<26.624651, 34.383171, 27.335384> 0.100000
	pigment { color rgbt <1,0,0,0> }
	no_shadow
}
sphere {
	0, 1
	scale<0.080000,0.200000,0.300000>
	matrix <0.210195, 0.407358, 0.888750,
		-0.293056, -0.841005, 0.454784,
		0.932704, -0.356047, -0.057396,
		26.904463, 34.276356, 27.318165>
	pigment { color rgbt <0,1,1,0> }
	no_shadow
}
cylinder {
	<26.403778, 34.540905, 28.053772>,  <26.251570, 34.525589, 27.358343>, 0.130000
	pigment { color rgbt <1,0,0,0> }
	no_shadow
}

// nucleotide -1

// particle -1
sphere {
	<26.403778, 34.540905, 28.053772> 0.250000
	pigment { color rgbt <1,0,0,0> }
	no_shadow
}
cylinder {
	<26.757069, 34.462437, 27.883394>,  <26.969044, 34.415356, 27.781168>, 0.100000
	pigment { color rgbt <1,0,0,0> }
	no_shadow
}
cylinder {
	<26.757069, 34.462437, 27.883394>,  <26.403778, 34.540905, 28.053772>, 0.100000
	pigment { color rgbt <1,0,0,0> }
	no_shadow
}

// particle -1
sphere {
	<26.757069, 34.462437, 27.883394> 0.100000
	pigment { color rgbt <1,0,0,0> }
	no_shadow
}
sphere {
	0, 1
	scale<0.080000,0.200000,0.300000>
	matrix <0.468185, 0.317164, 0.824749,
		-0.026696, -0.927861, 0.371971,
		0.883227, -0.196168, -0.425943,
		27.022038, 34.403587, 27.755611>
	pigment { color rgbt <0,1,1,0> }
	no_shadow
}
cylinder {
	<26.638803, 34.160549, 28.567467>,  <26.403778, 34.540905, 28.053772>, 0.130000
	pigment { color rgbt <1,0,0,0> }
	no_shadow
}

// nucleotide -1

// particle -1
sphere {
	<26.638803, 34.160549, 28.567467> 0.250000
	pigment { color rgbt <1,0,0,0> }
	no_shadow
}
cylinder {
	<26.926517, 34.336071, 28.352030>,  <27.099146, 34.441383, 28.222769>, 0.100000
	pigment { color rgbt <1,0,0,0> }
	no_shadow
}
cylinder {
	<26.926517, 34.336071, 28.352030>,  <26.638803, 34.160549, 28.567467>, 0.100000
	pigment { color rgbt <1,0,0,0> }
	no_shadow
}

// particle -1
sphere {
	<26.926517, 34.336071, 28.352030> 0.100000
	pigment { color rgbt <1,0,0,0> }
	no_shadow
}
sphere {
	0, 1
	scale<0.080000,0.200000,0.300000>
	matrix <0.380452, 0.399876, 0.833880,
