// switches for output
#declare DRAW_BASES = 1; // possible values are 0, 1; only relevant for DNA ribbons
#declare DRAW_BASES_TYPE = 3; // possible values are 1, 2, 3; only relevant for DNA ribbons
#declare DRAW_FOG = 0; // set to 1 to enable fog

#include "colors.inc"

#include "transforms.inc"
background { rgb <1, 1, 1>}

#default {
   normal{
       ripples 0.25
       frequency 0.20
       turbulence 0.2
       lambda 5
   }
	finish {
		phong 0.1
		phong_size 40.
	}
}

// original window dimensions: 1024x640


// camera settings

camera {
	sky <0, 0.179814, -0.983701>
	up <0, 0.179814, -0.983701>
	right 1.6 * <1, 0, 0>
	location <35, 94.9851, 44.8844>
	look_at <35, 29.7336, 32.9568>
	direction <0, -65.2515, -11.9276>
	angle 67.0682
}


# declare cpy_camera_pos = <35, 94.9851, 44.8844>;
# if (DRAW_FOG = 1)
fog {
	fog_type 2
	up vnormalize(cpy_camera_pos)
	color rgbt<1,1,1,0.3>
	distance 1e-5
	fog_alt 3e-3
	fog_offset 56
}
# end


// LIGHTS

# declare lum = 6;
global_settings {
	ambient_light rgb lum * <0.05, 0.05, 0.05>
	max_trace_level 15
}# declare cpy_direct_light_amount = 0.25;
light_source
{	1000 * <-1, -1.16352, -0.803886>,
	rgb lum * cpy_direct_light_amount
	parallel
}

light_source
{	1000 * <1, 1.16352, 0.803886>,
	rgb lum * cpy_direct_light_amount
	parallel
}

// strand 0

// nucleotide -1

// particle -1
sphere {
	<24.267256, 34.915592, 34.591602> 0.250000
	pigment { color rgbt <1,0,0,0> }
	no_shadow
}
cylinder {
	<24.202681, 35.107483, 34.936577>,  <24.163935, 35.222618, 35.143562>, 0.100000
	pigment { color rgbt <1,0,0,0> }
	no_shadow
}
cylinder {
	<24.202681, 35.107483, 34.936577>,  <24.267256, 34.915592, 34.591602>, 0.100000
	pigment { color rgbt <1,0,0,0> }
	no_shadow
}

// particle -1
sphere {
	<24.202681, 35.107483, 34.936577> 0.100000
	pigment { color rgbt <1,0,0,0> }
	no_shadow
}
sphere {
	0, 1
	scale<0.080000,0.200000,0.300000>
	matrix <0.638194, -0.615834, 0.462014,
		0.752758, 0.624992, -0.206736,
		-0.161440, 0.479722, 0.862440,
		24.154249, 35.251400, 35.195309>
	pigment { color rgbt <0,1,1,0> }
	no_shadow
}
cylinder {
	<24.881935, 35.049648, 35.068584>,  <24.267256, 34.915592, 34.591602>, 0.130000
	pigment { color rgbt <1,0,0,0> }
	no_shadow
}

// nucleotide -1

// particle -1
sphere {
	<24.881935, 35.049648, 35.068584> 0.250000
	pigment { color rgbt <1,0,0,0> }
	no_shadow
}
cylinder {
	<24.568911, 35.056347, 35.317524>,  <24.381096, 35.060364, 35.466888>, 0.100000
	pigment { color rgbt <1,0,0,0> }
	no_shadow
}
cylinder {
	<24.568911, 35.056347, 35.317524>,  <24.881935, 35.049648, 35.068584>, 0.100000
	pigment { color rgbt <1,0,0,0> }
	no_shadow
}

// particle -1
sphere {
	<24.568911, 35.056347, 35.317524> 0.100000
	pigment { color rgbt <1,0,0,0> }
	no_shadow
}
sphere {
	0, 1
	scale<0.080000,0.200000,0.300000>
	matrix <0.481964, -0.616481, 0.622625,
		0.394091, 0.787192, 0.474364,
		-0.782561, 0.016744, 0.622348,
		24.334143, 35.061371, 35.504227>
	pigment { color rgbt <0,1,1,0> }
	no_shadow
}
cylinder {
	<25.084839, 34.933460, 35.828053>,  <24.881935, 35.049648, 35.068584>, 0.130000
	pigment { color rgbt <1,0,0,0> }
	no_shadow
}

// nucleotide -1

// particle -1
sphere {
	<25.084839, 34.933460, 35.828053> 0.250000
	pigment { color rgbt <1,0,0,0> }
	no_shadow
}
cylinder {
	<25.477741, 34.881104, 35.774323>,  <25.713482, 34.849689, 35.742085>, 0.100000
	pigment { color rgbt <1,0,0,0> }
	no_shadow
}
cylinder {
	<25.477741, 34.881104, 35.774323>,  <25.084839, 34.933460, 35.828053>, 0.100000
	pigment { color rgbt <1,0,0,0> }
	no_shadow
}

// particle -1
sphere {
	<25.477741, 34.881104, 35.774323> 0.100000
	pigment { color rgbt <1,0,0,0> }
	no_shadow
}
sphere {
	0, 1
	scale<0.080000,0.200000,0.300000>
	matrix <-0.044257, -0.857730, 0.512192,
		-0.182256, -0.497158, -0.848302,
		0.982254, -0.130893, -0.134324,
		25.772417, 34.841835, 35.734024>
	pigment { color rgbt <0,1,1,0> }
	no_shadow
}
cylinder {
	<25.298180, 34.284248, 35.479744>,  <25.084839, 34.933460, 35.828053>, 0.130000
	pigment { color rgbt <1,0,0,0> }
	no_shadow
}

// nucleotide -1

// particle -1
sphere {
	<25.298180, 34.284248, 35.479744> 0.250000
	pigment { color rgbt <1,0,0,0> }
	no_shadow
}
cylinder {
	<25.591404, 34.414726, 35.718479>,  <25.767338, 34.493015, 35.861721>, 0.100000
	pigment { color rgbt <1,0,0,0> }
	no_shadow
}
cylinder {
	<25.591404, 34.414726, 35.718479>,  <25.298180, 34.284248, 35.479744>, 0.100000
	pigment { color rgbt <1,0,0,0> }
	no_shadow
}

// particle -1
sphere {
	<25.591404, 34.414726, 35.718479> 0.100000
	pigment { color rgbt <1,0,0,0> }
	no_shadow
}
sphere {
	0, 1
	scale<0.080000,0.200000,0.300000>
	matrix <-0.230770, -0.706164, 0.669386,
		0.639819, -0.628433, -0.442385,
		0.733060, 0.326197, 0.596840,
		25.811321, 34.512585, 35.897530>
	pigment { color rgbt <0,1,1,0> }
	no_shadow
}
cylinder {
	<25.700687, 33.689346, 35.688774>,  <25.298180, 34.284248, 35.479744>, 0.130000
	pigment { color rgbt <1,0,0,0> }
	no_shadow
}

// nucleotide -1

// particle -1
sphere {
	<25.700687, 33.689346, 35.688774> 0.250000
	pigment { color rgbt <1,0,0,0> }
	no_shadow
}
cylinder {
	<25.676676, 33.972763, 35.970016>,  <25.662270, 34.142815, 36.138763>, 0.100000
	pigment { color rgbt <1,0,0,0> }
	no_shadow
}
cylinder {
	<25.676676, 33.972763, 35.970016>,  <25.700687, 33.689346, 35.688774>, 0.100000
	pigment { color rgbt <1,0,0,0> }
	no_shadow
}

// particle -1
sphere {
	<25.676676, 33.972763, 35.970016> 0.100000
	pigment { color rgbt <1,0,0,0> }
	no_shadow
}
sphere {
	0, 1
	scale<0.080000,0.200000,0.300000>
	matrix <-0.348200, -0.674995, 0.650491,
		0.935496, -0.205774, 0.287234,
		-0.060028, 0.708547, 0.703106,
		25.658667, 34.185326, 36.180950>
	pigment { color rgbt <0,1,1,0> }
	no_shadow
}
cylinder {
	<26.204109, 33.670792, 36.258987>,  <25.700687, 33.689346, 35.688774>, 0.130000
	pigment { color rgbt <1,0,0,0> }
	no_shadow
}

// nucleotide -1

// particle -1
sphere {
	<26.204109, 33.670792, 36.258987> 0.250000
	pigment { color rgbt <1,0,0,0> }
	no_shadow
}
cylinder {
	<25.849537, 33.824028, 36.362892>,  <25.636793, 33.915970, 36.425236>, 0.100000
	pigment { color rgbt <1,0,0,0> }
	no_shadow
}
cylinder {
	<25.849537, 33.824028, 36.362892>,  <26.204109, 33.670792, 36.258987>, 0.100000
	pigment { color rgbt <1,0,0,0> }
	no_shadow
}

// particle -1
sphere {
	<25.849537, 33.824028, 36.362892> 0.100000
	pigment { color rgbt <1,0,0,0> }
	no_shadow
}
sphere {
	0, 1
	scale<0.080000,0.200000,0.300000>
	matrix <-0.221164, -0.843569, 0.489364,
		0.406600, 0.376338, 0.832494,
		-0.886433, 0.383093, 0.259762,
		25.583607, 33.938957, 36.440823>
	pigment { color rgbt <0,1,1,0> }
	no_shadow
}
cylinder {
	<26.584641, 34.255245, 36.017586>,  <26.204109, 33.670792, 36.258987>, 0.130000
	pigment { color rgbt <1,0,0,0> }
	no_shadow
}

// nucleotide -1

// particle -1
sphere {
	<26.584641, 34.255245, 36.017586> 0.250000
	pigment { color rgbt <1,0,0,0> }
	no_shadow
}
cylinder {
	<26.803459, 34.438736, 36.297672>,  <26.934750, 34.548832, 36.465725>, 0.100000
	pigment { color rgbt <1,0,0,0> }
	no_shadow
}
cylinder {
	<26.803459, 34.438736, 36.297672>,  <26.584641, 34.255245, 36.017586>, 0.100000
	pigment { color rgbt <1,0,0,0> }
	no_shadow
}

// particle -1
sphere {
	<26.803459, 34.438736, 36.297672> 0.100000
	pigment { color rgbt <1,0,0,0> }
	no_shadow
}
sphere {
	0, 1
	scale<0.080000,0.200000,0.300000>
	matrix <0.199131, 0.741157, -0.641119,
		-0.813073, 0.490157, 0.314099,
		0.547045, 0.458730, 0.700220,
		26.967573, 34.576355, 36.507740>
	pigment { color rgbt <0,1,1,0> }
	no_shadow
}
cylinder {
	<26.337091, 35.040787, 36.189312>,  <26.584641, 34.255245, 36.017586>, 0.130000
	pigment { color rgbt <1,0,0,0> }
	no_shadow
}

// nucleotide -1

// particle -1
sphere {
	<26.337091, 35.040787, 36.189312> 0.250000
	pigment { color rgbt <1,0,0,0> }
	no_shadow
}
cylinder {
	<26.725367, 34.954327, 36.231346>,  <26.958332, 34.902451, 36.256565>, 0.100000
	pigment { color rgbt <1,0,0,0> }
	no_shadow
}
cylinder {
	<26.725367, 34.954327, 36.231346>,  <26.337091, 35.040787, 36.189312>, 0.100000
	pigment { color rgbt <1,0,0,0> }
	no_shadow
}

// particle -1
sphere {
	<26.725367, 34.954327, 36.231346> 0.100000
	pigment { color rgbt <1,0,0,0> }
	no_shadow
}
sphere {
	0, 1
	scale<0.080000,0.200000,0.300000>
	matrix <0.232698, 0.735842, -0.635915,
		0.060126, 0.641729, 0.764571,
		0.970689, -0.216150, 0.105085,
		27.016573, 34.889481, 36.262871>
	pigment { color rgbt <0,1,1,0> }
	no_shadow
}
cylinder {
	<26.561800, 35.778950, 36.337345>,  <26.337091, 35.040787, 36.189312>, 0.130000
	pigment { color rgbt <1,0,0,0> }
	no_shadow
}

// nucleotide -1

// particle -1
sphere {
	<26.561800, 35.778950, 36.337345> 0.250000
	pigment { color rgbt <1,0,0,0> }
	no_shadow
}
cylinder {
	<26.852903, 35.564209, 36.166622>,  <27.027565, 35.435364, 36.064190>, 0.100000
	pigment { color rgbt <1,0,0,0> }
	no_shadow
}
cylinder {
	<26.852903, 35.564209, 36.166622>,  <26.561800, 35.778950, 36.337345>, 0.100000
	pigment { color rgbt <1,0,0,0> }
	no_shadow
}

// particle -1
sphere {
	<26.852903, 35.564209, 36.166622> 0.100000
	pigment { color rgbt <1,0,0,0> }
	no_shadow
}
sphere {
	0, 1
	scale<0.080000,0.200000,0.300000>
	matrix <0.076000, 0.681611, -0.727757,
		0.681611, 0.497193, 0.536848,
		0.727757, -0.536848, -0.426807,
		27.071230, 35.403156, 36.038582>
	pigment { color rgbt <0,1,1,0> }
	no_shadow
}
cylinder {
	<27.230080, 36.176769, 36.247700>,  <26.561800, 35.778950, 36.337345>, 0.130000
	pigment { color rgbt <1,0,0,0> }
	no_shadow
}

// nucleotide -1

// particle -1
sphere {
	<27.230080, 36.176769, 36.247700> 0.250000
	pigment { color rgbt <1,0,0,0> }
	no_shadow
}
cylinder {
	<27.212790, 35.879169, 35.980988>,  <27.202415, 35.700611, 35.820961>, 0.100000
	pigment { color rgbt <1,0,0,0> }
	no_shadow
}
cylinder {
	<27.212790, 35.879169, 35.980988>,  <27.230080, 36.176769, 36.247700>, 0.100000
	pigment { color rgbt <1,0,0,0> }
	no_shadow
}

// particle -1
sphere {
	<27.212790, 35.879169, 35.980988> 0.100000
	pigment { color rgbt <1,0,0,0> }
	no_shadow
}
sphere {
	0, 1
	scale<0.080000,0.200000,0.300000>
	matrix <0.055169, 0.664610, -0.745150,
		0.997541, -0.068995, 0.012318,
		-0.043225, -0.743998, -0.666782,
		27.199821, 35.655972, 35.780952>
	pigment { color rgbt <0,1,1,0> }
	no_shadow
}
cylinder {
	<27.589777, 36.548248, 35.695564>,  <27.230080, 36.176769, 36.247700>, 0.130000
	pigment { color rgbt <1,0,0,0> }
	no_shadow
}

// nucleotide -1

// particle -1
sphere {
	<27.589777, 36.548248, 35.695564> 0.250000
	pigment { color rgbt <1,0,0,0> }
	no_shadow
}
cylinder {
	<27.410301, 36.234314, 35.524590>,  <27.302616, 36.045952, 35.422005>, 0.100000
	pigment { color rgbt <1,0,0,0> }
	no_shadow
}
cylinder {
	<27.410301, 36.234314, 35.524590>,  <27.589777, 36.548248, 35.695564>, 0.100000
	pigment { color rgbt <1,0,0,0> }
	no_shadow
}

// particle -1
sphere {
	<27.410301, 36.234314, 35.524590> 0.100000
	pigment { color rgbt <1,0,0,0> }
	no_shadow
}
sphere {
	0, 1
	scale<0.080000,0.200000,0.300000>
	matrix <-0.380601, 0.600561, -0.703185,
		0.808591, -0.152828, -0.568176,
		-0.448691, -0.784838, -0.427442,
		27.275694, 35.998863, 35.396358>
	pigment { color rgbt <0,1,1,0> }
	no_shadow
}
cylinder {
	<27.782829, 36.584965, 34.973827>,  <27.589777, 36.548248, 35.695564>, 0.130000
	pigment { color rgbt <1,0,0,0> }
	no_shadow
}

// nucleotide -1

// particle -1
sphere {
	<27.782829, 36.584965, 34.973827> 0.250000
	pigment { color rgbt <1,0,0,0> }
	no_shadow
}
cylinder {
	<27.453461, 36.358242, 34.984470>,  <27.255840, 36.222206, 34.990856>, 0.100000
	pigment { color rgbt <1,0,0,0> }
	no_shadow
}
cylinder {
	<27.453461, 36.358242, 34.984470>,  <27.782829, 36.584965, 34.973827>, 0.100000
	pigment { color rgbt <1,0,0,0> }
	no_shadow
}

// particle -1
sphere {
	<27.453461, 36.358242, 34.984470> 0.100000
	pigment { color rgbt <1,0,0,0> }
	no_shadow
}
sphere {
	0, 1
	scale<0.080000,0.200000,0.300000>
	matrix <-0.423989, 0.583428, -0.692709,
		0.377112, -0.581669, -0.720727,
		-0.823419, -0.566809, 0.026604,
		27.206434, 36.188198, 34.992451>
	pigment { color rgbt <0,1,1,0> }
	no_shadow
}
cylinder {
	<27.622290, 36.417389, 34.228981>,  <27.782829, 36.584965, 34.973827>, 0.130000
	pigment { color rgbt <1,0,0,0> }
	no_shadow
}

// nucleotide -1

// particle -1
sphere {
	<27.622290, 36.417389, 34.228981> 0.250000
	pigment { color rgbt <1,0,0,0> }
	no_shadow
}
cylinder {
	<27.275110, 36.340572, 34.412189>,  <27.066803, 36.294483, 34.522114>, 0.100000
	pigment { color rgbt <1,0,0,0> }
	no_shadow
}
cylinder {
	<27.275110, 36.340572, 34.412189>,  <27.622290, 36.417389, 34.228981>, 0.100000
	pigment { color rgbt <1,0,0,0> }
	no_shadow
}

// particle -1
sphere {
	<27.275110, 36.340572, 34.412189> 0.100000
	pigment { color rgbt <1,0,0,0> }
	no_shadow
}
sphere {
	0, 1
	scale<0.080000,0.200000,0.300000>
	matrix <-0.445687, 0.708101, -0.547682,
		-0.219147, -0.679494, -0.700188,
		-0.867950, -0.192042, 0.458020,
		27.014725, 36.282959, 34.549595>
	pigment { color rgbt <0,1,1,0> }
	no_shadow
}
cylinder {
	<27.091669, 36.313980, 33.751408>,  <27.622290, 36.417389, 34.228981>, 0.130000
	pigment { color rgbt <1,0,0,0> }
	no_shadow
}

// nucleotide -1

// particle -1
sphere {
	<27.091669, 36.313980, 33.751408> 0.250000
	pigment { color rgbt <1,0,0,0> }
	no_shadow
}
cylinder {
	<26.908106, 36.428902, 34.087708>,  <26.797968, 36.497852, 34.289486>, 0.100000
	pigment { color rgbt <1,0,0,0> }
	no_shadow
}
cylinder {
	<26.908106, 36.428902, 34.087708>,  <27.091669, 36.313980, 33.751408>, 0.100000
	pigment { color rgbt <1,0,0,0> }
	no_shadow
}

// particle -1
sphere {
	<26.908106, 36.428902, 34.087708> 0.100000
	pigment { color rgbt <1,0,0,0> }
	no_shadow
}
sphere {
	0, 1
	scale<0.080000,0.200000,0.300000>
	matrix <-0.467839, 0.726329, -0.503561,
		-0.755335, -0.624424, -0.198907,
		-0.458907, 0.287300, 0.840751,
		26.770433, 36.515091, 34.339931>
	pigment { color rgbt <0,1,1,0> }
	no_shadow
}
cylinder {
	<26.429693, 36.326214, 33.578453>,  <27.091669, 36.313980, 33.751408>, 0.130000
	pigment { color rgbt <1,0,0,0> }
	no_shadow
}

// nucleotide -1

// particle -1
sphere {
	<26.429693, 36.326214, 33.578453> 0.250000
	pigment { color rgbt <1,0,0,0> }
	no_shadow
}
cylinder {
	<26.410219, 36.552692, 33.907585>,  <26.398535, 36.688580, 34.105064>, 0.100000
	pigment { color rgbt <1,0,0,0> }
	no_shadow
}
cylinder {
	<26.410219, 36.552692, 33.907585>,  <26.429693, 36.326214, 33.578453>, 0.100000
	pigment { color rgbt <1,0,0,0> }
	no_shadow
}

// particle -1
sphere {
	<26.410219, 36.552692, 33.907585> 0.100000
	pigment { color rgbt <1,0,0,0> }
	no_shadow
}
sphere {
	0, 1
	scale<0.080000,0.200000,0.300000>
	matrix <-0.458700, 0.719124, -0.521972,
		-0.887257, -0.402845, 0.224703,
		-0.048684, 0.566195, 0.822833,
		26.395615, 36.722549, 34.154434>
	pigment { color rgbt <0,1,1,0> }
	no_shadow
}
cylinder {
	<25.773853, 36.548130, 33.579144>,  <26.429693, 36.326214, 33.578453>, 0.130000
	pigment { color rgbt <1,0,0,0> }
	no_shadow
}

// nucleotide -1

// particle -1
sphere {
	<25.773853, 36.548130, 33.579144> 0.250000
	pigment { color rgbt <1,0,0,0> }
	no_shadow
}
cylinder {
	<25.945219, 36.803215, 33.835201>,  <26.048038, 36.956264, 33.988834>, 0.100000
	pigment { color rgbt <1,0,0,0> }
	no_shadow
}
cylinder {
	<25.945219, 36.803215, 33.835201>,  <25.773853, 36.548130, 33.579144>, 0.100000
	pigment { color rgbt <1,0,0,0> }
	no_shadow
}

// particle -1
sphere {
	<25.945219, 36.803215, 33.835201> 0.100000
	pigment { color rgbt <1,0,0,0> }
	no_shadow
}
sphere {
	0, 1
	scale<0.080000,0.200000,0.300000>
	matrix <-0.552885, 0.745356, -0.372510,
		-0.714689, -0.194337, 0.671902,
		0.428413, 0.637713, 0.640144,
		26.073744, 36.994530, 34.027245>
	pigment { color rgbt <0,1,1,0> }
	no_shadow
}
cylinder {
	<25.184448, 37.150719, 33.787998>,  <25.773853, 36.548130, 33.579144>, 0.130000
	pigment { color rgbt <1,0,0,0> }
	no_shadow
}

// nucleotide -1

// particle -1
sphere {
	<25.184448, 37.150719, 33.787998> 0.250000
	pigment { color rgbt <1,0,0,0> }
	no_shadow
}
cylinder {
	<25.563232, 37.275902, 33.817196>,  <25.790503, 37.351009, 33.834713>, 0.100000
	pigment { color rgbt <1,0,0,0> }
	no_shadow
}
cylinder {
	<25.563232, 37.275902, 33.817196>,  <25.184448, 37.150719, 33.787998>, 0.100000
	pigment { color rgbt <1,0,0,0> }
	no_shadow
}

// particle -1
sphere {
	<25.563232, 37.275902, 33.817196> 0.100000
	pigment { color rgbt <1,0,0,0> }
	no_shadow
}
sphere {
	0, 1
	scale<0.080000,0.200000,0.300000>
	matrix <-0.225310, 0.808544, -0.543591,
		-0.229139, 0.498312, 0.836170,
		0.946959, 0.312955, 0.072995,
		25.847321, 37.369789, 33.839096>
	pigment { color rgbt <0,1,1,0> }
	no_shadow
}
cylinder {
	<25.109825, 37.846851, 33.977501>,  <25.184448, 37.150719, 33.787998>, 0.130000
	pigment { color rgbt <1,0,0,0> }
	no_shadow
}

// nucleotide -1

// particle -1
sphere {
	<25.109825, 37.846851, 33.977501> 0.250000
	pigment { color rgbt <1,0,0,0> }
	no_shadow
}
cylinder {
	<25.487955, 37.814045, 33.851238>,  <25.714832, 37.794361, 33.775482>, 0.100000
	pigment { color rgbt <1,0,0,0> }
	no_shadow
}
cylinder {
	<25.487955, 37.814045, 33.851238>,  <25.109825, 37.846851, 33.977501>, 0.100000
	pigment { color rgbt <1,0,0,0> }
	no_shadow
}

// particle -1
sphere {
	<25.487955, 37.814045, 33.851238> 0.100000
	pigment { color rgbt <1,0,0,0> }
	no_shadow
}
sphere {
	0, 1
	scale<0.080000,0.200000,0.300000>
	matrix <-0.078698, 0.881905, -0.464812,
		0.316499, 0.464239, 0.827231,
		0.945323, -0.082011, -0.315656,
		25.771551, 37.789440, 33.756542>
	pigment { color rgbt <0,1,1,0> }
	no_shadow
}
cylinder {
	<25.357679, 38.533672, 33.889774>,  <25.109825, 37.846851, 33.977501>, 0.130000
	pigment { color rgbt <1,0,0,0> }
	no_shadow
}

// nucleotide -1

// particle -1
sphere {
	<25.357679, 38.533672, 33.889774> 0.250000
	pigment { color rgbt <1,0,0,0> }
	no_shadow
}
cylinder {
	<25.610361, 38.322220, 33.662971>,  <25.761971, 38.195347, 33.526890>, 0.100000
	pigment { color rgbt <1,0,0,0> }
	no_shadow
}
cylinder {
	<25.610361, 38.322220, 33.662971>,  <25.357679, 38.533672, 33.889774>, 0.100000
	pigment { color rgbt <1,0,0,0> }
	no_shadow
}

// particle -1
sphere {
	<25.610361, 38.322220, 33.662971> 0.100000
	pigment { color rgbt <1,0,0,0> }
	no_shadow
}
sphere {
	0, 1
	scale<0.080000,0.200000,0.300000>
	matrix <-0.074553, 0.686608, -0.723195,
		0.771616, 0.499118, 0.394322,
		0.631704, -0.528631, -0.567008,
		25.799873, 38.163631, 33.492870>
	pigment { color rgbt <0,1,1,0> }
	no_shadow
}
cylinder {
	<25.934929, 39.057652, 33.850758>,  <25.357679, 38.533672, 33.889774>, 0.130000
	pigment { color rgbt <1,0,0,0> }
	no_shadow
}

// nucleotide -1

// particle -1
sphere {
	<25.934929, 39.057652, 33.850758> 0.250000
	pigment { color rgbt <1,0,0,0> }
	no_shadow
}
cylinder {
	<25.987778, 38.809708, 33.541351>,  <26.019487, 38.660942, 33.355709>, 0.100000
	pigment { color rgbt <1,0,0,0> }
	no_shadow
}
cylinder {
	<25.987778, 38.809708, 33.541351>,  <25.934929, 39.057652, 33.850758>, 0.100000
	pigment { color rgbt <1,0,0,0> }
	no_shadow
}

// particle -1
sphere {
	<25.987778, 38.809708, 33.541351> 0.100000
	pigment { color rgbt <1,0,0,0> }
	no_shadow
}
sphere {
	0, 1
	scale<0.080000,0.200000,0.300000>
	matrix <0.066986, 0.784153, -0.616941,
		0.988967, 0.029698, 0.145127,
		0.132124, -0.619856, -0.773512,
		26.027414, 38.623753, 33.309299>
	pigment { color rgbt <0,1,1,0> }
	no_shadow
}
cylinder {
	<26.460180, 39.278778, 33.467888>,  <25.934929, 39.057652, 33.850758>, 0.130000
	pigment { color rgbt <1,0,0,0> }
	no_shadow
}

// nucleotide -1

// particle -1
sphere {
	<26.460180, 39.278778, 33.467888> 0.250000
	pigment { color rgbt <1,0,0,0> }
	no_shadow
}
cylinder {
	<26.249706, 39.056789, 33.210163>,  <26.123423, 38.923595, 33.055527>, 0.100000
	pigment { color rgbt <1,0,0,0> }
	no_shadow
}
cylinder {
	<26.249706, 39.056789, 33.210163>,  <26.460180, 39.278778, 33.467888>, 0.100000
	pigment { color rgbt <1,0,0,0> }
	no_shadow
}

// particle -1
sphere {
	<26.249706, 39.056789, 33.210163> 0.100000
	pigment { color rgbt <1,0,0,0> }
	no_shadow
}
sphere {
	0, 1
	scale<0.080000,0.200000,0.300000>
	matrix <0.004609, 0.755815, -0.654769,
		0.850359, -0.347498, -0.395139,
		-0.526183, -0.554967, -0.644316,
		26.091852, 38.890301, 33.016869>
	pigment { color rgbt <0,1,1,0> }
	no_shadow
}
cylinder {
	<26.755751, 39.517303, 32.892548>,  <26.460180, 39.278778, 33.467888>, 0.130000
	pigment { color rgbt <1,0,0,0> }
	no_shadow
}

// nucleotide -1

// particle -1
sphere {
	<26.755751, 39.517303, 32.892548> 0.250000
	pigment { color rgbt <1,0,0,0> }
	no_shadow
}
cylinder {
	<26.416204, 39.344574, 32.770588>,  <26.212477, 39.240936, 32.697414>, 0.100000
	pigment { color rgbt <1,0,0,0> }
	no_shadow
}
cylinder {
	<26.416204, 39.344574, 32.770588>,  <26.755751, 39.517303, 32.892548>, 0.100000
	pigment { color rgbt <1,0,0,0> }
	no_shadow
}

// particle -1
sphere {
	<26.416204, 39.344574, 32.770588> 0.100000
	pigment { color rgbt <1,0,0,0> }
	no_shadow
}
sphere {
	0, 1
	scale<0.080000,0.200000,0.300000>
	matrix <-0.076232, 0.670757, -0.737749,
		0.523086, -0.603005, -0.602300,
		-0.848863, -0.431821, -0.304895,
		26.161545, 39.215027, 32.679119>
	pigment { color rgbt <0,1,1,0> }
	no_shadow
}
cylinder {
	<26.713318, 39.668106, 32.142857>,  <26.755751, 39.517303, 32.892548>, 0.130000
	pigment { color rgbt <1,0,0,0> }
	no_shadow
}

// nucleotide -1

// particle -1
sphere {
	<26.713318, 39.668106, 32.142857> 0.250000
	pigment { color rgbt <1,0,0,0> }
	no_shadow
}
cylinder {
	<26.331112, 39.569626, 32.207825>,  <26.101789, 39.510536, 32.246803>, 0.100000
	pigment { color rgbt <1,0,0,0> }
	no_shadow
}
cylinder {
	<26.331112, 39.569626, 32.207825>,  <26.713318, 39.668106, 32.142857>, 0.100000
	pigment { color rgbt <1,0,0,0> }
	no_shadow
}

// particle -1
sphere {
	<26.331112, 39.569626, 32.207825> 0.100000
	pigment { color rgbt <1,0,0,0> }
	no_shadow
}
sphere {
	0, 1
	scale<0.080000,0.200000,0.300000>
	matrix <-0.293437, 0.737844, -0.607850,
		0.029815, -0.628468, -0.777264,
		-0.955513, -0.246201, 0.162417,
		26.044458, 39.495766, 32.256550>
	pigment { color rgbt <0,1,1,0> }
	no_shadow
}
cylinder {
	<26.442400, 39.591335, 31.502253>,  <26.713318, 39.668106, 32.142857>, 0.130000
	pigment { color rgbt <1,0,0,0> }
	no_shadow
}

// nucleotide -1

// particle -1
sphere {
	<26.442400, 39.591335, 31.502253> 0.250000
	pigment { color rgbt <1,0,0,0> }
	no_shadow
}
cylinder {
	<26.166679, 39.691856, 31.774050>,  <26.001247, 39.752171, 31.937128>, 0.100000
	pigment { color rgbt <1,0,0,0> }
	no_shadow
}
cylinder {
	<26.166679, 39.691856, 31.774050>,  <26.442400, 39.591335, 31.502253>, 0.100000
	pigment { color rgbt <1,0,0,0> }
	no_shadow
}

// particle -1
sphere {
	<26.166679, 39.691856, 31.774050> 0.100000
	pigment { color rgbt <1,0,0,0> }
	no_shadow
}
sphere {
	0, 1
	scale<0.080000,0.200000,0.300000>
	matrix <-0.326006, 0.729989, -0.600696,
		-0.646981, -0.635579, -0.421255,
		-0.689301, 0.251307, 0.679491,
		25.959888, 39.767250, 31.977898>
	pigment { color rgbt <0,1,1,0> }
	no_shadow
}
cylinder {
	<25.941463, 39.354546, 30.899885>,  <26.442400, 39.591335, 31.502253>, 0.130000
	pigment { color rgbt <1,0,0,0> }
	no_shadow
}

// nucleotide -1

// particle -1
sphere {
	<25.941463, 39.354546, 30.899885> 0.250000
	pigment { color rgbt <1,0,0,0> }
	no_shadow
}
cylinder {
	<26.236185, 39.132710, 30.745201>,  <26.413017, 38.999607, 30.652391>, 0.100000
	pigment { color rgbt <1,0,0,0> }
	no_shadow
}
cylinder {
	<26.236185, 39.132710, 30.745201>,  <25.941463, 39.354546, 30.899885>, 0.100000
	pigment { color rgbt <1,0,0,0> }
	no_shadow
}

// particle -1
sphere {
	<26.236185, 39.132710, 30.745201> 0.100000
	pigment { color rgbt <1,0,0,0> }
	no_shadow
}
sphere {
	0, 1
	scale<0.080000,0.200000,0.300000>
	matrix <-0.675928, -0.617352, -0.402489,
		-0.015517, 0.557943, -0.829734,
		0.736804, -0.554595, -0.386709,
		26.457226, 38.966331, 30.629189>
	pigment { color rgbt <0,1,1,0> }
	no_shadow
}
cylinder {
	<25.933661, 39.085209, 30.127590>,  <25.941463, 39.354546, 30.899885>, 0.130000
	pigment { color rgbt <1,0,0,0> }
	no_shadow
}

// nucleotide -1

// particle -1
sphere {
	<25.933661, 39.085209, 30.127590> 0.250000
	pigment { color rgbt <1,0,0,0> }
	no_shadow
}
cylinder {
	<26.113575, 38.815147, 30.361464>,  <26.221523, 38.653111, 30.501787>, 0.100000
	pigment { color rgbt <1,0,0,0> }
	no_shadow
}
cylinder {
	<26.113575, 38.815147, 30.361464>,  <25.933661, 39.085209, 30.127590>, 0.100000
	pigment { color rgbt <1,0,0,0> }
	no_shadow
}

// particle -1
sphere {
	<26.113575, 38.815147, 30.361464> 0.100000
	pigment { color rgbt <1,0,0,0> }
	no_shadow
}
sphere {
	0, 1
	scale<0.080000,0.200000,0.300000>
	matrix <-0.538846, -0.727212, -0.425215,
		0.712277, -0.123799, -0.690895,
		0.449786, -0.675156, 0.584685,
		26.248510, 38.612602, 30.536869>
	pigment { color rgbt <0,1,1,0> }
	no_shadow
}
cylinder {
	<25.759455, 38.651371, 29.599855>,  <25.933661, 39.085209, 30.127590>, 0.130000
	pigment { color rgbt <1,0,0,0> }
	no_shadow
}

// nucleotide -1

// particle -1
sphere {
	<25.759455, 38.651371, 29.599855> 0.250000
	pigment { color rgbt <1,0,0,0> }
	no_shadow
}
cylinder {
	<25.555370, 38.723743, 29.263535>,  <25.432920, 38.767166, 29.061741>, 0.100000
	pigment { color rgbt <1,0,0,0> }
	no_shadow
}
cylinder {
	<25.555370, 38.723743, 29.263535>,  <25.759455, 38.651371, 29.599855>, 0.100000
	pigment { color rgbt <1,0,0,0> }
	no_shadow
}

// particle -1
sphere {
	<25.555370, 38.723743, 29.263535> 0.100000
	pigment { color rgbt <1,0,0,0> }
	no_shadow
}
sphere {
	0, 1
	scale<0.080000,0.200000,0.300000>
	matrix <-0.128009, -0.982708, -0.133785,
		-0.850470, 0.039372, 0.524547,
		-0.510210, 0.180928, -0.840804,
		25.402308, 38.778023, 29.011293>
	pigment { color rgbt <0,1,1,0> }
	no_shadow
}
cylinder {
	<25.832994, 38.117008, 29.172464>,  <25.759455, 38.651371, 29.599855>, 0.130000
	pigment { color rgbt <1,0,0,0> }
	no_shadow
}

// nucleotide -1

// particle -1
sphere {
	<25.832994, 38.117008, 29.172464> 0.250000
	pigment { color rgbt <1,0,0,0> }
	no_shadow
}
cylinder {
	<26.061165, 38.182751, 29.494360>,  <26.198067, 38.222195, 29.687498>, 0.100000
	pigment { color rgbt <1,0,0,0> }
	no_shadow
}
cylinder {
	<26.061165, 38.182751, 29.494360>,  <25.832994, 38.117008, 29.172464>, 0.100000
	pigment { color rgbt <1,0,0,0> }
	no_shadow
}

// particle -1
sphere {
	<26.061165, 38.182751, 29.494360> 0.100000
	pigment { color rgbt <1,0,0,0> }
	no_shadow
}
sphere {
	0, 1
	scale<0.080000,0.200000,0.300000>
	matrix <-0.525144, 0.826330, 0.203476,
		-0.631538, -0.538672, 0.557667,
		0.570424, 0.164352, 0.804739,
		26.232292, 38.232056, 29.735783>
	pigment { color rgbt <0,1,1,0> }
	no_shadow
}
cylinder {
	<25.326967, 38.049877, 28.434664>,  <25.832994, 38.117008, 29.172464>, 0.130000
	pigment { color rgbt <1,0,0,0> }
	no_shadow
}

// nucleotide -1

// particle -1
sphere {
	<25.326967, 38.049877, 28.434664> 0.250000
	pigment { color rgbt <1,0,0,0> }
	no_shadow
}
cylinder {
	<25.317507, 37.650112, 28.444559>,  <25.311831, 37.410252, 28.450497>, 0.100000
	pigment { color rgbt <1,0,0,0> }
	no_shadow
}
cylinder {
	<25.317507, 37.650112, 28.444559>,  <25.326967, 38.049877, 28.434664>, 0.100000
	pigment { color rgbt <1,0,0,0> }
	no_shadow
}

// particle -1
sphere {
	<25.317507, 37.650112, 28.444559> 0.100000
	pigment { color rgbt <1,0,0,0> }
	no_shadow
}
sphere {
	0, 1
	scale<0.080000,0.200000,0.300000>
	matrix <0.242933, -0.029749, -0.969587,
		0.969755, -0.016924, 0.243495,
		-0.023653, -0.999414, 0.024738,
		25.310411, 37.350288, 28.451981>
	pigment { color rgbt <0,1,1,0> }
	no_shadow
}
cylinder {
	<25.809427, 37.913898, 27.943367>,  <25.326967, 38.049877, 28.434664>, 0.130000
	pigment { color rgbt <1,0,0,0> }
	no_shadow
}

// nucleotide -1

// particle -1
sphere {
	<25.809427, 37.913898, 27.943367> 0.250000
	pigment { color rgbt <1,0,0,0> }
	no_shadow
}
cylinder {
	<25.651093, 37.551277, 28.001995>,  <25.556091, 37.333706, 28.037172>, 0.100000
	pigment { color rgbt <1,0,0,0> }
	no_shadow
}
cylinder {
	<25.651093, 37.551277, 28.001995>,  <25.809427, 37.913898, 27.943367>, 0.100000
	pigment { color rgbt <1,0,0,0> }
	no_shadow
}

// particle -1
sphere {
	<25.651093, 37.551277, 28.001995> 0.100000
	pigment { color rgbt <1,0,0,0> }
	no_shadow
}
sphere {
	0, 1
	scale<0.080000,0.200000,0.300000>
	matrix <0.189100, -0.236652, -0.953015,
		0.898641, -0.349520, 0.265104,
		-0.395836, -0.906549, 0.146571,
		25.532341, 37.279312, 28.045967>
	pigment { color rgbt <0,1,1,0> }
	no_shadow
}
cylinder {
	<26.236343, 37.649227, 27.360422>,  <25.809427, 37.913898, 27.943367>, 0.130000
	pigment { color rgbt <1,0,0,0> }
	no_shadow
}

// nucleotide -1

// particle -1
sphere {
	<26.236343, 37.649227, 27.360422> 0.250000
	pigment { color rgbt <1,0,0,0> }
	no_shadow
}
cylinder {
	<25.952124, 37.386879, 27.462368>,  <25.781591, 37.229469, 27.523535>, 0.100000
	pigment { color rgbt <1,0,0,0> }
	no_shadow
}
cylinder {
	<25.952124, 37.386879, 27.462368>,  <26.236343, 37.649227, 27.360422>, 0.100000
	pigment { color rgbt <1,0,0,0> }
	no_shadow
}

// particle -1
sphere {
	<25.952124, 37.386879, 27.462368> 0.100000
	pigment { color rgbt <1,0,0,0> }
	no_shadow
}
sphere {
	0, 1
	scale<0.080000,0.200000,0.300000>
	matrix <-0.056411, -0.307941, -0.949731,
		0.701381, -0.689209, 0.181810,
		-0.710550, -0.655868, 0.254863,
		25.738958, 37.190117, 27.538828>
	pigment { color rgbt <0,1,1,0> }
	no_shadow
}
cylinder {
	<26.410261, 36.969379, 27.041105>,  <26.236343, 37.649227, 27.360422>, 0.130000
	pigment { color rgbt <1,0,0,0> }
	no_shadow
}

// nucleotide -1

// particle -1
sphere {
	<26.410261, 36.969379, 27.041105> 0.250000
	pigment { color rgbt <1,0,0,0> }
	no_shadow
}
cylinder {
	<26.015738, 36.997635, 27.100714>,  <25.779024, 37.014587, 27.136478>, 0.100000
	pigment { color rgbt <1,0,0,0> }
	no_shadow
}
cylinder {
	<26.015738, 36.997635, 27.100714>,  <26.410261, 36.969379, 27.041105>, 0.100000
	pigment { color rgbt <1,0,0,0> }
	no_shadow
}

// particle -1
sphere {
	<26.015738, 36.997635, 27.100714> 0.100000
	pigment { color rgbt <1,0,0,0> }
	no_shadow
}
sphere {
	0, 1
	scale<0.080000,0.200000,0.300000>
	matrix <-0.164159, -0.507145, -0.846083,
		0.015807, -0.858961, 0.511797,
		-0.986307, 0.070642, 0.149022,
		25.719845, 37.018829, 27.145420>
	pigment { color rgbt <0,1,1,0> }
	no_shadow
}
cylinder {
	<26.093769, 36.388962, 27.030447>,  <26.410261, 36.969379, 27.041105>, 0.130000
	pigment { color rgbt <1,0,0,0> }
	no_shadow
}

// nucleotide -1

// particle -1
sphere {
	<26.093769, 36.388962, 27.030447> 0.250000
	pigment { color rgbt <1,0,0,0> }
	no_shadow
}
cylinder {
	<25.814026, 36.640064, 26.893730>,  <25.646181, 36.790726, 26.811701>, 0.100000
	pigment { color rgbt <1,0,0,0> }
	no_shadow
}
cylinder {
	<25.814026, 36.640064, 26.893730>,  <26.093769, 36.388962, 27.030447>, 0.100000
	pigment { color rgbt <1,0,0,0> }
	no_shadow
}

// particle -1
sphere {
	<25.814026, 36.640064, 26.893730> 0.100000
	pigment { color rgbt <1,0,0,0> }
	no_shadow
}
sphere {
	0, 1
	scale<0.080000,0.200000,0.300000>
	matrix <-0.013129, -0.489384, -0.871970,
		-0.714652, -0.605330, 0.350496,
		-0.699357, 0.627757, -0.341792,
		25.604219, 36.828392, 26.791193>
	pigment { color rgbt <0,1,1,0> }
	no_shadow
}
cylinder {
	<25.573793, 35.986637, 26.625528>,  <26.093769, 36.388962, 27.030447>, 0.130000
	pigment { color rgbt <1,0,0,0> }
	no_shadow
}

// nucleotide -1

// particle -1
sphere {
	<25.573793, 35.986637, 26.625528> 0.250000
	pigment { color rgbt <1,0,0,0> }
	no_shadow
}
cylinder {
	<25.571131, 36.357635, 26.476021>,  <25.569532, 36.580235, 26.386316>, 0.100000
	pigment { color rgbt <1,0,0,0> }
	no_shadow
}
cylinder {
	<25.571131, 36.357635, 26.476021>,  <25.573793, 35.986637, 26.625528>, 0.100000
	pigment { color rgbt <1,0,0,0> }
	no_shadow
}

// particle -1
sphere {
	<25.571131, 36.357635, 26.476021> 0.100000
	pigment { color rgbt <1,0,0,0> }
	no_shadow
}
sphere {
	0, 1
	scale<0.080000,0.200000,0.300000>
	matrix <0.105371, -0.371047, -0.922616,
		-0.994411, -0.045526, -0.095261,
		-0.006657, 0.927497, -0.373770,
		25.569134, 36.635883, 26.363890>
	pigment { color rgbt <0,1,1,0> }
	no_shadow
}
cylinder {
	<25.530413, 35.938839, 27.410200>,  <25.573793, 35.986637, 26.625528>, 0.130000
	pigment { color rgbt <1,0,0,0> }
	no_shadow
}

// nucleotide -1

// particle -1
sphere {
	<25.530413, 35.938839, 27.410200> 0.250000
	pigment { color rgbt <1,0,0,0> }
	no_shadow
}
cylinder {
	<25.212626, 36.168034, 27.329691>,  <25.021954, 36.305550, 27.281385>, 0.100000
	pigment { color rgbt <1,0,0,0> }
	no_shadow
}
cylinder {
	<25.212626, 36.168034, 27.329691>,  <25.530413, 35.938839, 27.410200>, 0.100000
	pigment { color rgbt <1,0,0,0> }
	no_shadow
}

// particle -1
sphere {
	<25.212626, 36.168034, 27.329691> 0.100000
	pigment { color rgbt <1,0,0,0> }
	no_shadow
}
sphere {
	0, 1
	scale<0.080000,0.200000,0.300000>
	matrix <0.039845, -0.281529, -0.958725,
		-0.606000, -0.769695, 0.200835,
		-0.794466, 0.572985, -0.201275,
		24.974285, 36.339928, 27.269308>
	pigment { color rgbt <0,1,1,0> }
	no_shadow
}
cylinder {
	<25.531588, 36.026009, 28.128967>,  <25.530413, 35.938839, 27.410200>, 0.130000
	pigment { color rgbt <1,0,0,0> }
	no_shadow
}

// nucleotide -1

// particle -1
sphere {
	<25.531588, 36.026009, 28.128967> 0.250000
	pigment { color rgbt <1,0,0,0> }
	no_shadow
}
cylinder {
	<25.446720, 36.287476, 28.419540>,  <25.395800, 36.444355, 28.593884>, 0.100000
	pigment { color rgbt <1,0,0,0> }
	no_shadow
}
cylinder {
	<25.446720, 36.287476, 28.419540>,  <25.531588, 36.026009, 28.128967>, 0.100000
	pigment { color rgbt <1,0,0,0> }
	no_shadow
}

// particle -1
sphere {
	<25.446720, 36.287476, 28.419540> 0.100000
	pigment { color rgbt <1,0,0,0> }
	no_shadow
}
sphere {
	0, 1
	scale<0.080000,0.200000,0.300000>
	matrix <0.818316, -0.287495, 0.497700,
		0.534176, 0.700047, -0.473910,
		-0.212167, 0.653668, 0.726432,
		25.383070, 36.483578, 28.637470>
	pigment { color rgbt <0,1,1,0> }
	no_shadow
}
cylinder {
	<26.102163, 36.282909, 28.188896>,  <25.531588, 36.026009, 28.128967>, 0.130000
	pigment { color rgbt <1,0,0,0> }
	no_shadow
}

// nucleotide -1

// particle -1
sphere {
	<26.102163, 36.282909, 28.188896> 0.250000
	pigment { color rgbt <1,0,0,0> }
	no_shadow
}
cylinder {
	<25.904285, 36.355610, 28.528835>,  <25.785559, 36.399231, 28.732800>, 0.100000
	pigment { color rgbt <1,0,0,0> }
	no_shadow
}
cylinder {
	<25.904285, 36.355610, 28.528835>,  <26.102163, 36.282909, 28.188896>, 0.100000
	pigment { color rgbt <1,0,0,0> }
	no_shadow
}

// particle -1
sphere {
	<25.904285, 36.355610, 28.528835> 0.100000
	pigment { color rgbt <1,0,0,0> }
	no_shadow
}
sphere {
	0, 1
	scale<0.080000,0.200000,0.300000>
	matrix <0.776037, -0.347809, 0.526114,
		0.391208, 0.919780, 0.031013,
		-0.494695, 0.181753, 0.849849,
		25.755877, 36.410137, 28.783791>
	pigment { color rgbt <0,1,1,0> }
	no_shadow
}
cylinder {
	<26.536791, 36.542282, 28.609474>,  <26.102163, 36.282909, 28.188896>, 0.130000
	pigment { color rgbt <1,0,0,0> }
	no_shadow
}

// nucleotide -1

// particle -1
sphere {
	<26.536791, 36.542282, 28.609474> 0.250000
	pigment { color rgbt <1,0,0,0> }
	no_shadow
}
cylinder {
	<26.259008, 36.428707, 28.873930>,  <26.092339, 36.360561, 29.032604>, 0.100000
	pigment { color rgbt <1,0,0,0> }
	no_shadow
}
cylinder {
	<26.259008, 36.428707, 28.873930>,  <26.536791, 36.542282, 28.609474>, 0.100000
	pigment { color rgbt <1,0,0,0> }
	no_shadow
}

// particle -1
sphere {
	<26.259008, 36.428707, 28.873930> 0.100000
	pigment { color rgbt <1,0,0,0> }
	no_shadow
}
sphere {
	0, 1
	scale<0.080000,0.200000,0.300000>
	matrix <0.719479, -0.262609, 0.642951,
		-0.008939, 0.922179, 0.386660,
		-0.694457, -0.283941, 0.661141,
		26.050671, 36.343525, 29.072273>
	pigment { color rgbt <0,1,1,0> }
	no_shadow
}
cylinder {
	<26.805477, 36.824001, 29.268246>,  <26.536791, 36.542282, 28.609474>, 0.130000
	pigment { color rgbt <1,0,0,0> }
	no_shadow
}

// nucleotide -1

// particle -1
sphere {
	<26.805477, 36.824001, 29.268246> 0.250000
	pigment { color rgbt <1,0,0,0> }
	no_shadow
}
cylinder {
	<26.530186, 36.552032, 29.369482>,  <26.365011, 36.388851, 29.430223>, 0.100000
	pigment { color rgbt <1,0,0,0> }
	no_shadow
}
cylinder {
	<26.530186, 36.552032, 29.369482>,  <26.805477, 36.824001, 29.268246>, 0.100000
	pigment { color rgbt <1,0,0,0> }
	no_shadow
}

// particle -1
sphere {
	<26.530186, 36.552032, 29.369482> 0.100000
	pigment { color rgbt <1,0,0,0> }
	no_shadow
}
sphere {
	0, 1
	scale<0.080000,0.200000,0.300000>
	matrix <0.552548, -0.265165, 0.790176,
		-0.470144, 0.683666, 0.558181,
		-0.688226, -0.679918, 0.253092,
		26.323717, 36.348057, 29.445410>
	pigment { color rgbt <0,1,1,0> }
	no_shadow
}
cylinder {
	<26.606106, 37.028484, 29.999315>,  <26.805477, 36.824001, 29.268246>, 0.130000
	pigment { color rgbt <1,0,0,0> }
	no_shadow
}

// nucleotide -1

// particle -1
sphere {
	<26.606106, 37.028484, 29.999315> 0.250000
	pigment { color rgbt <1,0,0,0> }
	no_shadow
}
cylinder {
	<26.524963, 36.643543, 29.926947>,  <26.476278, 36.412579, 29.883526>, 0.100000
	pigment { color rgbt <1,0,0,0> }
	no_shadow
}
cylinder {
	<26.524963, 36.643543, 29.926947>,  <26.606106, 37.028484, 29.999315>, 0.100000
	pigment { color rgbt <1,0,0,0> }
	no_shadow
}

// particle -1
sphere {
	<26.524963, 36.643543, 29.926947> 0.100000
	pigment { color rgbt <1,0,0,0> }
	no_shadow
}
sphere {
	0, 1
	scale<0.080000,0.200000,0.300000>
	matrix <0.440361, -0.254682, 0.860941,
		-0.874603, 0.094978, 0.475445,
		-0.202857, -0.962349, -0.180921,
		26.464106, 36.354839, 29.872671>
	pigment { color rgbt <0,1,1,0> }
	no_shadow
}
cylinder {
	<26.584261, 36.764183, 30.666098>,  <26.606106, 37.028484, 29.999315>, 0.130000
	pigment { color rgbt <1,0,0,0> }
	no_shadow
}

// nucleotide -1

// particle -1
sphere {
	<26.584261, 36.764183, 30.666098> 0.250000
	pigment { color rgbt <1,0,0,0> }
	no_shadow
}
cylinder {
	<26.621489, 36.434944, 30.442009>,  <26.643826, 36.237400, 30.307556>, 0.100000
	pigment { color rgbt <1,0,0,0> }
	no_shadow
}
cylinder {
	<26.621489, 36.434944, 30.442009>,  <26.584261, 36.764183, 30.666098>, 0.100000
	pigment { color rgbt <1,0,0,0> }
	no_shadow
}

// particle -1
sphere {
	<26.621489, 36.434944, 30.442009> 0.100000
	pigment { color rgbt <1,0,0,0> }
	no_shadow
}
sphere {
	0, 1
	scale<0.080000,0.200000,0.300000>
	matrix <0.549747, -0.426639, 0.718163,
		-0.830131, -0.374817, 0.412790,
		0.093067, -0.823099, -0.560221,
		26.649408, 36.188015, 30.273943>
	pigment { color rgbt <0,1,1,0> }
	no_shadow
}
cylinder {
	<26.440468, 36.180531, 31.055965>,  <26.584261, 36.764183, 30.666098>, 0.130000
	pigment { color rgbt <1,0,0,0> }
	no_shadow
}

// nucleotide -1

// particle -1
sphere {
	<26.440468, 36.180531, 31.055965> 0.250000
	pigment { color rgbt <1,0,0,0> }
	no_shadow
}
cylinder {
	<26.665110, 36.034092, 30.759163>,  <26.799894, 35.946228, 30.581081>, 0.100000
	pigment { color rgbt <1,0,0,0> }
	no_shadow
}
cylinder {
	<26.665110, 36.034092, 30.759163>,  <26.440468, 36.180531, 31.055965>, 0.100000
	pigment { color rgbt <1,0,0,0> }
	no_shadow
}

// particle -1
sphere {
	<26.665110, 36.034092, 30.759163> 0.100000
	pigment { color rgbt <1,0,0,0> }
	no_shadow
}
sphere {
	0, 1
	scale<0.080000,0.200000,0.300000>
	matrix <0.560581, -0.491237, 0.666660,
		-0.608566, -0.790352, -0.070651,
		0.561602, -0.366101, -0.742006,
		26.833590, 35.924263, 30.536560>
	pigment { color rgbt <0,1,1,0> }
	no_shadow
}
cylinder {
	<26.433332, 35.511120, 31.089018>,  <26.440468, 36.180531, 31.055965>, 0.130000
	pigment { color rgbt <1,0,0,0> }
	no_shadow
}

// nucleotide -1

// particle -1
sphere {
	<26.433332, 35.511120, 31.089018> 0.250000
	pigment { color rgbt <1,0,0,0> }
	no_shadow
}
cylinder {
	<26.774527, 35.569244, 30.888498>,  <26.979242, 35.604118, 30.768187>, 0.100000
	pigment { color rgbt <1,0,0,0> }
	no_shadow
}
cylinder {
	<26.774527, 35.569244, 30.888498>,  <26.433332, 35.511120, 31.089018>, 0.100000
	pigment { color rgbt <1,0,0,0> }
	no_shadow
}

// particle -1
sphere {
	<26.774527, 35.569244, 30.888498> 0.100000
	pigment { color rgbt <1,0,0,0> }
	no_shadow
}
sphere {
	0, 1
	scale<0.080000,0.200000,0.300000>
