// switches for output
#declare DRAW_BASES = 1; // possible values are 0, 1; only relevant for DNA ribbons
#declare DRAW_BASES_TYPE = 3; // possible values are 1, 2, 3; only relevant for DNA ribbons
#declare DRAW_FOG = 0; // set to 1 to enable fog

#include "colors.inc"

#include "transforms.inc"
background { rgb <1, 1, 1>}

#default {
   normal{
       ripples 0.25
       frequency 0.20
       turbulence 0.2
       lambda 5
   }
	finish {
		phong 0.1
		phong_size 40.
	}
}

// original window dimensions: 1024x640


// camera settings

camera {
	sky <0, 0.179814, -0.983701>
	up <0, 0.179814, -0.983701>
	right 1.6 * <1, 0, 0>
	location <35, 94.9851, 44.8844>
	look_at <35, 29.7336, 32.9568>
	direction <0, -65.2515, -11.9276>
	angle 67.0682
}


# declare cpy_camera_pos = <35, 94.9851, 44.8844>;
# if (DRAW_FOG = 1)
fog {
	fog_type 2
	up vnormalize(cpy_camera_pos)
	color rgbt<1,1,1,0.3>
	distance 1e-5
	fog_alt 3e-3
	fog_offset 56
}
# end


// LIGHTS

# declare lum = 6;
global_settings {
	ambient_light rgb lum * <0.05, 0.05, 0.05>
	max_trace_level 15
}# declare cpy_direct_light_amount = 0.25;
light_source
{	1000 * <-1, -1.16352, -0.803886>,
	rgb lum * cpy_direct_light_amount
	parallel
}

light_source
{	1000 * <1, 1.16352, 0.803886>,
	rgb lum * cpy_direct_light_amount
	parallel
}

// strand 0

// nucleotide -1

// particle -1
sphere {
	<24.023760, 35.164421, 34.790115> 0.250000
	pigment { color rgbt <1,0,0,0> }
	no_shadow
}
cylinder {
	<24.282181, 35.048550, 35.072590>,  <24.437233, 34.979027, 35.242077>, 0.100000
	pigment { color rgbt <1,0,0,0> }
	no_shadow
}
cylinder {
	<24.282181, 35.048550, 35.072590>,  <24.023760, 35.164421, 34.790115>, 0.100000
	pigment { color rgbt <1,0,0,0> }
	no_shadow
}

// particle -1
sphere {
	<24.282181, 35.048550, 35.072590> 0.100000
	pigment { color rgbt <1,0,0,0> }
	no_shadow
}
sphere {
	0, 1
	scale<0.080000,0.200000,0.300000>
	matrix <0.696865, -0.153654, -0.700550,
		0.311442, 0.944710, 0.102598,
		0.646052, -0.289678, 0.706189,
		24.475996, 34.961647, 35.284447>
	pigment { color rgbt <0,1,1,0> }
	no_shadow
}
cylinder {
	<24.574110, 35.604073, 34.786030>,  <24.023760, 35.164421, 34.790115>, 0.130000
	pigment { color rgbt <1,0,0,0> }
	no_shadow
}

// nucleotide -1

// particle -1
sphere {
	<24.574110, 35.604073, 34.786030> 0.250000
	pigment { color rgbt <1,0,0,0> }
	no_shadow
}
cylinder {
	<24.704615, 35.260860, 34.944691>,  <24.782917, 35.054932, 35.039886>, 0.100000
	pigment { color rgbt <1,0,0,0> }
	no_shadow
}
cylinder {
	<24.704615, 35.260860, 34.944691>,  <24.574110, 35.604073, 34.786030>, 0.100000
	pigment { color rgbt <1,0,0,0> }
	no_shadow
}

// particle -1
sphere {
	<24.704615, 35.260860, 34.944691> 0.100000
	pigment { color rgbt <1,0,0,0> }
	no_shadow
}
sphere {
	0, 1
	scale<0.080000,0.200000,0.300000>
	matrix <0.667822, -0.087752, -0.739130,
		0.669005, 0.506044, 0.544382,
		0.326262, -0.858032, 0.396654,
		24.802494, 35.003452, 35.063686>
	pigment { color rgbt <0,1,1,0> }
	no_shadow
}
cylinder {
	<25.283632, 35.548962, 34.812397>,  <24.574110, 35.604073, 34.786030>, 0.130000
	pigment { color rgbt <1,0,0,0> }
	no_shadow
}

// nucleotide -1

// particle -1
sphere {
	<25.283632, 35.548962, 34.812397> 0.250000
	pigment { color rgbt <1,0,0,0> }
	no_shadow
}
cylinder {
	<25.133303, 35.178364, 34.804836>,  <25.043104, 34.956005, 34.800301>, 0.100000
	pigment { color rgbt <1,0,0,0> }
	no_shadow
}
cylinder {
	<25.133303, 35.178364, 34.804836>,  <25.283632, 35.548962, 34.812397>, 0.100000
	pigment { color rgbt <1,0,0,0> }
	no_shadow
}

// particle -1
sphere {
	<25.133303, 35.178364, 34.804836> 0.100000
	pigment { color rgbt <1,0,0,0> }
	no_shadow
}
sphere {
	0, 1
	scale<0.080000,0.200000,0.300000>
	matrix <0.675270, -0.259837, -0.690286,
		0.634638, -0.272188, 0.723290,
		-0.375826, -0.926498, -0.018898,
		25.020555, 34.900414, 34.799168>
	pigment { color rgbt <0,1,1,0> }
	no_shadow
}
cylinder {
	<25.680950, 35.222328, 34.428066>,  <25.283632, 35.548962, 34.812397>, 0.130000
	pigment { color rgbt <1,0,0,0> }
	no_shadow
}

// nucleotide -1

// particle -1
sphere {
	<25.680950, 35.222328, 34.428066> 0.250000
	pigment { color rgbt <1,0,0,0> }
	no_shadow
}
cylinder {
	<25.464348, 34.897518, 34.515137>,  <25.334387, 34.702633, 34.567379>, 0.100000
	pigment { color rgbt <1,0,0,0> }
	no_shadow
}
cylinder {
	<25.464348, 34.897518, 34.515137>,  <25.680950, 35.222328, 34.428066>, 0.100000
	pigment { color rgbt <1,0,0,0> }
	no_shadow
}

// particle -1
sphere {
	<25.464348, 34.897518, 34.515137> 0.100000
	pigment { color rgbt <1,0,0,0> }
	no_shadow
}
sphere {
	0, 1
	scale<0.080000,0.200000,0.300000>
	matrix <0.453165, -0.500026, -0.737980,
		0.708104, -0.300977, 0.638750,
		-0.541507, -0.812026, 0.217679,
		25.301895, 34.653912, 34.580441>
	pigment { color rgbt <0,1,1,0> }
	no_shadow
}
cylinder {
	<26.054941, 34.603630, 34.630016>,  <25.680950, 35.222328, 34.428066>, 0.130000
	pigment { color rgbt <1,0,0,0> }
	no_shadow
}

// nucleotide -1

// particle -1
sphere {
	<26.054941, 34.603630, 34.630016> 0.250000
	pigment { color rgbt <1,0,0,0> }
	no_shadow
}
cylinder {
	<25.732924, 34.529190, 34.404709>,  <25.539713, 34.484528, 34.269524>, 0.100000
	pigment { color rgbt <1,0,0,0> }
	no_shadow
}
cylinder {
	<25.732924, 34.529190, 34.404709>,  <26.054941, 34.603630, 34.630016>, 0.100000
	pigment { color rgbt <1,0,0,0> }
	no_shadow
}

// particle -1
sphere {
	<25.732924, 34.529190, 34.404709> 0.100000
	pigment { color rgbt <1,0,0,0> }
	no_shadow
}
sphere {
	0, 1
	scale<0.080000,0.200000,0.300000>
	matrix <0.570619, -0.502496, -0.649532,
		-0.162165, -0.844314, 0.510721,
		-0.805044, -0.186096, -0.563269,
		25.491409, 34.473362, 34.235729>
	pigment { color rgbt <0,1,1,0> }
	no_shadow
}
cylinder {
	<26.057302, 33.872280, 34.524601>,  <26.054941, 34.603630, 34.630016>, 0.130000
	pigment { color rgbt <1,0,0,0> }
	no_shadow
}

// nucleotide -1

// particle -1
sphere {
	<26.057302, 33.872280, 34.524601> 0.250000
	pigment { color rgbt <1,0,0,0> }
	no_shadow
}
cylinder {
	<25.901236, 34.140129, 34.271816>,  <25.807594, 34.300838, 34.120144>, 0.100000
	pigment { color rgbt <1,0,0,0> }
	no_shadow
}
cylinder {
	<25.901236, 34.140129, 34.271816>,  <26.057302, 33.872280, 34.524601>, 0.100000
	pigment { color rgbt <1,0,0,0> }
	no_shadow
}

// particle -1
sphere {
	<25.901236, 34.140129, 34.271816> 0.100000
	pigment { color rgbt <1,0,0,0> }
	no_shadow
}
sphere {
	0, 1
	scale<0.080000,0.200000,0.300000>
	matrix <0.593384, -0.341950, -0.728674,
		-0.704033, -0.659304, -0.263923,
		-0.390169, 0.669618, -0.631965,
		25.784185, 34.341015, 34.082226>
	pigment { color rgbt <0,1,1,0> }
	no_shadow
}
cylinder {
	<25.674171, 33.546280, 33.825089>,  <26.057302, 33.872280, 34.524601>, 0.130000
	pigment { color rgbt <1,0,0,0> }
	no_shadow
}

// nucleotide -1

// particle -1
sphere {
	<25.674171, 33.546280, 33.825089> 0.250000
	pigment { color rgbt <1,0,0,0> }
	no_shadow
}
cylinder {
	<25.837551, 33.904789, 33.755955>,  <25.935579, 34.119892, 33.714474>, 0.100000
	pigment { color rgbt <1,0,0,0> }
	no_shadow
}
cylinder {
	<25.837551, 33.904789, 33.755955>,  <25.674171, 33.546280, 33.825089>, 0.100000
	pigment { color rgbt <1,0,0,0> }
	no_shadow
}

// particle -1
sphere {
	<25.837551, 33.904789, 33.755955> 0.100000
	pigment { color rgbt <1,0,0,0> }
	no_shadow
}
sphere {
	0, 1
	scale<0.080000,0.200000,0.300000>
	matrix <0.606506, -0.407991, -0.682418,
		-0.682145, 0.173909, -0.710235,
		0.408448, 0.896270, -0.172832,
		25.960085, 34.173672, 33.704105>
	pigment { color rgbt <0,1,1,0> }
	no_shadow
}
cylinder {
	<25.577698, 33.849880, 33.063854>,  <25.674171, 33.546280, 33.825089>, 0.130000
	pigment { color rgbt <1,0,0,0> }
	no_shadow
}

// nucleotide -1

// particle -1
sphere {
	<25.577698, 33.849880, 33.063854> 0.250000
	pigment { color rgbt <1,0,0,0> }
	no_shadow
}
cylinder {
	<25.910160, 33.936432, 33.268738>,  <26.109638, 33.988365, 33.391666>, 0.100000
	pigment { color rgbt <1,0,0,0> }
	no_shadow
}
cylinder {
	<25.910160, 33.936432, 33.268738>,  <25.577698, 33.849880, 33.063854>, 0.100000
	pigment { color rgbt <1,0,0,0> }
	no_shadow
}

// particle -1
sphere {
	<25.910160, 33.936432, 33.268738> 0.100000
	pigment { color rgbt <1,0,0,0> }
	no_shadow
}
sphere {
	0, 1
	scale<0.080000,0.200000,0.300000>
	matrix <0.548951, -0.465916, -0.693956,
		0.088485, 0.857963, -0.506034,
		0.831158, 0.216383, 0.512206,
		26.159508, 34.001347, 33.422401>
	pigment { color rgbt <0,1,1,0> }
	no_shadow
}
cylinder {
	<26.053869, 34.172184, 32.585953>,  <25.577698, 33.849880, 33.063854>, 0.130000
	pigment { color rgbt <1,0,0,0> }
	no_shadow
}

// nucleotide -1

// particle -1
sphere {
	<26.053869, 34.172184, 32.585953> 0.250000
	pigment { color rgbt <1,0,0,0> }
	no_shadow
}
cylinder {
	<26.264437, 34.002689, 32.880798>,  <26.390778, 33.900993, 33.057705>, 0.100000
	pigment { color rgbt <1,0,0,0> }
	no_shadow
}
cylinder {
	<26.264437, 34.002689, 32.880798>,  <26.053869, 34.172184, 32.585953>, 0.100000
	pigment { color rgbt <1,0,0,0> }
	no_shadow
}

// particle -1
sphere {
	<26.264437, 34.002689, 32.880798> 0.100000
	pigment { color rgbt <1,0,0,0> }
	no_shadow
}
sphere {
	0, 1
	scale<0.080000,0.200000,0.300000>
	matrix <0.606009, -0.421092, -0.674859,
		0.596352, 0.801954, 0.035117,
		0.526419, -0.423735, 0.737111,
		26.422361, 33.875568, 33.101933>
	pigment { color rgbt <0,1,1,0> }
	no_shadow
}
cylinder {
	<26.741642, 34.353260, 32.425140>,  <26.053869, 34.172184, 32.585953>, 0.130000
	pigment { color rgbt <1,0,0,0> }
	no_shadow
}

// nucleotide -1

// particle -1
sphere {
	<26.741642, 34.353260, 32.425140> 0.250000
	pigment { color rgbt <1,0,0,0> }
	no_shadow
}
cylinder {
	<26.711254, 34.023727, 32.649826>,  <26.693022, 33.826008, 32.784637>, 0.100000
	pigment { color rgbt <1,0,0,0> }
	no_shadow
}
cylinder {
	<26.711254, 34.023727, 32.649826>,  <26.741642, 34.353260, 32.425140>, 0.100000
	pigment { color rgbt <1,0,0,0> }
	no_shadow
}

// particle -1
sphere {
	<26.711254, 34.023727, 32.649826> 0.100000
	pigment { color rgbt <1,0,0,0> }
	no_shadow
}
sphere {
	0, 1
	scale<0.080000,0.200000,0.300000>
	matrix <0.399594, -0.541282, -0.739823,
		0.913539, 0.168255, 0.370320,
		-0.075969, -0.823835, 0.561716,
		26.688463, 33.776577, 32.818340>
	pigment { color rgbt <0,1,1,0> }
	no_shadow
}
cylinder {
	<27.447573, 33.930321, 32.360756>,  <26.741642, 34.353260, 32.425140>, 0.130000
	pigment { color rgbt <1,0,0,0> }
	no_shadow
}

// nucleotide -1

// particle -1
sphere {
	<27.447573, 33.930321, 32.360756> 0.250000
	pigment { color rgbt <1,0,0,0> }
	no_shadow
}
cylinder {
	<27.146034, 33.697453, 32.482605>,  <26.965111, 33.557732, 32.555714>, 0.100000
	pigment { color rgbt <1,0,0,0> }
	no_shadow
}
cylinder {
	<27.146034, 33.697453, 32.482605>,  <27.447573, 33.930321, 32.360756>, 0.100000
	pigment { color rgbt <1,0,0,0> }
	no_shadow
}

// particle -1
sphere {
	<27.146034, 33.697453, 32.482605> 0.100000
	pigment { color rgbt <1,0,0,0> }
	no_shadow
}
sphere {
	0, 1
	scale<0.080000,0.200000,0.300000>
	matrix <0.372362, -0.760516, -0.531942,
		0.541352, -0.287572, 0.790089,
		-0.753847, -0.582167, 0.304626,
		26.919880, 33.522804, 32.573994>
	pigment { color rgbt <0,1,1,0> }
	no_shadow
}
cylinder {
	<27.800205, 33.376263, 32.524837>,  <27.447573, 33.930321, 32.360756>, 0.130000
	pigment { color rgbt <1,0,0,0> }
	no_shadow
}

// nucleotide -1

// particle -1
sphere {
	<27.800205, 33.376263, 32.524837> 0.250000
	pigment { color rgbt <1,0,0,0> }
	no_shadow
}
cylinder {
	<27.420816, 33.257153, 32.481522>,  <27.193182, 33.185684, 32.455532>, 0.100000
	pigment { color rgbt <1,0,0,0> }
	no_shadow
}
cylinder {
	<27.420816, 33.257153, 32.481522>,  <27.800205, 33.376263, 32.524837>, 0.100000
	pigment { color rgbt <1,0,0,0> }
	no_shadow
}

// particle -1
sphere {
	<27.420816, 33.257153, 32.481522> 0.100000
	pigment { color rgbt <1,0,0,0> }
	no_shadow
}
sphere {
	0, 1
	scale<0.080000,0.200000,0.300000>
	matrix <0.291435, -0.685727, -0.666966,
		0.124351, -0.664159, 0.737177,
		-0.948474, -0.297777, -0.108289,
		27.136274, 33.167820, 32.449036>
	pigment { color rgbt <0,1,1,0> }
	no_shadow
}
cylinder {
	<27.865601, 32.682327, 32.429836>,  <27.800205, 33.376263, 32.524837>, 0.130000
	pigment { color rgbt <1,0,0,0> }
	no_shadow
}

// nucleotide -1

// particle -1
sphere {
	<27.865601, 32.682327, 32.429836> 0.250000
	pigment { color rgbt <1,0,0,0> }
	no_shadow
}
cylinder {
	<27.502438, 32.728996, 32.268791>,  <27.284540, 32.756996, 32.172165>, 0.100000
	pigment { color rgbt <1,0,0,0> }
	no_shadow
}
cylinder {
	<27.502438, 32.728996, 32.268791>,  <27.865601, 32.682327, 32.429836>, 0.100000
	pigment { color rgbt <1,0,0,0> }
	no_shadow
}

// particle -1
sphere {
	<27.502438, 32.728996, 32.268791> 0.100000
	pigment { color rgbt <1,0,0,0> }
	no_shadow
}
sphere {
	0, 1
	scale<0.080000,0.200000,0.300000>
	matrix <0.217653, -0.689641, -0.690668,
		-0.358236, -0.714691, 0.600736,
		-0.907907, 0.116670, -0.402609,
		27.230066, 32.763996, 32.148010>
	pigment { color rgbt <0,1,1,0> }
	no_shadow
}
cylinder {
	<27.575787, 32.015041, 32.225296>,  <27.865601, 32.682327, 32.429836>, 0.130000
	pigment { color rgbt <1,0,0,0> }
	no_shadow
}

// nucleotide -1

// particle -1
sphere {
	<27.575787, 32.015041, 32.225296> 0.250000
	pigment { color rgbt <1,0,0,0> }
	no_shadow
}
cylinder {
	<27.337578, 32.257050, 32.013897>,  <27.194653, 32.402252, 31.887058>, 0.100000
	pigment { color rgbt <1,0,0,0> }
	no_shadow
}
cylinder {
	<27.337578, 32.257050, 32.013897>,  <27.575787, 32.015041, 32.225296>, 0.100000
	pigment { color rgbt <1,0,0,0> }
	no_shadow
}

// particle -1
sphere {
	<27.337578, 32.257050, 32.013897> 0.100000
	pigment { color rgbt <1,0,0,0> }
	no_shadow
}
sphere {
	0, 1
	scale<0.080000,0.200000,0.300000>
	matrix <0.077116, -0.611781, -0.787259,
		-0.799628, -0.509587, 0.317674,
		-0.595524, 0.605017, -0.528494,
		27.158920, 32.438553, 31.855349>
	pigment { color rgbt <0,1,1,0> }
	no_shadow
}
cylinder {
	<27.087179, 31.628954, 31.894125>,  <27.575787, 32.015041, 32.225296>, 0.130000
	pigment { color rgbt <1,0,0,0> }
	no_shadow
}

// nucleotide -1

// particle -1
sphere {
	<27.087179, 31.628954, 31.894125> 0.250000
	pigment { color rgbt <1,0,0,0> }
	no_shadow
}
cylinder {
	<27.135838, 31.963705, 31.680643>,  <27.165033, 32.164555, 31.552555>, 0.100000
	pigment { color rgbt <1,0,0,0> }
	no_shadow
}
cylinder {
	<27.135838, 31.963705, 31.680643>,  <27.087179, 31.628954, 31.894125>, 0.100000
	pigment { color rgbt <1,0,0,0> }
	no_shadow
}

// particle -1
sphere {
	<27.135838, 31.963705, 31.680643> 0.100000
	pigment { color rgbt <1,0,0,0> }
	no_shadow
}
sphere {
	0, 1
	scale<0.080000,0.200000,0.300000>
	matrix <0.314648, -0.542478, -0.778919,
		-0.941381, -0.073174, -0.329313,
		0.121648, 0.836877, -0.533702,
		27.172333, 32.214767, 31.520533>
	pigment { color rgbt <0,1,1,0> }
	no_shadow
}
cylinder {
	<26.923866, 31.423414, 31.277681>,  <27.087179, 31.628954, 31.894125>, 0.130000
	pigment { color rgbt <1,0,0,0> }
	no_shadow
}

// nucleotide -1

// particle -1
sphere {
	<26.923866, 31.423414, 31.277681> 0.250000
	pigment { color rgbt <1,0,0,0> }
	no_shadow
}
cylinder {
	<27.067776, 31.781523, 31.172567>,  <27.154121, 31.996387, 31.109499>, 0.100000
	pigment { color rgbt <1,0,0,0> }
	no_shadow
}
cylinder {
	<27.067776, 31.781523, 31.172567>,  <26.923866, 31.423414, 31.277681>, 0.100000
	pigment { color rgbt <1,0,0,0> }
	no_shadow
}

// particle -1
sphere {
	<27.067776, 31.781523, 31.172567> 0.100000
	pigment { color rgbt <1,0,0,0> }
	no_shadow
}
sphere {
	0, 1
	scale<0.080000,0.200000,0.300000>
	matrix <0.239115, -0.360705, -0.901507,
		-0.901879, 0.261504, -0.343845,
		0.359775, 0.895269, -0.262783,
		27.175709, 32.050102, 31.093733>
	pigment { color rgbt <0,1,1,0> }
	no_shadow
}
cylinder {
	<26.604309, 31.611937, 30.645811>,  <26.923866, 31.423414, 31.277681>, 0.130000
	pigment { color rgbt <1,0,0,0> }
	no_shadow
}

// nucleotide -1

// particle -1
sphere {
	<26.604309, 31.611937, 30.645811> 0.250000
	pigment { color rgbt <1,0,0,0> }
	no_shadow
}
cylinder {
	<26.941433, 31.825794, 30.670561>,  <27.143707, 31.954109, 30.685410>, 0.100000
	pigment { color rgbt <1,0,0,0> }
	no_shadow
}
cylinder {
	<26.941433, 31.825794, 30.670561>,  <26.604309, 31.611937, 30.645811>, 0.100000
	pigment { color rgbt <1,0,0,0> }
	no_shadow
}

// particle -1
sphere {
	<26.941433, 31.825794, 30.670561> 0.100000
	pigment { color rgbt <1,0,0,0> }
	no_shadow
}
sphere {
	0, 1
	scale<0.080000,0.200000,0.300000>
	matrix <0.350008, -0.457130, -0.817634,
		-0.408859, 0.710766, -0.572404,
		0.842810, 0.534643, 0.061872,
		27.194277, 31.986187, 30.689123>
	pigment { color rgbt <0,1,1,0> }
	no_shadow
}
cylinder {
	<26.682493, 31.868050, 30.015709>,  <26.604309, 31.611937, 30.645811>, 0.130000
	pigment { color rgbt <1,0,0,0> }
	no_shadow
}

// nucleotide -1

// particle -1
sphere {
	<26.682493, 31.868050, 30.015709> 0.250000
	pigment { color rgbt <1,0,0,0> }
	no_shadow
}
cylinder {
	<27.050877, 31.895189, 30.169191>,  <27.271908, 31.911472, 30.261280>, 0.100000
	pigment { color rgbt <1,0,0,0> }
	no_shadow
}
cylinder {
	<27.050877, 31.895189, 30.169191>,  <26.682493, 31.868050, 30.015709>, 0.100000
	pigment { color rgbt <1,0,0,0> }
	no_shadow
}

// particle -1
sphere {
	<27.050877, 31.895189, 30.169191> 0.100000
	pigment { color rgbt <1,0,0,0> }
	no_shadow
}
sphere {
	0, 1
	scale<0.080000,0.200000,0.300000>
	matrix <0.346029, -0.595165, -0.725288,
		0.179158, 0.800734, -0.571601,
		0.920960, 0.067850, 0.383706,
		27.327164, 31.915545, 30.284304>
	pigment { color rgbt <0,1,1,0> }
	no_shadow
}
cylinder {
	<27.113153, 32.121601, 29.539053>,  <26.682493, 31.868050, 30.015709>, 0.130000
	pigment { color rgbt <1,0,0,0> }
	no_shadow
}

// nucleotide -1

// particle -1
sphere {
	<27.113153, 32.121601, 29.539053> 0.250000
	pigment { color rgbt <1,0,0,0> }
	no_shadow
}
cylinder {
	<27.350246, 31.904696, 29.777254>,  <27.492502, 31.774553, 29.920174>, 0.100000
	pigment { color rgbt <1,0,0,0> }
	no_shadow
}
cylinder {
	<27.350246, 31.904696, 29.777254>,  <27.113153, 32.121601, 29.539053>, 0.100000
	pigment { color rgbt <1,0,0,0> }
	no_shadow
}

// particle -1
sphere {
	<27.350246, 31.904696, 29.777254> 0.100000
	pigment { color rgbt <1,0,0,0> }
	no_shadow
}
sphere {
	0, 1
	scale<0.080000,0.200000,0.300000>
	matrix <0.285527, -0.549884, -0.784921,
		0.753088, 0.635280, -0.171104,
		0.592733, -0.542260, 0.595501,
		27.528067, 31.742018, 29.955904>
	pigment { color rgbt <0,1,1,0> }
	no_shadow
}
cylinder {
	<27.701010, 32.074146, 29.196495>,  <27.113153, 32.121601, 29.539053>, 0.130000
	pigment { color rgbt <1,0,0,0> }
	no_shadow
}

// nucleotide -1

// particle -1
sphere {
	<27.701010, 32.074146, 29.196495> 0.250000
	pigment { color rgbt <1,0,0,0> }
	no_shadow
}
cylinder {
	<27.718512, 31.755795, 29.438046>,  <27.729013, 31.564783, 29.582975>, 0.100000
	pigment { color rgbt <1,0,0,0> }
	no_shadow
}
cylinder {
	<27.718512, 31.755795, 29.438046>,  <27.701010, 32.074146, 29.196495>, 0.100000
	pigment { color rgbt <1,0,0,0> }
	no_shadow
}

// particle -1
sphere {
	<27.718512, 31.755795, 29.438046> 0.100000
	pigment { color rgbt <1,0,0,0> }
	no_shadow
}
sphere {
	0, 1
	scale<0.080000,0.200000,0.300000>
	matrix <0.500727, -0.505579, -0.702610,
		0.864498, 0.333119, 0.376397,
		0.043754, -0.795878, 0.603874,
		27.731638, 31.517031, 29.619207>
	pigment { color rgbt <0,1,1,0> }
	no_shadow
}
cylinder {
	<28.257105, 31.896620, 28.937571>,  <27.701010, 32.074146, 29.196495>, 0.130000
	pigment { color rgbt <1,0,0,0> }
	no_shadow
}

// nucleotide -1

// particle -1
sphere {
	<28.257105, 31.896620, 28.937571> 0.250000
	pigment { color rgbt <1,0,0,0> }
	no_shadow
}
cylinder {
	<28.201965, 31.603876, 29.204517>,  <28.168882, 31.428230, 29.364685>, 0.100000
	pigment { color rgbt <1,0,0,0> }
	no_shadow
}
cylinder {
	<28.201965, 31.603876, 29.204517>,  <28.257105, 31.896620, 28.937571>, 0.100000
	pigment { color rgbt <1,0,0,0> }
	no_shadow
}

// particle -1
sphere {
	<28.201965, 31.603876, 29.204517> 0.100000
	pigment { color rgbt <1,0,0,0> }
	no_shadow
}
sphere {
	0, 1
	scale<0.080000,0.200000,0.300000>
	matrix <0.508819, -0.630419, -0.586238,
		0.849766, 0.258757, 0.459286,
		-0.137849, -0.731858, 0.667369,
		28.160610, 31.384319, 29.404728>
	pigment { color rgbt <0,1,1,0> }
	no_shadow
}
cylinder {
	<28.962385, 31.591053, 29.287975>,  <28.257105, 31.896620, 28.937571>, 0.130000
	pigment { color rgbt <1,0,0,0> }
	no_shadow
}

// nucleotide -1

// particle -1
sphere {
	<28.962385, 31.591053, 29.287975> 0.250000
	pigment { color rgbt <1,0,0,0> }
	no_shadow
}
cylinder {
	<28.650055, 31.341671, 29.271887>,  <28.462658, 31.192041, 29.262234>, 0.100000
	pigment { color rgbt <1,0,0,0> }
	no_shadow
}
cylinder {
	<28.650055, 31.341671, 29.271887>,  <28.962385, 31.591053, 29.287975>, 0.100000
	pigment { color rgbt <1,0,0,0> }
	no_shadow
}

// particle -1
sphere {
	<28.650055, 31.341671, 29.271887> 0.100000
	pigment { color rgbt <1,0,0,0> }
	no_shadow
}
sphere {
	0, 1
	scale<0.080000,0.200000,0.300000>
	matrix <0.503711, -0.590153, -0.630869,
		0.369581, -0.512857, 0.774846,
		-0.780824, -0.623456, -0.040222,
		28.415808, 31.154634, 29.259821>
	pigment { color rgbt <0,1,1,0> }
	no_shadow
}
cylinder {
	<29.352930, 30.953953, 29.381828>,  <28.962385, 31.591053, 29.287975>, 0.130000
	pigment { color rgbt <1,0,0,0> }
	no_shadow
}

// nucleotide -1

// particle -1
sphere {
	<29.352930, 30.953953, 29.381828> 0.250000
	pigment { color rgbt <1,0,0,0> }
	no_shadow
}
cylinder {
	<29.003391, 30.874146, 29.204477>,  <28.793669, 30.826262, 29.098066>, 0.100000
	pigment { color rgbt <1,0,0,0> }
	no_shadow
}
cylinder {
	<29.003391, 30.874146, 29.204477>,  <29.352930, 30.953953, 29.381828>, 0.100000
	pigment { color rgbt <1,0,0,0> }
	no_shadow
}

// particle -1
sphere {
	<29.003391, 30.874146, 29.204477> 0.100000
	pigment { color rgbt <1,0,0,0> }
	no_shadow
}
sphere {
	0, 1
	scale<0.080000,0.200000,0.300000>
	matrix <0.408885, -0.794983, -0.448123,
		-0.263070, -0.572882, 0.776273,
		-0.873846, -0.199518, -0.443379,
		28.741238, 30.814289, 29.071463>
	pigment { color rgbt <0,1,1,0> }
	no_shadow
}
cylinder {
	<29.281002, 30.220425, 29.445244>,  <29.352930, 30.953953, 29.381828>, 0.130000
	pigment { color rgbt <1,0,0,0> }
	no_shadow
}

// nucleotide -1

// particle -1
sphere {
	<29.281002, 30.220425, 29.445244> 0.250000
	pigment { color rgbt <1,0,0,0> }
	no_shadow
}
cylinder {
	<29.024984, 30.304585, 29.149656>,  <28.871374, 30.355080, 28.972303>, 0.100000
	pigment { color rgbt <1,0,0,0> }
	no_shadow
}
cylinder {
	<29.024984, 30.304585, 29.149656>,  <29.281002, 30.220425, 29.445244>, 0.100000
	pigment { color rgbt <1,0,0,0> }
	no_shadow
}

// particle -1
sphere {
	<29.024984, 30.304585, 29.149656> 0.100000
	pigment { color rgbt <1,0,0,0> }
	no_shadow
}
sphere {
	0, 1
	scale<0.080000,0.200000,0.300000>
	matrix <0.324528, -0.797744, -0.508218,
		-0.696436, -0.565099, 0.442313,
		-0.640046, 0.210398, -0.738968,
		28.832972, 30.367704, 28.927965>
	pigment { color rgbt <0,1,1,0> }
	no_shadow
}
cylinder {
	<29.022026, 29.567196, 29.335693>,  <29.281002, 30.220425, 29.445244>, 0.130000
	pigment { color rgbt <1,0,0,0> }
	no_shadow
}

// nucleotide -1

// particle -1
sphere {
	<29.022026, 29.567196, 29.335693> 0.250000
	pigment { color rgbt <1,0,0,0> }
	no_shadow
}
cylinder {
	<28.960230, 29.796881, 29.014093>,  <28.923151, 29.934692, 28.821135>, 0.100000
	pigment { color rgbt <1,0,0,0> }
	no_shadow
}
cylinder {
	<28.960230, 29.796881, 29.014093>,  <29.022026, 29.567196, 29.335693>, 0.100000
	pigment { color rgbt <1,0,0,0> }
	no_shadow
}

// particle -1
sphere {
	<28.960230, 29.796881, 29.014093> 0.100000
	pigment { color rgbt <1,0,0,0> }
	no_shadow
}
sphere {
	0, 1
	scale<0.080000,0.200000,0.300000>
	matrix <0.401176, -0.707203, -0.582170,
		-0.902879, -0.412486, -0.121103,
		-0.154493, 0.574212, -0.803998,
		28.913881, 29.969145, 28.772894>
	pigment { color rgbt <0,1,1,0> }
	no_shadow
}
cylinder {
	<28.726917, 29.006243, 28.730818>,  <29.022026, 29.567196, 29.335693>, 0.130000
	pigment { color rgbt <1,0,0,0> }
	no_shadow
}

// nucleotide -1

// particle -1
sphere {
	<28.726917, 29.006243, 28.730818> 0.250000
	pigment { color rgbt <1,0,0,0> }
	no_shadow
}
cylinder {
	<28.862602, 29.362833, 28.610676>,  <28.944014, 29.576786, 28.538591>, 0.100000
	pigment { color rgbt <1,0,0,0> }
	no_shadow
}
cylinder {
	<28.862602, 29.362833, 28.610676>,  <28.726917, 29.006243, 28.730818>, 0.100000
	pigment { color rgbt <1,0,0,0> }
	no_shadow
}

// particle -1
sphere {
	<28.862602, 29.362833, 28.610676> 0.100000
	pigment { color rgbt <1,0,0,0> }
	no_shadow
}
sphere {
	0, 1
	scale<0.080000,0.200000,0.300000>
	matrix <0.432276, -0.431292, -0.791912,
		-0.835508, 0.138789, -0.531662,
		0.339210, 0.891473, -0.300353,
		28.964365, 29.630276, 28.520571>
	pigment { color rgbt <0,1,1,0> }
	no_shadow
}
cylinder {
	<28.567081, 29.101816, 28.019684>,  <28.726917, 29.006243, 28.730818>, 0.130000
	pigment { color rgbt <1,0,0,0> }
	no_shadow
}

// nucleotide -1

// particle -1
sphere {
	<28.567081, 29.101816, 28.019684> 0.250000
	pigment { color rgbt <1,0,0,0> }
	no_shadow
}
cylinder {
	<28.878279, 29.335089, 28.113171>,  <29.064997, 29.475052, 28.169262>, 0.100000
	pigment { color rgbt <1,0,0,0> }
	no_shadow
}
cylinder {
	<28.878279, 29.335089, 28.113171>,  <28.567081, 29.101816, 28.019684>, 0.100000
	pigment { color rgbt <1,0,0,0> }
	no_shadow
}

// particle -1
sphere {
	<28.878279, 29.335089, 28.113171> 0.100000
	pigment { color rgbt <1,0,0,0> }
	no_shadow
}
sphere {
	0, 1
	scale<0.080000,0.200000,0.300000>
	matrix <0.437093, -0.235200, -0.868119,
		-0.451302, 0.777547, -0.437889,
		0.777995, 0.583182, 0.233715,
		29.111677, 29.510044, 28.183285>
	pigment { color rgbt <0,1,1,0> }
	no_shadow
}
cylinder {
	<28.678226, 29.410988, 27.387726>,  <28.567081, 29.101816, 28.019684>, 0.130000
	pigment { color rgbt <1,0,0,0> }
	no_shadow
}

// nucleotide -1

// particle -1
sphere {
	<28.678226, 29.410988, 27.387726> 0.250000
	pigment { color rgbt <1,0,0,0> }
	no_shadow
}
cylinder {
	<28.981710, 29.375463, 27.645864>,  <29.163801, 29.354149, 27.800749>, 0.100000
	pigment { color rgbt <1,0,0,0> }
	no_shadow
}
cylinder {
	<28.981710, 29.375463, 27.645864>,  <28.678226, 29.410988, 27.387726>, 0.100000
	pigment { color rgbt <1,0,0,0> }
	no_shadow
}

// particle -1
sphere {
	<28.981710, 29.375463, 27.645864> 0.100000
	pigment { color rgbt <1,0,0,0> }
	no_shadow
}
sphere {
	0, 1
	scale<0.080000,0.200000,0.300000>
	matrix <0.550605, -0.441997, -0.708148,
		0.348132, 0.892610, -0.286448,
		0.758709, -0.088809, 0.645348,
		29.209324, 29.348822, 27.839470>
	pigment { color rgbt <0,1,1,0> }
	no_shadow
}
cylinder {
	<29.332188, 29.668989, 27.092247>,  <28.678226, 29.410988, 27.387726>, 0.130000
	pigment { color rgbt <1,0,0,0> }
	no_shadow
}

// nucleotide -1

// particle -1
sphere {
	<29.332188, 29.668989, 27.092247> 0.250000
	pigment { color rgbt <1,0,0,0> }
	no_shadow
}
cylinder {
	<29.410921, 29.397364, 27.375126>,  <29.458160, 29.234388, 27.544853>, 0.100000
	pigment { color rgbt <1,0,0,0> }
	no_shadow
}
cylinder {
	<29.410921, 29.397364, 27.375126>,  <29.332188, 29.668989, 27.092247>, 0.100000
	pigment { color rgbt <1,0,0,0> }
	no_shadow
}

// particle -1
sphere {
	<29.410921, 29.397364, 27.375126> 0.100000
	pigment { color rgbt <1,0,0,0> }
	no_shadow
}
sphere {
	0, 1
	scale<0.080000,0.200000,0.300000>
	matrix <0.814612, -0.288116, -0.503385,
		0.545586, 0.675173, 0.496464,
		0.196833, -0.679066, 0.707196,
		29.469971, 29.193644, 27.587284>
	pigment { color rgbt <0,1,1,0> }
	no_shadow
}
cylinder {
	<30.026043, 29.736349, 27.221954>,  <29.332188, 29.668989, 27.092247>, 0.130000
	pigment { color rgbt <1,0,0,0> }
	no_shadow
}

// nucleotide -1

// particle -1
sphere {
	<30.026043, 29.736349, 27.221954> 0.250000
	pigment { color rgbt <1,0,0,0> }
	no_shadow
}
cylinder {
	<29.914625, 29.371712, 27.342890>,  <29.847775, 29.152929, 27.415451>, 0.100000
	pigment { color rgbt <1,0,0,0> }
	no_shadow
}
cylinder {
	<29.914625, 29.371712, 27.342890>,  <30.026043, 29.736349, 27.221954>, 0.100000
	pigment { color rgbt <1,0,0,0> }
	no_shadow
}

// particle -1
sphere {
	<29.914625, 29.371712, 27.342890> 0.100000
	pigment { color rgbt <1,0,0,0> }
	no_shadow
}
sphere {
	0, 1
	scale<0.080000,0.200000,0.300000>
	matrix <0.830073, -0.386849, -0.401656,
		0.483107, 0.139084, 0.864444,
		-0.278545, -0.911594, 0.302339,
		29.831062, 29.098234, 27.433592>
	pigment { color rgbt <0,1,1,0> }
	no_shadow
}
cylinder {
	<30.675207, 29.315912, 27.535620>,  <30.026043, 29.736349, 27.221954>, 0.130000
	pigment { color rgbt <1,0,0,0> }
	no_shadow
}

// nucleotide -1

// particle -1
sphere {
	<30.675207, 29.315912, 27.535620> 0.250000
	pigment { color rgbt <1,0,0,0> }
	no_shadow
}
cylinder {
	<30.408257, 29.036678, 27.431862>,  <30.248087, 28.869137, 27.369606>, 0.100000
	pigment { color rgbt <1,0,0,0> }
	no_shadow
}
cylinder {
	<30.408257, 29.036678, 27.431862>,  <30.675207, 29.315912, 27.535620>, 0.100000
	pigment { color rgbt <1,0,0,0> }
	no_shadow
}

// particle -1
sphere {
	<30.408257, 29.036678, 27.431862> 0.100000
	pigment { color rgbt <1,0,0,0> }
	no_shadow
}
sphere {
	0, 1
	scale<0.080000,0.200000,0.300000>
	matrix <0.744072, -0.610480, -0.271425,
		0.031122, -0.374151, 0.926846,
		-0.667374, -0.698087, -0.259396,
		30.208044, 28.827251, 27.354044>
	pigment { color rgbt <0,1,1,0> }
	no_shadow
}
cylinder {
	<30.965090, 28.677223, 27.714561>,  <30.675207, 29.315912, 27.535620>, 0.130000
	pigment { color rgbt <1,0,0,0> }
	no_shadow
}

// nucleotide -1

// particle -1
sphere {
	<30.965090, 28.677223, 27.714561> 0.250000
	pigment { color rgbt <1,0,0,0> }
	no_shadow
}
cylinder {
	<30.665541, 28.578182, 27.468674>,  <30.485811, 28.518757, 27.321140>, 0.100000
	pigment { color rgbt <1,0,0,0> }
	no_shadow
}
cylinder {
	<30.665541, 28.578182, 27.468674>,  <30.965090, 28.677223, 27.714561>, 0.100000
	pigment { color rgbt <1,0,0,0> }
	no_shadow
}

// particle -1
sphere {
	<30.665541, 28.578182, 27.468674> 0.100000
	pigment { color rgbt <1,0,0,0> }
	no_shadow
}
sphere {
	0, 1
	scale<0.080000,0.200000,0.300000>
	matrix <0.552292, -0.745848, -0.372402,
		-0.366279, -0.618387, 0.695297,
		-0.748874, -0.247605, -0.614719,
		30.440878, 28.503901, 27.284258>
	pigment { color rgbt <0,1,1,0> }
	no_shadow
}
cylinder {
	<31.318026, 28.159901, 27.556520>,  <30.965090, 28.677223, 27.714561>, 0.130000
	pigment { color rgbt <1,0,0,0> }
	no_shadow
}

// nucleotide -1

// particle -1
sphere {
	<31.318026, 28.159901, 27.556520> 0.250000
	pigment { color rgbt <1,0,0,0> }
	no_shadow
}
cylinder {
	<31.557085, 27.839239, 27.561741>,  <31.700520, 27.646843, 27.564873>, 0.100000
	pigment { color rgbt <1,0,0,0> }
	no_shadow
}
cylinder {
	<31.557085, 27.839239, 27.561741>,  <31.318026, 28.159901, 27.556520>, 0.100000
	pigment { color rgbt <1,0,0,0> }
	no_shadow
}

// particle -1
sphere {
	<31.557085, 27.839239, 27.561741> 0.100000
	pigment { color rgbt <1,0,0,0> }
	no_shadow
}
sphere {
	0, 1
	scale<0.080000,0.200000,0.300000>
	matrix <0.149158, 0.127164, 0.980602,
		-0.787762, -0.584108, 0.195572,
		0.597647, -0.801653, 0.013051,
		31.736380, 27.598743, 27.565657>
	pigment { color rgbt <0,1,1,0> }
	no_shadow
}
cylinder {
	<31.130344, 27.611586, 28.132599>,  <31.318026, 28.159901, 27.556520>, 0.130000
	pigment { color rgbt <1,0,0,0> }
	no_shadow
}

// nucleotide -1

// particle -1
sphere {
	<31.130344, 27.611586, 28.132599> 0.250000
	pigment { color rgbt <1,0,0,0> }
	no_shadow
}
cylinder {
	<31.519222, 27.665703, 28.056147>,  <31.752550, 27.698174, 28.010275>, 0.100000
	pigment { color rgbt <1,0,0,0> }
	no_shadow
}
cylinder {
	<31.519222, 27.665703, 28.056147>,  <31.130344, 27.611586, 28.132599>, 0.100000
	pigment { color rgbt <1,0,0,0> }
	no_shadow
}

// particle -1
sphere {
	<31.519222, 27.665703, 28.056147> 0.100000
	pigment { color rgbt <1,0,0,0> }
	no_shadow
}
sphere {
	0, 1
	scale<0.080000,0.200000,0.300000>
	matrix <0.152879, 0.251550, 0.955694,
		0.177375, -0.958342, 0.223873,
		0.972197, 0.135291, -0.191129,
		31.810881, 27.706291, 27.998808>
	pigment { color rgbt <0,1,1,0> }
	no_shadow
}
cylinder {
	<31.675642, 27.182331, 28.635168>,  <31.130344, 27.611586, 28.132599>, 0.130000
	pigment { color rgbt <1,0,0,0> }
	no_shadow
}

// nucleotide -1

// particle -1
sphere {
	<31.675642, 27.182331, 28.635168> 0.250000
	pigment { color rgbt <1,0,0,0> }
	no_shadow
}
cylinder {
	<31.797638, 27.531866, 28.483702>,  <31.870836, 27.741587, 28.392822>, 0.100000
	pigment { color rgbt <1,0,0,0> }
	no_shadow
}
cylinder {
	<31.797638, 27.531866, 28.483702>,  <31.675642, 27.182331, 28.635168>, 0.100000
	pigment { color rgbt <1,0,0,0> }
	no_shadow
}

// particle -1
sphere {
	<31.797638, 27.531866, 28.483702> 0.100000
	pigment { color rgbt <1,0,0,0> }
	no_shadow
}
sphere {
	0, 1
	scale<0.080000,0.200000,0.300000>
	matrix <-0.016809, 0.402488, 0.915271,
		0.952207, -0.272785, 0.137444,
		0.304992, 0.873837, -0.378666,
		31.889135, 27.794018, 28.370102>
	pigment { color rgbt <0,1,1,0> }
	no_shadow
}
cylinder {
	<32.268490, 27.398582, 29.094036>,  <31.675642, 27.182331, 28.635168>, 0.130000
	pigment { color rgbt <1,0,0,0> }
	no_shadow
}

// nucleotide -1

// particle -1
sphere {
	<32.268490, 27.398582, 29.094036> 0.250000
	pigment { color rgbt <1,0,0,0> }
	no_shadow
}
cylinder {
	<32.088703, 27.710630, 28.919960>,  <31.980831, 27.897860, 28.815514>, 0.100000
	pigment { color rgbt <1,0,0,0> }
	no_shadow
}
cylinder {
	<32.088703, 27.710630, 28.919960>,  <32.268490, 27.398582, 29.094036>, 0.100000
	pigment { color rgbt <1,0,0,0> }
	no_shadow
}

// particle -1
sphere {
	<32.088703, 27.710630, 28.919960> 0.100000
	pigment { color rgbt <1,0,0,0> }
	no_shadow
}
sphere {
	0, 1
	scale<0.080000,0.200000,0.300000>
	matrix <-0.069721, 0.455050, 0.887732,
		0.890572, 0.429348, -0.150140,
		-0.449467, 0.780121, -0.435190,
		31.953863, 27.944666, 28.789404>
	pigment { color rgbt <0,1,1,0> }
	no_shadow
}
cylinder {
	<32.570126, 27.950203, 29.341888>,  <32.268490, 27.398582, 29.094036>, 0.130000
	pigment { color rgbt <1,0,0,0> }
	no_shadow
}

// nucleotide -1

// particle -1
sphere {
	<32.570126, 27.950203, 29.341888> 0.250000
	pigment { color rgbt <1,0,0,0> }
	no_shadow
}
cylinder {
	<32.218750, 28.087320, 29.208719>,  <32.007923, 28.169590, 29.128817>, 0.100000
	pigment { color rgbt <1,0,0,0> }
	no_shadow
}
cylinder {
	<32.218750, 28.087320, 29.208719>,  <32.570126, 27.950203, 29.341888>, 0.100000
	pigment { color rgbt <1,0,0,0> }
	no_shadow
}

// particle -1
sphere {
	<32.218750, 28.087320, 29.208719> 0.100000
	pigment { color rgbt <1,0,0,0> }
	no_shadow
}
sphere {
	0, 1
	scale<0.080000,0.200000,0.300000>
	matrix <-0.160349, 0.444857, 0.881130,
		0.450149, 0.827403, -0.335813,
		-0.878439, 0.342793, -0.332925,
		31.955219, 28.190159, 29.108841>
	pigment { color rgbt <0,1,1,0> }
	no_shadow
}
cylinder {
	<32.550583, 28.591566, 29.565237>,  <32.570126, 27.950203, 29.341888>, 0.130000
	pigment { color rgbt <1,0,0,0> }
	no_shadow
}

// nucleotide -1

// particle -1
sphere {
	<32.550583, 28.591566, 29.565237> 0.250000
	pigment { color rgbt <1,0,0,0> }
	no_shadow
}
cylinder {
	<32.172379, 28.513615, 29.460907>,  <31.945456, 28.466845, 29.398308>, 0.100000
	pigment { color rgbt <1,0,0,0> }
	no_shadow
}
cylinder {
	<32.172379, 28.513615, 29.460907>,  <32.550583, 28.591566, 29.565237>, 0.100000
	pigment { color rgbt <1,0,0,0> }
	no_shadow
}

// particle -1
sphere {
	<32.172379, 28.513615, 29.460907> 0.100000
	pigment { color rgbt <1,0,0,0> }
	no_shadow
}
sphere {
	0, 1
	scale<0.080000,0.200000,0.300000>
	matrix <-0.324949, 0.614944, 0.718507,
		0.020373, 0.764112, -0.644762,
		-0.945512, -0.194877, -0.260826,
		31.888725, 28.455153, 29.382660>
	pigment { color rgbt <0,1,1,0> }
	no_shadow
}
cylinder {
	<32.168365, 29.208546, 29.413282>,  <32.550583, 28.591566, 29.565237>, 0.130000
	pigment { color rgbt <1,0,0,0> }
	no_shadow
}

// nucleotide -1

// particle -1
sphere {
	<32.168365, 29.208546, 29.413282> 0.250000
	pigment { color rgbt <1,0,0,0> }
	no_shadow
}
cylinder {
	<31.875443, 28.954876, 29.512512>,  <31.699688, 28.802673, 29.572050>, 0.100000
	pigment { color rgbt <1,0,0,0> }
	no_shadow
}
cylinder {
	<31.875443, 28.954876, 29.512512>,  <32.168365, 29.208546, 29.413282>, 0.100000
	pigment { color rgbt <1,0,0,0> }
	no_shadow
}

// particle -1
sphere {
	<31.875443, 28.954876, 29.512512> 0.100000
	pigment { color rgbt <1,0,0,0> }
	no_shadow
}
sphere {
	0, 1
	scale<0.080000,0.200000,0.300000>
	matrix <-0.384451, 0.685712, 0.618059,
		-0.562067, 0.357238, -0.745964,
		-0.732310, -0.634177, 0.248075,
		31.655750, 28.764624, 29.586935>
	pigment { color rgbt <0,1,1,0> }
	no_shadow
}
cylinder {
	<31.640715, 29.615295, 29.525208>,  <32.168365, 29.208546, 29.413282>, 0.130000
	pigment { color rgbt <1,0,0,0> }
	no_shadow
}

// nucleotide -1

// particle -1
sphere {
	<31.640715, 29.615295, 29.525208> 0.250000
	pigment { color rgbt <1,0,0,0> }
	no_shadow
}
cylinder {
	<31.504726, 29.301628, 29.732861>,  <31.423134, 29.113428, 29.857452>, 0.100000
	pigment { color rgbt <1,0,0,0> }
	no_shadow
}
cylinder {
	<31.504726, 29.301628, 29.732861>,  <31.640715, 29.615295, 29.525208>, 0.100000
	pigment { color rgbt <1,0,0,0> }
	no_shadow
}

// particle -1
sphere {
	<31.504726, 29.301628, 29.732861> 0.100000
	pigment { color rgbt <1,0,0,0> }
	no_shadow
}
sphere {
	0, 1
	scale<0.080000,0.200000,0.300000>
	matrix <-0.512249, 0.617346, 0.597063,
		-0.788682, -0.062939, -0.611572,
		-0.339973, -0.784170, 0.519130,
		31.402735, 29.066378, 29.888599>
	pigment { color rgbt <0,1,1,0> }
	no_shadow
}
cylinder {
	<30.896498, 29.721870, 29.653652>,  <31.640715, 29.615295, 29.525208>, 0.130000
	pigment { color rgbt <1,0,0,0> }
	no_shadow
}

// nucleotide -1

// particle -1
sphere {
	<30.896498, 29.721870, 29.653652> 0.250000
	pigment { color rgbt <1,0,0,0> }
	no_shadow
}
cylinder {
	<30.996294, 29.426088, 29.903759>,  <31.056171, 29.248619, 30.053823>, 0.100000
	pigment { color rgbt <1,0,0,0> }
	no_shadow
}
cylinder {
	<30.996294, 29.426088, 29.903759>,  <30.896498, 29.721870, 29.653652>, 0.100000
	pigment { color rgbt <1,0,0,0> }
	no_shadow
}

// particle -1
sphere {
	<30.996294, 29.426088, 29.903759> 0.100000
	pigment { color rgbt <1,0,0,0> }
	no_shadow
}
sphere {
	0, 1
	scale<0.080000,0.200000,0.300000>
	matrix <-0.604782, 0.385300, 0.696981,
		-0.756303, -0.552039, -0.351082,
		0.249489, -0.739457, 0.625267,
		31.071140, 29.204250, 30.091339>
	pigment { color rgbt <0,1,1,0> }
	no_shadow
}
cylinder {
	<30.333462, 29.478195, 29.934420>,  <30.896498, 29.721870, 29.653652>, 0.130000
	pigment { color rgbt <1,0,0,0> }
	no_shadow
}

// nucleotide -1

// particle -1
sphere {
	<30.333462, 29.478195, 29.934420> 0.250000
	pigment { color rgbt <1,0,0,0> }
	no_shadow
}
cylinder {
	<30.598478, 29.376398, 30.216208>,  <30.757488, 29.315321, 30.385281>, 0.100000
	pigment { color rgbt <1,0,0,0> }
	no_shadow
}
cylinder {
	<30.598478, 29.376398, 30.216208>,  <30.333462, 29.478195, 29.934420>, 0.100000
	pigment { color rgbt <1,0,0,0> }
	no_shadow
}

// particle -1
sphere {
	<30.598478, 29.376398, 30.216208> 0.100000
	pigment { color rgbt <1,0,0,0> }
	no_shadow
}
sphere {
	0, 1
	scale<0.080000,0.200000,0.300000>
	matrix <-0.621367, 0.338449, 0.706651,
		-0.418263, -0.905917, 0.066103,
		0.662540, -0.254492, 0.704468,
		30.797241, 29.300051, 30.427547>
	pigment { color rgbt <0,1,1,0> }
	no_shadow
}
cylinder {
	<29.941395, 29.116714, 30.489153>,  <30.333462, 29.478195, 29.934420>, 0.130000
	pigment { color rgbt <1,0,0,0> }
	no_shadow
}

// nucleotide -1

// particle -1
sphere {
	<29.941395, 29.116714, 30.489153> 0.250000
	pigment { color rgbt <1,0,0,0> }
	no_shadow
}
cylinder {
	<30.282913, 29.264498, 30.635868>,  <30.487823, 29.353168, 30.723898>, 0.100000
	pigment { color rgbt <1,0,0,0> }
	no_shadow
}
cylinder {
	<30.282913, 29.264498, 30.635868>,  <29.941395, 29.116714, 30.489153>, 0.100000
	pigment { color rgbt <1,0,0,0> }
	no_shadow
}

// particle -1
sphere {
	<30.282913, 29.264498, 30.635868> 0.100000
	pigment { color rgbt <1,0,0,0> }
	no_shadow
}
sphere {
	0, 1
	scale<0.080000,0.200000,0.300000>
