// switches for output
#declare DRAW_BASES = 1; // possible values are 0, 1; only relevant for DNA ribbons
#declare DRAW_BASES_TYPE = 3; // possible values are 1, 2, 3; only relevant for DNA ribbons
#declare DRAW_FOG = 0; // set to 1 to enable fog

#include "colors.inc"

#include "transforms.inc"
background { rgb <1, 1, 1>}

#default {
   normal{
       ripples 0.25
       frequency 0.20
       turbulence 0.2
       lambda 5
   }
	finish {
		phong 0.1
		phong_size 40.
	}
}

// original window dimensions: 1024x640


// camera settings

camera {
	sky <0, 0.179814, -0.983701>
	up <0, 0.179814, -0.983701>
	right 1.6 * <1, 0, 0>
	location <35, 94.9851, 44.8844>
	look_at <35, 29.7336, 32.9568>
	direction <0, -65.2515, -11.9276>
	angle 67.0682
}


# declare cpy_camera_pos = <35, 94.9851, 44.8844>;
# if (DRAW_FOG = 1)
fog {
	fog_type 2
	up vnormalize(cpy_camera_pos)
	color rgbt<1,1,1,0.3>
	distance 1e-5
	fog_alt 3e-3
	fog_offset 56
}
# end


// LIGHTS

# declare lum = 6;
global_settings {
	ambient_light rgb lum * <0.05, 0.05, 0.05>
	max_trace_level 15
}# declare cpy_direct_light_amount = 0.25;
light_source
{	1000 * <-1, -1.16352, -0.803886>,
	rgb lum * cpy_direct_light_amount
	parallel
}

light_source
{	1000 * <1, 1.16352, 0.803886>,
	rgb lum * cpy_direct_light_amount
	parallel
}

// strand 0

// nucleotide -1

// particle -1
sphere {
	<24.000153, 34.918461, 35.013283> 0.250000
	pigment { color rgbt <1,0,0,0> }
	no_shadow
}
cylinder {
	<24.362757, 35.007908, 35.156521>,  <24.580320, 35.061577, 35.242462>, 0.100000
	pigment { color rgbt <1,0,0,0> }
	no_shadow
}
cylinder {
	<24.362757, 35.007908, 35.156521>,  <24.000153, 34.918461, 35.013283>, 0.100000
	pigment { color rgbt <1,0,0,0> }
	no_shadow
}

// particle -1
sphere {
	<24.362757, 35.007908, 35.156521> 0.100000
	pigment { color rgbt <1,0,0,0> }
	no_shadow
}
sphere {
	0, 1
	scale<0.080000,0.200000,0.300000>
	matrix <0.396444, -0.159276, -0.904137,
		-0.145147, 0.961575, -0.233038,
		0.906512, 0.223619, 0.358092,
		24.634710, 35.074993, 35.263947>
	pigment { color rgbt <0,1,1,0> }
	no_shadow
}
cylinder {
	<24.330652, 35.378029, 34.539009>,  <24.000153, 34.918461, 35.013283>, 0.130000
	pigment { color rgbt <1,0,0,0> }
	no_shadow
}

// nucleotide -1

// particle -1
sphere {
	<24.330652, 35.378029, 34.539009> 0.250000
	pigment { color rgbt <1,0,0,0> }
	no_shadow
}
cylinder {
	<24.569611, 35.143295, 34.757641>,  <24.712986, 35.002457, 34.888821>, 0.100000
	pigment { color rgbt <1,0,0,0> }
	no_shadow
}
cylinder {
	<24.569611, 35.143295, 34.757641>,  <24.330652, 35.378029, 34.539009>, 0.100000
	pigment { color rgbt <1,0,0,0> }
	no_shadow
}

// particle -1
sphere {
	<24.569611, 35.143295, 34.757641> 0.100000
	pigment { color rgbt <1,0,0,0> }
	no_shadow
}
sphere {
	0, 1
	scale<0.080000,0.200000,0.300000>
	matrix <0.411035, -0.361168, -0.837023,
		0.688598, 0.724696, 0.025448,
		0.597397, -0.586833, 0.546575,
		24.748829, 34.967247, 34.921612>
	pigment { color rgbt <0,1,1,0> }
	no_shadow
}
cylinder {
	<25.133490, 35.514126, 34.558815>,  <24.330652, 35.378029, 34.539009>, 0.130000
	pigment { color rgbt <1,0,0,0> }
	no_shadow
}

// nucleotide -1

// particle -1
sphere {
	<25.133490, 35.514126, 34.558815> 0.250000
	pigment { color rgbt <1,0,0,0> }
	no_shadow
}
cylinder {
	<25.020971, 35.130432, 34.569687>,  <24.953461, 34.900215, 34.576210>, 0.100000
	pigment { color rgbt <1,0,0,0> }
	no_shadow
}
cylinder {
	<25.020971, 35.130432, 34.569687>,  <25.133490, 35.514126, 34.558815>, 0.100000
	pigment { color rgbt <1,0,0,0> }
	no_shadow
}

// particle -1
sphere {
	<25.020971, 35.130432, 34.569687> 0.100000
	pigment { color rgbt <1,0,0,0> }
	no_shadow
}
sphere {
	0, 1
	scale<0.080000,0.200000,0.300000>
	matrix <0.465346, -0.161124, -0.870340,
		0.839241, -0.232175, 0.491700,
		-0.281296, -0.959236, 0.027180,
		24.936583, 34.842663, 34.577839>
	pigment { color rgbt <0,1,1,0> }
	no_shadow
}
cylinder {
	<25.735588, 34.963833, 34.436352>,  <25.133490, 35.514126, 34.558815>, 0.130000
	pigment { color rgbt <1,0,0,0> }
	no_shadow
}

// nucleotide -1

// particle -1
sphere {
	<25.735588, 34.963833, 34.436352> 0.250000
	pigment { color rgbt <1,0,0,0> }
	no_shadow
}
cylinder {
	<25.380163, 34.853653, 34.289608>,  <25.166908, 34.787544, 34.201561>, 0.100000
	pigment { color rgbt <1,0,0,0> }
	no_shadow
}
cylinder {
	<25.380163, 34.853653, 34.289608>,  <25.735588, 34.963833, 34.436352>, 0.100000
	pigment { color rgbt <1,0,0,0> }
	no_shadow
}

// particle -1
sphere {
	<25.380163, 34.853653, 34.289608> 0.100000
	pigment { color rgbt <1,0,0,0> }
	no_shadow
}
sphere {
	0, 1
	scale<0.080000,0.200000,0.300000>
	matrix <0.421939, -0.176789, -0.889221,
		0.180075, -0.944921, 0.273309,
		-0.888561, -0.275446, -0.366864,
		25.113594, 34.771019, 34.179550>
	pigment { color rgbt <0,1,1,0> }
	no_shadow
}
cylinder {
	<25.731134, 34.198452, 34.277260>,  <25.735588, 34.963833, 34.436352>, 0.130000
	pigment { color rgbt <1,0,0,0> }
	no_shadow
}

// nucleotide -1

// particle -1
sphere {
	<25.731134, 34.198452, 34.277260> 0.250000
	pigment { color rgbt <1,0,0,0> }
	no_shadow
}
cylinder {
	<25.462223, 34.364243, 34.031902>,  <25.300877, 34.463718, 33.884689>, 0.100000
	pigment { color rgbt <1,0,0,0> }
	no_shadow
}
cylinder {
	<25.462223, 34.364243, 34.031902>,  <25.731134, 34.198452, 34.277260>, 0.100000
	pigment { color rgbt <1,0,0,0> }
	no_shadow
}

// particle -1
sphere {
	<25.462223, 34.364243, 34.031902> 0.100000
	pigment { color rgbt <1,0,0,0> }
	no_shadow
}
sphere {
	0, 1
	scale<0.080000,0.200000,0.300000>
	matrix <0.603072, -0.173926, -0.778495,
		-0.429355, -0.893284, -0.133034,
		-0.672279, 0.414479, -0.613391,
		25.260540, 34.488586, 33.847885>
	pigment { color rgbt <0,1,1,0> }
	no_shadow
}
cylinder {
	<25.626041, 33.707455, 33.706425>,  <25.731134, 34.198452, 34.277260>, 0.130000
	pigment { color rgbt <1,0,0,0> }
	no_shadow
}

// nucleotide -1

// particle -1
sphere {
	<25.626041, 33.707455, 33.706425> 0.250000
	pigment { color rgbt <1,0,0,0> }
	no_shadow
}
cylinder {
	<25.519499, 34.069065, 33.572681>,  <25.455574, 34.286030, 33.492435>, 0.100000
	pigment { color rgbt <1,0,0,0> }
	no_shadow
}
cylinder {
	<25.519499, 34.069065, 33.572681>,  <25.626041, 33.707455, 33.706425>, 0.100000
	pigment { color rgbt <1,0,0,0> }
	no_shadow
}

// particle -1
sphere {
	<25.519499, 34.069065, 33.572681> 0.100000
	pigment { color rgbt <1,0,0,0> }
	no_shadow
}
sphere {
	0, 1
	scale<0.080000,0.200000,0.300000>
	matrix <0.457064, -0.186952, -0.869564,
		-0.848615, -0.384438, -0.363400,
		-0.266355, 0.904022, -0.334363,
		25.439592, 34.340271, 33.472374>
	pigment { color rgbt <0,1,1,0> }
	no_shadow
}
cylinder {
	<25.276020, 33.635521, 32.955524>,  <25.626041, 33.707455, 33.706425>, 0.130000
	pigment { color rgbt <1,0,0,0> }
	no_shadow
}

// nucleotide -1

// particle -1
sphere {
	<25.276020, 33.635521, 32.955524> 0.250000
	pigment { color rgbt <1,0,0,0> }
	no_shadow
}
cylinder {
	<25.454855, 33.987980, 33.017086>,  <25.562155, 34.199455, 33.054024>, 0.100000
	pigment { color rgbt <1,0,0,0> }
	no_shadow
}
cylinder {
	<25.454855, 33.987980, 33.017086>,  <25.276020, 33.635521, 32.955524>, 0.100000
	pigment { color rgbt <1,0,0,0> }
	no_shadow
}

// particle -1
sphere {
	<25.454855, 33.987980, 33.017086> 0.100000
	pigment { color rgbt <1,0,0,0> }
	no_shadow
}
sphere {
	0, 1
	scale<0.080000,0.200000,0.300000>
	matrix <0.495332, -0.100615, -0.862858,
		-0.744823, 0.462006, -0.481445,
		0.447086, 0.881151, 0.153906,
		25.588982, 34.252327, 33.063259>
	pigment { color rgbt <0,1,1,0> }
	no_shadow
}
cylinder {
	<25.270596, 34.062958, 32.337379>,  <25.276020, 33.635521, 32.955524>, 0.130000
	pigment { color rgbt <1,0,0,0> }
	no_shadow
}

// nucleotide -1

// particle -1
sphere {
	<25.270596, 34.062958, 32.337379> 0.250000
	pigment { color rgbt <1,0,0,0> }
	no_shadow
}
cylinder {
	<25.587967, 34.184036, 32.548603>,  <25.778389, 34.256683, 32.675339>, 0.100000
	pigment { color rgbt <1,0,0,0> }
	no_shadow
}
cylinder {
	<25.587967, 34.184036, 32.548603>,  <25.270596, 34.062958, 32.337379>, 0.100000
	pigment { color rgbt <1,0,0,0> }
	no_shadow
}

// particle -1
sphere {
	<25.587967, 34.184036, 32.548603> 0.100000
	pigment { color rgbt <1,0,0,0> }
	no_shadow
}
sphere {
	0, 1
	scale<0.080000,0.200000,0.300000>
	matrix <0.503054, 0.162290, -0.848881,
		-0.342648, 0.939170, -0.023506,
		0.793428, 0.302692, 0.528062,
		25.825994, 34.274845, 32.707020>
	pigment { color rgbt <0,1,1,0> }
	no_shadow
}
cylinder {
	<25.522310, 34.635696, 32.014290>,  <25.270596, 34.062958, 32.337379>, 0.130000
	pigment { color rgbt <1,0,0,0> }
	no_shadow
}

// nucleotide -1

// particle -1
sphere {
	<25.522310, 34.635696, 32.014290> 0.250000
	pigment { color rgbt <1,0,0,0> }
	no_shadow
}
cylinder {
	<25.827374, 34.522160, 32.246769>,  <26.010412, 34.454037, 32.386257>, 0.100000
	pigment { color rgbt <1,0,0,0> }
	no_shadow
}
cylinder {
	<25.827374, 34.522160, 32.246769>,  <25.522310, 34.635696, 32.014290>, 0.100000
	pigment { color rgbt <1,0,0,0> }
	no_shadow
}

// particle -1
sphere {
	<25.827374, 34.522160, 32.246769> 0.100000
	pigment { color rgbt <1,0,0,0> }
	no_shadow
}
sphere {
	0, 1
	scale<0.080000,0.200000,0.300000>
	matrix <0.638474, 0.186637, -0.746671,
		0.103465, 0.940532, 0.323566,
		0.762657, -0.283843, 0.581194,
		26.056171, 34.437008, 32.421127>
	pigment { color rgbt <0,1,1,0> }
	no_shadow
}
cylinder {
	<26.073313, 34.962887, 31.792364>,  <25.522310, 34.635696, 32.014290>, 0.130000
	pigment { color rgbt <1,0,0,0> }
	no_shadow
}

// nucleotide -1

// particle -1
sphere {
	<26.073313, 34.962887, 31.792364> 0.250000
	pigment { color rgbt <1,0,0,0> }
	no_shadow
}
cylinder {
	<26.258724, 34.657833, 31.972818>,  <26.369972, 34.474800, 32.081089>, 0.100000
	pigment { color rgbt <1,0,0,0> }
	no_shadow
}
cylinder {
	<26.258724, 34.657833, 31.972818>,  <26.073313, 34.962887, 31.792364>, 0.100000
	pigment { color rgbt <1,0,0,0> }
	no_shadow
}

// particle -1
sphere {
	<26.258724, 34.657833, 31.972818> 0.100000
	pigment { color rgbt <1,0,0,0> }
	no_shadow
}
sphere {
	0, 1
	scale<0.080000,0.200000,0.300000>
	matrix <0.585046, -0.118964, -0.802227,
		0.665478, 0.635791, 0.391035,
		0.463530, -0.762639, 0.451135,
		26.397783, 34.429043, 32.108158>
	pigment { color rgbt <0,1,1,0> }
	no_shadow
}
cylinder {
	<26.747755, 34.996437, 31.625177>,  <26.073313, 34.962887, 31.792364>, 0.130000
	pigment { color rgbt <1,0,0,0> }
	no_shadow
}

// nucleotide -1

// particle -1
sphere {
	<26.747755, 34.996437, 31.625177> 0.250000
	pigment { color rgbt <1,0,0,0> }
	no_shadow
}
cylinder {
	<26.690561, 34.615845, 31.734159>,  <26.656244, 34.387489, 31.799549>, 0.100000
	pigment { color rgbt <1,0,0,0> }
	no_shadow
}
cylinder {
	<26.690561, 34.615845, 31.734159>,  <26.747755, 34.996437, 31.625177>, 0.100000
	pigment { color rgbt <1,0,0,0> }
	no_shadow
}

// particle -1
sphere {
	<26.690561, 34.615845, 31.734159> 0.100000
	pigment { color rgbt <1,0,0,0> }
	no_shadow
}
sphere {
	0, 1
	scale<0.080000,0.200000,0.300000>
	matrix <0.482182, -0.307373, -0.820379,
		0.864324, 0.014071, 0.502739,
		-0.142985, -0.951485, 0.272455,
		26.647665, 34.330399, 31.815895>
	pigment { color rgbt <0,1,1,0> }
	no_shadow
}
cylinder {
	<27.325796, 34.667206, 31.428423>,  <26.747755, 34.996437, 31.625177>, 0.130000
	pigment { color rgbt <1,0,0,0> }
	no_shadow
}

// nucleotide -1

// particle -1
sphere {
	<27.325796, 34.667206, 31.428423> 0.250000
	pigment { color rgbt <1,0,0,0> }
	no_shadow
}
cylinder {
	<27.067074, 34.363529, 31.457485>,  <26.911840, 34.181324, 31.474922>, 0.100000
	pigment { color rgbt <1,0,0,0> }
	no_shadow
}
cylinder {
	<27.067074, 34.363529, 31.457485>,  <27.325796, 34.667206, 31.428423>, 0.100000
	pigment { color rgbt <1,0,0,0> }
	no_shadow
}

// particle -1
sphere {
	<27.067074, 34.363529, 31.457485> 0.100000
	pigment { color rgbt <1,0,0,0> }
	no_shadow
}
sphere {
	0, 1
	scale<0.080000,0.200000,0.300000>
	matrix <0.428458, -0.440532, -0.788895,
		0.630927, -0.479130, 0.610218,
		-0.646803, -0.759188, 0.072656,
		26.873034, 34.135773, 31.479282>
	pigment { color rgbt <0,1,1,0> }
	no_shadow
}
cylinder {
	<27.821854, 34.014027, 31.402554>,  <27.325796, 34.667206, 31.428423>, 0.130000
	pigment { color rgbt <1,0,0,0> }
	no_shadow
}

// nucleotide -1

// particle -1
sphere {
	<27.821854, 34.014027, 31.402554> 0.250000
	pigment { color rgbt <1,0,0,0> }
	no_shadow
}
cylinder {
	<27.454964, 33.890717, 31.301624>,  <27.234831, 33.816730, 31.241068>, 0.100000
	pigment { color rgbt <1,0,0,0> }
	no_shadow
}
cylinder {
	<27.454964, 33.890717, 31.301624>,  <27.821854, 34.014027, 31.402554>, 0.100000
	pigment { color rgbt <1,0,0,0> }
	no_shadow
}

// particle -1
sphere {
	<27.454964, 33.890717, 31.301624> 0.100000
	pigment { color rgbt <1,0,0,0> }
	no_shadow
}
sphere {
	0, 1
	scale<0.080000,0.200000,0.300000>
	matrix <0.378284, -0.475393, -0.794294,
		0.124911, -0.823994, 0.552658,
		-0.917224, -0.308278, -0.252322,
		27.179796, 33.798233, 31.225927>
	pigment { color rgbt <0,1,1,0> }
	no_shadow
}
cylinder {
	<27.849264, 33.190578, 31.408333>,  <27.821854, 34.014027, 31.402554>, 0.130000
	pigment { color rgbt <1,0,0,0> }
	no_shadow
}

// nucleotide -1

// particle -1
sphere {
	<27.849264, 33.190578, 31.408333> 0.250000
	pigment { color rgbt <1,0,0,0> }
	no_shadow
}
cylinder {
	<27.523500, 33.294273, 31.200666>,  <27.328041, 33.356491, 31.076067>, 0.100000
	pigment { color rgbt <1,0,0,0> }
	no_shadow
}
cylinder {
	<27.523500, 33.294273, 31.200666>,  <27.849264, 33.190578, 31.408333>, 0.100000
	pigment { color rgbt <1,0,0,0> }
	no_shadow
}

// particle -1
sphere {
	<27.523500, 33.294273, 31.200666> 0.100000
	pigment { color rgbt <1,0,0,0> }
	no_shadow
}
sphere {
	0, 1
	scale<0.080000,0.200000,0.300000>
	matrix <0.232585, -0.673831, -0.701325,
		-0.531636, -0.691917, 0.488481,
		-0.814412, 0.259236, -0.519162,
		27.279177, 33.372044, 31.044918>
	pigment { color rgbt <0,1,1,0> }
	no_shadow
}
cylinder {
	<27.412991, 32.482635, 31.227875>,  <27.849264, 33.190578, 31.408333>, 0.130000
	pigment { color rgbt <1,0,0,0> }
	no_shadow
}

// nucleotide -1

// particle -1
sphere {
	<27.412991, 32.482635, 31.227875> 0.250000
	pigment { color rgbt <1,0,0,0> }
	no_shadow
}
cylinder {
	<27.298082, 32.776779, 30.982363>,  <27.229137, 32.953266, 30.835056>, 0.100000
	pigment { color rgbt <1,0,0,0> }
	no_shadow
}
cylinder {
	<27.298082, 32.776779, 30.982363>,  <27.412991, 32.482635, 31.227875>, 0.100000
	pigment { color rgbt <1,0,0,0> }
	no_shadow
}

// particle -1
sphere {
	<27.298082, 32.776779, 30.982363> 0.100000
	pigment { color rgbt <1,0,0,0> }
	no_shadow
}
sphere {
	0, 1
	scale<0.080000,0.200000,0.300000>
	matrix <0.148251, -0.598933, -0.786957,
		-0.946307, -0.317062, 0.063038,
		-0.287270, 0.735357, -0.613780,
		27.211901, 32.997387, 30.798229>
	pigment { color rgbt <0,1,1,0> }
	no_shadow
}
cylinder {
	<26.963486, 32.122738, 30.757652>,  <27.412991, 32.482635, 31.227875>, 0.130000
	pigment { color rgbt <1,0,0,0> }
	no_shadow
}

// nucleotide -1

// particle -1
sphere {
	<26.963486, 32.122738, 30.757652> 0.250000
	pigment { color rgbt <1,0,0,0> }
	no_shadow
}
cylinder {
	<27.081465, 32.455723, 30.570032>,  <27.152252, 32.655514, 30.457460>, 0.100000
	pigment { color rgbt <1,0,0,0> }
	no_shadow
}
cylinder {
	<27.081465, 32.455723, 30.570032>,  <26.963486, 32.122738, 30.757652>, 0.100000
	pigment { color rgbt <1,0,0,0> }
	no_shadow
}

// particle -1
sphere {
	<27.081465, 32.455723, 30.570032> 0.100000
	pigment { color rgbt <1,0,0,0> }
	no_shadow
}
sphere {
	0, 1
	scale<0.080000,0.200000,0.300000>
	matrix <0.078858, -0.510423, -0.856301,
		-0.952254, 0.215576, -0.216195,
		0.294949, 0.832464, -0.469052,
		27.169949, 32.705463, 30.429317>
	pigment { color rgbt <0,1,1,0> }
	no_shadow
}
cylinder {
	<26.634357, 31.985037, 30.112839>,  <26.963486, 32.122738, 30.757652>, 0.130000
	pigment { color rgbt <1,0,0,0> }
	no_shadow
}

// nucleotide -1

// particle -1
sphere {
	<26.634357, 31.985037, 30.112839> 0.250000
	pigment { color rgbt <1,0,0,0> }
	no_shadow
}
cylinder {
	<26.900190, 32.275414, 30.042021>,  <27.059690, 32.449638, 29.999531>, 0.100000
	pigment { color rgbt <1,0,0,0> }
	no_shadow
}
cylinder {
	<26.900190, 32.275414, 30.042021>,  <26.634357, 31.985037, 30.112839>, 0.100000
	pigment { color rgbt <1,0,0,0> }
	no_shadow
}

// particle -1
sphere {
	<26.900190, 32.275414, 30.042021> 0.100000
	pigment { color rgbt <1,0,0,0> }
	no_shadow
}
sphere {
	0, 1
	scale<0.080000,0.200000,0.300000>
	matrix <0.279575, -0.461305, -0.842043,
		-0.692943, 0.510108, -0.509528,
		0.664580, 0.725939, -0.177045,
		27.099564, 32.493195, 29.988907>
	pigment { color rgbt <0,1,1,0> }
	no_shadow
}
cylinder {
	<26.738926, 32.100105, 29.456608>,  <26.634357, 31.985037, 30.112839>, 0.130000
	pigment { color rgbt <1,0,0,0> }
	no_shadow
}

// nucleotide -1

// particle -1
sphere {
	<26.738926, 32.100105, 29.456608> 0.250000
	pigment { color rgbt <1,0,0,0> }
	no_shadow
}
cylinder {
	<27.079988, 32.293686, 29.535368>,  <27.284626, 32.409832, 29.582624>, 0.100000
	pigment { color rgbt <1,0,0,0> }
	no_shadow
}
cylinder {
	<27.079988, 32.293686, 29.535368>,  <26.738926, 32.100105, 29.456608>, 0.100000
	pigment { color rgbt <1,0,0,0> }
	no_shadow
}

// particle -1
sphere {
	<27.079988, 32.293686, 29.535368> 0.100000
	pigment { color rgbt <1,0,0,0> }
	no_shadow
}
sphere {
	0, 1
	scale<0.080000,0.200000,0.300000>
	matrix <0.396009, -0.352789, -0.847772,
		-0.340812, 0.800834, -0.492456,
		0.852657, 0.483948, 0.196902,
		27.335785, 32.438869, 29.594439>
	pigment { color rgbt <0,1,1,0> }
	no_shadow
}
cylinder {
	<26.884228, 32.557690, 28.892897>,  <26.738926, 32.100105, 29.456608>, 0.130000
	pigment { color rgbt <1,0,0,0> }
	no_shadow
}

// nucleotide -1

// particle -1
sphere {
	<26.884228, 32.557690, 28.892897> 0.250000
	pigment { color rgbt <1,0,0,0> }
	no_shadow
}
cylinder {
	<27.218592, 32.468521, 29.093519>,  <27.419210, 32.415020, 29.213894>, 0.100000
	pigment { color rgbt <1,0,0,0> }
	no_shadow
}
cylinder {
	<27.218592, 32.468521, 29.093519>,  <26.884228, 32.557690, 28.892897>, 0.100000
	pigment { color rgbt <1,0,0,0> }
	no_shadow
}

// particle -1
sphere {
	<27.218592, 32.468521, 29.093519> 0.100000
	pigment { color rgbt <1,0,0,0> }
	no_shadow
}
sphere {
	0, 1
	scale<0.080000,0.200000,0.300000>
	matrix <0.484904, -0.128174, -0.865124,
		0.257145, 0.966372, 0.000955,
		0.835909, -0.222926, 0.501557,
		27.469364, 32.401642, 29.243986>
	pigment { color rgbt <0,1,1,0> }
	no_shadow
}
cylinder {
	<27.386045, 32.912106, 28.559633>,  <26.884228, 32.557690, 28.892897>, 0.130000
	pigment { color rgbt <1,0,0,0> }
	no_shadow
}

// nucleotide -1

// particle -1
sphere {
	<27.386045, 32.912106, 28.559633> 0.250000
	pigment { color rgbt <1,0,0,0> }
	no_shadow
}
cylinder {
	<27.581671, 32.613258, 28.739695>,  <27.699045, 32.433949, 28.847731>, 0.100000
	pigment { color rgbt <1,0,0,0> }
	no_shadow
}
cylinder {
	<27.581671, 32.613258, 28.739695>,  <27.386045, 32.912106, 28.559633>, 0.100000
	pigment { color rgbt <1,0,0,0> }
	no_shadow
}

// particle -1
sphere {
	<27.581671, 32.613258, 28.739695> 0.100000
	pigment { color rgbt <1,0,0,0> }
	no_shadow
}
sphere {
	0, 1
	scale<0.080000,0.200000,0.300000>
	matrix <0.451608, -0.224637, -0.863475,
		0.746237, 0.625584, 0.227543,
		0.489061, -0.747117, 0.450151,
		27.728390, 32.389122, 28.874741>
	pigment { color rgbt <0,1,1,0> }
	no_shadow
}
cylinder {
	<27.992926, 33.115421, 28.347080>,  <27.386045, 32.912106, 28.559633>, 0.130000
	pigment { color rgbt <1,0,0,0> }
	no_shadow
}

// nucleotide -1

// particle -1
sphere {
	<27.992926, 33.115421, 28.347080> 0.250000
	pigment { color rgbt <1,0,0,0> }
	no_shadow
}
cylinder {
	<28.049368, 32.747585, 28.493750>,  <28.083233, 32.526886, 28.581751>, 0.100000
	pigment { color rgbt <1,0,0,0> }
	no_shadow
}
cylinder {
	<28.049368, 32.747585, 28.493750>,  <27.992926, 33.115421, 28.347080>, 0.100000
	pigment { color rgbt <1,0,0,0> }
	no_shadow
}

// particle -1
sphere {
	<28.049368, 32.747585, 28.493750> 0.100000
	pigment { color rgbt <1,0,0,0> }
	no_shadow
}
sphere {
	0, 1
	scale<0.080000,0.200000,0.300000>
	matrix <0.631842, -0.201483, -0.748452,
		0.762144, 0.337293, 0.552603,
		0.141108, -0.919586, 0.366675,
		28.091700, 32.471710, 28.603752>
	pigment { color rgbt <0,1,1,0> }
	no_shadow
}
cylinder {
	<28.632845, 33.117371, 28.317638>,  <27.992926, 33.115421, 28.347080>, 0.130000
	pigment { color rgbt <1,0,0,0> }
	no_shadow
}

// nucleotide -1

// particle -1
sphere {
	<28.632845, 33.117371, 28.317638> 0.250000
	pigment { color rgbt <1,0,0,0> }
	no_shadow
}
cylinder {
	<28.495268, 32.742020, 28.331238>,  <28.412722, 32.516808, 28.339397>, 0.100000
	pigment { color rgbt <1,0,0,0> }
	no_shadow
}
cylinder {
	<28.495268, 32.742020, 28.331238>,  <28.632845, 33.117371, 28.317638>, 0.100000
	pigment { color rgbt <1,0,0,0> }
	no_shadow
}

// particle -1
sphere {
	<28.495268, 32.742020, 28.331238> 0.100000
	pigment { color rgbt <1,0,0,0> }
	no_shadow
}
sphere {
	0, 1
	scale<0.080000,0.200000,0.300000>
	matrix <0.682698, -0.274758, -0.677076,
		0.644693, -0.209663, 0.735128,
		-0.343940, -0.938376, 0.033998,
		28.392086, 32.460506, 28.341436>
	pigment { color rgbt <0,1,1,0> }
	no_shadow
}
cylinder {
	<29.178726, 32.792828, 28.314516>,  <28.632845, 33.117371, 28.317638>, 0.130000
	pigment { color rgbt <1,0,0,0> }
	no_shadow
}

// nucleotide -1

// particle -1
sphere {
	<29.178726, 32.792828, 28.314516> 0.250000
	pigment { color rgbt <1,0,0,0> }
	no_shadow
}
cylinder {
	<28.916098, 32.516518, 28.193354>,  <28.758520, 32.350731, 28.120657>, 0.100000
	pigment { color rgbt <1,0,0,0> }
	no_shadow
}
cylinder {
	<28.916098, 32.516518, 28.193354>,  <29.178726, 32.792828, 28.314516>, 0.100000
	pigment { color rgbt <1,0,0,0> }
	no_shadow
}

// particle -1
sphere {
	<28.916098, 32.516518, 28.193354> 0.100000
	pigment { color rgbt <1,0,0,0> }
	no_shadow
}
sphere {
	0, 1
	scale<0.080000,0.200000,0.300000>
	matrix <0.640599, -0.298686, -0.707403,
		0.398180, -0.658500, 0.638616,
		-0.656571, -0.690771, -0.302904,
		28.719126, 32.309288, 28.102482>
	pigment { color rgbt <0,1,1,0> }
	no_shadow
}
cylinder {
	<29.612629, 32.085342, 28.193270>,  <29.178726, 32.792828, 28.314516>, 0.130000
	pigment { color rgbt <1,0,0,0> }
	no_shadow
}

// nucleotide -1

// particle -1
sphere {
	<29.612629, 32.085342, 28.193270> 0.250000
	pigment { color rgbt <1,0,0,0> }
	no_shadow
}
cylinder {
	<29.250929, 32.033211, 28.030621>,  <29.033909, 32.001930, 27.933031>, 0.100000
	pigment { color rgbt <1,0,0,0> }
	no_shadow
}
cylinder {
	<29.250929, 32.033211, 28.030621>,  <29.612629, 32.085342, 28.193270>, 0.100000
	pigment { color rgbt <1,0,0,0> }
	no_shadow
}

// particle -1
sphere {
	<29.250929, 32.033211, 28.030621> 0.100000
	pigment { color rgbt <1,0,0,0> }
	no_shadow
}
sphere {
	0, 1
	scale<0.080000,0.200000,0.300000>
	matrix <0.413697, -0.503233, -0.758691,
		-0.105747, -0.854267, 0.508966,
		-0.904252, -0.130328, -0.406623,
		28.979652, 31.994112, 27.908634>
	pigment { color rgbt <0,1,1,0> }
	no_shadow
}
cylinder {
	<29.561146, 31.339678, 28.050707>,  <29.612629, 32.085342, 28.193270>, 0.130000
	pigment { color rgbt <1,0,0,0> }
	no_shadow
}

// nucleotide -1

// particle -1
sphere {
	<29.561146, 31.339678, 28.050707> 0.250000
	pigment { color rgbt <1,0,0,0> }
	no_shadow
}
cylinder {
	<29.350264, 31.576656, 27.807047>,  <29.223734, 31.718843, 27.660851>, 0.100000
	pigment { color rgbt <1,0,0,0> }
	no_shadow
}
cylinder {
	<29.350264, 31.576656, 27.807047>,  <29.561146, 31.339678, 28.050707>, 0.100000
	pigment { color rgbt <1,0,0,0> }
	no_shadow
}

// particle -1
sphere {
	<29.350264, 31.576656, 27.807047> 0.100000
	pigment { color rgbt <1,0,0,0> }
	no_shadow
}
sphere {
	0, 1
	scale<0.080000,0.200000,0.300000>
	matrix <0.500745, -0.362563, -0.786004,
		-0.686521, -0.719413, -0.105520,
		-0.527204, 0.592447, -0.609149,
		29.192102, 31.754391, 27.624302>
	pigment { color rgbt <0,1,1,0> }
	no_shadow
}
cylinder {
	<29.398918, 30.890396, 27.447680>,  <29.561146, 31.339678, 28.050707>, 0.130000
	pigment { color rgbt <1,0,0,0> }
	no_shadow
}

// nucleotide -1

// particle -1
sphere {
	<29.398918, 30.890396, 27.447680> 0.250000
	pigment { color rgbt <1,0,0,0> }
	no_shadow
}
cylinder {
	<29.355993, 31.275768, 27.349466>,  <29.330238, 31.506992, 27.290539>, 0.100000
	pigment { color rgbt <1,0,0,0> }
	no_shadow
}
cylinder {
	<29.355993, 31.275768, 27.349466>,  <29.398918, 30.890396, 27.447680>, 0.100000
	pigment { color rgbt <1,0,0,0> }
	no_shadow
}

// particle -1
sphere {
	<29.355993, 31.275768, 27.349466> 0.100000
	pigment { color rgbt <1,0,0,0> }
	no_shadow
}
sphere {
	0, 1
	scale<0.080000,0.200000,0.300000>
	matrix <0.273329, -0.208855, -0.938973,
		-0.955916, -0.167874, -0.240921,
		-0.107312, 0.963430, -0.245533,
		29.323799, 31.564796, 27.275806>
	pigment { color rgbt <0,1,1,0> }
	no_shadow
}
cylinder {
	<28.976870, 31.009594, 26.777662>,  <29.398918, 30.890396, 27.447680>, 0.130000
	pigment { color rgbt <1,0,0,0> }
	no_shadow
}

// nucleotide -1

// particle -1
sphere {
	<28.976870, 31.009594, 26.777662> 0.250000
	pigment { color rgbt <1,0,0,0> }
	no_shadow
}
cylinder {
	<29.244497, 31.304131, 26.817961>,  <29.405073, 31.480852, 26.842140>, 0.100000
	pigment { color rgbt <1,0,0,0> }
	no_shadow
}
cylinder {
	<29.244497, 31.304131, 26.817961>,  <28.976870, 31.009594, 26.777662>, 0.100000
	pigment { color rgbt <1,0,0,0> }
	no_shadow
}

// particle -1
sphere {
	<29.244497, 31.304131, 26.817961> 0.100000
	pigment { color rgbt <1,0,0,0> }
	no_shadow
}
sphere {
	0, 1
	scale<0.080000,0.200000,0.300000>
	matrix <0.360089, -0.202596, -0.910654,
		-0.650140, 0.645569, -0.400698,
		0.669070, 0.736339, 0.100746,
		29.445219, 31.525032, 26.848185>
	pigment { color rgbt <0,1,1,0> }
	no_shadow
}
cylinder {
	<28.589125, 30.947144, 26.078972>,  <28.976870, 31.009594, 26.777662>, 0.130000
	pigment { color rgbt <1,0,0,0> }
	no_shadow
}

// nucleotide -1

// particle -1
sphere {
	<28.589125, 30.947144, 26.078972> 0.250000
	pigment { color rgbt <1,0,0,0> }
	no_shadow
}
cylinder {
	<28.201662, 30.938543, 26.177958>,  <27.969185, 30.933384, 26.237349>, 0.100000
	pigment { color rgbt <1,0,0,0> }
	no_shadow
}
cylinder {
	<28.201662, 30.938543, 26.177958>,  <28.589125, 30.947144, 26.078972>, 0.100000
	pigment { color rgbt <1,0,0,0> }
	no_shadow
}

// particle -1
sphere {
	<28.201662, 30.938543, 26.177958> 0.100000
	pigment { color rgbt <1,0,0,0> }
	no_shadow
}
sphere {
	0, 1
	scale<0.080000,0.200000,0.300000>
	matrix <-0.080410, -0.915462, -0.394288,
		0.235022, -0.401829, 0.885041,
		-0.968658, -0.021501, 0.247465,
		27.911064, 30.932093, 26.252197>
	pigment { color rgbt <0,1,1,0> }
	no_shadow
}
cylinder {
	<28.323748, 30.345730, 26.464972>,  <28.589125, 30.947144, 26.078972>, 0.130000
	pigment { color rgbt <1,0,0,0> }
	no_shadow
}

// nucleotide -1

// particle -1
sphere {
	<28.323748, 30.345730, 26.464972> 0.250000
	pigment { color rgbt <1,0,0,0> }
	no_shadow
}
cylinder {
	<28.053671, 30.414160, 26.177959>,  <27.891624, 30.455217, 26.005753>, 0.100000
	pigment { color rgbt <1,0,0,0> }
	no_shadow
}
cylinder {
	<28.053671, 30.414160, 26.177959>,  <28.323748, 30.345730, 26.464972>, 0.100000
	pigment { color rgbt <1,0,0,0> }
	no_shadow
}

// particle -1
sphere {
	<28.053671, 30.414160, 26.177959> 0.100000
	pigment { color rgbt <1,0,0,0> }
	no_shadow
}
sphere {
	0, 1
	scale<0.080000,0.200000,0.300000>
	matrix <0.280889, -0.839819, -0.464548,
		-0.682069, -0.515205, 0.518985,
		-0.675191, 0.171077, -0.717530,
		27.851114, 30.465483, 25.962700>
	pigment { color rgbt <0,1,1,0> }
	no_shadow
}
cylinder {
	<27.780952, 29.807400, 26.393635>,  <28.323748, 30.345730, 26.464972>, 0.130000
	pigment { color rgbt <1,0,0,0> }
	no_shadow
}

// nucleotide -1

// particle -1
sphere {
	<27.780952, 29.807400, 26.393635> 0.250000
	pigment { color rgbt <1,0,0,0> }
	no_shadow
}
cylinder {
	<27.898643, 29.987375, 26.056356>,  <27.969259, 30.095360, 25.853989>, 0.100000
	pigment { color rgbt <1,0,0,0> }
	no_shadow
}
cylinder {
	<27.898643, 29.987375, 26.056356>,  <27.780952, 29.807400, 26.393635>, 0.100000
	pigment { color rgbt <1,0,0,0> }
	no_shadow
}

// particle -1
sphere {
	<27.898643, 29.987375, 26.056356> 0.100000
	pigment { color rgbt <1,0,0,0> }
	no_shadow
}
sphere {
	0, 1
	scale<0.080000,0.200000,0.300000>
	matrix <0.336708, -0.874487, -0.349143,
		-0.894459, -0.181184, -0.408798,
		0.294230, 0.449939, -0.843198,
		27.986912, 30.122356, 25.803396>
	pigment { color rgbt <0,1,1,0> }
	no_shadow
}
cylinder {
	<27.528650, 29.433182, 25.622103>,  <27.780952, 29.807400, 26.393635>, 0.130000
	pigment { color rgbt <1,0,0,0> }
	no_shadow
}

// nucleotide -1

// particle -1
sphere {
	<27.528650, 29.433182, 25.622103> 0.250000
	pigment { color rgbt <1,0,0,0> }
	no_shadow
}
cylinder {
	<27.878450, 29.624783, 25.591637>,  <28.088331, 29.739744, 25.573357>, 0.100000
	pigment { color rgbt <1,0,0,0> }
	no_shadow
}
cylinder {
	<27.878450, 29.624783, 25.591637>,  <27.528650, 29.433182, 25.622103>, 0.100000
	pigment { color rgbt <1,0,0,0> }
	no_shadow
}

// particle -1
sphere {
	<27.878450, 29.624783, 25.591637> 0.100000
	pigment { color rgbt <1,0,0,0> }
	no_shadow
}
sphere {
	0, 1
	scale<0.080000,0.200000,0.300000>
	matrix <0.404522, -0.806954, -0.430334,
		-0.267594, 0.345517, -0.899450,
		0.874503, 0.479003, -0.076167,
		28.140800, 29.768484, 25.568787>
	pigment { color rgbt <0,1,1,0> }
	no_shadow
}
cylinder {
	<27.386267, 28.588396, 25.636499>,  <27.528650, 29.433182, 25.622103>, 0.130000
	pigment { color rgbt <1,0,0,0> }
	no_shadow
}

// nucleotide -1

// particle -1
sphere {
	<27.386267, 28.588396, 25.636499> 0.250000
	pigment { color rgbt <1,0,0,0> }
	no_shadow
}
cylinder {
	<27.314886, 28.278315, 25.878893>,  <27.272058, 28.092266, 26.024328>, 0.100000
	pigment { color rgbt <1,0,0,0> }
	no_shadow
}
cylinder {
	<27.314886, 28.278315, 25.878893>,  <27.386267, 28.588396, 25.636499>, 0.100000
	pigment { color rgbt <1,0,0,0> }
	no_shadow
}

// particle -1
sphere {
	<27.314886, 28.278315, 25.878893> 0.100000
	pigment { color rgbt <1,0,0,0> }
	no_shadow
}
sphere {
	0, 1
	scale<0.080000,0.200000,0.300000>
	matrix <0.143548, 0.588769, 0.795453,
		-0.973421, 0.228938, 0.006212,
		-0.178452, -0.775202, 0.605984,
		27.261351, 28.045753, 26.060688>
	pigment { color rgbt <0,1,1,0> }
	no_shadow
}
cylinder {
	<26.901342, 28.756620, 26.145779>,  <27.386267, 28.588396, 25.636499>, 0.130000
	pigment { color rgbt <1,0,0,0> }
	no_shadow
}

// nucleotide -1

// particle -1
sphere {
	<26.901342, 28.756620, 26.145779> 0.250000
	pigment { color rgbt <1,0,0,0> }
	no_shadow
}
cylinder {
	<27.129341, 28.483746, 26.328962>,  <27.266140, 28.320021, 26.438873>, 0.100000
	pigment { color rgbt <1,0,0,0> }
	no_shadow
}
cylinder {
	<27.129341, 28.483746, 26.328962>,  <26.901342, 28.756620, 26.145779>, 0.100000
	pigment { color rgbt <1,0,0,0> }
	no_shadow
}

// particle -1
sphere {
	<27.129341, 28.483746, 26.328962> 0.100000
	pigment { color rgbt <1,0,0,0> }
	no_shadow
}
sphere {
	0, 1
	scale<0.080000,0.200000,0.300000>
	matrix <-0.102185, 0.494185, 0.863331,
		-0.815268, -0.538892, 0.211974,
		0.569996, -0.682185, 0.457960,
		27.300341, 28.279091, 26.466351>
	pigment { color rgbt <0,1,1,0> }
	no_shadow
}
cylinder {
	<26.590834, 28.440792, 26.756966>,  <26.901342, 28.756620, 26.145779>, 0.130000
	pigment { color rgbt <1,0,0,0> }
	no_shadow
}

// nucleotide -1

// particle -1
sphere {
	<26.590834, 28.440792, 26.756966> 0.250000
	pigment { color rgbt <1,0,0,0> }
	no_shadow
}
cylinder {
	<26.986053, 28.416677, 26.813704>,  <27.223186, 28.402208, 26.847746>, 0.100000
	pigment { color rgbt <1,0,0,0> }
	no_shadow
}
cylinder {
	<26.986053, 28.416677, 26.813704>,  <26.590834, 28.440792, 26.756966>, 0.100000
	pigment { color rgbt <1,0,0,0> }
	no_shadow
}

// particle -1
sphere {
	<26.986053, 28.416677, 26.813704> 0.100000
	pigment { color rgbt <1,0,0,0> }
	no_shadow
}
sphere {
	0, 1
	scale<0.080000,0.200000,0.300000>
	matrix <-0.091093, 0.513969, 0.852958,
		-0.124326, -0.855688, 0.502337,
		0.988051, -0.060285, 0.141847,
		27.282469, 28.398592, 26.856258>
	pigment { color rgbt <0,1,1,0> }
	no_shadow
}
cylinder {
	<26.691839, 28.031260, 27.348904>,  <26.590834, 28.440792, 26.756966>, 0.130000
	pigment { color rgbt <1,0,0,0> }
	no_shadow
}

// nucleotide -1

// particle -1
sphere {
	<26.691839, 28.031260, 27.348904> 0.250000
	pigment { color rgbt <1,0,0,0> }
	no_shadow
}
cylinder {
	<26.982752, 28.293415, 27.267391>,  <27.157299, 28.450708, 27.218483>, 0.100000
	pigment { color rgbt <1,0,0,0> }
	no_shadow
}
cylinder {
	<26.982752, 28.293415, 27.267391>,  <26.691839, 28.031260, 27.348904>, 0.100000
	pigment { color rgbt <1,0,0,0> }
	no_shadow
}

// particle -1
sphere {
	<26.982752, 28.293415, 27.267391> 0.100000
	pigment { color rgbt <1,0,0,0> }
	no_shadow
}
sphere {
	0, 1
	scale<0.080000,0.200000,0.300000>
	matrix <-0.025047, 0.322056, 0.946389,
		0.685883, -0.683186, 0.250641,
		0.727280, 0.655391, -0.203781,
		27.200935, 28.490032, 27.206257>
	pigment { color rgbt <0,1,1,0> }
	no_shadow
}
cylinder {
	<27.178280, 27.973482, 27.881451>,  <26.691839, 28.031260, 27.348904>, 0.130000
	pigment { color rgbt <1,0,0,0> }
	no_shadow
}

// nucleotide -1

// particle -1
sphere {
	<27.178280, 27.973482, 27.881451> 0.250000
	pigment { color rgbt <1,0,0,0> }
	no_shadow
}
cylinder {
	<27.195486, 28.341232, 27.725042>,  <27.205809, 28.561882, 27.631197>, 0.100000
	pigment { color rgbt <1,0,0,0> }
	no_shadow
}
cylinder {
	<27.195486, 28.341232, 27.725042>,  <27.178280, 27.973482, 27.881451>, 0.100000
	pigment { color rgbt <1,0,0,0> }
	no_shadow
}

// particle -1
sphere {
	<27.195486, 28.341232, 27.725042> 0.100000
	pigment { color rgbt <1,0,0,0> }
	no_shadow
}
sphere {
	0, 1
	scale<0.080000,0.200000,0.300000>
	matrix <0.156348, 0.380368, 0.911524,
		0.986765, -0.100343, -0.127381,
		0.043013, 0.919376, -0.391023,
		27.208389, 28.617044, 27.607735>
	pigment { color rgbt <0,1,1,0> }
	no_shadow
}
cylinder {
	<27.840609, 28.305267, 28.149052>,  <27.178280, 27.973482, 27.881451>, 0.130000
	pigment { color rgbt <1,0,0,0> }
	no_shadow
}

// nucleotide -1

// particle -1
sphere {
	<27.840609, 28.305267, 28.149052> 0.250000
	pigment { color rgbt <1,0,0,0> }
	no_shadow
}
cylinder {
	<27.551811, 28.564726, 28.052732>,  <27.378532, 28.720400, 27.994942>, 0.100000
	pigment { color rgbt <1,0,0,0> }
	no_shadow
}
cylinder {
	<27.551811, 28.564726, 28.052732>,  <27.840609, 28.305267, 28.149052>, 0.100000
	pigment { color rgbt <1,0,0,0> }
	no_shadow
}

// particle -1
sphere {
	<27.551811, 28.564726, 28.052732> 0.100000
	pigment { color rgbt <1,0,0,0> }
	no_shadow
}
sphere {
	0, 1
	scale<0.080000,0.200000,0.300000>
	matrix <0.102848, 0.444770, 0.889720,
		0.684212, 0.617608, -0.387833,
		-0.721995, 0.648645, -0.240797,
		27.335213, 28.759319, 27.980494>
	pigment { color rgbt <0,1,1,0> }
	no_shadow
}
cylinder {
	<28.135078, 29.021557, 28.177080>,  <27.840609, 28.305267, 28.149052>, 0.130000
	pigment { color rgbt <1,0,0,0> }
	no_shadow
}

// nucleotide -1

// particle -1
sphere {
	<28.135078, 29.021557, 28.177080> 0.250000
	pigment { color rgbt <1,0,0,0> }
	no_shadow
}
cylinder {
	<27.737873, 29.027222, 28.223940>,  <27.499550, 29.030621, 28.252056>, 0.100000
	pigment { color rgbt <1,0,0,0> }
	no_shadow
}
cylinder {
	<27.737873, 29.027222, 28.223940>,  <28.135078, 29.021557, 28.177080>, 0.100000
	pigment { color rgbt <1,0,0,0> }
	no_shadow
}

// particle -1
sphere {
	<27.737873, 29.027222, 28.223940> 0.100000
	pigment { color rgbt <1,0,0,0> }
	no_shadow
}
sphere {
	0, 1
	scale<0.080000,0.200000,0.300000>
	matrix <0.113453, 0.387602, 0.914819,
		-0.032454, 0.921718, -0.386500,
		-0.993013, 0.014160, 0.117151,
		27.439970, 29.031469, 28.259085>
	pigment { color rgbt <0,1,1,0> }
	no_shadow
}
cylinder {
	<28.161024, 29.474817, 28.610451>,  <28.135078, 29.021557, 28.177080>, 0.130000
	pigment { color rgbt <1,0,0,0> }
	no_shadow
}

// nucleotide -1

// particle -1
sphere {
	<28.161024, 29.474817, 28.610451> 0.250000
	pigment { color rgbt <1,0,0,0> }
	no_shadow
}
cylinder {
	<27.781864, 29.347435, 28.607065>,  <27.554369, 29.271006, 28.605034>, 0.100000
	pigment { color rgbt <1,0,0,0> }
	no_shadow
}
cylinder {
	<27.781864, 29.347435, 28.607065>,  <28.161024, 29.474817, 28.610451>, 0.100000
	pigment { color rgbt <1,0,0,0> }
	no_shadow
}

// particle -1
sphere {
	<27.781864, 29.347435, 28.607065> 0.100000
	pigment { color rgbt <1,0,0,0> }
	no_shadow
}
sphere {
	0, 1
	scale<0.080000,0.200000,0.300000>
	matrix <-0.115263, 0.318075, 0.941033,
		-0.296986, 0.892980, -0.338210,
		-0.947900, -0.318457, -0.008464,
		27.497494, 29.251898, 28.604527>
	pigment { color rgbt <0,1,1,0> }
	no_shadow
}
cylinder {
	<27.817741, 30.058079, 28.742178>,  <28.161024, 29.474817, 28.610451>, 0.130000
	pigment { color rgbt <1,0,0,0> }
	no_shadow
}

// nucleotide -1

// particle -1
sphere {
	<27.817741, 30.058079, 28.742178> 0.250000
	pigment { color rgbt <1,0,0,0> }
	no_shadow
}
cylinder {
	<27.570501, 29.763725, 28.852760>,  <27.422157, 29.587112, 28.919109>, 0.100000
	pigment { color rgbt <1,0,0,0> }
	no_shadow
}
cylinder {
	<27.570501, 29.763725, 28.852760>,  <27.817741, 30.058079, 28.742178>, 0.100000
	pigment { color rgbt <1,0,0,0> }
	no_shadow
}

// particle -1
sphere {
	<27.570501, 29.763725, 28.852760> 0.100000
	pigment { color rgbt <1,0,0,0> }
	no_shadow
}
sphere {
	0, 1
	scale<0.080000,0.200000,0.300000>
	matrix <-0.109489, 0.428842, 0.896720,
		-0.778439, 0.523992, -0.345637,
		-0.618098, -0.735885, 0.276456,
		27.385073, 29.542959, 28.935698>
	pigment { color rgbt <0,1,1,0> }
	no_shadow
}
cylinder {
	<27.431976, 30.402910, 29.033314>,  <27.817741, 30.058079, 28.742178>, 0.130000
	pigment { color rgbt <1,0,0,0> }
	no_shadow
}

// nucleotide -1

// particle -1
sphere {
	<27.431976, 30.402910, 29.033314> 0.250000
	pigment { color rgbt <1,0,0,0> }
	no_shadow
}
cylinder {
	<27.317106, 30.054424, 29.192572>,  <27.248184, 29.845333, 29.288126>, 0.100000
	pigment { color rgbt <1,0,0,0> }
	no_shadow
}
cylinder {
	<27.317106, 30.054424, 29.192572>,  <27.431976, 30.402910, 29.033314>, 0.100000
	pigment { color rgbt <1,0,0,0> }
	no_shadow
}

// particle -1
sphere {
	<27.317106, 30.054424, 29.192572> 0.100000
	pigment { color rgbt <1,0,0,0> }
	no_shadow
}
sphere {
	0, 1
	scale<0.080000,0.200000,0.300000>
	matrix <-0.001422, 0.416040, 0.909345,
		-0.957878, 0.260574, -0.120715,
		-0.287174, -0.871213, 0.398145,
		27.230953, 29.793060, 29.312016>
	pigment { color rgbt <0,1,1,0> }
	no_shadow
}
cylinder {
	<26.848537, 30.544670, 29.393618>,  <27.431976, 30.402910, 29.033314>, 0.130000
	pigment { color rgbt <1,0,0,0> }
	no_shadow
}

// nucleotide -1

// particle -1
sphere {
	<26.848537, 30.544670, 29.393618> 0.250000
	pigment { color rgbt <1,0,0,0> }
	no_shadow
}
cylinder {
	<27.003649, 30.211052, 29.550589>,  <27.096716, 30.010881, 29.644772>, 0.100000
	pigment { color rgbt <1,0,0,0> }
	no_shadow
}
cylinder {
	<27.003649, 30.211052, 29.550589>,  <26.848537, 30.544670, 29.393618>, 0.100000
	pigment { color rgbt <1,0,0,0> }
	no_shadow
}

// particle -1
sphere {
	<27.003649, 30.211052, 29.550589> 0.100000
	pigment { color rgbt <1,0,0,0> }
	no_shadow
}
sphere {
	0, 1
	scale<0.080000,0.200000,0.300000>
	matrix <0.028309, 0.436315, 0.899348,
		-0.921319, -0.337637, 0.192803,
		0.387776, -0.834045, 0.392427,
		27.119982, 29.960838, 29.668316>
	pigment { color rgbt <0,1,1,0> }
	no_shadow
}
cylinder {
	<26.433104, 30.398256, 30.068266>,  <26.848537, 30.544670, 29.393618>, 0.130000
	pigment { color rgbt <1,0,0,0> }
	no_shadow
}

// nucleotide -1

// particle -1
sphere {
	<26.433104, 30.398256, 30.068266> 0.250000
	pigment { color rgbt <1,0,0,0> }
	no_shadow
}
cylinder {
	<26.770687, 30.189787, 30.119034>,  <26.973238, 30.064705, 30.149494>, 0.100000
	pigment { color rgbt <1,0,0,0> }
	no_shadow
}
cylinder {
	<26.770687, 30.189787, 30.119034>,  <26.433104, 30.398256, 30.068266>, 0.100000
	pigment { color rgbt <1,0,0,0> }
	no_shadow
}

// particle -1
sphere {
	<26.770687, 30.189787, 30.119034> 0.100000
	pigment { color rgbt <1,0,0,0> }
	no_shadow
}
sphere {
	0, 1
	scale<0.080000,0.200000,0.300000>
