// switches for output
#declare DRAW_BASES = 1; // possible values are 0, 1; only relevant for DNA ribbons
#declare DRAW_BASES_TYPE = 3; // possible values are 1, 2, 3; only relevant for DNA ribbons
#declare DRAW_FOG = 0; // set to 1 to enable fog

#include "colors.inc"

#include "transforms.inc"
background { rgb <1, 1, 1>}

#default {
   normal{
       ripples 0.25
       frequency 0.20
       turbulence 0.2
       lambda 5
   }
	finish {
		phong 0.1
		phong_size 40.
	}
}

// original window dimensions: 1024x640


// camera settings

camera {
	sky <0, 0.179814, -0.983701>
	up <0, 0.179814, -0.983701>
	right 1.6 * <1, 0, 0>
	location <35, 94.9851, 44.8844>
	look_at <35, 29.7336, 32.9568>
	direction <0, -65.2515, -11.9276>
	angle 67.0682
}


# declare cpy_camera_pos = <35, 94.9851, 44.8844>;
# if (DRAW_FOG = 1)
fog {
	fog_type 2
	up vnormalize(cpy_camera_pos)
	color rgbt<1,1,1,0.3>
	distance 1e-5
	fog_alt 3e-3
	fog_offset 56
}
# end


// LIGHTS

# declare lum = 6;
global_settings {
	ambient_light rgb lum * <0.05, 0.05, 0.05>
	max_trace_level 15
}# declare cpy_direct_light_amount = 0.25;
light_source
{	1000 * <-1, -1.16352, -0.803886>,
	rgb lum * cpy_direct_light_amount
	parallel
}

light_source
{	1000 * <1, 1.16352, 0.803886>,
	rgb lum * cpy_direct_light_amount
	parallel
}

// strand 0

// nucleotide -1

// particle -1
sphere {
	<24.085258, 34.608204, 34.686481> 0.250000
	pigment { color rgbt <1,0,0,0> }
	no_shadow
}
cylinder {
	<24.207270, 34.941322, 34.871269>,  <24.280476, 35.141193, 34.982143>, 0.100000
	pigment { color rgbt <1,0,0,0> }
	no_shadow
}
cylinder {
	<24.207270, 34.941322, 34.871269>,  <24.085258, 34.608204, 34.686481>, 0.100000
	pigment { color rgbt <1,0,0,0> }
	no_shadow
}

// particle -1
sphere {
	<24.207270, 34.941322, 34.871269> 0.100000
	pigment { color rgbt <1,0,0,0> }
	no_shadow
}
sphere {
	0, 1
	scale<0.080000,0.200000,0.300000>
	matrix <0.644555, -0.537630, 0.543602,
		0.701075, 0.131950, -0.700773,
		0.305028, 0.832793, 0.461968,
		24.298779, 35.191158, 35.009861>
	pigment { color rgbt <0,1,1,0> }
	no_shadow
}
cylinder {
	<24.871443, 34.830975, 34.564716>,  <24.085258, 34.608204, 34.686481>, 0.130000
	pigment { color rgbt <1,0,0,0> }
	no_shadow
}

// nucleotide -1

// particle -1
sphere {
	<24.871443, 34.830975, 34.564716> 0.250000
	pigment { color rgbt <1,0,0,0> }
	no_shadow
}
cylinder {
	<24.732101, 34.954479, 34.918739>,  <24.648497, 35.028580, 35.131153>, 0.100000
	pigment { color rgbt <1,0,0,0> }
	no_shadow
}
cylinder {
	<24.732101, 34.954479, 34.918739>,  <24.871443, 34.830975, 34.564716>, 0.100000
	pigment { color rgbt <1,0,0,0> }
	no_shadow
}

// particle -1
sphere {
	<24.732101, 34.954479, 34.918739> 0.100000
	pigment { color rgbt <1,0,0,0> }
	no_shadow
}
sphere {
	0, 1
	scale<0.080000,0.200000,0.300000>
	matrix <0.665676, -0.583266, 0.465485,
		0.659944, 0.751311, -0.002351,
		-0.348353, 0.308759, 0.885053,
		24.627596, 35.047108, 35.184254>
	pigment { color rgbt <0,1,1,0> }
	no_shadow
}
cylinder {
	<25.470238, 35.040619, 35.065784>,  <24.871443, 34.830975, 34.564716>, 0.130000
	pigment { color rgbt <1,0,0,0> }
	no_shadow
}

// nucleotide -1

// particle -1
sphere {
	<25.470238, 35.040619, 35.065784> 0.250000
	pigment { color rgbt <1,0,0,0> }
	no_shadow
}
cylinder {
	<25.136242, 34.904270, 35.238571>,  <24.935844, 34.822460, 35.342243>, 0.100000
	pigment { color rgbt <1,0,0,0> }
	no_shadow
}
cylinder {
	<25.136242, 34.904270, 35.238571>,  <25.470238, 35.040619, 35.065784>, 0.100000
	pigment { color rgbt <1,0,0,0> }
	no_shadow
}

// particle -1
sphere {
	<25.136242, 34.904270, 35.238571> 0.100000
	pigment { color rgbt <1,0,0,0> }
	no_shadow
}
sphere {
	0, 1
	scale<0.080000,0.200000,0.300000>
	matrix <0.544415, -0.625910, 0.558435,
		0.080015, 0.701457, 0.708206,
		-0.834991, -0.340875, 0.431965,
		24.885744, 34.802010, 35.368160>
	pigment { color rgbt <0,1,1,0> }
	no_shadow
}
cylinder {
	<26.156139, 35.350048, 34.911354>,  <25.470238, 35.040619, 35.065784>, 0.130000
	pigment { color rgbt <1,0,0,0> }
	no_shadow
}

// nucleotide -1

// particle -1
sphere {
	<26.156139, 35.350048, 34.911354> 0.250000
	pigment { color rgbt <1,0,0,0> }
	no_shadow
}
cylinder {
	<25.832294, 35.270214, 34.690559>,  <25.637987, 35.222313, 34.558083>, 0.100000
	pigment { color rgbt <1,0,0,0> }
	no_shadow
}
cylinder {
	<25.832294, 35.270214, 34.690559>,  <26.156139, 35.350048, 34.911354>, 0.100000
	pigment { color rgbt <1,0,0,0> }
	no_shadow
}

// particle -1
sphere {
	<25.832294, 35.270214, 34.690559> 0.100000
	pigment { color rgbt <1,0,0,0> }
	no_shadow
}
sphere {
	0, 1
	scale<0.080000,0.200000,0.300000>
	matrix <0.128484, 0.857343, -0.498453,
		0.572727, -0.474476, -0.668473,
		-0.809614, -0.199589, -0.551986,
		25.589411, 35.210339, 34.524963>
	pigment { color rgbt <0,1,1,0> }
	no_shadow
}
cylinder {
	<26.016819, 35.583347, 35.439697>,  <26.156139, 35.350048, 34.911354>, 0.130000
	pigment { color rgbt <1,0,0,0> }
	no_shadow
}

// nucleotide -1

// particle -1
sphere {
	<26.016819, 35.583347, 35.439697> 0.250000
	pigment { color rgbt <1,0,0,0> }
	no_shadow
}
cylinder {
	<25.857609, 35.294403, 35.665890>,  <25.762083, 35.121037, 35.801605>, 0.100000
	pigment { color rgbt <1,0,0,0> }
	no_shadow
}
cylinder {
	<25.857609, 35.294403, 35.665890>,  <26.016819, 35.583347, 35.439697>, 0.100000
	pigment { color rgbt <1,0,0,0> }
	no_shadow
}

// particle -1
sphere {
	<25.857609, 35.294403, 35.665890> 0.100000
	pigment { color rgbt <1,0,0,0> }
	no_shadow
}
sphere {
	0, 1
	scale<0.080000,0.200000,0.300000>
	matrix <0.764938, -0.601606, -0.230088,
		0.506403, 0.340976, 0.792017,
		-0.398028, -0.722361, 0.565481,
		25.738201, 35.077694, 35.835533>
	pigment { color rgbt <0,1,1,0> }
	no_shadow
}
cylinder {
	<26.622248, 35.313908, 35.792854>,  <26.016819, 35.583347, 35.439697>, 0.130000
	pigment { color rgbt <1,0,0,0> }
	no_shadow
}

// nucleotide -1

// particle -1
sphere {
	<26.622248, 35.313908, 35.792854> 0.250000
	pigment { color rgbt <1,0,0,0> }
	no_shadow
}
cylinder {
	<26.345636, 35.025402, 35.777042>,  <26.179668, 34.852299, 35.767555>, 0.100000
	pigment { color rgbt <1,0,0,0> }
	no_shadow
}
cylinder {
	<26.345636, 35.025402, 35.777042>,  <26.622248, 35.313908, 35.792854>, 0.100000
	pigment { color rgbt <1,0,0,0> }
	no_shadow
}

// particle -1
sphere {
	<26.345636, 35.025402, 35.777042> 0.100000
	pigment { color rgbt <1,0,0,0> }
	no_shadow
}
sphere {
	0, 1
	scale<0.080000,0.200000,0.300000>
	matrix <0.722213, -0.689310, -0.057089,
		0.013928, -0.068028, 0.997586,
		-0.691530, -0.721265, -0.039530,
		26.138178, 34.809021, 35.765182>
	pigment { color rgbt <0,1,1,0> }
	no_shadow
}
cylinder {
	<26.693520, 34.686874, 36.285507>,  <26.622248, 35.313908, 35.792854>, 0.130000
	pigment { color rgbt <1,0,0,0> }
	no_shadow
}

// nucleotide -1

// particle -1
sphere {
	<26.693520, 34.686874, 36.285507> 0.250000
	pigment { color rgbt <1,0,0,0> }
	no_shadow
}
cylinder {
	<26.477386, 34.573917, 35.968449>,  <26.347708, 34.506142, 35.778214>, 0.100000
	pigment { color rgbt <1,0,0,0> }
	no_shadow
}
cylinder {
	<26.477386, 34.573917, 35.968449>,  <26.693520, 34.686874, 36.285507>, 0.100000
	pigment { color rgbt <1,0,0,0> }
	no_shadow
}

// particle -1
sphere {
	<26.477386, 34.573917, 35.968449> 0.100000
	pigment { color rgbt <1,0,0,0> }
	no_shadow
}
sphere {
	0, 1
	scale<0.080000,0.200000,0.300000>
	matrix <0.645738, -0.743133, -0.175429,
		-0.539504, -0.606635, 0.583892,
		-0.540331, -0.282396, -0.792651,
		26.315287, 34.489197, 35.730652>
	pigment { color rgbt <0,1,1,0> }
	no_shadow
}
cylinder {
	<26.444559, 34.020638, 36.285435>,  <26.693520, 34.686874, 36.285507>, 0.130000
	pigment { color rgbt <1,0,0,0> }
	no_shadow
}

// nucleotide -1

// particle -1
sphere {
	<26.444559, 34.020638, 36.285435> 0.250000
	pigment { color rgbt <1,0,0,0> }
	no_shadow
}
cylinder {
	<26.495556, 34.114155, 35.899879>,  <26.526154, 34.170265, 35.668545>, 0.100000
	pigment { color rgbt <1,0,0,0> }
	no_shadow
}
cylinder {
	<26.495556, 34.114155, 35.899879>,  <26.444559, 34.020638, 36.285435>, 0.100000
	pigment { color rgbt <1,0,0,0> }
	no_shadow
}

// particle -1
sphere {
	<26.495556, 34.114155, 35.899879> 0.100000
	pigment { color rgbt <1,0,0,0> }
	no_shadow
}
sphere {
	0, 1
	scale<0.080000,0.200000,0.300000>
	matrix <0.688603, -0.720299, -0.083633,
		-0.713843, -0.653076, -0.252825,
		0.127491, 0.233796, -0.963891,
		26.533804, 34.184292, 35.610714>
	pigment { color rgbt <0,1,1,0> }
	no_shadow
}
cylinder {
	<26.120203, 33.511719, 35.838360>,  <26.444559, 34.020638, 36.285435>, 0.130000
	pigment { color rgbt <1,0,0,0> }
	no_shadow
}

// nucleotide -1

// particle -1
sphere {
	<26.120203, 33.511719, 35.838360> 0.250000
	pigment { color rgbt <1,0,0,0> }
	no_shadow
}
cylinder {
	<26.457247, 33.689941, 35.717373>,  <26.659473, 33.796875, 35.644779>, 0.100000
	pigment { color rgbt <1,0,0,0> }
	no_shadow
}
cylinder {
	<26.457247, 33.689941, 35.717373>,  <26.120203, 33.511719, 35.838360>, 0.100000
	pigment { color rgbt <1,0,0,0> }
	no_shadow
}

// particle -1
sphere {
	<26.457247, 33.689941, 35.717373> 0.100000
	pigment { color rgbt <1,0,0,0> }
	no_shadow
}
sphere {
	0, 1
	scale<0.080000,0.200000,0.300000>
	matrix <0.356248, -0.882384, -0.307385,
		-0.403853, 0.151252, -0.902234,
		0.842610, 0.445557, -0.302470,
		26.710030, 33.823608, 35.626633>
	pigment { color rgbt <0,1,1,0> }
	no_shadow
}
cylinder {
	<26.323736, 33.332710, 35.136925>,  <26.120203, 33.511719, 35.838360>, 0.130000
	pigment { color rgbt <1,0,0,0> }
	no_shadow
}

// nucleotide -1

// particle -1
sphere {
	<26.323736, 33.332710, 35.136925> 0.250000
	pigment { color rgbt <1,0,0,0> }
	no_shadow
}
cylinder {
	<26.652878, 33.428661, 35.342979>,  <26.850363, 33.486233, 35.466614>, 0.100000
	pigment { color rgbt <1,0,0,0> }
	no_shadow
}
cylinder {
	<26.652878, 33.428661, 35.342979>,  <26.323736, 33.332710, 35.136925>, 0.100000
	pigment { color rgbt <1,0,0,0> }
	no_shadow
}

// particle -1
sphere {
	<26.652878, 33.428661, 35.342979> 0.100000
	pigment { color rgbt <1,0,0,0> }
	no_shadow
}
sphere {
	0, 1
	scale<0.080000,0.200000,0.300000>
	matrix <0.442146, -0.839720, -0.315243,
		0.356952, 0.487166, -0.797028,
		0.822856, 0.239876, 0.515138,
		26.899734, 33.500626, 35.497520>
	pigment { color rgbt <0,1,1,0> }
	no_shadow
}
cylinder {
	<26.808811, 33.170784, 34.647167>,  <26.323736, 33.332710, 35.136925>, 0.130000
	pigment { color rgbt <1,0,0,0> }
	no_shadow
}

// nucleotide -1

// particle -1
sphere {
	<26.808811, 33.170784, 34.647167> 0.250000
	pigment { color rgbt <1,0,0,0> }
	no_shadow
}
cylinder {
	<26.998747, 33.197784, 34.998158>,  <27.112709, 33.213985, 35.208752>, 0.100000
	pigment { color rgbt <1,0,0,0> }
	no_shadow
}
cylinder {
	<26.998747, 33.197784, 34.998158>,  <26.808811, 33.170784, 34.647167>, 0.100000
	pigment { color rgbt <1,0,0,0> }
	no_shadow
}

// particle -1
sphere {
	<26.998747, 33.197784, 34.998158> 0.100000
	pigment { color rgbt <1,0,0,0> }
	no_shadow
}
sphere {
	0, 1
	scale<0.080000,0.200000,0.300000>
	matrix <0.537838, -0.811457, -0.228620,
		0.696604, 0.580500, -0.421619,
		0.474840, 0.067505, 0.877479,
		27.141199, 33.218037, 35.261402>
	pigment { color rgbt <0,1,1,0> }
	no_shadow
}
cylinder {
	<27.526920, 33.035816, 34.593773>,  <26.808811, 33.170784, 34.647167>, 0.130000
	pigment { color rgbt <1,0,0,0> }
	no_shadow
}

// nucleotide -1

// particle -1
sphere {
	<27.526920, 33.035816, 34.593773> 0.250000
	pigment { color rgbt <1,0,0,0> }
	no_shadow
}
cylinder {
	<27.456232, 32.973160, 34.982460>,  <27.413818, 32.935566, 35.215672>, 0.100000
	pigment { color rgbt <1,0,0,0> }
	no_shadow
}
cylinder {
	<27.456232, 32.973160, 34.982460>,  <27.526920, 33.035816, 34.593773>, 0.100000
	pigment { color rgbt <1,0,0,0> }
	no_shadow
}

// particle -1
sphere {
	<27.456232, 32.973160, 34.982460> 0.100000
	pigment { color rgbt <1,0,0,0> }
	no_shadow
}
sphere {
	0, 1
	scale<0.080000,0.200000,0.300000>
	matrix <0.502797, -0.863088, -0.047692,
		0.846147, 0.480148, 0.231288,
		-0.176722, -0.156646, 0.971716,
		27.403215, 32.926167, 35.273975>
	pigment { color rgbt <0,1,1,0> }
	no_shadow
}
cylinder {
	<28.137793, 32.962807, 34.826664>,  <27.526920, 33.035816, 34.593773>, 0.130000
	pigment { color rgbt <1,0,0,0> }
	no_shadow
}

// nucleotide -1

// particle -1
sphere {
	<28.137793, 32.962807, 34.826664> 0.250000
	pigment { color rgbt <1,0,0,0> }
	no_shadow
}
cylinder {
	<27.906536, 32.777508, 35.095337>,  <27.767782, 32.666328, 35.256542>, 0.100000
	pigment { color rgbt <1,0,0,0> }
	no_shadow
}
cylinder {
	<27.906536, 32.777508, 35.095337>,  <28.137793, 32.962807, 34.826664>, 0.100000
	pigment { color rgbt <1,0,0,0> }
	no_shadow
}

// particle -1
sphere {
	<27.906536, 32.777508, 35.095337> 0.100000
	pigment { color rgbt <1,0,0,0> }
	no_shadow
}
sphere {
	0, 1
	scale<0.080000,0.200000,0.300000>
	matrix <0.593888, -0.803403, -0.042908,
		0.559508, 0.374097, 0.739596,
		-0.578142, -0.463245, 0.671682,
		27.733093, 32.638535, 35.296841>
	pigment { color rgbt <0,1,1,0> }
	no_shadow
}
cylinder {
	<28.558792, 32.602505, 35.181580>,  <28.137793, 32.962807, 34.826664>, 0.130000
	pigment { color rgbt <1,0,0,0> }
	no_shadow
}

// nucleotide -1

// particle -1
sphere {
	<28.558792, 32.602505, 35.181580> 0.250000
	pigment { color rgbt <1,0,0,0> }
	no_shadow
}
cylinder {
	<28.216549, 32.405781, 35.246140>,  <28.011202, 32.287746, 35.284874>, 0.100000
	pigment { color rgbt <1,0,0,0> }
	no_shadow
}
cylinder {
	<28.216549, 32.405781, 35.246140>,  <28.558792, 32.602505, 35.181580>, 0.100000
	pigment { color rgbt <1,0,0,0> }
	no_shadow
}

// particle -1
sphere {
	<28.216549, 32.405781, 35.246140> 0.100000
	pigment { color rgbt <1,0,0,0> }
	no_shadow
}
sphere {
	0, 1
	scale<0.080000,0.200000,0.300000>
	matrix <0.505225, -0.861315, 0.053705,
		0.112602, 0.127493, 0.985427,
		-0.855610, -0.491815, 0.161399,
		27.959866, 32.258236, 35.294559>
	pigment { color rgbt <0,1,1,0> }
	no_shadow
}
cylinder {
	<28.729124, 32.090530, 35.719601>,  <28.558792, 32.602505, 35.181580>, 0.130000
	pigment { color rgbt <1,0,0,0> }
	no_shadow
}

// nucleotide -1

// particle -1
sphere {
	<28.729124, 32.090530, 35.719601> 0.250000
	pigment { color rgbt <1,0,0,0> }
	no_shadow
}
cylinder {
	<28.397575, 31.941587, 35.552589>,  <28.198647, 31.852222, 35.452385>, 0.100000
	pigment { color rgbt <1,0,0,0> }
	no_shadow
}
cylinder {
	<28.397575, 31.941587, 35.552589>,  <28.729124, 32.090530, 35.719601>, 0.100000
	pigment { color rgbt <1,0,0,0> }
	no_shadow
}

// particle -1
sphere {
	<28.397575, 31.941587, 35.552589> 0.100000
	pigment { color rgbt <1,0,0,0> }
	no_shadow
}
sphere {
	0, 1
	scale<0.080000,0.200000,0.300000>
	matrix <0.426390, -0.903627, -0.040605,
		-0.362168, -0.211685, 0.907758,
		-0.828870, -0.372353, -0.417525,
		28.148914, 31.829882, 35.427330>
	pigment { color rgbt <0,1,1,0> }
	no_shadow
}
cylinder {
	<28.676802, 31.528374, 36.037525>,  <28.729124, 32.090530, 35.719601>, 0.130000
	pigment { color rgbt <1,0,0,0> }
	no_shadow
}

// nucleotide -1

// particle -1
sphere {
	<28.676802, 31.528374, 36.037525> 0.250000
	pigment { color rgbt <1,0,0,0> }
	no_shadow
}
cylinder {
	<28.464190, 31.454889, 35.706776>,  <28.336622, 31.410799, 35.508324>, 0.100000
	pigment { color rgbt <1,0,0,0> }
	no_shadow
}
cylinder {
	<28.464190, 31.454889, 35.706776>,  <28.676802, 31.528374, 36.037525>, 0.100000
	pigment { color rgbt <1,0,0,0> }
	no_shadow
}

// particle -1
sphere {
	<28.464190, 31.454889, 35.706776> 0.100000
	pigment { color rgbt <1,0,0,0> }
	no_shadow
}
sphere {
	0, 1
	scale<0.080000,0.200000,0.300000>
	matrix <0.344705, -0.938621, -0.013045,
		-0.773728, -0.291962, 0.562231,
		-0.531530, -0.183711, -0.826877,
		28.304731, 31.399776, 35.458714>
	pigment { color rgbt <0,1,1,0> }
	no_shadow
}
cylinder {
	<28.369532, 30.827551, 36.162411>,  <28.676802, 31.528374, 36.037525>, 0.130000
	pigment { color rgbt <1,0,0,0> }
	no_shadow
}

// nucleotide -1

// particle -1
sphere {
	<28.369532, 30.827551, 36.162411> 0.250000
	pigment { color rgbt <1,0,0,0> }
	no_shadow
}
cylinder {
	<28.365522, 30.908033, 35.770611>,  <28.363117, 30.956322, 35.535530>, 0.100000
	pigment { color rgbt <1,0,0,0> }
	no_shadow
}
cylinder {
	<28.365522, 30.908033, 35.770611>,  <28.369532, 30.827551, 36.162411>, 0.100000
	pigment { color rgbt <1,0,0,0> }
	no_shadow
}

// particle -1
sphere {
	<28.365522, 30.908033, 35.770611> 0.100000
	pigment { color rgbt <1,0,0,0> }
	no_shadow
}
sphere {
	0, 1
	scale<0.080000,0.200000,0.300000>
	matrix <0.130506, -0.970905, -0.200774,
		-0.991397, -0.129842, -0.016529,
		-0.010021, 0.201204, -0.979498,
		28.362516, 30.968395, 35.476761>
	pigment { color rgbt <0,1,1,0> }
	no_shadow
}
cylinder {
	<28.017279, 30.274912, 35.969486>,  <28.369532, 30.827551, 36.162411>, 0.130000
	pigment { color rgbt <1,0,0,0> }
	no_shadow
}

// nucleotide -1

// particle -1
sphere {
	<28.017279, 30.274912, 35.969486> 0.250000
	pigment { color rgbt <1,0,0,0> }
	no_shadow
}
cylinder {
	<28.180656, 30.427803, 35.637928>,  <28.278683, 30.519537, 35.438992>, 0.100000
	pigment { color rgbt <1,0,0,0> }
	no_shadow
}
cylinder {
	<28.180656, 30.427803, 35.637928>,  <28.017279, 30.274912, 35.969486>, 0.100000
	pigment { color rgbt <1,0,0,0> }
	no_shadow
}

// particle -1
sphere {
	<28.180656, 30.427803, 35.637928> 0.100000
	pigment { color rgbt <1,0,0,0> }
	no_shadow
}
sphere {
	0, 1
	scale<0.080000,0.200000,0.300000>
	matrix <0.196438, -0.923632, -0.329113,
		-0.891394, -0.028403, -0.452338,
		0.408446, 0.382226, -0.828900,
		28.303190, 30.542471, 35.389259>
	pigment { color rgbt <0,1,1,0> }
	no_shadow
}
cylinder {
	<27.813723, 29.836294, 35.402180>,  <28.017279, 30.274912, 35.969486>, 0.130000
	pigment { color rgbt <1,0,0,0> }
	no_shadow
}

// nucleotide -1

// particle -1
sphere {
	<27.813723, 29.836294, 35.402180> 0.250000
	pigment { color rgbt <1,0,0,0> }
	no_shadow
}
cylinder {
	<28.166330, 29.985821, 35.286812>,  <28.377895, 30.075537, 35.217590>, 0.100000
	pigment { color rgbt <1,0,0,0> }
	no_shadow
}
cylinder {
	<28.166330, 29.985821, 35.286812>,  <27.813723, 29.836294, 35.402180>, 0.100000
	pigment { color rgbt <1,0,0,0> }
	no_shadow
}

// particle -1
sphere {
	<28.166330, 29.985821, 35.286812> 0.100000
	pigment { color rgbt <1,0,0,0> }
	no_shadow
}
sphere {
	0, 1
	scale<0.080000,0.200000,0.300000>
	matrix <0.264003, -0.896697, -0.355298,
		-0.391443, 0.237058, -0.889143,
		0.881518, 0.373816, -0.288422,
		28.430786, 30.097965, 35.200287>
	pigment { color rgbt <0,1,1,0> }
	no_shadow
}
cylinder {
	<27.909336, 29.448851, 34.832294>,  <27.813723, 29.836294, 35.402180>, 0.130000
	pigment { color rgbt <1,0,0,0> }
	no_shadow
}

// nucleotide -1

// particle -1
sphere {
	<27.909336, 29.448851, 34.832294> 0.250000
	pigment { color rgbt <1,0,0,0> }
	no_shadow
}
cylinder {
	<28.261189, 29.637552, 34.856625>,  <28.472300, 29.750772, 34.871223>, 0.100000
	pigment { color rgbt <1,0,0,0> }
	no_shadow
}
cylinder {
	<28.261189, 29.637552, 34.856625>,  <27.909336, 29.448851, 34.832294>, 0.100000
	pigment { color rgbt <1,0,0,0> }
	no_shadow
}

// particle -1
sphere {
	<28.261189, 29.637552, 34.856625> 0.100000
	pigment { color rgbt <1,0,0,0> }
	no_shadow
}
sphere {
	0, 1
	scale<0.080000,0.200000,0.300000>
	matrix <0.400332, -0.665185, -0.630289,
		-0.256878, 0.578773, -0.773974,
		0.879630, 0.471754, 0.060830,
		28.525078, 29.779078, 34.874874>
	pigment { color rgbt <0,1,1,0> }
	no_shadow
}
cylinder {
	<28.117933, 29.646013, 34.162750>,  <27.909336, 29.448851, 34.832294>, 0.130000
	pigment { color rgbt <1,0,0,0> }
	no_shadow
}

// nucleotide -1

// particle -1
sphere {
	<28.117933, 29.646013, 34.162750> 0.250000
	pigment { color rgbt <1,0,0,0> }
	no_shadow
}
cylinder {
	<28.450764, 29.644186, 34.384609>,  <28.650461, 29.643089, 34.517723>, 0.100000
	pigment { color rgbt <1,0,0,0> }
	no_shadow
}
cylinder {
	<28.450764, 29.644186, 34.384609>,  <28.117933, 29.646013, 34.162750>, 0.100000
	pigment { color rgbt <1,0,0,0> }
	no_shadow
}

// particle -1
sphere {
	<28.450764, 29.644186, 34.384609> 0.100000
	pigment { color rgbt <1,0,0,0> }
	no_shadow
}
sphere {
	0, 1
	scale<0.080000,0.200000,0.300000>
	matrix <0.392557, -0.701600, -0.594691,
		0.391855, 0.712557, -0.581990,
		0.832075, -0.004569, 0.554645,
		28.700386, 29.642815, 34.551003>
	pigment { color rgbt <0,1,1,0> }
	no_shadow
}
cylinder {
	<28.650511, 29.656433, 33.692356>,  <28.117933, 29.646013, 34.162750>, 0.130000
	pigment { color rgbt <1,0,0,0> }
	no_shadow
}

// nucleotide -1

// particle -1
sphere {
	<28.650511, 29.656433, 33.692356> 0.250000
	pigment { color rgbt <1,0,0,0> }
	no_shadow
}
cylinder {
	<28.808363, 29.534742, 34.039162>,  <28.903074, 29.461729, 34.247246>, 0.100000
	pigment { color rgbt <1,0,0,0> }
	no_shadow
}
cylinder {
	<28.808363, 29.534742, 34.039162>,  <28.650511, 29.656433, 33.692356>, 0.100000
	pigment { color rgbt <1,0,0,0> }
	no_shadow
}

// particle -1
sphere {
	<28.808363, 29.534742, 34.039162> 0.100000
	pigment { color rgbt <1,0,0,0> }
	no_shadow
}
sphere {
	0, 1
	scale<0.080000,0.200000,0.300000>
	matrix <0.580143, -0.649231, -0.491867,
		0.712530, 0.697098, -0.079714,
		0.394632, -0.304225, 0.867013,
		28.926752, 29.443476, 34.299267>
	pigment { color rgbt <0,1,1,0> }
	no_shadow
}
cylinder {
	<29.385130, 29.715393, 33.599293>,  <28.650511, 29.656433, 33.692356>, 0.130000
	pigment { color rgbt <1,0,0,0> }
	no_shadow
}

// nucleotide -1

// particle -1
sphere {
	<29.385130, 29.715393, 33.599293> 0.250000
	pigment { color rgbt <1,0,0,0> }
	no_shadow
}
cylinder {
	<29.301949, 29.434557, 33.871712>,  <29.252039, 29.266056, 34.035164>, 0.100000
	pigment { color rgbt <1,0,0,0> }
	no_shadow
}
cylinder {
	<29.301949, 29.434557, 33.871712>,  <29.385130, 29.715393, 33.599293>, 0.100000
	pigment { color rgbt <1,0,0,0> }
	no_shadow
}

// particle -1
sphere {
	<29.301949, 29.434557, 33.871712> 0.100000
	pigment { color rgbt <1,0,0,0> }
	no_shadow
}
sphere {
	0, 1
	scale<0.080000,0.200000,0.300000>
	matrix <0.545088, -0.661316, -0.515307,
		0.812179, 0.264071, 0.520223,
		-0.207954, -0.702089, 0.681048,
		29.239563, 29.223930, 34.076027>
	pigment { color rgbt <0,1,1,0> }
	no_shadow
}
cylinder {
	<29.968609, 29.345959, 33.590958>,  <29.385130, 29.715393, 33.599293>, 0.130000
	pigment { color rgbt <1,0,0,0> }
	no_shadow
}

// nucleotide -1

// particle -1
sphere {
	<29.968609, 29.345959, 33.590958> 0.250000
	pigment { color rgbt <1,0,0,0> }
	no_shadow
}
cylinder {
	<29.706442, 29.117811, 33.788990>,  <29.549141, 28.980923, 33.907810>, 0.100000
	pigment { color rgbt <1,0,0,0> }
	no_shadow
}
cylinder {
	<29.706442, 29.117811, 33.788990>,  <29.968609, 29.345959, 33.590958>, 0.100000
	pigment { color rgbt <1,0,0,0> }
	no_shadow
}

// particle -1
sphere {
	<29.706442, 29.117811, 33.788990> 0.100000
	pigment { color rgbt <1,0,0,0> }
	no_shadow
}
sphere {
	0, 1
	scale<0.080000,0.200000,0.300000>
	matrix <0.462705, -0.821325, -0.333662,
		0.596934, 0.010389, 0.802223,
		-0.655419, -0.570367, 0.495084,
		29.509815, 28.946701, 33.937515>
	pigment { color rgbt <0,1,1,0> }
	no_shadow
}
cylinder {
	<30.422413, 28.857737, 33.633125>,  <29.968609, 29.345959, 33.590958>, 0.130000
	pigment { color rgbt <1,0,0,0> }
	no_shadow
}

// nucleotide -1

// particle -1
sphere {
	<30.422413, 28.857737, 33.633125> 0.250000
	pigment { color rgbt <1,0,0,0> }
	no_shadow
}
cylinder {
	<30.050352, 28.719265, 33.682072>,  <29.827116, 28.636183, 33.711441>, 0.100000
	pigment { color rgbt <1,0,0,0> }
	no_shadow
}
cylinder {
	<30.050352, 28.719265, 33.682072>,  <30.422413, 28.857737, 33.633125>, 0.100000
	pigment { color rgbt <1,0,0,0> }
	no_shadow
}

// particle -1
sphere {
	<30.050352, 28.719265, 33.682072> 0.100000
	pigment { color rgbt <1,0,0,0> }
	no_shadow
}
sphere {
	0, 1
	scale<0.080000,0.200000,0.300000>
	matrix <0.224042, -0.799160, -0.557806,
		0.290894, -0.491429, 0.820901,
		-0.930154, -0.346179, 0.122371,
		29.771305, 28.615412, 33.718784>
	pigment { color rgbt <0,1,1,0> }
	no_shadow
}
cylinder {
	<30.462307, 28.145119, 33.800900>,  <30.422413, 28.857737, 33.633125>, 0.130000
	pigment { color rgbt <1,0,0,0> }
	no_shadow
}

// nucleotide -1

// particle -1
sphere {
	<30.462307, 28.145119, 33.800900> 0.250000
	pigment { color rgbt <1,0,0,0> }
	no_shadow
}
cylinder {
	<30.101892, 28.195848, 33.634983>,  <29.885643, 28.226286, 33.535435>, 0.100000
	pigment { color rgbt <1,0,0,0> }
	no_shadow
}
cylinder {
	<30.101892, 28.195848, 33.634983>,  <30.462307, 28.145119, 33.800900>, 0.100000
	pigment { color rgbt <1,0,0,0> }
	no_shadow
}

// particle -1
sphere {
	<30.101892, 28.195848, 33.634983> 0.100000
	pigment { color rgbt <1,0,0,0> }
	no_shadow
}
sphere {
	0, 1
	scale<0.080000,0.200000,0.300000>
	matrix <0.185828, -0.751214, -0.633361,
		-0.391920, -0.647760, 0.653303,
		-0.901036, 0.126825, -0.414788,
		29.831581, 28.233896, 33.510548>
	pigment { color rgbt <0,1,1,0> }
	no_shadow
}
cylinder {
	<29.980375, 27.552208, 33.891834>,  <30.462307, 28.145119, 33.800900>, 0.130000
	pigment { color rgbt <1,0,0,0> }
	no_shadow
}

// nucleotide -1

// particle -1
sphere {
	<29.980375, 27.552208, 33.891834> 0.250000
	pigment { color rgbt <1,0,0,0> }
	no_shadow
}
cylinder {
	<29.921888, 27.766470, 33.559162>,  <29.886797, 27.895027, 33.359558>, 0.100000
	pigment { color rgbt <1,0,0,0> }
	no_shadow
}
cylinder {
	<29.921888, 27.766470, 33.559162>,  <29.980375, 27.552208, 33.891834>, 0.100000
	pigment { color rgbt <1,0,0,0> }
	no_shadow
}

// particle -1
sphere {
	<29.921888, 27.766470, 33.559162> 0.100000
	pigment { color rgbt <1,0,0,0> }
	no_shadow
}
sphere {
	0, 1
	scale<0.080000,0.200000,0.300000>
	matrix <0.143732, -0.820291, -0.553591,
		-0.978755, -0.200484, 0.042950,
		-0.146218, 0.535657, -0.831680,
		29.878023, 27.927168, 33.309658>
	pigment { color rgbt <0,1,1,0> }
	no_shadow
}
cylinder {
	<29.521067, 27.201086, 33.352161>,  <29.980375, 27.552208, 33.891834>, 0.130000
	pigment { color rgbt <1,0,0,0> }
	no_shadow
}

// nucleotide -1

// particle -1
sphere {
	<29.521067, 27.201086, 33.352161> 0.250000
	pigment { color rgbt <1,0,0,0> }
	no_shadow
}
cylinder {
	<29.760988, 27.463657, 33.169147>,  <29.904942, 27.621201, 33.059341>, 0.100000
	pigment { color rgbt <1,0,0,0> }
	no_shadow
}
cylinder {
	<29.760988, 27.463657, 33.169147>,  <29.521067, 27.201086, 33.352161>, 0.100000
	pigment { color rgbt <1,0,0,0> }
	no_shadow
}

// particle -1
sphere {
	<29.760988, 27.463657, 33.169147> 0.100000
	pigment { color rgbt <1,0,0,0> }
	no_shadow
}
sphere {
	0, 1
	scale<0.080000,0.200000,0.300000>
	matrix <0.119571, -0.638924, -0.759920,
		-0.791161, 0.401097, -0.461721,
		0.599806, 0.656428, -0.457532,
		29.940929, 27.660585, 33.031887>
	pigment { color rgbt <0,1,1,0> }
	no_shadow
}
cylinder {
	<29.251682, 27.428671, 32.632610>,  <29.521067, 27.201086, 33.352161>, 0.130000
	pigment { color rgbt <1,0,0,0> }
	no_shadow
}

// nucleotide -1

// particle -1
sphere {
	<29.251682, 27.428671, 32.632610> 0.250000
	pigment { color rgbt <1,0,0,0> }
	no_shadow
}
cylinder {
	<29.648640, 27.427294, 32.681828>,  <29.886814, 27.426468, 32.711357>, 0.100000
	pigment { color rgbt <1,0,0,0> }
	no_shadow
}
cylinder {
	<29.648640, 27.427294, 32.681828>,  <29.251682, 27.428671, 32.632610>, 0.100000
	pigment { color rgbt <1,0,0,0> }
	no_shadow
}

// particle -1
sphere {
	<29.648640, 27.427294, 32.681828> 0.100000
	pigment { color rgbt <1,0,0,0> }
	no_shadow
}
sphere {
	0, 1
	scale<0.080000,0.200000,0.300000>
	matrix <0.092875, -0.635055, -0.766863,
		0.080776, 0.772459, -0.629906,
		0.992396, -0.003442, 0.123040,
		29.946358, 27.426262, 32.718739>
	pigment { color rgbt <0,1,1,0> }
	no_shadow
}
cylinder {
	<29.663858, 27.783388, 32.086563>,  <29.251682, 27.428671, 32.632610>, 0.130000
	pigment { color rgbt <1,0,0,0> }
	no_shadow
}

// nucleotide -1

// particle -1
sphere {
	<29.663858, 27.783388, 32.086563> 0.250000
	pigment { color rgbt <1,0,0,0> }
	no_shadow
}
cylinder {
	<29.849556, 27.469692, 32.251217>,  <29.960974, 27.281475, 32.350010>, 0.100000
	pigment { color rgbt <1,0,0,0> }
	no_shadow
}
cylinder {
	<29.849556, 27.469692, 32.251217>,  <29.663858, 27.783388, 32.086563>, 0.100000
	pigment { color rgbt <1,0,0,0> }
	no_shadow
}

// particle -1
sphere {
	<29.849556, 27.469692, 32.251217> 0.100000
	pigment { color rgbt <1,0,0,0> }
	no_shadow
}
sphere {
	0, 1
	scale<0.080000,0.200000,0.300000>
	matrix <0.024197, -0.453348, -0.891005,
		0.885377, 0.423603, -0.191488,
		0.464243, -0.784242, 0.411634,
		29.988829, 27.234419, 32.374706>
	pigment { color rgbt <0,1,1,0> }
	no_shadow
}
cylinder {
	<30.252577, 27.469667, 31.701456>,  <29.663858, 27.783388, 32.086563>, 0.130000
	pigment { color rgbt <1,0,0,0> }
	no_shadow
}

// nucleotide -1

// particle -1
sphere {
	<30.252577, 27.469667, 31.701456> 0.250000
	pigment { color rgbt <1,0,0,0> }
	no_shadow
}
cylinder {
	<30.031435, 27.182375, 31.870453>,  <29.898750, 27.010000, 31.971851>, 0.100000
	pigment { color rgbt <1,0,0,0> }
	no_shadow
}
cylinder {
	<30.031435, 27.182375, 31.870453>,  <30.252577, 27.469667, 31.701456>, 0.100000
	pigment { color rgbt <1,0,0,0> }
	no_shadow
}

// particle -1
sphere {
	<30.031435, 27.182375, 31.870453> 0.100000
	pigment { color rgbt <1,0,0,0> }
	no_shadow
}
sphere {
	0, 1
	scale<0.080000,0.200000,0.300000>
	matrix <-0.221243, -0.362304, -0.905421,
		0.803371, -0.594039, 0.041398,
		-0.552853, -0.718230, 0.422491,
		29.865580, 26.966906, 31.997200>
	pigment { color rgbt <0,1,1,0> }
	no_shadow
}
cylinder {
	<30.949322, 27.438673, 31.993080>,  <30.252577, 27.469667, 31.701456>, 0.130000
	pigment { color rgbt <1,0,0,0> }
	no_shadow
}

// nucleotide -1

// particle -1
sphere {
	<30.949322, 27.438673, 31.993080> 0.250000
	pigment { color rgbt <1,0,0,0> }
	no_shadow
}
cylinder {
	<30.993769, 27.250729, 32.343369>,  <31.020437, 27.137962, 32.553543>, 0.100000
	pigment { color rgbt <1,0,0,0> }
	no_shadow
}
cylinder {
	<30.993769, 27.250729, 32.343369>,  <30.949322, 27.438673, 31.993080>, 0.100000
	pigment { color rgbt <1,0,0,0> }
	no_shadow
}

// particle -1
sphere {
	<30.993769, 27.250729, 32.343369> 0.100000
	pigment { color rgbt <1,0,0,0> }
	no_shadow
}
sphere {
	0, 1
	scale<0.080000,0.200000,0.300000>
	matrix <0.483910, 0.795238, 0.365277,
		-0.868035, 0.383182, 0.315733,
		0.111116, -0.469860, 0.875720,
		31.027103, 27.109770, 32.606083>
	pigment { color rgbt <0,1,1,0> }
	no_shadow
}
cylinder {
	<30.567406, 27.835264, 32.492908>,  <30.949322, 27.438673, 31.993080>, 0.130000
	pigment { color rgbt <1,0,0,0> }
	no_shadow
}

// nucleotide -1

// particle -1
sphere {
	<30.567406, 27.835264, 32.492908> 0.250000
	pigment { color rgbt <1,0,0,0> }
	no_shadow
}
cylinder {
	<30.899614, 27.624771, 32.565918>,  <31.098940, 27.498474, 32.609722>, 0.100000
	pigment { color rgbt <1,0,0,0> }
	no_shadow
}
cylinder {
	<30.899614, 27.624771, 32.565918>,  <30.567406, 27.835264, 32.492908>, 0.100000
	pigment { color rgbt <1,0,0,0> }
	no_shadow
}

// particle -1
sphere {
	<30.899614, 27.624771, 32.565918> 0.100000
	pigment { color rgbt <1,0,0,0> }
	no_shadow
}
sphere {
	0, 1
	scale<0.080000,0.200000,0.300000>
	matrix <0.397922, 0.789869, 0.466653,
		-0.389738, -0.314934, 0.865402,
		0.830519, -0.526235, 0.182522,
		31.148769, 27.466900, 32.620674>
	pigment { color rgbt <0,1,1,0> }
	no_shadow
}
cylinder {
	<30.868673, 28.170210, 33.014412>,  <30.567406, 27.835264, 32.492908>, 0.130000
	pigment { color rgbt <1,0,0,0> }
	no_shadow
}

// nucleotide -1

// particle -1
sphere {
	<30.868673, 28.170210, 33.014412> 0.250000
	pigment { color rgbt <1,0,0,0> }
	no_shadow
}
cylinder {
	<31.150314, 27.898720, 32.930916>,  <31.319300, 27.735826, 32.880817>, 0.100000
	pigment { color rgbt <1,0,0,0> }
	no_shadow
}
cylinder {
	<31.150314, 27.898720, 32.930916>,  <30.868673, 28.170210, 33.014412>, 0.100000
	pigment { color rgbt <1,0,0,0> }
	no_shadow
}

// particle -1
sphere {
	<31.150314, 27.898720, 32.930916> 0.100000
	pigment { color rgbt <1,0,0,0> }
	no_shadow
}
sphere {
	0, 1
	scale<0.080000,0.200000,0.300000>
	matrix <0.703553, 0.626974, 0.334540,
		-0.096186, -0.382410, 0.918973,
		0.704104, -0.678724, -0.208739,
		31.361546, 27.695103, 32.868294>
	pigment { color rgbt <0,1,1,0> }
	no_shadow
}
cylinder {
	<31.345255, 27.971191, 33.598347>,  <30.868673, 28.170210, 33.014412>, 0.130000
	pigment { color rgbt <1,0,0,0> }
	no_shadow
}

// nucleotide -1

// particle -1
sphere {
	<31.345255, 27.971191, 33.598347> 0.250000
	pigment { color rgbt <1,0,0,0> }
	no_shadow
}
cylinder {
	<31.502171, 27.963476, 33.230492>,  <31.596319, 27.958847, 33.009777>, 0.100000
	pigment { color rgbt <1,0,0,0> }
	no_shadow
}
cylinder {
	<31.502171, 27.963476, 33.230492>,  <31.345255, 27.971191, 33.598347>, 0.100000
	pigment { color rgbt <1,0,0,0> }
	no_shadow
}

// particle -1
sphere {
	<31.502171, 27.963476, 33.230492> 0.100000
	pigment { color rgbt <1,0,0,0> }
	no_shadow
}
sphere {
	0, 1
	scale<0.080000,0.200000,0.300000>
	matrix <0.584694, 0.777040, 0.233113,
		0.710101, -0.629156, 0.316100,
		0.392287, -0.019288, -0.919641,
		31.619856, 27.957689, 32.954601>
	pigment { color rgbt <0,1,1,0> }
	no_shadow
}
cylinder {
	<32.059082, 28.103666, 33.569103>,  <31.345255, 27.971191, 33.598347>, 0.130000
	pigment { color rgbt <1,0,0,0> }
	no_shadow
}

// nucleotide -1

// particle -1
sphere {
	<32.059082, 28.103666, 33.569103> 0.250000
	pigment { color rgbt <1,0,0,0> }
	no_shadow
}
cylinder {
	<31.946806, 28.216738, 33.202213>,  <31.879438, 28.284580, 32.982079>, 0.100000
	pigment { color rgbt <1,0,0,0> }
	no_shadow
}
cylinder {
	<31.946806, 28.216738, 33.202213>,  <32.059082, 28.103666, 33.569103>, 0.100000
	pigment { color rgbt <1,0,0,0> }
	no_shadow
}

// particle -1
sphere {
	<31.946806, 28.216738, 33.202213> 0.100000
	pigment { color rgbt <1,0,0,0> }
	no_shadow
}
sphere {
	0, 1
	scale<0.080000,0.200000,0.300000>
	matrix <0.569747, 0.818131, 0.077783,
		0.772398, -0.500753, -0.390702,
		-0.280695, 0.282681, -0.917225,
		31.862598, 28.301542, 32.927044>
	pigment { color rgbt <0,1,1,0> }
	no_shadow
}
cylinder {
	<32.665016, 28.522947, 33.243065>,  <32.059082, 28.103666, 33.569103>, 0.130000
	pigment { color rgbt <1,0,0,0> }
	no_shadow
}

// nucleotide -1

// particle -1
sphere {
	<32.665016, 28.522947, 33.243065> 0.250000
	pigment { color rgbt <1,0,0,0> }
	no_shadow
}
cylinder {
	<32.366096, 28.634983, 33.002037>,  <32.186745, 28.702204, 32.857422>, 0.100000
	pigment { color rgbt <1,0,0,0> }
	no_shadow
}
cylinder {
	<32.366096, 28.634983, 33.002037>,  <32.665016, 28.522947, 33.243065>, 0.100000
	pigment { color rgbt <1,0,0,0> }
	no_shadow
}

// particle -1
sphere {
	<32.366096, 28.634983, 33.002037> 0.100000
	pigment { color rgbt <1,0,0,0> }
	no_shadow
}
sphere {
	0, 1
	scale<0.080000,0.200000,0.300000>
	matrix <0.361793, 0.932131, -0.015418,
		0.557355, -0.229527, -0.797918,
		-0.747303, 0.280088, -0.602569,
		32.141907, 28.719009, 32.821266>
	pigment { color rgbt <0,1,1,0> }
	no_shadow
}
cylinder {
	<32.946724, 29.003784, 32.789593>,  <32.665016, 28.522947, 33.243065>, 0.130000
	pigment { color rgbt <1,0,0,0> }
	no_shadow
}

// nucleotide -1

// particle -1
sphere {
	<32.946724, 29.003784, 32.789593> 0.250000
	pigment { color rgbt <1,0,0,0> }
	no_shadow
}
cylinder {
	<32.551460, 29.060091, 32.765182>,  <32.314301, 29.093876, 32.750538>, 0.100000
	pigment { color rgbt <1,0,0,0> }
	no_shadow
}
cylinder {
	<32.551460, 29.060091, 32.765182>,  <32.946724, 29.003784, 32.789593>, 0.100000
	pigment { color rgbt <1,0,0,0> }
	no_shadow
}

// particle -1
sphere {
	<32.551460, 29.060091, 32.765182> 0.100000
	pigment { color rgbt <1,0,0,0> }
	no_shadow
}
sphere {
	0, 1
	scale<0.080000,0.200000,0.300000>
	matrix <0.150025, 0.969829, -0.192159,
		0.032134, -0.199039, -0.979465,
		-0.988160, 0.140769, -0.061025,
		32.255013, 29.102322, 32.746876>
	pigment { color rgbt <0,1,1,0> }
	no_shadow
}
cylinder {
	<32.948837, 29.431044, 32.255836>,  <32.946724, 29.003784, 32.789593>, 0.130000
	pigment { color rgbt <1,0,0,0> }
	no_shadow
}

// nucleotide -1

// particle -1
sphere {
	<32.948837, 29.431044, 32.255836> 0.250000
	pigment { color rgbt <1,0,0,0> }
	no_shadow
}
cylinder {
	<32.610867, 29.475649, 32.465088>,  <32.408085, 29.502413, 32.590641>, 0.100000
	pigment { color rgbt <1,0,0,0> }
	no_shadow
}
cylinder {
	<32.610867, 29.475649, 32.465088>,  <32.948837, 29.431044, 32.255836>, 0.100000
	pigment { color rgbt <1,0,0,0> }
	no_shadow
}

// particle -1
sphere {
	<32.610867, 29.475649, 32.465088> 0.100000
	pigment { color rgbt <1,0,0,0> }
	no_shadow
}
sphere {
	0, 1
	scale<0.080000,0.200000,0.300000>
	matrix <0.071331, 0.992782, -0.096418,
		-0.530108, -0.044151, -0.846780,
		-0.844924, 0.111513, 0.523133,
		32.357388, 29.509104, 32.622028>
	pigment { color rgbt <0,1,1,0> }
	no_shadow
}
cylinder {
	<32.548035, 29.998854, 31.854002>,  <32.948837, 29.431044, 32.255836>, 0.130000
	pigment { color rgbt <1,0,0,0> }
	no_shadow
}

// nucleotide -1

// particle -1
sphere {
	<32.548035, 29.998854, 31.854002> 0.250000
	pigment { color rgbt <1,0,0,0> }
	no_shadow
}
cylinder {
	<32.420666, 29.992294, 32.233124>,  <32.344242, 29.988359, 32.460598>, 0.100000
	pigment { color rgbt <1,0,0,0> }
	no_shadow
}
cylinder {
	<32.420666, 29.992294, 32.233124>,  <32.548035, 29.998854, 31.854002>, 0.100000
	pigment { color rgbt <1,0,0,0> }
	no_shadow
}

// particle -1
sphere {
	<32.420666, 29.992294, 32.233124> 0.100000
	pigment { color rgbt <1,0,0,0> }
	no_shadow
}
sphere {
	0, 1
	scale<0.080000,0.200000,0.300000>
	matrix <0.027925, 0.999254, 0.026670,
		-0.947537, 0.034960, -0.317729,
		-0.318425, -0.016398, 0.947806,
		32.325138, 29.987375, 32.517467>
	pigment { color rgbt <0,1,1,0> }
	no_shadow
}
cylinder {
	<32.027443, 30.350363, 31.852364>,  <32.548035, 29.998854, 31.854002>, 0.130000
	pigment { color rgbt <1,0,0,0> }
	no_shadow
}

// nucleotide -1

// particle -1
sphere {
	<32.027443, 30.350363, 31.852364> 0.250000
	pigment { color rgbt <1,0,0,0> }
	no_shadow
}
cylinder {
	<32.079544, 30.361525, 32.248798>,  <32.110806, 30.368221, 32.486660>, 0.100000
	pigment { color rgbt <1,0,0,0> }
	no_shadow
}
cylinder {
	<32.079544, 30.361525, 32.248798>,  <32.027443, 30.350363, 31.852364>, 0.100000
	pigment { color rgbt <1,0,0,0> }
	no_shadow
}

// particle -1
sphere {
	<32.079544, 30.361525, 32.248798> 0.100000
	pigment { color rgbt <1,0,0,0> }
	no_shadow
}
sphere {
	0, 1
	scale<0.080000,0.200000,0.300000>
	matrix <-0.192103, 0.981372, -0.002381,
		-0.972692, -0.190080, 0.133188,
		0.130254, 0.027902, 0.991088,
		32.118622, 30.369896, 32.546124>
	pigment { color rgbt <0,1,1,0> }
	no_shadow
}
cylinder {
	<31.385435, 30.684582, 32.253506>,  <32.027443, 30.350363, 31.852364>, 0.130000
	pigment { color rgbt <1,0,0,0> }
	no_shadow
}

// nucleotide -1

// particle -1
sphere {
	<31.385435, 30.684582, 32.253506> 0.250000
	pigment { color rgbt <1,0,0,0> }
	no_shadow
}
cylinder {
	<31.709389, 30.703823, 32.487350>,  <31.903761, 30.715368, 32.627659>, 0.100000
	pigment { color rgbt <1,0,0,0> }
	no_shadow
}
cylinder {
	<31.709389, 30.703823, 32.487350>,  <31.385435, 30.684582, 32.253506>, 0.100000
	pigment { color rgbt <1,0,0,0> }
	no_shadow
}

// particle -1
sphere {
	<31.709389, 30.703823, 32.487350> 0.100000
	pigment { color rgbt <1,0,0,0> }
	no_shadow
}
sphere {
	0, 1
	scale<0.080000,0.200000,0.300000>
	matrix <-0.227559, 0.944347, 0.237540,
		-0.540652, -0.325414, 0.775759,
		0.809885, 0.048104, 0.584614,
		31.952354, 30.718254, 32.662735>
	pigment { color rgbt <0,1,1,0> }
	no_shadow
}
cylinder {
	<31.153625, 30.981325, 32.926628>,  <31.385435, 30.684582, 32.253506>, 0.130000
	pigment { color rgbt <1,0,0,0> }
	no_shadow
}

// nucleotide -1

// particle -1
sphere {
	<31.153625, 30.981325, 32.926628> 0.250000
	pigment { color rgbt <1,0,0,0> }
	no_shadow
}
cylinder {
	<31.551214, 31.020346, 32.906620>,  <31.789768, 31.043758, 32.894615>, 0.100000
	pigment { color rgbt <1,0,0,0> }
	no_shadow
}
cylinder {
	<31.551214, 31.020346, 32.906620>,  <31.153625, 30.981325, 32.926628>, 0.100000
	pigment { color rgbt <1,0,0,0> }
	no_shadow
}

// particle -1
sphere {
	<31.551214, 31.020346, 32.906620> 0.100000
	pigment { color rgbt <1,0,0,0> }
	no_shadow
}
sphere {
	0, 1
	scale<0.080000,0.200000,0.300000>
	matrix <-0.077276, 0.947096, 0.311509,
