// switches for output
#declare DRAW_BASES = 1; // possible values are 0, 1; only relevant for DNA ribbons
#declare DRAW_BASES_TYPE = 3; // possible values are 1, 2, 3; only relevant for DNA ribbons
#declare DRAW_FOG = 0; // set to 1 to enable fog

#include "colors.inc"

#include "transforms.inc"
background { rgb <1, 1, 1>}

#default {
   normal{
       ripples 0.25
       frequency 0.20
       turbulence 0.2
       lambda 5
   }
	finish {
		phong 0.1
		phong_size 40.
	}
}

// original window dimensions: 1024x640


// camera settings

camera {
	sky <0, 0.179814, -0.983701>
	up <0, 0.179814, -0.983701>
	right 1.6 * <1, 0, 0>
	location <35, 94.9851, 44.8844>
	look_at <35, 29.7336, 32.9568>
	direction <0, -65.2515, -11.9276>
	angle 67.0682
}


# declare cpy_camera_pos = <35, 94.9851, 44.8844>;
# if (DRAW_FOG = 1)
fog {
	fog_type 2
	up vnormalize(cpy_camera_pos)
	color rgbt<1,1,1,0.3>
	distance 1e-5
	fog_alt 3e-3
	fog_offset 56
}
# end


// LIGHTS

# declare lum = 6;
global_settings {
	ambient_light rgb lum * <0.05, 0.05, 0.05>
	max_trace_level 15
}# declare cpy_direct_light_amount = 0.25;
light_source
{	1000 * <-1, -1.16352, -0.803886>,
	rgb lum * cpy_direct_light_amount
	parallel
}

light_source
{	1000 * <1, 1.16352, 0.803886>,
	rgb lum * cpy_direct_light_amount
	parallel
}

// strand 0

// nucleotide -1

// particle -1
sphere {
	<23.935118, 35.441238, 34.993042> 0.250000
	pigment { color rgbt <1,0,0,0> }
	no_shadow
}
cylinder {
	<24.189655, 35.154819, 35.107826>,  <24.342377, 34.982967, 35.176697>, 0.100000
	pigment { color rgbt <1,0,0,0> }
	no_shadow
}
cylinder {
	<24.189655, 35.154819, 35.107826>,  <23.935118, 35.441238, 34.993042>, 0.100000
	pigment { color rgbt <1,0,0,0> }
	no_shadow
}

// particle -1
sphere {
	<24.189655, 35.154819, 35.107826> 0.100000
	pigment { color rgbt <1,0,0,0> }
	no_shadow
}
sphere {
	0, 1
	scale<0.080000,0.200000,0.300000>
	matrix <0.758871, 0.514282, -0.399536,
		0.138509, 0.472006, 0.870647,
		0.636342, -0.716047, 0.286959,
		24.380558, 34.940006, 35.193913>
	pigment { color rgbt <0,1,1,0> }
	no_shadow
}
cylinder {
	<24.465151, 35.726967, 35.382332>,  <23.935118, 35.441238, 34.993042>, 0.130000
	pigment { color rgbt <1,0,0,0> }
	no_shadow
}

// nucleotide -1

// particle -1
sphere {
	<24.465151, 35.726967, 35.382332> 0.250000
	pigment { color rgbt <1,0,0,0> }
	no_shadow
}
cylinder {
	<24.615671, 35.408142, 35.193401>,  <24.705984, 35.216846, 35.080044>, 0.100000
	pigment { color rgbt <1,0,0,0> }
	no_shadow
}
cylinder {
	<24.615671, 35.408142, 35.193401>,  <24.465151, 35.726967, 35.382332>, 0.100000
	pigment { color rgbt <1,0,0,0> }
	no_shadow
}

// particle -1
sphere {
	<24.615671, 35.408142, 35.193401> 0.100000
	pigment { color rgbt <1,0,0,0> }
	no_shadow
}
sphere {
	0, 1
	scale<0.080000,0.200000,0.300000>
	matrix <0.761288, 0.556561, -0.332689,
		0.528051, -0.234384, 0.816227,
		0.376303, -0.797060, -0.472326,
		24.728561, 35.169025, 35.051704>
	pigment { color rgbt <0,1,1,0> }
	no_shadow
}
cylinder {
	<25.246759, 35.489136, 35.475220>,  <24.465151, 35.726967, 35.382332>, 0.130000
	pigment { color rgbt <1,0,0,0> }
	no_shadow
}

// nucleotide -1

// particle -1
sphere {
	<25.246759, 35.489136, 35.475220> 0.250000
	pigment { color rgbt <1,0,0,0> }
	no_shadow
}
cylinder {
	<25.028341, 35.465473, 35.140953>,  <24.897289, 35.451275, 34.940395>, 0.100000
	pigment { color rgbt <1,0,0,0> }
	no_shadow
}
cylinder {
	<25.028341, 35.465473, 35.140953>,  <25.246759, 35.489136, 35.475220>, 0.100000
	pigment { color rgbt <1,0,0,0> }
	no_shadow
}

// particle -1
sphere {
	<25.028341, 35.465473, 35.140953> 0.100000
	pigment { color rgbt <1,0,0,0> }
	no_shadow
}
sphere {
	0, 1
	scale<0.080000,0.200000,0.300000>
	matrix <0.614966, 0.649078, -0.447788,
		0.568901, -0.758418, -0.318046,
		-0.546048, -0.059160, -0.835663,
		24.864527, 35.447723, 34.890255>
	pigment { color rgbt <0,1,1,0> }
	no_shadow
}
cylinder {
	<25.723747, 35.401104, 34.883080>,  <25.246759, 35.489136, 35.475220>, 0.130000
	pigment { color rgbt <1,0,0,0> }
	no_shadow
}

// nucleotide -1

// particle -1
sphere {
	<25.723747, 35.401104, 34.883080> 0.250000
	pigment { color rgbt <1,0,0,0> }
	no_shadow
}
cylinder {
	<25.402554, 35.625175, 34.801682>,  <25.209837, 35.759621, 34.752842>, 0.100000
	pigment { color rgbt <1,0,0,0> }
	no_shadow
}
cylinder {
	<25.402554, 35.625175, 34.801682>,  <25.723747, 35.401104, 34.883080>, 0.100000
	pigment { color rgbt <1,0,0,0> }
	no_shadow
}

// particle -1
sphere {
	<25.402554, 35.625175, 34.801682> 0.100000
	pigment { color rgbt <1,0,0,0> }
	no_shadow
}
sphere {
	0, 1
	scale<0.080000,0.200000,0.300000>
	matrix <0.595823, 0.762837, -0.251147,
		0.014548, -0.322916, -0.946316,
		-0.802984, 0.560183, -0.203499,
		25.161659, 35.793232, 34.740631>
	pigment { color rgbt <0,1,1,0> }
	no_shadow
}
cylinder {
	<25.917826, 35.827732, 34.323109>,  <25.723747, 35.401104, 34.883080>, 0.130000
	pigment { color rgbt <1,0,0,0> }
	no_shadow
}

// nucleotide -1

// particle -1
sphere {
	<25.917826, 35.827732, 34.323109> 0.250000
	pigment { color rgbt <1,0,0,0> }
	no_shadow
}
cylinder {
	<25.612545, 36.011101, 34.505260>,  <25.429377, 36.121124, 34.614552>, 0.100000
	pigment { color rgbt <1,0,0,0> }
	no_shadow
}
cylinder {
	<25.612545, 36.011101, 34.505260>,  <25.917826, 35.827732, 34.323109>, 0.100000
	pigment { color rgbt <1,0,0,0> }
	no_shadow
}

// particle -1
sphere {
	<25.612545, 36.011101, 34.505260> 0.100000
	pigment { color rgbt <1,0,0,0> }
	no_shadow
}
sphere {
	0, 1
	scale<0.080000,0.200000,0.300000>
	matrix <0.417970, 0.887695, -0.193130,
		-0.492773, 0.042937, -0.869098,
		-0.763201, 0.458426, 0.455378,
		25.383585, 36.148628, 34.641872>
	pigment { color rgbt <0,1,1,0> }
	no_shadow
}
cylinder {
	<26.710283, 35.949963, 34.382729>,  <25.917826, 35.827732, 34.323109>, 0.130000
	pigment { color rgbt <1,0,0,0> }
	no_shadow
}

// nucleotide -1

// particle -1
sphere {
	<26.710283, 35.949963, 34.382729> 0.250000
	pigment { color rgbt <1,0,0,0> }
	no_shadow
}
cylinder {
	<26.890821, 36.268066, 34.544640>,  <26.999144, 36.458931, 34.641788>, 0.100000
	pigment { color rgbt <1,0,0,0> }
	no_shadow
}
cylinder {
	<26.890821, 36.268066, 34.544640>,  <26.710283, 35.949963, 34.382729>, 0.100000
	pigment { color rgbt <1,0,0,0> }
	no_shadow
}

// particle -1
sphere {
	<26.890821, 36.268066, 34.544640> 0.100000
	pigment { color rgbt <1,0,0,0> }
	no_shadow
}
sphere {
	0, 1
	scale<0.080000,0.200000,0.300000>
	matrix <0.018921, -0.462038, 0.886658,
		0.892149, -0.392530, -0.223586,
		0.451345, 0.795262, 0.404779,
		27.026224, 36.506645, 34.666073>
	pigment { color rgbt <0,1,1,0> }
	no_shadow
}
cylinder {
	<27.200991, 35.567467, 34.746048>,  <26.710283, 35.949963, 34.382729>, 0.130000
	pigment { color rgbt <1,0,0,0> }
	no_shadow
}

// nucleotide -1

// particle -1
sphere {
	<27.200991, 35.567467, 34.746048> 0.250000
	pigment { color rgbt <1,0,0,0> }
	no_shadow
}
cylinder {
	<27.132248, 35.938606, 34.878448>,  <27.091002, 36.161289, 34.957890>, 0.100000
	pigment { color rgbt <1,0,0,0> }
	no_shadow
}
cylinder {
	<27.132248, 35.938606, 34.878448>,  <27.200991, 35.567467, 34.746048>, 0.100000
	pigment { color rgbt <1,0,0,0> }
	no_shadow
}

// particle -1
sphere {
	<27.132248, 35.938606, 34.878448> 0.100000
	pigment { color rgbt <1,0,0,0> }
	no_shadow
}
sphere {
	0, 1
	scale<0.080000,0.200000,0.300000>
	matrix <-0.112852, -0.352330, 0.929047,
		0.978637, 0.122310, 0.165260,
		-0.171858, 0.927849, 0.331000,
		27.080690, 36.216961, 34.977749>
	pigment { color rgbt <0,1,1,0> }
	no_shadow
}
cylinder {
	<27.610798, 35.636318, 35.374737>,  <27.200991, 35.567467, 34.746048>, 0.130000
	pigment { color rgbt <1,0,0,0> }
	no_shadow
}

// nucleotide -1

// particle -1
sphere {
	<27.610798, 35.636318, 35.374737> 0.250000
	pigment { color rgbt <1,0,0,0> }
	no_shadow
}
cylinder {
	<27.357252, 35.943974, 35.407322>,  <27.205124, 36.128567, 35.426872>, 0.100000
	pigment { color rgbt <1,0,0,0> }
	no_shadow
}
cylinder {
	<27.357252, 35.943974, 35.407322>,  <27.610798, 35.636318, 35.374737>, 0.100000
	pigment { color rgbt <1,0,0,0> }
	no_shadow
}

// particle -1
sphere {
	<27.357252, 35.943974, 35.407322> 0.100000
	pigment { color rgbt <1,0,0,0> }
	no_shadow
}
sphere {
	0, 1
	scale<0.080000,0.200000,0.300000>
	matrix <-0.077605, -0.168036, 0.982721,
		0.769540, 0.616591, 0.166202,
		-0.633866, 0.769142, 0.081460,
		27.167093, 36.174717, 35.431759>
	pigment { color rgbt <0,1,1,0> }
	no_shadow
}
cylinder {
	<27.887648, 36.049072, 35.982655>,  <27.610798, 35.636318, 35.374737>, 0.130000
	pigment { color rgbt <1,0,0,0> }
	no_shadow
}

// nucleotide -1

// particle -1
sphere {
	<27.887648, 36.049072, 35.982655> 0.250000
	pigment { color rgbt <1,0,0,0> }
	no_shadow
}
cylinder {
	<27.501175, 36.128578, 35.916950>,  <27.269291, 36.176281, 35.877525>, 0.100000
	pigment { color rgbt <1,0,0,0> }
	no_shadow
}
cylinder {
	<27.501175, 36.128578, 35.916950>,  <27.887648, 36.049072, 35.982655>, 0.100000
	pigment { color rgbt <1,0,0,0> }
	no_shadow
}

// particle -1
sphere {
	<27.501175, 36.128578, 35.916950> 0.100000
	pigment { color rgbt <1,0,0,0> }
	no_shadow
}
sphere {
	0, 1
	scale<0.080000,0.200000,0.300000>
	matrix <-0.216481, -0.279153, 0.935526,
		0.140095, 0.939450, 0.312742,
		-0.966183, 0.198766, -0.164265,
		27.211321, 36.188210, 35.867672>
	pigment { color rgbt <0,1,1,0> }
	no_shadow
}
cylinder {
	<27.699528, 36.371723, 36.541119>,  <27.887648, 36.049072, 35.982655>, 0.130000
	pigment { color rgbt <1,0,0,0> }
	no_shadow
}

// nucleotide -1

// particle -1
sphere {
	<27.699528, 36.371723, 36.541119> 0.250000
	pigment { color rgbt <1,0,0,0> }
	no_shadow
}
cylinder {
	<27.363852, 36.221817, 36.383480>,  <27.162445, 36.131874, 36.288898>, 0.100000
	pigment { color rgbt <1,0,0,0> }
	no_shadow
}
cylinder {
	<27.363852, 36.221817, 36.383480>,  <27.699528, 36.371723, 36.541119>, 0.100000
	pigment { color rgbt <1,0,0,0> }
	no_shadow
}

// particle -1
sphere {
	<27.363852, 36.221817, 36.383480> 0.100000
	pigment { color rgbt <1,0,0,0> }
	no_shadow
}
sphere {
	0, 1
	scale<0.080000,0.200000,0.300000>
	matrix <-0.314131, -0.257505, 0.913790,
		-0.443937, 0.890642, 0.098371,
		-0.839191, -0.374764, -0.394094,
		27.112095, 36.109386, 36.265251>
	pigment { color rgbt <0,1,1,0> }
	no_shadow
}
cylinder {
	<27.164888, 36.486183, 36.992134>,  <27.699528, 36.371723, 36.541119>, 0.130000
	pigment { color rgbt <1,0,0,0> }
	no_shadow
}

// nucleotide -1

// particle -1
sphere {
	<27.164888, 36.486183, 36.992134> 0.250000
	pigment { color rgbt <1,0,0,0> }
	no_shadow
}
cylinder {
	<26.998613, 36.200943, 36.766323>,  <26.898849, 36.029797, 36.630836>, 0.100000
	pigment { color rgbt <1,0,0,0> }
	no_shadow
}
cylinder {
	<26.998613, 36.200943, 36.766323>,  <27.164888, 36.486183, 36.992134>, 0.100000
	pigment { color rgbt <1,0,0,0> }
	no_shadow
}

// particle -1
sphere {
	<26.998613, 36.200943, 36.766323> 0.100000
	pigment { color rgbt <1,0,0,0> }
	no_shadow
}
sphere {
	0, 1
	scale<0.080000,0.200000,0.300000>
	matrix <-0.219514, -0.523680, 0.823148,
		-0.882621, 0.466092, 0.061150,
		-0.415685, -0.713104, -0.564524,
		26.873907, 35.987011, 36.596966>
	pigment { color rgbt <0,1,1,0> }
	no_shadow
}
cylinder {
	<26.713516, 36.249840, 37.353699>,  <27.164888, 36.486183, 36.992134>, 0.130000
	pigment { color rgbt <1,0,0,0> }
	no_shadow
}

// nucleotide -1

// particle -1
sphere {
	<26.713516, 36.249840, 37.353699> 0.250000
	pigment { color rgbt <1,0,0,0> }
	no_shadow
}
cylinder {
	<26.676821, 35.928883, 37.117821>,  <26.654802, 35.736309, 36.976295>, 0.100000
	pigment { color rgbt <1,0,0,0> }
	no_shadow
}
cylinder {
	<26.676821, 35.928883, 37.117821>,  <26.713516, 36.249840, 37.353699>, 0.100000
	pigment { color rgbt <1,0,0,0> }
	no_shadow
}

// particle -1
sphere {
	<26.676821, 35.928883, 37.117821> 0.100000
	pigment { color rgbt <1,0,0,0> }
	no_shadow
}
sphere {
	0, 1
	scale<0.080000,0.200000,0.300000>
	matrix <-0.332532, -0.533512, 0.777681,
		-0.938619, 0.267438, -0.217878,
		-0.091741, -0.802397, -0.589696,
		26.649298, 35.688164, 36.940910>
	pigment { color rgbt <0,1,1,0> }
	no_shadow
}
cylinder {
	<26.057878, 35.975723, 37.484730>,  <26.713516, 36.249840, 37.353699>, 0.130000
	pigment { color rgbt <1,0,0,0> }
	no_shadow
}

// nucleotide -1

// particle -1
sphere {
	<26.057878, 35.975723, 37.484730> 0.250000
	pigment { color rgbt <1,0,0,0> }
	no_shadow
}
cylinder {
	<26.274096, 35.676094, 37.331520>,  <26.403826, 35.496319, 37.239594>, 0.100000
	pigment { color rgbt <1,0,0,0> }
	no_shadow
}
cylinder {
	<26.274096, 35.676094, 37.331520>,  <26.057878, 35.975723, 37.484730>, 0.100000
	pigment { color rgbt <1,0,0,0> }
	no_shadow
}

// particle -1
sphere {
	<26.274096, 35.676094, 37.331520> 0.100000
	pigment { color rgbt <1,0,0,0> }
	no_shadow
}
sphere {
	0, 1
	scale<0.080000,0.200000,0.300000>
	matrix <-0.292845, -0.594319, 0.749017,
		-0.788706, -0.292707, -0.540616,
		0.540541, -0.749071, -0.383025,
		26.436258, 35.451374, 37.216614>
	pigment { color rgbt <0,1,1,0> }
	no_shadow
}
cylinder {
	<25.645437, 35.473511, 37.567772>,  <26.057878, 35.975723, 37.484730>, 0.130000
	pigment { color rgbt <1,0,0,0> }
	no_shadow
}

// nucleotide -1

// particle -1
sphere {
	<25.645437, 35.473511, 37.567772> 0.250000
	pigment { color rgbt <1,0,0,0> }
	no_shadow
}
cylinder {
	<25.997324, 35.288292, 37.524517>,  <26.208456, 35.177162, 37.498566>, 0.100000
	pigment { color rgbt <1,0,0,0> }
	no_shadow
}
cylinder {
	<25.997324, 35.288292, 37.524517>,  <25.645437, 35.473511, 37.567772>, 0.100000
	pigment { color rgbt <1,0,0,0> }
	no_shadow
}

// particle -1
sphere {
	<25.997324, 35.288292, 37.524517> 0.100000
	pigment { color rgbt <1,0,0,0> }
	no_shadow
}
sphere {
	0, 1
	scale<0.080000,0.200000,0.300000>
	matrix <-0.201261, -0.568630, 0.797593,
		-0.430807, -0.679892, -0.593425,
		0.879716, -0.463041, -0.108134,
		26.261238, 35.149380, 37.492077>
	pigment { color rgbt <0,1,1,0> }
	no_shadow
}
cylinder {
	<25.455883, 34.821705, 37.657578>,  <25.645437, 35.473511, 37.567772>, 0.130000
	pigment { color rgbt <1,0,0,0> }
	no_shadow
}

// nucleotide -1

// particle -1
sphere {
	<25.455883, 34.821705, 37.657578> 0.250000
	pigment { color rgbt <1,0,0,0> }
	no_shadow
}
cylinder {
	<25.840218, 34.866802, 37.758835>,  <26.070818, 34.893860, 37.819592>, 0.100000
	pigment { color rgbt <1,0,0,0> }
	no_shadow
}
cylinder {
	<25.840218, 34.866802, 37.758835>,  <25.455883, 34.821705, 37.657578>, 0.100000
	pigment { color rgbt <1,0,0,0> }
	no_shadow
}

// particle -1
sphere {
	<25.840218, 34.866802, 37.758835> 0.100000
	pigment { color rgbt <1,0,0,0> }
	no_shadow
}
sphere {
	0, 1
	scale<0.080000,0.200000,0.300000>
	matrix <-0.136305, -0.603086, 0.785944,
		0.241278, -0.789668, -0.564100,
		0.960836, 0.112741, 0.253147,
		26.128468, 34.900623, 37.834778>
	pigment { color rgbt <0,1,1,0> }
	no_shadow
}
cylinder {
	<25.652037, 34.158417, 37.897282>,  <25.455883, 34.821705, 37.657578>, 0.130000
	pigment { color rgbt <1,0,0,0> }
	no_shadow
}

// nucleotide -1

// particle -1
sphere {
	<25.652037, 34.158417, 37.897282> 0.250000
	pigment { color rgbt <1,0,0,0> }
	no_shadow
}
cylinder {
	<25.952467, 34.381618, 38.038433>,  <26.132725, 34.515537, 38.123123>, 0.100000
	pigment { color rgbt <1,0,0,0> }
	no_shadow
}
cylinder {
	<25.952467, 34.381618, 38.038433>,  <25.652037, 34.158417, 37.897282>, 0.100000
	pigment { color rgbt <1,0,0,0> }
	no_shadow
}

// particle -1
sphere {
	<25.952467, 34.381618, 38.038433> 0.100000
	pigment { color rgbt <1,0,0,0> }
	no_shadow
}
sphere {
	0, 1
	scale<0.080000,0.200000,0.300000>
	matrix <0.064508, -0.593952, 0.801910,
		0.657058, -0.579531, -0.482098,
		0.751074, 0.558001, 0.352876,
		26.177790, 34.549019, 38.144295>
	pigment { color rgbt <0,1,1,0> }
	no_shadow
}
cylinder {
	<26.133490, 33.768505, 38.294380>,  <25.652037, 34.158417, 37.897282>, 0.130000
	pigment { color rgbt <1,0,0,0> }
	no_shadow
}

// nucleotide -1

// particle -1
sphere {
	<26.133490, 33.768505, 38.294380> 0.250000
	pigment { color rgbt <1,0,0,0> }
	no_shadow
}
cylinder {
	<26.209209, 34.136280, 38.432243>,  <26.254642, 34.356945, 38.514961>, 0.100000
	pigment { color rgbt <1,0,0,0> }
	no_shadow
}
cylinder {
	<26.209209, 34.136280, 38.432243>,  <26.133490, 33.768505, 38.294380>, 0.100000
	pigment { color rgbt <1,0,0,0> }
	no_shadow
}

// particle -1
sphere {
	<26.209209, 34.136280, 38.432243> 0.100000
	pigment { color rgbt <1,0,0,0> }
	no_shadow
}
sphere {
	0, 1
	scale<0.080000,0.200000,0.300000>
	matrix <0.052441, -0.359974, 0.931488,
		0.980518, -0.158257, -0.116360,
		0.189301, 0.919442, 0.344661,
		26.266001, 34.412113, 38.535641>
	pigment { color rgbt <0,1,1,0> }
	no_shadow
}
cylinder {
	<26.320097, 33.655972, 38.953056>,  <26.133490, 33.768505, 38.294380>, 0.130000
	pigment { color rgbt <1,0,0,0> }
	no_shadow
}

// nucleotide -1

// particle -1
sphere {
	<26.320097, 33.655972, 38.953056> 0.250000
	pigment { color rgbt <1,0,0,0> }
	no_shadow
}
cylinder {
	<26.257921, 34.049145, 38.992432>,  <26.220615, 34.285049, 39.016056>, 0.100000
	pigment { color rgbt <1,0,0,0> }
	no_shadow
}
cylinder {
	<26.257921, 34.049145, 38.992432>,  <26.320097, 33.655972, 38.953056>, 0.100000
	pigment { color rgbt <1,0,0,0> }
	no_shadow
}

// particle -1
sphere {
	<26.257921, 34.049145, 38.992432> 0.100000
	pigment { color rgbt <1,0,0,0> }
	no_shadow
}
sphere {
	0, 1
	scale<0.080000,0.200000,0.300000>
	matrix <-0.088628, -0.113125, 0.989620,
		0.983862, 0.145099, 0.104699,
		-0.155437, 0.982929, 0.098440,
		26.211290, 34.344025, 39.021965>
	pigment { color rgbt <0,1,1,0> }
	no_shadow
}
cylinder {
	<26.841125, 33.936321, 39.427479>,  <26.320097, 33.655972, 38.953056>, 0.130000
	pigment { color rgbt <1,0,0,0> }
	no_shadow
}

// nucleotide -1

// particle -1
sphere {
	<26.841125, 33.936321, 39.427479> 0.250000
	pigment { color rgbt <1,0,0,0> }
	no_shadow
}
cylinder {
	<26.546692, 34.206406, 39.446548>,  <26.370031, 34.368458, 39.457993>, 0.100000
	pigment { color rgbt <1,0,0,0> }
	no_shadow
}
cylinder {
	<26.546692, 34.206406, 39.446548>,  <26.841125, 33.936321, 39.427479>, 0.100000
	pigment { color rgbt <1,0,0,0> }
	no_shadow
}

// particle -1
sphere {
	<26.546692, 34.206406, 39.446548> 0.100000
	pigment { color rgbt <1,0,0,0> }
	no_shadow
}
sphere {
	0, 1
	scale<0.080000,0.200000,0.300000>
	matrix <0.114559, 0.054849, 0.991901,
		0.667126, 0.735584, -0.117725,
		-0.736084, 0.675209, 0.047677,
		26.325867, 34.408970, 39.460850>
	pigment { color rgbt <0,1,1,0> }
	no_shadow
}
cylinder {
	<27.008373, 34.577065, 39.959934>,  <26.841125, 33.936321, 39.427479>, 0.130000
	pigment { color rgbt <1,0,0,0> }
	no_shadow
}

// nucleotide -1

// particle -1
sphere {
	<27.008373, 34.577065, 39.959934> 0.250000
	pigment { color rgbt <1,0,0,0> }
	no_shadow
}
cylinder {
	<26.615242, 34.513264, 39.922829>,  <26.379362, 34.474983, 39.900566>, 0.100000
	pigment { color rgbt <1,0,0,0> }
	no_shadow
}
cylinder {
	<26.615242, 34.513264, 39.922829>,  <27.008373, 34.577065, 39.959934>, 0.100000
	pigment { color rgbt <1,0,0,0> }
	no_shadow
}

// particle -1
sphere {
	<26.615242, 34.513264, 39.922829> 0.100000
	pigment { color rgbt <1,0,0,0> }
	no_shadow
}
sphere {
	0, 1
	scale<0.080000,0.200000,0.300000>
	matrix <-0.104749, 0.068454, 0.992140,
		-0.151894, 0.984822, -0.083986,
		-0.982830, -0.159498, -0.092762,
		26.320393, 34.465416, 39.895000>
	pigment { color rgbt <0,1,1,0> }
	no_shadow
}
cylinder {
	<26.768915, 34.956032, 40.524624>,  <27.008373, 34.577065, 39.959934>, 0.130000
	pigment { color rgbt <1,0,0,0> }
	no_shadow
}

// nucleotide -1

// particle -1
sphere {
	<26.768915, 34.956032, 40.524624> 0.250000
	pigment { color rgbt <1,0,0,0> }
	no_shadow
}
cylinder {
	<26.453922, 34.746052, 40.395439>,  <26.264927, 34.620064, 40.317928>, 0.100000
	pigment { color rgbt <1,0,0,0> }
	no_shadow
}
cylinder {
	<26.453922, 34.746052, 40.395439>,  <26.768915, 34.956032, 40.524624>, 0.100000
	pigment { color rgbt <1,0,0,0> }
	no_shadow
}

// particle -1
sphere {
	<26.453922, 34.746052, 40.395439> 0.100000
	pigment { color rgbt <1,0,0,0> }
	no_shadow
}
sphere {
	0, 1
	scale<0.080000,0.200000,0.300000>
	matrix <-0.283573, -0.156650, 0.946069,
		-0.547226, 0.836596, -0.025501,
		-0.787483, -0.524945, -0.322959,
		26.217678, 34.588570, 40.298550>
	pigment { color rgbt <0,1,1,0> }
	no_shadow
}
cylinder {
	<26.159782, 35.295399, 40.701168>,  <26.768915, 34.956032, 40.524624>, 0.130000
	pigment { color rgbt <1,0,0,0> }
	no_shadow
}

// nucleotide -1

// particle -1
sphere {
	<26.159782, 35.295399, 40.701168> 0.250000
	pigment { color rgbt <1,0,0,0> }
	no_shadow
}
cylinder {
	<26.085518, 34.904228, 40.662807>,  <26.040958, 34.669525, 40.639790>, 0.100000
	pigment { color rgbt <1,0,0,0> }
	no_shadow
}
cylinder {
	<26.085518, 34.904228, 40.662807>,  <26.159782, 35.295399, 40.701168>, 0.100000
	pigment { color rgbt <1,0,0,0> }
	no_shadow
}

// particle -1
sphere {
	<26.085518, 34.904228, 40.662807> 0.100000
	pigment { color rgbt <1,0,0,0> }
	no_shadow
}
sphere {
	0, 1
	scale<0.080000,0.200000,0.300000>
	matrix <-0.281072, -0.040666, 0.958825,
		-0.941556, 0.204974, -0.267317,
		-0.185663, -0.977922, -0.095902,
		26.029819, 34.610851, 40.634037>
	pigment { color rgbt <0,1,1,0> }
	no_shadow
}
cylinder {
	<25.531988, 35.182232, 41.117504>,  <26.159782, 35.295399, 40.701168>, 0.130000
	pigment { color rgbt <1,0,0,0> }
	no_shadow
}

// nucleotide -1

// particle -1
sphere {
	<25.531988, 35.182232, 41.117504> 0.250000
	pigment { color rgbt <1,0,0,0> }
	no_shadow
}
cylinder {
	<25.644547, 34.801983, 41.065136>,  <25.712082, 34.573833, 41.033714>, 0.100000
	pigment { color rgbt <1,0,0,0> }
	no_shadow
}
cylinder {
	<25.644547, 34.801983, 41.065136>,  <25.531988, 35.182232, 41.117504>, 0.100000
	pigment { color rgbt <1,0,0,0> }
	no_shadow
}

// particle -1
sphere {
	<25.644547, 34.801983, 41.065136> 0.100000
	pigment { color rgbt <1,0,0,0> }
	no_shadow
}
sphere {
	0, 1
	scale<0.080000,0.200000,0.300000>
	matrix <-0.399688, -0.240141, 0.884637,
		-0.872392, -0.196606, -0.447525,
		0.281394, -0.950620, -0.130916,
		25.728966, 34.516796, 41.025860>
	pigment { color rgbt <0,1,1,0> }
	no_shadow
}
cylinder {
	<24.973555, 34.756378, 41.104015>,  <25.531988, 35.182232, 41.117504>, 0.130000
	pigment { color rgbt <1,0,0,0> }
	no_shadow
}

// nucleotide -1

// particle -1
sphere {
	<24.973555, 34.756378, 41.104015> 0.250000
	pigment { color rgbt <1,0,0,0> }
	no_shadow
}
cylinder {
	<25.275282, 34.520973, 41.220402>,  <25.456318, 34.379730, 41.290234>, 0.100000
	pigment { color rgbt <1,0,0,0> }
	no_shadow
}
cylinder {
	<25.275282, 34.520973, 41.220402>,  <24.973555, 34.756378, 41.104015>, 0.100000
	pigment { color rgbt <1,0,0,0> }
	no_shadow
}

// particle -1
sphere {
	<25.275282, 34.520973, 41.220402> 0.100000
	pigment { color rgbt <1,0,0,0> }
	no_shadow
}
sphere {
	0, 1
	scale<0.080000,0.200000,0.300000>
	matrix <-0.522546, -0.269907, 0.808762,
		-0.397431, -0.762106, -0.511119,
		0.754317, -0.588510, 0.290966,
		25.501577, 34.344421, 41.307693>
	pigment { color rgbt <0,1,1,0> }
	no_shadow
}
cylinder {
	<24.704746, 34.184544, 41.220207>,  <24.973555, 34.756378, 41.104015>, 0.130000
	pigment { color rgbt <1,0,0,0> }
	no_shadow
}

// nucleotide -1

// particle -1
sphere {
	<24.704746, 34.184544, 41.220207> 0.250000
	pigment { color rgbt <1,0,0,0> }
	no_shadow
}
cylinder {
	<25.054132, 34.114639, 41.401985>,  <25.263763, 34.072697, 41.511051>, 0.100000
	pigment { color rgbt <1,0,0,0> }
	no_shadow
}
cylinder {
	<25.054132, 34.114639, 41.401985>,  <24.704746, 34.184544, 41.220207>, 0.100000
	pigment { color rgbt <1,0,0,0> }
	no_shadow
}

// particle -1
sphere {
	<25.054132, 34.114639, 41.401985> 0.100000
	pigment { color rgbt <1,0,0,0> }
	no_shadow
}
sphere {
	0, 1
	scale<0.080000,0.200000,0.300000>
	matrix <-0.486360, -0.269827, 0.831052,
		-0.022612, -0.946917, -0.320680,
		0.873466, -0.174758, 0.454441,
		25.316172, 34.062210, 41.538319>
	pigment { color rgbt <0,1,1,0> }
	no_shadow
}
cylinder {
	<24.590122, 33.562962, 41.578331>,  <24.704746, 34.184544, 41.220207>, 0.130000
	pigment { color rgbt <1,0,0,0> }
	no_shadow
}

// nucleotide -1

// particle -1
sphere {
	<24.590122, 33.562962, 41.578331> 0.250000
	pigment { color rgbt <1,0,0,0> }
	no_shadow
}
cylinder {
	<24.876505, 33.790951, 41.739594>,  <25.048334, 33.927746, 41.836349>, 0.100000
	pigment { color rgbt <1,0,0,0> }
	no_shadow
}
cylinder {
	<24.876505, 33.790951, 41.739594>,  <24.590122, 33.562962, 41.578331>, 0.100000
	pigment { color rgbt <1,0,0,0> }
	no_shadow
}

// particle -1
sphere {
	<24.876505, 33.790951, 41.739594> 0.100000
	pigment { color rgbt <1,0,0,0> }
	no_shadow
}
sphere {
	0, 1
	scale<0.080000,0.200000,0.300000>
	matrix <-0.436003, -0.085967, 0.895830,
		0.545257, -0.817154, 0.186961,
		0.715958, 0.569973, 0.403155,
		25.091291, 33.961945, 41.860538>
	pigment { color rgbt <0,1,1,0> }
	no_shadow
}
cylinder {
	<24.971104, 33.179085, 42.114460>,  <24.590122, 33.562962, 41.578331>, 0.130000
	pigment { color rgbt <1,0,0,0> }
	no_shadow
}

// nucleotide -1

// particle -1
sphere {
	<24.971104, 33.179085, 42.114460> 0.250000
	pigment { color rgbt <1,0,0,0> }
	no_shadow
}
cylinder {
	<24.901810, 33.571201, 42.152443>,  <24.860233, 33.806473, 42.175232>, 0.100000
	pigment { color rgbt <1,0,0,0> }
	no_shadow
}
cylinder {
	<24.901810, 33.571201, 42.152443>,  <24.971104, 33.179085, 42.114460>, 0.100000
	pigment { color rgbt <1,0,0,0> }
	no_shadow
}

// particle -1
sphere {
	<24.901810, 33.571201, 42.152443> 0.100000
	pigment { color rgbt <1,0,0,0> }
	no_shadow
}
sphere {
	0, 1
	scale<0.080000,0.200000,0.300000>
	matrix <-0.640683, -0.185392, 0.745087,
		0.748008, 0.068238, 0.660173,
		-0.173234, 0.980293, 0.094955,
		24.849840, 33.865288, 42.180931>
	pigment { color rgbt <0,1,1,0> }
	no_shadow
}
cylinder {
	<25.124125, 33.581993, 42.648071>,  <24.971104, 33.179085, 42.114460>, 0.130000
	pigment { color rgbt <1,0,0,0> }
	no_shadow
}

// nucleotide -1

// particle -1
sphere {
	<25.124125, 33.581993, 42.648071> 0.250000
	pigment { color rgbt <1,0,0,0> }
	no_shadow
}
cylinder {
	<24.769127, 33.581367, 42.463745>,  <24.556128, 33.580994, 42.353149>, 0.100000
	pigment { color rgbt <1,0,0,0> }
	no_shadow
}
cylinder {
	<24.769127, 33.581367, 42.463745>,  <25.124125, 33.581993, 42.648071>, 0.100000
	pigment { color rgbt <1,0,0,0> }
	no_shadow
}

// particle -1
sphere {
	<24.769127, 33.581367, 42.463745> 0.100000
	pigment { color rgbt <1,0,0,0> }
	no_shadow
}
sphere {
	0, 1
	scale<0.080000,0.200000,0.300000>
	matrix <-0.389301, -0.532524, 0.751574,
		-0.246569, 0.846414, 0.472004,
		-0.887496, -0.001563, -0.460813,
		24.502878, 33.580898, 42.325500>
	pigment { color rgbt <0,1,1,0> }
	no_shadow
}
cylinder {
	<25.516922, 34.347061, 42.874741>,  <25.124125, 33.581993, 42.648071>, 0.130000
	pigment { color rgbt <1,0,0,0> }
	no_shadow
}

// nucleotide -1

// particle -1
sphere {
	<25.516922, 34.347061, 42.874741> 0.250000
	pigment { color rgbt <1,0,0,0> }
	no_shadow
}
cylinder {
	<25.501915, 34.273727, 43.267673>,  <25.492910, 34.229729, 43.503433>, 0.100000
	pigment { color rgbt <1,0,0,0> }
	no_shadow
}
cylinder {
	<25.501915, 34.273727, 43.267673>,  <25.516922, 34.347061, 42.874741>, 0.100000
	pigment { color rgbt <1,0,0,0> }
	no_shadow
}

// particle -1
sphere {
	<25.501915, 34.273727, 43.267673> 0.100000
	pigment { color rgbt <1,0,0,0> }
	no_shadow
}
sphere {
	0, 1
	scale<0.080000,0.200000,0.300000>
	matrix <-0.738150, 0.667711, 0.096424,
		-0.673593, -0.721492, -0.160380,
		-0.037518, -0.183335, 0.982334,
		25.490660, 34.218727, 43.562374>
	pigment { color rgbt <0,1,1,0> }
	no_shadow
}
cylinder {
	<24.846478, 34.225929, 43.044701>,  <25.516922, 34.347061, 42.874741>, 0.130000
	pigment { color rgbt <1,0,0,0> }
	no_shadow
}

// nucleotide -1

// particle -1
sphere {
	<24.846478, 34.225929, 43.044701> 0.250000
	pigment { color rgbt <1,0,0,0> }
	no_shadow
}
cylinder {
	<25.075827, 34.403145, 43.320370>,  <25.213436, 34.509476, 43.485771>, 0.100000
	pigment { color rgbt <1,0,0,0> }
	no_shadow
}
cylinder {
	<25.075827, 34.403145, 43.320370>,  <24.846478, 34.225929, 43.044701>, 0.100000
	pigment { color rgbt <1,0,0,0> }
	no_shadow
}

// particle -1
sphere {
	<25.075827, 34.403145, 43.320370> 0.100000
	pigment { color rgbt <1,0,0,0> }
	no_shadow
}
sphere {
	0, 1
	scale<0.080000,0.200000,0.300000>
	matrix <-0.527484, 0.843267, -0.103252,
		-0.626899, -0.304324, 0.717206,
		0.573374, 0.443043, 0.689170,
		25.247839, 34.536057, 43.527122>
	pigment { color rgbt <0,1,1,0> }
	no_shadow
}
cylinder {
	<24.573568, 34.382580, 43.774807>,  <24.846478, 34.225929, 43.044701>, 0.130000
	pigment { color rgbt <1,0,0,0> }
	no_shadow
}

// nucleotide -1

// particle -1
sphere {
	<24.573568, 34.382580, 43.774807> 0.250000
	pigment { color rgbt <1,0,0,0> }
	no_shadow
}
cylinder {
	<24.799644, 34.657310, 43.592018>,  <24.935289, 34.822147, 43.482346>, 0.100000
	pigment { color rgbt <1,0,0,0> }
	no_shadow
}
cylinder {
	<24.799644, 34.657310, 43.592018>,  <24.573568, 34.382580, 43.774807>, 0.100000
	pigment { color rgbt <1,0,0,0> }
	no_shadow
}

// particle -1
sphere {
	<24.799644, 34.657310, 43.592018> 0.100000
	pigment { color rgbt <1,0,0,0> }
	no_shadow
}
sphere {
	0, 1
	scale<0.080000,0.200000,0.300000>
	matrix <-0.728763, 0.675278, 0.113594,
		0.386605, 0.268825, 0.882196,
		0.565190, 0.686828, -0.456976,
		24.969202, 34.863358, 43.454926>
	pigment { color rgbt <0,1,1,0> }
	no_shadow
}
cylinder {
	<24.735493, 34.927734, 44.092720>,  <24.573568, 34.382580, 43.774807>, 0.130000
	pigment { color rgbt <1,0,0,0> }
	no_shadow
}

// nucleotide -1

// particle -1
sphere {
	<24.735493, 34.927734, 44.092720> 0.250000
	pigment { color rgbt <1,0,0,0> }
	no_shadow
}
cylinder {
	<24.735310, 35.053692, 43.713070>,  <24.735201, 35.129269, 43.485279>, 0.100000
	pigment { color rgbt <1,0,0,0> }
	no_shadow
}
cylinder {
	<24.735310, 35.053692, 43.713070>,  <24.735493, 34.927734, 44.092720>, 0.100000
	pigment { color rgbt <1,0,0,0> }
	no_shadow
}

// particle -1
sphere {
	<24.735310, 35.053692, 43.713070> 0.100000
	pigment { color rgbt <1,0,0,0> }
	no_shadow
}
sphere {
	0, 1
	scale<0.080000,0.200000,0.300000>
	matrix <-0.738691, 0.639647, 0.212574,
		0.674044, 0.701208, 0.232318,
		-0.000457, 0.314896, -0.949126,
		24.735172, 35.148159, 43.428333>
	pigment { color rgbt <0,1,1,0> }
	no_shadow
}
cylinder {
	<24.864244, 35.635670, 44.034981>,  <24.735493, 34.927734, 44.092720>, 0.130000
	pigment { color rgbt <1,0,0,0> }
	no_shadow
}

// nucleotide -1

// particle -1
sphere {
	<24.864244, 35.635670, 44.034981> 0.250000
	pigment { color rgbt <1,0,0,0> }
	no_shadow
}
cylinder {
	<24.674120, 35.574501, 43.688412>,  <24.560045, 35.537800, 43.480469>, 0.100000
	pigment { color rgbt <1,0,0,0> }
	no_shadow
}
cylinder {
	<24.674120, 35.574501, 43.688412>,  <24.864244, 35.635670, 44.034981>, 0.100000
	pigment { color rgbt <1,0,0,0> }
	no_shadow
}

// particle -1
sphere {
	<24.674120, 35.574501, 43.688412> 0.100000
	pigment { color rgbt <1,0,0,0> }
	no_shadow
}
sphere {
	0, 1
	scale<0.080000,0.200000,0.300000>
	matrix <-0.434175, 0.897285, 0.079818,
		0.765225, 0.414119, -0.492885,
		-0.475313, -0.152919, -0.866426,
		24.531527, 35.528625, 43.428482>
	pigment { color rgbt <0,1,1,0> }
	no_shadow
}
cylinder {
	<25.627890, 35.472118, 44.058517>,  <24.864244, 35.635670, 44.034981>, 0.130000
	pigment { color rgbt <1,0,0,0> }
	no_shadow
}

// nucleotide -1

// particle -1
sphere {
	<25.627890, 35.472118, 44.058517> 0.250000
	pigment { color rgbt <1,0,0,0> }
	no_shadow
}
cylinder {
	<25.919750, 35.396973, 44.321522>,  <26.094866, 35.351883, 44.479324>, 0.100000
	pigment { color rgbt <1,0,0,0> }
	no_shadow
}
cylinder {
	<25.919750, 35.396973, 44.321522>,  <25.627890, 35.472118, 44.058517>, 0.100000
	pigment { color rgbt <1,0,0,0> }
	no_shadow
}

// particle -1
sphere {
	<25.919750, 35.396973, 44.321522> 0.100000
	pigment { color rgbt <1,0,0,0> }
	no_shadow
}
sphere {
	0, 1
	scale<0.080000,0.200000,0.300000>
	matrix <0.682419, 0.261587, -0.682551,
		-0.043767, 0.946720, 0.319071,
		0.729649, -0.187867, 0.657509,
		26.138645, 35.340614, 44.518776>
	pigment { color rgbt <0,1,1,0> }
	no_shadow
}
cylinder {
	<26.041527, 36.006153, 44.135693>,  <25.627890, 35.472118, 44.058517>, 0.130000
	pigment { color rgbt <1,0,0,0> }
	no_shadow
}

// nucleotide -1

// particle -1
sphere {
	<26.041527, 36.006153, 44.135693> 0.250000
	pigment { color rgbt <1,0,0,0> }
	no_shadow
}
cylinder {
	<26.240179, 35.669292, 44.219727>,  <26.359371, 35.467175, 44.270145>, 0.100000
	pigment { color rgbt <1,0,0,0> }
	no_shadow
}
cylinder {
	<26.240179, 35.669292, 44.219727>,  <26.041527, 36.006153, 44.135693>, 0.100000
	pigment { color rgbt <1,0,0,0> }
	no_shadow
}

// particle -1
sphere {
	<26.240179, 35.669292, 44.219727> 0.100000
	pigment { color rgbt <1,0,0,0> }
	no_shadow
}
sphere {
	0, 1
	scale<0.080000,0.200000,0.300000>
	matrix <0.575278, 0.138133, -0.806210,
		0.649931, 0.521248, 0.553073,
		0.496633, -0.842152, 0.210086,
		26.389170, 35.416645, 44.282753>
	pigment { color rgbt <0,1,1,0> }
	no_shadow
}
cylinder {
	<26.678082, 36.167080, 44.273354>,  <26.041527, 36.006153, 44.135693>, 0.130000
	pigment { color rgbt <1,0,0,0> }
	no_shadow
}

// nucleotide -1

// particle -1
sphere {
	<26.678082, 36.167080, 44.273354> 0.250000
	pigment { color rgbt <1,0,0,0> }
	no_shadow
}
cylinder {
	<26.665585, 35.793098, 44.131992>,  <26.658087, 35.568710, 44.047176>, 0.100000
	pigment { color rgbt <1,0,0,0> }
	no_shadow
}
cylinder {
	<26.665585, 35.793098, 44.131992>,  <26.678082, 36.167080, 44.273354>, 0.100000
	pigment { color rgbt <1,0,0,0> }
	no_shadow
}

// particle -1
sphere {
	<26.665585, 35.793098, 44.131992> 0.100000
	pigment { color rgbt <1,0,0,0> }
	no_shadow
}
sphere {
	0, 1
	scale<0.080000,0.200000,0.300000>
	matrix <0.442781, 0.304039, -0.843508,
		0.896085, -0.182831, 0.404479,
		-0.031242, -0.934951, -0.353400,
		26.656212, 35.512611, 44.025974>
	pigment { color rgbt <0,1,1,0> }
	no_shadow
}
cylinder {
	<27.363398, 36.140099, 44.025738>,  <26.678082, 36.167080, 44.273354>, 0.130000
	pigment { color rgbt <1,0,0,0> }
	no_shadow
}

// nucleotide -1

// particle -1
sphere {
	<27.363398, 36.140099, 44.025738> 0.250000
	pigment { color rgbt <1,0,0,0> }
	no_shadow
}
cylinder {
	<27.146450, 35.860455, 43.839371>,  <27.016281, 35.692669, 43.727551>, 0.100000
	pigment { color rgbt <1,0,0,0> }
	no_shadow
}
cylinder {
	<27.146450, 35.860455, 43.839371>,  <27.363398, 36.140099, 44.025738>, 0.100000
	pigment { color rgbt <1,0,0,0> }
	no_shadow
}

// particle -1
sphere {
	<27.146450, 35.860455, 43.839371> 0.100000
	pigment { color rgbt <1,0,0,0> }
	no_shadow
}
sphere {
	0, 1
	scale<0.080000,0.200000,0.300000>
	matrix <0.345510, 0.319901, -0.882205,
		0.765805, -0.639462, 0.068044,
		-0.542370, -0.699108, -0.465922,
		26.983740, 35.650723, 43.699593>
	pigment { color rgbt <0,1,1,0> }
	no_shadow
}
cylinder {
	<27.826597, 35.755924, 43.533318>,  <27.363398, 36.140099, 44.025738>, 0.130000
	pigment { color rgbt <1,0,0,0> }
	no_shadow
}

// nucleotide -1

// particle -1
sphere {
	<27.826597, 35.755924, 43.533318> 0.250000
	pigment { color rgbt <1,0,0,0> }
	no_shadow
}
cylinder {
	<27.455370, 35.695488, 43.397163>,  <27.232634, 35.659225, 43.315472>, 0.100000
	pigment { color rgbt <1,0,0,0> }
	no_shadow
}
cylinder {
	<27.455370, 35.695488, 43.397163>,  <27.826597, 35.755924, 43.533318>, 0.100000
	pigment { color rgbt <1,0,0,0> }
	no_shadow
}

// particle -1
sphere {
	<27.455370, 35.695488, 43.397163> 0.100000
	pigment { color rgbt <1,0,0,0> }
	no_shadow
}
sphere {
	0, 1
	scale<0.080000,0.200000,0.300000>
	matrix <0.294766, 0.260604, -0.919347,
		0.227605, -0.953551, -0.197323,
		-0.928067, -0.151084, -0.340389,
		27.176950, 35.650162, 43.295048>
	pigment { color rgbt <0,1,1,0> }
	no_shadow
}
cylinder {
	<27.949034, 35.524914, 43.022480>,  <27.826597, 35.755924, 43.533318>, 0.130000
	pigment { color rgbt <1,0,0,0> }
	no_shadow
}

// nucleotide -1

// particle -1
sphere {
	<27.949034, 35.524914, 43.022480> 0.250000
	pigment { color rgbt <1,0,0,0> }
	no_shadow
}
cylinder {
	<27.565289, 35.589558, 42.929955>,  <27.335041, 35.628342, 42.874439>, 0.100000
	pigment { color rgbt <1,0,0,0> }
	no_shadow
}
cylinder {
	<27.565289, 35.589558, 42.929955>,  <27.949034, 35.524914, 43.022480>, 0.100000
	pigment { color rgbt <1,0,0,0> }
	no_shadow
}

// particle -1
sphere {
	<27.565289, 35.589558, 42.929955> 0.100000
	pigment { color rgbt <1,0,0,0> }
	no_shadow
}
sphere {
	0, 1
	scale<0.080000,0.200000,0.300000>
	matrix <0.252724, 0.127464, -0.959106,
		-0.125514, -0.978589, -0.163126,
		-0.959363, 0.161607, -0.231314,
		27.277479, 35.638039, 42.860561>
	pigment { color rgbt <0,1,1,0> }
	no_shadow
}
cylinder {
	<27.716360, 35.083599, 42.409111>,  <27.949034, 35.524914, 43.022480>, 0.130000
	pigment { color rgbt <1,0,0,0> }
	no_shadow
}

// nucleotide -1

// particle -1
sphere {
	<27.716360, 35.083599, 42.409111> 0.250000
	pigment { color rgbt <1,0,0,0> }
	no_shadow
}
cylinder {
	<27.462698, 35.392799, 42.416294>,  <27.310501, 35.578320, 42.420605>, 0.100000
	pigment { color rgbt <1,0,0,0> }
	no_shadow
}
cylinder {
	<27.462698, 35.392799, 42.416294>,  <27.716360, 35.083599, 42.409111>, 0.100000
	pigment { color rgbt <1,0,0,0> }
	no_shadow
}

// particle -1
sphere {
	<27.462698, 35.392799, 42.416294> 0.100000
	pigment { color rgbt <1,0,0,0> }
	no_shadow
}
sphere {
	0, 1
	scale<0.080000,0.200000,0.300000>
	matrix <0.049487, 0.063758, -0.996738,
		-0.771622, -0.631196, -0.078686,
		-0.634154, 0.772999, 0.017961,
		27.272451, 35.624699, 42.421680>
	pigment { color rgbt <0,1,1,0> }
	no_shadow
}
cylinder {
	<27.222456, 35.055225, 41.822121>,  <27.716360, 35.083599, 42.409111>, 0.130000
	pigment { color rgbt <1,0,0,0> }
	no_shadow
}

// nucleotide -1

// particle -1
sphere {
	<27.222456, 35.055225, 41.822121> 0.250000
	pigment { color rgbt <1,0,0,0> }
	no_shadow
}
cylinder {
	<27.234175, 35.440865, 41.927692>,  <27.241205, 35.672249, 41.991035>, 0.100000
	pigment { color rgbt <1,0,0,0> }
	no_shadow
}
cylinder {
	<27.234175, 35.440865, 41.927692>,  <27.222456, 35.055225, 41.822121>, 0.100000
	pigment { color rgbt <1,0,0,0> }
	no_shadow
}

// particle -1
sphere {
	<27.234175, 35.440865, 41.927692> 0.100000
	pigment { color rgbt <1,0,0,0> }
	no_shadow
}
sphere {
	0, 1
	scale<0.080000,0.200000,0.300000>
	matrix <-0.101080, 0.265543, -0.958786,
		-0.994447, 0.001410, 0.105230,
		0.029295, 0.964098, 0.263925,
		27.242964, 35.730095, 42.006870>
	pigment { color rgbt <0,1,1,0> }
	no_shadow
}
cylinder {
	<26.749334, 35.342514, 41.313595>,  <27.222456, 35.055225, 41.822121>, 0.130000
	pigment { color rgbt <1,0,0,0> }
	no_shadow
}

// nucleotide -1

// particle -1
sphere {
	<26.749334, 35.342514, 41.313595> 0.250000
	pigment { color rgbt <1,0,0,0> }
	no_shadow
}
cylinder {
	<26.962713, 35.643135, 41.468826>,  <27.090740, 35.823505, 41.561966>, 0.100000
	pigment { color rgbt <1,0,0,0> }
	no_shadow
}
cylinder {
	<26.962713, 35.643135, 41.468826>,  <26.749334, 35.342514, 41.313595>, 0.100000
	pigment { color rgbt <1,0,0,0> }
	no_shadow
}

// particle -1
sphere {
	<26.962713, 35.643135, 41.468826> 0.100000
	pigment { color rgbt <1,0,0,0> }
	no_shadow
}
sphere {
	0, 1
	scale<0.080000,0.200000,0.300000>
	matrix <0.153763, 0.365003, -0.918221,
		-0.831739, 0.549496, 0.079150,
		0.533449, 0.751550, 0.388080,
		27.122747, 35.868599, 41.585251>
	pigment { color rgbt <0,1,1,0> }
	no_shadow
}
cylinder {
	<26.515434, 35.931419, 41.010735>,  <26.749334, 35.342514, 41.313595>, 0.130000
	pigment { color rgbt <1,0,0,0> }
	no_shadow
}

// nucleotide -1

// particle -1
sphere {
	<26.515434, 35.931419, 41.010735> 0.250000
	pigment { color rgbt <1,0,0,0> }
	no_shadow
}
cylinder {
	<26.866417, 36.063721, 41.149685>,  <27.077007, 36.143101, 41.233055>, 0.100000
	pigment { color rgbt <1,0,0,0> }
	no_shadow
}
cylinder {
	<26.866417, 36.063721, 41.149685>,  <26.515434, 35.931419, 41.010735>, 0.100000
	pigment { color rgbt <1,0,0,0> }
	no_shadow
}

// particle -1
sphere {
	<26.866417, 36.063721, 41.149685> 0.100000
	pigment { color rgbt <1,0,0,0> }
	no_shadow
}
sphere {
	0, 1
	scale<0.080000,0.200000,0.300000>
	matrix <0.238010, 0.328527, -0.914014,
