// switches for output
#declare DRAW_BASES = 1; // possible values are 0, 1; only relevant for DNA ribbons
#declare DRAW_BASES_TYPE = 3; // possible values are 1, 2, 3; only relevant for DNA ribbons
#declare DRAW_FOG = 0; // set to 1 to enable fog

#include "colors.inc"

#include "transforms.inc"
background { rgb <1, 1, 1>}

#default {
   normal{
       ripples 0.25
       frequency 0.20
       turbulence 0.2
       lambda 5
   }
	finish {
		phong 0.1
		phong_size 40.
	}
}

// original window dimensions: 1024x640


// camera settings

camera {
	sky <0, 0.179814, -0.983701>
	up <0, 0.179814, -0.983701>
	right 1.6 * <1, 0, 0>
	location <35, 94.9851, 44.8844>
	look_at <35, 29.7336, 32.9568>
	direction <0, -65.2515, -11.9276>
	angle 67.0682
}


# declare cpy_camera_pos = <35, 94.9851, 44.8844>;
# if (DRAW_FOG = 1)
fog {
	fog_type 2
	up vnormalize(cpy_camera_pos)
	color rgbt<1,1,1,0.3>
	distance 1e-5
	fog_alt 3e-3
	fog_offset 56
}
# end


// LIGHTS

# declare lum = 6;
global_settings {
	ambient_light rgb lum * <0.05, 0.05, 0.05>
	max_trace_level 15
}# declare cpy_direct_light_amount = 0.25;
light_source
{	1000 * <-1, -1.16352, -0.803886>,
	rgb lum * cpy_direct_light_amount
	parallel
}

light_source
{	1000 * <1, 1.16352, 0.803886>,
	rgb lum * cpy_direct_light_amount
	parallel
}

// strand 0

// nucleotide -1

// particle -1
sphere {
	<24.266634, 35.090275, 35.353706> 0.250000
	pigment { color rgbt <1,0,0,0> }
	no_shadow
}
cylinder {
	<24.252958, 34.804058, 35.074612>,  <24.244753, 34.632328, 34.907154>, 0.100000
	pigment { color rgbt <1,0,0,0> }
	no_shadow
}
cylinder {
	<24.252958, 34.804058, 35.074612>,  <24.266634, 35.090275, 35.353706>, 0.100000
	pigment { color rgbt <1,0,0,0> }
	no_shadow
}

// particle -1
sphere {
	<24.252958, 34.804058, 35.074612> 0.100000
	pigment { color rgbt <1,0,0,0> }
	no_shadow
}
sphere {
	0, 1
	scale<0.080000,0.200000,0.300000>
	matrix <0.867222, 0.325764, -0.376568,
		0.496746, -0.617965, 0.609395,
		-0.034187, -0.715540, -0.697735,
		24.242702, 34.589397, 34.865292>
	pigment { color rgbt <0,1,1,0> }
	no_shadow
}
cylinder {
	<24.709499, 34.527874, 35.589359>,  <24.266634, 35.090275, 35.353706>, 0.130000
	pigment { color rgbt <1,0,0,0> }
	no_shadow
}

// nucleotide -1

// particle -1
sphere {
	<24.709499, 34.527874, 35.589359> 0.250000
	pigment { color rgbt <1,0,0,0> }
	no_shadow
}
cylinder {
	<24.642836, 34.599442, 35.201500>,  <24.602837, 34.642384, 34.968784>, 0.100000
	pigment { color rgbt <1,0,0,0> }
	no_shadow
}
cylinder {
	<24.642836, 34.599442, 35.201500>,  <24.709499, 34.527874, 35.589359>, 0.100000
	pigment { color rgbt <1,0,0,0> }
	no_shadow
}

// particle -1
sphere {
	<24.642836, 34.599442, 35.201500> 0.100000
	pigment { color rgbt <1,0,0,0> }
	no_shadow
}
sphere {
	0, 1
	scale<0.080000,0.200000,0.300000>
	matrix <0.983057, 0.106257, -0.149358,
		0.076309, -0.978109, -0.193595,
		-0.166659, 0.178917, -0.969646,
		24.592838, 34.653118, 34.910606>
	pigment { color rgbt <0,1,1,0> }
	no_shadow
}
cylinder {
	<24.927624, 34.047874, 35.135567>,  <24.709499, 34.527874, 35.589359>, 0.130000
	pigment { color rgbt <1,0,0,0> }
	no_shadow
}

// nucleotide -1

// particle -1
sphere {
	<24.927624, 34.047874, 35.135567> 0.250000
	pigment { color rgbt <1,0,0,0> }
	no_shadow
}
cylinder {
	<24.939503, 34.406418, 34.958630>,  <24.946630, 34.621544, 34.852467>, 0.100000
	pigment { color rgbt <1,0,0,0> }
	no_shadow
}
cylinder {
	<24.939503, 34.406418, 34.958630>,  <24.927624, 34.047874, 35.135567>, 0.100000
	pigment { color rgbt <1,0,0,0> }
	no_shadow
}

// particle -1
sphere {
	<24.939503, 34.406418, 34.958630> 0.100000
	pigment { color rgbt <1,0,0,0> }
	no_shadow
}
sphere {
	0, 1
	scale<0.080000,0.200000,0.300000>
	matrix <0.992227, -0.079939, -0.095372,
		-0.120848, -0.436072, -0.891760,
		0.029697, 0.896354, -0.442343,
		24.948412, 34.675323, 34.825928>
	pigment { color rgbt <0,1,1,0> }
	no_shadow
}
cylinder {
	<25.371319, 33.994453, 34.648907>,  <24.927624, 34.047874, 35.135567>, 0.130000
	pigment { color rgbt <1,0,0,0> }
	no_shadow
}

// nucleotide -1

// particle -1
sphere {
	<25.371319, 33.994453, 34.648907> 0.250000
	pigment { color rgbt <1,0,0,0> }
	no_shadow
}
cylinder {
	<25.334940, 34.389671, 34.698704>,  <25.313112, 34.626801, 34.728580>, 0.100000
	pigment { color rgbt <1,0,0,0> }
	no_shadow
}
cylinder {
	<25.334940, 34.389671, 34.698704>,  <25.371319, 33.994453, 34.648907>, 0.100000
	pigment { color rgbt <1,0,0,0> }
	no_shadow
}

// particle -1
sphere {
	<25.334940, 34.389671, 34.698704> 0.100000
	pigment { color rgbt <1,0,0,0> }
	no_shadow
}
sphere {
	0, 1
	scale<0.080000,0.200000,0.300000>
	matrix <0.968234, 0.116971, -0.220997,
		-0.232917, 0.100438, -0.967296,
		-0.090949, 0.988043, 0.124492,
		25.307655, 34.686085, 34.736050>
	pigment { color rgbt <0,1,1,0> }
	no_shadow
}
cylinder {
	<25.302416, 33.228966, 34.799824>,  <25.371319, 33.994453, 34.648907>, 0.130000
	pigment { color rgbt <1,0,0,0> }
	no_shadow
}

// nucleotide -1

// particle -1
sphere {
	<25.302416, 33.228966, 34.799824> 0.250000
	pigment { color rgbt <1,0,0,0> }
	no_shadow
}
cylinder {
	<25.520132, 32.938023, 34.967010>,  <25.650763, 32.763458, 35.067322>, 0.100000
	pigment { color rgbt <1,0,0,0> }
	no_shadow
}
cylinder {
	<25.520132, 32.938023, 34.967010>,  <25.302416, 33.228966, 34.799824>, 0.100000
	pigment { color rgbt <1,0,0,0> }
	no_shadow
}

// particle -1
sphere {
	<25.520132, 32.938023, 34.967010> 0.100000
	pigment { color rgbt <1,0,0,0> }
	no_shadow
}
sphere {
	0, 1
	scale<0.080000,0.200000,0.300000>
	matrix <0.029085, 0.514300, 0.857117,
		-0.838392, -0.454364, 0.301084,
		0.544291, -0.727357, 0.417970,
		25.683420, 32.719814, 35.092400>
	pigment { color rgbt <0,1,1,0> }
	no_shadow
}
cylinder {
	<25.115229, 32.790501, 35.397835>,  <25.302416, 33.228966, 34.799824>, 0.130000
	pigment { color rgbt <1,0,0,0> }
	no_shadow
}

// nucleotide -1

// particle -1
sphere {
	<25.115229, 32.790501, 35.397835> 0.250000
	pigment { color rgbt <1,0,0,0> }
	no_shadow
}
cylinder {
	<25.511185, 32.822014, 35.445015>,  <25.748758, 32.840923, 35.473324>, 0.100000
	pigment { color rgbt <1,0,0,0> }
	no_shadow
}
cylinder {
	<25.511185, 32.822014, 35.445015>,  <25.115229, 32.790501, 35.397835>, 0.100000
	pigment { color rgbt <1,0,0,0> }
	no_shadow
}

// particle -1
sphere {
	<25.511185, 32.822014, 35.445015> 0.100000
	pigment { color rgbt <1,0,0,0> }
	no_shadow
}
sphere {
	0, 1
	scale<0.080000,0.200000,0.300000>
	matrix <-0.140765, 0.443485, 0.885159,
		0.017431, -0.892813, 0.450091,
		0.989889, 0.078786, 0.117947,
		25.808151, 32.845650, 35.480400>
	pigment { color rgbt <0,1,1,0> }
	no_shadow
}
cylinder {
	<25.295591, 32.457649, 36.106445>,  <25.115229, 32.790501, 35.397835>, 0.130000
	pigment { color rgbt <1,0,0,0> }
	no_shadow
}

// nucleotide -1

// particle -1
sphere {
	<25.295591, 32.457649, 36.106445> 0.250000
	pigment { color rgbt <1,0,0,0> }
	no_shadow
}
cylinder {
	<25.601181, 32.694885, 36.004787>,  <25.784534, 32.837227, 35.943790>, 0.100000
	pigment { color rgbt <1,0,0,0> }
	no_shadow
}
cylinder {
	<25.601181, 32.694885, 36.004787>,  <25.295591, 32.457649, 36.106445>, 0.100000
	pigment { color rgbt <1,0,0,0> }
	no_shadow
}

// particle -1
sphere {
	<25.601181, 32.694885, 36.004787> 0.100000
	pigment { color rgbt <1,0,0,0> }
	no_shadow
}
sphere {
	0, 1
	scale<0.080000,0.200000,0.300000>
	matrix <0.065362, 0.320715, 0.944918,
		0.641931, -0.738502, 0.206251,
		0.763972, 0.593091, -0.254147,
		25.830372, 32.872814, 35.928543>
	pigment { color rgbt <0,1,1,0> }
	no_shadow
}
cylinder {
	<25.781761, 32.317146, 36.529541>,  <25.295591, 32.457649, 36.106445>, 0.130000
	pigment { color rgbt <1,0,0,0> }
	no_shadow
}

// nucleotide -1

// particle -1
sphere {
	<25.781761, 32.317146, 36.529541> 0.250000
	pigment { color rgbt <1,0,0,0> }
	no_shadow
}
cylinder {
	<25.908573, 32.675499, 36.405033>,  <25.984661, 32.890511, 36.330330>, 0.100000
	pigment { color rgbt <1,0,0,0> }
	no_shadow
}
cylinder {
	<25.908573, 32.675499, 36.405033>,  <25.781761, 32.317146, 36.529541>, 0.100000
	pigment { color rgbt <1,0,0,0> }
	no_shadow
}

// particle -1
sphere {
	<25.908573, 32.675499, 36.405033> 0.100000
	pigment { color rgbt <1,0,0,0> }
	no_shadow
}
sphere {
	0, 1
	scale<0.080000,0.200000,0.300000>
	matrix <0.130906, 0.283720, 0.949930,
		0.939337, -0.341905, -0.027328,
		0.317032, 0.895881, -0.311267,
		26.003683, 32.944263, 36.311653>
	pigment { color rgbt <0,1,1,0> }
	no_shadow
}
cylinder {
	<26.429565, 32.489815, 36.828217>,  <25.781761, 32.317146, 36.529541>, 0.130000
	pigment { color rgbt <1,0,0,0> }
	no_shadow
}

// nucleotide -1

// particle -1
sphere {
	<26.429565, 32.489815, 36.828217> 0.250000
	pigment { color rgbt <1,0,0,0> }
	no_shadow
}
cylinder {
	<26.293381, 32.844116, 36.702023>,  <26.211670, 33.056698, 36.626305>, 0.100000
	pigment { color rgbt <1,0,0,0> }
	no_shadow
}
cylinder {
	<26.293381, 32.844116, 36.702023>,  <26.429565, 32.489815, 36.828217>, 0.100000
	pigment { color rgbt <1,0,0,0> }
	no_shadow
}

// particle -1
sphere {
	<26.293381, 32.844116, 36.702023> 0.100000
	pigment { color rgbt <1,0,0,0> }
	no_shadow
}
sphere {
	0, 1
	scale<0.080000,0.200000,0.300000>
	matrix <0.292502, 0.418659, 0.859749,
		0.893604, 0.200431, -0.401621,
		-0.340463, 0.885749, -0.315488,
		26.191242, 33.109840, 36.607376>
	pigment { color rgbt <0,1,1,0> }
	no_shadow
}
cylinder {
	<26.993214, 32.990303, 36.849110>,  <26.429565, 32.489815, 36.828217>, 0.130000
	pigment { color rgbt <1,0,0,0> }
	no_shadow
}

// nucleotide -1

// particle -1
sphere {
	<26.993214, 32.990303, 36.849110> 0.250000
	pigment { color rgbt <1,0,0,0> }
	no_shadow
}
cylinder {
	<26.662277, 33.214817, 36.857738>,  <26.463715, 33.349525, 36.862915>, 0.100000
	pigment { color rgbt <1,0,0,0> }
	no_shadow
}
cylinder {
	<26.662277, 33.214817, 36.857738>,  <26.993214, 32.990303, 36.849110>, 0.100000
	pigment { color rgbt <1,0,0,0> }
	no_shadow
}

// particle -1
sphere {
	<26.662277, 33.214817, 36.857738> 0.100000
	pigment { color rgbt <1,0,0,0> }
	no_shadow
}
sphere {
	0, 1
	scale<0.080000,0.200000,0.300000>
	matrix <0.320935, 0.440849, 0.838244,
		0.460987, 0.700435, -0.544869,
		-0.827340, 0.561287, 0.021569,
		26.414076, 33.383202, 36.864208>
	pigment { color rgbt <0,1,1,0> }
	no_shadow
}
cylinder {
	<27.226618, 33.614410, 37.060299>,  <26.993214, 32.990303, 36.849110>, 0.130000
	pigment { color rgbt <1,0,0,0> }
	no_shadow
}

// nucleotide -1

// particle -1
sphere {
	<27.226618, 33.614410, 37.060299> 0.250000
	pigment { color rgbt <1,0,0,0> }
	no_shadow
}
cylinder {
	<26.832102, 33.650043, 37.115856>,  <26.595392, 33.671425, 37.149193>, 0.100000
	pigment { color rgbt <1,0,0,0> }
	no_shadow
}
cylinder {
	<26.832102, 33.650043, 37.115856>,  <27.226618, 33.614410, 37.060299>, 0.100000
	pigment { color rgbt <1,0,0,0> }
	no_shadow
}

// particle -1
sphere {
	<26.832102, 33.650043, 37.115856> 0.100000
	pigment { color rgbt <1,0,0,0> }
	no_shadow
}
sphere {
	0, 1
	scale<0.080000,0.200000,0.300000>
	matrix <0.164800, 0.574152, 0.801992,
		-0.008305, 0.813888, -0.580962,
		-0.986292, 0.089082, 0.138898,
		26.536215, 33.676769, 37.157524>
	pigment { color rgbt <0,1,1,0> }
	no_shadow
}
cylinder {
	<27.105337, 34.317863, 37.014629>,  <27.226618, 33.614410, 37.060299>, 0.130000
	pigment { color rgbt <1,0,0,0> }
	no_shadow
}

// nucleotide -1

// particle -1
sphere {
	<27.105337, 34.317863, 37.014629> 0.250000
	pigment { color rgbt <1,0,0,0> }
	no_shadow
}
cylinder {
	<26.817810, 34.142517, 37.230457>,  <26.645294, 34.037312, 37.359955>, 0.100000
	pigment { color rgbt <1,0,0,0> }
	no_shadow
}
cylinder {
	<26.817810, 34.142517, 37.230457>,  <27.105337, 34.317863, 37.014629>, 0.100000
	pigment { color rgbt <1,0,0,0> }
	no_shadow
}

// particle -1
sphere {
	<26.817810, 34.142517, 37.230457> 0.100000
	pigment { color rgbt <1,0,0,0> }
	no_shadow
}
sphere {
	0, 1
	scale<0.080000,0.200000,0.300000>
	matrix <0.153860, 0.656580, 0.738397,
		-0.677959, 0.613792, -0.404514,
		-0.718818, -0.438364, 0.539572,
		26.602165, 34.011009, 37.392330>
	pigment { color rgbt <0,1,1,0> }
	no_shadow
}
cylinder {
	<26.720879, 34.896355, 37.369675>,  <27.105337, 34.317863, 37.014629>, 0.130000
	pigment { color rgbt <1,0,0,0> }
	no_shadow
}

// nucleotide -1

// particle -1
sphere {
	<26.720879, 34.896355, 37.369675> 0.250000
	pigment { color rgbt <1,0,0,0> }
	no_shadow
}
cylinder {
	<26.618076, 34.577648, 37.588440>,  <26.556395, 34.386425, 37.719700>, 0.100000
	pigment { color rgbt <1,0,0,0> }
	no_shadow
}
cylinder {
	<26.618076, 34.577648, 37.588440>,  <26.720879, 34.896355, 37.369675>, 0.100000
	pigment { color rgbt <1,0,0,0> }
	no_shadow
}

// particle -1
sphere {
	<26.618076, 34.577648, 37.588440> 0.100000
	pigment { color rgbt <1,0,0,0> }
	no_shadow
}
sphere {
	0, 1
	scale<0.080000,0.200000,0.300000>
	matrix <0.173199, 0.518784, 0.837177,
		-0.950763, 0.309882, 0.004669,
		-0.257004, -0.796766, 0.546912,
		26.540976, 34.338619, 37.752514>
	pigment { color rgbt <0,1,1,0> }
	no_shadow
}
cylinder {
	<26.256413, 35.074833, 37.950527>,  <26.720879, 34.896355, 37.369675>, 0.130000
	pigment { color rgbt <1,0,0,0> }
	no_shadow
}

// nucleotide -1

// particle -1
sphere {
	<26.256413, 35.074833, 37.950527> 0.250000
	pigment { color rgbt <1,0,0,0> }
	no_shadow
}
cylinder {
	<26.409721, 34.724510, 38.067871>,  <26.501707, 34.514317, 38.138275>, 0.100000
	pigment { color rgbt <1,0,0,0> }
	no_shadow
}
cylinder {
	<26.409721, 34.724510, 38.067871>,  <26.256413, 35.074833, 37.950527>, 0.100000
	pigment { color rgbt <1,0,0,0> }
	no_shadow
}

// particle -1
sphere {
	<26.409721, 34.724510, 38.067871> 0.100000
	pigment { color rgbt <1,0,0,0> }
	no_shadow
}
sphere {
	0, 1
	scale<0.080000,0.200000,0.300000>
	matrix <0.090884, 0.351830, 0.931642,
		-0.919152, -0.330413, 0.214444,
		0.383274, -0.875810, 0.293356,
		26.524704, 34.461769, 38.155876>
	pigment { color rgbt <0,1,1,0> }
	no_shadow
}
cylinder {
	<25.873549, 34.936695, 38.582630>,  <26.256413, 35.074833, 37.950527>, 0.130000
	pigment { color rgbt <1,0,0,0> }
	no_shadow
}

// nucleotide -1

// particle -1
sphere {
	<25.873549, 34.936695, 38.582630> 0.250000
	pigment { color rgbt <1,0,0,0> }
	no_shadow
}
cylinder {
	<26.195259, 34.698997, 38.583614>,  <26.388287, 34.556377, 38.584206>, 0.100000
	pigment { color rgbt <1,0,0,0> }
	no_shadow
}
cylinder {
	<26.195259, 34.698997, 38.583614>,  <25.873549, 34.936695, 38.582630>, 0.100000
	pigment { color rgbt <1,0,0,0> }
	no_shadow
}

// particle -1
sphere {
	<26.195259, 34.698997, 38.583614> 0.100000
	pigment { color rgbt <1,0,0,0> }
	no_shadow
}
sphere {
	0, 1
	scale<0.080000,0.200000,0.300000>
	matrix <0.181963, 0.250220, 0.950936,
		-0.565708, -0.764369, 0.309378,
		0.804278, -0.594248, 0.002465,
		26.436543, 34.520721, 38.584354>
	pigment { color rgbt <0,1,1,0> }
	no_shadow
}
cylinder {
	<25.771217, 34.384918, 39.097210>,  <25.873549, 34.936695, 38.582630>, 0.130000
	pigment { color rgbt <1,0,0,0> }
	no_shadow
}

// nucleotide -1

// particle -1
sphere {
	<25.771217, 34.384918, 39.097210> 0.250000
	pigment { color rgbt <1,0,0,0> }
	no_shadow
}
cylinder {
	<26.167477, 34.402130, 39.045414>,  <26.405231, 34.412457, 39.014336>, 0.100000
	pigment { color rgbt <1,0,0,0> }
	no_shadow
}
cylinder {
	<26.167477, 34.402130, 39.045414>,  <25.771217, 34.384918, 39.097210>, 0.100000
	pigment { color rgbt <1,0,0,0> }
	no_shadow
}

// particle -1
sphere {
	<26.167477, 34.402130, 39.045414> 0.100000
	pigment { color rgbt <1,0,0,0> }
	no_shadow
}
sphere {
	0, 1
	scale<0.080000,0.200000,0.300000>
	matrix <0.117060, 0.219618, 0.968538,
		0.070116, -0.974637, 0.212527,
		0.990647, 0.043031, -0.129489,
		26.464670, 34.415039, 39.006569>
	pigment { color rgbt <0,1,1,0> }
	no_shadow
}
cylinder {
	<25.965218, 34.051804, 39.656342>,  <25.771217, 34.384918, 39.097210>, 0.130000
	pigment { color rgbt <1,0,0,0> }
	no_shadow
}

// nucleotide -1

// particle -1
sphere {
	<25.965218, 34.051804, 39.656342> 0.250000
	pigment { color rgbt <1,0,0,0> }
	no_shadow
}
cylinder {
	<26.307089, 34.223652, 39.539757>,  <26.512211, 34.326763, 39.469807>, 0.100000
	pigment { color rgbt <1,0,0,0> }
	no_shadow
}
cylinder {
	<26.307089, 34.223652, 39.539757>,  <25.965218, 34.051804, 39.656342>, 0.100000
	pigment { color rgbt <1,0,0,0> }
	no_shadow
}

// particle -1
sphere {
	<26.307089, 34.223652, 39.539757> 0.100000
	pigment { color rgbt <1,0,0,0> }
	no_shadow
}
sphere {
	0, 1
	scale<0.080000,0.200000,0.300000>
	matrix <0.174771, 0.290536, 0.940768,
		0.488857, -0.854991, 0.173229,
		0.854677, 0.429626, -0.291458,
		26.563492, 34.352539, 39.452320>
	pigment { color rgbt <0,1,1,0> }
	no_shadow
}
cylinder {
	<26.443354, 33.938213, 40.236752>,  <25.965218, 34.051804, 39.656342>, 0.130000
	pigment { color rgbt <1,0,0,0> }
	no_shadow
}

// nucleotide -1

// particle -1
sphere {
	<26.443354, 33.938213, 40.236752> 0.250000
	pigment { color rgbt <1,0,0,0> }
	no_shadow
}
cylinder {
	<26.569830, 34.260208, 40.035946>,  <26.645716, 34.453403, 39.915462>, 0.100000
	pigment { color rgbt <1,0,0,0> }
	no_shadow
}
cylinder {
	<26.569830, 34.260208, 40.035946>,  <26.443354, 33.938213, 40.236752>, 0.100000
	pigment { color rgbt <1,0,0,0> }
	no_shadow
}

// particle -1
sphere {
	<26.569830, 34.260208, 40.035946> 0.100000
	pigment { color rgbt <1,0,0,0> }
	no_shadow
}
sphere {
	0, 1
	scale<0.080000,0.200000,0.300000>
	matrix <0.083347, 0.503549, 0.859937,
		0.945027, -0.313746, 0.092124,
		0.316190, 0.804986, -0.502017,
		26.664686, 34.501705, 39.885342>
	pigment { color rgbt <0,1,1,0> }
	no_shadow
}
cylinder {
	<27.056910, 34.067459, 40.451866>,  <26.443354, 33.938213, 40.236752>, 0.130000
	pigment { color rgbt <1,0,0,0> }
	no_shadow
}

// nucleotide -1

// particle -1
sphere {
	<27.056910, 34.067459, 40.451866> 0.250000
	pigment { color rgbt <1,0,0,0> }
	no_shadow
}
cylinder {
	<26.945320, 34.423321, 40.307266>,  <26.878366, 34.636841, 40.220505>, 0.100000
	pigment { color rgbt <1,0,0,0> }
	no_shadow
}
cylinder {
	<26.945320, 34.423321, 40.307266>,  <27.056910, 34.067459, 40.451866>, 0.100000
	pigment { color rgbt <1,0,0,0> }
	no_shadow
}

// particle -1
sphere {
	<26.945320, 34.423321, 40.307266> 0.100000
	pigment { color rgbt <1,0,0,0> }
	no_shadow
}
sphere {
	0, 1
	scale<0.080000,0.200000,0.300000>
	matrix <0.059131, 0.391645, 0.918215,
		0.958477, 0.234780, -0.161864,
		-0.278971, 0.889659, -0.361500,
		26.861629, 34.690220, 40.198818>
	pigment { color rgbt <0,1,1,0> }
	no_shadow
}
cylinder {
	<27.606035, 34.521202, 40.696728>,  <27.056910, 34.067459, 40.451866>, 0.130000
	pigment { color rgbt <1,0,0,0> }
	no_shadow
}

// nucleotide -1

// particle -1
sphere {
	<27.606035, 34.521202, 40.696728> 0.250000
	pigment { color rgbt <1,0,0,0> }
	no_shadow
}
cylinder {
	<27.293320, 34.752071, 40.602345>,  <27.105690, 34.890594, 40.545715>, 0.100000
	pigment { color rgbt <1,0,0,0> }
	no_shadow
}
cylinder {
	<27.293320, 34.752071, 40.602345>,  <27.606035, 34.521202, 40.696728>, 0.100000
	pigment { color rgbt <1,0,0,0> }
	no_shadow
}

// particle -1
sphere {
	<27.293320, 34.752071, 40.602345> 0.100000
	pigment { color rgbt <1,0,0,0> }
	no_shadow
}
sphere {
	0, 1
	scale<0.080000,0.200000,0.300000>
	matrix <-0.022261, 0.352344, 0.935606,
		0.623145, 0.736700, -0.262610,
		-0.781790, 0.577172, -0.235961,
		27.058783, 34.925224, 40.531555>
	pigment { color rgbt <0,1,1,0> }
	no_shadow
}
cylinder {
	<27.723700, 35.231457, 41.030605>,  <27.606035, 34.521202, 40.696728>, 0.130000
	pigment { color rgbt <1,0,0,0> }
	no_shadow
}

// nucleotide -1

// particle -1
sphere {
	<27.723700, 35.231457, 41.030605> 0.250000
	pigment { color rgbt <1,0,0,0> }
	no_shadow
}
cylinder {
	<27.328995, 35.228561, 40.965797>,  <27.092173, 35.226826, 40.926914>, 0.100000
	pigment { color rgbt <1,0,0,0> }
	no_shadow
}
cylinder {
	<27.328995, 35.228561, 40.965797>,  <27.723700, 35.231457, 41.030605>, 0.100000
	pigment { color rgbt <1,0,0,0> }
	no_shadow
}

// particle -1
sphere {
	<27.328995, 35.228561, 40.965797> 0.100000
	pigment { color rgbt <1,0,0,0> }
	no_shadow
}
sphere {
	0, 1
	scale<0.080000,0.200000,0.300000>
	matrix <-0.150444, 0.413960, 0.897777,
		0.060575, 0.910266, -0.409568,
		-0.986761, -0.007234, -0.162019,
		27.032967, 35.226391, 40.917191>
	pigment { color rgbt <0,1,1,0> }
	no_shadow
}
cylinder {
	<27.548782, 35.778450, 41.323124>,  <27.723700, 35.231457, 41.030605>, 0.130000
	pigment { color rgbt <1,0,0,0> }
	no_shadow
}

// nucleotide -1

// particle -1
sphere {
	<27.548782, 35.778450, 41.323124> 0.250000
	pigment { color rgbt <1,0,0,0> }
	no_shadow
}
cylinder {
	<27.191668, 35.604885, 41.274715>,  <26.977398, 35.500744, 41.245670>, 0.100000
	pigment { color rgbt <1,0,0,0> }
	no_shadow
}
cylinder {
	<27.191668, 35.604885, 41.274715>,  <27.548782, 35.778450, 41.323124>, 0.100000
	pigment { color rgbt <1,0,0,0> }
	no_shadow
}

// particle -1
sphere {
	<27.191668, 35.604885, 41.274715> 0.100000
	pigment { color rgbt <1,0,0,0> }
	no_shadow
}
sphere {
	0, 1
	scale<0.080000,0.200000,0.300000>
	matrix <-0.170812, 0.077495, 0.982252,
		-0.416836, 0.897614, -0.143305,
		-0.892788, -0.433916, -0.121020,
		26.923832, 35.474709, 41.238411>
	pigment { color rgbt <0,1,1,0> }
	no_shadow
}
cylinder {
	<27.076662, 36.204819, 41.651527>,  <27.548782, 35.778450, 41.323124>, 0.130000
	pigment { color rgbt <1,0,0,0> }
	no_shadow
}

// nucleotide -1

// particle -1
sphere {
	<27.076662, 36.204819, 41.651527> 0.250000
	pigment { color rgbt <1,0,0,0> }
	no_shadow
}
cylinder {
	<26.939587, 35.829052, 41.648453>,  <26.857342, 35.603592, 41.646606>, 0.100000
	pigment { color rgbt <1,0,0,0> }
	no_shadow
}
cylinder {
	<26.939587, 35.829052, 41.648453>,  <27.076662, 36.204819, 41.651527>, 0.100000
	pigment { color rgbt <1,0,0,0> }
	no_shadow
}

// particle -1
sphere {
	<26.939587, 35.829052, 41.648453> 0.100000
	pigment { color rgbt <1,0,0,0> }
	no_shadow
}
sphere {
	0, 1
	scale<0.080000,0.200000,0.300000>
	matrix <-0.195165, 0.063183, 0.978733,
		-0.918953, 0.336901, -0.204993,
		-0.342688, -0.939418, -0.007689,
		26.836781, 35.547226, 41.646145>
	pigment { color rgbt <0,1,1,0> }
	no_shadow
}
cylinder {
	<26.451912, 36.200016, 41.907364>,  <27.076662, 36.204819, 41.651527>, 0.130000
	pigment { color rgbt <1,0,0,0> }
	no_shadow
}

// nucleotide -1

// particle -1
sphere {
	<26.451912, 36.200016, 41.907364> 0.250000
	pigment { color rgbt <1,0,0,0> }
	no_shadow
}
cylinder {
	<26.607258, 35.838219, 41.977859>,  <26.700464, 35.621140, 42.020157>, 0.100000
	pigment { color rgbt <1,0,0,0> }
	no_shadow
}
cylinder {
	<26.607258, 35.838219, 41.977859>,  <26.451912, 36.200016, 41.907364>, 0.100000
	pigment { color rgbt <1,0,0,0> }
	no_shadow
}

// particle -1
sphere {
	<26.607258, 35.838219, 41.977859> 0.100000
	pigment { color rgbt <1,0,0,0> }
	no_shadow
}
sphere {
	0, 1
	scale<0.080000,0.200000,0.300000>
	matrix <-0.348569, 0.032847, 0.936707,
		-0.853038, -0.425213, -0.302523,
		0.388363, -0.904498, 0.176236,
		26.723766, 35.566868, 42.030731>
	pigment { color rgbt <0,1,1,0> }
	no_shadow
}
cylinder {
	<26.160315, 36.064510, 42.514687>,  <26.451912, 36.200016, 41.907364>, 0.130000
	pigment { color rgbt <1,0,0,0> }
	no_shadow
}

// nucleotide -1

// particle -1
sphere {
	<26.160315, 36.064510, 42.514687> 0.250000
	pigment { color rgbt <1,0,0,0> }
	no_shadow
}
cylinder {
	<26.336027, 35.711987, 42.445038>,  <26.441454, 35.500473, 42.403248>, 0.100000
	pigment { color rgbt <1,0,0,0> }
	no_shadow
}
cylinder {
	<26.336027, 35.711987, 42.445038>,  <26.160315, 36.064510, 42.514687>, 0.100000
	pigment { color rgbt <1,0,0,0> }
	no_shadow
}

// particle -1
sphere {
	<26.336027, 35.711987, 42.445038> 0.100000
	pigment { color rgbt <1,0,0,0> }
	no_shadow
}
sphere {
	0, 1
	scale<0.080000,0.200000,0.300000>
	matrix <-0.457420, -0.386244, 0.800988,
		-0.773174, -0.272215, -0.572801,
		0.439282, -0.881314, -0.174118,
		26.467812, 35.447594, 42.392803>
	pigment { color rgbt <0,1,1,0> }
	no_shadow
}
cylinder {
	<25.581470, 35.537571, 42.473183>,  <26.160315, 36.064510, 42.514687>, 0.130000
	pigment { color rgbt <1,0,0,0> }
	no_shadow
}

// nucleotide -1

// particle -1
sphere {
	<25.581470, 35.537571, 42.473183> 0.250000
	pigment { color rgbt <1,0,0,0> }
	no_shadow
}
cylinder {
	<25.923841, 35.384785, 42.612602>,  <26.129265, 35.293114, 42.696255>, 0.100000
	pigment { color rgbt <1,0,0,0> }
	no_shadow
}
cylinder {
	<25.923841, 35.384785, 42.612602>,  <25.581470, 35.537571, 42.473183>, 0.100000
	pigment { color rgbt <1,0,0,0> }
	no_shadow
}

// particle -1
sphere {
	<25.923841, 35.384785, 42.612602> 0.100000
	pigment { color rgbt <1,0,0,0> }
	no_shadow
}
sphere {
	0, 1
	scale<0.080000,0.200000,0.300000>
	matrix <-0.444927, -0.200547, 0.872823,
		-0.263489, -0.902154, -0.341601,
		0.855929, -0.381967, 0.348551,
		26.180620, 35.270195, 42.717167>
	pigment { color rgbt <0,1,1,0> }
	no_shadow
}
cylinder {
	<25.343559, 35.139187, 42.955719>,  <25.581470, 35.537571, 42.473183>, 0.130000
	pigment { color rgbt <1,0,0,0> }
	no_shadow
}

// nucleotide -1

// particle -1
sphere {
	<25.343559, 35.139187, 42.955719> 0.250000
	pigment { color rgbt <1,0,0,0> }
	no_shadow
}
cylinder {
	<25.732193, 35.141296, 43.050377>,  <25.965372, 35.142563, 43.107170>, 0.100000
	pigment { color rgbt <1,0,0,0> }
	no_shadow
}
cylinder {
	<25.732193, 35.141296, 43.050377>,  <25.343559, 35.139187, 42.955719>, 0.100000
	pigment { color rgbt <1,0,0,0> }
	no_shadow
}

// particle -1
sphere {
	<25.732193, 35.141296, 43.050377> 0.100000
	pigment { color rgbt <1,0,0,0> }
	no_shadow
}
sphere {
	0, 1
	scale<0.080000,0.200000,0.300000>
	matrix <-0.224844, -0.291869, 0.929655,
		0.073975, -0.956444, -0.282388,
		0.971583, 0.005278, 0.236642,
		26.023668, 35.142879, 43.121368>
	pigment { color rgbt <0,1,1,0> }
	no_shadow
}
cylinder {
	<25.561069, 34.441372, 42.982502>,  <25.343559, 35.139187, 42.955719>, 0.130000
	pigment { color rgbt <1,0,0,0> }
	no_shadow
}

// nucleotide -1

// particle -1
sphere {
	<25.561069, 34.441372, 42.982502> 0.250000
	pigment { color rgbt <1,0,0,0> }
	no_shadow
}
cylinder {
	<25.781086, 34.693085, 43.202126>,  <25.913095, 34.844112, 43.333900>, 0.100000
	pigment { color rgbt <1,0,0,0> }
	no_shadow
}
cylinder {
	<25.781086, 34.693085, 43.202126>,  <25.561069, 34.441372, 42.982502>, 0.100000
	pigment { color rgbt <1,0,0,0> }
	no_shadow
}

// particle -1
sphere {
	<25.781086, 34.693085, 43.202126> 0.100000
	pigment { color rgbt <1,0,0,0> }
	no_shadow
}
sphere {
	0, 1
	scale<0.080000,0.200000,0.300000>
	matrix <0.002237, -0.658555, 0.752529,
		0.835136, -0.412692, -0.363639,
		0.550039, 0.629278, 0.549060,
		25.946098, 34.881866, 43.366844>
	pigment { color rgbt <0,1,1,0> }
	no_shadow
}
cylinder {
	<26.247850, 34.122856, 43.104256>,  <25.561069, 34.441372, 42.982502>, 0.130000
	pigment { color rgbt <1,0,0,0> }
	no_shadow
}

// nucleotide -1

// particle -1
sphere {
	<26.247850, 34.122856, 43.104256> 0.250000
	pigment { color rgbt <1,0,0,0> }
	no_shadow
}
cylinder {
	<26.073656, 34.349201, 43.384300>,  <25.969139, 34.485008, 43.552326>, 0.100000
	pigment { color rgbt <1,0,0,0> }
	no_shadow
}
cylinder {
	<26.073656, 34.349201, 43.384300>,  <26.247850, 34.122856, 43.104256>, 0.100000
	pigment { color rgbt <1,0,0,0> }
	no_shadow
}

// particle -1
sphere {
	<26.073656, 34.349201, 43.384300> 0.100000
	pigment { color rgbt <1,0,0,0> }
	no_shadow
}
sphere {
	0, 1
	scale<0.080000,0.200000,0.300000>
	matrix <-0.033884, -0.787483, 0.615405,
		0.899557, 0.244278, 0.362112,
		-0.435487, 0.565862, 0.700108,
		25.943010, 34.518959, 43.594334>
	pigment { color rgbt <0,1,1,0> }
	no_shadow
}
cylinder {
	<26.607246, 34.147732, 43.772240>,  <26.247850, 34.122856, 43.104256>, 0.130000
	pigment { color rgbt <1,0,0,0> }
	no_shadow
}

// nucleotide -1

// particle -1
sphere {
	<26.607246, 34.147732, 43.772240> 0.250000
	pigment { color rgbt <1,0,0,0> }
	no_shadow
}
cylinder {
	<26.209242, 34.176666, 43.799709>,  <25.970438, 34.194027, 43.816193>, 0.100000
	pigment { color rgbt <1,0,0,0> }
	no_shadow
}
cylinder {
	<26.209242, 34.176666, 43.799709>,  <26.607246, 34.147732, 43.772240>, 0.100000
	pigment { color rgbt <1,0,0,0> }
	no_shadow
}

// particle -1
sphere {
	<26.209242, 34.176666, 43.799709> 0.100000
	pigment { color rgbt <1,0,0,0> }
	no_shadow
}
sphere {
	0, 1
	scale<0.080000,0.200000,0.300000>
	matrix <-0.023203, -0.837470, 0.545991,
		0.097010, 0.541674, 0.834972,
		-0.995013, 0.072340, 0.068674,
		25.910738, 34.198368, 43.820312>
	pigment { color rgbt <0,1,1,0> }
	no_shadow
}
cylinder {
	<26.474916, 33.877453, 44.434170>,  <26.607246, 34.147732, 43.772240>, 0.130000
	pigment { color rgbt <1,0,0,0> }
	no_shadow
}

// nucleotide -1

// particle -1
sphere {
	<26.474916, 33.877453, 44.434170> 0.250000
	pigment { color rgbt <1,0,0,0> }
	no_shadow
}
cylinder {
	<26.091314, 33.890873, 44.321609>,  <25.861153, 33.898926, 44.254074>, 0.100000
	pigment { color rgbt <1,0,0,0> }
	no_shadow
}
cylinder {
	<26.091314, 33.890873, 44.321609>,  <26.474916, 33.877453, 44.434170>, 0.100000
	pigment { color rgbt <1,0,0,0> }
	no_shadow
}

// particle -1
sphere {
	<26.091314, 33.890873, 44.321609> 0.100000
	pigment { color rgbt <1,0,0,0> }
	no_shadow
}
sphere {
	0, 1
	scale<0.080000,0.200000,0.300000>
	matrix <-0.199372, -0.785559, 0.585788,
		-0.201401, 0.617876, 0.760044,
		-0.959004, 0.033554, -0.281400,
		25.803614, 33.900940, 44.237190>
	pigment { color rgbt <0,1,1,0> }
	no_shadow
}
cylinder {
	<26.932526, 33.422989, 44.488968>,  <26.474916, 33.877453, 44.434170>, 0.130000
	pigment { color rgbt <1,0,0,0> }
	no_shadow
}

// nucleotide -1

// particle -1
sphere {
	<26.932526, 33.422989, 44.488968> 0.250000
	pigment { color rgbt <1,0,0,0> }
	no_shadow
}
cylinder {
	<27.188438, 33.730305, 44.497051>,  <27.341986, 33.914696, 44.501904>, 0.100000
	pigment { color rgbt <1,0,0,0> }
	no_shadow
}
cylinder {
	<27.188438, 33.730305, 44.497051>,  <26.932526, 33.422989, 44.488968>, 0.100000
	pigment { color rgbt <1,0,0,0> }
	no_shadow
}

// particle -1
sphere {
	<27.188438, 33.730305, 44.497051> 0.100000
	pigment { color rgbt <1,0,0,0> }
	no_shadow
}
sphere {
	0, 1
	scale<0.080000,0.200000,0.300000>
	matrix <0.330839, -0.299050, 0.895050,
		0.693701, -0.565952, -0.445507,
		0.639784, 0.768289, 0.020213,
		27.380373, 33.960793, 44.503117>
	pigment { color rgbt <0,1,1,0> }
	no_shadow
}
cylinder {
	<27.430029, 33.061588, 44.006573>,  <26.932526, 33.422989, 44.488968>, 0.130000
	pigment { color rgbt <1,0,0,0> }
	no_shadow
}

// nucleotide -1

// particle -1
sphere {
	<27.430029, 33.061588, 44.006573> 0.250000
	pigment { color rgbt <1,0,0,0> }
	no_shadow
}
cylinder {
	<27.656494, 32.763851, 44.148228>,  <27.792374, 32.585209, 44.233219>, 0.100000
	pigment { color rgbt <1,0,0,0> }
	no_shadow
}
cylinder {
	<27.656494, 32.763851, 44.148228>,  <27.430029, 33.061588, 44.006573>, 0.100000
	pigment { color rgbt <1,0,0,0> }
	no_shadow
}

// particle -1
sphere {
	<27.656494, 32.763851, 44.148228> 0.100000
	pigment { color rgbt <1,0,0,0> }
	no_shadow
}
sphere {
	0, 1
	scale<0.080000,0.200000,0.300000>
	matrix <0.483137, -0.048432, -0.874204,
		0.667859, 0.666038, 0.332200,
		0.566164, -0.744344, 0.354134,
		27.826344, 32.540546, 44.254467>
	pigment { color rgbt <0,1,1,0> }
	no_shadow
}
cylinder {
	<28.186567, 33.181789, 44.064404>,  <27.430029, 33.061588, 44.006573>, 0.130000
	pigment { color rgbt <1,0,0,0> }
	no_shadow
}

// nucleotide -1

// particle -1
sphere {
	<28.186567, 33.181789, 44.064404> 0.250000
	pigment { color rgbt <1,0,0,0> }
	no_shadow
}
cylinder {
	<28.120913, 32.792374, 44.000801>,  <28.081520, 32.558723, 43.962639>, 0.100000
	pigment { color rgbt <1,0,0,0> }
	no_shadow
}
cylinder {
	<28.120913, 32.792374, 44.000801>,  <28.186567, 33.181789, 44.064404>, 0.100000
	pigment { color rgbt <1,0,0,0> }
	no_shadow
}

// particle -1
sphere {
	<28.120913, 32.792374, 44.000801> 0.100000
	pigment { color rgbt <1,0,0,0> }
	no_shadow
}
sphere {
	0, 1
	scale<0.080000,0.200000,0.300000>
	matrix <0.500562, 0.056698, -0.863842,
		0.849998, -0.221383, 0.478010,
		-0.164138, -0.973538, -0.159009,
		28.071671, 32.500313, 43.953098>
	pigment { color rgbt <0,1,1,0> }
	no_shadow
}
cylinder {
	<28.852030, 32.743343, 44.129375>,  <28.186567, 33.181789, 44.064404>, 0.130000
	pigment { color rgbt <1,0,0,0> }
	no_shadow
}

// nucleotide -1

// particle -1
sphere {
	<28.852030, 32.743343, 44.129375> 0.250000
	pigment { color rgbt <1,0,0,0> }
	no_shadow
}
cylinder {
	<28.551903, 32.664448, 43.876991>,  <28.371826, 32.617111, 43.725559>, 0.100000
	pigment { color rgbt <1,0,0,0> }
	no_shadow
}
cylinder {
	<28.551903, 32.664448, 43.876991>,  <28.852030, 32.743343, 44.129375>, 0.100000
	pigment { color rgbt <1,0,0,0> }
	no_shadow
}

// particle -1
sphere {
	<28.551903, 32.664448, 43.876991> 0.100000
	pigment { color rgbt <1,0,0,0> }
	no_shadow
}
sphere {
	0, 1
	scale<0.080000,0.200000,0.300000>
	matrix <0.601147, 0.193515, -0.775355,
		0.275034, -0.961066, -0.026626,
		-0.750320, -0.197243, -0.630965,
		28.326807, 32.605274, 43.687702>
	pigment { color rgbt <0,1,1,0> }
	no_shadow
}
cylinder {
	<29.122463, 32.489353, 43.584862>,  <28.852030, 32.743343, 44.129375>, 0.130000
	pigment { color rgbt <1,0,0,0> }
	no_shadow
}

// nucleotide -1

// particle -1
sphere {
	<29.122463, 32.489353, 43.584862> 0.250000
	pigment { color rgbt <1,0,0,0> }
	no_shadow
}
cylinder {
	<28.753571, 32.544651, 43.440430>,  <28.532236, 32.577831, 43.353771>, 0.100000
	pigment { color rgbt <1,0,0,0> }
	no_shadow
}
cylinder {
	<28.753571, 32.544651, 43.440430>,  <29.122463, 32.489353, 43.584862>, 0.100000
	pigment { color rgbt <1,0,0,0> }
	no_shadow
}

// particle -1
sphere {
	<28.753571, 32.544651, 43.440430> 0.100000
	pigment { color rgbt <1,0,0,0> }
	no_shadow
}
sphere {
	0, 1
	scale<0.080000,0.200000,0.300000>
	matrix <0.338464, -0.162790, -0.926791,
		-0.186909, -0.976927, 0.103337,
		-0.922229, 0.138250, -0.361082,
		28.476902, 32.586124, 43.332104>
	pigment { color rgbt <0,1,1,0> }
	no_shadow
}
cylinder {
	<28.850588, 31.928286, 43.183887>,  <29.122463, 32.489353, 43.584862>, 0.130000
	pigment { color rgbt <1,0,0,0> }
	no_shadow
}

// nucleotide -1

// particle -1
sphere {
	<28.850588, 31.928286, 43.183887> 0.250000
	pigment { color rgbt <1,0,0,0> }
	no_shadow
}
cylinder {
	<28.664682, 32.257538, 43.053383>,  <28.553139, 32.455090, 42.975079>, 0.100000
	pigment { color rgbt <1,0,0,0> }
	no_shadow
}
cylinder {
	<28.664682, 32.257538, 43.053383>,  <28.850588, 31.928286, 43.183887>, 0.100000
	pigment { color rgbt <1,0,0,0> }
	no_shadow
}

// particle -1
sphere {
	<28.664682, 32.257538, 43.053383> 0.100000
	pigment { color rgbt <1,0,0,0> }
	no_shadow
}
sphere {
	0, 1
	scale<0.080000,0.200000,0.300000>
	matrix <0.376571, -0.149739, -0.914206,
		-0.801367, -0.547750, -0.240375,
		-0.464763, 0.823133, -0.326263,
		28.525253, 32.504478, 42.955505>
	pigment { color rgbt <0,1,1,0> }
	no_shadow
}
cylinder {
	<28.399458, 31.748564, 42.625706>,  <28.850588, 31.928286, 43.183887>, 0.130000
	pigment { color rgbt <1,0,0,0> }
	no_shadow
}

// nucleotide -1

// particle -1
sphere {
	<28.399458, 31.748564, 42.625706> 0.250000
	pigment { color rgbt <1,0,0,0> }
	no_shadow
}
cylinder {
	<28.453009, 32.143070, 42.587013>,  <28.485138, 32.379772, 42.563797>, 0.100000
	pigment { color rgbt <1,0,0,0> }
	no_shadow
}
cylinder {
	<28.453009, 32.143070, 42.587013>,  <28.399458, 31.748564, 42.625706>, 0.100000
	pigment { color rgbt <1,0,0,0> }
	no_shadow
}

// particle -1
sphere {
	<28.453009, 32.143070, 42.587013> 0.100000
	pigment { color rgbt <1,0,0,0> }
	no_shadow
}
sphere {
	0, 1
	scale<0.080000,0.200000,0.300000>
	matrix <0.068966, -0.106650, -0.991902,
		-0.988596, 0.126119, -0.082297,
		0.133874, 0.986266, -0.096735,
		28.493172, 32.438950, 42.557991>
	pigment { color rgbt <0,1,1,0> }
	no_shadow
}
cylinder {
	<27.997032, 31.960964, 42.099785>,  <28.399458, 31.748564, 42.625706>, 0.130000
	pigment { color rgbt <1,0,0,0> }
	no_shadow
}

// nucleotide -1

// particle -1
sphere {
	<27.997032, 31.960964, 42.099785> 0.250000
	pigment { color rgbt <1,0,0,0> }
	no_shadow
}
cylinder {
	<28.250689, 32.268295, 42.134514>,  <28.402882, 32.452694, 42.155350>, 0.100000
	pigment { color rgbt <1,0,0,0> }
	no_shadow
}
cylinder {
	<28.250689, 32.268295, 42.134514>,  <27.997032, 31.960964, 42.099785>, 0.100000
	pigment { color rgbt <1,0,0,0> }
	no_shadow
}

// particle -1
sphere {
	<28.250689, 32.268295, 42.134514> 0.100000
	pigment { color rgbt <1,0,0,0> }
	no_shadow
}
sphere {
	0, 1
	scale<0.080000,0.200000,0.300000>
	matrix <0.278505, -0.122215, -0.952627,
		-0.721320, 0.628279, -0.291484,
		0.634139, 0.768329, 0.086823,
		28.440929, 32.498795, 42.160561>
	pigment { color rgbt <0,1,1,0> }
	no_shadow
}
cylinder {
	<27.874908, 32.374748, 41.520237>,  <27.997032, 31.960964, 42.099785>, 0.130000
	pigment { color rgbt <1,0,0,0> }
	no_shadow
}

// nucleotide -1

// particle -1
sphere {
	<27.874908, 32.374748, 41.520237> 0.250000
	pigment { color rgbt <1,0,0,0> }
	no_shadow
}
cylinder {
	<28.235540, 32.510460, 41.627598>,  <28.451920, 32.591888, 41.692017>, 0.100000
	pigment { color rgbt <1,0,0,0> }
	no_shadow
}
cylinder {
	<28.235540, 32.510460, 41.627598>,  <27.874908, 32.374748, 41.520237>, 0.100000
	pigment { color rgbt <1,0,0,0> }
	no_shadow
}

// particle -1
sphere {
	<28.235540, 32.510460, 41.627598> 0.100000
	pigment { color rgbt <1,0,0,0> }
	no_shadow
}
sphere {
	0, 1
	scale<0.080000,0.200000,0.300000>
	matrix <0.275314, 0.028590, -0.960929,
		-0.333696, 0.940251, -0.067631,
		0.901581, 0.339278, 0.268405,
		28.506016, 32.612244, 41.708118>
	pigment { color rgbt <0,1,1,0> }
	no_shadow
}
cylinder {
	<27.976767, 32.826523, 41.124859>,  <27.874908, 32.374748, 41.520237>, 0.130000
	pigment { color rgbt <1,0,0,0> }
	no_shadow
}

// nucleotide -1

// particle -1
sphere {
	<27.976767, 32.826523, 41.124859> 0.250000
	pigment { color rgbt <1,0,0,0> }
	no_shadow
}
cylinder {
	<28.355846, 32.750973, 41.227768>,  <28.583294, 32.705643, 41.289513>, 0.100000
	pigment { color rgbt <1,0,0,0> }
	no_shadow
}
cylinder {
	<28.355846, 32.750973, 41.227768>,  <27.976767, 32.826523, 41.124859>, 0.100000
	pigment { color rgbt <1,0,0,0> }
	no_shadow
}

// particle -1
sphere {
	<28.355846, 32.750973, 41.227768> 0.100000
	pigment { color rgbt <1,0,0,0> }
	no_shadow
}
sphere {
	0, 1
	scale<0.080000,0.200000,0.300000>
	matrix <0.301067, 0.261506, -0.917046,
		0.105929, 0.946542, 0.304693,
		0.947701, -0.188874, 0.257272,
		28.640158, 32.694309, 41.304951>
	pigment { color rgbt <0,1,1,0> }
	no_shadow
}
cylinder {
	<28.399239, 33.458755, 41.035473>,  <27.976767, 32.826523, 41.124859>, 0.130000
	pigment { color rgbt <1,0,0,0> }
	no_shadow
}

// nucleotide -1

// particle -1
sphere {
	<28.399239, 33.458755, 41.035473> 0.250000
	pigment { color rgbt <1,0,0,0> }
	no_shadow
}
cylinder {
	<28.645098, 33.144199, 41.010811>,  <28.792614, 32.955467, 40.996014>, 0.100000
	pigment { color rgbt <1,0,0,0> }
	no_shadow
}
cylinder {
	<28.645098, 33.144199, 41.010811>,  <28.399239, 33.458755, 41.035473>, 0.100000
	pigment { color rgbt <1,0,0,0> }
	no_shadow
}

// particle -1
sphere {
	<28.645098, 33.144199, 41.010811> 0.100000
	pigment { color rgbt <1,0,0,0> }
	no_shadow
}
sphere {
	0, 1
	scale<0.080000,0.200000,0.300000>
	matrix <0.333576, 0.329958, -0.883094,
		0.714797, 0.522227, 0.465128,
		0.614648, -0.786388, -0.061651,
		28.829493, 32.908283, 40.992317>
	pigment { color rgbt <0,1,1,0> }
	no_shadow
}
cylinder {
	<28.811775, 33.647766, 40.542183>,  <28.399239, 33.458755, 41.035473>, 0.130000
	pigment { color rgbt <1,0,0,0> }
	no_shadow
}

// nucleotide -1

// particle -1
sphere {
	<28.811775, 33.647766, 40.542183> 0.250000
	pigment { color rgbt <1,0,0,0> }
	no_shadow
}
cylinder {
	<28.947590, 33.273827, 40.583687>,  <29.029079, 33.049461, 40.608589>, 0.100000
	pigment { color rgbt <1,0,0,0> }
	no_shadow
}
cylinder {
	<28.947590, 33.273827, 40.583687>,  <28.811775, 33.647766, 40.542183>, 0.100000
	pigment { color rgbt <1,0,0,0> }
	no_shadow
}

// particle -1
sphere {
	<28.947590, 33.273827, 40.583687> 0.100000
	pigment { color rgbt <1,0,0,0> }
	no_shadow
}
sphere {
	0, 1
	scale<0.080000,0.200000,0.300000>
	matrix <0.281433, -0.004287, -0.959571,
