// switches for output
#declare DRAW_BASES = 1; // possible values are 0, 1; only relevant for DNA ribbons
#declare DRAW_BASES_TYPE = 3; // possible values are 1, 2, 3; only relevant for DNA ribbons
#declare DRAW_FOG = 0; // set to 1 to enable fog

#include "colors.inc"

#include "transforms.inc"
background { rgb <1, 1, 1>}

#default {
   normal{
       ripples 0.25
       frequency 0.20
       turbulence 0.2
       lambda 5
   }
	finish {
		phong 0.1
		phong_size 40.
	}
}

// original window dimensions: 1024x640


// camera settings

camera {
	sky <0, 0.179814, -0.983701>
	up <0, 0.179814, -0.983701>
	right 1.6 * <1, 0, 0>
	location <35, 94.9851, 44.8844>
	look_at <35, 29.7336, 32.9568>
	direction <0, -65.2515, -11.9276>
	angle 67.0682
}


# declare cpy_camera_pos = <35, 94.9851, 44.8844>;
# if (DRAW_FOG = 1)
fog {
	fog_type 2
	up vnormalize(cpy_camera_pos)
	color rgbt<1,1,1,0.3>
	distance 1e-5
	fog_alt 3e-3
	fog_offset 56
}
# end


// LIGHTS

# declare lum = 6;
global_settings {
	ambient_light rgb lum * <0.05, 0.05, 0.05>
	max_trace_level 15
}# declare cpy_direct_light_amount = 0.25;
light_source
{	1000 * <-1, -1.16352, -0.803886>,
	rgb lum * cpy_direct_light_amount
	parallel
}

light_source
{	1000 * <1, 1.16352, 0.803886>,
	rgb lum * cpy_direct_light_amount
	parallel
}

// strand 0

// nucleotide -1

// particle -1
sphere {
	<24.102287, 34.766159, 35.323318> 0.250000
	pigment { color rgbt <1,0,0,0> }
	no_shadow
}
cylinder {
	<24.457792, 34.835175, 35.153454>,  <24.671095, 34.876583, 35.051537>, 0.100000
	pigment { color rgbt <1,0,0,0> }
	no_shadow
}
cylinder {
	<24.457792, 34.835175, 35.153454>,  <24.102287, 34.766159, 35.323318>, 0.100000
	pigment { color rgbt <1,0,0,0> }
	no_shadow
}

// particle -1
sphere {
	<24.457792, 34.835175, 35.153454> 0.100000
	pigment { color rgbt <1,0,0,0> }
	no_shadow
}
sphere {
	0, 1
	scale<0.080000,0.200000,0.300000>
	matrix <0.381731, 0.234266, 0.894092,
		0.253758, -0.956737, 0.142338,
		0.888757, 0.172548, -0.424663,
		24.724421, 34.886936, 35.026054>
	pigment { color rgbt <0,1,1,0> }
	no_shadow
}
cylinder {
	<24.672358, 34.571362, 35.757114>,  <24.102287, 34.766159, 35.323318>, 0.130000
	pigment { color rgbt <1,0,0,0> }
	no_shadow
}

// nucleotide -1

// particle -1
sphere {
	<24.672358, 34.571362, 35.757114> 0.250000
	pigment { color rgbt <1,0,0,0> }
	no_shadow
}
cylinder {
	<24.867842, 34.814598, 35.506870>,  <24.985132, 34.960541, 35.356724>, 0.100000
	pigment { color rgbt <1,0,0,0> }
	no_shadow
}
cylinder {
	<24.867842, 34.814598, 35.506870>,  <24.672358, 34.571362, 35.757114>, 0.100000
	pigment { color rgbt <1,0,0,0> }
	no_shadow
}

// particle -1
sphere {
	<24.867842, 34.814598, 35.506870> 0.100000
	pigment { color rgbt <1,0,0,0> }
	no_shadow
}
sphere {
	0, 1
	scale<0.080000,0.200000,0.300000>
	matrix <0.340906, 0.526966, 0.778518,
		0.803085, -0.593743, 0.050231,
		0.488710, 0.608092, -0.625609,
		25.014456, 34.997025, 35.319187>
	pigment { color rgbt <0,1,1,0> }
	no_shadow
}
cylinder {
	<25.332323, 34.562588, 35.960670>,  <24.672358, 34.571362, 35.757114>, 0.130000
	pigment { color rgbt <1,0,0,0> }
	no_shadow
}

// nucleotide -1

// particle -1
sphere {
	<25.332323, 34.562588, 35.960670> 0.250000
	pigment { color rgbt <1,0,0,0> }
	no_shadow
}
cylinder {
	<25.279036, 34.904343, 35.759762>,  <25.247063, 35.109394, 35.639217>, 0.100000
	pigment { color rgbt <1,0,0,0> }
	no_shadow
}
cylinder {
	<25.279036, 34.904343, 35.759762>,  <25.332323, 34.562588, 35.960670>, 0.100000
	pigment { color rgbt <1,0,0,0> }
	no_shadow
}

// particle -1
sphere {
	<25.279036, 34.904343, 35.759762> 0.100000
	pigment { color rgbt <1,0,0,0> }
	no_shadow
}
sphere {
	0, 1
	scale<0.080000,0.200000,0.300000>
	matrix <0.403226, 0.509672, 0.760029,
		0.905351, -0.101277, -0.412410,
		-0.133221, 0.854388, -0.502269,
		25.239069, 35.160660, 35.609081>
	pigment { color rgbt <0,1,1,0> }
	no_shadow
}
cylinder {
	<25.939240, 34.975731, 35.830437>,  <25.332323, 34.562588, 35.960670>, 0.130000
	pigment { color rgbt <1,0,0,0> }
	no_shadow
}

// nucleotide -1

// particle -1
sphere {
	<25.939240, 34.975731, 35.830437> 0.250000
	pigment { color rgbt <1,0,0,0> }
	no_shadow
}
cylinder {
	<25.611769, 35.202156, 35.869083>,  <25.415287, 35.338013, 35.892273>, 0.100000
	pigment { color rgbt <1,0,0,0> }
	no_shadow
}
cylinder {
	<25.611769, 35.202156, 35.869083>,  <25.939240, 34.975731, 35.830437>, 0.100000
	pigment { color rgbt <1,0,0,0> }
	no_shadow
}

// particle -1
sphere {
	<25.611769, 35.202156, 35.869083> 0.100000
	pigment { color rgbt <1,0,0,0> }
	no_shadow
}
sphere {
	0, 1
	scale<0.080000,0.200000,0.300000>
	matrix <0.468054, 0.560282, 0.683381,
		0.332705, 0.604691, -0.723641,
		-0.818678, 0.566067, 0.096620,
		25.366165, 35.371975, 35.898067>
	pigment { color rgbt <0,1,1,0> }
	no_shadow
}
cylinder {
	<25.973719, 35.702843, 35.752403>,  <25.939240, 34.975731, 35.830437>, 0.130000
	pigment { color rgbt <1,0,0,0> }
	no_shadow
}

// nucleotide -1

// particle -1
sphere {
	<25.973719, 35.702843, 35.752403> 0.250000
	pigment { color rgbt <1,0,0,0> }
	no_shadow
}
cylinder {
	<25.692028, 35.652035, 36.031811>,  <25.523014, 35.621552, 36.199455>, 0.100000
	pigment { color rgbt <1,0,0,0> }
	no_shadow
}
cylinder {
	<25.692028, 35.652035, 36.031811>,  <25.973719, 35.702843, 35.752403>, 0.100000
	pigment { color rgbt <1,0,0,0> }
	no_shadow
}

// particle -1
sphere {
	<25.692028, 35.652035, 36.031811> 0.100000
	pigment { color rgbt <1,0,0,0> }
	no_shadow
}
sphere {
	0, 1
	scale<0.080000,0.200000,0.300000>
	matrix <0.441732, 0.691856, 0.571146,
		-0.555821, 0.710775, -0.431116,
		-0.704227, -0.127017, 0.698521,
		25.480761, 35.613930, 36.241367>
	pigment { color rgbt <0,1,1,0> }
	no_shadow
}
cylinder {
	<25.885401, 36.436451, 36.188320>,  <25.973719, 35.702843, 35.752403>, 0.130000
	pigment { color rgbt <1,0,0,0> }
	no_shadow
}

// nucleotide -1

// particle -1
sphere {
	<25.885401, 36.436451, 36.188320> 0.250000
	pigment { color rgbt <1,0,0,0> }
	no_shadow
}
cylinder {
	<26.196573, 36.230011, 36.331688>,  <26.383276, 36.106148, 36.417709>, 0.100000
	pigment { color rgbt <1,0,0,0> }
	no_shadow
}
cylinder {
	<26.196573, 36.230011, 36.331688>,  <25.885401, 36.436451, 36.188320>, 0.100000
	pigment { color rgbt <1,0,0,0> }
	no_shadow
}

// particle -1
sphere {
	<26.196573, 36.230011, 36.331688> 0.100000
	pigment { color rgbt <1,0,0,0> }
	no_shadow
}
sphere {
	0, 1
	scale<0.080000,0.200000,0.300000>
	matrix <0.628144, 0.624112, -0.464671,
		0.016127, 0.586618, 0.809703,
		0.777930, -0.516104, 0.358416,
		26.429953, 36.075180, 36.439213>
	pigment { color rgbt <0,1,1,0> }
	no_shadow
}
cylinder {
	<26.417341, 36.801792, 36.626751>,  <25.885401, 36.436451, 36.188320>, 0.130000
	pigment { color rgbt <1,0,0,0> }
	no_shadow
}

// nucleotide -1

// particle -1
sphere {
	<26.417341, 36.801792, 36.626751> 0.250000
	pigment { color rgbt <1,0,0,0> }
	no_shadow
}
cylinder {
	<26.567835, 36.487011, 36.431137>,  <26.658131, 36.298141, 36.313770>, 0.100000
	pigment { color rgbt <1,0,0,0> }
	no_shadow
}
cylinder {
	<26.567835, 36.487011, 36.431137>,  <26.417341, 36.801792, 36.626751>, 0.100000
	pigment { color rgbt <1,0,0,0> }
	no_shadow
}

// particle -1
sphere {
	<26.567835, 36.487011, 36.431137> 0.100000
	pigment { color rgbt <1,0,0,0> }
	no_shadow
}
sphere {
	0, 1
	scale<0.080000,0.200000,0.300000>
	matrix <0.579580, 0.611692, -0.538442,
		0.722866, -0.080852, 0.686242,
		0.376234, -0.786954, -0.489031,
		26.680706, 36.250923, 36.284428>
	pigment { color rgbt <0,1,1,0> }
	no_shadow
}
cylinder {
	<27.056503, 37.003124, 36.606930>,  <26.417341, 36.801792, 36.626751>, 0.130000
	pigment { color rgbt <1,0,0,0> }
	no_shadow
}

// nucleotide -1

// particle -1
sphere {
	<27.056503, 37.003124, 36.606930> 0.250000
	pigment { color rgbt <1,0,0,0> }
	no_shadow
}
cylinder {
	<27.038477, 36.718159, 36.326805>,  <27.027660, 36.547180, 36.158730>, 0.100000
	pigment { color rgbt <1,0,0,0> }
	no_shadow
}
cylinder {
	<27.038477, 36.718159, 36.326805>,  <27.056503, 37.003124, 36.606930>, 0.100000
	pigment { color rgbt <1,0,0,0> }
	no_shadow
}

// particle -1
sphere {
	<27.038477, 36.718159, 36.326805> 0.100000
	pigment { color rgbt <1,0,0,0> }
	no_shadow
}
sphere {
	0, 1
	scale<0.080000,0.200000,0.300000>
	matrix <0.433912, 0.617481, -0.656077,
		0.899827, -0.333441, 0.281297,
		-0.045067, -0.712414, -0.700311,
		27.024958, 36.504433, 36.116711>
	pigment { color rgbt <0,1,1,0> }
	no_shadow
}
cylinder {
	<27.726379, 36.837772, 36.240314>,  <27.056503, 37.003124, 36.606930>, 0.130000
	pigment { color rgbt <1,0,0,0> }
	no_shadow
}

// nucleotide -1

// particle -1
sphere {
	<27.726379, 36.837772, 36.240314> 0.250000
	pigment { color rgbt <1,0,0,0> }
	no_shadow
}
cylinder {
	<27.461754, 36.696285, 35.975826>,  <27.302979, 36.611393, 35.817135>, 0.100000
	pigment { color rgbt <1,0,0,0> }
	no_shadow
}
cylinder {
	<27.461754, 36.696285, 35.975826>,  <27.726379, 36.837772, 36.240314>, 0.100000
	pigment { color rgbt <1,0,0,0> }
	no_shadow
}

// particle -1
sphere {
	<27.461754, 36.696285, 35.975826> 0.100000
	pigment { color rgbt <1,0,0,0> }
	no_shadow
}
sphere {
	0, 1
	scale<0.080000,0.200000,0.300000>
	matrix <0.567739, 0.339794, -0.749808,
		0.489903, -0.871447, -0.023973,
		-0.661564, -0.353723, -0.661220,
		27.263285, 36.590168, 35.777462>
	pigment { color rgbt <0,1,1,0> }
	no_shadow
}
cylinder {
	<28.062464, 36.640392, 35.751396>,  <27.726379, 36.837772, 36.240314>, 0.130000
	pigment { color rgbt <1,0,0,0> }
	no_shadow
}

// nucleotide -1

// particle -1
sphere {
	<28.062464, 36.640392, 35.751396> 0.250000
	pigment { color rgbt <1,0,0,0> }
	no_shadow
}
cylinder {
	<27.707474, 36.636795, 35.567089>,  <27.494480, 36.634636, 35.456505>, 0.100000
	pigment { color rgbt <1,0,0,0> }
	no_shadow
}
cylinder {
	<27.707474, 36.636795, 35.567089>,  <28.062464, 36.640392, 35.751396>, 0.100000
	pigment { color rgbt <1,0,0,0> }
	no_shadow
}

// particle -1
sphere {
	<27.707474, 36.636795, 35.567089> 0.100000
	pigment { color rgbt <1,0,0,0> }
	no_shadow
}
sphere {
	0, 1
	scale<0.080000,0.200000,0.300000>
	matrix <0.412971, 0.428236, -0.803784,
		0.204549, -0.903622, -0.376333,
		-0.887476, -0.008998, -0.460765,
		27.441231, 36.634094, 35.428860>
	pigment { color rgbt <0,1,1,0> }
	no_shadow
}
cylinder {
	<28.138134, 36.585339, 35.046803>,  <28.062464, 36.640392, 35.751396>, 0.130000
	pigment { color rgbt <1,0,0,0> }
	no_shadow
}

// nucleotide -1

// particle -1
sphere {
	<28.138134, 36.585339, 35.046803> 0.250000
	pigment { color rgbt <1,0,0,0> }
	no_shadow
}
cylinder {
	<27.772327, 36.746037, 35.065823>,  <27.552843, 36.842457, 35.077236>, 0.100000
	pigment { color rgbt <1,0,0,0> }
	no_shadow
}
cylinder {
	<27.772327, 36.746037, 35.065823>,  <28.138134, 36.585339, 35.046803>, 0.100000
	pigment { color rgbt <1,0,0,0> }
	no_shadow
}

// particle -1
sphere {
	<27.772327, 36.746037, 35.065823> 0.100000
	pigment { color rgbt <1,0,0,0> }
	no_shadow
}
sphere {
	0, 1
	scale<0.080000,0.200000,0.300000>
	matrix <0.234981, 0.623190, -0.745934,
		-0.329314, -0.670993, -0.664320,
		-0.914514, 0.401749, 0.047555,
		27.497972, 36.866562, 35.080090>
	pigment { color rgbt <0,1,1,0> }
	no_shadow
}
cylinder {
	<27.854145, 36.516979, 34.418846>,  <28.138134, 36.585339, 35.046803>, 0.130000
	pigment { color rgbt <1,0,0,0> }
	no_shadow
}

// nucleotide -1

// particle -1
sphere {
	<27.854145, 36.516979, 34.418846> 0.250000
	pigment { color rgbt <1,0,0,0> }
	no_shadow
}
cylinder {
	<27.670179, 36.827477, 34.591324>,  <27.559799, 37.013775, 34.694809>, 0.100000
	pigment { color rgbt <1,0,0,0> }
	no_shadow
}
cylinder {
	<27.670179, 36.827477, 34.591324>,  <27.854145, 36.516979, 34.418846>, 0.100000
	pigment { color rgbt <1,0,0,0> }
	no_shadow
}

// particle -1
sphere {
	<27.670179, 36.827477, 34.591324> 0.100000
	pigment { color rgbt <1,0,0,0> }
	no_shadow
}
sphere {
	0, 1
	scale<0.080000,0.200000,0.300000>
	matrix <0.161539, 0.550636, -0.818965,
		-0.873146, -0.306999, -0.378639,
		-0.459914, 0.776241, 0.431193,
		27.532206, 37.060349, 34.720680>
	pigment { color rgbt <0,1,1,0> }
	no_shadow
}
cylinder {
	<27.656731, 36.776070, 33.813713>,  <27.854145, 36.516979, 34.418846>, 0.130000
	pigment { color rgbt <1,0,0,0> }
	no_shadow
}

// nucleotide -1

// particle -1
sphere {
	<27.656731, 36.776070, 33.813713> 0.250000
	pigment { color rgbt <1,0,0,0> }
	no_shadow
}
cylinder {
	<27.560953, 37.048386, 34.090611>,  <27.503487, 37.211773, 34.256748>, 0.100000
	pigment { color rgbt <1,0,0,0> }
	no_shadow
}
cylinder {
	<27.560953, 37.048386, 34.090611>,  <27.656731, 36.776070, 33.813713>, 0.100000
	pigment { color rgbt <1,0,0,0> }
	no_shadow
}

// particle -1
sphere {
	<27.560953, 37.048386, 34.090611> 0.100000
	pigment { color rgbt <1,0,0,0> }
	no_shadow
}
sphere {
	0, 1
	scale<0.080000,0.200000,0.300000>
	matrix <-0.125945, 0.685178, -0.717405,
		-0.962707, -0.258963, -0.078321,
		-0.239445, 0.680786, 0.692240,
		27.489120, 37.252621, 34.298283>
	pigment { color rgbt <0,1,1,0> }
	no_shadow
}
cylinder {
	<26.937510, 37.062027, 33.709702>,  <27.656731, 36.776070, 33.813713>, 0.130000
	pigment { color rgbt <1,0,0,0> }
	no_shadow
}

// nucleotide -1

// particle -1
sphere {
	<26.937510, 37.062027, 33.709702> 0.250000
	pigment { color rgbt <1,0,0,0> }
	no_shadow
}
cylinder {
	<27.161722, 37.322563, 33.914268>,  <27.296249, 37.478886, 34.037010>, 0.100000
	pigment { color rgbt <1,0,0,0> }
	no_shadow
}
cylinder {
	<27.161722, 37.322563, 33.914268>,  <26.937510, 37.062027, 33.709702>, 0.100000
	pigment { color rgbt <1,0,0,0> }
	no_shadow
}

// particle -1
sphere {
	<27.161722, 37.322563, 33.914268> 0.100000
	pigment { color rgbt <1,0,0,0> }
	no_shadow
}
sphere {
	0, 1
	scale<0.080000,0.200000,0.300000>
	matrix <-0.143644, 0.684672, -0.714556,
		-0.815579, 0.327070, 0.477343,
		0.560533, 0.651345, 0.511422,
		27.329882, 37.517967, 34.067696>
	pigment { color rgbt <0,1,1,0> }
	no_shadow
}
cylinder {
	<26.619236, 37.774220, 33.584644>,  <26.937510, 37.062027, 33.709702>, 0.130000
	pigment { color rgbt <1,0,0,0> }
	no_shadow
}

// nucleotide -1

// particle -1
sphere {
	<26.619236, 37.774220, 33.584644> 0.250000
	pigment { color rgbt <1,0,0,0> }
	no_shadow
}
cylinder {
	<26.967827, 37.869499, 33.756126>,  <27.176981, 37.926666, 33.859016>, 0.100000
	pigment { color rgbt <1,0,0,0> }
	no_shadow
}
cylinder {
	<26.967827, 37.869499, 33.756126>,  <26.619236, 37.774220, 33.584644>, 0.100000
	pigment { color rgbt <1,0,0,0> }
	no_shadow
}

// particle -1
sphere {
	<26.967827, 37.869499, 33.756126> 0.100000
	pigment { color rgbt <1,0,0,0> }
	no_shadow
}
sphere {
	0, 1
	scale<0.080000,0.200000,0.300000>
	matrix <-0.006523, 0.879685, -0.475513,
		-0.490391, 0.411603, 0.768180,
		0.871478, 0.238198, 0.428704,
		27.229271, 37.940960, 33.884739>
	pigment { color rgbt <0,1,1,0> }
	no_shadow
}
cylinder {
	<26.593000, 38.481613, 33.746426>,  <26.619236, 37.774220, 33.584644>, 0.130000
	pigment { color rgbt <1,0,0,0> }
	no_shadow
}

// nucleotide -1

// particle -1
sphere {
	<26.593000, 38.481613, 33.746426> 0.250000
	pigment { color rgbt <1,0,0,0> }
	no_shadow
}
cylinder {
	<26.982622, 38.391087, 33.745674>,  <27.216394, 38.336773, 33.745224>, 0.100000
	pigment { color rgbt <1,0,0,0> }
	no_shadow
}
cylinder {
	<26.982622, 38.391087, 33.745674>,  <26.593000, 38.481613, 33.746426>, 0.100000
	pigment { color rgbt <1,0,0,0> }
	no_shadow
}

// particle -1
sphere {
	<26.982622, 38.391087, 33.745674> 0.100000
	pigment { color rgbt <1,0,0,0> }
	no_shadow
}
sphere {
	0, 1
	scale<0.080000,0.200000,0.300000>
	matrix <0.201969, 0.872970, -0.443996,
		0.102125, 0.432096, 0.896027,
		0.974053, -0.226313, -0.001882,
		27.274837, 38.323193, 33.745110>
	pigment { color rgbt <0,1,1,0> }
	no_shadow
}
cylinder {
	<26.903267, 39.084789, 33.922161>,  <26.593000, 38.481613, 33.746426>, 0.130000
	pigment { color rgbt <1,0,0,0> }
	no_shadow
}

// nucleotide -1

// particle -1
sphere {
	<26.903267, 39.084789, 33.922161> 0.250000
	pigment { color rgbt <1,0,0,0> }
	no_shadow
}
cylinder {
	<27.196976, 38.880520, 33.743248>,  <27.373201, 38.757957, 33.635902>, 0.100000
	pigment { color rgbt <1,0,0,0> }
	no_shadow
}
cylinder {
	<27.196976, 38.880520, 33.743248>,  <26.903267, 39.084789, 33.922161>, 0.100000
	pigment { color rgbt <1,0,0,0> }
	no_shadow
}

// particle -1
sphere {
	<27.196976, 38.880520, 33.743248> 0.100000
	pigment { color rgbt <1,0,0,0> }
	no_shadow
}
sphere {
	0, 1
	scale<0.080000,0.200000,0.300000>
	matrix <0.239843, 0.811529, -0.532819,
		0.635076, 0.283957, 0.718364,
		0.734271, -0.510675, -0.447278,
		27.417257, 38.727318, 33.609066>
	pigment { color rgbt <0,1,1,0> }
	no_shadow
}
cylinder {
	<27.544241, 39.495316, 33.871300>,  <26.903267, 39.084789, 33.922161>, 0.130000
	pigment { color rgbt <1,0,0,0> }
	no_shadow
}

// nucleotide -1

// particle -1
sphere {
	<27.544241, 39.495316, 33.871300> 0.250000
	pigment { color rgbt <1,0,0,0> }
	no_shadow
}
cylinder {
	<27.600777, 39.241283, 33.567535>,  <27.634697, 39.088863, 33.385277>, 0.100000
	pigment { color rgbt <1,0,0,0> }
	no_shadow
}
cylinder {
	<27.600777, 39.241283, 33.567535>,  <27.544241, 39.495316, 33.871300>, 0.100000
	pigment { color rgbt <1,0,0,0> }
	no_shadow
}

// particle -1
sphere {
	<27.600777, 39.241283, 33.567535> 0.100000
	pigment { color rgbt <1,0,0,0> }
	no_shadow
}
sphere {
	0, 1
	scale<0.080000,0.200000,0.300000>
	matrix <0.181886, 0.770708, -0.610678,
		0.973109, -0.051813, 0.224442,
		0.141338, -0.635079, -0.759407,
		27.643177, 39.050758, 33.339714>
	pigment { color rgbt <0,1,1,0> }
	no_shadow
}
cylinder {
	<28.193983, 39.682026, 33.576328>,  <27.544241, 39.495316, 33.871300>, 0.130000
	pigment { color rgbt <1,0,0,0> }
	no_shadow
}

// nucleotide -1

// particle -1
sphere {
	<28.193983, 39.682026, 33.576328> 0.250000
	pigment { color rgbt <1,0,0,0> }
	no_shadow
}
cylinder {
	<28.020987, 39.458836, 33.293030>,  <27.917189, 39.324921, 33.123051>, 0.100000
	pigment { color rgbt <1,0,0,0> }
	no_shadow
}
cylinder {
	<28.020987, 39.458836, 33.293030>,  <28.193983, 39.682026, 33.576328>, 0.100000
	pigment { color rgbt <1,0,0,0> }
	no_shadow
}

// particle -1
sphere {
	<28.020987, 39.458836, 33.293030> 0.100000
	pigment { color rgbt <1,0,0,0> }
	no_shadow
}
sphere {
	0, 1
	scale<0.080000,0.200000,0.300000>
	matrix <0.362834, 0.611395, -0.703240,
		0.825411, -0.561121, -0.061970,
		-0.432491, -0.557978, -0.708246,
		27.891239, 39.291443, 33.080555>
	pigment { color rgbt <0,1,1,0> }
	no_shadow
}
cylinder {
	<28.703650, 39.418884, 33.234093>,  <28.193983, 39.682026, 33.576328>, 0.130000
	pigment { color rgbt <1,0,0,0> }
	no_shadow
}

// nucleotide -1

// particle -1
sphere {
	<28.703650, 39.418884, 33.234093> 0.250000
	pigment { color rgbt <1,0,0,0> }
	no_shadow
}
cylinder {
	<28.382345, 39.451824, 32.998131>,  <28.189562, 39.471588, 32.856552>, 0.100000
	pigment { color rgbt <1,0,0,0> }
	no_shadow
}
cylinder {
	<28.382345, 39.451824, 32.998131>,  <28.703650, 39.418884, 33.234093>, 0.100000
	pigment { color rgbt <1,0,0,0> }
	no_shadow
}

// particle -1
sphere {
	<28.382345, 39.451824, 32.998131> 0.100000
	pigment { color rgbt <1,0,0,0> }
	no_shadow
}
sphere {
	0, 1
	scale<0.080000,0.200000,0.300000>
	matrix <0.543114, 0.507886, -0.668640,
		0.244541, -0.857479, -0.452692,
		-0.803260, 0.082354, -0.589907,
		28.141367, 39.476532, 32.821159>
	pigment { color rgbt <0,1,1,0> }
	no_shadow
}
cylinder {
	<28.988056, 39.362064, 32.626869>,  <28.703650, 39.418884, 33.234093>, 0.130000
	pigment { color rgbt <1,0,0,0> }
	no_shadow
}

// nucleotide -1

// particle -1
sphere {
	<28.988056, 39.362064, 32.626869> 0.250000
	pigment { color rgbt <1,0,0,0> }
	no_shadow
}
cylinder {
	<28.638330, 39.535378, 32.539379>,  <28.428495, 39.639366, 32.486885>, 0.100000
	pigment { color rgbt <1,0,0,0> }
	no_shadow
}
cylinder {
	<28.638330, 39.535378, 32.539379>,  <28.988056, 39.362064, 32.626869>, 0.100000
	pigment { color rgbt <1,0,0,0> }
	no_shadow
}

// particle -1
sphere {
	<28.638330, 39.535378, 32.539379> 0.100000
	pigment { color rgbt <1,0,0,0> }
	no_shadow
}
sphere {
	0, 1
	scale<0.080000,0.200000,0.300000>
	matrix <0.442043, 0.524738, -0.727495,
		-0.200435, -0.732746, -0.650315,
		-0.874313, 0.433282, -0.218729,
		28.376036, 39.665363, 32.473759>
	pigment { color rgbt <0,1,1,0> }
	no_shadow
}
cylinder {
	<28.996737, 39.380772, 31.872612>,  <28.988056, 39.362064, 32.626869>, 0.130000
	pigment { color rgbt <1,0,0,0> }
	no_shadow
}

// nucleotide -1

// particle -1
sphere {
	<28.996737, 39.380772, 31.872612> 0.250000
	pigment { color rgbt <1,0,0,0> }
	no_shadow
}
cylinder {
	<28.715254, 39.630333, 32.008575>,  <28.546364, 39.780071, 32.090153>, 0.100000
	pigment { color rgbt <1,0,0,0> }
	no_shadow
}
cylinder {
	<28.715254, 39.630333, 32.008575>,  <28.996737, 39.380772, 31.872612>, 0.100000
	pigment { color rgbt <1,0,0,0> }
	no_shadow
}

// particle -1
sphere {
	<28.715254, 39.630333, 32.008575> 0.100000
	pigment { color rgbt <1,0,0,0> }
	no_shadow
}
sphere {
	0, 1
	scale<0.080000,0.200000,0.300000>
	matrix <0.367101, 0.728890, -0.577889,
		-0.608305, -0.281884, -0.741961,
		-0.703706, 0.623907, 0.339907,
		28.504143, 39.817505, 32.110546>
	pigment { color rgbt <0,1,1,0> }
	no_shadow
}
cylinder {
	<28.993950, 39.828690, 31.335989>,  <28.996737, 39.380772, 31.872612>, 0.130000
	pigment { color rgbt <1,0,0,0> }
	no_shadow
}

// nucleotide -1

// particle -1
sphere {
	<28.993950, 39.828690, 31.335989> 0.250000
	pigment { color rgbt <1,0,0,0> }
	no_shadow
}
cylinder {
	<28.809727, 40.024632, 31.632078>,  <28.699192, 40.142197, 31.809732>, 0.100000
	pigment { color rgbt <1,0,0,0> }
	no_shadow
}
cylinder {
	<28.809727, 40.024632, 31.632078>,  <28.993950, 39.828690, 31.335989>, 0.100000
	pigment { color rgbt <1,0,0,0> }
	no_shadow
}

// particle -1
sphere {
	<28.809727, 40.024632, 31.632078> 0.100000
	pigment { color rgbt <1,0,0,0> }
	no_shadow
}
sphere {
	0, 1
	scale<0.080000,0.200000,0.300000>
	matrix <0.421627, 0.854577, -0.303197,
		-0.781100, 0.172459, -0.600117,
		-0.460557, 0.489853, 0.740223,
		28.671560, 40.171589, 31.854145>
	pigment { color rgbt <0,1,1,0> }
	no_shadow
}
cylinder {
	<28.585663, 40.345478, 31.016394>,  <28.993950, 39.828690, 31.335989>, 0.130000
	pigment { color rgbt <1,0,0,0> }
	no_shadow
}

// nucleotide -1

// particle -1
sphere {
	<28.585663, 40.345478, 31.016394> 0.250000
	pigment { color rgbt <1,0,0,0> }
	no_shadow
}
cylinder {
	<28.628307, 40.478001, 31.391386>,  <28.653894, 40.557514, 31.616381>, 0.100000
	pigment { color rgbt <1,0,0,0> }
	no_shadow
}
cylinder {
	<28.628307, 40.478001, 31.391386>,  <28.585663, 40.345478, 31.016394>, 0.100000
	pigment { color rgbt <1,0,0,0> }
	no_shadow
}

// particle -1
sphere {
	<28.628307, 40.478001, 31.391386> 0.100000
	pigment { color rgbt <1,0,0,0> }
	no_shadow
}
sphere {
	0, 1
	scale<0.080000,0.200000,0.300000>
	matrix <0.446497, 0.826491, -0.342860,
		-0.888411, 0.455135, -0.059816,
		0.106610, 0.331309, 0.937480,
		28.660290, 40.577393, 31.672630>
	pigment { color rgbt <0,1,1,0> }
	no_shadow
}
cylinder {
	<28.349726, 41.042419, 31.009089>,  <28.585663, 40.345478, 31.016394>, 0.130000
	pigment { color rgbt <1,0,0,0> }
	no_shadow
}

// nucleotide -1

// particle -1
sphere {
	<28.349726, 41.042419, 31.009089> 0.250000
	pigment { color rgbt <1,0,0,0> }
	no_shadow
}
cylinder {
	<28.603807, 41.016647, 31.316950>,  <28.756256, 41.001183, 31.501667>, 0.100000
	pigment { color rgbt <1,0,0,0> }
	no_shadow
}
cylinder {
	<28.603807, 41.016647, 31.316950>,  <28.349726, 41.042419, 31.009089>, 0.100000
	pigment { color rgbt <1,0,0,0> }
	no_shadow
}

// particle -1
sphere {
	<28.603807, 41.016647, 31.316950> 0.100000
	pigment { color rgbt <1,0,0,0> }
	no_shadow
}
sphere {
	0, 1
	scale<0.080000,0.200000,0.300000>
	matrix <0.512436, 0.780745, -0.357557,
		-0.577864, 0.621519, 0.528950,
		0.635203, -0.064434, 0.769653,
		28.794369, 40.997318, 31.547846>
	pigment { color rgbt <0,1,1,0> }
	no_shadow
}
cylinder {
	<28.401726, 41.711731, 31.309261>,  <28.349726, 41.042419, 31.009089>, 0.130000
	pigment { color rgbt <1,0,0,0> }
	no_shadow
}

// nucleotide -1

// particle -1
sphere {
	<28.401726, 41.711731, 31.309261> 0.250000
	pigment { color rgbt <1,0,0,0> }
	no_shadow
}
cylinder {
	<28.728930, 41.503986, 31.408157>,  <28.925253, 41.379341, 31.467495>, 0.100000
	pigment { color rgbt <1,0,0,0> }
	no_shadow
}
cylinder {
	<28.728930, 41.503986, 31.408157>,  <28.401726, 41.711731, 31.309261>, 0.100000
	pigment { color rgbt <1,0,0,0> }
	no_shadow
}

// particle -1
sphere {
	<28.728930, 41.503986, 31.408157> 0.100000
	pigment { color rgbt <1,0,0,0> }
	no_shadow
}
sphere {
	0, 1
	scale<0.080000,0.200000,0.300000>
	matrix <0.563891, 0.639241, -0.522875,
		0.113514, 0.567133, 0.815766,
		0.818011, -0.519357, 0.247238,
		28.974333, 41.348179, 31.482328>
	pigment { color rgbt <0,1,1,0> }
	no_shadow
}
cylinder {
	<28.855316, 42.219322, 31.506313>,  <28.401726, 41.711731, 31.309261>, 0.130000
	pigment { color rgbt <1,0,0,0> }
	no_shadow
}

// nucleotide -1

// particle -1
sphere {
	<28.855316, 42.219322, 31.506313> 0.250000
	pigment { color rgbt <1,0,0,0> }
	no_shadow
}
cylinder {
	<29.065384, 41.898487, 31.392578>,  <29.191425, 41.705986, 31.324337>, 0.100000
	pigment { color rgbt <1,0,0,0> }
	no_shadow
}
cylinder {
	<29.065384, 41.898487, 31.392578>,  <28.855316, 42.219322, 31.506313>, 0.100000
	pigment { color rgbt <1,0,0,0> }
	no_shadow
}

// particle -1
sphere {
	<29.065384, 41.898487, 31.392578> 0.100000
	pigment { color rgbt <1,0,0,0> }
	no_shadow
}
sphere {
	0, 1
	scale<0.080000,0.200000,0.300000>
	matrix <0.603428, 0.586588, -0.540174,
		0.600058, 0.112105, 0.792062,
		0.525171, -0.802089, -0.284340,
		29.222935, 41.657860, 31.307276>
	pigment { color rgbt <0,1,1,0> }
	no_shadow
}
cylinder {
	<29.590761, 42.250797, 31.880415>,  <28.855316, 42.219322, 31.506313>, 0.130000
	pigment { color rgbt <1,0,0,0> }
	no_shadow
}

// nucleotide -1

// particle -1
sphere {
	<29.590761, 42.250797, 31.880415> 0.250000
	pigment { color rgbt <1,0,0,0> }
	no_shadow
}
cylinder {
	<29.714222, 42.629086, 31.921116>,  <29.788298, 42.856056, 31.945536>, 0.100000
	pigment { color rgbt <1,0,0,0> }
	no_shadow
}
cylinder {
	<29.714222, 42.629086, 31.921116>,  <29.590761, 42.250797, 31.880415>, 0.100000
	pigment { color rgbt <1,0,0,0> }
	no_shadow
}

// particle -1
sphere {
	<29.714222, 42.629086, 31.921116> 0.100000
	pigment { color rgbt <1,0,0,0> }
	no_shadow
}
sphere {
	0, 1
	scale<0.080000,0.200000,0.300000>
	matrix <-0.092389, -0.076662, 0.992767,
		0.946678, -0.315820, 0.063712,
		0.308651, 0.945717, 0.101753,
		29.806818, 42.912800, 31.951641>
	pigment { color rgbt <0,1,1,0> }
	no_shadow
}
cylinder {
	<30.269968, 42.307129, 32.250793>,  <29.590761, 42.250797, 31.880415>, 0.130000
	pigment { color rgbt <1,0,0,0> }
	no_shadow
}

// nucleotide -1

// particle -1
sphere {
	<30.269968, 42.307129, 32.250793> 0.250000
	pigment { color rgbt <1,0,0,0> }
	no_shadow
}
cylinder {
	<30.003361, 42.599979, 32.306995>,  <29.843397, 42.775692, 32.340717>, 0.100000
	pigment { color rgbt <1,0,0,0> }
	no_shadow
}
cylinder {
	<30.003361, 42.599979, 32.306995>,  <30.269968, 42.307129, 32.250793>, 0.100000
	pigment { color rgbt <1,0,0,0> }
	no_shadow
}

// particle -1
sphere {
	<30.003361, 42.599979, 32.306995> 0.100000
	pigment { color rgbt <1,0,0,0> }
	no_shadow
}
sphere {
	0, 1
	scale<0.080000,0.200000,0.300000>
	matrix <-0.057577, -0.238462, 0.969444,
		0.743262, 0.638062, 0.201093,
		-0.666518, 0.732129, 0.140502,
		29.803406, 42.819618, 32.349148>
	pigment { color rgbt <0,1,1,0> }
	no_shadow
}
cylinder {
	<30.415451, 42.769512, 32.814156>,  <30.269968, 42.307129, 32.250793>, 0.130000
	pigment { color rgbt <1,0,0,0> }
	no_shadow
}

// nucleotide -1

// particle -1
sphere {
	<30.415451, 42.769512, 32.814156> 0.250000
	pigment { color rgbt <1,0,0,0> }
	no_shadow
}
cylinder {
	<30.019848, 42.780987, 32.756130>,  <29.782486, 42.787872, 32.721313>, 0.100000
	pigment { color rgbt <1,0,0,0> }
	no_shadow
}
cylinder {
	<30.019848, 42.780987, 32.756130>,  <30.415451, 42.769512, 32.814156>, 0.100000
	pigment { color rgbt <1,0,0,0> }
	no_shadow
}

// particle -1
sphere {
	<30.019848, 42.780987, 32.756130> 0.100000
	pigment { color rgbt <1,0,0,0> }
	no_shadow
}
sphere {
	0, 1
	scale<0.080000,0.200000,0.300000>
	matrix <-0.143249, 0.057532, 0.988013,
		0.036686, 0.997932, -0.052790,
		-0.989007, 0.028684, -0.145063,
		29.723146, 42.789593, 32.712612>
	pigment { color rgbt <0,1,1,0> }
	no_shadow
}
cylinder {
	<30.064194, 43.365372, 33.181385>,  <30.415451, 42.769512, 32.814156>, 0.130000
	pigment { color rgbt <1,0,0,0> }
	no_shadow
}

// nucleotide -1

// particle -1
sphere {
	<30.064194, 43.365372, 33.181385> 0.250000
	pigment { color rgbt <1,0,0,0> }
	no_shadow
}
cylinder {
	<29.862829, 43.021935, 33.142605>,  <29.742010, 42.815872, 33.119335>, 0.100000
	pigment { color rgbt <1,0,0,0> }
	no_shadow
}
cylinder {
	<29.862829, 43.021935, 33.142605>,  <30.064194, 43.365372, 33.181385>, 0.100000
	pigment { color rgbt <1,0,0,0> }
	no_shadow
}

// particle -1
sphere {
	<29.862829, 43.021935, 33.142605> 0.100000
	pigment { color rgbt <1,0,0,0> }
	no_shadow
}
sphere {
	0, 1
	scale<0.080000,0.200000,0.300000>
	matrix <-0.057060, -0.078925, 0.995246,
		-0.862162, 0.506548, -0.009260,
		-0.503410, -0.858592, -0.096949,
		29.711807, 42.764359, 33.113522>
	pigment { color rgbt <0,1,1,0> }
	no_shadow
}
cylinder {
	<29.355122, 43.488514, 33.529732>,  <30.064194, 43.365372, 33.181385>, 0.130000
	pigment { color rgbt <1,0,0,0> }
	no_shadow
}

// nucleotide -1

// particle -1
sphere {
	<29.355122, 43.488514, 33.529732> 0.250000
	pigment { color rgbt <1,0,0,0> }
	no_shadow
}
cylinder {
	<29.487164, 43.111027, 33.538059>,  <29.566389, 42.884537, 33.543056>, 0.100000
	pigment { color rgbt <1,0,0,0> }
	no_shadow
}
cylinder {
	<29.487164, 43.111027, 33.538059>,  <29.355122, 43.488514, 33.529732>, 0.100000
	pigment { color rgbt <1,0,0,0> }
	no_shadow
}

// particle -1
sphere {
	<29.487164, 43.111027, 33.538059> 0.100000
	pigment { color rgbt <1,0,0,0> }
	no_shadow
}
sphere {
	0, 1
	scale<0.080000,0.200000,0.300000>
	matrix <0.044931, 0.037739, 0.998277,
		-0.942875, -0.328598, 0.054860,
		0.330103, -0.943715, 0.020819,
		29.586195, 42.827911, 33.544304>
	pigment { color rgbt <0,1,1,0> }
	no_shadow
}
cylinder {
	<29.198589, 43.394756, 34.193565>,  <29.355122, 43.488514, 33.529732>, 0.130000
	pigment { color rgbt <1,0,0,0> }
	no_shadow
}

// nucleotide -1

// particle -1
sphere {
	<29.198589, 43.394756, 34.193565> 0.250000
	pigment { color rgbt <1,0,0,0> }
	no_shadow
}
cylinder {
	<29.356466, 43.046394, 34.076439>,  <29.451193, 42.837376, 34.006161>, 0.100000
	pigment { color rgbt <1,0,0,0> }
	no_shadow
}
cylinder {
	<29.356466, 43.046394, 34.076439>,  <29.198589, 43.394756, 34.193565>, 0.100000
	pigment { color rgbt <1,0,0,0> }
	no_shadow
}

// particle -1
sphere {
	<29.356466, 43.046394, 34.076439> 0.100000
	pigment { color rgbt <1,0,0,0> }
	no_shadow
}
sphere {
	0, 1
	scale<0.080000,0.200000,0.300000>
	matrix <-0.192984, -0.390160, 0.900296,
		-0.898319, -0.298828, -0.322063,
		0.394690, -0.870906, -0.292819,
		29.474873, 42.785122, 33.988594>
	pigment { color rgbt <0,1,1,0> }
	no_shadow
}
cylinder {
	<29.932951, 43.166542, 34.316055>,  <29.198589, 43.394756, 34.193565>, 0.130000
	pigment { color rgbt <1,0,0,0> }
	no_shadow
}

// nucleotide -1

// particle -1
sphere {
	<29.932951, 43.166542, 34.316055> 0.250000
	pigment { color rgbt <1,0,0,0> }
	no_shadow
}
cylinder {
	<30.136398, 43.194649, 34.659302>,  <30.258467, 43.211514, 34.865250>, 0.100000
	pigment { color rgbt <1,0,0,0> }
	no_shadow
}
cylinder {
	<30.136398, 43.194649, 34.659302>,  <29.932951, 43.166542, 34.316055>, 0.100000
	pigment { color rgbt <1,0,0,0> }
	no_shadow
}

// particle -1
sphere {
	<30.136398, 43.194649, 34.659302> 0.100000
	pigment { color rgbt <1,0,0,0> }
	no_shadow
}
sphere {
	0, 1
	scale<0.080000,0.200000,0.300000>
	matrix <-0.340108, -0.899212, 0.275217,
		0.790970, -0.431834, -0.433459,
		0.508620, 0.070266, 0.858119,
		30.288984, 43.215729, 34.916737>
	pigment { color rgbt <0,1,1,0> }
	no_shadow
}
cylinder {
	<30.359613, 42.427734, 34.519119>,  <29.932951, 43.166542, 34.316055>, 0.130000
	pigment { color rgbt <1,0,0,0> }
	no_shadow
}

// nucleotide -1

// particle -1
sphere {
	<30.359613, 42.427734, 34.519119> 0.250000
	pigment { color rgbt <1,0,0,0> }
	no_shadow
}
cylinder {
	<30.246693, 42.653084, 34.829708>,  <30.178940, 42.788296, 35.016064>, 0.100000
	pigment { color rgbt <1,0,0,0> }
	no_shadow
}
cylinder {
	<30.246693, 42.653084, 34.829708>,  <30.359613, 42.427734, 34.519119>, 0.100000
	pigment { color rgbt <1,0,0,0> }
	no_shadow
}

// particle -1
sphere {
	<30.246693, 42.653084, 34.829708> 0.100000
	pigment { color rgbt <1,0,0,0> }
	no_shadow
}
sphere {
	0, 1
	scale<0.080000,0.200000,0.300000>
	matrix <-0.365963, -0.811432, 0.455686,
		0.886779, -0.155521, 0.435242,
		-0.282301, 0.563375, 0.776476,
		30.162003, 42.822098, 35.062653>
	pigment { color rgbt <0,1,1,0> }
	no_shadow
}
cylinder {
	<30.705416, 42.263916, 35.176315>,  <30.359613, 42.427734, 34.519119>, 0.130000
	pigment { color rgbt <1,0,0,0> }
	no_shadow
}

// nucleotide -1

// particle -1
sphere {
	<30.705416, 42.263916, 35.176315> 0.250000
	pigment { color rgbt <1,0,0,0> }
	no_shadow
}
cylinder {
	<30.358978, 42.439125, 35.272659>,  <30.151115, 42.544250, 35.330463>, 0.100000
	pigment { color rgbt <1,0,0,0> }
	no_shadow
}
cylinder {
	<30.358978, 42.439125, 35.272659>,  <30.705416, 42.263916, 35.176315>, 0.100000
	pigment { color rgbt <1,0,0,0> }
	no_shadow
}

// particle -1
sphere {
	<30.358978, 42.439125, 35.272659> 0.100000
	pigment { color rgbt <1,0,0,0> }
	no_shadow
}
sphere {
	0, 1
	scale<0.080000,0.200000,0.300000>
	matrix <-0.200257, -0.745513, 0.635695,
		0.458012, 0.502339, 0.733403,
		-0.866096, 0.438025, 0.240857,
		30.099150, 42.570534, 35.344917>
	pigment { color rgbt <0,1,1,0> }
	no_shadow
}
cylinder {
	<30.650024, 42.405807, 36.008961>,  <30.705416, 42.263916, 35.176315>, 0.130000
	pigment { color rgbt <1,0,0,0> }
	no_shadow
}

// nucleotide -1

// particle -1
sphere {
	<30.650024, 42.405807, 36.008961> 0.250000
	pigment { color rgbt <1,0,0,0> }
	no_shadow
}
cylinder {
	<30.320473, 42.330395, 35.795166>,  <30.122742, 42.285145, 35.666889>, 0.100000
	pigment { color rgbt <1,0,0,0> }
	no_shadow
}
cylinder {
	<30.320473, 42.330395, 35.795166>,  <30.650024, 42.405807, 36.008961>, 0.100000
	pigment { color rgbt <1,0,0,0> }
	no_shadow
}

// particle -1
sphere {
	<30.320473, 42.330395, 35.795166> 0.100000
	pigment { color rgbt <1,0,0,0> }
	no_shadow
}
sphere {
	0, 1
	scale<0.080000,0.200000,0.300000>
	matrix <-0.062462, -0.907101, 0.416253,
		-0.563314, 0.376327, 0.735564,
		-0.823878, -0.188536, -0.534489,
		30.073309, 42.273834, 35.634819>
	pigment { color rgbt <0,1,1,0> }
	no_shadow
}
cylinder {
	<30.197536, 42.044155, 36.413292>,  <30.650024, 42.405807, 36.008961>, 0.130000
	pigment { color rgbt <1,0,0,0> }
	no_shadow
}

// nucleotide -1

// particle -1
sphere {
	<30.197536, 42.044155, 36.413292> 0.250000
	pigment { color rgbt <1,0,0,0> }
	no_shadow
}
cylinder {
	<30.032072, 41.947350, 36.062222>,  <29.932795, 41.889267, 35.851578>, 0.100000
	pigment { color rgbt <1,0,0,0> }
	no_shadow
}
cylinder {
	<30.032072, 41.947350, 36.062222>,  <30.197536, 42.044155, 36.413292>, 0.100000
	pigment { color rgbt <1,0,0,0> }
	no_shadow
}

// particle -1
sphere {
	<30.032072, 41.947350, 36.062222> 0.100000
	pigment { color rgbt <1,0,0,0> }
	no_shadow
}
sphere {
	0, 1
	scale<0.080000,0.200000,0.300000>
	matrix <-0.088974, -0.948660, 0.303526,
		-0.906073, 0.203646, 0.370889,
		-0.413660, -0.242018, -0.877675,
		29.907974, 41.874744, 35.798920>
	pigment { color rgbt <0,1,1,0> }
	no_shadow
}
cylinder {
	<29.705881, 41.654907, 36.675068>,  <30.197536, 42.044155, 36.413292>, 0.130000
	pigment { color rgbt <1,0,0,0> }
	no_shadow
}

// nucleotide -1

// particle -1
sphere {
	<29.705881, 41.654907, 36.675068> 0.250000
	pigment { color rgbt <1,0,0,0> }
	no_shadow
}
cylinder {
	<29.748230, 41.552967, 36.290600>,  <29.773640, 41.491802, 36.059921>, 0.100000
	pigment { color rgbt <1,0,0,0> }
	no_shadow
}
cylinder {
	<29.748230, 41.552967, 36.290600>,  <29.705881, 41.654907, 36.675068>, 0.100000
	pigment { color rgbt <1,0,0,0> }
	no_shadow
}

// particle -1
sphere {
	<29.748230, 41.552967, 36.290600> 0.100000
	pigment { color rgbt <1,0,0,0> }
	no_shadow
}
sphere {
	0, 1
	scale<0.080000,0.200000,0.300000>
	matrix <-0.111420, -0.963553, 0.243207,
		-0.988117, 0.081344, -0.130411,
		0.105874, -0.254848, -0.961168,
		29.779993, 41.476513, 36.002251>
	pigment { color rgbt <0,1,1,0> }
	no_shadow
}
cylinder {
	<29.289301, 41.030579, 36.594898>,  <29.705881, 41.654907, 36.675068>, 0.130000
	pigment { color rgbt <1,0,0,0> }
	no_shadow
}

// nucleotide -1

// particle -1
sphere {
	<29.289301, 41.030579, 36.594898> 0.250000
	pigment { color rgbt <1,0,0,0> }
	no_shadow
}
cylinder {
	<29.520306, 40.999325, 36.269844>,  <29.658909, 40.980572, 36.074814>, 0.100000
	pigment { color rgbt <1,0,0,0> }
	no_shadow
}
cylinder {
	<29.520306, 40.999325, 36.269844>,  <29.289301, 41.030579, 36.594898>, 0.100000
	pigment { color rgbt <1,0,0,0> }
	no_shadow
}

// particle -1
sphere {
	<29.520306, 40.999325, 36.269844> 0.100000
	pigment { color rgbt <1,0,0,0> }
	no_shadow
}
sphere {
	0, 1
	scale<0.080000,0.200000,0.300000>
	matrix <0.184050, -0.957322, 0.222848,
		-0.795364, -0.278263, -0.538485,
		0.577514, -0.078137, -0.812633,
		29.693560, 40.975883, 36.026054>
	pigment { color rgbt <0,1,1,0> }
	no_shadow
}
cylinder {
	<28.993139, 40.514179, 36.118748>,  <29.289301, 41.030579, 36.594898>, 0.130000
	pigment { color rgbt <1,0,0,0> }
	no_shadow
}

// nucleotide -1

// particle -1
sphere {
	<28.993139, 40.514179, 36.118748> 0.250000
	pigment { color rgbt <1,0,0,0> }
	no_shadow
}
cylinder {
	<29.377913, 40.542412, 36.013142>,  <29.608776, 40.559349, 35.949776>, 0.100000
	pigment { color rgbt <1,0,0,0> }
	no_shadow
}
cylinder {
	<29.377913, 40.542412, 36.013142>,  <28.993139, 40.514179, 36.118748>, 0.100000
	pigment { color rgbt <1,0,0,0> }
	no_shadow
}

// particle -1
sphere {
	<29.377913, 40.542412, 36.013142> 0.100000
	pigment { color rgbt <1,0,0,0> }
	no_shadow
}
sphere {
	0, 1
	scale<0.080000,0.200000,0.300000>
	matrix <0.144151, -0.951792, 0.270763,
		-0.232181, -0.298514, -0.925733,
		0.961932, 0.070579, -0.264019,
		29.666492, 40.563587, 35.933937>
	pigment { color rgbt <0,1,1,0> }
	no_shadow
}
cylinder {
	<29.095032, 39.919498, 35.756248>,  <28.993139, 40.514179, 36.118748>, 0.130000
	pigment { color rgbt <1,0,0,0> }
	no_shadow
}

// nucleotide -1

// particle -1
sphere {
	<29.095032, 39.919498, 35.756248> 0.250000
	pigment { color rgbt <1,0,0,0> }
	no_shadow
}
cylinder {
	<29.474335, 40.012733, 35.842484>,  <29.701916, 40.068672, 35.894226>, 0.100000
	pigment { color rgbt <1,0,0,0> }
	no_shadow
}
cylinder {
	<29.474335, 40.012733, 35.842484>,  <29.095032, 39.919498, 35.756248>, 0.100000
	pigment { color rgbt <1,0,0,0> }
	no_shadow
}

// particle -1
sphere {
	<29.474335, 40.012733, 35.842484> 0.100000
	pigment { color rgbt <1,0,0,0> }
	no_shadow
}
sphere {
	0, 1
	scale<0.080000,0.200000,0.300000>
	matrix <0.246059, -0.968621, -0.035056,
		0.200652, 0.086289, -0.975855,
		0.948258, 0.233084, 0.215588,
		29.758812, 40.082657, 35.907162>
	pigment { color rgbt <0,1,1,0> }
	no_shadow
}
cylinder {
	<29.571205, 39.458855, 35.345505>,  <29.095032, 39.919498, 35.756248>, 0.130000
	pigment { color rgbt <1,0,0,0> }
	no_shadow
}

// nucleotide -1

// particle -1
sphere {
	<29.571205, 39.458855, 35.345505> 0.250000
	pigment { color rgbt <1,0,0,0> }
	no_shadow
}
cylinder {
	<29.801428, 39.594017, 35.643379>,  <29.939562, 39.675114, 35.822102>, 0.100000
	pigment { color rgbt <1,0,0,0> }
	no_shadow
}
cylinder {
	<29.801428, 39.594017, 35.643379>,  <29.571205, 39.458855, 35.345505>, 0.100000
	pigment { color rgbt <1,0,0,0> }
	no_shadow
}

// particle -1
sphere {
	<29.801428, 39.594017, 35.643379> 0.100000
	pigment { color rgbt <1,0,0,0> }
	no_shadow
}
sphere {
	0, 1
	scale<0.080000,0.200000,0.300000>
	matrix <0.307324, -0.933260, 0.185951,
