// switches for output
#declare DRAW_BASES = 1; // possible values are 0, 1; only relevant for DNA ribbons
#declare DRAW_BASES_TYPE = 3; // possible values are 1, 2, 3; only relevant for DNA ribbons
#declare DRAW_FOG = 0; // set to 1 to enable fog

#include "colors.inc"

#include "transforms.inc"
background { rgb <1, 1, 1>}

#default {
   normal{
       ripples 0.25
       frequency 0.20
       turbulence 0.2
       lambda 5
   }
	finish {
		phong 0.1
		phong_size 40.
	}
}

// original window dimensions: 1024x640


// camera settings

camera {
	sky <0, 0.179814, -0.983701>
	up <0, 0.179814, -0.983701>
	right 1.6 * <1, 0, 0>
	location <35, 94.9851, 44.8844>
	look_at <35, 29.7336, 32.9568>
	direction <0, -65.2515, -11.9276>
	angle 67.0682
}


# declare cpy_camera_pos = <35, 94.9851, 44.8844>;
# if (DRAW_FOG = 1)
fog {
	fog_type 2
	up vnormalize(cpy_camera_pos)
	color rgbt<1,1,1,0.3>
	distance 1e-5
	fog_alt 3e-3
	fog_offset 56
}
# end


// LIGHTS

# declare lum = 6;
global_settings {
	ambient_light rgb lum * <0.05, 0.05, 0.05>
	max_trace_level 15
}# declare cpy_direct_light_amount = 0.25;
light_source
{	1000 * <-1, -1.16352, -0.803886>,
	rgb lum * cpy_direct_light_amount
	parallel
}

light_source
{	1000 * <1, 1.16352, 0.803886>,
	rgb lum * cpy_direct_light_amount
	parallel
}

// strand 0

// nucleotide -1

// particle -1
sphere {
	<24.250015, 35.010365, 35.200684> 0.250000
	pigment { color rgbt <1,0,0,0> }
	no_shadow
}
cylinder {
	<24.515039, 34.877766, 34.932022>,  <24.674055, 34.798206, 34.770824>, 0.100000
	pigment { color rgbt <1,0,0,0> }
	no_shadow
}
cylinder {
	<24.515039, 34.877766, 34.932022>,  <24.250015, 35.010365, 35.200684>, 0.100000
	pigment { color rgbt <1,0,0,0> }
	no_shadow
}

// particle -1
sphere {
	<24.515039, 34.877766, 34.932022> 0.100000
	pigment { color rgbt <1,0,0,0> }
	no_shadow
}
sphere {
	0, 1
	scale<0.080000,0.200000,0.300000>
	matrix <0.374718, 0.923144, -0.085975,
		0.648536, -0.194718, 0.735858,
		0.662561, -0.331497, -0.671656,
		24.713808, 34.778316, 34.730526>
	pigment { color rgbt <0,1,1,0> }
	no_shadow
}
cylinder {
	<24.853231, 35.178860, 35.413589>,  <24.250015, 35.010365, 35.200684>, 0.130000
	pigment { color rgbt <1,0,0,0> }
	no_shadow
}

// nucleotide -1

// particle -1
sphere {
	<24.853231, 35.178860, 35.413589> 0.250000
	pigment { color rgbt <1,0,0,0> }
	no_shadow
}
cylinder {
	<24.852995, 35.134144, 35.016098>,  <24.852854, 35.107315, 34.777603>, 0.100000
	pigment { color rgbt <1,0,0,0> }
	no_shadow
}
cylinder {
	<24.852995, 35.134144, 35.016098>,  <24.853231, 35.178860, 35.413589>, 0.100000
	pigment { color rgbt <1,0,0,0> }
	no_shadow
}

// particle -1
sphere {
	<24.852995, 35.134144, 35.016098> 0.100000
	pigment { color rgbt <1,0,0,0> }
	no_shadow
}
sphere {
	0, 1
	scale<0.080000,0.200000,0.300000>
	matrix <0.230355, 0.966992, -0.108920,
		0.973107, -0.228975, 0.025181,
		-0.000590, -0.111792, -0.993732,
		24.852818, 35.100605, 34.717979>
	pigment { color rgbt <0,1,1,0> }
	no_shadow
}
cylinder {
	<25.474783, 35.565742, 35.189632>,  <24.853231, 35.178860, 35.413589>, 0.130000
	pigment { color rgbt <1,0,0,0> }
	no_shadow
}

// nucleotide -1

// particle -1
sphere {
	<25.474783, 35.565742, 35.189632> 0.250000
	pigment { color rgbt <1,0,0,0> }
	no_shadow
}
cylinder {
	<25.232882, 35.533005, 34.872753>,  <25.087740, 35.513363, 34.682625>, 0.100000
	pigment { color rgbt <1,0,0,0> }
	no_shadow
}
cylinder {
	<25.232882, 35.533005, 34.872753>,  <25.474783, 35.565742, 35.189632>, 0.100000
	pigment { color rgbt <1,0,0,0> }
	no_shadow
}

// particle -1
sphere {
	<25.232882, 35.533005, 34.872753> 0.100000
	pigment { color rgbt <1,0,0,0> }
	no_shadow
}
sphere {
	0, 1
	scale<0.080000,0.200000,0.300000>
	matrix <0.244404, 0.927638, -0.282408,
		0.757983, -0.364403, -0.540992,
		-0.604755, -0.081840, -0.792195,
		25.051455, 35.508453, 34.635094>
	pigment { color rgbt <0,1,1,0> }
	no_shadow
}
cylinder {
	<26.173103, 35.917343, 35.128952>,  <25.474783, 35.565742, 35.189632>, 0.130000
	pigment { color rgbt <1,0,0,0> }
	no_shadow
}

// nucleotide -1

// particle -1
sphere {
	<26.173103, 35.917343, 35.128952> 0.250000
	pigment { color rgbt <1,0,0,0> }
	no_shadow
}
cylinder {
	<25.996418, 35.734798, 35.437916>,  <25.890408, 35.625271, 35.623295>, 0.100000
	pigment { color rgbt <1,0,0,0> }
	no_shadow
}
cylinder {
	<25.996418, 35.734798, 35.437916>,  <26.173103, 35.917343, 35.128952>, 0.100000
	pigment { color rgbt <1,0,0,0> }
	no_shadow
}

// particle -1
sphere {
	<25.996418, 35.734798, 35.437916> 0.100000
	pigment { color rgbt <1,0,0,0> }
	no_shadow
}
sphere {
	0, 1
	scale<0.080000,0.200000,0.300000>
	matrix <-0.865381, 0.443836, -0.232647,
		-0.236653, -0.771195, -0.590976,
		-0.441713, -0.456364, 0.772413,
		25.863905, 35.597889, 35.669640>
	pigment { color rgbt <0,1,1,0> }
	no_shadow
}
cylinder {
	<26.745539, 35.447052, 34.753540>,  <26.173103, 35.917343, 35.128952>, 0.130000
	pigment { color rgbt <1,0,0,0> }
	no_shadow
}

// nucleotide -1

// particle -1
sphere {
	<26.745539, 35.447052, 34.753540> 0.250000
	pigment { color rgbt <1,0,0,0> }
	no_shadow
}
cylinder {
	<26.386597, 35.420841, 34.578972>,  <26.171232, 35.405113, 34.474232>, 0.100000
	pigment { color rgbt <1,0,0,0> }
	no_shadow
}
cylinder {
	<26.386597, 35.420841, 34.578972>,  <26.745539, 35.447052, 34.753540>, 0.100000
	pigment { color rgbt <1,0,0,0> }
	no_shadow
}

// particle -1
sphere {
	<26.386597, 35.420841, 34.578972> 0.100000
	pigment { color rgbt <1,0,0,0> }
	no_shadow
}
sphere {
	0, 1
	scale<0.080000,0.200000,0.300000>
	matrix <-0.406747, -0.260864, 0.875504,
		-0.171215, 0.963149, 0.207434,
		-0.897353, -0.065526, -0.436422,
		26.117392, 35.401184, 34.448044>
	pigment { color rgbt <0,1,1,0> }
	no_shadow
}
cylinder {
	<26.788446, 34.912140, 35.335621>,  <26.745539, 35.447052, 34.753540>, 0.130000
	pigment { color rgbt <1,0,0,0> }
	no_shadow
}

// nucleotide -1

// particle -1
sphere {
	<26.788446, 34.912140, 35.335621> 0.250000
	pigment { color rgbt <1,0,0,0> }
	no_shadow
}
cylinder {
	<27.109167, 35.129456, 35.236057>,  <27.301600, 35.259846, 35.176319>, 0.100000
	pigment { color rgbt <1,0,0,0> }
	no_shadow
}
cylinder {
	<27.109167, 35.129456, 35.236057>,  <26.788446, 34.912140, 35.335621>, 0.100000
	pigment { color rgbt <1,0,0,0> }
	no_shadow
}

// particle -1
sphere {
	<27.109167, 35.129456, 35.236057> 0.100000
	pigment { color rgbt <1,0,0,0> }
	no_shadow
}
sphere {
	0, 1
	scale<0.080000,0.200000,0.300000>
	matrix <0.174254, 0.185866, 0.967000,
		0.571622, -0.818714, 0.054358,
		0.801800, 0.543287, -0.248910,
		27.349707, 35.292442, 35.161385>
	pigment { color rgbt <0,1,1,0> }
	no_shadow
}
cylinder {
	<27.274712, 34.829147, 35.841663>,  <26.788446, 34.912140, 35.335621>, 0.130000
	pigment { color rgbt <1,0,0,0> }
	no_shadow
}

// nucleotide -1

// particle -1
sphere {
	<27.274712, 34.829147, 35.841663> 0.250000
	pigment { color rgbt <1,0,0,0> }
	no_shadow
}
cylinder {
	<27.457430, 35.143421, 35.674793>,  <27.567060, 35.331985, 35.574673>, 0.100000
	pigment { color rgbt <1,0,0,0> }
	no_shadow
}
cylinder {
	<27.457430, 35.143421, 35.674793>,  <27.274712, 34.829147, 35.841663>, 0.100000
	pigment { color rgbt <1,0,0,0> }
	no_shadow
}

// particle -1
sphere {
	<27.457430, 35.143421, 35.674793> 0.100000
	pigment { color rgbt <1,0,0,0> }
	no_shadow
}
sphere {
	0, 1
	scale<0.080000,0.200000,0.300000>
	matrix <0.390227, 0.244448, 0.887675,
		0.799412, -0.568279, -0.194934,
		0.456796, 0.785687, -0.417173,
		27.594469, 35.379128, 35.549641>
	pigment { color rgbt <0,1,1,0> }
	no_shadow
}
cylinder {
	<27.771124, 34.930611, 36.358219>,  <27.274712, 34.829147, 35.841663>, 0.130000
	pigment { color rgbt <1,0,0,0> }
	no_shadow
}

// nucleotide -1

// particle -1
sphere {
	<27.771124, 34.930611, 36.358219> 0.250000
	pigment { color rgbt <1,0,0,0> }
	no_shadow
}
cylinder {
	<27.751917, 35.261795, 36.134727>,  <27.740393, 35.460506, 36.000633>, 0.100000
	pigment { color rgbt <1,0,0,0> }
	no_shadow
}
cylinder {
	<27.751917, 35.261795, 36.134727>,  <27.771124, 34.930611, 36.358219>, 0.100000
	pigment { color rgbt <1,0,0,0> }
	no_shadow
}

// particle -1
sphere {
	<27.751917, 35.261795, 36.134727> 0.100000
	pigment { color rgbt <1,0,0,0> }
	no_shadow
}
sphere {
	0, 1
	scale<0.080000,0.200000,0.300000>
	matrix <0.285033, 0.547469, 0.786787,
		0.957314, -0.121476, -0.262285,
		-0.048017, 0.827962, -0.558724,
		27.737513, 35.510185, 35.967110>
	pigment { color rgbt <0,1,1,0> }
	no_shadow
}
cylinder {
	<28.427908, 35.237648, 36.370251>,  <27.771124, 34.930611, 36.358219>, 0.130000
	pigment { color rgbt <1,0,0,0> }
	no_shadow
}

// nucleotide -1

// particle -1
sphere {
	<28.427908, 35.237648, 36.370251> 0.250000
	pigment { color rgbt <1,0,0,0> }
	no_shadow
}
cylinder {
	<28.138355, 35.499081, 36.281872>,  <27.964622, 35.655941, 36.228844>, 0.100000
	pigment { color rgbt <1,0,0,0> }
	no_shadow
}
cylinder {
	<28.138355, 35.499081, 36.281872>,  <28.427908, 35.237648, 36.370251>, 0.100000
	pigment { color rgbt <1,0,0,0> }
	no_shadow
}

// particle -1
sphere {
	<28.138355, 35.499081, 36.281872> 0.100000
	pigment { color rgbt <1,0,0,0> }
	no_shadow
}
sphere {
	0, 1
	scale<0.080000,0.200000,0.300000>
	matrix <0.256041, 0.551876, 0.793647,
		0.640652, 0.517937, -0.566839,
		-0.723884, 0.653586, -0.220948,
		27.921190, 35.695156, 36.215588>
	pigment { color rgbt <0,1,1,0> }
	no_shadow
}
cylinder {
	<28.728941, 35.921074, 36.348495>,  <28.427908, 35.237648, 36.370251>, 0.130000
	pigment { color rgbt <1,0,0,0> }
	no_shadow
}

// nucleotide -1

// particle -1
sphere {
	<28.728941, 35.921074, 36.348495> 0.250000
	pigment { color rgbt <1,0,0,0> }
	no_shadow
}
cylinder {
	<28.341436, 35.978745, 36.429207>,  <28.108934, 36.013348, 36.477634>, 0.100000
	pigment { color rgbt <1,0,0,0> }
	no_shadow
}
cylinder {
	<28.341436, 35.978745, 36.429207>,  <28.728941, 35.921074, 36.348495>, 0.100000
	pigment { color rgbt <1,0,0,0> }
	no_shadow
}

// particle -1
sphere {
	<28.341436, 35.978745, 36.429207> 0.100000
	pigment { color rgbt <1,0,0,0> }
	no_shadow
}
sphere {
	0, 1
	scale<0.080000,0.200000,0.300000>
	matrix <0.247946, 0.546920, 0.799625,
		0.004933, 0.824676, -0.565584,
		-0.968761, 0.144178, 0.201777,
		28.050808, 36.021999, 36.489738>
	pigment { color rgbt <0,1,1,0> }
	no_shadow
}
cylinder {
	<28.764151, 36.566509, 36.575783>,  <28.728941, 35.921074, 36.348495>, 0.130000
	pigment { color rgbt <1,0,0,0> }
	no_shadow
}

// nucleotide -1

// particle -1
sphere {
	<28.764151, 36.566509, 36.575783> 0.250000
	pigment { color rgbt <1,0,0,0> }
	no_shadow
}
cylinder {
	<28.400345, 36.442177, 36.686176>,  <28.182062, 36.367577, 36.752415>, 0.100000
	pigment { color rgbt <1,0,0,0> }
	no_shadow
}
cylinder {
	<28.400345, 36.442177, 36.686176>,  <28.764151, 36.566509, 36.575783>, 0.100000
	pigment { color rgbt <1,0,0,0> }
	no_shadow
}

// particle -1
sphere {
	<28.400345, 36.442177, 36.686176> 0.100000
	pigment { color rgbt <1,0,0,0> }
	no_shadow
}
sphere {
	0, 1
	scale<0.080000,0.200000,0.300000>
	matrix <0.132812, 0.411845, 0.901523,
		-0.393887, 0.856602, -0.333296,
		-0.909513, -0.310833, 0.275988,
		28.127491, 36.348927, 36.768974>
	pigment { color rgbt <0,1,1,0> }
	no_shadow
}
cylinder {
	<28.403797, 37.238777, 36.806473>,  <28.764151, 36.566509, 36.575783>, 0.130000
	pigment { color rgbt <1,0,0,0> }
	no_shadow
}

// nucleotide -1

// particle -1
sphere {
	<28.403797, 37.238777, 36.806473> 0.250000
	pigment { color rgbt <1,0,0,0> }
	no_shadow
}
cylinder {
	<28.235212, 36.917419, 36.974728>,  <28.134062, 36.724606, 37.075680>, 0.100000
	pigment { color rgbt <1,0,0,0> }
	no_shadow
}
cylinder {
	<28.235212, 36.917419, 36.974728>,  <28.403797, 37.238777, 36.806473>, 0.100000
	pigment { color rgbt <1,0,0,0> }
	no_shadow
}

// particle -1
sphere {
	<28.235212, 36.917419, 36.974728> 0.100000
	pigment { color rgbt <1,0,0,0> }
	no_shadow
}
sphere {
	0, 1
	scale<0.080000,0.200000,0.300000>
	matrix <0.137438, 0.401896, 0.905312,
		-0.896372, 0.439364, -0.058967,
		-0.421460, -0.803392, 0.420633,
		28.108774, 36.676403, 37.100918>
	pigment { color rgbt <0,1,1,0> }
	no_shadow
}
cylinder {
	<27.910391, 37.534527, 37.253613>,  <28.403797, 37.238777, 36.806473>, 0.130000
	pigment { color rgbt <1,0,0,0> }
	no_shadow
}

// nucleotide -1

// particle -1
sphere {
	<27.910391, 37.534527, 37.253613> 0.250000
	pigment { color rgbt <1,0,0,0> }
	no_shadow
}
cylinder {
	<27.996456, 37.169758, 37.393387>,  <28.048096, 36.950897, 37.477253>, 0.100000
	pigment { color rgbt <1,0,0,0> }
	no_shadow
}
cylinder {
	<27.996456, 37.169758, 37.393387>,  <27.910391, 37.534527, 37.253613>, 0.100000
	pigment { color rgbt <1,0,0,0> }
	no_shadow
}

// particle -1
sphere {
	<27.996456, 37.169758, 37.393387> 0.100000
	pigment { color rgbt <1,0,0,0> }
	no_shadow
}
sphere {
	0, 1
	scale<0.080000,0.200000,0.300000>
	matrix <0.105760, 0.377473, 0.919961,
		-0.970835, -0.160985, 0.177663,
		0.215162, -0.911920, 0.349438,
		28.061005, 36.896183, 37.498219>
	pigment { color rgbt <0,1,1,0> }
	no_shadow
}
cylinder {
	<27.669989, 37.531204, 37.995846>,  <27.910391, 37.534527, 37.253613>, 0.130000
	pigment { color rgbt <1,0,0,0> }
	no_shadow
}

// nucleotide -1

// particle -1
sphere {
	<27.669989, 37.531204, 37.995846> 0.250000
	pigment { color rgbt <1,0,0,0> }
	no_shadow
}
cylinder {
	<27.902025, 37.205795, 37.979454>,  <28.041246, 37.010551, 37.969620>, 0.100000
	pigment { color rgbt <1,0,0,0> }
	no_shadow
}
cylinder {
	<27.902025, 37.205795, 37.979454>,  <27.669989, 37.531204, 37.995846>, 0.100000
	pigment { color rgbt <1,0,0,0> }
	no_shadow
}

// particle -1
sphere {
	<27.902025, 37.205795, 37.979454> 0.100000
	pigment { color rgbt <1,0,0,0> }
	no_shadow
}
sphere {
	0, 1
	scale<0.080000,0.200000,0.300000>
	matrix <0.525176, 0.335082, 0.782246,
		-0.622644, -0.475292, 0.621620,
		0.580089, -0.813522, -0.040975,
		28.076052, 36.961739, 37.967163>
	pigment { color rgbt <0,1,1,0> }
	no_shadow
}
cylinder {
	<27.607042, 37.112671, 38.637123>,  <27.669989, 37.531204, 37.995846>, 0.130000
	pigment { color rgbt <1,0,0,0> }
	no_shadow
}

// nucleotide -1

// particle -1
sphere {
	<27.607042, 37.112671, 38.637123> 0.250000
	pigment { color rgbt <1,0,0,0> }
	no_shadow
}
cylinder {
	<27.963770, 37.016380, 38.483910>,  <28.177807, 36.958607, 38.391983>, 0.100000
	pigment { color rgbt <1,0,0,0> }
	no_shadow
}
cylinder {
	<27.963770, 37.016380, 38.483910>,  <27.607042, 37.112671, 38.637123>, 0.100000
	pigment { color rgbt <1,0,0,0> }
	no_shadow
}

// particle -1
sphere {
	<27.963770, 37.016380, 38.483910> 0.100000
	pigment { color rgbt <1,0,0,0> }
	no_shadow
}
sphere {
	0, 1
	scale<0.080000,0.200000,0.300000>
	matrix <0.433603, 0.213335, 0.875487,
		-0.129037, -0.946858, 0.294635,
		0.891817, -0.240724, -0.383032,
		28.231316, 36.944164, 38.368999>
	pigment { color rgbt <0,1,1,0> }
	no_shadow
}
cylinder {
	<27.894678, 36.670650, 39.106281>,  <27.607042, 37.112671, 38.637123>, 0.130000
	pigment { color rgbt <1,0,0,0> }
	no_shadow
}

// nucleotide -1

// particle -1
sphere {
	<27.894678, 36.670650, 39.106281> 0.250000
	pigment { color rgbt <1,0,0,0> }
	no_shadow
}
cylinder {
	<28.178783, 36.835922, 38.878311>,  <28.349247, 36.935085, 38.741531>, 0.100000
	pigment { color rgbt <1,0,0,0> }
	no_shadow
}
cylinder {
	<28.178783, 36.835922, 38.878311>,  <27.894678, 36.670650, 39.106281>, 0.100000
	pigment { color rgbt <1,0,0,0> }
	no_shadow
}

// particle -1
sphere {
	<28.178783, 36.835922, 38.878311> 0.100000
	pigment { color rgbt <1,0,0,0> }
	no_shadow
}
sphere {
	0, 1
	scale<0.080000,0.200000,0.300000>
	matrix <0.574732, 0.127110, 0.808410,
		0.406460, -0.901735, -0.147186,
		0.710263, 0.413179, -0.569921,
		28.391863, 36.959877, 38.707336>
	pigment { color rgbt <0,1,1,0> }
	no_shadow
}
cylinder {
	<28.450905, 36.384800, 39.519112>,  <27.894678, 36.670650, 39.106281>, 0.130000
	pigment { color rgbt <1,0,0,0> }
	no_shadow
}

// nucleotide -1

// particle -1
sphere {
	<28.450905, 36.384800, 39.519112> 0.250000
	pigment { color rgbt <1,0,0,0> }
	no_shadow
}
cylinder {
	<28.603106, 36.657562, 39.269241>,  <28.694426, 36.821220, 39.119320>, 0.100000
	pigment { color rgbt <1,0,0,0> }
	no_shadow
}
cylinder {
	<28.603106, 36.657562, 39.269241>,  <28.450905, 36.384800, 39.519112>, 0.100000
	pigment { color rgbt <1,0,0,0> }
	no_shadow
}

// particle -1
sphere {
	<28.603106, 36.657562, 39.269241> 0.100000
	pigment { color rgbt <1,0,0,0> }
	no_shadow
}
sphere {
	0, 1
	scale<0.080000,0.200000,0.300000>
	matrix <0.612364, 0.320388, 0.722746,
		0.692984, -0.657536, -0.295668,
		0.380503, 0.681908, -0.624675,
		28.717257, 36.862133, 39.081841>
	pigment { color rgbt <0,1,1,0> }
	no_shadow
}
cylinder {
	<29.165712, 36.287842, 39.481106>,  <28.450905, 36.384800, 39.519112>, 0.130000
	pigment { color rgbt <1,0,0,0> }
	no_shadow
}

// nucleotide -1

// particle -1
sphere {
	<29.165712, 36.287842, 39.481106> 0.250000
	pigment { color rgbt <1,0,0,0> }
	no_shadow
}
cylinder {
	<29.089067, 36.669369, 39.388565>,  <29.043081, 36.898285, 39.333038>, 0.100000
	pigment { color rgbt <1,0,0,0> }
	no_shadow
}
cylinder {
	<29.089067, 36.669369, 39.388565>,  <29.165712, 36.287842, 39.481106>, 0.100000
	pigment { color rgbt <1,0,0,0> }
	no_shadow
}

// particle -1
sphere {
	<29.089067, 36.669369, 39.388565> 0.100000
	pigment { color rgbt <1,0,0,0> }
	no_shadow
}
sphere {
	0, 1
	scale<0.080000,0.200000,0.300000>
	matrix <0.598086, 0.300373, 0.743014,
		0.778189, 0.004001, -0.628017,
		-0.191612, 0.953813, -0.231354,
		29.031584, 36.955513, 39.319160>
	pigment { color rgbt <0,1,1,0> }
	no_shadow
}
cylinder {
	<29.728901, 36.540585, 39.598328>,  <29.165712, 36.287842, 39.481106>, 0.130000
	pigment { color rgbt <1,0,0,0> }
	no_shadow
}

// nucleotide -1

// particle -1
sphere {
	<29.728901, 36.540585, 39.598328> 0.250000
	pigment { color rgbt <1,0,0,0> }
	no_shadow
}
cylinder {
	<29.475800, 36.850319, 39.596333>,  <29.323938, 37.036160, 39.595135>, 0.100000
	pigment { color rgbt <1,0,0,0> }
	no_shadow
}
cylinder {
	<29.475800, 36.850319, 39.596333>,  <29.728901, 36.540585, 39.598328>, 0.100000
	pigment { color rgbt <1,0,0,0> }
	no_shadow
}

// particle -1
sphere {
	<29.475800, 36.850319, 39.596333> 0.100000
	pigment { color rgbt <1,0,0,0> }
	no_shadow
}
sphere {
	0, 1
	scale<0.080000,0.200000,0.300000>
	matrix <0.521410, 0.430814, 0.736567,
		0.572501, 0.463464, -0.676346,
		-0.632752, 0.774339, -0.004986,
		29.285975, 37.082619, 39.594837>
	pigment { color rgbt <0,1,1,0> }
	no_shadow
}
cylinder {
	<30.179928, 37.156837, 39.574661>,  <29.728901, 36.540585, 39.598328>, 0.130000
	pigment { color rgbt <1,0,0,0> }
	no_shadow
}

// nucleotide -1

// particle -1
sphere {
	<30.179928, 37.156837, 39.574661> 0.250000
	pigment { color rgbt <1,0,0,0> }
	no_shadow
}
cylinder {
	<29.833864, 37.328094, 39.679115>,  <29.626226, 37.430851, 39.741787>, 0.100000
	pigment { color rgbt <1,0,0,0> }
	no_shadow
}
cylinder {
	<29.833864, 37.328094, 39.679115>,  <30.179928, 37.156837, 39.574661>, 0.100000
	pigment { color rgbt <1,0,0,0> }
	no_shadow
}

// particle -1
sphere {
	<29.833864, 37.328094, 39.679115> 0.100000
	pigment { color rgbt <1,0,0,0> }
	no_shadow
}
sphere {
	0, 1
	scale<0.080000,0.200000,0.300000>
	matrix <0.450189, 0.433597, 0.780592,
		0.220977, 0.792897, -0.567876,
		-0.865158, 0.428144, 0.261139,
		29.574316, 37.456539, 39.757458>
	pigment { color rgbt <0,1,1,0> }
	no_shadow
}
cylinder {
	<30.265211, 37.909946, 39.593033>,  <30.179928, 37.156837, 39.574661>, 0.130000
	pigment { color rgbt <1,0,0,0> }
	no_shadow
}

// nucleotide -1

// particle -1
sphere {
	<30.265211, 37.909946, 39.593033> 0.250000
	pigment { color rgbt <1,0,0,0> }
	no_shadow
}
cylinder {
	<29.965488, 37.795902, 39.832115>,  <29.785654, 37.727474, 39.975563>, 0.100000
	pigment { color rgbt <1,0,0,0> }
	no_shadow
}
cylinder {
	<29.965488, 37.795902, 39.832115>,  <30.265211, 37.909946, 39.593033>, 0.100000
	pigment { color rgbt <1,0,0,0> }
	no_shadow
}

// particle -1
sphere {
	<29.965488, 37.795902, 39.832115> 0.100000
	pigment { color rgbt <1,0,0,0> }
	no_shadow
}
sphere {
	0, 1
	scale<0.080000,0.200000,0.300000>
	matrix <0.502050, 0.343995, 0.793482,
		-0.431836, 0.894640, -0.114619,
		-0.749309, -0.285110, 0.597703,
		29.740696, 37.710369, 40.011425>
	pigment { color rgbt <0,1,1,0> }
	no_shadow
}
cylinder {
	<30.245506, 38.505939, 40.025623>,  <30.265211, 37.909946, 39.593033>, 0.130000
	pigment { color rgbt <1,0,0,0> }
	no_shadow
}

// nucleotide -1

// particle -1
sphere {
	<30.245506, 38.505939, 40.025623> 0.250000
	pigment { color rgbt <1,0,0,0> }
	no_shadow
}
cylinder {
	<30.004526, 38.242538, 40.206032>,  <29.859938, 38.084496, 40.314278>, 0.100000
	pigment { color rgbt <1,0,0,0> }
	no_shadow
}
cylinder {
	<30.004526, 38.242538, 40.206032>,  <30.245506, 38.505939, 40.025623>, 0.100000
	pigment { color rgbt <1,0,0,0> }
	no_shadow
}

// particle -1
sphere {
	<30.004526, 38.242538, 40.206032> 0.100000
	pigment { color rgbt <1,0,0,0> }
	no_shadow
}
sphere {
	0, 1
	scale<0.080000,0.200000,0.300000>
	matrix <0.395820, 0.244209, 0.885262,
		-0.693095, 0.711851, 0.113526,
		-0.602450, -0.658506, 0.451025,
		29.823792, 38.044987, 40.341339>
	pigment { color rgbt <0,1,1,0> }
	no_shadow
}
cylinder {
	<29.911949, 38.905224, 40.660820>,  <30.245506, 38.505939, 40.025623>, 0.130000
	pigment { color rgbt <1,0,0,0> }
	no_shadow
}

// nucleotide -1

// particle -1
sphere {
	<29.911949, 38.905224, 40.660820> 0.250000
	pigment { color rgbt <1,0,0,0> }
	no_shadow
}
cylinder {
	<29.888453, 38.510025, 40.717960>,  <29.874353, 38.272903, 40.752243>, 0.100000
	pigment { color rgbt <1,0,0,0> }
	no_shadow
}
cylinder {
	<29.888453, 38.510025, 40.717960>,  <29.911949, 38.905224, 40.660820>, 0.100000
	pigment { color rgbt <1,0,0,0> }
	no_shadow
}

// particle -1
sphere {
	<29.888453, 38.510025, 40.717960> 0.100000
	pigment { color rgbt <1,0,0,0> }
	no_shadow
}
sphere {
	0, 1
	scale<0.080000,0.200000,0.300000>
	matrix <0.254606, 0.123538, 0.959121,
		-0.965259, 0.092713, 0.244294,
		-0.058743, -0.987999, 0.142851,
		29.870831, 38.213627, 40.760815>
	pigment { color rgbt <0,1,1,0> }
	no_shadow
}
cylinder {
	<29.665506, 38.792667, 41.410191>,  <29.911949, 38.905224, 40.660820>, 0.130000
	pigment { color rgbt <1,0,0,0> }
	no_shadow
}

// nucleotide -1

// particle -1
sphere {
	<29.665506, 38.792667, 41.410191> 0.250000
	pigment { color rgbt <1,0,0,0> }
	no_shadow
}
cylinder {
	<29.812990, 38.430355, 41.326649>,  <29.901480, 38.212967, 41.276524>, 0.100000
	pigment { color rgbt <1,0,0,0> }
	no_shadow
}
cylinder {
	<29.812990, 38.430355, 41.326649>,  <29.665506, 38.792667, 41.410191>, 0.100000
	pigment { color rgbt <1,0,0,0> }
	no_shadow
}

// particle -1
sphere {
	<29.812990, 38.430355, 41.326649> 0.100000
	pigment { color rgbt <1,0,0,0> }
	no_shadow
}
sphere {
	0, 1
	scale<0.080000,0.200000,0.300000>
	matrix <0.298710, -0.097315, 0.949369,
		-0.880242, -0.412430, 0.234684,
		0.368710, -0.905777, -0.208858,
		29.923603, 38.158623, 41.263992>
	pigment { color rgbt <0,1,1,0> }
	no_shadow
}
cylinder {
	<29.498007, 38.296097, 41.974144>,  <29.665506, 38.792667, 41.410191>, 0.130000
	pigment { color rgbt <1,0,0,0> }
	no_shadow
}

// nucleotide -1

// particle -1
sphere {
	<29.498007, 38.296097, 41.974144> 0.250000
	pigment { color rgbt <1,0,0,0> }
	no_shadow
}
cylinder {
	<29.814304, 38.132305, 41.792133>,  <30.004082, 38.034031, 41.682926>, 0.100000
	pigment { color rgbt <1,0,0,0> }
	no_shadow
}
cylinder {
	<29.814304, 38.132305, 41.792133>,  <29.498007, 38.296097, 41.974144>, 0.100000
	pigment { color rgbt <1,0,0,0> }
	no_shadow
}

// particle -1
sphere {
	<29.814304, 38.132305, 41.792133> 0.100000
	pigment { color rgbt <1,0,0,0> }
	no_shadow
}
sphere {
	0, 1
	scale<0.080000,0.200000,0.300000>
	matrix <0.445463, -0.124922, 0.886542,
		-0.419868, -0.903724, 0.083628,
		0.790743, -0.409484, -0.455026,
		30.051527, 38.009460, 41.655624>
	pigment { color rgbt <0,1,1,0> }
	no_shadow
}
cylinder {
	<29.752764, 37.572250, 42.264889>,  <29.498007, 38.296097, 41.974144>, 0.130000
	pigment { color rgbt <1,0,0,0> }
	no_shadow
}

// nucleotide -1

// particle -1
sphere {
	<29.752764, 37.572250, 42.264889> 0.250000
	pigment { color rgbt <1,0,0,0> }
	no_shadow
}
cylinder {
	<30.047953, 37.784985, 42.098728>,  <30.225065, 37.912624, 41.999031>, 0.100000
	pigment { color rgbt <1,0,0,0> }
	no_shadow
}
cylinder {
	<30.047953, 37.784985, 42.098728>,  <29.752764, 37.572250, 42.264889>, 0.100000
	pigment { color rgbt <1,0,0,0> }
	no_shadow
}

// particle -1
sphere {
	<30.047953, 37.784985, 42.098728> 0.100000
	pigment { color rgbt <1,0,0,0> }
	no_shadow
}
sphere {
	0, 1
	scale<0.080000,0.200000,0.300000>
	matrix <0.520583, -0.056960, 0.851909,
		0.429411, -0.844932, -0.318897,
		0.737970, 0.531831, -0.415398,
		30.269344, 37.944534, 41.974110>
	pigment { color rgbt <0,1,1,0> }
	no_shadow
}
cylinder {
	<30.323019, 37.264172, 42.477257>,  <29.752764, 37.572250, 42.264889>, 0.130000
	pigment { color rgbt <1,0,0,0> }
	no_shadow
}

// nucleotide -1

// particle -1
sphere {
	<30.323019, 37.264172, 42.477257> 0.250000
	pigment { color rgbt <1,0,0,0> }
	no_shadow
}
cylinder {
	<30.383526, 37.650391, 42.392567>,  <30.419830, 37.882122, 42.341751>, 0.100000
	pigment { color rgbt <1,0,0,0> }
	no_shadow
}
cylinder {
	<30.383526, 37.650391, 42.392567>,  <30.323019, 37.264172, 42.477257>, 0.100000
	pigment { color rgbt <1,0,0,0> }
	no_shadow
}

// particle -1
sphere {
	<30.383526, 37.650391, 42.392567> 0.100000
	pigment { color rgbt <1,0,0,0> }
	no_shadow
}
sphere {
	0, 1
	scale<0.080000,0.200000,0.300000>
	matrix <0.347313, 0.148620, 0.925897,
		0.925468, -0.213595, -0.312867,
		0.151269, 0.965551, -0.211728,
		30.428907, 37.940056, 42.329048>
	pigment { color rgbt <0,1,1,0> }
	no_shadow
}
cylinder {
	<31.014050, 37.442245, 42.488873>,  <30.323019, 37.264172, 42.477257>, 0.130000
	pigment { color rgbt <1,0,0,0> }
	no_shadow
}

// nucleotide -1

// particle -1
sphere {
	<31.014050, 37.442245, 42.488873> 0.250000
	pigment { color rgbt <1,0,0,0> }
	no_shadow
}
cylinder {
	<30.771685, 37.737759, 42.606907>,  <30.626266, 37.915066, 42.677727>, 0.100000
	pigment { color rgbt <1,0,0,0> }
	no_shadow
}
cylinder {
	<30.771685, 37.737759, 42.606907>,  <31.014050, 37.442245, 42.488873>, 0.100000
	pigment { color rgbt <1,0,0,0> }
	no_shadow
}

// particle -1
sphere {
	<30.771685, 37.737759, 42.606907> 0.100000
	pigment { color rgbt <1,0,0,0> }
	no_shadow
}
sphere {
	0, 1
	scale<0.080000,0.200000,0.300000>
	matrix <0.379186, -0.057879, 0.923508,
		0.699349, 0.671456, -0.245066,
		-0.605911, 0.738781, 0.295085,
		30.589911, 37.959393, 42.695431>
	pigment { color rgbt <0,1,1,0> }
	no_shadow
}
cylinder {
	<31.361013, 37.750900, 43.038494>,  <31.014050, 37.442245, 42.488873>, 0.130000
	pigment { color rgbt <1,0,0,0> }
	no_shadow
}

// nucleotide -1

// particle -1
sphere {
	<31.361013, 37.750900, 43.038494> 0.250000
	pigment { color rgbt <1,0,0,0> }
	no_shadow
}
cylinder {
	<30.996563, 37.915741, 43.040344>,  <30.777893, 38.014645, 43.041454>, 0.100000
	pigment { color rgbt <1,0,0,0> }
	no_shadow
}
cylinder {
	<30.996563, 37.915741, 43.040344>,  <31.361013, 37.750900, 43.038494>, 0.100000
	pigment { color rgbt <1,0,0,0> }
	no_shadow
}

// particle -1
sphere {
	<30.996563, 37.915741, 43.040344> 0.100000
	pigment { color rgbt <1,0,0,0> }
	no_shadow
}
sphere {
	0, 1
	scale<0.080000,0.200000,0.300000>
	matrix <0.035754, 0.067857, 0.997054,
		0.410573, 0.908608, -0.076560,
		-0.911127, 0.412100, 0.004626,
		30.723225, 38.039371, 43.041733>
	pigment { color rgbt <0,1,1,0> }
	no_shadow
}
cylinder {
	<31.883459, 37.299435, 42.906166>,  <31.361013, 37.750900, 43.038494>, 0.130000
	pigment { color rgbt <1,0,0,0> }
	no_shadow
}

// nucleotide -1

// particle -1
sphere {
	<31.883459, 37.299435, 42.906166> 0.250000
	pigment { color rgbt <1,0,0,0> }
	no_shadow
}
cylinder {
	<31.988684, 36.951118, 43.072311>,  <32.051819, 36.742130, 43.171997>, 0.100000
	pigment { color rgbt <1,0,0,0> }
	no_shadow
}
cylinder {
	<31.988684, 36.951118, 43.072311>,  <31.883459, 37.299435, 42.906166>, 0.100000
	pigment { color rgbt <1,0,0,0> }
	no_shadow
}

// particle -1
sphere {
	<31.988684, 36.951118, 43.072311> 0.100000
	pigment { color rgbt <1,0,0,0> }
	no_shadow
}
sphere {
	0, 1
	scale<0.080000,0.200000,0.300000>
	matrix <0.182561, -0.377820, -0.907702,
		0.947349, 0.314611, 0.059582,
		0.263062, -0.870788, 0.415363,
		32.067604, 36.689880, 43.196918>
	pigment { color rgbt <0,1,1,0> }
	no_shadow
}
cylinder {
	<32.448757, 37.177567, 42.498398>,  <31.883459, 37.299435, 42.906166>, 0.130000
	pigment { color rgbt <1,0,0,0> }
	no_shadow
}

// nucleotide -1

// particle -1
sphere {
	<32.448757, 37.177567, 42.498398> 0.250000
	pigment { color rgbt <1,0,0,0> }
	no_shadow
}
cylinder {
	<32.300686, 36.842545, 42.659126>,  <32.211842, 36.641529, 42.755562>, 0.100000
	pigment { color rgbt <1,0,0,0> }
	no_shadow
}
cylinder {
	<32.300686, 36.842545, 42.659126>,  <32.448757, 37.177567, 42.498398>, 0.100000
	pigment { color rgbt <1,0,0,0> }
	no_shadow
}

// particle -1
sphere {
	<32.300686, 36.842545, 42.659126> 0.100000
	pigment { color rgbt <1,0,0,0> }
	no_shadow
}
sphere {
	0, 1
	scale<0.080000,0.200000,0.300000>
	matrix <0.174101, -0.487437, -0.855625,
		0.912500, -0.246777, 0.326259,
		-0.370180, -0.837560, 0.401822,
		32.189632, 36.591278, 42.779675>
	pigment { color rgbt <0,1,1,0> }
	no_shadow
}
cylinder {
	<32.929897, 36.592072, 42.447449>,  <32.448757, 37.177567, 42.498398>, 0.130000
	pigment { color rgbt <1,0,0,0> }
	no_shadow
}

// nucleotide -1

// particle -1
sphere {
	<32.929897, 36.592072, 42.447449> 0.250000
	pigment { color rgbt <1,0,0,0> }
	no_shadow
}
cylinder {
	<32.554615, 36.454044, 42.457996>,  <32.329445, 36.371227, 42.464325>, 0.100000
	pigment { color rgbt <1,0,0,0> }
	no_shadow
}
cylinder {
	<32.554615, 36.454044, 42.457996>,  <32.929897, 36.592072, 42.447449>, 0.100000
	pigment { color rgbt <1,0,0,0> }
	no_shadow
}

// particle -1
sphere {
	<32.554615, 36.454044, 42.457996> 0.100000
	pigment { color rgbt <1,0,0,0> }
	no_shadow
}
sphere {
	0, 1
	scale<0.080000,0.200000,0.300000>
	matrix <0.166473, -0.516809, -0.839759,
		0.303401, -0.783478, 0.542319,
		-0.938208, -0.345065, 0.026373,
		32.273151, 36.350525, 42.465908>
	pigment { color rgbt <0,1,1,0> }
	no_shadow
}
cylinder {
	<33.004391, 36.251438, 41.883846>,  <32.929897, 36.592072, 42.447449>, 0.130000
	pigment { color rgbt <1,0,0,0> }
	no_shadow
}

// nucleotide -1

// particle -1
sphere {
	<33.004391, 36.251438, 41.883846> 0.250000
	pigment { color rgbt <1,0,0,0> }
	no_shadow
}
cylinder {
	<32.667881, 36.096748, 42.034950>,  <32.465977, 36.003933, 42.125614>, 0.100000
	pigment { color rgbt <1,0,0,0> }
	no_shadow
}
cylinder {
	<32.667881, 36.096748, 42.034950>,  <33.004391, 36.251438, 41.883846>, 0.100000
	pigment { color rgbt <1,0,0,0> }
	no_shadow
}

// particle -1
sphere {
	<32.667881, 36.096748, 42.034950> 0.100000
	pigment { color rgbt <1,0,0,0> }
	no_shadow
}
sphere {
	0, 1
	scale<0.080000,0.200000,0.300000>
	matrix <0.117073, -0.812510, -0.571071,
		0.527785, -0.436200, 0.728816,
		-0.841272, -0.386727, 0.377763,
		32.415501, 35.980732, 42.148277>
	pigment { color rgbt <0,1,1,0> }
	no_shadow
}
cylinder {
	<33.468369, 36.788464, 41.949417>,  <33.004391, 36.251438, 41.883846>, 0.130000
	pigment { color rgbt <1,0,0,0> }
	no_shadow
}

// nucleotide -1

// particle -1
sphere {
	<33.468369, 36.788464, 41.949417> 0.250000
	pigment { color rgbt <1,0,0,0> }
	no_shadow
}
cylinder {
	<33.745518, 36.728291, 41.667343>,  <33.911808, 36.692184, 41.498096>, 0.100000
	pigment { color rgbt <1,0,0,0> }
	no_shadow
}
cylinder {
	<33.745518, 36.728291, 41.667343>,  <33.468369, 36.788464, 41.949417>, 0.100000
	pigment { color rgbt <1,0,0,0> }
	no_shadow
}

// particle -1
sphere {
	<33.745518, 36.728291, 41.667343> 0.100000
	pigment { color rgbt <1,0,0,0> }
	no_shadow
}
sphere {
	0, 1
	scale<0.080000,0.200000,0.300000>
	matrix <-0.713296, 0.000099, -0.700863,
		0.105503, 0.988620, -0.107236,
		0.692876, -0.150434, -0.705189,
		33.953381, 36.683159, 41.455788>
	pigment { color rgbt <0,1,1,0> }
	no_shadow
}
cylinder {
	<33.445534, 37.226128, 41.304176>,  <33.468369, 36.788464, 41.949417>, 0.130000
	pigment { color rgbt <1,0,0,0> }
	no_shadow
}

// nucleotide -1

// particle -1
sphere {
	<33.445534, 37.226128, 41.304176> 0.250000
	pigment { color rgbt <1,0,0,0> }
	no_shadow
}
cylinder {
	<33.594452, 36.859699, 41.244564>,  <33.683804, 36.639843, 41.208797>, 0.100000
	pigment { color rgbt <1,0,0,0> }
	no_shadow
}
cylinder {
	<33.594452, 36.859699, 41.244564>,  <33.445534, 37.226128, 41.304176>, 0.100000
	pigment { color rgbt <1,0,0,0> }
	no_shadow
}

// particle -1
sphere {
	<33.594452, 36.859699, 41.244564> 0.100000
	pigment { color rgbt <1,0,0,0> }
	no_shadow
}
sphere {
	0, 1
	scale<0.080000,0.200000,0.300000>
	matrix <-0.561135, -0.094266, -0.822339,
		0.739272, 0.389781, -0.549134,
		0.372297, -0.916070, -0.149031,
		33.706142, 36.584877, 41.199856>
	pigment { color rgbt <0,1,1,0> }
	no_shadow
}
cylinder {
	<33.666553, 37.087673, 40.664841>,  <33.445534, 37.226128, 41.304176>, 0.130000
	pigment { color rgbt <1,0,0,0> }
	no_shadow
}

// nucleotide -1

// particle -1
sphere {
	<33.666553, 37.087673, 40.664841> 0.250000
	pigment { color rgbt <1,0,0,0> }
	no_shadow
}
cylinder {
	<33.551308, 36.715176, 40.754074>,  <33.482159, 36.491676, 40.807613>, 0.100000
	pigment { color rgbt <1,0,0,0> }
	no_shadow
}
cylinder {
	<33.551308, 36.715176, 40.754074>,  <33.666553, 37.087673, 40.664841>, 0.100000
	pigment { color rgbt <1,0,0,0> }
	no_shadow
}

// particle -1
sphere {
	<33.551308, 36.715176, 40.754074> 0.100000
	pigment { color rgbt <1,0,0,0> }
	no_shadow
}
sphere {
	0, 1
	scale<0.080000,0.200000,0.300000>
	matrix <-0.283156, -0.139695, -0.948846,
		0.914773, -0.336548, -0.223439,
		-0.288119, -0.931247, 0.223085,
		33.464870, 36.435802, 40.820999>
	pigment { color rgbt <0,1,1,0> }
	no_shadow
}
cylinder {
	<33.972225, 36.687092, 40.211376>,  <33.666553, 37.087673, 40.664841>, 0.130000
	pigment { color rgbt <1,0,0,0> }
	no_shadow
}

// nucleotide -1

// particle -1
sphere {
	<33.972225, 36.687092, 40.211376> 0.250000
	pigment { color rgbt <1,0,0,0> }
	no_shadow
}
cylinder {
	<33.643764, 36.499786, 40.341873>,  <33.446686, 36.387402, 40.420170>, 0.100000
	pigment { color rgbt <1,0,0,0> }
	no_shadow
}
cylinder {
	<33.643764, 36.499786, 40.341873>,  <33.972225, 36.687092, 40.211376>, 0.100000
	pigment { color rgbt <1,0,0,0> }
	no_shadow
}

// particle -1
sphere {
	<33.643764, 36.499786, 40.341873> 0.100000
	pigment { color rgbt <1,0,0,0> }
	no_shadow
}
sphere {
	0, 1
	scale<0.080000,0.200000,0.300000>
	matrix <-0.322371, -0.091128, -0.942217,
		0.470937, -0.878876, -0.076125,
		-0.821154, -0.468266, 0.326240,
		33.397419, 36.359306, 40.439747>
	pigment { color rgbt <0,1,1,0> }
	no_shadow
}
cylinder {
	<33.882767, 36.005817, 39.896591>,  <33.972225, 36.687092, 40.211376>, 0.130000
	pigment { color rgbt <1,0,0,0> }
	no_shadow
}

// nucleotide -1

// particle -1
sphere {
	<33.882767, 36.005817, 39.896591> 0.250000
	pigment { color rgbt <1,0,0,0> }
	no_shadow
}
cylinder {
	<33.506680, 36.088978, 40.004494>,  <33.281029, 36.138874, 40.069237>, 0.100000
	pigment { color rgbt <1,0,0,0> }
	no_shadow
}
cylinder {
	<33.506680, 36.088978, 40.004494>,  <33.882767, 36.005817, 39.896591>, 0.100000
	pigment { color rgbt <1,0,0,0> }
	no_shadow
}

// particle -1
sphere {
	<33.506680, 36.088978, 40.004494> 0.100000
	pigment { color rgbt <1,0,0,0> }
	no_shadow
}
sphere {
	0, 1
	scale<0.080000,0.200000,0.300000>
	matrix <-0.305655, -0.165716, -0.937610,
		-0.150215, -0.964013, 0.219352,
		-0.940218, 0.207889, 0.269763,
		33.224613, 36.151348, 40.085423>
	pigment { color rgbt <0,1,1,0> }
	no_shadow
}
cylinder {
	<33.555233, 35.486046, 39.620117>,  <33.882767, 36.005817, 39.896591>, 0.130000
	pigment { color rgbt <1,0,0,0> }
	no_shadow
}

// nucleotide -1

// particle -1
sphere {
	<33.555233, 35.486046, 39.620117> 0.250000
	pigment { color rgbt <1,0,0,0> }
	no_shadow
}
cylinder {
	<33.292011, 35.781967, 39.676193>,  <33.134079, 35.959522, 39.709839>, 0.100000
	pigment { color rgbt <1,0,0,0> }
	no_shadow
}
cylinder {
	<33.292011, 35.781967, 39.676193>,  <33.555233, 35.486046, 39.620117>, 0.100000
	pigment { color rgbt <1,0,0,0> }
	no_shadow
}

// particle -1
sphere {
	<33.292011, 35.781967, 39.676193> 0.100000
	pigment { color rgbt <1,0,0,0> }
	no_shadow
}
sphere {
	0, 1
	scale<0.080000,0.200000,0.300000>
	matrix <-0.444812, -0.231716, -0.865130,
		-0.607542, -0.631661, 0.481556,
		-0.658053, 0.739805, 0.140193,
		33.094597, 36.003910, 39.718250>
	pigment { color rgbt <0,1,1,0> }
	no_shadow
}
cylinder {
	<33.030113, 35.242939, 39.286266>,  <33.555233, 35.486046, 39.620117>, 0.130000
	pigment { color rgbt <1,0,0,0> }
	no_shadow
}

// nucleotide -1

// particle -1
sphere {
	<33.030113, 35.242939, 39.286266> 0.250000
	pigment { color rgbt <1,0,0,0> }
	no_shadow
}
cylinder {
	<32.933971, 35.628616, 39.331081>,  <32.876286, 35.860023, 39.357971>, 0.100000
	pigment { color rgbt <1,0,0,0> }
	no_shadow
}
cylinder {
	<32.933971, 35.628616, 39.331081>,  <33.030113, 35.242939, 39.286266>, 0.100000
	pigment { color rgbt <1,0,0,0> }
	no_shadow
}

// particle -1
sphere {
	<32.933971, 35.628616, 39.331081> 0.100000
	pigment { color rgbt <1,0,0,0> }
	no_shadow
}
sphere {
	0, 1
	scale<0.080000,0.200000,0.300000>
	matrix <-0.574598, -0.048300, -0.817009,
		-0.782346, -0.260753, 0.565635,
		-0.240357, 0.964197, 0.112041,
		32.861866, 35.917877, 39.364693>
	pigment { color rgbt <0,1,1,0> }
	no_shadow
}
cylinder {
	<32.259907, 35.259258, 39.200581>,  <33.030113, 35.242939, 39.286266>, 0.130000
	pigment { color rgbt <1,0,0,0> }
	no_shadow
}

// nucleotide -1

// particle -1
sphere {
	<32.259907, 35.259258, 39.200581> 0.250000
	pigment { color rgbt <1,0,0,0> }
	no_shadow
}
cylinder {
	<32.357861, 35.643913, 39.151123>,  <32.416634, 35.874706, 39.121449>, 0.100000
	pigment { color rgbt <1,0,0,0> }
	no_shadow
}
cylinder {
	<32.357861, 35.643913, 39.151123>,  <32.259907, 35.259258, 39.200581>, 0.100000
	pigment { color rgbt <1,0,0,0> }
	no_shadow
}

// particle -1
sphere {
	<32.357861, 35.643913, 39.151123> 0.100000
	pigment { color rgbt <1,0,0,0> }
	no_shadow
}
sphere {
	0, 1
	scale<0.080000,0.200000,0.300000>
	matrix <-0.686947, 0.082089, -0.722057,
		-0.684206, 0.261757, 0.680695,
		0.244881, 0.961636, -0.123647,
		32.431324, 35.932404, 39.114029>
	pigment { color rgbt <0,1,1,0> }
	no_shadow
}
cylinder {
	<31.670696, 35.609119, 39.238403>,  <32.259907, 35.259258, 39.200581>, 0.130000
	pigment { color rgbt <1,0,0,0> }
	no_shadow
}

// nucleotide -1

// particle -1
sphere {
	<31.670696, 35.609119, 39.238403> 0.250000
	pigment { color rgbt <1,0,0,0> }
	no_shadow
}
cylinder {
	<31.904617, 35.871231, 39.047146>,  <32.044971, 36.028496, 38.932392>, 0.100000
	pigment { color rgbt <1,0,0,0> }
	no_shadow
}
cylinder {
	<31.904617, 35.871231, 39.047146>,  <31.670696, 35.609119, 39.238403>, 0.100000
	pigment { color rgbt <1,0,0,0> }
	no_shadow
}

// particle -1
sphere {
	<31.904617, 35.871231, 39.047146> 0.100000
	pigment { color rgbt <1,0,0,0> }
	no_shadow
}
sphere {
	0, 1
	scale<0.080000,0.200000,0.300000>
	matrix <-0.656608, 0.036280, -0.753359,
		-0.476312, 0.754517, 0.451476,
		0.584802, 0.655276, -0.478142,
		32.080059, 36.067814, 38.903702>
	pigment { color rgbt <0,1,1,0> }
	no_shadow
}
cylinder {
	<31.321617, 36.183987, 39.120098>,  <31.670696, 35.609119, 39.238403>, 0.130000
	pigment { color rgbt <1,0,0,0> }
	no_shadow
}

// nucleotide -1

// particle -1
sphere {
	<31.321617, 36.183987, 39.120098> 0.250000
	pigment { color rgbt <1,0,0,0> }
	no_shadow
}
cylinder {
	<31.618479, 36.181988, 38.852013>,  <31.796595, 36.180786, 38.691162>, 0.100000
	pigment { color rgbt <1,0,0,0> }
	no_shadow
}
cylinder {
	<31.618479, 36.181988, 38.852013>,  <31.321617, 36.183987, 39.120098>, 0.100000
	pigment { color rgbt <1,0,0,0> }
	no_shadow
}

// particle -1
sphere {
	<31.618479, 36.181988, 38.852013> 0.100000
	pigment { color rgbt <1,0,0,0> }
	no_shadow
}
sphere {
	0, 1
	scale<0.080000,0.200000,0.300000>
	matrix <-0.669633, 0.036702, -0.741784,
