// switches for output
#declare DRAW_BASES = 1; // possible values are 0, 1; only relevant for DNA ribbons
#declare DRAW_BASES_TYPE = 3; // possible values are 1, 2, 3; only relevant for DNA ribbons
#declare DRAW_FOG = 0; // set to 1 to enable fog

#include "colors.inc"

#include "transforms.inc"
background { rgb <1, 1, 1>}

#default {
   normal{
       ripples 0.25
       frequency 0.20
       turbulence 0.2
       lambda 5
   }
	finish {
		phong 0.1
		phong_size 40.
	}
}

// original window dimensions: 1024x640


// camera settings

camera {
	sky <0, 0.179814, -0.983701>
	up <0, 0.179814, -0.983701>
	right 1.6 * <1, 0, 0>
	location <35, 94.9851, 44.8844>
	look_at <35, 29.7336, 32.9568>
	direction <0, -65.2515, -11.9276>
	angle 67.0682
}


# declare cpy_camera_pos = <35, 94.9851, 44.8844>;
# if (DRAW_FOG = 1)
fog {
	fog_type 2
	up vnormalize(cpy_camera_pos)
	color rgbt<1,1,1,0.3>
	distance 1e-5
	fog_alt 3e-3
	fog_offset 56
}
# end


// LIGHTS

# declare lum = 6;
global_settings {
	ambient_light rgb lum * <0.05, 0.05, 0.05>
	max_trace_level 15
}# declare cpy_direct_light_amount = 0.25;
light_source
{	1000 * <-1, -1.16352, -0.803886>,
	rgb lum * cpy_direct_light_amount
	parallel
}

light_source
{	1000 * <1, 1.16352, 0.803886>,
	rgb lum * cpy_direct_light_amount
	parallel
}

// strand 0

// nucleotide -1

// particle -1
sphere {
	<24.044254, 34.770264, 34.644245> 0.250000
	pigment { color rgbt <1,0,0,0> }
	no_shadow
}
cylinder {
	<24.257040, 34.710667, 34.977665>,  <24.384712, 34.674908, 35.177719>, 0.100000
	pigment { color rgbt <1,0,0,0> }
	no_shadow
}
cylinder {
	<24.257040, 34.710667, 34.977665>,  <24.044254, 34.770264, 34.644245>, 0.100000
	pigment { color rgbt <1,0,0,0> }
	no_shadow
}

// particle -1
sphere {
	<24.257040, 34.710667, 34.977665> 0.100000
	pigment { color rgbt <1,0,0,0> }
	no_shadow
}
sphere {
	0, 1
	scale<0.080000,0.200000,0.300000>
	matrix <0.787452, -0.274894, -0.551681,
		0.311338, 0.949860, -0.028906,
		0.531966, -0.148997, 0.833554,
		24.416630, 34.665966, 35.227730>
	pigment { color rgbt <0,1,1,0> }
	no_shadow
}
cylinder {
	<24.633083, 35.146038, 34.607059>,  <24.044254, 34.770264, 34.644245>, 0.130000
	pigment { color rgbt <1,0,0,0> }
	no_shadow
}

// nucleotide -1

// particle -1
sphere {
	<24.633083, 35.146038, 34.607059> 0.250000
	pigment { color rgbt <1,0,0,0> }
	no_shadow
}
cylinder {
	<24.700739, 34.809486, 34.812382>,  <24.741333, 34.607555, 34.935574>, 0.100000
	pigment { color rgbt <1,0,0,0> }
	no_shadow
}
cylinder {
	<24.700739, 34.809486, 34.812382>,  <24.633083, 35.146038, 34.607059>, 0.100000
	pigment { color rgbt <1,0,0,0> }
	no_shadow
}

// particle -1
sphere {
	<24.700739, 34.809486, 34.812382> 0.100000
	pigment { color rgbt <1,0,0,0> }
	no_shadow
}
sphere {
	0, 1
	scale<0.080000,0.200000,0.300000>
	matrix <0.816215, -0.172342, -0.551445,
		0.552435, 0.512237, 0.657593,
		0.169139, -0.841375, 0.513303,
		24.751480, 34.557076, 34.966373>
	pigment { color rgbt <0,1,1,0> }
	no_shadow
}
cylinder {
	<25.340553, 35.017578, 34.803959>,  <24.633083, 35.146038, 34.607059>, 0.130000
	pigment { color rgbt <1,0,0,0> }
	no_shadow
}

// nucleotide -1

// particle -1
sphere {
	<25.340553, 35.017578, 34.803959> 0.250000
	pigment { color rgbt <1,0,0,0> }
	no_shadow
}
cylinder {
	<25.190643, 34.650181, 34.753510>,  <25.100697, 34.429741, 34.723240>, 0.100000
	pigment { color rgbt <1,0,0,0> }
	no_shadow
}
cylinder {
	<25.190643, 34.650181, 34.753510>,  <25.340553, 35.017578, 34.803959>, 0.100000
	pigment { color rgbt <1,0,0,0> }
	no_shadow
}

// particle -1
sphere {
	<25.190643, 34.650181, 34.753510> 0.100000
	pigment { color rgbt <1,0,0,0> }
	no_shadow
}
sphere {
	0, 1
	scale<0.080000,0.200000,0.300000>
	matrix <0.901107, -0.328879, -0.282569,
		0.218057, -0.219554, 0.950919,
		-0.374777, -0.918496, -0.126127,
		25.078211, 34.374634, 34.715672>
	pigment { color rgbt <0,1,1,0> }
	no_shadow
}
cylinder {
	<25.142601, 34.720379, 35.403194>,  <25.340553, 35.017578, 34.803959>, 0.130000
	pigment { color rgbt <1,0,0,0> }
	no_shadow
}

// nucleotide -1

// particle -1
sphere {
	<25.142601, 34.720379, 35.403194> 0.250000
	pigment { color rgbt <1,0,0,0> }
	no_shadow
}
cylinder {
	<25.363840, 34.696873, 35.735611>,  <25.496584, 34.682770, 35.935062>, 0.100000
	pigment { color rgbt <1,0,0,0> }
	no_shadow
}
cylinder {
	<25.363840, 34.696873, 35.735611>,  <25.142601, 34.720379, 35.403194>, 0.100000
	pigment { color rgbt <1,0,0,0> }
	no_shadow
}

// particle -1
sphere {
	<25.363840, 34.696873, 35.735611> 0.100000
	pigment { color rgbt <1,0,0,0> }
	no_shadow
}
sphere {
	0, 1
	scale<0.080000,0.200000,0.300000>
	matrix <0.241653, 0.965942, -0.092526,
		-0.797301, 0.251999, 0.548459,
		0.553096, -0.058766, 0.831042,
		25.529768, 34.679241, 35.984924>
	pigment { color rgbt <0,1,1,0> }
	no_shadow
}
cylinder {
	<24.934328, 35.276894, 35.746124>,  <25.142601, 34.720379, 35.403194>, 0.130000
	pigment { color rgbt <1,0,0,0> }
	no_shadow
}

// nucleotide -1

// particle -1
sphere {
	<24.934328, 35.276894, 35.746124> 0.250000
	pigment { color rgbt <1,0,0,0> }
	no_shadow
}
cylinder {
	<25.291380, 35.147747, 35.871960>,  <25.505611, 35.070259, 35.947460>, 0.100000
	pigment { color rgbt <1,0,0,0> }
	no_shadow
}
cylinder {
	<25.291380, 35.147747, 35.871960>,  <24.934328, 35.276894, 35.746124>, 0.100000
	pigment { color rgbt <1,0,0,0> }
	no_shadow
}

// particle -1
sphere {
	<25.291380, 35.147747, 35.871960> 0.100000
	pigment { color rgbt <1,0,0,0> }
	no_shadow
}
sphere {
	0, 1
	scale<0.080000,0.200000,0.300000>
	matrix <0.369252, 0.923997, -0.099409,
		-0.258585, 0.204899, 0.944007,
		0.892629, -0.322871, 0.314591,
		25.559168, 35.050884, 35.966335>
	pigment { color rgbt <0,1,1,0> }
	no_shadow
}
cylinder {
	<25.201876, 35.754822, 36.162182>,  <24.934328, 35.276894, 35.746124>, 0.130000
	pigment { color rgbt <1,0,0,0> }
	no_shadow
}

// nucleotide -1

// particle -1
sphere {
	<25.201876, 35.754822, 36.162182> 0.250000
	pigment { color rgbt <1,0,0,0> }
	no_shadow
}
cylinder {
	<25.534769, 35.554153, 36.067760>,  <25.734505, 35.433754, 36.011108>, 0.100000
	pigment { color rgbt <1,0,0,0> }
	no_shadow
}
cylinder {
	<25.534769, 35.554153, 36.067760>,  <25.201876, 35.754822, 36.162182>, 0.100000
	pigment { color rgbt <1,0,0,0> }
	no_shadow
}

// particle -1
sphere {
	<25.534769, 35.554153, 36.067760> 0.100000
	pigment { color rgbt <1,0,0,0> }
	no_shadow
}
sphere {
	0, 1
	scale<0.080000,0.200000,0.300000>
	matrix <0.445801, 0.858619, -0.253052,
		0.329625, 0.105367, 0.938214,
		0.832231, -0.501669, -0.236050,
		25.784439, 35.403652, 35.996944>
	pigment { color rgbt <0,1,1,0> }
	no_shadow
}
cylinder {
	<25.765863, 36.170734, 36.514446>,  <25.201876, 35.754822, 36.162182>, 0.130000
	pigment { color rgbt <1,0,0,0> }
	no_shadow
}

// nucleotide -1

// particle -1
sphere {
	<25.765863, 36.170734, 36.514446> 0.250000
	pigment { color rgbt <1,0,0,0> }
	no_shadow
}
cylinder {
	<25.926514, 35.939873, 36.230026>,  <26.022903, 35.801357, 36.059376>, 0.100000
	pigment { color rgbt <1,0,0,0> }
	no_shadow
}
cylinder {
	<25.926514, 35.939873, 36.230026>,  <25.765863, 36.170734, 36.514446>, 0.100000
	pigment { color rgbt <1,0,0,0> }
	no_shadow
}

// particle -1
sphere {
	<25.926514, 35.939873, 36.230026> 0.100000
	pigment { color rgbt <1,0,0,0> }
	no_shadow
}
sphere {
	0, 1
	scale<0.080000,0.200000,0.300000>
	matrix <0.458660, 0.798793, -0.389308,
		0.792671, -0.169773, 0.585533,
		0.401626, -0.577154, -0.711049,
		26.047001, 35.766727, 36.016712>
	pigment { color rgbt <0,1,1,0> }
	no_shadow
}
cylinder {
	<26.379719, 36.514805, 36.558388>,  <25.765863, 36.170734, 36.514446>, 0.130000
	pigment { color rgbt <1,0,0,0> }
	no_shadow
}

// nucleotide -1

// particle -1
sphere {
	<26.379719, 36.514805, 36.558388> 0.250000
	pigment { color rgbt <1,0,0,0> }
	no_shadow
}
cylinder {
	<26.367313, 36.305321, 36.217854>,  <26.359869, 36.179630, 36.013535>, 0.100000
	pigment { color rgbt <1,0,0,0> }
	no_shadow
}
cylinder {
	<26.367313, 36.305321, 36.217854>,  <26.379719, 36.514805, 36.558388>, 0.100000
	pigment { color rgbt <1,0,0,0> }
	no_shadow
}

// particle -1
sphere {
	<26.367313, 36.305321, 36.217854> 0.100000
	pigment { color rgbt <1,0,0,0> }
	no_shadow
}
sphere {
	0, 1
	scale<0.080000,0.200000,0.300000>
	matrix <0.551281, 0.701513, -0.451628,
		0.833743, -0.483332, 0.266953,
		-0.031015, -0.523708, -0.851333,
		26.358009, 36.148209, 35.962452>
	pigment { color rgbt <0,1,1,0> }
	no_shadow
}
cylinder {
	<27.061625, 36.408794, 36.441429>,  <26.379719, 36.514805, 36.558388>, 0.130000
	pigment { color rgbt <1,0,0,0> }
	no_shadow
}

// nucleotide -1

// particle -1
sphere {
	<27.061625, 36.408794, 36.441429> 0.250000
	pigment { color rgbt <1,0,0,0> }
	no_shadow
}
cylinder {
	<26.852739, 36.369091, 36.102623>,  <26.727407, 36.345268, 35.899338>, 0.100000
	pigment { color rgbt <1,0,0,0> }
	no_shadow
}
cylinder {
	<26.852739, 36.369091, 36.102623>,  <27.061625, 36.408794, 36.441429>, 0.100000
	pigment { color rgbt <1,0,0,0> }
	no_shadow
}

// particle -1
sphere {
	<26.852739, 36.369091, 36.102623> 0.100000
	pigment { color rgbt <1,0,0,0> }
	no_shadow
}
sphere {
	0, 1
	scale<0.080000,0.200000,0.300000>
	matrix <0.617902, 0.640505, -0.456015,
		0.587783, -0.761512, -0.273149,
		-0.522214, -0.099258, -0.847018,
		26.696075, 36.339314, 35.848518>
	pigment { color rgbt <0,1,1,0> }
	no_shadow
}
cylinder {
	<27.556206, 36.656330, 35.952293>,  <27.061625, 36.408794, 36.441429>, 0.130000
	pigment { color rgbt <1,0,0,0> }
	no_shadow
}

// nucleotide -1

// particle -1
sphere {
	<27.556206, 36.656330, 35.952293> 0.250000
	pigment { color rgbt <1,0,0,0> }
	no_shadow
}
cylinder {
	<27.201481, 36.636372, 35.768520>,  <26.988646, 36.624397, 35.658257>, 0.100000
	pigment { color rgbt <1,0,0,0> }
	no_shadow
}
cylinder {
	<27.201481, 36.636372, 35.768520>,  <27.556206, 36.656330, 35.952293>, 0.100000
	pigment { color rgbt <1,0,0,0> }
	no_shadow
}

// particle -1
sphere {
	<27.201481, 36.636372, 35.768520> 0.100000
	pigment { color rgbt <1,0,0,0> }
	no_shadow
}
sphere {
	0, 1
	scale<0.080000,0.200000,0.300000>
	matrix <0.146014, 0.912969, -0.381007,
		0.438456, -0.404965, -0.802346,
		-0.886813, -0.049901, -0.459428,
		26.935436, 36.621403, 35.630692>
	pigment { color rgbt <0,1,1,0> }
	no_shadow
}
cylinder {
	<27.773199, 36.948849, 35.343197>,  <27.556206, 36.656330, 35.952293>, 0.130000
	pigment { color rgbt <1,0,0,0> }
	no_shadow
}

// nucleotide -1

// particle -1
sphere {
	<27.773199, 36.948849, 35.343197> 0.250000
	pigment { color rgbt <1,0,0,0> }
	no_shadow
}
cylinder {
	<27.375229, 36.979004, 35.369862>,  <27.136448, 36.997097, 35.385860>, 0.100000
	pigment { color rgbt <1,0,0,0> }
	no_shadow
}
cylinder {
	<27.375229, 36.979004, 35.369862>,  <27.773199, 36.948849, 35.343197>, 0.100000
	pigment { color rgbt <1,0,0,0> }
	no_shadow
}

// particle -1
sphere {
	<27.375229, 36.979004, 35.369862> 0.100000
	pigment { color rgbt <1,0,0,0> }
	no_shadow
}
sphere {
	0, 1
	scale<0.080000,0.200000,0.300000>
	matrix <0.049442, 0.943149, -0.328673,
		-0.087648, -0.323708, -0.942089,
		-0.994924, 0.075387, 0.066661,
		27.076752, 37.001621, 35.389858>
	pigment { color rgbt <0,1,1,0> }
	no_shadow
}
cylinder {
	<27.490316, 37.098656, 34.656982>,  <27.773199, 36.948849, 35.343197>, 0.130000
	pigment { color rgbt <1,0,0,0> }
	no_shadow
}

// nucleotide -1

// particle -1
sphere {
	<27.490316, 37.098656, 34.656982> 0.250000
	pigment { color rgbt <1,0,0,0> }
	no_shadow
}
cylinder {
	<27.222511, 37.232235, 34.922382>,  <27.061829, 37.312382, 35.081623>, 0.100000
	pigment { color rgbt <1,0,0,0> }
	no_shadow
}
cylinder {
	<27.222511, 37.232235, 34.922382>,  <27.490316, 37.098656, 34.656982>, 0.100000
	pigment { color rgbt <1,0,0,0> }
	no_shadow
}

// particle -1
sphere {
	<27.222511, 37.232235, 34.922382> 0.100000
	pigment { color rgbt <1,0,0,0> }
	no_shadow
}
sphere {
	0, 1
	scale<0.080000,0.200000,0.300000>
	matrix <0.055645, 0.913277, -0.403521,
		-0.740712, -0.233243, -0.630035,
		-0.669515, 0.333951, 0.663496,
		27.021656, 37.332420, 35.121429>
	pigment { color rgbt <0,1,1,0> }
	no_shadow
}
cylinder {
	<27.077040, 37.604630, 34.273140>,  <27.490316, 37.098656, 34.656982>, 0.130000
	pigment { color rgbt <1,0,0,0> }
	no_shadow
}

// nucleotide -1

// particle -1
sphere {
	<27.077040, 37.604630, 34.273140> 0.250000
	pigment { color rgbt <1,0,0,0> }
	no_shadow
}
cylinder {
	<27.001648, 37.699959, 34.654228>,  <26.956413, 37.757156, 34.882881>, 0.100000
	pigment { color rgbt <1,0,0,0> }
	no_shadow
}
cylinder {
	<27.001648, 37.699959, 34.654228>,  <27.077040, 37.604630, 34.273140>, 0.100000
	pigment { color rgbt <1,0,0,0> }
	no_shadow
}

// particle -1
sphere {
	<27.001648, 37.699959, 34.654228> 0.100000
	pigment { color rgbt <1,0,0,0> }
	no_shadow
}
sphere {
	0, 1
	scale<0.080000,0.200000,0.300000>
	matrix <-0.201193, 0.940161, -0.274989,
		-0.961247, -0.243511, -0.129252,
		-0.188481, 0.238328, 0.952720,
		26.945105, 37.771458, 34.940044>
	pigment { color rgbt <0,1,1,0> }
	no_shadow
}
cylinder {
	<26.503904, 38.116493, 34.278576>,  <27.077040, 37.604630, 34.273140>, 0.130000
	pigment { color rgbt <1,0,0,0> }
	no_shadow
}

// nucleotide -1

// particle -1
sphere {
	<26.503904, 38.116493, 34.278576> 0.250000
	pigment { color rgbt <1,0,0,0> }
	no_shadow
}
cylinder {
	<26.698795, 38.155560, 34.625694>,  <26.815729, 38.179001, 34.833965>, 0.100000
	pigment { color rgbt <1,0,0,0> }
	no_shadow
}
cylinder {
	<26.698795, 38.155560, 34.625694>,  <26.503904, 38.116493, 34.278576>, 0.100000
	pigment { color rgbt <1,0,0,0> }
	no_shadow
}

// particle -1
sphere {
	<26.698795, 38.155560, 34.625694> 0.100000
	pigment { color rgbt <1,0,0,0> }
	no_shadow
}
sphere {
	0, 1
	scale<0.080000,0.200000,0.300000>
	matrix <-0.209355, 0.977811, 0.007494,
		-0.847809, -0.185329, 0.496863,
		0.487227, 0.097667, 0.867797,
		26.844963, 38.184860, 34.886032>
	pigment { color rgbt <0,1,1,0> }
	no_shadow
}
cylinder {
	<26.187981, 38.548237, 34.579155>,  <26.503904, 38.116493, 34.278576>, 0.130000
	pigment { color rgbt <1,0,0,0> }
	no_shadow
}

// nucleotide -1

// particle -1
sphere {
	<26.187981, 38.548237, 34.579155> 0.250000
	pigment { color rgbt <1,0,0,0> }
	no_shadow
}
cylinder {
	<26.537153, 38.575771, 34.772339>,  <26.746658, 38.592293, 34.888248>, 0.100000
	pigment { color rgbt <1,0,0,0> }
	no_shadow
}
cylinder {
	<26.537153, 38.575771, 34.772339>,  <26.187981, 38.548237, 34.579155>, 0.100000
	pigment { color rgbt <1,0,0,0> }
	no_shadow
}

// particle -1
sphere {
	<26.537153, 38.575771, 34.772339> 0.100000
	pigment { color rgbt <1,0,0,0> }
	no_shadow
}
sphere {
	0, 1
	scale<0.080000,0.200000,0.300000>
	matrix <-0.089962, 0.995730, 0.020678,
		-0.479472, -0.061499, 0.875400,
		0.872934, 0.068838, 0.482958,
		26.799034, 38.596424, 34.917225>
	pigment { color rgbt <0,1,1,0> }
	no_shadow
}
cylinder {
	<26.011845, 39.059547, 34.898190>,  <26.187981, 38.548237, 34.579155>, 0.130000
	pigment { color rgbt <1,0,0,0> }
	no_shadow
}

// nucleotide -1

// particle -1
sphere {
	<26.011845, 39.059547, 34.898190> 0.250000
	pigment { color rgbt <1,0,0,0> }
	no_shadow
}
cylinder {
	<26.411449, 39.061279, 34.915897>,  <26.651213, 39.062317, 34.926521>, 0.100000
	pigment { color rgbt <1,0,0,0> }
	no_shadow
}
cylinder {
	<26.411449, 39.061279, 34.915897>,  <26.011845, 39.059547, 34.898190>, 0.100000
	pigment { color rgbt <1,0,0,0> }
	no_shadow
}

// particle -1
sphere {
	<26.411449, 39.061279, 34.915897> 0.100000
	pigment { color rgbt <1,0,0,0> }
	no_shadow
}
sphere {
	0, 1
	scale<0.080000,0.200000,0.300000>
	matrix <0.001931, 0.990088, -0.140432,
		-0.044441, 0.140378, 0.989100,
		0.999010, 0.004331, 0.044272,
		26.711153, 39.062580, 34.929180>
	pigment { color rgbt <0,1,1,0> }
	no_shadow
}
cylinder {
	<26.129137, 39.575657, 35.383835>,  <26.011845, 39.059547, 34.898190>, 0.130000
	pigment { color rgbt <1,0,0,0> }
	no_shadow
}

// nucleotide -1

// particle -1
sphere {
	<26.129137, 39.575657, 35.383835> 0.250000
	pigment { color rgbt <1,0,0,0> }
	no_shadow
}
cylinder {
	<26.490273, 39.524025, 35.219776>,  <26.706955, 39.493046, 35.121342>, 0.100000
	pigment { color rgbt <1,0,0,0> }
	no_shadow
}
cylinder {
	<26.490273, 39.524025, 35.219776>,  <26.129137, 39.575657, 35.383835>, 0.100000
	pigment { color rgbt <1,0,0,0> }
	no_shadow
}

// particle -1
sphere {
	<26.490273, 39.524025, 35.219776> 0.100000
	pigment { color rgbt <1,0,0,0> }
	no_shadow
}
sphere {
	0, 1
	scale<0.080000,0.200000,0.300000>
	matrix <0.138698, 0.990314, -0.006365,
		0.406993, -0.051140, 0.911998,
		0.902840, -0.129083, -0.410144,
		26.761124, 39.485302, 35.096733>
	pigment { color rgbt <0,1,1,0> }
	no_shadow
}
cylinder {
	<26.628073, 40.053967, 35.736565>,  <26.129137, 39.575657, 35.383835>, 0.130000
	pigment { color rgbt <1,0,0,0> }
	no_shadow
}

// nucleotide -1

// particle -1
sphere {
	<26.628073, 40.053967, 35.736565> 0.250000
	pigment { color rgbt <1,0,0,0> }
	no_shadow
}
cylinder {
	<26.794153, 39.957085, 35.385807>,  <26.893803, 39.898956, 35.175354>, 0.100000
	pigment { color rgbt <1,0,0,0> }
	no_shadow
}
cylinder {
	<26.794153, 39.957085, 35.385807>,  <26.628073, 40.053967, 35.736565>, 0.100000
	pigment { color rgbt <1,0,0,0> }
	no_shadow
}

// particle -1
sphere {
	<26.794153, 39.957085, 35.385807> 0.100000
	pigment { color rgbt <1,0,0,0> }
	no_shadow
}
sphere {
	0, 1
	scale<0.080000,0.200000,0.300000>
	matrix <0.152434, 0.968801, -0.195418,
		0.896867, -0.052531, 0.439170,
		0.415203, -0.242208, -0.876893,
		26.918715, 39.884422, 35.122738>
	pigment { color rgbt <0,1,1,0> }
	no_shadow
}
cylinder {
	<27.287228, 40.369381, 35.713093>,  <26.628073, 40.053967, 35.736565>, 0.130000
	pigment { color rgbt <1,0,0,0> }
	no_shadow
}

// nucleotide -1

// particle -1
sphere {
	<27.287228, 40.369381, 35.713093> 0.250000
	pigment { color rgbt <1,0,0,0> }
	no_shadow
}
cylinder {
	<27.208521, 40.275017, 35.332436>,  <27.161297, 40.218399, 35.104042>, 0.100000
	pigment { color rgbt <1,0,0,0> }
	no_shadow
}
cylinder {
	<27.208521, 40.275017, 35.332436>,  <27.287228, 40.369381, 35.713093>, 0.100000
	pigment { color rgbt <1,0,0,0> }
	no_shadow
}

// particle -1
sphere {
	<27.208521, 40.275017, 35.332436> 0.100000
	pigment { color rgbt <1,0,0,0> }
	no_shadow
}
sphere {
	0, 1
	scale<0.080000,0.200000,0.300000>
	matrix <0.335259, 0.895924, -0.291413,
		0.921349, -0.376388, -0.097199,
		-0.196768, -0.235907, -0.951646,
		27.149490, 40.204247, 35.046944>
	pigment { color rgbt <0,1,1,0> }
	no_shadow
}
cylinder {
	<27.795927, 40.723568, 35.383369>,  <27.287228, 40.369381, 35.713093>, 0.130000
	pigment { color rgbt <1,0,0,0> }
	no_shadow
}

// nucleotide -1

// particle -1
sphere {
	<27.795927, 40.723568, 35.383369> 0.250000
	pigment { color rgbt <1,0,0,0> }
	no_shadow
}
cylinder {
	<27.510429, 40.641708, 35.115433>,  <27.339130, 40.592594, 34.954670>, 0.100000
	pigment { color rgbt <1,0,0,0> }
	no_shadow
}
cylinder {
	<27.510429, 40.641708, 35.115433>,  <27.795927, 40.723568, 35.383369>, 0.100000
	pigment { color rgbt <1,0,0,0> }
	no_shadow
}

// particle -1
sphere {
	<27.510429, 40.641708, 35.115433> 0.100000
	pigment { color rgbt <1,0,0,0> }
	no_shadow
}
sphere {
	0, 1
	scale<0.080000,0.200000,0.300000>
	matrix <-0.022693, 0.962618, -0.269910,
		0.700040, -0.177445, -0.691706,
		-0.713743, -0.204645, -0.669845,
		27.296307, 40.580315, 34.914478>
	pigment { color rgbt <0,1,1,0> }
	no_shadow
}
cylinder {
	<28.046366, 41.093945, 34.817097>,  <27.795927, 40.723568, 35.383369>, 0.130000
	pigment { color rgbt <1,0,0,0> }
	no_shadow
}

// nucleotide -1

// particle -1
sphere {
	<28.046366, 41.093945, 34.817097> 0.250000
	pigment { color rgbt <1,0,0,0> }
	no_shadow
}
cylinder {
	<27.669899, 41.021915, 34.702705>,  <27.444019, 40.978699, 34.634071>, 0.100000
	pigment { color rgbt <1,0,0,0> }
	no_shadow
}
cylinder {
	<27.669899, 41.021915, 34.702705>,  <28.046366, 41.093945, 34.817097>, 0.100000
	pigment { color rgbt <1,0,0,0> }
	no_shadow
}

// particle -1
sphere {
	<27.669899, 41.021915, 34.702705> 0.100000
	pigment { color rgbt <1,0,0,0> }
	no_shadow
}
sphere {
	0, 1
	scale<0.080000,0.200000,0.300000>
	matrix <-0.118677, 0.968433, -0.219210,
		0.316422, -0.172374, -0.932826,
		-0.941166, -0.180068, -0.285976,
		27.387548, 40.967896, 34.616913>
	pigment { color rgbt <0,1,1,0> }
	no_shadow
}
cylinder {
	<27.920067, 41.258541, 34.028580>,  <28.046366, 41.093945, 34.817097>, 0.130000
	pigment { color rgbt <1,0,0,0> }
	no_shadow
}

// nucleotide -1

// particle -1
sphere {
	<27.920067, 41.258541, 34.028580> 0.250000
	pigment { color rgbt <1,0,0,0> }
	no_shadow
}
cylinder {
	<27.597488, 41.298737, 34.261662>,  <27.403942, 41.322853, 34.401512>, 0.100000
	pigment { color rgbt <1,0,0,0> }
	no_shadow
}
cylinder {
	<27.597488, 41.298737, 34.261662>,  <27.920067, 41.258541, 34.028580>, 0.100000
	pigment { color rgbt <1,0,0,0> }
	no_shadow
}

// particle -1
sphere {
	<27.597488, 41.298737, 34.261662> 0.100000
	pigment { color rgbt <1,0,0,0> }
	no_shadow
}
sphere {
	0, 1
	scale<0.080000,0.200000,0.300000>
	matrix <-0.036884, 0.974985, -0.219187,
		-0.590158, -0.198255, -0.782565,
		-0.806445, 0.100491, 0.582708,
		27.355555, 41.328884, 34.436474>
	pigment { color rgbt <0,1,1,0> }
	no_shadow
}
cylinder {
	<27.529549, 41.701759, 33.718700>,  <27.920067, 41.258541, 34.028580>, 0.130000
	pigment { color rgbt <1,0,0,0> }
	no_shadow
}

// nucleotide -1

// particle -1
sphere {
	<27.529549, 41.701759, 33.718700> 0.250000
	pigment { color rgbt <1,0,0,0> }
	no_shadow
}
cylinder {
	<27.340477, 41.726559, 34.070320>,  <27.227034, 41.741440, 34.281292>, 0.100000
	pigment { color rgbt <1,0,0,0> }
	no_shadow
}
cylinder {
	<27.340477, 41.726559, 34.070320>,  <27.529549, 41.701759, 33.718700>, 0.100000
	pigment { color rgbt <1,0,0,0> }
	no_shadow
}

// particle -1
sphere {
	<27.340477, 41.726559, 34.070320> 0.100000
	pigment { color rgbt <1,0,0,0> }
	no_shadow
}
sphere {
	0, 1
	scale<0.080000,0.200000,0.300000>
	matrix <0.107612, 0.994117, -0.012250,
		-0.874640, 0.088807, -0.476569,
		-0.472678, 0.061999, 0.879051,
		27.198673, 41.745159, 34.334034>
	pigment { color rgbt <0,1,1,0> }
	no_shadow
}
cylinder {
	<27.221867, 42.376114, 33.677223>,  <27.529549, 41.701759, 33.718700>, 0.130000
	pigment { color rgbt <1,0,0,0> }
	no_shadow
}

// nucleotide -1

// particle -1
sphere {
	<27.221867, 42.376114, 33.677223> 0.250000
	pigment { color rgbt <1,0,0,0> }
	no_shadow
}
cylinder {
	<27.204981, 42.289047, 34.067268>,  <27.194849, 42.236809, 34.301296>, 0.100000
	pigment { color rgbt <1,0,0,0> }
	no_shadow
}
cylinder {
	<27.204981, 42.289047, 34.067268>,  <27.221867, 42.376114, 33.677223>, 0.100000
	pigment { color rgbt <1,0,0,0> }
	no_shadow
}

// particle -1
sphere {
	<27.204981, 42.289047, 34.067268> 0.100000
	pigment { color rgbt <1,0,0,0> }
	no_shadow
}
sphere {
	0, 1
	scale<0.080000,0.200000,0.300000>
	matrix <0.153432, 0.962992, 0.221599,
		-0.987257, 0.158967, -0.007254,
		-0.042213, -0.217662, 0.975111,
		27.192318, 42.223747, 34.359802>
	pigment { color rgbt <0,1,1,0> }
	no_shadow
}
cylinder {
	<26.809486, 42.890282, 33.954262>,  <27.221867, 42.376114, 33.677223>, 0.130000
	pigment { color rgbt <1,0,0,0> }
	no_shadow
}

// nucleotide -1

// particle -1
sphere {
	<26.809486, 42.890282, 33.954262> 0.250000
	pigment { color rgbt <1,0,0,0> }
	no_shadow
}
cylinder {
	<27.010273, 42.738155, 34.264973>,  <27.130745, 42.646881, 34.451401>, 0.100000
	pigment { color rgbt <1,0,0,0> }
	no_shadow
}
cylinder {
	<27.010273, 42.738155, 34.264973>,  <26.809486, 42.890282, 33.954262>, 0.100000
	pigment { color rgbt <1,0,0,0> }
	no_shadow
}

// particle -1
sphere {
	<27.010273, 42.738155, 34.264973> 0.100000
	pigment { color rgbt <1,0,0,0> }
	no_shadow
}
sphere {
	0, 1
	scale<0.080000,0.200000,0.300000>
	matrix <0.222677, 0.924682, 0.308833,
		-0.835729, 0.017946, 0.548849,
		0.501969, -0.380316, 0.776780,
		27.160864, 42.624062, 34.498005>
	pigment { color rgbt <0,1,1,0> }
	no_shadow
}
cylinder {
	<26.552141, 43.153568, 34.587170>,  <26.809486, 42.890282, 33.954262>, 0.130000
	pigment { color rgbt <1,0,0,0> }
	no_shadow
}

// nucleotide -1

// particle -1
sphere {
	<26.552141, 43.153568, 34.587170> 0.250000
	pigment { color rgbt <1,0,0,0> }
	no_shadow
}
cylinder {
	<26.941881, 43.089600, 34.650501>,  <27.175724, 43.051216, 34.688499>, 0.100000
	pigment { color rgbt <1,0,0,0> }
	no_shadow
}
cylinder {
	<26.941881, 43.089600, 34.650501>,  <26.552141, 43.153568, 34.587170>, 0.100000
	pigment { color rgbt <1,0,0,0> }
	no_shadow
}

// particle -1
sphere {
	<26.941881, 43.089600, 34.650501> 0.100000
	pigment { color rgbt <1,0,0,0> }
	no_shadow
}
sphere {
	0, 1
	scale<0.080000,0.200000,0.300000>
	matrix <0.095740, 0.931284, 0.351488,
		-0.203665, -0.327313, 0.922706,
		0.974348, -0.159925, 0.158333,
		27.234186, 43.041622, 34.698002>
	pigment { color rgbt <0,1,1,0> }
	no_shadow
}
cylinder {
	<26.860365, 43.257858, 35.388119>,  <26.552141, 43.153568, 34.587170>, 0.130000
	pigment { color rgbt <1,0,0,0> }
	no_shadow
}

// nucleotide -1

// particle -1
sphere {
	<26.860365, 43.257858, 35.388119> 0.250000
	pigment { color rgbt <1,0,0,0> }
	no_shadow
}
cylinder {
	<27.068066, 43.365910, 35.063793>,  <27.192686, 43.430740, 34.869198>, 0.100000
	pigment { color rgbt <1,0,0,0> }
	no_shadow
}
cylinder {
	<27.068066, 43.365910, 35.063793>,  <26.860365, 43.257858, 35.388119>, 0.100000
	pigment { color rgbt <1,0,0,0> }
	no_shadow
}

// particle -1
sphere {
	<27.068066, 43.365910, 35.063793> 0.100000
	pigment { color rgbt <1,0,0,0> }
	no_shadow
}
sphere {
	0, 1
	scale<0.080000,0.200000,0.300000>
	matrix <-0.197434, 0.960986, 0.193716,
		0.831504, 0.059495, 0.552324,
		0.519250, 0.270124, -0.810810,
		27.223841, 43.446945, 34.820549>
	pigment { color rgbt <0,1,1,0> }
	no_shadow
}
cylinder {
	<27.639547, 43.380486, 35.276089>,  <26.860365, 43.257858, 35.388119>, 0.130000
	pigment { color rgbt <1,0,0,0> }
	no_shadow
}

// nucleotide -1

// particle -1
sphere {
	<27.639547, 43.380486, 35.276089> 0.250000
	pigment { color rgbt <1,0,0,0> }
	no_shadow
}
cylinder {
	<27.743496, 43.766602, 35.286549>,  <27.805864, 43.998272, 35.292824>, 0.100000
	pigment { color rgbt <1,0,0,0> }
	no_shadow
}
cylinder {
	<27.743496, 43.766602, 35.286549>,  <27.639547, 43.380486, 35.276089>, 0.100000
	pigment { color rgbt <1,0,0,0> }
	no_shadow
}

// particle -1
sphere {
	<27.743496, 43.766602, 35.286549> 0.100000
	pigment { color rgbt <1,0,0,0> }
	no_shadow
}
sphere {
	0, 1
	scale<0.080000,0.200000,0.300000>
	matrix <0.892515, -0.250437, 0.375097,
		0.368625, -0.074140, -0.926617,
		0.259869, 0.965290, 0.026146,
		27.821457, 44.056187, 35.294392>
	pigment { color rgbt <0,1,1,0> }
	no_shadow
}
cylinder {
	<28.313072, 43.432381, 34.922302>,  <27.639547, 43.380486, 35.276089>, 0.130000
	pigment { color rgbt <1,0,0,0> }
	no_shadow
}

// nucleotide -1

// particle -1
sphere {
	<28.313072, 43.432381, 34.922302> 0.250000
	pigment { color rgbt <1,0,0,0> }
	no_shadow
}
cylinder {
	<28.236834, 43.656513, 35.244717>,  <28.191090, 43.790993, 35.438168>, 0.100000
	pigment { color rgbt <1,0,0,0> }
	no_shadow
}
cylinder {
	<28.236834, 43.656513, 35.244717>,  <28.313072, 43.432381, 34.922302>, 0.100000
	pigment { color rgbt <1,0,0,0> }
	no_shadow
}

// particle -1
sphere {
	<28.236834, 43.656513, 35.244717> 0.100000
	pigment { color rgbt <1,0,0,0> }
	no_shadow
}
sphere {
	0, 1
	scale<0.080000,0.200000,0.300000>
	matrix <0.674065, -0.522217, 0.522422,
		0.713658, 0.642895, -0.278168,
		-0.190599, 0.560335, 0.806038,
		28.179653, 43.824615, 35.486526>
	pigment { color rgbt <0,1,1,0> }
	no_shadow
}
cylinder {
	<28.837139, 43.788124, 35.169937>,  <28.313072, 43.432381, 34.922302>, 0.130000
	pigment { color rgbt <1,0,0,0> }
	no_shadow
}

// nucleotide -1

// particle -1
sphere {
	<28.837139, 43.788124, 35.169937> 0.250000
	pigment { color rgbt <1,0,0,0> }
	no_shadow
}
cylinder {
	<28.594954, 43.703751, 35.476902>,  <28.449642, 43.653126, 35.661079>, 0.100000
	pigment { color rgbt <1,0,0,0> }
	no_shadow
}
cylinder {
	<28.594954, 43.703751, 35.476902>,  <28.837139, 43.788124, 35.169937>, 0.100000
	pigment { color rgbt <1,0,0,0> }
	no_shadow
}

// particle -1
sphere {
	<28.594954, 43.703751, 35.476902> 0.100000
	pigment { color rgbt <1,0,0,0> }
	no_shadow
}
sphere {
	0, 1
	scale<0.080000,0.200000,0.300000>
	matrix <0.652951, -0.682962, 0.327442,
		0.455045, 0.699337, 0.551237,
		-0.605466, -0.210930, 0.767411,
		28.413313, 43.640472, 35.707127>
	pigment { color rgbt <0,1,1,0> }
	no_shadow
}
cylinder {
	<29.175615, 43.667839, 35.897293>,  <28.837139, 43.788124, 35.169937>, 0.130000
	pigment { color rgbt <1,0,0,0> }
	no_shadow
}

// nucleotide -1

// particle -1
sphere {
	<29.175615, 43.667839, 35.897293> 0.250000
	pigment { color rgbt <1,0,0,0> }
	no_shadow
}
cylinder {
	<28.827156, 43.476242, 35.854080>,  <28.618080, 43.361282, 35.828152>, 0.100000
	pigment { color rgbt <1,0,0,0> }
	no_shadow
}
cylinder {
	<28.827156, 43.476242, 35.854080>,  <29.175615, 43.667839, 35.897293>, 0.100000
	pigment { color rgbt <1,0,0,0> }
	no_shadow
}

// particle -1
sphere {
	<28.827156, 43.476242, 35.854080> 0.100000
	pigment { color rgbt <1,0,0,0> }
	no_shadow
}
sphere {
	0, 1
	scale<0.080000,0.200000,0.300000>
	matrix <0.422570, -0.843384, 0.331872,
		-0.250078, 0.243456, 0.937118,
		-0.871146, -0.478992, -0.108034,
		28.565813, 43.332546, 35.821671>
	pigment { color rgbt <0,1,1,0> }
	no_shadow
}
cylinder {
	<28.936241, 43.537727, 36.565460>,  <29.175615, 43.667839, 35.897293>, 0.130000
	pigment { color rgbt <1,0,0,0> }
	no_shadow
}

// nucleotide -1

// particle -1
sphere {
	<28.936241, 43.537727, 36.565460> 0.250000
	pigment { color rgbt <1,0,0,0> }
	no_shadow
}
cylinder {
	<28.917112, 43.310936, 36.236523>,  <28.905634, 43.174862, 36.039158>, 0.100000
	pigment { color rgbt <1,0,0,0> }
	no_shadow
}
cylinder {
	<28.917112, 43.310936, 36.236523>,  <28.936241, 43.537727, 36.565460>, 0.100000
	pigment { color rgbt <1,0,0,0> }
	no_shadow
}

// particle -1
sphere {
	<28.917112, 43.310936, 36.236523> 0.100000
	pigment { color rgbt <1,0,0,0> }
	no_shadow
}
sphere {
	0, 1
	scale<0.080000,0.200000,0.300000>
	matrix <0.758963, -0.555861, 0.339106,
		-0.649374, -0.607913, 0.456897,
		-0.047824, -0.566975, -0.822345,
		28.902765, 43.140842, 35.989819>
	pigment { color rgbt <0,1,1,0> }
	no_shadow
}
cylinder {
	<28.830370, 42.791859, 36.740112>,  <28.936241, 43.537727, 36.565460>, 0.130000
	pigment { color rgbt <1,0,0,0> }
	no_shadow
}

// nucleotide -1

// particle -1
sphere {
	<28.830370, 42.791859, 36.740112> 0.250000
	pigment { color rgbt <1,0,0,0> }
	no_shadow
}
cylinder {
	<29.012049, 42.835236, 36.386402>,  <29.121056, 42.861259, 36.174175>, 0.100000
	pigment { color rgbt <1,0,0,0> }
	no_shadow
}
cylinder {
	<29.012049, 42.835236, 36.386402>,  <28.830370, 42.791859, 36.740112>, 0.100000
	pigment { color rgbt <1,0,0,0> }
	no_shadow
}

// particle -1
sphere {
	<29.012049, 42.835236, 36.386402> 0.100000
	pigment { color rgbt <1,0,0,0> }
	no_shadow
}
sphere {
	0, 1
	scale<0.080000,0.200000,0.300000>
	matrix <0.769545, -0.547871, 0.328083,
		-0.448893, -0.829505, -0.332291,
		0.454199, 0.108439, -0.884276,
		29.148308, 42.867767, 36.121120>
	pigment { color rgbt <0,1,1,0> }
	no_shadow
}
cylinder {
	<29.200718, 42.597977, 37.371162>,  <28.830370, 42.791859, 36.740112>, 0.130000
	pigment { color rgbt <1,0,0,0> }
	no_shadow
}

// nucleotide -1

// particle -1
sphere {
	<29.200718, 42.597977, 37.371162> 0.250000
	pigment { color rgbt <1,0,0,0> }
	no_shadow
}
cylinder {
	<29.194933, 42.981606, 37.258041>,  <29.191462, 43.211781, 37.190166>, 0.100000
	pigment { color rgbt <1,0,0,0> }
	no_shadow
}
cylinder {
	<29.194933, 42.981606, 37.258041>,  <29.200718, 42.597977, 37.371162>, 0.100000
	pigment { color rgbt <1,0,0,0> }
	no_shadow
}

// particle -1
sphere {
	<29.194933, 42.981606, 37.258041> 0.100000
	pigment { color rgbt <1,0,0,0> }
	no_shadow
}
sphere {
	0, 1
	scale<0.080000,0.200000,0.300000>
	matrix <-0.775468, -0.189311, -0.602338,
		-0.631222, 0.210595, 0.746464,
		-0.014465, 0.959068, -0.282807,
		29.190594, 43.269325, 37.173199>
	pigment { color rgbt <0,1,1,0> }
	no_shadow
}
cylinder {
	<28.960619, 42.736546, 38.031990>,  <29.200718, 42.597977, 37.371162>, 0.130000
	pigment { color rgbt <1,0,0,0> }
	no_shadow
}

// nucleotide -1

// particle -1
sphere {
	<28.960619, 42.736546, 38.031990> 0.250000
	pigment { color rgbt <1,0,0,0> }
	no_shadow
}
cylinder {
	<29.105309, 42.527855, 38.341042>,  <29.192123, 42.402641, 38.526474>, 0.100000
	pigment { color rgbt <1,0,0,0> }
	no_shadow
}
cylinder {
	<29.105309, 42.527855, 38.341042>,  <28.960619, 42.736546, 38.031990>, 0.100000
	pigment { color rgbt <1,0,0,0> }
	no_shadow
}

// particle -1
sphere {
	<29.105309, 42.527855, 38.341042> 0.100000
	pigment { color rgbt <1,0,0,0> }
	no_shadow
}
sphere {
	0, 1
	scale<0.080000,0.200000,0.300000>
	matrix <-0.446913, -0.824359, -0.347421,
		0.818183, -0.219628, -0.531358,
		0.361726, -0.521724, 0.772631,
		29.213827, 42.371338, 38.572830>
	pigment { color rgbt <0,1,1,0> }
	no_shadow
}
cylinder {
	<29.408339, 42.075287, 37.897038>,  <28.960619, 42.736546, 38.031990>, 0.130000
	pigment { color rgbt <1,0,0,0> }
	no_shadow
}

// nucleotide -1

// particle -1
sphere {
	<29.408339, 42.075287, 37.897038> 0.250000
	pigment { color rgbt <1,0,0,0> }
	no_shadow
}
cylinder {
	<29.232449, 42.008488, 38.250027>,  <29.126915, 41.968407, 38.461819>, 0.100000
	pigment { color rgbt <1,0,0,0> }
	no_shadow
}
cylinder {
	<29.232449, 42.008488, 38.250027>,  <29.408339, 42.075287, 37.897038>, 0.100000
	pigment { color rgbt <1,0,0,0> }
	no_shadow
}

// particle -1
sphere {
	<29.232449, 42.008488, 38.250027> 0.100000
	pigment { color rgbt <1,0,0,0> }
	no_shadow
}
sphere {
	0, 1
	scale<0.080000,0.200000,0.300000>
	matrix <-0.033725, -0.978797, -0.202037,
		0.897499, -0.118602, 0.424770,
		-0.439726, -0.167002, 0.882469,
		29.100531, 41.958385, 38.514767>
	pigment { color rgbt <0,1,1,0> }
	no_shadow
}
cylinder {
	<29.780220, 41.561565, 38.413132>,  <29.408339, 42.075287, 37.897038>, 0.130000
	pigment { color rgbt <1,0,0,0> }
	no_shadow
}

// nucleotide -1

// particle -1
sphere {
	<29.780220, 41.561565, 38.413132> 0.250000
	pigment { color rgbt <1,0,0,0> }
	no_shadow
}
cylinder {
	<29.381804, 41.539742, 38.441196>,  <29.142754, 41.526646, 38.458035>, 0.100000
	pigment { color rgbt <1,0,0,0> }
	no_shadow
}
cylinder {
	<29.381804, 41.539742, 38.441196>,  <29.780220, 41.561565, 38.413132>, 0.100000
	pigment { color rgbt <1,0,0,0> }
	no_shadow
}

// particle -1
sphere {
	<29.381804, 41.539742, 38.441196> 0.100000
	pigment { color rgbt <1,0,0,0> }
	no_shadow
}
sphere {
	0, 1
	scale<0.080000,0.200000,0.300000>
	matrix <0.035853, -0.968970, -0.244564,
		0.081325, -0.241081, 0.967092,
		-0.996043, -0.054562, 0.070158,
		29.082991, 41.523373, 38.462242>
	pigment { color rgbt <0,1,1,0> }
	no_shadow
}
cylinder {
	<29.592321, 40.948246, 38.847843>,  <29.780220, 41.561565, 38.413132>, 0.130000
	pigment { color rgbt <1,0,0,0> }
	no_shadow
}

// nucleotide -1

// particle -1
sphere {
	<29.592321, 40.948246, 38.847843> 0.250000
	pigment { color rgbt <1,0,0,0> }
	no_shadow
}
cylinder {
	<29.260401, 41.008793, 38.632988>,  <29.061249, 41.045120, 38.504074>, 0.100000
	pigment { color rgbt <1,0,0,0> }
	no_shadow
}
cylinder {
	<29.260401, 41.008793, 38.632988>,  <29.592321, 40.948246, 38.847843>, 0.100000
	pigment { color rgbt <1,0,0,0> }
	no_shadow
}

// particle -1
sphere {
	<29.260401, 41.008793, 38.632988> 0.100000
	pigment { color rgbt <1,0,0,0> }
	no_shadow
}
sphere {
	0, 1
	scale<0.080000,0.200000,0.300000>
	matrix <-0.074511, -0.983944, -0.162177,
		-0.553061, -0.094552, 0.827758,
		-0.829802, 0.151371, -0.537136,
		29.011459, 41.054203, 38.471848>
	pigment { color rgbt <0,1,1,0> }
	no_shadow
}
cylinder {
	<29.067701, 40.573952, 39.140377>,  <29.592321, 40.948246, 38.847843>, 0.130000
	pigment { color rgbt <1,0,0,0> }
	no_shadow
}

// nucleotide -1

// particle -1
sphere {
	<29.067701, 40.573952, 39.140377> 0.250000
	pigment { color rgbt <1,0,0,0> }
	no_shadow
}
cylinder {
	<28.948965, 40.638622, 38.763920>,  <28.877724, 40.677425, 38.538048>, 0.100000
	pigment { color rgbt <1,0,0,0> }
	no_shadow
}
cylinder {
	<28.948965, 40.638622, 38.763920>,  <29.067701, 40.573952, 39.140377>, 0.100000
	pigment { color rgbt <1,0,0,0> }
	no_shadow
}

// particle -1
sphere {
	<28.948965, 40.638622, 38.763920> 0.100000
	pigment { color rgbt <1,0,0,0> }
	no_shadow
}
sphere {
	0, 1
	scale<0.080000,0.200000,0.300000>
	matrix <-0.062836, -0.986735, -0.149686,
		-0.952856, 0.014705, 0.303064,
		-0.296843, 0.161672, -0.941141,
		28.859913, 40.687122, 38.481579>
	pigment { color rgbt <0,1,1,0> }
	no_shadow
}
cylinder {
	<28.506124, 40.019836, 38.943195>,  <29.067701, 40.573952, 39.140377>, 0.130000
	pigment { color rgbt <1,0,0,0> }
	no_shadow
}

// nucleotide -1

// particle -1
sphere {
	<28.506124, 40.019836, 38.943195> 0.250000
	pigment { color rgbt <1,0,0,0> }
	no_shadow
}
cylinder {
	<28.639807, 40.186092, 38.604836>,  <28.720016, 40.285847, 38.401817>, 0.100000
	pigment { color rgbt <1,0,0,0> }
	no_shadow
}
cylinder {
	<28.639807, 40.186092, 38.604836>,  <28.506124, 40.019836, 38.943195>, 0.100000
	pigment { color rgbt <1,0,0,0> }
	no_shadow
}

// particle -1
sphere {
	<28.639807, 40.186092, 38.604836> 0.100000
	pigment { color rgbt <1,0,0,0> }
	no_shadow
}
sphere {
	0, 1
	scale<0.080000,0.200000,0.300000>
	matrix <0.066834, -0.905700, -0.418617,
		-0.940127, 0.083371, -0.330471,
		0.334208, 0.415640, -0.845901,
		28.740068, 40.310783, 38.351067>
	pigment { color rgbt <0,1,1,0> }
	no_shadow
}
cylinder {
	<27.952684, 39.752213, 38.376431>,  <28.506124, 40.019836, 38.943195>, 0.130000
	pigment { color rgbt <1,0,0,0> }
	no_shadow
}

// nucleotide -1

// particle -1
sphere {
	<27.952684, 39.752213, 38.376431> 0.250000
	pigment { color rgbt <1,0,0,0> }
	no_shadow
}
cylinder {
	<28.296751, 39.851181, 38.198040>,  <28.503191, 39.910564, 38.091007>, 0.100000
	pigment { color rgbt <1,0,0,0> }
	no_shadow
}
cylinder {
	<28.296751, 39.851181, 38.198040>,  <27.952684, 39.752213, 38.376431>, 0.100000
	pigment { color rgbt <1,0,0,0> }
	no_shadow
}

// particle -1
sphere {
	<28.296751, 39.851181, 38.198040> 0.100000
	pigment { color rgbt <1,0,0,0> }
	no_shadow
}
sphere {
	0, 1
	scale<0.080000,0.200000,0.300000>
	matrix <0.050209, -0.911272, -0.408733,
		-0.507533, 0.329187, -0.796270,
		0.860168, 0.247426, -0.445972,
		28.554802, 39.925407, 38.064247>
	pigment { color rgbt <0,1,1,0> }
	no_shadow
}
cylinder {
	<27.887121, 39.597145, 37.594780>,  <27.952684, 39.752213, 38.376431>, 0.130000
	pigment { color rgbt <1,0,0,0> }
	no_shadow
}

// nucleotide -1

// particle -1
sphere {
	<27.887121, 39.597145, 37.594780> 0.250000
	pigment { color rgbt <1,0,0,0> }
	no_shadow
}
cylinder {
	<28.277494, 39.609070, 37.681190>,  <28.511719, 39.616222, 37.733036>, 0.100000
	pigment { color rgbt <1,0,0,0> }
	no_shadow
}
cylinder {
	<28.277494, 39.609070, 37.681190>,  <27.887121, 39.597145, 37.594780>, 0.100000
	pigment { color rgbt <1,0,0,0> }
	no_shadow
}

// particle -1
sphere {
	<28.277494, 39.609070, 37.681190> 0.100000
	pigment { color rgbt <1,0,0,0> }
	no_shadow
}
sphere {
	0, 1
	scale<0.080000,0.200000,0.300000>
	matrix <0.134736, -0.861335, -0.489846,
		0.171467, 0.507163, -0.844621,
		0.975933, 0.029809, 0.216024,
		28.570274, 39.618011, 37.745998>
	pigment { color rgbt <0,1,1,0> }
	no_shadow
}
cylinder {
	<28.157501, 39.256863, 37.091938>,  <27.887121, 39.597145, 37.594780>, 0.130000
	pigment { color rgbt <1,0,0,0> }
	no_shadow
}

// nucleotide -1

// particle -1
sphere {
	<28.157501, 39.256863, 37.091938> 0.250000
	pigment { color rgbt <1,0,0,0> }
	no_shadow
}
cylinder {
	<28.491024, 39.286098, 37.310814>,  <28.691137, 39.303638, 37.442139>, 0.100000
	pigment { color rgbt <1,0,0,0> }
	no_shadow
}
cylinder {
	<28.491024, 39.286098, 37.310814>,  <28.157501, 39.256863, 37.091938>, 0.100000
	pigment { color rgbt <1,0,0,0> }
	no_shadow
}

// particle -1
sphere {
	<28.491024, 39.286098, 37.310814> 0.100000
	pigment { color rgbt <1,0,0,0> }
	no_shadow
}
sphere {
	0, 1
	scale<0.080000,0.200000,0.300000>
	matrix <0.267186, -0.920799, -0.284150,
