// switches for output
#declare DRAW_BASES = 1; // possible values are 0, 1; only relevant for DNA ribbons
#declare DRAW_BASES_TYPE = 3; // possible values are 1, 2, 3; only relevant for DNA ribbons
#declare DRAW_FOG = 0; // set to 1 to enable fog

#include "colors.inc"

#include "transforms.inc"
background { rgb <1, 1, 1>}

#default {
   normal{
       ripples 0.25
       frequency 0.20
       turbulence 0.2
       lambda 5
   }
	finish {
		phong 0.1
		phong_size 40.
	}
}

// original window dimensions: 1024x640


// camera settings

camera {
	sky <0, 0.179814, -0.983701>
	up <0, 0.179814, -0.983701>
	right 1.6 * <1, 0, 0>
	location <35, 94.9851, 44.8844>
	look_at <35, 29.7336, 32.9568>
	direction <0, -65.2515, -11.9276>
	angle 67.0682
}


# declare cpy_camera_pos = <35, 94.9851, 44.8844>;
# if (DRAW_FOG = 1)
fog {
	fog_type 2
	up vnormalize(cpy_camera_pos)
	color rgbt<1,1,1,0.3>
	distance 1e-5
	fog_alt 3e-3
	fog_offset 56
}
# end


// LIGHTS

# declare lum = 6;
global_settings {
	ambient_light rgb lum * <0.05, 0.05, 0.05>
	max_trace_level 15
}# declare cpy_direct_light_amount = 0.25;
light_source
{	1000 * <-1, -1.16352, -0.803886>,
	rgb lum * cpy_direct_light_amount
	parallel
}

light_source
{	1000 * <1, 1.16352, 0.803886>,
	rgb lum * cpy_direct_light_amount
	parallel
}

// strand 0

// nucleotide -1

// particle -1
sphere {
	<24.402138, 35.073017, 34.936367> 0.250000
	pigment { color rgbt <1,0,0,0> }
	no_shadow
}
cylinder {
	<24.311863, 35.439915, 34.805080>,  <24.257698, 35.660053, 34.726311>, 0.100000
	pigment { color rgbt <1,0,0,0> }
	no_shadow
}
cylinder {
	<24.311863, 35.439915, 34.805080>,  <24.402138, 35.073017, 34.936367>, 0.100000
	pigment { color rgbt <1,0,0,0> }
	no_shadow
}

// particle -1
sphere {
	<24.311863, 35.439915, 34.805080> 0.100000
	pigment { color rgbt <1,0,0,0> }
	no_shadow
}
sphere {
	0, 1
	scale<0.080000,0.200000,0.300000>
	matrix <-0.961720, -0.156018, 0.225285,
		0.155435, 0.366493, 0.917346,
		-0.225688, 0.917247, -0.328213,
		24.244156, 35.715088, 34.706615>
	pigment { color rgbt <0,1,1,0> }
	no_shadow
}
cylinder {
	<24.078028, 34.831211, 35.521812>,  <24.402138, 35.073017, 34.936367>, 0.130000
	pigment { color rgbt <1,0,0,0> }
	no_shadow
}

// nucleotide -1

// particle -1
sphere {
	<24.078028, 34.831211, 35.521812> 0.250000
	pigment { color rgbt <1,0,0,0> }
	no_shadow
}
cylinder {
	<24.259907, 34.606640, 35.798378>,  <24.369034, 34.471897, 35.964317>, 0.100000
	pigment { color rgbt <1,0,0,0> }
	no_shadow
}
cylinder {
	<24.259907, 34.606640, 35.798378>,  <24.078028, 34.831211, 35.521812>, 0.100000
	pigment { color rgbt <1,0,0,0> }
	no_shadow
}

// particle -1
sphere {
	<24.259907, 34.606640, 35.798378> 0.100000
	pigment { color rgbt <1,0,0,0> }
	no_shadow
}
sphere {
	0, 1
	scale<0.080000,0.200000,0.300000>
	matrix <0.831570, -0.010409, -0.555322,
		0.318970, 0.827461, 0.462133,
		0.454697, -0.561427, 0.691412,
		24.396317, 34.438213, 36.005802>
	pigment { color rgbt <0,1,1,0> }
	no_shadow
}
cylinder {
	<24.728800, 35.075783, 35.691753>,  <24.078028, 34.831211, 35.521812>, 0.130000
	pigment { color rgbt <1,0,0,0> }
	no_shadow
}

// nucleotide -1

// particle -1
sphere {
	<24.728800, 35.075783, 35.691753> 0.250000
	pigment { color rgbt <1,0,0,0> }
	no_shadow
}
cylinder {
	<24.777029, 34.694469, 35.802547>,  <24.805967, 34.465683, 35.869022>, 0.100000
	pigment { color rgbt <1,0,0,0> }
	no_shadow
}
cylinder {
	<24.777029, 34.694469, 35.802547>,  <24.728800, 35.075783, 35.691753>, 0.100000
	pigment { color rgbt <1,0,0,0> }
	no_shadow
}

// particle -1
sphere {
	<24.777029, 34.694469, 35.802547> 0.100000
	pigment { color rgbt <1,0,0,0> }
	no_shadow
}
sphere {
	0, 1
	scale<0.080000,0.200000,0.300000>
	matrix <0.839287, -0.051120, -0.541281,
		0.530151, 0.297735, 0.793911,
		0.120574, -0.953279, 0.276986,
		24.813202, 34.408485, 35.885643>
	pigment { color rgbt <0,1,1,0> }
	no_shadow
}
cylinder {
	<25.384987, 34.974972, 36.027546>,  <24.728800, 35.075783, 35.691753>, 0.130000
	pigment { color rgbt <1,0,0,0> }
	no_shadow
}

// nucleotide -1

// particle -1
sphere {
	<25.384987, 34.974972, 36.027546> 0.250000
	pigment { color rgbt <1,0,0,0> }
	no_shadow
}
cylinder {
	<25.245235, 34.665127, 35.816677>,  <25.161385, 34.479221, 35.690155>, 0.100000
	pigment { color rgbt <1,0,0,0> }
	no_shadow
}
cylinder {
	<25.245235, 34.665127, 35.816677>,  <25.384987, 34.974972, 36.027546>, 0.100000
	pigment { color rgbt <1,0,0,0> }
	no_shadow
}

// particle -1
sphere {
	<25.245235, 34.665127, 35.816677> 0.100000
	pigment { color rgbt <1,0,0,0> }
	no_shadow
}
sphere {
	0, 1
	scale<0.080000,0.200000,0.300000>
	matrix <0.791870, 0.056656, -0.608057,
		0.500875, -0.629894, 0.593597,
		-0.349381, -0.774612, -0.527172,
		25.140421, 34.432743, 35.658527>
	pigment { color rgbt <0,1,1,0> }
	no_shadow
}
cylinder {
	<25.960220, 34.388092, 35.932270>,  <25.384987, 34.974972, 36.027546>, 0.130000
	pigment { color rgbt <1,0,0,0> }
	no_shadow
}

// nucleotide -1

// particle -1
sphere {
	<25.960220, 34.388092, 35.932270> 0.250000
	pigment { color rgbt <1,0,0,0> }
	no_shadow
}
cylinder {
	<25.679676, 34.414494, 35.648373>,  <25.511349, 34.430332, 35.478035>, 0.100000
	pigment { color rgbt <1,0,0,0> }
	no_shadow
}
cylinder {
	<25.679676, 34.414494, 35.648373>,  <25.960220, 34.388092, 35.932270>, 0.100000
	pigment { color rgbt <1,0,0,0> }
	no_shadow
}

// particle -1
sphere {
	<25.679676, 34.414494, 35.648373> 0.100000
	pigment { color rgbt <1,0,0,0> }
	no_shadow
}
sphere {
	0, 1
	scale<0.080000,0.200000,0.300000>
	matrix <0.712497, 0.035645, -0.700769,
		-0.020956, -0.997182, -0.072029,
		-0.701362, 0.066005, -0.709743,
		25.469267, 34.434296, 35.435452>
	pigment { color rgbt <0,1,1,0> }
	no_shadow
}
cylinder {
	<26.429686, 33.988842, 35.475086>,  <25.960220, 34.388092, 35.932270>, 0.130000
	pigment { color rgbt <1,0,0,0> }
	no_shadow
}

// nucleotide -1

// particle -1
sphere {
	<26.429686, 33.988842, 35.475086> 0.250000
	pigment { color rgbt <1,0,0,0> }
	no_shadow
}
cylinder {
	<26.704388, 34.207531, 35.283478>,  <26.869209, 34.338745, 35.168510>, 0.100000
	pigment { color rgbt <1,0,0,0> }
	no_shadow
}
cylinder {
	<26.704388, 34.207531, 35.283478>,  <26.429686, 33.988842, 35.475086>, 0.100000
	pigment { color rgbt <1,0,0,0> }
	no_shadow
}

// particle -1
sphere {
	<26.704388, 34.207531, 35.283478> 0.100000
	pigment { color rgbt <1,0,0,0> }
	no_shadow
}
sphere {
	0, 1
	scale<0.080000,0.200000,0.300000>
	matrix <0.429986, -0.836891, -0.338712,
		-0.586073, 0.026638, -0.809820,
		0.686754, 0.546721, -0.479025,
		26.910414, 34.371548, 35.139771>
	pigment { color rgbt <0,1,1,0> }
	no_shadow
}
cylinder {
	<26.471697, 33.715626, 34.820995>,  <26.429686, 33.988842, 35.475086>, 0.130000
	pigment { color rgbt <1,0,0,0> }
	no_shadow
}

// nucleotide -1

// particle -1
sphere {
	<26.471697, 33.715626, 34.820995> 0.250000
	pigment { color rgbt <1,0,0,0> }
	no_shadow
}
cylinder {
	<26.822836, 33.893612, 34.891869>,  <27.033520, 34.000404, 34.934391>, 0.100000
	pigment { color rgbt <1,0,0,0> }
	no_shadow
}
cylinder {
	<26.822836, 33.893612, 34.891869>,  <26.471697, 33.715626, 34.820995>, 0.100000
	pigment { color rgbt <1,0,0,0> }
	no_shadow
}

// particle -1
sphere {
	<26.822836, 33.893612, 34.891869> 0.100000
	pigment { color rgbt <1,0,0,0> }
	no_shadow
}
sphere {
	0, 1
	scale<0.080000,0.200000,0.300000>
	matrix <0.478697, -0.803278, -0.354392,
		-0.015366, 0.395918, -0.918157,
		0.877845, 0.444965, 0.177182,
		27.086189, 34.027100, 34.945023>
	pigment { color rgbt <0,1,1,0> }
	no_shadow
}
cylinder {
	<26.838375, 33.526382, 34.242683>,  <26.471697, 33.715626, 34.820995>, 0.130000
	pigment { color rgbt <1,0,0,0> }
	no_shadow
}

// nucleotide -1

// particle -1
sphere {
	<26.838375, 33.526382, 34.242683> 0.250000
	pigment { color rgbt <1,0,0,0> }
	no_shadow
}
cylinder {
	<27.091614, 33.639816, 34.530785>,  <27.243557, 33.707878, 34.703644>, 0.100000
	pigment { color rgbt <1,0,0,0> }
	no_shadow
}
cylinder {
	<27.091614, 33.639816, 34.530785>,  <26.838375, 33.526382, 34.242683>, 0.100000
	pigment { color rgbt <1,0,0,0> }
	no_shadow
}

// particle -1
sphere {
	<27.091614, 33.639816, 34.530785> 0.100000
	pigment { color rgbt <1,0,0,0> }
	no_shadow
}
sphere {
	0, 1
	scale<0.080000,0.200000,0.300000>
	matrix <0.669014, -0.668501, -0.324849,
		0.389368, 0.687521, -0.612949,
		0.633098, 0.283586, 0.720254,
		27.281544, 33.724892, 34.746861>
	pigment { color rgbt <0,1,1,0> }
	no_shadow
}
cylinder {
	<27.526644, 33.539280, 33.910881>,  <26.838375, 33.526382, 34.242683>, 0.130000
	pigment { color rgbt <1,0,0,0> }
	no_shadow
}

// nucleotide -1

// particle -1
sphere {
	<27.526644, 33.539280, 33.910881> 0.250000
	pigment { color rgbt <1,0,0,0> }
	no_shadow
}
cylinder {
	<27.600822, 33.508289, 34.302719>,  <27.645330, 33.489697, 34.537823>, 0.100000
	pigment { color rgbt <1,0,0,0> }
	no_shadow
}
cylinder {
	<27.600822, 33.508289, 34.302719>,  <27.526644, 33.539280, 33.910881>, 0.100000
	pigment { color rgbt <1,0,0,0> }
	no_shadow
}

// particle -1
sphere {
	<27.600822, 33.508289, 34.302719> 0.100000
	pigment { color rgbt <1,0,0,0> }
	no_shadow
}
sphere {
	0, 1
	scale<0.080000,0.200000,0.300000>
	matrix <0.727820, -0.658951, -0.189899,
		0.660218, 0.748185, -0.065816,
		0.185449, -0.077473, 0.979595,
		27.656458, 33.485046, 34.596596>
	pigment { color rgbt <0,1,1,0> }
	no_shadow
}
cylinder {
	<28.281441, 33.694744, 33.956257>,  <27.526644, 33.539280, 33.910881>, 0.130000
	pigment { color rgbt <1,0,0,0> }
	no_shadow
}

// nucleotide -1

// particle -1
sphere {
	<28.281441, 33.694744, 33.956257> 0.250000
	pigment { color rgbt <1,0,0,0> }
	no_shadow
}
cylinder {
	<28.122395, 33.472073, 34.248013>,  <28.026966, 33.338470, 34.423065>, 0.100000
	pigment { color rgbt <1,0,0,0> }
	no_shadow
}
cylinder {
	<28.122395, 33.472073, 34.248013>,  <28.281441, 33.694744, 33.956257>, 0.100000
	pigment { color rgbt <1,0,0,0> }
	no_shadow
}

// particle -1
sphere {
	<28.122395, 33.472073, 34.248013> 0.100000
	pigment { color rgbt <1,0,0,0> }
	no_shadow
}
sphere {
	0, 1
	scale<0.080000,0.200000,0.300000>
	matrix <0.665820, -0.722015, -0.188090,
		0.631336, 0.410854, 0.657734,
		-0.397617, -0.556681, 0.729389,
		28.003109, 33.305069, 34.466827>
	pigment { color rgbt <0,1,1,0> }
	no_shadow
}
cylinder {
	<28.848591, 33.291130, 34.183895>,  <28.281441, 33.694744, 33.956257>, 0.130000
	pigment { color rgbt <1,0,0,0> }
	no_shadow
}

// nucleotide -1

// particle -1
sphere {
	<28.848591, 33.291130, 34.183895> 0.250000
	pigment { color rgbt <1,0,0,0> }
	no_shadow
}
cylinder {
	<28.531309, 33.101612, 34.336914>,  <28.340940, 32.987900, 34.428726>, 0.100000
	pigment { color rgbt <1,0,0,0> }
	no_shadow
}
cylinder {
	<28.531309, 33.101612, 34.336914>,  <28.848591, 33.291130, 34.183895>, 0.100000
	pigment { color rgbt <1,0,0,0> }
	no_shadow
}

// particle -1
sphere {
	<28.531309, 33.101612, 34.336914> 0.100000
	pigment { color rgbt <1,0,0,0> }
	no_shadow
}
sphere {
	0, 1
	scale<0.080000,0.200000,0.300000>
	matrix <0.470114, -0.875742, -0.109858,
		0.387062, 0.092700, 0.917382,
		-0.793206, -0.473796, 0.382546,
		28.293346, 32.959473, 34.451679>
	pigment { color rgbt <0,1,1,0> }
	no_shadow
}
cylinder {
	<29.159208, 32.821953, 34.633675>,  <28.848591, 33.291130, 34.183895>, 0.130000
	pigment { color rgbt <1,0,0,0> }
	no_shadow
}

// nucleotide -1

// particle -1
sphere {
	<29.159208, 32.821953, 34.633675> 0.250000
	pigment { color rgbt <1,0,0,0> }
	no_shadow
}
cylinder {
	<28.793701, 32.662842, 34.600697>,  <28.574396, 32.567375, 34.580910>, 0.100000
	pigment { color rgbt <1,0,0,0> }
	no_shadow
}
cylinder {
	<28.793701, 32.662842, 34.600697>,  <29.159208, 32.821953, 34.633675>, 0.100000
	pigment { color rgbt <1,0,0,0> }
	no_shadow
}

// particle -1
sphere {
	<28.793701, 32.662842, 34.600697> 0.100000
	pigment { color rgbt <1,0,0,0> }
	no_shadow
}
sphere {
	0, 1
	scale<0.080000,0.200000,0.300000>
	matrix <0.405296, -0.878919, -0.251467,
		0.027562, -0.263199, 0.964348,
		-0.913770, -0.397777, -0.082449,
		28.519569, 32.543510, 34.575962>
	pigment { color rgbt <0,1,1,0> }
	no_shadow
}
cylinder {
	<29.209637, 32.121601, 34.947941>,  <29.159208, 32.821953, 34.633675>, 0.130000
	pigment { color rgbt <1,0,0,0> }
	no_shadow
}

// nucleotide -1

// particle -1
sphere {
	<29.209637, 32.121601, 34.947941> 0.250000
	pigment { color rgbt <1,0,0,0> }
	no_shadow
}
cylinder {
	<28.893528, 32.106514, 34.703304>,  <28.703863, 32.097462, 34.556522>, 0.100000
	pigment { color rgbt <1,0,0,0> }
	no_shadow
}
cylinder {
	<28.893528, 32.106514, 34.703304>,  <29.209637, 32.121601, 34.947941>, 0.100000
	pigment { color rgbt <1,0,0,0> }
	no_shadow
}

// particle -1
sphere {
	<28.893528, 32.106514, 34.703304> 0.100000
	pigment { color rgbt <1,0,0,0> }
	no_shadow
}
sphere {
	0, 1
	scale<0.080000,0.200000,0.300000>
	matrix <0.343669, -0.853623, -0.391432,
		-0.507307, -0.519524, 0.687557,
		-0.790273, -0.037716, -0.611593,
		28.656446, 32.095200, 34.519825>
	pigment { color rgbt <0,1,1,0> }
	no_shadow
}
cylinder {
	<28.865866, 31.502552, 35.005768>,  <29.209637, 32.121601, 34.947941>, 0.130000
	pigment { color rgbt <1,0,0,0> }
	no_shadow
}

// nucleotide -1

// particle -1
sphere {
	<28.865866, 31.502552, 35.005768> 0.250000
	pigment { color rgbt <1,0,0,0> }
	no_shadow
}
cylinder {
	<28.766764, 31.607384, 34.632687>,  <28.707302, 31.670282, 34.408840>, 0.100000
	pigment { color rgbt <1,0,0,0> }
	no_shadow
}
cylinder {
	<28.766764, 31.607384, 34.632687>,  <28.865866, 31.502552, 35.005768>, 0.100000
	pigment { color rgbt <1,0,0,0> }
	no_shadow
}

// particle -1
sphere {
	<28.766764, 31.607384, 34.632687> 0.100000
	pigment { color rgbt <1,0,0,0> }
	no_shadow
}
sphere {
	0, 1
	scale<0.080000,0.200000,0.300000>
	matrix <0.369339, -0.864464, -0.341015,
		-0.895660, -0.428970, 0.117376,
		-0.247752, 0.262082, -0.932702,
		28.692438, 31.686008, 34.352875>
	pigment { color rgbt <0,1,1,0> }
	no_shadow
}
cylinder {
	<28.437431, 30.976248, 34.718494>,  <28.865866, 31.502552, 35.005768>, 0.130000
	pigment { color rgbt <1,0,0,0> }
	no_shadow
}

// nucleotide -1

// particle -1
sphere {
	<28.437431, 30.976248, 34.718494> 0.250000
	pigment { color rgbt <1,0,0,0> }
	no_shadow
}
cylinder {
	<28.585579, 31.177799, 34.406357>,  <28.674467, 31.298731, 34.219074>, 0.100000
	pigment { color rgbt <1,0,0,0> }
	no_shadow
}
cylinder {
	<28.585579, 31.177799, 34.406357>,  <28.437431, 30.976248, 34.718494>, 0.100000
	pigment { color rgbt <1,0,0,0> }
	no_shadow
}

// particle -1
sphere {
	<28.585579, 31.177799, 34.406357> 0.100000
	pigment { color rgbt <1,0,0,0> }
	no_shadow
}
sphere {
	0, 1
	scale<0.080000,0.200000,0.300000>
	matrix <0.287751, -0.860997, -0.419385,
		-0.883191, -0.069218, -0.463878,
		0.370368, 0.503878, -0.780342,
		28.696690, 31.328962, 34.172253>
	pigment { color rgbt <0,1,1,0> }
	no_shadow
}
cylinder {
	<28.376205, 30.464479, 34.133656>,  <28.437431, 30.976248, 34.718494>, 0.130000
	pigment { color rgbt <1,0,0,0> }
	no_shadow
}

// nucleotide -1

// particle -1
sphere {
	<28.376205, 30.464479, 34.133656> 0.250000
	pigment { color rgbt <1,0,0,0> }
	no_shadow
}
cylinder {
	<28.629341, 30.735161, 33.983139>,  <28.781221, 30.897570, 33.892830>, 0.100000
	pigment { color rgbt <1,0,0,0> }
	no_shadow
}
cylinder {
	<28.629341, 30.735161, 33.983139>,  <28.376205, 30.464479, 34.133656>, 0.100000
	pigment { color rgbt <1,0,0,0> }
	no_shadow
}

// particle -1
sphere {
	<28.629341, 30.735161, 33.983139> 0.100000
	pigment { color rgbt <1,0,0,0> }
	no_shadow
}
sphere {
	0, 1
	scale<0.080000,0.200000,0.300000>
	matrix <0.453879, -0.717939, -0.527786,
		-0.627305, 0.163214, -0.761479,
		0.632837, 0.676702, -0.376287,
		28.819193, 30.938171, 33.870255>
	pigment { color rgbt <0,1,1,0> }
	no_shadow
}
cylinder {
	<28.341225, 30.422033, 33.440510>,  <28.376205, 30.464479, 34.133656>, 0.130000
	pigment { color rgbt <1,0,0,0> }
	no_shadow
}

// nucleotide -1

// particle -1
sphere {
	<28.341225, 30.422033, 33.440510> 0.250000
	pigment { color rgbt <1,0,0,0> }
	no_shadow
}
cylinder {
	<28.697842, 30.575602, 33.536644>,  <28.911812, 30.667742, 33.594326>, 0.100000
	pigment { color rgbt <1,0,0,0> }
	no_shadow
}
cylinder {
	<28.697842, 30.575602, 33.536644>,  <28.341225, 30.422033, 33.440510>, 0.100000
	pigment { color rgbt <1,0,0,0> }
	no_shadow
}

// particle -1
sphere {
	<28.697842, 30.575602, 33.536644> 0.100000
	pigment { color rgbt <1,0,0,0> }
	no_shadow
}
sphere {
	0, 1
	scale<0.080000,0.200000,0.300000>
	matrix <0.449564, -0.685376, -0.572845,
		-0.055206, 0.618761, -0.783637,
		0.891541, 0.383919, 0.240336,
		28.965303, 30.690777, 33.608746>
	pigment { color rgbt <0,1,1,0> }
	no_shadow
}
cylinder {
	<28.916842, 30.154287, 32.897667>,  <28.341225, 30.422033, 33.440510>, 0.130000
	pigment { color rgbt <1,0,0,0> }
	no_shadow
}

// nucleotide -1

// particle -1
sphere {
	<28.916842, 30.154287, 32.897667> 0.250000
	pigment { color rgbt <1,0,0,0> }
	no_shadow
}
cylinder {
	<29.121248, 30.300924, 33.208656>,  <29.243893, 30.388906, 33.395252>, 0.100000
	pigment { color rgbt <1,0,0,0> }
	no_shadow
}
cylinder {
	<29.121248, 30.300924, 33.208656>,  <28.916842, 30.154287, 32.897667>, 0.100000
	pigment { color rgbt <1,0,0,0> }
	no_shadow
}

// particle -1
sphere {
	<29.121248, 30.300924, 33.208656> 0.100000
	pigment { color rgbt <1,0,0,0> }
	no_shadow
}
sphere {
	0, 1
	scale<0.080000,0.200000,0.300000>
	matrix <0.794621, -0.546384, -0.264655,
		0.327781, 0.753044, -0.570513,
		0.511016, 0.366593, 0.777478,
		29.274553, 30.410902, 33.441898>
	pigment { color rgbt <0,1,1,0> }
	no_shadow
}
cylinder {
	<29.491642, 30.415945, 32.575127>,  <28.916842, 30.154287, 32.897667>, 0.130000
	pigment { color rgbt <1,0,0,0> }
	no_shadow
}

// nucleotide -1

// particle -1
sphere {
	<29.491642, 30.415945, 32.575127> 0.250000
	pigment { color rgbt <1,0,0,0> }
	no_shadow
}
cylinder {
	<29.579981, 30.368135, 32.962311>,  <29.632984, 30.339449, 33.194622>, 0.100000
	pigment { color rgbt <1,0,0,0> }
	no_shadow
}
cylinder {
	<29.579981, 30.368135, 32.962311>,  <29.491642, 30.415945, 32.575127>, 0.100000
	pigment { color rgbt <1,0,0,0> }
	no_shadow
}

// particle -1
sphere {
	<29.579981, 30.368135, 32.962311> 0.100000
	pigment { color rgbt <1,0,0,0> }
	no_shadow
}
sphere {
	0, 1
	scale<0.080000,0.200000,0.300000>
	matrix <0.819852, -0.514809, -0.250626,
		0.528269, 0.848932, -0.015702,
		0.220848, -0.119525, 0.967957,
		29.646235, 30.332277, 33.252697>
	pigment { color rgbt <0,1,1,0> }
	no_shadow
}
cylinder {
	<30.126356, 30.724739, 32.593876>,  <29.491642, 30.415945, 32.575127>, 0.130000
	pigment { color rgbt <1,0,0,0> }
	no_shadow
}

// nucleotide -1

// particle -1
sphere {
	<30.126356, 30.724739, 32.593876> 0.250000
	pigment { color rgbt <1,0,0,0> }
	no_shadow
}
cylinder {
	<30.089090, 30.493477, 32.918110>,  <30.066730, 30.354719, 33.112652>, 0.100000
	pigment { color rgbt <1,0,0,0> }
	no_shadow
}
cylinder {
	<30.089090, 30.493477, 32.918110>,  <30.126356, 30.724739, 32.593876>, 0.100000
	pigment { color rgbt <1,0,0,0> }
	no_shadow
}

// particle -1
sphere {
	<30.089090, 30.493477, 32.918110> 0.100000
	pigment { color rgbt <1,0,0,0> }
	no_shadow
}
sphere {
	0, 1
	scale<0.080000,0.200000,0.300000>
	matrix <0.946193, -0.304815, -0.108660,
		0.309902, 0.756850, 0.575447,
		-0.093166, -0.578158, 0.810588,
		30.061140, 30.320030, 33.161285>
	pigment { color rgbt <0,1,1,0> }
	no_shadow
}
cylinder {
	<30.731026, 30.832056, 32.911739>,  <30.126356, 30.724739, 32.593876>, 0.130000
	pigment { color rgbt <1,0,0,0> }
	no_shadow
}

// nucleotide -1

// particle -1
sphere {
	<30.731026, 30.832056, 32.911739> 0.250000
	pigment { color rgbt <1,0,0,0> }
	no_shadow
}
cylinder {
	<30.596697, 30.484602, 33.057453>,  <30.516100, 30.276131, 33.144882>, 0.100000
	pigment { color rgbt <1,0,0,0> }
	no_shadow
}
cylinder {
	<30.596697, 30.484602, 33.057453>,  <30.731026, 30.832056, 32.911739>, 0.100000
	pigment { color rgbt <1,0,0,0> }
	no_shadow
}

// particle -1
sphere {
	<30.596697, 30.484602, 33.057453> 0.100000
	pigment { color rgbt <1,0,0,0> }
	no_shadow
}
sphere {
	0, 1
	scale<0.080000,0.200000,0.300000>
	matrix <0.918801, -0.387256, -0.076400,
		0.207435, 0.309046, 0.928149,
		-0.335820, -0.868633, 0.364282,
		30.495951, 30.224012, 33.166737>
	pigment { color rgbt <0,1,1,0> }
	no_shadow
}
cylinder {
	<31.222511, 30.608171, 33.390678>,  <30.731026, 30.832056, 32.911739>, 0.130000
	pigment { color rgbt <1,0,0,0> }
	no_shadow
}

// nucleotide -1

// particle -1
sphere {
	<31.222511, 30.608171, 33.390678> 0.250000
	pigment { color rgbt <1,0,0,0> }
	no_shadow
}
cylinder {
	<31.027079, 30.269627, 33.305862>,  <30.909819, 30.066500, 33.254971>, 0.100000
	pigment { color rgbt <1,0,0,0> }
	no_shadow
}
cylinder {
	<31.027079, 30.269627, 33.305862>,  <31.222511, 30.608171, 33.390678>, 0.100000
	pigment { color rgbt <1,0,0,0> }
	no_shadow
}

// particle -1
sphere {
	<31.027079, 30.269627, 33.305862> 0.100000
	pigment { color rgbt <1,0,0,0> }
	no_shadow
}
sphere {
	0, 1
	scale<0.080000,0.200000,0.300000>
	matrix <0.871976, -0.482212, -0.084443,
		-0.030781, -0.226154, 0.973605,
		-0.488581, -0.846361, -0.212044,
		30.880505, 30.015718, 33.242249>
	pigment { color rgbt <0,1,1,0> }
	no_shadow
}
cylinder {
	<31.397572, 30.007284, 33.875877>,  <31.222511, 30.608171, 33.390678>, 0.130000
	pigment { color rgbt <1,0,0,0> }
	no_shadow
}

// nucleotide -1

// particle -1
sphere {
	<31.397572, 30.007284, 33.875877> 0.250000
	pigment { color rgbt <1,0,0,0> }
	no_shadow
}
cylinder {
	<31.252445, 29.837078, 33.544262>,  <31.165369, 29.734955, 33.345295>, 0.100000
	pigment { color rgbt <1,0,0,0> }
	no_shadow
}
cylinder {
	<31.252445, 29.837078, 33.544262>,  <31.397572, 30.007284, 33.875877>, 0.100000
	pigment { color rgbt <1,0,0,0> }
	no_shadow
}

// particle -1
sphere {
	<31.252445, 29.837078, 33.544262> 0.100000
	pigment { color rgbt <1,0,0,0> }
	no_shadow
}
sphere {
	0, 1
	scale<0.080000,0.200000,0.300000>
	matrix <0.722844, -0.689977, 0.037802,
		-0.588101, -0.585548, 0.557916,
		-0.362814, -0.425517, -0.829036,
		31.143600, 29.709423, 33.295551>
	pigment { color rgbt <0,1,1,0> }
	no_shadow
}
cylinder {
	<31.453238, 29.339279, 33.992126>,  <31.397572, 30.007284, 33.875877>, 0.130000
	pigment { color rgbt <1,0,0,0> }
	no_shadow
}

// nucleotide -1

// particle -1
sphere {
	<31.453238, 29.339279, 33.992126> 0.250000
	pigment { color rgbt <1,0,0,0> }
	no_shadow
}
cylinder {
	<31.434170, 29.338335, 33.592583>,  <31.422729, 29.337769, 33.352856>, 0.100000
	pigment { color rgbt <1,0,0,0> }
	no_shadow
}
cylinder {
	<31.434170, 29.338335, 33.592583>,  <31.453238, 29.339279, 33.992126>, 0.100000
	pigment { color rgbt <1,0,0,0> }
	no_shadow
}

// particle -1
sphere {
	<31.434170, 29.338335, 33.592583> 0.100000
	pigment { color rgbt <1,0,0,0> }
	no_shadow
}
sphere {
	0, 1
	scale<0.080000,0.200000,0.300000>
	matrix <0.779914, -0.624865, -0.035743,
		-0.624068, -0.780730, 0.031630,
		-0.047670, -0.002362, -0.998860,
		31.419868, 29.337627, 33.292923>
	pigment { color rgbt <0,1,1,0> }
	no_shadow
}
cylinder {
	<31.613895, 28.550537, 33.791653>,  <31.453238, 29.339279, 33.992126>, 0.130000
	pigment { color rgbt <1,0,0,0> }
	no_shadow
}

// nucleotide -1

// particle -1
sphere {
	<31.613895, 28.550537, 33.791653> 0.250000
	pigment { color rgbt <1,0,0,0> }
	no_shadow
}
cylinder {
	<31.620541, 28.771793, 33.458485>,  <31.624527, 28.904547, 33.258583>, 0.100000
	pigment { color rgbt <1,0,0,0> }
	no_shadow
}
cylinder {
	<31.620541, 28.771793, 33.458485>,  <31.613895, 28.550537, 33.791653>, 0.100000
	pigment { color rgbt <1,0,0,0> }
	no_shadow
}

// particle -1
sphere {
	<31.620541, 28.771793, 33.458485> 0.100000
	pigment { color rgbt <1,0,0,0> }
	no_shadow
}
sphere {
	0, 1
	scale<0.080000,0.200000,0.300000>
	matrix <0.615608, -0.662080, -0.427407,
		-0.787877, -0.505653, -0.351518,
		0.016613, 0.553141, -0.832922,
		31.625525, 28.937737, 33.208607>
	pigment { color rgbt <0,1,1,0> }
	no_shadow
}
cylinder {
	<31.507887, 28.151009, 33.257668>,  <31.613895, 28.550537, 33.791653>, 0.130000
	pigment { color rgbt <1,0,0,0> }
	no_shadow
}

// nucleotide -1

// particle -1
sphere {
	<31.507887, 28.151009, 33.257668> 0.250000
	pigment { color rgbt <1,0,0,0> }
	no_shadow
}
cylinder {
	<31.719786, 28.460066, 33.117733>,  <31.846926, 28.645500, 33.033772>, 0.100000
	pigment { color rgbt <1,0,0,0> }
	no_shadow
}
cylinder {
	<31.719786, 28.460066, 33.117733>,  <31.507887, 28.151009, 33.257668>, 0.100000
	pigment { color rgbt <1,0,0,0> }
	no_shadow
}

// particle -1
sphere {
	<31.719786, 28.460066, 33.117733> 0.100000
	pigment { color rgbt <1,0,0,0> }
	no_shadow
}
sphere {
	0, 1
	scale<0.080000,0.200000,0.300000>
	matrix <0.606077, -0.633390, -0.481132,
		-0.593327, 0.042852, -0.803820,
		0.529749, 0.772645, -0.349836,
		31.878710, 28.691860, 33.012783>
	pigment { color rgbt <0,1,1,0> }
	no_shadow
}
cylinder {
	<31.630964, 28.084066, 32.582233>,  <31.507887, 28.151009, 33.257668>, 0.130000
	pigment { color rgbt <1,0,0,0> }
	no_shadow
}

// nucleotide -1

// particle -1
sphere {
	<31.630964, 28.084066, 32.582233> 0.250000
	pigment { color rgbt <1,0,0,0> }
	no_shadow
}
cylinder {
	<31.931725, 28.334291, 32.665485>,  <32.112179, 28.484426, 32.715435>, 0.100000
	pigment { color rgbt <1,0,0,0> }
	no_shadow
}
cylinder {
	<31.931725, 28.334291, 32.665485>,  <31.630964, 28.084066, 32.582233>, 0.100000
	pigment { color rgbt <1,0,0,0> }
	no_shadow
}

// particle -1
sphere {
	<31.931725, 28.334291, 32.665485> 0.100000
	pigment { color rgbt <1,0,0,0> }
	no_shadow
}
sphere {
	0, 1
	scale<0.080000,0.200000,0.300000>
	matrix <0.637029, -0.608054, -0.473777,
		-0.169826, 0.488816, -0.855698,
		0.751900, 0.625564, 0.208127,
		32.157295, 28.521961, 32.727924>
	pigment { color rgbt <0,1,1,0> }
	no_shadow
}
cylinder {
	<32.287193, 28.096605, 32.146847>,  <31.630964, 28.084066, 32.582233>, 0.130000
	pigment { color rgbt <1,0,0,0> }
	no_shadow
}

// nucleotide -1

// particle -1
sphere {
	<32.287193, 28.096605, 32.146847> 0.250000
	pigment { color rgbt <1,0,0,0> }
	no_shadow
}
cylinder {
	<32.607895, 28.096666, 31.907784>,  <32.800316, 28.096703, 31.764345>, 0.100000
	pigment { color rgbt <1,0,0,0> }
	no_shadow
}
cylinder {
	<32.607895, 28.096666, 31.907784>,  <32.287193, 28.096605, 32.146847>, 0.100000
	pigment { color rgbt <1,0,0,0> }
	no_shadow
}

// particle -1
sphere {
	<32.607895, 28.096666, 31.907784> 0.100000
	pigment { color rgbt <1,0,0,0> }
	no_shadow
}
sphere {
	0, 1
	scale<0.080000,0.200000,0.300000>
	matrix <-0.438867, 0.678962, -0.588562,
		0.405695, 0.734173, 0.544428,
		0.801752, 0.000155, -0.597656,
		32.848419, 28.096712, 31.728487>
	pigment { color rgbt <0,1,1,0> }
	no_shadow
}
cylinder {
	<32.462044, 28.692917, 31.859245>,  <32.287193, 28.096605, 32.146847>, 0.130000
	pigment { color rgbt <1,0,0,0> }
	no_shadow
}

// nucleotide -1

// particle -1
sphere {
	<32.462044, 28.692917, 31.859245> 0.250000
	pigment { color rgbt <1,0,0,0> }
	no_shadow
}
cylinder {
	<32.627724, 28.468262, 31.572748>,  <32.727131, 28.333469, 31.400850>, 0.100000
	pigment { color rgbt <1,0,0,0> }
	no_shadow
}
cylinder {
	<32.627724, 28.468262, 31.572748>,  <32.462044, 28.692917, 31.859245>, 0.100000
	pigment { color rgbt <1,0,0,0> }
	no_shadow
}

// particle -1
sphere {
	<32.627724, 28.468262, 31.572748> 0.100000
	pigment { color rgbt <1,0,0,0> }
	no_shadow
}
sphere {
	0, 1
	scale<0.080000,0.200000,0.300000>
	matrix <-0.194206, 0.714263, -0.672393,
		0.889226, 0.417604, 0.186775,
		0.414200, -0.561636, -0.716242,
		32.751984, 28.299770, 31.357876>
	pigment { color rgbt <0,1,1,0> }
	no_shadow
}
cylinder {
	<33.080959, 29.001276, 31.498543>,  <32.462044, 28.692917, 31.859245>, 0.130000
	pigment { color rgbt <1,0,0,0> }
	no_shadow
}

// nucleotide -1

// particle -1
sphere {
	<33.080959, 29.001276, 31.498543> 0.250000
	pigment { color rgbt <1,0,0,0> }
	no_shadow
}
cylinder {
	<32.835018, 28.769182, 31.284895>,  <32.687454, 28.629925, 31.156706>, 0.100000
	pigment { color rgbt <1,0,0,0> }
	no_shadow
}
cylinder {
	<32.835018, 28.769182, 31.284895>,  <33.080959, 29.001276, 31.498543>, 0.100000
	pigment { color rgbt <1,0,0,0> }
	no_shadow
}

// particle -1
sphere {
	<32.835018, 28.769182, 31.284895> 0.100000
	pigment { color rgbt <1,0,0,0> }
	no_shadow
}
sphere {
	0, 1
	scale<0.080000,0.200000,0.300000>
	matrix <-0.195141, 0.768136, -0.609825,
		0.764096, -0.270745, -0.585538,
		-0.614880, -0.580227, -0.534096,
		32.650562, 28.595112, 31.124659>
	pigment { color rgbt <0,1,1,0> }
	no_shadow
}
cylinder {
	<33.227322, 29.216814, 30.842093>,  <33.080959, 29.001276, 31.498543>, 0.130000
	pigment { color rgbt <1,0,0,0> }
	no_shadow
}

// nucleotide -1

// particle -1
sphere {
	<33.227322, 29.216814, 30.842093> 0.250000
	pigment { color rgbt <1,0,0,0> }
	no_shadow
}
cylinder {
	<32.884384, 29.012989, 30.812962>,  <32.678619, 28.890694, 30.795483>, 0.100000
	pigment { color rgbt <1,0,0,0> }
	no_shadow
}
cylinder {
	<32.884384, 29.012989, 30.812962>,  <33.227322, 29.216814, 30.842093>, 0.100000
	pigment { color rgbt <1,0,0,0> }
	no_shadow
}

// particle -1
sphere {
	<32.884384, 29.012989, 30.812962> 0.100000
	pigment { color rgbt <1,0,0,0> }
	no_shadow
}
sphere {
	0, 1
	scale<0.080000,0.200000,0.300000>
	matrix <-0.306596, 0.619176, -0.722924,
		0.413466, -0.597469, -0.687078,
		-0.857347, -0.509560, -0.072826,
		32.627178, 28.860121, 30.791113>
	pigment { color rgbt <0,1,1,0> }
	no_shadow
}
cylinder {
	<33.068718, 29.160831, 30.173462>,  <33.227322, 29.216814, 30.842093>, 0.130000
	pigment { color rgbt <1,0,0,0> }
	no_shadow
}

// nucleotide -1

// particle -1
sphere {
	<33.068718, 29.160831, 30.173462> 0.250000
	pigment { color rgbt <1,0,0,0> }
	no_shadow
}
cylinder {
	<32.704662, 29.114811, 30.332663>,  <32.486229, 29.087198, 30.428183>, 0.100000
	pigment { color rgbt <1,0,0,0> }
	no_shadow
}
cylinder {
	<32.704662, 29.114811, 30.332663>,  <33.068718, 29.160831, 30.173462>, 0.100000
	pigment { color rgbt <1,0,0,0> }
	no_shadow
}

// particle -1
sphere {
	<32.704662, 29.114811, 30.332663> 0.100000
	pigment { color rgbt <1,0,0,0> }
	no_shadow
}
sphere {
	0, 1
	scale<0.080000,0.200000,0.300000>
	matrix <-0.404448, 0.454966, -0.793365,
		-0.089802, -0.883046, -0.460615,
		-0.910141, -0.115049, 0.398003,
		32.431622, 29.080296, 30.452063>
	pigment { color rgbt <0,1,1,0> }
	no_shadow
}
cylinder {
	<32.905056, 29.844820, 30.125362>,  <33.068718, 29.160831, 30.173462>, 0.130000
	pigment { color rgbt <1,0,0,0> }
	no_shadow
}

// nucleotide -1

// particle -1
sphere {
	<32.905056, 29.844820, 30.125362> 0.250000
	pigment { color rgbt <1,0,0,0> }
	no_shadow
}
cylinder {
	<32.738640, 30.207983, 30.104889>,  <32.638790, 30.425880, 30.092604>, 0.100000
	pigment { color rgbt <1,0,0,0> }
	no_shadow
}
cylinder {
	<32.738640, 30.207983, 30.104889>,  <32.905056, 29.844820, 30.125362>, 0.100000
	pigment { color rgbt <1,0,0,0> }
	no_shadow
}

// particle -1
sphere {
	<32.738640, 30.207983, 30.104889> 0.100000
	pigment { color rgbt <1,0,0,0> }
	no_shadow
}
sphere {
	0, 1
	scale<0.080000,0.200000,0.300000>
	matrix <0.244431, 0.165868, 0.955375,
		0.875881, 0.384959, -0.290928,
		-0.416036, 0.907906, -0.051185,
		32.613831, 30.480354, 30.089533>
	pigment { color rgbt <0,1,1,0> }
	no_shadow
}
cylinder {
	<33.386284, 30.486124, 30.246582>,  <32.905056, 29.844820, 30.125362>, 0.130000
	pigment { color rgbt <1,0,0,0> }
	no_shadow
}

// nucleotide -1

// particle -1
sphere {
	<33.386284, 30.486124, 30.246582> 0.250000
	pigment { color rgbt <1,0,0,0> }
	no_shadow
}
cylinder {
	<33.008453, 30.596363, 30.317944>,  <32.781757, 30.662506, 30.360760>, 0.100000
	pigment { color rgbt <1,0,0,0> }
	no_shadow
}
cylinder {
	<33.008453, 30.596363, 30.317944>,  <33.386284, 30.486124, 30.246582>, 0.100000
	pigment { color rgbt <1,0,0,0> }
	no_shadow
}

// particle -1
sphere {
	<33.008453, 30.596363, 30.317944> 0.100000
	pigment { color rgbt <1,0,0,0> }
	no_shadow
}
sphere {
	0, 1
	scale<0.080000,0.200000,0.300000>
	matrix <0.232511, 0.177930, 0.956180,
		0.231779, 0.944662, -0.232148,
		-0.944573, 0.275599, 0.178404,
		32.725082, 30.679043, 30.371464>
	pigment { color rgbt <0,1,1,0> }
	no_shadow
}
cylinder {
	<33.869423, 31.089651, 30.170298>,  <33.386284, 30.486124, 30.246582>, 0.130000
	pigment { color rgbt <1,0,0,0> }
	no_shadow
}

// nucleotide -1

// particle -1
sphere {
	<33.869423, 31.089651, 30.170298> 0.250000
	pigment { color rgbt <1,0,0,0> }
	no_shadow
}
cylinder {
	<33.693848, 31.153118, 29.816538>,  <33.588505, 31.191198, 29.604282>, 0.100000
	pigment { color rgbt <1,0,0,0> }
	no_shadow
}
cylinder {
	<33.693848, 31.153118, 29.816538>,  <33.869423, 31.089651, 30.170298>, 0.100000
	pigment { color rgbt <1,0,0,0> }
	no_shadow
}

// particle -1
sphere {
	<33.693848, 31.153118, 29.816538> 0.100000
	pigment { color rgbt <1,0,0,0> }
	no_shadow
}
sphere {
	0, 1
	scale<0.080000,0.200000,0.300000>
	matrix <-0.320714, 0.891782, 0.319167,
		0.839331, 0.423733, -0.340549,
		-0.438937, 0.158668, -0.884398,
		33.562168, 31.200718, 29.551218>
	pigment { color rgbt <0,1,1,0> }
	no_shadow
}
cylinder {
	<34.152370, 31.746317, 29.768736>,  <33.869423, 31.089651, 30.170298>, 0.130000
	pigment { color rgbt <1,0,0,0> }
	no_shadow
}

// nucleotide -1

// particle -1
sphere {
	<34.152370, 31.746317, 29.768736> 0.250000
	pigment { color rgbt <1,0,0,0> }
	no_shadow
}
cylinder {
	<33.769798, 31.644936, 29.710760>,  <33.540257, 31.584106, 29.675974>, 0.100000
	pigment { color rgbt <1,0,0,0> }
	no_shadow
}
cylinder {
	<33.769798, 31.644936, 29.710760>,  <34.152370, 31.746317, 29.768736>, 0.100000
	pigment { color rgbt <1,0,0,0> }
	no_shadow
}

// particle -1
sphere {
	<33.769798, 31.644936, 29.710760> 0.100000
	pigment { color rgbt <1,0,0,0> }
	no_shadow
}
sphere {
	0, 1
	scale<0.080000,0.200000,0.300000>
	matrix <-0.289103, 0.891495, 0.348793,
		0.040811, 0.375498, -0.925924,
		-0.956428, -0.253453, -0.144940,
		33.482868, 31.568899, 29.667278>
	pigment { color rgbt <0,1,1,0> }
	no_shadow
}
cylinder {
	<33.807995, 32.254768, 29.382193>,  <34.152370, 31.746317, 29.768736>, 0.130000
	pigment { color rgbt <1,0,0,0> }
	no_shadow
}

// nucleotide -1

// particle -1
sphere {
	<33.807995, 32.254768, 29.382193> 0.250000
	pigment { color rgbt <1,0,0,0> }
	no_shadow
}
cylinder {
	<33.551037, 32.074074, 29.629824>,  <33.396862, 31.965656, 29.778402>, 0.100000
	pigment { color rgbt <1,0,0,0> }
	no_shadow
}
cylinder {
	<33.551037, 32.074074, 29.629824>,  <33.807995, 32.254768, 29.382193>, 0.100000
	pigment { color rgbt <1,0,0,0> }
	no_shadow
}

// particle -1
sphere {
	<33.551037, 32.074074, 29.629824> 0.100000
	pigment { color rgbt <1,0,0,0> }
	no_shadow
}
sphere {
	0, 1
	scale<0.080000,0.200000,0.300000>
	matrix <-0.255565, 0.887838, 0.382663,
		-0.722506, 0.087606, -0.685791,
		-0.642395, -0.451740, 0.619079,
		33.358318, 31.938551, 29.815548>
	pigment { color rgbt <0,1,1,0> }
	no_shadow
}
cylinder {
	<33.147614, 32.529900, 29.190809>,  <33.807995, 32.254768, 29.382193>, 0.130000
	pigment { color rgbt <1,0,0,0> }
	no_shadow
}

// nucleotide -1

// particle -1
sphere {
	<33.147614, 32.529900, 29.190809> 0.250000
	pigment { color rgbt <1,0,0,0> }
	no_shadow
}
cylinder {
	<33.111523, 32.412365, 29.571445>,  <33.089870, 32.341846, 29.799828>, 0.100000
	pigment { color rgbt <1,0,0,0> }
	no_shadow
}
cylinder {
	<33.111523, 32.412365, 29.571445>,  <33.147614, 32.529900, 29.190809>, 0.100000
	pigment { color rgbt <1,0,0,0> }
	no_shadow
}

// particle -1
sphere {
	<33.111523, 32.412365, 29.571445> 0.100000
	pigment { color rgbt <1,0,0,0> }
	no_shadow
}
sphere {
	0, 1
	scale<0.080000,0.200000,0.300000>
	matrix <-0.580262, 0.792063, 0.189558,
		-0.809417, -0.535068, -0.241965,
		-0.090225, -0.293835, 0.951588,
		33.084454, 32.324215, 29.856922>
	pigment { color rgbt <0,1,1,0> }
	no_shadow
}
cylinder {
	<32.489326, 32.734806, 29.450191>,  <33.147614, 32.529900, 29.190809>, 0.130000
	pigment { color rgbt <1,0,0,0> }
	no_shadow
}

// nucleotide -1

// particle -1
sphere {
	<32.489326, 32.734806, 29.450191> 0.250000
	pigment { color rgbt <1,0,0,0> }
	no_shadow
}
cylinder {
	<32.674786, 32.679264, 29.800219>,  <32.786060, 32.645939, 30.010235>, 0.100000
	pigment { color rgbt <1,0,0,0> }
	no_shadow
}
cylinder {
	<32.674786, 32.679264, 29.800219>,  <32.489326, 32.734806, 29.450191>, 0.100000
	pigment { color rgbt <1,0,0,0> }
	no_shadow
}

// particle -1
sphere {
	<32.674786, 32.679264, 29.800219> 0.100000
	pigment { color rgbt <1,0,0,0> }
	no_shadow
}
sphere {
	0, 1
	scale<0.080000,0.200000,0.300000>
	matrix <-0.466907, 0.801088, 0.374507,
		-0.753012, -0.582216, 0.306590,
		0.463650, -0.138858, 0.875070,
		32.813881, 32.637608, 30.062740>
	pigment { color rgbt <0,1,1,0> }
	no_shadow
}
cylinder {
	<31.958937, 32.722824, 29.847296>,  <32.489326, 32.734806, 29.450191>, 0.130000
	pigment { color rgbt <1,0,0,0> }
	no_shadow
}

// nucleotide -1

// particle -1
sphere {
	<31.958937, 32.722824, 29.847296> 0.250000
	pigment { color rgbt <1,0,0,0> }
	no_shadow
}
cylinder {
	<32.269611, 32.802422, 30.086348>,  <32.456017, 32.850182, 30.229778>, 0.100000
	pigment { color rgbt <1,0,0,0> }
	no_shadow
}
cylinder {
	<32.269611, 32.802422, 30.086348>,  <31.958937, 32.722824, 29.847296>, 0.100000
	pigment { color rgbt <1,0,0,0> }
	no_shadow
}

// particle -1
sphere {
	<32.269611, 32.802422, 30.086348> 0.100000
	pigment { color rgbt <1,0,0,0> }
	no_shadow
}
sphere {
	0, 1
	scale<0.080000,0.200000,0.300000>
	matrix <-0.558824, 0.655482, 0.507995,
		-0.290649, -0.728522, 0.620305,
		0.776684, 0.198993, 0.597631,
		32.502617, 32.862118, 30.265636>
	pigment { color rgbt <0,1,1,0> }
	no_shadow
}
cylinder {
	<31.630215, 32.775536, 30.539043>,  <31.958937, 32.722824, 29.847296>, 0.130000
	pigment { color rgbt <1,0,0,0> }
	no_shadow
}

// nucleotide -1

// particle -1
sphere {
	<31.630215, 32.775536, 30.539043> 0.250000
	pigment { color rgbt <1,0,0,0> }
	no_shadow
}
cylinder {
	<31.991205, 32.947300, 30.552546>,  <32.207802, 33.050358, 30.560646>, 0.100000
	pigment { color rgbt <1,0,0,0> }
	no_shadow
}
cylinder {
	<31.991205, 32.947300, 30.552546>,  <31.630215, 32.775536, 30.539043>, 0.100000
	pigment { color rgbt <1,0,0,0> }
	no_shadow
}

// particle -1
sphere {
	<31.991205, 32.947300, 30.552546> 0.100000
	pigment { color rgbt <1,0,0,0> }
	no_shadow
}
sphere {
	0, 1
	scale<0.080000,0.200000,0.300000>
	matrix <-0.364204, 0.718896, 0.592068,
		0.229976, -0.546621, 0.805181,
		0.902478, 0.429412, 0.033753,
		32.261948, 33.076122, 30.562672>
	pigment { color rgbt <0,1,1,0> }
	no_shadow
}
cylinder {
	<31.802673, 32.900597, 31.230639>,  <31.630215, 32.775536, 30.539043>, 0.130000
	pigment { color rgbt <1,0,0,0> }
	no_shadow
}

// nucleotide -1

// particle -1
sphere {
	<31.802673, 32.900597, 31.230639> 0.250000
	pigment { color rgbt <1,0,0,0> }
	no_shadow
}
cylinder {
	<32.036472, 33.154739, 31.028772>,  <32.176750, 33.307224, 30.907652>, 0.100000
	pigment { color rgbt <1,0,0,0> }
	no_shadow
}
cylinder {
	<32.036472, 33.154739, 31.028772>,  <31.802673, 32.900597, 31.230639>, 0.100000
	pigment { color rgbt <1,0,0,0> }
	no_shadow
}

// particle -1
sphere {
	<32.036472, 33.154739, 31.028772> 0.100000
	pigment { color rgbt <1,0,0,0> }
	no_shadow
}
sphere {
	0, 1
	scale<0.080000,0.200000,0.300000>
	matrix <-0.255915, 0.734581, 0.628409,
		0.769984, -0.238148, 0.591955,
		0.584493, 0.635355, -0.504670,
		32.211823, 33.345345, 30.877373>
	pigment { color rgbt <0,1,1,0> }
	no_shadow
}
cylinder {
	<32.347198, 33.192818, 31.719736>,  <31.802673, 32.900597, 31.230639>, 0.130000
	pigment { color rgbt <1,0,0,0> }
	no_shadow
}

// nucleotide -1

// particle -1
sphere {
	<32.347198, 33.192818, 31.719736> 0.250000
	pigment { color rgbt <1,0,0,0> }
	no_shadow
}
cylinder {
	<32.294849, 33.423889, 31.397453>,  <32.263439, 33.562531, 31.204084>, 0.100000
	pigment { color rgbt <1,0,0,0> }
	no_shadow
}
cylinder {
	<32.294849, 33.423889, 31.397453>,  <32.347198, 33.192818, 31.719736>, 0.100000
	pigment { color rgbt <1,0,0,0> }
	no_shadow
}

// particle -1
sphere {
	<32.294849, 33.423889, 31.397453> 0.100000
	pigment { color rgbt <1,0,0,0> }
	no_shadow
}
sphere {
	0, 1
	scale<0.080000,0.200000,0.300000>
