// switches for output
#declare DRAW_BASES = 1; // possible values are 0, 1; only relevant for DNA ribbons
#declare DRAW_BASES_TYPE = 3; // possible values are 1, 2, 3; only relevant for DNA ribbons
#declare DRAW_FOG = 0; // set to 1 to enable fog

#include "colors.inc"

#include "transforms.inc"
background { rgb <1, 1, 1>}

#default {
   normal{
       ripples 0.25
       frequency 0.20
       turbulence 0.2
       lambda 5
   }
	finish {
		phong 0.1
		phong_size 40.
	}
}

// original window dimensions: 1024x640


// camera settings

camera {
	sky <0, 0.179814, -0.983701>
	up <0, 0.179814, -0.983701>
	right 1.6 * <1, 0, 0>
	location <35, 94.9851, 44.8844>
	look_at <35, 29.7336, 32.9568>
	direction <0, -65.2515, -11.9276>
	angle 67.0682
}


# declare cpy_camera_pos = <35, 94.9851, 44.8844>;
# if (DRAW_FOG = 1)
fog {
	fog_type 2
	up vnormalize(cpy_camera_pos)
	color rgbt<1,1,1,0.3>
	distance 1e-5
	fog_alt 3e-3
	fog_offset 56
}
# end


// LIGHTS

# declare lum = 6;
global_settings {
	ambient_light rgb lum * <0.05, 0.05, 0.05>
	max_trace_level 15
}# declare cpy_direct_light_amount = 0.25;
light_source
{	1000 * <-1, -1.16352, -0.803886>,
	rgb lum * cpy_direct_light_amount
	parallel
}

light_source
{	1000 * <1, 1.16352, 0.803886>,
	rgb lum * cpy_direct_light_amount
	parallel
}

// strand 0

// nucleotide -1

// particle -1
sphere {
	<24.857849, 34.762421, 34.678062> 0.250000
	pigment { color rgbt <1,0,0,0> }
	no_shadow
}
cylinder {
	<24.752672, 34.928688, 35.026333>,  <24.689566, 35.028450, 35.235294>, 0.100000
	pigment { color rgbt <1,0,0,0> }
	no_shadow
}
cylinder {
	<24.752672, 34.928688, 35.026333>,  <24.857849, 34.762421, 34.678062>, 0.100000
	pigment { color rgbt <1,0,0,0> }
	no_shadow
}

// particle -1
sphere {
	<24.752672, 34.928688, 35.026333> 0.100000
	pigment { color rgbt <1,0,0,0> }
	no_shadow
}
sphere {
	0, 1
	scale<0.080000,0.200000,0.300000>
	matrix <0.949211, -0.050179, 0.310614,
		0.172804, 0.908129, -0.381367,
		-0.262941, 0.415673, 0.870677,
		24.673790, 35.053391, 35.287537>
	pigment { color rgbt <0,1,1,0> }
	no_shadow
}
cylinder {
	<25.428679, 35.064030, 34.777489>,  <24.857849, 34.762421, 34.678062>, 0.130000
	pigment { color rgbt <1,0,0,0> }
	no_shadow
}

// nucleotide -1

// particle -1
sphere {
	<25.428679, 35.064030, 34.777489> 0.250000
	pigment { color rgbt <1,0,0,0> }
	no_shadow
}
cylinder {
	<25.251682, 34.977398, 35.125580>,  <25.145485, 34.925419, 35.334435>, 0.100000
	pigment { color rgbt <1,0,0,0> }
	no_shadow
}
cylinder {
	<25.251682, 34.977398, 35.125580>,  <25.428679, 35.064030, 34.777489>, 0.100000
	pigment { color rgbt <1,0,0,0> }
	no_shadow
}

// particle -1
sphere {
	<25.251682, 34.977398, 35.125580> 0.100000
	pigment { color rgbt <1,0,0,0> }
	no_shadow
}
sphere {
	0, 1
	scale<0.080000,0.200000,0.300000>
	matrix <0.871617, -0.332104, 0.360543,
		0.210923, 0.918043, 0.335723,
		-0.442489, -0.216575, 0.870229,
		25.118937, 34.912426, 35.386650>
	pigment { color rgbt <0,1,1,0> }
	no_shadow
}
cylinder {
	<25.752239, 35.499767, 35.434601>,  <25.428679, 35.064030, 34.777489>, 0.130000
	pigment { color rgbt <1,0,0,0> }
	no_shadow
}

// nucleotide -1

// particle -1
sphere {
	<25.752239, 35.499767, 35.434601> 0.250000
	pigment { color rgbt <1,0,0,0> }
	no_shadow
}
cylinder {
	<25.612007, 35.125786, 35.456310>,  <25.527868, 34.901398, 35.469337>, 0.100000
	pigment { color rgbt <1,0,0,0> }
	no_shadow
}
cylinder {
	<25.612007, 35.125786, 35.456310>,  <25.752239, 35.499767, 35.434601>, 0.100000
	pigment { color rgbt <1,0,0,0> }
	no_shadow
}

// particle -1
sphere {
	<25.612007, 35.125786, 35.456310> 0.100000
	pigment { color rgbt <1,0,0,0> }
	no_shadow
}
sphere {
	0, 1
	scale<0.080000,0.200000,0.300000>
	matrix <0.857641, -0.297230, 0.419651,
		-0.376225, 0.193669, 0.906061,
		-0.350582, -0.934958, 0.054273,
		25.506832, 34.845299, 35.472591>
	pigment { color rgbt <0,1,1,0> }
	no_shadow
}
cylinder {
	<26.160751, 35.350510, 35.966179>,  <25.752239, 35.499767, 35.434601>, 0.130000
	pigment { color rgbt <1,0,0,0> }
	no_shadow
}

// nucleotide -1

// particle -1
sphere {
	<26.160751, 35.350510, 35.966179> 0.250000
	pigment { color rgbt <1,0,0,0> }
	no_shadow
}
cylinder {
	<26.020819, 35.012970, 35.803429>,  <25.936859, 34.810448, 35.705780>, 0.100000
	pigment { color rgbt <1,0,0,0> }
	no_shadow
}
cylinder {
	<26.020819, 35.012970, 35.803429>,  <26.160751, 35.350510, 35.966179>, 0.100000
	pigment { color rgbt <1,0,0,0> }
	no_shadow
}

// particle -1
sphere {
	<26.020819, 35.012970, 35.803429> 0.100000
	pigment { color rgbt <1,0,0,0> }
	no_shadow
}
sphere {
	0, 1
	scale<0.080000,0.200000,0.300000>
	matrix <0.868522, -0.454927, 0.196752,
		-0.351126, -0.284548, 0.892045,
		-0.349830, -0.843845, -0.406873,
		25.915871, 34.759815, 35.681366>
	pigment { color rgbt <0,1,1,0> }
	no_shadow
}
cylinder {
	<26.127569, 34.698425, 36.510715>,  <26.160751, 35.350510, 35.966179>, 0.130000
	pigment { color rgbt <1,0,0,0> }
	no_shadow
}

// nucleotide -1

// particle -1
sphere {
	<26.127569, 34.698425, 36.510715> 0.250000
	pigment { color rgbt <1,0,0,0> }
	no_shadow
}
cylinder {
	<26.204693, 34.646198, 36.121712>,  <26.250967, 34.614864, 35.888309>, 0.100000
	pigment { color rgbt <1,0,0,0> }
	no_shadow
}
cylinder {
	<26.204693, 34.646198, 36.121712>,  <26.127569, 34.698425, 36.510715>, 0.100000
	pigment { color rgbt <1,0,0,0> }
	no_shadow
}

// particle -1
sphere {
	<26.204693, 34.646198, 36.121712> 0.100000
	pigment { color rgbt <1,0,0,0> }
	no_shadow
}
sphere {
	0, 1
	scale<0.080000,0.200000,0.300000>
	matrix <0.871478, -0.432694, 0.230871,
		-0.450943, -0.892037, 0.030355,
		0.192811, -0.130563, -0.972511,
		26.262537, 34.607029, 35.829960>
	pigment { color rgbt <0,1,1,0> }
	no_shadow
}
cylinder {
	<26.095547, 34.005302, 36.246410>,  <26.127569, 34.698425, 36.510715>, 0.130000
	pigment { color rgbt <1,0,0,0> }
	no_shadow
}

// nucleotide -1

// particle -1
sphere {
	<26.095547, 34.005302, 36.246410> 0.250000
	pigment { color rgbt <1,0,0,0> }
	no_shadow
}
cylinder {
	<26.350309, 34.202862, 36.009628>,  <26.503168, 34.321396, 35.867558>, 0.100000
	pigment { color rgbt <1,0,0,0> }
	no_shadow
}
cylinder {
	<26.350309, 34.202862, 36.009628>,  <26.095547, 34.005302, 36.246410>, 0.100000
	pigment { color rgbt <1,0,0,0> }
	no_shadow
}

// particle -1
sphere {
	<26.350309, 34.202862, 36.009628> 0.100000
	pigment { color rgbt <1,0,0,0> }
	no_shadow
}
sphere {
	0, 1
	scale<0.080000,0.200000,0.300000>
	matrix <0.726863, -0.640608, 0.247572,
		-0.256939, -0.587954, -0.767003,
		0.636909, 0.493895, -0.591959,
		26.541382, 34.351028, 35.832039>
	pigment { color rgbt <0,1,1,0> }
	no_shadow
}
cylinder {
	<26.514091, 33.517323, 35.929840>,  <26.095547, 34.005302, 36.246410>, 0.130000
	pigment { color rgbt <1,0,0,0> }
	no_shadow
}

// nucleotide -1

// particle -1
sphere {
	<26.514091, 33.517323, 35.929840> 0.250000
	pigment { color rgbt <1,0,0,0> }
	no_shadow
}
cylinder {
	<26.734369, 33.850933, 35.943287>,  <26.866535, 34.051102, 35.951355>, 0.100000
	pigment { color rgbt <1,0,0,0> }
	no_shadow
}
cylinder {
	<26.734369, 33.850933, 35.943287>,  <26.514091, 33.517323, 35.929840>, 0.100000
	pigment { color rgbt <1,0,0,0> }
	no_shadow
}

// particle -1
sphere {
	<26.734369, 33.850933, 35.943287> 0.100000
	pigment { color rgbt <1,0,0,0> }
	no_shadow
}
sphere {
	0, 1
	scale<0.080000,0.200000,0.300000>
	matrix <0.826340, -0.550420, 0.119161,
		0.117887, -0.037842, -0.992306,
		0.550694, 0.834030, 0.033617,
		26.899578, 34.101143, 35.953373>
	pigment { color rgbt <0,1,1,0> }
	no_shadow
}
cylinder {
	<27.219435, 33.427132, 35.521404>,  <26.514091, 33.517323, 35.929840>, 0.130000
	pigment { color rgbt <1,0,0,0> }
	no_shadow
}

// nucleotide -1

// particle -1
sphere {
	<27.219435, 33.427132, 35.521404> 0.250000
	pigment { color rgbt <1,0,0,0> }
	no_shadow
}
cylinder {
	<27.279520, 33.710609, 35.797138>,  <27.315571, 33.880695, 35.962578>, 0.100000
	pigment { color rgbt <1,0,0,0> }
	no_shadow
}
cylinder {
	<27.279520, 33.710609, 35.797138>,  <27.219435, 33.427132, 35.521404>, 0.100000
	pigment { color rgbt <1,0,0,0> }
	no_shadow
}

// particle -1
sphere {
	<27.279520, 33.710609, 35.797138> 0.100000
	pigment { color rgbt <1,0,0,0> }
	no_shadow
}
sphere {
	0, 1
	scale<0.080000,0.200000,0.300000>
	matrix <0.818342, -0.480368, 0.315537,
		0.554755, 0.516714, -0.652115,
		0.150212, 0.708698, 0.689335,
		27.324583, 33.923218, 36.003941>
	pigment { color rgbt <0,1,1,0> }
	no_shadow
}
cylinder {
	<27.857616, 33.731209, 35.365345>,  <27.219435, 33.427132, 35.521404>, 0.130000
	pigment { color rgbt <1,0,0,0> }
	no_shadow
}

// nucleotide -1

// particle -1
sphere {
	<27.857616, 33.731209, 35.365345> 0.250000
	pigment { color rgbt <1,0,0,0> }
	no_shadow
}
cylinder {
	<27.790386, 33.820320, 35.749454>,  <27.750048, 33.873787, 35.979919>, 0.100000
	pigment { color rgbt <1,0,0,0> }
	no_shadow
}
cylinder {
	<27.790386, 33.820320, 35.749454>,  <27.857616, 33.731209, 35.365345>, 0.100000
	pigment { color rgbt <1,0,0,0> }
	no_shadow
}

// particle -1
sphere {
	<27.790386, 33.820320, 35.749454> 0.100000
	pigment { color rgbt <1,0,0,0> }
	no_shadow
}
sphere {
	0, 1
	scale<0.080000,0.200000,0.300000>
	matrix <0.929922, -0.287407, 0.229440,
		0.327103, 0.931540, -0.158860,
		-0.168076, 0.222778, 0.960271,
		27.739964, 33.887154, 36.037537>
	pigment { color rgbt <0,1,1,0> }
	no_shadow
}
cylinder {
	<28.413641, 34.202271, 35.612762>,  <27.857616, 33.731209, 35.365345>, 0.130000
	pigment { color rgbt <1,0,0,0> }
	no_shadow
}

// nucleotide -1

// particle -1
sphere {
	<28.413641, 34.202271, 35.612762> 0.250000
	pigment { color rgbt <1,0,0,0> }
	no_shadow
}
cylinder {
	<28.252787, 34.025688, 35.933613>,  <28.156275, 33.919739, 36.126122>, 0.100000
	pigment { color rgbt <1,0,0,0> }
	no_shadow
}
cylinder {
	<28.252787, 34.025688, 35.933613>,  <28.413641, 34.202271, 35.612762>, 0.100000
	pigment { color rgbt <1,0,0,0> }
	no_shadow
}

// particle -1
sphere {
	<28.252787, 34.025688, 35.933613> 0.100000
	pigment { color rgbt <1,0,0,0> }
	no_shadow
}
sphere {
	0, 1
	scale<0.080000,0.200000,0.300000>
	matrix <0.914613, -0.153421, 0.374092,
		-0.042082, 0.884069, 0.465458,
		-0.402134, -0.441457, 0.802125,
		28.132147, 33.893250, 36.174252>
	pigment { color rgbt <0,1,1,0> }
	no_shadow
}
cylinder {
	<28.854103, 34.379230, 36.082378>,  <28.413641, 34.202271, 35.612762>, 0.130000
	pigment { color rgbt <1,0,0,0> }
	no_shadow
}

// nucleotide -1

// particle -1
sphere {
	<28.854103, 34.379230, 36.082378> 0.250000
	pigment { color rgbt <1,0,0,0> }
	no_shadow
}
cylinder {
	<28.656328, 34.085285, 36.268066>,  <28.537664, 33.908916, 36.379478>, 0.100000
	pigment { color rgbt <1,0,0,0> }
	no_shadow
}
cylinder {
	<28.656328, 34.085285, 36.268066>,  <28.854103, 34.379230, 36.082378>, 0.100000
	pigment { color rgbt <1,0,0,0> }
	no_shadow
}

// particle -1
sphere {
	<28.656328, 34.085285, 36.268066> 0.100000
	pigment { color rgbt <1,0,0,0> }
	no_shadow
}
sphere {
	0, 1
	scale<0.080000,0.200000,0.300000>
	matrix <0.841761, -0.271648, 0.466525,
		-0.216729, 0.621431, 0.752896,
		-0.494435, -0.734868, 0.464223,
		28.507998, 33.864826, 36.407333>
	pigment { color rgbt <0,1,1,0> }
	no_shadow
}
cylinder {
	<29.048796, 34.507957, 36.804115>,  <28.854103, 34.379230, 36.082378>, 0.130000
	pigment { color rgbt <1,0,0,0> }
	no_shadow
}

// nucleotide -1

// particle -1
sphere {
	<29.048796, 34.507957, 36.804115> 0.250000
	pigment { color rgbt <1,0,0,0> }
	no_shadow
}
cylinder {
	<28.939064, 34.125259, 36.765358>,  <28.873224, 33.895641, 36.742104>, 0.100000
	pigment { color rgbt <1,0,0,0> }
	no_shadow
}
cylinder {
	<28.939064, 34.125259, 36.765358>,  <29.048796, 34.507957, 36.804115>, 0.100000
	pigment { color rgbt <1,0,0,0> }
	no_shadow
}

// particle -1
sphere {
	<28.939064, 34.125259, 36.765358> 0.100000
	pigment { color rgbt <1,0,0,0> }
	no_shadow
}
sphere {
	0, 1
	scale<0.080000,0.200000,0.300000>
	matrix <0.900459, -0.290935, 0.323313,
		-0.337516, 0.001446, 0.941319,
		-0.274330, -0.956742, -0.096893,
		28.856766, 33.838238, 36.736290>
	pigment { color rgbt <0,1,1,0> }
	no_shadow
}
cylinder {
	<29.113655, 34.160645, 37.510769>,  <29.048796, 34.507957, 36.804115>, 0.130000
	pigment { color rgbt <1,0,0,0> }
	no_shadow
}

// nucleotide -1

// particle -1
sphere {
	<29.113655, 34.160645, 37.510769> 0.250000
	pigment { color rgbt <1,0,0,0> }
	no_shadow
}
cylinder {
	<29.126184, 33.880085, 37.225937>,  <29.133701, 33.711750, 37.055038>, 0.100000
	pigment { color rgbt <1,0,0,0> }
	no_shadow
}
cylinder {
	<29.126184, 33.880085, 37.225937>,  <29.113655, 34.160645, 37.510769>, 0.100000
	pigment { color rgbt <1,0,0,0> }
	no_shadow
}

// particle -1
sphere {
	<29.126184, 33.880085, 37.225937> 0.100000
	pigment { color rgbt <1,0,0,0> }
	no_shadow
}
sphere {
	0, 1
	scale<0.080000,0.200000,0.300000>
	matrix <0.937035, -0.227320, 0.265125,
		-0.347828, -0.675553, 0.650111,
		0.031323, -0.701395, -0.712085,
		29.135582, 33.669666, 37.012310>
	pigment { color rgbt <0,1,1,0> }
	no_shadow
}
cylinder {
	<29.534267, 33.560081, 37.845692>,  <29.113655, 34.160645, 37.510769>, 0.130000
	pigment { color rgbt <1,0,0,0> }
	no_shadow
}

// nucleotide -1

// particle -1
sphere {
	<29.534267, 33.560081, 37.845692> 0.250000
	pigment { color rgbt <1,0,0,0> }
	no_shadow
}
cylinder {
	<29.537380, 33.481735, 37.453453>,  <29.539248, 33.434727, 37.218109>, 0.100000
	pigment { color rgbt <1,0,0,0> }
	no_shadow
}
cylinder {
	<29.537380, 33.481735, 37.453453>,  <29.534267, 33.560081, 37.845692>, 0.100000
	pigment { color rgbt <1,0,0,0> }
	no_shadow
}

// particle -1
sphere {
	<29.537380, 33.481735, 37.453453> 0.100000
	pigment { color rgbt <1,0,0,0> }
	no_shadow
}
sphere {
	0, 1
	scale<0.080000,0.200000,0.300000>
	matrix <0.930246, -0.358341, 0.078958,
		-0.366854, -0.912814, 0.179412,
		0.007784, -0.195863, -0.980600,
		29.539715, 33.422977, 37.159271>
	pigment { color rgbt <0,1,1,0> }
	no_shadow
}
cylinder {
	<29.954926, 33.023575, 37.770504>,  <29.534267, 33.560081, 37.845692>, 0.130000
	pigment { color rgbt <1,0,0,0> }
	no_shadow
}

// nucleotide -1

// particle -1
sphere {
	<29.954926, 33.023575, 37.770504> 0.250000
	pigment { color rgbt <1,0,0,0> }
	no_shadow
}
cylinder {
	<29.996332, 33.158855, 37.396358>,  <30.021175, 33.240025, 37.171871>, 0.100000
	pigment { color rgbt <1,0,0,0> }
	no_shadow
}
cylinder {
	<29.996332, 33.158855, 37.396358>,  <29.954926, 33.023575, 37.770504>, 0.100000
	pigment { color rgbt <1,0,0,0> }
	no_shadow
}

// particle -1
sphere {
	<29.996332, 33.158855, 37.396358> 0.100000
	pigment { color rgbt <1,0,0,0> }
	no_shadow
}
sphere {
	0, 1
	scale<0.080000,0.200000,0.300000>
	matrix <0.992019, -0.103176, 0.072481,
		-0.071994, -0.935401, -0.346183,
		0.103517, 0.338201, -0.935363,
		30.027388, 33.260315, 37.115749>
	pigment { color rgbt <0,1,1,0> }
	no_shadow
}
cylinder {
	<30.593111, 32.761227, 37.538380>,  <29.954926, 33.023575, 37.770504>, 0.130000
	pigment { color rgbt <1,0,0,0> }
	no_shadow
}

// nucleotide -1

// particle -1
sphere {
	<30.593111, 32.761227, 37.538380> 0.250000
	pigment { color rgbt <1,0,0,0> }
	no_shadow
}
cylinder {
	<30.526268, 33.081898, 37.308807>,  <30.486162, 33.274300, 37.171066>, 0.100000
	pigment { color rgbt <1,0,0,0> }
	no_shadow
}
cylinder {
	<30.526268, 33.081898, 37.308807>,  <30.593111, 32.761227, 37.538380>, 0.100000
	pigment { color rgbt <1,0,0,0> }
	no_shadow
}

// particle -1
sphere {
	<30.526268, 33.081898, 37.308807> 0.100000
	pigment { color rgbt <1,0,0,0> }
	no_shadow
}
sphere {
	0, 1
	scale<0.080000,0.200000,0.300000>
	matrix <0.985532, 0.119101, -0.120593,
		-0.028321, -0.585777, -0.809977,
		-0.167110, 0.801673, -0.573929,
		30.476135, 33.322399, 37.136627>
	pigment { color rgbt <0,1,1,0> }
	no_shadow
}
cylinder {
	<31.068310, 32.683502, 36.969421>,  <30.593111, 32.761227, 37.538380>, 0.130000
	pigment { color rgbt <1,0,0,0> }
	no_shadow
}

// nucleotide -1

// particle -1
sphere {
	<31.068310, 32.683502, 36.969421> 0.250000
	pigment { color rgbt <1,0,0,0> }
	no_shadow
}
cylinder {
	<30.971157, 33.071163, 36.986156>,  <30.912865, 33.303761, 36.996197>, 0.100000
	pigment { color rgbt <1,0,0,0> }
	no_shadow
}
cylinder {
	<30.971157, 33.071163, 36.986156>,  <31.068310, 32.683502, 36.969421>, 0.100000
	pigment { color rgbt <1,0,0,0> }
	no_shadow
}

// particle -1
sphere {
	<30.971157, 33.071163, 36.986156> 0.100000
	pigment { color rgbt <1,0,0,0> }
	no_shadow
}
sphere {
	0, 1
	scale<0.080000,0.200000,0.300000>
	matrix <0.969901, 0.243387, -0.007360,
		-0.017316, 0.038793, -0.999097,
		-0.242882, 0.969153, 0.041840,
		30.898293, 33.361908, 36.998707>
	pigment { color rgbt <0,1,1,0> }
	no_shadow
}
cylinder {
	<31.403053, 33.043686, 36.406166>,  <31.068310, 32.683502, 36.969421>, 0.130000
	pigment { color rgbt <1,0,0,0> }
	no_shadow
}

// nucleotide -1

// particle -1
sphere {
	<31.403053, 33.043686, 36.406166> 0.250000
	pigment { color rgbt <1,0,0,0> }
	no_shadow
}
cylinder {
	<31.329315, 33.316223, 36.689514>,  <31.285072, 33.479744, 36.859524>, 0.100000
	pigment { color rgbt <1,0,0,0> }
	no_shadow
}
cylinder {
	<31.329315, 33.316223, 36.689514>,  <31.403053, 33.043686, 36.406166>, 0.100000
	pigment { color rgbt <1,0,0,0> }
	no_shadow
}

// particle -1
sphere {
	<31.329315, 33.316223, 36.689514> 0.100000
	pigment { color rgbt <1,0,0,0> }
	no_shadow
}
sphere {
	0, 1
	scale<0.080000,0.200000,0.300000>
	matrix <0.948125, 0.313192, -0.054501,
		-0.258990, 0.661580, -0.703730,
		-0.184345, 0.681340, 0.708374,
		31.274012, 33.520626, 36.902027>
	pigment { color rgbt <0,1,1,0> }
	no_shadow
}
cylinder {
	<31.673944, 33.656208, 36.132576>,  <31.403053, 33.043686, 36.406166>, 0.130000
	pigment { color rgbt <1,0,0,0> }
	no_shadow
}

// nucleotide -1

// particle -1
sphere {
	<31.673944, 33.656208, 36.132576> 0.250000
	pigment { color rgbt <1,0,0,0> }
	no_shadow
}
cylinder {
	<31.637949, 33.771103, 36.514027>,  <31.616352, 33.840038, 36.742897>, 0.100000
	pigment { color rgbt <1,0,0,0> }
	no_shadow
}
cylinder {
	<31.637949, 33.771103, 36.514027>,  <31.673944, 33.656208, 36.132576>, 0.100000
	pigment { color rgbt <1,0,0,0> }
	no_shadow
}

// particle -1
sphere {
	<31.637949, 33.771103, 36.514027> 0.100000
	pigment { color rgbt <1,0,0,0> }
	no_shadow
}
sphere {
	0, 1
	scale<0.080000,0.200000,0.300000>
	matrix <0.967268, 0.253315, 0.014974,
		-0.237266, 0.923757, -0.300630,
		-0.089986, 0.287237, 0.953623,
		31.610952, 33.857273, 36.800114>
	pigment { color rgbt <0,1,1,0> }
	no_shadow
}
cylinder {
	<31.923290, 34.376835, 36.296249>,  <31.673944, 33.656208, 36.132576>, 0.130000
	pigment { color rgbt <1,0,0,0> }
	no_shadow
}

// nucleotide -1

// particle -1
sphere {
	<31.923290, 34.376835, 36.296249> 0.250000
	pigment { color rgbt <1,0,0,0> }
	no_shadow
}
cylinder {
	<31.946936, 34.222210, 36.664398>,  <31.961123, 34.129436, 36.885288>, 0.100000
	pigment { color rgbt <1,0,0,0> }
	no_shadow
}
cylinder {
	<31.946936, 34.222210, 36.664398>,  <31.923290, 34.376835, 36.296249>, 0.100000
	pigment { color rgbt <1,0,0,0> }
	no_shadow
}

// particle -1
sphere {
	<31.946936, 34.222210, 36.664398> 0.100000
	pigment { color rgbt <1,0,0,0> }
	no_shadow
}
sphere {
	0, 1
	scale<0.080000,0.200000,0.300000>
	matrix <0.975486, 0.218149, 0.028968,
		-0.211975, 0.896094, 0.389978,
		0.059115, -0.386558, 0.920368,
		31.964670, 34.106243, 36.940510>
	pigment { color rgbt <0,1,1,0> }
	no_shadow
}
cylinder {
	<32.445702, 34.711628, 36.629055>,  <31.923290, 34.376835, 36.296249>, 0.130000
	pigment { color rgbt <1,0,0,0> }
	no_shadow
}

// nucleotide -1

// particle -1
sphere {
	<32.445702, 34.711628, 36.629055> 0.250000
	pigment { color rgbt <1,0,0,0> }
	no_shadow
}
cylinder {
	<32.394062, 34.400890, 36.875580>,  <32.363079, 34.214447, 37.023495>, 0.100000
	pigment { color rgbt <1,0,0,0> }
	no_shadow
}
cylinder {
	<32.394062, 34.400890, 36.875580>,  <32.445702, 34.711628, 36.629055>, 0.100000
	pigment { color rgbt <1,0,0,0> }
	no_shadow
}

// particle -1
sphere {
	<32.394062, 34.400890, 36.875580> 0.100000
	pigment { color rgbt <1,0,0,0> }
	no_shadow
}
sphere {
	0, 1
	scale<0.080000,0.200000,0.300000>
	matrix <0.964817, 0.045154, 0.259015,
		-0.229044, 0.628068, 0.743687,
		-0.129098, -0.776848, 0.616313,
		32.355331, 34.167835, 37.060474>
	pigment { color rgbt <0,1,1,0> }
	no_shadow
}
cylinder {
	<32.575287, 34.995560, 37.194901>,  <32.445702, 34.711628, 36.629055>, 0.130000
	pigment { color rgbt <1,0,0,0> }
	no_shadow
}

// nucleotide -1

// particle -1
sphere {
	<32.575287, 34.995560, 37.194901> 0.250000
	pigment { color rgbt <1,0,0,0> }
	no_shadow
}
cylinder {
	<32.619328, 34.599636, 37.231026>,  <32.645752, 34.362083, 37.252701>, 0.100000
	pigment { color rgbt <1,0,0,0> }
	no_shadow
}
cylinder {
	<32.619328, 34.599636, 37.231026>,  <32.575287, 34.995560, 37.194901>, 0.100000
	pigment { color rgbt <1,0,0,0> }
	no_shadow
}

// particle -1
sphere {
	<32.619328, 34.599636, 37.231026> 0.100000
	pigment { color rgbt <1,0,0,0> }
	no_shadow
}
sphere {
	0, 1
	scale<0.080000,0.200000,0.300000>
	matrix <0.977473, 0.124298, 0.170575,
		-0.180062, 0.069500, 0.981197,
		0.110106, -0.989808, 0.090315,
		32.652359, 34.302692, 37.258121>
	pigment { color rgbt <0,1,1,0> }
	no_shadow
}
cylinder {
	<32.913857, 34.893764, 37.809776>,  <32.575287, 34.995560, 37.194901>, 0.130000
	pigment { color rgbt <1,0,0,0> }
	no_shadow
}

// nucleotide -1

// particle -1
sphere {
	<32.913857, 34.893764, 37.809776> 0.250000
	pigment { color rgbt <1,0,0,0> }
	no_shadow
}
cylinder {
	<32.964851, 34.549873, 37.611938>,  <32.995449, 34.343540, 37.493237>, 0.100000
	pigment { color rgbt <1,0,0,0> }
	no_shadow
}
cylinder {
	<32.964851, 34.549873, 37.611938>,  <32.913857, 34.893764, 37.809776>, 0.100000
	pigment { color rgbt <1,0,0,0> }
	no_shadow
}

// particle -1
sphere {
	<32.964851, 34.549873, 37.611938> 0.100000
	pigment { color rgbt <1,0,0,0> }
	no_shadow
}
sphere {
	0, 1
	scale<0.080000,0.200000,0.300000>
	matrix <0.942153, -0.050885, 0.331297,
		-0.309991, -0.508217, 0.803506,
		0.127484, -0.859725, -0.494592,
		33.003098, 34.291958, 37.463562>
	pigment { color rgbt <0,1,1,0> }
	no_shadow
}
cylinder {
	<33.276146, 34.563023, 38.284241>,  <32.913857, 34.893764, 37.809776>, 0.130000
	pigment { color rgbt <1,0,0,0> }
	no_shadow
}

// nucleotide -1

// particle -1
sphere {
	<33.276146, 34.563023, 38.284241> 0.250000
	pigment { color rgbt <1,0,0,0> }
	no_shadow
}
cylinder {
	<33.360115, 34.403774, 37.927044>,  <33.410496, 34.308228, 37.712727>, 0.100000
	pigment { color rgbt <1,0,0,0> }
	no_shadow
}
cylinder {
	<33.360115, 34.403774, 37.927044>,  <33.276146, 34.563023, 38.284241>, 0.100000
	pigment { color rgbt <1,0,0,0> }
	no_shadow
}

// particle -1
sphere {
	<33.360115, 34.403774, 37.927044> 0.100000
	pigment { color rgbt <1,0,0,0> }
	no_shadow
}
sphere {
	0, 1
	scale<0.080000,0.200000,0.300000>
	matrix <0.973168, -0.002931, 0.230077,
		-0.094216, -0.917329, 0.386820,
		0.209923, -0.398118, -0.892992,
		33.423092, 34.284340, 37.659145>
	pigment { color rgbt <0,1,1,0> }
	no_shadow
}
cylinder {
	<33.848255, 34.065399, 38.360390>,  <33.276146, 34.563023, 38.284241>, 0.130000
	pigment { color rgbt <1,0,0,0> }
	no_shadow
}

// nucleotide -1

// particle -1
sphere {
	<33.848255, 34.065399, 38.360390> 0.250000
	pigment { color rgbt <1,0,0,0> }
	no_shadow
}
cylinder {
	<33.839893, 34.172749, 37.975155>,  <33.834877, 34.237160, 37.744015>, 0.100000
	pigment { color rgbt <1,0,0,0> }
	no_shadow
}
cylinder {
	<33.839893, 34.172749, 37.975155>,  <33.848255, 34.065399, 38.360390>, 0.100000
	pigment { color rgbt <1,0,0,0> }
	no_shadow
}

// particle -1
sphere {
	<33.839893, 34.172749, 37.975155> 0.100000
	pigment { color rgbt <1,0,0,0> }
	no_shadow
}
sphere {
	0, 1
	scale<0.080000,0.200000,0.300000>
	matrix <0.985192, 0.169497, 0.025851,
		0.170178, -0.948286, -0.267941,
		-0.020902, 0.268373, -0.963088,
		33.833622, 34.253262, 37.686230>
	pigment { color rgbt <0,1,1,0> }
	no_shadow
}
cylinder {
	<34.226486, 33.659637, 37.855591>,  <33.848255, 34.065399, 38.360390>, 0.130000
	pigment { color rgbt <1,0,0,0> }
	no_shadow
}

// nucleotide -1

// particle -1
sphere {
	<34.226486, 33.659637, 37.855591> 0.250000
	pigment { color rgbt <1,0,0,0> }
	no_shadow
}
cylinder {
	<34.213669, 34.027828, 37.699799>,  <34.205978, 34.248741, 37.606323>, 0.100000
	pigment { color rgbt <1,0,0,0> }
	no_shadow
}
cylinder {
	<34.213669, 34.027828, 37.699799>,  <34.226486, 33.659637, 37.855591>, 0.100000
	pigment { color rgbt <1,0,0,0> }
	no_shadow
}

// particle -1
sphere {
	<34.213669, 34.027828, 37.699799> 0.100000
	pigment { color rgbt <1,0,0,0> }
	no_shadow
}
sphere {
	0, 1
	scale<0.080000,0.200000,0.300000>
	matrix <0.999414, 0.034182, -0.001448,
		0.011980, -0.389297, -0.921034,
		-0.032047, 0.920478, -0.389479,
		34.204056, 34.303970, 37.582954>
	pigment { color rgbt <0,1,1,0> }
	no_shadow
}
cylinder {
	<34.674843, 33.641712, 37.170769>,  <34.226486, 33.659637, 37.855591>, 0.130000
	pigment { color rgbt <1,0,0,0> }
	no_shadow
}

// nucleotide -1

// particle -1
sphere {
	<34.674843, 33.641712, 37.170769> 0.250000
	pigment { color rgbt <1,0,0,0> }
	no_shadow
}
cylinder {
	<34.640907, 34.012856, 37.316032>,  <34.620544, 34.235542, 37.403191>, 0.100000
	pigment { color rgbt <1,0,0,0> }
	no_shadow
}
cylinder {
	<34.640907, 34.012856, 37.316032>,  <34.674843, 33.641712, 37.170769>, 0.100000
	pigment { color rgbt <1,0,0,0> }
	no_shadow
}

// particle -1
sphere {
	<34.640907, 34.012856, 37.316032> 0.100000
	pigment { color rgbt <1,0,0,0> }
	no_shadow
}
sphere {
	0, 1
	scale<0.080000,0.200000,0.300000>
	matrix <0.989422, 0.121495, -0.079266,
		-0.117669, 0.352593, -0.928349,
		-0.084841, 0.927856, 0.363159,
		34.615456, 34.291214, 37.424980>
	pigment { color rgbt <0,1,1,0> }
	no_shadow
}
cylinder {
	<35.159843, 34.142891, 36.790699>,  <34.674843, 33.641712, 37.170769>, 0.130000
	pigment { color rgbt <1,0,0,0> }
	no_shadow
}

// nucleotide -1

// particle -1
sphere {
	<35.159843, 34.142891, 36.790699> 0.250000
	pigment { color rgbt <1,0,0,0> }
	no_shadow
}
cylinder {
	<35.091393, 34.331673, 37.136642>,  <35.050323, 34.444942, 37.344208>, 0.100000
	pigment { color rgbt <1,0,0,0> }
	no_shadow
}
cylinder {
	<35.091393, 34.331673, 37.136642>,  <35.159843, 34.142891, 36.790699>, 0.100000
	pigment { color rgbt <1,0,0,0> }
	no_shadow
}

// particle -1
sphere {
	<35.091393, 34.331673, 37.136642> 0.100000
	pigment { color rgbt <1,0,0,0> }
	no_shadow
}
sphere {
	0, 1
	scale<0.080000,0.200000,0.300000>
	matrix <0.921103, 0.388193, -0.029585,
		-0.349693, 0.791558, -0.501150,
		-0.171124, 0.471956, 0.864855,
		35.040054, 34.473259, 37.396099>
	pigment { color rgbt <0,1,1,0> }
	no_shadow
}
cylinder {
	<35.309700, 34.912354, 36.829662>,  <35.159843, 34.142891, 36.790699>, 0.130000
	pigment { color rgbt <1,0,0,0> }
	no_shadow
}

// nucleotide -1

// particle -1
sphere {
	<35.309700, 34.912354, 36.829662> 0.250000
	pigment { color rgbt <1,0,0,0> }
	no_shadow
}
cylinder {
	<35.391476, 34.720276, 37.170864>,  <35.440540, 34.605030, 37.375584>, 0.100000
	pigment { color rgbt <1,0,0,0> }
	no_shadow
}
cylinder {
	<35.391476, 34.720276, 37.170864>,  <35.309700, 34.912354, 36.829662>, 0.100000
	pigment { color rgbt <1,0,0,0> }
	no_shadow
}

// particle -1
sphere {
	<35.391476, 34.720276, 37.170864> 0.100000
	pigment { color rgbt <1,0,0,0> }
	no_shadow
}
sphere {
	0, 1
	scale<0.080000,0.200000,0.300000>
	matrix <0.921536, 0.388287, -0.002280,
		-0.330115, 0.786539, 0.521901,
		0.204441, -0.480198, 0.853003,
		35.452808, 34.576218, 37.426765>
	pigment { color rgbt <0,1,1,0> }
	no_shadow
}
cylinder {
	<35.756470, 35.246239, 37.366676>,  <35.309700, 34.912354, 36.829662>, 0.130000
	pigment { color rgbt <1,0,0,0> }
	no_shadow
}

// nucleotide -1

// particle -1
sphere {
	<35.756470, 35.246239, 37.366676> 0.250000
	pigment { color rgbt <1,0,0,0> }
	no_shadow
}
cylinder {
	<35.799263, 34.855431, 37.440418>,  <35.824940, 34.620945, 37.484661>, 0.100000
	pigment { color rgbt <1,0,0,0> }
	no_shadow
}
cylinder {
	<35.799263, 34.855431, 37.440418>,  <35.756470, 35.246239, 37.366676>, 0.100000
	pigment { color rgbt <1,0,0,0> }
	no_shadow
}

// particle -1
sphere {
	<35.799263, 34.855431, 37.440418> 0.100000
	pigment { color rgbt <1,0,0,0> }
	no_shadow
}
sphere {
	0, 1
	scale<0.080000,0.200000,0.300000>
	matrix <0.993805, 0.099470, -0.049580,
		0.030103, 0.188513, 0.981609,
		0.106987, -0.977020, 0.184351,
		35.831360, 34.562325, 37.495724>
	pigment { color rgbt <0,1,1,0> }
	no_shadow
}
cylinder {
	<36.124283, 35.168175, 37.974480>,  <35.756470, 35.246239, 37.366676>, 0.130000
	pigment { color rgbt <1,0,0,0> }
	no_shadow
}

// nucleotide -1

// particle -1
sphere {
	<36.124283, 35.168175, 37.974480> 0.250000
	pigment { color rgbt <1,0,0,0> }
	no_shadow
}
cylinder {
	<36.163452, 34.837189, 37.753315>,  <36.186954, 34.638596, 37.620617>, 0.100000
	pigment { color rgbt <1,0,0,0> }
	no_shadow
}
cylinder {
	<36.163452, 34.837189, 37.753315>,  <36.124283, 35.168175, 37.974480>, 0.100000
	pigment { color rgbt <1,0,0,0> }
	no_shadow
}

// particle -1
sphere {
	<36.163452, 34.837189, 37.753315> 0.100000
	pigment { color rgbt <1,0,0,0> }
	no_shadow
}
sphere {
	0, 1
	scale<0.080000,0.200000,0.300000>
	matrix <0.978553, 0.181232, -0.097922,
		0.181232, -0.531463, 0.827467,
		0.097922, -0.827467, -0.552910,
		36.192829, 34.588947, 37.587440>
	pigment { color rgbt <0,1,1,0> }
	no_shadow
}
cylinder {
	<36.775291, 35.250748, 37.727871>,  <36.124283, 35.168175, 37.974480>, 0.130000
	pigment { color rgbt <1,0,0,0> }
	no_shadow
}

// nucleotide -1

// particle -1
sphere {
	<36.775291, 35.250748, 37.727871> 0.250000
	pigment { color rgbt <1,0,0,0> }
	no_shadow
}
cylinder {
	<37.010101, 35.559464, 37.825634>,  <37.150990, 35.744694, 37.884293>, 0.100000
	pigment { color rgbt <1,0,0,0> }
	no_shadow
}
cylinder {
	<37.010101, 35.559464, 37.825634>,  <36.775291, 35.250748, 37.727871>, 0.100000
	pigment { color rgbt <1,0,0,0> }
	no_shadow
}

// particle -1
sphere {
	<37.010101, 35.559464, 37.825634> 0.100000
	pigment { color rgbt <1,0,0,0> }
	no_shadow
}
sphere {
	0, 1
	scale<0.080000,0.200000,0.300000>
	matrix <0.421009, -0.033175, -0.906450,
		-0.691483, 0.635008, -0.344407,
		0.587029, 0.771793, 0.244404,
		37.186211, 35.791000, 37.898956>
	pigment { color rgbt <0,1,1,0> }
	no_shadow
}
cylinder {
	<36.811642, 35.621567, 37.024151>,  <36.775291, 35.250748, 37.727871>, 0.130000
	pigment { color rgbt <1,0,0,0> }
	no_shadow
}

// nucleotide -1

// particle -1
sphere {
	<36.811642, 35.621567, 37.024151> 0.250000
	pigment { color rgbt <1,0,0,0> }
	no_shadow
}
cylinder {
	<37.135464, 35.637054, 37.258457>,  <37.329758, 35.646347, 37.399040>, 0.100000
	pigment { color rgbt <1,0,0,0> }
	no_shadow
}
cylinder {
	<37.135464, 35.637054, 37.258457>,  <36.811642, 35.621567, 37.024151>, 0.100000
	pigment { color rgbt <1,0,0,0> }
	no_shadow
}

// particle -1
sphere {
	<37.135464, 35.637054, 37.258457> 0.100000
	pigment { color rgbt <1,0,0,0> }
	no_shadow
}
sphere {
	0, 1
	scale<0.080000,0.200000,0.300000>
	matrix <0.586875, -0.077146, -0.805994,
		0.013984, 0.996268, -0.085176,
		0.809557, 0.038717, 0.585763,
		37.378330, 35.648670, 37.434185>
	pigment { color rgbt <0,1,1,0> }
	no_shadow
}
cylinder {
	<37.292355, 36.231014, 36.978832>,  <36.811642, 35.621567, 37.024151>, 0.130000
	pigment { color rgbt <1,0,0,0> }
	no_shadow
}

// nucleotide -1

// particle -1
sphere {
	<37.292355, 36.231014, 36.978832> 0.250000
	pigment { color rgbt <1,0,0,0> }
	no_shadow
}
cylinder {
	<37.493649, 35.903309, 37.088783>,  <37.614426, 35.706684, 37.154755>, 0.100000
	pigment { color rgbt <1,0,0,0> }
	no_shadow
}
cylinder {
	<37.493649, 35.903309, 37.088783>,  <37.292355, 36.231014, 36.978832>, 0.100000
	pigment { color rgbt <1,0,0,0> }
	no_shadow
}

// particle -1
sphere {
	<37.493649, 35.903309, 37.088783> 0.100000
	pigment { color rgbt <1,0,0,0> }
	no_shadow
}
sphere {
	0, 1
	scale<0.080000,0.200000,0.300000>
	matrix <0.684814, 0.184081, -0.705085,
		0.527052, 0.543064, 0.653680,
		0.503236, -0.819265, 0.274877,
		37.644619, 35.657528, 37.171246>
	pigment { color rgbt <0,1,1,0> }
	no_shadow
}
cylinder {
	<36.947308, 36.894344, 36.760010>,  <37.292355, 36.231014, 36.978832>, 0.130000
	pigment { color rgbt <1,0,0,0> }
	no_shadow
}

// nucleotide -1

// particle -1
sphere {
	<36.947308, 36.894344, 36.760010> 0.250000
	pigment { color rgbt <1,0,0,0> }
	no_shadow
}
cylinder {
	<36.999401, 37.268917, 36.629696>,  <37.030659, 37.493660, 36.551510>, 0.100000
	pigment { color rgbt <1,0,0,0> }
	no_shadow
}
cylinder {
	<36.999401, 37.268917, 36.629696>,  <36.947308, 36.894344, 36.760010>, 0.100000
	pigment { color rgbt <1,0,0,0> }
	no_shadow
}

// particle -1
sphere {
	<36.999401, 37.268917, 36.629696> 0.100000
	pigment { color rgbt <1,0,0,0> }
	no_shadow
}
sphere {
	0, 1
	scale<0.080000,0.200000,0.300000>
	matrix <-0.964629, 0.195628, 0.176692,
		0.229192, 0.291249, 0.928787,
		0.130235, 0.936431, -0.325784,
		37.038471, 37.549847, 36.531960>
	pigment { color rgbt <0,1,1,0> }
	no_shadow
}
cylinder {
	<36.729733, 37.446011, 37.339520>,  <36.947308, 36.894344, 36.760010>, 0.130000
	pigment { color rgbt <1,0,0,0> }
	no_shadow
}

// nucleotide -1

// particle -1
sphere {
	<36.729733, 37.446011, 37.339520> 0.250000
	pigment { color rgbt <1,0,0,0> }
	no_shadow
}
cylinder {
	<36.694603, 37.523712, 36.948715>,  <36.673523, 37.570332, 36.714233>, 0.100000
	pigment { color rgbt <1,0,0,0> }
	no_shadow
}
cylinder {
	<36.694603, 37.523712, 36.948715>,  <36.729733, 37.446011, 37.339520>, 0.100000
	pigment { color rgbt <1,0,0,0> }
	no_shadow
}

// particle -1
sphere {
	<36.694603, 37.523712, 36.948715> 0.100000
	pigment { color rgbt <1,0,0,0> }
	no_shadow
}
sphere {
	0, 1
	scale<0.080000,0.200000,0.300000>
	matrix <-0.995518, 0.017431, 0.092955,
		0.035087, 0.980796, 0.191852,
		-0.087826, 0.194254, -0.977012,
		36.668255, 37.581989, 36.655613>
	pigment { color rgbt <0,1,1,0> }
	no_shadow
}
cylinder {
	<36.422836, 38.133347, 37.209183>,  <36.729733, 37.446011, 37.339520>, 0.130000
	pigment { color rgbt <1,0,0,0> }
	no_shadow
}

// nucleotide -1

// particle -1
sphere {
	<36.422836, 38.133347, 37.209183> 0.250000
	pigment { color rgbt <1,0,0,0> }
	no_shadow
}
cylinder {
	<36.333439, 37.879292, 36.913441>,  <36.279800, 37.726856, 36.735996>, 0.100000
	pigment { color rgbt <1,0,0,0> }
	no_shadow
}
cylinder {
	<36.333439, 37.879292, 36.913441>,  <36.422836, 38.133347, 37.209183>, 0.100000
	pigment { color rgbt <1,0,0,0> }
	no_shadow
}

// particle -1
sphere {
	<36.333439, 37.879292, 36.913441> 0.100000
	pigment { color rgbt <1,0,0,0> }
	no_shadow
}
sphere {
	0, 1
	scale<0.080000,0.200000,0.300000>
	matrix <-0.974360, 0.125392, 0.186816,
		-0.025945, 0.762149, -0.646881,
		-0.223495, -0.635142, -0.739354,
		36.266392, 37.688747, 36.691635>
	pigment { color rgbt <0,1,1,0> }
	no_shadow
}
cylinder {
	<35.657516, 38.366920, 37.002327>,  <36.422836, 38.133347, 37.209183>, 0.130000
	pigment { color rgbt <1,0,0,0> }
	no_shadow
}

// nucleotide -1

// particle -1
sphere {
	<35.657516, 38.366920, 37.002327> 0.250000
	pigment { color rgbt <1,0,0,0> }
	no_shadow
}
cylinder {
	<35.718426, 38.015896, 36.820465>,  <35.754971, 37.805283, 36.711349>, 0.100000
	pigment { color rgbt <1,0,0,0> }
	no_shadow
}
cylinder {
	<35.718426, 38.015896, 36.820465>,  <35.657516, 38.366920, 37.002327>, 0.100000
	pigment { color rgbt <1,0,0,0> }
	no_shadow
}

// particle -1
sphere {
	<35.718426, 38.015896, 36.820465> 0.100000
	pigment { color rgbt <1,0,0,0> }
	no_shadow
}
sphere {
	0, 1
	scale<0.080000,0.200000,0.300000>
	matrix <-0.987934, -0.148306, -0.044615,
		-0.028275, 0.455958, -0.889552,
		0.152269, -0.877558, -0.454650,
		35.764107, 37.752628, 36.684071>
	pigment { color rgbt <0,1,1,0> }
	no_shadow
}
cylinder {
	<35.207993, 38.396358, 36.335629>,  <35.657516, 38.366920, 37.002327>, 0.130000
	pigment { color rgbt <1,0,0,0> }
	no_shadow
}

// nucleotide -1

// particle -1
sphere {
	<35.207993, 38.396358, 36.335629> 0.250000
	pigment { color rgbt <1,0,0,0> }
	no_shadow
}
cylinder {
	<35.292076, 38.006172, 36.361767>,  <35.342525, 37.772060, 36.377449>, 0.100000
	pigment { color rgbt <1,0,0,0> }
	no_shadow
}
cylinder {
	<35.292076, 38.006172, 36.361767>,  <35.207993, 38.396358, 36.335629>, 0.100000
	pigment { color rgbt <1,0,0,0> }
	no_shadow
}

// particle -1
sphere {
	<35.292076, 38.006172, 36.361767> 0.100000
	pigment { color rgbt <1,0,0,0> }
	no_shadow
}
sphere {
	0, 1
	scale<0.080000,0.200000,0.300000>
	matrix <-0.977538, -0.208678, 0.029553,
		-0.015191, -0.070092, -0.997425,
		0.210212, -0.975470, 0.065347,
		35.355141, 37.713531, 36.381371>
	pigment { color rgbt <0,1,1,0> }
	no_shadow
}
cylinder {
	<34.829342, 38.051338, 35.758865>,  <35.207993, 38.396358, 36.335629>, 0.130000
	pigment { color rgbt <1,0,0,0> }
	no_shadow
}

// nucleotide -1

// particle -1
sphere {
	<34.829342, 38.051338, 35.758865> 0.250000
	pigment { color rgbt <1,0,0,0> }
	no_shadow
}
cylinder {
	<34.907009, 37.769119, 36.031483>,  <34.953609, 37.599789, 36.195053>, 0.100000
	pigment { color rgbt <1,0,0,0> }
	no_shadow
}
cylinder {
	<34.907009, 37.769119, 36.031483>,  <34.829342, 38.051338, 35.758865>, 0.100000
	pigment { color rgbt <1,0,0,0> }
	no_shadow
}

// particle -1
sphere {
	<34.907009, 37.769119, 36.031483> 0.100000
	pigment { color rgbt <1,0,0,0> }
	no_shadow
}
sphere {
	0, 1
	scale<0.080000,0.200000,0.300000>
	matrix <-0.922845, -0.366976, -0.116986,
		0.332650, -0.606246, -0.722364,
		0.194169, -0.705545, 0.681546,
		34.965260, 37.557457, 36.235947>
	pigment { color rgbt <0,1,1,0> }
	no_shadow
}
cylinder {
	<34.681450, 37.441238, 35.489285>,  <34.829342, 38.051338, 35.758865>, 0.130000
	pigment { color rgbt <1,0,0,0> }
	no_shadow
}

// nucleotide -1

// particle -1
sphere {
	<34.681450, 37.441238, 35.489285> 0.250000
	pigment { color rgbt <1,0,0,0> }
	no_shadow
}
cylinder {
	<34.652897, 37.381641, 35.883789>,  <34.635765, 37.345882, 36.120491>, 0.100000
	pigment { color rgbt <1,0,0,0> }
	no_shadow
}
cylinder {
	<34.652897, 37.381641, 35.883789>,  <34.681450, 37.441238, 35.489285>, 0.100000
	pigment { color rgbt <1,0,0,0> }
	no_shadow
}

// particle -1
sphere {
	<34.652897, 37.381641, 35.883789> 0.100000
	pigment { color rgbt <1,0,0,0> }
	no_shadow
}
sphere {
	0, 1
	scale<0.080000,0.200000,0.300000>
	matrix <-0.949104, -0.293954, -0.113101,
		0.306766, -0.944135, -0.120431,
		-0.071381, -0.148998, 0.986258,
		34.631481, 37.336945, 36.179665>
	pigment { color rgbt <0,1,1,0> }
	no_shadow
}
cylinder {
	<34.347797, 36.784466, 35.498631>,  <34.681450, 37.441238, 35.489285>, 0.130000
	pigment { color rgbt <1,0,0,0> }
	no_shadow
}

// nucleotide -1

// particle -1
sphere {
	<34.347797, 36.784466, 35.498631> 0.250000
	pigment { color rgbt <1,0,0,0> }
	no_shadow
}
cylinder {
	<34.315235, 36.973869, 35.849438>,  <34.295700, 37.087513, 36.059921>, 0.100000
	pigment { color rgbt <1,0,0,0> }
	no_shadow
}
cylinder {
	<34.315235, 36.973869, 35.849438>,  <34.347797, 36.784466, 35.498631>, 0.100000
	pigment { color rgbt <1,0,0,0> }
	no_shadow
}

// particle -1
sphere {
	<34.315235, 36.973869, 35.849438> 0.100000
	pigment { color rgbt <1,0,0,0> }
	no_shadow
}
sphere {
	0, 1
	scale<0.080000,0.200000,0.300000>
	matrix <-0.954996, -0.288875, 0.067327,
		0.285229, -0.832069, 0.475715,
		-0.081401, 0.473510, 0.877019,
		34.290813, 37.115921, 36.112545>
	pigment { color rgbt <0,1,1,0> }
	no_shadow
}
cylinder {
	<34.024960, 36.321571, 35.963379>,  <34.347797, 36.784466, 35.498631>, 0.130000
	pigment { color rgbt <1,0,0,0> }
	no_shadow
}

// nucleotide -1

// particle -1
sphere {
	<34.024960, 36.321571, 35.963379> 0.250000
	pigment { color rgbt <1,0,0,0> }
	no_shadow
}
cylinder {
	<33.956642, 36.697063, 36.083122>,  <33.915653, 36.922359, 36.154968>, 0.100000
	pigment { color rgbt <1,0,0,0> }
	no_shadow
}
cylinder {
	<33.956642, 36.697063, 36.083122>,  <34.024960, 36.321571, 35.963379>, 0.100000
	pigment { color rgbt <1,0,0,0> }
	no_shadow
}

// particle -1
sphere {
	<33.956642, 36.697063, 36.083122> 0.100000
	pigment { color rgbt <1,0,0,0> }
	no_shadow
}
sphere {
	0, 1
	scale<0.080000,0.200000,0.300000>
	matrix <-0.985306, -0.163240, -0.050256,
