// switches for output
#declare DRAW_BASES = 1; // possible values are 0, 1; only relevant for DNA ribbons
#declare DRAW_BASES_TYPE = 3; // possible values are 1, 2, 3; only relevant for DNA ribbons
#declare DRAW_FOG = 0; // set to 1 to enable fog

#include "colors.inc"

#include "transforms.inc"
background { rgb <1, 1, 1>}

#default {
   normal{
       ripples 0.25
       frequency 0.20
       turbulence 0.2
       lambda 5
   }
	finish {
		phong 0.1
		phong_size 40.
	}
}

// original window dimensions: 1024x640


// camera settings

camera {
	sky <0, 0.179814, -0.983701>
	up <0, 0.179814, -0.983701>
	right 1.6 * <1, 0, 0>
	location <35, 94.9851, 44.8844>
	look_at <35, 29.7336, 32.9568>
	direction <0, -65.2515, -11.9276>
	angle 67.0682
}


# declare cpy_camera_pos = <35, 94.9851, 44.8844>;
# if (DRAW_FOG = 1)
fog {
	fog_type 2
	up vnormalize(cpy_camera_pos)
	color rgbt<1,1,1,0.3>
	distance 1e-5
	fog_alt 3e-3
	fog_offset 56
}
# end


// LIGHTS

# declare lum = 6;
global_settings {
	ambient_light rgb lum * <0.05, 0.05, 0.05>
	max_trace_level 15
}# declare cpy_direct_light_amount = 0.25;
light_source
{	1000 * <-1, -1.16352, -0.803886>,
	rgb lum * cpy_direct_light_amount
	parallel
}

light_source
{	1000 * <1, 1.16352, 0.803886>,
	rgb lum * cpy_direct_light_amount
	parallel
}

// strand 0

// nucleotide -1

// particle -1
sphere {
	<24.151800, 35.399292, 35.113468> 0.250000
	pigment { color rgbt <1,0,0,0> }
	no_shadow
}
cylinder {
	<24.171663, 35.000511, 35.089378>,  <24.183580, 34.761242, 35.074924>, 0.100000
	pigment { color rgbt <1,0,0,0> }
	no_shadow
}
cylinder {
	<24.171663, 35.000511, 35.089378>,  <24.151800, 35.399292, 35.113468>, 0.100000
	pigment { color rgbt <1,0,0,0> }
	no_shadow
}

// particle -1
sphere {
	<24.171663, 35.000511, 35.089378> 0.100000
	pigment { color rgbt <1,0,0,0> }
	no_shadow
}
sphere {
	0, 1
	scale<0.080000,0.200000,0.300000>
	matrix <0.341186, 0.073603, -0.937110,
		0.938683, 0.025988, 0.343800,
		0.049658, -0.996949, -0.060223,
		24.186562, 34.701427, 35.071312>
	pigment { color rgbt <0,1,1,0> }
	no_shadow
}
cylinder {
	<24.857609, 35.178387, 34.844318>,  <24.151800, 35.399292, 35.113468>, 0.130000
	pigment { color rgbt <1,0,0,0> }
	no_shadow
}

// nucleotide -1

// particle -1
sphere {
	<24.857609, 35.178387, 34.844318> 0.250000
	pigment { color rgbt <1,0,0,0> }
	no_shadow
}
cylinder {
	<24.584827, 34.898064, 34.760597>,  <24.421160, 34.729870, 34.710365>, 0.100000
	pigment { color rgbt <1,0,0,0> }
	no_shadow
}
cylinder {
	<24.584827, 34.898064, 34.760597>,  <24.857609, 35.178387, 34.844318>, 0.100000
	pigment { color rgbt <1,0,0,0> }
	no_shadow
}

// particle -1
sphere {
	<24.584827, 34.898064, 34.760597> 0.100000
	pigment { color rgbt <1,0,0,0> }
	no_shadow
}
sphere {
	0, 1
	scale<0.080000,0.200000,0.300000>
	matrix <0.365681, -0.078872, -0.927392,
		0.633419, -0.708973, 0.310060,
		-0.681951, -0.700811, -0.209299,
		24.380241, 34.687820, 34.697807>
	pigment { color rgbt <0,1,1,0> }
	no_shadow
}
cylinder {
	<25.191458, 34.541256, 34.575142>,  <24.857609, 35.178387, 34.844318>, 0.130000
	pigment { color rgbt <1,0,0,0> }
	no_shadow
}

// nucleotide -1

// particle -1
sphere {
	<25.191458, 34.541256, 34.575142> 0.250000
	pigment { color rgbt <1,0,0,0> }
	no_shadow
}
cylinder {
	<24.814989, 34.587215, 34.448025>,  <24.589108, 34.614792, 34.371754>, 0.100000
	pigment { color rgbt <1,0,0,0> }
	no_shadow
}
cylinder {
	<24.814989, 34.587215, 34.448025>,  <25.191458, 34.541256, 34.575142>, 0.100000
	pigment { color rgbt <1,0,0,0> }
	no_shadow
}

// particle -1
sphere {
	<24.814989, 34.587215, 34.448025> 0.100000
	pigment { color rgbt <1,0,0,0> }
	no_shadow
}
sphere {
	0, 1
	scale<0.080000,0.200000,0.300000>
	matrix <0.319701, -0.001878, -0.947517,
		-0.109471, -0.993375, -0.034968,
		-0.941173, 0.114904, -0.317788,
		24.532637, 34.621685, 34.352688>
	pigment { color rgbt <0,1,1,0> }
	no_shadow
}
cylinder {
	<25.150524, 34.051590, 34.004658>,  <25.191458, 34.541256, 34.575142>, 0.130000
	pigment { color rgbt <1,0,0,0> }
	no_shadow
}

// nucleotide -1

// particle -1
sphere {
	<25.150524, 34.051590, 34.004658> 0.250000
	pigment { color rgbt <1,0,0,0> }
	no_shadow
}
cylinder {
	<24.900864, 34.362434, 33.972343>,  <24.751066, 34.548943, 33.952953>, 0.100000
	pigment { color rgbt <1,0,0,0> }
	no_shadow
}
cylinder {
	<24.900864, 34.362434, 33.972343>,  <25.150524, 34.051590, 34.004658>, 0.100000
	pigment { color rgbt <1,0,0,0> }
	no_shadow
}

// particle -1
sphere {
	<24.900864, 34.362434, 33.972343> 0.100000
	pigment { color rgbt <1,0,0,0> }
	no_shadow
}
sphere {
	0, 1
	scale<0.080000,0.200000,0.300000>
	matrix <0.197594, 0.056965, -0.978627,
		-0.755904, -0.626776, -0.189108,
		-0.624152, 0.777115, -0.080787,
		24.713617, 34.595570, 33.948109>
	pigment { color rgbt <0,1,1,0> }
	no_shadow
}
cylinder {
	<24.798351, 33.835941, 33.471840>,  <25.150524, 34.051590, 34.004658>, 0.130000
	pigment { color rgbt <1,0,0,0> }
	no_shadow
}

// nucleotide -1

// particle -1
sphere {
	<24.798351, 33.835941, 33.471840> 0.250000
	pigment { color rgbt <1,0,0,0> }
	no_shadow
}
cylinder {
	<24.774914, 34.234093, 33.502251>,  <24.760851, 34.472984, 33.520496>, 0.100000
	pigment { color rgbt <1,0,0,0> }
	no_shadow
}
cylinder {
	<24.774914, 34.234093, 33.502251>,  <24.798351, 33.835941, 33.471840>, 0.100000
	pigment { color rgbt <1,0,0,0> }
	no_shadow
}

// particle -1
sphere {
	<24.774914, 34.234093, 33.502251> 0.100000
	pigment { color rgbt <1,0,0,0> }
	no_shadow
}
sphere {
	0, 1
	scale<0.080000,0.200000,0.300000>
	matrix <0.089320, 0.081083, -0.992697,
		-0.994278, -0.051372, -0.093658,
		-0.058591, 0.995382, 0.076030,
		24.757336, 34.532707, 33.525059>
	pigment { color rgbt <0,1,1,0> }
	no_shadow
}
cylinder {
	<25.475912, 34.048771, 33.264126>,  <24.798351, 33.835941, 33.471840>, 0.130000
	pigment { color rgbt <1,0,0,0> }
	no_shadow
}

// nucleotide -1

// particle -1
sphere {
	<25.475912, 34.048771, 33.264126> 0.250000
	pigment { color rgbt <1,0,0,0> }
	no_shadow
}
cylinder {
	<25.764814, 34.325123, 33.276970>,  <25.938156, 34.490936, 33.284676>, 0.100000
	pigment { color rgbt <1,0,0,0> }
	no_shadow
}
cylinder {
	<25.764814, 34.325123, 33.276970>,  <25.475912, 34.048771, 33.264126>, 0.100000
	pigment { color rgbt <1,0,0,0> }
	no_shadow
}

// particle -1
sphere {
	<25.764814, 34.325123, 33.276970> 0.100000
	pigment { color rgbt <1,0,0,0> }
	no_shadow
}
sphere {
	0, 1
	scale<0.080000,0.200000,0.300000>
	matrix <0.095924, -0.054081, -0.993918,
		-0.684944, 0.720942, -0.105333,
		0.722254, 0.690882, 0.032113,
		25.981491, 34.532387, 33.286602>
	pigment { color rgbt <0,1,1,0> }
	no_shadow
}
cylinder {
	<25.323093, 34.533607, 32.754330>,  <25.475912, 34.048771, 33.264126>, 0.130000
	pigment { color rgbt <1,0,0,0> }
	no_shadow
}

// nucleotide -1

// particle -1
sphere {
	<25.323093, 34.533607, 32.754330> 0.250000
	pigment { color rgbt <1,0,0,0> }
	no_shadow
}
cylinder {
	<25.716085, 34.503017, 32.822308>,  <25.951881, 34.484661, 32.863094>, 0.100000
	pigment { color rgbt <1,0,0,0> }
	no_shadow
}
cylinder {
	<25.716085, 34.503017, 32.822308>,  <25.323093, 34.533607, 32.754330>, 0.100000
	pigment { color rgbt <1,0,0,0> }
	no_shadow
}

// particle -1
sphere {
	<25.716085, 34.503017, 32.822308> 0.100000
	pigment { color rgbt <1,0,0,0> }
	no_shadow
}
sphere {
	0, 1
	scale<0.080000,0.200000,0.300000>
	matrix <0.164103, -0.077103, -0.983425,
		0.088315, 0.994085, -0.063202,
		0.982482, -0.076479, 0.169942,
		26.010830, 34.480072, 32.873291>
	pigment { color rgbt <0,1,1,0> }
	no_shadow
}
cylinder {
	<25.497210, 34.993874, 32.276527>,  <25.323093, 34.533607, 32.754330>, 0.130000
	pigment { color rgbt <1,0,0,0> }
	no_shadow
}

// nucleotide -1

// particle -1
sphere {
	<25.497210, 34.993874, 32.276527> 0.250000
	pigment { color rgbt <1,0,0,0> }
	no_shadow
}
cylinder {
	<25.828758, 34.798931, 32.386406>,  <26.027687, 34.681965, 32.452332>, 0.100000
	pigment { color rgbt <1,0,0,0> }
	no_shadow
}
cylinder {
	<25.828758, 34.798931, 32.386406>,  <25.497210, 34.993874, 32.276527>, 0.100000
	pigment { color rgbt <1,0,0,0> }
	no_shadow
}

// particle -1
sphere {
	<25.828758, 34.798931, 32.386406> 0.100000
	pigment { color rgbt <1,0,0,0> }
	no_shadow
}
sphere {
	0, 1
	scale<0.080000,0.200000,0.300000>
	matrix <0.181637, -0.229981, -0.956095,
		0.529133, 0.842374, -0.102102,
		0.828871, -0.487355, 0.274697,
		26.077419, 34.652725, 32.468815>
	pigment { color rgbt <0,1,1,0> }
	no_shadow
}
cylinder {
	<26.030386, 35.232891, 31.791109>,  <25.497210, 34.993874, 32.276527>, 0.130000
	pigment { color rgbt <1,0,0,0> }
	no_shadow
}

// nucleotide -1

// particle -1
sphere {
	<26.030386, 35.232891, 31.791109> 0.250000
	pigment { color rgbt <1,0,0,0> }
	no_shadow
}
cylinder {
	<26.185720, 34.899239, 31.947783>,  <26.278921, 34.699047, 32.041786>, 0.100000
	pigment { color rgbt <1,0,0,0> }
	no_shadow
}
cylinder {
	<26.185720, 34.899239, 31.947783>,  <26.030386, 35.232891, 31.791109>, 0.100000
	pigment { color rgbt <1,0,0,0> }
	no_shadow
}

// particle -1
sphere {
	<26.185720, 34.899239, 31.947783> 0.100000
	pigment { color rgbt <1,0,0,0> }
	no_shadow
}
sphere {
	0, 1
	scale<0.080000,0.200000,0.300000>
	matrix <0.248098, -0.314709, -0.916191,
		0.887492, 0.452967, 0.084733,
		0.388338, -0.834134, 0.391681,
		26.302221, 34.648998, 32.065289>
	pigment { color rgbt <0,1,1,0> }
	no_shadow
}
cylinder {
	<26.530651, 35.110294, 31.475855>,  <26.030386, 35.232891, 31.791109>, 0.130000
	pigment { color rgbt <1,0,0,0> }
	no_shadow
}

// nucleotide -1

// particle -1
sphere {
	<26.530651, 35.110294, 31.475855> 0.250000
	pigment { color rgbt <1,0,0,0> }
	no_shadow
}
cylinder {
	<26.470930, 34.737217, 31.607183>,  <26.435099, 34.513371, 31.685980>, 0.100000
	pigment { color rgbt <1,0,0,0> }
	no_shadow
}
cylinder {
	<26.470930, 34.737217, 31.607183>,  <26.530651, 35.110294, 31.475855>, 0.100000
	pigment { color rgbt <1,0,0,0> }
	no_shadow
}

// particle -1
sphere {
	<26.470930, 34.737217, 31.607183> 0.100000
	pigment { color rgbt <1,0,0,0> }
	no_shadow
}
sphere {
	0, 1
	scale<0.080000,0.200000,0.300000>
	matrix <0.345891, -0.360328, -0.866327,
		0.926320, -0.015779, 0.376407,
		-0.149300, -0.932692, 0.328321,
		26.426140, 34.457409, 31.705679>
	pigment { color rgbt <0,1,1,0> }
	no_shadow
}
cylinder {
	<27.142931, 34.706539, 31.483585>,  <26.530651, 35.110294, 31.475855>, 0.130000
	pigment { color rgbt <1,0,0,0> }
	no_shadow
}

// nucleotide -1

// particle -1
sphere {
	<27.142931, 34.706539, 31.483585> 0.250000
	pigment { color rgbt <1,0,0,0> }
	no_shadow
}
cylinder {
	<26.845602, 34.440498, 31.454996>,  <26.667204, 34.280872, 31.437841>, 0.100000
	pigment { color rgbt <1,0,0,0> }
	no_shadow
}
cylinder {
	<26.845602, 34.440498, 31.454996>,  <27.142931, 34.706539, 31.483585>, 0.100000
	pigment { color rgbt <1,0,0,0> }
	no_shadow
}

// particle -1
sphere {
	<26.845602, 34.440498, 31.454996> 0.100000
	pigment { color rgbt <1,0,0,0> }
	no_shadow
}
sphere {
	0, 1
	scale<0.080000,0.200000,0.300000>
	matrix <0.345975, -0.290802, -0.892040,
		0.572513, -0.687804, 0.446269,
		-0.743324, -0.665102, -0.071475,
		26.622604, 34.240967, 31.433554>
	pigment { color rgbt <0,1,1,0> }
	no_shadow
}
cylinder {
	<27.460062, 33.973301, 31.302158>,  <27.142931, 34.706539, 31.483585>, 0.130000
	pigment { color rgbt <1,0,0,0> }
	no_shadow
}

// nucleotide -1

// particle -1
sphere {
	<27.460062, 33.973301, 31.302158> 0.250000
	pigment { color rgbt <1,0,0,0> }
	no_shadow
}
cylinder {
	<27.077639, 33.930187, 31.193102>,  <26.848185, 33.904320, 31.127668>, 0.100000
	pigment { color rgbt <1,0,0,0> }
	no_shadow
}
cylinder {
	<27.077639, 33.930187, 31.193102>,  <27.460062, 33.973301, 31.302158>, 0.100000
	pigment { color rgbt <1,0,0,0> }
	no_shadow
}

// particle -1
sphere {
	<27.077639, 33.930187, 31.193102> 0.100000
	pigment { color rgbt <1,0,0,0> }
	no_shadow
}
sphere {
	0, 1
	scale<0.080000,0.200000,0.300000>
	matrix <0.292616, -0.408208, -0.864721,
		-0.018091, -0.906504, 0.421810,
		-0.956059, -0.107784, -0.272642,
		26.790821, 33.897854, 31.111309>
	pigment { color rgbt <0,1,1,0> }
	no_shadow
}
cylinder {
	<27.394268, 33.285557, 31.040838>,  <27.460062, 33.973301, 31.302158>, 0.130000
	pigment { color rgbt <1,0,0,0> }
	no_shadow
}

// nucleotide -1

// particle -1
sphere {
	<27.394268, 33.285557, 31.040838> 0.250000
	pigment { color rgbt <1,0,0,0> }
	no_shadow
}
cylinder {
	<27.095522, 33.488400, 30.868774>,  <26.916273, 33.610104, 30.765535>, 0.100000
	pigment { color rgbt <1,0,0,0> }
	no_shadow
}
cylinder {
	<27.095522, 33.488400, 30.868774>,  <27.394268, 33.285557, 31.040838>, 0.100000
	pigment { color rgbt <1,0,0,0> }
	no_shadow
}

// particle -1
sphere {
	<27.095522, 33.488400, 30.868774> 0.100000
	pigment { color rgbt <1,0,0,0> }
	no_shadow
}
sphere {
	0, 1
	scale<0.080000,0.200000,0.300000>
	matrix <0.286860, -0.337899, -0.896402,
		-0.599917, -0.792889, 0.106898,
		-0.746867, 0.507102, -0.430159,
		26.871462, 33.640530, 30.739727>
	pigment { color rgbt <0,1,1,0> }
	no_shadow
}
cylinder {
	<27.153242, 32.827805, 30.659889>,  <27.394268, 33.285557, 31.040838>, 0.130000
	pigment { color rgbt <1,0,0,0> }
	no_shadow
}

// nucleotide -1

// particle -1
sphere {
	<27.153242, 32.827805, 30.659889> 0.250000
	pigment { color rgbt <1,0,0,0> }
	no_shadow
}
cylinder {
	<27.020540, 33.170437, 30.501797>,  <26.940920, 33.376015, 30.406940>, 0.100000
	pigment { color rgbt <1,0,0,0> }
	no_shadow
}
cylinder {
	<27.020540, 33.170437, 30.501797>,  <27.153242, 32.827805, 30.659889>, 0.100000
	pigment { color rgbt <1,0,0,0> }
	no_shadow
}

// particle -1
sphere {
	<27.020540, 33.170437, 30.501797> 0.100000
	pigment { color rgbt <1,0,0,0> }
	no_shadow
}
sphere {
	0, 1
	scale<0.080000,0.200000,0.300000>
	matrix <0.226428, -0.334409, -0.914823,
		-0.915790, -0.392986, -0.083013,
		-0.331753, 0.856582, -0.395231,
		26.921015, 33.427410, 30.383226>
	pigment { color rgbt <0,1,1,0> }
	no_shadow
}
cylinder {
	<26.953999, 32.652939, 29.877602>,  <27.153242, 32.827805, 30.659889>, 0.130000
	pigment { color rgbt <1,0,0,0> }
	no_shadow
}

// nucleotide -1

// particle -1
sphere {
	<26.953999, 32.652939, 29.877602> 0.250000
	pigment { color rgbt <1,0,0,0> }
	no_shadow
}
cylinder {
	<26.984964, 33.049686, 29.918022>,  <27.003544, 33.287735, 29.942274>, 0.100000
	pigment { color rgbt <1,0,0,0> }
	no_shadow
}
cylinder {
	<26.984964, 33.049686, 29.918022>,  <26.953999, 32.652939, 29.877602>, 0.100000
	pigment { color rgbt <1,0,0,0> }
	no_shadow
}

// particle -1
sphere {
	<26.984964, 33.049686, 29.918022> 0.100000
	pigment { color rgbt <1,0,0,0> }
	no_shadow
}
sphere {
	0, 1
	scale<0.080000,0.200000,0.300000>
	matrix <0.316675, 0.071644, -0.945825,
		-0.945370, 0.105218, -0.308553,
		0.077412, 0.991865, 0.101050,
		27.008188, 33.347244, 29.948338>
	pigment { color rgbt <0,1,1,0> }
	no_shadow
}
cylinder {
	<26.746006, 32.862537, 29.274551>,  <26.953999, 32.652939, 29.877602>, 0.130000
	pigment { color rgbt <1,0,0,0> }
	no_shadow
}

// nucleotide -1

// particle -1
sphere {
	<26.746006, 32.862537, 29.274551> 0.250000
	pigment { color rgbt <1,0,0,0> }
	no_shadow
}
cylinder {
	<26.947870, 33.180782, 29.408607>,  <27.068989, 33.371731, 29.489040>, 0.100000
	pigment { color rgbt <1,0,0,0> }
	no_shadow
}
cylinder {
	<26.947870, 33.180782, 29.408607>,  <26.746006, 32.862537, 29.274551>, 0.100000
	pigment { color rgbt <1,0,0,0> }
	no_shadow
}

// particle -1
sphere {
	<26.947870, 33.180782, 29.408607> 0.100000
	pigment { color rgbt <1,0,0,0> }
	no_shadow
}
sphere {
	0, 1
	scale<0.080000,0.200000,0.300000>
	matrix <0.298041, 0.203773, -0.932549,
		-0.810240, 0.570506, -0.134289,
		0.504660, 0.795613, 0.335139,
		27.099268, 33.419468, 29.509150>
	pigment { color rgbt <0,1,1,0> }
	no_shadow
}
cylinder {
	<26.579124, 33.329929, 28.889334>,  <26.746006, 32.862537, 29.274551>, 0.130000
	pigment { color rgbt <1,0,0,0> }
	no_shadow
}

// nucleotide -1

// particle -1
sphere {
	<26.579124, 33.329929, 28.889334> 0.250000
	pigment { color rgbt <1,0,0,0> }
	no_shadow
}
cylinder {
	<26.934526, 33.455246, 29.023441>,  <27.147768, 33.530437, 29.103905>, 0.100000
	pigment { color rgbt <1,0,0,0> }
	no_shadow
}
cylinder {
	<26.934526, 33.455246, 29.023441>,  <26.579124, 33.329929, 28.889334>, 0.100000
	pigment { color rgbt <1,0,0,0> }
	no_shadow
}

// particle -1
sphere {
	<26.934526, 33.455246, 29.023441> 0.100000
	pigment { color rgbt <1,0,0,0> }
	no_shadow
}
sphere {
	0, 1
	scale<0.080000,0.200000,0.300000>
	matrix <0.292230, 0.176979, -0.939830,
		-0.353776, 0.933020, 0.065693,
		0.888507, 0.313292, 0.335267,
		27.201078, 33.549232, 29.124022>
	pigment { color rgbt <0,1,1,0> }
	no_shadow
}
cylinder {
	<26.733362, 33.878948, 28.509020>,  <26.579124, 33.329929, 28.889334>, 0.130000
	pigment { color rgbt <1,0,0,0> }
	no_shadow
}

// nucleotide -1

// particle -1
sphere {
	<26.733362, 33.878948, 28.509020> 0.250000
	pigment { color rgbt <1,0,0,0> }
	no_shadow
}
cylinder {
	<27.093344, 33.767387, 28.643059>,  <27.309334, 33.700451, 28.723482>, 0.100000
	pigment { color rgbt <1,0,0,0> }
	no_shadow
}
cylinder {
	<27.093344, 33.767387, 28.643059>,  <26.733362, 33.878948, 28.509020>, 0.100000
	pigment { color rgbt <1,0,0,0> }
	no_shadow
}

// particle -1
sphere {
	<27.093344, 33.767387, 28.643059> 0.100000
	pigment { color rgbt <1,0,0,0> }
	no_shadow
}
sphere {
	0, 1
	scale<0.080000,0.200000,0.300000>
	matrix <0.400674, 0.226098, -0.887885,
		0.171871, 0.933323, 0.315228,
		0.899956, -0.278906, 0.335099,
		27.363331, 33.683716, 28.743587>
	pigment { color rgbt <0,1,1,0> }
	no_shadow
}
cylinder {
	<27.178238, 34.337189, 28.164721>,  <26.733362, 33.878948, 28.509020>, 0.130000
	pigment { color rgbt <1,0,0,0> }
	no_shadow
}

// nucleotide -1

// particle -1
sphere {
	<27.178238, 34.337189, 28.164721> 0.250000
	pigment { color rgbt <1,0,0,0> }
	no_shadow
}
cylinder {
	<27.407259, 34.035000, 28.292126>,  <27.544672, 33.853687, 28.368568>, 0.100000
	pigment { color rgbt <1,0,0,0> }
	no_shadow
}
cylinder {
	<27.407259, 34.035000, 28.292126>,  <27.178238, 34.337189, 28.164721>, 0.100000
	pigment { color rgbt <1,0,0,0> }
	no_shadow
}

// particle -1
sphere {
	<27.407259, 34.035000, 28.292126> 0.100000
	pigment { color rgbt <1,0,0,0> }
	no_shadow
}
sphere {
	0, 1
	scale<0.080000,0.200000,0.300000>
	matrix <0.553320, 0.069384, -0.830074,
		0.604995, 0.651501, 0.457741,
		0.572554, -0.755468, 0.318511,
		27.579025, 33.808361, 28.387680>
	pigment { color rgbt <0,1,1,0> }
	no_shadow
}
cylinder {
	<27.879452, 34.497868, 28.133553>,  <27.178238, 34.337189, 28.164721>, 0.130000
	pigment { color rgbt <1,0,0,0> }
	no_shadow
}

// nucleotide -1

// particle -1
sphere {
	<27.879452, 34.497868, 28.133553> 0.250000
	pigment { color rgbt <1,0,0,0> }
	no_shadow
}
cylinder {
	<27.892647, 34.098217, 28.123356>,  <27.900564, 33.858425, 28.117237>, 0.100000
	pigment { color rgbt <1,0,0,0> }
	no_shadow
}
cylinder {
	<27.892647, 34.098217, 28.123356>,  <27.879452, 34.497868, 28.133553>, 0.100000
	pigment { color rgbt <1,0,0,0> }
	no_shadow
}

// particle -1
sphere {
	<27.892647, 34.098217, 28.123356> 0.100000
	pigment { color rgbt <1,0,0,0> }
	no_shadow
}
sphere {
	0, 1
	scale<0.080000,0.200000,0.300000>
	matrix <0.758094, 0.041634, -0.650815,
		0.651311, 0.002144, 0.758808,
		0.032988, -0.999131, -0.025491,
		27.902544, 33.798477, 28.115709>
	pigment { color rgbt <0,1,1,0> }
	no_shadow
}
cylinder {
	<28.617912, 34.382668, 28.238110>,  <27.879452, 34.497868, 28.133553>, 0.130000
	pigment { color rgbt <1,0,0,0> }
	no_shadow
}

// nucleotide -1

// particle -1
sphere {
	<28.617912, 34.382668, 28.238110> 0.250000
	pigment { color rgbt <1,0,0,0> }
	no_shadow
}
cylinder {
	<28.463039, 34.065323, 28.050207>,  <28.370115, 33.874916, 27.937466>, 0.100000
	pigment { color rgbt <1,0,0,0> }
	no_shadow
}
cylinder {
	<28.463039, 34.065323, 28.050207>,  <28.617912, 34.382668, 28.238110>, 0.100000
	pigment { color rgbt <1,0,0,0> }
	no_shadow
}

// particle -1
sphere {
	<28.463039, 34.065323, 28.050207> 0.100000
	pigment { color rgbt <1,0,0,0> }
	no_shadow
}
sphere {
	0, 1
	scale<0.080000,0.200000,0.300000>
	matrix <0.842992, -0.098253, -0.528878,
		0.373436, -0.600771, 0.706838,
		-0.387184, -0.793360, -0.469754,
		28.346884, 33.827316, 27.909281>
	pigment { color rgbt <0,1,1,0> }
	no_shadow
}
cylinder {
	<29.169012, 33.972271, 28.144409>,  <28.617912, 34.382668, 28.238110>, 0.130000
	pigment { color rgbt <1,0,0,0> }
	no_shadow
}

// nucleotide -1

// particle -1
sphere {
	<29.169012, 33.972271, 28.144409> 0.250000
	pigment { color rgbt <1,0,0,0> }
	no_shadow
}
cylinder {
	<28.894030, 33.830296, 27.890978>,  <28.729040, 33.745110, 27.738918>, 0.100000
	pigment { color rgbt <1,0,0,0> }
	no_shadow
}
cylinder {
	<28.894030, 33.830296, 27.890978>,  <29.169012, 33.972271, 28.144409>, 0.100000
	pigment { color rgbt <1,0,0,0> }
	no_shadow
}

// particle -1
sphere {
	<28.894030, 33.830296, 27.890978> 0.100000
	pigment { color rgbt <1,0,0,0> }
	no_shadow
}
sphere {
	0, 1
	scale<0.080000,0.200000,0.300000>
	matrix <0.715292, -0.180114, -0.675216,
		0.125543, -0.917376, 0.377705,
		-0.687457, -0.354937, -0.633579,
		28.687792, 33.723816, 27.700905>
	pigment { color rgbt <0,1,1,0> }
	no_shadow
}
cylinder {
	<29.494926, 33.399689, 27.827066>,  <29.169012, 33.972271, 28.144409>, 0.130000
	pigment { color rgbt <1,0,0,0> }
	no_shadow
}

// nucleotide -1

// particle -1
sphere {
	<29.494926, 33.399689, 27.827066> 0.250000
	pigment { color rgbt <1,0,0,0> }
	no_shadow
}
cylinder {
	<29.185539, 33.474747, 27.584898>,  <28.999907, 33.519783, 27.439596>, 0.100000
	pigment { color rgbt <1,0,0,0> }
	no_shadow
}
cylinder {
	<29.185539, 33.474747, 27.584898>,  <29.494926, 33.399689, 27.827066>, 0.100000
	pigment { color rgbt <1,0,0,0> }
	no_shadow
}

// particle -1
sphere {
	<29.185539, 33.474747, 27.584898> 0.100000
	pigment { color rgbt <1,0,0,0> }
	no_shadow
}
sphere {
	0, 1
	scale<0.080000,0.200000,0.300000>
	matrix <0.583547, -0.162046, -0.795748,
		-0.247423, -0.968778, 0.015838,
		-0.773469, 0.187644, -0.605421,
		28.953499, 33.531040, 27.403273>
	pigment { color rgbt <0,1,1,0> }
	no_shadow
}
cylinder {
	<29.604801, 32.926304, 27.308136>,  <29.494926, 33.399689, 27.827066>, 0.130000
	pigment { color rgbt <1,0,0,0> }
	no_shadow
}

// nucleotide -1

// particle -1
sphere {
	<29.604801, 32.926304, 27.308136> 0.250000
	pigment { color rgbt <1,0,0,0> }
	no_shadow
}
cylinder {
	<29.390627, 33.221539, 27.143927>,  <29.262121, 33.398682, 27.045401>, 0.100000
	pigment { color rgbt <1,0,0,0> }
	no_shadow
}
cylinder {
	<29.390627, 33.221539, 27.143927>,  <29.604801, 32.926304, 27.308136>, 0.100000
	pigment { color rgbt <1,0,0,0> }
	no_shadow
}

// particle -1
sphere {
	<29.390627, 33.221539, 27.143927> 0.100000
	pigment { color rgbt <1,0,0,0> }
	no_shadow
}
sphere {
	0, 1
	scale<0.080000,0.200000,0.300000>
	matrix <0.547204, -0.067079, -0.834307,
		-0.643330, -0.671361, -0.367969,
		-0.535438, 0.738089, -0.410525,
		29.229996, 33.442966, 27.020769>
	pigment { color rgbt <0,1,1,0> }
	no_shadow
}
cylinder {
	<29.411587, 32.656292, 26.768965>,  <29.604801, 32.926304, 27.308136>, 0.130000
	pigment { color rgbt <1,0,0,0> }
	no_shadow
}

// nucleotide -1

// particle -1
sphere {
	<29.411587, 32.656292, 26.768965> 0.250000
	pigment { color rgbt <1,0,0,0> }
	no_shadow
}
cylinder {
	<29.390770, 33.047119, 26.686369>,  <29.378281, 33.281616, 26.636812>, 0.100000
	pigment { color rgbt <1,0,0,0> }
	no_shadow
}
cylinder {
	<29.390770, 33.047119, 26.686369>,  <29.411587, 32.656292, 26.768965>, 0.100000
	pigment { color rgbt <1,0,0,0> }
	no_shadow
}

// particle -1
sphere {
	<29.390770, 33.047119, 26.686369> 0.100000
	pigment { color rgbt <1,0,0,0> }
	no_shadow
}
sphere {
	0, 1
	scale<0.080000,0.200000,0.300000>
	matrix <0.401103, -0.168908, -0.900326,
		-0.914554, -0.129677, -0.383113,
		-0.052040, 0.977064, -0.206489,
		29.375158, 33.340237, 26.624422>
	pigment { color rgbt <0,1,1,0> }
	no_shadow
}
cylinder {
	<29.041193, 32.856846, 26.093168>,  <29.411587, 32.656292, 26.768965>, 0.130000
	pigment { color rgbt <1,0,0,0> }
	no_shadow
}

// nucleotide -1

// particle -1
sphere {
	<29.041193, 32.856846, 26.093168> 0.250000
	pigment { color rgbt <1,0,0,0> }
	no_shadow
}
cylinder {
	<29.355173, 33.078369, 26.204269>,  <29.543562, 33.211285, 26.270929>, 0.100000
	pigment { color rgbt <1,0,0,0> }
	no_shadow
}
cylinder {
	<29.355173, 33.078369, 26.204269>,  <29.041193, 32.856846, 26.093168>, 0.100000
	pigment { color rgbt <1,0,0,0> }
	no_shadow
}

// particle -1
sphere {
	<29.355173, 33.078369, 26.204269> 0.100000
	pigment { color rgbt <1,0,0,0> }
	no_shadow
}
sphere {
	0, 1
	scale<0.080000,0.200000,0.300000>
	matrix <0.504618, -0.311377, -0.805236,
		-0.359462, 0.772230, -0.523878,
		0.784951, 0.553810, 0.277753,
		29.590658, 33.244511, 26.287596>
	pigment { color rgbt <0,1,1,0> }
	no_shadow
}
cylinder {
	<29.177046, 33.375290, 25.579157>,  <29.041193, 32.856846, 26.093168>, 0.130000
	pigment { color rgbt <1,0,0,0> }
	no_shadow
}

// nucleotide -1

// particle -1
sphere {
	<29.177046, 33.375290, 25.579157> 0.250000
	pigment { color rgbt <1,0,0,0> }
	no_shadow
}
cylinder {
	<29.509478, 33.263294, 25.771374>,  <29.708937, 33.196098, 25.886703>, 0.100000
	pigment { color rgbt <1,0,0,0> }
	no_shadow
}
cylinder {
	<29.509478, 33.263294, 25.771374>,  <29.177046, 33.375290, 25.579157>, 0.100000
	pigment { color rgbt <1,0,0,0> }
	no_shadow
}

// particle -1
sphere {
	<29.509478, 33.263294, 25.771374> 0.100000
	pigment { color rgbt <1,0,0,0> }
	no_shadow
}
sphere {
	0, 1
	scale<0.080000,0.200000,0.300000>
	matrix <0.424403, -0.239140, -0.873324,
		0.359434, 0.929742, -0.079917,
		0.831077, -0.279985, 0.480540,
		29.758801, 33.179298, 25.915535>
	pigment { color rgbt <0,1,1,0> }
	no_shadow
}
cylinder {
	<29.850464, 33.773018, 25.501842>,  <29.177046, 33.375290, 25.579157>, 0.130000
	pigment { color rgbt <1,0,0,0> }
	no_shadow
}

// nucleotide -1

// particle -1
sphere {
	<29.850464, 33.773018, 25.501842> 0.250000
	pigment { color rgbt <1,0,0,0> }
	no_shadow
}
cylinder {
	<29.877979, 33.377689, 25.556240>,  <29.894487, 33.140491, 25.588879>, 0.100000
	pigment { color rgbt <1,0,0,0> }
	no_shadow
}
cylinder {
	<29.877979, 33.377689, 25.556240>,  <29.850464, 33.773018, 25.501842>, 0.100000
	pigment { color rgbt <1,0,0,0> }
	no_shadow
}

// particle -1
sphere {
	<29.877979, 33.377689, 25.556240> 0.100000
	pigment { color rgbt <1,0,0,0> }
	no_shadow
}
sphere {
	0, 1
	scale<0.080000,0.200000,0.300000>
	matrix <0.355853, -0.103042, -0.928844,
		0.932007, 0.112286, 0.344608,
		0.068787, -0.988319, 0.135993,
		29.898615, 33.081192, 25.597038>
	pigment { color rgbt <0,1,1,0> }
	no_shadow
}
cylinder {
	<30.645386, 33.548271, 25.322292>,  <29.850464, 33.773018, 25.501842>, 0.130000
	pigment { color rgbt <1,0,0,0> }
	no_shadow
}

// nucleotide -1

// particle -1
sphere {
	<30.645386, 33.548271, 25.322292> 0.250000
	pigment { color rgbt <1,0,0,0> }
	no_shadow
}
cylinder {
	<30.427498, 33.220085, 25.252882>,  <30.296766, 33.023174, 25.211235>, 0.100000
	pigment { color rgbt <1,0,0,0> }
	no_shadow
}
cylinder {
	<30.427498, 33.220085, 25.252882>,  <30.645386, 33.548271, 25.322292>, 0.100000
	pigment { color rgbt <1,0,0,0> }
	no_shadow
}

// particle -1
sphere {
	<30.427498, 33.220085, 25.252882> 0.100000
	pigment { color rgbt <1,0,0,0> }
	no_shadow
}
sphere {
	0, 1
	scale<0.080000,0.200000,0.300000>
	matrix <0.632988, -0.266523, -0.726837,
		0.550098, -0.505762, 0.664527,
		-0.544718, -0.820470, -0.173528,
		30.264082, 32.973946, 25.200823>
	pigment { color rgbt <0,1,1,0> }
	no_shadow
}
cylinder {
	<30.920494, 33.430157, 24.750626>,  <30.645386, 33.548271, 25.322292>, 0.130000
	pigment { color rgbt <1,0,0,0> }
	no_shadow
}

// nucleotide -1

// particle -1
sphere {
	<30.920494, 33.430157, 24.750626> 0.250000
	pigment { color rgbt <1,0,0,0> }
	no_shadow
}
cylinder {
	<30.654348, 33.134670, 24.793678>,  <30.494661, 32.957378, 24.819510>, 0.100000
	pigment { color rgbt <1,0,0,0> }
	no_shadow
}
cylinder {
	<30.654348, 33.134670, 24.793678>,  <30.920494, 33.430157, 24.750626>, 0.100000
	pigment { color rgbt <1,0,0,0> }
	no_shadow
}

// particle -1
sphere {
	<30.654348, 33.134670, 24.793678> 0.100000
	pigment { color rgbt <1,0,0,0> }
	no_shadow
}
sphere {
	0, 1
	scale<0.080000,0.200000,0.300000>
	matrix <0.405820, -0.478934, -0.778417,
		0.626580, -0.474251, 0.618452,
		-0.665363, -0.738720, 0.107630,
		30.454739, 32.913055, 24.825968>
	pigment { color rgbt <0,1,1,0> }
	no_shadow
}
cylinder {
	<31.285707, 33.841949, 25.315344>,  <30.920494, 33.430157, 24.750626>, 0.130000
	pigment { color rgbt <1,0,0,0> }
	no_shadow
}

// nucleotide -1

// particle -1
sphere {
	<31.285707, 33.841949, 25.315344> 0.250000
	pigment { color rgbt <1,0,0,0> }
	no_shadow
}
cylinder {
	<31.597281, 33.632412, 25.177444>,  <31.784224, 33.506687, 25.094706>, 0.100000
	pigment { color rgbt <1,0,0,0> }
	no_shadow
}
cylinder {
	<31.597281, 33.632412, 25.177444>,  <31.285707, 33.841949, 25.315344>, 0.100000
	pigment { color rgbt <1,0,0,0> }
	no_shadow
}

// particle -1
sphere {
	<31.597281, 33.632412, 25.177444> 0.100000
	pigment { color rgbt <1,0,0,0> }
	no_shadow
}
sphere {
	0, 1
	scale<0.080000,0.200000,0.300000>
	matrix <0.143621, -0.386115, 0.911202,
		-0.610442, -0.759276, -0.225521,
		0.778931, -0.523847, -0.344749,
		31.830959, 33.475258, 25.074020>
	pigment { color rgbt <0,1,1,0> }
	no_shadow
}
cylinder {
	<31.199755, 33.059978, 25.450579>,  <31.285707, 33.841949, 25.315344>, 0.130000
	pigment { color rgbt <1,0,0,0> }
	no_shadow
}

// nucleotide -1

// particle -1
sphere {
	<31.199755, 33.059978, 25.450579> 0.250000
	pigment { color rgbt <1,0,0,0> }
	no_shadow
}
cylinder {
	<31.587429, 33.158043, 25.440979>,  <31.820034, 33.216881, 25.435219>, 0.100000
	pigment { color rgbt <1,0,0,0> }
	no_shadow
}
cylinder {
	<31.587429, 33.158043, 25.440979>,  <31.199755, 33.059978, 25.450579>, 0.100000
	pigment { color rgbt <1,0,0,0> }
	no_shadow
}

// particle -1
sphere {
	<31.587429, 33.158043, 25.440979> 0.100000
	pigment { color rgbt <1,0,0,0> }
	no_shadow
}
sphere {
	0, 1
	scale<0.080000,0.200000,0.300000>
	matrix <0.106177, -0.327853, 0.938743,
		0.222275, -0.912364, -0.343781,
		0.969186, 0.245161, -0.023999,
		31.878185, 33.231590, 25.433779>
	pigment { color rgbt <0,1,1,0> }
	no_shadow
}
cylinder {
	<31.507954, 32.643021, 25.850460>,  <31.199755, 33.059978, 25.450579>, 0.130000
	pigment { color rgbt <1,0,0,0> }
	no_shadow
}

// nucleotide -1

// particle -1
sphere {
	<31.507954, 32.643021, 25.850460> 0.250000
	pigment { color rgbt <1,0,0,0> }
	no_shadow
}
cylinder {
	<31.768314, 32.943848, 25.891878>,  <31.924532, 33.124344, 25.916729>, 0.100000
	pigment { color rgbt <1,0,0,0> }
	no_shadow
}
cylinder {
	<31.768314, 32.943848, 25.891878>,  <31.507954, 32.643021, 25.850460>, 0.100000
	pigment { color rgbt <1,0,0,0> }
	no_shadow
}

// particle -1
sphere {
	<31.768314, 32.943848, 25.891878> 0.100000
	pigment { color rgbt <1,0,0,0> }
	no_shadow
}
sphere {
	0, 1
	scale<0.080000,0.200000,0.300000>
	matrix <0.042231, -0.172055, 0.984182,
		0.757985, -0.636235, -0.143751,
		0.650903, 0.752066, 0.103546,
		31.963585, 33.169468, 25.922941>
	pigment { color rgbt <0,1,1,0> }
	no_shadow
}
cylinder {
	<32.125401, 32.363369, 26.253937>,  <31.507954, 32.643021, 25.850460>, 0.130000
	pigment { color rgbt <1,0,0,0> }
	no_shadow
}

// nucleotide -1

// particle -1
sphere {
	<32.125401, 32.363369, 26.253937> 0.250000
	pigment { color rgbt <1,0,0,0> }
	no_shadow
}
cylinder {
	<32.054482, 32.751148, 26.321751>,  <32.011929, 32.983814, 26.362440>, 0.100000
	pigment { color rgbt <1,0,0,0> }
	no_shadow
}
cylinder {
	<32.054482, 32.751148, 26.321751>,  <32.125401, 32.363369, 26.253937>, 0.100000
	pigment { color rgbt <1,0,0,0> }
	no_shadow
}

// particle -1
sphere {
	<32.054482, 32.751148, 26.321751> 0.100000
	pigment { color rgbt <1,0,0,0> }
	no_shadow
}
sphere {
	0, 1
	scale<0.080000,0.200000,0.300000>
	matrix <-0.190943, -0.202877, 0.960407,
		0.965456, 0.137909, 0.221079,
		-0.177300, 0.969444, 0.169536,
		32.001293, 33.041981, 26.372612>
	pigment { color rgbt <0,1,1,0> }
	no_shadow
}
cylinder {
	<32.360252, 32.506672, 26.948832>,  <32.125401, 32.363369, 26.253937>, 0.130000
	pigment { color rgbt <1,0,0,0> }
	no_shadow
}

// nucleotide -1

// particle -1
sphere {
	<32.360252, 32.506672, 26.948832> 0.250000
	pigment { color rgbt <1,0,0,0> }
	no_shadow
}
cylinder {
	<32.131966, 32.832718, 26.909090>,  <31.994995, 33.028347, 26.885244>, 0.100000
	pigment { color rgbt <1,0,0,0> }
	no_shadow
}
cylinder {
	<32.131966, 32.832718, 26.909090>,  <32.360252, 32.506672, 26.948832>, 0.100000
	pigment { color rgbt <1,0,0,0> }
	no_shadow
}

// particle -1
sphere {
	<32.131966, 32.832718, 26.909090> 0.100000
	pigment { color rgbt <1,0,0,0> }
	no_shadow
}
sphere {
	0, 1
	scale<0.080000,0.200000,0.300000>
	matrix <-0.353916, -0.134991, 0.925484,
		0.740966, 0.563349, 0.365524,
		-0.570713, 0.815117, -0.099354,
		31.960752, 33.077251, 26.879284>
	pigment { color rgbt <0,1,1,0> }
	no_shadow
}
cylinder {
	<32.273056, 32.665356, 27.600576>,  <32.360252, 32.506672, 26.948832>, 0.130000
	pigment { color rgbt <1,0,0,0> }
	no_shadow
}

// nucleotide -1

// particle -1
sphere {
	<32.273056, 32.665356, 27.600576> 0.250000
	pigment { color rgbt <1,0,0,0> }
	no_shadow
}
cylinder {
	<31.971308, 32.872524, 27.439243>,  <31.790258, 32.996826, 27.342443>, 0.100000
	pigment { color rgbt <1,0,0,0> }
	no_shadow
}
cylinder {
	<31.971308, 32.872524, 27.439243>,  <32.273056, 32.665356, 27.600576>, 0.100000
	pigment { color rgbt <1,0,0,0> }
	no_shadow
}

// particle -1
sphere {
	<31.971308, 32.872524, 27.439243> 0.100000
	pigment { color rgbt <1,0,0,0> }
	no_shadow
}
sphere {
	0, 1
	scale<0.080000,0.200000,0.300000>
	matrix <-0.408377, 0.110784, 0.906066,
		0.513952, 0.848225, 0.127934,
		-0.754375, 0.517920, -0.403333,
		31.744995, 33.027901, 27.318243>
	pigment { color rgbt <0,1,1,0> }
	no_shadow
}
cylinder {
	<32.249058, 33.208126, 28.018110>,  <32.273056, 32.665356, 27.600576>, 0.130000
	pigment { color rgbt <1,0,0,0> }
	no_shadow
}

// nucleotide -1

// particle -1
sphere {
	<32.249058, 33.208126, 28.018110> 0.250000
	pigment { color rgbt <1,0,0,0> }
	no_shadow
}
cylinder {
	<31.898151, 33.206192, 27.826115>,  <31.687609, 33.205032, 27.710918>, 0.100000
	pigment { color rgbt <1,0,0,0> }
	no_shadow
}
cylinder {
	<31.898151, 33.206192, 27.826115>,  <32.249058, 33.208126, 28.018110>, 0.100000
	pigment { color rgbt <1,0,0,0> }
	no_shadow
}

// particle -1
sphere {
	<31.898151, 33.206192, 27.826115> 0.100000
	pigment { color rgbt <1,0,0,0> }
	no_shadow
}
sphere {
	0, 1
	scale<0.080000,0.200000,0.300000>
	matrix <-0.459868, 0.295099, 0.837519,
		0.137597, 0.955454, -0.261102,
		-0.877262, -0.004832, -0.479988,
		31.634974, 33.204742, 27.682117>
	pigment { color rgbt <0,1,1,0> }
	no_shadow
}
cylinder {
	<31.973524, 33.968750, 28.039875>,  <32.249058, 33.208126, 28.018110>, 0.130000
	pigment { color rgbt <1,0,0,0> }
	no_shadow
}

// nucleotide -1

// particle -1
sphere {
	<31.973524, 33.968750, 28.039875> 0.250000
	pigment { color rgbt <1,0,0,0> }
	no_shadow
}
cylinder {
	<31.672964, 33.710770, 27.984116>,  <31.492628, 33.555981, 27.950661>, 0.100000
	pigment { color rgbt <1,0,0,0> }
	no_shadow
}
cylinder {
	<31.672964, 33.710770, 27.984116>,  <31.973524, 33.968750, 28.039875>, 0.100000
	pigment { color rgbt <1,0,0,0> }
	no_shadow
}

// particle -1
sphere {
	<31.672964, 33.710770, 27.984116> 0.100000
	pigment { color rgbt <1,0,0,0> }
	no_shadow
}
sphere {
	0, 1
	scale<0.080000,0.200000,0.300000>
	matrix <-0.434989, 0.325310, 0.839618,
		-0.496168, 0.691525, -0.524986,
		-0.751400, -0.644955, -0.139397,
		31.447544, 33.517284, 27.942297>
	pigment { color rgbt <0,1,1,0> }
	no_shadow
}
cylinder {
	<31.363161, 34.370224, 28.230501>,  <31.973524, 33.968750, 28.039875>, 0.130000
	pigment { color rgbt <1,0,0,0> }
	no_shadow
}

// nucleotide -1

// particle -1
sphere {
	<31.363161, 34.370224, 28.230501> 0.250000
	pigment { color rgbt <1,0,0,0> }
	no_shadow
}
cylinder {
	<31.289799, 33.978096, 28.259695>,  <31.245781, 33.742817, 28.277212>, 0.100000
	pigment { color rgbt <1,0,0,0> }
	no_shadow
}
cylinder {
	<31.289799, 33.978096, 28.259695>,  <31.363161, 34.370224, 28.230501>, 0.100000
	pigment { color rgbt <1,0,0,0> }
	no_shadow
}

// particle -1
sphere {
	<31.289799, 33.978096, 28.259695> 0.100000
	pigment { color rgbt <1,0,0,0> }
	no_shadow
}
sphere {
	0, 1
	scale<0.080000,0.200000,0.300000>
	matrix <-0.392624, 0.141115, 0.908808,
		-0.901226, 0.138024, -0.410780,
		-0.183405, -0.980324, 0.072985,
		31.234777, 33.683998, 28.281591>
	pigment { color rgbt <0,1,1,0> }
	no_shadow
}
cylinder {
	<30.754112, 34.296471, 28.483353>,  <31.363161, 34.370224, 28.230501>, 0.130000
	pigment { color rgbt <1,0,0,0> }
	no_shadow
}

// nucleotide -1

// particle -1
sphere {
	<30.754112, 34.296471, 28.483353> 0.250000
	pigment { color rgbt <1,0,0,0> }
	no_shadow
}
cylinder {
	<30.919352, 33.938755, 28.552177>,  <31.018496, 33.724125, 28.593472>, 0.100000
	pigment { color rgbt <1,0,0,0> }
	no_shadow
}
cylinder {
	<30.919352, 33.938755, 28.552177>,  <30.754112, 34.296471, 28.483353>, 0.100000
	pigment { color rgbt <1,0,0,0> }
	no_shadow
}

// particle -1
sphere {
	<30.919352, 33.938755, 28.552177> 0.100000
	pigment { color rgbt <1,0,0,0> }
	no_shadow
}
sphere {
	0, 1
	scale<0.080000,0.200000,0.300000>
	matrix <-0.346480, 0.020391, 0.937836,
		-0.842201, -0.447033, -0.301428,
		0.413097, -0.894285, 0.172061,
		31.043282, 33.670471, 28.603796>
	pigment { color rgbt <0,1,1,0> }
	no_shadow
}
cylinder {
	<30.261768, 33.979519, 28.857412>,  <30.754112, 34.296471, 28.483353>, 0.130000
	pigment { color rgbt <1,0,0,0> }
	no_shadow
}

// nucleotide -1

// particle -1
sphere {
	<30.261768, 33.979519, 28.857412> 0.250000
	pigment { color rgbt <1,0,0,0> }
	no_shadow
}
cylinder {
	<30.600449, 33.771374, 28.901812>,  <30.803658, 33.646488, 28.928452>, 0.100000
	pigment { color rgbt <1,0,0,0> }
	no_shadow
}
cylinder {
	<30.600449, 33.771374, 28.901812>,  <30.261768, 33.979519, 28.857412>, 0.100000
	pigment { color rgbt <1,0,0,0> }
	no_shadow
}

// particle -1
sphere {
	<30.600449, 33.771374, 28.901812> 0.100000
	pigment { color rgbt <1,0,0,0> }
	no_shadow
}
sphere {
	0, 1
	scale<0.080000,0.200000,0.300000>
	matrix <-0.152960, -0.038247, 0.987492,
		-0.509606, -0.853090, -0.111978,
		0.846703, -0.520360, 0.110998,
		30.854460, 33.615265, 28.935112>
	pigment { color rgbt <0,1,1,0> }
	no_shadow
}
cylinder {
	<30.074614, 33.396130, 29.134981>,  <30.261768, 33.979519, 28.857412>, 0.130000
	pigment { color rgbt <1,0,0,0> }
	no_shadow
}

// nucleotide -1

// particle -1
sphere {
	<30.074614, 33.396130, 29.134981> 0.250000
	pigment { color rgbt <1,0,0,0> }
	no_shadow
}
cylinder {
	<30.453184, 33.488560, 29.225206>,  <30.680326, 33.544018, 29.279341>, 0.100000
	pigment { color rgbt <1,0,0,0> }
	no_shadow
}
cylinder {
	<30.453184, 33.488560, 29.225206>,  <30.074614, 33.396130, 29.134981>, 0.100000
	pigment { color rgbt <1,0,0,0> }
	no_shadow
}

// particle -1
sphere {
	<30.453184, 33.488560, 29.225206> 0.100000
	pigment { color rgbt <1,0,0,0> }
	no_shadow
}
sphere {
	0, 1
	scale<0.080000,0.200000,0.300000>
	matrix <-0.182842, -0.192280, 0.964156,
		0.266166, -0.953746, -0.139728,
		0.946427, 0.231077, 0.225563,
		30.737112, 33.557884, 29.292875>
	pigment { color rgbt <0,1,1,0> }
	no_shadow
}
cylinder {
	<30.393635, 32.847988, 29.540798>,  <30.074614, 33.396130, 29.134981>, 0.130000
	pigment { color rgbt <1,0,0,0> }
	no_shadow
}

// nucleotide -1

// particle -1
sphere {
	<30.393635, 32.847988, 29.540798> 0.250000
	pigment { color rgbt <1,0,0,0> }
	no_shadow
}
cylinder {
	<30.624615, 33.165482, 29.617250>,  <30.763203, 33.355980, 29.663122>, 0.100000
	pigment { color rgbt <1,0,0,0> }
	no_shadow
}
cylinder {
	<30.624615, 33.165482, 29.617250>,  <30.393635, 32.847988, 29.540798>, 0.100000
	pigment { color rgbt <1,0,0,0> }
	no_shadow
}

// particle -1
sphere {
	<30.624615, 33.165482, 29.617250> 0.100000
	pigment { color rgbt <1,0,0,0> }
	no_shadow
}
sphere {
	0, 1
	scale<0.080000,0.200000,0.300000>
