// switches for output
#declare DRAW_BASES = 1; // possible values are 0, 1; only relevant for DNA ribbons
#declare DRAW_BASES_TYPE = 3; // possible values are 1, 2, 3; only relevant for DNA ribbons
#declare DRAW_FOG = 0; // set to 1 to enable fog

#include "colors.inc"

#include "transforms.inc"
background { rgb <1, 1, 1>}

#default {
   normal{
       ripples 0.25
       frequency 0.20
       turbulence 0.2
       lambda 5
   }
	finish {
		phong 0.1
		phong_size 40.
	}
}

// original window dimensions: 1024x640


// camera settings

camera {
	sky <0, 0.179814, -0.983701>
	up <0, 0.179814, -0.983701>
	right 1.6 * <1, 0, 0>
	location <35, 94.9851, 44.8844>
	look_at <35, 29.7336, 32.9568>
	direction <0, -65.2515, -11.9276>
	angle 67.0682
}


# declare cpy_camera_pos = <35, 94.9851, 44.8844>;
# if (DRAW_FOG = 1)
fog {
	fog_type 2
	up vnormalize(cpy_camera_pos)
	color rgbt<1,1,1,0.3>
	distance 1e-5
	fog_alt 3e-3
	fog_offset 56
}
# end


// LIGHTS

# declare lum = 6;
global_settings {
	ambient_light rgb lum * <0.05, 0.05, 0.05>
	max_trace_level 15
}# declare cpy_direct_light_amount = 0.25;
light_source
{	1000 * <-1, -1.16352, -0.803886>,
	rgb lum * cpy_direct_light_amount
	parallel
}

light_source
{	1000 * <1, 1.16352, 0.803886>,
	rgb lum * cpy_direct_light_amount
	parallel
}

// strand 0

// nucleotide -1

// particle -1
sphere {
	<24.308134, 35.453362, 35.262814> 0.250000
	pigment { color rgbt <1,0,0,0> }
	no_shadow
}
cylinder {
	<24.464788, 35.095570, 35.176533>,  <24.558781, 34.880894, 35.124763>, 0.100000
	pigment { color rgbt <1,0,0,0> }
	no_shadow
}
cylinder {
	<24.464788, 35.095570, 35.176533>,  <24.308134, 35.453362, 35.262814>, 0.100000
	pigment { color rgbt <1,0,0,0> }
	no_shadow
}

// particle -1
sphere {
	<24.464788, 35.095570, 35.176533> 0.100000
	pigment { color rgbt <1,0,0,0> }
	no_shadow
}
sphere {
	0, 1
	scale<0.080000,0.200000,0.300000>
	matrix <0.896501, 0.318172, 0.308305,
		-0.207144, -0.314117, 0.926510,
		0.391634, -0.894481, -0.215699,
		24.582279, 34.827225, 35.111824>
	pigment { color rgbt <0,1,1,0> }
	no_shadow
}
cylinder {
	<24.934319, 35.391525, 35.668373>,  <24.308134, 35.453362, 35.262814>, 0.130000
	pigment { color rgbt <1,0,0,0> }
	no_shadow
}

// nucleotide -1

// particle -1
sphere {
	<24.934319, 35.391525, 35.668373> 0.250000
	pigment { color rgbt <1,0,0,0> }
	no_shadow
}
cylinder {
	<24.983789, 35.146511, 35.356091>,  <25.013472, 34.999504, 35.168720>, 0.100000
	pigment { color rgbt <1,0,0,0> }
	no_shadow
}
cylinder {
	<24.983789, 35.146511, 35.356091>,  <24.934319, 35.391525, 35.668373>, 0.100000
	pigment { color rgbt <1,0,0,0> }
	no_shadow
}

// particle -1
sphere {
	<24.983789, 35.146511, 35.356091> 0.100000
	pigment { color rgbt <1,0,0,0> }
	no_shadow
}
sphere {
	0, 1
	scale<0.080000,0.200000,0.300000>
	matrix <0.907686, 0.387766, -0.160444,
		0.401010, -0.688795, 0.603948,
		0.123677, -0.612535, -0.780708,
		25.020893, 34.962749, 35.121880>
	pigment { color rgbt <0,1,1,0> }
	no_shadow
}
cylinder {
	<25.620159, 35.144093, 35.614025>,  <24.934319, 35.391525, 35.668373>, 0.130000
	pigment { color rgbt <1,0,0,0> }
	no_shadow
}

// nucleotide -1

// particle -1
sphere {
	<25.620159, 35.144093, 35.614025> 0.250000
	pigment { color rgbt <1,0,0,0> }
	no_shadow
}
cylinder {
	<25.506847, 35.113419, 35.231640>,  <25.438860, 35.095013, 35.002209>, 0.100000
	pigment { color rgbt <1,0,0,0> }
	no_shadow
}
cylinder {
	<25.506847, 35.113419, 35.231640>,  <25.620159, 35.144093, 35.614025>, 0.100000
	pigment { color rgbt <1,0,0,0> }
	no_shadow
}

// particle -1
sphere {
	<25.506847, 35.113419, 35.231640> 0.100000
	pigment { color rgbt <1,0,0,0> }
	no_shadow
}
sphere {
	0, 1
	scale<0.080000,0.200000,0.300000>
	matrix <0.896214, 0.333675, -0.292338,
		0.341401, -0.939564, -0.025797,
		-0.283279, -0.076685, -0.955967,
		25.421864, 35.090412, 34.944851>
	pigment { color rgbt <0,1,1,0> }
	no_shadow
}
cylinder {
	<26.163794, 35.050083, 35.017647>,  <25.620159, 35.144093, 35.614025>, 0.130000
	pigment { color rgbt <1,0,0,0> }
	no_shadow
}

// nucleotide -1

// particle -1
sphere {
	<26.163794, 35.050083, 35.017647> 0.250000
	pigment { color rgbt <1,0,0,0> }
	no_shadow
}
cylinder {
	<26.399538, 35.371181, 35.053970>,  <26.540985, 35.563843, 35.075764>, 0.100000
	pigment { color rgbt <1,0,0,0> }
	no_shadow
}
cylinder {
	<26.399538, 35.371181, 35.053970>,  <26.163794, 35.050083, 35.017647>, 0.100000
	pigment { color rgbt <1,0,0,0> }
	no_shadow
}

// particle -1
sphere {
	<26.399538, 35.371181, 35.053970> 0.100000
	pigment { color rgbt <1,0,0,0> }
	no_shadow
}
sphere {
	0, 1
	scale<0.080000,0.200000,0.300000>
	matrix <-0.141468, 0.213224, -0.966707,
		-0.795387, 0.556892, 0.239229,
		0.589360, 0.802750, 0.090813,
		26.576345, 35.612007, 35.081215>
	pigment { color rgbt <0,1,1,0> }
	no_shadow
}
cylinder {
	<25.843330, 35.767654, 34.996819>,  <26.163794, 35.050083, 35.017647>, 0.130000
	pigment { color rgbt <1,0,0,0> }
	no_shadow
}

// nucleotide -1

// particle -1
sphere {
	<25.843330, 35.767654, 34.996819> 0.250000
	pigment { color rgbt <1,0,0,0> }
	no_shadow
}
cylinder {
	<26.214632, 35.760811, 34.848198>,  <26.437412, 35.756702, 34.759026>, 0.100000
	pigment { color rgbt <1,0,0,0> }
	no_shadow
}
cylinder {
	<26.214632, 35.760811, 34.848198>,  <25.843330, 35.767654, 34.996819>, 0.100000
	pigment { color rgbt <1,0,0,0> }
	no_shadow
}

// particle -1
sphere {
	<26.214632, 35.760811, 34.848198> 0.100000
	pigment { color rgbt <1,0,0,0> }
	no_shadow
}
sphere {
	0, 1
	scale<0.080000,0.200000,0.300000>
	matrix <-0.363010, 0.175997, -0.915013,
		0.081051, 0.984242, 0.157158,
		0.928253, -0.017112, -0.371555,
		26.493109, 35.755676, 34.736732>
	pigment { color rgbt <0,1,1,0> }
	no_shadow
}
cylinder {
	<25.931078, 36.396049, 34.531734>,  <25.843330, 35.767654, 34.996819>, 0.130000
	pigment { color rgbt <1,0,0,0> }
	no_shadow
}

// nucleotide -1

// particle -1
sphere {
	<25.931078, 36.396049, 34.531734> 0.250000
	pigment { color rgbt <1,0,0,0> }
	no_shadow
}
cylinder {
	<26.183863, 36.103477, 34.429256>,  <26.335533, 35.927937, 34.367767>, 0.100000
	pigment { color rgbt <1,0,0,0> }
	no_shadow
}
cylinder {
	<26.183863, 36.103477, 34.429256>,  <25.931078, 36.396049, 34.531734>, 0.100000
	pigment { color rgbt <1,0,0,0> }
	no_shadow
}

// particle -1
sphere {
	<26.183863, 36.103477, 34.429256> 0.100000
	pigment { color rgbt <1,0,0,0> }
	no_shadow
}
sphere {
	0, 1
	scale<0.080000,0.200000,0.300000>
	matrix <-0.164118, 0.196778, -0.966614,
		0.757421, 0.652912, 0.004316,
		0.631964, -0.731426, -0.256199,
		26.373451, 35.884048, 34.352398>
	pigment { color rgbt <0,1,1,0> }
	no_shadow
}
cylinder {
	<26.289368, 36.602436, 33.916817>,  <25.931078, 36.396049, 34.531734>, 0.130000
	pigment { color rgbt <1,0,0,0> }
	no_shadow
}

// nucleotide -1

// particle -1
sphere {
	<26.289368, 36.602436, 33.916817> 0.250000
	pigment { color rgbt <1,0,0,0> }
	no_shadow
}
cylinder {
	<26.353886, 36.207962, 33.901768>,  <26.392597, 35.971275, 33.892738>, 0.100000
	pigment { color rgbt <1,0,0,0> }
	no_shadow
}
cylinder {
	<26.353886, 36.207962, 33.901768>,  <26.289368, 36.602436, 33.916817>, 0.100000
	pigment { color rgbt <1,0,0,0> }
	no_shadow
}

// particle -1
sphere {
	<26.353886, 36.207962, 33.901768> 0.100000
	pigment { color rgbt <1,0,0,0> }
	no_shadow
}
sphere {
	0, 1
	scale<0.080000,0.200000,0.300000>
	matrix <-0.019357, 0.034950, -0.999202,
		0.986716, 0.161895, -0.013453,
		0.161296, -0.986189, -0.037619,
		26.402275, 35.912106, 33.890484>
	pigment { color rgbt <0,1,1,0> }
	no_shadow
}
cylinder {
	<26.839306, 36.321953, 33.410797>,  <26.289368, 36.602436, 33.916817>, 0.130000
	pigment { color rgbt <1,0,0,0> }
	no_shadow
}

// nucleotide -1

// particle -1
sphere {
	<26.839306, 36.321953, 33.410797> 0.250000
	pigment { color rgbt <1,0,0,0> }
	no_shadow
}
cylinder {
	<26.596836, 36.007851, 33.461281>,  <26.451355, 35.819389, 33.491570>, 0.100000
	pigment { color rgbt <1,0,0,0> }
	no_shadow
}
cylinder {
	<26.596836, 36.007851, 33.461281>,  <26.839306, 36.321953, 33.410797>, 0.100000
	pigment { color rgbt <1,0,0,0> }
	no_shadow
}

// particle -1
sphere {
	<26.596836, 36.007851, 33.461281> 0.100000
	pigment { color rgbt <1,0,0,0> }
	no_shadow
}
sphere {
	0, 1
	scale<0.080000,0.200000,0.300000>
	matrix <0.107426, -0.238068, -0.965289,
		0.788045, -0.571574, 0.228667,
		-0.606173, -0.785256, 0.126206,
		26.414984, 35.772274, 33.499142>
	pigment { color rgbt <0,1,1,0> }
	no_shadow
}
cylinder {
	<26.923885, 35.909695, 32.751938>,  <26.839306, 36.321953, 33.410797>, 0.130000
	pigment { color rgbt <1,0,0,0> }
	no_shadow
}

// nucleotide -1

// particle -1
sphere {
	<26.923885, 35.909695, 32.751938> 0.250000
	pigment { color rgbt <1,0,0,0> }
	no_shadow
}
cylinder {
	<26.666653, 35.669750, 32.942352>,  <26.512312, 35.525784, 33.056599>, 0.100000
	pigment { color rgbt <1,0,0,0> }
	no_shadow
}
cylinder {
	<26.666653, 35.669750, 32.942352>,  <26.923885, 35.909695, 32.751938>, 0.100000
	pigment { color rgbt <1,0,0,0> }
	no_shadow
}

// particle -1
sphere {
	<26.666653, 35.669750, 32.942352> 0.100000
	pigment { color rgbt <1,0,0,0> }
	no_shadow
}
sphere {
	0, 1
	scale<0.080000,0.200000,0.300000>
	matrix <-0.162274, -0.500758, -0.850240,
		0.748405, -0.624024, 0.224687,
		-0.643084, -0.599863, 0.476033,
		26.473728, 35.489792, 33.085163>
	pigment { color rgbt <0,1,1,0> }
	no_shadow
}
cylinder {
	<27.095728, 35.164921, 32.662437>,  <26.923885, 35.909695, 32.751938>, 0.130000
	pigment { color rgbt <1,0,0,0> }
	no_shadow
}

// nucleotide -1

// particle -1
sphere {
	<27.095728, 35.164921, 32.662437> 0.250000
	pigment { color rgbt <1,0,0,0> }
	no_shadow
}
cylinder {
	<26.705278, 35.220669, 32.729080>,  <26.471008, 35.254120, 32.769066>, 0.100000
	pigment { color rgbt <1,0,0,0> }
	no_shadow
}
cylinder {
	<26.705278, 35.220669, 32.729080>,  <27.095728, 35.164921, 32.662437>, 0.100000
	pigment { color rgbt <1,0,0,0> }
	no_shadow
}

// particle -1
sphere {
	<26.705278, 35.220669, 32.729080> 0.100000
	pigment { color rgbt <1,0,0,0> }
	no_shadow
}
sphere {
	0, 1
	scale<0.080000,0.200000,0.300000>
	matrix <-0.208480, -0.385867, -0.898689,
		-0.060965, -0.911966, 0.405710,
		-0.976125, 0.139371, 0.166602,
		26.412441, 35.262482, 32.779060>
	pigment { color rgbt <0,1,1,0> }
	no_shadow
}
cylinder {
	<26.778280, 34.554798, 32.335823>,  <27.095728, 35.164921, 32.662437>, 0.130000
	pigment { color rgbt <1,0,0,0> }
	no_shadow
}

// nucleotide -1

// particle -1
sphere {
	<26.778280, 34.554798, 32.335823> 0.250000
	pigment { color rgbt <1,0,0,0> }
	no_shadow
}
cylinder {
	<26.476906, 34.810162, 32.398773>,  <26.296082, 34.963379, 32.436543>, 0.100000
	pigment { color rgbt <1,0,0,0> }
	no_shadow
}
cylinder {
	<26.476906, 34.810162, 32.398773>,  <26.778280, 34.554798, 32.335823>, 0.100000
	pigment { color rgbt <1,0,0,0> }
	no_shadow
}

// particle -1
sphere {
	<26.476906, 34.810162, 32.398773> 0.100000
	pigment { color rgbt <1,0,0,0> }
	no_shadow
}
sphere {
	0, 1
	scale<0.080000,0.200000,0.300000>
	matrix <-0.440848, -0.312897, -0.841278,
		-0.487836, -0.703230, 0.517189,
		-0.753438, 0.638407, 0.157375,
		26.250874, 35.001682, 32.445984>
	pigment { color rgbt <0,1,1,0> }
	no_shadow
}
cylinder {
	<26.171431, 34.082329, 32.384541>,  <26.778280, 34.554798, 32.335823>, 0.130000
	pigment { color rgbt <1,0,0,0> }
	no_shadow
}

// nucleotide -1

// particle -1
sphere {
	<26.171431, 34.082329, 32.384541> 0.250000
	pigment { color rgbt <1,0,0,0> }
	no_shadow
}
cylinder {
	<26.029602, 34.451244, 32.323009>,  <25.944506, 34.672592, 32.286091>, 0.100000
	pigment { color rgbt <1,0,0,0> }
	no_shadow
}
cylinder {
	<26.029602, 34.451244, 32.323009>,  <26.171431, 34.082329, 32.384541>, 0.100000
	pigment { color rgbt <1,0,0,0> }
	no_shadow
}

// particle -1
sphere {
	<26.029602, 34.451244, 32.323009> 0.100000
	pigment { color rgbt <1,0,0,0> }
	no_shadow
}
sphere {
	0, 1
	scale<0.080000,0.200000,0.300000>
	matrix <-0.567719, -0.343066, -0.748331,
		-0.742950, -0.178007, 0.645243,
		-0.354569, 0.922290, -0.153823,
		25.923231, 34.727932, 32.276863>
	pigment { color rgbt <0,1,1,0> }
	no_shadow
}
cylinder {
	<25.476383, 33.952320, 32.262390>,  <26.171431, 34.082329, 32.384541>, 0.130000
	pigment { color rgbt <1,0,0,0> }
	no_shadow
}

// nucleotide -1

// particle -1
sphere {
	<25.476383, 33.952320, 32.262390> 0.250000
	pigment { color rgbt <1,0,0,0> }
	no_shadow
}
cylinder {
	<25.575134, 34.308800, 32.110168>,  <25.634384, 34.522686, 32.018837>, 0.100000
	pigment { color rgbt <1,0,0,0> }
	no_shadow
}
cylinder {
	<25.575134, 34.308800, 32.110168>,  <25.476383, 33.952320, 32.262390>, 0.100000
	pigment { color rgbt <1,0,0,0> }
	no_shadow
}

// particle -1
sphere {
	<25.575134, 34.308800, 32.110168> 0.100000
	pigment { color rgbt <1,0,0,0> }
	no_shadow
}
sphere {
	0, 1
	scale<0.080000,0.200000,0.300000>
	matrix <-0.531069, -0.204054, -0.822392,
		-0.810566, 0.405129, 0.422910,
		0.246878, 0.891197, -0.380550,
		25.649199, 34.576160, 31.996004>
	pigment { color rgbt <0,1,1,0> }
	no_shadow
}
cylinder {
	<24.929335, 34.067837, 31.892273>,  <25.476383, 33.952320, 32.262390>, 0.130000
	pigment { color rgbt <1,0,0,0> }
	no_shadow
}

// nucleotide -1

// particle -1
sphere {
	<24.929335, 34.067837, 31.892273> 0.250000
	pigment { color rgbt <1,0,0,0> }
	no_shadow
}
cylinder {
	<25.195286, 34.326374, 31.742514>,  <25.354856, 34.481499, 31.652658>, 0.100000
	pigment { color rgbt <1,0,0,0> }
	no_shadow
}
cylinder {
	<25.195286, 34.326374, 31.742514>,  <24.929335, 34.067837, 31.892273>, 0.100000
	pigment { color rgbt <1,0,0,0> }
	no_shadow
}

// particle -1
sphere {
	<25.195286, 34.326374, 31.742514> 0.100000
	pigment { color rgbt <1,0,0,0> }
	no_shadow
}
sphere {
	0, 1
	scale<0.080000,0.200000,0.300000>
	matrix <-0.342718, -0.181387, -0.921761,
		-0.663687, 0.741172, 0.100914,
		0.664879, 0.646346, -0.374397,
		25.394749, 34.520279, 31.630194>
	pigment { color rgbt <0,1,1,0> }
	no_shadow
}
cylinder {
	<24.543327, 34.435287, 31.512280>,  <24.929335, 34.067837, 31.892273>, 0.130000
	pigment { color rgbt <1,0,0,0> }
	no_shadow
}

// nucleotide -1

// particle -1
sphere {
	<24.543327, 34.435287, 31.512280> 0.250000
	pigment { color rgbt <1,0,0,0> }
	no_shadow
}
cylinder {
	<24.917793, 34.477894, 31.378262>,  <25.142473, 34.503456, 31.297852>, 0.100000
	pigment { color rgbt <1,0,0,0> }
	no_shadow
}
cylinder {
	<24.917793, 34.477894, 31.378262>,  <24.543327, 34.435287, 31.512280>, 0.100000
	pigment { color rgbt <1,0,0,0> }
	no_shadow
}

// particle -1
sphere {
	<24.917793, 34.477894, 31.378262> 0.100000
	pigment { color rgbt <1,0,0,0> }
	no_shadow
}
sphere {
	0, 1
	scale<0.080000,0.200000,0.300000>
	matrix <-0.322240, -0.121088, -0.938882,
		-0.140572, 0.986911, -0.079035,
		0.936163, 0.106512, -0.335044,
		25.198643, 34.509846, 31.277748>
	pigment { color rgbt <0,1,1,0> }
	no_shadow
}
cylinder {
	<24.436176, 34.834629, 30.874491>,  <24.543327, 34.435287, 31.512280>, 0.130000
	pigment { color rgbt <1,0,0,0> }
	no_shadow
}

// nucleotide -1

// particle -1
sphere {
	<24.436176, 34.834629, 30.874491> 0.250000
	pigment { color rgbt <1,0,0,0> }
	no_shadow
}
cylinder {
	<24.809015, 34.700489, 30.819744>,  <25.032719, 34.620003, 30.786896>, 0.100000
	pigment { color rgbt <1,0,0,0> }
	no_shadow
}
cylinder {
	<24.809015, 34.700489, 30.819744>,  <24.436176, 34.834629, 30.874491>, 0.100000
	pigment { color rgbt <1,0,0,0> }
	no_shadow
}

// particle -1
sphere {
	<24.809015, 34.700489, 30.819744> 0.100000
	pigment { color rgbt <1,0,0,0> }
	no_shadow
}
sphere {
	0, 1
	scale<0.080000,0.200000,0.300000>
	matrix <-0.132327, 0.036469, -0.990535,
		0.337172, 0.941386, -0.010384,
		0.932097, -0.335355, -0.136867,
		25.088644, 34.599884, 30.778685>
	pigment { color rgbt <0,1,1,0> }
	no_shadow
}
cylinder {
	<24.823900, 35.295322, 30.375847>,  <24.436176, 34.834629, 30.874491>, 0.130000
	pigment { color rgbt <1,0,0,0> }
	no_shadow
}

// nucleotide -1

// particle -1
sphere {
	<24.823900, 35.295322, 30.375847> 0.250000
	pigment { color rgbt <1,0,0,0> }
	no_shadow
}
cylinder {
	<25.024359, 34.949181, 30.377380>,  <25.144634, 34.741497, 30.378302>, 0.100000
	pigment { color rgbt <1,0,0,0> }
	no_shadow
}
cylinder {
	<25.024359, 34.949181, 30.377380>,  <24.823900, 35.295322, 30.375847>, 0.100000
	pigment { color rgbt <1,0,0,0> }
	no_shadow
}

// particle -1
sphere {
	<25.024359, 34.949181, 30.377380> 0.100000
	pigment { color rgbt <1,0,0,0> }
	no_shadow
}
sphere {
	0, 1
	scale<0.080000,0.200000,0.300000>
	matrix <0.031814, 0.013995, -0.999396,
		0.864777, 0.500966, 0.034544,
		0.501147, -0.865354, 0.003835,
		25.174704, 34.689575, 30.378531>
	pigment { color rgbt <0,1,1,0> }
	no_shadow
}
cylinder {
	<25.339197, 35.478683, 29.896235>,  <24.823900, 35.295322, 30.375847>, 0.130000
	pigment { color rgbt <1,0,0,0> }
	no_shadow
}

// nucleotide -1

// particle -1
sphere {
	<25.339197, 35.478683, 29.896235> 0.250000
	pigment { color rgbt <1,0,0,0> }
	no_shadow
}
cylinder {
	<25.356882, 35.079082, 29.898468>,  <25.367493, 34.839321, 29.899809>, 0.100000
	pigment { color rgbt <1,0,0,0> }
	no_shadow
}
cylinder {
	<25.356882, 35.079082, 29.898468>,  <25.339197, 35.478683, 29.896235>, 0.100000
	pigment { color rgbt <1,0,0,0> }
	no_shadow
}

// particle -1
sphere {
	<25.356882, 35.079082, 29.898468> 0.100000
	pigment { color rgbt <1,0,0,0> }
	no_shadow
}
sphere {
	0, 1
	scale<0.080000,0.200000,0.300000>
	matrix <0.048380, -0.003441, -0.998823,
		0.997850, 0.044433, 0.048180,
		0.044214, -0.999006, 0.005584,
		25.370146, 34.779381, 29.900143>
	pigment { color rgbt <0,1,1,0> }
	no_shadow
}
cylinder {
	<25.828770, 35.239487, 29.529089>,  <25.339197, 35.478683, 29.896235>, 0.130000
	pigment { color rgbt <1,0,0,0> }
	no_shadow
}

// nucleotide -1

// particle -1
sphere {
	<25.828770, 35.239487, 29.529089> 0.250000
	pigment { color rgbt <1,0,0,0> }
	no_shadow
}
cylinder {
	<25.658583, 34.877525, 29.533714>,  <25.556471, 34.660351, 29.536489>, 0.100000
	pigment { color rgbt <1,0,0,0> }
	no_shadow
}
cylinder {
	<25.658583, 34.877525, 29.533714>,  <25.828770, 35.239487, 29.529089>, 0.100000
	pigment { color rgbt <1,0,0,0> }
	no_shadow
}

// particle -1
sphere {
	<25.658583, 34.877525, 29.533714> 0.100000
	pigment { color rgbt <1,0,0,0> }
	no_shadow
}
sphere {
	0, 1
	scale<0.080000,0.200000,0.300000>
	matrix <0.264200, -0.136421, -0.954771,
		0.865549, -0.403170, 0.297117,
		-0.425468, -0.904899, 0.011562,
		25.530943, 34.606056, 29.537182>
	pigment { color rgbt <0,1,1,0> }
	no_shadow
}
cylinder {
	<26.346598, 34.715466, 29.262798>,  <25.828770, 35.239487, 29.529089>, 0.130000
	pigment { color rgbt <1,0,0,0> }
	no_shadow
}

// nucleotide -1

// particle -1
sphere {
	<26.346598, 34.715466, 29.262798> 0.250000
	pigment { color rgbt <1,0,0,0> }
	no_shadow
}
cylinder {
	<25.983093, 34.553162, 29.223780>,  <25.764992, 34.455780, 29.200369>, 0.100000
	pigment { color rgbt <1,0,0,0> }
	no_shadow
}
cylinder {
	<25.983093, 34.553162, 29.223780>,  <26.346598, 34.715466, 29.262798>, 0.100000
	pigment { color rgbt <1,0,0,0> }
	no_shadow
}

// particle -1
sphere {
	<25.983093, 34.553162, 29.223780> 0.100000
	pigment { color rgbt <1,0,0,0> }
	no_shadow
}
sphere {
	0, 1
	scale<0.080000,0.200000,0.300000>
	matrix <0.250221, -0.342720, -0.905501,
		0.333984, -0.847292, 0.412979,
		-0.908760, -0.405759, -0.097547,
		25.710464, 34.431435, 29.194515>
	pigment { color rgbt <0,1,1,0> }
	no_shadow
}
cylinder {
	<26.407082, 33.958595, 29.047659>,  <26.346598, 34.715466, 29.262798>, 0.130000
	pigment { color rgbt <1,0,0,0> }
	no_shadow
}

// nucleotide -1

// particle -1
sphere {
	<26.407082, 33.958595, 29.047659> 0.250000
	pigment { color rgbt <1,0,0,0> }
	no_shadow
}
cylinder {
	<26.038246, 34.071121, 28.941370>,  <25.816944, 34.138638, 28.877596>, 0.100000
	pigment { color rgbt <1,0,0,0> }
	no_shadow
}
cylinder {
	<26.038246, 34.071121, 28.941370>,  <26.407082, 33.958595, 29.047659>, 0.100000
	pigment { color rgbt <1,0,0,0> }
	no_shadow
}

// particle -1
sphere {
	<26.038246, 34.071121, 28.941370> 0.100000
	pigment { color rgbt <1,0,0,0> }
	no_shadow
}
sphere {
	0, 1
	scale<0.080000,0.200000,0.300000>
	matrix <0.132461, -0.415737, -0.899787,
		-0.363595, -0.864884, 0.346084,
		-0.922091, 0.281316, -0.265724,
		25.761620, 34.155518, 28.861652>
	pigment { color rgbt <0,1,1,0> }
	no_shadow
}
cylinder {
	<26.024166, 33.318897, 28.846918>,  <26.407082, 33.958595, 29.047659>, 0.130000
	pigment { color rgbt <1,0,0,0> }
	no_shadow
}

// nucleotide -1

// particle -1
sphere {
	<26.024166, 33.318897, 28.846918> 0.250000
	pigment { color rgbt <1,0,0,0> }
	no_shadow
}
cylinder {
	<25.857077, 33.628307, 28.656271>,  <25.756823, 33.813953, 28.541883>, 0.100000
	pigment { color rgbt <1,0,0,0> }
	no_shadow
}
cylinder {
	<25.857077, 33.628307, 28.656271>,  <26.024166, 33.318897, 28.846918>, 0.100000
	pigment { color rgbt <1,0,0,0> }
	no_shadow
}

// particle -1
sphere {
	<25.857077, 33.628307, 28.656271> 0.100000
	pigment { color rgbt <1,0,0,0> }
	no_shadow
}
sphere {
	0, 1
	scale<0.080000,0.200000,0.300000>
	matrix <-0.015158, -0.530436, -0.847589,
		-0.908448, -0.346834, 0.233301,
		-0.417724, 0.773527, -0.476616,
		25.731760, 33.860367, 28.513287>
	pigment { color rgbt <0,1,1,0> }
	no_shadow
}
cylinder {
	<25.583107, 32.985718, 28.491253>,  <26.024166, 33.318897, 28.846918>, 0.130000
	pigment { color rgbt <1,0,0,0> }
	no_shadow
}

// nucleotide -1

// particle -1
sphere {
	<25.583107, 32.985718, 28.491253> 0.250000
	pigment { color rgbt <1,0,0,0> }
	no_shadow
}
cylinder {
	<25.621395, 33.341499, 28.312496>,  <25.644367, 33.554970, 28.205242>, 0.100000
	pigment { color rgbt <1,0,0,0> }
	no_shadow
}
cylinder {
	<25.621395, 33.341499, 28.312496>,  <25.583107, 32.985718, 28.491253>, 0.100000
	pigment { color rgbt <1,0,0,0> }
	no_shadow
}

// particle -1
sphere {
	<25.621395, 33.341499, 28.312496> 0.100000
	pigment { color rgbt <1,0,0,0> }
	no_shadow
}
sphere {
	0, 1
	scale<0.080000,0.200000,0.300000>
	matrix <0.062502, -0.453438, -0.889094,
		-0.993444, 0.057171, -0.098995,
		0.095718, 0.889452, -0.446892,
		25.650110, 33.608334, 28.178429>
	pigment { color rgbt <0,1,1,0> }
	no_shadow
}
cylinder {
	<25.229467, 32.887657, 27.909763>,  <25.583107, 32.985718, 28.491253>, 0.130000
	pigment { color rgbt <1,0,0,0> }
	no_shadow
}

// nucleotide -1

// particle -1
sphere {
	<25.229467, 32.887657, 27.909763> 0.250000
	pigment { color rgbt <1,0,0,0> }
	no_shadow
}
cylinder {
	<25.434021, 33.219482, 27.820042>,  <25.556753, 33.418579, 27.766209>, 0.100000
	pigment { color rgbt <1,0,0,0> }
	no_shadow
}
cylinder {
	<25.434021, 33.219482, 27.820042>,  <25.229467, 32.887657, 27.909763>, 0.100000
	pigment { color rgbt <1,0,0,0> }
	no_shadow
}

// particle -1
sphere {
	<25.434021, 33.219482, 27.820042> 0.100000
	pigment { color rgbt <1,0,0,0> }
	no_shadow
}
sphere {
	0, 1
	scale<0.080000,0.200000,0.300000>
	matrix <0.239010, -0.388016, -0.890122,
		-0.825445, 0.401584, -0.396699,
		0.511385, 0.829563, -0.224303,
		25.587437, 33.468349, 27.752750>
	pigment { color rgbt <0,1,1,0> }
	no_shadow
}
cylinder {
	<25.069611, 32.970280, 27.235327>,  <25.229467, 32.887657, 27.909763>, 0.130000
	pigment { color rgbt <1,0,0,0> }
	no_shadow
}

// nucleotide -1

// particle -1
sphere {
	<25.069611, 32.970280, 27.235327> 0.250000
	pigment { color rgbt <1,0,0,0> }
	no_shadow
}
cylinder {
	<25.400826, 33.180897, 27.312378>,  <25.599554, 33.307266, 27.358608>, 0.100000
	pigment { color rgbt <1,0,0,0> }
	no_shadow
}
cylinder {
	<25.400826, 33.180897, 27.312378>,  <25.069611, 32.970280, 27.235327>, 0.100000
	pigment { color rgbt <1,0,0,0> }
	no_shadow
}

// particle -1
sphere {
	<25.400826, 33.180897, 27.312378> 0.100000
	pigment { color rgbt <1,0,0,0> }
	no_shadow
}
sphere {
	0, 1
	scale<0.080000,0.200000,0.300000>
	matrix <0.312187, -0.147616, -0.938482,
		-0.465717, 0.837235, -0.286612,
		0.828038, 0.526543, 0.192626,
		25.649237, 33.338860, 27.370165>
	pigment { color rgbt <0,1,1,0> }
	no_shadow
}
cylinder {
	<25.099289, 33.426662, 26.646502>,  <25.069611, 32.970280, 27.235327>, 0.130000
	pigment { color rgbt <1,0,0,0> }
	no_shadow
}

// nucleotide -1

// particle -1
sphere {
	<25.099289, 33.426662, 26.646502> 0.250000
	pigment { color rgbt <1,0,0,0> }
	no_shadow
}
cylinder {
	<25.465654, 33.387268, 26.802141>,  <25.685474, 33.363632, 26.895525>, 0.100000
	pigment { color rgbt <1,0,0,0> }
	no_shadow
}
cylinder {
	<25.465654, 33.387268, 26.802141>,  <25.099289, 33.426662, 26.646502>, 0.100000
	pigment { color rgbt <1,0,0,0> }
	no_shadow
}

// particle -1
sphere {
	<25.465654, 33.387268, 26.802141> 0.100000
	pigment { color rgbt <1,0,0,0> }
	no_shadow
}
sphere {
	0, 1
	scale<0.080000,0.200000,0.300000>
	matrix <0.386494, -0.045075, -0.921190,
		0.108263, 0.994117, -0.003221,
		0.915916, -0.098486, 0.389101,
		25.740429, 33.357723, 26.918871>
	pigment { color rgbt <0,1,1,0> }
	no_shadow
}
cylinder {
	<25.644440, 33.957924, 26.467472>,  <25.099289, 33.426662, 26.646502>, 0.130000
	pigment { color rgbt <1,0,0,0> }
	no_shadow
}

// nucleotide -1

// particle -1
sphere {
	<25.644440, 33.957924, 26.467472> 0.250000
	pigment { color rgbt <1,0,0,0> }
	no_shadow
}
cylinder {
	<25.789124, 33.588596, 26.519073>,  <25.875935, 33.367001, 26.550034>, 0.100000
	pigment { color rgbt <1,0,0,0> }
	no_shadow
}
cylinder {
	<25.789124, 33.588596, 26.519073>,  <25.644440, 33.957924, 26.467472>, 0.100000
	pigment { color rgbt <1,0,0,0> }
	no_shadow
}

// particle -1
sphere {
	<25.789124, 33.588596, 26.519073> 0.100000
	pigment { color rgbt <1,0,0,0> }
	no_shadow
}
sphere {
	0, 1
	scale<0.080000,0.200000,0.300000>
	matrix <0.467189, 0.059772, -0.882135,
		0.806783, 0.379347, 0.452986,
		0.361711, -0.923322, 0.129004,
		25.897636, 33.311600, 26.557775>
	pigment { color rgbt <0,1,1,0> }
	no_shadow
}
cylinder {
	<26.360481, 33.977440, 26.308390>,  <25.644440, 33.957924, 26.467472>, 0.130000
	pigment { color rgbt <1,0,0,0> }
	no_shadow
}

// nucleotide -1

// particle -1
sphere {
	<26.360481, 33.977440, 26.308390> 0.250000
	pigment { color rgbt <1,0,0,0> }
	no_shadow
}
cylinder {
	<26.219393, 33.609566, 26.239386>,  <26.134741, 33.388840, 26.197983>, 0.100000
	pigment { color rgbt <1,0,0,0> }
	no_shadow
}
cylinder {
	<26.219393, 33.609566, 26.239386>,  <26.360481, 33.977440, 26.308390>, 0.100000
	pigment { color rgbt <1,0,0,0> }
	no_shadow
}

// particle -1
sphere {
	<26.219393, 33.609566, 26.239386> 0.100000
	pigment { color rgbt <1,0,0,0> }
	no_shadow
}
sphere {
	0, 1
	scale<0.080000,0.200000,0.300000>
	matrix <0.523004, -0.040889, -0.851349,
		0.775923, -0.390512, 0.495423,
		-0.352720, -0.919689, -0.172512,
		26.113577, 33.333660, 26.187632>
	pigment { color rgbt <0,1,1,0> }
	no_shadow
}
cylinder {
	<26.886860, 33.460247, 25.949915>,  <26.360481, 33.977440, 26.308390>, 0.130000
	pigment { color rgbt <1,0,0,0> }
	no_shadow
}

// nucleotide -1

// particle -1
sphere {
	<26.886860, 33.460247, 25.949915> 0.250000
	pigment { color rgbt <1,0,0,0> }
	no_shadow
}
cylinder {
	<26.510820, 33.409309, 25.823425>,  <26.285196, 33.378746, 25.747532>, 0.100000
	pigment { color rgbt <1,0,0,0> }
	no_shadow
}
cylinder {
	<26.510820, 33.409309, 25.823425>,  <26.886860, 33.460247, 25.949915>, 0.100000
	pigment { color rgbt <1,0,0,0> }
	no_shadow
}

// particle -1
sphere {
	<26.510820, 33.409309, 25.823425> 0.100000
	pigment { color rgbt <1,0,0,0> }
	no_shadow
}
sphere {
	0, 1
	scale<0.080000,0.200000,0.300000>
	matrix <0.285423, 0.213208, -0.934385,
		0.186405, -0.968673, -0.164091,
		-0.940099, -0.127338, -0.316225,
		26.228790, 33.371109, 25.728558>
	pigment { color rgbt <0,1,1,0> }
	no_shadow
}
cylinder {
	<26.794563, 33.120941, 25.369884>,  <26.886860, 33.460247, 25.949915>, 0.130000
	pigment { color rgbt <1,0,0,0> }
	no_shadow
}

// nucleotide -1

// particle -1
sphere {
	<26.794563, 33.120941, 25.369884> 0.250000
	pigment { color rgbt <1,0,0,0> }
	no_shadow
}
cylinder {
	<26.444736, 33.314274, 25.354303>,  <26.234840, 33.430275, 25.344955>, 0.100000
	pigment { color rgbt <1,0,0,0> }
	no_shadow
}
cylinder {
	<26.444736, 33.314274, 25.354303>,  <26.794563, 33.120941, 25.369884>, 0.100000
	pigment { color rgbt <1,0,0,0> }
	no_shadow
}

// particle -1
sphere {
	<26.444736, 33.314274, 25.354303> 0.100000
	pigment { color rgbt <1,0,0,0> }
	no_shadow
}
sphere {
	0, 1
	scale<0.080000,0.200000,0.300000>
	matrix <0.159507, 0.210893, -0.964407,
		-0.457918, -0.849653, -0.261536,
		-0.874567, 0.483337, -0.038953,
		26.182365, 33.459274, 25.342617>
	pigment { color rgbt <0,1,1,0> }
	no_shadow
}
cylinder {
	<26.192024, 32.736160, 25.027897>,  <26.794563, 33.120941, 25.369884>, 0.130000
	pigment { color rgbt <1,0,0,0> }
	no_shadow
}

// nucleotide -1

// particle -1
sphere {
	<26.192024, 32.736160, 25.027897> 0.250000
	pigment { color rgbt <1,0,0,0> }
	no_shadow
}
cylinder {
	<26.440510, 32.431282, 25.100723>,  <26.589602, 32.248356, 25.144419>, 0.100000
	pigment { color rgbt <1,0,0,0> }
	no_shadow
}
cylinder {
	<26.440510, 32.431282, 25.100723>,  <26.192024, 32.736160, 25.027897>, 0.100000
	pigment { color rgbt <1,0,0,0> }
	no_shadow
}

// particle -1
sphere {
	<26.440510, 32.431282, 25.100723> 0.100000
	pigment { color rgbt <1,0,0,0> }
	no_shadow
}
sphere {
	0, 1
	scale<0.080000,0.200000,0.300000>
	matrix <0.155534, 0.347633, 0.924641,
		-0.768052, -0.546081, 0.334502,
		0.621213, -0.762199, 0.182066,
		26.626873, 32.202621, 25.155344>
	pigment { color rgbt <0,1,1,0> }
	no_shadow
}
cylinder {
	<26.157888, 32.430290, 25.708385>,  <26.192024, 32.736160, 25.027897>, 0.130000
	pigment { color rgbt <1,0,0,0> }
	no_shadow
}

// nucleotide -1

// particle -1
sphere {
	<26.157888, 32.430290, 25.708385> 0.250000
	pigment { color rgbt <1,0,0,0> }
	no_shadow
}
cylinder {
	<26.530155, 32.337170, 25.595490>,  <26.753515, 32.281296, 25.527752>, 0.100000
	pigment { color rgbt <1,0,0,0> }
	no_shadow
}
cylinder {
	<26.530155, 32.337170, 25.595490>,  <26.157888, 32.430290, 25.708385>, 0.100000
	pigment { color rgbt <1,0,0,0> }
	no_shadow
}

// particle -1
sphere {
	<26.530155, 32.337170, 25.595490> 0.100000
	pigment { color rgbt <1,0,0,0> }
	no_shadow
}
sphere {
	0, 1
	scale<0.080000,0.200000,0.300000>
	matrix <0.318506, 0.135940, 0.938123,
		-0.180031, -0.962976, 0.200664,
		0.930668, -0.232804, -0.282240,
		26.809355, 32.267330, 25.510818>
	pigment { color rgbt <0,1,1,0> }
	no_shadow
}
cylinder {
	<26.439798, 32.139442, 26.277716>,  <26.157888, 32.430290, 25.708385>, 0.130000
	pigment { color rgbt <1,0,0,0> }
	no_shadow
}

// nucleotide -1

// particle -1
sphere {
	<26.439798, 32.139442, 26.277716> 0.250000
	pigment { color rgbt <1,0,0,0> }
	no_shadow
}
cylinder {
	<26.749178, 32.255508, 26.052298>,  <26.934805, 32.325146, 25.917048>, 0.100000
	pigment { color rgbt <1,0,0,0> }
	no_shadow
}
cylinder {
	<26.749178, 32.255508, 26.052298>,  <26.439798, 32.139442, 26.277716>, 0.100000
	pigment { color rgbt <1,0,0,0> }
	no_shadow
}

// particle -1
sphere {
	<26.749178, 32.255508, 26.052298> 0.100000
	pigment { color rgbt <1,0,0,0> }
	no_shadow
}
sphere {
	0, 1
	scale<0.080000,0.200000,0.300000>
	matrix <0.528507, 0.195619, 0.826083,
		0.349939, -0.936770, -0.002052,
		0.773448, 0.290163, -0.563545,
		26.981213, 32.342556, 25.883234>
	pigment { color rgbt <0,1,1,0> }
	no_shadow
}
cylinder {
	<27.082127, 31.842922, 26.460165>,  <26.439798, 32.139442, 26.277716>, 0.130000
	pigment { color rgbt <1,0,0,0> }
	no_shadow
}

// nucleotide -1

// particle -1
sphere {
	<27.082127, 31.842922, 26.460165> 0.250000
	pigment { color rgbt <1,0,0,0> }
	no_shadow
}
cylinder {
	<27.188852, 32.189362, 26.291082>,  <27.252888, 32.397224, 26.189632>, 0.100000
	pigment { color rgbt <1,0,0,0> }
	no_shadow
}
cylinder {
	<27.188852, 32.189362, 26.291082>,  <27.082127, 31.842922, 26.460165>, 0.100000
	pigment { color rgbt <1,0,0,0> }
	no_shadow
}

// particle -1
sphere {
	<27.188852, 32.189362, 26.291082> 0.100000
	pigment { color rgbt <1,0,0,0> }
	no_shadow
}
sphere {
	0, 1
	scale<0.080000,0.200000,0.300000>
	matrix <0.602681, 0.192317, 0.774461,
		0.752054, -0.461396, -0.470668,
		0.266816, 0.866099, -0.422707,
		27.268898, 32.449192, 26.164270>
	pigment { color rgbt <0,1,1,0> }
	no_shadow
}
cylinder {
	<27.816822, 31.952003, 26.162342>,  <27.082127, 31.842922, 26.460165>, 0.130000
	pigment { color rgbt <1,0,0,0> }
	no_shadow
}

// nucleotide -1

// particle -1
sphere {
	<27.816822, 31.952003, 26.162342> 0.250000
	pigment { color rgbt <1,0,0,0> }
	no_shadow
}
cylinder {
	<27.645695, 32.275974, 26.322838>,  <27.543018, 32.470356, 26.419134>, 0.100000
	pigment { color rgbt <1,0,0,0> }
	no_shadow
}
cylinder {
	<27.645695, 32.275974, 26.322838>,  <27.816822, 31.952003, 26.162342>, 0.100000
	pigment { color rgbt <1,0,0,0> }
	no_shadow
}

// particle -1
sphere {
	<27.645695, 32.275974, 26.322838> 0.100000
	pigment { color rgbt <1,0,0,0> }
	no_shadow
}
sphere {
	0, 1
	scale<0.080000,0.200000,0.300000>
	matrix <0.653451, -0.029552, 0.756391,
		0.624478, 0.585788, -0.516604,
		-0.427818, 0.809926, 0.401238,
		27.517349, 32.518951, 26.443209>
	pigment { color rgbt <0,1,1,0> }
	no_shadow
}
cylinder {
	<28.262085, 32.447075, 26.388819>,  <27.816822, 31.952003, 26.162342>, 0.130000
	pigment { color rgbt <1,0,0,0> }
	no_shadow
}

// nucleotide -1

// particle -1
sphere {
	<28.262085, 32.447075, 26.388819> 0.250000
	pigment { color rgbt <1,0,0,0> }
	no_shadow
}
cylinder {
	<27.947083, 32.572231, 26.601208>,  <27.758081, 32.647324, 26.728642>, 0.100000
	pigment { color rgbt <1,0,0,0> }
	no_shadow
}
cylinder {
	<27.947083, 32.572231, 26.601208>,  <28.262085, 32.447075, 26.388819>, 0.100000
	pigment { color rgbt <1,0,0,0> }
	no_shadow
}

// particle -1
sphere {
	<27.947083, 32.572231, 26.601208> 0.100000
	pigment { color rgbt <1,0,0,0> }
	no_shadow
}
sphere {
	0, 1
	scale<0.080000,0.200000,0.300000>
	matrix <0.560403, 0.005014, 0.828205,
		0.256477, 0.949775, -0.179294,
		-0.787508, 0.312892, 0.530971,
		27.710831, 32.666100, 26.760498>
	pigment { color rgbt <0,1,1,0> }
	no_shadow
}
cylinder {
	<28.571571, 32.940228, 26.840357>,  <28.262085, 32.447075, 26.388819>, 0.130000
	pigment { color rgbt <1,0,0,0> }
	no_shadow
}

// nucleotide -1

// particle -1
sphere {
	<28.571571, 32.940228, 26.840357> 0.250000
	pigment { color rgbt <1,0,0,0> }
	no_shadow
}
cylinder {
	<28.223408, 32.843071, 27.011652>,  <28.014509, 32.784775, 27.114429>, 0.100000
	pigment { color rgbt <1,0,0,0> }
	no_shadow
}
cylinder {
	<28.223408, 32.843071, 27.011652>,  <28.571571, 32.940228, 26.840357>, 0.100000
	pigment { color rgbt <1,0,0,0> }
	no_shadow
}

// particle -1
sphere {
	<28.223408, 32.843071, 27.011652> 0.100000
	pigment { color rgbt <1,0,0,0> }
	no_shadow
}
sphere {
	0, 1
	scale<0.080000,0.200000,0.300000>
	matrix <0.390313, 0.189708, 0.900925,
		-0.300070, 0.951322, -0.070318,
		-0.870410, -0.242895, 0.428239,
		27.962284, 32.770203, 27.140123>
	pigment { color rgbt <0,1,1,0> }
	no_shadow
}
cylinder {
	<28.375399, 33.487350, 27.369511>,  <28.571571, 32.940228, 26.840357>, 0.130000
	pigment { color rgbt <1,0,0,0> }
	no_shadow
}

// nucleotide -1

// particle -1
sphere {
	<28.375399, 33.487350, 27.369511> 0.250000
	pigment { color rgbt <1,0,0,0> }
	no_shadow
}
cylinder {
	<28.183567, 33.153324, 27.477335>,  <28.068468, 32.952908, 27.542028>, 0.100000
	pigment { color rgbt <1,0,0,0> }
	no_shadow
}
cylinder {
	<28.183567, 33.153324, 27.477335>,  <28.375399, 33.487350, 27.369511>, 0.100000
	pigment { color rgbt <1,0,0,0> }
	no_shadow
}

// particle -1
sphere {
	<28.183567, 33.153324, 27.477335> 0.100000
	pigment { color rgbt <1,0,0,0> }
	no_shadow
}
sphere {
	0, 1
	scale<0.080000,0.200000,0.300000>
	matrix <0.343162, 0.104246, 0.933473,
		-0.807616, 0.540176, 0.236570,
		-0.479579, -0.835070, 0.269559,
		28.039694, 32.902802, 27.558203>
	pigment { color rgbt <0,1,1,0> }
	no_shadow
}
cylinder {
	<27.877207, 33.681995, 27.955290>,  <28.375399, 33.487350, 27.369511>, 0.130000
	pigment { color rgbt <1,0,0,0> }
	no_shadow
}

// nucleotide -1

// particle -1
sphere {
	<27.877207, 33.681995, 27.955290> 0.250000
	pigment { color rgbt <1,0,0,0> }
	no_shadow
}
cylinder {
	<27.964457, 33.293243, 27.990776>,  <28.016808, 33.059994, 28.012068>, 0.100000
	pigment { color rgbt <1,0,0,0> }
	no_shadow
}
cylinder {
	<27.964457, 33.293243, 27.990776>,  <27.877207, 33.681995, 27.955290>, 0.100000
	pigment { color rgbt <1,0,0,0> }
	no_shadow
}

// particle -1
sphere {
	<27.964457, 33.293243, 27.990776> 0.100000
	pigment { color rgbt <1,0,0,0> }
	no_shadow
}
sphere {
	0, 1
	scale<0.080000,0.200000,0.300000>
	matrix <0.424201, 0.176286, 0.888244,
		-0.878905, -0.156117, 0.450725,
		0.218126, -0.971880, 0.088714,
		28.029894, 33.001678, 28.017389>
	pigment { color rgbt <0,1,1,0> }
	no_shadow
}
cylinder {
	<27.739342, 33.488293, 28.671186>,  <27.877207, 33.681995, 27.955290>, 0.130000
	pigment { color rgbt <1,0,0,0> }
	no_shadow
}

// nucleotide -1

// particle -1
sphere {
	<27.739342, 33.488293, 28.671186> 0.250000
	pigment { color rgbt <1,0,0,0> }
	no_shadow
}
cylinder {
	<27.960571, 33.183662, 28.536066>,  <28.093309, 33.000885, 28.454994>, 0.100000
	pigment { color rgbt <1,0,0,0> }
	no_shadow
}
cylinder {
	<27.960571, 33.183662, 28.536066>,  <27.739342, 33.488293, 28.671186>, 0.100000
	pigment { color rgbt <1,0,0,0> }
	no_shadow
}

// particle -1
sphere {
	<27.960571, 33.183662, 28.536066> 0.100000
	pigment { color rgbt <1,0,0,0> }
	no_shadow
}
sphere {
	0, 1
	scale<0.080000,0.200000,0.300000>
	matrix <0.521698, 0.000461, 0.853130,
		-0.649570, -0.648073, 0.397569,
		0.553073, -0.761578, -0.337799,
		28.126493, 32.955189, 28.434727>
	pigment { color rgbt <0,1,1,0> }
	no_shadow
}
cylinder {
	<27.678062, 32.952633, 29.150387>,  <27.739342, 33.488293, 28.671186>, 0.130000
	pigment { color rgbt <1,0,0,0> }
	no_shadow
}

// nucleotide -1

// particle -1
sphere {
	<27.678062, 32.952633, 29.150387> 0.250000
	pigment { color rgbt <1,0,0,0> }
	no_shadow
}
cylinder {
	<27.999964, 32.831181, 28.946356>,  <28.193106, 32.758308, 28.823936>, 0.100000
	pigment { color rgbt <1,0,0,0> }
	no_shadow
}
cylinder {
	<27.999964, 32.831181, 28.946356>,  <27.678062, 32.952633, 29.150387>, 0.100000
	pigment { color rgbt <1,0,0,0> }
	no_shadow
}

// particle -1
sphere {
	<27.999964, 32.831181, 28.946356> 0.100000
	pigment { color rgbt <1,0,0,0> }
	no_shadow
}
sphere {
	0, 1
	scale<0.080000,0.200000,0.300000>
	matrix <0.514890, -0.070562, 0.854347,
		-0.295396, -0.950174, 0.099550,
		0.804754, -0.303628, -0.510079,
		28.241390, 32.740093, 28.793331>
	pigment { color rgbt <0,1,1,0> }
	no_shadow
}
cylinder {
	<27.870514, 32.312218, 29.406246>,  <27.678062, 32.952633, 29.150387>, 0.130000
	pigment { color rgbt <1,0,0,0> }
	no_shadow
}

// nucleotide -1

// particle -1
sphere {
	<27.870514, 32.312218, 29.406246> 0.250000
	pigment { color rgbt <1,0,0,0> }
	no_shadow
}
cylinder {
	<28.187094, 32.496613, 29.245699>,  <28.377041, 32.607250, 29.149370>, 0.100000
	pigment { color rgbt <1,0,0,0> }
	no_shadow
}
cylinder {
	<28.187094, 32.496613, 29.245699>,  <27.870514, 32.312218, 29.406246>, 0.100000
	pigment { color rgbt <1,0,0,0> }
	no_shadow
}

// particle -1
sphere {
	<28.187094, 32.496613, 29.245699> 0.100000
	pigment { color rgbt <1,0,0,0> }
	no_shadow
}
sphere {
	0, 1
	scale<0.080000,0.200000,0.300000>
	matrix <0.501250, -0.113718, 0.857798,
		0.349794, -0.880089, -0.321074,
		0.791450, 0.460991, -0.401366,
		28.424528, 32.634911, 29.125290>
	pigment { color rgbt <0,1,1,0> }
	no_shadow
}
cylinder {
	<28.342413, 32.075310, 29.805029>,  <27.870514, 32.312218, 29.406246>, 0.130000
	pigment { color rgbt <1,0,0,0> }
	no_shadow
}

// nucleotide -1

// particle -1
sphere {
	<28.342413, 32.075310, 29.805029> 0.250000
	pigment { color rgbt <1,0,0,0> }
	no_shadow
}
cylinder {
	<28.489534, 32.407589, 29.637863>,  <28.577808, 32.606956, 29.537563>, 0.100000
	pigment { color rgbt <1,0,0,0> }
	no_shadow
}
cylinder {
	<28.489534, 32.407589, 29.637863>,  <28.342413, 32.075310, 29.805029>, 0.100000
	pigment { color rgbt <1,0,0,0> }
	no_shadow
}

// particle -1
sphere {
	<28.489534, 32.407589, 29.637863> 0.100000
	pigment { color rgbt <1,0,0,0> }
	no_shadow
}
sphere {
	0, 1
	scale<0.080000,0.200000,0.300000>
	matrix <0.465911, 0.224318, 0.855925,
