// switches for output
#declare DRAW_BASES = 1; // possible values are 0, 1; only relevant for DNA ribbons
#declare DRAW_BASES_TYPE = 3; // possible values are 1, 2, 3; only relevant for DNA ribbons
#declare DRAW_FOG = 0; // set to 1 to enable fog

#include "colors.inc"

#include "transforms.inc"
background { rgb <1, 1, 1>}

#default {
   normal{
       ripples 0.25
       frequency 0.20
       turbulence 0.2
       lambda 5
   }
	finish {
		phong 0.1
		phong_size 40.
	}
}

// original window dimensions: 1024x640


// camera settings

camera {
	sky <0, 0.179814, -0.983701>
	up <0, 0.179814, -0.983701>
	right 1.6 * <1, 0, 0>
	location <35, 94.9851, 44.8844>
	look_at <35, 29.7336, 32.9568>
	direction <0, -65.2515, -11.9276>
	angle 67.0682
}


# declare cpy_camera_pos = <35, 94.9851, 44.8844>;
# if (DRAW_FOG = 1)
fog {
	fog_type 2
	up vnormalize(cpy_camera_pos)
	color rgbt<1,1,1,0.3>
	distance 1e-5
	fog_alt 3e-3
	fog_offset 56
}
# end


// LIGHTS

# declare lum = 6;
global_settings {
	ambient_light rgb lum * <0.05, 0.05, 0.05>
	max_trace_level 15
}# declare cpy_direct_light_amount = 0.25;
light_source
{	1000 * <-1, -1.16352, -0.803886>,
	rgb lum * cpy_direct_light_amount
	parallel
}

light_source
{	1000 * <1, 1.16352, 0.803886>,
	rgb lum * cpy_direct_light_amount
	parallel
}

// strand 0

// nucleotide -1

// particle -1
sphere {
	<24.358122, 35.240826, 34.763496> 0.250000
	pigment { color rgbt <1,0,0,0> }
	no_shadow
}
cylinder {
	<24.495588, 34.994072, 35.046719>,  <24.578068, 34.846020, 35.216652>, 0.100000
	pigment { color rgbt <1,0,0,0> }
	no_shadow
}
cylinder {
	<24.495588, 34.994072, 35.046719>,  <24.358122, 35.240826, 34.763496>, 0.100000
	pigment { color rgbt <1,0,0,0> }
	no_shadow
}

// particle -1
sphere {
	<24.495588, 34.994072, 35.046719> 0.100000
	pigment { color rgbt <1,0,0,0> }
	no_shadow
}
sphere {
	0, 1
	scale<0.080000,0.200000,0.300000>
	matrix <-0.450216, -0.769915, -0.452257,
		0.824136, -0.163355, -0.542323,
		0.343664, -0.616884, 0.708060,
		24.598688, 34.809006, 35.259136>
	pigment { color rgbt <0,1,1,0> }
	no_shadow
}
cylinder {
	<24.820005, 34.704899, 34.512897>,  <24.358122, 35.240826, 34.763496>, 0.130000
	pigment { color rgbt <1,0,0,0> }
	no_shadow
}

// nucleotide -1

// particle -1
sphere {
	<24.820005, 34.704899, 34.512897> 0.250000
	pigment { color rgbt <1,0,0,0> }
	no_shadow
}
cylinder {
	<24.600885, 34.589767, 34.827114>,  <24.469414, 34.520687, 35.015644>, 0.100000
	pigment { color rgbt <1,0,0,0> }
	no_shadow
}
cylinder {
	<24.600885, 34.589767, 34.827114>,  <24.820005, 34.704899, 34.512897>, 0.100000
	pigment { color rgbt <1,0,0,0> }
	no_shadow
}

// particle -1
sphere {
	<24.600885, 34.589767, 34.827114> 0.100000
	pigment { color rgbt <1,0,0,0> }
	no_shadow
}
sphere {
	0, 1
	scale<0.080000,0.200000,0.300000>
	matrix <-0.576023, -0.551183, -0.603652,
		0.606725, -0.783167, 0.136139,
		-0.547798, -0.287831, 0.785538,
		24.436546, 34.503418, 35.062775>
	pigment { color rgbt <0,1,1,0> }
	no_shadow
}
cylinder {
	<24.609762, 33.920135, 34.487427>,  <24.820005, 34.704899, 34.512897>, 0.130000
	pigment { color rgbt <1,0,0,0> }
	no_shadow
}

// nucleotide -1

// particle -1
sphere {
	<24.609762, 33.920135, 34.487427> 0.250000
	pigment { color rgbt <1,0,0,0> }
	no_shadow
}
cylinder {
	<24.361818, 34.178097, 34.666256>,  <24.213053, 34.332874, 34.773556>, 0.100000
	pigment { color rgbt <1,0,0,0> }
	no_shadow
}
cylinder {
	<24.361818, 34.178097, 34.666256>,  <24.609762, 33.920135, 34.487427>, 0.100000
	pigment { color rgbt <1,0,0,0> }
	no_shadow
}

// particle -1
sphere {
	<24.361818, 34.178097, 34.666256> 0.100000
	pigment { color rgbt <1,0,0,0> }
	no_shadow
}
sphere {
	0, 1
	scale<0.080000,0.200000,0.300000>
	matrix <-0.749038, -0.316427, -0.582078,
		-0.233914, -0.695686, 0.679195,
		-0.619859, 0.644900, 0.447078,
		24.175861, 34.371567, 34.800377>
	pigment { color rgbt <0,1,1,0> }
	no_shadow
}
cylinder {
	<24.789383, 33.774811, 35.247208>,  <24.609762, 33.920135, 34.487427>, 0.130000
	pigment { color rgbt <1,0,0,0> }
	no_shadow
}

// nucleotide -1

// particle -1
sphere {
	<24.789383, 33.774811, 35.247208> 0.250000
	pigment { color rgbt <1,0,0,0> }
	no_shadow
}
cylinder {
	<24.492268, 33.628845, 35.022675>,  <24.313997, 33.541264, 34.887955>, 0.100000
	pigment { color rgbt <1,0,0,0> }
	no_shadow
}
cylinder {
	<24.492268, 33.628845, 35.022675>,  <24.789383, 33.774811, 35.247208>, 0.100000
	pigment { color rgbt <1,0,0,0> }
	no_shadow
}

// particle -1
sphere {
	<24.492268, 33.628845, 35.022675> 0.100000
	pigment { color rgbt <1,0,0,0> }
	no_shadow
}
sphere {
	0, 1
	scale<0.080000,0.200000,0.300000>
	matrix <-0.502433, -0.250332, 0.827584,
		-0.442521, 0.896754, 0.002597,
		-0.742789, -0.364918, -0.561336,
		24.269430, 33.519371, 34.854275>
	pigment { color rgbt <0,1,1,0> }
	no_shadow
}
cylinder {
	<25.381376, 33.528507, 35.270882>,  <24.789383, 33.774811, 35.247208>, 0.130000
	pigment { color rgbt <1,0,0,0> }
	no_shadow
}

// nucleotide -1

// particle -1
sphere {
	<25.381376, 33.528507, 35.270882> 0.250000
	pigment { color rgbt <1,0,0,0> }
	no_shadow
}
cylinder {
	<25.398632, 33.927788, 35.287556>,  <25.408985, 34.167355, 35.297558>, 0.100000
	pigment { color rgbt <1,0,0,0> }
	no_shadow
}
cylinder {
	<25.398632, 33.927788, 35.287556>,  <25.381376, 33.528507, 35.270882>, 0.100000
	pigment { color rgbt <1,0,0,0> }
	no_shadow
}

// particle -1
sphere {
	<25.398632, 33.927788, 35.287556> 0.100000
	pigment { color rgbt <1,0,0,0> }
	no_shadow
}
sphere {
	0, 1
	scale<0.080000,0.200000,0.300000>
	matrix <0.665992, -0.059832, 0.743555,
		0.744710, -0.004318, -0.667374,
		0.043141, 0.998199, 0.041682,
		25.411573, 34.227249, 35.300060>
	pigment { color rgbt <0,1,1,0> }
	no_shadow
}
cylinder {
	<26.034250, 33.749355, 35.209183>,  <25.381376, 33.528507, 35.270882>, 0.130000
	pigment { color rgbt <1,0,0,0> }
	no_shadow
}

// nucleotide -1

// particle -1
sphere {
	<26.034250, 33.749355, 35.209183> 0.250000
	pigment { color rgbt <1,0,0,0> }
	no_shadow
}
cylinder {
	<25.847471, 33.993004, 35.465599>,  <25.735405, 34.139191, 35.619450>, 0.100000
	pigment { color rgbt <1,0,0,0> }
	no_shadow
}
cylinder {
	<25.847471, 33.993004, 35.465599>,  <26.034250, 33.749355, 35.209183>, 0.100000
	pigment { color rgbt <1,0,0,0> }
	no_shadow
}

// particle -1
sphere {
	<25.847471, 33.993004, 35.465599> 0.100000
	pigment { color rgbt <1,0,0,0> }
	no_shadow
}
sphere {
	0, 1
	scale<0.080000,0.200000,0.300000>
	matrix <0.660687, -0.241519, 0.710747,
		0.587753, 0.755409, -0.289660,
		-0.466946, 0.609118, 0.641043,
		25.707388, 34.175739, 35.657913>
	pigment { color rgbt <0,1,1,0> }
	no_shadow
}
cylinder {
	<26.714424, 33.690811, 35.281742>,  <26.034250, 33.749355, 35.209183>, 0.130000
	pigment { color rgbt <1,0,0,0> }
	no_shadow
}

// nucleotide -1

// particle -1
sphere {
	<26.714424, 33.690811, 35.281742> 0.250000
	pigment { color rgbt <1,0,0,0> }
	no_shadow
}
cylinder {
	<26.783232, 34.075115, 35.194710>,  <26.824516, 34.305698, 35.142490>, 0.100000
	pigment { color rgbt <1,0,0,0> }
	no_shadow
}
cylinder {
	<26.783232, 34.075115, 35.194710>,  <26.714424, 33.690811, 35.281742>, 0.100000
	pigment { color rgbt <1,0,0,0> }
	no_shadow
}

// particle -1
sphere {
	<26.783232, 34.075115, 35.194710> 0.100000
	pigment { color rgbt <1,0,0,0> }
	no_shadow
}
sphere {
	0, 1
	scale<0.080000,0.200000,0.300000>
	matrix <0.485580, 0.109474, 0.867310,
		0.857100, -0.254846, -0.447697,
		0.172019, 0.960765, -0.217578,
		26.834837, 34.363346, 35.129436>
	pigment { color rgbt <0,1,1,0> }
	no_shadow
}
cylinder {
	<27.366579, 33.798309, 35.453098>,  <26.714424, 33.690811, 35.281742>, 0.130000
	pigment { color rgbt <1,0,0,0> }
	no_shadow
}

// nucleotide -1

// particle -1
sphere {
	<27.366579, 33.798309, 35.453098> 0.250000
	pigment { color rgbt <1,0,0,0> }
	no_shadow
}
cylinder {
	<27.202583, 34.162971, 35.464302>,  <27.104185, 34.381771, 35.471024>, 0.100000
	pigment { color rgbt <1,0,0,0> }
	no_shadow
}
cylinder {
	<27.202583, 34.162971, 35.464302>,  <27.366579, 33.798309, 35.453098>, 0.100000
	pigment { color rgbt <1,0,0,0> }
	no_shadow
}

// particle -1
sphere {
	<27.202583, 34.162971, 35.464302> 0.100000
	pigment { color rgbt <1,0,0,0> }
	no_shadow
}
sphere {
	0, 1
	scale<0.080000,0.200000,0.300000>
	matrix <0.492037, 0.195208, 0.848407,
		0.767990, 0.361621, -0.528603,
		-0.409989, 0.911660, 0.028013,
		27.079586, 34.436470, 35.472706>
	pigment { color rgbt <0,1,1,0> }
	no_shadow
}
cylinder {
	<27.905663, 34.280289, 35.470535>,  <27.366579, 33.798309, 35.453098>, 0.130000
	pigment { color rgbt <1,0,0,0> }
	no_shadow
}

// nucleotide -1

// particle -1
sphere {
	<27.905663, 34.280289, 35.470535> 0.250000
	pigment { color rgbt <1,0,0,0> }
	no_shadow
}
cylinder {
	<27.594097, 34.461178, 35.644333>,  <27.407158, 34.569710, 35.748611>, 0.100000
	pigment { color rgbt <1,0,0,0> }
	no_shadow
}
cylinder {
	<27.594097, 34.461178, 35.644333>,  <27.905663, 34.280289, 35.470535>, 0.100000
	pigment { color rgbt <1,0,0,0> }
	no_shadow
}

// particle -1
sphere {
	<27.594097, 34.461178, 35.644333> 0.100000
	pigment { color rgbt <1,0,0,0> }
	no_shadow
}
sphere {
	0, 1
	scale<0.080000,0.200000,0.300000>
	matrix <0.537617, 0.124785, 0.833905,
		0.322891, 0.883133, -0.340319,
		-0.778916, 0.452222, 0.434495,
		27.360422, 34.596844, 35.774681>
	pigment { color rgbt <0,1,1,0> }
	no_shadow
}
cylinder {
	<28.063213, 34.919437, 35.698231>,  <27.905663, 34.280289, 35.470535>, 0.130000
	pigment { color rgbt <1,0,0,0> }
	no_shadow
}

// nucleotide -1

// particle -1
sphere {
	<28.063213, 34.919437, 35.698231> 0.250000
	pigment { color rgbt <1,0,0,0> }
	no_shadow
}
cylinder {
	<27.738449, 34.852928, 35.922073>,  <27.543591, 34.813023, 36.056377>, 0.100000
	pigment { color rgbt <1,0,0,0> }
	no_shadow
}
cylinder {
	<27.738449, 34.852928, 35.922073>,  <28.063213, 34.919437, 35.698231>, 0.100000
	pigment { color rgbt <1,0,0,0> }
	no_shadow
}

// particle -1
sphere {
	<27.738449, 34.852928, 35.922073> 0.100000
	pigment { color rgbt <1,0,0,0> }
	no_shadow
}
sphere {
	0, 1
	scale<0.080000,0.200000,0.300000>
	matrix <0.552085, 0.092889, 0.828597,
		-0.189751, 0.981696, 0.016377,
		-0.811909, -0.166269, 0.559605,
		27.494877, 34.803047, 36.089954>
	pigment { color rgbt <0,1,1,0> }
	no_shadow
}
cylinder {
	<28.190439, 35.393524, 36.150158>,  <28.063213, 34.919437, 35.698231>, 0.130000
	pigment { color rgbt <1,0,0,0> }
	no_shadow
}

// nucleotide -1

// particle -1
sphere {
	<28.190439, 35.393524, 36.150158> 0.250000
	pigment { color rgbt <1,0,0,0> }
	no_shadow
}
cylinder {
	<27.915648, 35.163937, 36.328423>,  <27.750772, 35.026184, 36.435383>, 0.100000
	pigment { color rgbt <1,0,0,0> }
	no_shadow
}
cylinder {
	<27.915648, 35.163937, 36.328423>,  <28.190439, 35.393524, 36.150158>, 0.100000
	pigment { color rgbt <1,0,0,0> }
	no_shadow
}

// particle -1
sphere {
	<27.915648, 35.163937, 36.328423> 0.100000
	pigment { color rgbt <1,0,0,0> }
	no_shadow
}
sphere {
	0, 1
	scale<0.080000,0.200000,0.300000>
	matrix <0.439738, 0.159900, 0.883778,
		-0.578526, 0.803111, 0.142550,
		-0.686978, -0.573973, 0.445664,
		27.709555, 34.991745, 36.462120>
	pigment { color rgbt <0,1,1,0> }
	no_shadow
}
cylinder {
	<27.813416, 35.813385, 36.546509>,  <28.190439, 35.393524, 36.150158>, 0.130000
	pigment { color rgbt <1,0,0,0> }
	no_shadow
}

// nucleotide -1

// particle -1
sphere {
	<27.813416, 35.813385, 36.546509> 0.250000
	pigment { color rgbt <1,0,0,0> }
	no_shadow
}
cylinder {
	<27.749935, 35.464203, 36.731014>,  <27.711847, 35.254696, 36.841717>, 0.100000
	pigment { color rgbt <1,0,0,0> }
	no_shadow
}
cylinder {
	<27.749935, 35.464203, 36.731014>,  <27.813416, 35.813385, 36.546509>, 0.100000
	pigment { color rgbt <1,0,0,0> }
	no_shadow
}

// particle -1
sphere {
	<27.749935, 35.464203, 36.731014> 0.100000
	pigment { color rgbt <1,0,0,0> }
	no_shadow
}
sphere {
	0, 1
	scale<0.080000,0.200000,0.300000>
	matrix <0.221743, 0.423738, 0.878223,
		-0.962104, 0.241659, 0.126323,
		-0.158702, -0.872953, 0.461266,
		27.702324, 35.202316, 36.869392>
	pigment { color rgbt <0,1,1,0> }
	no_shadow
}
cylinder {
	<27.565487, 35.933819, 37.205448>,  <27.813416, 35.813385, 36.546509>, 0.130000
	pigment { color rgbt <1,0,0,0> }
	no_shadow
}

// nucleotide -1

// particle -1
sphere {
	<27.565487, 35.933819, 37.205448> 0.250000
	pigment { color rgbt <1,0,0,0> }
	no_shadow
}
cylinder {
	<27.684591, 35.555008, 37.253586>,  <27.756054, 35.327721, 37.282467>, 0.100000
	pigment { color rgbt <1,0,0,0> }
	no_shadow
}
cylinder {
	<27.684591, 35.555008, 37.253586>,  <27.565487, 35.933819, 37.205448>, 0.100000
	pigment { color rgbt <1,0,0,0> }
	no_shadow
}

// particle -1
sphere {
	<27.684591, 35.555008, 37.253586> 0.100000
	pigment { color rgbt <1,0,0,0> }
	no_shadow
}
sphere {
	0, 1
	scale<0.080000,0.200000,0.300000>
	matrix <0.279190, 0.206933, 0.937674,
		-0.912903, -0.245604, 0.326016,
		0.297760, -0.947026, 0.120340,
		27.773920, 35.270901, 37.289688>
	pigment { color rgbt <0,1,1,0> }
	no_shadow
}
cylinder {
	<27.395636, 35.794666, 37.874046>,  <27.565487, 35.933819, 37.205448>, 0.130000
	pigment { color rgbt <1,0,0,0> }
	no_shadow
}

// nucleotide -1

// particle -1
sphere {
	<27.395636, 35.794666, 37.874046> 0.250000
	pigment { color rgbt <1,0,0,0> }
	no_shadow
}
cylinder {
	<27.633015, 35.488281, 37.775150>,  <27.775442, 35.304451, 37.715813>, 0.100000
	pigment { color rgbt <1,0,0,0> }
	no_shadow
}
cylinder {
	<27.633015, 35.488281, 37.775150>,  <27.395636, 35.794666, 37.874046>, 0.100000
	pigment { color rgbt <1,0,0,0> }
	no_shadow
}

// particle -1
sphere {
	<27.633015, 35.488281, 37.775150> 0.100000
	pigment { color rgbt <1,0,0,0> }
	no_shadow
}
sphere {
	0, 1
	scale<0.080000,0.200000,0.300000>
	matrix <0.364858, -0.017788, 0.930893,
		-0.717424, -0.642644, 0.268910,
		0.593449, -0.765959, -0.247236,
		27.811050, 35.258495, 37.700981>
	pigment { color rgbt <0,1,1,0> }
	no_shadow
}
cylinder {
	<27.272842, 35.285507, 38.399708>,  <27.395636, 35.794666, 37.874046>, 0.130000
	pigment { color rgbt <1,0,0,0> }
	no_shadow
}

// nucleotide -1

// particle -1
sphere {
	<27.272842, 35.285507, 38.399708> 0.250000
	pigment { color rgbt <1,0,0,0> }
	no_shadow
}
cylinder {
	<27.634762, 35.236153, 38.236679>,  <27.851913, 35.206539, 38.138863>, 0.100000
	pigment { color rgbt <1,0,0,0> }
	no_shadow
}
cylinder {
	<27.634762, 35.236153, 38.236679>,  <27.272842, 35.285507, 38.399708>, 0.100000
	pigment { color rgbt <1,0,0,0> }
	no_shadow
}

// particle -1
sphere {
	<27.634762, 35.236153, 38.236679> 0.100000
	pigment { color rgbt <1,0,0,0> }
	no_shadow
}
sphere {
	0, 1
	scale<0.080000,0.200000,0.300000>
	matrix <0.414258, 0.033327, 0.909549,
		-0.098641, -0.991799, 0.081267,
		0.904798, -0.123385, -0.407574,
		27.906200, 35.199139, 38.114407>
	pigment { color rgbt <0,1,1,0> }
	no_shadow
}
cylinder {
	<27.579109, 34.855621, 38.804882>,  <27.272842, 35.285507, 38.399708>, 0.130000
	pigment { color rgbt <1,0,0,0> }
	no_shadow
}

// nucleotide -1

// particle -1
sphere {
	<27.579109, 34.855621, 38.804882> 0.250000
	pigment { color rgbt <1,0,0,0> }
	no_shadow
}
cylinder {
	<27.899086, 35.004223, 38.616383>,  <28.091072, 35.093384, 38.503281>, 0.100000
	pigment { color rgbt <1,0,0,0> }
	no_shadow
}
cylinder {
	<27.899086, 35.004223, 38.616383>,  <27.579109, 34.855621, 38.804882>, 0.100000
	pigment { color rgbt <1,0,0,0> }
	no_shadow
}

// particle -1
sphere {
	<27.899086, 35.004223, 38.616383> 0.100000
	pigment { color rgbt <1,0,0,0> }
	no_shadow
}
sphere {
	0, 1
	scale<0.080000,0.200000,0.300000>
	matrix <0.515909, -0.024687, 0.856287,
		0.306479, -0.928103, -0.211410,
		0.799942, 0.371503, -0.471251,
		28.139069, 35.115673, 38.475006>
	pigment { color rgbt <0,1,1,0> }
	no_shadow
}
cylinder {
	<28.202879, 34.453735, 39.124165>,  <27.579109, 34.855621, 38.804882>, 0.130000
	pigment { color rgbt <1,0,0,0> }
	no_shadow
}

// nucleotide -1

// particle -1
sphere {
	<28.202879, 34.453735, 39.124165> 0.250000
	pigment { color rgbt <1,0,0,0> }
	no_shadow
}
cylinder {
	<28.374952, 34.764099, 38.939598>,  <28.478195, 34.950317, 38.828857>, 0.100000
	pigment { color rgbt <1,0,0,0> }
	no_shadow
}
cylinder {
	<28.374952, 34.764099, 38.939598>,  <28.202879, 34.453735, 39.124165>, 0.100000
	pigment { color rgbt <1,0,0,0> }
	no_shadow
}

// particle -1
sphere {
	<28.374952, 34.764099, 38.939598> 0.100000
	pigment { color rgbt <1,0,0,0> }
	no_shadow
}
sphere {
	0, 1
	scale<0.080000,0.200000,0.300000>
	matrix <0.637095, 0.101180, 0.764116,
		0.639574, -0.622672, -0.450805,
		0.430181, 0.775914, -0.461413,
		28.504007, 34.996872, 38.801174>
	pigment { color rgbt <0,1,1,0> }
	no_shadow
}
cylinder {
	<28.931036, 34.300842, 39.104549>,  <28.202879, 34.453735, 39.124165>, 0.130000
	pigment { color rgbt <1,0,0,0> }
	no_shadow
}

// nucleotide -1

// particle -1
sphere {
	<28.931036, 34.300842, 39.104549> 0.250000
	pigment { color rgbt <1,0,0,0> }
	no_shadow
}
cylinder {
	<28.861437, 34.694511, 39.091061>,  <28.819677, 34.930714, 39.082970>, 0.100000
	pigment { color rgbt <1,0,0,0> }
	no_shadow
}
cylinder {
	<28.861437, 34.694511, 39.091061>,  <28.931036, 34.300842, 39.104549>, 0.100000
	pigment { color rgbt <1,0,0,0> }
	no_shadow
}

// particle -1
sphere {
	<28.861437, 34.694511, 39.091061> 0.100000
	pigment { color rgbt <1,0,0,0> }
	no_shadow
}
sphere {
	0, 1
	scale<0.080000,0.200000,0.300000>
	matrix <0.639663, 0.138990, 0.755985,
		0.748703, 0.109971, -0.653720,
		-0.173997, 0.984169, -0.033718,
		28.809238, 34.989761, 39.080944>
	pigment { color rgbt <0,1,1,0> }
	no_shadow
}
cylinder {
	<29.553755, 34.587379, 39.334400>,  <28.931036, 34.300842, 39.104549>, 0.130000
	pigment { color rgbt <1,0,0,0> }
	no_shadow
}

// nucleotide -1

// particle -1
sphere {
	<29.553755, 34.587379, 39.334400> 0.250000
	pigment { color rgbt <1,0,0,0> }
	no_shadow
}
cylinder {
	<29.317457, 34.910027, 39.342228>,  <29.175678, 35.103615, 39.346924>, 0.100000
	pigment { color rgbt <1,0,0,0> }
	no_shadow
}
cylinder {
	<29.317457, 34.910027, 39.342228>,  <29.553755, 34.587379, 39.334400>, 0.100000
	pigment { color rgbt <1,0,0,0> }
	no_shadow
}

// particle -1
sphere {
	<29.317457, 34.910027, 39.342228> 0.100000
	pigment { color rgbt <1,0,0,0> }
	no_shadow
}
sphere {
	0, 1
	scale<0.080000,0.200000,0.300000>
	matrix <0.496849, 0.344550, 0.796509,
		0.635737, 0.480258, -0.604310,
		-0.590744, 0.806621, 0.019573,
		29.140234, 35.152012, 39.348099>
	pigment { color rgbt <0,1,1,0> }
	no_shadow
}
cylinder {
	<29.958092, 35.211372, 39.385834>,  <29.553755, 34.587379, 39.334400>, 0.130000
	pigment { color rgbt <1,0,0,0> }
	no_shadow
}

// nucleotide -1

// particle -1
sphere {
	<29.958092, 35.211372, 39.385834> 0.250000
	pigment { color rgbt <1,0,0,0> }
	no_shadow
}
cylinder {
	<29.602486, 35.348034, 39.507767>,  <29.389122, 35.430031, 39.580925>, 0.100000
	pigment { color rgbt <1,0,0,0> }
	no_shadow
}
cylinder {
	<29.602486, 35.348034, 39.507767>,  <29.958092, 35.211372, 39.385834>, 0.100000
	pigment { color rgbt <1,0,0,0> }
	no_shadow
}

// particle -1
sphere {
	<29.602486, 35.348034, 39.507767> 0.100000
	pigment { color rgbt <1,0,0,0> }
	no_shadow
}
sphere {
	0, 1
	scale<0.080000,0.200000,0.300000>
	matrix <0.451895, 0.547410, 0.704367,
		0.073784, 0.763945, -0.641049,
		-0.889014, 0.341658, 0.304833,
		29.335781, 35.450531, 39.599216>
	pigment { color rgbt <0,1,1,0> }
	no_shadow
}
cylinder {
	<30.053520, 35.883217, 39.525093>,  <29.958092, 35.211372, 39.385834>, 0.130000
	pigment { color rgbt <1,0,0,0> }
	no_shadow
}

// nucleotide -1

// particle -1
sphere {
	<30.053520, 35.883217, 39.525093> 0.250000
	pigment { color rgbt <1,0,0,0> }
	no_shadow
}
cylinder {
	<29.732496, 35.767544, 39.733810>,  <29.539883, 35.698139, 39.859043>, 0.100000
	pigment { color rgbt <1,0,0,0> }
	no_shadow
}
cylinder {
	<29.732496, 35.767544, 39.733810>,  <30.053520, 35.883217, 39.525093>, 0.100000
	pigment { color rgbt <1,0,0,0> }
	no_shadow
}

// particle -1
sphere {
	<29.732496, 35.767544, 39.733810> 0.100000
	pigment { color rgbt <1,0,0,0> }
	no_shadow
}
sphere {
	0, 1
	scale<0.080000,0.200000,0.300000>
	matrix <0.390831, 0.405958, 0.826105,
		-0.450720, 0.866933, -0.212786,
		-0.802560, -0.289178, 0.521798,
		29.491728, 35.680790, 39.890350>
	pigment { color rgbt <0,1,1,0> }
	no_shadow
}
cylinder {
	<29.992443, 36.340637, 40.091278>,  <30.053520, 35.883217, 39.525093>, 0.130000
	pigment { color rgbt <1,0,0,0> }
	no_shadow
}

// nucleotide -1

// particle -1
sphere {
	<29.992443, 36.340637, 40.091278> 0.250000
	pigment { color rgbt <1,0,0,0> }
	no_shadow
}
cylinder {
	<29.773918, 36.043789, 40.246609>,  <29.642803, 35.865681, 40.339806>, 0.100000
	pigment { color rgbt <1,0,0,0> }
	no_shadow
}
cylinder {
	<29.773918, 36.043789, 40.246609>,  <29.992443, 36.340637, 40.091278>, 0.100000
	pigment { color rgbt <1,0,0,0> }
	no_shadow
}

// particle -1
sphere {
	<29.773918, 36.043789, 40.246609> 0.100000
	pigment { color rgbt <1,0,0,0> }
	no_shadow
}
sphere {
	0, 1
	scale<0.080000,0.200000,0.300000>
	matrix <0.221049, 0.319446, 0.921462,
		-0.807888, 0.589244, -0.010471,
		-0.546310, -0.742123, 0.388328,
		29.610025, 35.821152, 40.363106>
	pigment { color rgbt <0,1,1,0> }
	no_shadow
}
cylinder {
	<29.663918, 36.680744, 40.559002>,  <29.992443, 36.340637, 40.091278>, 0.130000
	pigment { color rgbt <1,0,0,0> }
	no_shadow
}

// nucleotide -1

// particle -1
sphere {
	<29.663918, 36.680744, 40.559002> 0.250000
	pigment { color rgbt <1,0,0,0> }
	no_shadow
}
cylinder {
	<29.652617, 36.297878, 40.674267>,  <29.645836, 36.068157, 40.743427>, 0.100000
	pigment { color rgbt <1,0,0,0> }
	no_shadow
}
cylinder {
	<29.652617, 36.297878, 40.674267>,  <29.663918, 36.680744, 40.559002>, 0.100000
	pigment { color rgbt <1,0,0,0> }
	no_shadow
}

// particle -1
sphere {
	<29.652617, 36.297878, 40.674267> 0.100000
	pigment { color rgbt <1,0,0,0> }
	no_shadow
}
sphere {
	0, 1
	scale<0.080000,0.200000,0.300000>
	matrix <0.221339, 0.275131, 0.935581,
		-0.974787, 0.090216, 0.204084,
		-0.028255, -0.957165, 0.288162,
		29.644140, 36.010731, 40.760715>
	pigment { color rgbt <0,1,1,0> }
	no_shadow
}
cylinder {
	<29.377813, 36.702534, 41.242355>,  <29.663918, 36.680744, 40.559002>, 0.130000
	pigment { color rgbt <1,0,0,0> }
	no_shadow
}

// nucleotide -1

// particle -1
sphere {
	<29.377813, 36.702534, 41.242355> 0.250000
	pigment { color rgbt <1,0,0,0> }
	no_shadow
}
cylinder {
	<29.560968, 36.348557, 41.208385>,  <29.670862, 36.136169, 41.188004>, 0.100000
	pigment { color rgbt <1,0,0,0> }
	no_shadow
}
cylinder {
	<29.560968, 36.348557, 41.208385>,  <29.377813, 36.702534, 41.242355>, 0.100000
	pigment { color rgbt <1,0,0,0> }
	no_shadow
}

// particle -1
sphere {
	<29.560968, 36.348557, 41.208385> 0.100000
	pigment { color rgbt <1,0,0,0> }
	no_shadow
}
sphere {
	0, 1
	scale<0.080000,0.200000,0.300000>
	matrix <0.428543, 0.136013, 0.893225,
		-0.778903, -0.445393, 0.441516,
		0.457888, -0.884944, -0.084929,
		29.698336, 36.083073, 41.182907>
	pigment { color rgbt <0,1,1,0> }
	no_shadow
}
cylinder {
	<29.172781, 36.163456, 41.786560>,  <29.377813, 36.702534, 41.242355>, 0.130000
	pigment { color rgbt <1,0,0,0> }
	no_shadow
}

// nucleotide -1

// particle -1
sphere {
	<29.172781, 36.163456, 41.786560> 0.250000
	pigment { color rgbt <1,0,0,0> }
	no_shadow
}
cylinder {
	<29.549580, 36.168797, 41.652420>,  <29.775660, 36.172001, 41.571934>, 0.100000
	pigment { color rgbt <1,0,0,0> }
	no_shadow
}
cylinder {
	<29.549580, 36.168797, 41.652420>,  <29.172781, 36.163456, 41.786560>, 0.100000
	pigment { color rgbt <1,0,0,0> }
	no_shadow
}

// particle -1
sphere {
	<29.549580, 36.168797, 41.652420> 0.100000
	pigment { color rgbt <1,0,0,0> }
	no_shadow
}
sphere {
	0, 1
	scale<0.080000,0.200000,0.300000>
	matrix <0.322526, 0.240372, 0.915532,
		0.092830, -0.970589, 0.222124,
		0.941998, 0.013348, -0.335354,
		29.832178, 36.172802, 41.551815>
	pigment { color rgbt <0,1,1,0> }
	no_shadow
}
cylinder {
	<29.659883, 36.500443, 42.075722>,  <29.172781, 36.163456, 41.786560>, 0.130000
	pigment { color rgbt <1,0,0,0> }
	no_shadow
}

// nucleotide -1

// particle -1
sphere {
	<29.659883, 36.500443, 42.075722> 0.250000
	pigment { color rgbt <1,0,0,0> }
	no_shadow
}
cylinder {
	<29.972315, 36.567028, 42.316456>,  <30.159775, 36.606979, 42.460896>, 0.100000
	pigment { color rgbt <1,0,0,0> }
	no_shadow
}
cylinder {
	<29.972315, 36.567028, 42.316456>,  <29.659883, 36.500443, 42.075722>, 0.100000
	pigment { color rgbt <1,0,0,0> }
	no_shadow
}

// particle -1
sphere {
	<29.972315, 36.567028, 42.316456> 0.100000
	pigment { color rgbt <1,0,0,0> }
	no_shadow
}
sphere {
	0, 1
	scale<0.080000,0.200000,0.300000>
	matrix <-0.085230, 0.983212, -0.161341,
		-0.618587, 0.074726, 0.782155,
		0.781080, 0.166467, 0.601833,
		30.206638, 36.616966, 42.497005>
	pigment { color rgbt <0,1,1,0> }
	no_shadow
}
cylinder {
	<29.511156, 37.068718, 42.461617>,  <29.659883, 36.500443, 42.075722>, 0.130000
	pigment { color rgbt <1,0,0,0> }
	no_shadow
}

// nucleotide -1

// particle -1
sphere {
	<29.511156, 37.068718, 42.461617> 0.250000
	pigment { color rgbt <1,0,0,0> }
	no_shadow
}
cylinder {
	<29.909657, 37.035061, 42.469639>,  <30.148758, 37.014866, 42.474453>, 0.100000
	pigment { color rgbt <1,0,0,0> }
	no_shadow
}
cylinder {
	<29.909657, 37.035061, 42.469639>,  <29.511156, 37.068718, 42.461617>, 0.100000
	pigment { color rgbt <1,0,0,0> }
	no_shadow
}

// particle -1
sphere {
	<29.909657, 37.035061, 42.469639> 0.100000
	pigment { color rgbt <1,0,0,0> }
	no_shadow
}
sphere {
	0, 1
	scale<0.080000,0.200000,0.300000>
	matrix <0.086468, 0.974885, -0.205240,
		-0.002283, 0.206205, 0.978506,
		0.996252, -0.084141, 0.020056,
		30.208532, 37.009819, 42.475655>
	pigment { color rgbt <0,1,1,0> }
	no_shadow
}
cylinder {
	<29.874159, 37.565891, 42.822720>,  <29.511156, 37.068718, 42.461617>, 0.130000
	pigment { color rgbt <1,0,0,0> }
	no_shadow
}

// nucleotide -1

// particle -1
sphere {
	<29.874159, 37.565891, 42.822720> 0.250000
	pigment { color rgbt <1,0,0,0> }
	no_shadow
}
cylinder {
	<30.105640, 37.466194, 42.512112>,  <30.244530, 37.406376, 42.325748>, 0.100000
	pigment { color rgbt <1,0,0,0> }
	no_shadow
}
cylinder {
	<30.105640, 37.466194, 42.512112>,  <29.874159, 37.565891, 42.822720>, 0.100000
	pigment { color rgbt <1,0,0,0> }
	no_shadow
}

// particle -1
sphere {
	<30.105640, 37.466194, 42.512112> 0.100000
	pigment { color rgbt <1,0,0,0> }
	no_shadow
}
sphere {
	0, 1
	scale<0.080000,0.200000,0.300000>
	matrix <0.057518, 0.962257, -0.265996,
		0.813507, 0.109270, 0.571197,
		0.578704, -0.249244, -0.776518,
		30.279251, 37.391422, 42.279156>
	pigment { color rgbt <0,1,1,0> }
	no_shadow
}
cylinder {
	<30.243906, 38.214859, 42.508839>,  <29.874159, 37.565891, 42.822720>, 0.130000
	pigment { color rgbt <1,0,0,0> }
	no_shadow
}

// nucleotide -1

// particle -1
sphere {
	<30.243906, 38.214859, 42.508839> 0.250000
	pigment { color rgbt <1,0,0,0> }
	no_shadow
}
cylinder {
	<30.375736, 37.951126, 42.238533>,  <30.454834, 37.792885, 42.076351>, 0.100000
	pigment { color rgbt <1,0,0,0> }
	no_shadow
}
cylinder {
	<30.375736, 37.951126, 42.238533>,  <30.243906, 38.214859, 42.508839>, 0.100000
	pigment { color rgbt <1,0,0,0> }
	no_shadow
}

// particle -1
sphere {
	<30.375736, 37.951126, 42.238533> 0.100000
	pigment { color rgbt <1,0,0,0> }
	no_shadow
}
sphere {
	0, 1
	scale<0.080000,0.200000,0.300000>
	matrix <0.392479, 0.746657, -0.537088,
		0.858685, -0.088212, 0.504855,
		0.329576, -0.659335, -0.675764,
		30.474609, 37.753326, 42.035805>
	pigment { color rgbt <0,1,1,0> }
	no_shadow
}
cylinder {
	<30.934662, 38.427235, 42.415310>,  <30.243906, 38.214859, 42.508839>, 0.130000
	pigment { color rgbt <1,0,0,0> }
	no_shadow
}

// nucleotide -1

// particle -1
sphere {
	<30.934662, 38.427235, 42.415310> 0.250000
	pigment { color rgbt <1,0,0,0> }
	no_shadow
}
cylinder {
	<30.836567, 38.253857, 42.068443>,  <30.777710, 38.149830, 41.860321>, 0.100000
	pigment { color rgbt <1,0,0,0> }
	no_shadow
}
cylinder {
	<30.836567, 38.253857, 42.068443>,  <30.934662, 38.427235, 42.415310>, 0.100000
	pigment { color rgbt <1,0,0,0> }
	no_shadow
}

// particle -1
sphere {
	<30.836567, 38.253857, 42.068443> 0.100000
	pigment { color rgbt <1,0,0,0> }
	no_shadow
}
sphere {
	0, 1
	scale<0.080000,0.200000,0.300000>
	matrix <0.460112, 0.735284, -0.497648,
		0.853321, -0.521036, 0.019118,
		-0.245235, -0.433449, -0.867168,
		30.762997, 38.123821, 41.808292>
	pigment { color rgbt <0,1,1,0> }
	no_shadow
}
cylinder {
	<31.563473, 38.147083, 41.963078>,  <30.934662, 38.427235, 42.415310>, 0.130000
	pigment { color rgbt <1,0,0,0> }
	no_shadow
}

// nucleotide -1

// particle -1
sphere {
	<31.563473, 38.147083, 41.963078> 0.250000
	pigment { color rgbt <1,0,0,0> }
	no_shadow
}
cylinder {
	<31.255857, 38.230469, 41.721375>,  <31.071289, 38.280499, 41.576355>, 0.100000
	pigment { color rgbt <1,0,0,0> }
	no_shadow
}
cylinder {
	<31.255857, 38.230469, 41.721375>,  <31.563473, 38.147083, 41.963078>, 0.100000
	pigment { color rgbt <1,0,0,0> }
	no_shadow
}

// particle -1
sphere {
	<31.255857, 38.230469, 41.721375> 0.100000
	pigment { color rgbt <1,0,0,0> }
	no_shadow
}
sphere {
	0, 1
	scale<0.080000,0.200000,0.300000>
	matrix <0.560907, 0.673420, -0.481548,
		0.306535, -0.709260, -0.634813,
		-0.769038, 0.208460, -0.604255,
		31.025146, 38.293007, 41.540096>
	pigment { color rgbt <0,1,1,0> }
	no_shadow
}
cylinder {
	<31.822252, 38.141193, 41.331951>,  <31.563473, 38.147083, 41.963078>, 0.130000
	pigment { color rgbt <1,0,0,0> }
	no_shadow
}

// nucleotide -1

// particle -1
sphere {
	<31.822252, 38.141193, 41.331951> 0.250000
	pigment { color rgbt <1,0,0,0> }
	no_shadow
}
cylinder {
	<31.483692, 38.353371, 41.313004>,  <31.280556, 38.480675, 41.301636>, 0.100000
	pigment { color rgbt <1,0,0,0> }
	no_shadow
}
cylinder {
	<31.483692, 38.353371, 41.313004>,  <31.822252, 38.141193, 41.331951>, 0.100000
	pigment { color rgbt <1,0,0,0> }
	no_shadow
}

// particle -1
sphere {
	<31.483692, 38.353371, 41.313004> 0.100000
	pigment { color rgbt <1,0,0,0> }
	no_shadow
}
sphere {
	0, 1
	scale<0.080000,0.200000,0.300000>
	matrix <0.421204, 0.612347, -0.669044,
		-0.325879, -0.586231, -0.741712,
		-0.846399, 0.530439, -0.047372,
		31.229773, 38.512501, 41.298794>
	pigment { color rgbt <0,1,1,0> }
	no_shadow
}
cylinder {
	<31.489811, 38.347717, 40.566074>,  <31.822252, 38.141193, 41.331951>, 0.130000
	pigment { color rgbt <1,0,0,0> }
	no_shadow
}

// nucleotide -1

// particle -1
sphere {
	<31.489811, 38.347717, 40.566074> 0.250000
	pigment { color rgbt <1,0,0,0> }
	no_shadow
}
cylinder {
	<31.443396, 38.628708, 40.846951>,  <31.415546, 38.797302, 41.015476>, 0.100000
	pigment { color rgbt <1,0,0,0> }
	no_shadow
}
cylinder {
	<31.443396, 38.628708, 40.846951>,  <31.489811, 38.347717, 40.566074>, 0.100000
	pigment { color rgbt <1,0,0,0> }
	no_shadow
}

// particle -1
sphere {
	<31.443396, 38.628708, 40.846951> 0.100000
	pigment { color rgbt <1,0,0,0> }
	no_shadow
}
sphere {
	0, 1
	scale<0.080000,0.200000,0.300000>
	matrix <0.527842, 0.642481, -0.555518,
		-0.841379, 0.306183, -0.445347,
		-0.116037, 0.702474, 0.702186,
		31.408585, 38.839451, 41.057606>
	pigment { color rgbt <0,1,1,0> }
	no_shadow
}
cylinder {
	<31.118889, 38.973198, 40.334606>,  <31.489811, 38.347717, 40.566074>, 0.130000
	pigment { color rgbt <1,0,0,0> }
	no_shadow
}

// nucleotide -1

// particle -1
sphere {
	<31.118889, 38.973198, 40.334606> 0.250000
	pigment { color rgbt <1,0,0,0> }
	no_shadow
}
cylinder {
	<31.345861, 39.132137, 40.623089>,  <31.482044, 39.227501, 40.796177>, 0.100000
	pigment { color rgbt <1,0,0,0> }
	no_shadow
}
cylinder {
	<31.345861, 39.132137, 40.623089>,  <31.118889, 38.973198, 40.334606>, 0.100000
	pigment { color rgbt <1,0,0,0> }
	no_shadow
}

// particle -1
sphere {
	<31.345861, 39.132137, 40.623089> 0.100000
	pigment { color rgbt <1,0,0,0> }
	no_shadow
}
sphere {
	0, 1
	scale<0.080000,0.200000,0.300000>
	matrix <0.324431, 0.697132, -0.639336,
		-0.756813, 0.596761, 0.266663,
		0.567431, 0.397345, 0.721207,
		31.516090, 39.251339, 40.839451>
	pigment { color rgbt <0,1,1,0> }
	no_shadow
}
cylinder {
	<31.196545, 39.730507, 40.140430>,  <31.118889, 38.973198, 40.334606>, 0.130000
	pigment { color rgbt <1,0,0,0> }
	no_shadow
}

// nucleotide -1

// particle -1
sphere {
	<31.196545, 39.730507, 40.140430> 0.250000
	pigment { color rgbt <1,0,0,0> }
	no_shadow
}
cylinder {
	<31.524652, 39.664379, 40.359459>,  <31.721518, 39.624702, 40.490875>, 0.100000
	pigment { color rgbt <1,0,0,0> }
	no_shadow
}
cylinder {
	<31.524652, 39.664379, 40.359459>,  <31.196545, 39.730507, 40.140430>, 0.100000
	pigment { color rgbt <1,0,0,0> }
	no_shadow
}

// particle -1
sphere {
	<31.524652, 39.664379, 40.359459> 0.100000
	pigment { color rgbt <1,0,0,0> }
	no_shadow
}
sphere {
	0, 1
	scale<0.080000,0.200000,0.300000>
	matrix <0.517567, 0.622045, -0.587524,
		-0.243484, 0.765330, 0.595806,
		0.820268, -0.165317, 0.547568,
		31.770733, 39.614784, 40.523727>
	pigment { color rgbt <0,1,1,0> }
	no_shadow
}
cylinder {
	<30.792883, 40.053471, 40.684616>,  <31.196545, 39.730507, 40.140430>, 0.130000
	pigment { color rgbt <1,0,0,0> }
	no_shadow
}

// nucleotide -1

// particle -1
sphere {
	<30.792883, 40.053471, 40.684616> 0.250000
	pigment { color rgbt <1,0,0,0> }
	no_shadow
}
cylinder {
	<30.989252, 40.252766, 40.970482>,  <31.107073, 40.372345, 41.142002>, 0.100000
	pigment { color rgbt <1,0,0,0> }
	no_shadow
}
cylinder {
	<30.989252, 40.252766, 40.970482>,  <30.792883, 40.053471, 40.684616>, 0.100000
	pigment { color rgbt <1,0,0,0> }
	no_shadow
}

// particle -1
sphere {
	<30.989252, 40.252766, 40.970482> 0.100000
	pigment { color rgbt <1,0,0,0> }
	no_shadow
}
sphere {
	0, 1
	scale<0.080000,0.200000,0.300000>
	matrix <-0.472291, 0.841525, -0.262252,
		-0.732076, -0.208786, 0.648439,
		0.490924, 0.498240, 0.714668,
		31.136530, 40.402237, 41.184883>
	pigment { color rgbt <0,1,1,0> }
	no_shadow
}
cylinder {
	<30.064758, 40.060314, 40.782562>,  <30.792883, 40.053471, 40.684616>, 0.130000
	pigment { color rgbt <1,0,0,0> }
	no_shadow
}

// nucleotide -1

// particle -1
sphere {
	<30.064758, 40.060314, 40.782562> 0.250000
	pigment { color rgbt <1,0,0,0> }
	no_shadow
}
cylinder {
	<29.673355, 40.079205, 40.862858>,  <29.438513, 40.090538, 40.911034>, 0.100000
	pigment { color rgbt <1,0,0,0> }
	no_shadow
}
cylinder {
	<29.673355, 40.079205, 40.862858>,  <30.064758, 40.060314, 40.782562>, 0.100000
	pigment { color rgbt <1,0,0,0> }
	no_shadow
}

// particle -1
sphere {
	<29.673355, 40.079205, 40.862858> 0.100000
	pigment { color rgbt <1,0,0,0> }
	no_shadow
}
sphere {
	0, 1
	scale<0.080000,0.200000,0.300000>
	matrix <-0.198274, -0.483021, -0.852865,
		0.056682, -0.874334, 0.482003,
		-0.978507, 0.047227, 0.200736,
		29.379803, 40.093372, 40.923080>
	pigment { color rgbt <0,1,1,0> }
	no_shadow
}
cylinder {
	<29.824951, 39.387627, 40.709774>,  <30.064758, 40.060314, 40.782562>, 0.130000
	pigment { color rgbt <1,0,0,0> }
	no_shadow
}

// nucleotide -1

// particle -1
sphere {
	<29.824951, 39.387627, 40.709774> 0.250000
	pigment { color rgbt <1,0,0,0> }
	no_shadow
}
cylinder {
	<29.516781, 39.638424, 40.663597>,  <29.331879, 39.788902, 40.635891>, 0.100000
	pigment { color rgbt <1,0,0,0> }
	no_shadow
}
cylinder {
	<29.516781, 39.638424, 40.663597>,  <29.824951, 39.387627, 40.709774>, 0.100000
	pigment { color rgbt <1,0,0,0> }
	no_shadow
}

// particle -1
sphere {
	<29.516781, 39.638424, 40.663597> 0.100000
	pigment { color rgbt <1,0,0,0> }
	no_shadow
}
sphere {
	0, 1
	scale<0.080000,0.200000,0.300000>
	matrix <-0.175482, -0.382634, -0.907081,
		-0.612903, -0.678581, 0.404817,
		-0.770425, 0.626992, -0.115439,
		29.285652, 39.826523, 40.628967>
	pigment { color rgbt <0,1,1,0> }
	no_shadow
}
cylinder {
	<29.175932, 38.951611, 40.597538>,  <29.824951, 39.387627, 40.709774>, 0.130000
	pigment { color rgbt <1,0,0,0> }
	no_shadow
}

// nucleotide -1

// particle -1
sphere {
	<29.175932, 38.951611, 40.597538> 0.250000
	pigment { color rgbt <1,0,0,0> }
	no_shadow
}
cylinder {
	<29.105295, 39.304626, 40.423210>,  <29.062914, 39.516438, 40.318615>, 0.100000
	pigment { color rgbt <1,0,0,0> }
	no_shadow
}
cylinder {
	<29.105295, 39.304626, 40.423210>,  <29.175932, 38.951611, 40.597538>, 0.100000
	pigment { color rgbt <1,0,0,0> }
	no_shadow
}

// particle -1
sphere {
	<29.105295, 39.304626, 40.423210> 0.100000
	pigment { color rgbt <1,0,0,0> }
	no_shadow
}
sphere {
	0, 1
	scale<0.080000,0.200000,0.300000>
	matrix <-0.323092, -0.470216, -0.821285,
		-0.929746, -0.004222, 0.368177,
		-0.176591, 0.882541, -0.435818,
		29.052319, 39.569389, 40.292465>
	pigment { color rgbt <0,1,1,0> }
	no_shadow
}
cylinder {
	<28.769999, 38.757229, 40.074833>,  <29.175932, 38.951611, 40.597538>, 0.130000
	pigment { color rgbt <1,0,0,0> }
	no_shadow
}

// nucleotide -1

// particle -1
sphere {
	<28.769999, 38.757229, 40.074833> 0.250000
	pigment { color rgbt <1,0,0,0> }
	no_shadow
}
cylinder {
	<28.860266, 39.135674, 39.981934>,  <28.914427, 39.362740, 39.926193>, 0.100000
	pigment { color rgbt <1,0,0,0> }
	no_shadow
}
cylinder {
	<28.860266, 39.135674, 39.981934>,  <28.769999, 38.757229, 40.074833>, 0.100000
	pigment { color rgbt <1,0,0,0> }
	no_shadow
}

// particle -1
sphere {
	<28.860266, 39.135674, 39.981934> 0.100000
	pigment { color rgbt <1,0,0,0> }
	no_shadow
}
sphere {
	0, 1
	scale<0.080000,0.200000,0.300000>
	matrix <-0.091722, -0.216709, -0.971918,
		-0.969877, 0.240634, 0.037875,
		0.225668, 0.946114, -0.232253,
		28.927967, 39.419506, 39.912258>
	pigment { color rgbt <0,1,1,0> }
	no_shadow
}
cylinder {
	<28.169945, 38.955921, 39.649715>,  <28.769999, 38.757229, 40.074833>, 0.130000
	pigment { color rgbt <1,0,0,0> }
	no_shadow
}

// nucleotide -1

// particle -1
sphere {
	<28.169945, 38.955921, 39.649715> 0.250000
	pigment { color rgbt <1,0,0,0> }
	no_shadow
}
cylinder {
	<28.501366, 39.175636, 39.606300>,  <28.700218, 39.307465, 39.580250>, 0.100000
	pigment { color rgbt <1,0,0,0> }
	no_shadow
}
cylinder {
	<28.501366, 39.175636, 39.606300>,  <28.169945, 38.955921, 39.649715>, 0.100000
	pigment { color rgbt <1,0,0,0> }
	no_shadow
}

// particle -1
sphere {
	<28.501366, 39.175636, 39.606300> 0.100000
	pigment { color rgbt <1,0,0,0> }
	no_shadow
}
sphere {
	0, 1
	scale<0.080000,0.200000,0.300000>
	matrix <-0.037165, -0.139467, -0.989529,
		-0.558678, 0.823909, -0.095141,
		0.828551, 0.549293, -0.108538,
		28.749931, 39.340424, 39.573738>
	pigment { color rgbt <0,1,1,0> }
	no_shadow
}
cylinder {
	<28.074764, 39.224297, 39.108360>,  <28.169945, 38.955921, 39.649715>, 0.130000
	pigment { color rgbt <1,0,0,0> }
	no_shadow
}

// nucleotide -1

// particle -1
sphere {
	<28.074764, 39.224297, 39.108360> 0.250000
	pigment { color rgbt <1,0,0,0> }
	no_shadow
}
cylinder {
	<28.471682, 39.268040, 39.131672>,  <28.709831, 39.294285, 39.145660>, 0.100000
	pigment { color rgbt <1,0,0,0> }
	no_shadow
}
cylinder {
	<28.471682, 39.268040, 39.131672>,  <28.074764, 39.224297, 39.108360>, 0.100000
	pigment { color rgbt <1,0,0,0> }
	no_shadow
}

// particle -1
sphere {
	<28.471682, 39.268040, 39.131672> 0.100000
	pigment { color rgbt <1,0,0,0> }
	no_shadow
}
sphere {
	0, 1
	scale<0.080000,0.200000,0.300000>
	matrix <0.093739, -0.354776, -0.930240,
		-0.081054, 0.928533, -0.362293,
		0.992292, 0.109360, 0.058283,
		28.769369, 39.300846, 39.149158>
	pigment { color rgbt <0,1,1,0> }
	no_shadow
}
cylinder {
	<28.156309, 39.524780, 38.480659>,  <28.074764, 39.224297, 39.108360>, 0.130000
	pigment { color rgbt <1,0,0,0> }
	no_shadow
}

// nucleotide -1

// particle -1
sphere {
	<28.156309, 39.524780, 38.480659> 0.250000
	pigment { color rgbt <1,0,0,0> }
	no_shadow
}
cylinder {
	<28.510563, 39.388012, 38.606350>,  <28.723116, 39.305950, 38.681767>, 0.100000
	pigment { color rgbt <1,0,0,0> }
	no_shadow
}
cylinder {
	<28.510563, 39.388012, 38.606350>,  <28.156309, 39.524780, 38.480659>, 0.100000
	pigment { color rgbt <1,0,0,0> }
	no_shadow
}

// particle -1
sphere {
	<28.510563, 39.388012, 38.606350> 0.100000
	pigment { color rgbt <1,0,0,0> }
	no_shadow
}
sphere {
	0, 1
	scale<0.080000,0.200000,0.300000>
	matrix <0.151059, -0.427743, -0.891189,
