// switches for output
#declare DRAW_BASES = 1; // possible values are 0, 1; only relevant for DNA ribbons
#declare DRAW_BASES_TYPE = 3; // possible values are 1, 2, 3; only relevant for DNA ribbons
#declare DRAW_FOG = 0; // set to 1 to enable fog

#include "colors.inc"

#include "transforms.inc"
background { rgb <1, 1, 1>}

#default {
   normal{
       ripples 0.25
       frequency 0.20
       turbulence 0.2
       lambda 5
   }
	finish {
		phong 0.1
		phong_size 40.
	}
}

// original window dimensions: 1024x640


// camera settings

camera {
	sky <0, 0.179814, -0.983701>
	up <0, 0.179814, -0.983701>
	right 1.6 * <1, 0, 0>
	location <35, 94.9851, 44.8844>
	look_at <35, 29.7336, 32.9568>
	direction <0, -65.2515, -11.9276>
	angle 67.0682
}


# declare cpy_camera_pos = <35, 94.9851, 44.8844>;
# if (DRAW_FOG = 1)
fog {
	fog_type 2
	up vnormalize(cpy_camera_pos)
	color rgbt<1,1,1,0.3>
	distance 1e-5
	fog_alt 3e-3
	fog_offset 56
}
# end


// LIGHTS

# declare lum = 6;
global_settings {
	ambient_light rgb lum * <0.05, 0.05, 0.05>
	max_trace_level 15
}# declare cpy_direct_light_amount = 0.25;
light_source
{	1000 * <-1, -1.16352, -0.803886>,
	rgb lum * cpy_direct_light_amount
	parallel
}

light_source
{	1000 * <1, 1.16352, 0.803886>,
	rgb lum * cpy_direct_light_amount
	parallel
}

// strand 0

// nucleotide -1

// particle -1
sphere {
	<24.642906, 34.752834, 34.941341> 0.250000
	pigment { color rgbt <1,0,0,0> }
	no_shadow
}
cylinder {
	<24.451334, 35.101578, 34.982304>,  <24.336390, 35.310825, 35.006882>, 0.100000
	pigment { color rgbt <1,0,0,0> }
	no_shadow
}
cylinder {
	<24.451334, 35.101578, 34.982304>,  <24.642906, 34.752834, 34.941341>, 0.100000
	pigment { color rgbt <1,0,0,0> }
	no_shadow
}

// particle -1
sphere {
	<24.451334, 35.101578, 34.982304> 0.100000
	pigment { color rgbt <1,0,0,0> }
	no_shadow
}
sphere {
	0, 1
	scale<0.080000,0.200000,0.300000>
	matrix <-0.678797, -0.293831, -0.672977,
		-0.556651, -0.391824, 0.732540,
		-0.478932, 0.871859, 0.102407,
		24.307655, 35.363136, 35.013027>
	pigment { color rgbt <0,1,1,0> }
	no_shadow
}
cylinder {
	<25.045879, 35.335522, 34.612942>,  <24.642906, 34.752834, 34.941341>, 0.130000
	pigment { color rgbt <1,0,0,0> }
	no_shadow
}

// nucleotide -1

// particle -1
sphere {
	<25.045879, 35.335522, 34.612942> 0.250000
	pigment { color rgbt <1,0,0,0> }
	no_shadow
}
cylinder {
	<25.047077, 35.698341, 34.444534>,  <25.047796, 35.916031, 34.343491>, 0.100000
	pigment { color rgbt <1,0,0,0> }
	no_shadow
}
cylinder {
	<25.047077, 35.698341, 34.444534>,  <25.045879, 35.335522, 34.612942>, 0.100000
	pigment { color rgbt <1,0,0,0> }
	no_shadow
}

// particle -1
sphere {
	<25.047077, 35.698341, 34.444534> 0.100000
	pigment { color rgbt <1,0,0,0> }
	no_shadow
}
sphere {
	0, 1
	scale<0.080000,0.200000,0.300000>
	matrix <-0.044838, 0.420723, 0.906080,
		0.998990, 0.016163, 0.041931,
		0.002996, 0.907045, -0.421023,
		25.047976, 35.970455, 34.318226>
	pigment { color rgbt <0,1,1,0> }
	no_shadow
}
cylinder {
	<25.581347, 35.851063, 34.896408>,  <25.045879, 35.335522, 34.612942>, 0.130000
	pigment { color rgbt <1,0,0,0> }
	no_shadow
}

// nucleotide -1

// particle -1
sphere {
	<25.581347, 35.851063, 34.896408> 0.250000
	pigment { color rgbt <1,0,0,0> }
	no_shadow
}
cylinder {
	<25.254541, 36.023048, 34.742725>,  <25.058458, 36.126240, 34.650517>, 0.100000
	pigment { color rgbt <1,0,0,0> }
	no_shadow
}
cylinder {
	<25.254541, 36.023048, 34.742725>,  <25.581347, 35.851063, 34.896408>, 0.100000
	pigment { color rgbt <1,0,0,0> }
	no_shadow
}

// particle -1
sphere {
	<25.254541, 36.023048, 34.742725> 0.100000
	pigment { color rgbt <1,0,0,0> }
	no_shadow
}
sphere {
	0, 1
	scale<0.080000,0.200000,0.300000>
	matrix <-0.065196, 0.593162, 0.802439,
		0.572923, 0.680652, -0.456588,
		-0.817012, 0.429968, -0.384211,
		25.009438, 36.152039, 34.627460>
	pigment { color rgbt <0,1,1,0> }
	no_shadow
}
cylinder {
	<25.658257, 36.626293, 34.992493>,  <25.581347, 35.851063, 34.896408>, 0.130000
	pigment { color rgbt <1,0,0,0> }
	no_shadow
}

// nucleotide -1

// particle -1
sphere {
	<25.658257, 36.626293, 34.992493> 0.250000
	pigment { color rgbt <1,0,0,0> }
	no_shadow
}
cylinder {
	<25.282150, 36.490131, 34.990650>,  <25.056486, 36.408432, 34.989544>, 0.100000
	pigment { color rgbt <1,0,0,0> }
	no_shadow
}
cylinder {
	<25.282150, 36.490131, 34.990650>,  <25.658257, 36.626293, 34.992493>, 0.100000
	pigment { color rgbt <1,0,0,0> }
	no_shadow
}

// particle -1
sphere {
	<25.282150, 36.490131, 34.990650> 0.100000
	pigment { color rgbt <1,0,0,0> }
	no_shadow
}
sphere {
	0, 1
	scale<0.080000,0.200000,0.300000>
	matrix <-0.233481, 0.634949, 0.736428,
		-0.247761, 0.693514, -0.676500,
		-0.940266, -0.340408, -0.004607,
		25.000071, 36.388008, 34.989269>
	pigment { color rgbt <0,1,1,0> }
	no_shadow
}
cylinder {
	<25.728331, 36.991707, 35.667343>,  <25.658257, 36.626293, 34.992493>, 0.130000
	pigment { color rgbt <1,0,0,0> }
	no_shadow
}

// nucleotide -1

// particle -1
sphere {
	<25.728331, 36.991707, 35.667343> 0.250000
	pigment { color rgbt <1,0,0,0> }
	no_shadow
}
cylinder {
	<25.345346, 36.967606, 35.554462>,  <25.115557, 36.953144, 35.486732>, 0.100000
	pigment { color rgbt <1,0,0,0> }
	no_shadow
}
cylinder {
	<25.345346, 36.967606, 35.554462>,  <25.728331, 36.991707, 35.667343>, 0.100000
	pigment { color rgbt <1,0,0,0> }
	no_shadow
}

// particle -1
sphere {
	<25.345346, 36.967606, 35.554462> 0.100000
	pigment { color rgbt <1,0,0,0> }
	no_shadow
}
sphere {
	0, 1
	scale<0.080000,0.200000,0.300000>
	matrix <-0.140608, 0.951416, 0.273929,
		0.251988, 0.301956, -0.919415,
		-0.957461, -0.060250, -0.282203,
		25.058107, 36.949532, 35.469803>
	pigment { color rgbt <0,1,1,0> }
	no_shadow
}
cylinder {
	<25.726072, 37.649723, 35.424465>,  <25.728331, 36.991707, 35.667343>, 0.130000
	pigment { color rgbt <1,0,0,0> }
	no_shadow
}

// nucleotide -1

// particle -1
sphere {
	<25.726072, 37.649723, 35.424465> 0.250000
	pigment { color rgbt <1,0,0,0> }
	no_shadow
}
cylinder {
	<25.361273, 37.494751, 35.478355>,  <25.142393, 37.401768, 35.510689>, 0.100000
	pigment { color rgbt <1,0,0,0> }
	no_shadow
}
cylinder {
	<25.361273, 37.494751, 35.478355>,  <25.726072, 37.649723, 35.424465>, 0.100000
	pigment { color rgbt <1,0,0,0> }
	no_shadow
}

// particle -1
sphere {
	<25.361273, 37.494751, 35.478355> 0.100000
	pigment { color rgbt <1,0,0,0> }
	no_shadow
}
sphere {
	0, 1
	scale<0.080000,0.200000,0.300000>
	matrix <-0.352076, 0.907892, 0.227539,
		-0.210476, 0.160081, -0.964403,
		-0.911999, -0.387435, 0.134729,
		25.087673, 37.378521, 35.518776>
	pigment { color rgbt <0,1,1,0> }
	no_shadow
}
cylinder {
	<26.237480, 37.345314, 35.016808>,  <25.726072, 37.649723, 35.424465>, 0.130000
	pigment { color rgbt <1,0,0,0> }
	no_shadow
}

// nucleotide -1

// particle -1
sphere {
	<26.237480, 37.345314, 35.016808> 0.250000
	pigment { color rgbt <1,0,0,0> }
	no_shadow
}
cylinder {
	<26.450792, 37.023273, 35.120667>,  <26.578779, 36.830048, 35.182980>, 0.100000
	pigment { color rgbt <1,0,0,0> }
	no_shadow
}
cylinder {
	<26.450792, 37.023273, 35.120667>,  <26.237480, 37.345314, 35.016808>, 0.100000
	pigment { color rgbt <1,0,0,0> }
	no_shadow
}

// particle -1
sphere {
	<26.450792, 37.023273, 35.120667> 0.100000
	pigment { color rgbt <1,0,0,0> }
	no_shadow
}
sphere {
	0, 1
	scale<0.080000,0.200000,0.300000>
	matrix <0.619033, 0.580593, 0.528875,
		-0.576548, -0.121312, 0.808007,
		0.533282, -0.805106, 0.259644,
		26.610777, 36.781742, 35.198559>
	pigment { color rgbt <0,1,1,0> }
	no_shadow
}
cylinder {
	<26.425730, 37.322052, 35.821930>,  <26.237480, 37.345314, 35.016808>, 0.130000
	pigment { color rgbt <1,0,0,0> }
	no_shadow
}

// nucleotide -1

// particle -1
sphere {
	<26.425730, 37.322052, 35.821930> 0.250000
	pigment { color rgbt <1,0,0,0> }
	no_shadow
}
cylinder {
	<26.693455, 37.115005, 35.608727>,  <26.854090, 36.990776, 35.480804>, 0.100000
	pigment { color rgbt <1,0,0,0> }
	no_shadow
}
cylinder {
	<26.693455, 37.115005, 35.608727>,  <26.425730, 37.322052, 35.821930>, 0.100000
	pigment { color rgbt <1,0,0,0> }
	no_shadow
}

// particle -1
sphere {
	<26.693455, 37.115005, 35.608727> 0.100000
	pigment { color rgbt <1,0,0,0> }
	no_shadow
}
sphere {
	0, 1
	scale<0.080000,0.200000,0.300000>
	matrix <0.742438, 0.438494, 0.506467,
		-0.028435, -0.734709, 0.677787,
		0.669311, -0.517616, -0.533007,
		26.894247, 36.959721, 35.448826>
	pigment { color rgbt <0,1,1,0> }
	no_shadow
}
cylinder {
	<27.038836, 37.297894, 36.261772>,  <26.425730, 37.322052, 35.821930>, 0.130000
	pigment { color rgbt <1,0,0,0> }
	no_shadow
}

// nucleotide -1

// particle -1
sphere {
	<27.038836, 37.297894, 36.261772> 0.250000
	pigment { color rgbt <1,0,0,0> }
	no_shadow
}
cylinder {
	<27.162317, 37.193558, 35.895897>,  <27.236406, 37.130955, 35.676373>, 0.100000
	pigment { color rgbt <1,0,0,0> }
	no_shadow
}
cylinder {
	<27.162317, 37.193558, 35.895897>,  <27.038836, 37.297894, 36.261772>, 0.100000
	pigment { color rgbt <1,0,0,0> }
	no_shadow
}

// particle -1
sphere {
	<27.162317, 37.193558, 35.895897> 0.100000
	pigment { color rgbt <1,0,0,0> }
	no_shadow
}
sphere {
	0, 1
	scale<0.080000,0.200000,0.300000>
	matrix <0.798068, 0.594231, 0.099887,
		0.517483, -0.760823, 0.391612,
		0.308704, -0.260843, -0.914693,
		27.254929, 37.115303, 35.621490>
	pigment { color rgbt <0,1,1,0> }
	no_shadow
}
cylinder {
	<27.758144, 37.344818, 36.383625>,  <27.038836, 37.297894, 36.261772>, 0.130000
	pigment { color rgbt <1,0,0,0> }
	no_shadow
}

// nucleotide -1

// particle -1
sphere {
	<27.758144, 37.344818, 36.383625> 0.250000
	pigment { color rgbt <1,0,0,0> }
	no_shadow
}
cylinder {
	<27.690401, 37.366142, 35.989979>,  <27.649755, 37.378937, 35.753792>, 0.100000
	pigment { color rgbt <1,0,0,0> }
	no_shadow
}
cylinder {
	<27.690401, 37.366142, 35.989979>,  <27.758144, 37.344818, 36.383625>, 0.100000
	pigment { color rgbt <1,0,0,0> }
	no_shadow
}

// particle -1
sphere {
	<27.690401, 37.366142, 35.989979> 0.100000
	pigment { color rgbt <1,0,0,0> }
	no_shadow
}
sphere {
	0, 1
	scale<0.080000,0.200000,0.300000>
	matrix <0.721936, 0.686461, -0.087055,
		0.670914, -0.725210, -0.154741,
		-0.169357, 0.053306, -0.984112,
		27.639593, 37.382133, 35.694744>
	pigment { color rgbt <0,1,1,0> }
	no_shadow
}
cylinder {
	<28.412399, 37.424618, 36.068302>,  <27.758144, 37.344818, 36.383625>, 0.130000
	pigment { color rgbt <1,0,0,0> }
	no_shadow
}

// nucleotide -1

// particle -1
sphere {
	<28.412399, 37.424618, 36.068302> 0.250000
	pigment { color rgbt <1,0,0,0> }
	no_shadow
}
cylinder {
	<28.156164, 37.559292, 35.792248>,  <28.002422, 37.640095, 35.626614>, 0.100000
	pigment { color rgbt <1,0,0,0> }
	no_shadow
}
cylinder {
	<28.156164, 37.559292, 35.792248>,  <28.412399, 37.424618, 36.068302>, 0.100000
	pigment { color rgbt <1,0,0,0> }
	no_shadow
}

// particle -1
sphere {
	<28.156164, 37.559292, 35.792248> 0.100000
	pigment { color rgbt <1,0,0,0> }
	no_shadow
}
sphere {
	0, 1
	scale<0.080000,0.200000,0.300000>
	matrix <0.650490, 0.715529, -0.254720,
		0.408053, -0.612098, -0.677368,
		-0.640590, 0.336682, -0.690137,
		27.963987, 37.660297, 35.585205>
	pigment { color rgbt <0,1,1,0> }
	no_shadow
}
cylinder {
	<28.672245, 37.339058, 35.447262>,  <28.412399, 37.424618, 36.068302>, 0.130000
	pigment { color rgbt <1,0,0,0> }
	no_shadow
}

// nucleotide -1

// particle -1
sphere {
	<28.672245, 37.339058, 35.447262> 0.250000
	pigment { color rgbt <1,0,0,0> }
	no_shadow
}
cylinder {
	<28.396837, 37.613308, 35.352730>,  <28.231592, 37.777859, 35.296013>, 0.100000
	pigment { color rgbt <1,0,0,0> }
	no_shadow
}
cylinder {
	<28.396837, 37.613308, 35.352730>,  <28.672245, 37.339058, 35.447262>, 0.100000
	pigment { color rgbt <1,0,0,0> }
	no_shadow
}

// particle -1
sphere {
	<28.396837, 37.613308, 35.352730> 0.100000
	pigment { color rgbt <1,0,0,0> }
	no_shadow
}
sphere {
	0, 1
	scale<0.080000,0.200000,0.300000>
	matrix <0.724823, 0.661308, -0.193141,
		0.023863, -0.304278, -0.952285,
		-0.688522, 0.685629, -0.236328,
		28.190281, 37.818996, 35.281830>
	pigment { color rgbt <0,1,1,0> }
	no_shadow
}
cylinder {
	<28.984989, 37.669941, 34.914982>,  <28.672245, 37.339058, 35.447262>, 0.130000
	pigment { color rgbt <1,0,0,0> }
	no_shadow
}

// nucleotide -1

// particle -1
sphere {
	<28.984989, 37.669941, 34.914982> 0.250000
	pigment { color rgbt <1,0,0,0> }
	no_shadow
}
cylinder {
	<28.706982, 37.927563, 35.042820>,  <28.540176, 38.082134, 35.119522>, 0.100000
	pigment { color rgbt <1,0,0,0> }
	no_shadow
}
cylinder {
	<28.706982, 37.927563, 35.042820>,  <28.984989, 37.669941, 34.914982>, 0.100000
	pigment { color rgbt <1,0,0,0> }
	no_shadow
}

// particle -1
sphere {
	<28.706982, 37.927563, 35.042820> 0.100000
	pigment { color rgbt <1,0,0,0> }
	no_shadow
}
sphere {
	0, 1
	scale<0.080000,0.200000,0.300000>
	matrix <0.565513, 0.764185, -0.310188,
		-0.444006, -0.034853, -0.895346,
		-0.695020, 0.644055, 0.319593,
		28.498476, 38.120781, 35.138699>
	pigment { color rgbt <0,1,1,0> }
	no_shadow
}
cylinder {
	<28.766518, 38.106251, 34.364956>,  <28.984989, 37.669941, 34.914982>, 0.130000
	pigment { color rgbt <1,0,0,0> }
	no_shadow
}

// nucleotide -1

// particle -1
sphere {
	<28.766518, 38.106251, 34.364956> 0.250000
	pigment { color rgbt <1,0,0,0> }
	no_shadow
}
cylinder {
	<28.687346, 38.305225, 34.702801>,  <28.639841, 38.424610, 34.905510>, 0.100000
	pigment { color rgbt <1,0,0,0> }
	no_shadow
}
cylinder {
	<28.687346, 38.305225, 34.702801>,  <28.766518, 38.106251, 34.364956>, 0.100000
	pigment { color rgbt <1,0,0,0> }
	no_shadow
}

// particle -1
sphere {
	<28.687346, 38.305225, 34.702801> 0.100000
	pigment { color rgbt <1,0,0,0> }
	no_shadow
}
sphere {
	0, 1
	scale<0.080000,0.200000,0.300000>
	matrix <0.680142, 0.690181, -0.247097,
		-0.705854, 0.525551, -0.474938,
		-0.197931, 0.497440, 0.844616,
		28.627966, 38.454456, 34.956184>
	pigment { color rgbt <0,1,1,0> }
	no_shadow
}
cylinder {
	<28.638550, 38.883602, 34.236641>,  <28.766518, 38.106251, 34.364956>, 0.130000
	pigment { color rgbt <1,0,0,0> }
	no_shadow
}

// nucleotide -1

// particle -1
sphere {
	<28.638550, 38.883602, 34.236641> 0.250000
	pigment { color rgbt <1,0,0,0> }
	no_shadow
}
cylinder {
	<28.758633, 38.891743, 34.618103>,  <28.830683, 38.896629, 34.846981>, 0.100000
	pigment { color rgbt <1,0,0,0> }
	no_shadow
}
cylinder {
	<28.758633, 38.891743, 34.618103>,  <28.638550, 38.883602, 34.236641>, 0.100000
	pigment { color rgbt <1,0,0,0> }
	no_shadow
}

// particle -1
sphere {
	<28.758633, 38.891743, 34.618103> 0.100000
	pigment { color rgbt <1,0,0,0> }
	no_shadow
}
sphere {
	0, 1
	scale<0.080000,0.200000,0.300000>
	matrix <0.613005, 0.761871, -0.209231,
		-0.730823, 0.647409, 0.216241,
		0.300205, 0.020354, 0.953657,
		28.848694, 38.897850, 34.904202>
	pigment { color rgbt <0,1,1,0> }
	no_shadow
}
cylinder {
	<28.760231, 39.558277, 34.388638>,  <28.638550, 38.883602, 34.236641>, 0.130000
	pigment { color rgbt <1,0,0,0> }
	no_shadow
}

// nucleotide -1

// particle -1
sphere {
	<28.760231, 39.558277, 34.388638> 0.250000
	pigment { color rgbt <1,0,0,0> }
	no_shadow
}
cylinder {
	<28.942299, 39.388809, 34.701897>,  <29.051540, 39.287128, 34.889854>, 0.100000
	pigment { color rgbt <1,0,0,0> }
	no_shadow
}
cylinder {
	<28.942299, 39.388809, 34.701897>,  <28.760231, 39.558277, 34.388638>, 0.100000
	pigment { color rgbt <1,0,0,0> }
	no_shadow
}

// particle -1
sphere {
	<28.942299, 39.388809, 34.701897> 0.100000
	pigment { color rgbt <1,0,0,0> }
	no_shadow
}
sphere {
	0, 1
	scale<0.080000,0.200000,0.300000>
	matrix <0.640753, 0.766582, 0.042296,
		-0.618269, 0.482555, 0.620391,
		0.455170, -0.423667, 0.783152,
		29.078850, 39.261707, 34.936844>
	pigment { color rgbt <0,1,1,0> }
	no_shadow
}
cylinder {
	<28.967600, 40.093155, 34.776627>,  <28.760231, 39.558277, 34.388638>, 0.130000
	pigment { color rgbt <1,0,0,0> }
	no_shadow
}

// nucleotide -1

// particle -1
sphere {
	<28.967600, 40.093155, 34.776627> 0.250000
	pigment { color rgbt <1,0,0,0> }
	no_shadow
}
cylinder {
	<29.207024, 39.797714, 34.900688>,  <29.350677, 39.620449, 34.975124>, 0.100000
	pigment { color rgbt <1,0,0,0> }
	no_shadow
}
cylinder {
	<29.207024, 39.797714, 34.900688>,  <28.967600, 40.093155, 34.776627>, 0.100000
	pigment { color rgbt <1,0,0,0> }
	no_shadow
}

// particle -1
sphere {
	<29.207024, 39.797714, 34.900688> 0.100000
	pigment { color rgbt <1,0,0,0> }
	no_shadow
}
sphere {
	0, 1
	scale<0.080000,0.200000,0.300000>
	matrix <0.796903, 0.588484, -0.136500,
		-0.081700, 0.328864, 0.940837,
		0.598557, -0.738604, 0.310152,
		29.386591, 39.576134, 34.993732>
	pigment { color rgbt <0,1,1,0> }
	no_shadow
}
cylinder {
	<29.454250, 40.331036, 35.283123>,  <28.967600, 40.093155, 34.776627>, 0.130000
	pigment { color rgbt <1,0,0,0> }
	no_shadow
}

// nucleotide -1

// particle -1
sphere {
	<29.454250, 40.331036, 35.283123> 0.250000
	pigment { color rgbt <1,0,0,0> }
	no_shadow
}
cylinder {
	<29.662325, 40.018509, 35.145164>,  <29.787170, 39.830994, 35.062389>, 0.100000
	pigment { color rgbt <1,0,0,0> }
	no_shadow
}
cylinder {
	<29.662325, 40.018509, 35.145164>,  <29.454250, 40.331036, 35.283123>, 0.100000
	pigment { color rgbt <1,0,0,0> }
	no_shadow
}

// particle -1
sphere {
	<29.662325, 40.018509, 35.145164> 0.100000
	pigment { color rgbt <1,0,0,0> }
	no_shadow
}
sphere {
	0, 1
	scale<0.080000,0.200000,0.300000>
	matrix <0.769920, 0.603785, -0.206562,
		0.369635, -0.158095, 0.915629,
		0.520186, -0.781313, -0.344901,
		29.818380, 39.784115, 35.041695>
	pigment { color rgbt <0,1,1,0> }
	no_shadow
}
cylinder {
	<30.045023, 40.391876, 35.680454>,  <29.454250, 40.331036, 35.283123>, 0.130000
	pigment { color rgbt <1,0,0,0> }
	no_shadow
}

// nucleotide -1

// particle -1
sphere {
	<30.045023, 40.391876, 35.680454> 0.250000
	pigment { color rgbt <1,0,0,0> }
	no_shadow
}
cylinder {
	<30.123032, 40.146393, 35.374428>,  <30.169838, 39.999104, 35.190811>, 0.100000
	pigment { color rgbt <1,0,0,0> }
	no_shadow
}
cylinder {
	<30.123032, 40.146393, 35.374428>,  <30.045023, 40.391876, 35.680454>, 0.100000
	pigment { color rgbt <1,0,0,0> }
	no_shadow
}

// particle -1
sphere {
	<30.123032, 40.146393, 35.374428> 0.100000
	pigment { color rgbt <1,0,0,0> }
	no_shadow
}
sphere {
	0, 1
	scale<0.080000,0.200000,0.300000>
	matrix <0.870602, 0.467553, -0.153125,
		0.451684, -0.636209, 0.625476,
		0.195023, -0.613704, -0.765071,
		30.181538, 39.962280, 35.144905>
	pigment { color rgbt <0,1,1,0> }
	no_shadow
}
cylinder {
	<30.746733, 40.171780, 35.771599>,  <30.045023, 40.391876, 35.680454>, 0.130000
	pigment { color rgbt <1,0,0,0> }
	no_shadow
}

// nucleotide -1

// particle -1
sphere {
	<30.746733, 40.171780, 35.771599> 0.250000
	pigment { color rgbt <1,0,0,0> }
	no_shadow
}
cylinder {
	<30.667126, 40.109657, 35.384556>,  <30.619362, 40.072384, 35.152328>, 0.100000
	pigment { color rgbt <1,0,0,0> }
	no_shadow
}
cylinder {
	<30.667126, 40.109657, 35.384556>,  <30.746733, 40.171780, 35.771599>, 0.100000
	pigment { color rgbt <1,0,0,0> }
	no_shadow
}

// particle -1
sphere {
	<30.667126, 40.109657, 35.384556> 0.100000
	pigment { color rgbt <1,0,0,0> }
	no_shadow
}
sphere {
	0, 1
	scale<0.080000,0.200000,0.300000>
	matrix <0.882019, 0.401950, -0.245925,
		0.427124, -0.902395, 0.056985,
		-0.199017, -0.155303, -0.967612,
		30.607420, 40.063065, 35.094273>
	pigment { color rgbt <0,1,1,0> }
	no_shadow
}
cylinder {
	<31.351620, 39.835434, 35.536770>,  <30.746733, 40.171780, 35.771599>, 0.130000
	pigment { color rgbt <1,0,0,0> }
	no_shadow
}

// nucleotide -1

// particle -1
sphere {
	<31.351620, 39.835434, 35.536770> 0.250000
	pigment { color rgbt <1,0,0,0> }
	no_shadow
}
cylinder {
	<31.164896, 39.985260, 35.216320>,  <31.052862, 40.075153, 35.024052>, 0.100000
	pigment { color rgbt <1,0,0,0> }
	no_shadow
}
cylinder {
	<31.164896, 39.985260, 35.216320>,  <31.351620, 39.835434, 35.536770>, 0.100000
	pigment { color rgbt <1,0,0,0> }
	no_shadow
}

// particle -1
sphere {
	<31.164896, 39.985260, 35.216320> 0.100000
	pigment { color rgbt <1,0,0,0> }
	no_shadow
}
sphere {
	0, 1
	scale<0.080000,0.200000,0.300000>
	matrix <0.875496, 0.323653, -0.358824,
		0.124883, -0.868880, -0.479011,
		-0.466808, 0.374561, -0.801120,
		31.024853, 40.097630, 34.975983>
	pigment { color rgbt <0,1,1,0> }
	no_shadow
}
cylinder {
	<31.779478, 39.700874, 35.014301>,  <31.351620, 39.835434, 35.536770>, 0.130000
	pigment { color rgbt <1,0,0,0> }
	no_shadow
}

// nucleotide -1

// particle -1
sphere {
	<31.779478, 39.700874, 35.014301> 0.250000
	pigment { color rgbt <1,0,0,0> }
	no_shadow
}
cylinder {
	<31.572140, 39.995552, 34.840591>,  <31.447737, 40.172359, 34.736366>, 0.100000
	pigment { color rgbt <1,0,0,0> }
	no_shadow
}
cylinder {
	<31.572140, 39.995552, 34.840591>,  <31.779478, 39.700874, 35.014301>, 0.100000
	pigment { color rgbt <1,0,0,0> }
	no_shadow
}

// particle -1
sphere {
	<31.572140, 39.995552, 34.840591> 0.100000
	pigment { color rgbt <1,0,0,0> }
	no_shadow
}
sphere {
	0, 1
	scale<0.080000,0.200000,0.300000>
	matrix <0.835161, 0.326871, -0.442337,
		-0.183915, -0.591974, -0.784692,
		-0.518345, 0.736697, -0.434277,
		31.416636, 40.216560, 34.710308>
	pigment { color rgbt <0,1,1,0> }
	no_shadow
}
cylinder {
	<31.818581, 39.652908, 34.309837>,  <31.779478, 39.700874, 35.014301>, 0.130000
	pigment { color rgbt <1,0,0,0> }
	no_shadow
}

// nucleotide -1

// particle -1
sphere {
	<31.818581, 39.652908, 34.309837> 0.250000
	pigment { color rgbt <1,0,0,0> }
	no_shadow
}
cylinder {
	<31.736635, 40.040359, 34.366119>,  <31.687468, 40.272831, 34.399887>, 0.100000
	pigment { color rgbt <1,0,0,0> }
	no_shadow
}
cylinder {
	<31.736635, 40.040359, 34.366119>,  <31.818581, 39.652908, 34.309837>, 0.100000
	pigment { color rgbt <1,0,0,0> }
	no_shadow
}

// particle -1
sphere {
	<31.736635, 40.040359, 34.366119> 0.100000
	pigment { color rgbt <1,0,0,0> }
	no_shadow
}
sphere {
	0, 1
	scale<0.080000,0.200000,0.300000>
	matrix <0.740759, 0.247397, -0.624556,
		-0.639770, -0.023720, -0.768200,
		-0.204865, 0.968624, 0.140706,
		31.675177, 40.330948, 34.408333>
	pigment { color rgbt <0,1,1,0> }
	no_shadow
}
cylinder {
	<31.997797, 39.961613, 33.723377>,  <31.818581, 39.652908, 34.309837>, 0.130000
	pigment { color rgbt <1,0,0,0> }
	no_shadow
}

// nucleotide -1

// particle -1
sphere {
	<31.997797, 39.961613, 33.723377> 0.250000
	pigment { color rgbt <1,0,0,0> }
	no_shadow
}
cylinder {
	<31.978764, 40.264023, 33.984501>,  <31.967344, 40.445469, 34.141174>, 0.100000
	pigment { color rgbt <1,0,0,0> }
	no_shadow
}
cylinder {
	<31.978764, 40.264023, 33.984501>,  <31.997797, 39.961613, 33.723377>, 0.100000
	pigment { color rgbt <1,0,0,0> }
	no_shadow
}

// particle -1
sphere {
	<31.978764, 40.264023, 33.984501> 0.100000
	pigment { color rgbt <1,0,0,0> }
	no_shadow
}
sphere {
	0, 1
	scale<0.080000,0.200000,0.300000>
	matrix <0.594628, 0.546567, -0.589646,
		-0.802592, 0.360122, -0.475561,
		-0.047582, 0.756027, 0.652809,
		31.964489, 40.490829, 34.180344>
	pigment { color rgbt <0,1,1,0> }
	no_shadow
}
cylinder {
	<31.969757, 40.532822, 33.303654>,  <31.997797, 39.961613, 33.723377>, 0.130000
	pigment { color rgbt <1,0,0,0> }
	no_shadow
}

// nucleotide -1

// particle -1
sphere {
	<31.969757, 40.532822, 33.303654> 0.250000
	pigment { color rgbt <1,0,0,0> }
	no_shadow
}
cylinder {
	<32.095612, 40.675087, 33.655678>,  <32.171124, 40.760448, 33.866894>, 0.100000
	pigment { color rgbt <1,0,0,0> }
	no_shadow
}
cylinder {
	<32.095612, 40.675087, 33.655678>,  <31.969757, 40.532822, 33.303654>, 0.100000
	pigment { color rgbt <1,0,0,0> }
	no_shadow
}

// particle -1
sphere {
	<32.095612, 40.675087, 33.655678> 0.100000
	pigment { color rgbt <1,0,0,0> }
	no_shadow
}
sphere {
	0, 1
	scale<0.080000,0.200000,0.300000>
	matrix <0.714003, 0.522244, -0.466326,
		-0.625463, 0.775089, -0.089630,
		0.314636, 0.355665, 0.880060,
		32.190002, 40.781788, 33.919697>
	pigment { color rgbt <0,1,1,0> }
	no_shadow
}
cylinder {
	<31.801809, 41.195156, 33.342300>,  <31.969757, 40.532822, 33.303654>, 0.130000
	pigment { color rgbt <1,0,0,0> }
	no_shadow
}

// nucleotide -1

// particle -1
sphere {
	<31.801809, 41.195156, 33.342300> 0.250000
	pigment { color rgbt <1,0,0,0> }
	no_shadow
}
cylinder {
	<32.134457, 41.098770, 33.542439>,  <32.334045, 41.040939, 33.662521>, 0.100000
	pigment { color rgbt <1,0,0,0> }
	no_shadow
}
cylinder {
	<32.134457, 41.098770, 33.542439>,  <31.801809, 41.195156, 33.342300>, 0.100000
	pigment { color rgbt <1,0,0,0> }
	no_shadow
}

// particle -1
sphere {
	<32.134457, 41.098770, 33.542439> 0.100000
	pigment { color rgbt <1,0,0,0> }
	no_shadow
}
sphere {
	0, 1
	scale<0.080000,0.200000,0.300000>
	matrix <0.505477, 0.701594, -0.502254,
		-0.230016, 0.670598, 0.705260,
		0.831616, -0.240966, 0.500350,
		32.383942, 41.026482, 33.692543>
	pigment { color rgbt <0,1,1,0> }
	no_shadow
}
cylinder {
	<32.283096, 41.758293, 33.087032>,  <31.801809, 41.195156, 33.342300>, 0.130000
	pigment { color rgbt <1,0,0,0> }
	no_shadow
}

// nucleotide -1

// particle -1
sphere {
	<32.283096, 41.758293, 33.087032> 0.250000
	pigment { color rgbt <1,0,0,0> }
	no_shadow
}
cylinder {
	<32.536736, 41.532360, 33.298271>,  <32.688919, 41.396801, 33.425014>, 0.100000
	pigment { color rgbt <1,0,0,0> }
	no_shadow
}
cylinder {
	<32.536736, 41.532360, 33.298271>,  <32.283096, 41.758293, 33.087032>, 0.100000
	pigment { color rgbt <1,0,0,0> }
	no_shadow
}

// particle -1
sphere {
	<32.536736, 41.532360, 33.298271> 0.100000
	pigment { color rgbt <1,0,0,0> }
	no_shadow
}
sphere {
	0, 1
	scale<0.080000,0.200000,0.300000>
	matrix <0.748092, 0.275296, -0.603797,
		0.195664, 0.777929, 0.597112,
		0.634093, -0.564836, 0.528097,
		32.726963, 41.362907, 33.456699>
	pigment { color rgbt <0,1,1,0> }
	no_shadow
}
cylinder {
	<32.383347, 42.276569, 33.670444>,  <32.283096, 41.758293, 33.087032>, 0.130000
	pigment { color rgbt <1,0,0,0> }
	no_shadow
}

// nucleotide -1

// particle -1
sphere {
	<32.383347, 42.276569, 33.670444> 0.250000
	pigment { color rgbt <1,0,0,0> }
	no_shadow
}
cylinder {
	<32.613277, 41.949287, 33.674801>,  <32.751236, 41.752918, 33.677414>, 0.100000
	pigment { color rgbt <1,0,0,0> }
	no_shadow
}
cylinder {
	<32.613277, 41.949287, 33.674801>,  <32.383347, 42.276569, 33.670444>, 0.100000
	pigment { color rgbt <1,0,0,0> }
	no_shadow
}

// particle -1
sphere {
	<32.613277, 41.949287, 33.674801> 0.100000
	pigment { color rgbt <1,0,0,0> }
	no_shadow
}
sphere {
	0, 1
	scale<0.080000,0.200000,0.300000>
	matrix <0.762961, 0.540737, 0.354252,
		-0.295740, -0.195322, 0.935087,
		0.574829, -0.818201, 0.010895,
		32.785725, 41.703827, 33.678070>
	pigment { color rgbt <0,1,1,0> }
	no_shadow
}
cylinder {
	<32.811241, 42.425449, 34.118961>,  <32.383347, 42.276569, 33.670444>, 0.130000
	pigment { color rgbt <1,0,0,0> }
	no_shadow
}

// nucleotide -1

// particle -1
sphere {
	<32.811241, 42.425449, 34.118961> 0.250000
	pigment { color rgbt <1,0,0,0> }
	no_shadow
}
cylinder {
	<33.003494, 42.110744, 33.964039>,  <33.118847, 41.921921, 33.871086>, 0.100000
	pigment { color rgbt <1,0,0,0> }
	no_shadow
}
cylinder {
	<33.003494, 42.110744, 33.964039>,  <32.811241, 42.425449, 34.118961>, 0.100000
	pigment { color rgbt <1,0,0,0> }
	no_shadow
}

// particle -1
sphere {
	<33.003494, 42.110744, 33.964039> 0.100000
	pigment { color rgbt <1,0,0,0> }
	no_shadow
}
sphere {
	0, 1
	scale<0.080000,0.200000,0.300000>
	matrix <0.865484, 0.354481, 0.353950,
		-0.141180, -0.505326, 0.851301,
		0.480630, -0.786758, -0.387306,
		33.147682, 41.874718, 33.847847>
	pigment { color rgbt <0,1,1,0> }
	no_shadow
}
cylinder {
	<33.186981, 42.119213, 34.671974>,  <32.811241, 42.425449, 34.118961>, 0.130000
	pigment { color rgbt <1,0,0,0> }
	no_shadow
}

// nucleotide -1

// particle -1
sphere {
	<33.186981, 42.119213, 34.671974> 0.250000
	pigment { color rgbt <1,0,0,0> }
	no_shadow
}
cylinder {
	<33.377293, 42.009651, 34.337643>,  <33.491482, 41.943913, 34.137043>, 0.100000
	pigment { color rgbt <1,0,0,0> }
	no_shadow
}
cylinder {
	<33.377293, 42.009651, 34.337643>,  <33.186981, 42.119213, 34.671974>, 0.100000
	pigment { color rgbt <1,0,0,0> }
	no_shadow
}

// particle -1
sphere {
	<33.377293, 42.009651, 34.337643> 0.100000
	pigment { color rgbt <1,0,0,0> }
	no_shadow
}
sphere {
	0, 1
	scale<0.080000,0.200000,0.300000>
	matrix <0.874618, 0.247960, 0.416604,
		0.093140, -0.929242, 0.357539,
		0.475782, -0.273908, -0.835827,
		33.520027, 41.927479, 34.086895>
	pigment { color rgbt <0,1,1,0> }
	no_shadow
}
cylinder {
	<33.823170, 41.620449, 34.898586>,  <33.186981, 42.119213, 34.671974>, 0.130000
	pigment { color rgbt <1,0,0,0> }
	no_shadow
}

// nucleotide -1

// particle -1
sphere {
	<33.823170, 41.620449, 34.898586> 0.250000
	pigment { color rgbt <1,0,0,0> }
	no_shadow
}
cylinder {
	<33.878021, 41.807873, 34.549496>,  <33.910931, 41.920326, 34.340042>, 0.100000
	pigment { color rgbt <1,0,0,0> }
	no_shadow
}
cylinder {
	<33.878021, 41.807873, 34.549496>,  <33.823170, 41.620449, 34.898586>, 0.100000
	pigment { color rgbt <1,0,0,0> }
	no_shadow
}

// particle -1
sphere {
	<33.878021, 41.807873, 34.549496> 0.100000
	pigment { color rgbt <1,0,0,0> }
	no_shadow
}
sphere {
	0, 1
	scale<0.080000,0.200000,0.300000>
	matrix <0.808590, 0.455968, 0.371854,
		0.572170, -0.756669, -0.316343,
		0.137128, 0.468556, -0.872726,
		33.919159, 41.948441, 34.287678>
	pigment { color rgbt <0,1,1,0> }
	no_shadow
}
cylinder {
	<34.491459, 41.705532, 34.900169>,  <33.823170, 41.620449, 34.898586>, 0.130000
	pigment { color rgbt <1,0,0,0> }
	no_shadow
}

// nucleotide -1

// particle -1
sphere {
	<34.491459, 41.705532, 34.900169> 0.250000
	pigment { color rgbt <1,0,0,0> }
	no_shadow
}
cylinder {
	<34.377205, 41.947086, 34.602516>,  <34.308655, 42.092018, 34.423923>, 0.100000
	pigment { color rgbt <1,0,0,0> }
	no_shadow
}
cylinder {
	<34.377205, 41.947086, 34.602516>,  <34.491459, 41.705532, 34.900169>, 0.100000
	pigment { color rgbt <1,0,0,0> }
	no_shadow
}

// particle -1
sphere {
	<34.377205, 41.947086, 34.602516> 0.100000
	pigment { color rgbt <1,0,0,0> }
	no_shadow
}
sphere {
	0, 1
	scale<0.080000,0.200000,0.300000>
	matrix <0.811276, 0.565704, 0.147684,
		0.510142, -0.561512, -0.651505,
		-0.285632, 0.603890, -0.744131,
		34.291515, 42.128254, 34.379276>
	pigment { color rgbt <0,1,1,0> }
	no_shadow
}
cylinder {
	<35.204079, 41.451946, 35.090107>,  <34.491459, 41.705532, 34.900169>, 0.130000
	pigment { color rgbt <1,0,0,0> }
	no_shadow
}

// nucleotide -1

// particle -1
sphere {
	<35.204079, 41.451946, 35.090107> 0.250000
	pigment { color rgbt <1,0,0,0> }
	no_shadow
}
cylinder {
	<35.274914, 41.798622, 34.903564>,  <35.317413, 42.006626, 34.791637>, 0.100000
	pigment { color rgbt <1,0,0,0> }
	no_shadow
}
cylinder {
	<35.274914, 41.798622, 34.903564>,  <35.204079, 41.451946, 35.090107>, 0.100000
	pigment { color rgbt <1,0,0,0> }
	no_shadow
}

// particle -1
sphere {
	<35.274914, 41.798622, 34.903564> 0.100000
	pigment { color rgbt <1,0,0,0> }
	no_shadow
}
sphere {
	0, 1
	scale<0.080000,0.200000,0.300000>
	matrix <-0.261053, 0.498236, 0.826808,
		0.948943, -0.024671, 0.314482,
		0.177085, 0.866690, -0.466357,
		35.328037, 42.058628, 34.763657>
	pigment { color rgbt <0,1,1,0> }
	no_shadow
}
cylinder {
	<35.577168, 40.840496, 35.382240>,  <35.204079, 41.451946, 35.090107>, 0.130000
	pigment { color rgbt <1,0,0,0> }
	no_shadow
}

// nucleotide -1

// particle -1
sphere {
	<35.577168, 40.840496, 35.382240> 0.250000
	pigment { color rgbt <1,0,0,0> }
	no_shadow
}
cylinder {
	<35.538052, 40.979164, 35.755390>,  <35.514584, 41.062366, 35.979282>, 0.100000
	pigment { color rgbt <1,0,0,0> }
	no_shadow
}
cylinder {
	<35.538052, 40.979164, 35.755390>,  <35.577168, 40.840496, 35.382240>, 0.100000
	pigment { color rgbt <1,0,0,0> }
	no_shadow
}

// particle -1
sphere {
	<35.538052, 40.979164, 35.755390> 0.100000
	pigment { color rgbt <1,0,0,0> }
	no_shadow
}
sphere {
	0, 1
	scale<0.080000,0.200000,0.300000>
	matrix <-0.551273, -0.799289, 0.239241,
		0.828575, -0.490875, 0.269268,
		-0.097786, 0.346669, 0.932876,
		35.508717, 41.083164, 36.035252>
	pigment { color rgbt <0,1,1,0> }
	no_shadow
}
cylinder {
	<35.806675, 40.319557, 35.947269>,  <35.577168, 40.840496, 35.382240>, 0.130000
	pigment { color rgbt <1,0,0,0> }
	no_shadow
}

// nucleotide -1

// particle -1
sphere {
	<35.806675, 40.319557, 35.947269> 0.250000
	pigment { color rgbt <1,0,0,0> }
	no_shadow
}
cylinder {
	<35.535194, 40.590469, 36.060875>,  <35.372307, 40.753017, 36.129036>, 0.100000
	pigment { color rgbt <1,0,0,0> }
	no_shadow
}
cylinder {
	<35.535194, 40.590469, 36.060875>,  <35.806675, 40.319557, 35.947269>, 0.100000
	pigment { color rgbt <1,0,0,0> }
	no_shadow
}

// particle -1
sphere {
	<35.535194, 40.590469, 36.060875> 0.100000
	pigment { color rgbt <1,0,0,0> }
	no_shadow
}
sphere {
	0, 1
	scale<0.080000,0.200000,0.300000>
	matrix <-0.657465, -0.732643, 0.175997,
		0.327277, -0.067279, 0.942530,
		-0.678697, 0.677280, 0.284011,
		35.331585, 40.793652, 36.146080>
	pigment { color rgbt <0,1,1,0> }
	no_shadow
}
cylinder {
	<35.847164, 39.697002, 36.155212>,  <35.806675, 40.319557, 35.947269>, 0.130000
	pigment { color rgbt <1,0,0,0> }
	no_shadow
}

// nucleotide -1

// particle -1
sphere {
	<35.847164, 39.697002, 36.155212> 0.250000
	pigment { color rgbt <1,0,0,0> }
	no_shadow
}
cylinder {
	<36.126667, 39.972237, 36.233479>,  <36.294369, 40.137379, 36.280437>, 0.100000
	pigment { color rgbt <1,0,0,0> }
	no_shadow
}
cylinder {
	<36.126667, 39.972237, 36.233479>,  <35.847164, 39.697002, 36.155212>, 0.100000
	pigment { color rgbt <1,0,0,0> }
	no_shadow
}

// particle -1
sphere {
	<36.126667, 39.972237, 36.233479> 0.100000
	pigment { color rgbt <1,0,0,0> }
	no_shadow
}
sphere {
	0, 1
	scale<0.080000,0.200000,0.300000>
	matrix <0.695184, -0.717655, 0.041117,
		0.168712, 0.107292, -0.979808,
		0.698753, 0.688084, 0.195665,
		36.336292, 40.178661, 36.292179>
	pigment { color rgbt <0,1,1,0> }
	no_shadow
}
cylinder {
	<35.300545, 40.033085, 36.451569>,  <35.847164, 39.697002, 36.155212>, 0.130000
	pigment { color rgbt <1,0,0,0> }
	no_shadow
}

// nucleotide -1

// particle -1
sphere {
	<35.300545, 40.033085, 36.451569> 0.250000
	pigment { color rgbt <1,0,0,0> }
	no_shadow
}
cylinder {
	<35.082630, 40.329121, 36.293846>,  <34.951881, 40.506741, 36.199215>, 0.100000
	pigment { color rgbt <1,0,0,0> }
	no_shadow
}
cylinder {
	<35.082630, 40.329121, 36.293846>,  <35.300545, 40.033085, 36.451569>, 0.100000
	pigment { color rgbt <1,0,0,0> }
	no_shadow
}

// particle -1
sphere {
	<35.082630, 40.329121, 36.293846> 0.100000
	pigment { color rgbt <1,0,0,0> }
	no_shadow
}
sphere {
	0, 1
	scale<0.080000,0.200000,0.300000>
	matrix <-0.774443, -0.624379, -0.101926,
		-0.321630, 0.249839, 0.913310,
		-0.544786, 0.740089, -0.394305,
		34.919193, 40.551147, 36.175556>
	pigment { color rgbt <0,1,1,0> }
	no_shadow
}
cylinder {
	<34.758335, 40.069622, 36.767357>,  <35.300545, 40.033085, 36.451569>, 0.130000
	pigment { color rgbt <1,0,0,0> }
	no_shadow
}

// nucleotide -1

// particle -1
sphere {
	<34.758335, 40.069622, 36.767357> 0.250000
	pigment { color rgbt <1,0,0,0> }
	no_shadow
}
cylinder {
	<34.656254, 40.202431, 36.404121>,  <34.595005, 40.282116, 36.186180>, 0.100000
	pigment { color rgbt <1,0,0,0> }
	no_shadow
}
cylinder {
	<34.656254, 40.202431, 36.404121>,  <34.758335, 40.069622, 36.767357>, 0.100000
	pigment { color rgbt <1,0,0,0> }
	no_shadow
}

// particle -1
sphere {
	<34.656254, 40.202431, 36.404121> 0.100000
	pigment { color rgbt <1,0,0,0> }
	no_shadow
}
sphere {
	0, 1
	scale<0.080000,0.200000,0.300000>
	matrix <-0.808278, -0.588681, 0.011919,
		-0.530620, 0.737034, 0.418598,
		-0.255205, 0.332019, -0.908094,
		34.579693, 40.302036, 36.131695>
	pigment { color rgbt <0,1,1,0> }
	no_shadow
}
cylinder {
	<34.079849, 39.996727, 36.876373>,  <34.758335, 40.069622, 36.767357>, 0.130000
	pigment { color rgbt <1,0,0,0> }
	no_shadow
}

// nucleotide -1

// particle -1
sphere {
	<34.079849, 39.996727, 36.876373> 0.250000
	pigment { color rgbt <1,0,0,0> }
	no_shadow
}
cylinder {
	<34.134159, 40.052395, 36.484009>,  <34.166744, 40.085796, 36.248589>, 0.100000
	pigment { color rgbt <1,0,0,0> }
	no_shadow
}
cylinder {
	<34.134159, 40.052395, 36.484009>,  <34.079849, 39.996727, 36.876373>, 0.100000
	pigment { color rgbt <1,0,0,0> }
	no_shadow
}

// particle -1
sphere {
	<34.134159, 40.052395, 36.484009> 0.100000
	pigment { color rgbt <1,0,0,0> }
	no_shadow
}
sphere {
	0, 1
	scale<0.080000,0.200000,0.300000>
	matrix <-0.771254, -0.606619, -0.192823,
		-0.621878, 0.782716, 0.024973,
		0.135776, 0.139172, -0.980916,
		34.174892, 40.094147, 36.189735>
	pigment { color rgbt <0,1,1,0> }
	no_shadow
}
cylinder {
	<33.445995, 40.139347, 36.627693>,  <34.079849, 39.996727, 36.876373>, 0.130000
	pigment { color rgbt <1,0,0,0> }
	no_shadow
}

// nucleotide -1

// particle -1
sphere {
	<33.445995, 40.139347, 36.627693> 0.250000
	pigment { color rgbt <1,0,0,0> }
	no_shadow
}
cylinder {
	<33.655594, 40.018204, 36.309269>,  <33.781353, 39.945518, 36.118214>, 0.100000
	pigment { color rgbt <1,0,0,0> }
	no_shadow
}
cylinder {
	<33.655594, 40.018204, 36.309269>,  <33.445995, 40.139347, 36.627693>, 0.100000
	pigment { color rgbt <1,0,0,0> }
	no_shadow
}

// particle -1
sphere {
	<33.655594, 40.018204, 36.309269> 0.100000
	pigment { color rgbt <1,0,0,0> }
	no_shadow
}
sphere {
	0, 1
	scale<0.080000,0.200000,0.300000>
	matrix <-0.840696, -0.333815, -0.426378,
		-0.136605, 0.892662, -0.429526,
		0.523994, -0.302856, -0.796058,
		33.812794, 39.927345, 36.070450>
	pigment { color rgbt <0,1,1,0> }
	no_shadow
}
cylinder {
	<32.913742, 40.144913, 36.179974>,  <33.445995, 40.139347, 36.627693>, 0.130000
	pigment { color rgbt <1,0,0,0> }
	no_shadow
}

// nucleotide -1

// particle -1
sphere {
	<32.913742, 40.144913, 36.179974> 0.250000
	pigment { color rgbt <1,0,0,0> }
	no_shadow
}
cylinder {
	<33.207283, 39.949474, 35.991192>,  <33.383408, 39.832211, 35.877922>, 0.100000
	pigment { color rgbt <1,0,0,0> }
	no_shadow
}
cylinder {
	<33.207283, 39.949474, 35.991192>,  <32.913742, 40.144913, 36.179974>, 0.100000
	pigment { color rgbt <1,0,0,0> }
	no_shadow
}

// particle -1
sphere {
	<33.207283, 39.949474, 35.991192> 0.100000
	pigment { color rgbt <1,0,0,0> }
	no_shadow
}
sphere {
	0, 1
	scale<0.080000,0.200000,0.300000>
	matrix <-0.667863, -0.645950, -0.369741,
		-0.124204, 0.586534, -0.800344,
		0.733848, -0.488596, -0.471954,
		33.427437, 39.802895, 35.849606>
	pigment { color rgbt <0,1,1,0> }
	no_shadow
}
cylinder {
	<32.675312, 40.177853, 35.522469>,  <32.913742, 40.144913, 36.179974>, 0.130000
	pigment { color rgbt <1,0,0,0> }
	no_shadow
}

// nucleotide -1

// particle -1
sphere {
	<32.675312, 40.177853, 35.522469> 0.250000
	pigment { color rgbt <1,0,0,0> }
	no_shadow
}
cylinder {
	<32.931931, 39.878429, 35.589497>,  <33.085903, 39.698776, 35.629711>, 0.100000
	pigment { color rgbt <1,0,0,0> }
	no_shadow
}
cylinder {
	<32.931931, 39.878429, 35.589497>,  <32.675312, 40.177853, 35.522469>, 0.100000
	pigment { color rgbt <1,0,0,0> }
	no_shadow
}

// particle -1
sphere {
	<32.931931, 39.878429, 35.589497> 0.100000
	pigment { color rgbt <1,0,0,0> }
	no_shadow
}
sphere {
	0, 1
	scale<0.080000,0.200000,0.300000>
	matrix <-0.654503, -0.648095, -0.389358,
		0.400057, 0.140117, -0.905716,
		0.641545, -0.748559, 0.167567,
		33.124393, 39.653862, 35.639767>
	pigment { color rgbt <0,1,1,0> }
	no_shadow
}
cylinder {
	<32.698463, 39.741447, 34.986984>,  <32.675312, 40.177853, 35.522469>, 0.130000
	pigment { color rgbt <1,0,0,0> }
	no_shadow
}

// nucleotide -1

// particle -1
sphere {
	<32.698463, 39.741447, 34.986984> 0.250000
	pigment { color rgbt <1,0,0,0> }
	no_shadow
}
cylinder {
	<32.838745, 39.504883, 35.277431>,  <32.922916, 39.362946, 35.451698>, 0.100000
	pigment { color rgbt <1,0,0,0> }
	no_shadow
}
cylinder {
	<32.838745, 39.504883, 35.277431>,  <32.698463, 39.741447, 34.986984>, 0.100000
	pigment { color rgbt <1,0,0,0> }
	no_shadow
}

// particle -1
sphere {
	<32.838745, 39.504883, 35.277431> 0.100000
	pigment { color rgbt <1,0,0,0> }
	no_shadow
}
sphere {
	0, 1
	scale<0.080000,0.200000,0.300000>
	matrix <-0.745230, -0.645801, -0.166053,
