// switches for output
#declare DRAW_BASES = 1; // possible values are 0, 1; only relevant for DNA ribbons
#declare DRAW_BASES_TYPE = 3; // possible values are 1, 2, 3; only relevant for DNA ribbons
#declare DRAW_FOG = 0; // set to 1 to enable fog

#include "colors.inc"

#include "transforms.inc"
background { rgb <1, 1, 1>}

#default {
   normal{
       ripples 0.25
       frequency 0.20
       turbulence 0.2
       lambda 5
   }
	finish {
		phong 0.1
		phong_size 40.
	}
}

// original window dimensions: 1024x640


// camera settings

camera {
	sky <0, 0.179814, -0.983701>
	up <0, 0.179814, -0.983701>
	right 1.6 * <1, 0, 0>
	location <35, 94.9851, 44.8844>
	look_at <35, 29.7336, 32.9568>
	direction <0, -65.2515, -11.9276>
	angle 67.0682
}


# declare cpy_camera_pos = <35, 94.9851, 44.8844>;
# if (DRAW_FOG = 1)
fog {
	fog_type 2
	up vnormalize(cpy_camera_pos)
	color rgbt<1,1,1,0.3>
	distance 1e-5
	fog_alt 3e-3
	fog_offset 56
}
# end


// LIGHTS

# declare lum = 6;
global_settings {
	ambient_light rgb lum * <0.05, 0.05, 0.05>
	max_trace_level 15
}# declare cpy_direct_light_amount = 0.25;
light_source
{	1000 * <-1, -1.16352, -0.803886>,
	rgb lum * cpy_direct_light_amount
	parallel
}

light_source
{	1000 * <1, 1.16352, 0.803886>,
	rgb lum * cpy_direct_light_amount
	parallel
}

// strand 0

// nucleotide -1

// particle -1
sphere {
	<24.276960, 34.725307, 34.785385> 0.250000
	pigment { color rgbt <1,0,0,0> }
	no_shadow
}
cylinder {
	<24.344316, 35.044628, 35.016682>,  <24.384731, 35.236221, 35.155460>, 0.100000
	pigment { color rgbt <1,0,0,0> }
	no_shadow
}
cylinder {
	<24.344316, 35.044628, 35.016682>,  <24.276960, 34.725307, 34.785385>, 0.100000
	pigment { color rgbt <1,0,0,0> }
	no_shadow
}

// particle -1
sphere {
	<24.344316, 35.044628, 35.016682> 0.100000
	pigment { color rgbt <1,0,0,0> }
	no_shadow
}
sphere {
	0, 1
	scale<0.080000,0.200000,0.300000>
	matrix <0.973528, -0.042710, -0.224541,
		-0.154554, 0.600747, -0.784357,
		0.168393, 0.798297, 0.578243,
		24.394835, 35.284119, 35.190155>
	pigment { color rgbt <0,1,1,0> }
	no_shadow
}
cylinder {
	<24.694128, 35.152027, 34.395443>,  <24.276960, 34.725307, 34.785385>, 0.130000
	pigment { color rgbt <1,0,0,0> }
	no_shadow
}

// nucleotide -1

// particle -1
sphere {
	<24.694128, 35.152027, 34.395443> 0.250000
	pigment { color rgbt <1,0,0,0> }
	no_shadow
}
cylinder {
	<24.738331, 35.210121, 34.788727>,  <24.764853, 35.244980, 35.024696>, 0.100000
	pigment { color rgbt <1,0,0,0> }
	no_shadow
}
cylinder {
	<24.738331, 35.210121, 34.788727>,  <24.694128, 35.152027, 34.395443>, 0.100000
	pigment { color rgbt <1,0,0,0> }
	no_shadow
}

// particle -1
sphere {
	<24.738331, 35.210121, 34.788727> 0.100000
	pigment { color rgbt <1,0,0,0> }
	no_shadow
}
sphere {
	0, 1
	scale<0.080000,0.200000,0.300000>
	matrix <0.993797, -0.028583, -0.107473,
		0.012494, 0.988984, -0.147494,
		0.110505, 0.145237, 0.983206,
		24.771482, 35.253693, 35.083691>
	pigment { color rgbt <0,1,1,0> }
	no_shadow
}
cylinder {
	<25.057798, 35.737701, 34.514931>,  <24.694128, 35.152027, 34.395443>, 0.130000
	pigment { color rgbt <1,0,0,0> }
	no_shadow
}

// nucleotide -1

// particle -1
sphere {
	<25.057798, 35.737701, 34.514931> 0.250000
	pigment { color rgbt <1,0,0,0> }
	no_shadow
}
cylinder {
	<25.095751, 35.473545, 34.812893>,  <25.118523, 35.315052, 34.991669>, 0.100000
	pigment { color rgbt <1,0,0,0> }
	no_shadow
}
cylinder {
	<25.095751, 35.473545, 34.812893>,  <25.057798, 35.737701, 34.514931>, 0.100000
	pigment { color rgbt <1,0,0,0> }
	no_shadow
}

// particle -1
sphere {
	<25.095751, 35.473545, 34.812893> 0.100000
	pigment { color rgbt <1,0,0,0> }
	no_shadow
}
sphere {
	0, 1
	scale<0.080000,0.200000,0.300000>
	matrix <0.994123, 0.023673, -0.105640,
		0.052129, 0.750551, 0.658753,
		0.094883, -0.660388, 0.744906,
		25.124216, 35.275429, 35.036366>
	pigment { color rgbt <0,1,1,0> }
	no_shadow
}
cylinder {
	<25.485394, 35.977535, 34.971512>,  <25.057798, 35.737701, 34.514931>, 0.130000
	pigment { color rgbt <1,0,0,0> }
	no_shadow
}

// nucleotide -1

// particle -1
sphere {
	<25.485394, 35.977535, 34.971512> 0.250000
	pigment { color rgbt <1,0,0,0> }
	no_shadow
}
cylinder {
	<25.537638, 35.582588, 35.007385>,  <25.568985, 35.345619, 35.028908>, 0.100000
	pigment { color rgbt <1,0,0,0> }
	no_shadow
}
cylinder {
	<25.537638, 35.582588, 35.007385>,  <25.485394, 35.977535, 34.971512>, 0.100000
	pigment { color rgbt <1,0,0,0> }
	no_shadow
}

// particle -1
sphere {
	<25.537638, 35.582588, 35.007385> 0.100000
	pigment { color rgbt <1,0,0,0> }
	no_shadow
}
sphere {
	0, 1
	scale<0.080000,0.200000,0.300000>
	matrix <0.991089, 0.132415, 0.014431,
		-0.026124, 0.086996, 0.995866,
		0.130612, -0.987369, 0.089680,
		25.576820, 35.286377, 35.034290>
	pigment { color rgbt <0,1,1,0> }
	no_shadow
}
cylinder {
	<26.152519, 35.958801, 35.341503>,  <25.485394, 35.977535, 34.971512>, 0.130000
	pigment { color rgbt <1,0,0,0> }
	no_shadow
}

// nucleotide -1

// particle -1
sphere {
	<26.152519, 35.958801, 35.341503> 0.250000
	pigment { color rgbt <1,0,0,0> }
	no_shadow
}
cylinder {
	<26.092384, 35.646049, 35.099487>,  <26.056303, 35.458401, 34.954277>, 0.100000
	pigment { color rgbt <1,0,0,0> }
	no_shadow
}
cylinder {
	<26.092384, 35.646049, 35.099487>,  <26.152519, 35.958801, 35.341503>, 0.100000
	pigment { color rgbt <1,0,0,0> }
	no_shadow
}

// particle -1
sphere {
	<26.092384, 35.646049, 35.099487> 0.100000
	pigment { color rgbt <1,0,0,0> }
	no_shadow
}
sphere {
	0, 1
	scale<0.080000,0.200000,0.300000>
	matrix <0.982770, -0.051632, -0.177474,
		0.107523, -0.621291, 0.776167,
		-0.150338, -0.781877, -0.605035,
		26.047283, 35.411488, 34.917976>
	pigment { color rgbt <0,1,1,0> }
	no_shadow
}
cylinder {
	<26.704987, 36.020916, 34.961510>,  <26.152519, 35.958801, 35.341503>, 0.130000
	pigment { color rgbt <1,0,0,0> }
	no_shadow
}

// nucleotide -1

// particle -1
sphere {
	<26.704987, 36.020916, 34.961510> 0.250000
	pigment { color rgbt <1,0,0,0> }
	no_shadow
}
cylinder {
	<26.971489, 36.151600, 35.229649>,  <27.131392, 36.230011, 35.390530>, 0.100000
	pigment { color rgbt <1,0,0,0> }
	no_shadow
}
cylinder {
	<26.971489, 36.151600, 35.229649>,  <26.704987, 36.020916, 34.961510>, 0.100000
	pigment { color rgbt <1,0,0,0> }
	no_shadow
}

// particle -1
sphere {
	<26.971489, 36.151600, 35.229649> 0.100000
	pigment { color rgbt <1,0,0,0> }
	no_shadow
}
sphere {
	0, 1
	scale<0.080000,0.200000,0.300000>
	matrix <-0.125122, 0.935152, -0.331414,
		-0.735150, 0.136933, 0.663931,
		0.666258, 0.326711, 0.670344,
		27.171366, 36.249615, 35.430752>
	pigment { color rgbt <0,1,1,0> }
	no_shadow
}
cylinder {
	<26.531046, 36.591644, 35.450397>,  <26.704987, 36.020916, 34.961510>, 0.130000
	pigment { color rgbt <1,0,0,0> }
	no_shadow
}

// nucleotide -1

// particle -1
sphere {
	<26.531046, 36.591644, 35.450397> 0.250000
	pigment { color rgbt <1,0,0,0> }
	no_shadow
}
cylinder {
	<26.924368, 36.651749, 35.409355>,  <27.160362, 36.687813, 35.384727>, 0.100000
	pigment { color rgbt <1,0,0,0> }
	no_shadow
}
cylinder {
	<26.924368, 36.651749, 35.409355>,  <26.531046, 36.591644, 35.450397>, 0.100000
	pigment { color rgbt <1,0,0,0> }
	no_shadow
}

// particle -1
sphere {
	<26.924368, 36.651749, 35.409355> 0.100000
	pigment { color rgbt <1,0,0,0> }
	no_shadow
}
sphere {
	0, 1
	scale<0.080000,0.200000,0.300000>
	matrix <-0.145802, 0.988063, 0.049733,
		0.108858, -0.033942, 0.993478,
		0.983307, 0.150265, -0.102610,
		27.219360, 36.696827, 35.378571>
	pigment { color rgbt <0,1,1,0> }
	no_shadow
}
cylinder {
	<26.465937, 37.254166, 35.330952>,  <26.531046, 36.591644, 35.450397>, 0.130000
	pigment { color rgbt <1,0,0,0> }
	no_shadow
}

// nucleotide -1

// particle -1
sphere {
	<26.465937, 37.254166, 35.330952> 0.250000
	pigment { color rgbt <1,0,0,0> }
	no_shadow
}
cylinder {
	<26.860962, 37.244392, 35.393078>,  <27.097977, 37.238529, 35.430355>, 0.100000
	pigment { color rgbt <1,0,0,0> }
	no_shadow
}
cylinder {
	<26.860962, 37.244392, 35.393078>,  <26.465937, 37.254166, 35.330952>, 0.100000
	pigment { color rgbt <1,0,0,0> }
	no_shadow
}

// particle -1
sphere {
	<26.860962, 37.244392, 35.393078> 0.100000
	pigment { color rgbt <1,0,0,0> }
	no_shadow
}
sphere {
	0, 1
	scale<0.080000,0.200000,0.300000>
	matrix <0.010419, 0.995849, 0.090425,
		-0.156880, -0.087682, 0.983718,
		0.987563, -0.024435, 0.155315,
		27.157230, 37.237061, 35.439671>
	pigment { color rgbt <0,1,1,0> }
	no_shadow
}
cylinder {
	<26.572754, 37.729553, 35.730976>,  <26.465937, 37.254166, 35.330952>, 0.130000
	pigment { color rgbt <1,0,0,0> }
	no_shadow
}

// nucleotide -1

// particle -1
sphere {
	<26.572754, 37.729553, 35.730976> 0.250000
	pigment { color rgbt <1,0,0,0> }
	no_shadow
}
cylinder {
	<26.954021, 37.670921, 35.625160>,  <27.182783, 37.635742, 35.561668>, 0.100000
	pigment { color rgbt <1,0,0,0> }
	no_shadow
}
cylinder {
	<26.954021, 37.670921, 35.625160>,  <26.572754, 37.729553, 35.730976>, 0.100000
	pigment { color rgbt <1,0,0,0> }
	no_shadow
}

// particle -1
sphere {
	<26.954021, 37.670921, 35.625160> 0.100000
	pigment { color rgbt <1,0,0,0> }
	no_shadow
}
sphere {
	0, 1
	scale<0.080000,0.200000,0.300000>
	matrix <0.212802, 0.946583, 0.242271,
		0.214901, -0.287221, 0.933446,
		0.953170, -0.146575, -0.264543,
		27.239973, 37.626949, 35.545795>
	pigment { color rgbt <0,1,1,0> }
	no_shadow
}
cylinder {
	<27.036106, 38.227654, 36.192226>,  <26.572754, 37.729553, 35.730976>, 0.130000
	pigment { color rgbt <1,0,0,0> }
	no_shadow
}

// nucleotide -1

// particle -1
sphere {
	<27.036106, 38.227654, 36.192226> 0.250000
	pigment { color rgbt <1,0,0,0> }
	no_shadow
}
cylinder {
	<27.250603, 38.132313, 35.868343>,  <27.379301, 38.075108, 35.674011>, 0.100000
	pigment { color rgbt <1,0,0,0> }
	no_shadow
}
cylinder {
	<27.250603, 38.132313, 35.868343>,  <27.036106, 38.227654, 36.192226>, 0.100000
	pigment { color rgbt <1,0,0,0> }
	no_shadow
}

// particle -1
sphere {
	<27.250603, 38.132313, 35.868343> 0.100000
	pigment { color rgbt <1,0,0,0> }
	no_shadow
}
sphere {
	0, 1
	scale<0.080000,0.200000,0.300000>
	matrix <0.411259, 0.911510, 0.004046,
		0.737096, -0.335170, 0.586814,
		0.536243, -0.238350, -0.809711,
		27.411476, 38.060806, 35.625431>
	pigment { color rgbt <0,1,1,0> }
	no_shadow
}
cylinder {
	<27.758204, 38.493538, 36.329113>,  <27.036106, 38.227654, 36.192226>, 0.130000
	pigment { color rgbt <1,0,0,0> }
	no_shadow
}

// nucleotide -1

// particle -1
sphere {
	<27.758204, 38.493538, 36.329113> 0.250000
	pigment { color rgbt <1,0,0,0> }
	no_shadow
}
cylinder {
	<27.718237, 38.475155, 35.931538>,  <27.694258, 38.464127, 35.692993>, 0.100000
	pigment { color rgbt <1,0,0,0> }
	no_shadow
}
cylinder {
	<27.718237, 38.475155, 35.931538>,  <27.758204, 38.493538, 36.329113>, 0.100000
	pigment { color rgbt <1,0,0,0> }
	no_shadow
}

// particle -1
sphere {
	<27.718237, 38.475155, 35.931538> 0.100000
	pigment { color rgbt <1,0,0,0> }
	no_shadow
}
sphere {
	0, 1
	scale<0.080000,0.200000,0.300000>
	matrix <0.251769, 0.965257, -0.069940,
		0.962616, -0.257229, -0.084871,
		-0.099913, -0.045957, -0.993934,
		27.688263, 38.461369, 35.633358>
	pigment { color rgbt <0,1,1,0> }
	no_shadow
}
cylinder {
	<28.274723, 38.802536, 36.051495>,  <27.758204, 38.493538, 36.329113>, 0.130000
	pigment { color rgbt <1,0,0,0> }
	no_shadow
}

// nucleotide -1

// particle -1
sphere {
	<28.274723, 38.802536, 36.051495> 0.250000
	pigment { color rgbt <1,0,0,0> }
	no_shadow
}
cylinder {
	<27.996698, 38.807175, 35.763954>,  <27.829884, 38.809959, 35.591431>, 0.100000
	pigment { color rgbt <1,0,0,0> }
	no_shadow
}
cylinder {
	<27.996698, 38.807175, 35.763954>,  <28.274723, 38.802536, 36.051495>, 0.100000
	pigment { color rgbt <1,0,0,0> }
	no_shadow
}

// particle -1
sphere {
	<27.996698, 38.807175, 35.763954> 0.100000
	pigment { color rgbt <1,0,0,0> }
	no_shadow
}
sphere {
	0, 1
	scale<0.080000,0.200000,0.300000>
	matrix <0.174961, 0.972540, -0.153478,
		0.697335, -0.232448, -0.678006,
		-0.695063, 0.011600, -0.718855,
		27.788179, 38.810654, 35.548298>
	pigment { color rgbt <0,1,1,0> }
	no_shadow
}
cylinder {
	<28.544643, 39.209545, 35.465729>,  <28.274723, 38.802536, 36.051495>, 0.130000
	pigment { color rgbt <1,0,0,0> }
	no_shadow
}

// nucleotide -1

// particle -1
sphere {
	<28.544643, 39.209545, 35.465729> 0.250000
	pigment { color rgbt <1,0,0,0> }
	no_shadow
}
cylinder {
	<28.155951, 39.205494, 35.371380>,  <27.922735, 39.203064, 35.314770>, 0.100000
	pigment { color rgbt <1,0,0,0> }
	no_shadow
}
cylinder {
	<28.155951, 39.205494, 35.371380>,  <28.544643, 39.209545, 35.465729>, 0.100000
	pigment { color rgbt <1,0,0,0> }
	no_shadow
}

// particle -1
sphere {
	<28.155951, 39.205494, 35.371380> 0.100000
	pigment { color rgbt <1,0,0,0> }
	no_shadow
}
sphere {
	0, 1
	scale<0.080000,0.200000,0.300000>
	matrix <0.015526, 0.994174, -0.106659,
		0.235575, -0.107306, -0.965914,
		-0.971732, -0.010129, -0.235869,
		27.864431, 39.202454, 35.300621>
	pigment { color rgbt <0,1,1,0> }
	no_shadow
}
cylinder {
	<28.553322, 39.741829, 35.013916>,  <28.544643, 39.209545, 35.465729>, 0.130000
	pigment { color rgbt <1,0,0,0> }
	no_shadow
}

// nucleotide -1

// particle -1
sphere {
	<28.553322, 39.741829, 35.013916> 0.250000
	pigment { color rgbt <1,0,0,0> }
	no_shadow
}
cylinder {
	<28.173502, 39.698879, 35.131783>,  <27.945610, 39.673111, 35.202503>, 0.100000
	pigment { color rgbt <1,0,0,0> }
	no_shadow
}
cylinder {
	<28.173502, 39.698879, 35.131783>,  <28.553322, 39.741829, 35.013916>, 0.100000
	pigment { color rgbt <1,0,0,0> }
	no_shadow
}

// particle -1
sphere {
	<28.173502, 39.698879, 35.131783> 0.100000
	pigment { color rgbt <1,0,0,0> }
	no_shadow
}
sphere {
	0, 1
	scale<0.080000,0.200000,0.300000>
	matrix <-0.142406, 0.984736, -0.100082,
		-0.279424, -0.136995, -0.950344,
		-0.949549, -0.107369, 0.294668,
		27.888638, 39.666668, 35.220184>
	pigment { color rgbt <0,1,1,0> }
	no_shadow
}
cylinder {
	<28.192524, 40.142403, 34.579582>,  <28.553322, 39.741829, 35.013916>, 0.130000
	pigment { color rgbt <1,0,0,0> }
	no_shadow
}

// nucleotide -1

// particle -1
sphere {
	<28.192524, 40.142403, 34.579582> 0.250000
	pigment { color rgbt <1,0,0,0> }
	no_shadow
}
cylinder {
	<27.966894, 40.107113, 34.907982>,  <27.831516, 40.085938, 35.105022>, 0.100000
	pigment { color rgbt <1,0,0,0> }
	no_shadow
}
cylinder {
	<27.966894, 40.107113, 34.907982>,  <28.192524, 40.142403, 34.579582>, 0.100000
	pigment { color rgbt <1,0,0,0> }
	no_shadow
}

// particle -1
sphere {
	<27.966894, 40.107113, 34.907982> 0.100000
	pigment { color rgbt <1,0,0,0> }
	no_shadow
}
sphere {
	0, 1
	scale<0.080000,0.200000,0.300000>
	matrix <-0.078562, 0.995499, 0.053001,
		-0.821977, -0.034602, -0.568469,
		-0.564076, -0.088226, 0.820996,
		27.797670, 40.080647, 35.154282>
	pigment { color rgbt <0,1,1,0> }
	no_shadow
}
cylinder {
	<27.590574, 40.497353, 34.386223>,  <28.192524, 40.142403, 34.579582>, 0.130000
	pigment { color rgbt <1,0,0,0> }
	no_shadow
}

// nucleotide -1

// particle -1
sphere {
	<27.590574, 40.497353, 34.386223> 0.250000
	pigment { color rgbt <1,0,0,0> }
	no_shadow
}
cylinder {
	<27.580467, 40.484112, 34.785877>,  <27.574404, 40.476166, 35.025669>, 0.100000
	pigment { color rgbt <1,0,0,0> }
	no_shadow
}
cylinder {
	<27.580467, 40.484112, 34.785877>,  <27.590574, 40.497353, 34.386223>, 0.100000
	pigment { color rgbt <1,0,0,0> }
	no_shadow
}

// particle -1
sphere {
	<27.580467, 40.484112, 34.785877> 0.100000
	pigment { color rgbt <1,0,0,0> }
	no_shadow
}
sphere {
	0, 1
	scale<0.080000,0.200000,0.300000>
	matrix <0.019069, 0.999254, 0.033593,
		-0.999499, 0.019901, -0.024617,
		-0.025267, -0.033106, 0.999132,
		27.572887, 40.474178, 35.085617>
	pigment { color rgbt <0,1,1,0> }
	no_shadow
}
cylinder {
	<27.033426, 40.940609, 34.645885>,  <27.590574, 40.497353, 34.386223>, 0.130000
	pigment { color rgbt <1,0,0,0> }
	no_shadow
}

// nucleotide -1

// particle -1
sphere {
	<27.033426, 40.940609, 34.645885> 0.250000
	pigment { color rgbt <1,0,0,0> }
	no_shadow
}
cylinder {
	<27.294443, 40.895668, 34.945637>,  <27.451054, 40.868702, 35.125488>, 0.100000
	pigment { color rgbt <1,0,0,0> }
	no_shadow
}
cylinder {
	<27.294443, 40.895668, 34.945637>,  <27.033426, 40.940609, 34.645885>, 0.100000
	pigment { color rgbt <1,0,0,0> }
	no_shadow
}

// particle -1
sphere {
	<27.294443, 40.895668, 34.945637> 0.100000
	pigment { color rgbt <1,0,0,0> }
	no_shadow
}
sphere {
	0, 1
	scale<0.080000,0.200000,0.300000>
	matrix <-0.012861, 0.987162, 0.159206,
		-0.757643, -0.113526, 0.642720,
		0.652542, -0.112355, 0.749377,
		27.490206, 40.861961, 35.170448>
	pigment { color rgbt <0,1,1,0> }
	no_shadow
}
cylinder {
	<26.890827, 41.524372, 35.051067>,  <27.033426, 40.940609, 34.645885>, 0.130000
	pigment { color rgbt <1,0,0,0> }
	no_shadow
}

// nucleotide -1

// particle -1
sphere {
	<26.890827, 41.524372, 35.051067> 0.250000
	pigment { color rgbt <1,0,0,0> }
	no_shadow
}
cylinder {
	<27.256388, 41.420025, 35.175476>,  <27.475723, 41.357414, 35.250122>, 0.100000
	pigment { color rgbt <1,0,0,0> }
	no_shadow
}
cylinder {
	<27.256388, 41.420025, 35.175476>,  <26.890827, 41.524372, 35.051067>, 0.100000
	pigment { color rgbt <1,0,0,0> }
	no_shadow
}

// particle -1
sphere {
	<27.256388, 41.420025, 35.175476> 0.100000
	pigment { color rgbt <1,0,0,0> }
	no_shadow
}
sphere {
	0, 1
	scale<0.080000,0.200000,0.300000>
	matrix <0.146316, 0.926360, 0.347058,
		-0.378655, -0.271668, 0.884769,
		0.913899, -0.260871, 0.311022,
		27.530558, 41.341763, 35.268784>
	pigment { color rgbt <0,1,1,0> }
	no_shadow
}
cylinder {
	<26.921942, 41.801697, 35.731903>,  <26.890827, 41.524372, 35.051067>, 0.130000
	pigment { color rgbt <1,0,0,0> }
	no_shadow
}

// nucleotide -1

// particle -1
sphere {
	<26.921942, 41.801697, 35.731903> 0.250000
	pigment { color rgbt <1,0,0,0> }
	no_shadow
}
cylinder {
	<27.299629, 41.733829, 35.619007>,  <27.526241, 41.693108, 35.551270>, 0.100000
	pigment { color rgbt <1,0,0,0> }
	no_shadow
}
cylinder {
	<27.299629, 41.733829, 35.619007>,  <26.921942, 41.801697, 35.731903>, 0.100000
	pigment { color rgbt <1,0,0,0> }
	no_shadow
}

// particle -1
sphere {
	<27.299629, 41.733829, 35.619007> 0.100000
	pigment { color rgbt <1,0,0,0> }
	no_shadow
}
sphere {
	0, 1
	scale<0.080000,0.200000,0.300000>
	matrix <0.243675, 0.936482, 0.252239,
		0.221517, -0.306945, 0.925589,
		0.944221, -0.169667, -0.282242,
		27.582895, 41.682930, 35.534336>
	pigment { color rgbt <0,1,1,0> }
	no_shadow
}
cylinder {
	<27.325253, 42.226231, 36.167320>,  <26.921942, 41.801697, 35.731903>, 0.130000
	pigment { color rgbt <1,0,0,0> }
	no_shadow
}

// nucleotide -1

// particle -1
sphere {
	<27.325253, 42.226231, 36.167320> 0.250000
	pigment { color rgbt <1,0,0,0> }
	no_shadow
}
cylinder {
	<27.541409, 42.155216, 35.838333>,  <27.671103, 42.112606, 35.640942>, 0.100000
	pigment { color rgbt <1,0,0,0> }
	no_shadow
}
cylinder {
	<27.541409, 42.155216, 35.838333>,  <27.325253, 42.226231, 36.167320>, 0.100000
	pigment { color rgbt <1,0,0,0> }
	no_shadow
}

// particle -1
sphere {
	<27.541409, 42.155216, 35.838333> 0.100000
	pigment { color rgbt <1,0,0,0> }
	no_shadow
}
sphere {
	0, 1
	scale<0.080000,0.200000,0.300000>
	matrix <0.311393, 0.950281, -0.000532,
		0.781674, -0.255825, 0.568805,
		0.540389, -0.177538, -0.822472,
		27.703526, 42.101955, 35.591591>
	pigment { color rgbt <0,1,1,0> }
	no_shadow
}
cylinder {
	<28.090952, 42.446091, 36.333965>,  <27.325253, 42.226231, 36.167320>, 0.130000
	pigment { color rgbt <1,0,0,0> }
	no_shadow
}

// nucleotide -1

// particle -1
sphere {
	<28.090952, 42.446091, 36.333965> 0.250000
	pigment { color rgbt <1,0,0,0> }
	no_shadow
}
cylinder {
	<27.983084, 42.456188, 35.948917>,  <27.918364, 42.462246, 35.717888>, 0.100000
	pigment { color rgbt <1,0,0,0> }
	no_shadow
}
cylinder {
	<27.983084, 42.456188, 35.948917>,  <28.090952, 42.446091, 36.333965>, 0.100000
	pigment { color rgbt <1,0,0,0> }
	no_shadow
}

// particle -1
sphere {
	<27.983084, 42.456188, 35.948917> 0.100000
	pigment { color rgbt <1,0,0,0> }
	no_shadow
}
sphere {
	0, 1
	scale<0.080000,0.200000,0.300000>
	matrix <0.241650, 0.969443, -0.042269,
		0.932140, -0.244016, -0.267530,
		-0.269669, 0.025248, -0.962622,
		27.902184, 42.463764, 35.660130>
	pigment { color rgbt <0,1,1,0> }
	no_shadow
}
cylinder {
	<28.625280, 42.866867, 36.003620>,  <28.090952, 42.446091, 36.333965>, 0.130000
	pigment { color rgbt <1,0,0,0> }
	no_shadow
}

// nucleotide -1

// particle -1
sphere {
	<28.625280, 42.866867, 36.003620> 0.250000
	pigment { color rgbt <1,0,0,0> }
	no_shadow
}
cylinder {
	<28.320055, 42.865681, 35.745094>,  <28.136919, 42.864967, 35.589977>, 0.100000
	pigment { color rgbt <1,0,0,0> }
	no_shadow
}
cylinder {
	<28.320055, 42.865681, 35.745094>,  <28.625280, 42.866867, 36.003620>, 0.100000
	pigment { color rgbt <1,0,0,0> }
	no_shadow
}

// particle -1
sphere {
	<28.320055, 42.865681, 35.745094> 0.100000
	pigment { color rgbt <1,0,0,0> }
	no_shadow
}
sphere {
	0, 1
	scale<0.080000,0.200000,0.300000>
	matrix <0.089277, 0.989920, -0.109949,
		0.640126, -0.141599, -0.755108,
		-0.763065, -0.002968, -0.646315,
		28.091135, 42.864792, 35.551201>
	pigment { color rgbt <0,1,1,0> }
	no_shadow
}
cylinder {
	<28.832787, 43.344658, 35.571362>,  <28.625280, 42.866867, 36.003620>, 0.130000
	pigment { color rgbt <1,0,0,0> }
	no_shadow
}

// nucleotide -1

// particle -1
sphere {
	<28.832787, 43.344658, 35.571362> 0.250000
	pigment { color rgbt <1,0,0,0> }
	no_shadow
}
cylinder {
	<28.436083, 43.305046, 35.538841>,  <28.198061, 43.281281, 35.519329>, 0.100000
	pigment { color rgbt <1,0,0,0> }
	no_shadow
}
cylinder {
	<28.436083, 43.305046, 35.538841>,  <28.832787, 43.344658, 35.571362>, 0.100000
	pigment { color rgbt <1,0,0,0> }
	no_shadow
}

// particle -1
sphere {
	<28.436083, 43.305046, 35.538841> 0.100000
	pigment { color rgbt <1,0,0,0> }
	no_shadow
}
sphere {
	0, 1
	scale<0.080000,0.200000,0.300000>
	matrix <-0.102567, 0.993900, 0.040539,
		0.076790, 0.048543, -0.995865,
		-0.991758, -0.099030, -0.081301,
		28.138556, 43.275337, 35.514450>
	pigment { color rgbt <0,1,1,0> }
	no_shadow
}
cylinder {
	<28.614597, 43.866459, 35.007038>,  <28.832787, 43.344658, 35.571362>, 0.130000
	pigment { color rgbt <1,0,0,0> }
	no_shadow
}

// nucleotide -1

// particle -1
sphere {
	<28.614597, 43.866459, 35.007038> 0.250000
	pigment { color rgbt <1,0,0,0> }
	no_shadow
}
cylinder {
	<28.273296, 43.805408, 35.206501>,  <28.068516, 43.768780, 35.326180>, 0.100000
	pigment { color rgbt <1,0,0,0> }
	no_shadow
}
cylinder {
	<28.273296, 43.805408, 35.206501>,  <28.614597, 43.866459, 35.007038>, 0.100000
	pigment { color rgbt <1,0,0,0> }
	no_shadow
}

// particle -1
sphere {
	<28.273296, 43.805408, 35.206501> 0.100000
	pigment { color rgbt <1,0,0,0> }
	no_shadow
}
sphere {
	0, 1
	scale<0.080000,0.200000,0.300000>
	matrix <-0.069013, 0.980852, 0.182120,
		-0.516909, 0.120981, -0.847448,
		-0.853254, -0.152624, 0.498662,
		28.017321, 43.759621, 35.356098>
	pigment { color rgbt <0,1,1,0> }
	no_shadow
}
cylinder {
	<28.158937, 44.367153, 34.803791>,  <28.614597, 43.866459, 35.007038>, 0.130000
	pigment { color rgbt <1,0,0,0> }
	no_shadow
}

// nucleotide -1

// particle -1
sphere {
	<28.158937, 44.367153, 34.803791> 0.250000
	pigment { color rgbt <1,0,0,0> }
	no_shadow
}
cylinder {
	<28.007374, 44.263115, 35.159042>,  <27.916435, 44.200691, 35.372192>, 0.100000
	pigment { color rgbt <1,0,0,0> }
	no_shadow
}
cylinder {
	<28.007374, 44.263115, 35.159042>,  <28.158937, 44.367153, 34.803791>, 0.100000
	pigment { color rgbt <1,0,0,0> }
	no_shadow
}

// particle -1
sphere {
	<28.007374, 44.263115, 35.159042> 0.100000
	pigment { color rgbt <1,0,0,0> }
	no_shadow
}
sphere {
	0, 1
	scale<0.080000,0.200000,0.300000>
	matrix <0.080289, 0.946834, 0.311543,
		-0.921945, 0.189353, -0.337880,
		-0.378908, -0.260098, 0.888132,
		27.893702, 44.185085, 35.425484>
	pigment { color rgbt <0,1,1,0> }
	no_shadow
}
cylinder {
	<27.501503, 44.709118, 35.010620>,  <28.158937, 44.367153, 34.803791>, 0.130000
	pigment { color rgbt <1,0,0,0> }
	no_shadow
}

// nucleotide -1

// particle -1
sphere {
	<27.501503, 44.709118, 35.010620> 0.250000
	pigment { color rgbt <1,0,0,0> }
	no_shadow
}
cylinder {
	<27.728161, 44.614216, 35.326248>,  <27.864155, 44.557274, 35.515625>, 0.100000
	pigment { color rgbt <1,0,0,0> }
	no_shadow
}
cylinder {
	<27.728161, 44.614216, 35.326248>,  <27.501503, 44.709118, 35.010620>, 0.100000
	pigment { color rgbt <1,0,0,0> }
	no_shadow
}

// particle -1
sphere {
	<27.728161, 44.614216, 35.326248> 0.100000
	pigment { color rgbt <1,0,0,0> }
	no_shadow
}
sphere {
	0, 1
	scale<0.080000,0.200000,0.300000>
	matrix <-0.033189, 0.950298, 0.309567,
		-0.823294, -0.201603, 0.530607,
		0.566645, -0.237254, 0.789065,
		27.898155, 44.543041, 35.562969>
	pigment { color rgbt <0,1,1,0> }
	no_shadow
}
cylinder {
	<27.255415, 45.152012, 35.551178>,  <27.501503, 44.709118, 35.010620>, 0.130000
	pigment { color rgbt <1,0,0,0> }
	no_shadow
}

// nucleotide -1

// particle -1
sphere {
	<27.255415, 45.152012, 35.551178> 0.250000
	pigment { color rgbt <1,0,0,0> }
	no_shadow
}
cylinder {
	<27.636175, 45.030125, 35.564041>,  <27.864632, 44.956993, 35.571758>, 0.100000
	pigment { color rgbt <1,0,0,0> }
	no_shadow
}
cylinder {
	<27.636175, 45.030125, 35.564041>,  <27.255415, 45.152012, 35.551178>, 0.100000
	pigment { color rgbt <1,0,0,0> }
	no_shadow
}

// particle -1
sphere {
	<27.636175, 45.030125, 35.564041> 0.100000
	pigment { color rgbt <1,0,0,0> }
	no_shadow
}
sphere {
	0, 1
	scale<0.080000,0.200000,0.300000>
	matrix <0.290816, 0.931510, 0.218439,
		-0.096517, -0.198581, 0.975320,
		0.951898, -0.304722, 0.032156,
		27.921745, 44.938709, 35.573689>
	pigment { color rgbt <0,1,1,0> }
	no_shadow
}
cylinder {
	<27.518024, 45.189110, 36.234913>,  <27.255415, 45.152012, 35.551178>, 0.130000
	pigment { color rgbt <1,0,0,0> }
	no_shadow
}

// nucleotide -1

// particle -1
sphere {
	<27.518024, 45.189110, 36.234913> 0.250000
	pigment { color rgbt <1,0,0,0> }
	no_shadow
}
cylinder {
	<27.832289, 45.211025, 35.988422>,  <28.020847, 45.224174, 35.840527>, 0.100000
	pigment { color rgbt <1,0,0,0> }
	no_shadow
}
cylinder {
	<27.832289, 45.211025, 35.988422>,  <27.518024, 45.189110, 36.234913>, 0.100000
	pigment { color rgbt <1,0,0,0> }
	no_shadow
}

// particle -1
sphere {
	<27.832289, 45.211025, 35.988422> 0.100000
	pigment { color rgbt <1,0,0,0> }
	no_shadow
}
sphere {
	0, 1
	scale<0.080000,0.200000,0.300000>
	matrix <0.335194, 0.799506, 0.498433,
		0.519985, -0.598155, 0.609776,
		0.785659, 0.054785, -0.616228,
		28.067987, 45.227459, 35.803555>
	pigment { color rgbt <0,1,1,0> }
	no_shadow
}
cylinder {
	<27.237743, 44.613564, 36.626595>,  <27.518024, 45.189110, 36.234913>, 0.130000
	pigment { color rgbt <1,0,0,0> }
	no_shadow
}

// nucleotide -1

// particle -1
sphere {
	<27.237743, 44.613564, 36.626595> 0.250000
	pigment { color rgbt <1,0,0,0> }
	no_shadow
}
cylinder {
	<26.887531, 44.576740, 36.816319>,  <26.677404, 44.554646, 36.930153>, 0.100000
	pigment { color rgbt <1,0,0,0> }
	no_shadow
}
cylinder {
	<26.887531, 44.576740, 36.816319>,  <27.237743, 44.613564, 36.626595>, 0.100000
	pigment { color rgbt <1,0,0,0> }
	no_shadow
}

// particle -1
sphere {
	<26.887531, 44.576740, 36.816319> 0.100000
	pigment { color rgbt <1,0,0,0> }
	no_shadow
}
sphere {
	0, 1
	scale<0.080000,0.200000,0.300000>
	matrix <-0.412662, -0.368120, -0.833185,
		0.251304, -0.925210, 0.284312,
		-0.875532, -0.092058, 0.474309,
		26.624872, 44.549122, 36.958611>
	pigment { color rgbt <0,1,1,0> }
	no_shadow
}
cylinder {
	<26.794922, 45.147629, 37.117401>,  <27.237743, 44.613564, 36.626595>, 0.130000
	pigment { color rgbt <1,0,0,0> }
	no_shadow
}

// nucleotide -1

// particle -1
sphere {
	<26.794922, 45.147629, 37.117401> 0.250000
	pigment { color rgbt <1,0,0,0> }
	no_shadow
}
cylinder {
	<26.897322, 44.921841, 37.431301>,  <26.958761, 44.786369, 37.619640>, 0.100000
	pigment { color rgbt <1,0,0,0> }
	no_shadow
}
cylinder {
	<26.897322, 44.921841, 37.431301>,  <26.794922, 45.147629, 37.117401>, 0.100000
	pigment { color rgbt <1,0,0,0> }
	no_shadow
}

// particle -1
sphere {
	<26.897322, 44.921841, 37.431301> 0.100000
	pigment { color rgbt <1,0,0,0> }
	no_shadow
}
sphere {
	0, 1
	scale<0.080000,0.200000,0.300000>
	matrix <0.758051, 0.620973, 0.199377,
		-0.599853, 0.543843, 0.586866,
		0.255998, -0.564471, 0.784753,
		26.974121, 44.752499, 37.666725>
	pigment { color rgbt <0,1,1,0> }
	no_shadow
}
cylinder {
	<26.870670, 45.612419, 37.894279>,  <26.794922, 45.147629, 37.117401>, 0.130000
	pigment { color rgbt <1,0,0,0> }
	no_shadow
}

// nucleotide -1

// particle -1
sphere {
	<26.870670, 45.612419, 37.894279> 0.250000
	pigment { color rgbt <1,0,0,0> }
	no_shadow
}
cylinder {
	<27.102051, 45.298546, 37.805134>,  <27.240879, 45.110222, 37.751648>, 0.100000
	pigment { color rgbt <1,0,0,0> }
	no_shadow
}
cylinder {
	<27.102051, 45.298546, 37.805134>,  <26.870670, 45.612419, 37.894279>, 0.100000
	pigment { color rgbt <1,0,0,0> }
	no_shadow
}

// particle -1
sphere {
	<27.102051, 45.298546, 37.805134> 0.100000
	pigment { color rgbt <1,0,0,0> }
	no_shadow
}
sphere {
	0, 1
	scale<0.080000,0.200000,0.300000>
	matrix <0.808121, 0.588460, 0.025596,
		0.111063, -0.194908, 0.974513,
		0.578451, -0.784682, -0.222865,
		27.275585, 45.063141, 37.738274>
	pigment { color rgbt <0,1,1,0> }
	no_shadow
}
cylinder {
	<27.446012, 45.767319, 38.224682>,  <26.870670, 45.612419, 37.894279>, 0.130000
	pigment { color rgbt <1,0,0,0> }
	no_shadow
}

// nucleotide -1

// particle -1
sphere {
	<27.446012, 45.767319, 38.224682> 0.250000
	pigment { color rgbt <1,0,0,0> }
	no_shadow
}
cylinder {
	<27.569155, 45.453316, 38.009655>,  <27.643040, 45.264912, 37.880638>, 0.100000
	pigment { color rgbt <1,0,0,0> }
	no_shadow
}
cylinder {
	<27.569155, 45.453316, 38.009655>,  <27.446012, 45.767319, 38.224682>, 0.100000
	pigment { color rgbt <1,0,0,0> }
	no_shadow
}

// particle -1
sphere {
	<27.569155, 45.453316, 38.009655> 0.100000
	pigment { color rgbt <1,0,0,0> }
	no_shadow
}
sphere {
	0, 1
	scale<0.080000,0.200000,0.300000>
	matrix <0.948475, 0.297738, 0.108383,
		0.074973, -0.543238, 0.836224,
		0.307853, -0.785012, -0.537570,
		27.661510, 45.217812, 37.848385>
	pigment { color rgbt <0,1,1,0> }
	no_shadow
}
cylinder {
	<28.033478, 45.476654, 38.652546>,  <27.446012, 45.767319, 38.224682>, 0.130000
	pigment { color rgbt <1,0,0,0> }
	no_shadow
}

// nucleotide -1

// particle -1
sphere {
	<28.033478, 45.476654, 38.652546> 0.250000
	pigment { color rgbt <1,0,0,0> }
	no_shadow
}
cylinder {
	<28.028639, 45.413780, 38.257549>,  <28.025736, 45.376057, 38.020550>, 0.100000
	pigment { color rgbt <1,0,0,0> }
	no_shadow
}
cylinder {
	<28.028639, 45.413780, 38.257549>,  <28.033478, 45.476654, 38.652546>, 0.100000
	pigment { color rgbt <1,0,0,0> }
	no_shadow
}

// particle -1
sphere {
	<28.028639, 45.413780, 38.257549> 0.100000
	pigment { color rgbt <1,0,0,0> }
	no_shadow
}
sphere {
	0, 1
	scale<0.080000,0.200000,0.300000>
	matrix <0.993943, 0.105984, -0.029046,
		0.109224, -0.981866, 0.154947,
		-0.012098, -0.157181, -0.987496,
		28.025009, 45.366627, 37.961300>
	pigment { color rgbt <0,1,1,0> }
	no_shadow
}
cylinder {
	<28.576994, 44.971584, 38.576649>,  <28.033478, 45.476654, 38.652546>, 0.130000
	pigment { color rgbt <1,0,0,0> }
	no_shadow
}

// nucleotide -1

// particle -1
sphere {
	<28.576994, 44.971584, 38.576649> 0.250000
	pigment { color rgbt <1,0,0,0> }
	no_shadow
}
cylinder {
	<28.488163, 45.208004, 38.266464>,  <28.434864, 45.349854, 38.080353>, 0.100000
	pigment { color rgbt <1,0,0,0> }
	no_shadow
}
cylinder {
	<28.488163, 45.208004, 38.266464>,  <28.576994, 44.971584, 38.576649>, 0.100000
	pigment { color rgbt <1,0,0,0> }
	no_shadow
}

// particle -1
sphere {
	<28.488163, 45.208004, 38.266464> 0.100000
	pigment { color rgbt <1,0,0,0> }
	no_shadow
}
sphere {
	0, 1
	scale<0.080000,0.200000,0.300000>
	matrix <0.971931, 0.197540, -0.127782,
		0.077660, -0.782076, -0.618325,
		-0.222079, 0.591046, -0.775465,
		28.421539, 45.385319, 38.033825>
	pigment { color rgbt <0,1,1,0> }
	no_shadow
}
cylinder {
	<28.521744, 44.197262, 38.247601>,  <28.576994, 44.971584, 38.576649>, 0.130000
	pigment { color rgbt <1,0,0,0> }
	no_shadow
}

// nucleotide -1

// particle -1
sphere {
	<28.521744, 44.197262, 38.247601> 0.250000
	pigment { color rgbt <1,0,0,0> }
	no_shadow
}
cylinder {
	<28.402197, 44.248356, 38.625885>,  <28.330469, 44.279011, 38.852856>, 0.100000
	pigment { color rgbt <1,0,0,0> }
	no_shadow
}
cylinder {
	<28.402197, 44.248356, 38.625885>,  <28.521744, 44.197262, 38.247601>, 0.100000
	pigment { color rgbt <1,0,0,0> }
	no_shadow
}

// particle -1
sphere {
	<28.402197, 44.248356, 38.625885> 0.100000
	pigment { color rgbt <1,0,0,0> }
	no_shadow
}
sphere {
	0, 1
	scale<0.080000,0.200000,0.300000>
	matrix <0.544932, -0.790698, 0.279010,
		0.783407, 0.598733, 0.166709,
		-0.298869, 0.127733, 0.945707,
		28.312536, 44.286674, 38.909595>
	pigment { color rgbt <0,1,1,0> }
	no_shadow
}
cylinder {
	<29.009766, 44.110500, 38.763138>,  <28.521744, 44.197262, 38.247601>, 0.130000
	pigment { color rgbt <1,0,0,0> }
	no_shadow
}

// nucleotide -1

// particle -1
sphere {
	<29.009766, 44.110500, 38.763138> 0.250000
	pigment { color rgbt <1,0,0,0> }
	no_shadow
}
cylinder {
	<28.667587, 44.018032, 38.948513>,  <28.462280, 43.962551, 39.059738>, 0.100000
	pigment { color rgbt <1,0,0,0> }
	no_shadow
}
cylinder {
	<28.667587, 44.018032, 38.948513>,  <29.009766, 44.110500, 38.763138>, 0.100000
	pigment { color rgbt <1,0,0,0> }
	no_shadow
}

// particle -1
sphere {
	<28.667587, 44.018032, 38.948513> 0.100000
	pigment { color rgbt <1,0,0,0> }
	no_shadow
}
sphere {
	0, 1
	scale<0.080000,0.200000,0.300000>
	matrix <0.338205, -0.927049, 0.161855,
		0.392211, 0.295194, 0.871224,
		-0.855446, -0.231171, 0.463435,
		28.410954, 43.948681, 39.087543>
	pigment { color rgbt <0,1,1,0> }
	no_shadow
}
cylinder {
	<29.113241, 43.935436, 39.539944>,  <29.009766, 44.110500, 38.763138>, 0.130000
	pigment { color rgbt <1,0,0,0> }
	no_shadow
}

// nucleotide -1

// particle -1
sphere {
	<29.113241, 43.935436, 39.539944> 0.250000
	pigment { color rgbt <1,0,0,0> }
	no_shadow
}
cylinder {
	<28.827639, 43.722630, 39.357887>,  <28.656277, 43.594948, 39.248653>, 0.100000
	pigment { color rgbt <1,0,0,0> }
	no_shadow
}
cylinder {
	<28.827639, 43.722630, 39.357887>,  <29.113241, 43.935436, 39.539944>, 0.100000
	pigment { color rgbt <1,0,0,0> }
	no_shadow
}

// particle -1
sphere {
	<28.827639, 43.722630, 39.357887> 0.100000
	pigment { color rgbt <1,0,0,0> }
	no_shadow
}
sphere {
	0, 1
	scale<0.080000,0.200000,0.300000>
	matrix <0.532833, -0.834612, 0.139684,
		-0.454182, -0.142780, 0.879393,
		-0.714008, -0.532012, -0.455144,
		28.613436, 43.563026, 39.221344>
	pigment { color rgbt <0,1,1,0> }
	no_shadow
}
cylinder {
	<29.020729, 43.301769, 39.979053>,  <29.113241, 43.935436, 39.539944>, 0.130000
	pigment { color rgbt <1,0,0,0> }
	no_shadow
}

// nucleotide -1

// particle -1
sphere {
	<29.020729, 43.301769, 39.979053> 0.250000
	pigment { color rgbt <1,0,0,0> }
	no_shadow
}
cylinder {
	<28.797777, 43.190063, 39.666302>,  <28.664007, 43.123039, 39.478649>, 0.100000
	pigment { color rgbt <1,0,0,0> }
	no_shadow
}
cylinder {
	<28.797777, 43.190063, 39.666302>,  <29.020729, 43.301769, 39.979053>, 0.100000
	pigment { color rgbt <1,0,0,0> }
	no_shadow
}

// particle -1
sphere {
	<28.797777, 43.190063, 39.666302> 0.100000
	pigment { color rgbt <1,0,0,0> }
	no_shadow
}
sphere {
	0, 1
	scale<0.080000,0.200000,0.300000>
	matrix <0.334054, -0.937577, 0.096735,
		-0.760091, -0.207274, 0.615873,
		-0.557378, -0.279262, -0.781884,
		28.630564, 43.106285, 39.431736>
	pigment { color rgbt <0,1,1,0> }
	no_shadow
}
cylinder {
	<28.759134, 42.586292, 40.178848>,  <29.020729, 43.301769, 39.979053>, 0.130000
	pigment { color rgbt <1,0,0,0> }
	no_shadow
}

// nucleotide -1

// particle -1
sphere {
	<28.759134, 42.586292, 40.178848> 0.250000
	pigment { color rgbt <1,0,0,0> }
	no_shadow
}
cylinder {
	<28.709274, 42.602634, 39.782303>,  <28.679358, 42.612438, 39.544376>, 0.100000
	pigment { color rgbt <1,0,0,0> }
	no_shadow
}
cylinder {
	<28.709274, 42.602634, 39.782303>,  <28.759134, 42.586292, 40.178848>, 0.100000
	pigment { color rgbt <1,0,0,0> }
	no_shadow
}

// particle -1
sphere {
	<28.709274, 42.602634, 39.782303> 0.100000
	pigment { color rgbt <1,0,0,0> }
	no_shadow
}
sphere {
	0, 1
	scale<0.080000,0.200000,0.300000>
	matrix <0.142882, -0.987999, -0.058683,
		-0.981859, -0.148962, 0.117316,
		-0.124650, 0.040856, -0.991359,
		28.671879, 42.614891, 39.484894>
	pigment { color rgbt <0,1,1,0> }
	no_shadow
}
cylinder {
	<28.522541, 41.965958, 40.085442>,  <28.759134, 42.586292, 40.178848>, 0.130000
	pigment { color rgbt <1,0,0,0> }
	no_shadow
}

// nucleotide -1

// particle -1
sphere {
	<28.522541, 41.965958, 40.085442> 0.250000
	pigment { color rgbt <1,0,0,0> }
	no_shadow
}
cylinder {
	<28.654057, 42.079006, 39.724991>,  <28.732965, 42.146835, 39.508720>, 0.100000
	pigment { color rgbt <1,0,0,0> }
	no_shadow
}
cylinder {
	<28.654057, 42.079006, 39.724991>,  <28.522541, 41.965958, 40.085442>, 0.100000
	pigment { color rgbt <1,0,0,0> }
	no_shadow
}

// particle -1
sphere {
	<28.654057, 42.079006, 39.724991> 0.100000
	pigment { color rgbt <1,0,0,0> }
	no_shadow
}
sphere {
	0, 1
	scale<0.080000,0.200000,0.300000>
	matrix <-0.025810, -0.951127, -0.307719,
		-0.944051, 0.124432, -0.305425,
		0.328788, 0.282619, -0.901124,
		28.752693, 42.163792, 39.454655>
	pigment { color rgbt <0,1,1,0> }
	no_shadow
}
cylinder {
	<28.123219, 41.620041, 39.573608>,  <28.522541, 41.965958, 40.085442>, 0.130000
	pigment { color rgbt <1,0,0,0> }
	no_shadow
}

// nucleotide -1

// particle -1
sphere {
	<28.123219, 41.620041, 39.573608> 0.250000
	pigment { color rgbt <1,0,0,0> }
	no_shadow
}
cylinder {
	<28.461752, 41.714306, 39.382534>,  <28.664871, 41.770863, 39.267887>, 0.100000
	pigment { color rgbt <1,0,0,0> }
	no_shadow
}
cylinder {
	<28.461752, 41.714306, 39.382534>,  <28.123219, 41.620041, 39.573608>, 0.100000
	pigment { color rgbt <1,0,0,0> }
	no_shadow
}

// particle -1
sphere {
	<28.461752, 41.714306, 39.382534> 0.100000
	pigment { color rgbt <1,0,0,0> }
	no_shadow
}
sphere {
	0, 1
	scale<0.080000,0.200000,0.300000>
	matrix <0.018353, -0.909175, -0.416010,
		-0.532341, 0.343316, -0.773788,
		0.846331, 0.235660, -0.477690,
		28.715651, 41.785004, 39.239227>
	pigment { color rgbt <0,1,1,0> }
	no_shadow
}
cylinder {
	<28.063063, 41.405205, 38.894238>,  <28.123219, 41.620041, 39.573608>, 0.130000
	pigment { color rgbt <1,0,0,0> }
	no_shadow
}

// nucleotide -1

// particle -1
sphere {
	<28.063063, 41.405205, 38.894238> 0.250000
	pigment { color rgbt <1,0,0,0> }
	no_shadow
}
cylinder {
	<28.458929, 41.462017, 38.902107>,  <28.696449, 41.496105, 38.906830>, 0.100000
	pigment { color rgbt <1,0,0,0> }
	no_shadow
}
cylinder {
	<28.458929, 41.462017, 38.902107>,  <28.063063, 41.405205, 38.894238>, 0.100000
	pigment { color rgbt <1,0,0,0> }
	no_shadow
}

// particle -1
sphere {
	<28.458929, 41.462017, 38.902107> 0.100000
	pigment { color rgbt <1,0,0,0> }
	no_shadow
}
sphere {
	0, 1
	scale<0.080000,0.200000,0.300000>
	matrix <0.120242, -0.747293, -0.653525,
		-0.078118, 0.649138, -0.756649,
		0.989666, 0.142033, 0.019676,
		28.755829, 41.504627, 38.908009>
	pigment { color rgbt <0,1,1,0> }
	no_shadow
}
cylinder {
	<28.283321, 41.431271, 38.216152>,  <28.063063, 41.405205, 38.894238>, 0.130000
	pigment { color rgbt <1,0,0,0> }
	no_shadow
}

// nucleotide -1

// particle -1
sphere {
	<28.283321, 41.431271, 38.216152> 0.250000
	pigment { color rgbt <1,0,0,0> }
	no_shadow
}
cylinder {
	<28.600306, 41.304291, 38.424473>,  <28.790497, 41.228104, 38.549465>, 0.100000
	pigment { color rgbt <1,0,0,0> }
	no_shadow
}
cylinder {
	<28.600306, 41.304291, 38.424473>,  <28.283321, 41.431271, 38.216152>, 0.100000
	pigment { color rgbt <1,0,0,0> }
	no_shadow
}

// particle -1
sphere {
	<28.600306, 41.304291, 38.424473> 0.100000
	pigment { color rgbt <1,0,0,0> }
	no_shadow
}
sphere {
	0, 1
	scale<0.080000,0.200000,0.300000>
	matrix <0.067379, -0.803088, -0.592039,
