// switches for output
#declare DRAW_BASES = 1; // possible values are 0, 1; only relevant for DNA ribbons
#declare DRAW_BASES_TYPE = 3; // possible values are 1, 2, 3; only relevant for DNA ribbons
#declare DRAW_FOG = 0; // set to 1 to enable fog

#include "colors.inc"

#include "transforms.inc"
background { rgb <1, 1, 1>}

#default {
   normal{
       ripples 0.25
       frequency 0.20
       turbulence 0.2
       lambda 5
   }
	finish {
		phong 0.1
		phong_size 40.
	}
}

// original window dimensions: 1024x640


// camera settings

camera {
	sky <0, 0.179814, -0.983701>
	up <0, 0.179814, -0.983701>
	right 1.6 * <1, 0, 0>
	location <35, 94.9851, 44.8844>
	look_at <35, 29.7336, 32.9568>
	direction <0, -65.2515, -11.9276>
	angle 67.0682
}


# declare cpy_camera_pos = <35, 94.9851, 44.8844>;
# if (DRAW_FOG = 1)
fog {
	fog_type 2
	up vnormalize(cpy_camera_pos)
	color rgbt<1,1,1,0.3>
	distance 1e-5
	fog_alt 3e-3
	fog_offset 56
}
# end


// LIGHTS

# declare lum = 6;
global_settings {
	ambient_light rgb lum * <0.05, 0.05, 0.05>
	max_trace_level 15
}# declare cpy_direct_light_amount = 0.25;
light_source
{	1000 * <-1, -1.16352, -0.803886>,
	rgb lum * cpy_direct_light_amount
	parallel
}

light_source
{	1000 * <1, 1.16352, 0.803886>,
	rgb lum * cpy_direct_light_amount
	parallel
}

// strand 0

// nucleotide -1

// particle -1
sphere {
	<24.524019, 35.102531, 35.086388> 0.250000
	pigment { color rgbt <1,0,0,0> }
	no_shadow
}
cylinder {
	<24.164442, 35.162277, 34.921661>,  <23.948696, 35.198124, 34.822826>, 0.100000
	pigment { color rgbt <1,0,0,0> }
	no_shadow
}
cylinder {
	<24.164442, 35.162277, 34.921661>,  <24.524019, 35.102531, 35.086388>, 0.100000
	pigment { color rgbt <1,0,0,0> }
	no_shadow
}

// particle -1
sphere {
	<24.164442, 35.162277, 34.921661> 0.100000
	pigment { color rgbt <1,0,0,0> }
	no_shadow
}
sphere {
	0, 1
	scale<0.080000,0.200000,0.300000>
	matrix <-0.437614, -0.348906, 0.828709,
		-0.019903, 0.925178, 0.379012,
		-0.898943, 0.149368, -0.411815,
		23.894760, 35.207088, 34.798119>
	pigment { color rgbt <0,1,1,0> }
	no_shadow
}
cylinder {
	<24.347439, 35.164165, 34.322575>,  <24.524019, 35.102531, 35.086388>, 0.130000
	pigment { color rgbt <1,0,0,0> }
	no_shadow
}

// nucleotide -1

// particle -1
sphere {
	<24.347439, 35.164165, 34.322575> 0.250000
	pigment { color rgbt <1,0,0,0> }
	no_shadow
}
cylinder {
	<24.740685, 35.102398, 34.283295>,  <24.976631, 35.065338, 34.259727>, 0.100000
	pigment { color rgbt <1,0,0,0> }
	no_shadow
}
cylinder {
	<24.740685, 35.102398, 34.283295>,  <24.347439, 35.164165, 34.322575>, 0.100000
	pigment { color rgbt <1,0,0,0> }
	no_shadow
}

// particle -1
sphere {
	<24.740685, 35.102398, 34.283295> 0.100000
	pigment { color rgbt <1,0,0,0> }
	no_shadow
}
sphere {
	0, 1
	scale<0.080000,0.200000,0.300000>
	matrix <-0.128543, -0.200774, -0.971168,
		0.130251, 0.967391, -0.217233,
		0.983113, -0.154419, -0.098200,
		25.035618, 35.056072, 34.253834>
	pigment { color rgbt <0,1,1,0> }
	no_shadow
}
cylinder {
	<24.724821, 35.671452, 33.911430>,  <24.347439, 35.164165, 34.322575>, 0.130000
	pigment { color rgbt <1,0,0,0> }
	no_shadow
}

// nucleotide -1

// particle -1
sphere {
	<24.724821, 35.671452, 33.911430> 0.250000
	pigment { color rgbt <1,0,0,0> }
	no_shadow
}
cylinder {
	<24.948620, 35.340942, 33.885372>,  <25.082899, 35.142639, 33.869736>, 0.100000
	pigment { color rgbt <1,0,0,0> }
	no_shadow
}
cylinder {
	<24.948620, 35.340942, 33.885372>,  <24.724821, 35.671452, 33.911430>, 0.100000
	pigment { color rgbt <1,0,0,0> }
	no_shadow
}

// particle -1
sphere {
	<24.948620, 35.340942, 33.885372> 0.100000
	pigment { color rgbt <1,0,0,0> }
	no_shadow
}
sphere {
	0, 1
	scale<0.080000,0.200000,0.300000>
	matrix <0.063883, 0.121356, -0.990551,
		0.826368, 0.550047, 0.120682,
		0.559495, -0.826269, -0.065146,
		25.116468, 35.093063, 33.865829>
	pigment { color rgbt <0,1,1,0> }
	no_shadow
}
cylinder {
	<25.470219, 35.829155, 33.623573>,  <24.724821, 35.671452, 33.911430>, 0.130000
	pigment { color rgbt <1,0,0,0> }
	no_shadow
}

// nucleotide -1

// particle -1
sphere {
	<25.470219, 35.829155, 33.623573> 0.250000
	pigment { color rgbt <1,0,0,0> }
	no_shadow
}
cylinder {
	<25.393944, 35.441723, 33.559711>,  <25.348179, 35.209263, 33.521393>, 0.100000
	pigment { color rgbt <1,0,0,0> }
	no_shadow
}
cylinder {
	<25.393944, 35.441723, 33.559711>,  <25.470219, 35.829155, 33.623573>, 0.100000
	pigment { color rgbt <1,0,0,0> }
	no_shadow
}

// particle -1
sphere {
	<25.393944, 35.441723, 33.559711> 0.100000
	pigment { color rgbt <1,0,0,0> }
	no_shadow
}
sphere {
	0, 1
	scale<0.080000,0.200000,0.300000>
	matrix <0.040676, 0.154703, -0.987123,
		0.980808, -0.194724, 0.009898,
		-0.190685, -0.968581, -0.159654,
		25.336739, 35.151150, 33.511814>
	pigment { color rgbt <0,1,1,0> }
	no_shadow
}
cylinder {
	<26.008989, 35.632645, 33.212646>,  <25.470219, 35.829155, 33.623573>, 0.130000
	pigment { color rgbt <1,0,0,0> }
	no_shadow
}

// nucleotide -1

// particle -1
sphere {
	<26.008989, 35.632645, 33.212646> 0.250000
	pigment { color rgbt <1,0,0,0> }
	no_shadow
}
cylinder {
	<25.729048, 35.355457, 33.143368>,  <25.561083, 35.189144, 33.101799>, 0.100000
	pigment { color rgbt <1,0,0,0> }
	no_shadow
}
cylinder {
	<25.729048, 35.355457, 33.143368>,  <26.008989, 35.632645, 33.212646>, 0.100000
	pigment { color rgbt <1,0,0,0> }
	no_shadow
}

// particle -1
sphere {
	<25.729048, 35.355457, 33.143368> 0.100000
	pigment { color rgbt <1,0,0,0> }
	no_shadow
}
sphere {
	0, 1
	scale<0.080000,0.200000,0.300000>
	matrix <0.080512, 0.164404, -0.983102,
		0.709734, -0.701972, -0.059266,
		-0.699853, -0.692969, -0.173201,
		25.519093, 35.147568, 33.091408>
	pigment { color rgbt <0,1,1,0> }
	no_shadow
}
cylinder {
	<26.549593, 35.963299, 33.490383>,  <26.008989, 35.632645, 33.212646>, 0.130000
	pigment { color rgbt <1,0,0,0> }
	no_shadow
}

// nucleotide -1

// particle -1
sphere {
	<26.549593, 35.963299, 33.490383> 0.250000
	pigment { color rgbt <1,0,0,0> }
	no_shadow
}
cylinder {
	<26.864582, 36.189964, 33.587364>,  <27.053576, 36.325962, 33.645554>, 0.100000
	pigment { color rgbt <1,0,0,0> }
	no_shadow
}
cylinder {
	<26.864582, 36.189964, 33.587364>,  <26.549593, 35.963299, 33.490383>, 0.100000
	pigment { color rgbt <1,0,0,0> }
	no_shadow
}

// particle -1
sphere {
	<26.864582, 36.189964, 33.587364> 0.100000
	pigment { color rgbt <1,0,0,0> }
	no_shadow
}
sphere {
	0, 1
	scale<0.080000,0.200000,0.300000>
	matrix <-0.243105, 0.647038, -0.722663,
		-0.566380, 0.510136, 0.647282,
		0.787473, 0.566660, 0.242453,
		27.100824, 36.359962, 33.660099>
	pigment { color rgbt <0,1,1,0> }
	no_shadow
}
cylinder {
	<26.316090, 36.576019, 33.228153>,  <26.549593, 35.963299, 33.490383>, 0.130000
	pigment { color rgbt <1,0,0,0> }
	no_shadow
}

// nucleotide -1

// particle -1
sphere {
	<26.316090, 36.576019, 33.228153> 0.250000
	pigment { color rgbt <1,0,0,0> }
	no_shadow
}
cylinder {
	<26.701315, 36.650848, 33.305622>,  <26.932451, 36.695747, 33.352104>, 0.100000
	pigment { color rgbt <1,0,0,0> }
	no_shadow
}
cylinder {
	<26.701315, 36.650848, 33.305622>,  <26.316090, 36.576019, 33.228153>, 0.100000
	pigment { color rgbt <1,0,0,0> }
	no_shadow
}

// particle -1
sphere {
	<26.701315, 36.650848, 33.305622> 0.100000
	pigment { color rgbt <1,0,0,0> }
	no_shadow
}
sphere {
	0, 1
	scale<0.080000,0.200000,0.300000>
	matrix <-0.025355, 0.779053, -0.626445,
		-0.268071, 0.598397, 0.755022,
		0.963065, 0.187075, 0.193669,
		26.990234, 36.706970, 33.363724>
	pigment { color rgbt <0,1,1,0> }
	no_shadow
}
cylinder {
	<26.249172, 37.258709, 33.143661>,  <26.316090, 36.576019, 33.228153>, 0.130000
	pigment { color rgbt <1,0,0,0> }
	no_shadow
}

// nucleotide -1

// particle -1
sphere {
	<26.249172, 37.258709, 33.143661> 0.250000
	pigment { color rgbt <1,0,0,0> }
	no_shadow
}
cylinder {
	<26.637856, 37.165424, 33.128708>,  <26.871065, 37.109451, 33.119736>, 0.100000
	pigment { color rgbt <1,0,0,0> }
	no_shadow
}
cylinder {
	<26.637856, 37.165424, 33.128708>,  <26.249172, 37.258709, 33.143661>, 0.100000
	pigment { color rgbt <1,0,0,0> }
	no_shadow
}

// particle -1
sphere {
	<26.637856, 37.165424, 33.128708> 0.100000
	pigment { color rgbt <1,0,0,0> }
	no_shadow
}
sphere {
	0, 1
	scale<0.080000,0.200000,0.300000>
	matrix <0.133112, 0.671490, -0.728960,
		0.195109, 0.703358, 0.683535,
		0.971707, -0.233214, -0.037388,
		26.929367, 37.095459, 33.117493>
	pigment { color rgbt <0,1,1,0> }
	no_shadow
}
cylinder {
	<26.604944, 37.959343, 33.088791>,  <26.249172, 37.258709, 33.143661>, 0.130000
	pigment { color rgbt <1,0,0,0> }
	no_shadow
}

// nucleotide -1

// particle -1
sphere {
	<26.604944, 37.959343, 33.088791> 0.250000
	pigment { color rgbt <1,0,0,0> }
	no_shadow
}
cylinder {
	<26.873304, 37.685017, 32.975967>,  <27.034321, 37.520420, 32.908272>, 0.100000
	pigment { color rgbt <1,0,0,0> }
	no_shadow
}
cylinder {
	<26.873304, 37.685017, 32.975967>,  <26.604944, 37.959343, 33.088791>, 0.100000
	pigment { color rgbt <1,0,0,0> }
	no_shadow
}

// particle -1
sphere {
	<26.873304, 37.685017, 32.975967> 0.100000
	pigment { color rgbt <1,0,0,0> }
	no_shadow
}
sphere {
	0, 1
	scale<0.080000,0.200000,0.300000>
	matrix <0.358572, 0.632965, -0.686135,
		0.649092, 0.359190, 0.670569,
		0.670899, -0.685812, -0.282057,
		27.074574, 37.479275, 32.891350>
	pigment { color rgbt <0,1,1,0> }
	no_shadow
}
cylinder {
	<27.293325, 38.151012, 33.262947>,  <26.604944, 37.959343, 33.088791>, 0.130000
	pigment { color rgbt <1,0,0,0> }
	no_shadow
}

// nucleotide -1

// particle -1
sphere {
	<27.293325, 38.151012, 33.262947> 0.250000
	pigment { color rgbt <1,0,0,0> }
	no_shadow
}
cylinder {
	<27.315203, 37.901611, 32.950985>,  <27.328329, 37.751972, 32.763805>, 0.100000
	pigment { color rgbt <1,0,0,0> }
	no_shadow
}
cylinder {
	<27.315203, 37.901611, 32.950985>,  <27.293325, 38.151012, 33.262947>, 0.100000
	pigment { color rgbt <1,0,0,0> }
	no_shadow
}

// particle -1
sphere {
	<27.315203, 37.901611, 32.950985> 0.100000
	pigment { color rgbt <1,0,0,0> }
	no_shadow
}
sphere {
	0, 1
	scale<0.080000,0.200000,0.300000>
	matrix <0.342451, 0.745417, -0.571909,
		0.937942, -0.235801, 0.254288,
		0.054694, -0.623499, -0.779909,
		27.331612, 37.714561, 32.717010>
	pigment { color rgbt <0,1,1,0> }
	no_shadow
}
cylinder {
	<27.825815, 38.333065, 32.995457>,  <27.293325, 38.151012, 33.262947>, 0.130000
	pigment { color rgbt <1,0,0,0> }
	no_shadow
}

// nucleotide -1

// particle -1
sphere {
	<27.825815, 38.333065, 32.995457> 0.250000
	pigment { color rgbt <1,0,0,0> }
	no_shadow
}
cylinder {
	<27.663914, 38.109444, 32.706005>,  <27.566772, 37.975269, 32.532333>, 0.100000
	pigment { color rgbt <1,0,0,0> }
	no_shadow
}
cylinder {
	<27.663914, 38.109444, 32.706005>,  <27.825815, 38.333065, 32.995457>, 0.100000
	pigment { color rgbt <1,0,0,0> }
	no_shadow
}

// particle -1
sphere {
	<27.663914, 38.109444, 32.706005> 0.100000
	pigment { color rgbt <1,0,0,0> }
	no_shadow
}
sphere {
	0, 1
	scale<0.080000,0.200000,0.300000>
	matrix <0.347314, 0.638053, -0.687212,
		0.845901, -0.529476, -0.064085,
		-0.404752, -0.559056, -0.723625,
		27.542488, 37.941727, 32.488918>
	pigment { color rgbt <0,1,1,0> }
	no_shadow
}
cylinder {
	<28.367298, 38.189484, 32.527477>,  <27.825815, 38.333065, 32.995457>, 0.130000
	pigment { color rgbt <1,0,0,0> }
	no_shadow
}

// nucleotide -1

// particle -1
sphere {
	<28.367298, 38.189484, 32.527477> 0.250000
	pigment { color rgbt <1,0,0,0> }
	no_shadow
}
cylinder {
	<28.014280, 38.173027, 32.340107>,  <27.802469, 38.163151, 32.227684>, 0.100000
	pigment { color rgbt <1,0,0,0> }
	no_shadow
}
cylinder {
	<28.014280, 38.173027, 32.340107>,  <28.367298, 38.189484, 32.527477>, 0.100000
	pigment { color rgbt <1,0,0,0> }
	no_shadow
}

// particle -1
sphere {
	<28.014280, 38.173027, 32.340107> 0.100000
	pigment { color rgbt <1,0,0,0> }
	no_shadow
}
sphere {
	0, 1
	scale<0.080000,0.200000,0.300000>
	matrix <0.374084, 0.542154, -0.752416,
		0.284919, -0.839271, -0.463083,
		-0.882543, -0.041146, -0.468428,
		27.749517, 38.160683, 32.199577>
	pigment { color rgbt <0,1,1,0> }
	no_shadow
}
cylinder {
	<28.522814, 38.107079, 31.899200>,  <28.367298, 38.189484, 32.527477>, 0.130000
	pigment { color rgbt <1,0,0,0> }
	no_shadow
}

// nucleotide -1

// particle -1
sphere {
	<28.522814, 38.107079, 31.899200> 0.250000
	pigment { color rgbt <1,0,0,0> }
	no_shadow
}
cylinder {
	<28.148369, 38.245483, 31.874006>,  <27.923702, 38.328526, 31.858891>, 0.100000
	pigment { color rgbt <1,0,0,0> }
	no_shadow
}
cylinder {
	<28.148369, 38.245483, 31.874006>,  <28.522814, 38.107079, 31.899200>, 0.100000
	pigment { color rgbt <1,0,0,0> }
	no_shadow
}

// particle -1
sphere {
	<28.148369, 38.245483, 31.874006> 0.100000
	pigment { color rgbt <1,0,0,0> }
	no_shadow
}
sphere {
	0, 1
	scale<0.080000,0.200000,0.300000>
	matrix <0.281500, 0.629792, -0.723961,
		-0.210833, -0.695439, -0.686960,
		-0.936113, 0.346014, -0.062985,
		27.867535, 38.349289, 31.855110>
	pigment { color rgbt <0,1,1,0> }
	no_shadow
}
cylinder {
	<28.417244, 38.186100, 31.096941>,  <28.522814, 38.107079, 31.899200>, 0.130000
	pigment { color rgbt <1,0,0,0> }
	no_shadow
}

// nucleotide -1

// particle -1
sphere {
	<28.417244, 38.186100, 31.096941> 0.250000
	pigment { color rgbt <1,0,0,0> }
	no_shadow
}
cylinder {
	<28.145189, 38.400761, 31.296709>,  <27.981956, 38.529556, 31.416571>, 0.100000
	pigment { color rgbt <1,0,0,0> }
	no_shadow
}
cylinder {
	<28.145189, 38.400761, 31.296709>,  <28.417244, 38.186100, 31.096941>, 0.100000
	pigment { color rgbt <1,0,0,0> }
	no_shadow
}

// particle -1
sphere {
	<28.145189, 38.400761, 31.296709> 0.100000
	pigment { color rgbt <1,0,0,0> }
	no_shadow
}
sphere {
	0, 1
	scale<0.080000,0.200000,0.300000>
	matrix <0.208681, 0.794802, -0.569861,
		-0.702757, -0.283363, -0.652562,
		-0.680135, 0.536652, 0.499421,
		27.941149, 38.561756, 31.446535>
	pigment { color rgbt <0,1,1,0> }
	no_shadow
}
cylinder {
	<28.016447, 38.520885, 30.559984>,  <28.417244, 38.186100, 31.096941>, 0.130000
	pigment { color rgbt <1,0,0,0> }
	no_shadow
}

// nucleotide -1

// particle -1
sphere {
	<28.016447, 38.520885, 30.559984> 0.250000
	pigment { color rgbt <1,0,0,0> }
	no_shadow
}
cylinder {
	<27.951960, 38.758907, 30.874924>,  <27.913267, 38.901722, 31.063887>, 0.100000
	pigment { color rgbt <1,0,0,0> }
	no_shadow
}
cylinder {
	<27.951960, 38.758907, 30.874924>,  <28.016447, 38.520885, 30.559984>, 0.100000
	pigment { color rgbt <1,0,0,0> }
	no_shadow
}

// particle -1
sphere {
	<27.951960, 38.758907, 30.874924> 0.100000
	pigment { color rgbt <1,0,0,0> }
	no_shadow
}
sphere {
	0, 1
	scale<0.080000,0.200000,0.300000>
	matrix <0.252786, 0.796067, -0.549888,
		-0.953996, 0.110378, -0.278762,
		-0.161218, 0.595058, 0.787347,
		27.903595, 38.937424, 31.111128>
	pigment { color rgbt <0,1,1,0> }
	no_shadow
}
cylinder {
	<27.623936, 39.063717, 30.300699>,  <28.016447, 38.520885, 30.559984>, 0.130000
	pigment { color rgbt <1,0,0,0> }
	no_shadow
}

// nucleotide -1

// particle -1
sphere {
	<27.623936, 39.063717, 30.300699> 0.250000
	pigment { color rgbt <1,0,0,0> }
	no_shadow
}
cylinder {
	<27.808634, 39.177433, 30.636787>,  <27.919453, 39.245663, 30.838440>, 0.100000
	pigment { color rgbt <1,0,0,0> }
	no_shadow
}
cylinder {
	<27.808634, 39.177433, 30.636787>,  <27.623936, 39.063717, 30.300699>, 0.100000
	pigment { color rgbt <1,0,0,0> }
	no_shadow
}

// particle -1
sphere {
	<27.808634, 39.177433, 30.636787> 0.100000
	pigment { color rgbt <1,0,0,0> }
	no_shadow
}
sphere {
	0, 1
	scale<0.080000,0.200000,0.300000>
	matrix <0.292999, 0.845194, -0.446989,
		-0.837223, 0.452580, 0.306969,
		0.461746, 0.284288, 0.840221,
		27.947157, 39.262718, 30.888853>
	pigment { color rgbt <0,1,1,0> }
	no_shadow
}
cylinder {
	<27.390085, 39.757210, 30.358742>,  <27.623936, 39.063717, 30.300699>, 0.130000
	pigment { color rgbt <1,0,0,0> }
	no_shadow
}

// nucleotide -1

// particle -1
sphere {
	<27.390085, 39.757210, 30.358742> 0.250000
	pigment { color rgbt <1,0,0,0> }
	no_shadow
}
cylinder {
	<27.716259, 39.710903, 30.585602>,  <27.911964, 39.683121, 30.721718>, 0.100000
	pigment { color rgbt <1,0,0,0> }
	no_shadow
}
cylinder {
	<27.716259, 39.710903, 30.585602>,  <27.390085, 39.757210, 30.358742>, 0.100000
	pigment { color rgbt <1,0,0,0> }
	no_shadow
}

// particle -1
sphere {
	<27.716259, 39.710903, 30.585602> 0.100000
	pigment { color rgbt <1,0,0,0> }
	no_shadow
}
sphere {
	0, 1
	scale<0.080000,0.200000,0.300000>
	matrix <0.310646, 0.914271, -0.260017,
		-0.488429, 0.388210, 0.781492,
		0.815436, -0.115767, 0.567152,
		27.960890, 39.676174, 30.755747>
	pigment { color rgbt <0,1,1,0> }
	no_shadow
}
cylinder {
	<27.481731, 40.399757, 30.618483>,  <27.390085, 39.757210, 30.358742>, 0.130000
	pigment { color rgbt <1,0,0,0> }
	no_shadow
}

// nucleotide -1

// particle -1
sphere {
	<27.481731, 40.399757, 30.618483> 0.250000
	pigment { color rgbt <1,0,0,0> }
	no_shadow
}
cylinder {
	<27.831942, 40.212963, 30.668091>,  <28.042068, 40.100887, 30.697857>, 0.100000
	pigment { color rgbt <1,0,0,0> }
	no_shadow
}
cylinder {
	<27.831942, 40.212963, 30.668091>,  <27.481731, 40.399757, 30.618483>, 0.100000
	pigment { color rgbt <1,0,0,0> }
	no_shadow
}

// particle -1
sphere {
	<27.831942, 40.212963, 30.668091> 0.100000
	pigment { color rgbt <1,0,0,0> }
	no_shadow
}
sphere {
	0, 1
	scale<0.080000,0.200000,0.300000>
	matrix <0.483166, 0.844947, -0.229381,
		0.002325, 0.260752, 0.965403,
		0.875526, -0.466983, 0.124022,
		28.094599, 40.072868, 30.705297>
	pigment { color rgbt <0,1,1,0> }
	no_shadow
}
cylinder {
	<27.954630, 40.802944, 31.052326>,  <27.481731, 40.399757, 30.618483>, 0.130000
	pigment { color rgbt <1,0,0,0> }
	no_shadow
}

// nucleotide -1

// particle -1
sphere {
	<27.954630, 40.802944, 31.052326> 0.250000
	pigment { color rgbt <1,0,0,0> }
	no_shadow
}
cylinder {
	<28.202955, 40.559704, 30.854416>,  <28.351950, 40.413761, 30.735670>, 0.100000
	pigment { color rgbt <1,0,0,0> }
	no_shadow
}
cylinder {
	<28.202955, 40.559704, 30.854416>,  <27.954630, 40.802944, 31.052326>, 0.100000
	pigment { color rgbt <1,0,0,0> }
	no_shadow
}

// particle -1
sphere {
	<28.202955, 40.559704, 30.854416> 0.100000
	pigment { color rgbt <1,0,0,0> }
	no_shadow
}
sphere {
	0, 1
	scale<0.080000,0.200000,0.300000>
	matrix <0.550070, 0.787572, -0.277763,
		0.558580, -0.099724, 0.823434,
		0.620814, -0.608099, -0.494778,
		28.389200, 40.377274, 30.705982>
	pigment { color rgbt <0,1,1,0> }
	no_shadow
}
cylinder {
	<28.745731, 41.062809, 31.138996>,  <27.954630, 40.802944, 31.052326>, 0.130000
	pigment { color rgbt <1,0,0,0> }
	no_shadow
}

// nucleotide -1

// particle -1
sphere {
	<28.745731, 41.062809, 31.138996> 0.250000
	pigment { color rgbt <1,0,0,0> }
	no_shadow
}
cylinder {
	<28.806187, 40.797031, 30.846239>,  <28.842461, 40.637566, 30.670584>, 0.100000
	pigment { color rgbt <1,0,0,0> }
	no_shadow
}
cylinder {
	<28.806187, 40.797031, 30.846239>,  <28.745731, 41.062809, 31.138996>, 0.100000
	pigment { color rgbt <1,0,0,0> }
	no_shadow
}

// particle -1
sphere {
	<28.806187, 40.797031, 30.846239> 0.100000
	pigment { color rgbt <1,0,0,0> }
	no_shadow
}
sphere {
	0, 1
	scale<0.080000,0.200000,0.300000>
	matrix <0.517443, 0.684037, -0.514145,
		0.842264, -0.301007, 0.447198,
		0.151139, -0.664446, -0.731894,
		28.851528, 40.597698, 30.626671>
	pigment { color rgbt <0,1,1,0> }
	no_shadow
}
cylinder {
	<29.459412, 41.081554, 30.951893>,  <28.745731, 41.062809, 31.138996>, 0.130000
	pigment { color rgbt <1,0,0,0> }
	no_shadow
}

// nucleotide -1

// particle -1
sphere {
	<29.459412, 41.081554, 30.951893> 0.250000
	pigment { color rgbt <1,0,0,0> }
	no_shadow
}
cylinder {
	<29.225798, 40.958061, 30.651604>,  <29.085629, 40.883965, 30.471430>, 0.100000
	pigment { color rgbt <1,0,0,0> }
	no_shadow
}
cylinder {
	<29.225798, 40.958061, 30.651604>,  <29.459412, 41.081554, 30.951893>, 0.100000
	pigment { color rgbt <1,0,0,0> }
	no_shadow
}

// particle -1
sphere {
	<29.225798, 40.958061, 30.651604> 0.100000
	pigment { color rgbt <1,0,0,0> }
	no_shadow
}
sphere {
	0, 1
	scale<0.080000,0.200000,0.300000>
	matrix <0.443546, 0.653191, -0.613684,
		0.679833, -0.691393, -0.244547,
		-0.584033, -0.308735, -0.750725,
		29.050587, 40.865440, 30.426386>
	pigment { color rgbt <0,1,1,0> }
	no_shadow
}
cylinder {
	<29.955175, 40.999947, 30.425701>,  <29.459412, 41.081554, 30.951893>, 0.130000
	pigment { color rgbt <1,0,0,0> }
	no_shadow
}

// nucleotide -1

// particle -1
sphere {
	<29.955175, 40.999947, 30.425701> 0.250000
	pigment { color rgbt <1,0,0,0> }
	no_shadow
}
cylinder {
	<29.590637, 41.029846, 30.263783>,  <29.371914, 41.047787, 30.166632>, 0.100000
	pigment { color rgbt <1,0,0,0> }
	no_shadow
}
cylinder {
	<29.590637, 41.029846, 30.263783>,  <29.955175, 40.999947, 30.425701>, 0.100000
	pigment { color rgbt <1,0,0,0> }
	no_shadow
}

// particle -1
sphere {
	<29.590637, 41.029846, 30.263783> 0.100000
	pigment { color rgbt <1,0,0,0> }
	no_shadow
}
sphere {
	0, 1
	scale<0.080000,0.200000,0.300000>
	matrix <0.347953, 0.665316, -0.660517,
		0.219947, -0.742810, -0.632342,
		-0.911346, 0.074747, -0.404797,
		29.317234, 41.052269, 30.142344>
	pigment { color rgbt <0,1,1,0> }
	no_shadow
}
cylinder {
	<30.125191, 40.938339, 29.711391>,  <29.955175, 40.999947, 30.425701>, 0.130000
	pigment { color rgbt <1,0,0,0> }
	no_shadow
}

// nucleotide -1

// particle -1
sphere {
	<30.125191, 40.938339, 29.711391> 0.250000
	pigment { color rgbt <1,0,0,0> }
	no_shadow
}
cylinder {
	<29.770721, 41.119015, 29.752712>,  <29.558041, 41.227421, 29.777504>, 0.100000
	pigment { color rgbt <1,0,0,0> }
	no_shadow
}
cylinder {
	<29.770721, 41.119015, 29.752712>,  <30.125191, 40.938339, 29.711391>, 0.100000
	pigment { color rgbt <1,0,0,0> }
	no_shadow
}

// particle -1
sphere {
	<29.770721, 41.119015, 29.752712> 0.100000
	pigment { color rgbt <1,0,0,0> }
	no_shadow
}
sphere {
	0, 1
	scale<0.080000,0.200000,0.300000>
	matrix <0.315387, 0.751333, -0.579681,
		-0.339451, -0.481118, -0.808269,
		-0.886173, 0.451691, 0.103302,
		29.504869, 41.254520, 29.783703>
	pigment { color rgbt <0,1,1,0> }
	no_shadow
}
cylinder {
	<30.014280, 41.304890, 29.074802>,  <30.125191, 40.938339, 29.711391>, 0.130000
	pigment { color rgbt <1,0,0,0> }
	no_shadow
}

// nucleotide -1

// particle -1
sphere {
	<30.014280, 41.304890, 29.074802> 0.250000
	pigment { color rgbt <1,0,0,0> }
	no_shadow
}
cylinder {
	<29.748470, 41.461853, 29.329180>,  <29.588985, 41.556030, 29.481806>, 0.100000
	pigment { color rgbt <1,0,0,0> }
	no_shadow
}
cylinder {
	<29.748470, 41.461853, 29.329180>,  <30.014280, 41.304890, 29.074802>, 0.100000
	pigment { color rgbt <1,0,0,0> }
	no_shadow
}

// particle -1
sphere {
	<29.748470, 41.461853, 29.329180> 0.100000
	pigment { color rgbt <1,0,0,0> }
	no_shadow
}
sphere {
	0, 1
	scale<0.080000,0.200000,0.300000>
	matrix <0.124912, 0.897381, -0.423208,
		-0.736753, -0.201795, -0.645347,
		-0.664523, 0.392411, 0.635942,
		29.549112, 41.579575, 29.519962>
	pigment { color rgbt <0,1,1,0> }
	no_shadow
}
cylinder {
	<29.484474, 41.639801, 28.672256>,  <30.014280, 41.304890, 29.074802>, 0.130000
	pigment { color rgbt <1,0,0,0> }
	no_shadow
}

// nucleotide -1

// particle -1
sphere {
	<29.484474, 41.639801, 28.672256> 0.250000
	pigment { color rgbt <1,0,0,0> }
	no_shadow
}
cylinder {
	<29.501743, 41.813519, 29.032152>,  <29.512106, 41.917747, 29.248089>, 0.100000
	pigment { color rgbt <1,0,0,0> }
	no_shadow
}
cylinder {
	<29.501743, 41.813519, 29.032152>,  <29.484474, 41.639801, 28.672256>, 0.100000
	pigment { color rgbt <1,0,0,0> }
	no_shadow
}

// particle -1
sphere {
	<29.501743, 41.813519, 29.032152> 0.100000
	pigment { color rgbt <1,0,0,0> }
	no_shadow
}
sphere {
	0, 1
	scale<0.080000,0.200000,0.300000>
	matrix <0.215683, 0.875288, -0.432841,
		-0.975509, 0.212746, -0.055879,
		0.043175, 0.434292, 0.899737,
		29.514696, 41.943806, 29.302073>
	pigment { color rgbt <0,1,1,0> }
	no_shadow
}
cylinder {
	<29.350737, 42.346127, 28.513897>,  <29.484474, 41.639801, 28.672256>, 0.130000
	pigment { color rgbt <1,0,0,0> }
	no_shadow
}

// nucleotide -1

// particle -1
sphere {
	<29.350737, 42.346127, 28.513897> 0.250000
	pigment { color rgbt <1,0,0,0> }
	no_shadow
}
cylinder {
	<29.505959, 42.337830, 28.882458>,  <29.599091, 42.332851, 29.103594>, 0.100000
	pigment { color rgbt <1,0,0,0> }
	no_shadow
}
cylinder {
	<29.505959, 42.337830, 28.882458>,  <29.350737, 42.346127, 28.513897>, 0.100000
	pigment { color rgbt <1,0,0,0> }
	no_shadow
}

// particle -1
sphere {
	<29.505959, 42.337830, 28.882458> 0.100000
	pigment { color rgbt <1,0,0,0> }
	no_shadow
}
sphere {
	0, 1
	scale<0.080000,0.200000,0.300000>
	matrix <0.506921, 0.839742, -0.194587,
		-0.769705, 0.542589, 0.336380,
		0.388053, -0.020743, 0.921404,
		29.622374, 42.331608, 29.158878>
	pigment { color rgbt <0,1,1,0> }
	no_shadow
}
cylinder {
	<29.034624, 42.826607, 28.908720>,  <29.350737, 42.346127, 28.513897>, 0.130000
	pigment { color rgbt <1,0,0,0> }
	no_shadow
}

// nucleotide -1

// particle -1
sphere {
	<29.034624, 42.826607, 28.908720> 0.250000
	pigment { color rgbt <1,0,0,0> }
	no_shadow
}
cylinder {
	<29.421772, 42.750835, 28.974859>,  <29.654060, 42.705372, 29.014542>, 0.100000
	pigment { color rgbt <1,0,0,0> }
	no_shadow
}
cylinder {
	<29.421772, 42.750835, 28.974859>,  <29.034624, 42.826607, 28.908720>, 0.100000
	pigment { color rgbt <1,0,0,0> }
	no_shadow
}

// particle -1
sphere {
	<29.421772, 42.750835, 28.974859> 0.100000
	pigment { color rgbt <1,0,0,0> }
	no_shadow
}
sphere {
	0, 1
	scale<0.080000,0.200000,0.300000>
	matrix <0.240963, 0.886662, -0.394674,
		-0.071843, 0.421836, 0.903821,
		0.967872, -0.189433, 0.165347,
		29.712133, 42.694004, 29.024464>
	pigment { color rgbt <0,1,1,0> }
	no_shadow
}
cylinder {
	<29.426893, 43.230019, 29.433758>,  <29.034624, 42.826607, 28.908720>, 0.130000
	pigment { color rgbt <1,0,0,0> }
	no_shadow
}

// nucleotide -1

// particle -1
sphere {
	<29.426893, 43.230019, 29.433758> 0.250000
	pigment { color rgbt <1,0,0,0> }
	no_shadow
}
cylinder {
	<29.664814, 43.116959, 29.132742>,  <29.807566, 43.049122, 28.952133>, 0.100000
	pigment { color rgbt <1,0,0,0> }
	no_shadow
}
cylinder {
	<29.664814, 43.116959, 29.132742>,  <29.426893, 43.230019, 29.433758>, 0.100000
	pigment { color rgbt <1,0,0,0> }
	no_shadow
}

// particle -1
sphere {
	<29.664814, 43.116959, 29.132742> 0.100000
	pigment { color rgbt <1,0,0,0> }
	no_shadow
}
sphere {
	0, 1
	scale<0.080000,0.200000,0.300000>
	matrix <0.252083, 0.954509, -0.159270,
		0.763324, -0.094968, 0.638997,
		0.594803, -0.282654, -0.752540,
		29.843254, 43.032162, 28.906981>
	pigment { color rgbt <0,1,1,0> }
	no_shadow
}
cylinder {
	<30.066238, 43.575962, 29.744431>,  <29.426893, 43.230019, 29.433758>, 0.130000
	pigment { color rgbt <1,0,0,0> }
	no_shadow
}

// nucleotide -1

// particle -1
sphere {
	<30.066238, 43.575962, 29.744431> 0.250000
	pigment { color rgbt <1,0,0,0> }
	no_shadow
}
cylinder {
	<29.717379, 43.440941, 29.886087>,  <29.508062, 43.359928, 29.971081>, 0.100000
	pigment { color rgbt <1,0,0,0> }
	no_shadow
}
cylinder {
	<29.717379, 43.440941, 29.886087>,  <30.066238, 43.575962, 29.744431>, 0.100000
	pigment { color rgbt <1,0,0,0> }
	no_shadow
}

// particle -1
sphere {
	<29.717379, 43.440941, 29.886087> 0.100000
	pigment { color rgbt <1,0,0,0> }
	no_shadow
}
sphere {
	0, 1
	scale<0.080000,0.200000,0.300000>
	matrix <-0.437328, 0.862385, -0.255021,
		-0.219323, -0.377292, -0.899749,
		-0.872147, -0.337554, 0.354141,
		29.455734, 43.339676, 29.992331>
	pigment { color rgbt <0,1,1,0> }
	no_shadow
}
cylinder {
	<30.583418, 44.045654, 29.701572>,  <30.066238, 43.575962, 29.744431>, 0.130000
	pigment { color rgbt <1,0,0,0> }
	no_shadow
}

// nucleotide -1

// particle -1
sphere {
	<30.583418, 44.045654, 29.701572> 0.250000
	pigment { color rgbt <1,0,0,0> }
	no_shadow
}
cylinder {
	<30.674387, 43.932690, 29.328794>,  <30.728968, 43.864910, 29.105127>, 0.100000
	pigment { color rgbt <1,0,0,0> }
	no_shadow
}
cylinder {
	<30.674387, 43.932690, 29.328794>,  <30.583418, 44.045654, 29.701572>, 0.100000
	pigment { color rgbt <1,0,0,0> }
	no_shadow
}

// particle -1
sphere {
	<30.674387, 43.932690, 29.328794> 0.100000
	pigment { color rgbt <1,0,0,0> }
	no_shadow
}
sphere {
	0, 1
	scale<0.080000,0.200000,0.300000>
	matrix <-0.926380, 0.232252, -0.296443,
		0.300165, 0.930754, -0.208800,
		0.227421, -0.282410, -0.931946,
		30.742613, 43.847965, 29.049212>
	pigment { color rgbt <0,1,1,0> }
	no_shadow
}
cylinder {
	<30.405041, 44.597527, 29.313129>,  <30.583418, 44.045654, 29.701572>, 0.130000
	pigment { color rgbt <1,0,0,0> }
	no_shadow
}

// nucleotide -1

// particle -1
sphere {
	<30.405041, 44.597527, 29.313129> 0.250000
	pigment { color rgbt <1,0,0,0> }
	no_shadow
}
cylinder {
	<30.397707, 44.238640, 29.136644>,  <30.393307, 44.023308, 29.030754>, 0.100000
	pigment { color rgbt <1,0,0,0> }
	no_shadow
}
cylinder {
	<30.397707, 44.238640, 29.136644>,  <30.405041, 44.597527, 29.313129>, 0.100000
	pigment { color rgbt <1,0,0,0> }
	no_shadow
}

// particle -1
sphere {
	<30.397707, 44.238640, 29.136644> 0.100000
	pigment { color rgbt <1,0,0,0> }
	no_shadow
}
sphere {
	0, 1
	scale<0.080000,0.200000,0.300000>
	matrix <-0.922014, 0.185858, -0.339628,
		0.386722, 0.400576, -0.830653,
		-0.018336, -0.897216, -0.441212,
		30.392206, 43.969475, 29.004280>
	pigment { color rgbt <0,1,1,0> }
	no_shadow
}
cylinder {
	<30.392721, 45.080360, 29.941565>,  <30.405041, 44.597527, 29.313129>, 0.130000
	pigment { color rgbt <1,0,0,0> }
	no_shadow
}

// nucleotide -1

// particle -1
sphere {
	<30.392721, 45.080360, 29.941565> 0.250000
	pigment { color rgbt <1,0,0,0> }
	no_shadow
}
cylinder {
	<30.603420, 45.419834, 29.922501>,  <30.729839, 45.623520, 29.911062>, 0.100000
	pigment { color rgbt <1,0,0,0> }
	no_shadow
}
cylinder {
	<30.603420, 45.419834, 29.922501>,  <30.392721, 45.080360, 29.941565>, 0.100000
	pigment { color rgbt <1,0,0,0> }
	no_shadow
}

// particle -1
sphere {
	<30.603420, 45.419834, 29.922501> 0.100000
	pigment { color rgbt <1,0,0,0> }
	no_shadow
}
sphere {
	0, 1
	scale<0.080000,0.200000,0.300000>
	matrix <0.747237, -0.435599, 0.501887,
		0.405184, -0.299980, -0.863619,
		0.526748, 0.848684, -0.047658,
		30.761444, 45.674438, 29.908203>
	pigment { color rgbt <0,1,1,0> }
	no_shadow
}
cylinder {
	<30.976694, 44.991547, 29.452625>,  <30.392721, 45.080360, 29.941565>, 0.130000
	pigment { color rgbt <1,0,0,0> }
	no_shadow
}

// nucleotide -1

// particle -1
sphere {
	<30.976694, 44.991547, 29.452625> 0.250000
	pigment { color rgbt <1,0,0,0> }
	no_shadow
}
cylinder {
	<31.007526, 45.210941, 29.785664>,  <31.026026, 45.342579, 29.985487>, 0.100000
	pigment { color rgbt <1,0,0,0> }
	no_shadow
}
cylinder {
	<31.007526, 45.210941, 29.785664>,  <30.976694, 44.991547, 29.452625>, 0.100000
	pigment { color rgbt <1,0,0,0> }
	no_shadow
}

// particle -1
sphere {
	<31.007526, 45.210941, 29.785664> 0.100000
	pigment { color rgbt <1,0,0,0> }
	no_shadow
}
sphere {
	0, 1
	scale<0.080000,0.200000,0.300000>
	matrix <0.719131, -0.609002, 0.334614,
		0.690586, 0.572955, -0.441378,
		0.077082, 0.548488, 0.832598,
		31.030651, 45.375488, 30.035442>
	pigment { color rgbt <0,1,1,0> }
	no_shadow
}
cylinder {
	<31.648272, 44.751556, 29.589664>,  <30.976694, 44.991547, 29.452625>, 0.130000
	pigment { color rgbt <1,0,0,0> }
	no_shadow
}

// nucleotide -1

// particle -1
sphere {
	<31.648272, 44.751556, 29.589664> 0.250000
	pigment { color rgbt <1,0,0,0> }
	no_shadow
}
cylinder {
	<31.486288, 44.954231, 29.894104>,  <31.389097, 45.075836, 30.076767>, 0.100000
	pigment { color rgbt <1,0,0,0> }
	no_shadow
}
cylinder {
	<31.486288, 44.954231, 29.894104>,  <31.648272, 44.751556, 29.589664>, 0.100000
	pigment { color rgbt <1,0,0,0> }
	no_shadow
}

// particle -1
sphere {
	<31.486288, 44.954231, 29.894104> 0.100000
	pigment { color rgbt <1,0,0,0> }
	no_shadow
}
sphere {
	0, 1
	scale<0.080000,0.200000,0.300000>
	matrix <0.607937, -0.472543, 0.638056,
		0.682949, 0.721087, -0.116675,
		-0.404960, 0.506691, 0.761099,
		31.364799, 45.106239, 30.122435>
	pigment { color rgbt <0,1,1,0> }
	no_shadow
}
cylinder {
	<32.246094, 44.786694, 30.048208>,  <31.648272, 44.751556, 29.589664>, 0.130000
	pigment { color rgbt <1,0,0,0> }
	no_shadow
}

// nucleotide -1

// particle -1
sphere {
	<32.246094, 44.786694, 30.048208> 0.250000
	pigment { color rgbt <1,0,0,0> }
	no_shadow
}
cylinder {
	<31.891264, 44.797985, 30.232515>,  <31.678366, 44.804760, 30.343100>, 0.100000
	pigment { color rgbt <1,0,0,0> }
	no_shadow
}
cylinder {
	<31.891264, 44.797985, 30.232515>,  <32.246094, 44.786694, 30.048208>, 0.100000
	pigment { color rgbt <1,0,0,0> }
	no_shadow
}

// particle -1
sphere {
	<31.891264, 44.797985, 30.232515> 0.100000
	pigment { color rgbt <1,0,0,0> }
	no_shadow
}
sphere {
	0, 1
	scale<0.080000,0.200000,0.300000>
	matrix <0.269388, -0.778901, 0.566343,
		0.374876, 0.626512, 0.683338,
		-0.887073, 0.028226, 0.460766,
		31.625141, 44.806454, 30.370745>
	pigment { color rgbt <0,1,1,0> }
	no_shadow
}
cylinder {
	<32.218731, 44.047043, 30.073627>,  <32.246094, 44.786694, 30.048208>, 0.130000
	pigment { color rgbt <1,0,0,0> }
	no_shadow
}

// nucleotide -1

// particle -1
sphere {
	<32.218731, 44.047043, 30.073627> 0.250000
	pigment { color rgbt <1,0,0,0> }
	no_shadow
}
cylinder {
	<31.929136, 44.231266, 30.279047>,  <31.755381, 44.341801, 30.402300>, 0.100000
	pigment { color rgbt <1,0,0,0> }
	no_shadow
}
cylinder {
	<31.929136, 44.231266, 30.279047>,  <32.218731, 44.047043, 30.073627>, 0.100000
	pigment { color rgbt <1,0,0,0> }
	no_shadow
}

// particle -1
sphere {
	<31.929136, 44.231266, 30.279047> 0.100000
	pigment { color rgbt <1,0,0,0> }
	no_shadow
}
sphere {
	0, 1
	scale<0.080000,0.200000,0.300000>
	matrix <-0.014933, -0.754761, 0.655830,
		0.689656, 0.467141, 0.553311,
		-0.723983, 0.460560, 0.513550,
		31.711941, 44.369434, 30.433111>
	pigment { color rgbt <0,1,1,0> }
	no_shadow
}
cylinder {
	<32.450600, 44.048153, 30.749084>,  <32.218731, 44.047043, 30.073627>, 0.130000
	pigment { color rgbt <1,0,0,0> }
	no_shadow
}

// nucleotide -1

// particle -1
sphere {
	<32.450600, 44.048153, 30.749084> 0.250000
	pigment { color rgbt <1,0,0,0> }
	no_shadow
}
cylinder {
	<32.053413, 44.082066, 30.716043>,  <31.815102, 44.102413, 30.696218>, 0.100000
	pigment { color rgbt <1,0,0,0> }
	no_shadow
}
cylinder {
	<32.053413, 44.082066, 30.716043>,  <32.450600, 44.048153, 30.749084>, 0.100000
	pigment { color rgbt <1,0,0,0> }
	no_shadow
}

// particle -1
sphere {
	<32.053413, 44.082066, 30.716043> 0.100000
	pigment { color rgbt <1,0,0,0> }
	no_shadow
}
sphere {
	0, 1
	scale<0.080000,0.200000,0.300000>
	matrix <-0.116804, -0.588669, 0.799891,
		0.019192, 0.803916, 0.594433,
		-0.992970, 0.084784, -0.082603,
		31.755522, 44.107502, 30.691263>
	pigment { color rgbt <0,1,1,0> }
	no_shadow
}
cylinder {
	<32.221485, 44.173794, 31.416910>,  <32.450600, 44.048153, 30.749084>, 0.130000
	pigment { color rgbt <1,0,0,0> }
	no_shadow
}

// nucleotide -1

// particle -1
sphere {
	<32.221485, 44.173794, 31.416910> 0.250000
	pigment { color rgbt <1,0,0,0> }
	no_shadow
}
cylinder {
	<31.895842, 44.050648, 31.219957>,  <31.700455, 43.976761, 31.101786>, 0.100000
	pigment { color rgbt <1,0,0,0> }
	no_shadow
}
cylinder {
	<31.895842, 44.050648, 31.219957>,  <32.221485, 44.173794, 31.416910>, 0.100000
	pigment { color rgbt <1,0,0,0> }
	no_shadow
}

// particle -1
sphere {
	<31.895842, 44.050648, 31.219957> 0.100000
	pigment { color rgbt <1,0,0,0> }
	no_shadow
}
sphere {
	0, 1
	scale<0.080000,0.200000,0.300000>
	matrix <-0.297345, -0.507310, 0.808840,
		-0.498805, 0.804894, 0.321465,
		-0.814113, -0.307868, -0.492380,
		31.651608, 43.958286, 31.072243>
	pigment { color rgbt <0,1,1,0> }
	no_shadow
}
cylinder {
	<31.540993, 44.135220, 31.852114>,  <32.221485, 44.173794, 31.416910>, 0.130000
	pigment { color rgbt <1,0,0,0> }
	no_shadow
}

// nucleotide -1

// particle -1
sphere {
	<31.540993, 44.135220, 31.852114> 0.250000
	pigment { color rgbt <1,0,0,0> }
	no_shadow
}
cylinder {
	<31.446873, 43.877819, 31.560762>,  <31.390400, 43.723377, 31.385952>, 0.100000
	pigment { color rgbt <1,0,0,0> }
	no_shadow
}
cylinder {
	<31.446873, 43.877819, 31.560762>,  <31.540993, 44.135220, 31.852114>, 0.100000
	pigment { color rgbt <1,0,0,0> }
	no_shadow
}

// particle -1
sphere {
	<31.446873, 43.877819, 31.560762> 0.100000
	pigment { color rgbt <1,0,0,0> }
	no_shadow
}
sphere {
	0, 1
	scale<0.080000,0.200000,0.300000>
	matrix <-0.336145, -0.649292, 0.682222,
		-0.911943, 0.405368, -0.063532,
		-0.235301, -0.643503, -0.728379,
		31.376282, 43.684769, 31.342249>
	pigment { color rgbt <0,1,1,0> }
	no_shadow
}
cylinder {
	<30.974573, 43.825672, 32.143738>,  <31.540993, 44.135220, 31.852114>, 0.130000
	pigment { color rgbt <1,0,0,0> }
	no_shadow
}

// nucleotide -1

// particle -1
sphere {
	<30.974573, 43.825672, 32.143738> 0.250000
	pigment { color rgbt <1,0,0,0> }
	no_shadow
}
cylinder {
	<31.110512, 43.573132, 31.864912>,  <31.192076, 43.421608, 31.697617>, 0.100000
	pigment { color rgbt <1,0,0,0> }
	no_shadow
}
cylinder {
	<31.110512, 43.573132, 31.864912>,  <30.974573, 43.825672, 32.143738>, 0.100000
	pigment { color rgbt <1,0,0,0> }
	no_shadow
}

// particle -1
sphere {
	<31.110512, 43.573132, 31.864912> 0.100000
	pigment { color rgbt <1,0,0,0> }
	no_shadow
}
sphere {
	0, 1
	scale<0.080000,0.200000,0.300000>
	matrix <-0.226887, -0.774328, 0.590710,
		-0.912703, -0.042596, -0.406398,
		0.339848, -0.631349, -0.697067,
		31.212467, 43.383728, 31.655792>
	pigment { color rgbt <0,1,1,0> }
	no_shadow
}
cylinder {
	<30.430809, 43.406559, 32.111683>,  <30.974573, 43.825672, 32.143738>, 0.130000
	pigment { color rgbt <1,0,0,0> }
	no_shadow
}

// nucleotide -1

// particle -1
sphere {
	<30.430809, 43.406559, 32.111683> 0.250000
	pigment { color rgbt <1,0,0,0> }
	no_shadow
}
cylinder {
	<30.721846, 43.189346, 31.944004>,  <30.896467, 43.059017, 31.843397>, 0.100000
	pigment { color rgbt <1,0,0,0> }
	no_shadow
}
cylinder {
	<30.721846, 43.189346, 31.944004>,  <30.430809, 43.406559, 32.111683>, 0.100000
	pigment { color rgbt <1,0,0,0> }
	no_shadow
}

// particle -1
sphere {
	<30.721846, 43.189346, 31.944004> 0.100000
	pigment { color rgbt <1,0,0,0> }
	no_shadow
}
sphere {
	0, 1
	scale<0.080000,0.200000,0.300000>
	matrix <-0.399048, -0.832066, 0.385262,
		-0.558007, -0.113036, -0.822102,
		0.727591, -0.543036, -0.419192,
		30.940123, 43.026436, 31.818247>
	pigment { color rgbt <0,1,1,0> }
	no_shadow
}
cylinder {
	<30.111195, 42.805878, 31.801416>,  <30.430809, 43.406559, 32.111683>, 0.130000
	pigment { color rgbt <1,0,0,0> }
	no_shadow
}

// nucleotide -1

// particle -1
sphere {
	<30.111195, 42.805878, 31.801416> 0.250000
	pigment { color rgbt <1,0,0,0> }
	no_shadow
}
cylinder {
	<30.500391, 42.717968, 31.829657>,  <30.733910, 42.665222, 31.846601>, 0.100000
	pigment { color rgbt <1,0,0,0> }
	no_shadow
}
cylinder {
	<30.500391, 42.717968, 31.829657>,  <30.111195, 42.805878, 31.801416>, 0.100000
	pigment { color rgbt <1,0,0,0> }
	no_shadow
}

// particle -1
sphere {
	<30.500391, 42.717968, 31.829657> 0.100000
	pigment { color rgbt <1,0,0,0> }
	no_shadow
}
sphere {
	0, 1
	scale<0.080000,0.200000,0.300000>
	matrix <-0.223653, -0.821856, 0.523959,
		-0.057126, -0.525599, -0.848813,
		0.972993, -0.219771, 0.070602,
		30.792290, 42.652039, 31.850838>
	pigment { color rgbt <0,1,1,0> }
	no_shadow
}
cylinder {
	<30.194183, 42.158310, 31.473688>,  <30.111195, 42.805878, 31.801416>, 0.130000
	pigment { color rgbt <1,0,0,0> }
	no_shadow
}

// nucleotide -1

// particle -1
sphere {
	<30.194183, 42.158310, 31.473688> 0.250000
	pigment { color rgbt <1,0,0,0> }
	no_shadow
}
cylinder {
	<30.510403, 42.193253, 31.716143>,  <30.700134, 42.214218, 31.861616>, 0.100000
	pigment { color rgbt <1,0,0,0> }
	no_shadow
}
cylinder {
	<30.510403, 42.193253, 31.716143>,  <30.194183, 42.158310, 31.473688>, 0.100000
	pigment { color rgbt <1,0,0,0> }
	no_shadow
}

// particle -1
sphere {
	<30.510403, 42.193253, 31.716143> 0.100000
	pigment { color rgbt <1,0,0,0> }
	no_shadow
}
sphere {
	0, 1
	scale<0.080000,0.200000,0.300000>
	matrix <-0.294359, -0.813734, 0.501188,
