// switches for output
#declare DRAW_BASES = 1; // possible values are 0, 1; only relevant for DNA ribbons
#declare DRAW_BASES_TYPE = 3; // possible values are 1, 2, 3; only relevant for DNA ribbons
#declare DRAW_FOG = 0; // set to 1 to enable fog

#include "colors.inc"

#include "transforms.inc"
background { rgb <1, 1, 1>}

#default {
   normal{
       ripples 0.25
       frequency 0.20
       turbulence 0.2
       lambda 5
   }
	finish {
		phong 0.1
		phong_size 40.
	}
}

// original window dimensions: 1024x640


// camera settings

camera {
	sky <0, 0.179814, -0.983701>
	up <0, 0.179814, -0.983701>
	right 1.6 * <1, 0, 0>
	location <35, 94.9851, 44.8844>
	look_at <35, 29.7336, 32.9568>
	direction <0, -65.2515, -11.9276>
	angle 67.0682
}


# declare cpy_camera_pos = <35, 94.9851, 44.8844>;
# if (DRAW_FOG = 1)
fog {
	fog_type 2
	up vnormalize(cpy_camera_pos)
	color rgbt<1,1,1,0.3>
	distance 1e-5
	fog_alt 3e-3
	fog_offset 56
}
# end


// LIGHTS

# declare lum = 6;
global_settings {
	ambient_light rgb lum * <0.05, 0.05, 0.05>
	max_trace_level 15
}# declare cpy_direct_light_amount = 0.25;
light_source
{	1000 * <-1, -1.16352, -0.803886>,
	rgb lum * cpy_direct_light_amount
	parallel
}

light_source
{	1000 * <1, 1.16352, 0.803886>,
	rgb lum * cpy_direct_light_amount
	parallel
}

// strand 0

// nucleotide -1

// particle -1
sphere {
	<24.456158, 35.370190, 35.074394> 0.250000
	pigment { color rgbt <1,0,0,0> }
	no_shadow
}
cylinder {
	<24.620737, 35.029240, 34.945297>,  <24.719484, 34.824669, 34.867840>, 0.100000
	pigment { color rgbt <1,0,0,0> }
	no_shadow
}
cylinder {
	<24.620737, 35.029240, 34.945297>,  <24.456158, 35.370190, 35.074394>, 0.100000
	pigment { color rgbt <1,0,0,0> }
	no_shadow
}

// particle -1
sphere {
	<24.620737, 35.029240, 34.945297> 0.100000
	pigment { color rgbt <1,0,0,0> }
	no_shadow
}
sphere {
	0, 1
	scale<0.080000,0.200000,0.300000>
	matrix <-0.087028, 0.315740, -0.944846,
		0.907268, 0.416843, 0.055730,
		0.411449, -0.852379, -0.322738,
		24.744171, 34.773525, 34.848476>
	pigment { color rgbt <0,1,1,0> }
	no_shadow
}
cylinder {
	<25.033239, 35.623795, 34.813026>,  <24.456158, 35.370190, 35.074394>, 0.130000
	pigment { color rgbt <1,0,0,0> }
	no_shadow
}

// nucleotide -1

// particle -1
sphere {
	<25.033239, 35.623795, 34.813026> 0.250000
	pigment { color rgbt <1,0,0,0> }
	no_shadow
}
cylinder {
	<24.831579, 35.310814, 34.666817>,  <24.710583, 35.123028, 34.579090>, 0.100000
	pigment { color rgbt <1,0,0,0> }
	no_shadow
}
cylinder {
	<24.831579, 35.310814, 34.666817>,  <25.033239, 35.623795, 34.813026>, 0.100000
	pigment { color rgbt <1,0,0,0> }
	no_shadow
}

// particle -1
sphere {
	<24.831579, 35.310814, 34.666817> 0.100000
	pigment { color rgbt <1,0,0,0> }
	no_shadow
}
sphere {
	0, 1
	scale<0.080000,0.200000,0.300000>
	matrix <-0.288511, 0.551523, -0.782677,
		0.814000, -0.289128, -0.503795,
		-0.504148, -0.782450, -0.365523,
		24.680334, 35.076080, 34.557159>
	pigment { color rgbt <0,1,1,0> }
	no_shadow
}
cylinder {
	<25.802629, 35.342983, 34.818001>,  <25.033239, 35.623795, 34.813026>, 0.130000
	pigment { color rgbt <1,0,0,0> }
	no_shadow
}

// nucleotide -1

// particle -1
sphere {
	<25.802629, 35.342983, 34.818001> 0.250000
	pigment { color rgbt <1,0,0,0> }
	no_shadow
}
cylinder {
	<25.824427, 35.707813, 34.980556>,  <25.837505, 35.926712, 35.078091>, 0.100000
	pigment { color rgbt <1,0,0,0> }
	no_shadow
}
cylinder {
	<25.824427, 35.707813, 34.980556>,  <25.802629, 35.342983, 34.818001>, 0.100000
	pigment { color rgbt <1,0,0,0> }
	no_shadow
}

// particle -1
sphere {
	<25.824427, 35.707813, 34.980556> 0.100000
	pigment { color rgbt <1,0,0,0> }
	no_shadow
}
sphere {
	0, 1
	scale<0.080000,0.200000,0.300000>
	matrix <0.596707, 0.296580, -0.745641,
		-0.800606, 0.283128, -0.528079,
		0.054494, 0.912074, 0.406389,
		25.840775, 35.981434, 35.102474>
	pigment { color rgbt <0,1,1,0> }
	no_shadow
}
cylinder {
	<26.261841, 35.634079, 34.400890>,  <25.802629, 35.342983, 34.818001>, 0.130000
	pigment { color rgbt <1,0,0,0> }
	no_shadow
}

// nucleotide -1

// particle -1
sphere {
	<26.261841, 35.634079, 34.400890> 0.250000
	pigment { color rgbt <1,0,0,0> }
	no_shadow
}
cylinder {
	<26.198496, 35.938461, 34.652561>,  <26.160488, 36.121090, 34.803562>, 0.100000
	pigment { color rgbt <1,0,0,0> }
	no_shadow
}
cylinder {
	<26.198496, 35.938461, 34.652561>,  <26.261841, 35.634079, 34.400890>, 0.100000
	pigment { color rgbt <1,0,0,0> }
	no_shadow
}

// particle -1
sphere {
	<26.198496, 35.938461, 34.652561> 0.100000
	pigment { color rgbt <1,0,0,0> }
	no_shadow
}
sphere {
	0, 1
	scale<0.080000,0.200000,0.300000>
	matrix <0.380919, 0.634975, -0.672091,
		-0.910945, 0.133232, -0.390420,
		-0.158363, 0.760957, 0.629179,
		26.150988, 36.166748, 34.841316>
	pigment { color rgbt <0,1,1,0> }
	no_shadow
}
cylinder {
	<26.072962, 36.353249, 34.033154>,  <26.261841, 35.634079, 34.400890>, 0.130000
	pigment { color rgbt <1,0,0,0> }
	no_shadow
}

// nucleotide -1

// particle -1
sphere {
	<26.072962, 36.353249, 34.033154> 0.250000
	pigment { color rgbt <1,0,0,0> }
	no_shadow
}
cylinder {
	<26.278055, 36.393177, 34.374245>,  <26.401112, 36.417133, 34.578899>, 0.100000
	pigment { color rgbt <1,0,0,0> }
	no_shadow
}
cylinder {
	<26.278055, 36.393177, 34.374245>,  <26.072962, 36.353249, 34.033154>, 0.100000
	pigment { color rgbt <1,0,0,0> }
	no_shadow
}

// particle -1
sphere {
	<26.278055, 36.393177, 34.374245> 0.100000
	pigment { color rgbt <1,0,0,0> }
	no_shadow
}
sphere {
	0, 1
	scale<0.080000,0.200000,0.300000>
	matrix <0.606008, 0.661476, -0.441819,
		-0.608159, 0.743294, 0.278670,
		0.512735, 0.099820, 0.852725,
		26.431875, 36.423122, 34.630062>
	pigment { color rgbt <0,1,1,0> }
	no_shadow
}
cylinder {
	<26.277769, 37.077744, 34.119884>,  <26.072962, 36.353249, 34.033154>, 0.130000
	pigment { color rgbt <1,0,0,0> }
	no_shadow
}

// nucleotide -1

// particle -1
sphere {
	<26.277769, 37.077744, 34.119884> 0.250000
	pigment { color rgbt <1,0,0,0> }
	no_shadow
}
cylinder {
	<26.525560, 36.842361, 34.327721>,  <26.674234, 36.701134, 34.452423>, 0.100000
	pigment { color rgbt <1,0,0,0> }
	no_shadow
}
cylinder {
	<26.525560, 36.842361, 34.327721>,  <26.277769, 37.077744, 34.119884>, 0.100000
	pigment { color rgbt <1,0,0,0> }
	no_shadow
}

// particle -1
sphere {
	<26.525560, 36.842361, 34.327721> 0.100000
	pigment { color rgbt <1,0,0,0> }
	no_shadow
}
sphere {
	0, 1
	scale<0.080000,0.200000,0.300000>
	matrix <0.782737, 0.412628, -0.465898,
		0.059762, 0.695314, 0.716217,
		0.619476, -0.588453, 0.519589,
		26.711403, 36.665825, 34.483597>
	pigment { color rgbt <0,1,1,0> }
	no_shadow
}
cylinder {
	<26.723297, 37.479198, 34.398018>,  <26.277769, 37.077744, 34.119884>, 0.130000
	pigment { color rgbt <1,0,0,0> }
	no_shadow
}

// nucleotide -1

// particle -1
sphere {
	<26.723297, 37.479198, 34.398018> 0.250000
	pigment { color rgbt <1,0,0,0> }
	no_shadow
}
cylinder {
	<26.898388, 37.119995, 34.380207>,  <27.003443, 36.904472, 34.369522>, 0.100000
	pigment { color rgbt <1,0,0,0> }
	no_shadow
}
cylinder {
	<26.898388, 37.119995, 34.380207>,  <26.723297, 37.479198, 34.398018>, 0.100000
	pigment { color rgbt <1,0,0,0> }
	no_shadow
}

// particle -1
sphere {
	<26.898388, 37.119995, 34.380207> 0.100000
	pigment { color rgbt <1,0,0,0> }
	no_shadow
}
sphere {
	0, 1
	scale<0.080000,0.200000,0.300000>
	matrix <0.847419, 0.428606, -0.313333,
		0.300457, 0.099425, 0.948599,
		0.437728, -0.898004, -0.044523,
		27.029707, 36.850594, 34.366852>
	pigment { color rgbt <0,1,1,0> }
	no_shadow
}
cylinder {
	<27.435959, 37.597328, 34.664520>,  <26.723297, 37.479198, 34.398018>, 0.130000
	pigment { color rgbt <1,0,0,0> }
	no_shadow
}

// nucleotide -1

// particle -1
sphere {
	<27.435959, 37.597328, 34.664520> 0.250000
	pigment { color rgbt <1,0,0,0> }
	no_shadow
}
cylinder {
	<27.447470, 37.266548, 34.439903>,  <27.454376, 37.068081, 34.305134>, 0.100000
	pigment { color rgbt <1,0,0,0> }
	no_shadow
}
cylinder {
	<27.447470, 37.266548, 34.439903>,  <27.435959, 37.597328, 34.664520>, 0.100000
	pigment { color rgbt <1,0,0,0> }
	no_shadow
}

// particle -1
sphere {
	<27.447470, 37.266548, 34.439903> 0.100000
	pigment { color rgbt <1,0,0,0> }
	no_shadow
}
sphere {
	0, 1
	scale<0.080000,0.200000,0.300000>
	matrix <0.781372, 0.368969, -0.503310,
		0.623402, -0.424291, 0.656770,
		0.028778, -0.826945, -0.561545,
		27.456102, 37.018463, 34.271439>
	pigment { color rgbt <0,1,1,0> }
	no_shadow
}
cylinder {
	<28.106337, 37.522697, 34.603310>,  <27.435959, 37.597328, 34.664520>, 0.130000
	pigment { color rgbt <1,0,0,0> }
	no_shadow
}

// nucleotide -1

// particle -1
sphere {
	<28.106337, 37.522697, 34.603310> 0.250000
	pigment { color rgbt <1,0,0,0> }
	no_shadow
}
cylinder {
	<27.969259, 37.259277, 34.335320>,  <27.887012, 37.101223, 34.174526>, 0.100000
	pigment { color rgbt <1,0,0,0> }
	no_shadow
}
cylinder {
	<27.969259, 37.259277, 34.335320>,  <28.106337, 37.522697, 34.603310>, 0.100000
	pigment { color rgbt <1,0,0,0> }
	no_shadow
}

// particle -1
sphere {
	<27.969259, 37.259277, 34.335320> 0.100000
	pigment { color rgbt <1,0,0,0> }
	no_shadow
}
sphere {
	0, 1
	scale<0.080000,0.200000,0.300000>
	matrix <0.772722, 0.207999, -0.599698,
		0.534288, -0.723219, 0.437598,
		-0.342693, -0.658553, -0.669978,
		27.866451, 37.061710, 34.134327>
	pigment { color rgbt <0,1,1,0> }
	no_shadow
}
cylinder {
	<28.686857, 37.269939, 34.353058>,  <28.106337, 37.522697, 34.603310>, 0.130000
	pigment { color rgbt <1,0,0,0> }
	no_shadow
}

// nucleotide -1

// particle -1
sphere {
	<28.686857, 37.269939, 34.353058> 0.250000
	pigment { color rgbt <1,0,0,0> }
	no_shadow
}
cylinder {
	<28.442760, 37.129246, 34.069118>,  <28.296303, 37.044830, 33.898754>, 0.100000
	pigment { color rgbt <1,0,0,0> }
	no_shadow
}
cylinder {
	<28.442760, 37.129246, 34.069118>,  <28.686857, 37.269939, 34.353058>, 0.100000
	pigment { color rgbt <1,0,0,0> }
	no_shadow
}

// particle -1
sphere {
	<28.442760, 37.129246, 34.069118> 0.100000
	pigment { color rgbt <1,0,0,0> }
	no_shadow
}
sphere {
	0, 1
	scale<0.080000,0.200000,0.300000>
	matrix <0.705340, 0.166734, -0.688981,
		0.360695, -0.921131, 0.146345,
		-0.610241, -0.351735, -0.709851,
		28.259687, 37.023724, 33.856163>
	pigment { color rgbt <0,1,1,0> }
	no_shadow
}
cylinder {
	<28.980598, 36.748489, 33.843002>,  <28.686857, 37.269939, 34.353058>, 0.130000
	pigment { color rgbt <1,0,0,0> }
	no_shadow
}

// nucleotide -1

// particle -1
sphere {
	<28.980598, 36.748489, 33.843002> 0.250000
	pigment { color rgbt <1,0,0,0> }
	no_shadow
}
cylinder {
	<28.676722, 36.921276, 33.648571>,  <28.494394, 37.024948, 33.531914>, 0.100000
	pigment { color rgbt <1,0,0,0> }
	no_shadow
}
cylinder {
	<28.676722, 36.921276, 33.648571>,  <28.980598, 36.748489, 33.843002>, 0.100000
	pigment { color rgbt <1,0,0,0> }
	no_shadow
}

// particle -1
sphere {
	<28.676722, 36.921276, 33.648571> 0.100000
	pigment { color rgbt <1,0,0,0> }
	no_shadow
}
sphere {
	0, 1
	scale<0.080000,0.200000,0.300000>
	matrix <0.626308, 0.284957, -0.725629,
		-0.174941, -0.855687, -0.487027,
		-0.759693, 0.431971, -0.486073,
		28.448814, 37.050869, 33.502750>
	pigment { color rgbt <0,1,1,0> }
	no_shadow
}
cylinder {
	<28.933876, 36.481754, 33.140915>,  <28.980598, 36.748489, 33.843002>, 0.130000
	pigment { color rgbt <1,0,0,0> }
	no_shadow
}

// nucleotide -1

// particle -1
sphere {
	<28.933876, 36.481754, 33.140915> 0.250000
	pigment { color rgbt <1,0,0,0> }
	no_shadow
}
cylinder {
	<28.716761, 36.815155, 33.099628>,  <28.586491, 37.015194, 33.074856>, 0.100000
	pigment { color rgbt <1,0,0,0> }
	no_shadow
}
cylinder {
	<28.716761, 36.815155, 33.099628>,  <28.933876, 36.481754, 33.140915>, 0.100000
	pigment { color rgbt <1,0,0,0> }
	no_shadow
}

// particle -1
sphere {
	<28.716761, 36.815155, 33.099628> 0.100000
	pigment { color rgbt <1,0,0,0> }
	no_shadow
}
sphere {
	0, 1
	scale<0.080000,0.200000,0.300000>
	matrix <0.468162, 0.198235, -0.861120,
		-0.697283, -0.515730, -0.497814,
		-0.542790, 0.833502, -0.103219,
		28.553925, 37.065205, 33.068661>
	pigment { color rgbt <0,1,1,0> }
	no_shadow
}
cylinder {
	<28.663460, 36.557186, 32.380295>,  <28.933876, 36.481754, 33.140915>, 0.130000
	pigment { color rgbt <1,0,0,0> }
	no_shadow
}

// nucleotide -1

// particle -1
sphere {
	<28.663460, 36.557186, 32.380295> 0.250000
	pigment { color rgbt <1,0,0,0> }
	no_shadow
}
cylinder {
	<28.612268, 36.938053, 32.491283>,  <28.581554, 37.166573, 32.557877>, 0.100000
	pigment { color rgbt <1,0,0,0> }
	no_shadow
}
cylinder {
	<28.612268, 36.938053, 32.491283>,  <28.663460, 36.557186, 32.380295>, 0.100000
	pigment { color rgbt <1,0,0,0> }
	no_shadow
}

// particle -1
sphere {
	<28.612268, 36.938053, 32.491283> 0.100000
	pigment { color rgbt <1,0,0,0> }
	no_shadow
}
sphere {
	0, 1
	scale<0.080000,0.200000,0.300000>
	matrix <0.409963, 0.305542, -0.859403,
		-0.903079, 0.003769, -0.429458,
		-0.127978, 0.952171, 0.277473,
		28.573875, 37.223705, 32.574524>
	pigment { color rgbt <0,1,1,0> }
	no_shadow
}
cylinder {
	<28.476452, 36.875614, 31.821030>,  <28.663460, 36.557186, 32.380295>, 0.130000
	pigment { color rgbt <1,0,0,0> }
	no_shadow
}

// nucleotide -1

// particle -1
sphere {
	<28.476452, 36.875614, 31.821030> 0.250000
	pigment { color rgbt <1,0,0,0> }
	no_shadow
}
cylinder {
	<28.584652, 37.174603, 32.063721>,  <28.649572, 37.353996, 32.209335>, 0.100000
	pigment { color rgbt <1,0,0,0> }
	no_shadow
}
cylinder {
	<28.584652, 37.174603, 32.063721>,  <28.476452, 36.875614, 31.821030>, 0.100000
	pigment { color rgbt <1,0,0,0> }
	no_shadow
}

// particle -1
sphere {
	<28.584652, 37.174603, 32.063721> 0.100000
	pigment { color rgbt <1,0,0,0> }
	no_shadow
}
sphere {
	0, 1
	scale<0.080000,0.200000,0.300000>
	matrix <0.496321, 0.431741, -0.753170,
		-0.824921, 0.504866, -0.254198,
		0.270502, 0.747469, 0.606727,
		28.665802, 37.398842, 32.245739>
	pigment { color rgbt <0,1,1,0> }
	no_shadow
}
cylinder {
	<28.150986, 37.571888, 31.589241>,  <28.476452, 36.875614, 31.821030>, 0.130000
	pigment { color rgbt <1,0,0,0> }
	no_shadow
}

// nucleotide -1

// particle -1
sphere {
	<28.150986, 37.571888, 31.589241> 0.250000
	pigment { color rgbt <1,0,0,0> }
	no_shadow
}
cylinder {
	<28.458467, 37.646591, 31.833933>,  <28.642958, 37.691414, 31.980747>, 0.100000
	pigment { color rgbt <1,0,0,0> }
	no_shadow
}
cylinder {
	<28.458467, 37.646591, 31.833933>,  <28.150986, 37.571888, 31.589241>, 0.100000
	pigment { color rgbt <1,0,0,0> }
	no_shadow
}

// particle -1
sphere {
	<28.458467, 37.646591, 31.833933> 0.100000
	pigment { color rgbt <1,0,0,0> }
	no_shadow
}
sphere {
	0, 1
	scale<0.080000,0.200000,0.300000>
	matrix <0.309580, 0.728281, -0.611365,
		-0.559688, 0.659339, 0.502018,
		0.768707, 0.186759, 0.611728,
		28.689079, 37.702618, 32.017452>
	pigment { color rgbt <0,1,1,0> }
	no_shadow
}
cylinder {
	<28.222126, 38.313839, 31.583714>,  <28.150986, 37.571888, 31.589241>, 0.130000
	pigment { color rgbt <1,0,0,0> }
	no_shadow
}

// nucleotide -1

// particle -1
sphere {
	<28.222126, 38.313839, 31.583714> 0.250000
	pigment { color rgbt <1,0,0,0> }
	no_shadow
}
cylinder {
	<28.578821, 38.169136, 31.692474>,  <28.792839, 38.082314, 31.757730>, 0.100000
	pigment { color rgbt <1,0,0,0> }
	no_shadow
}
cylinder {
	<28.578821, 38.169136, 31.692474>,  <28.222126, 38.313839, 31.583714>, 0.100000
	pigment { color rgbt <1,0,0,0> }
	no_shadow
}

// particle -1
sphere {
	<28.578821, 38.169136, 31.692474> 0.100000
	pigment { color rgbt <1,0,0,0> }
	no_shadow
}
sphere {
	0, 1
	scale<0.080000,0.200000,0.300000>
	matrix <0.452548, 0.713818, -0.534476,
		-0.000736, 0.599661, 0.800254,
		0.891740, -0.361760, 0.271901,
		28.846344, 38.060608, 31.774044>
	pigment { color rgbt <0,1,1,0> }
	no_shadow
}
cylinder {
	<28.643038, 38.914581, 31.486137>,  <28.222126, 38.313839, 31.583714>, 0.130000
	pigment { color rgbt <1,0,0,0> }
	no_shadow
}

// nucleotide -1

// particle -1
sphere {
	<28.643038, 38.914581, 31.486137> 0.250000
	pigment { color rgbt <1,0,0,0> }
	no_shadow
}
cylinder {
	<28.902912, 38.611187, 31.506559>,  <29.058836, 38.429150, 31.518812>, 0.100000
	pigment { color rgbt <1,0,0,0> }
	no_shadow
}
cylinder {
	<28.902912, 38.611187, 31.506559>,  <28.643038, 38.914581, 31.486137>, 0.100000
	pigment { color rgbt <1,0,0,0> }
	no_shadow
}

// particle -1
sphere {
	<28.902912, 38.611187, 31.506559> 0.100000
	pigment { color rgbt <1,0,0,0> }
	no_shadow
}
sphere {
	0, 1
	scale<0.080000,0.200000,0.300000>
	matrix <0.517738, 0.392291, -0.760299,
		0.556649, 0.520388, 0.647564,
		0.649684, -0.758488, 0.051056,
		29.097816, 38.383640, 31.521875>
	pigment { color rgbt <0,1,1,0> }
	no_shadow
}
cylinder {
	<29.313705, 39.260910, 31.558218>,  <28.643038, 38.914581, 31.486137>, 0.130000
	pigment { color rgbt <1,0,0,0> }
	no_shadow
}

// nucleotide -1

// particle -1
sphere {
	<29.313705, 39.260910, 31.558218> 0.250000
	pigment { color rgbt <1,0,0,0> }
	no_shadow
}
cylinder {
	<29.363558, 38.893715, 31.407610>,  <29.393469, 38.673397, 31.317245>, 0.100000
	pigment { color rgbt <1,0,0,0> }
	no_shadow
}
cylinder {
	<29.363558, 38.893715, 31.407610>,  <29.313705, 39.260910, 31.558218>, 0.100000
	pigment { color rgbt <1,0,0,0> }
	no_shadow
}

// particle -1
sphere {
	<29.363558, 38.893715, 31.407610> 0.100000
	pigment { color rgbt <1,0,0,0> }
	no_shadow
}
sphere {
	0, 1
	scale<0.080000,0.200000,0.300000>
	matrix <0.560905, 0.378207, -0.736441,
		0.818445, -0.119409, 0.562040,
		0.124630, -0.917987, -0.376519,
		29.400948, 38.618320, 31.294655>
	pigment { color rgbt <0,1,1,0> }
	no_shadow
}
cylinder {
	<30.043180, 39.066296, 31.519560>,  <29.313705, 39.260910, 31.558218>, 0.130000
	pigment { color rgbt <1,0,0,0> }
	no_shadow
}

// nucleotide -1

// particle -1
sphere {
	<30.043180, 39.066296, 31.519560> 0.250000
	pigment { color rgbt <1,0,0,0> }
	no_shadow
}
cylinder {
	<29.860500, 38.814445, 31.268164>,  <29.750893, 38.663338, 31.117327>, 0.100000
	pigment { color rgbt <1,0,0,0> }
	no_shadow
}
cylinder {
	<29.860500, 38.814445, 31.268164>,  <30.043180, 39.066296, 31.519560>, 0.100000
	pigment { color rgbt <1,0,0,0> }
	no_shadow
}

// particle -1
sphere {
	<29.860500, 38.814445, 31.268164> 0.100000
	pigment { color rgbt <1,0,0,0> }
	no_shadow
}
sphere {
	0, 1
	scale<0.080000,0.200000,0.300000>
	matrix <0.609215, 0.293479, -0.736700,
		0.648292, -0.719337, 0.249544,
		-0.456699, -0.629623, -0.628491,
		29.723490, 38.625557, 31.079617>
	pigment { color rgbt <0,1,1,0> }
	no_shadow
}
cylinder {
	<30.568966, 39.042202, 30.987982>,  <30.043180, 39.066296, 31.519560>, 0.130000
	pigment { color rgbt <1,0,0,0> }
	no_shadow
}

// nucleotide -1

// particle -1
sphere {
	<30.568966, 39.042202, 30.987982> 0.250000
	pigment { color rgbt <1,0,0,0> }
	no_shadow
}
cylinder {
	<30.244186, 38.866203, 30.834545>,  <30.049318, 38.760605, 30.742483>, 0.100000
	pigment { color rgbt <1,0,0,0> }
	no_shadow
}
cylinder {
	<30.244186, 38.866203, 30.834545>,  <30.568966, 39.042202, 30.987982>, 0.100000
	pigment { color rgbt <1,0,0,0> }
	no_shadow
}

// particle -1
sphere {
	<30.244186, 38.866203, 30.834545> 0.100000
	pigment { color rgbt <1,0,0,0> }
	no_shadow
}
sphere {
	0, 1
	scale<0.080000,0.200000,0.300000>
	matrix <0.353050, 0.153158, -0.922983,
		0.464860, -0.884842, 0.030984,
		-0.811949, -0.439997, -0.383591,
		30.000601, 38.734203, 30.719467>
	pigment { color rgbt <0,1,1,0> }
	no_shadow
}
cylinder {
	<30.778469, 38.516220, 30.556082>,  <30.568966, 39.042202, 30.987982>, 0.130000
	pigment { color rgbt <1,0,0,0> }
	no_shadow
}

// nucleotide -1

// particle -1
sphere {
	<30.778469, 38.516220, 30.556082> 0.250000
	pigment { color rgbt <1,0,0,0> }
	no_shadow
}
cylinder {
	<30.411020, 38.590363, 30.416496>,  <30.190550, 38.634846, 30.332745>, 0.100000
	pigment { color rgbt <1,0,0,0> }
	no_shadow
}
cylinder {
	<30.411020, 38.590363, 30.416496>,  <30.778469, 38.516220, 30.556082>, 0.100000
	pigment { color rgbt <1,0,0,0> }
	no_shadow
}

// particle -1
sphere {
	<30.411020, 38.590363, 30.416496> 0.100000
	pigment { color rgbt <1,0,0,0> }
	no_shadow
}
sphere {
	0, 1
	scale<0.080000,0.200000,0.300000>
	matrix <0.348480, -0.036259, -0.936615,
		-0.186258, -0.982003, -0.031283,
		-0.918624, 0.185354, -0.348962,
		30.135433, 38.645969, 30.311808>
	pigment { color rgbt <0,1,1,0> }
	no_shadow
}
cylinder {
	<30.612019, 38.027126, 29.959927>,  <30.778469, 38.516220, 30.556082>, 0.130000
	pigment { color rgbt <1,0,0,0> }
	no_shadow
}

// nucleotide -1

// particle -1
sphere {
	<30.612019, 38.027126, 29.959927> 0.250000
	pigment { color rgbt <1,0,0,0> }
	no_shadow
}
cylinder {
	<30.363571, 38.332024, 29.887047>,  <30.214502, 38.514961, 29.843319>, 0.100000
	pigment { color rgbt <1,0,0,0> }
	no_shadow
}
cylinder {
	<30.363571, 38.332024, 29.887047>,  <30.612019, 38.027126, 29.959927>, 0.100000
	pigment { color rgbt <1,0,0,0> }
	no_shadow
}

// particle -1
sphere {
	<30.363571, 38.332024, 29.887047> 0.100000
	pigment { color rgbt <1,0,0,0> }
	no_shadow
}
sphere {
	0, 1
	scale<0.080000,0.200000,0.300000>
	matrix <0.195681, -0.074287, -0.977850,
		-0.758895, -0.643013, -0.103016,
		-0.621117, 0.762244, -0.182201,
		30.177237, 38.560696, 29.832386>
	pigment { color rgbt <0,1,1,0> }
	no_shadow
}
cylinder {
	<30.224230, 37.825840, 29.282446>,  <30.612019, 38.027126, 29.959927>, 0.130000
	pigment { color rgbt <1,0,0,0> }
	no_shadow
}

// nucleotide -1

// particle -1
sphere {
	<30.224230, 37.825840, 29.282446> 0.250000
	pigment { color rgbt <1,0,0,0> }
	no_shadow
}
cylinder {
	<30.153614, 38.213585, 29.350763>,  <30.111244, 38.446232, 29.391754>, 0.100000
	pigment { color rgbt <1,0,0,0> }
	no_shadow
}
cylinder {
	<30.153614, 38.213585, 29.350763>,  <30.224230, 37.825840, 29.282446>, 0.100000
	pigment { color rgbt <1,0,0,0> }
	no_shadow
}

// particle -1
sphere {
	<30.153614, 38.213585, 29.350763> 0.100000
	pigment { color rgbt <1,0,0,0> }
	no_shadow
}
sphere {
	0, 1
	scale<0.080000,0.200000,0.300000>
	matrix <0.119395, 0.193327, -0.973843,
		-0.977025, -0.151530, -0.149867,
		-0.176540, 0.969362, 0.170793,
		30.100653, 38.504395, 29.402000>
	pigment { color rgbt <0,1,1,0> }
	no_shadow
}
cylinder {
	<29.605934, 38.063404, 28.979589>,  <30.224230, 37.825840, 29.282446>, 0.130000
	pigment { color rgbt <1,0,0,0> }
	no_shadow
}

// nucleotide -1

// particle -1
sphere {
	<29.605934, 38.063404, 28.979589> 0.250000
	pigment { color rgbt <1,0,0,0> }
	no_shadow
}
cylinder {
	<29.906914, 38.308842, 28.883827>,  <30.087502, 38.456104, 28.826370>, 0.100000
	pigment { color rgbt <1,0,0,0> }
	no_shadow
}
cylinder {
	<29.906914, 38.308842, 28.883827>,  <29.605934, 38.063404, 28.979589>, 0.100000
	pigment { color rgbt <1,0,0,0> }
	no_shadow
}

// particle -1
sphere {
	<29.906914, 38.308842, 28.883827> 0.100000
	pigment { color rgbt <1,0,0,0> }
	no_shadow
}
sphere {
	0, 1
	scale<0.080000,0.200000,0.300000>
	matrix <-0.147773, -0.196943, -0.969215,
		-0.641858, 0.764663, -0.057517,
		0.752450, 0.613599, -0.239406,
		30.132648, 38.492920, 28.812006>
	pigment { color rgbt <0,1,1,0> }
	no_shadow
}
cylinder {
	<29.438648, 38.247635, 28.263491>,  <29.605934, 38.063404, 28.979589>, 0.130000
	pigment { color rgbt <1,0,0,0> }
	no_shadow
}

// nucleotide -1

// particle -1
sphere {
	<29.438648, 38.247635, 28.263491> 0.250000
	pigment { color rgbt <1,0,0,0> }
	no_shadow
}
cylinder {
	<29.837093, 38.220535, 28.285997>,  <30.076160, 38.204277, 28.299501>, 0.100000
	pigment { color rgbt <1,0,0,0> }
	no_shadow
}
cylinder {
	<29.837093, 38.220535, 28.285997>,  <29.438648, 38.247635, 28.263491>, 0.100000
	pigment { color rgbt <1,0,0,0> }
	no_shadow
}

// particle -1
sphere {
	<29.837093, 38.220535, 28.285997> 0.100000
	pigment { color rgbt <1,0,0,0> }
	no_shadow
}
sphere {
	0, 1
	scale<0.080000,0.200000,0.300000>
	matrix <0.047347, -0.126761, -0.990803,
		0.074256, 0.989617, -0.123061,
		0.996115, -0.067746, 0.056268,
		30.135927, 38.200211, 28.302877>
	pigment { color rgbt <0,1,1,0> }
	no_shadow
}
cylinder {
	<29.776522, 38.582912, 27.698706>,  <29.438648, 38.247635, 28.263491>, 0.130000
	pigment { color rgbt <1,0,0,0> }
	no_shadow
}

// nucleotide -1

// particle -1
sphere {
	<29.776522, 38.582912, 27.698706> 0.250000
	pigment { color rgbt <1,0,0,0> }
	no_shadow
}
cylinder {
	<30.011587, 38.285866, 27.827187>,  <30.152626, 38.107639, 27.904276>, 0.100000
	pigment { color rgbt <1,0,0,0> }
	no_shadow
}
cylinder {
	<30.011587, 38.285866, 27.827187>,  <29.776522, 38.582912, 27.698706>, 0.100000
	pigment { color rgbt <1,0,0,0> }
	no_shadow
}

// particle -1
sphere {
	<30.011587, 38.285866, 27.827187> 0.100000
	pigment { color rgbt <1,0,0,0> }
	no_shadow
}
sphere {
	0, 1
	scale<0.080000,0.200000,0.300000>
	matrix <0.134461, -0.301832, -0.943831,
		0.797854, 0.597846, -0.077523,
		0.587665, -0.742615, 0.321204,
		30.187887, 38.063080, 27.923548>
	pigment { color rgbt <0,1,1,0> }
	no_shadow
}
cylinder {
	<30.339531, 38.590332, 27.284519>,  <29.776522, 38.582912, 27.698706>, 0.130000
	pigment { color rgbt <1,0,0,0> }
	no_shadow
}

// nucleotide -1

// particle -1
sphere {
	<30.339531, 38.590332, 27.284519> 0.250000
	pigment { color rgbt <1,0,0,0> }
	no_shadow
}
cylinder {
	<30.309658, 38.215729, 27.421564>,  <30.291735, 37.990967, 27.503792>, 0.100000
	pigment { color rgbt <1,0,0,0> }
	no_shadow
}
cylinder {
	<30.309658, 38.215729, 27.421564>,  <30.339531, 38.590332, 27.284519>, 0.100000
	pigment { color rgbt <1,0,0,0> }
	no_shadow
}

// particle -1
sphere {
	<30.309658, 38.215729, 27.421564> 0.100000
	pigment { color rgbt <1,0,0,0> }
	no_shadow
}
sphere {
	0, 1
	scale<0.080000,0.200000,0.300000>
	matrix <0.345556, -0.346588, -0.872048,
		0.935422, 0.053266, 0.349498,
		-0.074681, -0.936504, 0.342613,
		30.287254, 37.934776, 27.524347>
	pigment { color rgbt <0,1,1,0> }
	no_shadow
}
cylinder {
	<29.732677, 38.313744, 26.943123>,  <30.339531, 38.590332, 27.284519>, 0.130000
	pigment { color rgbt <1,0,0,0> }
	no_shadow
}

// nucleotide -1

// particle -1
sphere {
	<29.732677, 38.313744, 26.943123> 0.250000
	pigment { color rgbt <1,0,0,0> }
	no_shadow
}
cylinder {
	<29.538897, 38.184650, 27.268368>,  <29.422628, 38.107197, 27.463514>, 0.100000
	pigment { color rgbt <1,0,0,0> }
	no_shadow
}
cylinder {
	<29.538897, 38.184650, 27.268368>,  <29.732677, 38.313744, 26.943123>, 0.100000
	pigment { color rgbt <1,0,0,0> }
	no_shadow
}

// particle -1
sphere {
	<29.538897, 38.184650, 27.268368> 0.100000
	pigment { color rgbt <1,0,0,0> }
	no_shadow
}
sphere {
	0, 1
	scale<0.080000,0.200000,0.300000>
	matrix <0.293769, -0.935507, -0.196282,
		0.824019, 0.143779, 0.548014,
		-0.484450, -0.322730, 0.813114,
		29.393562, 38.087833, 27.512302>
	pigment { color rgbt <0,1,1,0> }
	no_shadow
}
cylinder {
	<29.816786, 37.581196, 26.933435>,  <29.732677, 38.313744, 26.943123>, 0.130000
	pigment { color rgbt <1,0,0,0> }
	no_shadow
}

// nucleotide -1

// particle -1
sphere {
	<29.816786, 37.581196, 26.933435> 0.250000
	pigment { color rgbt <1,0,0,0> }
	no_shadow
}
cylinder {
	<30.211218, 37.514687, 26.932869>,  <30.447876, 37.474781, 26.932529>, 0.100000
	pigment { color rgbt <1,0,0,0> }
	no_shadow
}
cylinder {
	<30.211218, 37.514687, 26.932869>,  <29.816786, 37.581196, 26.933435>, 0.100000
	pigment { color rgbt <1,0,0,0> }
	no_shadow
}

// particle -1
sphere {
	<30.211218, 37.514687, 26.932869> 0.100000
	pigment { color rgbt <1,0,0,0> }
	no_shadow
}
sphere {
	0, 1
	scale<0.080000,0.200000,0.300000>
	matrix <0.005386, 0.023438, 0.999711,
		-0.166189, -0.985802, 0.024007,
		0.986079, -0.166270, -0.001415,
		30.507042, 37.464806, 26.932446>
	pigment { color rgbt <0,1,1,0> }
	no_shadow
}
cylinder {
	<29.996332, 36.942768, 27.319788>,  <29.816786, 37.581196, 26.933435>, 0.130000
	pigment { color rgbt <1,0,0,0> }
	no_shadow
}

// nucleotide -1

// particle -1
sphere {
	<29.996332, 36.942768, 27.319788> 0.250000
	pigment { color rgbt <1,0,0,0> }
	no_shadow
}
cylinder {
	<30.288599, 37.215710, 27.328953>,  <30.463959, 37.379475, 27.334452>, 0.100000
	pigment { color rgbt <1,0,0,0> }
	no_shadow
}
cylinder {
	<30.288599, 37.215710, 27.328953>,  <29.996332, 36.942768, 27.319788>, 0.100000
	pigment { color rgbt <1,0,0,0> }
	no_shadow
}

// particle -1
sphere {
	<30.288599, 37.215710, 27.328953> 0.100000
	pigment { color rgbt <1,0,0,0> }
	no_shadow
}
sphere {
	0, 1
	scale<0.080000,0.200000,0.300000>
	matrix <-0.124905, 0.100603, 0.987055,
		0.671212, -0.724069, 0.158737,
		0.730666, 0.682351, 0.022914,
		30.507799, 37.420414, 27.335827>
	pigment { color rgbt <0,1,1,0> }
	no_shadow
}
cylinder {
	<30.476511, 36.786587, 27.807762>,  <29.996332, 36.942768, 27.319788>, 0.130000
	pigment { color rgbt <1,0,0,0> }
	no_shadow
}

// nucleotide -1

// particle -1
sphere {
	<30.476511, 36.786587, 27.807762> 0.250000
	pigment { color rgbt <1,0,0,0> }
	no_shadow
}
cylinder {
	<30.535378, 37.179031, 27.757542>,  <30.570698, 37.414497, 27.727409>, 0.100000
	pigment { color rgbt <1,0,0,0> }
	no_shadow
}
cylinder {
	<30.535378, 37.179031, 27.757542>,  <30.476511, 36.786587, 27.807762>, 0.100000
	pigment { color rgbt <1,0,0,0> }
	no_shadow
}

// particle -1
sphere {
	<30.535378, 37.179031, 27.757542> 0.100000
	pigment { color rgbt <1,0,0,0> }
	no_shadow
}
sphere {
	0, 1
	scale<0.080000,0.200000,0.300000>
	matrix <-0.087349, 0.139329, 0.986386,
		0.985247, -0.134198, 0.106204,
		0.147168, 0.981111, -0.125552,
		30.579529, 37.473366, 27.719875>
	pigment { color rgbt <0,1,1,0> }
	no_shadow
}
cylinder {
	<30.999250, 37.128860, 28.194441>,  <30.476511, 36.786587, 27.807762>, 0.130000
	pigment { color rgbt <1,0,0,0> }
	no_shadow
}

// nucleotide -1

// particle -1
sphere {
	<30.999250, 37.128860, 28.194441> 0.250000
	pigment { color rgbt <1,0,0,0> }
	no_shadow
}
cylinder {
	<30.750809, 37.433308, 28.119688>,  <30.601744, 37.615978, 28.074837>, 0.100000
	pigment { color rgbt <1,0,0,0> }
	no_shadow
}
cylinder {
	<30.750809, 37.433308, 28.119688>,  <30.999250, 37.128860, 28.194441>, 0.100000
	pigment { color rgbt <1,0,0,0> }
	no_shadow
}

// particle -1
sphere {
	<30.750809, 37.433308, 28.119688> 0.100000
	pigment { color rgbt <1,0,0,0> }
	no_shadow
}
sphere {
	0, 1
	scale<0.080000,0.200000,0.300000>
	matrix <0.032389, 0.263179, 0.964203,
		0.783058, 0.592818, -0.188114,
		-0.621104, 0.761120, -0.186884,
		30.564478, 37.661644, 28.063623>
	pigment { color rgbt <0,1,1,0> }
	no_shadow
}
cylinder {
	<30.969883, 36.933392, 28.867395>,  <30.999250, 37.128860, 28.194441>, 0.130000
	pigment { color rgbt <1,0,0,0> }
	no_shadow
}

// nucleotide -1

// particle -1
sphere {
	<30.969883, 36.933392, 28.867395> 0.250000
	pigment { color rgbt <1,0,0,0> }
	no_shadow
}
cylinder {
	<31.220320, 36.813343, 28.579523>,  <31.370583, 36.741314, 28.406799>, 0.100000
	pigment { color rgbt <1,0,0,0> }
	no_shadow
}
cylinder {
	<31.220320, 36.813343, 28.579523>,  <30.969883, 36.933392, 28.867395>, 0.100000
	pigment { color rgbt <1,0,0,0> }
	no_shadow
}

// particle -1
sphere {
	<31.220320, 36.813343, 28.579523> 0.100000
	pigment { color rgbt <1,0,0,0> }
	no_shadow
}
sphere {
	0, 1
	scale<0.080000,0.200000,0.300000>
	matrix <0.411818, -0.656471, 0.632022,
		-0.662142, -0.692074, -0.287403,
		0.626078, -0.300131, -0.719685,
		31.408148, 36.723309, 28.363619>
	pigment { color rgbt <0,1,1,0> }
	no_shadow
}
cylinder {
	<30.877960, 36.164013, 28.748074>,  <30.969883, 36.933392, 28.867395>, 0.130000
	pigment { color rgbt <1,0,0,0> }
	no_shadow
}

// nucleotide -1

// particle -1
sphere {
	<30.877960, 36.164013, 28.748074> 0.250000
	pigment { color rgbt <1,0,0,0> }
	no_shadow
}
cylinder {
	<31.260166, 36.250370, 28.667696>,  <31.489491, 36.302185, 28.619469>, 0.100000
	pigment { color rgbt <1,0,0,0> }
	no_shadow
}
cylinder {
	<31.260166, 36.250370, 28.667696>,  <30.877960, 36.164013, 28.748074>, 0.100000
	pigment { color rgbt <1,0,0,0> }
	no_shadow
}

// particle -1
sphere {
	<31.260166, 36.250370, 28.667696> 0.100000
	pigment { color rgbt <1,0,0,0> }
	no_shadow
}
sphere {
	0, 1
	scale<0.080000,0.200000,0.300000>
	matrix <0.294931, -0.704808, 0.645183,
		-0.002336, -0.675748, -0.737129,
		0.955516, 0.215895, -0.200945,
		31.546822, 36.315140, 28.607412>
	pigment { color rgbt <0,1,1,0> }
	no_shadow
}
cylinder {
	<31.348812, 35.581738, 28.707401>,  <30.877960, 36.164013, 28.748074>, 0.130000
	pigment { color rgbt <1,0,0,0> }
	no_shadow
}

// nucleotide -1

// particle -1
sphere {
	<31.348812, 35.581738, 28.707401> 0.250000
	pigment { color rgbt <1,0,0,0> }
	no_shadow
}
cylinder {
	<31.572725, 35.882576, 28.846537>,  <31.707073, 36.063080, 28.930017>, 0.100000
	pigment { color rgbt <1,0,0,0> }
	no_shadow
}
cylinder {
	<31.572725, 35.882576, 28.846537>,  <31.348812, 35.581738, 28.707401>, 0.100000
	pigment { color rgbt <1,0,0,0> }
	no_shadow
}

// particle -1
sphere {
	<31.572725, 35.882576, 28.846537> 0.100000
	pigment { color rgbt <1,0,0,0> }
	no_shadow
}
sphere {
	0, 1
	scale<0.080000,0.200000,0.300000>
	matrix <0.239583, -0.548738, 0.800928,
		0.793250, -0.365008, -0.487363,
		0.559780, 0.752100, 0.347837,
		31.740660, 36.108208, 28.950888>
	pigment { color rgbt <0,1,1,0> }
	no_shadow
}
cylinder {
	<32.096451, 35.383553, 28.931885>,  <31.348812, 35.581738, 28.707401>, 0.130000
	pigment { color rgbt <1,0,0,0> }
	no_shadow
}

// nucleotide -1

// particle -1
sphere {
	<32.096451, 35.383553, 28.931885> 0.250000
	pigment { color rgbt <1,0,0,0> }
	no_shadow
}
cylinder {
	<31.941151, 35.707634, 29.107533>,  <31.847969, 35.902084, 29.212921>, 0.100000
	pigment { color rgbt <1,0,0,0> }
	no_shadow
}
cylinder {
	<31.941151, 35.707634, 29.107533>,  <32.096451, 35.383553, 28.931885>, 0.100000
	pigment { color rgbt <1,0,0,0> }
	no_shadow
}

// particle -1
sphere {
	<31.941151, 35.707634, 29.107533> 0.100000
	pigment { color rgbt <1,0,0,0> }
	no_shadow
}
sphere {
	0, 1
	scale<0.080000,0.200000,0.300000>
	matrix <0.077452, -0.446126, 0.891612,
		0.918292, 0.380183, 0.110458,
		-0.388254, 0.810205, 0.439120,
		31.824675, 35.950695, 29.239269>
	pigment { color rgbt <0,1,1,0> }
	no_shadow
}
cylinder {
	<32.556179, 35.579712, 29.506634>,  <32.096451, 35.383553, 28.931885>, 0.130000
	pigment { color rgbt <1,0,0,0> }
	no_shadow
}

// nucleotide -1

// particle -1
sphere {
	<32.556179, 35.579712, 29.506634> 0.250000
	pigment { color rgbt <1,0,0,0> }
	no_shadow
}
cylinder {
	<32.187538, 35.719391, 29.574419>,  <31.966354, 35.803200, 29.615089>, 0.100000
	pigment { color rgbt <1,0,0,0> }
	no_shadow
}
cylinder {
	<32.187538, 35.719391, 29.574419>,  <32.556179, 35.579712, 29.506634>, 0.100000
	pigment { color rgbt <1,0,0,0> }
	no_shadow
}

// particle -1
sphere {
	<32.187538, 35.719391, 29.574419> 0.100000
	pigment { color rgbt <1,0,0,0> }
	no_shadow
}
sphere {
	0, 1
	scale<0.080000,0.200000,0.300000>
	matrix <-0.010587, -0.459048, 0.888349,
		0.387999, 0.816907, 0.426755,
		-0.921599, 0.349196, 0.169462,
		31.911058, 35.824150, 29.625257>
	pigment { color rgbt <0,1,1,0> }
	no_shadow
}
cylinder {
	<32.581551, 35.541405, 30.130125>,  <32.556179, 35.579712, 29.506634>, 0.130000
	pigment { color rgbt <1,0,0,0> }
	no_shadow
}

// nucleotide -1

// particle -1
sphere {
	<32.581551, 35.541405, 30.130125> 0.250000
	pigment { color rgbt <1,0,0,0> }
	no_shadow
}
cylinder {
	<32.193226, 35.602810, 30.056408>,  <31.960232, 35.639652, 30.012178>, 0.100000
	pigment { color rgbt <1,0,0,0> }
	no_shadow
}
cylinder {
	<32.193226, 35.602810, 30.056408>,  <32.581551, 35.541405, 30.130125>, 0.100000
	pigment { color rgbt <1,0,0,0> }
	no_shadow
}

// particle -1
sphere {
	<32.193226, 35.602810, 30.056408> 0.100000
	pigment { color rgbt <1,0,0,0> }
	no_shadow
}
sphere {
	0, 1
	scale<0.080000,0.200000,0.300000>
	matrix <-0.224143, -0.307168, 0.924882,
		0.085371, 0.939192, 0.332611,
		-0.970810, 0.153510, -0.184291,
		31.901983, 35.648865, 30.001122>
	pigment { color rgbt <0,1,1,0> }
	no_shadow
}
cylinder {
	<32.295670, 36.085594, 30.719639>,  <32.581551, 35.541405, 30.130125>, 0.130000
	pigment { color rgbt <1,0,0,0> }
	no_shadow
}

// nucleotide -1

// particle -1
sphere {
	<32.295670, 36.085594, 30.719639> 0.250000
	pigment { color rgbt <1,0,0,0> }
	no_shadow
}
cylinder {
	<32.014923, 35.854118, 30.553503>,  <31.846476, 35.715233, 30.453821>, 0.100000
	pigment { color rgbt <1,0,0,0> }
	no_shadow
}
cylinder {
	<32.014923, 35.854118, 30.553503>,  <32.295670, 36.085594, 30.719639>, 0.100000
	pigment { color rgbt <1,0,0,0> }
	no_shadow
}

// particle -1
sphere {
	<32.014923, 35.854118, 30.553503> 0.100000
	pigment { color rgbt <1,0,0,0> }
	no_shadow
}
sphere {
	0, 1
	scale<0.080000,0.200000,0.300000>
	matrix <-0.365528, -0.207856, 0.907295,
		-0.611373, 0.788615, -0.065641,
		-0.701864, -0.578689, -0.415338,
		31.804363, 35.680511, 30.428902>
	pigment { color rgbt <0,1,1,0> }
	no_shadow
}
cylinder {
	<31.742037, 36.014488, 31.260250>,  <32.295670, 36.085594, 30.719639>, 0.130000
	pigment { color rgbt <1,0,0,0> }
	no_shadow
}

// nucleotide -1

// particle -1
sphere {
	<31.742037, 36.014488, 31.260250> 0.250000
	pigment { color rgbt <1,0,0,0> }
	no_shadow
}
cylinder {
	<31.620546, 35.749439, 30.986410>,  <31.547653, 35.590408, 30.822105>, 0.100000
	pigment { color rgbt <1,0,0,0> }
	no_shadow
}
cylinder {
	<31.620546, 35.749439, 30.986410>,  <31.742037, 36.014488, 31.260250>, 0.100000
	pigment { color rgbt <1,0,0,0> }
	no_shadow
}

// particle -1
sphere {
	<31.620546, 35.749439, 30.986410> 0.100000
	pigment { color rgbt <1,0,0,0> }
	no_shadow
}
sphere {
	0, 1
	scale<0.080000,0.200000,0.300000>
	matrix <-0.617705, -0.410120, 0.671001,
		-0.725391, 0.626681, -0.284744,
		-0.303724, -0.662625, -0.684601,
		31.529428, 35.550652, 30.781029>
	pigment { color rgbt <0,1,1,0> }
	no_shadow
}
cylinder {
	<30.884186, 36.025753, 31.179790>,  <31.742037, 36.014488, 31.260250>, 0.130000
	pigment { color rgbt <1,0,0,0> }
	no_shadow
}

// nucleotide -1

// particle -1
sphere {
	<30.884186, 36.025753, 31.179790> 0.250000
	pigment { color rgbt <1,0,0,0> }
	no_shadow
}
cylinder {
	<31.062038, 35.680531, 31.083923>,  <31.168749, 35.473396, 31.026403>, 0.100000
	pigment { color rgbt <1,0,0,0> }
	no_shadow
}
cylinder {
	<31.062038, 35.680531, 31.083923>,  <30.884186, 36.025753, 31.179790>, 0.100000
	pigment { color rgbt <1,0,0,0> }
	no_shadow
}

// particle -1
sphere {
	<31.062038, 35.680531, 31.083923> 0.100000
	pigment { color rgbt <1,0,0,0> }
	no_shadow
}
sphere {
	0, 1
	scale<0.080000,0.200000,0.300000>
	matrix <-0.645519, -0.494249, 0.582257,
		-0.620975, -0.104180, -0.776876,
		0.444630, -0.863055, -0.239666,
		31.195427, 35.421616, 31.012024>
	pigment { color rgbt <0,1,1,0> }
	no_shadow
}
cylinder {
	<30.396952, 35.565773, 31.052031>,  <30.884186, 36.025753, 31.179790>, 0.130000
	pigment { color rgbt <1,0,0,0> }
	no_shadow
}

// nucleotide -1

// particle -1
sphere {
	<30.396952, 35.565773, 31.052031> 0.250000
	pigment { color rgbt <1,0,0,0> }
	no_shadow
}
cylinder {
	<30.717037, 35.332661, 31.108629>,  <30.909088, 35.192795, 31.142588>, 0.100000
	pigment { color rgbt <1,0,0,0> }
	no_shadow
}
cylinder {
	<30.717037, 35.332661, 31.108629>,  <30.396952, 35.565773, 31.052031>, 0.100000
	pigment { color rgbt <1,0,0,0> }
	no_shadow
}

// particle -1
sphere {
	<30.717037, 35.332661, 31.108629> 0.100000
	pigment { color rgbt <1,0,0,0> }
	no_shadow
}
sphere {
	0, 1
	scale<0.080000,0.200000,0.300000>
	matrix <-0.515825, -0.548501, 0.658081,
		-0.305907, -0.599594, -0.739533,
		0.800216, -0.582781, 0.141495,
		30.957102, 35.157825, 31.151077>
	pigment { color rgbt <0,1,1,0> }
	no_shadow
}
cylinder {
	<30.120308, 34.874092, 31.054876>,  <30.396952, 35.565773, 31.052031>, 0.130000
	pigment { color rgbt <1,0,0,0> }
	no_shadow
}

// nucleotide -1

// particle -1
sphere {
	<30.120308, 34.874092, 31.054876> 0.250000
	pigment { color rgbt <1,0,0,0> }
	no_shadow
}
cylinder {
	<30.466784, 34.844387, 31.252542>,  <30.674669, 34.826565, 31.371141>, 0.100000
	pigment { color rgbt <1,0,0,0> }
	no_shadow
}
cylinder {
	<30.466784, 34.844387, 31.252542>,  <30.120308, 34.874092, 31.054876>, 0.100000
	pigment { color rgbt <1,0,0,0> }
	no_shadow
}

// particle -1
sphere {
	<30.466784, 34.844387, 31.252542> 0.100000
	pigment { color rgbt <1,0,0,0> }
	no_shadow
}
sphere {
	0, 1
	scale<0.080000,0.200000,0.300000>
	matrix <-0.496183, -0.245163, 0.832885,
