// switches for output
#declare DRAW_BASES = 1; // possible values are 0, 1; only relevant for DNA ribbons
#declare DRAW_BASES_TYPE = 3; // possible values are 1, 2, 3; only relevant for DNA ribbons
#declare DRAW_FOG = 0; // set to 1 to enable fog

#include "colors.inc"

#include "transforms.inc"
background { rgb <1, 1, 1>}

#default {
   normal{
       ripples 0.25
       frequency 0.20
       turbulence 0.2
       lambda 5
   }
	finish {
		phong 0.1
		phong_size 40.
	}
}

// original window dimensions: 1024x640


// camera settings

camera {
	sky <0, 0.179814, -0.983701>
	up <0, 0.179814, -0.983701>
	right 1.6 * <1, 0, 0>
	location <35, 94.9851, 44.8844>
	look_at <35, 29.7336, 32.9568>
	direction <0, -65.2515, -11.9276>
	angle 67.0682
}


# declare cpy_camera_pos = <35, 94.9851, 44.8844>;
# if (DRAW_FOG = 1)
fog {
	fog_type 2
	up vnormalize(cpy_camera_pos)
	color rgbt<1,1,1,0.3>
	distance 1e-5
	fog_alt 3e-3
	fog_offset 56
}
# end


// LIGHTS

# declare lum = 6;
global_settings {
	ambient_light rgb lum * <0.05, 0.05, 0.05>
	max_trace_level 15
}# declare cpy_direct_light_amount = 0.25;
light_source
{	1000 * <-1, -1.16352, -0.803886>,
	rgb lum * cpy_direct_light_amount
	parallel
}

light_source
{	1000 * <1, 1.16352, 0.803886>,
	rgb lum * cpy_direct_light_amount
	parallel
}

// strand 0

// nucleotide -1

// particle -1
sphere {
	<23.998768, 34.956821, 34.962608> 0.250000
	pigment { color rgbt <1,0,0,0> }
	no_shadow
}
cylinder {
	<24.397934, 34.982479, 34.965401>,  <24.637434, 34.997875, 34.967075>, 0.100000
	pigment { color rgbt <1,0,0,0> }
	no_shadow
}
cylinder {
	<24.397934, 34.982479, 34.965401>,  <23.998768, 34.956821, 34.962608>, 0.100000
	pigment { color rgbt <1,0,0,0> }
	no_shadow
}

// particle -1
sphere {
	<24.397934, 34.982479, 34.965401> 0.100000
	pigment { color rgbt <1,0,0,0> }
	no_shadow
}
sphere {
	0, 1
	scale<0.080000,0.200000,0.300000>
	matrix <0.033267, -0.418800, -0.907469,
		-0.055287, 0.905810, -0.420061,
		0.997916, 0.064146, 0.006979,
		24.697309, 35.001724, 34.967495>
	pigment { color rgbt <0,1,1,0> }
	no_shadow
}
cylinder {
	<24.360064, 35.384964, 34.379330>,  <23.998768, 34.956821, 34.962608>, 0.130000
	pigment { color rgbt <1,0,0,0> }
	no_shadow
}

// nucleotide -1

// particle -1
sphere {
	<24.360064, 35.384964, 34.379330> 0.250000
	pigment { color rgbt <1,0,0,0> }
	no_shadow
}
cylinder {
	<24.572222, 35.074219, 34.515072>,  <24.699516, 34.887772, 34.596516>, 0.100000
	pigment { color rgbt <1,0,0,0> }
	no_shadow
}
cylinder {
	<24.572222, 35.074219, 34.515072>,  <24.360064, 35.384964, 34.379330>, 0.100000
	pigment { color rgbt <1,0,0,0> }
	no_shadow
}

// particle -1
sphere {
	<24.572222, 35.074219, 34.515072> 0.100000
	pigment { color rgbt <1,0,0,0> }
	no_shadow
}
sphere {
	0, 1
	scale<0.080000,0.200000,0.300000>
	matrix <0.062019, -0.363671, -0.929461,
		0.845480, 0.514026, -0.144709,
		0.530394, -0.776866, 0.339356,
		24.731340, 34.841160, 34.616879>
	pigment { color rgbt <0,1,1,0> }
	no_shadow
}
cylinder {
	<25.094503, 35.122101, 34.310112>,  <24.360064, 35.384964, 34.379330>, 0.130000
	pigment { color rgbt <1,0,0,0> }
	no_shadow
}

// nucleotide -1

// particle -1
sphere {
	<25.094503, 35.122101, 34.310112> 0.250000
	pigment { color rgbt <1,0,0,0> }
	no_shadow
}
cylinder {
	<25.193245, 35.378670, 34.019554>,  <25.252489, 35.532612, 33.845219>, 0.100000
	pigment { color rgbt <1,0,0,0> }
	no_shadow
}
cylinder {
	<25.193245, 35.378670, 34.019554>,  <25.094503, 35.122101, 34.310112>, 0.100000
	pigment { color rgbt <1,0,0,0> }
	no_shadow
}

// particle -1
sphere {
	<25.193245, 35.378670, 34.019554> 0.100000
	pigment { color rgbt <1,0,0,0> }
	no_shadow
}
sphere {
	0, 1
	scale<0.080000,0.200000,0.300000>
	matrix <0.494500, 0.561268, 0.663662,
		0.833386, -0.523028, -0.178631,
		0.246855, 0.641420, -0.726391,
		25.267302, 35.571095, 33.801636>
	pigment { color rgbt <0,1,1,0> }
	no_shadow
}
cylinder {
	<25.882423, 35.287865, 34.218056>,  <25.094503, 35.122101, 34.310112>, 0.130000
	pigment { color rgbt <1,0,0,0> }
	no_shadow
}

// nucleotide -1

// particle -1
sphere {
	<25.882423, 35.287865, 34.218056> 0.250000
	pigment { color rgbt <1,0,0,0> }
	no_shadow
}
cylinder {
	<25.682335, 35.604481, 34.077637>,  <25.562281, 35.794453, 33.993385>, 0.100000
	pigment { color rgbt <1,0,0,0> }
	no_shadow
}
cylinder {
	<25.682335, 35.604481, 34.077637>,  <25.882423, 35.287865, 34.218056>, 0.100000
	pigment { color rgbt <1,0,0,0> }
	no_shadow
}

// particle -1
sphere {
	<25.682335, 35.604481, 34.077637> 0.100000
	pigment { color rgbt <1,0,0,0> }
	no_shadow
}
sphere {
	0, 1
	scale<0.080000,0.200000,0.300000>
	matrix <0.641074, 0.611069, 0.464347,
		0.582066, 0.007229, -0.813110,
		-0.500223, 0.791544, -0.351048,
		25.532269, 35.841946, 33.972321>
	pigment { color rgbt <0,1,1,0> }
	no_shadow
}
cylinder {
	<26.412931, 35.746151, 33.931213>,  <25.882423, 35.287865, 34.218056>, 0.130000
	pigment { color rgbt <1,0,0,0> }
	no_shadow
}

// nucleotide -1

// particle -1
sphere {
	<26.412931, 35.746151, 33.931213> 0.250000
	pigment { color rgbt <1,0,0,0> }
	no_shadow
}
cylinder {
	<26.071880, 35.920769, 34.046074>,  <25.867249, 36.025539, 34.114990>, 0.100000
	pigment { color rgbt <1,0,0,0> }
	no_shadow
}
cylinder {
	<26.071880, 35.920769, 34.046074>,  <26.412931, 35.746151, 33.931213>, 0.100000
	pigment { color rgbt <1,0,0,0> }
	no_shadow
}

// particle -1
sphere {
	<26.071880, 35.920769, 34.046074> 0.100000
	pigment { color rgbt <1,0,0,0> }
	no_shadow
}
sphere {
	0, 1
	scale<0.080000,0.200000,0.300000>
	matrix <0.522509, 0.715412, 0.463864,
		-0.002935, 0.545543, -0.838078,
		-0.852629, 0.436542, 0.287151,
		25.816092, 36.051731, 34.132217>
	pigment { color rgbt <0,1,1,0> }
	no_shadow
}
cylinder {
	<27.024652, 36.131958, 33.796009>,  <26.412931, 35.746151, 33.931213>, 0.130000
	pigment { color rgbt <1,0,0,0> }
	no_shadow
}

// nucleotide -1

// particle -1
sphere {
	<27.024652, 36.131958, 33.796009> 0.250000
	pigment { color rgbt <1,0,0,0> }
	no_shadow
}
cylinder {
	<27.380548, 36.123802, 33.978413>,  <27.594086, 36.118908, 34.087856>, 0.100000
	pigment { color rgbt <1,0,0,0> }
	no_shadow
}
cylinder {
	<27.380548, 36.123802, 33.978413>,  <27.024652, 36.131958, 33.796009>, 0.100000
	pigment { color rgbt <1,0,0,0> }
	no_shadow
}

// particle -1
sphere {
	<27.380548, 36.123802, 33.978413> 0.100000
	pigment { color rgbt <1,0,0,0> }
	no_shadow
}
sphere {
	0, 1
	scale<0.080000,0.200000,0.300000>
	matrix <0.453186, 0.158962, -0.877128,
		-0.054607, 0.987074, 0.150674,
		0.889742, -0.020386, 0.456008,
		27.647470, 36.117687, 34.115215>
	pigment { color rgbt <0,1,1,0> }
	no_shadow
}
cylinder {
	<27.403814, 36.801273, 33.750763>,  <27.024652, 36.131958, 33.796009>, 0.130000
	pigment { color rgbt <1,0,0,0> }
	no_shadow
}

// nucleotide -1

// particle -1
sphere {
	<27.403814, 36.801273, 33.750763> 0.250000
	pigment { color rgbt <1,0,0,0> }
	no_shadow
}
cylinder {
	<27.650747, 36.488983, 33.789471>,  <27.798906, 36.301609, 33.812695>, 0.100000
	pigment { color rgbt <1,0,0,0> }
	no_shadow
}
cylinder {
	<27.650747, 36.488983, 33.789471>,  <27.403814, 36.801273, 33.750763>, 0.100000
	pigment { color rgbt <1,0,0,0> }
	no_shadow
}

// particle -1
sphere {
	<27.650747, 36.488983, 33.789471> 0.100000
	pigment { color rgbt <1,0,0,0> }
	no_shadow
}
sphere {
	0, 1
	scale<0.080000,0.200000,0.300000>
	matrix <0.450556, 0.250033, -0.857020,
		0.644905, 0.572665, 0.506115,
		0.617331, -0.780729, 0.096770,
		27.835947, 36.254765, 33.818501>
	pigment { color rgbt <0,1,1,0> }
	no_shadow
}
cylinder {
	<28.102261, 36.993145, 33.557293>,  <27.403814, 36.801273, 33.750763>, 0.130000
	pigment { color rgbt <1,0,0,0> }
	no_shadow
}

// nucleotide -1

// particle -1
sphere {
	<28.102261, 36.993145, 33.557293> 0.250000
	pigment { color rgbt <1,0,0,0> }
	no_shadow
}
cylinder {
	<28.112360, 36.595757, 33.512794>,  <28.118420, 36.357323, 33.486095>, 0.100000
	pigment { color rgbt <1,0,0,0> }
	no_shadow
}
cylinder {
	<28.112360, 36.595757, 33.512794>,  <28.102261, 36.993145, 33.557293>, 0.100000
	pigment { color rgbt <1,0,0,0> }
	no_shadow
}

// particle -1
sphere {
	<28.112360, 36.595757, 33.512794> 0.100000
	pigment { color rgbt <1,0,0,0> }
	no_shadow
}
sphere {
	0, 1
	scale<0.080000,0.200000,0.300000>
	matrix <0.291173, 0.113763, -0.949882,
		0.956337, -0.008410, 0.292144,
		0.025247, -0.993472, -0.111244,
		28.119934, 36.297714, 33.479420>
	pigment { color rgbt <0,1,1,0> }
	no_shadow
}
cylinder {
	<28.615496, 36.973995, 33.039093>,  <28.102261, 36.993145, 33.557293>, 0.130000
	pigment { color rgbt <1,0,0,0> }
	no_shadow
}

// nucleotide -1

// particle -1
sphere {
	<28.615496, 36.973995, 33.039093> 0.250000
	pigment { color rgbt <1,0,0,0> }
	no_shadow
}
cylinder {
	<28.448509, 36.611195, 33.061230>,  <28.348316, 36.393513, 33.074512>, 0.100000
	pigment { color rgbt <1,0,0,0> }
	no_shadow
}
cylinder {
	<28.448509, 36.611195, 33.061230>,  <28.615496, 36.973995, 33.039093>, 0.100000
	pigment { color rgbt <1,0,0,0> }
	no_shadow
}

// particle -1
sphere {
	<28.448509, 36.611195, 33.061230> 0.100000
	pigment { color rgbt <1,0,0,0> }
	no_shadow
}
sphere {
	0, 1
	scale<0.080000,0.200000,0.300000>
	matrix <0.157410, -0.132169, -0.978649,
		0.894954, -0.399842, 0.197948,
		-0.417467, -0.907005, 0.055346,
		28.323269, 36.339092, 33.077835>
	pigment { color rgbt <0,1,1,0> }
	no_shadow
}
cylinder {
	<28.993065, 36.533951, 32.624119>,  <28.615496, 36.973995, 33.039093>, 0.130000
	pigment { color rgbt <1,0,0,0> }
	no_shadow
}

// nucleotide -1

// particle -1
sphere {
	<28.993065, 36.533951, 32.624119> 0.250000
	pigment { color rgbt <1,0,0,0> }
	no_shadow
}
cylinder {
	<28.643377, 36.339752, 32.621708>,  <28.433565, 36.223232, 32.620262>, 0.100000
	pigment { color rgbt <1,0,0,0> }
	no_shadow
}
cylinder {
	<28.643377, 36.339752, 32.621708>,  <28.993065, 36.533951, 32.624119>, 0.100000
	pigment { color rgbt <1,0,0,0> }
	no_shadow
}

// particle -1
sphere {
	<28.643377, 36.339752, 32.621708> 0.100000
	pigment { color rgbt <1,0,0,0> }
	no_shadow
}
sphere {
	0, 1
	scale<0.080000,0.200000,0.300000>
	matrix <0.170249, -0.294889, -0.940242,
		0.454703, -0.823005, 0.340453,
		-0.874220, -0.485492, -0.006029,
		28.381111, 36.194103, 32.619900>
	pigment { color rgbt <0,1,1,0> }
	no_shadow
}
cylinder {
	<29.068430, 35.922024, 32.389431>,  <28.993065, 36.533951, 32.624119>, 0.130000
	pigment { color rgbt <1,0,0,0> }
	no_shadow
}

// nucleotide -1

// particle -1
sphere {
	<29.068430, 35.922024, 32.389431> 0.250000
	pigment { color rgbt <1,0,0,0> }
	no_shadow
}
cylinder {
	<28.674883, 35.965237, 32.332390>,  <28.438755, 35.991165, 32.298164>, 0.100000
	pigment { color rgbt <1,0,0,0> }
	no_shadow
}
cylinder {
	<28.674883, 35.965237, 32.332390>,  <29.068430, 35.922024, 32.389431>, 0.100000
	pigment { color rgbt <1,0,0,0> }
	no_shadow
}

// particle -1
sphere {
	<28.674883, 35.965237, 32.332390> 0.100000
	pigment { color rgbt <1,0,0,0> }
	no_shadow
}
sphere {
	0, 1
	scale<0.080000,0.200000,0.300000>
	matrix <0.121259, -0.183369, -0.975537,
		-0.131533, -0.977091, 0.167311,
		-0.983868, 0.108027, -0.142600,
		28.379723, 35.997646, 32.289608>
	pigment { color rgbt <0,1,1,0> }
	no_shadow
}
cylinder {
	<28.903788, 35.409737, 31.977211>,  <29.068430, 35.922024, 32.389431>, 0.130000
	pigment { color rgbt <1,0,0,0> }
	no_shadow
}

// nucleotide -1

// particle -1
sphere {
	<28.903788, 35.409737, 31.977211> 0.250000
	pigment { color rgbt <1,0,0,0> }
	no_shadow
}
cylinder {
	<28.593067, 35.657471, 31.931595>,  <28.406635, 35.806110, 31.904224>, 0.100000
	pigment { color rgbt <1,0,0,0> }
	no_shadow
}
cylinder {
	<28.593067, 35.657471, 31.931595>,  <28.903788, 35.409737, 31.977211>, 0.100000
	pigment { color rgbt <1,0,0,0> }
	no_shadow
}

// particle -1
sphere {
	<28.593067, 35.657471, 31.931595> 0.100000
	pigment { color rgbt <1,0,0,0> }
	no_shadow
}
sphere {
	0, 1
	scale<0.080000,0.200000,0.300000>
	matrix <0.022334, -0.153882, -0.987837,
		-0.629349, -0.769901, 0.105704,
		-0.776802, 0.619333, -0.114040,
		28.360027, 35.843269, 31.897383>
	pigment { color rgbt <0,1,1,0> }
	no_shadow
}
cylinder {
	<28.458357, 35.030365, 31.591024>,  <28.903788, 35.409737, 31.977211>, 0.130000
	pigment { color rgbt <1,0,0,0> }
	no_shadow
}

// nucleotide -1

// particle -1
sphere {
	<28.458357, 35.030365, 31.591024> 0.250000
	pigment { color rgbt <1,0,0,0> }
	no_shadow
}
cylinder {
	<28.354177, 35.412163, 31.532902>,  <28.291670, 35.641239, 31.498028>, 0.100000
	pigment { color rgbt <1,0,0,0> }
	no_shadow
}
cylinder {
	<28.354177, 35.412163, 31.532902>,  <28.458357, 35.030365, 31.591024>, 0.100000
	pigment { color rgbt <1,0,0,0> }
	no_shadow
}

// particle -1
sphere {
	<28.354177, 35.412163, 31.532902> 0.100000
	pigment { color rgbt <1,0,0,0> }
	no_shadow
}
sphere {
	0, 1
	scale<0.080000,0.200000,0.300000>
	matrix <-0.026265, -0.157451, -0.987178,
		-0.965131, -0.253292, 0.066078,
		-0.260448, 0.954491, -0.145308,
		28.276043, 35.698509, 31.489309>
	pigment { color rgbt <0,1,1,0> }
	no_shadow
}
cylinder {
	<28.194258, 35.046642, 30.927910>,  <28.458357, 35.030365, 31.591024>, 0.130000
	pigment { color rgbt <1,0,0,0> }
	no_shadow
}

// nucleotide -1

// particle -1
sphere {
	<28.194258, 35.046642, 30.927910> 0.250000
	pigment { color rgbt <1,0,0,0> }
	no_shadow
}
cylinder {
	<28.265844, 35.434235, 30.996073>,  <28.308796, 35.666790, 31.036970>, 0.100000
	pigment { color rgbt <1,0,0,0> }
	no_shadow
}
cylinder {
	<28.265844, 35.434235, 30.996073>,  <28.194258, 35.046642, 30.927910>, 0.100000
	pigment { color rgbt <1,0,0,0> }
	no_shadow
}

// particle -1
sphere {
	<28.265844, 35.434235, 30.996073> 0.100000
	pigment { color rgbt <1,0,0,0> }
	no_shadow
}
sphere {
	0, 1
	scale<0.080000,0.200000,0.300000>
	matrix <-0.053180, 0.182476, -0.981771,
		-0.982417, 0.166642, 0.084187,
		0.178966, 0.968985, 0.170406,
		28.319534, 35.724930, 31.047195>
	pigment { color rgbt <0,1,1,0> }
	no_shadow
}
cylinder {
	<27.698631, 35.399403, 30.430923>,  <28.194258, 35.046642, 30.927910>, 0.130000
	pigment { color rgbt <1,0,0,0> }
	no_shadow
}

// nucleotide -1

// particle -1
sphere {
	<27.698631, 35.399403, 30.430923> 0.250000
	pigment { color rgbt <1,0,0,0> }
	no_shadow
}
cylinder {
	<27.972094, 35.681572, 30.505749>,  <28.136171, 35.850876, 30.550644>, 0.100000
	pigment { color rgbt <1,0,0,0> }
	no_shadow
}
cylinder {
	<27.972094, 35.681572, 30.505749>,  <27.698631, 35.399403, 30.430923>, 0.100000
	pigment { color rgbt <1,0,0,0> }
	no_shadow
}

// particle -1
sphere {
	<27.972094, 35.681572, 30.505749> 0.100000
	pigment { color rgbt <1,0,0,0> }
	no_shadow
}
sphere {
	0, 1
	scale<0.080000,0.200000,0.300000>
	matrix <0.125489, 0.138872, -0.982327,
		-0.718936, 0.695047, 0.006417,
		0.683654, 0.705425, 0.187061,
		28.177191, 35.893200, 30.561867>
	pigment { color rgbt <0,1,1,0> }
	no_shadow
}
cylinder {
	<27.556332, 35.902534, 29.983763>,  <27.698631, 35.399403, 30.430923>, 0.130000
	pigment { color rgbt <1,0,0,0> }
	no_shadow
}

// nucleotide -1

// particle -1
sphere {
	<27.556332, 35.902534, 29.983763> 0.250000
	pigment { color rgbt <1,0,0,0> }
	no_shadow
}
cylinder {
	<27.936480, 35.963226, 30.092409>,  <28.164568, 35.999641, 30.157597>, 0.100000
	pigment { color rgbt <1,0,0,0> }
	no_shadow
}
cylinder {
	<27.936480, 35.963226, 30.092409>,  <27.556332, 35.902534, 29.983763>, 0.100000
	pigment { color rgbt <1,0,0,0> }
	no_shadow
}

// particle -1
sphere {
	<27.936480, 35.963226, 30.092409> 0.100000
	pigment { color rgbt <1,0,0,0> }
	no_shadow
}
sphere {
	0, 1
	scale<0.080000,0.200000,0.300000>
	matrix <0.287029, -0.090715, -0.953617,
		-0.120050, 0.984251, -0.129763,
		0.950370, 0.151727, 0.271618,
		28.221590, 36.008743, 30.173895>
	pigment { color rgbt <0,1,1,0> }
	no_shadow
}
cylinder {
	<27.844395, 36.223099, 29.417313>,  <27.556332, 35.902534, 29.983763>, 0.130000
	pigment { color rgbt <1,0,0,0> }
	no_shadow
}

// nucleotide -1

// particle -1
sphere {
	<27.844395, 36.223099, 29.417313> 0.250000
	pigment { color rgbt <1,0,0,0> }
	no_shadow
}
cylinder {
	<28.181484, 36.127747, 29.610390>,  <28.383738, 36.070534, 29.726236>, 0.100000
	pigment { color rgbt <1,0,0,0> }
	no_shadow
}
cylinder {
	<28.181484, 36.127747, 29.610390>,  <27.844395, 36.223099, 29.417313>, 0.100000
	pigment { color rgbt <1,0,0,0> }
	no_shadow
}

// particle -1
sphere {
	<28.181484, 36.127747, 29.610390> 0.100000
	pigment { color rgbt <1,0,0,0> }
	no_shadow
}
sphere {
	0, 1
	scale<0.080000,0.200000,0.300000>
	matrix <0.512394, 0.080125, -0.855004,
		0.165139, 0.967861, 0.189667,
		0.842723, -0.238379, 0.482695,
		28.434301, 36.056232, 29.755198>
	pigment { color rgbt <0,1,1,0> }
	no_shadow
}
cylinder {
	<28.332479, 36.762371, 29.339094>,  <27.844395, 36.223099, 29.417313>, 0.130000
	pigment { color rgbt <1,0,0,0> }
	no_shadow
}

// nucleotide -1

// particle -1
sphere {
	<28.332479, 36.762371, 29.339094> 0.250000
	pigment { color rgbt <1,0,0,0> }
	no_shadow
}
cylinder {
	<28.532934, 36.423920, 29.411680>,  <28.653208, 36.220848, 29.455231>, 0.100000
	pigment { color rgbt <1,0,0,0> }
	no_shadow
}
cylinder {
	<28.532934, 36.423920, 29.411680>,  <28.332479, 36.762371, 29.339094>, 0.100000
	pigment { color rgbt <1,0,0,0> }
	no_shadow
}

// particle -1
sphere {
	<28.532934, 36.423920, 29.411680> 0.100000
	pigment { color rgbt <1,0,0,0> }
	no_shadow
}
sphere {
	0, 1
	scale<0.080000,0.200000,0.300000>
	matrix <0.547998, 0.148000, -0.823282,
		0.669746, 0.512019, 0.537845,
		0.501137, -0.846128, 0.181463,
		28.683275, 36.170082, 29.466120>
	pigment { color rgbt <0,1,1,0> }
	no_shadow
}
cylinder {
	<29.144745, 37.057903, 29.317860>,  <28.332479, 36.762371, 29.339094>, 0.130000
	pigment { color rgbt <1,0,0,0> }
	no_shadow
}

// nucleotide -1

// particle -1
sphere {
	<29.144745, 37.057903, 29.317860> 0.250000
	pigment { color rgbt <1,0,0,0> }
	no_shadow
}
cylinder {
	<29.121344, 36.660934, 29.274628>,  <29.107304, 36.422752, 29.248688>, 0.100000
	pigment { color rgbt <1,0,0,0> }
	no_shadow
}
cylinder {
	<29.121344, 36.660934, 29.274628>,  <29.144745, 37.057903, 29.317860>, 0.100000
	pigment { color rgbt <1,0,0,0> }
	no_shadow
}

// particle -1
sphere {
	<29.121344, 36.660934, 29.274628> 0.100000
	pigment { color rgbt <1,0,0,0> }
	no_shadow
}
sphere {
	0, 1
	scale<0.080000,0.200000,0.300000>
	matrix <0.620216, 0.048704, -0.782918,
		0.782247, -0.112836, 0.612665,
		-0.058502, -0.992419, -0.108081,
		29.103792, 36.363209, 29.242203>
	pigment { color rgbt <0,1,1,0> }
	no_shadow
}
cylinder {
	<29.793428, 36.816753, 29.111929>,  <29.144745, 37.057903, 29.317860>, 0.130000
	pigment { color rgbt <1,0,0,0> }
	no_shadow
}

// nucleotide -1

// particle -1
sphere {
	<29.793428, 36.816753, 29.111929> 0.250000
	pigment { color rgbt <1,0,0,0> }
	no_shadow
}
cylinder {
	<29.572519, 36.503090, 28.998728>,  <29.439974, 36.314892, 28.930807>, 0.100000
	pigment { color rgbt <1,0,0,0> }
	no_shadow
}
cylinder {
	<29.572519, 36.503090, 28.998728>,  <29.793428, 36.816753, 29.111929>, 0.100000
	pigment { color rgbt <1,0,0,0> }
	no_shadow
}

// particle -1
sphere {
	<29.572519, 36.503090, 28.998728> 0.100000
	pigment { color rgbt <1,0,0,0> }
	no_shadow
}
sphere {
	0, 1
	scale<0.080000,0.200000,0.300000>
	matrix <0.570709, -0.108171, -0.813997,
		0.607691, -0.611058, 0.507267,
		-0.552270, -0.784160, -0.283001,
		29.406837, 36.267841, 28.913828>
	pigment { color rgbt <0,1,1,0> }
	no_shadow
}
cylinder {
	<30.285465, 36.268246, 29.015369>,  <29.793428, 36.816753, 29.111929>, 0.130000
	pigment { color rgbt <1,0,0,0> }
	no_shadow
}

// nucleotide -1

// particle -1
sphere {
	<30.285465, 36.268246, 29.015369> 0.250000
	pigment { color rgbt <1,0,0,0> }
	no_shadow
}
cylinder {
	<29.960459, 36.185024, 28.797550>,  <29.765455, 36.135090, 28.666859>, 0.100000
	pigment { color rgbt <1,0,0,0> }
	no_shadow
}
cylinder {
	<29.960459, 36.185024, 28.797550>,  <30.285465, 36.268246, 29.015369>, 0.100000
	pigment { color rgbt <1,0,0,0> }
	no_shadow
}

// particle -1
sphere {
	<29.960459, 36.185024, 28.797550> 0.100000
	pigment { color rgbt <1,0,0,0> }
	no_shadow
}
sphere {
	0, 1
	scale<0.080000,0.200000,0.300000>
	matrix <0.582904, -0.300609, -0.754889,
		-0.006638, -0.930778, 0.365525,
		-0.812514, -0.208055, -0.544549,
		29.716705, 36.122608, 28.634186>
	pigment { color rgbt <0,1,1,0> }
	no_shadow
}
cylinder {
	<30.428616, 35.571014, 28.729969>,  <30.285465, 36.268246, 29.015369>, 0.130000
	pigment { color rgbt <1,0,0,0> }
	no_shadow
}

// nucleotide -1

// particle -1
sphere {
	<30.428616, 35.571014, 28.729969> 0.250000
	pigment { color rgbt <1,0,0,0> }
	no_shadow
}
cylinder {
	<30.120586, 35.680164, 28.499308>,  <29.935770, 35.745655, 28.360910>, 0.100000
	pigment { color rgbt <1,0,0,0> }
	no_shadow
}
cylinder {
	<30.120586, 35.680164, 28.499308>,  <30.428616, 35.571014, 28.729969>, 0.100000
	pigment { color rgbt <1,0,0,0> }
	no_shadow
}

// particle -1
sphere {
	<30.120586, 35.680164, 28.499308> 0.100000
	pigment { color rgbt <1,0,0,0> }
	no_shadow
}
sphere {
	0, 1
	scale<0.080000,0.200000,0.300000>
	matrix <0.501232, -0.300399, -0.811497,
		-0.394662, -0.913948, 0.094556,
		-0.770070, 0.272872, -0.576656,
		29.889565, 35.762024, 28.326311>
	pigment { color rgbt <0,1,1,0> }
	no_shadow
}
cylinder {
	<30.334011, 34.963474, 28.244507>,  <30.428616, 35.571014, 28.729969>, 0.130000
	pigment { color rgbt <1,0,0,0> }
	no_shadow
}

// nucleotide -1

// particle -1
sphere {
	<30.334011, 34.963474, 28.244507> 0.250000
	pigment { color rgbt <1,0,0,0> }
	no_shadow
}
cylinder {
	<30.143311, 35.276081, 28.083542>,  <30.028891, 35.463646, 27.986963>, 0.100000
	pigment { color rgbt <1,0,0,0> }
	no_shadow
}
cylinder {
	<30.143311, 35.276081, 28.083542>,  <30.334011, 34.963474, 28.244507>, 0.100000
	pigment { color rgbt <1,0,0,0> }
	no_shadow
}

// particle -1
sphere {
	<30.143311, 35.276081, 28.083542> 0.100000
	pigment { color rgbt <1,0,0,0> }
	no_shadow
}
sphere {
	0, 1
	scale<0.080000,0.200000,0.300000>
	matrix <0.264463, -0.309057, -0.913534,
		-0.838311, -0.541953, -0.059339,
		-0.476754, 0.781518, -0.402412,
		30.000284, 35.510536, 27.962818>
	pigment { color rgbt <0,1,1,0> }
	no_shadow
}
cylinder {
	<30.044409, 34.737225, 27.688116>,  <30.334011, 34.963474, 28.244507>, 0.130000
	pigment { color rgbt <1,0,0,0> }
	no_shadow
}

// nucleotide -1

// particle -1
sphere {
	<30.044409, 34.737225, 27.688116> 0.250000
	pigment { color rgbt <1,0,0,0> }
	no_shadow
}
cylinder {
	<30.058868, 35.131130, 27.620068>,  <30.067543, 35.367474, 27.579239>, 0.100000
	pigment { color rgbt <1,0,0,0> }
	no_shadow
}
cylinder {
	<30.058868, 35.131130, 27.620068>,  <30.044409, 34.737225, 27.688116>, 0.100000
	pigment { color rgbt <1,0,0,0> }
	no_shadow
}

// particle -1
sphere {
	<30.058868, 35.131130, 27.620068> 0.100000
	pigment { color rgbt <1,0,0,0> }
	no_shadow
}
sphere {
	0, 1
	scale<0.080000,0.200000,0.300000>
	matrix <0.151813, -0.173666, -0.973033,
		-0.987748, 0.009347, -0.155777,
		0.036148, 0.984760, -0.170119,
		30.069714, 35.426559, 27.569033>
	pigment { color rgbt <0,1,1,0> }
	no_shadow
}
cylinder {
	<29.504911, 35.057735, 27.195276>,  <30.044409, 34.737225, 27.688116>, 0.130000
	pigment { color rgbt <1,0,0,0> }
	no_shadow
}

// nucleotide -1

// particle -1
sphere {
	<29.504911, 35.057735, 27.195276> 0.250000
	pigment { color rgbt <1,0,0,0> }
	no_shadow
}
cylinder {
	<29.859200, 35.243267, 27.187632>,  <30.071772, 35.354588, 27.183044>, 0.100000
	pigment { color rgbt <1,0,0,0> }
	no_shadow
}
cylinder {
	<29.859200, 35.243267, 27.187632>,  <29.504911, 35.057735, 27.195276>, 0.100000
	pigment { color rgbt <1,0,0,0> }
	no_shadow
}

// particle -1
sphere {
	<29.859200, 35.243267, 27.187632> 0.100000
	pigment { color rgbt <1,0,0,0> }
	no_shadow
}
sphere {
	0, 1
	scale<0.080000,0.200000,0.300000>
	matrix <0.138929, -0.304131, -0.942446,
		-0.442946, 0.832086, -0.333813,
		0.885719, 0.463829, -0.019113,
		30.124916, 35.382416, 27.181898>
	pigment { color rgbt <0,1,1,0> }
	no_shadow
}
cylinder {
	<29.563341, 35.503544, 26.589764>,  <29.504911, 35.057735, 27.195276>, 0.130000
	pigment { color rgbt <1,0,0,0> }
	no_shadow
}

// nucleotide -1

// particle -1
sphere {
	<29.563341, 35.503544, 26.589764> 0.250000
	pigment { color rgbt <1,0,0,0> }
	no_shadow
}
cylinder {
	<29.897713, 35.323738, 26.715725>,  <30.098335, 35.215855, 26.791302>, 0.100000
	pigment { color rgbt <1,0,0,0> }
	no_shadow
}
cylinder {
	<29.897713, 35.323738, 26.715725>,  <29.563341, 35.503544, 26.589764>, 0.100000
	pigment { color rgbt <1,0,0,0> }
	no_shadow
}

// particle -1
sphere {
	<29.897713, 35.323738, 26.715725> 0.100000
	pigment { color rgbt <1,0,0,0> }
	no_shadow
}
sphere {
	0, 1
	scale<0.080000,0.200000,0.300000>
	matrix <0.116785, -0.414936, -0.902324,
		0.536272, 0.791053, -0.294360,
		0.835927, -0.449515, 0.314902,
		30.148491, 35.188885, 26.810196>
	pigment { color rgbt <0,1,1,0> }
	no_shadow
}
cylinder {
	<30.077496, 35.613895, 26.122997>,  <29.563341, 35.503544, 26.589764>, 0.130000
	pigment { color rgbt <1,0,0,0> }
	no_shadow
}

// nucleotide -1

// particle -1
sphere {
	<30.077496, 35.613895, 26.122997> 0.250000
	pigment { color rgbt <1,0,0,0> }
	no_shadow
}
cylinder {
	<30.061962, 35.261299, 26.311235>,  <30.052643, 35.049740, 26.424177>, 0.100000
	pigment { color rgbt <1,0,0,0> }
	no_shadow
}
cylinder {
	<30.061962, 35.261299, 26.311235>,  <30.077496, 35.613895, 26.122997>, 0.100000
	pigment { color rgbt <1,0,0,0> }
	no_shadow
}

// particle -1
sphere {
	<30.061962, 35.261299, 26.311235> 0.100000
	pigment { color rgbt <1,0,0,0> }
	no_shadow
}
sphere {
	0, 1
	scale<0.080000,0.200000,0.300000>
	matrix <0.060324, -0.472158, -0.879448,
		0.997423, -0.005764, 0.071511,
		-0.038834, -0.881495, 0.470593,
		30.050312, 34.996849, 26.452414>
	pigment { color rgbt <0,1,1,0> }
	no_shadow
}
cylinder {
	<29.805523, 34.931545, 25.993179>,  <30.077496, 35.613895, 26.122997>, 0.130000
	pigment { color rgbt <1,0,0,0> }
	no_shadow
}

// nucleotide -1

// particle -1
sphere {
	<29.805523, 34.931545, 25.993179> 0.250000
	pigment { color rgbt <1,0,0,0> }
	no_shadow
}
cylinder {
	<30.170885, 35.093410, 26.010782>,  <30.390102, 35.190529, 26.021343>, 0.100000
	pigment { color rgbt <1,0,0,0> }
	no_shadow
}
cylinder {
	<30.170885, 35.093410, 26.010782>,  <29.805523, 34.931545, 25.993179>, 0.100000
	pigment { color rgbt <1,0,0,0> }
	no_shadow
}

// particle -1
sphere {
	<30.170885, 35.093410, 26.010782> 0.100000
	pigment { color rgbt <1,0,0,0> }
	no_shadow
}
sphere {
	0, 1
	scale<0.080000,0.200000,0.300000>
	matrix <0.334974, -0.808695, 0.483533,
		0.231256, -0.426921, -0.874219,
		0.913408, 0.404660, 0.044008,
		30.444908, 35.214809, 26.023985>
	pigment { color rgbt <0,1,1,0> }
	no_shadow
}
cylinder {
	<30.351639, 34.496490, 25.686127>,  <29.805523, 34.931545, 25.993179>, 0.130000
	pigment { color rgbt <1,0,0,0> }
	no_shadow
}

// nucleotide -1

// particle -1
sphere {
	<30.351639, 34.496490, 25.686127> 0.250000
	pigment { color rgbt <1,0,0,0> }
	no_shadow
}
cylinder {
	<30.534786, 34.738262, 25.946903>,  <30.644674, 34.883324, 26.103369>, 0.100000
	pigment { color rgbt <1,0,0,0> }
	no_shadow
}
cylinder {
	<30.534786, 34.738262, 25.946903>,  <30.351639, 34.496490, 25.686127>, 0.100000
	pigment { color rgbt <1,0,0,0> }
	no_shadow
}

// particle -1
sphere {
	<30.534786, 34.738262, 25.946903> 0.100000
	pigment { color rgbt <1,0,0,0> }
	no_shadow
}
sphere {
	0, 1
	scale<0.080000,0.200000,0.300000>
	matrix <0.315430, -0.796063, 0.516515,
		0.831181, -0.030854, -0.555146,
		0.457867, 0.604427, 0.651940,
		30.672146, 34.919590, 26.142485>
	pigment { color rgbt <0,1,1,0> }
	no_shadow
}
cylinder {
	<31.029217, 34.337543, 25.734823>,  <30.351639, 34.496490, 25.686127>, 0.130000
	pigment { color rgbt <1,0,0,0> }
	no_shadow
}

// nucleotide -1

// particle -1
sphere {
	<31.029217, 34.337543, 25.734823> 0.250000
	pigment { color rgbt <1,0,0,0> }
	no_shadow
}
cylinder {
	<30.941654, 34.510014, 26.084948>,  <30.889116, 34.613495, 26.295023>, 0.100000
	pigment { color rgbt <1,0,0,0> }
	no_shadow
}
cylinder {
	<30.941654, 34.510014, 26.084948>,  <31.029217, 34.337543, 25.734823>, 0.100000
	pigment { color rgbt <1,0,0,0> }
	no_shadow
}

// particle -1
sphere {
	<30.941654, 34.510014, 26.084948> 0.100000
	pigment { color rgbt <1,0,0,0> }
	no_shadow
}
sphere {
	0, 1
	scale<0.080000,0.200000,0.300000>
	matrix <0.474368, -0.736895, 0.481624,
		0.852675, 0.520650, -0.043225,
		-0.218905, 0.431173, 0.875312,
		30.875982, 34.639366, 26.347542>
	pigment { color rgbt <0,1,1,0> }
	no_shadow
}
cylinder {
	<31.611618, 34.141796, 26.071711>,  <31.029217, 34.337543, 25.734823>, 0.130000
	pigment { color rgbt <1,0,0,0> }
	no_shadow
}

// nucleotide -1

// particle -1
sphere {
	<31.611618, 34.141796, 26.071711> 0.250000
	pigment { color rgbt <1,0,0,0> }
	no_shadow
}
cylinder {
	<31.339355, 34.252777, 26.342924>,  <31.175999, 34.319366, 26.505651>, 0.100000
	pigment { color rgbt <1,0,0,0> }
	no_shadow
}
cylinder {
	<31.339355, 34.252777, 26.342924>,  <31.611618, 34.141796, 26.071711>, 0.100000
	pigment { color rgbt <1,0,0,0> }
	no_shadow
}

// particle -1
sphere {
	<31.339355, 34.252777, 26.342924> 0.100000
	pigment { color rgbt <1,0,0,0> }
	no_shadow
}
sphere {
	0, 1
	scale<0.080000,0.200000,0.300000>
	matrix <0.342025, -0.698107, 0.629020,
		0.647864, 0.660049, 0.380272,
		-0.680655, 0.277456, 0.678032,
		31.135159, 34.336014, 26.546333>
	pigment { color rgbt <0,1,1,0> }
	no_shadow
}
cylinder {
	<31.910835, 34.512772, 26.730616>,  <31.611618, 34.141796, 26.071711>, 0.130000
	pigment { color rgbt <1,0,0,0> }
	no_shadow
}

// nucleotide -1

// particle -1
sphere {
	<31.910835, 34.512772, 26.730616> 0.250000
	pigment { color rgbt <1,0,0,0> }
	no_shadow
}
cylinder {
	<31.578960, 34.290218, 26.748734>,  <31.379835, 34.156685, 26.759604>, 0.100000
	pigment { color rgbt <1,0,0,0> }
	no_shadow
}
cylinder {
	<31.578960, 34.290218, 26.748734>,  <31.910835, 34.512772, 26.730616>, 0.100000
	pigment { color rgbt <1,0,0,0> }
	no_shadow
}

// particle -1
sphere {
	<31.578960, 34.290218, 26.748734> 0.100000
	pigment { color rgbt <1,0,0,0> }
	no_shadow
}
sphere {
	0, 1
	scale<0.080000,0.200000,0.300000>
	matrix <0.437001, -0.596879, 0.672878,
		-0.347346, 0.578072, 0.738365,
		-0.829687, -0.556388, 0.045295,
		31.330053, 34.123302, 26.762321>
	pigment { color rgbt <0,1,1,0> }
	no_shadow
}
cylinder {
	<32.556046, 34.178272, 26.841454>,  <31.910835, 34.512772, 26.730616>, 0.130000
	pigment { color rgbt <1,0,0,0> }
	no_shadow
}

// nucleotide -1

// particle -1
sphere {
	<32.556046, 34.178272, 26.841454> 0.250000
	pigment { color rgbt <1,0,0,0> }
	no_shadow
}
cylinder {
	<32.843307, 34.452972, 26.796515>,  <33.015667, 34.617794, 26.769550>, 0.100000
	pigment { color rgbt <1,0,0,0> }
	no_shadow
}
cylinder {
	<32.843307, 34.452972, 26.796515>,  <32.556046, 34.178272, 26.841454>, 0.100000
	pigment { color rgbt <1,0,0,0> }
	no_shadow
}

// particle -1
sphere {
	<32.843307, 34.452972, 26.796515> 0.100000
	pigment { color rgbt <1,0,0,0> }
	no_shadow
}
sphere {
	0, 1
	scale<0.080000,0.200000,0.300000>
	matrix <0.000713, 0.160720, 0.987000,
		0.695881, -0.708901, 0.114933,
		0.718157, 0.686752, -0.112347,
		33.058754, 34.658997, 26.762810>
	pigment { color rgbt <0,1,1,0> }
	no_shadow
}
cylinder {
	<33.083504, 33.940590, 27.143738>,  <32.556046, 34.178272, 26.841454>, 0.130000
	pigment { color rgbt <1,0,0,0> }
	no_shadow
}

// nucleotide -1

// particle -1
sphere {
	<33.083504, 33.940590, 27.143738> 0.250000
	pigment { color rgbt <1,0,0,0> }
	no_shadow
}
cylinder {
	<33.082706, 34.340527, 27.150845>,  <33.082230, 34.580490, 27.155109>, 0.100000
	pigment { color rgbt <1,0,0,0> }
	no_shadow
}
cylinder {
	<33.082706, 34.340527, 27.150845>,  <33.083504, 33.940590, 27.143738>, 0.100000
	pigment { color rgbt <1,0,0,0> }
	no_shadow
}

// particle -1
sphere {
	<33.082706, 34.340527, 27.150845> 0.100000
	pigment { color rgbt <1,0,0,0> }
	no_shadow
}
sphere {
	0, 1
	scale<0.080000,0.200000,0.300000>
	matrix <-0.003226, -0.017775, 0.999837,
		0.999993, 0.001935, 0.003261,
		-0.001993, 0.999840, 0.017769,
		33.082108, 34.640480, 27.156176>
	pigment { color rgbt <0,1,1,0> }
	no_shadow
}
cylinder {
	<33.622849, 34.319283, 27.598118>,  <33.083504, 33.940590, 27.143738>, 0.130000
	pigment { color rgbt <1,0,0,0> }
	no_shadow
}

// nucleotide -1

// particle -1
sphere {
	<33.622849, 34.319283, 27.598118> 0.250000
	pigment { color rgbt <1,0,0,0> }
	no_shadow
}
cylinder {
	<33.274883, 34.516487, 27.603657>,  <33.066105, 34.634808, 27.606981>, 0.100000
	pigment { color rgbt <1,0,0,0> }
	no_shadow
}
cylinder {
	<33.274883, 34.516487, 27.603657>,  <33.622849, 34.319283, 27.598118>, 0.100000
	pigment { color rgbt <1,0,0,0> }
	no_shadow
}

// particle -1
sphere {
	<33.274883, 34.516487, 27.603657> 0.100000
	pigment { color rgbt <1,0,0,0> }
	no_shadow
}
sphere {
	0, 1
	scale<0.080000,0.200000,0.300000>
	matrix <-0.127034, -0.251107, 0.959587,
		0.476562, 0.833000, 0.281070,
		-0.869914, 0.493009, 0.013848,
		33.013908, 34.664391, 27.607811>
	pigment { color rgbt <0,1,1,0> }
	no_shadow
}
cylinder {
	<33.365601, 34.253662, 28.214266>,  <33.622849, 34.319283, 27.598118>, 0.130000
	pigment { color rgbt <1,0,0,0> }
	no_shadow
}

// nucleotide -1

// particle -1
sphere {
	<33.365601, 34.253662, 28.214266> 0.250000
	pigment { color rgbt <1,0,0,0> }
	no_shadow
}
cylinder {
	<33.070698, 34.491409, 28.085775>,  <32.893757, 34.634056, 28.008680>, 0.100000
	pigment { color rgbt <1,0,0,0> }
	no_shadow
}
cylinder {
	<33.070698, 34.491409, 28.085775>,  <33.365601, 34.253662, 28.214266>, 0.100000
	pigment { color rgbt <1,0,0,0> }
	no_shadow
}

// particle -1
sphere {
	<33.070698, 34.491409, 28.085775> 0.100000
	pigment { color rgbt <1,0,0,0> }
	no_shadow
}
sphere {
	0, 1
	scale<0.080000,0.200000,0.300000>
	matrix <-0.424311, -0.037344, 0.904746,
		0.525755, 0.803327, 0.279728,
		-0.737253, 0.594366, -0.321227,
		32.849522, 34.669720, 27.989407>
	pigment { color rgbt <0,1,1,0> }
	no_shadow
}
cylinder {
	<33.193665, 34.703568, 28.770718>,  <33.365601, 34.253662, 28.214266>, 0.130000
	pigment { color rgbt <1,0,0,0> }
	no_shadow
}

// nucleotide -1

// particle -1
sphere {
	<33.193665, 34.703568, 28.770718> 0.250000
	pigment { color rgbt <1,0,0,0> }
	no_shadow
}
cylinder {
	<32.851978, 34.731022, 28.564569>,  <32.646965, 34.747494, 28.440880>, 0.100000
	pigment { color rgbt <1,0,0,0> }
	no_shadow
}
cylinder {
	<32.851978, 34.731022, 28.564569>,  <33.193665, 34.703568, 28.770718>, 0.100000
	pigment { color rgbt <1,0,0,0> }
	no_shadow
}

// particle -1
sphere {
	<32.851978, 34.731022, 28.564569> 0.100000
	pigment { color rgbt <1,0,0,0> }
	no_shadow
}
sphere {
	0, 1
	scale<0.080000,0.200000,0.300000>
	matrix <-0.505650, 0.120979, 0.854214,
		0.120979, 0.990279, -0.068636,
		-0.854214, 0.068636, -0.515371,
		32.595715, 34.751614, 28.409958>
	pigment { color rgbt <0,1,1,0> }
	no_shadow
}
cylinder {
	<32.826866, 35.371696, 29.055248>,  <33.193665, 34.703568, 28.770718>, 0.130000
	pigment { color rgbt <1,0,0,0> }
	no_shadow
}

// nucleotide -1

// particle -1
sphere {
	<32.826866, 35.371696, 29.055248> 0.250000
	pigment { color rgbt <1,0,0,0> }
	no_shadow
}
cylinder {
	<32.543678, 35.151310, 28.878515>,  <32.373768, 35.019077, 28.772476>, 0.100000
	pigment { color rgbt <1,0,0,0> }
	no_shadow
}
cylinder {
	<32.543678, 35.151310, 28.878515>,  <32.826866, 35.371696, 29.055248>, 0.100000
	pigment { color rgbt <1,0,0,0> }
	no_shadow
}

// particle -1
sphere {
	<32.543678, 35.151310, 28.878515> 0.100000
	pigment { color rgbt <1,0,0,0> }
	no_shadow
}
sphere {
	0, 1
	scale<0.080000,0.200000,0.300000>
	matrix <-0.589130, 0.115698, 0.799712,
		-0.389497, 0.826468, -0.406502,
		-0.707968, -0.550967, -0.441833,
		32.331287, 34.986019, 28.745966>
	pigment { color rgbt <0,1,1,0> }
	no_shadow
}
cylinder {
	<32.190479, 35.713825, 29.063042>,  <32.826866, 35.371696, 29.055248>, 0.130000
	pigment { color rgbt <1,0,0,0> }
	no_shadow
}

// nucleotide -1

// particle -1
sphere {
	<32.190479, 35.713825, 29.063042> 0.250000
	pigment { color rgbt <1,0,0,0> }
	no_shadow
}
cylinder {
	<32.124935, 35.319614, 29.045692>,  <32.085609, 35.083088, 29.035284>, 0.100000
	pigment { color rgbt <1,0,0,0> }
	no_shadow
}
cylinder {
	<32.124935, 35.319614, 29.045692>,  <32.190479, 35.713825, 29.063042>, 0.100000
	pigment { color rgbt <1,0,0,0> }
	no_shadow
}

// particle -1
sphere {
	<32.124935, 35.319614, 29.045692> 0.100000
	pigment { color rgbt <1,0,0,0> }
	no_shadow
}
sphere {
	0, 1
	scale<0.080000,0.200000,0.300000>
	matrix <-0.562941, 0.057313, 0.824507,
		-0.810091, 0.159520, -0.564187,
		-0.163861, -0.985530, -0.043372,
		32.075775, 35.023956, 29.032681>
	pigment { color rgbt <0,1,1,0> }
	no_shadow
}
cylinder {
	<31.454386, 35.621513, 29.221235>,  <32.190479, 35.713825, 29.063042>, 0.130000
	pigment { color rgbt <1,0,0,0> }
	no_shadow
}

// nucleotide -1

// particle -1
sphere {
	<31.454386, 35.621513, 29.221235> 0.250000
	pigment { color rgbt <1,0,0,0> }
	no_shadow
}
cylinder {
	<31.618942, 35.257786, 29.246180>,  <31.717676, 35.039547, 29.261147>, 0.100000
	pigment { color rgbt <1,0,0,0> }
	no_shadow
}
cylinder {
	<31.618942, 35.257786, 29.246180>,  <31.454386, 35.621513, 29.221235>, 0.100000
	pigment { color rgbt <1,0,0,0> }
	no_shadow
}

// particle -1
sphere {
	<31.618942, 35.257786, 29.246180> 0.100000
	pigment { color rgbt <1,0,0,0> }
	no_shadow
}
sphere {
	0, 1
	scale<0.080000,0.200000,0.300000>
	matrix <-0.534077, -0.185052, 0.824935,
		-0.738592, -0.372677, -0.561778,
		0.411392, -0.909322, 0.062360,
		31.742359, 34.984989, 29.264887>
	pigment { color rgbt <0,1,1,0> }
	no_shadow
}
cylinder {
	<30.895473, 35.098030, 29.242125>,  <31.454386, 35.621513, 29.221235>, 0.130000
	pigment { color rgbt <1,0,0,0> }
	no_shadow
}

// nucleotide -1

// particle -1
sphere {
	<30.895473, 35.098030, 29.242125> 0.250000
	pigment { color rgbt <1,0,0,0> }
	no_shadow
}
cylinder {
	<31.224205, 34.939938, 29.406265>,  <31.421444, 34.845081, 29.504749>, 0.100000
	pigment { color rgbt <1,0,0,0> }
	no_shadow
}
cylinder {
	<31.224205, 34.939938, 29.406265>,  <30.895473, 35.098030, 29.242125>, 0.100000
	pigment { color rgbt <1,0,0,0> }
	no_shadow
}

// particle -1
sphere {
	<31.224205, 34.939938, 29.406265> 0.100000
	pigment { color rgbt <1,0,0,0> }
	no_shadow
}
sphere {
	0, 1
	scale<0.080000,0.200000,0.300000>
	matrix <-0.404039, 0.103496, 0.908868,
		-0.401682, -0.912733, -0.074632,
		0.821829, -0.395230, 0.410352,
		31.470755, 34.821369, 29.529371>
	pigment { color rgbt <0,1,1,0> }
	no_shadow
}
cylinder {
	<30.615170, 34.755131, 29.807907>,  <30.895473, 35.098030, 29.242125>, 0.130000
	pigment { color rgbt <1,0,0,0> }
	no_shadow
}

// nucleotide -1

// particle -1
sphere {
	<30.615170, 34.755131, 29.807907> 0.250000
	pigment { color rgbt <1,0,0,0> }
	no_shadow
}
cylinder {
	<30.998472, 34.734516, 29.920397>,  <31.228455, 34.722145, 29.987890>, 0.100000
	pigment { color rgbt <1,0,0,0> }
	no_shadow
}
cylinder {
	<30.998472, 34.734516, 29.920397>,  <30.615170, 34.755131, 29.807907>, 0.100000
	pigment { color rgbt <1,0,0,0> }
	no_shadow
}

// particle -1
sphere {
	<30.998472, 34.734516, 29.920397> 0.100000
	pigment { color rgbt <1,0,0,0> }
	no_shadow
}
sphere {
	0, 1
	scale<0.080000,0.200000,0.300000>
	matrix <-0.285402, -0.113829, 0.951624,
		-0.017034, -0.992163, -0.123787,
		0.958256, -0.051539, 0.281226,
		31.285950, 34.719055, 30.004765>
	pigment { color rgbt <0,1,1,0> }
	no_shadow
}
cylinder {
	<30.684217, 34.088867, 30.260633>,  <30.615170, 34.755131, 29.807907>, 0.130000
	pigment { color rgbt <1,0,0,0> }
	no_shadow
}

// nucleotide -1

// particle -1
sphere {
	<30.684217, 34.088867, 30.260633> 0.250000
	pigment { color rgbt <1,0,0,0> }
	no_shadow
}
cylinder {
	<30.990032, 34.336258, 30.333260>,  <31.173521, 34.484692, 30.376835>, 0.100000
	pigment { color rgbt <1,0,0,0> }
	no_shadow
}
cylinder {
	<30.990032, 34.336258, 30.333260>,  <30.684217, 34.088867, 30.260633>, 0.100000
	pigment { color rgbt <1,0,0,0> }
	no_shadow
}

// particle -1
sphere {
	<30.990032, 34.336258, 30.333260> 0.100000
	pigment { color rgbt <1,0,0,0> }
	no_shadow
}
sphere {
	0, 1
	scale<0.080000,0.200000,0.300000>
	matrix <-0.164225, -0.085486, 0.982712,
