// switches for output
#declare DRAW_BASES = 1; // possible values are 0, 1; only relevant for DNA ribbons
#declare DRAW_BASES_TYPE = 3; // possible values are 1, 2, 3; only relevant for DNA ribbons
#declare DRAW_FOG = 0; // set to 1 to enable fog

#include "colors.inc"

#include "transforms.inc"
background { rgb <1, 1, 1>}

#default {
   normal{
       ripples 0.25
       frequency 0.20
       turbulence 0.2
       lambda 5
   }
	finish {
		phong 0.1
		phong_size 40.
	}
}

// original window dimensions: 1024x640


// camera settings

camera {
	sky <0, 0.179814, -0.983701>
	up <0, 0.179814, -0.983701>
	right 1.6 * <1, 0, 0>
	location <35, 94.9851, 44.8844>
	look_at <35, 29.7336, 32.9568>
	direction <0, -65.2515, -11.9276>
	angle 67.0682
}


# declare cpy_camera_pos = <35, 94.9851, 44.8844>;
# if (DRAW_FOG = 1)
fog {
	fog_type 2
	up vnormalize(cpy_camera_pos)
	color rgbt<1,1,1,0.3>
	distance 1e-5
	fog_alt 3e-3
	fog_offset 56
}
# end


// LIGHTS

# declare lum = 6;
global_settings {
	ambient_light rgb lum * <0.05, 0.05, 0.05>
	max_trace_level 15
}# declare cpy_direct_light_amount = 0.25;
light_source
{	1000 * <-1, -1.16352, -0.803886>,
	rgb lum * cpy_direct_light_amount
	parallel
}

light_source
{	1000 * <1, 1.16352, 0.803886>,
	rgb lum * cpy_direct_light_amount
	parallel
}

// strand 0

// nucleotide -1

// particle -1
sphere {
	<24.303970, 34.907578, 34.667339> 0.250000
	pigment { color rgbt <1,0,0,0> }
	no_shadow
}
cylinder {
	<24.305695, 35.179462, 34.960724>,  <24.306730, 35.342594, 35.136757>, 0.100000
	pigment { color rgbt <1,0,0,0> }
	no_shadow
}
cylinder {
	<24.305695, 35.179462, 34.960724>,  <24.303970, 34.907578, 34.667339>, 0.100000
	pigment { color rgbt <1,0,0,0> }
	no_shadow
}

// particle -1
sphere {
	<24.305695, 35.179462, 34.960724> 0.100000
	pigment { color rgbt <1,0,0,0> }
	no_shadow
}
sphere {
	0, 1
	scale<0.080000,0.200000,0.300000>
	matrix <0.785171, 0.451916, -0.423413,
		-0.619264, 0.577721, -0.531743,
		0.004312, 0.679713, 0.733465,
		24.306988, 35.383377, 35.180763>
	pigment { color rgbt <0,1,1,0> }
	no_shadow
}
cylinder {
	<24.224243, 35.600327, 34.401577>,  <24.303970, 34.907578, 34.667339>, 0.130000
	pigment { color rgbt <1,0,0,0> }
	no_shadow
}

// nucleotide -1

// particle -1
sphere {
	<24.224243, 35.600327, 34.401577> 0.250000
	pigment { color rgbt <1,0,0,0> }
	no_shadow
}
cylinder {
	<24.427156, 35.624947, 34.745407>,  <24.548904, 35.639717, 34.951706>, 0.100000
	pigment { color rgbt <1,0,0,0> }
	no_shadow
}
cylinder {
	<24.427156, 35.624947, 34.745407>,  <24.224243, 35.600327, 34.401577>, 0.100000
	pigment { color rgbt <1,0,0,0> }
	no_shadow
}

// particle -1
sphere {
	<24.427156, 35.624947, 34.745407> 0.100000
	pigment { color rgbt <1,0,0,0> }
	no_shadow
}
sphere {
	0, 1
	scale<0.080000,0.200000,0.300000>
	matrix <0.714616, 0.527434, -0.459497,
		-0.481652, 0.847364, 0.223575,
		0.507282, 0.061547, 0.859580,
		24.579342, 35.643410, 35.003281>
	pigment { color rgbt <0,1,1,0> }
	no_shadow
}
cylinder {
	<24.605091, 35.870590, 33.907288>,  <24.224243, 35.600327, 34.401577>, 0.130000
	pigment { color rgbt <1,0,0,0> }
	no_shadow
}

// nucleotide -1

// particle -1
sphere {
	<24.605091, 35.870590, 33.907288> 0.250000
	pigment { color rgbt <1,0,0,0> }
	no_shadow
}
cylinder {
	<24.533485, 35.648529, 33.582386>,  <24.490522, 35.515293, 33.387444>, 0.100000
	pigment { color rgbt <1,0,0,0> }
	no_shadow
}
cylinder {
	<24.533485, 35.648529, 33.582386>,  <24.605091, 35.870590, 33.907288>, 0.100000
	pigment { color rgbt <1,0,0,0> }
	no_shadow
}

// particle -1
sphere {
	<24.533485, 35.648529, 33.582386> 0.100000
	pigment { color rgbt <1,0,0,0> }
	no_shadow
}
sphere {
	0, 1
	scale<0.080000,0.200000,0.300000>
	matrix <0.922515, 0.192220, -0.334690,
		0.341936, -0.809235, 0.477722,
		-0.179015, -0.555148, -0.812258,
		24.479780, 35.481983, 33.338707>
	pigment { color rgbt <0,1,1,0> }
	no_shadow
}
cylinder {
	<25.110964, 35.451309, 33.688953>,  <24.605091, 35.870590, 33.907288>, 0.130000
	pigment { color rgbt <1,0,0,0> }
	no_shadow
}

// nucleotide -1

// particle -1
sphere {
	<25.110964, 35.451309, 33.688953> 0.250000
	pigment { color rgbt <1,0,0,0> }
	no_shadow
}
cylinder {
	<24.915472, 35.536160, 33.350452>,  <24.798176, 35.587070, 33.147350>, 0.100000
	pigment { color rgbt <1,0,0,0> }
	no_shadow
}
cylinder {
	<24.915472, 35.536160, 33.350452>,  <25.110964, 35.451309, 33.688953>, 0.100000
	pigment { color rgbt <1,0,0,0> }
	no_shadow
}

// particle -1
sphere {
	<24.915472, 35.536160, 33.350452> 0.100000
	pigment { color rgbt <1,0,0,0> }
	no_shadow
}
sphere {
	0, 1
	scale<0.080000,0.200000,0.300000>
	matrix <0.850108, 0.333827, -0.407278,
		0.196107, -0.918456, -0.343484,
		-0.488731, 0.212128, -0.846253,
		24.768852, 35.599796, 33.096577>
	pigment { color rgbt <0,1,1,0> }
	no_shadow
}
cylinder {
	<25.559793, 35.304882, 32.963299>,  <25.110964, 35.451309, 33.688953>, 0.130000
	pigment { color rgbt <1,0,0,0> }
	no_shadow
}

// nucleotide -1

// particle -1
sphere {
	<25.559793, 35.304882, 32.963299> 0.250000
	pigment { color rgbt <1,0,0,0> }
	no_shadow
}
cylinder {
	<25.298664, 35.591610, 32.865330>,  <25.141987, 35.763645, 32.806549>, 0.100000
	pigment { color rgbt <1,0,0,0> }
	no_shadow
}
cylinder {
	<25.298664, 35.591610, 32.865330>,  <25.559793, 35.304882, 32.963299>, 0.100000
	pigment { color rgbt <1,0,0,0> }
	no_shadow
}

// particle -1
sphere {
	<25.298664, 35.591610, 32.865330> 0.100000
	pigment { color rgbt <1,0,0,0> }
	no_shadow
}
sphere {
	0, 1
	scale<0.080000,0.200000,0.300000>
	matrix <0.757500, 0.619338, -0.206435,
		0.003714, -0.320295, -0.947311,
		-0.652825, 0.716821, -0.244924,
		25.102816, 35.806656, 32.791851>
	pigment { color rgbt <0,1,1,0> }
	no_shadow
}
cylinder {
	<26.295250, 35.251835, 33.212696>,  <25.559793, 35.304882, 32.963299>, 0.130000
	pigment { color rgbt <1,0,0,0> }
	no_shadow
}

// nucleotide -1

// particle -1
sphere {
	<26.295250, 35.251835, 33.212696> 0.250000
	pigment { color rgbt <1,0,0,0> }
	no_shadow
}
cylinder {
	<26.688347, 35.321926, 33.188976>,  <26.924204, 35.363979, 33.174744>, 0.100000
	pigment { color rgbt <1,0,0,0> }
	no_shadow
}
cylinder {
	<26.688347, 35.321926, 33.188976>,  <26.295250, 35.251835, 33.212696>, 0.100000
	pigment { color rgbt <1,0,0,0> }
	no_shadow
}

// particle -1
sphere {
	<26.688347, 35.321926, 33.188976> 0.100000
	pigment { color rgbt <1,0,0,0> }
	no_shadow
}
sphere {
	0, 1
	scale<0.080000,0.200000,0.300000>
	matrix <-0.069412, 0.052161, -0.996223,
		-0.171473, 0.983145, 0.063424,
		0.982740, 0.175228, -0.059298,
		26.983170, 35.374496, 33.171188>
	pigment { color rgbt <0,1,1,0> }
	no_shadow
}
cylinder {
	<26.410707, 35.918148, 32.779118>,  <26.295250, 35.251835, 33.212696>, 0.130000
	pigment { color rgbt <1,0,0,0> }
	no_shadow
}

// nucleotide -1

// particle -1
sphere {
	<26.410707, 35.918148, 32.779118> 0.250000
	pigment { color rgbt <1,0,0,0> }
	no_shadow
}
cylinder {
	<26.761795, 35.727776, 32.756821>,  <26.972446, 35.613552, 32.743443>, 0.100000
	pigment { color rgbt <1,0,0,0> }
	no_shadow
}
cylinder {
	<26.761795, 35.727776, 32.756821>,  <26.410707, 35.918148, 32.779118>, 0.100000
	pigment { color rgbt <1,0,0,0> }
	no_shadow
}

// particle -1
sphere {
	<26.761795, 35.727776, 32.756821> 0.100000
	pigment { color rgbt <1,0,0,0> }
	no_shadow
}
sphere {
	0, 1
	scale<0.080000,0.200000,0.300000>
	matrix <0.042709, 0.193559, -0.980159,
		0.477273, 0.857921, 0.190216,
		0.877717, -0.475927, -0.055740,
		27.025110, 35.584999, 32.740097>
	pigment { color rgbt <0,1,1,0> }
	no_shadow
}
cylinder {
	<26.765247, 36.342377, 32.345417>,  <26.410707, 35.918148, 32.779118>, 0.130000
	pigment { color rgbt <1,0,0,0> }
	no_shadow
}

// nucleotide -1

// particle -1
sphere {
	<26.765247, 36.342377, 32.345417> 0.250000
	pigment { color rgbt <1,0,0,0> }
	no_shadow
}
cylinder {
	<26.996342, 36.015926, 32.350422>,  <27.134998, 35.820057, 32.353424>, 0.100000
	pigment { color rgbt <1,0,0,0> }
	no_shadow
}
cylinder {
	<26.996342, 36.015926, 32.350422>,  <26.765247, 36.342377, 32.345417>, 0.100000
	pigment { color rgbt <1,0,0,0> }
	no_shadow
}

// particle -1
sphere {
	<26.996342, 36.015926, 32.350422> 0.100000
	pigment { color rgbt <1,0,0,0> }
	no_shadow
}
sphere {
	0, 1
	scale<0.080000,0.200000,0.300000>
	matrix <0.209728, 0.133614, -0.968588,
		0.788818, 0.562213, 0.248358,
		0.577737, -0.816127, 0.012515,
		27.169662, 35.771088, 32.354176>
	pigment { color rgbt <0,1,1,0> }
	no_shadow
}
cylinder {
	<27.451162, 36.543159, 32.203987>,  <26.765247, 36.342377, 32.345417>, 0.130000
	pigment { color rgbt <1,0,0,0> }
	no_shadow
}

// nucleotide -1

// particle -1
sphere {
	<27.451162, 36.543159, 32.203987> 0.250000
	pigment { color rgbt <1,0,0,0> }
	no_shadow
}
cylinder {
	<27.409523, 36.159740, 32.097885>,  <27.384539, 35.929691, 32.034225>, 0.100000
	pigment { color rgbt <1,0,0,0> }
	no_shadow
}
cylinder {
	<27.409523, 36.159740, 32.097885>,  <27.451162, 36.543159, 32.203987>, 0.100000
	pigment { color rgbt <1,0,0,0> }
	no_shadow
}

// particle -1
sphere {
	<27.409523, 36.159740, 32.097885> 0.100000
	pigment { color rgbt <1,0,0,0> }
	no_shadow
}
sphere {
	0, 1
	scale<0.080000,0.200000,0.300000>
	matrix <0.244068, 0.233926, -0.941121,
		0.964155, -0.162709, 0.209599,
		-0.104098, -0.958543, -0.265252,
		27.378294, 35.872177, 32.018311>
	pigment { color rgbt <0,1,1,0> }
	no_shadow
}
cylinder {
	<28.057886, 36.467960, 31.768692>,  <27.451162, 36.543159, 32.203987>, 0.130000
	pigment { color rgbt <1,0,0,0> }
	no_shadow
}

// nucleotide -1

// particle -1
sphere {
	<28.057886, 36.467960, 31.768692> 0.250000
	pigment { color rgbt <1,0,0,0> }
	no_shadow
}
cylinder {
	<27.816286, 36.165813, 31.667019>,  <27.671326, 35.984528, 31.606016>, 0.100000
	pigment { color rgbt <1,0,0,0> }
	no_shadow
}
cylinder {
	<27.816286, 36.165813, 31.667019>,  <28.057886, 36.467960, 31.768692>, 0.100000
	pigment { color rgbt <1,0,0,0> }
	no_shadow
}

// particle -1
sphere {
	<27.816286, 36.165813, 31.667019> 0.100000
	pigment { color rgbt <1,0,0,0> }
	no_shadow
}
sphere {
	0, 1
	scale<0.080000,0.200000,0.300000>
	matrix <0.262385, 0.112684, -0.958361,
		0.752555, -0.645543, 0.130135,
		-0.603999, -0.755365, -0.254182,
		27.635086, 35.939205, 31.590765>
	pigment { color rgbt <0,1,1,0> }
	no_shadow
}
cylinder {
	<28.460785, 35.991776, 31.308405>,  <28.057886, 36.467960, 31.768692>, 0.130000
	pigment { color rgbt <1,0,0,0> }
	no_shadow
}

// nucleotide -1

// particle -1
sphere {
	<28.460785, 35.991776, 31.308405> 0.250000
	pigment { color rgbt <1,0,0,0> }
	no_shadow
}
cylinder {
	<28.075089, 35.908222, 31.243153>,  <27.843672, 35.858089, 31.204002>, 0.100000
	pigment { color rgbt <1,0,0,0> }
	no_shadow
}
cylinder {
	<28.075089, 35.908222, 31.243153>,  <28.460785, 35.991776, 31.308405>, 0.100000
	pigment { color rgbt <1,0,0,0> }
	no_shadow
}

// particle -1
sphere {
	<28.075089, 35.908222, 31.243153> 0.100000
	pigment { color rgbt <1,0,0,0> }
	no_shadow
}
sphere {
	0, 1
	scale<0.080000,0.200000,0.300000>
	matrix <0.143794, 0.104722, -0.984051,
		0.222638, -0.972317, -0.070940,
		-0.964238, -0.208886, -0.163129,
		27.785816, 35.845558, 31.194214>
	pigment { color rgbt <0,1,1,0> }
	no_shadow
}
cylinder {
	<28.482460, 35.564991, 30.730314>,  <28.460785, 35.991776, 31.308405>, 0.130000
	pigment { color rgbt <1,0,0,0> }
	no_shadow
}

// nucleotide -1

// particle -1
sphere {
	<28.482460, 35.564991, 30.730314> 0.250000
	pigment { color rgbt <1,0,0,0> }
	no_shadow
}
cylinder {
	<28.100891, 35.684990, 30.732594>,  <27.871950, 35.756989, 30.733961>, 0.100000
	pigment { color rgbt <1,0,0,0> }
	no_shadow
}
cylinder {
	<28.100891, 35.684990, 30.732594>,  <28.482460, 35.564991, 30.730314>, 0.100000
	pigment { color rgbt <1,0,0,0> }
	no_shadow
}

// particle -1
sphere {
	<28.100891, 35.684990, 30.732594> 0.100000
	pigment { color rgbt <1,0,0,0> }
	no_shadow
}
sphere {
	0, 1
	scale<0.080000,0.200000,0.300000>
	matrix <0.075772, 0.259236, -0.962837,
		-0.290323, -0.918042, -0.270022,
		-0.953924, 0.299994, 0.005701,
		27.814714, 35.774986, 30.734304>
	pigment { color rgbt <0,1,1,0> }
	no_shadow
}
cylinder {
	<28.081161, 35.099308, 30.218025>,  <28.482460, 35.564991, 30.730314>, 0.130000
	pigment { color rgbt <1,0,0,0> }
	no_shadow
}

// nucleotide -1

// particle -1
sphere {
	<28.081161, 35.099308, 30.218025> 0.250000
	pigment { color rgbt <1,0,0,0> }
	no_shadow
}
cylinder {
	<27.899185, 35.449455, 30.283463>,  <27.789999, 35.659542, 30.322725>, 0.100000
	pigment { color rgbt <1,0,0,0> }
	no_shadow
}
cylinder {
	<27.899185, 35.449455, 30.283463>,  <28.081161, 35.099308, 30.218025>, 0.100000
	pigment { color rgbt <1,0,0,0> }
	no_shadow
}

// particle -1
sphere {
	<27.899185, 35.449455, 30.283463> 0.100000
	pigment { color rgbt <1,0,0,0> }
	no_shadow
}
sphere {
	0, 1
	scale<0.080000,0.200000,0.300000>
	matrix <0.039594, 0.203404, -0.978294,
		-0.889641, -0.438588, -0.127196,
		-0.454940, 0.875367, 0.163591,
		27.762703, 35.712067, 30.332541>
	pigment { color rgbt <0,1,1,0> }
	no_shadow
}
cylinder {
	<28.043131, 35.320351, 29.558968>,  <28.081161, 35.099308, 30.218025>, 0.130000
	pigment { color rgbt <1,0,0,0> }
	no_shadow
}

// nucleotide -1

// particle -1
sphere {
	<28.043131, 35.320351, 29.558968> 0.250000
	pigment { color rgbt <1,0,0,0> }
	no_shadow
}
cylinder {
	<27.902767, 35.645554, 29.744820>,  <27.818548, 35.840675, 29.856331>, 0.100000
	pigment { color rgbt <1,0,0,0> }
	no_shadow
}
cylinder {
	<27.902767, 35.645554, 29.744820>,  <28.043131, 35.320351, 29.558968>, 0.100000
	pigment { color rgbt <1,0,0,0> }
	no_shadow
}

// particle -1
sphere {
	<27.902767, 35.645554, 29.744820> 0.100000
	pigment { color rgbt <1,0,0,0> }
	no_shadow
}
sphere {
	0, 1
	scale<0.080000,0.200000,0.300000>
	matrix <0.231068, 0.556016, -0.798407,
		-0.907453, -0.172807, -0.382971,
		-0.350908, 0.813009, 0.464629,
		27.797495, 35.889458, 29.884209>
	pigment { color rgbt <0,1,1,0> }
	no_shadow
}
cylinder {
	<27.485720, 35.617020, 29.184526>,  <28.043131, 35.320351, 29.558968>, 0.130000
	pigment { color rgbt <1,0,0,0> }
	no_shadow
}

// nucleotide -1

// particle -1
sphere {
	<27.485720, 35.617020, 29.184526> 0.250000
	pigment { color rgbt <1,0,0,0> }
	no_shadow
}
cylinder {
	<27.634586, 35.917500, 29.402586>,  <27.723906, 36.097790, 29.533422>, 0.100000
	pigment { color rgbt <1,0,0,0> }
	no_shadow
}
cylinder {
	<27.634586, 35.917500, 29.402586>,  <27.485720, 35.617020, 29.184526>, 0.100000
	pigment { color rgbt <1,0,0,0> }
	no_shadow
}

// particle -1
sphere {
	<27.634586, 35.917500, 29.402586> 0.100000
	pigment { color rgbt <1,0,0,0> }
	no_shadow
}
sphere {
	0, 1
	scale<0.080000,0.200000,0.300000>
	matrix <0.039697, 0.573919, -0.817950,
		-0.927318, 0.326053, 0.183771,
		0.372165, 0.751204, 0.545148,
		27.746235, 36.142860, 29.566130>
	pigment { color rgbt <0,1,1,0> }
	no_shadow
}
cylinder {
	<27.210592, 36.203075, 28.844788>,  <27.485720, 35.617020, 29.184526>, 0.130000
	pigment { color rgbt <1,0,0,0> }
	no_shadow
}

// nucleotide -1

// particle -1
sphere {
	<27.210592, 36.203075, 28.844788> 0.250000
	pigment { color rgbt <1,0,0,0> }
	no_shadow
}
cylinder {
	<27.500376, 36.331757, 29.088646>,  <27.674246, 36.408966, 29.234961>, 0.100000
	pigment { color rgbt <1,0,0,0> }
	no_shadow
}
cylinder {
	<27.500376, 36.331757, 29.088646>,  <27.210592, 36.203075, 28.844788>, 0.100000
	pigment { color rgbt <1,0,0,0> }
	no_shadow
}

// particle -1
sphere {
	<27.500376, 36.331757, 29.088646> 0.100000
	pigment { color rgbt <1,0,0,0> }
	no_shadow
}
sphere {
	0, 1
	scale<0.080000,0.200000,0.300000>
	matrix <0.375591, 0.557376, -0.740448,
		-0.578008, 0.765400, 0.282965,
		0.724457, 0.321706, 0.609645,
		27.717712, 36.428268, 29.271540>
	pigment { color rgbt <0,1,1,0> }
	no_shadow
}
cylinder {
	<27.080921, 36.896290, 28.881969>,  <27.210592, 36.203075, 28.844788>, 0.130000
	pigment { color rgbt <1,0,0,0> }
	no_shadow
}

// nucleotide -1

// particle -1
sphere {
	<27.080921, 36.896290, 28.881969> 0.250000
	pigment { color rgbt <1,0,0,0> }
	no_shadow
}
cylinder {
	<27.460890, 36.790577, 28.948669>,  <27.688871, 36.727150, 28.988689>, 0.100000
	pigment { color rgbt <1,0,0,0> }
	no_shadow
}
cylinder {
	<27.460890, 36.790577, 28.948669>,  <27.080921, 36.896290, 28.881969>, 0.100000
	pigment { color rgbt <1,0,0,0> }
	no_shadow
}

// particle -1
sphere {
	<27.460890, 36.790577, 28.948669> 0.100000
	pigment { color rgbt <1,0,0,0> }
	no_shadow
}
sphere {
	0, 1
	scale<0.080000,0.200000,0.300000>
	matrix <0.275174, 0.454564, -0.847143,
		0.148083, 0.850604, 0.504523,
		0.949921, -0.264279, 0.166750,
		27.745867, 36.711292, 28.998695>
	pigment { color rgbt <0,1,1,0> }
	no_shadow
}
cylinder {
	<27.482252, 37.457821, 28.876453>,  <27.080921, 36.896290, 28.881969>, 0.130000
	pigment { color rgbt <1,0,0,0> }
	no_shadow
}

// nucleotide -1

// particle -1
sphere {
	<27.482252, 37.457821, 28.876453> 0.250000
	pigment { color rgbt <1,0,0,0> }
	no_shadow
}
cylinder {
	<27.755587, 37.190731, 28.758339>,  <27.919588, 37.030476, 28.687469>, 0.100000
	pigment { color rgbt <1,0,0,0> }
	no_shadow
}
cylinder {
	<27.755587, 37.190731, 28.758339>,  <27.482252, 37.457821, 28.876453>, 0.100000
	pigment { color rgbt <1,0,0,0> }
	no_shadow
}

// particle -1
sphere {
	<27.755587, 37.190731, 28.758339> 0.100000
	pigment { color rgbt <1,0,0,0> }
	no_shadow
}
sphere {
	0, 1
	scale<0.080000,0.200000,0.300000>
	matrix <0.094477, 0.481913, -0.871111,
		0.723966, 0.567364, 0.392393,
		0.683336, -0.667726, -0.295286,
		27.960587, 36.990414, 28.669754>
	pigment { color rgbt <0,1,1,0> }
	no_shadow
}
cylinder {
	<27.953661, 37.875710, 28.601250>,  <27.482252, 37.457821, 28.876453>, 0.130000
	pigment { color rgbt <1,0,0,0> }
	no_shadow
}

// nucleotide -1

// particle -1
sphere {
	<27.953661, 37.875710, 28.601250> 0.250000
	pigment { color rgbt <1,0,0,0> }
	no_shadow
}
cylinder {
	<28.094589, 37.520107, 28.484262>,  <28.179146, 37.306744, 28.414070>, 0.100000
	pigment { color rgbt <1,0,0,0> }
	no_shadow
}
cylinder {
	<28.094589, 37.520107, 28.484262>,  <27.953661, 37.875710, 28.601250>, 0.100000
	pigment { color rgbt <1,0,0,0> }
	no_shadow
}

// particle -1
sphere {
	<28.094589, 37.520107, 28.484262> 0.100000
	pigment { color rgbt <1,0,0,0> }
	no_shadow
}
sphere {
	0, 1
	scale<0.080000,0.200000,0.300000>
	matrix <0.189802, 0.373884, -0.907847,
		0.916431, 0.264342, 0.300462,
		0.352320, -0.889007, -0.292466,
		28.200285, 37.253407, 28.396523>
	pigment { color rgbt <0,1,1,0> }
	no_shadow
}
cylinder {
	<28.532486, 38.022888, 28.176275>,  <27.953661, 37.875710, 28.601250>, 0.130000
	pigment { color rgbt <1,0,0,0> }
	no_shadow
}

// nucleotide -1

// particle -1
sphere {
	<28.532486, 38.022888, 28.176275> 0.250000
	pigment { color rgbt <1,0,0,0> }
	no_shadow
}
cylinder {
	<28.419048, 37.647820, 28.095934>,  <28.350986, 37.422779, 28.047729>, 0.100000
	pigment { color rgbt <1,0,0,0> }
	no_shadow
}
cylinder {
	<28.419048, 37.647820, 28.095934>,  <28.532486, 38.022888, 28.176275>, 0.100000
	pigment { color rgbt <1,0,0,0> }
	no_shadow
}

// particle -1
sphere {
	<28.419048, 37.647820, 28.095934> 0.100000
	pigment { color rgbt <1,0,0,0> }
	no_shadow
}
sphere {
	0, 1
	scale<0.080000,0.200000,0.300000>
	matrix <0.113308, 0.175218, -0.977988,
		0.952227, -0.300108, 0.056556,
		-0.283592, -0.937675, -0.200852,
		28.333971, 37.366516, 28.035679>
	pigment { color rgbt <0,1,1,0> }
	no_shadow
}
cylinder {
	<29.096176, 37.603371, 27.790253>,  <28.532486, 38.022888, 28.176275>, 0.130000
	pigment { color rgbt <1,0,0,0> }
	no_shadow
}

// nucleotide -1

// particle -1
sphere {
	<29.096176, 37.603371, 27.790253> 0.250000
	pigment { color rgbt <1,0,0,0> }
	no_shadow
}
cylinder {
	<28.732176, 37.462448, 27.702818>,  <28.513777, 37.377895, 27.650356>, 0.100000
	pigment { color rgbt <1,0,0,0> }
	no_shadow
}
cylinder {
	<28.732176, 37.462448, 27.702818>,  <29.096176, 37.603371, 27.790253>, 0.100000
	pigment { color rgbt <1,0,0,0> }
	no_shadow
}

// particle -1
sphere {
	<28.732176, 37.462448, 27.702818> 0.100000
	pigment { color rgbt <1,0,0,0> }
	no_shadow
}
sphere {
	0, 1
	scale<0.080000,0.200000,0.300000>
	matrix <0.155751, 0.198122, -0.967724,
		0.384244, -0.914673, -0.125419,
		-0.909999, -0.352308, -0.218589,
		28.459175, 37.356754, 27.637241>
	pigment { color rgbt <0,1,1,0> }
	no_shadow
}
cylinder {
	<29.138153, 37.474854, 27.082289>,  <29.096176, 37.603371, 27.790253>, 0.130000
	pigment { color rgbt <1,0,0,0> }
	no_shadow
}

// nucleotide -1

// particle -1
sphere {
	<29.138153, 37.474854, 27.082289> 0.250000
	pigment { color rgbt <1,0,0,0> }
	no_shadow
}
cylinder {
	<28.743866, 37.423901, 27.126347>,  <28.507294, 37.393330, 27.152782>, 0.100000
	pigment { color rgbt <1,0,0,0> }
	no_shadow
}
cylinder {
	<28.743866, 37.423901, 27.126347>,  <29.138153, 37.474854, 27.082289>, 0.100000
	pigment { color rgbt <1,0,0,0> }
	no_shadow
}

// particle -1
sphere {
	<28.743866, 37.423901, 27.126347> 0.100000
	pigment { color rgbt <1,0,0,0> }
	no_shadow
}
sphere {
	0, 1
	scale<0.080000,0.200000,0.300000>
	matrix <-0.111837, 0.006173, -0.993707,
		0.125899, -0.991835, -0.020331,
		-0.985719, -0.127381, 0.110147,
		28.448151, 37.385685, 27.159391>
	pigment { color rgbt <0,1,1,0> }
	no_shadow
}
cylinder {
	<28.933781, 36.995327, 26.495159>,  <29.138153, 37.474854, 27.082289>, 0.130000
	pigment { color rgbt <1,0,0,0> }
	no_shadow
}

// nucleotide -1

// particle -1
sphere {
	<28.933781, 36.995327, 26.495159> 0.250000
	pigment { color rgbt <1,0,0,0> }
	no_shadow
}
cylinder {
	<28.610094, 37.197308, 26.615288>,  <28.415882, 37.318497, 26.687365>, 0.100000
	pigment { color rgbt <1,0,0,0> }
	no_shadow
}
cylinder {
	<28.610094, 37.197308, 26.615288>,  <28.933781, 36.995327, 26.495159>, 0.100000
	pigment { color rgbt <1,0,0,0> }
	no_shadow
}

// particle -1
sphere {
	<28.610094, 37.197308, 26.615288> 0.100000
	pigment { color rgbt <1,0,0,0> }
	no_shadow
}
sphere {
	0, 1
	scale<0.080000,0.200000,0.300000>
	matrix <-0.254001, 0.160247, -0.953837,
		-0.529769, -0.848141, -0.001416,
		-0.809215, 0.504954, 0.300322,
		28.367329, 37.348793, 26.705385>
	pigment { color rgbt <0,1,1,0> }
	no_shadow
}
cylinder {
	<28.336216, 36.770302, 26.128675>,  <28.933781, 36.995327, 26.495159>, 0.130000
	pigment { color rgbt <1,0,0,0> }
	no_shadow
}

// nucleotide -1

// particle -1
sphere {
	<28.336216, 36.770302, 26.128675> 0.250000
	pigment { color rgbt <1,0,0,0> }
	no_shadow
}
cylinder {
	<28.222185, 37.128056, 26.266552>,  <28.153767, 37.342709, 26.349277>, 0.100000
	pigment { color rgbt <1,0,0,0> }
	no_shadow
}
cylinder {
	<28.222185, 37.128056, 26.266552>,  <28.336216, 36.770302, 26.128675>, 0.100000
	pigment { color rgbt <1,0,0,0> }
	no_shadow
}

// particle -1
sphere {
	<28.222185, 37.128056, 26.266552> 0.100000
	pigment { color rgbt <1,0,0,0> }
	no_shadow
}
sphere {
	0, 1
	scale<0.080000,0.200000,0.300000>
	matrix <-0.436033, 0.199243, -0.877597,
		-0.853585, -0.400479, 0.333181,
		-0.285075, 0.894381, 0.344694,
		28.136663, 37.396370, 26.369961>
	pigment { color rgbt <0,1,1,0> }
	no_shadow
}
cylinder {
	<27.615528, 36.929508, 25.867165>,  <28.336216, 36.770302, 26.128675>, 0.130000
	pigment { color rgbt <1,0,0,0> }
	no_shadow
}

// nucleotide -1

// particle -1
sphere {
	<27.615528, 36.929508, 25.867165> 0.250000
	pigment { color rgbt <1,0,0,0> }
	no_shadow
}
cylinder {
	<27.772699, 37.277966, 25.984953>,  <27.867002, 37.487041, 26.055626>, 0.100000
	pigment { color rgbt <1,0,0,0> }
	no_shadow
}
cylinder {
	<27.772699, 37.277966, 25.984953>,  <27.615528, 36.929508, 25.867165>, 0.100000
	pigment { color rgbt <1,0,0,0> }
	no_shadow
}

// particle -1
sphere {
	<27.772699, 37.277966, 25.984953> 0.100000
	pigment { color rgbt <1,0,0,0> }
	no_shadow
}
sphere {
	0, 1
	scale<0.080000,0.200000,0.300000>
	matrix <-0.415709, 0.453915, -0.788129,
		-0.820240, 0.187263, 0.540499,
		0.392928, 0.871145, 0.294473,
		27.890577, 37.539310, 26.073296>
	pigment { color rgbt <0,1,1,0> }
	no_shadow
}
cylinder {
	<27.081808, 37.412453, 26.074614>,  <27.615528, 36.929508, 25.867165>, 0.130000
	pigment { color rgbt <1,0,0,0> }
	no_shadow
}

// nucleotide -1

// particle -1
sphere {
	<27.081808, 37.412453, 26.074614> 0.250000
	pigment { color rgbt <1,0,0,0> }
	no_shadow
}
cylinder {
	<27.404209, 37.574871, 25.902342>,  <27.597651, 37.672321, 25.798979>, 0.100000
	pigment { color rgbt <1,0,0,0> }
	no_shadow
}
cylinder {
	<27.404209, 37.574871, 25.902342>,  <27.081808, 37.412453, 26.074614>, 0.100000
	pigment { color rgbt <1,0,0,0> }
	no_shadow
}

// particle -1
sphere {
	<27.404209, 37.574871, 25.902342> 0.100000
	pigment { color rgbt <1,0,0,0> }
	no_shadow
}
sphere {
	0, 1
	scale<0.080000,0.200000,0.300000>
	matrix <-0.590234, 0.496606, -0.636401,
		-0.044532, 0.767142, 0.639930,
		0.806003, 0.406049, -0.430678,
		27.646009, 37.696686, 25.773138>
	pigment { color rgbt <0,1,1,0> }
	no_shadow
}
cylinder {
	<26.837721, 38.021088, 25.841557>,  <27.081808, 37.412453, 26.074614>, 0.130000
	pigment { color rgbt <1,0,0,0> }
	no_shadow
}

// nucleotide -1

// particle -1
sphere {
	<26.837721, 38.021088, 25.841557> 0.250000
	pigment { color rgbt <1,0,0,0> }
	no_shadow
}
cylinder {
	<27.184349, 37.964733, 25.650055>,  <27.392326, 37.930920, 25.535154>, 0.100000
	pigment { color rgbt <1,0,0,0> }
	no_shadow
}
cylinder {
	<27.184349, 37.964733, 25.650055>,  <26.837721, 38.021088, 25.841557>, 0.100000
	pigment { color rgbt <1,0,0,0> }
	no_shadow
}

// particle -1
sphere {
	<27.184349, 37.964733, 25.650055> 0.100000
	pigment { color rgbt <1,0,0,0> }
	no_shadow
}
sphere {
	0, 1
	scale<0.080000,0.200000,0.300000>
	matrix <-0.298759, 0.621981, -0.723797,
		0.399748, 0.770254, 0.496901,
		0.866571, -0.140882, -0.478756,
		27.444321, 37.922470, 25.506428>
	pigment { color rgbt <0,1,1,0> }
	no_shadow
}
cylinder {
	<27.258305, 38.647228, 25.914413>,  <26.837721, 38.021088, 25.841557>, 0.130000
	pigment { color rgbt <1,0,0,0> }
	no_shadow
}

// nucleotide -1

// particle -1
sphere {
	<27.258305, 38.647228, 25.914413> 0.250000
	pigment { color rgbt <1,0,0,0> }
	no_shadow
}
cylinder {
	<27.304731, 38.426090, 25.584349>,  <27.332586, 38.293407, 25.386311>, 0.100000
	pigment { color rgbt <1,0,0,0> }
	no_shadow
}
cylinder {
	<27.304731, 38.426090, 25.584349>,  <27.258305, 38.647228, 25.914413>, 0.100000
	pigment { color rgbt <1,0,0,0> }
	no_shadow
}

// particle -1
sphere {
	<27.304731, 38.426090, 25.584349> 0.100000
	pigment { color rgbt <1,0,0,0> }
	no_shadow
}
sphere {
	0, 1
	scale<0.080000,0.200000,0.300000>
	matrix <-0.303832, 0.771191, -0.559420,
		0.945629, 0.315641, -0.078463,
		0.116066, -0.552843, -0.825162,
		27.339552, 38.260239, 25.336800>
	pigment { color rgbt <0,1,1,0> }
	no_shadow
}
cylinder {
	<27.443113, 39.134716, 26.355080>,  <27.258305, 38.647228, 25.914413>, 0.130000
	pigment { color rgbt <1,0,0,0> }
	no_shadow
}

// nucleotide -1

// particle -1
sphere {
	<27.443113, 39.134716, 26.355080> 0.250000
	pigment { color rgbt <1,0,0,0> }
	no_shadow
}
cylinder {
	<27.329491, 39.512733, 26.290329>,  <27.261318, 39.739544, 26.251478>, 0.100000
	pigment { color rgbt <1,0,0,0> }
	no_shadow
}
cylinder {
	<27.329491, 39.512733, 26.290329>,  <27.443113, 39.134716, 26.355080>, 0.100000
	pigment { color rgbt <1,0,0,0> }
	no_shadow
}

// particle -1
sphere {
	<27.329491, 39.512733, 26.290329> 0.100000
	pigment { color rgbt <1,0,0,0> }
	no_shadow
}
sphere {
	0, 1
	scale<0.080000,0.200000,0.300000>
	matrix <0.954783, 0.294256, 0.042459,
		0.087759, -0.142496, -0.985897,
		-0.284056, 0.945044, -0.161877,
		27.244274, 39.796246, 26.241766>
	pigment { color rgbt <0,1,1,0> }
	no_shadow
}
cylinder {
	<27.823954, 39.428326, 25.792545>,  <27.443113, 39.134716, 26.355080>, 0.130000
	pigment { color rgbt <1,0,0,0> }
	no_shadow
}

// nucleotide -1

// particle -1
sphere {
	<27.823954, 39.428326, 25.792545> 0.250000
	pigment { color rgbt <1,0,0,0> }
	no_shadow
}
cylinder {
	<27.703398, 39.716919, 26.041904>,  <27.631063, 39.890076, 26.191521>, 0.100000
	pigment { color rgbt <1,0,0,0> }
	no_shadow
}
cylinder {
	<27.703398, 39.716919, 26.041904>,  <27.823954, 39.428326, 25.792545>, 0.100000
	pigment { color rgbt <1,0,0,0> }
	no_shadow
}

// particle -1
sphere {
	<27.703398, 39.716919, 26.041904> 0.100000
	pigment { color rgbt <1,0,0,0> }
	no_shadow
}
sphere {
	0, 1
	scale<0.080000,0.200000,0.300000>
	matrix <0.913360, 0.406156, -0.028485,
		-0.273748, 0.560801, -0.781386,
		-0.301390, 0.721484, 0.623397,
		27.612980, 39.933365, 26.228924>
	pigment { color rgbt <0,1,1,0> }
	no_shadow
}
cylinder {
	<27.946800, 39.999088, 25.500118>,  <27.823954, 39.428326, 25.792545>, 0.130000
	pigment { color rgbt <1,0,0,0> }
	no_shadow
}

// nucleotide -1

// particle -1
sphere {
	<27.946800, 39.999088, 25.500118> 0.250000
	pigment { color rgbt <1,0,0,0> }
	no_shadow
}
cylinder {
	<27.973148, 40.078594, 25.891251>,  <27.988956, 40.126297, 26.125931>, 0.100000
	pigment { color rgbt <1,0,0,0> }
	no_shadow
}
cylinder {
	<27.973148, 40.078594, 25.891251>,  <27.946800, 39.999088, 25.500118>, 0.100000
	pigment { color rgbt <1,0,0,0> }
	no_shadow
}

// particle -1
sphere {
	<27.973148, 40.078594, 25.891251> 0.100000
	pigment { color rgbt <1,0,0,0> }
	no_shadow
}
sphere {
	0, 1
	scale<0.080000,0.200000,0.300000>
	matrix <0.934929, 0.330129, -0.130085,
		-0.348666, 0.922772, -0.164084,
		0.065870, 0.198763, 0.977831,
		27.992908, 40.138222, 26.184601>
	pigment { color rgbt <0,1,1,0> }
	no_shadow
}
cylinder {
	<28.012331, 40.786991, 25.567862>,  <27.946800, 39.999088, 25.500118>, 0.130000
	pigment { color rgbt <1,0,0,0> }
	no_shadow
}

// nucleotide -1

// particle -1
sphere {
	<28.012331, 40.786991, 25.567862> 0.250000
	pigment { color rgbt <1,0,0,0> }
	no_shadow
}
cylinder {
	<28.197201, 40.526634, 25.808771>,  <28.308123, 40.370419, 25.953318>, 0.100000
	pigment { color rgbt <1,0,0,0> }
	no_shadow
}
cylinder {
	<28.197201, 40.526634, 25.808771>,  <28.012331, 40.786991, 25.567862>, 0.100000
	pigment { color rgbt <1,0,0,0> }
	no_shadow
}

// particle -1
sphere {
	<28.197201, 40.526634, 25.808771> 0.100000
	pigment { color rgbt <1,0,0,0> }
	no_shadow
}
sphere {
	0, 1
	scale<0.080000,0.200000,0.300000>
	matrix <0.874881, 0.445602, -0.189797,
		-0.144836, 0.614637, 0.775399,
		0.462176, -0.650892, 0.602274,
		28.335854, 40.331367, 25.989452>
	pigment { color rgbt <0,1,1,0> }
	no_shadow
}
cylinder {
	<28.150137, 40.901634, 26.280716>,  <28.012331, 40.786991, 25.567862>, 0.130000
	pigment { color rgbt <1,0,0,0> }
	no_shadow
}

// nucleotide -1

// particle -1
sphere {
	<28.150137, 40.901634, 26.280716> 0.250000
	pigment { color rgbt <1,0,0,0> }
	no_shadow
}
cylinder {
	<27.973137, 41.259659, 26.258572>,  <27.866936, 41.474472, 26.245285>, 0.100000
	pigment { color rgbt <1,0,0,0> }
	no_shadow
}
cylinder {
	<27.973137, 41.259659, 26.258572>,  <28.150137, 40.901634, 26.280716>, 0.100000
	pigment { color rgbt <1,0,0,0> }
	no_shadow
}

// particle -1
sphere {
	<27.973137, 41.259659, 26.258572> 0.100000
	pigment { color rgbt <1,0,0,0> }
	no_shadow
}
sphere {
	0, 1
	scale<0.080000,0.200000,0.300000>
	matrix <0.264507, 0.189257, 0.945631,
		0.856871, 0.403800, -0.320495,
		-0.442502, 0.895057, -0.055361,
		27.840387, 41.528175, 26.241962>
	pigment { color rgbt <0,1,1,0> }
	no_shadow
}
cylinder {
	<28.637594, 41.432854, 26.440897>,  <28.150137, 40.901634, 26.280716>, 0.130000
	pigment { color rgbt <1,0,0,0> }
	no_shadow
}

// nucleotide -1

// particle -1
sphere {
	<28.637594, 41.432854, 26.440897> 0.250000
	pigment { color rgbt <1,0,0,0> }
	no_shadow
}
cylinder {
	<28.251186, 41.466629, 26.538614>,  <28.019342, 41.486893, 26.597244>, 0.100000
	pigment { color rgbt <1,0,0,0> }
	no_shadow
}
cylinder {
	<28.251186, 41.466629, 26.538614>,  <28.637594, 41.432854, 26.440897>, 0.100000
	pigment { color rgbt <1,0,0,0> }
	no_shadow
}

// particle -1
sphere {
	<28.251186, 41.466629, 26.538614> 0.100000
	pigment { color rgbt <1,0,0,0> }
	no_shadow
}
sphere {
	0, 1
	scale<0.080000,0.200000,0.300000>
	matrix <0.248883, 0.048770, 0.967305,
		0.069759, 0.995235, -0.068127,
		-0.966018, 0.084434, 0.244295,
		27.961380, 41.491959, 26.611902>
	pigment { color rgbt <0,1,1,0> }
	no_shadow
}
cylinder {
	<28.397411, 42.090843, 26.784262>,  <28.637594, 41.432854, 26.440897>, 0.130000
	pigment { color rgbt <1,0,0,0> }
	no_shadow
}

// nucleotide -1

// particle -1
sphere {
	<28.397411, 42.090843, 26.784262> 0.250000
	pigment { color rgbt <1,0,0,0> }
	no_shadow
}
cylinder {
	<28.218689, 41.751522, 26.897924>,  <28.111456, 41.547928, 26.966122>, 0.100000
	pigment { color rgbt <1,0,0,0> }
	no_shadow
}
cylinder {
	<28.218689, 41.751522, 26.897924>,  <28.397411, 42.090843, 26.784262>, 0.100000
	pigment { color rgbt <1,0,0,0> }
	no_shadow
}

// particle -1
sphere {
	<28.218689, 41.751522, 26.897924> 0.100000
	pigment { color rgbt <1,0,0,0> }
	no_shadow
}
sphere {
	0, 1
	scale<0.080000,0.200000,0.300000>
	matrix <0.408971, 0.088819, 0.908215,
		-0.795680, 0.522009, 0.307246,
		-0.446807, -0.848303, 0.284158,
		28.084646, 41.497032, 26.983171>
	pigment { color rgbt <0,1,1,0> }
	no_shadow
}
cylinder {
	<28.450388, 42.147858, 27.441513>,  <28.397411, 42.090843, 26.784262>, 0.130000
	pigment { color rgbt <1,0,0,0> }
	no_shadow
}

// nucleotide -1

// particle -1
sphere {
	<28.450388, 42.147858, 27.441513> 0.250000
	pigment { color rgbt <1,0,0,0> }
	no_shadow
}
cylinder {
	<28.312845, 41.773682, 27.474277>,  <28.230320, 41.549175, 27.493937>, 0.100000
	pigment { color rgbt <1,0,0,0> }
	no_shadow
}
cylinder {
	<28.312845, 41.773682, 27.474277>,  <28.450388, 42.147858, 27.441513>, 0.100000
	pigment { color rgbt <1,0,0,0> }
	no_shadow
}

// particle -1
sphere {
	<28.312845, 41.773682, 27.474277> 0.100000
	pigment { color rgbt <1,0,0,0> }
	no_shadow
}
sphere {
	0, 1
	scale<0.080000,0.200000,0.300000>
	matrix <0.197174, 0.013360, 0.980278,
		-0.918088, 0.353225, 0.179852,
		-0.343856, -0.935443, 0.081912,
		28.209688, 41.493050, 27.498852>
	pigment { color rgbt <0,1,1,0> }
	no_shadow
}
cylinder {
	<27.988770, 42.118889, 28.110622>,  <28.450388, 42.147858, 27.441513>, 0.130000
	pigment { color rgbt <1,0,0,0> }
	no_shadow
}

// nucleotide -1

// particle -1
sphere {
	<27.988770, 42.118889, 28.110622> 0.250000
	pigment { color rgbt <1,0,0,0> }
	no_shadow
}
cylinder {
	<28.113956, 41.745052, 28.042988>,  <28.189070, 41.520752, 28.002407>, 0.100000
	pigment { color rgbt <1,0,0,0> }
	no_shadow
}
cylinder {
	<28.113956, 41.745052, 28.042988>,  <27.988770, 42.118889, 28.110622>, 0.100000
	pigment { color rgbt <1,0,0,0> }
	no_shadow
}

// particle -1
sphere {
	<28.113956, 41.745052, 28.042988> 0.100000
	pigment { color rgbt <1,0,0,0> }
	no_shadow
}
sphere {
	0, 1
	scale<0.080000,0.200000,0.300000>
	matrix <0.174359, -0.118465, 0.977530,
		-0.933621, -0.335419, 0.125879,
		0.312970, -0.934591, -0.169085,
		28.207848, 41.464676, 27.992262>
	pigment { color rgbt <0,1,1,0> }
	no_shadow
}
cylinder {
	<27.576078, 41.745537, 28.493982>,  <27.988770, 42.118889, 28.110622>, 0.130000
	pigment { color rgbt <1,0,0,0> }
	no_shadow
}

// nucleotide -1

// particle -1
sphere {
	<27.576078, 41.745537, 28.493982> 0.250000
	pigment { color rgbt <1,0,0,0> }
	no_shadow
}
cylinder {
	<27.913506, 41.536594, 28.444111>,  <28.115961, 41.411228, 28.414188>, 0.100000
	pigment { color rgbt <1,0,0,0> }
	no_shadow
}
cylinder {
	<27.913506, 41.536594, 28.444111>,  <27.576078, 41.745537, 28.493982>, 0.100000
	pigment { color rgbt <1,0,0,0> }
	no_shadow
}

// particle -1
sphere {
	<27.913506, 41.536594, 28.444111> 0.100000
	pigment { color rgbt <1,0,0,0> }
	no_shadow
}
sphere {
	0, 1
	scale<0.080000,0.200000,0.300000>
	matrix <-0.023880, -0.268419, 0.963006,
		-0.536495, -0.809382, -0.238903,
		0.843565, -0.522353, -0.124677,
		28.166574, 41.379890, 28.406708>
	pigment { color rgbt <0,1,1,0> }
	no_shadow
}
cylinder {
	<27.409096, 41.153961, 28.759340>,  <27.576078, 41.745537, 28.493982>, 0.130000
	pigment { color rgbt <1,0,0,0> }
	no_shadow
}

// nucleotide -1

// particle -1
sphere {
	<27.409096, 41.153961, 28.759340> 0.250000
	pigment { color rgbt <1,0,0,0> }
	no_shadow
}
cylinder {
	<27.808628, 41.136936, 28.750143>,  <28.048347, 41.126720, 28.744625>, 0.100000
	pigment { color rgbt <1,0,0,0> }
	no_shadow
}
cylinder {
	<27.808628, 41.136936, 28.750143>,  <27.409096, 41.153961, 28.759340>, 0.100000
	pigment { color rgbt <1,0,0,0> }
	no_shadow
}

// particle -1
sphere {
	<27.808628, 41.136936, 28.750143> 0.100000
	pigment { color rgbt <1,0,0,0> }
	no_shadow
}
sphere {
	0, 1
	scale<0.080000,0.200000,0.300000>
	matrix <0.005904, -0.364493, 0.931188,
		-0.048012, -0.930233, -0.363815,
		0.998829, -0.042560, -0.022992,
		28.108276, 41.124168, 28.743246>
	pigment { color rgbt <0,1,1,0> }
	no_shadow
}
cylinder {
	<27.537148, 40.467144, 28.971046>,  <27.409096, 41.153961, 28.759340>, 0.130000
	pigment { color rgbt <1,0,0,0> }
	no_shadow
}

// nucleotide -1

// particle -1
sphere {
	<27.537148, 40.467144, 28.971046> 0.250000
	pigment { color rgbt <1,0,0,0> }
	no_shadow
}
cylinder {
	<27.866587, 40.677105, 29.056988>,  <28.064251, 40.803082, 29.108553>, 0.100000
	pigment { color rgbt <1,0,0,0> }
	no_shadow
}
cylinder {
	<27.866587, 40.677105, 29.056988>,  <27.537148, 40.467144, 28.971046>, 0.100000
	pigment { color rgbt <1,0,0,0> }
	no_shadow
}

// particle -1
sphere {
	<27.866587, 40.677105, 29.056988> 0.100000
	pigment { color rgbt <1,0,0,0> }
	no_shadow
}
sphere {
	0, 1
	scale<0.080000,0.200000,0.300000>
	matrix <0.132590, -0.546503, 0.826894,
		0.551455, -0.652543, -0.519697,
		0.823600, 0.524902, 0.214851,
		28.113667, 40.834576, 29.121443>
	pigment { color rgbt <0,1,1,0> }
	no_shadow
}
cylinder {
	<27.940796, 39.972988, 29.254526>,  <27.537148, 40.467144, 28.971046>, 0.130000
	pigment { color rgbt <1,0,0,0> }
	no_shadow
}

// nucleotide -1

// particle -1
sphere {
	<27.940796, 39.972988, 29.254526> 0.250000
	pigment { color rgbt <1,0,0,0> }
	no_shadow
}
cylinder {
	<28.100386, 40.318871, 29.376581>,  <28.196140, 40.526398, 29.449814>, 0.100000
	pigment { color rgbt <1,0,0,0> }
	no_shadow
}
cylinder {
	<28.100386, 40.318871, 29.376581>,  <27.940796, 39.972988, 29.254526>, 0.100000
	pigment { color rgbt <1,0,0,0> }
	no_shadow
}

// particle -1
sphere {
	<28.100386, 40.318871, 29.376581> 0.100000
	pigment { color rgbt <1,0,0,0> }
	no_shadow
}
sphere {
	0, 1
	scale<0.080000,0.200000,0.300000>
	matrix <0.226432, -0.415372, 0.881019,
		0.888565, -0.282411, -0.361519,
		0.398975, 0.864702, 0.305138,
		28.220078, 40.578281, 29.468122>
	pigment { color rgbt <0,1,1,0> }
	no_shadow
}
cylinder {
	<28.616444, 39.773777, 29.501255>,  <27.940796, 39.972988, 29.254526>, 0.130000
	pigment { color rgbt <1,0,0,0> }
	no_shadow
}

// nucleotide -1

// particle -1
sphere {
	<28.616444, 39.773777, 29.501255> 0.250000
	pigment { color rgbt <1,0,0,0> }
	no_shadow
}
cylinder {
	<28.551155, 40.123924, 29.683281>,  <28.511982, 40.334015, 29.792496>, 0.100000
	pigment { color rgbt <1,0,0,0> }
	no_shadow
}
cylinder {
	<28.551155, 40.123924, 29.683281>,  <28.616444, 39.773777, 29.501255>, 0.100000
	pigment { color rgbt <1,0,0,0> }
	no_shadow
}

// particle -1
sphere {
	<28.551155, 40.123924, 29.683281> 0.100000
	pigment { color rgbt <1,0,0,0> }
	no_shadow
}
sphere {
	0, 1
	scale<0.080000,0.200000,0.300000>
	matrix <0.360610, -0.376399, 0.853396,
		0.918324, 0.303392, -0.254232,
		-0.163221, 0.875372, 0.455063,
		28.502190, 40.386536, 29.819799>
	pigment { color rgbt <0,1,1,0> }
	no_shadow
}
cylinder {
	<29.256683, 40.019718, 29.894323>,  <28.616444, 39.773777, 29.501255>, 0.130000
	pigment { color rgbt <1,0,0,0> }
	no_shadow
}

// nucleotide -1

// particle -1
sphere {
	<29.256683, 40.019718, 29.894323> 0.250000
	pigment { color rgbt <1,0,0,0> }
	no_shadow
}
cylinder {
	<28.925705, 40.183254, 30.048302>,  <28.727118, 40.281376, 30.140688>, 0.100000
	pigment { color rgbt <1,0,0,0> }
	no_shadow
}
cylinder {
	<28.925705, 40.183254, 30.048302>,  <29.256683, 40.019718, 29.894323>, 0.100000
	pigment { color rgbt <1,0,0,0> }
	no_shadow
}

// particle -1
sphere {
	<28.925705, 40.183254, 30.048302> 0.100000
	pigment { color rgbt <1,0,0,0> }
	no_shadow
}
sphere {
	0, 1
	scale<0.080000,0.200000,0.300000>
	matrix <0.198882, -0.427709, 0.881766,
