// switches for output
#declare DRAW_BASES = 1; // possible values are 0, 1; only relevant for DNA ribbons
#declare DRAW_BASES_TYPE = 3; // possible values are 1, 2, 3; only relevant for DNA ribbons
#declare DRAW_FOG = 0; // set to 1 to enable fog

#include "colors.inc"

#include "transforms.inc"
background { rgb <1, 1, 1>}

#default {
   normal{
       ripples 0.25
       frequency 0.20
       turbulence 0.2
       lambda 5
   }
	finish {
		phong 0.1
		phong_size 40.
	}
}

// original window dimensions: 1024x640


// camera settings

camera {
	sky <0, 0.179814, -0.983701>
	up <0, 0.179814, -0.983701>
	right 1.6 * <1, 0, 0>
	location <35, 94.9851, 44.8844>
	look_at <35, 29.7336, 32.9568>
	direction <0, -65.2515, -11.9276>
	angle 67.0682
}


# declare cpy_camera_pos = <35, 94.9851, 44.8844>;
# if (DRAW_FOG = 1)
fog {
	fog_type 2
	up vnormalize(cpy_camera_pos)
	color rgbt<1,1,1,0.3>
	distance 1e-5
	fog_alt 3e-3
	fog_offset 56
}
# end


// LIGHTS

# declare lum = 6;
global_settings {
	ambient_light rgb lum * <0.05, 0.05, 0.05>
	max_trace_level 15
}# declare cpy_direct_light_amount = 0.25;
light_source
{	1000 * <-1, -1.16352, -0.803886>,
	rgb lum * cpy_direct_light_amount
	parallel
}

light_source
{	1000 * <1, 1.16352, 0.803886>,
	rgb lum * cpy_direct_light_amount
	parallel
}

// strand 0

// nucleotide -1

// particle -1
sphere {
	<24.212652, 35.360268, 34.817249> 0.250000
	pigment { color rgbt <1,0,0,0> }
	no_shadow
}
cylinder {
	<24.085699, 35.002422, 34.943066>,  <24.009527, 34.787716, 35.018555>, 0.100000
	pigment { color rgbt <1,0,0,0> }
	no_shadow
}
cylinder {
	<24.085699, 35.002422, 34.943066>,  <24.212652, 35.360268, 34.817249>, 0.100000
	pigment { color rgbt <1,0,0,0> }
	no_shadow
}

// particle -1
sphere {
	<24.085699, 35.002422, 34.943066> 0.100000
	pigment { color rgbt <1,0,0,0> }
	no_shadow
}
sphere {
	0, 1
	scale<0.080000,0.200000,0.300000>
	matrix <0.041014, -0.344329, -0.937952,
		0.947410, -0.284791, 0.145977,
		-0.317385, -0.894612, 0.314541,
		23.990484, 34.734039, 35.037426>
	pigment { color rgbt <0,1,1,0> }
	no_shadow
}
cylinder {
	<24.725313, 34.742207, 34.722172>,  <24.212652, 35.360268, 34.817249>, 0.130000
	pigment { color rgbt <1,0,0,0> }
	no_shadow
}

// nucleotide -1

// particle -1
sphere {
	<24.725313, 34.742207, 34.722172> 0.250000
	pigment { color rgbt <1,0,0,0> }
	no_shadow
}
cylinder {
	<24.335918, 34.670055, 34.665905>,  <24.102282, 34.626766, 34.632145>, 0.100000
	pigment { color rgbt <1,0,0,0> }
	no_shadow
}
cylinder {
	<24.335918, 34.670055, 34.665905>,  <24.725313, 34.742207, 34.722172>, 0.100000
	pigment { color rgbt <1,0,0,0> }
	no_shadow
}

// particle -1
sphere {
	<24.335918, 34.670055, 34.665905> 0.100000
	pigment { color rgbt <1,0,0,0> }
	no_shadow
}
sphere {
	0, 1
	scale<0.080000,0.200000,0.300000>
	matrix <0.179363, -0.220307, -0.958798,
		0.141953, -0.958608, 0.246819,
		-0.973488, -0.180375, -0.140666,
		24.043873, 34.615944, 34.623707>
	pigment { color rgbt <0,1,1,0> }
	no_shadow
}
cylinder {
	<24.473312, 34.059109, 34.513428>,  <24.725313, 34.742207, 34.722172>, 0.130000
	pigment { color rgbt <1,0,0,0> }
	no_shadow
}

// nucleotide -1

// particle -1
sphere {
	<24.473312, 34.059109, 34.513428> 0.250000
	pigment { color rgbt <1,0,0,0> }
	no_shadow
}
cylinder {
	<24.246662, 34.355438, 34.369137>,  <24.110672, 34.533234, 34.282562>, 0.100000
	pigment { color rgbt <1,0,0,0> }
	no_shadow
}
cylinder {
	<24.246662, 34.355438, 34.369137>,  <24.473312, 34.059109, 34.513428>, 0.100000
	pigment { color rgbt <1,0,0,0> }
	no_shadow
}

// particle -1
sphere {
	<24.246662, 34.355438, 34.369137> 0.100000
	pigment { color rgbt <1,0,0,0> }
	no_shadow
}
sphere {
	0, 1
	scale<0.080000,0.200000,0.300000>
	matrix <0.090428, -0.379231, -0.920873,
		-0.819000, -0.554408, 0.147890,
		-0.566624, 0.740821, -0.360724,
		24.076675, 34.577686, 34.260921>
	pigment { color rgbt <0,1,1,0> }
	no_shadow
}
cylinder {
	<23.894190, 33.759464, 34.143841>,  <24.473312, 34.059109, 34.513428>, 0.130000
	pigment { color rgbt <1,0,0,0> }
	no_shadow
}

// nucleotide -1

// particle -1
sphere {
	<23.894190, 33.759464, 34.143841> 0.250000
	pigment { color rgbt <1,0,0,0> }
	no_shadow
}
cylinder {
	<24.001696, 34.107365, 33.978287>,  <24.066198, 34.316105, 33.878956>, 0.100000
	pigment { color rgbt <1,0,0,0> }
	no_shadow
}
cylinder {
	<24.001696, 34.107365, 33.978287>,  <23.894190, 33.759464, 34.143841>, 0.100000
	pigment { color rgbt <1,0,0,0> }
	no_shadow
}

// particle -1
sphere {
	<24.001696, 34.107365, 33.978287> 0.100000
	pigment { color rgbt <1,0,0,0> }
	no_shadow
}
sphere {
	0, 1
	scale<0.080000,0.200000,0.300000>
	matrix <0.160415, -0.464111, -0.871130,
		-0.949754, 0.167735, -0.264257,
		0.268764, 0.869751, -0.413884,
		24.082325, 34.368290, 33.854122>
	pigment { color rgbt <0,1,1,0> }
	no_shadow
}
cylinder {
	<23.677092, 33.714645, 33.501274>,  <23.894190, 33.759464, 34.143841>, 0.130000
	pigment { color rgbt <1,0,0,0> }
	no_shadow
}

// nucleotide -1

// particle -1
sphere {
	<23.677092, 33.714645, 33.501274> 0.250000
	pigment { color rgbt <1,0,0,0> }
	no_shadow
}
cylinder {
	<23.974337, 33.981499, 33.480419>,  <24.152683, 34.141609, 33.467907>, 0.100000
	pigment { color rgbt <1,0,0,0> }
	no_shadow
}
cylinder {
	<23.974337, 33.981499, 33.480419>,  <23.677092, 33.714645, 33.501274>, 0.100000
	pigment { color rgbt <1,0,0,0> }
	no_shadow
}

// particle -1
sphere {
	<23.974337, 33.981499, 33.480419> 0.100000
	pigment { color rgbt <1,0,0,0> }
	no_shadow
}
sphere {
	0, 1
	scale<0.080000,0.200000,0.300000>
	matrix <0.365130, -0.469530, -0.803879,
		-0.560773, 0.578336, -0.592504,
		0.743111, 0.667135, -0.052133,
		24.197269, 34.181641, 33.464779>
	pigment { color rgbt <0,1,1,0> }
	no_shadow
}
cylinder {
	<23.763798, 33.887901, 32.801025>,  <23.677092, 33.714645, 33.501274>, 0.130000
	pigment { color rgbt <1,0,0,0> }
	no_shadow
}

// nucleotide -1

// particle -1
sphere {
	<23.763798, 33.887901, 32.801025> 0.250000
	pigment { color rgbt <1,0,0,0> }
	no_shadow
}
cylinder {
	<24.112688, 33.960213, 32.982811>,  <24.322023, 34.003601, 33.091881>, 0.100000
	pigment { color rgbt <1,0,0,0> }
	no_shadow
}
cylinder {
	<24.112688, 33.960213, 32.982811>,  <23.763798, 33.887901, 32.801025>, 0.100000
	pigment { color rgbt <1,0,0,0> }
	no_shadow
}

// particle -1
sphere {
	<24.112688, 33.960213, 32.982811> 0.100000
	pigment { color rgbt <1,0,0,0> }
	no_shadow
}
sphere {
	0, 1
	scale<0.080000,0.200000,0.300000>
	matrix <0.488589, -0.364528, -0.792717,
		0.022358, 0.913476, -0.406278,
		0.872227, 0.180779, 0.454465,
		24.374357, 34.014446, 33.119152>
	pigment { color rgbt <0,1,1,0> }
	no_shadow
}
cylinder {
	<24.227135, 34.206005, 32.318169>,  <23.763798, 33.887901, 32.801025>, 0.130000
	pigment { color rgbt <1,0,0,0> }
	no_shadow
}

// nucleotide -1

// particle -1
sphere {
	<24.227135, 34.206005, 32.318169> 0.250000
	pigment { color rgbt <1,0,0,0> }
	no_shadow
}
cylinder {
	<24.476381, 34.053410, 32.591282>,  <24.625929, 33.961853, 32.755150>, 0.100000
	pigment { color rgbt <1,0,0,0> }
	no_shadow
}
cylinder {
	<24.476381, 34.053410, 32.591282>,  <24.227135, 34.206005, 32.318169>, 0.100000
	pigment { color rgbt <1,0,0,0> }
	no_shadow
}

// particle -1
sphere {
	<24.476381, 34.053410, 32.591282> 0.100000
	pigment { color rgbt <1,0,0,0> }
	no_shadow
}
sphere {
	0, 1
	scale<0.080000,0.200000,0.300000>
	matrix <0.645202, -0.242719, -0.724432,
		0.442085, 0.891940, 0.094892,
		0.623118, -0.381485, 0.682784,
		24.663317, 33.938965, 32.796116>
	pigment { color rgbt <0,1,1,0> }
	no_shadow
}
cylinder {
	<24.864637, 34.409843, 32.097939>,  <24.227135, 34.206005, 32.318169>, 0.130000
	pigment { color rgbt <1,0,0,0> }
	no_shadow
}

// nucleotide -1

// particle -1
sphere {
	<24.864637, 34.409843, 32.097939> 0.250000
	pigment { color rgbt <1,0,0,0> }
	no_shadow
}
cylinder {
	<24.952824, 34.103668, 32.339764>,  <25.005735, 33.919964, 32.484859>, 0.100000
	pigment { color rgbt <1,0,0,0> }
	no_shadow
}
cylinder {
	<24.952824, 34.103668, 32.339764>,  <24.864637, 34.409843, 32.097939>, 0.100000
	pigment { color rgbt <1,0,0,0> }
	no_shadow
}

// particle -1
sphere {
	<24.952824, 34.103668, 32.339764> 0.100000
	pigment { color rgbt <1,0,0,0> }
	no_shadow
}
sphere {
	0, 1
	scale<0.080000,0.200000,0.300000>
	matrix <0.650847, -0.346205, -0.675677,
		0.726494, 0.542440, 0.421860,
		0.220464, -0.765442, 0.604561,
		25.018963, 33.874035, 32.521133>
	pigment { color rgbt <0,1,1,0> }
	no_shadow
}
cylinder {
	<25.614616, 34.314213, 31.975878>,  <24.864637, 34.409843, 32.097939>, 0.130000
	pigment { color rgbt <1,0,0,0> }
	no_shadow
}

// nucleotide -1

// particle -1
sphere {
	<25.614616, 34.314213, 31.975878> 0.250000
	pigment { color rgbt <1,0,0,0> }
	no_shadow
}
cylinder {
	<25.485666, 33.984505, 32.162064>,  <25.408297, 33.786678, 32.273773>, 0.100000
	pigment { color rgbt <1,0,0,0> }
	no_shadow
}
cylinder {
	<25.485666, 33.984505, 32.162064>,  <25.614616, 34.314213, 31.975878>, 0.100000
	pigment { color rgbt <1,0,0,0> }
	no_shadow
}

// particle -1
sphere {
	<25.485666, 33.984505, 32.162064> 0.100000
	pigment { color rgbt <1,0,0,0> }
	no_shadow
}
sphere {
	0, 1
	scale<0.080000,0.200000,0.300000>
	matrix <0.638559, -0.552346, -0.535869,
		0.698797, 0.124477, 0.704406,
		-0.322373, -0.824269, 0.465464,
		25.388954, 33.737225, 32.301704>
	pigment { color rgbt <0,1,1,0> }
	no_shadow
}
cylinder {
	<26.225233, 33.976959, 32.147427>,  <25.614616, 34.314213, 31.975878>, 0.130000
	pigment { color rgbt <1,0,0,0> }
	no_shadow
}

// nucleotide -1

// particle -1
sphere {
	<26.225233, 33.976959, 32.147427> 0.250000
	pigment { color rgbt <1,0,0,0> }
	no_shadow
}
cylinder {
	<25.939026, 33.697857, 32.161106>,  <25.767302, 33.530396, 32.169315>, 0.100000
	pigment { color rgbt <1,0,0,0> }
	no_shadow
}
cylinder {
	<25.939026, 33.697857, 32.161106>,  <26.225233, 33.976959, 32.147427>, 0.100000
	pigment { color rgbt <1,0,0,0> }
	no_shadow
}

// particle -1
sphere {
	<25.939026, 33.697857, 32.161106> 0.100000
	pigment { color rgbt <1,0,0,0> }
	no_shadow
}
sphere {
	0, 1
	scale<0.080000,0.200000,0.300000>
	matrix <0.546970, -0.589999, -0.593907,
		0.434581, -0.406244, 0.803807,
		-0.715516, -0.697759, 0.034199,
		25.724371, 33.488529, 32.171368>
	pigment { color rgbt <0,1,1,0> }
	no_shadow
}
cylinder {
	<26.578442, 33.318893, 32.096027>,  <26.225233, 33.976959, 32.147427>, 0.130000
	pigment { color rgbt <1,0,0,0> }
	no_shadow
}

// nucleotide -1

// particle -1
sphere {
	<26.578442, 33.318893, 32.096027> 0.250000
	pigment { color rgbt <1,0,0,0> }
	no_shadow
}
cylinder {
	<26.210003, 33.274860, 31.946650>,  <25.988939, 33.248440, 31.857023>, 0.100000
	pigment { color rgbt <1,0,0,0> }
	no_shadow
}
cylinder {
	<26.210003, 33.274860, 31.946650>,  <26.578442, 33.318893, 32.096027>, 0.100000
	pigment { color rgbt <1,0,0,0> }
	no_shadow
}

// particle -1
sphere {
	<26.210003, 33.274860, 31.946650> 0.100000
	pigment { color rgbt <1,0,0,0> }
	no_shadow
}
sphere {
	0, 1
	scale<0.080000,0.200000,0.300000>
	matrix <0.372443, -0.528590, -0.762810,
		-0.113429, -0.841709, 0.527882,
		-0.921097, -0.110082, -0.373446,
		25.933674, 33.241837, 31.834616>
	pigment { color rgbt <0,1,1,0> }
	no_shadow
}
cylinder {
	<26.694395, 32.759415, 31.707079>,  <26.578442, 33.318893, 32.096027>, 0.130000
	pigment { color rgbt <1,0,0,0> }
	no_shadow
}

// nucleotide -1

// particle -1
sphere {
	<26.694395, 32.759415, 31.707079> 0.250000
	pigment { color rgbt <1,0,0,0> }
	no_shadow
}
cylinder {
	<26.345486, 32.892151, 31.563402>,  <26.136141, 32.971794, 31.477196>, 0.100000
	pigment { color rgbt <1,0,0,0> }
	no_shadow
}
cylinder {
	<26.345486, 32.892151, 31.563402>,  <26.694395, 32.759415, 31.707079>, 0.100000
	pigment { color rgbt <1,0,0,0> }
	no_shadow
}

// particle -1
sphere {
	<26.345486, 32.892151, 31.563402> 0.100000
	pigment { color rgbt <1,0,0,0> }
	no_shadow
}
sphere {
	0, 1
	scale<0.080000,0.200000,0.300000>
	matrix <0.265647, -0.295152, -0.917779,
		-0.410578, -0.895971, 0.169299,
		-0.872271, 0.331846, -0.359195,
		26.083803, 32.991703, 31.455645>
	pigment { color rgbt <0,1,1,0> }
	no_shadow
}
cylinder {
	<26.498373, 32.246452, 31.151836>,  <26.694395, 32.759415, 31.707079>, 0.130000
	pigment { color rgbt <1,0,0,0> }
	no_shadow
}

// nucleotide -1

// particle -1
sphere {
	<26.498373, 32.246452, 31.151836> 0.250000
	pigment { color rgbt <1,0,0,0> }
	no_shadow
}
cylinder {
	<26.282642, 32.577290, 31.088535>,  <26.153204, 32.775791, 31.050554>, 0.100000
	pigment { color rgbt <1,0,0,0> }
	no_shadow
}
cylinder {
	<26.282642, 32.577290, 31.088535>,  <26.498373, 32.246452, 31.151836>, 0.100000
	pigment { color rgbt <1,0,0,0> }
	no_shadow
}

// particle -1
sphere {
	<26.282642, 32.577290, 31.088535> 0.100000
	pigment { color rgbt <1,0,0,0> }
	no_shadow
}
sphere {
	0, 1
	scale<0.080000,0.200000,0.300000>
	matrix <0.222908, -0.041002, -0.973977,
		-0.812057, -0.560569, -0.162252,
		-0.539329, 0.827092, -0.158251,
		26.120844, 32.825417, 31.041059>
	pigment { color rgbt <0,1,1,0> }
	no_shadow
}
cylinder {
	<26.097157, 32.131752, 30.551458>,  <26.498373, 32.246452, 31.151836>, 0.130000
	pigment { color rgbt <1,0,0,0> }
	no_shadow
}

// nucleotide -1

// particle -1
sphere {
	<26.097157, 32.131752, 30.551458> 0.250000
	pigment { color rgbt <1,0,0,0> }
	no_shadow
}
cylinder {
	<26.116129, 32.531277, 30.555784>,  <26.127512, 32.770992, 30.558380>, 0.100000
	pigment { color rgbt <1,0,0,0> }
	no_shadow
}
cylinder {
	<26.116129, 32.531277, 30.555784>,  <26.097157, 32.131752, 30.551458>, 0.100000
	pigment { color rgbt <1,0,0,0> }
	no_shadow
}

// particle -1
sphere {
	<26.116129, 32.531277, 30.555784> 0.100000
	pigment { color rgbt <1,0,0,0> }
	no_shadow
}
sphere {
	0, 1
	scale<0.080000,0.200000,0.300000>
	matrix <0.389546, -0.008527, -0.920968,
		-0.919785, 0.047897, -0.389489,
		0.047433, 0.998816, 0.010815,
		26.130360, 32.830921, 30.559029>
	pigment { color rgbt <0,1,1,0> }
	no_shadow
}
cylinder {
	<26.008724, 32.348103, 29.924793>,  <26.097157, 32.131752, 30.551458>, 0.130000
	pigment { color rgbt <1,0,0,0> }
	no_shadow
}

// nucleotide -1

// particle -1
sphere {
	<26.008724, 32.348103, 29.924793> 0.250000
	pigment { color rgbt <1,0,0,0> }
	no_shadow
}
cylinder {
	<26.146032, 32.694965, 30.069130>,  <26.228416, 32.903084, 30.155731>, 0.100000
	pigment { color rgbt <1,0,0,0> }
	no_shadow
}
cylinder {
	<26.146032, 32.694965, 30.069130>,  <26.008724, 32.348103, 29.924793>, 0.100000
	pigment { color rgbt <1,0,0,0> }
	no_shadow
}

// particle -1
sphere {
	<26.146032, 32.694965, 30.069130> 0.100000
	pigment { color rgbt <1,0,0,0> }
	no_shadow
}
sphere {
	0, 1
	scale<0.080000,0.200000,0.300000>
	matrix <0.211102, 0.303122, -0.929275,
		-0.915206, 0.395166, -0.079006,
		0.343270, 0.867157, 0.360840,
		26.249014, 32.955112, 30.177382>
	pigment { color rgbt <0,1,1,0> }
	no_shadow
}
cylinder {
	<25.701750, 32.992535, 29.508759>,  <26.008724, 32.348103, 29.924793>, 0.130000
	pigment { color rgbt <1,0,0,0> }
	no_shadow
}

// nucleotide -1

// particle -1
sphere {
	<25.701750, 32.992535, 29.508759> 0.250000
	pigment { color rgbt <1,0,0,0> }
	no_shadow
}
cylinder {
	<26.042757, 33.103848, 29.685743>,  <26.247360, 33.170635, 29.791935>, 0.100000
	pigment { color rgbt <1,0,0,0> }
	no_shadow
}
cylinder {
	<26.042757, 33.103848, 29.685743>,  <25.701750, 32.992535, 29.508759>, 0.100000
	pigment { color rgbt <1,0,0,0> }
	no_shadow
}

// particle -1
sphere {
	<26.042757, 33.103848, 29.685743> 0.100000
	pigment { color rgbt <1,0,0,0> }
	no_shadow
}
sphere {
	0, 1
	scale<0.080000,0.200000,0.300000>
	matrix <0.278319, 0.474841, -0.834904,
		-0.442441, 0.834915, 0.327358,
		0.852517, 0.278285, 0.442462,
		26.298512, 33.187332, 29.818481>
	pigment { color rgbt <0,1,1,0> }
	no_shadow
}
cylinder {
	<25.914827, 33.525814, 29.044367>,  <25.701750, 32.992535, 29.508759>, 0.130000
	pigment { color rgbt <1,0,0,0> }
	no_shadow
}

// nucleotide -1

// particle -1
sphere {
	<25.914827, 33.525814, 29.044367> 0.250000
	pigment { color rgbt <1,0,0,0> }
	no_shadow
}
cylinder {
	<26.248953, 33.466236, 29.256054>,  <26.449429, 33.430489, 29.383066>, 0.100000
	pigment { color rgbt <1,0,0,0> }
	no_shadow
}
cylinder {
	<26.248953, 33.466236, 29.256054>,  <25.914827, 33.525814, 29.044367>, 0.100000
	pigment { color rgbt <1,0,0,0> }
	no_shadow
}

// particle -1
sphere {
	<26.248953, 33.466236, 29.256054> 0.100000
	pigment { color rgbt <1,0,0,0> }
	no_shadow
}
sphere {
	0, 1
	scale<0.080000,0.200000,0.300000>
	matrix <0.538358, 0.416757, -0.732451,
		-0.111463, 0.896733, 0.428306,
		0.835313, -0.148941, 0.529216,
		26.499546, 33.421555, 29.414818>
	pigment { color rgbt <0,1,1,0> }
	no_shadow
}
cylinder {
	<26.357428, 34.037766, 28.917749>,  <25.914827, 33.525814, 29.044367>, 0.130000
	pigment { color rgbt <1,0,0,0> }
	no_shadow
}

// nucleotide -1

// particle -1
sphere {
	<26.357428, 34.037766, 28.917749> 0.250000
	pigment { color rgbt <1,0,0,0> }
	no_shadow
}
cylinder {
	<26.631800, 33.786777, 29.065142>,  <26.796423, 33.636185, 29.153578>, 0.100000
	pigment { color rgbt <1,0,0,0> }
	no_shadow
}
cylinder {
	<26.631800, 33.786777, 29.065142>,  <26.357428, 34.037766, 28.917749>, 0.100000
	pigment { color rgbt <1,0,0,0> }
	no_shadow
}

// particle -1
sphere {
	<26.631800, 33.786777, 29.065142> 0.100000
	pigment { color rgbt <1,0,0,0> }
	no_shadow
}
sphere {
	0, 1
	scale<0.080000,0.200000,0.300000>
	matrix <0.598436, 0.198352, -0.776228,
		0.413973, 0.752950, 0.511558,
		0.685930, -0.627473, 0.368480,
		26.837578, 33.598537, 29.175686>
	pigment { color rgbt <0,1,1,0> }
	no_shadow
}
cylinder {
	<26.972992, 34.301033, 28.743338>,  <26.357428, 34.037766, 28.917749>, 0.130000
	pigment { color rgbt <1,0,0,0> }
	no_shadow
}

// nucleotide -1

// particle -1
sphere {
	<26.972992, 34.301033, 28.743338> 0.250000
	pigment { color rgbt <1,0,0,0> }
	no_shadow
}
cylinder {
	<27.085770, 33.924385, 28.816950>,  <27.153437, 33.698399, 28.861116>, 0.100000
	pigment { color rgbt <1,0,0,0> }
	no_shadow
}
cylinder {
	<27.085770, 33.924385, 28.816950>,  <26.972992, 34.301033, 28.743338>, 0.100000
	pigment { color rgbt <1,0,0,0> }
	no_shadow
}

// particle -1
sphere {
	<27.085770, 33.924385, 28.816950> 0.100000
	pigment { color rgbt <1,0,0,0> }
	no_shadow
}
sphere {
	0, 1
	scale<0.080000,0.200000,0.300000>
	matrix <0.714627, 0.078122, -0.695129,
		0.640168, 0.327500, 0.694931,
		0.281944, -0.941616, 0.184029,
		27.170353, 33.641899, 28.872158>
	pigment { color rgbt <0,1,1,0> }
	no_shadow
}
cylinder {
	<27.637762, 34.370285, 28.865328>,  <26.972992, 34.301033, 28.743338>, 0.130000
	pigment { color rgbt <1,0,0,0> }
	no_shadow
}

// nucleotide -1

// particle -1
sphere {
	<27.637762, 34.370285, 28.865328> 0.250000
	pigment { color rgbt <1,0,0,0> }
	no_shadow
}
cylinder {
	<27.559402, 33.993145, 28.757513>,  <27.512386, 33.766861, 28.692825>, 0.100000
	pigment { color rgbt <1,0,0,0> }
	no_shadow
}
cylinder {
	<27.559402, 33.993145, 28.757513>,  <27.637762, 34.370285, 28.865328>, 0.100000
	pigment { color rgbt <1,0,0,0> }
	no_shadow
}

// particle -1
sphere {
	<27.559402, 33.993145, 28.757513> 0.100000
	pigment { color rgbt <1,0,0,0> }
	no_shadow
}
sphere {
	0, 1
	scale<0.080000,0.200000,0.300000>
	matrix <0.808463, 0.000272, -0.588546,
		0.554987, -0.333206, 0.762210,
		-0.195900, -0.942854, -0.269535,
		27.500633, 33.710289, 28.676653>
	pigment { color rgbt <0,1,1,0> }
	no_shadow
}
cylinder {
	<28.318626, 34.109676, 28.954271>,  <27.637762, 34.370285, 28.865328>, 0.130000
	pigment { color rgbt <1,0,0,0> }
	no_shadow
}

// nucleotide -1

// particle -1
sphere {
	<28.318626, 34.109676, 28.954271> 0.250000
	pigment { color rgbt <1,0,0,0> }
	no_shadow
}
cylinder {
	<28.110239, 33.870277, 28.710833>,  <27.985207, 33.726639, 28.564770>, 0.100000
	pigment { color rgbt <1,0,0,0> }
	no_shadow
}
cylinder {
	<28.110239, 33.870277, 28.710833>,  <28.318626, 34.109676, 28.954271>, 0.100000
	pigment { color rgbt <1,0,0,0> }
	no_shadow
}

// particle -1
sphere {
	<28.110239, 33.870277, 28.710833> 0.100000
	pigment { color rgbt <1,0,0,0> }
	no_shadow
}
sphere {
	0, 1
	scale<0.080000,0.200000,0.300000>
	matrix <0.737573, 0.043223, -0.673883,
		0.429625, -0.799955, 0.418921,
		-0.520969, -0.598501, -0.608594,
		27.953949, 33.690727, 28.528254>
	pigment { color rgbt <0,1,1,0> }
	no_shadow
}
cylinder {
	<28.781834, 33.609005, 28.782616>,  <28.318626, 34.109676, 28.954271>, 0.130000
	pigment { color rgbt <1,0,0,0> }
	no_shadow
}

// nucleotide -1

// particle -1
sphere {
	<28.781834, 33.609005, 28.782616> 0.250000
	pigment { color rgbt <1,0,0,0> }
	no_shadow
}
cylinder {
	<28.506748, 33.590569, 28.492809>,  <28.341698, 33.579506, 28.318926>, 0.100000
	pigment { color rgbt <1,0,0,0> }
	no_shadow
}
cylinder {
	<28.506748, 33.590569, 28.492809>,  <28.781834, 33.609005, 28.782616>, 0.100000
	pigment { color rgbt <1,0,0,0> }
	no_shadow
}

// particle -1
sphere {
	<28.506748, 33.590569, 28.492809> 0.100000
	pigment { color rgbt <1,0,0,0> }
	no_shadow
}
sphere {
	0, 1
	scale<0.080000,0.200000,0.300000>
	matrix <0.721215, -0.157561, -0.674554,
		-0.083061, -0.986433, 0.141602,
		-0.687713, -0.046096, -0.724518,
		28.300434, 33.576740, 28.275454>
	pigment { color rgbt <0,1,1,0> }
	no_shadow
}
cylinder {
	<29.059956, 33.145401, 28.408672>,  <28.781834, 33.609005, 28.782616>, 0.130000
	pigment { color rgbt <1,0,0,0> }
	no_shadow
}

// nucleotide -1

// particle -1
sphere {
	<29.059956, 33.145401, 28.408672> 0.250000
	pigment { color rgbt <1,0,0,0> }
	no_shadow
}
cylinder {
	<28.780609, 33.315796, 28.178604>,  <28.613001, 33.418034, 28.040564>, 0.100000
	pigment { color rgbt <1,0,0,0> }
	no_shadow
}
cylinder {
	<28.780609, 33.315796, 28.178604>,  <29.059956, 33.145401, 28.408672>, 0.100000
	pigment { color rgbt <1,0,0,0> }
	no_shadow
}

// particle -1
sphere {
	<28.780609, 33.315796, 28.178604> 0.100000
	pigment { color rgbt <1,0,0,0> }
	no_shadow
}
sphere {
	0, 1
	scale<0.080000,0.200000,0.300000>
	matrix <0.577625, -0.139096, -0.804364,
		-0.422651, -0.893974, -0.148919,
		-0.698367, 0.425985, -0.575170,
		28.571098, 33.443592, 28.006054>
	pigment { color rgbt <0,1,1,0> }
	no_shadow
}
cylinder {
	<29.007278, 32.726807, 27.699341>,  <29.059956, 33.145401, 28.408672>, 0.130000
	pigment { color rgbt <1,0,0,0> }
	no_shadow
}

// nucleotide -1

// particle -1
sphere {
	<29.007278, 32.726807, 27.699341> 0.250000
	pigment { color rgbt <1,0,0,0> }
	no_shadow
}
cylinder {
	<28.916115, 33.114960, 27.667294>,  <28.861416, 33.347851, 27.648066>, 0.100000
	pigment { color rgbt <1,0,0,0> }
	no_shadow
}
cylinder {
	<28.916115, 33.114960, 27.667294>,  <29.007278, 32.726807, 27.699341>, 0.100000
	pigment { color rgbt <1,0,0,0> }
	no_shadow
}

// particle -1
sphere {
	<28.916115, 33.114960, 27.667294> 0.100000
	pigment { color rgbt <1,0,0,0> }
	no_shadow
}
sphere {
	0, 1
	scale<0.080000,0.200000,0.300000>
	matrix <0.638976, 0.086973, -0.764294,
		-0.734688, -0.225384, -0.639872,
		-0.227911, 0.970380, -0.080117,
		28.847742, 33.406075, 27.643259>
	pigment { color rgbt <0,1,1,0> }
	no_shadow
}
cylinder {
	<28.936310, 32.887321, 26.984676>,  <29.007278, 32.726807, 27.699341>, 0.130000
	pigment { color rgbt <1,0,0,0> }
	no_shadow
}

// nucleotide -1

// particle -1
sphere {
	<28.936310, 32.887321, 26.984676> 0.250000
	pigment { color rgbt <1,0,0,0> }
	no_shadow
}
cylinder {
	<29.017418, 33.239063, 27.157009>,  <29.066084, 33.450108, 27.260408>, 0.100000
	pigment { color rgbt <1,0,0,0> }
	no_shadow
}
cylinder {
	<29.017418, 33.239063, 27.157009>,  <28.936310, 32.887321, 26.984676>, 0.100000
	pigment { color rgbt <1,0,0,0> }
	no_shadow
}

// particle -1
sphere {
	<29.017418, 33.239063, 27.157009> 0.100000
	pigment { color rgbt <1,0,0,0> }
	no_shadow
}
sphere {
	0, 1
	scale<0.080000,0.200000,0.300000>
	matrix <0.681793, 0.189025, -0.706702,
		-0.702881, 0.437037, -0.561210,
		0.202772, 0.879357, 0.430831,
		29.078249, 33.502869, 27.286259>
	pigment { color rgbt <0,1,1,0> }
	no_shadow
}
cylinder {
	<28.794733, 33.553532, 26.554352>,  <28.936310, 32.887321, 26.984676>, 0.130000
	pigment { color rgbt <1,0,0,0> }
	no_shadow
}

// nucleotide -1

// particle -1
sphere {
	<28.794733, 33.553532, 26.554352> 0.250000
	pigment { color rgbt <1,0,0,0> }
	no_shadow
}
cylinder {
	<29.108458, 33.598015, 26.798479>,  <29.296692, 33.624702, 26.944956>, 0.100000
	pigment { color rgbt <1,0,0,0> }
	no_shadow
}
cylinder {
	<29.108458, 33.598015, 26.798479>,  <28.794733, 33.553532, 26.554352>, 0.100000
	pigment { color rgbt <1,0,0,0> }
	no_shadow
}

// particle -1
sphere {
	<29.108458, 33.598015, 26.798479> 0.100000
	pigment { color rgbt <1,0,0,0> }
	no_shadow
}
sphere {
	0, 1
	scale<0.080000,0.200000,0.300000>
	matrix <0.543879, 0.349980, -0.762699,
		-0.298416, 0.930133, 0.214011,
		0.784311, 0.111205, 0.610319,
		29.343750, 33.631378, 26.981575>
	pigment { color rgbt <0,1,1,0> }
	no_shadow
}
cylinder {
	<29.029938, 34.269810, 26.609518>,  <28.794733, 33.553532, 26.554352>, 0.130000
	pigment { color rgbt <1,0,0,0> }
	no_shadow
}

// nucleotide -1

// particle -1
sphere {
	<29.029938, 34.269810, 26.609518> 0.250000
	pigment { color rgbt <1,0,0,0> }
	no_shadow
}
cylinder {
	<29.347029, 34.070541, 26.750034>,  <29.537283, 33.950981, 26.834343>, 0.100000
	pigment { color rgbt <1,0,0,0> }
	no_shadow
}
cylinder {
	<29.347029, 34.070541, 26.750034>,  <29.029938, 34.269810, 26.609518>, 0.100000
	pigment { color rgbt <1,0,0,0> }
	no_shadow
}

// particle -1
sphere {
	<29.347029, 34.070541, 26.750034> 0.100000
	pigment { color rgbt <1,0,0,0> }
	no_shadow
}
sphere {
	0, 1
	scale<0.080000,0.200000,0.300000>
	matrix <0.590238, 0.483306, -0.646556,
		0.152317, 0.719888, 0.677171,
		0.792729, -0.498173, 0.351290,
		29.584846, 33.921089, 26.855421>
	pigment { color rgbt <0,1,1,0> }
	no_shadow
}
cylinder {
	<28.699213, 34.871826, 27.056057>,  <29.029938, 34.269810, 26.609518>, 0.130000
	pigment { color rgbt <1,0,0,0> }
	no_shadow
}

// nucleotide -1

// particle -1
sphere {
	<28.699213, 34.871826, 27.056057> 0.250000
	pigment { color rgbt <1,0,0,0> }
	no_shadow
}
cylinder {
	<29.017317, 34.805378, 27.289284>,  <29.208179, 34.765507, 27.429218>, 0.100000
	pigment { color rgbt <1,0,0,0> }
	no_shadow
}
cylinder {
	<29.017317, 34.805378, 27.289284>,  <28.699213, 34.871826, 27.056057>, 0.100000
	pigment { color rgbt <1,0,0,0> }
	no_shadow
}

// particle -1
sphere {
	<29.017317, 34.805378, 27.289284> 0.100000
	pigment { color rgbt <1,0,0,0> }
	no_shadow
}
sphere {
	0, 1
	scale<0.080000,0.200000,0.300000>
	matrix <-0.606156, -0.236411, 0.759398,
		0.011690, -0.957347, -0.288705,
		0.795260, -0.166123, 0.583065,
		29.255896, 34.755543, 27.464203>
	pigment { color rgbt <0,1,1,0> }
	no_shadow
}
cylinder {
	<28.580643, 35.566196, 26.770514>,  <28.699213, 34.871826, 27.056057>, 0.130000
	pigment { color rgbt <1,0,0,0> }
	no_shadow
}

// nucleotide -1

// particle -1
sphere {
	<28.580643, 35.566196, 26.770514> 0.250000
	pigment { color rgbt <1,0,0,0> }
	no_shadow
}
cylinder {
	<28.817324, 35.829369, 26.584171>,  <28.959332, 35.987270, 26.472366>, 0.100000
	pigment { color rgbt <1,0,0,0> }
	no_shadow
}
cylinder {
	<28.817324, 35.829369, 26.584171>,  <28.580643, 35.566196, 26.770514>, 0.100000
	pigment { color rgbt <1,0,0,0> }
	no_shadow
}

// particle -1
sphere {
	<28.817324, 35.829369, 26.584171> 0.100000
	pigment { color rgbt <1,0,0,0> }
	no_shadow
}
sphere {
	0, 1
	scale<0.080000,0.200000,0.300000>
	matrix <-0.460104, 0.750122, 0.474997,
		0.661961, -0.066716, 0.746563,
		0.591703, 0.657926, -0.465855,
		28.994835, 36.026745, 26.444414>
	pigment { color rgbt <0,1,1,0> }
	no_shadow
}
cylinder {
	<28.893557, 35.996105, 27.364124>,  <28.580643, 35.566196, 26.770514>, 0.130000
	pigment { color rgbt <1,0,0,0> }
	no_shadow
}

// nucleotide -1

// particle -1
sphere {
	<28.893557, 35.996105, 27.364124> 0.250000
	pigment { color rgbt <1,0,0,0> }
	no_shadow
}
cylinder {
	<28.840075, 36.184654, 27.015429>,  <28.807985, 36.297783, 26.806211>, 0.100000
	pigment { color rgbt <1,0,0,0> }
	no_shadow
}
cylinder {
	<28.840075, 36.184654, 27.015429>,  <28.893557, 35.996105, 27.364124>, 0.100000
	pigment { color rgbt <1,0,0,0> }
	no_shadow
}

// particle -1
sphere {
	<28.840075, 36.184654, 27.015429> 0.100000
	pigment { color rgbt <1,0,0,0> }
	no_shadow
}
sphere {
	0, 1
	scale<0.080000,0.200000,0.300000>
	matrix <0.033995, 0.881301, 0.471330,
		0.990438, 0.033384, -0.133859,
		-0.133705, 0.471374, -0.871740,
		28.799963, 36.326065, 26.753906>
	pigment { color rgbt <0,1,1,0> }
	no_shadow
}
cylinder {
	<29.459673, 36.321747, 27.236143>,  <28.893557, 35.996105, 27.364124>, 0.130000
	pigment { color rgbt <1,0,0,0> }
	no_shadow
}

// nucleotide -1

// particle -1
sphere {
	<29.459673, 36.321747, 27.236143> 0.250000
	pigment { color rgbt <1,0,0,0> }
	no_shadow
}
cylinder {
	<29.128763, 36.510231, 27.113783>,  <28.930218, 36.623322, 27.040367>, 0.100000
	pigment { color rgbt <1,0,0,0> }
	no_shadow
}
cylinder {
	<29.128763, 36.510231, 27.113783>,  <29.459673, 36.321747, 27.236143>, 0.100000
	pigment { color rgbt <1,0,0,0> }
	no_shadow
}

// particle -1
sphere {
	<29.128763, 36.510231, 27.113783> 0.100000
	pigment { color rgbt <1,0,0,0> }
	no_shadow
}
sphere {
	0, 1
	scale<0.080000,0.200000,0.300000>
	matrix <0.186903, 0.744335, 0.641118,
		0.529797, 0.473206, -0.703840,
		-0.827274, 0.471212, -0.305903,
		28.880581, 36.651596, 27.022013>
	pigment { color rgbt <0,1,1,0> }
	no_shadow
}
cylinder {
	<29.520191, 37.034725, 26.928598>,  <29.459673, 36.321747, 27.236143>, 0.130000
	pigment { color rgbt <1,0,0,0> }
	no_shadow
}

// nucleotide -1

// particle -1
sphere {
	<29.520191, 37.034725, 26.928598> 0.250000
	pigment { color rgbt <1,0,0,0> }
	no_shadow
}
cylinder {
	<29.164618, 36.998844, 27.108265>,  <28.951273, 36.977314, 27.216064>, 0.100000
	pigment { color rgbt <1,0,0,0> }
	no_shadow
}
cylinder {
	<29.164618, 36.998844, 27.108265>,  <29.520191, 37.034725, 26.928598>, 0.100000
	pigment { color rgbt <1,0,0,0> }
	no_shadow
}

// particle -1
sphere {
	<29.164618, 36.998844, 27.108265> 0.100000
	pigment { color rgbt <1,0,0,0> }
	no_shadow
}
sphere {
	0, 1
	scale<0.080000,0.200000,0.300000>
	matrix <0.203950, 0.800540, 0.563507,
		-0.410123, 0.592528, -0.693333,
		-0.888934, -0.089702, 0.449166,
		28.897938, 36.971935, 27.243015>
	pigment { color rgbt <0,1,1,0> }
	no_shadow
}
cylinder {
	<29.851757, 37.097900, 27.556810>,  <29.520191, 37.034725, 26.928598>, 0.130000
	pigment { color rgbt <1,0,0,0> }
	no_shadow
}

// nucleotide -1

// particle -1
sphere {
	<29.851757, 37.097900, 27.556810> 0.250000
	pigment { color rgbt <1,0,0,0> }
	no_shadow
}
cylinder {
	<30.226660, 36.988689, 27.643536>,  <30.451601, 36.923164, 27.695572>, 0.100000
	pigment { color rgbt <1,0,0,0> }
	no_shadow
}
cylinder {
	<30.226660, 36.988689, 27.643536>,  <29.851757, 37.097900, 27.556810>, 0.100000
	pigment { color rgbt <1,0,0,0> }
	no_shadow
}

// particle -1
sphere {
	<30.226660, 36.988689, 27.643536> 0.100000
	pigment { color rgbt <1,0,0,0> }
	no_shadow
}
sphere {
	0, 1
	scale<0.080000,0.200000,0.300000>
	matrix <-0.249782, -0.091995, 0.963922,
		-0.243230, -0.957598, -0.154420,
		0.937255, -0.273026, 0.216815,
		30.507837, 36.906784, 27.708580>
	pigment { color rgbt <0,1,1,0> }
	no_shadow
}
cylinder {
	<29.890633, 36.429325, 28.031012>,  <29.851757, 37.097900, 27.556810>, 0.130000
	pigment { color rgbt <1,0,0,0> }
	no_shadow
}

// nucleotide -1

// particle -1
sphere {
	<29.890633, 36.429325, 28.031012> 0.250000
	pigment { color rgbt <1,0,0,0> }
	no_shadow
}
cylinder {
	<30.250898, 36.591774, 28.092813>,  <30.467058, 36.689243, 28.129894>, 0.100000
	pigment { color rgbt <1,0,0,0> }
	no_shadow
}
cylinder {
	<30.250898, 36.591774, 28.092813>,  <29.890633, 36.429325, 28.031012>, 0.100000
	pigment { color rgbt <1,0,0,0> }
	no_shadow
}

// particle -1
sphere {
	<30.250898, 36.591774, 28.092813> 0.100000
	pigment { color rgbt <1,0,0,0> }
	no_shadow
}
sphere {
	0, 1
	scale<0.080000,0.200000,0.300000>
	matrix <-0.099875, -0.152565, 0.983234,
		0.422886, -0.900993, -0.096848,
		0.900662, 0.406123, 0.154505,
		30.521097, 36.713612, 28.139164>
	pigment { color rgbt <0,1,1,0> }
	no_shadow
}
cylinder {
	<30.378281, 36.027161, 28.456999>,  <29.890633, 36.429325, 28.031012>, 0.130000
	pigment { color rgbt <1,0,0,0> }
	no_shadow
}

// nucleotide -1

// particle -1
sphere {
	<30.378281, 36.027161, 28.456999> 0.250000
	pigment { color rgbt <1,0,0,0> }
	no_shadow
}
cylinder {
	<30.429119, 36.421043, 28.504652>,  <30.459623, 36.657375, 28.533245>, 0.100000
	pigment { color rgbt <1,0,0,0> }
	no_shadow
}
cylinder {
	<30.429119, 36.421043, 28.504652>,  <30.378281, 36.027161, 28.456999>, 0.100000
	pigment { color rgbt <1,0,0,0> }
	no_shadow
}

// particle -1
sphere {
	<30.429119, 36.421043, 28.504652> 0.100000
	pigment { color rgbt <1,0,0,0> }
	no_shadow
}
sphere {
	0, 1
	scale<0.080000,0.200000,0.300000>
	matrix <-0.262832, -0.082380, 0.961318,
		0.956434, -0.153493, 0.248343,
		0.127097, 0.984710, 0.119134,
		30.467249, 36.716457, 28.540392>
	pigment { color rgbt <0,1,1,0> }
	no_shadow
}
cylinder {
	<30.907940, 36.152519, 28.988037>,  <30.378281, 36.027161, 28.456999>, 0.130000
	pigment { color rgbt <1,0,0,0> }
	no_shadow
}

// nucleotide -1

// particle -1
sphere {
	<30.907940, 36.152519, 28.988037> 0.250000
	pigment { color rgbt <1,0,0,0> }
	no_shadow
}
cylinder {
	<30.625690, 36.434212, 28.956648>,  <30.456341, 36.603226, 28.937815>, 0.100000
	pigment { color rgbt <1,0,0,0> }
	no_shadow
}
cylinder {
	<30.625690, 36.434212, 28.956648>,  <30.907940, 36.152519, 28.988037>, 0.100000
	pigment { color rgbt <1,0,0,0> }
	no_shadow
}

// particle -1
sphere {
	<30.625690, 36.434212, 28.956648> 0.100000
	pigment { color rgbt <1,0,0,0> }
	no_shadow
}
sphere {
	0, 1
	scale<0.080000,0.200000,0.300000>
	matrix <-0.178371, -0.069356, 0.981516,
		0.685767, 0.706579, 0.174553,
		-0.705625, 0.704227, -0.078471,
		30.414003, 36.645481, 28.933107>
	pigment { color rgbt <0,1,1,0> }
	no_shadow
}
cylinder {
	<31.122437, 36.585201, 29.539927>,  <30.907940, 36.152519, 28.988037>, 0.130000
	pigment { color rgbt <1,0,0,0> }
	no_shadow
}

// nucleotide -1

// particle -1
sphere {
	<31.122437, 36.585201, 29.539927> 0.250000
	pigment { color rgbt <1,0,0,0> }
	no_shadow
}
cylinder {
	<30.732384, 36.623825, 29.460131>,  <30.498352, 36.646999, 29.412254>, 0.100000
	pigment { color rgbt <1,0,0,0> }
	no_shadow
}
cylinder {
	<30.732384, 36.623825, 29.460131>,  <31.122437, 36.585201, 29.539927>, 0.100000
	pigment { color rgbt <1,0,0,0> }
	no_shadow
}

// particle -1
sphere {
	<30.732384, 36.623825, 29.460131> 0.100000
	pigment { color rgbt <1,0,0,0> }
	no_shadow
}
sphere {
	0, 1
	scale<0.080000,0.200000,0.300000>
	matrix <-0.215757, -0.207777, 0.954085,
		0.050681, 0.973398, 0.223444,
		-0.975131, 0.096563, -0.199487,
		30.439844, 36.652794, 29.400284>
	pigment { color rgbt <0,1,1,0> }
	no_shadow
}
cylinder {
	<30.798059, 36.818512, 30.179783>,  <31.122437, 36.585201, 29.539927>, 0.130000
	pigment { color rgbt <1,0,0,0> }
	no_shadow
}

// nucleotide -1

// particle -1
sphere {
	<30.798059, 36.818512, 30.179783> 0.250000
	pigment { color rgbt <1,0,0,0> }
	no_shadow
}
cylinder {
	<30.531284, 36.633121, 29.946415>,  <30.371220, 36.521885, 29.806395>, 0.100000
	pigment { color rgbt <1,0,0,0> }
	no_shadow
}
cylinder {
	<30.531284, 36.633121, 29.946415>,  <30.798059, 36.818512, 30.179783>, 0.100000
	pigment { color rgbt <1,0,0,0> }
	no_shadow
}

// particle -1
sphere {
	<30.531284, 36.633121, 29.946415> 0.100000
	pigment { color rgbt <1,0,0,0> }
	no_shadow
}
sphere {
	0, 1
	scale<0.080000,0.200000,0.300000>
	matrix <-0.419687, -0.413313, 0.808106,
		-0.615676, 0.783811, 0.081138,
		-0.666938, -0.463479, -0.583422,
		30.331203, 36.494080, 29.771389>
	pigment { color rgbt <0,1,1,0> }
	no_shadow
}
cylinder {
	<30.071783, 36.990528, 30.421793>,  <30.798059, 36.818512, 30.179783>, 0.130000
	pigment { color rgbt <1,0,0,0> }
	no_shadow
}

// nucleotide -1

// particle -1
sphere {
	<30.071783, 36.990528, 30.421793> 0.250000
	pigment { color rgbt <1,0,0,0> }
	no_shadow
}
cylinder {
	<30.068726, 36.639885, 30.229336>,  <30.066891, 36.429501, 30.113861>, 0.100000
	pigment { color rgbt <1,0,0,0> }
	no_shadow
}
cylinder {
	<30.068726, 36.639885, 30.229336>,  <30.071783, 36.990528, 30.421793>, 0.100000
	pigment { color rgbt <1,0,0,0> }
	no_shadow
}

// particle -1
sphere {
	<30.068726, 36.639885, 30.229336> 0.100000
	pigment { color rgbt <1,0,0,0> }
	no_shadow
}
sphere {
	0, 1
	scale<0.080000,0.200000,0.300000>
	matrix <-0.458606, -0.424502, 0.780692,
		-0.888607, 0.226622, -0.398773,
		-0.007642, -0.876607, -0.481145,
		30.066433, 36.376904, 30.084991>
	pigment { color rgbt <0,1,1,0> }
	no_shadow
}
cylinder {
	<29.410252, 36.676613, 30.553600>,  <30.071783, 36.990528, 30.421793>, 0.130000
	pigment { color rgbt <1,0,0,0> }
	no_shadow
}

// nucleotide -1

// particle -1
sphere {
	<29.410252, 36.676613, 30.553600> 0.250000
	pigment { color rgbt <1,0,0,0> }
	no_shadow
}
cylinder {
	<29.593708, 36.366325, 30.380207>,  <29.703781, 36.180153, 30.276171>, 0.100000
	pigment { color rgbt <1,0,0,0> }
	no_shadow
}
cylinder {
	<29.593708, 36.366325, 30.380207>,  <29.410252, 36.676613, 30.553600>, 0.100000
	pigment { color rgbt <1,0,0,0> }
	no_shadow
}

// particle -1
sphere {
	<29.593708, 36.366325, 30.380207> 0.100000
	pigment { color rgbt <1,0,0,0> }
	no_shadow
}
sphere {
	0, 1
	scale<0.080000,0.200000,0.300000>
	matrix <-0.465932, -0.625308, 0.626016,
		-0.756674, -0.085143, -0.648224,
		0.458641, -0.775719, -0.433484,
		29.731300, 36.133610, 30.250162>
	pigment { color rgbt <0,1,1,0> }
	no_shadow
}
cylinder {
	<28.894302, 36.155949, 30.329969>,  <29.410252, 36.676613, 30.553600>, 0.130000
	pigment { color rgbt <1,0,0,0> }
	no_shadow
}

// nucleotide -1

// particle -1
sphere {
	<28.894302, 36.155949, 30.329969> 0.250000
	pigment { color rgbt <1,0,0,0> }
	no_shadow
}
cylinder {
	<29.249908, 35.977192, 30.369843>,  <29.463272, 35.869938, 30.393766>, 0.100000
	pigment { color rgbt <1,0,0,0> }
	no_shadow
}
cylinder {
	<29.249908, 35.977192, 30.369843>,  <28.894302, 36.155949, 30.329969>, 0.100000
	pigment { color rgbt <1,0,0,0> }
	no_shadow
}

// particle -1
sphere {
	<29.249908, 35.977192, 30.369843> 0.100000
	pigment { color rgbt <1,0,0,0> }
	no_shadow
}
sphere {
	0, 1
	scale<0.080000,0.200000,0.300000>
	matrix <-0.366517, -0.564083, 0.739916,
		-0.274434, -0.694332, -0.665273,
		0.889017, -0.446892, 0.099681,
		29.516613, 35.843124, 30.399746>
	pigment { color rgbt <0,1,1,0> }
	no_shadow
}
cylinder {
	<28.721743, 35.411644, 30.458036>,  <28.894302, 36.155949, 30.329969>, 0.130000
	pigment { color rgbt <1,0,0,0> }
	no_shadow
}

// nucleotide -1

// particle -1
sphere {
	<28.721743, 35.411644, 30.458036> 0.250000
	pigment { color rgbt <1,0,0,0> }
	no_shadow
}
cylinder {
	<29.099363, 35.452583, 30.583441>,  <29.325935, 35.477146, 30.658684>, 0.100000
	pigment { color rgbt <1,0,0,0> }
	no_shadow
}
cylinder {
	<29.099363, 35.452583, 30.583441>,  <28.721743, 35.411644, 30.458036>, 0.100000
	pigment { color rgbt <1,0,0,0> }
	no_shadow
}

// particle -1
sphere {
	<29.099363, 35.452583, 30.583441> 0.100000
	pigment { color rgbt <1,0,0,0> }
	no_shadow
}
sphere {
	0, 1
	scale<0.080000,0.200000,0.300000>
	matrix <-0.175362, -0.649321, 0.740021,
		0.279308, -0.753597, -0.595045,
		0.944052, 0.102346, 0.313513,
		29.382580, 35.483288, 30.677494>
	pigment { color rgbt <0,1,1,0> }
	no_shadow
}
cylinder {
	<28.953232, 34.706562, 30.738333>,  <28.721743, 35.411644, 30.458036>, 0.130000
	pigment { color rgbt <1,0,0,0> }
	no_shadow
}

// nucleotide -1

// particle -1
sphere {
	<28.953232, 34.706562, 30.738333> 0.250000
	pigment { color rgbt <1,0,0,0> }
	no_shadow
}
cylinder {
	<29.242079, 34.946129, 30.876810>,  <29.415386, 35.089867, 30.959896>, 0.100000
	pigment { color rgbt <1,0,0,0> }
	no_shadow
}
cylinder {
	<29.242079, 34.946129, 30.876810>,  <28.953232, 34.706562, 30.738333>, 0.100000
	pigment { color rgbt <1,0,0,0> }
	no_shadow
}

// particle -1
sphere {
	<29.242079, 34.946129, 30.876810> 0.100000
	pigment { color rgbt <1,0,0,0> }
	no_shadow
}
sphere {
	0, 1
	scale<0.080000,0.200000,0.300000>
	matrix <0.188367, -0.651770, 0.734652,
