// switches for output
#declare DRAW_BASES = 1; // possible values are 0, 1; only relevant for DNA ribbons
#declare DRAW_BASES_TYPE = 3; // possible values are 1, 2, 3; only relevant for DNA ribbons
#declare DRAW_FOG = 0; // set to 1 to enable fog

#include "colors.inc"

#include "transforms.inc"
background { rgb <1, 1, 1>}

#default {
   normal{
       ripples 0.25
       frequency 0.20
       turbulence 0.2
       lambda 5
   }
	finish {
		phong 0.1
		phong_size 40.
	}
}

// original window dimensions: 1024x640


// camera settings

camera {
	sky <0, 0.179814, -0.983701>
	up <0, 0.179814, -0.983701>
	right 1.6 * <1, 0, 0>
	location <35, 94.9851, 44.8844>
	look_at <35, 29.7336, 32.9568>
	direction <0, -65.2515, -11.9276>
	angle 67.0682
}


# declare cpy_camera_pos = <35, 94.9851, 44.8844>;
# if (DRAW_FOG = 1)
fog {
	fog_type 2
	up vnormalize(cpy_camera_pos)
	color rgbt<1,1,1,0.3>
	distance 1e-5
	fog_alt 3e-3
	fog_offset 56
}
# end


// LIGHTS

# declare lum = 6;
global_settings {
	ambient_light rgb lum * <0.05, 0.05, 0.05>
	max_trace_level 15
}# declare cpy_direct_light_amount = 0.25;
light_source
{	1000 * <-1, -1.16352, -0.803886>,
	rgb lum * cpy_direct_light_amount
	parallel
}

light_source
{	1000 * <1, 1.16352, 0.803886>,
	rgb lum * cpy_direct_light_amount
	parallel
}

// strand 0

// nucleotide -1

// particle -1
sphere {
	<24.284422, 35.257263, 34.667095> 0.250000
	pigment { color rgbt <1,0,0,0> }
	no_shadow
}
cylinder {
	<24.336544, 35.019913, 34.984821>,  <24.367817, 34.877502, 35.175457>, 0.100000
	pigment { color rgbt <1,0,0,0> }
	no_shadow
}
cylinder {
	<24.336544, 35.019913, 34.984821>,  <24.284422, 35.257263, 34.667095>, 0.100000
	pigment { color rgbt <1,0,0,0> }
	no_shadow
}

// particle -1
sphere {
	<24.336544, 35.019913, 34.984821> 0.100000
	pigment { color rgbt <1,0,0,0> }
	no_shadow
}
sphere {
	0, 1
	scale<0.080000,0.200000,0.300000>
	matrix <0.846645, 0.483503, 0.222301,
		-0.515959, 0.643533, 0.565378,
		0.130304, -0.593372, 0.794312,
		24.375635, 34.841900, 35.223114>
	pigment { color rgbt <0,1,1,0> }
	no_shadow
}
cylinder {
	<24.433289, 35.628963, 35.352909>,  <24.284422, 35.257263, 34.667095>, 0.130000
	pigment { color rgbt <1,0,0,0> }
	no_shadow
}

// nucleotide -1

// particle -1
sphere {
	<24.433289, 35.628963, 35.352909> 0.250000
	pigment { color rgbt <1,0,0,0> }
	no_shadow
}
cylinder {
	<24.627474, 35.279289, 35.348450>,  <24.743984, 35.069485, 35.345776>, 0.100000
	pigment { color rgbt <1,0,0,0> }
	no_shadow
}
cylinder {
	<24.627474, 35.279289, 35.348450>,  <24.433289, 35.628963, 35.352909>, 0.100000
	pigment { color rgbt <1,0,0,0> }
	no_shadow
}

// particle -1
sphere {
	<24.627474, 35.279289, 35.348450> 0.100000
	pigment { color rgbt <1,0,0,0> }
	no_shadow
}
sphere {
	0, 1
	scale<0.080000,0.200000,0.300000>
	matrix <0.858958, 0.474556, 0.192320,
		-0.162835, -0.102937, 0.981269,
		0.485464, -0.874186, -0.011144,
		24.773113, 35.017033, 35.345108>
	pigment { color rgbt <0,1,1,0> }
	no_shadow
}
cylinder {
	<24.819658, 35.571030, 35.994293>,  <24.433289, 35.628963, 35.352909>, 0.130000
	pigment { color rgbt <1,0,0,0> }
	no_shadow
}

// nucleotide -1

// particle -1
sphere {
	<24.819658, 35.571030, 35.994293> 0.250000
	pigment { color rgbt <1,0,0,0> }
	no_shadow
}
cylinder {
	<25.003176, 35.347210, 35.718201>,  <25.113285, 35.212917, 35.552547>, 0.100000
	pigment { color rgbt <1,0,0,0> }
	no_shadow
}
cylinder {
	<25.003176, 35.347210, 35.718201>,  <24.819658, 35.571030, 35.994293>, 0.100000
	pigment { color rgbt <1,0,0,0> }
	no_shadow
}

// particle -1
sphere {
	<25.003176, 35.347210, 35.718201> 0.100000
	pigment { color rgbt <1,0,0,0> }
	no_shadow
}
sphere {
	0, 1
	scale<0.080000,0.200000,0.300000>
	matrix <0.882865, 0.374756, 0.283034,
		0.100296, -0.739232, 0.665940,
		0.458793, -0.559548, -0.690228,
		25.140814, 35.179344, 35.511131>
	pigment { color rgbt <0,1,1,0> }
	no_shadow
}
cylinder {
	<25.286266, 35.194008, 36.344109>,  <24.819658, 35.571030, 35.994293>, 0.130000
	pigment { color rgbt <1,0,0,0> }
	no_shadow
}

// nucleotide -1

// particle -1
sphere {
	<25.286266, 35.194008, 36.344109> 0.250000
	pigment { color rgbt <1,0,0,0> }
	no_shadow
}
cylinder {
	<25.409437, 35.295773, 35.977402>,  <25.483339, 35.356831, 35.757378>, 0.100000
	pigment { color rgbt <1,0,0,0> }
	no_shadow
}
cylinder {
	<25.409437, 35.295773, 35.977402>,  <25.286266, 35.194008, 36.344109>, 0.100000
	pigment { color rgbt <1,0,0,0> }
	no_shadow
}

// particle -1
sphere {
	<25.409437, 35.295773, 35.977402> 0.100000
	pigment { color rgbt <1,0,0,0> }
	no_shadow
}
sphere {
	0, 1
	scale<0.080000,0.200000,0.300000>
	matrix <0.780808, 0.482998, 0.396297,
		0.543617, -0.837847, -0.049919,
		0.307925, 0.254412, -0.916764,
		25.501814, 35.372097, 35.702374>
	pigment { color rgbt <0,1,1,0> }
	no_shadow
}
cylinder {
	<25.571779, 35.850582, 36.288322>,  <25.286266, 35.194008, 36.344109>, 0.130000
	pigment { color rgbt <1,0,0,0> }
	no_shadow
}

// nucleotide -1

// particle -1
sphere {
	<25.571779, 35.850582, 36.288322> 0.250000
	pigment { color rgbt <1,0,0,0> }
	no_shadow
}
cylinder {
	<25.623470, 35.969093, 35.909794>,  <25.654486, 36.040199, 35.682678>, 0.100000
	pigment { color rgbt <1,0,0,0> }
	no_shadow
}
cylinder {
	<25.623470, 35.969093, 35.909794>,  <25.571779, 35.850582, 36.288322>, 0.100000
	pigment { color rgbt <1,0,0,0> }
	no_shadow
}

// particle -1
sphere {
	<25.623470, 35.969093, 35.909794> 0.100000
	pigment { color rgbt <1,0,0,0> }
	no_shadow
}
sphere {
	0, 1
	scale<0.080000,0.200000,0.300000>
	matrix <-0.274006, 0.927835, 0.253068,
		0.953006, 0.226593, 0.201084,
		0.129229, 0.296273, -0.946320,
		25.662239, 36.057976, 35.625896>
	pigment { color rgbt <0,1,1,0> }
	no_shadow
}
cylinder {
	<26.022507, 35.275322, 36.333782>,  <25.571779, 35.850582, 36.288322>, 0.130000
	pigment { color rgbt <1,0,0,0> }
	no_shadow
}

// nucleotide -1

// particle -1
sphere {
	<26.022507, 35.275322, 36.333782> 0.250000
	pigment { color rgbt <1,0,0,0> }
	no_shadow
}
cylinder {
	<26.369572, 35.130291, 36.197723>,  <26.577810, 35.043270, 36.116089>, 0.100000
	pigment { color rgbt <1,0,0,0> }
	no_shadow
}
cylinder {
	<26.369572, 35.130291, 36.197723>,  <26.022507, 35.275322, 36.333782>, 0.100000
	pigment { color rgbt <1,0,0,0> }
	no_shadow
}

// particle -1
sphere {
	<26.369572, 35.130291, 36.197723> 0.100000
	pigment { color rgbt <1,0,0,0> }
	no_shadow
}
sphere {
	0, 1
	scale<0.080000,0.200000,0.300000>
	matrix <0.410061, 0.135105, 0.901996,
		-0.281091, -0.922108, 0.265905,
		0.867662, -0.362580, -0.340143,
		26.629871, 35.021519, 36.095680>
	pigment { color rgbt <0,1,1,0> }
	no_shadow
}
cylinder {
	<26.151365, 34.757484, 36.787472>,  <26.022507, 35.275322, 36.333782>, 0.130000
	pigment { color rgbt <1,0,0,0> }
	no_shadow
}

// nucleotide -1

// particle -1
sphere {
	<26.151365, 34.757484, 36.787472> 0.250000
	pigment { color rgbt <1,0,0,0> }
	no_shadow
}
cylinder {
	<26.506285, 34.820225, 36.613991>,  <26.719236, 34.857868, 36.509903>, 0.100000
	pigment { color rgbt <1,0,0,0> }
	no_shadow
}
cylinder {
	<26.506285, 34.820225, 36.613991>,  <26.151365, 34.757484, 36.787472>, 0.100000
	pigment { color rgbt <1,0,0,0> }
	no_shadow
}

// particle -1
sphere {
	<26.506285, 34.820225, 36.613991> 0.100000
	pigment { color rgbt <1,0,0,0> }
	no_shadow
}
sphere {
	0, 1
	scale<0.080000,0.200000,0.300000>
	matrix <0.428588, 0.066888, 0.901021,
		0.170341, -0.985354, -0.007878,
		0.887297, 0.156857, -0.433705,
		26.772474, 34.867283, 36.483879>
	pigment { color rgbt <0,1,1,0> }
	no_shadow
}
cylinder {
	<26.662535, 34.242798, 37.064976>,  <26.151365, 34.757484, 36.787472>, 0.130000
	pigment { color rgbt <1,0,0,0> }
	no_shadow
}

// nucleotide -1

// particle -1
sphere {
	<26.662535, 34.242798, 37.064976> 0.250000
	pigment { color rgbt <1,0,0,0> }
	no_shadow
}
cylinder {
	<26.878933, 34.549747, 36.927303>,  <27.008772, 34.733917, 36.844700>, 0.100000
	pigment { color rgbt <1,0,0,0> }
	no_shadow
}
cylinder {
	<26.878933, 34.549747, 36.927303>,  <26.662535, 34.242798, 37.064976>, 0.100000
	pigment { color rgbt <1,0,0,0> }
	no_shadow
}

// particle -1
sphere {
	<26.878933, 34.549747, 36.927303> 0.100000
	pigment { color rgbt <1,0,0,0> }
	no_shadow
}
sphere {
	0, 1
	scale<0.080000,0.200000,0.300000>
	matrix <0.526978, 0.009641, 0.849824,
		0.655454, -0.641124, -0.399175,
		0.540994, 0.767377, -0.344177,
		27.041231, 34.779961, 36.824051>
	pigment { color rgbt <0,1,1,0> }
	no_shadow
}
cylinder {
	<27.399494, 34.078880, 37.315392>,  <26.662535, 34.242798, 37.064976>, 0.130000
	pigment { color rgbt <1,0,0,0> }
	no_shadow
}

// nucleotide -1

// particle -1
sphere {
	<27.399494, 34.078880, 37.315392> 0.250000
	pigment { color rgbt <1,0,0,0> }
	no_shadow
}
cylinder {
	<27.373837, 34.465664, 37.216698>,  <27.358442, 34.697735, 37.157482>, 0.100000
	pigment { color rgbt <1,0,0,0> }
	no_shadow
}
cylinder {
	<27.373837, 34.465664, 37.216698>,  <27.399494, 34.078880, 37.315392>, 0.100000
	pigment { color rgbt <1,0,0,0> }
	no_shadow
}

// particle -1
sphere {
	<27.373837, 34.465664, 37.216698> 0.100000
	pigment { color rgbt <1,0,0,0> }
	no_shadow
}
sphere {
	0, 1
	scale<0.080000,0.200000,0.300000>
	matrix <0.498741, 0.245210, 0.831342,
		0.864374, -0.069729, -0.497991,
		-0.064143, 0.966959, -0.246731,
		27.354593, 34.755753, 37.142677>
	pigment { color rgbt <0,1,1,0> }
	no_shadow
}
cylinder {
	<27.958735, 34.233562, 37.785103>,  <27.399494, 34.078880, 37.315392>, 0.130000
	pigment { color rgbt <1,0,0,0> }
	no_shadow
}

// nucleotide -1

// particle -1
sphere {
	<27.958735, 34.233562, 37.785103> 0.250000
	pigment { color rgbt <1,0,0,0> }
	no_shadow
}
cylinder {
	<27.758486, 34.556221, 37.659435>,  <27.638336, 34.749817, 37.584034>, 0.100000
	pigment { color rgbt <1,0,0,0> }
	no_shadow
}
cylinder {
	<27.758486, 34.556221, 37.659435>,  <27.958735, 34.233562, 37.785103>, 0.100000
	pigment { color rgbt <1,0,0,0> }
	no_shadow
}

// particle -1
sphere {
	<27.758486, 34.556221, 37.659435> 0.100000
	pigment { color rgbt <1,0,0,0> }
	no_shadow
}
sphere {
	0, 1
	scale<0.080000,0.200000,0.300000>
	matrix <0.203426, 0.462385, 0.863028,
		0.841424, 0.368141, -0.395572,
		-0.500623, 0.806643, -0.314173,
		27.608299, 34.798214, 37.565182>
	pigment { color rgbt <0,1,1,0> }
	no_shadow
}
cylinder {
	<28.404747, 34.757847, 37.929615>,  <27.958735, 34.233562, 37.785103>, 0.130000
	pigment { color rgbt <1,0,0,0> }
	no_shadow
}

// nucleotide -1

// particle -1
sphere {
	<28.404747, 34.757847, 37.929615> 0.250000
	pigment { color rgbt <1,0,0,0> }
	no_shadow
}
cylinder {
	<28.050369, 34.940216, 37.895584>,  <27.837744, 35.049637, 37.875164>, 0.100000
	pigment { color rgbt <1,0,0,0> }
	no_shadow
}
cylinder {
	<28.050369, 34.940216, 37.895584>,  <28.404747, 34.757847, 37.929615>, 0.100000
	pigment { color rgbt <1,0,0,0> }
	no_shadow
}

// particle -1
sphere {
	<28.050369, 34.940216, 37.895584> 0.100000
	pigment { color rgbt <1,0,0,0> }
	no_shadow
}
sphere {
	0, 1
	scale<0.080000,0.200000,0.300000>
	matrix <0.175279, 0.498972, 0.848708,
		0.429397, 0.736995, -0.521975,
		-0.885943, 0.455923, -0.085077,
		27.784586, 35.076992, 37.870060>
	pigment { color rgbt <0,1,1,0> }
	no_shadow
}
cylinder {
	<28.506140, 35.463940, 38.160881>,  <28.404747, 34.757847, 37.929615>, 0.130000
	pigment { color rgbt <1,0,0,0> }
	no_shadow
}

// nucleotide -1

// particle -1
sphere {
	<28.506140, 35.463940, 38.160881> 0.250000
	pigment { color rgbt <1,0,0,0> }
	no_shadow
}
cylinder {
	<28.113184, 35.393234, 38.185101>,  <27.877411, 35.350811, 38.199631>, 0.100000
	pigment { color rgbt <1,0,0,0> }
	no_shadow
}
cylinder {
	<28.113184, 35.393234, 38.185101>,  <28.506140, 35.463940, 38.160881>, 0.100000
	pigment { color rgbt <1,0,0,0> }
	no_shadow
}

// particle -1
sphere {
	<28.113184, 35.393234, 38.185101> 0.100000
	pigment { color rgbt <1,0,0,0> }
	no_shadow
}
sphere {
	0, 1
	scale<0.080000,0.200000,0.300000>
	matrix <-0.032818, 0.482248, 0.875420,
		-0.183946, 0.858015, -0.479556,
		-0.982388, -0.176768, 0.060550,
		27.818468, 35.340202, 38.203266>
	pigment { color rgbt <0,1,1,0> }
	no_shadow
}
cylinder {
	<28.324261, 36.009048, 38.549942>,  <28.506140, 35.463940, 38.160881>, 0.130000
	pigment { color rgbt <1,0,0,0> }
	no_shadow
}

// nucleotide -1

// particle -1
sphere {
	<28.324261, 36.009048, 38.549942> 0.250000
	pigment { color rgbt <1,0,0,0> }
	no_shadow
}
cylinder {
	<27.997097, 35.783417, 38.595261>,  <27.800798, 35.648037, 38.622452>, 0.100000
	pigment { color rgbt <1,0,0,0> }
	no_shadow
}
cylinder {
	<27.997097, 35.783417, 38.595261>,  <28.324261, 36.009048, 38.549942>, 0.100000
	pigment { color rgbt <1,0,0,0> }
	no_shadow
}

// particle -1
sphere {
	<27.997097, 35.783417, 38.595261> 0.100000
	pigment { color rgbt <1,0,0,0> }
	no_shadow
}
sphere {
	0, 1
	scale<0.080000,0.200000,0.300000>
	matrix <-0.135442, 0.380163, 0.914949,
		-0.559175, 0.733002, -0.387340,
		-0.817911, -0.564079, 0.113299,
		27.751724, 35.614193, 38.629250>
	pigment { color rgbt <0,1,1,0> }
	no_shadow
}
cylinder {
	<27.782639, 36.409485, 38.813095>,  <28.324261, 36.009048, 38.549942>, 0.130000
	pigment { color rgbt <1,0,0,0> }
	no_shadow
}

// nucleotide -1

// particle -1
sphere {
	<27.782639, 36.409485, 38.813095> 0.250000
	pigment { color rgbt <1,0,0,0> }
	no_shadow
}
cylinder {
	<27.686989, 36.032040, 38.904678>,  <27.629599, 35.805573, 38.959629>, 0.100000
	pigment { color rgbt <1,0,0,0> }
	no_shadow
}
cylinder {
	<27.686989, 36.032040, 38.904678>,  <27.782639, 36.409485, 38.813095>, 0.100000
	pigment { color rgbt <1,0,0,0> }
	no_shadow
}

// particle -1
sphere {
	<27.686989, 36.032040, 38.904678> 0.100000
	pigment { color rgbt <1,0,0,0> }
	no_shadow
}
sphere {
	0, 1
	scale<0.080000,0.200000,0.300000>
	matrix <-0.053233, 0.248181, 0.967250,
		-0.969529, 0.219103, -0.109577,
		-0.239122, -0.943610, 0.228955,
		27.615252, 35.748955, 38.973366>
	pigment { color rgbt <0,1,1,0> }
	no_shadow
}
cylinder {
	<27.273254, 36.535645, 39.189442>,  <27.782639, 36.409485, 38.813095>, 0.130000
	pigment { color rgbt <1,0,0,0> }
	no_shadow
}

// nucleotide -1

// particle -1
sphere {
	<27.273254, 36.535645, 39.189442> 0.250000
	pigment { color rgbt <1,0,0,0> }
	no_shadow
}
cylinder {
	<27.405861, 36.169941, 39.282585>,  <27.485424, 35.950520, 39.338470>, 0.100000
	pigment { color rgbt <1,0,0,0> }
	no_shadow
}
cylinder {
	<27.405861, 36.169941, 39.282585>,  <27.273254, 36.535645, 39.189442>, 0.100000
	pigment { color rgbt <1,0,0,0> }
	no_shadow
}

// particle -1
sphere {
	<27.405861, 36.169941, 39.282585> 0.100000
	pigment { color rgbt <1,0,0,0> }
	no_shadow
}
sphere {
	0, 1
	scale<0.080000,0.200000,0.300000>
	matrix <-0.132340, 0.199308, 0.970960,
		-0.934122, -0.352705, -0.054919,
		0.331517, -0.914262, 0.232855,
		27.505316, 35.895660, 39.352440>
	pigment { color rgbt <0,1,1,0> }
	no_shadow
}
cylinder {
	<26.690882, 36.237057, 39.515957>,  <27.273254, 36.535645, 39.189442>, 0.130000
	pigment { color rgbt <1,0,0,0> }
	no_shadow
}

// nucleotide -1

// particle -1
sphere {
	<26.690882, 36.237057, 39.515957> 0.250000
	pigment { color rgbt <1,0,0,0> }
	no_shadow
}
cylinder {
	<27.026218, 36.044254, 39.617821>,  <27.227421, 35.928574, 39.678940>, 0.100000
	pigment { color rgbt <1,0,0,0> }
	no_shadow
}
cylinder {
	<27.026218, 36.044254, 39.617821>,  <26.690882, 36.237057, 39.515957>, 0.100000
	pigment { color rgbt <1,0,0,0> }
	no_shadow
}

// particle -1
sphere {
	<27.026218, 36.044254, 39.617821> 0.100000
	pigment { color rgbt <1,0,0,0> }
	no_shadow
}
sphere {
	0, 1
	scale<0.080000,0.200000,0.300000>
	matrix <-0.218092, 0.131586, 0.967016,
		-0.499620, -0.866229, 0.005192,
		0.838341, -0.482008, 0.254661,
		27.277721, 35.899651, 39.694218>
	pigment { color rgbt <0,1,1,0> }
	no_shadow
}
cylinder {
	<26.440168, 35.851467, 40.002010>,  <26.690882, 36.237057, 39.515957>, 0.130000
	pigment { color rgbt <1,0,0,0> }
	no_shadow
}

// nucleotide -1

// particle -1
sphere {
	<26.440168, 35.851467, 40.002010> 0.250000
	pigment { color rgbt <1,0,0,0> }
	no_shadow
}
cylinder {
	<26.832952, 35.866528, 40.076126>,  <27.068623, 35.875565, 40.120598>, 0.100000
	pigment { color rgbt <1,0,0,0> }
	no_shadow
}
cylinder {
	<26.832952, 35.866528, 40.076126>,  <26.440168, 35.851467, 40.002010>, 0.100000
	pigment { color rgbt <1,0,0,0> }
	no_shadow
}

// particle -1
sphere {
	<26.832952, 35.866528, 40.076126> 0.100000
	pigment { color rgbt <1,0,0,0> }
	no_shadow
}
sphere {
	0, 1
	scale<0.080000,0.200000,0.300000>
	matrix <-0.185408, -0.000419, 0.982661,
		0.037089, -0.999290, 0.006572,
		0.981961, 0.037664, 0.185292,
		27.127541, 35.877823, 40.131714>
	pigment { color rgbt <0,1,1,0> }
	no_shadow
}
cylinder {
	<26.486675, 35.377159, 40.487808>,  <26.440168, 35.851467, 40.002010>, 0.130000
	pigment { color rgbt <1,0,0,0> }
	no_shadow
}

// nucleotide -1

// particle -1
sphere {
	<26.486675, 35.377159, 40.487808> 0.250000
	pigment { color rgbt <1,0,0,0> }
	no_shadow
}
cylinder {
	<26.837797, 35.567989, 40.505054>,  <27.048470, 35.682487, 40.515400>, 0.100000
	pigment { color rgbt <1,0,0,0> }
	no_shadow
}
cylinder {
	<26.837797, 35.567989, 40.505054>,  <26.486675, 35.377159, 40.487808>, 0.100000
	pigment { color rgbt <1,0,0,0> }
	no_shadow
}

// particle -1
sphere {
	<26.837797, 35.567989, 40.505054> 0.100000
	pigment { color rgbt <1,0,0,0> }
	no_shadow
}
sphere {
	0, 1
	scale<0.080000,0.200000,0.300000>
	matrix <-0.059614, 0.019500, 0.998031,
		0.475295, -0.878646, 0.045557,
		0.877805, 0.477075, 0.043112,
		27.101139, 35.711113, 40.517986>
	pigment { color rgbt <0,1,1,0> }
	no_shadow
}
cylinder {
	<26.821573, 34.989254, 41.093620>,  <26.486675, 35.377159, 40.487808>, 0.130000
	pigment { color rgbt <1,0,0,0> }
	no_shadow
}

// nucleotide -1

// particle -1
sphere {
	<26.821573, 34.989254, 41.093620> 0.250000
	pigment { color rgbt <1,0,0,0> }
	no_shadow
}
cylinder {
	<26.999676, 35.341301, 41.027725>,  <27.106537, 35.552528, 40.988190>, 0.100000
	pigment { color rgbt <1,0,0,0> }
	no_shadow
}
cylinder {
	<26.999676, 35.341301, 41.027725>,  <26.821573, 34.989254, 41.093620>, 0.100000
	pigment { color rgbt <1,0,0,0> }
	no_shadow
}

// particle -1
sphere {
	<26.999676, 35.341301, 41.027725> 0.100000
	pigment { color rgbt <1,0,0,0> }
	no_shadow
}
sphere {
	0, 1
	scale<0.080000,0.200000,0.300000>
	matrix <0.089392, 0.139364, 0.986198,
		0.890931, -0.453834, -0.016623,
		0.445254, 0.880120, -0.164733,
		27.133251, 35.605335, 40.978306>
	pigment { color rgbt <0,1,1,0> }
	no_shadow
}
cylinder {
	<27.386501, 34.904755, 41.488045>,  <26.821573, 34.989254, 41.093620>, 0.130000
	pigment { color rgbt <1,0,0,0> }
	no_shadow
}

// nucleotide -1

// particle -1
sphere {
	<27.386501, 34.904755, 41.488045> 0.250000
	pigment { color rgbt <1,0,0,0> }
	no_shadow
}
cylinder {
	<27.314188, 35.293015, 41.424595>,  <27.270800, 35.525970, 41.386524>, 0.100000
	pigment { color rgbt <1,0,0,0> }
	no_shadow
}
cylinder {
	<27.314188, 35.293015, 41.424595>,  <27.386501, 34.904755, 41.488045>, 0.100000
	pigment { color rgbt <1,0,0,0> }
	no_shadow
}

// particle -1
sphere {
	<27.314188, 35.293015, 41.424595> 0.100000
	pigment { color rgbt <1,0,0,0> }
	no_shadow
}
sphere {
	0, 1
	scale<0.080000,0.200000,0.300000>
	matrix <0.123870, 0.182468, 0.975378,
		0.975691, 0.156684, -0.153222,
		-0.180784, 0.970647, -0.158624,
		27.259953, 35.584209, 41.377007>
	pigment { color rgbt <0,1,1,0> }
	no_shadow
}
cylinder {
	<27.896776, 35.243931, 41.893848>,  <27.386501, 34.904755, 41.488045>, 0.130000
	pigment { color rgbt <1,0,0,0> }
	no_shadow
}

// nucleotide -1

// particle -1
sphere {
	<27.896776, 35.243931, 41.893848> 0.250000
	pigment { color rgbt <1,0,0,0> }
	no_shadow
}
cylinder {
	<27.647070, 35.547073, 41.818016>,  <27.497246, 35.728958, 41.772518>, 0.100000
	pigment { color rgbt <1,0,0,0> }
	no_shadow
}
cylinder {
	<27.647070, 35.547073, 41.818016>,  <27.896776, 35.243931, 41.893848>, 0.100000
	pigment { color rgbt <1,0,0,0> }
	no_shadow
}

// particle -1
sphere {
	<27.647070, 35.547073, 41.818016> 0.100000
	pigment { color rgbt <1,0,0,0> }
	no_shadow
}
sphere {
	0, 1
	scale<0.080000,0.200000,0.300000>
	matrix <0.057386, 0.286507, 0.956358,
		0.779102, 0.586142, -0.222347,
		-0.624265, 0.757860, -0.189582,
		27.459791, 35.774433, 41.761143>
	pigment { color rgbt <0,1,1,0> }
	no_shadow
}
cylinder {
	<28.258945, 35.682549, 42.145638>,  <27.896776, 35.243931, 41.893848>, 0.130000
	pigment { color rgbt <1,0,0,0> }
	no_shadow
}

// nucleotide -1

// particle -1
sphere {
	<28.258945, 35.682549, 42.145638> 0.250000
	pigment { color rgbt <1,0,0,0> }
	no_shadow
}
cylinder {
	<27.889502, 35.835758, 42.139458>,  <27.667835, 35.927685, 42.135750>, 0.100000
	pigment { color rgbt <1,0,0,0> }
	no_shadow
}
cylinder {
	<27.889502, 35.835758, 42.139458>,  <28.258945, 35.682549, 42.145638>, 0.100000
	pigment { color rgbt <1,0,0,0> }
	no_shadow
}

// particle -1
sphere {
	<27.889502, 35.835758, 42.139458> 0.100000
	pigment { color rgbt <1,0,0,0> }
	no_shadow
}
sphere {
	0, 1
	scale<0.080000,0.200000,0.300000>
	matrix <0.090791, 0.257735, 0.961941,
		0.372431, 0.887053, -0.272821,
		-0.923608, 0.383027, -0.015452,
		27.612419, 35.950665, 42.134823>
	pigment { color rgbt <0,1,1,0> }
	no_shadow
}
cylinder {
	<28.326958, 36.358505, 42.494114>,  <28.258945, 35.682549, 42.145638>, 0.130000
	pigment { color rgbt <1,0,0,0> }
	no_shadow
}

// nucleotide -1

// particle -1
sphere {
	<28.326958, 36.358505, 42.494114> 0.250000
	pigment { color rgbt <1,0,0,0> }
	no_shadow
}
cylinder {
	<27.946575, 36.234959, 42.500797>,  <27.718346, 36.160831, 42.504807>, 0.100000
	pigment { color rgbt <1,0,0,0> }
	no_shadow
}
cylinder {
	<27.946575, 36.234959, 42.500797>,  <28.326958, 36.358505, 42.494114>, 0.100000
	pigment { color rgbt <1,0,0,0> }
	no_shadow
}

// particle -1
sphere {
	<27.946575, 36.234959, 42.500797> 0.100000
	pigment { color rgbt <1,0,0,0> }
	no_shadow
}
sphere {
	0, 1
	scale<0.080000,0.200000,0.300000>
	matrix <-0.011705, 0.089905, 0.995882,
		-0.309098, 0.946846, -0.089111,
		-0.950958, -0.308868, 0.016706,
		27.661287, 36.142300, 42.505810>
	pigment { color rgbt <0,1,1,0> }
	no_shadow
}
cylinder {
	<28.054003, 36.773151, 42.989120>,  <28.326958, 36.358505, 42.494114>, 0.130000
	pigment { color rgbt <1,0,0,0> }
	no_shadow
}

// nucleotide -1

// particle -1
sphere {
	<28.054003, 36.773151, 42.989120> 0.250000
	pigment { color rgbt <1,0,0,0> }
	no_shadow
}
cylinder {
	<27.840197, 36.436367, 42.959740>,  <27.711914, 36.234295, 42.942112>, 0.100000
	pigment { color rgbt <1,0,0,0> }
	no_shadow
}
cylinder {
	<27.840197, 36.436367, 42.959740>,  <28.054003, 36.773151, 42.989120>, 0.100000
	pigment { color rgbt <1,0,0,0> }
	no_shadow
}

// particle -1
sphere {
	<27.840197, 36.436367, 42.959740> 0.100000
	pigment { color rgbt <1,0,0,0> }
	no_shadow
}
sphere {
	0, 1
	scale<0.080000,0.200000,0.300000>
	matrix <0.007825, -0.091835, 0.995743,
		-0.845124, 0.531664, 0.055675,
		-0.534514, -0.841962, -0.073452,
		27.679842, 36.183777, 42.937706>
	pigment { color rgbt <0,1,1,0> }
	no_shadow
}
cylinder {
	<27.498928, 36.816620, 43.484299>,  <28.054003, 36.773151, 42.989120>, 0.130000
	pigment { color rgbt <1,0,0,0> }
	no_shadow
}

// nucleotide -1

// particle -1
sphere {
	<27.498928, 36.816620, 43.484299> 0.250000
	pigment { color rgbt <1,0,0,0> }
	no_shadow
}
cylinder {
	<27.580912, 36.436802, 43.389332>,  <27.630102, 36.208912, 43.332352>, 0.100000
	pigment { color rgbt <1,0,0,0> }
	no_shadow
}
cylinder {
	<27.580912, 36.436802, 43.389332>,  <27.498928, 36.816620, 43.484299>, 0.100000
	pigment { color rgbt <1,0,0,0> }
	no_shadow
}

// particle -1
sphere {
	<27.580912, 36.436802, 43.389332> 0.100000
	pigment { color rgbt <1,0,0,0> }
	no_shadow
}
sphere {
	0, 1
	scale<0.080000,0.200000,0.300000>
	matrix <-0.226415, -0.281979, 0.932322,
		-0.952223, -0.137332, -0.272784,
		0.204957, -0.949541, -0.237413,
		27.642399, 36.151939, 43.318108>
	pigment { color rgbt <0,1,1,0> }
	no_shadow
}
cylinder {
	<27.082872, 36.262165, 43.717499>,  <27.498928, 36.816620, 43.484299>, 0.130000
	pigment { color rgbt <1,0,0,0> }
	no_shadow
}

// nucleotide -1

// particle -1
sphere {
	<27.082872, 36.262165, 43.717499> 0.250000
	pigment { color rgbt <1,0,0,0> }
	no_shadow
}
cylinder {
	<27.463024, 36.137821, 43.722301>,  <27.691116, 36.063217, 43.725182>, 0.100000
	pigment { color rgbt <1,0,0,0> }
	no_shadow
}
cylinder {
	<27.463024, 36.137821, 43.722301>,  <27.082872, 36.262165, 43.717499>, 0.100000
	pigment { color rgbt <1,0,0,0> }
	no_shadow
}

// particle -1
sphere {
	<27.463024, 36.137821, 43.722301> 0.100000
	pigment { color rgbt <1,0,0,0> }
	no_shadow
}
sphere {
	0, 1
	scale<0.080000,0.200000,0.300000>
	matrix <-0.075556, -0.193213, 0.978244,
		-0.301773, -0.930611, -0.207113,
		0.950382, -0.310856, 0.012007,
		27.748138, 36.044563, 43.725903>
	pigment { color rgbt <0,1,1,0> }
	no_shadow
}
cylinder {
	<26.889896, 35.696796, 44.097858>,  <27.082872, 36.262165, 43.717499>, 0.130000
	pigment { color rgbt <1,0,0,0> }
	no_shadow
}

// nucleotide -1

// particle -1
sphere {
	<26.889896, 35.696796, 44.097858> 0.250000
	pigment { color rgbt <1,0,0,0> }
	no_shadow
}
cylinder {
	<27.279110, 35.781288, 44.134933>,  <27.512638, 35.831982, 44.157177>, 0.100000
	pigment { color rgbt <1,0,0,0> }
	no_shadow
}
cylinder {
	<27.279110, 35.781288, 44.134933>,  <26.889896, 35.696796, 44.097858>, 0.100000
	pigment { color rgbt <1,0,0,0> }
	no_shadow
}

// particle -1
sphere {
	<27.279110, 35.781288, 44.134933> 0.100000
	pigment { color rgbt <1,0,0,0> }
	no_shadow
}
sphere {
	0, 1
	scale<0.080000,0.200000,0.300000>
	matrix <-0.031728, -0.275438, 0.960795,
		0.228477, -0.937826, -0.261308,
		0.973033, 0.211228, 0.092686,
		27.571020, 35.844658, 44.162739>
	pigment { color rgbt <0,1,1,0> }
	no_shadow
}
cylinder {
	<27.129332, 35.203987, 44.480286>,  <26.889896, 35.696796, 44.097858>, 0.130000
	pigment { color rgbt <1,0,0,0> }
	no_shadow
}

// nucleotide -1

// particle -1
sphere {
	<27.129332, 35.203987, 44.480286> 0.250000
	pigment { color rgbt <1,0,0,0> }
	no_shadow
}
cylinder {
	<27.406267, 35.487789, 44.532856>,  <27.572428, 35.658070, 44.564396>, 0.100000
	pigment { color rgbt <1,0,0,0> }
	no_shadow
}
cylinder {
	<27.406267, 35.487789, 44.532856>,  <27.129332, 35.203987, 44.480286>, 0.100000
	pigment { color rgbt <1,0,0,0> }
	no_shadow
}

// particle -1
sphere {
	<27.406267, 35.487789, 44.532856> 0.100000
	pigment { color rgbt <1,0,0,0> }
	no_shadow
}
sphere {
	0, 1
	scale<0.080000,0.200000,0.300000>
	matrix <0.116814, -0.289937, 0.949890,
		0.712055, -0.642293, -0.283614,
		0.692338, 0.709505, 0.131422,
		27.613968, 35.700642, 44.572281>
	pigment { color rgbt <0,1,1,0> }
	no_shadow
}
cylinder {
	<27.194118, 34.517498, 44.123882>,  <27.129332, 35.203987, 44.480286>, 0.130000
	pigment { color rgbt <1,0,0,0> }
	no_shadow
}

// nucleotide -1

// particle -1
sphere {
	<27.194118, 34.517498, 44.123882> 0.250000
	pigment { color rgbt <1,0,0,0> }
	no_shadow
}
cylinder {
	<26.813597, 34.423592, 44.043976>,  <26.585283, 34.367249, 43.996033>, 0.100000
	pigment { color rgbt <1,0,0,0> }
	no_shadow
}
cylinder {
	<26.813597, 34.423592, 44.043976>,  <27.194118, 34.517498, 44.123882>, 0.100000
	pigment { color rgbt <1,0,0,0> }
	no_shadow
}

// particle -1
sphere {
	<26.813597, 34.423592, 44.043976> 0.100000
	pigment { color rgbt <1,0,0,0> }
	no_shadow
}
sphere {
	0, 1
	scale<0.080000,0.200000,0.300000>
	matrix <0.308008, -0.749867, -0.585518,
		-0.012340, -0.618535, 0.785661,
		-0.951304, -0.234765, -0.199767,
		26.528206, 34.353161, 43.984047>
	pigment { color rgbt <0,1,1,0> }
	no_shadow
}
cylinder {
	<27.102680, 33.800503, 44.112617>,  <27.194118, 34.517498, 44.123882>, 0.130000
	pigment { color rgbt <1,0,0,0> }
	no_shadow
}

// nucleotide -1

// particle -1
sphere {
	<27.102680, 33.800503, 44.112617> 0.250000
	pigment { color rgbt <1,0,0,0> }
	no_shadow
}
cylinder {
	<26.812477, 33.963631, 43.890873>,  <26.638355, 34.061508, 43.757824>, 0.100000
	pigment { color rgbt <1,0,0,0> }
	no_shadow
}
cylinder {
	<26.812477, 33.963631, 43.890873>,  <27.102680, 33.800503, 44.112617>, 0.100000
	pigment { color rgbt <1,0,0,0> }
	no_shadow
}

// particle -1
sphere {
	<26.812477, 33.963631, 43.890873> 0.100000
	pigment { color rgbt <1,0,0,0> }
	no_shadow
}
sphere {
	0, 1
	scale<0.080000,0.200000,0.300000>
	matrix <0.161312, -0.682301, -0.713052,
		-0.669039, -0.606752, 0.429230,
		-0.725510, 0.407820, -0.554363,
		26.594824, 34.085976, 43.724564>
	pigment { color rgbt <0,1,1,0> }
	no_shadow
}
cylinder {
	<26.980862, 33.215446, 43.539722>,  <27.102680, 33.800503, 44.112617>, 0.130000
	pigment { color rgbt <1,0,0,0> }
	no_shadow
}

// nucleotide -1

// particle -1
sphere {
	<26.980862, 33.215446, 43.539722> 0.250000
	pigment { color rgbt <1,0,0,0> }
	no_shadow
}
cylinder {
	<26.840492, 33.557892, 43.387970>,  <26.756271, 33.763359, 43.296917>, 0.100000
	pigment { color rgbt <1,0,0,0> }
	no_shadow
}
cylinder {
	<26.840492, 33.557892, 43.387970>,  <26.980862, 33.215446, 43.539722>, 0.100000
	pigment { color rgbt <1,0,0,0> }
	no_shadow
}

// particle -1
sphere {
	<26.840492, 33.557892, 43.387970> 0.100000
	pigment { color rgbt <1,0,0,0> }
	no_shadow
}
sphere {
	0, 1
	scale<0.080000,0.200000,0.300000>
	matrix <0.239617, -0.309560, -0.920194,
		-0.905228, -0.413822, -0.096507,
		-0.350922, 0.856110, -0.379381,
		26.735216, 33.814724, 43.274155>
	pigment { color rgbt <0,1,1,0> }
	no_shadow
}
cylinder {
	<26.439110, 33.018375, 42.971878>,  <26.980862, 33.215446, 43.539722>, 0.130000
	pigment { color rgbt <1,0,0,0> }
	no_shadow
}

// nucleotide -1

// particle -1
sphere {
	<26.439110, 33.018375, 42.971878> 0.250000
	pigment { color rgbt <1,0,0,0> }
	no_shadow
}
cylinder {
	<26.629332, 33.367496, 42.927937>,  <26.743464, 33.576969, 42.901569>, 0.100000
	pigment { color rgbt <1,0,0,0> }
	no_shadow
}
cylinder {
	<26.629332, 33.367496, 42.927937>,  <26.439110, 33.018375, 42.971878>, 0.100000
	pigment { color rgbt <1,0,0,0> }
	no_shadow
}

// particle -1
sphere {
	<26.629332, 33.367496, 42.927937> 0.100000
	pigment { color rgbt <1,0,0,0> }
	no_shadow
}
sphere {
	0, 1
	scale<0.080000,0.200000,0.300000>
	matrix <0.107858, -0.181791, -0.977404,
		-0.873050, 0.452958, -0.180589,
		0.475552, 0.872801, -0.109857,
		26.771997, 33.629337, 42.894978>
	pigment { color rgbt <0,1,1,0> }
	no_shadow
}
cylinder {
	<26.439180, 32.472698, 42.398705>,  <26.439110, 33.018375, 42.971878>, 0.130000
	pigment { color rgbt <1,0,0,0> }
	no_shadow
}

// nucleotide -1

// particle -1
sphere {
	<26.439180, 32.472698, 42.398705> 0.250000
	pigment { color rgbt <1,0,0,0> }
	no_shadow
}
cylinder {
	<26.171774, 32.379967, 42.681362>,  <26.011330, 32.324326, 42.850956>, 0.100000
	pigment { color rgbt <1,0,0,0> }
	no_shadow
}
cylinder {
	<26.171774, 32.379967, 42.681362>,  <26.439180, 32.472698, 42.398705>, 0.100000
	pigment { color rgbt <1,0,0,0> }
	no_shadow
}

// particle -1
sphere {
	<26.171774, 32.379967, 42.681362> 0.100000
	pigment { color rgbt <1,0,0,0> }
	no_shadow
}
sphere {
	0, 1
	scale<0.080000,0.200000,0.300000>
	matrix <0.337092, -0.941418, 0.010049,
		0.662915, 0.244921, 0.707501,
		-0.668515, -0.231831, 0.706641,
		25.971220, 32.310417, 42.893356>
	pigment { color rgbt <0,1,1,0> }
	no_shadow
}
cylinder {
	<26.760540, 32.216946, 43.036644>,  <26.439180, 32.472698, 42.398705>, 0.130000
	pigment { color rgbt <1,0,0,0> }
	no_shadow
}

// nucleotide -1

// particle -1
sphere {
	<26.760540, 32.216946, 43.036644> 0.250000
	pigment { color rgbt <1,0,0,0> }
	no_shadow
}
cylinder {
	<26.411274, 32.042263, 42.950050>,  <26.201714, 31.937452, 42.898094>, 0.100000
	pigment { color rgbt <1,0,0,0> }
	no_shadow
}
cylinder {
	<26.411274, 32.042263, 42.950050>,  <26.760540, 32.216946, 43.036644>, 0.100000
	pigment { color rgbt <1,0,0,0> }
	no_shadow
}

// particle -1
sphere {
	<26.411274, 32.042263, 42.950050> 0.100000
	pigment { color rgbt <1,0,0,0> }
	no_shadow
}
sphere {
	0, 1
	scale<0.080000,0.200000,0.300000>
	matrix <0.479423, -0.849614, -0.219794,
		-0.087940, -0.295704, 0.951223,
		-0.873166, -0.436710, -0.216483,
		26.149324, 31.911249, 42.885105>
	pigment { color rgbt <0,1,1,0> }
	no_shadow
}
cylinder {
	<26.772984, 31.580929, 43.301872>,  <26.760540, 32.216946, 43.036644>, 0.130000
	pigment { color rgbt <1,0,0,0> }
	no_shadow
}

// nucleotide -1

// particle -1
sphere {
	<26.772984, 31.580929, 43.301872> 0.250000
	pigment { color rgbt <1,0,0,0> }
	no_shadow
}
cylinder {
	<26.527197, 31.562050, 42.986862>,  <26.379725, 31.550722, 42.797855>, 0.100000
	pigment { color rgbt <1,0,0,0> }
	no_shadow
}
cylinder {
	<26.527197, 31.562050, 42.986862>,  <26.772984, 31.580929, 43.301872>, 0.100000
	pigment { color rgbt <1,0,0,0> }
	no_shadow
}

// particle -1
sphere {
	<26.527197, 31.562050, 42.986862> 0.100000
	pigment { color rgbt <1,0,0,0> }
	no_shadow
}
sphere {
	0, 1
	scale<0.080000,0.200000,0.300000>
	matrix <0.634990, -0.621984, -0.458174,
		-0.468207, -0.781606, 0.412159,
		-0.614468, -0.047197, -0.787529,
		26.342857, 31.547892, 42.750603>
	pigment { color rgbt <0,1,1,0> }
	no_shadow
}
cylinder {
	<26.764380, 30.842043, 42.989384>,  <26.772984, 31.580929, 43.301872>, 0.130000
	pigment { color rgbt <1,0,0,0> }
	no_shadow
}

// nucleotide -1

// particle -1
sphere {
	<26.764380, 30.842043, 42.989384> 0.250000
	pigment { color rgbt <1,0,0,0> }
	no_shadow
}
cylinder {
	<26.645540, 31.111361, 42.718563>,  <26.574236, 31.272951, 42.556068>, 0.100000
	pigment { color rgbt <1,0,0,0> }
	no_shadow
}
cylinder {
	<26.645540, 31.111361, 42.718563>,  <26.764380, 30.842043, 42.989384>, 0.100000
	pigment { color rgbt <1,0,0,0> }
	no_shadow
}

// particle -1
sphere {
	<26.645540, 31.111361, 42.718563> 0.100000
	pigment { color rgbt <1,0,0,0> }
	no_shadow
}
sphere {
	0, 1
	scale<0.080000,0.200000,0.300000>
	matrix <0.328161, -0.593881, -0.734585,
		-0.896684, -0.440428, -0.044507,
		-0.297100, 0.673296, -0.677055,
		26.556410, 31.313349, 42.515446>
	pigment { color rgbt <0,1,1,0> }
	no_shadow
}
cylinder {
	<26.602707, 30.495146, 42.331055>,  <26.764380, 30.842043, 42.989384>, 0.130000
	pigment { color rgbt <1,0,0,0> }
	no_shadow
}

// nucleotide -1

// particle -1
sphere {
	<26.602707, 30.495146, 42.331055> 0.250000
	pigment { color rgbt <1,0,0,0> }
	no_shadow
}
cylinder {
	<26.595940, 30.871250, 42.195038>,  <26.591879, 31.096912, 42.113430>, 0.100000
	pigment { color rgbt <1,0,0,0> }
	no_shadow
}
cylinder {
	<26.595940, 30.871250, 42.195038>,  <26.602707, 30.495146, 42.331055>, 0.100000
	pigment { color rgbt <1,0,0,0> }
	no_shadow
}

// particle -1
sphere {
	<26.595940, 30.871250, 42.195038> 0.100000
	pigment { color rgbt <1,0,0,0> }
	no_shadow
}
sphere {
	0, 1
	scale<0.080000,0.200000,0.300000>
	matrix <0.352377, -0.312660, -0.882085,
		-0.935705, -0.134745, -0.326036,
		-0.016918, 0.940259, -0.340038,
		26.590864, 31.153328, 42.093025>
	pigment { color rgbt <0,1,1,0> }
	no_shadow
}
cylinder {
	<26.469381, 30.427805, 41.613823>,  <26.602707, 30.495146, 42.331055>, 0.130000
	pigment { color rgbt <1,0,0,0> }
	no_shadow
}

// nucleotide -1

// particle -1
sphere {
	<26.469381, 30.427805, 41.613823> 0.250000
	pigment { color rgbt <1,0,0,0> }
	no_shadow
}
cylinder {
	<26.584501, 30.809620, 41.644890>,  <26.653572, 31.038708, 41.663528>, 0.100000
	pigment { color rgbt <1,0,0,0> }
	no_shadow
}
cylinder {
	<26.584501, 30.809620, 41.644890>,  <26.469381, 30.427805, 41.613823>, 0.100000
	pigment { color rgbt <1,0,0,0> }
	no_shadow
}

// particle -1
sphere {
	<26.584501, 30.809620, 41.644890> 0.100000
	pigment { color rgbt <1,0,0,0> }
	no_shadow
}
sphere {
	0, 1
	scale<0.080000,0.200000,0.300000>
	matrix <0.496643, -0.079416, -0.864314,
		-0.818851, 0.287321, -0.496920,
		0.287799, 0.954536, 0.077666,
		26.670841, 31.095982, 41.668190>
	pigment { color rgbt <0,1,1,0> }
	no_shadow
}
cylinder {
	<26.243065, 30.715597, 41.098991>,  <26.469381, 30.427805, 41.613823>, 0.130000
	pigment { color rgbt <1,0,0,0> }
	no_shadow
}

// nucleotide -1

// particle -1
sphere {
	<26.243065, 30.715597, 41.098991> 0.250000
	pigment { color rgbt <1,0,0,0> }
	no_shadow
}
cylinder {
	<26.545029, 30.957476, 41.200542>,  <26.726206, 31.102604, 41.261475>, 0.100000
	pigment { color rgbt <1,0,0,0> }
	no_shadow
}
cylinder {
	<26.545029, 30.957476, 41.200542>,  <26.243065, 30.715597, 41.098991>, 0.100000
	pigment { color rgbt <1,0,0,0> }
	no_shadow
}

// particle -1
sphere {
	<26.545029, 30.957476, 41.200542> 0.100000
	pigment { color rgbt <1,0,0,0> }
	no_shadow
}
sphere {
	0, 1
	scale<0.080000,0.200000,0.300000>
	matrix <0.338745, -0.028042, -0.940460,
		-0.561575, 0.795961, -0.226007,
		0.754907, 0.604698, 0.253880,
		26.771502, 31.138885, 41.276707>
	pigment { color rgbt <0,1,1,0> }
	no_shadow
}
cylinder {
	<26.206966, 31.260271, 40.647144>,  <26.243065, 30.715597, 41.098991>, 0.130000
	pigment { color rgbt <1,0,0,0> }
	no_shadow
}

// nucleotide -1

// particle -1
sphere {
	<26.206966, 31.260271, 40.647144> 0.250000
	pigment { color rgbt <1,0,0,0> }
	no_shadow
}
cylinder {
	<26.570936, 31.333193, 40.796169>,  <26.789318, 31.376945, 40.885582>, 0.100000
	pigment { color rgbt <1,0,0,0> }
	no_shadow
}
cylinder {
	<26.570936, 31.333193, 40.796169>,  <26.206966, 31.260271, 40.647144>, 0.100000
	pigment { color rgbt <1,0,0,0> }
	no_shadow
}

// particle -1
sphere {
	<26.570936, 31.333193, 40.796169> 0.100000
	pigment { color rgbt <1,0,0,0> }
	no_shadow
}
sphere {
	0, 1
	scale<0.080000,0.200000,0.300000>
	matrix <0.334519, 0.208485, -0.919038,
		-0.245219, 0.960884, 0.128721,
		0.909926, 0.182306, 0.372559,
		26.843914, 31.387884, 40.907936>
	pigment { color rgbt <0,1,1,0> }
	no_shadow
}
cylinder {
	<26.457977, 31.930304, 40.374725>,  <26.206966, 31.260271, 40.647144>, 0.130000
	pigment { color rgbt <1,0,0,0> }
	no_shadow
}

// nucleotide -1

// particle -1
sphere {
	<26.457977, 31.930304, 40.374725> 0.250000
	pigment { color rgbt <1,0,0,0> }
	no_shadow
}
cylinder {
	<26.795298, 31.757360, 40.502419>,  <26.997690, 31.653595, 40.579033>, 0.100000
	pigment { color rgbt <1,0,0,0> }
	no_shadow
}
cylinder {
	<26.795298, 31.757360, 40.502419>,  <26.457977, 31.930304, 40.374725>, 0.100000
	pigment { color rgbt <1,0,0,0> }
	no_shadow
}

// particle -1
sphere {
	<26.795298, 31.757360, 40.502419> 0.100000
	pigment { color rgbt <1,0,0,0> }
	no_shadow
}
sphere {
	0, 1
	scale<0.080000,0.200000,0.300000>
	matrix <0.480058, 0.338921, -0.809121,
		0.241637, 0.835582, 0.493371,
		0.843300, -0.432360, 0.319232,
		27.048288, 31.627653, 40.598186>
	pigment { color rgbt <0,1,1,0> }
	no_shadow
}
cylinder {
	<27.067459, 32.397377, 40.178673>,  <26.457977, 31.930304, 40.374725>, 0.130000
	pigment { color rgbt <1,0,0,0> }
	no_shadow
}

// nucleotide -1

// particle -1
sphere {
	<27.067459, 32.397377, 40.178673> 0.250000
	pigment { color rgbt <1,0,0,0> }
	no_shadow
}
cylinder {
	<27.206882, 32.027729, 40.241287>,  <27.290537, 31.805939, 40.278854>, 0.100000
	pigment { color rgbt <1,0,0,0> }
	no_shadow
}
cylinder {
	<27.206882, 32.027729, 40.241287>,  <27.067459, 32.397377, 40.178673>, 0.100000
	pigment { color rgbt <1,0,0,0> }
	no_shadow
}

// particle -1
sphere {
	<27.206882, 32.027729, 40.241287> 0.100000
	pigment { color rgbt <1,0,0,0> }
	no_shadow
}
sphere {
	0, 1
	scale<0.080000,0.200000,0.300000>
	matrix <0.402801, -0.003110, -0.915282,
		0.846321, 0.382080, 0.371154,
		0.348557, -0.924124, 0.156534,
		27.311449, 31.750492, 40.288246>
	pigment { color rgbt <0,1,1,0> }
	no_shadow
}
cylinder {
	<27.769375, 32.400429, 39.986084>,  <27.067459, 32.397377, 40.178673>, 0.130000
	pigment { color rgbt <1,0,0,0> }
	no_shadow
}

// nucleotide -1

// particle -1
sphere {
	<27.769375, 32.400429, 39.986084> 0.250000
	pigment { color rgbt <1,0,0,0> }
	no_shadow
}
cylinder {
	<27.649351, 32.019135, 39.971661>,  <27.577337, 31.790358, 39.963005>, 0.100000
	pigment { color rgbt <1,0,0,0> }
	no_shadow
}
cylinder {
	<27.649351, 32.019135, 39.971661>,  <27.769375, 32.400429, 39.986084>, 0.100000
	pigment { color rgbt <1,0,0,0> }
	no_shadow
}

// particle -1
sphere {
	<27.649351, 32.019135, 39.971661> 0.100000
	pigment { color rgbt <1,0,0,0> }
	no_shadow
}
sphere {
	0, 1
	scale<0.080000,0.200000,0.300000>
	matrix <0.444632, -0.106314, -0.889381,
