// switches for output
#declare DRAW_BASES = 1; // possible values are 0, 1; only relevant for DNA ribbons
#declare DRAW_BASES_TYPE = 3; // possible values are 1, 2, 3; only relevant for DNA ribbons
#declare DRAW_FOG = 0; // set to 1 to enable fog

#include "colors.inc"

#include "transforms.inc"
background { rgb <1, 1, 1>}

#default {
   normal{
       ripples 0.25
       frequency 0.20
       turbulence 0.2
       lambda 5
   }
	finish {
		phong 0.1
		phong_size 40.
	}
}

// original window dimensions: 1024x640


// camera settings

camera {
	sky <0, 0.179814, -0.983701>
	up <0, 0.179814, -0.983701>
	right 1.6 * <1, 0, 0>
	location <35, 94.9851, 44.8844>
	look_at <35, 29.7336, 32.9568>
	direction <0, -65.2515, -11.9276>
	angle 67.0682
}


# declare cpy_camera_pos = <35, 94.9851, 44.8844>;
# if (DRAW_FOG = 1)
fog {
	fog_type 2
	up vnormalize(cpy_camera_pos)
	color rgbt<1,1,1,0.3>
	distance 1e-5
	fog_alt 3e-3
	fog_offset 56
}
# end


// LIGHTS

# declare lum = 6;
global_settings {
	ambient_light rgb lum * <0.05, 0.05, 0.05>
	max_trace_level 15
}# declare cpy_direct_light_amount = 0.25;
light_source
{	1000 * <-1, -1.16352, -0.803886>,
	rgb lum * cpy_direct_light_amount
	parallel
}

light_source
{	1000 * <1, 1.16352, 0.803886>,
	rgb lum * cpy_direct_light_amount
	parallel
}

// strand 0

// nucleotide -1

// particle -1
sphere {
	<24.014692, 35.038994, 34.793880> 0.250000
	pigment { color rgbt <1,0,0,0> }
	no_shadow
}
cylinder {
	<24.222725, 35.180511, 35.104839>,  <24.347544, 35.265423, 35.291416>, 0.100000
	pigment { color rgbt <1,0,0,0> }
	no_shadow
}
cylinder {
	<24.222725, 35.180511, 35.104839>,  <24.014692, 35.038994, 34.793880>, 0.100000
	pigment { color rgbt <1,0,0,0> }
	no_shadow
}

// particle -1
sphere {
	<24.222725, 35.180511, 35.104839> 0.100000
	pigment { color rgbt <1,0,0,0> }
	no_shadow
}
sphere {
	0, 1
	scale<0.080000,0.200000,0.300000>
	matrix <0.819710, 0.048989, -0.570680,
		-0.239986, 0.934041, -0.264527,
		0.520080, 0.353791, 0.777399,
		24.378748, 35.286648, 35.338058>
	pigment { color rgbt <0,1,1,0> }
	no_shadow
}
cylinder {
	<24.418005, 35.568386, 34.559933>,  <24.014692, 35.038994, 34.793880>, 0.130000
	pigment { color rgbt <1,0,0,0> }
	no_shadow
}

// nucleotide -1

// particle -1
sphere {
	<24.418005, 35.568386, 34.559933> 0.250000
	pigment { color rgbt <1,0,0,0> }
	no_shadow
}
cylinder {
	<24.593452, 35.425671, 34.889858>,  <24.698721, 35.340042, 35.087814>, 0.100000
	pigment { color rgbt <1,0,0,0> }
	no_shadow
}
cylinder {
	<24.593452, 35.425671, 34.889858>,  <24.418005, 35.568386, 34.559933>, 0.100000
	pigment { color rgbt <1,0,0,0> }
	no_shadow
}

// particle -1
sphere {
	<24.593452, 35.425671, 34.889858> 0.100000
	pigment { color rgbt <1,0,0,0> }
	no_shadow
}
sphere {
	0, 1
	scale<0.080000,0.200000,0.300000>
	matrix <0.879361, -0.018855, -0.475782,
		0.185308, 0.933993, 0.305480,
		0.438618, -0.356793, 0.824811,
		24.725039, 35.318634, 35.137302>
	pigment { color rgbt <0,1,1,0> }
	no_shadow
}
cylinder {
	<24.697214, 35.811134, 35.252705>,  <24.418005, 35.568386, 34.559933>, 0.130000
	pigment { color rgbt <1,0,0,0> }
	no_shadow
}

// nucleotide -1

// particle -1
sphere {
	<24.697214, 35.811134, 35.252705> 0.250000
	pigment { color rgbt <1,0,0,0> }
	no_shadow
}
cylinder {
	<24.693493, 36.161942, 35.060558>,  <24.691259, 36.372425, 34.945271>, 0.100000
	pigment { color rgbt <1,0,0,0> }
	no_shadow
}
cylinder {
	<24.693493, 36.161942, 35.060558>,  <24.697214, 35.811134, 35.252705>, 0.100000
	pigment { color rgbt <1,0,0,0> }
	no_shadow
}

// particle -1
sphere {
	<24.693493, 36.161942, 35.060558> 0.100000
	pigment { color rgbt <1,0,0,0> }
	no_shadow
}
sphere {
	0, 1
	scale<0.080000,0.200000,0.300000>
	matrix <0.635241, 0.376186, 0.674502,
		0.772258, -0.298874, -0.560617,
		-0.009305, 0.877016, -0.480370,
		24.690701, 36.425045, 34.916447>
	pigment { color rgbt <0,1,1,0> }
	no_shadow
}
cylinder {
	<25.412485, 36.015484, 35.083122>,  <24.697214, 35.811134, 35.252705>, 0.130000
	pigment { color rgbt <1,0,0,0> }
	no_shadow
}

// nucleotide -1

// particle -1
sphere {
	<25.412485, 36.015484, 35.083122> 0.250000
	pigment { color rgbt <1,0,0,0> }
	no_shadow
}
cylinder {
	<25.219124, 36.360218, 35.144524>,  <25.103107, 36.567059, 35.181362>, 0.100000
	pigment { color rgbt <1,0,0,0> }
	no_shadow
}
cylinder {
	<25.219124, 36.360218, 35.144524>,  <25.412485, 36.015484, 35.083122>, 0.100000
	pigment { color rgbt <1,0,0,0> }
	no_shadow
}

// particle -1
sphere {
	<25.219124, 36.360218, 35.144524> 0.100000
	pigment { color rgbt <1,0,0,0> }
	no_shadow
}
sphere {
	0, 1
	scale<0.080000,0.200000,0.300000>
	matrix <0.655448, 0.240105, 0.716057,
		0.580267, 0.446755, -0.680955,
		-0.483403, 0.861835, 0.153500,
		25.074102, 36.618767, 35.190575>
	pigment { color rgbt <0,1,1,0> }
	no_shadow
}
cylinder {
	<26.098547, 35.576439, 35.266636>,  <25.412485, 36.015484, 35.083122>, 0.130000
	pigment { color rgbt <1,0,0,0> }
	no_shadow
}

// nucleotide -1

// particle -1
sphere {
	<26.098547, 35.576439, 35.266636> 0.250000
	pigment { color rgbt <1,0,0,0> }
	no_shadow
}
cylinder {
	<26.119301, 35.971531, 35.325562>,  <26.131752, 36.208588, 35.360916>, 0.100000
	pigment { color rgbt <1,0,0,0> }
	no_shadow
}
cylinder {
	<26.119301, 35.971531, 35.325562>,  <26.098547, 35.576439, 35.266636>, 0.100000
	pigment { color rgbt <1,0,0,0> }
	no_shadow
}

// particle -1
sphere {
	<26.119301, 35.971531, 35.325562> 0.100000
	pigment { color rgbt <1,0,0,0> }
	no_shadow
}
sphere {
	0, 1
	scale<0.080000,0.200000,0.300000>
	matrix <-0.238620, -0.130976, 0.962240,
		0.969726, -0.085076, 0.228896,
		0.051883, 0.987728, 0.147312,
		26.134867, 36.267849, 35.369755>
	pigment { color rgbt <0,1,1,0> }
	no_shadow
}
cylinder {
	<26.523199, 35.039806, 35.065647>,  <26.098547, 35.576439, 35.266636>, 0.130000
	pigment { color rgbt <1,0,0,0> }
	no_shadow
}

// nucleotide -1

// particle -1
sphere {
	<26.523199, 35.039806, 35.065647> 0.250000
	pigment { color rgbt <1,0,0,0> }
	no_shadow
}
cylinder {
	<26.888124, 35.044289, 35.229385>,  <27.107079, 35.046978, 35.327629>, 0.100000
	pigment { color rgbt <1,0,0,0> }
	no_shadow
}
cylinder {
	<26.888124, 35.044289, 35.229385>,  <26.523199, 35.039806, 35.065647>, 0.100000
	pigment { color rgbt <1,0,0,0> }
	no_shadow
}

// particle -1
sphere {
	<26.888124, 35.044289, 35.229385> 0.100000
	pigment { color rgbt <1,0,0,0> }
	no_shadow
}
sphere {
	0, 1
	scale<0.080000,0.200000,0.300000>
	matrix <-0.280603, -0.710936, 0.644851,
		0.298242, -0.703168, -0.645451,
		0.912313, 0.011206, 0.409341,
		27.161818, 35.047649, 35.352188>
	pigment { color rgbt <0,1,1,0> }
	no_shadow
}
cylinder {
	<26.755276, 34.302998, 35.257507>,  <26.523199, 35.039806, 35.065647>, 0.130000
	pigment { color rgbt <1,0,0,0> }
	no_shadow
}

// nucleotide -1

// particle -1
sphere {
	<26.755276, 34.302998, 35.257507> 0.250000
	pigment { color rgbt <1,0,0,0> }
	no_shadow
}
cylinder {
	<26.976736, 34.538074, 35.493504>,  <27.109612, 34.679119, 35.635101>, 0.100000
	pigment { color rgbt <1,0,0,0> }
	no_shadow
}
cylinder {
	<26.976736, 34.538074, 35.493504>,  <26.755276, 34.302998, 35.257507>, 0.100000
	pigment { color rgbt <1,0,0,0> }
	no_shadow
}

// particle -1
sphere {
	<26.976736, 34.538074, 35.493504> 0.100000
	pigment { color rgbt <1,0,0,0> }
	no_shadow
}
sphere {
	0, 1
	scale<0.080000,0.200000,0.300000>
	matrix <-0.076874, -0.669395, 0.738918,
		0.829194, -0.454457, -0.325432,
		0.553649, 0.587690, 0.589995,
		27.142830, 34.714382, 35.670502>
	pigment { color rgbt <0,1,1,0> }
	no_shadow
}
cylinder {
	<27.312904, 33.808182, 35.543449>,  <26.755276, 34.302998, 35.257507>, 0.130000
	pigment { color rgbt <1,0,0,0> }
	no_shadow
}

// nucleotide -1

// particle -1
sphere {
	<27.312904, 33.808182, 35.543449> 0.250000
	pigment { color rgbt <1,0,0,0> }
	no_shadow
}
cylinder {
	<27.303885, 34.136932, 35.771133>,  <27.298471, 34.334183, 35.907745>, 0.100000
	pigment { color rgbt <1,0,0,0> }
	no_shadow
}
cylinder {
	<27.303885, 34.136932, 35.771133>,  <27.312904, 33.808182, 35.543449>, 0.100000
	pigment { color rgbt <1,0,0,0> }
	no_shadow
}

// particle -1
sphere {
	<27.303885, 34.136932, 35.771133> 0.100000
	pigment { color rgbt <1,0,0,0> }
	no_shadow
}
sphere {
	0, 1
	scale<0.080000,0.200000,0.300000>
	matrix <0.136395, -0.561506, 0.816154,
		0.990398, 0.096043, -0.099437,
		-0.022551, 0.821880, 0.569214,
		27.297119, 34.383495, 35.941898>
	pigment { color rgbt <0,1,1,0> }
	no_shadow
}
cylinder {
	<27.790800, 33.670780, 36.167336>,  <27.312904, 33.808182, 35.543449>, 0.130000
	pigment { color rgbt <1,0,0,0> }
	no_shadow
}

// nucleotide -1

// particle -1
sphere {
	<27.790800, 33.670780, 36.167336> 0.250000
	pigment { color rgbt <1,0,0,0> }
	no_shadow
}
cylinder {
	<27.604658, 34.006626, 36.279408>,  <27.492973, 34.208134, 36.346649>, 0.100000
	pigment { color rgbt <1,0,0,0> }
	no_shadow
}
cylinder {
	<27.604658, 34.006626, 36.279408>,  <27.790800, 33.670780, 36.167336>, 0.100000
	pigment { color rgbt <1,0,0,0> }
	no_shadow
}

// particle -1
sphere {
	<27.604658, 34.006626, 36.279408> 0.100000
	pigment { color rgbt <1,0,0,0> }
	no_shadow
}
sphere {
	0, 1
	scale<0.080000,0.200000,0.300000>
	matrix <0.074595, -0.278213, 0.957618,
		0.881976, 0.466531, 0.066837,
		-0.465354, 0.839611, 0.280178,
		27.465052, 34.258511, 36.363461>
	pigment { color rgbt <0,1,1,0> }
	no_shadow
}
cylinder {
	<28.218225, 34.115810, 36.643730>,  <27.790800, 33.670780, 36.167336>, 0.130000
	pigment { color rgbt <1,0,0,0> }
	no_shadow
}

// nucleotide -1

// particle -1
sphere {
	<28.218225, 34.115810, 36.643730> 0.250000
	pigment { color rgbt <1,0,0,0> }
	no_shadow
}
cylinder {
	<27.833591, 34.195992, 36.718742>,  <27.602810, 34.244102, 36.763748>, 0.100000
	pigment { color rgbt <1,0,0,0> }
	no_shadow
}
cylinder {
	<27.833591, 34.195992, 36.718742>,  <28.218225, 34.115810, 36.643730>, 0.100000
	pigment { color rgbt <1,0,0,0> }
	no_shadow
}

// particle -1
sphere {
	<27.833591, 34.195992, 36.718742> 0.100000
	pigment { color rgbt <1,0,0,0> }
	no_shadow
}
sphere {
	0, 1
	scale<0.080000,0.200000,0.300000>
	matrix <0.165778, -0.120420, 0.978783,
		0.218786, 0.972274, 0.082563,
		-0.961587, 0.200457, 0.187528,
		27.545115, 34.256130, 36.775002>
	pigment { color rgbt <0,1,1,0> }
	no_shadow
}
cylinder {
	<28.155994, 34.721191, 37.086163>,  <28.218225, 34.115810, 36.643730>, 0.130000
	pigment { color rgbt <1,0,0,0> }
	no_shadow
}

// nucleotide -1

// particle -1
sphere {
	<28.155994, 34.721191, 37.086163> 0.250000
	pigment { color rgbt <1,0,0,0> }
	no_shadow
}
cylinder {
	<27.805599, 34.535946, 37.140076>,  <27.595362, 34.424797, 37.172424>, 0.100000
	pigment { color rgbt <1,0,0,0> }
	no_shadow
}
cylinder {
	<27.805599, 34.535946, 37.140076>,  <28.155994, 34.721191, 37.086163>, 0.100000
	pigment { color rgbt <1,0,0,0> }
	no_shadow
}

// particle -1
sphere {
	<27.805599, 34.535946, 37.140076> 0.100000
	pigment { color rgbt <1,0,0,0> }
	no_shadow
}
sphere {
	0, 1
	scale<0.080000,0.200000,0.300000>
	matrix <0.189024, -0.072533, 0.979290,
		-0.443750, 0.883324, 0.151078,
		-0.875988, -0.463117, 0.134783,
		27.542803, 34.397011, 37.180511>
	pigment { color rgbt <0,1,1,0> }
	no_shadow
}
cylinder {
	<27.999453, 35.020805, 37.682186>,  <28.155994, 34.721191, 37.086163>, 0.130000
	pigment { color rgbt <1,0,0,0> }
	no_shadow
}

// nucleotide -1

// particle -1
sphere {
	<27.999453, 35.020805, 37.682186> 0.250000
	pigment { color rgbt <1,0,0,0> }
	no_shadow
}
cylinder {
	<27.764103, 34.698185, 37.659260>,  <27.622892, 34.504612, 37.645504>, 0.100000
	pigment { color rgbt <1,0,0,0> }
	no_shadow
}
cylinder {
	<27.764103, 34.698185, 37.659260>,  <27.999453, 35.020805, 37.682186>, 0.100000
	pigment { color rgbt <1,0,0,0> }
	no_shadow
}

// particle -1
sphere {
	<27.764103, 34.698185, 37.659260> 0.100000
	pigment { color rgbt <1,0,0,0> }
	no_shadow
}
sphere {
	0, 1
	scale<0.080000,0.200000,0.300000>
	matrix <0.143117, -0.173640, 0.974354,
		-0.795823, 0.565082, 0.217597,
		-0.588374, -0.806555, -0.057314,
		27.587591, 34.456219, 37.642067>
	pigment { color rgbt <0,1,1,0> }
	no_shadow
}
cylinder {
	<27.633728, 35.021648, 38.331837>,  <27.999453, 35.020805, 37.682186>, 0.130000
	pigment { color rgbt <1,0,0,0> }
	no_shadow
}

// nucleotide -1

// particle -1
sphere {
	<27.633728, 35.021648, 38.331837> 0.250000
	pigment { color rgbt <1,0,0,0> }
	no_shadow
}
cylinder {
	<27.611601, 34.645874, 38.196545>,  <27.598324, 34.420410, 38.115368>, 0.100000
	pigment { color rgbt <1,0,0,0> }
	no_shadow
}
cylinder {
	<27.611601, 34.645874, 38.196545>,  <27.633728, 35.021648, 38.331837>, 0.100000
	pigment { color rgbt <1,0,0,0> }
	no_shadow
}

// particle -1
sphere {
	<27.611601, 34.645874, 38.196545> 0.100000
	pigment { color rgbt <1,0,0,0> }
	no_shadow
}
sphere {
	0, 1
	scale<0.080000,0.200000,0.300000>
	matrix <0.121951, -0.342572, 0.931543,
		-0.990993, 0.010285, 0.133516,
		-0.055320, -0.939435, -0.338233,
		27.595005, 34.364044, 38.095074>
	pigment { color rgbt <0,1,1,0> }
	no_shadow
}
cylinder {
	<27.222141, 34.594727, 38.838451>,  <27.633728, 35.021648, 38.331837>, 0.130000
	pigment { color rgbt <1,0,0,0> }
	no_shadow
}

// nucleotide -1

// particle -1
sphere {
	<27.222141, 34.594727, 38.838451> 0.250000
	pigment { color rgbt <1,0,0,0> }
	no_shadow
}
cylinder {
	<27.424906, 34.298374, 38.662209>,  <27.546564, 34.120564, 38.556461>, 0.100000
	pigment { color rgbt <1,0,0,0> }
	no_shadow
}
cylinder {
	<27.424906, 34.298374, 38.662209>,  <27.222141, 34.594727, 38.838451>, 0.100000
	pigment { color rgbt <1,0,0,0> }
	no_shadow
}

// particle -1
sphere {
	<27.424906, 34.298374, 38.662209> 0.100000
	pigment { color rgbt <1,0,0,0> }
	no_shadow
}
sphere {
	0, 1
	scale<0.080000,0.200000,0.300000>
	matrix <0.225276, -0.379524, 0.897336,
		-0.832041, -0.554128, -0.025482,
		0.506910, -0.740881, -0.440611,
		27.576979, 34.076111, 38.530025>
	pigment { color rgbt <0,1,1,0> }
	no_shadow
}
cylinder {
	<27.047245, 33.987110, 39.277386>,  <27.222141, 34.594727, 38.838451>, 0.130000
	pigment { color rgbt <1,0,0,0> }
	no_shadow
}

// nucleotide -1

// particle -1
sphere {
	<27.047245, 33.987110, 39.277386> 0.250000
	pigment { color rgbt <1,0,0,0> }
	no_shadow
}
cylinder {
	<27.378204, 33.899723, 39.070431>,  <27.576780, 33.847290, 38.946259>, 0.100000
	pigment { color rgbt <1,0,0,0> }
	no_shadow
}
cylinder {
	<27.378204, 33.899723, 39.070431>,  <27.047245, 33.987110, 39.277386>, 0.100000
	pigment { color rgbt <1,0,0,0> }
	no_shadow
}

// particle -1
sphere {
	<27.378204, 33.899723, 39.070431> 0.100000
	pigment { color rgbt <1,0,0,0> }
	no_shadow
}
sphere {
	0, 1
	scale<0.080000,0.200000,0.300000>
	matrix <0.358599, -0.503491, 0.786068,
		-0.432226, -0.835925, -0.338247,
		0.827398, -0.218464, -0.517383,
		27.626423, 33.834183, 38.915215>
	pigment { color rgbt <0,1,1,0> }
	no_shadow
}
cylinder {
	<27.105394, 33.275898, 39.272079>,  <27.047245, 33.987110, 39.277386>, 0.130000
	pigment { color rgbt <1,0,0,0> }
	no_shadow
}

// nucleotide -1

// particle -1
sphere {
	<27.105394, 33.275898, 39.272079> 0.250000
	pigment { color rgbt <1,0,0,0> }
	no_shadow
}
cylinder {
	<27.466406, 33.441620, 39.225105>,  <27.683012, 33.541054, 39.196922>, 0.100000
	pigment { color rgbt <1,0,0,0> }
	no_shadow
}
cylinder {
	<27.466406, 33.441620, 39.225105>,  <27.105394, 33.275898, 39.272079>, 0.100000
	pigment { color rgbt <1,0,0,0> }
	no_shadow
}

// particle -1
sphere {
	<27.466406, 33.441620, 39.225105> 0.100000
	pigment { color rgbt <1,0,0,0> }
	no_shadow
}
sphere {
	0, 1
	scale<0.080000,0.200000,0.300000>
	matrix <0.384650, -0.652997, 0.652411,
		0.193613, -0.633992, -0.748711,
		0.902529, 0.414307, -0.117436,
		27.737165, 33.565910, 39.189873>
	pigment { color rgbt <0,1,1,0> }
	no_shadow
}
cylinder {
	<27.574581, 32.658096, 39.242046>,  <27.105394, 33.275898, 39.272079>, 0.130000
	pigment { color rgbt <1,0,0,0> }
	no_shadow
}

// nucleotide -1

// particle -1
sphere {
	<27.574581, 32.658096, 39.242046> 0.250000
	pigment { color rgbt <1,0,0,0> }
	no_shadow
}
cylinder {
	<27.818552, 32.972187, 39.284767>,  <27.964935, 33.160641, 39.310402>, 0.100000
	pigment { color rgbt <1,0,0,0> }
	no_shadow
}
cylinder {
	<27.818552, 32.972187, 39.284767>,  <27.574581, 32.658096, 39.242046>, 0.100000
	pigment { color rgbt <1,0,0,0> }
	no_shadow
}

// particle -1
sphere {
	<27.818552, 32.972187, 39.284767> 0.100000
	pigment { color rgbt <1,0,0,0> }
	no_shadow
}
sphere {
	0, 1
	scale<0.080000,0.200000,0.300000>
	matrix <0.585822, -0.537538, 0.606520,
		0.533666, -0.307366, -0.787862,
		0.609929, 0.785226, 0.106804,
		28.001532, 33.207756, 39.316807>
	pigment { color rgbt <0,1,1,0> }
	no_shadow
}
cylinder {
	<28.193960, 32.347351, 39.466324>,  <27.574581, 32.658096, 39.242046>, 0.130000
	pigment { color rgbt <1,0,0,0> }
	no_shadow
}

// nucleotide -1

// particle -1
sphere {
	<28.193960, 32.347351, 39.466324> 0.250000
	pigment { color rgbt <1,0,0,0> }
	no_shadow
}
cylinder {
	<28.296221, 32.726246, 39.543671>,  <28.357576, 32.953583, 39.590080>, 0.100000
	pigment { color rgbt <1,0,0,0> }
	no_shadow
}
cylinder {
	<28.296221, 32.726246, 39.543671>,  <28.193960, 32.347351, 39.466324>, 0.100000
	pigment { color rgbt <1,0,0,0> }
	no_shadow
}

// particle -1
sphere {
	<28.296221, 32.726246, 39.543671> 0.100000
	pigment { color rgbt <1,0,0,0> }
	no_shadow
}
sphere {
	0, 1
	scale<0.080000,0.200000,0.300000>
	matrix <0.694346, -0.319078, 0.645037,
		0.672701, -0.030637, -0.739279,
		0.255650, 0.947233, 0.193372,
		28.372915, 33.010414, 39.601681>
	pigment { color rgbt <0,1,1,0> }
	no_shadow
}
cylinder {
	<28.925314, 32.339199, 39.429199>,  <28.193960, 32.347351, 39.466324>, 0.130000
	pigment { color rgbt <1,0,0,0> }
	no_shadow
}

// nucleotide -1

// particle -1
sphere {
	<28.925314, 32.339199, 39.429199> 0.250000
	pigment { color rgbt <1,0,0,0> }
	no_shadow
}
cylinder {
	<28.768507, 32.624859, 39.661167>,  <28.674423, 32.796253, 39.800350>, 0.100000
	pigment { color rgbt <1,0,0,0> }
	no_shadow
}
cylinder {
	<28.768507, 32.624859, 39.661167>,  <28.925314, 32.339199, 39.429199>, 0.100000
	pigment { color rgbt <1,0,0,0> }
	no_shadow
}

// particle -1
sphere {
	<28.768507, 32.624859, 39.661167> 0.100000
	pigment { color rgbt <1,0,0,0> }
	no_shadow
}
sphere {
	0, 1
	scale<0.080000,0.200000,0.300000>
	matrix <0.678081, -0.201710, 0.706767,
		0.621714, 0.670300, -0.405178,
		-0.392018, 0.714150, 0.579924,
		28.650902, 32.839104, 39.835144>
	pigment { color rgbt <0,1,1,0> }
	no_shadow
}
cylinder {
	<29.456974, 32.675701, 39.703686>,  <28.925314, 32.339199, 39.429199>, 0.130000
	pigment { color rgbt <1,0,0,0> }
	no_shadow
}

// nucleotide -1

// particle -1
sphere {
	<29.456974, 32.675701, 39.703686> 0.250000
	pigment { color rgbt <1,0,0,0> }
	no_shadow
}
cylinder {
	<29.168709, 32.793831, 39.954582>,  <28.995750, 32.864708, 40.105122>, 0.100000
	pigment { color rgbt <1,0,0,0> }
	no_shadow
}
cylinder {
	<29.168709, 32.793831, 39.954582>,  <29.456974, 32.675701, 39.703686>, 0.100000
	pigment { color rgbt <1,0,0,0> }
	no_shadow
}

// particle -1
sphere {
	<29.168709, 32.793831, 39.954582> 0.100000
	pigment { color rgbt <1,0,0,0> }
	no_shadow
}
sphere {
	0, 1
	scale<0.080000,0.200000,0.300000>
	matrix <0.595887, -0.198570, 0.778131,
		0.354353, 0.934533, -0.032879,
		-0.720661, 0.295326, 0.627240,
		28.952511, 32.882427, 40.142754>
	pigment { color rgbt <0,1,1,0> }
	no_shadow
}
cylinder {
	<29.705215, 33.032513, 40.299969>,  <29.456974, 32.675701, 39.703686>, 0.130000
	pigment { color rgbt <1,0,0,0> }
	no_shadow
}

// nucleotide -1

// particle -1
sphere {
	<29.705215, 33.032513, 40.299969> 0.250000
	pigment { color rgbt <1,0,0,0> }
	no_shadow
}
cylinder {
	<29.341333, 32.979034, 40.457226>,  <29.123005, 32.946949, 40.551582>, 0.100000
	pigment { color rgbt <1,0,0,0> }
	no_shadow
}
cylinder {
	<29.341333, 32.979034, 40.457226>,  <29.705215, 33.032513, 40.299969>, 0.100000
	pigment { color rgbt <1,0,0,0> }
	no_shadow
}

// particle -1
sphere {
	<29.341333, 32.979034, 40.457226> 0.100000
	pigment { color rgbt <1,0,0,0> }
	no_shadow
}
sphere {
	0, 1
	scale<0.080000,0.200000,0.300000>
	matrix <0.391994, 0.035946, 0.919265,
		-0.137033, 0.990371, 0.019707,
		-0.909705, -0.133694, 0.393145,
		29.068422, 32.938927, 40.575169>
	pigment { color rgbt <0,1,1,0> }
	no_shadow
}
cylinder {
	<29.623356, 33.538578, 40.764439>,  <29.705215, 33.032513, 40.299969>, 0.130000
	pigment { color rgbt <1,0,0,0> }
	no_shadow
}

// nucleotide -1

// particle -1
sphere {
	<29.623356, 33.538578, 40.764439> 0.250000
	pigment { color rgbt <1,0,0,0> }
	no_shadow
}
cylinder {
	<29.426495, 33.212044, 40.885353>,  <29.308378, 33.016121, 40.957901>, 0.100000
	pigment { color rgbt <1,0,0,0> }
	no_shadow
}
cylinder {
	<29.426495, 33.212044, 40.885353>,  <29.623356, 33.538578, 40.764439>, 0.100000
	pigment { color rgbt <1,0,0,0> }
	no_shadow
}

// particle -1
sphere {
	<29.426495, 33.212044, 40.885353> 0.100000
	pigment { color rgbt <1,0,0,0> }
	no_shadow
}
sphere {
	0, 1
	scale<0.080000,0.200000,0.300000>
	matrix <0.635191, -0.099312, 0.765944,
		-0.595248, 0.568972, 0.567407,
		-0.492151, -0.816338, 0.302291,
		29.278849, 32.967144, 40.976040>
	pigment { color rgbt <0,1,1,0> }
	no_shadow
}
cylinder {
	<29.860172, 33.484573, 41.423321>,  <29.623356, 33.538578, 40.764439>, 0.130000
	pigment { color rgbt <1,0,0,0> }
	no_shadow
}

// nucleotide -1

// particle -1
sphere {
	<29.860172, 33.484573, 41.423321> 0.250000
	pigment { color rgbt <1,0,0,0> }
	no_shadow
}
cylinder {
	<29.690491, 33.124153, 41.387188>,  <29.588682, 32.907902, 41.365509>, 0.100000
	pigment { color rgbt <1,0,0,0> }
	no_shadow
}
cylinder {
	<29.690491, 33.124153, 41.387188>,  <29.860172, 33.484573, 41.423321>, 0.100000
	pigment { color rgbt <1,0,0,0> }
	no_shadow
}

// particle -1
sphere {
	<29.690491, 33.124153, 41.387188> 0.100000
	pigment { color rgbt <1,0,0,0> }
	no_shadow
}
sphere {
	0, 1
	scale<0.080000,0.200000,0.300000>
	matrix <0.612459, -0.358945, 0.704310,
		-0.667041, 0.243448, 0.704123,
		-0.424204, -0.901050, -0.090329,
		29.563229, 32.853840, 41.360088>
	pigment { color rgbt <0,1,1,0> }
	no_shadow
}
cylinder {
	<29.645201, 33.330147, 41.993038>,  <29.860172, 33.484573, 41.423321>, 0.130000
	pigment { color rgbt <1,0,0,0> }
	no_shadow
}

// nucleotide -1

// particle -1
sphere {
	<29.645201, 33.330147, 41.993038> 0.250000
	pigment { color rgbt <1,0,0,0> }
	no_shadow
}
cylinder {
	<29.677715, 32.966358, 41.829941>,  <29.697224, 32.748085, 41.732082>, 0.100000
	pigment { color rgbt <1,0,0,0> }
	no_shadow
}
cylinder {
	<29.677715, 32.966358, 41.829941>,  <29.645201, 33.330147, 41.993038>, 0.100000
	pigment { color rgbt <1,0,0,0> }
	no_shadow
}

// particle -1
sphere {
	<29.677715, 32.966358, 41.829941> 0.100000
	pigment { color rgbt <1,0,0,0> }
	no_shadow
}
sphere {
	0, 1
	scale<0.080000,0.200000,0.300000>
	matrix <0.550950, -0.299912, 0.778785,
		-0.830570, -0.287951, 0.476695,
		0.081285, -0.909471, -0.407744,
		29.702101, 32.693516, 41.707619>
	pigment { color rgbt <0,1,1,0> }
	no_shadow
}
cylinder {
	<29.489990, 32.812641, 42.486347>,  <29.645201, 33.330147, 41.993038>, 0.130000
	pigment { color rgbt <1,0,0,0> }
	no_shadow
}

// nucleotide -1

// particle -1
sphere {
	<29.489990, 32.812641, 42.486347> 0.250000
	pigment { color rgbt <1,0,0,0> }
	no_shadow
}
cylinder {
	<29.747461, 32.627522, 42.242546>,  <29.901943, 32.516449, 42.096264>, 0.100000
	pigment { color rgbt <1,0,0,0> }
	no_shadow
}
cylinder {
	<29.747461, 32.627522, 42.242546>,  <29.489990, 32.812641, 42.486347>, 0.100000
	pigment { color rgbt <1,0,0,0> }
	no_shadow
}

// particle -1
sphere {
	<29.747461, 32.627522, 42.242546> 0.100000
	pigment { color rgbt <1,0,0,0> }
	no_shadow
}
sphere {
	0, 1
	scale<0.080000,0.200000,0.300000>
	matrix <0.477653, -0.379309, 0.792447,
		-0.597935, -0.801211, -0.023094,
		0.643677, -0.462801, -0.609504,
		29.940565, 32.488682, 42.059696>
	pigment { color rgbt <0,1,1,0> }
	no_shadow
}
cylinder {
	<29.433580, 32.013824, 42.587368>,  <29.489990, 32.812641, 42.486347>, 0.130000
	pigment { color rgbt <1,0,0,0> }
	no_shadow
}

// nucleotide -1

// particle -1
sphere {
	<29.433580, 32.013824, 42.587368> 0.250000
	pigment { color rgbt <1,0,0,0> }
	no_shadow
}
cylinder {
	<29.762016, 32.202827, 42.459278>,  <29.959078, 32.316231, 42.382423>, 0.100000
	pigment { color rgbt <1,0,0,0> }
	no_shadow
}
cylinder {
	<29.762016, 32.202827, 42.459278>,  <29.433580, 32.013824, 42.587368>, 0.100000
	pigment { color rgbt <1,0,0,0> }
	no_shadow
}

// particle -1
sphere {
	<29.762016, 32.202827, 42.459278> 0.100000
	pigment { color rgbt <1,0,0,0> }
	no_shadow
}
sphere {
	0, 1
	scale<0.080000,0.200000,0.300000>
	matrix <0.469205, -0.239250, 0.850062,
		0.325046, -0.848231, -0.418149,
		0.821092, 0.472507, -0.320227,
		30.008345, 32.344578, 42.363209>
	pigment { color rgbt <0,1,1,0> }
	no_shadow
}
cylinder {
	<30.014328, 31.563789, 42.741581>,  <29.433580, 32.013824, 42.587368>, 0.130000
	pigment { color rgbt <1,0,0,0> }
	no_shadow
}

// nucleotide -1

// particle -1
sphere {
	<30.014328, 31.563789, 42.741581> 0.250000
	pigment { color rgbt <1,0,0,0> }
	no_shadow
}
cylinder {
	<30.125959, 31.947750, 42.752174>,  <30.192938, 32.178127, 42.758530>, 0.100000
	pigment { color rgbt <1,0,0,0> }
	no_shadow
}
cylinder {
	<30.125959, 31.947750, 42.752174>,  <30.014328, 31.563789, 42.741581>, 0.100000
	pigment { color rgbt <1,0,0,0> }
	no_shadow
}

// particle -1
sphere {
	<30.125959, 31.947750, 42.752174> 0.100000
	pigment { color rgbt <1,0,0,0> }
	no_shadow
}
sphere {
	0, 1
	scale<0.080000,0.200000,0.300000>
	matrix <0.472988, -0.161409, 0.866158,
		0.835701, -0.229204, -0.499069,
		0.279081, 0.959903, 0.026479,
		30.209684, 32.235722, 42.760117>
	pigment { color rgbt <0,1,1,0> }
	no_shadow
}
cylinder {
	<29.572447, 31.027588, 42.439293>,  <30.014328, 31.563789, 42.741581>, 0.130000
	pigment { color rgbt <1,0,0,0> }
	no_shadow
}

// nucleotide -1

// particle -1
sphere {
	<29.572447, 31.027588, 42.439293> 0.250000
	pigment { color rgbt <1,0,0,0> }
	no_shadow
}
cylinder {
	<29.726704, 30.658695, 42.428169>,  <29.819258, 30.437361, 42.421494>, 0.100000
	pigment { color rgbt <1,0,0,0> }
	no_shadow
}
cylinder {
	<29.726704, 30.658695, 42.428169>,  <29.572447, 31.027588, 42.439293>, 0.100000
	pigment { color rgbt <1,0,0,0> }
	no_shadow
}

// particle -1
sphere {
	<29.726704, 30.658695, 42.428169> 0.100000
	pigment { color rgbt <1,0,0,0> }
	no_shadow
}
sphere {
	0, 1
	scale<0.080000,0.200000,0.300000>
	matrix <0.664139, 0.298387, -0.685481,
		0.640468, 0.245881, 0.727559,
		0.385641, -0.922230, -0.027808,
		29.842396, 30.382027, 42.419827>
	pigment { color rgbt <0,1,1,0> }
	no_shadow
}
cylinder {
	<30.256721, 31.172415, 42.178345>,  <29.572447, 31.027588, 42.439293>, 0.130000
	pigment { color rgbt <1,0,0,0> }
	no_shadow
}

// nucleotide -1

// particle -1
sphere {
	<30.256721, 31.172415, 42.178345> 0.250000
	pigment { color rgbt <1,0,0,0> }
	no_shadow
}
cylinder {
	<30.229650, 30.773350, 42.182137>,  <30.213408, 30.533911, 42.184414>, 0.100000
	pigment { color rgbt <1,0,0,0> }
	no_shadow
}
cylinder {
	<30.229650, 30.773350, 42.182137>,  <30.256721, 31.172415, 42.178345>, 0.100000
	pigment { color rgbt <1,0,0,0> }
	no_shadow
}

// particle -1
sphere {
	<30.229650, 30.773350, 42.182137> 0.100000
	pigment { color rgbt <1,0,0,0> }
	no_shadow
}
sphere {
	0, 1
	scale<0.080000,0.200000,0.300000>
	matrix <0.641256, -0.050778, -0.765645,
		0.764337, -0.045734, 0.643194,
		-0.067676, -0.997662, 0.009484,
		30.209347, 30.474051, 42.184982>
	pigment { color rgbt <0,1,1,0> }
	no_shadow
}
cylinder {
	<30.925915, 30.891827, 42.152115>,  <30.256721, 31.172415, 42.178345>, 0.130000
	pigment { color rgbt <1,0,0,0> }
	no_shadow
}

// nucleotide -1

// particle -1
sphere {
	<30.925915, 30.891827, 42.152115> 0.250000
	pigment { color rgbt <1,0,0,0> }
	no_shadow
}
cylinder {
	<30.689301, 30.602098, 42.010441>,  <30.547331, 30.428263, 41.925438>, 0.100000
	pigment { color rgbt <1,0,0,0> }
	no_shadow
}
cylinder {
	<30.689301, 30.602098, 42.010441>,  <30.925915, 30.891827, 42.152115>, 0.100000
	pigment { color rgbt <1,0,0,0> }
	no_shadow
}

// particle -1
sphere {
	<30.689301, 30.602098, 42.010441> 0.100000
	pigment { color rgbt <1,0,0,0> }
	no_shadow
}
sphere {
	0, 1
	scale<0.080000,0.200000,0.300000>
	matrix <0.654264, -0.174499, -0.735859,
		0.471192, -0.667017, 0.577118,
		-0.591537, -0.724319, -0.354183,
		30.511839, 30.384804, 41.904186>
	pigment { color rgbt <0,1,1,0> }
	no_shadow
}
cylinder {
	<31.295868, 30.219349, 42.196941>,  <30.925915, 30.891827, 42.152115>, 0.130000
	pigment { color rgbt <1,0,0,0> }
	no_shadow
}

// nucleotide -1

// particle -1
sphere {
	<31.295868, 30.219349, 42.196941> 0.250000
	pigment { color rgbt <1,0,0,0> }
	no_shadow
}
cylinder {
	<31.022587, 30.269119, 41.909122>,  <30.858618, 30.298981, 41.736431>, 0.100000
	pigment { color rgbt <1,0,0,0> }
	no_shadow
}
cylinder {
	<31.022587, 30.269119, 41.909122>,  <31.295868, 30.219349, 42.196941>, 0.100000
	pigment { color rgbt <1,0,0,0> }
	no_shadow
}

// particle -1
sphere {
	<31.022587, 30.269119, 41.909122> 0.100000
	pigment { color rgbt <1,0,0,0> }
	no_shadow
}
sphere {
	0, 1
	scale<0.080000,0.200000,0.300000>
	matrix <0.716535, -0.075692, -0.693432,
		-0.140745, -0.989338, -0.037443,
		-0.683204, 0.124426, -0.719548,
		30.817625, 30.306446, 41.693256>
	pigment { color rgbt <0,1,1,0> }
	no_shadow
}
cylinder {
	<30.640427, 29.915293, 42.483105>,  <31.295868, 30.219349, 42.196941>, 0.130000
	pigment { color rgbt <1,0,0,0> }
	no_shadow
}

// nucleotide -1

// particle -1
sphere {
	<30.640427, 29.915293, 42.483105> 0.250000
	pigment { color rgbt <1,0,0,0> }
	no_shadow
}
cylinder {
	<30.309313, 29.983181, 42.269203>,  <30.110643, 30.023914, 42.140862>, 0.100000
	pigment { color rgbt <1,0,0,0> }
	no_shadow
}
cylinder {
	<30.309313, 29.983181, 42.269203>,  <30.640427, 29.915293, 42.483105>, 0.100000
	pigment { color rgbt <1,0,0,0> }
	no_shadow
}

// particle -1
sphere {
	<30.309313, 29.983181, 42.269203> 0.100000
	pigment { color rgbt <1,0,0,0> }
	no_shadow
}
sphere {
	0, 1
	scale<0.080000,0.200000,0.300000>
	matrix <0.532718, -0.061267, -0.844072,
		-0.176021, -0.983585, -0.039698,
		-0.827785, 0.169722, -0.534758,
		30.060978, 30.034098, 42.108776>
	pigment { color rgbt <0,1,1,0> }
	no_shadow
}
cylinder {
	<30.449995, 29.406120, 41.978806>,  <30.640427, 29.915293, 42.483105>, 0.130000
	pigment { color rgbt <1,0,0,0> }
	no_shadow
}

// nucleotide -1

// particle -1
sphere {
	<30.449995, 29.406120, 41.978806> 0.250000
	pigment { color rgbt <1,0,0,0> }
	no_shadow
}
cylinder {
	<30.303476, 29.752937, 41.843712>,  <30.215565, 29.961027, 41.762653>, 0.100000
	pigment { color rgbt <1,0,0,0> }
	no_shadow
}
cylinder {
	<30.303476, 29.752937, 41.843712>,  <30.449995, 29.406120, 41.978806>, 0.100000
	pigment { color rgbt <1,0,0,0> }
	no_shadow
}

// particle -1
sphere {
	<30.303476, 29.752937, 41.843712> 0.100000
	pigment { color rgbt <1,0,0,0> }
	no_shadow
}
sphere {
	0, 1
	scale<0.080000,0.200000,0.300000>
	matrix <0.583603, -0.068627, -0.809134,
		-0.724730, -0.493489, -0.480870,
		-0.366298, 0.867040, -0.337738,
		30.193586, 30.013050, 41.742390>
	pigment { color rgbt <0,1,1,0> }
	no_shadow
}
cylinder {
	<30.353479, 29.295219, 41.284561>,  <30.449995, 29.406120, 41.978806>, 0.130000
	pigment { color rgbt <1,0,0,0> }
	no_shadow
}

// nucleotide -1

// particle -1
sphere {
	<30.353479, 29.295219, 41.284561> 0.250000
	pigment { color rgbt <1,0,0,0> }
	no_shadow
}
cylinder {
	<30.393660, 29.691780, 41.318108>,  <30.417768, 29.929716, 41.338234>, 0.100000
	pigment { color rgbt <1,0,0,0> }
	no_shadow
}
cylinder {
	<30.393660, 29.691780, 41.318108>,  <30.353479, 29.295219, 41.284561>, 0.100000
	pigment { color rgbt <1,0,0,0> }
	no_shadow
}

// particle -1
sphere {
	<30.393660, 29.691780, 41.318108> 0.100000
	pigment { color rgbt <1,0,0,0> }
	no_shadow
}
sphere {
	0, 1
	scale<0.080000,0.200000,0.300000>
	matrix <0.506813, 0.021550, -0.861786,
		-0.856183, 0.129073, -0.500290,
		0.100452, 0.991401, 0.083867,
		30.423796, 29.989201, 41.343269>
	pigment { color rgbt <0,1,1,0> }
	no_shadow
}
cylinder {
	<29.806730, 29.198420, 40.741508>,  <30.353479, 29.295219, 41.284561>, 0.130000
	pigment { color rgbt <1,0,0,0> }
	no_shadow
}

// nucleotide -1

// particle -1
sphere {
	<29.806730, 29.198420, 40.741508> 0.250000
	pigment { color rgbt <1,0,0,0> }
	no_shadow
}
cylinder {
	<29.822865, 28.852432, 40.541428>,  <29.832544, 28.644840, 40.421379>, 0.100000
	pigment { color rgbt <1,0,0,0> }
	no_shadow
}
cylinder {
	<29.822865, 28.852432, 40.541428>,  <29.806730, 29.198420, 40.741508>, 0.100000
	pigment { color rgbt <1,0,0,0> }
	no_shadow
}

// particle -1
sphere {
	<29.822865, 28.852432, 40.541428> 0.100000
	pigment { color rgbt <1,0,0,0> }
	no_shadow
}
sphere {
	0, 1
	scale<0.080000,0.200000,0.300000>
	matrix <0.143235, 0.500443, -0.853839,
		0.988866, -0.037207, 0.144079,
		0.040334, -0.864969, -0.500201,
		29.834965, 28.592941, 40.391369>
	pigment { color rgbt <0,1,1,0> }
	no_shadow
}
cylinder {
	<30.425106, 29.073351, 40.258690>,  <29.806730, 29.198420, 40.741508>, 0.130000
	pigment { color rgbt <1,0,0,0> }
	no_shadow
}

// nucleotide -1

// particle -1
sphere {
	<30.425106, 29.073351, 40.258690> 0.250000
	pigment { color rgbt <1,0,0,0> }
	no_shadow
}
cylinder {
	<30.111401, 28.860868, 40.130474>,  <29.923178, 28.733379, 40.053543>, 0.100000
	pigment { color rgbt <1,0,0,0> }
	no_shadow
}
cylinder {
	<30.111401, 28.860868, 40.130474>,  <30.425106, 29.073351, 40.258690>, 0.100000
	pigment { color rgbt <1,0,0,0> }
	no_shadow
}

// particle -1
sphere {
	<30.111401, 28.860868, 40.130474> 0.100000
	pigment { color rgbt <1,0,0,0> }
	no_shadow
}
sphere {
	0, 1
	scale<0.080000,0.200000,0.300000>
	matrix <0.137292, 0.355247, -0.924635,
		0.605045, -0.769167, -0.205677,
		-0.784265, -0.531208, -0.320541,
		29.876122, 28.701506, 40.034313>
	pigment { color rgbt <0,1,1,0> }
	no_shadow
}
cylinder {
	<30.716572, 28.479040, 39.758102>,  <30.425106, 29.073351, 40.258690>, 0.130000
	pigment { color rgbt <1,0,0,0> }
	no_shadow
}

// nucleotide -1

// particle -1
sphere {
	<30.716572, 28.479040, 39.758102> 0.250000
	pigment { color rgbt <1,0,0,0> }
	no_shadow
}
cylinder {
	<30.349976, 28.637419, 39.735210>,  <30.130018, 28.732445, 39.721474>, 0.100000
	pigment { color rgbt <1,0,0,0> }
	no_shadow
}
cylinder {
	<30.349976, 28.637419, 39.735210>,  <30.716572, 28.479040, 39.758102>, 0.100000
	pigment { color rgbt <1,0,0,0> }
	no_shadow
}

// particle -1
sphere {
	<30.349976, 28.637419, 39.735210> 0.100000
	pigment { color rgbt <1,0,0,0> }
	no_shadow
}
sphere {
	0, 1
	scale<0.080000,0.200000,0.300000>
	matrix <0.284058, 0.543315, -0.790013,
		-0.281708, -0.740295, -0.610414,
		-0.916489, 0.395945, -0.057231,
		30.075029, 28.756203, 39.718040>
	pigment { color rgbt <0,1,1,0> }
	no_shadow
}
cylinder {
	<30.750130, 28.852047, 39.136978>,  <30.716572, 28.479040, 39.758102>, 0.130000
	pigment { color rgbt <1,0,0,0> }
	no_shadow
}

// nucleotide -1

// particle -1
sphere {
	<30.750130, 28.852047, 39.136978> 0.250000
	pigment { color rgbt <1,0,0,0> }
	no_shadow
}
cylinder {
	<30.373583, 28.942085, 39.237503>,  <30.147655, 28.996107, 39.297817>, 0.100000
	pigment { color rgbt <1,0,0,0> }
	no_shadow
}
cylinder {
	<30.373583, 28.942085, 39.237503>,  <30.750130, 28.852047, 39.136978>, 0.100000
	pigment { color rgbt <1,0,0,0> }
	no_shadow
}

// particle -1
sphere {
	<30.373583, 28.942085, 39.237503> 0.100000
	pigment { color rgbt <1,0,0,0> }
	no_shadow
}
sphere {
	0, 1
	scale<0.080000,0.200000,0.300000>
	matrix <0.030856, 0.799216, -0.600252,
		-0.335968, -0.557303, -0.759302,
		-0.941368, 0.225095, 0.251315,
		30.091173, 29.009613, 39.312897>
	pigment { color rgbt <0,1,1,0> }
	no_shadow
}
cylinder {
	<30.408918, 28.874510, 38.494442>,  <30.750130, 28.852047, 39.136978>, 0.130000
	pigment { color rgbt <1,0,0,0> }
	no_shadow
}

// nucleotide -1

// particle -1
sphere {
	<30.408918, 28.874510, 38.494442> 0.250000
	pigment { color rgbt <1,0,0,0> }
	no_shadow
}
cylinder {
	<30.181063, 29.077147, 38.753326>,  <30.044350, 29.198729, 38.908657>, 0.100000
	pigment { color rgbt <1,0,0,0> }
	no_shadow
}
cylinder {
	<30.181063, 29.077147, 38.753326>,  <30.408918, 28.874510, 38.494442>, 0.100000
	pigment { color rgbt <1,0,0,0> }
	no_shadow
}

// particle -1
sphere {
	<30.181063, 29.077147, 38.753326> 0.100000
	pigment { color rgbt <1,0,0,0> }
	no_shadow
}
sphere {
	0, 1
	scale<0.080000,0.200000,0.300000>
	matrix <-0.155206, 0.706988, -0.689985,
		-0.807108, -0.493492, -0.324101,
		-0.569638, 0.506590, 0.647208,
		30.010172, 29.229124, 38.947491>
	pigment { color rgbt <0,1,1,0> }
	no_shadow
}
cylinder {
	<29.790264, 29.099380, 38.086231>,  <30.408918, 28.874510, 38.494442>, 0.130000
	pigment { color rgbt <1,0,0,0> }
	no_shadow
}

// nucleotide -1

// particle -1
sphere {
	<29.790264, 29.099380, 38.086231> 0.250000
	pigment { color rgbt <1,0,0,0> }
	no_shadow
}
cylinder {
	<29.803015, 29.328196, 38.414074>,  <29.810665, 29.465485, 38.610779>, 0.100000
	pigment { color rgbt <1,0,0,0> }
	no_shadow
}
cylinder {
	<29.803015, 29.328196, 38.414074>,  <29.790264, 29.099380, 38.086231>, 0.100000
	pigment { color rgbt <1,0,0,0> }
	no_shadow
}

// particle -1
sphere {
	<29.803015, 29.328196, 38.414074> 0.100000
	pigment { color rgbt <1,0,0,0> }
	no_shadow
}
sphere {
	0, 1
	scale<0.080000,0.200000,0.300000>
	matrix <-0.324272, 0.781587, -0.532887,
		-0.945427, -0.248789, 0.210410,
		0.031877, 0.572036, 0.819609,
		29.812578, 29.499805, 38.659958>
	pigment { color rgbt <0,1,1,0> }
	no_shadow
}
cylinder {
	<29.248444, 29.586737, 38.097801>,  <29.790264, 29.099380, 38.086231>, 0.130000
	pigment { color rgbt <1,0,0,0> }
	no_shadow
}

// nucleotide -1

// particle -1
sphere {
	<29.248444, 29.586737, 38.097801> 0.250000
	pigment { color rgbt <1,0,0,0> }
	no_shadow
}
cylinder {
	<29.497374, 29.755594, 38.361469>,  <29.646732, 29.856909, 38.519669>, 0.100000
	pigment { color rgbt <1,0,0,0> }
	no_shadow
}
cylinder {
	<29.497374, 29.755594, 38.361469>,  <29.248444, 29.586737, 38.097801>, 0.100000
	pigment { color rgbt <1,0,0,0> }
	no_shadow
}

// particle -1
sphere {
	<29.497374, 29.755594, 38.361469> 0.100000
	pigment { color rgbt <1,0,0,0> }
	no_shadow
}
sphere {
	0, 1
	scale<0.080000,0.200000,0.300000>
	matrix <0.056901, 0.815487, -0.575972,
		-0.780687, 0.395950, 0.483478,
		0.622326, 0.422143, 0.659171,
		29.684071, 29.882236, 38.559219>
	pigment { color rgbt <0,1,1,0> }
	no_shadow
}
cylinder {
	<28.946329, 30.358980, 38.276306>,  <29.248444, 29.586737, 38.097801>, 0.130000
	pigment { color rgbt <1,0,0,0> }
	no_shadow
}

// nucleotide -1

// particle -1
sphere {
	<28.946329, 30.358980, 38.276306> 0.250000
	pigment { color rgbt <1,0,0,0> }
	no_shadow
}
cylinder {
	<29.334105, 30.331263, 38.370445>,  <29.566771, 30.314632, 38.426929>, 0.100000
	pigment { color rgbt <1,0,0,0> }
	no_shadow
}
cylinder {
	<29.334105, 30.331263, 38.370445>,  <28.946329, 30.358980, 38.276306>, 0.100000
	pigment { color rgbt <1,0,0,0> }
	no_shadow
}

// particle -1
sphere {
	<29.334105, 30.331263, 38.370445> 0.100000
	pigment { color rgbt <1,0,0,0> }
	no_shadow
}
sphere {
	0, 1
	scale<0.080000,0.200000,0.300000>
	matrix <0.158884, 0.908267, -0.387049,
		-0.186935, 0.412613, 0.891519,
		0.969438, -0.069295, 0.235345,
		29.624935, 30.310474, 38.441048>
	pigment { color rgbt <0,1,1,0> }
	no_shadow
}
cylinder {
	<29.025906, 30.979166, 38.642162>,  <28.946329, 30.358980, 38.276306>, 0.130000
	pigment { color rgbt <1,0,0,0> }
	no_shadow
}

// nucleotide -1

// particle -1
sphere {
	<29.025906, 30.979166, 38.642162> 0.250000
	pigment { color rgbt <1,0,0,0> }
	no_shadow
}
cylinder {
	<29.403561, 30.871689, 38.565842>,  <29.630154, 30.807203, 38.520050>, 0.100000
	pigment { color rgbt <1,0,0,0> }
	no_shadow
}
cylinder {
	<29.403561, 30.871689, 38.565842>,  <29.025906, 30.979166, 38.642162>, 0.100000
	pigment { color rgbt <1,0,0,0> }
	no_shadow
}

// particle -1
sphere {
	<29.403561, 30.871689, 38.565842> 0.100000
	pigment { color rgbt <1,0,0,0> }
	no_shadow
}
sphere {
	0, 1
	scale<0.080000,0.200000,0.300000>
	matrix <0.268482, 0.962893, -0.027451,
