// switches for output
#declare DRAW_BASES = 1; // possible values are 0, 1; only relevant for DNA ribbons
#declare DRAW_BASES_TYPE = 3; // possible values are 1, 2, 3; only relevant for DNA ribbons
#declare DRAW_FOG = 0; // set to 1 to enable fog

#include "colors.inc"

#include "transforms.inc"
background { rgb <1, 1, 1>}

#default {
   normal{
       ripples 0.25
       frequency 0.20
       turbulence 0.2
       lambda 5
   }
	finish {
		phong 0.1
		phong_size 40.
	}
}

// original window dimensions: 1024x640


// camera settings

camera {
	sky <0, 0.179814, -0.983701>
	up <0, 0.179814, -0.983701>
	right 1.6 * <1, 0, 0>
	location <35, 94.9851, 44.8844>
	look_at <35, 29.7336, 32.9568>
	direction <0, -65.2515, -11.9276>
	angle 67.0682
}


# declare cpy_camera_pos = <35, 94.9851, 44.8844>;
# if (DRAW_FOG = 1)
fog {
	fog_type 2
	up vnormalize(cpy_camera_pos)
	color rgbt<1,1,1,0.3>
	distance 1e-5
	fog_alt 3e-3
	fog_offset 56
}
# end


// LIGHTS

# declare lum = 6;
global_settings {
	ambient_light rgb lum * <0.05, 0.05, 0.05>
	max_trace_level 15
}# declare cpy_direct_light_amount = 0.25;
light_source
{	1000 * <-1, -1.16352, -0.803886>,
	rgb lum * cpy_direct_light_amount
	parallel
}

light_source
{	1000 * <1, 1.16352, 0.803886>,
	rgb lum * cpy_direct_light_amount
	parallel
}

// strand 0

// nucleotide -1

// particle -1
sphere {
	<24.194990, 35.346199, 35.222260> 0.250000
	pigment { color rgbt <1,0,0,0> }
	no_shadow
}
cylinder {
	<24.234951, 35.031570, 34.978516>,  <24.258926, 34.842793, 34.832268>, 0.100000
	pigment { color rgbt <1,0,0,0> }
	no_shadow
}
cylinder {
	<24.234951, 35.031570, 34.978516>,  <24.194990, 35.346199, 35.222260>, 0.100000
	pigment { color rgbt <1,0,0,0> }
	no_shadow
}

// particle -1
sphere {
	<24.234951, 35.031570, 34.978516> 0.100000
	pigment { color rgbt <1,0,0,0> }
	no_shadow
}
sphere {
	0, 1
	scale<0.080000,0.200000,0.300000>
	matrix <0.988873, 0.010644, 0.148379,
		-0.110225, -0.617403, 0.778887,
		0.099900, -0.786575, -0.609360,
		24.264921, 34.795597, 34.795708>
	pigment { color rgbt <0,1,1,0> }
	no_shadow
}
cylinder {
	<24.361633, 34.723774, 35.594666>,  <24.194990, 35.346199, 35.222260>, 0.130000
	pigment { color rgbt <1,0,0,0> }
	no_shadow
}

// nucleotide -1

// particle -1
sphere {
	<24.361633, 34.723774, 35.594666> 0.250000
	pigment { color rgbt <1,0,0,0> }
	no_shadow
}
cylinder {
	<24.524021, 34.762844, 35.231205>,  <24.621454, 34.786285, 35.013130>, 0.100000
	pigment { color rgbt <1,0,0,0> }
	no_shadow
}
cylinder {
	<24.524021, 34.762844, 35.231205>,  <24.361633, 34.723774, 35.594666>, 0.100000
	pigment { color rgbt <1,0,0,0> }
	no_shadow
}

// particle -1
sphere {
	<24.524021, 34.762844, 35.231205> 0.100000
	pigment { color rgbt <1,0,0,0> }
	no_shadow
}
sphere {
	0, 1
	scale<0.080000,0.200000,0.300000>
	matrix <0.913556, -0.070123, 0.400621,
		-0.024584, -0.992744, -0.117704,
		0.405968, 0.097681, -0.908652,
		24.645811, 34.792149, 34.958611>
	pigment { color rgbt <0,1,1,0> }
	no_shadow
}
cylinder {
	<24.967236, 34.159241, 35.565052>,  <24.361633, 34.723774, 35.594666>, 0.130000
	pigment { color rgbt <1,0,0,0> }
	no_shadow
}

// nucleotide -1

// particle -1
sphere {
	<24.967236, 34.159241, 35.565052> 0.250000
	pigment { color rgbt <1,0,0,0> }
	no_shadow
}
cylinder {
	<25.022280, 34.464203, 35.312130>,  <25.055305, 34.647179, 35.160378>, 0.100000
	pigment { color rgbt <1,0,0,0> }
	no_shadow
}
cylinder {
	<25.022280, 34.464203, 35.312130>,  <24.967236, 34.159241, 35.565052>, 0.100000
	pigment { color rgbt <1,0,0,0> }
	no_shadow
}

// particle -1
sphere {
	<25.022280, 34.464203, 35.312130> 0.100000
	pigment { color rgbt <1,0,0,0> }
	no_shadow
}
sphere {
	0, 1
	scale<0.080000,0.200000,0.300000>
	matrix <0.975577, 0.006019, 0.219574,
		0.171209, -0.647075, -0.742955,
		0.137609, 0.762403, -0.632302,
		25.063562, 34.692924, 35.122440>
	pigment { color rgbt <0,1,1,0> }
	no_shadow
}
cylinder {
	<25.484102, 33.998554, 34.951267>,  <24.967236, 34.159241, 35.565052>, 0.130000
	pigment { color rgbt <1,0,0,0> }
	no_shadow
}

// nucleotide -1

// particle -1
sphere {
	<25.484102, 33.998554, 34.951267> 0.250000
	pigment { color rgbt <1,0,0,0> }
	no_shadow
}
cylinder {
	<25.456160, 34.369556, 35.098156>,  <25.439394, 34.592159, 35.186291>, 0.100000
	pigment { color rgbt <1,0,0,0> }
	no_shadow
}
cylinder {
	<25.456160, 34.369556, 35.098156>,  <25.484102, 33.998554, 34.951267>, 0.100000
	pigment { color rgbt <1,0,0,0> }
	no_shadow
}

// particle -1
sphere {
	<25.456160, 34.369556, 35.098156> 0.100000
	pigment { color rgbt <1,0,0,0> }
	no_shadow
}
sphere {
	0, 1
	scale<0.080000,0.200000,0.300000>
	matrix <0.948232, -0.052583, 0.313196,
		0.309801, 0.370090, -0.875818,
		-0.069857, 0.927507, 0.367221,
		25.435202, 34.647808, 35.208321>
	pigment { color rgbt <0,1,1,0> }
	no_shadow
}
cylinder {
	<26.032890, 33.573479, 35.363861>,  <25.484102, 33.998554, 34.951267>, 0.130000
	pigment { color rgbt <1,0,0,0> }
	no_shadow
}

// nucleotide -1

// particle -1
sphere {
	<26.032890, 33.573479, 35.363861> 0.250000
	pigment { color rgbt <1,0,0,0> }
	no_shadow
}
cylinder {
	<26.412916, 33.697956, 35.354610>,  <26.640932, 33.772644, 35.349060>, 0.100000
	pigment { color rgbt <1,0,0,0> }
	no_shadow
}
cylinder {
	<26.412916, 33.697956, 35.354610>,  <26.032890, 33.573479, 35.363861>, 0.100000
	pigment { color rgbt <1,0,0,0> }
	no_shadow
}

// particle -1
sphere {
	<26.412916, 33.697956, 35.354610> 0.100000
	pigment { color rgbt <1,0,0,0> }
	no_shadow
}
sphere {
	0, 1
	scale<0.080000,0.200000,0.300000>
	matrix <0.201749, -0.556010, 0.806319,
		0.238068, -0.770719, -0.591029,
		0.950064, 0.311198, -0.023124,
		26.697935, 33.791317, 35.347672>
	pigment { color rgbt <0,1,1,0> }
	no_shadow
}
cylinder {
	<26.476177, 32.946743, 35.461769>,  <26.032890, 33.573479, 35.363861>, 0.130000
	pigment { color rgbt <1,0,0,0> }
	no_shadow
}

// nucleotide -1

// particle -1
sphere {
	<26.476177, 32.946743, 35.461769> 0.250000
	pigment { color rgbt <1,0,0,0> }
	no_shadow
}
cylinder {
	<26.643635, 33.289600, 35.581795>,  <26.744110, 33.495316, 35.653809>, 0.100000
	pigment { color rgbt <1,0,0,0> }
	no_shadow
}
cylinder {
	<26.643635, 33.289600, 35.581795>,  <26.476177, 32.946743, 35.461769>, 0.100000
	pigment { color rgbt <1,0,0,0> }
	no_shadow
}

// particle -1
sphere {
	<26.643635, 33.289600, 35.581795> 0.100000
	pigment { color rgbt <1,0,0,0> }
	no_shadow
}
sphere {
	0, 1
	scale<0.080000,0.200000,0.300000>
	matrix <0.332292, -0.452075, 0.827774,
		0.845174, -0.246835, -0.474081,
		0.418644, 0.857147, 0.300061,
		26.769228, 33.546745, 35.671814>
	pigment { color rgbt <0,1,1,0> }
	no_shadow
}
cylinder {
	<27.142773, 32.806015, 35.498360>,  <26.476177, 32.946743, 35.461769>, 0.130000
	pigment { color rgbt <1,0,0,0> }
	no_shadow
}

// nucleotide -1

// particle -1
sphere {
	<27.142773, 32.806015, 35.498360> 0.250000
	pigment { color rgbt <1,0,0,0> }
	no_shadow
}
cylinder {
	<27.091469, 33.106831, 35.756969>,  <27.060686, 33.287319, 35.912136>, 0.100000
	pigment { color rgbt <1,0,0,0> }
	no_shadow
}
cylinder {
	<27.091469, 33.106831, 35.756969>,  <27.142773, 32.806015, 35.498360>, 0.100000
	pigment { color rgbt <1,0,0,0> }
	no_shadow
}

// particle -1
sphere {
	<27.091469, 33.106831, 35.756969> 0.100000
	pigment { color rgbt <1,0,0,0> }
	no_shadow
}
sphere {
	0, 1
	scale<0.080000,0.200000,0.300000>
	matrix <0.470321, -0.527812, 0.707257,
		0.873125, 0.394786, -0.286001,
		-0.128260, 0.752036, 0.646522,
		27.052992, 33.332443, 35.950928>
	pigment { color rgbt <0,1,1,0> }
	no_shadow
}
cylinder {
	<27.712305, 32.714626, 35.973961>,  <27.142773, 32.806015, 35.498360>, 0.130000
	pigment { color rgbt <1,0,0,0> }
	no_shadow
}

// nucleotide -1

// particle -1
sphere {
	<27.712305, 32.714626, 35.973961> 0.250000
	pigment { color rgbt <1,0,0,0> }
	no_shadow
}
cylinder {
	<27.450941, 32.961990, 36.148605>,  <27.294123, 33.110409, 36.253391>, 0.100000
	pigment { color rgbt <1,0,0,0> }
	no_shadow
}
cylinder {
	<27.450941, 32.961990, 36.148605>,  <27.712305, 32.714626, 35.973961>, 0.100000
	pigment { color rgbt <1,0,0,0> }
	no_shadow
}

// particle -1
sphere {
	<27.450941, 32.961990, 36.148605> 0.100000
	pigment { color rgbt <1,0,0,0> }
	no_shadow
}
sphere {
	0, 1
	scale<0.080000,0.200000,0.300000>
	matrix <0.144630, -0.464152, 0.873868,
		0.743057, 0.634143, 0.213842,
		-0.653412, 0.618406, 0.436607,
		27.254917, 33.147511, 36.279587>
	pigment { color rgbt <0,1,1,0> }
	no_shadow
}
cylinder {
	<27.994946, 32.742622, 36.700264>,  <27.712305, 32.714626, 35.973961>, 0.130000
	pigment { color rgbt <1,0,0,0> }
	no_shadow
}

// nucleotide -1

// particle -1
sphere {
	<27.994946, 32.742622, 36.700264> 0.250000
	pigment { color rgbt <1,0,0,0> }
	no_shadow
}
cylinder {
	<27.617052, 32.864014, 36.749863>,  <27.390316, 32.936848, 36.779621>, 0.100000
	pigment { color rgbt <1,0,0,0> }
	no_shadow
}
cylinder {
	<27.617052, 32.864014, 36.749863>,  <27.994946, 32.742622, 36.700264>, 0.100000
	pigment { color rgbt <1,0,0,0> }
	no_shadow
}

// particle -1
sphere {
	<27.617052, 32.864014, 36.749863> 0.100000
	pigment { color rgbt <1,0,0,0> }
	no_shadow
}
sphere {
	0, 1
	scale<0.080000,0.200000,0.300000>
	matrix <-0.038949, -0.479464, 0.876697,
		0.325513, 0.823417, 0.464786,
		-0.944735, 0.303479, 0.124000,
		27.333632, 32.955059, 36.787064>
	pigment { color rgbt <0,1,1,0> }
	no_shadow
}
cylinder {
	<27.979486, 32.977421, 37.414898>,  <27.994946, 32.742622, 36.700264>, 0.130000
	pigment { color rgbt <1,0,0,0> }
	no_shadow
}

// nucleotide -1

// particle -1
sphere {
	<27.979486, 32.977421, 37.414898> 0.250000
	pigment { color rgbt <1,0,0,0> }
	no_shadow
}
cylinder {
	<27.591255, 32.918930, 37.338375>,  <27.358316, 32.883835, 37.292461>, 0.100000
	pigment { color rgbt <1,0,0,0> }
	no_shadow
}
cylinder {
	<27.591255, 32.918930, 37.338375>,  <27.979486, 32.977421, 37.414898>, 0.100000
	pigment { color rgbt <1,0,0,0> }
	no_shadow
}

// particle -1
sphere {
	<27.591255, 32.918930, 37.338375> 0.100000
	pigment { color rgbt <1,0,0,0> }
	no_shadow
}
sphere {
	0, 1
	scale<0.080000,0.200000,0.300000>
	matrix <-0.079220, -0.556366, 0.827152,
		-0.227389, 0.817970, 0.528412,
		-0.970576, -0.146224, -0.191311,
		27.300083, 32.875061, 37.280983>
	pigment { color rgbt <0,1,1,0> }
	no_shadow
}
cylinder {
	<27.527409, 33.179638, 38.004852>,  <27.979486, 32.977421, 37.414898>, 0.130000
	pigment { color rgbt <1,0,0,0> }
	no_shadow
}

// nucleotide -1

// particle -1
sphere {
	<27.527409, 33.179638, 38.004852> 0.250000
	pigment { color rgbt <1,0,0,0> }
	no_shadow
}
cylinder {
	<27.331985, 32.915497, 37.776730>,  <27.214731, 32.757011, 37.639858>, 0.100000
	pigment { color rgbt <1,0,0,0> }
	no_shadow
}
cylinder {
	<27.331985, 32.915497, 37.776730>,  <27.527409, 33.179638, 38.004852>, 0.100000
	pigment { color rgbt <1,0,0,0> }
	no_shadow
}

// particle -1
sphere {
	<27.331985, 32.915497, 37.776730> 0.100000
	pigment { color rgbt <1,0,0,0> }
	no_shadow
}
sphere {
	0, 1
	scale<0.080000,0.200000,0.300000>
	matrix <-0.283313, -0.498145, 0.819503,
		-0.825255, 0.561948, 0.056285,
		-0.488556, -0.660353, -0.570304,
		27.185419, 32.717392, 37.605637>
	pigment { color rgbt <0,1,1,0> }
	no_shadow
}
cylinder {
	<26.950092, 33.117760, 38.346672>,  <27.527409, 33.179638, 38.004852>, 0.130000
	pigment { color rgbt <1,0,0,0> }
	no_shadow
}

// nucleotide -1

// particle -1
sphere {
	<26.950092, 33.117760, 38.346672> 0.250000
	pigment { color rgbt <1,0,0,0> }
	no_shadow
}
cylinder {
	<26.961124, 32.803352, 38.099636>,  <26.967745, 32.614708, 37.951412>, 0.100000
	pigment { color rgbt <1,0,0,0> }
	no_shadow
}
cylinder {
	<26.961124, 32.803352, 38.099636>,  <26.950092, 33.117760, 38.346672>, 0.100000
	pigment { color rgbt <1,0,0,0> }
	no_shadow
}

// particle -1
sphere {
	<26.961124, 32.803352, 38.099636> 0.100000
	pigment { color rgbt <1,0,0,0> }
	no_shadow
}
sphere {
	0, 1
	scale<0.080000,0.200000,0.300000>
	matrix <-0.285443, -0.598296, 0.748708,
		-0.957999, 0.155637, -0.240865,
		0.027581, -0.786015, -0.617593,
		26.969398, 32.567547, 37.914360>
	pigment { color rgbt <0,1,1,0> }
	no_shadow
}
cylinder {
	<26.310310, 32.756207, 38.395878>,  <26.950092, 33.117760, 38.346672>, 0.130000
	pigment { color rgbt <1,0,0,0> }
	no_shadow
}

// nucleotide -1

// particle -1
sphere {
	<26.310310, 32.756207, 38.395878> 0.250000
	pigment { color rgbt <1,0,0,0> }
	no_shadow
}
cylinder {
	<26.591848, 32.507076, 38.259239>,  <26.760771, 32.357597, 38.177254>, 0.100000
	pigment { color rgbt <1,0,0,0> }
	no_shadow
}
cylinder {
	<26.591848, 32.507076, 38.259239>,  <26.310310, 32.756207, 38.395878>, 0.100000
	pigment { color rgbt <1,0,0,0> }
	no_shadow
}

// particle -1
sphere {
	<26.591848, 32.507076, 38.259239> 0.100000
	pigment { color rgbt <1,0,0,0> }
	no_shadow
}
sphere {
	0, 1
	scale<0.080000,0.200000,0.300000>
	matrix <-0.199909, -0.635124, 0.746092,
		-0.681645, -0.456843, -0.571537,
		0.703844, -0.622826, -0.341602,
		26.803001, 32.320229, 38.156757>
	pigment { color rgbt <0,1,1,0> }
	no_shadow
}
cylinder {
	<25.952772, 32.135479, 38.259285>,  <26.310310, 32.756207, 38.395878>, 0.130000
	pigment { color rgbt <1,0,0,0> }
	no_shadow
}

// nucleotide -1

// particle -1
sphere {
	<25.952772, 32.135479, 38.259285> 0.250000
	pigment { color rgbt <1,0,0,0> }
	no_shadow
}
cylinder {
	<26.339375, 32.041645, 38.300922>,  <26.571337, 31.985346, 38.325905>, 0.100000
	pigment { color rgbt <1,0,0,0> }
	no_shadow
}
cylinder {
	<26.339375, 32.041645, 38.300922>,  <25.952772, 32.135479, 38.259285>, 0.100000
	pigment { color rgbt <1,0,0,0> }
	no_shadow
}

// particle -1
sphere {
	<26.339375, 32.041645, 38.300922> 0.100000
	pigment { color rgbt <1,0,0,0> }
	no_shadow
}
sphere {
	0, 1
	scale<0.080000,0.200000,0.300000>
	matrix <-0.238244, -0.669295, 0.703764,
		-0.095420, -0.704993, -0.702766,
		0.966506, -0.234583, 0.104096,
		26.629326, 31.971270, 38.332150>
	pigment { color rgbt <0,1,1,0> }
	no_shadow
}
cylinder {
	<25.966078, 31.369987, 38.459946>,  <25.952772, 32.135479, 38.259285>, 0.130000
	pigment { color rgbt <1,0,0,0> }
	no_shadow
}

// nucleotide -1

// particle -1
sphere {
	<25.966078, 31.369987, 38.459946> 0.250000
	pigment { color rgbt <1,0,0,0> }
	no_shadow
}
cylinder {
	<26.319868, 31.509521, 38.583893>,  <26.532143, 31.593243, 38.658260>, 0.100000
	pigment { color rgbt <1,0,0,0> }
	no_shadow
}
cylinder {
	<26.319868, 31.509521, 38.583893>,  <25.966078, 31.369987, 38.459946>, 0.100000
	pigment { color rgbt <1,0,0,0> }
	no_shadow
}

// particle -1
sphere {
	<26.319868, 31.509521, 38.583893> 0.100000
	pigment { color rgbt <1,0,0,0> }
	no_shadow
}
sphere {
	0, 1
	scale<0.080000,0.200000,0.300000>
	matrix <-0.013819, -0.644240, 0.764699,
		0.466382, -0.680639, -0.564994,
		0.884475, 0.348835, 0.309868,
		26.585211, 31.614172, 38.676853>
	pigment { color rgbt <0,1,1,0> }
	no_shadow
}
cylinder {
	<26.304064, 30.722214, 38.573578>,  <25.966078, 31.369987, 38.459946>, 0.130000
	pigment { color rgbt <1,0,0,0> }
	no_shadow
}

// nucleotide -1

// particle -1
sphere {
	<26.304064, 30.722214, 38.573578> 0.250000
	pigment { color rgbt <1,0,0,0> }
	no_shadow
}
cylinder {
	<26.504948, 30.997578, 38.782909>,  <26.625479, 31.162796, 38.908508>, 0.100000
	pigment { color rgbt <1,0,0,0> }
	no_shadow
}
cylinder {
	<26.504948, 30.997578, 38.782909>,  <26.304064, 30.722214, 38.573578>, 0.100000
	pigment { color rgbt <1,0,0,0> }
	no_shadow
}

// particle -1
sphere {
	<26.504948, 30.997578, 38.782909> 0.100000
	pigment { color rgbt <1,0,0,0> }
	no_shadow
}
sphere {
	0, 1
	scale<0.080000,0.200000,0.300000>
	matrix <-0.008265, -0.601336, 0.798953,
		0.864706, -0.405568, -0.296308,
		0.502211, 0.688410, 0.523331,
		26.655611, 31.204102, 38.939907>
	pigment { color rgbt <0,1,1,0> }
	no_shadow
}
cylinder {
	<26.797010, 30.280842, 39.015285>,  <26.304064, 30.722214, 38.573578>, 0.130000
	pigment { color rgbt <1,0,0,0> }
	no_shadow
}

// nucleotide -1

// particle -1
sphere {
	<26.797010, 30.280842, 39.015285> 0.250000
	pigment { color rgbt <1,0,0,0> }
	no_shadow
}
cylinder {
	<26.777271, 30.638987, 39.192322>,  <26.765429, 30.853874, 39.298546>, 0.100000
	pigment { color rgbt <1,0,0,0> }
	no_shadow
}
cylinder {
	<26.777271, 30.638987, 39.192322>,  <26.797010, 30.280842, 39.015285>, 0.100000
	pigment { color rgbt <1,0,0,0> }
	no_shadow
}

// particle -1
sphere {
	<26.777271, 30.638987, 39.192322> 0.100000
	pigment { color rgbt <1,0,0,0> }
	no_shadow
}
sphere {
	0, 1
	scale<0.080000,0.200000,0.300000>
	matrix <-0.012127, -0.443639, 0.896123,
		0.998708, 0.038852, 0.032750,
		-0.049345, 0.895363, 0.442595,
		26.762468, 30.907595, 39.325100>
	pigment { color rgbt <0,1,1,0> }
	no_shadow
}
cylinder {
	<27.257088, 30.267097, 39.655327>,  <26.797010, 30.280842, 39.015285>, 0.130000
	pigment { color rgbt <1,0,0,0> }
	no_shadow
}

// nucleotide -1

// particle -1
sphere {
	<27.257088, 30.267097, 39.655327> 0.250000
	pigment { color rgbt <1,0,0,0> }
	no_shadow
}
cylinder {
	<27.008707, 30.568657, 39.741169>,  <26.859678, 30.749592, 39.792675>, 0.100000
	pigment { color rgbt <1,0,0,0> }
	no_shadow
}
cylinder {
	<27.008707, 30.568657, 39.741169>,  <27.257088, 30.267097, 39.655327>, 0.100000
	pigment { color rgbt <1,0,0,0> }
	no_shadow
}

// particle -1
sphere {
	<27.008707, 30.568657, 39.741169> 0.100000
	pigment { color rgbt <1,0,0,0> }
	no_shadow
}
sphere {
	0, 1
	scale<0.080000,0.200000,0.300000>
	matrix <0.037953, -0.244549, 0.968894,
		0.782930, 0.609780, 0.123240,
		-0.620950, 0.753899, 0.214608,
		26.822422, 30.794827, 39.805550>
	pigment { color rgbt <0,1,1,0> }
	no_shadow
}
cylinder {
	<27.562061, 30.678486, 40.298794>,  <27.257088, 30.267097, 39.655327>, 0.130000
	pigment { color rgbt <1,0,0,0> }
	no_shadow
}

// nucleotide -1

// particle -1
sphere {
	<27.562061, 30.678486, 40.298794> 0.250000
	pigment { color rgbt <1,0,0,0> }
	no_shadow
}
cylinder {
	<27.180727, 30.798775, 40.288090>,  <26.951927, 30.870949, 40.281670>, 0.100000
	pigment { color rgbt <1,0,0,0> }
	no_shadow
}
cylinder {
	<27.180727, 30.798775, 40.288090>,  <27.562061, 30.678486, 40.298794>, 0.100000
	pigment { color rgbt <1,0,0,0> }
	no_shadow
}

// particle -1
sphere {
	<27.180727, 30.798775, 40.288090> 0.100000
	pigment { color rgbt <1,0,0,0> }
	no_shadow
}
sphere {
	0, 1
	scale<0.080000,0.200000,0.300000>
	matrix <-0.045933, -0.056880, 0.997324,
		0.298396, 0.952014, 0.068039,
		-0.953336, 0.300722, -0.026757,
		26.894726, 30.888992, 40.280064>
	pigment { color rgbt <0,1,1,0> }
	no_shadow
}
cylinder {
	<27.453690, 31.233366, 40.804417>,  <27.562061, 30.678486, 40.298794>, 0.130000
	pigment { color rgbt <1,0,0,0> }
	no_shadow
}

// nucleotide -1

// particle -1
sphere {
	<27.453690, 31.233366, 40.804417> 0.250000
	pigment { color rgbt <1,0,0,0> }
	no_shadow
}
cylinder {
	<27.098061, 31.059772, 40.746170>,  <26.884684, 30.955616, 40.711224>, 0.100000
	pigment { color rgbt <1,0,0,0> }
	no_shadow
}
cylinder {
	<27.098061, 31.059772, 40.746170>,  <27.453690, 31.233366, 40.804417>, 0.100000
	pigment { color rgbt <1,0,0,0> }
	no_shadow
}

// particle -1
sphere {
	<27.098061, 31.059772, 40.746170> 0.100000
	pigment { color rgbt <1,0,0,0> }
	no_shadow
}
sphere {
	0, 1
	scale<0.080000,0.200000,0.300000>
	matrix <-0.157801, -0.008040, 0.987438,
		-0.429704, 0.900884, -0.061335,
		-0.889074, -0.433985, -0.145616,
		26.831339, 30.929577, 40.702484>
	pigment { color rgbt <0,1,1,0> }
	no_shadow
}
cylinder {
	<27.073055, 31.489885, 41.352386>,  <27.453690, 31.233366, 40.804417>, 0.130000
	pigment { color rgbt <1,0,0,0> }
	no_shadow
}

// nucleotide -1

// particle -1
sphere {
	<27.073055, 31.489885, 41.352386> 0.250000
	pigment { color rgbt <1,0,0,0> }
	no_shadow
}
cylinder {
	<26.853106, 31.169182, 41.258732>,  <26.721136, 30.976759, 41.202538>, 0.100000
	pigment { color rgbt <1,0,0,0> }
	no_shadow
}
cylinder {
	<26.853106, 31.169182, 41.258732>,  <27.073055, 31.489885, 41.352386>, 0.100000
	pigment { color rgbt <1,0,0,0> }
	no_shadow
}

// particle -1
sphere {
	<26.853106, 31.169182, 41.258732> 0.100000
	pigment { color rgbt <1,0,0,0> }
	no_shadow
}
sphere {
	0, 1
	scale<0.080000,0.200000,0.300000>
	matrix <-0.182468, -0.158239, 0.970395,
		-0.815073, 0.576316, -0.059284,
		-0.549873, -0.801761, -0.234135,
		26.688143, 30.928654, 41.188492>
	pigment { color rgbt <0,1,1,0> }
	no_shadow
}
cylinder {
	<26.644457, 31.455523, 41.854790>,  <27.073055, 31.489885, 41.352386>, 0.130000
	pigment { color rgbt <1,0,0,0> }
	no_shadow
}

// nucleotide -1

// particle -1
sphere {
	<26.644457, 31.455523, 41.854790> 0.250000
	pigment { color rgbt <1,0,0,0> }
	no_shadow
}
cylinder {
	<26.598452, 31.084616, 41.712269>,  <26.570848, 30.862072, 41.626755>, 0.100000
	pigment { color rgbt <1,0,0,0> }
	no_shadow
}
cylinder {
	<26.598452, 31.084616, 41.712269>,  <26.644457, 31.455523, 41.854790>, 0.100000
	pigment { color rgbt <1,0,0,0> }
	no_shadow
}

// particle -1
sphere {
	<26.598452, 31.084616, 41.712269> 0.100000
	pigment { color rgbt <1,0,0,0> }
	no_shadow
}
sphere {
	0, 1
	scale<0.080000,0.200000,0.300000>
	matrix <-0.250850, -0.319947, 0.913624,
		-0.961169, 0.194457, -0.195806,
		-0.115013, -0.927265, -0.356302,
		26.563948, 30.806437, 41.605377>
	pigment { color rgbt <0,1,1,0> }
	no_shadow
}
cylinder {
	<25.983084, 31.190704, 42.006901>,  <26.644457, 31.455523, 41.854790>, 0.130000
	pigment { color rgbt <1,0,0,0> }
	no_shadow
}

// nucleotide -1

// particle -1
sphere {
	<25.983084, 31.190704, 42.006901> 0.250000
	pigment { color rgbt <1,0,0,0> }
	no_shadow
}
cylinder {
	<26.187462, 30.853840, 41.937962>,  <26.310089, 30.651722, 41.896599>, 0.100000
	pigment { color rgbt <1,0,0,0> }
	no_shadow
}
cylinder {
	<26.187462, 30.853840, 41.937962>,  <25.983084, 31.190704, 42.006901>, 0.100000
	pigment { color rgbt <1,0,0,0> }
	no_shadow
}

// particle -1
sphere {
	<26.187462, 30.853840, 41.937962> 0.100000
	pigment { color rgbt <1,0,0,0> }
	no_shadow
}
sphere {
	0, 1
	scale<0.080000,0.200000,0.300000>
	matrix <-0.470386, -0.441728, 0.763946,
		-0.719495, -0.309264, -0.621839,
		0.510944, -0.842160, -0.172347,
		26.340746, 30.601192, 41.886257>
	pigment { color rgbt <0,1,1,0> }
	no_shadow
}
cylinder {
	<25.485285, 30.697611, 42.043301>,  <25.983084, 31.190704, 42.006901>, 0.130000
	pigment { color rgbt <1,0,0,0> }
	no_shadow
}

// nucleotide -1

// particle -1
sphere {
	<25.485285, 30.697611, 42.043301> 0.250000
	pigment { color rgbt <1,0,0,0> }
	no_shadow
}
cylinder {
	<25.847006, 30.544085, 42.118050>,  <26.064039, 30.451969, 42.162899>, 0.100000
	pigment { color rgbt <1,0,0,0> }
	no_shadow
}
cylinder {
	<25.847006, 30.544085, 42.118050>,  <25.485285, 30.697611, 42.043301>, 0.100000
	pigment { color rgbt <1,0,0,0> }
	no_shadow
}

// particle -1
sphere {
	<25.847006, 30.544085, 42.118050> 0.100000
	pigment { color rgbt <1,0,0,0> }
	no_shadow
}
sphere {
	0, 1
	scale<0.080000,0.200000,0.300000>
	matrix <-0.260237, -0.148644, 0.954035,
		-0.338400, -0.911366, -0.234303,
		0.904303, -0.383819, 0.186870,
		26.118298, 30.428940, 42.174110>
	pigment { color rgbt <0,1,1,0> }
	no_shadow
}
cylinder {
	<25.530792, 29.991062, 42.390423>,  <25.485285, 30.697611, 42.043301>, 0.130000
	pigment { color rgbt <1,0,0,0> }
	no_shadow
}

// nucleotide -1

// particle -1
sphere {
	<25.530792, 29.991062, 42.390423> 0.250000
	pigment { color rgbt <1,0,0,0> }
	no_shadow
}
cylinder {
	<25.816713, 30.252838, 42.489025>,  <25.988266, 30.409904, 42.548187>, 0.100000
	pigment { color rgbt <1,0,0,0> }
	no_shadow
}
cylinder {
	<25.816713, 30.252838, 42.489025>,  <25.530792, 29.991062, 42.390423>, 0.100000
	pigment { color rgbt <1,0,0,0> }
	no_shadow
}

// particle -1
sphere {
	<25.816713, 30.252838, 42.489025> 0.100000
	pigment { color rgbt <1,0,0,0> }
	no_shadow
}
sphere {
	0, 1
	scale<0.080000,0.200000,0.300000>
	matrix <-0.342256, 0.019980, 0.939395,
		0.609854, -0.755849, 0.238268,
		0.714801, 0.654442, 0.246509,
		26.031153, 30.449171, 42.562977>
	pigment { color rgbt <0,1,1,0> }
	no_shadow
}
cylinder {
	<25.917542, 29.735588, 42.898960>,  <25.530792, 29.991062, 42.390423>, 0.130000
	pigment { color rgbt <1,0,0,0> }
	no_shadow
}

// nucleotide -1

// particle -1
sphere {
	<25.917542, 29.735588, 42.898960> 0.250000
	pigment { color rgbt <1,0,0,0> }
	no_shadow
}
cylinder {
	<25.936090, 30.134251, 42.925880>,  <25.947220, 30.373447, 42.942032>, 0.100000
	pigment { color rgbt <1,0,0,0> }
	no_shadow
}
cylinder {
	<25.936090, 30.134251, 42.925880>,  <25.917542, 29.735588, 42.898960>, 0.100000
	pigment { color rgbt <1,0,0,0> }
	no_shadow
}

// particle -1
sphere {
	<25.936090, 30.134251, 42.925880> 0.100000
	pigment { color rgbt <1,0,0,0> }
	no_shadow
}
sphere {
	0, 1
	scale<0.080000,0.200000,0.300000>
	matrix <-0.273631, -0.052118, 0.960422,
		0.960716, -0.062953, 0.270299,
		0.046374, 0.996655, 0.067296,
		25.950003, 30.433247, 42.946068>
	pigment { color rgbt <0,1,1,0> }
	no_shadow
}
cylinder {
	<26.092894, 29.752819, 43.522198>,  <25.917542, 29.735588, 42.898960>, 0.130000
	pigment { color rgbt <1,0,0,0> }
	no_shadow
}

// nucleotide -1

// particle -1
sphere {
	<26.092894, 29.752819, 43.522198> 0.250000
	pigment { color rgbt <1,0,0,0> }
	no_shadow
}
cylinder {
	<25.996185, 30.125172, 43.412647>,  <25.938160, 30.348583, 43.346916>, 0.100000
	pigment { color rgbt <1,0,0,0> }
	no_shadow
}
cylinder {
	<25.996185, 30.125172, 43.412647>,  <26.092894, 29.752819, 43.522198>, 0.100000
	pigment { color rgbt <1,0,0,0> }
	no_shadow
}

// particle -1
sphere {
	<25.996185, 30.125172, 43.412647> 0.100000
	pigment { color rgbt <1,0,0,0> }
	no_shadow
}
sphere {
	0, 1
	scale<0.080000,0.200000,0.300000>
	matrix <-0.068171, 0.265260, 0.961764,
		0.967935, 0.251199, -0.000674,
		-0.241773, 0.930879, -0.273879,
		25.923653, 30.404436, 43.330482>
	pigment { color rgbt <0,1,1,0> }
	no_shadow
}
cylinder {
	<26.626577, 30.365105, 43.590958>,  <26.092894, 29.752819, 43.522198>, 0.130000
	pigment { color rgbt <1,0,0,0> }
	no_shadow
}

// nucleotide -1

// particle -1
sphere {
	<26.626577, 30.365105, 43.590958> 0.250000
	pigment { color rgbt <1,0,0,0> }
	no_shadow
}
cylinder {
	<26.234140, 30.432404, 43.629219>,  <25.998678, 30.472782, 43.652176>, 0.100000
	pigment { color rgbt <1,0,0,0> }
	no_shadow
}
cylinder {
	<26.234140, 30.432404, 43.629219>,  <26.626577, 30.365105, 43.590958>, 0.100000
	pigment { color rgbt <1,0,0,0> }
	no_shadow
}

// particle -1
sphere {
	<26.234140, 30.432404, 43.629219> 0.100000
	pigment { color rgbt <1,0,0,0> }
	no_shadow
}
sphere {
	0, 1
	scale<0.080000,0.200000,0.300000>
	matrix <0.111796, 0.089207, 0.989719,
		0.157985, 0.981700, -0.106329,
		-0.981092, 0.168248, 0.095657,
		25.939812, 30.482878, 43.657917>
	pigment { color rgbt <0,1,1,0> }
	no_shadow
}
cylinder {
	<26.532461, 31.074507, 43.801559>,  <26.626577, 30.365105, 43.590958>, 0.130000
	pigment { color rgbt <1,0,0,0> }
	no_shadow
}

// nucleotide -1

// particle -1
sphere {
	<26.532461, 31.074507, 43.801559> 0.250000
	pigment { color rgbt <1,0,0,0> }
	no_shadow
}
cylinder {
	<26.257967, 30.814600, 43.932331>,  <26.093269, 30.658655, 44.010796>, 0.100000
	pigment { color rgbt <1,0,0,0> }
	no_shadow
}
cylinder {
	<26.257967, 30.814600, 43.932331>,  <26.532461, 31.074507, 43.801559>, 0.100000
	pigment { color rgbt <1,0,0,0> }
	no_shadow
}

// particle -1
sphere {
	<26.257967, 30.814600, 43.932331> 0.100000
	pigment { color rgbt <1,0,0,0> }
	no_shadow
}
sphere {
	0, 1
	scale<0.080000,0.200000,0.300000>
	matrix <0.464980, -0.046241, 0.884113,
		-0.559349, 0.758726, 0.333861,
		-0.686237, -0.649767, 0.326928,
		26.052095, 30.619671, 44.030411>
	pigment { color rgbt <0,1,1,0> }
	no_shadow
}
cylinder {
	<26.244062, 31.259670, 44.396175>,  <26.532461, 31.074507, 43.801559>, 0.130000
	pigment { color rgbt <1,0,0,0> }
	no_shadow
}

// nucleotide -1

// particle -1
sphere {
	<26.244062, 31.259670, 44.396175> 0.250000
	pigment { color rgbt <1,0,0,0> }
	no_shadow
}
cylinder {
	<26.249079, 30.859741, 44.390514>,  <26.252089, 30.619783, 44.387119>, 0.100000
	pigment { color rgbt <1,0,0,0> }
	no_shadow
}
cylinder {
	<26.249079, 30.859741, 44.390514>,  <26.244062, 31.259670, 44.396175>, 0.100000
	pigment { color rgbt <1,0,0,0> }
	no_shadow
}

// particle -1
sphere {
	<26.249079, 30.859741, 44.390514> 0.100000
	pigment { color rgbt <1,0,0,0> }
	no_shadow
}
sphere {
	0, 1
	scale<0.080000,0.200000,0.300000>
	matrix <0.547730, -0.004972, 0.836640,
		-0.836561, -0.018241, 0.547570,
		0.012539, -0.999821, -0.014150,
		26.252840, 30.559795, 44.386269>
	pigment { color rgbt <0,1,1,0> }
	no_shadow
}
cylinder {
	<26.093054, 30.994923, 45.112030>,  <26.244062, 31.259670, 44.396175>, 0.130000
	pigment { color rgbt <1,0,0,0> }
	no_shadow
}

// nucleotide -1

// particle -1
sphere {
	<26.093054, 30.994923, 45.112030> 0.250000
	pigment { color rgbt <1,0,0,0> }
	no_shadow
}
cylinder {
	<26.311783, 30.739153, 44.895836>,  <26.443020, 30.585691, 44.766121>, 0.100000
	pigment { color rgbt <1,0,0,0> }
	no_shadow
}
cylinder {
	<26.311783, 30.739153, 44.895836>,  <26.093054, 30.994923, 45.112030>, 0.100000
	pigment { color rgbt <1,0,0,0> }
	no_shadow
}

// particle -1
sphere {
	<26.311783, 30.739153, 44.895836> 0.100000
	pigment { color rgbt <1,0,0,0> }
	no_shadow
}
sphere {
	0, 1
	scale<0.080000,0.200000,0.300000>
	matrix <0.741410, 0.069907, 0.667401,
		-0.388968, -0.765671, 0.512301,
		0.546823, -0.639423, -0.540484,
		26.475830, 30.547327, 44.733692>
	pigment { color rgbt <0,1,1,0> }
	no_shadow
}
cylinder {
	<26.554670, 31.670376, 45.138721>,  <26.093054, 30.994923, 45.112030>, 0.130000
	pigment { color rgbt <1,0,0,0> }
	no_shadow
}

// nucleotide -1

// particle -1
sphere {
	<26.554670, 31.670376, 45.138721> 0.250000
	pigment { color rgbt <1,0,0,0> }
	no_shadow
}
cylinder {
	<26.484499, 31.999765, 45.354542>,  <26.442396, 32.197399, 45.484032>, 0.100000
	pigment { color rgbt <1,0,0,0> }
	no_shadow
}
cylinder {
	<26.484499, 31.999765, 45.354542>,  <26.554670, 31.670376, 45.138721>, 0.100000
	pigment { color rgbt <1,0,0,0> }
	no_shadow
}

// particle -1
sphere {
	<26.484499, 31.999765, 45.354542> 0.100000
	pigment { color rgbt <1,0,0,0> }
	no_shadow
}
sphere {
	0, 1
	scale<0.080000,0.200000,0.300000>
	matrix <0.212856, 0.566811, -0.795875,
		-0.961206, -0.024774, -0.274718,
		-0.175430, 0.823475, 0.539549,
		26.431870, 32.246807, 45.516407>
	pigment { color rgbt <0,1,1,0> }
	no_shadow
}
cylinder {
	<26.082809, 32.099213, 44.735397>,  <26.554670, 31.670376, 45.138721>, 0.130000
	pigment { color rgbt <1,0,0,0> }
	no_shadow
}

// nucleotide -1

// particle -1
sphere {
	<26.082809, 32.099213, 44.735397> 0.250000
	pigment { color rgbt <1,0,0,0> }
	no_shadow
}
cylinder {
	<26.280279, 32.366421, 44.958122>,  <26.398762, 32.526745, 45.091755>, 0.100000
	pigment { color rgbt <1,0,0,0> }
	no_shadow
}
cylinder {
	<26.280279, 32.366421, 44.958122>,  <26.082809, 32.099213, 44.735397>, 0.100000
	pigment { color rgbt <1,0,0,0> }
	no_shadow
}

// particle -1
sphere {
	<26.280279, 32.366421, 44.958122> 0.100000
	pigment { color rgbt <1,0,0,0> }
	no_shadow
}
sphere {
	0, 1
	scale<0.080000,0.200000,0.300000>
	matrix <0.212083, 0.528457, -0.822042,
		-0.843389, 0.523912, 0.119211,
		0.493676, 0.668019, 0.556808,
		26.428381, 32.566826, 45.125164>
	pigment { color rgbt <0,1,1,0> }
	no_shadow
}
cylinder {
	<25.882198, 32.818768, 44.679169>,  <26.082809, 32.099213, 44.735397>, 0.130000
	pigment { color rgbt <1,0,0,0> }
	no_shadow
}

// nucleotide -1

// particle -1
sphere {
	<25.882198, 32.818768, 44.679169> 0.250000
	pigment { color rgbt <1,0,0,0> }
	no_shadow
}
cylinder {
	<26.267998, 32.864147, 44.774563>,  <26.499477, 32.891376, 44.831799>, 0.100000
	pigment { color rgbt <1,0,0,0> }
	no_shadow
}
cylinder {
	<26.267998, 32.864147, 44.774563>,  <25.882198, 32.818768, 44.679169>, 0.100000
	pigment { color rgbt <1,0,0,0> }
	no_shadow
}

// particle -1
sphere {
	<26.267998, 32.864147, 44.774563> 0.100000
	pigment { color rgbt <1,0,0,0> }
	no_shadow
}
sphere {
	0, 1
	scale<0.080000,0.200000,0.300000>
	matrix <0.116093, 0.628952, -0.768727,
		-0.237207, 0.769121, 0.593452,
		0.964497, 0.113452, 0.238481,
		26.557346, 32.898182, 44.846107>
	pigment { color rgbt <0,1,1,0> }
	no_shadow
}
cylinder {
	<25.963856, 33.539898, 44.546127>,  <25.882198, 32.818768, 44.679169>, 0.130000
	pigment { color rgbt <1,0,0,0> }
	no_shadow
}

// nucleotide -1

// particle -1
sphere {
	<25.963856, 33.539898, 44.546127> 0.250000
	pigment { color rgbt <1,0,0,0> }
	no_shadow
}
cylinder {
	<26.291592, 33.310684, 44.539116>,  <26.488234, 33.173157, 44.534908>, 0.100000
	pigment { color rgbt <1,0,0,0> }
	no_shadow
}
cylinder {
	<26.291592, 33.310684, 44.539116>,  <25.963856, 33.539898, 44.546127>, 0.100000
	pigment { color rgbt <1,0,0,0> }
	no_shadow
}

// particle -1
sphere {
	<26.291592, 33.310684, 44.539116> 0.100000
	pigment { color rgbt <1,0,0,0> }
	no_shadow
}
sphere {
	0, 1
	scale<0.080000,0.200000,0.300000>
	matrix <0.349634, 0.523682, -0.776861,
		0.454353, 0.630384, 0.629428,
		0.819341, -0.573039, -0.017533,
		26.537394, 33.138771, 44.533855>
	pigment { color rgbt <0,1,1,0> }
	no_shadow
}
cylinder {
	<26.692642, 33.812603, 44.673843>,  <25.963856, 33.539898, 44.546127>, 0.130000
	pigment { color rgbt <1,0,0,0> }
	no_shadow
}

// nucleotide -1

// particle -1
sphere {
	<26.692642, 33.812603, 44.673843> 0.250000
	pigment { color rgbt <1,0,0,0> }
	no_shadow
}
cylinder {
	<26.697710, 33.490971, 44.436092>,  <26.700750, 33.297989, 44.293442>, 0.100000
	pigment { color rgbt <1,0,0,0> }
	no_shadow
}
cylinder {
	<26.697710, 33.490971, 44.436092>,  <26.692642, 33.812603, 44.673843>, 0.100000
	pigment { color rgbt <1,0,0,0> }
	no_shadow
}

// particle -1
sphere {
	<26.697710, 33.490971, 44.436092> 0.100000
	pigment { color rgbt <1,0,0,0> }
	no_shadow
}
sphere {
	0, 1
	scale<0.080000,0.200000,0.300000>
	matrix <0.580973, 0.489720, -0.650112,
		0.813824, -0.337083, 0.473355,
		0.012669, -0.804083, -0.594382,
		26.701511, 33.249744, 44.257778>
	pigment { color rgbt <0,1,1,0> }
	no_shadow
}
cylinder {
	<27.374924, 33.641270, 44.535194>,  <26.692642, 33.812603, 44.673843>, 0.130000
	pigment { color rgbt <1,0,0,0> }
	no_shadow
}

// nucleotide -1

// particle -1
sphere {
	<27.374924, 33.641270, 44.535194> 0.250000
	pigment { color rgbt <1,0,0,0> }
	no_shadow
}
cylinder {
	<27.125530, 33.525158, 44.244816>,  <26.975893, 33.455490, 44.070587>, 0.100000
	pigment { color rgbt <1,0,0,0> }
	no_shadow
}
cylinder {
	<27.125530, 33.525158, 44.244816>,  <27.374924, 33.641270, 44.535194>, 0.100000
	pigment { color rgbt <1,0,0,0> }
	no_shadow
}

// particle -1
sphere {
	<27.125530, 33.525158, 44.244816> 0.100000
	pigment { color rgbt <1,0,0,0> }
	no_shadow
}
sphere {
	0, 1
	scale<0.080000,0.200000,0.300000>
	matrix <0.604612, 0.409675, -0.683089,
		0.495692, -0.864813, -0.079918,
		-0.623485, -0.290283, -0.725949,
		26.938484, 33.438072, 44.027031>
	pigment { color rgbt <0,1,1,0> }
	no_shadow
}
cylinder {
	<27.846903, 33.390415, 44.063629>,  <27.374924, 33.641270, 44.535194>, 0.130000
	pigment { color rgbt <1,0,0,0> }
	no_shadow
}

// nucleotide -1

// particle -1
sphere {
	<27.846903, 33.390415, 44.063629> 0.250000
	pigment { color rgbt <1,0,0,0> }
	no_shadow
}
cylinder {
	<27.503744, 33.460022, 43.870247>,  <27.297848, 33.501785, 43.754219>, 0.100000
	pigment { color rgbt <1,0,0,0> }
	no_shadow
}
cylinder {
	<27.503744, 33.460022, 43.870247>,  <27.846903, 33.390415, 44.063629>, 0.100000
	pigment { color rgbt <1,0,0,0> }
	no_shadow
}

// particle -1
sphere {
	<27.503744, 33.460022, 43.870247> 0.100000
	pigment { color rgbt <1,0,0,0> }
	no_shadow
}
sphere {
	0, 1
	scale<0.080000,0.200000,0.300000>
	matrix <0.508072, 0.427645, -0.747652,
		0.076643, -0.887039, -0.455289,
		-0.857898, 0.174018, -0.483455,
		27.246374, 33.512226, 43.725212>
	pigment { color rgbt <0,1,1,0> }
	no_shadow
}
cylinder {
	<28.080853, 33.451717, 43.447884>,  <27.846903, 33.390415, 44.063629>, 0.130000
	pigment { color rgbt <1,0,0,0> }
	no_shadow
}

// nucleotide -1

// particle -1
sphere {
	<28.080853, 33.451717, 43.447884> 0.250000
	pigment { color rgbt <1,0,0,0> }
	no_shadow
}
cylinder {
	<27.722694, 33.629642, 43.439812>,  <27.507799, 33.736397, 43.434967>, 0.100000
	pigment { color rgbt <1,0,0,0> }
	no_shadow
}
cylinder {
	<27.722694, 33.629642, 43.439812>,  <28.080853, 33.451717, 43.447884>, 0.100000
	pigment { color rgbt <1,0,0,0> }
	no_shadow
}

// particle -1
sphere {
	<27.722694, 33.629642, 43.439812> 0.100000
	pigment { color rgbt <1,0,0,0> }
	no_shadow
}
sphere {
	0, 1
	scale<0.080000,0.200000,0.300000>
	matrix <0.278153, 0.523379, -0.805422,
		-0.347698, -0.726786, -0.592358,
		-0.895397, 0.444810, -0.020180,
		27.454075, 33.763084, 43.433758>
	pigment { color rgbt <0,1,1,0> }
	no_shadow
}
cylinder {
	<27.854294, 33.415321, 42.724255>,  <28.080853, 33.451717, 43.447884>, 0.130000
	pigment { color rgbt <1,0,0,0> }
	no_shadow
}

// nucleotide -1

// particle -1
sphere {
	<27.854294, 33.415321, 42.724255> 0.250000
	pigment { color rgbt <1,0,0,0> }
	no_shadow
}
cylinder {
	<27.618969, 33.697643, 42.882107>,  <27.477774, 33.867035, 42.976818>, 0.100000
	pigment { color rgbt <1,0,0,0> }
	no_shadow
}
cylinder {
	<27.618969, 33.697643, 42.882107>,  <27.854294, 33.415321, 42.724255>, 0.100000
	pigment { color rgbt <1,0,0,0> }
	no_shadow
}

// particle -1
sphere {
	<27.618969, 33.697643, 42.882107> 0.100000
	pigment { color rgbt <1,0,0,0> }
	no_shadow
}
sphere {
	0, 1
	scale<0.080000,0.200000,0.300000>
	matrix <0.051526, 0.519745, -0.852766,
		-0.806991, -0.481358, -0.342139,
		-0.588311, 0.705804, 0.394627,
		27.442476, 33.909386, 43.000496>
	pigment { color rgbt <0,1,1,0> }
	no_shadow
}
cylinder {
	<27.412445, 33.532742, 42.160019>,  <27.854294, 33.415321, 42.724255>, 0.130000
	pigment { color rgbt <1,0,0,0> }
	no_shadow
}

// nucleotide -1

// particle -1
sphere {
	<27.412445, 33.532742, 42.160019> 0.250000
	pigment { color rgbt <1,0,0,0> }
	no_shadow
}
cylinder {
	<27.366806, 33.847607, 42.402458>,  <27.339422, 34.036526, 42.547924>, 0.100000
	pigment { color rgbt <1,0,0,0> }
	no_shadow
}
cylinder {
	<27.366806, 33.847607, 42.402458>,  <27.412445, 33.532742, 42.160019>, 0.100000
	pigment { color rgbt <1,0,0,0> }
	no_shadow
}

// particle -1
sphere {
	<27.366806, 33.847607, 42.402458> 0.100000
	pigment { color rgbt <1,0,0,0> }
	no_shadow
}
sphere {
	0, 1
	scale<0.080000,0.200000,0.300000>
	matrix <-0.081400, 0.600627, -0.795375,
		-0.990129, -0.140086, -0.004454,
		-0.114096, 0.787161, 0.606102,
		27.332577, 34.083755, 42.584290>
	pigment { color rgbt <0,1,1,0> }
	no_shadow
}
cylinder {
	<26.838280, 33.937668, 41.863163>,  <27.412445, 33.532742, 42.160019>, 0.130000
	pigment { color rgbt <1,0,0,0> }
	no_shadow
}

// nucleotide -1

// particle -1
sphere {
	<26.838280, 33.937668, 41.863163> 0.250000
	pigment { color rgbt <1,0,0,0> }
	no_shadow
}
cylinder {
	<27.064276, 34.182144, 42.084873>,  <27.199873, 34.328831, 42.217899>, 0.100000
	pigment { color rgbt <1,0,0,0> }
	no_shadow
}
cylinder {
	<27.064276, 34.182144, 42.084873>,  <26.838280, 33.937668, 41.863163>, 0.100000
	pigment { color rgbt <1,0,0,0> }
	no_shadow
}

// particle -1
sphere {
	<27.064276, 34.182144, 42.084873> 0.100000
	pigment { color rgbt <1,0,0,0> }
	no_shadow
}
sphere {
	0, 1
	scale<0.080000,0.200000,0.300000>
	matrix <0.192330, 0.555712, -0.808822,
		-0.802368, 0.563582, 0.196421,
		0.564991, 0.611195, 0.554280,
		27.233772, 34.365501, 42.251156>
	pigment { color rgbt <0,1,1,0> }
	no_shadow
}
cylinder {
	<26.555395, 34.487606, 41.581482>,  <26.838280, 33.937668, 41.863163>, 0.130000
	pigment { color rgbt <1,0,0,0> }
	no_shadow
}

// nucleotide -1

// particle -1
sphere {
	<26.555395, 34.487606, 41.581482> 0.250000
	pigment { color rgbt <1,0,0,0> }
	no_shadow
}
cylinder {
	<26.894730, 34.602222, 41.759567>,  <27.098331, 34.670994, 41.866421>, 0.100000
	pigment { color rgbt <1,0,0,0> }
	no_shadow
}
cylinder {
	<26.894730, 34.602222, 41.759567>,  <26.555395, 34.487606, 41.581482>, 0.100000
	pigment { color rgbt <1,0,0,0> }
	no_shadow
}

// particle -1
sphere {
	<26.894730, 34.602222, 41.759567> 0.100000
	pigment { color rgbt <1,0,0,0> }
	no_shadow
}
sphere {
	0, 1
	scale<0.080000,0.200000,0.300000>
	matrix <0.180548, 0.633928, -0.752022,
