// switches for output
#declare DRAW_BASES = 1; // possible values are 0, 1; only relevant for DNA ribbons
#declare DRAW_BASES_TYPE = 3; // possible values are 1, 2, 3; only relevant for DNA ribbons
#declare DRAW_FOG = 0; // set to 1 to enable fog

#include "colors.inc"

#include "transforms.inc"
background { rgb <1, 1, 1>}

#default {
   normal{
       ripples 0.25
       frequency 0.20
       turbulence 0.2
       lambda 5
   }
	finish {
		phong 0.1
		phong_size 40.
	}
}

// original window dimensions: 1024x640


// camera settings

camera {
	sky <0, 0.179814, -0.983701>
	up <0, 0.179814, -0.983701>
	right 1.6 * <1, 0, 0>
	location <35, 94.9851, 44.8844>
	look_at <35, 29.7336, 32.9568>
	direction <0, -65.2515, -11.9276>
	angle 67.0682
}


# declare cpy_camera_pos = <35, 94.9851, 44.8844>;
# if (DRAW_FOG = 1)
fog {
	fog_type 2
	up vnormalize(cpy_camera_pos)
	color rgbt<1,1,1,0.3>
	distance 1e-5
	fog_alt 3e-3
	fog_offset 56
}
# end


// LIGHTS

# declare lum = 6;
global_settings {
	ambient_light rgb lum * <0.05, 0.05, 0.05>
	max_trace_level 15
}# declare cpy_direct_light_amount = 0.25;
light_source
{	1000 * <-1, -1.16352, -0.803886>,
	rgb lum * cpy_direct_light_amount
	parallel
}

light_source
{	1000 * <1, 1.16352, 0.803886>,
	rgb lum * cpy_direct_light_amount
	parallel
}

// strand 0

// nucleotide -1

// particle -1
sphere {
	<24.005568, 34.859951, 35.084538> 0.250000
	pigment { color rgbt <1,0,0,0> }
	no_shadow
}
cylinder {
	<24.246479, 35.157513, 35.200375>,  <24.391026, 35.336048, 35.269878>, 0.100000
	pigment { color rgbt <1,0,0,0> }
	no_shadow
}
cylinder {
	<24.246479, 35.157513, 35.200375>,  <24.005568, 34.859951, 35.084538>, 0.100000
	pigment { color rgbt <1,0,0,0> }
	no_shadow
}

// particle -1
sphere {
	<24.246479, 35.157513, 35.200375> 0.100000
	pigment { color rgbt <1,0,0,0> }
	no_shadow
}
sphere {
	0, 1
	scale<0.080000,0.200000,0.300000>
	matrix <0.497728, -0.633560, 0.592342,
		0.624121, -0.212616, -0.751843,
		0.602279, 0.743906, 0.289593,
		24.427162, 35.380684, 35.287254>
	pigment { color rgbt <0,1,1,0> }
	no_shadow
}
cylinder {
	<24.748308, 34.690720, 34.996952>,  <24.005568, 34.859951, 35.084538>, 0.130000
	pigment { color rgbt <1,0,0,0> }
	no_shadow
}

// nucleotide -1

// particle -1
sphere {
	<24.748308, 34.690720, 34.996952> 0.250000
	pigment { color rgbt <1,0,0,0> }
	no_shadow
}
cylinder {
	<24.698473, 34.922337, 35.319241>,  <24.668571, 35.061306, 35.512611>, 0.100000
	pigment { color rgbt <1,0,0,0> }
	no_shadow
}
cylinder {
	<24.698473, 34.922337, 35.319241>,  <24.748308, 34.690720, 34.996952>, 0.100000
	pigment { color rgbt <1,0,0,0> }
	no_shadow
}

// particle -1
sphere {
	<24.698473, 34.922337, 35.319241> 0.100000
	pigment { color rgbt <1,0,0,0> }
	no_shadow
}
sphere {
	0, 1
	scale<0.080000,0.200000,0.300000>
	matrix <0.395431, -0.715793, 0.575565,
		0.910007, 0.390315, -0.139795,
		-0.124587, 0.579047, 0.805719,
		24.661097, 35.096050, 35.560955>
	pigment { color rgbt <0,1,1,0> }
	no_shadow
}
cylinder {
	<25.405392, 34.817879, 35.322132>,  <24.748308, 34.690720, 34.996952>, 0.130000
	pigment { color rgbt <1,0,0,0> }
	no_shadow
}

// nucleotide -1

// particle -1
sphere {
	<25.405392, 34.817879, 35.322132> 0.250000
	pigment { color rgbt <1,0,0,0> }
	no_shadow
}
cylinder {
	<25.104437, 34.821804, 35.585590>,  <24.923864, 34.824162, 35.743668>, 0.100000
	pigment { color rgbt <1,0,0,0> }
	no_shadow
}
cylinder {
	<25.104437, 34.821804, 35.585590>,  <25.405392, 34.817879, 35.322132>, 0.100000
	pigment { color rgbt <1,0,0,0> }
	no_shadow
}

// particle -1
sphere {
	<25.104437, 34.821804, 35.585590> 0.100000
	pigment { color rgbt <1,0,0,0> }
	no_shadow
}
sphere {
	0, 1
	scale<0.080000,0.200000,0.300000>
	matrix <0.409613, -0.776093, 0.479475,
		0.515880, 0.630542, 0.579901,
		-0.752386, 0.009816, 0.658649,
		24.878721, 34.824749, 35.783184>
	pigment { color rgbt <0,1,1,0> }
	no_shadow
}
cylinder {
	<25.688385, 34.564865, 36.072258>,  <25.405392, 34.817879, 35.322132>, 0.130000
	pigment { color rgbt <1,0,0,0> }
	no_shadow
}

// nucleotide -1

// particle -1
sphere {
	<25.688385, 34.564865, 36.072258> 0.250000
	pigment { color rgbt <1,0,0,0> }
	no_shadow
}
cylinder {
	<25.289129, 34.542545, 36.082108>,  <25.049576, 34.529152, 36.088017>, 0.100000
	pigment { color rgbt <1,0,0,0> }
	no_shadow
}
cylinder {
	<25.289129, 34.542545, 36.082108>,  <25.688385, 34.564865, 36.072258>, 0.100000
	pigment { color rgbt <1,0,0,0> }
	no_shadow
}

// particle -1
sphere {
	<25.289129, 34.542545, 36.082108> 0.100000
	pigment { color rgbt <1,0,0,0> }
	no_shadow
}
sphere {
	0, 1
	scale<0.080000,0.200000,0.300000>
	matrix <0.058386, -0.757315, 0.650434,
		-0.017643, 0.650661, 0.759163,
		-0.998138, -0.055801, 0.024628,
		24.989687, 34.525806, 36.089497>
	pigment { color rgbt <0,1,1,0> }
	no_shadow
}
cylinder {
	<25.471001, 34.353558, 36.783508>,  <25.688385, 34.564865, 36.072258>, 0.130000
	pigment { color rgbt <1,0,0,0> }
	no_shadow
}

// nucleotide -1

// particle -1
sphere {
	<25.471001, 34.353558, 36.783508> 0.250000
	pigment { color rgbt <1,0,0,0> }
	no_shadow
}
cylinder {
	<25.168856, 34.282471, 36.531208>,  <24.987568, 34.239819, 36.379829>, 0.100000
	pigment { color rgbt <1,0,0,0> }
	no_shadow
}
cylinder {
	<25.168856, 34.282471, 36.531208>,  <25.471001, 34.353558, 36.783508>, 0.100000
	pigment { color rgbt <1,0,0,0> }
	no_shadow
}

// particle -1
sphere {
	<25.168856, 34.282471, 36.531208> 0.100000
	pigment { color rgbt <1,0,0,0> }
	no_shadow
}
sphere {
	0, 1
	scale<0.080000,0.200000,0.300000>
	matrix <-0.232558, -0.827172, 0.511569,
		-0.612654, 0.533106, 0.583484,
		-0.755362, -0.177721, -0.630748,
		24.942247, 34.229153, 36.341984>
	pigment { color rgbt <0,1,1,0> }
	no_shadow
}
cylinder {
	<26.127209, 34.107117, 36.491138>,  <25.471001, 34.353558, 36.783508>, 0.130000
	pigment { color rgbt <1,0,0,0> }
	no_shadow
}

// nucleotide -1

// particle -1
sphere {
	<26.127209, 34.107117, 36.491138> 0.250000
	pigment { color rgbt <1,0,0,0> }
	no_shadow
}
cylinder {
	<26.349819, 33.779171, 36.437325>,  <26.483385, 33.582405, 36.405037>, 0.100000
	pigment { color rgbt <1,0,0,0> }
	no_shadow
}
cylinder {
	<26.349819, 33.779171, 36.437325>,  <26.127209, 34.107117, 36.491138>, 0.100000
	pigment { color rgbt <1,0,0,0> }
	no_shadow
}

// particle -1
sphere {
	<26.349819, 33.779171, 36.437325> 0.100000
	pigment { color rgbt <1,0,0,0> }
	no_shadow
}
sphere {
	0, 1
	scale<0.080000,0.200000,0.300000>
	matrix <0.768381, 0.446310, 0.458691,
		-0.316018, -0.358651, 0.878352,
		0.556527, -0.819864, -0.134539,
		26.516777, 33.533211, 36.396961>
	pigment { color rgbt <0,1,1,0> }
	no_shadow
}
cylinder {
	<26.437775, 33.855106, 37.146183>,  <26.127209, 34.107117, 36.491138>, 0.130000
	pigment { color rgbt <1,0,0,0> }
	no_shadow
}

// nucleotide -1

// particle -1
sphere {
	<26.437775, 33.855106, 37.146183> 0.250000
	pigment { color rgbt <1,0,0,0> }
	no_shadow
}
cylinder {
	<26.662395, 33.708443, 36.849476>,  <26.797167, 33.620445, 36.671452>, 0.100000
	pigment { color rgbt <1,0,0,0> }
	no_shadow
}
cylinder {
	<26.662395, 33.708443, 36.849476>,  <26.437775, 33.855106, 37.146183>, 0.100000
	pigment { color rgbt <1,0,0,0> }
	no_shadow
}

// particle -1
sphere {
	<26.662395, 33.708443, 36.849476> 0.100000
	pigment { color rgbt <1,0,0,0> }
	no_shadow
}
sphere {
	0, 1
	scale<0.080000,0.200000,0.300000>
	matrix <0.827365, 0.261088, 0.497293,
		0.011330, -0.892969, 0.449975,
		0.561551, -0.366659, -0.741769,
		26.830860, 33.598446, 36.626945>
	pigment { color rgbt <0,1,1,0> }
	no_shadow
}
cylinder {
	<26.764795, 33.205044, 37.496525>,  <26.437775, 33.855106, 37.146183>, 0.130000
	pigment { color rgbt <1,0,0,0> }
	no_shadow
}

// nucleotide -1

// particle -1
sphere {
	<26.764795, 33.205044, 37.496525> 0.250000
	pigment { color rgbt <1,0,0,0> }
	no_shadow
}
cylinder {
	<26.948641, 33.383179, 37.189167>,  <27.058949, 33.490059, 37.004753>, 0.100000
	pigment { color rgbt <1,0,0,0> }
	no_shadow
}
cylinder {
	<26.948641, 33.383179, 37.189167>,  <26.764795, 33.205044, 37.496525>, 0.100000
	pigment { color rgbt <1,0,0,0> }
	no_shadow
}

// particle -1
sphere {
	<26.948641, 33.383179, 37.189167> 0.100000
	pigment { color rgbt <1,0,0,0> }
	no_shadow
}
sphere {
	0, 1
	scale<0.080000,0.200000,0.300000>
	matrix <0.758752, 0.252760, 0.600340,
		0.461573, -0.858945, -0.221728,
		0.459616, 0.445338, -0.768393,
		27.086525, 33.516781, 36.958649>
	pigment { color rgbt <0,1,1,0> }
	no_shadow
}
cylinder {
	<27.499773, 33.014160, 37.525883>,  <26.764795, 33.205044, 37.496525>, 0.130000
	pigment { color rgbt <1,0,0,0> }
	no_shadow
}

// nucleotide -1

// particle -1
sphere {
	<27.499773, 33.014160, 37.525883> 0.250000
	pigment { color rgbt <1,0,0,0> }
	no_shadow
}
cylinder {
	<27.512880, 33.351200, 37.310867>,  <27.520744, 33.553425, 37.181858>, 0.100000
	pigment { color rgbt <1,0,0,0> }
	no_shadow
}
cylinder {
	<27.512880, 33.351200, 37.310867>,  <27.499773, 33.014160, 37.525883>, 0.100000
	pigment { color rgbt <1,0,0,0> }
	no_shadow
}

// particle -1
sphere {
	<27.512880, 33.351200, 37.310867> 0.100000
	pigment { color rgbt <1,0,0,0> }
	no_shadow
}
sphere {
	0, 1
	scale<0.080000,0.200000,0.300000>
	matrix <0.729013, 0.347765, 0.589575,
		0.683715, -0.411190, -0.602874,
		0.032769, 0.842604, -0.537536,
		27.522711, 33.603981, 37.149605>
	pigment { color rgbt <0,1,1,0> }
	no_shadow
}
cylinder {
	<28.246908, 33.136124, 37.300198>,  <27.499773, 33.014160, 37.525883>, 0.130000
	pigment { color rgbt <1,0,0,0> }
	no_shadow
}

// nucleotide -1

// particle -1
sphere {
	<28.246908, 33.136124, 37.300198> 0.250000
	pigment { color rgbt <1,0,0,0> }
	no_shadow
}
cylinder {
	<28.053293, 33.485592, 37.280602>,  <27.937124, 33.695274, 37.268845>, 0.100000
	pigment { color rgbt <1,0,0,0> }
	no_shadow
}
cylinder {
	<28.053293, 33.485592, 37.280602>,  <28.246908, 33.136124, 37.300198>, 0.100000
	pigment { color rgbt <1,0,0,0> }
	no_shadow
}

// particle -1
sphere {
	<28.053293, 33.485592, 37.280602> 0.100000
	pigment { color rgbt <1,0,0,0> }
	no_shadow
}
sphere {
	0, 1
	scale<0.080000,0.200000,0.300000>
	matrix <0.743034, 0.439939, 0.504335,
		0.462176, 0.207719, -0.862117,
		-0.484039, 0.873674, -0.048987,
		27.908081, 33.747696, 37.265903>
	pigment { color rgbt <0,1,1,0> }
	no_shadow
}
cylinder {
	<28.745796, 33.526043, 37.222065>,  <28.246908, 33.136124, 37.300198>, 0.130000
	pigment { color rgbt <1,0,0,0> }
	no_shadow
}

// nucleotide -1

// particle -1
sphere {
	<28.745796, 33.526043, 37.222065> 0.250000
	pigment { color rgbt <1,0,0,0> }
	no_shadow
}
cylinder {
	<28.453932, 33.774895, 37.335590>,  <28.278814, 33.924206, 37.403706>, 0.100000
	pigment { color rgbt <1,0,0,0> }
	no_shadow
}
cylinder {
	<28.453932, 33.774895, 37.335590>,  <28.745796, 33.526043, 37.222065>, 0.100000
	pigment { color rgbt <1,0,0,0> }
	no_shadow
}

// particle -1
sphere {
	<28.453932, 33.774895, 37.335590> 0.100000
	pigment { color rgbt <1,0,0,0> }
	no_shadow
}
sphere {
	0, 1
	scale<0.080000,0.200000,0.300000>
	matrix <0.638418, 0.471078, 0.608693,
		0.244989, 0.625330, -0.740907,
		-0.729659, 0.622131, 0.283813,
		28.235035, 33.961533, 37.420734>
	pigment { color rgbt <0,1,1,0> }
	no_shadow
}
cylinder {
	<28.988707, 34.219093, 37.145546>,  <28.745796, 33.526043, 37.222065>, 0.130000
	pigment { color rgbt <1,0,0,0> }
	no_shadow
}

// nucleotide -1

// particle -1
sphere {
	<28.988707, 34.219093, 37.145546> 0.250000
	pigment { color rgbt <1,0,0,0> }
	no_shadow
}
cylinder {
	<28.670500, 34.223690, 37.387875>,  <28.479576, 34.226448, 37.533272>, 0.100000
	pigment { color rgbt <1,0,0,0> }
	no_shadow
}
cylinder {
	<28.670500, 34.223690, 37.387875>,  <28.988707, 34.219093, 37.145546>, 0.100000
	pigment { color rgbt <1,0,0,0> }
	no_shadow
}

// particle -1
sphere {
	<28.670500, 34.223690, 37.387875> 0.100000
	pigment { color rgbt <1,0,0,0> }
	no_shadow
}
sphere {
	0, 1
	scale<0.080000,0.200000,0.300000>
	matrix <0.501471, 0.573701, 0.647606,
		-0.340117, 0.818984, -0.462153,
		-0.795517, 0.011495, 0.605822,
		28.431845, 34.227139, 37.569622>
	pigment { color rgbt <0,1,1,0> }
	no_shadow
}
cylinder {
	<28.925970, 34.951378, 37.387341>,  <28.988707, 34.219093, 37.145546>, 0.130000
	pigment { color rgbt <1,0,0,0> }
	no_shadow
}

// nucleotide -1

// particle -1
sphere {
	<28.925970, 34.951378, 37.387341> 0.250000
	pigment { color rgbt <1,0,0,0> }
	no_shadow
}
cylinder {
	<28.727911, 34.728386, 37.653889>,  <28.609076, 34.594593, 37.813816>, 0.100000
	pigment { color rgbt <1,0,0,0> }
	no_shadow
}
cylinder {
	<28.727911, 34.728386, 37.653889>,  <28.925970, 34.951378, 37.387341>, 0.100000
	pigment { color rgbt <1,0,0,0> }
	no_shadow
}

// particle -1
sphere {
	<28.727911, 34.728386, 37.653889> 0.100000
	pigment { color rgbt <1,0,0,0> }
	no_shadow
}
sphere {
	0, 1
	scale<0.080000,0.200000,0.300000>
	matrix <0.510261, 0.434177, 0.742377,
		-0.703181, 0.707608, 0.069478,
		-0.495147, -0.557477, 0.666370,
		28.579367, 34.561142, 37.853798>
	pigment { color rgbt <0,1,1,0> }
	no_shadow
}
cylinder {
	<28.759777, 35.371761, 37.987156>,  <28.925970, 34.951378, 37.387341>, 0.130000
	pigment { color rgbt <1,0,0,0> }
	no_shadow
}

// nucleotide -1

// particle -1
sphere {
	<28.759777, 35.371761, 37.987156> 0.250000
	pigment { color rgbt <1,0,0,0> }
	no_shadow
}
cylinder {
	<28.783501, 34.993050, 38.113708>,  <28.797735, 34.765823, 38.189640>, 0.100000
	pigment { color rgbt <1,0,0,0> }
	no_shadow
}
cylinder {
	<28.783501, 34.993050, 38.113708>,  <28.759777, 35.371761, 37.987156>, 0.100000
	pigment { color rgbt <1,0,0,0> }
	no_shadow
}

// particle -1
sphere {
	<28.783501, 34.993050, 38.113708> 0.100000
	pigment { color rgbt <1,0,0,0> }
	no_shadow
}
sphere {
	0, 1
	scale<0.080000,0.200000,0.300000>
	matrix <0.669798, 0.272748, 0.690637,
		-0.740171, 0.170953, 0.650324,
		0.059308, -0.946775, 0.316384,
		28.801292, 34.709019, 38.208622>
	pigment { color rgbt <0,1,1,0> }
	no_shadow
}
cylinder {
	<28.689882, 35.318600, 38.643188>,  <28.759777, 35.371761, 37.987156>, 0.130000
	pigment { color rgbt <1,0,0,0> }
	no_shadow
}

// nucleotide -1

// particle -1
sphere {
	<28.689882, 35.318600, 38.643188> 0.250000
	pigment { color rgbt <1,0,0,0> }
	no_shadow
}
cylinder {
	<28.894699, 34.977486, 38.602074>,  <29.017590, 34.772816, 38.577404>, 0.100000
	pigment { color rgbt <1,0,0,0> }
	no_shadow
}
cylinder {
	<28.894699, 34.977486, 38.602074>,  <28.689882, 35.318600, 38.643188>, 0.100000
	pigment { color rgbt <1,0,0,0> }
	no_shadow
}

// particle -1
sphere {
	<28.894699, 34.977486, 38.602074> 0.100000
	pigment { color rgbt <1,0,0,0> }
	no_shadow
}
sphere {
	0, 1
	scale<0.080000,0.200000,0.300000>
	matrix <0.732385, 0.370931, 0.570984,
		-0.448803, -0.367645, 0.814502,
		0.512044, -0.852788, -0.102783,
		29.048313, 34.721649, 38.571239>
	pigment { color rgbt <0,1,1,0> }
	no_shadow
}
cylinder {
	<28.937037, 35.187073, 39.303299>,  <28.689882, 35.318600, 38.643188>, 0.130000
	pigment { color rgbt <1,0,0,0> }
	no_shadow
}

// nucleotide -1

// particle -1
sphere {
	<28.937037, 35.187073, 39.303299> 0.250000
	pigment { color rgbt <1,0,0,0> }
	no_shadow
}
cylinder {
	<29.178474, 34.959183, 39.080200>,  <29.323338, 34.822449, 38.946339>, 0.100000
	pigment { color rgbt <1,0,0,0> }
	no_shadow
}
cylinder {
	<29.178474, 34.959183, 39.080200>,  <28.937037, 35.187073, 39.303299>, 0.100000
	pigment { color rgbt <1,0,0,0> }
	no_shadow
}

// particle -1
sphere {
	<29.178474, 34.959183, 39.080200> 0.100000
	pigment { color rgbt <1,0,0,0> }
	no_shadow
}
sphere {
	0, 1
	scale<0.080000,0.200000,0.300000>
	matrix <0.794870, 0.375513, 0.476626,
		-0.062105, -0.731027, 0.679516,
		0.603593, -0.569727, -0.557751,
		29.359552, 34.788265, 38.912876>
	pigment { color rgbt <0,1,1,0> }
	no_shadow
}
cylinder {
	<29.374014, 34.922104, 39.802177>,  <28.937037, 35.187073, 39.303299>, 0.130000
	pigment { color rgbt <1,0,0,0> }
	no_shadow
}

// nucleotide -1

// particle -1
sphere {
	<29.374014, 34.922104, 39.802177> 0.250000
	pigment { color rgbt <1,0,0,0> }
	no_shadow
}
cylinder {
	<29.568426, 34.880520, 39.455082>,  <29.685074, 34.855568, 39.246826>, 0.100000
	pigment { color rgbt <1,0,0,0> }
	no_shadow
}
cylinder {
	<29.568426, 34.880520, 39.455082>,  <29.374014, 34.922104, 39.802177>, 0.100000
	pigment { color rgbt <1,0,0,0> }
	no_shadow
}

// particle -1
sphere {
	<29.568426, 34.880520, 39.455082> 0.100000
	pigment { color rgbt <1,0,0,0> }
	no_shadow
}
sphere {
	0, 1
	scale<0.080000,0.200000,0.300000>
	matrix <0.855649, 0.258692, 0.448267,
		0.177875, -0.960349, 0.214685,
		0.486030, -0.103960, -0.867737,
		29.714235, 34.849331, 39.194759>
	pigment { color rgbt <0,1,1,0> }
	no_shadow
}
cylinder {
	<30.000067, 34.598728, 40.028057>,  <29.374014, 34.922104, 39.802177>, 0.130000
	pigment { color rgbt <1,0,0,0> }
	no_shadow
}

// nucleotide -1

// particle -1
sphere {
	<30.000067, 34.598728, 40.028057> 0.250000
	pigment { color rgbt <1,0,0,0> }
	no_shadow
}
cylinder {
	<30.031986, 34.753262, 39.660496>,  <30.051138, 34.845982, 39.439960>, 0.100000
	pigment { color rgbt <1,0,0,0> }
	no_shadow
}
cylinder {
	<30.031986, 34.753262, 39.660496>,  <30.000067, 34.598728, 40.028057>, 0.100000
	pigment { color rgbt <1,0,0,0> }
	no_shadow
}

// particle -1
sphere {
	<30.031986, 34.753262, 39.660496> 0.100000
	pigment { color rgbt <1,0,0,0> }
	no_shadow
}
sphere {
	0, 1
	scale<0.080000,0.200000,0.300000>
	matrix <0.850318, 0.454679, 0.265003,
		0.520184, -0.802505, -0.292224,
		0.079798, 0.386334, -0.918901,
		30.055925, 34.869164, 39.384827>
	pigment { color rgbt <0,1,1,0> }
	no_shadow
}
cylinder {
	<30.740517, 34.597710, 39.998531>,  <30.000067, 34.598728, 40.028057>, 0.130000
	pigment { color rgbt <1,0,0,0> }
	no_shadow
}

// nucleotide -1

// particle -1
sphere {
	<30.740517, 34.597710, 39.998531> 0.250000
	pigment { color rgbt <1,0,0,0> }
	no_shadow
}
cylinder {
	<30.603359, 34.853733, 39.723503>,  <30.521065, 35.007347, 39.558487>, 0.100000
	pigment { color rgbt <1,0,0,0> }
	no_shadow
}
cylinder {
	<30.603359, 34.853733, 39.723503>,  <30.740517, 34.597710, 39.998531>, 0.100000
	pigment { color rgbt <1,0,0,0> }
	no_shadow
}

// particle -1
sphere {
	<30.603359, 34.853733, 39.723503> 0.100000
	pigment { color rgbt <1,0,0,0> }
	no_shadow
}
sphere {
	0, 1
	scale<0.080000,0.200000,0.300000>
	matrix <0.797509, 0.585130, 0.146974,
		0.496389, -0.497945, -0.711090,
		-0.342895, 0.640057, -0.687568,
		30.500490, 35.045750, 39.517231>
	pigment { color rgbt <0,1,1,0> }
	no_shadow
}
cylinder {
	<31.258055, 34.790539, 39.562256>,  <30.740517, 34.597710, 39.998531>, 0.130000
	pigment { color rgbt <1,0,0,0> }
	no_shadow
}

// nucleotide -1

// particle -1
sphere {
	<31.258055, 34.790539, 39.562256> 0.250000
	pigment { color rgbt <1,0,0,0> }
	no_shadow
}
cylinder {
	<30.991684, 35.088913, 39.557884>,  <30.831861, 35.267937, 39.555264>, 0.100000
	pigment { color rgbt <1,0,0,0> }
	no_shadow
}
cylinder {
	<30.991684, 35.088913, 39.557884>,  <31.258055, 34.790539, 39.562256>, 0.100000
	pigment { color rgbt <1,0,0,0> }
	no_shadow
}

// particle -1
sphere {
	<30.991684, 35.088913, 39.557884> 0.100000
	pigment { color rgbt <1,0,0,0> }
	no_shadow
}
sphere {
	0, 1
	scale<0.080000,0.200000,0.300000>
	matrix <0.703913, 0.633128, 0.321956,
		0.247075, 0.206710, -0.946692,
		-0.665928, 0.745936, -0.010924,
		30.791904, 35.312695, 39.554607>
	pigment { color rgbt <0,1,1,0> }
	no_shadow
}
cylinder {
	<31.595034, 35.394859, 39.263203>,  <31.258055, 34.790539, 39.562256>, 0.130000
	pigment { color rgbt <1,0,0,0> }
	no_shadow
}

// nucleotide -1

// particle -1
sphere {
	<31.595034, 35.394859, 39.263203> 0.250000
	pigment { color rgbt <1,0,0,0> }
	no_shadow
}
cylinder {
	<31.273233, 35.560760, 39.433266>,  <31.080154, 35.660301, 39.535305>, 0.100000
	pigment { color rgbt <1,0,0,0> }
	no_shadow
}
cylinder {
	<31.273233, 35.560760, 39.433266>,  <31.595034, 35.394859, 39.263203>, 0.100000
	pigment { color rgbt <1,0,0,0> }
	no_shadow
}

// particle -1
sphere {
	<31.273233, 35.560760, 39.433266> 0.100000
	pigment { color rgbt <1,0,0,0> }
	no_shadow
}
sphere {
	0, 1
	scale<0.080000,0.200000,0.300000>
	matrix <0.592787, 0.605523, 0.530985,
		-0.037217, 0.679206, -0.733003,
		-0.804499, 0.414754, 0.425160,
		31.031883, 35.685188, 39.560814>
	pigment { color rgbt <0,1,1,0> }
	no_shadow
}
cylinder {
	<31.830397, 36.021481, 39.443180>,  <31.595034, 35.394859, 39.263203>, 0.130000
	pigment { color rgbt <1,0,0,0> }
	no_shadow
}

// nucleotide -1

// particle -1
sphere {
	<31.830397, 36.021481, 39.443180> 0.250000
	pigment { color rgbt <1,0,0,0> }
	no_shadow
}
cylinder {
	<31.496508, 36.037487, 39.662868>,  <31.296175, 36.047092, 39.794682>, 0.100000
	pigment { color rgbt <1,0,0,0> }
	no_shadow
}
cylinder {
	<31.496508, 36.037487, 39.662868>,  <31.830397, 36.021481, 39.443180>, 0.100000
	pigment { color rgbt <1,0,0,0> }
	no_shadow
}

// particle -1
sphere {
	<31.496508, 36.037487, 39.662868> 0.100000
	pigment { color rgbt <1,0,0,0> }
	no_shadow
}
sphere {
	0, 1
	scale<0.080000,0.200000,0.300000>
	matrix <0.472319, 0.564798, 0.676696,
		-0.283117, 0.824259, -0.490350,
		-0.834721, 0.040017, 0.549217,
		31.246092, 36.049492, 39.827633>
	pigment { color rgbt <0,1,1,0> }
	no_shadow
}
cylinder {
	<31.796892, 36.652580, 39.694427>,  <31.830397, 36.021481, 39.443180>, 0.130000
	pigment { color rgbt <1,0,0,0> }
	no_shadow
}

// nucleotide -1

// particle -1
sphere {
	<31.796892, 36.652580, 39.694427> 0.250000
	pigment { color rgbt <1,0,0,0> }
	no_shadow
}
cylinder {
	<31.567345, 36.437859, 39.941822>,  <31.429617, 36.309025, 40.090260>, 0.100000
	pigment { color rgbt <1,0,0,0> }
	no_shadow
}
cylinder {
	<31.567345, 36.437859, 39.941822>,  <31.796892, 36.652580, 39.694427>, 0.100000
	pigment { color rgbt <1,0,0,0> }
	no_shadow
}

// particle -1
sphere {
	<31.567345, 36.437859, 39.941822> 0.100000
	pigment { color rgbt <1,0,0,0> }
	no_shadow
}
sphere {
	0, 1
	scale<0.080000,0.200000,0.300000>
	matrix <0.387817, 0.487036, 0.782556,
		-0.721300, 0.688942, -0.071313,
		-0.573867, -0.536802, 0.618482,
		31.395184, 36.276817, 40.127365>
	pigment { color rgbt <0,1,1,0> }
	no_shadow
}
cylinder {
	<31.425089, 37.191971, 39.936256>,  <31.796892, 36.652580, 39.694427>, 0.130000
	pigment { color rgbt <1,0,0,0> }
	no_shadow
}

// nucleotide -1

// particle -1
sphere {
	<31.425089, 37.191971, 39.936256> 0.250000
	pigment { color rgbt <1,0,0,0> }
	no_shadow
}
cylinder {
	<31.448542, 36.859116, 40.156837>,  <31.462614, 36.659401, 40.289185>, 0.100000
	pigment { color rgbt <1,0,0,0> }
	no_shadow
}
cylinder {
	<31.448542, 36.859116, 40.156837>,  <31.425089, 37.191971, 39.936256>, 0.100000
	pigment { color rgbt <1,0,0,0> }
	no_shadow
}

// particle -1
sphere {
	<31.448542, 36.859116, 40.156837> 0.100000
	pigment { color rgbt <1,0,0,0> }
	no_shadow
}
sphere {
	0, 1
	scale<0.080000,0.200000,0.300000>
	matrix <0.536915, 0.491989, 0.685324,
		-0.841596, 0.255902, 0.475636,
		0.058632, -0.832142, 0.551454,
		31.466131, 36.609474, 40.322273>
	pigment { color rgbt <0,1,1,0> }
	no_shadow
}
cylinder {
	<31.297901, 37.385235, 40.561516>,  <31.425089, 37.191971, 39.936256>, 0.130000
	pigment { color rgbt <1,0,0,0> }
	no_shadow
}

// nucleotide -1

// particle -1
sphere {
	<31.297901, 37.385235, 40.561516> 0.250000
	pigment { color rgbt <1,0,0,0> }
	no_shadow
}
cylinder {
	<31.483374, 37.035931, 40.621403>,  <31.594656, 36.826347, 40.657337>, 0.100000
	pigment { color rgbt <1,0,0,0> }
	no_shadow
}
cylinder {
	<31.483374, 37.035931, 40.621403>,  <31.297901, 37.385235, 40.561516>, 0.100000
	pigment { color rgbt <1,0,0,0> }
	no_shadow
}

// particle -1
sphere {
	<31.483374, 37.035931, 40.621403> 0.100000
	pigment { color rgbt <1,0,0,0> }
	no_shadow
}
sphere {
	0, 1
	scale<0.080000,0.200000,0.300000>
	matrix <0.537918, 0.411740, 0.735605,
		-0.704020, -0.260548, 0.660659,
		0.463680, -0.873261, 0.149720,
		31.622478, 36.773952, 40.666317>
	pigment { color rgbt <0,1,1,0> }
	no_shadow
}
cylinder {
	<31.449558, 37.336506, 41.237282>,  <31.297901, 37.385235, 40.561516>, 0.130000
	pigment { color rgbt <1,0,0,0> }
	no_shadow
}

// nucleotide -1

// particle -1
sphere {
	<31.449558, 37.336506, 41.237282> 0.250000
	pigment { color rgbt <1,0,0,0> }
	no_shadow
}
cylinder {
	<31.713842, 37.071953, 41.095280>,  <31.872412, 36.913219, 41.010078>, 0.100000
	pigment { color rgbt <1,0,0,0> }
	no_shadow
}
cylinder {
	<31.713842, 37.071953, 41.095280>,  <31.449558, 37.336506, 41.237282>, 0.100000
	pigment { color rgbt <1,0,0,0> }
	no_shadow
}

// particle -1
sphere {
	<31.713842, 37.071953, 41.095280> 0.100000
	pigment { color rgbt <1,0,0,0> }
	no_shadow
}
sphere {
	0, 1
	scale<0.080000,0.200000,0.300000>
	matrix <0.667020, 0.300365, 0.681810,
		-0.344307, -0.687277, 0.639612,
		0.660709, -0.661386, -0.355010,
		31.912056, 36.873539, 40.988777>
	pigment { color rgbt <0,1,1,0> }
	no_shadow
}
cylinder {
	<32.022114, 37.345718, 41.682713>,  <31.449558, 37.336506, 41.237282>, 0.130000
	pigment { color rgbt <1,0,0,0> }
	no_shadow
}

// nucleotide -1

// particle -1
sphere {
	<32.022114, 37.345718, 41.682713> 0.250000
	pigment { color rgbt <1,0,0,0> }
	no_shadow
}
cylinder {
	<32.206226, 37.104462, 41.422138>,  <32.316692, 36.959709, 41.265793>, 0.100000
	pigment { color rgbt <1,0,0,0> }
	no_shadow
}
cylinder {
	<32.206226, 37.104462, 41.422138>,  <32.022114, 37.345718, 41.682713>, 0.100000
	pigment { color rgbt <1,0,0,0> }
	no_shadow
}

// particle -1
sphere {
	<32.206226, 37.104462, 41.422138> 0.100000
	pigment { color rgbt <1,0,0,0> }
	no_shadow
}
sphere {
	0, 1
	scale<0.080000,0.200000,0.300000>
	matrix <0.883422, 0.238622, 0.403268,
		-0.087781, -0.761106, 0.642661,
		0.460282, -0.603140, -0.651431,
		32.344311, 36.923519, 41.226707>
	pigment { color rgbt <0,1,1,0> }
	no_shadow
}
cylinder {
	<32.626625, 37.155628, 42.034878>,  <32.022114, 37.345718, 41.682713>, 0.130000
	pigment { color rgbt <1,0,0,0> }
	no_shadow
}

// nucleotide -1

// particle -1
sphere {
	<32.626625, 37.155628, 42.034878> 0.250000
	pigment { color rgbt <1,0,0,0> }
	no_shadow
}
cylinder {
	<32.708881, 37.059532, 41.655407>,  <32.758236, 37.001873, 41.427723>, 0.100000
	pigment { color rgbt <1,0,0,0> }
	no_shadow
}
cylinder {
	<32.708881, 37.059532, 41.655407>,  <32.626625, 37.155628, 42.034878>, 0.100000
	pigment { color rgbt <1,0,0,0> }
	no_shadow
}

// particle -1
sphere {
	<32.708881, 37.059532, 41.655407> 0.100000
	pigment { color rgbt <1,0,0,0> }
	no_shadow
}
sphere {
	0, 1
	scale<0.080000,0.200000,0.300000>
	matrix <0.946316, 0.295859, 0.130209,
		0.249393, -0.924527, 0.288189,
		0.205645, -0.240245, -0.948679,
		32.770576, 36.987457, 41.370804>
	pigment { color rgbt <0,1,1,0> }
	no_shadow
}
cylinder {
	<33.191429, 37.593510, 41.898880>,  <32.626625, 37.155628, 42.034878>, 0.130000
	pigment { color rgbt <1,0,0,0> }
	no_shadow
}

// nucleotide -1

// particle -1
sphere {
	<33.191429, 37.593510, 41.898880> 0.250000
	pigment { color rgbt <1,0,0,0> }
	no_shadow
}
cylinder {
	<33.525661, 37.474884, 41.713902>,  <33.726200, 37.403709, 41.602917>, 0.100000
	pigment { color rgbt <1,0,0,0> }
	no_shadow
}
cylinder {
	<33.525661, 37.474884, 41.713902>,  <33.191429, 37.593510, 41.898880>, 0.100000
	pigment { color rgbt <1,0,0,0> }
	no_shadow
}

// particle -1
sphere {
	<33.525661, 37.474884, 41.713902> 0.100000
	pigment { color rgbt <1,0,0,0> }
	no_shadow
}
sphere {
	0, 1
	scale<0.080000,0.200000,0.300000>
	matrix <-0.046246, 0.800820, -0.597117,
		0.547415, 0.520326, 0.655436,
		0.835582, -0.296560, -0.462444,
		33.776337, 37.385918, 41.575169>
	pigment { color rgbt <0,1,1,0> }
	no_shadow
}
cylinder {
	<33.736656, 38.081127, 42.045860>,  <33.191429, 37.593510, 41.898880>, 0.130000
	pigment { color rgbt <1,0,0,0> }
	no_shadow
}

// nucleotide -1

// particle -1
sphere {
	<33.736656, 38.081127, 42.045860> 0.250000
	pigment { color rgbt <1,0,0,0> }
	no_shadow
}
cylinder {
	<33.685200, 37.893723, 41.696243>,  <33.654327, 37.781281, 41.486473>, 0.100000
	pigment { color rgbt <1,0,0,0> }
	no_shadow
}
cylinder {
	<33.685200, 37.893723, 41.696243>,  <33.736656, 38.081127, 42.045860>, 0.100000
	pigment { color rgbt <1,0,0,0> }
	no_shadow
}

// particle -1
sphere {
	<33.685200, 37.893723, 41.696243> 0.100000
	pigment { color rgbt <1,0,0,0> }
	no_shadow
}
sphere {
	0, 1
	scale<0.080000,0.200000,0.300000>
	matrix <-0.066685, 0.883456, -0.463744,
		0.989447, -0.001370, -0.144889,
		-0.128639, -0.468512, -0.874042,
		33.646606, 37.753170, 41.434032>
	pigment { color rgbt <0,1,1,0> }
	no_shadow
}
cylinder {
	<34.125912, 38.406269, 41.651417>,  <33.736656, 38.081127, 42.045860>, 0.130000
	pigment { color rgbt <1,0,0,0> }
	no_shadow
}

// nucleotide -1

// particle -1
sphere {
	<34.125912, 38.406269, 41.651417> 0.250000
	pigment { color rgbt <1,0,0,0> }
	no_shadow
}
cylinder {
	<33.847435, 38.220097, 41.432804>,  <33.680347, 38.108395, 41.301636>, 0.100000
	pigment { color rgbt <1,0,0,0> }
	no_shadow
}
cylinder {
	<33.847435, 38.220097, 41.432804>,  <34.125912, 38.406269, 41.651417>, 0.100000
	pigment { color rgbt <1,0,0,0> }
	no_shadow
}

// particle -1
sphere {
	<33.847435, 38.220097, 41.432804> 0.100000
	pigment { color rgbt <1,0,0,0> }
	no_shadow
}
sphere {
	0, 1
	scale<0.080000,0.200000,0.300000>
	matrix <-0.226048, 0.864738, -0.448475,
		0.681337, -0.188683, -0.707233,
		-0.696191, -0.465431, -0.546527,
		33.638577, 38.080467, 41.268845>
	pigment { color rgbt <0,1,1,0> }
	no_shadow
}
cylinder {
	<34.279404, 38.411488, 40.982964>,  <34.125912, 38.406269, 41.651417>, 0.130000
	pigment { color rgbt <1,0,0,0> }
	no_shadow
}

// nucleotide -1

// particle -1
sphere {
	<34.279404, 38.411488, 40.982964> 0.250000
	pigment { color rgbt <1,0,0,0> }
	no_shadow
}
cylinder {
	<33.895874, 38.446995, 41.090870>,  <33.665756, 38.468300, 41.155613>, 0.100000
	pigment { color rgbt <1,0,0,0> }
	no_shadow
}
cylinder {
	<33.895874, 38.446995, 41.090870>,  <34.279404, 38.411488, 40.982964>, 0.100000
	pigment { color rgbt <1,0,0,0> }
	no_shadow
}

// particle -1
sphere {
	<33.895874, 38.446995, 41.090870> 0.100000
	pigment { color rgbt <1,0,0,0> }
	no_shadow
}
sphere {
	0, 1
	scale<0.080000,0.200000,0.300000>
	matrix <0.041585, 0.983541, -0.175833,
		-0.280933, -0.157376, -0.946736,
		-0.958826, 0.088767, 0.269765,
		33.608227, 38.473625, 41.171799>
	pigment { color rgbt <0,1,1,0> }
	no_shadow
}
cylinder {
	<34.283016, 37.827248, 40.559086>,  <34.279404, 38.411488, 40.982964>, 0.130000
	pigment { color rgbt <1,0,0,0> }
	no_shadow
}

// nucleotide -1

// particle -1
sphere {
	<34.283016, 37.827248, 40.559086> 0.250000
	pigment { color rgbt <1,0,0,0> }
	no_shadow
}
cylinder {
	<34.580345, 37.828583, 40.291515>,  <34.758743, 37.829384, 40.130974>, 0.100000
	pigment { color rgbt <1,0,0,0> }
	no_shadow
}
cylinder {
	<34.580345, 37.828583, 40.291515>,  <34.283016, 37.827248, 40.559086>, 0.100000
	pigment { color rgbt <1,0,0,0> }
	no_shadow
}

// particle -1
sphere {
	<34.580345, 37.828583, 40.291515> 0.100000
	pigment { color rgbt <1,0,0,0> }
	no_shadow
}
sphere {
	0, 1
	scale<0.080000,0.200000,0.300000>
	matrix <-0.319656, -0.876654, -0.359581,
		-0.587617, 0.481111, -0.650568,
		0.743321, 0.003338, -0.668926,
		34.803341, 37.829586, 40.090836>
	pigment { color rgbt <0,1,1,0> }
	no_shadow
}
cylinder {
	<33.960255, 37.768620, 39.900860>,  <34.283016, 37.827248, 40.559086>, 0.130000
	pigment { color rgbt <1,0,0,0> }
	no_shadow
}

// nucleotide -1

// particle -1
sphere {
	<33.960255, 37.768620, 39.900860> 0.250000
	pigment { color rgbt <1,0,0,0> }
	no_shadow
}
cylinder {
	<34.331753, 37.621273, 39.884174>,  <34.554649, 37.532864, 39.874161>, 0.100000
	pigment { color rgbt <1,0,0,0> }
	no_shadow
}
cylinder {
	<34.331753, 37.621273, 39.884174>,  <33.960255, 37.768620, 39.900860>, 0.100000
	pigment { color rgbt <1,0,0,0> }
	no_shadow
}

// particle -1
sphere {
	<34.331753, 37.621273, 39.884174> 0.100000
	pigment { color rgbt <1,0,0,0> }
	no_shadow
}
sphere {
	0, 1
	scale<0.080000,0.200000,0.300000>
	matrix <-0.320077, -0.739988, -0.591581,
		0.187051, 0.562779, -0.805166,
		0.928742, -0.368371, -0.041717,
		34.610374, 37.510761, 39.871658>
	pigment { color rgbt <0,1,1,0> }
	no_shadow
}
cylinder {
	<34.338097, 37.784576, 39.202854>,  <33.960255, 37.768620, 39.900860>, 0.130000
	pigment { color rgbt <1,0,0,0> }
	no_shadow
}

// nucleotide -1

// particle -1
sphere {
	<34.338097, 37.784576, 39.202854> 0.250000
	pigment { color rgbt <1,0,0,0> }
	no_shadow
}
cylinder {
	<34.447903, 37.481167, 39.439255>,  <34.513786, 37.299122, 39.581093>, 0.100000
	pigment { color rgbt <1,0,0,0> }
	no_shadow
}
cylinder {
	<34.447903, 37.481167, 39.439255>,  <34.338097, 37.784576, 39.202854>, 0.100000
	pigment { color rgbt <1,0,0,0> }
	no_shadow
}

// particle -1
sphere {
	<34.447903, 37.481167, 39.439255> 0.100000
	pigment { color rgbt <1,0,0,0> }
	no_shadow
}
sphere {
	0, 1
	scale<0.080000,0.200000,0.300000>
	matrix <-0.422504, -0.647249, -0.634475,
		0.863790, -0.075527, -0.498159,
		0.274513, -0.758527, 0.590998,
		34.530258, 37.253609, 39.616554>
	pigment { color rgbt <0,1,1,0> }
	no_shadow
}
cylinder {
	<34.703407, 37.094707, 38.915997>,  <34.338097, 37.784576, 39.202854>, 0.130000
	pigment { color rgbt <1,0,0,0> }
	no_shadow
}

// nucleotide -1

// particle -1
sphere {
	<34.703407, 37.094707, 38.915997> 0.250000
	pigment { color rgbt <1,0,0,0> }
	no_shadow
}
cylinder {
	<34.524616, 36.992336, 39.258858>,  <34.417343, 36.930916, 39.464573>, 0.100000
	pigment { color rgbt <1,0,0,0> }
	no_shadow
}
cylinder {
	<34.524616, 36.992336, 39.258858>,  <34.703407, 37.094707, 38.915997>, 0.100000
	pigment { color rgbt <1,0,0,0> }
	no_shadow
}

// particle -1
sphere {
	<34.524616, 36.992336, 39.258858> 0.100000
	pigment { color rgbt <1,0,0,0> }
	no_shadow
}
sphere {
	0, 1
	scale<0.080000,0.200000,0.300000>
	matrix <-0.301375, -0.859101, -0.413664,
		0.842249, -0.443223, 0.306870,
		-0.446978, -0.255926, 0.857154,
		34.390522, 36.915558, 39.516003>
	pigment { color rgbt <0,1,1,0> }
	no_shadow
}
cylinder {
	<34.890362, 36.440376, 39.145790>,  <34.703407, 37.094707, 38.915997>, 0.130000
	pigment { color rgbt <1,0,0,0> }
	no_shadow
}

// nucleotide -1

// particle -1
sphere {
	<34.890362, 36.440376, 39.145790> 0.250000
	pigment { color rgbt <1,0,0,0> }
	no_shadow
}
cylinder {
	<34.519745, 36.529003, 39.267395>,  <34.297375, 36.582180, 39.340359>, 0.100000
	pigment { color rgbt <1,0,0,0> }
	no_shadow
}
cylinder {
	<34.519745, 36.529003, 39.267395>,  <34.890362, 36.440376, 39.145790>, 0.100000
	pigment { color rgbt <1,0,0,0> }
	no_shadow
}

// particle -1
sphere {
	<34.519745, 36.529003, 39.267395> 0.100000
	pigment { color rgbt <1,0,0,0> }
	no_shadow
}
sphere {
	0, 1
	scale<0.080000,0.200000,0.300000>
	matrix <-0.364078, -0.731509, -0.576491,
		0.094654, -0.644828, 0.758444,
		-0.926546, 0.221566, 0.304008,
		34.241779, 36.595474, 39.358597>
	pigment { color rgbt <0,1,1,0> }
	no_shadow
}
cylinder {
	<34.480572, 35.726387, 39.091278>,  <34.890362, 36.440376, 39.145790>, 0.130000
	pigment { color rgbt <1,0,0,0> }
	no_shadow
}

// nucleotide -1

// particle -1
sphere {
	<34.480572, 35.726387, 39.091278> 0.250000
	pigment { color rgbt <1,0,0,0> }
	no_shadow
}
cylinder {
	<34.214375, 36.024414, 39.109146>,  <34.054657, 36.203228, 39.119869>, 0.100000
	pigment { color rgbt <1,0,0,0> }
	no_shadow
}
cylinder {
	<34.214375, 36.024414, 39.109146>,  <34.480572, 35.726387, 39.091278>, 0.100000
	pigment { color rgbt <1,0,0,0> }
	no_shadow
}

// particle -1
sphere {
	<34.214375, 36.024414, 39.109146> 0.100000
	pigment { color rgbt <1,0,0,0> }
	no_shadow
}
sphere {
	0, 1
	scale<0.080000,0.200000,0.300000>
	matrix <-0.588255, -0.486709, -0.645809,
		-0.459423, -0.456066, 0.762191,
		-0.665497, 0.745063, 0.044677,
		34.014725, 36.247932, 39.122547>
	pigment { color rgbt <0,1,1,0> }
	no_shadow
}
cylinder {
	<33.790325, 35.483135, 39.083775>,  <34.480572, 35.726387, 39.091278>, 0.130000
	pigment { color rgbt <1,0,0,0> }
	no_shadow
}

// nucleotide -1

// particle -1
sphere {
	<33.790325, 35.483135, 39.083775> 0.250000
	pigment { color rgbt <1,0,0,0> }
	no_shadow
}
cylinder {
	<33.721413, 35.861465, 38.973701>,  <33.680065, 36.088463, 38.907658>, 0.100000
	pigment { color rgbt <1,0,0,0> }
	no_shadow
}
cylinder {
	<33.721413, 35.861465, 38.973701>,  <33.790325, 35.483135, 39.083775>, 0.100000
	pigment { color rgbt <1,0,0,0> }
	no_shadow
}

// particle -1
sphere {
	<33.721413, 35.861465, 38.973701> 0.100000
	pigment { color rgbt <1,0,0,0> }
	no_shadow
}
sphere {
	0, 1
	scale<0.080000,0.200000,0.300000>
	matrix <-0.831683, -0.289362, -0.473891,
		-0.527848, 0.147227, 0.836481,
		-0.172276, 0.945830, -0.275186,
		33.669731, 36.145214, 38.891148>
	pigment { color rgbt <0,1,1,0> }
	no_shadow
}
cylinder {
	<33.003414, 35.571041, 39.178295>,  <33.790325, 35.483135, 39.083775>, 0.130000
	pigment { color rgbt <1,0,0,0> }
	no_shadow
}

// nucleotide -1

// particle -1
sphere {
	<33.003414, 35.571041, 39.178295> 0.250000
	pigment { color rgbt <1,0,0,0> }
	no_shadow
}
cylinder {
	<33.135757, 35.855400, 38.930050>,  <33.215164, 36.026016, 38.781101>, 0.100000
	pigment { color rgbt <1,0,0,0> }
	no_shadow
}
cylinder {
	<33.135757, 35.855400, 38.930050>,  <33.003414, 35.571041, 39.178295>, 0.100000
	pigment { color rgbt <1,0,0,0> }
	no_shadow
}

// particle -1
sphere {
	<33.135757, 35.855400, 38.930050> 0.100000
	pigment { color rgbt <1,0,0,0> }
	no_shadow
}
sphere {
	0, 1
	scale<0.080000,0.200000,0.300000>
	matrix <-0.842792, -0.073262, -0.533230,
		-0.424537, 0.699473, 0.574897,
		0.330862, 0.710895, -0.620612,
		33.235016, 36.068668, 38.743866>
	pigment { color rgbt <0,1,1,0> }
	no_shadow
}
cylinder {
	<32.423744, 35.929813, 39.021797>,  <33.003414, 35.571041, 39.178295>, 0.130000
	pigment { color rgbt <1,0,0,0> }
	no_shadow
}

// nucleotide -1

// particle -1
sphere {
	<32.423744, 35.929813, 39.021797> 0.250000
	pigment { color rgbt <1,0,0,0> }
	no_shadow
}
cylinder {
	<32.663609, 36.022053, 38.715275>,  <32.807526, 36.077396, 38.531361>, 0.100000
	pigment { color rgbt <1,0,0,0> }
	no_shadow
}
cylinder {
	<32.663609, 36.022053, 38.715275>,  <32.423744, 35.929813, 39.021797>, 0.100000
	pigment { color rgbt <1,0,0,0> }
	no_shadow
}

// particle -1
sphere {
	<32.663609, 36.022053, 38.715275> 0.100000
	pigment { color rgbt <1,0,0,0> }
	no_shadow
}
sphere {
	0, 1
	scale<0.080000,0.200000,0.300000>
	matrix <-0.768348, -0.101785, -0.631886,
		-0.223714, 0.967710, 0.116147,
		0.599661, 0.230603, -0.766309,
		32.843506, 36.091232, 38.485382>
	pigment { color rgbt <0,1,1,0> }
	no_shadow
}
cylinder {
	<31.967304, 36.215611, 38.618885>,  <32.423744, 35.929813, 39.021797>, 0.130000
	pigment { color rgbt <1,0,0,0> }
	no_shadow
}

// nucleotide -1

// particle -1
sphere {
	<31.967304, 36.215611, 38.618885> 0.250000
	pigment { color rgbt <1,0,0,0> }
	no_shadow
}
cylinder {
	<32.278210, 36.107147, 38.391788>,  <32.464752, 36.042068, 38.255531>, 0.100000
	pigment { color rgbt <1,0,0,0> }
	no_shadow
}
cylinder {
	<32.278210, 36.107147, 38.391788>,  <31.967304, 36.215611, 38.618885>, 0.100000
	pigment { color rgbt <1,0,0,0> }
	no_shadow
}

// particle -1
sphere {
	<32.278210, 36.107147, 38.391788> 0.100000
	pigment { color rgbt <1,0,0,0> }
	no_shadow
}
sphere {
	0, 1
	scale<0.080000,0.200000,0.300000>
	matrix <-0.624592, -0.223814, -0.748192,
		0.075812, 0.936151, -0.343328,
		0.777263, -0.271162, -0.567744,
		32.511387, 36.025799, 38.221466>
	pigment { color rgbt <0,1,1,0> }
	no_shadow
}
cylinder {
	<31.791687, 36.532379, 37.931870>,  <31.967304, 36.215611, 38.618885>, 0.130000
	pigment { color rgbt <1,0,0,0> }
	no_shadow
}

// nucleotide -1

// particle -1
sphere {
	<31.791687, 36.532379, 37.931870> 0.250000
	pigment { color rgbt <1,0,0,0> }
	no_shadow
}
cylinder {
	<32.063686, 36.239750, 37.912251>,  <32.226887, 36.064175, 37.900478>, 0.100000
	pigment { color rgbt <1,0,0,0> }
	no_shadow
}
cylinder {
	<32.063686, 36.239750, 37.912251>,  <31.791687, 36.532379, 37.931870>, 0.100000
	pigment { color rgbt <1,0,0,0> }
	no_shadow
}

// particle -1
sphere {
	<32.063686, 36.239750, 37.912251> 0.100000
	pigment { color rgbt <1,0,0,0> }
	no_shadow
}
sphere {
	0, 1
	scale<0.080000,0.200000,0.300000>
	matrix <-0.456737, -0.370313, -0.808863,
