// switches for output
#declare DRAW_BASES = 1; // possible values are 0, 1; only relevant for DNA ribbons
#declare DRAW_BASES_TYPE = 3; // possible values are 1, 2, 3; only relevant for DNA ribbons
#declare DRAW_FOG = 0; // set to 1 to enable fog

#include "colors.inc"

#include "transforms.inc"
background { rgb <1, 1, 1>}

#default {
   normal{
       ripples 0.25
       frequency 0.20
       turbulence 0.2
       lambda 5
   }
	finish {
		phong 0.1
		phong_size 40.
	}
}

// original window dimensions: 1024x640


// camera settings

camera {
	sky <0, 0.179814, -0.983701>
	up <0, 0.179814, -0.983701>
	right 1.6 * <1, 0, 0>
	location <35, 94.9851, 44.8844>
	look_at <35, 29.7336, 32.9568>
	direction <0, -65.2515, -11.9276>
	angle 67.0682
}


# declare cpy_camera_pos = <35, 94.9851, 44.8844>;
# if (DRAW_FOG = 1)
fog {
	fog_type 2
	up vnormalize(cpy_camera_pos)
	color rgbt<1,1,1,0.3>
	distance 1e-5
	fog_alt 3e-3
	fog_offset 56
}
# end


// LIGHTS

# declare lum = 6;
global_settings {
	ambient_light rgb lum * <0.05, 0.05, 0.05>
	max_trace_level 15
}# declare cpy_direct_light_amount = 0.25;
light_source
{	1000 * <-1, -1.16352, -0.803886>,
	rgb lum * cpy_direct_light_amount
	parallel
}

light_source
{	1000 * <1, 1.16352, 0.803886>,
	rgb lum * cpy_direct_light_amount
	parallel
}

// strand 0

// nucleotide -1

// particle -1
sphere {
	<23.897411, 34.867626, 35.015144> 0.250000
	pigment { color rgbt <1,0,0,0> }
	no_shadow
}
cylinder {
	<24.263727, 35.016243, 34.954109>,  <24.483517, 35.105412, 34.917488>, 0.100000
	pigment { color rgbt <1,0,0,0> }
	no_shadow
}
cylinder {
	<24.263727, 35.016243, 34.954109>,  <23.897411, 34.867626, 35.015144>, 0.100000
	pigment { color rgbt <1,0,0,0> }
	no_shadow
}

// particle -1
sphere {
	<24.263727, 35.016243, 34.954109> 0.100000
	pigment { color rgbt <1,0,0,0> }
	no_shadow
}
sphere {
	0, 1
	scale<0.080000,0.200000,0.300000>
	matrix <0.398846, -0.796362, 0.454675,
		0.047416, -0.477246, -0.877490,
		0.915791, 0.371543, -0.152587,
		24.538464, 35.127705, 34.908333>
	pigment { color rgbt <0,1,1,0> }
	no_shadow
}
cylinder {
	<24.325682, 34.383999, 34.637253>,  <23.897411, 34.867626, 35.015144>, 0.130000
	pigment { color rgbt <1,0,0,0> }
	no_shadow
}

// nucleotide -1

// particle -1
sphere {
	<24.325682, 34.383999, 34.637253> 0.250000
	pigment { color rgbt <1,0,0,0> }
	no_shadow
}
cylinder {
	<24.594662, 34.625275, 34.808819>,  <24.756050, 34.770039, 34.911758>, 0.100000
	pigment { color rgbt <1,0,0,0> }
	no_shadow
}
cylinder {
	<24.594662, 34.625275, 34.808819>,  <24.325682, 34.383999, 34.637253>, 0.100000
	pigment { color rgbt <1,0,0,0> }
	no_shadow
}

// particle -1
sphere {
	<24.594662, 34.625275, 34.808819> 0.100000
	pigment { color rgbt <1,0,0,0> }
	no_shadow
}
sphere {
	0, 1
	scale<0.080000,0.200000,0.300000>
	matrix <0.536015, -0.796503, 0.279771,
		0.510388, 0.041773, -0.858929,
		0.672452, 0.603190, 0.428917,
		24.796398, 34.806232, 34.937492>
	pigment { color rgbt <0,1,1,0> }
	no_shadow
}
cylinder {
	<25.015978, 34.232208, 34.356033>,  <24.325682, 34.383999, 34.637253>, 0.130000
	pigment { color rgbt <1,0,0,0> }
	no_shadow
}

// nucleotide -1

// particle -1
sphere {
	<25.015978, 34.232208, 34.356033> 0.250000
	pigment { color rgbt <1,0,0,0> }
	no_shadow
}
cylinder {
	<25.037722, 34.392769, 34.721748>,  <25.050768, 34.489105, 34.941177>, 0.100000
	pigment { color rgbt <1,0,0,0> }
	no_shadow
}
cylinder {
	<25.037722, 34.392769, 34.721748>,  <25.015978, 34.232208, 34.356033>, 0.100000
	pigment { color rgbt <1,0,0,0> }
	no_shadow
}

// particle -1
sphere {
	<25.037722, 34.392769, 34.721748> 0.100000
	pigment { color rgbt <1,0,0,0> }
	no_shadow
}
sphere {
	0, 1
	scale<0.080000,0.200000,0.300000>
	matrix <0.629098, -0.724830, 0.280816,
		0.775423, 0.559913, -0.291920,
		0.054360, 0.401397, 0.914289,
		25.054029, 34.513187, 34.996037>
	pigment { color rgbt <0,1,1,0> }
	no_shadow
}
cylinder {
	<25.743631, 34.417130, 34.657108>,  <25.015978, 34.232208, 34.356033>, 0.130000
	pigment { color rgbt <1,0,0,0> }
	no_shadow
}

// nucleotide -1

// particle -1
sphere {
	<25.743631, 34.417130, 34.657108> 0.250000
	pigment { color rgbt <1,0,0,0> }
	no_shadow
}
cylinder {
	<25.481941, 34.294010, 34.933441>,  <25.324926, 34.220139, 35.099239>, 0.100000
	pigment { color rgbt <1,0,0,0> }
	no_shadow
}
cylinder {
	<25.481941, 34.294010, 34.933441>,  <25.743631, 34.417130, 34.657108>, 0.100000
	pigment { color rgbt <1,0,0,0> }
	no_shadow
}

// particle -1
sphere {
	<25.481941, 34.294010, 34.933441> 0.100000
	pigment { color rgbt <1,0,0,0> }
	no_shadow
}
sphere {
	0, 1
	scale<0.080000,0.200000,0.300000>
	matrix <0.648061, -0.699039, 0.302262,
		0.389881, 0.645448, 0.656803,
		-0.654225, -0.307803, 0.690831,
		25.285673, 34.201668, 35.140690>
	pigment { color rgbt <0,1,1,0> }
	no_shadow
}
cylinder {
	<26.112116, 34.154190, 35.199051>,  <25.743631, 34.417130, 34.657108>, 0.130000
	pigment { color rgbt <1,0,0,0> }
	no_shadow
}

// nucleotide -1

// particle -1
sphere {
	<26.112116, 34.154190, 35.199051> 0.250000
	pigment { color rgbt <1,0,0,0> }
	no_shadow
}
cylinder {
	<25.757969, 33.982086, 35.269474>,  <25.545481, 33.878822, 35.311729>, 0.100000
	pigment { color rgbt <1,0,0,0> }
	no_shadow
}
cylinder {
	<25.757969, 33.982086, 35.269474>,  <26.112116, 34.154190, 35.199051>, 0.100000
	pigment { color rgbt <1,0,0,0> }
	no_shadow
}

// particle -1
sphere {
	<25.757969, 33.982086, 35.269474> 0.100000
	pigment { color rgbt <1,0,0,0> }
	no_shadow
}
sphere {
	0, 1
	scale<0.080000,0.200000,0.300000>
	matrix <0.463771, -0.791166, 0.398714,
		-0.032258, 0.434661, 0.900016,
		-0.885368, -0.430263, 0.176061,
		25.492359, 33.853008, 35.322292>
	pigment { color rgbt <0,1,1,0> }
	no_shadow
}
cylinder {
	<26.220894, 33.790169, 34.521255>,  <26.112116, 34.154190, 35.199051>, 0.130000
	pigment { color rgbt <1,0,0,0> }
	no_shadow
}

// nucleotide -1

// particle -1
sphere {
	<26.220894, 33.790169, 34.521255> 0.250000
	pigment { color rgbt <1,0,0,0> }
	no_shadow
}
cylinder {
	<26.614195, 33.736908, 34.571037>,  <26.850176, 33.704952, 34.600906>, 0.100000
	pigment { color rgbt <1,0,0,0> }
	no_shadow
}
cylinder {
	<26.614195, 33.736908, 34.571037>,  <26.220894, 33.790169, 34.521255>, 0.100000
	pigment { color rgbt <1,0,0,0> }
	no_shadow
}

// particle -1
sphere {
	<26.614195, 33.736908, 34.571037> 0.100000
	pigment { color rgbt <1,0,0,0> }
	no_shadow
}
sphere {
	0, 1
	scale<0.080000,0.200000,0.300000>
	matrix <-0.180606, -0.620172, 0.763393,
		-0.024461, -0.773084, -0.633832,
		0.983251, -0.133147, 0.124454,
		26.909170, 33.696964, 34.608372>
	pigment { color rgbt <0,1,1,0> }
	no_shadow
}
cylinder {
	<26.286846, 33.100346, 34.716248>,  <26.220894, 33.790169, 34.521255>, 0.130000
	pigment { color rgbt <1,0,0,0> }
	no_shadow
}

// nucleotide -1

// particle -1
sphere {
	<26.286846, 33.100346, 34.716248> 0.250000
	pigment { color rgbt <1,0,0,0> }
	no_shadow
}
cylinder {
	<26.630205, 33.280914, 34.813717>,  <26.836220, 33.389256, 34.872196>, 0.100000
	pigment { color rgbt <1,0,0,0> }
	no_shadow
}
cylinder {
	<26.630205, 33.280914, 34.813717>,  <26.286846, 33.100346, 34.716248>, 0.100000
	pigment { color rgbt <1,0,0,0> }
	no_shadow
}

// particle -1
sphere {
	<26.630205, 33.280914, 34.813717> 0.100000
	pigment { color rgbt <1,0,0,0> }
	no_shadow
}
sphere {
	0, 1
	scale<0.080000,0.200000,0.300000>
	matrix <-0.014038, -0.454155, 0.890812,
		0.512792, -0.768092, -0.383509,
		0.858398, 0.451418, 0.243669,
		26.887724, 33.416340, 34.886818>
	pigment { color rgbt <0,1,1,0> }
	no_shadow
}
cylinder {
	<26.639280, 32.638138, 34.977879>,  <26.286846, 33.100346, 34.716248>, 0.130000
	pigment { color rgbt <1,0,0,0> }
	no_shadow
}

// nucleotide -1

// particle -1
sphere {
	<26.639280, 32.638138, 34.977879> 0.250000
	pigment { color rgbt <1,0,0,0> }
	no_shadow
}
cylinder {
	<26.832315, 32.954384, 35.128632>,  <26.948137, 33.144131, 35.219086>, 0.100000
	pigment { color rgbt <1,0,0,0> }
	no_shadow
}
cylinder {
	<26.832315, 32.954384, 35.128632>,  <26.639280, 32.638138, 34.977879>, 0.100000
	pigment { color rgbt <1,0,0,0> }
	no_shadow
}

// particle -1
sphere {
	<26.832315, 32.954384, 35.128632> 0.100000
	pigment { color rgbt <1,0,0,0> }
	no_shadow
}
sphere {
	0, 1
	scale<0.080000,0.200000,0.300000>
	matrix <0.021467, -0.440859, 0.897319,
		0.875584, -0.424945, -0.229726,
		0.482588, 0.790610, 0.376887,
		26.977093, 33.191566, 35.241699>
	pigment { color rgbt <0,1,1,0> }
	no_shadow
}
cylinder {
	<27.290344, 32.355076, 35.276382>,  <26.639280, 32.638138, 34.977879>, 0.130000
	pigment { color rgbt <1,0,0,0> }
	no_shadow
}

// nucleotide -1

// particle -1
sphere {
	<27.290344, 32.355076, 35.276382> 0.250000
	pigment { color rgbt <1,0,0,0> }
	no_shadow
}
cylinder {
	<27.281118, 32.678383, 35.511726>,  <27.275583, 32.872368, 35.652931>, 0.100000
	pigment { color rgbt <1,0,0,0> }
	no_shadow
}
cylinder {
	<27.281118, 32.678383, 35.511726>,  <27.290344, 32.355076, 35.276382>, 0.100000
	pigment { color rgbt <1,0,0,0> }
	no_shadow
}

// particle -1
sphere {
	<27.281118, 32.678383, 35.511726> 0.100000
	pigment { color rgbt <1,0,0,0> }
	no_shadow
}
sphere {
	0, 1
	scale<0.080000,0.200000,0.300000>
	matrix <-0.414377, -0.543311, 0.730140,
		0.909813, -0.226964, 0.347458,
		-0.023062, 0.808270, 0.588361,
		27.274200, 32.920864, 35.688236>
	pigment { color rgbt <0,1,1,0> }
	no_shadow
}
cylinder {
	<27.534939, 32.182499, 35.925350>,  <27.290344, 32.355076, 35.276382>, 0.130000
	pigment { color rgbt <1,0,0,0> }
	no_shadow
}

// nucleotide -1

// particle -1
sphere {
	<27.534939, 32.182499, 35.925350> 0.250000
	pigment { color rgbt <1,0,0,0> }
	no_shadow
}
cylinder {
	<27.321985, 32.510517, 36.009342>,  <27.194212, 32.707329, 36.059738>, 0.100000
	pigment { color rgbt <1,0,0,0> }
	no_shadow
}
cylinder {
	<27.321985, 32.510517, 36.009342>,  <27.534939, 32.182499, 35.925350>, 0.100000
	pigment { color rgbt <1,0,0,0> }
	no_shadow
}

// particle -1
sphere {
	<27.321985, 32.510517, 36.009342> 0.100000
	pigment { color rgbt <1,0,0,0> }
	no_shadow
}
sphere {
	0, 1
	scale<0.080000,0.200000,0.300000>
	matrix <-0.225957, -0.376719, 0.898346,
		0.815788, 0.430820, 0.385855,
		-0.532385, 0.820047, 0.209976,
		27.162270, 32.756531, 36.072334>
	pigment { color rgbt <0,1,1,0> }
	no_shadow
}
cylinder {
	<27.603058, 32.234882, 36.674431>,  <27.534939, 32.182499, 35.925350>, 0.130000
	pigment { color rgbt <1,0,0,0> }
	no_shadow
}

// nucleotide -1

// particle -1
sphere {
	<27.603058, 32.234882, 36.674431> 0.250000
	pigment { color rgbt <1,0,0,0> }
	no_shadow
}
cylinder {
	<27.291416, 32.476212, 36.606308>,  <27.104431, 32.621010, 36.565434>, 0.100000
	pigment { color rgbt <1,0,0,0> }
	no_shadow
}
cylinder {
	<27.291416, 32.476212, 36.606308>,  <27.603058, 32.234882, 36.674431>, 0.100000
	pigment { color rgbt <1,0,0,0> }
	no_shadow
}

// particle -1
sphere {
	<27.291416, 32.476212, 36.606308> 0.100000
	pigment { color rgbt <1,0,0,0> }
	no_shadow
}
sphere {
	0, 1
	scale<0.080000,0.200000,0.300000>
	matrix <-0.453398, -0.354681, 0.817699,
		0.432930, 0.714287, 0.549878,
		-0.779103, 0.603320, -0.170305,
		27.057686, 32.657207, 36.555218>
	pigment { color rgbt <0,1,1,0> }
	no_shadow
}
cylinder {
	<27.450077, 32.616283, 37.356461>,  <27.603058, 32.234882, 36.674431>, 0.130000
	pigment { color rgbt <1,0,0,0> }
	no_shadow
}

// nucleotide -1

// particle -1
sphere {
	<27.450077, 32.616283, 37.356461> 0.250000
	pigment { color rgbt <1,0,0,0> }
	no_shadow
}
cylinder {
	<27.105032, 32.630573, 37.154617>,  <26.898005, 32.639149, 37.033512>, 0.100000
	pigment { color rgbt <1,0,0,0> }
	no_shadow
}
cylinder {
	<27.105032, 32.630573, 37.154617>,  <27.450077, 32.616283, 37.356461>, 0.100000
	pigment { color rgbt <1,0,0,0> }
	no_shadow
}

// particle -1
sphere {
	<27.105032, 32.630573, 37.154617> 0.100000
	pigment { color rgbt <1,0,0,0> }
	no_shadow
}
sphere {
	0, 1
	scale<0.080000,0.200000,0.300000>
	matrix <-0.484819, -0.343123, 0.804498,
		-0.144400, 0.938611, 0.313303,
		-0.862612, 0.035726, -0.504604,
		26.846249, 32.641293, 37.003235>
	pigment { color rgbt <0,1,1,0> }
	no_shadow
}
cylinder {
	<26.948082, 32.868385, 37.887722>,  <27.450077, 32.616283, 37.356461>, 0.130000
	pigment { color rgbt <1,0,0,0> }
	no_shadow
}

// nucleotide -1

// particle -1
sphere {
	<26.948082, 32.868385, 37.887722> 0.250000
	pigment { color rgbt <1,0,0,0> }
	no_shadow
}
cylinder {
	<26.735455, 32.705063, 37.590878>,  <26.607878, 32.607071, 37.412773>, 0.100000
	pigment { color rgbt <1,0,0,0> }
	no_shadow
}
cylinder {
	<26.735455, 32.705063, 37.590878>,  <26.948082, 32.868385, 37.887722>, 0.100000
	pigment { color rgbt <1,0,0,0> }
	no_shadow
}

// particle -1
sphere {
	<26.735455, 32.705063, 37.590878> 0.100000
	pigment { color rgbt <1,0,0,0> }
	no_shadow
}
sphere {
	0, 1
	scale<0.080000,0.200000,0.300000>
	matrix <-0.558170, -0.490136, 0.669487,
		-0.637089, 0.770099, 0.032637,
		-0.531568, -0.408306, -0.742107,
		26.575985, 32.582573, 37.368244>
	pigment { color rgbt <0,1,1,0> }
	no_shadow
}
cylinder {
	<26.205582, 32.992107, 38.092754>,  <26.948082, 32.868385, 37.887722>, 0.130000
	pigment { color rgbt <1,0,0,0> }
	no_shadow
}

// nucleotide -1

// particle -1
sphere {
	<26.205582, 32.992107, 38.092754> 0.250000
	pigment { color rgbt <1,0,0,0> }
	no_shadow
}
cylinder {
	<26.186514, 32.721725, 37.798595>,  <26.175074, 32.559498, 37.622101>, 0.100000
	pigment { color rgbt <1,0,0,0> }
	no_shadow
}
cylinder {
	<26.186514, 32.721725, 37.798595>,  <26.205582, 32.992107, 38.092754>, 0.100000
	pigment { color rgbt <1,0,0,0> }
	no_shadow
}

// particle -1
sphere {
	<26.186514, 32.721725, 37.798595> 0.100000
	pigment { color rgbt <1,0,0,0> }
	no_shadow
}
sphere {
	0, 1
	scale<0.080000,0.200000,0.300000>
	matrix <-0.629417, -0.551351, 0.547583,
		-0.775605, 0.488974, -0.399176,
		-0.047668, -0.675956, -0.735399,
		26.172215, 32.518940, 37.577976>
	pigment { color rgbt <0,1,1,0> }
	no_shadow
}
cylinder {
	<25.454865, 32.961330, 37.865852>,  <26.205582, 32.992107, 38.092754>, 0.130000
	pigment { color rgbt <1,0,0,0> }
	no_shadow
}

// nucleotide -1

// particle -1
sphere {
	<25.454865, 32.961330, 37.865852> 0.250000
	pigment { color rgbt <1,0,0,0> }
	no_shadow
}
cylinder {
	<25.636381, 32.615726, 37.778618>,  <25.745291, 32.408363, 37.726276>, 0.100000
	pigment { color rgbt <1,0,0,0> }
	no_shadow
}
cylinder {
	<25.636381, 32.615726, 37.778618>,  <25.454865, 32.961330, 37.865852>, 0.100000
	pigment { color rgbt <1,0,0,0> }
	no_shadow
}

// particle -1
sphere {
	<25.636381, 32.615726, 37.778618> 0.100000
	pigment { color rgbt <1,0,0,0> }
	no_shadow
}
sphere {
	0, 1
	scale<0.080000,0.200000,0.300000>
	matrix <-0.624427, -0.482918, 0.613906,
		-0.635738, -0.142407, -0.758655,
		0.453792, -0.864008, -0.218086,
		25.772518, 32.356525, 37.713192>
	pigment { color rgbt <0,1,1,0> }
	no_shadow
}
cylinder {
	<24.969498, 32.386497, 38.007088>,  <25.454865, 32.961330, 37.865852>, 0.130000
	pigment { color rgbt <1,0,0,0> }
	no_shadow
}

// nucleotide -1

// particle -1
sphere {
	<24.969498, 32.386497, 38.007088> 0.250000
	pigment { color rgbt <1,0,0,0> }
	no_shadow
}
cylinder {
	<25.316381, 32.191147, 37.968235>,  <25.524511, 32.073936, 37.944923>, 0.100000
	pigment { color rgbt <1,0,0,0> }
	no_shadow
}
cylinder {
	<25.316381, 32.191147, 37.968235>,  <24.969498, 32.386497, 38.007088>, 0.100000
	pigment { color rgbt <1,0,0,0> }
	no_shadow
}

// particle -1
sphere {
	<25.316381, 32.191147, 37.968235> 0.100000
	pigment { color rgbt <1,0,0,0> }
	no_shadow
}
sphere {
	0, 1
	scale<0.080000,0.200000,0.300000>
	matrix <-0.313170, -0.686596, 0.656132,
		-0.387131, -0.538586, -0.748368,
		0.867211, -0.488376, -0.097134,
		25.576544, 32.044636, 37.939095>
	pigment { color rgbt <0,1,1,0> }
	no_shadow
}
cylinder {
	<24.811855, 31.734690, 37.886238>,  <24.969498, 32.386497, 38.007088>, 0.130000
	pigment { color rgbt <1,0,0,0> }
	no_shadow
}

// nucleotide -1

// particle -1
sphere {
	<24.811855, 31.734690, 37.886238> 0.250000
	pigment { color rgbt <1,0,0,0> }
	no_shadow
}
cylinder {
	<25.176809, 31.684683, 38.042149>,  <25.395782, 31.654678, 38.135693>, 0.100000
	pigment { color rgbt <1,0,0,0> }
	no_shadow
}
cylinder {
	<25.176809, 31.684683, 38.042149>,  <24.811855, 31.734690, 37.886238>, 0.100000
	pigment { color rgbt <1,0,0,0> }
	no_shadow
}

// particle -1
sphere {
	<25.176809, 31.684683, 38.042149> 0.100000
	pigment { color rgbt <1,0,0,0> }
	no_shadow
}
sphere {
	0, 1
	scale<0.080000,0.200000,0.300000>
	matrix <-0.352381, -0.724410, 0.592501,
		0.208283, -0.677938, -0.704995,
		0.912385, -0.125019, 0.389775,
		25.450525, 31.647177, 38.159081>
	pigment { color rgbt <0,1,1,0> }
	no_shadow
}
cylinder {
	<25.076229, 30.973156, 37.932186>,  <24.811855, 31.734690, 37.886238>, 0.130000
	pigment { color rgbt <1,0,0,0> }
	no_shadow
}

// nucleotide -1

// particle -1
sphere {
	<25.076229, 30.973156, 37.932186> 0.250000
	pigment { color rgbt <1,0,0,0> }
	no_shadow
}
cylinder {
	<25.303894, 31.154942, 38.206272>,  <25.440493, 31.264013, 38.370724>, 0.100000
	pigment { color rgbt <1,0,0,0> }
	no_shadow
}
cylinder {
	<25.303894, 31.154942, 38.206272>,  <25.076229, 30.973156, 37.932186>, 0.100000
	pigment { color rgbt <1,0,0,0> }
	no_shadow
}

// particle -1
sphere {
	<25.303894, 31.154942, 38.206272> 0.100000
	pigment { color rgbt <1,0,0,0> }
	no_shadow
}
sphere {
	0, 1
	scale<0.080000,0.200000,0.300000>
	matrix <-0.219824, -0.718925, 0.659412,
		0.792296, -0.525939, -0.309282,
		0.569161, 0.454462, 0.685215,
		25.474642, 31.291281, 38.411839>
	pigment { color rgbt <0,1,1,0> }
	no_shadow
}
cylinder {
	<25.564236, 30.547104, 38.097099>,  <25.076229, 30.973156, 37.932186>, 0.130000
	pigment { color rgbt <1,0,0,0> }
	no_shadow
}

// nucleotide -1

// particle -1
sphere {
	<25.564236, 30.547104, 38.097099> 0.250000
	pigment { color rgbt <1,0,0,0> }
	no_shadow
}
cylinder {
	<25.586386, 30.786961, 38.416439>,  <25.599676, 30.930874, 38.608044>, 0.100000
	pigment { color rgbt <1,0,0,0> }
	no_shadow
}
cylinder {
	<25.586386, 30.786961, 38.416439>,  <25.564236, 30.547104, 38.097099>, 0.100000
	pigment { color rgbt <1,0,0,0> }
	no_shadow
}

// particle -1
sphere {
	<25.586386, 30.786961, 38.416439> 0.100000
	pigment { color rgbt <1,0,0,0> }
	no_shadow
}
sphere {
	0, 1
	scale<0.080000,0.200000,0.300000>
	matrix <-0.222115, -0.772145, 0.595363,
		0.973447, -0.210293, 0.090433,
		0.055373, 0.599641, 0.798351,
		25.602997, 30.966852, 38.655945>
	pigment { color rgbt <0,1,1,0> }
	no_shadow
}
cylinder {
	<26.101204, 30.247501, 38.620369>,  <25.564236, 30.547104, 38.097099>, 0.130000
	pigment { color rgbt <1,0,0,0> }
	no_shadow
}

// nucleotide -1

// particle -1
sphere {
	<26.101204, 30.247501, 38.620369> 0.250000
	pigment { color rgbt <1,0,0,0> }
	no_shadow
}
cylinder {
	<25.884541, 30.491108, 38.852131>,  <25.754543, 30.637272, 38.991188>, 0.100000
	pigment { color rgbt <1,0,0,0> }
	no_shadow
}
cylinder {
	<25.884541, 30.491108, 38.852131>,  <26.101204, 30.247501, 38.620369>, 0.100000
	pigment { color rgbt <1,0,0,0> }
	no_shadow
}

// particle -1
sphere {
	<25.884541, 30.491108, 38.852131> 0.100000
	pigment { color rgbt <1,0,0,0> }
	no_shadow
}
sphere {
	0, 1
	scale<0.080000,0.200000,0.300000>
	matrix <0.022388, -0.678574, 0.734191,
		0.840301, 0.410651, 0.353920,
		-0.541657, 0.609018, 0.579400,
		25.722044, 30.673813, 39.025951>
	pigment { color rgbt <0,1,1,0> }
	no_shadow
}
cylinder {
	<26.429987, 30.198610, 39.236137>,  <26.101204, 30.247501, 38.620369>, 0.130000
	pigment { color rgbt <1,0,0,0> }
	no_shadow
}

// nucleotide -1

// particle -1
sphere {
	<26.429987, 30.198610, 39.236137> 0.250000
	pigment { color rgbt <1,0,0,0> }
	no_shadow
}
cylinder {
	<26.075033, 30.345232, 39.347984>,  <25.862061, 30.433205, 39.415092>, 0.100000
	pigment { color rgbt <1,0,0,0> }
	no_shadow
}
cylinder {
	<26.075033, 30.345232, 39.347984>,  <26.429987, 30.198610, 39.236137>, 0.100000
	pigment { color rgbt <1,0,0,0> }
	no_shadow
}

// particle -1
sphere {
	<26.075033, 30.345232, 39.347984> 0.100000
	pigment { color rgbt <1,0,0,0> }
	no_shadow
}
sphere {
	0, 1
	scale<0.080000,0.200000,0.300000>
	matrix <0.072494, -0.488015, 0.869819,
		0.455292, 0.792136, 0.406485,
		-0.887386, 0.366554, 0.279615,
		25.808817, 30.455198, 39.431870>
	pigment { color rgbt <0,1,1,0> }
	no_shadow
}
cylinder {
	<26.518003, 30.629425, 39.866005>,  <26.429987, 30.198610, 39.236137>, 0.130000
	pigment { color rgbt <1,0,0,0> }
	no_shadow
}

// nucleotide -1

// particle -1
sphere {
	<26.518003, 30.629425, 39.866005> 0.250000
	pigment { color rgbt <1,0,0,0> }
	no_shadow
}
cylinder {
	<26.150501, 30.473999, 39.837986>,  <25.930000, 30.380743, 39.821175>, 0.100000
	pigment { color rgbt <1,0,0,0> }
	no_shadow
}
cylinder {
	<26.150501, 30.473999, 39.837986>,  <26.518003, 30.629425, 39.866005>, 0.100000
	pigment { color rgbt <1,0,0,0> }
	no_shadow
}

// particle -1
sphere {
	<26.150501, 30.473999, 39.837986> 0.100000
	pigment { color rgbt <1,0,0,0> }
	no_shadow
}
sphere {
	0, 1
	scale<0.080000,0.200000,0.300000>
	matrix <0.075783, -0.347657, 0.934554,
		-0.387487, 0.853318, 0.348859,
		-0.918755, -0.388565, -0.070045,
		25.874874, 30.357430, 39.816971>
	pigment { color rgbt <0,1,1,0> }
	no_shadow
}
cylinder {
	<26.400591, 30.452909, 40.562798>,  <26.518003, 30.629425, 39.866005>, 0.130000
	pigment { color rgbt <1,0,0,0> }
	no_shadow
}

// nucleotide -1

// particle -1
sphere {
	<26.400591, 30.452909, 40.562798> 0.250000
	pigment { color rgbt <1,0,0,0> }
	no_shadow
}
cylinder {
	<26.067856, 30.310253, 40.392689>,  <25.868216, 30.224659, 40.290623>, 0.100000
	pigment { color rgbt <1,0,0,0> }
	no_shadow
}
cylinder {
	<26.067856, 30.310253, 40.392689>,  <26.400591, 30.452909, 40.562798>, 0.100000
	pigment { color rgbt <1,0,0,0> }
	no_shadow
}

// particle -1
sphere {
	<26.067856, 30.310253, 40.392689> 0.100000
	pigment { color rgbt <1,0,0,0> }
	no_shadow
}
sphere {
	0, 1
	scale<0.080000,0.200000,0.300000>
	matrix <-0.137562, -0.609836, 0.780497,
		-0.537702, 0.707747, 0.458224,
		-0.831837, -0.356641, -0.425270,
		25.818304, 30.203260, 40.265106>
	pigment { color rgbt <0,1,1,0> }
	no_shadow
}
cylinder {
	<25.861811, 30.359846, 41.122883>,  <26.400591, 30.452909, 40.562798>, 0.130000
	pigment { color rgbt <1,0,0,0> }
	no_shadow
}

// nucleotide -1

// particle -1
sphere {
	<25.861811, 30.359846, 41.122883> 0.250000
	pigment { color rgbt <1,0,0,0> }
	no_shadow
}
cylinder {
	<25.749655, 30.121124, 40.822163>,  <25.682362, 29.977890, 40.641731>, 0.100000
	pigment { color rgbt <1,0,0,0> }
	no_shadow
}
cylinder {
	<25.749655, 30.121124, 40.822163>,  <25.861811, 30.359846, 41.122883>, 0.100000
	pigment { color rgbt <1,0,0,0> }
	no_shadow
}

// particle -1
sphere {
	<25.749655, 30.121124, 40.822163> 0.100000
	pigment { color rgbt <1,0,0,0> }
	no_shadow
}
sphere {
	0, 1
	scale<0.080000,0.200000,0.300000>
	matrix <-0.296675, -0.690989, 0.659180,
		-0.912889, 0.407868, 0.016689,
		-0.280390, -0.596807, -0.751800,
		25.665537, 29.942081, 40.596622>
	pigment { color rgbt <0,1,1,0> }
	no_shadow
}
cylinder {
	<25.145790, 30.080540, 41.291431>,  <25.861811, 30.359846, 41.122883>, 0.130000
	pigment { color rgbt <1,0,0,0> }
	no_shadow
}

// nucleotide -1

// particle -1
sphere {
	<25.145790, 30.080540, 41.291431> 0.250000
	pigment { color rgbt <1,0,0,0> }
	no_shadow
}
cylinder {
	<25.358948, 29.837639, 41.055714>,  <25.486841, 29.691898, 40.914284>, 0.100000
	pigment { color rgbt <1,0,0,0> }
	no_shadow
}
cylinder {
	<25.358948, 29.837639, 41.055714>,  <25.145790, 30.080540, 41.291431>, 0.100000
	pigment { color rgbt <1,0,0,0> }
	no_shadow
}

// particle -1
sphere {
	<25.358948, 29.837639, 41.055714> 0.100000
	pigment { color rgbt <1,0,0,0> }
	no_shadow
}
sphere {
	0, 1
	scale<0.080000,0.200000,0.300000>
	matrix <-0.211121, -0.769806, 0.602351,
		-0.819422, -0.196577, -0.538428,
		0.532894, -0.607253, -0.589294,
		25.518816, 29.655462, 40.878925>
	pigment { color rgbt <0,1,1,0> }
	no_shadow
}
cylinder {
	<24.772676, 29.450562, 41.071907>,  <25.145790, 30.080540, 41.291431>, 0.130000
	pigment { color rgbt <1,0,0,0> }
	no_shadow
}

// nucleotide -1

// particle -1
sphere {
	<24.772676, 29.450562, 41.071907> 0.250000
	pigment { color rgbt <1,0,0,0> }
	no_shadow
}
cylinder {
	<25.161493, 29.379852, 41.133732>,  <25.394783, 29.337427, 41.170826>, 0.100000
	pigment { color rgbt <1,0,0,0> }
	no_shadow
}
cylinder {
	<25.161493, 29.379852, 41.133732>,  <24.772676, 29.450562, 41.071907>, 0.100000
	pigment { color rgbt <1,0,0,0> }
	no_shadow
}

// particle -1
sphere {
	<25.161493, 29.379852, 41.133732> 0.100000
	pigment { color rgbt <1,0,0,0> }
	no_shadow
}
sphere {
	0, 1
	scale<0.080000,0.200000,0.300000>
	matrix <-0.233543, -0.659361, 0.714633,
		-0.024414, -0.730749, -0.682209,
		0.972040, -0.176772, 0.154564,
		25.453106, 29.326820, 41.180099>
	pigment { color rgbt <0,1,1,0> }
	no_shadow
}
cylinder {
	<24.846949, 28.669720, 41.180061>,  <24.772676, 29.450562, 41.071907>, 0.130000
	pigment { color rgbt <1,0,0,0> }
	no_shadow
}

// nucleotide -1

// particle -1
sphere {
	<24.846949, 28.669720, 41.180061> 0.250000
	pigment { color rgbt <1,0,0,0> }
	no_shadow
}
cylinder {
	<25.111881, 28.908251, 41.361481>,  <25.270842, 29.051371, 41.470333>, 0.100000
	pigment { color rgbt <1,0,0,0> }
	no_shadow
}
cylinder {
	<25.111881, 28.908251, 41.361481>,  <24.846949, 28.669720, 41.180061>, 0.100000
	pigment { color rgbt <1,0,0,0> }
	no_shadow
}

// particle -1
sphere {
	<25.111881, 28.908251, 41.361481> 0.100000
	pigment { color rgbt <1,0,0,0> }
	no_shadow
}
sphere {
	0, 1
	scale<0.080000,0.200000,0.300000>
	matrix <-0.007457, -0.600093, 0.799896,
		0.749173, -0.533179, -0.393014,
		0.662333, 0.596329, 0.453549,
		25.310581, 29.087149, 41.497547>
	pigment { color rgbt <0,1,1,0> }
	no_shadow
}
cylinder {
	<24.873495, 27.897228, 41.141300>,  <24.846949, 28.669720, 41.180061>, 0.130000
	pigment { color rgbt <1,0,0,0> }
	no_shadow
}

// nucleotide -1

// particle -1
sphere {
	<24.873495, 27.897228, 41.141300> 0.250000
	pigment { color rgbt <1,0,0,0> }
	no_shadow
}
cylinder {
	<24.656315, 27.576015, 41.043041>,  <24.526007, 27.383287, 40.984085>, 0.100000
	pigment { color rgbt <1,0,0,0> }
	no_shadow
}
cylinder {
	<24.656315, 27.576015, 41.043041>,  <24.873495, 27.897228, 41.141300>, 0.100000
	pigment { color rgbt <1,0,0,0> }
	no_shadow
}

// particle -1
sphere {
	<24.656315, 27.576015, 41.043041> 0.100000
	pigment { color rgbt <1,0,0,0> }
	no_shadow
}
sphere {
	0, 1
	scale<0.080000,0.200000,0.300000>
	matrix <-0.136867, -0.203989, 0.969359,
		-0.828535, 0.559937, 0.000847,
		-0.542953, -0.803031, -0.245649,
		24.493429, 27.335106, 40.969345>
	pigment { color rgbt <0,1,1,0> }
	no_shadow
}
cylinder {
	<25.448053, 28.023357, 41.667801>,  <24.873495, 27.897228, 41.141300>, 0.130000
	pigment { color rgbt <1,0,0,0> }
	no_shadow
}

// nucleotide -1

// particle -1
sphere {
	<25.448053, 28.023357, 41.667801> 0.250000
	pigment { color rgbt <1,0,0,0> }
	no_shadow
}
cylinder {
	<25.598967, 27.808842, 41.969810>,  <25.689514, 27.680132, 42.151016>, 0.100000
	pigment { color rgbt <1,0,0,0> }
	no_shadow
}
cylinder {
	<25.598967, 27.808842, 41.969810>,  <25.448053, 28.023357, 41.667801>, 0.100000
	pigment { color rgbt <1,0,0,0> }
	no_shadow
}

// particle -1
sphere {
	<25.598967, 27.808842, 41.969810> 0.100000
	pigment { color rgbt <1,0,0,0> }
	no_shadow
}
sphere {
	0, 1
	scale<0.080000,0.200000,0.300000>
	matrix <0.647232, -0.430422, -0.629148,
		0.662381, 0.726039, 0.184712,
		0.377282, -0.536287, 0.755019,
		25.712151, 27.647955, 42.196316>
	pigment { color rgbt <0,1,1,0> }
	no_shadow
}
cylinder {
	<26.133356, 28.084354, 41.725712>,  <25.448053, 28.023357, 41.667801>, 0.130000
	pigment { color rgbt <1,0,0,0> }
	no_shadow
}

// nucleotide -1

// particle -1
sphere {
	<26.133356, 28.084354, 41.725712> 0.250000
	pigment { color rgbt <1,0,0,0> }
	no_shadow
}
cylinder {
	<26.007549, 27.727783, 41.856209>,  <25.932064, 27.513840, 41.934505>, 0.100000
	pigment { color rgbt <1,0,0,0> }
	no_shadow
}
cylinder {
	<26.007549, 27.727783, 41.856209>,  <26.133356, 28.084354, 41.725712>, 0.100000
	pigment { color rgbt <1,0,0,0> }
	no_shadow
}

// particle -1
sphere {
	<26.007549, 27.727783, 41.856209> 0.100000
	pigment { color rgbt <1,0,0,0> }
	no_shadow
}
sphere {
	0, 1
	scale<0.080000,0.200000,0.300000>
	matrix <0.611649, -0.453139, -0.648499,
		0.725923, -0.004420, 0.687762,
		-0.314518, -0.891429, 0.326241,
		25.913195, 27.460354, 41.954082>
	pigment { color rgbt <0,1,1,0> }
	no_shadow
}
cylinder {
	<26.734205, 28.175385, 41.286419>,  <26.133356, 28.084354, 41.725712>, 0.130000
	pigment { color rgbt <1,0,0,0> }
	no_shadow
}

// nucleotide -1

// particle -1
sphere {
	<26.734205, 28.175385, 41.286419> 0.250000
	pigment { color rgbt <1,0,0,0> }
	no_shadow
}
cylinder {
	<27.087450, 28.352455, 41.224258>,  <27.299397, 28.458696, 41.186962>, 0.100000
	pigment { color rgbt <1,0,0,0> }
	no_shadow
}
cylinder {
	<27.087450, 28.352455, 41.224258>,  <26.734205, 28.175385, 41.286419>, 0.100000
	pigment { color rgbt <1,0,0,0> }
	no_shadow
}

// particle -1
sphere {
	<27.087450, 28.352455, 41.224258> 0.100000
	pigment { color rgbt <1,0,0,0> }
	no_shadow
}
sphere {
	0, 1
	scale<0.080000,0.200000,0.300000>
	matrix <-0.430804, 0.896310, 0.105056,
		0.185794, -0.025828, 0.982249,
		0.883113, 0.442675, -0.155402,
		27.352385, 28.485258, 41.177639>
	pigment { color rgbt <0,1,1,0> }
	no_shadow
}
cylinder {
	<26.995827, 28.559935, 41.885868>,  <26.734205, 28.175385, 41.286419>, 0.130000
	pigment { color rgbt <1,0,0,0> }
	no_shadow
}

// nucleotide -1

// particle -1
sphere {
	<26.995827, 28.559935, 41.885868> 0.250000
	pigment { color rgbt <1,0,0,0> }
	no_shadow
}
cylinder {
	<27.292049, 28.695431, 42.118015>,  <27.469784, 28.776728, 42.257305>, 0.100000
	pigment { color rgbt <1,0,0,0> }
	no_shadow
}
cylinder {
	<27.292049, 28.695431, 42.118015>,  <26.995827, 28.559935, 41.885868>, 0.100000
	pigment { color rgbt <1,0,0,0> }
	no_shadow
}

// particle -1
sphere {
	<27.292049, 28.695431, 42.118015> 0.100000
	pigment { color rgbt <1,0,0,0> }
	no_shadow
}
sphere {
	0, 1
	scale<0.080000,0.200000,0.300000>
	matrix <0.049437, 0.833852, -0.549769,
		-0.670171, 0.435828, 0.600770,
		0.740558, 0.338739, 0.580370,
		27.514217, 28.797052, 42.292126>
	pigment { color rgbt <0,1,1,0> }
	no_shadow
}
cylinder {
	<26.816753, 29.275316, 42.012291>,  <26.995827, 28.559935, 41.885868>, 0.130000
	pigment { color rgbt <1,0,0,0> }
	no_shadow
}

// nucleotide -1

// particle -1
sphere {
	<26.816753, 29.275316, 42.012291> 0.250000
	pigment { color rgbt <1,0,0,0> }
	no_shadow
}
cylinder {
	<27.205112, 29.180548, 42.026287>,  <27.438128, 29.123686, 42.034683>, 0.100000
	pigment { color rgbt <1,0,0,0> }
	no_shadow
}
cylinder {
	<27.205112, 29.180548, 42.026287>,  <26.816753, 29.275316, 42.012291>, 0.100000
	pigment { color rgbt <1,0,0,0> }
	no_shadow
}

// particle -1
sphere {
	<27.205112, 29.180548, 42.026287> 0.100000
	pigment { color rgbt <1,0,0,0> }
	no_shadow
}
sphere {
	0, 1
	scale<0.080000,0.200000,0.300000>
	matrix <0.197953, 0.711652, -0.674067,
		0.134799, 0.661378, 0.737841,
		0.970899, -0.236921, 0.034992,
		27.496382, 29.109472, 42.036785>
	pigment { color rgbt <0,1,1,0> }
	no_shadow
}
cylinder {
	<27.232655, 29.916107, 41.962372>,  <26.816753, 29.275316, 42.012291>, 0.130000
	pigment { color rgbt <1,0,0,0> }
	no_shadow
}

// nucleotide -1

// particle -1
sphere {
	<27.232655, 29.916107, 41.962372> 0.250000
	pigment { color rgbt <1,0,0,0> }
	no_shadow
}
cylinder {
	<27.471334, 29.621744, 41.834381>,  <27.614542, 29.445126, 41.757587>, 0.100000
	pigment { color rgbt <1,0,0,0> }
	no_shadow
}
cylinder {
	<27.471334, 29.621744, 41.834381>,  <27.232655, 29.916107, 41.962372>, 0.100000
	pigment { color rgbt <1,0,0,0> }
	no_shadow
}

// particle -1
sphere {
	<27.471334, 29.621744, 41.834381> 0.100000
	pigment { color rgbt <1,0,0,0> }
	no_shadow
}
sphere {
	0, 1
	scale<0.080000,0.200000,0.300000>
	matrix <0.453555, 0.638234, -0.622050,
		0.661994, 0.226049, 0.714609,
		0.596702, -0.735907, -0.319981,
		27.650345, 29.400972, 41.738388>
	pigment { color rgbt <0,1,1,0> }
	no_shadow
}
cylinder {
	<27.875782, 30.177467, 41.922409>,  <27.232655, 29.916107, 41.962372>, 0.130000
	pigment { color rgbt <1,0,0,0> }
	no_shadow
}

// nucleotide -1

// particle -1
sphere {
	<27.875782, 30.177467, 41.922409> 0.250000
	pigment { color rgbt <1,0,0,0> }
	no_shadow
}
cylinder {
	<27.869062, 29.868727, 41.668175>,  <27.865030, 29.683483, 41.515636>, 0.100000
	pigment { color rgbt <1,0,0,0> }
	no_shadow
}
cylinder {
	<27.869062, 29.868727, 41.668175>,  <27.875782, 30.177467, 41.922409>, 0.100000
	pigment { color rgbt <1,0,0,0> }
	no_shadow
}

// particle -1
sphere {
	<27.869062, 29.868727, 41.668175> 0.100000
	pigment { color rgbt <1,0,0,0> }
	no_shadow
}
sphere {
	0, 1
	scale<0.080000,0.200000,0.300000>
	matrix <0.416695, 0.572433, -0.706177,
		0.908891, -0.276707, 0.312009,
		-0.016799, -0.771850, -0.635582,
		27.864023, 29.637171, 41.477501>
	pigment { color rgbt <0,1,1,0> }
	no_shadow
}
cylinder {
	<28.604662, 29.994358, 41.697914>,  <27.875782, 30.177467, 41.922409>, 0.130000
	pigment { color rgbt <1,0,0,0> }
	no_shadow
}

// nucleotide -1

// particle -1
sphere {
	<28.604662, 29.994358, 41.697914> 0.250000
	pigment { color rgbt <1,0,0,0> }
	no_shadow
}
cylinder {
	<28.302040, 29.899719, 41.454063>,  <28.120466, 29.842936, 41.307755>, 0.100000
	pigment { color rgbt <1,0,0,0> }
	no_shadow
}
cylinder {
	<28.302040, 29.899719, 41.454063>,  <28.604662, 29.994358, 41.697914>, 0.100000
	pigment { color rgbt <1,0,0,0> }
	no_shadow
}

// particle -1
sphere {
	<28.302040, 29.899719, 41.454063> 0.100000
	pigment { color rgbt <1,0,0,0> }
	no_shadow
}
sphere {
	0, 1
	scale<0.080000,0.200000,0.300000>
	matrix <0.551260, 0.270722, -0.789190,
		0.351760, -0.933130, -0.074389,
		-0.756556, -0.236598, -0.609626,
		28.075073, 29.828739, 41.271175>
	pigment { color rgbt <0,1,1,0> }
	no_shadow
}
cylinder {
	<28.826534, 29.369217, 41.131069>,  <28.604662, 29.994358, 41.697914>, 0.130000
	pigment { color rgbt <1,0,0,0> }
	no_shadow
}

// nucleotide -1

// particle -1
sphere {
	<28.826534, 29.369217, 41.131069> 0.250000
	pigment { color rgbt <1,0,0,0> }
	no_shadow
}
cylinder {
	<28.528622, 29.603983, 41.004055>,  <28.349873, 29.744843, 40.927849>, 0.100000
	pigment { color rgbt <1,0,0,0> }
	no_shadow
}
cylinder {
	<28.528622, 29.603983, 41.004055>,  <28.826534, 29.369217, 41.131069>, 0.100000
	pigment { color rgbt <1,0,0,0> }
	no_shadow
}

// particle -1
sphere {
	<28.528622, 29.603983, 41.004055> 0.100000
	pigment { color rgbt <1,0,0,0> }
	no_shadow
}
sphere {
	0, 1
	scale<0.080000,0.200000,0.300000>
	matrix <0.430671, 0.059293, -0.900559,
		-0.509725, -0.807474, -0.296928,
		-0.744784, 0.586915, -0.317533,
		28.305187, 29.780058, 40.908794>
	pigment { color rgbt <0,1,1,0> }
	no_shadow
}
cylinder {
	<28.811832, 29.346077, 40.412251>,  <28.826534, 29.369217, 41.131069>, 0.130000
	pigment { color rgbt <1,0,0,0> }
	no_shadow
}

// nucleotide -1

// particle -1
sphere {
	<28.811832, 29.346077, 40.412251> 0.250000
	pigment { color rgbt <1,0,0,0> }
	no_shadow
}
cylinder {
	<28.565941, 29.659916, 40.444527>,  <28.418406, 29.848219, 40.463894>, 0.100000
	pigment { color rgbt <1,0,0,0> }
	no_shadow
}
cylinder {
	<28.565941, 29.659916, 40.444527>,  <28.811832, 29.346077, 40.412251>, 0.100000
	pigment { color rgbt <1,0,0,0> }
	no_shadow
}

// particle -1
sphere {
	<28.565941, 29.659916, 40.444527> 0.100000
	pigment { color rgbt <1,0,0,0> }
	no_shadow
}
sphere {
	0, 1
	scale<0.080000,0.200000,0.300000>
	matrix <0.278580, 0.311691, -0.908428,
		-0.737902, -0.535960, -0.410179,
		-0.614731, 0.784599, 0.080690,
		28.381521, 29.895296, 40.468735>
	pigment { color rgbt <0,1,1,0> }
	no_shadow
}
cylinder {
	<28.578375, 29.423723, 39.747875>,  <28.811832, 29.346077, 40.412251>, 0.130000
	pigment { color rgbt <1,0,0,0> }
	no_shadow
}

// nucleotide -1

// particle -1
sphere {
	<28.578375, 29.423723, 39.747875> 0.250000
	pigment { color rgbt <1,0,0,0> }
	no_shadow
}
cylinder {
	<28.500177, 29.788492, 39.892197>,  <28.453259, 30.007353, 39.978790>, 0.100000
	pigment { color rgbt <1,0,0,0> }
	no_shadow
}
cylinder {
	<28.500177, 29.788492, 39.892197>,  <28.578375, 29.423723, 39.747875>, 0.100000
	pigment { color rgbt <1,0,0,0> }
	no_shadow
}

// particle -1
sphere {
	<28.500177, 29.788492, 39.892197> 0.100000
	pigment { color rgbt <1,0,0,0> }
	no_shadow
}
sphere {
	0, 1
	scale<0.080000,0.200000,0.300000>
	matrix <0.272496, 0.403925, -0.873264,
		-0.942087, -0.072399, -0.327460,
		-0.195493, 0.911923, 0.360804,
		28.441530, 30.062069, 40.000439>
	pigment { color rgbt <0,1,1,0> }
	no_shadow
}
cylinder {
	<27.951464, 29.766415, 39.331043>,  <28.578375, 29.423723, 39.747875>, 0.130000
	pigment { color rgbt <1,0,0,0> }
	no_shadow
}

// nucleotide -1

// particle -1
sphere {
	<27.951464, 29.766415, 39.331043> 0.250000
	pigment { color rgbt <1,0,0,0> }
	no_shadow
}
cylinder {
	<28.178469, 30.056417, 39.487144>,  <28.314672, 30.230419, 39.580807>, 0.100000
	pigment { color rgbt <1,0,0,0> }
	no_shadow
}
cylinder {
	<28.178469, 30.056417, 39.487144>,  <27.951464, 29.766415, 39.331043>, 0.100000
	pigment { color rgbt <1,0,0,0> }
	no_shadow
}

// particle -1
sphere {
	<28.178469, 30.056417, 39.487144> 0.100000
	pigment { color rgbt <1,0,0,0> }
	no_shadow
}
sphere {
	0, 1
	scale<0.080000,0.200000,0.300000>
	matrix <0.240588, 0.307271, -0.920708,
		-0.787431, 0.616403, -0.000048,
		0.567512, 0.725005, 0.390254,
		28.348722, 30.273918, 39.604221>
	pigment { color rgbt <0,1,1,0> }
	no_shadow
}
cylinder {
	<27.784023, 30.333241, 38.841213>,  <27.951464, 29.766415, 39.331043>, 0.130000
	pigment { color rgbt <1,0,0,0> }
	no_shadow
}

// nucleotide -1

// particle -1
sphere {
	<27.784023, 30.333241, 38.841213> 0.250000
	pigment { color rgbt <1,0,0,0> }
	no_shadow
}
cylinder {
	<28.099892, 30.451599, 39.056198>,  <28.289413, 30.522614, 39.185188>, 0.100000
	pigment { color rgbt <1,0,0,0> }
	no_shadow
}
cylinder {
	<28.099892, 30.451599, 39.056198>,  <27.784023, 30.333241, 38.841213>, 0.100000
	pigment { color rgbt <1,0,0,0> }
	no_shadow
}

// particle -1
sphere {
	<28.099892, 30.451599, 39.056198> 0.100000
	pigment { color rgbt <1,0,0,0> }
	no_shadow
}
sphere {
	0, 1
	scale<0.080000,0.200000,0.300000>
	matrix <0.240383, 0.656756, -0.714764,
		-0.564476, 0.693626, 0.447493,
		0.789672, 0.295897, 0.537459,
		28.336794, 30.540369, 39.217438>
	pigment { color rgbt <0,1,1,0> }
	no_shadow
}
cylinder {
	<27.828171, 31.063549, 38.843384>,  <27.784023, 30.333241, 38.841213>, 0.130000
	pigment { color rgbt <1,0,0,0> }
	no_shadow
}

// nucleotide -1

// particle -1
sphere {
	<27.828171, 31.063549, 38.843384> 0.250000
	pigment { color rgbt <1,0,0,0> }
	no_shadow
}
cylinder {
	<28.202599, 30.945522, 38.920025>,  <28.427256, 30.874706, 38.966007>, 0.100000
	pigment { color rgbt <1,0,0,0> }
	no_shadow
}
cylinder {
	<28.202599, 30.945522, 38.920025>,  <27.828171, 31.063549, 38.843384>, 0.100000
	pigment { color rgbt <1,0,0,0> }
	no_shadow
}

// particle -1
sphere {
	<28.202599, 30.945522, 38.920025> 0.100000
	pigment { color rgbt <1,0,0,0> }
	no_shadow
}
sphere {
	0, 1
	scale<0.080000,0.200000,0.300000>
	matrix <0.349396, 0.715949, -0.604433,
		0.041172, 0.632735, 0.773273,
		0.936070, -0.295065, 0.191598,
		28.483419, 30.857002, 38.977505>
	pigment { color rgbt <0,1,1,0> }
	no_shadow
}
cylinder {
	<28.206530, 31.667503, 38.763390>,  <27.828171, 31.063549, 38.843384>, 0.130000
	pigment { color rgbt <1,0,0,0> }
	no_shadow
}

// nucleotide -1

// particle -1
sphere {
	<28.206530, 31.667503, 38.763390> 0.250000
	pigment { color rgbt <1,0,0,0> }
	no_shadow
}
cylinder {
	<28.493265, 31.391394, 38.724064>,  <28.665306, 31.225727, 38.700470>, 0.100000
	pigment { color rgbt <1,0,0,0> }
	no_shadow
}
cylinder {
	<28.493265, 31.391394, 38.724064>,  <28.206530, 31.667503, 38.763390>, 0.100000
	pigment { color rgbt <1,0,0,0> }
	no_shadow
}

// particle -1
sphere {
	<28.493265, 31.391394, 38.724064> 0.100000
	pigment { color rgbt <1,0,0,0> }
	no_shadow
}
sphere {
	0, 1
	scale<0.080000,0.200000,0.300000>
	matrix <0.460682, 0.574738, -0.676349,
