// switches for output
#declare DRAW_BASES = 1; // possible values are 0, 1; only relevant for DNA ribbons
#declare DRAW_BASES_TYPE = 3; // possible values are 1, 2, 3; only relevant for DNA ribbons
#declare DRAW_FOG = 0; // set to 1 to enable fog

#include "colors.inc"

#include "transforms.inc"
background { rgb <1, 1, 1>}

#default {
   normal{
       ripples 0.25
       frequency 0.20
       turbulence 0.2
       lambda 5
   }
	finish {
		phong 0.1
		phong_size 40.
	}
}

// original window dimensions: 1024x640


// camera settings

camera {
	sky <0, 0.179814, -0.983701>
	up <0, 0.179814, -0.983701>
	right 1.6 * <1, 0, 0>
	location <35, 94.9851, 44.8844>
	look_at <35, 29.7336, 32.9568>
	direction <0, -65.2515, -11.9276>
	angle 67.0682
}


# declare cpy_camera_pos = <35, 94.9851, 44.8844>;
# if (DRAW_FOG = 1)
fog {
	fog_type 2
	up vnormalize(cpy_camera_pos)
	color rgbt<1,1,1,0.3>
	distance 1e-5
	fog_alt 3e-3
	fog_offset 56
}
# end


// LIGHTS

# declare lum = 6;
global_settings {
	ambient_light rgb lum * <0.05, 0.05, 0.05>
	max_trace_level 15
}# declare cpy_direct_light_amount = 0.25;
light_source
{	1000 * <-1, -1.16352, -0.803886>,
	rgb lum * cpy_direct_light_amount
	parallel
}

light_source
{	1000 * <1, 1.16352, 0.803886>,
	rgb lum * cpy_direct_light_amount
	parallel
}

// strand 0

// nucleotide -1

// particle -1
sphere {
	<24.050108, 34.696850, 34.706127> 0.250000
	pigment { color rgbt <1,0,0,0> }
	no_shadow
}
cylinder {
	<24.329090, 34.944191, 34.851009>,  <24.496479, 35.092594, 34.937939>, 0.100000
	pigment { color rgbt <1,0,0,0> }
	no_shadow
}
cylinder {
	<24.329090, 34.944191, 34.851009>,  <24.050108, 34.696850, 34.706127>, 0.100000
	pigment { color rgbt <1,0,0,0> }
	no_shadow
}

// particle -1
sphere {
	<24.329090, 34.944191, 34.851009> 0.100000
	pigment { color rgbt <1,0,0,0> }
	no_shadow
}
sphere {
	0, 1
	scale<0.080000,0.200000,0.300000>
	matrix <0.660160, -0.751045, 0.010977,
		0.278823, 0.231460, -0.932032,
		0.697457, 0.618350, 0.362210,
		24.538328, 35.129696, 34.959671>
	pigment { color rgbt <0,1,1,0> }
	no_shadow
}
cylinder {
	<24.654606, 34.606697, 34.279125>,  <24.050108, 34.696850, 34.706127>, 0.130000
	pigment { color rgbt <1,0,0,0> }
	no_shadow
}

// nucleotide -1

// particle -1
sphere {
	<24.654606, 34.606697, 34.279125> 0.250000
	pigment { color rgbt <1,0,0,0> }
	no_shadow
}
cylinder {
	<24.783470, 34.734943, 34.635422>,  <24.860788, 34.811893, 34.849197>, 0.100000
	pigment { color rgbt <1,0,0,0> }
	no_shadow
}
cylinder {
	<24.783470, 34.734943, 34.635422>,  <24.654606, 34.606697, 34.279125>, 0.100000
	pigment { color rgbt <1,0,0,0> }
	no_shadow
}

// particle -1
sphere {
	<24.783470, 34.734943, 34.635422> 0.100000
	pigment { color rgbt <1,0,0,0> }
	no_shadow
}
sphere {
	0, 1
	scale<0.080000,0.200000,0.300000>
	matrix <0.725442, -0.688126, -0.014686,
		0.608233, 0.650911, -0.454277,
		0.322159, 0.320619, 0.890740,
		24.880117, 34.831131, 34.902645>
	pigment { color rgbt <0,1,1,0> }
	no_shadow
}
cylinder {
	<25.397640, 34.712654, 34.200672>,  <24.654606, 34.606697, 34.279125>, 0.130000
	pigment { color rgbt <1,0,0,0> }
	no_shadow
}

// nucleotide -1

// particle -1
sphere {
	<25.397640, 34.712654, 34.200672> 0.250000
	pigment { color rgbt <1,0,0,0> }
	no_shadow
}
cylinder {
	<25.281229, 34.655251, 34.579029>,  <25.211382, 34.620808, 34.806042>, 0.100000
	pigment { color rgbt <1,0,0,0> }
	no_shadow
}
cylinder {
	<25.281229, 34.655251, 34.579029>,  <25.397640, 34.712654, 34.200672>, 0.100000
	pigment { color rgbt <1,0,0,0> }
	no_shadow
}

// particle -1
sphere {
	<25.281229, 34.655251, 34.579029> 0.100000
	pigment { color rgbt <1,0,0,0> }
	no_shadow
}
sphere {
	0, 1
	scale<0.080000,0.200000,0.300000>
	matrix <0.704380, -0.701195, 0.110337,
		0.647419, 0.698377, 0.305151,
		-0.291028, -0.143508, 0.945890,
		25.193920, 34.612198, 34.862797>
	pigment { color rgbt <0,1,1,0> }
	no_shadow
}
cylinder {
	<25.915646, 34.739620, 34.758873>,  <25.397640, 34.712654, 34.200672>, 0.130000
	pigment { color rgbt <1,0,0,0> }
	no_shadow
}

// nucleotide -1

// particle -1
sphere {
	<25.915646, 34.739620, 34.758873> 0.250000
	pigment { color rgbt <1,0,0,0> }
	no_shadow
}
cylinder {
	<25.609524, 34.489666, 34.820606>,  <25.425850, 34.339691, 34.857647>, 0.100000
	pigment { color rgbt <1,0,0,0> }
	no_shadow
}
cylinder {
	<25.609524, 34.489666, 34.820606>,  <25.915646, 34.739620, 34.758873>, 0.100000
	pigment { color rgbt <1,0,0,0> }
	no_shadow
}

// particle -1
sphere {
	<25.609524, 34.489666, 34.820606> 0.100000
	pigment { color rgbt <1,0,0,0> }
	no_shadow
}
sphere {
	0, 1
	scale<0.080000,0.200000,0.300000>
	matrix <0.643253, -0.733915, 0.218164,
		-0.023060, 0.266238, 0.963632,
		-0.765307, -0.624889, 0.154334,
		25.379932, 34.302200, 34.866905>
	pigment { color rgbt <0,1,1,0> }
	no_shadow
}
cylinder {
	<25.891060, 34.411694, 35.468758>,  <25.915646, 34.739620, 34.758873>, 0.130000
	pigment { color rgbt <1,0,0,0> }
	no_shadow
}

// nucleotide -1

// particle -1
sphere {
	<25.891060, 34.411694, 35.468758> 0.250000
	pigment { color rgbt <1,0,0,0> }
	no_shadow
}
cylinder {
	<25.722725, 34.175003, 35.193726>,  <25.621723, 34.032990, 35.028706>, 0.100000
	pigment { color rgbt <1,0,0,0> }
	no_shadow
}
cylinder {
	<25.722725, 34.175003, 35.193726>,  <25.891060, 34.411694, 35.468758>, 0.100000
	pigment { color rgbt <1,0,0,0> }
	no_shadow
}

// particle -1
sphere {
	<25.722725, 34.175003, 35.193726> 0.100000
	pigment { color rgbt <1,0,0,0> }
	no_shadow
}
sphere {
	0, 1
	scale<0.080000,0.200000,0.300000>
	matrix <0.694895, -0.697505, 0.174951,
		-0.583110, -0.404167, 0.704720,
		-0.420837, -0.591722, -0.687576,
		25.596474, 33.997486, 34.987453>
	pigment { color rgbt <0,1,1,0> }
	no_shadow
}
cylinder {
	<26.222912, 33.699841, 35.608978>,  <25.891060, 34.411694, 35.468758>, 0.130000
	pigment { color rgbt <1,0,0,0> }
	no_shadow
}

// nucleotide -1

// particle -1
sphere {
	<26.222912, 33.699841, 35.608978> 0.250000
	pigment { color rgbt <1,0,0,0> }
	no_shadow
}
cylinder {
	<26.576626, 33.548931, 35.498917>,  <26.788855, 33.458385, 35.432880>, 0.100000
	pigment { color rgbt <1,0,0,0> }
	no_shadow
}
cylinder {
	<26.576626, 33.548931, 35.498917>,  <26.222912, 33.699841, 35.608978>, 0.100000
	pigment { color rgbt <1,0,0,0> }
	no_shadow
}

// particle -1
sphere {
	<26.576626, 33.548931, 35.498917> 0.100000
	pigment { color rgbt <1,0,0,0> }
	no_shadow
}
sphere {
	0, 1
	scale<0.080000,0.200000,0.300000>
	matrix <-0.449425, -0.847562, -0.282235,
		-0.126735, 0.373238, -0.919038,
		0.884283, -0.377270, -0.275158,
		26.841911, 33.435749, 35.416370>
	pigment { color rgbt <0,1,1,0> }
	no_shadow
}
cylinder {
	<26.075312, 33.254021, 34.993900>,  <26.222912, 33.699841, 35.608978>, 0.130000
	pigment { color rgbt <1,0,0,0> }
	no_shadow
}

// nucleotide -1

// particle -1
sphere {
	<26.075312, 33.254021, 34.993900> 0.250000
	pigment { color rgbt <1,0,0,0> }
	no_shadow
}
cylinder {
	<26.443050, 33.160130, 35.120201>,  <26.663694, 33.103794, 35.195980>, 0.100000
	pigment { color rgbt <1,0,0,0> }
	no_shadow
}
cylinder {
	<26.443050, 33.160130, 35.120201>,  <26.075312, 33.254021, 34.993900>, 0.100000
	pigment { color rgbt <1,0,0,0> }
	no_shadow
}

// particle -1
sphere {
	<26.443050, 33.160130, 35.120201> 0.100000
	pigment { color rgbt <1,0,0,0> }
	no_shadow
}
sphere {
	0, 1
	scale<0.080000,0.200000,0.300000>
	matrix <-0.133422, -0.940980, -0.311055,
		0.370129, 0.243840, -0.896407,
		0.919349, -0.234731, 0.315751,
		26.718855, 33.089710, 35.214928>
	pigment { color rgbt <0,1,1,0> }
	no_shadow
}
cylinder {
	<26.380262, 32.967083, 34.425335>,  <26.075312, 33.254021, 34.993900>, 0.130000
	pigment { color rgbt <1,0,0,0> }
	no_shadow
}

// nucleotide -1

// particle -1
sphere {
	<26.380262, 32.967083, 34.425335> 0.250000
	pigment { color rgbt <1,0,0,0> }
	no_shadow
}
cylinder {
	<26.561720, 32.838684, 34.757881>,  <26.670595, 32.761646, 34.957409>, 0.100000
	pigment { color rgbt <1,0,0,0> }
	no_shadow
}
cylinder {
	<26.561720, 32.838684, 34.757881>,  <26.380262, 32.967083, 34.425335>, 0.100000
	pigment { color rgbt <1,0,0,0> }
	no_shadow
}

// particle -1
sphere {
	<26.561720, 32.838684, 34.757881> 0.100000
	pigment { color rgbt <1,0,0,0> }
	no_shadow
}
sphere {
	0, 1
	scale<0.080000,0.200000,0.300000>
	matrix <-0.267788, -0.938866, -0.216381,
		0.849997, -0.124470, -0.511871,
		0.453646, -0.320996, 0.831365,
		26.697813, 32.742386, 35.007290>
	pigment { color rgbt <0,1,1,0> }
	no_shadow
}
cylinder {
	<26.765867, 32.441124, 34.217411>,  <26.380262, 32.967083, 34.425335>, 0.130000
	pigment { color rgbt <1,0,0,0> }
	no_shadow
}

// nucleotide -1

// particle -1
sphere {
	<26.765867, 32.441124, 34.217411> 0.250000
	pigment { color rgbt <1,0,0,0> }
	no_shadow
}
cylinder {
	<26.766180, 32.359310, 34.608955>,  <26.766367, 32.310223, 34.843884>, 0.100000
	pigment { color rgbt <1,0,0,0> }
	no_shadow
}
cylinder {
	<26.766180, 32.359310, 34.608955>,  <26.765867, 32.441124, 34.217411>, 0.100000
	pigment { color rgbt <1,0,0,0> }
	no_shadow
}

// particle -1
sphere {
	<26.766180, 32.359310, 34.608955> 0.100000
	pigment { color rgbt <1,0,0,0> }
	no_shadow
}
sphere {
	0, 1
	scale<0.080000,0.200000,0.300000>
	matrix <-0.196673, -0.959773, -0.200386,
		0.980469, -0.192359, -0.040974,
		0.000780, -0.204531, 0.978860,
		26.766415, 32.297951, 34.902615>
	pigment { color rgbt <0,1,1,0> }
	no_shadow
}
cylinder {
	<27.267746, 32.025223, 34.361454>,  <26.765867, 32.441124, 34.217411>, 0.130000
	pigment { color rgbt <1,0,0,0> }
	no_shadow
}

// nucleotide -1

// particle -1
sphere {
	<27.267746, 32.025223, 34.361454> 0.250000
	pigment { color rgbt <1,0,0,0> }
	no_shadow
}
cylinder {
	<26.995750, 31.959881, 34.647373>,  <26.832554, 31.920675, 34.818924>, 0.100000
	pigment { color rgbt <1,0,0,0> }
	no_shadow
}
cylinder {
	<26.995750, 31.959881, 34.647373>,  <27.267746, 32.025223, 34.361454>, 0.100000
	pigment { color rgbt <1,0,0,0> }
	no_shadow
}

// particle -1
sphere {
	<26.995750, 31.959881, 34.647373> 0.100000
	pigment { color rgbt <1,0,0,0> }
	no_shadow
}
sphere {
	0, 1
	scale<0.080000,0.200000,0.300000>
	matrix <-0.070427, -0.955806, -0.285438,
		0.729833, -0.244435, 0.638432,
		-0.679988, -0.163359, 0.714794,
		26.791754, 31.910873, 34.861813>
	pigment { color rgbt <0,1,1,0> }
	no_shadow
}
cylinder {
	<27.456690, 31.347609, 34.548786>,  <27.267746, 32.025223, 34.361454>, 0.130000
	pigment { color rgbt <1,0,0,0> }
	no_shadow
}

// nucleotide -1

// particle -1
sphere {
	<27.456690, 31.347609, 34.548786> 0.250000
	pigment { color rgbt <1,0,0,0> }
	no_shadow
}
cylinder {
	<27.096569, 31.409201, 34.711636>,  <26.880497, 31.446156, 34.809345>, 0.100000
	pigment { color rgbt <1,0,0,0> }
	no_shadow
}
cylinder {
	<27.096569, 31.409201, 34.711636>,  <27.456690, 31.347609, 34.548786>, 0.100000
	pigment { color rgbt <1,0,0,0> }
	no_shadow
}

// particle -1
sphere {
	<27.096569, 31.409201, 34.711636> 0.100000
	pigment { color rgbt <1,0,0,0> }
	no_shadow
}
sphere {
	0, 1
	scale<0.080000,0.200000,0.300000>
	matrix <-0.331869, -0.848040, -0.413148,
		0.281638, -0.507068, 0.814593,
		-0.900302, 0.153980, 0.407120,
		26.826479, 31.455395, 34.833771>
	pigment { color rgbt <0,1,1,0> }
	no_shadow
}
cylinder {
	<27.309519, 30.783314, 34.927021>,  <27.456690, 31.347609, 34.548786>, 0.130000
	pigment { color rgbt <1,0,0,0> }
	no_shadow
}

// nucleotide -1

// particle -1
sphere {
	<27.309519, 30.783314, 34.927021> 0.250000
	pigment { color rgbt <1,0,0,0> }
	no_shadow
}
cylinder {
	<26.939344, 30.934803, 34.922333>,  <26.717239, 31.025696, 34.919521>, 0.100000
	pigment { color rgbt <1,0,0,0> }
	no_shadow
}
cylinder {
	<26.939344, 30.934803, 34.922333>,  <27.309519, 30.783314, 34.927021>, 0.100000
	pigment { color rgbt <1,0,0,0> }
	no_shadow
}

// particle -1
sphere {
	<26.939344, 30.934803, 34.922333> 0.100000
	pigment { color rgbt <1,0,0,0> }
	no_shadow
}
sphere {
	0, 1
	scale<0.080000,0.200000,0.300000>
	matrix <-0.354483, -0.876302, -0.326247,
		-0.133824, -0.297767, 0.945212,
		-0.925437, 0.378721, -0.011717,
		26.661713, 31.048420, 34.918819>
	pigment { color rgbt <0,1,1,0> }
	no_shadow
}
cylinder {
	<26.812391, 30.425680, 35.382526>,  <27.309519, 30.783314, 34.927021>, 0.130000
	pigment { color rgbt <1,0,0,0> }
	no_shadow
}

// nucleotide -1

// particle -1
sphere {
	<26.812391, 30.425680, 35.382526> 0.250000
	pigment { color rgbt <1,0,0,0> }
	no_shadow
}
cylinder {
	<26.621544, 30.575752, 35.064636>,  <26.507034, 30.665796, 34.873901>, 0.100000
	pigment { color rgbt <1,0,0,0> }
	no_shadow
}
cylinder {
	<26.621544, 30.575752, 35.064636>,  <26.812391, 30.425680, 35.382526>, 0.100000
	pigment { color rgbt <1,0,0,0> }
	no_shadow
}

// particle -1
sphere {
	<26.621544, 30.575752, 35.064636> 0.100000
	pigment { color rgbt <1,0,0,0> }
	no_shadow
}
sphere {
	0, 1
	scale<0.080000,0.200000,0.300000>
	matrix <-0.317116, -0.916870, -0.242461,
		-0.819629, 0.136338, 0.556435,
		-0.477121, 0.375183, -0.794728,
		26.478407, 30.688307, 34.826218>
	pigment { color rgbt <0,1,1,0> }
	no_shadow
}
cylinder {
	<26.164560, 30.193823, 35.479126>,  <26.812391, 30.425680, 35.382526>, 0.130000
	pigment { color rgbt <1,0,0,0> }
	no_shadow
}

// nucleotide -1

// particle -1
sphere {
	<26.164560, 30.193823, 35.479126> 0.250000
	pigment { color rgbt <1,0,0,0> }
	no_shadow
}
cylinder {
	<26.167971, 30.322521, 35.100410>,  <26.170017, 30.399740, 34.873180>, 0.100000
	pigment { color rgbt <1,0,0,0> }
	no_shadow
}
cylinder {
	<26.167971, 30.322521, 35.100410>,  <26.164560, 30.193823, 35.479126>, 0.100000
	pigment { color rgbt <1,0,0,0> }
	no_shadow
}

// particle -1
sphere {
	<26.167971, 30.322521, 35.100410> 0.100000
	pigment { color rgbt <1,0,0,0> }
	no_shadow
}
sphere {
	0, 1
	scale<0.080000,0.200000,0.300000>
	matrix <-0.496656, -0.820420, -0.283273,
		-0.867905, 0.472642, 0.152804,
		0.008524, 0.321745, -0.946787,
		26.170528, 30.419044, 34.816376>
	pigment { color rgbt <0,1,1,0> }
	no_shadow
}
cylinder {
	<25.505013, 30.149710, 35.183067>,  <26.164560, 30.193823, 35.479126>, 0.130000
	pigment { color rgbt <1,0,0,0> }
	no_shadow
}

// nucleotide -1

// particle -1
sphere {
	<25.505013, 30.149710, 35.183067> 0.250000
	pigment { color rgbt <1,0,0,0> }
	no_shadow
}
cylinder {
	<25.741867, 30.150345, 34.860733>,  <25.883980, 30.150726, 34.667332>, 0.100000
	pigment { color rgbt <1,0,0,0> }
	no_shadow
}
cylinder {
	<25.741867, 30.150345, 34.860733>,  <25.505013, 30.149710, 35.183067>, 0.100000
	pigment { color rgbt <1,0,0,0> }
	no_shadow
}

// particle -1
sphere {
	<25.741867, 30.150345, 34.860733> 0.100000
	pigment { color rgbt <1,0,0,0> }
	no_shadow
}
sphere {
	0, 1
	scale<0.080000,0.200000,0.300000>
	matrix <-0.492407, -0.790876, -0.363388,
		-0.637893, 0.611974, -0.467526,
		0.592139, 0.001590, -0.805834,
		25.919508, 30.150822, 34.618984>
	pigment { color rgbt <0,1,1,0> }
	no_shadow
}
cylinder {
	<25.185604, 29.879280, 34.548058>,  <25.505013, 30.149710, 35.183067>, 0.130000
	pigment { color rgbt <1,0,0,0> }
	no_shadow
}

// nucleotide -1

// particle -1
sphere {
	<25.185604, 29.879280, 34.548058> 0.250000
	pigment { color rgbt <1,0,0,0> }
	no_shadow
}
cylinder {
	<25.559359, 29.805189, 34.426327>,  <25.783611, 29.760735, 34.353287>, 0.100000
	pigment { color rgbt <1,0,0,0> }
	no_shadow
}
cylinder {
	<25.559359, 29.805189, 34.426327>,  <25.185604, 29.879280, 34.548058>, 0.100000
	pigment { color rgbt <1,0,0,0> }
	no_shadow
}

// particle -1
sphere {
	<25.559359, 29.805189, 34.426327> 0.100000
	pigment { color rgbt <1,0,0,0> }
	no_shadow
}
sphere {
	0, 1
	scale<0.080000,0.200000,0.300000>
	matrix <-0.331256, -0.766099, -0.550783,
		-0.131126, 0.615454, -0.777189,
		0.934385, -0.185226, -0.304328,
		25.839674, 29.749620, 34.335030>
	pigment { color rgbt <0,1,1,0> }
	no_shadow
}
cylinder {
	<25.046169, 29.746876, 33.793625>,  <25.185604, 29.879280, 34.548058>, 0.130000
	pigment { color rgbt <1,0,0,0> }
	no_shadow
}

// nucleotide -1

// particle -1
sphere {
	<25.046169, 29.746876, 33.793625> 0.250000
	pigment { color rgbt <1,0,0,0> }
	no_shadow
}
cylinder {
	<25.400913, 29.619980, 33.927990>,  <25.613760, 29.543842, 34.008610>, 0.100000
	pigment { color rgbt <1,0,0,0> }
	no_shadow
}
cylinder {
	<25.400913, 29.619980, 33.927990>,  <25.046169, 29.746876, 33.793625>, 0.100000
	pigment { color rgbt <1,0,0,0> }
	no_shadow
}

// particle -1
sphere {
	<25.400913, 29.619980, 33.927990> 0.100000
	pigment { color rgbt <1,0,0,0> }
	no_shadow
}
sphere {
	0, 1
	scale<0.080000,0.200000,0.300000>
	matrix <-0.108245, -0.849451, -0.516445,
		0.449183, 0.421652, -0.787683,
		0.886858, -0.317241, 0.335917,
		25.666971, 29.524807, 34.028767>
	pigment { color rgbt <0,1,1,0> }
	no_shadow
}
cylinder {
	<25.105938, 29.133280, 33.394520>,  <25.046169, 29.746876, 33.793625>, 0.130000
	pigment { color rgbt <1,0,0,0> }
	no_shadow
}

// nucleotide -1

// particle -1
sphere {
	<25.105938, 29.133280, 33.394520> 0.250000
	pigment { color rgbt <1,0,0,0> }
	no_shadow
}
cylinder {
	<25.422867, 29.079845, 33.632641>,  <25.613024, 29.047785, 33.775513>, 0.100000
	pigment { color rgbt <1,0,0,0> }
	no_shadow
}
cylinder {
	<25.422867, 29.079845, 33.632641>,  <25.105938, 29.133280, 33.394520>, 0.100000
	pigment { color rgbt <1,0,0,0> }
	no_shadow
}

// particle -1
sphere {
	<25.422867, 29.079845, 33.632641> 0.100000
	pigment { color rgbt <1,0,0,0> }
	no_shadow
}
sphere {
	0, 1
	scale<0.080000,0.200000,0.300000>
	matrix <0.131267, -0.915556, -0.380165,
		0.595815, 0.379356, -0.707879,
		0.792321, -0.133587, 0.595299,
		25.660563, 29.039770, 33.811230>
	pigment { color rgbt <0,1,1,0> }
	no_shadow
}
cylinder {
	<25.706596, 28.804638, 33.009796>,  <25.105938, 29.133280, 33.394520>, 0.130000
	pigment { color rgbt <1,0,0,0> }
	no_shadow
}

// nucleotide -1

// particle -1
sphere {
	<25.706596, 28.804638, 33.009796> 0.250000
	pigment { color rgbt <1,0,0,0> }
	no_shadow
}
cylinder {
	<25.793756, 28.706110, 33.387547>,  <25.846052, 28.646994, 33.614197>, 0.100000
	pigment { color rgbt <1,0,0,0> }
	no_shadow
}
cylinder {
	<25.793756, 28.706110, 33.387547>,  <25.706596, 28.804638, 33.009796>, 0.100000
	pigment { color rgbt <1,0,0,0> }
	no_shadow
}

// particle -1
sphere {
	<25.793756, 28.706110, 33.387547> 0.100000
	pigment { color rgbt <1,0,0,0> }
	no_shadow
}
sphere {
	0, 1
	scale<0.080000,0.200000,0.300000>
	matrix <0.330168, -0.891971, -0.308830,
		0.918427, 0.379097, -0.113034,
		0.217900, -0.246318, 0.944377,
		25.859127, 28.632215, 33.670860>
	pigment { color rgbt <0,1,1,0> }
	no_shadow
}
cylinder {
	<26.331682, 28.454138, 33.047546>,  <25.706596, 28.804638, 33.009796>, 0.130000
	pigment { color rgbt <1,0,0,0> }
	no_shadow
}

// nucleotide -1

// particle -1
sphere {
	<26.331682, 28.454138, 33.047546> 0.250000
	pigment { color rgbt <1,0,0,0> }
	no_shadow
}
cylinder {
	<26.217346, 28.337051, 33.412537>,  <26.148745, 28.266800, 33.631531>, 0.100000
	pigment { color rgbt <1,0,0,0> }
	no_shadow
}
cylinder {
	<26.217346, 28.337051, 33.412537>,  <26.331682, 28.454138, 33.047546>, 0.100000
	pigment { color rgbt <1,0,0,0> }
	no_shadow
}

// particle -1
sphere {
	<26.217346, 28.337051, 33.412537> 0.100000
	pigment { color rgbt <1,0,0,0> }
	no_shadow
}
sphere {
	0, 1
	scale<0.080000,0.200000,0.300000>
	matrix <0.158436, -0.953536, -0.256255,
		0.945089, 0.071321, 0.318936,
		-0.285841, -0.292715, 0.912476,
		26.131594, 28.249237, 33.686279>
	pigment { color rgbt <0,1,1,0> }
	no_shadow
}
cylinder {
	<26.683086, 27.899307, 33.137260>,  <26.331682, 28.454138, 33.047546>, 0.130000
	pigment { color rgbt <1,0,0,0> }
	no_shadow
}

// nucleotide -1

// particle -1
sphere {
	<26.683086, 27.899307, 33.137260> 0.250000
	pigment { color rgbt <1,0,0,0> }
	no_shadow
}
cylinder {
	<26.441275, 27.861616, 33.453655>,  <26.296188, 27.839001, 33.643494>, 0.100000
	pigment { color rgbt <1,0,0,0> }
	no_shadow
}
cylinder {
	<26.441275, 27.861616, 33.453655>,  <26.683086, 27.899307, 33.137260>, 0.100000
	pigment { color rgbt <1,0,0,0> }
	no_shadow
}

// particle -1
sphere {
	<26.441275, 27.861616, 33.453655> 0.100000
	pigment { color rgbt <1,0,0,0> }
	no_shadow
}
sphere {
	0, 1
	scale<0.080000,0.200000,0.300000>
	matrix <0.216385, -0.975067, 0.049219,
		0.766631, 0.200913, 0.609844,
		-0.604527, -0.094229, 0.790991,
		26.259916, 27.833347, 33.690952>
	pigment { color rgbt <0,1,1,0> }
	no_shadow
}
cylinder {
	<27.087494, 27.504620, 33.684521>,  <26.683086, 27.899307, 33.137260>, 0.130000
	pigment { color rgbt <1,0,0,0> }
	no_shadow
}

// nucleotide -1

// particle -1
sphere {
	<27.087494, 27.504620, 33.684521> 0.250000
	pigment { color rgbt <1,0,0,0> }
	no_shadow
}
cylinder {
	<26.689789, 27.478672, 33.718540>,  <26.451166, 27.463104, 33.738953>, 0.100000
	pigment { color rgbt <1,0,0,0> }
	no_shadow
}
cylinder {
	<26.689789, 27.478672, 33.718540>,  <27.087494, 27.504620, 33.684521>, 0.100000
	pigment { color rgbt <1,0,0,0> }
	no_shadow
}

// particle -1
sphere {
	<26.689789, 27.478672, 33.718540> 0.100000
	pigment { color rgbt <1,0,0,0> }
	no_shadow
}
sphere {
	0, 1
	scale<0.080000,0.200000,0.300000>
	matrix <0.076162, -0.987629, 0.137075,
		0.075105, 0.142766, 0.986903,
		-0.994263, -0.064869, 0.085049,
		26.391510, 27.459211, 33.744057>
	pigment { color rgbt <0,1,1,0> }
	no_shadow
}
cylinder {
	<26.871651, 27.097082, 34.301075>,  <27.087494, 27.504620, 33.684521>, 0.130000
	pigment { color rgbt <1,0,0,0> }
	no_shadow
}

// nucleotide -1

// particle -1
sphere {
	<26.871651, 27.097082, 34.301075> 0.250000
	pigment { color rgbt <1,0,0,0> }
	no_shadow
}
cylinder {
	<26.615007, 27.045824, 33.998573>,  <26.461021, 27.015068, 33.817074>, 0.100000
	pigment { color rgbt <1,0,0,0> }
	no_shadow
}
cylinder {
	<26.615007, 27.045824, 33.998573>,  <26.871651, 27.097082, 34.301075>, 0.100000
	pigment { color rgbt <1,0,0,0> }
	no_shadow
}

// particle -1
sphere {
	<26.615007, 27.045824, 33.998573> 0.100000
	pigment { color rgbt <1,0,0,0> }
	no_shadow
}
sphere {
	0, 1
	scale<0.080000,0.200000,0.300000>
	matrix <0.189739, -0.981820, 0.005394,
		-0.743195, -0.140030, 0.654257,
		-0.641607, -0.128146, -0.756253,
		26.422525, 27.007380, 33.771698>
	pigment { color rgbt <0,1,1,0> }
	no_shadow
}
cylinder {
	<26.550278, 26.520786, 34.507042>,  <26.871651, 27.097082, 34.301075>, 0.130000
	pigment { color rgbt <1,0,0,0> }
	no_shadow
}

// nucleotide -1

// particle -1
sphere {
	<26.550278, 26.520786, 34.507042> 0.250000
	pigment { color rgbt <1,0,0,0> }
	no_shadow
}
cylinder {
	<26.453045, 26.546293, 34.119877>,  <26.394705, 26.561598, 33.887577>, 0.100000
	pigment { color rgbt <1,0,0,0> }
	no_shadow
}
cylinder {
	<26.453045, 26.546293, 34.119877>,  <26.550278, 26.520786, 34.507042>, 0.100000
	pigment { color rgbt <1,0,0,0> }
	no_shadow
}

// particle -1
sphere {
	<26.453045, 26.546293, 34.119877> 0.100000
	pigment { color rgbt <1,0,0,0> }
	no_shadow
}
sphere {
	0, 1
	scale<0.080000,0.200000,0.300000>
	matrix <-0.042161, -0.997588, -0.055137,
		-0.969090, 0.027406, 0.245182,
		-0.243080, 0.063769, -0.967908,
		26.380121, 26.565424, 33.829506>
	pigment { color rgbt <0,1,1,0> }
	no_shadow
}
cylinder {
	<26.001183, 26.136103, 34.398731>,  <26.550278, 26.520786, 34.507042>, 0.130000
	pigment { color rgbt <1,0,0,0> }
	no_shadow
}

// nucleotide -1

// particle -1
sphere {
	<26.001183, 26.136103, 34.398731> 0.250000
	pigment { color rgbt <1,0,0,0> }
	no_shadow
}
cylinder {
	<26.174017, 26.163843, 34.039066>,  <26.277718, 26.180487, 33.823269>, 0.100000
	pigment { color rgbt <1,0,0,0> }
	no_shadow
}
cylinder {
	<26.174017, 26.163843, 34.039066>,  <26.001183, 26.136103, 34.398731>, 0.100000
	pigment { color rgbt <1,0,0,0> }
	no_shadow
}

// particle -1
sphere {
	<26.174017, 26.163843, 34.039066> 0.100000
	pigment { color rgbt <1,0,0,0> }
	no_shadow
}
sphere {
	0, 1
	scale<0.080000,0.200000,0.300000>
	matrix <-0.166129, -0.973855, -0.154945,
		-0.886400, 0.216327, -0.409266,
		0.432084, 0.069352, -0.899163,
		26.303642, 26.184649, 33.769318>
	pigment { color rgbt <0,1,1,0> }
	no_shadow
}
cylinder {
	<25.683811, 25.710419, 33.911633>,  <26.001183, 26.136103, 34.398731>, 0.130000
	pigment { color rgbt <1,0,0,0> }
	no_shadow
}

// nucleotide -1

// particle -1
sphere {
	<25.683811, 25.710419, 33.911633> 0.250000
	pigment { color rgbt <1,0,0,0> }
	no_shadow
}
cylinder {
	<26.043118, 25.724926, 33.736454>,  <26.258701, 25.733629, 33.631348>, 0.100000
	pigment { color rgbt <1,0,0,0> }
	no_shadow
}
cylinder {
	<26.043118, 25.724926, 33.736454>,  <25.683811, 25.710419, 33.911633>, 0.100000
	pigment { color rgbt <1,0,0,0> }
	no_shadow
}

// particle -1
sphere {
	<26.043118, 25.724926, 33.736454> 0.100000
	pigment { color rgbt <1,0,0,0> }
	no_shadow
}
sphere {
	0, 1
	scale<0.080000,0.200000,0.300000>
	matrix <-0.103517, -0.951082, -0.291079,
		-0.427083, 0.306802, -0.850572,
		0.898268, 0.036266, -0.437950,
		26.312597, 25.735806, 33.605068>
	pigment { color rgbt <0,1,1,0> }
	no_shadow
}
cylinder {
	<25.685408, 25.566023, 33.152657>,  <25.683811, 25.710419, 33.911633>, 0.130000
	pigment { color rgbt <1,0,0,0> }
	no_shadow
}

// nucleotide -1

// particle -1
sphere {
	<25.685408, 25.566023, 33.152657> 0.250000
	pigment { color rgbt <1,0,0,0> }
	no_shadow
}
cylinder {
	<26.003000, 25.416309, 33.344284>,  <26.193556, 25.326481, 33.459259>, 0.100000
	pigment { color rgbt <1,0,0,0> }
	no_shadow
}
cylinder {
	<26.003000, 25.416309, 33.344284>,  <25.685408, 25.566023, 33.152657>, 0.100000
	pigment { color rgbt <1,0,0,0> }
	no_shadow
}

// particle -1
sphere {
	<26.003000, 25.416309, 33.344284> 0.100000
	pigment { color rgbt <1,0,0,0> }
	no_shadow
}
sphere {
	0, 1
	scale<0.080000,0.200000,0.300000>
	matrix <-0.233118, -0.915217, -0.328684,
		0.561469, 0.149291, -0.813919,
		0.793982, -0.374285, 0.479064,
		26.241196, 25.304024, 33.488003>
	pigment { color rgbt <0,1,1,0> }
	no_shadow
}
cylinder {
	<25.879345, 25.010427, 32.790272>,  <25.685408, 25.566023, 33.152657>, 0.130000
	pigment { color rgbt <1,0,0,0> }
	no_shadow
}

// nucleotide -1

// particle -1
sphere {
	<25.879345, 25.010427, 32.790272> 0.250000
	pigment { color rgbt <1,0,0,0> }
	no_shadow
}
cylinder {
	<26.115263, 24.920273, 33.100456>,  <26.256815, 24.866180, 33.286568>, 0.100000
	pigment { color rgbt <1,0,0,0> }
	no_shadow
}
cylinder {
	<26.115263, 24.920273, 33.100456>,  <25.879345, 25.010427, 32.790272>, 0.100000
	pigment { color rgbt <1,0,0,0> }
	no_shadow
}

// particle -1
sphere {
	<26.115263, 24.920273, 33.100456> 0.100000
	pigment { color rgbt <1,0,0,0> }
	no_shadow
}
sphere {
	0, 1
	scale<0.080000,0.200000,0.300000>
	matrix <-0.379264, -0.925081, 0.019584,
		0.712952, -0.305655, -0.631090,
		0.589796, -0.225387, 0.775462,
		26.292202, 24.852657, 33.333096>
	pigment { color rgbt <0,1,1,0> }
	no_shadow
}
cylinder {
	<26.141699, 25.088869, 31.926929>,  <25.879345, 25.010427, 32.790272>, 0.130000
	pigment { color rgbt <1,0,0,0> }
	no_shadow
}

// nucleotide -1

// particle -1
sphere {
	<26.141699, 25.088869, 31.926929> 0.250000
	pigment { color rgbt <1,0,0,0> }
	no_shadow
}
cylinder {
	<26.287727, 24.880625, 32.235653>,  <26.375343, 24.755678, 32.420887>, 0.100000
	pigment { color rgbt <1,0,0,0> }
	no_shadow
}
cylinder {
	<26.287727, 24.880625, 32.235653>,  <26.141699, 25.088869, 31.926929>, 0.100000
	pigment { color rgbt <1,0,0,0> }
	no_shadow
}

// particle -1
sphere {
	<26.287727, 24.880625, 32.235653> 0.100000
	pigment { color rgbt <1,0,0,0> }
	no_shadow
}
sphere {
	0, 1
	scale<0.080000,0.200000,0.300000>
	matrix <0.930423, 0.232707, -0.283127,
		-0.032207, 0.821470, 0.569342,
		0.365070, -0.520611, 0.771809,
		26.397249, 24.724442, 32.467197>
	pigment { color rgbt <0,1,1,0> }
	no_shadow
}
cylinder {
	<26.805426, 25.411383, 32.143688>,  <26.141699, 25.088869, 31.926929>, 0.130000
	pigment { color rgbt <1,0,0,0> }
	no_shadow
}

// nucleotide -1

// particle -1
sphere {
	<26.805426, 25.411383, 32.143688> 0.250000
	pigment { color rgbt <1,0,0,0> }
	no_shadow
}
cylinder {
	<26.828337, 25.028868, 32.258392>,  <26.842083, 24.799358, 32.327213>, 0.100000
	pigment { color rgbt <1,0,0,0> }
	no_shadow
}
cylinder {
	<26.828337, 25.028868, 32.258392>,  <26.805426, 25.411383, 32.143688>, 0.100000
	pigment { color rgbt <1,0,0,0> }
	no_shadow
}

// particle -1
sphere {
	<26.828337, 25.028868, 32.258392> 0.100000
	pigment { color rgbt <1,0,0,0> }
	no_shadow
}
sphere {
	0, 1
	scale<0.080000,0.200000,0.300000>
	matrix <0.971692, -0.012545, -0.235916,
		0.229202, 0.292155, 0.928500,
		0.057276, -0.956289, 0.286760,
		26.845520, 24.741982, 32.344421>
	pigment { color rgbt <0,1,1,0> }
	no_shadow
}
cylinder {
	<27.474392, 25.291420, 32.501499>,  <26.805426, 25.411383, 32.143688>, 0.130000
	pigment { color rgbt <1,0,0,0> }
	no_shadow
}

// nucleotide -1

// particle -1
sphere {
	<27.474392, 25.291420, 32.501499> 0.250000
	pigment { color rgbt <1,0,0,0> }
	no_shadow
}
cylinder {
	<27.347486, 24.941374, 32.355339>,  <27.271343, 24.731346, 32.267643>, 0.100000
	pigment { color rgbt <1,0,0,0> }
	no_shadow
}
cylinder {
	<27.347486, 24.941374, 32.355339>,  <27.474392, 25.291420, 32.501499>, 0.100000
	pigment { color rgbt <1,0,0,0> }
	no_shadow
}

// particle -1
sphere {
	<27.347486, 24.941374, 32.355339> 0.100000
	pigment { color rgbt <1,0,0,0> }
	no_shadow
}
sphere {
	0, 1
	scale<0.080000,0.200000,0.300000>
	matrix <0.931044, -0.214178, -0.295441,
		0.180283, -0.433938, 0.882721,
		-0.317262, -0.875115, -0.365403,
		27.252308, 24.678839, 32.245720>
	pigment { color rgbt <0,1,1,0> }
	no_shadow
}
cylinder {
	<27.999281, 24.690516, 32.396626>,  <27.474392, 25.291420, 32.501499>, 0.130000
	pigment { color rgbt <1,0,0,0> }
	no_shadow
}

// nucleotide -1

// particle -1
sphere {
	<27.999281, 24.690516, 32.396626> 0.250000
	pigment { color rgbt <1,0,0,0> }
	no_shadow
}
cylinder {
	<27.898464, 24.356350, 32.591995>,  <27.837975, 24.155851, 32.709217>, 0.100000
	pigment { color rgbt <1,0,0,0> }
	no_shadow
}
cylinder {
	<27.898464, 24.356350, 32.591995>,  <27.999281, 24.690516, 32.396626>, 0.100000
	pigment { color rgbt <1,0,0,0> }
	no_shadow
}

// particle -1
sphere {
	<27.898464, 24.356350, 32.591995> 0.100000
	pigment { color rgbt <1,0,0,0> }
	no_shadow
}
sphere {
	0, 1
	scale<0.080000,0.200000,0.300000>
	matrix <0.504006, 0.317542, 0.803209,
		-0.826107, 0.448612, 0.341020,
		-0.252041, -0.835413, 0.488426,
		27.822851, 24.105726, 32.738522>
	pigment { color rgbt <0,1,1,0> }
	no_shadow
}
cylinder {
	<27.595991, 24.821270, 33.049347>,  <27.999281, 24.690516, 32.396626>, 0.130000
	pigment { color rgbt <1,0,0,0> }
	no_shadow
}

// nucleotide -1

// particle -1
sphere {
	<27.595991, 24.821270, 33.049347> 0.250000
	pigment { color rgbt <1,0,0,0> }
	no_shadow
}
cylinder {
	<27.806770, 24.483530, 33.088135>,  <27.933237, 24.280886, 33.111408>, 0.100000
	pigment { color rgbt <1,0,0,0> }
	no_shadow
}
cylinder {
	<27.806770, 24.483530, 33.088135>,  <27.595991, 24.821270, 33.049347>, 0.100000
	pigment { color rgbt <1,0,0,0> }
	no_shadow
}

// particle -1
sphere {
	<27.806770, 24.483530, 33.088135> 0.100000
	pigment { color rgbt <1,0,0,0> }
	no_shadow
}
sphere {
	0, 1
	scale<0.080000,0.200000,0.300000>
	matrix <0.375353, 0.333572, 0.864777,
		-0.762521, -0.419292, 0.492703,
		0.526946, -0.844348, 0.096973,
		27.964855, 24.230225, 33.117226>
	pigment { color rgbt <0,1,1,0> }
	no_shadow
}
cylinder {
	<27.503231, 24.622009, 33.766171>,  <27.595991, 24.821270, 33.049347>, 0.130000
	pigment { color rgbt <1,0,0,0> }
	no_shadow
}

// nucleotide -1

// particle -1
sphere {
	<27.503231, 24.622009, 33.766171> 0.250000
	pigment { color rgbt <1,0,0,0> }
	no_shadow
}
cylinder {
	<27.839203, 24.447329, 33.637295>,  <28.040787, 24.342520, 33.559967>, 0.100000
	pigment { color rgbt <1,0,0,0> }
	no_shadow
}
cylinder {
	<27.839203, 24.447329, 33.637295>,  <27.503231, 24.622009, 33.766171>, 0.100000
	pigment { color rgbt <1,0,0,0> }
	no_shadow
}

// particle -1
sphere {
	<27.839203, 24.447329, 33.637295> 0.100000
	pigment { color rgbt <1,0,0,0> }
	no_shadow
}
sphere {
	0, 1
	scale<0.080000,0.200000,0.300000>
	matrix <0.441441, 0.204454, 0.873687,
		-0.315666, -0.876066, 0.364505,
		0.839932, -0.436700, -0.322192,
		28.091183, 24.316319, 33.540638>
	pigment { color rgbt <0,1,1,0> }
	no_shadow
}
cylinder {
	<27.824991, 24.311010, 34.367977>,  <27.503231, 24.622009, 33.766171>, 0.130000
	pigment { color rgbt <1,0,0,0> }
	no_shadow
}

// nucleotide -1

// particle -1
sphere {
	<27.824991, 24.311010, 34.367977> 0.250000
	pigment { color rgbt <1,0,0,0> }
	no_shadow
}
cylinder {
	<28.090902, 24.423115, 34.090988>,  <28.250448, 24.490377, 33.924793>, 0.100000
	pigment { color rgbt <1,0,0,0> }
	no_shadow
}
cylinder {
	<28.090902, 24.423115, 34.090988>,  <27.824991, 24.311010, 34.367977>, 0.100000
	pigment { color rgbt <1,0,0,0> }
	no_shadow
}

// particle -1
sphere {
	<28.090902, 24.423115, 34.090988> 0.100000
	pigment { color rgbt <1,0,0,0> }
	no_shadow
}
sphere {
	0, 1
	scale<0.080000,0.200000,0.300000>
	matrix <0.416688, 0.630250, 0.655100,
		0.620019, -0.724048, 0.302209,
		0.664791, 0.280248, -0.692469,
		28.290337, 24.507195, 33.883244>
	pigment { color rgbt <0,1,1,0> }
	no_shadow
}
cylinder {
	<28.554482, 24.363245, 34.663189>,  <27.824991, 24.311010, 34.367977>, 0.130000
	pigment { color rgbt <1,0,0,0> }
	no_shadow
}

// nucleotide -1

// particle -1
sphere {
	<28.554482, 24.363245, 34.663189> 0.250000
	pigment { color rgbt <1,0,0,0> }
	no_shadow
}
cylinder {
	<28.501472, 24.612007, 34.354469>,  <28.469667, 24.761265, 34.169239>, 0.100000
	pigment { color rgbt <1,0,0,0> }
	no_shadow
}
cylinder {
	<28.501472, 24.612007, 34.354469>,  <28.554482, 24.363245, 34.663189>, 0.100000
	pigment { color rgbt <1,0,0,0> }
	no_shadow
}

// particle -1
sphere {
	<28.501472, 24.612007, 34.354469> 0.100000
	pigment { color rgbt <1,0,0,0> }
	no_shadow
}
sphere {
	0, 1
	scale<0.080000,0.200000,0.300000>
	matrix <0.270529, 0.771796, 0.575452,
		0.953547, -0.132534, -0.270523,
		-0.132522, 0.621905, -0.771798,
		28.461716, 24.798578, 34.122929>
	pigment { color rgbt <0,1,1,0> }
	no_shadow
}
cylinder {
	<29.113413, 24.884544, 34.713089>,  <28.554482, 24.363245, 34.663189>, 0.130000
	pigment { color rgbt <1,0,0,0> }
	no_shadow
}

// nucleotide -1

// particle -1
sphere {
	<29.113413, 24.884544, 34.713089> 0.250000
	pigment { color rgbt <1,0,0,0> }
	no_shadow
}
cylinder {
	<28.844505, 25.049345, 34.467064>,  <28.683161, 25.148226, 34.319447>, 0.100000
	pigment { color rgbt <1,0,0,0> }
	no_shadow
}
cylinder {
	<28.844505, 25.049345, 34.467064>,  <29.113413, 24.884544, 34.713089>, 0.100000
	pigment { color rgbt <1,0,0,0> }
	no_shadow
}

// particle -1
sphere {
	<28.844505, 25.049345, 34.467064> 0.100000
	pigment { color rgbt <1,0,0,0> }
	no_shadow
}
sphere {
	0, 1
	scale<0.080000,0.200000,0.300000>
	matrix <0.285641, 0.910851, 0.297927,
		0.682981, 0.024599, -0.730022,
		-0.672269, 0.412003, -0.615067,
		28.642824, 25.172945, 34.282543>
	pigment { color rgbt <0,1,1,0> }
	no_shadow
}
cylinder {
	<29.464098, 25.379292, 34.311752>,  <29.113413, 24.884544, 34.713089>, 0.130000
	pigment { color rgbt <1,0,0,0> }
	no_shadow
}

// nucleotide -1

// particle -1
sphere {
	<29.464098, 25.379292, 34.311752> 0.250000
	pigment { color rgbt <1,0,0,0> }
	no_shadow
}
cylinder {
	<29.077135, 25.472881, 34.350487>,  <28.844957, 25.529036, 34.373726>, 0.100000
	pigment { color rgbt <1,0,0,0> }
	no_shadow
}
cylinder {
	<29.077135, 25.472881, 34.350487>,  <29.464098, 25.379292, 34.311752>, 0.100000
	pigment { color rgbt <1,0,0,0> }
	no_shadow
}

// particle -1
sphere {
	<29.077135, 25.472881, 34.350487> 0.100000
	pigment { color rgbt <1,0,0,0> }
	no_shadow
}
sphere {
	0, 1
	scale<0.080000,0.200000,0.300000>
	matrix <0.246414, 0.957920, 0.147204,
		-0.058317, 0.166268, -0.984354,
		-0.967408, 0.233975, 0.096833,
		28.786913, 25.543074, 34.379536>
	pigment { color rgbt <0,1,1,0> }
	no_shadow
}
cylinder {
	<29.450930, 26.075008, 33.948067>,  <29.464098, 25.379292, 34.311752>, 0.130000
	pigment { color rgbt <1,0,0,0> }
	no_shadow
}

// nucleotide -1

// particle -1
sphere {
	<29.450930, 26.075008, 33.948067> 0.250000
	pigment { color rgbt <1,0,0,0> }
	no_shadow
}
cylinder {
	<29.100248, 26.032627, 34.135754>,  <28.889839, 26.007198, 34.248367>, 0.100000
	pigment { color rgbt <1,0,0,0> }
	no_shadow
}
cylinder {
	<29.100248, 26.032627, 34.135754>,  <29.450930, 26.075008, 33.948067>, 0.100000
	pigment { color rgbt <1,0,0,0> }
	no_shadow
}

// particle -1
sphere {
	<29.100248, 26.032627, 34.135754> 0.100000
	pigment { color rgbt <1,0,0,0> }
	no_shadow
}
sphere {
	0, 1
	scale<0.080000,0.200000,0.300000>
	matrix <-0.069831, 0.993140, 0.093787,
		-0.475935, 0.049458, -0.878089,
		-0.876704, -0.105954, 0.469217,
		28.837236, 26.000841, 34.276520>
	pigment { color rgbt <0,1,1,0> }
	no_shadow
}
cylinder {
	<28.950768, 26.530609, 33.672531>,  <29.450930, 26.075008, 33.948067>, 0.130000
	pigment { color rgbt <1,0,0,0> }
	no_shadow
}

// nucleotide -1

// particle -1
sphere {
	<28.950768, 26.530609, 33.672531> 0.250000
	pigment { color rgbt <1,0,0,0> }
	no_shadow
}
cylinder {
	<28.826687, 26.455202, 34.045246>,  <28.752237, 26.409958, 34.268875>, 0.100000
	pigment { color rgbt <1,0,0,0> }
	no_shadow
}
cylinder {
	<28.826687, 26.455202, 34.045246>,  <28.950768, 26.530609, 33.672531>, 0.100000
	pigment { color rgbt <1,0,0,0> }
	no_shadow
}

// particle -1
sphere {
	<28.826687, 26.455202, 34.045246> 0.100000
	pigment { color rgbt <1,0,0,0> }
	no_shadow
}
sphere {
	0, 1
	scale<0.080000,0.200000,0.300000>
	matrix <-0.127506, 0.979536, 0.155729,
		-0.942081, -0.070501, -0.327893,
		-0.310204, -0.188518, 0.931791,
		28.733625, 26.398647, 34.324783>
	pigment { color rgbt <0,1,1,0> }
	no_shadow
}
cylinder {
	<28.242928, 26.840958, 33.730663>,  <28.950768, 26.530609, 33.672531>, 0.130000
	pigment { color rgbt <1,0,0,0> }
	no_shadow
}

// nucleotide -1

// particle -1
sphere {
	<28.242928, 26.840958, 33.730663> 0.250000
	pigment { color rgbt <1,0,0,0> }
	no_shadow
}
cylinder {
	<28.437614, 26.799196, 34.077583>,  <28.554426, 26.774139, 34.285736>, 0.100000
	pigment { color rgbt <1,0,0,0> }
	no_shadow
}
cylinder {
	<28.437614, 26.799196, 34.077583>,  <28.242928, 26.840958, 33.730663>, 0.100000
	pigment { color rgbt <1,0,0,0> }
	no_shadow
}

// particle -1
sphere {
	<28.437614, 26.799196, 34.077583> 0.100000
	pigment { color rgbt <1,0,0,0> }
	no_shadow
}
sphere {
	0, 1
	scale<0.080000,0.200000,0.300000>
	matrix <-0.129757, 0.973178, 0.189967,
		-0.863868, -0.204998, 0.460116,
		0.486718, -0.104403, 0.867298,
		28.583630, 26.767876, 34.337772>
	pigment { color rgbt <0,1,1,0> }
	no_shadow
}
cylinder {
	<27.956558, 27.387897, 34.216923>,  <28.242928, 26.840958, 33.730663>, 0.130000
	pigment { color rgbt <1,0,0,0> }
	no_shadow
}

// nucleotide -1

// particle -1
sphere {
	<27.956558, 27.387897, 34.216923> 0.250000
	pigment { color rgbt <1,0,0,0> }
	no_shadow
}
cylinder {
	<28.254086, 27.258615, 34.450939>,  <28.432602, 27.181047, 34.591347>, 0.100000
	pigment { color rgbt <1,0,0,0> }
	no_shadow
}
cylinder {
	<28.254086, 27.258615, 34.450939>,  <27.956558, 27.387897, 34.216923>, 0.100000
	pigment { color rgbt <1,0,0,0> }
	no_shadow
}

// particle -1
sphere {
	<28.254086, 27.258615, 34.450939> 0.100000
	pigment { color rgbt <1,0,0,0> }
	no_shadow
}
sphere {
	0, 1
	scale<0.080000,0.200000,0.300000>
	matrix <0.056149, 0.902432, 0.427159,
		-0.666017, -0.284880, 0.689395,
		0.743821, -0.323204, 0.585039,
		28.477232, 27.161654, 34.626450>
	pigment { color rgbt <0,1,1,0> }
	no_shadow
}
cylinder {
	<27.810333, 27.523798, 34.964912>,  <27.956558, 27.387897, 34.216923>, 0.130000
	pigment { color rgbt <1,0,0,0> }
	no_shadow
}

// nucleotide -1

// particle -1
sphere {
	<27.810333, 27.523798, 34.964912> 0.250000
	pigment { color rgbt <1,0,0,0> }
	no_shadow
}
cylinder {
	<28.208151, 27.485302, 34.948807>,  <28.446842, 27.462204, 34.939144>, 0.100000
	pigment { color rgbt <1,0,0,0> }
	no_shadow
}
cylinder {
	<28.208151, 27.485302, 34.948807>,  <27.810333, 27.523798, 34.964912>, 0.100000
	pigment { color rgbt <1,0,0,0> }
	no_shadow
}

// particle -1
sphere {
	<28.208151, 27.485302, 34.948807> 0.100000
	pigment { color rgbt <1,0,0,0> }
	no_shadow
}
sphere {
	0, 1
	scale<0.080000,0.200000,0.300000>
	matrix <0.104231, 0.900322, 0.422559,
