// switches for output
#declare DRAW_BASES = 1; // possible values are 0, 1; only relevant for DNA ribbons
#declare DRAW_BASES_TYPE = 3; // possible values are 1, 2, 3; only relevant for DNA ribbons
#declare DRAW_FOG = 0; // set to 1 to enable fog

#include "colors.inc"

#include "transforms.inc"
background { rgb <1, 1, 1>}

#default {
   normal{
       ripples 0.25
       frequency 0.20
       turbulence 0.2
       lambda 5
   }
	finish {
		phong 0.1
		phong_size 40.
	}
}

// original window dimensions: 1024x640


// camera settings

camera {
	sky <0, 0.179814, -0.983701>
	up <0, 0.179814, -0.983701>
	right 1.6 * <1, 0, 0>
	location <35, 94.9851, 44.8844>
	look_at <35, 29.7336, 32.9568>
	direction <0, -65.2515, -11.9276>
	angle 67.0682
}


# declare cpy_camera_pos = <35, 94.9851, 44.8844>;
# if (DRAW_FOG = 1)
fog {
	fog_type 2
	up vnormalize(cpy_camera_pos)
	color rgbt<1,1,1,0.3>
	distance 1e-5
	fog_alt 3e-3
	fog_offset 56
}
# end


// LIGHTS

# declare lum = 6;
global_settings {
	ambient_light rgb lum * <0.05, 0.05, 0.05>
	max_trace_level 15
}# declare cpy_direct_light_amount = 0.25;
light_source
{	1000 * <-1, -1.16352, -0.803886>,
	rgb lum * cpy_direct_light_amount
	parallel
}

light_source
{	1000 * <1, 1.16352, 0.803886>,
	rgb lum * cpy_direct_light_amount
	parallel
}

// strand 0

// nucleotide -1

// particle -1
sphere {
	<24.470516, 34.982567, 35.446949> 0.250000
	pigment { color rgbt <1,0,0,0> }
	no_shadow
}
cylinder {
	<24.587145, 34.968620, 35.064583>,  <24.657122, 34.960251, 34.835163>, 0.100000
	pigment { color rgbt <1,0,0,0> }
	no_shadow
}
cylinder {
	<24.587145, 34.968620, 35.064583>,  <24.470516, 34.982567, 35.446949>, 0.100000
	pigment { color rgbt <1,0,0,0> }
	no_shadow
}

// particle -1
sphere {
	<24.587145, 34.968620, 35.064583> 0.100000
	pigment { color rgbt <1,0,0,0> }
	no_shadow
}
sphere {
	0, 1
	scale<0.080000,0.200000,0.300000>
	matrix <0.571368, 0.807817, 0.144812,
		0.767154, -0.588401, 0.255458,
		0.291571, -0.034867, -0.955913,
		24.674616, 34.958160, 34.777809>
	pigment { color rgbt <0,1,1,0> }
	no_shadow
}
cylinder {
	<25.191887, 35.170322, 35.397839>,  <24.470516, 34.982567, 35.446949>, 0.130000
	pigment { color rgbt <1,0,0,0> }
	no_shadow
}

// nucleotide -1

// particle -1
sphere {
	<25.191887, 35.170322, 35.397839> 0.250000
	pigment { color rgbt <1,0,0,0> }
	no_shadow
}
cylinder {
	<25.048512, 35.242107, 35.031384>,  <24.962486, 35.285179, 34.811508>, 0.100000
	pigment { color rgbt <1,0,0,0> }
	no_shadow
}
cylinder {
	<25.048512, 35.242107, 35.031384>,  <25.191887, 35.170322, 35.397839>, 0.100000
	pigment { color rgbt <1,0,0,0> }
	no_shadow
}

// particle -1
sphere {
	<25.048512, 35.242107, 35.031384> 0.100000
	pigment { color rgbt <1,0,0,0> }
	no_shadow
}
sphere {
	0, 1
	scale<0.080000,0.200000,0.300000>
	matrix <0.396990, 0.917498, 0.024402,
		0.844937, -0.354953, -0.400113,
		-0.358441, 0.179459, -0.916141,
		24.940979, 35.295944, 34.756542>
	pigment { color rgbt <0,1,1,0> }
	no_shadow
}
cylinder {
	<25.783287, 35.553497, 34.991375>,  <25.191887, 35.170322, 35.397839>, 0.130000
	pigment { color rgbt <1,0,0,0> }
	no_shadow
}

// nucleotide -1

// particle -1
sphere {
	<25.783287, 35.553497, 34.991375> 0.250000
	pigment { color rgbt <1,0,0,0> }
	no_shadow
}
cylinder {
	<25.413609, 35.611252, 34.849945>,  <25.191801, 35.645905, 34.765087>, 0.100000
	pigment { color rgbt <1,0,0,0> }
	no_shadow
}
cylinder {
	<25.413609, 35.611252, 34.849945>,  <25.783287, 35.553497, 34.991375>, 0.100000
	pigment { color rgbt <1,0,0,0> }
	no_shadow
}

// particle -1
sphere {
	<25.413609, 35.611252, 34.849945> 0.100000
	pigment { color rgbt <1,0,0,0> }
	no_shadow
}
sphere {
	0, 1
	scale<0.080000,0.200000,0.300000>
	matrix <0.139965, 0.989420, 0.038184,
		0.355346, -0.014199, -0.934627,
		-0.924196, 0.144383, -0.353574,
		25.136349, 35.654568, 34.743874>
	pigment { color rgbt <0,1,1,0> }
	no_shadow
}
cylinder {
	<25.796202, 36.065639, 34.657913>,  <25.783287, 35.553497, 34.991375>, 0.130000
	pigment { color rgbt <1,0,0,0> }
	no_shadow
}

// nucleotide -1

// particle -1
sphere {
	<25.796202, 36.065639, 34.657913> 0.250000
	pigment { color rgbt <1,0,0,0> }
	no_shadow
}
cylinder {
	<25.404905, 36.072491, 34.740616>,  <25.170128, 36.076603, 34.790237>, 0.100000
	pigment { color rgbt <1,0,0,0> }
	no_shadow
}
cylinder {
	<25.404905, 36.072491, 34.740616>,  <25.796202, 36.065639, 34.657913>, 0.100000
	pigment { color rgbt <1,0,0,0> }
	no_shadow
}

// particle -1
sphere {
	<25.404905, 36.072491, 34.740616> 0.100000
	pigment { color rgbt <1,0,0,0> }
	no_shadow
}
sphere {
	0, 1
	scale<0.080000,0.200000,0.300000>
	matrix <0.031741, 0.997211, 0.067544,
		-0.205024, 0.072637, -0.976058,
		-0.978242, 0.017133, 0.206758,
		25.111433, 36.077629, 34.802643>
	pigment { color rgbt <0,1,1,0> }
	no_shadow
}
cylinder {
	<25.406979, 36.275040, 34.149330>,  <25.796202, 36.065639, 34.657913>, 0.130000
	pigment { color rgbt <1,0,0,0> }
	no_shadow
}

// nucleotide -1

// particle -1
sphere {
	<25.406979, 36.275040, 34.149330> 0.250000
	pigment { color rgbt <1,0,0,0> }
	no_shadow
}
cylinder {
	<25.277054, 36.401997, 34.505703>,  <25.199099, 36.478172, 34.719528>, 0.100000
	pigment { color rgbt <1,0,0,0> }
	no_shadow
}
cylinder {
	<25.277054, 36.401997, 34.505703>,  <25.406979, 36.275040, 34.149330>, 0.100000
	pigment { color rgbt <1,0,0,0> }
	no_shadow
}

// particle -1
sphere {
	<25.277054, 36.401997, 34.505703> 0.100000
	pigment { color rgbt <1,0,0,0> }
	no_shadow
}
sphere {
	0, 1
	scale<0.080000,0.200000,0.300000>
	matrix <0.342925, 0.917428, -0.201812,
		-0.881419, 0.239972, -0.406833,
		-0.324811, 0.317395, 0.890931,
		25.179611, 36.497215, 34.772984>
	pigment { color rgbt <0,1,1,0> }
	no_shadow
}
cylinder {
	<25.490038, 35.513832, 34.004257>,  <25.406979, 36.275040, 34.149330>, 0.130000
	pigment { color rgbt <1,0,0,0> }
	no_shadow
}

// nucleotide -1

// particle -1
sphere {
	<25.490038, 35.513832, 34.004257> 0.250000
	pigment { color rgbt <1,0,0,0> }
	no_shadow
}
cylinder {
	<25.875881, 35.518902, 33.898907>,  <26.107388, 35.521942, 33.835697>, 0.100000
	pigment { color rgbt <1,0,0,0> }
	no_shadow
}
cylinder {
	<25.875881, 35.518902, 33.898907>,  <25.490038, 35.513832, 34.004257>, 0.100000
	pigment { color rgbt <1,0,0,0> }
	no_shadow
}

// particle -1
sphere {
	<25.875881, 35.518902, 33.898907> 0.100000
	pigment { color rgbt <1,0,0,0> }
	no_shadow
}
sphere {
	0, 1
	scale<0.080000,0.200000,0.300000>
	matrix <0.017613, -0.999710, 0.016415,
		-0.263095, -0.020473, -0.964553,
		0.964609, 0.012670, -0.263379,
		26.165264, 35.522701, 33.819893>
	pigment { color rgbt <0,1,1,0> }
	no_shadow
}
cylinder {
	<25.635489, 35.033676, 33.376854>,  <25.490038, 35.513832, 34.004257>, 0.130000
	pigment { color rgbt <1,0,0,0> }
	no_shadow
}

// nucleotide -1

// particle -1
sphere {
	<25.635489, 35.033676, 33.376854> 0.250000
	pigment { color rgbt <1,0,0,0> }
	no_shadow
}
cylinder {
	<25.972902, 35.050610, 33.591015>,  <26.175350, 35.060768, 33.719513>, 0.100000
	pigment { color rgbt <1,0,0,0> }
	no_shadow
}
cylinder {
	<25.972902, 35.050610, 33.591015>,  <25.635489, 35.033676, 33.376854>, 0.100000
	pigment { color rgbt <1,0,0,0> }
	no_shadow
}

// particle -1
sphere {
	<25.972902, 35.050610, 33.591015> 0.100000
	pigment { color rgbt <1,0,0,0> }
	no_shadow
}
sphere {
	0, 1
	scale<0.080000,0.200000,0.300000>
	matrix <0.098710, -0.992127, -0.077076,
		0.527928, 0.117866, -0.841070,
		0.843533, 0.042331, 0.535406,
		26.225962, 35.063309, 33.751637>
	pigment { color rgbt <0,1,1,0> }
	no_shadow
}
cylinder {
	<25.965057, 34.486557, 33.086487>,  <25.635489, 35.033676, 33.376854>, 0.130000
	pigment { color rgbt <1,0,0,0> }
	no_shadow
}

// nucleotide -1

// particle -1
sphere {
	<25.965057, 34.486557, 33.086487> 0.250000
	pigment { color rgbt <1,0,0,0> }
	no_shadow
}
cylinder {
	<26.206099, 34.577114, 33.392590>,  <26.350723, 34.631451, 33.576252>, 0.100000
	pigment { color rgbt <1,0,0,0> }
	no_shadow
}
cylinder {
	<26.206099, 34.577114, 33.392590>,  <25.965057, 34.486557, 33.086487>, 0.100000
	pigment { color rgbt <1,0,0,0> }
	no_shadow
}

// particle -1
sphere {
	<26.206099, 34.577114, 33.392590> 0.100000
	pigment { color rgbt <1,0,0,0> }
	no_shadow
}
sphere {
	0, 1
	scale<0.080000,0.200000,0.300000>
	matrix <0.275978, -0.958871, 0.066356,
		0.748803, 0.171207, -0.640299,
		0.602603, 0.226396, 0.765254,
		26.386879, 34.645031, 33.622166>
	pigment { color rgbt <0,1,1,0> }
	no_shadow
}
cylinder {
	<26.637924, 34.184727, 32.887428>,  <25.965057, 34.486557, 33.086487>, 0.130000
	pigment { color rgbt <1,0,0,0> }
	no_shadow
}

// nucleotide -1

// particle -1
sphere {
	<26.637924, 34.184727, 32.887428> 0.250000
	pigment { color rgbt <1,0,0,0> }
	no_shadow
}
cylinder {
	<26.626205, 34.212898, 33.286263>,  <26.619175, 34.229801, 33.525562>, 0.100000
	pigment { color rgbt <1,0,0,0> }
	no_shadow
}
cylinder {
	<26.626205, 34.212898, 33.286263>,  <26.637924, 34.184727, 32.887428>, 0.100000
	pigment { color rgbt <1,0,0,0> }
	no_shadow
}

// particle -1
sphere {
	<26.626205, 34.212898, 33.286263> 0.100000
	pigment { color rgbt <1,0,0,0> }
	no_shadow
}
sphere {
	0, 1
	scale<0.080000,0.200000,0.300000>
	matrix <0.236268, -0.968760, 0.075372,
		0.971246, 0.237788, 0.011740,
		-0.029296, 0.070431, 0.997086,
		26.617416, 34.234028, 33.585388>
	pigment { color rgbt <0,1,1,0> }
	no_shadow
}
cylinder {
	<27.189318, 33.731274, 33.174606>,  <26.637924, 34.184727, 32.887428>, 0.130000
	pigment { color rgbt <1,0,0,0> }
	no_shadow
}

// nucleotide -1

// particle -1
sphere {
	<27.189318, 33.731274, 33.174606> 0.250000
	pigment { color rgbt <1,0,0,0> }
	no_shadow
}
cylinder {
	<26.925844, 33.755878, 33.474567>,  <26.767761, 33.770641, 33.654545>, 0.100000
	pigment { color rgbt <1,0,0,0> }
	no_shadow
}
cylinder {
	<26.925844, 33.755878, 33.474567>,  <27.189318, 33.731274, 33.174606>, 0.100000
	pigment { color rgbt <1,0,0,0> }
	no_shadow
}

// particle -1
sphere {
	<26.925844, 33.755878, 33.474567> 0.100000
	pigment { color rgbt <1,0,0,0> }
	no_shadow
}
sphere {
	0, 1
	scale<0.080000,0.200000,0.300000>
	matrix <0.100699, -0.980480, 0.168874,
		0.745652, 0.186749, 0.639631,
		-0.658682, 0.061511, 0.749903,
		26.728239, 33.774330, 33.699539>
	pigment { color rgbt <0,1,1,0> }
	no_shadow
}
cylinder {
	<27.501064, 33.300186, 33.599701>,  <27.189318, 33.731274, 33.174606>, 0.130000
	pigment { color rgbt <1,0,0,0> }
	no_shadow
}

// nucleotide -1

// particle -1
sphere {
	<27.501064, 33.300186, 33.599701> 0.250000
	pigment { color rgbt <1,0,0,0> }
	no_shadow
}
cylinder {
	<27.113819, 33.316971, 33.698490>,  <26.881472, 33.327042, 33.757763>, 0.100000
	pigment { color rgbt <1,0,0,0> }
	no_shadow
}
cylinder {
	<27.113819, 33.316971, 33.698490>,  <27.501064, 33.300186, 33.599701>, 0.100000
	pigment { color rgbt <1,0,0,0> }
	no_shadow
}

// particle -1
sphere {
	<27.113819, 33.316971, 33.698490> 0.100000
	pigment { color rgbt <1,0,0,0> }
	no_shadow
}
sphere {
	0, 1
	scale<0.080000,0.200000,0.300000>
	matrix <0.003705, -0.983364, 0.181608,
		0.250482, 0.176732, 0.951853,
		-0.968114, 0.041963, 0.246969,
		26.823385, 33.329559, 33.772579>
	pigment { color rgbt <0,1,1,0> }
	no_shadow
}
cylinder {
	<27.474285, 32.986736, 34.334084>,  <27.501064, 33.300186, 33.599701>, 0.130000
	pigment { color rgbt <1,0,0,0> }
	no_shadow
}

// nucleotide -1

// particle -1
sphere {
	<27.474285, 32.986736, 34.334084> 0.250000
	pigment { color rgbt <1,0,0,0> }
	no_shadow
}
cylinder {
	<27.138227, 32.953220, 34.119743>,  <26.936594, 32.933109, 33.991138>, 0.100000
	pigment { color rgbt <1,0,0,0> }
	no_shadow
}
cylinder {
	<27.138227, 32.953220, 34.119743>,  <27.474285, 32.986736, 34.334084>, 0.100000
	pigment { color rgbt <1,0,0,0> }
	no_shadow
}

// particle -1
sphere {
	<27.138227, 32.953220, 34.119743> 0.100000
	pigment { color rgbt <1,0,0,0> }
	no_shadow
}
sphere {
	0, 1
	scale<0.080000,0.200000,0.300000>
	matrix <0.001941, -0.988452, 0.151526,
		-0.542362, 0.126263, 0.830603,
		-0.840143, -0.083794, -0.535854,
		26.886185, 32.928082, 33.958988>
	pigment { color rgbt <0,1,1,0> }
	no_shadow
}
cylinder {
	<27.123415, 32.568390, 34.649029>,  <27.474285, 32.986736, 34.334084>, 0.130000
	pigment { color rgbt <1,0,0,0> }
	no_shadow
}

// nucleotide -1

// particle -1
sphere {
	<27.123415, 32.568390, 34.649029> 0.250000
	pigment { color rgbt <1,0,0,0> }
	no_shadow
}
cylinder {
	<26.933218, 32.539108, 34.298363>,  <26.819099, 32.521542, 34.087963>, 0.100000
	pigment { color rgbt <1,0,0,0> }
	no_shadow
}
cylinder {
	<26.933218, 32.539108, 34.298363>,  <27.123415, 32.568390, 34.649029>, 0.100000
	pigment { color rgbt <1,0,0,0> }
	no_shadow
}

// particle -1
sphere {
	<26.933218, 32.539108, 34.298363> 0.100000
	pigment { color rgbt <1,0,0,0> }
	no_shadow
}
sphere {
	0, 1
	scale<0.080000,0.200000,0.300000>
	matrix <-0.108641, -0.984017, 0.141091,
		-0.872986, 0.162330, 0.459940,
		-0.475493, -0.073202, -0.876669,
		26.790569, 32.517147, 34.035362>
	pigment { color rgbt <0,1,1,0> }
	no_shadow
}
cylinder {
	<26.463856, 32.249573, 34.863388>,  <27.123415, 32.568390, 34.649029>, 0.130000
	pigment { color rgbt <1,0,0,0> }
	no_shadow
}

// nucleotide -1

// particle -1
sphere {
	<26.463856, 32.249573, 34.863388> 0.250000
	pigment { color rgbt <1,0,0,0> }
	no_shadow
}
cylinder {
	<26.529301, 32.189884, 34.473320>,  <26.568567, 32.154072, 34.239277>, 0.100000
	pigment { color rgbt <1,0,0,0> }
	no_shadow
}
cylinder {
	<26.529301, 32.189884, 34.473320>,  <26.463856, 32.249573, 34.863388>, 0.100000
	pigment { color rgbt <1,0,0,0> }
	no_shadow
}

// particle -1
sphere {
	<26.529301, 32.189884, 34.473320> 0.100000
	pigment { color rgbt <1,0,0,0> }
	no_shadow
}
sphere {
	0, 1
	scale<0.080000,0.200000,0.300000>
	matrix <-0.121985, -0.983968, 0.130105,
		-0.978954, 0.097670, -0.179193,
		0.163613, -0.149225, -0.975173,
		26.578384, 32.145115, 34.180767>
	pigment { color rgbt <0,1,1,0> }
	no_shadow
}
cylinder {
	<25.822107, 31.766293, 34.578266>,  <26.463856, 32.249573, 34.863388>, 0.130000
	pigment { color rgbt <1,0,0,0> }
	no_shadow
}

// nucleotide -1

// particle -1
sphere {
	<25.822107, 31.766293, 34.578266> 0.250000
	pigment { color rgbt <1,0,0,0> }
	no_shadow
}
cylinder {
	<26.144167, 31.722218, 34.345165>,  <26.337402, 31.695772, 34.205307>, 0.100000
	pigment { color rgbt <1,0,0,0> }
	no_shadow
}
cylinder {
	<26.144167, 31.722218, 34.345165>,  <25.822107, 31.766293, 34.578266>, 0.100000
	pigment { color rgbt <1,0,0,0> }
	no_shadow
}

// particle -1
sphere {
	<26.144167, 31.722218, 34.345165> 0.100000
	pigment { color rgbt <1,0,0,0> }
	no_shadow
}
sphere {
	0, 1
	scale<0.080000,0.200000,0.300000>
	matrix <-0.112219, -0.993144, 0.032741,
		-0.582360, 0.039034, -0.811993,
		0.805148, -0.110188, -0.582748,
		26.385712, 31.689161, 34.170341>
	pigment { color rgbt <0,1,1,0> }
	no_shadow
}
cylinder {
	<25.686880, 31.196255, 34.161644>,  <25.822107, 31.766293, 34.578266>, 0.130000
	pigment { color rgbt <1,0,0,0> }
	no_shadow
}

// nucleotide -1

// particle -1
sphere {
	<25.686880, 31.196255, 34.161644> 0.250000
	pigment { color rgbt <1,0,0,0> }
	no_shadow
}
cylinder {
	<26.079292, 31.236870, 34.095592>,  <26.314739, 31.261238, 34.055962>, 0.100000
	pigment { color rgbt <1,0,0,0> }
	no_shadow
}
cylinder {
	<26.079292, 31.236870, 34.095592>,  <25.686880, 31.196255, 34.161644>, 0.100000
	pigment { color rgbt <1,0,0,0> }
	no_shadow
}

// particle -1
sphere {
	<26.079292, 31.236870, 34.095592> 0.100000
	pigment { color rgbt <1,0,0,0> }
	no_shadow
}
sphere {
	0, 1
	scale<0.080000,0.200000,0.300000>
	matrix <0.130775, -0.975461, 0.177126,
		-0.143088, -0.195361, -0.970237,
		0.981032, 0.101538, -0.165125,
		26.373602, 31.267332, 34.046055>
	pigment { color rgbt <0,1,1,0> }
	no_shadow
}
cylinder {
	<25.841759, 30.717451, 33.566231>,  <25.686880, 31.196255, 34.161644>, 0.130000
	pigment { color rgbt <1,0,0,0> }
	no_shadow
}

// nucleotide -1

// particle -1
sphere {
	<25.841759, 30.717451, 33.566231> 0.250000
	pigment { color rgbt <1,0,0,0> }
	no_shadow
}
cylinder {
	<26.157438, 30.798405, 33.798164>,  <26.346846, 30.846977, 33.937325>, 0.100000
	pigment { color rgbt <1,0,0,0> }
	no_shadow
}
cylinder {
	<26.157438, 30.798405, 33.798164>,  <25.841759, 30.717451, 33.566231>, 0.100000
	pigment { color rgbt <1,0,0,0> }
	no_shadow
}

// particle -1
sphere {
	<26.157438, 30.798405, 33.798164> 0.100000
	pigment { color rgbt <1,0,0,0> }
	no_shadow
}
sphere {
	0, 1
	scale<0.080000,0.200000,0.300000>
	matrix <0.088422, -0.971750, 0.218825,
		0.607738, -0.121427, -0.784800,
		0.789200, 0.202382, 0.579832,
		26.394197, 30.859119, 33.972115>
	pigment { color rgbt <0,1,1,0> }
	no_shadow
}
cylinder {
	<26.335899, 30.249390, 33.408928>,  <25.841759, 30.717451, 33.566231>, 0.130000
	pigment { color rgbt <1,0,0,0> }
	no_shadow
}

// nucleotide -1

// particle -1
sphere {
	<26.335899, 30.249390, 33.408928> 0.250000
	pigment { color rgbt <1,0,0,0> }
	no_shadow
}
cylinder {
	<26.483177, 30.360683, 33.763783>,  <26.571545, 30.427460, 33.976696>, 0.100000
	pigment { color rgbt <1,0,0,0> }
	no_shadow
}
cylinder {
	<26.483177, 30.360683, 33.763783>,  <26.335899, 30.249390, 33.408928>, 0.100000
	pigment { color rgbt <1,0,0,0> }
	no_shadow
}

// particle -1
sphere {
	<26.483177, 30.360683, 33.763783> 0.100000
	pigment { color rgbt <1,0,0,0> }
	no_shadow
}
sphere {
	0, 1
	scale<0.080000,0.200000,0.300000>
	matrix <0.118865, -0.960429, 0.251886,
		0.922120, 0.012707, -0.386696,
		0.368193, 0.278233, 0.887141,
		26.593636, 30.444153, 34.029926>
	pigment { color rgbt <0,1,1,0> }
	no_shadow
}
cylinder {
	<27.026695, 29.975086, 33.397587>,  <26.335899, 30.249390, 33.408928>, 0.130000
	pigment { color rgbt <1,0,0,0> }
	no_shadow
}

// nucleotide -1

// particle -1
sphere {
	<27.026695, 29.975086, 33.397587> 0.250000
	pigment { color rgbt <1,0,0,0> }
	no_shadow
}
cylinder {
	<26.923189, 30.041779, 33.778164>,  <26.861086, 30.081795, 34.006512>, 0.100000
	pigment { color rgbt <1,0,0,0> }
	no_shadow
}
cylinder {
	<26.923189, 30.041779, 33.778164>,  <27.026695, 29.975086, 33.397587>, 0.100000
	pigment { color rgbt <1,0,0,0> }
	no_shadow
}

// particle -1
sphere {
	<26.923189, 30.041779, 33.778164> 0.100000
	pigment { color rgbt <1,0,0,0> }
	no_shadow
}
sphere {
	0, 1
	scale<0.080000,0.200000,0.300000>
	matrix <0.404864, -0.875573, 0.263547,
		0.876998, 0.453402, 0.159065,
		-0.258766, 0.166731, 0.951442,
		26.845560, 30.091797, 34.063595>
	pigment { color rgbt <0,1,1,0> }
	no_shadow
}
cylinder {
	<27.516943, 29.669037, 33.685425>,  <27.026695, 29.975086, 33.397587>, 0.130000
	pigment { color rgbt <1,0,0,0> }
	no_shadow
}

// nucleotide -1

// particle -1
sphere {
	<27.516943, 29.669037, 33.685425> 0.250000
	pigment { color rgbt <1,0,0,0> }
	no_shadow
}
cylinder {
	<27.268389, 29.726154, 33.993580>,  <27.119257, 29.760426, 34.178471>, 0.100000
	pigment { color rgbt <1,0,0,0> }
	no_shadow
}
cylinder {
	<27.268389, 29.726154, 33.993580>,  <27.516943, 29.669037, 33.685425>, 0.100000
	pigment { color rgbt <1,0,0,0> }
	no_shadow
}

// particle -1
sphere {
	<27.268389, 29.726154, 33.993580> 0.100000
	pigment { color rgbt <1,0,0,0> }
	no_shadow
}
sphere {
	0, 1
	scale<0.080000,0.200000,0.300000>
	matrix <0.379957, -0.804979, 0.455676,
		0.685211, 0.575863, 0.445946,
		-0.621384, 0.142794, 0.770384,
		27.081974, 29.768993, 34.224693>
	pigment { color rgbt <0,1,1,0> }
	no_shadow
}
cylinder {
	<28.003933, 29.570826, 34.191540>,  <27.516943, 29.669037, 33.685425>, 0.130000
	pigment { color rgbt <1,0,0,0> }
	no_shadow
}

// nucleotide -1

// particle -1
sphere {
	<28.003933, 29.570826, 34.191540> 0.250000
	pigment { color rgbt <1,0,0,0> }
	no_shadow
}
cylinder {
	<27.641861, 29.546499, 34.359802>,  <27.424618, 29.531902, 34.460758>, 0.100000
	pigment { color rgbt <1,0,0,0> }
	no_shadow
}
cylinder {
	<27.641861, 29.546499, 34.359802>,  <28.003933, 29.570826, 34.191540>, 0.100000
	pigment { color rgbt <1,0,0,0> }
	no_shadow
}

// particle -1
sphere {
	<27.641861, 29.546499, 34.359802> 0.100000
	pigment { color rgbt <1,0,0,0> }
	no_shadow
}
sphere {
	0, 1
	scale<0.080000,0.200000,0.300000>
	matrix <0.288730, -0.814278, 0.503573,
		0.311903, 0.577280, 0.754629,
		-0.905180, -0.060818, 0.420654,
		27.370306, 29.528254, 34.486000>
	pigment { color rgbt <0,1,1,0> }
	no_shadow
}
cylinder {
	<27.974018, 29.597082, 35.034534>,  <28.003933, 29.570826, 34.191540>, 0.130000
	pigment { color rgbt <1,0,0,0> }
	no_shadow
}

// nucleotide -1

// particle -1
sphere {
	<27.974018, 29.597082, 35.034534> 0.250000
	pigment { color rgbt <1,0,0,0> }
	no_shadow
}
cylinder {
	<27.643164, 29.419586, 34.896584>,  <27.444651, 29.313089, 34.813812>, 0.100000
	pigment { color rgbt <1,0,0,0> }
	no_shadow
}
cylinder {
	<27.643164, 29.419586, 34.896584>,  <27.974018, 29.597082, 35.034534>, 0.100000
	pigment { color rgbt <1,0,0,0> }
	no_shadow
}

// particle -1
sphere {
	<27.643164, 29.419586, 34.896584> 0.100000
	pigment { color rgbt <1,0,0,0> }
	no_shadow
}
sphere {
	0, 1
	scale<0.080000,0.200000,0.300000>
	matrix <0.174978, -0.786492, 0.592295,
		-0.534065, 0.429564, 0.728182,
		-0.827138, -0.443740, -0.344873,
		27.395021, 29.286465, 34.793121>
	pigment { color rgbt <0,1,1,0> }
	no_shadow
}
cylinder {
	<27.742947, 29.180922, 35.607971>,  <27.974018, 29.597082, 35.034534>, 0.130000
	pigment { color rgbt <1,0,0,0> }
	no_shadow
}

// nucleotide -1

// particle -1
sphere {
	<27.742947, 29.180922, 35.607971> 0.250000
	pigment { color rgbt <1,0,0,0> }
	no_shadow
}
cylinder {
	<27.544605, 29.010475, 35.305302>,  <27.425600, 28.908207, 35.123699>, 0.100000
	pigment { color rgbt <1,0,0,0> }
	no_shadow
}
cylinder {
	<27.544605, 29.010475, 35.305302>,  <27.742947, 29.180922, 35.607971>, 0.100000
	pigment { color rgbt <1,0,0,0> }
	no_shadow
}

// particle -1
sphere {
	<27.544605, 29.010475, 35.305302> 0.100000
	pigment { color rgbt <1,0,0,0> }
	no_shadow
}
sphere {
	0, 1
	scale<0.080000,0.200000,0.300000>
	matrix <0.244221, -0.904595, 0.349377,
		-0.833358, -0.011557, 0.552613,
		-0.495853, -0.426116, -0.756674,
		27.395849, 28.882641, 35.078300>
	pigment { color rgbt <0,1,1,0> }
	no_shadow
}
cylinder {
	<27.350531, 28.626446, 35.864403>,  <27.742947, 29.180922, 35.607971>, 0.130000
	pigment { color rgbt <1,0,0,0> }
	no_shadow
}

// nucleotide -1

// particle -1
sphere {
	<27.350531, 28.626446, 35.864403> 0.250000
	pigment { color rgbt <1,0,0,0> }
	no_shadow
}
cylinder {
	<27.380255, 28.553034, 35.472321>,  <27.398088, 28.508987, 35.237072>, 0.100000
	pigment { color rgbt <1,0,0,0> }
	no_shadow
}
cylinder {
	<27.380255, 28.553034, 35.472321>,  <27.350531, 28.626446, 35.864403>, 0.100000
	pigment { color rgbt <1,0,0,0> }
	no_shadow
}

// particle -1
sphere {
	<27.380255, 28.553034, 35.472321> 0.100000
	pigment { color rgbt <1,0,0,0> }
	no_shadow
}
sphere {
	0, 1
	scale<0.080000,0.200000,0.300000>
	matrix <0.308658, -0.930420, 0.197608,
		-0.948266, -0.317231, -0.012491,
		0.074309, -0.183530, -0.980201,
		27.402548, 28.497974, 35.178261>
	pigment { color rgbt <0,1,1,0> }
	no_shadow
}
cylinder {
	<27.079531, 28.002766, 35.721439>,  <27.350531, 28.626446, 35.864403>, 0.130000
	pigment { color rgbt <1,0,0,0> }
	no_shadow
}

// nucleotide -1

// particle -1
sphere {
	<27.079531, 28.002766, 35.721439> 0.250000
	pigment { color rgbt <1,0,0,0> }
	no_shadow
}
cylinder {
	<27.284534, 28.049740, 35.381195>,  <27.407536, 28.077925, 35.177048>, 0.100000
	pigment { color rgbt <1,0,0,0> }
	no_shadow
}
cylinder {
	<27.284534, 28.049740, 35.381195>,  <27.079531, 28.002766, 35.721439>, 0.100000
	pigment { color rgbt <1,0,0,0> }
	no_shadow
}

// particle -1
sphere {
	<27.284534, 28.049740, 35.381195> 0.100000
	pigment { color rgbt <1,0,0,0> }
	no_shadow
}
sphere {
	0, 1
	scale<0.080000,0.200000,0.300000>
	matrix <0.233846, -0.972251, 0.006668,
		-0.826228, -0.202330, -0.525747,
		0.512507, 0.117434, -0.850615,
		27.438286, 28.084970, 35.126011>
	pigment { color rgbt <0,1,1,0> }
	no_shadow
}
cylinder {
	<27.017220, 27.341265, 35.547661>,  <27.079531, 28.002766, 35.721439>, 0.130000
	pigment { color rgbt <1,0,0,0> }
	no_shadow
}

// nucleotide -1

// particle -1
sphere {
	<27.017220, 27.341265, 35.547661> 0.250000
	pigment { color rgbt <1,0,0,0> }
	no_shadow
}
cylinder {
	<27.317064, 27.498487, 35.334648>,  <27.496971, 27.592821, 35.206841>, 0.100000
	pigment { color rgbt <1,0,0,0> }
	no_shadow
}
cylinder {
	<27.317064, 27.498487, 35.334648>,  <27.017220, 27.341265, 35.547661>, 0.100000
	pigment { color rgbt <1,0,0,0> }
	no_shadow
}

// particle -1
sphere {
	<27.317064, 27.498487, 35.334648> 0.100000
	pigment { color rgbt <1,0,0,0> }
	no_shadow
}
sphere {
	0, 1
	scale<0.080000,0.200000,0.300000>
	matrix <0.418649, -0.904751, -0.078479,
		-0.512656, -0.164116, -0.842763,
		0.749611, 0.393055, -0.532533,
		27.541948, 27.616404, 35.174889>
	pigment { color rgbt <0,1,1,0> }
	no_shadow
}
cylinder {
	<27.250202, 26.833639, 35.184650>,  <27.017220, 27.341265, 35.547661>, 0.130000
	pigment { color rgbt <1,0,0,0> }
	no_shadow
}

// nucleotide -1

// particle -1
sphere {
	<27.250202, 26.833639, 35.184650> 0.250000
	pigment { color rgbt <1,0,0,0> }
	no_shadow
}
cylinder {
	<27.556084, 27.084799, 35.126728>,  <27.739613, 27.235495, 35.091976>, 0.100000
	pigment { color rgbt <1,0,0,0> }
	no_shadow
}
cylinder {
	<27.556084, 27.084799, 35.126728>,  <27.250202, 26.833639, 35.184650>, 0.100000
	pigment { color rgbt <1,0,0,0> }
	no_shadow
}

// particle -1
sphere {
	<27.556084, 27.084799, 35.126728> 0.100000
	pigment { color rgbt <1,0,0,0> }
	no_shadow
}
sphere {
	0, 1
	scale<0.080000,0.200000,0.300000>
	matrix <0.614478, -0.778230, -0.129517,
		-0.194015, 0.010063, -0.980947,
		0.764706, 0.627899, -0.144804,
		27.785496, 27.273169, 35.083286>
	pigment { color rgbt <0,1,1,0> }
	no_shadow
}
cylinder {
	<27.426512, 26.787071, 34.425262>,  <27.250202, 26.833639, 35.184650>, 0.130000
	pigment { color rgbt <1,0,0,0> }
	no_shadow
}

// nucleotide -1

// particle -1
sphere {
	<27.426512, 26.787071, 34.425262> 0.250000
	pigment { color rgbt <1,0,0,0> }
	no_shadow
}
cylinder {
	<27.688030, 26.880817, 34.713047>,  <27.844942, 26.937065, 34.885719>, 0.100000
	pigment { color rgbt <1,0,0,0> }
	no_shadow
}
cylinder {
	<27.688030, 26.880817, 34.713047>,  <27.426512, 26.787071, 34.425262>, 0.100000
	pigment { color rgbt <1,0,0,0> }
	no_shadow
}

// particle -1
sphere {
	<27.688030, 26.880817, 34.713047> 0.100000
	pigment { color rgbt <1,0,0,0> }
	no_shadow
}
sphere {
	0, 1
	scale<0.080000,0.200000,0.300000>
	matrix <0.532508, -0.818020, -0.217434,
		0.537574, 0.525276, -0.659620,
		0.653796, 0.234366, 0.719461,
		27.884169, 26.951128, 34.928886>
	pigment { color rgbt <0,1,1,0> }
	no_shadow
}
cylinder {
	<28.043436, 26.682945, 34.174767>,  <27.426512, 26.787071, 34.425262>, 0.130000
	pigment { color rgbt <1,0,0,0> }
	no_shadow
}

// nucleotide -1

// particle -1
sphere {
	<28.043436, 26.682945, 34.174767> 0.250000
	pigment { color rgbt <1,0,0,0> }
	no_shadow
}
cylinder {
	<28.058109, 26.625570, 34.570358>,  <28.066914, 26.591145, 34.807713>, 0.100000
	pigment { color rgbt <1,0,0,0> }
	no_shadow
}
cylinder {
	<28.058109, 26.625570, 34.570358>,  <28.043436, 26.682945, 34.174767>, 0.100000
	pigment { color rgbt <1,0,0,0> }
	no_shadow
}

// particle -1
sphere {
	<28.058109, 26.625570, 34.570358> 0.100000
	pigment { color rgbt <1,0,0,0> }
	no_shadow
}
sphere {
	0, 1
	scale<0.080000,0.200000,0.300000>
	matrix <0.651784, -0.746744, -0.132482,
		0.757517, 0.649461, 0.066098,
		0.036683, -0.143439, 0.988979,
		28.069115, 26.582539, 34.867050>
	pigment { color rgbt <0,1,1,0> }
	no_shadow
}
cylinder {
	<28.765406, 26.607925, 34.342598>,  <28.043436, 26.682945, 34.174767>, 0.130000
	pigment { color rgbt <1,0,0,0> }
	no_shadow
}

// nucleotide -1

// particle -1
sphere {
	<28.765406, 26.607925, 34.342598> 0.250000
	pigment { color rgbt <1,0,0,0> }
	no_shadow
}
cylinder {
	<28.579409, 26.412455, 34.637886>,  <28.467810, 26.295172, 34.815060>, 0.100000
	pigment { color rgbt <1,0,0,0> }
	no_shadow
}
cylinder {
	<28.579409, 26.412455, 34.637886>,  <28.765406, 26.607925, 34.342598>, 0.100000
	pigment { color rgbt <1,0,0,0> }
	no_shadow
}

// particle -1
sphere {
	<28.579409, 26.412455, 34.637886> 0.100000
	pigment { color rgbt <1,0,0,0> }
	no_shadow
}
sphere {
	0, 1
	scale<0.080000,0.200000,0.300000>
	matrix <0.655423, -0.750574, -0.084015,
		0.595149, 0.444783, 0.669303,
		-0.464993, -0.488678, 0.738224,
		28.439911, 26.265852, 34.859352>
	pigment { color rgbt <0,1,1,0> }
	no_shadow
}
cylinder {
	<29.310743, 26.502659, 34.913601>,  <28.765406, 26.607925, 34.342598>, 0.130000
	pigment { color rgbt <1,0,0,0> }
	no_shadow
}

// nucleotide -1

// particle -1
sphere {
	<29.310743, 26.502659, 34.913601> 0.250000
	pigment { color rgbt <1,0,0,0> }
	no_shadow
}
cylinder {
	<29.040140, 26.208519, 34.897591>,  <28.877779, 26.032036, 34.887985>, 0.100000
	pigment { color rgbt <1,0,0,0> }
	no_shadow
}
cylinder {
	<29.040140, 26.208519, 34.897591>,  <29.310743, 26.502659, 34.913601>, 0.100000
	pigment { color rgbt <1,0,0,0> }
	no_shadow
}

// particle -1
sphere {
	<29.040140, 26.208519, 34.897591> 0.100000
	pigment { color rgbt <1,0,0,0> }
	no_shadow
}
sphere {
	0, 1
	scale<0.080000,0.200000,0.300000>
	matrix <0.734639, -0.670063, -0.106401,
		0.051421, -0.101386, 0.993517,
		-0.676507, -0.735348, -0.040027,
		28.837189, 25.987915, 34.885582>
	pigment { color rgbt <0,1,1,0> }
	no_shadow
}
cylinder {
	<29.521330, 25.974194, 35.179085>,  <29.310743, 26.502659, 34.913601>, 0.130000
	pigment { color rgbt <1,0,0,0> }
	no_shadow
}

// nucleotide -1

// particle -1
sphere {
	<29.521330, 25.974194, 35.179085> 0.250000
	pigment { color rgbt <1,0,0,0> }
	no_shadow
}
cylinder {
	<29.249479, 25.771990, 34.966457>,  <29.086369, 25.650667, 34.838879>, 0.100000
	pigment { color rgbt <1,0,0,0> }
	no_shadow
}
cylinder {
	<29.249479, 25.771990, 34.966457>,  <29.521330, 25.974194, 35.179085>, 0.100000
	pigment { color rgbt <1,0,0,0> }
	no_shadow
}

// particle -1
sphere {
	<29.249479, 25.771990, 34.966457> 0.100000
	pigment { color rgbt <1,0,0,0> }
	no_shadow
}
sphere {
	0, 1
	scale<0.080000,0.200000,0.300000>
	matrix <0.639001, -0.763854, -0.090578,
		-0.360255, -0.401234, 0.842157,
		-0.679628, -0.505508, -0.531571,
		29.045591, 25.620338, 34.806988>
	pigment { color rgbt <0,1,1,0> }
	no_shadow
}
cylinder {
	<30.346746, 26.043640, 35.311939>,  <29.521330, 25.974194, 35.179085>, 0.130000
	pigment { color rgbt <1,0,0,0> }
	no_shadow
}

// nucleotide -1

// particle -1
sphere {
	<30.346746, 26.043640, 35.311939> 0.250000
	pigment { color rgbt <1,0,0,0> }
	no_shadow
}
cylinder {
	<30.644657, 26.210148, 35.520565>,  <30.823402, 26.310053, 35.645741>, 0.100000
	pigment { color rgbt <1,0,0,0> }
	no_shadow
}
cylinder {
	<30.644657, 26.210148, 35.520565>,  <30.346746, 26.043640, 35.311939>, 0.100000
	pigment { color rgbt <1,0,0,0> }
	no_shadow
}

// particle -1
sphere {
	<30.644657, 26.210148, 35.520565> 0.100000
	pigment { color rgbt <1,0,0,0> }
	no_shadow
}
sphere {
	0, 1
	scale<0.080000,0.200000,0.300000>
	matrix <0.128711, 0.677300, -0.724360,
		-0.654785, 0.606617, 0.450858,
		0.744775, 0.416270, 0.521564,
		30.868090, 26.335030, 35.677032>
	pigment { color rgbt <0,1,1,0> }
	no_shadow
}
cylinder {
	<30.404106, 26.627150, 35.858440>,  <30.346746, 26.043640, 35.311939>, 0.130000
	pigment { color rgbt <1,0,0,0> }
	no_shadow
}

// nucleotide -1

// particle -1
sphere {
	<30.404106, 26.627150, 35.858440> 0.250000
	pigment { color rgbt <1,0,0,0> }
	no_shadow
}
cylinder {
	<30.697741, 26.578310, 35.591244>,  <30.873922, 26.549007, 35.430927>, 0.100000
	pigment { color rgbt <1,0,0,0> }
	no_shadow
}
cylinder {
	<30.697741, 26.578310, 35.591244>,  <30.404106, 26.627150, 35.858440>, 0.100000
	pigment { color rgbt <1,0,0,0> }
	no_shadow
}

// particle -1
sphere {
	<30.697741, 26.578310, 35.591244> 0.100000
	pigment { color rgbt <1,0,0,0> }
	no_shadow
}
sphere {
	0, 1
	scale<0.080000,0.200000,0.300000>
	matrix <-0.254863, 0.862250, -0.437687,
		0.629413, 0.491546, 0.601849,
		0.734087, -0.122097, -0.667988,
		30.917967, 26.541681, 35.390846>
	pigment { color rgbt <0,1,1,0> }
	no_shadow
}
cylinder {
	<30.772179, 27.246899, 35.827480>,  <30.404106, 26.627150, 35.858440>, 0.130000
	pigment { color rgbt <1,0,0,0> }
	no_shadow
}

// nucleotide -1

// particle -1
sphere {
	<30.772179, 27.246899, 35.827480> 0.250000
	pigment { color rgbt <1,0,0,0> }
	no_shadow
}
cylinder {
	<30.799318, 27.053732, 35.478268>,  <30.815601, 26.937832, 35.268738>, 0.100000
	pigment { color rgbt <1,0,0,0> }
	no_shadow
}
cylinder {
	<30.799318, 27.053732, 35.478268>,  <30.772179, 27.246899, 35.827480>, 0.100000
	pigment { color rgbt <1,0,0,0> }
	no_shadow
}

// particle -1
sphere {
	<30.799318, 27.053732, 35.478268> 0.100000
	pigment { color rgbt <1,0,0,0> }
	no_shadow
}
sphere {
	0, 1
	scale<0.080000,0.200000,0.300000>
	matrix <-0.308954, 0.821867, -0.478624,
		0.948654, 0.302202, -0.093436,
		0.067849, -0.482916, -0.873034,
		30.819674, 26.908857, 35.216358>
	pigment { color rgbt <0,1,1,0> }
	no_shadow
}
cylinder {
	<31.250368, 27.541321, 35.423679>,  <30.772179, 27.246899, 35.827480>, 0.130000
	pigment { color rgbt <1,0,0,0> }
	no_shadow
}

// nucleotide -1

// particle -1
sphere {
	<31.250368, 27.541321, 35.423679> 0.250000
	pigment { color rgbt <1,0,0,0> }
	no_shadow
}
cylinder {
	<30.965126, 27.400414, 35.181229>,  <30.793980, 27.315870, 35.035759>, 0.100000
	pigment { color rgbt <1,0,0,0> }
	no_shadow
}
cylinder {
	<30.965126, 27.400414, 35.181229>,  <31.250368, 27.541321, 35.423679>, 0.100000
	pigment { color rgbt <1,0,0,0> }
	no_shadow
}

// particle -1
sphere {
	<30.965126, 27.400414, 35.181229> 0.100000
	pigment { color rgbt <1,0,0,0> }
	no_shadow
}
sphere {
	0, 1
	scale<0.080000,0.200000,0.300000>
	matrix <-0.241266, 0.935091, -0.259605,
		0.658232, -0.038889, -0.751810,
		-0.713107, -0.352267, -0.606125,
		30.751194, 27.294733, 34.999390>
	pigment { color rgbt <0,1,1,0> }
	no_shadow
}
cylinder {
	<31.279663, 27.681408, 34.810234>,  <31.250368, 27.541321, 35.423679>, 0.130000
	pigment { color rgbt <1,0,0,0> }
	no_shadow
}

// nucleotide -1

// particle -1
sphere {
	<31.279663, 27.681408, 34.810234> 0.250000
	pigment { color rgbt <1,0,0,0> }
	no_shadow
}
cylinder {
	<30.881571, 27.653910, 34.837933>,  <30.642715, 27.637411, 34.854549>, 0.100000
	pigment { color rgbt <1,0,0,0> }
	no_shadow
}
cylinder {
	<30.881571, 27.653910, 34.837933>,  <31.279663, 27.681408, 34.810234>, 0.100000
	pigment { color rgbt <1,0,0,0> }
	no_shadow
}

// particle -1
sphere {
	<30.881571, 27.653910, 34.837933> 0.100000
	pigment { color rgbt <1,0,0,0> }
	no_shadow
}
sphere {
	0, 1
	scale<0.080000,0.200000,0.300000>
	matrix <-0.088535, 0.934518, -0.344729,
		-0.041009, -0.349215, -0.936145,
		-0.995228, -0.068744, 0.069242,
		30.583002, 27.633286, 34.858704>
	pigment { color rgbt <0,1,1,0> }
	no_shadow
}
cylinder {
	<31.089582, 27.986338, 34.189770>,  <31.279663, 27.681408, 34.810234>, 0.130000
	pigment { color rgbt <1,0,0,0> }
	no_shadow
}

// nucleotide -1

// particle -1
sphere {
	<31.089582, 27.986338, 34.189770> 0.250000
	pigment { color rgbt <1,0,0,0> }
	no_shadow
}
cylinder {
	<30.774448, 27.982159, 34.436089>,  <30.585369, 27.979650, 34.583881>, 0.100000
	pigment { color rgbt <1,0,0,0> }
	no_shadow
}
cylinder {
	<30.774448, 27.982159, 34.436089>,  <31.089582, 27.986338, 34.189770>, 0.100000
	pigment { color rgbt <1,0,0,0> }
	no_shadow
}

// particle -1
sphere {
	<30.774448, 27.982159, 34.436089> 0.100000
	pigment { color rgbt <1,0,0,0> }
	no_shadow
}
sphere {
	0, 1
	scale<0.080000,0.200000,0.300000>
	matrix <-0.225661, 0.935220, -0.272837,
		-0.573058, -0.353912, -0.739156,
		-0.787834, -0.010448, 0.615799,
		30.538097, 27.979025, 34.620827>
	pigment { color rgbt <0,1,1,0> }
	no_shadow
}
cylinder {
	<30.540020, 28.240725, 33.731209>,  <31.089582, 27.986338, 34.189770>, 0.130000
	pigment { color rgbt <1,0,0,0> }
	no_shadow
}

// nucleotide -1

// particle -1
sphere {
	<30.540020, 28.240725, 33.731209> 0.250000
	pigment { color rgbt <1,0,0,0> }
	no_shadow
}
cylinder {
	<30.417160, 28.323118, 34.102848>,  <30.343443, 28.372555, 34.325832>, 0.100000
	pigment { color rgbt <1,0,0,0> }
	no_shadow
}
cylinder {
	<30.417160, 28.323118, 34.102848>,  <30.540020, 28.240725, 33.731209>, 0.100000
	pigment { color rgbt <1,0,0,0> }
	no_shadow
}

// particle -1
sphere {
	<30.417160, 28.323118, 34.102848> 0.100000
	pigment { color rgbt <1,0,0,0> }
	no_shadow
}
sphere {
	0, 1
	scale<0.080000,0.200000,0.300000>
	matrix <-0.380123, 0.868476, -0.318208,
		-0.872448, -0.450911, -0.188453,
		-0.307150, 0.205985, 0.929101,
		30.325014, 28.384914, 34.381577>
	pigment { color rgbt <0,1,1,0> }
	no_shadow
}
cylinder {
	<29.808603, 28.435663, 33.623619>,  <30.540020, 28.240725, 33.731209>, 0.130000
	pigment { color rgbt <1,0,0,0> }
	no_shadow
}

// nucleotide -1

// particle -1
sphere {
	<29.808603, 28.435663, 33.623619> 0.250000
	pigment { color rgbt <1,0,0,0> }
	no_shadow
}
cylinder {
	<29.933090, 28.574440, 33.977516>,  <30.007782, 28.657707, 34.189854>, 0.100000
	pigment { color rgbt <1,0,0,0> }
	no_shadow
}
cylinder {
	<29.933090, 28.574440, 33.977516>,  <29.808603, 28.435663, 33.623619>, 0.100000
	pigment { color rgbt <1,0,0,0> }
	no_shadow
}

// particle -1
sphere {
	<29.933090, 28.574440, 33.977516> 0.100000
	pigment { color rgbt <1,0,0,0> }
	no_shadow
}
sphere {
	0, 1
	scale<0.080000,0.200000,0.300000>
	matrix <-0.570642, 0.812684, -0.117955,
		-0.759941, -0.468162, 0.450903,
		0.311219, 0.346943, 0.884745,
		30.026457, 28.678522, 34.242939>
	pigment { color rgbt <0,1,1,0> }
	no_shadow
}
cylinder {
	<29.248608, 28.837444, 34.007057>,  <29.808603, 28.435663, 33.623619>, 0.130000
	pigment { color rgbt <1,0,0,0> }
	no_shadow
}

// nucleotide -1

// particle -1
sphere {
	<29.248608, 28.837444, 34.007057> 0.250000
	pigment { color rgbt <1,0,0,0> }
	no_shadow
}
cylinder {
	<29.584915, 28.969175, 34.178944>,  <29.786699, 29.048214, 34.282074>, 0.100000
	pigment { color rgbt <1,0,0,0> }
	no_shadow
}
cylinder {
	<29.584915, 28.969175, 34.178944>,  <29.248608, 28.837444, 34.007057>, 0.100000
	pigment { color rgbt <1,0,0,0> }
	no_shadow
}

// particle -1
sphere {
	<29.584915, 28.969175, 34.178944> 0.100000
	pigment { color rgbt <1,0,0,0> }
	no_shadow
}
sphere {
	0, 1
	scale<0.080000,0.200000,0.300000>
	matrix <-0.325349, 0.941750, -0.085178,
		-0.432735, -0.068192, 0.898939,
		0.840767, 0.329328, 0.429714,
		29.837145, 29.067974, 34.307858>
	pigment { color rgbt <0,1,1,0> }
	no_shadow
}
cylinder {
	<29.074633, 29.418016, 34.401413>,  <29.248608, 28.837444, 34.007057>, 0.130000
	pigment { color rgbt <1,0,0,0> }
	no_shadow
}

// nucleotide -1

// particle -1
sphere {
	<29.074633, 29.418016, 34.401413> 0.250000
	pigment { color rgbt <1,0,0,0> }
	no_shadow
}
cylinder {
	<29.470900, 29.470882, 34.414768>,  <29.708660, 29.502602, 34.422779>, 0.100000
	pigment { color rgbt <1,0,0,0> }
	no_shadow
}
cylinder {
	<29.470900, 29.470882, 34.414768>,  <29.074633, 29.418016, 34.401413>, 0.100000
	pigment { color rgbt <1,0,0,0> }
	no_shadow
}

// particle -1
sphere {
	<29.470900, 29.470882, 34.414768> 0.100000
	pigment { color rgbt <1,0,0,0> }
	no_shadow
}
sphere {
	0, 1
	scale<0.080000,0.200000,0.300000>
	matrix <-0.127745, 0.985576, -0.111000,
		-0.047573, 0.105699, 0.993260,
		0.990666, 0.132164, 0.033385,
		29.768099, 29.510532, 34.424782>
	pigment { color rgbt <0,1,1,0> }
	no_shadow
}
cylinder {
	<29.201077, 29.974731, 34.896290>,  <29.074633, 29.418016, 34.401413>, 0.130000
	pigment { color rgbt <1,0,0,0> }
	no_shadow
}

// nucleotide -1

// particle -1
sphere {
	<29.201077, 29.974731, 34.896290> 0.250000
	pigment { color rgbt <1,0,0,0> }
	no_shadow
}
cylinder {
	<29.515947, 29.953207, 34.650539>,  <29.704870, 29.940292, 34.503090>, 0.100000
	pigment { color rgbt <1,0,0,0> }
	no_shadow
}
cylinder {
	<29.515947, 29.953207, 34.650539>,  <29.201077, 29.974731, 34.896290>, 0.100000
	pigment { color rgbt <1,0,0,0> }
	no_shadow
}

// particle -1
sphere {
	<29.515947, 29.953207, 34.650539> 0.100000
	pigment { color rgbt <1,0,0,0> }
	no_shadow
}
sphere {
	0, 1
	scale<0.080000,0.200000,0.300000>
	matrix <-0.058075, 0.985292, -0.160710,
