// switches for output
#declare DRAW_BASES = 1; // possible values are 0, 1; only relevant for DNA ribbons
#declare DRAW_BASES_TYPE = 3; // possible values are 1, 2, 3; only relevant for DNA ribbons
#declare DRAW_FOG = 0; // set to 1 to enable fog

#include "colors.inc"

#include "transforms.inc"
background { rgb <1, 1, 1>}

#default {
   normal{
       ripples 0.25
       frequency 0.20
       turbulence 0.2
       lambda 5
   }
	finish {
		phong 0.1
		phong_size 40.
	}
}

// original window dimensions: 1024x640


// camera settings

camera {
	sky <0, 0.179814, -0.983701>
	up <0, 0.179814, -0.983701>
	right 1.6 * <1, 0, 0>
	location <35, 94.9851, 44.8844>
	look_at <35, 29.7336, 32.9568>
	direction <0, -65.2515, -11.9276>
	angle 67.0682
}


# declare cpy_camera_pos = <35, 94.9851, 44.8844>;
# if (DRAW_FOG = 1)
fog {
	fog_type 2
	up vnormalize(cpy_camera_pos)
	color rgbt<1,1,1,0.3>
	distance 1e-5
	fog_alt 3e-3
	fog_offset 56
}
# end


// LIGHTS

# declare lum = 6;
global_settings {
	ambient_light rgb lum * <0.05, 0.05, 0.05>
	max_trace_level 15
}# declare cpy_direct_light_amount = 0.25;
light_source
{	1000 * <-1, -1.16352, -0.803886>,
	rgb lum * cpy_direct_light_amount
	parallel
}

light_source
{	1000 * <1, 1.16352, 0.803886>,
	rgb lum * cpy_direct_light_amount
	parallel
}

// strand 0

// nucleotide -1

// particle -1
sphere {
	<24.353022, 34.899925, 34.826221> 0.250000
	pigment { color rgbt <1,0,0,0> }
	no_shadow
}
cylinder {
	<24.587374, 34.956257, 35.145447>,  <24.727985, 34.990055, 35.336983>, 0.100000
	pigment { color rgbt <1,0,0,0> }
	no_shadow
}
cylinder {
	<24.587374, 34.956257, 35.145447>,  <24.353022, 34.899925, 34.826221>, 0.100000
	pigment { color rgbt <1,0,0,0> }
	no_shadow
}

// particle -1
sphere {
	<24.587374, 34.956257, 35.145447> 0.100000
	pigment { color rgbt <1,0,0,0> }
	no_shadow
}
sphere {
	0, 1
	scale<0.080000,0.200000,0.300000>
	matrix <0.783998, 0.150817, -0.602164,
		-0.205163, 0.978479, -0.022047,
		0.585880, 0.140827, 0.798068,
		24.763138, 34.998505, 35.384869>
	pigment { color rgbt <0,1,1,0> }
	no_shadow
}
cylinder {
	<24.673084, 35.536846, 34.649593>,  <24.353022, 34.899925, 34.826221>, 0.130000
	pigment { color rgbt <1,0,0,0> }
	no_shadow
}

// nucleotide -1

// particle -1
sphere {
	<24.673084, 35.536846, 34.649593> 0.250000
	pigment { color rgbt <1,0,0,0> }
	no_shadow
}
cylinder {
	<24.863539, 35.255592, 34.860836>,  <24.977812, 35.086838, 34.987583>, 0.100000
	pigment { color rgbt <1,0,0,0> }
	no_shadow
}
cylinder {
	<24.863539, 35.255592, 34.860836>,  <24.673084, 35.536846, 34.649593>, 0.100000
	pigment { color rgbt <1,0,0,0> }
	no_shadow
}

// particle -1
sphere {
	<24.863539, 35.255592, 34.860836> 0.100000
	pigment { color rgbt <1,0,0,0> }
	no_shadow
}
sphere {
	0, 1
	scale<0.080000,0.200000,0.300000>
	matrix <0.767229, 0.038696, -0.640204,
		0.429716, 0.710001, 0.557891,
		0.476134, -0.703136, 0.528106,
		25.006378, 35.044651, 35.019268>
	pigment { color rgbt <0,1,1,0> }
	no_shadow
}
cylinder {
	<25.282928, 35.886997, 35.051552>,  <24.673084, 35.536846, 34.649593>, 0.130000
	pigment { color rgbt <1,0,0,0> }
	no_shadow
}

// nucleotide -1

// particle -1
sphere {
	<25.282928, 35.886997, 35.051552> 0.250000
	pigment { color rgbt <1,0,0,0> }
	no_shadow
}
cylinder {
	<25.300468, 35.502308, 34.943348>,  <25.310993, 35.271496, 34.878426>, 0.100000
	pigment { color rgbt <1,0,0,0> }
	no_shadow
}
cylinder {
	<25.300468, 35.502308, 34.943348>,  <25.282928, 35.886997, 35.051552>, 0.100000
	pigment { color rgbt <1,0,0,0> }
	no_shadow
}

// particle -1
sphere {
	<25.300468, 35.502308, 34.943348> 0.100000
	pigment { color rgbt <1,0,0,0> }
	no_shadow
}
sphere {
	0, 1
	scale<0.080000,0.200000,0.300000>
	matrix <0.723238, 0.217352, -0.655504,
		0.689206, -0.166897, 0.705082,
		0.043850, -0.961719, -0.270507,
		25.313623, 35.213791, 34.862194>
	pigment { color rgbt <0,1,1,0> }
	no_shadow
}
cylinder {
	<25.931671, 35.874676, 34.785404>,  <25.282928, 35.886997, 35.051552>, 0.130000
	pigment { color rgbt <1,0,0,0> }
	no_shadow
}

// nucleotide -1

// particle -1
sphere {
	<25.931671, 35.874676, 34.785404> 0.250000
	pigment { color rgbt <1,0,0,0> }
	no_shadow
}
cylinder {
	<25.733732, 35.557014, 34.644295>,  <25.614969, 35.366417, 34.559628>, 0.100000
	pigment { color rgbt <1,0,0,0> }
	no_shadow
}
cylinder {
	<25.733732, 35.557014, 34.644295>,  <25.931671, 35.874676, 34.785404>, 0.100000
	pigment { color rgbt <1,0,0,0> }
	no_shadow
}

// particle -1
sphere {
	<25.733732, 35.557014, 34.644295> 0.100000
	pigment { color rgbt <1,0,0,0> }
	no_shadow
}
sphere {
	0, 1
	scale<0.080000,0.200000,0.300000>
	matrix <0.606460, -0.024866, -0.794726,
		0.622360, -0.607211, 0.493926,
		-0.494848, -0.794151, -0.352773,
		25.585278, 35.318768, 34.538464>
	pigment { color rgbt <0,1,1,0> }
	no_shadow
}
cylinder {
	<26.178453, 35.574772, 35.476856>,  <25.931671, 35.874676, 34.785404>, 0.130000
	pigment { color rgbt <1,0,0,0> }
	no_shadow
}

// nucleotide -1

// particle -1
sphere {
	<26.178453, 35.574772, 35.476856> 0.250000
	pigment { color rgbt <1,0,0,0> }
	no_shadow
}
cylinder {
	<26.072081, 35.889748, 35.699284>,  <26.008257, 36.078735, 35.832741>, 0.100000
	pigment { color rgbt <1,0,0,0> }
	no_shadow
}
cylinder {
	<26.072081, 35.889748, 35.699284>,  <26.178453, 35.574772, 35.476856>, 0.100000
	pigment { color rgbt <1,0,0,0> }
	no_shadow
}

// particle -1
sphere {
	<26.072081, 35.889748, 35.699284> 0.100000
	pigment { color rgbt <1,0,0,0> }
	no_shadow
}
sphere {
	0, 1
	scale<0.080000,0.200000,0.300000>
	matrix <-0.867428, -0.447110, 0.218315,
		0.420535, -0.424295, 0.801950,
		-0.265930, 0.787443, 0.556071,
		25.992302, 36.125980, 35.866104>
	pigment { color rgbt <0,1,1,0> }
	no_shadow
}
cylinder {
	<26.922562, 35.685818, 35.183556>,  <26.178453, 35.574772, 35.476856>, 0.130000
	pigment { color rgbt <1,0,0,0> }
	no_shadow
}

// nucleotide -1

// particle -1
sphere {
	<26.922562, 35.685818, 35.183556> 0.250000
	pigment { color rgbt <1,0,0,0> }
	no_shadow
}
cylinder {
	<27.273664, 35.635654, 35.368519>,  <27.484325, 35.605556, 35.479496>, 0.100000
	pigment { color rgbt <1,0,0,0> }
	no_shadow
}
cylinder {
	<27.273664, 35.635654, 35.368519>,  <26.922562, 35.685818, 35.183556>, 0.100000
	pigment { color rgbt <1,0,0,0> }
	no_shadow
}

// particle -1
sphere {
	<27.273664, 35.635654, 35.368519> 0.100000
	pigment { color rgbt <1,0,0,0> }
	no_shadow
}
sphere {
	0, 1
	scale<0.080000,0.200000,0.300000>
	matrix <-0.045586, -0.982617, -0.179962,
		0.476936, 0.136883, -0.868214,
		0.877755, -0.125409, 0.462405,
		27.536991, 35.598030, 35.507240>
	pigment { color rgbt <0,1,1,0> }
	no_shadow
}
cylinder {
	<27.232353, 35.139519, 34.897560>,  <26.922562, 35.685818, 35.183556>, 0.130000
	pigment { color rgbt <1,0,0,0> }
	no_shadow
}

// nucleotide -1

// particle -1
sphere {
	<27.232353, 35.139519, 34.897560> 0.250000
	pigment { color rgbt <1,0,0,0> }
	no_shadow
}
cylinder {
	<27.381918, 35.152714, 35.268311>,  <27.471657, 35.160633, 35.490761>, 0.100000
	pigment { color rgbt <1,0,0,0> }
	no_shadow
}
cylinder {
	<27.381918, 35.152714, 35.268311>,  <27.232353, 35.139519, 34.897560>, 0.100000
	pigment { color rgbt <1,0,0,0> }
	no_shadow
}

// particle -1
sphere {
	<27.381918, 35.152714, 35.268311> 0.100000
	pigment { color rgbt <1,0,0,0> }
	no_shadow
}
sphere {
	0, 1
	scale<0.080000,0.200000,0.300000>
	matrix <0.173486, -0.984216, -0.034953,
		0.911094, 0.173870, -0.373734,
		0.373912, 0.032992, 0.926877,
		27.494091, 35.162613, 35.546375>
	pigment { color rgbt <0,1,1,0> }
	no_shadow
}
cylinder {
	<27.897848, 34.663940, 34.892826>,  <27.232353, 35.139519, 34.897560>, 0.130000
	pigment { color rgbt <1,0,0,0> }
	no_shadow
}

// nucleotide -1

// particle -1
sphere {
	<27.897848, 34.663940, 34.892826> 0.250000
	pigment { color rgbt <1,0,0,0> }
	no_shadow
}
cylinder {
	<27.815756, 34.726921, 35.279213>,  <27.766500, 34.764709, 35.511044>, 0.100000
	pigment { color rgbt <1,0,0,0> }
	no_shadow
}
cylinder {
	<27.815756, 34.726921, 35.279213>,  <27.897848, 34.663940, 34.892826>, 0.100000
	pigment { color rgbt <1,0,0,0> }
	no_shadow
}

// particle -1
sphere {
	<27.815756, 34.726921, 35.279213> 0.100000
	pigment { color rgbt <1,0,0,0> }
	no_shadow
}
sphere {
	0, 1
	scale<0.080000,0.200000,0.300000>
	matrix <0.158135, -0.968672, 0.191491,
		0.965854, 0.192053, 0.173904,
		-0.205233, 0.157452, 0.965965,
		27.754187, 34.774158, 35.569004>
	pigment { color rgbt <0,1,1,0> }
	no_shadow
}
cylinder {
	<28.406231, 34.420780, 35.215355>,  <27.897848, 34.663940, 34.892826>, 0.130000
	pigment { color rgbt <1,0,0,0> }
	no_shadow
}

// nucleotide -1

// particle -1
sphere {
	<28.406231, 34.420780, 35.215355> 0.250000
	pigment { color rgbt <1,0,0,0> }
	no_shadow
}
cylinder {
	<28.099491, 34.422855, 35.472076>,  <27.915447, 34.424099, 35.626110>, 0.100000
	pigment { color rgbt <1,0,0,0> }
	no_shadow
}
cylinder {
	<28.099491, 34.422855, 35.472076>,  <28.406231, 34.420780, 35.215355>, 0.100000
	pigment { color rgbt <1,0,0,0> }
	no_shadow
}

// particle -1
sphere {
	<28.099491, 34.422855, 35.472076> 0.100000
	pigment { color rgbt <1,0,0,0> }
	no_shadow
}
sphere {
	0, 1
	scale<0.080000,0.200000,0.300000>
	matrix <0.083215, -0.990723, 0.107436,
		0.636412, 0.135795, 0.759302,
		-0.766848, 0.005188, 0.641808,
		27.869436, 34.424412, 35.664619>
	pigment { color rgbt <0,1,1,0> }
	no_shadow
}
cylinder {
	<28.634237, 34.019680, 35.784515>,  <28.406231, 34.420780, 35.215355>, 0.130000
	pigment { color rgbt <1,0,0,0> }
	no_shadow
}

// nucleotide -1

// particle -1
sphere {
	<28.634237, 34.019680, 35.784515> 0.250000
	pigment { color rgbt <1,0,0,0> }
	no_shadow
}
cylinder {
	<28.234335, 34.020565, 35.793282>,  <27.994392, 34.021095, 35.798542>, 0.100000
	pigment { color rgbt <1,0,0,0> }
	no_shadow
}
cylinder {
	<28.234335, 34.020565, 35.793282>,  <28.634237, 34.019680, 35.784515>, 0.100000
	pigment { color rgbt <1,0,0,0> }
	no_shadow
}

// particle -1
sphere {
	<28.234335, 34.020565, 35.793282> 0.100000
	pigment { color rgbt <1,0,0,0> }
	no_shadow
}
sphere {
	0, 1
	scale<0.080000,0.200000,0.300000>
	matrix <0.005491, -0.938516, 0.345193,
		0.021336, 0.345230, 0.938276,
		-0.999757, 0.002213, 0.021919,
		27.934408, 34.021229, 35.799858>
	pigment { color rgbt <0,1,1,0> }
	no_shadow
}
cylinder {
	<28.480482, 33.970192, 36.461784>,  <28.634237, 34.019680, 35.784515>, 0.130000
	pigment { color rgbt <1,0,0,0> }
	no_shadow
}

// nucleotide -1

// particle -1
sphere {
	<28.480482, 33.970192, 36.461784> 0.250000
	pigment { color rgbt <1,0,0,0> }
	no_shadow
}
cylinder {
	<28.169037, 33.845032, 36.244213>,  <27.982170, 33.769936, 36.113670>, 0.100000
	pigment { color rgbt <1,0,0,0> }
	no_shadow
}
cylinder {
	<28.169037, 33.845032, 36.244213>,  <28.480482, 33.970192, 36.461784>, 0.100000
	pigment { color rgbt <1,0,0,0> }
	no_shadow
}

// particle -1
sphere {
	<28.169037, 33.845032, 36.244213> 0.100000
	pigment { color rgbt <1,0,0,0> }
	no_shadow
}
sphere {
	0, 1
	scale<0.080000,0.200000,0.300000>
	matrix <0.082110, -0.910156, 0.406046,
		-0.622111, 0.271491, 0.734350,
		-0.778611, -0.312903, -0.543927,
		27.935453, 33.751160, 36.081036>
	pigment { color rgbt <0,1,1,0> }
	no_shadow
}
cylinder {
	<28.044783, 33.627064, 36.964214>,  <28.480482, 33.970192, 36.461784>, 0.130000
	pigment { color rgbt <1,0,0,0> }
	no_shadow
}

// nucleotide -1

// particle -1
sphere {
	<28.044783, 33.627064, 36.964214> 0.250000
	pigment { color rgbt <1,0,0,0> }
	no_shadow
}
cylinder {
	<27.897635, 33.498386, 36.615231>,  <27.809345, 33.421181, 36.405842>, 0.100000
	pigment { color rgbt <1,0,0,0> }
	no_shadow
}
cylinder {
	<27.897635, 33.498386, 36.615231>,  <28.044783, 33.627064, 36.964214>, 0.100000
	pigment { color rgbt <1,0,0,0> }
	no_shadow
}

// particle -1
sphere {
	<27.897635, 33.498386, 36.615231> 0.100000
	pigment { color rgbt <1,0,0,0> }
	no_shadow
}
sphere {
	0, 1
	scale<0.080000,0.200000,0.300000>
	matrix <0.061242, -0.944595, 0.322475,
		-0.927857, 0.065199, 0.367192,
		-0.367872, -0.321698, -0.872456,
		27.787273, 33.401878, 36.353493>
	pigment { color rgbt <0,1,1,0> }
	no_shadow
}
cylinder {
	<27.415354, 33.197174, 37.100761>,  <28.044783, 33.627064, 36.964214>, 0.130000
	pigment { color rgbt <1,0,0,0> }
	no_shadow
}

// nucleotide -1

// particle -1
sphere {
	<27.415354, 33.197174, 37.100761> 0.250000
	pigment { color rgbt <1,0,0,0> }
	no_shadow
}
cylinder {
	<27.554358, 33.112011, 36.735485>,  <27.637760, 33.060913, 36.516319>, 0.100000
	pigment { color rgbt <1,0,0,0> }
	no_shadow
}
cylinder {
	<27.554358, 33.112011, 36.735485>,  <27.415354, 33.197174, 37.100761>, 0.100000
	pigment { color rgbt <1,0,0,0> }
	no_shadow
}

// particle -1
sphere {
	<27.554358, 33.112011, 36.735485> 0.100000
	pigment { color rgbt <1,0,0,0> }
	no_shadow
}
sphere {
	0, 1
	scale<0.080000,0.200000,0.300000>
	matrix <0.155791, -0.947236, 0.280130,
		-0.924645, -0.239613, -0.296003,
		0.347508, -0.212906, -0.913186,
		27.658609, 33.048138, 36.461529>
	pigment { color rgbt <0,1,1,0> }
	no_shadow
}
cylinder {
	<27.073202, 32.581604, 36.924809>,  <27.415354, 33.197174, 37.100761>, 0.130000
	pigment { color rgbt <1,0,0,0> }
	no_shadow
}

// nucleotide -1

// particle -1
sphere {
	<27.073202, 32.581604, 36.924809> 0.250000
	pigment { color rgbt <1,0,0,0> }
	no_shadow
}
cylinder {
	<27.394732, 32.566761, 36.687325>,  <27.587648, 32.557854, 36.544834>, 0.100000
	pigment { color rgbt <1,0,0,0> }
	no_shadow
}
cylinder {
	<27.394732, 32.566761, 36.687325>,  <27.073202, 32.581604, 36.924809>, 0.100000
	pigment { color rgbt <1,0,0,0> }
	no_shadow
}

// particle -1
sphere {
	<27.394732, 32.566761, 36.687325> 0.100000
	pigment { color rgbt <1,0,0,0> }
	no_shadow
}
sphere {
	0, 1
	scale<0.080000,0.200000,0.300000>
	matrix <0.149231, -0.953558, 0.261643,
		-0.575848, -0.298914, -0.760953,
		0.803822, -0.037109, -0.593711,
		27.635878, 32.555630, 36.509212>
	pigment { color rgbt <0,1,1,0> }
	no_shadow
}
cylinder {
	<26.964930, 32.069832, 36.373936>,  <27.073202, 32.581604, 36.924809>, 0.130000
	pigment { color rgbt <1,0,0,0> }
	no_shadow
}

// nucleotide -1

// particle -1
sphere {
	<26.964930, 32.069832, 36.373936> 0.250000
	pigment { color rgbt <1,0,0,0> }
	no_shadow
}
cylinder {
	<27.353788, 32.134163, 36.442131>,  <27.587103, 32.172760, 36.483047>, 0.100000
	pigment { color rgbt <1,0,0,0> }
	no_shadow
}
cylinder {
	<27.353788, 32.134163, 36.442131>,  <26.964930, 32.069832, 36.373936>, 0.100000
	pigment { color rgbt <1,0,0,0> }
	no_shadow
}

// particle -1
sphere {
	<27.353788, 32.134163, 36.442131> 0.100000
	pigment { color rgbt <1,0,0,0> }
	no_shadow
}
sphere {
	0, 1
	scale<0.080000,0.200000,0.300000>
	matrix <0.169560, -0.984791, -0.037891,
		0.161802, 0.065743, -0.984631,
		0.972147, 0.160824, 0.170489,
		27.645432, 32.182411, 36.493279>
	pigment { color rgbt <0,1,1,0> }
	no_shadow
}
cylinder {
	<27.236069, 31.525770, 36.057777>,  <26.964930, 32.069832, 36.373936>, 0.130000
	pigment { color rgbt <1,0,0,0> }
	no_shadow
}

// nucleotide -1

// particle -1
sphere {
	<27.236069, 31.525770, 36.057777> 0.250000
	pigment { color rgbt <1,0,0,0> }
	no_shadow
}
cylinder {
	<27.554815, 31.656076, 36.261299>,  <27.746063, 31.734261, 36.383411>, 0.100000
	pigment { color rgbt <1,0,0,0> }
	no_shadow
}
cylinder {
	<27.554815, 31.656076, 36.261299>,  <27.236069, 31.525770, 36.057777>, 0.100000
	pigment { color rgbt <1,0,0,0> }
	no_shadow
}

// particle -1
sphere {
	<27.554815, 31.656076, 36.261299> 0.100000
	pigment { color rgbt <1,0,0,0> }
	no_shadow
}
sphere {
	0, 1
	scale<0.080000,0.200000,0.300000>
	matrix <0.380510, -0.924769, -0.003847,
		0.469276, 0.196672, -0.860872,
		0.796864, 0.325765, 0.508807,
		27.793875, 31.753805, 36.413940>
	pigment { color rgbt <0,1,1,0> }
	no_shadow
}
cylinder {
	<27.757469, 31.125969, 35.807415>,  <27.236069, 31.525770, 36.057777>, 0.130000
	pigment { color rgbt <1,0,0,0> }
	no_shadow
}

// nucleotide -1

// particle -1
sphere {
	<27.757469, 31.125969, 35.807415> 0.250000
	pigment { color rgbt <1,0,0,0> }
	no_shadow
}
cylinder {
	<27.907858, 31.269604, 36.149105>,  <27.998091, 31.355785, 36.354118>, 0.100000
	pigment { color rgbt <1,0,0,0> }
	no_shadow
}
cylinder {
	<27.907858, 31.269604, 36.149105>,  <27.757469, 31.125969, 35.807415>, 0.100000
	pigment { color rgbt <1,0,0,0> }
	no_shadow
}

// particle -1
sphere {
	<27.907858, 31.269604, 36.149105> 0.100000
	pigment { color rgbt <1,0,0,0> }
	no_shadow
}
sphere {
	0, 1
	scale<0.080000,0.200000,0.300000>
	matrix <0.446756, -0.877887, 0.172404,
		0.811821, 0.316811, -0.490487,
		0.375973, 0.359089, 0.854225,
		28.020649, 31.377331, 36.405373>
	pigment { color rgbt <0,1,1,0> }
	no_shadow
}
cylinder {
	<28.433067, 30.843273, 35.805614>,  <27.757469, 31.125969, 35.807415>, 0.130000
	pigment { color rgbt <1,0,0,0> }
	no_shadow
}

// nucleotide -1

// particle -1
sphere {
	<28.433067, 30.843273, 35.805614> 0.250000
	pigment { color rgbt <1,0,0,0> }
	no_shadow
}
cylinder {
	<28.388815, 30.928089, 36.194008>,  <28.362265, 30.978979, 36.427044>, 0.100000
	pigment { color rgbt <1,0,0,0> }
	no_shadow
}
cylinder {
	<28.388815, 30.928089, 36.194008>,  <28.433067, 30.843273, 35.805614>, 0.100000
	pigment { color rgbt <1,0,0,0> }
	no_shadow
}

// particle -1
sphere {
	<28.388815, 30.928089, 36.194008> 0.100000
	pigment { color rgbt <1,0,0,0> }
	no_shadow
}
sphere {
	0, 1
	scale<0.080000,0.200000,0.300000>
	matrix <0.468927, -0.850257, 0.239105,
		0.876281, 0.481770, -0.005368,
		-0.110629, 0.212040, 0.970979,
		28.355627, 30.991701, 36.485302>
	pigment { color rgbt <0,1,1,0> }
	no_shadow
}
cylinder {
	<29.106646, 30.859671, 36.194801>,  <28.433067, 30.843273, 35.805614>, 0.130000
	pigment { color rgbt <1,0,0,0> }
	no_shadow
}

// nucleotide -1

// particle -1
sphere {
	<29.106646, 30.859671, 36.194801> 0.250000
	pigment { color rgbt <1,0,0,0> }
	no_shadow
}
cylinder {
	<28.820686, 30.783245, 36.463848>,  <28.649111, 30.737391, 36.625275>, 0.100000
	pigment { color rgbt <1,0,0,0> }
	no_shadow
}
cylinder {
	<28.820686, 30.783245, 36.463848>,  <29.106646, 30.859671, 36.194801>, 0.100000
	pigment { color rgbt <1,0,0,0> }
	no_shadow
}

// particle -1
sphere {
	<28.820686, 30.783245, 36.463848> 0.100000
	pigment { color rgbt <1,0,0,0> }
	no_shadow
}
sphere {
	0, 1
	scale<0.080000,0.200000,0.300000>
	matrix <0.479837, -0.833748, 0.273169,
		0.508601, 0.518034, 0.687725,
		-0.714900, -0.191062, 0.672617,
		28.606216, 30.725927, 36.665634>
	pigment { color rgbt <0,1,1,0> }
	no_shadow
}
cylinder {
	<29.497995, 30.723516, 36.714836>,  <29.106646, 30.859671, 36.194801>, 0.130000
	pigment { color rgbt <1,0,0,0> }
	no_shadow
}

// nucleotide -1

// particle -1
sphere {
	<29.497995, 30.723516, 36.714836> 0.250000
	pigment { color rgbt <1,0,0,0> }
	no_shadow
}
cylinder {
	<29.152004, 30.585438, 36.860523>,  <28.944410, 30.502590, 36.947933>, 0.100000
	pigment { color rgbt <1,0,0,0> }
	no_shadow
}
cylinder {
	<29.152004, 30.585438, 36.860523>,  <29.497995, 30.723516, 36.714836>, 0.100000
	pigment { color rgbt <1,0,0,0> }
	no_shadow
}

// particle -1
sphere {
	<29.152004, 30.585438, 36.860523> 0.100000
	pigment { color rgbt <1,0,0,0> }
	no_shadow
}
sphere {
	0, 1
	scale<0.080000,0.200000,0.300000>
	matrix <0.488130, -0.747112, 0.451168,
		0.116369, 0.568035, 0.814736,
		-0.864978, -0.345195, 0.364215,
		28.892511, 30.481880, 36.969788>
	pigment { color rgbt <0,1,1,0> }
	no_shadow
}
cylinder {
	<29.637508, 30.484642, 37.374062>,  <29.497995, 30.723516, 36.714836>, 0.130000
	pigment { color rgbt <1,0,0,0> }
	no_shadow
}

// nucleotide -1

// particle -1
sphere {
	<29.637508, 30.484642, 37.374062> 0.250000
	pigment { color rgbt <1,0,0,0> }
	no_shadow
}
cylinder {
	<29.299318, 30.292557, 37.280621>,  <29.096405, 30.177305, 37.224556>, 0.100000
	pigment { color rgbt <1,0,0,0> }
	no_shadow
}
cylinder {
	<29.299318, 30.292557, 37.280621>,  <29.637508, 30.484642, 37.374062>, 0.100000
	pigment { color rgbt <1,0,0,0> }
	no_shadow
}

// particle -1
sphere {
	<29.299318, 30.292557, 37.280621> 0.100000
	pigment { color rgbt <1,0,0,0> }
	no_shadow
}
sphere {
	0, 1
	scale<0.080000,0.200000,0.300000>
	matrix <0.358790, -0.834816, 0.417554,
		-0.395529, 0.269217, 0.878111,
		-0.845474, -0.480212, -0.233601,
		29.045675, 30.148493, 37.210541>
	pigment { color rgbt <0,1,1,0> }
	no_shadow
}
cylinder {
	<29.297333, 30.125975, 37.984020>,  <29.637508, 30.484642, 37.374062>, 0.130000
	pigment { color rgbt <1,0,0,0> }
	no_shadow
}

// nucleotide -1

// particle -1
sphere {
	<29.297333, 30.125975, 37.984020> 0.250000
	pigment { color rgbt <1,0,0,0> }
	no_shadow
}
cylinder {
	<29.170164, 29.915890, 37.668278>,  <29.093863, 29.789839, 37.478832>, 0.100000
	pigment { color rgbt <1,0,0,0> }
	no_shadow
}
cylinder {
	<29.170164, 29.915890, 37.668278>,  <29.297333, 30.125975, 37.984020>, 0.100000
	pigment { color rgbt <1,0,0,0> }
	no_shadow
}

// particle -1
sphere {
	<29.170164, 29.915890, 37.668278> 0.100000
	pigment { color rgbt <1,0,0,0> }
	no_shadow
}
sphere {
	0, 1
	scale<0.080000,0.200000,0.300000>
	matrix <0.355434, -0.837853, 0.414330,
		-0.878973, -0.148839, 0.453049,
		-0.317920, -0.525214, -0.789353,
		29.074787, 29.758326, 37.431473>
	pigment { color rgbt <0,1,1,0> }
	no_shadow
}
cylinder {
	<29.176996, 29.330620, 38.170116>,  <29.297333, 30.125975, 37.984020>, 0.130000
	pigment { color rgbt <1,0,0,0> }
	no_shadow
}

// nucleotide -1

// particle -1
sphere {
	<29.176996, 29.330620, 38.170116> 0.250000
	pigment { color rgbt <1,0,0,0> }
	no_shadow
}
cylinder {
	<29.182884, 29.334703, 37.770180>,  <29.186417, 29.337154, 37.530220>, 0.100000
	pigment { color rgbt <1,0,0,0> }
	no_shadow
}
cylinder {
	<29.182884, 29.334703, 37.770180>,  <29.176996, 29.330620, 38.170116>, 0.100000
	pigment { color rgbt <1,0,0,0> }
	no_shadow
}

// particle -1
sphere {
	<29.182884, 29.334703, 37.770180> 0.100000
	pigment { color rgbt <1,0,0,0> }
	no_shadow
}
sphere {
	0, 1
	scale<0.080000,0.200000,0.300000>
	matrix <0.589447, -0.807807, 0.000429,
		-0.807673, -0.589359, -0.017905,
		0.014716, 0.010208, -0.999840,
		29.187300, 29.337767, 37.470226>
	pigment { color rgbt <0,1,1,0> }
	no_shadow
}
cylinder {
	<29.025757, 28.614349, 37.942757>,  <29.176996, 29.330620, 38.170116>, 0.130000
	pigment { color rgbt <1,0,0,0> }
	no_shadow
}

// nucleotide -1

// particle -1
sphere {
	<29.025757, 28.614349, 37.942757> 0.250000
	pigment { color rgbt <1,0,0,0> }
	no_shadow
}
cylinder {
	<29.203409, 28.751099, 37.611488>,  <29.310001, 28.833149, 37.412727>, 0.100000
	pigment { color rgbt <1,0,0,0> }
	no_shadow
}
cylinder {
	<29.203409, 28.751099, 37.611488>,  <29.025757, 28.614349, 37.942757>, 0.100000
	pigment { color rgbt <1,0,0,0> }
	no_shadow
}

// particle -1
sphere {
	<29.203409, 28.751099, 37.611488> 0.100000
	pigment { color rgbt <1,0,0,0> }
	no_shadow
}
sphere {
	0, 1
	scale<0.080000,0.200000,0.300000>
	matrix <0.567026, -0.822929, -0.035626,
		-0.693706, -0.453773, -0.559340,
		0.444131, 0.341875, -0.828172,
		29.336649, 28.853661, 37.363037>
	pigment { color rgbt <0,1,1,0> }
	no_shadow
}
cylinder {
	<29.120737, 28.114164, 37.434872>,  <29.025757, 28.614349, 37.942757>, 0.130000
	pigment { color rgbt <1,0,0,0> }
	no_shadow
}

// nucleotide -1

// particle -1
sphere {
	<29.120737, 28.114164, 37.434872> 0.250000
	pigment { color rgbt <1,0,0,0> }
	no_shadow
}
cylinder {
	<29.394316, 28.369991, 37.294487>,  <29.558462, 28.523487, 37.210258>, 0.100000
	pigment { color rgbt <1,0,0,0> }
	no_shadow
}
cylinder {
	<29.394316, 28.369991, 37.294487>,  <29.120737, 28.114164, 37.434872>, 0.100000
	pigment { color rgbt <1,0,0,0> }
	no_shadow
}

// particle -1
sphere {
	<29.394316, 28.369991, 37.294487> 0.100000
	pigment { color rgbt <1,0,0,0> }
	no_shadow
}
sphere {
	0, 1
	scale<0.080000,0.200000,0.300000>
	matrix <0.628321, -0.760877, -0.162109,
		-0.370715, -0.109640, -0.922252,
		0.683947, 0.639567, -0.350958,
		29.599501, 28.561861, 37.189201>
	pigment { color rgbt <0,1,1,0> }
	no_shadow
}
cylinder {
	<29.611540, 27.764467, 36.969120>,  <29.120737, 28.114164, 37.434872>, 0.130000
	pigment { color rgbt <1,0,0,0> }
	no_shadow
}

// nucleotide -1

// particle -1
sphere {
	<29.611540, 27.764467, 36.969120> 0.250000
	pigment { color rgbt <1,0,0,0> }
	no_shadow
}
cylinder {
	<29.798134, 28.098013, 37.087143>,  <29.910089, 28.298141, 37.157959>, 0.100000
	pigment { color rgbt <1,0,0,0> }
	no_shadow
}
cylinder {
	<29.798134, 28.098013, 37.087143>,  <29.611540, 27.764467, 36.969120>, 0.100000
	pigment { color rgbt <1,0,0,0> }
	no_shadow
}

// particle -1
sphere {
	<29.798134, 28.098013, 37.087143> 0.100000
	pigment { color rgbt <1,0,0,0> }
	no_shadow
}
sphere {
	0, 1
	scale<0.080000,0.200000,0.300000>
	matrix <0.870421, -0.492092, 0.014577,
		0.157351, 0.250026, -0.955368,
		0.466484, 0.833866, 0.295059,
		29.938080, 28.348173, 37.175659>
	pigment { color rgbt <0,1,1,0> }
	no_shadow
}
cylinder {
	<30.188484, 27.935949, 36.591595>,  <29.611540, 27.764467, 36.969120>, 0.130000
	pigment { color rgbt <1,0,0,0> }
	no_shadow
}

// nucleotide -1

// particle -1
sphere {
	<30.188484, 27.935949, 36.591595> 0.250000
	pigment { color rgbt <1,0,0,0> }
	no_shadow
}
cylinder {
	<30.251680, 28.066034, 36.964535>,  <30.289598, 28.144085, 37.188297>, 0.100000
	pigment { color rgbt <1,0,0,0> }
	no_shadow
}
cylinder {
	<30.251680, 28.066034, 36.964535>,  <30.188484, 27.935949, 36.591595>, 0.100000
	pigment { color rgbt <1,0,0,0> }
	no_shadow
}

// particle -1
sphere {
	<30.251680, 28.066034, 36.964535> 0.100000
	pigment { color rgbt <1,0,0,0> }
	no_shadow
}
sphere {
	0, 1
	scale<0.080000,0.200000,0.300000>
	matrix <0.809862, -0.582887, 0.066082,
		0.564945, 0.744635, -0.355465,
		0.157989, 0.325210, 0.932351,
		30.299078, 28.163597, 37.244240>
	pigment { color rgbt <0,1,1,0> }
	no_shadow
}
cylinder {
	<30.839935, 28.095869, 36.405487>,  <30.188484, 27.935949, 36.591595>, 0.130000
	pigment { color rgbt <1,0,0,0> }
	no_shadow
}

// nucleotide -1

// particle -1
sphere {
	<30.839935, 28.095869, 36.405487> 0.250000
	pigment { color rgbt <1,0,0,0> }
	no_shadow
}
cylinder {
	<30.726746, 28.032660, 36.783894>,  <30.658833, 27.994734, 37.010937>, 0.100000
	pigment { color rgbt <1,0,0,0> }
	no_shadow
}
cylinder {
	<30.726746, 28.032660, 36.783894>,  <30.839935, 28.095869, 36.405487>, 0.100000
	pigment { color rgbt <1,0,0,0> }
	no_shadow
}

// particle -1
sphere {
	<30.726746, 28.032660, 36.783894> 0.100000
	pigment { color rgbt <1,0,0,0> }
	no_shadow
}
sphere {
	0, 1
	scale<0.080000,0.200000,0.300000>
	matrix <0.767840, -0.628387, 0.124708,
		0.574760, 0.761681, 0.299155,
		-0.282972, -0.158026, 0.946020,
		30.641853, 27.985252, 37.067699>
	pigment { color rgbt <0,1,1,0> }
	no_shadow
}
cylinder {
	<31.505970, 27.872984, 36.719803>,  <30.839935, 28.095869, 36.405487>, 0.130000
	pigment { color rgbt <1,0,0,0> }
	no_shadow
}

// nucleotide -1

// particle -1
sphere {
	<31.505970, 27.872984, 36.719803> 0.250000
	pigment { color rgbt <1,0,0,0> }
	no_shadow
}
cylinder {
	<31.449841, 28.119520, 37.029751>,  <31.416162, 28.267443, 37.215721>, 0.100000
	pigment { color rgbt <1,0,0,0> }
	no_shadow
}
cylinder {
	<31.449841, 28.119520, 37.029751>,  <31.505970, 27.872984, 36.719803>, 0.100000
	pigment { color rgbt <1,0,0,0> }
	no_shadow
}

// particle -1
sphere {
	<31.449841, 28.119520, 37.029751> 0.100000
	pigment { color rgbt <1,0,0,0> }
	no_shadow
}
sphere {
	0, 1
	scale<0.080000,0.200000,0.300000>
	matrix <0.586958, -0.578483, 0.566426,
		0.797364, 0.534303, -0.280591,
		-0.140326, 0.616342, 0.774875,
		31.407743, 28.304422, 37.262215>
	pigment { color rgbt <0,1,1,0> }
	no_shadow
}
cylinder {
	<32.092628, 27.820293, 37.204903>,  <31.505970, 27.872984, 36.719803>, 0.130000
	pigment { color rgbt <1,0,0,0> }
	no_shadow
}

// nucleotide -1

// particle -1
sphere {
	<32.092628, 27.820293, 37.204903> 0.250000
	pigment { color rgbt <1,0,0,0> }
	no_shadow
}
cylinder {
	<31.821310, 27.998220, 37.438843>,  <31.658520, 28.104977, 37.579208>, 0.100000
	pigment { color rgbt <1,0,0,0> }
	no_shadow
}
cylinder {
	<31.821310, 27.998220, 37.438843>,  <32.092628, 27.820293, 37.204903>, 0.100000
	pigment { color rgbt <1,0,0,0> }
	no_shadow
}

// particle -1
sphere {
	<31.821310, 27.998220, 37.438843> 0.100000
	pigment { color rgbt <1,0,0,0> }
	no_shadow
}
sphere {
	0, 1
	scale<0.080000,0.200000,0.300000>
	matrix <0.422053, -0.415692, 0.805650,
		0.601486, 0.793307, 0.094225,
		-0.678297, 0.444819, 0.584850,
		31.617821, 28.131666, 37.614296>
	pigment { color rgbt <0,1,1,0> }
	no_shadow
}
cylinder {
	<32.368282, 28.348984, 37.680382>,  <32.092628, 27.820293, 37.204903>, 0.130000
	pigment { color rgbt <1,0,0,0> }
	no_shadow
}

// nucleotide -1

// particle -1
sphere {
	<32.368282, 28.348984, 37.680382> 0.250000
	pigment { color rgbt <1,0,0,0> }
	no_shadow
}
cylinder {
	<32.058216, 28.129793, 37.806141>,  <31.872177, 27.998280, 37.881596>, 0.100000
	pigment { color rgbt <1,0,0,0> }
	no_shadow
}
cylinder {
	<32.058216, 28.129793, 37.806141>,  <32.368282, 28.348984, 37.680382>, 0.100000
	pigment { color rgbt <1,0,0,0> }
	no_shadow
}

// particle -1
sphere {
	<32.058216, 28.129793, 37.806141> 0.100000
	pigment { color rgbt <1,0,0,0> }
	no_shadow
}
sphere {
	0, 1
	scale<0.080000,0.200000,0.300000>
	matrix <0.574916, -0.405561, 0.710628,
		-0.261901, 0.731603, 0.629417,
		-0.775164, -0.547976, 0.314394,
		31.825666, 27.965401, 37.900459>
	pigment { color rgbt <0,1,1,0> }
	no_shadow
}
cylinder {
	<32.254032, 28.434772, 38.480656>,  <32.368282, 28.348984, 37.680382>, 0.130000
	pigment { color rgbt <1,0,0,0> }
	no_shadow
}

// nucleotide -1

// particle -1
sphere {
	<32.254032, 28.434772, 38.480656> 0.250000
	pigment { color rgbt <1,0,0,0> }
	no_shadow
}
cylinder {
	<32.088661, 28.088825, 38.366760>,  <31.989437, 27.881256, 38.298424>, 0.100000
	pigment { color rgbt <1,0,0,0> }
	no_shadow
}
cylinder {
	<32.088661, 28.088825, 38.366760>,  <32.254032, 28.434772, 38.480656>, 0.100000
	pigment { color rgbt <1,0,0,0> }
	no_shadow
}

// particle -1
sphere {
	<32.088661, 28.088825, 38.366760> 0.100000
	pigment { color rgbt <1,0,0,0> }
	no_shadow
}
sphere {
	0, 1
	scale<0.080000,0.200000,0.300000>
	matrix <0.454052, -0.466888, 0.758850,
		-0.789247, 0.184445, 0.585721,
		-0.413432, -0.864867, -0.284743,
		31.964632, 27.829365, 38.281338>
	pigment { color rgbt <0,1,1,0> }
	no_shadow
}
cylinder {
	<31.729109, 28.128401, 38.992268>,  <32.254032, 28.434772, 38.480656>, 0.130000
	pigment { color rgbt <1,0,0,0> }
	no_shadow
}

// nucleotide -1

// particle -1
sphere {
	<31.729109, 28.128401, 38.992268> 0.250000
	pigment { color rgbt <1,0,0,0> }
	no_shadow
}
cylinder {
	<31.949570, 27.871309, 38.779427>,  <32.081844, 27.717054, 38.651722>, 0.100000
	pigment { color rgbt <1,0,0,0> }
	no_shadow
}
cylinder {
	<31.949570, 27.871309, 38.779427>,  <31.729109, 28.128401, 38.992268>, 0.100000
	pigment { color rgbt <1,0,0,0> }
	no_shadow
}

// particle -1
sphere {
	<31.949570, 27.871309, 38.779427> 0.100000
	pigment { color rgbt <1,0,0,0> }
	no_shadow
}
sphere {
	0, 1
	scale<0.080000,0.200000,0.300000>
	matrix <0.305096, -0.438312, 0.845458,
		-0.776628, -0.628316, -0.045481,
		0.551150, -0.642730, -0.532102,
		32.114914, 27.678490, 38.619797>
	pigment { color rgbt <0,1,1,0> }
	no_shadow
}
cylinder {
	<31.969311, 28.752253, 39.241199>,  <31.729109, 28.128401, 38.992268>, 0.130000
	pigment { color rgbt <1,0,0,0> }
	no_shadow
}

// nucleotide -1

// particle -1
sphere {
	<31.969311, 28.752253, 39.241199> 0.250000
	pigment { color rgbt <1,0,0,0> }
	no_shadow
}
cylinder {
	<32.340412, 28.870234, 39.149738>,  <32.563072, 28.941021, 39.094864>, 0.100000
	pigment { color rgbt <1,0,0,0> }
	no_shadow
}
cylinder {
	<32.340412, 28.870234, 39.149738>,  <31.969311, 28.752253, 39.241199>, 0.100000
	pigment { color rgbt <1,0,0,0> }
	no_shadow
}

// particle -1
sphere {
	<32.340412, 28.870234, 39.149738> 0.100000
	pigment { color rgbt <1,0,0,0> }
	no_shadow
}
sphere {
	0, 1
	scale<0.080000,0.200000,0.300000>
	matrix <-0.371096, 0.664158, -0.648985,
		-0.039559, 0.686948, 0.725629,
		0.927751, 0.294951, -0.228651,
		32.618736, 28.958719, 39.081142>
	pigment { color rgbt <0,1,1,0> }
	no_shadow
}
cylinder {
	<31.927439, 29.485355, 39.188286>,  <31.969311, 28.752253, 39.241199>, 0.130000
	pigment { color rgbt <1,0,0,0> }
	no_shadow
}

// nucleotide -1

// particle -1
sphere {
	<31.927439, 29.485355, 39.188286> 0.250000
	pigment { color rgbt <1,0,0,0> }
	no_shadow
}
cylinder {
	<32.252892, 29.352766, 38.997234>,  <32.448162, 29.273212, 38.882603>, 0.100000
	pigment { color rgbt <1,0,0,0> }
	no_shadow
}
cylinder {
	<32.252892, 29.352766, 38.997234>,  <31.927439, 29.485355, 39.188286>, 0.100000
	pigment { color rgbt <1,0,0,0> }
	no_shadow
}

// particle -1
sphere {
	<32.252892, 29.352766, 38.997234> 0.100000
	pigment { color rgbt <1,0,0,0> }
	no_shadow
}
sphere {
	0, 1
	scale<0.080000,0.200000,0.300000>
	matrix <-0.176976, 0.641341, -0.746566,
		0.553791, 0.691958, 0.463152,
		0.813631, -0.331475, -0.477629,
		32.496983, 29.253325, 38.853947>
	pigment { color rgbt <0,1,1,0> }
	no_shadow
}
cylinder {
	<32.624466, 29.787277, 39.042953>,  <31.927439, 29.485355, 39.188286>, 0.130000
	pigment { color rgbt <1,0,0,0> }
	no_shadow
}

// nucleotide -1

// particle -1
sphere {
	<32.624466, 29.787277, 39.042953> 0.250000
	pigment { color rgbt <1,0,0,0> }
	no_shadow
}
cylinder {
	<32.482330, 29.573526, 38.736183>,  <32.397049, 29.445276, 38.552120>, 0.100000
	pigment { color rgbt <1,0,0,0> }
	no_shadow
}
cylinder {
	<32.482330, 29.573526, 38.736183>,  <32.624466, 29.787277, 39.042953>, 0.100000
	pigment { color rgbt <1,0,0,0> }
	no_shadow
}

// particle -1
sphere {
	<32.482330, 29.573526, 38.736183> 0.100000
	pigment { color rgbt <1,0,0,0> }
	no_shadow
}
sphere {
	0, 1
	scale<0.080000,0.200000,0.300000>
	matrix <-0.113755, 0.839097, -0.531955,
		0.927788, -0.101785, -0.358955,
		-0.355343, -0.534375, -0.766925,
		32.375729, 29.413214, 38.506107>
	pigment { color rgbt <0,1,1,0> }
	no_shadow
}
cylinder {
	<33.051907, 29.916786, 38.464146>,  <32.624466, 29.787277, 39.042953>, 0.130000
	pigment { color rgbt <1,0,0,0> }
	no_shadow
}

// nucleotide -1

// particle -1
sphere {
	<33.051907, 29.916786, 38.464146> 0.250000
	pigment { color rgbt <1,0,0,0> }
	no_shadow
}
cylinder {
	<32.675156, 29.820023, 38.370892>,  <32.449104, 29.761965, 38.314938>, 0.100000
	pigment { color rgbt <1,0,0,0> }
	no_shadow
}
cylinder {
	<32.675156, 29.820023, 38.370892>,  <33.051907, 29.916786, 38.464146>, 0.100000
	pigment { color rgbt <1,0,0,0> }
	no_shadow
}

// particle -1
sphere {
	<32.675156, 29.820023, 38.370892> 0.100000
	pigment { color rgbt <1,0,0,0> }
	no_shadow
}
sphere {
	0, 1
	scale<0.080000,0.200000,0.300000>
	matrix <-0.191853, 0.956940, -0.217849,
		0.275797, -0.160459, -0.947729,
		-0.941875, -0.241907, -0.233137,
		32.392593, 29.747450, 38.300949>
	pigment { color rgbt <0,1,1,0> }
	no_shadow
}
cylinder {
	<32.931858, 30.305258, 37.845081>,  <33.051907, 29.916786, 38.464146>, 0.130000
	pigment { color rgbt <1,0,0,0> }
	no_shadow
}

// nucleotide -1

// particle -1
sphere {
	<32.931858, 30.305258, 37.845081> 0.250000
	pigment { color rgbt <1,0,0,0> }
	no_shadow
}
cylinder {
	<32.565533, 30.202633, 37.968674>,  <32.345737, 30.141058, 38.042831>, 0.100000
	pigment { color rgbt <1,0,0,0> }
	no_shadow
}
cylinder {
	<32.565533, 30.202633, 37.968674>,  <32.931858, 30.305258, 37.845081>, 0.100000
	pigment { color rgbt <1,0,0,0> }
	no_shadow
}

// particle -1
sphere {
	<32.565533, 30.202633, 37.968674> 0.100000
	pigment { color rgbt <1,0,0,0> }
	no_shadow
}
sphere {
	0, 1
	scale<0.080000,0.200000,0.300000>
	matrix <-0.327307, 0.922630, -0.204022,
		-0.232732, -0.287978, -0.928927,
		-0.915809, -0.256561, 0.308983,
		32.290791, 30.125664, 38.061367>
	pigment { color rgbt <0,1,1,0> }
	no_shadow
}
cylinder {
	<32.401722, 30.505316, 37.257637>,  <32.931858, 30.305258, 37.845081>, 0.130000
	pigment { color rgbt <1,0,0,0> }
	no_shadow
}

// nucleotide -1

// particle -1
sphere {
	<32.401722, 30.505316, 37.257637> 0.250000
	pigment { color rgbt <1,0,0,0> }
	no_shadow
}
cylinder {
	<32.143627, 30.464676, 37.560513>,  <31.988770, 30.440292, 37.742237>, 0.100000
	pigment { color rgbt <1,0,0,0> }
	no_shadow
}
cylinder {
	<32.143627, 30.464676, 37.560513>,  <32.401722, 30.505316, 37.257637>, 0.100000
	pigment { color rgbt <1,0,0,0> }
	no_shadow
}

// particle -1
sphere {
	<32.143627, 30.464676, 37.560513> 0.100000
	pigment { color rgbt <1,0,0,0> }
	no_shadow
}
sphere {
	0, 1
	scale<0.080000,0.200000,0.300000>
	matrix <-0.441914, 0.858117, -0.261435,
		-0.623198, -0.503303, -0.598590,
		-0.645241, -0.101600, 0.757193,
		31.950054, 30.434196, 37.787670>
	pigment { color rgbt <0,1,1,0> }
	no_shadow
}
cylinder {
	<31.731987, 30.701017, 36.996971>,  <32.401722, 30.505316, 37.257637>, 0.130000
	pigment { color rgbt <1,0,0,0> }
	no_shadow
}

// nucleotide -1

// particle -1
sphere {
	<31.731987, 30.701017, 36.996971> 0.250000
	pigment { color rgbt <1,0,0,0> }
	no_shadow
}
cylinder {
	<31.738934, 30.773081, 37.390366>,  <31.743101, 30.816319, 37.626400>, 0.100000
	pigment { color rgbt <1,0,0,0> }
	no_shadow
}
cylinder {
	<31.738934, 30.773081, 37.390366>,  <31.731987, 30.701017, 36.996971>, 0.100000
	pigment { color rgbt <1,0,0,0> }
	no_shadow
}

// particle -1
sphere {
	<31.738934, 30.773081, 37.390366> 0.100000
	pigment { color rgbt <1,0,0,0> }
	no_shadow
}
sphere {
	0, 1
	scale<0.080000,0.200000,0.300000>
	matrix <-0.397969, 0.903604, -0.158498,
		-0.917235, -0.388643, 0.087391,
		0.017368, 0.180159, 0.983484,
		31.744144, 30.827129, 37.685410>
	pigment { color rgbt <0,1,1,0> }
	no_shadow
}
cylinder {
	<31.104746, 31.145769, 37.124062>,  <31.731987, 30.701017, 36.996971>, 0.130000
	pigment { color rgbt <1,0,0,0> }
	no_shadow
}

// nucleotide -1

// particle -1
sphere {
	<31.104746, 31.145769, 37.124062> 0.250000
	pigment { color rgbt <1,0,0,0> }
	no_shadow
}
cylinder {
	<31.300438, 31.164721, 37.472408>,  <31.417854, 31.176090, 37.681416>, 0.100000
	pigment { color rgbt <1,0,0,0> }
	no_shadow
}
cylinder {
	<31.300438, 31.164721, 37.472408>,  <31.104746, 31.145769, 37.124062>, 0.100000
	pigment { color rgbt <1,0,0,0> }
	no_shadow
}

// particle -1
sphere {
	<31.300438, 31.164721, 37.472408> 0.100000
	pigment { color rgbt <1,0,0,0> }
	no_shadow
}
sphere {
	0, 1
	scale<0.080000,0.200000,0.300000>
	matrix <-0.384536, 0.907946, 0.166629,
		-0.782805, -0.416400, 0.462414,
		0.489232, 0.047377, 0.870866,
		31.447206, 31.178934, 37.733669>
	pigment { color rgbt <0,1,1,0> }
	no_shadow
}
cylinder {
	<30.578329, 31.298765, 37.693844>,  <31.104746, 31.145769, 37.124062>, 0.130000
	pigment { color rgbt <1,0,0,0> }
	no_shadow
}

// nucleotide -1

// particle -1
sphere {
	<30.578329, 31.298765, 37.693844> 0.250000
	pigment { color rgbt <1,0,0,0> }
	no_shadow
}
cylinder {
	<30.938265, 31.441851, 37.793709>,  <31.154226, 31.527702, 37.853626>, 0.100000
	pigment { color rgbt <1,0,0,0> }
	no_shadow
}
cylinder {
	<30.938265, 31.441851, 37.793709>,  <30.578329, 31.298765, 37.693844>, 0.100000
	pigment { color rgbt <1,0,0,0> }
	no_shadow
}

// particle -1
sphere {
	<30.938265, 31.441851, 37.793709> 0.100000
	pigment { color rgbt <1,0,0,0> }
	no_shadow
}
sphere {
	0, 1
	scale<0.080000,0.200000,0.300000>
	matrix <-0.400081, 0.904855, 0.145506,
		-0.173858, -0.230817, 0.957338,
		0.899838, 0.357715, 0.249662,
		31.208216, 31.549166, 37.868607>
	pigment { color rgbt <0,1,1,0> }
	no_shadow
}
cylinder {
	<30.468569, 31.838064, 38.181297>,  <30.578329, 31.298765, 37.693844>, 0.130000
	pigment { color rgbt <1,0,0,0> }
	no_shadow
}

// nucleotide -1

// particle -1
sphere {
	<30.468569, 31.838064, 38.181297> 0.250000
	pigment { color rgbt <1,0,0,0> }
	no_shadow
}
cylinder {
	<30.849390, 31.897240, 38.074181>,  <31.077883, 31.932745, 38.009911>, 0.100000
	pigment { color rgbt <1,0,0,0> }
	no_shadow
}
cylinder {
	<30.849390, 31.897240, 38.074181>,  <30.468569, 31.838064, 38.181297>, 0.100000
	pigment { color rgbt <1,0,0,0> }
	no_shadow
}

// particle -1
sphere {
	<30.849390, 31.897240, 38.074181> 0.100000
	pigment { color rgbt <1,0,0,0> }
	no_shadow
}
sphere {
	0, 1
	scale<0.080000,0.200000,0.300000>
	matrix <-0.155681, 0.987777, -0.007796,
