// switches for output
#declare DRAW_BASES = 1; // possible values are 0, 1; only relevant for DNA ribbons
#declare DRAW_BASES_TYPE = 3; // possible values are 1, 2, 3; only relevant for DNA ribbons
#declare DRAW_FOG = 0; // set to 1 to enable fog

#include "colors.inc"

#include "transforms.inc"
background { rgb <1, 1, 1>}

#default {
   normal{
       ripples 0.25
       frequency 0.20
       turbulence 0.2
       lambda 5
   }
	finish {
		phong 0.1
		phong_size 40.
	}
}

// original window dimensions: 1024x640


// camera settings

camera {
	sky <0, 0.179814, -0.983701>
	up <0, 0.179814, -0.983701>
	right 1.6 * <1, 0, 0>
	location <35, 94.9851, 44.8844>
	look_at <35, 29.7336, 32.9568>
	direction <0, -65.2515, -11.9276>
	angle 67.0682
}


# declare cpy_camera_pos = <35, 94.9851, 44.8844>;
# if (DRAW_FOG = 1)
fog {
	fog_type 2
	up vnormalize(cpy_camera_pos)
	color rgbt<1,1,1,0.3>
	distance 1e-5
	fog_alt 3e-3
	fog_offset 56
}
# end


// LIGHTS

# declare lum = 6;
global_settings {
	ambient_light rgb lum * <0.05, 0.05, 0.05>
	max_trace_level 15
}# declare cpy_direct_light_amount = 0.25;
light_source
{	1000 * <-1, -1.16352, -0.803886>,
	rgb lum * cpy_direct_light_amount
	parallel
}

light_source
{	1000 * <1, 1.16352, 0.803886>,
	rgb lum * cpy_direct_light_amount
	parallel
}

// strand 0

// nucleotide -1

// particle -1
sphere {
	<24.068514, 35.082706, 34.634068> 0.250000
	pigment { color rgbt <1,0,0,0> }
	no_shadow
}
cylinder {
	<24.331165, 35.026936, 34.930553>,  <24.488756, 34.993473, 35.108444>, 0.100000
	pigment { color rgbt <1,0,0,0> }
	no_shadow
}
cylinder {
	<24.331165, 35.026936, 34.930553>,  <24.068514, 35.082706, 34.634068>, 0.100000
	pigment { color rgbt <1,0,0,0> }
	no_shadow
}

// particle -1
sphere {
	<24.331165, 35.026936, 34.930553> 0.100000
	pigment { color rgbt <1,0,0,0> }
	no_shadow
}
sphere {
	0, 1
	scale<0.080000,0.200000,0.300000>
	matrix <0.706986, -0.228517, -0.669292,
		0.262697, 0.963504, -0.051478,
		0.656629, -0.139426, 0.741214,
		24.528154, 34.985107, 35.152916>
	pigment { color rgbt <0,1,1,0> }
	no_shadow
}
cylinder {
	<24.667576, 35.423168, 34.618664>,  <24.068514, 35.082706, 34.634068>, 0.130000
	pigment { color rgbt <1,0,0,0> }
	no_shadow
}

// nucleotide -1

// particle -1
sphere {
	<24.667576, 35.423168, 34.618664> 0.250000
	pigment { color rgbt <1,0,0,0> }
	no_shadow
}
cylinder {
	<24.755289, 35.073536, 34.792049>,  <24.807917, 34.863754, 34.896080>, 0.100000
	pigment { color rgbt <1,0,0,0> }
	no_shadow
}
cylinder {
	<24.755289, 35.073536, 34.792049>,  <24.667576, 35.423168, 34.618664>, 0.100000
	pigment { color rgbt <1,0,0,0> }
	no_shadow
}

// particle -1
sphere {
	<24.755289, 35.073536, 34.792049> 0.100000
	pigment { color rgbt <1,0,0,0> }
	no_shadow
}
sphere {
	0, 1
	scale<0.080000,0.200000,0.300000>
	matrix <0.652505, -0.198916, -0.731211,
		0.725363, 0.443180, 0.526726,
		0.219284, -0.874085, 0.433463,
		24.821074, 34.811310, 34.922089>
	pigment { color rgbt <0,1,1,0> }
	no_shadow
}
cylinder {
	<25.481560, 35.237793, 34.859501>,  <24.667576, 35.423168, 34.618664>, 0.130000
	pigment { color rgbt <1,0,0,0> }
	no_shadow
}

// nucleotide -1

// particle -1
sphere {
	<25.481560, 35.237793, 34.859501> 0.250000
	pigment { color rgbt <1,0,0,0> }
	no_shadow
}
cylinder {
	<25.260742, 34.933422, 34.723129>,  <25.128252, 34.750797, 34.641308>, 0.100000
	pigment { color rgbt <1,0,0,0> }
	no_shadow
}
cylinder {
	<25.260742, 34.933422, 34.723129>,  <25.481560, 35.237793, 34.859501>, 0.100000
	pigment { color rgbt <1,0,0,0> }
	no_shadow
}

// particle -1
sphere {
	<25.260742, 34.933422, 34.723129> 0.100000
	pigment { color rgbt <1,0,0,0> }
	no_shadow
}
sphere {
	0, 1
	scale<0.080000,0.200000,0.300000>
	matrix <0.749728, -0.274048, -0.602333,
		0.364904, -0.588116, 0.721779,
		-0.552044, -0.760932, -0.340926,
		25.095129, 34.705143, 34.620853>
	pigment { color rgbt <0,1,1,0> }
	no_shadow
}
cylinder {
	<25.860567, 34.565845, 34.904919>,  <25.481560, 35.237793, 34.859501>, 0.130000
	pigment { color rgbt <1,0,0,0> }
	no_shadow
}

// nucleotide -1

// particle -1
sphere {
	<25.860567, 34.565845, 34.904919> 0.250000
	pigment { color rgbt <1,0,0,0> }
	no_shadow
}
cylinder {
	<25.615177, 34.548126, 34.589531>,  <25.467943, 34.537495, 34.400299>, 0.100000
	pigment { color rgbt <1,0,0,0> }
	no_shadow
}
cylinder {
	<25.615177, 34.548126, 34.589531>,  <25.860567, 34.565845, 34.904919>, 0.100000
	pigment { color rgbt <1,0,0,0> }
	no_shadow
}

// particle -1
sphere {
	<25.615177, 34.548126, 34.589531> 0.100000
	pigment { color rgbt <1,0,0,0> }
	no_shadow
}
sphere {
	0, 1
	scale<0.080000,0.200000,0.300000>
	matrix <0.766771, -0.272328, -0.581291,
		-0.188974, -0.961184, 0.201032,
		-0.613474, -0.044296, -0.788472,
		25.431135, 34.534840, 34.352989>
	pigment { color rgbt <0,1,1,0> }
	no_shadow
}
cylinder {
	<26.323238, 34.167843, 34.617382>,  <25.860567, 34.565845, 34.904919>, 0.130000
	pigment { color rgbt <1,0,0,0> }
	no_shadow
}

// nucleotide -1

// particle -1
sphere {
	<26.323238, 34.167843, 34.617382> 0.250000
	pigment { color rgbt <1,0,0,0> }
	no_shadow
}
cylinder {
	<26.071978, 34.328560, 34.350853>,  <25.921221, 34.424992, 34.190937>, 0.100000
	pigment { color rgbt <1,0,0,0> }
	no_shadow
}
cylinder {
	<26.071978, 34.328560, 34.350853>,  <26.323238, 34.167843, 34.617382>, 0.100000
	pigment { color rgbt <1,0,0,0> }
	no_shadow
}

// particle -1
sphere {
	<26.071978, 34.328560, 34.350853> 0.100000
	pigment { color rgbt <1,0,0,0> }
	no_shadow
}
sphere {
	0, 1
	scale<0.080000,0.200000,0.300000>
	matrix <0.644153, -0.211822, -0.734982,
		-0.436455, -0.890893, -0.125761,
		-0.628152, 0.401796, -0.666323,
		25.883532, 34.449097, 34.150955>
	pigment { color rgbt <0,1,1,0> }
	no_shadow
}
cylinder {
	<27.100733, 34.036041, 34.170841>,  <26.323238, 34.167843, 34.617382>, 0.130000
	pigment { color rgbt <1,0,0,0> }
	no_shadow
}

// nucleotide -1

// particle -1
sphere {
	<27.100733, 34.036041, 34.170841> 0.250000
	pigment { color rgbt <1,0,0,0> }
	no_shadow
}
cylinder {
	<27.493397, 33.968723, 34.206661>,  <27.728994, 33.928333, 34.228153>, 0.100000
	pigment { color rgbt <1,0,0,0> }
	no_shadow
}
cylinder {
	<27.493397, 33.968723, 34.206661>,  <27.100733, 34.036041, 34.170841>, 0.100000
	pigment { color rgbt <1,0,0,0> }
	no_shadow
}

// particle -1
sphere {
	<27.493397, 33.968723, 34.206661> 0.100000
	pigment { color rgbt <1,0,0,0> }
	no_shadow
}
sphere {
	0, 1
	scale<0.080000,0.200000,0.300000>
	matrix <-0.180505, -0.669388, 0.720650,
		-0.061338, -0.723598, -0.687490,
		0.981660, -0.168299, 0.089554,
		27.787895, 33.918232, 34.233528>
	pigment { color rgbt <0,1,1,0> }
	no_shadow
}
cylinder {
	<27.289244, 33.330460, 34.289371>,  <27.100733, 34.036041, 34.170841>, 0.130000
	pigment { color rgbt <1,0,0,0> }
	no_shadow
}

// nucleotide -1

// particle -1
sphere {
	<27.289244, 33.330460, 34.289371> 0.250000
	pigment { color rgbt <1,0,0,0> }
	no_shadow
}
cylinder {
	<27.620768, 33.490032, 34.446304>,  <27.819683, 33.585777, 34.540466>, 0.100000
	pigment { color rgbt <1,0,0,0> }
	no_shadow
}
cylinder {
	<27.620768, 33.490032, 34.446304>,  <27.289244, 33.330460, 34.289371>, 0.100000
	pigment { color rgbt <1,0,0,0> }
	no_shadow
}

// particle -1
sphere {
	<27.620768, 33.490032, 34.446304> 0.100000
	pigment { color rgbt <1,0,0,0> }
	no_shadow
}
sphere {
	0, 1
	scale<0.080000,0.200000,0.300000>
	matrix <-0.083408, -0.605265, 0.791642,
		0.553277, -0.688845, -0.468376,
		0.828811, 0.398931, 0.392335,
		27.869411, 33.609711, 34.564003>
	pigment { color rgbt <0,1,1,0> }
	no_shadow
}
cylinder {
	<27.640343, 32.780155, 34.577904>,  <27.289244, 33.330460, 34.289371>, 0.130000
	pigment { color rgbt <1,0,0,0> }
	no_shadow
}

// nucleotide -1

// particle -1
sphere {
	<27.640343, 32.780155, 34.577904> 0.250000
	pigment { color rgbt <1,0,0,0> }
	no_shadow
}
cylinder {
	<27.794960, 33.101170, 34.759682>,  <27.887730, 33.293777, 34.868748>, 0.100000
	pigment { color rgbt <1,0,0,0> }
	no_shadow
}
cylinder {
	<27.794960, 33.101170, 34.759682>,  <27.640343, 32.780155, 34.577904>, 0.100000
	pigment { color rgbt <1,0,0,0> }
	no_shadow
}

// particle -1
sphere {
	<27.794960, 33.101170, 34.759682> 0.100000
	pigment { color rgbt <1,0,0,0> }
	no_shadow
}
sphere {
	0, 1
	scale<0.080000,0.200000,0.300000>
	matrix <0.032969, -0.504456, 0.862808,
		0.921683, -0.318528, -0.221452,
		0.386541, 0.802536, 0.454447,
		27.910923, 33.341930, 34.896015>
	pigment { color rgbt <0,1,1,0> }
	no_shadow
}
cylinder {
	<28.235548, 32.542881, 35.118816>,  <27.640343, 32.780155, 34.577904>, 0.130000
	pigment { color rgbt <1,0,0,0> }
	no_shadow
}

// nucleotide -1

// particle -1
sphere {
	<28.235548, 32.542881, 35.118816> 0.250000
	pigment { color rgbt <1,0,0,0> }
	no_shadow
}
cylinder {
	<28.128864, 32.914040, 35.223022>,  <28.064854, 33.136734, 35.285545>, 0.100000
	pigment { color rgbt <1,0,0,0> }
	no_shadow
}
cylinder {
	<28.128864, 32.914040, 35.223022>,  <28.235548, 32.542881, 35.118816>, 0.100000
	pigment { color rgbt <1,0,0,0> }
	no_shadow
}

// particle -1
sphere {
	<28.128864, 32.914040, 35.223022> 0.100000
	pigment { color rgbt <1,0,0,0> }
	no_shadow
}
sphere {
	0, 1
	scale<0.080000,0.200000,0.300000>
	matrix <0.015225, -0.266219, 0.963792,
		0.963656, 0.261020, 0.056876,
		-0.266711, 0.927899, 0.260518,
		28.048851, 33.192410, 35.301178>
	pigment { color rgbt <0,1,1,0> }
	no_shadow
}
cylinder {
	<28.699261, 32.796112, 35.654457>,  <28.235548, 32.542881, 35.118816>, 0.130000
	pigment { color rgbt <1,0,0,0> }
	no_shadow
}

// nucleotide -1

// particle -1
sphere {
	<28.699261, 32.796112, 35.654457> 0.250000
	pigment { color rgbt <1,0,0,0> }
	no_shadow
}
cylinder {
	<28.349161, 32.984875, 35.696877>,  <28.139101, 33.098133, 35.722328>, 0.100000
	pigment { color rgbt <1,0,0,0> }
	no_shadow
}
cylinder {
	<28.349161, 32.984875, 35.696877>,  <28.699261, 32.796112, 35.654457>, 0.100000
	pigment { color rgbt <1,0,0,0> }
	no_shadow
}

// particle -1
sphere {
	<28.349161, 32.984875, 35.696877> 0.100000
	pigment { color rgbt <1,0,0,0> }
	no_shadow
}
sphere {
	0, 1
	scale<0.080000,0.200000,0.300000>
	matrix <-0.021222, -0.256505, 0.966310,
		0.483211, 0.843509, 0.234520,
		-0.875246, 0.471909, 0.106045,
		28.086588, 33.126446, 35.728691>
	pigment { color rgbt <0,1,1,0> }
	no_shadow
}
cylinder {
	<28.845503, 33.169876, 36.306065>,  <28.699261, 32.796112, 35.654457>, 0.130000
	pigment { color rgbt <1,0,0,0> }
	no_shadow
}

// nucleotide -1

// particle -1
sphere {
	<28.845503, 33.169876, 36.306065> 0.250000
	pigment { color rgbt <1,0,0,0> }
	no_shadow
}
cylinder {
	<28.449883, 33.133766, 36.259365>,  <28.212511, 33.112099, 36.231346>, 0.100000
	pigment { color rgbt <1,0,0,0> }
	no_shadow
}
cylinder {
	<28.449883, 33.133766, 36.259365>,  <28.845503, 33.169876, 36.306065>, 0.100000
	pigment { color rgbt <1,0,0,0> }
	no_shadow
}

// particle -1
sphere {
	<28.449883, 33.133766, 36.259365> 0.100000
	pigment { color rgbt <1,0,0,0> }
	no_shadow
}
sphere {
	0, 1
	scale<0.080000,0.200000,0.300000>
	matrix <-0.087866, -0.275361, 0.957317,
		-0.118572, 0.957093, 0.264413,
		-0.989050, -0.090279, -0.116746,
		28.153168, 33.106682, 36.224342>
	pigment { color rgbt <0,1,1,0> }
	no_shadow
}
cylinder {
	<28.525520, 33.427410, 36.973724>,  <28.845503, 33.169876, 36.306065>, 0.130000
	pigment { color rgbt <1,0,0,0> }
	no_shadow
}

// nucleotide -1

// particle -1
sphere {
	<28.525520, 33.427410, 36.973724> 0.250000
	pigment { color rgbt <1,0,0,0> }
	no_shadow
}
cylinder {
	<28.230379, 33.202217, 36.824795>,  <28.053295, 33.067101, 36.735439>, 0.100000
	pigment { color rgbt <1,0,0,0> }
	no_shadow
}
cylinder {
	<28.230379, 33.202217, 36.824795>,  <28.525520, 33.427410, 36.973724>, 0.100000
	pigment { color rgbt <1,0,0,0> }
	no_shadow
}

// particle -1
sphere {
	<28.230379, 33.202217, 36.824795> 0.100000
	pigment { color rgbt <1,0,0,0> }
	no_shadow
}
sphere {
	0, 1
	scale<0.080000,0.200000,0.300000>
	matrix <-0.172260, -0.376280, 0.910351,
		-0.652612, 0.735839, 0.180659,
		-0.737851, -0.562986, -0.372321,
		28.009024, 33.033321, 36.713100>
	pigment { color rgbt <0,1,1,0> }
	no_shadow
}
cylinder {
	<28.000004, 33.543911, 37.441570>,  <28.525520, 33.427410, 36.973724>, 0.130000
	pigment { color rgbt <1,0,0,0> }
	no_shadow
}

// nucleotide -1

// particle -1
sphere {
	<28.000004, 33.543911, 37.441570> 0.250000
	pigment { color rgbt <1,0,0,0> }
	no_shadow
}
cylinder {
	<27.905531, 33.212345, 37.238743>,  <27.848846, 33.013405, 37.117046>, 0.100000
	pigment { color rgbt <1,0,0,0> }
	no_shadow
}
cylinder {
	<27.905531, 33.212345, 37.238743>,  <28.000004, 33.543911, 37.441570>, 0.100000
	pigment { color rgbt <1,0,0,0> }
	no_shadow
}

// particle -1
sphere {
	<27.905531, 33.212345, 37.238743> 0.100000
	pigment { color rgbt <1,0,0,0> }
	no_shadow
}
sphere {
	0, 1
	scale<0.080000,0.200000,0.300000>
	matrix <-0.181263, -0.475089, 0.861066,
		-0.954652, 0.295282, -0.038044,
		-0.236183, -0.828914, -0.507068,
		27.834677, 32.963673, 37.086624>
	pigment { color rgbt <0,1,1,0> }
	no_shadow
}
cylinder {
	<27.385397, 33.258335, 37.927189>,  <28.000004, 33.543911, 37.441570>, 0.130000
	pigment { color rgbt <1,0,0,0> }
	no_shadow
}

// nucleotide -1

// particle -1
sphere {
	<27.385397, 33.258335, 37.927189> 0.250000
	pigment { color rgbt <1,0,0,0> }
	no_shadow
}
cylinder {
	<27.527149, 32.963291, 37.697285>,  <27.612200, 32.786266, 37.559341>, 0.100000
	pigment { color rgbt <1,0,0,0> }
	no_shadow
}
cylinder {
	<27.527149, 32.963291, 37.697285>,  <27.385397, 33.258335, 37.927189>, 0.100000
	pigment { color rgbt <1,0,0,0> }
	no_shadow
}

// particle -1
sphere {
	<27.527149, 32.963291, 37.697285> 0.100000
	pigment { color rgbt <1,0,0,0> }
	no_shadow
}
sphere {
	0, 1
	scale<0.080000,0.200000,0.300000>
	matrix <-0.342402, -0.674319, 0.654259,
		-0.870159, -0.035056, -0.491523,
		0.354379, -0.737608, -0.574761,
		27.633463, 32.742008, 37.524857>
	pigment { color rgbt <0,1,1,0> }
	no_shadow
}
cylinder {
	<26.797327, 32.765190, 37.920906>,  <27.385397, 33.258335, 37.927189>, 0.130000
	pigment { color rgbt <1,0,0,0> }
	no_shadow
}

// nucleotide -1

// particle -1
sphere {
	<26.797327, 32.765190, 37.920906> 0.250000
	pigment { color rgbt <1,0,0,0> }
	no_shadow
}
cylinder {
	<27.123949, 32.557663, 37.819668>,  <27.319923, 32.433147, 37.758923>, 0.100000
	pigment { color rgbt <1,0,0,0> }
	no_shadow
}
cylinder {
	<27.123949, 32.557663, 37.819668>,  <26.797327, 32.765190, 37.920906>, 0.100000
	pigment { color rgbt <1,0,0,0> }
	no_shadow
}

// particle -1
sphere {
	<27.123949, 32.557663, 37.819668> 0.100000
	pigment { color rgbt <1,0,0,0> }
	no_shadow
}
sphere {
	0, 1
	scale<0.080000,0.200000,0.300000>
	matrix <-0.245602, -0.709021, 0.661036,
		-0.522411, -0.477612, -0.706380,
		0.816557, -0.518821, -0.253098,
		27.368916, 32.402016, 37.743736>
	pigment { color rgbt <0,1,1,0> }
	no_shadow
}
cylinder {
	<26.683115, 32.081062, 37.823700>,  <26.797327, 32.765190, 37.920906>, 0.130000
	pigment { color rgbt <1,0,0,0> }
	no_shadow
}

// nucleotide -1

// particle -1
sphere {
	<26.683115, 32.081062, 37.823700> 0.250000
	pigment { color rgbt <1,0,0,0> }
	no_shadow
}
cylinder {
	<27.079102, 32.043800, 37.866196>,  <27.316694, 32.021442, 37.891693>, 0.100000
	pigment { color rgbt <1,0,0,0> }
	no_shadow
}
cylinder {
	<27.079102, 32.043800, 37.866196>,  <26.683115, 32.081062, 37.823700>, 0.100000
	pigment { color rgbt <1,0,0,0> }
	no_shadow
}

// particle -1
sphere {
	<27.079102, 32.043800, 37.866196> 0.100000
	pigment { color rgbt <1,0,0,0> }
	no_shadow
}
sphere {
	0, 1
	scale<0.080000,0.200000,0.300000>
	matrix <-0.140603, -0.723863, 0.675465,
		0.013985, -0.683627, -0.729698,
		0.989967, -0.093152, 0.106243,
		27.376091, 32.015854, 37.898067>
	pigment { color rgbt <0,1,1,0> }
	no_shadow
}
cylinder {
	<26.733349, 31.498699, 38.003338>,  <26.683115, 32.081062, 37.823700>, 0.130000
	pigment { color rgbt <1,0,0,0> }
	no_shadow
}

// nucleotide -1

// particle -1
sphere {
	<26.733349, 31.498699, 38.003338> 0.250000
	pigment { color rgbt <1,0,0,0> }
	no_shadow
}
cylinder {
	<27.084476, 31.643160, 38.129196>,  <27.295153, 31.729836, 38.204712>, 0.100000
	pigment { color rgbt <1,0,0,0> }
	no_shadow
}
cylinder {
	<27.084476, 31.643160, 38.129196>,  <26.733349, 31.498699, 38.003338>, 0.100000
	pigment { color rgbt <1,0,0,0> }
	no_shadow
}

// particle -1
sphere {
	<27.084476, 31.643160, 38.129196> 0.100000
	pigment { color rgbt <1,0,0,0> }
	no_shadow
}
sphere {
	0, 1
	scale<0.080000,0.200000,0.300000>
	matrix <0.035811, -0.704536, 0.708764,
		0.477648, -0.610900, -0.631390,
		0.877821, 0.361150, 0.314644,
		27.347822, 31.751505, 38.223591>
	pigment { color rgbt <0,1,1,0> }
	no_shadow
}
cylinder {
	<27.171036, 30.878609, 38.148590>,  <26.733349, 31.498699, 38.003338>, 0.130000
	pigment { color rgbt <1,0,0,0> }
	no_shadow
}

// nucleotide -1

// particle -1
sphere {
	<27.171036, 30.878609, 38.148590> 0.250000
	pigment { color rgbt <1,0,0,0> }
	no_shadow
}
cylinder {
	<27.338905, 31.172531, 38.361732>,  <27.439627, 31.348885, 38.489616>, 0.100000
	pigment { color rgbt <1,0,0,0> }
	no_shadow
}
cylinder {
	<27.338905, 31.172531, 38.361732>,  <27.171036, 30.878609, 38.148590>, 0.100000
	pigment { color rgbt <1,0,0,0> }
	no_shadow
}

// particle -1
sphere {
	<27.338905, 31.172531, 38.361732> 0.100000
	pigment { color rgbt <1,0,0,0> }
	no_shadow
}
sphere {
	0, 1
	scale<0.080000,0.200000,0.300000>
	matrix <0.221238, -0.652160, 0.725080,
		0.880299, -0.186411, -0.436263,
		0.419675, 0.734805, 0.532854,
		27.464808, 31.392973, 38.521587>
	pigment { color rgbt <0,1,1,0> }
	no_shadow
}
cylinder {
	<27.752247, 30.586620, 38.443272>,  <27.171036, 30.878609, 38.148590>, 0.130000
	pigment { color rgbt <1,0,0,0> }
	no_shadow
}

// nucleotide -1

// particle -1
sphere {
	<27.752247, 30.586620, 38.443272> 0.250000
	pigment { color rgbt <1,0,0,0> }
	no_shadow
}
cylinder {
	<27.692047, 30.912146, 38.667793>,  <27.655928, 31.107460, 38.802505>, 0.100000
	pigment { color rgbt <1,0,0,0> }
	no_shadow
}
cylinder {
	<27.692047, 30.912146, 38.667793>,  <27.752247, 30.586620, 38.443272>, 0.100000
	pigment { color rgbt <1,0,0,0> }
	no_shadow
}

// particle -1
sphere {
	<27.692047, 30.912146, 38.667793> 0.100000
	pigment { color rgbt <1,0,0,0> }
	no_shadow
}
sphere {
	0, 1
	scale<0.080000,0.200000,0.300000>
	matrix <0.277148, -0.510272, 0.814132,
		0.948968, 0.278089, -0.148751,
		-0.150498, 0.813811, 0.561303,
		27.646898, 31.156288, 38.836185>
	pigment { color rgbt <0,1,1,0> }
	no_shadow
}
cylinder {
	<28.364094, 30.667933, 38.896244>,  <27.752247, 30.586620, 38.443272>, 0.130000
	pigment { color rgbt <1,0,0,0> }
	no_shadow
}

// nucleotide -1

// particle -1
sphere {
	<28.364094, 30.667933, 38.896244> 0.250000
	pigment { color rgbt <1,0,0,0> }
	no_shadow
}
cylinder {
	<28.067184, 30.872765, 39.069126>,  <27.889038, 30.995663, 39.172855>, 0.100000
	pigment { color rgbt <1,0,0,0> }
	no_shadow
}
cylinder {
	<28.067184, 30.872765, 39.069126>,  <28.364094, 30.667933, 38.896244>, 0.100000
	pigment { color rgbt <1,0,0,0> }
	no_shadow
}

// particle -1
sphere {
	<28.067184, 30.872765, 39.069126> 0.100000
	pigment { color rgbt <1,0,0,0> }
	no_shadow
}
sphere {
	0, 1
	scale<0.080000,0.200000,0.300000>
	matrix <0.284527, -0.343112, 0.895164,
		0.606690, 0.787432, 0.108982,
		-0.742274, 0.512079, 0.432209,
		27.844501, 31.026388, 39.198788>
	pigment { color rgbt <0,1,1,0> }
	no_shadow
}
cylinder {
	<28.663412, 30.844133, 39.590511>,  <28.364094, 30.667933, 38.896244>, 0.130000
	pigment { color rgbt <1,0,0,0> }
	no_shadow
}

// nucleotide -1

// particle -1
sphere {
	<28.663412, 30.844133, 39.590511> 0.250000
	pigment { color rgbt <1,0,0,0> }
	no_shadow
}
cylinder {
	<28.267635, 30.872799, 39.640900>,  <28.030169, 30.889997, 39.671131>, 0.100000
	pigment { color rgbt <1,0,0,0> }
	no_shadow
}
cylinder {
	<28.267635, 30.872799, 39.640900>,  <28.663412, 30.844133, 39.590511>, 0.100000
	pigment { color rgbt <1,0,0,0> }
	no_shadow
}

// particle -1
sphere {
	<28.267635, 30.872799, 39.640900> 0.100000
	pigment { color rgbt <1,0,0,0> }
	no_shadow
}
sphere {
	0, 1
	scale<0.080000,0.200000,0.300000>
	matrix <0.100498, -0.287011, 0.952641,
		0.104424, 0.955243, 0.276778,
		-0.989442, 0.071663, 0.125970,
		27.970802, 30.894299, 39.678692>
	pigment { color rgbt <0,1,1,0> }
	no_shadow
}
cylinder {
	<28.604679, 31.137728, 40.200920>,  <28.663412, 30.844133, 39.590511>, 0.130000
	pigment { color rgbt <1,0,0,0> }
	no_shadow
}

// nucleotide -1

// particle -1
sphere {
	<28.604679, 31.137728, 40.200920> 0.250000
	pigment { color rgbt <1,0,0,0> }
	no_shadow
}
cylinder {
	<28.247843, 30.966167, 40.144047>,  <28.033741, 30.863232, 40.109924>, 0.100000
	pigment { color rgbt <1,0,0,0> }
	no_shadow
}
cylinder {
	<28.247843, 30.966167, 40.144047>,  <28.604679, 31.137728, 40.200920>, 0.100000
	pigment { color rgbt <1,0,0,0> }
	no_shadow
}

// particle -1
sphere {
	<28.247843, 30.966167, 40.144047> 0.100000
	pigment { color rgbt <1,0,0,0> }
	no_shadow
}
sphere {
	0, 1
	scale<0.080000,0.200000,0.300000>
	matrix <0.035343, -0.379932, 0.924339,
		-0.450469, 0.819570, 0.354093,
		-0.892092, -0.428901, -0.142182,
		27.980215, 30.837498, 40.101391>
	pigment { color rgbt <0,1,1,0> }
	no_shadow
}
cylinder {
	<28.241528, 31.202782, 40.788933>,  <28.604679, 31.137728, 40.200920>, 0.130000
	pigment { color rgbt <1,0,0,0> }
	no_shadow
}

// nucleotide -1

// particle -1
sphere {
	<28.241528, 31.202782, 40.788933> 0.250000
	pigment { color rgbt <1,0,0,0> }
	no_shadow
}
cylinder {
	<28.063988, 30.910089, 40.582024>,  <27.957464, 30.734474, 40.457878>, 0.100000
	pigment { color rgbt <1,0,0,0> }
	no_shadow
}
cylinder {
	<28.063988, 30.910089, 40.582024>,  <28.241528, 31.202782, 40.788933>, 0.100000
	pigment { color rgbt <1,0,0,0> }
	no_shadow
}

// particle -1
sphere {
	<28.063988, 30.910089, 40.582024> 0.100000
	pigment { color rgbt <1,0,0,0> }
	no_shadow
}
sphere {
	0, 1
	scale<0.080000,0.200000,0.300000>
	matrix <0.038645, -0.592342, 0.804759,
		-0.895268, 0.337201, 0.291187,
		-0.443848, -0.731728, -0.517274,
		27.930834, 30.690571, 40.426842>
	pigment { color rgbt <0,1,1,0> }
	no_shadow
}
cylinder {
	<27.640579, 31.010639, 41.145340>,  <28.241528, 31.202782, 40.788933>, 0.130000
	pigment { color rgbt <1,0,0,0> }
	no_shadow
}

// nucleotide -1

// particle -1
sphere {
	<27.640579, 31.010639, 41.145340> 0.250000
	pigment { color rgbt <1,0,0,0> }
	no_shadow
}
cylinder {
	<27.734848, 30.686230, 40.931164>,  <27.791410, 30.491583, 40.802658>, 0.100000
	pigment { color rgbt <1,0,0,0> }
	no_shadow
}
cylinder {
	<27.734848, 30.686230, 40.931164>,  <27.640579, 31.010639, 41.145340>, 0.100000
	pigment { color rgbt <1,0,0,0> }
	no_shadow
}

// particle -1
sphere {
	<27.734848, 30.686230, 40.931164> 0.100000
	pigment { color rgbt <1,0,0,0> }
	no_shadow
}
sphere {
	0, 1
	scale<0.080000,0.200000,0.300000>
	matrix <0.056203, -0.538662, 0.840645,
		-0.970206, -0.228212, -0.081366,
		0.235674, -0.811026, -0.535439,
		27.805550, 30.442923, 40.770531>
	pigment { color rgbt <0,1,1,0> }
	no_shadow
}
cylinder {
	<27.252832, 30.552601, 41.410160>,  <27.640579, 31.010639, 41.145340>, 0.130000
	pigment { color rgbt <1,0,0,0> }
	no_shadow
}

// nucleotide -1

// particle -1
sphere {
	<27.252832, 30.552601, 41.410160> 0.250000
	pigment { color rgbt <1,0,0,0> }
	no_shadow
}
cylinder {
	<27.543949, 30.337444, 41.239986>,  <27.718618, 30.208351, 41.137882>, 0.100000
	pigment { color rgbt <1,0,0,0> }
	no_shadow
}
cylinder {
	<27.543949, 30.337444, 41.239986>,  <27.252832, 30.552601, 41.410160>, 0.100000
	pigment { color rgbt <1,0,0,0> }
	no_shadow
}

// particle -1
sphere {
	<27.543949, 30.337444, 41.239986> 0.100000
	pigment { color rgbt <1,0,0,0> }
	no_shadow
}
sphere {
	0, 1
	scale<0.080000,0.200000,0.300000>
	matrix <-0.100731, -0.697462, 0.709507,
		-0.678361, -0.473519, -0.561789,
		0.727791, -0.537891, -0.425433,
		27.762287, 30.176077, 41.112358>
	pigment { color rgbt <0,1,1,0> }
	no_shadow
}
cylinder {
	<27.006783, 29.939152, 41.459480>,  <27.252832, 30.552601, 41.410160>, 0.130000
	pigment { color rgbt <1,0,0,0> }
	no_shadow
}

// nucleotide -1

// particle -1
sphere {
	<27.006783, 29.939152, 41.459480> 0.250000
	pigment { color rgbt <1,0,0,0> }
	no_shadow
}
cylinder {
	<27.404537, 29.919756, 41.421860>,  <27.643190, 29.908119, 41.399288>, 0.100000
	pigment { color rgbt <1,0,0,0> }
	no_shadow
}
cylinder {
	<27.404537, 29.919756, 41.421860>,  <27.006783, 29.939152, 41.459480>, 0.100000
	pigment { color rgbt <1,0,0,0> }
	no_shadow
}

// particle -1
sphere {
	<27.404537, 29.919756, 41.421860> 0.100000
	pigment { color rgbt <1,0,0,0> }
	no_shadow
}
sphere {
	0, 1
	scale<0.080000,0.200000,0.300000>
	matrix <0.014605, -0.817422, 0.575854,
		-0.104798, -0.573995, -0.812125,
		0.994386, -0.048488, -0.094047,
		27.702852, 29.905210, 41.393646>
	pigment { color rgbt <0,1,1,0> }
	no_shadow
}
cylinder {
	<27.285170, 29.231165, 41.447609>,  <27.006783, 29.939152, 41.459480>, 0.130000
	pigment { color rgbt <1,0,0,0> }
	no_shadow
}

// nucleotide -1

// particle -1
sphere {
	<27.285170, 29.231165, 41.447609> 0.250000
	pigment { color rgbt <1,0,0,0> }
	no_shadow
}
cylinder {
	<27.579462, 29.460293, 41.592152>,  <27.756039, 29.597769, 41.678875>, 0.100000
	pigment { color rgbt <1,0,0,0> }
	no_shadow
}
cylinder {
	<27.579462, 29.460293, 41.592152>,  <27.285170, 29.231165, 41.447609>, 0.100000
	pigment { color rgbt <1,0,0,0> }
	no_shadow
}

// particle -1
sphere {
	<27.579462, 29.460293, 41.592152> 0.100000
	pigment { color rgbt <1,0,0,0> }
	no_shadow
}
sphere {
	0, 1
	scale<0.080000,0.200000,0.300000>
	matrix <0.247642, -0.724125, 0.643674,
		0.630374, -0.384085, -0.674616,
		0.735732, 0.572819, 0.361354,
		27.800182, 29.632139, 41.700558>
	pigment { color rgbt <0,1,1,0> }
	no_shadow
}
cylinder {
	<27.990343, 28.921478, 41.170216>,  <27.285170, 29.231165, 41.447609>, 0.130000
	pigment { color rgbt <1,0,0,0> }
	no_shadow
}

// nucleotide -1

// particle -1
sphere {
	<27.990343, 28.921478, 41.170216> 0.250000
	pigment { color rgbt <1,0,0,0> }
	no_shadow
}
cylinder {
	<27.937088, 29.043947, 41.547264>,  <27.905134, 29.117428, 41.773495>, 0.100000
	pigment { color rgbt <1,0,0,0> }
	no_shadow
}
cylinder {
	<27.937088, 29.043947, 41.547264>,  <27.990343, 28.921478, 41.170216>, 0.100000
	pigment { color rgbt <1,0,0,0> }
	no_shadow
}

// particle -1
sphere {
	<27.937088, 29.043947, 41.547264> 0.100000
	pigment { color rgbt <1,0,0,0> }
	no_shadow
}
sphere {
	0, 1
	scale<0.080000,0.200000,0.300000>
	matrix <0.381343, -0.862041, 0.333860,
		0.914796, 0.403911, -0.001987,
		-0.133137, 0.306172, 0.942620,
		27.897146, 29.135799, 41.830051>
	pigment { color rgbt <0,1,1,0> }
	no_shadow
}
cylinder {
	<28.565382, 28.896496, 41.553253>,  <27.990343, 28.921478, 41.170216>, 0.130000
	pigment { color rgbt <1,0,0,0> }
	no_shadow
}

// nucleotide -1

// particle -1
sphere {
	<28.565382, 28.896496, 41.553253> 0.250000
	pigment { color rgbt <1,0,0,0> }
	no_shadow
}
cylinder {
	<28.302425, 28.848536, 41.850834>,  <28.144651, 28.819759, 42.029381>, 0.100000
	pigment { color rgbt <1,0,0,0> }
	no_shadow
}
cylinder {
	<28.302425, 28.848536, 41.850834>,  <28.565382, 28.896496, 41.553253>, 0.100000
	pigment { color rgbt <1,0,0,0> }
	no_shadow
}

// particle -1
sphere {
	<28.302425, 28.848536, 41.850834> 0.100000
	pigment { color rgbt <1,0,0,0> }
	no_shadow
}
sphere {
	0, 1
	scale<0.080000,0.200000,0.300000>
	matrix <0.480484, -0.827227, 0.291257,
		0.580493, 0.548925, 0.601423,
		-0.657391, -0.119901, 0.743949,
		28.105207, 28.812565, 42.074020>
	pigment { color rgbt <0,1,1,0> }
	no_shadow
}
cylinder {
	<28.924723, 28.781746, 42.147469>,  <28.565382, 28.896496, 41.553253>, 0.130000
	pigment { color rgbt <1,0,0,0> }
	no_shadow
}

// nucleotide -1

// particle -1
sphere {
	<28.924723, 28.781746, 42.147469> 0.250000
	pigment { color rgbt <1,0,0,0> }
	no_shadow
}
cylinder {
	<28.572226, 28.598200, 42.192818>,  <28.360727, 28.488071, 42.220028>, 0.100000
	pigment { color rgbt <1,0,0,0> }
	no_shadow
}
cylinder {
	<28.572226, 28.598200, 42.192818>,  <28.924723, 28.781746, 42.147469>, 0.100000
	pigment { color rgbt <1,0,0,0> }
	no_shadow
}

// particle -1
sphere {
	<28.572226, 28.598200, 42.192818> 0.100000
	pigment { color rgbt <1,0,0,0> }
	no_shadow
}
sphere {
	0, 1
	scale<0.080000,0.200000,0.300000>
	matrix <0.471951, -0.841038, 0.264420,
		-0.025981, 0.286525, 0.957720,
		-0.881242, -0.458867, 0.113375,
		28.307854, 28.460539, 42.226830>
	pigment { color rgbt <0,1,1,0> }
	no_shadow
}
cylinder {
	<29.688784, 28.744299, 42.376781>,  <28.924723, 28.781746, 42.147469>, 0.130000
	pigment { color rgbt <1,0,0,0> }
	no_shadow
}

// nucleotide -1

// particle -1
sphere {
	<29.688784, 28.744299, 42.376781> 0.250000
	pigment { color rgbt <1,0,0,0> }
	no_shadow
}
cylinder {
	<30.057655, 28.592051, 42.404251>,  <30.278978, 28.500702, 42.420734>, 0.100000
	pigment { color rgbt <1,0,0,0> }
	no_shadow
}
cylinder {
	<30.057655, 28.592051, 42.404251>,  <29.688784, 28.744299, 42.376781>, 0.100000
	pigment { color rgbt <1,0,0,0> }
	no_shadow
}

// particle -1
sphere {
	<30.057655, 28.592051, 42.404251> 0.100000
	pigment { color rgbt <1,0,0,0> }
	no_shadow
}
sphere {
	0, 1
	scale<0.080000,0.200000,0.300000>
	matrix <-0.384095, -0.880410, 0.278116,
		-0.045395, -0.282849, -0.958089,
		0.922177, -0.380622, 0.068675,
		30.334309, 28.477863, 42.424854>
	pigment { color rgbt <0,1,1,0> }
	no_shadow
}
cylinder {
	<29.516621, 28.930134, 43.128559>,  <29.688784, 28.744299, 42.376781>, 0.130000
	pigment { color rgbt <1,0,0,0> }
	no_shadow
}

// nucleotide -1

// particle -1
sphere {
	<29.516621, 28.930134, 43.128559> 0.250000
	pigment { color rgbt <1,0,0,0> }
	no_shadow
}
cylinder {
	<29.550495, 29.216469, 43.405804>,  <29.570820, 29.388269, 43.572151>, 0.100000
	pigment { color rgbt <1,0,0,0> }
	no_shadow
}
cylinder {
	<29.550495, 29.216469, 43.405804>,  <29.516621, 28.930134, 43.128559>, 0.100000
	pigment { color rgbt <1,0,0,0> }
	no_shadow
}

// particle -1
sphere {
	<29.550495, 29.216469, 43.405804> 0.100000
	pigment { color rgbt <1,0,0,0> }
	no_shadow
}
sphere {
	0, 1
	scale<0.080000,0.200000,0.300000>
	matrix <0.201434, 0.668949, -0.715494,
		-0.975834, 0.200210, -0.087542,
		0.084688, 0.715837, 0.693113,
		29.575901, 29.431219, 43.613739>
	pigment { color rgbt <0,1,1,0> }
	no_shadow
}
cylinder {
	<29.081810, 29.524012, 42.881222>,  <29.516621, 28.930134, 43.128559>, 0.130000
	pigment { color rgbt <1,0,0,0> }
	no_shadow
}

// nucleotide -1

// particle -1
sphere {
	<29.081810, 29.524012, 42.881222> 0.250000
	pigment { color rgbt <1,0,0,0> }
	no_shadow
}
cylinder {
	<29.360920, 29.642397, 43.142147>,  <29.528385, 29.713428, 43.298702>, 0.100000
	pigment { color rgbt <1,0,0,0> }
	no_shadow
}
cylinder {
	<29.360920, 29.642397, 43.142147>,  <29.081810, 29.524012, 42.881222>, 0.100000
	pigment { color rgbt <1,0,0,0> }
	no_shadow
}

// particle -1
sphere {
	<29.360920, 29.642397, 43.142147> 0.100000
	pigment { color rgbt <1,0,0,0> }
	no_shadow
}
sphere {
	0, 1
	scale<0.080000,0.200000,0.300000>
	matrix <0.383690, 0.614569, -0.689265,
		-0.604892, 0.731238, 0.315272,
		0.697774, 0.295964, 0.652317,
		29.570251, 29.731186, 43.337841>
	pigment { color rgbt <0,1,1,0> }
	no_shadow
}
cylinder {
	<29.046883, 30.218391, 43.146526>,  <29.081810, 29.524012, 42.881222>, 0.130000
	pigment { color rgbt <1,0,0,0> }
	no_shadow
}

// nucleotide -1

// particle -1
sphere {
	<29.046883, 30.218391, 43.146526> 0.250000
	pigment { color rgbt <1,0,0,0> }
	no_shadow
}
cylinder {
	<29.425137, 30.093542, 43.109966>,  <29.652088, 30.018633, 43.088032>, 0.100000
	pigment { color rgbt <1,0,0,0> }
	no_shadow
}
cylinder {
	<29.425137, 30.093542, 43.109966>,  <29.046883, 30.218391, 43.146526>, 0.100000
	pigment { color rgbt <1,0,0,0> }
	no_shadow
}

// particle -1
sphere {
	<29.425137, 30.093542, 43.109966> 0.100000
	pigment { color rgbt <1,0,0,0> }
	no_shadow
}
sphere {
	0, 1
	scale<0.080000,0.200000,0.300000>
	matrix <0.167637, 0.708598, -0.685410,
		0.278698, 0.632826, 0.722398,
		0.945635, -0.312123, -0.091400,
		29.708828, 29.999905, 43.082546>
	pigment { color rgbt <0,1,1,0> }
	no_shadow
}
cylinder {
	<29.538055, 30.823294, 43.235481>,  <29.046883, 30.218391, 43.146526>, 0.130000
	pigment { color rgbt <1,0,0,0> }
	no_shadow
}

// nucleotide -1

// particle -1
sphere {
	<29.538055, 30.823294, 43.235481> 0.250000
	pigment { color rgbt <1,0,0,0> }
	no_shadow
}
cylinder {
	<29.684093, 30.533058, 43.002167>,  <29.771717, 30.358917, 42.862179>, 0.100000
	pigment { color rgbt <1,0,0,0> }
	no_shadow
}
cylinder {
	<29.684093, 30.533058, 43.002167>,  <29.538055, 30.823294, 43.235481>, 0.100000
	pigment { color rgbt <1,0,0,0> }
	no_shadow
}

// particle -1
sphere {
	<29.684093, 30.533058, 43.002167> 0.100000
	pigment { color rgbt <1,0,0,0> }
	no_shadow
}
sphere {
	0, 1
	scale<0.080000,0.200000,0.300000>
	matrix <0.203790, 0.673634, -0.710414,
		0.908391, 0.140501, 0.393808,
		0.365096, -0.725587, -0.583290,
		29.793623, 30.315382, 42.827179>
	pigment { color rgbt <0,1,1,0> }
	no_shadow
}
cylinder {
	<30.009520, 31.225454, 42.740738>,  <29.538055, 30.823294, 43.235481>, 0.130000
	pigment { color rgbt <1,0,0,0> }
	no_shadow
}

// nucleotide -1

// particle -1
sphere {
	<30.009520, 31.225454, 42.740738> 0.250000
	pigment { color rgbt <1,0,0,0> }
	no_shadow
}
cylinder {
	<29.897018, 30.875374, 42.583298>,  <29.829517, 30.665325, 42.488834>, 0.100000
	pigment { color rgbt <1,0,0,0> }
	no_shadow
}
cylinder {
	<29.897018, 30.875374, 42.583298>,  <30.009520, 31.225454, 42.740738>, 0.100000
	pigment { color rgbt <1,0,0,0> }
	no_shadow
}

// particle -1
sphere {
	<29.897018, 30.875374, 42.583298> 0.100000
	pigment { color rgbt <1,0,0,0> }
	no_shadow
}
sphere {
	0, 1
	scale<0.080000,0.200000,0.300000>
	matrix <0.081114, 0.387003, -0.918504,
		0.956200, -0.290256, -0.037853,
		-0.281251, -0.875203, -0.393596,
		29.812643, 30.612814, 42.465218>
	pigment { color rgbt <0,1,1,0> }
	no_shadow
}
cylinder {
	<30.576256, 31.038002, 42.323521>,  <30.009520, 31.225454, 42.740738>, 0.130000
	pigment { color rgbt <1,0,0,0> }
	no_shadow
}

// nucleotide -1

// particle -1
sphere {
	<30.576256, 31.038002, 42.323521> 0.250000
	pigment { color rgbt <1,0,0,0> }
	no_shadow
}
cylinder {
	<30.263906, 30.833834, 42.179462>,  <30.076496, 30.711332, 42.093025>, 0.100000
	pigment { color rgbt <1,0,0,0> }
	no_shadow
}
cylinder {
	<30.263906, 30.833834, 42.179462>,  <30.576256, 31.038002, 42.323521>, 0.100000
	pigment { color rgbt <1,0,0,0> }
	no_shadow
}

// particle -1
sphere {
	<30.263906, 30.833834, 42.179462> 0.100000
	pigment { color rgbt <1,0,0,0> }
	no_shadow
}
sphere {
	0, 1
	scale<0.080000,0.200000,0.300000>
	matrix <0.189733, 0.355505, -0.915214,
		0.595179, -0.782999, -0.180760,
		-0.780874, -0.510420, -0.360150,
		30.029644, 30.680708, 42.071419>
	pigment { color rgbt <0,1,1,0> }
	no_shadow
}
cylinder {
	<30.874271, 30.652399, 41.747654>,  <30.576256, 31.038002, 42.323521>, 0.130000
	pigment { color rgbt <1,0,0,0> }
	no_shadow
}

// nucleotide -1

// particle -1
sphere {
	<30.874271, 30.652399, 41.747654> 0.250000
	pigment { color rgbt <1,0,0,0> }
	no_shadow
}
cylinder {
	<30.483040, 30.703175, 41.681629>,  <30.248301, 30.733639, 41.642014>, 0.100000
	pigment { color rgbt <1,0,0,0> }
	no_shadow
}
cylinder {
	<30.483040, 30.703175, 41.681629>,  <30.874271, 30.652399, 41.747654>, 0.100000
	pigment { color rgbt <1,0,0,0> }
	no_shadow
}

// particle -1
sphere {
	<30.483040, 30.703175, 41.681629> 0.100000
	pigment { color rgbt <1,0,0,0> }
	no_shadow
}
sphere {
	0, 1
	scale<0.080000,0.200000,0.300000>
	matrix <0.184780, 0.163643, -0.969060,
		-0.096000, -0.978319, -0.183512,
		-0.978080, 0.126939, -0.165064,
		30.189615, 30.741257, 41.632111>
	pigment { color rgbt <0,1,1,0> }
	no_shadow
}
cylinder {
	<30.847952, 30.420816, 41.038219>,  <30.874271, 30.652399, 41.747654>, 0.130000
	pigment { color rgbt <1,0,0,0> }
	no_shadow
}

// nucleotide -1

// particle -1
sphere {
	<30.847952, 30.420816, 41.038219> 0.250000
	pigment { color rgbt <1,0,0,0> }
	no_shadow
}
cylinder {
	<30.493023, 30.601061, 41.077435>,  <30.280066, 30.709208, 41.100964>, 0.100000
	pigment { color rgbt <1,0,0,0> }
	no_shadow
}
cylinder {
	<30.493023, 30.601061, 41.077435>,  <30.847952, 30.420816, 41.038219>, 0.100000
	pigment { color rgbt <1,0,0,0> }
	no_shadow
}

// particle -1
sphere {
	<30.493023, 30.601061, 41.077435> 0.100000
	pigment { color rgbt <1,0,0,0> }
	no_shadow
}
sphere {
	0, 1
	scale<0.080000,0.200000,0.300000>
	matrix <0.024798, 0.258913, -0.965582,
		-0.460485, -0.854351, -0.240913,
		-0.887321, 0.450610, 0.098039,
		30.226826, 30.736244, 41.106846>
	pigment { color rgbt <0,1,1,0> }
	no_shadow
}
cylinder {
	<30.528667, 30.166346, 40.470917>,  <30.847952, 30.420816, 41.038219>, 0.130000
	pigment { color rgbt <1,0,0,0> }
	no_shadow
}

// nucleotide -1

// particle -1
sphere {
	<30.528667, 30.166346, 40.470917> 0.250000
	pigment { color rgbt <1,0,0,0> }
	no_shadow
}
cylinder {
	<30.372738, 30.516109, 40.586464>,  <30.279181, 30.725967, 40.655792>, 0.100000
	pigment { color rgbt <1,0,0,0> }
	no_shadow
}
cylinder {
	<30.372738, 30.516109, 40.586464>,  <30.528667, 30.166346, 40.470917>, 0.100000
	pigment { color rgbt <1,0,0,0> }
	no_shadow
}

// particle -1
sphere {
	<30.372738, 30.516109, 40.586464> 0.100000
	pigment { color rgbt <1,0,0,0> }
	no_shadow
}
sphere {
	0, 1
	scale<0.080000,0.200000,0.300000>
	matrix <0.047609, 0.332405, -0.941935,
		-0.919658, -0.353436, -0.171209,
		-0.389824, 0.874409, 0.288872,
		30.255791, 30.778433, 40.673126>
	pigment { color rgbt <0,1,1,0> }
	no_shadow
}
cylinder {
	<29.851549, 30.272131, 40.078983>,  <30.528667, 30.166346, 40.470917>, 0.130000
	pigment { color rgbt <1,0,0,0> }
	no_shadow
}

// nucleotide -1

// particle -1
sphere {
	<29.851549, 30.272131, 40.078983> 0.250000
	pigment { color rgbt <1,0,0,0> }
	no_shadow
}
cylinder {
	<29.965933, 30.629620, 40.217255>,  <30.034563, 30.844112, 40.300217>, 0.100000
	pigment { color rgbt <1,0,0,0> }
	no_shadow
}
cylinder {
	<29.965933, 30.629620, 40.217255>,  <29.851549, 30.272131, 40.078983>, 0.100000
	pigment { color rgbt <1,0,0,0> }
	no_shadow
}

// particle -1
sphere {
	<29.965933, 30.629620, 40.217255> 0.100000
	pigment { color rgbt <1,0,0,0> }
	no_shadow
}
sphere {
	0, 1
	scale<0.080000,0.200000,0.300000>
	matrix <0.074611, 0.338881, -0.937866,
		-0.955333, 0.293981, 0.030224,
		0.285957, 0.893720, 0.345679,
		30.051720, 30.897736, 40.320957>
	pigment { color rgbt <0,1,1,0> }
	no_shadow
}
cylinder {
	<29.415655, 30.804771, 39.824543>,  <29.851549, 30.272131, 40.078983>, 0.130000
	pigment { color rgbt <1,0,0,0> }
	no_shadow
}

// nucleotide -1

// particle -1
sphere {
	<29.415655, 30.804771, 39.824543> 0.250000
	pigment { color rgbt <1,0,0,0> }
	no_shadow
}
cylinder {
	<29.738743, 31.017365, 39.926613>,  <29.932596, 31.144920, 39.987854>, 0.100000
	pigment { color rgbt <1,0,0,0> }
	no_shadow
}
cylinder {
	<29.738743, 31.017365, 39.926613>,  <29.415655, 30.804771, 39.824543>, 0.100000
	pigment { color rgbt <1,0,0,0> }
	no_shadow
}

// particle -1
sphere {
	<29.738743, 31.017365, 39.926613> 0.100000
	pigment { color rgbt <1,0,0,0> }
	no_shadow
}
sphere {
	0, 1
	scale<0.080000,0.200000,0.300000>
	matrix <-0.086344, 0.534793, -0.840560,
		-0.583208, 0.656905, 0.477854,
		0.807721, 0.531481, 0.255175,
		29.981060, 31.176809, 40.003166>
	pigment { color rgbt <0,1,1,0> }
	no_shadow
}
cylinder {
	<29.251431, 31.494339, 39.907509>,  <29.415655, 30.804771, 39.824543>, 0.130000
	pigment { color rgbt <1,0,0,0> }
	no_shadow
}

// nucleotide -1

// particle -1
sphere {
	<29.251431, 31.494339, 39.907509> 0.250000
	pigment { color rgbt <1,0,0,0> }
	no_shadow
}
cylinder {
	<29.633621, 31.449961, 39.798141>,  <29.862936, 31.423334, 39.732521>, 0.100000
	pigment { color rgbt <1,0,0,0> }
	no_shadow
}
cylinder {
	<29.633621, 31.449961, 39.798141>,  <29.251431, 31.494339, 39.907509>, 0.100000
	pigment { color rgbt <1,0,0,0> }
	no_shadow
}

// particle -1
sphere {
	<29.633621, 31.449961, 39.798141> 0.100000
	pigment { color rgbt <1,0,0,0> }
	no_shadow
}
sphere {
	0, 1
	scale<0.080000,0.200000,0.300000>
	matrix <-0.186528, 0.490879, -0.851026,
