// switches for output
#declare DRAW_BASES = 1; // possible values are 0, 1; only relevant for DNA ribbons
#declare DRAW_BASES_TYPE = 3; // possible values are 1, 2, 3; only relevant for DNA ribbons
#declare DRAW_FOG = 0; // set to 1 to enable fog

#include "colors.inc"

#include "transforms.inc"
background { rgb <1, 1, 1>}

#default {
   normal{
       ripples 0.25
       frequency 0.20
       turbulence 0.2
       lambda 5
   }
	finish {
		phong 0.1
		phong_size 40.
	}
}

// original window dimensions: 1024x640


// camera settings

camera {
	sky <0, 0.179814, -0.983701>
	up <0, 0.179814, -0.983701>
	right 1.6 * <1, 0, 0>
	location <35, 94.9851, 44.8844>
	look_at <35, 29.7336, 32.9568>
	direction <0, -65.2515, -11.9276>
	angle 67.0682
}


# declare cpy_camera_pos = <35, 94.9851, 44.8844>;
# if (DRAW_FOG = 1)
fog {
	fog_type 2
	up vnormalize(cpy_camera_pos)
	color rgbt<1,1,1,0.3>
	distance 1e-5
	fog_alt 3e-3
	fog_offset 56
}
# end


// LIGHTS

# declare lum = 6;
global_settings {
	ambient_light rgb lum * <0.05, 0.05, 0.05>
	max_trace_level 15
}# declare cpy_direct_light_amount = 0.25;
light_source
{	1000 * <-1, -1.16352, -0.803886>,
	rgb lum * cpy_direct_light_amount
	parallel
}

light_source
{	1000 * <1, 1.16352, 0.803886>,
	rgb lum * cpy_direct_light_amount
	parallel
}

// strand 0

// nucleotide -1

// particle -1
sphere {
	<24.482998, 34.839901, 34.845989> 0.250000
	pigment { color rgbt <1,0,0,0> }
	no_shadow
}
cylinder {
	<24.327946, 34.871696, 35.213341>,  <24.234915, 34.890774, 35.433754>, 0.100000
	pigment { color rgbt <1,0,0,0> }
	no_shadow
}
cylinder {
	<24.327946, 34.871696, 35.213341>,  <24.482998, 34.839901, 34.845989>, 0.100000
	pigment { color rgbt <1,0,0,0> }
	no_shadow
}

// particle -1
sphere {
	<24.327946, 34.871696, 35.213341> 0.100000
	pigment { color rgbt <1,0,0,0> }
	no_shadow
}
sphere {
	0, 1
	scale<0.080000,0.200000,0.300000>
	matrix <0.901973, -0.172890, 0.395668,
		0.190231, 0.981728, -0.004682,
		-0.387629, 0.079491, 0.918382,
		24.211657, 34.895542, 35.488853>
	pigment { color rgbt <0,1,1,0> }
	no_shadow
}
cylinder {
	<24.953903, 35.186764, 35.201305>,  <24.482998, 34.839901, 34.845989>, 0.130000
	pigment { color rgbt <1,0,0,0> }
	no_shadow
}

// nucleotide -1

// particle -1
sphere {
	<24.953903, 35.186764, 35.201305> 0.250000
	pigment { color rgbt <1,0,0,0> }
	no_shadow
}
cylinder {
	<24.734289, 34.991188, 35.472450>,  <24.602522, 34.873840, 35.635136>, 0.100000
	pigment { color rgbt <1,0,0,0> }
	no_shadow
}
cylinder {
	<24.734289, 34.991188, 35.472450>,  <24.953903, 35.186764, 35.201305>, 0.100000
	pigment { color rgbt <1,0,0,0> }
	no_shadow
}

// particle -1
sphere {
	<24.734289, 34.991188, 35.472450> 0.100000
	pigment { color rgbt <1,0,0,0> }
	no_shadow
}
sphere {
	0, 1
	scale<0.080000,0.200000,0.300000>
	matrix <0.834276, -0.271639, 0.479786,
		-0.050453, 0.828944, 0.557052,
		-0.549033, -0.488942, 0.677863,
		24.569580, 34.844505, 35.675808>
	pigment { color rgbt <0,1,1,0> }
	no_shadow
}
cylinder {
	<24.938812, 35.381207, 35.996658>,  <24.953903, 35.186764, 35.201305>, 0.130000
	pigment { color rgbt <1,0,0,0> }
	no_shadow
}

// nucleotide -1

// particle -1
sphere {
	<24.938812, 35.381207, 35.996658> 0.250000
	pigment { color rgbt <1,0,0,0> }
	no_shadow
}
cylinder {
	<24.912710, 34.998199, 35.884304>,  <24.897049, 34.768394, 35.816891>, 0.100000
	pigment { color rgbt <1,0,0,0> }
	no_shadow
}
cylinder {
	<24.912710, 34.998199, 35.884304>,  <24.938812, 35.381207, 35.996658>, 0.100000
	pigment { color rgbt <1,0,0,0> }
	no_shadow
}

// particle -1
sphere {
	<24.912710, 34.998199, 35.884304> 0.100000
	pigment { color rgbt <1,0,0,0> }
	no_shadow
}
sphere {
	0, 1
	scale<0.080000,0.200000,0.300000>
	matrix <0.913711, -0.170477, 0.368877,
		-0.401091, -0.232574, 0.886022,
		-0.065255, -0.957521, -0.280883,
		24.893133, 34.710941, 35.800037>
	pigment { color rgbt <0,1,1,0> }
	no_shadow
}
cylinder {
	<25.231781, 35.049740, 36.459129>,  <24.938812, 35.381207, 35.996658>, 0.130000
	pigment { color rgbt <1,0,0,0> }
	no_shadow
}

// nucleotide -1

// particle -1
sphere {
	<25.231781, 35.049740, 36.459129> 0.250000
	pigment { color rgbt <1,0,0,0> }
	no_shadow
}
cylinder {
	<25.240980, 34.803886, 36.143738>,  <25.246500, 34.656376, 35.954502>, 0.100000
	pigment { color rgbt <1,0,0,0> }
	no_shadow
}
cylinder {
	<25.240980, 34.803886, 36.143738>,  <25.231781, 35.049740, 36.459129>, 0.100000
	pigment { color rgbt <1,0,0,0> }
	no_shadow
}

// particle -1
sphere {
	<25.240980, 34.803886, 36.143738> 0.100000
	pigment { color rgbt <1,0,0,0> }
	no_shadow
}
sphere {
	0, 1
	scale<0.080000,0.200000,0.300000>
	matrix <0.891985, -0.343552, 0.293826,
		-0.451479, -0.710068, 0.540344,
		0.023000, -0.614635, -0.788476,
		25.247881, 34.619495, 35.907196>
	pigment { color rgbt <0,1,1,0> }
	no_shadow
}
cylinder {
	<25.955261, 35.323601, 36.896111>,  <25.231781, 35.049740, 36.459129>, 0.130000
	pigment { color rgbt <1,0,0,0> }
	no_shadow
}

// nucleotide -1

// particle -1
sphere {
	<25.955261, 35.323601, 36.896111> 0.250000
	pigment { color rgbt <1,0,0,0> }
	no_shadow
}
cylinder {
	<26.337967, 35.406887, 36.977348>,  <26.567591, 35.456860, 37.026089>, 0.100000
	pigment { color rgbt <1,0,0,0> }
	no_shadow
}
cylinder {
	<26.337967, 35.406887, 36.977348>,  <25.955261, 35.323601, 36.896111>, 0.100000
	pigment { color rgbt <1,0,0,0> }
	no_shadow
}

// particle -1
sphere {
	<26.337967, 35.406887, 36.977348> 0.100000
	pigment { color rgbt <1,0,0,0> }
	no_shadow
}
sphere {
	0, 1
	scale<0.080000,0.200000,0.300000>
	matrix <-0.121540, 0.920561, -0.371209,
		-0.264248, 0.330476, 0.906068,
		0.956766, 0.208215, 0.203090,
		26.624996, 35.469353, 37.038277>
	pigment { color rgbt <0,1,1,0> }
	no_shadow
}
cylinder {
	<25.955664, 35.982281, 37.348911>,  <25.955261, 35.323601, 36.896111>, 0.130000
	pigment { color rgbt <1,0,0,0> }
	no_shadow
}

// nucleotide -1

// particle -1
sphere {
	<25.955664, 35.982281, 37.348911> 0.250000
	pigment { color rgbt <1,0,0,0> }
	no_shadow
}
cylinder {
	<26.301746, 35.916752, 37.159351>,  <26.509396, 35.877434, 37.045616>, 0.100000
	pigment { color rgbt <1,0,0,0> }
	no_shadow
}
cylinder {
	<26.301746, 35.916752, 37.159351>,  <25.955664, 35.982281, 37.348911>, 0.100000
	pigment { color rgbt <1,0,0,0> }
	no_shadow
}

// particle -1
sphere {
	<26.301746, 35.916752, 37.159351> 0.100000
	pigment { color rgbt <1,0,0,0> }
	no_shadow
}
sphere {
	0, 1
	scale<0.080000,0.200000,0.300000>
	matrix <-0.105374, 0.864608, -0.491272,
		0.490219, 0.474989, 0.730802,
		0.865206, -0.163824, -0.473898,
		26.561308, 35.867603, 37.017181>
	pigment { color rgbt <0,1,1,0> }
	no_shadow
}
cylinder {
	<26.519209, 36.607727, 37.544765>,  <25.955664, 35.982281, 37.348911>, 0.130000
	pigment { color rgbt <1,0,0,0> }
	no_shadow
}

// nucleotide -1

// particle -1
sphere {
	<26.519209, 36.607727, 37.544765> 0.250000
	pigment { color rgbt <1,0,0,0> }
	no_shadow
}
cylinder {
	<26.593973, 36.415493, 37.202045>,  <26.638832, 36.300152, 36.996414>, 0.100000
	pigment { color rgbt <1,0,0,0> }
	no_shadow
}
cylinder {
	<26.593973, 36.415493, 37.202045>,  <26.519209, 36.607727, 37.544765>, 0.100000
	pigment { color rgbt <1,0,0,0> }
	no_shadow
}

// particle -1
sphere {
	<26.593973, 36.415493, 37.202045> 0.100000
	pigment { color rgbt <1,0,0,0> }
	no_shadow
}
sphere {
	0, 1
	scale<0.080000,0.200000,0.300000>
	matrix <0.010909, 0.873129, -0.487367,
		0.982316, 0.081748, 0.168441,
		0.186912, -0.480586, -0.856797,
		26.650047, 36.271317, 36.945007>
	pigment { color rgbt <0,1,1,0> }
	no_shadow
}
cylinder {
	<27.184965, 36.922859, 37.277946>,  <26.519209, 36.607727, 37.544765>, 0.130000
	pigment { color rgbt <1,0,0,0> }
	no_shadow
}

// nucleotide -1

// particle -1
sphere {
	<27.184965, 36.922859, 37.277946> 0.250000
	pigment { color rgbt <1,0,0,0> }
	no_shadow
}
cylinder {
	<26.983730, 36.748631, 36.979366>,  <26.862989, 36.644093, 36.800220>, 0.100000
	pigment { color rgbt <1,0,0,0> }
	no_shadow
}
cylinder {
	<26.983730, 36.748631, 36.979366>,  <27.184965, 36.922859, 37.277946>, 0.100000
	pigment { color rgbt <1,0,0,0> }
	no_shadow
}

// particle -1
sphere {
	<26.983730, 36.748631, 36.979366> 0.100000
	pigment { color rgbt <1,0,0,0> }
	no_shadow
}
sphere {
	0, 1
	scale<0.080000,0.200000,0.300000>
	matrix <0.101176, 0.828085, -0.551396,
		0.858295, -0.352921, -0.372527,
		-0.503084, -0.435570, -0.746449,
		26.832804, 36.617962, 36.755432>
	pigment { color rgbt <0,1,1,0> }
	no_shadow
}
cylinder {
	<27.629911, 37.007084, 36.769489>,  <27.184965, 36.922859, 37.277946>, 0.130000
	pigment { color rgbt <1,0,0,0> }
	no_shadow
}

// nucleotide -1

// particle -1
sphere {
	<27.629911, 37.007084, 36.769489> 0.250000
	pigment { color rgbt <1,0,0,0> }
	no_shadow
}
cylinder {
	<27.268242, 36.978134, 36.601093>,  <27.051241, 36.960766, 36.500057>, 0.100000
	pigment { color rgbt <1,0,0,0> }
	no_shadow
}
cylinder {
	<27.268242, 36.978134, 36.601093>,  <27.629911, 37.007084, 36.769489>, 0.100000
	pigment { color rgbt <1,0,0,0> }
	no_shadow
}

// particle -1
sphere {
	<27.268242, 36.978134, 36.601093> 0.100000
	pigment { color rgbt <1,0,0,0> }
	no_shadow
}
sphere {
	0, 1
	scale<0.080000,0.200000,0.300000>
	matrix <0.170300, 0.842757, -0.510645,
		0.391748, -0.533406, -0.749674,
		-0.904174, -0.072375, -0.420988,
		26.996990, 36.956421, 36.474796>
	pigment { color rgbt <0,1,1,0> }
	no_shadow
}
cylinder {
	<27.665331, 37.386490, 36.127522>,  <27.629911, 37.007084, 36.769489>, 0.130000
	pigment { color rgbt <1,0,0,0> }
	no_shadow
}

// nucleotide -1

// particle -1
sphere {
	<27.665331, 37.386490, 36.127522> 0.250000
	pigment { color rgbt <1,0,0,0> }
	no_shadow
}
cylinder {
	<27.269203, 37.351910, 36.170956>,  <27.031527, 37.331161, 36.197018>, 0.100000
	pigment { color rgbt <1,0,0,0> }
	no_shadow
}
cylinder {
	<27.269203, 37.351910, 36.170956>,  <27.665331, 37.386490, 36.127522>, 0.100000
	pigment { color rgbt <1,0,0,0> }
	no_shadow
}

// particle -1
sphere {
	<27.269203, 37.351910, 36.170956> 0.100000
	pigment { color rgbt <1,0,0,0> }
	no_shadow
}
sphere {
	0, 1
	scale<0.080000,0.200000,0.300000>
	matrix <-0.135647, 0.768458, -0.625358,
		-0.029382, -0.634035, -0.772746,
		-0.990321, -0.086446, 0.108584,
		26.972107, 37.325977, 36.203529>
	pigment { color rgbt <0,1,1,0> }
	no_shadow
}
cylinder {
	<27.490389, 38.043713, 35.859501>,  <27.665331, 37.386490, 36.127522>, 0.130000
	pigment { color rgbt <1,0,0,0> }
	no_shadow
}

// nucleotide -1

// particle -1
sphere {
	<27.490389, 38.043713, 35.859501> 0.250000
	pigment { color rgbt <1,0,0,0> }
	no_shadow
}
cylinder {
	<27.143850, 37.849480, 35.906250>,  <26.935928, 37.732941, 35.934299>, 0.100000
	pigment { color rgbt <1,0,0,0> }
	no_shadow
}
cylinder {
	<27.143850, 37.849480, 35.906250>,  <27.490389, 38.043713, 35.859501>, 0.100000
	pigment { color rgbt <1,0,0,0> }
	no_shadow
}

// particle -1
sphere {
	<27.143850, 37.849480, 35.906250> 0.100000
	pigment { color rgbt <1,0,0,0> }
	no_shadow
}
sphere {
	0, 1
	scale<0.080000,0.200000,0.300000>
	matrix <-0.469538, 0.712087, -0.521984,
		0.170237, -0.507096, -0.844910,
		-0.866345, -0.485578, 0.116877,
		26.883947, 37.703808, 35.941315>
	pigment { color rgbt <0,1,1,0> }
	no_shadow
}
cylinder {
	<27.264185, 37.762547, 35.248135>,  <27.490389, 38.043713, 35.859501>, 0.130000
	pigment { color rgbt <1,0,0,0> }
	no_shadow
}

// nucleotide -1

// particle -1
sphere {
	<27.264185, 37.762547, 35.248135> 0.250000
	pigment { color rgbt <1,0,0,0> }
	no_shadow
}
cylinder {
	<26.956160, 37.854332, 35.486244>,  <26.771343, 37.909405, 35.629108>, 0.100000
	pigment { color rgbt <1,0,0,0> }
	no_shadow
}
cylinder {
	<26.956160, 37.854332, 35.486244>,  <27.264185, 37.762547, 35.248135>, 0.100000
	pigment { color rgbt <1,0,0,0> }
	no_shadow
}

// particle -1
sphere {
	<26.956160, 37.854332, 35.486244> 0.100000
	pigment { color rgbt <1,0,0,0> }
	no_shadow
}
sphere {
	0, 1
	scale<0.080000,0.200000,0.300000>
	matrix <-0.292395, 0.702357, -0.648999,
		-0.567014, -0.673825, -0.473767,
		-0.770065, 0.229465, 0.595269,
		26.725140, 37.923172, 35.664825>
	pigment { color rgbt <0,1,1,0> }
	no_shadow
}
cylinder {
	<26.683615, 37.756271, 34.820946>,  <27.264185, 37.762547, 35.248135>, 0.130000
	pigment { color rgbt <1,0,0,0> }
	no_shadow
}

// nucleotide -1

// particle -1
sphere {
	<26.683615, 37.756271, 34.820946> 0.250000
	pigment { color rgbt <1,0,0,0> }
	no_shadow
}
cylinder {
	<26.603518, 37.991482, 35.134411>,  <26.555460, 38.132607, 35.322491>, 0.100000
	pigment { color rgbt <1,0,0,0> }
	no_shadow
}
cylinder {
	<26.603518, 37.991482, 35.134411>,  <26.683615, 37.756271, 34.820946>, 0.100000
	pigment { color rgbt <1,0,0,0> }
	no_shadow
}

// particle -1
sphere {
	<26.603518, 37.991482, 35.134411> 0.100000
	pigment { color rgbt <1,0,0,0> }
	no_shadow
}
sphere {
	0, 1
	scale<0.080000,0.200000,0.300000>
	matrix <-0.218959, 0.752777, -0.620793,
		-0.954966, -0.295900, -0.021985,
		-0.200243, 0.588022, 0.783666,
		26.543446, 38.167889, 35.369511>
	pigment { color rgbt <0,1,1,0> }
	no_shadow
}
cylinder {
	<26.046913, 38.201717, 34.695236>,  <26.683615, 37.756271, 34.820946>, 0.130000
	pigment { color rgbt <1,0,0,0> }
	no_shadow
}

// nucleotide -1

// particle -1
sphere {
	<26.046913, 38.201717, 34.695236> 0.250000
	pigment { color rgbt <1,0,0,0> }
	no_shadow
}
cylinder {
	<26.186226, 38.418579, 35.001118>,  <26.269814, 38.548695, 35.184647>, 0.100000
	pigment { color rgbt <1,0,0,0> }
	no_shadow
}
cylinder {
	<26.186226, 38.418579, 35.001118>,  <26.046913, 38.201717, 34.695236>, 0.100000
	pigment { color rgbt <1,0,0,0> }
	no_shadow
}

// particle -1
sphere {
	<26.186226, 38.418579, 35.001118> 0.100000
	pigment { color rgbt <1,0,0,0> }
	no_shadow
}
sphere {
	0, 1
	scale<0.080000,0.200000,0.300000>
	matrix <-0.116762, 0.834514, -0.538473,
		-0.930089, 0.098253, 0.353950,
		0.348283, 0.542156, 0.764700,
		26.290710, 38.581226, 35.230526>
	pigment { color rgbt <0,1,1,0> }
	no_shadow
}
cylinder {
	<25.553276, 38.768860, 34.817123>,  <26.046913, 38.201717, 34.695236>, 0.130000
	pigment { color rgbt <1,0,0,0> }
	no_shadow
}

// nucleotide -1

// particle -1
sphere {
	<25.553276, 38.768860, 34.817123> 0.250000
	pigment { color rgbt <1,0,0,0> }
	no_shadow
}
cylinder {
	<25.896599, 38.876892, 34.991646>,  <26.102592, 38.941711, 35.096359>, 0.100000
	pigment { color rgbt <1,0,0,0> }
	no_shadow
}
cylinder {
	<25.896599, 38.876892, 34.991646>,  <25.553276, 38.768860, 34.817123>, 0.100000
	pigment { color rgbt <1,0,0,0> }
	no_shadow
}

// particle -1
sphere {
	<25.896599, 38.876892, 34.991646> 0.100000
	pigment { color rgbt <1,0,0,0> }
	no_shadow
}
sphere {
	0, 1
	scale<0.080000,0.200000,0.300000>
	matrix <-0.132613, 0.938141, -0.319850,
		-0.495707, 0.216669, 0.841029,
		0.858306, 0.270084, 0.436310,
		26.154091, 38.957916, 35.122540>
	pigment { color rgbt <0,1,1,0> }
	no_shadow
}
cylinder {
	<25.286795, 39.399899, 35.160294>,  <25.553276, 38.768860, 34.817123>, 0.130000
	pigment { color rgbt <1,0,0,0> }
	no_shadow
}

// nucleotide -1

// particle -1
sphere {
	<25.286795, 39.399899, 35.160294> 0.250000
	pigment { color rgbt <1,0,0,0> }
	no_shadow
}
cylinder {
	<25.684982, 39.436817, 35.151157>,  <25.923895, 39.458969, 35.145676>, 0.100000
	pigment { color rgbt <1,0,0,0> }
	no_shadow
}
cylinder {
	<25.684982, 39.436817, 35.151157>,  <25.286795, 39.399899, 35.160294>, 0.100000
	pigment { color rgbt <1,0,0,0> }
	no_shadow
}

// particle -1
sphere {
	<25.684982, 39.436817, 35.151157> 0.100000
	pigment { color rgbt <1,0,0,0> }
	no_shadow
}
sphere {
	0, 1
	scale<0.080000,0.200000,0.300000>
	matrix <-0.094520, 0.986692, -0.132308,
		0.010323, 0.133867, 0.990946,
		0.995470, 0.092298, -0.022839,
		25.983624, 39.464508, 35.144306>
	pigment { color rgbt <0,1,1,0> }
	no_shadow
}
cylinder {
	<25.349070, 40.010490, 35.460728>,  <25.286795, 39.399899, 35.160294>, 0.130000
	pigment { color rgbt <1,0,0,0> }
	no_shadow
}

// nucleotide -1

// particle -1
sphere {
	<25.349070, 40.010490, 35.460728> 0.250000
	pigment { color rgbt <1,0,0,0> }
	no_shadow
}
cylinder {
	<25.702740, 39.932384, 35.290974>,  <25.914942, 39.885521, 35.189121>, 0.100000
	pigment { color rgbt <1,0,0,0> }
	no_shadow
}
cylinder {
	<25.702740, 39.932384, 35.290974>,  <25.349070, 40.010490, 35.460728>, 0.100000
	pigment { color rgbt <1,0,0,0> }
	no_shadow
}

// particle -1
sphere {
	<25.702740, 39.932384, 35.290974> 0.100000
	pigment { color rgbt <1,0,0,0> }
	no_shadow
}
sphere {
	0, 1
	scale<0.080000,0.200000,0.300000>
	matrix <0.083736, 0.959986, -0.267236,
		0.459587, 0.200747, 0.865147,
		0.884176, -0.195262, -0.424387,
		25.967993, 39.873806, 35.163658>
	pigment { color rgbt <0,1,1,0> }
	no_shadow
}
cylinder {
	<25.780434, 40.568901, 35.732174>,  <25.349070, 40.010490, 35.460728>, 0.130000
	pigment { color rgbt <1,0,0,0> }
	no_shadow
}

// nucleotide -1

// particle -1
sphere {
	<25.780434, 40.568901, 35.732174> 0.250000
	pigment { color rgbt <1,0,0,0> }
	no_shadow
}
cylinder {
	<25.925629, 40.421017, 35.390049>,  <26.012745, 40.332287, 35.184776>, 0.100000
	pigment { color rgbt <1,0,0,0> }
	no_shadow
}
cylinder {
	<25.925629, 40.421017, 35.390049>,  <25.780434, 40.568901, 35.732174>, 0.100000
	pigment { color rgbt <1,0,0,0> }
	no_shadow
}

// particle -1
sphere {
	<25.925629, 40.421017, 35.390049> 0.100000
	pigment { color rgbt <1,0,0,0> }
	no_shadow
}
sphere {
	0, 1
	scale<0.080000,0.200000,0.300000>
	matrix <0.128921, 0.929014, -0.346860,
		0.922832, 0.015639, 0.384885,
		0.362988, -0.369714, -0.855308,
		26.034525, 40.310104, 35.133457>
	pigment { color rgbt <0,1,1,0> }
	no_shadow
}
cylinder {
	<26.534319, 40.834129, 35.607193>,  <25.780434, 40.568901, 35.732174>, 0.130000
	pigment { color rgbt <1,0,0,0> }
	no_shadow
}

// nucleotide -1

// particle -1
sphere {
	<26.534319, 40.834129, 35.607193> 0.250000
	pigment { color rgbt <1,0,0,0> }
	no_shadow
}
cylinder {
	<26.398445, 40.728130, 35.246220>,  <26.316921, 40.664532, 35.029636>, 0.100000
	pigment { color rgbt <1,0,0,0> }
	no_shadow
}
cylinder {
	<26.398445, 40.728130, 35.246220>,  <26.534319, 40.834129, 35.607193>, 0.100000
	pigment { color rgbt <1,0,0,0> }
	no_shadow
}

// particle -1
sphere {
	<26.398445, 40.728130, 35.246220> 0.100000
	pigment { color rgbt <1,0,0,0> }
	no_shadow
}
sphere {
	0, 1
	scale<0.080000,0.200000,0.300000>
	matrix <0.345594, 0.857201, -0.381800,
		0.874746, -0.441568, -0.199595,
		-0.339684, -0.264999, -0.902435,
		26.296541, 40.648632, 34.975491>
	pigment { color rgbt <0,1,1,0> }
	no_shadow
}
cylinder {
	<27.022369, 41.077400, 35.173134>,  <26.534319, 40.834129, 35.607193>, 0.130000
	pigment { color rgbt <1,0,0,0> }
	no_shadow
}

// nucleotide -1

// particle -1
sphere {
	<27.022369, 41.077400, 35.173134> 0.250000
	pigment { color rgbt <1,0,0,0> }
	no_shadow
}
cylinder {
	<26.709146, 41.018940, 34.931320>,  <26.521214, 40.983864, 34.786232>, 0.100000
	pigment { color rgbt <1,0,0,0> }
	no_shadow
}
cylinder {
	<26.709146, 41.018940, 34.931320>,  <27.022369, 41.077400, 35.173134>, 0.100000
	pigment { color rgbt <1,0,0,0> }
	no_shadow
}

// particle -1
sphere {
	<26.709146, 41.018940, 34.931320> 0.100000
	pigment { color rgbt <1,0,0,0> }
	no_shadow
}
sphere {
	0, 1
	scale<0.080000,0.200000,0.300000>
	matrix <0.214899, 0.848556, -0.483499,
		0.583643, -0.508521, -0.633061,
		-0.783058, -0.146147, -0.604535,
		26.474230, 40.975098, 34.749958>
	pigment { color rgbt <0,1,1,0> }
	no_shadow
}
cylinder {
	<27.182495, 41.157211, 34.476353>,  <27.022369, 41.077400, 35.173134>, 0.130000
	pigment { color rgbt <1,0,0,0> }
	no_shadow
}

// nucleotide -1

// particle -1
sphere {
	<27.182495, 41.157211, 34.476353> 0.250000
	pigment { color rgbt <1,0,0,0> }
	no_shadow
}
cylinder {
	<26.788860, 41.228249, 34.478497>,  <26.552679, 41.270870, 34.479782>, 0.100000
	pigment { color rgbt <1,0,0,0> }
	no_shadow
}
cylinder {
	<26.788860, 41.228249, 34.478497>,  <27.182495, 41.157211, 34.476353>, 0.100000
	pigment { color rgbt <1,0,0,0> }
	no_shadow
}

// particle -1
sphere {
	<26.788860, 41.228249, 34.478497> 0.100000
	pigment { color rgbt <1,0,0,0> }
	no_shadow
}
sphere {
	0, 1
	scale<0.080000,0.200000,0.300000>
	matrix <0.141594, 0.802103, -0.580157,
		-0.107335, -0.570166, -0.814487,
		-0.984089, 0.177598, 0.005362,
		26.493633, 41.281528, 34.480106>
	pigment { color rgbt <0,1,1,0> }
	no_shadow
}
cylinder {
	<26.983391, 41.267372, 33.768532>,  <27.182495, 41.157211, 34.476353>, 0.130000
	pigment { color rgbt <1,0,0,0> }
	no_shadow
}

// nucleotide -1

// particle -1
sphere {
	<26.983391, 41.267372, 33.768532> 0.250000
	pigment { color rgbt <1,0,0,0> }
	no_shadow
}
cylinder {
	<26.669186, 41.418488, 33.964588>,  <26.480663, 41.509159, 34.082222>, 0.100000
	pigment { color rgbt <1,0,0,0> }
	no_shadow
}
cylinder {
	<26.669186, 41.418488, 33.964588>,  <26.983391, 41.267372, 33.768532>, 0.100000
	pigment { color rgbt <1,0,0,0> }
	no_shadow
}

// particle -1
sphere {
	<26.669186, 41.418488, 33.964588> 0.100000
	pigment { color rgbt <1,0,0,0> }
	no_shadow
}
sphere {
	0, 1
	scale<0.080000,0.200000,0.300000>
	matrix <-0.006381, 0.787046, -0.616862,
		-0.618812, -0.487680, -0.615824,
		-0.785513, 0.377792, 0.490145,
		26.433531, 41.531826, 34.111633>
	pigment { color rgbt <0,1,1,0> }
	no_shadow
}
cylinder {
	<26.634211, 41.507450, 33.236420>,  <26.983391, 41.267372, 33.768532>, 0.130000
	pigment { color rgbt <1,0,0,0> }
	no_shadow
}

// nucleotide -1

// particle -1
sphere {
	<26.634211, 41.507450, 33.236420> 0.250000
	pigment { color rgbt <1,0,0,0> }
	no_shadow
}
cylinder {
	<26.483013, 41.700638, 33.552357>,  <26.392294, 41.816551, 33.741920>, 0.100000
	pigment { color rgbt <1,0,0,0> }
	no_shadow
}
cylinder {
	<26.483013, 41.700638, 33.552357>,  <26.634211, 41.507450, 33.236420>, 0.100000
	pigment { color rgbt <1,0,0,0> }
	no_shadow
}

// particle -1
sphere {
	<26.483013, 41.700638, 33.552357> 0.100000
	pigment { color rgbt <1,0,0,0> }
	no_shadow
}
sphere {
	0, 1
	scale<0.080000,0.200000,0.300000>
	matrix <-0.093305, 0.828927, -0.551520,
		-0.921094, -0.282168, -0.268267,
		-0.377995, 0.482971, 0.789847,
		26.369614, 41.845528, 33.789310>
	pigment { color rgbt <0,1,1,0> }
	no_shadow
}
cylinder {
	<26.234640, 42.098576, 32.979435>,  <26.634211, 41.507450, 33.236420>, 0.130000
	pigment { color rgbt <1,0,0,0> }
	no_shadow
}

// nucleotide -1

// particle -1
sphere {
	<26.234640, 42.098576, 32.979435> 0.250000
	pigment { color rgbt <1,0,0,0> }
	no_shadow
}
cylinder {
	<26.282892, 42.214989, 33.359066>,  <26.311844, 42.284836, 33.586845>, 0.100000
	pigment { color rgbt <1,0,0,0> }
	no_shadow
}
cylinder {
	<26.282892, 42.214989, 33.359066>,  <26.234640, 42.098576, 32.979435>, 0.100000
	pigment { color rgbt <1,0,0,0> }
	no_shadow
}

// particle -1
sphere {
	<26.282892, 42.214989, 33.359066> 0.100000
	pigment { color rgbt <1,0,0,0> }
	no_shadow
}
sphere {
	0, 1
	scale<0.080000,0.200000,0.300000>
	matrix <0.173629, 0.935136, -0.308825,
		-0.977395, 0.202042, 0.062276,
		0.120632, 0.291031, 0.949078,
		26.319082, 42.302299, 33.643791>
	pigment { color rgbt <0,1,1,0> }
	no_shadow
}
cylinder {
	<25.850235, 42.723949, 33.014977>,  <26.234640, 42.098576, 32.979435>, 0.130000
	pigment { color rgbt <1,0,0,0> }
	no_shadow
}

// nucleotide -1

// particle -1
sphere {
	<25.850235, 42.723949, 33.014977> 0.250000
	pigment { color rgbt <1,0,0,0> }
	no_shadow
}
cylinder {
	<26.113029, 42.723946, 33.316536>,  <26.270706, 42.723942, 33.497471>, 0.100000
	pigment { color rgbt <1,0,0,0> }
	no_shadow
}
cylinder {
	<26.113029, 42.723946, 33.316536>,  <25.850235, 42.723949, 33.014977>, 0.100000
	pigment { color rgbt <1,0,0,0> }
	no_shadow
}

// particle -1
sphere {
	<26.113029, 42.723946, 33.316536> 0.100000
	pigment { color rgbt <1,0,0,0> }
	no_shadow
}
sphere {
	0, 1
	scale<0.080000,0.200000,0.300000>
	matrix <0.165229, 0.975690, -0.143977,
		-0.735572, 0.219157, 0.641018,
		0.656989, -0.000009, 0.753901,
		26.310125, 42.723942, 33.542706>
	pigment { color rgbt <0,1,1,0> }
	no_shadow
}
cylinder {
	<26.348492, 43.087841, 32.625183>,  <25.850235, 42.723949, 33.014977>, 0.130000
	pigment { color rgbt <1,0,0,0> }
	no_shadow
}

// nucleotide -1

// particle -1
sphere {
	<26.348492, 43.087841, 32.625183> 0.250000
	pigment { color rgbt <1,0,0,0> }
	no_shadow
}
cylinder {
	<26.275105, 43.437035, 32.805954>,  <26.231071, 43.646549, 32.914417>, 0.100000
	pigment { color rgbt <1,0,0,0> }
	no_shadow
}
cylinder {
	<26.275105, 43.437035, 32.805954>,  <26.348492, 43.087841, 32.625183>, 0.100000
	pigment { color rgbt <1,0,0,0> }
	no_shadow
}

// particle -1
sphere {
	<26.275105, 43.437035, 32.805954> 0.100000
	pigment { color rgbt <1,0,0,0> }
	no_shadow
}
sphere {
	0, 1
	scale<0.080000,0.200000,0.300000>
	matrix <0.422132, -0.345220, 0.838229,
		0.887775, 0.344562, -0.305177,
		-0.183469, 0.872983, 0.451929,
		26.220064, 43.698929, 32.941532>
	pigment { color rgbt <0,1,1,0> }
	no_shadow
}
cylinder {
	<26.953337, 43.372417, 33.012497>,  <26.348492, 43.087841, 32.625183>, 0.130000
	pigment { color rgbt <1,0,0,0> }
	no_shadow
}

// nucleotide -1

// particle -1
sphere {
	<26.953337, 43.372417, 33.012497> 0.250000
	pigment { color rgbt <1,0,0,0> }
	no_shadow
}
cylinder {
	<26.640722, 43.563286, 33.173252>,  <26.453154, 43.677807, 33.269703>, 0.100000
	pigment { color rgbt <1,0,0,0> }
	no_shadow
}
cylinder {
	<26.640722, 43.563286, 33.173252>,  <26.953337, 43.372417, 33.012497>, 0.100000
	pigment { color rgbt <1,0,0,0> }
	no_shadow
}

// particle -1
sphere {
	<26.640722, 43.563286, 33.173252> 0.100000
	pigment { color rgbt <1,0,0,0> }
	no_shadow
}
sphere {
	0, 1
	scale<0.080000,0.200000,0.300000>
	matrix <0.356180, -0.187594, 0.915393,
		0.512189, 0.858555, -0.023347,
		-0.781535, 0.477170, 0.401884,
		26.406261, 43.706436, 33.293816>
	pigment { color rgbt <0,1,1,0> }
	no_shadow
}
cylinder {
	<27.420513, 43.521694, 33.549801>,  <26.953337, 43.372417, 33.012497>, 0.130000
	pigment { color rgbt <1,0,0,0> }
	no_shadow
}

// nucleotide -1

// particle -1
sphere {
	<27.420513, 43.521694, 33.549801> 0.250000
	pigment { color rgbt <1,0,0,0> }
	no_shadow
}
cylinder {
	<27.726389, 43.765316, 33.465607>,  <27.909914, 43.911488, 33.415089>, 0.100000
	pigment { color rgbt <1,0,0,0> }
	no_shadow
}
cylinder {
	<27.726389, 43.765316, 33.465607>,  <27.420513, 43.521694, 33.549801>, 0.100000
	pigment { color rgbt <1,0,0,0> }
	no_shadow
}

// particle -1
sphere {
	<27.726389, 43.765316, 33.465607> 0.100000
	pigment { color rgbt <1,0,0,0> }
	no_shadow
}
sphere {
	0, 1
	scale<0.080000,0.200000,0.300000>
	matrix <0.284562, -0.026087, 0.958303,
		0.578167, -0.792699, -0.193263,
		0.764687, 0.609055, -0.210490,
		27.955795, 43.948032, 33.402458>
	pigment { color rgbt <0,1,1,0> }
	no_shadow
}
cylinder {
	<27.963625, 43.303066, 33.995255>,  <27.420513, 43.521694, 33.549801>, 0.130000
	pigment { color rgbt <1,0,0,0> }
	no_shadow
}

// nucleotide -1

// particle -1
sphere {
	<27.963625, 43.303066, 33.995255> 0.250000
	pigment { color rgbt <1,0,0,0> }
	no_shadow
}
cylinder {
	<28.078623, 43.660606, 33.857635>,  <28.147621, 43.875130, 33.775063>, 0.100000
	pigment { color rgbt <1,0,0,0> }
	no_shadow
}
cylinder {
	<28.078623, 43.660606, 33.857635>,  <27.963625, 43.303066, 33.995255>, 0.100000
	pigment { color rgbt <1,0,0,0> }
	no_shadow
}

// particle -1
sphere {
	<28.078623, 43.660606, 33.857635> 0.100000
	pigment { color rgbt <1,0,0,0> }
	no_shadow
}
sphere {
	0, 1
	scale<0.080000,0.200000,0.300000>
	matrix <0.237746, 0.281374, 0.929680,
		0.927806, -0.349074, -0.131617,
		0.287494, 0.893855, -0.344051,
		28.164871, 43.928764, 33.754421>
	pigment { color rgbt <0,1,1,0> }
	no_shadow
}
cylinder {
	<28.749512, 43.522659, 34.166809>,  <27.963625, 43.303066, 33.995255>, 0.130000
	pigment { color rgbt <1,0,0,0> }
	no_shadow
}

// nucleotide -1

// particle -1
sphere {
	<28.749512, 43.522659, 34.166809> 0.250000
	pigment { color rgbt <1,0,0,0> }
	no_shadow
}
cylinder {
	<28.484364, 43.821930, 34.155239>,  <28.325275, 44.001492, 34.148296>, 0.100000
	pigment { color rgbt <1,0,0,0> }
	no_shadow
}
cylinder {
	<28.484364, 43.821930, 34.155239>,  <28.749512, 43.522659, 34.166809>, 0.100000
	pigment { color rgbt <1,0,0,0> }
	no_shadow
}

// particle -1
sphere {
	<28.484364, 43.821930, 34.155239> 0.100000
	pigment { color rgbt <1,0,0,0> }
	no_shadow
}
sphere {
	0, 1
	scale<0.080000,0.200000,0.300000>
	matrix <0.271842, 0.276479, 0.921771,
		0.697643, 0.603152, -0.386655,
		-0.662870, 0.748176, -0.028922,
		28.285503, 44.046383, 34.146561>
	pigment { color rgbt <0,1,1,0> }
	no_shadow
}
cylinder {
	<29.024956, 44.221985, 34.047054>,  <28.749512, 43.522659, 34.166809>, 0.130000
	pigment { color rgbt <1,0,0,0> }
	no_shadow
}

// nucleotide -1

// particle -1
sphere {
	<29.024956, 44.221985, 34.047054> 0.250000
	pigment { color rgbt <1,0,0,0> }
	no_shadow
}
cylinder {
	<28.719763, 44.130146, 34.288761>,  <28.536648, 44.075043, 34.433784>, 0.100000
	pigment { color rgbt <1,0,0,0> }
	no_shadow
}
cylinder {
	<28.719763, 44.130146, 34.288761>,  <29.024956, 44.221985, 34.047054>, 0.100000
	pigment { color rgbt <1,0,0,0> }
	no_shadow
}

// particle -1
sphere {
	<28.719763, 44.130146, 34.288761> 0.100000
	pigment { color rgbt <1,0,0,0> }
	no_shadow
}
sphere {
	0, 1
	scale<0.080000,0.200000,0.300000>
	matrix <0.546350, 0.270563, 0.792652,
		-0.345485, 0.934923, -0.080994,
		-0.762982, -0.229598, 0.604270,
		28.490868, 44.061268, 34.470043>
	pigment { color rgbt <0,1,1,0> }
	no_shadow
}
cylinder {
	<28.656311, 44.908485, 34.343353>,  <29.024956, 44.221985, 34.047054>, 0.130000
	pigment { color rgbt <1,0,0,0> }
	no_shadow
}

// nucleotide -1

// particle -1
sphere {
	<28.656311, 44.908485, 34.343353> 0.250000
	pigment { color rgbt <1,0,0,0> }
	no_shadow
}
cylinder {
	<28.687965, 44.553963, 34.525871>,  <28.706959, 44.341251, 34.635380>, 0.100000
	pigment { color rgbt <1,0,0,0> }
	no_shadow
}
cylinder {
	<28.687965, 44.553963, 34.525871>,  <28.656311, 44.908485, 34.343353>, 0.100000
	pigment { color rgbt <1,0,0,0> }
	no_shadow
}

// particle -1
sphere {
	<28.687965, 44.553963, 34.525871> 0.100000
	pigment { color rgbt <1,0,0,0> }
	no_shadow
}
sphere {
	0, 1
	scale<0.080000,0.200000,0.300000>
	matrix <0.680112, 0.382655, 0.625319,
		-0.728825, 0.260844, 0.633068,
		0.079136, -0.886305, 0.456291,
		28.711706, 44.288071, 34.662758>
	pigment { color rgbt <0,1,1,0> }
	no_shadow
}
cylinder {
	<28.465204, 45.042320, 35.104946>,  <28.656311, 44.908485, 34.343353>, 0.130000
	pigment { color rgbt <1,0,0,0> }
	no_shadow
}

// nucleotide -1

// particle -1
sphere {
	<28.465204, 45.042320, 35.104946> 0.250000
	pigment { color rgbt <1,0,0,0> }
	no_shadow
}
cylinder {
	<28.730682, 44.775360, 34.969837>,  <28.889969, 44.615185, 34.888771>, 0.100000
	pigment { color rgbt <1,0,0,0> }
	no_shadow
}
cylinder {
	<28.730682, 44.775360, 34.969837>,  <28.465204, 45.042320, 35.104946>, 0.100000
	pigment { color rgbt <1,0,0,0> }
	no_shadow
}

// particle -1
sphere {
	<28.730682, 44.775360, 34.969837> 0.100000
	pigment { color rgbt <1,0,0,0> }
	no_shadow
}
sphere {
	0, 1
	scale<0.080000,0.200000,0.300000>
	matrix <0.746358, 0.560944, 0.358178,
		-0.049579, -0.489817, 0.870415,
		0.663695, -0.667399, -0.337768,
		28.929790, 44.575142, 34.868507>
	pigment { color rgbt <0,1,1,0> }
	no_shadow
}
cylinder {
	<28.947811, 44.762180, 35.685524>,  <28.465204, 45.042320, 35.104946>, 0.130000
	pigment { color rgbt <1,0,0,0> }
	no_shadow
}

// nucleotide -1

// particle -1
sphere {
	<28.947811, 44.762180, 35.685524> 0.250000
	pigment { color rgbt <1,0,0,0> }
	no_shadow
}
cylinder {
	<29.123177, 44.759899, 35.326023>,  <29.228395, 44.758530, 35.110321>, 0.100000
	pigment { color rgbt <1,0,0,0> }
	no_shadow
}
cylinder {
	<29.123177, 44.759899, 35.326023>,  <28.947811, 44.762180, 35.685524>, 0.100000
	pigment { color rgbt <1,0,0,0> }
	no_shadow
}

// particle -1
sphere {
	<29.123177, 44.759899, 35.326023> 0.100000
	pigment { color rgbt <1,0,0,0> }
	no_shadow
}
sphere {
	0, 1
	scale<0.080000,0.200000,0.300000>
	matrix <0.725638, 0.592289, 0.350205,
		0.530325, -0.805706, 0.263806,
		0.438412, -0.005705, -0.898756,
		29.254700, 44.758186, 35.056396>
	pigment { color rgbt <0,1,1,0> }
	no_shadow
}
cylinder {
	<29.681320, 44.722790, 35.754311>,  <28.947811, 44.762180, 35.685524>, 0.130000
	pigment { color rgbt <1,0,0,0> }
	no_shadow
}

// nucleotide -1

// particle -1
sphere {
	<29.681320, 44.722790, 35.754311> 0.250000
	pigment { color rgbt <1,0,0,0> }
	no_shadow
}
cylinder {
	<29.647392, 44.833878, 35.371548>,  <29.627035, 44.900528, 35.141888>, 0.100000
	pigment { color rgbt <1,0,0,0> }
	no_shadow
}
cylinder {
	<29.647392, 44.833878, 35.371548>,  <29.681320, 44.722790, 35.754311>, 0.100000
	pigment { color rgbt <1,0,0,0> }
	no_shadow
}

// particle -1
sphere {
	<29.647392, 44.833878, 35.371548> 0.100000
	pigment { color rgbt <1,0,0,0> }
	no_shadow
}
sphere {
	0, 1
	scale<0.080000,0.200000,0.300000>
	matrix <0.926404, 0.375568, 0.026884,
		0.366852, -0.884206, -0.289135,
		-0.084819, 0.277718, -0.956911,
		29.621946, 44.917194, 35.084473>
	pigment { color rgbt <0,1,1,0> }
	no_shadow
}
cylinder {
	<29.497917, 44.020504, 35.718491>,  <29.681320, 44.722790, 35.754311>, 0.130000
	pigment { color rgbt <1,0,0,0> }
	no_shadow
}

// nucleotide -1

// particle -1
sphere {
	<29.497917, 44.020504, 35.718491> 0.250000
	pigment { color rgbt <1,0,0,0> }
	no_shadow
}
cylinder {
	<29.150373, 43.867214, 35.843853>,  <28.941847, 43.775242, 35.919071>, 0.100000
	pigment { color rgbt <1,0,0,0> }
	no_shadow
}
cylinder {
	<29.150373, 43.867214, 35.843853>,  <29.497917, 44.020504, 35.718491>, 0.100000
	pigment { color rgbt <1,0,0,0> }
	no_shadow
}

// particle -1
sphere {
	<29.150373, 43.867214, 35.843853> 0.100000
	pigment { color rgbt <1,0,0,0> }
	no_shadow
}
sphere {
	0, 1
	scale<0.080000,0.200000,0.300000>
	matrix <0.401230, -0.915945, -0.007652,
		0.289995, 0.119099, 0.949588,
		-0.868860, -0.383222, 0.313406,
		28.889715, 43.752247, 35.937874>
	pigment { color rgbt <0,1,1,0> }
	no_shadow
}
cylinder {
	<29.629778, 43.483047, 36.199562>,  <29.497917, 44.020504, 35.718491>, 0.130000
	pigment { color rgbt <1,0,0,0> }
	no_shadow
}

// nucleotide -1

// particle -1
sphere {
	<29.629778, 43.483047, 36.199562> 0.250000
	pigment { color rgbt <1,0,0,0> }
	no_shadow
}
cylinder {
	<29.249882, 43.401226, 36.104778>,  <29.021944, 43.352135, 36.047909>, 0.100000
	pigment { color rgbt <1,0,0,0> }
	no_shadow
}
cylinder {
	<29.249882, 43.401226, 36.104778>,  <29.629778, 43.483047, 36.199562>, 0.100000
	pigment { color rgbt <1,0,0,0> }
	no_shadow
}

// particle -1
sphere {
	<29.249882, 43.401226, 36.104778> 0.100000
	pigment { color rgbt <1,0,0,0> }
	no_shadow
}
sphere {
	0, 1
	scale<0.080000,0.200000,0.300000>
	matrix <0.236008, -0.965189, -0.112744,
		-0.205650, -0.163002, 0.964955,
		-0.949741, -0.204552, -0.236960,
		28.964960, 43.339859, 36.033691>
	pigment { color rgbt <0,1,1,0> }
	no_shadow
}
cylinder {
	<29.504993, 42.764278, 36.554855>,  <29.629778, 43.483047, 36.199562>, 0.130000
	pigment { color rgbt <1,0,0,0> }
	no_shadow
}

// nucleotide -1

// particle -1
sphere {
	<29.504993, 42.764278, 36.554855> 0.250000
	pigment { color rgbt <1,0,0,0> }
	no_shadow
}
cylinder {
	<29.215374, 42.822674, 36.285206>,  <29.041603, 42.857712, 36.123417>, 0.100000
	pigment { color rgbt <1,0,0,0> }
	no_shadow
}
cylinder {
	<29.215374, 42.822674, 36.285206>,  <29.504993, 42.764278, 36.554855>, 0.100000
	pigment { color rgbt <1,0,0,0> }
	no_shadow
}

// particle -1
sphere {
	<29.215374, 42.822674, 36.285206> 0.100000
	pigment { color rgbt <1,0,0,0> }
	no_shadow
}
sphere {
	0, 1
	scale<0.080000,0.200000,0.300000>
	matrix <0.056045, -0.961661, -0.268454,
		-0.687469, -0.232155, 0.688106,
		-0.724048, 0.145989, -0.674123,
		28.998159, 42.866470, 36.082970>
	pigment { color rgbt <0,1,1,0> }
	no_shadow
}
cylinder {
	<29.028727, 42.286865, 36.725498>,  <29.504993, 42.764278, 36.554855>, 0.130000
	pigment { color rgbt <1,0,0,0> }
	no_shadow
}

// nucleotide -1

// particle -1
sphere {
	<29.028727, 42.286865, 36.725498> 0.250000
	pigment { color rgbt <1,0,0,0> }
	no_shadow
}
cylinder {
	<28.980122, 42.382046, 36.340038>,  <28.950958, 42.439156, 36.108765>, 0.100000
	pigment { color rgbt <1,0,0,0> }
	no_shadow
}
cylinder {
	<28.980122, 42.382046, 36.340038>,  <29.028727, 42.286865, 36.725498>, 0.100000
	pigment { color rgbt <1,0,0,0> }
	no_shadow
}

// particle -1
sphere {
	<28.980122, 42.382046, 36.340038> 0.100000
	pigment { color rgbt <1,0,0,0> }
	no_shadow
}
sphere {
	0, 1
	scale<0.080000,0.200000,0.300000>
	matrix <0.058938, -0.967397, -0.246312,
		-0.990838, -0.086726, 0.103527,
		-0.121514, 0.237954, -0.963645,
		28.943668, 42.453430, 36.050945>
	pigment { color rgbt <0,1,1,0> }
	no_shadow
}
cylinder {
	<28.517904, 41.866070, 36.475842>,  <29.028727, 42.286865, 36.725498>, 0.130000
	pigment { color rgbt <1,0,0,0> }
	no_shadow
}

// nucleotide -1

// particle -1
sphere {
	<28.517904, 41.866070, 36.475842> 0.250000
	pigment { color rgbt <1,0,0,0> }
	no_shadow
}
cylinder {
	<28.738518, 41.991913, 36.166821>,  <28.870886, 42.067421, 35.981407>, 0.100000
	pigment { color rgbt <1,0,0,0> }
	no_shadow
}
cylinder {
	<28.738518, 41.991913, 36.166821>,  <28.517904, 41.866070, 36.475842>, 0.100000
	pigment { color rgbt <1,0,0,0> }
	no_shadow
}

// particle -1
sphere {
	<28.738518, 41.991913, 36.166821> 0.100000
	pigment { color rgbt <1,0,0,0> }
	no_shadow
}
sphere {
	0, 1
	scale<0.080000,0.200000,0.300000>
	matrix <0.074305, -0.940995, -0.330163,
		-0.830837, 0.124692, -0.542367,
		0.551534, 0.314612, -0.772548,
		28.903978, 42.086296, 35.935055>
	pigment { color rgbt <0,1,1,0> }
	no_shadow
}
cylinder {
	<28.124315, 41.690102, 35.971035>,  <28.517904, 41.866070, 36.475842>, 0.130000
	pigment { color rgbt <1,0,0,0> }
	no_shadow
}

// nucleotide -1

// particle -1
sphere {
	<28.124315, 41.690102, 35.971035> 0.250000
	pigment { color rgbt <1,0,0,0> }
	no_shadow
}
cylinder {
	<28.483198, 41.737366, 35.800831>,  <28.698528, 41.765724, 35.698708>, 0.100000
	pigment { color rgbt <1,0,0,0> }
	no_shadow
}
cylinder {
	<28.483198, 41.737366, 35.800831>,  <28.124315, 41.690102, 35.971035>, 0.100000
	pigment { color rgbt <1,0,0,0> }
	no_shadow
}

// particle -1
sphere {
	<28.483198, 41.737366, 35.800831> 0.100000
	pigment { color rgbt <1,0,0,0> }
	no_shadow
}
sphere {
	0, 1
	scale<0.080000,0.200000,0.300000>
	matrix <-0.030763, -0.944478, -0.327132,
		-0.440540, 0.306595, -0.843756,
		0.897206, 0.118159, -0.425512,
		28.752359, 41.772812, 35.673176>
	pigment { color rgbt <0,1,1,0> }
	no_shadow
}
cylinder {
	<28.119820, 41.282452, 35.381081>,  <28.124315, 41.690102, 35.971035>, 0.130000
	pigment { color rgbt <1,0,0,0> }
	no_shadow
}

// nucleotide -1

// particle -1
sphere {
	<28.119820, 41.282452, 35.381081> 0.250000
	pigment { color rgbt <1,0,0,0> }
	no_shadow
}
cylinder {
	<28.510609, 41.326332, 35.454277>,  <28.745083, 41.352661, 35.498196>, 0.100000
	pigment { color rgbt <1,0,0,0> }
	no_shadow
}
cylinder {
	<28.510609, 41.326332, 35.454277>,  <28.119820, 41.282452, 35.381081>, 0.100000
	pigment { color rgbt <1,0,0,0> }
	no_shadow
}

// particle -1
sphere {
	<28.510609, 41.326332, 35.454277> 0.100000
	pigment { color rgbt <1,0,0,0> }
	no_shadow
}
sphere {
	0, 1
	scale<0.080000,0.200000,0.300000>
	matrix <0.153178, -0.957681, -0.243687,
		0.148514, 0.266106, -0.952434,
		0.976975, 0.109701, 0.182991,
		28.803701, 41.359241, 35.509174>
	pigment { color rgbt <0,1,1,0> }
	no_shadow
}
cylinder {
	<28.426989, 41.013859, 34.805523>,  <28.119820, 41.282452, 35.381081>, 0.130000
	pigment { color rgbt <1,0,0,0> }
	no_shadow
}

// nucleotide -1

// particle -1
sphere {
	<28.426989, 41.013859, 34.805523> 0.250000
	pigment { color rgbt <1,0,0,0> }
	no_shadow
}
cylinder {
	<28.711002, 40.995010, 35.086559>,  <28.881411, 40.983704, 35.255180>, 0.100000
	pigment { color rgbt <1,0,0,0> }
	no_shadow
}
cylinder {
	<28.711002, 40.995010, 35.086559>,  <28.426989, 41.013859, 34.805523>, 0.100000
	pigment { color rgbt <1,0,0,0> }
	no_shadow
}

// particle -1
sphere {
	<28.711002, 40.995010, 35.086559> 0.100000
	pigment { color rgbt <1,0,0,0> }
	no_shadow
}
sphere {
	0, 1
	scale<0.080000,0.200000,0.300000>
	matrix <0.193303, -0.946386, -0.258821,
