// switches for output
#declare DRAW_BASES = 1; // possible values are 0, 1; only relevant for DNA ribbons
#declare DRAW_BASES_TYPE = 3; // possible values are 1, 2, 3; only relevant for DNA ribbons
#declare DRAW_FOG = 0; // set to 1 to enable fog

#include "colors.inc"

#include "transforms.inc"
background { rgb <1, 1, 1>}

#default {
   normal{
       ripples 0.25
       frequency 0.20
       turbulence 0.2
       lambda 5
   }
	finish {
		phong 0.1
		phong_size 40.
	}
}

// original window dimensions: 1024x640


// camera settings

camera {
	sky <0, 0.179814, -0.983701>
	up <0, 0.179814, -0.983701>
	right 1.6 * <1, 0, 0>
	location <35, 94.9851, 44.8844>
	look_at <35, 29.7336, 32.9568>
	direction <0, -65.2515, -11.9276>
	angle 67.0682
}


# declare cpy_camera_pos = <35, 94.9851, 44.8844>;
# if (DRAW_FOG = 1)
fog {
	fog_type 2
	up vnormalize(cpy_camera_pos)
	color rgbt<1,1,1,0.3>
	distance 1e-5
	fog_alt 3e-3
	fog_offset 56
}
# end


// LIGHTS

# declare lum = 6;
global_settings {
	ambient_light rgb lum * <0.05, 0.05, 0.05>
	max_trace_level 15
}# declare cpy_direct_light_amount = 0.25;
light_source
{	1000 * <-1, -1.16352, -0.803886>,
	rgb lum * cpy_direct_light_amount
	parallel
}

light_source
{	1000 * <1, 1.16352, 0.803886>,
	rgb lum * cpy_direct_light_amount
	parallel
}

// strand 0

// nucleotide -1

// particle -1
sphere {
	<24.156967, 34.979244, 35.416870> 0.250000
	pigment { color rgbt <1,0,0,0> }
	no_shadow
}
cylinder {
	<24.517927, 34.829926, 35.330776>,  <24.734503, 34.740334, 35.279118>, 0.100000
	pigment { color rgbt <1,0,0,0> }
	no_shadow
}
cylinder {
	<24.517927, 34.829926, 35.330776>,  <24.156967, 34.979244, 35.416870>, 0.100000
	pigment { color rgbt <1,0,0,0> }
	no_shadow
}

// particle -1
sphere {
	<24.517927, 34.829926, 35.330776> 0.100000
	pigment { color rgbt <1,0,0,0> }
	no_shadow
}
sphere {
	0, 1
	scale<0.080000,0.200000,0.300000>
	matrix <0.016726, -0.468784, 0.883155,
		-0.430574, -0.800559, -0.416787,
		0.902400, -0.373292, -0.215236,
		24.788647, 34.717937, 35.266205>
	pigment { color rgbt <0,1,1,0> }
	no_shadow
}
cylinder {
	<24.600538, 35.540737, 35.509796>,  <24.156967, 34.979244, 35.416870>, 0.130000
	pigment { color rgbt <1,0,0,0> }
	no_shadow
}

// nucleotide -1

// particle -1
sphere {
	<24.600538, 35.540737, 35.509796> 0.250000
	pigment { color rgbt <1,0,0,0> }
	no_shadow
}
cylinder {
	<24.992188, 35.491955, 35.444748>,  <25.227177, 35.462685, 35.405720>, 0.100000
	pigment { color rgbt <1,0,0,0> }
	no_shadow
}
cylinder {
	<24.992188, 35.491955, 35.444748>,  <24.600538, 35.540737, 35.509796>, 0.100000
	pigment { color rgbt <1,0,0,0> }
	no_shadow
}

// particle -1
sphere {
	<24.992188, 35.491955, 35.444748> 0.100000
	pigment { color rgbt <1,0,0,0> }
	no_shadow
}
sphere {
	0, 1
	scale<0.080000,0.200000,0.300000>
	matrix <0.202390, 0.659456, 0.723987,
		0.018945, -0.741784, 0.670371,
		0.979122, -0.121960, -0.162623,
		25.285925, 35.455368, 35.395962>
	pigment { color rgbt <0,1,1,0> }
	no_shadow
}
cylinder {
	<24.971848, 35.152210, 35.981060>,  <24.600538, 35.540737, 35.509796>, 0.130000
	pigment { color rgbt <1,0,0,0> }
	no_shadow
}

// nucleotide -1

// particle -1
sphere {
	<24.971848, 35.152210, 35.981060> 0.250000
	pigment { color rgbt <1,0,0,0> }
	no_shadow
}
cylinder {
	<25.255997, 35.373859, 35.807476>,  <25.426487, 35.506847, 35.703327>, 0.100000
	pigment { color rgbt <1,0,0,0> }
	no_shadow
}
cylinder {
	<25.255997, 35.373859, 35.807476>,  <24.971848, 35.152210, 35.981060>, 0.100000
	pigment { color rgbt <1,0,0,0> }
	no_shadow
}

// particle -1
sphere {
	<25.255997, 35.373859, 35.807476> 0.100000
	pigment { color rgbt <1,0,0,0> }
	no_shadow
}
sphere {
	0, 1
	scale<0.080000,0.200000,0.300000>
	matrix <0.320074, 0.294788, 0.900363,
		0.626835, -0.778493, 0.032050,
		0.710374, 0.554120, -0.433958,
		25.469109, 35.540096, 35.677288>
	pigment { color rgbt <0,1,1,0> }
	no_shadow
}
cylinder {
	<25.617626, 34.923882, 36.307583>,  <24.971848, 35.152210, 35.981060>, 0.130000
	pigment { color rgbt <1,0,0,0> }
	no_shadow
}

// nucleotide -1

// particle -1
sphere {
	<25.617626, 34.923882, 36.307583> 0.250000
	pigment { color rgbt <1,0,0,0> }
	no_shadow
}
cylinder {
	<25.667143, 35.289230, 36.152443>,  <25.696852, 35.508442, 36.059361>, 0.100000
	pigment { color rgbt <1,0,0,0> }
	no_shadow
}
cylinder {
	<25.667143, 35.289230, 36.152443>,  <25.617626, 34.923882, 36.307583>, 0.100000
	pigment { color rgbt <1,0,0,0> }
	no_shadow
}

// particle -1
sphere {
	<25.667143, 35.289230, 36.152443> 0.100000
	pigment { color rgbt <1,0,0,0> }
	no_shadow
}
sphere {
	0, 1
	scale<0.080000,0.200000,0.300000>
	matrix <0.210856, 0.357714, 0.909714,
		0.969647, -0.194393, -0.148309,
		0.123790, 0.913374, -0.387846,
		25.704279, 35.563244, 36.036091>
	pigment { color rgbt <0,1,1,0> }
	no_shadow
}
cylinder {
	<26.369164, 35.281319, 36.392914>,  <25.617626, 34.923882, 36.307583>, 0.130000
	pigment { color rgbt <1,0,0,0> }
	no_shadow
}

// nucleotide -1

// particle -1
sphere {
	<26.369164, 35.281319, 36.392914> 0.250000
	pigment { color rgbt <1,0,0,0> }
	no_shadow
}
cylinder {
	<26.058655, 35.531967, 36.420460>,  <25.872349, 35.682358, 36.436985>, 0.100000
	pigment { color rgbt <1,0,0,0> }
	no_shadow
}
cylinder {
	<26.058655, 35.531967, 36.420460>,  <26.369164, 35.281319, 36.392914>, 0.100000
	pigment { color rgbt <1,0,0,0> }
	no_shadow
}

// particle -1
sphere {
	<26.058655, 35.531967, 36.420460> 0.100000
	pigment { color rgbt <1,0,0,0> }
	no_shadow
}
sphere {
	0, 1
	scale<0.080000,0.200000,0.300000>
	matrix <0.198081, 0.138758, 0.970315,
		0.598468, 0.766869, -0.231836,
		-0.776273, 0.626624, 0.068860,
		25.825773, 35.719955, 36.441116>
	pigment { color rgbt <0,1,1,0> }
	no_shadow
}
cylinder {
	<26.967649, 35.611984, 36.516033>,  <26.369164, 35.281319, 36.392914>, 0.130000
	pigment { color rgbt <1,0,0,0> }
	no_shadow
}

// nucleotide -1

// particle -1
sphere {
	<26.967649, 35.611984, 36.516033> 0.250000
	pigment { color rgbt <1,0,0,0> }
	no_shadow
}
cylinder {
	<27.274675, 35.854954, 36.597893>,  <27.458891, 36.000736, 36.647011>, 0.100000
	pigment { color rgbt <1,0,0,0> }
	no_shadow
}
cylinder {
	<27.274675, 35.854954, 36.597893>,  <26.967649, 35.611984, 36.516033>, 0.100000
	pigment { color rgbt <1,0,0,0> }
	no_shadow
}

// particle -1
sphere {
	<27.274675, 35.854954, 36.597893> 0.100000
	pigment { color rgbt <1,0,0,0> }
	no_shadow
}
sphere {
	0, 1
	scale<0.080000,0.200000,0.300000>
	matrix <-0.070131, 0.396954, -0.915155,
		-0.637121, 0.688090, 0.347288,
		0.767566, 0.607420, 0.204652,
		27.504946, 36.037178, 36.659286>
	pigment { color rgbt <0,1,1,0> }
	no_shadow
}
cylinder {
	<26.822023, 36.413223, 36.468895>,  <26.967649, 35.611984, 36.516033>, 0.130000
	pigment { color rgbt <1,0,0,0> }
	no_shadow
}

// nucleotide -1

// particle -1
sphere {
	<26.822023, 36.413223, 36.468895> 0.250000
	pigment { color rgbt <1,0,0,0> }
	no_shadow
}
cylinder {
	<27.190475, 36.288792, 36.375298>,  <27.411547, 36.214134, 36.319138>, 0.100000
	pigment { color rgbt <1,0,0,0> }
	no_shadow
}
cylinder {
	<27.190475, 36.288792, 36.375298>,  <26.822023, 36.413223, 36.468895>, 0.100000
	pigment { color rgbt <1,0,0,0> }
	no_shadow
}

// particle -1
sphere {
	<27.190475, 36.288792, 36.375298> 0.100000
	pigment { color rgbt <1,0,0,0> }
	no_shadow
}
sphere {
	0, 1
	scale<0.080000,0.200000,0.300000>
	matrix <-0.097660, 0.397214, -0.912515,
		0.376810, 0.863394, 0.335505,
		0.921128, -0.311080, -0.233993,
		27.466814, 36.195469, 36.305099>
	pigment { color rgbt <0,1,1,0> }
	no_shadow
}
cylinder {
	<27.062660, 36.973526, 36.063854>,  <26.822023, 36.413223, 36.468895>, 0.130000
	pigment { color rgbt <1,0,0,0> }
	no_shadow
}

// nucleotide -1

// particle -1
sphere {
	<27.062660, 36.973526, 36.063854> 0.250000
	pigment { color rgbt <1,0,0,0> }
	no_shadow
}
cylinder {
	<27.343262, 36.698528, 35.988762>,  <27.511623, 36.533527, 35.943707>, 0.100000
	pigment { color rgbt <1,0,0,0> }
	no_shadow
}
cylinder {
	<27.343262, 36.698528, 35.988762>,  <27.062660, 36.973526, 36.063854>, 0.100000
	pigment { color rgbt <1,0,0,0> }
	no_shadow
}

// particle -1
sphere {
	<27.343262, 36.698528, 35.988762> 0.100000
	pigment { color rgbt <1,0,0,0> }
	no_shadow
}
sphere {
	0, 1
	scale<0.080000,0.200000,0.300000>
	matrix <0.101643, 0.357241, -0.928465,
		0.705380, 0.632240, 0.320485,
		0.701503, -0.687496, -0.187727,
		27.553713, 36.492279, 35.932446>
	pigment { color rgbt <0,1,1,0> }
	no_shadow
}
cylinder {
	<27.524553, 37.342243, 35.724247>,  <27.062660, 36.973526, 36.063854>, 0.130000
	pigment { color rgbt <1,0,0,0> }
	no_shadow
}

// nucleotide -1

// particle -1
sphere {
	<27.524553, 37.342243, 35.724247> 0.250000
	pigment { color rgbt <1,0,0,0> }
	no_shadow
}
cylinder {
	<27.572369, 36.963657, 35.604301>,  <27.601059, 36.736507, 35.532333>, 0.100000
	pigment { color rgbt <1,0,0,0> }
	no_shadow
}
cylinder {
	<27.572369, 36.963657, 35.604301>,  <27.524553, 37.342243, 35.724247>, 0.100000
	pigment { color rgbt <1,0,0,0> }
	no_shadow
}

// particle -1
sphere {
	<27.572369, 36.963657, 35.604301> 0.100000
	pigment { color rgbt <1,0,0,0> }
	no_shadow
}
sphere {
	0, 1
	scale<0.080000,0.200000,0.300000>
	matrix <-0.049209, 0.296010, -0.953917,
		0.991609, 0.128787, -0.011189,
		0.119540, -0.946463, -0.299864,
		27.608231, 36.679718, 35.514343>
	pigment { color rgbt <0,1,1,0> }
	no_shadow
}
cylinder {
	<27.804823, 37.478363, 35.072109>,  <27.524553, 37.342243, 35.724247>, 0.130000
	pigment { color rgbt <1,0,0,0> }
	no_shadow
}

// nucleotide -1

// particle -1
sphere {
	<27.804823, 37.478363, 35.072109> 0.250000
	pigment { color rgbt <1,0,0,0> }
	no_shadow
}
cylinder {
	<27.679100, 37.098713, 35.064453>,  <27.603666, 36.870922, 35.059860>, 0.100000
	pigment { color rgbt <1,0,0,0> }
	no_shadow
}
cylinder {
	<27.679100, 37.098713, 35.064453>,  <27.804823, 37.478363, 35.072109>, 0.100000
	pigment { color rgbt <1,0,0,0> }
	no_shadow
}

// particle -1
sphere {
	<27.679100, 37.098713, 35.064453> 0.100000
	pigment { color rgbt <1,0,0,0> }
	no_shadow
}
sphere {
	0, 1
	scale<0.080000,0.200000,0.300000>
	matrix <-0.170608, 0.076311, -0.982379,
		0.933866, -0.305501, -0.185914,
		-0.314305, -0.949129, -0.019143,
		27.584808, 36.813972, 35.058712>
	pigment { color rgbt <0,1,1,0> }
	no_shadow
}
cylinder {
	<28.013681, 37.232544, 34.424767>,  <27.804823, 37.478363, 35.072109>, 0.130000
	pigment { color rgbt <1,0,0,0> }
	no_shadow
}

// nucleotide -1

// particle -1
sphere {
	<28.013681, 37.232544, 34.424767> 0.250000
	pigment { color rgbt <1,0,0,0> }
	no_shadow
}
cylinder {
	<27.771255, 36.928886, 34.519745>,  <27.625801, 36.746689, 34.576733>, 0.100000
	pigment { color rgbt <1,0,0,0> }
	no_shadow
}
cylinder {
	<27.771255, 36.928886, 34.519745>,  <28.013681, 37.232544, 34.424767>, 0.100000
	pigment { color rgbt <1,0,0,0> }
	no_shadow
}

// particle -1
sphere {
	<27.771255, 36.928886, 34.519745> 0.100000
	pigment { color rgbt <1,0,0,0> }
	no_shadow
}
sphere {
	0, 1
	scale<0.080000,0.200000,0.300000>
	matrix <-0.221572, -0.125576, -0.967024,
		0.763933, -0.638689, -0.092099,
		-0.606063, -0.759148, 0.237448,
		27.589437, 36.701141, 34.590981>
	pigment { color rgbt <0,1,1,0> }
	no_shadow
}
cylinder {
	<28.223614, 36.537914, 34.047287>,  <28.013681, 37.232544, 34.424767>, 0.130000
	pigment { color rgbt <1,0,0,0> }
	no_shadow
}

// nucleotide -1

// particle -1
sphere {
	<28.223614, 36.537914, 34.047287> 0.250000
	pigment { color rgbt <1,0,0,0> }
	no_shadow
}
cylinder {
	<27.833775, 36.555801, 34.135067>,  <27.599871, 36.566532, 34.187737>, 0.100000
	pigment { color rgbt <1,0,0,0> }
	no_shadow
}
cylinder {
	<27.833775, 36.555801, 34.135067>,  <28.223614, 36.537914, 34.047287>, 0.100000
	pigment { color rgbt <1,0,0,0> }
	no_shadow
}

// particle -1
sphere {
	<27.833775, 36.555801, 34.135067> 0.100000
	pigment { color rgbt <1,0,0,0> }
	no_shadow
}
sphere {
	0, 1
	scale<0.080000,0.200000,0.300000>
	matrix <-0.223774, -0.154722, -0.962282,
		-0.009072, -0.986946, 0.160797,
		-0.974599, 0.044712, 0.219449,
		27.541395, 36.569214, 34.200901>
	pigment { color rgbt <0,1,1,0> }
	no_shadow
}
cylinder {
	<27.919895, 35.998577, 33.634933>,  <28.223614, 36.537914, 34.047287>, 0.130000
	pigment { color rgbt <1,0,0,0> }
	no_shadow
}

// nucleotide -1

// particle -1
sphere {
	<27.919895, 35.998577, 33.634933> 0.250000
	pigment { color rgbt <1,0,0,0> }
	no_shadow
}
cylinder {
	<27.600811, 36.204613, 33.760376>,  <27.409361, 36.328232, 33.835640>, 0.100000
	pigment { color rgbt <1,0,0,0> }
	no_shadow
}
cylinder {
	<27.600811, 36.204613, 33.760376>,  <27.919895, 35.998577, 33.634933>, 0.100000
	pigment { color rgbt <1,0,0,0> }
	no_shadow
}

// particle -1
sphere {
	<27.600811, 36.204613, 33.760376> 0.100000
	pigment { color rgbt <1,0,0,0> }
	no_shadow
}
sphere {
	0, 1
	scale<0.080000,0.200000,0.300000>
	matrix <-0.415095, -0.091770, -0.905138,
		-0.437444, -0.852212, 0.287016,
		-0.797708, 0.515086, 0.313604,
		27.361498, 36.359138, 33.854458>
	pigment { color rgbt <0,1,1,0> }
	no_shadow
}
cylinder {
	<27.341335, 35.572021, 33.574139>,  <27.919895, 35.998577, 33.634933>, 0.130000
	pigment { color rgbt <1,0,0,0> }
	no_shadow
}

// nucleotide -1

// particle -1
sphere {
	<27.341335, 35.572021, 33.574139> 0.250000
	pigment { color rgbt <1,0,0,0> }
	no_shadow
}
cylinder {
	<27.217890, 35.952419, 33.566559>,  <27.143824, 36.180660, 33.562012>, 0.100000
	pigment { color rgbt <1,0,0,0> }
	no_shadow
}
cylinder {
	<27.217890, 35.952419, 33.566559>,  <27.341335, 35.572021, 33.574139>, 0.100000
	pigment { color rgbt <1,0,0,0> }
	no_shadow
}

// particle -1
sphere {
	<27.217890, 35.952419, 33.566559> 0.100000
	pigment { color rgbt <1,0,0,0> }
	no_shadow
}
sphere {
	0, 1
	scale<0.080000,0.200000,0.300000>
	matrix <-0.406330, -0.149818, -0.901360,
		-0.860032, -0.270472, 0.432655,
		-0.308612, 0.950999, -0.018947,
		27.125305, 36.237720, 33.560875>
	pigment { color rgbt <0,1,1,0> }
	no_shadow
}
cylinder {
	<26.738186, 35.524132, 33.219921>,  <27.341335, 35.572021, 33.574139>, 0.130000
	pigment { color rgbt <1,0,0,0> }
	no_shadow
}

// nucleotide -1

// particle -1
sphere {
	<26.738186, 35.524132, 33.219921> 0.250000
	pigment { color rgbt <1,0,0,0> }
	no_shadow
}
cylinder {
	<26.815512, 35.916088, 33.200138>,  <26.861908, 36.151260, 33.188267>, 0.100000
	pigment { color rgbt <1,0,0,0> }
	no_shadow
}
cylinder {
	<26.815512, 35.916088, 33.200138>,  <26.738186, 35.524132, 33.219921>, 0.100000
	pigment { color rgbt <1,0,0,0> }
	no_shadow
}

// particle -1
sphere {
	<26.815512, 35.916088, 33.200138> 0.100000
	pigment { color rgbt <1,0,0,0> }
	no_shadow
}
sphere {
	0, 1
	scale<0.080000,0.200000,0.300000>
	matrix <-0.536914, 0.063462, -0.841247,
		-0.821190, 0.189180, 0.538384,
		0.193314, 0.979890, -0.049459,
		26.873507, 36.210056, 33.185299>
	pigment { color rgbt <0,1,1,0> }
	no_shadow
}
cylinder {
	<26.146706, 35.854088, 32.740635>,  <26.738186, 35.524132, 33.219921>, 0.130000
	pigment { color rgbt <1,0,0,0> }
	no_shadow
}

// nucleotide -1

// particle -1
sphere {
	<26.146706, 35.854088, 32.740635> 0.250000
	pigment { color rgbt <1,0,0,0> }
	no_shadow
}
cylinder {
	<26.447823, 36.116756, 32.758911>,  <26.628492, 36.274357, 32.769875>, 0.100000
	pigment { color rgbt <1,0,0,0> }
	no_shadow
}
cylinder {
	<26.447823, 36.116756, 32.758911>,  <26.146706, 35.854088, 32.740635>, 0.100000
	pigment { color rgbt <1,0,0,0> }
	no_shadow
}

// particle -1
sphere {
	<26.447823, 36.116756, 32.758911> 0.100000
	pigment { color rgbt <1,0,0,0> }
	no_shadow
}
sphere {
	0, 1
	scale<0.080000,0.200000,0.300000>
	matrix <-0.260881, 0.361349, -0.895191,
		-0.604355, 0.661974, 0.443334,
		0.752792, 0.656671, 0.045686,
		26.673660, 36.313759, 32.772617>
	pigment { color rgbt <0,1,1,0> }
	no_shadow
}
cylinder {
	<25.889507, 36.489197, 32.618027>,  <26.146706, 35.854088, 32.740635>, 0.130000
	pigment { color rgbt <1,0,0,0> }
	no_shadow
}

// nucleotide -1

// particle -1
sphere {
	<25.889507, 36.489197, 32.618027> 0.250000
	pigment { color rgbt <1,0,0,0> }
	no_shadow
}
cylinder {
	<26.271576, 36.493629, 32.499687>,  <26.500816, 36.496288, 32.428684>, 0.100000
	pigment { color rgbt <1,0,0,0> }
	no_shadow
}
cylinder {
	<26.271576, 36.493629, 32.499687>,  <25.889507, 36.489197, 32.618027>, 0.100000
	pigment { color rgbt <1,0,0,0> }
	no_shadow
}

// particle -1
sphere {
	<26.271576, 36.493629, 32.499687> 0.100000
	pigment { color rgbt <1,0,0,0> }
	no_shadow
}
sphere {
	0, 1
	scale<0.080000,0.200000,0.300000>
	matrix <-0.262628, 0.492986, -0.829452,
		0.136660, 0.869967, 0.473796,
		0.955171, 0.011079, -0.295849,
		26.558126, 36.496952, 32.410934>
	pigment { color rgbt <0,1,1,0> }
	no_shadow
}
cylinder {
	<25.889229, 37.036140, 32.002937>,  <25.889507, 36.489197, 32.618027>, 0.130000
	pigment { color rgbt <1,0,0,0> }
	no_shadow
}

// nucleotide -1

// particle -1
sphere {
	<25.889229, 37.036140, 32.002937> 0.250000
	pigment { color rgbt <1,0,0,0> }
	no_shadow
}
cylinder {
	<26.234344, 36.834904, 31.982948>,  <26.441414, 36.714161, 31.970955>, 0.100000
	pigment { color rgbt <1,0,0,0> }
	no_shadow
}
cylinder {
	<26.234344, 36.834904, 31.982948>,  <25.889229, 37.036140, 32.002937>, 0.100000
	pigment { color rgbt <1,0,0,0> }
	no_shadow
}

// particle -1
sphere {
	<26.234344, 36.834904, 31.982948> 0.100000
	pigment { color rgbt <1,0,0,0> }
	no_shadow
}
sphere {
	0, 1
	scale<0.080000,0.200000,0.300000>
	matrix <0.086741, 0.244686, -0.965715,
		0.498067, 0.828874, 0.254750,
		0.862789, -0.503088, -0.049972,
		26.493181, 36.683979, 31.967957>
	pigment { color rgbt <0,1,1,0> }
	no_shadow
}
cylinder {
	<26.299044, 37.539837, 31.706692>,  <25.889229, 37.036140, 32.002937>, 0.130000
	pigment { color rgbt <1,0,0,0> }
	no_shadow
}

// nucleotide -1

// particle -1
sphere {
	<26.299044, 37.539837, 31.706692> 0.250000
	pigment { color rgbt <1,0,0,0> }
	no_shadow
}
cylinder {
	<26.499998, 37.196980, 31.661232>,  <26.620571, 36.991264, 31.633957>, 0.100000
	pigment { color rgbt <1,0,0,0> }
	no_shadow
}
cylinder {
	<26.499998, 37.196980, 31.661232>,  <26.299044, 37.539837, 31.706692>, 0.100000
	pigment { color rgbt <1,0,0,0> }
	no_shadow
}

// particle -1
sphere {
	<26.499998, 37.196980, 31.661232> 0.100000
	pigment { color rgbt <1,0,0,0> }
	no_shadow
}
sphere {
	0, 1
	scale<0.080000,0.200000,0.300000>
	matrix <0.320864, 0.306870, -0.896034,
		0.802904, 0.413688, 0.429193,
		0.502385, -0.857142, -0.113650,
		26.650713, 36.939838, 31.627136>
	pigment { color rgbt <0,1,1,0> }
	no_shadow
}
cylinder {
	<26.948505, 37.833103, 31.309626>,  <26.299044, 37.539837, 31.706692>, 0.130000
	pigment { color rgbt <1,0,0,0> }
	no_shadow
}

// nucleotide -1

// particle -1
sphere {
	<26.948505, 37.833103, 31.309626> 0.250000
	pigment { color rgbt <1,0,0,0> }
	no_shadow
}
cylinder {
	<26.967287, 37.436573, 31.260515>,  <26.978556, 37.198654, 31.231049>, 0.100000
	pigment { color rgbt <1,0,0,0> }
	no_shadow
}
cylinder {
	<26.967287, 37.436573, 31.260515>,  <26.948505, 37.833103, 31.309626>, 0.100000
	pigment { color rgbt <1,0,0,0> }
	no_shadow
}

// particle -1
sphere {
	<26.967287, 37.436573, 31.260515> 0.100000
	pigment { color rgbt <1,0,0,0> }
	no_shadow
}
sphere {
	0, 1
	scale<0.080000,0.200000,0.300000>
	matrix <0.494644, 0.129859, -0.859339,
		0.867826, -0.020383, 0.496449,
		0.046952, -0.991323, -0.122777,
		26.981373, 37.139175, 31.223682>
	pigment { color rgbt <0,1,1,0> }
	no_shadow
}
cylinder {
	<27.649164, 37.651127, 31.122538>,  <26.948505, 37.833103, 31.309626>, 0.130000
	pigment { color rgbt <1,0,0,0> }
	no_shadow
}

// nucleotide -1

// particle -1
sphere {
	<27.649164, 37.651127, 31.122538> 0.250000
	pigment { color rgbt <1,0,0,0> }
	no_shadow
}
cylinder {
	<27.436396, 37.327652, 31.022070>,  <27.308735, 37.133568, 30.961790>, 0.100000
	pigment { color rgbt <1,0,0,0> }
	no_shadow
}
cylinder {
	<27.436396, 37.327652, 31.022070>,  <27.649164, 37.651127, 31.122538>, 0.100000
	pigment { color rgbt <1,0,0,0> }
	no_shadow
}

// particle -1
sphere {
	<27.436396, 37.327652, 31.022070> 0.100000
	pigment { color rgbt <1,0,0,0> }
	no_shadow
}
sphere {
	0, 1
	scale<0.080000,0.200000,0.300000>
	matrix <0.497095, -0.058076, -0.865751,
		0.685535, -0.585365, 0.432886,
		-0.531920, -0.808687, -0.251168,
		27.276819, 37.085045, 30.946720>
	pigment { color rgbt <0,1,1,0> }
	no_shadow
}
cylinder {
	<28.200268, 37.182228, 30.858484>,  <27.649164, 37.651127, 31.122538>, 0.130000
	pigment { color rgbt <1,0,0,0> }
	no_shadow
}

// nucleotide -1

// particle -1
sphere {
	<28.200268, 37.182228, 30.858484> 0.250000
	pigment { color rgbt <1,0,0,0> }
	no_shadow
}
cylinder {
	<27.838572, 37.057289, 30.742008>,  <27.621553, 36.982327, 30.672123>, 0.100000
	pigment { color rgbt <1,0,0,0> }
	no_shadow
}
cylinder {
	<27.838572, 37.057289, 30.742008>,  <28.200268, 37.182228, 30.858484>, 0.100000
	pigment { color rgbt <1,0,0,0> }
	no_shadow
}

// particle -1
sphere {
	<27.838572, 37.057289, 30.742008> 0.100000
	pigment { color rgbt <1,0,0,0> }
	no_shadow
}
sphere {
	0, 1
	scale<0.080000,0.200000,0.300000>
	matrix <0.377814, -0.267367, -0.886438,
		0.199019, -0.911568, 0.359771,
		-0.904239, -0.312344, -0.291192,
		27.567299, 36.963585, 30.654652>
	pigment { color rgbt <0,1,1,0> }
	no_shadow
}
cylinder {
	<28.286392, 36.500748, 30.585016>,  <28.200268, 37.182228, 30.858484>, 0.130000
	pigment { color rgbt <1,0,0,0> }
	no_shadow
}

// nucleotide -1

// particle -1
sphere {
	<28.286392, 36.500748, 30.585016> 0.250000
	pigment { color rgbt <1,0,0,0> }
	no_shadow
}
cylinder {
	<27.961687, 36.653084, 30.407928>,  <27.766865, 36.744488, 30.301676>, 0.100000
	pigment { color rgbt <1,0,0,0> }
	no_shadow
}
cylinder {
	<27.961687, 36.653084, 30.407928>,  <28.286392, 36.500748, 30.585016>, 0.100000
	pigment { color rgbt <1,0,0,0> }
	no_shadow
}

// particle -1
sphere {
	<27.961687, 36.653084, 30.407928> 0.100000
	pigment { color rgbt <1,0,0,0> }
	no_shadow
}
sphere {
	0, 1
	scale<0.080000,0.200000,0.300000>
	matrix <0.452367, -0.069377, -0.889129,
		-0.369334, -0.922033, -0.115963,
		-0.811761, 0.380843, -0.442721,
		27.718159, 36.767338, 30.275112>
	pigment { color rgbt <0,1,1,0> }
	no_shadow
}
cylinder {
	<28.075285, 36.057098, 30.053833>,  <28.286392, 36.500748, 30.585016>, 0.130000
	pigment { color rgbt <1,0,0,0> }
	no_shadow
}

// nucleotide -1

// particle -1
sphere {
	<28.075285, 36.057098, 30.053833> 0.250000
	pigment { color rgbt <1,0,0,0> }
	no_shadow
}
cylinder {
	<27.968616, 36.437965, 29.994156>,  <27.904615, 36.666485, 29.958349>, 0.100000
	pigment { color rgbt <1,0,0,0> }
	no_shadow
}
cylinder {
	<27.968616, 36.437965, 29.994156>,  <28.075285, 36.057098, 30.053833>, 0.100000
	pigment { color rgbt <1,0,0,0> }
	no_shadow
}

// particle -1
sphere {
	<27.968616, 36.437965, 29.994156> 0.100000
	pigment { color rgbt <1,0,0,0> }
	no_shadow
}
sphere {
	0, 1
	scale<0.080000,0.200000,0.300000>
	matrix <0.382011, -0.037694, -0.923389,
		-0.884847, -0.303232, -0.353688,
		-0.266669, 0.952171, -0.149191,
		27.888617, 36.723618, 29.949398>
	pigment { color rgbt <0,1,1,0> }
	no_shadow
}
cylinder {
	<27.983730, 36.064049, 29.258902>,  <28.075285, 36.057098, 30.053833>, 0.130000
	pigment { color rgbt <1,0,0,0> }
	no_shadow
}

// nucleotide -1

// particle -1
sphere {
	<27.983730, 36.064049, 29.258902> 0.250000
	pigment { color rgbt <1,0,0,0> }
	no_shadow
}
cylinder {
	<27.995920, 36.439308, 29.396852>,  <28.003235, 36.664467, 29.479622>, 0.100000
	pigment { color rgbt <1,0,0,0> }
	no_shadow
}
cylinder {
	<27.995920, 36.439308, 29.396852>,  <27.983730, 36.064049, 29.258902>, 0.100000
	pigment { color rgbt <1,0,0,0> }
	no_shadow
}

// particle -1
sphere {
	<27.995920, 36.439308, 29.396852> 0.100000
	pigment { color rgbt <1,0,0,0> }
	no_shadow
}
sphere {
	0, 1
	scale<0.080000,0.200000,0.300000>
	matrix <0.521332, 0.279467, -0.806295,
		-0.852810, 0.204368, -0.480572,
		0.030477, 0.938153, 0.344876,
		28.005064, 36.720753, 29.500315>
	pigment { color rgbt <0,1,1,0> }
	no_shadow
}
cylinder {
	<27.587751, 36.536259, 28.777050>,  <27.983730, 36.064049, 29.258902>, 0.130000
	pigment { color rgbt <1,0,0,0> }
	no_shadow
}

// nucleotide -1

// particle -1
sphere {
	<27.587751, 36.536259, 28.777050> 0.250000
	pigment { color rgbt <1,0,0,0> }
	no_shadow
}
cylinder {
	<27.894289, 36.705326, 28.970570>,  <28.078213, 36.806767, 29.086681>, 0.100000
	pigment { color rgbt <1,0,0,0> }
	no_shadow
}
cylinder {
	<27.894289, 36.705326, 28.970570>,  <27.587751, 36.536259, 28.777050>, 0.100000
	pigment { color rgbt <1,0,0,0> }
	no_shadow
}

// particle -1
sphere {
	<27.894289, 36.705326, 28.970570> 0.100000
	pigment { color rgbt <1,0,0,0> }
	no_shadow
}
sphere {
	0, 1
	scale<0.080000,0.200000,0.300000>
	matrix <0.469939, 0.144653, -0.870766,
		-0.438031, 0.894664, -0.087776,
		0.766346, 0.422672, 0.483800,
		28.124193, 36.832127, 29.115709>
	pigment { color rgbt <0,1,1,0> }
	no_shadow
}
cylinder {
	<27.861374, 37.250164, 28.557770>,  <27.587751, 36.536259, 28.777050>, 0.130000
	pigment { color rgbt <1,0,0,0> }
	no_shadow
}

// nucleotide -1

// particle -1
sphere {
	<27.861374, 37.250164, 28.557770> 0.250000
	pigment { color rgbt <1,0,0,0> }
	no_shadow
}
cylinder {
	<28.166967, 37.032429, 28.696350>,  <28.350325, 36.901787, 28.779497>, 0.100000
	pigment { color rgbt <1,0,0,0> }
	no_shadow
}
cylinder {
	<28.166967, 37.032429, 28.696350>,  <27.861374, 37.250164, 28.557770>, 0.100000
	pigment { color rgbt <1,0,0,0> }
	no_shadow
}

// particle -1
sphere {
	<28.166967, 37.032429, 28.696350> 0.100000
	pigment { color rgbt <1,0,0,0> }
	no_shadow
}
sphere {
	0, 1
	scale<0.080000,0.200000,0.300000>
	matrix <0.430615, 0.030268, -0.902028,
		0.480518, 0.838322, 0.257523,
		0.763985, -0.544334, 0.346449,
		28.396162, 36.869129, 28.800285>
	pigment { color rgbt <0,1,1,0> }
	no_shadow
}
cylinder {
	<28.358055, 37.396938, 29.069399>,  <27.861374, 37.250164, 28.557770>, 0.130000
	pigment { color rgbt <1,0,0,0> }
	no_shadow
}

// nucleotide -1

// particle -1
sphere {
	<28.358055, 37.396938, 29.069399> 0.250000
	pigment { color rgbt <1,0,0,0> }
	no_shadow
}
cylinder {
	<28.340078, 37.766495, 28.917395>,  <28.329292, 37.988228, 28.826191>, 0.100000
	pigment { color rgbt <1,0,0,0> }
	no_shadow
}
cylinder {
	<28.340078, 37.766495, 28.917395>,  <28.358055, 37.396938, 29.069399>, 0.100000
	pigment { color rgbt <1,0,0,0> }
	no_shadow
}

// particle -1
sphere {
	<28.340078, 37.766495, 28.917395> 0.100000
	pigment { color rgbt <1,0,0,0> }
	no_shadow
}
sphere {
	0, 1
	scale<0.080000,0.200000,0.300000>
	matrix <0.845823, 0.237602, 0.477628,
		0.531567, -0.299957, -0.792126,
		-0.044943, 0.923889, -0.380011,
		28.326595, 38.043663, 28.803391>
	pigment { color rgbt <0,1,1,0> }
	no_shadow
}
cylinder {
	<29.021412, 37.161621, 28.844709>,  <28.358055, 37.396938, 29.069399>, 0.130000
	pigment { color rgbt <1,0,0,0> }
	no_shadow
}

// nucleotide -1

// particle -1
sphere {
	<29.021412, 37.161621, 28.844709> 0.250000
	pigment { color rgbt <1,0,0,0> }
	no_shadow
}
cylinder {
	<28.757740, 37.452084, 28.766548>,  <28.599537, 37.626362, 28.719652>, 0.100000
	pigment { color rgbt <1,0,0,0> }
	no_shadow
}
cylinder {
	<28.757740, 37.452084, 28.766548>,  <29.021412, 37.161621, 28.844709>, 0.100000
	pigment { color rgbt <1,0,0,0> }
	no_shadow
}

// particle -1
sphere {
	<28.757740, 37.452084, 28.766548> 0.100000
	pigment { color rgbt <1,0,0,0> }
	no_shadow
}
sphere {
	0, 1
	scale<0.080000,0.200000,0.300000>
	matrix <0.741177, 0.671286, -0.005679,
		0.127047, -0.148570, -0.980707,
		-0.659178, 0.726156, -0.195401,
		28.559986, 37.669930, 28.707928>
	pigment { color rgbt <0,1,1,0> }
	no_shadow
}
cylinder {
	<28.991823, 37.259670, 27.991106>,  <29.021412, 37.161621, 28.844709>, 0.130000
	pigment { color rgbt <1,0,0,0> }
	no_shadow
}

// nucleotide -1

// particle -1
sphere {
	<28.991823, 37.259670, 27.991106> 0.250000
	pigment { color rgbt <1,0,0,0> }
	no_shadow
}
cylinder {
	<28.910864, 37.542965, 28.261644>,  <28.862288, 37.712940, 28.423967>, 0.100000
	pigment { color rgbt <1,0,0,0> }
	no_shadow
}
cylinder {
	<28.910864, 37.542965, 28.261644>,  <28.991823, 37.259670, 27.991106>, 0.100000
	pigment { color rgbt <1,0,0,0> }
	no_shadow
}

// particle -1
sphere {
	<28.910864, 37.542965, 28.261644> 0.100000
	pigment { color rgbt <1,0,0,0> }
	no_shadow
}
sphere {
	0, 1
	scale<0.080000,0.200000,0.300000>
	matrix <0.653728, 0.611941, -0.445161,
		-0.729160, 0.352045, -0.586848,
		-0.202399, 0.708232, 0.676345,
		28.850143, 37.755436, 28.464548>
	pigment { color rgbt <0,1,1,0> }
	no_shadow
}
cylinder {
	<29.494165, 37.589764, 27.474789>,  <28.991823, 37.259670, 27.991106>, 0.130000
	pigment { color rgbt <1,0,0,0> }
	no_shadow
}

// nucleotide -1

// particle -1
sphere {
	<29.494165, 37.589764, 27.474789> 0.250000
	pigment { color rgbt <1,0,0,0> }
	no_shadow
}
cylinder {
	<29.597591, 37.913918, 27.685091>,  <29.659647, 38.108410, 27.811272>, 0.100000
	pigment { color rgbt <1,0,0,0> }
	no_shadow
}
cylinder {
	<29.597591, 37.913918, 27.685091>,  <29.494165, 37.589764, 27.474789>, 0.100000
	pigment { color rgbt <1,0,0,0> }
	no_shadow
}

// particle -1
sphere {
	<29.597591, 37.913918, 27.685091> 0.100000
	pigment { color rgbt <1,0,0,0> }
	no_shadow
}
sphere {
	0, 1
	scale<0.080000,0.200000,0.300000>
	matrix <0.940564, -0.335265, 0.054198,
		0.220189, 0.480493, -0.848907,
		0.258567, 0.810385, 0.525756,
		29.675161, 38.157032, 27.842817>
	pigment { color rgbt <0,1,1,0> }
	no_shadow
}
cylinder {
	<29.963251, 38.025024, 27.090195>,  <29.494165, 37.589764, 27.474789>, 0.130000
	pigment { color rgbt <1,0,0,0> }
	no_shadow
}

// nucleotide -1

// particle -1
sphere {
	<29.963251, 38.025024, 27.090195> 0.250000
	pigment { color rgbt <1,0,0,0> }
	no_shadow
}
cylinder {
	<29.993263, 38.050407, 27.488258>,  <30.011271, 38.065636, 27.727097>, 0.100000
	pigment { color rgbt <1,0,0,0> }
	no_shadow
}
cylinder {
	<29.993263, 38.050407, 27.488258>,  <29.963251, 38.025024, 27.090195>, 0.100000
	pigment { color rgbt <1,0,0,0> }
	no_shadow
}

// particle -1
sphere {
	<29.993263, 38.050407, 27.488258> 0.100000
	pigment { color rgbt <1,0,0,0> }
	no_shadow
}
sphere {
	0, 1
	scale<0.080000,0.200000,0.300000>
	matrix <0.842146, -0.538460, -0.029161,
		0.534004, 0.840258, -0.093840,
		0.075032, 0.063455, 0.995160,
		30.015774, 38.069443, 27.786806>
	pigment { color rgbt <0,1,1,0> }
	no_shadow
}
cylinder {
	<30.640068, 38.221359, 27.386625>,  <29.963251, 38.025024, 27.090195>, 0.130000
	pigment { color rgbt <1,0,0,0> }
	no_shadow
}

// nucleotide -1

// particle -1
sphere {
	<30.640068, 38.221359, 27.386625> 0.250000
	pigment { color rgbt <1,0,0,0> }
	no_shadow
}
cylinder {
	<30.465805, 37.971146, 27.645519>,  <30.361246, 37.821018, 27.800856>, 0.100000
	pigment { color rgbt <1,0,0,0> }
	no_shadow
}
cylinder {
	<30.465805, 37.971146, 27.645519>,  <30.640068, 38.221359, 27.386625>, 0.100000
	pigment { color rgbt <1,0,0,0> }
	no_shadow
}

// particle -1
sphere {
	<30.465805, 37.971146, 27.645519> 0.100000
	pigment { color rgbt <1,0,0,0> }
	no_shadow
}
sphere {
	0, 1
	scale<0.080000,0.200000,0.300000>
	matrix <0.826459, -0.562863, 0.012307,
		0.356606, 0.540275, 0.762191,
		-0.435659, -0.625531, 0.647235,
		30.335108, 37.783485, 27.839689>
	pigment { color rgbt <0,1,1,0> }
	no_shadow
}
cylinder {
	<30.780706, 38.808537, 27.734884>,  <30.640068, 38.221359, 27.386625>, 0.130000
	pigment { color rgbt <1,0,0,0> }
	no_shadow
}

// nucleotide -1

// particle -1
sphere {
	<30.780706, 38.808537, 27.734884> 0.250000
	pigment { color rgbt <1,0,0,0> }
	no_shadow
}
cylinder {
	<30.836121, 39.002846, 27.389669>,  <30.869370, 39.119431, 27.182541>, 0.100000
	pigment { color rgbt <1,0,0,0> }
	no_shadow
}
cylinder {
	<30.836121, 39.002846, 27.389669>,  <30.780706, 38.808537, 27.734884>, 0.100000
	pigment { color rgbt <1,0,0,0> }
	no_shadow
}

// particle -1
sphere {
	<30.836121, 39.002846, 27.389669> 0.100000
	pigment { color rgbt <1,0,0,0> }
	no_shadow
}
sphere {
	0, 1
	scale<0.080000,0.200000,0.300000>
	matrix <-0.251080, -0.825740, -0.505085,
		-0.958001, 0.286664, 0.007574,
		0.138536, 0.485774, -0.863036,
		30.877682, 39.148579, 27.130758>
	pigment { color rgbt <0,1,1,0> }
	no_shadow
}
cylinder {
	<31.506603, 38.663750, 27.769348>,  <30.780706, 38.808537, 27.734884>, 0.130000
	pigment { color rgbt <1,0,0,0> }
	no_shadow
}

// nucleotide -1

// particle -1
sphere {
	<31.506603, 38.663750, 27.769348> 0.250000
	pigment { color rgbt <1,0,0,0> }
	no_shadow
}
cylinder {
	<31.356346, 38.995872, 27.934019>,  <31.266191, 39.195148, 28.032822>, 0.100000
	pigment { color rgbt <1,0,0,0> }
	no_shadow
}
cylinder {
	<31.356346, 38.995872, 27.934019>,  <31.506603, 38.663750, 27.769348>, 0.100000
	pigment { color rgbt <1,0,0,0> }
	no_shadow
}

// particle -1
sphere {
	<31.356346, 38.995872, 27.934019> 0.100000
	pigment { color rgbt <1,0,0,0> }
	no_shadow
}
sphere {
	0, 1
	scale<0.080000,0.200000,0.300000>
	matrix <0.045789, -0.427040, 0.903073,
		0.925632, 0.358084, 0.122396,
		-0.375643, 0.830309, 0.411678,
		31.243652, 39.244965, 28.057522>
	pigment { color rgbt <0,1,1,0> }
	no_shadow
}
cylinder {
	<31.966311, 38.833710, 28.319550>,  <31.506603, 38.663750, 27.769348>, 0.130000
	pigment { color rgbt <1,0,0,0> }
	no_shadow
}

// nucleotide -1

// particle -1
sphere {
	<31.966311, 38.833710, 28.319550> 0.250000
	pigment { color rgbt <1,0,0,0> }
	no_shadow
}
cylinder {
	<31.627808, 39.020782, 28.421627>,  <31.424706, 39.133026, 28.482874>, 0.100000
	pigment { color rgbt <1,0,0,0> }
	no_shadow
}
cylinder {
	<31.627808, 39.020782, 28.421627>,  <31.966311, 38.833710, 28.319550>, 0.100000
	pigment { color rgbt <1,0,0,0> }
	no_shadow
}

// particle -1
sphere {
	<31.627808, 39.020782, 28.421627> 0.100000
	pigment { color rgbt <1,0,0,0> }
	no_shadow
}
sphere {
	0, 1
	scale<0.080000,0.200000,0.300000>
	matrix <0.144153, -0.260131, 0.954752,
		0.512903, 0.844753, 0.152720,
		-0.846257, 0.467680, 0.255196,
		31.373930, 39.161087, 28.498186>
	pigment { color rgbt <0,1,1,0> }
	no_shadow
}
cylinder {
	<32.167130, 39.300495, 28.894415>,  <31.966311, 38.833710, 28.319550>, 0.130000
	pigment { color rgbt <1,0,0,0> }
	no_shadow
}

// nucleotide -1

// particle -1
sphere {
	<32.167130, 39.300495, 28.894415> 0.250000
	pigment { color rgbt <1,0,0,0> }
	no_shadow
}
cylinder {
	<31.770058, 39.281769, 28.938959>,  <31.531815, 39.270535, 28.965687>, 0.100000
	pigment { color rgbt <1,0,0,0> }
	no_shadow
}
cylinder {
	<31.770058, 39.281769, 28.938959>,  <32.167130, 39.300495, 28.894415>, 0.100000
	pigment { color rgbt <1,0,0,0> }
	no_shadow
}

// particle -1
sphere {
	<31.770058, 39.281769, 28.938959> 0.100000
	pigment { color rgbt <1,0,0,0> }
	no_shadow
}
sphere {
	0, 1
	scale<0.080000,0.200000,0.300000>
	matrix <0.116711, -0.133803, 0.984112,
		-0.031169, 0.989902, 0.138286,
		-0.992677, -0.046814, 0.111362,
		31.472254, 39.267723, 28.972368>
	pigment { color rgbt <0,1,1,0> }
	no_shadow
}
cylinder {
	<31.926952, 39.656052, 29.519993>,  <32.167130, 39.300495, 28.894415>, 0.130000
	pigment { color rgbt <1,0,0,0> }
	no_shadow
}

// nucleotide -1

// particle -1
sphere {
	<31.926952, 39.656052, 29.519993> 0.250000
	pigment { color rgbt <1,0,0,0> }
	no_shadow
}
cylinder {
	<31.613157, 39.422047, 29.437689>,  <31.424881, 39.281643, 29.388306>, 0.100000
	pigment { color rgbt <1,0,0,0> }
	no_shadow
}
cylinder {
	<31.613157, 39.422047, 29.437689>,  <31.926952, 39.656052, 29.519993>, 0.100000
	pigment { color rgbt <1,0,0,0> }
	no_shadow
}

// particle -1
sphere {
	<31.613157, 39.422047, 29.437689> 0.100000
	pigment { color rgbt <1,0,0,0> }
	no_shadow
}
sphere {
	0, 1
	scale<0.080000,0.200000,0.300000>
	matrix <0.044324, -0.383839, 0.922336,
		-0.618558, 0.714441, 0.327047,
		-0.784488, -0.585015, -0.205760,
		31.377811, 39.246544, 29.375961>
	pigment { color rgbt <0,1,1,0> }
	no_shadow
}
cylinder {
	<31.380791, 39.751606, 30.011700>,  <31.926952, 39.656052, 29.519993>, 0.130000
	pigment { color rgbt <1,0,0,0> }
	no_shadow
}

// nucleotide -1

// particle -1
sphere {
	<31.380791, 39.751606, 30.011700> 0.250000
	pigment { color rgbt <1,0,0,0> }
	no_shadow
}
cylinder {
	<31.289797, 39.392517, 29.860788>,  <31.235201, 39.177063, 29.770241>, 0.100000
	pigment { color rgbt <1,0,0,0> }
	no_shadow
}
cylinder {
	<31.289797, 39.392517, 29.860788>,  <31.380791, 39.751606, 30.011700>, 0.100000
	pigment { color rgbt <1,0,0,0> }
	no_shadow
}

// particle -1
sphere {
	<31.289797, 39.392517, 29.860788> 0.100000
	pigment { color rgbt <1,0,0,0> }
	no_shadow
}
sphere {
	0, 1
	scale<0.080000,0.200000,0.300000>
	matrix <0.084236, -0.404128, 0.910816,
		-0.970131, 0.175418, 0.167554,
		-0.227487, -0.897725, -0.377280,
		31.221550, 39.123199, 29.747604>
	pigment { color rgbt <0,1,1,0> }
	no_shadow
}
cylinder {
	<30.992764, 39.443478, 30.577185>,  <31.380791, 39.751606, 30.011700>, 0.130000
	pigment { color rgbt <1,0,0,0> }
	no_shadow
}

// nucleotide -1

// particle -1
sphere {
	<30.992764, 39.443478, 30.577185> 0.250000
	pigment { color rgbt <1,0,0,0> }
	no_shadow
}
cylinder {
	<31.094122, 39.127701, 30.353550>,  <31.154938, 38.938236, 30.219370>, 0.100000
	pigment { color rgbt <1,0,0,0> }
	no_shadow
}
cylinder {
	<31.094122, 39.127701, 30.353550>,  <30.992764, 39.443478, 30.577185>, 0.100000
	pigment { color rgbt <1,0,0,0> }
	no_shadow
}

// particle -1
sphere {
	<31.094122, 39.127701, 30.353550> 0.100000
	pigment { color rgbt <1,0,0,0> }
	no_shadow
}
sphere {
	0, 1
	scale<0.080000,0.200000,0.300000>
	matrix <-0.162662, -0.604492, 0.779828,
		-0.953589, -0.106663, -0.281587,
		0.253396, -0.789438, -0.559087,
		31.170141, 38.890869, 30.185823>
	pigment { color rgbt <0,1,1,0> }
	no_shadow
}
cylinder {
	<30.519085, 38.803154, 30.748962>,  <30.992764, 39.443478, 30.577185>, 0.130000
	pigment { color rgbt <1,0,0,0> }
	no_shadow
}

// nucleotide -1

// particle -1
sphere {
	<30.519085, 38.803154, 30.748962> 0.250000
	pigment { color rgbt <1,0,0,0> }
	no_shadow
}
cylinder {
	<30.845322, 38.661404, 30.565996>,  <31.041063, 38.576355, 30.456217>, 0.100000
	pigment { color rgbt <1,0,0,0> }
	no_shadow
}
cylinder {
	<30.845322, 38.661404, 30.565996>,  <30.519085, 38.803154, 30.748962>, 0.100000
	pigment { color rgbt <1,0,0,0> }
	no_shadow
}

// particle -1
sphere {
	<30.845322, 38.661404, 30.565996> 0.100000
	pigment { color rgbt <1,0,0,0> }
	no_shadow
}
sphere {
	0, 1
	scale<0.080000,0.200000,0.300000>
	matrix <0.101690, -0.690430, 0.716216,
		-0.569623, -0.630654, -0.527072,
		0.815591, -0.354375, -0.457415,
		31.089998, 38.555092, 30.428772>
	pigment { color rgbt <0,1,1,0> }
	no_shadow
}
cylinder {
	<30.398836, 38.087250, 30.810991>,  <30.519085, 38.803154, 30.748962>, 0.130000
	pigment { color rgbt <1,0,0,0> }
	no_shadow
}

// nucleotide -1

// particle -1
sphere {
	<30.398836, 38.087250, 30.810991> 0.250000
	pigment { color rgbt <1,0,0,0> }
	no_shadow
}
cylinder {
	<30.792822, 38.131298, 30.757750>,  <31.029213, 38.157726, 30.725805>, 0.100000
	pigment { color rgbt <1,0,0,0> }
	no_shadow
}
cylinder {
	<30.792822, 38.131298, 30.757750>,  <30.398836, 38.087250, 30.810991>, 0.100000
	pigment { color rgbt <1,0,0,0> }
	no_shadow
}

// particle -1
sphere {
	<30.792822, 38.131298, 30.757750> 0.100000
	pigment { color rgbt <1,0,0,0> }
	no_shadow
}
sphere {
	0, 1
	scale<0.080000,0.200000,0.300000>
	matrix <0.172632, -0.598684, 0.782161,
		0.006444, -0.793379, -0.608693,
		0.984965, 0.110120, -0.133104,
		31.088312, 38.164333, 30.717817>
	pigment { color rgbt <0,1,1,0> }
	no_shadow
}
cylinder {
	<30.623652, 37.463020, 30.908758>,  <30.398836, 38.087250, 30.810991>, 0.130000
	pigment { color rgbt <1,0,0,0> }
	no_shadow
}

// nucleotide -1

// particle -1
sphere {
	<30.623652, 37.463020, 30.908758> 0.250000
	pigment { color rgbt <1,0,0,0> }
	no_shadow
}
cylinder {
	<30.944666, 37.696625, 30.957521>,  <31.137274, 37.836788, 30.986780>, 0.100000
	pigment { color rgbt <1,0,0,0> }
	no_shadow
}
cylinder {
	<30.944666, 37.696625, 30.957521>,  <30.623652, 37.463020, 30.908758>, 0.100000
	pigment { color rgbt <1,0,0,0> }
	no_shadow
}

// particle -1
sphere {
	<30.944666, 37.696625, 30.957521> 0.100000
	pigment { color rgbt <1,0,0,0> }
	no_shadow
}
sphere {
	0, 1
	scale<0.080000,0.200000,0.300000>
	matrix <0.191115, -0.445227, 0.874785,
