// switches for output
#declare DRAW_BASES = 1; // possible values are 0, 1; only relevant for DNA ribbons
#declare DRAW_BASES_TYPE = 3; // possible values are 1, 2, 3; only relevant for DNA ribbons
#declare DRAW_FOG = 0; // set to 1 to enable fog

#include "colors.inc"

#include "transforms.inc"
background { rgb <1, 1, 1>}

#default {
   normal{
       ripples 0.25
       frequency 0.20
       turbulence 0.2
       lambda 5
   }
	finish {
		phong 0.1
		phong_size 40.
	}
}

// original window dimensions: 1024x640


// camera settings

camera {
	sky <0, 0.179814, -0.983701>
	up <0, 0.179814, -0.983701>
	right 1.6 * <1, 0, 0>
	location <35, 94.9851, 44.8844>
	look_at <35, 29.7336, 32.9568>
	direction <0, -65.2515, -11.9276>
	angle 67.0682
}


# declare cpy_camera_pos = <35, 94.9851, 44.8844>;
# if (DRAW_FOG = 1)
fog {
	fog_type 2
	up vnormalize(cpy_camera_pos)
	color rgbt<1,1,1,0.3>
	distance 1e-5
	fog_alt 3e-3
	fog_offset 56
}
# end


// LIGHTS

# declare lum = 6;
global_settings {
	ambient_light rgb lum * <0.05, 0.05, 0.05>
	max_trace_level 15
}# declare cpy_direct_light_amount = 0.25;
light_source
{	1000 * <-1, -1.16352, -0.803886>,
	rgb lum * cpy_direct_light_amount
	parallel
}

light_source
{	1000 * <1, 1.16352, 0.803886>,
	rgb lum * cpy_direct_light_amount
	parallel
}

// strand 0

// nucleotide -1

// particle -1
sphere {
	<23.940741, 35.185822, 34.720055> 0.250000
	pigment { color rgbt <1,0,0,0> }
	no_shadow
}
cylinder {
	<24.270334, 35.046032, 34.898457>,  <24.468090, 34.962158, 35.005497>, 0.100000
	pigment { color rgbt <1,0,0,0> }
	no_shadow
}
cylinder {
	<24.270334, 35.046032, 34.898457>,  <23.940741, 35.185822, 34.720055>, 0.100000
	pigment { color rgbt <1,0,0,0> }
	no_shadow
}

// particle -1
sphere {
	<24.270334, 35.046032, 34.898457> 0.100000
	pigment { color rgbt <1,0,0,0> }
	no_shadow
}
sphere {
	0, 1
	scale<0.080000,0.200000,0.300000>
	matrix <0.011680, -0.776495, -0.630014,
		0.566490, 0.524332, -0.635739,
		0.823985, -0.349471, 0.446001,
		24.517530, 34.941189, 35.032257>
	pigment { color rgbt <0,1,1,0> }
	no_shadow
}
cylinder {
	<24.595486, 35.070858, 34.310123>,  <23.940741, 35.185822, 34.720055>, 0.130000
	pigment { color rgbt <1,0,0,0> }
	no_shadow
}

// nucleotide -1

// particle -1
sphere {
	<24.595486, 35.070858, 34.310123> 0.250000
	pigment { color rgbt <1,0,0,0> }
	no_shadow
}
cylinder {
	<24.625029, 34.784554, 34.587894>,  <24.642754, 34.612770, 34.754559>, 0.100000
	pigment { color rgbt <1,0,0,0> }
	no_shadow
}
cylinder {
	<24.625029, 34.784554, 34.587894>,  <24.595486, 35.070858, 34.310123>, 0.100000
	pigment { color rgbt <1,0,0,0> }
	no_shadow
}

// particle -1
sphere {
	<24.625029, 34.784554, 34.587894> 0.100000
	pigment { color rgbt <1,0,0,0> }
	no_shadow
}
sphere {
	0, 1
	scale<0.080000,0.200000,0.300000>
	matrix <0.141971, -0.681690, -0.717735,
		0.987112, 0.151598, 0.051270,
		0.073857, -0.715763, 0.694427,
		24.647186, 34.569824, 34.796223>
	pigment { color rgbt <0,1,1,0> }
	no_shadow
}
cylinder {
	<25.270693, 34.685780, 34.321316>,  <24.595486, 35.070858, 34.310123>, 0.130000
	pigment { color rgbt <1,0,0,0> }
	no_shadow
}

// nucleotide -1

// particle -1
sphere {
	<25.270693, 34.685780, 34.321316> 0.250000
	pigment { color rgbt <1,0,0,0> }
	no_shadow
}
cylinder {
	<24.923725, 34.496830, 34.383862>,  <24.715546, 34.383461, 34.421387>, 0.100000
	pigment { color rgbt <1,0,0,0> }
	no_shadow
}
cylinder {
	<24.923725, 34.496830, 34.383862>,  <25.270693, 34.685780, 34.321316>, 0.100000
	pigment { color rgbt <1,0,0,0> }
	no_shadow
}

// particle -1
sphere {
	<24.923725, 34.496830, 34.383862> 0.100000
	pigment { color rgbt <1,0,0,0> }
	no_shadow
}
sphere {
	0, 1
	scale<0.080000,0.200000,0.300000>
	matrix <0.154786, -0.554817, -0.817447,
		0.472892, -0.684866, 0.554376,
		-0.867418, -0.472374, 0.156361,
		24.663500, 34.355118, 34.430771>
	pigment { color rgbt <0,1,1,0> }
	no_shadow
}
cylinder {
	<25.350769, 33.913036, 34.403786>,  <25.270693, 34.685780, 34.321316>, 0.130000
	pigment { color rgbt <1,0,0,0> }
	no_shadow
}

// nucleotide -1

// particle -1
sphere {
	<25.350769, 33.913036, 34.403786> 0.250000
	pigment { color rgbt <1,0,0,0> }
	no_shadow
}
cylinder {
	<25.015503, 34.031647, 34.220680>,  <24.814344, 34.102814, 34.110817>, 0.100000
	pigment { color rgbt <1,0,0,0> }
	no_shadow
}
cylinder {
	<25.015503, 34.031647, 34.220680>,  <25.350769, 33.913036, 34.403786>, 0.100000
	pigment { color rgbt <1,0,0,0> }
	no_shadow
}

// particle -1
sphere {
	<25.015503, 34.031647, 34.220680> 0.100000
	pigment { color rgbt <1,0,0,0> }
	no_shadow
}
sphere {
	0, 1
	scale<0.080000,0.200000,0.300000>
	matrix <0.203049, -0.609325, -0.766482,
		-0.506213, -0.735386, 0.450504,
		-0.838164, 0.296529, -0.457768,
		24.764053, 34.120605, 34.083351>
	pigment { color rgbt <0,1,1,0> }
	no_shadow
}
cylinder {
	<25.747789, 33.435440, 34.852852>,  <25.350769, 33.913036, 34.403786>, 0.130000
	pigment { color rgbt <1,0,0,0> }
	no_shadow
}

// nucleotide -1

// particle -1
sphere {
	<25.747789, 33.435440, 34.852852> 0.250000
	pigment { color rgbt <1,0,0,0> }
	no_shadow
}
cylinder {
	<25.866035, 33.069660, 34.963409>,  <25.936983, 32.850193, 35.029743>, 0.100000
	pigment { color rgbt <1,0,0,0> }
	no_shadow
}
cylinder {
	<25.866035, 33.069660, 34.963409>,  <25.747789, 33.435440, 34.852852>, 0.100000
	pigment { color rgbt <1,0,0,0> }
	no_shadow
}

// particle -1
sphere {
	<25.866035, 33.069660, 34.963409> 0.100000
	pigment { color rgbt <1,0,0,0> }
	no_shadow
}
sphere {
	0, 1
	scale<0.080000,0.200000,0.300000>
	matrix <0.341700, 0.371398, 0.863311,
		-0.892105, -0.160766, 0.422259,
		0.295617, -0.914450, 0.276392,
		25.954721, 32.795326, 35.046326>
	pigment { color rgbt <0,1,1,0> }
	no_shadow
}
cylinder {
	<26.318119, 33.588181, 35.344864>,  <25.747789, 33.435440, 34.852852>, 0.130000
	pigment { color rgbt <1,0,0,0> }
	no_shadow
}

// nucleotide -1

// particle -1
sphere {
	<26.318119, 33.588181, 35.344864> 0.250000
	pigment { color rgbt <1,0,0,0> }
	no_shadow
}
cylinder {
	<26.083540, 33.270184, 35.406925>,  <25.942793, 33.079388, 35.444160>, 0.100000
	pigment { color rgbt <1,0,0,0> }
	no_shadow
}
cylinder {
	<26.083540, 33.270184, 35.406925>,  <26.318119, 33.588181, 35.344864>, 0.100000
	pigment { color rgbt <1,0,0,0> }
	no_shadow
}

// particle -1
sphere {
	<26.083540, 33.270184, 35.406925> 0.100000
	pigment { color rgbt <1,0,0,0> }
	no_shadow
}
sphere {
	0, 1
	scale<0.080000,0.200000,0.300000>
	matrix <0.809960, -0.577151, 0.104214,
		0.006696, 0.186783, 0.982378,
		-0.586446, -0.794990, 0.155151,
		25.907606, 33.031685, 35.453472>
	pigment { color rgbt <0,1,1,0> }
	no_shadow
}
cylinder {
	<26.280107, 33.313423, 36.056210>,  <26.318119, 33.588181, 35.344864>, 0.130000
	pigment { color rgbt <1,0,0,0> }
	no_shadow
}

// nucleotide -1

// particle -1
sphere {
	<26.280107, 33.313423, 36.056210> 0.250000
	pigment { color rgbt <1,0,0,0> }
	no_shadow
}
cylinder {
	<26.660568, 33.337540, 36.177322>,  <26.888845, 33.352009, 36.249989>, 0.100000
	pigment { color rgbt <1,0,0,0> }
	no_shadow
}
cylinder {
	<26.660568, 33.337540, 36.177322>,  <26.280107, 33.313423, 36.056210>, 0.100000
	pigment { color rgbt <1,0,0,0> }
	no_shadow
}

// particle -1
sphere {
	<26.660568, 33.337540, 36.177322> 0.100000
	pigment { color rgbt <1,0,0,0> }
	no_shadow
}
sphere {
	0, 1
	scale<0.080000,0.200000,0.300000>
	matrix <0.186946, 0.668004, -0.720293,
		-0.245688, 0.741711, 0.624101,
		0.951151, 0.060294, 0.302781,
		26.945913, 33.355629, 36.268158>
	pigment { color rgbt <0,1,1,0> }
	no_shadow
}
cylinder {
	<26.473969, 34.030704, 36.024170>,  <26.280107, 33.313423, 36.056210>, 0.130000
	pigment { color rgbt <1,0,0,0> }
	no_shadow
}

// nucleotide -1

// particle -1
sphere {
	<26.473969, 34.030704, 36.024170> 0.250000
	pigment { color rgbt <1,0,0,0> }
	no_shadow
}
cylinder {
	<26.817038, 33.827602, 35.991718>,  <27.022879, 33.705742, 35.972248>, 0.100000
	pigment { color rgbt <1,0,0,0> }
	no_shadow
}
cylinder {
	<26.817038, 33.827602, 35.991718>,  <26.473969, 34.030704, 36.024170>, 0.100000
	pigment { color rgbt <1,0,0,0> }
	no_shadow
}

// particle -1
sphere {
	<26.817038, 33.827602, 35.991718> 0.100000
	pigment { color rgbt <1,0,0,0> }
	no_shadow
}
sphere {
	0, 1
	scale<0.080000,0.200000,0.300000>
	matrix <0.263353, 0.569277, -0.778825,
		0.441637, 0.646611, 0.621973,
		0.857672, -0.507756, -0.081127,
		27.074339, 33.675274, 35.967381>
	pigment { color rgbt <0,1,1,0> }
	no_shadow
}
cylinder {
	<27.001463, 34.539539, 36.045612>,  <26.473969, 34.030704, 36.024170>, 0.130000
	pigment { color rgbt <1,0,0,0> }
	no_shadow
}

// nucleotide -1

// particle -1
sphere {
	<27.001463, 34.539539, 36.045612> 0.250000
	pigment { color rgbt <1,0,0,0> }
	no_shadow
}
cylinder {
	<27.218287, 34.235615, 35.902023>,  <27.348381, 34.053261, 35.815868>, 0.100000
	pigment { color rgbt <1,0,0,0> }
	no_shadow
}
cylinder {
	<27.218287, 34.235615, 35.902023>,  <27.001463, 34.539539, 36.045612>, 0.100000
	pigment { color rgbt <1,0,0,0> }
	no_shadow
}

// particle -1
sphere {
	<27.218287, 34.235615, 35.902023> 0.100000
	pigment { color rgbt <1,0,0,0> }
	no_shadow
}
sphere {
	0, 1
	scale<0.080000,0.200000,0.300000>
	matrix <0.337350, 0.587994, -0.735159,
		0.769655, 0.277399, 0.575048,
		0.542057, -0.759811, -0.358972,
		27.380903, 34.007671, 35.794331>
	pigment { color rgbt <0,1,1,0> }
	no_shadow
}
cylinder {
	<27.588511, 34.871132, 35.776890>,  <27.001463, 34.539539, 36.045612>, 0.130000
	pigment { color rgbt <1,0,0,0> }
	no_shadow
}

// nucleotide -1

// particle -1
sphere {
	<27.588511, 34.871132, 35.776890> 0.250000
	pigment { color rgbt <1,0,0,0> }
	no_shadow
}
cylinder {
	<27.582979, 34.520947, 35.583652>,  <27.579660, 34.310837, 35.467709>, 0.100000
	pigment { color rgbt <1,0,0,0> }
	no_shadow
}
cylinder {
	<27.582979, 34.520947, 35.583652>,  <27.588511, 34.871132, 35.776890>, 0.100000
	pigment { color rgbt <1,0,0,0> }
	no_shadow
}

// particle -1
sphere {
	<27.582979, 34.520947, 35.583652> 0.100000
	pigment { color rgbt <1,0,0,0> }
	no_shadow
}
sphere {
	0, 1
	scale<0.080000,0.200000,0.300000>
	matrix <0.276270, 0.460987, -0.843307,
		0.960981, -0.145125, 0.235489,
		-0.013827, -0.875460, -0.483093,
		27.578831, 34.258308, 35.438725>
	pigment { color rgbt <0,1,1,0> }
	no_shadow
}
cylinder {
	<28.212406, 34.856937, 35.320431>,  <27.588511, 34.871132, 35.776890>, 0.130000
	pigment { color rgbt <1,0,0,0> }
	no_shadow
}

// nucleotide -1

// particle -1
sphere {
	<28.212406, 34.856937, 35.320431> 0.250000
	pigment { color rgbt <1,0,0,0> }
	no_shadow
}
cylinder {
	<27.950975, 34.593670, 35.170956>,  <27.794117, 34.435707, 35.081272>, 0.100000
	pigment { color rgbt <1,0,0,0> }
	no_shadow
}
cylinder {
	<27.950975, 34.593670, 35.170956>,  <28.212406, 34.856937, 35.320431>, 0.100000
	pigment { color rgbt <1,0,0,0> }
	no_shadow
}

// particle -1
sphere {
	<27.950975, 34.593670, 35.170956> 0.100000
	pigment { color rgbt <1,0,0,0> }
	no_shadow
}
sphere {
	0, 1
	scale<0.080000,0.200000,0.300000>
	matrix <0.300218, 0.227784, -0.926274,
		0.694770, -0.717580, 0.048721,
		-0.653578, -0.658174, -0.373688,
		27.754902, 34.396217, 35.058849>
	pigment { color rgbt <0,1,1,0> }
	no_shadow
}
cylinder {
	<28.598598, 34.513142, 34.716255>,  <28.212406, 34.856937, 35.320431>, 0.130000
	pigment { color rgbt <1,0,0,0> }
	no_shadow
}

// nucleotide -1

// particle -1
sphere {
	<28.598598, 34.513142, 34.716255> 0.250000
	pigment { color rgbt <1,0,0,0> }
	no_shadow
}
cylinder {
	<28.205345, 34.454941, 34.671940>,  <27.969393, 34.420021, 34.645351>, 0.100000
	pigment { color rgbt <1,0,0,0> }
	no_shadow
}
cylinder {
	<28.205345, 34.454941, 34.671940>,  <28.598598, 34.513142, 34.716255>, 0.100000
	pigment { color rgbt <1,0,0,0> }
	no_shadow
}

// particle -1
sphere {
	<28.205345, 34.454941, 34.671940> 0.100000
	pigment { color rgbt <1,0,0,0> }
	no_shadow
}
sphere {
	0, 1
	scale<0.080000,0.200000,0.300000>
	matrix <0.066739, 0.278565, -0.958096,
		0.170267, -0.949332, -0.264156,
		-0.983135, -0.145502, -0.110787,
		27.910404, 34.411289, 34.638702>
	pigment { color rgbt <0,1,1,0> }
	no_shadow
}
cylinder {
	<28.491711, 33.932793, 34.239262>,  <28.598598, 34.513142, 34.716255>, 0.130000
	pigment { color rgbt <1,0,0,0> }
	no_shadow
}

// nucleotide -1

// particle -1
sphere {
	<28.491711, 33.932793, 34.239262> 0.250000
	pigment { color rgbt <1,0,0,0> }
	no_shadow
}
cylinder {
	<28.171591, 34.172611, 34.236118>,  <27.979519, 34.316502, 34.234230>, 0.100000
	pigment { color rgbt <1,0,0,0> }
	no_shadow
}
cylinder {
	<28.171591, 34.172611, 34.236118>,  <28.491711, 33.932793, 34.239262>, 0.100000
	pigment { color rgbt <1,0,0,0> }
	no_shadow
}

// particle -1
sphere {
	<28.171591, 34.172611, 34.236118> 0.100000
	pigment { color rgbt <1,0,0,0> }
	no_shadow
}
sphere {
	0, 1
	scale<0.080000,0.200000,0.300000>
	matrix <0.091792, 0.109552, -0.989734,
		-0.592530, -0.792806, -0.142708,
		-0.800301, 0.599547, -0.007860,
		27.931499, 34.352474, 34.233761>
	pigment { color rgbt <0,1,1,0> }
	no_shadow
}
cylinder {
	<28.053696, 33.650097, 33.737740>,  <28.491711, 33.932793, 34.239262>, 0.130000
	pigment { color rgbt <1,0,0,0> }
	no_shadow
}

// nucleotide -1

// particle -1
sphere {
	<28.053696, 33.650097, 33.737740> 0.250000
	pigment { color rgbt <1,0,0,0> }
	no_shadow
}
cylinder {
	<27.936504, 34.028908, 33.790356>,  <27.866190, 34.256195, 33.821926>, 0.100000
	pigment { color rgbt <1,0,0,0> }
	no_shadow
}
cylinder {
	<27.936504, 34.028908, 33.790356>,  <28.053696, 33.650097, 33.737740>, 0.100000
	pigment { color rgbt <1,0,0,0> }
	no_shadow
}

// particle -1
sphere {
	<27.936504, 34.028908, 33.790356> 0.100000
	pigment { color rgbt <1,0,0,0> }
	no_shadow
}
sphere {
	0, 1
	scale<0.080000,0.200000,0.300000>
	matrix <0.088852, 0.163948, -0.982459,
		-0.951982, -0.276150, -0.132178,
		-0.292977, 0.947028, 0.131539,
		27.848612, 34.313015, 33.829819>
	pigment { color rgbt <0,1,1,0> }
	no_shadow
}
cylinder {
	<27.635893, 33.736046, 33.075821>,  <28.053696, 33.650097, 33.737740>, 0.130000
	pigment { color rgbt <1,0,0,0> }
	no_shadow
}

// nucleotide -1

// particle -1
sphere {
	<27.635893, 33.736046, 33.075821> 0.250000
	pigment { color rgbt <1,0,0,0> }
	no_shadow
}
cylinder {
	<27.677124, 34.105705, 33.222969>,  <27.701862, 34.327499, 33.311260>, 0.100000
	pigment { color rgbt <1,0,0,0> }
	no_shadow
}
cylinder {
	<27.677124, 34.105705, 33.222969>,  <27.635893, 33.736046, 33.075821>, 0.100000
	pigment { color rgbt <1,0,0,0> }
	no_shadow
}

// particle -1
sphere {
	<27.677124, 34.105705, 33.222969> 0.100000
	pigment { color rgbt <1,0,0,0> }
	no_shadow
}
sphere {
	0, 1
	scale<0.080000,0.200000,0.300000>
	matrix <0.095198, 0.358981, -0.928477,
		-0.990107, 0.130728, -0.050973,
		0.103080, 0.924144, 0.367874,
		27.708048, 34.382950, 33.333332>
	pigment { color rgbt <0,1,1,0> }
	no_shadow
}
cylinder {
	<27.212013, 34.186298, 32.612442>,  <27.635893, 33.736046, 33.075821>, 0.130000
	pigment { color rgbt <1,0,0,0> }
	no_shadow
}

// nucleotide -1

// particle -1
sphere {
	<27.212013, 34.186298, 32.612442> 0.250000
	pigment { color rgbt <1,0,0,0> }
	no_shadow
}
cylinder {
	<27.446442, 34.431664, 32.824196>,  <27.587099, 34.578880, 32.951248>, 0.100000
	pigment { color rgbt <1,0,0,0> }
	no_shadow
}
cylinder {
	<27.446442, 34.431664, 32.824196>,  <27.212013, 34.186298, 32.612442>, 0.100000
	pigment { color rgbt <1,0,0,0> }
	no_shadow
}

// particle -1
sphere {
	<27.446442, 34.431664, 32.824196> 0.100000
	pigment { color rgbt <1,0,0,0> }
	no_shadow
}
sphere {
	0, 1
	scale<0.080000,0.200000,0.300000>
	matrix <0.170283, 0.545517, -0.820619,
		-0.792165, 0.571085, 0.215257,
		0.586070, 0.613411, 0.529386,
		27.622263, 34.615688, 32.983013>
	pigment { color rgbt <0,1,1,0> }
	no_shadow
}
cylinder {
	<26.961792, 34.777695, 32.426720>,  <27.212013, 34.186298, 32.612442>, 0.130000
	pigment { color rgbt <1,0,0,0> }
	no_shadow
}

// nucleotide -1

// particle -1
sphere {
	<26.961792, 34.777695, 32.426720> 0.250000
	pigment { color rgbt <1,0,0,0> }
	no_shadow
}
cylinder {
	<27.343874, 34.803181, 32.542320>,  <27.573124, 34.818470, 32.611679>, 0.100000
	pigment { color rgbt <1,0,0,0> }
	no_shadow
}
cylinder {
	<27.343874, 34.803181, 32.542320>,  <26.961792, 34.777695, 32.426720>, 0.100000
	pigment { color rgbt <1,0,0,0> }
	no_shadow
}

// particle -1
sphere {
	<27.343874, 34.803181, 32.542320> 0.100000
	pigment { color rgbt <1,0,0,0> }
	no_shadow
}
sphere {
	0, 1
	scale<0.080000,0.200000,0.300000>
	matrix <0.257213, 0.304244, -0.917211,
		-0.146363, 0.950461, 0.274229,
		0.955206, 0.063711, 0.289001,
		27.630436, 34.822292, 32.629021>
	pigment { color rgbt <0,1,1,0> }
	no_shadow
}
cylinder {
	<27.211529, 35.354969, 31.999168>,  <26.961792, 34.777695, 32.426720>, 0.130000
	pigment { color rgbt <1,0,0,0> }
	no_shadow
}

// nucleotide -1

// particle -1
sphere {
	<27.211529, 35.354969, 31.999168> 0.250000
	pigment { color rgbt <1,0,0,0> }
	no_shadow
}
cylinder {
	<27.543909, 35.176743, 32.132431>,  <27.743338, 35.069805, 32.212387>, 0.100000
	pigment { color rgbt <1,0,0,0> }
	no_shadow
}
cylinder {
	<27.543909, 35.176743, 32.132431>,  <27.211529, 35.354969, 31.999168>, 0.100000
	pigment { color rgbt <1,0,0,0> }
	no_shadow
}

// particle -1
sphere {
	<27.543909, 35.176743, 32.132431> 0.100000
	pigment { color rgbt <1,0,0,0> }
	no_shadow
}
sphere {
	0, 1
	scale<0.080000,0.200000,0.300000>
	matrix <0.485642, 0.288754, -0.825090,
		0.271433, 0.847402, 0.456326,
		0.830949, -0.445568, 0.333156,
		27.793194, 35.043072, 32.232376>
	pigment { color rgbt <0,1,1,0> }
	no_shadow
}
cylinder {
	<27.686586, 35.831017, 31.827538>,  <27.211529, 35.354969, 31.999168>, 0.130000
	pigment { color rgbt <1,0,0,0> }
	no_shadow
}

// nucleotide -1

// particle -1
sphere {
	<27.686586, 35.831017, 31.827538> 0.250000
	pigment { color rgbt <1,0,0,0> }
	no_shadow
}
cylinder {
	<27.897051, 35.497101, 31.892378>,  <28.023329, 35.296749, 31.931282>, 0.100000
	pigment { color rgbt <1,0,0,0> }
	no_shadow
}
cylinder {
	<27.897051, 35.497101, 31.892378>,  <27.686586, 35.831017, 31.827538>, 0.100000
	pigment { color rgbt <1,0,0,0> }
	no_shadow
}

// particle -1
sphere {
	<27.897051, 35.497101, 31.892378> 0.100000
	pigment { color rgbt <1,0,0,0> }
	no_shadow
}
sphere {
	0, 1
	scale<0.080000,0.200000,0.300000>
	matrix <0.629066, 0.253819, -0.734746,
		0.572215, 0.488568, 0.658689,
		0.526161, -0.834792, 0.162103,
		28.054899, 35.246662, 31.941010>
	pigment { color rgbt <0,1,1,0> }
	no_shadow
}
cylinder {
	<28.381964, 35.966106, 31.832117>,  <27.686586, 35.831017, 31.827538>, 0.130000
	pigment { color rgbt <1,0,0,0> }
	no_shadow
}

// nucleotide -1

// particle -1
sphere {
	<28.381964, 35.966106, 31.832117> 0.250000
	pigment { color rgbt <1,0,0,0> }
	no_shadow
}
cylinder {
	<28.373421, 35.581570, 31.722307>,  <28.368296, 35.350849, 31.656422>, 0.100000
	pigment { color rgbt <1,0,0,0> }
	no_shadow
}
cylinder {
	<28.373421, 35.581570, 31.722307>,  <28.381964, 35.966106, 31.832117>, 0.100000
	pigment { color rgbt <1,0,0,0> }
	no_shadow
}

// particle -1
sphere {
	<28.373421, 35.581570, 31.722307> 0.100000
	pigment { color rgbt <1,0,0,0> }
	no_shadow
}
sphere {
	0, 1
	scale<0.080000,0.200000,0.300000>
	matrix <0.581934, 0.211326, -0.785299,
		0.812956, -0.176527, 0.554924,
		-0.021356, -0.961343, -0.274525,
		28.367014, 35.293167, 31.639950>
	pigment { color rgbt <0,1,1,0> }
	no_shadow
}
cylinder {
	<29.122410, 35.646423, 31.889574>,  <28.381964, 35.966106, 31.832117>, 0.130000
	pigment { color rgbt <1,0,0,0> }
	no_shadow
}

// nucleotide -1

// particle -1
sphere {
	<29.122410, 35.646423, 31.889574> 0.250000
	pigment { color rgbt <1,0,0,0> }
	no_shadow
}
cylinder {
	<28.920738, 35.407825, 31.639776>,  <28.799734, 35.264668, 31.489899>, 0.100000
	pigment { color rgbt <1,0,0,0> }
	no_shadow
}
cylinder {
	<28.920738, 35.407825, 31.639776>,  <29.122410, 35.646423, 31.889574>, 0.100000
	pigment { color rgbt <1,0,0,0> }
	no_shadow
}

// particle -1
sphere {
	<28.920738, 35.407825, 31.639776> 0.100000
	pigment { color rgbt <1,0,0,0> }
	no_shadow
}
sphere {
	0, 1
	scale<0.080000,0.200000,0.300000>
	matrix <0.712496, 0.121318, -0.691109,
		0.488008, -0.793392, 0.363838,
		-0.504180, -0.596499, -0.624493,
		28.769484, 35.228874, 31.452429>
	pigment { color rgbt <0,1,1,0> }
	no_shadow
}
cylinder {
	<29.644537, 35.351654, 31.554016>,  <29.122410, 35.646423, 31.889574>, 0.130000
	pigment { color rgbt <1,0,0,0> }
	no_shadow
}

// nucleotide -1

// particle -1
sphere {
	<29.644537, 35.351654, 31.554016> 0.250000
	pigment { color rgbt <1,0,0,0> }
	no_shadow
}
cylinder {
	<29.306387, 35.311657, 31.344124>,  <29.103497, 35.287659, 31.218189>, 0.100000
	pigment { color rgbt <1,0,0,0> }
	no_shadow
}
cylinder {
	<29.306387, 35.311657, 31.344124>,  <29.644537, 35.351654, 31.554016>, 0.100000
	pigment { color rgbt <1,0,0,0> }
	no_shadow
}

// particle -1
sphere {
	<29.306387, 35.311657, 31.344124> 0.100000
	pigment { color rgbt <1,0,0,0> }
	no_shadow
}
sphere {
	0, 1
	scale<0.080000,0.200000,0.300000>
	matrix <0.514746, 0.110006, -0.850256,
		0.142751, -0.988887, -0.041520,
		-0.845375, -0.100003, -0.524729,
		29.052774, 35.281658, 31.186705>
	pigment { color rgbt <0,1,1,0> }
	no_shadow
}
cylinder {
	<29.984068, 35.307667, 31.024502>,  <29.644537, 35.351654, 31.554016>, 0.130000
	pigment { color rgbt <1,0,0,0> }
	no_shadow
}

// nucleotide -1

// particle -1
sphere {
	<29.984068, 35.307667, 31.024502> 0.250000
	pigment { color rgbt <1,0,0,0> }
	no_shadow
}
cylinder {
	<29.609156, 35.294106, 30.885731>,  <29.384209, 35.285969, 30.802467>, 0.100000
	pigment { color rgbt <1,0,0,0> }
	no_shadow
}
cylinder {
	<29.609156, 35.294106, 30.885731>,  <29.984068, 35.307667, 31.024502>, 0.100000
	pigment { color rgbt <1,0,0,0> }
	no_shadow
}

// particle -1
sphere {
	<29.609156, 35.294106, 30.885731> 0.100000
	pigment { color rgbt <1,0,0,0> }
	no_shadow
}
sphere {
	0, 1
	scale<0.080000,0.200000,0.300000>
	matrix <0.330837, 0.226955, -0.915990,
		0.109792, -0.973315, -0.201504,
		-0.937279, -0.033904, -0.346927,
		29.327972, 35.283936, 30.781652>
	pigment { color rgbt <0,1,1,0> }
	no_shadow
}
cylinder {
	<29.820539, 34.806549, 30.527025>,  <29.984068, 35.307667, 31.024502>, 0.130000
	pigment { color rgbt <1,0,0,0> }
	no_shadow
}

// nucleotide -1

// particle -1
sphere {
	<29.820539, 34.806549, 30.527025> 0.250000
	pigment { color rgbt <1,0,0,0> }
	no_shadow
}
cylinder {
	<29.531570, 35.070396, 30.444069>,  <29.358189, 35.228706, 30.394295>, 0.100000
	pigment { color rgbt <1,0,0,0> }
	no_shadow
}
cylinder {
	<29.531570, 35.070396, 30.444069>,  <29.820539, 34.806549, 30.527025>, 0.100000
	pigment { color rgbt <1,0,0,0> }
	no_shadow
}

// particle -1
sphere {
	<29.531570, 35.070396, 30.444069> 0.100000
	pigment { color rgbt <1,0,0,0> }
	no_shadow
}
sphere {
	0, 1
	scale<0.080000,0.200000,0.300000>
	matrix <0.501638, 0.293545, -0.813751,
		-0.475886, -0.691906, -0.542952,
		-0.722420, 0.659619, -0.207392,
		29.314844, 35.268284, 30.381851>
	pigment { color rgbt <0,1,1,0> }
	no_shadow
}
cylinder {
	<29.658749, 34.711784, 29.832693>,  <29.820539, 34.806549, 30.527025>, 0.130000
	pigment { color rgbt <1,0,0,0> }
	no_shadow
}

// nucleotide -1

// particle -1
sphere {
	<29.658749, 34.711784, 29.832693> 0.250000
	pigment { color rgbt <1,0,0,0> }
	no_shadow
}
cylinder {
	<29.598953, 35.080070, 29.976885>,  <29.563076, 35.301041, 30.063400>, 0.100000
	pigment { color rgbt <1,0,0,0> }
	no_shadow
}
cylinder {
	<29.598953, 35.080070, 29.976885>,  <29.658749, 34.711784, 29.832693>, 0.100000
	pigment { color rgbt <1,0,0,0> }
	no_shadow
}

// particle -1
sphere {
	<29.598953, 35.080070, 29.976885> 0.100000
	pigment { color rgbt <1,0,0,0> }
	no_shadow
}
sphere {
	0, 1
	scale<0.080000,0.200000,0.300000>
	matrix <0.582812, 0.376558, -0.720093,
		-0.798739, 0.102447, -0.592891,
		-0.149486, 0.920711, 0.360479,
		29.554108, 35.356285, 30.085028>
	pigment { color rgbt <0,1,1,0> }
	no_shadow
}
cylinder {
	<29.536190, 35.218143, 29.224014>,  <29.658749, 34.711784, 29.832693>, 0.130000
	pigment { color rgbt <1,0,0,0> }
	no_shadow
}

// nucleotide -1

// particle -1
sphere {
	<29.536190, 35.218143, 29.224014> 0.250000
	pigment { color rgbt <1,0,0,0> }
	no_shadow
}
cylinder {
	<29.661734, 35.418285, 29.546787>,  <29.737061, 35.538372, 29.740450>, 0.100000
	pigment { color rgbt <1,0,0,0> }
	no_shadow
}
cylinder {
	<29.661734, 35.418285, 29.546787>,  <29.536190, 35.218143, 29.224014>, 0.100000
	pigment { color rgbt <1,0,0,0> }
	no_shadow
}

// particle -1
sphere {
	<29.661734, 35.418285, 29.546787> 0.100000
	pigment { color rgbt <1,0,0,0> }
	no_shadow
}
sphere {
	0, 1
	scale<0.080000,0.200000,0.300000>
	matrix <0.587797, 0.565035, -0.578990,
		-0.745644, 0.656034, -0.116764,
		0.313861, 0.500355, 0.806930,
		29.755892, 35.568390, 29.788866>
	pigment { color rgbt <0,1,1,0> }
	no_shadow
}
cylinder {
	<29.381926, 35.952103, 29.078951>,  <29.536190, 35.218143, 29.224014>, 0.130000
	pigment { color rgbt <1,0,0,0> }
	no_shadow
}

// nucleotide -1

// particle -1
sphere {
	<29.381926, 35.952103, 29.078951> 0.250000
	pigment { color rgbt <1,0,0,0> }
	no_shadow
}
cylinder {
	<29.683264, 35.877636, 29.331240>,  <29.864067, 35.832954, 29.482613>, 0.100000
	pigment { color rgbt <1,0,0,0> }
	no_shadow
}
cylinder {
	<29.683264, 35.877636, 29.331240>,  <29.381926, 35.952103, 29.078951>, 0.100000
	pigment { color rgbt <1,0,0,0> }
	no_shadow
}

// particle -1
sphere {
	<29.683264, 35.877636, 29.331240> 0.100000
	pigment { color rgbt <1,0,0,0> }
	no_shadow
}
sphere {
	0, 1
	scale<0.080000,0.200000,0.300000>
	matrix <0.638456, 0.436924, -0.633617,
		-0.157618, 0.880022, 0.448016,
		0.753346, -0.186169, 0.630722,
		29.909267, 35.821785, 29.520456>
	pigment { color rgbt <0,1,1,0> }
	no_shadow
}
cylinder {
	<29.219748, 35.660221, 28.434746>,  <29.381926, 35.952103, 29.078951>, 0.130000
	pigment { color rgbt <1,0,0,0> }
	no_shadow
}

// nucleotide -1

// particle -1
sphere {
	<29.219748, 35.660221, 28.434746> 0.250000
	pigment { color rgbt <1,0,0,0> }
	no_shadow
}
cylinder {
	<29.399557, 35.660858, 28.077438>,  <29.507442, 35.661240, 27.863054>, 0.100000
	pigment { color rgbt <1,0,0,0> }
	no_shadow
}
cylinder {
	<29.399557, 35.660858, 28.077438>,  <29.219748, 35.660221, 28.434746>, 0.100000
	pigment { color rgbt <1,0,0,0> }
	no_shadow
}

// particle -1
sphere {
	<29.399557, 35.660858, 28.077438> 0.100000
	pigment { color rgbt <1,0,0,0> }
	no_shadow
}
sphere {
	0, 1
	scale<0.080000,0.200000,0.300000>
	matrix <0.061835, -0.997655, 0.029336,
		-0.891126, -0.068422, -0.448568,
		0.449524, 0.001595, -0.893267,
		29.534414, 35.661335, 27.809458>
	pigment { color rgbt <0,1,1,0> }
	no_shadow
}
cylinder {
	<28.904022, 35.090637, 28.094873>,  <29.219748, 35.660221, 28.434746>, 0.130000
	pigment { color rgbt <1,0,0,0> }
	no_shadow
}

// nucleotide -1

// particle -1
sphere {
	<28.904022, 35.090637, 28.094873> 0.250000
	pigment { color rgbt <1,0,0,0> }
	no_shadow
}
cylinder {
	<29.269257, 35.156715, 27.945751>,  <29.488398, 35.196362, 27.856277>, 0.100000
	pigment { color rgbt <1,0,0,0> }
	no_shadow
}
cylinder {
	<29.269257, 35.156715, 27.945751>,  <28.904022, 35.090637, 28.094873>, 0.100000
	pigment { color rgbt <1,0,0,0> }
	no_shadow
}

// particle -1
sphere {
	<29.269257, 35.156715, 27.945751> 0.100000
	pigment { color rgbt <1,0,0,0> }
	no_shadow
}
sphere {
	0, 1
	scale<0.080000,0.200000,0.300000>
	matrix <0.150564, -0.986241, -0.068253,
		-0.378950, 0.006190, -0.925397,
		0.913087, 0.165196, -0.372804,
		29.543182, 35.206276, 27.833910>
	pigment { color rgbt <0,1,1,0> }
	no_shadow
}
cylinder {
	<29.146898, 34.439350, 27.816208>,  <28.904022, 35.090637, 28.094873>, 0.130000
	pigment { color rgbt <1,0,0,0> }
	no_shadow
}

// nucleotide -1

// particle -1
sphere {
	<29.146898, 34.439350, 27.816208> 0.250000
	pigment { color rgbt <1,0,0,0> }
	no_shadow
}
cylinder {
	<29.487877, 34.648380, 27.809988>,  <29.692465, 34.773800, 27.806255>, 0.100000
	pigment { color rgbt <1,0,0,0> }
	no_shadow
}
cylinder {
	<29.487877, 34.648380, 27.809988>,  <29.146898, 34.439350, 27.816208>, 0.100000
	pigment { color rgbt <1,0,0,0> }
	no_shadow
}

// particle -1
sphere {
	<29.487877, 34.648380, 27.809988> 0.100000
	pigment { color rgbt <1,0,0,0> }
	no_shadow
}
sphere {
	0, 1
	scale<0.080000,0.200000,0.300000>
	matrix <0.486726, -0.804119, -0.341308,
		-0.190865, 0.283379, -0.939823,
		0.852449, 0.522580, -0.015550,
		29.743612, 34.805153, 27.805323>
	pigment { color rgbt <0,1,1,0> }
	no_shadow
}
cylinder {
	<29.495766, 34.265141, 27.121647>,  <29.146898, 34.439350, 27.816208>, 0.130000
	pigment { color rgbt <1,0,0,0> }
	no_shadow
}

// nucleotide -1

// particle -1
sphere {
	<29.495766, 34.265141, 27.121647> 0.250000
	pigment { color rgbt <1,0,0,0> }
	no_shadow
}
cylinder {
	<29.733238, 34.384235, 27.420683>,  <29.875723, 34.455692, 27.600105>, 0.100000
	pigment { color rgbt <1,0,0,0> }
	no_shadow
}
cylinder {
	<29.733238, 34.384235, 27.420683>,  <29.495766, 34.265141, 27.121647>, 0.100000
	pigment { color rgbt <1,0,0,0> }
	no_shadow
}

// particle -1
sphere {
	<29.733238, 34.384235, 27.420683> 0.100000
	pigment { color rgbt <1,0,0,0> }
	no_shadow
}
sphere {
	0, 1
	scale<0.080000,0.200000,0.300000>
	matrix <0.608331, -0.774205, -0.174756,
		0.526757, 0.558532, -0.640756,
		0.593684, 0.297738, 0.747591,
		29.911343, 34.473557, 27.644960>
	pigment { color rgbt <0,1,1,0> }
	no_shadow
}
cylinder {
	<30.247936, 34.325756, 26.875788>,  <29.495766, 34.265141, 27.121647>, 0.130000
	pigment { color rgbt <1,0,0,0> }
	no_shadow
}

// nucleotide -1

// particle -1
sphere {
	<30.247936, 34.325756, 26.875788> 0.250000
	pigment { color rgbt <1,0,0,0> }
	no_shadow
}
cylinder {
	<30.247185, 34.262436, 27.270744>,  <30.246735, 34.224445, 27.507717>, 0.100000
	pigment { color rgbt <1,0,0,0> }
	no_shadow
}
cylinder {
	<30.247185, 34.262436, 27.270744>,  <30.247936, 34.325756, 26.875788>, 0.100000
	pigment { color rgbt <1,0,0,0> }
	no_shadow
}

// particle -1
sphere {
	<30.247185, 34.262436, 27.270744> 0.100000
	pigment { color rgbt <1,0,0,0> }
	no_shadow
}
sphere {
	0, 1
	scale<0.080000,0.200000,0.300000>
	matrix <0.781481, -0.616292, -0.097317,
		0.623926, 0.771444, 0.124866,
		-0.001879, -0.158299, 0.987389,
		30.246620, 34.214947, 27.566961>
	pigment { color rgbt <0,1,1,0> }
	no_shadow
}
cylinder {
	<30.884272, 34.562672, 27.246183>,  <30.247936, 34.325756, 26.875788>, 0.130000
	pigment { color rgbt <1,0,0,0> }
	no_shadow
}

// nucleotide -1

// particle -1
sphere {
	<30.884272, 34.562672, 27.246183> 0.250000
	pigment { color rgbt <1,0,0,0> }
	no_shadow
}
cylinder {
	<30.701311, 34.263733, 27.438953>,  <30.591536, 34.084370, 27.554615>, 0.100000
	pigment { color rgbt <1,0,0,0> }
	no_shadow
}
cylinder {
	<30.701311, 34.263733, 27.438953>,  <30.884272, 34.562672, 27.246183>, 0.100000
	pigment { color rgbt <1,0,0,0> }
	no_shadow
}

// particle -1
sphere {
	<30.701311, 34.263733, 27.438953> 0.100000
	pigment { color rgbt <1,0,0,0> }
	no_shadow
}
sphere {
	0, 1
	scale<0.080000,0.200000,0.300000>
	matrix <0.837557, -0.544156, -0.048920,
		0.298802, 0.381262, 0.874847,
		-0.457402, -0.747351, 0.481923,
		30.564091, 34.039528, 27.583530>
	pigment { color rgbt <0,1,1,0> }
	no_shadow
}
cylinder {
	<31.279060, 34.247448, 27.799723>,  <30.884272, 34.562672, 27.246183>, 0.130000
	pigment { color rgbt <1,0,0,0> }
	no_shadow
}

// nucleotide -1

// particle -1
sphere {
	<31.279060, 34.247448, 27.799723> 0.250000
	pigment { color rgbt <1,0,0,0> }
	no_shadow
}
cylinder {
	<31.032732, 33.949711, 27.696404>,  <30.884935, 33.771069, 27.634413>, 0.100000
	pigment { color rgbt <1,0,0,0> }
	no_shadow
}
cylinder {
	<31.032732, 33.949711, 27.696404>,  <31.279060, 34.247448, 27.799723>, 0.100000
	pigment { color rgbt <1,0,0,0> }
	no_shadow
}

// particle -1
sphere {
	<31.032732, 33.949711, 27.696404> 0.100000
	pigment { color rgbt <1,0,0,0> }
	no_shadow
}
sphere {
	0, 1
	scale<0.080000,0.200000,0.300000>
	matrix <0.765907, -0.642453, 0.025336,
		-0.184803, -0.182230, 0.965733,
		-0.615821, -0.744343, -0.258299,
		30.847986, 33.726406, 27.618914>
	pigment { color rgbt <0,1,1,0> }
	no_shadow
}
cylinder {
	<31.175093, 33.741653, 28.308102>,  <31.279060, 34.247448, 27.799723>, 0.130000
	pigment { color rgbt <1,0,0,0> }
	no_shadow
}

// nucleotide -1

// particle -1
sphere {
	<31.175093, 33.741653, 28.308102> 0.250000
	pigment { color rgbt <1,0,0,0> }
	no_shadow
}
cylinder {
	<31.145563, 33.562065, 27.951904>,  <31.127846, 33.454311, 27.738186>, 0.100000
	pigment { color rgbt <1,0,0,0> }
	no_shadow
}
cylinder {
	<31.145563, 33.562065, 27.951904>,  <31.175093, 33.741653, 28.308102>, 0.100000
	pigment { color rgbt <1,0,0,0> }
	no_shadow
}

// particle -1
sphere {
	<31.145563, 33.562065, 27.951904> 0.100000
	pigment { color rgbt <1,0,0,0> }
	no_shadow
}
sphere {
	0, 1
	scale<0.080000,0.200000,0.300000>
	matrix <0.755375, -0.608170, 0.244004,
		-0.651121, -0.654643, 0.384037,
		-0.073825, -0.448968, -0.890493,
		31.123415, 33.427376, 27.684757>
	pigment { color rgbt <0,1,1,0> }
	no_shadow
}
cylinder {
	<31.841362, 33.649395, 28.772232>,  <31.175093, 33.741653, 28.308102>, 0.130000
	pigment { color rgbt <1,0,0,0> }
	no_shadow
}

// nucleotide -1

// particle -1
sphere {
	<31.841362, 33.649395, 28.772232> 0.250000
	pigment { color rgbt <1,0,0,0> }
	no_shadow
}
cylinder {
	<31.512676, 33.461353, 28.901096>,  <31.315466, 33.348526, 28.978415>, 0.100000
	pigment { color rgbt <1,0,0,0> }
	no_shadow
}
cylinder {
	<31.512676, 33.461353, 28.901096>,  <31.841362, 33.649395, 28.772232>, 0.100000
	pigment { color rgbt <1,0,0,0> }
	no_shadow
}

// particle -1
sphere {
	<31.512676, 33.461353, 28.901096> 0.100000
	pigment { color rgbt <1,0,0,0> }
	no_shadow
}
sphere {
	0, 1
	scale<0.080000,0.200000,0.300000>
	matrix <0.138591, 0.383490, 0.913087,
		-0.552795, 0.794944, -0.249966,
		-0.821712, -0.470107, 0.322163,
		31.266163, 33.320320, 28.997746>
	pigment { color rgbt <0,1,1,0> }
	no_shadow
}
cylinder {
	<31.433338, 34.102787, 29.230673>,  <31.841362, 33.649395, 28.772232>, 0.130000
	pigment { color rgbt <1,0,0,0> }
	no_shadow
}

// nucleotide -1

// particle -1
sphere {
	<31.433338, 34.102787, 29.230673> 0.250000
	pigment { color rgbt <1,0,0,0> }
	no_shadow
}
cylinder {
	<31.317228, 33.733898, 29.332846>,  <31.247562, 33.512566, 29.394150>, 0.100000
	pigment { color rgbt <1,0,0,0> }
	no_shadow
}
cylinder {
	<31.317228, 33.733898, 29.332846>,  <31.433338, 34.102787, 29.230673>, 0.100000
	pigment { color rgbt <1,0,0,0> }
	no_shadow
}

// particle -1
sphere {
	<31.317228, 33.733898, 29.332846> 0.100000
	pigment { color rgbt <1,0,0,0> }
	no_shadow
}
sphere {
	0, 1
	scale<0.080000,0.200000,0.300000>
	matrix <-0.067253, 0.285927, 0.955888,
		-0.954576, 0.260293, -0.145020,
		-0.290277, -0.922222, 0.255434,
		31.230145, 33.457233, 29.409475>
	pigment { color rgbt <0,1,1,0> }
	no_shadow
}
cylinder {
	<30.987106, 34.256908, 29.738371>,  <31.433338, 34.102787, 29.230673>, 0.130000
	pigment { color rgbt <1,0,0,0> }
	no_shadow
}

// nucleotide -1

// particle -1
sphere {
	<30.987106, 34.256908, 29.738371> 0.250000
	pigment { color rgbt <1,0,0,0> }
	no_shadow
}
cylinder {
	<31.056574, 33.872528, 29.824547>,  <31.098253, 33.641899, 29.876253>, 0.100000
	pigment { color rgbt <1,0,0,0> }
	no_shadow
}
cylinder {
	<31.056574, 33.872528, 29.824547>,  <30.987106, 34.256908, 29.738371>, 0.100000
	pigment { color rgbt <1,0,0,0> }
	no_shadow
}

// particle -1
sphere {
	<31.056574, 33.872528, 29.824547> 0.100000
	pigment { color rgbt <1,0,0,0> }
	no_shadow
}
sphere {
	0, 1
	scale<0.080000,0.200000,0.300000>
	matrix <-0.110641, 0.198342, 0.973868,
		-0.978569, -0.192966, -0.071875,
		0.173668, -0.960950, 0.215441,
		31.108675, 33.584244, 29.889179>
	pigment { color rgbt <0,1,1,0> }
	no_shadow
}
cylinder {
	<30.482376, 34.065582, 30.221512>,  <30.987106, 34.256908, 29.738371>, 0.130000
	pigment { color rgbt <1,0,0,0> }
	no_shadow
}

// nucleotide -1

// particle -1
sphere {
	<30.482376, 34.065582, 30.221512> 0.250000
	pigment { color rgbt <1,0,0,0> }
	no_shadow
}
cylinder {
	<30.769499, 33.789928, 30.261198>,  <30.941772, 33.624535, 30.285009>, 0.100000
	pigment { color rgbt <1,0,0,0> }
	no_shadow
}
cylinder {
	<30.769499, 33.789928, 30.261198>,  <30.482376, 34.065582, 30.221512>, 0.100000
	pigment { color rgbt <1,0,0,0> }
	no_shadow
}

// particle -1
sphere {
	<30.769499, 33.789928, 30.261198> 0.100000
	pigment { color rgbt <1,0,0,0> }
	no_shadow
}
sphere {
	0, 1
	scale<0.080000,0.200000,0.300000>
	matrix <-0.040969, 0.100446, 0.994099,
		-0.695036, -0.717635, 0.043868,
		0.717807, -0.689137, 0.099214,
		30.984840, 33.583187, 30.290962>
	pigment { color rgbt <0,1,1,0> }
	no_shadow
}
cylinder {
	<30.280581, 33.650211, 30.705780>,  <30.482376, 34.065582, 30.221512>, 0.130000
	pigment { color rgbt <1,0,0,0> }
	no_shadow
}

// nucleotide -1

// particle -1
sphere {
	<30.280581, 33.650211, 30.705780> 0.250000
	pigment { color rgbt <1,0,0,0> }
	no_shadow
}
cylinder {
	<30.663185, 33.534309, 30.692368>,  <30.892748, 33.464767, 30.684320>, 0.100000
	pigment { color rgbt <1,0,0,0> }
	no_shadow
}
cylinder {
	<30.663185, 33.534309, 30.692368>,  <30.280581, 33.650211, 30.705780>, 0.100000
	pigment { color rgbt <1,0,0,0> }
	no_shadow
}

// particle -1
sphere {
	<30.663185, 33.534309, 30.692368> 0.100000
	pigment { color rgbt <1,0,0,0> }
	no_shadow
}
sphere {
	0, 1
	scale<0.080000,0.200000,0.300000>
	matrix <-0.003582, -0.126621, 0.991945,
		-0.291672, -0.948687, -0.122153,
		0.956512, -0.289760, -0.033534,
		30.950138, 33.447384, 30.682308>
	pigment { color rgbt <0,1,1,0> }
	no_shadow
}
cylinder {
	<30.276611, 33.077477, 31.076788>,  <30.280581, 33.650211, 30.705780>, 0.130000
	pigment { color rgbt <1,0,0,0> }
	no_shadow
}

// nucleotide -1

// particle -1
sphere {
	<30.276611, 33.077477, 31.076788> 0.250000
	pigment { color rgbt <1,0,0,0> }
	no_shadow
}
cylinder {
	<30.669786, 33.150337, 31.087017>,  <30.905691, 33.194054, 31.093155>, 0.100000
	pigment { color rgbt <1,0,0,0> }
	no_shadow
}
cylinder {
	<30.669786, 33.150337, 31.087017>,  <30.276611, 33.077477, 31.076788>, 0.100000
	pigment { color rgbt <1,0,0,0> }
	no_shadow
}

// particle -1
sphere {
	<30.669786, 33.150337, 31.087017> 0.100000
	pigment { color rgbt <1,0,0,0> }
	no_shadow
}
sphere {
	0, 1
	scale<0.080000,0.200000,0.300000>
	matrix <-0.003274, -0.121687, 0.992563,
		0.183908, -0.975712, -0.119015,
		0.982938, 0.182151, 0.025574,
		30.964668, 33.204983, 31.094688>
	pigment { color rgbt <0,1,1,0> }
	no_shadow
}
cylinder {
	<30.654236, 32.516262, 31.508209>,  <30.276611, 33.077477, 31.076788>, 0.130000
	pigment { color rgbt <1,0,0,0> }
	no_shadow
}

// nucleotide -1

// particle -1
sphere {
	<30.654236, 32.516262, 31.508209> 0.250000
	pigment { color rgbt <1,0,0,0> }
	no_shadow
}
cylinder {
	<30.889946, 32.839237, 31.519522>,  <31.031372, 33.033024, 31.526310>, 0.100000
	pigment { color rgbt <1,0,0,0> }
	no_shadow
}
cylinder {
	<30.889946, 32.839237, 31.519522>,  <30.654236, 32.516262, 31.508209>, 0.100000
	pigment { color rgbt <1,0,0,0> }
	no_shadow
}

// particle -1
sphere {
	<30.889946, 32.839237, 31.519522> 0.100000
	pigment { color rgbt <1,0,0,0> }
	no_shadow
}
sphere {
	0, 1
	scale<0.080000,0.200000,0.300000>
	matrix <0.186360, -0.169903, 0.967679,
		0.786145, -0.564959, -0.250594,
		0.589276, 0.807437, 0.028282,
		31.066729, 33.081467, 31.528006>
	pigment { color rgbt <0,1,1,0> }
	no_shadow
}
cylinder {
	<31.312124, 32.291237, 31.865438>,  <30.654236, 32.516262, 31.508209>, 0.130000
	pigment { color rgbt <1,0,0,0> }
	no_shadow
}

// nucleotide -1

// particle -1
sphere {
	<31.312124, 32.291237, 31.865438> 0.250000
	pigment { color rgbt <1,0,0,0> }
	no_shadow
}
cylinder {
	<31.253805, 32.685612, 31.898132>,  <31.218815, 32.922237, 31.917749>, 0.100000
	pigment { color rgbt <1,0,0,0> }
	no_shadow
}
cylinder {
	<31.253805, 32.685612, 31.898132>,  <31.312124, 32.291237, 31.865438>, 0.100000
	pigment { color rgbt <1,0,0,0> }
	no_shadow
}

// particle -1
sphere {
	<31.253805, 32.685612, 31.898132> 0.100000
	pigment { color rgbt <1,0,0,0> }
	no_shadow
}
sphere {
	0, 1
	scale<0.080000,0.200000,0.300000>
	matrix <-0.104393, -0.097490, 0.989746,
