// switches for output
#declare DRAW_BASES = 1; // possible values are 0, 1; only relevant for DNA ribbons
#declare DRAW_BASES_TYPE = 3; // possible values are 1, 2, 3; only relevant for DNA ribbons
#declare DRAW_FOG = 0; // set to 1 to enable fog

#include "colors.inc"

#include "transforms.inc"
background { rgb <1, 1, 1>}

#default {
   normal{
       ripples 0.25
       frequency 0.20
       turbulence 0.2
       lambda 5
   }
	finish {
		phong 0.1
		phong_size 40.
	}
}

// original window dimensions: 1024x640


// camera settings

camera {
	sky <0, 0.179814, -0.983701>
	up <0, 0.179814, -0.983701>
	right 1.6 * <1, 0, 0>
	location <35, 94.9851, 44.8844>
	look_at <35, 29.7336, 32.9568>
	direction <0, -65.2515, -11.9276>
	angle 67.0682
}


# declare cpy_camera_pos = <35, 94.9851, 44.8844>;
# if (DRAW_FOG = 1)
fog {
	fog_type 2
	up vnormalize(cpy_camera_pos)
	color rgbt<1,1,1,0.3>
	distance 1e-5
	fog_alt 3e-3
	fog_offset 56
}
# end


// LIGHTS

# declare lum = 6;
global_settings {
	ambient_light rgb lum * <0.05, 0.05, 0.05>
	max_trace_level 15
}# declare cpy_direct_light_amount = 0.25;
light_source
{	1000 * <-1, -1.16352, -0.803886>,
	rgb lum * cpy_direct_light_amount
	parallel
}

light_source
{	1000 * <1, 1.16352, 0.803886>,
	rgb lum * cpy_direct_light_amount
	parallel
}

// strand 0

// nucleotide -1

// particle -1
sphere {
	<24.284571, 34.722759, 35.253113> 0.250000
	pigment { color rgbt <1,0,0,0> }
	no_shadow
}
cylinder {
	<24.167021, 34.997929, 34.987663>,  <24.096491, 35.163029, 34.828392>, 0.100000
	pigment { color rgbt <1,0,0,0> }
	no_shadow
}
cylinder {
	<24.167021, 34.997929, 34.987663>,  <24.284571, 34.722759, 35.253113>, 0.100000
	pigment { color rgbt <1,0,0,0> }
	no_shadow
}

// particle -1
sphere {
	<24.167021, 34.997929, 34.987663> 0.100000
	pigment { color rgbt <1,0,0,0> }
	no_shadow
}
sphere {
	0, 1
	scale<0.080000,0.200000,0.300000>
	matrix <0.936671, 0.345620, -0.056516,
		0.190485, -0.638210, -0.745925,
		-0.293875, 0.687921, -0.663628,
		24.078857, 35.204304, 34.788574>
	pigment { color rgbt <0,1,1,0> }
	no_shadow
}
cylinder {
	<24.832695, 35.074379, 34.921883>,  <24.284571, 34.722759, 35.253113>, 0.130000
	pigment { color rgbt <1,0,0,0> }
	no_shadow
}

// nucleotide -1

// particle -1
sphere {
	<24.832695, 35.074379, 34.921883> 0.250000
	pigment { color rgbt <1,0,0,0> }
	no_shadow
}
cylinder {
	<25.180071, 34.889767, 34.849434>,  <25.388496, 34.778999, 34.805965>, 0.100000
	pigment { color rgbt <1,0,0,0> }
	no_shadow
}
cylinder {
	<25.180071, 34.889767, 34.849434>,  <24.832695, 35.074379, 34.921883>, 0.100000
	pigment { color rgbt <1,0,0,0> }
	no_shadow
}

// particle -1
sphere {
	<25.180071, 34.889767, 34.849434> 0.100000
	pigment { color rgbt <1,0,0,0> }
	no_shadow
}
sphere {
	0, 1
	scale<0.080000,0.200000,0.300000>
	matrix <0.444939, 0.564338, 0.695379,
		-0.218724, -0.684482, 0.695445,
		0.868441, -0.461526, -0.181119,
		25.440603, 34.751308, 34.795097>
	pigment { color rgbt <0,1,1,0> }
	no_shadow
}
cylinder {
	<25.177917, 35.004910, 35.561596>,  <24.832695, 35.074379, 34.921883>, 0.130000
	pigment { color rgbt <1,0,0,0> }
	no_shadow
}

// nucleotide -1

// particle -1
sphere {
	<25.177917, 35.004910, 35.561596> 0.250000
	pigment { color rgbt <1,0,0,0> }
	no_shadow
}
cylinder {
	<25.441547, 35.027954, 35.261650>,  <25.599726, 35.041779, 35.081684>, 0.100000
	pigment { color rgbt <1,0,0,0> }
	no_shadow
}
cylinder {
	<25.441547, 35.027954, 35.261650>,  <25.177917, 35.004910, 35.561596>, 0.100000
	pigment { color rgbt <1,0,0,0> }
	no_shadow
}

// particle -1
sphere {
	<25.441547, 35.027954, 35.261650> 0.100000
	pigment { color rgbt <1,0,0,0> }
	no_shadow
}
sphere {
	0, 1
	scale<0.080000,0.200000,0.300000>
	matrix <0.627591, 0.507292, 0.590580,
		0.414423, -0.859847, 0.298190,
		0.659078, 0.057608, -0.749866,
		25.639271, 35.045238, 35.036690>
	pigment { color rgbt <0,1,1,0> }
	no_shadow
}
cylinder {
	<25.781666, 34.577877, 35.420044>,  <25.177917, 35.004910, 35.561596>, 0.130000
	pigment { color rgbt <1,0,0,0> }
	no_shadow
}

// nucleotide -1

// particle -1
sphere {
	<25.781666, 34.577877, 35.420044> 0.250000
	pigment { color rgbt <1,0,0,0> }
	no_shadow
}
cylinder {
	<25.834442, 34.956589, 35.302605>,  <25.866108, 35.183815, 35.232140>, 0.100000
	pigment { color rgbt <1,0,0,0> }
	no_shadow
}
cylinder {
	<25.834442, 34.956589, 35.302605>,  <25.781666, 34.577877, 35.420044>, 0.100000
	pigment { color rgbt <1,0,0,0> }
	no_shadow
}

// particle -1
sphere {
	<25.834442, 34.956589, 35.302605> 0.100000
	pigment { color rgbt <1,0,0,0> }
	no_shadow
}
sphere {
	0, 1
	scale<0.080000,0.200000,0.300000>
	matrix <0.649483, 0.141187, 0.747153,
		0.748842, -0.289268, -0.596289,
		0.131940, 0.946779, -0.293602,
		25.874023, 35.240623, 35.214523>
	pigment { color rgbt <0,1,1,0> }
	no_shadow
}
cylinder {
	<26.477581, 34.842438, 35.576210>,  <25.781666, 34.577877, 35.420044>, 0.130000
	pigment { color rgbt <1,0,0,0> }
	no_shadow
}

// nucleotide -1

// particle -1
sphere {
	<26.477581, 34.842438, 35.576210> 0.250000
	pigment { color rgbt <1,0,0,0> }
	no_shadow
}
cylinder {
	<26.255377, 35.173527, 35.544521>,  <26.122055, 35.372181, 35.525509>, 0.100000
	pigment { color rgbt <1,0,0,0> }
	no_shadow
}
cylinder {
	<26.255377, 35.173527, 35.544521>,  <26.477581, 34.842438, 35.576210>, 0.100000
	pigment { color rgbt <1,0,0,0> }
	no_shadow
}

// particle -1
sphere {
	<26.255377, 35.173527, 35.544521> 0.100000
	pigment { color rgbt <1,0,0,0> }
	no_shadow
}
sphere {
	0, 1
	scale<0.080000,0.200000,0.300000>
	matrix <0.584150, 0.456286, 0.671246,
		0.591757, 0.326606, -0.736989,
		-0.555511, 0.827727, -0.079223,
		26.088724, 35.421844, 35.520756>
	pigment { color rgbt <0,1,1,0> }
	no_shadow
}
cylinder {
	<27.030502, 35.263790, 35.359741>,  <26.477581, 34.842438, 35.576210>, 0.130000
	pigment { color rgbt <1,0,0,0> }
	no_shadow
}

// nucleotide -1

// particle -1
sphere {
	<27.030502, 35.263790, 35.359741> 0.250000
	pigment { color rgbt <1,0,0,0> }
	no_shadow
}
cylinder {
	<27.335392, 35.428646, 35.160080>,  <27.518326, 35.527561, 35.040283>, 0.100000
	pigment { color rgbt <1,0,0,0> }
	no_shadow
}
cylinder {
	<27.335392, 35.428646, 35.160080>,  <27.030502, 35.263790, 35.359741>, 0.100000
	pigment { color rgbt <1,0,0,0> }
	no_shadow
}

// particle -1
sphere {
	<27.335392, 35.428646, 35.160080> 0.100000
	pigment { color rgbt <1,0,0,0> }
	no_shadow
}
sphere {
	0, 1
	scale<0.080000,0.200000,0.300000>
	matrix <-0.438981, 0.895819, 0.069317,
		0.475720, 0.166284, 0.863736,
		0.762225, 0.412139, -0.499154,
		27.564060, 35.552288, 35.010334>
	pigment { color rgbt <0,1,1,0> }
	no_shadow
}
cylinder {
	<26.933554, 35.938465, 35.524220>,  <27.030502, 35.263790, 35.359741>, 0.130000
	pigment { color rgbt <1,0,0,0> }
	no_shadow
}

// nucleotide -1

// particle -1
sphere {
	<26.933554, 35.938465, 35.524220> 0.250000
	pigment { color rgbt <1,0,0,0> }
	no_shadow
}
cylinder {
	<27.194096, 35.980892, 35.223690>,  <27.350422, 36.006348, 35.043373>, 0.100000
	pigment { color rgbt <1,0,0,0> }
	no_shadow
}
cylinder {
	<27.194096, 35.980892, 35.223690>,  <26.933554, 35.938465, 35.524220>, 0.100000
	pigment { color rgbt <1,0,0,0> }
	no_shadow
}

// particle -1
sphere {
	<27.194096, 35.980892, 35.223690> 0.100000
	pigment { color rgbt <1,0,0,0> }
	no_shadow
}
sphere {
	0, 1
	scale<0.080000,0.200000,0.300000>
	matrix <-0.147274, 0.989024, 0.011950,
		0.744343, 0.102867, 0.659827,
		0.651356, 0.106070, -0.751322,
		27.389502, 36.012714, 34.998295>
	pigment { color rgbt <0,1,1,0> }
	no_shadow
}
cylinder {
	<27.300312, 36.572014, 35.684795>,  <26.933554, 35.938465, 35.524220>, 0.130000
	pigment { color rgbt <1,0,0,0> }
	no_shadow
}

// nucleotide -1

// particle -1
sphere {
	<27.300312, 36.572014, 35.684795> 0.250000
	pigment { color rgbt <1,0,0,0> }
	no_shadow
}
cylinder {
	<27.362144, 36.515888, 35.293610>,  <27.399244, 36.482212, 35.058899>, 0.100000
	pigment { color rgbt <1,0,0,0> }
	no_shadow
}
cylinder {
	<27.362144, 36.515888, 35.293610>,  <27.300312, 36.572014, 35.684795>, 0.100000
	pigment { color rgbt <1,0,0,0> }
	no_shadow
}

// particle -1
sphere {
	<27.362144, 36.515888, 35.293610> 0.100000
	pigment { color rgbt <1,0,0,0> }
	no_shadow
}
sphere {
	0, 1
	scale<0.080000,0.200000,0.300000>
	matrix <-0.194595, 0.966148, -0.169381,
		0.968627, 0.216490, 0.122042,
		0.154580, -0.140318, -0.977965,
		27.408518, 36.473793, 35.000221>
	pigment { color rgbt <0,1,1,0> }
	no_shadow
}
cylinder {
	<27.814726, 37.070850, 35.484100>,  <27.300312, 36.572014, 35.684795>, 0.130000
	pigment { color rgbt <1,0,0,0> }
	no_shadow
}

// nucleotide -1

// particle -1
sphere {
	<27.814726, 37.070850, 35.484100> 0.250000
	pigment { color rgbt <1,0,0,0> }
	no_shadow
}
cylinder {
	<27.626530, 36.981972, 35.142513>,  <27.513613, 36.928642, 34.937561>, 0.100000
	pigment { color rgbt <1,0,0,0> }
	no_shadow
}
cylinder {
	<27.626530, 36.981972, 35.142513>,  <27.814726, 37.070850, 35.484100>, 0.100000
	pigment { color rgbt <1,0,0,0> }
	no_shadow
}

// particle -1
sphere {
	<27.626530, 36.981972, 35.142513> 0.100000
	pigment { color rgbt <1,0,0,0> }
	no_shadow
}
sphere {
	0, 1
	scale<0.080000,0.200000,0.300000>
	matrix <-0.117417, 0.974935, -0.188983,
		0.874559, 0.011357, -0.484786,
		-0.470489, -0.222199, -0.853972,
		27.485384, 36.915314, 34.886322>
	pigment { color rgbt <0,1,1,0> }
	no_shadow
}
cylinder {
	<27.891228, 37.624363, 35.091885>,  <27.814726, 37.070850, 35.484100>, 0.130000
	pigment { color rgbt <1,0,0,0> }
	no_shadow
}

// nucleotide -1

// particle -1
sphere {
	<27.891228, 37.624363, 35.091885> 0.250000
	pigment { color rgbt <1,0,0,0> }
	no_shadow
}
cylinder {
	<27.618374, 37.446484, 34.859703>,  <27.454660, 37.339756, 34.720394>, 0.100000
	pigment { color rgbt <1,0,0,0> }
	no_shadow
}
cylinder {
	<27.618374, 37.446484, 34.859703>,  <27.891228, 37.624363, 35.091885>, 0.100000
	pigment { color rgbt <1,0,0,0> }
	no_shadow
}

// particle -1
sphere {
	<27.618374, 37.446484, 34.859703> 0.100000
	pigment { color rgbt <1,0,0,0> }
	no_shadow
}
sphere {
	0, 1
	scale<0.080000,0.200000,0.300000>
	matrix <-0.338839, 0.895679, -0.288004,
		0.647980, 0.000224, -0.761657,
		-0.682136, -0.444700, -0.580458,
		27.413733, 37.313072, 34.685566>
	pigment { color rgbt <0,1,1,0> }
	no_shadow
}
cylinder {
	<27.887276, 38.035637, 34.427849>,  <27.891228, 37.624363, 35.091885>, 0.130000
	pigment { color rgbt <1,0,0,0> }
	no_shadow
}

// nucleotide -1

// particle -1
sphere {
	<27.887276, 38.035637, 34.427849> 0.250000
	pigment { color rgbt <1,0,0,0> }
	no_shadow
}
cylinder {
	<27.540768, 37.837963, 34.457119>,  <27.332863, 37.719357, 34.474682>, 0.100000
	pigment { color rgbt <1,0,0,0> }
	no_shadow
}
cylinder {
	<27.540768, 37.837963, 34.457119>,  <27.887276, 38.035637, 34.427849>, 0.100000
	pigment { color rgbt <1,0,0,0> }
	no_shadow
}

// particle -1
sphere {
	<27.540768, 37.837963, 34.457119> 0.100000
	pigment { color rgbt <1,0,0,0> }
	no_shadow
}
sphere {
	0, 1
	scale<0.080000,0.200000,0.300000>
	matrix <-0.493780, 0.824732, -0.275679,
		0.075885, -0.274946, -0.958460,
		-0.866270, -0.494188, 0.073178,
		27.280888, 37.689705, 34.479073>
	pigment { color rgbt <0,1,1,0> }
	no_shadow
}
cylinder {
	<27.481640, 38.315144, 33.899548>,  <27.887276, 38.035637, 34.427849>, 0.130000
	pigment { color rgbt <1,0,0,0> }
	no_shadow
}

// nucleotide -1

// particle -1
sphere {
	<27.481640, 38.315144, 33.899548> 0.250000
	pigment { color rgbt <1,0,0,0> }
	no_shadow
}
cylinder {
	<27.223577, 38.137432, 34.148190>,  <27.068739, 38.030804, 34.297375>, 0.100000
	pigment { color rgbt <1,0,0,0> }
	no_shadow
}
cylinder {
	<27.223577, 38.137432, 34.148190>,  <27.481640, 38.315144, 33.899548>, 0.100000
	pigment { color rgbt <1,0,0,0> }
	no_shadow
}

// particle -1
sphere {
	<27.223577, 38.137432, 34.148190> 0.100000
	pigment { color rgbt <1,0,0,0> }
	no_shadow
}
sphere {
	0, 1
	scale<0.080000,0.200000,0.300000>
	matrix <-0.612472, 0.787104, -0.073112,
		-0.456782, -0.427882, -0.779915,
		-0.645158, -0.444280, 0.621600,
		27.030029, 38.004147, 34.334671>
	pigment { color rgbt <0,1,1,0> }
	no_shadow
}
cylinder {
	<26.757484, 38.380650, 33.614742>,  <27.481640, 38.315144, 33.899548>, 0.130000
	pigment { color rgbt <1,0,0,0> }
	no_shadow
}

// nucleotide -1

// particle -1
sphere {
	<26.757484, 38.380650, 33.614742> 0.250000
	pigment { color rgbt <1,0,0,0> }
	no_shadow
}
cylinder {
	<26.708035, 38.315937, 34.006363>,  <26.678364, 38.277111, 34.241337>, 0.100000
	pigment { color rgbt <1,0,0,0> }
	no_shadow
}
cylinder {
	<26.708035, 38.315937, 34.006363>,  <26.757484, 38.380650, 33.614742>, 0.100000
	pigment { color rgbt <1,0,0,0> }
	no_shadow
}

// particle -1
sphere {
	<26.708035, 38.315937, 34.006363> 0.100000
	pigment { color rgbt <1,0,0,0> }
	no_shadow
}
sphere {
	0, 1
	scale<0.080000,0.200000,0.300000>
	matrix <-0.484504, 0.870869, 0.082724,
		-0.866009, -0.464128, -0.186045,
		-0.123626, -0.161779, 0.979053,
		26.670946, 38.267403, 34.300079>
	pigment { color rgbt <0,1,1,0> }
	no_shadow
}
cylinder {
	<26.027750, 38.551369, 33.780689>,  <26.757484, 38.380650, 33.614742>, 0.130000
	pigment { color rgbt <1,0,0,0> }
	no_shadow
}

// nucleotide -1

// particle -1
sphere {
	<26.027750, 38.551369, 33.780689> 0.250000
	pigment { color rgbt <1,0,0,0> }
	no_shadow
}
cylinder {
	<26.214191, 38.570988, 34.134037>,  <26.326056, 38.582760, 34.346046>, 0.100000
	pigment { color rgbt <1,0,0,0> }
	no_shadow
}
cylinder {
	<26.214191, 38.570988, 34.134037>,  <26.027750, 38.551369, 33.780689>, 0.100000
	pigment { color rgbt <1,0,0,0> }
	no_shadow
}

// particle -1
sphere {
	<26.214191, 38.570988, 34.134037> 0.100000
	pigment { color rgbt <1,0,0,0> }
	no_shadow
}
sphere {
	0, 1
	scale<0.080000,0.200000,0.300000>
	matrix <-0.534633, 0.811155, 0.237054,
		-0.704922, -0.582771, 0.404307,
		0.466103, 0.049051, 0.883369,
		26.354023, 38.585705, 34.399048>
	pigment { color rgbt <0,1,1,0> }
	no_shadow
}
cylinder {
	<25.515053, 38.542244, 34.288357>,  <26.027750, 38.551369, 33.780689>, 0.130000
	pigment { color rgbt <1,0,0,0> }
	no_shadow
}

// nucleotide -1

// particle -1
sphere {
	<25.515053, 38.542244, 34.288357> 0.250000
	pigment { color rgbt <1,0,0,0> }
	no_shadow
}
cylinder {
	<25.841200, 38.683849, 34.471596>,  <26.036888, 38.768814, 34.581539>, 0.100000
	pigment { color rgbt <1,0,0,0> }
	no_shadow
}
cylinder {
	<25.841200, 38.683849, 34.471596>,  <25.515053, 38.542244, 34.288357>, 0.100000
	pigment { color rgbt <1,0,0,0> }
	no_shadow
}

// particle -1
sphere {
	<25.841200, 38.683849, 34.471596> 0.100000
	pigment { color rgbt <1,0,0,0> }
	no_shadow
}
sphere {
	0, 1
	scale<0.080000,0.200000,0.300000>
	matrix <-0.501150, 0.827763, 0.252305,
		-0.289873, -0.435295, 0.852345,
		0.815367, 0.354016, 0.458094,
		26.085810, 38.790054, 34.609024>
	pigment { color rgbt <0,1,1,0> }
	no_shadow
}
cylinder {
	<25.300198, 38.837334, 34.890820>,  <25.515053, 38.542244, 34.288357>, 0.130000
	pigment { color rgbt <1,0,0,0> }
	no_shadow
}

// nucleotide -1

// particle -1
sphere {
	<25.300198, 38.837334, 34.890820> 0.250000
	pigment { color rgbt <1,0,0,0> }
	no_shadow
}
cylinder {
	<25.663462, 39.001255, 34.856640>,  <25.881420, 39.099609, 34.836132>, 0.100000
	pigment { color rgbt <1,0,0,0> }
	no_shadow
}
cylinder {
	<25.663462, 39.001255, 34.856640>,  <25.300198, 38.837334, 34.890820>, 0.100000
	pigment { color rgbt <1,0,0,0> }
	no_shadow
}

// particle -1
sphere {
	<25.663462, 39.001255, 34.856640> 0.100000
	pigment { color rgbt <1,0,0,0> }
	no_shadow
}
sphere {
	0, 1
	scale<0.080000,0.200000,0.300000>
	matrix <-0.387857, 0.900513, 0.196578,
		0.157508, -0.145382, 0.976758,
		0.908162, 0.409805, -0.085451,
		25.935911, 39.124195, 34.831005>
	pigment { color rgbt <0,1,1,0> }
	no_shadow
}
cylinder {
	<25.398411, 39.143047, 35.569065>,  <25.300198, 38.837334, 34.890820>, 0.130000
	pigment { color rgbt <1,0,0,0> }
	no_shadow
}

// nucleotide -1

// particle -1
sphere {
	<25.398411, 39.143047, 35.569065> 0.250000
	pigment { color rgbt <1,0,0,0> }
	no_shadow
}
cylinder {
	<25.617887, 39.308895, 35.278679>,  <25.749575, 39.408405, 35.104446>, 0.100000
	pigment { color rgbt <1,0,0,0> }
	no_shadow
}
cylinder {
	<25.617887, 39.308895, 35.278679>,  <25.398411, 39.143047, 35.569065>, 0.100000
	pigment { color rgbt <1,0,0,0> }
	no_shadow
}

// particle -1
sphere {
	<25.617887, 39.308895, 35.278679> 0.100000
	pigment { color rgbt <1,0,0,0> }
	no_shadow
}
sphere {
	0, 1
	scale<0.080000,0.200000,0.300000>
	matrix <-0.477915, 0.868040, 0.134548,
		0.685953, 0.273124, 0.674442,
		0.548694, 0.414620, -0.725965,
		25.782495, 39.433281, 35.060890>
	pigment { color rgbt <0,1,1,0> }
	no_shadow
}
cylinder {
	<25.529852, 39.889065, 35.787914>,  <25.398411, 39.143047, 35.569065>, 0.130000
	pigment { color rgbt <1,0,0,0> }
	no_shadow
}

// nucleotide -1

// particle -1
sphere {
	<25.529852, 39.889065, 35.787914> 0.250000
	pigment { color rgbt <1,0,0,0> }
	no_shadow
}
cylinder {
	<25.638117, 39.916004, 35.403790>,  <25.703075, 39.932167, 35.173313>, 0.100000
	pigment { color rgbt <1,0,0,0> }
	no_shadow
}
cylinder {
	<25.638117, 39.916004, 35.403790>,  <25.529852, 39.889065, 35.787914>, 0.100000
	pigment { color rgbt <1,0,0,0> }
	no_shadow
}

// particle -1
sphere {
	<25.638117, 39.916004, 35.403790> 0.100000
	pigment { color rgbt <1,0,0,0> }
	no_shadow
}
sphere {
	0, 1
	scale<0.080000,0.200000,0.300000>
	matrix <-0.227608, 0.973744, 0.004142,
		0.935380, 0.217455, 0.278886,
		0.270663, 0.067351, -0.960315,
		25.719316, 39.936211, 35.115696>
	pigment { color rgbt <0,1,1,0> }
	no_shadow
}
cylinder {
	<26.007015, 40.388641, 35.705879>,  <25.529852, 39.889065, 35.787914>, 0.130000
	pigment { color rgbt <1,0,0,0> }
	no_shadow
}

// nucleotide -1

// particle -1
sphere {
	<26.007015, 40.388641, 35.705879> 0.250000
	pigment { color rgbt <1,0,0,0> }
	no_shadow
}
cylinder {
	<25.809065, 40.367622, 35.358929>,  <25.690294, 40.355011, 35.150761>, 0.100000
	pigment { color rgbt <1,0,0,0> }
	no_shadow
}
cylinder {
	<25.809065, 40.367622, 35.358929>,  <26.007015, 40.388641, 35.705879>, 0.100000
	pigment { color rgbt <1,0,0,0> }
	no_shadow
}

// particle -1
sphere {
	<25.809065, 40.367622, 35.358929> 0.100000
	pigment { color rgbt <1,0,0,0> }
	no_shadow
}
sphere {
	0, 1
	scale<0.080000,0.200000,0.300000>
	matrix <-0.130581, 0.991332, 0.014450,
		0.859095, 0.120414, -0.497449,
		-0.494877, -0.052544, -0.867373,
		25.660603, 40.351860, 35.098717>
	pigment { color rgbt <0,1,1,0> }
	no_shadow
}
cylinder {
	<26.405043, 40.741714, 35.302357>,  <26.007015, 40.388641, 35.705879>, 0.130000
	pigment { color rgbt <1,0,0,0> }
	no_shadow
}

// nucleotide -1

// particle -1
sphere {
	<26.405043, 40.741714, 35.302357> 0.250000
	pigment { color rgbt <1,0,0,0> }
	no_shadow
}
cylinder {
	<26.048073, 40.734898, 35.122005>,  <25.833891, 40.730808, 35.013794>, 0.100000
	pigment { color rgbt <1,0,0,0> }
	no_shadow
}
cylinder {
	<26.048073, 40.734898, 35.122005>,  <26.405043, 40.741714, 35.302357>, 0.100000
	pigment { color rgbt <1,0,0,0> }
	no_shadow
}

// particle -1
sphere {
	<26.048073, 40.734898, 35.122005> 0.100000
	pigment { color rgbt <1,0,0,0> }
	no_shadow
}
sphere {
	0, 1
	scale<0.080000,0.200000,0.300000>
	matrix <-0.088301, 0.986560, 0.137489,
		0.442474, 0.162511, -0.881934,
		-0.892423, -0.017041, -0.450877,
		25.780346, 40.729786, 34.986744>
	pigment { color rgbt <0,1,1,0> }
	no_shadow
}
cylinder {
	<26.407940, 41.357372, 34.810162>,  <26.405043, 40.741714, 35.302357>, 0.130000
	pigment { color rgbt <1,0,0,0> }
	no_shadow
}

// nucleotide -1

// particle -1
sphere {
	<26.407940, 41.357372, 34.810162> 0.250000
	pigment { color rgbt <1,0,0,0> }
	no_shadow
}
cylinder {
	<26.024511, 41.269249, 34.882385>,  <25.794455, 41.216373, 34.925720>, 0.100000
	pigment { color rgbt <1,0,0,0> }
	no_shadow
}
cylinder {
	<26.024511, 41.269249, 34.882385>,  <26.407940, 41.357372, 34.810162>, 0.100000
	pigment { color rgbt <1,0,0,0> }
	no_shadow
}

// particle -1
sphere {
	<26.024511, 41.269249, 34.882385> 0.100000
	pigment { color rgbt <1,0,0,0> }
	no_shadow
}
sphere {
	0, 1
	scale<0.080000,0.200000,0.300000>
	matrix <-0.210759, 0.974977, 0.070719,
		-0.191621, 0.029735, -0.981018,
		-0.958573, -0.220310, 0.180559,
		25.736938, 41.203156, 34.936554>
	pigment { color rgbt <0,1,1,0> }
	no_shadow
}
cylinder {
	<26.061428, 41.813526, 34.438961>,  <26.407940, 41.357372, 34.810162>, 0.130000
	pigment { color rgbt <1,0,0,0> }
	no_shadow
}

// nucleotide -1

// particle -1
sphere {
	<26.061428, 41.813526, 34.438961> 0.250000
	pigment { color rgbt <1,0,0,0> }
	no_shadow
}
cylinder {
	<25.797535, 41.692650, 34.714188>,  <25.639198, 41.620125, 34.879322>, 0.100000
	pigment { color rgbt <1,0,0,0> }
	no_shadow
}
cylinder {
	<25.797535, 41.692650, 34.714188>,  <26.061428, 41.813526, 34.438961>, 0.100000
	pigment { color rgbt <1,0,0,0> }
	no_shadow
}

// particle -1
sphere {
	<25.797535, 41.692650, 34.714188> 0.100000
	pigment { color rgbt <1,0,0,0> }
	no_shadow
}
sphere {
	0, 1
	scale<0.080000,0.200000,0.300000>
	matrix <-0.252140, 0.951524, 0.176147,
		-0.707940, -0.057278, -0.703946,
		-0.659732, -0.302194, 0.688064,
		25.599615, 41.601990, 34.920609>
	pigment { color rgbt <0,1,1,0> }
	no_shadow
}
cylinder {
	<25.516853, 42.141598, 34.262650>,  <26.061428, 41.813526, 34.438961>, 0.130000
	pigment { color rgbt <1,0,0,0> }
	no_shadow
}

// nucleotide -1

// particle -1
sphere {
	<25.516853, 42.141598, 34.262650> 0.250000
	pigment { color rgbt <1,0,0,0> }
	no_shadow
}
cylinder {
	<25.462103, 42.037312, 34.644917>,  <25.429253, 41.974739, 34.874275>, 0.100000
	pigment { color rgbt <1,0,0,0> }
	no_shadow
}
cylinder {
	<25.462103, 42.037312, 34.644917>,  <25.516853, 42.141598, 34.262650>, 0.100000
	pigment { color rgbt <1,0,0,0> }
	no_shadow
}

// particle -1
sphere {
	<25.462103, 42.037312, 34.644917> 0.100000
	pigment { color rgbt <1,0,0,0> }
	no_shadow
}
sphere {
	0, 1
	scale<0.080000,0.200000,0.300000>
	matrix <-0.207101, 0.950956, 0.229764,
		-0.968697, -0.166470, -0.184157,
		-0.136877, -0.260711, 0.955664,
		25.421040, 41.959099, 34.931618>
	pigment { color rgbt <0,1,1,0> }
	no_shadow
}
cylinder {
	<24.853390, 42.467964, 34.567539>,  <25.516853, 42.141598, 34.262650>, 0.130000
	pigment { color rgbt <1,0,0,0> }
	no_shadow
}

// nucleotide -1

// particle -1
sphere {
	<24.853390, 42.467964, 34.567539> 0.250000
	pigment { color rgbt <1,0,0,0> }
	no_shadow
}
cylinder {
	<25.046982, 42.387386, 34.908169>,  <25.163137, 42.339039, 35.112549>, 0.100000
	pigment { color rgbt <1,0,0,0> }
	no_shadow
}
cylinder {
	<25.046982, 42.387386, 34.908169>,  <24.853390, 42.467964, 34.567539>, 0.100000
	pigment { color rgbt <1,0,0,0> }
	no_shadow
}

// particle -1
sphere {
	<25.046982, 42.387386, 34.908169> 0.100000
	pigment { color rgbt <1,0,0,0> }
	no_shadow
}
sphere {
	0, 1
	scale<0.080000,0.200000,0.300000>
	matrix <-0.188436, 0.926321, 0.326224,
		-0.854549, -0.318353, 0.410362,
		0.483981, -0.201447, 0.851576,
		25.192177, 42.326954, 35.163643>
	pigment { color rgbt <0,1,1,0> }
	no_shadow
}
cylinder {
	<24.403221, 42.728268, 35.063450>,  <24.853390, 42.467964, 34.567539>, 0.130000
	pigment { color rgbt <1,0,0,0> }
	no_shadow
}

// nucleotide -1

// particle -1
sphere {
	<24.403221, 42.728268, 35.063450> 0.250000
	pigment { color rgbt <1,0,0,0> }
	no_shadow
}
cylinder {
	<24.770746, 42.709846, 35.220249>,  <24.991261, 42.698795, 35.314327>, 0.100000
	pigment { color rgbt <1,0,0,0> }
	no_shadow
}
cylinder {
	<24.770746, 42.709846, 35.220249>,  <24.403221, 42.728268, 35.063450>, 0.100000
	pigment { color rgbt <1,0,0,0> }
	no_shadow
}

// particle -1
sphere {
	<24.770746, 42.709846, 35.220249> 0.100000
	pigment { color rgbt <1,0,0,0> }
	no_shadow
}
sphere {
	0, 1
	scale<0.080000,0.200000,0.300000>
	matrix <-0.137536, 0.893563, 0.427352,
		-0.369956, -0.446570, 0.814682,
		0.918812, -0.046054, 0.391999,
		25.046391, 42.696030, 35.337849>
	pigment { color rgbt <0,1,1,0> }
	no_shadow
}
cylinder {
	<24.311375, 42.961384, 35.745754>,  <24.403221, 42.728268, 35.063450>, 0.130000
	pigment { color rgbt <1,0,0,0> }
	no_shadow
}

// nucleotide -1

// particle -1
sphere {
	<24.311375, 42.961384, 35.745754> 0.250000
	pigment { color rgbt <1,0,0,0> }
	no_shadow
}
cylinder {
	<24.693674, 43.012936, 35.639973>,  <24.923054, 43.043865, 35.576504>, 0.100000
	pigment { color rgbt <1,0,0,0> }
	no_shadow
}
cylinder {
	<24.693674, 43.012936, 35.639973>,  <24.311375, 42.961384, 35.745754>, 0.100000
	pigment { color rgbt <1,0,0,0> }
	no_shadow
}

// particle -1
sphere {
	<24.693674, 43.012936, 35.639973> 0.100000
	pigment { color rgbt <1,0,0,0> }
	no_shadow
}
sphere {
	0, 1
	scale<0.080000,0.200000,0.300000>
	matrix <-0.056658, 0.962743, 0.264414,
		0.288679, -0.237730, 0.927442,
		0.955748, 0.128878, -0.264455,
		24.980398, 43.051598, 35.560635>
	pigment { color rgbt <0,1,1,0> }
	no_shadow
}
cylinder {
	<24.635448, 43.337566, 36.272350>,  <24.311375, 42.961384, 35.745754>, 0.130000
	pigment { color rgbt <1,0,0,0> }
	no_shadow
}

// nucleotide -1

// particle -1
sphere {
	<24.635448, 43.337566, 36.272350> 0.250000
	pigment { color rgbt <1,0,0,0> }
	no_shadow
}
cylinder {
	<24.818752, 43.393703, 35.921284>,  <24.928734, 43.427387, 35.710644>, 0.100000
	pigment { color rgbt <1,0,0,0> }
	no_shadow
}
cylinder {
	<24.818752, 43.393703, 35.921284>,  <24.635448, 43.337566, 36.272350>, 0.100000
	pigment { color rgbt <1,0,0,0> }
	no_shadow
}

// particle -1
sphere {
	<24.818752, 43.393703, 35.921284> 0.100000
	pigment { color rgbt <1,0,0,0> }
	no_shadow
}
sphere {
	0, 1
	scale<0.080000,0.200000,0.300000>
	matrix <0.012362, 0.986353, 0.164180,
		0.888732, -0.086087, 0.450271,
		0.458260, 0.140345, -0.877668,
		24.956230, 43.435806, 35.657982>
	pigment { color rgbt <0,1,1,0> }
	no_shadow
}
cylinder {
	<24.867247, 43.530800, 36.974022>,  <24.635448, 43.337566, 36.272350>, 0.130000
	pigment { color rgbt <1,0,0,0> }
	no_shadow
}

// nucleotide -1

// particle -1
sphere {
	<24.867247, 43.530800, 36.974022> 0.250000
	pigment { color rgbt <1,0,0,0> }
	no_shadow
}
cylinder {
	<25.036203, 43.887543, 36.909313>,  <25.137577, 44.101589, 36.870487>, 0.100000
	pigment { color rgbt <1,0,0,0> }
	no_shadow
}
cylinder {
	<25.036203, 43.887543, 36.909313>,  <24.867247, 43.530800, 36.974022>, 0.100000
	pigment { color rgbt <1,0,0,0> }
	no_shadow
}

// particle -1
sphere {
	<25.036203, 43.887543, 36.909313> 0.100000
	pigment { color rgbt <1,0,0,0> }
	no_shadow
}
sphere {
	0, 1
	scale<0.080000,0.200000,0.300000>
	matrix <0.839837, -0.452218, -0.300288,
		-0.340970, -0.009021, -0.940031,
		0.422390, 0.891862, -0.161770,
		25.162920, 44.155102, 36.860783>
	pigment { color rgbt <0,1,1,0> }
	no_shadow
}
cylinder {
	<25.330528, 43.374866, 36.501114>,  <24.867247, 43.530800, 36.974022>, 0.130000
	pigment { color rgbt <1,0,0,0> }
	no_shadow
}

// nucleotide -1

// particle -1
sphere {
	<25.330528, 43.374866, 36.501114> 0.250000
	pigment { color rgbt <1,0,0,0> }
	no_shadow
}
cylinder {
	<25.434191, 43.754097, 36.574852>,  <25.496389, 43.981636, 36.619095>, 0.100000
	pigment { color rgbt <1,0,0,0> }
	no_shadow
}
cylinder {
	<25.434191, 43.754097, 36.574852>,  <25.330528, 43.374866, 36.501114>, 0.100000
	pigment { color rgbt <1,0,0,0> }
	no_shadow
}

// particle -1
sphere {
	<25.434191, 43.754097, 36.574852> 0.100000
	pigment { color rgbt <1,0,0,0> }
	no_shadow
}
sphere {
	0, 1
	scale<0.080000,0.200000,0.300000>
	matrix <0.896309, -0.164975, -0.411599,
		-0.359816, 0.271898, -0.892526,
		0.259157, 0.948079, 0.184344,
		25.511938, 44.038521, 36.630154>
	pigment { color rgbt <0,1,1,0> }
	no_shadow
}
cylinder {
	<25.735176, 43.737053, 35.945080>,  <25.330528, 43.374866, 36.501114>, 0.130000
	pigment { color rgbt <1,0,0,0> }
	no_shadow
}

// nucleotide -1

// particle -1
sphere {
	<25.735176, 43.737053, 35.945080> 0.250000
	pigment { color rgbt <1,0,0,0> }
	no_shadow
}
cylinder {
	<25.836483, 43.955460, 36.264507>,  <25.897266, 44.086506, 36.456165>, 0.100000
	pigment { color rgbt <1,0,0,0> }
	no_shadow
}
cylinder {
	<25.836483, 43.955460, 36.264507>,  <25.735176, 43.737053, 35.945080>, 0.100000
	pigment { color rgbt <1,0,0,0> }
	no_shadow
}

// particle -1
sphere {
	<25.836483, 43.955460, 36.264507> 0.100000
	pigment { color rgbt <1,0,0,0> }
	no_shadow
}
sphere {
	0, 1
	scale<0.080000,0.200000,0.300000>
	matrix <0.949598, 0.017295, -0.312991,
		-0.184711, 0.837594, -0.514118,
		0.253268, 0.546019, 0.798573,
		25.912464, 44.119267, 36.504078>
	pigment { color rgbt <0,1,1,0> }
	no_shadow
}
cylinder {
	<26.136732, 44.429821, 35.846447>,  <25.735176, 43.737053, 35.945080>, 0.130000
	pigment { color rgbt <1,0,0,0> }
	no_shadow
}

// nucleotide -1

// particle -1
sphere {
	<26.136732, 44.429821, 35.846447> 0.250000
	pigment { color rgbt <1,0,0,0> }
	no_shadow
}
cylinder {
	<26.230701, 44.282578, 36.206291>,  <26.287083, 44.194233, 36.422199>, 0.100000
	pigment { color rgbt <1,0,0,0> }
	no_shadow
}
cylinder {
	<26.230701, 44.282578, 36.206291>,  <26.136732, 44.429821, 35.846447>, 0.100000
	pigment { color rgbt <1,0,0,0> }
	no_shadow
}

// particle -1
sphere {
	<26.230701, 44.282578, 36.206291> 0.100000
	pigment { color rgbt <1,0,0,0> }
	no_shadow
}
sphere {
	0, 1
	scale<0.080000,0.200000,0.300000>
	matrix <0.971928, 0.101310, -0.212351,
		-0.012971, 0.924246, 0.381576,
		0.234922, -0.368110, 0.899615,
		26.301178, 44.172146, 36.476177>
	pigment { color rgbt <0,1,1,0> }
	no_shadow
}
cylinder {
	<26.287788, 44.975338, 35.381683>,  <26.136732, 44.429821, 35.846447>, 0.130000
	pigment { color rgbt <1,0,0,0> }
	no_shadow
}

// nucleotide -1

// particle -1
sphere {
	<26.287788, 44.975338, 35.381683> 0.250000
	pigment { color rgbt <1,0,0,0> }
	no_shadow
}
cylinder {
	<26.569073, 45.109734, 35.131050>,  <26.737843, 45.190372, 34.980671>, 0.100000
	pigment { color rgbt <1,0,0,0> }
	no_shadow
}
cylinder {
	<26.569073, 45.109734, 35.131050>,  <26.287788, 44.975338, 35.381683>, 0.100000
	pigment { color rgbt <1,0,0,0> }
	no_shadow
}

// particle -1
sphere {
	<26.569073, 45.109734, 35.131050> 0.100000
	pigment { color rgbt <1,0,0,0> }
	no_shadow
}
sphere {
	0, 1
	scale<0.080000,0.200000,0.300000>
	matrix <0.681945, -0.568035, 0.460747,
		-0.201116, -0.751298, -0.628573,
		0.703209, 0.335989, -0.626584,
		26.780035, 45.210529, 34.943073>
	pigment { color rgbt <0,1,1,0> }
	no_shadow
}
cylinder {
	<26.605009, 44.389210, 35.256329>,  <26.287788, 44.975338, 35.381683>, 0.130000
	pigment { color rgbt <1,0,0,0> }
	no_shadow
}

// nucleotide -1

// particle -1
sphere {
	<26.605009, 44.389210, 35.256329> 0.250000
	pigment { color rgbt <1,0,0,0> }
	no_shadow
}
cylinder {
	<26.832071, 44.702610, 35.155220>,  <26.968309, 44.890652, 35.094555>, 0.100000
	pigment { color rgbt <1,0,0,0> }
	no_shadow
}
cylinder {
	<26.832071, 44.702610, 35.155220>,  <26.605009, 44.389210, 35.256329>, 0.100000
	pigment { color rgbt <1,0,0,0> }
	no_shadow
}

// particle -1
sphere {
	<26.832071, 44.702610, 35.155220> 0.100000
	pigment { color rgbt <1,0,0,0> }
	no_shadow
}
sphere {
	0, 1
	scale<0.080000,0.200000,0.300000>
	matrix <0.823015, -0.532513, 0.197678,
		0.020276, -0.320248, -0.947117,
		0.567658, 0.783500, -0.252771,
		27.002369, 44.937660, 35.079388>
	pigment { color rgbt <0,1,1,0> }
	no_shadow
}
cylinder {
	<26.861130, 44.518070, 34.542538>,  <26.605009, 44.389210, 35.256329>, 0.130000
	pigment { color rgbt <1,0,0,0> }
	no_shadow
}

// nucleotide -1

// particle -1
sphere {
	<26.861130, 44.518070, 34.542538> 0.250000
	pigment { color rgbt <1,0,0,0> }
	no_shadow
}
cylinder {
	<27.111969, 44.644276, 34.827408>,  <27.262472, 44.719997, 34.998329>, 0.100000
	pigment { color rgbt <1,0,0,0> }
	no_shadow
}
cylinder {
	<27.111969, 44.644276, 34.827408>,  <26.861130, 44.518070, 34.542538>, 0.100000
	pigment { color rgbt <1,0,0,0> }
	no_shadow
}

// particle -1
sphere {
	<27.111969, 44.644276, 34.827408> 0.100000
	pigment { color rgbt <1,0,0,0> }
	no_shadow
}
sphere {
	0, 1
	scale<0.080000,0.200000,0.300000>
	matrix <0.641213, -0.728204, -0.242002,
		0.442257, 0.608418, -0.658966,
		0.627100, 0.315510, 0.712179,
		27.300098, 44.738930, 35.041061>
	pigment { color rgbt <0,1,1,0> }
	no_shadow
}
cylinder {
	<27.602617, 44.396057, 34.351559>,  <26.861130, 44.518070, 34.542538>, 0.130000
	pigment { color rgbt <1,0,0,0> }
	no_shadow
}

// nucleotide -1

// particle -1
sphere {
	<27.602617, 44.396057, 34.351559> 0.250000
	pigment { color rgbt <1,0,0,0> }
	no_shadow
}
cylinder {
	<27.616104, 44.423988, 34.750355>,  <27.624197, 44.440746, 34.989632>, 0.100000
	pigment { color rgbt <1,0,0,0> }
	no_shadow
}
cylinder {
	<27.616104, 44.423988, 34.750355>,  <27.602617, 44.396057, 34.351559>, 0.100000
	pigment { color rgbt <1,0,0,0> }
	no_shadow
}

// particle -1
sphere {
	<27.616104, 44.423988, 34.750355> 0.100000
	pigment { color rgbt <1,0,0,0> }
	no_shadow
}
sphere {
	0, 1
	scale<0.080000,0.200000,0.300000>
	matrix <0.621355, -0.782799, 0.033812,
		0.782804, 0.618344, -0.069780,
		0.033716, 0.069827, 0.996989,
		27.626219, 44.444935, 35.049450>
	pigment { color rgbt <0,1,1,0> }
	no_shadow
}
cylinder {
	<28.342299, 44.365772, 34.546326>,  <27.602617, 44.396057, 34.351559>, 0.130000
	pigment { color rgbt <1,0,0,0> }
	no_shadow
}

// nucleotide -1

// particle -1
sphere {
	<28.342299, 44.365772, 34.546326> 0.250000
	pigment { color rgbt <1,0,0,0> }
	no_shadow
}
cylinder {
	<28.137247, 44.217251, 34.855995>,  <28.014215, 44.128139, 35.041798>, 0.100000
	pigment { color rgbt <1,0,0,0> }
	no_shadow
}
cylinder {
	<28.137247, 44.217251, 34.855995>,  <28.342299, 44.365772, 34.546326>, 0.100000
	pigment { color rgbt <1,0,0,0> }
	no_shadow
}

// particle -1
sphere {
	<28.137247, 44.217251, 34.855995> 0.100000
	pigment { color rgbt <1,0,0,0> }
	no_shadow
}
sphere {
	0, 1
	scale<0.080000,0.200000,0.300000>
	matrix <0.611845, -0.790551, 0.025987,
		0.602375, 0.486997, 0.632439,
		-0.512630, -0.371300, 0.774174,
		27.983458, 44.105862, 35.088249>
	pigment { color rgbt <0,1,1,0> }
	no_shadow
}
cylinder {
	<28.830673, 44.094734, 35.009735>,  <28.342299, 44.365772, 34.546326>, 0.130000
	pigment { color rgbt <1,0,0,0> }
	no_shadow
}

// nucleotide -1

// particle -1
sphere {
	<28.830673, 44.094734, 35.009735> 0.250000
	pigment { color rgbt <1,0,0,0> }
	no_shadow
}
cylinder {
	<28.494825, 43.905556, 35.116592>,  <28.293318, 43.792049, 35.180706>, 0.100000
	pigment { color rgbt <1,0,0,0> }
	no_shadow
}
cylinder {
	<28.494825, 43.905556, 35.116592>,  <28.830673, 44.094734, 35.009735>, 0.100000
	pigment { color rgbt <1,0,0,0> }
	no_shadow
}

// particle -1
sphere {
	<28.494825, 43.905556, 35.116592> 0.100000
	pigment { color rgbt <1,0,0,0> }
	no_shadow
}
sphere {
	0, 1
	scale<0.080000,0.200000,0.300000>
	matrix <0.490697, -0.871330, -0.000351,
		0.232934, 0.130791, 0.963657,
		-0.839618, -0.472945, 0.267141,
		28.242939, 43.763672, 35.196735>
	pigment { color rgbt <0,1,1,0> }
	no_shadow
}
cylinder {
	<29.028343, 43.717049, 35.479404>,  <28.830673, 44.094734, 35.009735>, 0.130000
	pigment { color rgbt <1,0,0,0> }
	no_shadow
}

// nucleotide -1

// particle -1
sphere {
	<29.028343, 43.717049, 35.479404> 0.250000
	pigment { color rgbt <1,0,0,0> }
	no_shadow
}
cylinder {
	<28.687321, 43.548874, 35.355225>,  <28.482708, 43.447968, 35.280716>, 0.100000
	pigment { color rgbt <1,0,0,0> }
	no_shadow
}
cylinder {
	<28.687321, 43.548874, 35.355225>,  <29.028343, 43.717049, 35.479404>, 0.100000
	pigment { color rgbt <1,0,0,0> }
	no_shadow
}

// particle -1
sphere {
	<28.687321, 43.548874, 35.355225> 0.100000
	pigment { color rgbt <1,0,0,0> }
	no_shadow
}
sphere {
	0, 1
	scale<0.080000,0.200000,0.300000>
	matrix <0.406462, -0.906797, 0.111837,
		-0.328535, -0.030839, 0.943988,
		-0.852557, -0.420437, -0.310450,
		28.431553, 43.422741, 35.262089>
	pigment { color rgbt <0,1,1,0> }
	no_shadow
}
cylinder {
	<28.927277, 43.061970, 35.865791>,  <29.028343, 43.717049, 35.479404>, 0.130000
	pigment { color rgbt <1,0,0,0> }
	no_shadow
}

// nucleotide -1

// particle -1
sphere {
	<28.927277, 43.061970, 35.865791> 0.250000
	pigment { color rgbt <1,0,0,0> }
	no_shadow
}
cylinder {
	<28.698820, 43.017040, 35.540539>,  <28.561747, 42.990082, 35.345387>, 0.100000
	pigment { color rgbt <1,0,0,0> }
	no_shadow
}
cylinder {
	<28.698820, 43.017040, 35.540539>,  <28.927277, 43.061970, 35.865791>, 0.100000
	pigment { color rgbt <1,0,0,0> }
	no_shadow
}

// particle -1
sphere {
	<28.698820, 43.017040, 35.540539> 0.100000
	pigment { color rgbt <1,0,0,0> }
	no_shadow
}
sphere {
	0, 1
	scale<0.080000,0.200000,0.300000>
	matrix <0.316669, -0.944063, -0.092016,
		-0.757312, -0.310047, 0.574760,
		-0.571139, -0.112324, -0.813132,
		28.527479, 42.983345, 35.296600>
	pigment { color rgbt <0,1,1,0> }
	no_shadow
}
cylinder {
	<28.847803, 42.327171, 35.843235>,  <28.927277, 43.061970, 35.865791>, 0.130000
	pigment { color rgbt <1,0,0,0> }
	no_shadow
}

// nucleotide -1

// particle -1
sphere {
	<28.847803, 42.327171, 35.843235> 0.250000
	pigment { color rgbt <1,0,0,0> }
	no_shadow
}
cylinder {
	<28.709860, 42.429276, 35.481922>,  <28.627094, 42.490536, 35.265133>, 0.100000
	pigment { color rgbt <1,0,0,0> }
	no_shadow
}
cylinder {
	<28.709860, 42.429276, 35.481922>,  <28.847803, 42.327171, 35.843235>, 0.100000
	pigment { color rgbt <1,0,0,0> }
	no_shadow
}

// particle -1
sphere {
	<28.709860, 42.429276, 35.481922> 0.100000
	pigment { color rgbt <1,0,0,0> }
	no_shadow
}
sphere {
	0, 1
	scale<0.080000,0.200000,0.300000>
	matrix <0.281344, -0.889963, -0.358904,
		-0.895502, -0.377901, 0.235088,
		-0.344850, 0.255259, -0.903283,
		28.606403, 42.505852, 35.210938>
	pigment { color rgbt <0,1,1,0> }
	no_shadow
}
cylinder {
	<28.513340, 41.738369, 35.646423>,  <28.847803, 42.327171, 35.843235>, 0.130000
	pigment { color rgbt <1,0,0,0> }
	no_shadow
}

// nucleotide -1

// particle -1
sphere {
	<28.513340, 41.738369, 35.646423> 0.250000
	pigment { color rgbt <1,0,0,0> }
	no_shadow
}
cylinder {
	<28.621572, 41.950653, 35.325142>,  <28.686512, 42.078022, 35.132374>, 0.100000
	pigment { color rgbt <1,0,0,0> }
	no_shadow
}
cylinder {
	<28.621572, 41.950653, 35.325142>,  <28.513340, 41.738369, 35.646423>, 0.100000
	pigment { color rgbt <1,0,0,0> }
	no_shadow
}

// particle -1
sphere {
	<28.621572, 41.950653, 35.325142> 0.100000
	pigment { color rgbt <1,0,0,0> }
	no_shadow
}
sphere {
	0, 1
	scale<0.080000,0.200000,0.300000>
	matrix <0.290856, -0.840401, -0.457307,
		-0.917709, -0.109878, -0.381756,
		0.270580, 0.530710, -0.803202,
		28.702745, 42.109867, 35.084183>
	pigment { color rgbt <0,1,1,0> }
	no_shadow
}
cylinder {
	<28.057562, 41.524464, 35.025928>,  <28.513340, 41.738369, 35.646423>, 0.130000
	pigment { color rgbt <1,0,0,0> }
	no_shadow
}

// nucleotide -1

// particle -1
sphere {
	<28.057562, 41.524464, 35.025928> 0.250000
	pigment { color rgbt <1,0,0,0> }
	no_shadow
}
cylinder {
	<28.414114, 41.685635, 34.942894>,  <28.628046, 41.782337, 34.893074>, 0.100000
	pigment { color rgbt <1,0,0,0> }
	no_shadow
}
cylinder {
	<28.414114, 41.685635, 34.942894>,  <28.057562, 41.524464, 35.025928>, 0.100000
	pigment { color rgbt <1,0,0,0> }
	no_shadow
}

// particle -1
sphere {
	<28.414114, 41.685635, 34.942894> 0.100000
	pigment { color rgbt <1,0,0,0> }
	no_shadow
}
sphere {
	0, 1
	scale<0.080000,0.200000,0.300000>
	matrix <0.246287, -0.815043, -0.524450,
		-0.380502, 0.416360, -0.825750,
		0.891381, 0.402926, -0.207582,
		28.681528, 41.806511, 34.880619>
	pigment { color rgbt <0,1,1,0> }
	no_shadow
}
cylinder {
	<28.217827, 41.244949, 34.376972>,  <28.057562, 41.524464, 35.025928>, 0.130000
	pigment { color rgbt <1,0,0,0> }
	no_shadow
}

// nucleotide -1

// particle -1
sphere {
	<28.217827, 41.244949, 34.376972> 0.250000
	pigment { color rgbt <1,0,0,0> }
	no_shadow
}
cylinder {
	<28.580414, 41.388714, 34.465645>,  <28.797966, 41.474972, 34.518848>, 0.100000
	pigment { color rgbt <1,0,0,0> }
	no_shadow
}
cylinder {
	<28.580414, 41.388714, 34.465645>,  <28.217827, 41.244949, 34.376972>, 0.100000
	pigment { color rgbt <1,0,0,0> }
	no_shadow
}

// particle -1
sphere {
	<28.580414, 41.388714, 34.465645> 0.100000
	pigment { color rgbt <1,0,0,0> }
	no_shadow
}
sphere {
	0, 1
	scale<0.080000,0.200000,0.300000>
	matrix <0.420346, -0.818140, -0.392372,
