// switches for output
#declare DRAW_BASES = 1; // possible values are 0, 1; only relevant for DNA ribbons
#declare DRAW_BASES_TYPE = 3; // possible values are 1, 2, 3; only relevant for DNA ribbons
#declare DRAW_FOG = 0; // set to 1 to enable fog

#include "colors.inc"

#include "transforms.inc"
background { rgb <1, 1, 1>}

#default {
   normal{
       ripples 0.25
       frequency 0.20
       turbulence 0.2
       lambda 5
   }
	finish {
		phong 0.1
		phong_size 40.
	}
}

// original window dimensions: 1024x640


// camera settings

camera {
	sky <0, 0.179814, -0.983701>
	up <0, 0.179814, -0.983701>
	right 1.6 * <1, 0, 0>
	location <35, 94.9851, 44.8844>
	look_at <35, 29.7336, 32.9568>
	direction <0, -65.2515, -11.9276>
	angle 67.0682
}


# declare cpy_camera_pos = <35, 94.9851, 44.8844>;
# if (DRAW_FOG = 1)
fog {
	fog_type 2
	up vnormalize(cpy_camera_pos)
	color rgbt<1,1,1,0.3>
	distance 1e-5
	fog_alt 3e-3
	fog_offset 56
}
# end


// LIGHTS

# declare lum = 6;
global_settings {
	ambient_light rgb lum * <0.05, 0.05, 0.05>
	max_trace_level 15
}# declare cpy_direct_light_amount = 0.25;
light_source
{	1000 * <-1, -1.16352, -0.803886>,
	rgb lum * cpy_direct_light_amount
	parallel
}

light_source
{	1000 * <1, 1.16352, 0.803886>,
	rgb lum * cpy_direct_light_amount
	parallel
}

// strand 0

// nucleotide -1

// particle -1
sphere {
	<24.229204, 35.037975, 34.400162> 0.250000
	pigment { color rgbt <1,0,0,0> }
	no_shadow
}
cylinder {
	<24.165745, 35.105095, 34.789349>,  <24.127670, 35.145367, 35.022861>, 0.100000
	pigment { color rgbt <1,0,0,0> }
	no_shadow
}
cylinder {
	<24.165745, 35.105095, 34.789349>,  <24.229204, 35.037975, 34.400162>, 0.100000
	pigment { color rgbt <1,0,0,0> }
	no_shadow
}

// particle -1
sphere {
	<24.165745, 35.105095, 34.789349> 0.100000
	pigment { color rgbt <1,0,0,0> }
	no_shadow
}
sphere {
	0, 1
	scale<0.080000,0.200000,0.300000>
	matrix <0.933987, -0.294040, 0.203001,
		0.320156, 0.940948, -0.110074,
		-0.158647, 0.167800, 0.972972,
		24.118151, 35.155434, 35.081242>
	pigment { color rgbt <0,1,1,0> }
	no_shadow
}
cylinder {
	<24.795603, 35.510990, 34.643383>,  <24.229204, 35.037975, 34.400162>, 0.130000
	pigment { color rgbt <1,0,0,0> }
	no_shadow
}

// nucleotide -1

// particle -1
sphere {
	<24.795603, 35.510990, 34.643383> 0.250000
	pigment { color rgbt <1,0,0,0> }
	no_shadow
}
cylinder {
	<24.645689, 35.245853, 34.902668>,  <24.555740, 35.086773, 35.058239>, 0.100000
	pigment { color rgbt <1,0,0,0> }
	no_shadow
}
cylinder {
	<24.645689, 35.245853, 34.902668>,  <24.795603, 35.510990, 34.643383>, 0.100000
	pigment { color rgbt <1,0,0,0> }
	no_shadow
}

// particle -1
sphere {
	<24.645689, 35.245853, 34.902668> 0.100000
	pigment { color rgbt <1,0,0,0> }
	no_shadow
}
sphere {
	0, 1
	scale<0.080000,0.200000,0.300000>
	matrix <0.894264, -0.442922, 0.064127,
		0.244603, 0.603708, 0.758753,
		-0.374782, -0.662840, 0.648214,
		24.533255, 35.047001, 35.097134>
	pigment { color rgbt <0,1,1,0> }
	no_shadow
}
cylinder {
	<25.296608, 35.491150, 35.212902>,  <24.795603, 35.510990, 34.643383>, 0.130000
	pigment { color rgbt <1,0,0,0> }
	no_shadow
}

// nucleotide -1

// particle -1
sphere {
	<25.296608, 35.491150, 35.212902> 0.250000
	pigment { color rgbt <1,0,0,0> }
	no_shadow
}
cylinder {
	<25.073793, 35.175888, 35.108200>,  <24.940105, 34.986729, 35.045380>, 0.100000
	pigment { color rgbt <1,0,0,0> }
	no_shadow
}
cylinder {
	<25.073793, 35.175888, 35.108200>,  <25.296608, 35.491150, 35.212902>, 0.100000
	pigment { color rgbt <1,0,0,0> }
	no_shadow
}

// particle -1
sphere {
	<25.073793, 35.175888, 35.108200> 0.100000
	pigment { color rgbt <1,0,0,0> }
	no_shadow
}
sphere {
	0, 1
	scale<0.080000,0.200000,0.300000>
	matrix <0.817398, -0.576053, -0.004960,
		-0.146878, -0.216724, 0.965120,
		-0.557035, -0.788159, -0.261759,
		24.906683, 34.939442, 35.029671>
	pigment { color rgbt <0,1,1,0> }
	no_shadow
}
cylinder {
	<25.574093, 34.872112, 35.505131>,  <25.296608, 35.491150, 35.212902>, 0.130000
	pigment { color rgbt <1,0,0,0> }
	no_shadow
}

// nucleotide -1

// particle -1
sphere {
	<25.574093, 34.872112, 35.505131> 0.250000
	pigment { color rgbt <1,0,0,0> }
	no_shadow
}
cylinder {
	<25.357166, 34.706692, 35.212593>,  <25.227011, 34.607441, 35.037071>, 0.100000
	pigment { color rgbt <1,0,0,0> }
	no_shadow
}
cylinder {
	<25.357166, 34.706692, 35.212593>,  <25.574093, 34.872112, 35.505131>, 0.100000
	pigment { color rgbt <1,0,0,0> }
	no_shadow
}

// particle -1
sphere {
	<25.357166, 34.706692, 35.212593> 0.100000
	pigment { color rgbt <1,0,0,0> }
	no_shadow
}
sphere {
	0, 1
	scale<0.080000,0.200000,0.300000>
	matrix <0.796819, -0.529173, -0.291640,
		-0.266401, -0.740912, 0.616505,
		-0.542318, -0.413550, -0.731346,
		25.194471, 34.582626, 34.993191>
	pigment { color rgbt <0,1,1,0> }
	no_shadow
}
cylinder {
	<25.375446, 34.160740, 35.712933>,  <25.574093, 34.872112, 35.505131>, 0.130000
	pigment { color rgbt <1,0,0,0> }
	no_shadow
}

// nucleotide -1

// particle -1
sphere {
	<25.375446, 34.160740, 35.712933> 0.250000
	pigment { color rgbt <1,0,0,0> }
	no_shadow
}
cylinder {
	<25.752443, 34.075012, 35.815521>,  <25.978642, 34.023575, 35.877075>, 0.100000
	pigment { color rgbt <1,0,0,0> }
	no_shadow
}
cylinder {
	<25.752443, 34.075012, 35.815521>,  <25.375446, 34.160740, 35.712933>, 0.100000
	pigment { color rgbt <1,0,0,0> }
	no_shadow
}

// particle -1
sphere {
	<25.752443, 34.075012, 35.815521> 0.100000
	pigment { color rgbt <1,0,0,0> }
	no_shadow
}
sphere {
	0, 1
	scale<0.080000,0.200000,0.300000>
	matrix <0.111322, 0.924821, 0.363749,
		-0.315149, -0.314279, 0.895494,
		0.942491, -0.214323, 0.256470,
		26.035191, 34.010715, 35.892464>
	pigment { color rgbt <0,1,1,0> }
	no_shadow
}
cylinder {
	<25.508034, 34.266079, 36.353367>,  <25.375446, 34.160740, 35.712933>, 0.130000
	pigment { color rgbt <1,0,0,0> }
	no_shadow
}

// nucleotide -1

// particle -1
sphere {
	<25.508034, 34.266079, 36.353367> 0.250000
	pigment { color rgbt <1,0,0,0> }
	no_shadow
}
cylinder {
	<25.869408, 34.300957, 36.185459>,  <26.086231, 34.321884, 36.084713>, 0.100000
	pigment { color rgbt <1,0,0,0> }
	no_shadow
}
cylinder {
	<25.869408, 34.300957, 36.185459>,  <25.508034, 34.266079, 36.353367>, 0.100000
	pigment { color rgbt <1,0,0,0> }
	no_shadow
}

// particle -1
sphere {
	<25.869408, 34.300957, 36.185459> 0.100000
	pigment { color rgbt <1,0,0,0> }
	no_shadow
}
sphere {
	0, 1
	scale<0.080000,0.200000,0.300000>
	matrix <0.082998, 0.925005, 0.370778,
		0.420618, -0.369813, 0.828444,
		0.903433, 0.087196, -0.419767,
		26.140438, 34.327114, 36.059528>
	pigment { color rgbt <0,1,1,0> }
	no_shadow
}
cylinder {
	<25.986982, 34.376701, 36.844475>,  <25.508034, 34.266079, 36.353367>, 0.130000
	pigment { color rgbt <1,0,0,0> }
	no_shadow
}

// nucleotide -1

// particle -1
sphere {
	<25.986982, 34.376701, 36.844475> 0.250000
	pigment { color rgbt <1,0,0,0> }
	no_shadow
}
cylinder {
	<26.168657, 34.526966, 36.521343>,  <26.277662, 34.617126, 36.327465>, 0.100000
	pigment { color rgbt <1,0,0,0> }
	no_shadow
}
cylinder {
	<26.168657, 34.526966, 36.521343>,  <25.986982, 34.376701, 36.844475>, 0.100000
	pigment { color rgbt <1,0,0,0> }
	no_shadow
}

// particle -1
sphere {
	<26.168657, 34.526966, 36.521343> 0.100000
	pigment { color rgbt <1,0,0,0> }
	no_shadow
}
sphere {
	0, 1
	scale<0.080000,0.200000,0.300000>
	matrix <0.023123, 0.901474, 0.432215,
		0.890607, -0.214985, 0.400750,
		0.454185, 0.375667, -0.807831,
		26.304914, 34.639668, 36.278996>
	pigment { color rgbt <0,1,1,0> }
	no_shadow
}
cylinder {
	<26.550777, 34.767696, 37.095558>,  <25.986982, 34.376701, 36.844475>, 0.130000
	pigment { color rgbt <1,0,0,0> }
	no_shadow
}

// nucleotide -1

// particle -1
sphere {
	<26.550777, 34.767696, 37.095558> 0.250000
	pigment { color rgbt <1,0,0,0> }
	no_shadow
}
cylinder {
	<26.527468, 34.905197, 36.720657>,  <26.513483, 34.987698, 36.495716>, 0.100000
	pigment { color rgbt <1,0,0,0> }
	no_shadow
}
cylinder {
	<26.527468, 34.905197, 36.720657>,  <26.550777, 34.767696, 37.095558>, 0.100000
	pigment { color rgbt <1,0,0,0> }
	no_shadow
}

// particle -1
sphere {
	<26.527468, 34.905197, 36.720657> 0.100000
	pigment { color rgbt <1,0,0,0> }
	no_shadow
}
sphere {
	0, 1
	scale<0.080000,0.200000,0.300000>
	matrix <0.271482, 0.908921, 0.316479,
		0.960678, -0.236005, -0.146287,
		-0.058273, 0.343749, -0.937252,
		26.509987, 35.008324, 36.439484>
	pigment { color rgbt <0,1,1,0> }
	no_shadow
}
cylinder {
	<27.138189, 34.989944, 36.932434>,  <26.550777, 34.767696, 37.095558>, 0.130000
	pigment { color rgbt <1,0,0,0> }
	no_shadow
}

// nucleotide -1

// particle -1
sphere {
	<27.138189, 34.989944, 36.932434> 0.250000
	pigment { color rgbt <1,0,0,0> }
	no_shadow
}
cylinder {
	<26.890501, 35.177052, 36.680161>,  <26.741888, 35.289314, 36.528797>, 0.100000
	pigment { color rgbt <1,0,0,0> }
	no_shadow
}
cylinder {
	<26.890501, 35.177052, 36.680161>,  <27.138189, 34.989944, 36.932434>, 0.100000
	pigment { color rgbt <1,0,0,0> }
	no_shadow
}

// particle -1
sphere {
	<26.890501, 35.177052, 36.680161> 0.100000
	pigment { color rgbt <1,0,0,0> }
	no_shadow
}
sphere {
	0, 1
	scale<0.080000,0.200000,0.300000>
	matrix <0.377369, 0.881640, 0.283381,
		0.688593, -0.062526, -0.722448,
		-0.619220, 0.467763, -0.630686,
		26.704735, 35.317379, 36.490955>
	pigment { color rgbt <0,1,1,0> }
	no_shadow
}
cylinder {
	<27.653831, 35.490810, 36.640713>,  <27.138189, 34.989944, 36.932434>, 0.130000
	pigment { color rgbt <1,0,0,0> }
	no_shadow
}

// nucleotide -1

// particle -1
sphere {
	<27.653831, 35.490810, 36.640713> 0.250000
	pigment { color rgbt <1,0,0,0> }
	no_shadow
}
cylinder {
	<27.290028, 35.639069, 36.565434>,  <27.071745, 35.728024, 36.520267>, 0.100000
	pigment { color rgbt <1,0,0,0> }
	no_shadow
}
cylinder {
	<27.290028, 35.639069, 36.565434>,  <27.653831, 35.490810, 36.640713>, 0.100000
	pigment { color rgbt <1,0,0,0> }
	no_shadow
}

// particle -1
sphere {
	<27.290028, 35.639069, 36.565434> 0.100000
	pigment { color rgbt <1,0,0,0> }
	no_shadow
}
sphere {
	0, 1
	scale<0.080000,0.200000,0.300000>
	matrix <0.349186, 0.926857, 0.137861,
		0.225531, 0.059669, -0.972407,
		-0.909508, 0.370643, -0.188199,
		27.017176, 35.750263, 36.508972>
	pigment { color rgbt <0,1,1,0> }
	no_shadow
}
cylinder {
	<27.751936, 36.145782, 36.435261>,  <27.653831, 35.490810, 36.640713>, 0.130000
	pigment { color rgbt <1,0,0,0> }
	no_shadow
}

// nucleotide -1

// particle -1
sphere {
	<27.751936, 36.145782, 36.435261> 0.250000
	pigment { color rgbt <1,0,0,0> }
	no_shadow
}
cylinder {
	<27.361013, 36.191517, 36.506596>,  <27.126461, 36.218956, 36.549397>, 0.100000
	pigment { color rgbt <1,0,0,0> }
	no_shadow
}
cylinder {
	<27.361013, 36.191517, 36.506596>,  <27.751936, 36.145782, 36.435261>, 0.100000
	pigment { color rgbt <1,0,0,0> }
	no_shadow
}

// particle -1
sphere {
	<27.361013, 36.191517, 36.506596> 0.100000
	pigment { color rgbt <1,0,0,0> }
	no_shadow
}
sphere {
	0, 1
	scale<0.080000,0.200000,0.300000>
	matrix <0.156391, 0.957249, 0.243343,
		-0.142889, 0.265710, -0.953405,
		-0.977305, 0.114333, 0.178336,
		27.067822, 36.225819, 36.560097>
	pigment { color rgbt <0,1,1,0> }
	no_shadow
}
cylinder {
	<27.524605, 36.928978, 36.312401>,  <27.751936, 36.145782, 36.435261>, 0.130000
	pigment { color rgbt <1,0,0,0> }
	no_shadow
}

// nucleotide -1

// particle -1
sphere {
	<27.524605, 36.928978, 36.312401> 0.250000
	pigment { color rgbt <1,0,0,0> }
	no_shadow
}
cylinder {
	<27.303659, 36.724628, 36.575886>,  <27.171091, 36.602016, 36.733974>, 0.100000
	pigment { color rgbt <1,0,0,0> }
	no_shadow
}
cylinder {
	<27.303659, 36.724628, 36.575886>,  <27.524605, 36.928978, 36.312401>, 0.100000
	pigment { color rgbt <1,0,0,0> }
	no_shadow
}

// particle -1
sphere {
	<27.303659, 36.724628, 36.575886> 0.100000
	pigment { color rgbt <1,0,0,0> }
	no_shadow
}
sphere {
	0, 1
	scale<0.080000,0.200000,0.300000>
	matrix <-0.042870, 0.806559, 0.589597,
		-0.832499, 0.297434, -0.467417,
		-0.552366, -0.510876, 0.658709,
		27.137949, 36.571365, 36.773499>
	pigment { color rgbt <0,1,1,0> }
	no_shadow
}
cylinder {
	<26.997236, 37.426140, 36.409401>,  <27.524605, 36.928978, 36.312401>, 0.130000
	pigment { color rgbt <1,0,0,0> }
	no_shadow
}

// nucleotide -1

// particle -1
sphere {
	<26.997236, 37.426140, 36.409401> 0.250000
	pigment { color rgbt <1,0,0,0> }
	no_shadow
}
cylinder {
	<26.987711, 37.154396, 36.702766>,  <26.981997, 36.991348, 36.878788>, 0.100000
	pigment { color rgbt <1,0,0,0> }
	no_shadow
}
cylinder {
	<26.987711, 37.154396, 36.702766>,  <26.997236, 37.426140, 36.409401>, 0.100000
	pigment { color rgbt <1,0,0,0> }
	no_shadow
}

// particle -1
sphere {
	<26.987711, 37.154396, 36.702766> 0.100000
	pigment { color rgbt <1,0,0,0> }
	no_shadow
}
sphere {
	0, 1
	scale<0.080000,0.200000,0.300000>
	matrix <0.037246, 0.732514, 0.679732,
		-0.999022, 0.043502, 0.007861,
		-0.023811, -0.679361, 0.733418,
		26.980568, 36.950588, 36.922791>
	pigment { color rgbt <0,1,1,0> }
	no_shadow
}
cylinder {
	<26.479538, 37.726101, 37.008980>,  <26.997236, 37.426140, 36.409401>, 0.130000
	pigment { color rgbt <1,0,0,0> }
	no_shadow
}

// nucleotide -1

// particle -1
sphere {
	<26.479538, 37.726101, 37.008980> 0.250000
	pigment { color rgbt <1,0,0,0> }
	no_shadow
}
cylinder {
	<26.660603, 37.448898, 37.233421>,  <26.769241, 37.282578, 37.368088>, 0.100000
	pigment { color rgbt <1,0,0,0> }
	no_shadow
}
cylinder {
	<26.660603, 37.448898, 37.233421>,  <26.479538, 37.726101, 37.008980>, 0.100000
	pigment { color rgbt <1,0,0,0> }
	no_shadow
}

// particle -1
sphere {
	<26.660603, 37.448898, 37.233421> 0.100000
	pigment { color rgbt <1,0,0,0> }
	no_shadow
}
sphere {
	0, 1
	scale<0.080000,0.200000,0.300000>
	matrix <0.070042, 0.654958, 0.752412,
		-0.888926, -0.301288, 0.345015,
		0.452663, -0.693005, 0.561106,
		26.796402, 37.240997, 37.401752>
	pigment { color rgbt <0,1,1,0> }
	no_shadow
}
cylinder {
	<26.316393, 37.908112, 37.692215>,  <26.479538, 37.726101, 37.008980>, 0.130000
	pigment { color rgbt <1,0,0,0> }
	no_shadow
}

// nucleotide -1

// particle -1
sphere {
	<26.316393, 37.908112, 37.692215> 0.250000
	pigment { color rgbt <1,0,0,0> }
	no_shadow
}
cylinder {
	<26.636944, 37.671799, 37.729687>,  <26.829275, 37.530010, 37.752171>, 0.100000
	pigment { color rgbt <1,0,0,0> }
	no_shadow
}
cylinder {
	<26.636944, 37.671799, 37.729687>,  <26.316393, 37.908112, 37.692215>, 0.100000
	pigment { color rgbt <1,0,0,0> }
	no_shadow
}

// particle -1
sphere {
	<26.636944, 37.671799, 37.729687> 0.100000
	pigment { color rgbt <1,0,0,0> }
	no_shadow
}
sphere {
	0, 1
	scale<0.080000,0.200000,0.300000>
	matrix <0.270550, 0.497677, 0.824088,
		-0.533477, -0.635059, 0.558661,
		0.801377, -0.590778, 0.093684,
		26.877357, 37.494564, 37.757793>
	pigment { color rgbt <0,1,1,0> }
	no_shadow
}
cylinder {
	<26.349674, 37.763008, 38.415268>,  <26.316393, 37.908112, 37.692215>, 0.130000
	pigment { color rgbt <1,0,0,0> }
	no_shadow
}

// nucleotide -1

// particle -1
sphere {
	<26.349674, 37.763008, 38.415268> 0.250000
	pigment { color rgbt <1,0,0,0> }
	no_shadow
}
cylinder {
	<26.710669, 37.685352, 38.261471>,  <26.927265, 37.638760, 38.169193>, 0.100000
	pigment { color rgbt <1,0,0,0> }
	no_shadow
}
cylinder {
	<26.710669, 37.685352, 38.261471>,  <26.349674, 37.763008, 38.415268>, 0.100000
	pigment { color rgbt <1,0,0,0> }
	no_shadow
}

// particle -1
sphere {
	<26.710669, 37.685352, 38.261471> 0.100000
	pigment { color rgbt <1,0,0,0> }
	no_shadow
}
sphere {
	0, 1
	scale<0.080000,0.200000,0.300000>
	matrix <0.427322, 0.515546, 0.742704,
		0.054032, -0.834579, 0.548233,
		0.902484, -0.194142, -0.384489,
		26.981413, 37.627110, 38.146126>
	pigment { color rgbt <0,1,1,0> }
	no_shadow
}
cylinder {
	<26.747084, 37.591087, 38.935871>,  <26.349674, 37.763008, 38.415268>, 0.130000
	pigment { color rgbt <1,0,0,0> }
	no_shadow
}

// nucleotide -1

// particle -1
sphere {
	<26.747084, 37.591087, 38.935871> 0.250000
	pigment { color rgbt <1,0,0,0> }
	no_shadow
}
cylinder {
	<27.022602, 37.667583, 38.656162>,  <27.187914, 37.713482, 38.488335>, 0.100000
	pigment { color rgbt <1,0,0,0> }
	no_shadow
}
cylinder {
	<27.022602, 37.667583, 38.656162>,  <26.747084, 37.591087, 38.935871>, 0.100000
	pigment { color rgbt <1,0,0,0> }
	no_shadow
}

// particle -1
sphere {
	<27.022602, 37.667583, 38.656162> 0.100000
	pigment { color rgbt <1,0,0,0> }
	no_shadow
}
sphere {
	0, 1
	scale<0.080000,0.200000,0.300000>
	matrix <0.544764, 0.499889, 0.673308,
		0.478318, -0.844714, 0.240146,
		0.688799, 0.191232, -0.699275,
		27.229240, 37.724953, 38.446381>
	pigment { color rgbt <0,1,1,0> }
	no_shadow
}
cylinder {
	<27.407879, 37.437672, 39.230267>,  <26.747084, 37.591087, 38.935871>, 0.130000
	pigment { color rgbt <1,0,0,0> }
	no_shadow
}

// nucleotide -1

// particle -1
sphere {
	<27.407879, 37.437672, 39.230267> 0.250000
	pigment { color rgbt <1,0,0,0> }
	no_shadow
}
cylinder {
	<27.482262, 37.691544, 38.930241>,  <27.526892, 37.843868, 38.750225>, 0.100000
	pigment { color rgbt <1,0,0,0> }
	no_shadow
}
cylinder {
	<27.482262, 37.691544, 38.930241>,  <27.407879, 37.437672, 39.230267>, 0.100000
	pigment { color rgbt <1,0,0,0> }
	no_shadow
}

// particle -1
sphere {
	<27.482262, 37.691544, 38.930241> 0.100000
	pigment { color rgbt <1,0,0,0> }
	no_shadow
}
sphere {
	0, 1
	scale<0.080000,0.200000,0.300000>
	matrix <0.467198, 0.614449, 0.635751,
		0.864376, -0.468654, -0.182258,
		0.185959, 0.634678, -0.750069,
		27.538050, 37.881947, 38.705219>
	pigment { color rgbt <0,1,1,0> }
	no_shadow
}
cylinder {
	<28.049545, 37.768204, 39.361412>,  <27.407879, 37.437672, 39.230267>, 0.130000
	pigment { color rgbt <1,0,0,0> }
	no_shadow
}

// nucleotide -1

// particle -1
sphere {
	<28.049545, 37.768204, 39.361412> 0.250000
	pigment { color rgbt <1,0,0,0> }
	no_shadow
}
cylinder {
	<27.906067, 38.007740, 39.074993>,  <27.819981, 38.151463, 38.903141>, 0.100000
	pigment { color rgbt <1,0,0,0> }
	no_shadow
}
cylinder {
	<27.906067, 38.007740, 39.074993>,  <28.049545, 37.768204, 39.361412>, 0.100000
	pigment { color rgbt <1,0,0,0> }
	no_shadow
}

// particle -1
sphere {
	<27.906067, 38.007740, 39.074993> 0.100000
	pigment { color rgbt <1,0,0,0> }
	no_shadow
}
sphere {
	0, 1
	scale<0.080000,0.200000,0.300000>
	matrix <0.414080, 0.789568, 0.452901,
		0.836586, -0.134047, -0.531183,
		-0.358695, 0.598843, -0.716048,
		27.798458, 38.187393, 38.860180>
	pigment { color rgbt <0,1,1,0> }
	no_shadow
}
cylinder {
	<28.686956, 38.135059, 38.983818>,  <28.049545, 37.768204, 39.361412>, 0.130000
	pigment { color rgbt <1,0,0,0> }
	no_shadow
}

// nucleotide -1

// particle -1
sphere {
	<28.686956, 38.135059, 38.983818> 0.250000
	pigment { color rgbt <1,0,0,0> }
	no_shadow
}
cylinder {
	<28.355337, 38.356441, 38.951885>,  <28.156366, 38.489269, 38.932724>, 0.100000
	pigment { color rgbt <1,0,0,0> }
	no_shadow
}
cylinder {
	<28.355337, 38.356441, 38.951885>,  <28.686956, 38.135059, 38.983818>, 0.100000
	pigment { color rgbt <1,0,0,0> }
	no_shadow
}

// particle -1
sphere {
	<28.355337, 38.356441, 38.951885> 0.100000
	pigment { color rgbt <1,0,0,0> }
	no_shadow
}
sphere {
	0, 1
	scale<0.080000,0.200000,0.300000>
	matrix <0.491684, 0.789507, 0.367323,
		0.266322, 0.265276, -0.926661,
		-0.829047, 0.553451, -0.079831,
		28.106623, 38.522476, 38.927937>
	pigment { color rgbt <0,1,1,0> }
	no_shadow
}
cylinder {
	<28.964540, 38.694897, 38.594238>,  <28.686956, 38.135059, 38.983818>, 0.130000
	pigment { color rgbt <1,0,0,0> }
	no_shadow
}

// nucleotide -1

// particle -1
sphere {
	<28.964540, 38.694897, 38.594238> 0.250000
	pigment { color rgbt <1,0,0,0> }
	no_shadow
}
cylinder {
	<28.622778, 38.789135, 38.779488>,  <28.417721, 38.845680, 38.890636>, 0.100000
	pigment { color rgbt <1,0,0,0> }
	no_shadow
}
cylinder {
	<28.622778, 38.789135, 38.779488>,  <28.964540, 38.694897, 38.594238>, 0.100000
	pigment { color rgbt <1,0,0,0> }
	no_shadow
}

// particle -1
sphere {
	<28.622778, 38.789135, 38.779488> 0.100000
	pigment { color rgbt <1,0,0,0> }
	no_shadow
}
sphere {
	0, 1
	scale<0.080000,0.200000,0.300000>
	matrix <0.400309, 0.866707, 0.297611,
		-0.331279, 0.439674, -0.834830,
		-0.854404, 0.235598, 0.463128,
		28.366457, 38.859814, 38.918427>
	pigment { color rgbt <0,1,1,0> }
	no_shadow
}
cylinder {
	<28.845312, 39.319355, 38.383411>,  <28.964540, 38.694897, 38.594238>, 0.130000
	pigment { color rgbt <1,0,0,0> }
	no_shadow
}

// nucleotide -1

// particle -1
sphere {
	<28.845312, 39.319355, 38.383411> 0.250000
	pigment { color rgbt <1,0,0,0> }
	no_shadow
}
cylinder {
	<28.633968, 39.280331, 38.720768>,  <28.507162, 39.256916, 38.923183>, 0.100000
	pigment { color rgbt <1,0,0,0> }
	no_shadow
}
cylinder {
	<28.633968, 39.280331, 38.720768>,  <28.845312, 39.319355, 38.383411>, 0.100000
	pigment { color rgbt <1,0,0,0> }
	no_shadow
}

// particle -1
sphere {
	<28.633968, 39.280331, 38.720768> 0.100000
	pigment { color rgbt <1,0,0,0> }
	no_shadow
}
sphere {
	0, 1
	scale<0.080000,0.200000,0.300000>
	matrix <0.365963, 0.870185, 0.329925,
		-0.766098, 0.482971, -0.424068,
		-0.528361, -0.097561, 0.843396,
		28.475460, 39.251060, 38.973785>
	pigment { color rgbt <0,1,1,0> }
	no_shadow
}
cylinder {
	<28.702169, 39.946148, 38.494324>,  <28.845312, 39.319355, 38.383411>, 0.130000
	pigment { color rgbt <1,0,0,0> }
	no_shadow
}

// nucleotide -1

// particle -1
sphere {
	<28.702169, 39.946148, 38.494324> 0.250000
	pigment { color rgbt <1,0,0,0> }
	no_shadow
}
cylinder {
	<28.625727, 39.774704, 38.847542>,  <28.579861, 39.671837, 39.059475>, 0.100000
	pigment { color rgbt <1,0,0,0> }
	no_shadow
}
cylinder {
	<28.625727, 39.774704, 38.847542>,  <28.702169, 39.946148, 38.494324>, 0.100000
	pigment { color rgbt <1,0,0,0> }
	no_shadow
}

// particle -1
sphere {
	<28.625727, 39.774704, 38.847542> 0.100000
	pigment { color rgbt <1,0,0,0> }
	no_shadow
}
sphere {
	0, 1
	scale<0.080000,0.200000,0.300000>
	matrix <0.318585, 0.823842, 0.468816,
		-0.928430, 0.370919, -0.020893,
		-0.191105, -0.428606, 0.883049,
		28.568396, 39.646122, 39.112457>
	pigment { color rgbt <0,1,1,0> }
	no_shadow
}
cylinder {
	<28.429663, 40.521381, 38.905888>,  <28.702169, 39.946148, 38.494324>, 0.130000
	pigment { color rgbt <1,0,0,0> }
	no_shadow
}

// nucleotide -1

// particle -1
sphere {
	<28.429663, 40.521381, 38.905888> 0.250000
	pigment { color rgbt <1,0,0,0> }
	no_shadow
}
cylinder {
	<28.546286, 40.231319, 39.155411>,  <28.616261, 40.057281, 39.305126>, 0.100000
	pigment { color rgbt <1,0,0,0> }
	no_shadow
}
cylinder {
	<28.546286, 40.231319, 39.155411>,  <28.429663, 40.521381, 38.905888>, 0.100000
	pigment { color rgbt <1,0,0,0> }
	no_shadow
}

// particle -1
sphere {
	<28.546286, 40.231319, 39.155411> 0.100000
	pigment { color rgbt <1,0,0,0> }
	no_shadow
}
sphere {
	0, 1
	scale<0.080000,0.200000,0.300000>
	matrix <0.471220, 0.676408, 0.566059,
		-0.832433, 0.128913, 0.538921,
		0.291558, -0.725157, 0.623812,
		28.633753, 40.013771, 39.342556>
	pigment { color rgbt <0,1,1,0> }
	no_shadow
}
cylinder {
	<28.281336, 40.702614, 39.512150>,  <28.429663, 40.521381, 38.905888>, 0.130000
	pigment { color rgbt <1,0,0,0> }
	no_shadow
}

// nucleotide -1

// particle -1
sphere {
	<28.281336, 40.702614, 39.512150> 0.250000
	pigment { color rgbt <1,0,0,0> }
	no_shadow
}
cylinder {
	<28.570433, 40.432159, 39.569393>,  <28.743891, 40.269886, 39.603741>, 0.100000
	pigment { color rgbt <1,0,0,0> }
	no_shadow
}
cylinder {
	<28.570433, 40.432159, 39.569393>,  <28.281336, 40.702614, 39.512150>, 0.100000
	pigment { color rgbt <1,0,0,0> }
	no_shadow
}

// particle -1
sphere {
	<28.570433, 40.432159, 39.569393> 0.100000
	pigment { color rgbt <1,0,0,0> }
	no_shadow
}
sphere {
	0, 1
	scale<0.080000,0.200000,0.300000>
	matrix <0.391077, 0.570839, 0.721943,
		-0.569826, -0.465812, 0.676992,
		0.722743, -0.676138, 0.143111,
		28.787256, 40.229317, 39.612328>
	pigment { color rgbt <0,1,1,0> }
	no_shadow
}
cylinder {
	<28.332838, 40.480461, 40.301315>,  <28.281336, 40.702614, 39.512150>, 0.130000
	pigment { color rgbt <1,0,0,0> }
	no_shadow
}

// nucleotide -1

// particle -1
sphere {
	<28.332838, 40.480461, 40.301315> 0.250000
	pigment { color rgbt <1,0,0,0> }
	no_shadow
}
cylinder {
	<28.656971, 40.462116, 40.067646>,  <28.851452, 40.451111, 39.927444>, 0.100000
	pigment { color rgbt <1,0,0,0> }
	no_shadow
}
cylinder {
	<28.656971, 40.462116, 40.067646>,  <28.332838, 40.480461, 40.301315>, 0.100000
	pigment { color rgbt <1,0,0,0> }
	no_shadow
}

// particle -1
sphere {
	<28.656971, 40.462116, 40.067646> 0.100000
	pigment { color rgbt <1,0,0,0> }
	no_shadow
}
sphere {
	0, 1
	scale<0.080000,0.200000,0.300000>
	matrix <0.442071, 0.702216, 0.558091,
		0.384619, -0.710485, 0.589304,
		0.810334, -0.045862, -0.584171,
		28.900072, 40.448357, 39.892395>
	pigment { color rgbt <0,1,1,0> }
	no_shadow
}
cylinder {
	<28.992388, 40.321060, 40.678501>,  <28.332838, 40.480461, 40.301315>, 0.130000
	pigment { color rgbt <1,0,0,0> }
	no_shadow
}

// nucleotide -1

// particle -1
sphere {
	<28.992388, 40.321060, 40.678501> 0.250000
	pigment { color rgbt <1,0,0,0> }
	no_shadow
}
cylinder {
	<29.074720, 40.547512, 40.359219>,  <29.124121, 40.683384, 40.167648>, 0.100000
	pigment { color rgbt <1,0,0,0> }
	no_shadow
}
cylinder {
	<29.074720, 40.547512, 40.359219>,  <28.992388, 40.321060, 40.678501>, 0.100000
	pigment { color rgbt <1,0,0,0> }
	no_shadow
}

// particle -1
sphere {
	<29.074720, 40.547512, 40.359219> 0.100000
	pigment { color rgbt <1,0,0,0> }
	no_shadow
}
sphere {
	0, 1
	scale<0.080000,0.200000,0.300000>
	matrix <0.315825, 0.733592, 0.601745,
		0.926222, -0.375952, -0.027801,
		0.205832, 0.566130, -0.798204,
		29.136471, 40.717350, 40.119759>
	pigment { color rgbt <0,1,1,0> }
	no_shadow
}
cylinder {
	<29.627594, 40.661110, 40.704926>,  <28.992388, 40.321060, 40.678501>, 0.130000
	pigment { color rgbt <1,0,0,0> }
	no_shadow
}

// nucleotide -1

// particle -1
sphere {
	<29.627594, 40.661110, 40.704926> 0.250000
	pigment { color rgbt <1,0,0,0> }
	no_shadow
}
cylinder {
	<29.343143, 40.845268, 40.492386>,  <29.172474, 40.955765, 40.364864>, 0.100000
	pigment { color rgbt <1,0,0,0> }
	no_shadow
}
cylinder {
	<29.343143, 40.845268, 40.492386>,  <29.627594, 40.661110, 40.704926>, 0.100000
	pigment { color rgbt <1,0,0,0> }
	no_shadow
}

// particle -1
sphere {
	<29.343143, 40.845268, 40.492386> 0.100000
	pigment { color rgbt <1,0,0,0> }
	no_shadow
}
sphere {
	0, 1
	scale<0.080000,0.200000,0.300000>
	matrix <0.053816, 0.789188, 0.611789,
		0.701001, 0.406464, -0.585990,
		-0.711127, 0.460401, -0.531347,
		29.129805, 40.983387, 40.332981>
	pigment { color rgbt <0,1,1,0> }
	no_shadow
}
cylinder {
	<30.250893, 40.448017, 40.342484>,  <29.627594, 40.661110, 40.704926>, 0.130000
	pigment { color rgbt <1,0,0,0> }
	no_shadow
}

// nucleotide -1

// particle -1
sphere {
	<30.250893, 40.448017, 40.342484> 0.250000
	pigment { color rgbt <1,0,0,0> }
	no_shadow
}
cylinder {
	<30.596867, 40.597713, 40.476250>,  <30.804451, 40.687531, 40.556507>, 0.100000
	pigment { color rgbt <1,0,0,0> }
	no_shadow
}
cylinder {
	<30.596867, 40.597713, 40.476250>,  <30.250893, 40.448017, 40.342484>, 0.100000
	pigment { color rgbt <1,0,0,0> }
	no_shadow
}

// particle -1
sphere {
	<30.596867, 40.597713, 40.476250> 0.100000
	pigment { color rgbt <1,0,0,0> }
	no_shadow
}
sphere {
	0, 1
	scale<0.080000,0.200000,0.300000>
	matrix <0.122388, 0.488915, -0.863703,
		-0.486735, 0.787974, 0.377076,
		0.864933, 0.374245, 0.334411,
		30.856346, 40.709988, 40.576572>
	pigment { color rgbt <0,1,1,0> }
	no_shadow
}
cylinder {
	<30.270597, 41.160225, 40.056961>,  <30.250893, 40.448017, 40.342484>, 0.130000
	pigment { color rgbt <1,0,0,0> }
	no_shadow
}

// nucleotide -1

// particle -1
sphere {
	<30.270597, 41.160225, 40.056961> 0.250000
	pigment { color rgbt <1,0,0,0> }
	no_shadow
}
cylinder {
	<30.638474, 41.025536, 40.137749>,  <30.859200, 40.944721, 40.186222>, 0.100000
	pigment { color rgbt <1,0,0,0> }
	no_shadow
}
cylinder {
	<30.638474, 41.025536, 40.137749>,  <30.270597, 41.160225, 40.056961>, 0.100000
	pigment { color rgbt <1,0,0,0> }
	no_shadow
}

// particle -1
sphere {
	<30.638474, 41.025536, 40.137749> 0.100000
	pigment { color rgbt <1,0,0,0> }
	no_shadow
}
sphere {
	0, 1
	scale<0.080000,0.200000,0.300000>
	matrix <0.287985, 0.228817, -0.929896,
		0.266904, 0.913378, 0.307412,
		0.919688, -0.336723, 0.201967,
		30.914379, 40.924519, 40.198338>
	pigment { color rgbt <0,1,1,0> }
	no_shadow
}
cylinder {
	<30.730822, 41.721085, 39.847641>,  <30.270597, 41.160225, 40.056961>, 0.130000
	pigment { color rgbt <1,0,0,0> }
	no_shadow
}

// nucleotide -1

// particle -1
sphere {
	<30.730822, 41.721085, 39.847641> 0.250000
	pigment { color rgbt <1,0,0,0> }
	no_shadow
}
cylinder {
	<30.861483, 41.343994, 39.820621>,  <30.939878, 41.117741, 39.804409>, 0.100000
	pigment { color rgbt <1,0,0,0> }
	no_shadow
}
cylinder {
	<30.861483, 41.343994, 39.820621>,  <30.730822, 41.721085, 39.847641>, 0.100000
	pigment { color rgbt <1,0,0,0> }
	no_shadow
}

// particle -1
sphere {
	<30.861483, 41.343994, 39.820621> 0.100000
	pigment { color rgbt <1,0,0,0> }
	no_shadow
}
sphere {
	0, 1
	scale<0.080000,0.200000,0.300000>
	matrix <0.265094, 0.159988, -0.950857,
		0.907207, 0.292690, 0.302172,
		0.326651, -0.942728, -0.067552,
		30.959478, 41.061176, 39.800354>
	pigment { color rgbt <0,1,1,0> }
	no_shadow
}
cylinder {
	<31.356848, 41.786682, 39.558781>,  <30.730822, 41.721085, 39.847641>, 0.130000
	pigment { color rgbt <1,0,0,0> }
	no_shadow
}

// nucleotide -1

// particle -1
sphere {
	<31.356848, 41.786682, 39.558781> 0.250000
	pigment { color rgbt <1,0,0,0> }
	no_shadow
}
cylinder {
	<31.185465, 41.439507, 39.458294>,  <31.082636, 41.231201, 39.398003>, 0.100000
	pigment { color rgbt <1,0,0,0> }
	no_shadow
}
cylinder {
	<31.185465, 41.439507, 39.458294>,  <31.356848, 41.786682, 39.558781>, 0.100000
	pigment { color rgbt <1,0,0,0> }
	no_shadow
}

// particle -1
sphere {
	<31.185465, 41.439507, 39.458294> 0.100000
	pigment { color rgbt <1,0,0,0> }
	no_shadow
}
sphere {
	0, 1
	scale<0.080000,0.200000,0.300000>
	matrix <0.280424, 0.136568, -0.950111,
		0.858945, -0.477529, 0.184877,
		-0.428458, -0.867937, -0.251215,
		31.056927, 41.179127, 39.382931>
	pigment { color rgbt <0,1,1,0> }
	no_shadow
}
cylinder {
	<31.805952, 41.287636, 39.195408>,  <31.356848, 41.786682, 39.558781>, 0.130000
	pigment { color rgbt <1,0,0,0> }
	no_shadow
}

// nucleotide -1

// particle -1
sphere {
	<31.805952, 41.287636, 39.195408> 0.250000
	pigment { color rgbt <1,0,0,0> }
	no_shadow
}
cylinder {
	<31.441402, 41.213150, 39.048592>,  <31.222672, 41.168461, 38.960503>, 0.100000
	pigment { color rgbt <1,0,0,0> }
	no_shadow
}
cylinder {
	<31.441402, 41.213150, 39.048592>,  <31.805952, 41.287636, 39.195408>, 0.100000
	pigment { color rgbt <1,0,0,0> }
	no_shadow
}

// particle -1
sphere {
	<31.441402, 41.213150, 39.048592> 0.100000
	pigment { color rgbt <1,0,0,0> }
	no_shadow
}
sphere {
	0, 1
	scale<0.080000,0.200000,0.300000>
	matrix <0.356160, 0.090103, -0.930071,
		0.206262, -0.978369, -0.015797,
		-0.911376, -0.186212, -0.367040,
		31.167990, 41.157288, 38.938480>
	pigment { color rgbt <0,1,1,0> }
	no_shadow
}
cylinder {
	<31.850859, 40.841873, 38.539257>,  <31.805952, 41.287636, 39.195408>, 0.130000
	pigment { color rgbt <1,0,0,0> }
	no_shadow
}

// nucleotide -1

// particle -1
sphere {
	<31.850859, 40.841873, 38.539257> 0.250000
	pigment { color rgbt <1,0,0,0> }
	no_shadow
}
cylinder {
	<31.532642, 41.082848, 38.565132>,  <31.341713, 41.227432, 38.580658>, 0.100000
	pigment { color rgbt <1,0,0,0> }
	no_shadow
}
cylinder {
	<31.532642, 41.082848, 38.565132>,  <31.850859, 40.841873, 38.539257>, 0.100000
	pigment { color rgbt <1,0,0,0> }
	no_shadow
}

// particle -1
sphere {
	<31.532642, 41.082848, 38.565132> 0.100000
	pigment { color rgbt <1,0,0,0> }
	no_shadow
}
sphere {
	0, 1
	scale<0.080000,0.200000,0.300000>
	matrix <0.150296, 0.299634, -0.942142,
		-0.586962, -0.739791, -0.328915,
		-0.795542, 0.602436, 0.064686,
		31.293980, 41.263577, 38.584538>
	pigment { color rgbt <0,1,1,0> }
	no_shadow
}
cylinder {
	<32.293003, 41.431641, 38.448586>,  <31.850859, 40.841873, 38.539257>, 0.130000
	pigment { color rgbt <1,0,0,0> }
	no_shadow
}

// nucleotide -1

// particle -1
sphere {
	<32.293003, 41.431641, 38.448586> 0.250000
	pigment { color rgbt <1,0,0,0> }
	no_shadow
}
cylinder {
	<32.587559, 41.271057, 38.666416>,  <32.764294, 41.174706, 38.797115>, 0.100000
	pigment { color rgbt <1,0,0,0> }
	no_shadow
}
cylinder {
	<32.587559, 41.271057, 38.666416>,  <32.293003, 41.431641, 38.448586>, 0.100000
	pigment { color rgbt <1,0,0,0> }
	no_shadow
}

// particle -1
sphere {
	<32.587559, 41.271057, 38.666416> 0.100000
	pigment { color rgbt <1,0,0,0> }
	no_shadow
}
sphere {
	0, 1
	scale<0.080000,0.200000,0.300000>
	matrix <-0.229201, -0.905355, -0.357491,
		0.636552, 0.138435, -0.758708,
		0.736389, -0.401458, 0.544576,
		32.808475, 41.150620, 38.829788>
	pigment { color rgbt <0,1,1,0> }
	no_shadow
}
cylinder {
	<32.730091, 41.068703, 38.008415>,  <32.293003, 41.431641, 38.448586>, 0.130000
	pigment { color rgbt <1,0,0,0> }
	no_shadow
}

// nucleotide -1

// particle -1
sphere {
	<32.730091, 41.068703, 38.008415> 0.250000
	pigment { color rgbt <1,0,0,0> }
	no_shadow
}
cylinder {
	<32.730045, 40.935970, 38.385750>,  <32.730019, 40.856331, 38.612152>, 0.100000
	pigment { color rgbt <1,0,0,0> }
	no_shadow
}
cylinder {
	<32.730045, 40.935970, 38.385750>,  <32.730091, 41.068703, 38.008415>, 0.100000
	pigment { color rgbt <1,0,0,0> }
	no_shadow
}

// particle -1
sphere {
	<32.730045, 40.935970, 38.385750> 0.100000
	pigment { color rgbt <1,0,0,0> }
	no_shadow
}
sphere {
	0, 1
	scale<0.080000,0.200000,0.300000>
	matrix <-0.216319, -0.920994, -0.323999,
		0.976323, -0.204100, -0.071674,
		-0.000117, -0.331832, 0.943338,
		32.730011, 40.836422, 38.668751>
	pigment { color rgbt <0,1,1,0> }
	no_shadow
}
cylinder {
	<33.280270, 40.388130, 38.229626>,  <32.730091, 41.068703, 38.008415>, 0.130000
	pigment { color rgbt <1,0,0,0> }
	no_shadow
}

// nucleotide -1

// particle -1
sphere {
	<33.280270, 40.388130, 38.229626> 0.250000
	pigment { color rgbt <1,0,0,0> }
	no_shadow
}
cylinder {
	<32.921520, 40.413860, 38.404663>,  <32.706272, 40.429298, 38.509686>, 0.100000
	pigment { color rgbt <1,0,0,0> }
	no_shadow
}
cylinder {
	<32.921520, 40.413860, 38.404663>,  <33.280270, 40.388130, 38.229626>, 0.100000
	pigment { color rgbt <1,0,0,0> }
	no_shadow
}

// particle -1
sphere {
	<32.921520, 40.413860, 38.404663> 0.100000
	pigment { color rgbt <1,0,0,0> }
	no_shadow
}
sphere {
	0, 1
	scale<0.080000,0.200000,0.300000>
	matrix <-0.235566, -0.906836, -0.349511,
		0.374344, -0.416548, 0.828465,
		-0.896870, 0.064321, 0.437593,
		32.652458, 40.433155, 38.535942>
	pigment { color rgbt <0,1,1,0> }
	no_shadow
}
cylinder {
	<33.144093, 39.826317, 38.658279>,  <33.280270, 40.388130, 38.229626>, 0.130000
	pigment { color rgbt <1,0,0,0> }
	no_shadow
}

// nucleotide -1

// particle -1
sphere {
	<33.144093, 39.826317, 38.658279> 0.250000
	pigment { color rgbt <1,0,0,0> }
	no_shadow
}
cylinder {
	<32.770535, 39.948780, 38.584408>,  <32.546398, 40.022259, 38.540085>, 0.100000
	pigment { color rgbt <1,0,0,0> }
	no_shadow
}
cylinder {
	<32.770535, 39.948780, 38.584408>,  <33.144093, 39.826317, 38.658279>, 0.100000
	pigment { color rgbt <1,0,0,0> }
	no_shadow
}

// particle -1
sphere {
	<32.770535, 39.948780, 38.584408> 0.100000
	pigment { color rgbt <1,0,0,0> }
	no_shadow
}
sphere {
	0, 1
	scale<0.080000,0.200000,0.300000>
	matrix <-0.248146, -0.926860, -0.281699,
		-0.257413, -0.217251, 0.941563,
		-0.933896, 0.306159, -0.184676,
		32.490364, 40.040627, 38.529003>
	pigment { color rgbt <0,1,1,0> }
	no_shadow
}
cylinder {
	<32.825974, 39.264927, 38.890244>,  <33.144093, 39.826317, 38.658279>, 0.130000
	pigment { color rgbt <1,0,0,0> }
	no_shadow
}

// nucleotide -1

// particle -1
sphere {
	<32.825974, 39.264927, 38.890244> 0.250000
	pigment { color rgbt <1,0,0,0> }
	no_shadow
}
cylinder {
	<32.581028, 39.474438, 38.653374>,  <32.434059, 39.600143, 38.511253>, 0.100000
	pigment { color rgbt <1,0,0,0> }
	no_shadow
}
cylinder {
	<32.581028, 39.474438, 38.653374>,  <32.825974, 39.264927, 38.890244>, 0.100000
	pigment { color rgbt <1,0,0,0> }
	no_shadow
}

// particle -1
sphere {
	<32.581028, 39.474438, 38.653374> 0.100000
	pigment { color rgbt <1,0,0,0> }
	no_shadow
}
sphere {
	0, 1
	scale<0.080000,0.200000,0.300000>
	matrix <-0.299044, -0.846851, -0.439792,
		-0.731834, -0.092227, 0.675213,
		-0.612366, 0.523773, -0.592174,
		32.397320, 39.631569, 38.475719>
	pigment { color rgbt <0,1,1,0> }
	no_shadow
}
cylinder {
	<32.110798, 39.004143, 38.990902>,  <32.825974, 39.264927, 38.890244>, 0.130000
	pigment { color rgbt <1,0,0,0> }
	no_shadow
}

// nucleotide -1

// particle -1
sphere {
	<32.110798, 39.004143, 38.990902> 0.250000
	pigment { color rgbt <1,0,0,0> }
	no_shadow
}
cylinder {
	<32.108292, 39.191013, 38.637245>,  <32.106789, 39.303135, 38.425053>, 0.100000
	pigment { color rgbt <1,0,0,0> }
	no_shadow
}
cylinder {
	<32.108292, 39.191013, 38.637245>,  <32.110798, 39.004143, 38.990902>, 0.100000
	pigment { color rgbt <1,0,0,0> }
	no_shadow
}

// particle -1
sphere {
	<32.108292, 39.191013, 38.637245> 0.100000
	pigment { color rgbt <1,0,0,0> }
	no_shadow
}
sphere {
	0, 1
	scale<0.080000,0.200000,0.300000>
	matrix <-0.514883, -0.759458, -0.397642,
		-0.857238, 0.452738, 0.245299,
		-0.006266, 0.467174, -0.884143,
		32.106411, 39.331165, 38.372002>
	pigment { color rgbt <0,1,1,0> }
	no_shadow
}
cylinder {
	<31.458950, 38.936256, 38.772228>,  <32.110798, 39.004143, 38.990902>, 0.130000
	pigment { color rgbt <1,0,0,0> }
	no_shadow
}

// nucleotide -1

// particle -1
sphere {
	<31.458950, 38.936256, 38.772228> 0.250000
	pigment { color rgbt <1,0,0,0> }
	no_shadow
}
cylinder {
	<31.664141, 38.999996, 38.434837>,  <31.787256, 39.038239, 38.232403>, 0.100000
	pigment { color rgbt <1,0,0,0> }
	no_shadow
}
cylinder {
	<31.664141, 38.999996, 38.434837>,  <31.458950, 38.936256, 38.772228>, 0.100000
	pigment { color rgbt <1,0,0,0> }
	no_shadow
}

// particle -1
sphere {
	<31.664141, 38.999996, 38.434837> 0.100000
	pigment { color rgbt <1,0,0,0> }
	no_shadow
}
sphere {
	0, 1
	scale<0.080000,0.200000,0.300000>
	matrix <-0.425878, -0.805914, -0.411254,
		-0.745306, 0.570185, -0.345555,
		0.512979, 0.159345, -0.843482,
		31.818035, 39.047798, 38.181793>
	pigment { color rgbt <0,1,1,0> }
	no_shadow
}
cylinder {
	<30.976973, 38.735886, 38.351727>,  <31.458950, 38.936256, 38.772228>, 0.130000
	pigment { color rgbt <1,0,0,0> }
	no_shadow
}

// nucleotide -1

// particle -1
sphere {
	<30.976973, 38.735886, 38.351727> 0.250000
	pigment { color rgbt <1,0,0,0> }
	no_shadow
}
cylinder {
	<31.307209, 38.743362, 38.126141>,  <31.505350, 38.747849, 37.990791>, 0.100000
	pigment { color rgbt <1,0,0,0> }
	no_shadow
}
cylinder {
	<31.307209, 38.743362, 38.126141>,  <30.976973, 38.735886, 38.351727>, 0.100000
	pigment { color rgbt <1,0,0,0> }
	no_shadow
}

// particle -1
sphere {
	<31.307209, 38.743362, 38.126141> 0.100000
	pigment { color rgbt <1,0,0,0> }
	no_shadow
}
sphere {
	0, 1
	scale<0.080000,0.200000,0.300000>
	matrix <-0.316908, -0.811575, -0.490831,
		-0.466873, 0.583949, -0.664103,
		0.825590, 0.018696, -0.563961,
		31.554886, 38.748970, 37.956951>
	pigment { color rgbt <0,1,1,0> }
	no_shadow
}
cylinder {
	<30.723177, 38.850418, 37.693844>,  <30.976973, 38.735886, 38.351727>, 0.130000
	pigment { color rgbt <1,0,0,0> }
	no_shadow
}

// nucleotide -1

// particle -1
sphere {
	<30.723177, 38.850418, 37.693844> 0.250000
	pigment { color rgbt <1,0,0,0> }
	no_shadow
}
cylinder {
	<31.082226, 38.687424, 37.626633>,  <31.297655, 38.589626, 37.586308>, 0.100000
	pigment { color rgbt <1,0,0,0> }
	no_shadow
}
cylinder {
	<31.082226, 38.687424, 37.626633>,  <30.723177, 38.850418, 37.693844>, 0.100000
	pigment { color rgbt <1,0,0,0> }
	no_shadow
}

// particle -1
sphere {
	<31.082226, 38.687424, 37.626633> 0.100000
	pigment { color rgbt <1,0,0,0> }
	no_shadow
}
sphere {
	0, 1
	scale<0.080000,0.200000,0.300000>
	matrix <-0.415736, -0.656068, -0.629871,
