// switches for output
#declare DRAW_BASES = 1; // possible values are 0, 1; only relevant for DNA ribbons
#declare DRAW_BASES_TYPE = 3; // possible values are 1, 2, 3; only relevant for DNA ribbons
#declare DRAW_FOG = 0; // set to 1 to enable fog

#include "colors.inc"

#include "transforms.inc"
background { rgb <1, 1, 1>}

#default {
   normal{
       ripples 0.25
       frequency 0.20
       turbulence 0.2
       lambda 5
   }
	finish {
		phong 0.1
		phong_size 40.
	}
}

// original window dimensions: 1024x640


// camera settings

camera {
	sky <0, 0.179814, -0.983701>
	up <0, 0.179814, -0.983701>
	right 1.6 * <1, 0, 0>
	location <35, 94.9851, 44.8844>
	look_at <35, 29.7336, 32.9568>
	direction <0, -65.2515, -11.9276>
	angle 67.0682
}


# declare cpy_camera_pos = <35, 94.9851, 44.8844>;
# if (DRAW_FOG = 1)
fog {
	fog_type 2
	up vnormalize(cpy_camera_pos)
	color rgbt<1,1,1,0.3>
	distance 1e-5
	fog_alt 3e-3
	fog_offset 56
}
# end


// LIGHTS

# declare lum = 6;
global_settings {
	ambient_light rgb lum * <0.05, 0.05, 0.05>
	max_trace_level 15
}# declare cpy_direct_light_amount = 0.25;
light_source
{	1000 * <-1, -1.16352, -0.803886>,
	rgb lum * cpy_direct_light_amount
	parallel
}

light_source
{	1000 * <1, 1.16352, 0.803886>,
	rgb lum * cpy_direct_light_amount
	parallel
}

// strand 0

// nucleotide -1

// particle -1
sphere {
	<24.189537, 35.107784, 35.207428> 0.250000
	pigment { color rgbt <1,0,0,0> }
	no_shadow
}
cylinder {
	<24.440233, 34.868267, 35.007969>,  <24.590651, 34.724556, 34.888294>, 0.100000
	pigment { color rgbt <1,0,0,0> }
	no_shadow
}
cylinder {
	<24.440233, 34.868267, 35.007969>,  <24.189537, 35.107784, 35.207428>, 0.100000
	pigment { color rgbt <1,0,0,0> }
	no_shadow
}

// particle -1
sphere {
	<24.440233, 34.868267, 35.007969> 0.100000
	pigment { color rgbt <1,0,0,0> }
	no_shadow
}
sphere {
	0, 1
	scale<0.080000,0.200000,0.300000>
	matrix <0.332126, -0.373613, 0.866087,
		-0.704905, -0.708424, -0.035284,
		0.626739, -0.598790, -0.498647,
		24.628256, 34.688629, 34.858376>
	pigment { color rgbt <0,1,1,0> }
	no_shadow
}
cylinder {
	<24.171110, 34.397564, 35.404072>,  <24.189537, 35.107784, 35.207428>, 0.130000
	pigment { color rgbt <1,0,0,0> }
	no_shadow
}

// nucleotide -1

// particle -1
sphere {
	<24.171110, 34.397564, 35.404072> 0.250000
	pigment { color rgbt <1,0,0,0> }
	no_shadow
}
cylinder {
	<24.539753, 34.474201, 35.269058>,  <24.760939, 34.520184, 35.188049>, 0.100000
	pigment { color rgbt <1,0,0,0> }
	no_shadow
}
cylinder {
	<24.539753, 34.474201, 35.269058>,  <24.171110, 34.397564, 35.404072>, 0.100000
	pigment { color rgbt <1,0,0,0> }
	no_shadow
}

// particle -1
sphere {
	<24.539753, 34.474201, 35.269058> 0.100000
	pigment { color rgbt <1,0,0,0> }
	no_shadow
}
sphere {
	0, 1
	scale<0.080000,0.200000,0.300000>
	matrix <0.371338, -0.182288, 0.910428,
		0.112900, -0.964399, -0.239143,
		0.921608, 0.191590, -0.337537,
		24.816235, 34.531677, 35.167797>
	pigment { color rgbt <0,1,1,0> }
	no_shadow
}
cylinder {
	<24.694706, 33.775875, 35.676807>,  <24.171110, 34.397564, 35.404072>, 0.130000
	pigment { color rgbt <1,0,0,0> }
	no_shadow
}

// nucleotide -1

// particle -1
sphere {
	<24.694706, 33.775875, 35.676807> 0.250000
	pigment { color rgbt <1,0,0,0> }
	no_shadow
}
cylinder {
	<24.866045, 34.125999, 35.587059>,  <24.968849, 34.336075, 35.533211>, 0.100000
	pigment { color rgbt <1,0,0,0> }
	no_shadow
}
cylinder {
	<24.866045, 34.125999, 35.587059>,  <24.694706, 33.775875, 35.676807>, 0.100000
	pigment { color rgbt <1,0,0,0> }
	no_shadow
}

// particle -1
sphere {
	<24.866045, 34.125999, 35.587059> 0.100000
	pigment { color rgbt <1,0,0,0> }
	no_shadow
}
sphere {
	0, 1
	scale<0.080000,0.200000,0.300000>
	matrix <0.496607, -0.020593, 0.867731,
		0.754917, -0.483115, -0.443508,
		0.428347, 0.875314, -0.224373,
		24.994549, 34.388596, 35.519749>
	pigment { color rgbt <0,1,1,0> }
	no_shadow
}
cylinder {
	<25.439396, 33.705193, 35.620712>,  <24.694706, 33.775875, 35.676807>, 0.130000
	pigment { color rgbt <1,0,0,0> }
	no_shadow
}

// nucleotide -1

// particle -1
sphere {
	<25.439396, 33.705193, 35.620712> 0.250000
	pigment { color rgbt <1,0,0,0> }
	no_shadow
}
cylinder {
	<25.318180, 34.070499, 35.729607>,  <25.245451, 34.289684, 35.794941>, 0.100000
	pigment { color rgbt <1,0,0,0> }
	no_shadow
}
cylinder {
	<25.318180, 34.070499, 35.729607>,  <25.439396, 33.705193, 35.620712>, 0.100000
	pigment { color rgbt <1,0,0,0> }
	no_shadow
}

// particle -1
sphere {
	<25.318180, 34.070499, 35.729607> 0.100000
	pigment { color rgbt <1,0,0,0> }
	no_shadow
}
sphere {
	0, 1
	scale<0.080000,0.200000,0.300000>
	matrix <0.457906, -0.110984, 0.882046,
		0.835757, 0.391951, -0.384558,
		-0.303039, 0.913267, 0.272232,
		25.227268, 34.344479, 35.811275>
	pigment { color rgbt <0,1,1,0> }
	no_shadow
}
cylinder {
	<25.850525, 33.797348, 36.191296>,  <25.439396, 33.705193, 35.620712>, 0.130000
	pigment { color rgbt <1,0,0,0> }
	no_shadow
}

// nucleotide -1

// particle -1
sphere {
	<25.850525, 33.797348, 36.191296> 0.250000
	pigment { color rgbt <1,0,0,0> }
	no_shadow
}
cylinder {
	<25.556515, 34.068542, 36.194645>,  <25.380110, 34.231258, 36.196655>, 0.100000
	pigment { color rgbt <1,0,0,0> }
	no_shadow
}
cylinder {
	<25.556515, 34.068542, 36.194645>,  <25.850525, 33.797348, 36.191296>, 0.100000
	pigment { color rgbt <1,0,0,0> }
	no_shadow
}

// particle -1
sphere {
	<25.556515, 34.068542, 36.194645> 0.100000
	pigment { color rgbt <1,0,0,0> }
	no_shadow
}
sphere {
	0, 1
	scale<0.080000,0.200000,0.300000>
	matrix <0.073818, 0.067746, 0.994968,
		0.674012, 0.731942, -0.099843,
		-0.735023, 0.677990, 0.008369,
		25.336008, 34.271938, 36.197155>
	pigment { color rgbt <0,1,1,0> }
	no_shadow
}
cylinder {
	<26.404896, 34.282803, 35.810982>,  <25.850525, 33.797348, 36.191296>, 0.130000
	pigment { color rgbt <1,0,0,0> }
	no_shadow
}

// nucleotide -1

// particle -1
sphere {
	<26.404896, 34.282803, 35.810982> 0.250000
	pigment { color rgbt <1,0,0,0> }
	no_shadow
}
cylinder {
	<26.641886, 34.194939, 36.121006>,  <26.784081, 34.142220, 36.307022>, 0.100000
	pigment { color rgbt <1,0,0,0> }
	no_shadow
}
cylinder {
	<26.641886, 34.194939, 36.121006>,  <26.404896, 34.282803, 35.810982>, 0.100000
	pigment { color rgbt <1,0,0,0> }
	no_shadow
}

// particle -1
sphere {
	<26.641886, 34.194939, 36.121006> 0.100000
	pigment { color rgbt <1,0,0,0> }
	no_shadow
}
sphere {
	0, 1
	scale<0.080000,0.200000,0.300000>
	matrix <-0.205169, 0.889236, 0.408858,
		-0.779023, -0.401258, 0.481784,
		0.592477, -0.219662, 0.775061,
		26.819630, 34.129040, 36.353523>
	pigment { color rgbt <0,1,1,0> }
	no_shadow
}
cylinder {
	<26.061560, 34.538639, 36.324345>,  <26.404896, 34.282803, 35.810982>, 0.130000
	pigment { color rgbt <1,0,0,0> }
	no_shadow
}

// nucleotide -1

// particle -1
sphere {
	<26.061560, 34.538639, 36.324345> 0.250000
	pigment { color rgbt <1,0,0,0> }
	no_shadow
}
cylinder {
	<26.430635, 34.498642, 36.473286>,  <26.652081, 34.474644, 36.562649>, 0.100000
	pigment { color rgbt <1,0,0,0> }
	no_shadow
}
cylinder {
	<26.430635, 34.498642, 36.473286>,  <26.061560, 34.538639, 36.324345>, 0.100000
	pigment { color rgbt <1,0,0,0> }
	no_shadow
}

// particle -1
sphere {
	<26.430635, 34.498642, 36.473286> 0.100000
	pigment { color rgbt <1,0,0,0> }
	no_shadow
}
sphere {
	0, 1
	scale<0.080000,0.200000,0.300000>
	matrix <-0.049757, 0.926821, 0.372193,
		-0.382317, -0.361946, 0.850193,
		0.922690, -0.099992, 0.372349,
		26.707443, 34.468643, 36.584991>
	pigment { color rgbt <0,1,1,0> }
	no_shadow
}
cylinder {
	<26.031946, 34.710838, 36.983906>,  <26.061560, 34.538639, 36.324345>, 0.130000
	pigment { color rgbt <1,0,0,0> }
	no_shadow
}

// nucleotide -1

// particle -1
sphere {
	<26.031946, 34.710838, 36.983906> 0.250000
	pigment { color rgbt <1,0,0,0> }
	no_shadow
}
cylinder {
	<26.408966, 34.756565, 36.858345>,  <26.635178, 34.784000, 36.783009>, 0.100000
	pigment { color rgbt <1,0,0,0> }
	no_shadow
}
cylinder {
	<26.408966, 34.756565, 36.858345>,  <26.031946, 34.710838, 36.983906>, 0.100000
	pigment { color rgbt <1,0,0,0> }
	no_shadow
}

// particle -1
sphere {
	<26.408966, 34.756565, 36.858345> 0.100000
	pigment { color rgbt <1,0,0,0> }
	no_shadow
}
sphere {
	0, 1
	scale<0.080000,0.200000,0.300000>
	matrix <0.001678, 0.937992, 0.346653,
		0.334063, -0.327264, 0.883912,
		0.942549, 0.114320, -0.313898,
		26.691730, 34.790863, 36.764175>
	pigment { color rgbt <0,1,1,0> }
	no_shadow
}
cylinder {
	<26.485693, 35.001663, 37.566296>,  <26.031946, 34.710838, 36.983906>, 0.130000
	pigment { color rgbt <1,0,0,0> }
	no_shadow
}

// nucleotide -1

// particle -1
sphere {
	<26.485693, 35.001663, 37.566296> 0.250000
	pigment { color rgbt <1,0,0,0> }
	no_shadow
}
cylinder {
	<26.691206, 35.094273, 37.235859>,  <26.814514, 35.149837, 37.037598>, 0.100000
	pigment { color rgbt <1,0,0,0> }
	no_shadow
}
cylinder {
	<26.691206, 35.094273, 37.235859>,  <26.485693, 35.001663, 37.566296>, 0.100000
	pigment { color rgbt <1,0,0,0> }
	no_shadow
}

// particle -1
sphere {
	<26.691206, 35.094273, 37.235859> 0.100000
	pigment { color rgbt <1,0,0,0> }
	no_shadow
}
sphere {
	0, 1
	scale<0.080000,0.200000,0.300000>
	matrix <0.104646, 0.938795, 0.328196,
		0.851514, -0.255068, 0.458109,
		0.513783, 0.231524, -0.826089,
		26.845341, 35.163731, 36.988033>
	pigment { color rgbt <0,1,1,0> }
	no_shadow
}
cylinder {
	<27.233561, 35.251774, 37.798389>,  <26.485693, 35.001663, 37.566296>, 0.130000
	pigment { color rgbt <1,0,0,0> }
	no_shadow
}

// nucleotide -1

// particle -1
sphere {
	<27.233561, 35.251774, 37.798389> 0.250000
	pigment { color rgbt <1,0,0,0> }
	no_shadow
}
cylinder {
	<27.183754, 35.405998, 37.432693>,  <27.153870, 35.498535, 37.213276>, 0.100000
	pigment { color rgbt <1,0,0,0> }
	no_shadow
}
cylinder {
	<27.183754, 35.405998, 37.432693>,  <27.233561, 35.251774, 37.798389>, 0.100000
	pigment { color rgbt <1,0,0,0> }
	no_shadow
}

// particle -1
sphere {
	<27.183754, 35.405998, 37.432693> 0.100000
	pigment { color rgbt <1,0,0,0> }
	no_shadow
}
sphere {
	0, 1
	scale<0.080000,0.200000,0.300000>
	matrix <0.004321, 0.921613, 0.388086,
		0.992208, 0.044372, -0.116420,
		-0.124515, 0.385565, -0.914240,
		27.146400, 35.521667, 37.158421>
	pigment { color rgbt <0,1,1,0> }
	no_shadow
}
cylinder {
	<27.764101, 35.684048, 37.745056>,  <27.233561, 35.251774, 37.798389>, 0.130000
	pigment { color rgbt <1,0,0,0> }
	no_shadow
}

// nucleotide -1

// particle -1
sphere {
	<27.764101, 35.684048, 37.745056> 0.250000
	pigment { color rgbt <1,0,0,0> }
	no_shadow
}
cylinder {
	<27.484009, 35.779156, 37.475792>,  <27.315954, 35.836220, 37.314236>, 0.100000
	pigment { color rgbt <1,0,0,0> }
	no_shadow
}
cylinder {
	<27.484009, 35.779156, 37.475792>,  <27.764101, 35.684048, 37.745056>, 0.100000
	pigment { color rgbt <1,0,0,0> }
	no_shadow
}

// particle -1
sphere {
	<27.484009, 35.779156, 37.475792> 0.100000
	pigment { color rgbt <1,0,0,0> }
	no_shadow
}
sphere {
	0, 1
	scale<0.080000,0.200000,0.300000>
	matrix <0.089623, 0.964725, 0.247535,
		0.708269, 0.113001, -0.696840,
		-0.700230, 0.237774, -0.673158,
		27.273939, 35.850487, 37.273846>
	pigment { color rgbt <0,1,1,0> }
	no_shadow
}
cylinder {
	<28.039658, 36.233345, 37.363094>,  <27.764101, 35.684048, 37.745056>, 0.130000
	pigment { color rgbt <1,0,0,0> }
	no_shadow
}

// nucleotide -1

// particle -1
sphere {
	<28.039658, 36.233345, 37.363094> 0.250000
	pigment { color rgbt <1,0,0,0> }
	no_shadow
}
cylinder {
	<27.655987, 36.286797, 37.263397>,  <27.425783, 36.318867, 37.203579>, 0.100000
	pigment { color rgbt <1,0,0,0> }
	no_shadow
}
cylinder {
	<27.655987, 36.286797, 37.263397>,  <28.039658, 36.233345, 37.363094>, 0.100000
	pigment { color rgbt <1,0,0,0> }
	no_shadow
}

// particle -1
sphere {
	<27.655987, 36.286797, 37.263397> 0.100000
	pigment { color rgbt <1,0,0,0> }
	no_shadow
}
sphere {
	0, 1
	scale<0.080000,0.200000,0.300000>
	matrix <0.115876, 0.989651, 0.084637,
		0.257973, 0.052301, -0.964736,
		-0.959178, 0.133624, -0.249243,
		27.368233, 36.326885, 37.188625>
	pigment { color rgbt <0,1,1,0> }
	no_shadow
}
cylinder {
	<28.054972, 36.654270, 36.916649>,  <28.039658, 36.233345, 37.363094>, 0.130000
	pigment { color rgbt <1,0,0,0> }
	no_shadow
}

// nucleotide -1

// particle -1
sphere {
	<28.054972, 36.654270, 36.916649> 0.250000
	pigment { color rgbt <1,0,0,0> }
	no_shadow
}
cylinder {
	<27.676254, 36.678661, 37.043053>,  <27.449024, 36.693295, 37.118893>, 0.100000
	pigment { color rgbt <1,0,0,0> }
	no_shadow
}
cylinder {
	<27.676254, 36.678661, 37.043053>,  <28.054972, 36.654270, 36.916649>, 0.100000
	pigment { color rgbt <1,0,0,0> }
	no_shadow
}

// particle -1
sphere {
	<27.676254, 36.678661, 37.043053> 0.100000
	pigment { color rgbt <1,0,0,0> }
	no_shadow
}
sphere {
	0, 1
	scale<0.080000,0.200000,0.300000>
	matrix <0.063492, 0.997980, -0.002350,
		-0.315511, 0.017839, -0.948754,
		-0.946796, 0.060979, 0.316006,
		27.392216, 36.696957, 37.137856>
	pigment { color rgbt <0,1,1,0> }
	no_shadow
}
cylinder {
	<27.692652, 37.027000, 36.377666>,  <28.054972, 36.654270, 36.916649>, 0.130000
	pigment { color rgbt <1,0,0,0> }
	no_shadow
}

// nucleotide -1

// particle -1
sphere {
	<27.692652, 37.027000, 36.377666> 0.250000
	pigment { color rgbt <1,0,0,0> }
	no_shadow
}
cylinder {
	<27.468138, 37.066181, 36.706390>,  <27.333429, 37.089691, 36.903625>, 0.100000
	pigment { color rgbt <1,0,0,0> }
	no_shadow
}
cylinder {
	<27.468138, 37.066181, 36.706390>,  <27.692652, 37.027000, 36.377666>, 0.100000
	pigment { color rgbt <1,0,0,0> }
	no_shadow
}

// particle -1
sphere {
	<27.468138, 37.066181, 36.706390> 0.100000
	pigment { color rgbt <1,0,0,0> }
	no_shadow
}
sphere {
	0, 1
	scale<0.080000,0.200000,0.300000>
	matrix <-0.035651, 0.989189, -0.142250,
		-0.826855, -0.109141, -0.551724,
		-0.561284, 0.097951, 0.821807,
		27.299753, 37.095566, 36.952930>
	pigment { color rgbt <0,1,1,0> }
	no_shadow
}
cylinder {
	<27.308645, 37.604893, 36.331829>,  <27.692652, 37.027000, 36.377666>, 0.130000
	pigment { color rgbt <1,0,0,0> }
	no_shadow
}

// nucleotide -1

// particle -1
sphere {
	<27.308645, 37.604893, 36.331829> 0.250000
	pigment { color rgbt <1,0,0,0> }
	no_shadow
}
cylinder {
	<27.272722, 37.566132, 36.728321>,  <27.251169, 37.542873, 36.966217>, 0.100000
	pigment { color rgbt <1,0,0,0> }
	no_shadow
}
cylinder {
	<27.272722, 37.566132, 36.728321>,  <27.308645, 37.604893, 36.331829>, 0.100000
	pigment { color rgbt <1,0,0,0> }
	no_shadow
}

// particle -1
sphere {
	<27.272722, 37.566132, 36.728321> 0.100000
	pigment { color rgbt <1,0,0,0> }
	no_shadow
}
sphere {
	0, 1
	scale<0.080000,0.200000,0.300000>
	matrix <0.035635, 0.994305, 0.100435,
		-0.995322, 0.044342, -0.085841,
		-0.089806, -0.096906, 0.991234,
		27.245781, 37.537060, 37.025692>
	pigment { color rgbt <0,1,1,0> }
	no_shadow
}
cylinder {
	<26.717833, 38.105667, 36.588562>,  <27.308645, 37.604893, 36.331829>, 0.130000
	pigment { color rgbt <1,0,0,0> }
	no_shadow
}

// nucleotide -1

// particle -1
sphere {
	<26.717833, 38.105667, 36.588562> 0.250000
	pigment { color rgbt <1,0,0,0> }
	no_shadow
}
cylinder {
	<26.915165, 37.997364, 36.919212>,  <27.033564, 37.932381, 37.117603>, 0.100000
	pigment { color rgbt <1,0,0,0> }
	no_shadow
}
cylinder {
	<26.915165, 37.997364, 36.919212>,  <26.717833, 38.105667, 36.588562>, 0.100000
	pigment { color rgbt <1,0,0,0> }
	no_shadow
}

// particle -1
sphere {
	<26.915165, 37.997364, 36.919212> 0.100000
	pigment { color rgbt <1,0,0,0> }
	no_shadow
}
sphere {
	0, 1
	scale<0.080000,0.200000,0.300000>
	matrix <-0.238852, 0.871624, 0.428043,
		-0.836406, -0.408608, 0.365327,
		0.493330, -0.270759, 0.826629,
		27.063164, 37.916138, 37.167202>
	pigment { color rgbt <0,1,1,0> }
	no_shadow
}
cylinder {
	<26.343355, 38.517906, 37.184341>,  <26.717833, 38.105667, 36.588562>, 0.130000
	pigment { color rgbt <1,0,0,0> }
	no_shadow
}

// nucleotide -1

// particle -1
sphere {
	<26.343355, 38.517906, 37.184341> 0.250000
	pigment { color rgbt <1,0,0,0> }
	no_shadow
}
cylinder {
	<26.710358, 38.430546, 37.317299>,  <26.930559, 38.378132, 37.397072>, 0.100000
	pigment { color rgbt <1,0,0,0> }
	no_shadow
}
cylinder {
	<26.710358, 38.430546, 37.317299>,  <26.343355, 38.517906, 37.184341>, 0.100000
	pigment { color rgbt <1,0,0,0> }
	no_shadow
}

// particle -1
sphere {
	<26.710358, 38.430546, 37.317299> 0.100000
	pigment { color rgbt <1,0,0,0> }
	no_shadow
}
sphere {
	0, 1
	scale<0.080000,0.200000,0.300000>
	matrix <0.032318, 0.873919, 0.484996,
		-0.396408, -0.434244, 0.808884,
		0.917505, -0.218398, 0.332395,
		26.985609, 38.365025, 37.417019>
	pigment { color rgbt <0,1,1,0> }
	no_shadow
}
cylinder {
	<26.360918, 38.795830, 37.910503>,  <26.343355, 38.517906, 37.184341>, 0.130000
	pigment { color rgbt <1,0,0,0> }
	no_shadow
}

// nucleotide -1

// particle -1
sphere {
	<26.360918, 38.795830, 37.910503> 0.250000
	pigment { color rgbt <1,0,0,0> }
	no_shadow
}
cylinder {
	<26.742523, 38.728775, 37.811096>,  <26.971487, 38.688541, 37.751453>, 0.100000
	pigment { color rgbt <1,0,0,0> }
	no_shadow
}
cylinder {
	<26.742523, 38.728775, 37.811096>,  <26.360918, 38.795830, 37.910503>, 0.100000
	pigment { color rgbt <1,0,0,0> }
	no_shadow
}

// particle -1
sphere {
	<26.742523, 38.728775, 37.811096> 0.100000
	pigment { color rgbt <1,0,0,0> }
	no_shadow
}
sphere {
	0, 1
	scale<0.080000,0.200000,0.300000>
	matrix <0.257135, 0.883754, 0.390973,
		0.154084, -0.436894, 0.886217,
		0.954012, -0.167635, -0.248513,
		27.028727, 38.678486, 37.736542>
	pigment { color rgbt <0,1,1,0> }
	no_shadow
}
cylinder {
	<26.735199, 38.838982, 38.506397>,  <26.360918, 38.795830, 37.910503>, 0.130000
	pigment { color rgbt <1,0,0,0> }
	no_shadow
}

// nucleotide -1

// particle -1
sphere {
	<26.735199, 38.838982, 38.506397> 0.250000
	pigment { color rgbt <1,0,0,0> }
	no_shadow
}
cylinder {
	<27.003569, 38.888206, 38.213902>,  <27.164591, 38.917744, 38.038403>, 0.100000
	pigment { color rgbt <1,0,0,0> }
	no_shadow
}
cylinder {
	<27.003569, 38.888206, 38.213902>,  <26.735199, 38.838982, 38.506397>, 0.100000
	pigment { color rgbt <1,0,0,0> }
	no_shadow
}

// particle -1
sphere {
	<27.003569, 38.888206, 38.213902> 0.100000
	pigment { color rgbt <1,0,0,0> }
	no_shadow
}
sphere {
	0, 1
	scale<0.080000,0.200000,0.300000>
	matrix <0.241371, 0.896183, 0.372285,
		0.701144, -0.426276, 0.571565,
		0.670923, 0.123066, -0.731244,
		27.204845, 38.925125, 37.994530>
	pigment { color rgbt <0,1,1,0> }
	no_shadow
}
cylinder {
	<27.296860, 39.171379, 38.822144>,  <26.735199, 38.838982, 38.506397>, 0.130000
	pigment { color rgbt <1,0,0,0> }
	no_shadow
}

// nucleotide -1

// particle -1
sphere {
	<27.296860, 39.171379, 38.822144> 0.250000
	pigment { color rgbt <1,0,0,0> }
	no_shadow
}
cylinder {
	<27.326830, 39.245625, 38.430237>,  <27.344812, 39.290173, 38.195095>, 0.100000
	pigment { color rgbt <1,0,0,0> }
	no_shadow
}
cylinder {
	<27.326830, 39.245625, 38.430237>,  <27.296860, 39.171379, 38.822144>, 0.100000
	pigment { color rgbt <1,0,0,0> }
	no_shadow
}

// particle -1
sphere {
	<27.326830, 39.245625, 38.430237> 0.100000
	pigment { color rgbt <1,0,0,0> }
	no_shadow
}
sphere {
	0, 1
	scale<0.080000,0.200000,0.300000>
	matrix <0.216256, 0.956118, 0.197668,
		0.973458, -0.226689, 0.031497,
		0.074924, 0.185610, -0.979763,
		27.349308, 39.301308, 38.136307>
	pigment { color rgbt <0,1,1,0> }
	no_shadow
}
cylinder {
	<27.951767, 39.382969, 38.767021>,  <27.296860, 39.171379, 38.822144>, 0.130000
	pigment { color rgbt <1,0,0,0> }
	no_shadow
}

// nucleotide -1

// particle -1
sphere {
	<27.951767, 39.382969, 38.767021> 0.250000
	pigment { color rgbt <1,0,0,0> }
	no_shadow
}
cylinder {
	<27.742039, 39.540337, 38.464947>,  <27.616201, 39.634758, 38.283703>, 0.100000
	pigment { color rgbt <1,0,0,0> }
	no_shadow
}
cylinder {
	<27.742039, 39.540337, 38.464947>,  <27.951767, 39.382969, 38.767021>, 0.100000
	pigment { color rgbt <1,0,0,0> }
	no_shadow
}

// particle -1
sphere {
	<27.742039, 39.540337, 38.464947> 0.100000
	pigment { color rgbt <1,0,0,0> }
	no_shadow
}
sphere {
	0, 1
	scale<0.080000,0.200000,0.300000>
	matrix <0.220364, 0.919349, 0.325941,
		0.822514, 0.004480, -0.568727,
		-0.524318, 0.393418, -0.755190,
		27.584743, 39.658363, 38.238388>
	pigment { color rgbt <0,1,1,0> }
	no_shadow
}
cylinder {
	<28.383163, 39.951401, 38.451843>,  <27.951767, 39.382969, 38.767021>, 0.130000
	pigment { color rgbt <1,0,0,0> }
	no_shadow
}

// nucleotide -1

// particle -1
sphere {
	<28.383163, 39.951401, 38.451843> 0.250000
	pigment { color rgbt <1,0,0,0> }
	no_shadow
}
cylinder {
	<28.014204, 40.035603, 38.322311>,  <27.792828, 40.086124, 38.244591>, 0.100000
	pigment { color rgbt <1,0,0,0> }
	no_shadow
}
cylinder {
	<28.014204, 40.035603, 38.322311>,  <28.383163, 39.951401, 38.451843>, 0.100000
	pigment { color rgbt <1,0,0,0> }
	no_shadow
}

// particle -1
sphere {
	<28.014204, 40.035603, 38.322311> 0.100000
	pigment { color rgbt <1,0,0,0> }
	no_shadow
}
sphere {
	0, 1
	scale<0.080000,0.200000,0.300000>
	matrix <0.208981, 0.977106, 0.039894,
		0.324813, -0.030875, -0.945274,
		-0.922401, 0.210502, -0.323829,
		27.737484, 40.098755, 38.225163>
	pigment { color rgbt <0,1,1,0> }
	no_shadow
}
cylinder {
	<28.486061, 40.344090, 37.803360>,  <28.383163, 39.951401, 38.451843>, 0.130000
	pigment { color rgbt <1,0,0,0> }
	no_shadow
}

// nucleotide -1

// particle -1
sphere {
	<28.486061, 40.344090, 37.803360> 0.250000
	pigment { color rgbt <1,0,0,0> }
	no_shadow
}
cylinder {
	<28.110407, 40.394825, 37.931068>,  <27.885014, 40.425266, 38.007694>, 0.100000
	pigment { color rgbt <1,0,0,0> }
	no_shadow
}
cylinder {
	<28.110407, 40.394825, 37.931068>,  <28.486061, 40.344090, 37.803360>, 0.100000
	pigment { color rgbt <1,0,0,0> }
	no_shadow
}

// particle -1
sphere {
	<28.110407, 40.394825, 37.931068> 0.100000
	pigment { color rgbt <1,0,0,0> }
	no_shadow
}
sphere {
	0, 1
	scale<0.080000,0.200000,0.300000>
	matrix <0.086865, 0.986821, -0.136523,
		-0.332381, -0.100481, -0.937777,
		-0.939136, 0.126838, 0.319273,
		27.828667, 40.432877, 38.026852>
	pigment { color rgbt <0,1,1,0> }
	no_shadow
}
cylinder {
	<28.129023, 40.696922, 37.228390>,  <28.486061, 40.344090, 37.803360>, 0.130000
	pigment { color rgbt <1,0,0,0> }
	no_shadow
}

// nucleotide -1

// particle -1
sphere {
	<28.129023, 40.696922, 37.228390> 0.250000
	pigment { color rgbt <1,0,0,0> }
	no_shadow
}
cylinder {
	<27.938652, 40.781960, 37.569752>,  <27.824430, 40.832981, 37.774570>, 0.100000
	pigment { color rgbt <1,0,0,0> }
	no_shadow
}
cylinder {
	<27.938652, 40.781960, 37.569752>,  <28.129023, 40.696922, 37.228390>, 0.100000
	pigment { color rgbt <1,0,0,0> }
	no_shadow
}

// particle -1
sphere {
	<27.938652, 40.781960, 37.569752> 0.100000
	pigment { color rgbt <1,0,0,0> }
	no_shadow
}
sphere {
	0, 1
	scale<0.080000,0.200000,0.300000>
	matrix <0.033046, 0.973982, -0.224202,
		-0.878864, -0.078502, -0.470569,
		-0.475926, 0.212594, 0.853404,
		27.795874, 40.845737, 37.825771>
	pigment { color rgbt <0,1,1,0> }
	no_shadow
}
cylinder {
	<27.712988, 41.150013, 37.043396>,  <28.129023, 40.696922, 37.228390>, 0.130000
	pigment { color rgbt <1,0,0,0> }
	no_shadow
}

// nucleotide -1

// particle -1
sphere {
	<27.712988, 41.150013, 37.043396> 0.250000
	pigment { color rgbt <1,0,0,0> }
	no_shadow
}
cylinder {
	<27.737291, 41.195557, 37.440052>,  <27.751873, 41.222881, 37.678043>, 0.100000
	pigment { color rgbt <1,0,0,0> }
	no_shadow
}
cylinder {
	<27.737291, 41.195557, 37.440052>,  <27.712988, 41.150013, 37.043396>, 0.100000
	pigment { color rgbt <1,0,0,0> }
	no_shadow
}

// particle -1
sphere {
	<27.737291, 41.195557, 37.440052> 0.100000
	pigment { color rgbt <1,0,0,0> }
	no_shadow
}
sphere {
	0, 1
	scale<0.080000,0.200000,0.300000>
	matrix <-0.040136, 0.992948, -0.111548,
		-0.997345, -0.033022, 0.064900,
		0.060759, 0.113856, 0.991637,
		27.755520, 41.229713, 37.737545>
	pigment { color rgbt <0,1,1,0> }
	no_shadow
}
cylinder {
	<27.096102, 41.365784, 37.326504>,  <27.712988, 41.150013, 37.043396>, 0.130000
	pigment { color rgbt <1,0,0,0> }
	no_shadow
}

// nucleotide -1

// particle -1
sphere {
	<27.096102, 41.365784, 37.326504> 0.250000
	pigment { color rgbt <1,0,0,0> }
	no_shadow
}
cylinder {
	<27.428112, 41.494663, 37.508602>,  <27.627317, 41.571991, 37.617859>, 0.100000
	pigment { color rgbt <1,0,0,0> }
	no_shadow
}
cylinder {
	<27.428112, 41.494663, 37.508602>,  <27.096102, 41.365784, 37.326504>, 0.100000
	pigment { color rgbt <1,0,0,0> }
	no_shadow
}

// particle -1
sphere {
	<27.428112, 41.494663, 37.508602> 0.100000
	pigment { color rgbt <1,0,0,0> }
	no_shadow
}
sphere {
	0, 1
	scale<0.080000,0.200000,0.300000>
	matrix <-0.199568, 0.933785, -0.297017,
		-0.520797, 0.155679, 0.839365,
		0.830026, 0.322196, 0.455244,
		27.677120, 41.591324, 37.645176>
	pigment { color rgbt <0,1,1,0> }
	no_shadow
}
cylinder {
	<26.872948, 41.894356, 37.710606>,  <27.096102, 41.365784, 37.326504>, 0.130000
	pigment { color rgbt <1,0,0,0> }
	no_shadow
}

// nucleotide -1

// particle -1
sphere {
	<26.872948, 41.894356, 37.710606> 0.250000
	pigment { color rgbt <1,0,0,0> }
	no_shadow
}
cylinder {
	<27.268270, 41.916039, 37.653606>,  <27.505465, 41.929050, 37.619408>, 0.100000
	pigment { color rgbt <1,0,0,0> }
	no_shadow
}
cylinder {
	<27.268270, 41.916039, 37.653606>,  <26.872948, 41.894356, 37.710606>, 0.100000
	pigment { color rgbt <1,0,0,0> }
	no_shadow
}

// particle -1
sphere {
	<27.268270, 41.916039, 37.653606> 0.100000
	pigment { color rgbt <1,0,0,0> }
	no_shadow
}
sphere {
	0, 1
	scale<0.080000,0.200000,0.300000>
	matrix <-0.090693, 0.960342, -0.263662,
		0.122556, 0.273503, 0.954031,
		0.988309, 0.054211, -0.142501,
		27.564764, 41.932301, 37.610855>
	pigment { color rgbt <0,1,1,0> }
	no_shadow
}
cylinder {
	<27.150595, 42.378880, 38.136288>,  <26.872948, 41.894356, 37.710606>, 0.130000
	pigment { color rgbt <1,0,0,0> }
	no_shadow
}

// nucleotide -1

// particle -1
sphere {
	<27.150595, 42.378880, 38.136288> 0.250000
	pigment { color rgbt <1,0,0,0> }
	no_shadow
}
cylinder {
	<27.375525, 42.344872, 37.807274>,  <27.510483, 42.324467, 37.609867>, 0.100000
	pigment { color rgbt <1,0,0,0> }
	no_shadow
}
cylinder {
	<27.375525, 42.344872, 37.807274>,  <27.150595, 42.378880, 38.136288>, 0.100000
	pigment { color rgbt <1,0,0,0> }
	no_shadow
}

// particle -1
sphere {
	<27.375525, 42.344872, 37.807274> 0.100000
	pigment { color rgbt <1,0,0,0> }
	no_shadow
}
sphere {
	0, 1
	scale<0.080000,0.200000,0.300000>
	matrix <-0.116650, 0.976598, -0.180693,
		0.818648, 0.197557, 0.539246,
		0.562323, -0.085021, -0.822535,
		27.544222, 42.319366, 37.560513>
	pigment { color rgbt <0,1,1,0> }
	no_shadow
}
cylinder {
	<27.560293, 43.029537, 38.048069>,  <27.150595, 42.378880, 38.136288>, 0.130000
	pigment { color rgbt <1,0,0,0> }
	no_shadow
}

// nucleotide -1

// particle -1
sphere {
	<27.560293, 43.029537, 38.048069> 0.250000
	pigment { color rgbt <1,0,0,0> }
	no_shadow
}
cylinder {
	<27.570007, 42.860905, 37.685482>,  <27.575836, 42.759727, 37.467930>, 0.100000
	pigment { color rgbt <1,0,0,0> }
	no_shadow
}
cylinder {
	<27.570007, 42.860905, 37.685482>,  <27.560293, 43.029537, 38.048069>, 0.100000
	pigment { color rgbt <1,0,0,0> }
	no_shadow
}

// particle -1
sphere {
	<27.570007, 42.860905, 37.685482> 0.100000
	pigment { color rgbt <1,0,0,0> }
	no_shadow
}
sphere {
	0, 1
	scale<0.080000,0.200000,0.300000>
	matrix <0.031435, 0.906609, -0.420801,
		0.999211, -0.018274, 0.035272,
		0.024288, -0.421577, -0.906467,
		27.577293, 42.734432, 37.413544>
	pigment { color rgbt <0,1,1,0> }
	no_shadow
}
cylinder {
	<28.043320, 43.405087, 37.542683>,  <27.560293, 43.029537, 38.048069>, 0.130000
	pigment { color rgbt <1,0,0,0> }
	no_shadow
}

// nucleotide -1

// particle -1
sphere {
	<28.043320, 43.405087, 37.542683> 0.250000
	pigment { color rgbt <1,0,0,0> }
	no_shadow
}
cylinder {
	<27.853041, 43.196804, 37.259113>,  <27.738873, 43.071835, 37.088970>, 0.100000
	pigment { color rgbt <1,0,0,0> }
	no_shadow
}
cylinder {
	<27.853041, 43.196804, 37.259113>,  <28.043320, 43.405087, 37.542683>, 0.100000
	pigment { color rgbt <1,0,0,0> }
	no_shadow
}

// particle -1
sphere {
	<27.853041, 43.196804, 37.259113> 0.100000
	pigment { color rgbt <1,0,0,0> }
	no_shadow
}
sphere {
	0, 1
	scale<0.080000,0.200000,0.300000>
	matrix <-0.085512, 0.829512, -0.551903,
		0.875442, -0.201918, -0.439124,
		-0.475698, -0.520709, -0.708924,
		27.710331, 43.040592, 37.046436>
	pigment { color rgbt <0,1,1,0> }
	no_shadow
}
cylinder {
	<28.421494, 43.429035, 36.928318>,  <28.043320, 43.405087, 37.542683>, 0.130000
	pigment { color rgbt <1,0,0,0> }
	no_shadow
}

// nucleotide -1

// particle -1
sphere {
	<28.421494, 43.429035, 36.928318> 0.250000
	pigment { color rgbt <1,0,0,0> }
	no_shadow
}
cylinder {
	<28.032709, 43.367439, 36.857235>,  <27.799438, 43.330482, 36.814583>, 0.100000
	pigment { color rgbt <1,0,0,0> }
	no_shadow
}
cylinder {
	<28.032709, 43.367439, 36.857235>,  <28.421494, 43.429035, 36.928318>, 0.100000
	pigment { color rgbt <1,0,0,0> }
	no_shadow
}

// particle -1
sphere {
	<28.032709, 43.367439, 36.857235> 0.100000
	pigment { color rgbt <1,0,0,0> }
	no_shadow
}
sphere {
	0, 1
	scale<0.080000,0.200000,0.300000>
	matrix <0.021834, 0.693388, -0.720233,
		0.234127, -0.703918, -0.670584,
		-0.971961, -0.153985, -0.177710,
		27.741121, 43.321243, 36.803921>
	pigment { color rgbt <0,1,1,0> }
	no_shadow
}
cylinder {
	<28.333399, 43.509918, 36.223225>,  <28.421494, 43.429035, 36.928318>, 0.130000
	pigment { color rgbt <1,0,0,0> }
	no_shadow
}

// nucleotide -1

// particle -1
sphere {
	<28.333399, 43.509918, 36.223225> 0.250000
	pigment { color rgbt <1,0,0,0> }
	no_shadow
}
cylinder {
	<27.964472, 43.538784, 36.375076>,  <27.743114, 43.556103, 36.466187>, 0.100000
	pigment { color rgbt <1,0,0,0> }
	no_shadow
}
cylinder {
	<27.964472, 43.538784, 36.375076>,  <28.333399, 43.509918, 36.223225>, 0.100000
	pigment { color rgbt <1,0,0,0> }
	no_shadow
}

// particle -1
sphere {
	<27.964472, 43.538784, 36.375076> 0.100000
	pigment { color rgbt <1,0,0,0> }
	no_shadow
}
sphere {
	0, 1
	scale<0.080000,0.200000,0.300000>
	matrix <-0.258494, 0.615022, -0.744935,
		-0.287241, -0.785200, -0.548592,
		-0.922320, 0.072168, 0.379629,
		27.687777, 43.560436, 36.488964>
	pigment { color rgbt <0,1,1,0> }
	no_shadow
}
cylinder {
	<29.064371, 43.247421, 36.312244>,  <28.333399, 43.509918, 36.223225>, 0.130000
	pigment { color rgbt <1,0,0,0> }
	no_shadow
}

// nucleotide -1

// particle -1
sphere {
	<29.064371, 43.247421, 36.312244> 0.250000
	pigment { color rgbt <1,0,0,0> }
	no_shadow
}
cylinder {
	<29.005556, 43.061295, 36.661381>,  <28.970268, 42.949619, 36.870865>, 0.100000
	pigment { color rgbt <1,0,0,0> }
	no_shadow
}
cylinder {
	<29.005556, 43.061295, 36.661381>,  <29.064371, 43.247421, 36.312244>, 0.100000
	pigment { color rgbt <1,0,0,0> }
	no_shadow
}

// particle -1
sphere {
	<29.005556, 43.061295, 36.661381> 0.100000
	pigment { color rgbt <1,0,0,0> }
	no_shadow
}
sphere {
	0, 1
	scale<0.080000,0.200000,0.300000>
	matrix <0.437436, -0.822043, -0.364548,
		0.887148, 0.328212, 0.324417,
		-0.147035, -0.465320, 0.872845,
		28.961445, 42.921700, 36.923233>
	pigment { color rgbt <0,1,1,0> }
	no_shadow
}
cylinder {
	<29.725569, 42.779457, 36.404957>,  <29.064371, 43.247421, 36.312244>, 0.130000
	pigment { color rgbt <1,0,0,0> }
	no_shadow
}

// nucleotide -1

// particle -1
sphere {
	<29.725569, 42.779457, 36.404957> 0.250000
	pigment { color rgbt <1,0,0,0> }
	no_shadow
}
cylinder {
	<29.422007, 42.639362, 36.624557>,  <29.239870, 42.555305, 36.756317>, 0.100000
	pigment { color rgbt <1,0,0,0> }
	no_shadow
}
cylinder {
	<29.422007, 42.639362, 36.624557>,  <29.725569, 42.779457, 36.404957>, 0.100000
	pigment { color rgbt <1,0,0,0> }
	no_shadow
}

// particle -1
sphere {
	<29.422007, 42.639362, 36.624557> 0.100000
	pigment { color rgbt <1,0,0,0> }
	no_shadow
}
sphere {
	0, 1
	scale<0.080000,0.200000,0.300000>
	matrix <0.356486, -0.928951, -0.099842,
		0.544962, 0.119939, 0.829838,
		-0.758904, -0.350236, 0.548999,
		29.194336, 42.534290, 36.789257>
	pigment { color rgbt <0,1,1,0> }
	no_shadow
}
cylinder {
	<30.090799, 42.259197, 36.884510>,  <29.725569, 42.779457, 36.404957>, 0.130000
	pigment { color rgbt <1,0,0,0> }
	no_shadow
}

// nucleotide -1

// particle -1
sphere {
	<30.090799, 42.259197, 36.884510> 0.250000
	pigment { color rgbt <1,0,0,0> }
	no_shadow
}
cylinder {
	<29.703812, 42.164333, 36.849266>,  <29.471619, 42.107414, 36.828121>, 0.100000
	pigment { color rgbt <1,0,0,0> }
	no_shadow
}
cylinder {
	<29.703812, 42.164333, 36.849266>,  <30.090799, 42.259197, 36.884510>, 0.100000
	pigment { color rgbt <1,0,0,0> }
	no_shadow
}

// particle -1
sphere {
	<29.703812, 42.164333, 36.849266> 0.100000
	pigment { color rgbt <1,0,0,0> }
	no_shadow
}
sphere {
	0, 1
	scale<0.080000,0.200000,0.300000>
	matrix <0.204556, -0.938189, 0.279210,
		-0.148878, 0.252104, 0.956179,
		-0.967467, -0.237160, -0.088106,
		29.413572, 42.093185, 36.822834>
	pigment { color rgbt <0,1,1,0> }
	no_shadow
}
cylinder {
	<30.035833, 41.767952, 37.289974>,  <30.090799, 42.259197, 36.884510>, 0.130000
	pigment { color rgbt <1,0,0,0> }
	no_shadow
}

// nucleotide -1

// particle -1
sphere {
	<30.035833, 41.767952, 37.289974> 0.250000
	pigment { color rgbt <1,0,0,0> }
	no_shadow
}
cylinder {
	<29.694954, 41.720024, 37.086246>,  <29.490427, 41.691269, 36.964012>, 0.100000
	pigment { color rgbt <1,0,0,0> }
	no_shadow
}
cylinder {
	<29.694954, 41.720024, 37.086246>,  <30.035833, 41.767952, 37.289974>, 0.100000
	pigment { color rgbt <1,0,0,0> }
	no_shadow
}

// particle -1
sphere {
	<29.694954, 41.720024, 37.086246> 0.100000
	pigment { color rgbt <1,0,0,0> }
	no_shadow
}
sphere {
	0, 1
	scale<0.080000,0.200000,0.300000>
	matrix <0.089664, -0.992470, 0.083451,
		-0.515478, 0.025450, 0.856524,
		-0.852198, -0.119816, -0.509315,
		29.439295, 41.684078, 36.933453>
	pigment { color rgbt <0,1,1,0> }
	no_shadow
}
cylinder {
	<29.657995, 41.162937, 37.642979>,  <30.035833, 41.767952, 37.289974>, 0.130000
	pigment { color rgbt <1,0,0,0> }
	no_shadow
}

// nucleotide -1

// particle -1
sphere {
	<29.657995, 41.162937, 37.642979> 0.250000
	pigment { color rgbt <1,0,0,0> }
	no_shadow
}
cylinder {
	<29.517666, 41.168537, 37.268444>,  <29.433468, 41.171898, 37.043724>, 0.100000
	pigment { color rgbt <1,0,0,0> }
	no_shadow
}
cylinder {
	<29.517666, 41.168537, 37.268444>,  <29.657995, 41.162937, 37.642979>, 0.100000
	pigment { color rgbt <1,0,0,0> }
	no_shadow
}

// particle -1
sphere {
	<29.517666, 41.168537, 37.268444> 0.100000
	pigment { color rgbt <1,0,0,0> }
	no_shadow
}
sphere {
	0, 1
	scale<0.080000,0.200000,0.300000>
	matrix <0.185231, -0.979094, -0.084045,
		-0.917939, -0.202924, 0.340897,
		-0.350825, 0.014004, -0.936336,
		29.412418, 41.172737, 36.987545>
	pigment { color rgbt <0,1,1,0> }
	no_shadow
}
cylinder {
	<29.160372, 40.523945, 37.542500>,  <29.657995, 41.162937, 37.642979>, 0.130000
	pigment { color rgbt <1,0,0,0> }
	no_shadow
}

// nucleotide -1

// particle -1
sphere {
	<29.160372, 40.523945, 37.542500> 0.250000
	pigment { color rgbt <1,0,0,0> }
	no_shadow
}
cylinder {
	<29.259954, 40.624065, 37.168255>,  <29.319704, 40.684139, 36.943707>, 0.100000
	pigment { color rgbt <1,0,0,0> }
	no_shadow
}
cylinder {
	<29.259954, 40.624065, 37.168255>,  <29.160372, 40.523945, 37.542500>, 0.100000
	pigment { color rgbt <1,0,0,0> }
	no_shadow
}

// particle -1
sphere {
	<29.259954, 40.624065, 37.168255> 0.100000
	pigment { color rgbt <1,0,0,0> }
	no_shadow
}
sphere {
	0, 1
	scale<0.080000,0.200000,0.300000>
	matrix <0.211967, -0.956690, -0.199537,
		-0.945034, -0.148642, -0.291231,
		0.248958, 0.250301, -0.935612,
		29.334642, 40.699154, 36.887573>
	pigment { color rgbt <0,1,1,0> }
	no_shadow
}
cylinder {
	<28.963169, 39.938538, 37.164768>,  <29.160372, 40.523945, 37.542500>, 0.130000
	pigment { color rgbt <1,0,0,0> }
	no_shadow
}

// nucleotide -1

// particle -1
sphere {
	<28.963169, 39.938538, 37.164768> 0.250000
	pigment { color rgbt <1,0,0,0> }
	no_shadow
}
cylinder {
	<29.214817, 40.136513, 36.925018>,  <29.365805, 40.255299, 36.781170>, 0.100000
	pigment { color rgbt <1,0,0,0> }
	no_shadow
}
cylinder {
	<29.214817, 40.136513, 36.925018>,  <28.963169, 39.938538, 37.164768>, 0.100000
	pigment { color rgbt <1,0,0,0> }
	no_shadow
}

// particle -1
sphere {
	<29.214817, 40.136513, 36.925018> 0.100000
	pigment { color rgbt <1,0,0,0> }
	no_shadow
}
sphere {
	0, 1
	scale<0.080000,0.200000,0.300000>
	matrix <0.350776, -0.868876, -0.349300,
		-0.693661, 0.009506, -0.720238,
		0.629118, 0.494939, -0.599371,
		29.403553, 40.284996, 36.745209>
	pigment { color rgbt <0,1,1,0> }
	no_shadow
}
cylinder {
	<28.848719, 39.625137, 36.644638>,  <28.963169, 39.938538, 37.164768>, 0.130000
	pigment { color rgbt <1,0,0,0> }
	no_shadow
}

// nucleotide -1

// particle -1
sphere {
	<28.848719, 39.625137, 36.644638> 0.250000
	pigment { color rgbt <1,0,0,0> }
	no_shadow
}
cylinder {
	<29.197054, 39.803909, 36.562767>,  <29.406055, 39.911175, 36.513645>, 0.100000
	pigment { color rgbt <1,0,0,0> }
	no_shadow
}
cylinder {
	<29.197054, 39.803909, 36.562767>,  <28.848719, 39.625137, 36.644638>, 0.100000
	pigment { color rgbt <1,0,0,0> }
	no_shadow
}

// particle -1
sphere {
	<29.197054, 39.803909, 36.562767> 0.100000
	pigment { color rgbt <1,0,0,0> }
	no_shadow
}
sphere {
	0, 1
	scale<0.080000,0.200000,0.300000>
	matrix <0.344350, -0.851781, -0.394832,
		-0.350807, 0.273352, -0.895663,
		0.870837, 0.446932, -0.204682,
		29.458305, 39.937988, 36.501362>
	pigment { color rgbt <0,1,1,0> }
	no_shadow
}
cylinder {
	<28.976856, 39.506233, 35.982151>,  <28.848719, 39.625137, 36.644638>, 0.130000
	pigment { color rgbt <1,0,0,0> }
	no_shadow
}

// nucleotide -1

// particle -1
sphere {
	<28.976856, 39.506233, 35.982151> 0.250000
	pigment { color rgbt <1,0,0,0> }
	no_shadow
}
cylinder {
	<29.338230, 39.601570, 36.124699>,  <29.555054, 39.658772, 36.210228>, 0.100000
	pigment { color rgbt <1,0,0,0> }
	no_shadow
}
cylinder {
	<29.338230, 39.601570, 36.124699>,  <28.976856, 39.506233, 35.982151>, 0.100000
	pigment { color rgbt <1,0,0,0> }
	no_shadow
}

// particle -1
sphere {
	<29.338230, 39.601570, 36.124699> 0.100000
	pigment { color rgbt <1,0,0,0> }
	no_shadow
}
sphere {
	0, 1
	scale<0.080000,0.200000,0.300000>
	matrix <0.389086, -0.804900, -0.448050,
		0.180053, 0.543442, -0.819910,
		0.903434, 0.238343, 0.356370,
		29.609261, 39.673073, 36.231609>
	pigment { color rgbt <0,1,1,0> }
	no_shadow
}
cylinder {
	<29.507389, 39.403313, 35.450069>,  <28.976856, 39.506233, 35.982151>, 0.130000
	pigment { color rgbt <1,0,0,0> }
	no_shadow
}

// nucleotide -1

// particle -1
sphere {
	<29.507389, 39.403313, 35.450069> 0.250000
	pigment { color rgbt <1,0,0,0> }
	no_shadow
}
cylinder {
	<29.713291, 39.374870, 35.791824>,  <29.836832, 39.357803, 35.996876>, 0.100000
	pigment { color rgbt <1,0,0,0> }
	no_shadow
}
cylinder {
	<29.713291, 39.374870, 35.791824>,  <29.507389, 39.403313, 35.450069>, 0.100000
	pigment { color rgbt <1,0,0,0> }
	no_shadow
}

// particle -1
sphere {
	<29.713291, 39.374870, 35.791824> 0.100000
	pigment { color rgbt <1,0,0,0> }
	no_shadow
}
sphere {
	0, 1
	scale<0.080000,0.200000,0.300000>
	matrix <0.480623, -0.801299, -0.356261,
		0.709950, 0.594023, -0.378295,
		0.514755, -0.071110, 0.854383,
		29.867718, 39.353539, 36.048138>
	pigment { color rgbt <0,1,1,0> }
	no_shadow
}
cylinder {
	<30.322472, 39.359150, 35.411079>,  <29.507389, 39.403313, 35.450069>, 0.130000
	pigment { color rgbt <1,0,0,0> }
	no_shadow
}

// nucleotide -1

// particle -1
sphere {
	<30.322472, 39.359150, 35.411079> 0.250000
	pigment { color rgbt <1,0,0,0> }
	no_shadow
}
cylinder {
	<30.180801, 39.136902, 35.711971>,  <30.095798, 39.003551, 35.892506>, 0.100000
	pigment { color rgbt <1,0,0,0> }
	no_shadow
}
cylinder {
	<30.180801, 39.136902, 35.711971>,  <30.322472, 39.359150, 35.411079>, 0.100000
	pigment { color rgbt <1,0,0,0> }
	no_shadow
}

// particle -1
sphere {
	<30.180801, 39.136902, 35.711971> 0.100000
	pigment { color rgbt <1,0,0,0> }
	no_shadow
}
sphere {
	0, 1
	scale<0.080000,0.200000,0.300000>
	matrix <0.223578, -0.831348, -0.508796,
