// switches for output
#declare DRAW_BASES = 1; // possible values are 0, 1; only relevant for DNA ribbons
#declare DRAW_BASES_TYPE = 3; // possible values are 1, 2, 3; only relevant for DNA ribbons
#declare DRAW_FOG = 0; // set to 1 to enable fog

#include "colors.inc"

#include "transforms.inc"
background { rgb <1, 1, 1>}

#default {
   normal{
       ripples 0.25
       frequency 0.20
       turbulence 0.2
       lambda 5
   }
	finish {
		phong 0.1
		phong_size 40.
	}
}

// original window dimensions: 1024x640


// camera settings

camera {
	sky <0, 0.179814, -0.983701>
	up <0, 0.179814, -0.983701>
	right 1.6 * <1, 0, 0>
	location <35, 94.9851, 44.8844>
	look_at <35, 29.7336, 32.9568>
	direction <0, -65.2515, -11.9276>
	angle 67.0682
}


# declare cpy_camera_pos = <35, 94.9851, 44.8844>;
# if (DRAW_FOG = 1)
fog {
	fog_type 2
	up vnormalize(cpy_camera_pos)
	color rgbt<1,1,1,0.3>
	distance 1e-5
	fog_alt 3e-3
	fog_offset 56
}
# end


// LIGHTS

# declare lum = 6;
global_settings {
	ambient_light rgb lum * <0.05, 0.05, 0.05>
	max_trace_level 15
}# declare cpy_direct_light_amount = 0.25;
light_source
{	1000 * <-1, -1.16352, -0.803886>,
	rgb lum * cpy_direct_light_amount
	parallel
}

light_source
{	1000 * <1, 1.16352, 0.803886>,
	rgb lum * cpy_direct_light_amount
	parallel
}

// strand 0

// nucleotide -1

// particle -1
sphere {
	<24.275389, 35.322838, 34.732571> 0.250000
	pigment { color rgbt <1,0,0,0> }
	no_shadow
}
cylinder {
	<24.381729, 35.119122, 35.059971>,  <24.445534, 34.996891, 35.256413>, 0.100000
	pigment { color rgbt <1,0,0,0> }
	no_shadow
}
cylinder {
	<24.381729, 35.119122, 35.059971>,  <24.275389, 35.322838, 34.732571>, 0.100000
	pigment { color rgbt <1,0,0,0> }
	no_shadow
}

// particle -1
sphere {
	<24.381729, 35.119122, 35.059971> 0.100000
	pigment { color rgbt <1,0,0,0> }
	no_shadow
}
sphere {
	0, 1
	scale<0.080000,0.200000,0.300000>
	matrix <0.858870, -0.260459, -0.441025,
		0.437797, 0.820234, 0.368172,
		0.265850, -0.509291, 0.818503,
		24.461485, 34.966335, 35.305523>
	pigment { color rgbt <0,1,1,0> }
	no_shadow
}
cylinder {
	<24.992241, 35.535496, 35.033215>,  <24.275389, 35.322838, 34.732571>, 0.130000
	pigment { color rgbt <1,0,0,0> }
	no_shadow
}

// nucleotide -1

// particle -1
sphere {
	<24.992241, 35.535496, 35.033215> 0.250000
	pigment { color rgbt <1,0,0,0> }
	no_shadow
}
cylinder {
	<24.884230, 35.151066, 35.056622>,  <24.819424, 34.920410, 35.070667>, 0.100000
	pigment { color rgbt <1,0,0,0> }
	no_shadow
}
cylinder {
	<24.884230, 35.151066, 35.056622>,  <24.992241, 35.535496, 35.033215>, 0.100000
	pigment { color rgbt <1,0,0,0> }
	no_shadow
}

// particle -1
sphere {
	<24.884230, 35.151066, 35.056622> 0.100000
	pigment { color rgbt <1,0,0,0> }
	no_shadow
}
sphere {
	0, 1
	scale<0.080000,0.200000,0.300000>
	matrix <0.900951, -0.273639, -0.336764,
		0.339667, -0.038213, 0.939769,
		-0.270026, -0.961073, 0.058518,
		24.803223, 34.862743, 35.074177>
	pigment { color rgbt <0,1,1,0> }
	no_shadow
}
cylinder {
	<25.557751, 35.186291, 35.339394>,  <24.992241, 35.535496, 35.033215>, 0.130000
	pigment { color rgbt <1,0,0,0> }
	no_shadow
}

// nucleotide -1

// particle -1
sphere {
	<25.557751, 35.186291, 35.339394> 0.250000
	pigment { color rgbt <1,0,0,0> }
	no_shadow
}
cylinder {
	<25.363928, 34.895016, 35.145508>,  <25.247635, 34.720249, 35.029175>, 0.100000
	pigment { color rgbt <1,0,0,0> }
	no_shadow
}
cylinder {
	<25.363928, 34.895016, 35.145508>,  <25.557751, 35.186291, 35.339394>, 0.100000
	pigment { color rgbt <1,0,0,0> }
	no_shadow
}

// particle -1
sphere {
	<25.363928, 34.895016, 35.145508> 0.100000
	pigment { color rgbt <1,0,0,0> }
	no_shadow
}
sphere {
	0, 1
	scale<0.080000,0.200000,0.300000>
	matrix <0.855245, -0.277973, -0.437364,
		0.183745, -0.626477, 0.757472,
		-0.484556, -0.728188, -0.484715,
		25.218561, 34.676559, 35.000092>
	pigment { color rgbt <0,1,1,0> }
	no_shadow
}
cylinder {
	<26.293455, 35.177174, 35.388039>,  <25.557751, 35.186291, 35.339394>, 0.130000
	pigment { color rgbt <1,0,0,0> }
	no_shadow
}

// nucleotide -1

// particle -1
sphere {
	<26.293455, 35.177174, 35.388039> 0.250000
	pigment { color rgbt <1,0,0,0> }
	no_shadow
}
cylinder {
	<26.588644, 34.912712, 35.333965>,  <26.765759, 34.754036, 35.301521>, 0.100000
	pigment { color rgbt <1,0,0,0> }
	no_shadow
}
cylinder {
	<26.588644, 34.912712, 35.333965>,  <26.293455, 35.177174, 35.388039>, 0.100000
	pigment { color rgbt <1,0,0,0> }
	no_shadow
}

// particle -1
sphere {
	<26.588644, 34.912712, 35.333965> 0.100000
	pigment { color rgbt <1,0,0,0> }
	no_shadow
}
sphere {
	0, 1
	scale<0.080000,0.200000,0.300000>
	matrix <0.647684, 0.637687, 0.416966,
		-0.189475, -0.395264, 0.898813,
		0.737974, -0.661152, -0.135180,
		26.810036, 34.714367, 35.293411>
	pigment { color rgbt <0,1,1,0> }
	no_shadow
}
cylinder {
	<26.698210, 35.068295, 36.007980>,  <26.293455, 35.177174, 35.388039>, 0.130000
	pigment { color rgbt <1,0,0,0> }
	no_shadow
}

// nucleotide -1

// particle -1
sphere {
	<26.698210, 35.068295, 36.007980> 0.250000
	pigment { color rgbt <1,0,0,0> }
	no_shadow
}
cylinder {
	<26.954292, 34.949436, 35.724617>,  <27.107943, 34.878120, 35.554600>, 0.100000
	pigment { color rgbt <1,0,0,0> }
	no_shadow
}
cylinder {
	<26.954292, 34.949436, 35.724617>,  <26.698210, 35.068295, 36.007980>, 0.100000
	pigment { color rgbt <1,0,0,0> }
	no_shadow
}

// particle -1
sphere {
	<26.954292, 34.949436, 35.724617> 0.100000
	pigment { color rgbt <1,0,0,0> }
	no_shadow
}
sphere {
	0, 1
	scale<0.080000,0.200000,0.300000>
	matrix <0.691490, 0.624601, 0.362927,
		0.334630, -0.722205, 0.605346,
		0.640207, -0.297144, -0.708407,
		27.146355, 34.860294, 35.512096>
	pigment { color rgbt <0,1,1,0> }
	no_shadow
}
cylinder {
	<27.463659, 34.938889, 36.264297>,  <26.698210, 35.068295, 36.007980>, 0.130000
	pigment { color rgbt <1,0,0,0> }
	no_shadow
}

// nucleotide -1

// particle -1
sphere {
	<27.463659, 34.938889, 36.264297> 0.250000
	pigment { color rgbt <1,0,0,0> }
	no_shadow
}
cylinder {
	<27.498991, 34.980553, 35.868046>,  <27.520191, 35.005550, 35.630295>, 0.100000
	pigment { color rgbt <1,0,0,0> }
	no_shadow
}
cylinder {
	<27.498991, 34.980553, 35.868046>,  <27.463659, 34.938889, 36.264297>, 0.100000
	pigment { color rgbt <1,0,0,0> }
	no_shadow
}

// particle -1
sphere {
	<27.498991, 34.980553, 35.868046> 0.100000
	pigment { color rgbt <1,0,0,0> }
	no_shadow
}
sphere {
	0, 1
	scale<0.080000,0.200000,0.300000>
	matrix <0.685200, 0.715482, 0.136329,
		0.722979, -0.690822, -0.008174,
		0.088331, 0.104164, -0.990630,
		27.525490, 35.011803, 35.570858>
	pigment { color rgbt <0,1,1,0> }
	no_shadow
}
cylinder {
	<28.236576, 34.720554, 36.172043>,  <27.463659, 34.938889, 36.264297>, 0.130000
	pigment { color rgbt <1,0,0,0> }
	no_shadow
}

// nucleotide -1

// particle -1
sphere {
	<28.236576, 34.720554, 36.172043> 0.250000
	pigment { color rgbt <1,0,0,0> }
	no_shadow
}
cylinder {
	<28.128746, 34.920570, 35.842854>,  <28.064049, 35.040581, 35.645340>, 0.100000
	pigment { color rgbt <1,0,0,0> }
	no_shadow
}
cylinder {
	<28.128746, 34.920570, 35.842854>,  <28.236576, 34.720554, 36.172043>, 0.100000
	pigment { color rgbt <1,0,0,0> }
	no_shadow
}

// particle -1
sphere {
	<28.128746, 34.920570, 35.842854> 0.100000
	pigment { color rgbt <1,0,0,0> }
	no_shadow
}
sphere {
	0, 1
	scale<0.080000,0.200000,0.300000>
	matrix <0.857773, 0.513105, 0.030793,
		0.437670, -0.697624, -0.567244,
		-0.269574, 0.500044, -0.822974,
		28.047874, 35.070583, 35.595963>
	pigment { color rgbt <0,1,1,0> }
	no_shadow
}
cylinder {
	<28.740986, 34.679401, 35.666672>,  <28.236576, 34.720554, 36.172043>, 0.130000
	pigment { color rgbt <1,0,0,0> }
	no_shadow
}

// nucleotide -1

// particle -1
sphere {
	<28.740986, 34.679401, 35.666672> 0.250000
	pigment { color rgbt <1,0,0,0> }
	no_shadow
}
cylinder {
	<28.541998, 35.014141, 35.575272>,  <28.422606, 35.214985, 35.520432>, 0.100000
	pigment { color rgbt <1,0,0,0> }
	no_shadow
}
cylinder {
	<28.541998, 35.014141, 35.575272>,  <28.740986, 34.679401, 35.666672>, 0.100000
	pigment { color rgbt <1,0,0,0> }
	no_shadow
}

// particle -1
sphere {
	<28.541998, 35.014141, 35.575272> 0.100000
	pigment { color rgbt <1,0,0,0> }
	no_shadow
}
sphere {
	0, 1
	scale<0.080000,0.200000,0.300000>
	matrix <0.866479, 0.466687, -0.177251,
		-0.041691, -0.286171, -0.957271,
		-0.497470, 0.836845, -0.228505,
		28.392757, 35.265194, 35.506721>
	pigment { color rgbt <0,1,1,0> }
	no_shadow
}
cylinder {
	<29.205523, 34.998562, 35.068634>,  <28.740986, 34.679401, 35.666672>, 0.130000
	pigment { color rgbt <1,0,0,0> }
	no_shadow
}

// nucleotide -1

// particle -1
sphere {
	<29.205523, 34.998562, 35.068634> 0.250000
	pigment { color rgbt <1,0,0,0> }
	no_shadow
}
cylinder {
	<28.993942, 35.304409, 35.215916>,  <28.866995, 35.487919, 35.304283>, 0.100000
	pigment { color rgbt <1,0,0,0> }
	no_shadow
}
cylinder {
	<28.993942, 35.304409, 35.215916>,  <29.205523, 34.998562, 35.068634>, 0.100000
	pigment { color rgbt <1,0,0,0> }
	no_shadow
}

// particle -1
sphere {
	<28.993942, 35.304409, 35.215916> 0.100000
	pigment { color rgbt <1,0,0,0> }
	no_shadow
}
sphere {
	0, 1
	scale<0.080000,0.200000,0.300000>
	matrix <0.715865, 0.635024, -0.290314,
		-0.455797, 0.110023, -0.883258,
		-0.528949, 0.764617, 0.368204,
		28.835258, 35.533794, 35.326378>
	pigment { color rgbt <0,1,1,0> }
	no_shadow
}
cylinder {
	<29.396021, 35.513340, 34.614620>,  <29.205523, 34.998562, 35.068634>, 0.130000
	pigment { color rgbt <1,0,0,0> }
	no_shadow
}

// nucleotide -1

// particle -1
sphere {
	<29.396021, 35.513340, 34.614620> 0.250000
	pigment { color rgbt <1,0,0,0> }
	no_shadow
}
cylinder {
	<29.238228, 35.726093, 34.914349>,  <29.143553, 35.853745, 35.094185>, 0.100000
	pigment { color rgbt <1,0,0,0> }
	no_shadow
}
cylinder {
	<29.238228, 35.726093, 34.914349>,  <29.396021, 35.513340, 34.614620>, 0.100000
	pigment { color rgbt <1,0,0,0> }
	no_shadow
}

// particle -1
sphere {
	<29.238228, 35.726093, 34.914349> 0.100000
	pigment { color rgbt <1,0,0,0> }
	no_shadow
}
sphere {
	0, 1
	scale<0.080000,0.200000,0.300000>
	matrix <0.602385, 0.765477, -0.226223,
		-0.693914, 0.362141, -0.622364,
		-0.394481, 0.531883, 0.749323,
		29.119884, 35.885658, 35.139145>
	pigment { color rgbt <0,1,1,0> }
	no_shadow
}
cylinder {
	<29.498194, 36.201504, 34.360516>,  <29.396021, 35.513340, 34.614620>, 0.130000
	pigment { color rgbt <1,0,0,0> }
	no_shadow
}

// nucleotide -1

// particle -1
sphere {
	<29.498194, 36.201504, 34.360516> 0.250000
	pigment { color rgbt <1,0,0,0> }
	no_shadow
}
cylinder {
	<29.418661, 36.239178, 34.750713>,  <29.370941, 36.261784, 34.984833>, 0.100000
	pigment { color rgbt <1,0,0,0> }
	no_shadow
}
cylinder {
	<29.418661, 36.239178, 34.750713>,  <29.498194, 36.201504, 34.360516>, 0.100000
	pigment { color rgbt <1,0,0,0> }
	no_shadow
}

// particle -1
sphere {
	<29.418661, 36.239178, 34.750713> 0.100000
	pigment { color rgbt <1,0,0,0> }
	no_shadow
}
sphere {
	0, 1
	scale<0.080000,0.200000,0.300000>
	matrix <0.647055, 0.760197, 0.058488,
		-0.736061, 0.642830, -0.212094,
		-0.198831, 0.094186, 0.975497,
		29.359013, 36.267433, 35.043362>
	pigment { color rgbt <0,1,1,0> }
	no_shadow
}
cylinder {
	<29.347458, 36.899860, 34.382607>,  <29.498194, 36.201504, 34.360516>, 0.130000
	pigment { color rgbt <1,0,0,0> }
	no_shadow
}

// nucleotide -1

// particle -1
sphere {
	<29.347458, 36.899860, 34.382607> 0.250000
	pigment { color rgbt <1,0,0,0> }
	no_shadow
}
cylinder {
	<29.449829, 36.764721, 34.744900>,  <29.511251, 36.683636, 34.962276>, 0.100000
	pigment { color rgbt <1,0,0,0> }
	no_shadow
}
cylinder {
	<29.449829, 36.764721, 34.744900>,  <29.347458, 36.899860, 34.382607>, 0.100000
	pigment { color rgbt <1,0,0,0> }
	no_shadow
}

// particle -1
sphere {
	<29.449829, 36.764721, 34.744900> 0.100000
	pigment { color rgbt <1,0,0,0> }
	no_shadow
}
sphere {
	0, 1
	scale<0.080000,0.200000,0.300000>
	matrix <0.712871, 0.698790, 0.059224,
		-0.652928, 0.630516, 0.419684,
		0.255930, -0.337850, 0.905736,
		29.526608, 36.663364, 35.016621>
	pigment { color rgbt <0,1,1,0> }
	no_shadow
}
cylinder {
	<29.457359, 37.513191, 34.788082>,  <29.347458, 36.899860, 34.382607>, 0.130000
	pigment { color rgbt <1,0,0,0> }
	no_shadow
}

// nucleotide -1

// particle -1
sphere {
	<29.457359, 37.513191, 34.788082> 0.250000
	pigment { color rgbt <1,0,0,0> }
	no_shadow
}
cylinder {
	<29.632093, 37.219074, 34.995361>,  <29.736933, 37.042606, 35.119728>, 0.100000
	pigment { color rgbt <1,0,0,0> }
	no_shadow
}
cylinder {
	<29.632093, 37.219074, 34.995361>,  <29.457359, 37.513191, 34.788082>, 0.100000
	pigment { color rgbt <1,0,0,0> }
	no_shadow
}

// particle -1
sphere {
	<29.632093, 37.219074, 34.995361> 0.100000
	pigment { color rgbt <1,0,0,0> }
	no_shadow
}
sphere {
	0, 1
	scale<0.080000,0.200000,0.300000>
	matrix <0.802065, 0.579191, 0.145706,
		-0.407269, 0.351976, 0.842760,
		0.436834, -0.735290, 0.518194,
		29.763144, 36.998486, 35.150818>
	pigment { color rgbt <0,1,1,0> }
	no_shadow
}
cylinder {
	<29.793392, 37.897282, 35.349014>,  <29.457359, 37.513191, 34.788082>, 0.130000
	pigment { color rgbt <1,0,0,0> }
	no_shadow
}

// nucleotide -1

// particle -1
sphere {
	<29.793392, 37.897282, 35.349014> 0.250000
	pigment { color rgbt <1,0,0,0> }
	no_shadow
}
cylinder {
	<29.989622, 37.549057, 35.333759>,  <30.107359, 37.340122, 35.324608>, 0.100000
	pigment { color rgbt <1,0,0,0> }
	no_shadow
}
cylinder {
	<29.989622, 37.549057, 35.333759>,  <29.793392, 37.897282, 35.349014>, 0.100000
	pigment { color rgbt <1,0,0,0> }
	no_shadow
}

// particle -1
sphere {
	<29.989622, 37.549057, 35.333759> 0.100000
	pigment { color rgbt <1,0,0,0> }
	no_shadow
}
sphere {
	0, 1
	scale<0.080000,0.200000,0.300000>
	matrix <0.871299, 0.489380, 0.036683,
		-0.013273, -0.051222, 0.998599,
		0.490573, -0.870565, -0.038134,
		30.136793, 37.287888, 35.322319>
	pigment { color rgbt <0,1,1,0> }
	no_shadow
}
cylinder {
	<30.312862, 37.879745, 35.877464>,  <29.793392, 37.897282, 35.349014>, 0.130000
	pigment { color rgbt <1,0,0,0> }
	no_shadow
}

// nucleotide -1

// particle -1
sphere {
	<30.312862, 37.879745, 35.877464> 0.250000
	pigment { color rgbt <1,0,0,0> }
	no_shadow
}
cylinder {
	<30.428217, 37.627201, 35.589516>,  <30.497429, 37.475674, 35.416748>, 0.100000
	pigment { color rgbt <1,0,0,0> }
	no_shadow
}
cylinder {
	<30.428217, 37.627201, 35.589516>,  <30.312862, 37.879745, 35.877464>, 0.100000
	pigment { color rgbt <1,0,0,0> }
	no_shadow
}

// particle -1
sphere {
	<30.428217, 37.627201, 35.589516> 0.100000
	pigment { color rgbt <1,0,0,0> }
	no_shadow
}
sphere {
	0, 1
	scale<0.080000,0.200000,0.300000>
	matrix <0.911810, 0.410580, 0.005179,
		0.292294, -0.657879, 0.694089,
		0.288386, -0.631364, -0.719870,
		30.514732, 37.437794, 35.373554>
	pigment { color rgbt <0,1,1,0> }
	no_shadow
}
cylinder {
	<30.909851, 37.350231, 36.150135>,  <30.312862, 37.879745, 35.877464>, 0.130000
	pigment { color rgbt <1,0,0,0> }
	no_shadow
}

// nucleotide -1

// particle -1
sphere {
	<30.909851, 37.350231, 36.150135> 0.250000
	pigment { color rgbt <1,0,0,0> }
	no_shadow
}
cylinder {
	<30.956657, 37.398163, 35.755787>,  <30.984741, 37.426922, 35.519176>, 0.100000
	pigment { color rgbt <1,0,0,0> }
	no_shadow
}
cylinder {
	<30.956657, 37.398163, 35.755787>,  <30.909851, 37.350231, 36.150135>, 0.100000
	pigment { color rgbt <1,0,0,0> }
	no_shadow
}

// particle -1
sphere {
	<30.956657, 37.398163, 35.755787> 0.100000
	pigment { color rgbt <1,0,0,0> }
	no_shadow
}
sphere {
	0, 1
	scale<0.080000,0.200000,0.300000>
	matrix <0.945558, 0.290112, 0.147494,
		0.303689, -0.949460, -0.079361,
		0.117016, 0.119832, -0.985874,
		30.991762, 37.434113, 35.460026>
	pigment { color rgbt <0,1,1,0> }
	no_shadow
}
cylinder {
	<31.586824, 37.331802, 36.111198>,  <30.909851, 37.350231, 36.150135>, 0.130000
	pigment { color rgbt <1,0,0,0> }
	no_shadow
}

// nucleotide -1

// particle -1
sphere {
	<31.586824, 37.331802, 36.111198> 0.250000
	pigment { color rgbt <1,0,0,0> }
	no_shadow
}
cylinder {
	<31.519201, 37.421837, 35.727375>,  <31.478628, 37.475857, 35.497082>, 0.100000
	pigment { color rgbt <1,0,0,0> }
	no_shadow
}
cylinder {
	<31.519201, 37.421837, 35.727375>,  <31.586824, 37.331802, 36.111198>, 0.100000
	pigment { color rgbt <1,0,0,0> }
	no_shadow
}

// particle -1
sphere {
	<31.519201, 37.421837, 35.727375> 0.100000
	pigment { color rgbt <1,0,0,0> }
	no_shadow
}
sphere {
	0, 1
	scale<0.080000,0.200000,0.300000>
	matrix <0.921652, 0.381090, -0.072987,
		0.349251, -0.896721, -0.271874,
		-0.169058, 0.225082, -0.959561,
		31.468485, 37.489361, 35.439507>
	pigment { color rgbt <0,1,1,0> }
	no_shadow
}
cylinder {
	<32.230404, 37.163147, 35.791859>,  <31.586824, 37.331802, 36.111198>, 0.130000
	pigment { color rgbt <1,0,0,0> }
	no_shadow
}

// nucleotide -1

// particle -1
sphere {
	<32.230404, 37.163147, 35.791859> 0.250000
	pigment { color rgbt <1,0,0,0> }
	no_shadow
}
cylinder {
	<32.029839, 37.415321, 35.554832>,  <31.909500, 37.566628, 35.412617>, 0.100000
	pigment { color rgbt <1,0,0,0> }
	no_shadow
}
cylinder {
	<32.029839, 37.415321, 35.554832>,  <32.230404, 37.163147, 35.791859>, 0.100000
	pigment { color rgbt <1,0,0,0> }
	no_shadow
}

// particle -1
sphere {
	<32.029839, 37.415321, 35.554832> 0.100000
	pigment { color rgbt <1,0,0,0> }
	no_shadow
}
sphere {
	0, 1
	scale<0.080000,0.200000,0.300000>
	matrix <0.858039, 0.450317, -0.246948,
		0.111160, -0.632270, -0.766732,
		-0.501410, 0.630435, -0.592570,
		31.879416, 37.604450, 35.377060>
	pigment { color rgbt <0,1,1,0> }
	no_shadow
}
cylinder {
	<32.531925, 37.227600, 35.040600>,  <32.230404, 37.163147, 35.791859>, 0.130000
	pigment { color rgbt <1,0,0,0> }
	no_shadow
}

// nucleotide -1

// particle -1
sphere {
	<32.531925, 37.227600, 35.040600> 0.250000
	pigment { color rgbt <1,0,0,0> }
	no_shadow
}
cylinder {
	<32.319332, 37.561123, 35.100327>,  <32.191776, 37.761238, 35.136162>, 0.100000
	pigment { color rgbt <1,0,0,0> }
	no_shadow
}
cylinder {
	<32.319332, 37.561123, 35.100327>,  <32.531925, 37.227600, 35.040600>, 0.100000
	pigment { color rgbt <1,0,0,0> }
	no_shadow
}

// particle -1
sphere {
	<32.319332, 37.561123, 35.100327> 0.100000
	pigment { color rgbt <1,0,0,0> }
	no_shadow
}
sphere {
	0, 1
	scale<0.080000,0.200000,0.300000>
	matrix <0.775186, 0.549824, -0.311094,
		-0.341491, -0.049591, -0.938576,
		-0.531479, 0.833807, 0.149318,
		32.159889, 37.811264, 35.145123>
	pigment { color rgbt <0,1,1,0> }
	no_shadow
}
cylinder {
	<32.540028, 37.655773, 34.379234>,  <32.531925, 37.227600, 35.040600>, 0.130000
	pigment { color rgbt <1,0,0,0> }
	no_shadow
}

// nucleotide -1

// particle -1
sphere {
	<32.540028, 37.655773, 34.379234> 0.250000
	pigment { color rgbt <1,0,0,0> }
	no_shadow
}
cylinder {
	<32.483311, 37.906818, 34.685436>,  <32.449280, 38.057446, 34.869160>, 0.100000
	pigment { color rgbt <1,0,0,0> }
	no_shadow
}
cylinder {
	<32.483311, 37.906818, 34.685436>,  <32.540028, 37.655773, 34.379234>, 0.100000
	pigment { color rgbt <1,0,0,0> }
	no_shadow
}

// particle -1
sphere {
	<32.483311, 37.906818, 34.685436> 0.100000
	pigment { color rgbt <1,0,0,0> }
	no_shadow
}
sphere {
	0, 1
	scale<0.080000,0.200000,0.300000>
	matrix <0.704803, 0.607020, -0.367122,
		-0.695087, 0.487477, -0.528413,
		-0.141794, 0.627609, 0.765507,
		32.440773, 38.095100, 34.915089>
	pigment { color rgbt <0,1,1,0> }
	no_shadow
}
cylinder {
	<32.769150, 38.250607, 34.058666>,  <32.540028, 37.655773, 34.379234>, 0.130000
	pigment { color rgbt <1,0,0,0> }
	no_shadow
}

// nucleotide -1

// particle -1
sphere {
	<32.769150, 38.250607, 34.058666> 0.250000
	pigment { color rgbt <1,0,0,0> }
	no_shadow
}
cylinder {
	<32.774136, 38.379955, 34.437141>,  <32.777126, 38.457565, 34.664227>, 0.100000
	pigment { color rgbt <1,0,0,0> }
	no_shadow
}
cylinder {
	<32.774136, 38.379955, 34.437141>,  <32.769150, 38.250607, 34.058666>, 0.100000
	pigment { color rgbt <1,0,0,0> }
	no_shadow
}

// particle -1
sphere {
	<32.774136, 38.379955, 34.437141> 0.100000
	pigment { color rgbt <1,0,0,0> }
	no_shadow
}
sphere {
	0, 1
	scale<0.080000,0.200000,0.300000>
	matrix <0.723521, 0.650235, -0.231758,
		-0.690189, 0.687479, -0.225858,
		0.012468, 0.323370, 0.946190,
		32.777878, 38.476967, 34.720997>
	pigment { color rgbt <0,1,1,0> }
	no_shadow
}
cylinder {
	<32.712833, 38.968044, 34.039101>,  <32.769150, 38.250607, 34.058666>, 0.130000
	pigment { color rgbt <1,0,0,0> }
	no_shadow
}

// nucleotide -1

// particle -1
sphere {
	<32.712833, 38.968044, 34.039101> 0.250000
	pigment { color rgbt <1,0,0,0> }
	no_shadow
}
cylinder {
	<32.878521, 38.872574, 34.390430>,  <32.977932, 38.815292, 34.601231>, 0.100000
	pigment { color rgbt <1,0,0,0> }
	no_shadow
}
cylinder {
	<32.878521, 38.872574, 34.390430>,  <32.712833, 38.968044, 34.039101>, 0.100000
	pigment { color rgbt <1,0,0,0> }
	no_shadow
}

// particle -1
sphere {
	<32.878521, 38.872574, 34.390430> 0.100000
	pigment { color rgbt <1,0,0,0> }
	no_shadow
}
sphere {
	0, 1
	scale<0.080000,0.200000,0.300000>
	matrix <0.830324, 0.494355, -0.257248,
		-0.372807, 0.835852, 0.402947,
		0.414220, -0.238673, 0.878327,
		33.002789, 38.800972, 34.653927>
	pigment { color rgbt <0,1,1,0> }
	no_shadow
}
cylinder {
	<32.896523, 39.601498, 34.393692>,  <32.712833, 38.968044, 34.039101>, 0.130000
	pigment { color rgbt <1,0,0,0> }
	no_shadow
}

// nucleotide -1

// particle -1
sphere {
	<32.896523, 39.601498, 34.393692> 0.250000
	pigment { color rgbt <1,0,0,0> }
	no_shadow
}
cylinder {
	<33.149906, 39.342648, 34.563377>,  <33.301937, 39.187340, 34.665188>, 0.100000
	pigment { color rgbt <1,0,0,0> }
	no_shadow
}
cylinder {
	<33.149906, 39.342648, 34.563377>,  <32.896523, 39.601498, 34.393692>, 0.100000
	pigment { color rgbt <1,0,0,0> }
	no_shadow
}

// particle -1
sphere {
	<33.149906, 39.342648, 34.563377> 0.100000
	pigment { color rgbt <1,0,0,0> }
	no_shadow
}
sphere {
	0, 1
	scale<0.080000,0.200000,0.300000>
	matrix <0.752117, 0.643749, -0.141093,
		-0.181783, 0.408436, 0.894503,
		0.633462, -0.647123, 0.424214,
		33.339947, 39.148510, 34.690643>
	pigment { color rgbt <0,1,1,0> }
	no_shadow
}
cylinder {
	<33.253265, 39.955074, 34.775936>,  <32.896523, 39.601498, 34.393692>, 0.130000
	pigment { color rgbt <1,0,0,0> }
	no_shadow
}

// nucleotide -1

// particle -1
sphere {
	<33.253265, 39.955074, 34.775936> 0.250000
	pigment { color rgbt <1,0,0,0> }
	no_shadow
}
cylinder {
	<33.469147, 39.622917, 34.720562>,  <33.598675, 39.423622, 34.687336>, 0.100000
	pigment { color rgbt <1,0,0,0> }
	no_shadow
}
cylinder {
	<33.469147, 39.622917, 34.720562>,  <33.253265, 39.955074, 34.775936>, 0.100000
	pigment { color rgbt <1,0,0,0> }
	no_shadow
}

// particle -1
sphere {
	<33.469147, 39.622917, 34.720562> 0.100000
	pigment { color rgbt <1,0,0,0> }
	no_shadow
}
sphere {
	0, 1
	scale<0.080000,0.200000,0.300000>
	matrix <0.814327, 0.556653, -0.164344,
		0.213532, -0.024035, 0.976641,
		0.539700, -0.830397, -0.138436,
		33.631058, 39.373798, 34.679031>
	pigment { color rgbt <0,1,1,0> }
	no_shadow
}
cylinder {
	<33.814495, 39.969738, 35.312687>,  <33.253265, 39.955074, 34.775936>, 0.130000
	pigment { color rgbt <1,0,0,0> }
	no_shadow
}

// nucleotide -1

// particle -1
sphere {
	<33.814495, 39.969738, 35.312687> 0.250000
	pigment { color rgbt <1,0,0,0> }
	no_shadow
}
cylinder {
	<33.960575, 39.769318, 34.998852>,  <34.048222, 39.649067, 34.810551>, 0.100000
	pigment { color rgbt <1,0,0,0> }
	no_shadow
}
cylinder {
	<33.960575, 39.769318, 34.998852>,  <33.814495, 39.969738, 35.312687>, 0.100000
	pigment { color rgbt <1,0,0,0> }
	no_shadow
}

// particle -1
sphere {
	<33.960575, 39.769318, 34.998852> 0.100000
	pigment { color rgbt <1,0,0,0> }
	no_shadow
}
sphere {
	0, 1
	scale<0.080000,0.200000,0.300000>
	matrix <0.840065, 0.540547, 0.045822,
		0.401148, -0.675840, 0.618321,
		0.365200, -0.501048, -0.784589,
		34.070137, 39.619003, 34.763474>
	pigment { color rgbt <0,1,1,0> }
	no_shadow
}
cylinder {
	<34.493530, 39.841244, 35.481251>,  <33.814495, 39.969738, 35.312687>, 0.130000
	pigment { color rgbt <1,0,0,0> }
	no_shadow
}

// nucleotide -1

// particle -1
sphere {
	<34.493530, 39.841244, 35.481251> 0.250000
	pigment { color rgbt <1,0,0,0> }
	no_shadow
}
cylinder {
	<34.462536, 39.786530, 35.086224>,  <34.443939, 39.753700, 34.849209>, 0.100000
	pigment { color rgbt <1,0,0,0> }
	no_shadow
}
cylinder {
	<34.462536, 39.786530, 35.086224>,  <34.493530, 39.841244, 35.481251>, 0.100000
	pigment { color rgbt <1,0,0,0> }
	no_shadow
}

// particle -1
sphere {
	<34.462536, 39.786530, 35.086224> 0.100000
	pigment { color rgbt <1,0,0,0> }
	no_shadow
}
sphere {
	0, 1
	scale<0.080000,0.200000,0.300000>
	matrix <0.848091, 0.511722, -0.137415,
		0.524155, -0.848193, 0.076353,
		-0.077483, -0.136781, -0.987566,
		34.439289, 39.745495, 34.789955>
	pigment { color rgbt <0,1,1,0> }
	no_shadow
}
cylinder {
	<35.117237, 39.429306, 35.135128>,  <34.493530, 39.841244, 35.481251>, 0.130000
	pigment { color rgbt <1,0,0,0> }
	no_shadow
}

// nucleotide -1

// particle -1
sphere {
	<35.117237, 39.429306, 35.135128> 0.250000
	pigment { color rgbt <1,0,0,0> }
	no_shadow
}
cylinder {
	<34.928032, 39.700863, 34.910496>,  <34.814510, 39.863796, 34.775719>, 0.100000
	pigment { color rgbt <1,0,0,0> }
	no_shadow
}
cylinder {
	<34.928032, 39.700863, 34.910496>,  <35.117237, 39.429306, 35.135128>, 0.100000
	pigment { color rgbt <1,0,0,0> }
	no_shadow
}

// particle -1
sphere {
	<34.928032, 39.700863, 34.910496> 0.100000
	pigment { color rgbt <1,0,0,0> }
	no_shadow
}
sphere {
	0, 1
	scale<0.080000,0.200000,0.300000>
	matrix <0.814081, 0.580528, 0.016114,
		0.336951, -0.449546, -0.827268,
		-0.473008, 0.678893, -0.561576,
		34.786129, 39.904530, 34.742023>
	pigment { color rgbt <0,1,1,0> }
	no_shadow
}
cylinder {
	<35.522629, 39.534344, 34.463348>,  <35.117237, 39.429306, 35.135128>, 0.130000
	pigment { color rgbt <1,0,0,0> }
	no_shadow
}

// nucleotide -1

// particle -1
sphere {
	<35.522629, 39.534344, 34.463348> 0.250000
	pigment { color rgbt <1,0,0,0> }
	no_shadow
}
cylinder {
	<35.308228, 39.859207, 34.555523>,  <35.179585, 40.054123, 34.610828>, 0.100000
	pigment { color rgbt <1,0,0,0> }
	no_shadow
}
cylinder {
	<35.308228, 39.859207, 34.555523>,  <35.522629, 39.534344, 34.463348>, 0.100000
	pigment { color rgbt <1,0,0,0> }
	no_shadow
}

// particle -1
sphere {
	<35.308228, 39.859207, 34.555523> 0.100000
	pigment { color rgbt <1,0,0,0> }
	no_shadow
}
sphere {
	0, 1
	scale<0.080000,0.200000,0.300000>
	matrix <0.776651, 0.581380, -0.242509,
		-0.330925, 0.048980, -0.942385,
		-0.536006, 0.812156, 0.230434,
		35.147427, 40.102856, 34.624653>
	pigment { color rgbt <0,1,1,0> }
	no_shadow
}
cylinder {
	<36.172607, 39.439327, 34.751911>,  <35.522629, 39.534344, 34.463348>, 0.130000
	pigment { color rgbt <1,0,0,0> }
	no_shadow
}

// nucleotide -1

// particle -1
sphere {
	<36.172607, 39.439327, 34.751911> 0.250000
	pigment { color rgbt <1,0,0,0> }
	no_shadow
}
cylinder {
	<35.967079, 39.481358, 35.092487>,  <35.843761, 39.506577, 35.296833>, 0.100000
	pigment { color rgbt <1,0,0,0> }
	no_shadow
}
cylinder {
	<35.967079, 39.481358, 35.092487>,  <36.172607, 39.439327, 34.751911>, 0.100000
	pigment { color rgbt <1,0,0,0> }
	no_shadow
}

// particle -1
sphere {
	<35.967079, 39.481358, 35.092487> 0.100000
	pigment { color rgbt <1,0,0,0> }
	no_shadow
}
sphere {
	0, 1
	scale<0.080000,0.200000,0.300000>
	matrix <-0.706434, 0.511304, -0.489407,
		-0.486768, -0.852953, -0.188490,
		-0.513817, 0.105072, 0.851441,
		35.812935, 39.512878, 35.347919>
	pigment { color rgbt <0,1,1,0> }
	no_shadow
}
cylinder {
	<36.454250, 39.995003, 34.392273>,  <36.172607, 39.439327, 34.751911>, 0.130000
	pigment { color rgbt <1,0,0,0> }
	no_shadow
}

// nucleotide -1

// particle -1
sphere {
	<36.454250, 39.995003, 34.392273> 0.250000
	pigment { color rgbt <1,0,0,0> }
	no_shadow
}
cylinder {
	<36.432362, 40.012764, 33.993267>,  <36.419228, 40.023422, 33.753864>, 0.100000
	pigment { color rgbt <1,0,0,0> }
	no_shadow
}
cylinder {
	<36.432362, 40.012764, 33.993267>,  <36.454250, 39.995003, 34.392273>, 0.100000
	pigment { color rgbt <1,0,0,0> }
	no_shadow
}

// particle -1
sphere {
	<36.432362, 40.012764, 33.993267> 0.100000
	pigment { color rgbt <1,0,0,0> }
	no_shadow
}
sphere {
	0, 1
	scale<0.080000,0.200000,0.300000>
	matrix <-0.914441, -0.403435, 0.032206,
		-0.401002, 0.913930, 0.062682,
		-0.054722, 0.044405, -0.997514,
		36.415943, 40.026085, 33.694012>
	pigment { color rgbt <0,1,1,0> }
	no_shadow
}
cylinder {
	<35.748035, 40.073212, 34.045933>,  <36.454250, 39.995003, 34.392273>, 0.130000
	pigment { color rgbt <1,0,0,0> }
	no_shadow
}

// nucleotide -1

// particle -1
sphere {
	<35.748035, 40.073212, 34.045933> 0.250000
	pigment { color rgbt <1,0,0,0> }
	no_shadow
}
cylinder {
	<35.925804, 39.926826, 33.718868>,  <36.032463, 39.838997, 33.522629>, 0.100000
	pigment { color rgbt <1,0,0,0> }
	no_shadow
}
cylinder {
	<35.925804, 39.926826, 33.718868>,  <35.748035, 40.073212, 34.045933>, 0.100000
	pigment { color rgbt <1,0,0,0> }
	no_shadow
}

// particle -1
sphere {
	<35.925804, 39.926826, 33.718868> 0.100000
	pigment { color rgbt <1,0,0,0> }
	no_shadow
}
sphere {
	0, 1
	scale<0.080000,0.200000,0.300000>
	matrix <-0.840777, -0.485412, -0.239729,
		-0.309170, 0.794007, -0.523418,
		0.444420, -0.365961, -0.817657,
		36.059132, 39.817039, 33.473572>
	pigment { color rgbt <0,1,1,0> }
	no_shadow
}
cylinder {
	<35.175751, 39.723225, 33.752850>,  <35.748035, 40.073212, 34.045933>, 0.130000
	pigment { color rgbt <1,0,0,0> }
	no_shadow
}

// nucleotide -1

// particle -1
sphere {
	<35.175751, 39.723225, 33.752850> 0.250000
	pigment { color rgbt <1,0,0,0> }
	no_shadow
}
cylinder {
	<35.491268, 39.644428, 33.519958>,  <35.680580, 39.597153, 33.380222>, 0.100000
	pigment { color rgbt <1,0,0,0> }
	no_shadow
}
cylinder {
	<35.491268, 39.644428, 33.519958>,  <35.175751, 39.723225, 33.752850>, 0.100000
	pigment { color rgbt <1,0,0,0> }
	no_shadow
}

// particle -1
sphere {
	<35.491268, 39.644428, 33.519958> 0.100000
	pigment { color rgbt <1,0,0,0> }
	no_shadow
}
sphere {
	0, 1
	scale<0.080000,0.200000,0.300000>
	matrix <-0.498274, -0.759566, -0.418070,
		-0.359890, 0.619884, -0.697298,
		0.788798, -0.196986, -0.582232,
		35.727909, 39.585331, 33.345287>
	pigment { color rgbt <0,1,1,0> }
	no_shadow
}
cylinder {
	<35.161285, 39.726353, 33.010601>,  <35.175751, 39.723225, 33.752850>, 0.130000
	pigment { color rgbt <1,0,0,0> }
	no_shadow
}

// nucleotide -1

// particle -1
sphere {
	<35.161285, 39.726353, 33.010601> 0.250000
	pigment { color rgbt <1,0,0,0> }
	no_shadow
}
cylinder {
	<35.403461, 39.423492, 33.108719>,  <35.548767, 39.241776, 33.167587>, 0.100000
	pigment { color rgbt <1,0,0,0> }
	no_shadow
}
cylinder {
	<35.403461, 39.423492, 33.108719>,  <35.161285, 39.726353, 33.010601>, 0.100000
	pigment { color rgbt <1,0,0,0> }
	no_shadow
}

// particle -1
sphere {
	<35.403461, 39.423492, 33.108719> 0.100000
	pigment { color rgbt <1,0,0,0> }
	no_shadow
}
sphere {
	0, 1
	scale<0.080000,0.200000,0.300000>
	matrix <-0.749202, -0.646188, -0.145383,
		0.268580, -0.095752, -0.958486,
		0.605442, -0.757147, 0.245291,
		35.585094, 39.196350, 33.182304>
	pigment { color rgbt <0,1,1,0> }
	no_shadow
}
cylinder {
	<35.157299, 39.313389, 32.429729>,  <35.161285, 39.726353, 33.010601>, 0.130000
	pigment { color rgbt <1,0,0,0> }
	no_shadow
}

// nucleotide -1

// particle -1
sphere {
	<35.157299, 39.313389, 32.429729> 0.250000
	pigment { color rgbt <1,0,0,0> }
	no_shadow
}
cylinder {
	<35.244881, 39.101589, 32.757557>,  <35.297428, 38.974510, 32.954254>, 0.100000
	pigment { color rgbt <1,0,0,0> }
	no_shadow
}
cylinder {
	<35.244881, 39.101589, 32.757557>,  <35.157299, 39.313389, 32.429729>, 0.100000
	pigment { color rgbt <1,0,0,0> }
	no_shadow
}

// particle -1
sphere {
	<35.244881, 39.101589, 32.757557> 0.100000
	pigment { color rgbt <1,0,0,0> }
	no_shadow
}
sphere {
	0, 1
	scale<0.080000,0.200000,0.300000>
	matrix <-0.758527, -0.620711, -0.198382,
		0.613757, -0.578228, -0.537544,
		0.218950, -0.529500, 0.819568,
		35.310566, 38.942738, 33.003426>
	pigment { color rgbt <0,1,1,0> }
	no_shadow
}
cylinder {
	<35.441479, 38.584824, 32.265339>,  <35.157299, 39.313389, 32.429729>, 0.130000
	pigment { color rgbt <1,0,0,0> }
	no_shadow
}

// nucleotide -1

// particle -1
sphere {
	<35.441479, 38.584824, 32.265339> 0.250000
	pigment { color rgbt <1,0,0,0> }
	no_shadow
}
cylinder {
	<35.290665, 38.580280, 32.635792>,  <35.200176, 38.577553, 32.858063>, 0.100000
	pigment { color rgbt <1,0,0,0> }
	no_shadow
}
cylinder {
	<35.290665, 38.580280, 32.635792>,  <35.441479, 38.584824, 32.265339>, 0.100000
	pigment { color rgbt <1,0,0,0> }
	no_shadow
}

// particle -1
sphere {
	<35.290665, 38.580280, 32.635792> 0.100000
	pigment { color rgbt <1,0,0,0> }
	no_shadow
}
sphere {
	0, 1
	scale<0.080000,0.200000,0.300000>
	matrix <-0.538019, -0.811236, -0.228979,
		0.753912, -0.584608, 0.299750,
		-0.377031, -0.011359, 0.926131,
		35.177555, 38.576874, 32.913631>
	pigment { color rgbt <0,1,1,0> }
	no_shadow
}
cylinder {
	<35.421909, 37.857479, 32.532299>,  <35.441479, 38.584824, 32.265339>, 0.130000
	pigment { color rgbt <1,0,0,0> }
	no_shadow
}

// nucleotide -1

// particle -1
sphere {
	<35.421909, 37.857479, 32.532299> 0.250000
	pigment { color rgbt <1,0,0,0> }
	no_shadow
}
cylinder {
	<35.144108, 38.082607, 32.711586>,  <34.977428, 38.217682, 32.819160>, 0.100000
	pigment { color rgbt <1,0,0,0> }
	no_shadow
}
cylinder {
	<35.144108, 38.082607, 32.711586>,  <35.421909, 37.857479, 32.532299>, 0.100000
	pigment { color rgbt <1,0,0,0> }
	no_shadow
}

// particle -1
sphere {
	<35.144108, 38.082607, 32.711586> 0.100000
	pigment { color rgbt <1,0,0,0> }
	no_shadow
}
sphere {
	0, 1
	scale<0.080000,0.200000,0.300000>
	matrix <-0.604273, -0.794421, 0.061228,
		0.390536, -0.228325, 0.891823,
		-0.694503, 0.562817, 0.448221,
		34.935757, 38.251453, 32.846050>
	pigment { color rgbt <0,1,1,0> }
	no_shadow
}
cylinder {
	<35.197754, 37.456657, 33.061417>,  <35.421909, 37.857479, 32.532299>, 0.130000
	pigment { color rgbt <1,0,0,0> }
	no_shadow
}

// nucleotide -1

// particle -1
sphere {
	<35.197754, 37.456657, 33.061417> 0.250000
	pigment { color rgbt <1,0,0,0> }
	no_shadow
}
cylinder {
	<34.901455, 37.725372, 33.062275>,  <34.723675, 37.886600, 33.062790>, 0.100000
	pigment { color rgbt <1,0,0,0> }
	no_shadow
}
cylinder {
	<34.901455, 37.725372, 33.062275>,  <35.197754, 37.456657, 33.061417>, 0.100000
	pigment { color rgbt <1,0,0,0> }
	no_shadow
}

// particle -1
sphere {
	<34.901455, 37.725372, 33.062275> 0.100000
	pigment { color rgbt <1,0,0,0> }
	no_shadow
}
sphere {
	0, 1
	scale<0.080000,0.200000,0.300000>
	matrix <-0.654739, -0.722659, 0.221540,
		0.150381, 0.162696, 0.975149,
		-0.740744, 0.671784, 0.002150,
		34.679230, 37.926907, 33.062920>
	pigment { color rgbt <0,1,1,0> }
	no_shadow
}
cylinder {
	<34.836105, 37.415977, 33.687462>,  <35.197754, 37.456657, 33.061417>, 0.130000
	pigment { color rgbt <1,0,0,0> }
	no_shadow
}

// nucleotide -1

// particle -1
sphere {
	<34.836105, 37.415977, 33.687462> 0.250000
	pigment { color rgbt <1,0,0,0> }
	no_shadow
}
cylinder {
	<34.590523, 37.586330, 33.421627>,  <34.443172, 37.688541, 33.262127>, 0.100000
	pigment { color rgbt <1,0,0,0> }
	no_shadow
}
cylinder {
	<34.590523, 37.586330, 33.421627>,  <34.836105, 37.415977, 33.687462>, 0.100000
	pigment { color rgbt <1,0,0,0> }
	no_shadow
}

// particle -1
sphere {
	<34.590523, 37.586330, 33.421627> 0.100000
	pigment { color rgbt <1,0,0,0> }
	no_shadow
}
sphere {
	0, 1
	scale<0.080000,0.200000,0.300000>
	matrix <-0.725660, -0.635842, 0.262912,
		-0.310605, 0.643684, 0.699426,
		-0.613956, 0.425884, -0.664591,
		34.406338, 37.714096, 33.222248>
	pigment { color rgbt <0,1,1,0> }
	no_shadow
}
cylinder {
	<34.285286, 37.551727, 34.023865>,  <34.836105, 37.415977, 33.687462>, 0.130000
	pigment { color rgbt <1,0,0,0> }
	no_shadow
}

// nucleotide -1

// particle -1
sphere {
	<34.285286, 37.551727, 34.023865> 0.250000
	pigment { color rgbt <1,0,0,0> }
	no_shadow
}
cylinder {
	<34.156319, 37.522385, 33.646366>,  <34.078938, 37.504780, 33.419865>, 0.100000
	pigment { color rgbt <1,0,0,0> }
	no_shadow
}
cylinder {
	<34.156319, 37.522385, 33.646366>,  <34.285286, 37.551727, 34.023865>, 0.100000
	pigment { color rgbt <1,0,0,0> }
	no_shadow
}

// particle -1
sphere {
	<34.156319, 37.522385, 33.646366> 0.100000
	pigment { color rgbt <1,0,0,0> }
	no_shadow
}
sphere {
	0, 1
	scale<0.080000,0.200000,0.300000>
	matrix <-0.665835, -0.691085, 0.281187,
		-0.672838, 0.719042, 0.173976,
		-0.322418, -0.073354, -0.943751,
		34.059593, 37.500378, 33.363239>
	pigment { color rgbt <0,1,1,0> }
	no_shadow
}
cylinder {
	<33.450508, 37.528648, 34.056999>,  <34.285286, 37.551727, 34.023865>, 0.130000
	pigment { color rgbt <1,0,0,0> }
	no_shadow
}

// nucleotide -1

// particle -1
sphere {
	<33.450508, 37.528648, 34.056999> 0.250000
	pigment { color rgbt <1,0,0,0> }
	no_shadow
}
cylinder {
	<33.537605, 37.397865, 33.689156>,  <33.589863, 37.319397, 33.468449>, 0.100000
	pigment { color rgbt <1,0,0,0> }
	no_shadow
}
cylinder {
	<33.537605, 37.397865, 33.689156>,  <33.450508, 37.528648, 34.056999>, 0.100000
	pigment { color rgbt <1,0,0,0> }
	no_shadow
}

// particle -1
sphere {
	<33.537605, 37.397865, 33.689156> 0.100000
	pigment { color rgbt <1,0,0,0> }
	no_shadow
}
sphere {
	0, 1
	scale<0.080000,0.200000,0.300000>
	matrix <-0.747357, -0.661855, 0.058355,
		-0.627729, 0.674573, -0.388468,
		0.217745, -0.326956, -0.919613,
		33.602928, 37.299778, 33.413273>
	pigment { color rgbt <0,1,1,0> }
	no_shadow
}
cylinder {
	<32.822453, 37.531918, 33.715034>,  <33.450508, 37.528648, 34.056999>, 0.130000
	pigment { color rgbt <1,0,0,0> }
	no_shadow
}

// nucleotide -1

// particle -1
sphere {
	<32.822453, 37.531918, 33.715034> 0.250000
	pigment { color rgbt <1,0,0,0> }
	no_shadow
}
cylinder {
	<33.070133, 37.286339, 33.519215>,  <33.218742, 37.138992, 33.401722>, 0.100000
	pigment { color rgbt <1,0,0,0> }
	no_shadow
}
cylinder {
	<33.070133, 37.286339, 33.519215>,  <32.822453, 37.531918, 33.715034>, 0.100000
	pigment { color rgbt <1,0,0,0> }
	no_shadow
}

// particle -1
sphere {
	<33.070133, 37.286339, 33.519215> 0.100000
	pigment { color rgbt <1,0,0,0> }
	no_shadow
}
sphere {
	0, 1
	scale<0.080000,0.200000,0.300000>
	matrix <-0.737073, -0.669417, -0.092763,
		-0.270759, 0.418271, -0.867029,
		0.619204, -0.613947, -0.489546,
		33.255894, 37.102154, 33.372349>
	pigment { color rgbt <0,1,1,0> }
	no_shadow
}
cylinder {
	<32.438248, 37.199261, 33.207111>,  <32.822453, 37.531918, 33.715034>, 0.130000
	pigment { color rgbt <1,0,0,0> }
	no_shadow
}

// nucleotide -1

// particle -1
sphere {
	<32.438248, 37.199261, 33.207111> 0.250000
	pigment { color rgbt <1,0,0,0> }
	no_shadow
}
cylinder {
	<32.753254, 36.954391, 33.235577>,  <32.942257, 36.807468, 33.252655>, 0.100000
	pigment { color rgbt <1,0,0,0> }
	no_shadow
}
cylinder {
	<32.753254, 36.954391, 33.235577>,  <32.438248, 37.199261, 33.207111>, 0.100000
	pigment { color rgbt <1,0,0,0> }
	no_shadow
}

// particle -1
sphere {
	<32.753254, 36.954391, 33.235577> 0.100000
	pigment { color rgbt <1,0,0,0> }
	no_shadow
}
sphere {
	0, 1
	scale<0.080000,0.200000,0.300000>
	matrix <-0.613770, -0.789485, 0.000678,
		0.055764, -0.044210, -0.997465,
		0.787513, -0.612176, 0.071159,
		32.989510, 36.770741, 33.256924>
	pigment { color rgbt <0,1,1,0> }
	no_shadow
}
cylinder {
	<32.353634, 36.657486, 32.667725>,  <32.438248, 37.199261, 33.207111>, 0.130000
	pigment { color rgbt <1,0,0,0> }
	no_shadow
}

// nucleotide -1

// particle -1
sphere {
	<32.353634, 36.657486, 32.667725> 0.250000
	pigment { color rgbt <1,0,0,0> }
	no_shadow
}
cylinder {
	<32.613251, 36.521194, 32.939800>,  <32.769020, 36.439419, 33.103046>, 0.100000
	pigment { color rgbt <1,0,0,0> }
	no_shadow
}
cylinder {
	<32.613251, 36.521194, 32.939800>,  <32.353634, 36.657486, 32.667725>, 0.100000
	pigment { color rgbt <1,0,0,0> }
	no_shadow
}

// particle -1
sphere {
	<32.613251, 36.521194, 32.939800> 0.100000
	pigment { color rgbt <1,0,0,0> }
	no_shadow
}
sphere {
	0, 1
	scale<0.080000,0.200000,0.300000>
	matrix <-0.517961, -0.852771, 0.067065,
