// switches for output
#declare DRAW_BASES = 1; // possible values are 0, 1; only relevant for DNA ribbons
#declare DRAW_BASES_TYPE = 3; // possible values are 1, 2, 3; only relevant for DNA ribbons
#declare DRAW_FOG = 0; // set to 1 to enable fog

#include "colors.inc"

#include "transforms.inc"
background { rgb <1, 1, 1>}

#default {
   normal{
       ripples 0.25
       frequency 0.20
       turbulence 0.2
       lambda 5
   }
	finish {
		phong 0.1
		phong_size 40.
	}
}

// original window dimensions: 1024x640


// camera settings

camera {
	sky <0, 0.179814, -0.983701>
	up <0, 0.179814, -0.983701>
	right 1.6 * <1, 0, 0>
	location <35, 94.9851, 44.8844>
	look_at <35, 29.7336, 32.9568>
	direction <0, -65.2515, -11.9276>
	angle 67.0682
}


# declare cpy_camera_pos = <35, 94.9851, 44.8844>;
# if (DRAW_FOG = 1)
fog {
	fog_type 2
	up vnormalize(cpy_camera_pos)
	color rgbt<1,1,1,0.3>
	distance 1e-5
	fog_alt 3e-3
	fog_offset 56
}
# end


// LIGHTS

# declare lum = 6;
global_settings {
	ambient_light rgb lum * <0.05, 0.05, 0.05>
	max_trace_level 15
}# declare cpy_direct_light_amount = 0.25;
light_source
{	1000 * <-1, -1.16352, -0.803886>,
	rgb lum * cpy_direct_light_amount
	parallel
}

light_source
{	1000 * <1, 1.16352, 0.803886>,
	rgb lum * cpy_direct_light_amount
	parallel
}

// strand 0

// nucleotide -1

// particle -1
sphere {
	<24.067030, 34.915874, 34.413963> 0.250000
	pigment { color rgbt <1,0,0,0> }
	no_shadow
}
cylinder {
	<24.311323, 35.112228, 34.662491>,  <24.457899, 35.230042, 34.811607>, 0.100000
	pigment { color rgbt <1,0,0,0> }
	no_shadow
}
cylinder {
	<24.311323, 35.112228, 34.662491>,  <24.067030, 34.915874, 34.413963>, 0.100000
	pigment { color rgbt <1,0,0,0> }
	no_shadow
}

// particle -1
sphere {
	<24.311323, 35.112228, 34.662491> 0.100000
	pigment { color rgbt <1,0,0,0> }
	no_shadow
}
sphere {
	0, 1
	scale<0.080000,0.200000,0.300000>
	matrix <0.385180, -0.869736, 0.308540,
		0.691842, 0.050885, -0.720254,
		0.610731, 0.490888, 0.621319,
		24.494543, 35.259495, 34.848888>
	pigment { color rgbt <0,1,1,0> }
	no_shadow
}
cylinder {
	<24.713114, 34.812176, 34.256325>,  <24.067030, 34.915874, 34.413963>, 0.130000
	pigment { color rgbt <1,0,0,0> }
	no_shadow
}

// nucleotide -1

// particle -1
sphere {
	<24.713114, 34.812176, 34.256325> 0.250000
	pigment { color rgbt <1,0,0,0> }
	no_shadow
}
cylinder {
	<24.667576, 34.860275, 34.650803>,  <24.640253, 34.889133, 34.887489>, 0.100000
	pigment { color rgbt <1,0,0,0> }
	no_shadow
}
cylinder {
	<24.667576, 34.860275, 34.650803>,  <24.713114, 34.812176, 34.256325>, 0.100000
	pigment { color rgbt <1,0,0,0> }
	no_shadow
}

// particle -1
sphere {
	<24.667576, 34.860275, 34.650803> 0.100000
	pigment { color rgbt <1,0,0,0> }
	no_shadow
}
sphere {
	0, 1
	scale<0.080000,0.200000,0.300000>
	matrix <0.327355, -0.932676, 0.151509,
		0.938018, 0.340084, 0.066819,
		-0.113846, 0.120244, 0.986195,
		24.633423, 34.896347, 34.946663>
	pigment { color rgbt <0,1,1,0> }
	no_shadow
}
cylinder {
	<25.306528, 34.458218, 34.598679>,  <24.713114, 34.812176, 34.256325>, 0.130000
	pigment { color rgbt <1,0,0,0> }
	no_shadow
}

// nucleotide -1

// particle -1
sphere {
	<25.306528, 34.458218, 34.598679> 0.250000
	pigment { color rgbt <1,0,0,0> }
	no_shadow
}
cylinder {
	<25.032024, 34.454861, 34.889603>,  <24.867323, 34.452847, 35.064156>, 0.100000
	pigment { color rgbt <1,0,0,0> }
	no_shadow
}
cylinder {
	<25.032024, 34.454861, 34.889603>,  <25.306528, 34.458218, 34.598679>, 0.100000
	pigment { color rgbt <1,0,0,0> }
	no_shadow
}

// particle -1
sphere {
	<25.032024, 34.454861, 34.889603> 0.100000
	pigment { color rgbt <1,0,0,0> }
	no_shadow
}
sphere {
	0, 1
	scale<0.080000,0.200000,0.300000>
	matrix <0.281895, -0.924850, 0.255318,
		0.670510, 0.380239, 0.637052,
		-0.686259, -0.008389, 0.727308,
		24.826147, 34.452343, 35.107796>
	pigment { color rgbt <0,1,1,0> }
	no_shadow
}
cylinder {
	<25.674635, 34.946152, 34.897316>,  <25.306528, 34.458218, 34.598679>, 0.130000
	pigment { color rgbt <1,0,0,0> }
	no_shadow
}

// nucleotide -1

// particle -1
sphere {
	<25.674635, 34.946152, 34.897316> 0.250000
	pigment { color rgbt <1,0,0,0> }
	no_shadow
}
cylinder {
	<26.008375, 35.067665, 35.081303>,  <26.208620, 35.140572, 35.191696>, 0.100000
	pigment { color rgbt <1,0,0,0> }
	no_shadow
}
cylinder {
	<26.008375, 35.067665, 35.081303>,  <25.674635, 34.946152, 34.897316>, 0.100000
	pigment { color rgbt <1,0,0,0> }
	no_shadow
}

// particle -1
sphere {
	<26.008375, 35.067665, 35.081303> 0.100000
	pigment { color rgbt <1,0,0,0> }
	no_shadow
}
sphere {
	0, 1
	scale<0.080000,0.200000,0.300000>
	matrix <-0.022903, 0.852827, -0.521690,
		-0.550755, 0.424739, 0.718516,
		0.834353, 0.303780, 0.459971,
		26.258680, 35.158798, 35.219296>
	pigment { color rgbt <0,1,1,0> }
	no_shadow
}
cylinder {
	<25.552727, 35.609947, 35.371098>,  <25.674635, 34.946152, 34.897316>, 0.130000
	pigment { color rgbt <1,0,0,0> }
	no_shadow
}

// nucleotide -1

// particle -1
sphere {
	<25.552727, 35.609947, 35.371098> 0.250000
	pigment { color rgbt <1,0,0,0> }
	no_shadow
}
cylinder {
	<25.933260, 35.596992, 35.248512>,  <26.161579, 35.589222, 35.174961>, 0.100000
	pigment { color rgbt <1,0,0,0> }
	no_shadow
}
cylinder {
	<25.933260, 35.596992, 35.248512>,  <25.552727, 35.609947, 35.371098>, 0.100000
	pigment { color rgbt <1,0,0,0> }
	no_shadow
}

// particle -1
sphere {
	<25.933260, 35.596992, 35.248512> 0.100000
	pigment { color rgbt <1,0,0,0> }
	no_shadow
}
sphere {
	0, 1
	scale<0.080000,0.200000,0.300000>
	matrix <-0.140580, 0.839361, -0.525082,
		0.274239, 0.542609, 0.793957,
		0.951331, -0.032383, -0.306466,
		26.218658, 35.587276, 35.156574>
	pigment { color rgbt <0,1,1,0> }
	no_shadow
}
cylinder {
	<25.835403, 36.252316, 35.608475>,  <25.552727, 35.609947, 35.371098>, 0.130000
	pigment { color rgbt <1,0,0,0> }
	no_shadow
}

// nucleotide -1

// particle -1
sphere {
	<25.835403, 36.252316, 35.608475> 0.250000
	pigment { color rgbt <1,0,0,0> }
	no_shadow
}
cylinder {
	<26.067057, 36.114597, 35.312889>,  <26.206049, 36.031967, 35.135536>, 0.100000
	pigment { color rgbt <1,0,0,0> }
	no_shadow
}
cylinder {
	<26.067057, 36.114597, 35.312889>,  <25.835403, 36.252316, 35.608475>, 0.100000
	pigment { color rgbt <1,0,0,0> }
	no_shadow
}

// particle -1
sphere {
	<26.067057, 36.114597, 35.312889> 0.100000
	pigment { color rgbt <1,0,0,0> }
	no_shadow
}
sphere {
	0, 1
	scale<0.080000,0.200000,0.300000>
	matrix <-0.043756, 0.892010, -0.449894,
		0.814059, 0.292882, 0.501526,
		0.579132, -0.344295, -0.738964,
		26.240797, 36.011311, 35.091202>
	pigment { color rgbt <0,1,1,0> }
	no_shadow
}
cylinder {
	<26.191349, 36.778301, 35.554615>,  <25.835403, 36.252316, 35.608475>, 0.130000
	pigment { color rgbt <1,0,0,0> }
	no_shadow
}

// nucleotide -1

// particle -1
sphere {
	<26.191349, 36.778301, 35.554615> 0.250000
	pigment { color rgbt <1,0,0,0> }
	no_shadow
}
cylinder {
	<26.236502, 36.586609, 35.206455>,  <26.263594, 36.471592, 34.997559>, 0.100000
	pigment { color rgbt <1,0,0,0> }
	no_shadow
}
cylinder {
	<26.236502, 36.586609, 35.206455>,  <26.191349, 36.778301, 35.554615>, 0.100000
	pigment { color rgbt <1,0,0,0> }
	no_shadow
}

// particle -1
sphere {
	<26.236502, 36.586609, 35.206455> 0.100000
	pigment { color rgbt <1,0,0,0> }
	no_shadow
}
sphere {
	0, 1
	scale<0.080000,0.200000,0.300000>
	matrix <0.057295, 0.877678, -0.475813,
		0.991955, 0.003841, 0.126531,
		0.112881, -0.479235, -0.870397,
		26.270367, 36.442837, 34.945335>
	pigment { color rgbt <0,1,1,0> }
	no_shadow
}
cylinder {
	<26.894117, 36.998447, 35.315086>,  <26.191349, 36.778301, 35.554615>, 0.130000
	pigment { color rgbt <1,0,0,0> }
	no_shadow
}

// nucleotide -1

// particle -1
sphere {
	<26.894117, 36.998447, 35.315086> 0.250000
	pigment { color rgbt <1,0,0,0> }
	no_shadow
}
cylinder {
	<26.655275, 36.865421, 35.023094>,  <26.511971, 36.785606, 34.847900>, 0.100000
	pigment { color rgbt <1,0,0,0> }
	no_shadow
}
cylinder {
	<26.655275, 36.865421, 35.023094>,  <26.894117, 36.998447, 35.315086>, 0.100000
	pigment { color rgbt <1,0,0,0> }
	no_shadow
}

// particle -1
sphere {
	<26.655275, 36.865421, 35.023094> 0.100000
	pigment { color rgbt <1,0,0,0> }
	no_shadow
}
sphere {
	0, 1
	scale<0.080000,0.200000,0.300000>
	matrix <-0.068339, 0.927794, -0.366781,
		0.799247, -0.169121, -0.576717,
		-0.597105, -0.332561, -0.729979,
		26.476145, 36.765652, 34.804100>
	pigment { color rgbt <0,1,1,0> }
	no_shadow
}
cylinder {
	<27.012903, 37.486328, 34.743977>,  <26.894117, 36.998447, 35.315086>, 0.130000
	pigment { color rgbt <1,0,0,0> }
	no_shadow
}

// nucleotide -1

// particle -1
sphere {
	<27.012903, 37.486328, 34.743977> 0.250000
	pigment { color rgbt <1,0,0,0> }
	no_shadow
}
cylinder {
	<26.690910, 37.288612, 34.612713>,  <26.497715, 37.169983, 34.533955>, 0.100000
	pigment { color rgbt <1,0,0,0> }
	no_shadow
}
cylinder {
	<26.690910, 37.288612, 34.612713>,  <27.012903, 37.486328, 34.743977>, 0.100000
	pigment { color rgbt <1,0,0,0> }
	no_shadow
}

// particle -1
sphere {
	<26.690910, 37.288612, 34.612713> 0.100000
	pigment { color rgbt <1,0,0,0> }
	no_shadow
}
sphere {
	0, 1
	scale<0.080000,0.200000,0.300000>
	matrix <-0.227220, 0.767776, -0.599076,
		0.548067, -0.407680, -0.730356,
		-0.804981, -0.494285, -0.328159,
		26.449417, 37.140327, 34.514263>
	pigment { color rgbt <0,1,1,0> }
	no_shadow
}
cylinder {
	<27.012409, 37.464977, 33.920120>,  <27.012903, 37.486328, 34.743977>, 0.130000
	pigment { color rgbt <1,0,0,0> }
	no_shadow
}

// nucleotide -1

// particle -1
sphere {
	<27.012409, 37.464977, 33.920120> 0.250000
	pigment { color rgbt <1,0,0,0> }
	no_shadow
}
cylinder {
	<26.638029, 37.397640, 34.043839>,  <26.413401, 37.357239, 34.118069>, 0.100000
	pigment { color rgbt <1,0,0,0> }
	no_shadow
}
cylinder {
	<26.638029, 37.397640, 34.043839>,  <27.012409, 37.464977, 33.920120>, 0.100000
	pigment { color rgbt <1,0,0,0> }
	no_shadow
}

// particle -1
sphere {
	<26.638029, 37.397640, 34.043839> 0.100000
	pigment { color rgbt <1,0,0,0> }
	no_shadow
}
sphere {
	0, 1
	scale<0.080000,0.200000,0.300000>
	matrix <-0.334001, 0.702621, -0.628305,
		-0.111548, -0.691365, -0.713842,
		-0.935949, -0.168338, 0.309293,
		26.357244, 37.347137, 34.136627>
	pigment { color rgbt <0,1,1,0> }
	no_shadow
}
cylinder {
	<26.555973, 37.257286, 33.329758>,  <27.012409, 37.464977, 33.920120>, 0.130000
	pigment { color rgbt <1,0,0,0> }
	no_shadow
}

// nucleotide -1

// particle -1
sphere {
	<26.555973, 37.257286, 33.329758> 0.250000
	pigment { color rgbt <1,0,0,0> }
	no_shadow
}
cylinder {
	<26.368700, 37.455631, 33.622311>,  <26.256336, 37.574638, 33.797844>, 0.100000
	pigment { color rgbt <1,0,0,0> }
	no_shadow
}
cylinder {
	<26.368700, 37.455631, 33.622311>,  <26.555973, 37.257286, 33.329758>, 0.100000
	pigment { color rgbt <1,0,0,0> }
	no_shadow
}

// particle -1
sphere {
	<26.368700, 37.455631, 33.622311> 0.100000
	pigment { color rgbt <1,0,0,0> }
	no_shadow
}
sphere {
	0, 1
	scale<0.080000,0.200000,0.300000>
	matrix <-0.264864, 0.710896, -0.651517,
		-0.843001, -0.498747, -0.201494,
		-0.468183, 0.495861, 0.731386,
		26.228245, 37.604389, 33.841728>
	pigment { color rgbt <0,1,1,0> }
	no_shadow
}
cylinder {
	<26.029554, 37.630753, 33.014458>,  <26.555973, 37.257286, 33.329758>, 0.130000
	pigment { color rgbt <1,0,0,0> }
	no_shadow
}

// nucleotide -1

// particle -1
sphere {
	<26.029554, 37.630753, 33.014458> 0.250000
	pigment { color rgbt <1,0,0,0> }
	no_shadow
}
cylinder {
	<26.038424, 37.813576, 33.370121>,  <26.043745, 37.923271, 33.583519>, 0.100000
	pigment { color rgbt <1,0,0,0> }
	no_shadow
}
cylinder {
	<26.038424, 37.813576, 33.370121>,  <26.029554, 37.630753, 33.014458>, 0.100000
	pigment { color rgbt <1,0,0,0> }
	no_shadow
}

// particle -1
sphere {
	<26.038424, 37.813576, 33.370121> 0.100000
	pigment { color rgbt <1,0,0,0> }
	no_shadow
}
sphere {
	0, 1
	scale<0.080000,0.200000,0.300000>
	matrix <-0.216820, 0.870408, -0.442017,
		-0.975960, -0.182987, 0.118399,
		0.022172, 0.457062, 0.889159,
		26.045074, 37.950695, 33.636868>
	pigment { color rgbt <0,1,1,0> }
	no_shadow
}
cylinder {
	<25.465292, 38.077660, 33.015190>,  <26.029554, 37.630753, 33.014458>, 0.130000
	pigment { color rgbt <1,0,0,0> }
	no_shadow
}

// nucleotide -1

// particle -1
sphere {
	<25.465292, 38.077660, 33.015190> 0.250000
	pigment { color rgbt <1,0,0,0> }
	no_shadow
}
cylinder {
	<25.677004, 38.223370, 33.321697>,  <25.804031, 38.310795, 33.505600>, 0.100000
	pigment { color rgbt <1,0,0,0> }
	no_shadow
}
cylinder {
	<25.677004, 38.223370, 33.321697>,  <25.465292, 38.077660, 33.015190>, 0.100000
	pigment { color rgbt <1,0,0,0> }
	no_shadow
}

// particle -1
sphere {
	<25.677004, 38.223370, 33.321697> 0.100000
	pigment { color rgbt <1,0,0,0> }
	no_shadow
}
sphere {
	0, 1
	scale<0.080000,0.200000,0.300000>
	matrix <-0.366450, 0.912708, -0.180770,
		-0.765229, -0.185121, 0.616566,
		0.529281, 0.364272, 0.766269,
		25.835789, 38.332649, 33.551579>
	pigment { color rgbt <0,1,1,0> }
	no_shadow
}
cylinder {
	<25.033169, 38.502377, 33.421291>,  <25.465292, 38.077660, 33.015190>, 0.130000
	pigment { color rgbt <1,0,0,0> }
	no_shadow
}

// nucleotide -1

// particle -1
sphere {
	<25.033169, 38.502377, 33.421291> 0.250000
	pigment { color rgbt <1,0,0,0> }
	no_shadow
}
cylinder {
	<25.412075, 38.619465, 33.473442>,  <25.639420, 38.689720, 33.504734>, 0.100000
	pigment { color rgbt <1,0,0,0> }
	no_shadow
}
cylinder {
	<25.412075, 38.619465, 33.473442>,  <25.033169, 38.502377, 33.421291>, 0.100000
	pigment { color rgbt <1,0,0,0> }
	no_shadow
}

// particle -1
sphere {
	<25.412075, 38.619465, 33.473442> 0.100000
	pigment { color rgbt <1,0,0,0> }
	no_shadow
}
sphere {
	0, 1
	scale<0.080000,0.200000,0.300000>
	matrix <-0.258321, 0.938317, -0.229850,
		-0.189620, 0.184049, 0.964453,
		0.947267, 0.292723, 0.130380,
		25.696255, 38.707283, 33.512554>
	pigment { color rgbt <0,1,1,0> }
	no_shadow
}
cylinder {
	<25.018147, 39.012760, 33.845917>,  <25.033169, 38.502377, 33.421291>, 0.130000
	pigment { color rgbt <1,0,0,0> }
	no_shadow
}

// nucleotide -1

// particle -1
sphere {
	<25.018147, 39.012760, 33.845917> 0.250000
	pigment { color rgbt <1,0,0,0> }
	no_shadow
}
cylinder {
	<25.372505, 39.078453, 33.672382>,  <25.585119, 39.117870, 33.568260>, 0.100000
	pigment { color rgbt <1,0,0,0> }
	no_shadow
}
cylinder {
	<25.372505, 39.078453, 33.672382>,  <25.018147, 39.012760, 33.845917>, 0.100000
	pigment { color rgbt <1,0,0,0> }
	no_shadow
}

// particle -1
sphere {
	<25.372505, 39.078453, 33.672382> 0.100000
	pigment { color rgbt <1,0,0,0> }
	no_shadow
}
sphere {
	0, 1
	scale<0.080000,0.200000,0.300000>
	matrix <-0.294049, 0.922148, -0.251355,
		0.358781, 0.350244, 0.865220,
		0.885896, 0.164235, -0.433838,
		25.638273, 39.127724, 33.542233>
	pigment { color rgbt <0,1,1,0> }
	no_shadow
}
cylinder {
	<25.283260, 39.758121, 34.059902>,  <25.018147, 39.012760, 33.845917>, 0.130000
	pigment { color rgbt <1,0,0,0> }
	no_shadow
}

// nucleotide -1

// particle -1
sphere {
	<25.283260, 39.758121, 34.059902> 0.250000
	pigment { color rgbt <1,0,0,0> }
	no_shadow
}
cylinder {
	<25.471647, 39.689217, 33.713837>,  <25.584681, 39.647873, 33.506195>, 0.100000
	pigment { color rgbt <1,0,0,0> }
	no_shadow
}
cylinder {
	<25.471647, 39.689217, 33.713837>,  <25.283260, 39.758121, 34.059902>, 0.100000
	pigment { color rgbt <1,0,0,0> }
	no_shadow
}

// particle -1
sphere {
	<25.471647, 39.689217, 33.713837> 0.100000
	pigment { color rgbt <1,0,0,0> }
	no_shadow
}
sphere {
	0, 1
	scale<0.080000,0.200000,0.300000>
	matrix <-0.268711, 0.906126, -0.326695,
		0.840227, 0.386342, 0.380470,
		0.470970, -0.172261, -0.865167,
		25.612938, 39.637539, 33.454288>
	pigment { color rgbt <0,1,1,0> }
	no_shadow
}
cylinder {
	<25.827158, 40.346352, 33.850868>,  <25.283260, 39.758121, 34.059902>, 0.130000
	pigment { color rgbt <1,0,0,0> }
	no_shadow
}

// nucleotide -1

// particle -1
sphere {
	<25.827158, 40.346352, 33.850868> 0.250000
	pigment { color rgbt <1,0,0,0> }
	no_shadow
}
cylinder {
	<25.747353, 40.148666, 33.512413>,  <25.699469, 40.030056, 33.309341>, 0.100000
	pigment { color rgbt <1,0,0,0> }
	no_shadow
}
cylinder {
	<25.747353, 40.148666, 33.512413>,  <25.827158, 40.346352, 33.850868>, 0.100000
	pigment { color rgbt <1,0,0,0> }
	no_shadow
}

// particle -1
sphere {
	<25.747353, 40.148666, 33.512413> 0.100000
	pigment { color rgbt <1,0,0,0> }
	no_shadow
}
sphere {
	0, 1
	scale<0.080000,0.200000,0.300000>
	matrix <-0.050084, 0.867511, -0.494890,
		0.978614, -0.056360, -0.197833,
		-0.199514, -0.494215, -0.846136,
		25.687498, 40.000401, 33.258572>
	pigment { color rgbt <0,1,1,0> }
	no_shadow
}
cylinder {
	<26.380770, 40.588028, 33.407257>,  <25.827158, 40.346352, 33.850868>, 0.130000
	pigment { color rgbt <1,0,0,0> }
	no_shadow
}

// nucleotide -1

// particle -1
sphere {
	<26.380770, 40.588028, 33.407257> 0.250000
	pigment { color rgbt <1,0,0,0> }
	no_shadow
}
cylinder {
	<26.104507, 40.427734, 33.166454>,  <25.938751, 40.331558, 33.021973>, 0.100000
	pigment { color rgbt <1,0,0,0> }
	no_shadow
}
cylinder {
	<26.104507, 40.427734, 33.166454>,  <26.380770, 40.588028, 33.407257>, 0.100000
	pigment { color rgbt <1,0,0,0> }
	no_shadow
}

// particle -1
sphere {
	<26.104507, 40.427734, 33.166454> 0.100000
	pigment { color rgbt <1,0,0,0> }
	no_shadow
}
sphere {
	0, 1
	scale<0.080000,0.200000,0.300000>
	matrix <-0.032318, 0.848705, -0.527879,
		0.722462, -0.345127, -0.599113,
		-0.690655, -0.400735, -0.602003,
		25.897312, 40.307514, 32.985855>
	pigment { color rgbt <0,1,1,0> }
	no_shadow
}
cylinder {
	<26.601212, 40.685551, 32.744530>,  <26.380770, 40.588028, 33.407257>, 0.130000
	pigment { color rgbt <1,0,0,0> }
	no_shadow
}

// nucleotide -1

// particle -1
sphere {
	<26.601212, 40.685551, 32.744530> 0.250000
	pigment { color rgbt <1,0,0,0> }
	no_shadow
}
cylinder {
	<26.208714, 40.652454, 32.674889>,  <25.973215, 40.632595, 32.633102>, 0.100000
	pigment { color rgbt <1,0,0,0> }
	no_shadow
}
cylinder {
	<26.208714, 40.652454, 32.674889>,  <26.601212, 40.685551, 32.744530>, 0.100000
	pigment { color rgbt <1,0,0,0> }
	no_shadow
}

// particle -1
sphere {
	<26.208714, 40.652454, 32.674889> 0.100000
	pigment { color rgbt <1,0,0,0> }
	no_shadow
}
sphere {
	0, 1
	scale<0.080000,0.200000,0.300000>
	matrix <0.054114, 0.748642, -0.660763,
		0.185015, -0.657791, -0.730123,
		-0.981244, -0.082741, -0.174106,
		25.914341, 40.627632, 32.622658>
	pigment { color rgbt <0,1,1,0> }
	no_shadow
}
cylinder {
	<26.524475, 41.087173, 32.171856>,  <26.601212, 40.685551, 32.744530>, 0.130000
	pigment { color rgbt <1,0,0,0> }
	no_shadow
}

// nucleotide -1

// particle -1
sphere {
	<26.524475, 41.087173, 32.171856> 0.250000
	pigment { color rgbt <1,0,0,0> }
	no_shadow
}
cylinder {
	<26.132053, 41.022038, 32.213833>,  <25.896601, 40.982956, 32.239017>, 0.100000
	pigment { color rgbt <1,0,0,0> }
	no_shadow
}
cylinder {
	<26.132053, 41.022038, 32.213833>,  <26.524475, 41.087173, 32.171856>, 0.100000
	pigment { color rgbt <1,0,0,0> }
	no_shadow
}

// particle -1
sphere {
	<26.132053, 41.022038, 32.213833> 0.100000
	pigment { color rgbt <1,0,0,0> }
	no_shadow
}
sphere {
	0, 1
	scale<0.080000,0.200000,0.300000>
	matrix <-0.192918, 0.771886, -0.605785,
		0.017644, -0.614554, -0.788678,
		-0.981056, -0.162838, 0.104939,
		25.837736, 40.973186, 32.245316>
	pigment { color rgbt <0,1,1,0> }
	no_shadow
}
cylinder {
	<26.309774, 40.924873, 31.513693>,  <26.524475, 41.087173, 32.171856>, 0.130000
	pigment { color rgbt <1,0,0,0> }
	no_shadow
}

// nucleotide -1

// particle -1
sphere {
	<26.309774, 40.924873, 31.513693> 0.250000
	pigment { color rgbt <1,0,0,0> }
	no_shadow
}
cylinder {
	<26.016439, 41.062149, 31.748449>,  <25.840439, 41.144516, 31.889303>, 0.100000
	pigment { color rgbt <1,0,0,0> }
	no_shadow
}
cylinder {
	<26.016439, 41.062149, 31.748449>,  <26.309774, 40.924873, 31.513693>, 0.100000
	pigment { color rgbt <1,0,0,0> }
	no_shadow
}

// particle -1
sphere {
	<26.016439, 41.062149, 31.748449> 0.100000
	pigment { color rgbt <1,0,0,0> }
	no_shadow
}
sphere {
	0, 1
	scale<0.080000,0.200000,0.300000>
	matrix <-0.087926, 0.808118, -0.582421,
		-0.674156, -0.478714, -0.562448,
		-0.733337, 0.343188, 0.586889,
		25.796438, 41.165104, 31.924517>
	pigment { color rgbt <0,1,1,0> }
	no_shadow
}
cylinder {
	<25.682386, 41.043171, 31.096960>,  <26.309774, 40.924873, 31.513693>, 0.130000
	pigment { color rgbt <1,0,0,0> }
	no_shadow
}

// nucleotide -1

// particle -1
sphere {
	<25.682386, 41.043171, 31.096960> 0.250000
	pigment { color rgbt <1,0,0,0> }
	no_shadow
}
cylinder {
	<25.637434, 41.266064, 31.426048>,  <25.610462, 41.399799, 31.623501>, 0.100000
	pigment { color rgbt <1,0,0,0> }
	no_shadow
}
cylinder {
	<25.637434, 41.266064, 31.426048>,  <25.682386, 41.043171, 31.096960>, 0.100000
	pigment { color rgbt <1,0,0,0> }
	no_shadow
}

// particle -1
sphere {
	<25.637434, 41.266064, 31.426048> 0.100000
	pigment { color rgbt <1,0,0,0> }
	no_shadow
}
sphere {
	0, 1
	scale<0.080000,0.200000,0.300000>
	matrix <-0.338760, 0.756877, -0.558908,
		-0.934137, -0.341516, 0.103707,
		-0.112383, 0.557228, 0.822719,
		25.603720, 41.433231, 31.672865>
	pigment { color rgbt <0,1,1,0> }
	no_shadow
}
cylinder {
	<25.112980, 41.325207, 30.966570>,  <25.682386, 41.043171, 31.096960>, 0.130000
	pigment { color rgbt <1,0,0,0> }
	no_shadow
}

// nucleotide -1

// particle -1
sphere {
	<25.112980, 41.325207, 30.966570> 0.250000
	pigment { color rgbt <1,0,0,0> }
	no_shadow
}
cylinder {
	<25.284021, 41.544979, 31.253704>,  <25.386646, 41.676842, 31.425983>, 0.100000
	pigment { color rgbt <1,0,0,0> }
	no_shadow
}
cylinder {
	<25.284021, 41.544979, 31.253704>,  <25.112980, 41.325207, 30.966570>, 0.100000
	pigment { color rgbt <1,0,0,0> }
	no_shadow
}

// particle -1
sphere {
	<25.284021, 41.544979, 31.253704> 0.100000
	pigment { color rgbt <1,0,0,0> }
	no_shadow
}
sphere {
	0, 1
	scale<0.080000,0.200000,0.300000>
	matrix <-0.380274, 0.829742, -0.408558,
		-0.820090, -0.098272, 0.563733,
		0.427603, 0.549427, 0.717833,
		25.412302, 41.709808, 31.469053>
	pigment { color rgbt <0,1,1,0> }
	no_shadow
}
cylinder {
	<24.717434, 41.909721, 30.954411>,  <25.112980, 41.325207, 30.966570>, 0.130000
	pigment { color rgbt <1,0,0,0> }
	no_shadow
}

// nucleotide -1

// particle -1
sphere {
	<24.717434, 41.909721, 30.954411> 0.250000
	pigment { color rgbt <1,0,0,0> }
	no_shadow
}
cylinder {
	<25.039940, 42.031853, 31.157080>,  <25.233442, 42.105129, 31.278681>, 0.100000
	pigment { color rgbt <1,0,0,0> }
	no_shadow
}
cylinder {
	<25.039940, 42.031853, 31.157080>,  <24.717434, 41.909721, 30.954411>, 0.100000
	pigment { color rgbt <1,0,0,0> }
	no_shadow
}

// particle -1
sphere {
	<25.039940, 42.031853, 31.157080> 0.100000
	pigment { color rgbt <1,0,0,0> }
	no_shadow
}
sphere {
	0, 1
	scale<0.080000,0.200000,0.300000>
	matrix <-0.074746, 0.902221, -0.424747,
		-0.586816, 0.304586, 0.750250,
		0.806263, 0.305326, 0.506671,
		25.281818, 42.123451, 31.309080>
	pigment { color rgbt <0,1,1,0> }
	no_shadow
}
cylinder {
	<24.546322, 42.541325, 31.274513>,  <24.717434, 41.909721, 30.954411>, 0.130000
	pigment { color rgbt <1,0,0,0> }
	no_shadow
}

// nucleotide -1

// particle -1
sphere {
	<24.546322, 42.541325, 31.274513> 0.250000
	pigment { color rgbt <1,0,0,0> }
	no_shadow
}
cylinder {
	<24.945127, 42.538406, 31.243771>,  <25.184412, 42.536655, 31.225325>, 0.100000
	pigment { color rgbt <1,0,0,0> }
	no_shadow
}
cylinder {
	<24.945127, 42.538406, 31.243771>,  <24.546322, 42.541325, 31.274513>, 0.100000
	pigment { color rgbt <1,0,0,0> }
	no_shadow
}

// particle -1
sphere {
	<24.945127, 42.538406, 31.243771> 0.100000
	pigment { color rgbt <1,0,0,0> }
	no_shadow
}
sphere {
	0, 1
	scale<0.080000,0.200000,0.300000>
	matrix <-0.028384, 0.891147, -0.452826,
		0.071796, 0.453656, 0.888280,
		0.997015, -0.007298, -0.076858,
		25.244232, 42.536217, 31.220713>
	pigment { color rgbt <0,1,1,0> }
	no_shadow
}
cylinder {
	<24.716616, 43.241756, 31.367758>,  <24.546322, 42.541325, 31.274513>, 0.130000
	pigment { color rgbt <1,0,0,0> }
	no_shadow
}

// nucleotide -1

// particle -1
sphere {
	<24.716616, 43.241756, 31.367758> 0.250000
	pigment { color rgbt <1,0,0,0> }
	no_shadow
}
cylinder {
	<25.016853, 43.059208, 31.176619>,  <25.196995, 42.949680, 31.061935>, 0.100000
	pigment { color rgbt <1,0,0,0> }
	no_shadow
}
cylinder {
	<25.016853, 43.059208, 31.176619>,  <24.716616, 43.241756, 31.367758>, 0.100000
	pigment { color rgbt <1,0,0,0> }
	no_shadow
}

// particle -1
sphere {
	<25.016853, 43.059208, 31.176619> 0.100000
	pigment { color rgbt <1,0,0,0> }
	no_shadow
}
sphere {
	0, 1
	scale<0.080000,0.200000,0.300000>
	matrix <-0.045813, 0.685490, -0.726640,
		0.659174, 0.567302, 0.493617,
		0.750593, -0.456368, -0.477847,
		25.242031, 42.922298, 31.033264>
	pigment { color rgbt <0,1,1,0> }
	no_shadow
}
cylinder {
	<25.375090, 43.675831, 31.298910>,  <24.716616, 43.241756, 31.367758>, 0.130000
	pigment { color rgbt <1,0,0,0> }
	no_shadow
}

// nucleotide -1

// particle -1
sphere {
	<25.375090, 43.675831, 31.298910> 0.250000
	pigment { color rgbt <1,0,0,0> }
	no_shadow
}
cylinder {
	<25.347473, 43.424175, 30.989222>,  <25.330904, 43.273182, 30.803410>, 0.100000
	pigment { color rgbt <1,0,0,0> }
	no_shadow
}
cylinder {
	<25.347473, 43.424175, 30.989222>,  <25.375090, 43.675831, 31.298910>, 0.100000
	pigment { color rgbt <1,0,0,0> }
	no_shadow
}

// particle -1
sphere {
	<25.347473, 43.424175, 30.989222> 0.100000
	pigment { color rgbt <1,0,0,0> }
	no_shadow
}
sphere {
	0, 1
	scale<0.080000,0.200000,0.300000>
	matrix <0.035607, 0.774024, -0.632155,
		0.996978, -0.071212, -0.031037,
		-0.069040, -0.629139, -0.774220,
		25.326761, 43.235432, 30.756956>
	pigment { color rgbt <0,1,1,0> }
	no_shadow
}
cylinder {
	<25.689322, 43.911827, 30.544827>,  <25.375090, 43.675831, 31.298910>, 0.130000
	pigment { color rgbt <1,0,0,0> }
	no_shadow
}

// nucleotide -1

// particle -1
sphere {
	<25.689322, 43.911827, 30.544827> 0.250000
	pigment { color rgbt <1,0,0,0> }
	no_shadow
}
cylinder {
	<25.427923, 43.626732, 30.442892>,  <25.271084, 43.455673, 30.381731>, 0.100000
	pigment { color rgbt <1,0,0,0> }
	no_shadow
}
cylinder {
	<25.427923, 43.626732, 30.442892>,  <25.689322, 43.911827, 30.544827>, 0.100000
	pigment { color rgbt <1,0,0,0> }
	no_shadow
}

// particle -1
sphere {
	<25.427923, 43.626732, 30.442892> 0.100000
	pigment { color rgbt <1,0,0,0> }
	no_shadow
}
sphere {
	0, 1
	scale<0.080000,0.200000,0.300000>
	matrix <-0.017231, 0.350591, -0.936370,
		0.756734, -0.607523, -0.241391,
		-0.653496, -0.712742, -0.254835,
		25.231874, 43.412910, 30.366442>
	pigment { color rgbt <0,1,1,0> }
	no_shadow
}
cylinder {
	<25.790503, 43.635796, 29.863441>,  <25.689322, 43.911827, 30.544827>, 0.130000
	pigment { color rgbt <1,0,0,0> }
	no_shadow
}

// nucleotide -1

// particle -1
sphere {
	<25.790503, 43.635796, 29.863441> 0.250000
	pigment { color rgbt <1,0,0,0> }
	no_shadow
}
cylinder {
	<25.401371, 43.553196, 29.905313>,  <25.167892, 43.503635, 29.930437>, 0.100000
	pigment { color rgbt <1,0,0,0> }
	no_shadow
}
cylinder {
	<25.401371, 43.553196, 29.905313>,  <25.790503, 43.635796, 29.863441>, 0.100000
	pigment { color rgbt <1,0,0,0> }
	no_shadow
}

// particle -1
sphere {
	<25.401371, 43.553196, 29.905313> 0.100000
	pigment { color rgbt <1,0,0,0> }
	no_shadow
}
sphere {
	0, 1
	scale<0.080000,0.200000,0.300000>
	matrix <-0.176709, 0.370156, -0.912008,
		0.149583, -0.905727, -0.396589,
		-0.972830, -0.206501, 0.104681,
		25.109522, 43.491245, 29.936718>
	pigment { color rgbt <0,1,1,0> }
	no_shadow
}
cylinder {
	<25.601660, 43.505383, 29.227036>,  <25.790503, 43.635796, 29.863441>, 0.130000
	pigment { color rgbt <1,0,0,0> }
	no_shadow
}

// nucleotide -1

// particle -1
sphere {
	<25.601660, 43.505383, 29.227036> 0.250000
	pigment { color rgbt <1,0,0,0> }
	no_shadow
}
cylinder {
	<25.256041, 43.578026, 29.414839>,  <25.048668, 43.621613, 29.527521>, 0.100000
	pigment { color rgbt <1,0,0,0> }
	no_shadow
}
cylinder {
	<25.256041, 43.578026, 29.414839>,  <25.601660, 43.505383, 29.227036>, 0.100000
	pigment { color rgbt <1,0,0,0> }
	no_shadow
}

// particle -1
sphere {
	<25.256041, 43.578026, 29.414839> 0.100000
	pigment { color rgbt <1,0,0,0> }
	no_shadow
}
sphere {
	0, 1
	scale<0.080000,0.200000,0.300000>
	matrix <-0.306244, 0.550602, -0.776564,
		-0.399542, -0.814774, -0.420132,
		-0.864049, 0.181607, 0.469508,
		24.996826, 43.632507, 29.555691>
	pigment { color rgbt <0,1,1,0> }
	no_shadow
}
cylinder {
	<25.287949, 42.944542, 28.942770>,  <25.601660, 43.505383, 29.227036>, 0.130000
	pigment { color rgbt <1,0,0,0> }
	no_shadow
}

// nucleotide -1

// particle -1
sphere {
	<25.287949, 42.944542, 28.942770> 0.250000
	pigment { color rgbt <1,0,0,0> }
	no_shadow
}
cylinder {
	<25.482513, 42.944202, 29.292261>,  <25.599253, 42.943996, 29.501957>, 0.100000
	pigment { color rgbt <1,0,0,0> }
	no_shadow
}
cylinder {
	<25.482513, 42.944202, 29.292261>,  <25.287949, 42.944542, 28.942770>, 0.100000
	pigment { color rgbt <1,0,0,0> }
	no_shadow
}

// particle -1
sphere {
	<25.482513, 42.944202, 29.292261> 0.100000
	pigment { color rgbt <1,0,0,0> }
	no_shadow
}
sphere {
	0, 1
	scale<0.080000,0.200000,0.300000>
	matrix <0.502169, -0.818061, -0.280360,
		0.715003, 0.575131, -0.397486,
		0.486412, -0.000853, 0.873729,
		25.628437, 42.943947, 29.554380>
	pigment { color rgbt <0,1,1,0> }
	no_shadow
}
cylinder {
	<25.643549, 42.375084, 28.558281>,  <25.287949, 42.944542, 28.942770>, 0.130000
	pigment { color rgbt <1,0,0,0> }
	no_shadow
}

// nucleotide -1

// particle -1
sphere {
	<25.643549, 42.375084, 28.558281> 0.250000
	pigment { color rgbt <1,0,0,0> }
	no_shadow
}
cylinder {
	<25.268831, 42.244003, 28.509249>,  <25.044001, 42.165356, 28.479830>, 0.100000
	pigment { color rgbt <1,0,0,0> }
	no_shadow
}
cylinder {
	<25.268831, 42.244003, 28.509249>,  <25.643549, 42.375084, 28.558281>, 0.100000
	pigment { color rgbt <1,0,0,0> }
	no_shadow
}

// particle -1
sphere {
	<25.268831, 42.244003, 28.509249> 0.100000
	pigment { color rgbt <1,0,0,0> }
	no_shadow
}
sphere {
	0, 1
	scale<0.080000,0.200000,0.300000>
	matrix <-0.333621, 0.731084, 0.595158,
		-0.105421, 0.598435, -0.794205,
		-0.936794, -0.327706, -0.122579,
		24.987793, 42.145691, 28.472475>
	pigment { color rgbt <0,1,1,0> }
	no_shadow
}
cylinder {
	<26.016397, 42.907845, 28.933542>,  <25.643549, 42.375084, 28.558281>, 0.130000
	pigment { color rgbt <1,0,0,0> }
	no_shadow
}

// nucleotide -1

// particle -1
sphere {
	<26.016397, 42.907845, 28.933542> 0.250000
	pigment { color rgbt <1,0,0,0> }
	no_shadow
}
cylinder {
	<26.220736, 42.686249, 28.670595>,  <26.343338, 42.553291, 28.512827>, 0.100000
	pigment { color rgbt <1,0,0,0> }
	no_shadow
}
cylinder {
	<26.220736, 42.686249, 28.670595>,  <26.016397, 42.907845, 28.933542>, 0.100000
	pigment { color rgbt <1,0,0,0> }
	no_shadow
}

// particle -1
sphere {
	<26.220736, 42.686249, 28.670595> 0.100000
	pigment { color rgbt <1,0,0,0> }
	no_shadow
}
sphere {
	0, 1
	scale<0.080000,0.200000,0.300000>
	matrix <0.549845, -0.377258, 0.745216,
		-0.660838, -0.742141, 0.111887,
		0.510845, -0.553988, -0.657369,
		26.373989, 42.520054, 28.473385>
	pigment { color rgbt <0,1,1,0> }
	no_shadow
}
cylinder {
	<26.044008, 42.100685, 29.126469>,  <26.016397, 42.907845, 28.933542>, 0.130000
	pigment { color rgbt <1,0,0,0> }
	no_shadow
}

// nucleotide -1

// particle -1
sphere {
	<26.044008, 42.100685, 29.126469> 0.250000
	pigment { color rgbt <1,0,0,0> }
	no_shadow
}
cylinder {
	<26.349159, 42.194633, 28.885521>,  <26.532249, 42.251003, 28.740952>, 0.100000
	pigment { color rgbt <1,0,0,0> }
	no_shadow
}
cylinder {
	<26.349159, 42.194633, 28.885521>,  <26.044008, 42.100685, 29.126469>, 0.100000
	pigment { color rgbt <1,0,0,0> }
	no_shadow
}

// particle -1
sphere {
	<26.349159, 42.194633, 28.885521> 0.100000
	pigment { color rgbt <1,0,0,0> }
	no_shadow
}
sphere {
	0, 1
	scale<0.080000,0.200000,0.300000>
	matrix <0.618596, -0.536105, 0.574396,
		-0.188027, -0.810819, -0.554273,
		0.762879, 0.234869, -0.602371,
		26.578024, 42.265095, 28.704809>
	pigment { color rgbt <0,1,1,0> }
	no_shadow
}
cylinder {
	<26.298307, 41.446430, 28.822687>,  <26.044008, 42.100685, 29.126469>, 0.130000
	pigment { color rgbt <1,0,0,0> }
	no_shadow
}

// nucleotide -1

// particle -1
sphere {
	<26.298307, 41.446430, 28.822687> 0.250000
	pigment { color rgbt <1,0,0,0> }
	no_shadow
}
cylinder {
	<26.598330, 41.710117, 28.844053>,  <26.778343, 41.868328, 28.856873>, 0.100000
	pigment { color rgbt <1,0,0,0> }
	no_shadow
}
cylinder {
	<26.598330, 41.710117, 28.844053>,  <26.298307, 41.446430, 28.822687>, 0.100000
	pigment { color rgbt <1,0,0,0> }
	no_shadow
}

// particle -1
sphere {
	<26.598330, 41.710117, 28.844053> 0.100000
	pigment { color rgbt <1,0,0,0> }
	no_shadow
}
sphere {
	0, 1
	scale<0.080000,0.200000,0.300000>
	matrix <0.486655, -0.604794, 0.630390,
		0.447867, -0.446833, -0.774439,
		0.750055, 0.659215, 0.053414,
		26.823345, 41.907883, 28.860077>
	pigment { color rgbt <0,1,1,0> }
	no_shadow
}
cylinder {
	<26.965698, 41.178574, 28.600914>,  <26.298307, 41.446430, 28.822687>, 0.130000
	pigment { color rgbt <1,0,0,0> }
	no_shadow
}

// nucleotide -1

// particle -1
sphere {
	<26.965698, 41.178574, 28.600914> 0.250000
	pigment { color rgbt <1,0,0,0> }
	no_shadow
}
cylinder {
	<26.983898, 41.449547, 28.894583>,  <26.994818, 41.612133, 29.070784>, 0.100000
	pigment { color rgbt <1,0,0,0> }
	no_shadow
}
cylinder {
	<26.983898, 41.449547, 28.894583>,  <26.965698, 41.178574, 28.600914>, 0.100000
	pigment { color rgbt <1,0,0,0> }
	no_shadow
}

// particle -1
sphere {
	<26.983898, 41.449547, 28.894583> 0.100000
	pigment { color rgbt <1,0,0,0> }
	no_shadow
}
sphere {
	0, 1
	scale<0.080000,0.200000,0.300000>
	matrix <0.465265, -0.664727, 0.584522,
		0.884001, 0.314990, -0.345431,
		0.045499, 0.677436, 0.734173,
		26.997547, 41.652779, 29.114834>
	pigment { color rgbt <0,1,1,0> }
	no_shadow
}
cylinder {
	<27.570625, 41.180931, 28.874151>,  <26.965698, 41.178574, 28.600914>, 0.130000
	pigment { color rgbt <1,0,0,0> }
	no_shadow
}

// nucleotide -1

// particle -1
sphere {
	<27.570625, 41.180931, 28.874151> 0.250000
	pigment { color rgbt <1,0,0,0> }
	no_shadow
}
cylinder {
	<27.323059, 41.321934, 29.154917>,  <27.174520, 41.406536, 29.323376>, 0.100000
	pigment { color rgbt <1,0,0,0> }
	no_shadow
}
cylinder {
	<27.323059, 41.321934, 29.154917>,  <27.570625, 41.180931, 28.874151>, 0.100000
	pigment { color rgbt <1,0,0,0> }
	no_shadow
}

// particle -1
sphere {
	<27.323059, 41.321934, 29.154917> 0.100000
	pigment { color rgbt <1,0,0,0> }
	no_shadow
}
sphere {
	0, 1
	scale<0.080000,0.200000,0.300000>
	matrix <0.346497, -0.679448, 0.646754,
		0.704901, 0.643496, 0.298376,
		-0.618914, 0.352511, 0.701913,
		27.137384, 41.427689, 29.365490>
	pigment { color rgbt <0,1,1,0> }
	no_shadow
}
cylinder {
	<27.941956, 41.135605, 29.457577>,  <27.570625, 41.180931, 28.874151>, 0.130000
	pigment { color rgbt <1,0,0,0> }
	no_shadow
}

// nucleotide -1

// particle -1
sphere {
	<27.941956, 41.135605, 29.457577> 0.250000
	pigment { color rgbt <1,0,0,0> }
	no_shadow
}
cylinder {
	<27.563656, 41.176132, 29.581053>,  <27.336676, 41.200451, 29.655138>, 0.100000
	pigment { color rgbt <1,0,0,0> }
	no_shadow
}
cylinder {
	<27.563656, 41.176132, 29.581053>,  <27.941956, 41.135605, 29.457577>, 0.100000
	pigment { color rgbt <1,0,0,0> }
	no_shadow
}

// particle -1
sphere {
	<27.563656, 41.176132, 29.581053> 0.100000
	pigment { color rgbt <1,0,0,0> }
	no_shadow
}
sphere {
	0, 1
	scale<0.080000,0.200000,0.300000>
	matrix <0.140578, -0.728967, 0.669958,
		0.292907, 0.677009, 0.675178,
		-0.945750, 0.101320, 0.308692,
		27.279930, 41.206528, 29.673660>
	pigment { color rgbt <0,1,1,0> }
	no_shadow
}
cylinder {
	<27.881208, 41.282928, 30.272373>,  <27.941956, 41.135605, 29.457577>, 0.130000
	pigment { color rgbt <1,0,0,0> }
	no_shadow
}

// nucleotide -1

// particle -1
sphere {
	<27.881208, 41.282928, 30.272373> 0.250000
	pigment { color rgbt <1,0,0,0> }
	no_shadow
}
cylinder {
	<27.535776, 41.124855, 30.147116>,  <27.328518, 41.030010, 30.071960>, 0.100000
	pigment { color rgbt <1,0,0,0> }
	no_shadow
}
cylinder {
	<27.535776, 41.124855, 30.147116>,  <27.881208, 41.282928, 30.272373>, 0.100000
	pigment { color rgbt <1,0,0,0> }
	no_shadow
}

// particle -1
sphere {
	<27.535776, 41.124855, 30.147116> 0.100000
	pigment { color rgbt <1,0,0,0> }
	no_shadow
}
sphere {
	0, 1
	scale<0.080000,0.200000,0.300000>
	matrix <0.085972, -0.727366, 0.680844,
		-0.496831, 0.561040, 0.662112,
		-0.863578, -0.395187, -0.313144,
		27.276703, 41.006298, 30.053173>
	pigment { color rgbt <0,1,1,0> }
	no_shadow
}
cylinder {
	<27.487181, 40.996174, 30.936268>,  <27.881208, 41.282928, 30.272373>, 0.130000
	pigment { color rgbt <1,0,0,0> }
	no_shadow
}

// nucleotide -1

// particle -1
sphere {
	<27.487181, 40.996174, 30.936268> 0.250000
	pigment { color rgbt <1,0,0,0> }
	no_shadow
}
cylinder {
	<27.316355, 40.808994, 30.626781>,  <27.213860, 40.696686, 30.441090>, 0.100000
	pigment { color rgbt <1,0,0,0> }
	no_shadow
}
cylinder {
	<27.316355, 40.808994, 30.626781>,  <27.487181, 40.996174, 30.936268>, 0.100000
	pigment { color rgbt <1,0,0,0> }
	no_shadow
}

// particle -1
sphere {
	<27.316355, 40.808994, 30.626781> 0.100000
	pigment { color rgbt <1,0,0,0> }
	no_shadow
}
sphere {
	0, 1
	scale<0.080000,0.200000,0.300000>
	matrix <-0.007142, -0.853899, 0.520389,
		-0.904192, 0.227766, 0.361329,
		-0.427066, -0.467951, -0.773716,
		27.188234, 40.668610, 30.394667>
	pigment { color rgbt <0,1,1,0> }
	no_shadow
}
cylinder {
	<27.025484, 40.480015, 31.345181>,  <27.487181, 40.996174, 30.936268>, 0.130000
	pigment { color rgbt <1,0,0,0> }
	no_shadow
}

// nucleotide -1

// particle -1
sphere {
	<27.025484, 40.480015, 31.345181> 0.250000
	pigment { color rgbt <1,0,0,0> }
	no_shadow
}
cylinder {
	<27.054340, 40.387085, 30.957197>,  <27.071655, 40.331326, 30.724407>, 0.100000
	pigment { color rgbt <1,0,0,0> }
	no_shadow
}
cylinder {
	<27.054340, 40.387085, 30.957197>,  <27.025484, 40.480015, 31.345181>, 0.100000
	pigment { color rgbt <1,0,0,0> }
	no_shadow
}

// particle -1
sphere {
	<27.054340, 40.387085, 30.957197> 0.100000
	pigment { color rgbt <1,0,0,0> }
	no_shadow
}
sphere {
	0, 1
	scale<0.080000,0.200000,0.300000>
	matrix <0.048523, -0.970524, 0.236071,
		-0.996213, -0.064096, -0.058742,
		0.072142, -0.232327, -0.969959,
		27.075983, 40.317387, 30.666210>
	pigment { color rgbt <0,1,1,0> }
	no_shadow
}
cylinder {
	<26.469439, 39.999760, 31.216766>,  <27.025484, 40.480015, 31.345181>, 0.130000
	pigment { color rgbt <1,0,0,0> }
	no_shadow
}

// nucleotide -1

// particle -1
sphere {
	<26.469439, 39.999760, 31.216766> 0.250000
	pigment { color rgbt <1,0,0,0> }
	no_shadow
}
cylinder {
	<26.758598, 39.949329, 30.945026>,  <26.932095, 39.919071, 30.781982>, 0.100000
	pigment { color rgbt <1,0,0,0> }
	no_shadow
}
cylinder {
	<26.758598, 39.949329, 30.945026>,  <26.469439, 39.999760, 31.216766>, 0.100000
	pigment { color rgbt <1,0,0,0> }
	no_shadow
}

// particle -1
sphere {
	<26.758598, 39.949329, 30.945026> 0.100000
	pigment { color rgbt <1,0,0,0> }
	no_shadow
}
sphere {
	0, 1
	scale<0.080000,0.200000,0.300000>
	matrix <0.027317, -0.977228, 0.210425,
		-0.690411, -0.170674, -0.702996,
		0.722901, -0.126076, -0.679352,
		26.975470, 39.911507, 30.741220>
	pigment { color rgbt <0,1,1,0> }
	no_shadow
}
cylinder {
	<26.239042, 39.307755, 30.840311>,  <26.469439, 39.999760, 31.216766>, 0.130000
	pigment { color rgbt <1,0,0,0> }
	no_shadow
}

// nucleotide -1

// particle -1
sphere {
	<26.239042, 39.307755, 30.840311> 0.250000
	pigment { color rgbt <1,0,0,0> }
	no_shadow
}
cylinder {
	<26.626680, 39.392288, 30.789413>,  <26.859262, 39.443008, 30.758875>, 0.100000
	pigment { color rgbt <1,0,0,0> }
	no_shadow
}
cylinder {
	<26.626680, 39.392288, 30.789413>,  <26.239042, 39.307755, 30.840311>, 0.100000
	pigment { color rgbt <1,0,0,0> }
	no_shadow
}

// particle -1
sphere {
	<26.626680, 39.392288, 30.789413> 0.100000
	pigment { color rgbt <1,0,0,0> }
	no_shadow
}
sphere {
	0, 1
	scale<0.080000,0.200000,0.300000>
