// switches for output
#declare DRAW_BASES = 1; // possible values are 0, 1; only relevant for DNA ribbons
#declare DRAW_BASES_TYPE = 3; // possible values are 1, 2, 3; only relevant for DNA ribbons
#declare DRAW_FOG = 0; // set to 1 to enable fog

#include "colors.inc"

#include "transforms.inc"
background { rgb <1, 1, 1>}

#default {
   normal{
       ripples 0.25
       frequency 0.20
       turbulence 0.2
       lambda 5
   }
	finish {
		phong 0.1
		phong_size 40.
	}
}

// original window dimensions: 1024x640


// camera settings

camera {
	sky <0, 0.179814, -0.983701>
	up <0, 0.179814, -0.983701>
	right 1.6 * <1, 0, 0>
	location <35, 94.9851, 44.8844>
	look_at <35, 29.7336, 32.9568>
	direction <0, -65.2515, -11.9276>
	angle 67.0682
}


# declare cpy_camera_pos = <35, 94.9851, 44.8844>;
# if (DRAW_FOG = 1)
fog {
	fog_type 2
	up vnormalize(cpy_camera_pos)
	color rgbt<1,1,1,0.3>
	distance 1e-5
	fog_alt 3e-3
	fog_offset 56
}
# end


// LIGHTS

# declare lum = 6;
global_settings {
	ambient_light rgb lum * <0.05, 0.05, 0.05>
	max_trace_level 15
}# declare cpy_direct_light_amount = 0.25;
light_source
{	1000 * <-1, -1.16352, -0.803886>,
	rgb lum * cpy_direct_light_amount
	parallel
}

light_source
{	1000 * <1, 1.16352, 0.803886>,
	rgb lum * cpy_direct_light_amount
	parallel
}

// strand 0

// nucleotide -1

// particle -1
sphere {
	<24.229752, 34.823265, 34.725185> 0.250000
	pigment { color rgbt <1,0,0,0> }
	no_shadow
}
cylinder {
	<24.285843, 34.953590, 35.099178>,  <24.319498, 35.031784, 35.323574>, 0.100000
	pigment { color rgbt <1,0,0,0> }
	no_shadow
}
cylinder {
	<24.285843, 34.953590, 35.099178>,  <24.229752, 34.823265, 34.725185>, 0.100000
	pigment { color rgbt <1,0,0,0> }
	no_shadow
}

// particle -1
sphere {
	<24.285843, 34.953590, 35.099178> 0.100000
	pigment { color rgbt <1,0,0,0> }
	no_shadow
}
sphere {
	0, 1
	scale<0.080000,0.200000,0.300000>
	matrix <0.898871, 0.354070, -0.258195,
		-0.415170, 0.876631, -0.243212,
		0.140228, 0.325811, 0.934978,
		24.327911, 35.051334, 35.379673>
	pigment { color rgbt <0,1,1,0> }
	no_shadow
}
cylinder {
	<24.522833, 35.522121, 34.743145>,  <24.229752, 34.823265, 34.725185>, 0.130000
	pigment { color rgbt <1,0,0,0> }
	no_shadow
}

// nucleotide -1

// particle -1
sphere {
	<24.522833, 35.522121, 34.743145> 0.250000
	pigment { color rgbt <1,0,0,0> }
	no_shadow
}
cylinder {
	<24.637646, 35.307274, 35.060413>,  <24.706533, 35.178368, 35.250774>, 0.100000
	pigment { color rgbt <1,0,0,0> }
	no_shadow
}
cylinder {
	<24.637646, 35.307274, 35.060413>,  <24.522833, 35.522121, 34.743145>, 0.100000
	pigment { color rgbt <1,0,0,0> }
	no_shadow
}

// particle -1
sphere {
	<24.637646, 35.307274, 35.060413> 0.100000
	pigment { color rgbt <1,0,0,0> }
	no_shadow
}
sphere {
	0, 1
	scale<0.080000,0.200000,0.300000>
	matrix <0.954972, 0.225375, -0.192964,
		-0.075118, 0.812843, 0.577619,
		0.287031, -0.537115, 0.793172,
		24.723755, 35.146141, 35.298367>
	pigment { color rgbt <0,1,1,0> }
	no_shadow
}
cylinder {
	<24.872847, 36.166008, 34.684673>,  <24.522833, 35.522121, 34.743145>, 0.130000
	pigment { color rgbt <1,0,0,0> }
	no_shadow
}

// nucleotide -1

// particle -1
sphere {
	<24.872847, 36.166008, 34.684673> 0.250000
	pigment { color rgbt <1,0,0,0> }
	no_shadow
}
cylinder {
	<25.229740, 35.985455, 34.679367>,  <25.443876, 35.877125, 34.676186>, 0.100000
	pigment { color rgbt <1,0,0,0> }
	no_shadow
}
cylinder {
	<25.229740, 35.985455, 34.679367>,  <24.872847, 36.166008, 34.684673>, 0.100000
	pigment { color rgbt <1,0,0,0> }
	no_shadow
}

// particle -1
sphere {
	<25.229740, 35.985455, 34.679367> 0.100000
	pigment { color rgbt <1,0,0,0> }
	no_shadow
}
sphere {
	0, 1
	scale<0.080000,0.200000,0.300000>
	matrix <0.190995, 0.403820, -0.894679,
		0.409196, 0.795730, 0.446513,
		0.892233, -0.451380, -0.013261,
		25.497410, 35.850040, 34.675388>
	pigment { color rgbt <0,1,1,0> }
	no_shadow
}
cylinder {
	<25.354935, 36.583965, 34.632786>,  <24.872847, 36.166008, 34.684673>, 0.130000
	pigment { color rgbt <1,0,0,0> }
	no_shadow
}

// nucleotide -1

// particle -1
sphere {
	<25.354935, 36.583965, 34.632786> 0.250000
	pigment { color rgbt <1,0,0,0> }
	no_shadow
}
cylinder {
	<25.496237, 36.240150, 34.485054>,  <25.581018, 36.033863, 34.396416>, 0.100000
	pigment { color rgbt <1,0,0,0> }
	no_shadow
}
cylinder {
	<25.496237, 36.240150, 34.485054>,  <25.354935, 36.583965, 34.632786>, 0.100000
	pigment { color rgbt <1,0,0,0> }
	no_shadow
}

// particle -1
sphere {
	<25.496237, 36.240150, 34.485054> 0.100000
	pigment { color rgbt <1,0,0,0> }
	no_shadow
}
sphere {
	0, 1
	scale<0.080000,0.200000,0.300000>
	matrix <0.081436, 0.421541, -0.903145,
		0.931975, 0.288965, 0.218910,
		0.353257, -0.859536, -0.369333,
		25.602215, 35.982288, 34.374252>
	pigment { color rgbt <0,1,1,0> }
	no_shadow
}
cylinder {
	<26.061684, 36.625496, 34.279209>,  <25.354935, 36.583965, 34.632786>, 0.130000
	pigment { color rgbt <1,0,0,0> }
	no_shadow
}

// nucleotide -1

// particle -1
sphere {
	<26.061684, 36.625496, 34.279209> 0.250000
	pigment { color rgbt <1,0,0,0> }
	no_shadow
}
cylinder {
	<25.862410, 36.322002, 34.111340>,  <25.742846, 36.139904, 34.010616>, 0.100000
	pigment { color rgbt <1,0,0,0> }
	no_shadow
}
cylinder {
	<25.862410, 36.322002, 34.111340>,  <26.061684, 36.625496, 34.279209>, 0.100000
	pigment { color rgbt <1,0,0,0> }
	no_shadow
}

// particle -1
sphere {
	<25.862410, 36.322002, 34.111340> 0.100000
	pigment { color rgbt <1,0,0,0> }
	no_shadow
}
sphere {
	0, 1
	scale<0.080000,0.200000,0.300000>
	matrix <-0.054827, 0.510614, -0.858060,
		0.865336, -0.404463, -0.295980,
		-0.498185, -0.758738, -0.419677,
		25.712954, 36.094379, 33.985435>
	pigment { color rgbt <0,1,1,0> }
	no_shadow
}
cylinder {
	<26.431730, 36.434208, 33.558968>,  <26.061684, 36.625496, 34.279209>, 0.130000
	pigment { color rgbt <1,0,0,0> }
	no_shadow
}

// nucleotide -1

// particle -1
sphere {
	<26.431730, 36.434208, 33.558968> 0.250000
	pigment { color rgbt <1,0,0,0> }
	no_shadow
}
cylinder {
	<26.073000, 36.262226, 33.517319>,  <25.857761, 36.159039, 33.492329>, 0.100000
	pigment { color rgbt <1,0,0,0> }
	no_shadow
}
cylinder {
	<26.073000, 36.262226, 33.517319>,  <26.431730, 36.434208, 33.558968>, 0.100000
	pigment { color rgbt <1,0,0,0> }
	no_shadow
}

// particle -1
sphere {
	<26.073000, 36.262226, 33.517319> 0.100000
	pigment { color rgbt <1,0,0,0> }
	no_shadow
}
sphere {
	0, 1
	scale<0.080000,0.200000,0.300000>
	matrix <-0.022545, 0.279479, -0.959887,
		0.441807, -0.858505, -0.260338,
		-0.896827, -0.429954, -0.104121,
		25.803951, 36.133240, 33.486084>
	pigment { color rgbt <0,1,1,0> }
	no_shadow
}
cylinder {
	<26.343225, 36.010838, 32.875732>,  <26.431730, 36.434208, 33.558968>, 0.130000
	pigment { color rgbt <1,0,0,0> }
	no_shadow
}

// nucleotide -1

// particle -1
sphere {
	<26.343225, 36.010838, 32.875732> 0.250000
	pigment { color rgbt <1,0,0,0> }
	no_shadow
}
cylinder {
	<25.988165, 36.140118, 33.006954>,  <25.775129, 36.217686, 33.085686>, 0.100000
	pigment { color rgbt <1,0,0,0> }
	no_shadow
}
cylinder {
	<25.988165, 36.140118, 33.006954>,  <26.343225, 36.010838, 32.875732>, 0.100000
	pigment { color rgbt <1,0,0,0> }
	no_shadow
}

// particle -1
sphere {
	<25.988165, 36.140118, 33.006954> 0.100000
	pigment { color rgbt <1,0,0,0> }
	no_shadow
}
sphere {
	0, 1
	scale<0.080000,0.200000,0.300000>
	matrix <-0.194779, 0.382013, -0.903398,
		-0.417299, -0.865799, -0.276141,
		-0.887650, 0.323201, 0.328053,
		25.721870, 36.237080, 33.105370>
	pigment { color rgbt <0,1,1,0> }
	no_shadow
}
cylinder {
	<25.845392, 35.801010, 32.389542>,  <26.343225, 36.010838, 32.875732>, 0.130000
	pigment { color rgbt <1,0,0,0> }
	no_shadow
}

// nucleotide -1

// particle -1
sphere {
	<25.845392, 35.801010, 32.389542> 0.250000
	pigment { color rgbt <1,0,0,0> }
	no_shadow
}
cylinder {
	<25.606930, 36.065380, 32.571873>,  <25.463852, 36.224003, 32.681271>, 0.100000
	pigment { color rgbt <1,0,0,0> }
	no_shadow
}
cylinder {
	<25.606930, 36.065380, 32.571873>,  <25.845392, 35.801010, 32.389542>, 0.100000
	pigment { color rgbt <1,0,0,0> }
	no_shadow
}

// particle -1
sphere {
	<25.606930, 36.065380, 32.571873> 0.100000
	pigment { color rgbt <1,0,0,0> }
	no_shadow
}
sphere {
	0, 1
	scale<0.080000,0.200000,0.300000>
	matrix <-0.258284, 0.379691, -0.888327,
		-0.760189, -0.647315, -0.055649,
		-0.596156, 0.660923, 0.455828,
		25.428083, 36.263657, 32.708622>
	pigment { color rgbt <0,1,1,0> }
	no_shadow
}
cylinder {
	<25.148991, 35.878349, 32.044880>,  <25.845392, 35.801010, 32.389542>, 0.130000
	pigment { color rgbt <1,0,0,0> }
	no_shadow
}

// nucleotide -1

// particle -1
sphere {
	<25.148991, 35.878349, 32.044880> 0.250000
	pigment { color rgbt <1,0,0,0> }
	no_shadow
}
cylinder {
	<25.197975, 36.227455, 32.233894>,  <25.227365, 36.436916, 32.347301>, 0.100000
	pigment { color rgbt <1,0,0,0> }
	no_shadow
}
cylinder {
	<25.197975, 36.227455, 32.233894>,  <25.148991, 35.878349, 32.044880>, 0.100000
	pigment { color rgbt <1,0,0,0> }
	no_shadow
}

// particle -1
sphere {
	<25.197975, 36.227455, 32.233894> 0.100000
	pigment { color rgbt <1,0,0,0> }
	no_shadow
}
sphere {
	0, 1
	scale<0.080000,0.200000,0.300000>
	matrix <-0.381339, 0.480948, -0.789474,
		-0.916288, -0.083516, 0.391716,
		0.122462, 0.872763, 0.472535,
		25.234715, 36.489285, 32.375656>
	pigment { color rgbt <0,1,1,0> }
	no_shadow
}
cylinder {
	<24.626139, 36.208080, 31.735102>,  <25.148991, 35.878349, 32.044880>, 0.130000
	pigment { color rgbt <1,0,0,0> }
	no_shadow
}

// nucleotide -1

// particle -1
sphere {
	<24.626139, 36.208080, 31.735102> 0.250000
	pigment { color rgbt <1,0,0,0> }
	no_shadow
}
cylinder {
	<24.825598, 36.503780, 31.916149>,  <24.945272, 36.681198, 32.024776>, 0.100000
	pigment { color rgbt <1,0,0,0> }
	no_shadow
}
cylinder {
	<24.825598, 36.503780, 31.916149>,  <24.626139, 36.208080, 31.735102>, 0.100000
	pigment { color rgbt <1,0,0,0> }
	no_shadow
}

// particle -1
sphere {
	<24.825598, 36.503780, 31.916149> 0.100000
	pigment { color rgbt <1,0,0,0> }
	no_shadow
}
sphere {
	0, 1
	scale<0.080000,0.200000,0.300000>
	matrix <-0.232042, 0.616955, -0.752013,
		-0.835170, 0.269961, 0.479178,
		0.498646, 0.739248, 0.452620,
		24.975191, 36.725555, 32.051937>
	pigment { color rgbt <0,1,1,0> }
	no_shadow
}
cylinder {
	<24.188002, 36.891731, 31.788967>,  <24.626139, 36.208080, 31.735102>, 0.130000
	pigment { color rgbt <1,0,0,0> }
	no_shadow
}

// nucleotide -1

// particle -1
sphere {
	<24.188002, 36.891731, 31.788967> 0.250000
	pigment { color rgbt <1,0,0,0> }
	no_shadow
}
cylinder {
	<24.572420, 37.000965, 31.806007>,  <24.803072, 37.066505, 31.816231>, 0.100000
	pigment { color rgbt <1,0,0,0> }
	no_shadow
}
cylinder {
	<24.572420, 37.000965, 31.806007>,  <24.188002, 36.891731, 31.788967>, 0.100000
	pigment { color rgbt <1,0,0,0> }
	no_shadow
}

// particle -1
sphere {
	<24.572420, 37.000965, 31.806007> 0.100000
	pigment { color rgbt <1,0,0,0> }
	no_shadow
}
sphere {
	0, 1
	scale<0.080000,0.200000,0.300000>
	matrix <-0.125540, 0.568629, -0.812958,
		-0.246226, 0.775943, 0.580762,
		0.961048, 0.273080, 0.042600,
		24.860735, 37.082890, 31.818787>
	pigment { color rgbt <0,1,1,0> }
	no_shadow
}
cylinder {
	<24.139128, 37.547245, 31.589247>,  <24.188002, 36.891731, 31.788967>, 0.130000
	pigment { color rgbt <1,0,0,0> }
	no_shadow
}

// nucleotide -1

// particle -1
sphere {
	<24.139128, 37.547245, 31.589247> 0.250000
	pigment { color rgbt <1,0,0,0> }
	no_shadow
}
cylinder {
	<24.529558, 37.462833, 31.568306>,  <24.763817, 37.412186, 31.555740>, 0.100000
	pigment { color rgbt <1,0,0,0> }
	no_shadow
}
cylinder {
	<24.529558, 37.462833, 31.568306>,  <24.139128, 37.547245, 31.589247>, 0.100000
	pigment { color rgbt <1,0,0,0> }
	no_shadow
}

// particle -1
sphere {
	<24.529558, 37.462833, 31.568306> 0.100000
	pigment { color rgbt <1,0,0,0> }
	no_shadow
}
sphere {
	0, 1
	scale<0.080000,0.200000,0.300000>
	matrix <0.126803, 0.748099, -0.651359,
		0.176621, 0.629138, 0.756961,
		0.976077, -0.211028, -0.052354,
		24.822382, 37.399525, 31.552599>
	pigment { color rgbt <0,1,1,0> }
	no_shadow
}
cylinder {
	<24.551020, 38.151539, 31.604599>,  <24.139128, 37.547245, 31.589247>, 0.130000
	pigment { color rgbt <1,0,0,0> }
	no_shadow
}

// nucleotide -1

// particle -1
sphere {
	<24.551020, 38.151539, 31.604599> 0.250000
	pigment { color rgbt <1,0,0,0> }
	no_shadow
}
cylinder {
	<24.764275, 37.886440, 31.394255>,  <24.892227, 37.727383, 31.268047>, 0.100000
	pigment { color rgbt <1,0,0,0> }
	no_shadow
}
cylinder {
	<24.764275, 37.886440, 31.394255>,  <24.551020, 38.151539, 31.604599>, 0.100000
	pigment { color rgbt <1,0,0,0> }
	no_shadow
}

// particle -1
sphere {
	<24.764275, 37.886440, 31.394255> 0.100000
	pigment { color rgbt <1,0,0,0> }
	no_shadow
}
sphere {
	0, 1
	scale<0.080000,0.200000,0.300000>
	matrix <0.220407, 0.708906, -0.669981,
		0.816813, 0.241289, 0.524019,
		0.533139, -0.662746, -0.525862,
		24.924215, 37.687618, 31.236496>
	pigment { color rgbt <0,1,1,0> }
	no_shadow
}
cylinder {
	<24.815649, 38.606247, 31.191534>,  <24.551020, 38.151539, 31.604599>, 0.130000
	pigment { color rgbt <1,0,0,0> }
	no_shadow
}

// nucleotide -1

// particle -1
sphere {
	<24.815649, 38.606247, 31.191534> 0.250000
	pigment { color rgbt <1,0,0,0> }
	no_shadow
}
cylinder {
	<24.905115, 38.251450, 31.029930>,  <24.958796, 38.038570, 30.932968>, 0.100000
	pigment { color rgbt <1,0,0,0> }
	no_shadow
}
cylinder {
	<24.905115, 38.251450, 31.029930>,  <24.815649, 38.606247, 31.191534>, 0.100000
	pigment { color rgbt <1,0,0,0> }
	no_shadow
}

// particle -1
sphere {
	<24.905115, 38.251450, 31.029930> 0.100000
	pigment { color rgbt <1,0,0,0> }
	no_shadow
}
sphere {
	0, 1
	scale<0.080000,0.200000,0.300000>
	matrix <0.214463, 0.449139, -0.867340,
		0.950778, 0.107349, 0.290684,
		0.223666, -0.886989, -0.404009,
		24.972216, 37.985352, 30.908728>
	pigment { color rgbt <0,1,1,0> }
	no_shadow
}
cylinder {
	<25.517160, 38.664898, 30.899040>,  <24.815649, 38.606247, 31.191534>, 0.130000
	pigment { color rgbt <1,0,0,0> }
	no_shadow
}

// nucleotide -1

// particle -1
sphere {
	<25.517160, 38.664898, 30.899040> 0.250000
	pigment { color rgbt <1,0,0,0> }
	no_shadow
}
cylinder {
	<25.306925, 38.383511, 30.707670>,  <25.180782, 38.214680, 30.592848>, 0.100000
	pigment { color rgbt <1,0,0,0> }
	no_shadow
}
cylinder {
	<25.306925, 38.383511, 30.707670>,  <25.517160, 38.664898, 30.899040>, 0.100000
	pigment { color rgbt <1,0,0,0> }
	no_shadow
}

// particle -1
sphere {
	<25.306925, 38.383511, 30.707670> 0.100000
	pigment { color rgbt <1,0,0,0> }
	no_shadow
}
sphere {
	0, 1
	scale<0.080000,0.200000,0.300000>
	matrix <0.139169, 0.483693, -0.864102,
		0.839278, -0.520746, -0.156324,
		-0.525590, -0.703466, -0.478424,
		25.149248, 38.172470, 30.564142>
	pigment { color rgbt <0,1,1,0> }
	no_shadow
}
cylinder {
	<25.835732, 38.517963, 30.318150>,  <25.517160, 38.664898, 30.899040>, 0.130000
	pigment { color rgbt <1,0,0,0> }
	no_shadow
}

// nucleotide -1

// particle -1
sphere {
	<25.835732, 38.517963, 30.318150> 0.250000
	pigment { color rgbt <1,0,0,0> }
	no_shadow
}
cylinder {
	<25.496893, 38.336025, 30.208206>,  <25.293591, 38.226864, 30.142241>, 0.100000
	pigment { color rgbt <1,0,0,0> }
	no_shadow
}
cylinder {
	<25.496893, 38.336025, 30.208206>,  <25.835732, 38.517963, 30.318150>, 0.100000
	pigment { color rgbt <1,0,0,0> }
	no_shadow
}

// particle -1
sphere {
	<25.496893, 38.336025, 30.208206> 0.100000
	pigment { color rgbt <1,0,0,0> }
	no_shadow
}
sphere {
	0, 1
	scale<0.080000,0.200000,0.300000>
	matrix <0.134057, 0.317583, -0.938706,
		0.514253, -0.832021, -0.208049,
		-0.847097, -0.454842, -0.274857,
		25.242764, 38.199574, 30.125750>
	pigment { color rgbt <0,1,1,0> }
	no_shadow
}
cylinder {
	<25.961903, 38.232964, 29.640482>,  <25.835732, 38.517963, 30.318150>, 0.130000
	pigment { color rgbt <1,0,0,0> }
	no_shadow
}

// nucleotide -1

// particle -1
sphere {
	<25.961903, 38.232964, 29.640482> 0.250000
	pigment { color rgbt <1,0,0,0> }
	no_shadow
}
cylinder {
	<25.563742, 38.220760, 29.676798>,  <25.324844, 38.213440, 29.698587>, 0.100000
	pigment { color rgbt <1,0,0,0> }
	no_shadow
}
cylinder {
	<25.563742, 38.220760, 29.676798>,  <25.961903, 38.232964, 29.640482>, 0.100000
	pigment { color rgbt <1,0,0,0> }
	no_shadow
}

// particle -1
sphere {
	<25.563742, 38.220760, 29.676798> 0.100000
	pigment { color rgbt <1,0,0,0> }
	no_shadow
}
sphere {
	0, 1
	scale<0.080000,0.200000,0.300000>
	matrix <-0.095492, 0.242512, -0.965437,
		0.007435, -0.969669, -0.244310,
		-0.995403, -0.030508, 0.090792,
		25.265121, 38.211609, 29.704035>
	pigment { color rgbt <0,1,1,0> }
	no_shadow
}
cylinder {
	<25.681774, 37.883854, 29.024660>,  <25.961903, 38.232964, 29.640482>, 0.130000
	pigment { color rgbt <1,0,0,0> }
	no_shadow
}

// nucleotide -1

// particle -1
sphere {
	<25.681774, 37.883854, 29.024660> 0.250000
	pigment { color rgbt <1,0,0,0> }
	no_shadow
}
cylinder {
	<25.391811, 38.131809, 29.144823>,  <25.217833, 38.280582, 29.216921>, 0.100000
	pigment { color rgbt <1,0,0,0> }
	no_shadow
}
cylinder {
	<25.391811, 38.131809, 29.144823>,  <25.681774, 37.883854, 29.024660>, 0.100000
	pigment { color rgbt <1,0,0,0> }
	no_shadow
}

// particle -1
sphere {
	<25.391811, 38.131809, 29.144823> 0.100000
	pigment { color rgbt <1,0,0,0> }
	no_shadow
}
sphere {
	0, 1
	scale<0.080000,0.200000,0.300000>
	matrix <0.097163, 0.523756, -0.846309,
		-0.681958, -0.584308, -0.439906,
		-0.724909, 0.619890, 0.300406,
		25.174339, 38.317776, 29.234945>
	pigment { color rgbt <0,1,1,0> }
	no_shadow
}
cylinder {
	<25.355225, 38.077446, 28.438643>,  <25.681774, 37.883854, 29.024660>, 0.130000
	pigment { color rgbt <1,0,0,0> }
	no_shadow
}

// nucleotide -1

// particle -1
sphere {
	<25.355225, 38.077446, 28.438643> 0.250000
	pigment { color rgbt <1,0,0,0> }
	no_shadow
}
cylinder {
	<25.228470, 38.364777, 28.686382>,  <25.152416, 38.537174, 28.835026>, 0.100000
	pigment { color rgbt <1,0,0,0> }
	no_shadow
}
cylinder {
	<25.228470, 38.364777, 28.686382>,  <25.355225, 38.077446, 28.438643>, 0.100000
	pigment { color rgbt <1,0,0,0> }
	no_shadow
}

// particle -1
sphere {
	<25.228470, 38.364777, 28.686382> 0.100000
	pigment { color rgbt <1,0,0,0> }
	no_shadow
}
sphere {
	0, 1
	scale<0.080000,0.200000,0.300000>
	matrix <0.144947, 0.682008, -0.716837,
		-0.937322, -0.137384, -0.320239,
		-0.316887, 0.718325, 0.619348,
		25.133404, 38.580273, 28.872187>
	pigment { color rgbt <0,1,1,0> }
	no_shadow
}
cylinder {
	<24.738459, 38.416256, 28.139626>,  <25.355225, 38.077446, 28.438643>, 0.130000
	pigment { color rgbt <1,0,0,0> }
	no_shadow
}

// nucleotide -1

// particle -1
sphere {
	<24.738459, 38.416256, 28.139626> 0.250000
	pigment { color rgbt <1,0,0,0> }
	no_shadow
}
cylinder {
	<24.863361, 38.698166, 28.394432>,  <24.938303, 38.867313, 28.547316>, 0.100000
	pigment { color rgbt <1,0,0,0> }
	no_shadow
}
cylinder {
	<24.863361, 38.698166, 28.394432>,  <24.738459, 38.416256, 28.139626>, 0.100000
	pigment { color rgbt <1,0,0,0> }
	no_shadow
}

// particle -1
sphere {
	<24.863361, 38.698166, 28.394432> 0.100000
	pigment { color rgbt <1,0,0,0> }
	no_shadow
}
sphere {
	0, 1
	scale<0.080000,0.200000,0.300000>
	matrix <-0.080245, 0.687716, -0.721531,
		-0.946603, 0.174185, 0.271298,
		0.312256, 0.704774, 0.637016,
		24.957039, 38.909599, 28.585537>
	pigment { color rgbt <0,1,1,0> }
	no_shadow
}
cylinder {
	<24.271740, 39.033733, 28.080788>,  <24.738459, 38.416256, 28.139626>, 0.130000
	pigment { color rgbt <1,0,0,0> }
	no_shadow
}

// nucleotide -1

// particle -1
sphere {
	<24.271740, 39.033733, 28.080788> 0.250000
	pigment { color rgbt <1,0,0,0> }
	no_shadow
}
cylinder {
	<24.617659, 39.174973, 28.223585>,  <24.825211, 39.259716, 28.309263>, 0.100000
	pigment { color rgbt <1,0,0,0> }
	no_shadow
}
cylinder {
	<24.617659, 39.174973, 28.223585>,  <24.271740, 39.033733, 28.080788>, 0.100000
	pigment { color rgbt <1,0,0,0> }
	no_shadow
}

// particle -1
sphere {
	<24.617659, 39.174973, 28.223585> 0.100000
	pigment { color rgbt <1,0,0,0> }
	no_shadow
}
sphere {
	0, 1
	scale<0.080000,0.200000,0.300000>
	matrix <0.027296, 0.676865, -0.735601,
		-0.501379, 0.645890, 0.575713,
		0.864797, 0.353100, 0.356996,
		24.877098, 39.280903, 28.330685>
	pigment { color rgbt <0,1,1,0> }
	no_shadow
}
cylinder {
	<24.147833, 39.663158, 28.022034>,  <24.271740, 39.033733, 28.080788>, 0.130000
	pigment { color rgbt <1,0,0,0> }
	no_shadow
}

// nucleotide -1

// particle -1
sphere {
	<24.147833, 39.663158, 28.022034> 0.250000
	pigment { color rgbt <1,0,0,0> }
	no_shadow
}
cylinder {
	<24.545673, 39.626663, 28.041800>,  <24.784378, 39.604767, 28.053659>, 0.100000
	pigment { color rgbt <1,0,0,0> }
	no_shadow
}
cylinder {
	<24.545673, 39.626663, 28.041800>,  <24.147833, 39.663158, 28.022034>, 0.100000
	pigment { color rgbt <1,0,0,0> }
	no_shadow
}

// particle -1
sphere {
	<24.545673, 39.626663, 28.041800> 0.100000
	pigment { color rgbt <1,0,0,0> }
	no_shadow
}
sphere {
	0, 1
	scale<0.080000,0.200000,0.300000>
	matrix <0.102691, 0.797524, -0.594482,
		0.014829, 0.596348, 0.802589,
		0.994603, -0.091234, 0.049413,
		24.844055, 39.599293, 28.056623>
	pigment { color rgbt <0,1,1,0> }
	no_shadow
}
cylinder {
	<24.297638, 40.404266, 27.917784>,  <24.147833, 39.663158, 28.022034>, 0.130000
	pigment { color rgbt <1,0,0,0> }
	no_shadow
}

// nucleotide -1

// particle -1
sphere {
	<24.297638, 40.404266, 27.917784> 0.250000
	pigment { color rgbt <1,0,0,0> }
	no_shadow
}
cylinder {
	<24.621498, 40.175819, 27.863680>,  <24.815815, 40.038754, 27.831217>, 0.100000
	pigment { color rgbt <1,0,0,0> }
	no_shadow
}
cylinder {
	<24.621498, 40.175819, 27.863680>,  <24.297638, 40.404266, 27.917784>, 0.100000
	pigment { color rgbt <1,0,0,0> }
	no_shadow
}

// particle -1
sphere {
	<24.621498, 40.175819, 27.863680> 0.100000
	pigment { color rgbt <1,0,0,0> }
	no_shadow
}
sphere {
	0, 1
	scale<0.080000,0.200000,0.300000>
	matrix <0.330974, 0.634613, -0.698371,
		0.484688, 0.520669, 0.702838,
		0.809650, -0.571113, -0.135261,
		24.864393, 40.004486, 27.823101>
	pigment { color rgbt <0,1,1,0> }
	no_shadow
}
cylinder {
	<24.926765, 40.857452, 27.904337>,  <24.297638, 40.404266, 27.917784>, 0.130000
	pigment { color rgbt <1,0,0,0> }
	no_shadow
}

// nucleotide -1

// particle -1
sphere {
	<24.926765, 40.857452, 27.904337> 0.250000
	pigment { color rgbt <1,0,0,0> }
	no_shadow
}
cylinder {
	<25.033583, 40.527866, 27.704430>,  <25.097673, 40.330116, 27.584486>, 0.100000
	pigment { color rgbt <1,0,0,0> }
	no_shadow
}
cylinder {
	<25.033583, 40.527866, 27.704430>,  <24.926765, 40.857452, 27.904337>, 0.100000
	pigment { color rgbt <1,0,0,0> }
	no_shadow
}

// particle -1
sphere {
	<25.033583, 40.527866, 27.704430> 0.100000
	pigment { color rgbt <1,0,0,0> }
	no_shadow
}
sphere {
	0, 1
	scale<0.080000,0.200000,0.300000>
	matrix <0.408362, 0.566492, -0.715771,
		0.872886, -0.012945, 0.487753,
		0.267042, -0.823966, -0.499769,
		25.113695, 40.280678, 27.554499>
	pigment { color rgbt <0,1,1,0> }
	no_shadow
}
cylinder {
	<25.596254, 40.955193, 27.688862>,  <24.926765, 40.857452, 27.904337>, 0.130000
	pigment { color rgbt <1,0,0,0> }
	no_shadow
}

// nucleotide -1

// particle -1
sphere {
	<25.596254, 40.955193, 27.688862> 0.250000
	pigment { color rgbt <1,0,0,0> }
	no_shadow
}
cylinder {
	<25.435654, 40.670753, 27.457993>,  <25.339293, 40.500088, 27.319471>, 0.100000
	pigment { color rgbt <1,0,0,0> }
	no_shadow
}
cylinder {
	<25.435654, 40.670753, 27.457993>,  <25.596254, 40.955193, 27.688862>, 0.100000
	pigment { color rgbt <1,0,0,0> }
	no_shadow
}

// particle -1
sphere {
	<25.435654, 40.670753, 27.457993> 0.100000
	pigment { color rgbt <1,0,0,0> }
	no_shadow
}
sphere {
	0, 1
	scale<0.080000,0.200000,0.300000>
	matrix <0.296518, 0.495329, -0.816533,
		0.866529, -0.498983, 0.011979,
		-0.401503, -0.711102, -0.577174,
		25.315203, 40.457424, 27.284840>
	pigment { color rgbt <0,1,1,0> }
	no_shadow
}
cylinder {
	<26.030390, 40.757313, 27.231997>,  <25.596254, 40.955193, 27.688862>, 0.130000
	pigment { color rgbt <1,0,0,0> }
	no_shadow
}

// nucleotide -1

// particle -1
sphere {
	<26.030390, 40.757313, 27.231997> 0.250000
	pigment { color rgbt <1,0,0,0> }
	no_shadow
}
cylinder {
	<25.686985, 40.663948, 27.049360>,  <25.480942, 40.607929, 26.939779>, 0.100000
	pigment { color rgbt <1,0,0,0> }
	no_shadow
}
cylinder {
	<25.686985, 40.663948, 27.049360>,  <26.030390, 40.757313, 27.231997>, 0.100000
	pigment { color rgbt <1,0,0,0> }
	no_shadow
}

// particle -1
sphere {
	<25.686985, 40.663948, 27.049360> 0.100000
	pigment { color rgbt <1,0,0,0> }
	no_shadow
}
sphere {
	0, 1
	scale<0.080000,0.200000,0.300000>
	matrix <0.282361, 0.528085, -0.800874,
		0.428049, -0.816484, -0.387463,
		-0.858514, -0.233409, -0.456589,
		25.429432, 40.593925, 26.912384>
	pigment { color rgbt <0,1,1,0> }
	no_shadow
}
cylinder {
	<26.079073, 40.358555, 26.579384>,  <26.030390, 40.757313, 27.231997>, 0.130000
	pigment { color rgbt <1,0,0,0> }
	no_shadow
}

// nucleotide -1

// particle -1
sphere {
	<26.079073, 40.358555, 26.579384> 0.250000
	pigment { color rgbt <1,0,0,0> }
	no_shadow
}
cylinder {
	<25.757027, 40.595360, 26.564917>,  <25.563799, 40.737442, 26.556236>, 0.100000
	pigment { color rgbt <1,0,0,0> }
	no_shadow
}
cylinder {
	<25.757027, 40.595360, 26.564917>,  <26.079073, 40.358555, 26.579384>, 0.100000
	pigment { color rgbt <1,0,0,0> }
	no_shadow
}

// particle -1
sphere {
	<25.757027, 40.595360, 26.564917> 0.100000
	pigment { color rgbt <1,0,0,0> }
	no_shadow
}
sphere {
	0, 1
	scale<0.080000,0.200000,0.300000>
	matrix <0.406549, 0.506435, -0.760421,
		-0.431862, -0.626932, -0.648422,
		-0.805117, 0.592013, -0.036169,
		25.515491, 40.772964, 26.554066>
	pigment { color rgbt <0,1,1,0> }
	no_shadow
}
cylinder {
	<26.810837, 40.346558, 26.924761>,  <26.079073, 40.358555, 26.579384>, 0.130000
	pigment { color rgbt <1,0,0,0> }
	no_shadow
}

// nucleotide -1

// particle -1
sphere {
	<26.810837, 40.346558, 26.924761> 0.250000
	pigment { color rgbt <1,0,0,0> }
	no_shadow
}
cylinder {
	<26.733587, 39.989113, 26.762691>,  <26.687237, 39.774647, 26.665449>, 0.100000
	pigment { color rgbt <1,0,0,0> }
	no_shadow
}
cylinder {
	<26.733587, 39.989113, 26.762691>,  <26.810837, 40.346558, 26.924761>, 0.100000
	pigment { color rgbt <1,0,0,0> }
	no_shadow
}

// particle -1
sphere {
	<26.733587, 39.989113, 26.762691> 0.100000
	pigment { color rgbt <1,0,0,0> }
	no_shadow
}
sphere {
	0, 1
	scale<0.080000,0.200000,0.300000>
	matrix <-0.844192, 0.361786, -0.395539,
		0.500044, 0.265658, -0.824246,
		-0.193123, -0.893609, -0.405176,
		26.675650, 39.721031, 26.641138>
	pigment { color rgbt <0,1,1,0> }
	no_shadow
}
cylinder {
	<26.876848, 41.026920, 26.900990>,  <26.810837, 40.346558, 26.924761>, 0.130000
	pigment { color rgbt <1,0,0,0> }
	no_shadow
}

// nucleotide -1

// particle -1
sphere {
	<26.876848, 41.026920, 26.900990> 0.250000
	pigment { color rgbt <1,0,0,0> }
	no_shadow
}
cylinder {
	<26.786539, 41.087021, 27.285999>,  <26.732353, 41.123081, 27.517004>, 0.100000
	pigment { color rgbt <1,0,0,0> }
	no_shadow
}
cylinder {
	<26.786539, 41.087021, 27.285999>,  <26.876848, 41.026920, 26.900990>, 0.100000
	pigment { color rgbt <1,0,0,0> }
	no_shadow
}

// particle -1
sphere {
	<26.786539, 41.087021, 27.285999> 0.100000
	pigment { color rgbt <1,0,0,0> }
	no_shadow
}
sphere {
	0, 1
	scale<0.080000,0.200000,0.300000>
	matrix <0.956438, 0.221896, 0.189708,
		-0.185076, 0.963425, -0.193803,
		-0.225773, 0.150250, 0.962523,
		26.718807, 41.132095, 27.574757>
	pigment { color rgbt <0,1,1,0> }
	no_shadow
}
cylinder {
	<27.547932, 40.679482, 26.855803>,  <26.876848, 41.026920, 26.900990>, 0.130000
	pigment { color rgbt <1,0,0,0> }
	no_shadow
}

// nucleotide -1

// particle -1
sphere {
	<27.547932, 40.679482, 26.855803> 0.250000
	pigment { color rgbt <1,0,0,0> }
	no_shadow
}
cylinder {
	<27.759670, 40.555061, 27.171534>,  <27.886713, 40.480408, 27.360973>, 0.100000
	pigment { color rgbt <1,0,0,0> }
	no_shadow
}
cylinder {
	<27.759670, 40.555061, 27.171534>,  <27.547932, 40.679482, 26.855803>, 0.100000
	pigment { color rgbt <1,0,0,0> }
	no_shadow
}

// particle -1
sphere {
	<27.759670, 40.555061, 27.171534> 0.100000
	pigment { color rgbt <1,0,0,0> }
	no_shadow
}
sphere {
	0, 1
	scale<0.080000,0.200000,0.300000>
	matrix <-0.747805, -0.610499, 0.260920,
		0.400725, -0.728381, -0.555770,
		0.529346, -0.311050, 0.789329,
		27.918474, 40.461746, 27.408333>
	pigment { color rgbt <0,1,1,0> }
	no_shadow
}
cylinder {
	<27.411442, 39.989693, 26.780920>,  <27.547932, 40.679482, 26.855803>, 0.130000
	pigment { color rgbt <1,0,0,0> }
	no_shadow
}

// nucleotide -1

// particle -1
sphere {
	<27.411442, 39.989693, 26.780920> 0.250000
	pigment { color rgbt <1,0,0,0> }
	no_shadow
}
cylinder {
	<27.551512, 40.053371, 27.150143>,  <27.635553, 40.091579, 27.371677>, 0.100000
	pigment { color rgbt <1,0,0,0> }
	no_shadow
}
cylinder {
	<27.551512, 40.053371, 27.150143>,  <27.411442, 39.989693, 26.780920>, 0.100000
	pigment { color rgbt <1,0,0,0> }
	no_shadow
}

// particle -1
sphere {
	<27.551512, 40.053371, 27.150143> 0.100000
	pigment { color rgbt <1,0,0,0> }
	no_shadow
}
sphere {
	0, 1
	scale<0.080000,0.200000,0.300000>
	matrix <-0.731728, -0.568720, 0.375676,
		0.584768, -0.806978, -0.082660,
		0.350172, 0.159198, 0.923057,
		27.656563, 40.101131, 27.427059>
	pigment { color rgbt <0,1,1,0> }
	no_shadow
}
cylinder {
	<27.401014, 39.259022, 27.102022>,  <27.411442, 39.989693, 26.780920>, 0.130000
	pigment { color rgbt <1,0,0,0> }
	no_shadow
}

// nucleotide -1

// particle -1
sphere {
	<27.401014, 39.259022, 27.102022> 0.250000
	pigment { color rgbt <1,0,0,0> }
	no_shadow
}
cylinder {
	<27.438660, 39.540607, 27.383614>,  <27.461246, 39.709557, 27.552568>, 0.100000
	pigment { color rgbt <1,0,0,0> }
	no_shadow
}
cylinder {
	<27.438660, 39.540607, 27.383614>,  <27.401014, 39.259022, 27.102022>, 0.100000
	pigment { color rgbt <1,0,0,0> }
	no_shadow
}

// particle -1
sphere {
	<27.438660, 39.540607, 27.383614> 0.100000
	pigment { color rgbt <1,0,0,0> }
	no_shadow
}
sphere {
	0, 1
	scale<0.080000,0.200000,0.300000>
	matrix <-0.822490, -0.343438, 0.453389,
		0.560940, -0.621683, 0.546678,
		0.094114, 0.703960, 0.703976,
		27.466894, 39.751797, 27.594807>
	pigment { color rgbt <0,1,1,0> }
	no_shadow
}
cylinder {
	<27.985090, 39.298294, 27.662621>,  <27.401014, 39.259022, 27.102022>, 0.130000
	pigment { color rgbt <1,0,0,0> }
	no_shadow
}

// nucleotide -1

// particle -1
sphere {
	<27.985090, 39.298294, 27.662621> 0.250000
	pigment { color rgbt <1,0,0,0> }
	no_shadow
}
cylinder {
	<28.374193, 39.265430, 27.575909>,  <28.607655, 39.245712, 27.523882>, 0.100000
	pigment { color rgbt <1,0,0,0> }
	no_shadow
}
cylinder {
	<28.374193, 39.265430, 27.575909>,  <27.985090, 39.298294, 27.662621>, 0.100000
	pigment { color rgbt <1,0,0,0> }
	no_shadow
}

// particle -1
sphere {
	<28.374193, 39.265430, 27.575909> 0.100000
	pigment { color rgbt <1,0,0,0> }
	no_shadow
}
sphere {
	0, 1
	scale<0.080000,0.200000,0.300000>
	matrix <-0.025742, -0.967589, 0.251216,
		-0.230392, -0.238792, -0.943344,
		0.972757, -0.082161, -0.216778,
		28.666021, 39.240784, 27.510876>
	pigment { color rgbt <0,1,1,0> }
	no_shadow
}
cylinder {
	<28.241297, 38.755589, 27.203810>,  <27.985090, 39.298294, 27.662621>, 0.130000
	pigment { color rgbt <1,0,0,0> }
	no_shadow
}

// nucleotide -1

// particle -1
sphere {
	<28.241297, 38.755589, 27.203810> 0.250000
	pigment { color rgbt <1,0,0,0> }
	no_shadow
}
cylinder {
	<28.516380, 38.830460, 27.484386>,  <28.681431, 38.875381, 27.652733>, 0.100000
	pigment { color rgbt <1,0,0,0> }
	no_shadow
}
cylinder {
	<28.516380, 38.830460, 27.484386>,  <28.241297, 38.755589, 27.203810>, 0.100000
	pigment { color rgbt <1,0,0,0> }
	no_shadow
}

// particle -1
sphere {
	<28.516380, 38.830460, 27.484386> 0.100000
	pigment { color rgbt <1,0,0,0> }
	no_shadow
}
sphere {
	0, 1
	scale<0.080000,0.200000,0.300000>
	matrix <-0.075365, -0.942563, 0.325415,
		0.722064, -0.276655, -0.634102,
		0.687709, 0.187182, 0.701441,
		28.722692, 38.886616, 27.694818>
	pigment { color rgbt <0,1,1,0> }
	no_shadow
}
cylinder {
	<28.676504, 38.216175, 27.230539>,  <28.241297, 38.755589, 27.203810>, 0.130000
	pigment { color rgbt <1,0,0,0> }
	no_shadow
}

// nucleotide -1

// particle -1
sphere {
	<28.676504, 38.216175, 27.230539> 0.250000
	pigment { color rgbt <1,0,0,0> }
	no_shadow
}
cylinder {
	<28.716890, 38.370201, 27.597479>,  <28.741121, 38.462616, 27.817642>, 0.100000
	pigment { color rgbt <1,0,0,0> }
	no_shadow
}
cylinder {
	<28.716890, 38.370201, 27.597479>,  <28.676504, 38.216175, 27.230539>, 0.100000
	pigment { color rgbt <1,0,0,0> }
	no_shadow
}

// particle -1
sphere {
	<28.716890, 38.370201, 27.597479> 0.100000
	pigment { color rgbt <1,0,0,0> }
	no_shadow
}
sphere {
	0, 1
	scale<0.080000,0.200000,0.300000>
	matrix <-0.131973, -0.908730, 0.395970,
		0.986098, -0.161044, -0.040931,
		0.100963, 0.385063, 0.917351,
		28.747179, 38.485722, 27.872684>
	pigment { color rgbt <0,1,1,0> }
	no_shadow
}
cylinder {
	<29.086908, 37.760399, 27.734741>,  <28.676504, 38.216175, 27.230539>, 0.130000
	pigment { color rgbt <1,0,0,0> }
	no_shadow
}

// nucleotide -1

// particle -1
sphere {
	<29.086908, 37.760399, 27.734741> 0.250000
	pigment { color rgbt <1,0,0,0> }
	no_shadow
}
cylinder {
	<28.829514, 37.999630, 27.925837>,  <28.675077, 38.143169, 28.040493>, 0.100000
	pigment { color rgbt <1,0,0,0> }
	no_shadow
}
cylinder {
	<28.829514, 37.999630, 27.925837>,  <29.086908, 37.760399, 27.734741>, 0.100000
	pigment { color rgbt <1,0,0,0> }
	no_shadow
}

// particle -1
sphere {
	<28.829514, 37.999630, 27.925837> 0.100000
	pigment { color rgbt <1,0,0,0> }
	no_shadow
}
sphere {
	0, 1
	scale<0.080000,0.200000,0.300000>
	matrix <-0.286578, -0.766961, 0.574147,
		0.709789, 0.232546, 0.664923,
		-0.643485, 0.598075, 0.477737,
		28.636469, 38.179054, 28.069159>
	pigment { color rgbt <0,1,1,0> }
	no_shadow
}
cylinder {
	<29.175371, 37.707386, 28.349895>,  <29.086908, 37.760399, 27.734741>, 0.130000
	pigment { color rgbt <1,0,0,0> }
	no_shadow
}

// nucleotide -1

// particle -1
sphere {
	<29.175371, 37.707386, 28.349895> 0.250000
	pigment { color rgbt <1,0,0,0> }
	no_shadow
}
cylinder {
	<28.794773, 37.830452, 28.350338>,  <28.566414, 37.904293, 28.350603>, 0.100000
	pigment { color rgbt <1,0,0,0> }
	no_shadow
}
cylinder {
	<28.794773, 37.830452, 28.350338>,  <29.175371, 37.707386, 28.349895>, 0.100000
	pigment { color rgbt <1,0,0,0> }
	no_shadow
}

// particle -1
sphere {
	<28.794773, 37.830452, 28.350338> 0.100000
	pigment { color rgbt <1,0,0,0> }
	no_shadow
}
sphere {
	0, 1
	scale<0.080000,0.200000,0.300000>
	matrix <-0.231451, -0.718147, 0.656273,
		0.202707, 0.624184, 0.754523,
		-0.951494, 0.307666, 0.001105,
		28.509325, 37.922752, 28.350670>
	pigment { color rgbt <0,1,1,0> }
	no_shadow
}
cylinder {
	<28.842974, 37.729378, 29.127678>,  <29.175371, 37.707386, 28.349895>, 0.130000
	pigment { color rgbt <1,0,0,0> }
	no_shadow
}

// nucleotide -1

// particle -1
sphere {
	<28.842974, 37.729378, 29.127678> 0.250000
	pigment { color rgbt <1,0,0,0> }
	no_shadow
}
cylinder {
	<28.545282, 37.716549, 28.860817>,  <28.366667, 37.708851, 28.700701>, 0.100000
	pigment { color rgbt <1,0,0,0> }
	no_shadow
}
cylinder {
	<28.545282, 37.716549, 28.860817>,  <28.842974, 37.729378, 29.127678>, 0.100000
	pigment { color rgbt <1,0,0,0> }
	no_shadow
}

// particle -1
sphere {
	<28.545282, 37.716549, 28.860817> 0.100000
	pigment { color rgbt <1,0,0,0> }
	no_shadow
}
sphere {
	0, 1
	scale<0.080000,0.200000,0.300000>
	matrix <-0.524160, -0.591039, 0.613130,
		-0.413979, 0.806005, 0.423057,
		-0.744230, -0.032073, -0.667153,
		28.322014, 37.706928, 28.660671>
	pigment { color rgbt <0,1,1,0> }
	no_shadow
}
cylinder {
	<28.302053, 37.748375, 29.621313>,  <28.842974, 37.729378, 29.127678>, 0.130000
	pigment { color rgbt <1,0,0,0> }
	no_shadow
}

// nucleotide -1

// particle -1
sphere {
	<28.302053, 37.748375, 29.621313> 0.250000
	pigment { color rgbt <1,0,0,0> }
	no_shadow
}
cylinder {
	<28.180353, 37.599846, 29.270416>,  <28.107332, 37.510731, 29.059879>, 0.100000
	pigment { color rgbt <1,0,0,0> }
	no_shadow
}
cylinder {
	<28.180353, 37.599846, 29.270416>,  <28.302053, 37.748375, 29.621313>, 0.100000
	pigment { color rgbt <1,0,0,0> }
	no_shadow
}

// particle -1
sphere {
	<28.180353, 37.599846, 29.270416> 0.100000
	pigment { color rgbt <1,0,0,0> }
	no_shadow
}
sphere {
	0, 1
	scale<0.080000,0.200000,0.300000>
	matrix <-0.268842, -0.849993, 0.453029,
		-0.913868, 0.373674, 0.158786,
		-0.304253, -0.371321, -0.877241,
		28.089077, 37.488449, 29.007244>
	pigment { color rgbt <0,1,1,0> }
	no_shadow
}
cylinder {
	<27.717173, 37.455524, 29.880323>,  <28.302053, 37.748375, 29.621313>, 0.130000
	pigment { color rgbt <1,0,0,0> }
	no_shadow
}

// nucleotide -1

// particle -1
sphere {
	<27.717173, 37.455524, 29.880323> 0.250000
	pigment { color rgbt <1,0,0,0> }
	no_shadow
}
cylinder {
	<27.794943, 37.270493, 29.534325>,  <27.841604, 37.159473, 29.326725>, 0.100000
	pigment { color rgbt <1,0,0,0> }
	no_shadow
}
cylinder {
	<27.794943, 37.270493, 29.534325>,  <27.717173, 37.455524, 29.880323>, 0.100000
	pigment { color rgbt <1,0,0,0> }
	no_shadow
}

// particle -1
sphere {
	<27.794943, 37.270493, 29.534325> 0.100000
	pigment { color rgbt <1,0,0,0> }
	no_shadow
}
sphere {
	0, 1
	scale<0.080000,0.200000,0.300000>
	matrix <-0.341620, -0.858549, 0.382346,
		-0.919508, 0.221163, -0.324948,
		0.194423, -0.462580, -0.864997,
		27.853270, 37.131718, 29.274826>
	pigment { color rgbt <0,1,1,0> }
	no_shadow
}
cylinder {
	<27.139454, 37.021996, 29.772345>,  <27.717173, 37.455524, 29.880323>, 0.130000
	pigment { color rgbt <1,0,0,0> }
	no_shadow
}

// nucleotide -1

// particle -1
sphere {
	<27.139454, 37.021996, 29.772345> 0.250000
	pigment { color rgbt <1,0,0,0> }
	no_shadow
}
cylinder {
	<27.424660, 36.881336, 29.529709>,  <27.595783, 36.796940, 29.384127>, 0.100000
	pigment { color rgbt <1,0,0,0> }
	no_shadow
}
cylinder {
	<27.424660, 36.881336, 29.529709>,  <27.139454, 37.021996, 29.772345>, 0.100000
	pigment { color rgbt <1,0,0,0> }
	no_shadow
}

// particle -1
sphere {
	<27.424660, 36.881336, 29.529709> 0.100000
	pigment { color rgbt <1,0,0,0> }
	no_shadow
}
sphere {
	0, 1
	scale<0.080000,0.200000,0.300000>
	matrix <-0.126611, -0.915491, 0.381898,
		-0.689621, -0.195498, -0.697283,
		0.713017, -0.351649, -0.606590,
		27.638565, 36.775841, 29.347733>
	pigment { color rgbt <0,1,1,0> }
	no_shadow
}
cylinder {
	<26.801104, 36.413624, 29.371229>,  <27.139454, 37.021996, 29.772345>, 0.130000
	pigment { color rgbt <1,0,0,0> }
	no_shadow
}

// nucleotide -1

// particle -1
sphere {
	<26.801104, 36.413624, 29.371229> 0.250000
	pigment { color rgbt <1,0,0,0> }
	no_shadow
}
cylinder {
	<27.200216, 36.390621, 29.384665>,  <27.439684, 36.376820, 29.392725>, 0.100000
	pigment { color rgbt <1,0,0,0> }
	no_shadow
}
cylinder {
	<27.200216, 36.390621, 29.384665>,  <26.801104, 36.413624, 29.371229>, 0.100000
	pigment { color rgbt <1,0,0,0> }
	no_shadow
}

// particle -1
sphere {
	<27.200216, 36.390621, 29.384665> 0.100000
	pigment { color rgbt <1,0,0,0> }
	no_shadow
}
sphere {
	0, 1
	scale<0.080000,0.200000,0.300000>
	matrix <-0.066199, -0.911687, 0.405517,
		0.007302, -0.406840, -0.913470,
		0.997780, -0.057510, 0.033589,
		27.499550, 36.373367, 29.394741>
	pigment { color rgbt <0,1,1,0> }
	no_shadow
}
cylinder {
	<26.995745, 35.762749, 29.013748>,  <26.801104, 36.413624, 29.371229>, 0.130000
	pigment { color rgbt <1,0,0,0> }
	no_shadow
}

// nucleotide -1

// particle -1
sphere {
	<26.995745, 35.762749, 29.013748> 0.250000
	pigment { color rgbt <1,0,0,0> }
	no_shadow
}
cylinder {
	<27.254478, 35.891300, 29.290390>,  <27.409719, 35.968430, 29.456375>, 0.100000
	pigment { color rgbt <1,0,0,0> }
	no_shadow
}
cylinder {
	<27.254478, 35.891300, 29.290390>,  <26.995745, 35.762749, 29.013748>, 0.100000
	pigment { color rgbt <1,0,0,0> }
	no_shadow
}

// particle -1
sphere {
	<27.254478, 35.891300, 29.290390> 0.100000
	pigment { color rgbt <1,0,0,0> }
	no_shadow
}
sphere {
	0, 1
	scale<0.080000,0.200000,0.300000>
	matrix <-0.005625, -0.904837, 0.425720,
