// switches for output
#declare DRAW_BASES = 1; // possible values are 0, 1; only relevant for DNA ribbons
#declare DRAW_BASES_TYPE = 3; // possible values are 1, 2, 3; only relevant for DNA ribbons
#declare DRAW_FOG = 0; // set to 1 to enable fog

#include "colors.inc"

#include "transforms.inc"
background { rgb <1, 1, 1>}

#default {
   normal{
       ripples 0.25
       frequency 0.20
       turbulence 0.2
       lambda 5
   }
	finish {
		phong 0.1
		phong_size 40.
	}
}

// original window dimensions: 1024x640


// camera settings

camera {
	sky <0, 0.179814, -0.983701>
	up <0, 0.179814, -0.983701>
	right 1.6 * <1, 0, 0>
	location <35, 94.9851, 44.8844>
	look_at <35, 29.7336, 32.9568>
	direction <0, -65.2515, -11.9276>
	angle 67.0682
}


# declare cpy_camera_pos = <35, 94.9851, 44.8844>;
# if (DRAW_FOG = 1)
fog {
	fog_type 2
	up vnormalize(cpy_camera_pos)
	color rgbt<1,1,1,0.3>
	distance 1e-5
	fog_alt 3e-3
	fog_offset 56
}
# end


// LIGHTS

# declare lum = 6;
global_settings {
	ambient_light rgb lum * <0.05, 0.05, 0.05>
	max_trace_level 15
}# declare cpy_direct_light_amount = 0.25;
light_source
{	1000 * <-1, -1.16352, -0.803886>,
	rgb lum * cpy_direct_light_amount
	parallel
}

light_source
{	1000 * <1, 1.16352, 0.803886>,
	rgb lum * cpy_direct_light_amount
	parallel
}

// strand 0

// nucleotide -1

// particle -1
sphere {
	<23.882431, 35.046085, 34.859825> 0.250000
	pigment { color rgbt <1,0,0,0> }
	no_shadow
}
cylinder {
	<24.201717, 34.953369, 35.082218>,  <24.393290, 34.897739, 35.215656>, 0.100000
	pigment { color rgbt <1,0,0,0> }
	no_shadow
}
cylinder {
	<24.201717, 34.953369, 35.082218>,  <23.882431, 35.046085, 34.859825>, 0.100000
	pigment { color rgbt <1,0,0,0> }
	no_shadow
}

// particle -1
sphere {
	<24.201717, 34.953369, 35.082218> 0.100000
	pigment { color rgbt <1,0,0,0> }
	no_shadow
}
sphere {
	0, 1
	scale<0.080000,0.200000,0.300000>
	matrix <0.442156, -0.401365, -0.802125,
		0.409081, 0.886103, -0.217887,
		0.798217, -0.231794, 0.555987,
		24.441183, 34.883831, 35.249016>
	pigment { color rgbt <0,1,1,0> }
	no_shadow
}
cylinder {
	<24.410133, 34.817513, 34.415520>,  <23.882431, 35.046085, 34.859825>, 0.130000
	pigment { color rgbt <1,0,0,0> }
	no_shadow
}

// nucleotide -1

// particle -1
sphere {
	<24.410133, 34.817513, 34.415520> 0.250000
	pigment { color rgbt <1,0,0,0> }
	no_shadow
}
cylinder {
	<24.563381, 34.714237, 34.770271>,  <24.655331, 34.652271, 34.983124>, 0.100000
	pigment { color rgbt <1,0,0,0> }
	no_shadow
}
cylinder {
	<24.563381, 34.714237, 34.770271>,  <24.410133, 34.817513, 34.415520>, 0.100000
	pigment { color rgbt <1,0,0,0> }
	no_shadow
}

// particle -1
sphere {
	<24.563381, 34.714237, 34.770271> 0.100000
	pigment { color rgbt <1,0,0,0> }
	no_shadow
}
sphere {
	0, 1
	scale<0.080000,0.200000,0.300000>
	matrix <0.629172, -0.630025, -0.455204,
		0.676285, 0.732399, -0.078932,
		0.383120, -0.258185, 0.886882,
		24.678318, 34.636780, 35.036335>
	pigment { color rgbt <0,1,1,0> }
	no_shadow
}
cylinder {
	<25.006048, 34.432404, 33.987072>,  <24.410133, 34.817513, 34.415520>, 0.130000
	pigment { color rgbt <1,0,0,0> }
	no_shadow
}

// nucleotide -1

// particle -1
sphere {
	<25.006048, 34.432404, 33.987072> 0.250000
	pigment { color rgbt <1,0,0,0> }
	no_shadow
}
cylinder {
	<24.723518, 34.329144, 33.723415>,  <24.554001, 34.267185, 33.565224>, 0.100000
	pigment { color rgbt <1,0,0,0> }
	no_shadow
}
cylinder {
	<24.723518, 34.329144, 33.723415>,  <25.006048, 34.432404, 33.987072>, 0.100000
	pigment { color rgbt <1,0,0,0> }
	no_shadow
}

// particle -1
sphere {
	<24.723518, 34.329144, 33.723415> 0.100000
	pigment { color rgbt <1,0,0,0> }
	no_shadow
}
sphere {
	0, 1
	scale<0.080000,0.200000,0.300000>
	matrix <-0.497729, 0.843216, 0.203108,
		0.503363, 0.471532, -0.724074,
		-0.706323, -0.258155, -0.659139,
		24.511621, 34.251698, 33.525673>
	pigment { color rgbt <0,1,1,0> }
	no_shadow
}
cylinder {
	<25.697977, 34.210564, 33.856537>,  <25.006048, 34.432404, 33.987072>, 0.130000
	pigment { color rgbt <1,0,0,0> }
	no_shadow
}

// nucleotide -1

// particle -1
sphere {
	<25.697977, 34.210564, 33.856537> 0.250000
	pigment { color rgbt <1,0,0,0> }
	no_shadow
}
cylinder {
	<26.088085, 34.144817, 33.797432>,  <26.322149, 34.105370, 33.761967>, 0.100000
	pigment { color rgbt <1,0,0,0> }
	no_shadow
}
cylinder {
	<26.088085, 34.144817, 33.797432>,  <25.697977, 34.210564, 33.856537>, 0.100000
	pigment { color rgbt <1,0,0,0> }
	no_shadow
}

// particle -1
sphere {
	<26.088085, 34.144817, 33.797432> 0.100000
	pigment { color rgbt <1,0,0,0> }
	no_shadow
}
sphere {
	0, 1
	scale<0.080000,0.200000,0.300000>
	matrix <-0.207290, -0.912179, -0.353497,
		-0.076687, 0.375385, -0.923691,
		0.975269, -0.164363, -0.147766,
		26.380667, 34.095509, 33.753101>
	pigment { color rgbt <0,1,1,0> }
	no_shadow
}
cylinder {
	<25.806189, 34.069122, 33.142582>,  <25.697977, 34.210564, 33.856537>, 0.130000
	pigment { color rgbt <1,0,0,0> }
	no_shadow
}

// nucleotide -1

// particle -1
sphere {
	<25.806189, 34.069122, 33.142582> 0.250000
	pigment { color rgbt <1,0,0,0> }
	no_shadow
}
cylinder {
	<26.092348, 33.884159, 33.352108>,  <26.264044, 33.773178, 33.477821>, 0.100000
	pigment { color rgbt <1,0,0,0> }
	no_shadow
}
cylinder {
	<26.092348, 33.884159, 33.352108>,  <25.806189, 34.069122, 33.142582>, 0.100000
	pigment { color rgbt <1,0,0,0> }
	no_shadow
}

// particle -1
sphere {
	<26.092348, 33.884159, 33.352108> 0.100000
	pigment { color rgbt <1,0,0,0> }
	no_shadow
}
sphere {
	0, 1
	scale<0.080000,0.200000,0.300000>
	matrix <-0.213518, -0.858497, -0.466254,
		0.665293, 0.221714, -0.712901,
		0.715399, -0.462413, 0.523812,
		26.306967, 33.745434, 33.509251>
	pigment { color rgbt <0,1,1,0> }
	no_shadow
}
cylinder {
	<25.978867, 33.578926, 32.660522>,  <25.806189, 34.069122, 33.142582>, 0.130000
	pigment { color rgbt <1,0,0,0> }
	no_shadow
}

// nucleotide -1

// particle -1
sphere {
	<25.978867, 33.578926, 32.660522> 0.250000
	pigment { color rgbt <1,0,0,0> }
	no_shadow
}
cylinder {
	<26.138720, 33.440975, 33.000252>,  <26.234632, 33.358204, 33.204090>, 0.100000
	pigment { color rgbt <1,0,0,0> }
	no_shadow
}
cylinder {
	<26.138720, 33.440975, 33.000252>,  <25.978867, 33.578926, 32.660522>, 0.100000
	pigment { color rgbt <1,0,0,0> }
	no_shadow
}

// particle -1
sphere {
	<26.138720, 33.440975, 33.000252> 0.100000
	pigment { color rgbt <1,0,0,0> }
	no_shadow
}
sphere {
	0, 1
	scale<0.080000,0.200000,0.300000>
	matrix <-0.223489, -0.935226, -0.274599,
		0.889014, -0.080076, -0.450824,
		0.399633, -0.344876, 0.849325,
		26.258610, 33.337513, 33.255051>
	pigment { color rgbt <0,1,1,0> }
	no_shadow
}
cylinder {
	<26.519497, 33.114498, 32.418728>,  <25.978867, 33.578926, 32.660522>, 0.130000
	pigment { color rgbt <1,0,0,0> }
	no_shadow
}

// nucleotide -1

// particle -1
sphere {
	<26.519497, 33.114498, 32.418728> 0.250000
	pigment { color rgbt <1,0,0,0> }
	no_shadow
}
cylinder {
	<26.417717, 33.006069, 32.790054>,  <26.356649, 32.941013, 33.012852>, 0.100000
	pigment { color rgbt <1,0,0,0> }
	no_shadow
}
cylinder {
	<26.417717, 33.006069, 32.790054>,  <26.519497, 33.114498, 32.418728>, 0.100000
	pigment { color rgbt <1,0,0,0> }
	no_shadow
}

// particle -1
sphere {
	<26.417717, 33.006069, 32.790054> 0.100000
	pigment { color rgbt <1,0,0,0> }
	no_shadow
}
sphere {
	0, 1
	scale<0.080000,0.200000,0.300000>
	matrix <-0.029817, -0.957259, -0.287691,
		0.966626, -0.100882, 0.235492,
		-0.254450, -0.271069, 0.928320,
		26.341383, 32.924747, 33.068550>
	pigment { color rgbt <0,1,1,0> }
	no_shadow
}
cylinder {
	<27.005171, 32.608864, 32.594612>,  <26.519497, 33.114498, 32.418728>, 0.130000
	pigment { color rgbt <1,0,0,0> }
	no_shadow
}

// nucleotide -1

// particle -1
sphere {
	<27.005171, 32.608864, 32.594612> 0.250000
	pigment { color rgbt <1,0,0,0> }
	no_shadow
}
cylinder {
	<26.680933, 32.561687, 32.824055>,  <26.486391, 32.533382, 32.961720>, 0.100000
	pigment { color rgbt <1,0,0,0> }
	no_shadow
}
cylinder {
	<26.680933, 32.561687, 32.824055>,  <27.005171, 32.608864, 32.594612>, 0.100000
	pigment { color rgbt <1,0,0,0> }
	no_shadow
}

// particle -1
sphere {
	<26.680933, 32.561687, 32.824055> 0.100000
	pigment { color rgbt <1,0,0,0> }
	no_shadow
}
sphere {
	0, 1
	scale<0.080000,0.200000,0.300000>
	matrix <0.112837, -0.992611, -0.044632,
		0.574636, 0.028546, 0.817911,
		-0.810593, -0.117938, 0.573611,
		26.437756, 32.526306, 32.996140>
	pigment { color rgbt <0,1,1,0> }
	no_shadow
}
cylinder {
	<27.226980, 32.134666, 33.009003>,  <27.005171, 32.608864, 32.594612>, 0.130000
	pigment { color rgbt <1,0,0,0> }
	no_shadow
}

// nucleotide -1

// particle -1
sphere {
	<27.226980, 32.134666, 33.009003> 0.250000
	pigment { color rgbt <1,0,0,0> }
	no_shadow
}
cylinder {
	<26.828615, 32.131413, 33.044991>,  <26.589596, 32.129459, 33.066582>, 0.100000
	pigment { color rgbt <1,0,0,0> }
	no_shadow
}
cylinder {
	<26.828615, 32.131413, 33.044991>,  <27.226980, 32.134666, 33.009003>, 0.100000
	pigment { color rgbt <1,0,0,0> }
	no_shadow
}

// particle -1
sphere {
	<26.828615, 32.131413, 33.044991> 0.100000
	pigment { color rgbt <1,0,0,0> }
	no_shadow
}
sphere {
	0, 1
	scale<0.080000,0.200000,0.300000>
	matrix <-0.002060, -0.993636, -0.112619,
		0.090312, -0.112343, 0.989557,
		-0.995911, -0.008133, 0.089969,
		26.529842, 32.128971, 33.071980>
	pigment { color rgbt <0,1,1,0> }
	no_shadow
}
cylinder {
	<27.103380, 31.450418, 33.269279>,  <27.226980, 32.134666, 33.009003>, 0.130000
	pigment { color rgbt <1,0,0,0> }
	no_shadow
}

// nucleotide -1

// particle -1
sphere {
	<27.103380, 31.450418, 33.269279> 0.250000
	pigment { color rgbt <1,0,0,0> }
	no_shadow
}
cylinder {
	<26.730204, 31.579437, 33.205307>,  <26.506298, 31.656849, 33.166924>, 0.100000
	pigment { color rgbt <1,0,0,0> }
	no_shadow
}
cylinder {
	<26.730204, 31.579437, 33.205307>,  <27.103380, 31.450418, 33.269279>, 0.100000
	pigment { color rgbt <1,0,0,0> }
	no_shadow
}

// particle -1
sphere {
	<26.730204, 31.579437, 33.205307> 0.100000
	pigment { color rgbt <1,0,0,0> }
	no_shadow
}
sphere {
	0, 1
	scale<0.080000,0.200000,0.300000>
	matrix <-0.316710, -0.946530, -0.061450,
		-0.171205, -0.006677, 0.985213,
		-0.932944, 0.322547, -0.159936,
		26.450321, 31.676201, 33.157326>
	pigment { color rgbt <0,1,1,0> }
	no_shadow
}
cylinder {
	<26.705027, 31.156353, 33.849243>,  <27.103380, 31.450418, 33.269279>, 0.130000
	pigment { color rgbt <1,0,0,0> }
	no_shadow
}

// nucleotide -1

// particle -1
sphere {
	<26.705027, 31.156353, 33.849243> 0.250000
	pigment { color rgbt <1,0,0,0> }
	no_shadow
}
cylinder {
	<26.486368, 31.239187, 33.524704>,  <26.355173, 31.288889, 33.329979>, 0.100000
	pigment { color rgbt <1,0,0,0> }
	no_shadow
}
cylinder {
	<26.486368, 31.239187, 33.524704>,  <26.705027, 31.156353, 33.849243>, 0.100000
	pigment { color rgbt <1,0,0,0> }
	no_shadow
}

// particle -1
sphere {
	<26.486368, 31.239187, 33.524704> 0.100000
	pigment { color rgbt <1,0,0,0> }
	no_shadow
}
sphere {
	0, 1
	scale<0.080000,0.200000,0.300000>
	matrix <-0.436839, -0.897164, 0.065329,
		-0.714387, 0.390142, 0.580896,
		-0.546647, 0.207088, -0.811352,
		26.322374, 31.301313, 33.281300>
	pigment { color rgbt <0,1,1,0> }
	no_shadow
}
cylinder {
	<26.084305, 31.126368, 34.095253>,  <26.705027, 31.156353, 33.849243>, 0.130000
	pigment { color rgbt <1,0,0,0> }
	no_shadow
}

// nucleotide -1

// particle -1
sphere {
	<26.084305, 31.126368, 34.095253> 0.250000
	pigment { color rgbt <1,0,0,0> }
	no_shadow
}
cylinder {
	<26.060364, 31.083633, 33.698265>,  <26.046000, 31.057993, 33.460072>, 0.100000
	pigment { color rgbt <1,0,0,0> }
	no_shadow
}
cylinder {
	<26.060364, 31.083633, 33.698265>,  <26.084305, 31.126368, 34.095253>, 0.100000
	pigment { color rgbt <1,0,0,0> }
	no_shadow
}

// particle -1
sphere {
	<26.060364, 31.083633, 33.698265> 0.100000
	pigment { color rgbt <1,0,0,0> }
	no_shadow
}
sphere {
	0, 1
	scale<0.080000,0.200000,0.300000>
	matrix <-0.295255, -0.947873, 0.119840,
		-0.953542, 0.300206, 0.025188,
		-0.059851, -0.106835, -0.992474,
		26.042408, 31.051582, 33.400524>
	pigment { color rgbt <0,1,1,0> }
	no_shadow
}
cylinder {
	<25.508921, 30.670832, 33.973480>,  <26.084305, 31.126368, 34.095253>, 0.130000
	pigment { color rgbt <1,0,0,0> }
	no_shadow
}

// nucleotide -1

// particle -1
sphere {
	<25.508921, 30.670832, 33.973480> 0.250000
	pigment { color rgbt <1,0,0,0> }
	no_shadow
}
cylinder {
	<25.689821, 30.652668, 33.617188>,  <25.798361, 30.641769, 33.403412>, 0.100000
	pigment { color rgbt <1,0,0,0> }
	no_shadow
}
cylinder {
	<25.689821, 30.652668, 33.617188>,  <25.508921, 30.670832, 33.973480>, 0.100000
	pigment { color rgbt <1,0,0,0> }
	no_shadow
}

// particle -1
sphere {
	<25.689821, 30.652668, 33.617188> 0.100000
	pigment { color rgbt <1,0,0,0> }
	no_shadow
}
sphere {
	0, 1
	scale<0.080000,0.200000,0.300000>
	matrix <-0.239794, -0.968121, -0.072394,
		-0.859051, 0.246333, -0.448722,
		0.452250, -0.045410, -0.890734,
		25.825497, 30.639046, 33.349968>
	pigment { color rgbt <0,1,1,0> }
	no_shadow
}
cylinder {
	<25.062210, 30.336910, 33.390114>,  <25.508921, 30.670832, 33.973480>, 0.130000
	pigment { color rgbt <1,0,0,0> }
	no_shadow
}

// nucleotide -1

// particle -1
sphere {
	<25.062210, 30.336910, 33.390114> 0.250000
	pigment { color rgbt <1,0,0,0> }
	no_shadow
}
cylinder {
	<25.438038, 30.294359, 33.259949>,  <25.663534, 30.268829, 33.181850>, 0.100000
	pigment { color rgbt <1,0,0,0> }
	no_shadow
}
cylinder {
	<25.438038, 30.294359, 33.259949>,  <25.062210, 30.336910, 33.390114>, 0.100000
	pigment { color rgbt <1,0,0,0> }
	no_shadow
}

// particle -1
sphere {
	<25.438038, 30.294359, 33.259949> 0.100000
	pigment { color rgbt <1,0,0,0> }
	no_shadow
}
sphere {
	0, 1
	scale<0.080000,0.200000,0.300000>
	matrix <-0.087380, -0.993534, 0.072491,
		-0.331019, -0.039676, -0.942790,
		0.939570, -0.106376, -0.325411,
		25.719910, 30.262445, 33.162327>
	pigment { color rgbt <0,1,1,0> }
	no_shadow
}
cylinder {
	<24.967497, 29.808121, 32.883213>,  <25.062210, 30.336910, 33.390114>, 0.130000
	pigment { color rgbt <1,0,0,0> }
	no_shadow
}

// nucleotide -1

// particle -1
sphere {
	<24.967497, 29.808121, 32.883213> 0.250000
	pigment { color rgbt <1,0,0,0> }
	no_shadow
}
cylinder {
	<25.349749, 29.795870, 33.000404>,  <25.579100, 29.788519, 33.070721>, 0.100000
	pigment { color rgbt <1,0,0,0> }
	no_shadow
}
cylinder {
	<25.349749, 29.795870, 33.000404>,  <24.967497, 29.808121, 32.883213>, 0.100000
	pigment { color rgbt <1,0,0,0> }
	no_shadow
}

// particle -1
sphere {
	<25.349749, 29.795870, 33.000404> 0.100000
	pigment { color rgbt <1,0,0,0> }
	no_shadow
}
sphere {
	0, 1
	scale<0.080000,0.200000,0.300000>
	matrix <-0.059248, -0.994239, 0.089317,
		0.288557, -0.102712, -0.951937,
		0.955628, -0.030628, 0.292981,
		25.636436, 29.786682, 33.088299>
	pigment { color rgbt <0,1,1,0> }
	no_shadow
}
cylinder {
	<25.217003, 29.225962, 32.640404>,  <24.967497, 29.808121, 32.883213>, 0.130000
	pigment { color rgbt <1,0,0,0> }
	no_shadow
}

// nucleotide -1

// particle -1
sphere {
	<25.217003, 29.225962, 32.640404> 0.250000
	pigment { color rgbt <1,0,0,0> }
	no_shadow
}
cylinder {
	<25.502226, 29.308197, 32.908520>,  <25.673359, 29.357538, 33.069389>, 0.100000
	pigment { color rgbt <1,0,0,0> }
	no_shadow
}
cylinder {
	<25.502226, 29.308197, 32.908520>,  <25.217003, 29.225962, 32.640404>, 0.100000
	pigment { color rgbt <1,0,0,0> }
	no_shadow
}

// particle -1
sphere {
	<25.502226, 29.308197, 32.908520> 0.100000
	pigment { color rgbt <1,0,0,0> }
	no_shadow
}
sphere {
	0, 1
	scale<0.080000,0.200000,0.300000>
	matrix <0.076171, -0.973098, 0.217434,
		0.696956, -0.103986, -0.709534,
		0.713057, 0.205588, 0.670287,
		25.716143, 29.369873, 33.109604>
	pigment { color rgbt <0,1,1,0> }
	no_shadow
}
cylinder {
	<25.913944, 28.800375, 32.537960>,  <25.217003, 29.225962, 32.640404>, 0.130000
	pigment { color rgbt <1,0,0,0> }
	no_shadow
}

// nucleotide -1

// particle -1
sphere {
	<25.913944, 28.800375, 32.537960> 0.250000
	pigment { color rgbt <1,0,0,0> }
	no_shadow
}
cylinder {
	<25.959938, 28.941620, 32.909355>,  <25.987535, 29.026367, 33.132191>, 0.100000
	pigment { color rgbt <1,0,0,0> }
	no_shadow
}
cylinder {
	<25.959938, 28.941620, 32.909355>,  <25.913944, 28.800375, 32.537960>, 0.100000
	pigment { color rgbt <1,0,0,0> }
	no_shadow
}

// particle -1
sphere {
	<25.959938, 28.941620, 32.909355> 0.100000
	pigment { color rgbt <1,0,0,0> }
	no_shadow
}
sphere {
	0, 1
	scale<0.080000,0.200000,0.300000>
	matrix <0.450528, -0.851567, 0.268065,
		0.885327, 0.387486, -0.257005,
		0.114986, 0.353113, 0.928488,
		25.994434, 29.047554, 33.187901>
	pigment { color rgbt <0,1,1,0> }
	no_shadow
}
cylinder {
	<26.568899, 28.698317, 32.716732>,  <25.913944, 28.800375, 32.537960>, 0.130000
	pigment { color rgbt <1,0,0,0> }
	no_shadow
}

// nucleotide -1

// particle -1
sphere {
	<26.568899, 28.698317, 32.716732> 0.250000
	pigment { color rgbt <1,0,0,0> }
	no_shadow
}
cylinder {
	<26.398939, 28.743935, 33.075943>,  <26.296963, 28.771305, 33.291470>, 0.100000
	pigment { color rgbt <1,0,0,0> }
	no_shadow
}
cylinder {
	<26.398939, 28.743935, 33.075943>,  <26.568899, 28.698317, 32.716732>, 0.100000
	pigment { color rgbt <1,0,0,0> }
	no_shadow
}

// particle -1
sphere {
	<26.398939, 28.743935, 33.075943> 0.100000
	pigment { color rgbt <1,0,0,0> }
	no_shadow
}
sphere {
	0, 1
	scale<0.080000,0.200000,0.300000>
	matrix <0.451120, -0.833395, 0.319286,
		0.784824, 0.540783, 0.302663,
		-0.424902, 0.114046, 0.898026,
		26.271469, 28.778149, 33.345352>
	pigment { color rgbt <0,1,1,0> }
	no_shadow
}
cylinder {
	<27.111549, 28.646427, 33.101238>,  <26.568899, 28.698317, 32.716732>, 0.130000
	pigment { color rgbt <1,0,0,0> }
	no_shadow
}

// nucleotide -1

// particle -1
sphere {
	<27.111549, 28.646427, 33.101238> 0.250000
	pigment { color rgbt <1,0,0,0> }
	no_shadow
}
cylinder {
	<26.820009, 28.574869, 33.365593>,  <26.645084, 28.531935, 33.524204>, 0.100000
	pigment { color rgbt <1,0,0,0> }
	no_shadow
}
cylinder {
	<26.820009, 28.574869, 33.365593>,  <27.111549, 28.646427, 33.101238>, 0.100000
	pigment { color rgbt <1,0,0,0> }
	no_shadow
}

// particle -1
sphere {
	<26.820009, 28.574869, 33.365593> 0.100000
	pigment { color rgbt <1,0,0,0> }
	no_shadow
}
sphere {
	0, 1
	scale<0.080000,0.200000,0.300000>
	matrix <0.565391, -0.701655, 0.433605,
		0.386144, 0.689693, 0.612549,
		-0.728853, -0.178896, 0.660886,
		26.601353, 28.521200, 33.563858>
	pigment { color rgbt <0,1,1,0> }
	no_shadow
}
cylinder {
	<27.506542, 28.559942, 33.688198>,  <27.111549, 28.646427, 33.101238>, 0.130000
	pigment { color rgbt <1,0,0,0> }
	no_shadow
}

// nucleotide -1

// particle -1
sphere {
	<27.506542, 28.559942, 33.688198> 0.250000
	pigment { color rgbt <1,0,0,0> }
	no_shadow
}
cylinder {
	<27.152494, 28.377901, 33.727081>,  <26.940065, 28.268677, 33.750412>, 0.100000
	pigment { color rgbt <1,0,0,0> }
	no_shadow
}
cylinder {
	<27.152494, 28.377901, 33.727081>,  <27.506542, 28.559942, 33.688198>, 0.100000
	pigment { color rgbt <1,0,0,0> }
	no_shadow
}

// particle -1
sphere {
	<27.152494, 28.377901, 33.727081> 0.100000
	pigment { color rgbt <1,0,0,0> }
	no_shadow
}
sphere {
	0, 1
	scale<0.080000,0.200000,0.300000>
	matrix <0.450219, -0.784556, 0.426351,
		-0.117769, 0.421134, 0.899320,
		-0.885118, -0.455102, 0.097206,
		26.886959, 28.241371, 33.756245>
	pigment { color rgbt <0,1,1,0> }
	no_shadow
}
cylinder {
	<27.413954, 28.378029, 34.461266>,  <27.506542, 28.559942, 33.688198>, 0.130000
	pigment { color rgbt <1,0,0,0> }
	no_shadow
}

// nucleotide -1

// particle -1
sphere {
	<27.413954, 28.378029, 34.461266> 0.250000
	pigment { color rgbt <1,0,0,0> }
	no_shadow
}
cylinder {
	<27.183981, 28.138937, 34.237774>,  <27.045998, 27.995481, 34.103680>, 0.100000
	pigment { color rgbt <1,0,0,0> }
	no_shadow
}
cylinder {
	<27.183981, 28.138937, 34.237774>,  <27.413954, 28.378029, 34.461266>, 0.100000
	pigment { color rgbt <1,0,0,0> }
	no_shadow
}

// particle -1
sphere {
	<27.183981, 28.138937, 34.237774> 0.100000
	pigment { color rgbt <1,0,0,0> }
	no_shadow
}
sphere {
	0, 1
	scale<0.080000,0.200000,0.300000>
	matrix <0.337089, -0.795263, 0.503912,
		-0.745536, 0.101374, 0.658710,
		-0.574931, -0.597729, -0.558726,
		27.011501, 27.959618, 34.070156>
	pigment { color rgbt <0,1,1,0> }
	no_shadow
}
cylinder {
	<27.132622, 27.831730, 34.931328>,  <27.413954, 28.378029, 34.461266>, 0.130000
	pigment { color rgbt <1,0,0,0> }
	no_shadow
}

// nucleotide -1

// particle -1
sphere {
	<27.132622, 27.831730, 34.931328> 0.250000
	pigment { color rgbt <1,0,0,0> }
	no_shadow
}
cylinder {
	<27.066433, 27.648674, 34.581886>,  <27.026720, 27.538839, 34.372223>, 0.100000
	pigment { color rgbt <1,0,0,0> }
	no_shadow
}
cylinder {
	<27.066433, 27.648674, 34.581886>,  <27.132622, 27.831730, 34.931328>, 0.100000
	pigment { color rgbt <1,0,0,0> }
	no_shadow
}

// particle -1
sphere {
	<27.066433, 27.648674, 34.581886> 0.100000
	pigment { color rgbt <1,0,0,0> }
	no_shadow
}
sphere {
	0, 1
	scale<0.080000,0.200000,0.300000>
	matrix <0.209774, -0.881877, 0.422242,
		-0.963646, -0.113391, 0.241926,
		-0.165470, -0.457642, -0.873604,
		27.016792, 27.511381, 34.319805>
	pigment { color rgbt <0,1,1,0> }
	no_shadow
}
cylinder {
	<26.816662, 27.247757, 35.226723>,  <27.132622, 27.831730, 34.931328>, 0.130000
	pigment { color rgbt <1,0,0,0> }
	no_shadow
}

// nucleotide -1

// particle -1
sphere {
	<26.816662, 27.247757, 35.226723> 0.250000
	pigment { color rgbt <1,0,0,0> }
	no_shadow
}
cylinder {
	<26.919304, 27.128910, 34.858837>,  <26.980888, 27.057602, 34.638107>, 0.100000
	pigment { color rgbt <1,0,0,0> }
	no_shadow
}
cylinder {
	<26.919304, 27.128910, 34.858837>,  <26.816662, 27.247757, 35.226723>, 0.100000
	pigment { color rgbt <1,0,0,0> }
	no_shadow
}

// particle -1
sphere {
	<26.919304, 27.128910, 34.858837> 0.100000
	pigment { color rgbt <1,0,0,0> }
	no_shadow
}
sphere {
	0, 1
	scale<0.080000,0.200000,0.300000>
	matrix <0.274828, -0.889867, 0.364152,
		-0.926619, -0.346207, -0.146688,
		0.256605, -0.297116, -0.919715,
		26.996286, 27.039776, 34.582924>
	pigment { color rgbt <0,1,1,0> }
	no_shadow
}
cylinder {
	<26.562675, 26.583668, 35.201370>,  <26.816662, 27.247757, 35.226723>, 0.130000
	pigment { color rgbt <1,0,0,0> }
	no_shadow
}

// nucleotide -1

// particle -1
sphere {
	<26.562675, 26.583668, 35.201370> 0.250000
	pigment { color rgbt <1,0,0,0> }
	no_shadow
}
cylinder {
	<26.833344, 26.611807, 34.908203>,  <26.995745, 26.628691, 34.732304>, 0.100000
	pigment { color rgbt <1,0,0,0> }
	no_shadow
}
cylinder {
	<26.833344, 26.611807, 34.908203>,  <26.562675, 26.583668, 35.201370>, 0.100000
	pigment { color rgbt <1,0,0,0> }
	no_shadow
}

// particle -1
sphere {
	<26.833344, 26.611807, 34.908203> 0.100000
	pigment { color rgbt <1,0,0,0> }
	no_shadow
}
sphere {
	0, 1
	scale<0.080000,0.200000,0.300000>
	matrix <0.401896, -0.869343, 0.287614,
		-0.616924, -0.489177, -0.616532,
		0.676672, 0.070345, -0.732916,
		27.036345, 26.632910, 34.688328>
	pigment { color rgbt <0,1,1,0> }
	no_shadow
}
cylinder {
	<26.535776, 25.984528, 35.039703>,  <26.562675, 26.583668, 35.201370>, 0.130000
	pigment { color rgbt <1,0,0,0> }
	no_shadow
}

// nucleotide -1

// particle -1
sphere {
	<26.535776, 25.984528, 35.039703> 0.250000
	pigment { color rgbt <1,0,0,0> }
	no_shadow
}
cylinder {
	<26.878584, 26.151022, 34.918201>,  <27.084269, 26.250919, 34.845299>, 0.100000
	pigment { color rgbt <1,0,0,0> }
	no_shadow
}
cylinder {
	<26.878584, 26.151022, 34.918201>,  <26.535776, 25.984528, 35.039703>, 0.100000
	pigment { color rgbt <1,0,0,0> }
	no_shadow
}

// particle -1
sphere {
	<26.878584, 26.151022, 34.918201> 0.100000
	pigment { color rgbt <1,0,0,0> }
	no_shadow
}
sphere {
	0, 1
	scale<0.080000,0.200000,0.300000>
	matrix <0.509830, -0.770506, 0.382614,
		-0.074787, -0.482771, -0.872547,
		0.857018, 0.416236, -0.303755,
		27.135689, 26.275892, 34.827076>
	pigment { color rgbt <0,1,1,0> }
	no_shadow
}
cylinder {
	<26.972216, 25.635603, 34.500099>,  <26.535776, 25.984528, 35.039703>, 0.130000
	pigment { color rgbt <1,0,0,0> }
	no_shadow
}

// nucleotide -1

// particle -1
sphere {
	<26.972216, 25.635603, 34.500099> 0.250000
	pigment { color rgbt <1,0,0,0> }
	no_shadow
}
cylinder {
	<27.162628, 25.837162, 34.788399>,  <27.276875, 25.958097, 34.961380>, 0.100000
	pigment { color rgbt <1,0,0,0> }
	no_shadow
}
cylinder {
	<27.162628, 25.837162, 34.788399>,  <26.972216, 25.635603, 34.500099>, 0.100000
	pigment { color rgbt <1,0,0,0> }
	no_shadow
}

// particle -1
sphere {
	<27.162628, 25.837162, 34.788399> 0.100000
	pigment { color rgbt <1,0,0,0> }
	no_shadow
}
sphere {
	0, 1
	scale<0.080000,0.200000,0.300000>
	matrix <0.547759, -0.811065, 0.205265,
		0.688009, 0.297085, -0.662106,
		0.476030, 0.503898, 0.720751,
		27.305437, 25.988331, 35.004623>
	pigment { color rgbt <0,1,1,0> }
	no_shadow
}
cylinder {
	<27.622877, 25.509083, 34.424427>,  <26.972216, 25.635603, 34.500099>, 0.130000
	pigment { color rgbt <1,0,0,0> }
	no_shadow
}

// nucleotide -1

// particle -1
sphere {
	<27.622877, 25.509083, 34.424427> 0.250000
	pigment { color rgbt <1,0,0,0> }
	no_shadow
}
cylinder {
	<27.598471, 25.588112, 34.815781>,  <27.583826, 25.635529, 35.050594>, 0.100000
	pigment { color rgbt <1,0,0,0> }
	no_shadow
}
cylinder {
	<27.598471, 25.588112, 34.815781>,  <27.622877, 25.509083, 34.424427>, 0.100000
	pigment { color rgbt <1,0,0,0> }
	no_shadow
}

// particle -1
sphere {
	<27.598471, 25.588112, 34.815781> 0.100000
	pigment { color rgbt <1,0,0,0> }
	no_shadow
}
sphere {
	0, 1
	scale<0.080000,0.200000,0.300000>
	matrix <0.448478, -0.870270, 0.203710,
		0.891709, 0.451215, -0.035505,
		-0.061019, 0.197573, 0.978387,
		27.580166, 25.647385, 35.109299>
	pigment { color rgbt <0,1,1,0> }
	no_shadow
}
cylinder {
	<28.311508, 25.231966, 34.726082>,  <27.622877, 25.509083, 34.424427>, 0.130000
	pigment { color rgbt <1,0,0,0> }
	no_shadow
}

// nucleotide -1

// particle -1
sphere {
	<28.311508, 25.231966, 34.726082> 0.250000
	pigment { color rgbt <1,0,0,0> }
	no_shadow
}
cylinder {
	<28.007359, 25.261625, 34.984177>,  <27.824869, 25.279421, 35.139034>, 0.100000
	pigment { color rgbt <1,0,0,0> }
	no_shadow
}
cylinder {
	<28.007359, 25.261625, 34.984177>,  <28.311508, 25.231966, 34.726082>, 0.100000
	pigment { color rgbt <1,0,0,0> }
	no_shadow
}

// particle -1
sphere {
	<28.007359, 25.261625, 34.984177> 0.100000
	pigment { color rgbt <1,0,0,0> }
	no_shadow
}
sphere {
	0, 1
	scale<0.080000,0.200000,0.300000>
	matrix <0.251291, -0.882504, 0.397543,
		0.598901, 0.464424, 0.652402,
		-0.760376, 0.074146, 0.645237,
		27.779245, 25.283869, 35.177750>
	pigment { color rgbt <0,1,1,0> }
	no_shadow
}
cylinder {
	<28.638594, 25.033039, 35.418865>,  <28.311508, 25.231966, 34.726082>, 0.130000
	pigment { color rgbt <1,0,0,0> }
	no_shadow
}

// nucleotide -1

// particle -1
sphere {
	<28.638594, 25.033039, 35.418865> 0.250000
	pigment { color rgbt <1,0,0,0> }
	no_shadow
}
cylinder {
	<28.241156, 24.987890, 35.420975>,  <28.002693, 24.960800, 35.422241>, 0.100000
	pigment { color rgbt <1,0,0,0> }
	no_shadow
}
cylinder {
	<28.241156, 24.987890, 35.420975>,  <28.638594, 25.033039, 35.418865>, 0.100000
	pigment { color rgbt <1,0,0,0> }
	no_shadow
}

// particle -1
sphere {
	<28.241156, 24.987890, 35.420975> 0.100000
	pigment { color rgbt <1,0,0,0> }
	no_shadow
}
sphere {
	0, 1
	scale<0.080000,0.200000,0.300000>
	matrix <0.100913, -0.865375, 0.490860,
		-0.050840, 0.488248, 0.871223,
		-0.993595, -0.112873, 0.005275,
		27.943077, 24.954029, 35.422558>
	pigment { color rgbt <0,1,1,0> }
	no_shadow
}
cylinder {
	<28.397926, 24.740156, 36.123318>,  <28.638594, 25.033039, 35.418865>, 0.130000
	pigment { color rgbt <1,0,0,0> }
	no_shadow
}

// nucleotide -1

// particle -1
sphere {
	<28.397926, 24.740156, 36.123318> 0.250000
	pigment { color rgbt <1,0,0,0> }
	no_shadow
}
cylinder {
	<28.140003, 24.629547, 35.838291>,  <27.985249, 24.563181, 35.667274>, 0.100000
	pigment { color rgbt <1,0,0,0> }
	no_shadow
}
cylinder {
	<28.140003, 24.629547, 35.838291>,  <28.397926, 24.740156, 36.123318>, 0.100000
	pigment { color rgbt <1,0,0,0> }
	no_shadow
}

// particle -1
sphere {
	<28.140003, 24.629547, 35.838291> 0.100000
	pigment { color rgbt <1,0,0,0> }
	no_shadow
}
sphere {
	0, 1
	scale<0.080000,0.200000,0.300000>
	matrix <-0.035584, -0.920393, 0.389373,
		-0.763516, 0.276427, 0.583636,
		-0.644808, -0.276525, -0.712571,
		27.946562, 24.546589, 35.624519>
	pigment { color rgbt <0,1,1,0> }
	no_shadow
}
cylinder {
	<27.924185, 24.627272, 36.661781>,  <28.397926, 24.740156, 36.123318>, 0.130000
	pigment { color rgbt <1,0,0,0> }
	no_shadow
}

// nucleotide -1

// particle -1
sphere {
	<27.924185, 24.627272, 36.661781> 0.250000
	pigment { color rgbt <1,0,0,0> }
	no_shadow
}
cylinder {
	<28.006079, 24.615864, 37.053143>,  <28.055214, 24.609018, 37.287960>, 0.100000
	pigment { color rgbt <1,0,0,0> }
	no_shadow
}
cylinder {
	<28.006079, 24.615864, 37.053143>,  <27.924185, 24.627272, 36.661781>, 0.100000
	pigment { color rgbt <1,0,0,0> }
	no_shadow
}

// particle -1
sphere {
	<28.006079, 24.615864, 37.053143> 0.100000
	pigment { color rgbt <1,0,0,0> }
	no_shadow
}
sphere {
	0, 1
	scale<0.080000,0.200000,0.300000>
	matrix <0.259428, 0.965409, -0.026145,
		-0.943812, 0.259178, 0.205050,
		0.204733, -0.028520, 0.978402,
		28.067499, 24.607307, 37.346664>
	pigment { color rgbt <0,1,1,0> }
	no_shadow
}
cylinder {
	<27.489241, 25.016331, 37.048992>,  <27.924185, 24.627272, 36.661781>, 0.130000
	pigment { color rgbt <1,0,0,0> }
	no_shadow
}

// nucleotide -1

// particle -1
sphere {
	<27.489241, 25.016331, 37.048992> 0.250000
	pigment { color rgbt <1,0,0,0> }
	no_shadow
}
cylinder {
	<27.847107, 24.991945, 37.226017>,  <28.061827, 24.977314, 37.332233>, 0.100000
	pigment { color rgbt <1,0,0,0> }
	no_shadow
}
cylinder {
	<27.847107, 24.991945, 37.226017>,  <27.489241, 25.016331, 37.048992>, 0.100000
	pigment { color rgbt <1,0,0,0> }
	no_shadow
}

// particle -1
sphere {
	<27.847107, 24.991945, 37.226017> 0.100000
	pigment { color rgbt <1,0,0,0> }
	no_shadow
}
sphere {
	0, 1
	scale<0.080000,0.200000,0.300000>
	matrix <0.129196, 0.983622, -0.125686,
		-0.427651, 0.169624, 0.887886,
		0.894664, -0.060961, 0.442562,
		28.115505, 24.973658, 37.358784>
	pigment { color rgbt <0,1,1,0> }
	no_shadow
}
cylinder {
	<27.404217, 25.504868, 37.530384>,  <27.489241, 25.016331, 37.048992>, 0.130000
	pigment { color rgbt <1,0,0,0> }
	no_shadow
}

// nucleotide -1

// particle -1
sphere {
	<27.404217, 25.504868, 37.530384> 0.250000
	pigment { color rgbt <1,0,0,0> }
	no_shadow
}
cylinder {
	<27.786175, 25.427885, 37.439930>,  <28.015350, 25.381697, 37.385658>, 0.100000
	pigment { color rgbt <1,0,0,0> }
	no_shadow
}
cylinder {
	<27.786175, 25.427885, 37.439930>,  <27.404217, 25.504868, 37.530384>, 0.100000
	pigment { color rgbt <1,0,0,0> }
	no_shadow
}

// particle -1
sphere {
	<27.786175, 25.427885, 37.439930> 0.100000
	pigment { color rgbt <1,0,0,0> }
	no_shadow
}
sphere {
	0, 1
	scale<0.080000,0.200000,0.300000>
	matrix <0.164146, 0.976719, -0.138112,
		0.247448, 0.094764, 0.964256,
		0.954895, -0.192455, -0.226132,
		28.072643, 25.370148, 37.372089>
	pigment { color rgbt <0,1,1,0> }
	no_shadow
}
cylinder {
	<27.757254, 26.163118, 37.608379>,  <27.404217, 25.504868, 37.530384>, 0.130000
	pigment { color rgbt <1,0,0,0> }
	no_shadow
}

// nucleotide -1

// particle -1
sphere {
	<27.757254, 26.163118, 37.608379> 0.250000
	pigment { color rgbt <1,0,0,0> }
	no_shadow
}
cylinder {
	<28.028732, 25.915388, 37.450489>,  <28.191620, 25.766750, 37.355755>, 0.100000
	pigment { color rgbt <1,0,0,0> }
	no_shadow
}
cylinder {
	<28.028732, 25.915388, 37.450489>,  <27.757254, 26.163118, 37.608379>, 0.100000
	pigment { color rgbt <1,0,0,0> }
	no_shadow
}

// particle -1
sphere {
	<28.028732, 25.915388, 37.450489> 0.100000
	pigment { color rgbt <1,0,0,0> }
	no_shadow
}
sphere {
	0, 1
	scale<0.080000,0.200000,0.300000>
	matrix <0.545332, 0.784978, -0.293977,
		0.491916, -0.015733, 0.870501,
		0.678699, -0.619324, -0.394723,
		28.232342, 25.729591, 37.332073>
	pigment { color rgbt <0,1,1,0> }
	no_shadow
}
cylinder {
	<28.330431, 26.426699, 37.850826>,  <27.757254, 26.163118, 37.608379>, 0.130000
	pigment { color rgbt <1,0,0,0> }
	no_shadow
}

// nucleotide -1

// particle -1
sphere {
	<28.330431, 26.426699, 37.850826> 0.250000
	pigment { color rgbt <1,0,0,0> }
	no_shadow
}
cylinder {
	<28.357832, 26.227112, 37.505264>,  <28.374273, 26.107359, 37.297928>, 0.100000
	pigment { color rgbt <1,0,0,0> }
	no_shadow
}
cylinder {
	<28.357832, 26.227112, 37.505264>,  <28.330431, 26.426699, 37.850826>, 0.100000
	pigment { color rgbt <1,0,0,0> }
	no_shadow
}

// particle -1
sphere {
	<28.357832, 26.227112, 37.505264> 0.100000
	pigment { color rgbt <1,0,0,0> }
	no_shadow
}
sphere {
	0, 1
	scale<0.080000,0.200000,0.300000>
	matrix <0.388130, 0.811052, -0.437664,
		0.919055, -0.305327, 0.249225,
		0.068504, -0.498969, -0.863908,
		28.378384, 26.077421, 37.246094>
	pigment { color rgbt <0,1,1,0> }
	no_shadow
}
cylinder {
	<29.108578, 26.457888, 37.653301>,  <28.330431, 26.426699, 37.850826>, 0.130000
	pigment { color rgbt <1,0,0,0> }
	no_shadow
}

// nucleotide -1

// particle -1
sphere {
	<29.108578, 26.457888, 37.653301> 0.250000
	pigment { color rgbt <1,0,0,0> }
	no_shadow
}
cylinder {
	<28.860142, 26.435713, 37.340591>,  <28.711081, 26.422407, 37.152966>, 0.100000
	pigment { color rgbt <1,0,0,0> }
	no_shadow
}
cylinder {
	<28.860142, 26.435713, 37.340591>,  <29.108578, 26.457888, 37.653301>, 0.100000
	pigment { color rgbt <1,0,0,0> }
	no_shadow
}

// particle -1
sphere {
	<28.860142, 26.435713, 37.340591> 0.100000
	pigment { color rgbt <1,0,0,0> }
	no_shadow
}
sphere {
	0, 1
	scale<0.080000,0.200000,0.300000>
	matrix <0.330019, 0.886252, -0.325032,
		0.710871, -0.459875, -0.532145,
		-0.621088, -0.055438, -0.781777,
		28.673815, 26.419081, 37.106056>
	pigment { color rgbt <0,1,1,0> }
	no_shadow
}
cylinder {
	<29.547363, 26.682014, 37.110195>,  <29.108578, 26.457888, 37.653301>, 0.130000
	pigment { color rgbt <1,0,0,0> }
	no_shadow
}

// nucleotide -1

// particle -1
sphere {
	<29.547363, 26.682014, 37.110195> 0.250000
	pigment { color rgbt <1,0,0,0> }
	no_shadow
}
cylinder {
	<29.188587, 26.723175, 36.938190>,  <28.973322, 26.747871, 36.834988>, 0.100000
	pigment { color rgbt <1,0,0,0> }
	no_shadow
}
cylinder {
	<29.188587, 26.723175, 36.938190>,  <29.547363, 26.682014, 37.110195>, 0.100000
	pigment { color rgbt <1,0,0,0> }
	no_shadow
}

// particle -1
sphere {
	<29.188587, 26.723175, 36.938190> 0.100000
	pigment { color rgbt <1,0,0,0> }
	no_shadow
}
sphere {
	0, 1
	scale<0.080000,0.200000,0.300000>
	matrix <0.304512, 0.848892, -0.432036,
		0.320573, -0.518454, -0.792741,
		-0.896942, 0.102900, -0.430007,
		28.919504, 26.754045, 36.809189>
	pigment { color rgbt <0,1,1,0> }
	no_shadow
}
cylinder {
	<29.653740, 26.898991, 36.437511>,  <29.547363, 26.682014, 37.110195>, 0.130000
	pigment { color rgbt <1,0,0,0> }
	no_shadow
}

// nucleotide -1

// particle -1
sphere {
	<29.653740, 26.898991, 36.437511> 0.250000
	pigment { color rgbt <1,0,0,0> }
	no_shadow
}
cylinder {
	<29.271147, 27.004837, 36.486698>,  <29.041592, 27.068344, 36.516209>, 0.100000
	pigment { color rgbt <1,0,0,0> }
	no_shadow
}
cylinder {
	<29.271147, 27.004837, 36.486698>,  <29.653740, 26.898991, 36.437511>, 0.100000
	pigment { color rgbt <1,0,0,0> }
	no_shadow
}

// particle -1
sphere {
	<29.271147, 27.004837, 36.486698> 0.100000
	pigment { color rgbt <1,0,0,0> }
	no_shadow
}
sphere {
	0, 1
	scale<0.080000,0.200000,0.300000>
	matrix <0.208862, 0.915164, -0.344750,
		-0.203759, -0.304064, -0.930606,
		-0.956483, 0.264614, 0.122966,
		28.984201, 27.084221, 36.523586>
	pigment { color rgbt <0,1,1,0> }
	no_shadow
}
cylinder {
	<29.500538, 27.176052, 35.753433>,  <29.653740, 26.898991, 36.437511>, 0.130000
	pigment { color rgbt <1,0,0,0> }
	no_shadow
}

// nucleotide -1

// particle -1
sphere {
	<29.500538, 27.176052, 35.753433> 0.250000
	pigment { color rgbt <1,0,0,0> }
	no_shadow
}
cylinder {
	<29.236898, 27.305134, 36.025154>,  <29.078714, 27.382584, 36.188187>, 0.100000
	pigment { color rgbt <1,0,0,0> }
	no_shadow
}
cylinder {
	<29.236898, 27.305134, 36.025154>,  <29.500538, 27.176052, 35.753433>, 0.100000
	pigment { color rgbt <1,0,0,0> }
	no_shadow
}

// particle -1
sphere {
	<29.236898, 27.305134, 36.025154> 0.100000
	pigment { color rgbt <1,0,0,0> }
	no_shadow
}
sphere {
	0, 1
	scale<0.080000,0.200000,0.300000>
	matrix <0.160035, 0.942753, -0.292585,
		-0.734830, -0.084131, -0.673013,
		-0.659100, 0.322706, 0.679299,
		29.039167, 27.401945, 36.228943>
	pigment { color rgbt <0,1,1,0> }
	no_shadow
}
cylinder {
	<29.208527, 27.741316, 35.417004>,  <29.500538, 27.176052, 35.753433>, 0.130000
	pigment { color rgbt <1,0,0,0> }
	no_shadow
}

// nucleotide -1

// particle -1
sphere {
	<29.208527, 27.741316, 35.417004> 0.250000
	pigment { color rgbt <1,0,0,0> }
	no_shadow
}
cylinder {
	<29.064207, 27.810539, 35.783581>,  <28.977615, 27.852074, 36.003529>, 0.100000
	pigment { color rgbt <1,0,0,0> }
	no_shadow
}
cylinder {
	<29.064207, 27.810539, 35.783581>,  <29.208527, 27.741316, 35.417004>, 0.100000
	pigment { color rgbt <1,0,0,0> }
	no_shadow
}

// particle -1
sphere {
	<29.064207, 27.810539, 35.783581> 0.100000
	pigment { color rgbt <1,0,0,0> }
	no_shadow
}
sphere {
	0, 1
	scale<0.080000,0.200000,0.300000>
	matrix <-0.145144, 0.960242, -0.238473,
		-0.921281, -0.219057, -0.321334,
		-0.360798, 0.173061, 0.916447,
		28.955967, 27.862457, 36.058514>
	pigment { color rgbt <0,1,1,0> }
	no_shadow
}
cylinder {
	<28.660881, 28.087381, 35.352783>,  <29.208527, 27.741316, 35.417004>, 0.130000
	pigment { color rgbt <1,0,0,0> }
	no_shadow
}

// nucleotide -1

// particle -1
sphere {
	<28.660881, 28.087381, 35.352783> 0.250000
	pigment { color rgbt <1,0,0,0> }
	no_shadow
}
cylinder {
	<28.766315, 28.170607, 35.729557>,  <28.829576, 28.220541, 35.955620>, 0.100000
	pigment { color rgbt <1,0,0,0> }
	no_shadow
}
cylinder {
	<28.766315, 28.170607, 35.729557>,  <28.660881, 28.087381, 35.352783>, 0.100000
	pigment { color rgbt <1,0,0,0> }
	no_shadow
}

// particle -1
sphere {
	<28.766315, 28.170607, 35.729557> 0.100000
	pigment { color rgbt <1,0,0,0> }
	no_shadow
}
sphere {
	0, 1
	scale<0.080000,0.200000,0.300000>
	matrix <-0.247557, 0.958349, -0.142416,
		-0.932330, -0.195643, 0.304114,
		0.263584, 0.208064, 0.941930,
		28.845390, 28.233027, 36.012135>
	pigment { color rgbt <0,1,1,0> }
	no_shadow
}
cylinder {
	<28.175425, 28.398214, 35.785839>,  <28.660881, 28.087381, 35.352783>, 0.130000
	pigment { color rgbt <1,0,0,0> }
	no_shadow
}

// nucleotide -1

// particle -1
sphere {
	<28.175425, 28.398214, 35.785839> 0.250000
	pigment { color rgbt <1,0,0,0> }
	no_shadow
}
cylinder {
	<28.536045, 28.518335, 35.910435>,  <28.752417, 28.590408, 35.985191>, 0.100000
	pigment { color rgbt <1,0,0,0> }
	no_shadow
}
cylinder {
	<28.536045, 28.518335, 35.910435>,  <28.175425, 28.398214, 35.785839>, 0.100000
	pigment { color rgbt <1,0,0,0> }
	no_shadow
}

// particle -1
sphere {
	<28.536045, 28.518335, 35.910435> 0.100000
	pigment { color rgbt <1,0,0,0> }
	no_shadow
}
sphere {
	0, 1
	scale<0.080000,0.200000,0.300000>
	matrix <-0.306720, 0.951345, -0.029427,
		-0.305171, -0.069011, 0.949794,
		0.901551, 0.300301, 0.311490,
		28.806511, 28.608425, 36.003883>
	pigment { color rgbt <0,1,1,0> }
	no_shadow
}
cylinder {
	<27.986427, 28.949621, 36.134289>,  <28.175425, 28.398214, 35.785839>, 0.130000
	pigment { color rgbt <1,0,0,0> }
	no_shadow
}

// nucleotide -1

// particle -1
sphere {
	<27.986427, 28.949621, 36.134289> 0.250000
	pigment { color rgbt <1,0,0,0> }
	no_shadow
}
cylinder {
	<28.384695, 28.986134, 36.127193>,  <28.623655, 29.008041, 36.122936>, 0.100000
	pigment { color rgbt <1,0,0,0> }
	no_shadow
}
cylinder {
	<28.384695, 28.986134, 36.127193>,  <27.986427, 28.949621, 36.134289>, 0.100000
	pigment { color rgbt <1,0,0,0> }
	no_shadow
}

// particle -1
sphere {
	<28.384695, 28.986134, 36.127193> 0.100000
	pigment { color rgbt <1,0,0,0> }
	no_shadow
}
sphere {
	0, 1
	scale<0.080000,0.200000,0.300000>
