// switches for output
#declare DRAW_BASES = 1; // possible values are 0, 1; only relevant for DNA ribbons
#declare DRAW_BASES_TYPE = 3; // possible values are 1, 2, 3; only relevant for DNA ribbons
#declare DRAW_FOG = 0; // set to 1 to enable fog

#include "colors.inc"

#include "transforms.inc"
background { rgb <1, 1, 1>}

#default {
   normal{
       ripples 0.25
       frequency 0.20
       turbulence 0.2
       lambda 5
   }
	finish {
		phong 0.1
		phong_size 40.
	}
}

// original window dimensions: 1024x640


// camera settings

camera {
	sky <0, 0.179814, -0.983701>
	up <0, 0.179814, -0.983701>
	right 1.6 * <1, 0, 0>
	location <35, 94.9851, 44.8844>
	look_at <35, 29.7336, 32.9568>
	direction <0, -65.2515, -11.9276>
	angle 67.0682
}


# declare cpy_camera_pos = <35, 94.9851, 44.8844>;
# if (DRAW_FOG = 1)
fog {
	fog_type 2
	up vnormalize(cpy_camera_pos)
	color rgbt<1,1,1,0.3>
	distance 1e-5
	fog_alt 3e-3
	fog_offset 56
}
# end


// LIGHTS

# declare lum = 6;
global_settings {
	ambient_light rgb lum * <0.05, 0.05, 0.05>
	max_trace_level 15
}# declare cpy_direct_light_amount = 0.25;
light_source
{	1000 * <-1, -1.16352, -0.803886>,
	rgb lum * cpy_direct_light_amount
	parallel
}

light_source
{	1000 * <1, 1.16352, 0.803886>,
	rgb lum * cpy_direct_light_amount
	parallel
}

// strand 0

// nucleotide -1

// particle -1
sphere {
	<24.427345, 35.302242, 34.956116> 0.250000
	pigment { color rgbt <1,0,0,0> }
	no_shadow
}
cylinder {
	<24.370390, 34.921352, 34.848045>,  <24.336216, 34.692818, 34.783203>, 0.100000
	pigment { color rgbt <1,0,0,0> }
	no_shadow
}
cylinder {
	<24.370390, 34.921352, 34.848045>,  <24.427345, 35.302242, 34.956116>, 0.100000
	pigment { color rgbt <1,0,0,0> }
	no_shadow
}

// particle -1
sphere {
	<24.370390, 34.921352, 34.848045> 0.100000
	pigment { color rgbt <1,0,0,0> }
	no_shadow
}
sphere {
	0, 1
	scale<0.080000,0.200000,0.300000>
	matrix <0.738573, 0.079507, -0.669469,
		0.658966, -0.294866, 0.691967,
		-0.142388, -0.952225, -0.270172,
		24.327673, 34.635685, 34.766994>
	pigment { color rgbt <0,1,1,0> }
	no_shadow
}
cylinder {
	<25.029951, 35.089893, 35.181900>,  <24.427345, 35.302242, 34.956116>, 0.130000
	pigment { color rgbt <1,0,0,0> }
	no_shadow
}

// nucleotide -1

// particle -1
sphere {
	<25.029951, 35.089893, 35.181900> 0.250000
	pigment { color rgbt <1,0,0,0> }
	no_shadow
}
cylinder {
	<24.854502, 34.941479, 34.854500>,  <24.749233, 34.852432, 34.658058>, 0.100000
	pigment { color rgbt <1,0,0,0> }
	no_shadow
}
cylinder {
	<24.854502, 34.941479, 34.854500>,  <25.029951, 35.089893, 35.181900>, 0.100000
	pigment { color rgbt <1,0,0,0> }
	no_shadow
}

// particle -1
sphere {
	<24.854502, 34.941479, 34.854500> 0.100000
	pigment { color rgbt <1,0,0,0> }
	no_shadow
}
sphere {
	0, 1
	scale<0.080000,0.200000,0.300000>
	matrix <0.682844, 0.454516, -0.571960,
		0.584239, -0.809784, 0.053997,
		-0.438621, -0.371033, -0.818502,
		24.722916, 34.830170, 34.608948>
	pigment { color rgbt <0,1,1,0> }
	no_shadow
}
cylinder {
	<25.573689, 34.797764, 34.790638>,  <25.029951, 35.089893, 35.181900>, 0.130000
	pigment { color rgbt <1,0,0,0> }
	no_shadow
}

// nucleotide -1

// particle -1
sphere {
	<25.573689, 34.797764, 34.790638> 0.250000
	pigment { color rgbt <1,0,0,0> }
	no_shadow
}
cylinder {
	<25.265488, 34.872105, 34.546741>,  <25.080566, 34.916710, 34.400402>, 0.100000
	pigment { color rgbt <1,0,0,0> }
	no_shadow
}
cylinder {
	<25.265488, 34.872105, 34.546741>,  <25.573689, 34.797764, 34.790638>, 0.100000
	pigment { color rgbt <1,0,0,0> }
	no_shadow
}

// particle -1
sphere {
	<25.265488, 34.872105, 34.546741> 0.100000
	pigment { color rgbt <1,0,0,0> }
	no_shadow
}
sphere {
	0, 1
	scale<0.080000,0.200000,0.300000>
	matrix <0.630158, 0.366207, -0.684685,
		0.096041, -0.911785, -0.399279,
		-0.770504, 0.185851, -0.609740,
		25.034336, 34.927860, 34.363819>
	pigment { color rgbt <0,1,1,0> }
	no_shadow
}
cylinder {
	<26.237434, 35.274338, 34.701424>,  <25.573689, 34.797764, 34.790638>, 0.130000
	pigment { color rgbt <1,0,0,0> }
	no_shadow
}

// nucleotide -1

// particle -1
sphere {
	<26.237434, 35.274338, 34.701424> 0.250000
	pigment { color rgbt <1,0,0,0> }
	no_shadow
}
cylinder {
	<26.588121, 35.455376, 34.636284>,  <26.798534, 35.563999, 34.597198>, 0.100000
	pigment { color rgbt <1,0,0,0> }
	no_shadow
}
cylinder {
	<26.588121, 35.455376, 34.636284>,  <26.237434, 35.274338, 34.701424>, 0.100000
	pigment { color rgbt <1,0,0,0> }
	no_shadow
}

// particle -1
sphere {
	<26.588121, 35.455376, 34.636284> 0.100000
	pigment { color rgbt <1,0,0,0> }
	no_shadow
}
sphere {
	0, 1
	scale<0.080000,0.200000,0.300000>
	matrix <-0.318450, 0.292416, -0.901711,
		-0.360488, 0.842408, 0.400496,
		0.876720, 0.452594, -0.162853,
		26.851137, 35.591152, 34.587429>
	pigment { color rgbt <0,1,1,0> }
	no_shadow
}
cylinder {
	<26.232214, 36.043114, 34.703255>,  <26.237434, 35.274338, 34.701424>, 0.130000
	pigment { color rgbt <1,0,0,0> }
	no_shadow
}

// nucleotide -1

// particle -1
sphere {
	<26.232214, 36.043114, 34.703255> 0.250000
	pigment { color rgbt <1,0,0,0> }
	no_shadow
}
cylinder {
	<26.514885, 35.898483, 34.459988>,  <26.684486, 35.811707, 34.314026>, 0.100000
	pigment { color rgbt <1,0,0,0> }
	no_shadow
}
cylinder {
	<26.514885, 35.898483, 34.459988>,  <26.232214, 36.043114, 34.703255>, 0.100000
	pigment { color rgbt <1,0,0,0> }
	no_shadow
}

// particle -1
sphere {
	<26.514885, 35.898483, 34.459988> 0.100000
	pigment { color rgbt <1,0,0,0> }
	no_shadow
}
sphere {
	0, 1
	scale<0.080000,0.200000,0.300000>
	matrix <-0.531117, 0.296817, -0.793609,
		0.467465, 0.883834, 0.017715,
		0.706676, -0.361575, -0.608171,
		26.726889, 35.790012, 34.277538>
	pigment { color rgbt <0,1,1,0> }
	no_shadow
}
cylinder {
	<26.151997, 36.440895, 34.075077>,  <26.232214, 36.043114, 34.703255>, 0.130000
	pigment { color rgbt <1,0,0,0> }
	no_shadow
}

// nucleotide -1

// particle -1
sphere {
	<26.151997, 36.440895, 34.075077> 0.250000
	pigment { color rgbt <1,0,0,0> }
	no_shadow
}
cylinder {
	<26.411079, 36.166050, 33.943405>,  <26.566528, 36.001144, 33.864403>, 0.100000
	pigment { color rgbt <1,0,0,0> }
	no_shadow
}
cylinder {
	<26.411079, 36.166050, 33.943405>,  <26.151997, 36.440895, 34.075077>, 0.100000
	pigment { color rgbt <1,0,0,0> }
	no_shadow
}

// particle -1
sphere {
	<26.411079, 36.166050, 33.943405> 0.100000
	pigment { color rgbt <1,0,0,0> }
	no_shadow
}
sphere {
	0, 1
	scale<0.080000,0.200000,0.300000>
	matrix <-0.353922, 0.111261, -0.928633,
		0.674697, 0.717984, -0.171119,
		0.647705, -0.687109, -0.329178,
		26.605391, 35.959919, 33.844650>
	pigment { color rgbt <0,1,1,0> }
	no_shadow
}
cylinder {
	<26.423157, 36.735451, 33.438595>,  <26.151997, 36.440895, 34.075077>, 0.130000
	pigment { color rgbt <1,0,0,0> }
	no_shadow
}

// nucleotide -1

// particle -1
sphere {
	<26.423157, 36.735451, 33.438595> 0.250000
	pigment { color rgbt <1,0,0,0> }
	no_shadow
}
cylinder {
	<26.508821, 36.346180, 33.404984>,  <26.560221, 36.112617, 33.384815>, 0.100000
	pigment { color rgbt <1,0,0,0> }
	no_shadow
}
cylinder {
	<26.508821, 36.346180, 33.404984>,  <26.423157, 36.735451, 33.438595>, 0.100000
	pigment { color rgbt <1,0,0,0> }
	no_shadow
}

// particle -1
sphere {
	<26.508821, 36.346180, 33.404984> 0.100000
	pigment { color rgbt <1,0,0,0> }
	no_shadow
}
sphere {
	0, 1
	scale<0.080000,0.200000,0.300000>
	matrix <-0.358499, 0.001711, -0.933529,
		0.908632, 0.230052, -0.348516,
		0.214163, -0.973177, -0.084028,
		26.573071, 36.054226, 33.379776>
	pigment { color rgbt <0,1,1,0> }
	no_shadow
}
cylinder {
	<26.615110, 36.734425, 32.785385>,  <26.423157, 36.735451, 33.438595>, 0.130000
	pigment { color rgbt <1,0,0,0> }
	no_shadow
}

// nucleotide -1

// particle -1
sphere {
	<26.615110, 36.734425, 32.785385> 0.250000
	pigment { color rgbt <1,0,0,0> }
	no_shadow
}
cylinder {
	<26.556067, 36.350731, 32.881783>,  <26.520639, 36.120514, 32.939621>, 0.100000
	pigment { color rgbt <1,0,0,0> }
	no_shadow
}
cylinder {
	<26.556067, 36.350731, 32.881783>,  <26.615110, 36.734425, 32.785385>, 0.100000
	pigment { color rgbt <1,0,0,0> }
	no_shadow
}

// particle -1
sphere {
	<26.556067, 36.350731, 32.881783> 0.100000
	pigment { color rgbt <1,0,0,0> }
	no_shadow
}
sphere {
	0, 1
	scale<0.080000,0.200000,0.300000>
	matrix <-0.236840, -0.202295, -0.950255,
		0.960270, -0.197345, -0.197324,
		-0.147611, -0.959235, 0.240997,
		26.511784, 36.062962, 32.954082>
	pigment { color rgbt <0,1,1,0> }
	no_shadow
}
cylinder {
	<26.929865, 36.314476, 32.233234>,  <26.615110, 36.734425, 32.785385>, 0.130000
	pigment { color rgbt <1,0,0,0> }
	no_shadow
}

// nucleotide -1

// particle -1
sphere {
	<26.929865, 36.314476, 32.233234> 0.250000
	pigment { color rgbt <1,0,0,0> }
	no_shadow
}
cylinder {
	<26.643990, 36.095707, 32.407635>,  <26.472464, 35.964447, 32.512276>, 0.100000
	pigment { color rgbt <1,0,0,0> }
	no_shadow
}
cylinder {
	<26.643990, 36.095707, 32.407635>,  <26.929865, 36.314476, 32.233234>, 0.100000
	pigment { color rgbt <1,0,0,0> }
	no_shadow
}

// particle -1
sphere {
	<26.643990, 36.095707, 32.407635> 0.100000
	pigment { color rgbt <1,0,0,0> }
	no_shadow
}
sphere {
	0, 1
	scale<0.080000,0.200000,0.300000>
	matrix <-0.311294, -0.309502, -0.898501,
		0.626352, -0.777874, 0.050945,
		-0.714688, -0.546920, 0.436004,
		26.429583, 35.931633, 32.538437>
	pigment { color rgbt <0,1,1,0> }
	no_shadow
}
cylinder {
	<26.945780, 35.711098, 31.934677>,  <26.929865, 36.314476, 32.233234>, 0.130000
	pigment { color rgbt <1,0,0,0> }
	no_shadow
}

// nucleotide -1

// particle -1
sphere {
	<26.945780, 35.711098, 31.934677> 0.250000
	pigment { color rgbt <1,0,0,0> }
	no_shadow
}
cylinder {
	<26.568689, 35.749897, 32.062336>,  <26.342434, 35.773178, 32.138931>, 0.100000
	pigment { color rgbt <1,0,0,0> }
	no_shadow
}
cylinder {
	<26.568689, 35.749897, 32.062336>,  <26.945780, 35.711098, 31.934677>, 0.100000
	pigment { color rgbt <1,0,0,0> }
	no_shadow
}

// particle -1
sphere {
	<26.568689, 35.749897, 32.062336> 0.100000
	pigment { color rgbt <1,0,0,0> }
	no_shadow
}
sphere {
	0, 1
	scale<0.080000,0.200000,0.300000>
	matrix <-0.327707, -0.447825, -0.831902,
		0.062231, -0.888845, 0.453963,
		-0.942727, 0.096997, 0.319150,
		26.285872, 35.778996, 32.158081>
	pigment { color rgbt <0,1,1,0> }
	no_shadow
}
cylinder {
	<26.717726, 34.975594, 31.755596>,  <26.945780, 35.711098, 31.934677>, 0.130000
	pigment { color rgbt <1,0,0,0> }
	no_shadow
}

// nucleotide -1

// particle -1
sphere {
	<26.717726, 34.975594, 31.755596> 0.250000
	pigment { color rgbt <1,0,0,0> }
	no_shadow
}
cylinder {
	<26.391075, 35.199986, 31.809893>,  <26.195086, 35.334621, 31.842470>, 0.100000
	pigment { color rgbt <1,0,0,0> }
	no_shadow
}
cylinder {
	<26.391075, 35.199986, 31.809893>,  <26.717726, 34.975594, 31.755596>, 0.100000
	pigment { color rgbt <1,0,0,0> }
	no_shadow
}

// particle -1
sphere {
	<26.391075, 35.199986, 31.809893> 0.100000
	pigment { color rgbt <1,0,0,0> }
	no_shadow
}
sphere {
	0, 1
	scale<0.080000,0.200000,0.300000>
	matrix <-0.473636, -0.516942, -0.713050,
		-0.329833, -0.646588, 0.687847,
		-0.816627, 0.560977, 0.135743,
		26.146088, 35.368279, 31.850615>
	pigment { color rgbt <0,1,1,0> }
	no_shadow
}
cylinder {
	<26.218126, 34.513145, 31.748932>,  <26.717726, 34.975594, 31.755596>, 0.130000
	pigment { color rgbt <1,0,0,0> }
	no_shadow
}

// nucleotide -1

// particle -1
sphere {
	<26.218126, 34.513145, 31.748932> 0.250000
	pigment { color rgbt <1,0,0,0> }
	no_shadow
}
cylinder {
	<26.023777, 34.857407, 31.688011>,  <25.907167, 35.063965, 31.651459>, 0.100000
	pigment { color rgbt <1,0,0,0> }
	no_shadow
}
cylinder {
	<26.023777, 34.857407, 31.688011>,  <26.218126, 34.513145, 31.748932>, 0.100000
	pigment { color rgbt <1,0,0,0> }
	no_shadow
}

// particle -1
sphere {
	<26.023777, 34.857407, 31.688011> 0.100000
	pigment { color rgbt <1,0,0,0> }
	no_shadow
}
sphere {
	0, 1
	scale<0.080000,0.200000,0.300000>
	matrix <-0.478044, -0.407560, -0.778054,
		-0.731711, -0.305228, 0.609455,
		-0.485874, 0.860657, -0.152304,
		25.878016, 35.115604, 31.642321>
	pigment { color rgbt <0,1,1,0> }
	no_shadow
}
cylinder {
	<25.521187, 34.341339, 31.475657>,  <26.218126, 34.513145, 31.748932>, 0.130000
	pigment { color rgbt <1,0,0,0> }
	no_shadow
}

// nucleotide -1

// particle -1
sphere {
	<25.521187, 34.341339, 31.475657> 0.250000
	pigment { color rgbt <1,0,0,0> }
	no_shadow
}
cylinder {
	<25.577623, 34.714546, 31.343245>,  <25.611485, 34.938469, 31.263798>, 0.100000
	pigment { color rgbt <1,0,0,0> }
	no_shadow
}
cylinder {
	<25.577623, 34.714546, 31.343245>,  <25.521187, 34.341339, 31.475657>, 0.100000
	pigment { color rgbt <1,0,0,0> }
	no_shadow
}

// particle -1
sphere {
	<25.577623, 34.714546, 31.343245> 0.100000
	pigment { color rgbt <1,0,0,0> }
	no_shadow
}
sphere {
	0, 1
	scale<0.080000,0.200000,0.300000>
	matrix <-0.369091, -0.260692, -0.892082,
		-0.918621, 0.248045, 0.307586,
		0.141091, 0.933013, -0.331029,
		25.619951, 34.994450, 31.243937>
	pigment { color rgbt <0,1,1,0> }
	no_shadow
}
cylinder {
	<24.894939, 34.473022, 31.213428>,  <25.521187, 34.341339, 31.475657>, 0.130000
	pigment { color rgbt <1,0,0,0> }
	no_shadow
}

// nucleotide -1

// particle -1
sphere {
	<24.894939, 34.473022, 31.213428> 0.250000
	pigment { color rgbt <1,0,0,0> }
	no_shadow
}
cylinder {
	<25.151537, 34.726398, 31.040342>,  <25.305494, 34.878422, 30.936491>, 0.100000
	pigment { color rgbt <1,0,0,0> }
	no_shadow
}
cylinder {
	<25.151537, 34.726398, 31.040342>,  <24.894939, 34.473022, 31.213428>, 0.100000
	pigment { color rgbt <1,0,0,0> }
	no_shadow
}

// particle -1
sphere {
	<25.151537, 34.726398, 31.040342> 0.100000
	pigment { color rgbt <1,0,0,0> }
	no_shadow
}
sphere {
	0, 1
	scale<0.080000,0.200000,0.300000>
	matrix <-0.240477, -0.369593, -0.897536,
		-0.728463, 0.679822, -0.084764,
		0.641493, 0.633438, -0.432716,
		25.343985, 34.916431, 30.910528>
	pigment { color rgbt <0,1,1,0> }
	no_shadow
}
cylinder {
	<24.574589, 34.773727, 30.710300>,  <24.894939, 34.473022, 31.213428>, 0.130000
	pigment { color rgbt <1,0,0,0> }
	no_shadow
}

// nucleotide -1

// particle -1
sphere {
	<24.574589, 34.773727, 30.710300> 0.250000
	pigment { color rgbt <1,0,0,0> }
	no_shadow
}
cylinder {
	<24.954494, 34.817806, 30.593130>,  <25.182438, 34.844254, 30.522827>, 0.100000
	pigment { color rgbt <1,0,0,0> }
	no_shadow
}
cylinder {
	<24.954494, 34.817806, 30.593130>,  <24.574589, 34.773727, 30.710300>, 0.100000
	pigment { color rgbt <1,0,0,0> }
	no_shadow
}

// particle -1
sphere {
	<24.954494, 34.817806, 30.593130> 0.100000
	pigment { color rgbt <1,0,0,0> }
	no_shadow
}
sphere {
	0, 1
	scale<0.080000,0.200000,0.300000>
	matrix <-0.268820, -0.192043, -0.943851,
		-0.160268, 0.975180, -0.152771,
		0.949763, 0.110201, -0.292926,
		25.239424, 34.850868, 30.505253>
	pigment { color rgbt <0,1,1,0> }
	no_shadow
}
cylinder {
	<24.526817, 35.151646, 30.120470>,  <24.574589, 34.773727, 30.710300>, 0.130000
	pigment { color rgbt <1,0,0,0> }
	no_shadow
}

// nucleotide -1

// particle -1
sphere {
	<24.526817, 35.151646, 30.120470> 0.250000
	pigment { color rgbt <1,0,0,0> }
	no_shadow
}
cylinder {
	<24.891283, 34.986950, 30.114092>,  <25.109962, 34.888134, 30.110264>, 0.100000
	pigment { color rgbt <1,0,0,0> }
	no_shadow
}
cylinder {
	<24.891283, 34.986950, 30.114092>,  <24.526817, 35.151646, 30.120470>, 0.100000
	pigment { color rgbt <1,0,0,0> }
	no_shadow
}

// particle -1
sphere {
	<24.891283, 34.986950, 30.114092> 0.100000
	pigment { color rgbt <1,0,0,0> }
	no_shadow
}
sphere {
	0, 1
	scale<0.080000,0.200000,0.300000>
	matrix <-0.141156, -0.275549, -0.950867,
		0.387112, 0.868646, -0.309189,
		0.911164, -0.411736, -0.015946,
		25.164633, 34.863430, 30.109308>
	pigment { color rgbt <0,1,1,0> }
	no_shadow
}
cylinder {
	<24.827457, 35.312416, 29.402626>,  <24.526817, 35.151646, 30.120470>, 0.130000
	pigment { color rgbt <1,0,0,0> }
	no_shadow
}

// nucleotide -1

// particle -1
sphere {
	<24.827457, 35.312416, 29.402626> 0.250000
	pigment { color rgbt <1,0,0,0> }
	no_shadow
}
cylinder {
	<25.048326, 35.014805, 29.553108>,  <25.180849, 34.836239, 29.643396>, 0.100000
	pigment { color rgbt <1,0,0,0> }
	no_shadow
}
cylinder {
	<25.048326, 35.014805, 29.553108>,  <24.827457, 35.312416, 29.402626>, 0.100000
	pigment { color rgbt <1,0,0,0> }
	no_shadow
}

// particle -1
sphere {
	<25.048326, 35.014805, 29.553108> 0.100000
	pigment { color rgbt <1,0,0,0> }
	no_shadow
}
sphere {
	0, 1
	scale<0.080000,0.200000,0.300000>
	matrix <0.053445, -0.418715, -0.906544,
		0.832014, 0.520676, -0.191439,
		0.552174, -0.744026, 0.376204,
		25.213980, 34.791595, 29.665970>
	pigment { color rgbt <0,1,1,0> }
	no_shadow
}
cylinder {
	<25.326145, 35.171001, 28.895679>,  <24.827457, 35.312416, 29.402626>, 0.130000
	pigment { color rgbt <1,0,0,0> }
	no_shadow
}

// nucleotide -1

// particle -1
sphere {
	<25.326145, 35.171001, 28.895679> 0.250000
	pigment { color rgbt <1,0,0,0> }
	no_shadow
}
cylinder {
	<25.301302, 34.849579, 29.132471>,  <25.286396, 34.656727, 29.274546>, 0.100000
	pigment { color rgbt <1,0,0,0> }
	no_shadow
}
cylinder {
	<25.301302, 34.849579, 29.132471>,  <25.326145, 35.171001, 28.895679>, 0.100000
	pigment { color rgbt <1,0,0,0> }
	no_shadow
}

// particle -1
sphere {
	<25.301302, 34.849579, 29.132471> 0.100000
	pigment { color rgbt <1,0,0,0> }
	no_shadow
}
sphere {
	0, 1
	scale<0.080000,0.200000,0.300000>
	matrix <0.040020, -0.594654, -0.802985,
		0.997267, -0.026181, 0.069092,
		-0.062109, -0.803555, 0.591981,
		25.282669, 34.608513, 29.310066>
	pigment { color rgbt <0,1,1,0> }
	no_shadow
}
cylinder {
	<25.680225, 34.670826, 28.532532>,  <25.326145, 35.171001, 28.895679>, 0.130000
	pigment { color rgbt <1,0,0,0> }
	no_shadow
}

// nucleotide -1

// particle -1
sphere {
	<25.680225, 34.670826, 28.532532> 0.250000
	pigment { color rgbt <1,0,0,0> }
	no_shadow
}
cylinder {
	<25.458790, 34.454884, 28.786175>,  <25.325930, 34.325317, 28.938360>, 0.100000
	pigment { color rgbt <1,0,0,0> }
	no_shadow
}
cylinder {
	<25.458790, 34.454884, 28.786175>,  <25.680225, 34.670826, 28.532532>, 0.100000
	pigment { color rgbt <1,0,0,0> }
	no_shadow
}

// particle -1
sphere {
	<25.458790, 34.454884, 28.786175> 0.100000
	pigment { color rgbt <1,0,0,0> }
	no_shadow
}
sphere {
	0, 1
	scale<0.080000,0.200000,0.300000>
	matrix <-0.124987, -0.698942, -0.704172,
		0.823358, -0.469076, 0.319451,
		-0.553588, -0.539859, 0.634108,
		25.292713, 34.292927, 28.976408>
	pigment { color rgbt <0,1,1,0> }
	no_shadow
}
cylinder {
	<26.012522, 34.045403, 28.601078>,  <25.680225, 34.670826, 28.532532>, 0.130000
	pigment { color rgbt <1,0,0,0> }
	no_shadow
}

// nucleotide -1

// particle -1
sphere {
	<26.012522, 34.045403, 28.601078> 0.250000
	pigment { color rgbt <1,0,0,0> }
	no_shadow
}
cylinder {
	<25.625822, 33.976082, 28.676300>,  <25.393803, 33.934490, 28.721434>, 0.100000
	pigment { color rgbt <1,0,0,0> }
	no_shadow
}
cylinder {
	<25.625822, 33.976082, 28.676300>,  <26.012522, 34.045403, 28.601078>, 0.100000
	pigment { color rgbt <1,0,0,0> }
	no_shadow
}

// particle -1
sphere {
	<25.625822, 33.976082, 28.676300> 0.100000
	pigment { color rgbt <1,0,0,0> }
	no_shadow
}
sphere {
	0, 1
	scale<0.080000,0.200000,0.300000>
	matrix <-0.031543, -0.648932, -0.760192,
		0.253778, -0.740846, 0.621887,
		-0.966748, -0.173304, 0.188053,
		25.335798, 33.924091, 28.732716>
	pigment { color rgbt <0,1,1,0> }
	no_shadow
}
cylinder {
	<25.948164, 33.387997, 28.579748>,  <26.012522, 34.045403, 28.601078>, 0.130000
	pigment { color rgbt <1,0,0,0> }
	no_shadow
}

// nucleotide -1

// particle -1
sphere {
	<25.948164, 33.387997, 28.579748> 0.250000
	pigment { color rgbt <1,0,0,0> }
	no_shadow
}
cylinder {
	<25.569857, 33.506359, 28.526138>,  <25.342873, 33.577377, 28.493973>, 0.100000
	pigment { color rgbt <1,0,0,0> }
	no_shadow
}
cylinder {
	<25.569857, 33.506359, 28.526138>,  <25.948164, 33.387997, 28.579748>, 0.100000
	pigment { color rgbt <1,0,0,0> }
	no_shadow
}

// particle -1
sphere {
	<25.569857, 33.506359, 28.526138> 0.100000
	pigment { color rgbt <1,0,0,0> }
	no_shadow
}
sphere {
	0, 1
	scale<0.080000,0.200000,0.300000>
	matrix <-0.111864, -0.684030, -0.720826,
		-0.304973, -0.666742, 0.680035,
		-0.945768, 0.295904, -0.134026,
		25.286125, 33.595131, 28.485929>
	pigment { color rgbt <0,1,1,0> }
	no_shadow
}
cylinder {
	<25.567333, 32.800331, 28.494987>,  <25.948164, 33.387997, 28.579748>, 0.130000
	pigment { color rgbt <1,0,0,0> }
	no_shadow
}

// nucleotide -1

// particle -1
sphere {
	<25.567333, 32.800331, 28.494987> 0.250000
	pigment { color rgbt <1,0,0,0> }
	no_shadow
}
cylinder {
	<25.344999, 33.080692, 28.316200>,  <25.211599, 33.248909, 28.208927>, 0.100000
	pigment { color rgbt <1,0,0,0> }
	no_shadow
}
cylinder {
	<25.344999, 33.080692, 28.316200>,  <25.567333, 32.800331, 28.494987>, 0.100000
	pigment { color rgbt <1,0,0,0> }
	no_shadow
}

// particle -1
sphere {
	<25.344999, 33.080692, 28.316200> 0.100000
	pigment { color rgbt <1,0,0,0> }
	no_shadow
}
sphere {
	0, 1
	scale<0.080000,0.200000,0.300000>
	matrix <-0.117127, -0.598349, -0.792628,
		-0.822999, -0.388218, 0.414679,
		-0.555835, 0.700902, -0.446970,
		25.178249, 33.290962, 28.182110>
	pigment { color rgbt <0,1,1,0> }
	no_shadow
}
cylinder {
	<25.072372, 32.379738, 28.031628>,  <25.567333, 32.800331, 28.494987>, 0.130000
	pigment { color rgbt <1,0,0,0> }
	no_shadow
}

// nucleotide -1

// particle -1
sphere {
	<25.072372, 32.379738, 28.031628> 0.250000
	pigment { color rgbt <1,0,0,0> }
	no_shadow
}
cylinder {
	<25.035767, 32.747814, 27.879379>,  <25.013803, 32.968662, 27.788031>, 0.100000
	pigment { color rgbt <1,0,0,0> }
	no_shadow
}
cylinder {
	<25.035767, 32.747814, 27.879379>,  <25.072372, 32.379738, 28.031628>, 0.100000
	pigment { color rgbt <1,0,0,0> }
	no_shadow
}

// particle -1
sphere {
	<25.035767, 32.747814, 27.879379> 0.100000
	pigment { color rgbt <1,0,0,0> }
	no_shadow
}
sphere {
	0, 1
	scale<0.080000,0.200000,0.300000>
	matrix <0.026202, -0.379866, -0.924671,
		-0.995459, -0.094592, 0.010652,
		-0.091513, 0.920193, -0.380620,
		25.008312, 33.023872, 27.765194>
	pigment { color rgbt <0,1,1,0> }
	no_shadow
}
cylinder {
	<24.564756, 32.282864, 27.483458>,  <25.072372, 32.379738, 28.031628>, 0.130000
	pigment { color rgbt <1,0,0,0> }
	no_shadow
}

// nucleotide -1

// particle -1
sphere {
	<24.564756, 32.282864, 27.483458> 0.250000
	pigment { color rgbt <1,0,0,0> }
	no_shadow
}
cylinder {
	<24.736078, 32.630630, 27.384932>,  <24.838871, 32.839291, 27.325817>, 0.100000
	pigment { color rgbt <1,0,0,0> }
	no_shadow
}
cylinder {
	<24.736078, 32.630630, 27.384932>,  <24.564756, 32.282864, 27.483458>, 0.100000
	pigment { color rgbt <1,0,0,0> }
	no_shadow
}

// particle -1
sphere {
	<24.736078, 32.630630, 27.384932> 0.100000
	pigment { color rgbt <1,0,0,0> }
	no_shadow
}
sphere {
	0, 1
	scale<0.080000,0.200000,0.300000>
	matrix <-0.203210, -0.172929, -0.963743,
		-0.880488, 0.462831, 0.102607,
		0.428306, 0.869415, -0.246314,
		24.864571, 32.891457, 27.311037>
	pigment { color rgbt <0,1,1,0> }
	no_shadow
}
cylinder {
	<24.105440, 32.573872, 27.038162>,  <24.564756, 32.282864, 27.483458>, 0.130000
	pigment { color rgbt <1,0,0,0> }
	no_shadow
}

// nucleotide -1

// particle -1
sphere {
	<24.105440, 32.573872, 27.038162> 0.250000
	pigment { color rgbt <1,0,0,0> }
	no_shadow
}
cylinder {
	<24.460035, 32.748817, 26.977699>,  <24.672792, 32.853786, 26.941422>, 0.100000
	pigment { color rgbt <1,0,0,0> }
	no_shadow
}
cylinder {
	<24.460035, 32.748817, 26.977699>,  <24.105440, 32.573872, 27.038162>, 0.100000
	pigment { color rgbt <1,0,0,0> }
	no_shadow
}

// particle -1
sphere {
	<24.460035, 32.748817, 26.977699> 0.100000
	pigment { color rgbt <1,0,0,0> }
	no_shadow
}
sphere {
	0, 1
	scale<0.080000,0.200000,0.300000>
	matrix <-0.145607, -0.046426, -0.988253,
		-0.439246, 0.898084, 0.022528,
		0.886488, 0.437366, -0.151159,
		24.725983, 32.880028, 26.932352>
	pigment { color rgbt <0,1,1,0> }
	no_shadow
}
cylinder {
	<24.038862, 33.171741, 26.692810>,  <24.105440, 32.573872, 27.038162>, 0.130000
	pigment { color rgbt <1,0,0,0> }
	no_shadow
}

// nucleotide -1

// particle -1
sphere {
	<24.038862, 33.171741, 26.692810> 0.250000
	pigment { color rgbt <1,0,0,0> }
	no_shadow
}
cylinder {
	<24.387686, 32.998234, 26.602165>,  <24.596981, 32.894131, 26.547777>, 0.100000
	pigment { color rgbt <1,0,0,0> }
	no_shadow
}
cylinder {
	<24.387686, 32.998234, 26.602165>,  <24.038862, 33.171741, 26.692810>, 0.100000
	pigment { color rgbt <1,0,0,0> }
	no_shadow
}

// particle -1
sphere {
	<24.387686, 32.998234, 26.602165> 0.100000
	pigment { color rgbt <1,0,0,0> }
	no_shadow
}
sphere {
	0, 1
	scale<0.080000,0.200000,0.300000>
	matrix <-0.295418, -0.097406, -0.950390,
		0.390178, 0.895743, -0.213087,
		0.872061, -0.433770, -0.226613,
		24.649303, 32.868103, 26.534182>
	pigment { color rgbt <0,1,1,0> }
	no_shadow
}
cylinder {
	<24.386202, 33.580212, 26.173342>,  <24.038862, 33.171741, 26.692810>, 0.130000
	pigment { color rgbt <1,0,0,0> }
	no_shadow
}

// nucleotide -1

// particle -1
sphere {
	<24.386202, 33.580212, 26.173342> 0.250000
	pigment { color rgbt <1,0,0,0> }
	no_shadow
}
cylinder {
	<24.490986, 33.200195, 26.105452>,  <24.553856, 32.972187, 26.064716>, 0.100000
	pigment { color rgbt <1,0,0,0> }
	no_shadow
}
cylinder {
	<24.490986, 33.200195, 26.105452>,  <24.386202, 33.580212, 26.173342>, 0.100000
	pigment { color rgbt <1,0,0,0> }
	no_shadow
}

// particle -1
sphere {
	<24.490986, 33.200195, 26.105452> 0.100000
	pigment { color rgbt <1,0,0,0> }
	no_shadow
}
sphere {
	0, 1
	scale<0.080000,0.200000,0.300000>
	matrix <-0.321298, 0.079983, -0.943594,
		0.910025, 0.301716, -0.284293,
		0.261959, -0.950037, -0.169727,
		24.569574, 32.915184, 26.054533>
	pigment { color rgbt <0,1,1,0> }
	no_shadow
}
cylinder {
	<24.897717, 33.497753, 25.677477>,  <24.386202, 33.580212, 26.173342>, 0.130000
	pigment { color rgbt <1,0,0,0> }
	no_shadow
}

// nucleotide -1

// particle -1
sphere {
	<24.897717, 33.497753, 25.677477> 0.250000
	pigment { color rgbt <1,0,0,0> }
	no_shadow
}
cylinder {
	<24.612644, 33.219265, 25.711807>,  <24.441601, 33.052174, 25.732405>, 0.100000
	pigment { color rgbt <1,0,0,0> }
	no_shadow
}
cylinder {
	<24.612644, 33.219265, 25.711807>,  <24.897717, 33.497753, 25.677477>, 0.100000
	pigment { color rgbt <1,0,0,0> }
	no_shadow
}

// particle -1
sphere {
	<24.612644, 33.219265, 25.711807> 0.100000
	pigment { color rgbt <1,0,0,0> }
	no_shadow
}
sphere {
	0, 1
	scale<0.080000,0.200000,0.300000>
	matrix <-0.288032, 0.178872, -0.940767,
		0.639630, -0.695185, -0.328012,
		-0.712679, -0.696221, 0.085824,
		24.398840, 33.010399, 25.737555>
	pigment { color rgbt <0,1,1,0> }
	no_shadow
}
cylinder {
	<25.306112, 33.516869, 25.068638>,  <24.897717, 33.497753, 25.677477>, 0.130000
	pigment { color rgbt <1,0,0,0> }
	no_shadow
}

// nucleotide -1

// particle -1
sphere {
	<25.306112, 33.516869, 25.068638> 0.250000
	pigment { color rgbt <1,0,0,0> }
	no_shadow
}
cylinder {
	<25.298649, 33.256393, 24.765163>,  <25.294170, 33.100109, 24.583078>, 0.100000
	pigment { color rgbt <1,0,0,0> }
	no_shadow
}
cylinder {
	<25.298649, 33.256393, 24.765163>,  <25.306112, 33.516869, 25.068638>, 0.100000
	pigment { color rgbt <1,0,0,0> }
	no_shadow
}

// particle -1
sphere {
	<25.298649, 33.256393, 24.765163> 0.100000
	pigment { color rgbt <1,0,0,0> }
	no_shadow
}
sphere {
	0, 1
	scale<0.080000,0.200000,0.300000>
	matrix <-0.738372, 0.520609, -0.428688,
		0.674136, 0.552194, -0.490533,
		-0.018657, -0.651190, -0.758685,
		25.293053, 33.061035, 24.537558>
	pigment { color rgbt <0,1,1,0> }
	no_shadow
}
cylinder {
	<25.404129, 33.817902, 24.381193>,  <25.306112, 33.516869, 25.068638>, 0.130000
	pigment { color rgbt <1,0,0,0> }
	no_shadow
}

// nucleotide -1

// particle -1
sphere {
	<25.404129, 33.817902, 24.381193> 0.250000
	pigment { color rgbt <1,0,0,0> }
	no_shadow
}
cylinder {
	<25.178413, 33.489212, 24.349325>,  <25.042984, 33.292000, 24.330204>, 0.100000
	pigment { color rgbt <1,0,0,0> }
	no_shadow
}
cylinder {
	<25.178413, 33.489212, 24.349325>,  <25.404129, 33.817902, 24.381193>, 0.100000
	pigment { color rgbt <1,0,0,0> }
	no_shadow
}

// particle -1
sphere {
	<25.178413, 33.489212, 24.349325> 0.100000
	pigment { color rgbt <1,0,0,0> }
	no_shadow
}
sphere {
	0, 1
	scale<0.080000,0.200000,0.300000>
	matrix <-0.634439, 0.493372, -0.595040,
		0.528268, -0.285224, -0.799737,
		-0.564287, -0.821725, -0.079675,
		25.009127, 33.242695, 24.325424>
	pigment { color rgbt <0,1,1,0> }
	no_shadow
}
cylinder {
	<25.901527, 33.357468, 24.256102>,  <25.404129, 33.817902, 24.381193>, 0.130000
	pigment { color rgbt <1,0,0,0> }
	no_shadow
}

// nucleotide -1

// particle -1
sphere {
	<25.901527, 33.357468, 24.256102> 0.250000
	pigment { color rgbt <1,0,0,0> }
	no_shadow
}
cylinder {
	<26.229939, 33.131557, 24.222765>,  <26.426985, 32.996014, 24.202763>, 0.100000
	pigment { color rgbt <1,0,0,0> }
	no_shadow
}
cylinder {
	<26.229939, 33.131557, 24.222765>,  <25.901527, 33.357468, 24.256102>, 0.100000
	pigment { color rgbt <1,0,0,0> }
	no_shadow
}

// particle -1
sphere {
	<26.229939, 33.131557, 24.222765> 0.100000
	pigment { color rgbt <1,0,0,0> }
	no_shadow
}
sphere {
	0, 1
	scale<0.080000,0.200000,0.300000>
	matrix <0.569187, 0.821073, 0.043185,
		0.044040, -0.082893, 0.995585,
		0.821028, -0.564773, -0.083341,
		26.476246, 32.962124, 24.197763>
	pigment { color rgbt <0,1,1,0> }
	no_shadow
}
cylinder {
	<26.373337, 33.849373, 24.479731>,  <25.901527, 33.357468, 24.256102>, 0.130000
	pigment { color rgbt <1,0,0,0> }
	no_shadow
}

// nucleotide -1

// particle -1
sphere {
	<26.373337, 33.849373, 24.479731> 0.250000
	pigment { color rgbt <1,0,0,0> }
	no_shadow
}
cylinder {
	<26.581451, 33.567699, 24.286474>,  <26.706320, 33.398697, 24.170521>, 0.100000
	pigment { color rgbt <1,0,0,0> }
	no_shadow
}
cylinder {
	<26.581451, 33.567699, 24.286474>,  <26.373337, 33.849373, 24.479731>, 0.100000
	pigment { color rgbt <1,0,0,0> }
	no_shadow
}

// particle -1
sphere {
	<26.581451, 33.567699, 24.286474> 0.100000
	pigment { color rgbt <1,0,0,0> }
	no_shadow
}
sphere {
	0, 1
	scale<0.080000,0.200000,0.300000>
	matrix <0.594043, 0.704872, -0.387646,
		0.613527, -0.085320, 0.785051,
		0.520287, -0.704185, -0.483141,
		26.737537, 33.356445, 24.141531>
	pigment { color rgbt <0,1,1,0> }
	no_shadow
}
cylinder {
	<27.089333, 33.921547, 24.752405>,  <26.373337, 33.849373, 24.479731>, 0.130000
	pigment { color rgbt <1,0,0,0> }
	no_shadow
}

// nucleotide -1

// particle -1
sphere {
	<27.089333, 33.921547, 24.752405> 0.250000
	pigment { color rgbt <1,0,0,0> }
	no_shadow
}
cylinder {
	<27.062208, 33.757763, 24.388483>,  <27.045935, 33.659492, 24.170130>, 0.100000
	pigment { color rgbt <1,0,0,0> }
	no_shadow
}
cylinder {
	<27.062208, 33.757763, 24.388483>,  <27.089333, 33.921547, 24.752405>, 0.100000
	pigment { color rgbt <1,0,0,0> }
	no_shadow
}

// particle -1
sphere {
	<27.062208, 33.757763, 24.388483> 0.100000
	pigment { color rgbt <1,0,0,0> }
	no_shadow
}
sphere {
	0, 1
	scale<0.080000,0.200000,0.300000>
	matrix <0.753496, 0.576695, -0.315700,
		0.653946, -0.706943, 0.269419,
		-0.067809, -0.409456, -0.909806,
		27.041866, 33.634926, 24.115541>
	pigment { color rgbt <0,1,1,0> }
	no_shadow
}
cylinder {
	<27.710480, 33.574478, 24.543583>,  <27.089333, 33.921547, 24.752405>, 0.130000
	pigment { color rgbt <1,0,0,0> }
	no_shadow
}

// nucleotide -1

// particle -1
sphere {
	<27.710480, 33.574478, 24.543583> 0.250000
	pigment { color rgbt <1,0,0,0> }
	no_shadow
}
cylinder {
	<27.556057, 33.704548, 24.198278>,  <27.463404, 33.782589, 23.991096>, 0.100000
	pigment { color rgbt <1,0,0,0> }
	no_shadow
}
cylinder {
	<27.556057, 33.704548, 24.198278>,  <27.710480, 33.574478, 24.543583>, 0.100000
	pigment { color rgbt <1,0,0,0> }
	no_shadow
}

// particle -1
sphere {
	<27.556057, 33.704548, 24.198278> 0.100000
	pigment { color rgbt <1,0,0,0> }
	no_shadow
}
sphere {
	0, 1
	scale<0.080000,0.200000,0.300000>
	matrix <0.819749, 0.550099, -0.159383,
		0.423052, -0.769189, -0.478932,
		-0.386056, 0.325177, -0.863262,
		27.440241, 33.802101, 23.939301>
	pigment { color rgbt <0,1,1,0> }
	no_shadow
}
cylinder {
	<28.190247, 34.127422, 24.584723>,  <27.710480, 33.574478, 24.543583>, 0.130000
	pigment { color rgbt <1,0,0,0> }
	no_shadow
}

// nucleotide -1

// particle -1
sphere {
	<28.190247, 34.127422, 24.584723> 0.250000
	pigment { color rgbt <1,0,0,0> }
	no_shadow
}
cylinder {
	<27.894794, 34.391754, 24.637980>,  <27.717524, 34.550354, 24.669933>, 0.100000
	pigment { color rgbt <1,0,0,0> }
	no_shadow
}
cylinder {
	<27.894794, 34.391754, 24.637980>,  <28.190247, 34.127422, 24.584723>, 0.100000
	pigment { color rgbt <1,0,0,0> }
	no_shadow
}

// particle -1
sphere {
	<27.894794, 34.391754, 24.637980> 0.100000
	pigment { color rgbt <1,0,0,0> }
	no_shadow
}
sphere {
	0, 1
	scale<0.080000,0.200000,0.300000>
	matrix <0.450223, 0.336597, 0.827044,
		0.501721, 0.670824, -0.546142,
		-0.738631, 0.660831, 0.133142,
		27.673204, 34.590004, 24.677921>
	pigment { color rgbt <0,1,1,0> }
	no_shadow
}
cylinder {
	<28.524441, 34.746326, 24.797705>,  <28.190247, 34.127422, 24.584723>, 0.130000
	pigment { color rgbt <1,0,0,0> }
	no_shadow
}

// nucleotide -1

// particle -1
sphere {
	<28.524441, 34.746326, 24.797705> 0.250000
	pigment { color rgbt <1,0,0,0> }
	no_shadow
}
cylinder {
	<28.147009, 34.809235, 24.914274>,  <27.920549, 34.846977, 24.984215>, 0.100000
	pigment { color rgbt <1,0,0,0> }
	no_shadow
}
cylinder {
	<28.147009, 34.809235, 24.914274>,  <28.524441, 34.746326, 24.797705>, 0.100000
	pigment { color rgbt <1,0,0,0> }
	no_shadow
}

// particle -1
sphere {
	<28.147009, 34.809235, 24.914274> 0.100000
	pigment { color rgbt <1,0,0,0> }
	no_shadow
}
sphere {
	0, 1
	scale<0.080000,0.200000,0.300000>
	matrix <0.330332, 0.385204, 0.861684,
		0.023257, 0.909332, -0.415420,
		-0.943578, 0.157267, 0.291423,
		27.863935, 34.856415, 25.001701>
	pigment { color rgbt <0,1,1,0> }
	no_shadow
}
cylinder {
	<28.515343, 35.376705, 25.338694>,  <28.524441, 34.746326, 24.797705>, 0.130000
	pigment { color rgbt <1,0,0,0> }
	no_shadow
}

// nucleotide -1

// particle -1
sphere {
	<28.515343, 35.376705, 25.338694> 0.250000
	pigment { color rgbt <1,0,0,0> }
	no_shadow
}
cylinder {
	<28.189682, 35.159462, 25.420851>,  <27.994286, 35.029118, 25.470146>, 0.100000
	pigment { color rgbt <1,0,0,0> }
	no_shadow
}
cylinder {
	<28.189682, 35.159462, 25.420851>,  <28.515343, 35.376705, 25.338694>, 0.100000
	pigment { color rgbt <1,0,0,0> }
	no_shadow
}

// particle -1
sphere {
	<28.189682, 35.159462, 25.420851> 0.100000
	pigment { color rgbt <1,0,0,0> }
	no_shadow
}
sphere {
	0, 1
	scale<0.080000,0.200000,0.300000>
	matrix <0.186903, 0.089786, 0.978267,
		-0.549746, 0.834849, 0.028409,
		-0.814154, -0.543108, 0.205395,
		27.945436, 34.996529, 25.482470>
	pigment { color rgbt <0,1,1,0> }
	no_shadow
}
cylinder {
	<28.210836, 35.807346, 25.790230>,  <28.515343, 35.376705, 25.338694>, 0.130000
	pigment { color rgbt <1,0,0,0> }
	no_shadow
}

// nucleotide -1

// particle -1
sphere {
	<28.210836, 35.807346, 25.790230> 0.250000
	pigment { color rgbt <1,0,0,0> }
	no_shadow
}
cylinder {
	<28.040531, 35.451359, 25.855564>,  <27.938347, 35.237766, 25.894764>, 0.100000
	pigment { color rgbt <1,0,0,0> }
	no_shadow
}
cylinder {
	<28.040531, 35.451359, 25.855564>,  <28.210836, 35.807346, 25.790230>, 0.100000
	pigment { color rgbt <1,0,0,0> }
	no_shadow
}

// particle -1
sphere {
	<28.040531, 35.451359, 25.855564> 0.100000
	pigment { color rgbt <1,0,0,0> }
	no_shadow
}
sphere {
	0, 1
	scale<0.080000,0.200000,0.300000>
	matrix <0.059585, 0.152545, 0.986499,
		-0.902870, 0.429748, -0.011920,
		-0.425764, -0.889970, 0.163335,
		27.912802, 35.184368, 25.904564>
	pigment { color rgbt <0,1,1,0> }
	no_shadow
}
cylinder {
	<27.744764, 36.019039, 26.354563>,  <28.210836, 35.807346, 25.790230>, 0.130000
	pigment { color rgbt <1,0,0,0> }
	no_shadow
}

// nucleotide -1

// particle -1
sphere {
	<27.744764, 36.019039, 26.354563> 0.250000
	pigment { color rgbt <1,0,0,0> }
	no_shadow
}
cylinder {
	<27.794174, 35.622105, 26.356216>,  <27.823820, 35.383945, 26.357208>, 0.100000
	pigment { color rgbt <1,0,0,0> }
	no_shadow
}
cylinder {
	<27.794174, 35.622105, 26.356216>,  <27.744764, 36.019039, 26.354563>, 0.100000
	pigment { color rgbt <1,0,0,0> }
	no_shadow
}

// particle -1
sphere {
	<27.794174, 35.622105, 26.356216> 0.100000
	pigment { color rgbt <1,0,0,0> }
	no_shadow
}
sphere {
	0, 1
	scale<0.080000,0.200000,0.300000>
	matrix <0.257055, 0.036020, 0.965725,
		-0.958470, -0.118230, 0.259533,
		0.123526, -0.992333, 0.004132,
		27.831232, 35.324406, 26.357456>
	pigment { color rgbt <0,1,1,0> }
	no_shadow
}
cylinder {
	<27.327312, 35.736938, 26.861084>,  <27.744764, 36.019039, 26.354563>, 0.130000
	pigment { color rgbt <1,0,0,0> }
	no_shadow
}

// nucleotide -1

// particle -1
sphere {
	<27.327312, 35.736938, 26.861084> 0.250000
	pigment { color rgbt <1,0,0,0> }
	no_shadow
}
cylinder {
	<27.606602, 35.455624, 26.807617>,  <27.774176, 35.286835, 26.775537>, 0.100000
	pigment { color rgbt <1,0,0,0> }
	no_shadow
}
cylinder {
	<27.606602, 35.455624, 26.807617>,  <27.327312, 35.736938, 26.861084>, 0.100000
	pigment { color rgbt <1,0,0,0> }
	no_shadow
}

// particle -1
sphere {
	<27.606602, 35.455624, 26.807617> 0.100000
	pigment { color rgbt <1,0,0,0> }
	no_shadow
}
sphere {
	0, 1
	scale<0.080000,0.200000,0.300000>
	matrix <0.239708, 0.053744, 0.969356,
		-0.674555, -0.708868, 0.206110,
		0.698223, -0.703291, -0.133668,
		27.816069, 35.244637, 26.767517>
	pigment { color rgbt <0,1,1,0> }
	no_shadow
}
cylinder {
	<27.149353, 35.167557, 27.338869>,  <27.327312, 35.736938, 26.861084>, 0.130000
	pigment { color rgbt <1,0,0,0> }
	no_shadow
}

// nucleotide -1

// particle -1
sphere {
	<27.149353, 35.167557, 27.338869> 0.250000
	pigment { color rgbt <1,0,0,0> }
	no_shadow
}
cylinder {
	<27.542547, 35.165260, 27.265432>,  <27.778463, 35.163883, 27.221371>, 0.100000
	pigment { color rgbt <1,0,0,0> }
	no_shadow
}
cylinder {
	<27.542547, 35.165260, 27.265432>,  <27.149353, 35.167557, 27.338869>, 0.100000
	pigment { color rgbt <1,0,0,0> }
	no_shadow
}

// particle -1
sphere {
	<27.542547, 35.165260, 27.265432> 0.100000
	pigment { color rgbt <1,0,0,0> }
	no_shadow
}
sphere {
	0, 1
	scale<0.080000,0.200000,0.300000>
	matrix <0.179156, -0.190556, 0.965190,
		-0.040525, -0.981659, -0.186286,
		0.982986, -0.005740, -0.183592,
		27.837442, 35.163540, 27.210354>
	pigment { color rgbt <0,1,1,0> }
	no_shadow
}
cylinder {
	<27.369354, 34.876408, 27.918268>,  <27.149353, 35.167557, 27.338869>, 0.130000
	pigment { color rgbt <1,0,0,0> }
	no_shadow
}

// nucleotide -1

// particle -1
sphere {
	<27.369354, 34.876408, 27.918268> 0.250000
	pigment { color rgbt <1,0,0,0> }
	no_shadow
}
cylinder {
	<27.720285, 34.977295, 27.754963>,  <27.930843, 35.037827, 27.656979>, 0.100000
	pigment { color rgbt <1,0,0,0> }
	no_shadow
}
cylinder {
	<27.720285, 34.977295, 27.754963>,  <27.369354, 34.876408, 27.918268>, 0.100000
	pigment { color rgbt <1,0,0,0> }
	no_shadow
}

// particle -1
sphere {
	<27.720285, 34.977295, 27.754963> 0.100000
	pigment { color rgbt <1,0,0,0> }
	no_shadow
}
sphere {
	0, 1
	scale<0.080000,0.200000,0.300000>
	matrix <0.393222, 0.109838, 0.912859,
		0.275088, -0.961415, -0.002816,
		0.877328, 0.252224, -0.408264,
		27.983484, 35.052963, 27.632484>
	pigment { color rgbt <0,1,1,0> }
	no_shadow
}
cylinder {
	<27.835129, 34.421566, 28.163904>,  <27.369354, 34.876408, 27.918268>, 0.130000
	pigment { color rgbt <1,0,0,0> }
	no_shadow
}

// nucleotide -1

// particle -1
sphere {
	<27.835129, 34.421566, 28.163904> 0.250000
	pigment { color rgbt <1,0,0,0> }
	no_shadow
}
cylinder {
	<28.043900, 34.742226, 28.047319>,  <28.169163, 34.934620, 27.977369>, 0.100000
	pigment { color rgbt <1,0,0,0> }
	no_shadow
}
cylinder {
	<28.043900, 34.742226, 28.047319>,  <27.835129, 34.421566, 28.163904>, 0.100000
	pigment { color rgbt <1,0,0,0> }
	no_shadow
}

// particle -1
sphere {
	<28.043900, 34.742226, 28.047319> 0.100000
	pigment { color rgbt <1,0,0,0> }
	no_shadow
}
sphere {
	0, 1
	scale<0.080000,0.200000,0.300000>
