// switches for output
#declare DRAW_BASES = 1; // possible values are 0, 1; only relevant for DNA ribbons
#declare DRAW_BASES_TYPE = 3; // possible values are 1, 2, 3; only relevant for DNA ribbons
#declare DRAW_FOG = 0; // set to 1 to enable fog

#include "colors.inc"

#include "transforms.inc"
background { rgb <1, 1, 1>}

#default {
   normal{
       ripples 0.25
       frequency 0.20
       turbulence 0.2
       lambda 5
   }
	finish {
		phong 0.1
		phong_size 40.
	}
}

// original window dimensions: 1024x640


// camera settings

camera {
	sky <0, 0.179814, -0.983701>
	up <0, 0.179814, -0.983701>
	right 1.6 * <1, 0, 0>
	location <35, 94.9851, 44.8844>
	look_at <35, 29.7336, 32.9568>
	direction <0, -65.2515, -11.9276>
	angle 67.0682
}


# declare cpy_camera_pos = <35, 94.9851, 44.8844>;
# if (DRAW_FOG = 1)
fog {
	fog_type 2
	up vnormalize(cpy_camera_pos)
	color rgbt<1,1,1,0.3>
	distance 1e-5
	fog_alt 3e-3
	fog_offset 56
}
# end


// LIGHTS

# declare lum = 6;
global_settings {
	ambient_light rgb lum * <0.05, 0.05, 0.05>
	max_trace_level 15
}# declare cpy_direct_light_amount = 0.25;
light_source
{	1000 * <-1, -1.16352, -0.803886>,
	rgb lum * cpy_direct_light_amount
	parallel
}

light_source
{	1000 * <1, 1.16352, 0.803886>,
	rgb lum * cpy_direct_light_amount
	parallel
}

// strand 0

// nucleotide -1

// particle -1
sphere {
	<23.880312, 34.734444, 34.750271> 0.250000
	pigment { color rgbt <1,0,0,0> }
	no_shadow
}
cylinder {
	<24.251833, 34.716919, 34.897461>,  <24.474747, 34.706406, 34.985775>, 0.100000
	pigment { color rgbt <1,0,0,0> }
	no_shadow
}
cylinder {
	<24.251833, 34.716919, 34.897461>,  <23.880312, 34.734444, 34.750271>, 0.100000
	pigment { color rgbt <1,0,0,0> }
	no_shadow
}

// particle -1
sphere {
	<24.251833, 34.716919, 34.897461> 0.100000
	pigment { color rgbt <1,0,0,0> }
	no_shadow
}
sphere {
	0, 1
	scale<0.080000,0.200000,0.300000>
	matrix <0.012279, -0.988803, -0.148718,
		0.370368, 0.142649, -0.917866,
		0.928804, -0.043810, 0.367973,
		24.530474, 34.703777, 35.007854>
	pigment { color rgbt <0,1,1,0> }
	no_shadow
}
cylinder {
	<24.361246, 34.310318, 34.245041>,  <23.880312, 34.734444, 34.750271>, 0.130000
	pigment { color rgbt <1,0,0,0> }
	no_shadow
}

// nucleotide -1

// particle -1
sphere {
	<24.361246, 34.310318, 34.245041> 0.250000
	pigment { color rgbt <1,0,0,0> }
	no_shadow
}
cylinder {
	<24.433886, 34.285301, 34.637592>,  <24.477468, 34.270290, 34.873123>, 0.100000
	pigment { color rgbt <1,0,0,0> }
	no_shadow
}
cylinder {
	<24.433886, 34.285301, 34.637592>,  <24.361246, 34.310318, 34.245041>, 0.100000
	pigment { color rgbt <1,0,0,0> }
	no_shadow
}

// particle -1
sphere {
	<24.433886, 34.285301, 34.637592> 0.100000
	pigment { color rgbt <1,0,0,0> }
	no_shadow
}
sphere {
	0, 1
	scale<0.080000,0.200000,0.300000>
	matrix <-0.258685, -0.965865, -0.013689,
		0.948738, -0.251383, -0.191579,
		0.181599, -0.062546, 0.981381,
		24.488365, 34.266537, 34.932007>
	pigment { color rgbt <0,1,1,0> }
	no_shadow
}
cylinder {
	<24.721704, 33.621651, 34.476669>,  <24.361246, 34.310318, 34.245041>, 0.130000
	pigment { color rgbt <1,0,0,0> }
	no_shadow
}

// nucleotide -1

// particle -1
sphere {
	<24.721704, 33.621651, 34.476669> 0.250000
	pigment { color rgbt <1,0,0,0> }
	no_shadow
}
cylinder {
	<24.474611, 33.764931, 34.756699>,  <24.326355, 33.850899, 34.924717>, 0.100000
	pigment { color rgbt <1,0,0,0> }
	no_shadow
}
cylinder {
	<24.474611, 33.764931, 34.756699>,  <24.721704, 33.621651, 34.476669>, 0.100000
	pigment { color rgbt <1,0,0,0> }
	no_shadow
}

// particle -1
sphere {
	<24.474611, 33.764931, 34.756699> 0.100000
	pigment { color rgbt <1,0,0,0> }
	no_shadow
}
sphere {
	0, 1
	scale<0.080000,0.200000,0.300000>
	matrix <-0.487363, -0.873040, 0.016664,
		0.617158, -0.330894, 0.713880,
		-0.617732, 0.358203, 0.700070,
		24.289291, 33.872391, 34.966721>
	pigment { color rgbt <0,1,1,0> }
	no_shadow
}
cylinder {
	<25.241119, 33.721474, 35.121639>,  <24.721704, 33.621651, 34.476669>, 0.130000
	pigment { color rgbt <1,0,0,0> }
	no_shadow
}

// nucleotide -1

// particle -1
sphere {
	<25.241119, 33.721474, 35.121639> 0.250000
	pigment { color rgbt <1,0,0,0> }
	no_shadow
}
cylinder {
	<25.636047, 33.708515, 35.059483>,  <25.873005, 33.700741, 35.022190>, 0.100000
	pigment { color rgbt <1,0,0,0> }
	no_shadow
}
cylinder {
	<25.636047, 33.708515, 35.059483>,  <25.241119, 33.721474, 35.121639>, 0.100000
	pigment { color rgbt <1,0,0,0> }
	no_shadow
}

// particle -1
sphere {
	<25.636047, 33.708515, 35.059483> 0.100000
	pigment { color rgbt <1,0,0,0> }
	no_shadow
}
sphere {
	0, 1
	scale<0.080000,0.200000,0.300000>
	matrix <-0.072641, 0.778204, -0.623796,
		0.141135, 0.627175, 0.765984,
		0.987322, -0.032398, -0.155390,
		25.932243, 33.698795, 35.012867>
	pigment { color rgbt <0,1,1,0> }
	no_shadow
}
cylinder {
	<25.409264, 34.427402, 34.977470>,  <25.241119, 33.721474, 35.121639>, 0.130000
	pigment { color rgbt <1,0,0,0> }
	no_shadow
}

// nucleotide -1

// particle -1
sphere {
	<25.409264, 34.427402, 34.977470> 0.250000
	pigment { color rgbt <1,0,0,0> }
	no_shadow
}
cylinder {
	<25.717171, 34.214943, 34.835857>,  <25.901915, 34.087467, 34.750889>, 0.100000
	pigment { color rgbt <1,0,0,0> }
	no_shadow
}
cylinder {
	<25.717171, 34.214943, 34.835857>,  <25.409264, 34.427402, 34.977470>, 0.100000
	pigment { color rgbt <1,0,0,0> }
	no_shadow
}

// particle -1
sphere {
	<25.717171, 34.214943, 34.835857> 0.100000
	pigment { color rgbt <1,0,0,0> }
	no_shadow
}
sphere {
	0, 1
	scale<0.080000,0.200000,0.300000>
	matrix <0.285915, 0.782778, -0.552730,
		0.570708, 0.324253, 0.754422,
		0.769769, -0.531148, -0.354030,
		25.948101, 34.055599, 34.729649>
	pigment { color rgbt <0,1,1,0> }
	no_shadow
}
cylinder {
	<25.876007, 34.916985, 34.974380>,  <25.409264, 34.427402, 34.977470>, 0.130000
	pigment { color rgbt <1,0,0,0> }
	no_shadow
}

// nucleotide -1

// particle -1
sphere {
	<25.876007, 34.916985, 34.974380> 0.250000
	pigment { color rgbt <1,0,0,0> }
	no_shadow
}
cylinder {
	<26.035694, 34.622307, 34.756058>,  <26.131506, 34.445499, 34.625065>, 0.100000
	pigment { color rgbt <1,0,0,0> }
	no_shadow
}
cylinder {
	<26.035694, 34.622307, 34.756058>,  <25.876007, 34.916985, 34.974380>, 0.100000
	pigment { color rgbt <1,0,0,0> }
	no_shadow
}

// particle -1
sphere {
	<26.035694, 34.622307, 34.756058> 0.100000
	pigment { color rgbt <1,0,0,0> }
	no_shadow
}
sphere {
	0, 1
	scale<0.080000,0.200000,0.300000>
	matrix <0.427773, 0.676202, -0.599800,
		0.810947, 0.005968, 0.585090,
		0.399218, -0.736692, -0.545811,
		26.155460, 34.401299, 34.592316>
	pigment { color rgbt <0,1,1,0> }
	no_shadow
}
cylinder {
	<26.672813, 34.998138, 35.013535>,  <25.876007, 34.916985, 34.974380>, 0.130000
	pigment { color rgbt <1,0,0,0> }
	no_shadow
}

// nucleotide -1

// particle -1
sphere {
	<26.672813, 34.998138, 35.013535> 0.250000
	pigment { color rgbt <1,0,0,0> }
	no_shadow
}
cylinder {
	<26.582836, 34.799847, 34.677998>,  <26.528849, 34.680870, 34.476677>, 0.100000
	pigment { color rgbt <1,0,0,0> }
	no_shadow
}
cylinder {
	<26.582836, 34.799847, 34.677998>,  <26.672813, 34.998138, 35.013535>, 0.100000
	pigment { color rgbt <1,0,0,0> }
	no_shadow
}

// particle -1
sphere {
	<26.582836, 34.799847, 34.677998> 0.100000
	pigment { color rgbt <1,0,0,0> }
	no_shadow
}
sphere {
	0, 1
	scale<0.080000,0.200000,0.300000>
	matrix <0.526994, 0.662220, -0.532675,
		0.819559, -0.561885, 0.112285,
		-0.224945, -0.495732, -0.838838,
		26.515352, 34.651127, 34.426346>
	pigment { color rgbt <0,1,1,0> }
	no_shadow
}
cylinder {
	<27.259512, 34.838428, 34.737556>,  <26.672813, 34.998138, 35.013535>, 0.130000
	pigment { color rgbt <1,0,0,0> }
	no_shadow
}

// nucleotide -1

// particle -1
sphere {
	<27.259512, 34.838428, 34.737556> 0.250000
	pigment { color rgbt <1,0,0,0> }
	no_shadow
}
cylinder {
	<26.995642, 34.846031, 34.437031>,  <26.837320, 34.850594, 34.256718>, 0.100000
	pigment { color rgbt <1,0,0,0> }
	no_shadow
}
cylinder {
	<26.995642, 34.846031, 34.437031>,  <27.259512, 34.838428, 34.737556>, 0.100000
	pigment { color rgbt <1,0,0,0> }
	no_shadow
}

// particle -1
sphere {
	<26.995642, 34.846031, 34.437031> 0.100000
	pigment { color rgbt <1,0,0,0> }
	no_shadow
}
sphere {
	0, 1
	scale<0.080000,0.200000,0.300000>
	matrix <0.651958, 0.511778, -0.559495,
		0.373872, -0.858907, -0.349996,
		-0.659674, 0.019003, -0.751311,
		26.797739, 34.851730, 34.211636>
	pigment { color rgbt <0,1,1,0> }
	no_shadow
}
cylinder {
	<27.657082, 34.843662, 34.133217>,  <27.259512, 34.838428, 34.737556>, 0.130000
	pigment { color rgbt <1,0,0,0> }
	no_shadow
}

// nucleotide -1

// particle -1
sphere {
	<27.657082, 34.843662, 34.133217> 0.250000
	pigment { color rgbt <1,0,0,0> }
	no_shadow
}
cylinder {
	<27.309135, 34.944149, 33.963409>,  <27.100367, 35.004440, 33.861523>, 0.100000
	pigment { color rgbt <1,0,0,0> }
	no_shadow
}
cylinder {
	<27.309135, 34.944149, 33.963409>,  <27.657082, 34.843662, 34.133217>, 0.100000
	pigment { color rgbt <1,0,0,0> }
	no_shadow
}

// particle -1
sphere {
	<27.309135, 34.944149, 33.963409> 0.100000
	pigment { color rgbt <1,0,0,0> }
	no_shadow
}
sphere {
	0, 1
	scale<0.080000,0.200000,0.300000>
	matrix <0.479045, 0.635503, -0.605517,
		0.117669, -0.730085, -0.673149,
		-0.869868, 0.251218, -0.424523,
		27.048176, 35.019516, 33.836052>
	pigment { color rgbt <0,1,1,0> }
	no_shadow
}
cylinder {
	<27.794779, 34.751583, 33.411472>,  <27.657082, 34.843662, 34.133217>, 0.130000
	pigment { color rgbt <1,0,0,0> }
	no_shadow
}

// nucleotide -1

// particle -1
sphere {
	<27.794779, 34.751583, 33.411472> 0.250000
	pigment { color rgbt <1,0,0,0> }
	no_shadow
}
cylinder {
	<27.492908, 35.010460, 33.454559>,  <27.311787, 35.165787, 33.480412>, 0.100000
	pigment { color rgbt <1,0,0,0> }
	no_shadow
}
cylinder {
	<27.492908, 35.010460, 33.454559>,  <27.794779, 34.751583, 33.411472>, 0.100000
	pigment { color rgbt <1,0,0,0> }
	no_shadow
}

// particle -1
sphere {
	<27.492908, 35.010460, 33.454559> 0.100000
	pigment { color rgbt <1,0,0,0> }
	no_shadow
}
sphere {
	0, 1
	scale<0.080000,0.200000,0.300000>
	matrix <0.492097, 0.666942, -0.559490,
		-0.433937, -0.369229, -0.821808,
		-0.754678, 0.647193, 0.107714,
		27.266504, 35.204617, 33.486874>
	pigment { color rgbt <0,1,1,0> }
	no_shadow
}
cylinder {
	<27.706785, 35.187786, 32.734940>,  <27.794779, 34.751583, 33.411472>, 0.130000
	pigment { color rgbt <1,0,0,0> }
	no_shadow
}

// nucleotide -1

// particle -1
sphere {
	<27.706785, 35.187786, 32.734940> 0.250000
	pigment { color rgbt <1,0,0,0> }
	no_shadow
}
cylinder {
	<27.515812, 35.384537, 33.026176>,  <27.401228, 35.502586, 33.200916>, 0.100000
	pigment { color rgbt <1,0,0,0> }
	no_shadow
}
cylinder {
	<27.515812, 35.384537, 33.026176>,  <27.706785, 35.187786, 32.734940>, 0.100000
	pigment { color rgbt <1,0,0,0> }
	no_shadow
}

// particle -1
sphere {
	<27.515812, 35.384537, 33.026176> 0.100000
	pigment { color rgbt <1,0,0,0> }
	no_shadow
}
sphere {
	0, 1
	scale<0.080000,0.200000,0.300000>
	matrix <0.277975, 0.870622, -0.405891,
		-0.833538, 0.008604, -0.552395,
		-0.477434, 0.491878, 0.728088,
		27.372581, 35.532101, 33.244602>
	pigment { color rgbt <0,1,1,0> }
	no_shadow
}
cylinder {
	<27.380682, 35.759628, 32.410107>,  <27.706785, 35.187786, 32.734940>, 0.130000
	pigment { color rgbt <1,0,0,0> }
	no_shadow
}

// nucleotide -1

// particle -1
sphere {
	<27.380682, 35.759628, 32.410107> 0.250000
	pigment { color rgbt <1,0,0,0> }
	no_shadow
}
cylinder {
	<27.399387, 35.853809, 32.798412>,  <27.410610, 35.910316, 33.031395>, 0.100000
	pigment { color rgbt <1,0,0,0> }
	no_shadow
}
cylinder {
	<27.399387, 35.853809, 32.798412>,  <27.380682, 35.759628, 32.410107>, 0.100000
	pigment { color rgbt <1,0,0,0> }
	no_shadow
}

// particle -1
sphere {
	<27.399387, 35.853809, 32.798412> 0.100000
	pigment { color rgbt <1,0,0,0> }
	no_shadow
}
sphere {
	0, 1
	scale<0.080000,0.200000,0.300000>
	matrix <0.360395, 0.902392, -0.236229,
		-0.931627, 0.360904, -0.042658,
		0.046762, 0.235451, 0.970761,
		27.413416, 35.924446, 33.089642>
	pigment { color rgbt <0,1,1,0> }
	no_shadow
}
cylinder {
	<27.046164, 36.363575, 32.567734>,  <27.380682, 35.759628, 32.410107>, 0.130000
	pigment { color rgbt <1,0,0,0> }
	no_shadow
}

// nucleotide -1

// particle -1
sphere {
	<27.046164, 36.363575, 32.567734> 0.250000
	pigment { color rgbt <1,0,0,0> }
	no_shadow
}
cylinder {
	<27.315828, 36.318516, 32.859711>,  <27.477627, 36.291481, 33.034897>, 0.100000
	pigment { color rgbt <1,0,0,0> }
	no_shadow
}
cylinder {
	<27.315828, 36.318516, 32.859711>,  <27.046164, 36.363575, 32.567734>, 0.100000
	pigment { color rgbt <1,0,0,0> }
	no_shadow
}

// particle -1
sphere {
	<27.315828, 36.318516, 32.859711> 0.100000
	pigment { color rgbt <1,0,0,0> }
	no_shadow
}
sphere {
	0, 1
	scale<0.080000,0.200000,0.300000>
	matrix <0.456817, 0.840186, -0.292245,
		-0.580365, 0.530470, 0.617882,
		0.674163, -0.112650, 0.729942,
		27.518078, 36.284721, 33.078693>
	pigment { color rgbt <0,1,1,0> }
	no_shadow
}
cylinder {
	<27.282022, 37.116943, 32.733723>,  <27.046164, 36.363575, 32.567734>, 0.130000
	pigment { color rgbt <1,0,0,0> }
	no_shadow
}

// nucleotide -1

// particle -1
sphere {
	<27.282022, 37.116943, 32.733723> 0.250000
	pigment { color rgbt <1,0,0,0> }
	no_shadow
}
cylinder {
	<27.554739, 36.933212, 32.961468>,  <27.718369, 36.822975, 33.098114>, 0.100000
	pigment { color rgbt <1,0,0,0> }
	no_shadow
}
cylinder {
	<27.554739, 36.933212, 32.961468>,  <27.282022, 37.116943, 32.733723>, 0.100000
	pigment { color rgbt <1,0,0,0> }
	no_shadow
}

// particle -1
sphere {
	<27.554739, 36.933212, 32.961468> 0.100000
	pigment { color rgbt <1,0,0,0> }
	no_shadow
}
sphere {
	0, 1
	scale<0.080000,0.200000,0.300000>
	matrix <0.617684, 0.778462, -0.111639,
		-0.391950, 0.427803, 0.814469,
		0.681793, -0.459327, 0.569365,
		27.759277, 36.795414, 33.132278>
	pigment { color rgbt <0,1,1,0> }
	no_shadow
}
cylinder {
	<27.488909, 37.498447, 33.351048>,  <27.282022, 37.116943, 32.733723>, 0.130000
	pigment { color rgbt <1,0,0,0> }
	no_shadow
}

// nucleotide -1

// particle -1
sphere {
	<27.488909, 37.498447, 33.351048> 0.250000
	pigment { color rgbt <1,0,0,0> }
	no_shadow
}
cylinder {
	<27.804996, 37.269482, 33.263504>,  <27.994648, 37.132103, 33.210976>, 0.100000
	pigment { color rgbt <1,0,0,0> }
	no_shadow
}
cylinder {
	<27.804996, 37.269482, 33.263504>,  <27.488909, 37.498447, 33.351048>, 0.100000
	pigment { color rgbt <1,0,0,0> }
	no_shadow
}

// particle -1
sphere {
	<27.804996, 37.269482, 33.263504> 0.100000
	pigment { color rgbt <1,0,0,0> }
	no_shadow
}
sphere {
	0, 1
	scale<0.080000,0.200000,0.300000>
	matrix <0.597585, 0.798902, 0.068176,
		0.135824, -0.184663, 0.973371,
		0.790218, -0.572412, -0.218862,
		28.042061, 37.097759, 33.197845>
	pigment { color rgbt <0,1,1,0> }
	no_shadow
}
cylinder {
	<27.836355, 37.659950, 33.897720>,  <27.488909, 37.498447, 33.351048>, 0.130000
	pigment { color rgbt <1,0,0,0> }
	no_shadow
}

// nucleotide -1

// particle -1
sphere {
	<27.836355, 37.659950, 33.897720> 0.250000
	pigment { color rgbt <1,0,0,0> }
	no_shadow
}
cylinder {
	<28.072229, 37.519337, 33.606873>,  <28.213755, 37.434971, 33.432365>, 0.100000
	pigment { color rgbt <1,0,0,0> }
	no_shadow
}
cylinder {
	<28.072229, 37.519337, 33.606873>,  <27.836355, 37.659950, 33.897720>, 0.100000
	pigment { color rgbt <1,0,0,0> }
	no_shadow
}

// particle -1
sphere {
	<28.072229, 37.519337, 33.606873> 0.100000
	pigment { color rgbt <1,0,0,0> }
	no_shadow
}
sphere {
	0, 1
	scale<0.080000,0.200000,0.300000>
	matrix <0.472382, 0.880368, -0.042524,
		0.655077, -0.318401, 0.685197,
		0.589686, -0.351531, -0.727115,
		28.249134, 37.413876, 33.388737>
	pigment { color rgbt <0,1,1,0> }
	no_shadow
}
cylinder {
	<28.477415, 37.982677, 34.021427>,  <27.836355, 37.659950, 33.897720>, 0.130000
	pigment { color rgbt <1,0,0,0> }
	no_shadow
}

// nucleotide -1

// particle -1
sphere {
	<28.477415, 37.982677, 34.021427> 0.250000
	pigment { color rgbt <1,0,0,0> }
	no_shadow
}
cylinder {
	<28.548641, 37.826122, 33.660294>,  <28.591377, 37.732189, 33.443615>, 0.100000
	pigment { color rgbt <1,0,0,0> }
	no_shadow
}
cylinder {
	<28.548641, 37.826122, 33.660294>,  <28.477415, 37.982677, 34.021427>, 0.100000
	pigment { color rgbt <1,0,0,0> }
	no_shadow
}

// particle -1
sphere {
	<28.548641, 37.826122, 33.660294> 0.100000
	pigment { color rgbt <1,0,0,0> }
	no_shadow
}
sphere {
	0, 1
	scale<0.080000,0.200000,0.300000>
	matrix <0.494109, 0.829005, -0.261931,
		0.850970, -0.399458, 0.341004,
		0.178063, -0.391388, -0.902834,
		28.602060, 37.708706, 33.389442>
	pigment { color rgbt <0,1,1,0> }
	no_shadow
}
cylinder {
	<29.153883, 38.094749, 33.949104>,  <28.477415, 37.982677, 34.021427>, 0.130000
	pigment { color rgbt <1,0,0,0> }
	no_shadow
}

// nucleotide -1

// particle -1
sphere {
	<29.153883, 38.094749, 33.949104> 0.250000
	pigment { color rgbt <1,0,0,0> }
	no_shadow
}
cylinder {
	<29.020029, 38.059639, 33.573803>,  <28.939716, 38.038570, 33.348621>, 0.100000
	pigment { color rgbt <1,0,0,0> }
	no_shadow
}
cylinder {
	<29.020029, 38.059639, 33.573803>,  <29.153883, 38.094749, 33.949104>, 0.100000
	pigment { color rgbt <1,0,0,0> }
	no_shadow
}

// particle -1
sphere {
	<29.020029, 38.059639, 33.573803> 0.100000
	pigment { color rgbt <1,0,0,0> }
	no_shadow
}
sphere {
	0, 1
	scale<0.080000,0.200000,0.300000>
	matrix <0.539836, 0.798231, -0.267214,
		0.772398, -0.595921, -0.219727,
		-0.334631, -0.087779, -0.938252,
		28.919640, 38.033306, 33.292328>
	pigment { color rgbt <0,1,1,0> }
	no_shadow
}
cylinder {
	<29.790953, 38.240894, 33.407722>,  <29.153883, 38.094749, 33.949104>, 0.130000
	pigment { color rgbt <1,0,0,0> }
	no_shadow
}

// nucleotide -1

// particle -1
sphere {
	<29.790953, 38.240894, 33.407722> 0.250000
	pigment { color rgbt <1,0,0,0> }
	no_shadow
}
cylinder {
	<29.463106, 38.319447, 33.192440>,  <29.266397, 38.366577, 33.063271>, 0.100000
	pigment { color rgbt <1,0,0,0> }
	no_shadow
}
cylinder {
	<29.463106, 38.319447, 33.192440>,  <29.790953, 38.240894, 33.407722>, 0.100000
	pigment { color rgbt <1,0,0,0> }
	no_shadow
}

// particle -1
sphere {
	<29.463106, 38.319447, 33.192440> 0.100000
	pigment { color rgbt <1,0,0,0> }
	no_shadow
}
sphere {
	0, 1
	scale<0.080000,0.200000,0.300000>
	matrix <0.459128, 0.787045, -0.412022,
		0.342676, -0.584804, -0.735239,
		-0.819618, 0.196379, -0.538202,
		29.217220, 38.378361, 33.030979>
	pigment { color rgbt <0,1,1,0> }
	no_shadow
}
cylinder {
	<29.978830, 38.385052, 32.689228>,  <29.790953, 38.240894, 33.407722>, 0.130000
	pigment { color rgbt <1,0,0,0> }
	no_shadow
}

// nucleotide -1

// particle -1
sphere {
	<29.978830, 38.385052, 32.689228> 0.250000
	pigment { color rgbt <1,0,0,0> }
	no_shadow
}
cylinder {
	<29.620789, 38.559875, 32.724461>,  <29.405964, 38.664772, 32.745602>, 0.100000
	pigment { color rgbt <1,0,0,0> }
	no_shadow
}
cylinder {
	<29.620789, 38.559875, 32.724461>,  <29.978830, 38.385052, 32.689228>, 0.100000
	pigment { color rgbt <1,0,0,0> }
	no_shadow
}

// particle -1
sphere {
	<29.620789, 38.559875, 32.724461> 0.100000
	pigment { color rgbt <1,0,0,0> }
	no_shadow
}
sphere {
	0, 1
	scale<0.080000,0.200000,0.300000>
	matrix <0.331085, 0.783914, -0.525225,
		-0.298608, -0.440969, -0.846392,
		-0.895107, 0.437064, 0.088085,
		29.352257, 38.690994, 32.750885>
	pigment { color rgbt <0,1,1,0> }
	no_shadow
}
cylinder {
	<29.841848, 38.584991, 32.039673>,  <29.978830, 38.385052, 32.689228>, 0.130000
	pigment { color rgbt <1,0,0,0> }
	no_shadow
}

// nucleotide -1

// particle -1
sphere {
	<29.841848, 38.584991, 32.039673> 0.250000
	pigment { color rgbt <1,0,0,0> }
	no_shadow
}
cylinder {
	<29.594713, 38.787075, 32.280682>,  <29.446432, 38.908325, 32.425289>, 0.100000
	pigment { color rgbt <1,0,0,0> }
	no_shadow
}
cylinder {
	<29.594713, 38.787075, 32.280682>,  <29.841848, 38.584991, 32.039673>, 0.100000
	pigment { color rgbt <1,0,0,0> }
	no_shadow
}

// particle -1
sphere {
	<29.594713, 38.787075, 32.280682> 0.100000
	pigment { color rgbt <1,0,0,0> }
	no_shadow
}
sphere {
	0, 1
	scale<0.080000,0.200000,0.300000>
	matrix <0.244763, 0.851772, -0.463222,
		-0.747240, -0.138721, -0.649915,
		-0.617838, 0.505213, 0.602524,
		29.409361, 38.938641, 32.461437>
	pigment { color rgbt <0,1,1,0> }
	no_shadow
}
cylinder {
	<29.705597, 39.116978, 31.587652>,  <29.841848, 38.584991, 32.039673>, 0.130000
	pigment { color rgbt <1,0,0,0> }
	no_shadow
}

// nucleotide -1

// particle -1
sphere {
	<29.705597, 39.116978, 31.587652> 0.250000
	pigment { color rgbt <1,0,0,0> }
	no_shadow
}
cylinder {
	<29.592604, 39.257023, 31.944891>,  <29.524807, 39.341049, 32.159233>, 0.100000
	pigment { color rgbt <1,0,0,0> }
	no_shadow
}
cylinder {
	<29.592604, 39.257023, 31.944891>,  <29.705597, 39.116978, 31.587652>, 0.100000
	pigment { color rgbt <1,0,0,0> }
	no_shadow
}

// particle -1
sphere {
	<29.592604, 39.257023, 31.944891> 0.100000
	pigment { color rgbt <1,0,0,0> }
	no_shadow
}
sphere {
	0, 1
	scale<0.080000,0.200000,0.300000>
	matrix <0.286484, 0.919319, -0.269777,
		-0.915495, 0.179651, -0.359993,
		-0.282483, 0.350111, 0.893099,
		29.507858, 39.362057, 32.212822>
	pigment { color rgbt <0,1,1,0> }
	no_shadow
}
cylinder {
	<29.430447, 39.785694, 31.449461>,  <29.705597, 39.116978, 31.587652>, 0.130000
	pigment { color rgbt <1,0,0,0> }
	no_shadow
}

// nucleotide -1

// particle -1
sphere {
	<29.430447, 39.785694, 31.449461> 0.250000
	pigment { color rgbt <1,0,0,0> }
	no_shadow
}
cylinder {
	<29.510290, 39.785370, 31.841412>,  <29.558197, 39.785175, 32.076580>, 0.100000
	pigment { color rgbt <1,0,0,0> }
	no_shadow
}
cylinder {
	<29.510290, 39.785370, 31.841412>,  <29.430447, 39.785694, 31.449461>, 0.100000
	pigment { color rgbt <1,0,0,0> }
	no_shadow
}

// particle -1
sphere {
	<29.510290, 39.785370, 31.841412> 0.100000
	pigment { color rgbt <1,0,0,0> }
	no_shadow
}
sphere {
	0, 1
	scale<0.080000,0.200000,0.300000>
	matrix <0.378823, 0.922309, -0.076407,
		-0.903686, 0.386451, 0.184409,
		0.199610, -0.000811, 0.979875,
		29.570173, 39.785126, 32.135376>
	pigment { color rgbt <0,1,1,0> }
	no_shadow
}
cylinder {
	<29.078917, 40.397774, 31.666756>,  <29.430447, 39.785694, 31.449461>, 0.130000
	pigment { color rgbt <1,0,0,0> }
	no_shadow
}

// nucleotide -1

// particle -1
sphere {
	<29.078917, 40.397774, 31.666756> 0.250000
	pigment { color rgbt <1,0,0,0> }
	no_shadow
}
cylinder {
	<29.379139, 40.291805, 31.908907>,  <29.559273, 40.228226, 32.054199>, 0.100000
	pigment { color rgbt <1,0,0,0> }
	no_shadow
}
cylinder {
	<29.379139, 40.291805, 31.908907>,  <29.078917, 40.397774, 31.666756>, 0.100000
	pigment { color rgbt <1,0,0,0> }
	no_shadow
}

// particle -1
sphere {
	<29.379139, 40.291805, 31.908907> 0.100000
	pigment { color rgbt <1,0,0,0> }
	no_shadow
}
sphere {
	0, 1
	scale<0.080000,0.200000,0.300000>
	matrix <0.520100, 0.801951, -0.293889,
		-0.407628, 0.535438, 0.739693,
		0.750557, -0.264917, 0.605379,
		29.604305, 40.212330, 32.090519>
	pigment { color rgbt <0,1,1,0> }
	no_shadow
}
cylinder {
	<29.223764, 41.040279, 32.093216>,  <29.078917, 40.397774, 31.666756>, 0.130000
	pigment { color rgbt <1,0,0,0> }
	no_shadow
}

// nucleotide -1

// particle -1
sphere {
	<29.223764, 41.040279, 32.093216> 0.250000
	pigment { color rgbt <1,0,0,0> }
	no_shadow
}
cylinder {
	<29.530355, 40.793747, 32.165489>,  <29.714310, 40.645828, 32.208855>, 0.100000
	pigment { color rgbt <1,0,0,0> }
	no_shadow
}
cylinder {
	<29.530355, 40.793747, 32.165489>,  <29.223764, 41.040279, 32.093216>, 0.100000
	pigment { color rgbt <1,0,0,0> }
	no_shadow
}

// particle -1
sphere {
	<29.530355, 40.793747, 32.165489> 0.100000
	pigment { color rgbt <1,0,0,0> }
	no_shadow
}
sphere {
	0, 1
	scale<0.080000,0.200000,0.300000>
	matrix <0.631661, 0.672449, -0.385766,
		0.116260, 0.409812, 0.904731,
		0.766477, -0.616333, 0.180683,
		29.760298, 40.608849, 32.219696>
	pigment { color rgbt <0,1,1,0> }
	no_shadow
}
cylinder {
	<29.820026, 41.426041, 32.341549>,  <29.223764, 41.040279, 32.093216>, 0.130000
	pigment { color rgbt <1,0,0,0> }
	no_shadow
}

// nucleotide -1

// particle -1
sphere {
	<29.820026, 41.426041, 32.341549> 0.250000
	pigment { color rgbt <1,0,0,0> }
	no_shadow
}
cylinder {
	<29.979471, 41.119644, 32.139812>,  <30.075138, 40.935806, 32.018768>, 0.100000
	pigment { color rgbt <1,0,0,0> }
	no_shadow
}
cylinder {
	<29.979471, 41.119644, 32.139812>,  <29.820026, 41.426041, 32.341549>, 0.100000
	pigment { color rgbt <1,0,0,0> }
	no_shadow
}

// particle -1
sphere {
	<29.979471, 41.119644, 32.139812> 0.100000
	pigment { color rgbt <1,0,0,0> }
	no_shadow
}
sphere {
	0, 1
	scale<0.080000,0.200000,0.300000>
	matrix <0.663672, 0.620461, -0.417814,
		0.632968, -0.168173, 0.755691,
		0.398612, -0.765993, -0.504344,
		30.099054, 40.889847, 31.988510>
	pigment { color rgbt <0,1,1,0> }
	no_shadow
}
cylinder {
	<30.622440, 41.399891, 32.334408>,  <29.820026, 41.426041, 32.341549>, 0.130000
	pigment { color rgbt <1,0,0,0> }
	no_shadow
}

// nucleotide -1

// particle -1
sphere {
	<30.622440, 41.399891, 32.334408> 0.250000
	pigment { color rgbt <1,0,0,0> }
	no_shadow
}
cylinder {
	<30.493204, 41.191475, 32.018398>,  <30.415663, 41.066425, 31.828794>, 0.100000
	pigment { color rgbt <1,0,0,0> }
	no_shadow
}
cylinder {
	<30.493204, 41.191475, 32.018398>,  <30.622440, 41.399891, 32.334408>, 0.100000
	pigment { color rgbt <1,0,0,0> }
	no_shadow
}

// particle -1
sphere {
	<30.493204, 41.191475, 32.018398> 0.100000
	pigment { color rgbt <1,0,0,0> }
	no_shadow
}
sphere {
	0, 1
	scale<0.080000,0.200000,0.300000>
	matrix <0.756540, 0.359324, -0.546383,
		0.568560, -0.774212, 0.278093,
		-0.323091, -0.521039, -0.790019,
		30.396276, 41.035164, 31.781393>
	pigment { color rgbt <0,1,1,0> }
	no_shadow
}
cylinder {
	<31.036087, 41.085171, 31.926956>,  <30.622440, 41.399891, 32.334408>, 0.130000
	pigment { color rgbt <1,0,0,0> }
	no_shadow
}

// nucleotide -1

// particle -1
sphere {
	<31.036087, 41.085171, 31.926956> 0.250000
	pigment { color rgbt <1,0,0,0> }
	no_shadow
}
cylinder {
	<30.758789, 41.131874, 31.642483>,  <30.592411, 41.159897, 31.471798>, 0.100000
	pigment { color rgbt <1,0,0,0> }
	no_shadow
}
cylinder {
	<30.758789, 41.131874, 31.642483>,  <31.036087, 41.085171, 31.926956>, 0.100000
	pigment { color rgbt <1,0,0,0> }
	no_shadow
}

// particle -1
sphere {
	<30.758789, 41.131874, 31.642483> 0.100000
	pigment { color rgbt <1,0,0,0> }
	no_shadow
}
sphere {
	0, 1
	scale<0.080000,0.200000,0.300000>
	matrix <0.678360, 0.438968, -0.589181,
		0.243394, -0.890884, -0.383516,
		-0.693243, 0.116758, -0.711183,
		30.550816, 41.166901, 31.429129>
	pigment { color rgbt <0,1,1,0> }
	no_shadow
}
cylinder {
	<31.660522, 40.883461, 31.795052>,  <31.036087, 41.085171, 31.926956>, 0.130000
	pigment { color rgbt <1,0,0,0> }
	no_shadow
}

// nucleotide -1

// particle -1
sphere {
	<31.660522, 40.883461, 31.795052> 0.250000
	pigment { color rgbt <1,0,0,0> }
	no_shadow
}
cylinder {
	<31.891005, 41.076294, 31.531057>,  <32.029293, 41.191994, 31.372662>, 0.100000
	pigment { color rgbt <1,0,0,0> }
	no_shadow
}
cylinder {
	<31.891005, 41.076294, 31.531057>,  <31.660522, 40.883461, 31.795052>, 0.100000
	pigment { color rgbt <1,0,0,0> }
	no_shadow
}

// particle -1
sphere {
	<31.891005, 41.076294, 31.531057> 0.100000
	pigment { color rgbt <1,0,0,0> }
	no_shadow
}
sphere {
	0, 1
	scale<0.080000,0.200000,0.300000>
	matrix <-0.235117, -0.675605, -0.698769,
		-0.782755, 0.557809, -0.275941,
		0.576207, 0.482086, -0.659984,
		32.063866, 41.220921, 31.333063>
	pigment { color rgbt <0,1,1,0> }
	no_shadow
}
cylinder {
	<31.317142, 41.119667, 31.229385>,  <31.660522, 40.883461, 31.795052>, 0.130000
	pigment { color rgbt <1,0,0,0> }
	no_shadow
}

// nucleotide -1

// particle -1
sphere {
	<31.317142, 41.119667, 31.229385> 0.250000
	pigment { color rgbt <1,0,0,0> }
	no_shadow
}
cylinder {
	<31.689863, 41.014709, 31.129068>,  <31.913496, 40.951736, 31.068878>, 0.100000
	pigment { color rgbt <1,0,0,0> }
	no_shadow
}
cylinder {
	<31.689863, 41.014709, 31.129068>,  <31.317142, 41.119667, 31.229385>, 0.100000
	pigment { color rgbt <1,0,0,0> }
	no_shadow
}

// particle -1
sphere {
	<31.689863, 41.014709, 31.129068> 0.100000
	pigment { color rgbt <1,0,0,0> }
	no_shadow
}
sphere {
	0, 1
	scale<0.080000,0.200000,0.300000>
	matrix <-0.362574, -0.705073, -0.609436,
		-0.016917, 0.658805, -0.752124,
		0.931801, -0.262391, -0.250794,
		31.969404, 40.935993, 31.053831>
	pigment { color rgbt <0,1,1,0> }
	no_shadow
}
cylinder {
	<31.276871, 40.894947, 30.486469>,  <31.317142, 41.119667, 31.229385>, 0.130000
	pigment { color rgbt <1,0,0,0> }
	no_shadow
}

// nucleotide -1

// particle -1
sphere {
	<31.276871, 40.894947, 30.486469> 0.250000
	pigment { color rgbt <1,0,0,0> }
	no_shadow
}
cylinder {
	<31.619354, 40.755795, 30.639250>,  <31.824844, 40.672302, 30.730919>, 0.100000
	pigment { color rgbt <1,0,0,0> }
	no_shadow
}
cylinder {
	<31.619354, 40.755795, 30.639250>,  <31.276871, 40.894947, 30.486469>, 0.100000
	pigment { color rgbt <1,0,0,0> }
	no_shadow
}

// particle -1
sphere {
	<31.619354, 40.755795, 30.639250> 0.100000
	pigment { color rgbt <1,0,0,0> }
	no_shadow
}
sphere {
	0, 1
	scale<0.080000,0.200000,0.300000>
	matrix <-0.055867, -0.797322, -0.600963,
		0.513602, 0.493211, -0.702108,
		0.856208, -0.347880, 0.381952,
		31.876217, 40.651432, 30.753836>
	pigment { color rgbt <0,1,1,0> }
	no_shadow
}
cylinder {
	<31.789070, 40.711193, 29.942900>,  <31.276871, 40.894947, 30.486469>, 0.130000
	pigment { color rgbt <1,0,0,0> }
	no_shadow
}

// nucleotide -1

// particle -1
sphere {
	<31.789070, 40.711193, 29.942900> 0.250000
	pigment { color rgbt <1,0,0,0> }
	no_shadow
}
cylinder {
	<31.827446, 40.482635, 30.268921>,  <31.850471, 40.345501, 30.464533>, 0.100000
	pigment { color rgbt <1,0,0,0> }
	no_shadow
}
cylinder {
	<31.827446, 40.482635, 30.268921>,  <31.789070, 40.711193, 29.942900>, 0.100000
	pigment { color rgbt <1,0,0,0> }
	no_shadow
}

// particle -1
sphere {
	<31.827446, 40.482635, 30.268921> 0.100000
	pigment { color rgbt <1,0,0,0> }
	no_shadow
}
sphere {
	0, 1
	scale<0.080000,0.200000,0.300000>
	matrix <0.045439, -0.815460, -0.577027,
		0.994350, 0.092395, -0.052271,
		0.095939, -0.571391, 0.815051,
		31.856228, 40.311218, 30.513435>
	pigment { color rgbt <0,1,1,0> }
	no_shadow
}
cylinder {
	<32.283920, 40.258236, 29.892012>,  <31.789070, 40.711193, 29.942900>, 0.130000
	pigment { color rgbt <1,0,0,0> }
	no_shadow
}

// nucleotide -1

// particle -1
sphere {
	<32.283920, 40.258236, 29.892012> 0.250000
	pigment { color rgbt <1,0,0,0> }
	no_shadow
}
cylinder {
	<32.067886, 40.043320, 30.151127>,  <31.938267, 39.914371, 30.306595>, 0.100000
	pigment { color rgbt <1,0,0,0> }
	no_shadow
}
cylinder {
	<32.067886, 40.043320, 30.151127>,  <32.283920, 40.258236, 29.892012>, 0.100000
	pigment { color rgbt <1,0,0,0> }
	no_shadow
}

// particle -1
sphere {
	<32.067886, 40.043320, 30.151127> 0.100000
	pigment { color rgbt <1,0,0,0> }
	no_shadow
}
sphere {
	0, 1
	scale<0.080000,0.200000,0.300000>
	matrix <0.171644, -0.823841, -0.540208,
		0.823922, -0.180570, 0.537167,
		-0.540085, -0.537290, 0.647787,
		31.905861, 39.882133, 30.345463>
	pigment { color rgbt <0,1,1,0> }
	no_shadow
}
cylinder {
	<32.662125, 39.735573, 30.172388>,  <32.283920, 40.258236, 29.892012>, 0.130000
	pigment { color rgbt <1,0,0,0> }
	no_shadow
}

// nucleotide -1

// particle -1
sphere {
	<32.662125, 39.735573, 30.172388> 0.250000
	pigment { color rgbt <1,0,0,0> }
	no_shadow
}
cylinder {
	<32.273621, 39.658627, 30.116302>,  <32.040520, 39.612461, 30.082651>, 0.100000
	pigment { color rgbt <1,0,0,0> }
	no_shadow
}
cylinder {
	<32.273621, 39.658627, 30.116302>,  <32.662125, 39.735573, 30.172388>, 0.100000
	pigment { color rgbt <1,0,0,0> }
	no_shadow
}

// particle -1
sphere {
	<32.273621, 39.658627, 30.116302> 0.100000
	pigment { color rgbt <1,0,0,0> }
	no_shadow
}
sphere {
	0, 1
	scale<0.080000,0.200000,0.300000>
	matrix <0.237984, -0.797345, -0.554621,
		-0.005110, -0.572047, 0.820205,
		-0.971256, -0.192361, -0.140213,
		31.982244, 39.600918, 30.074238>
	pigment { color rgbt <0,1,1,0> }
	no_shadow
}
cylinder {
	<32.361912, 39.126369, 30.367458>,  <32.662125, 39.735573, 30.172388>, 0.130000
	pigment { color rgbt <1,0,0,0> }
	no_shadow
}

// nucleotide -1

// particle -1
sphere {
	<32.361912, 39.126369, 30.367458> 0.250000
	pigment { color rgbt <1,0,0,0> }
	no_shadow
}
cylinder {
	<32.198990, 39.265247, 30.029570>,  <32.101238, 39.348576, 29.826836>, 0.100000
	pigment { color rgbt <1,0,0,0> }
	no_shadow
}
cylinder {
	<32.198990, 39.265247, 30.029570>,  <32.361912, 39.126369, 30.367458>, 0.100000
	pigment { color rgbt <1,0,0,0> }
	no_shadow
}

// particle -1
sphere {
	<32.198990, 39.265247, 30.029570> 0.100000
	pigment { color rgbt <1,0,0,0> }
	no_shadow
}
sphere {
	0, 1
	scale<0.080000,0.200000,0.300000>
	matrix <0.440568, -0.735493, -0.514733,
		-0.800003, -0.581810, 0.146603,
		-0.407302, 0.347199, -0.844723,
		32.076797, 39.369408, 29.776154>
	pigment { color rgbt <0,1,1,0> }
	no_shadow
}
cylinder {
	<32.176579, 38.649181, 30.023338>,  <32.361912, 39.126369, 30.367458>, 0.130000
	pigment { color rgbt <1,0,0,0> }
	no_shadow
}

// nucleotide -1

// particle -1
sphere {
	<32.176579, 38.649181, 30.023338> 0.250000
	pigment { color rgbt <1,0,0,0> }
	no_shadow
}
cylinder {
	<32.192688, 38.912132, 29.722345>,  <32.202354, 39.069904, 29.541750>, 0.100000
	pigment { color rgbt <1,0,0,0> }
	no_shadow
}
cylinder {
	<32.192688, 38.912132, 29.722345>,  <32.176579, 38.649181, 30.023338>, 0.100000
	pigment { color rgbt <1,0,0,0> }
	no_shadow
}

// particle -1
sphere {
	<32.192688, 38.912132, 29.722345> 0.100000
	pigment { color rgbt <1,0,0,0> }
	no_shadow
}
sphere {
	0, 1
	scale<0.080000,0.200000,0.300000>
	matrix <0.317678, -0.722439, -0.614135,
		-0.947343, -0.214315, -0.237929,
		0.040271, 0.657381, -0.752481,
		32.204769, 39.109348, 29.496601>
	pigment { color rgbt <0,1,1,0> }
	no_shadow
}
cylinder {
	<31.632557, 38.291836, 30.350311>,  <32.176579, 38.649181, 30.023338>, 0.130000
	pigment { color rgbt <1,0,0,0> }
	no_shadow
}

// nucleotide -1

// particle -1
sphere {
	<31.632557, 38.291836, 30.350311> 0.250000
	pigment { color rgbt <1,0,0,0> }
	no_shadow
}
cylinder {
	<31.314259, 38.162323, 30.145584>,  <31.123280, 38.084618, 30.022747>, 0.100000
	pigment { color rgbt <1,0,0,0> }
	no_shadow
}
cylinder {
	<31.314259, 38.162323, 30.145584>,  <31.632557, 38.291836, 30.350311>, 0.100000
	pigment { color rgbt <1,0,0,0> }
	no_shadow
}

// particle -1
sphere {
	<31.314259, 38.162323, 30.145584> 0.100000
	pigment { color rgbt <1,0,0,0> }
	no_shadow
}
sphere {
	0, 1
	scale<0.080000,0.200000,0.300000>
	matrix <-0.333428, -0.471282, 0.816529,
		-0.505584, 0.820403, 0.267064,
		-0.795745, -0.323777, -0.511818,
		31.075535, 38.065189, 29.992039>
	pigment { color rgbt <0,1,1,0> }
	no_shadow
}
cylinder {
	<31.046679, 38.336208, 30.815638>,  <31.632557, 38.291836, 30.350311>, 0.130000
	pigment { color rgbt <1,0,0,0> }
	no_shadow
}

// nucleotide -1

// particle -1
sphere {
	<31.046679, 38.336208, 30.815638> 0.250000
	pigment { color rgbt <1,0,0,0> }
	no_shadow
}
cylinder {
	<30.942377, 38.078293, 30.528234>,  <30.879797, 37.923542, 30.355793>, 0.100000
	pigment { color rgbt <1,0,0,0> }
	no_shadow
}
cylinder {
	<30.942377, 38.078293, 30.528234>,  <31.046679, 38.336208, 30.815638>, 0.100000
	pigment { color rgbt <1,0,0,0> }
	no_shadow
}

// particle -1
sphere {
	<30.942377, 38.078293, 30.528234> 0.100000
	pigment { color rgbt <1,0,0,0> }
	no_shadow
}
sphere {
	0, 1
	scale<0.080000,0.200000,0.300000>
	matrix <-0.522815, -0.531360, 0.666574,
		-0.811586, 0.549459, -0.198552,
		-0.260753, -0.644788, -0.718510,
		30.864151, 37.884857, 30.312681>
	pigment { color rgbt <0,1,1,0> }
	no_shadow
}
cylinder {
	<30.402359, 38.259026, 30.894159>,  <31.046679, 38.336208, 30.815638>, 0.130000
	pigment { color rgbt <1,0,0,0> }
	no_shadow
}

// nucleotide -1

// particle -1
sphere {
	<30.402359, 38.259026, 30.894159> 0.250000
	pigment { color rgbt <1,0,0,0> }
	no_shadow
}
cylinder {
	<30.539005, 37.939987, 30.695305>,  <30.620993, 37.748566, 30.575993>, 0.100000
	pigment { color rgbt <1,0,0,0> }
	no_shadow
}
cylinder {
	<30.539005, 37.939987, 30.695305>,  <30.402359, 38.259026, 30.894159>, 0.100000
	pigment { color rgbt <1,0,0,0> }
	no_shadow
}

// particle -1
sphere {
	<30.539005, 37.939987, 30.695305> 0.100000
	pigment { color rgbt <1,0,0,0> }
	no_shadow
}
sphere {
	0, 1
	scale<0.080000,0.200000,0.300000>
	matrix <-0.357207, -0.599450, 0.716284,
		-0.869311, -0.067113, -0.489688,
		0.341616, -0.797593, -0.497135,
		30.641489, 37.700710, 30.546164>
	pigment { color rgbt <0,1,1,0> }
	no_shadow
}
cylinder {
	<29.818621, 37.719707, 30.868576>,  <30.402359, 38.259026, 30.894159>, 0.130000
	pigment { color rgbt <1,0,0,0> }
	no_shadow
}

// nucleotide -1

// particle -1
sphere {
	<29.818621, 37.719707, 30.868576> 0.250000
	pigment { color rgbt <1,0,0,0> }
	no_shadow
}
cylinder {
	<30.131687, 37.488678, 30.775766>,  <30.319527, 37.350060, 30.720081>, 0.100000
	pigment { color rgbt <1,0,0,0> }
	no_shadow
}
cylinder {
	<30.131687, 37.488678, 30.775766>,  <29.818621, 37.719707, 30.868576>, 0.100000
	pigment { color rgbt <1,0,0,0> }
	no_shadow
}

// particle -1
sphere {
	<30.131687, 37.488678, 30.775766> 0.100000
	pigment { color rgbt <1,0,0,0> }
	no_shadow
}
sphere {
	0, 1
	scale<0.080000,0.200000,0.300000>
	matrix <-0.362596, -0.726058, 0.584263,
		-0.505920, -0.373153, -0.777690,
		0.782668, -0.577578, -0.232023,
		30.366488, 37.315403, 30.706160>
	pigment { color rgbt <0,1,1,0> }
	no_shadow
}
cylinder {
	<29.558178, 37.018890, 30.739143>,  <29.818621, 37.719707, 30.868576>, 0.130000
	pigment { color rgbt <1,0,0,0> }
	no_shadow
}

// nucleotide -1

// particle -1
sphere {
	<29.558178, 37.018890, 30.739143> 0.250000
	pigment { color rgbt <1,0,0,0> }
	no_shadow
}
cylinder {
	<29.943935, 36.942024, 30.811821>,  <30.175390, 36.895905, 30.855427>, 0.100000
	pigment { color rgbt <1,0,0,0> }
	no_shadow
}
cylinder {
	<29.943935, 36.942024, 30.811821>,  <29.558178, 37.018890, 30.739143>, 0.100000
	pigment { color rgbt <1,0,0,0> }
	no_shadow
}

// particle -1
sphere {
	<29.943935, 36.942024, 30.811821> 0.100000
	pigment { color rgbt <1,0,0,0> }
	no_shadow
}
sphere {
	0, 1
	scale<0.080000,0.200000,0.300000>
	matrix <-0.230841, -0.946908, 0.223779,
		0.129046, -0.257754, -0.957554,
		0.964396, -0.192165, 0.181695,
		30.233253, 36.884377, 30.866329>
	pigment { color rgbt <0,1,1,0> }
	no_shadow
}
cylinder {
	<29.622885, 36.376560, 30.514874>,  <29.558178, 37.018890, 30.739143>, 0.130000
	pigment { color rgbt <1,0,0,0> }
	no_shadow
}

// nucleotide -1

// particle -1
sphere {
	<29.622885, 36.376560, 30.514874> 0.250000
	pigment { color rgbt <1,0,0,0> }
	no_shadow
}
cylinder {
	<29.947298, 36.413452, 30.745947>,  <30.141947, 36.435589, 30.884590>, 0.100000
	pigment { color rgbt <1,0,0,0> }
	no_shadow
}
cylinder {
	<29.947298, 36.413452, 30.745947>,  <29.622885, 36.376560, 30.514874>, 0.100000
	pigment { color rgbt <1,0,0,0> }
	no_shadow
}

// particle -1
sphere {
	<29.947298, 36.413452, 30.745947> 0.100000
	pigment { color rgbt <1,0,0,0> }
	no_shadow
}
sphere {
	0, 1
	scale<0.080000,0.200000,0.300000>
	matrix <-0.223033, -0.864159, 0.451093,
		0.540814, -0.494694, -0.680292,
		0.811034, 0.092230, 0.577683,
		30.190609, 36.441120, 30.919252>
	pigment { color rgbt <0,1,1,0> }
	no_shadow
}
cylinder {
	<29.986904, 35.790165, 30.461493>,  <29.622885, 36.376560, 30.514874>, 0.130000
	pigment { color rgbt <1,0,0,0> }
	no_shadow
}

// nucleotide -1

// particle -1
sphere {
	<29.986904, 35.790165, 30.461493> 0.250000
	pigment { color rgbt <1,0,0,0> }
	no_shadow
}
cylinder {
	<30.138382, 35.946064, 30.797276>,  <30.229269, 36.039604, 30.998745>, 0.100000
	pigment { color rgbt <1,0,0,0> }
	no_shadow
}
cylinder {
	<30.138382, 35.946064, 30.797276>,  <29.986904, 35.790165, 30.461493>, 0.100000
	pigment { color rgbt <1,0,0,0> }
	no_shadow
}

// particle -1
sphere {
	<30.138382, 35.946064, 30.797276> 0.100000
	pigment { color rgbt <1,0,0,0> }
	no_shadow
}
sphere {
	0, 1
	scale<0.080000,0.200000,0.300000>
