// switches for output
#declare DRAW_BASES = 1; // possible values are 0, 1; only relevant for DNA ribbons
#declare DRAW_BASES_TYPE = 3; // possible values are 1, 2, 3; only relevant for DNA ribbons
#declare DRAW_FOG = 0; // set to 1 to enable fog

#include "colors.inc"

#include "transforms.inc"
background { rgb <1, 1, 1>}

#default {
   normal{
       ripples 0.25
       frequency 0.20
       turbulence 0.2
       lambda 5
   }
	finish {
		phong 0.1
		phong_size 40.
	}
}

// original window dimensions: 1024x640


// camera settings

camera {
	sky <0, 0.179814, -0.983701>
	up <0, 0.179814, -0.983701>
	right 1.6 * <1, 0, 0>
	location <35, 94.9851, 44.8844>
	look_at <35, 29.7336, 32.9568>
	direction <0, -65.2515, -11.9276>
	angle 67.0682
}


# declare cpy_camera_pos = <35, 94.9851, 44.8844>;
# if (DRAW_FOG = 1)
fog {
	fog_type 2
	up vnormalize(cpy_camera_pos)
	color rgbt<1,1,1,0.3>
	distance 1e-5
	fog_alt 3e-3
	fog_offset 56
}
# end


// LIGHTS

# declare lum = 6;
global_settings {
	ambient_light rgb lum * <0.05, 0.05, 0.05>
	max_trace_level 15
}# declare cpy_direct_light_amount = 0.25;
light_source
{	1000 * <-1, -1.16352, -0.803886>,
	rgb lum * cpy_direct_light_amount
	parallel
}

light_source
{	1000 * <1, 1.16352, 0.803886>,
	rgb lum * cpy_direct_light_amount
	parallel
}

// strand 0

// nucleotide -1

// particle -1
sphere {
	<24.245907, 35.298843, 35.455845> 0.250000
	pigment { color rgbt <1,0,0,0> }
	no_shadow
}
cylinder {
	<24.236542, 35.090492, 35.114521>,  <24.230923, 34.965481, 34.909725>, 0.100000
	pigment { color rgbt <1,0,0,0> }
	no_shadow
}
cylinder {
	<24.236542, 35.090492, 35.114521>,  <24.245907, 35.298843, 35.455845>, 0.100000
	pigment { color rgbt <1,0,0,0> }
	no_shadow
}

// particle -1
sphere {
	<24.236542, 35.090492, 35.114521> 0.100000
	pigment { color rgbt <1,0,0,0> }
	no_shadow
}
sphere {
	0, 1
	scale<0.080000,0.200000,0.300000>
	matrix <0.912253, -0.360291, 0.194897,
		-0.408958, -0.773872, 0.483607,
		-0.023414, -0.520877, -0.853311,
		24.229517, 34.934231, 34.858528>
	pigment { color rgbt <0,1,1,0> }
	no_shadow
}
cylinder {
	<24.379482, 34.589993, 35.753273>,  <24.245907, 35.298843, 35.455845>, 0.130000
	pigment { color rgbt <1,0,0,0> }
	no_shadow
}

// nucleotide -1

// particle -1
sphere {
	<24.379482, 34.589993, 35.753273> 0.250000
	pigment { color rgbt <1,0,0,0> }
	no_shadow
}
cylinder {
	<24.499451, 34.723370, 35.395756>,  <24.571432, 34.803398, 35.181248>, 0.100000
	pigment { color rgbt <1,0,0,0> }
	no_shadow
}
cylinder {
	<24.499451, 34.723370, 35.395756>,  <24.379482, 34.589993, 35.753273>, 0.100000
	pigment { color rgbt <1,0,0,0> }
	no_shadow
}

// particle -1
sphere {
	<24.499451, 34.723370, 35.395756> 0.100000
	pigment { color rgbt <1,0,0,0> }
	no_shadow
}
sphere {
	0, 1
	scale<0.080000,0.200000,0.300000>
	matrix <0.953590, -0.131001, 0.271118,
		-0.026685, -0.933623, -0.357262,
		0.299923, 0.333447, -0.893789,
		24.589428, 34.823402, 35.127621>
	pigment { color rgbt <0,1,1,0> }
	no_shadow
}
cylinder {
	<24.967920, 34.195419, 35.593437>,  <24.379482, 34.589993, 35.753273>, 0.130000
	pigment { color rgbt <1,0,0,0> }
	no_shadow
}

// nucleotide -1

// particle -1
sphere {
	<24.967920, 34.195419, 35.593437> 0.250000
	pigment { color rgbt <1,0,0,0> }
	no_shadow
}
cylinder {
	<24.982941, 34.497116, 35.331226>,  <24.991953, 34.678135, 35.173901>, 0.100000
	pigment { color rgbt <1,0,0,0> }
	no_shadow
}
cylinder {
	<24.982941, 34.497116, 35.331226>,  <24.967920, 34.195419, 35.593437>, 0.100000
	pigment { color rgbt <1,0,0,0> }
	no_shadow
}

// particle -1
sphere {
	<24.982941, 34.497116, 35.331226> 0.100000
	pigment { color rgbt <1,0,0,0> }
	no_shadow
}
sphere {
	0, 1
	scale<0.080000,0.200000,0.300000>
	matrix <0.974117, 0.118695, 0.192371,
		0.222901, -0.645781, -0.730261,
		0.037552, 0.754240, -0.655524,
		24.994205, 34.723389, 35.134567>
	pigment { color rgbt <0,1,1,0> }
	no_shadow
}
cylinder {
	<25.699141, 34.219116, 35.849010>,  <24.967920, 34.195419, 35.593437>, 0.130000
	pigment { color rgbt <1,0,0,0> }
	no_shadow
}

// nucleotide -1

// particle -1
sphere {
	<25.699141, 34.219116, 35.849010> 0.250000
	pigment { color rgbt <1,0,0,0> }
	no_shadow
}
cylinder {
	<26.066566, 34.080971, 35.772110>,  <26.287022, 33.998081, 35.725971>, 0.100000
	pigment { color rgbt <1,0,0,0> }
	no_shadow
}
cylinder {
	<26.066566, 34.080971, 35.772110>,  <25.699141, 34.219116, 35.849010>, 0.100000
	pigment { color rgbt <1,0,0,0> }
	no_shadow
}

// particle -1
sphere {
	<26.066566, 34.080971, 35.772110> 0.100000
	pigment { color rgbt <1,0,0,0> }
	no_shadow
}
sphere {
	0, 1
	scale<0.080000,0.200000,0.300000>
	matrix <-0.378093, -0.909541, -0.172573,
		-0.115256, 0.231206, -0.966054,
		0.918565, -0.345368, -0.192247,
		26.342136, 33.977360, 35.714436>
	pigment { color rgbt <0,1,1,0> }
	no_shadow
}
cylinder {
	<25.624678, 33.864311, 35.185196>,  <25.699141, 34.219116, 35.849010>, 0.130000
	pigment { color rgbt <1,0,0,0> }
	no_shadow
}

// nucleotide -1

// particle -1
sphere {
	<25.624678, 33.864311, 35.185196> 0.250000
	pigment { color rgbt <1,0,0,0> }
	no_shadow
}
cylinder {
	<25.943184, 33.715668, 35.376137>,  <26.134287, 33.626480, 35.490700>, 0.100000
	pigment { color rgbt <1,0,0,0> }
	no_shadow
}
cylinder {
	<25.943184, 33.715668, 35.376137>,  <25.624678, 33.864311, 35.185196>, 0.100000
	pigment { color rgbt <1,0,0,0> }
	no_shadow
}

// particle -1
sphere {
	<25.943184, 33.715668, 35.376137> 0.100000
	pigment { color rgbt <1,0,0,0> }
	no_shadow
}
sphere {
	0, 1
	scale<0.080000,0.200000,0.300000>
	matrix <-0.299719, -0.927768, -0.222295,
		0.525480, 0.033934, -0.850129,
		0.796266, -0.371611, 0.477353,
		26.182064, 33.604183, 35.519344>
	pigment { color rgbt <0,1,1,0> }
	no_shadow
}
cylinder {
	<26.113054, 33.495441, 34.680653>,  <25.624678, 33.864311, 35.185196>, 0.130000
	pigment { color rgbt <1,0,0,0> }
	no_shadow
}

// nucleotide -1

// particle -1
sphere {
	<26.113054, 33.495441, 34.680653> 0.250000
	pigment { color rgbt <1,0,0,0> }
	no_shadow
}
cylinder {
	<26.201962, 33.335651, 35.036407>,  <26.255306, 33.239777, 35.249863>, 0.100000
	pigment { color rgbt <1,0,0,0> }
	no_shadow
}
cylinder {
	<26.201962, 33.335651, 35.036407>,  <26.113054, 33.495441, 34.680653>, 0.100000
	pigment { color rgbt <1,0,0,0> }
	no_shadow
}

// particle -1
sphere {
	<26.201962, 33.335651, 35.036407> 0.100000
	pigment { color rgbt <1,0,0,0> }
	no_shadow
}
sphere {
	0, 1
	scale<0.080000,0.200000,0.300000>
	matrix <-0.145593, -0.915580, -0.374854,
		0.964054, -0.046171, -0.261664,
		0.222266, -0.399476, 0.889391,
		26.268642, 33.215809, 35.303226>
	pigment { color rgbt <0,1,1,0> }
	no_shadow
}
cylinder {
	<26.659658, 33.001720, 34.571926>,  <26.113054, 33.495441, 34.680653>, 0.130000
	pigment { color rgbt <1,0,0,0> }
	no_shadow
}

// nucleotide -1

// particle -1
sphere {
	<26.659658, 33.001720, 34.571926> 0.250000
	pigment { color rgbt <1,0,0,0> }
	no_shadow
}
cylinder {
	<26.472433, 32.889397, 34.907082>,  <26.360098, 32.822002, 35.108177>, 0.100000
	pigment { color rgbt <1,0,0,0> }
	no_shadow
}
cylinder {
	<26.472433, 32.889397, 34.907082>,  <26.659658, 33.001720, 34.571926>, 0.100000
	pigment { color rgbt <1,0,0,0> }
	no_shadow
}

// particle -1
sphere {
	<26.472433, 32.889397, 34.907082> 0.100000
	pigment { color rgbt <1,0,0,0> }
	no_shadow
}
sphere {
	0, 1
	scale<0.080000,0.200000,0.300000>
	matrix <-0.036409, -0.941234, -0.335786,
		0.882946, -0.187675, 0.430331,
		-0.468061, -0.280813, 0.837892,
		26.332014, 32.805153, 35.158451>
	pigment { color rgbt <0,1,1,0> }
	no_shadow
}
cylinder {
	<26.857668, 32.354561, 34.649117>,  <26.659658, 33.001720, 34.571926>, 0.130000
	pigment { color rgbt <1,0,0,0> }
	no_shadow
}

// nucleotide -1

// particle -1
sphere {
	<26.857668, 32.354561, 34.649117> 0.250000
	pigment { color rgbt <1,0,0,0> }
	no_shadow
}
cylinder {
	<26.561785, 32.376732, 34.917374>,  <26.384254, 32.390034, 35.078327>, 0.100000
	pigment { color rgbt <1,0,0,0> }
	no_shadow
}
cylinder {
	<26.561785, 32.376732, 34.917374>,  <26.857668, 32.354561, 34.649117>, 0.100000
	pigment { color rgbt <1,0,0,0> }
	no_shadow
}

// particle -1
sphere {
	<26.561785, 32.376732, 34.917374> 0.100000
	pigment { color rgbt <1,0,0,0> }
	no_shadow
}
sphere {
	0, 1
	scale<0.080000,0.200000,0.300000>
	matrix <-0.212971, -0.964658, -0.155171,
		0.638337, -0.257608, 0.725372,
		-0.739709, 0.055431, 0.670640,
		26.339872, 32.393360, 35.118565>
	pigment { color rgbt <0,1,1,0> }
	no_shadow
}
cylinder {
	<27.002886, 31.832340, 35.098881>,  <26.857668, 32.354561, 34.649117>, 0.130000
	pigment { color rgbt <1,0,0,0> }
	no_shadow
}

// nucleotide -1

// particle -1
sphere {
	<27.002886, 31.832340, 35.098881> 0.250000
	pigment { color rgbt <1,0,0,0> }
	no_shadow
}
cylinder {
	<26.617907, 31.914974, 35.169331>,  <26.386919, 31.964554, 35.211601>, 0.100000
	pigment { color rgbt <1,0,0,0> }
	no_shadow
}
cylinder {
	<26.617907, 31.914974, 35.169331>,  <27.002886, 31.832340, 35.098881>, 0.100000
	pigment { color rgbt <1,0,0,0> }
	no_shadow
}

// particle -1
sphere {
	<26.617907, 31.914974, 35.169331> 0.100000
	pigment { color rgbt <1,0,0,0> }
	no_shadow
}
sphere {
	0, 1
	scale<0.080000,0.200000,0.300000>
	matrix <-0.211374, -0.977367, -0.008678,
		0.170343, -0.045580, 0.984330,
		-0.962447, 0.206583, 0.176122,
		26.329172, 31.976950, 35.222168>
	pigment { color rgbt <0,1,1,0> }
	no_shadow
}
cylinder {
	<26.744101, 31.513144, 35.711811>,  <27.002886, 31.832340, 35.098881>, 0.130000
	pigment { color rgbt <1,0,0,0> }
	no_shadow
}

// nucleotide -1

// particle -1
sphere {
	<26.744101, 31.513144, 35.711811> 0.250000
	pigment { color rgbt <1,0,0,0> }
	no_shadow
}
cylinder {
	<26.415161, 31.558220, 35.488724>,  <26.217798, 31.585266, 35.354874>, 0.100000
	pigment { color rgbt <1,0,0,0> }
	no_shadow
}
cylinder {
	<26.415161, 31.558220, 35.488724>,  <26.744101, 31.513144, 35.711811>, 0.100000
	pigment { color rgbt <1,0,0,0> }
	no_shadow
}

// particle -1
sphere {
	<26.415161, 31.558220, 35.488724> 0.100000
	pigment { color rgbt <1,0,0,0> }
	no_shadow
}
sphere {
	0, 1
	scale<0.080000,0.200000,0.300000>
	matrix <-0.099126, -0.993576, -0.054598,
		-0.560283, 0.010385, 0.828236,
		-0.822348, 0.112690, -0.557714,
		26.168457, 31.592028, 35.321411>
	pigment { color rgbt <0,1,1,0> }
	no_shadow
}
cylinder {
	<26.158018, 30.992144, 35.950562>,  <26.744101, 31.513144, 35.711811>, 0.130000
	pigment { color rgbt <1,0,0,0> }
	no_shadow
}

// nucleotide -1

// particle -1
sphere {
	<26.158018, 30.992144, 35.950562> 0.250000
	pigment { color rgbt <1,0,0,0> }
	no_shadow
}
cylinder {
	<26.050459, 31.113760, 35.584991>,  <25.985924, 31.186729, 35.365650>, 0.100000
	pigment { color rgbt <1,0,0,0> }
	no_shadow
}
cylinder {
	<26.050459, 31.113760, 35.584991>,  <26.158018, 30.992144, 35.950562>, 0.100000
	pigment { color rgbt <1,0,0,0> }
	no_shadow
}

// particle -1
sphere {
	<26.050459, 31.113760, 35.584991> 0.100000
	pigment { color rgbt <1,0,0,0> }
	no_shadow
}
sphere {
	0, 1
	scale<0.080000,0.200000,0.300000>
	matrix <-0.175024, -0.948496, -0.264049,
		-0.947126, 0.088948, 0.308287,
		-0.268922, 0.304045, -0.913914,
		25.969790, 31.204973, 35.310814>
	pigment { color rgbt <0,1,1,0> }
	no_shadow
}
cylinder {
	<25.528227, 30.493753, 35.748329>,  <26.158018, 30.992144, 35.950562>, 0.130000
	pigment { color rgbt <1,0,0,0> }
	no_shadow
}

// nucleotide -1

// particle -1
sphere {
	<25.528227, 30.493753, 35.748329> 0.250000
	pigment { color rgbt <1,0,0,0> }
	no_shadow
}
cylinder {
	<25.656103, 30.648705, 35.402443>,  <25.732830, 30.741676, 35.194912>, 0.100000
	pigment { color rgbt <1,0,0,0> }
	no_shadow
}
cylinder {
	<25.656103, 30.648705, 35.402443>,  <25.528227, 30.493753, 35.748329>, 0.100000
	pigment { color rgbt <1,0,0,0> }
	no_shadow
}

// particle -1
sphere {
	<25.656103, 30.648705, 35.402443> 0.100000
	pigment { color rgbt <1,0,0,0> }
	no_shadow
}
sphere {
	0, 1
	scale<0.080000,0.200000,0.300000>
	matrix <-0.210106, -0.860907, -0.463351,
		-0.923933, 0.329812, -0.193835,
		0.319693, 0.387380, -0.864716,
		25.752010, 30.764919, 35.143028>
	pigment { color rgbt <0,1,1,0> }
	no_shadow
}
cylinder {
	<25.038969, 30.334185, 35.297089>,  <25.528227, 30.493753, 35.748329>, 0.130000
	pigment { color rgbt <1,0,0,0> }
	no_shadow
}

// nucleotide -1

// particle -1
sphere {
	<25.038969, 30.334185, 35.297089> 0.250000
	pigment { color rgbt <1,0,0,0> }
	no_shadow
}
cylinder {
	<25.372009, 30.392155, 35.083256>,  <25.571833, 30.426937, 34.954956>, 0.100000
	pigment { color rgbt <1,0,0,0> }
	no_shadow
}
cylinder {
	<25.372009, 30.392155, 35.083256>,  <25.038969, 30.334185, 35.297089>, 0.100000
	pigment { color rgbt <1,0,0,0> }
	no_shadow
}

// particle -1
sphere {
	<25.372009, 30.392155, 35.083256> 0.100000
	pigment { color rgbt <1,0,0,0> }
	no_shadow
}
sphere {
	0, 1
	scale<0.080000,0.200000,0.300000>
	matrix <-0.161391, -0.859798, -0.484458,
		-0.529840, 0.489636, -0.692478,
		0.832600, 0.144925, -0.534579,
		25.621790, 30.435633, 34.922882>
	pigment { color rgbt <0,1,1,0> }
	no_shadow
}
cylinder {
	<24.858101, 30.206650, 34.646664>,  <25.038969, 30.334185, 35.297089>, 0.130000
	pigment { color rgbt <1,0,0,0> }
	no_shadow
}

// nucleotide -1

// particle -1
sphere {
	<24.858101, 30.206650, 34.646664> 0.250000
	pigment { color rgbt <1,0,0,0> }
	no_shadow
}
cylinder {
	<25.254179, 30.160124, 34.615730>,  <25.491827, 30.132208, 34.597172>, 0.100000
	pigment { color rgbt <1,0,0,0> }
	no_shadow
}
cylinder {
	<25.254179, 30.160124, 34.615730>,  <24.858101, 30.206650, 34.646664>, 0.100000
	pigment { color rgbt <1,0,0,0> }
	no_shadow
}

// particle -1
sphere {
	<25.254179, 30.160124, 34.615730> 0.100000
	pigment { color rgbt <1,0,0,0> }
	no_shadow
}
sphere {
	0, 1
	scale<0.080000,0.200000,0.300000>
	matrix <-0.138604, -0.886777, -0.440925,
		-0.017291, 0.447321, -0.894206,
		0.990197, -0.116317, -0.077334,
		25.551239, 30.125229, 34.592529>
	pigment { color rgbt <0,1,1,0> }
	no_shadow
}
cylinder {
	<24.937283, 29.808943, 34.003361>,  <24.858101, 30.206650, 34.646664>, 0.130000
	pigment { color rgbt <1,0,0,0> }
	no_shadow
}

// nucleotide -1

// particle -1
sphere {
	<24.937283, 29.808943, 34.003361> 0.250000
	pigment { color rgbt <1,0,0,0> }
	no_shadow
}
cylinder {
	<25.309099, 29.792292, 34.149906>,  <25.532188, 29.782301, 34.237831>, 0.100000
	pigment { color rgbt <1,0,0,0> }
	no_shadow
}
cylinder {
	<25.309099, 29.792292, 34.149906>,  <24.937283, 29.808943, 34.003361>, 0.100000
	pigment { color rgbt <1,0,0,0> }
	no_shadow
}

// particle -1
sphere {
	<25.309099, 29.792292, 34.149906> 0.100000
	pigment { color rgbt <1,0,0,0> }
	no_shadow
}
sphere {
	0, 1
	scale<0.080000,0.200000,0.300000>
	matrix <0.167135, -0.838099, -0.519284,
		0.328662, 0.543928, -0.772091,
		0.929541, -0.041626, 0.366360,
		25.587961, 29.779804, 34.259815>
	pigment { color rgbt <0,1,1,0> }
	no_shadow
}
cylinder {
	<25.346529, 29.505899, 33.439686>,  <24.937283, 29.808943, 34.003361>, 0.130000
	pigment { color rgbt <1,0,0,0> }
	no_shadow
}

// nucleotide -1

// particle -1
sphere {
	<25.346529, 29.505899, 33.439686> 0.250000
	pigment { color rgbt <1,0,0,0> }
	no_shadow
}
cylinder {
	<25.544783, 29.425186, 33.777592>,  <25.663734, 29.376759, 33.980335>, 0.100000
	pigment { color rgbt <1,0,0,0> }
	no_shadow
}
cylinder {
	<25.544783, 29.425186, 33.777592>,  <25.346529, 29.505899, 33.439686>, 0.100000
	pigment { color rgbt <1,0,0,0> }
	no_shadow
}

// particle -1
sphere {
	<25.544783, 29.425186, 33.777592> 0.100000
	pigment { color rgbt <1,0,0,0> }
	no_shadow
}
sphere {
	0, 1
	scale<0.080000,0.200000,0.300000>
	matrix <0.292451, -0.877067, -0.381084,
		0.817814, 0.435931, -0.375692,
		0.495634, -0.201784, 0.844766,
		25.693474, 29.364651, 34.031021>
	pigment { color rgbt <0,1,1,0> }
	no_shadow
}
cylinder {
	<25.821274, 29.058018, 33.153172>,  <25.346529, 29.505899, 33.439686>, 0.130000
	pigment { color rgbt <1,0,0,0> }
	no_shadow
}

// nucleotide -1

// particle -1
sphere {
	<25.821274, 29.058018, 33.153172> 0.250000
	pigment { color rgbt <1,0,0,0> }
	no_shadow
}
cylinder {
	<25.848162, 28.979267, 33.544418>,  <25.864294, 28.932016, 33.779167>, 0.100000
	pigment { color rgbt <1,0,0,0> }
	no_shadow
}
cylinder {
	<25.848162, 28.979267, 33.544418>,  <25.821274, 29.058018, 33.153172>, 0.100000
	pigment { color rgbt <1,0,0,0> }
	no_shadow
}

// particle -1
sphere {
	<25.848162, 28.979267, 33.544418> 0.100000
	pigment { color rgbt <1,0,0,0> }
	no_shadow
}
sphere {
	0, 1
	scale<0.080000,0.200000,0.300000>
	matrix <0.435016, -0.876469, -0.206311,
		0.897910, 0.439366, 0.026727,
		0.067220, -0.196875, 0.978122,
		25.868328, 28.920204, 33.837856>
	pigment { color rgbt <0,1,1,0> }
	no_shadow
}
cylinder {
	<26.508293, 28.685381, 33.244499>,  <25.821274, 29.058018, 33.153172>, 0.130000
	pigment { color rgbt <1,0,0,0> }
	no_shadow
}

// nucleotide -1

// particle -1
sphere {
	<26.508293, 28.685381, 33.244499> 0.250000
	pigment { color rgbt <1,0,0,0> }
	no_shadow
}
cylinder {
	<26.272141, 28.586945, 33.551975>,  <26.130449, 28.527882, 33.736462>, 0.100000
	pigment { color rgbt <1,0,0,0> }
	no_shadow
}
cylinder {
	<26.272141, 28.586945, 33.551975>,  <26.508293, 28.685381, 33.244499>, 0.100000
	pigment { color rgbt <1,0,0,0> }
	no_shadow
}

// particle -1
sphere {
	<26.272141, 28.586945, 33.551975> 0.100000
	pigment { color rgbt <1,0,0,0> }
	no_shadow
}
sphere {
	0, 1
	scale<0.080000,0.200000,0.300000>
	matrix <0.170784, -0.968909, -0.179023,
		0.788847, 0.025588, 0.614056,
		-0.590384, -0.246093, 0.768691,
		26.095026, 28.513117, 33.782581>
	pigment { color rgbt <0,1,1,0> }
	no_shadow
}
cylinder {
	<26.801247, 28.125702, 33.687569>,  <26.508293, 28.685381, 33.244499>, 0.130000
	pigment { color rgbt <1,0,0,0> }
	no_shadow
}

// nucleotide -1

// particle -1
sphere {
	<26.801247, 28.125702, 33.687569> 0.250000
	pigment { color rgbt <1,0,0,0> }
	no_shadow
}
cylinder {
	<26.413380, 28.099192, 33.781677>,  <26.180660, 28.083286, 33.838142>, 0.100000
	pigment { color rgbt <1,0,0,0> }
	no_shadow
}
cylinder {
	<26.413380, 28.099192, 33.781677>,  <26.801247, 28.125702, 33.687569>, 0.100000
	pigment { color rgbt <1,0,0,0> }
	no_shadow
}

// particle -1
sphere {
	<26.413380, 28.099192, 33.781677> 0.100000
	pigment { color rgbt <1,0,0,0> }
	no_shadow
}
sphere {
	0, 1
	scale<0.080000,0.200000,0.300000>
	matrix <0.032526, -0.988966, -0.144532,
		0.242253, -0.132495, 0.961124,
		-0.969668, -0.066274, 0.235270,
		26.122478, 28.079309, 33.852257>
	pigment { color rgbt <0,1,1,0> }
	no_shadow
}
cylinder {
	<26.678419, 27.693848, 34.286743>,  <26.801247, 28.125702, 33.687569>, 0.130000
	pigment { color rgbt <1,0,0,0> }
	no_shadow
}

// nucleotide -1

// particle -1
sphere {
	<26.678419, 27.693848, 34.286743> 0.250000
	pigment { color rgbt <1,0,0,0> }
	no_shadow
}
cylinder {
	<26.341026, 27.689556, 34.071922>,  <26.138590, 27.686981, 33.943031>, 0.100000
	pigment { color rgbt <1,0,0,0> }
	no_shadow
}
cylinder {
	<26.341026, 27.689556, 34.071922>,  <26.678419, 27.693848, 34.286743>, 0.100000
	pigment { color rgbt <1,0,0,0> }
	no_shadow
}

// particle -1
sphere {
	<26.341026, 27.689556, 34.071922> 0.100000
	pigment { color rgbt <1,0,0,0> }
	no_shadow
}
sphere {
	0, 1
	scale<0.080000,0.200000,0.300000>
	matrix <0.096877, -0.986445, -0.132445,
		-0.528347, -0.163743, 0.833089,
		-0.843483, -0.010731, -0.537048,
		26.087982, 27.686337, 33.910809>
	pigment { color rgbt <0,1,1,0> }
	no_shadow
}
cylinder {
	<26.413065, 27.087900, 34.429813>,  <26.678419, 27.693848, 34.286743>, 0.130000
	pigment { color rgbt <1,0,0,0> }
	no_shadow
}

// nucleotide -1

// particle -1
sphere {
	<26.413065, 27.087900, 34.429813> 0.250000
	pigment { color rgbt <1,0,0,0> }
	no_shadow
}
cylinder {
	<26.217146, 27.196268, 34.098343>,  <26.099594, 27.261288, 33.899460>, 0.100000
	pigment { color rgbt <1,0,0,0> }
	no_shadow
}
cylinder {
	<26.217146, 27.196268, 34.098343>,  <26.413065, 27.087900, 34.429813>, 0.100000
	pigment { color rgbt <1,0,0,0> }
	no_shadow
}

// particle -1
sphere {
	<26.217146, 27.196268, 34.098343> 0.100000
	pigment { color rgbt <1,0,0,0> }
	no_shadow
}
sphere {
	0, 1
	scale<0.080000,0.200000,0.300000>
	matrix <0.092189, -0.929071, -0.358230,
		-0.866949, -0.251855, 0.430081,
		-0.489797, 0.270918, -0.828675,
		26.070208, 27.277544, 33.849739>
	pigment { color rgbt <0,1,1,0> }
	no_shadow
}
cylinder {
	<25.819408, 26.619646, 34.388645>,  <26.413065, 27.087900, 34.429813>, 0.130000
	pigment { color rgbt <1,0,0,0> }
	no_shadow
}

// nucleotide -1

// particle -1
sphere {
	<25.819408, 26.619646, 34.388645> 0.250000
	pigment { color rgbt <1,0,0,0> }
	no_shadow
}
cylinder {
	<25.919500, 26.761930, 34.028458>,  <25.979557, 26.847301, 33.812344>, 0.100000
	pigment { color rgbt <1,0,0,0> }
	no_shadow
}
cylinder {
	<25.919500, 26.761930, 34.028458>,  <25.819408, 26.619646, 34.388645>, 0.100000
	pigment { color rgbt <1,0,0,0> }
	no_shadow
}

// particle -1
sphere {
	<25.919500, 26.761930, 34.028458> 0.100000
	pigment { color rgbt <1,0,0,0> }
	no_shadow
}
sphere {
	0, 1
	scale<0.080000,0.200000,0.300000>
	matrix <0.105343, -0.934544, -0.339898,
		-0.962438, -0.009805, -0.271325,
		0.250232, 0.355713, -0.900473,
		25.994570, 26.868645, 33.758316>
	pigment { color rgbt <0,1,1,0> }
	no_shadow
}
cylinder {
	<25.361654, 26.263062, 33.944073>,  <25.819408, 26.619646, 34.388645>, 0.130000
	pigment { color rgbt <1,0,0,0> }
	no_shadow
}

// nucleotide -1

// particle -1
sphere {
	<25.361654, 26.263062, 33.944073> 0.250000
	pigment { color rgbt <1,0,0,0> }
	no_shadow
}
cylinder {
	<25.649391, 26.379158, 33.691628>,  <25.822033, 26.448816, 33.540161>, 0.100000
	pigment { color rgbt <1,0,0,0> }
	no_shadow
}
cylinder {
	<25.649391, 26.379158, 33.691628>,  <25.361654, 26.263062, 33.944073>, 0.100000
	pigment { color rgbt <1,0,0,0> }
	no_shadow
}

// particle -1
sphere {
	<25.649391, 26.379158, 33.691628> 0.100000
	pigment { color rgbt <1,0,0,0> }
	no_shadow
}
sphere {
	0, 1
	scale<0.080000,0.200000,0.300000>
	matrix <0.097233, -0.941655, -0.322229,
		-0.687818, 0.170427, -0.705592,
		0.719341, 0.290242, -0.631116,
		25.865194, 26.466230, 33.502293>
	pigment { color rgbt <0,1,1,0> }
	no_shadow
}
cylinder {
	<25.163021, 26.000521, 33.180744>,  <25.361654, 26.263062, 33.944073>, 0.130000
	pigment { color rgbt <1,0,0,0> }
	no_shadow
}

// nucleotide -1

// particle -1
sphere {
	<25.163021, 26.000521, 33.180744> 0.250000
	pigment { color rgbt <1,0,0,0> }
	no_shadow
}
cylinder {
	<25.558620, 26.055597, 33.202377>,  <25.795980, 26.088642, 33.215359>, 0.100000
	pigment { color rgbt <1,0,0,0> }
	no_shadow
}
cylinder {
	<25.558620, 26.055597, 33.202377>,  <25.163021, 26.000521, 33.180744>, 0.100000
	pigment { color rgbt <1,0,0,0> }
	no_shadow
}

// particle -1
sphere {
	<25.558620, 26.055597, 33.202377> 0.100000
	pigment { color rgbt <1,0,0,0> }
	no_shadow
}
sphere {
	0, 1
	scale<0.080000,0.200000,0.300000>
	matrix <0.147555, -0.944252, -0.294304,
		0.010546, 0.299046, -0.954180,
		0.988998, 0.137690, 0.054084,
		25.855320, 26.096905, 33.218601>
	pigment { color rgbt <0,1,1,0> }
	no_shadow
}
cylinder {
	<25.530624, 26.041861, 32.508339>,  <25.163021, 26.000521, 33.180744>, 0.130000
	pigment { color rgbt <1,0,0,0> }
	no_shadow
}

// nucleotide -1

// particle -1
sphere {
	<25.530624, 26.041861, 32.508339> 0.250000
	pigment { color rgbt <1,0,0,0> }
	no_shadow
}
cylinder {
	<25.767384, 25.905859, 32.800655>,  <25.909439, 25.824259, 32.976044>, 0.100000
	pigment { color rgbt <1,0,0,0> }
	no_shadow
}
cylinder {
	<25.767384, 25.905859, 32.800655>,  <25.530624, 26.041861, 32.508339>, 0.100000
	pigment { color rgbt <1,0,0,0> }
	no_shadow
}

// particle -1
sphere {
	<25.767384, 25.905859, 32.800655> 0.100000
	pigment { color rgbt <1,0,0,0> }
	no_shadow
}
sphere {
	0, 1
	scale<0.080000,0.200000,0.300000>
	matrix <0.090113, -0.873075, -0.479187,
		0.800960, 0.349483, -0.486132,
		0.591898, -0.340003, 0.730791,
		25.944952, 25.803858, 33.019894>
	pigment { color rgbt <0,1,1,0> }
	no_shadow
}
cylinder {
	<26.028660, 25.942171, 31.911055>,  <25.530624, 26.041861, 32.508339>, 0.130000
	pigment { color rgbt <1,0,0,0> }
	no_shadow
}

// nucleotide -1

// particle -1
sphere {
	<26.028660, 25.942171, 31.911055> 0.250000
	pigment { color rgbt <1,0,0,0> }
	no_shadow
}
cylinder {
	<26.236853, 25.634928, 31.761868>,  <26.361769, 25.450583, 31.672356>, 0.100000
	pigment { color rgbt <1,0,0,0> }
	no_shadow
}
cylinder {
	<26.236853, 25.634928, 31.761868>,  <26.028660, 25.942171, 31.911055>, 0.100000
	pigment { color rgbt <1,0,0,0> }
	no_shadow
}

// particle -1
sphere {
	<26.236853, 25.634928, 31.761868> 0.100000
	pigment { color rgbt <1,0,0,0> }
	no_shadow
}
sphere {
	0, 1
	scale<0.080000,0.200000,0.300000>
	matrix <0.799127, 0.592073, -0.104147,
		0.300821, -0.243842, 0.921980,
		0.520484, -0.768108, -0.372969,
		26.392998, 25.404495, 31.649977>
	pigment { color rgbt <0,1,1,0> }
	no_shadow
}
cylinder {
	<26.713608, 25.766689, 32.326275>,  <26.028660, 25.942171, 31.911055>, 0.130000
	pigment { color rgbt <1,0,0,0> }
	no_shadow
}

// nucleotide -1

// particle -1
sphere {
	<26.713608, 25.766689, 32.326275> 0.250000
	pigment { color rgbt <1,0,0,0> }
	no_shadow
}
cylinder {
	<26.713051, 25.661119, 31.940456>,  <26.712717, 25.597778, 31.708965>, 0.100000
	pigment { color rgbt <1,0,0,0> }
	no_shadow
}
cylinder {
	<26.713051, 25.661119, 31.940456>,  <26.713608, 25.766689, 32.326275>, 0.100000
	pigment { color rgbt <1,0,0,0> }
	no_shadow
}

// particle -1
sphere {
	<26.713051, 25.661119, 31.940456> 0.100000
	pigment { color rgbt <1,0,0,0> }
	no_shadow
}
sphere {
	0, 1
	scale<0.080000,0.200000,0.300000>
	matrix <0.800962, 0.577191, -0.159090,
		0.598713, -0.772784, 0.210590,
		-0.001392, -0.263924, -0.964543,
		26.712633, 25.581942, 31.651094>
	pigment { color rgbt <0,1,1,0> }
	no_shadow
}
cylinder {
	<27.341961, 25.670927, 32.221455>,  <26.713608, 25.766689, 32.326275>, 0.130000
	pigment { color rgbt <1,0,0,0> }
	no_shadow
}

// nucleotide -1

// particle -1
sphere {
	<27.341961, 25.670927, 32.221455> 0.250000
	pigment { color rgbt <1,0,0,0> }
	no_shadow
}
cylinder {
	<27.148485, 25.748985, 31.880171>,  <27.032400, 25.795820, 31.675402>, 0.100000
	pigment { color rgbt <1,0,0,0> }
	no_shadow
}
cylinder {
	<27.148485, 25.748985, 31.880171>,  <27.341961, 25.670927, 32.221455>, 0.100000
	pigment { color rgbt <1,0,0,0> }
	no_shadow
}

// particle -1
sphere {
	<27.148485, 25.748985, 31.880171> 0.100000
	pigment { color rgbt <1,0,0,0> }
	no_shadow
}
sphere {
	0, 1
	scale<0.080000,0.200000,0.300000>
	matrix <0.681201, 0.696021, -0.226981,
		0.549555, -0.690994, -0.469592,
		-0.483688, 0.195148, -0.853208,
		27.003380, 25.807529, 31.624208>
	pigment { color rgbt <0,1,1,0> }
	no_shadow
}
cylinder {
	<27.504387, 25.768780, 31.493177>,  <27.341961, 25.670927, 32.221455>, 0.130000
	pigment { color rgbt <1,0,0,0> }
	no_shadow
}

// nucleotide -1

// particle -1
sphere {
	<27.504387, 25.768780, 31.493177> 0.250000
	pigment { color rgbt <1,0,0,0> }
	no_shadow
}
cylinder {
	<27.368671, 25.538404, 31.195673>,  <27.287241, 25.400179, 31.017170>, 0.100000
	pigment { color rgbt <1,0,0,0> }
	no_shadow
}
cylinder {
	<27.368671, 25.538404, 31.195673>,  <27.504387, 25.768780, 31.493177>, 0.100000
	pigment { color rgbt <1,0,0,0> }
	no_shadow
}

// particle -1
sphere {
	<27.368671, 25.538404, 31.195673> 0.100000
	pigment { color rgbt <1,0,0,0> }
	no_shadow
}
sphere {
	0, 1
	scale<0.080000,0.200000,0.300000>
	matrix <0.501243, 0.558374, -0.661040,
		0.796014, -0.597089, 0.099234,
		-0.339290, -0.575937, -0.743760,
		27.266884, 25.365623, 30.972546>
	pigment { color rgbt <0,1,1,0> }
	no_shadow
}
cylinder {
	<28.097975, 25.228437, 31.279442>,  <27.504387, 25.768780, 31.493177>, 0.130000
	pigment { color rgbt <1,0,0,0> }
	no_shadow
}

// nucleotide -1

// particle -1
sphere {
	<28.097975, 25.228437, 31.279442> 0.250000
	pigment { color rgbt <1,0,0,0> }
	no_shadow
}
cylinder {
	<27.812223, 25.289345, 31.006245>,  <27.640772, 25.325890, 30.842327>, 0.100000
	pigment { color rgbt <1,0,0,0> }
	no_shadow
}
cylinder {
	<27.812223, 25.289345, 31.006245>,  <28.097975, 25.228437, 31.279442>, 0.100000
	pigment { color rgbt <1,0,0,0> }
	no_shadow
}

// particle -1
sphere {
	<27.812223, 25.289345, 31.006245> 0.100000
	pigment { color rgbt <1,0,0,0> }
	no_shadow
}
sphere {
	0, 1
	scale<0.080000,0.200000,0.300000>
	matrix <0.681816, 0.371079, -0.630418,
		0.157450, -0.916032, -0.368911,
		-0.714379, 0.152270, -0.682992,
		27.597910, 25.335026, 30.801348>
	pigment { color rgbt <0,1,1,0> }
	no_shadow
}
cylinder {
	<28.336294, 24.918550, 30.546642>,  <28.097975, 25.228437, 31.279442>, 0.130000
	pigment { color rgbt <1,0,0,0> }
	no_shadow
}

// nucleotide -1

// particle -1
sphere {
	<28.336294, 24.918550, 30.546642> 0.250000
	pigment { color rgbt <1,0,0,0> }
	no_shadow
}
cylinder {
	<28.091999, 25.233871, 30.516773>,  <27.945421, 25.423065, 30.498852>, 0.100000
	pigment { color rgbt <1,0,0,0> }
	no_shadow
}
cylinder {
	<28.091999, 25.233871, 30.516773>,  <28.336294, 24.918550, 30.546642>, 0.100000
	pigment { color rgbt <1,0,0,0> }
	no_shadow
}

// particle -1
sphere {
	<28.091999, 25.233871, 30.516773> 0.100000
	pigment { color rgbt <1,0,0,0> }
	no_shadow
}
sphere {
	0, 1
	scale<0.080000,0.200000,0.300000>
	matrix <0.681107, 0.474899, -0.557283,
		-0.403846, -0.391213, -0.826958,
		-0.610738, 0.788304, -0.074672,
		27.908777, 25.470364, 30.494371>
	pigment { color rgbt <0,1,1,0> }
	no_shadow
}
cylinder {
	<28.224892, 25.140984, 29.855789>,  <28.336294, 24.918550, 30.546642>, 0.130000
	pigment { color rgbt <1,0,0,0> }
	no_shadow
}

// nucleotide -1

// particle -1
sphere {
	<28.224892, 25.140984, 29.855789> 0.250000
	pigment { color rgbt <1,0,0,0> }
	no_shadow
}
cylinder {
	<28.157125, 25.464552, 30.080982>,  <28.116465, 25.658693, 30.216097>, 0.100000
	pigment { color rgbt <1,0,0,0> }
	no_shadow
}
cylinder {
	<28.157125, 25.464552, 30.080982>,  <28.224892, 25.140984, 29.855789>, 0.100000
	pigment { color rgbt <1,0,0,0> }
	no_shadow
}

// particle -1
sphere {
	<28.157125, 25.464552, 30.080982> 0.100000
	pigment { color rgbt <1,0,0,0> }
	no_shadow
}
sphere {
	0, 1
	scale<0.080000,0.200000,0.300000>
	matrix <0.536861, 0.554794, -0.635598,
		-0.826486, 0.194561, -0.528268,
		-0.169417, 0.808919, 0.562981,
		28.106300, 25.707228, 30.249876>
	pigment { color rgbt <0,1,1,0> }
	no_shadow
}
cylinder {
	<27.845917, 25.846348, 29.579245>,  <28.224892, 25.140984, 29.855789>, 0.130000
	pigment { color rgbt <1,0,0,0> }
	no_shadow
}

// nucleotide -1

// particle -1
sphere {
	<27.845917, 25.846348, 29.579245> 0.250000
	pigment { color rgbt <1,0,0,0> }
	no_shadow
}
cylinder {
	<28.093258, 25.965080, 29.870319>,  <28.241663, 26.036320, 30.044964>, 0.100000
	pigment { color rgbt <1,0,0,0> }
	no_shadow
}
cylinder {
	<28.093258, 25.965080, 29.870319>,  <27.845917, 25.846348, 29.579245>, 0.100000
	pigment { color rgbt <1,0,0,0> }
	no_shadow
}

// particle -1
sphere {
	<28.093258, 25.965080, 29.870319> 0.100000
	pigment { color rgbt <1,0,0,0> }
	no_shadow
}
sphere {
	0, 1
	scale<0.080000,0.200000,0.300000>
	matrix <0.450410, 0.624927, -0.637649,
		-0.644027, 0.722051, 0.252729,
		0.618352, 0.296831, 0.727689,
		28.278763, 26.054131, 30.088627>
	pigment { color rgbt <0,1,1,0> }
	no_shadow
}
cylinder {
	<27.673382, 26.573053, 29.768993>,  <27.845917, 25.846348, 29.579245>, 0.130000
	pigment { color rgbt <1,0,0,0> }
	no_shadow
}

// nucleotide -1

// particle -1
sphere {
	<27.673382, 26.573053, 29.768993> 0.250000
	pigment { color rgbt <1,0,0,0> }
	no_shadow
}
cylinder {
	<28.049206, 26.438879, 29.796440>,  <28.274700, 26.358374, 29.812908>, 0.100000
	pigment { color rgbt <1,0,0,0> }
	no_shadow
}
cylinder {
	<28.049206, 26.438879, 29.796440>,  <27.673382, 26.573053, 29.768993>, 0.100000
	pigment { color rgbt <1,0,0,0> }
	no_shadow
}

// particle -1
sphere {
	<28.049206, 26.438879, 29.796440> 0.100000
	pigment { color rgbt <1,0,0,0> }
	no_shadow
}
sphere {
	0, 1
	scale<0.080000,0.200000,0.300000>
	matrix <0.298151, 0.703049, -0.645622,
		0.168324, 0.627060, 0.760568,
		0.939560, -0.335438, 0.068619,
		28.331074, 26.338247, 29.817026>
	pigment { color rgbt <0,1,1,0> }
	no_shadow
}
cylinder {
	<28.162317, 27.106844, 30.029947>,  <27.673382, 26.573053, 29.768993>, 0.130000
	pigment { color rgbt <1,0,0,0> }
	no_shadow
}

// nucleotide -1

// particle -1
sphere {
	<28.162317, 27.106844, 30.029947> 0.250000
	pigment { color rgbt <1,0,0,0> }
	no_shadow
}
cylinder {
	<28.340830, 26.825338, 29.808842>,  <28.447937, 26.656435, 29.676178>, 0.100000
	pigment { color rgbt <1,0,0,0> }
	no_shadow
}
cylinder {
	<28.340830, 26.825338, 29.808842>,  <28.162317, 27.106844, 30.029947>, 0.100000
	pigment { color rgbt <1,0,0,0> }
	no_shadow
}

// particle -1
sphere {
	<28.340830, 26.825338, 29.808842> 0.100000
	pigment { color rgbt <1,0,0,0> }
	no_shadow
}
sphere {
	0, 1
	scale<0.080000,0.200000,0.300000>
	matrix <0.154174, 0.668915, -0.727174,
		0.881512, 0.239302, 0.407026,
		0.446281, -0.703766, -0.552763,
		28.474714, 26.614208, 29.643013>
	pigment { color rgbt <0,1,1,0> }
	no_shadow
}
cylinder {
	<28.800129, 27.225815, 30.339197>,  <28.162317, 27.106844, 30.029947>, 0.130000
	pigment { color rgbt <1,0,0,0> }
	no_shadow
}

// nucleotide -1

// particle -1
sphere {
	<28.800129, 27.225815, 30.339197> 0.250000
	pigment { color rgbt <1,0,0,0> }
	no_shadow
}
cylinder {
	<28.576305, 27.136169, 30.658363>,  <28.442011, 27.082382, 30.849863>, 0.100000
	pigment { color rgbt <1,0,0,0> }
	no_shadow
}
cylinder {
	<28.576305, 27.136169, 30.658363>,  <28.800129, 27.225815, 30.339197>, 0.100000
	pigment { color rgbt <1,0,0,0> }
	no_shadow
}

// particle -1
sphere {
	<28.576305, 27.136169, 30.658363> 0.100000
	pigment { color rgbt <1,0,0,0> }
	no_shadow
}
sphere {
	0, 1
	scale<0.080000,0.200000,0.300000>
	matrix <0.235148, 0.880253, 0.412141,
		-0.794733, 0.418245, -0.439854,
		-0.559558, -0.224111, 0.797915,
		28.408438, 27.068935, 30.897738>
	pigment { color rgbt <0,1,1,0> }
	no_shadow
}
cylinder {
	<28.365314, 27.813719, 30.446537>,  <28.800129, 27.225815, 30.339197>, 0.130000
	pigment { color rgbt <1,0,0,0> }
	no_shadow
}

// nucleotide -1

// particle -1
sphere {
	<28.365314, 27.813719, 30.446537> 0.250000
	pigment { color rgbt <1,0,0,0> }
	no_shadow
}
cylinder {
	<28.382187, 27.615284, 30.793436>,  <28.392309, 27.496223, 31.001575>, 0.100000
	pigment { color rgbt <1,0,0,0> }
	no_shadow
}
cylinder {
	<28.382187, 27.615284, 30.793436>,  <28.365314, 27.813719, 30.446537>, 0.100000
	pigment { color rgbt <1,0,0,0> }
	no_shadow
}

// particle -1
sphere {
	<28.382187, 27.615284, 30.793436> 0.100000
	pigment { color rgbt <1,0,0,0> }
	no_shadow
}
sphere {
	0, 1
	scale<0.080000,0.200000,0.300000>
	matrix <0.003244, 0.868084, 0.496406,
		-0.999105, -0.018125, 0.038224,
		0.042179, -0.496086, 0.867248,
		28.394840, 27.466457, 31.053610>
	pigment { color rgbt <0,1,1,0> }
	no_shadow
}
cylinder {
	<27.942398, 28.185080, 30.883490>,  <28.365314, 27.813719, 30.446537>, 0.130000
	pigment { color rgbt <1,0,0,0> }
	no_shadow
}

// nucleotide -1

// particle -1
sphere {
	<27.942398, 28.185080, 30.883490> 0.250000
	pigment { color rgbt <1,0,0,0> }
	no_shadow
}
cylinder {
	<28.160160, 27.960587, 31.132854>,  <28.290817, 27.825891, 31.282473>, 0.100000
	pigment { color rgbt <1,0,0,0> }
	no_shadow
}
cylinder {
	<28.160160, 27.960587, 31.132854>,  <27.942398, 28.185080, 30.883490>, 0.100000
	pigment { color rgbt <1,0,0,0> }
	no_shadow
}

// particle -1
sphere {
	<28.160160, 27.960587, 31.132854> 0.100000
	pigment { color rgbt <1,0,0,0> }
	no_shadow
}
sphere {
	0, 1
	scale<0.080000,0.200000,0.300000>
	matrix <0.020300, 0.751796, 0.659083,
		-0.838577, -0.346153, 0.420674,
		0.544404, -0.561232, 0.623412,
		28.323481, 27.792217, 31.319878>
	pigment { color rgbt <0,1,1,0> }
	no_shadow
}
cylinder {
	<27.647001, 28.350542, 31.533581>,  <27.942398, 28.185080, 30.883490>, 0.130000
	pigment { color rgbt <1,0,0,0> }
	no_shadow
}

// nucleotide -1

// particle -1
sphere {
	<27.647001, 28.350542, 31.533581> 0.250000
	pigment { color rgbt <1,0,0,0> }
	no_shadow
}
cylinder {
	<28.007357, 28.200104, 31.620256>,  <28.223570, 28.109840, 31.672262>, 0.100000
	pigment { color rgbt <1,0,0,0> }
	no_shadow
}
cylinder {
	<28.007357, 28.200104, 31.620256>,  <27.647001, 28.350542, 31.533581>, 0.100000
	pigment { color rgbt <1,0,0,0> }
	no_shadow
}

// particle -1
sphere {
	<28.007357, 28.200104, 31.620256> 0.100000
	pigment { color rgbt <1,0,0,0> }
	no_shadow
}
sphere {
	0, 1
	scale<0.080000,0.200000,0.300000>
	matrix <0.126471, 0.705000, 0.697839,
		-0.415221, -0.601269, 0.682691,
		0.900887, -0.376098, 0.216688,
		28.277622, 28.087275, 31.685263>
	pigment { color rgbt <0,1,1,0> }
	no_shadow
}
cylinder {
	<27.693663, 28.246496, 32.248158>,  <27.647001, 28.350542, 31.533581>, 0.130000
	pigment { color rgbt <1,0,0,0> }
	no_shadow
}

// nucleotide -1

// particle -1
sphere {
	<27.693663, 28.246496, 32.248158> 0.250000
	pigment { color rgbt <1,0,0,0> }
	no_shadow
}
cylinder {
	<28.074385, 28.264116, 32.126751>,  <28.302818, 28.274689, 32.053905>, 0.100000
	pigment { color rgbt <1,0,0,0> }
	no_shadow
}
cylinder {
	<28.074385, 28.264116, 32.126751>,  <27.693663, 28.246496, 32.248158>, 0.100000
	pigment { color rgbt <1,0,0,0> }
	no_shadow
}

// particle -1
sphere {
	<28.074385, 28.264116, 32.126751> 0.100000
	pigment { color rgbt <1,0,0,0> }
	no_shadow
}
sphere {
	0, 1
	scale<0.080000,0.200000,0.300000>
	matrix <0.197947, 0.667680, 0.717649,
		0.234267, -0.743144, 0.626782,
		0.951807, 0.044051, -0.303518,
		28.359926, 28.277332, 32.035694>
	pigment { color rgbt <0,1,1,0> }
	no_shadow
}
cylinder {
	<27.998411, 28.281740, 32.902435>,  <27.693663, 28.246496, 32.248158>, 0.130000
	pigment { color rgbt <1,0,0,0> }
	no_shadow
}

// nucleotide -1

// particle -1
sphere {
	<27.998411, 28.281740, 32.902435> 0.250000
	pigment { color rgbt <1,0,0,0> }
	no_shadow
}
cylinder {
	<28.257895, 28.402523, 32.623009>,  <28.413584, 28.474993, 32.455353>, 0.100000
	pigment { color rgbt <1,0,0,0> }
	no_shadow
}
cylinder {
	<28.257895, 28.402523, 32.623009>,  <27.998411, 28.281740, 32.902435>, 0.100000
	pigment { color rgbt <1,0,0,0> }
	no_shadow
}

// particle -1
sphere {
	<28.257895, 28.402523, 32.623009> 0.100000
	pigment { color rgbt <1,0,0,0> }
	no_shadow
}
sphere {
	0, 1
	scale<0.080000,0.200000,0.300000>
	matrix <0.363939, 0.683067, 0.633220,
		0.668367, -0.665016, 0.333227,
		0.648718, 0.301949, -0.698564,
		28.452507, 28.493111, 32.413437>
	pigment { color rgbt <0,1,1,0> }
	no_shadow
}
cylinder {
	<28.670174, 28.190498, 33.158710>,  <27.998411, 28.281740, 32.902435>, 0.130000
	pigment { color rgbt <1,0,0,0> }
	no_shadow
}

// nucleotide -1

// particle -1
sphere {
	<28.670174, 28.190498, 33.158710> 0.250000
	pigment { color rgbt <1,0,0,0> }
	no_shadow
}
cylinder {
	<28.677494, 28.483425, 32.886425>,  <28.681887, 28.659182, 32.723053>, 0.100000
	pigment { color rgbt <1,0,0,0> }
	no_shadow
}
cylinder {
	<28.677494, 28.483425, 32.886425>,  <28.670174, 28.190498, 33.158710>, 0.100000
	pigment { color rgbt <1,0,0,0> }
	no_shadow
}

// particle -1
sphere {
	<28.677494, 28.483425, 32.886425> 0.100000
	pigment { color rgbt <1,0,0,0> }
	no_shadow
}
sphere {
	0, 1
	scale<0.080000,0.200000,0.300000>
	matrix <0.410169, 0.615406, 0.673080,
		0.911826, -0.291526, -0.289113,
		0.018299, 0.732317, -0.680718,
		28.682983, 28.703119, 32.682209>
	pigment { color rgbt <0,1,1,0> }
	no_shadow
}
cylinder {
	<29.455463, 28.524412, 33.234283>,  <28.670174, 28.190498, 33.158710>, 0.130000
	pigment { color rgbt <1,0,0,0> }
	no_shadow
}

// nucleotide -1

// particle -1
sphere {
	<29.455463, 28.524412, 33.234283> 0.250000
	pigment { color rgbt <1,0,0,0> }
	no_shadow
}
cylinder {
	<29.221874, 28.780815, 33.035053>,  <29.081720, 28.934656, 32.915516>, 0.100000
	pigment { color rgbt <1,0,0,0> }
	no_shadow
}
cylinder {
	<29.221874, 28.780815, 33.035053>,  <29.455463, 28.524412, 33.234283>, 0.100000
	pigment { color rgbt <1,0,0,0> }
	no_shadow
}

// particle -1
sphere {
	<29.221874, 28.780815, 33.035053> 0.100000
	pigment { color rgbt <1,0,0,0> }
	no_shadow
}
sphere {
	0, 1
	scale<0.080000,0.200000,0.300000>
	matrix <0.369381, 0.756198, 0.540114,
