// switches for output
#declare DRAW_BASES = 1; // possible values are 0, 1; only relevant for DNA ribbons
#declare DRAW_BASES_TYPE = 3; // possible values are 1, 2, 3; only relevant for DNA ribbons
#declare DRAW_FOG = 0; // set to 1 to enable fog

#include "colors.inc"

#include "transforms.inc"
background { rgb <1, 1, 1>}

#default {
   normal{
       ripples 0.25
       frequency 0.20
       turbulence 0.2
       lambda 5
   }
	finish {
		phong 0.1
		phong_size 40.
	}
}

// original window dimensions: 1024x640


// camera settings

camera {
	sky <0, 0.179814, -0.983701>
	up <0, 0.179814, -0.983701>
	right 1.6 * <1, 0, 0>
	location <35, 94.9851, 44.8844>
	look_at <35, 29.7336, 32.9568>
	direction <0, -65.2515, -11.9276>
	angle 67.0682
}


# declare cpy_camera_pos = <35, 94.9851, 44.8844>;
# if (DRAW_FOG = 1)
fog {
	fog_type 2
	up vnormalize(cpy_camera_pos)
	color rgbt<1,1,1,0.3>
	distance 1e-5
	fog_alt 3e-3
	fog_offset 56
}
# end


// LIGHTS

# declare lum = 6;
global_settings {
	ambient_light rgb lum * <0.05, 0.05, 0.05>
	max_trace_level 15
}# declare cpy_direct_light_amount = 0.25;
light_source
{	1000 * <-1, -1.16352, -0.803886>,
	rgb lum * cpy_direct_light_amount
	parallel
}

light_source
{	1000 * <1, 1.16352, 0.803886>,
	rgb lum * cpy_direct_light_amount
	parallel
}

// strand 0

// nucleotide -1

// particle -1
sphere {
	<24.703062, 35.035931, 35.430271> 0.250000
	pigment { color rgbt <1,0,0,0> }
	no_shadow
}
cylinder {
	<24.386765, 34.913609, 35.218155>,  <24.196985, 34.840214, 35.090885>, 0.100000
	pigment { color rgbt <1,0,0,0> }
	no_shadow
}
cylinder {
	<24.386765, 34.913609, 35.218155>,  <24.703062, 35.035931, 35.430271>, 0.100000
	pigment { color rgbt <1,0,0,0> }
	no_shadow
}

// particle -1
sphere {
	<24.386765, 34.913609, 35.218155> 0.100000
	pigment { color rgbt <1,0,0,0> }
	no_shadow
}
sphere {
	0, 1
	scale<0.080000,0.200000,0.300000>
	matrix <0.594026, -0.592538, -0.544088,
		-0.147831, -0.745239, 0.650203,
		-0.790746, -0.305805, -0.530287,
		24.149540, 34.821869, 35.059071>
	pigment { color rgbt <0,1,1,0> }
	no_shadow
}
cylinder {
	<24.733036, 34.291996, 35.473953>,  <24.703062, 35.035931, 35.430271>, 0.130000
	pigment { color rgbt <1,0,0,0> }
	no_shadow
}

// nucleotide -1

// particle -1
sphere {
	<24.733036, 34.291996, 35.473953> 0.250000
	pigment { color rgbt <1,0,0,0> }
	no_shadow
}
cylinder {
	<24.544252, 34.457676, 35.162647>,  <24.430983, 34.557083, 34.975864>, 0.100000
	pigment { color rgbt <1,0,0,0> }
	no_shadow
}
cylinder {
	<24.544252, 34.457676, 35.162647>,  <24.733036, 34.291996, 35.473953>, 0.100000
	pigment { color rgbt <1,0,0,0> }
	no_shadow
}

// particle -1
sphere {
	<24.544252, 34.457676, 35.162647> 0.100000
	pigment { color rgbt <1,0,0,0> }
	no_shadow
}
sphere {
	0, 1
	scale<0.080000,0.200000,0.300000>
	matrix <0.436700, -0.657024, -0.614501,
		-0.765864, -0.629887, 0.129207,
		-0.471959, 0.414200, -0.778263,
		24.402664, 34.581936, 34.929169>
	pigment { color rgbt <0,1,1,0> }
	no_shadow
}
cylinder {
	<24.397278, 33.728367, 35.102291>,  <24.733036, 34.291996, 35.473953>, 0.130000
	pigment { color rgbt <1,0,0,0> }
	no_shadow
}

// nucleotide -1

// particle -1
sphere {
	<24.397278, 33.728367, 35.102291> 0.250000
	pigment { color rgbt <1,0,0,0> }
	no_shadow
}
cylinder {
	<24.481800, 34.056690, 34.890015>,  <24.532513, 34.253685, 34.762650>, 0.100000
	pigment { color rgbt <1,0,0,0> }
	no_shadow
}
cylinder {
	<24.481800, 34.056690, 34.890015>,  <24.397278, 33.728367, 35.102291>, 0.100000
	pigment { color rgbt <1,0,0,0> }
	no_shadow
}

// particle -1
sphere {
	<24.481800, 34.056690, 34.890015> 0.100000
	pigment { color rgbt <1,0,0,0> }
	no_shadow
}
sphere {
	0, 1
	scale<0.080000,0.200000,0.300000>
	matrix <0.500992, -0.557155, -0.662258,
		-0.839260, -0.125933, -0.528946,
		0.211305, 0.820804, -0.530689,
		24.545191, 34.302933, 34.730808>
	pigment { color rgbt <0,1,1,0> }
	no_shadow
}
cylinder {
	<23.936005, 33.912663, 34.473808>,  <24.397278, 33.728367, 35.102291>, 0.130000
	pigment { color rgbt <1,0,0,0> }
	no_shadow
}

// nucleotide -1

// particle -1
sphere {
	<23.936005, 33.912663, 34.473808> 0.250000
	pigment { color rgbt <1,0,0,0> }
	no_shadow
}
cylinder {
	<24.326920, 33.992947, 34.446609>,  <24.561468, 34.041115, 34.430290>, 0.100000
	pigment { color rgbt <1,0,0,0> }
	no_shadow
}
cylinder {
	<24.326920, 33.992947, 34.446609>,  <23.936005, 33.912663, 34.473808>, 0.100000
	pigment { color rgbt <1,0,0,0> }
	no_shadow
}

// particle -1
sphere {
	<24.326920, 33.992947, 34.446609> 0.100000
	pigment { color rgbt <1,0,0,0> }
	no_shadow
}
sphere {
	0, 1
	scale<0.080000,0.200000,0.300000>
	matrix <0.106050, -0.741017, -0.663059,
		-0.183469, 0.640789, -0.745472,
		0.977288, 0.200708, -0.067998,
		24.620106, 34.053158, 34.426208>
	pigment { color rgbt <0,1,1,0> }
	no_shadow
}
cylinder {
	<24.052534, 33.766296, 33.859825>,  <23.936005, 33.912663, 34.473808>, 0.130000
	pigment { color rgbt <1,0,0,0> }
	no_shadow
}

// nucleotide -1

// particle -1
sphere {
	<24.052534, 33.766296, 33.859825> 0.250000
	pigment { color rgbt <1,0,0,0> }
	no_shadow
}
cylinder {
	<24.424212, 33.748478, 34.006584>,  <24.647219, 33.737785, 34.094639>, 0.100000
	pigment { color rgbt <1,0,0,0> }
	no_shadow
}
cylinder {
	<24.424212, 33.748478, 34.006584>,  <24.052534, 33.766296, 33.859825>, 0.100000
	pigment { color rgbt <1,0,0,0> }
	no_shadow
}

// particle -1
sphere {
	<24.424212, 33.748478, 34.006584> 0.100000
	pigment { color rgbt <1,0,0,0> }
	no_shadow
}
sphere {
	0, 1
	scale<0.080000,0.200000,0.300000>
	matrix <0.220892, -0.728968, -0.647930,
		0.296323, 0.683097, -0.667511,
		0.929193, -0.044549, 0.366901,
		24.702969, 33.735115, 34.116653>
	pigment { color rgbt <0,1,1,0> }
	no_shadow
}
cylinder {
	<24.492647, 33.694340, 33.185165>,  <24.052534, 33.766296, 33.859825>, 0.130000
	pigment { color rgbt <1,0,0,0> }
	no_shadow
}

// nucleotide -1

// particle -1
sphere {
	<24.492647, 33.694340, 33.185165> 0.250000
	pigment { color rgbt <1,0,0,0> }
	no_shadow
}
cylinder {
	<24.714697, 33.590324, 33.501198>,  <24.847927, 33.527916, 33.690815>, 0.100000
	pigment { color rgbt <1,0,0,0> }
	no_shadow
}
cylinder {
	<24.714697, 33.590324, 33.501198>,  <24.492647, 33.694340, 33.185165>, 0.100000
	pigment { color rgbt <1,0,0,0> }
	no_shadow
}

// particle -1
sphere {
	<24.714697, 33.590324, 33.501198> 0.100000
	pigment { color rgbt <1,0,0,0> }
	no_shadow
}
sphere {
	0, 1
	scale<0.080000,0.200000,0.300000>
	matrix <0.549440, -0.598494, -0.583027,
		0.624464, 0.757751, -0.189363,
		0.555122, -0.260036, 0.790076,
		24.881233, 33.512314, 33.738220>
	pigment { color rgbt <0,1,1,0> }
	no_shadow
}
cylinder {
	<25.146723, 33.733208, 32.934200>,  <24.492647, 33.694340, 33.185165>, 0.130000
	pigment { color rgbt <1,0,0,0> }
	no_shadow
}

// nucleotide -1

// particle -1
sphere {
	<25.146723, 33.733208, 32.934200> 0.250000
	pigment { color rgbt <1,0,0,0> }
	no_shadow
}
cylinder {
	<25.144638, 33.479481, 33.243420>,  <25.143387, 33.327244, 33.428951>, 0.100000
	pigment { color rgbt <1,0,0,0> }
	no_shadow
}
cylinder {
	<25.144638, 33.479481, 33.243420>,  <25.146723, 33.733208, 32.934200>, 0.100000
	pigment { color rgbt <1,0,0,0> }
	no_shadow
}

// particle -1
sphere {
	<25.144638, 33.479481, 33.243420> 0.100000
	pigment { color rgbt <1,0,0,0> }
	no_shadow
}
sphere {
	0, 1
	scale<0.080000,0.200000,0.300000>
	matrix <0.602375, -0.619056, -0.503899,
		0.798196, 0.463039, 0.385327,
		-0.005214, -0.634322, 0.773051,
		25.143074, 33.289185, 33.475334>
	pigment { color rgbt <0,1,1,0> }
	no_shadow
}
cylinder {
	<25.748873, 33.487957, 32.997952>,  <25.146723, 33.733208, 32.934200>, 0.130000
	pigment { color rgbt <1,0,0,0> }
	no_shadow
}

// nucleotide -1

// particle -1
sphere {
	<25.748873, 33.487957, 32.997952> 0.250000
	pigment { color rgbt <1,0,0,0> }
	no_shadow
}
cylinder {
	<25.530293, 33.204712, 33.176823>,  <25.399143, 33.034767, 33.284145>, 0.100000
	pigment { color rgbt <1,0,0,0> }
	no_shadow
}
cylinder {
	<25.530293, 33.204712, 33.176823>,  <25.748873, 33.487957, 32.997952>, 0.100000
	pigment { color rgbt <1,0,0,0> }
	no_shadow
}

// particle -1
sphere {
	<25.530293, 33.204712, 33.176823> 0.100000
	pigment { color rgbt <1,0,0,0> }
	no_shadow
}
sphere {
	0, 1
	scale<0.080000,0.200000,0.300000>
	matrix <0.538361, -0.706023, -0.460107,
		0.641527, -0.010681, 0.767027,
		-0.546453, -0.708108, 0.447182,
		25.366356, 32.992279, 33.310978>
	pigment { color rgbt <0,1,1,0> }
	no_shadow
}
cylinder {
	<26.204927, 32.953552, 33.344383>,  <25.748873, 33.487957, 32.997952>, 0.130000
	pigment { color rgbt <1,0,0,0> }
	no_shadow
}

// nucleotide -1

// particle -1
sphere {
	<26.204927, 32.953552, 33.344383> 0.250000
	pigment { color rgbt <1,0,0,0> }
	no_shadow
}
cylinder {
	<25.862261, 32.769859, 33.250378>,  <25.656662, 32.659645, 33.193974>, 0.100000
	pigment { color rgbt <1,0,0,0> }
	no_shadow
}
cylinder {
	<25.862261, 32.769859, 33.250378>,  <26.204927, 32.953552, 33.344383>, 0.100000
	pigment { color rgbt <1,0,0,0> }
	no_shadow
}

// particle -1
sphere {
	<25.862261, 32.769859, 33.250378> 0.100000
	pigment { color rgbt <1,0,0,0> }
	no_shadow
}
sphere {
	0, 1
	scale<0.080000,0.200000,0.300000>
	matrix <0.514327, -0.725064, -0.457985,
		0.039922, -0.513213, 0.857332,
		-0.856664, -0.459233, -0.235013,
		25.605261, 32.632088, 33.179874>
	pigment { color rgbt <0,1,1,0> }
	no_shadow
}
cylinder {
	<26.508608, 32.319271, 33.230427>,  <26.204927, 32.953552, 33.344383>, 0.130000
	pigment { color rgbt <1,0,0,0> }
	no_shadow
}

// nucleotide -1

// particle -1
sphere {
	<26.508608, 32.319271, 33.230427> 0.250000
	pigment { color rgbt <1,0,0,0> }
	no_shadow
}
cylinder {
	<26.140314, 32.332535, 33.074917>,  <25.919338, 32.340492, 32.981613>, 0.100000
	pigment { color rgbt <1,0,0,0> }
	no_shadow
}
cylinder {
	<26.140314, 32.332535, 33.074917>,  <26.508608, 32.319271, 33.230427>, 0.100000
	pigment { color rgbt <1,0,0,0> }
	no_shadow
}

// particle -1
sphere {
	<26.140314, 32.332535, 33.074917> 0.100000
	pigment { color rgbt <1,0,0,0> }
	no_shadow
}
sphere {
	0, 1
	scale<0.080000,0.200000,0.300000>
	matrix <0.266310, -0.674807, -0.688269,
		-0.285172, -0.737249, 0.612487,
		-0.920736, 0.033164, -0.388773,
		25.864094, 32.342484, 32.958286>
	pigment { color rgbt <0,1,1,0> }
	no_shadow
}
cylinder {
	<26.474529, 31.716974, 33.031601>,  <26.508608, 32.319271, 33.230427>, 0.130000
	pigment { color rgbt <1,0,0,0> }
	no_shadow
}

// nucleotide -1

// particle -1
sphere {
	<26.474529, 31.716974, 33.031601> 0.250000
	pigment { color rgbt <1,0,0,0> }
	no_shadow
}
cylinder {
	<26.157436, 31.865007, 32.837852>,  <25.967180, 31.953827, 32.721603>, 0.100000
	pigment { color rgbt <1,0,0,0> }
	no_shadow
}
cylinder {
	<26.157436, 31.865007, 32.837852>,  <26.474529, 31.716974, 33.031601>, 0.100000
	pigment { color rgbt <1,0,0,0> }
	no_shadow
}

// particle -1
sphere {
	<26.157436, 31.865007, 32.837852> 0.100000
	pigment { color rgbt <1,0,0,0> }
	no_shadow
}
sphere {
	0, 1
	scale<0.080000,0.200000,0.300000>
	matrix <0.235041, -0.547593, -0.803055,
		-0.562436, -0.750454, 0.347109,
		-0.792731, 0.370082, -0.484373,
		25.919617, 31.976032, 32.692539>
	pigment { color rgbt <0,1,1,0> }
	no_shadow
}
cylinder {
	<26.232399, 31.163052, 32.693012>,  <26.474529, 31.716974, 33.031601>, 0.130000
	pigment { color rgbt <1,0,0,0> }
	no_shadow
}

// nucleotide -1

// particle -1
sphere {
	<26.232399, 31.163052, 32.693012> 0.250000
	pigment { color rgbt <1,0,0,0> }
	no_shadow
}
cylinder {
	<26.087166, 31.471508, 32.483818>,  <26.000025, 31.656582, 32.358303>, 0.100000
	pigment { color rgbt <1,0,0,0> }
	no_shadow
}
cylinder {
	<26.087166, 31.471508, 32.483818>,  <26.232399, 31.163052, 32.693012>, 0.100000
	pigment { color rgbt <1,0,0,0> }
	no_shadow
}

// particle -1
sphere {
	<26.087166, 31.471508, 32.483818> 0.100000
	pigment { color rgbt <1,0,0,0> }
	no_shadow
}
sphere {
	0, 1
	scale<0.080000,0.200000,0.300000>
	matrix <0.296021, -0.436738, -0.849489,
		-0.883482, -0.463250, -0.069700,
		-0.363085, 0.771141, -0.522982,
		25.978241, 31.702850, 32.326923>
	pigment { color rgbt <0,1,1,0> }
	no_shadow
}
cylinder {
	<25.746910, 30.971392, 32.311901>,  <26.232399, 31.163052, 32.693012>, 0.130000
	pigment { color rgbt <1,0,0,0> }
	no_shadow
}

// nucleotide -1

// particle -1
sphere {
	<25.746910, 30.971392, 32.311901> 0.250000
	pigment { color rgbt <1,0,0,0> }
	no_shadow
}
cylinder {
	<25.886322, 31.285362, 32.106995>,  <25.969969, 31.473743, 31.984051>, 0.100000
	pigment { color rgbt <1,0,0,0> }
	no_shadow
}
cylinder {
	<25.886322, 31.285362, 32.106995>,  <25.746910, 30.971392, 32.311901>, 0.100000
	pigment { color rgbt <1,0,0,0> }
	no_shadow
}

// particle -1
sphere {
	<25.886322, 31.285362, 32.106995> 0.100000
	pigment { color rgbt <1,0,0,0> }
	no_shadow
}
sphere {
	0, 1
	scale<0.080000,0.200000,0.300000>
	matrix <0.195654, -0.595424, -0.779224,
		-0.916649, 0.171356, -0.361098,
		0.348531, 0.784925, -0.512268,
		25.990881, 31.520840, 31.953314>
	pigment { color rgbt <0,1,1,0> }
	no_shadow
}
cylinder {
	<25.535303, 30.840380, 31.705351>,  <25.746910, 30.971392, 32.311901>, 0.130000
	pigment { color rgbt <1,0,0,0> }
	no_shadow
}

// nucleotide -1

// particle -1
sphere {
	<25.535303, 30.840380, 31.705351> 0.250000
	pigment { color rgbt <1,0,0,0> }
	no_shadow
}
cylinder {
	<25.812077, 31.123329, 31.647587>,  <25.978140, 31.293098, 31.612928>, 0.100000
	pigment { color rgbt <1,0,0,0> }
	no_shadow
}
cylinder {
	<25.812077, 31.123329, 31.647587>,  <25.535303, 30.840380, 31.705351>, 0.100000
	pigment { color rgbt <1,0,0,0> }
	no_shadow
}

// particle -1
sphere {
	<25.812077, 31.123329, 31.647587> 0.100000
	pigment { color rgbt <1,0,0,0> }
	no_shadow
}
sphere {
	0, 1
	scale<0.080000,0.200000,0.300000>
	matrix <0.303353, -0.466370, -0.830949,
		-0.655138, 0.531153, -0.537281,
		0.691932, 0.707372, -0.144410,
		26.019657, 31.335541, 31.604263>
	pigment { color rgbt <0,1,1,0> }
	no_shadow
}
cylinder {
	<25.428955, 31.015553, 31.057961>,  <25.535303, 30.840380, 31.705351>, 0.130000
	pigment { color rgbt <1,0,0,0> }
	no_shadow
}

// nucleotide -1

// particle -1
sphere {
	<25.428955, 31.015553, 31.057961> 0.250000
	pigment { color rgbt <1,0,0,0> }
	no_shadow
}
cylinder {
	<25.800354, 31.118196, 31.165325>,  <26.023193, 31.179783, 31.229744>, 0.100000
	pigment { color rgbt <1,0,0,0> }
	no_shadow
}
cylinder {
	<25.800354, 31.118196, 31.165325>,  <25.428955, 31.015553, 31.057961>, 0.100000
	pigment { color rgbt <1,0,0,0> }
	no_shadow
}

// particle -1
sphere {
	<25.800354, 31.118196, 31.165325> 0.100000
	pigment { color rgbt <1,0,0,0> }
	no_shadow
}
sphere {
	0, 1
	scale<0.080000,0.200000,0.300000>
	matrix <0.370805, -0.601863, -0.707294,
		-0.019951, 0.756249, -0.653980,
		0.928496, 0.256610, 0.268413,
		26.078903, 31.195179, 31.245850>
	pigment { color rgbt <0,1,1,0> }
	no_shadow
}
cylinder {
	<25.798798, 30.988564, 30.407949>,  <25.428955, 31.015553, 31.057961>, 0.130000
	pigment { color rgbt <1,0,0,0> }
	no_shadow
}

// nucleotide -1

// particle -1
sphere {
	<25.798798, 30.988564, 30.407949> 0.250000
	pigment { color rgbt <1,0,0,0> }
	no_shadow
}
cylinder {
	<26.082220, 30.992546, 30.690184>,  <26.252274, 30.994936, 30.859524>, 0.100000
	pigment { color rgbt <1,0,0,0> }
	no_shadow
}
cylinder {
	<26.082220, 30.992546, 30.690184>,  <25.798798, 30.988564, 30.407949>, 0.100000
	pigment { color rgbt <1,0,0,0> }
	no_shadow
}

// particle -1
sphere {
	<26.082220, 30.992546, 30.690184> 0.100000
	pigment { color rgbt <1,0,0,0> }
	no_shadow
}
sphere {
	0, 1
	scale<0.080000,0.200000,0.300000>
	matrix <0.626742, -0.468347, -0.622773,
		0.324257, 0.883489, -0.338091,
		0.708556, 0.009957, 0.705584,
		26.294786, 30.995533, 30.901859>
	pigment { color rgbt <0,1,1,0> }
	no_shadow
}
cylinder {
	<26.418900, 31.378799, 30.106836>,  <25.798798, 30.988564, 30.407949>, 0.130000
	pigment { color rgbt <1,0,0,0> }
	no_shadow
}

// nucleotide -1

// particle -1
sphere {
	<26.418900, 31.378799, 30.106836> 0.250000
	pigment { color rgbt <1,0,0,0> }
	no_shadow
}
cylinder {
	<26.550985, 31.139694, 30.399038>,  <26.630238, 30.996231, 30.574360>, 0.100000
	pigment { color rgbt <1,0,0,0> }
	no_shadow
}
cylinder {
	<26.550985, 31.139694, 30.399038>,  <26.418900, 31.378799, 30.106836>, 0.100000
	pigment { color rgbt <1,0,0,0> }
	no_shadow
}

// particle -1
sphere {
	<26.550985, 31.139694, 30.399038> 0.100000
	pigment { color rgbt <1,0,0,0> }
	no_shadow
}
sphere {
	0, 1
	scale<0.080000,0.200000,0.300000>
	matrix <0.700693, -0.363311, -0.614031,
		0.632445, 0.714623, 0.298877,
		0.330215, -0.597762, 0.730506,
		26.650049, 30.960365, 30.618191>
	pigment { color rgbt <0,1,1,0> }
	no_shadow
}
cylinder {
	<27.245584, 31.328569, 30.042814>,  <26.418900, 31.378799, 30.106836>, 0.130000
	pigment { color rgbt <1,0,0,0> }
	no_shadow
}

// nucleotide -1

// particle -1
sphere {
	<27.245584, 31.328569, 30.042814> 0.250000
	pigment { color rgbt <1,0,0,0> }
	no_shadow
}
cylinder {
	<27.150152, 31.029652, 30.290890>,  <27.092894, 30.850302, 30.439735>, 0.100000
	pigment { color rgbt <1,0,0,0> }
	no_shadow
}
cylinder {
	<27.150152, 31.029652, 30.290890>,  <27.245584, 31.328569, 30.042814>, 0.100000
	pigment { color rgbt <1,0,0,0> }
	no_shadow
}

// particle -1
sphere {
	<27.150152, 31.029652, 30.290890> 0.100000
	pigment { color rgbt <1,0,0,0> }
	no_shadow
}
sphere {
	0, 1
	scale<0.080000,0.200000,0.300000>
	matrix <0.821155, -0.496178, -0.281980,
		0.518445, 0.441997, 0.732020,
		-0.238578, -0.747293, 0.620189,
		27.078579, 30.805464, 30.476946>
	pigment { color rgbt <0,1,1,0> }
	no_shadow
}
cylinder {
	<27.869030, 31.131765, 30.390070>,  <27.245584, 31.328569, 30.042814>, 0.130000
	pigment { color rgbt <1,0,0,0> }
	no_shadow
}

// nucleotide -1

// particle -1
sphere {
	<27.869030, 31.131765, 30.390070> 0.250000
	pigment { color rgbt <1,0,0,0> }
	no_shadow
}
cylinder {
	<27.629395, 30.812860, 30.419636>,  <27.485613, 30.621517, 30.437376>, 0.100000
	pigment { color rgbt <1,0,0,0> }
	no_shadow
}
cylinder {
	<27.629395, 30.812860, 30.419636>,  <27.869030, 31.131765, 30.390070>, 0.100000
	pigment { color rgbt <1,0,0,0> }
	no_shadow
}

// particle -1
sphere {
	<27.629395, 30.812860, 30.419636> 0.100000
	pigment { color rgbt <1,0,0,0> }
	no_shadow
}
sphere {
	0, 1
	scale<0.080000,0.200000,0.300000>
	matrix <0.744143, -0.588482, -0.316133,
		0.295540, -0.134387, 0.945831,
		-0.599088, -0.797264, 0.073917,
		27.449669, 30.573681, 30.441811>
	pigment { color rgbt <0,1,1,0> }
	no_shadow
}
cylinder {
	<28.313128, 30.620911, 30.631838>,  <27.869030, 31.131765, 30.390070>, 0.130000
	pigment { color rgbt <1,0,0,0> }
	no_shadow
}

// nucleotide -1

// particle -1
sphere {
	<28.313128, 30.620911, 30.631838> 0.250000
	pigment { color rgbt <1,0,0,0> }
	no_shadow
}
cylinder {
	<28.006750, 30.430328, 30.459177>,  <27.822924, 30.315979, 30.355581>, 0.100000
	pigment { color rgbt <1,0,0,0> }
	no_shadow
}
cylinder {
	<28.006750, 30.430328, 30.459177>,  <28.313128, 30.620911, 30.631838>, 0.100000
	pigment { color rgbt <1,0,0,0> }
	no_shadow
}

// particle -1
sphere {
	<28.006750, 30.430328, 30.459177> 0.100000
	pigment { color rgbt <1,0,0,0> }
	no_shadow
}
sphere {
	0, 1
	scale<0.080000,0.200000,0.300000>
	matrix <0.629756, -0.691143, -0.354583,
		-0.129388, -0.543424, 0.829427,
		-0.765941, -0.476458, -0.431650,
		27.776968, 30.287392, 30.329681>
	pigment { color rgbt <0,1,1,0> }
	no_shadow
}
cylinder {
	<28.498419, 29.892046, 30.806517>,  <28.313128, 30.620911, 30.631838>, 0.130000
	pigment { color rgbt <1,0,0,0> }
	no_shadow
}

// nucleotide -1

// particle -1
sphere {
	<28.498419, 29.892046, 30.806517> 0.250000
	pigment { color rgbt <1,0,0,0> }
	no_shadow
}
cylinder {
	<28.242697, 29.879854, 30.499176>,  <28.089264, 29.872540, 30.314772>, 0.100000
	pigment { color rgbt <1,0,0,0> }
	no_shadow
}
cylinder {
	<28.242697, 29.879854, 30.499176>,  <28.498419, 29.892046, 30.806517>, 0.100000
	pigment { color rgbt <1,0,0,0> }
	no_shadow
}

// particle -1
sphere {
	<28.242697, 29.879854, 30.499176> 0.100000
	pigment { color rgbt <1,0,0,0> }
	no_shadow
}
sphere {
	0, 1
	scale<0.080000,0.200000,0.300000>
	matrix <0.659882, -0.534734, -0.527840,
		-0.394773, -0.844470, 0.361973,
		-0.639305, -0.030482, -0.768349,
		28.050905, 29.870710, 30.268671>
	pigment { color rgbt <0,1,1,0> }
	no_shadow
}
cylinder {
	<28.414839, 29.200724, 30.611629>,  <28.498419, 29.892046, 30.806517>, 0.130000
	pigment { color rgbt <1,0,0,0> }
	no_shadow
}

// nucleotide -1

// particle -1
sphere {
	<28.414839, 29.200724, 30.611629> 0.250000
	pigment { color rgbt <1,0,0,0> }
	no_shadow
}
cylinder {
	<28.301310, 29.390024, 30.278048>,  <28.233192, 29.503605, 30.077898>, 0.100000
	pigment { color rgbt <1,0,0,0> }
	no_shadow
}
cylinder {
	<28.301310, 29.390024, 30.278048>,  <28.414839, 29.200724, 30.611629>, 0.100000
	pigment { color rgbt <1,0,0,0> }
	no_shadow
}

// particle -1
sphere {
	<28.301310, 29.390024, 30.278048> 0.100000
	pigment { color rgbt <1,0,0,0> }
	no_shadow
}
sphere {
	0, 1
	scale<0.080000,0.200000,0.300000>
	matrix <0.523439, -0.652233, -0.548274,
		-0.803403, -0.592135, -0.062601,
		-0.283822, 0.473253, -0.833953,
		28.216164, 29.532000, 30.027863>
	pigment { color rgbt <0,1,1,0> }
	no_shadow
}
cylinder {
	<28.198416, 28.759861, 30.142061>,  <28.414839, 29.200724, 30.611629>, 0.130000
	pigment { color rgbt <1,0,0,0> }
	no_shadow
}

// nucleotide -1

// particle -1
sphere {
	<28.198416, 28.759861, 30.142061> 0.250000
	pigment { color rgbt <1,0,0,0> }
	no_shadow
}
cylinder {
	<28.304234, 29.070061, 29.912762>,  <28.367725, 29.256180, 29.775183>, 0.100000
	pigment { color rgbt <1,0,0,0> }
	no_shadow
}
cylinder {
	<28.304234, 29.070061, 29.912762>,  <28.198416, 28.759861, 30.142061>, 0.100000
	pigment { color rgbt <1,0,0,0> }
	no_shadow
}

// particle -1
sphere {
	<28.304234, 29.070061, 29.912762> 0.100000
	pigment { color rgbt <1,0,0,0> }
	no_shadow
}
sphere {
	0, 1
	scale<0.080000,0.200000,0.300000>
	matrix <0.536358, -0.612326, -0.580842,
		-0.801458, -0.153807, -0.577934,
		0.264546, 0.775500, -0.573249,
		28.383598, 29.302711, 29.740788>
	pigment { color rgbt <0,1,1,0> }
	no_shadow
}
cylinder {
	<28.157124, 28.532267, 29.443268>,  <28.198416, 28.759861, 30.142061>, 0.130000
	pigment { color rgbt <1,0,0,0> }
	no_shadow
}

// nucleotide -1

// particle -1
sphere {
	<28.157124, 28.532267, 29.443268> 0.250000
	pigment { color rgbt <1,0,0,0> }
	no_shadow
}
cylinder {
	<28.400742, 28.849487, 29.447849>,  <28.546913, 29.039820, 29.450598>, 0.100000
	pigment { color rgbt <1,0,0,0> }
	no_shadow
}
cylinder {
	<28.400742, 28.849487, 29.447849>,  <28.157124, 28.532267, 29.443268>, 0.100000
	pigment { color rgbt <1,0,0,0> }
	no_shadow
}

// particle -1
sphere {
	<28.400742, 28.849487, 29.447849> 0.100000
	pigment { color rgbt <1,0,0,0> }
	no_shadow
}
sphere {
	0, 1
	scale<0.080000,0.200000,0.300000>
	matrix <0.638434, -0.481630, -0.600363,
		-0.470603, 0.372961, -0.799646,
		0.609045, 0.793053, 0.011454,
		28.583454, 29.087402, 29.451286>
	pigment { color rgbt <0,1,1,0> }
	no_shadow
}
cylinder {
	<28.246515, 28.734232, 28.638746>,  <28.157124, 28.532267, 29.443268>, 0.130000
	pigment { color rgbt <1,0,0,0> }
	no_shadow
}

// nucleotide -1

// particle -1
sphere {
	<28.246515, 28.734232, 28.638746> 0.250000
	pigment { color rgbt <1,0,0,0> }
	no_shadow
}
cylinder {
	<28.520075, 28.815990, 28.918890>,  <28.684210, 28.865046, 29.086977>, 0.100000
	pigment { color rgbt <1,0,0,0> }
	no_shadow
}
cylinder {
	<28.520075, 28.815990, 28.918890>,  <28.246515, 28.734232, 28.638746>, 0.100000
	pigment { color rgbt <1,0,0,0> }
	no_shadow
}

// particle -1
sphere {
	<28.520075, 28.815990, 28.918890> 0.100000
	pigment { color rgbt <1,0,0,0> }
	no_shadow
}
sphere {
	0, 1
	scale<0.080000,0.200000,0.300000>
	matrix <0.668037, -0.561321, -0.488514,
		0.293276, 0.801960, -0.520432,
		0.683898, 0.204398, 0.700361,
		28.725245, 28.877310, 29.128998>
	pigment { color rgbt <0,1,1,0> }
	no_shadow
}
cylinder {
	<28.866192, 28.853039, 28.253708>,  <28.246515, 28.734232, 28.638746>, 0.130000
	pigment { color rgbt <1,0,0,0> }
	no_shadow
}

// nucleotide -1

// particle -1
sphere {
	<28.866192, 28.853039, 28.253708> 0.250000
	pigment { color rgbt <1,0,0,0> }
	no_shadow
}
cylinder {
	<28.962282, 28.754011, 28.629154>,  <29.019936, 28.694593, 28.854422>, 0.100000
	pigment { color rgbt <1,0,0,0> }
	no_shadow
}
cylinder {
	<28.962282, 28.754011, 28.629154>,  <28.866192, 28.853039, 28.253708>, 0.100000
	pigment { color rgbt <1,0,0,0> }
	no_shadow
}

// particle -1
sphere {
	<28.962282, 28.754011, 28.629154> 0.100000
	pigment { color rgbt <1,0,0,0> }
	no_shadow
}
sphere {
	0, 1
	scale<0.080000,0.200000,0.300000>
	matrix <0.768817, -0.541796, -0.339671,
		0.592631, 0.803222, 0.060184,
		0.240224, -0.247570, 0.938617,
		29.034349, 28.679741, 28.910740>
	pigment { color rgbt <0,1,1,0> }
	no_shadow
}
cylinder {
	<29.623253, 29.033741, 28.409822>,  <28.866192, 28.853039, 28.253708>, 0.130000
	pigment { color rgbt <1,0,0,0> }
	no_shadow
}

// nucleotide -1

// particle -1
sphere {
	<29.623253, 29.033741, 28.409822> 0.250000
	pigment { color rgbt <1,0,0,0> }
	no_shadow
}
cylinder {
	<29.510237, 28.704624, 28.607079>,  <29.442427, 28.507154, 28.725431>, 0.100000
	pigment { color rgbt <1,0,0,0> }
	no_shadow
}
cylinder {
	<29.510237, 28.704624, 28.607079>,  <29.623253, 29.033741, 28.409822>, 0.100000
	pigment { color rgbt <1,0,0,0> }
	no_shadow
}

// particle -1
sphere {
	<29.510237, 28.704624, 28.607079> 0.100000
	pigment { color rgbt <1,0,0,0> }
	no_shadow
}
sphere {
	0, 1
	scale<0.080000,0.200000,0.300000>
	matrix <0.726801, -0.519128, -0.449740,
		0.626044, 0.231346, 0.744680,
		-0.282539, -0.822791, 0.493139,
		29.425474, 28.457787, 28.755020>
	pigment { color rgbt <0,1,1,0> }
	no_shadow
}
cylinder {
	<30.121429, 28.905159, 28.930162>,  <29.623253, 29.033741, 28.409822>, 0.130000
	pigment { color rgbt <1,0,0,0> }
	no_shadow
}

// nucleotide -1

// particle -1
sphere {
	<30.121429, 28.905159, 28.930162> 0.250000
	pigment { color rgbt <1,0,0,0> }
	no_shadow
}
cylinder {
	<29.932117, 28.566851, 28.831631>,  <29.818531, 28.363865, 28.772512>, 0.100000
	pigment { color rgbt <1,0,0,0> }
	no_shadow
}
cylinder {
	<29.932117, 28.566851, 28.831631>,  <30.121429, 28.905159, 28.930162>, 0.100000
	pigment { color rgbt <1,0,0,0> }
	no_shadow
}

// particle -1
sphere {
	<29.932117, 28.566851, 28.831631> 0.100000
	pigment { color rgbt <1,0,0,0> }
	no_shadow
}
sphere {
	0, 1
	scale<0.080000,0.200000,0.300000>
	matrix <0.875333, -0.420100, -0.239391,
		0.098987, -0.328920, 0.939156,
		-0.473280, -0.845771, -0.246330,
		29.790134, 28.313120, 28.757732>
	pigment { color rgbt <0,1,1,0> }
	no_shadow
}
cylinder {
	<30.343628, 29.428020, 28.540102>,  <30.121429, 28.905159, 28.930162>, 0.130000
	pigment { color rgbt <1,0,0,0> }
	no_shadow
}

// nucleotide -1

// particle -1
sphere {
	<30.343628, 29.428020, 28.540102> 0.250000
	pigment { color rgbt <1,0,0,0> }
	no_shadow
}
cylinder {
	<29.964525, 29.507530, 28.440306>,  <29.737064, 29.555235, 28.380428>, 0.100000
	pigment { color rgbt <1,0,0,0> }
	no_shadow
}
cylinder {
	<29.964525, 29.507530, 28.440306>,  <30.343628, 29.428020, 28.540102>, 0.100000
	pigment { color rgbt <1,0,0,0> }
	no_shadow
}

// particle -1
sphere {
	<29.964525, 29.507530, 28.440306> 0.100000
	pigment { color rgbt <1,0,0,0> }
	no_shadow
}
sphere {
	0, 1
	scale<0.080000,0.200000,0.300000>
	matrix <0.242273, 0.957317, -0.157632,
		0.207509, -0.209842, -0.955461,
		-0.947757, 0.198772, -0.249491,
		29.680199, 29.567162, 28.365458>
	pigment { color rgbt <0,1,1,0> }
	no_shadow
}
cylinder {
	<30.347548, 30.152838, 28.140980>,  <30.343628, 29.428020, 28.540102>, 0.130000
	pigment { color rgbt <1,0,0,0> }
	no_shadow
}

// nucleotide -1

// particle -1
sphere {
	<30.347548, 30.152838, 28.140980> 0.250000
	pigment { color rgbt <1,0,0,0> }
	no_shadow
}
cylinder {
	<29.963011, 30.075212, 28.219116>,  <29.732288, 30.028637, 28.265999>, 0.100000
	pigment { color rgbt <1,0,0,0> }
	no_shadow
}
cylinder {
	<29.963011, 30.075212, 28.219116>,  <30.347548, 30.152838, 28.140980>, 0.100000
	pigment { color rgbt <1,0,0,0> }
	no_shadow
}

// particle -1
sphere {
	<29.963011, 30.075212, 28.219116> 0.100000
	pigment { color rgbt <1,0,0,0> }
	no_shadow
}
sphere {
	0, 1
	scale<0.080000,0.200000,0.300000>
	matrix <-0.204313, 0.978330, -0.033566,
		-0.184594, -0.072179, -0.980161,
		-0.961344, -0.194063, 0.195341,
		29.674608, 30.016993, 28.277718>
	pigment { color rgbt <0,1,1,0> }
	no_shadow
}
cylinder {
	<29.896906, 30.391106, 27.532560>,  <30.347548, 30.152838, 28.140980>, 0.130000
	pigment { color rgbt <1,0,0,0> }
	no_shadow
}

// nucleotide -1

// particle -1
sphere {
	<29.896906, 30.391106, 27.532560> 0.250000
	pigment { color rgbt <1,0,0,0> }
	no_shadow
}
cylinder {
	<29.695080, 30.392332, 27.877907>,  <29.573984, 30.393068, 28.085115>, 0.100000
	pigment { color rgbt <1,0,0,0> }
	no_shadow
}
cylinder {
	<29.695080, 30.392332, 27.877907>,  <29.896906, 30.391106, 27.532560>, 0.100000
	pigment { color rgbt <1,0,0,0> }
	no_shadow
}

// particle -1
sphere {
	<29.695080, 30.392332, 27.877907> 0.100000
	pigment { color rgbt <1,0,0,0> }
	no_shadow
}
sphere {
	0, 1
	scale<0.080000,0.200000,0.300000>
	matrix <-0.193062, 0.974271, -0.116286,
		-0.841511, -0.225358, -0.490991,
		-0.504565, 0.003065, 0.863368,
		29.543711, 30.393251, 28.136917>
	pigment { color rgbt <0,1,1,0> }
	no_shadow
}
cylinder {
	<29.186152, 30.536974, 27.443865>,  <29.896906, 30.391106, 27.532560>, 0.130000
	pigment { color rgbt <1,0,0,0> }
	no_shadow
}

// nucleotide -1

// particle -1
sphere {
	<29.186152, 30.536974, 27.443865> 0.250000
	pigment { color rgbt <1,0,0,0> }
	no_shadow
}
cylinder {
	<29.293324, 30.665648, 27.807125>,  <29.357626, 30.742851, 28.025082>, 0.100000
	pigment { color rgbt <1,0,0,0> }
	no_shadow
}
cylinder {
	<29.293324, 30.665648, 27.807125>,  <29.186152, 30.536974, 27.443865>, 0.100000
	pigment { color rgbt <1,0,0,0> }
	no_shadow
}

// particle -1
sphere {
	<29.293324, 30.665648, 27.807125> 0.100000
	pigment { color rgbt <1,0,0,0> }
	no_shadow
}
sphere {
	0, 1
	scale<0.080000,0.200000,0.300000>
	matrix <-0.148315, 0.945147, -0.291031,
		-0.951954, -0.056716, 0.300944,
		0.267930, 0.321683, 0.908148,
		29.373703, 30.762152, 28.079569>
	pigment { color rgbt <0,1,1,0> }
	no_shadow
}
cylinder {
	<29.378685, 31.058918, 27.197186>,  <29.186152, 30.536974, 27.443865>, 0.130000
	pigment { color rgbt <1,0,0,0> }
	no_shadow
}

// nucleotide -1

// particle -1
sphere {
	<29.378685, 31.058918, 27.197186> 0.250000
	pigment { color rgbt <1,0,0,0> }
	no_shadow
}
cylinder {
	<29.663275, 31.257639, 26.998392>,  <29.834028, 31.376871, 26.879116>, 0.100000
	pigment { color rgbt <1,0,0,0> }
	no_shadow
}
cylinder {
	<29.663275, 31.257639, 26.998392>,  <29.378685, 31.058918, 27.197186>, 0.100000
	pigment { color rgbt <1,0,0,0> }
	no_shadow
}

// particle -1
sphere {
	<29.663275, 31.257639, 26.998392> 0.100000
	pigment { color rgbt <1,0,0,0> }
	no_shadow
}
sphere {
	0, 1
	scale<0.080000,0.200000,0.300000>
	matrix <-0.263678, 0.844299, 0.466511,
		0.651367, -0.200866, 0.731692,
		0.711474, 0.496801, -0.496985,
		29.876717, 31.406679, 26.849297>
	pigment { color rgbt <0,1,1,0> }
	no_shadow
}
cylinder {
	<30.062634, 31.078339, 27.467180>,  <29.378685, 31.058918, 27.197186>, 0.130000
	pigment { color rgbt <1,0,0,0> }
	no_shadow
}

// nucleotide -1

// particle -1
sphere {
	<30.062634, 31.078339, 27.467180> 0.250000
	pigment { color rgbt <1,0,0,0> }
	no_shadow
}
cylinder {
	<29.974907, 31.416328, 27.272072>,  <29.922270, 31.619122, 27.155006>, 0.100000
	pigment { color rgbt <1,0,0,0> }
	no_shadow
}
cylinder {
	<29.974907, 31.416328, 27.272072>,  <30.062634, 31.078339, 27.467180>, 0.100000
	pigment { color rgbt <1,0,0,0> }
	no_shadow
}

// particle -1
sphere {
	<29.974907, 31.416328, 27.272072> 0.100000
	pigment { color rgbt <1,0,0,0> }
	no_shadow
}
sphere {
	0, 1
	scale<0.080000,0.200000,0.300000>
	matrix <-0.273843, 0.426533, 0.862020,
		0.936434, 0.322630, 0.137843,
		-0.219319, 0.844973, -0.487770,
		29.909111, 31.669821, 27.125740>
	pigment { color rgbt <0,1,1,0> }
	no_shadow
}
cylinder {
	<30.560305, 31.611582, 27.598396>,  <30.062634, 31.078339, 27.467180>, 0.130000
	pigment { color rgbt <1,0,0,0> }
	no_shadow
}

// nucleotide -1

// particle -1
sphere {
	<30.560305, 31.611582, 27.598396> 0.250000
	pigment { color rgbt <1,0,0,0> }
	no_shadow
}
cylinder {
	<30.193399, 31.758018, 27.535654>,  <29.973257, 31.845881, 27.498009>, 0.100000
	pigment { color rgbt <1,0,0,0> }
	no_shadow
}
cylinder {
	<30.193399, 31.758018, 27.535654>,  <30.560305, 31.611582, 27.598396>, 0.100000
	pigment { color rgbt <1,0,0,0> }
	no_shadow
}

// particle -1
sphere {
	<30.193399, 31.758018, 27.535654> 0.100000
	pigment { color rgbt <1,0,0,0> }
	no_shadow
}
sphere {
	0, 1
	scale<0.080000,0.200000,0.300000>
	matrix <0.046755, 0.490089, 0.870418,
		0.395527, 0.791068, -0.466657,
		-0.917264, 0.366092, -0.156856,
		29.918221, 31.867846, 27.488598>
	pigment { color rgbt <0,1,1,0> }
	no_shadow
}
cylinder {
	<30.481817, 32.303528, 27.924734>,  <30.560305, 31.611582, 27.598396>, 0.130000
	pigment { color rgbt <1,0,0,0> }
	no_shadow
}

// nucleotide -1

// particle -1
sphere {
	<30.481817, 32.303528, 27.924734> 0.250000
	pigment { color rgbt <1,0,0,0> }
	no_shadow
}
cylinder {
	<30.090500, 32.225441, 27.896929>,  <29.855709, 32.178589, 27.880245>, 0.100000
	pigment { color rgbt <1,0,0,0> }
	no_shadow
}
cylinder {
	<30.090500, 32.225441, 27.896929>,  <30.481817, 32.303528, 27.924734>, 0.100000
	pigment { color rgbt <1,0,0,0> }
	no_shadow
}

// particle -1
sphere {
	<30.090500, 32.225441, 27.896929> 0.100000
	pigment { color rgbt <1,0,0,0> }
	no_shadow
}
sphere {
	0, 1
	scale<0.080000,0.200000,0.300000>
	matrix <-0.126928, 0.299324, 0.945672,
		-0.163808, 0.933967, -0.317605,
		-0.978293, -0.195221, -0.069514,
		29.797012, 32.166874, 27.876074>
	pigment { color rgbt <0,1,1,0> }
	no_shadow
}
cylinder {
	<30.068735, 32.918777, 28.286289>,  <30.481817, 32.303528, 27.924734>, 0.130000
	pigment { color rgbt <1,0,0,0> }
	no_shadow
}

// nucleotide -1

// particle -1
sphere {
	<30.068735, 32.918777, 28.286289> 0.250000
	pigment { color rgbt <1,0,0,0> }
	no_shadow
}
cylinder {
	<29.835743, 32.593864, 28.298372>,  <29.695948, 32.398918, 28.305622>, 0.100000
	pigment { color rgbt <1,0,0,0> }
	no_shadow
}
cylinder {
	<29.835743, 32.593864, 28.298372>,  <30.068735, 32.918777, 28.286289>, 0.100000
	pigment { color rgbt <1,0,0,0> }
	no_shadow
}

// particle -1
sphere {
	<29.835743, 32.593864, 28.298372> 0.100000
	pigment { color rgbt <1,0,0,0> }
	no_shadow
}
sphere {
	0, 1
	scale<0.080000,0.200000,0.300000>
	matrix <-0.327542, 0.268562, 0.905864,
		-0.743931, 0.517754, -0.422489,
		-0.582480, -0.812284, 0.030206,
		29.660999, 32.350178, 28.307434>
	pigment { color rgbt <0,1,1,0> }
	no_shadow
}
cylinder {
	<29.437397, 33.215176, 28.442352>,  <30.068735, 32.918777, 28.286289>, 0.130000
	pigment { color rgbt <1,0,0,0> }
	no_shadow
}

// nucleotide -1

// particle -1
sphere {
	<29.437397, 33.215176, 28.442352> 0.250000
	pigment { color rgbt <1,0,0,0> }
	no_shadow
}
cylinder {
	<29.416624, 32.825241, 28.529068>,  <29.404160, 32.591282, 28.581099>, 0.100000
	pigment { color rgbt <1,0,0,0> }
	no_shadow
}
cylinder {
	<29.416624, 32.825241, 28.529068>,  <29.437397, 33.215176, 28.442352>, 0.100000
	pigment { color rgbt <1,0,0,0> }
	no_shadow
}

// particle -1
sphere {
	<29.416624, 32.825241, 28.529068> 0.100000
	pigment { color rgbt <1,0,0,0> }
	no_shadow
}
sphere {
	0, 1
	scale<0.080000,0.200000,0.300000>
	matrix <-0.410726, 0.218724, 0.885135,
		-0.910279, -0.043073, -0.411749,
		-0.051934, -0.974836, 0.216791,
		29.401043, 32.532791, 28.594105>
	pigment { color rgbt <0,1,1,0> }
	no_shadow
}
cylinder {
	<28.870115, 33.180408, 28.822599>,  <29.437397, 33.215176, 28.442352>, 0.130000
	pigment { color rgbt <1,0,0,0> }
	no_shadow
}

// nucleotide -1

// particle -1
sphere {
	<28.870115, 33.180408, 28.822599> 0.250000
	pigment { color rgbt <1,0,0,0> }
	no_shadow
}
cylinder {
	<29.047192, 32.835808, 28.922075>,  <29.153437, 32.629047, 28.981762>, 0.100000
	pigment { color rgbt <1,0,0,0> }
	no_shadow
}
cylinder {
	<29.047192, 32.835808, 28.922075>,  <28.870115, 33.180408, 28.822599>, 0.100000
	pigment { color rgbt <1,0,0,0> }
	no_shadow
}

// particle -1
sphere {
	<29.047192, 32.835808, 28.922075> 0.100000
	pigment { color rgbt <1,0,0,0> }
	no_shadow
}
sphere {
	0, 1
	scale<0.080000,0.200000,0.300000>
	matrix <-0.408517, 0.053120, 0.911204,
		-0.798211, -0.504975, -0.328420,
		0.442690, -0.861498, 0.248692,
		29.179998, 32.577358, 28.996683>
	pigment { color rgbt <0,1,1,0> }
	no_shadow
}
cylinder {
	<28.411898, 32.922478, 29.303806>,  <28.870115, 33.180408, 28.822599>, 0.130000
	pigment { color rgbt <1,0,0,0> }
	no_shadow
}

// nucleotide -1

// particle -1
sphere {
	<28.411898, 32.922478, 29.303806> 0.250000
	pigment { color rgbt <1,0,0,0> }
	no_shadow
}
cylinder {
	<28.733484, 32.686291, 29.332054>,  <28.926435, 32.544579, 29.349003>, 0.100000
	pigment { color rgbt <1,0,0,0> }
	no_shadow
}
cylinder {
	<28.733484, 32.686291, 29.332054>,  <28.411898, 32.922478, 29.303806>, 0.100000
	pigment { color rgbt <1,0,0,0> }
	no_shadow
}

// particle -1
sphere {
	<28.733484, 32.686291, 29.332054> 0.100000
	pigment { color rgbt <1,0,0,0> }
	no_shadow
}
sphere {
	0, 1
	scale<0.080000,0.200000,0.300000>
	matrix <-0.193343, -0.147235, 0.970021,
		-0.562369, -0.793517, -0.232534,
		0.803964, -0.590469, 0.070621,
		28.974674, 32.509151, 29.353241>
	pigment { color rgbt <0,1,1,0> }
	no_shadow
}
cylinder {
	<28.138102, 32.198116, 29.525608>,  <28.411898, 32.922478, 29.303806>, 0.130000
	pigment { color rgbt <1,0,0,0> }
	no_shadow
}

// nucleotide -1

// particle -1
sphere {
	<28.138102, 32.198116, 29.525608> 0.250000
	pigment { color rgbt <1,0,0,0> }
	no_shadow
}
cylinder {
	<28.507120, 32.279472, 29.656780>,  <28.728531, 32.328285, 29.735483>, 0.100000
	pigment { color rgbt <1,0,0,0> }
	no_shadow
}
cylinder {
	<28.507120, 32.279472, 29.656780>,  <28.138102, 32.198116, 29.525608>, 0.100000
	pigment { color rgbt <1,0,0,0> }
	no_shadow
}

// particle -1
sphere {
	<28.507120, 32.279472, 29.656780> 0.100000
	pigment { color rgbt <1,0,0,0> }
	no_shadow
}
sphere {
	0, 1
	scale<0.080000,0.200000,0.300000>
	matrix <-0.327194, -0.038234, 0.944183,
		0.204576, -0.978351, 0.031275,
		0.922547, 0.203391, 0.327933,
		28.783884, 32.340488, 29.755159>
	pigment { color rgbt <0,1,1,0> }
	no_shadow
}
cylinder {
	<28.321573, 31.764805, 30.144587>,  <28.138102, 32.198116, 29.525608>, 0.130000
	pigment { color rgbt <1,0,0,0> }
	no_shadow
}

// nucleotide -1

// particle -1
sphere {
	<28.321573, 31.764805, 30.144587> 0.250000
	pigment { color rgbt <1,0,0,0> }
	no_shadow
}
cylinder {
	<28.576391, 32.070461, 30.185106>,  <28.729282, 32.253857, 30.209419>, 0.100000
	pigment { color rgbt <1,0,0,0> }
	no_shadow
}
cylinder {
	<28.576391, 32.070461, 30.185106>,  <28.321573, 31.764805, 30.144587>, 0.100000
	pigment { color rgbt <1,0,0,0> }
	no_shadow
}

// particle -1
sphere {
	<28.576391, 32.070461, 30.185106> 0.100000
	pigment { color rgbt <1,0,0,0> }
	no_shadow
}
sphere {
	0, 1
	scale<0.080000,0.200000,0.300000>
	matrix <-0.303649, 0.127980, 0.944149,
		0.708500, -0.632224, 0.313560,
		0.637043, 0.764143, 0.101300,
		28.767504, 32.299706, 30.215496>
	pigment { color rgbt <0,1,1,0> }
	no_shadow
}
cylinder {
	<28.610106, 31.708872, 30.801830>,  <28.321573, 31.764805, 30.144587>, 0.130000
	pigment { color rgbt <1,0,0,0> }
	no_shadow
}

// nucleotide -1

// particle -1
sphere {
	<28.610106, 31.708872, 30.801830> 0.250000
	pigment { color rgbt <1,0,0,0> }
	no_shadow
}
cylinder {
	<28.676254, 32.093662, 30.714876>,  <28.715942, 32.324535, 30.662704>, 0.100000
	pigment { color rgbt <1,0,0,0> }
	no_shadow
}
cylinder {
	<28.676254, 32.093662, 30.714876>,  <28.610106, 31.708872, 30.801830>, 0.100000
	pigment { color rgbt <1,0,0,0> }
	no_shadow
}

// particle -1
sphere {
	<28.676254, 32.093662, 30.714876> 0.100000
	pigment { color rgbt <1,0,0,0> }
	no_shadow
}
sphere {
	0, 1
	scale<0.080000,0.200000,0.300000>
