// switches for output
#declare DRAW_BASES = 1; // possible values are 0, 1; only relevant for DNA ribbons
#declare DRAW_BASES_TYPE = 3; // possible values are 1, 2, 3; only relevant for DNA ribbons
#declare DRAW_FOG = 0; // set to 1 to enable fog

#include "colors.inc"

#include "transforms.inc"
background { rgb <1, 1, 1>}

#default {
   normal{
       ripples 0.25
       frequency 0.20
       turbulence 0.2
       lambda 5
   }
	finish {
		phong 0.1
		phong_size 40.
	}
}

// original window dimensions: 1024x640


// camera settings

camera {
	sky <0, 0.179814, -0.983701>
	up <0, 0.179814, -0.983701>
	right 1.6 * <1, 0, 0>
	location <35, 94.9851, 44.8844>
	look_at <35, 29.7336, 32.9568>
	direction <0, -65.2515, -11.9276>
	angle 67.0682
}


# declare cpy_camera_pos = <35, 94.9851, 44.8844>;
# if (DRAW_FOG = 1)
fog {
	fog_type 2
	up vnormalize(cpy_camera_pos)
	color rgbt<1,1,1,0.3>
	distance 1e-5
	fog_alt 3e-3
	fog_offset 56
}
# end


// LIGHTS

# declare lum = 6;
global_settings {
	ambient_light rgb lum * <0.05, 0.05, 0.05>
	max_trace_level 15
}# declare cpy_direct_light_amount = 0.25;
light_source
{	1000 * <-1, -1.16352, -0.803886>,
	rgb lum * cpy_direct_light_amount
	parallel
}

light_source
{	1000 * <1, 1.16352, 0.803886>,
	rgb lum * cpy_direct_light_amount
	parallel
}

// strand 0

// nucleotide -1

// particle -1
sphere {
	<24.385344, 35.235172, 35.318573> 0.250000
	pigment { color rgbt <1,0,0,0> }
	no_shadow
}
cylinder {
	<24.348291, 34.918262, 35.077335>,  <24.326061, 34.728115, 34.932594>, 0.100000
	pigment { color rgbt <1,0,0,0> }
	no_shadow
}
cylinder {
	<24.348291, 34.918262, 35.077335>,  <24.385344, 35.235172, 35.318573>, 0.100000
	pigment { color rgbt <1,0,0,0> }
	no_shadow
}

// particle -1
sphere {
	<24.348291, 34.918262, 35.077335> 0.100000
	pigment { color rgbt <1,0,0,0> }
	no_shadow
}
sphere {
	0, 1
	scale<0.080000,0.200000,0.300000>
	matrix <0.994228, -0.106528, -0.012760,
		-0.054137, -0.600794, 0.797569,
		-0.092629, -0.792274, -0.603094,
		24.320503, 34.680580, 34.896408>
	pigment { color rgbt <0,1,1,0> }
	no_shadow
}
cylinder {
	<24.647352, 34.564117, 35.604816>,  <24.385344, 35.235172, 35.318573>, 0.130000
	pigment { color rgbt <1,0,0,0> }
	no_shadow
}

// nucleotide -1

// particle -1
sphere {
	<24.647352, 34.564117, 35.604816> 0.250000
	pigment { color rgbt <1,0,0,0> }
	no_shadow
}
cylinder {
	<24.648689, 34.521000, 35.207150>,  <24.649490, 34.495129, 34.968548>, 0.100000
	pigment { color rgbt <1,0,0,0> }
	no_shadow
}
cylinder {
	<24.648689, 34.521000, 35.207150>,  <24.647352, 34.564117, 35.604816>, 0.100000
	pigment { color rgbt <1,0,0,0> }
	no_shadow
}

// particle -1
sphere {
	<24.648689, 34.521000, 35.207150> 0.100000
	pigment { color rgbt <1,0,0,0> }
	no_shadow
}
sphere {
	0, 1
	scale<0.080000,0.200000,0.300000>
	matrix <0.887006, -0.458739, 0.052719,
		-0.461746, -0.882009, 0.094078,
		0.003341, -0.107790, -0.994168,
		24.649693, 34.488663, 34.908897>
	pigment { color rgbt <0,1,1,0> }
	no_shadow
}
cylinder {
	<24.766239, 33.909653, 35.381348>,  <24.647352, 34.564117, 35.604816>, 0.130000
	pigment { color rgbt <1,0,0,0> }
	no_shadow
}

// nucleotide -1

// particle -1
sphere {
	<24.766239, 33.909653, 35.381348> 0.250000
	pigment { color rgbt <1,0,0,0> }
	no_shadow
}
cylinder {
	<24.908876, 34.081562, 35.049534>,  <24.994459, 34.184708, 34.850445>, 0.100000
	pigment { color rgbt <1,0,0,0> }
	no_shadow
}
cylinder {
	<24.908876, 34.081562, 35.049534>,  <24.766239, 33.909653, 35.381348>, 0.100000
	pigment { color rgbt <1,0,0,0> }
	no_shadow
}

// particle -1
sphere {
	<24.908876, 34.081562, 35.049534> 0.100000
	pigment { color rgbt <1,0,0,0> }
	no_shadow
}
sphere {
	0, 1
	scale<0.080000,0.200000,0.300000>
	matrix <0.694366, -0.715966, -0.072450,
		-0.625058, -0.550167, -0.553731,
		0.356593, 0.429778, -0.829538,
		25.015854, 34.210495, 34.800671>
	pigment { color rgbt <0,1,1,0> }
	no_shadow
}
cylinder {
	<24.783798, 33.438931, 34.858982>,  <24.766239, 33.909653, 35.381348>, 0.130000
	pigment { color rgbt <1,0,0,0> }
	no_shadow
}

// nucleotide -1

// particle -1
sphere {
	<24.783798, 33.438931, 34.858982> 0.250000
	pigment { color rgbt <1,0,0,0> }
	no_shadow
}
cylinder {
	<25.046642, 33.720318, 34.750652>,  <25.204350, 33.889149, 34.685654>, 0.100000
	pigment { color rgbt <1,0,0,0> }
	no_shadow
}
cylinder {
	<25.046642, 33.720318, 34.750652>,  <24.783798, 33.438931, 34.858982>, 0.100000
	pigment { color rgbt <1,0,0,0> }
	no_shadow
}

// particle -1
sphere {
	<25.046642, 33.720318, 34.750652> 0.100000
	pigment { color rgbt <1,0,0,0> }
	no_shadow
}
sphere {
	0, 1
	scale<0.080000,0.200000,0.300000>
	matrix <0.611615, -0.707571, -0.353935,
		-0.440606, 0.066935, -0.895201,
		0.657110, 0.703465, -0.270822,
		25.243774, 33.931358, 34.669407>
	pigment { color rgbt <0,1,1,0> }
	no_shadow
}
cylinder {
	<24.835815, 33.523689, 34.081631>,  <24.783798, 33.438931, 34.858982>, 0.130000
	pigment { color rgbt <1,0,0,0> }
	no_shadow
}

// nucleotide -1

// particle -1
sphere {
	<24.835815, 33.523689, 34.081631> 0.250000
	pigment { color rgbt <1,0,0,0> }
	no_shadow
}
cylinder {
	<25.175056, 33.650574, 34.251381>,  <25.378601, 33.726704, 34.353230>, 0.100000
	pigment { color rgbt <1,0,0,0> }
	no_shadow
}
cylinder {
	<25.175056, 33.650574, 34.251381>,  <24.835815, 33.523689, 34.081631>, 0.100000
	pigment { color rgbt <1,0,0,0> }
	no_shadow
}

// particle -1
sphere {
	<25.175056, 33.650574, 34.251381> 0.100000
	pigment { color rgbt <1,0,0,0> }
	no_shadow
}
sphere {
	0, 1
	scale<0.080000,0.200000,0.300000>
	matrix <0.441843, -0.865470, -0.236087,
		0.292395, 0.387734, -0.874167,
		0.848104, 0.317214, 0.424377,
		25.429487, 33.745739, 34.378693>
	pigment { color rgbt <0,1,1,0> }
	no_shadow
}
cylinder {
	<25.432821, 33.291901, 33.576763>,  <24.835815, 33.523689, 34.081631>, 0.130000
	pigment { color rgbt <1,0,0,0> }
	no_shadow
}

// nucleotide -1

// particle -1
sphere {
	<25.432821, 33.291901, 33.576763> 0.250000
	pigment { color rgbt <1,0,0,0> }
	no_shadow
}
cylinder {
	<25.557240, 33.344749, 33.953232>,  <25.631891, 33.376457, 34.179111>, 0.100000
	pigment { color rgbt <1,0,0,0> }
	no_shadow
}
cylinder {
	<25.557240, 33.344749, 33.953232>,  <25.432821, 33.291901, 33.576763>, 0.100000
	pigment { color rgbt <1,0,0,0> }
	no_shadow
}

// particle -1
sphere {
	<25.557240, 33.344749, 33.953232> 0.100000
	pigment { color rgbt <1,0,0,0> }
	no_shadow
}
sphere {
	0, 1
	scale<0.080000,0.200000,0.300000>
	matrix <0.397749, -0.917491, -0.002658,
		0.863161, 0.375175, -0.337931,
		0.311046, 0.132118, 0.941167,
		25.650553, 33.384384, 34.235580>
	pigment { color rgbt <0,1,1,0> }
	no_shadow
}
cylinder {
	<25.906698, 32.807507, 33.615322>,  <25.432821, 33.291901, 33.576763>, 0.130000
	pigment { color rgbt <1,0,0,0> }
	no_shadow
}

// nucleotide -1

// particle -1
sphere {
	<25.906698, 32.807507, 33.615322> 0.250000
	pigment { color rgbt <1,0,0,0> }
	no_shadow
}
cylinder {
	<25.893562, 32.937115, 33.993515>,  <25.885681, 33.014877, 34.220432>, 0.100000
	pigment { color rgbt <1,0,0,0> }
	no_shadow
}
cylinder {
	<25.893562, 32.937115, 33.993515>,  <25.906698, 32.807507, 33.615322>, 0.100000
	pigment { color rgbt <1,0,0,0> }
	no_shadow
}

// particle -1
sphere {
	<25.893562, 32.937115, 33.993515> 0.100000
	pigment { color rgbt <1,0,0,0> }
	no_shadow
}
sphere {
	0, 1
	scale<0.080000,0.200000,0.300000>
	matrix <0.583435, -0.761867, 0.281358,
		0.811495, 0.560867, -0.164023,
		-0.032841, 0.324017, 0.945481,
		25.883711, 33.034321, 34.277161>
	pigment { color rgbt <0,1,1,0> }
	no_shadow
}
cylinder {
	<26.612041, 32.997154, 33.794304>,  <25.906698, 32.807507, 33.615322>, 0.130000
	pigment { color rgbt <1,0,0,0> }
	no_shadow
}

// nucleotide -1

// particle -1
sphere {
	<26.612041, 32.997154, 33.794304> 0.250000
	pigment { color rgbt <1,0,0,0> }
	no_shadow
}
cylinder {
	<26.386505, 32.898792, 34.109673>,  <26.251183, 32.839775, 34.298893>, 0.100000
	pigment { color rgbt <1,0,0,0> }
	no_shadow
}
cylinder {
	<26.386505, 32.898792, 34.109673>,  <26.612041, 32.997154, 33.794304>, 0.100000
	pigment { color rgbt <1,0,0,0> }
	no_shadow
}

// particle -1
sphere {
	<26.386505, 32.898792, 34.109673> 0.100000
	pigment { color rgbt <1,0,0,0> }
	no_shadow
}
sphere {
	0, 1
	scale<0.080000,0.200000,0.300000>
	matrix <0.526451, -0.842569, 0.113698,
		0.636344, 0.479175, 0.604531,
		-0.563840, -0.245905, 0.788426,
		26.217354, 32.825020, 34.346199>
	pigment { color rgbt <0,1,1,0> }
	no_shadow
}
cylinder {
	<27.057806, 32.895885, 34.400490>,  <26.612041, 32.997154, 33.794304>, 0.130000
	pigment { color rgbt <1,0,0,0> }
	no_shadow
}

// nucleotide -1

// particle -1
sphere {
	<27.057806, 32.895885, 34.400490> 0.250000
	pigment { color rgbt <1,0,0,0> }
	no_shadow
}
cylinder {
	<26.735867, 32.672565, 34.481003>,  <26.542704, 32.538574, 34.529312>, 0.100000
	pigment { color rgbt <1,0,0,0> }
	no_shadow
}
cylinder {
	<26.735867, 32.672565, 34.481003>,  <27.057806, 32.895885, 34.400490>, 0.100000
	pigment { color rgbt <1,0,0,0> }
	no_shadow
}

// particle -1
sphere {
	<26.735867, 32.672565, 34.481003> 0.100000
	pigment { color rgbt <1,0,0,0> }
	no_shadow
}
sphere {
	0, 1
	scale<0.080000,0.200000,0.300000>
	matrix <0.592745, -0.739337, 0.319429,
		-0.029521, 0.376402, 0.925986,
		-0.804849, -0.558303, 0.201285,
		26.494411, 32.505074, 34.541389>
	pigment { color rgbt <0,1,1,0> }
	no_shadow
}
cylinder {
	<27.184027, 32.443043, 35.072334>,  <27.057806, 32.895885, 34.400490>, 0.130000
	pigment { color rgbt <1,0,0,0> }
	no_shadow
}

// nucleotide -1

// particle -1
sphere {
	<27.184027, 32.443043, 35.072334> 0.250000
	pigment { color rgbt <1,0,0,0> }
	no_shadow
}
cylinder {
	<26.880274, 32.270657, 34.877354>,  <26.698021, 32.167225, 34.760365>, 0.100000
	pigment { color rgbt <1,0,0,0> }
	no_shadow
}
cylinder {
	<26.880274, 32.270657, 34.877354>,  <27.184027, 32.443043, 35.072334>, 0.100000
	pigment { color rgbt <1,0,0,0> }
	no_shadow
}

// particle -1
sphere {
	<26.880274, 32.270657, 34.877354> 0.100000
	pigment { color rgbt <1,0,0,0> }
	no_shadow
}
sphere {
	0, 1
	scale<0.080000,0.200000,0.300000>
	matrix <0.433723, -0.893742, 0.114493,
		-0.484995, -0.124473, 0.865613,
		-0.759384, -0.430965, -0.487448,
		26.652458, 32.141369, 34.731121>
	pigment { color rgbt <0,1,1,0> }
	no_shadow
}
cylinder {
	<27.016535, 31.889963, 35.459835>,  <27.184027, 32.443043, 35.072334>, 0.130000
	pigment { color rgbt <1,0,0,0> }
	no_shadow
}

// nucleotide -1

// particle -1
sphere {
	<27.016535, 31.889963, 35.459835> 0.250000
	pigment { color rgbt <1,0,0,0> }
	no_shadow
}
cylinder {
	<26.838984, 31.801149, 35.112579>,  <26.732452, 31.747862, 34.904224>, 0.100000
	pigment { color rgbt <1,0,0,0> }
	no_shadow
}
cylinder {
	<26.838984, 31.801149, 35.112579>,  <27.016535, 31.889963, 35.459835>, 0.100000
	pigment { color rgbt <1,0,0,0> }
	no_shadow
}

// particle -1
sphere {
	<26.838984, 31.801149, 35.112579> 0.100000
	pigment { color rgbt <1,0,0,0> }
	no_shadow
}
sphere {
	0, 1
	scale<0.080000,0.200000,0.300000>
	matrix <0.185077, -0.970643, 0.153618,
		-0.876766, -0.092486, 0.471941,
		-0.443879, -0.222033, -0.868144,
		26.705820, 31.734539, 34.852135>
	pigment { color rgbt <0,1,1,0> }
	no_shadow
}
cylinder {
	<26.655359, 31.325441, 35.643726>,  <27.016535, 31.889963, 35.459835>, 0.130000
	pigment { color rgbt <1,0,0,0> }
	no_shadow
}

// nucleotide -1

// particle -1
sphere {
	<26.655359, 31.325441, 35.643726> 0.250000
	pigment { color rgbt <1,0,0,0> }
	no_shadow
}
cylinder {
	<26.711662, 31.328970, 35.247723>,  <26.745443, 31.331087, 35.010120>, 0.100000
	pigment { color rgbt <1,0,0,0> }
	no_shadow
}
cylinder {
	<26.711662, 31.328970, 35.247723>,  <26.655359, 31.325441, 35.643726>, 0.100000
	pigment { color rgbt <1,0,0,0> }
	no_shadow
}

// particle -1
sphere {
	<26.711662, 31.328970, 35.247723> 0.100000
	pigment { color rgbt <1,0,0,0> }
	no_shadow
}
sphere {
	0, 1
	scale<0.080000,0.200000,0.300000>
	matrix <0.346594, -0.937122, 0.040929,
		-0.927395, -0.348890, -0.134963,
		0.140756, 0.008820, -0.990005,
		26.753889, 31.331615, 34.950722>
	pigment { color rgbt <0,1,1,0> }
	no_shadow
}
cylinder {
	<26.456043, 30.724758, 35.497330>,  <26.655359, 31.325441, 35.643726>, 0.130000
	pigment { color rgbt <1,0,0,0> }
	no_shadow
}

// nucleotide -1

// particle -1
sphere {
	<26.456043, 30.724758, 35.497330> 0.250000
	pigment { color rgbt <1,0,0,0> }
	no_shadow
}
cylinder {
	<26.676462, 30.843082, 35.185215>,  <26.808714, 30.914078, 34.997948>, 0.100000
	pigment { color rgbt <1,0,0,0> }
	no_shadow
}
cylinder {
	<26.676462, 30.843082, 35.185215>,  <26.456043, 30.724758, 35.497330>, 0.100000
	pigment { color rgbt <1,0,0,0> }
	no_shadow
}

// particle -1
sphere {
	<26.676462, 30.843082, 35.185215> 0.100000
	pigment { color rgbt <1,0,0,0> }
	no_shadow
}
sphere {
	0, 1
	scale<0.080000,0.200000,0.300000>
	matrix <0.490612, -0.871228, 0.016189,
		-0.675015, -0.391737, -0.625217,
		0.551048, 0.295811, -0.780283,
		26.841776, 30.931826, 34.951130>
	pigment { color rgbt <0,1,1,0> }
	no_shadow
}
cylinder {
	<26.349846, 30.234047, 34.935169>,  <26.456043, 30.724758, 35.497330>, 0.130000
	pigment { color rgbt <1,0,0,0> }
	no_shadow
}

// nucleotide -1

// particle -1
sphere {
	<26.349846, 30.234047, 34.935169> 0.250000
	pigment { color rgbt <1,0,0,0> }
	no_shadow
}
cylinder {
	<26.701078, 30.420694, 34.892757>,  <26.911818, 30.532682, 34.867310>, 0.100000
	pigment { color rgbt <1,0,0,0> }
	no_shadow
}
cylinder {
	<26.701078, 30.420694, 34.892757>,  <26.349846, 30.234047, 34.935169>, 0.100000
	pigment { color rgbt <1,0,0,0> }
	no_shadow
}

// particle -1
sphere {
	<26.701078, 30.420694, 34.892757> 0.100000
	pigment { color rgbt <1,0,0,0> }
	no_shadow
}
sphere {
	0, 1
	scale<0.080000,0.200000,0.300000>
	matrix <0.456259, -0.883220, -0.108396,
		-0.144226, 0.046804, -0.988437,
		0.878081, 0.466617, -0.106028,
		26.964502, 30.560680, 34.860950>
	pigment { color rgbt <0,1,1,0> }
	no_shadow
}
cylinder {
	<26.695097, 29.848177, 34.533310>,  <26.349846, 30.234047, 34.935169>, 0.130000
	pigment { color rgbt <1,0,0,0> }
	no_shadow
}

// nucleotide -1

// particle -1
sphere {
	<26.695097, 29.848177, 34.533310> 0.250000
	pigment { color rgbt <1,0,0,0> }
	no_shadow
}
cylinder {
	<27.008583, 30.053717, 34.672882>,  <27.196674, 30.177040, 34.756626>, 0.100000
	pigment { color rgbt <1,0,0,0> }
	no_shadow
}
cylinder {
	<27.008583, 30.053717, 34.672882>,  <26.695097, 29.848177, 34.533310>, 0.100000
	pigment { color rgbt <1,0,0,0> }
	no_shadow
}

// particle -1
sphere {
	<27.008583, 30.053717, 34.672882> 0.100000
	pigment { color rgbt <1,0,0,0> }
	no_shadow
}
sphere {
	0, 1
	scale<0.080000,0.200000,0.300000>
	matrix <0.604216, -0.760887, -0.236586,
		0.143925, 0.396243, -0.906795,
		0.783714, 0.513850, 0.348927,
		27.243698, 30.207872, 34.777561>
	pigment { color rgbt <0,1,1,0> }
	no_shadow
}
cylinder {
	<27.249866, 29.657858, 34.140305>,  <26.695097, 29.848177, 34.533310>, 0.130000
	pigment { color rgbt <1,0,0,0> }
	no_shadow
}

// nucleotide -1

// particle -1
sphere {
	<27.249866, 29.657858, 34.140305> 0.250000
	pigment { color rgbt <1,0,0,0> }
	no_shadow
}
cylinder {
	<27.453619, 29.778017, 34.462868>,  <27.575871, 29.850113, 34.656406>, 0.100000
	pigment { color rgbt <1,0,0,0> }
	no_shadow
}
cylinder {
	<27.453619, 29.778017, 34.462868>,  <27.249866, 29.657858, 34.140305>, 0.100000
	pigment { color rgbt <1,0,0,0> }
	no_shadow
}

// particle -1
sphere {
	<27.453619, 29.778017, 34.462868> 0.100000
	pigment { color rgbt <1,0,0,0> }
	no_shadow
}
sphere {
	0, 1
	scale<0.080000,0.200000,0.300000>
	matrix <0.739423, -0.632157, -0.231584,
		0.440208, 0.714240, -0.544130,
		0.509382, 0.300397, 0.806406,
		27.606434, 29.868135, 34.704788>
	pigment { color rgbt <0,1,1,0> }
	no_shadow
}
cylinder {
	<27.751713, 29.882168, 33.879932>,  <27.249866, 29.657858, 34.140305>, 0.130000
	pigment { color rgbt <1,0,0,0> }
	no_shadow
}

// nucleotide -1

// particle -1
sphere {
	<27.751713, 29.882168, 33.879932> 0.250000
	pigment { color rgbt <1,0,0,0> }
	no_shadow
}
cylinder {
	<27.881811, 29.827154, 34.254162>,  <27.959871, 29.794146, 34.478699>, 0.100000
	pigment { color rgbt <1,0,0,0> }
	no_shadow
}
cylinder {
	<27.881811, 29.827154, 34.254162>,  <27.751713, 29.882168, 33.879932>, 0.100000
	pigment { color rgbt <1,0,0,0> }
	no_shadow
}

// particle -1
sphere {
	<27.881811, 29.827154, 34.254162> 0.100000
	pigment { color rgbt <1,0,0,0> }
	no_shadow
}
sphere {
	0, 1
	scale<0.080000,0.200000,0.300000>
	matrix <0.716180, -0.610230, -0.338683,
		0.617495, 0.780195, -0.099977,
		0.325248, -0.137533, 0.935574,
		27.979385, 29.785894, 34.534836>
	pigment { color rgbt <0,1,1,0> }
	no_shadow
}
cylinder {
	<28.477434, 30.010160, 33.833092>,  <27.751713, 29.882168, 33.879932>, 0.130000
	pigment { color rgbt <1,0,0,0> }
	no_shadow
}

// nucleotide -1

// particle -1
sphere {
	<28.477434, 30.010160, 33.833092> 0.250000
	pigment { color rgbt <1,0,0,0> }
	no_shadow
}
cylinder {
	<28.402464, 29.784557, 34.154778>,  <28.357481, 29.649195, 34.347790>, 0.100000
	pigment { color rgbt <1,0,0,0> }
	no_shadow
}
cylinder {
	<28.402464, 29.784557, 34.154778>,  <28.477434, 30.010160, 33.833092>, 0.100000
	pigment { color rgbt <1,0,0,0> }
	no_shadow
}

// particle -1
sphere {
	<28.402464, 29.784557, 34.154778> 0.100000
	pigment { color rgbt <1,0,0,0> }
	no_shadow
}
sphere {
	0, 1
	scale<0.080000,0.200000,0.300000>
	matrix <0.835262, -0.522363, -0.171680,
		0.516922, 0.639555, 0.569000,
		-0.187426, -0.564009, 0.804217,
		28.346235, 29.615355, 34.396042>
	pigment { color rgbt <0,1,1,0> }
	no_shadow
}
cylinder {
	<29.149206, 29.844873, 34.108505>,  <28.477434, 30.010160, 33.833092>, 0.130000
	pigment { color rgbt <1,0,0,0> }
	no_shadow
}

// nucleotide -1

// particle -1
sphere {
	<29.149206, 29.844873, 34.108505> 0.250000
	pigment { color rgbt <1,0,0,0> }
	no_shadow
}
cylinder {
	<28.950945, 29.573400, 34.325287>,  <28.831987, 29.410517, 34.455357>, 0.100000
	pigment { color rgbt <1,0,0,0> }
	no_shadow
}
cylinder {
	<28.950945, 29.573400, 34.325287>,  <29.149206, 29.844873, 34.108505>, 0.100000
	pigment { color rgbt <1,0,0,0> }
	no_shadow
}

// particle -1
sphere {
	<28.950945, 29.573400, 34.325287> 0.100000
	pigment { color rgbt <1,0,0,0> }
	no_shadow
}
sphere {
	0, 1
	scale<0.080000,0.200000,0.300000>
	matrix <0.806919, -0.590659, -0.001692,
		0.321260, 0.436477, 0.840405,
		-0.495655, -0.678683, 0.541956,
		28.802248, 29.369795, 34.487873>
	pigment { color rgbt <0,1,1,0> }
	no_shadow
}
cylinder {
	<29.610138, 29.698889, 34.627411>,  <29.149206, 29.844873, 34.108505>, 0.130000
	pigment { color rgbt <1,0,0,0> }
	no_shadow
}

// nucleotide -1

// particle -1
sphere {
	<29.610138, 29.698889, 34.627411> 0.250000
	pigment { color rgbt <1,0,0,0> }
	no_shadow
}
cylinder {
	<29.347681, 29.398514, 34.597553>,  <29.190207, 29.218288, 34.579639>, 0.100000
	pigment { color rgbt <1,0,0,0> }
	no_shadow
}
cylinder {
	<29.347681, 29.398514, 34.597553>,  <29.610138, 29.698889, 34.627411>, 0.100000
	pigment { color rgbt <1,0,0,0> }
	no_shadow
}

// particle -1
sphere {
	<29.347681, 29.398514, 34.597553> 0.100000
	pigment { color rgbt <1,0,0,0> }
	no_shadow
}
sphere {
	0, 1
	scale<0.080000,0.200000,0.300000>
	matrix <0.732782, -0.610378, -0.300780,
		0.180303, -0.252055, 0.950767,
		-0.656141, -0.750937, -0.074648,
		29.150839, 29.173233, 34.575157>
	pigment { color rgbt <0,1,1,0> }
	no_shadow
}
cylinder {
	<29.937334, 29.213057, 34.995808>,  <29.610138, 29.698889, 34.627411>, 0.130000
	pigment { color rgbt <1,0,0,0> }
	no_shadow
}

// nucleotide -1

// particle -1
sphere {
	<29.937334, 29.213057, 34.995808> 0.250000
	pigment { color rgbt <1,0,0,0> }
	no_shadow
}
cylinder {
	<29.672810, 28.997194, 34.787407>,  <29.514095, 28.867678, 34.662369>, 0.100000
	pigment { color rgbt <1,0,0,0> }
	no_shadow
}
cylinder {
	<29.672810, 28.997194, 34.787407>,  <29.937334, 29.213057, 34.995808>, 0.100000
	pigment { color rgbt <1,0,0,0> }
	no_shadow
}

// particle -1
sphere {
	<29.672810, 28.997194, 34.787407> 0.100000
	pigment { color rgbt <1,0,0,0> }
	no_shadow
}
sphere {
	0, 1
	scale<0.080000,0.200000,0.300000>
	matrix <0.728293, -0.628232, -0.273705,
		-0.179601, -0.560444, 0.808483,
		-0.661311, -0.539655, -0.520999,
		29.474417, 28.835299, 34.631107>
	pigment { color rgbt <0,1,1,0> }
	no_shadow
}
cylinder {
	<30.160896, 28.513174, 35.188019>,  <29.937334, 29.213057, 34.995808>, 0.130000
	pigment { color rgbt <1,0,0,0> }
	no_shadow
}

// nucleotide -1

// particle -1
sphere {
	<30.160896, 28.513174, 35.188019> 0.250000
	pigment { color rgbt <1,0,0,0> }
	no_shadow
}
cylinder {
	<29.955833, 28.489115, 34.845425>,  <29.832796, 28.474680, 34.639870>, 0.100000
	pigment { color rgbt <1,0,0,0> }
	no_shadow
}
cylinder {
	<29.955833, 28.489115, 34.845425>,  <30.160896, 28.513174, 35.188019>, 0.100000
	pigment { color rgbt <1,0,0,0> }
	no_shadow
}

// particle -1
sphere {
	<29.955833, 28.489115, 34.845425> 0.100000
	pigment { color rgbt <1,0,0,0> }
	no_shadow
}
sphere {
	0, 1
	scale<0.080000,0.200000,0.300000>
	matrix <0.732311, -0.551390, -0.399612,
		-0.448221, -0.832077, 0.326722,
		-0.512659, -0.060148, -0.856483,
		29.802036, 28.471071, 34.588478>
	pigment { color rgbt <0,1,1,0> }
	no_shadow
}
cylinder {
	<30.169487, 27.851965, 35.082085>,  <30.160896, 28.513174, 35.188019>, 0.130000
	pigment { color rgbt <1,0,0,0> }
	no_shadow
}

// nucleotide -1

// particle -1
sphere {
	<30.169487, 27.851965, 35.082085> 0.250000
	pigment { color rgbt <1,0,0,0> }
	no_shadow
}
cylinder {
	<30.088541, 28.026806, 34.731544>,  <30.039972, 28.131710, 34.521221>, 0.100000
	pigment { color rgbt <1,0,0,0> }
	no_shadow
}
cylinder {
	<30.088541, 28.026806, 34.731544>,  <30.169487, 27.851965, 35.082085>, 0.100000
	pigment { color rgbt <1,0,0,0> }
	no_shadow
}

// particle -1
sphere {
	<30.088541, 28.026806, 34.731544> 0.100000
	pigment { color rgbt <1,0,0,0> }
	no_shadow
}
sphere {
	0, 1
	scale<0.080000,0.200000,0.300000>
	matrix <0.826172, -0.404281, -0.392424,
		-0.525821, -0.803430, -0.279308,
		-0.202366, 0.437101, -0.876351,
		30.027832, 28.157936, 34.468639>
	pigment { color rgbt <0,1,1,0> }
	no_shadow
}
cylinder {
	<30.375164, 27.324869, 34.650372>,  <30.169487, 27.851965, 35.082085>, 0.130000
	pigment { color rgbt <1,0,0,0> }
	no_shadow
}

// nucleotide -1

// particle -1
sphere {
	<30.375164, 27.324869, 34.650372> 0.250000
	pigment { color rgbt <1,0,0,0> }
	no_shadow
}
cylinder {
	<30.350334, 27.656277, 34.427769>,  <30.335436, 27.855122, 34.294209>, 0.100000
	pigment { color rgbt <1,0,0,0> }
	no_shadow
}
cylinder {
	<30.350334, 27.656277, 34.427769>,  <30.375164, 27.324869, 34.650372>, 0.100000
	pigment { color rgbt <1,0,0,0> }
	no_shadow
}

// particle -1
sphere {
	<30.350334, 27.656277, 34.427769> 0.100000
	pigment { color rgbt <1,0,0,0> }
	no_shadow
}
sphere {
	0, 1
	scale<0.080000,0.200000,0.300000>
	matrix <0.805818, -0.287391, -0.517749,
		-0.588901, -0.480584, -0.649796,
		-0.062076, 0.828520, -0.556508,
		30.331711, 27.904833, 34.260815>
	pigment { color rgbt <0,1,1,0> }
	no_shadow
}
cylinder {
	<30.387087, 27.157078, 33.923973>,  <30.375164, 27.324869, 34.650372>, 0.130000
	pigment { color rgbt <1,0,0,0> }
	no_shadow
}

// nucleotide -1

// particle -1
sphere {
	<30.387087, 27.157078, 33.923973> 0.250000
	pigment { color rgbt <1,0,0,0> }
	no_shadow
}
cylinder {
	<30.513275, 27.533672, 33.971436>,  <30.588987, 27.759630, 33.999912>, 0.100000
	pigment { color rgbt <1,0,0,0> }
	no_shadow
}
cylinder {
	<30.513275, 27.533672, 33.971436>,  <30.387087, 27.157078, 33.923973>, 0.100000
	pigment { color rgbt <1,0,0,0> }
	no_shadow
}

// particle -1
sphere {
	<30.513275, 27.533672, 33.971436> 0.100000
	pigment { color rgbt <1,0,0,0> }
	no_shadow
}
sphere {
	0, 1
	scale<0.080000,0.200000,0.300000>
	matrix <0.847525, -0.223301, -0.481496,
		-0.426827, 0.252461, -0.868379,
		0.315469, 0.941488, 0.118656,
		30.607916, 27.816118, 34.007034>
	pigment { color rgbt <0,1,1,0> }
	no_shadow
}
cylinder {
	<30.686817, 27.462782, 33.206894>,  <30.387087, 27.157078, 33.923973>, 0.130000
	pigment { color rgbt <1,0,0,0> }
	no_shadow
}

// nucleotide -1

// particle -1
sphere {
	<30.686817, 27.462782, 33.206894> 0.250000
	pigment { color rgbt <1,0,0,0> }
	no_shadow
}
cylinder {
	<30.846420, 27.636360, 33.529999>,  <30.942183, 27.740507, 33.723862>, 0.100000
	pigment { color rgbt <1,0,0,0> }
	no_shadow
}
cylinder {
	<30.846420, 27.636360, 33.529999>,  <30.686817, 27.462782, 33.206894>, 0.100000
	pigment { color rgbt <1,0,0,0> }
	no_shadow
}

// particle -1
sphere {
	<30.846420, 27.636360, 33.529999> 0.100000
	pigment { color rgbt <1,0,0,0> }
	no_shadow
}
sphere {
	0, 1
	scale<0.080000,0.200000,0.300000>
	matrix <0.915399, -0.137322, -0.378401,
		-0.053281, 0.890413, -0.452025,
		0.399006, 0.433945, 0.807766,
		30.966122, 27.766544, 33.772327>
	pigment { color rgbt <0,1,1,0> }
	no_shadow
}
cylinder {
	<31.164001, 28.024418, 32.949249>,  <30.686817, 27.462782, 33.206894>, 0.130000
	pigment { color rgbt <1,0,0,0> }
	no_shadow
}

// nucleotide -1

// particle -1
sphere {
	<31.164001, 28.024418, 32.949249> 0.250000
	pigment { color rgbt <1,0,0,0> }
	no_shadow
}
cylinder {
	<31.253206, 27.835617, 33.290421>,  <31.306728, 27.722336, 33.495121>, 0.100000
	pigment { color rgbt <1,0,0,0> }
	no_shadow
}
cylinder {
	<31.253206, 27.835617, 33.290421>,  <31.164001, 28.024418, 32.949249>, 0.100000
	pigment { color rgbt <1,0,0,0> }
	no_shadow
}

// particle -1
sphere {
	<31.253206, 27.835617, 33.290421> 0.100000
	pigment { color rgbt <1,0,0,0> }
	no_shadow
}
sphere {
	0, 1
	scale<0.080000,0.200000,0.300000>
	matrix <0.871334, -0.295792, -0.391515,
		0.437085, 0.830494, 0.345307,
		0.223012, -0.472003, 0.852924,
		31.320110, 27.694016, 33.546299>
	pigment { color rgbt <0,1,1,0> }
	no_shadow
}
cylinder {
	<31.886908, 28.240047, 33.323639>,  <31.164001, 28.024418, 32.949249>, 0.130000
	pigment { color rgbt <1,0,0,0> }
	no_shadow
}

// nucleotide -1

// particle -1
sphere {
	<31.886908, 28.240047, 33.323639> 0.250000
	pigment { color rgbt <1,0,0,0> }
	no_shadow
}
cylinder {
	<31.775324, 27.861380, 33.388134>,  <31.708374, 27.634178, 33.426830>, 0.100000
	pigment { color rgbt <1,0,0,0> }
	no_shadow
}
cylinder {
	<31.775324, 27.861380, 33.388134>,  <31.886908, 28.240047, 33.323639>, 0.100000
	pigment { color rgbt <1,0,0,0> }
	no_shadow
}

// particle -1
sphere {
	<31.775324, 27.861380, 33.388134> 0.100000
	pigment { color rgbt <1,0,0,0> }
	no_shadow
}
sphere {
	0, 1
	scale<0.080000,0.200000,0.300000>
	matrix <0.818409, -0.322206, -0.475804,
		0.502382, -0.000769, 0.864645,
		-0.278960, -0.946669, 0.161241,
		31.691635, 27.577379, 33.436508>
	pigment { color rgbt <0,1,1,0> }
	no_shadow
}
cylinder {
	<32.363228, 28.427969, 33.905678>,  <31.886908, 28.240047, 33.323639>, 0.130000
	pigment { color rgbt <1,0,0,0> }
	no_shadow
}

// nucleotide -1

// particle -1
sphere {
	<32.363228, 28.427969, 33.905678> 0.250000
	pigment { color rgbt <1,0,0,0> }
	no_shadow
}
cylinder {
	<32.365749, 28.311590, 34.288364>,  <32.367260, 28.241762, 34.517979>, 0.100000
	pigment { color rgbt <1,0,0,0> }
	no_shadow
}
cylinder {
	<32.365749, 28.311590, 34.288364>,  <32.363228, 28.427969, 33.905678>, 0.100000
	pigment { color rgbt <1,0,0,0> }
	no_shadow
}

// particle -1
sphere {
	<32.365749, 28.311590, 34.288364> 0.100000
	pigment { color rgbt <1,0,0,0> }
	no_shadow
}
sphere {
	0, 1
	scale<0.080000,0.200000,0.300000>
	matrix <-0.916020, 0.382060, 0.122220,
		-0.401083, -0.877143, -0.264106,
		0.006300, -0.290947, 0.956718,
		32.367638, 28.224306, 34.575378>
	pigment { color rgbt <0,1,1,0> }
	no_shadow
}
cylinder {
	<32.751995, 28.965216, 34.396427>,  <32.363228, 28.427969, 33.905678>, 0.130000
	pigment { color rgbt <1,0,0,0> }
	no_shadow
}

// nucleotide -1

// particle -1
sphere {
	<32.751995, 28.965216, 34.396427> 0.250000
	pigment { color rgbt <1,0,0,0> }
	no_shadow
}
cylinder {
	<32.959927, 28.966124, 34.054718>,  <33.084686, 28.966669, 33.849693>, 0.100000
	pigment { color rgbt <1,0,0,0> }
	no_shadow
}
cylinder {
	<32.959927, 28.966124, 34.054718>,  <32.751995, 28.965216, 34.396427>, 0.100000
	pigment { color rgbt <1,0,0,0> }
	no_shadow
}

// particle -1
sphere {
	<32.959927, 28.966124, 34.054718> 0.100000
	pigment { color rgbt <1,0,0,0> }
	no_shadow
}
sphere {
	0, 1
	scale<0.080000,0.200000,0.300000>
	matrix <0.805045, 0.333255, 0.490758,
		0.285803, -0.942834, 0.171409,
		0.519826, 0.002268, -0.854269,
		33.115875, 28.966805, 33.798439>
	pigment { color rgbt <0,1,1,0> }
	no_shadow
}
cylinder {
	<33.312572, 28.416500, 34.388485>,  <32.751995, 28.965216, 34.396427>, 0.130000
	pigment { color rgbt <1,0,0,0> }
	no_shadow
}

// nucleotide -1

// particle -1
sphere {
	<33.312572, 28.416500, 34.388485> 0.250000
	pigment { color rgbt <1,0,0,0> }
	no_shadow
}
cylinder {
	<33.383434, 28.742477, 34.167763>,  <33.425953, 28.938063, 34.035332>, 0.100000
	pigment { color rgbt <1,0,0,0> }
	no_shadow
}
cylinder {
	<33.383434, 28.742477, 34.167763>,  <33.312572, 28.416500, 34.388485>, 0.100000
	pigment { color rgbt <1,0,0,0> }
	no_shadow
}

// particle -1
sphere {
	<33.383434, 28.742477, 34.167763> 0.100000
	pigment { color rgbt <1,0,0,0> }
	no_shadow
}
sphere {
	0, 1
	scale<0.080000,0.200000,0.300000>
	matrix <0.797355, 0.209818, 0.565864,
		0.576924, -0.540228, -0.612628,
		0.177156, 0.814942, -0.551802,
		33.436581, 28.986959, 34.002224>
	pigment { color rgbt <0,1,1,0> }
	no_shadow
}
cylinder {
	<34.024441, 28.425104, 34.231869>,  <33.312572, 28.416500, 34.388485>, 0.130000
	pigment { color rgbt <1,0,0,0> }
	no_shadow
}

// nucleotide -1

// particle -1
sphere {
	<34.024441, 28.425104, 34.231869> 0.250000
	pigment { color rgbt <1,0,0,0> }
	no_shadow
}
cylinder {
	<33.872055, 28.794804, 34.221825>,  <33.780624, 29.016623, 34.215797>, 0.100000
	pigment { color rgbt <1,0,0,0> }
	no_shadow
}
cylinder {
	<33.872055, 28.794804, 34.221825>,  <34.024441, 28.425104, 34.231869>, 0.100000
	pigment { color rgbt <1,0,0,0> }
	no_shadow
}

// particle -1
sphere {
	<33.872055, 28.794804, 34.221825> 0.100000
	pigment { color rgbt <1,0,0,0> }
	no_shadow
}
sphere {
	0, 1
	scale<0.080000,0.200000,0.300000>
	matrix <0.756505, 0.327206, 0.566247,
		0.531569, 0.196727, -0.823853,
		-0.380966, 0.924248, -0.025108,
		33.757767, 29.072079, 34.214291>
	pigment { color rgbt <0,1,1,0> }
	no_shadow
}
cylinder {
	<34.258625, 29.041340, 34.622280>,  <34.024441, 28.425104, 34.231869>, 0.130000
	pigment { color rgbt <1,0,0,0> }
	no_shadow
}

// nucleotide -1

// particle -1
sphere {
	<34.258625, 29.041340, 34.622280> 0.250000
	pigment { color rgbt <1,0,0,0> }
	no_shadow
}
cylinder {
	<34.533188, 29.320690, 34.703384>,  <34.697926, 29.488300, 34.752048>, 0.100000
	pigment { color rgbt <1,0,0,0> }
	no_shadow
}
cylinder {
	<34.533188, 29.320690, 34.703384>,  <34.258625, 29.041340, 34.622280>, 0.100000
	pigment { color rgbt <1,0,0,0> }
	no_shadow
}

// particle -1
sphere {
	<34.533188, 29.320690, 34.703384> 0.100000
	pigment { color rgbt <1,0,0,0> }
	no_shadow
}
sphere {
	0, 1
	scale<0.080000,0.200000,0.300000>
	matrix <-0.692946, 0.712708, -0.108963,
		-0.220607, -0.065711, 0.973147,
		0.686409, 0.698376, 0.202762,
		34.739109, 29.530203, 34.764214>
	pigment { color rgbt <0,1,1,0> }
	no_shadow
}
cylinder {
	<34.109390, 29.597448, 35.255344>,  <34.258625, 29.041340, 34.622280>, 0.130000
	pigment { color rgbt <1,0,0,0> }
	no_shadow
}

// nucleotide -1

// particle -1
sphere {
	<34.109390, 29.597448, 35.255344> 0.250000
	pigment { color rgbt <1,0,0,0> }
	no_shadow
}
cylinder {
	<34.320080, 29.728661, 34.941669>,  <34.446495, 29.807388, 34.753464>, 0.100000
	pigment { color rgbt <1,0,0,0> }
	no_shadow
}
cylinder {
	<34.320080, 29.728661, 34.941669>,  <34.109390, 29.597448, 35.255344>, 0.100000
	pigment { color rgbt <1,0,0,0> }
	no_shadow
}

// particle -1
sphere {
	<34.320080, 29.728661, 34.941669> 0.100000
	pigment { color rgbt <1,0,0,0> }
	no_shadow
}
sphere {
	0, 1
	scale<0.080000,0.200000,0.300000>
	matrix <-0.720782, 0.661384, -0.207472,
		0.450594, 0.674512, 0.584807,
		0.526724, 0.328033, -0.784192,
		34.478096, 29.827070, 34.706413>
	pigment { color rgbt <0,1,1,0> }
	no_shadow
}
cylinder {
	<33.982151, 30.294731, 35.159199>,  <34.109390, 29.597448, 35.255344>, 0.130000
	pigment { color rgbt <1,0,0,0> }
	no_shadow
}

// nucleotide -1

// particle -1
sphere {
	<33.982151, 30.294731, 35.159199> 0.250000
	pigment { color rgbt <1,0,0,0> }
	no_shadow
}
cylinder {
	<34.096535, 30.184156, 34.792198>,  <34.165165, 30.117811, 34.571999>, 0.100000
	pigment { color rgbt <1,0,0,0> }
	no_shadow
}
cylinder {
	<34.096535, 30.184156, 34.792198>,  <33.982151, 30.294731, 35.159199>, 0.100000
	pigment { color rgbt <1,0,0,0> }
	no_shadow
}

// particle -1
sphere {
	<34.096535, 30.184156, 34.792198> 0.100000
	pigment { color rgbt <1,0,0,0> }
	no_shadow
}
sphere {
	0, 1
	scale<0.080000,0.200000,0.300000>
	matrix <-0.687768, 0.607498, -0.397394,
		0.667236, 0.744666, -0.016406,
		0.285959, -0.276439, -0.917502,
		34.182323, 30.101225, 34.516949>
	pigment { color rgbt <0,1,1,0> }
	no_shadow
}
cylinder {
	<34.339764, 30.770288, 34.736816>,  <33.982151, 30.294731, 35.159199>, 0.130000
	pigment { color rgbt <1,0,0,0> }
	no_shadow
}

// nucleotide -1

// particle -1
sphere {
	<34.339764, 30.770288, 34.736816> 0.250000
	pigment { color rgbt <1,0,0,0> }
	no_shadow
}
cylinder {
	<34.146706, 30.529945, 34.481937>,  <34.030869, 30.385740, 34.329010>, 0.100000
	pigment { color rgbt <1,0,0,0> }
	no_shadow
}
cylinder {
	<34.146706, 30.529945, 34.481937>,  <34.339764, 30.770288, 34.736816>, 0.100000
	pigment { color rgbt <1,0,0,0> }
	no_shadow
}

// particle -1
sphere {
	<34.146706, 30.529945, 34.481937> 0.100000
	pigment { color rgbt <1,0,0,0> }
	no_shadow
}
sphere {
	0, 1
	scale<0.080000,0.200000,0.300000>
	matrix <-0.538129, 0.777467, -0.325519,
		0.690989, 0.185782, -0.698583,
		-0.482649, -0.600858, -0.637196,
		34.001911, 30.349688, 34.290779>
	pigment { color rgbt <0,1,1,0> }
	no_shadow
}
cylinder {
	<34.235004, 31.212627, 34.213882>,  <34.339764, 30.770288, 34.736816>, 0.130000
	pigment { color rgbt <1,0,0,0> }
	no_shadow
}

// nucleotide -1

// particle -1
sphere {
	<34.235004, 31.212627, 34.213882> 0.250000
	pigment { color rgbt <1,0,0,0> }
	no_shadow
}
cylinder {
	<33.974625, 30.913670, 34.160717>,  <33.818398, 30.734295, 34.128819>, 0.100000
	pigment { color rgbt <1,0,0,0> }
	no_shadow
}
cylinder {
	<33.974625, 30.913670, 34.160717>,  <34.235004, 31.212627, 34.213882>, 0.100000
	pigment { color rgbt <1,0,0,0> }
	no_shadow
}

// particle -1
sphere {
	<33.974625, 30.913670, 34.160717> 0.100000
	pigment { color rgbt <1,0,0,0> }
	no_shadow
}
sphere {
	0, 1
	scale<0.080000,0.200000,0.300000>
	matrix <-0.698748, 0.658349, -0.279871,
		0.296678, -0.089308, -0.950792,
		-0.650948, -0.747395, -0.132914,
		33.779339, 30.689451, 34.120842>
	pigment { color rgbt <0,1,1,0> }
	no_shadow
}
cylinder {
	<33.873737, 31.386597, 33.667202>,  <34.235004, 31.212627, 34.213882>, 0.130000
	pigment { color rgbt <1,0,0,0> }
	no_shadow
}

// nucleotide -1

// particle -1
sphere {
	<33.873737, 31.386597, 33.667202> 0.250000
	pigment { color rgbt <1,0,0,0> }
	no_shadow
}
cylinder {
	<33.646767, 31.080500, 33.788815>,  <33.510586, 30.896841, 33.861782>, 0.100000
	pigment { color rgbt <1,0,0,0> }
	no_shadow
}
cylinder {
	<33.646767, 31.080500, 33.788815>,  <33.873737, 31.386597, 33.667202>, 0.100000
	pigment { color rgbt <1,0,0,0> }
	no_shadow
}

// particle -1
sphere {
	<33.646767, 31.080500, 33.788815> 0.100000
	pigment { color rgbt <1,0,0,0> }
	no_shadow
}
sphere {
	0, 1
	scale<0.080000,0.200000,0.300000>
	matrix <-0.821067, 0.497907, -0.279172,
		0.062256, -0.408038, -0.910840,
		-0.567426, -0.765241, 0.304029,
		33.476540, 30.850927, 33.880024>
	pigment { color rgbt <0,1,1,0> }
	no_shadow
}
cylinder {
	<33.394463, 31.323654, 33.168903>,  <33.873737, 31.386597, 33.667202>, 0.130000
	pigment { color rgbt <1,0,0,0> }
	no_shadow
}

// nucleotide -1

// particle -1
sphere {
	<33.394463, 31.323654, 33.168903> 0.250000
	pigment { color rgbt <1,0,0,0> }
	no_shadow
}
cylinder {
	<33.250175, 31.144817, 33.496315>,  <33.163605, 31.037516, 33.692764>, 0.100000
	pigment { color rgbt <1,0,0,0> }
	no_shadow
}
cylinder {
	<33.250175, 31.144817, 33.496315>,  <33.394463, 31.323654, 33.168903>, 0.100000
	pigment { color rgbt <1,0,0,0> }
	no_shadow
}

// particle -1
sphere {
	<33.250175, 31.144817, 33.496315> 0.100000
	pigment { color rgbt <1,0,0,0> }
	no_shadow
}
sphere {
	0, 1
	scale<0.080000,0.200000,0.300000>
	matrix <-0.890185, 0.426917, -0.159103,
		-0.278312, -0.786036, -0.551987,
		-0.360713, -0.447090, 0.818533,
		33.141960, 31.010691, 33.741875>
	pigment { color rgbt <0,1,1,0> }
	no_shadow
}
cylinder {
	<32.770176, 30.997820, 32.892479>,  <33.394463, 31.323654, 33.168903>, 0.130000
	pigment { color rgbt <1,0,0,0> }
	no_shadow
}

// nucleotide -1

// particle -1
sphere {
	<32.770176, 30.997820, 32.892479> 0.250000
	pigment { color rgbt <1,0,0,0> }
	no_shadow
}
cylinder {
	<32.736095, 31.000957, 33.291012>,  <32.715649, 31.002840, 33.530132>, 0.100000
	pigment { color rgbt <1,0,0,0> }
	no_shadow
}
cylinder {
	<32.736095, 31.000957, 33.291012>,  <32.770176, 30.997820, 32.892479>, 0.100000
	pigment { color rgbt <1,0,0,0> }
	no_shadow
}

// particle -1
sphere {
	<32.736095, 31.000957, 33.291012> 0.100000
	pigment { color rgbt <1,0,0,0> }
	no_shadow
}
sphere {
	0, 1
	scale<0.080000,0.200000,0.300000>
	matrix <-0.843314, 0.531977, -0.076303,
		-0.530625, -0.846723, -0.038711,
		-0.085201, 0.007843, 0.996333,
		32.710537, 31.003311, 33.589912>
	pigment { color rgbt <0,1,1,0> }
	no_shadow
}
cylinder {
	<32.119522, 30.660496, 33.128437>,  <32.770176, 30.997820, 32.892479>, 0.130000
	pigment { color rgbt <1,0,0,0> }
	no_shadow
}

// nucleotide -1

// particle -1
sphere {
	<32.119522, 30.660496, 33.128437> 0.250000
	pigment { color rgbt <1,0,0,0> }
	no_shadow
}
cylinder {
	<32.196064, 30.905577, 33.435158>,  <32.241989, 31.052626, 33.619190>, 0.100000
	pigment { color rgbt <1,0,0,0> }
	no_shadow
}
cylinder {
	<32.196064, 30.905577, 33.435158>,  <32.119522, 30.660496, 33.128437>, 0.100000
	pigment { color rgbt <1,0,0,0> }
	no_shadow
}

// particle -1
sphere {
	<32.196064, 30.905577, 33.435158> 0.100000
	pigment { color rgbt <1,0,0,0> }
	no_shadow
}
sphere {
	0, 1
	scale<0.080000,0.200000,0.300000>
	matrix <-0.951293, 0.308162, -0.008838,
		-0.241713, -0.727759, 0.641827,
		0.191355, 0.612702, 0.766798,
		32.253471, 31.089388, 33.665195>
	pigment { color rgbt <0,1,1,0> }
	no_shadow
}
cylinder {
	<31.616665, 30.449293, 33.639519>,  <32.119522, 30.660496, 33.128437>, 0.130000
	pigment { color rgbt <1,0,0,0> }
	no_shadow
}

// nucleotide -1

// particle -1
sphere {
	<31.616665, 30.449293, 33.639519> 0.250000
	pigment { color rgbt <1,0,0,0> }
	no_shadow
}
cylinder {
	<31.728762, 30.808495, 33.775200>,  <31.796021, 31.024015, 33.856609>, 0.100000
	pigment { color rgbt <1,0,0,0> }
	no_shadow
}
cylinder {
	<31.728762, 30.808495, 33.775200>,  <31.616665, 30.449293, 33.639519>, 0.100000
	pigment { color rgbt <1,0,0,0> }
	no_shadow
}

// particle -1
sphere {
	<31.728762, 30.808495, 33.775200> 0.100000
	pigment { color rgbt <1,0,0,0> }
	no_shadow
}
sphere {
	0, 1
	scale<0.080000,0.200000,0.300000>
	matrix <-0.957742, 0.237726, 0.161916,
		0.064764, -0.370242, 0.926675,
		0.280243, 0.898002, 0.339200,
		31.812834, 31.077896, 33.876961>
	pigment { color rgbt <0,1,1,0> }
	no_shadow
}
cylinder {
	<31.282219, 30.537983, 34.286232>,  <31.616665, 30.449293, 33.639519>, 0.130000
	pigment { color rgbt <1,0,0,0> }
	no_shadow
}

// nucleotide -1

// particle -1
sphere {
	<31.282219, 30.537983, 34.286232> 0.250000
	pigment { color rgbt <1,0,0,0> }
	no_shadow
}
cylinder {
	<31.378889, 30.907576, 34.167671>,  <31.436892, 31.129332, 34.096535>, 0.100000
	pigment { color rgbt <1,0,0,0> }
	no_shadow
}
cylinder {
	<31.378889, 30.907576, 34.167671>,  <31.282219, 30.537983, 34.286232>, 0.100000
	pigment { color rgbt <1,0,0,0> }
	no_shadow
}

// particle -1
sphere {
	<31.378889, 30.907576, 34.167671> 0.100000
	pigment { color rgbt <1,0,0,0> }
	no_shadow
}
sphere {
	0, 1
	scale<0.080000,0.200000,0.300000>
