// switches for output
#declare DRAW_BASES = 1; // possible values are 0, 1; only relevant for DNA ribbons
#declare DRAW_BASES_TYPE = 3; // possible values are 1, 2, 3; only relevant for DNA ribbons
#declare DRAW_FOG = 0; // set to 1 to enable fog

#include "colors.inc"

#include "transforms.inc"
background { rgb <1, 1, 1>}

#default {
   normal{
       ripples 0.25
       frequency 0.20
       turbulence 0.2
       lambda 5
   }
	finish {
		phong 0.1
		phong_size 40.
	}
}

// original window dimensions: 1024x640


// camera settings

camera {
	sky <0, 0.179814, -0.983701>
	up <0, 0.179814, -0.983701>
	right 1.6 * <1, 0, 0>
	location <35, 94.9851, 44.8844>
	look_at <35, 29.7336, 32.9568>
	direction <0, -65.2515, -11.9276>
	angle 67.0682
}


# declare cpy_camera_pos = <35, 94.9851, 44.8844>;
# if (DRAW_FOG = 1)
fog {
	fog_type 2
	up vnormalize(cpy_camera_pos)
	color rgbt<1,1,1,0.3>
	distance 1e-5
	fog_alt 3e-3
	fog_offset 56
}
# end


// LIGHTS

# declare lum = 6;
global_settings {
	ambient_light rgb lum * <0.05, 0.05, 0.05>
	max_trace_level 15
}# declare cpy_direct_light_amount = 0.25;
light_source
{	1000 * <-1, -1.16352, -0.803886>,
	rgb lum * cpy_direct_light_amount
	parallel
}

light_source
{	1000 * <1, 1.16352, 0.803886>,
	rgb lum * cpy_direct_light_amount
	parallel
}

// strand 0

// nucleotide -1

// particle -1
sphere {
	<24.102444, 35.275467, 34.823330> 0.250000
	pigment { color rgbt <1,0,0,0> }
	no_shadow
}
cylinder {
	<24.340405, 34.959312, 34.764843>,  <24.483181, 34.769619, 34.729752>, 0.100000
	pigment { color rgbt <1,0,0,0> }
	no_shadow
}
cylinder {
	<24.340405, 34.959312, 34.764843>,  <24.102444, 35.275467, 34.823330>, 0.100000
	pigment { color rgbt <1,0,0,0> }
	no_shadow
}

// particle -1
sphere {
	<24.340405, 34.959312, 34.764843> 0.100000
	pigment { color rgbt <1,0,0,0> }
	no_shadow
}
sphere {
	0, 1
	scale<0.080000,0.200000,0.300000>
	matrix <0.803631, 0.588546, 0.088264,
		0.016291, -0.170011, 0.985307,
		0.594904, -0.790386, -0.146214,
		24.518875, 34.722198, 34.720978>
	pigment { color rgbt <0,1,1,0> }
	no_shadow
}
cylinder {
	<24.580271, 35.197151, 35.374535>,  <24.102444, 35.275467, 34.823330>, 0.130000
	pigment { color rgbt <1,0,0,0> }
	no_shadow
}

// nucleotide -1

// particle -1
sphere {
	<24.580271, 35.197151, 35.374535> 0.250000
	pigment { color rgbt <1,0,0,0> }
	no_shadow
}
cylinder {
	<24.735752, 35.033382, 35.044376>,  <24.829041, 34.935120, 34.846279>, 0.100000
	pigment { color rgbt <1,0,0,0> }
	no_shadow
}
cylinder {
	<24.735752, 35.033382, 35.044376>,  <24.580271, 35.197151, 35.374535>, 0.100000
	pigment { color rgbt <1,0,0,0> }
	no_shadow
}

// particle -1
sphere {
	<24.735752, 35.033382, 35.044376> 0.100000
	pigment { color rgbt <1,0,0,0> }
	no_shadow
}
sphere {
	0, 1
	scale<0.080000,0.200000,0.300000>
	matrix <0.845877, 0.513704, 0.143532,
		0.365244, -0.753976, 0.546001,
		0.388702, -0.409425, -0.825398,
		24.852364, 34.910557, 34.796757>
	pigment { color rgbt <0,1,1,0> }
	no_shadow
}
cylinder {
	<25.340912, 35.220905, 35.242836>,  <24.580271, 35.197151, 35.374535>, 0.130000
	pigment { color rgbt <1,0,0,0> }
	no_shadow
}

// nucleotide -1

// particle -1
sphere {
	<25.340912, 35.220905, 35.242836> 0.250000
	pigment { color rgbt <1,0,0,0> }
	no_shadow
}
cylinder {
	<25.234013, 35.603374, 35.290707>,  <25.169874, 35.832855, 35.319427>, 0.100000
	pigment { color rgbt <1,0,0,0> }
	no_shadow
}
cylinder {
	<25.234013, 35.603374, 35.290707>,  <25.340912, 35.220905, 35.242836>, 0.100000
	pigment { color rgbt <1,0,0,0> }
	no_shadow
}

// particle -1
sphere {
	<25.234013, 35.603374, 35.290707> 0.100000
	pigment { color rgbt <1,0,0,0> }
	no_shadow
}
sphere {
	0, 1
	scale<0.080000,0.200000,0.300000>
	matrix <-0.963478, -0.267330, -0.015653,
		0.017025, -0.119485, 0.992690,
		-0.267247, 0.956168, 0.119672,
		25.153839, 35.890224, 35.326607>
	pigment { color rgbt <0,1,1,0> }
	no_shadow
}
cylinder {
	<25.826834, 34.707157, 35.307446>,  <25.340912, 35.220905, 35.242836>, 0.130000
	pigment { color rgbt <1,0,0,0> }
	no_shadow
}

// nucleotide -1

// particle -1
sphere {
	<25.826834, 34.707157, 35.307446> 0.250000
	pigment { color rgbt <1,0,0,0> }
	no_shadow
}
cylinder {
	<26.186207, 34.712204, 35.483017>,  <26.401831, 34.715233, 35.588360>, 0.100000
	pigment { color rgbt <1,0,0,0> }
	no_shadow
}
cylinder {
	<26.186207, 34.712204, 35.483017>,  <25.826834, 34.707157, 35.307446>, 0.100000
	pigment { color rgbt <1,0,0,0> }
	no_shadow
}

// particle -1
sphere {
	<26.186207, 34.712204, 35.483017> 0.100000
	pigment { color rgbt <1,0,0,0> }
	no_shadow
}
sphere {
	0, 1
	scale<0.080000,0.200000,0.300000>
	matrix <-0.092985, 0.982384, 0.162099,
		-0.429154, -0.186449, 0.883778,
		0.898433, 0.012613, 0.438930,
		26.455736, 34.715988, 35.614697>
	pigment { color rgbt <0,1,1,0> }
	no_shadow
}
cylinder {
	<25.712473, 35.068188, 35.988667>,  <25.826834, 34.707157, 35.307446>, 0.130000
	pigment { color rgbt <1,0,0,0> }
	no_shadow
}

// nucleotide -1

// particle -1
sphere {
	<25.712473, 35.068188, 35.988667> 0.250000
	pigment { color rgbt <1,0,0,0> }
	no_shadow
}
cylinder {
	<26.086649, 35.092381, 35.849358>,  <26.311155, 35.106895, 35.765774>, 0.100000
	pigment { color rgbt <1,0,0,0> }
	no_shadow
}
cylinder {
	<26.086649, 35.092381, 35.849358>,  <25.712473, 35.068188, 35.988667>, 0.100000
	pigment { color rgbt <1,0,0,0> }
	no_shadow
}

// particle -1
sphere {
	<26.086649, 35.092381, 35.849358> 0.100000
	pigment { color rgbt <1,0,0,0> }
	no_shadow
}
sphere {
	0, 1
	scale<0.080000,0.200000,0.300000>
	matrix <0.016364, 0.976787, 0.213587,
		0.353107, -0.205497, 0.912736,
		0.935440, 0.060483, -0.348273,
		26.367281, 35.110527, 35.744877>
	pigment { color rgbt <0,1,1,0> }
	no_shadow
}
cylinder {
	<26.082748, 35.567364, 36.426392>,  <25.712473, 35.068188, 35.988667>, 0.130000
	pigment { color rgbt <1,0,0,0> }
	no_shadow
}

// nucleotide -1

// particle -1
sphere {
	<26.082748, 35.567364, 36.426392> 0.250000
	pigment { color rgbt <1,0,0,0> }
	no_shadow
}
cylinder {
	<26.298439, 35.540611, 36.090591>,  <26.427853, 35.524559, 35.889111>, 0.100000
	pigment { color rgbt <1,0,0,0> }
	no_shadow
}
cylinder {
	<26.298439, 35.540611, 36.090591>,  <26.082748, 35.567364, 36.426392>, 0.100000
	pigment { color rgbt <1,0,0,0> }
	no_shadow
}

// particle -1
sphere {
	<26.298439, 35.540611, 36.090591> 0.100000
	pigment { color rgbt <1,0,0,0> }
	no_shadow
}
sphere {
	0, 1
	scale<0.080000,0.200000,0.300000>
	matrix <0.040383, 0.997748, -0.053551,
		0.841192, -0.005025, 0.540713,
		0.539227, -0.066882, -0.839501,
		26.460207, 35.520546, 35.838741>
	pigment { color rgbt <0,1,1,0> }
	no_shadow
}
cylinder {
	<26.708366, 35.903755, 36.628441>,  <26.082748, 35.567364, 36.426392>, 0.130000
	pigment { color rgbt <1,0,0,0> }
	no_shadow
}

// nucleotide -1

// particle -1
sphere {
	<26.708366, 35.903755, 36.628441> 0.250000
	pigment { color rgbt <1,0,0,0> }
	no_shadow
}
cylinder {
	<26.715935, 35.896378, 36.228580>,  <26.720476, 35.891953, 35.988663>, 0.100000
	pigment { color rgbt <1,0,0,0> }
	no_shadow
}
cylinder {
	<26.715935, 35.896378, 36.228580>,  <26.708366, 35.903755, 36.628441>, 0.100000
	pigment { color rgbt <1,0,0,0> }
	no_shadow
}

// particle -1
sphere {
	<26.715935, 35.896378, 36.228580> 0.100000
	pigment { color rgbt <1,0,0,0> }
	no_shadow
}
sphere {
	0, 1
	scale<0.080000,0.200000,0.300000>
	matrix <0.255218, 0.966796, -0.013005,
		0.966698, -0.254883, 0.022999,
		0.018921, -0.018442, -0.999651,
		26.721611, 35.890846, 35.928684>
	pigment { color rgbt <0,1,1,0> }
	no_shadow
}
cylinder {
	<27.339588, 36.139343, 36.415730>,  <26.708366, 35.903755, 36.628441>, 0.130000
	pigment { color rgbt <1,0,0,0> }
	no_shadow
}

// nucleotide -1

// particle -1
sphere {
	<27.339588, 36.139343, 36.415730> 0.250000
	pigment { color rgbt <1,0,0,0> }
	no_shadow
}
cylinder {
	<27.120277, 36.215351, 36.089958>,  <26.988691, 36.260956, 35.894497>, 0.100000
	pigment { color rgbt <1,0,0,0> }
	no_shadow
}
cylinder {
	<27.120277, 36.215351, 36.089958>,  <27.339588, 36.139343, 36.415730>, 0.100000
	pigment { color rgbt <1,0,0,0> }
	no_shadow
}

// particle -1
sphere {
	<27.120277, 36.215351, 36.089958> 0.100000
	pigment { color rgbt <1,0,0,0> }
	no_shadow
}
sphere {
	0, 1
	scale<0.080000,0.200000,0.300000>
	matrix <0.365110, 0.930522, -0.028687,
		0.752389, -0.313083, -0.579560,
		-0.548275, 0.190019, -0.814425,
		26.955795, 36.272358, 35.845631>
	pigment { color rgbt <0,1,1,0> }
	no_shadow
}
cylinder {
	<27.782415, 36.536278, 36.034237>,  <27.339588, 36.139343, 36.415730>, 0.130000
	pigment { color rgbt <1,0,0,0> }
	no_shadow
}

// nucleotide -1

// particle -1
sphere {
	<27.782415, 36.536278, 36.034237> 0.250000
	pigment { color rgbt <1,0,0,0> }
	no_shadow
}
cylinder {
	<27.415869, 36.602123, 35.888264>,  <27.195942, 36.641632, 35.800678>, 0.100000
	pigment { color rgbt <1,0,0,0> }
	no_shadow
}
cylinder {
	<27.415869, 36.602123, 35.888264>,  <27.782415, 36.536278, 36.034237>, 0.100000
	pigment { color rgbt <1,0,0,0> }
	no_shadow
}

// particle -1
sphere {
	<27.415869, 36.602123, 35.888264> 0.100000
	pigment { color rgbt <1,0,0,0> }
	no_shadow
}
sphere {
	0, 1
	scale<0.080000,0.200000,0.300000>
	matrix <0.194081, 0.979938, -0.045316,
		0.350152, -0.112353, -0.929931,
		-0.916366, 0.164615, -0.364933,
		27.140959, 36.651508, 35.778786>
	pigment { color rgbt <0,1,1,0> }
	no_shadow
}
cylinder {
	<27.861389, 36.878658, 35.417126>,  <27.782415, 36.536278, 36.034237>, 0.130000
	pigment { color rgbt <1,0,0,0> }
	no_shadow
}

// nucleotide -1

// particle -1
sphere {
	<27.861389, 36.878658, 35.417126> 0.250000
	pigment { color rgbt <1,0,0,0> }
	no_shadow
}
cylinder {
	<27.482084, 36.966324, 35.509007>,  <27.254501, 37.018921, 35.564137>, 0.100000
	pigment { color rgbt <1,0,0,0> }
	no_shadow
}
cylinder {
	<27.482084, 36.966324, 35.509007>,  <27.861389, 36.878658, 35.417126>, 0.100000
	pigment { color rgbt <1,0,0,0> }
	no_shadow
}

// particle -1
sphere {
	<27.482084, 36.966324, 35.509007> 0.100000
	pigment { color rgbt <1,0,0,0> }
	no_shadow
}
sphere {
	0, 1
	scale<0.080000,0.200000,0.300000>
	matrix <0.231382, 0.972479, 0.027351,
		-0.217389, 0.079085, -0.972876,
		-0.948264, 0.219160, 0.229705,
		27.197605, 37.032070, 35.577919>
	pigment { color rgbt <0,1,1,0> }
	no_shadow
}
cylinder {
	<27.732128, 37.483971, 35.104153>,  <27.861389, 36.878658, 35.417126>, 0.130000
	pigment { color rgbt <1,0,0,0> }
	no_shadow
}

// nucleotide -1

// particle -1
sphere {
	<27.732128, 37.483971, 35.104153> 0.250000
	pigment { color rgbt <1,0,0,0> }
	no_shadow
}
cylinder {
	<27.447807, 37.488239, 35.385479>,  <27.277214, 37.490799, 35.554276>, 0.100000
	pigment { color rgbt <1,0,0,0> }
	no_shadow
}
cylinder {
	<27.447807, 37.488239, 35.385479>,  <27.732128, 37.483971, 35.104153>, 0.100000
	pigment { color rgbt <1,0,0,0> }
	no_shadow
}

// particle -1
sphere {
	<27.447807, 37.488239, 35.385479> 0.100000
	pigment { color rgbt <1,0,0,0> }
	no_shadow
}
sphere {
	0, 1
	scale<0.080000,0.200000,0.300000>
	matrix <0.221704, 0.952316, 0.209621,
		-0.667539, 0.304926, -0.679273,
		-0.710801, 0.010667, 0.703312,
		27.234568, 37.491440, 35.596474>
	pigment { color rgbt <0,1,1,0> }
	no_shadow
}
cylinder {
	<27.247532, 38.056866, 34.954403>,  <27.732128, 37.483971, 35.104153>, 0.130000
	pigment { color rgbt <1,0,0,0> }
	no_shadow
}

// nucleotide -1

// particle -1
sphere {
	<27.247532, 38.056866, 34.954403> 0.250000
	pigment { color rgbt <1,0,0,0> }
	no_shadow
}
cylinder {
	<27.193838, 37.957909, 35.338230>,  <27.161623, 37.898537, 35.568527>, 0.100000
	pigment { color rgbt <1,0,0,0> }
	no_shadow
}
cylinder {
	<27.193838, 37.957909, 35.338230>,  <27.247532, 38.056866, 34.954403>, 0.100000
	pigment { color rgbt <1,0,0,0> }
	no_shadow
}

// particle -1
sphere {
	<27.193838, 37.957909, 35.338230> 0.100000
	pigment { color rgbt <1,0,0,0> }
	no_shadow
}
sphere {
	0, 1
	scale<0.080000,0.200000,0.300000>
	matrix <0.074094, 0.963120, 0.258670,
		-0.988176, 0.105821, -0.110952,
		-0.134233, -0.247391, 0.959573,
		27.153568, 37.883690, 35.626102>
	pigment { color rgbt <0,1,1,0> }
	no_shadow
}
cylinder {
	<26.861637, 38.601521, 35.236717>,  <27.247532, 38.056866, 34.954403>, 0.130000
	pigment { color rgbt <1,0,0,0> }
	no_shadow
}

// nucleotide -1

// particle -1
sphere {
	<26.861637, 38.601521, 35.236717> 0.250000
	pigment { color rgbt <1,0,0,0> }
	no_shadow
}
cylinder {
	<27.000185, 38.427052, 35.568932>,  <27.083313, 38.322372, 35.768261>, 0.100000
	pigment { color rgbt <1,0,0,0> }
	no_shadow
}
cylinder {
	<27.000185, 38.427052, 35.568932>,  <26.861637, 38.601521, 35.236717>, 0.100000
	pigment { color rgbt <1,0,0,0> }
	no_shadow
}

// particle -1
sphere {
	<27.000185, 38.427052, 35.568932> 0.100000
	pigment { color rgbt <1,0,0,0> }
	no_shadow
}
sphere {
	0, 1
	scale<0.080000,0.200000,0.300000>
	matrix <0.083616, 0.896167, 0.435767,
		-0.934365, -0.081490, 0.346874,
		0.346368, -0.436170, 0.830533,
		27.104095, 38.296200, 35.818092>
	pigment { color rgbt <0,1,1,0> }
	no_shadow
}
cylinder {
	<26.408016, 38.806927, 35.760624>,  <26.861637, 38.601521, 35.236717>, 0.130000
	pigment { color rgbt <1,0,0,0> }
	no_shadow
}

// nucleotide -1

// particle -1
sphere {
	<26.408016, 38.806927, 35.760624> 0.250000
	pigment { color rgbt <1,0,0,0> }
	no_shadow
}
cylinder {
	<26.745905, 38.707230, 35.950073>,  <26.948639, 38.647411, 36.063744>, 0.100000
	pigment { color rgbt <1,0,0,0> }
	no_shadow
}
cylinder {
	<26.745905, 38.707230, 35.950073>,  <26.408016, 38.806927, 35.760624>, 0.100000
	pigment { color rgbt <1,0,0,0> }
	no_shadow
}

// particle -1
sphere {
	<26.745905, 38.707230, 35.950073> 0.100000
	pigment { color rgbt <1,0,0,0> }
	no_shadow
}
sphere {
	0, 1
	scale<0.080000,0.200000,0.300000>
	matrix <-0.046900, 0.847068, 0.529412,
		-0.533147, -0.469418, 0.703847,
		0.844721, -0.249244, 0.473627,
		26.999321, 38.632458, 36.092163>
	pigment { color rgbt <0,1,1,0> }
	no_shadow
}
cylinder {
	<26.288357, 38.886990, 36.499542>,  <26.408016, 38.806927, 35.760624>, 0.130000
	pigment { color rgbt <1,0,0,0> }
	no_shadow
}

// nucleotide -1

// particle -1
sphere {
	<26.288357, 38.886990, 36.499542> 0.250000
	pigment { color rgbt <1,0,0,0> }
	no_shadow
}
cylinder {
	<26.682592, 38.893585, 36.432205>,  <26.919134, 38.897541, 36.391804>, 0.100000
	pigment { color rgbt <1,0,0,0> }
	no_shadow
}
cylinder {
	<26.682592, 38.893585, 36.432205>,  <26.288357, 38.886990, 36.499542>, 0.100000
	pigment { color rgbt <1,0,0,0> }
	no_shadow
}

// particle -1
sphere {
	<26.682592, 38.893585, 36.432205> 0.100000
	pigment { color rgbt <1,0,0,0> }
	no_shadow
}
sphere {
	0, 1
	scale<0.080000,0.200000,0.300000>
	matrix <0.106134, 0.714641, 0.691393,
		0.131703, -0.699297, 0.702594,
		0.985591, 0.016490, -0.168339,
		26.978270, 38.898533, 36.381702>
	pigment { color rgbt <0,1,1,0> }
	no_shadow
}
cylinder {
	<26.583965, 39.099720, 37.200970>,  <26.288357, 38.886990, 36.499542>, 0.130000
	pigment { color rgbt <1,0,0,0> }
	no_shadow
}

// nucleotide -1

// particle -1
sphere {
	<26.583965, 39.099720, 37.200970> 0.250000
	pigment { color rgbt <1,0,0,0> }
	no_shadow
}
cylinder {
	<26.900087, 39.115685, 36.956406>,  <27.089762, 39.125263, 36.809666>, 0.100000
	pigment { color rgbt <1,0,0,0> }
	no_shadow
}
cylinder {
	<26.900087, 39.115685, 36.956406>,  <26.583965, 39.099720, 37.200970>, 0.100000
	pigment { color rgbt <1,0,0,0> }
	no_shadow
}

// particle -1
sphere {
	<26.900087, 39.115685, 36.956406> 0.100000
	pigment { color rgbt <1,0,0,0> }
	no_shadow
}
sphere {
	0, 1
	scale<0.080000,0.200000,0.300000>
	matrix <0.382866, 0.746902, 0.543646,
		0.478361, -0.663735, 0.575001,
		0.790306, 0.039911, -0.611411,
		27.137178, 39.127659, 36.772984>
	pigment { color rgbt <0,1,1,0> }
	no_shadow
}
cylinder {
	<27.115597, 39.172493, 37.702980>,  <26.583965, 39.099720, 37.200970>, 0.130000
	pigment { color rgbt <1,0,0,0> }
	no_shadow
}

// nucleotide -1

// particle -1
sphere {
	<27.115597, 39.172493, 37.702980> 0.250000
	pigment { color rgbt <1,0,0,0> }
	no_shadow
}
cylinder {
	<27.263121, 39.283600, 37.348167>,  <27.351635, 39.350266, 37.135281>, 0.100000
	pigment { color rgbt <1,0,0,0> }
	no_shadow
}
cylinder {
	<27.263121, 39.283600, 37.348167>,  <27.115597, 39.172493, 37.702980>, 0.100000
	pigment { color rgbt <1,0,0,0> }
	no_shadow
}

// particle -1
sphere {
	<27.263121, 39.283600, 37.348167> 0.100000
	pigment { color rgbt <1,0,0,0> }
	no_shadow
}
sphere {
	0, 1
	scale<0.080000,0.200000,0.300000>
	matrix <0.563537, 0.692095, 0.451034,
		0.739194, -0.666219, 0.098715,
		0.368807, 0.277772, -0.887031,
		27.373764, 39.366932, 37.082058>
	pigment { color rgbt <0,1,1,0> }
	no_shadow
}
cylinder {
	<27.831717, 39.103714, 37.735081>,  <27.115597, 39.172493, 37.702980>, 0.130000
	pigment { color rgbt <1,0,0,0> }
	no_shadow
}

// nucleotide -1

// particle -1
sphere {
	<27.831717, 39.103714, 37.735081> 0.250000
	pigment { color rgbt <1,0,0,0> }
	no_shadow
}
cylinder {
	<27.726391, 39.376728, 37.462372>,  <27.663197, 39.540539, 37.298748>, 0.100000
	pigment { color rgbt <1,0,0,0> }
	no_shadow
}
cylinder {
	<27.726391, 39.376728, 37.462372>,  <27.831717, 39.103714, 37.735081>, 0.100000
	pigment { color rgbt <1,0,0,0> }
	no_shadow
}

// particle -1
sphere {
	<27.726391, 39.376728, 37.462372> 0.100000
	pigment { color rgbt <1,0,0,0> }
	no_shadow
}
sphere {
	0, 1
	scale<0.080000,0.200000,0.300000>
	matrix <0.498923, 0.701204, 0.509302,
		0.825677, -0.206045, -0.525170,
		-0.263312, 0.682539, -0.681768,
		27.647398, 39.581490, 37.257843>
	pigment { color rgbt <0,1,1,0> }
	no_shadow
}
cylinder {
	<28.409513, 39.561665, 37.594299>,  <27.831717, 39.103714, 37.735081>, 0.130000
	pigment { color rgbt <1,0,0,0> }
	no_shadow
}

// nucleotide -1

// particle -1
sphere {
	<28.409513, 39.561665, 37.594299> 0.250000
	pigment { color rgbt <1,0,0,0> }
	no_shadow
}
cylinder {
	<28.113907, 39.785133, 37.443710>,  <27.936543, 39.919216, 37.353355>, 0.100000
	pigment { color rgbt <1,0,0,0> }
	no_shadow
}
cylinder {
	<28.113907, 39.785133, 37.443710>,  <28.409513, 39.561665, 37.594299>, 0.100000
	pigment { color rgbt <1,0,0,0> }
	no_shadow
}

// particle -1
sphere {
	<28.113907, 39.785133, 37.443710> 0.100000
	pigment { color rgbt <1,0,0,0> }
	no_shadow
}
sphere {
	0, 1
	scale<0.080000,0.200000,0.300000>
	matrix <0.495743, 0.829377, 0.257630,
		0.456171, 0.003758, -0.889884,
		-0.739018, 0.558677, -0.376475,
		27.892202, 39.952736, 37.330769>
	pigment { color rgbt <0,1,1,0> }
	no_shadow
}
cylinder {
	<28.783470, 40.114349, 37.338211>,  <28.409513, 39.561665, 37.594299>, 0.130000
	pigment { color rgbt <1,0,0,0> }
	no_shadow
}

// nucleotide -1

// particle -1
sphere {
	<28.783470, 40.114349, 37.338211> 0.250000
	pigment { color rgbt <1,0,0,0> }
	no_shadow
}
cylinder {
	<28.405113, 40.225208, 37.405712>,  <28.178099, 40.291725, 37.446213>, 0.100000
	pigment { color rgbt <1,0,0,0> }
	no_shadow
}
cylinder {
	<28.405113, 40.225208, 37.405712>,  <28.783470, 40.114349, 37.338211>, 0.100000
	pigment { color rgbt <1,0,0,0> }
	no_shadow
}

// particle -1
sphere {
	<28.405113, 40.225208, 37.405712> 0.100000
	pigment { color rgbt <1,0,0,0> }
	no_shadow
}
sphere {
	0, 1
	scale<0.080000,0.200000,0.300000>
	matrix <0.324149, 0.830676, 0.452664,
		-0.014725, 0.482873, -0.875567,
		-0.945892, 0.277148, 0.168755,
		28.121346, 40.308353, 37.456337>
	pigment { color rgbt <0,1,1,0> }
	no_shadow
}
cylinder {
	<28.770987, 40.728714, 37.296696>,  <28.783470, 40.114349, 37.338211>, 0.130000
	pigment { color rgbt <1,0,0,0> }
	no_shadow
}

// nucleotide -1

// particle -1
sphere {
	<28.770987, 40.728714, 37.296696> 0.250000
	pigment { color rgbt <1,0,0,0> }
	no_shadow
}
cylinder {
	<28.408304, 40.706230, 37.463898>,  <28.190695, 40.692738, 37.564220>, 0.100000
	pigment { color rgbt <1,0,0,0> }
	no_shadow
}
cylinder {
	<28.408304, 40.706230, 37.463898>,  <28.770987, 40.728714, 37.296696>, 0.100000
	pigment { color rgbt <1,0,0,0> }
	no_shadow
}

// particle -1
sphere {
	<28.408304, 40.706230, 37.463898> 0.100000
	pigment { color rgbt <1,0,0,0> }
	no_shadow
}
sphere {
	0, 1
	scale<0.080000,0.200000,0.300000>
	matrix <0.172881, 0.854463, 0.489904,
		-0.384707, 0.516463, -0.765027,
		-0.906704, -0.056211, 0.418005,
		28.136293, 40.689365, 37.589298>
	pigment { color rgbt <0,1,1,0> }
	no_shadow
}
cylinder {
	<28.600281, 41.402195, 37.334694>,  <28.770987, 40.728714, 37.296696>, 0.130000
	pigment { color rgbt <1,0,0,0> }
	no_shadow
}

// nucleotide -1

// particle -1
sphere {
	<28.600281, 41.402195, 37.334694> 0.250000
	pigment { color rgbt <1,0,0,0> }
	no_shadow
}
cylinder {
	<28.353502, 41.237446, 37.602943>,  <28.205435, 41.138596, 37.763893>, 0.100000
	pigment { color rgbt <1,0,0,0> }
	no_shadow
}
cylinder {
	<28.353502, 41.237446, 37.602943>,  <28.600281, 41.402195, 37.334694>, 0.100000
	pigment { color rgbt <1,0,0,0> }
	no_shadow
}

// particle -1
sphere {
	<28.353502, 41.237446, 37.602943> 0.100000
	pigment { color rgbt <1,0,0,0> }
	no_shadow
}
sphere {
	0, 1
	scale<0.080000,0.200000,0.300000>
	matrix <0.007063, 0.849188, 0.528042,
		-0.786975, 0.330509, -0.520993,
		-0.616944, -0.411876, 0.670625,
		28.168419, 41.113884, 37.804131>
	pigment { color rgbt <0,1,1,0> }
	no_shadow
}
cylinder {
	<28.017380, 41.802975, 37.384171>,  <28.600281, 41.402195, 37.334694>, 0.130000
	pigment { color rgbt <1,0,0,0> }
	no_shadow
}

// nucleotide -1

// particle -1
sphere {
	<28.017380, 41.802975, 37.384171> 0.250000
	pigment { color rgbt <1,0,0,0> }
	no_shadow
}
cylinder {
	<28.075581, 41.615223, 37.732540>,  <28.110500, 41.502571, 37.941563>, 0.100000
	pigment { color rgbt <1,0,0,0> }
	no_shadow
}
cylinder {
	<28.075581, 41.615223, 37.732540>,  <28.017380, 41.802975, 37.384171>, 0.100000
	pigment { color rgbt <1,0,0,0> }
	no_shadow
}

// particle -1
sphere {
	<28.075581, 41.615223, 37.732540> 0.100000
	pigment { color rgbt <1,0,0,0> }
	no_shadow
}
sphere {
	0, 1
	scale<0.080000,0.200000,0.300000>
	matrix <0.108318, 0.882558, 0.457558,
		-0.983411, 0.027761, 0.179256,
		0.145502, -0.469384, 0.870924,
		28.119230, 41.474407, 37.993816>
	pigment { color rgbt <0,1,1,0> }
	no_shadow
}
cylinder {
	<27.729856, 42.378258, 37.812592>,  <28.017380, 41.802975, 37.384171>, 0.130000
	pigment { color rgbt <1,0,0,0> }
	no_shadow
}

// nucleotide -1

// particle -1
sphere {
	<27.729856, 42.378258, 37.812592> 0.250000
	pigment { color rgbt <1,0,0,0> }
	no_shadow
}
cylinder {
	<27.924282, 42.132774, 38.061462>,  <28.040937, 41.985485, 38.210785>, 0.100000
	pigment { color rgbt <1,0,0,0> }
	no_shadow
}
cylinder {
	<27.924282, 42.132774, 38.061462>,  <27.729856, 42.378258, 37.812592>, 0.100000
	pigment { color rgbt <1,0,0,0> }
	no_shadow
}

// particle -1
sphere {
	<27.924282, 42.132774, 38.061462> 0.100000
	pigment { color rgbt <1,0,0,0> }
	no_shadow
}
sphere {
	0, 1
	scale<0.080000,0.200000,0.300000>
	matrix <0.245471, 0.779153, 0.576771,
		-0.838740, -0.127622, 0.529366,
		0.486065, -0.613705, 0.622179,
		28.070101, 41.948662, 38.248116>
	pigment { color rgbt <0,1,1,0> }
	no_shadow
}
cylinder {
	<27.596775, 42.633343, 38.464336>,  <27.729856, 42.378258, 37.812592>, 0.130000
	pigment { color rgbt <1,0,0,0> }
	no_shadow
}

// nucleotide -1

// particle -1
sphere {
	<27.596775, 42.633343, 38.464336> 0.250000
	pigment { color rgbt <1,0,0,0> }
	no_shadow
}
cylinder {
	<27.935720, 42.421013, 38.458672>,  <28.139088, 42.293617, 38.455273>, 0.100000
	pigment { color rgbt <1,0,0,0> }
	no_shadow
}
cylinder {
	<27.935720, 42.421013, 38.458672>,  <27.596775, 42.633343, 38.464336>, 0.100000
	pigment { color rgbt <1,0,0,0> }
	no_shadow
}

// particle -1
sphere {
	<27.935720, 42.421013, 38.458672> 0.100000
	pigment { color rgbt <1,0,0,0> }
	no_shadow
}
sphere {
	0, 1
	scale<0.080000,0.200000,0.300000>
	matrix <0.492530, 0.775717, 0.394560,
		-0.198458, -0.341310, 0.918761,
		0.847366, -0.530821, -0.014159,
		28.189930, 42.261768, 38.454426>
	pigment { color rgbt <0,1,1,0> }
	no_shadow
}
cylinder {
	<27.959707, 42.668842, 39.197876>,  <27.596775, 42.633343, 38.464336>, 0.130000
	pigment { color rgbt <1,0,0,0> }
	no_shadow
}

// nucleotide -1

// particle -1
sphere {
	<27.959707, 42.668842, 39.197876> 0.250000
	pigment { color rgbt <1,0,0,0> }
	no_shadow
}
cylinder {
	<28.217180, 42.595196, 38.900749>,  <28.371664, 42.551006, 38.722473>, 0.100000
	pigment { color rgbt <1,0,0,0> }
	no_shadow
}
cylinder {
	<28.217180, 42.595196, 38.900749>,  <27.959707, 42.668842, 39.197876>, 0.100000
	pigment { color rgbt <1,0,0,0> }
	no_shadow
}

// particle -1
sphere {
	<28.217180, 42.595196, 38.900749> 0.100000
	pigment { color rgbt <1,0,0,0> }
	no_shadow
}
sphere {
	0, 1
	scale<0.080000,0.200000,0.300000>
	matrix <0.662501, 0.619950, 0.420423,
		0.383100, -0.762734, 0.521030,
		0.643683, -0.184119, -0.742814,
		28.410286, 42.539959, 38.677906>
	pigment { color rgbt <0,1,1,0> }
	no_shadow
}
cylinder {
	<28.645716, 42.661308, 39.601627>,  <27.959707, 42.668842, 39.197876>, 0.130000
	pigment { color rgbt <1,0,0,0> }
	no_shadow
}

// nucleotide -1

// particle -1
sphere {
	<28.645716, 42.661308, 39.601627> 0.250000
	pigment { color rgbt <1,0,0,0> }
	no_shadow
}
cylinder {
	<28.645552, 42.797409, 39.225494>,  <28.645454, 42.879070, 38.999813>, 0.100000
	pigment { color rgbt <1,0,0,0> }
	no_shadow
}
cylinder {
	<28.645552, 42.797409, 39.225494>,  <28.645716, 42.661308, 39.601627>, 0.100000
	pigment { color rgbt <1,0,0,0> }
	no_shadow
}

// particle -1
sphere {
	<28.645552, 42.797409, 39.225494> 0.100000
	pigment { color rgbt <1,0,0,0> }
	no_shadow
}
sphere {
	0, 1
	scale<0.080000,0.200000,0.300000>
	matrix <0.727965, 0.644807, 0.233002,
		0.685614, -0.684435, -0.247956,
		-0.000409, 0.340253, -0.940334,
		28.645430, 42.899487, 38.943394>
	pigment { color rgbt <0,1,1,0> }
	no_shadow
}
cylinder {
	<29.333082, 42.601273, 39.478462>,  <28.645716, 42.661308, 39.601627>, 0.130000
	pigment { color rgbt <1,0,0,0> }
	no_shadow
}

// nucleotide -1

// particle -1
sphere {
	<29.333082, 42.601273, 39.478462> 0.250000
	pigment { color rgbt <1,0,0,0> }
	no_shadow
}
cylinder {
	<29.120451, 42.872646, 39.275620>,  <28.992872, 43.035469, 39.153915>, 0.100000
	pigment { color rgbt <1,0,0,0> }
	no_shadow
}
cylinder {
	<29.120451, 42.872646, 39.275620>,  <29.333082, 42.601273, 39.478462>, 0.100000
	pigment { color rgbt <1,0,0,0> }
	no_shadow
}

// particle -1
sphere {
	<29.120451, 42.872646, 39.275620> 0.100000
	pigment { color rgbt <1,0,0,0> }
	no_shadow
}
sphere {
	0, 1
	scale<0.080000,0.200000,0.300000>
	matrix <0.777474, 0.628390, 0.025696,
		0.336094, -0.380603, -0.861500,
		-0.531579, 0.678430, -0.507107,
		28.960978, 43.076176, 39.123489>
	pigment { color rgbt <0,1,1,0> }
	no_shadow
}
cylinder {
	<29.869526, 42.810246, 38.995983>,  <29.333082, 42.601273, 39.478462>, 0.130000
	pigment { color rgbt <1,0,0,0> }
	no_shadow
}

// nucleotide -1

// particle -1
sphere {
	<29.869526, 42.810246, 38.995983> 0.250000
	pigment { color rgbt <1,0,0,0> }
	no_shadow
}
cylinder {
	<30.221357, 42.792591, 39.185463>,  <30.432457, 42.781998, 39.299152>, 0.100000
	pigment { color rgbt <1,0,0,0> }
	no_shadow
}
cylinder {
	<30.221357, 42.792591, 39.185463>,  <29.869526, 42.810246, 38.995983>, 0.100000
	pigment { color rgbt <1,0,0,0> }
	no_shadow
}

// particle -1
sphere {
	<30.221357, 42.792591, 39.185463> 0.100000
	pigment { color rgbt <1,0,0,0> }
	no_shadow
}
sphere {
	0, 1
	scale<0.080000,0.200000,0.300000>
	matrix <-0.221055, -0.919594, 0.324779,
		0.421276, -0.390382, -0.818614,
		0.879580, -0.044137, 0.473699,
		30.485231, 42.779350, 39.327572>
	pigment { color rgbt <0,1,1,0> }
	no_shadow
}
cylinder {
	<30.218172, 42.199825, 38.871548>,  <29.869526, 42.810246, 38.995983>, 0.130000
	pigment { color rgbt <1,0,0,0> }
	no_shadow
}

// nucleotide -1

// particle -1
sphere {
	<30.218172, 42.199825, 38.871548> 0.250000
	pigment { color rgbt <1,0,0,0> }
	no_shadow
}
cylinder {
	<30.372183, 42.315243, 39.222202>,  <30.464588, 42.384495, 39.432594>, 0.100000
	pigment { color rgbt <1,0,0,0> }
	no_shadow
}
cylinder {
	<30.372183, 42.315243, 39.222202>,  <30.218172, 42.199825, 38.871548>, 0.100000
	pigment { color rgbt <1,0,0,0> }
	no_shadow
}

// particle -1
sphere {
	<30.372183, 42.315243, 39.222202> 0.100000
	pigment { color rgbt <1,0,0,0> }
	no_shadow
}
sphere {
	0, 1
	scale<0.080000,0.200000,0.300000>
	matrix <-0.204919, -0.899431, 0.386048,
		0.899869, -0.328278, -0.287175,
		0.385024, 0.288545, 0.876640,
		30.487690, 42.401806, 39.485195>
	pigment { color rgbt <0,1,1,0> }
	no_shadow
}
cylinder {
	<30.389439, 41.543598, 39.207409>,  <30.218172, 42.199825, 38.871548>, 0.130000
	pigment { color rgbt <1,0,0,0> }
	no_shadow
}

// nucleotide -1

// particle -1
sphere {
	<30.389439, 41.543598, 39.207409> 0.250000
	pigment { color rgbt <1,0,0,0> }
	no_shadow
}
cylinder {
	<30.474535, 41.823868, 39.479820>,  <30.525593, 41.992027, 39.643269>, 0.100000
	pigment { color rgbt <1,0,0,0> }
	no_shadow
}
cylinder {
	<30.474535, 41.823868, 39.479820>,  <30.389439, 41.543598, 39.207409>, 0.100000
	pigment { color rgbt <1,0,0,0> }
	no_shadow
}

// particle -1
sphere {
	<30.474535, 41.823868, 39.479820> 0.100000
	pigment { color rgbt <1,0,0,0> }
	no_shadow
}
sphere {
	0, 1
	scale<0.080000,0.200000,0.300000>
	matrix <-0.106425, -0.676221, 0.728971,
		0.971296, -0.227561, -0.069291,
		0.212741, 0.700672, 0.681029,
		30.538357, 42.034069, 39.684128>
	pigment { color rgbt <0,1,1,0> }
	no_shadow
}
cylinder {
	<31.076324, 41.469009, 39.443199>,  <30.389439, 41.543598, 39.207409>, 0.130000
	pigment { color rgbt <1,0,0,0> }
	no_shadow
}

// nucleotide -1

// particle -1
sphere {
	<31.076324, 41.469009, 39.443199> 0.250000
	pigment { color rgbt <1,0,0,0> }
	no_shadow
}
cylinder {
	<30.761179, 41.572163, 39.666901>,  <30.572090, 41.634056, 39.801121>, 0.100000
	pigment { color rgbt <1,0,0,0> }
	no_shadow
}
cylinder {
	<30.761179, 41.572163, 39.666901>,  <31.076324, 41.469009, 39.443199>, 0.100000
	pigment { color rgbt <1,0,0,0> }
	no_shadow
}

// particle -1
sphere {
	<30.761179, 41.572163, 39.666901> 0.100000
	pigment { color rgbt <1,0,0,0> }
	no_shadow
}
sphere {
	0, 1
	scale<0.080000,0.200000,0.300000>
	matrix <-0.020755, -0.918705, 0.394400,
		0.615497, 0.299127, 0.729169,
		-0.787866, 0.257885, 0.559251,
		30.524818, 41.649529, 39.834675>
	pigment { color rgbt <0,1,1,0> }
	no_shadow
}
cylinder {
	<31.021706, 41.144310, 40.100544>,  <31.076324, 41.469009, 39.443199>, 0.130000
	pigment { color rgbt <1,0,0,0> }
	no_shadow
}

// nucleotide -1

// particle -1
sphere {
	<31.021706, 41.144310, 40.100544> 0.250000
	pigment { color rgbt <1,0,0,0> }
	no_shadow
}
cylinder {
	<30.654886, 41.216518, 39.958317>,  <30.434793, 41.259842, 39.872978>, 0.100000
	pigment { color rgbt <1,0,0,0> }
	no_shadow
}
cylinder {
	<30.654886, 41.216518, 39.958317>,  <31.021706, 41.144310, 40.100544>, 0.100000
	pigment { color rgbt <1,0,0,0> }
	no_shadow
}

// particle -1
sphere {
	<30.654886, 41.216518, 39.958317> 0.100000
	pigment { color rgbt <1,0,0,0> }
	no_shadow
}
sphere {
	0, 1
	scale<0.080000,0.200000,0.300000>
	matrix <-0.199798, -0.979673, 0.017922,
		-0.345107, 0.087477, 0.934478,
		-0.917051, 0.180522, -0.355570,
		30.379770, 41.270676, 39.851646>
	pigment { color rgbt <0,1,1,0> }
	no_shadow
}
cylinder {
	<30.455338, 40.796165, 40.518307>,  <31.021706, 41.144310, 40.100544>, 0.130000
	pigment { color rgbt <1,0,0,0> }
	no_shadow
}

// nucleotide -1

// particle -1
sphere {
	<30.455338, 40.796165, 40.518307> 0.250000
	pigment { color rgbt <1,0,0,0> }
	no_shadow
}
cylinder {
	<30.313850, 40.854454, 40.148735>,  <30.228958, 40.889427, 39.926991>, 0.100000
	pigment { color rgbt <1,0,0,0> }
	no_shadow
}
cylinder {
	<30.313850, 40.854454, 40.148735>,  <30.455338, 40.796165, 40.518307>, 0.100000
	pigment { color rgbt <1,0,0,0> }
	no_shadow
}

// particle -1
sphere {
	<30.313850, 40.854454, 40.148735> 0.100000
	pigment { color rgbt <1,0,0,0> }
	no_shadow
}
sphere {
	0, 1
	scale<0.080000,0.200000,0.300000>
	matrix <-0.317933, -0.947707, -0.027759,
		-0.879661, 0.283929, 0.381551,
		-0.353717, 0.145726, -0.923931,
		30.207735, 40.898170, 39.871555>
	pigment { color rgbt <0,1,1,0> }
	no_shadow
}
cylinder {
	<30.886515, 40.338253, 40.902443>,  <30.455338, 40.796165, 40.518307>, 0.130000
	pigment { color rgbt <1,0,0,0> }
	no_shadow
}

// nucleotide -1

// particle -1
sphere {
	<30.886515, 40.338253, 40.902443> 0.250000
	pigment { color rgbt <1,0,0,0> }
	no_shadow
}
cylinder {
	<30.610178, 40.059441, 40.979263>,  <30.444376, 39.892151, 41.025356>, 0.100000
	pigment { color rgbt <1,0,0,0> }
	no_shadow
}
cylinder {
	<30.610178, 40.059441, 40.979263>,  <30.886515, 40.338253, 40.902443>, 0.100000
	pigment { color rgbt <1,0,0,0> }
	no_shadow
}

// particle -1
sphere {
	<30.610178, 40.059441, 40.979263> 0.100000
	pigment { color rgbt <1,0,0,0> }
	no_shadow
}
sphere {
	0, 1
	scale<0.080000,0.200000,0.300000>
	matrix <0.372555, -0.570837, -0.731675,
		0.619630, -0.433923, 0.654041,
		-0.690841, -0.697034, 0.192047,
		30.402925, 39.850330, 41.036877>
	pigment { color rgbt <0,1,1,0> }
	no_shadow
}
cylinder {
	<30.650164, 39.923695, 41.536922>,  <30.886515, 40.338253, 40.902443>, 0.130000
	pigment { color rgbt <1,0,0,0> }
	no_shadow
}

// nucleotide -1

// particle -1
sphere {
	<30.650164, 39.923695, 41.536922> 0.250000
	pigment { color rgbt <1,0,0,0> }
	no_shadow
}
cylinder {
	<30.319668, 40.062401, 41.714497>,  <30.121370, 40.145626, 41.821041>, 0.100000
	pigment { color rgbt <1,0,0,0> }
	no_shadow
}
cylinder {
	<30.319668, 40.062401, 41.714497>,  <30.650164, 39.923695, 41.536922>, 0.100000
	pigment { color rgbt <1,0,0,0> }
	no_shadow
}

// particle -1
sphere {
	<30.319668, 40.062401, 41.714497> 0.100000
	pigment { color rgbt <1,0,0,0> }
	no_shadow
}
sphere {
	0, 1
	scale<0.080000,0.200000,0.300000>
	matrix <-0.510991, -0.793071, -0.331551,
		0.237104, -0.500789, 0.832461,
		-0.826238, 0.346768, 0.443939,
		30.071796, 40.166431, 41.847679>
	pigment { color rgbt <0,1,1,0> }
	no_shadow
}
cylinder {
	<30.419325, 39.424294, 42.000832>,  <30.650164, 39.923695, 41.536922>, 0.130000
	pigment { color rgbt <1,0,0,0> }
	no_shadow
}

// nucleotide -1

// particle -1
sphere {
	<30.419325, 39.424294, 42.000832> 0.250000
	pigment { color rgbt <1,0,0,0> }
	no_shadow
}
cylinder {
	<30.109156, 39.664822, 41.923744>,  <29.923054, 39.809139, 41.877491>, 0.100000
	pigment { color rgbt <1,0,0,0> }
	no_shadow
}
cylinder {
	<30.109156, 39.664822, 41.923744>,  <30.419325, 39.424294, 42.000832>, 0.100000
	pigment { color rgbt <1,0,0,0> }
	no_shadow
}

// particle -1
sphere {
	<30.109156, 39.664822, 41.923744> 0.100000
	pigment { color rgbt <1,0,0,0> }
	no_shadow
}
sphere {
	0, 1
	scale<0.080000,0.200000,0.300000>
	matrix <-0.465929, -0.750857, -0.468107,
		-0.426182, -0.273189, 0.862402,
		-0.775422, 0.601316, -0.192715,
		29.876530, 39.845215, 41.865929>
	pigment { color rgbt <0,1,1,0> }
	no_shadow
}
cylinder {
	<29.789671, 38.992031, 42.170284>,  <30.419325, 39.424294, 42.000832>, 0.130000
	pigment { color rgbt <1,0,0,0> }
	no_shadow
}

// nucleotide -1

// particle -1
sphere {
	<29.789671, 38.992031, 42.170284> 0.250000
	pigment { color rgbt <1,0,0,0> }
	no_shadow
}
cylinder {
	<29.666653, 39.295780, 41.940933>,  <29.592842, 39.478031, 41.803322>, 0.100000
	pigment { color rgbt <1,0,0,0> }
	no_shadow
}
cylinder {
	<29.666653, 39.295780, 41.940933>,  <29.789671, 38.992031, 42.170284>, 0.100000
	pigment { color rgbt <1,0,0,0> }
	no_shadow
}

// particle -1
sphere {
	<29.666653, 39.295780, 41.940933> 0.100000
	pigment { color rgbt <1,0,0,0> }
	no_shadow
}
sphere {
	0, 1
	scale<0.080000,0.200000,0.300000>
	matrix <-0.614236, -0.618656, -0.489876,
		-0.726726, 0.201532, 0.656700,
		-0.307545, 0.759374, -0.573382,
		29.574389, 39.523594, 41.768917>
	pigment { color rgbt <0,1,1,0> }
	no_shadow
}
cylinder {
	<29.076916, 38.801193, 42.102867>,  <29.789671, 38.992031, 42.170284>, 0.130000
	pigment { color rgbt <1,0,0,0> }
	no_shadow
}

// nucleotide -1

// particle -1
sphere {
	<29.076916, 38.801193, 42.102867> 0.250000
	pigment { color rgbt <1,0,0,0> }
	no_shadow
}
cylinder {
	<29.192976, 39.051826, 41.813538>,  <29.262611, 39.202206, 41.639938>, 0.100000
	pigment { color rgbt <1,0,0,0> }
	no_shadow
}
cylinder {
	<29.192976, 39.051826, 41.813538>,  <29.076916, 38.801193, 42.102867>, 0.100000
	pigment { color rgbt <1,0,0,0> }
	no_shadow
}

// particle -1
sphere {
	<29.192976, 39.051826, 41.813538> 0.100000
	pigment { color rgbt <1,0,0,0> }
	no_shadow
}
sphere {
	0, 1
	scale<0.080000,0.200000,0.300000>
	matrix <-0.475595, -0.561481, -0.677162,
		-0.830435, 0.540490, 0.135086,
		0.290151, 0.626585, -0.723328,
		29.280022, 39.239803, 41.596539>
	pigment { color rgbt <0,1,1,0> }
	no_shadow
}
cylinder {
	<28.532570, 38.730934, 41.582207>,  <29.076916, 38.801193, 42.102867>, 0.130000
	pigment { color rgbt <1,0,0,0> }
	no_shadow
}

// nucleotide -1

// particle -1
sphere {
	<28.532570, 38.730934, 41.582207> 0.250000
	pigment { color rgbt <1,0,0,0> }
	no_shadow
}
cylinder {
	<28.838247, 38.904366, 41.391205>,  <29.021654, 39.008427, 41.276604>, 0.100000
	pigment { color rgbt <1,0,0,0> }
	no_shadow
}
cylinder {
	<28.838247, 38.904366, 41.391205>,  <28.532570, 38.730934, 41.582207>, 0.100000
	pigment { color rgbt <1,0,0,0> }
	no_shadow
}

// particle -1
sphere {
	<28.838247, 38.904366, 41.391205> 0.100000
	pigment { color rgbt <1,0,0,0> }
	no_shadow
}
sphere {
	0, 1
	scale<0.080000,0.200000,0.300000>
	matrix <-0.336279, -0.363914, -0.868610,
		-0.550386, 0.824362, -0.132296,
		0.764193, 0.433582, -0.477509,
		29.067505, 39.034439, 41.247952>
	pigment { color rgbt <0,1,1,0> }
	no_shadow
}
cylinder {
	<28.229599, 39.042007, 41.062019>,  <28.532570, 38.730934, 41.582207>, 0.130000
	pigment { color rgbt <1,0,0,0> }
	no_shadow
}

// nucleotide -1

// particle -1
sphere {
	<28.229599, 39.042007, 41.062019> 0.250000
	pigment { color rgbt <1,0,0,0> }
	no_shadow
}
cylinder {
	<28.609802, 38.976070, 40.956673>,  <28.837925, 38.936508, 40.893463>, 0.100000
	pigment { color rgbt <1,0,0,0> }
	no_shadow
}
cylinder {
	<28.609802, 38.976070, 40.956673>,  <28.229599, 39.042007, 41.062019>, 0.100000
	pigment { color rgbt <1,0,0,0> }
	no_shadow
}

// particle -1
sphere {
	<28.609802, 38.976070, 40.956673> 0.100000
	pigment { color rgbt <1,0,0,0> }
	no_shadow
}
sphere {
	0, 1
	scale<0.080000,0.200000,0.300000>
	matrix <-0.308513, -0.400395, -0.862846,
		0.036779, 0.901395, -0.431433,
		0.950509, -0.164838, -0.263366,
		28.894955, 38.926620, 40.877663>
	pigment { color rgbt <0,1,1,0> }
	no_shadow
}
cylinder {
	<28.200390, 39.121109, 40.365875>,  <28.229599, 39.042007, 41.062019>, 0.130000
	pigment { color rgbt <1,0,0,0> }
	no_shadow
}

// nucleotide -1

// particle -1
sphere {
	<28.200390, 39.121109, 40.365875> 0.250000
	pigment { color rgbt <1,0,0,0> }
	no_shadow
}
cylinder {
	<28.568083, 38.968353, 40.404179>,  <28.788698, 38.876698, 40.427158>, 0.100000
	pigment { color rgbt <1,0,0,0> }
	no_shadow
}
cylinder {
	<28.568083, 38.968353, 40.404179>,  <28.200390, 39.121109, 40.365875>, 0.100000
	pigment { color rgbt <1,0,0,0> }
	no_shadow
}

// particle -1
sphere {
	<28.568083, 38.968353, 40.404179> 0.100000
	pigment { color rgbt <1,0,0,0> }
	no_shadow
}
sphere {
	0, 1
	scale<0.080000,0.200000,0.300000>
	matrix <-0.124243, -0.512153, -0.849861,
		0.373598, 0.769322, -0.518235,
		0.919232, -0.381894, 0.095756,
		28.843853, 38.853786, 40.432907>
	pigment { color rgbt <0,1,1,0> }
	no_shadow
}
cylinder {
	<28.705406, 39.205921, 39.646515>,  <28.200390, 39.121109, 40.365875>, 0.130000
	pigment { color rgbt <1,0,0,0> }
	no_shadow
}

// nucleotide -1

// particle -1
sphere {
	<28.705406, 39.205921, 39.646515> 0.250000
	pigment { color rgbt <1,0,0,0> }
	no_shadow
}
cylinder {
	<28.870491, 38.914280, 39.864902>,  <28.969542, 38.739296, 39.995934>, 0.100000
	pigment { color rgbt <1,0,0,0> }
	no_shadow
}
cylinder {
	<28.870491, 38.914280, 39.864902>,  <28.705406, 39.205921, 39.646515>, 0.100000
	pigment { color rgbt <1,0,0,0> }
	no_shadow
}

// particle -1
sphere {
	<28.870491, 38.914280, 39.864902> 0.100000
	pigment { color rgbt <1,0,0,0> }
	no_shadow
}
sphere {
	0, 1
	scale<0.080000,0.200000,0.300000>
	matrix <0.049907, -0.580394, -0.812805,
