// switches for output
#declare DRAW_BASES = 1; // possible values are 0, 1; only relevant for DNA ribbons
#declare DRAW_BASES_TYPE = 3; // possible values are 1, 2, 3; only relevant for DNA ribbons
#declare DRAW_FOG = 0; // set to 1 to enable fog

#include "colors.inc"

#include "transforms.inc"
background { rgb <1, 1, 1>}

#default {
   normal{
       ripples 0.25
       frequency 0.20
       turbulence 0.2
       lambda 5
   }
	finish {
		phong 0.1
		phong_size 40.
	}
}

// original window dimensions: 1024x640


// camera settings

camera {
	sky <0, 0.179814, -0.983701>
	up <0, 0.179814, -0.983701>
	right 1.6 * <1, 0, 0>
	location <35, 94.9851, 44.8844>
	look_at <35, 29.7336, 32.9568>
	direction <0, -65.2515, -11.9276>
	angle 67.0682
}


# declare cpy_camera_pos = <35, 94.9851, 44.8844>;
# if (DRAW_FOG = 1)
fog {
	fog_type 2
	up vnormalize(cpy_camera_pos)
	color rgbt<1,1,1,0.3>
	distance 1e-5
	fog_alt 3e-3
	fog_offset 56
}
# end


// LIGHTS

# declare lum = 6;
global_settings {
	ambient_light rgb lum * <0.05, 0.05, 0.05>
	max_trace_level 15
}# declare cpy_direct_light_amount = 0.25;
light_source
{	1000 * <-1, -1.16352, -0.803886>,
	rgb lum * cpy_direct_light_amount
	parallel
}

light_source
{	1000 * <1, 1.16352, 0.803886>,
	rgb lum * cpy_direct_light_amount
	parallel
}

// strand 0

// nucleotide -1

// particle -1
sphere {
	<24.149744, 34.949135, 35.722710> 0.250000
	pigment { color rgbt <1,0,0,0> }
	no_shadow
}
cylinder {
	<24.166605, 35.035419, 35.332489>,  <24.176722, 35.087189, 35.098358>, 0.100000
	pigment { color rgbt <1,0,0,0> }
	no_shadow
}
cylinder {
	<24.166605, 35.035419, 35.332489>,  <24.149744, 34.949135, 35.722710>, 0.100000
	pigment { color rgbt <1,0,0,0> }
	no_shadow
}

// particle -1
sphere {
	<24.166605, 35.035419, 35.332489> 0.100000
	pigment { color rgbt <1,0,0,0> }
	no_shadow
}
sphere {
	0, 1
	scale<0.080000,0.200000,0.300000>
	matrix <0.971077, 0.220832, 0.090787,
		0.235015, -0.951159, -0.200161,
		0.042151, 0.215709, -0.975548,
		24.179251, 35.100132, 35.039825>
	pigment { color rgbt <0,1,1,0> }
	no_shadow
}
cylinder {
	<24.781940, 35.046638, 35.704205>,  <24.149744, 34.949135, 35.722710>, 0.130000
	pigment { color rgbt <1,0,0,0> }
	no_shadow
}

// nucleotide -1

// particle -1
sphere {
	<24.781940, 35.046638, 35.704205> 0.250000
	pigment { color rgbt <1,0,0,0> }
	no_shadow
}
cylinder {
	<24.664246, 35.102402, 35.326000>,  <24.593628, 35.135860, 35.099079>, 0.100000
	pigment { color rgbt <1,0,0,0> }
	no_shadow
}
cylinder {
	<24.664246, 35.102402, 35.326000>,  <24.781940, 35.046638, 35.704205>, 0.100000
	pigment { color rgbt <1,0,0,0> }
	no_shadow
}

// particle -1
sphere {
	<24.664246, 35.102402, 35.326000> 0.100000
	pigment { color rgbt <1,0,0,0> }
	no_shadow
}
sphere {
	0, 1
	scale<0.080000,0.200000,0.300000>
	matrix <0.935139, 0.246259, -0.254701,
		0.197332, -0.959125, -0.202827,
		-0.294238, 0.139411, -0.945510,
		24.575974, 35.144226, 35.042347>
	pigment { color rgbt <0,1,1,0> }
	no_shadow
}
cylinder {
	<25.403435, 34.817329, 35.261543>,  <24.781940, 35.046638, 35.704205>, 0.130000
	pigment { color rgbt <1,0,0,0> }
	no_shadow
}

// nucleotide -1

// particle -1
sphere {
	<25.403435, 34.817329, 35.261543> 0.250000
	pigment { color rgbt <1,0,0,0> }
	no_shadow
}
cylinder {
	<25.233814, 35.098080, 35.032616>,  <25.132042, 35.266529, 34.895260>, 0.100000
	pigment { color rgbt <1,0,0,0> }
	no_shadow
}
cylinder {
	<25.233814, 35.098080, 35.032616>,  <25.403435, 34.817329, 35.261543>, 0.100000
	pigment { color rgbt <1,0,0,0> }
	no_shadow
}

// particle -1
sphere {
	<25.233814, 35.098080, 35.032616> 0.100000
	pigment { color rgbt <1,0,0,0> }
	no_shadow
}
sphere {
	0, 1
	scale<0.080000,0.200000,0.300000>
	matrix <0.903439, 0.283816, -0.321321,
		-0.063094, -0.653312, -0.754455,
		-0.424049, 0.701878, -0.572320,
		25.106600, 35.308643, 34.860920>
	pigment { color rgbt <0,1,1,0> }
	no_shadow
}
cylinder {
	<25.725418, 34.247433, 34.860115>,  <25.403435, 34.817329, 35.261543>, 0.130000
	pigment { color rgbt <1,0,0,0> }
	no_shadow
}

// nucleotide -1

// particle -1
sphere {
	<25.725418, 34.247433, 34.860115> 0.250000
	pigment { color rgbt <1,0,0,0> }
	no_shadow
}
cylinder {
	<26.036684, 34.491348, 34.799965>,  <26.223444, 34.637699, 34.763874>, 0.100000
	pigment { color rgbt <1,0,0,0> }
	no_shadow
}
cylinder {
	<26.036684, 34.491348, 34.799965>,  <25.725418, 34.247433, 34.860115>, 0.100000
	pigment { color rgbt <1,0,0,0> }
	no_shadow
}

// particle -1
sphere {
	<26.036684, 34.491348, 34.799965> 0.100000
	pigment { color rgbt <1,0,0,0> }
	no_shadow
}
sphere {
	0, 1
	scale<0.080000,0.200000,0.300000>
	matrix <-0.294471, 0.142757, -0.944938,
		-0.554749, 0.779598, 0.290655,
		0.778165, 0.609793, -0.150375,
		26.270134, 34.674286, 34.754852>
	pigment { color rgbt <0,1,1,0> }
	no_shadow
}
cylinder {
	<25.529825, 34.646679, 34.238472>,  <25.725418, 34.247433, 34.860115>, 0.130000
	pigment { color rgbt <1,0,0,0> }
	no_shadow
}

// nucleotide -1

// particle -1
sphere {
	<25.529825, 34.646679, 34.238472> 0.250000
	pigment { color rgbt <1,0,0,0> }
	no_shadow
}
cylinder {
	<25.911985, 34.763962, 34.252529>,  <26.141281, 34.834332, 34.260963>, 0.100000
	pigment { color rgbt <1,0,0,0> }
	no_shadow
}
cylinder {
	<25.911985, 34.763962, 34.252529>,  <25.529825, 34.646679, 34.238472>, 0.100000
	pigment { color rgbt <1,0,0,0> }
	no_shadow
}

// particle -1
sphere {
	<25.911985, 34.763962, 34.252529> 0.100000
	pigment { color rgbt <1,0,0,0> }
	no_shadow
}
sphere {
	0, 1
	scale<0.080000,0.200000,0.300000>
	matrix <-0.123965, 0.506233, -0.853441,
		-0.268029, 0.811022, 0.520003,
		0.955402, 0.293209, 0.035147,
		26.198606, 34.851925, 34.263073>
	pigment { color rgbt <0,1,1,0> }
	no_shadow
}
cylinder {
	<25.519915, 35.429863, 34.140671>,  <25.529825, 34.646679, 34.238472>, 0.130000
	pigment { color rgbt <1,0,0,0> }
	no_shadow
}

// nucleotide -1

// particle -1
sphere {
	<25.519915, 35.429863, 34.140671> 0.250000
	pigment { color rgbt <1,0,0,0> }
	no_shadow
}
cylinder {
	<25.862570, 35.257561, 34.027096>,  <26.068163, 35.154179, 33.958950>, 0.100000
	pigment { color rgbt <1,0,0,0> }
	no_shadow
}
cylinder {
	<25.862570, 35.257561, 34.027096>,  <25.519915, 35.429863, 34.140671>, 0.100000
	pigment { color rgbt <1,0,0,0> }
	no_shadow
}

// particle -1
sphere {
	<25.862570, 35.257561, 34.027096> 0.100000
	pigment { color rgbt <1,0,0,0> }
	no_shadow
}
sphere {
	0, 1
	scale<0.080000,0.200000,0.300000>
	matrix <-0.047377, 0.482352, -0.874695,
		0.513742, 0.762748, 0.392792,
		0.856636, -0.430758, -0.283942,
		26.119560, 35.128334, 33.941914>
	pigment { color rgbt <0,1,1,0> }
	no_shadow
}
cylinder {
	<25.962883, 35.968498, 33.855579>,  <25.519915, 35.429863, 34.140671>, 0.130000
	pigment { color rgbt <1,0,0,0> }
	no_shadow
}

// nucleotide -1

// particle -1
sphere {
	<25.962883, 35.968498, 33.855579> 0.250000
	pigment { color rgbt <1,0,0,0> }
	no_shadow
}
cylinder {
	<26.101379, 35.633991, 33.685509>,  <26.184477, 35.433289, 33.583466>, 0.100000
	pigment { color rgbt <1,0,0,0> }
	no_shadow
}
cylinder {
	<26.101379, 35.633991, 33.685509>,  <25.962883, 35.968498, 33.855579>, 0.100000
	pigment { color rgbt <1,0,0,0> }
	no_shadow
}

// particle -1
sphere {
	<26.101379, 35.633991, 33.685509> 0.100000
	pigment { color rgbt <1,0,0,0> }
	no_shadow
}
sphere {
	0, 1
	scale<0.080000,0.200000,0.300000>
	matrix <-0.098194, 0.418419, -0.902930,
		0.932993, 0.354381, 0.062757,
		0.346240, -0.836265, -0.425180,
		26.205252, 35.383110, 33.557953>
	pigment { color rgbt <0,1,1,0> }
	no_shadow
}
cylinder {
	<26.333153, 36.280102, 33.410378>,  <25.962883, 35.968498, 33.855579>, 0.130000
	pigment { color rgbt <1,0,0,0> }
	no_shadow
}

// nucleotide -1

// particle -1
sphere {
	<26.333153, 36.280102, 33.410378> 0.250000
	pigment { color rgbt <1,0,0,0> }
	no_shadow
}
cylinder {
	<26.298388, 35.903515, 33.280098>,  <26.277529, 35.677563, 33.201931>, 0.100000
	pigment { color rgbt <1,0,0,0> }
	no_shadow
}
cylinder {
	<26.298388, 35.903515, 33.280098>,  <26.333153, 36.280102, 33.410378>, 0.100000
	pigment { color rgbt <1,0,0,0> }
	no_shadow
}

// particle -1
sphere {
	<26.298388, 35.903515, 33.280098> 0.100000
	pigment { color rgbt <1,0,0,0> }
	no_shadow
}
sphere {
	0, 1
	scale<0.080000,0.200000,0.300000>
	matrix <-0.134660, 0.335035, -0.932533,
		0.987073, -0.037191, -0.155897,
		-0.086913, -0.941471, -0.325696,
		26.272314, 35.621075, 33.182388>
	pigment { color rgbt <0,1,1,0> }
	no_shadow
}
cylinder {
	<26.800777, 36.207321, 32.806721>,  <26.333153, 36.280102, 33.410378>, 0.130000
	pigment { color rgbt <1,0,0,0> }
	no_shadow
}

// nucleotide -1

// particle -1
sphere {
	<26.800777, 36.207321, 32.806721> 0.250000
	pigment { color rgbt <1,0,0,0> }
	no_shadow
}
cylinder {
	<26.529161, 35.917866, 32.757317>,  <26.366192, 35.744194, 32.727676>, 0.100000
	pigment { color rgbt <1,0,0,0> }
	no_shadow
}
cylinder {
	<26.529161, 35.917866, 32.757317>,  <26.800777, 36.207321, 32.806721>, 0.100000
	pigment { color rgbt <1,0,0,0> }
	no_shadow
}

// particle -1
sphere {
	<26.529161, 35.917866, 32.757317> 0.100000
	pigment { color rgbt <1,0,0,0> }
	no_shadow
}
sphere {
	0, 1
	scale<0.080000,0.200000,0.300000>
	matrix <-0.130879, 0.284886, -0.949584,
		0.722341, -0.628641, -0.288158,
		-0.679039, -0.723637, -0.123509,
		26.325449, 35.700775, 32.720264>
	pigment { color rgbt <0,1,1,0> }
	no_shadow
}
cylinder {
	<26.854353, 35.920910, 32.132481>,  <26.800777, 36.207321, 32.806721>, 0.130000
	pigment { color rgbt <1,0,0,0> }
	no_shadow
}

// nucleotide -1

// particle -1
sphere {
	<26.854353, 35.920910, 32.132481> 0.250000
	pigment { color rgbt <1,0,0,0> }
	no_shadow
}
cylinder {
	<26.485657, 35.793941, 32.221596>,  <26.264439, 35.717762, 32.275066>, 0.100000
	pigment { color rgbt <1,0,0,0> }
	no_shadow
}
cylinder {
	<26.485657, 35.793941, 32.221596>,  <26.854353, 35.920910, 32.132481>, 0.100000
	pigment { color rgbt <1,0,0,0> }
	no_shadow
}

// particle -1
sphere {
	<26.485657, 35.793941, 32.221596> 0.100000
	pigment { color rgbt <1,0,0,0> }
	no_shadow
}
sphere {
	0, 1
	scale<0.080000,0.200000,0.300000>
	matrix <-0.256601, 0.068459, -0.964090,
		0.290768, -0.945811, -0.144552,
		-0.921743, -0.317418, 0.222790,
		26.209133, 35.698715, 32.288433>
	pigment { color rgbt <0,1,1,0> }
	no_shadow
}
cylinder {
	<26.688454, 35.505608, 31.477982>,  <26.854353, 35.920910, 32.132481>, 0.130000
	pigment { color rgbt <1,0,0,0> }
	no_shadow
}

// nucleotide -1

// particle -1
sphere {
	<26.688454, 35.505608, 31.477982> 0.250000
	pigment { color rgbt <1,0,0,0> }
	no_shadow
}
cylinder {
	<26.343086, 35.582268, 31.664648>,  <26.135866, 35.628265, 31.776648>, 0.100000
	pigment { color rgbt <1,0,0,0> }
	no_shadow
}
cylinder {
	<26.343086, 35.582268, 31.664648>,  <26.688454, 35.505608, 31.477982>, 0.100000
	pigment { color rgbt <1,0,0,0> }
	no_shadow
}

// particle -1
sphere {
	<26.343086, 35.582268, 31.664648> 0.100000
	pigment { color rgbt <1,0,0,0> }
	no_shadow
}
sphere {
	0, 1
	scale<0.080000,0.200000,0.300000>
	matrix <-0.491709, -0.112824, -0.863419,
		-0.112824, -0.974957, 0.191650,
		0.863419, -0.191650, -0.466666,
		26.084061, 35.639763, 31.804647>
	pigment { color rgbt <0,1,1,0> }
	no_shadow
}
cylinder {
	<26.324902, 34.999569, 31.316439>,  <26.688454, 35.505608, 31.477982>, 0.130000
	pigment { color rgbt <1,0,0,0> }
	no_shadow
}

// nucleotide -1

// particle -1
sphere {
	<26.324902, 34.999569, 31.316439> 0.250000
	pigment { color rgbt <1,0,0,0> }
	no_shadow
}
cylinder {
	<26.066790, 35.287212, 31.419586>,  <25.911922, 35.459797, 31.481474>, 0.100000
	pigment { color rgbt <1,0,0,0> }
	no_shadow
}
cylinder {
	<26.066790, 35.287212, 31.419586>,  <26.324902, 34.999569, 31.316439>, 0.100000
	pigment { color rgbt <1,0,0,0> }
	no_shadow
}

// particle -1
sphere {
	<26.066790, 35.287212, 31.419586> 0.100000
	pigment { color rgbt <1,0,0,0> }
	no_shadow
}
sphere {
	0, 1
	scale<0.080000,0.200000,0.300000>
	matrix <-0.423405, -0.055686, -0.904228,
		-0.635880, -0.692661, 0.340407,
		-0.645279, 0.719111, 0.257867,
		25.873205, 35.502945, 31.496946>
	pigment { color rgbt <0,1,1,0> }
	no_shadow
}
cylinder {
	<25.595995, 34.768211, 31.107975>,  <26.324902, 34.999569, 31.316439>, 0.130000
	pigment { color rgbt <1,0,0,0> }
	no_shadow
}

// nucleotide -1

// particle -1
sphere {
	<25.595995, 34.768211, 31.107975> 0.250000
	pigment { color rgbt <1,0,0,0> }
	no_shadow
}
cylinder {
	<25.536417, 35.159267, 31.167362>,  <25.500671, 35.393902, 31.202995>, 0.100000
	pigment { color rgbt <1,0,0,0> }
	no_shadow
}
cylinder {
	<25.536417, 35.159267, 31.167362>,  <25.595995, 34.768211, 31.107975>, 0.100000
	pigment { color rgbt <1,0,0,0> }
	no_shadow
}

// particle -1
sphere {
	<25.536417, 35.159267, 31.167362> 0.100000
	pigment { color rgbt <1,0,0,0> }
	no_shadow
}
sphere {
	0, 1
	scale<0.080000,0.200000,0.300000>
	matrix <-0.409995, 0.075575, -0.908951,
		-0.899844, -0.196254, 0.389570,
		-0.148943, 0.977636, 0.148468,
		25.491734, 35.452557, 31.211903>
	pigment { color rgbt <0,1,1,0> }
	no_shadow
}
cylinder {
	<24.868755, 34.914940, 31.003521>,  <25.595995, 34.768211, 31.107975>, 0.130000
	pigment { color rgbt <1,0,0,0> }
	no_shadow
}

// nucleotide -1

// particle -1
sphere {
	<24.868755, 34.914940, 31.003521> 0.250000
	pigment { color rgbt <1,0,0,0> }
	no_shadow
}
cylinder {
	<25.054344, 35.267296, 30.966085>,  <25.165697, 35.478710, 30.943624>, 0.100000
	pigment { color rgbt <1,0,0,0> }
	no_shadow
}
cylinder {
	<25.054344, 35.267296, 30.966085>,  <24.868755, 34.914940, 31.003521>, 0.100000
	pigment { color rgbt <1,0,0,0> }
	no_shadow
}

// particle -1
sphere {
	<25.054344, 35.267296, 30.966085> 0.100000
	pigment { color rgbt <1,0,0,0> }
	no_shadow
}
sphere {
	0, 1
	scale<0.080000,0.200000,0.300000>
	matrix <-0.325510, 0.071278, -0.942848,
		-0.823876, 0.467920, 0.319810,
		0.463974, 0.880892, -0.093588,
		25.193537, 35.531563, 30.938009>
	pigment { color rgbt <0,1,1,0> }
	no_shadow
}
cylinder {
	<24.352554, 35.426983, 30.645416>,  <24.868755, 34.914940, 31.003521>, 0.130000
	pigment { color rgbt <1,0,0,0> }
	no_shadow
}

// nucleotide -1

// particle -1
sphere {
	<24.352554, 35.426983, 30.645416> 0.250000
	pigment { color rgbt <1,0,0,0> }
	no_shadow
}
cylinder {
	<24.729923, 35.534023, 30.567091>,  <24.956345, 35.598248, 30.520096>, 0.100000
	pigment { color rgbt <1,0,0,0> }
	no_shadow
}
cylinder {
	<24.729923, 35.534023, 30.567091>,  <24.352554, 35.426983, 30.645416>, 0.100000
	pigment { color rgbt <1,0,0,0> }
	no_shadow
}

// particle -1
sphere {
	<24.729923, 35.534023, 30.567091> 0.100000
	pigment { color rgbt <1,0,0,0> }
	no_shadow
}
sphere {
	0, 1
	scale<0.080000,0.200000,0.300000>
	matrix <-0.246135, 0.169447, -0.954309,
		-0.222194, 0.948513, 0.225726,
		0.943423, 0.267601, -0.195812,
		25.012951, 35.614304, 30.508347>
	pigment { color rgbt <0,1,1,0> }
	no_shadow
}
cylinder {
	<24.188154, 35.889874, 30.176275>,  <24.352554, 35.426983, 30.645416>, 0.130000
	pigment { color rgbt <1,0,0,0> }
	no_shadow
}

// nucleotide -1

// particle -1
sphere {
	<24.188154, 35.889874, 30.176275> 0.250000
	pigment { color rgbt <1,0,0,0> }
	no_shadow
}
cylinder {
	<24.579794, 35.820400, 30.133940>,  <24.814777, 35.778717, 30.108540>, 0.100000
	pigment { color rgbt <1,0,0,0> }
	no_shadow
}
cylinder {
	<24.579794, 35.820400, 30.133940>,  <24.188154, 35.889874, 30.176275>, 0.100000
	pigment { color rgbt <1,0,0,0> }
	no_shadow
}

// particle -1
sphere {
	<24.579794, 35.820400, 30.133940> 0.100000
	pigment { color rgbt <1,0,0,0> }
	no_shadow
}
sphere {
	0, 1
	scale<0.080000,0.200000,0.300000>
	matrix <-0.051997, 0.289318, -0.955820,
		0.196634, 0.941344, 0.274239,
		0.979097, -0.173688, -0.105837,
		24.873524, 35.768295, 30.102188>
	pigment { color rgbt <0,1,1,0> }
	no_shadow
}
cylinder {
	<24.510962, 36.467522, 29.777592>,  <24.188154, 35.889874, 30.176275>, 0.130000
	pigment { color rgbt <1,0,0,0> }
	no_shadow
}

// nucleotide -1

// particle -1
sphere {
	<24.510962, 36.467522, 29.777592> 0.250000
	pigment { color rgbt <1,0,0,0> }
	no_shadow
}
cylinder {
	<24.752575, 36.151501, 29.735706>,  <24.897543, 35.961887, 29.710575>, 0.100000
	pigment { color rgbt <1,0,0,0> }
	no_shadow
}
cylinder {
	<24.752575, 36.151501, 29.735706>,  <24.510962, 36.467522, 29.777592>, 0.100000
	pigment { color rgbt <1,0,0,0> }
	no_shadow
}

// particle -1
sphere {
	<24.752575, 36.151501, 29.735706> 0.100000
	pigment { color rgbt <1,0,0,0> }
	no_shadow
}
sphere {
	0, 1
	scale<0.080000,0.200000,0.300000>
	matrix <0.007573, 0.137074, -0.990532,
		0.796923, 0.597521, 0.088781,
		0.604034, -0.790050, -0.104713,
		24.933784, 35.914486, 29.704292>
	pigment { color rgbt <0,1,1,0> }
	no_shadow
}
cylinder {
	<24.997757, 36.777260, 29.429401>,  <24.510962, 36.467522, 29.777592>, 0.130000
	pigment { color rgbt <1,0,0,0> }
	no_shadow
}

// nucleotide -1

// particle -1
sphere {
	<24.997757, 36.777260, 29.429401> 0.250000
	pigment { color rgbt <1,0,0,0> }
	no_shadow
}
cylinder {
	<25.014862, 36.381344, 29.375010>,  <25.025126, 36.143795, 29.342375>, 0.100000
	pigment { color rgbt <1,0,0,0> }
	no_shadow
}
cylinder {
	<25.014862, 36.381344, 29.375010>,  <24.997757, 36.777260, 29.429401>, 0.100000
	pigment { color rgbt <1,0,0,0> }
	no_shadow
}

// particle -1
sphere {
	<25.014862, 36.381344, 29.375010> 0.100000
	pigment { color rgbt <1,0,0,0> }
	no_shadow
}
sphere {
	0, 1
	scale<0.080000,0.200000,0.300000>
	matrix <-0.098933, 0.131240, -0.986402,
		0.994175, 0.055632, -0.092311,
		0.042761, -0.989788, -0.135979,
		25.027691, 36.084408, 29.334215>
	pigment { color rgbt <0,1,1,0> }
	no_shadow
}
cylinder {
	<25.311338, 36.801311, 28.813292>,  <24.997757, 36.777260, 29.429401>, 0.130000
	pigment { color rgbt <1,0,0,0> }
	no_shadow
}

// nucleotide -1

// particle -1
sphere {
	<25.311338, 36.801311, 28.813292> 0.250000
	pigment { color rgbt <1,0,0,0> }
	no_shadow
}
cylinder {
	<25.186594, 36.422333, 28.841805>,  <25.111748, 36.194946, 28.858913>, 0.100000
	pigment { color rgbt <1,0,0,0> }
	no_shadow
}
cylinder {
	<25.186594, 36.422333, 28.841805>,  <25.311338, 36.801311, 28.813292>, 0.100000
	pigment { color rgbt <1,0,0,0> }
	no_shadow
}

// particle -1
sphere {
	<25.186594, 36.422333, 28.841805> 0.100000
	pigment { color rgbt <1,0,0,0> }
	no_shadow
}
sphere {
	0, 1
	scale<0.080000,0.200000,0.300000>
	matrix <-0.085047, -0.046889, -0.995273,
		0.946314, -0.316448, -0.065955,
		-0.311860, -0.947451, 0.071284,
		25.093037, 36.138096, 28.863190>
	pigment { color rgbt <0,1,1,0> }
	no_shadow
}
cylinder {
	<25.635176, 36.447403, 28.288853>,  <25.311338, 36.801311, 28.813292>, 0.130000
	pigment { color rgbt <1,0,0,0> }
	no_shadow
}

// nucleotide -1

// particle -1
sphere {
	<25.635176, 36.447403, 28.288853> 0.250000
	pigment { color rgbt <1,0,0,0> }
	no_shadow
}
cylinder {
	<25.310713, 36.221611, 28.350016>,  <25.116035, 36.086136, 28.386713>, 0.100000
	pigment { color rgbt <1,0,0,0> }
	no_shadow
}
cylinder {
	<25.310713, 36.221611, 28.350016>,  <25.635176, 36.447403, 28.288853>, 0.100000
	pigment { color rgbt <1,0,0,0> }
	no_shadow
}

// particle -1
sphere {
	<25.310713, 36.221611, 28.350016> 0.100000
	pigment { color rgbt <1,0,0,0> }
	no_shadow
}
sphere {
	0, 1
	scale<0.080000,0.200000,0.300000>
	matrix <-0.181898, -0.004975, -0.983305,
		0.555821, -0.825429, -0.098643,
		-0.811157, -0.564484, 0.152909,
		25.067366, 36.052265, 28.395889>
	pigment { color rgbt <0,1,1,0> }
	no_shadow
}
cylinder {
	<25.678171, 35.954971, 27.722151>,  <25.635176, 36.447403, 28.288853>, 0.130000
	pigment { color rgbt <1,0,0,0> }
	no_shadow
}

// nucleotide -1

// particle -1
sphere {
	<25.678171, 35.954971, 27.722151> 0.250000
	pigment { color rgbt <1,0,0,0> }
	no_shadow
}
cylinder {
	<25.307364, 35.885105, 27.854895>,  <25.084879, 35.843185, 27.934542>, 0.100000
	pigment { color rgbt <1,0,0,0> }
	no_shadow
}
cylinder {
	<25.307364, 35.885105, 27.854895>,  <25.678171, 35.954971, 27.722151>, 0.100000
	pigment { color rgbt <1,0,0,0> }
	no_shadow
}

// particle -1
sphere {
	<25.307364, 35.885105, 27.854895> 0.100000
	pigment { color rgbt <1,0,0,0> }
	no_shadow
}
sphere {
	0, 1
	scale<0.080000,0.200000,0.300000>
	matrix <-0.289409, -0.229580, -0.929266,
		0.238499, -0.957489, 0.162275,
		-0.927017, -0.174665, 0.331861,
		25.029259, 35.832706, 27.954453>
	pigment { color rgbt <0,1,1,0> }
	no_shadow
}
cylinder {
	<25.466557, 35.312904, 27.586857>,  <25.678171, 35.954971, 27.722151>, 0.130000
	pigment { color rgbt <1,0,0,0> }
	no_shadow
}

// nucleotide -1

// particle -1
sphere {
	<25.466557, 35.312904, 27.586857> 0.250000
	pigment { color rgbt <1,0,0,0> }
	no_shadow
}
cylinder {
	<25.125063, 35.520420, 27.604719>,  <24.920166, 35.644932, 27.615437>, 0.100000
	pigment { color rgbt <1,0,0,0> }
	no_shadow
}
cylinder {
	<25.125063, 35.520420, 27.604719>,  <25.466557, 35.312904, 27.586857>, 0.100000
	pigment { color rgbt <1,0,0,0> }
	no_shadow
}

// particle -1
sphere {
	<25.125063, 35.520420, 27.604719> 0.100000
	pigment { color rgbt <1,0,0,0> }
	no_shadow
}
sphere {
	0, 1
	scale<0.080000,0.200000,0.300000>
	matrix <-0.236057, -0.309161, -0.921247,
		-0.464130, -0.797041, 0.386406,
		-0.853733, 0.518792, 0.044656,
		24.868942, 35.676056, 27.618116>
	pigment { color rgbt <0,1,1,0> }
	no_shadow
}
cylinder {
	<24.916887, 34.864861, 27.550322>,  <25.466557, 35.312904, 27.586857>, 0.130000
	pigment { color rgbt <1,0,0,0> }
	no_shadow
}

// nucleotide -1

// particle -1
sphere {
	<24.916887, 34.864861, 27.550322> 0.250000
	pigment { color rgbt <1,0,0,0> }
	no_shadow
}
cylinder {
	<24.770805, 35.218300, 27.433100>,  <24.683157, 35.430363, 27.362766>, 0.100000
	pigment { color rgbt <1,0,0,0> }
	no_shadow
}
cylinder {
	<24.770805, 35.218300, 27.433100>,  <24.916887, 34.864861, 27.550322>, 0.100000
	pigment { color rgbt <1,0,0,0> }
	no_shadow
}

// particle -1
sphere {
	<24.770805, 35.218300, 27.433100> 0.100000
	pigment { color rgbt <1,0,0,0> }
	no_shadow
}
sphere {
	0, 1
	scale<0.080000,0.200000,0.300000>
	matrix <-0.363570, -0.425175, -0.828881,
		-0.856996, -0.196167, 0.476525,
		-0.365205, 0.883598, -0.293053,
		24.661243, 35.483379, 27.345184>
	pigment { color rgbt <0,1,1,0> }
	no_shadow
}
cylinder {
	<24.184643, 34.673904, 27.398891>,  <24.916887, 34.864861, 27.550322>, 0.130000
	pigment { color rgbt <1,0,0,0> }
	no_shadow
}

// nucleotide -1

// particle -1
sphere {
	<24.184643, 34.673904, 27.398891> 0.250000
	pigment { color rgbt <1,0,0,0> }
	no_shadow
}
cylinder {
	<24.356915, 34.974751, 27.199360>,  <24.460278, 35.155258, 27.079641>, 0.100000
	pigment { color rgbt <1,0,0,0> }
	no_shadow
}
cylinder {
	<24.356915, 34.974751, 27.199360>,  <24.184643, 34.673904, 27.398891>, 0.100000
	pigment { color rgbt <1,0,0,0> }
	no_shadow
}

// particle -1
sphere {
	<24.356915, 34.974751, 27.199360> 0.100000
	pigment { color rgbt <1,0,0,0> }
	no_shadow
}
sphere {
	0, 1
	scale<0.080000,0.200000,0.300000>
	matrix <-0.239557, -0.437620, -0.866661,
		-0.870130, 0.492753, -0.008299,
		0.430681, 0.752119, -0.498829,
		24.486118, 35.200386, 27.049711>
	pigment { color rgbt <0,1,1,0> }
	no_shadow
}
cylinder {
	<23.724487, 34.850178, 26.889099>,  <24.184643, 34.673904, 27.398891>, 0.130000
	pigment { color rgbt <1,0,0,0> }
	no_shadow
}

// nucleotide -1

// particle -1
sphere {
	<23.724487, 34.850178, 26.889099> 0.250000
	pigment { color rgbt <1,0,0,0> }
	no_shadow
}
cylinder {
	<24.118275, 34.876610, 26.824038>,  <24.354548, 34.892471, 26.785000>, 0.100000
	pigment { color rgbt <1,0,0,0> }
	no_shadow
}
cylinder {
	<24.118275, 34.876610, 26.824038>,  <23.724487, 34.850178, 26.889099>, 0.100000
	pigment { color rgbt <1,0,0,0> }
	no_shadow
}

// particle -1
sphere {
	<24.118275, 34.876610, 26.824038> 0.100000
	pigment { color rgbt <1,0,0,0> }
	no_shadow
}
sphere {
	0, 1
	scale<0.080000,0.200000,0.300000>
	matrix <-0.082900, -0.641700, -0.762462,
		-0.154761, 0.764103, -0.626255,
		0.984468, 0.066083, -0.162654,
		24.413614, 34.896435, 26.775242>
	pigment { color rgbt <0,1,1,0> }
	no_shadow
}
cylinder {
	<23.831821, 34.897873, 26.119898>,  <23.724487, 34.850178, 26.889099>, 0.130000
	pigment { color rgbt <1,0,0,0> }
	no_shadow
}

// nucleotide -1

// particle -1
sphere {
	<23.831821, 34.897873, 26.119898> 0.250000
	pigment { color rgbt <1,0,0,0> }
	no_shadow
}
cylinder {
	<24.205233, 34.819000, 26.239662>,  <24.429279, 34.771675, 26.311522>, 0.100000
	pigment { color rgbt <1,0,0,0> }
	no_shadow
}
cylinder {
	<24.205233, 34.819000, 26.239662>,  <23.831821, 34.897873, 26.119898>, 0.100000
	pigment { color rgbt <1,0,0,0> }
	no_shadow
}

// particle -1
sphere {
	<24.205233, 34.819000, 26.239662> 0.100000
	pigment { color rgbt <1,0,0,0> }
	no_shadow
}
sphere {
	0, 1
	scale<0.080000,0.200000,0.300000>
	matrix <0.123342, -0.607530, -0.784662,
		0.336621, 0.769433, -0.542825,
		0.933527, -0.197180, 0.299410,
		24.485291, 34.759846, 26.329485>
	pigment { color rgbt <0,1,1,0> }
	no_shadow
}
cylinder {
	<24.290062, 35.061993, 25.525139>,  <23.831821, 34.897873, 26.119898>, 0.130000
	pigment { color rgbt <1,0,0,0> }
	no_shadow
}

// nucleotide -1

// particle -1
sphere {
	<24.290062, 35.061993, 25.525139> 0.250000
	pigment { color rgbt <1,0,0,0> }
	no_shadow
}
cylinder {
	<24.452442, 34.806450, 25.786537>,  <24.549871, 34.653122, 25.943377>, 0.100000
	pigment { color rgbt <1,0,0,0> }
	no_shadow
}
cylinder {
	<24.452442, 34.806450, 25.786537>,  <24.290062, 35.061993, 25.525139>, 0.100000
	pigment { color rgbt <1,0,0,0> }
	no_shadow
}

// particle -1
sphere {
	<24.452442, 34.806450, 25.786537> 0.100000
	pigment { color rgbt <1,0,0,0> }
	no_shadow
}
sphere {
	0, 1
	scale<0.080000,0.200000,0.300000>
	matrix <0.161809, -0.653527, -0.739406,
		0.899456, 0.405905, -0.161927,
		0.405952, -0.638862, 0.653497,
		24.574228, 34.614792, 25.982586>
	pigment { color rgbt <0,1,1,0> }
	no_shadow
}
cylinder {
	<24.955393, 34.945877, 25.345818>,  <24.290062, 35.061993, 25.525139>, 0.130000
	pigment { color rgbt <1,0,0,0> }
	no_shadow
}

// nucleotide -1

// particle -1
sphere {
	<24.955393, 34.945877, 25.345818> 0.250000
	pigment { color rgbt <1,0,0,0> }
	no_shadow
}
cylinder {
	<24.832664, 34.627850, 25.555092>,  <24.759027, 34.437031, 25.680656>, 0.100000
	pigment { color rgbt <1,0,0,0> }
	no_shadow
}
cylinder {
	<24.832664, 34.627850, 25.555092>,  <24.955393, 34.945877, 25.345818>, 0.100000
	pigment { color rgbt <1,0,0,0> }
	no_shadow
}

// particle -1
sphere {
	<24.832664, 34.627850, 25.555092> 0.100000
	pigment { color rgbt <1,0,0,0> }
	no_shadow
}
sphere {
	0, 1
	scale<0.080000,0.200000,0.300000>
	matrix <0.178603, -0.588031, -0.788873,
		0.934859, -0.148600, 0.322422,
		-0.306820, -0.795071, 0.523186,
		24.740618, 34.389328, 25.712048>
	pigment { color rgbt <0,1,1,0> }
	no_shadow
}
cylinder {
	<25.190865, 34.677620, 25.995914>,  <24.955393, 34.945877, 25.345818>, 0.130000
	pigment { color rgbt <1,0,0,0> }
	no_shadow
}

// nucleotide -1

// particle -1
sphere {
	<25.190865, 34.677620, 25.995914> 0.250000
	pigment { color rgbt <1,0,0,0> }
	no_shadow
}
cylinder {
	<25.265644, 34.562061, 25.620342>,  <25.310513, 34.492725, 25.394999>, 0.100000
	pigment { color rgbt <1,0,0,0> }
	no_shadow
}
cylinder {
	<25.265644, 34.562061, 25.620342>,  <25.190865, 34.677620, 25.995914>, 0.100000
	pigment { color rgbt <1,0,0,0> }
	no_shadow
}

// particle -1
sphere {
	<25.265644, 34.562061, 25.620342> 0.100000
	pigment { color rgbt <1,0,0,0> }
	no_shadow
}
sphere {
	0, 1
	scale<0.080000,0.200000,0.300000>
	matrix <0.563547, 0.814412, -0.138376,
		0.804652, -0.503263, 0.315059,
		0.186948, -0.288895, -0.938930,
		25.321728, 34.475391, 25.338663>
	pigment { color rgbt <0,1,1,0> }
	no_shadow
}
cylinder {
	<25.857590, 34.856575, 25.970194>,  <25.190865, 34.677620, 25.995914>, 0.130000
	pigment { color rgbt <1,0,0,0> }
	no_shadow
}

// nucleotide -1

// particle -1
sphere {
	<25.857590, 34.856575, 25.970194> 0.250000
	pigment { color rgbt <1,0,0,0> }
	no_shadow
}
cylinder {
	<25.741943, 34.766270, 25.598078>,  <25.672556, 34.712086, 25.374807>, 0.100000
	pigment { color rgbt <1,0,0,0> }
	no_shadow
}
cylinder {
	<25.741943, 34.766270, 25.598078>,  <25.857590, 34.856575, 25.970194>, 0.100000
	pigment { color rgbt <1,0,0,0> }
	no_shadow
}

// particle -1
sphere {
	<25.741943, 34.766270, 25.598078> 0.100000
	pigment { color rgbt <1,0,0,0> }
	no_shadow
}
sphere {
	0, 1
	scale<0.080000,0.200000,0.300000>
	matrix <0.713922, 0.596560, -0.366648,
		0.637751, -0.770160, -0.011299,
		-0.289118, -0.225764, -0.930291,
		25.655209, 34.698540, 25.318991>
	pigment { color rgbt <0,1,1,0> }
	no_shadow
}
cylinder {
	<26.419037, 34.547615, 25.478460>,  <25.857590, 34.856575, 25.970194>, 0.130000
	pigment { color rgbt <1,0,0,0> }
	no_shadow
}

// nucleotide -1

// particle -1
sphere {
	<26.419037, 34.547615, 25.478460> 0.250000
	pigment { color rgbt <1,0,0,0> }
	no_shadow
}
cylinder {
	<26.154219, 34.735565, 25.244909>,  <25.995327, 34.848335, 25.104778>, 0.100000
	pigment { color rgbt <1,0,0,0> }
	no_shadow
}
cylinder {
	<26.154219, 34.735565, 25.244909>,  <26.419037, 34.547615, 25.478460>, 0.100000
	pigment { color rgbt <1,0,0,0> }
	no_shadow
}

// particle -1
sphere {
	<26.154219, 34.735565, 25.244909> 0.100000
	pigment { color rgbt <1,0,0,0> }
	no_shadow
}
sphere {
	0, 1
	scale<0.080000,0.200000,0.300000>
	matrix <0.748849, 0.383183, -0.540736,
		-0.030349, -0.795227, -0.605552,
		-0.662045, 0.469878, -0.583876,
		25.955605, 34.876530, 25.069746>
	pigment { color rgbt <0,1,1,0> }
	no_shadow
}
cylinder {
	<26.387951, 33.875126, 25.223587>,  <26.419037, 34.547615, 25.478460>, 0.130000
	pigment { color rgbt <1,0,0,0> }
	no_shadow
}

// nucleotide -1

// particle -1
sphere {
	<26.387951, 33.875126, 25.223587> 0.250000
	pigment { color rgbt <1,0,0,0> }
	no_shadow
}
cylinder {
	<26.494848, 34.148300, 24.951654>,  <26.558987, 34.312206, 24.788494>, 0.100000
	pigment { color rgbt <1,0,0,0> }
	no_shadow
}
cylinder {
	<26.494848, 34.148300, 24.951654>,  <26.387951, 33.875126, 25.223587>, 0.100000
	pigment { color rgbt <1,0,0,0> }
	no_shadow
}

// particle -1
sphere {
	<26.494848, 34.148300, 24.951654> 0.100000
	pigment { color rgbt <1,0,0,0> }
	no_shadow
}
sphere {
	0, 1
	scale<0.080000,0.200000,0.300000>
	matrix <0.932261, -0.004696, 0.361757,
		0.243866, -0.730459, -0.637933,
		0.267244, 0.682940, -0.679833,
		26.575022, 34.353184, 24.747704>
	pigment { color rgbt <0,1,1,0> }
	no_shadow
}
cylinder {
	<26.979879, 33.773636, 24.870909>,  <26.387951, 33.875126, 25.223587>, 0.130000
	pigment { color rgbt <1,0,0,0> }
	no_shadow
}

// nucleotide -1

// particle -1
sphere {
	<26.979879, 33.773636, 24.870909> 0.250000
	pigment { color rgbt <1,0,0,0> }
	no_shadow
}
cylinder {
	<26.983805, 34.171204, 24.914772>,  <26.986160, 34.409744, 24.941090>, 0.100000
	pigment { color rgbt <1,0,0,0> }
	no_shadow
}
cylinder {
	<26.983805, 34.171204, 24.914772>,  <26.979879, 33.773636, 24.870909>, 0.100000
	pigment { color rgbt <1,0,0,0> }
	no_shadow
}

// particle -1
sphere {
	<26.983805, 34.171204, 24.914772> 0.100000
	pigment { color rgbt <1,0,0,0> }
	no_shadow
}
sphere {
	0, 1
	scale<0.080000,0.200000,0.300000>
	matrix <0.757308, -0.078997, 0.648263,
		0.652984, 0.076683, -0.753479,
		0.009812, 0.993921, 0.109656,
		26.986748, 34.469379, 24.947668>
	pigment { color rgbt <0,1,1,0> }
	no_shadow
}
cylinder {
	<27.517612, 33.825058, 25.247871>,  <26.979879, 33.773636, 24.870909>, 0.130000
	pigment { color rgbt <1,0,0,0> }
	no_shadow
}

// nucleotide -1

// particle -1
sphere {
	<27.517612, 33.825058, 25.247871> 0.250000
	pigment { color rgbt <1,0,0,0> }
	no_shadow
}
cylinder {
	<27.397150, 34.206398, 25.256184>,  <27.324873, 34.435204, 25.261171>, 0.100000
	pigment { color rgbt <1,0,0,0> }
	no_shadow
}
cylinder {
	<27.397150, 34.206398, 25.256184>,  <27.517612, 33.825058, 25.247871>, 0.100000
	pigment { color rgbt <1,0,0,0> }
	no_shadow
}

// particle -1
sphere {
	<27.397150, 34.206398, 25.256184> 0.100000
	pigment { color rgbt <1,0,0,0> }
	no_shadow
}
sphere {
	0, 1
	scale<0.080000,0.200000,0.300000>
	matrix <0.491212, 0.136417, 0.860291,
		0.817323, 0.269288, -0.509379,
		-0.301154, 0.953349, 0.020781,
		27.306805, 34.492401, 25.262419>
	pigment { color rgbt <0,1,1,0> }
	no_shadow
}
cylinder {
	<28.057520, 34.293427, 25.398806>,  <27.517612, 33.825058, 25.247871>, 0.130000
	pigment { color rgbt <1,0,0,0> }
	no_shadow
}

// nucleotide -1

// particle -1
sphere {
	<28.057520, 34.293427, 25.398806> 0.250000
	pigment { color rgbt <1,0,0,0> }
	no_shadow
}
cylinder {
	<27.703430, 34.403084, 25.549122>,  <27.490976, 34.468880, 25.639313>, 0.100000
	pigment { color rgbt <1,0,0,0> }
	no_shadow
}
cylinder {
	<27.703430, 34.403084, 25.549122>,  <28.057520, 34.293427, 25.398806>, 0.100000
	pigment { color rgbt <1,0,0,0> }
	no_shadow
}

// particle -1
sphere {
	<27.703430, 34.403084, 25.549122> 0.100000
	pigment { color rgbt <1,0,0,0> }
	no_shadow
}
sphere {
	0, 1
	scale<0.080000,0.200000,0.300000>
	matrix <0.390337, -0.001624, 0.920671,
		0.253006, 0.961688, -0.105571,
		-0.885226, 0.274143, 0.375793,
		27.437862, 34.485325, 25.661860>
	pigment { color rgbt <0,1,1,0> }
	no_shadow
}
cylinder {
	<28.177938, 34.808067, 25.868256>,  <28.057520, 34.293427, 25.398806>, 0.130000
	pigment { color rgbt <1,0,0,0> }
	no_shadow
}

// nucleotide -1

// particle -1
sphere {
	<28.177938, 34.808067, 25.868256> 0.250000
	pigment { color rgbt <1,0,0,0> }
	no_shadow
}
cylinder {
	<27.834309, 34.638508, 25.983004>,  <27.628130, 34.536770, 26.051851>, 0.100000
	pigment { color rgbt <1,0,0,0> }
	no_shadow
}
cylinder {
	<27.834309, 34.638508, 25.983004>,  <28.177938, 34.808067, 25.868256>, 0.100000
	pigment { color rgbt <1,0,0,0> }
	no_shadow
}

// particle -1
sphere {
	<27.834309, 34.638508, 25.983004> 0.100000
	pigment { color rgbt <1,0,0,0> }
	no_shadow
}
sphere {
	0, 1
	scale<0.080000,0.200000,0.300000>
	matrix <0.203085, 0.232166, 0.951239,
		-0.469834, 0.875446, -0.113360,
		-0.859077, -0.423903, 0.286869,
		27.576586, 34.511337, 26.069065>
	pigment { color rgbt <0,1,1,0> }
	no_shadow
}
cylinder {
	<27.854996, 35.282032, 26.310375>,  <28.177938, 34.808067, 25.868256>, 0.130000
	pigment { color rgbt <1,0,0,0> }
	no_shadow
}

// nucleotide -1

// particle -1
sphere {
	<27.854996, 35.282032, 26.310375> 0.250000
	pigment { color rgbt <1,0,0,0> }
	no_shadow
}
cylinder {
	<27.688496, 34.924965, 26.379517>,  <27.588594, 34.710724, 26.421001>, 0.100000
	pigment { color rgbt <1,0,0,0> }
	no_shadow
}
cylinder {
	<27.688496, 34.924965, 26.379517>,  <27.854996, 35.282032, 26.310375>, 0.100000
	pigment { color rgbt <1,0,0,0> }
	no_shadow
}

// particle -1
sphere {
	<27.688496, 34.924965, 26.379517> 0.100000
	pigment { color rgbt <1,0,0,0> }
	no_shadow
}
sphere {
	0, 1
	scale<0.080000,0.200000,0.300000>
	matrix <-0.002343, 0.191159, 0.981556,
		-0.909246, 0.408170, -0.081662,
		-0.416253, -0.892668, 0.172854,
		27.563620, 34.657166, 26.431374>
	pigment { color rgbt <0,1,1,0> }
	no_shadow
}
cylinder {
	<27.222797, 35.423641, 26.849714>,  <27.854996, 35.282032, 26.310375>, 0.130000
	pigment { color rgbt <1,0,0,0> }
	no_shadow
}

// nucleotide -1

// particle -1
sphere {
	<27.222797, 35.423641, 26.849714> 0.250000
	pigment { color rgbt <1,0,0,0> }
	no_shadow
}
cylinder {
	<27.311161, 35.033535, 26.846468>,  <27.364180, 34.799473, 26.844521>, 0.100000
	pigment { color rgbt <1,0,0,0> }
	no_shadow
}
cylinder {
	<27.311161, 35.033535, 26.846468>,  <27.222797, 35.423641, 26.849714>, 0.100000
	pigment { color rgbt <1,0,0,0> }
	no_shadow
}

// particle -1
sphere {
	<27.311161, 35.033535, 26.846468> 0.100000
	pigment { color rgbt <1,0,0,0> }
	no_shadow
}
sphere {
	0, 1
	scale<0.080000,0.200000,0.300000>
	matrix <-0.101020, -0.031156, 0.994396,
		-0.970049, -0.218850, -0.105404,
		0.220908, -0.975261, -0.008115,
		27.377434, 34.740955, 26.844034>
	pigment { color rgbt <0,1,1,0> }
	no_shadow
}
cylinder {
	<26.739916, 35.176571, 27.273727>,  <27.222797, 35.423641, 26.849714>, 0.130000
	pigment { color rgbt <1,0,0,0> }
	no_shadow
}

// nucleotide -1

// particle -1
sphere {
	<26.739916, 35.176571, 27.273727> 0.250000
	pigment { color rgbt <1,0,0,0> }
	no_shadow
}
cylinder {
	<27.069134, 34.949509, 27.266130>,  <27.266665, 34.813271, 27.261572>, 0.100000
	pigment { color rgbt <1,0,0,0> }
	no_shadow
}
cylinder {
	<27.069134, 34.949509, 27.266130>,  <26.739916, 35.176571, 27.273727>, 0.100000
	pigment { color rgbt <1,0,0,0> }
	no_shadow
}

// particle -1
sphere {
	<27.069134, 34.949509, 27.266130> 0.100000
	pigment { color rgbt <1,0,0,0> }
	no_shadow
}
sphere {
	0, 1
	scale<0.080000,0.200000,0.300000>
	matrix <-0.018254, -0.059861, 0.998040,
		-0.567680, -0.821087, -0.059631,
		0.823047, -0.567656, -0.018994,
		27.316048, 34.779213, 27.260433>
	pigment { color rgbt <0,1,1,0> }
	no_shadow
}
cylinder {
	<26.633108, 34.645885, 27.741732>,  <26.739916, 35.176571, 27.273727>, 0.130000
	pigment { color rgbt <1,0,0,0> }
	no_shadow
}

// nucleotide -1

// particle -1
sphere {
	<26.633108, 34.645885, 27.741732> 0.250000
	pigment { color rgbt <1,0,0,0> }
	no_shadow
}
cylinder {
	<27.029169, 34.660225, 27.687599>,  <27.266806, 34.668831, 27.655119>, 0.100000
	pigment { color rgbt <1,0,0,0> }
	no_shadow
}
cylinder {
	<27.029169, 34.660225, 27.687599>,  <26.633108, 34.645885, 27.741732>, 0.100000
	pigment { color rgbt <1,0,0,0> }
	no_shadow
}

// particle -1
sphere {
	<27.029169, 34.660225, 27.687599> 0.100000
	pigment { color rgbt <1,0,0,0> }
	no_shadow
}
sphere {
	0, 1
	scale<0.080000,0.200000,0.300000>
	matrix <0.136404, -0.029312, 0.990220,
		0.031536, -0.998927, -0.033914,
		0.990152, 0.035853, -0.135333,
		27.326214, 34.670979, 27.646999>
	pigment { color rgbt <0,1,1,0> }
	no_shadow
}
cylinder {
	<26.906101, 34.207386, 28.294334>,  <26.633108, 34.645885, 27.741732>, 0.130000
	pigment { color rgbt <1,0,0,0> }
	no_shadow
}

// nucleotide -1

// particle -1
sphere {
	<26.906101, 34.207386, 28.294334> 0.250000
	pigment { color rgbt <1,0,0,0> }
	no_shadow
}
cylinder {
	<27.203743, 34.439499, 28.161922>,  <27.382328, 34.578766, 28.082476>, 0.100000
	pigment { color rgbt <1,0,0,0> }
	no_shadow
}
cylinder {
	<27.203743, 34.439499, 28.161922>,  <26.906101, 34.207386, 28.294334>, 0.100000
	pigment { color rgbt <1,0,0,0> }
	no_shadow
}

// particle -1
sphere {
	<27.203743, 34.439499, 28.161922> 0.100000
	pigment { color rgbt <1,0,0,0> }
	no_shadow
}
sphere {
	0, 1
	scale<0.080000,0.200000,0.300000>
	matrix <0.314071, 0.133480, 0.939970,
		0.589633, -0.803403, -0.082927,
		0.744105, 0.580281, -0.331029,
		27.426975, 34.613583, 28.062614>
	pigment { color rgbt <0,1,1,0> }
	no_shadow
}
cylinder {
	<27.482029, 33.891548, 28.408098>,  <26.906101, 34.207386, 28.294334>, 0.130000
	pigment { color rgbt <1,0,0,0> }
	no_shadow
}

// nucleotide -1

// particle -1
sphere {
	<27.482029, 33.891548, 28.408098> 0.250000
	pigment { color rgbt <1,0,0,0> }
	no_shadow
}
cylinder {
	<27.596771, 34.274734, 28.406242>,  <27.665617, 34.504646, 28.405128>, 0.100000
	pigment { color rgbt <1,0,0,0> }
	no_shadow
}
cylinder {
	<27.596771, 34.274734, 28.406242>,  <27.482029, 33.891548, 28.408098>, 0.100000
	pigment { color rgbt <1,0,0,0> }
	no_shadow
}

// particle -1
sphere {
	<27.596771, 34.274734, 28.406242> 0.100000
	pigment { color rgbt <1,0,0,0> }
	no_shadow
}
sphere {
	0, 1
	scale<0.080000,0.200000,0.300000>
	matrix <0.386549, -0.111318, 0.915526,
		0.876523, -0.264416, -0.402232,
		0.286856, 0.957963, -0.004637,
		27.682829, 34.562122, 28.404852>
	pigment { color rgbt <0,1,1,0> }
	no_shadow
}
cylinder {
	<28.100191, 33.917831, 28.789301>,  <27.482029, 33.891548, 28.408098>, 0.130000
	pigment { color rgbt <1,0,0,0> }
	no_shadow
}

// nucleotide -1

// particle -1
sphere {
	<28.100191, 33.917831, 28.789301> 0.250000
	pigment { color rgbt <1,0,0,0> }
	no_shadow
}
cylinder {
	<28.031530, 34.310444, 28.755526>,  <27.990334, 34.546013, 28.735260>, 0.100000
	pigment { color rgbt <1,0,0,0> }
	no_shadow
}
cylinder {
	<28.031530, 34.310444, 28.755526>,  <28.100191, 33.917831, 28.789301>, 0.100000
	pigment { color rgbt <1,0,0,0> }
	no_shadow
}

// particle -1
sphere {
	<28.031530, 34.310444, 28.755526> 0.100000
	pigment { color rgbt <1,0,0,0> }
	no_shadow
}
sphere {
	0, 1
	scale<0.080000,0.200000,0.300000>
