// switches for output
#declare DRAW_BASES = 1; // possible values are 0, 1; only relevant for DNA ribbons
#declare DRAW_BASES_TYPE = 3; // possible values are 1, 2, 3; only relevant for DNA ribbons
#declare DRAW_FOG = 0; // set to 1 to enable fog

#include "colors.inc"

#include "transforms.inc"
background { rgb <1, 1, 1>}

#default {
   normal{
       ripples 0.25
       frequency 0.20
       turbulence 0.2
       lambda 5
   }
	finish {
		phong 0.1
		phong_size 40.
	}
}

// original window dimensions: 1024x640


// camera settings

camera {
	sky <0, 0.179814, -0.983701>
	up <0, 0.179814, -0.983701>
	right 1.6 * <1, 0, 0>
	location <35, 94.9851, 44.8844>
	look_at <35, 29.7336, 32.9568>
	direction <0, -65.2515, -11.9276>
	angle 67.0682
}


# declare cpy_camera_pos = <35, 94.9851, 44.8844>;
# if (DRAW_FOG = 1)
fog {
	fog_type 2
	up vnormalize(cpy_camera_pos)
	color rgbt<1,1,1,0.3>
	distance 1e-5
	fog_alt 3e-3
	fog_offset 56
}
# end


// LIGHTS

# declare lum = 6;
global_settings {
	ambient_light rgb lum * <0.05, 0.05, 0.05>
	max_trace_level 15
}# declare cpy_direct_light_amount = 0.25;
light_source
{	1000 * <-1, -1.16352, -0.803886>,
	rgb lum * cpy_direct_light_amount
	parallel
}

light_source
{	1000 * <1, 1.16352, 0.803886>,
	rgb lum * cpy_direct_light_amount
	parallel
}

// strand 0

// nucleotide -1

// particle -1
sphere {
	<24.458183, 34.962452, 34.645081> 0.250000
	pigment { color rgbt <1,0,0,0> }
	no_shadow
}
cylinder {
	<24.240372, 35.169792, 34.908836>,  <24.109684, 35.294197, 35.067089>, 0.100000
	pigment { color rgbt <1,0,0,0> }
	no_shadow
}
cylinder {
	<24.240372, 35.169792, 34.908836>,  <24.458183, 34.962452, 34.645081>, 0.100000
	pigment { color rgbt <1,0,0,0> }
	no_shadow
}

// particle -1
sphere {
	<24.240372, 35.169792, 34.908836> 0.100000
	pigment { color rgbt <1,0,0,0> }
	no_shadow
}
sphere {
	0, 1
	scale<0.080000,0.200000,0.300000>
	matrix <-0.380928, 0.547569, -0.745025,
		-0.747249, -0.656869, -0.100712,
		-0.544530, 0.518355, 0.659390,
		24.077013, 35.325298, 35.106655>
	pigment { color rgbt <0,1,1,0> }
	no_shadow
}
cylinder {
	<25.178305, 34.520336, 34.672428>,  <24.458183, 34.962452, 34.645081>, 0.130000
	pigment { color rgbt <1,0,0,0> }
	no_shadow
}

// nucleotide -1

// particle -1
sphere {
	<25.178305, 34.520336, 34.672428> 0.250000
	pigment { color rgbt <1,0,0,0> }
	no_shadow
}
cylinder {
	<25.129164, 34.327782, 34.325287>,  <25.099680, 34.212250, 34.117001>, 0.100000
	pigment { color rgbt <1,0,0,0> }
	no_shadow
}
cylinder {
	<25.129164, 34.327782, 34.325287>,  <25.178305, 34.520336, 34.672428>, 0.100000
	pigment { color rgbt <1,0,0,0> }
	no_shadow
}

// particle -1
sphere {
	<25.129164, 34.327782, 34.325287> 0.100000
	pigment { color rgbt <1,0,0,0> }
	no_shadow
}
sphere {
	0, 1
	scale<0.080000,0.200000,0.300000>
	matrix <-0.810847, 0.552900, -0.191908,
		0.572220, 0.680121, -0.458257,
		-0.122850, -0.481390, -0.867855,
		25.092308, 34.183365, 34.064930>
	pigment { color rgbt <0,1,1,0> }
	no_shadow
}
cylinder {
	<25.177967, 34.995152, 34.100571>,  <25.178305, 34.520336, 34.672428>, 0.130000
	pigment { color rgbt <1,0,0,0> }
	no_shadow
}

// nucleotide -1

// particle -1
sphere {
	<25.177967, 34.995152, 34.100571> 0.250000
	pigment { color rgbt <1,0,0,0> }
	no_shadow
}
cylinder {
	<24.986662, 34.661308, 33.991249>,  <24.871880, 34.461002, 33.925655>, 0.100000
	pigment { color rgbt <1,0,0,0> }
	no_shadow
}
cylinder {
	<24.986662, 34.661308, 33.991249>,  <25.177967, 34.995152, 34.100571>, 0.100000
	pigment { color rgbt <1,0,0,0> }
	no_shadow
}

// particle -1
sphere {
	<24.986662, 34.661308, 33.991249> 0.100000
	pigment { color rgbt <1,0,0,0> }
	no_shadow
}
sphere {
	0, 1
	scale<0.080000,0.200000,0.300000>
	matrix <-0.645999, 0.545150, -0.534319,
		0.594940, -0.078989, -0.799880,
		-0.478260, -0.834609, -0.273305,
		24.843184, 34.410927, 33.909260>
	pigment { color rgbt <0,1,1,0> }
	no_shadow
}
cylinder {
	<25.517431, 35.578342, 34.102726>,  <25.177967, 34.995152, 34.100571>, 0.130000
	pigment { color rgbt <1,0,0,0> }
	no_shadow
}

// nucleotide -1

// particle -1
sphere {
	<25.517431, 35.578342, 34.102726> 0.250000
	pigment { color rgbt <1,0,0,0> }
	no_shadow
}
cylinder {
	<25.836304, 35.336876, 34.098953>,  <26.027626, 35.191994, 34.096687>, 0.100000
	pigment { color rgbt <1,0,0,0> }
	no_shadow
}
cylinder {
	<25.836304, 35.336876, 34.098953>,  <25.517431, 35.578342, 34.102726>, 0.100000
	pigment { color rgbt <1,0,0,0> }
	no_shadow
}

// particle -1
sphere {
	<25.836304, 35.336876, 34.098953> 0.100000
	pigment { color rgbt <1,0,0,0> }
	no_shadow
}
sphere {
	0, 1
	scale<0.080000,0.200000,0.300000>
	matrix <0.601374, 0.792571, 0.100897,
		-0.053430, -0.086108, 0.994852,
		0.797179, -0.603669, -0.009437,
		26.075457, 35.155777, 34.096123>
	pigment { color rgbt <0,1,1,0> }
	no_shadow
}
cylinder {
	<25.958803, 35.587646, 34.705730>,  <25.517431, 35.578342, 34.102726>, 0.130000
	pigment { color rgbt <1,0,0,0> }
	no_shadow
}

// nucleotide -1

// particle -1
sphere {
	<25.958803, 35.587646, 34.705730> 0.250000
	pigment { color rgbt <1,0,0,0> }
	no_shadow
}
cylinder {
	<26.156670, 35.514786, 34.365818>,  <26.275389, 35.471069, 34.161869>, 0.100000
	pigment { color rgbt <1,0,0,0> }
	no_shadow
}
cylinder {
	<26.156670, 35.514786, 34.365818>,  <25.958803, 35.587646, 34.705730>, 0.100000
	pigment { color rgbt <1,0,0,0> }
	no_shadow
}

// particle -1
sphere {
	<26.156670, 35.514786, 34.365818> 0.100000
	pigment { color rgbt <1,0,0,0> }
	no_shadow
}
sphere {
	0, 1
	scale<0.080000,0.200000,0.300000>
	matrix <0.524069, 0.842532, 0.124467,
		0.693296, -0.506913, 0.512230,
		0.494664, -0.182151, -0.849781,
		26.305069, 35.460140, 34.110882>
	pigment { color rgbt <0,1,1,0> }
	no_shadow
}
cylinder {
	<26.722536, 35.657780, 34.783920>,  <25.958803, 35.587646, 34.705730>, 0.130000
	pigment { color rgbt <1,0,0,0> }
	no_shadow
}

// nucleotide -1

// particle -1
sphere {
	<26.722536, 35.657780, 34.783920> 0.250000
	pigment { color rgbt <1,0,0,0> }
	no_shadow
}
cylinder {
	<26.652817, 35.698917, 34.392197>,  <26.610985, 35.723598, 34.157162>, 0.100000
	pigment { color rgbt <1,0,0,0> }
	no_shadow
}
cylinder {
	<26.652817, 35.698917, 34.392197>,  <26.722536, 35.657780, 34.783920>, 0.100000
	pigment { color rgbt <1,0,0,0> }
	no_shadow
}

// particle -1
sphere {
	<26.652817, 35.698917, 34.392197> 0.100000
	pigment { color rgbt <1,0,0,0> }
	no_shadow
}
sphere {
	0, 1
	scale<0.080000,0.200000,0.300000>
	matrix <0.512518, 0.858676, -0.001045,
		0.840801, -0.502095, -0.202372,
		-0.174296, 0.102840, -0.979308,
		26.600529, 35.729771, 34.098404>
	pigment { color rgbt <0,1,1,0> }
	no_shadow
}
cylinder {
	<27.250778, 35.991131, 34.552113>,  <26.722536, 35.657780, 34.783920>, 0.130000
	pigment { color rgbt <1,0,0,0> }
	no_shadow
}

// nucleotide -1

// particle -1
sphere {
	<27.250778, 35.991131, 34.552113> 0.250000
	pigment { color rgbt <1,0,0,0> }
	no_shadow
}
cylinder {
	<27.008247, 36.052097, 34.239922>,  <26.862730, 36.088676, 34.052608>, 0.100000
	pigment { color rgbt <1,0,0,0> }
	no_shadow
}
cylinder {
	<27.008247, 36.052097, 34.239922>,  <27.250778, 35.991131, 34.552113>, 0.100000
	pigment { color rgbt <1,0,0,0> }
	no_shadow
}

// particle -1
sphere {
	<27.008247, 36.052097, 34.239922> 0.100000
	pigment { color rgbt <1,0,0,0> }
	no_shadow
}
sphere {
	0, 1
	scale<0.080000,0.200000,0.300000>
	matrix <0.574289, 0.762807, -0.297182,
		0.550057, -0.628406, -0.550039,
		-0.606325, 0.152415, -0.780474,
		26.826349, 36.097820, 34.005779>
	pigment { color rgbt <0,1,1,0> }
	no_shadow
}
cylinder {
	<27.719002, 35.980816, 34.033264>,  <27.250778, 35.991131, 34.552113>, 0.130000
	pigment { color rgbt <1,0,0,0> }
	no_shadow
}

// nucleotide -1

// particle -1
sphere {
	<27.719002, 35.980816, 34.033264> 0.250000
	pigment { color rgbt <1,0,0,0> }
	no_shadow
}
cylinder {
	<27.388348, 36.169586, 33.910656>,  <27.189955, 36.282848, 33.837090>, 0.100000
	pigment { color rgbt <1,0,0,0> }
	no_shadow
}
cylinder {
	<27.388348, 36.169586, 33.910656>,  <27.719002, 35.980816, 34.033264>, 0.100000
	pigment { color rgbt <1,0,0,0> }
	no_shadow
}

// particle -1
sphere {
	<27.388348, 36.169586, 33.910656> 0.100000
	pigment { color rgbt <1,0,0,0> }
	no_shadow
}
sphere {
	0, 1
	scale<0.080000,0.200000,0.300000>
	matrix <0.541607, 0.815072, -0.205715,
		0.152758, -0.336068, -0.929367,
		-0.826636, 0.471928, -0.306525,
		27.140356, 36.311165, 33.818699>
	pigment { color rgbt <0,1,1,0> }
	no_shadow
}
cylinder {
	<27.972893, 36.401920, 33.648636>,  <27.719002, 35.980816, 34.033264>, 0.130000
	pigment { color rgbt <1,0,0,0> }
	no_shadow
}

// nucleotide -1

// particle -1
sphere {
	<27.972893, 36.401920, 33.648636> 0.250000
	pigment { color rgbt <1,0,0,0> }
	no_shadow
}
cylinder {
	<27.602373, 36.545544, 33.694332>,  <27.380062, 36.631718, 33.721748>, 0.100000
	pigment { color rgbt <1,0,0,0> }
	no_shadow
}
cylinder {
	<27.602373, 36.545544, 33.694332>,  <27.972893, 36.401920, 33.648636>, 0.100000
	pigment { color rgbt <1,0,0,0> }
	no_shadow
}

// particle -1
sphere {
	<27.602373, 36.545544, 33.694332> 0.100000
	pigment { color rgbt <1,0,0,0> }
	no_shadow
}
sphere {
	0, 1
	scale<0.080000,0.200000,0.300000>
	matrix <0.343599, 0.929367, -0.134969,
		-0.154633, -0.085769, -0.984242,
		-0.926298, 0.359056, 0.114241,
		27.324484, 36.653259, 33.728603>
	pigment { color rgbt <0,1,1,0> }
	no_shadow
}
cylinder {
	<27.820768, 36.976143, 33.097343>,  <27.972893, 36.401920, 33.648636>, 0.130000
	pigment { color rgbt <1,0,0,0> }
	no_shadow
}

// nucleotide -1

// particle -1
sphere {
	<27.820768, 36.976143, 33.097343> 0.250000
	pigment { color rgbt <1,0,0,0> }
	no_shadow
}
cylinder {
	<27.579268, 37.030853, 33.411484>,  <27.434366, 37.063679, 33.599968>, 0.100000
	pigment { color rgbt <1,0,0,0> }
	no_shadow
}
cylinder {
	<27.579268, 37.030853, 33.411484>,  <27.820768, 36.976143, 33.097343>, 0.100000
	pigment { color rgbt <1,0,0,0> }
	no_shadow
}

// particle -1
sphere {
	<27.579268, 37.030853, 33.411484> 0.100000
	pigment { color rgbt <1,0,0,0> }
	no_shadow
}
sphere {
	0, 1
	scale<0.080000,0.200000,0.300000>
	matrix <0.265796, 0.963336, 0.036560,
		-0.751556, 0.230817, -0.617970,
		-0.603751, 0.136777, 0.785351,
		27.398142, 37.071888, 33.647091>
	pigment { color rgbt <0,1,1,0> }
	no_shadow
}
cylinder {
	<27.632032, 37.683403, 32.970863>,  <27.820768, 36.976143, 33.097343>, 0.130000
	pigment { color rgbt <1,0,0,0> }
	no_shadow
}

// nucleotide -1

// particle -1
sphere {
	<27.632032, 37.683403, 32.970863> 0.250000
	pigment { color rgbt <1,0,0,0> }
	no_shadow
}
cylinder {
	<27.540146, 37.585438, 33.347637>,  <27.485014, 37.526657, 33.573704>, 0.100000
	pigment { color rgbt <1,0,0,0> }
	no_shadow
}
cylinder {
	<27.540146, 37.585438, 33.347637>,  <27.632032, 37.683403, 32.970863>, 0.100000
	pigment { color rgbt <1,0,0,0> }
	no_shadow
}

// particle -1
sphere {
	<27.540146, 37.585438, 33.347637> 0.100000
	pigment { color rgbt <1,0,0,0> }
	no_shadow
}
sphere {
	0, 1
	scale<0.080000,0.200000,0.300000>
	matrix <0.131331, 0.951168, 0.279341,
		-0.964356, 0.187875, -0.186336,
		-0.229718, -0.244912, 0.941938,
		27.471230, 37.511963, 33.630219>
	pigment { color rgbt <0,1,1,0> }
	no_shadow
}
cylinder {
	<27.241493, 38.197586, 33.203445>,  <27.632032, 37.683403, 32.970863>, 0.130000
	pigment { color rgbt <1,0,0,0> }
	no_shadow
}

// nucleotide -1

// particle -1
sphere {
	<27.241493, 38.197586, 33.203445> 0.250000
	pigment { color rgbt <1,0,0,0> }
	no_shadow
}
cylinder {
	<27.411114, 38.038502, 33.528900>,  <27.512886, 37.943050, 33.724174>, 0.100000
	pigment { color rgbt <1,0,0,0> }
	no_shadow
}
cylinder {
	<27.411114, 38.038502, 33.528900>,  <27.241493, 38.197586, 33.203445>, 0.100000
	pigment { color rgbt <1,0,0,0> }
	no_shadow
}

// particle -1
sphere {
	<27.411114, 38.038502, 33.528900> 0.100000
	pigment { color rgbt <1,0,0,0> }
	no_shadow
}
sphere {
	0, 1
	scale<0.080000,0.200000,0.300000>
	matrix <0.271856, 0.912882, 0.304534,
		-0.863872, 0.092054, 0.495229,
		0.424052, -0.397710, 0.813638,
		27.538330, 37.919189, 33.772991>
	pigment { color rgbt <0,1,1,0> }
	no_shadow
}
cylinder {
	<27.121681, 38.643524, 33.715897>,  <27.241493, 38.197586, 33.203445>, 0.130000
	pigment { color rgbt <1,0,0,0> }
	no_shadow
}

// nucleotide -1

// particle -1
sphere {
	<27.121681, 38.643524, 33.715897> 0.250000
	pigment { color rgbt <1,0,0,0> }
	no_shadow
}
cylinder {
	<27.423409, 38.427963, 33.865879>,  <27.604445, 38.298626, 33.955868>, 0.100000
	pigment { color rgbt <1,0,0,0> }
	no_shadow
}
cylinder {
	<27.423409, 38.427963, 33.865879>,  <27.121681, 38.643524, 33.715897>, 0.100000
	pigment { color rgbt <1,0,0,0> }
	no_shadow
}

// particle -1
sphere {
	<27.423409, 38.427963, 33.865879> 0.100000
	pigment { color rgbt <1,0,0,0> }
	no_shadow
}
sphere {
	0, 1
	scale<0.080000,0.200000,0.300000>
	matrix <0.436086, 0.838223, 0.327429,
		-0.490748, -0.083473, 0.867294,
		0.754318, -0.538900, 0.374955,
		27.649704, 38.266293, 33.978367>
	pigment { color rgbt <0,1,1,0> }
	no_shadow
}
cylinder {
	<27.243322, 38.965179, 34.392010>,  <27.121681, 38.643524, 33.715897>, 0.130000
	pigment { color rgbt <1,0,0,0> }
	no_shadow
}

// nucleotide -1

// particle -1
sphere {
	<27.243322, 38.965179, 34.392010> 0.250000
	pigment { color rgbt <1,0,0,0> }
	no_shadow
}
cylinder {
	<27.571075, 38.764778, 34.280579>,  <27.767727, 38.644535, 34.213722>, 0.100000
	pigment { color rgbt <1,0,0,0> }
	no_shadow
}
cylinder {
	<27.571075, 38.764778, 34.280579>,  <27.243322, 38.965179, 34.392010>, 0.100000
	pigment { color rgbt <1,0,0,0> }
	no_shadow
}

// particle -1
sphere {
	<27.571075, 38.764778, 34.280579> 0.100000
	pigment { color rgbt <1,0,0,0> }
	no_shadow
}
sphere {
	0, 1
	scale<0.080000,0.200000,0.300000>
	matrix <0.551303, 0.821881, 0.143445,
		0.157089, -0.271116, 0.949641,
		0.819383, -0.501007, -0.278575,
		27.816891, 38.614475, 34.197006>
	pigment { color rgbt <0,1,1,0> }
	no_shadow
}
cylinder {
	<27.616407, 39.212948, 34.903492>,  <27.243322, 38.965179, 34.392010>, 0.130000
	pigment { color rgbt <1,0,0,0> }
	no_shadow
}

// nucleotide -1

// particle -1
sphere {
	<27.616407, 39.212948, 34.903492> 0.250000
	pigment { color rgbt <1,0,0,0> }
	no_shadow
}
cylinder {
	<27.876619, 39.051140, 34.646378>,  <28.032747, 38.954056, 34.492111>, 0.100000
	pigment { color rgbt <1,0,0,0> }
	no_shadow
}
cylinder {
	<27.876619, 39.051140, 34.646378>,  <27.616407, 39.212948, 34.903492>, 0.100000
	pigment { color rgbt <1,0,0,0> }
	no_shadow
}

// particle -1
sphere {
	<27.876619, 39.051140, 34.646378> 0.100000
	pigment { color rgbt <1,0,0,0> }
	no_shadow
}
sphere {
	0, 1
	scale<0.080000,0.200000,0.300000>
	matrix <0.545244, 0.837920, 0.024486,
		0.528694, -0.366402, 0.765658,
		0.650532, -0.404525, -0.642781,
		28.071779, 38.929783, 34.453545>
	pigment { color rgbt <0,1,1,0> }
	no_shadow
}
cylinder {
	<28.196245, 39.379932, 35.195107>,  <27.616407, 39.212948, 34.903492>, 0.130000
	pigment { color rgbt <1,0,0,0> }
	no_shadow
}

// nucleotide -1

// particle -1
sphere {
	<28.196245, 39.379932, 35.195107> 0.250000
	pigment { color rgbt <1,0,0,0> }
	no_shadow
}
cylinder {
	<28.261522, 39.327396, 34.803982>,  <28.300690, 39.295876, 34.569305>, 0.100000
	pigment { color rgbt <1,0,0,0> }
	no_shadow
}
cylinder {
	<28.261522, 39.327396, 34.803982>,  <28.196245, 39.379932, 35.195107>, 0.100000
	pigment { color rgbt <1,0,0,0> }
	no_shadow
}

// particle -1
sphere {
	<28.261522, 39.327396, 34.803982> 0.100000
	pigment { color rgbt <1,0,0,0> }
	no_shadow
}
sphere {
	0, 1
	scale<0.080000,0.200000,0.300000>
	matrix <0.433007, 0.900078, -0.048633,
		0.886495, -0.415463, 0.203760,
		0.163194, -0.131343, -0.977812,
		28.310480, 39.287994, 34.510639>
	pigment { color rgbt <0,1,1,0> }
	no_shadow
}
cylinder {
	<28.856798, 39.614208, 35.113789>,  <28.196245, 39.379932, 35.195107>, 0.130000
	pigment { color rgbt <1,0,0,0> }
	no_shadow
}

// nucleotide -1

// particle -1
sphere {
	<28.856798, 39.614208, 35.113789> 0.250000
	pigment { color rgbt <1,0,0,0> }
	no_shadow
}
cylinder {
	<28.721729, 39.595543, 34.737747>,  <28.640688, 39.584343, 34.512123>, 0.100000
	pigment { color rgbt <1,0,0,0> }
	no_shadow
}
cylinder {
	<28.721729, 39.595543, 34.737747>,  <28.856798, 39.614208, 35.113789>, 0.100000
	pigment { color rgbt <1,0,0,0> }
	no_shadow
}

// particle -1
sphere {
	<28.721729, 39.595543, 34.737747> 0.100000
	pigment { color rgbt <1,0,0,0> }
	no_shadow
}
sphere {
	0, 1
	scale<0.080000,0.200000,0.300000>
	matrix <0.448423, 0.870170, -0.204259,
		0.827583, -0.490538, -0.272910,
		-0.337674, -0.046662, -0.940106,
		28.620426, 39.581543, 34.455715>
	pigment { color rgbt <0,1,1,0> }
	no_shadow
}
cylinder {
	<29.335455, 39.780167, 34.800388>,  <28.856798, 39.614208, 35.113789>, 0.130000
	pigment { color rgbt <1,0,0,0> }
	no_shadow
}

// nucleotide -1

// particle -1
sphere {
	<29.335455, 39.780167, 34.800388> 0.250000
	pigment { color rgbt <1,0,0,0> }
	no_shadow
}
cylinder {
	<29.032286, 39.866676, 34.554211>,  <28.850384, 39.918583, 34.406502>, 0.100000
	pigment { color rgbt <1,0,0,0> }
	no_shadow
}
cylinder {
	<29.032286, 39.866676, 34.554211>,  <29.335455, 39.780167, 34.800388>, 0.100000
	pigment { color rgbt <1,0,0,0> }
	no_shadow
}

// particle -1
sphere {
	<29.032286, 39.866676, 34.554211> 0.100000
	pigment { color rgbt <1,0,0,0> }
	no_shadow
}
sphere {
	0, 1
	scale<0.080000,0.200000,0.300000>
	matrix <0.350830, 0.930528, -0.105055,
		0.549971, -0.295541, -0.781145,
		-0.757925, 0.216272, -0.615448,
		28.804909, 39.931557, 34.369576>
	pigment { color rgbt <0,1,1,0> }
	no_shadow
}
cylinder {
	<29.658360, 40.075893, 34.231632>,  <29.335455, 39.780167, 34.800388>, 0.130000
	pigment { color rgbt <1,0,0,0> }
	no_shadow
}

// nucleotide -1

// particle -1
sphere {
	<29.658360, 40.075893, 34.231632> 0.250000
	pigment { color rgbt <1,0,0,0> }
	no_shadow
}
cylinder {
	<29.275307, 40.191021, 34.235729>,  <29.045475, 40.260098, 34.238186>, 0.100000
	pigment { color rgbt <1,0,0,0> }
	no_shadow
}
cylinder {
	<29.275307, 40.191021, 34.235729>,  <29.658360, 40.075893, 34.231632>, 0.100000
	pigment { color rgbt <1,0,0,0> }
	no_shadow
}

// particle -1
sphere {
	<29.275307, 40.191021, 34.235729> 0.100000
	pigment { color rgbt <1,0,0,0> }
	no_shadow
}
sphere {
	0, 1
	scale<0.080000,0.200000,0.300000>
	matrix <0.287993, 0.956724, 0.041697,
		0.002204, 0.042879, -0.999078,
		-0.957630, 0.287820, 0.010240,
		28.988018, 40.277367, 34.238800>
	pigment { color rgbt <0,1,1,0> }
	no_shadow
}
cylinder {
	<29.738956, 40.530109, 33.722626>,  <29.658360, 40.075893, 34.231632>, 0.130000
	pigment { color rgbt <1,0,0,0> }
	no_shadow
}

// nucleotide -1

// particle -1
sphere {
	<29.738956, 40.530109, 33.722626> 0.250000
	pigment { color rgbt <1,0,0,0> }
	no_shadow
}
cylinder {
	<29.403139, 40.601814, 33.927773>,  <29.201649, 40.644836, 34.050861>, 0.100000
	pigment { color rgbt <1,0,0,0> }
	no_shadow
}
cylinder {
	<29.403139, 40.601814, 33.927773>,  <29.738956, 40.530109, 33.722626>, 0.100000
	pigment { color rgbt <1,0,0,0> }
	no_shadow
}

// particle -1
sphere {
	<29.403139, 40.601814, 33.927773> 0.100000
	pigment { color rgbt <1,0,0,0> }
	no_shadow
}
sphere {
	0, 1
	scale<0.080000,0.200000,0.300000>
	matrix <0.349420, 0.901015, 0.257058,
		-0.416020, 0.395017, -0.819078,
		-0.839544, 0.179261, 0.512867,
		29.151276, 40.655594, 34.081631>
	pigment { color rgbt <0,1,1,0> }
	no_shadow
}
cylinder {
	<29.486244, 41.255337, 33.515175>,  <29.738956, 40.530109, 33.722626>, 0.130000
	pigment { color rgbt <1,0,0,0> }
	no_shadow
}

// nucleotide -1

// particle -1
sphere {
	<29.486244, 41.255337, 33.515175> 0.250000
	pigment { color rgbt <1,0,0,0> }
	no_shadow
}
cylinder {
	<29.322569, 41.174164, 33.871014>,  <29.224363, 41.125462, 34.084518>, 0.100000
	pigment { color rgbt <1,0,0,0> }
	no_shadow
}
cylinder {
	<29.322569, 41.174164, 33.871014>,  <29.486244, 41.255337, 33.515175>, 0.100000
	pigment { color rgbt <1,0,0,0> }
	no_shadow
}

// particle -1
sphere {
	<29.322569, 41.174164, 33.871014> 0.100000
	pigment { color rgbt <1,0,0,0> }
	no_shadow
}
sphere {
	0, 1
	scale<0.080000,0.200000,0.300000>
	matrix <0.352333, 0.864198, 0.359197,
		-0.841680, 0.460414, -0.282122,
		-0.409189, -0.202929, 0.889598,
		29.199812, 41.113285, 34.137894>
	pigment { color rgbt <0,1,1,0> }
	no_shadow
}
cylinder {
	<28.936939, 41.709587, 33.666149>,  <29.486244, 41.255337, 33.515175>, 0.130000
	pigment { color rgbt <1,0,0,0> }
	no_shadow
}

// nucleotide -1

// particle -1
sphere {
	<28.936939, 41.709587, 33.666149> 0.250000
	pigment { color rgbt <1,0,0,0> }
	no_shadow
}
cylinder {
	<29.081934, 41.599365, 34.022278>,  <29.168932, 41.533230, 34.235954>, 0.100000
	pigment { color rgbt <1,0,0,0> }
	no_shadow
}
cylinder {
	<29.081934, 41.599365, 34.022278>,  <28.936939, 41.709587, 33.666149>, 0.100000
	pigment { color rgbt <1,0,0,0> }
	no_shadow
}

// particle -1
sphere {
	<29.081934, 41.599365, 34.022278> 0.100000
	pigment { color rgbt <1,0,0,0> }
	no_shadow
}
sphere {
	0, 1
	scale<0.080000,0.200000,0.300000>
	matrix <0.241365, 0.950456, 0.195900,
		-0.900192, 0.143881, 0.411039,
		0.362488, -0.275558, 0.890320,
		29.190680, 41.516697, 34.289375>
	pigment { color rgbt <0,1,1,0> }
	no_shadow
}
cylinder {
	<28.707174, 42.151154, 34.136753>,  <28.936939, 41.709587, 33.666149>, 0.130000
	pigment { color rgbt <1,0,0,0> }
	no_shadow
}

// nucleotide -1

// particle -1
sphere {
	<28.707174, 42.151154, 34.136753> 0.250000
	pigment { color rgbt <1,0,0,0> }
	no_shadow
}
cylinder {
	<29.036737, 42.014481, 34.317612>,  <29.234474, 41.932476, 34.426128>, 0.100000
	pigment { color rgbt <1,0,0,0> }
	no_shadow
}
cylinder {
	<29.036737, 42.014481, 34.317612>,  <28.707174, 42.151154, 34.136753>, 0.100000
	pigment { color rgbt <1,0,0,0> }
	no_shadow
}

// particle -1
sphere {
	<29.036737, 42.014481, 34.317612> 0.100000
	pigment { color rgbt <1,0,0,0> }
	no_shadow
}
sphere {
	0, 1
	scale<0.080000,0.200000,0.300000>
	matrix <0.369112, 0.928921, 0.029369,
		-0.430042, 0.142695, 0.891460,
		0.823906, -0.341678, 0.452146,
		29.283909, 41.911976, 34.453255>
	pigment { color rgbt <0,1,1,0> }
	no_shadow
}
cylinder {
	<28.976593, 42.726917, 34.218063>,  <28.707174, 42.151154, 34.136753>, 0.130000
	pigment { color rgbt <1,0,0,0> }
	no_shadow
}

// nucleotide -1

// particle -1
sphere {
	<28.976593, 42.726917, 34.218063> 0.250000
	pigment { color rgbt <1,0,0,0> }
	no_shadow
}
cylinder {
	<29.261137, 42.495842, 34.378181>,  <29.431864, 42.357197, 34.474255>, 0.100000
	pigment { color rgbt <1,0,0,0> }
	no_shadow
}
cylinder {
	<29.261137, 42.495842, 34.378181>,  <28.976593, 42.726917, 34.218063>, 0.100000
	pigment { color rgbt <1,0,0,0> }
	no_shadow
}

// particle -1
sphere {
	<29.261137, 42.495842, 34.378181> 0.100000
	pigment { color rgbt <1,0,0,0> }
	no_shadow
}
sphere {
	0, 1
	scale<0.080000,0.200000,0.300000>
	matrix <0.568734, 0.807774, 0.155056,
		-0.412924, 0.117362, 0.903172,
		0.711362, -0.577691, 0.400297,
		29.474546, 42.322536, 34.498272>
	pigment { color rgbt <0,1,1,0> }
	no_shadow
}
cylinder {
	<29.216061, 43.093292, 34.899124>,  <28.976593, 42.726917, 34.218063>, 0.130000
	pigment { color rgbt <1,0,0,0> }
	no_shadow
}

// nucleotide -1

// particle -1
sphere {
	<29.216061, 43.093292, 34.899124> 0.250000
	pigment { color rgbt <1,0,0,0> }
	no_shadow
}
cylinder {
	<29.498857, 42.889194, 34.703239>,  <29.668535, 42.766735, 34.585709>, 0.100000
	pigment { color rgbt <1,0,0,0> }
	no_shadow
}
cylinder {
	<29.498857, 42.889194, 34.703239>,  <29.216061, 43.093292, 34.899124>, 0.100000
	pigment { color rgbt <1,0,0,0> }
	no_shadow
}

// particle -1
sphere {
	<29.498857, 42.889194, 34.703239> 0.100000
	pigment { color rgbt <1,0,0,0> }
	no_shadow
}
sphere {
	0, 1
	scale<0.080000,0.200000,0.300000>
	matrix <0.601522, 0.798001, 0.036954,
		0.371934, -0.320698, 0.871101,
		0.706991, -0.510242, -0.489711,
		29.710955, 42.736122, 34.556328>
	pigment { color rgbt <0,1,1,0> }
	no_shadow
}
cylinder {
	<29.889177, 42.852005, 35.243916>,  <29.216061, 43.093292, 34.899124>, 0.130000
	pigment { color rgbt <1,0,0,0> }
	no_shadow
}

// nucleotide -1

// particle -1
sphere {
	<29.889177, 42.852005, 35.243916> 0.250000
	pigment { color rgbt <1,0,0,0> }
	no_shadow
}
cylinder {
	<29.921465, 42.953014, 34.858227>,  <29.940838, 43.013618, 34.626816>, 0.100000
	pigment { color rgbt <1,0,0,0> }
	no_shadow
}
cylinder {
	<29.921465, 42.953014, 34.858227>,  <29.889177, 42.852005, 35.243916>, 0.100000
	pigment { color rgbt <1,0,0,0> }
	no_shadow
}

// particle -1
sphere {
	<29.921465, 42.953014, 34.858227> 0.100000
	pigment { color rgbt <1,0,0,0> }
	no_shadow
}
sphere {
	0, 1
	scale<0.080000,0.200000,0.300000>
	matrix <0.446808, 0.855567, 0.261471,
		0.890981, -0.451926, -0.043767,
		0.080720, 0.252521, -0.964219,
		29.945681, 43.028770, 34.568962>
	pigment { color rgbt <0,1,1,0> }
	no_shadow
}
cylinder {
	<30.621264, 43.087734, 35.215836>,  <29.889177, 42.852005, 35.243916>, 0.130000
	pigment { color rgbt <1,0,0,0> }
	no_shadow
}

// nucleotide -1

// particle -1
sphere {
	<30.621264, 43.087734, 35.215836> 0.250000
	pigment { color rgbt <1,0,0,0> }
	no_shadow
}
cylinder {
	<30.403749, 43.276516, 34.938255>,  <30.273241, 43.389786, 34.771709>, 0.100000
	pigment { color rgbt <1,0,0,0> }
	no_shadow
}
cylinder {
	<30.403749, 43.276516, 34.938255>,  <30.621264, 43.087734, 35.215836>, 0.100000
	pigment { color rgbt <1,0,0,0> }
	no_shadow
}

// particle -1
sphere {
	<30.403749, 43.276516, 34.938255> 0.100000
	pigment { color rgbt <1,0,0,0> }
	no_shadow
}
sphere {
	0, 1
	scale<0.080000,0.200000,0.300000>
	matrix <0.558392, 0.820759, 0.120634,
		0.626496, -0.321895, -0.709849,
		-0.543784, 0.471951, -0.693946,
		30.240614, 43.418102, 34.730072>
	pigment { color rgbt <0,1,1,0> }
	no_shadow
}
cylinder {
	<31.114971, 43.519012, 34.833889>,  <30.621264, 43.087734, 35.215836>, 0.130000
	pigment { color rgbt <1,0,0,0> }
	no_shadow
}

// nucleotide -1

// particle -1
sphere {
	<31.114971, 43.519012, 34.833889> 0.250000
	pigment { color rgbt <1,0,0,0> }
	no_shadow
}
cylinder {
	<30.743856, 43.660732, 34.787094>,  <30.521189, 43.745766, 34.759018>, 0.100000
	pigment { color rgbt <1,0,0,0> }
	no_shadow
}
cylinder {
	<30.743856, 43.660732, 34.787094>,  <31.114971, 43.519012, 34.833889>, 0.100000
	pigment { color rgbt <1,0,0,0> }
	no_shadow
}

// particle -1
sphere {
	<30.743856, 43.660732, 34.787094> 0.100000
	pigment { color rgbt <1,0,0,0> }
	no_shadow
}
sphere {
	0, 1
	scale<0.080000,0.200000,0.300000>
	matrix <0.335553, 0.929411, 0.153624,
		0.163155, 0.103276, -0.981180,
		-0.927785, 0.354302, -0.116983,
		30.465521, 43.767021, 34.751999>
	pigment { color rgbt <0,1,1,0> }
	no_shadow
}
cylinder {
	<30.979465, 43.791580, 34.085381>,  <31.114971, 43.519012, 34.833889>, 0.130000
	pigment { color rgbt <1,0,0,0> }
	no_shadow
}

// nucleotide -1

// particle -1
sphere {
	<30.979465, 43.791580, 34.085381> 0.250000
	pigment { color rgbt <1,0,0,0> }
	no_shadow
}
cylinder {
	<30.997831, 43.716721, 33.692879>,  <31.008850, 43.671803, 33.457378>, 0.100000
	pigment { color rgbt <1,0,0,0> }
	no_shadow
}
cylinder {
	<30.997831, 43.716721, 33.692879>,  <30.979465, 43.791580, 34.085381>, 0.100000
	pigment { color rgbt <1,0,0,0> }
	no_shadow
}

// particle -1
sphere {
	<30.997831, 43.716721, 33.692879> 0.100000
	pigment { color rgbt <1,0,0,0> }
	no_shadow
}
sphere {
	0, 1
	scale<0.080000,0.200000,0.300000>
	matrix <0.367936, -0.910067, 0.190790,
		-0.928717, -0.369799, 0.027076,
		0.045913, -0.187152, -0.981258,
		31.011604, 43.660576, 33.398502>
	pigment { color rgbt <0,1,1,0> }
	no_shadow
}
cylinder {
	<31.276018, 43.063000, 34.045353>,  <30.979465, 43.791580, 34.085381>, 0.130000
	pigment { color rgbt <1,0,0,0> }
	no_shadow
}

// nucleotide -1

// particle -1
sphere {
	<31.276018, 43.063000, 34.045353> 0.250000
	pigment { color rgbt <1,0,0,0> }
	no_shadow
}
cylinder {
	<31.225388, 43.107708, 33.651096>,  <31.195009, 43.134533, 33.414543>, 0.100000
	pigment { color rgbt <1,0,0,0> }
	no_shadow
}
cylinder {
	<31.225388, 43.107708, 33.651096>,  <31.276018, 43.063000, 34.045353>, 0.100000
	pigment { color rgbt <1,0,0,0> }
	no_shadow
}

// particle -1
sphere {
	<31.225388, 43.107708, 33.651096> 0.100000
	pigment { color rgbt <1,0,0,0> }
	no_shadow
}
sphere {
	0, 1
	scale<0.080000,0.200000,0.300000>
	matrix <0.501946, -0.849813, -0.160832,
		-0.855587, -0.515095, 0.051461,
		-0.126576, 0.111775, -0.985639,
		31.187414, 43.141239, 33.355404>
	pigment { color rgbt <0,1,1,0> }
	no_shadow
}
cylinder {
	<31.139990, 42.443020, 33.784138>,  <31.276018, 43.063000, 34.045353>, 0.130000
	pigment { color rgbt <1,0,0,0> }
	no_shadow
}

// nucleotide -1

// particle -1
sphere {
	<31.139990, 42.443020, 33.784138> 0.250000
	pigment { color rgbt <1,0,0,0> }
	no_shadow
}
cylinder {
	<31.255798, 42.604198, 33.436848>,  <31.325283, 42.700905, 33.228474>, 0.100000
	pigment { color rgbt <1,0,0,0> }
	no_shadow
}
cylinder {
	<31.255798, 42.604198, 33.436848>,  <31.139990, 42.443020, 33.784138>, 0.100000
	pigment { color rgbt <1,0,0,0> }
	no_shadow
}

// particle -1
sphere {
	<31.255798, 42.604198, 33.436848> 0.100000
	pigment { color rgbt <1,0,0,0> }
	no_shadow
}
sphere {
	0, 1
	scale<0.080000,0.200000,0.300000>
	matrix <0.377069, -0.881736, -0.283478,
		-0.879770, -0.245307, -0.407220,
		0.289522, 0.402946, -0.868223,
		31.342655, 42.725082, 33.176380>
	pigment { color rgbt <0,1,1,0> }
	no_shadow
}
cylinder {
	<30.935698, 42.049095, 33.136017>,  <31.139990, 42.443020, 33.784138>, 0.130000
	pigment { color rgbt <1,0,0,0> }
	no_shadow
}

// nucleotide -1

// particle -1
sphere {
	<30.935698, 42.049095, 33.136017> 0.250000
	pigment { color rgbt <1,0,0,0> }
	no_shadow
}
cylinder {
	<31.301374, 42.209461, 33.112289>,  <31.520781, 42.305679, 33.098053>, 0.100000
	pigment { color rgbt <1,0,0,0> }
	no_shadow
}
cylinder {
	<31.301374, 42.209461, 33.112289>,  <30.935698, 42.049095, 33.136017>, 0.100000
	pigment { color rgbt <1,0,0,0> }
	no_shadow
}

// particle -1
sphere {
	<31.301374, 42.209461, 33.112289> 0.100000
	pigment { color rgbt <1,0,0,0> }
	no_shadow
}
sphere {
	0, 1
	scale<0.080000,0.200000,0.300000>
	matrix <0.348686, -0.852663, -0.389082,
		-0.206568, 0.335012, -0.919291,
		0.914192, 0.400916, -0.059319,
		31.575632, 42.329735, 33.094494>
	pigment { color rgbt <0,1,1,0> }
	no_shadow
}
cylinder {
	<31.219553, 42.107910, 32.453842>,  <30.935698, 42.049095, 33.136017>, 0.130000
	pigment { color rgbt <1,0,0,0> }
	no_shadow
}

// nucleotide -1

// particle -1
sphere {
	<31.219553, 42.107910, 32.453842> 0.250000
	pigment { color rgbt <1,0,0,0> }
	no_shadow
}
cylinder {
	<31.522125, 42.042244, 32.707096>,  <31.703669, 42.002846, 32.859047>, 0.100000
	pigment { color rgbt <1,0,0,0> }
	no_shadow
}
cylinder {
	<31.522125, 42.042244, 32.707096>,  <31.219553, 42.107910, 32.453842>, 0.100000
	pigment { color rgbt <1,0,0,0> }
	no_shadow
}

// particle -1
sphere {
	<31.522125, 42.042244, 32.707096> 0.100000
	pigment { color rgbt <1,0,0,0> }
	no_shadow
}
sphere {
	0, 1
	scale<0.080000,0.200000,0.300000>
	matrix <0.112280, -0.921029, -0.372959,
		0.644363, 0.353206, -0.678264,
		0.756432, -0.164165, 0.633135,
		31.749056, 41.992996, 32.897038>
	pigment { color rgbt <0,1,1,0> }
	no_shadow
}
cylinder {
	<31.874086, 41.905888, 32.082386>,  <31.219553, 42.107910, 32.453842>, 0.130000
	pigment { color rgbt <1,0,0,0> }
	no_shadow
}

// nucleotide -1

// particle -1
sphere {
	<31.874086, 41.905888, 32.082386> 0.250000
	pigment { color rgbt <1,0,0,0> }
	no_shadow
}
cylinder {
	<31.880186, 41.756355, 32.453335>,  <31.883846, 41.666634, 32.675903>, 0.100000
	pigment { color rgbt <1,0,0,0> }
	no_shadow
}
cylinder {
	<31.880186, 41.756355, 32.453335>,  <31.874086, 41.905888, 32.082386>, 0.100000
	pigment { color rgbt <1,0,0,0> }
	no_shadow
}

// particle -1
sphere {
	<31.880186, 41.756355, 32.453335> 0.100000
	pigment { color rgbt <1,0,0,0> }
	no_shadow
}
sphere {
	0, 1
	scale<0.080000,0.200000,0.300000>
	matrix <-0.004112, -0.927494, -0.373815,
		0.999875, 0.001887, -0.015681,
		0.015249, -0.373833, 0.927371,
		31.884760, 41.644207, 32.731544>
	pigment { color rgbt <0,1,1,0> }
	no_shadow
}
cylinder {
	<32.373589, 41.462330, 32.016663>,  <31.874086, 41.905888, 32.082386>, 0.130000
	pigment { color rgbt <1,0,0,0> }
	no_shadow
}

// nucleotide -1

// particle -1
sphere {
	<32.373589, 41.462330, 32.016663> 0.250000
	pigment { color rgbt <1,0,0,0> }
	no_shadow
}
cylinder {
	<32.083195, 41.375969, 32.277840>,  <31.908958, 41.324154, 32.434544>, 0.100000
	pigment { color rgbt <1,0,0,0> }
	no_shadow
}
cylinder {
	<32.083195, 41.375969, 32.277840>,  <32.373589, 41.462330, 32.016663>, 0.100000
	pigment { color rgbt <1,0,0,0> }
	no_shadow
}

// particle -1
sphere {
	<32.083195, 41.375969, 32.277840> 0.100000
	pigment { color rgbt <1,0,0,0> }
	no_shadow
}
sphere {
	0, 1
	scale<0.080000,0.200000,0.300000>
	matrix <-0.091322, -0.910769, -0.402690,
		0.681617, -0.351976, 0.641491,
		-0.725988, -0.215898, 0.652939,
		31.865398, 41.311199, 32.473721>
	pigment { color rgbt <0,1,1,0> }
	no_shadow
}
cylinder {
	<32.451359, 40.721874, 32.249500>,  <32.373589, 41.462330, 32.016663>, 0.130000
	pigment { color rgbt <1,0,0,0> }
	no_shadow
}

// nucleotide -1

// particle -1
sphere {
	<32.451359, 40.721874, 32.249500> 0.250000
	pigment { color rgbt <1,0,0,0> }
	no_shadow
}
cylinder {
	<32.071545, 40.831364, 32.310780>,  <31.843657, 40.897057, 32.347546>, 0.100000
	pigment { color rgbt <1,0,0,0> }
	no_shadow
}
cylinder {
	<32.071545, 40.831364, 32.310780>,  <32.451359, 40.721874, 32.249500>, 0.100000
	pigment { color rgbt <1,0,0,0> }
	no_shadow
}

// particle -1
sphere {
	<32.071545, 40.831364, 32.310780> 0.100000
	pigment { color rgbt <1,0,0,0> }
	no_shadow
}
sphere {
	0, 1
	scale<0.080000,0.200000,0.300000>
	matrix <-0.305216, -0.918890, -0.249970,
		0.072350, -0.284113, 0.956057,
		-0.949531, 0.273719, 0.153198,
		31.786686, 40.913479, 32.356739>
	pigment { color rgbt <0,1,1,0> }
	no_shadow
}
cylinder {
	<32.218739, 40.199642, 32.644531>,  <32.451359, 40.721874, 32.249500>, 0.130000
	pigment { color rgbt <1,0,0,0> }
	no_shadow
}

// nucleotide -1

// particle -1
sphere {
	<32.218739, 40.199642, 32.644531> 0.250000
	pigment { color rgbt <1,0,0,0> }
	no_shadow
}
cylinder {
	<31.912294, 40.361507, 32.444801>,  <31.728428, 40.458626, 32.324963>, 0.100000
	pigment { color rgbt <1,0,0,0> }
	no_shadow
}
cylinder {
	<31.912294, 40.361507, 32.444801>,  <32.218739, 40.199642, 32.644531>, 0.100000
	pigment { color rgbt <1,0,0,0> }
	no_shadow
}

// particle -1
sphere {
	<31.912294, 40.361507, 32.444801> 0.100000
	pigment { color rgbt <1,0,0,0> }
	no_shadow
}
sphere {
	0, 1
	scale<0.080000,0.200000,0.300000>
	matrix <-0.387971, -0.910562, -0.142673,
		-0.512402, 0.084421, 0.854586,
		-0.766109, 0.404661, -0.499327,
		31.682463, 40.482906, 32.295002>
	pigment { color rgbt <0,1,1,0> }
	no_shadow
}
cylinder {
	<31.695200, 39.870346, 32.947277>,  <32.218739, 40.199642, 32.644531>, 0.130000
	pigment { color rgbt <1,0,0,0> }
	no_shadow
}

// nucleotide -1

// particle -1
sphere {
	<31.695200, 39.870346, 32.947277> 0.250000
	pigment { color rgbt <1,0,0,0> }
	no_shadow
}
cylinder {
	<31.538486, 40.021332, 32.611652>,  <31.444458, 40.111923, 32.410278>, 0.100000
	pigment { color rgbt <1,0,0,0> }
	no_shadow
}
cylinder {
	<31.538486, 40.021332, 32.611652>,  <31.695200, 39.870346, 32.947277>, 0.100000
	pigment { color rgbt <1,0,0,0> }
	no_shadow
}

// particle -1
sphere {
	<31.538486, 40.021332, 32.611652> 0.100000
	pigment { color rgbt <1,0,0,0> }
	no_shadow
}
sphere {
	0, 1
	scale<0.080000,0.200000,0.300000>
	matrix <-0.457265, -0.871248, -0.178427,
		-0.798381, 0.313769, 0.513943,
		-0.391786, 0.377461, -0.839063,
		31.420950, 40.134571, 32.359932>
	pigment { color rgbt <0,1,1,0> }
	no_shadow
}
cylinder {
	<31.004597, 39.603638, 32.879322>,  <31.695200, 39.870346, 32.947277>, 0.130000
	pigment { color rgbt <1,0,0,0> }
	no_shadow
}

// nucleotide -1

// particle -1
sphere {
	<31.004597, 39.603638, 32.879322> 0.250000
	pigment { color rgbt <1,0,0,0> }
	no_shadow
}
cylinder {
	<31.093836, 39.702377, 32.502113>,  <31.147379, 39.761620, 32.275787>, 0.100000
	pigment { color rgbt <1,0,0,0> }
	no_shadow
}
cylinder {
	<31.093836, 39.702377, 32.502113>,  <31.004597, 39.603638, 32.879322>, 0.100000
	pigment { color rgbt <1,0,0,0> }
	no_shadow
}

// particle -1
sphere {
	<31.093836, 39.702377, 32.502113> 0.100000
	pigment { color rgbt <1,0,0,0> }
	no_shadow
}
sphere {
	0, 1
	scale<0.080000,0.200000,0.300000>
	matrix <-0.432032, -0.842164, -0.322657,
		-0.873828, 0.479400, -0.081238,
		0.223097, 0.246849, -0.943023,
		31.160765, 39.776432, 32.219208>
	pigment { color rgbt <0,1,1,0> }
	no_shadow
}
cylinder {
	<30.498903, 39.295170, 32.519051>,  <31.004597, 39.603638, 32.879322>, 0.130000
	pigment { color rgbt <1,0,0,0> }
	no_shadow
}

// nucleotide -1

// particle -1
sphere {
	<30.498903, 39.295170, 32.519051> 0.250000
	pigment { color rgbt <1,0,0,0> }
	no_shadow
}
cylinder {
	<30.772850, 39.348274, 32.232460>,  <30.937218, 39.380138, 32.060505>, 0.100000
	pigment { color rgbt <1,0,0,0> }
	no_shadow
}
cylinder {
	<30.772850, 39.348274, 32.232460>,  <30.498903, 39.295170, 32.519051>, 0.100000
	pigment { color rgbt <1,0,0,0> }
	no_shadow
}

// particle -1
sphere {
	<30.772850, 39.348274, 32.232460> 0.100000
	pigment { color rgbt <1,0,0,0> }
	no_shadow
}
sphere {
	0, 1
	scale<0.080000,0.200000,0.300000>
	matrix <-0.236373, -0.889612, -0.390791,
		-0.689265, 0.436995, -0.577883,
		0.684866, 0.132763, -0.716473,
		30.978310, 39.388103, 32.017517>
	pigment { color rgbt <0,1,1,0> }
	no_shadow
}
cylinder {
	<30.177301, 39.211224, 31.914797>,  <30.498903, 39.295170, 32.519051>, 0.130000
	pigment { color rgbt <1,0,0,0> }
	no_shadow
}

// nucleotide -1

// particle -1
sphere {
	<30.177301, 39.211224, 31.914797> 0.250000
	pigment { color rgbt <1,0,0,0> }
	no_shadow
}
cylinder {
	<30.559034, 39.145397, 31.815065>,  <30.788074, 39.105900, 31.755226>, 0.100000
	pigment { color rgbt <1,0,0,0> }
	no_shadow
}
cylinder {
	<30.559034, 39.145397, 31.815065>,  <30.177301, 39.211224, 31.914797>, 0.100000
	pigment { color rgbt <1,0,0,0> }
	no_shadow
}

// particle -1
sphere {
	<30.559034, 39.145397, 31.815065> 0.100000
	pigment { color rgbt <1,0,0,0> }
	no_shadow
}
sphere {
	0, 1
	scale<0.080000,0.200000,0.300000>
	matrix <-0.272155, -0.823099, -0.498437,
		-0.123195, 0.543531, -0.830299,
		0.954335, -0.164565, -0.249326,
		30.845335, 39.096027, 31.740267>
	pigment { color rgbt <0,1,1,0> }
	no_shadow
}
cylinder {
	<30.058998, 38.960899, 31.303831>,  <30.177301, 39.211224, 31.914797>, 0.130000
	pigment { color rgbt <1,0,0,0> }
	no_shadow
}

// nucleotide -1

// particle -1
sphere {
	<30.058998, 38.960899, 31.303831> 0.250000
	pigment { color rgbt <1,0,0,0> }
	no_shadow
}
cylinder {
	<30.429358, 38.855038, 31.411661>,  <30.651573, 38.791523, 31.476358>, 0.100000
	pigment { color rgbt <1,0,0,0> }
	no_shadow
}
cylinder {
	<30.429358, 38.855038, 31.411661>,  <30.058998, 38.960899, 31.303831>, 0.100000
	pigment { color rgbt <1,0,0,0> }
	no_shadow
}

// particle -1
sphere {
	<30.429358, 38.855038, 31.411661> 0.100000
	pigment { color rgbt <1,0,0,0> }
	no_shadow
}
sphere {
	0, 1
	scale<0.080000,0.200000,0.300000>
	matrix <-0.117207, -0.879629, -0.460995,
		0.359126, 0.395239, -0.845467,
		0.925900, -0.264649, 0.269573,
		30.707129, 38.775642, 31.492533>
	pigment { color rgbt <0,1,1,0> }
	no_shadow
}
cylinder {
	<30.192451, 38.569363, 30.737822>,  <30.058998, 38.960899, 31.303831>, 0.130000
	pigment { color rgbt <1,0,0,0> }
	no_shadow
}

// nucleotide -1

// particle -1
sphere {
	<30.192451, 38.569363, 30.737822> 0.250000
	pigment { color rgbt <1,0,0,0> }
	no_shadow
}
cylinder {
	<30.466381, 38.436329, 30.997175>,  <30.630739, 38.356506, 31.152786>, 0.100000
	pigment { color rgbt <1,0,0,0> }
	no_shadow
}
cylinder {
	<30.466381, 38.436329, 30.997175>,  <30.192451, 38.569363, 30.737822>, 0.100000
	pigment { color rgbt <1,0,0,0> }
	no_shadow
}

// particle -1
sphere {
	<30.466381, 38.436329, 30.997175> 0.100000
	pigment { color rgbt <1,0,0,0> }
	no_shadow
}
sphere {
	0, 1
	scale<0.080000,0.200000,0.300000>
	matrix <-0.007080, -0.892765, -0.450467,
