// switches for output
#declare DRAW_BASES = 1; // possible values are 0, 1; only relevant for DNA ribbons
#declare DRAW_BASES_TYPE = 3; // possible values are 1, 2, 3; only relevant for DNA ribbons
#declare DRAW_FOG = 0; // set to 1 to enable fog

#include "colors.inc"

#include "transforms.inc"
background { rgb <1, 1, 1>}

#default {
   normal{
       ripples 0.25
       frequency 0.20
       turbulence 0.2
       lambda 5
   }
	finish {
		phong 0.1
		phong_size 40.
	}
}

// original window dimensions: 1024x640


// camera settings

camera {
	sky <0, 0.179814, -0.983701>
	up <0, 0.179814, -0.983701>
	right 1.6 * <1, 0, 0>
	location <35, 94.9851, 44.8844>
	look_at <35, 29.7336, 32.9568>
	direction <0, -65.2515, -11.9276>
	angle 67.0682
}


# declare cpy_camera_pos = <35, 94.9851, 44.8844>;
# if (DRAW_FOG = 1)
fog {
	fog_type 2
	up vnormalize(cpy_camera_pos)
	color rgbt<1,1,1,0.3>
	distance 1e-5
	fog_alt 3e-3
	fog_offset 56
}
# end


// LIGHTS

# declare lum = 6;
global_settings {
	ambient_light rgb lum * <0.05, 0.05, 0.05>
	max_trace_level 15
}# declare cpy_direct_light_amount = 0.25;
light_source
{	1000 * <-1, -1.16352, -0.803886>,
	rgb lum * cpy_direct_light_amount
	parallel
}

light_source
{	1000 * <1, 1.16352, 0.803886>,
	rgb lum * cpy_direct_light_amount
	parallel
}

// strand 0

// nucleotide -1

// particle -1
sphere {
	<24.626997, 34.519051, 34.774212> 0.250000
	pigment { color rgbt <1,0,0,0> }
	no_shadow
}
cylinder {
	<24.617762, 34.877556, 34.951385>,  <24.612221, 35.092659, 35.057690>, 0.100000
	pigment { color rgbt <1,0,0,0> }
	no_shadow
}
cylinder {
	<24.617762, 34.877556, 34.951385>,  <24.626997, 34.519051, 34.774212>, 0.100000
	pigment { color rgbt <1,0,0,0> }
	no_shadow
}

// particle -1
sphere {
	<24.617762, 34.877556, 34.951385> 0.100000
	pigment { color rgbt <1,0,0,0> }
	no_shadow
}
sphere {
	0, 1
	scale<0.080000,0.200000,0.300000>
	matrix <0.890657, -0.182797, 0.416312,
		0.454089, 0.404110, -0.794039,
		-0.023088, 0.896259, 0.442930,
		24.610836, 35.146435, 35.084263>
	pigment { color rgbt <0,1,1,0> }
	no_shadow
}
cylinder {
	<24.948862, 34.343475, 35.403862>,  <24.626997, 34.519051, 34.774212>, 0.130000
	pigment { color rgbt <1,0,0,0> }
	no_shadow
}

// nucleotide -1

// particle -1
sphere {
	<24.948862, 34.343475, 35.403862> 0.250000
	pigment { color rgbt <1,0,0,0> }
	no_shadow
}
cylinder {
	<25.154436, 34.030502, 35.544525>,  <25.277781, 33.842716, 35.628922>, 0.100000
	pigment { color rgbt <1,0,0,0> }
	no_shadow
}
cylinder {
	<25.154436, 34.030502, 35.544525>,  <24.948862, 34.343475, 35.403862>, 0.100000
	pigment { color rgbt <1,0,0,0> }
	no_shadow
}

// particle -1
sphere {
	<25.154436, 34.030502, 35.544525> 0.100000
	pigment { color rgbt <1,0,0,0> }
	no_shadow
}
sphere {
	0, 1
	scale<0.080000,0.200000,0.300000>
	matrix <0.622682, 0.058308, -0.780299,
		0.590030, 0.619995, 0.517175,
		0.513937, -0.782436, 0.351656,
		25.308617, 33.795773, 35.650021>
	pigment { color rgbt <0,1,1,0> }
	no_shadow
}
cylinder {
	<25.619410, 34.674335, 35.366695>,  <24.948862, 34.343475, 35.403862>, 0.130000
	pigment { color rgbt <1,0,0,0> }
	no_shadow
}

// nucleotide -1

// particle -1
sphere {
	<25.619410, 34.674335, 35.366695> 0.250000
	pigment { color rgbt <1,0,0,0> }
	no_shadow
}
cylinder {
	<25.598404, 34.277313, 35.322739>,  <25.585800, 34.039101, 35.296364>, 0.100000
	pigment { color rgbt <1,0,0,0> }
	no_shadow
}
cylinder {
	<25.598404, 34.277313, 35.322739>,  <25.619410, 34.674335, 35.366695>, 0.100000
	pigment { color rgbt <1,0,0,0> }
	no_shadow
}

// particle -1
sphere {
	<25.598404, 34.277313, 35.322739> 0.100000
	pigment { color rgbt <1,0,0,0> }
	no_shadow
}
sphere {
	0, 1
	scale<0.080000,0.200000,0.300000>
	matrix <0.563122, 0.061445, -0.824087,
		0.824704, -0.105161, 0.555702,
		-0.052516, -0.992555, -0.109893,
		25.582649, 33.979546, 35.289772>
	pigment { color rgbt <0,1,1,0> }
	no_shadow
}
cylinder {
	<25.520903, 34.601795, 36.156967>,  <25.619410, 34.674335, 35.366695>, 0.130000
	pigment { color rgbt <1,0,0,0> }
	no_shadow
}

// nucleotide -1

// particle -1
sphere {
	<25.520903, 34.601795, 36.156967> 0.250000
	pigment { color rgbt <1,0,0,0> }
	no_shadow
}
cylinder {
	<25.896145, 34.703606, 36.063007>,  <26.121290, 34.764690, 36.006630>, 0.100000
	pigment { color rgbt <1,0,0,0> }
	no_shadow
}
cylinder {
	<25.896145, 34.703606, 36.063007>,  <25.520903, 34.601795, 36.156967>, 0.100000
	pigment { color rgbt <1,0,0,0> }
	no_shadow
}

// particle -1
sphere {
	<25.896145, 34.703606, 36.063007> 0.100000
	pigment { color rgbt <1,0,0,0> }
	no_shadow
}
sphere {
	0, 1
	scale<0.080000,0.200000,0.300000>
	matrix <-0.264587, 0.964289, -0.011827,
		0.223500, 0.073246, 0.971948,
		0.938105, 0.254522, -0.234899,
		26.177576, 34.779961, 35.992538>
	pigment { color rgbt <0,1,1,0> }
	no_shadow
}
cylinder {
	<25.704088, 35.245377, 36.570145>,  <25.520903, 34.601795, 36.156967>, 0.130000
	pigment { color rgbt <1,0,0,0> }
	no_shadow
}

// nucleotide -1

// particle -1
sphere {
	<25.704088, 35.245377, 36.570145> 0.250000
	pigment { color rgbt <1,0,0,0> }
	no_shadow
}
cylinder {
	<25.939493, 35.243698, 36.246754>,  <26.080736, 35.242691, 36.052719>, 0.100000
	pigment { color rgbt <1,0,0,0> }
	no_shadow
}
cylinder {
	<25.939493, 35.243698, 36.246754>,  <25.704088, 35.245377, 36.570145>, 0.100000
	pigment { color rgbt <1,0,0,0> }
	no_shadow
}

// particle -1
sphere {
	<25.939493, 35.243698, 36.246754> 0.100000
	pigment { color rgbt <1,0,0,0> }
	no_shadow
}
sphere {
	0, 1
	scale<0.080000,0.200000,0.300000>
	matrix <-0.099805, 0.991961, -0.077793,
		0.802305, 0.126472, 0.583361,
		0.588511, -0.004192, -0.808479,
		26.116047, 35.242439, 36.004211>
	pigment { color rgbt <0,1,1,0> }
	no_shadow
}
cylinder {
	<26.166491, 35.781326, 36.635811>,  <25.704088, 35.245377, 36.570145>, 0.130000
	pigment { color rgbt <1,0,0,0> }
	no_shadow
}

// nucleotide -1

// particle -1
sphere {
	<26.166491, 35.781326, 36.635811> 0.250000
	pigment { color rgbt <1,0,0,0> }
	no_shadow
}
cylinder {
	<26.188112, 35.702244, 36.244305>,  <26.201086, 35.654793, 36.009399>, 0.100000
	pigment { color rgbt <1,0,0,0> }
	no_shadow
}
cylinder {
	<26.188112, 35.702244, 36.244305>,  <26.166491, 35.781326, 36.635811>, 0.100000
	pigment { color rgbt <1,0,0,0> }
	no_shadow
}

// particle -1
sphere {
	<26.188112, 35.702244, 36.244305> 0.100000
	pigment { color rgbt <1,0,0,0> }
	no_shadow
}
sphere {
	0, 1
	scale<0.080000,0.200000,0.300000>
	matrix <-0.179139, 0.962379, -0.204290,
		0.982338, 0.186378, 0.016604,
		0.054055, -0.197707, -0.978770,
		26.204329, 35.642933, 35.950672>
	pigment { color rgbt <0,1,1,0> }
	no_shadow
}
cylinder {
	<26.468481, 36.396351, 36.410484>,  <26.166491, 35.781326, 36.635811>, 0.130000
	pigment { color rgbt <1,0,0,0> }
	no_shadow
}

// nucleotide -1

// particle -1
sphere {
	<26.468481, 36.396351, 36.410484> 0.250000
	pigment { color rgbt <1,0,0,0> }
	no_shadow
}
cylinder {
	<26.323025, 36.219727, 36.082390>,  <26.235750, 36.113750, 35.885532>, 0.100000
	pigment { color rgbt <1,0,0,0> }
	no_shadow
}
cylinder {
	<26.323025, 36.219727, 36.082390>,  <26.468481, 36.396351, 36.410484>, 0.100000
	pigment { color rgbt <1,0,0,0> }
	no_shadow
}

// particle -1
sphere {
	<26.323025, 36.219727, 36.082390> 0.100000
	pigment { color rgbt <1,0,0,0> }
	no_shadow
}
sphere {
	0, 1
	scale<0.080000,0.200000,0.300000>
	matrix <-0.223478, 0.896157, -0.383354,
		0.904336, 0.043903, -0.424557,
		-0.363639, -0.441560, -0.820239,
		26.213932, 36.087257, 35.836319>
	pigment { color rgbt <0,1,1,0> }
	no_shadow
}
cylinder {
	<26.893776, 36.590073, 35.921547>,  <26.468481, 36.396351, 36.410484>, 0.130000
	pigment { color rgbt <1,0,0,0> }
	no_shadow
}

// nucleotide -1

// particle -1
sphere {
	<26.893776, 36.590073, 35.921547> 0.250000
	pigment { color rgbt <1,0,0,0> }
	no_shadow
}
cylinder {
	<26.531742, 36.499798, 35.777390>,  <26.314522, 36.445633, 35.690895>, 0.100000
	pigment { color rgbt <1,0,0,0> }
	no_shadow
}
cylinder {
	<26.531742, 36.499798, 35.777390>,  <26.893776, 36.590073, 35.921547>, 0.100000
	pigment { color rgbt <1,0,0,0> }
	no_shadow
}

// particle -1
sphere {
	<26.531742, 36.499798, 35.777390> 0.100000
	pigment { color rgbt <1,0,0,0> }
	no_shadow
}
sphere {
	0, 1
	scale<0.080000,0.200000,0.300000>
	matrix <-0.039579, 0.888559, -0.457052,
		0.423383, -0.399408, -0.813155,
		-0.905086, -0.225691, -0.360392,
		26.260216, 36.432091, 35.669273>
	pigment { color rgbt <0,1,1,0> }
	no_shadow
}
cylinder {
	<26.892061, 36.850498, 35.283260>,  <26.893776, 36.590073, 35.921547>, 0.130000
	pigment { color rgbt <1,0,0,0> }
	no_shadow
}

// nucleotide -1

// particle -1
sphere {
	<26.892061, 36.850498, 35.283260> 0.250000
	pigment { color rgbt <1,0,0,0> }
	no_shadow
}
cylinder {
	<26.497864, 36.811768, 35.339012>,  <26.261345, 36.788528, 35.372463>, 0.100000
	pigment { color rgbt <1,0,0,0> }
	no_shadow
}
cylinder {
	<26.497864, 36.811768, 35.339012>,  <26.892061, 36.850498, 35.283260>, 0.100000
	pigment { color rgbt <1,0,0,0> }
	no_shadow
}

// particle -1
sphere {
	<26.497864, 36.811768, 35.339012> 0.100000
	pigment { color rgbt <1,0,0,0> }
	no_shadow
}
sphere {
	0, 1
	scale<0.080000,0.200000,0.300000>
	matrix <-0.139899, 0.928406, -0.344225,
		-0.096068, -0.358730, -0.928485,
		-0.985494, -0.096826, 0.139376,
		26.202215, 36.782719, 35.380825>
	pigment { color rgbt <0,1,1,0> }
	no_shadow
}
cylinder {
	<26.677416, 37.186249, 34.651138>,  <26.892061, 36.850498, 35.283260>, 0.130000
	pigment { color rgbt <1,0,0,0> }
	no_shadow
}

// nucleotide -1

// particle -1
sphere {
	<26.677416, 37.186249, 34.651138> 0.250000
	pigment { color rgbt <1,0,0,0> }
	no_shadow
}
cylinder {
	<26.363054, 37.167759, 34.897785>,  <26.174438, 37.156666, 35.045773>, 0.100000
	pigment { color rgbt <1,0,0,0> }
	no_shadow
}
cylinder {
	<26.363054, 37.167759, 34.897785>,  <26.677416, 37.186249, 34.651138>, 0.100000
	pigment { color rgbt <1,0,0,0> }
	no_shadow
}

// particle -1
sphere {
	<26.363054, 37.167759, 34.897785> 0.100000
	pigment { color rgbt <1,0,0,0> }
	no_shadow
}
sphere {
	0, 1
	scale<0.080000,0.200000,0.300000>
	matrix <-0.357179, 0.847952, -0.391664,
		-0.504759, -0.528053, -0.682919,
		-0.785902, -0.046228, 0.616621,
		26.127283, 37.153889, 35.082771>
	pigment { color rgbt <0,1,1,0> }
	no_shadow
}
cylinder {
	<26.093584, 37.381580, 34.186260>,  <26.677416, 37.186249, 34.651138>, 0.130000
	pigment { color rgbt <1,0,0,0> }
	no_shadow
}

// nucleotide -1

// particle -1
sphere {
	<26.093584, 37.381580, 34.186260> 0.250000
	pigment { color rgbt <1,0,0,0> }
	no_shadow
}
cylinder {
	<25.994133, 37.445122, 34.568455>,  <25.934462, 37.483246, 34.797771>, 0.100000
	pigment { color rgbt <1,0,0,0> }
	no_shadow
}
cylinder {
	<25.994133, 37.445122, 34.568455>,  <26.093584, 37.381580, 34.186260>, 0.100000
	pigment { color rgbt <1,0,0,0> }
	no_shadow
}

// particle -1
sphere {
	<25.994133, 37.445122, 34.568455> 0.100000
	pigment { color rgbt <1,0,0,0> }
	no_shadow
}
sphere {
	0, 1
	scale<0.080000,0.200000,0.300000>
	matrix <-0.380899, 0.890948, -0.247239,
		-0.890561, -0.425414, -0.161008,
		-0.248628, 0.158854, 0.955484,
		25.919544, 37.492779, 34.855099>
	pigment { color rgbt <0,1,1,0> }
	no_shadow
}
cylinder {
	<25.419447, 37.673321, 34.230362>,  <26.093584, 37.381580, 34.186260>, 0.130000
	pigment { color rgbt <1,0,0,0> }
	no_shadow
}

// nucleotide -1

// particle -1
sphere {
	<25.419447, 37.673321, 34.230362> 0.250000
	pigment { color rgbt <1,0,0,0> }
	no_shadow
}
cylinder {
	<25.596640, 37.782089, 34.572083>,  <25.702955, 37.847351, 34.777115>, 0.100000
	pigment { color rgbt <1,0,0,0> }
	no_shadow
}
cylinder {
	<25.596640, 37.782089, 34.572083>,  <25.419447, 37.673321, 34.230362>, 0.100000
	pigment { color rgbt <1,0,0,0> }
	no_shadow
}

// particle -1
sphere {
	<25.596640, 37.782089, 34.572083> 0.100000
	pigment { color rgbt <1,0,0,0> }
	no_shadow
}
sphere {
	0, 1
	scale<0.080000,0.200000,0.300000>
	matrix <-0.423682, 0.903269, -0.067816,
		-0.790101, -0.331909, 0.515343,
		0.442984, 0.271923, 0.854297,
		25.729534, 37.863667, 34.828373>
	pigment { color rgbt <0,1,1,0> }
	no_shadow
}
cylinder {
	<24.891998, 38.033501, 34.475838>,  <25.419447, 37.673321, 34.230362>, 0.130000
	pigment { color rgbt <1,0,0,0> }
	no_shadow
}

// nucleotide -1

// particle -1
sphere {
	<24.891998, 38.033501, 34.475838> 0.250000
	pigment { color rgbt <1,0,0,0> }
	no_shadow
}
cylinder {
	<25.211290, 38.145325, 34.689259>,  <25.402866, 38.212418, 34.817310>, 0.100000
	pigment { color rgbt <1,0,0,0> }
	no_shadow
}
cylinder {
	<25.211290, 38.145325, 34.689259>,  <24.891998, 38.033501, 34.475838>, 0.100000
	pigment { color rgbt <1,0,0,0> }
	no_shadow
}

// particle -1
sphere {
	<25.211290, 38.145325, 34.689259> 0.100000
	pigment { color rgbt <1,0,0,0> }
	no_shadow
}
sphere {
	0, 1
	scale<0.080000,0.200000,0.300000>
	matrix <-0.357749, 0.932657, 0.046540,
		-0.484607, -0.228026, 0.844488,
		0.798230, 0.279561, 0.533549,
		25.450760, 38.229195, 34.849323>
	pigment { color rgbt <0,1,1,0> }
	no_shadow
}
cylinder {
	<24.642458, 38.366573, 35.102791>,  <24.891998, 38.033501, 34.475838>, 0.130000
	pigment { color rgbt <1,0,0,0> }
	no_shadow
}

// nucleotide -1

// particle -1
sphere {
	<24.642458, 38.366573, 35.102791> 0.250000
	pigment { color rgbt <1,0,0,0> }
	no_shadow
}
cylinder {
	<25.021654, 38.488865, 35.067371>,  <25.249172, 38.562241, 35.046120>, 0.100000
	pigment { color rgbt <1,0,0,0> }
	no_shadow
}
cylinder {
	<25.021654, 38.488865, 35.067371>,  <24.642458, 38.366573, 35.102791>, 0.100000
	pigment { color rgbt <1,0,0,0> }
	no_shadow
}

// particle -1
sphere {
	<25.021654, 38.488865, 35.067371> 0.100000
	pigment { color rgbt <1,0,0,0> }
	no_shadow
}
sphere {
	0, 1
	scale<0.080000,0.200000,0.300000>
	matrix <-0.288246, 0.942601, 0.168573,
		0.135005, -0.134282, 0.981704,
		0.947991, 0.305731, -0.088550,
		25.306051, 38.580585, 35.040806>
	pigment { color rgbt <0,1,1,0> }
	no_shadow
}
cylinder {
	<24.734261, 38.952023, 35.636276>,  <24.642458, 38.366573, 35.102791>, 0.130000
	pigment { color rgbt <1,0,0,0> }
	no_shadow
}

// nucleotide -1

// particle -1
sphere {
	<24.734261, 38.952023, 35.636276> 0.250000
	pigment { color rgbt <1,0,0,0> }
	no_shadow
}
cylinder {
	<25.037651, 39.000839, 35.380207>,  <25.219685, 39.030128, 35.226566>, 0.100000
	pigment { color rgbt <1,0,0,0> }
	no_shadow
}
cylinder {
	<25.037651, 39.000839, 35.380207>,  <24.734261, 38.952023, 35.636276>, 0.100000
	pigment { color rgbt <1,0,0,0> }
	no_shadow
}

// particle -1
sphere {
	<25.037651, 39.000839, 35.380207> 0.100000
	pigment { color rgbt <1,0,0,0> }
	no_shadow
}
sphere {
	0, 1
	scale<0.080000,0.200000,0.300000>
	matrix <-0.111049, 0.992146, 0.057572,
		0.642171, 0.027424, 0.766070,
		0.758475, 0.122043, -0.640173,
		25.265194, 39.037453, 35.188156>
	pigment { color rgbt <0,1,1,0> }
	no_shadow
}
cylinder {
	<25.250685, 39.449703, 35.839912>,  <24.734261, 38.952023, 35.636276>, 0.130000
	pigment { color rgbt <1,0,0,0> }
	no_shadow
}

// nucleotide -1

// particle -1
sphere {
	<25.250685, 39.449703, 35.839912> 0.250000
	pigment { color rgbt <1,0,0,0> }
	no_shadow
}
cylinder {
	<25.303257, 39.458206, 35.443474>,  <25.334801, 39.463306, 35.205612>, 0.100000
	pigment { color rgbt <1,0,0,0> }
	no_shadow
}
cylinder {
	<25.303257, 39.458206, 35.443474>,  <25.250685, 39.449703, 35.839912>, 0.100000
	pigment { color rgbt <1,0,0,0> }
	no_shadow
}

// particle -1
sphere {
	<25.303257, 39.458206, 35.443474> 0.100000
	pigment { color rgbt <1,0,0,0> }
	no_shadow
}
sphere {
	0, 1
	scale<0.080000,0.200000,0.300000>
	matrix <-0.026239, 0.999494, 0.017955,
		0.990978, 0.023645, 0.131921,
		0.131430, 0.021254, -0.991098,
		25.342686, 39.464581, 35.146145>
	pigment { color rgbt <0,1,1,0> }
	no_shadow
}
cylinder {
	<25.711823, 40.023373, 35.747536>,  <25.250685, 39.449703, 35.839912>, 0.130000
	pigment { color rgbt <1,0,0,0> }
	no_shadow
}

// nucleotide -1

// particle -1
sphere {
	<25.711823, 40.023373, 35.747536> 0.250000
	pigment { color rgbt <1,0,0,0> }
	no_shadow
}
cylinder {
	<25.542080, 39.971050, 35.389137>,  <25.440235, 39.939655, 35.174099>, 0.100000
	pigment { color rgbt <1,0,0,0> }
	no_shadow
}
cylinder {
	<25.542080, 39.971050, 35.389137>,  <25.711823, 40.023373, 35.747536>, 0.100000
	pigment { color rgbt <1,0,0,0> }
	no_shadow
}

// particle -1
sphere {
	<25.542080, 39.971050, 35.389137> 0.100000
	pigment { color rgbt <1,0,0,0> }
	no_shadow
}
sphere {
	0, 1
	scale<0.080000,0.200000,0.300000>
	matrix <0.077386, 0.980651, -0.179819,
		0.902183, -0.145645, -0.406022,
		-0.424356, -0.130809, -0.895997,
		25.414774, 39.931808, 35.120338>
	pigment { color rgbt <0,1,1,0> }
	no_shadow
}
cylinder {
	<26.179380, 40.412476, 35.291492>,  <25.711823, 40.023373, 35.747536>, 0.130000
	pigment { color rgbt <1,0,0,0> }
	no_shadow
}

// nucleotide -1

// particle -1
sphere {
	<26.179380, 40.412476, 35.291492> 0.250000
	pigment { color rgbt <1,0,0,0> }
	no_shadow
}
cylinder {
	<25.840130, 40.387093, 35.081100>,  <25.636580, 40.371864, 34.954865>, 0.100000
	pigment { color rgbt <1,0,0,0> }
	no_shadow
}
cylinder {
	<25.840130, 40.387093, 35.081100>,  <26.179380, 40.412476, 35.291492>, 0.100000
	pigment { color rgbt <1,0,0,0> }
	no_shadow
}

// particle -1
sphere {
	<25.840130, 40.387093, 35.081100> 0.100000
	pigment { color rgbt <1,0,0,0> }
	no_shadow
}
sphere {
	0, 1
	scale<0.080000,0.200000,0.300000>
	matrix <0.103065, 0.954072, -0.281290,
		0.519673, -0.292779, -0.802633,
		-0.848126, -0.063455, -0.525981,
		25.585691, 40.368057, 34.923306>
	pigment { color rgbt <0,1,1,0> }
	no_shadow
}
cylinder {
	<26.242289, 40.793293, 34.556461>,  <26.179380, 40.412476, 35.291492>, 0.130000
	pigment { color rgbt <1,0,0,0> }
	no_shadow
}

// nucleotide -1

// particle -1
sphere {
	<26.242289, 40.793293, 34.556461> 0.250000
	pigment { color rgbt <1,0,0,0> }
	no_shadow
}
cylinder {
	<25.845085, 40.776112, 34.600441>,  <25.606764, 40.765804, 34.626827>, 0.100000
	pigment { color rgbt <1,0,0,0> }
	no_shadow
}
cylinder {
	<25.845085, 40.776112, 34.600441>,  <26.242289, 40.793293, 34.556461>, 0.100000
	pigment { color rgbt <1,0,0,0> }
	no_shadow
}

// particle -1
sphere {
	<25.845085, 40.776112, 34.600441> 0.100000
	pigment { color rgbt <1,0,0,0> }
	no_shadow
}
sphere {
	0, 1
	scale<0.080000,0.200000,0.300000>
	matrix <-0.088262, 0.888650, -0.450012,
		-0.078376, -0.456570, -0.886229,
		-0.993009, -0.042950, 0.109946,
		25.547182, 40.763226, 34.633427>
	pigment { color rgbt <0,1,1,0> }
	no_shadow
}
cylinder {
	<25.985643, 41.046291, 33.904732>,  <26.242289, 40.793293, 34.556461>, 0.130000
	pigment { color rgbt <1,0,0,0> }
	no_shadow
}

// nucleotide -1

// particle -1
sphere {
	<25.985643, 41.046291, 33.904732> 0.250000
	pigment { color rgbt <1,0,0,0> }
	no_shadow
}
cylinder {
	<25.682087, 41.082378, 34.162708>,  <25.499952, 41.104031, 34.317493>, 0.100000
	pigment { color rgbt <1,0,0,0> }
	no_shadow
}
cylinder {
	<25.682087, 41.082378, 34.162708>,  <25.985643, 41.046291, 33.904732>, 0.100000
	pigment { color rgbt <1,0,0,0> }
	no_shadow
}

// particle -1
sphere {
	<25.682087, 41.082378, 34.162708> 0.100000
	pigment { color rgbt <1,0,0,0> }
	no_shadow
}
sphere {
	0, 1
	scale<0.080000,0.200000,0.300000>
	matrix <-0.181150, 0.922026, -0.342129,
		-0.625515, -0.376469, -0.683376,
		-0.758891, 0.090214, 0.644938,
		25.454420, 41.109444, 34.356190>
	pigment { color rgbt <0,1,1,0> }
	no_shadow
}
cylinder {
	<25.422745, 41.330853, 33.494965>,  <25.985643, 41.046291, 33.904732>, 0.130000
	pigment { color rgbt <1,0,0,0> }
	no_shadow
}

// nucleotide -1

// particle -1
sphere {
	<25.422745, 41.330853, 33.494965> 0.250000
	pigment { color rgbt <1,0,0,0> }
	no_shadow
}
cylinder {
	<25.354128, 41.407326, 33.881542>,  <25.312958, 41.453209, 34.113491>, 0.100000
	pigment { color rgbt <1,0,0,0> }
	no_shadow
}
cylinder {
	<25.354128, 41.407326, 33.881542>,  <25.422745, 41.330853, 33.494965>, 0.100000
	pigment { color rgbt <1,0,0,0> }
	no_shadow
}

// particle -1
sphere {
	<25.354128, 41.407326, 33.881542> 0.100000
	pigment { color rgbt <1,0,0,0> }
	no_shadow
}
sphere {
	0, 1
	scale<0.080000,0.200000,0.300000>
	matrix <-0.160718, 0.962418, -0.218911,
		-0.971979, -0.192878, -0.134371,
		-0.171544, 0.191181, 0.966449,
		25.302664, 41.464680, 34.171478>
	pigment { color rgbt <0,1,1,0> }
	no_shadow
}
cylinder {
	<24.815271, 41.791904, 33.533340>,  <25.422745, 41.330853, 33.494965>, 0.130000
	pigment { color rgbt <1,0,0,0> }
	no_shadow
}

// nucleotide -1

// particle -1
sphere {
	<24.815271, 41.791904, 33.533340> 0.250000
	pigment { color rgbt <1,0,0,0> }
	no_shadow
}
cylinder {
	<24.997654, 41.853317, 33.884003>,  <25.107084, 41.890163, 34.094402>, 0.100000
	pigment { color rgbt <1,0,0,0> }
	no_shadow
}
cylinder {
	<24.997654, 41.853317, 33.884003>,  <24.815271, 41.791904, 33.533340>, 0.100000
	pigment { color rgbt <1,0,0,0> }
	no_shadow
}

// particle -1
sphere {
	<24.997654, 41.853317, 33.884003> 0.100000
	pigment { color rgbt <1,0,0,0> }
	no_shadow
}
sphere {
	0, 1
	scale<0.080000,0.200000,0.300000>
	matrix <-0.083087, 0.988050, -0.129823,
		-0.886116, -0.013645, 0.463264,
		0.455956, 0.153529, 0.876660,
		25.134441, 41.899376, 34.146999>
	pigment { color rgbt <0,1,1,0> }
	no_shadow
}
cylinder {
	<24.437931, 42.307980, 33.951752>,  <24.815271, 41.791904, 33.533340>, 0.130000
	pigment { color rgbt <1,0,0,0> }
	no_shadow
}

// nucleotide -1

// particle -1
sphere {
	<24.437931, 42.307980, 33.951752> 0.250000
	pigment { color rgbt <1,0,0,0> }
	no_shadow
}
cylinder {
	<24.802717, 42.327366, 34.114708>,  <25.021589, 42.338997, 34.212482>, 0.100000
	pigment { color rgbt <1,0,0,0> }
	no_shadow
}
cylinder {
	<24.802717, 42.327366, 34.114708>,  <24.437931, 42.307980, 33.951752>, 0.100000
	pigment { color rgbt <1,0,0,0> }
	no_shadow
}

// particle -1
sphere {
	<24.802717, 42.327366, 34.114708> 0.100000
	pigment { color rgbt <1,0,0,0> }
	no_shadow
}
sphere {
	0, 1
	scale<0.080000,0.200000,0.300000>
	matrix <-0.022030, 0.997350, -0.069333,
		-0.409671, 0.054254, 0.910618,
		0.911967, 0.048465, 0.407390,
		25.076307, 42.341904, 34.236923>
	pigment { color rgbt <0,1,1,0> }
	no_shadow
}
cylinder {
	<24.454647, 43.028004, 34.400887>,  <24.437931, 42.307980, 33.951752>, 0.130000
	pigment { color rgbt <1,0,0,0> }
	no_shadow
}

// nucleotide -1

// particle -1
sphere {
	<24.454647, 43.028004, 34.400887> 0.250000
	pigment { color rgbt <1,0,0,0> }
	no_shadow
}
cylinder {
	<24.835884, 42.907600, 34.388187>,  <25.064627, 42.835358, 34.380569>, 0.100000
	pigment { color rgbt <1,0,0,0> }
	no_shadow
}
cylinder {
	<24.835884, 42.907600, 34.388187>,  <24.454647, 43.028004, 34.400887>, 0.100000
	pigment { color rgbt <1,0,0,0> }
	no_shadow
}

// particle -1
sphere {
	<24.835884, 42.907600, 34.388187> 0.100000
	pigment { color rgbt <1,0,0,0> }
	no_shadow
}
sphere {
	0, 1
	scale<0.080000,0.200000,0.300000>
	matrix <0.302126, 0.952441, 0.039698,
		0.018288, -0.047428, 0.998707,
		0.953093, -0.301009, -0.031748,
		25.121811, 42.817299, 34.378662>
	pigment { color rgbt <0,1,1,0> }
	no_shadow
}
cylinder {
	<24.794090, 43.339104, 34.995605>,  <24.454647, 43.028004, 34.400887>, 0.130000
	pigment { color rgbt <1,0,0,0> }
	no_shadow
}

// nucleotide -1

// particle -1
sphere {
	<24.794090, 43.339104, 34.995605> 0.250000
	pigment { color rgbt <1,0,0,0> }
	no_shadow
}
cylinder {
	<25.067461, 43.279869, 34.709671>,  <25.231483, 43.244328, 34.538109>, 0.100000
	pigment { color rgbt <1,0,0,0> }
	no_shadow
}
cylinder {
	<25.067461, 43.279869, 34.709671>,  <24.794090, 43.339104, 34.995605>, 0.100000
	pigment { color rgbt <1,0,0,0> }
	no_shadow
}

// particle -1
sphere {
	<25.067461, 43.279869, 34.709671> 0.100000
	pigment { color rgbt <1,0,0,0> }
	no_shadow
}
sphere {
	0, 1
	scale<0.080000,0.200000,0.300000>
	matrix <0.480671, 0.828273, 0.287959,
		0.549438, -0.540401, 0.637248,
		0.683428, -0.148091, -0.714839,
		25.272490, 43.235443, 34.495220>
	pigment { color rgbt <0,1,1,0> }
	no_shadow
}
cylinder {
	<25.541382, 43.352966, 35.201763>,  <24.794090, 43.339104, 34.995605>, 0.130000
	pigment { color rgbt <1,0,0,0> }
	no_shadow
}

// nucleotide -1

// particle -1
sphere {
	<25.541382, 43.352966, 35.201763> 0.250000
	pigment { color rgbt <1,0,0,0> }
	no_shadow
}
cylinder {
	<25.551432, 43.454391, 34.814964>,  <25.557461, 43.515247, 34.582886>, 0.100000
	pigment { color rgbt <1,0,0,0> }
	no_shadow
}
cylinder {
	<25.551432, 43.454391, 34.814964>,  <25.541382, 43.352966, 35.201763>, 0.100000
	pigment { color rgbt <1,0,0,0> }
	no_shadow
}

// particle -1
sphere {
	<25.551432, 43.454391, 34.814964> 0.100000
	pigment { color rgbt <1,0,0,0> }
	no_shadow
}
sphere {
	0, 1
	scale<0.080000,0.200000,0.300000>
	matrix <0.503141, 0.832646, 0.231407,
		0.863839, -0.492348, -0.106658,
		0.025125, 0.253563, -0.966993,
		25.558969, 43.530460, 34.524868>
	pigment { color rgbt <0,1,1,0> }
	no_shadow
}
cylinder {
	<26.260855, 43.454311, 34.917976>,  <25.541382, 43.352966, 35.201763>, 0.130000
	pigment { color rgbt <1,0,0,0> }
	no_shadow
}

// nucleotide -1

// particle -1
sphere {
	<26.260855, 43.454311, 34.917976> 0.250000
	pigment { color rgbt <1,0,0,0> }
	no_shadow
}
cylinder {
	<26.045986, 43.658215, 34.649174>,  <25.917065, 43.780556, 34.487892>, 0.100000
	pigment { color rgbt <1,0,0,0> }
	no_shadow
}
cylinder {
	<26.045986, 43.658215, 34.649174>,  <26.260855, 43.454311, 34.917976>, 0.100000
	pigment { color rgbt <1,0,0,0> }
	no_shadow
}

// particle -1
sphere {
	<26.045986, 43.658215, 34.649174> 0.100000
	pigment { color rgbt <1,0,0,0> }
	no_shadow
}
sphere {
	0, 1
	scale<0.080000,0.200000,0.300000>
	matrix <0.721735, 0.690104, -0.053435,
		0.436517, -0.513717, -0.738612,
		-0.537170, 0.509757, -0.672010,
		25.884836, 43.811142, 34.447571>
	pigment { color rgbt <0,1,1,0> }
	no_shadow
}
cylinder {
	<26.708551, 43.683609, 34.311462>,  <26.260855, 43.454311, 34.917976>, 0.130000
	pigment { color rgbt <1,0,0,0> }
	no_shadow
}

// nucleotide -1

// particle -1
sphere {
	<26.708551, 43.683609, 34.311462> 0.250000
	pigment { color rgbt <1,0,0,0> }
	no_shadow
}
cylinder {
	<26.397020, 43.913052, 34.412975>,  <26.210102, 44.050716, 34.473885>, 0.100000
	pigment { color rgbt <1,0,0,0> }
	no_shadow
}
cylinder {
	<26.397020, 43.913052, 34.412975>,  <26.708551, 43.683609, 34.311462>, 0.100000
	pigment { color rgbt <1,0,0,0> }
	no_shadow
}

// particle -1
sphere {
	<26.397020, 43.913052, 34.412975> 0.100000
	pigment { color rgbt <1,0,0,0> }
	no_shadow
}
sphere {
	0, 1
	scale<0.080000,0.200000,0.300000>
	matrix <0.589629, 0.807522, -0.015683,
		-0.213930, 0.137423, -0.967134,
		-0.778827, 0.573606, 0.253782,
		26.163372, 44.085133, 34.489109>
	pigment { color rgbt <0,1,1,0> }
	no_shadow
}
cylinder {
	<26.756609, 44.244293, 33.796341>,  <26.708551, 43.683609, 34.311462>, 0.130000
	pigment { color rgbt <1,0,0,0> }
	no_shadow
}

// nucleotide -1

// particle -1
sphere {
	<26.756609, 44.244293, 33.796341> 0.250000
	pigment { color rgbt <1,0,0,0> }
	no_shadow
}
cylinder {
	<26.561119, 44.368374, 34.122513>,  <26.443825, 44.442822, 34.318214>, 0.100000
	pigment { color rgbt <1,0,0,0> }
	no_shadow
}
cylinder {
	<26.561119, 44.368374, 34.122513>,  <26.756609, 44.244293, 33.796341>, 0.100000
	pigment { color rgbt <1,0,0,0> }
	no_shadow
}

// particle -1
sphere {
	<26.561119, 44.368374, 34.122513> 0.100000
	pigment { color rgbt <1,0,0,0> }
	no_shadow
}
sphere {
	0, 1
	scale<0.080000,0.200000,0.300000>
	matrix <0.587031, 0.808350, 0.044324,
		-0.645401, 0.500343, -0.577161,
		-0.488725, 0.310205, 0.815427,
		26.414501, 44.461433, 34.367142>
	pigment { color rgbt <0,1,1,0> }
	no_shadow
}
cylinder {
	<27.281216, 44.633415, 34.112526>,  <26.756609, 44.244293, 33.796341>, 0.130000
	pigment { color rgbt <1,0,0,0> }
	no_shadow
}

// nucleotide -1

// particle -1
sphere {
	<27.281216, 44.633415, 34.112526> 0.250000
	pigment { color rgbt <1,0,0,0> }
	no_shadow
}
cylinder {
	<27.111879, 44.408279, 34.396496>,  <27.010277, 44.273197, 34.566879>, 0.100000
	pigment { color rgbt <1,0,0,0> }
	no_shadow
}
cylinder {
	<27.111879, 44.408279, 34.396496>,  <27.281216, 44.633415, 34.112526>, 0.100000
	pigment { color rgbt <1,0,0,0> }
	no_shadow
}

// particle -1
sphere {
	<27.111879, 44.408279, 34.396496> 0.100000
	pigment { color rgbt <1,0,0,0> }
	no_shadow
}
sphere {
	0, 1
	scale<0.080000,0.200000,0.300000>
	matrix <0.707019, -0.695223, -0.129573,
		0.566485, 0.447078, 0.692254,
		-0.423341, -0.562838, 0.709926,
		26.984877, 44.239429, 34.609474>
	pigment { color rgbt <0,1,1,0> }
	no_shadow
}
cylinder {
	<27.710537, 44.365639, 34.629089>,  <27.281216, 44.633415, 34.112526>, 0.130000
	pigment { color rgbt <1,0,0,0> }
	no_shadow
}

// nucleotide -1

// particle -1
sphere {
	<27.710537, 44.365639, 34.629089> 0.250000
	pigment { color rgbt <1,0,0,0> }
	no_shadow
}
cylinder {
	<27.425316, 44.085274, 34.635834>,  <27.254183, 43.917057, 34.639881>, 0.100000
	pigment { color rgbt <1,0,0,0> }
	no_shadow
}
cylinder {
	<27.425316, 44.085274, 34.635834>,  <27.710537, 44.365639, 34.629089>, 0.100000
	pigment { color rgbt <1,0,0,0> }
	no_shadow
}

// particle -1
sphere {
	<27.425316, 44.085274, 34.635834> 0.100000
	pigment { color rgbt <1,0,0,0> }
	no_shadow
}
sphere {
	0, 1
	scale<0.080000,0.200000,0.300000>
	matrix <0.689466, -0.705368, -0.164601,
		0.127263, -0.105744, 0.986216,
		-0.713050, -0.700910, 0.016861,
		27.211401, 43.875000, 34.640892>
	pigment { color rgbt <0,1,1,0> }
	no_shadow
}
cylinder {
	<27.991516, 43.975395, 35.245419>,  <27.710537, 44.365639, 34.629089>, 0.130000
	pigment { color rgbt <1,0,0,0> }
	no_shadow
}

// nucleotide -1

// particle -1
sphere {
	<27.991516, 43.975395, 35.245419> 0.250000
	pigment { color rgbt <1,0,0,0> }
	no_shadow
}
cylinder {
	<27.783936, 43.786282, 34.960556>,  <27.659388, 43.672813, 34.789639>, 0.100000
	pigment { color rgbt <1,0,0,0> }
	no_shadow
}
cylinder {
	<27.783936, 43.786282, 34.960556>,  <27.991516, 43.975395, 35.245419>, 0.100000
	pigment { color rgbt <1,0,0,0> }
	no_shadow
}

// particle -1
sphere {
	<27.783936, 43.786282, 34.960556> 0.100000
	pigment { color rgbt <1,0,0,0> }
	no_shadow
}
sphere {
	0, 1
	scale<0.080000,0.200000,0.300000>
	matrix <0.798529, -0.565419, -0.206527,
		-0.305025, -0.675855, 0.670955,
		-0.518953, -0.472781, -0.712156,
		27.628250, 43.644447, 34.746910>
	pigment { color rgbt <0,1,1,0> }
	no_shadow
}
cylinder {
	<28.305189, 44.299690, 35.764523>,  <27.991516, 43.975395, 35.245419>, 0.130000
	pigment { color rgbt <1,0,0,0> }
	no_shadow
}

// nucleotide -1

// particle -1
sphere {
	<28.305189, 44.299690, 35.764523> 0.250000
	pigment { color rgbt <1,0,0,0> }
	no_shadow
}
cylinder {
	<28.397274, 44.189308, 36.137798>,  <28.452524, 44.123077, 36.361763>, 0.100000
	pigment { color rgbt <1,0,0,0> }
	no_shadow
}
cylinder {
	<28.397274, 44.189308, 36.137798>,  <28.305189, 44.299690, 35.764523>, 0.100000
	pigment { color rgbt <1,0,0,0> }
	no_shadow
}

// particle -1
sphere {
	<28.397274, 44.189308, 36.137798> 0.100000
	pigment { color rgbt <1,0,0,0> }
	no_shadow
}
sphere {
	0, 1
	scale<0.080000,0.200000,0.300000>
	matrix <0.095187, -0.947967, -0.303807,
		0.968474, 0.158768, -0.191966,
		0.230212, -0.275956, 0.933194,
		28.466337, 44.106522, 36.417755>
	pigment { color rgbt <0,1,1,0> }
	no_shadow
}
cylinder {
	<28.930408, 43.913128, 35.861557>,  <28.305189, 44.299690, 35.764523>, 0.130000
	pigment { color rgbt <1,0,0,0> }
	no_shadow
}

// nucleotide -1

// particle -1
sphere {
	<28.930408, 43.913128, 35.861557> 0.250000
	pigment { color rgbt <1,0,0,0> }
	no_shadow
}
cylinder {
	<28.753407, 43.777195, 36.193512>,  <28.647205, 43.695637, 36.392685>, 0.100000
	pigment { color rgbt <1,0,0,0> }
	no_shadow
}
cylinder {
	<28.753407, 43.777195, 36.193512>,  <28.930408, 43.913128, 35.861557>, 0.100000
	pigment { color rgbt <1,0,0,0> }
	no_shadow
}

// particle -1
sphere {
	<28.753407, 43.777195, 36.193512> 0.100000
	pigment { color rgbt <1,0,0,0> }
	no_shadow
}
sphere {
	0, 1
	scale<0.080000,0.200000,0.300000>
	matrix <0.138096, -0.940202, -0.311368,
		0.886070, -0.023178, 0.462972,
		-0.442504, -0.339828, 0.829884,
		28.620655, 43.675247, 36.442478>
	pigment { color rgbt <0,1,1,0> }
	no_shadow
}
cylinder {
	<29.362770, 43.601898, 36.444851>,  <28.930408, 43.913128, 35.861557>, 0.130000
	pigment { color rgbt <1,0,0,0> }
	no_shadow
}

// nucleotide -1

// particle -1
sphere {
	<29.362770, 43.601898, 36.444851> 0.250000
	pigment { color rgbt <1,0,0,0> }
	no_shadow
}
cylinder {
	<28.988405, 43.469406, 36.396931>,  <28.763786, 43.389912, 36.368179>, 0.100000
	pigment { color rgbt <1,0,0,0> }
	no_shadow
}
cylinder {
	<28.988405, 43.469406, 36.396931>,  <29.362770, 43.601898, 36.444851>, 0.100000
	pigment { color rgbt <1,0,0,0> }
	no_shadow
}

// particle -1
sphere {
	<28.988405, 43.469406, 36.396931> 0.100000
	pigment { color rgbt <1,0,0,0> }
	no_shadow
}
sphere {
	0, 1
	scale<0.080000,0.200000,0.300000>
	matrix <0.347054, -0.809077, -0.474287,
		0.060175, -0.485467, 0.872181,
		-0.935913, -0.331234, -0.119798,
		28.707632, 43.370037, 36.360992>
	pigment { color rgbt <0,1,1,0> }
	no_shadow
}
cylinder {
	<29.419592, 42.798561, 36.520649>,  <29.362770, 43.601898, 36.444851>, 0.130000
	pigment { color rgbt <1,0,0,0> }
	no_shadow
}

// nucleotide -1

// particle -1
sphere {
	<29.419592, 42.798561, 36.520649> 0.250000
	pigment { color rgbt <1,0,0,0> }
	no_shadow
}
cylinder {
	<29.048595, 42.825699, 36.373592>,  <28.825998, 42.841984, 36.285358>, 0.100000
	pigment { color rgbt <1,0,0,0> }
	no_shadow
}
cylinder {
	<29.048595, 42.825699, 36.373592>,  <29.419592, 42.798561, 36.520649>, 0.100000
	pigment { color rgbt <1,0,0,0> }
	no_shadow
}

// particle -1
sphere {
	<29.048595, 42.825699, 36.373592> 0.100000
	pigment { color rgbt <1,0,0,0> }
	no_shadow
}
sphere {
	0, 1
	scale<0.080000,0.200000,0.300000>
	matrix <0.020816, -0.972495, -0.231990,
		-0.373270, -0.222821, 0.900566,
		-0.927489, 0.067849, -0.367642,
		28.770350, 42.846054, 36.263298>
	pigment { color rgbt <0,1,1,0> }
	no_shadow
}
cylinder {
	<29.159815, 42.236431, 36.769241>,  <29.419592, 42.798561, 36.520649>, 0.130000
	pigment { color rgbt <1,0,0,0> }
	no_shadow
}

// nucleotide -1

// particle -1
sphere {
	<29.159815, 42.236431, 36.769241> 0.250000
	pigment { color rgbt <1,0,0,0> }
	no_shadow
}
cylinder {
	<28.882671, 42.318382, 36.492699>,  <28.716385, 42.367554, 36.326775>, 0.100000
	pigment { color rgbt <1,0,0,0> }
	no_shadow
}
cylinder {
	<28.882671, 42.318382, 36.492699>,  <29.159815, 42.236431, 36.769241>, 0.100000
	pigment { color rgbt <1,0,0,0> }
	no_shadow
}

// particle -1
sphere {
	<28.882671, 42.318382, 36.492699> 0.100000
	pigment { color rgbt <1,0,0,0> }
	no_shadow
}
sphere {
	0, 1
	scale<0.080000,0.200000,0.300000>
	matrix <-0.188774, -0.976884, -0.100305,
		-0.695924, 0.061012, 0.715519,
		-0.692859, 0.204876, -0.691355,
		28.674814, 42.379845, 36.285294>
	pigment { color rgbt <0,1,1,0> }
	no_shadow
}
cylinder {
	<28.626690, 41.694397, 36.868843>,  <29.159815, 42.236431, 36.769241>, 0.130000
	pigment { color rgbt <1,0,0,0> }
	no_shadow
}

// nucleotide -1

// particle -1
sphere {
	<28.626690, 41.694397, 36.868843> 0.250000
	pigment { color rgbt <1,0,0,0> }
	no_shadow
}
cylinder {
	<28.545607, 41.827206, 36.500351>,  <28.496956, 41.906891, 36.279255>, 0.100000
	pigment { color rgbt <1,0,0,0> }
	no_shadow
}
cylinder {
	<28.545607, 41.827206, 36.500351>,  <28.626690, 41.694397, 36.868843>, 0.100000
	pigment { color rgbt <1,0,0,0> }
	no_shadow
}

// particle -1
sphere {
	<28.545607, 41.827206, 36.500351> 0.100000
	pigment { color rgbt <1,0,0,0> }
	no_shadow
}
sphere {
	0, 1
	scale<0.080000,0.200000,0.300000>
	matrix <-0.290523, -0.918798, -0.267222,
		-0.935150, 0.213470, 0.282710,
		-0.202710, 0.332026, -0.921231,
		28.484795, 41.926815, 36.223980>
	pigment { color rgbt <0,1,1,0> }
	no_shadow
}
cylinder {
	<28.020065, 41.450272, 36.767578>,  <28.626690, 41.694397, 36.868843>, 0.130000
	pigment { color rgbt <1,0,0,0> }
	no_shadow
}

// nucleotide -1

// particle -1
sphere {
	<28.020065, 41.450272, 36.767578> 0.250000
	pigment { color rgbt <1,0,0,0> }
	no_shadow
}
cylinder {
	<28.187487, 41.510124, 36.409267>,  <28.287939, 41.546036, 36.194279>, 0.100000
	pigment { color rgbt <1,0,0,0> }
	no_shadow
}
cylinder {
	<28.187487, 41.510124, 36.409267>,  <28.020065, 41.450272, 36.767578>, 0.100000
	pigment { color rgbt <1,0,0,0> }
	no_shadow
}

// particle -1
sphere {
	<28.187487, 41.510124, 36.409267> 0.100000
	pigment { color rgbt <1,0,0,0> }
	no_shadow
}
sphere {
	0, 1
	scale<0.080000,0.200000,0.300000>
	matrix <-0.405728, -0.851628, -0.331836,
		-0.812527, 0.502334, -0.295739,
		0.418552, 0.149636, -0.895781,
		28.313053, 41.555016, 36.140533>
	pigment { color rgbt <0,1,1,0> }
	no_shadow
}
cylinder {
	<27.665344, 41.123253, 36.379158>,  <28.020065, 41.450272, 36.767578>, 0.130000
	pigment { color rgbt <1,0,0,0> }
	no_shadow
}

// nucleotide -1

// particle -1
sphere {
	<27.665344, 41.123253, 36.379158> 0.250000
	pigment { color rgbt <1,0,0,0> }
	no_shadow
}
cylinder {
	<27.950760, 41.196552, 36.108665>,  <28.122009, 41.240532, 35.946369>, 0.100000
	pigment { color rgbt <1,0,0,0> }
	no_shadow
}
cylinder {
	<27.950760, 41.196552, 36.108665>,  <27.665344, 41.123253, 36.379158>, 0.100000
	pigment { color rgbt <1,0,0,0> }
	no_shadow
}

// particle -1
sphere {
	<27.950760, 41.196552, 36.108665> 0.100000
	pigment { color rgbt <1,0,0,0> }
	no_shadow
}
sphere {
	0, 1
	scale<0.080000,0.200000,0.300000>
	matrix <-0.253088, -0.832600, -0.492671,
		-0.653306, 0.522685, -0.547715,
		0.713539, 0.183245, -0.676227,
		28.164822, 41.251526, 35.905796>
	pigment { color rgbt <0,1,1,0> }
	no_shadow
}
cylinder {
	<27.375319, 40.968521, 35.722935>,  <27.665344, 41.123253, 36.379158>, 0.130000
	pigment { color rgbt <1,0,0,0> }
	no_shadow
}

// nucleotide -1

// particle -1
sphere {
	<27.375319, 40.968521, 35.722935> 0.250000
	pigment { color rgbt <1,0,0,0> }
	no_shadow
}
cylinder {
	<27.772400, 40.939400, 35.684494>,  <28.010649, 40.921928, 35.661430>, 0.100000
	pigment { color rgbt <1,0,0,0> }
	no_shadow
}
cylinder {
	<27.772400, 40.939400, 35.684494>,  <27.375319, 40.968521, 35.722935>, 0.100000
	pigment { color rgbt <1,0,0,0> }
	no_shadow
}

// particle -1
sphere {
	<27.772400, 40.939400, 35.684494> 0.100000
	pigment { color rgbt <1,0,0,0> }
	no_shadow
}
sphere {
	0, 1
	scale<0.080000,0.200000,0.300000>
	matrix <-0.103312, -0.924566, -0.366749,
		-0.062156, 0.374003, -0.925343,
		0.992705, -0.072803, -0.096106,
		28.070211, 40.917561, 35.655663>
	pigment { color rgbt <0,1,1,0> }
	no_shadow
}
cylinder {
	<27.515135, 40.626045, 35.063347>,  <27.375319, 40.968521, 35.722935>, 0.130000
	pigment { color rgbt <1,0,0,0> }
	no_shadow
}

// nucleotide -1

// particle -1
sphere {
	<27.515135, 40.626045, 35.063347> 0.250000
	pigment { color rgbt <1,0,0,0> }
	no_shadow
}
cylinder {
	<27.849194, 40.572182, 35.276661>,  <28.049629, 40.539864, 35.404652>, 0.100000
	pigment { color rgbt <1,0,0,0> }
	no_shadow
}
cylinder {
	<27.849194, 40.572182, 35.276661>,  <27.515135, 40.626045, 35.063347>, 0.100000
	pigment { color rgbt <1,0,0,0> }
	no_shadow
}

// particle -1
sphere {
	<27.849194, 40.572182, 35.276661> 0.100000
	pigment { color rgbt <1,0,0,0> }
	no_shadow
}
sphere {
	0, 1
	scale<0.080000,0.200000,0.300000>
	matrix <0.071392, -0.934825, -0.347857,
		0.545374, 0.328584, -0.771103,
		0.835147, -0.134662, 0.533287,
		28.099737, 40.531784, 35.436646>
	pigment { color rgbt <0,1,1,0> }
	no_shadow
}
cylinder {
	<27.965380, 40.301579, 34.582939>,  <27.515135, 40.626045, 35.063347>, 0.130000
	pigment { color rgbt <1,0,0,0> }
	no_shadow
}

// nucleotide -1

// particle -1
sphere {
	<27.965380, 40.301579, 34.582939> 0.250000
	pigment { color rgbt <1,0,0,0> }
	no_shadow
}
cylinder {
	<28.112095, 40.218975, 34.945778>,  <28.200125, 40.169411, 35.163479>, 0.100000
	pigment { color rgbt <1,0,0,0> }
	no_shadow
}
cylinder {
	<28.112095, 40.218975, 34.945778>,  <27.965380, 40.301579, 34.582939>, 0.100000
	pigment { color rgbt <1,0,0,0> }
	no_shadow
}

// particle -1
sphere {
	<28.112095, 40.218975, 34.945778> 0.100000
	pigment { color rgbt <1,0,0,0> }
	no_shadow
}
sphere {
	0, 1
	scale<0.080000,0.200000,0.300000>
