// switches for output
#declare DRAW_BASES = 1; // possible values are 0, 1; only relevant for DNA ribbons
#declare DRAW_BASES_TYPE = 3; // possible values are 1, 2, 3; only relevant for DNA ribbons
#declare DRAW_FOG = 0; // set to 1 to enable fog

#include "colors.inc"

#include "transforms.inc"
background { rgb <1, 1, 1>}

#default {
   normal{
       ripples 0.25
       frequency 0.20
       turbulence 0.2
       lambda 5
   }
	finish {
		phong 0.1
		phong_size 40.
	}
}

// original window dimensions: 1024x640


// camera settings

camera {
	sky <0, 0.179814, -0.983701>
	up <0, 0.179814, -0.983701>
	right 1.6 * <1, 0, 0>
	location <35, 94.9851, 44.8844>
	look_at <35, 29.7336, 32.9568>
	direction <0, -65.2515, -11.9276>
	angle 67.0682
}


# declare cpy_camera_pos = <35, 94.9851, 44.8844>;
# if (DRAW_FOG = 1)
fog {
	fog_type 2
	up vnormalize(cpy_camera_pos)
	color rgbt<1,1,1,0.3>
	distance 1e-5
	fog_alt 3e-3
	fog_offset 56
}
# end


// LIGHTS

# declare lum = 6;
global_settings {
	ambient_light rgb lum * <0.05, 0.05, 0.05>
	max_trace_level 15
}# declare cpy_direct_light_amount = 0.25;
light_source
{	1000 * <-1, -1.16352, -0.803886>,
	rgb lum * cpy_direct_light_amount
	parallel
}

light_source
{	1000 * <1, 1.16352, 0.803886>,
	rgb lum * cpy_direct_light_amount
	parallel
}

// strand 0

// nucleotide -1

// particle -1
sphere {
	<24.122841, 35.412739, 35.369373> 0.250000
	pigment { color rgbt <1,0,0,0> }
	no_shadow
}
cylinder {
	<24.278591, 35.340031, 35.008186>,  <24.372042, 35.296406, 34.791473>, 0.100000
	pigment { color rgbt <1,0,0,0> }
	no_shadow
}
cylinder {
	<24.278591, 35.340031, 35.008186>,  <24.122841, 35.412739, 35.369373>, 0.100000
	pigment { color rgbt <1,0,0,0> }
	no_shadow
}

// particle -1
sphere {
	<24.278591, 35.340031, 35.008186> 0.100000
	pigment { color rgbt <1,0,0,0> }
	no_shadow
}
sphere {
	0, 1
	scale<0.080000,0.200000,0.300000>
	matrix <0.814698, -0.389391, 0.429699,
		-0.429713, -0.902959, -0.003531,
		0.389375, -0.181771, -0.902965,
		24.395405, 35.285500, 34.737297>
	pigment { color rgbt <0,1,1,0> }
	no_shadow
}
cylinder {
	<24.325430, 34.677551, 35.294556>,  <24.122841, 35.412739, 35.369373>, 0.130000
	pigment { color rgbt <1,0,0,0> }
	no_shadow
}

// nucleotide -1

// particle -1
sphere {
	<24.325430, 34.677551, 35.294556> 0.250000
	pigment { color rgbt <1,0,0,0> }
	no_shadow
}
cylinder {
	<24.551077, 34.929882, 35.081455>,  <24.686464, 35.081280, 34.953594>, 0.100000
	pigment { color rgbt <1,0,0,0> }
	no_shadow
}
cylinder {
	<24.551077, 34.929882, 35.081455>,  <24.325430, 34.677551, 35.294556>, 0.100000
	pigment { color rgbt <1,0,0,0> }
	no_shadow
}

// particle -1
sphere {
	<24.551077, 34.929882, 35.081455> 0.100000
	pigment { color rgbt <1,0,0,0> }
	no_shadow
}
sphere {
	0, 1
	scale<0.080000,0.200000,0.300000>
	matrix <0.822370, -0.371415, 0.430997,
		0.074011, -0.681255, -0.728295,
		0.564118, 0.630827, -0.532755,
		24.720312, 35.119129, 34.921627>
	pigment { color rgbt <0,1,1,0> }
	no_shadow
}
cylinder {
	<24.861933, 34.248444, 34.954891>,  <24.325430, 34.677551, 35.294556>, 0.130000
	pigment { color rgbt <1,0,0,0> }
	no_shadow
}

// nucleotide -1

// particle -1
sphere {
	<24.861933, 34.248444, 34.954891> 0.250000
	pigment { color rgbt <1,0,0,0> }
	no_shadow
}
cylinder {
	<24.979513, 34.619827, 35.045708>,  <25.050062, 34.842659, 35.100197>, 0.100000
	pigment { color rgbt <1,0,0,0> }
	no_shadow
}
cylinder {
	<24.979513, 34.619827, 35.045708>,  <24.861933, 34.248444, 34.954891>, 0.100000
	pigment { color rgbt <1,0,0,0> }
	no_shadow
}

// particle -1
sphere {
	<24.979513, 34.619827, 35.045708> 0.100000
	pigment { color rgbt <1,0,0,0> }
	no_shadow
}
sphere {
	0, 1
	scale<0.080000,0.200000,0.300000>
	matrix <0.773230, -0.370627, 0.514540,
		0.561880, 0.024306, -0.826862,
		0.293951, 0.928464, 0.227042,
		25.067698, 34.898365, 35.113819>
	pigment { color rgbt <0,1,1,0> }
	no_shadow
}
cylinder {
	<25.456421, 33.923000, 34.638844>,  <24.861933, 34.248444, 34.954891>, 0.130000
	pigment { color rgbt <1,0,0,0> }
	no_shadow
}

// nucleotide -1

// particle -1
sphere {
	<25.456421, 33.923000, 34.638844> 0.250000
	pigment { color rgbt <1,0,0,0> }
	no_shadow
}
cylinder {
	<25.837313, 34.028458, 34.700493>,  <26.065847, 34.091732, 34.737484>, 0.100000
	pigment { color rgbt <1,0,0,0> }
	no_shadow
}
cylinder {
	<25.837313, 34.028458, 34.700493>,  <25.456421, 33.923000, 34.638844>, 0.100000
	pigment { color rgbt <1,0,0,0> }
	no_shadow
}

// particle -1
sphere {
	<25.837313, 34.028458, 34.700493> 0.100000
	pigment { color rgbt <1,0,0,0> }
	no_shadow
}
sphere {
	0, 1
	scale<0.080000,0.200000,0.300000>
	matrix <0.110697, 0.172390, -0.978789,
		-0.284620, 0.949091, 0.134970,
		0.952228, 0.263643, 0.154127,
		26.122980, 34.107552, 34.746731>
	pigment { color rgbt <0,1,1,0> }
	no_shadow
}
cylinder {
	<25.447193, 34.581322, 34.426048>,  <25.456421, 33.923000, 34.638844>, 0.130000
	pigment { color rgbt <1,0,0,0> }
	no_shadow
}

// nucleotide -1

// particle -1
sphere {
	<25.447193, 34.581322, 34.426048> 0.250000
	pigment { color rgbt <1,0,0,0> }
	no_shadow
}
cylinder {
	<25.813482, 34.421535, 34.408710>,  <26.033255, 34.325665, 34.398308>, 0.100000
	pigment { color rgbt <1,0,0,0> }
	no_shadow
}
cylinder {
	<25.813482, 34.421535, 34.408710>,  <25.447193, 34.581322, 34.426048>, 0.100000
	pigment { color rgbt <1,0,0,0> }
	no_shadow
}

// particle -1
sphere {
	<25.813482, 34.421535, 34.408710> 0.100000
	pigment { color rgbt <1,0,0,0> }
	no_shadow
}
sphere {
	0, 1
	scale<0.080000,0.200000,0.300000>
	matrix <-0.003490, 0.099954, -0.994986,
		0.401798, 0.911281, 0.090136,
		0.915722, -0.399469, -0.043342,
		26.088200, 34.301693, 34.395706>
	pigment { color rgbt <0,1,1,0> }
	no_shadow
}
cylinder {
	<25.917206, 35.065151, 33.965282>,  <25.447193, 34.581322, 34.426048>, 0.130000
	pigment { color rgbt <1,0,0,0> }
	no_shadow
}

// nucleotide -1

// particle -1
sphere {
	<25.917206, 35.065151, 33.965282> 0.250000
	pigment { color rgbt <1,0,0,0> }
	no_shadow
}
cylinder {
	<26.070595, 34.695927, 33.977303>,  <26.162628, 34.474392, 33.984516>, 0.100000
	pigment { color rgbt <1,0,0,0> }
	no_shadow
}
cylinder {
	<26.070595, 34.695927, 33.977303>,  <25.917206, 35.065151, 33.965282>, 0.100000
	pigment { color rgbt <1,0,0,0> }
	no_shadow
}

// particle -1
sphere {
	<26.070595, 34.695927, 33.977303> 0.100000
	pigment { color rgbt <1,0,0,0> }
	no_shadow
}
sphere {
	0, 1
	scale<0.080000,0.200000,0.300000>
	matrix <0.145613, 0.028295, -0.988937,
		0.912001, 0.383605, 0.145260,
		0.383472, -0.923064, 0.030053,
		26.185637, 34.419006, 33.986317>
	pigment { color rgbt <0,1,1,0> }
	no_shadow
}
cylinder {
	<26.427347, 34.999718, 33.401653>,  <25.917206, 35.065151, 33.965282>, 0.130000
	pigment { color rgbt <1,0,0,0> }
	no_shadow
}

// nucleotide -1

// particle -1
sphere {
	<26.427347, 34.999718, 33.401653> 0.250000
	pigment { color rgbt <1,0,0,0> }
	no_shadow
}
cylinder {
	<26.374882, 34.610752, 33.478817>,  <26.343403, 34.377373, 33.525116>, 0.100000
	pigment { color rgbt <1,0,0,0> }
	no_shadow
}
cylinder {
	<26.374882, 34.610752, 33.478817>,  <26.427347, 34.999718, 33.401653>, 0.100000
	pigment { color rgbt <1,0,0,0> }
	no_shadow
}

// particle -1
sphere {
	<26.374882, 34.610752, 33.478817> 0.100000
	pigment { color rgbt <1,0,0,0> }
	no_shadow
}
sphere {
	0, 1
	scale<0.080000,0.200000,0.300000>
	matrix <0.050512, -0.200897, -0.978309,
		0.990073, -0.118575, 0.075469,
		-0.131165, -0.972410, 0.192913,
		26.335533, 34.319031, 33.536690>
	pigment { color rgbt <0,1,1,0> }
	no_shadow
}
cylinder {
	<27.004114, 34.482479, 32.997253>,  <26.427347, 34.999718, 33.401653>, 0.130000
	pigment { color rgbt <1,0,0,0> }
	no_shadow
}

// nucleotide -1

// particle -1
sphere {
	<27.004114, 34.482479, 32.997253> 0.250000
	pigment { color rgbt <1,0,0,0> }
	no_shadow
}
cylinder {
	<26.700214, 34.233917, 33.073811>,  <26.517874, 34.084778, 33.119747>, 0.100000
	pigment { color rgbt <1,0,0,0> }
	no_shadow
}
cylinder {
	<26.700214, 34.233917, 33.073811>,  <27.004114, 34.482479, 32.997253>, 0.100000
	pigment { color rgbt <1,0,0,0> }
	no_shadow
}

// particle -1
sphere {
	<26.700214, 34.233917, 33.073811> 0.100000
	pigment { color rgbt <1,0,0,0> }
	no_shadow
}
sphere {
	0, 1
	scale<0.080000,0.200000,0.300000>
	matrix <0.102873, -0.405527, -0.908276,
		0.642025, -0.670374, 0.372026,
		-0.759751, -0.621407, 0.191395,
		26.472290, 34.047497, 33.131229>
	pigment { color rgbt <0,1,1,0> }
	no_shadow
}
cylinder {
	<27.193001, 33.854568, 32.664909>,  <27.004114, 34.482479, 32.997253>, 0.130000
	pigment { color rgbt <1,0,0,0> }
	no_shadow
}

// nucleotide -1

// particle -1
sphere {
	<27.193001, 33.854568, 32.664909> 0.250000
	pigment { color rgbt <1,0,0,0> }
	no_shadow
}
cylinder {
	<26.813803, 33.743660, 32.727425>,  <26.586285, 33.677113, 32.764935>, 0.100000
	pigment { color rgbt <1,0,0,0> }
	no_shadow
}
cylinder {
	<26.813803, 33.743660, 32.727425>,  <27.193001, 33.854568, 32.664909>, 0.100000
	pigment { color rgbt <1,0,0,0> }
	no_shadow
}

// particle -1
sphere {
	<26.813803, 33.743660, 32.727425> 0.100000
	pigment { color rgbt <1,0,0,0> }
	no_shadow
}
sphere {
	0, 1
	scale<0.080000,0.200000,0.300000>
	matrix <0.025750, -0.556236, -0.830626,
		0.317247, -0.783403, 0.534447,
		-0.947994, -0.277275, 0.156292,
		26.529406, 33.660477, 32.774311>
	pigment { color rgbt <0,1,1,0> }
	no_shadow
}
cylinder {
	<27.133606, 33.105076, 32.634880>,  <27.193001, 33.854568, 32.664909>, 0.130000
	pigment { color rgbt <1,0,0,0> }
	no_shadow
}

// nucleotide -1

// particle -1
sphere {
	<27.133606, 33.105076, 32.634880> 0.250000
	pigment { color rgbt <1,0,0,0> }
	no_shadow
}
cylinder {
	<26.760605, 33.222385, 32.550568>,  <26.536804, 33.292770, 32.499981>, 0.100000
	pigment { color rgbt <1,0,0,0> }
	no_shadow
}
cylinder {
	<26.760605, 33.222385, 32.550568>,  <27.133606, 33.105076, 32.634880>, 0.100000
	pigment { color rgbt <1,0,0,0> }
	no_shadow
}

// particle -1
sphere {
	<26.760605, 33.222385, 32.550568> 0.100000
	pigment { color rgbt <1,0,0,0> }
	no_shadow
}
sphere {
	0, 1
	scale<0.080000,0.200000,0.300000>
	matrix <-0.019054, -0.622753, -0.782187,
		-0.360659, -0.725375, 0.586307,
		-0.932503, 0.293274, -0.210780,
		26.480854, 33.310368, 32.487335>
	pigment { color rgbt <0,1,1,0> }
	no_shadow
}
cylinder {
	<26.775745, 32.486557, 32.458050>,  <27.133606, 33.105076, 32.634880>, 0.130000
	pigment { color rgbt <1,0,0,0> }
	no_shadow
}

// nucleotide -1

// particle -1
sphere {
	<26.775745, 32.486557, 32.458050> 0.250000
	pigment { color rgbt <1,0,0,0> }
	no_shadow
}
cylinder {
	<26.560637, 32.788643, 32.308144>,  <26.431572, 32.969894, 32.218201>, 0.100000
	pigment { color rgbt <1,0,0,0> }
	no_shadow
}
cylinder {
	<26.560637, 32.788643, 32.308144>,  <26.775745, 32.486557, 32.458050>, 0.100000
	pigment { color rgbt <1,0,0,0> }
	no_shadow
}

// particle -1
sphere {
	<26.560637, 32.788643, 32.308144> 0.100000
	pigment { color rgbt <1,0,0,0> }
	no_shadow
}
sphere {
	0, 1
	scale<0.080000,0.200000,0.300000>
	matrix <-0.167147, -0.531191, -0.830601,
		-0.826357, -0.384032, 0.411891,
		-0.537770, 0.755219, -0.374763,
		26.399305, 33.015209, 32.195713>
	pigment { color rgbt <0,1,1,0> }
	no_shadow
}
cylinder {
	<26.203362, 32.125290, 32.258308>,  <26.775745, 32.486557, 32.458050>, 0.130000
	pigment { color rgbt <1,0,0,0> }
	no_shadow
}

// nucleotide -1

// particle -1
sphere {
	<26.203362, 32.125290, 32.258308> 0.250000
	pigment { color rgbt <1,0,0,0> }
	no_shadow
}
cylinder {
	<26.205736, 32.481575, 32.076500>,  <26.207161, 32.695347, 31.967415>, 0.100000
	pigment { color rgbt <1,0,0,0> }
	no_shadow
}
cylinder {
	<26.205736, 32.481575, 32.076500>,  <26.203362, 32.125290, 32.258308>, 0.100000
	pigment { color rgbt <1,0,0,0> }
	no_shadow
}

// particle -1
sphere {
	<26.205736, 32.481575, 32.076500> 0.100000
	pigment { color rgbt <1,0,0,0> }
	no_shadow
}
sphere {
	0, 1
	scale<0.080000,0.200000,0.300000>
	matrix <-0.211627, -0.443116, -0.871127,
		-0.977332, 0.101362, 0.185869,
		0.005938, 0.890715, -0.454523,
		26.207518, 32.748791, 31.940144>
	pigment { color rgbt <0,1,1,0> }
	no_shadow
}
cylinder {
	<25.596025, 32.160038, 31.725227>,  <26.203362, 32.125290, 32.258308>, 0.130000
	pigment { color rgbt <1,0,0,0> }
	no_shadow
}

// nucleotide -1

// particle -1
sphere {
	<25.596025, 32.160038, 31.725227> 0.250000
	pigment { color rgbt <1,0,0,0> }
	no_shadow
}
cylinder {
	<25.835278, 32.449776, 31.588074>,  <25.978828, 32.623619, 31.505781>, 0.100000
	pigment { color rgbt <1,0,0,0> }
	no_shadow
}
cylinder {
	<25.835278, 32.449776, 31.588074>,  <25.596025, 32.160038, 31.725227>, 0.100000
	pigment { color rgbt <1,0,0,0> }
	no_shadow
}

// particle -1
sphere {
	<25.835278, 32.449776, 31.588074> 0.100000
	pigment { color rgbt <1,0,0,0> }
	no_shadow
}
sphere {
	0, 1
	scale<0.080000,0.200000,0.300000>
	matrix <-0.142357, -0.325016, -0.934932,
		-0.788655, 0.608021, -0.091286,
		0.598128, 0.724344, -0.342882,
		26.014715, 32.667080, 31.485209>
	pigment { color rgbt <0,1,1,0> }
	no_shadow
}
cylinder {
	<25.212015, 32.585728, 31.264780>,  <25.596025, 32.160038, 31.725227>, 0.130000
	pigment { color rgbt <1,0,0,0> }
	no_shadow
}

// nucleotide -1

// particle -1
sphere {
	<25.212015, 32.585728, 31.264780> 0.250000
	pigment { color rgbt <1,0,0,0> }
	no_shadow
}
cylinder {
	<25.600962, 32.630733, 31.182955>,  <25.834330, 32.657738, 31.133860>, 0.100000
	pigment { color rgbt <1,0,0,0> }
	no_shadow
}
cylinder {
	<25.600962, 32.630733, 31.182955>,  <25.212015, 32.585728, 31.264780>, 0.100000
	pigment { color rgbt <1,0,0,0> }
	no_shadow
}

// particle -1
sphere {
	<25.600962, 32.630733, 31.182955> 0.100000
	pigment { color rgbt <1,0,0,0> }
	no_shadow
}
sphere {
	0, 1
	scale<0.080000,0.200000,0.300000>
	matrix <-0.164113, -0.293774, -0.941681,
		-0.166045, 0.949230, -0.267192,
		0.972366, 0.112512, -0.204561,
		25.892672, 32.664486, 31.121586>
	pigment { color rgbt <0,1,1,0> }
	no_shadow
}
cylinder {
	<25.201393, 32.854752, 30.645937>,  <25.212015, 32.585728, 31.264780>, 0.130000
	pigment { color rgbt <1,0,0,0> }
	no_shadow
}

// nucleotide -1

// particle -1
sphere {
	<25.201393, 32.854752, 30.645937> 0.250000
	pigment { color rgbt <1,0,0,0> }
	no_shadow
}
cylinder {
	<25.591410, 32.766735, 30.657814>,  <25.825418, 32.713924, 30.664940>, 0.100000
	pigment { color rgbt <1,0,0,0> }
	no_shadow
}
cylinder {
	<25.591410, 32.766735, 30.657814>,  <25.201393, 32.854752, 30.645937>, 0.100000
	pigment { color rgbt <1,0,0,0> }
	no_shadow
}

// particle -1
sphere {
	<25.591410, 32.766735, 30.657814> 0.100000
	pigment { color rgbt <1,0,0,0> }
	no_shadow
}
sphere {
	0, 1
	scale<0.080000,0.200000,0.300000>
	matrix <-0.026366, -0.247529, -0.968522,
		0.220462, 0.943564, -0.247152,
		0.975039, -0.220039, 0.029693,
		25.883921, 32.700722, 30.666721>
	pigment { color rgbt <0,1,1,0> }
	no_shadow
}
cylinder {
	<25.500381, 33.152771, 30.063295>,  <25.201393, 32.854752, 30.645937>, 0.130000
	pigment { color rgbt <1,0,0,0> }
	no_shadow
}

// nucleotide -1

// particle -1
sphere {
	<25.500381, 33.152771, 30.063295> 0.250000
	pigment { color rgbt <1,0,0,0> }
	no_shadow
}
cylinder {
	<25.759811, 32.875706, 30.189510>,  <25.915470, 32.709465, 30.265240>, 0.100000
	pigment { color rgbt <1,0,0,0> }
	no_shadow
}
cylinder {
	<25.759811, 32.875706, 30.189510>,  <25.500381, 33.152771, 30.063295>, 0.100000
	pigment { color rgbt <1,0,0,0> }
	no_shadow
}

// particle -1
sphere {
	<25.759811, 32.875706, 30.189510> 0.100000
	pigment { color rgbt <1,0,0,0> }
	no_shadow
}
sphere {
	0, 1
	scale<0.080000,0.200000,0.300000>
	matrix <0.131333, -0.306493, -0.942769,
		0.749734, 0.652897, -0.107814,
		0.648576, -0.692666, 0.315536,
		25.954384, 32.667908, 30.284170>
	pigment { color rgbt <0,1,1,0> }
	no_shadow
}
cylinder {
	<26.124010, 33.247784, 29.690779>,  <25.500381, 33.152771, 30.063295>, 0.130000
	pigment { color rgbt <1,0,0,0> }
	no_shadow
}

// nucleotide -1

// particle -1
sphere {
	<26.124010, 33.247784, 29.690779> 0.250000
	pigment { color rgbt <1,0,0,0> }
	no_shadow
}
cylinder {
	<26.141609, 32.862915, 29.798330>,  <26.152168, 32.631996, 29.862862>, 0.100000
	pigment { color rgbt <1,0,0,0> }
	no_shadow
}
cylinder {
	<26.141609, 32.862915, 29.798330>,  <26.124010, 33.247784, 29.690779>, 0.100000
	pigment { color rgbt <1,0,0,0> }
	no_shadow
}

// particle -1
sphere {
	<26.141609, 32.862915, 29.798330> 0.100000
	pigment { color rgbt <1,0,0,0> }
	no_shadow
}
sphere {
	0, 1
	scale<0.080000,0.200000,0.300000>
	matrix <0.197038, -0.255494, -0.946519,
		0.979408, 0.094625, 0.178343,
		0.043999, -0.962169, 0.268877,
		26.154808, 32.574265, 29.878994>
	pigment { color rgbt <0,1,1,0> }
	no_shadow
}
cylinder {
	<26.611507, 33.010494, 29.310692>,  <26.124010, 33.247784, 29.690779>, 0.130000
	pigment { color rgbt <1,0,0,0> }
	no_shadow
}

// nucleotide -1

// particle -1
sphere {
	<26.611507, 33.010494, 29.310692> 0.250000
	pigment { color rgbt <1,0,0,0> }
	no_shadow
}
cylinder {
	<26.435141, 32.673557, 29.434660>,  <26.329321, 32.471394, 29.509041>, 0.100000
	pigment { color rgbt <1,0,0,0> }
	no_shadow
}
cylinder {
	<26.435141, 32.673557, 29.434660>,  <26.611507, 33.010494, 29.310692>, 0.100000
	pigment { color rgbt <1,0,0,0> }
	no_shadow
}

// particle -1
sphere {
	<26.435141, 32.673557, 29.434660> 0.100000
	pigment { color rgbt <1,0,0,0> }
	no_shadow
}
sphere {
	0, 1
	scale<0.080000,0.200000,0.300000>
	matrix <0.293374, -0.461585, -0.837181,
		0.848248, -0.278204, 0.450641,
		-0.440916, -0.842343, 0.309921,
		26.302866, 32.420853, 29.527636>
	pigment { color rgbt <0,1,1,0> }
	no_shadow
}
cylinder {
	<27.120840, 32.490044, 29.182505>,  <26.611507, 33.010494, 29.310692>, 0.130000
	pigment { color rgbt <1,0,0,0> }
	no_shadow
}

// nucleotide -1

// particle -1
sphere {
	<27.120840, 32.490044, 29.182505> 0.250000
	pigment { color rgbt <1,0,0,0> }
	no_shadow
}
cylinder {
	<26.771086, 32.296791, 29.200539>,  <26.561234, 32.180840, 29.211359>, 0.100000
	pigment { color rgbt <1,0,0,0> }
	no_shadow
}
cylinder {
	<26.771086, 32.296791, 29.200539>,  <27.120840, 32.490044, 29.182505>, 0.100000
	pigment { color rgbt <1,0,0,0> }
	no_shadow
}

// particle -1
sphere {
	<26.771086, 32.296791, 29.200539> 0.100000
	pigment { color rgbt <1,0,0,0> }
	no_shadow
}
sphere {
	0, 1
	scale<0.080000,0.200000,0.300000>
	matrix <0.147129, -0.352525, -0.924164,
		0.462386, -0.801443, 0.379326,
		-0.874387, -0.483130, 0.045087,
		26.508770, 32.151852, 29.214064>
	pigment { color rgbt <0,1,1,0> }
	no_shadow
}
cylinder {
	<27.242599, 31.860901, 28.964766>,  <27.120840, 32.490044, 29.182505>, 0.130000
	pigment { color rgbt <1,0,0,0> }
	no_shadow
}

// nucleotide -1

// particle -1
sphere {
	<27.242599, 31.860901, 28.964766> 0.250000
	pigment { color rgbt <1,0,0,0> }
	no_shadow
}
cylinder {
	<26.851685, 31.920296, 28.904280>,  <26.617136, 31.955933, 28.867989>, 0.100000
	pigment { color rgbt <1,0,0,0> }
	no_shadow
}
cylinder {
	<26.851685, 31.920296, 28.904280>,  <27.242599, 31.860901, 28.964766>, 0.100000
	pigment { color rgbt <1,0,0,0> }
	no_shadow
}

// particle -1
sphere {
	<26.851685, 31.920296, 28.904280> 0.100000
	pigment { color rgbt <1,0,0,0> }
	no_shadow
}
sphere {
	0, 1
	scale<0.080000,0.200000,0.300000>
	matrix <0.100664, -0.302644, -0.947773,
		-0.186493, -0.941467, 0.280822,
		-0.977286, 0.148484, -0.151213,
		26.558498, 31.964842, 28.858915>
	pigment { color rgbt <0,1,1,0> }
	no_shadow
}
cylinder {
	<27.063812, 31.260180, 28.573195>,  <27.242599, 31.860901, 28.964766>, 0.130000
	pigment { color rgbt <1,0,0,0> }
	no_shadow
}

// nucleotide -1

// particle -1
sphere {
	<27.063812, 31.260180, 28.573195> 0.250000
	pigment { color rgbt <1,0,0,0> }
	no_shadow
}
cylinder {
	<26.805141, 31.553471, 28.489113>,  <26.649939, 31.729445, 28.438663>, 0.100000
	pigment { color rgbt <1,0,0,0> }
	no_shadow
}
cylinder {
	<26.805141, 31.553471, 28.489113>,  <27.063812, 31.260180, 28.573195>, 0.100000
	pigment { color rgbt <1,0,0,0> }
	no_shadow
}

// particle -1
sphere {
	<26.805141, 31.553471, 28.489113> 0.100000
	pigment { color rgbt <1,0,0,0> }
	no_shadow
}
sphere {
	0, 1
	scale<0.080000,0.200000,0.300000>
	matrix <0.007840, -0.269180, -0.963058,
		-0.762723, -0.624436, 0.168324,
		-0.646678, 0.733226, -0.210205,
		26.611137, 31.773439, 28.426052>
	pigment { color rgbt <0,1,1,0> }
	no_shadow
}
cylinder {
	<27.043100, 31.162235, 27.832834>,  <27.063812, 31.260180, 28.573195>, 0.130000
	pigment { color rgbt <1,0,0,0> }
	no_shadow
}

// nucleotide -1

// particle -1
sphere {
	<27.043100, 31.162235, 27.832834> 0.250000
	pigment { color rgbt <1,0,0,0> }
	no_shadow
}
cylinder {
	<26.790766, 31.465025, 27.900991>,  <26.639364, 31.646700, 27.941885>, 0.100000
	pigment { color rgbt <1,0,0,0> }
	no_shadow
}
cylinder {
	<26.790766, 31.465025, 27.900991>,  <27.043100, 31.162235, 27.832834>, 0.100000
	pigment { color rgbt <1,0,0,0> }
	no_shadow
}

// particle -1
sphere {
	<26.790766, 31.465025, 27.900991> 0.100000
	pigment { color rgbt <1,0,0,0> }
	no_shadow
}
sphere {
	0, 1
	scale<0.080000,0.200000,0.300000>
	matrix <-0.100278, 0.138223, -0.985312,
		-0.769409, -0.638656, -0.011288,
		-0.630836, 0.756976, 0.170393,
		26.601515, 31.692118, 27.952108>
	pigment { color rgbt <0,1,1,0> }
	no_shadow
}
cylinder {
	<26.610504, 31.122726, 27.241346>,  <27.043100, 31.162235, 27.832834>, 0.130000
	pigment { color rgbt <1,0,0,0> }
	no_shadow
}

// nucleotide -1

// particle -1
sphere {
	<26.610504, 31.122726, 27.241346> 0.250000
	pigment { color rgbt <1,0,0,0> }
	no_shadow
}
cylinder {
	<26.612059, 31.504942, 27.359285>,  <26.612991, 31.734270, 27.430048>, 0.100000
	pigment { color rgbt <1,0,0,0> }
	no_shadow
}
cylinder {
	<26.612059, 31.504942, 27.359285>,  <26.610504, 31.122726, 27.241346>, 0.100000
	pigment { color rgbt <1,0,0,0> }
	no_shadow
}

// particle -1
sphere {
	<26.612059, 31.504942, 27.359285> 0.100000
	pigment { color rgbt <1,0,0,0> }
	no_shadow
}
sphere {
	0, 1
	scale<0.080000,0.200000,0.300000>
	matrix <0.000754, 0.294846, -0.955544,
		-0.999992, 0.003936, 0.000425,
		0.003886, 0.955536, 0.294847,
		26.613224, 31.791603, 27.447739>
	pigment { color rgbt <0,1,1,0> }
	no_shadow
}
cylinder {
	<26.084146, 31.598967, 26.884949>,  <26.610504, 31.122726, 27.241346>, 0.130000
	pigment { color rgbt <1,0,0,0> }
	no_shadow
}

// nucleotide -1

// particle -1
sphere {
	<26.084146, 31.598967, 26.884949> 0.250000
	pigment { color rgbt <1,0,0,0> }
	no_shadow
}
cylinder {
	<26.347332, 31.864218, 27.027691>,  <26.505243, 32.023369, 27.113337>, 0.100000
	pigment { color rgbt <1,0,0,0> }
	no_shadow
}
cylinder {
	<26.347332, 31.864218, 27.027691>,  <26.084146, 31.598967, 26.884949>, 0.100000
	pigment { color rgbt <1,0,0,0> }
	no_shadow
}

// particle -1
sphere {
	<26.347332, 31.864218, 27.027691> 0.100000
	pigment { color rgbt <1,0,0,0> }
	no_shadow
}
sphere {
	0, 1
	scale<0.080000,0.200000,0.300000>
	matrix <0.068418, 0.419280, -0.905275,
		-0.749935, 0.620054, 0.230501,
		0.657964, 0.663127, 0.356856,
		26.544722, 32.063156, 27.134748>
	pigment { color rgbt <0,1,1,0> }
	no_shadow
}
cylinder {
	<26.046207, 32.232666, 26.569931>,  <26.084146, 31.598967, 26.884949>, 0.130000
	pigment { color rgbt <1,0,0,0> }
	no_shadow
}

// nucleotide -1

// particle -1
sphere {
	<26.046207, 32.232666, 26.569931> 0.250000
	pigment { color rgbt <1,0,0,0> }
	no_shadow
}
cylinder {
	<26.423580, 32.216129, 26.701523>,  <26.650003, 32.206207, 26.780478>, 0.100000
	pigment { color rgbt <1,0,0,0> }
	no_shadow
}
cylinder {
	<26.423580, 32.216129, 26.701523>,  <26.046207, 32.232666, 26.569931>, 0.100000
	pigment { color rgbt <1,0,0,0> }
	no_shadow
}

// particle -1
sphere {
	<26.423580, 32.216129, 26.701523> 0.100000
	pigment { color rgbt <1,0,0,0> }
	no_shadow
}
sphere {
	0, 1
	scale<0.080000,0.200000,0.300000>
	matrix <0.328873, 0.242912, -0.912599,
		-0.042189, 0.969167, 0.242765,
		0.943431, -0.041337, 0.328981,
		26.706610, 32.203728, 26.800217>
	pigment { color rgbt <0,1,1,0> }
	no_shadow
}
cylinder {
	<26.390760, 32.867809, 26.396059>,  <26.046207, 32.232666, 26.569931>, 0.130000
	pigment { color rgbt <1,0,0,0> }
	no_shadow
}

// nucleotide -1

// particle -1
sphere {
	<26.390760, 32.867809, 26.396059> 0.250000
	pigment { color rgbt <1,0,0,0> }
	no_shadow
}
cylinder {
	<26.631512, 32.548374, 26.395626>,  <26.775963, 32.356712, 26.395367>, 0.100000
	pigment { color rgbt <1,0,0,0> }
	no_shadow
}
cylinder {
	<26.631512, 32.548374, 26.395626>,  <26.390760, 32.867809, 26.396059>, 0.100000
	pigment { color rgbt <1,0,0,0> }
	no_shadow
}

// particle -1
sphere {
	<26.631512, 32.548374, 26.395626> 0.100000
	pigment { color rgbt <1,0,0,0> }
	no_shadow
}
sphere {
	0, 1
	scale<0.080000,0.200000,0.300000>
	matrix <0.355386, 0.269058, -0.895158,
		0.715152, 0.538393, 0.445747,
		0.601879, -0.798587, -0.001080,
		26.812075, 32.308800, 26.395302>
	pigment { color rgbt <0,1,1,0> }
	no_shadow
}
cylinder {
	<27.170715, 32.982311, 26.316193>,  <26.390760, 32.867809, 26.396059>, 0.130000
	pigment { color rgbt <1,0,0,0> }
	no_shadow
}

// nucleotide -1

// particle -1
sphere {
	<27.170715, 32.982311, 26.316193> 0.250000
	pigment { color rgbt <1,0,0,0> }
	no_shadow
}
cylinder {
	<27.060099, 32.630970, 26.160231>,  <26.993729, 32.420166, 26.066654>, 0.100000
	pigment { color rgbt <1,0,0,0> }
	no_shadow
}
cylinder {
	<27.060099, 32.630970, 26.160231>,  <27.170715, 32.982311, 26.316193>, 0.100000
	pigment { color rgbt <1,0,0,0> }
	no_shadow
}

// particle -1
sphere {
	<27.060099, 32.630970, 26.160231> 0.100000
	pigment { color rgbt <1,0,0,0> }
	no_shadow
}
sphere {
	0, 1
	scale<0.080000,0.200000,0.300000>
	matrix <0.622764, 0.145210, -0.768816,
		0.731908, -0.455428, 0.506849,
		-0.276541, -0.878350, -0.389905,
		26.977137, 32.367466, 26.043259>
	pigment { color rgbt <0,1,1,0> }
	no_shadow
}
cylinder {
	<27.723278, 32.548264, 26.114246>,  <27.170715, 32.982311, 26.316193>, 0.130000
	pigment { color rgbt <1,0,0,0> }
	no_shadow
}

// nucleotide -1

// particle -1
sphere {
	<27.723278, 32.548264, 26.114246> 0.250000
	pigment { color rgbt <1,0,0,0> }
	no_shadow
}
cylinder {
	<27.407755, 32.440666, 25.893185>,  <27.218441, 32.376106, 25.760548>, 0.100000
	pigment { color rgbt <1,0,0,0> }
	no_shadow
}
cylinder {
	<27.407755, 32.440666, 25.893185>,  <27.723278, 32.548264, 26.114246>, 0.100000
	pigment { color rgbt <1,0,0,0> }
	no_shadow
}

// particle -1
sphere {
	<27.407755, 32.440666, 25.893185> 0.100000
	pigment { color rgbt <1,0,0,0> }
	no_shadow
}
sphere {
	0, 1
	scale<0.080000,0.200000,0.300000>
	matrix <0.543299, 0.115312, -0.831582,
		0.287419, -0.956214, 0.055185,
		-0.788807, -0.268994, -0.552654,
		27.171112, 32.359970, 25.727388>
	pigment { color rgbt <0,1,1,0> }
	no_shadow
}
cylinder {
	<27.998751, 32.174076, 25.590387>,  <27.723278, 32.548264, 26.114246>, 0.130000
	pigment { color rgbt <1,0,0,0> }
	no_shadow
}

// nucleotide -1

// particle -1
sphere {
	<27.998751, 32.174076, 25.590387> 0.250000
	pigment { color rgbt <1,0,0,0> }
	no_shadow
}
cylinder {
	<27.660280, 32.334229, 25.449713>,  <27.457199, 32.430321, 25.365309>, 0.100000
	pigment { color rgbt <1,0,0,0> }
	no_shadow
}
cylinder {
	<27.660280, 32.334229, 25.449713>,  <27.998751, 32.174076, 25.590387>, 0.100000
	pigment { color rgbt <1,0,0,0> }
	no_shadow
}

// particle -1
sphere {
	<27.660280, 32.334229, 25.449713> 0.100000
	pigment { color rgbt <1,0,0,0> }
	no_shadow
}
sphere {
	0, 1
	scale<0.080000,0.200000,0.300000>
	matrix <0.410545, 0.069011, -0.909225,
		-0.339767, -0.913746, -0.222769,
		-0.846174, 0.400381, -0.351686,
		27.406427, 32.454342, 25.344206>
	pigment { color rgbt <0,1,1,0> }
	no_shadow
}
cylinder {
	<28.799694, 31.990704, 25.558510>,  <27.998751, 32.174076, 25.590387>, 0.130000
	pigment { color rgbt <1,0,0,0> }
	no_shadow
}

// nucleotide -1

// particle -1
sphere {
	<28.799694, 31.990704, 25.558510> 0.250000
	pigment { color rgbt <1,0,0,0> }
	no_shadow
}
cylinder {
	<29.073246, 31.716820, 25.457729>,  <29.237377, 31.552488, 25.397261>, 0.100000
	pigment { color rgbt <1,0,0,0> }
	no_shadow
}
cylinder {
	<29.073246, 31.716820, 25.457729>,  <28.799694, 31.990704, 25.558510>, 0.100000
	pigment { color rgbt <1,0,0,0> }
	no_shadow
}

// particle -1
sphere {
	<29.073246, 31.716820, 25.457729> 0.100000
	pigment { color rgbt <1,0,0,0> }
	no_shadow
}
sphere {
	0, 1
	scale<0.080000,0.200000,0.300000>
	matrix <0.614591, 0.354546, 0.704681,
		-0.393175, -0.636763, 0.663284,
		0.683879, -0.684712, -0.251950,
		29.278410, 31.511406, 25.382145>
	pigment { color rgbt <0,1,1,0> }
	no_shadow
}
cylinder {
	<28.982609, 31.769272, 26.122965>,  <28.799694, 31.990704, 25.558510>, 0.130000
	pigment { color rgbt <1,0,0,0> }
	no_shadow
}

// nucleotide -1

// particle -1
sphere {
	<28.982609, 31.769272, 26.122965> 0.250000
	pigment { color rgbt <1,0,0,0> }
	no_shadow
}
cylinder {
	<29.262327, 31.756220, 25.837330>,  <29.430159, 31.748388, 25.665949>, 0.100000
	pigment { color rgbt <1,0,0,0> }
	no_shadow
}
cylinder {
	<29.262327, 31.756220, 25.837330>,  <28.982609, 31.769272, 26.122965>, 0.100000
	pigment { color rgbt <1,0,0,0> }
	no_shadow
}

// particle -1
sphere {
	<29.262327, 31.756220, 25.837330> 0.100000
	pigment { color rgbt <1,0,0,0> }
	no_shadow
}
sphere {
	0, 1
	scale<0.080000,0.200000,0.300000>
	matrix <0.619740, 0.525506, 0.582894,
		0.356237, -0.850164, 0.387707,
		0.699298, -0.032628, -0.714085,
		29.472116, 31.746431, 25.623104>
	pigment { color rgbt <0,1,1,0> }
	no_shadow
}
cylinder {
	<29.573183, 31.340164, 26.075161>,  <28.982609, 31.769272, 26.122965>, 0.130000
	pigment { color rgbt <1,0,0,0> }
	no_shadow
}

// nucleotide -1

// particle -1
sphere {
	<29.573183, 31.340164, 26.075161> 0.250000
	pigment { color rgbt <1,0,0,0> }
	no_shadow
}
cylinder {
	<29.657476, 31.701395, 25.925472>,  <29.708052, 31.918133, 25.835659>, 0.100000
	pigment { color rgbt <1,0,0,0> }
	no_shadow
}
cylinder {
	<29.657476, 31.701395, 25.925472>,  <29.573183, 31.340164, 26.075161>, 0.100000
	pigment { color rgbt <1,0,0,0> }
	no_shadow
}

// particle -1
sphere {
	<29.657476, 31.701395, 25.925472> 0.100000
	pigment { color rgbt <1,0,0,0> }
	no_shadow
}
sphere {
	0, 1
	scale<0.080000,0.200000,0.300000>
	matrix <0.583116, 0.191125, 0.789586,
		0.784581, -0.384607, -0.486322,
		0.210732, 0.903077, -0.374224,
		29.720695, 31.972319, 25.813206>
	pigment { color rgbt <0,1,1,0> }
	no_shadow
}
cylinder {
	<30.277617, 31.189278, 26.376492>,  <29.573183, 31.340164, 26.075161>, 0.130000
	pigment { color rgbt <1,0,0,0> }
	no_shadow
}

// nucleotide -1

// particle -1
sphere {
	<30.277617, 31.189278, 26.376492> 0.250000
	pigment { color rgbt <1,0,0,0> }
	no_shadow
}
cylinder {
	<30.088608, 31.513594, 26.514673>,  <29.975203, 31.708183, 26.597582>, 0.100000
	pigment { color rgbt <1,0,0,0> }
	no_shadow
}
cylinder {
	<30.088608, 31.513594, 26.514673>,  <30.277617, 31.189278, 26.376492>, 0.100000
	pigment { color rgbt <1,0,0,0> }
	no_shadow
}

// particle -1
sphere {
	<30.088608, 31.513594, 26.514673> 0.100000
	pigment { color rgbt <1,0,0,0> }
	no_shadow
}
sphere {
	0, 1
	scale<0.080000,0.200000,0.300000>
	matrix <0.647331, 0.053298, 0.760344,
		0.598068, 0.582904, -0.550034,
		-0.472523, 0.810791, 0.345456,
		29.946852, 31.756830, 26.618309>
	pigment { color rgbt <0,1,1,0> }
	no_shadow
}
cylinder {
	<30.798431, 31.661547, 26.858150>,  <30.277617, 31.189278, 26.376492>, 0.130000
	pigment { color rgbt <1,0,0,0> }
	no_shadow
}

// nucleotide -1

// particle -1
sphere {
	<30.798431, 31.661547, 26.858150> 0.250000
	pigment { color rgbt <1,0,0,0> }
	no_shadow
}
cylinder {
	<30.450533, 31.795708, 27.002953>,  <30.241795, 31.876204, 27.089834>, 0.100000
	pigment { color rgbt <1,0,0,0> }
	no_shadow
}
cylinder {
	<30.450533, 31.795708, 27.002953>,  <30.798431, 31.661547, 26.858150>, 0.100000
	pigment { color rgbt <1,0,0,0> }
	no_shadow
}

// particle -1
sphere {
	<30.450533, 31.795708, 27.002953> 0.100000
	pigment { color rgbt <1,0,0,0> }
	no_shadow
}
sphere {
	0, 1
	scale<0.080000,0.200000,0.300000>
	matrix <0.459888, 0.284759, 0.841080,
		0.179015, 0.898008, -0.401915,
		-0.869745, 0.335401, 0.362007,
		30.189610, 31.896328, 27.111555>
	pigment { color rgbt <0,1,1,0> }
	no_shadow
}
cylinder {
	<30.960262, 32.351624, 27.012947>,  <30.798431, 31.661547, 26.858150>, 0.130000
	pigment { color rgbt <1,0,0,0> }
	no_shadow
}

// nucleotide -1

// particle -1
sphere {
	<30.960262, 32.351624, 27.012947> 0.250000
	pigment { color rgbt <1,0,0,0> }
	no_shadow
}
cylinder {
	<30.644789, 32.227158, 27.225044>,  <30.455505, 32.152477, 27.352303>, 0.100000
	pigment { color rgbt <1,0,0,0> }
	no_shadow
}
cylinder {
	<30.644789, 32.227158, 27.225044>,  <30.960262, 32.351624, 27.012947>, 0.100000
	pigment { color rgbt <1,0,0,0> }
	no_shadow
}

// particle -1
sphere {
	<30.644789, 32.227158, 27.225044> 0.100000
	pigment { color rgbt <1,0,0,0> }
	no_shadow
}
sphere {
	0, 1
	scale<0.080000,0.200000,0.300000>
	matrix <0.430975, 0.335259, 0.837772,
		-0.438451, 0.889258, -0.130310,
		-0.788684, -0.311161, 0.530242,
		30.408184, 32.133808, 27.384117>
	pigment { color rgbt <0,1,1,0> }
	no_shadow
}
cylinder {
	<31.140951, 32.488907, 27.679367>,  <30.960262, 32.351624, 27.012947>, 0.130000
	pigment { color rgbt <1,0,0,0> }
	no_shadow
}

// nucleotide -1

// particle -1
sphere {
	<31.140951, 32.488907, 27.679367> 0.250000
	pigment { color rgbt <1,0,0,0> }
	no_shadow
}
cylinder {
	<30.777138, 32.332790, 27.736536>,  <30.558849, 32.239120, 27.770838>, 0.100000
	pigment { color rgbt <1,0,0,0> }
	no_shadow
}
cylinder {
	<30.777138, 32.332790, 27.736536>,  <31.140951, 32.488907, 27.679367>, 0.100000
	pigment { color rgbt <1,0,0,0> }
	no_shadow
}

// particle -1
sphere {
	<30.777138, 32.332790, 27.736536> 0.100000
	pigment { color rgbt <1,0,0,0> }
	no_shadow
}
sphere {
	0, 1
	scale<0.080000,0.200000,0.300000>
	matrix <0.048558, 0.241728, 0.969128,
		-0.412787, 0.888394, -0.200908,
		-0.909533, -0.390287, 0.142921,
		30.504278, 32.215706, 27.779413>
	pigment { color rgbt <0,1,1,0> }
	no_shadow
}
cylinder {
	<30.829762, 32.947830, 28.094677>,  <31.140951, 32.488907, 27.679367>, 0.130000
	pigment { color rgbt <1,0,0,0> }
	no_shadow
}

// nucleotide -1

// particle -1
sphere {
	<30.829762, 32.947830, 28.094677> 0.250000
	pigment { color rgbt <1,0,0,0> }
	no_shadow
}
cylinder {
	<30.585806, 32.633087, 28.132406>,  <30.439432, 32.444241, 28.155045>, 0.100000
	pigment { color rgbt <1,0,0,0> }
	no_shadow
}
cylinder {
	<30.585806, 32.633087, 28.132406>,  <30.829762, 32.947830, 28.094677>, 0.100000
	pigment { color rgbt <1,0,0,0> }
	no_shadow
}

// particle -1
sphere {
	<30.585806, 32.633087, 28.132406> 0.100000
	pigment { color rgbt <1,0,0,0> }
	no_shadow
}
sphere {
	0, 1
	scale<0.080000,0.200000,0.300000>
	matrix <-0.104352, 0.197725, 0.974687,
		-0.785588, 0.584607, -0.202700,
		-0.609888, -0.786855, 0.094325,
		30.402840, 32.397030, 28.160704>
	pigment { color rgbt <0,1,1,0> }
	no_shadow
}
cylinder {
	<30.191570, 33.247063, 28.372206>,  <30.829762, 32.947830, 28.094677>, 0.130000
	pigment { color rgbt <1,0,0,0> }
	no_shadow
}

// nucleotide -1

// particle -1
sphere {
	<30.191570, 33.247063, 28.372206> 0.250000
	pigment { color rgbt <1,0,0,0> }
	no_shadow
}
cylinder {
	<30.195583, 32.851093, 28.428692>,  <30.197992, 32.613510, 28.462584>, 0.100000
	pigment { color rgbt <1,0,0,0> }
	no_shadow
}
cylinder {
	<30.195583, 32.851093, 28.428692>,  <30.191570, 33.247063, 28.372206>, 0.100000
	pigment { color rgbt <1,0,0,0> }
	no_shadow
}

// particle -1
sphere {
	<30.195583, 32.851093, 28.428692> 0.100000
	pigment { color rgbt <1,0,0,0> }
	no_shadow
}
sphere {
	0, 1
	scale<0.080000,0.200000,0.300000>
	matrix <-0.198482, 0.136439, 0.970561,
		-0.980053, -0.037767, -0.195114,
		0.010034, -0.989928, 0.141214,
		30.198593, 32.554115, 28.471056>
	pigment { color rgbt <0,1,1,0> }
	no_shadow
}
cylinder {
	<29.641562, 33.165375, 28.842442>,  <30.191570, 33.247063, 28.372206>, 0.130000
	pigment { color rgbt <1,0,0,0> }
	no_shadow
}

// nucleotide -1

// particle -1
sphere {
	<29.641562, 33.165375, 28.842442> 0.250000
	pigment { color rgbt <1,0,0,0> }
	no_shadow
}
cylinder {
	<29.867083, 32.838451, 28.890007>,  <30.002396, 32.642300, 28.918547>, 0.100000
	pigment { color rgbt <1,0,0,0> }
	no_shadow
}
cylinder {
	<29.867083, 32.838451, 28.890007>,  <29.641562, 33.165375, 28.842442>, 0.100000
	pigment { color rgbt <1,0,0,0> }
	no_shadow
}

// particle -1
sphere {
	<29.867083, 32.838451, 28.890007> 0.100000
	pigment { color rgbt <1,0,0,0> }
	no_shadow
}
sphere {
	0, 1
	scale<0.080000,0.200000,0.300000>
	matrix <-0.169552, 0.026372, 0.985168,
		-0.808320, -0.575600, -0.123707,
		0.563800, -0.817306, 0.118911,
		30.036222, 32.593258, 28.925680>
	pigment { color rgbt <0,1,1,0> }
	no_shadow
}
cylinder {
	<29.271267, 32.625980, 29.200781>,  <29.641562, 33.165375, 28.842442>, 0.130000
	pigment { color rgbt <1,0,0,0> }
	no_shadow
}

// nucleotide -1

// particle -1
sphere {
	<29.271267, 32.625980, 29.200781> 0.250000
	pigment { color rgbt <1,0,0,0> }
	no_shadow
}
cylinder {
	<29.658510, 32.544441, 29.259037>,  <29.890856, 32.495518, 29.293991>, 0.100000
	pigment { color rgbt <1,0,0,0> }
	no_shadow
}
cylinder {
	<29.658510, 32.544441, 29.259037>,  <29.271267, 32.625980, 29.200781>, 0.100000
	pigment { color rgbt <1,0,0,0> }
	no_shadow
}

// particle -1
sphere {
	<29.658510, 32.544441, 29.259037> 0.100000
	pigment { color rgbt <1,0,0,0> }
	no_shadow
}
sphere {
	0, 1
	scale<0.080000,0.200000,0.300000>
	matrix <-0.146486, 0.011030, 0.989151,
		-0.203241, -0.978941, -0.019182,
		0.968109, -0.203846, 0.145643,
		29.948942, 32.483288, 29.302731>
	pigment { color rgbt <0,1,1,0> }
	no_shadow
}
cylinder {
	<29.289616, 32.368984, 29.784967>,  <29.271267, 32.625980, 29.200781>, 0.130000
	pigment { color rgbt <1,0,0,0> }
	no_shadow
}

// nucleotide -1

// particle -1
sphere {
	<29.289616, 32.368984, 29.784967> 0.250000
	pigment { color rgbt <1,0,0,0> }
	no_shadow
}
cylinder {
	<29.687374, 32.397903, 29.754114>,  <29.926029, 32.415257, 29.735601>, 0.100000
	pigment { color rgbt <1,0,0,0> }
	no_shadow
}
cylinder {
	<29.687374, 32.397903, 29.754114>,  <29.289616, 32.368984, 29.784967>, 0.100000
	pigment { color rgbt <1,0,0,0> }
	no_shadow
}

// particle -1
sphere {
	<29.687374, 32.397903, 29.754114> 0.100000
	pigment { color rgbt <1,0,0,0> }
	no_shadow
}
sphere {
	0, 1
	scale<0.080000,0.200000,0.300000>
	matrix <0.076586, 0.010341, 0.997009,
		0.072884, -0.997329, 0.004745,
		0.994395, 0.072303, -0.077135,
		29.985693, 32.419594, 29.730974>
	pigment { color rgbt <0,1,1,0> }
	no_shadow
}
cylinder {
	<29.693092, 31.828878, 30.150612>,  <29.289616, 32.368984, 29.784967>, 0.130000
	pigment { color rgbt <1,0,0,0> }
	no_shadow
}

// nucleotide -1

// particle -1
sphere {
	<29.693092, 31.828878, 30.150612> 0.250000
	pigment { color rgbt <1,0,0,0> }
	no_shadow
}
cylinder {
	<29.942373, 32.141365, 30.136078>,  <30.091942, 32.328857, 30.127357>, 0.100000
	pigment { color rgbt <1,0,0,0> }
	no_shadow
}
cylinder {
	<29.942373, 32.141365, 30.136078>,  <29.693092, 31.828878, 30.150612>, 0.100000
	pigment { color rgbt <1,0,0,0> }
	no_shadow
}

// particle -1
sphere {
	<29.942373, 32.141365, 30.136078> 0.100000
	pigment { color rgbt <1,0,0,0> }
	no_shadow
}
sphere {
	0, 1
	scale<0.080000,0.200000,0.300000>
	matrix <0.117846, -0.047874, 0.991877,
		0.773133, -0.622420, -0.121898,
		0.623200, 0.781218, -0.036337,
		30.129333, 32.375729, 30.125177>
	pigment { color rgbt <0,1,1,0> }
	no_shadow
}
cylinder {
	<30.055534, 31.632225, 30.620813>,  <29.693092, 31.828878, 30.150612>, 0.130000
	pigment { color rgbt <1,0,0,0> }
	no_shadow
}

// nucleotide -1

// particle -1
sphere {
	<30.055534, 31.632225, 30.620813> 0.250000
	pigment { color rgbt <1,0,0,0> }
	no_shadow
}
cylinder {
	<30.155025, 32.015354, 30.563257>,  <30.214720, 32.245232, 30.528723>, 0.100000
	pigment { color rgbt <1,0,0,0> }
	no_shadow
}
cylinder {
	<30.155025, 32.015354, 30.563257>,  <30.055534, 31.632225, 30.620813>, 0.100000
	pigment { color rgbt <1,0,0,0> }
	no_shadow
}

// particle -1
sphere {
	<30.155025, 32.015354, 30.563257> 0.100000
	pigment { color rgbt <1,0,0,0> }
	no_shadow
}
sphere {
	0, 1
	scale<0.080000,0.200000,0.300000>
	matrix <0.005247, 0.147227, 0.989089,
