// switches for output
#declare DRAW_BASES = 1; // possible values are 0, 1; only relevant for DNA ribbons
#declare DRAW_BASES_TYPE = 3; // possible values are 1, 2, 3; only relevant for DNA ribbons
#declare DRAW_FOG = 0; // set to 1 to enable fog

#include "colors.inc"

#include "transforms.inc"
background { rgb <1, 1, 1>}

#default {
   normal{
       ripples 0.25
       frequency 0.20
       turbulence 0.2
       lambda 5
   }
	finish {
		phong 0.1
		phong_size 40.
	}
}

// original window dimensions: 1024x640


// camera settings

camera {
	sky <0, 0.179814, -0.983701>
	up <0, 0.179814, -0.983701>
	right 1.6 * <1, 0, 0>
	location <35, 94.9851, 44.8844>
	look_at <35, 29.7336, 32.9568>
	direction <0, -65.2515, -11.9276>
	angle 67.0682
}


# declare cpy_camera_pos = <35, 94.9851, 44.8844>;
# if (DRAW_FOG = 1)
fog {
	fog_type 2
	up vnormalize(cpy_camera_pos)
	color rgbt<1,1,1,0.3>
	distance 1e-5
	fog_alt 3e-3
	fog_offset 56
}
# end


// LIGHTS

# declare lum = 6;
global_settings {
	ambient_light rgb lum * <0.05, 0.05, 0.05>
	max_trace_level 15
}# declare cpy_direct_light_amount = 0.25;
light_source
{	1000 * <-1, -1.16352, -0.803886>,
	rgb lum * cpy_direct_light_amount
	parallel
}

light_source
{	1000 * <1, 1.16352, 0.803886>,
	rgb lum * cpy_direct_light_amount
	parallel
}

// strand 0

// nucleotide -1

// particle -1
sphere {
	<24.892054, 34.786556, 35.061661> 0.250000
	pigment { color rgbt <1,0,0,0> }
	no_shadow
}
cylinder {
	<24.567137, 35.017647, 35.029625>,  <24.372187, 35.156300, 35.010403>, 0.100000
	pigment { color rgbt <1,0,0,0> }
	no_shadow
}
cylinder {
	<24.567137, 35.017647, 35.029625>,  <24.892054, 34.786556, 35.061661>, 0.100000
	pigment { color rgbt <1,0,0,0> }
	no_shadow
}

// particle -1
sphere {
	<24.567137, 35.017647, 35.029625> 0.100000
	pigment { color rgbt <1,0,0,0> }
	no_shadow
}
sphere {
	0, 1
	scale<0.080000,0.200000,0.300000>
	matrix <0.470945, 0.568661, -0.674415,
		-0.344082, -0.585541, -0.733995,
		-0.812292, 0.577726, -0.080091,
		24.323448, 35.190964, 35.005596>
	pigment { color rgbt <0,1,1,0> }
	no_shadow
}
cylinder {
	<24.545290, 34.716076, 34.427853>,  <24.892054, 34.786556, 35.061661>, 0.130000
	pigment { color rgbt <1,0,0,0> }
	no_shadow
}

// nucleotide -1

// particle -1
sphere {
	<24.545290, 34.716076, 34.427853> 0.250000
	pigment { color rgbt <1,0,0,0> }
	no_shadow
}
cylinder {
	<24.525944, 35.071457, 34.610416>,  <24.514336, 35.284687, 34.719955>, 0.100000
	pigment { color rgbt <1,0,0,0> }
	no_shadow
}
cylinder {
	<24.525944, 35.071457, 34.610416>,  <24.545290, 34.716076, 34.427853>, 0.100000
	pigment { color rgbt <1,0,0,0> }
	no_shadow
}

// particle -1
sphere {
	<24.525944, 35.071457, 34.610416> 0.100000
	pigment { color rgbt <1,0,0,0> }
	no_shadow
}
sphere {
	0, 1
	scale<0.080000,0.200000,0.300000>
	matrix <0.498394, 0.417465, -0.759820,
		-0.865600, 0.190724, -0.462991,
		-0.048367, 0.888452, 0.456413,
		24.511435, 35.337994, 34.747341>
	pigment { color rgbt <0,1,1,0> }
	no_shadow
}
cylinder {
	<24.302801, 35.312153, 34.011913>,  <24.545290, 34.716076, 34.427853>, 0.130000
	pigment { color rgbt <1,0,0,0> }
	no_shadow
}

// nucleotide -1

// particle -1
sphere {
	<24.302801, 35.312153, 34.011913> 0.250000
	pigment { color rgbt <1,0,0,0> }
	no_shadow
}
cylinder {
	<24.565754, 35.424412, 34.291653>,  <24.723526, 35.491768, 34.459496>, 0.100000
	pigment { color rgbt <1,0,0,0> }
	no_shadow
}
cylinder {
	<24.565754, 35.424412, 34.291653>,  <24.302801, 35.312153, 34.011913>, 0.100000
	pigment { color rgbt <1,0,0,0> }
	no_shadow
}

// particle -1
sphere {
	<24.565754, 35.424412, 34.291653> 0.100000
	pigment { color rgbt <1,0,0,0> }
	no_shadow
}
sphere {
	0, 1
	scale<0.080000,0.200000,0.300000>
	matrix <0.545999, 0.462240, -0.698727,
		-0.519360, 0.841174, 0.150636,
		0.657381, 0.280644, 0.699350,
		24.762968, 35.508606, 34.501457>
	pigment { color rgbt <0,1,1,0> }
	no_shadow
}
cylinder {
	<24.327442, 36.022484, 34.004673>,  <24.302801, 35.312153, 34.011913>, 0.130000
	pigment { color rgbt <1,0,0,0> }
	no_shadow
}

// nucleotide -1

// particle -1
sphere {
	<24.327442, 36.022484, 34.004673> 0.250000
	pigment { color rgbt <1,0,0,0> }
	no_shadow
}
cylinder {
	<24.665531, 35.854591, 34.136993>,  <24.868383, 35.753857, 34.216385>, 0.100000
	pigment { color rgbt <1,0,0,0> }
	no_shadow
}
cylinder {
	<24.665531, 35.854591, 34.136993>,  <24.327442, 36.022484, 34.004673>, 0.100000
	pigment { color rgbt <1,0,0,0> }
	no_shadow
}

// particle -1
sphere {
	<24.665531, 35.854591, 34.136993> 0.100000
	pigment { color rgbt <1,0,0,0> }
	no_shadow
}
sphere {
	0, 1
	scale<0.080000,0.200000,0.300000>
	matrix <0.505001, 0.424759, -0.751368,
		0.174857, 0.802128, 0.570978,
		0.845221, -0.419727, 0.330803,
		24.919098, 35.728672, 34.236233>
	pigment { color rgbt <0,1,1,0> }
	no_shadow
}
cylinder {
	<24.767010, 36.558514, 34.047722>,  <24.327442, 36.022484, 34.004673>, 0.130000
	pigment { color rgbt <1,0,0,0> }
	no_shadow
}

// nucleotide -1

// particle -1
sphere {
	<24.767010, 36.558514, 34.047722> 0.250000
	pigment { color rgbt <1,0,0,0> }
	no_shadow
}
cylinder {
	<24.980097, 36.221771, 34.013100>,  <25.107948, 36.019726, 33.992325>, 0.100000
	pigment { color rgbt <1,0,0,0> }
	no_shadow
}
cylinder {
	<24.980097, 36.221771, 34.013100>,  <24.767010, 36.558514, 34.047722>, 0.100000
	pigment { color rgbt <1,0,0,0> }
	no_shadow
}

// particle -1
sphere {
	<24.980097, 36.221771, 34.013100> 0.100000
	pigment { color rgbt <1,0,0,0> }
	no_shadow
}
sphere {
	0, 1
	scale<0.080000,0.200000,0.300000>
	matrix <0.395748, 0.338208, -0.853814,
		0.748062, 0.420587, 0.513332,
		0.532717, -0.841856, -0.086554,
		25.139912, 35.969215, 33.987133>
	pigment { color rgbt <0,1,1,0> }
	no_shadow
}
cylinder {
	<25.591295, 36.690098, 33.810253>,  <24.767010, 36.558514, 34.047722>, 0.130000
	pigment { color rgbt <1,0,0,0> }
	no_shadow
}

// nucleotide -1

// particle -1
sphere {
	<25.591295, 36.690098, 33.810253> 0.250000
	pigment { color rgbt <1,0,0,0> }
	no_shadow
}
cylinder {
	<25.511713, 36.314781, 33.697094>,  <25.463964, 36.089592, 33.629196>, 0.100000
	pigment { color rgbt <1,0,0,0> }
	no_shadow
}
cylinder {
	<25.511713, 36.314781, 33.697094>,  <25.591295, 36.690098, 33.810253>, 0.100000
	pigment { color rgbt <1,0,0,0> }
	no_shadow
}

// particle -1
sphere {
	<25.511713, 36.314781, 33.697094> 0.100000
	pigment { color rgbt <1,0,0,0> }
	no_shadow
}
sphere {
	0, 1
	scale<0.080000,0.200000,0.300000>
	matrix <0.608817, 0.107875, -0.785942,
		0.767958, -0.328601, 0.549783,
		-0.198954, -0.938288, -0.282902,
		25.452026, 36.033295, 33.612225>
	pigment { color rgbt <0,1,1,0> }
	no_shadow
}
cylinder {
	<26.253141, 36.483040, 33.424492>,  <25.591295, 36.690098, 33.810253>, 0.130000
	pigment { color rgbt <1,0,0,0> }
	no_shadow
}

// nucleotide -1

// particle -1
sphere {
	<26.253141, 36.483040, 33.424492> 0.250000
	pigment { color rgbt <1,0,0,0> }
	no_shadow
}
cylinder {
	<25.964386, 36.219265, 33.340569>,  <25.791132, 36.061001, 33.290215>, 0.100000
	pigment { color rgbt <1,0,0,0> }
	no_shadow
}
cylinder {
	<25.964386, 36.219265, 33.340569>,  <26.253141, 36.483040, 33.424492>, 0.100000
	pigment { color rgbt <1,0,0,0> }
	no_shadow
}

// particle -1
sphere {
	<25.964386, 36.219265, 33.340569> 0.100000
	pigment { color rgbt <1,0,0,0> }
	no_shadow
}
sphere {
	0, 1
	scale<0.080000,0.200000,0.300000>
	matrix <0.202696, 0.088398, -0.975243,
		0.661657, -0.746546, 0.069851,
		-0.721889, -0.659435, -0.209811,
		25.747820, 36.021435, 33.277626>
	pigment { color rgbt <0,1,1,0> }
	no_shadow
}
cylinder {
	<26.558123, 35.827133, 33.039185>,  <26.253141, 36.483040, 33.424492>, 0.130000
	pigment { color rgbt <1,0,0,0> }
	no_shadow
}

// nucleotide -1

// particle -1
sphere {
	<26.558123, 35.827133, 33.039185> 0.250000
	pigment { color rgbt <1,0,0,0> }
	no_shadow
}
cylinder {
	<26.170328, 35.805965, 32.943439>,  <25.937651, 35.793266, 32.885990>, 0.100000
	pigment { color rgbt <1,0,0,0> }
	no_shadow
}
cylinder {
	<26.170328, 35.805965, 32.943439>,  <26.558123, 35.827133, 33.039185>, 0.100000
	pigment { color rgbt <1,0,0,0> }
	no_shadow
}

// particle -1
sphere {
	<26.170328, 35.805965, 32.943439> 0.100000
	pigment { color rgbt <1,0,0,0> }
	no_shadow
}
sphere {
	0, 1
	scale<0.080000,0.200000,0.300000>
	matrix <0.229162, 0.151157, -0.961580,
		0.087065, -0.987092, -0.134418,
		-0.969487, -0.052917, -0.239365,
		25.879482, 35.790089, 32.871632>
	pigment { color rgbt <0,1,1,0> }
	no_shadow
}
cylinder {
	<26.496271, 35.269707, 32.558922>,  <26.558123, 35.827133, 33.039185>, 0.130000
	pigment { color rgbt <1,0,0,0> }
	no_shadow
}

// nucleotide -1

// particle -1
sphere {
	<26.496271, 35.269707, 32.558922> 0.250000
	pigment { color rgbt <1,0,0,0> }
	no_shadow
}
cylinder {
	<26.160376, 35.484310, 32.525459>,  <25.958839, 35.613071, 32.505383>, 0.100000
	pigment { color rgbt <1,0,0,0> }
	no_shadow
}
cylinder {
	<26.160376, 35.484310, 32.525459>,  <26.496271, 35.269707, 32.558922>, 0.100000
	pigment { color rgbt <1,0,0,0> }
	no_shadow
}

// particle -1
sphere {
	<26.160376, 35.484310, 32.525459> 0.100000
	pigment { color rgbt <1,0,0,0> }
	no_shadow
}
sphere {
	0, 1
	scale<0.080000,0.200000,0.300000>
	matrix <0.082176, -0.026715, -0.996260,
		-0.536739, -0.843470, -0.021654,
		-0.839737, 0.536511, -0.083652,
		25.908455, 35.645264, 32.500362>
	pigment { color rgbt <0,1,1,0> }
	no_shadow
}
cylinder {
	<25.924000, 34.918835, 32.220955>,  <26.496271, 35.269707, 32.558922>, 0.130000
	pigment { color rgbt <1,0,0,0> }
	no_shadow
}

// nucleotide -1

// particle -1
sphere {
	<25.924000, 34.918835, 32.220955> 0.250000
	pigment { color rgbt <1,0,0,0> }
	no_shadow
}
cylinder {
	<25.828112, 35.299751, 32.145412>,  <25.770578, 35.528301, 32.100086>, 0.100000
	pigment { color rgbt <1,0,0,0> }
	no_shadow
}
cylinder {
	<25.828112, 35.299751, 32.145412>,  <25.924000, 34.918835, 32.220955>, 0.100000
	pigment { color rgbt <1,0,0,0> }
	no_shadow
}

// particle -1
sphere {
	<25.828112, 35.299751, 32.145412> 0.100000
	pigment { color rgbt <1,0,0,0> }
	no_shadow
}
sphere {
	0, 1
	scale<0.080000,0.200000,0.300000>
	matrix <-0.082009, -0.213700, -0.973451,
		-0.967372, -0.217867, 0.129325,
		-0.239719, 0.952295, -0.188861,
		25.756195, 35.585442, 32.088753>
	pigment { color rgbt <0,1,1,0> }
	no_shadow
}
cylinder {
	<25.479618, 34.853996, 31.574560>,  <25.924000, 34.918835, 32.220955>, 0.130000
	pigment { color rgbt <1,0,0,0> }
	no_shadow
}

// nucleotide -1

// particle -1
sphere {
	<25.479618, 34.853996, 31.574560> 0.250000
	pigment { color rgbt <1,0,0,0> }
	no_shadow
}
cylinder {
	<25.551788, 35.245472, 31.613777>,  <25.595091, 35.480358, 31.637308>, 0.100000
	pigment { color rgbt <1,0,0,0> }
	no_shadow
}
cylinder {
	<25.551788, 35.245472, 31.613777>,  <25.479618, 34.853996, 31.574560>, 0.100000
	pigment { color rgbt <1,0,0,0> }
	no_shadow
}

// particle -1
sphere {
	<25.551788, 35.245472, 31.613777> 0.100000
	pigment { color rgbt <1,0,0,0> }
	no_shadow
}
sphere {
	0, 1
	scale<0.080000,0.200000,0.300000>
	matrix <-0.013856, 0.102198, -0.994667,
		-0.983491, 0.178104, 0.032000,
		0.180424, 0.978690, 0.098043,
		25.605915, 35.539078, 31.643190>
	pigment { color rgbt <0,1,1,0> }
	no_shadow
}
cylinder {
	<24.937414, 35.267769, 31.238379>,  <25.479618, 34.853996, 31.574560>, 0.130000
	pigment { color rgbt <1,0,0,0> }
	no_shadow
}

// nucleotide -1

// particle -1
sphere {
	<24.937414, 35.267769, 31.238379> 0.250000
	pigment { color rgbt <1,0,0,0> }
	no_shadow
}
cylinder {
	<25.249283, 35.515522, 31.275219>,  <25.436403, 35.664173, 31.297323>, 0.100000
	pigment { color rgbt <1,0,0,0> }
	no_shadow
}
cylinder {
	<25.249283, 35.515522, 31.275219>,  <24.937414, 35.267769, 31.238379>, 0.100000
	pigment { color rgbt <1,0,0,0> }
	no_shadow
}

// particle -1
sphere {
	<25.249283, 35.515522, 31.275219> 0.100000
	pigment { color rgbt <1,0,0,0> }
	no_shadow
}
sphere {
	0, 1
	scale<0.080000,0.200000,0.300000>
	matrix <0.186133, -0.088798, -0.978504,
		-0.597887, 0.780053, -0.184520,
		0.779670, 0.619380, 0.092102,
		25.483183, 35.701336, 31.302849>
	pigment { color rgbt <0,1,1,0> }
	no_shadow
}
cylinder {
	<24.709509, 35.729118, 30.781040>,  <24.937414, 35.267769, 31.238379>, 0.130000
	pigment { color rgbt <1,0,0,0> }
	no_shadow
}

// nucleotide -1

// particle -1
sphere {
	<24.709509, 35.729118, 30.781040> 0.250000
	pigment { color rgbt <1,0,0,0> }
	no_shadow
}
cylinder {
	<25.107325, 35.756855, 30.812235>,  <25.346014, 35.773499, 30.830952>, 0.100000
	pigment { color rgbt <1,0,0,0> }
	no_shadow
}
cylinder {
	<25.107325, 35.756855, 30.812235>,  <24.709509, 35.729118, 30.781040>, 0.100000
	pigment { color rgbt <1,0,0,0> }
	no_shadow
}

// particle -1
sphere {
	<25.107325, 35.756855, 30.812235> 0.100000
	pigment { color rgbt <1,0,0,0> }
	no_shadow
}
sphere {
	0, 1
	scale<0.080000,0.200000,0.300000>
	matrix <0.068893, 0.125061, -0.989754,
		-0.078389, 0.989723, 0.119601,
		0.994540, 0.069346, 0.077989,
		25.405687, 35.777660, 30.835632>
	pigment { color rgbt <0,1,1,0> }
	no_shadow
}
cylinder {
	<24.850826, 36.286572, 30.397604>,  <24.709509, 35.729118, 30.781040>, 0.130000
	pigment { color rgbt <1,0,0,0> }
	no_shadow
}

// nucleotide -1

// particle -1
sphere {
	<24.850826, 36.286572, 30.397604> 0.250000
	pigment { color rgbt <1,0,0,0> }
	no_shadow
}
cylinder {
	<25.182493, 36.063713, 30.415792>,  <25.381495, 35.929996, 30.426706>, 0.100000
	pigment { color rgbt <1,0,0,0> }
	no_shadow
}
cylinder {
	<25.182493, 36.063713, 30.415792>,  <24.850826, 36.286572, 30.397604>, 0.100000
	pigment { color rgbt <1,0,0,0> }
	no_shadow
}

// particle -1
sphere {
	<25.182493, 36.063713, 30.415792> 0.100000
	pigment { color rgbt <1,0,0,0> }
	no_shadow
}
sphere {
	0, 1
	scale<0.080000,0.200000,0.300000>
	matrix <0.162124, 0.161834, -0.973409,
		0.534971, 0.814493, 0.224514,
		0.829169, -0.557145, 0.045473,
		25.431244, 35.896568, 30.429434>
	pigment { color rgbt <0,1,1,0> }
	no_shadow
}
cylinder {
	<25.221523, 36.656178, 29.950798>,  <24.850826, 36.286572, 30.397604>, 0.130000
	pigment { color rgbt <1,0,0,0> }
	no_shadow
}

// nucleotide -1

// particle -1
sphere {
	<25.221523, 36.656178, 29.950798> 0.250000
	pigment { color rgbt <1,0,0,0> }
	no_shadow
}
cylinder {
	<25.454599, 36.331379, 29.964279>,  <25.594444, 36.136501, 29.972368>, 0.100000
	pigment { color rgbt <1,0,0,0> }
	no_shadow
}
cylinder {
	<25.454599, 36.331379, 29.964279>,  <25.221523, 36.656178, 29.950798>, 0.100000
	pigment { color rgbt <1,0,0,0> }
	no_shadow
}

// particle -1
sphere {
	<25.454599, 36.331379, 29.964279> 0.100000
	pigment { color rgbt <1,0,0,0> }
	no_shadow
}
sphere {
	0, 1
	scale<0.080000,0.200000,0.300000>
	matrix <0.089400, 0.022823, -0.995734,
		0.807762, 0.583218, 0.085891,
		0.582690, -0.811995, 0.033704,
		25.629406, 36.087780, 29.974390>
	pigment { color rgbt <0,1,1,0> }
	no_shadow
}
cylinder {
	<25.780123, 36.768421, 29.475237>,  <25.221523, 36.656178, 29.950798>, 0.130000
	pigment { color rgbt <1,0,0,0> }
	no_shadow
}

// nucleotide -1

// particle -1
sphere {
	<25.780123, 36.768421, 29.475237> 0.250000
	pigment { color rgbt <1,0,0,0> }
	no_shadow
}
cylinder {
	<25.787121, 36.368954, 29.494646>,  <25.791321, 36.129272, 29.506290>, 0.100000
	pigment { color rgbt <1,0,0,0> }
	no_shadow
}
cylinder {
	<25.787121, 36.368954, 29.494646>,  <25.780123, 36.768421, 29.475237>, 0.100000
	pigment { color rgbt <1,0,0,0> }
	no_shadow
}

// particle -1
sphere {
	<25.787121, 36.368954, 29.494646> 0.100000
	pigment { color rgbt <1,0,0,0> }
	no_shadow
}
sphere {
	0, 1
	scale<0.080000,0.200000,0.300000>
	matrix <-0.049801, -0.049339, -0.997540,
		0.998606, 0.015037, -0.050598,
		0.017496, -0.998669, 0.048521,
		25.792370, 36.069351, 29.509203>
	pigment { color rgbt <0,1,1,0> }
	no_shadow
}
cylinder {
	<26.244255, 36.670120, 29.051920>,  <25.780123, 36.768421, 29.475237>, 0.130000
	pigment { color rgbt <1,0,0,0> }
	no_shadow
}

// nucleotide -1

// particle -1
sphere {
	<26.244255, 36.670120, 29.051920> 0.250000
	pigment { color rgbt <1,0,0,0> }
	no_shadow
}
cylinder {
	<26.076866, 36.307930, 29.080206>,  <25.976433, 36.090618, 29.097178>, 0.100000
	pigment { color rgbt <1,0,0,0> }
	no_shadow
}
cylinder {
	<26.076866, 36.307930, 29.080206>,  <26.244255, 36.670120, 29.051920>, 0.100000
	pigment { color rgbt <1,0,0,0> }
	no_shadow
}

// particle -1
sphere {
	<26.076866, 36.307930, 29.080206> 0.100000
	pigment { color rgbt <1,0,0,0> }
	no_shadow
}
sphere {
	0, 1
	scale<0.080000,0.200000,0.300000>
	matrix <0.202876, -0.169083, -0.964496,
		0.885281, -0.389268, 0.254455,
		-0.418471, -0.905473, 0.070713,
		25.951324, 36.036289, 29.101419>
	pigment { color rgbt <0,1,1,0> }
	no_shadow
}
cylinder {
	<26.710629, 36.253822, 28.583490>,  <26.244255, 36.670120, 29.051920>, 0.130000
	pigment { color rgbt <1,0,0,0> }
	no_shadow
}

// nucleotide -1

// particle -1
sphere {
	<26.710629, 36.253822, 28.583490> 0.250000
	pigment { color rgbt <1,0,0,0> }
	no_shadow
}
cylinder {
	<26.350897, 36.085690, 28.631704>,  <26.135057, 35.984810, 28.660633>, 0.100000
	pigment { color rgbt <1,0,0,0> }
	no_shadow
}
cylinder {
	<26.350897, 36.085690, 28.631704>,  <26.710629, 36.253822, 28.583490>, 0.100000
	pigment { color rgbt <1,0,0,0> }
	no_shadow
}

// particle -1
sphere {
	<26.350897, 36.085690, 28.631704> 0.100000
	pigment { color rgbt <1,0,0,0> }
	no_shadow
}
sphere {
	0, 1
	scale<0.080000,0.200000,0.300000>
	matrix <0.009190, -0.293753, -0.955837,
		0.437180, -0.858503, 0.268043,
		-0.899327, -0.420336, 0.120533,
		26.081099, 35.959587, 28.667864>
	pigment { color rgbt <0,1,1,0> }
	no_shadow
}
cylinder {
	<26.810308, 35.693027, 28.296572>,  <26.710629, 36.253822, 28.583490>, 0.130000
	pigment { color rgbt <1,0,0,0> }
	no_shadow
}

// nucleotide -1

// particle -1
sphere {
	<26.810308, 35.693027, 28.296572> 0.250000
	pigment { color rgbt <1,0,0,0> }
	no_shadow
}
cylinder {
	<26.414408, 35.748936, 28.308252>,  <26.176867, 35.782478, 28.315262>, 0.100000
	pigment { color rgbt <1,0,0,0> }
	no_shadow
}
cylinder {
	<26.414408, 35.748936, 28.308252>,  <26.810308, 35.693027, 28.296572>, 0.100000
	pigment { color rgbt <1,0,0,0> }
	no_shadow
}

// particle -1
sphere {
	<26.414408, 35.748936, 28.308252> 0.100000
	pigment { color rgbt <1,0,0,0> }
	no_shadow
}
sphere {
	0, 1
	scale<0.080000,0.200000,0.300000>
	matrix <-0.084021, -0.404734, -0.910566,
		-0.115448, -0.903690, 0.412331,
		-0.989754, 0.139768, 0.029203,
		26.117481, 35.790867, 28.317013>
	pigment { color rgbt <0,1,1,0> }
	no_shadow
}
cylinder {
	<26.580368, 35.179661, 27.922703>,  <26.810308, 35.693027, 28.296572>, 0.130000
	pigment { color rgbt <1,0,0,0> }
	no_shadow
}

// nucleotide -1

// particle -1
sphere {
	<26.580368, 35.179661, 27.922703> 0.250000
	pigment { color rgbt <1,0,0,0> }
	no_shadow
}
cylinder {
	<26.257183, 35.415123, 27.933107>,  <26.063272, 35.556400, 27.939350>, 0.100000
	pigment { color rgbt <1,0,0,0> }
	no_shadow
}
cylinder {
	<26.257183, 35.415123, 27.933107>,  <26.580368, 35.179661, 27.922703>, 0.100000
	pigment { color rgbt <1,0,0,0> }
	no_shadow
}

// particle -1
sphere {
	<26.257183, 35.415123, 27.933107> 0.100000
	pigment { color rgbt <1,0,0,0> }
	no_shadow
}
sphere {
	0, 1
	scale<0.080000,0.200000,0.300000>
	matrix <-0.246004, -0.296883, -0.922682,
		-0.535424, -0.751891, 0.384683,
		-0.807963, 0.588660, 0.026010,
		26.014793, 35.591721, 27.940910>
	pigment { color rgbt <0,1,1,0> }
	no_shadow
}
cylinder {
	<26.004436, 34.749176, 27.876358>,  <26.580368, 35.179661, 27.922703>, 0.130000
	pigment { color rgbt <1,0,0,0> }
	no_shadow
}

// nucleotide -1

// particle -1
sphere {
	<26.004436, 34.749176, 27.876358> 0.250000
	pigment { color rgbt <1,0,0,0> }
	no_shadow
}
cylinder {
	<25.841768, 35.094158, 27.755833>,  <25.744167, 35.301147, 27.683517>, 0.100000
	pigment { color rgbt <1,0,0,0> }
	no_shadow
}
cylinder {
	<25.841768, 35.094158, 27.755833>,  <26.004436, 34.749176, 27.876358>, 0.100000
	pigment { color rgbt <1,0,0,0> }
	no_shadow
}

// particle -1
sphere {
	<25.841768, 35.094158, 27.755833> 0.100000
	pigment { color rgbt <1,0,0,0> }
	no_shadow
}
sphere {
	0, 1
	scale<0.080000,0.200000,0.300000>
	matrix <-0.406823, -0.466274, -0.785547,
		-0.817994, -0.196877, 0.540486,
		-0.406670, 0.862455, -0.301315,
		25.719767, 35.352894, 27.665438>
	pigment { color rgbt <0,1,1,0> }
	no_shadow
}
cylinder {
	<25.226978, 34.685242, 27.766468>,  <26.004436, 34.749176, 27.876358>, 0.130000
	pigment { color rgbt <1,0,0,0> }
	no_shadow
}

// nucleotide -1

// particle -1
sphere {
	<25.226978, 34.685242, 27.766468> 0.250000
	pigment { color rgbt <1,0,0,0> }
	no_shadow
}
cylinder {
	<25.322062, 34.998394, 27.536480>,  <25.379110, 35.186287, 27.398487>, 0.100000
	pigment { color rgbt <1,0,0,0> }
	no_shadow
}
cylinder {
	<25.322062, 34.998394, 27.536480>,  <25.226978, 34.685242, 27.766468>, 0.100000
	pigment { color rgbt <1,0,0,0> }
	no_shadow
}

// particle -1
sphere {
	<25.322062, 34.998394, 27.536480> 0.100000
	pigment { color rgbt <1,0,0,0> }
	no_shadow
}
sphere {
	0, 1
	scale<0.080000,0.200000,0.300000>
	matrix <-0.419940, -0.450928, -0.787601,
		-0.875869, 0.428671, 0.221575,
		0.237707, 0.782883, -0.574970,
		25.393373, 35.233257, 27.363989>
	pigment { color rgbt <0,1,1,0> }
	no_shadow
}
cylinder {
	<24.604731, 34.938572, 27.533066>,  <25.226978, 34.685242, 27.766468>, 0.130000
	pigment { color rgbt <1,0,0,0> }
	no_shadow
}

// nucleotide -1

// particle -1
sphere {
	<24.604731, 34.938572, 27.533066> 0.250000
	pigment { color rgbt <1,0,0,0> }
	no_shadow
}
cylinder {
	<24.883892, 35.060078, 27.273634>,  <25.051390, 35.132980, 27.117975>, 0.100000
	pigment { color rgbt <1,0,0,0> }
	no_shadow
}
cylinder {
	<24.883892, 35.060078, 27.273634>,  <24.604731, 34.938572, 27.533066>, 0.100000
	pigment { color rgbt <1,0,0,0> }
	no_shadow
}

// particle -1
sphere {
	<24.883892, 35.060078, 27.273634> 0.100000
	pigment { color rgbt <1,0,0,0> }
	no_shadow
}
sphere {
	0, 1
	scale<0.080000,0.200000,0.300000>
	matrix <-0.549244, -0.354177, -0.756895,
		-0.459631, 0.884469, -0.080340,
		0.697904, 0.303766, -0.648580,
		25.093264, 35.151207, 27.079060>
	pigment { color rgbt <0,1,1,0> }
	no_shadow
}
cylinder {
	<24.207939, 35.251259, 26.963825>,  <24.604731, 34.938572, 27.533066>, 0.130000
	pigment { color rgbt <1,0,0,0> }
	no_shadow
}

// nucleotide -1

// particle -1
sphere {
	<24.207939, 35.251259, 26.963825> 0.250000
	pigment { color rgbt <1,0,0,0> }
	no_shadow
}
cylinder {
	<24.568144, 35.221123, 26.792521>,  <24.784266, 35.203041, 26.689737>, 0.100000
	pigment { color rgbt <1,0,0,0> }
	no_shadow
}
cylinder {
	<24.568144, 35.221123, 26.792521>,  <24.207939, 35.251259, 26.963825>, 0.100000
	pigment { color rgbt <1,0,0,0> }
	no_shadow
}

// particle -1
sphere {
	<24.568144, 35.221123, 26.792521> 0.100000
	pigment { color rgbt <1,0,0,0> }
	no_shadow
}
sphere {
	0, 1
	scale<0.080000,0.200000,0.300000>
	matrix <-0.433651, -0.082933, -0.897256,
		0.032083, 0.993703, -0.107353,
		0.900510, -0.075340, -0.428259,
		24.838297, 35.198521, 26.664043>
	pigment { color rgbt <0,1,1,0> }
	no_shadow
}
cylinder {
	<24.282122, 35.702522, 26.424868>,  <24.207939, 35.251259, 26.963825>, 0.130000
	pigment { color rgbt <1,0,0,0> }
	no_shadow
}

// nucleotide -1

// particle -1
sphere {
	<24.282122, 35.702522, 26.424868> 0.250000
	pigment { color rgbt <1,0,0,0> }
	no_shadow
}
cylinder {
	<24.495598, 35.372906, 26.348841>,  <24.623684, 35.175137, 26.303225>, 0.100000
	pigment { color rgbt <1,0,0,0> }
	no_shadow
}
cylinder {
	<24.495598, 35.372906, 26.348841>,  <24.282122, 35.702522, 26.424868>, 0.100000
	pigment { color rgbt <1,0,0,0> }
	no_shadow
}

// particle -1
sphere {
	<24.495598, 35.372906, 26.348841> 0.100000
	pigment { color rgbt <1,0,0,0> }
	no_shadow
}
sphere {
	0, 1
	scale<0.080000,0.200000,0.300000>
	matrix <-0.486042, -0.114963, -0.866341,
		0.692053, 0.554738, -0.461875,
		0.533691, -0.824044, -0.190066,
		24.655704, 35.125694, 26.291821>
	pigment { color rgbt <0,1,1,0> }
	no_shadow
}
cylinder {
	<24.367641, 35.702366, 25.696758>,  <24.282122, 35.702522, 26.424868>, 0.130000
	pigment { color rgbt <1,0,0,0> }
	no_shadow
}

// nucleotide -1

// particle -1
sphere {
	<24.367641, 35.702366, 25.696758> 0.250000
	pigment { color rgbt <1,0,0,0> }
	no_shadow
}
cylinder {
	<24.456514, 35.333591, 25.823675>,  <24.509838, 35.112328, 25.899824>, 0.100000
	pigment { color rgbt <1,0,0,0> }
	no_shadow
}
cylinder {
	<24.456514, 35.333591, 25.823675>,  <24.367641, 35.702366, 25.696758>, 0.100000
	pigment { color rgbt <1,0,0,0> }
	no_shadow
}

// particle -1
sphere {
	<24.456514, 35.333591, 25.823675> 0.100000
	pigment { color rgbt <1,0,0,0> }
	no_shadow
}
sphere {
	0, 1
	scale<0.080000,0.200000,0.300000>
	matrix <-0.474570, -0.386532, -0.790807,
		0.851715, 0.025128, -0.523403,
		0.222183, -0.921934, 0.317290,
		24.523169, 35.057011, 25.918861>
	pigment { color rgbt <0,1,1,0> }
	no_shadow
}
cylinder {
	<24.710373, 35.367413, 25.135904>,  <24.367641, 35.702366, 25.696758>, 0.130000
	pigment { color rgbt <1,0,0,0> }
	no_shadow
}

// nucleotide -1

// particle -1
sphere {
	<24.710373, 35.367413, 25.135904> 0.250000
	pigment { color rgbt <1,0,0,0> }
	no_shadow
}
cylinder {
	<24.494642, 35.124336, 25.369085>,  <24.365204, 34.978489, 25.508993>, 0.100000
	pigment { color rgbt <1,0,0,0> }
	no_shadow
}
cylinder {
	<24.494642, 35.124336, 25.369085>,  <24.710373, 35.367413, 25.135904>, 0.100000
	pigment { color rgbt <1,0,0,0> }
	no_shadow
}

// particle -1
sphere {
	<24.494642, 35.124336, 25.369085> 0.100000
	pigment { color rgbt <1,0,0,0> }
	no_shadow
}
sphere {
	0, 1
	scale<0.080000,0.200000,0.300000>
	matrix <-0.405694, -0.419125, -0.812248,
		0.737929, -0.674567, -0.020492,
		-0.539327, -0.607695, 0.582953,
		24.332844, 34.942028, 25.543972>
	pigment { color rgbt <0,1,1,0> }
	no_shadow
}
cylinder {
	<24.908457, 34.742977, 24.856543>,  <24.710373, 35.367413, 25.135904>, 0.130000
	pigment { color rgbt <1,0,0,0> }
	no_shadow
}

// nucleotide -1

// particle -1
sphere {
	<24.908457, 34.742977, 24.856543> 0.250000
	pigment { color rgbt <1,0,0,0> }
	no_shadow
}
cylinder {
	<24.548452, 34.741520, 25.030882>,  <24.332449, 34.740646, 25.135485>, 0.100000
	pigment { color rgbt <1,0,0,0> }
	no_shadow
}
cylinder {
	<24.548452, 34.741520, 25.030882>,  <24.908457, 34.742977, 24.856543>, 0.100000
	pigment { color rgbt <1,0,0,0> }
	no_shadow
}

// particle -1
sphere {
	<24.548452, 34.741520, 25.030882> 0.100000
	pigment { color rgbt <1,0,0,0> }
	no_shadow
}
sphere {
	0, 1
	scale<0.080000,0.200000,0.300000>
	matrix <-0.428083, -0.180700, -0.885490,
		0.081987, -0.983531, 0.161071,
		-0.900013, -0.003647, 0.435848,
		24.278448, 34.740425, 25.161636>
	pigment { color rgbt <0,1,1,0> }
	no_shadow
}
cylinder {
	<24.455221, 34.093727, 24.835789>,  <24.908457, 34.742977, 24.856543>, 0.130000
	pigment { color rgbt <1,0,0,0> }
	no_shadow
}

// nucleotide -1

// particle -1
sphere {
	<24.455221, 34.093727, 24.835789> 0.250000
	pigment { color rgbt <1,0,0,0> }
	no_shadow
}
cylinder {
	<24.213234, 34.412128, 24.843708>,  <24.068041, 34.603168, 24.848459>, 0.100000
	pigment { color rgbt <1,0,0,0> }
	no_shadow
}
cylinder {
	<24.213234, 34.412128, 24.843708>,  <24.455221, 34.093727, 24.835789>, 0.100000
	pigment { color rgbt <1,0,0,0> }
	no_shadow
}

// particle -1
sphere {
	<24.213234, 34.412128, 24.843708> 0.100000
	pigment { color rgbt <1,0,0,0> }
	no_shadow
}
sphere {
	0, 1
	scale<0.080000,0.200000,0.300000>
	matrix <-0.395554, -0.278858, -0.875086,
		-0.691051, -0.537231, 0.483562,
		-0.604968, 0.796004, 0.019799,
		24.031744, 34.650928, 24.849648>
	pigment { color rgbt <0,1,1,0> }
	no_shadow
}
cylinder {
	<24.884336, 33.654888, 25.336391>,  <24.455221, 34.093727, 24.835789>, 0.130000
	pigment { color rgbt <1,0,0,0> }
	no_shadow
}

// nucleotide -1

// particle -1
sphere {
	<24.884336, 33.654888, 25.336391> 0.250000
	pigment { color rgbt <1,0,0,0> }
	no_shadow
}
cylinder {
	<24.883474, 33.266396, 25.241138>,  <24.882957, 33.033298, 25.183987>, 0.100000
	pigment { color rgbt <1,0,0,0> }
	no_shadow
}
cylinder {
	<24.883474, 33.266396, 25.241138>,  <24.884336, 33.654888, 25.336391>, 0.100000
	pigment { color rgbt <1,0,0,0> }
	no_shadow
}

// particle -1
sphere {
	<24.883474, 33.266396, 25.241138> 0.100000
	pigment { color rgbt <1,0,0,0> }
	no_shadow
}
sphere {
	0, 1
	scale<0.080000,0.200000,0.300000>
	matrix <0.003361, -0.238140, 0.971225,
		-0.999992, 0.001292, 0.003777,
		-0.002154, -0.971230, -0.238133,
		24.882828, 32.975025, 25.169699>
	pigment { color rgbt <0,1,1,0> }
	no_shadow
}
cylinder {
	<24.420851, 33.269371, 25.808176>,  <24.884336, 33.654888, 25.336391>, 0.130000
	pigment { color rgbt <1,0,0,0> }
	no_shadow
}

// nucleotide -1

// particle -1
sphere {
	<24.420851, 33.269371, 25.808176> 0.250000
	pigment { color rgbt <1,0,0,0> }
	no_shadow
}
cylinder {
	<24.737017, 33.065105, 25.672844>,  <24.926716, 32.942547, 25.591644>, 0.100000
	pigment { color rgbt <1,0,0,0> }
	no_shadow
}
cylinder {
	<24.737017, 33.065105, 25.672844>,  <24.420851, 33.269371, 25.808176>, 0.100000
	pigment { color rgbt <1,0,0,0> }
	no_shadow
}

// particle -1
sphere {
	<24.737017, 33.065105, 25.672844> 0.100000
	pigment { color rgbt <1,0,0,0> }
	no_shadow
}
sphere {
	0, 1
	scale<0.080000,0.200000,0.300000>
	matrix <0.217857, -0.281861, 0.934394,
		-0.572524, -0.812266, -0.111535,
		0.790414, -0.510665, -0.338330,
		24.974140, 32.911907, 25.571344>
	pigment { color rgbt <0,1,1,0> }
	no_shadow
}
cylinder {
	<24.357725, 32.596874, 26.215775>,  <24.420851, 33.269371, 25.808176>, 0.130000
	pigment { color rgbt <1,0,0,0> }
	no_shadow
}

// nucleotide -1

// particle -1
sphere {
	<24.357725, 32.596874, 26.215775> 0.250000
	pigment { color rgbt <1,0,0,0> }
	no_shadow
}
cylinder {
	<24.728035, 32.631172, 26.068483>,  <24.950220, 32.651752, 25.980108>, 0.100000
	pigment { color rgbt <1,0,0,0> }
	no_shadow
}
cylinder {
	<24.728035, 32.631172, 26.068483>,  <24.357725, 32.596874, 26.215775>, 0.100000
	pigment { color rgbt <1,0,0,0> }
	no_shadow
}

// particle -1
sphere {
	<24.728035, 32.631172, 26.068483> 0.100000
	pigment { color rgbt <1,0,0,0> }
	no_shadow
}
sphere {
	0, 1
	scale<0.080000,0.200000,0.300000>
	matrix <0.373915, -0.351782, 0.858159,
		-0.055953, -0.932147, -0.357731,
		0.925774, 0.085744, -0.368227,
		25.005768, 32.656895, 25.958015>
	pigment { color rgbt <0,1,1,0> }
	no_shadow
}
cylinder {
	<24.760048, 31.956768, 26.069052>,  <24.357725, 32.596874, 26.215775>, 0.130000
	pigment { color rgbt <1,0,0,0> }
	no_shadow
}

// nucleotide -1

// particle -1
sphere {
	<24.760048, 31.956768, 26.069052> 0.250000
	pigment { color rgbt <1,0,0,0> }
	no_shadow
}
cylinder {
	<24.919228, 32.299736, 26.199570>,  <25.014736, 32.505516, 26.277882>, 0.100000
	pigment { color rgbt <1,0,0,0> }
	no_shadow
}
cylinder {
	<24.919228, 32.299736, 26.199570>,  <24.760048, 31.956768, 26.069052>, 0.100000
	pigment { color rgbt <1,0,0,0> }
	no_shadow
}

// particle -1
sphere {
	<24.919228, 32.299736, 26.199570> 0.100000
	pigment { color rgbt <1,0,0,0> }
	no_shadow
}
sphere {
	0, 1
	scale<0.080000,0.200000,0.300000>
	matrix <0.118560, -0.400756, 0.908481,
		0.909714, -0.322844, -0.261136,
		0.397949, 0.857419, 0.326297,
		25.038612, 32.556961, 26.297459>
	pigment { color rgbt <0,1,1,0> }
	no_shadow
}
cylinder {
	<25.330631, 31.863867, 26.453047>,  <24.760048, 31.956768, 26.069052>, 0.130000
	pigment { color rgbt <1,0,0,0> }
	no_shadow
}

// nucleotide -1

// particle -1
sphere {
	<25.330631, 31.863867, 26.453047> 0.250000
	pigment { color rgbt <1,0,0,0> }
	no_shadow
}
cylinder {
	<25.199575, 32.222752, 26.571478>,  <25.120941, 32.438084, 26.642536>, 0.100000
	pigment { color rgbt <1,0,0,0> }
	no_shadow
}
cylinder {
	<25.199575, 32.222752, 26.571478>,  <25.330631, 31.863867, 26.453047>, 0.100000
	pigment { color rgbt <1,0,0,0> }
	no_shadow
}

// particle -1
sphere {
	<25.199575, 32.222752, 26.571478> 0.100000
	pigment { color rgbt <1,0,0,0> }
	no_shadow
}
sphere {
	0, 1
	scale<0.080000,0.200000,0.300000>
	matrix <0.044714, -0.298301, 0.953424,
		0.943744, 0.325619, 0.057617,
		-0.327640, 0.897212, 0.296080,
		25.101284, 32.491917, 26.660301>
	pigment { color rgbt <0,1,1,0> }
	no_shadow
}
cylinder {
	<25.731758, 32.285469, 26.904165>,  <25.330631, 31.863867, 26.453047>, 0.130000
	pigment { color rgbt <1,0,0,0> }
	no_shadow
}

// nucleotide -1

// particle -1
sphere {
	<25.731758, 32.285469, 26.904165> 0.250000
	pigment { color rgbt <1,0,0,0> }
	no_shadow
}
cylinder {
	<25.352179, 32.370754, 26.997150>,  <25.124432, 32.421925, 27.052942>, 0.100000
	pigment { color rgbt <1,0,0,0> }
	no_shadow
}
cylinder {
	<25.352179, 32.370754, 26.997150>,  <25.731758, 32.285469, 26.904165>, 0.100000
	pigment { color rgbt <1,0,0,0> }
	no_shadow
}

// particle -1
sphere {
	<25.352179, 32.370754, 26.997150> 0.100000
	pigment { color rgbt <1,0,0,0> }
	no_shadow
}
sphere {
	0, 1
	scale<0.080000,0.200000,0.300000>
	matrix <0.233073, -0.022631, 0.972196,
		0.212543, 0.976744, -0.028217,
		-0.948948, 0.213210, 0.232463,
		25.067493, 32.434719, 27.066889>
	pigment { color rgbt <0,1,1,0> }
	no_shadow
}
cylinder {
	<25.673601, 32.946953, 27.178982>,  <25.731758, 32.285469, 26.904165>, 0.130000
	pigment { color rgbt <1,0,0,0> }
	no_shadow
}

// nucleotide -1

// particle -1
sphere {
	<25.673601, 32.946953, 27.178982> 0.250000
	pigment { color rgbt <1,0,0,0> }
	no_shadow
}
cylinder {
	<25.380789, 32.707623, 27.309298>,  <25.205101, 32.564026, 27.387487>, 0.100000
	pigment { color rgbt <1,0,0,0> }
	no_shadow
}
cylinder {
	<25.380789, 32.707623, 27.309298>,  <25.673601, 32.946953, 27.178982>, 0.100000
	pigment { color rgbt <1,0,0,0> }
	no_shadow
}

// particle -1
sphere {
	<25.380789, 32.707623, 27.309298> 0.100000
	pigment { color rgbt <1,0,0,0> }
	no_shadow
}
sphere {
	0, 1
	scale<0.080000,0.200000,0.300000>
	matrix <0.288296, 0.161218, 0.943872,
		-0.617263, 0.784869, 0.054477,
		-0.732033, -0.598323, 0.325788,
		25.161179, 32.528126, 27.407034>
	pigment { color rgbt <0,1,1,0> }
	no_shadow
}
cylinder {
	<25.218971, 33.306957, 27.617231>,  <25.673601, 32.946953, 27.178982>, 0.130000
	pigment { color rgbt <1,0,0,0> }
	no_shadow
}

// nucleotide -1

// particle -1
sphere {
	<25.218971, 33.306957, 27.617231> 0.250000
	pigment { color rgbt <1,0,0,0> }
	no_shadow
}
cylinder {
	<25.205315, 32.918709, 27.712500>,  <25.197121, 32.685760, 27.769661>, 0.100000
	pigment { color rgbt <1,0,0,0> }
	no_shadow
}
cylinder {
	<25.205315, 32.918709, 27.712500>,  <25.218971, 33.306957, 27.617231>, 0.100000
	pigment { color rgbt <1,0,0,0> }
	no_shadow
}

// particle -1
sphere {
	<25.205315, 32.918709, 27.712500> 0.100000
	pigment { color rgbt <1,0,0,0> }
	no_shadow
}
sphere {
	0, 1
	scale<0.080000,0.200000,0.300000>
	matrix <0.160688, 0.229879, 0.959862,
		-0.986415, 0.071043, 0.148118,
		-0.034142, -0.970623, 0.238172,
		25.195072, 32.627522, 27.783951>
	pigment { color rgbt <0,1,1,0> }
	no_shadow
}
cylinder {
	<24.861969, 33.302929, 28.219080>,  <25.218971, 33.306957, 27.617231>, 0.130000
	pigment { color rgbt <1,0,0,0> }
	no_shadow
}

// nucleotide -1

// particle -1
sphere {
	<24.861969, 33.302929, 28.219080> 0.250000
	pigment { color rgbt <1,0,0,0> }
	no_shadow
}
cylinder {
	<25.049704, 32.950378, 28.197535>,  <25.162344, 32.738850, 28.184607>, 0.100000
	pigment { color rgbt <1,0,0,0> }
	no_shadow
}
cylinder {
	<25.049704, 32.950378, 28.197535>,  <24.861969, 33.302929, 28.219080>, 0.100000
	pigment { color rgbt <1,0,0,0> }
	no_shadow
}

// particle -1
sphere {
	<25.049704, 32.950378, 28.197535> 0.100000
	pigment { color rgbt <1,0,0,0> }
	no_shadow
}
sphere {
	0, 1
	scale<0.080000,0.200000,0.300000>
	matrix <0.153690, 0.021466, 0.987886,
		-0.869542, -0.471929, 0.145534,
		0.469336, -0.881375, -0.053865,
		25.190504, 32.685966, 28.181376>
	pigment { color rgbt <0,1,1,0> }
	no_shadow
}
cylinder {
	<24.576866, 32.909538, 28.790960>,  <24.861969, 33.302929, 28.219080>, 0.130000
	pigment { color rgbt <1,0,0,0> }
	no_shadow
}

// nucleotide -1

// particle -1
sphere {
	<24.576866, 32.909538, 28.790960> 0.250000
	pigment { color rgbt <1,0,0,0> }
	no_shadow
}
cylinder {
	<24.931955, 32.761246, 28.681776>,  <25.145008, 32.672268, 28.616266>, 0.100000
	pigment { color rgbt <1,0,0,0> }
	no_shadow
}
cylinder {
	<24.931955, 32.761246, 28.681776>,  <24.576866, 32.909538, 28.790960>, 0.100000
	pigment { color rgbt <1,0,0,0> }
	no_shadow
}

// particle -1
sphere {
	<24.931955, 32.761246, 28.681776> 0.100000
	pigment { color rgbt <1,0,0,0> }
	no_shadow
}
sphere {
	0, 1
	scale<0.080000,0.200000,0.300000>
	matrix <0.267590, -0.066960, 0.961203,
		-0.374629, -0.926322, 0.039763,
		0.887721, -0.370735, -0.272959,
		25.198273, 32.650024, 28.599888>
	pigment { color rgbt <0,1,1,0> }
	no_shadow
}
cylinder {
	<24.632671, 32.453979, 29.308847>,  <24.576866, 32.909538, 28.790960>, 0.130000
	pigment { color rgbt <1,0,0,0> }
	no_shadow
}

// nucleotide -1

// particle -1
sphere {
	<24.632671, 32.453979, 29.308847> 0.250000
	pigment { color rgbt <1,0,0,0> }
	no_shadow
}
cylinder {
	<25.004961, 32.434673, 29.163839>,  <25.228334, 32.423088, 29.076834>, 0.100000
	pigment { color rgbt <1,0,0,0> }
	no_shadow
}
cylinder {
	<25.004961, 32.434673, 29.163839>,  <24.632671, 32.453979, 29.308847>, 0.100000
	pigment { color rgbt <1,0,0,0> }
	no_shadow
}

// particle -1
sphere {
	<25.004961, 32.434673, 29.163839> 0.100000
	pigment { color rgbt <1,0,0,0> }
	no_shadow
}
sphere {
	0, 1
	scale<0.080000,0.200000,0.300000>
	matrix <0.358867, -0.070467, 0.930725,
		-0.070467, -0.996346, -0.048265,
		-0.930725, 0.048265, 0.362522,
		25.284178, 32.420193, 29.055082>
	pigment { color rgbt <0,1,1,0> }
	no_shadow
}
cylinder {
	<24.941517, 32.063957, 29.754238>,  <24.632671, 32.453979, 29.308847>, 0.130000
	pigment { color rgbt <1,0,0,0> }
	no_shadow
}

// nucleotide -1

// particle -1
sphere {
	<24.941517, 32.063957, 29.754238> 0.250000
	pigment { color rgbt <1,0,0,0> }
	no_shadow
}
cylinder {
	<25.238823, 32.266392, 29.579226>,  <25.417206, 32.387852, 29.474218>, 0.100000
	pigment { color rgbt <1,0,0,0> }
	no_shadow
}
cylinder {
	<25.238823, 32.266392, 29.579226>,  <24.941517, 32.063957, 29.754238>, 0.100000
	pigment { color rgbt <1,0,0,0> }
	no_shadow
}

// particle -1
sphere {
	<25.238823, 32.266392, 29.579226> 0.100000
	pigment { color rgbt <1,0,0,0> }
	no_shadow
}
sphere {
	0, 1
	scale<0.080000,0.200000,0.300000>
	matrix <0.501174, 0.012008, 0.865263,
		0.443152, -0.862399, -0.244713,
		0.743264, 0.506087, -0.437533,
		25.461802, 32.418217, 29.447966>
	pigment { color rgbt <0,1,1,0> }
	no_shadow
}
cylinder {
	<25.627031, 31.694393, 30.001574>,  <24.941517, 32.063957, 29.754238>, 0.130000
	pigment { color rgbt <1,0,0,0> }
	no_shadow
}

// nucleotide -1

// particle -1
sphere {
	<25.627031, 31.694393, 30.001574> 0.250000
	pigment { color rgbt <1,0,0,0> }
	no_shadow
}
cylinder {
	<25.665482, 32.074966, 29.884586>,  <25.688551, 32.303310, 29.814394>, 0.100000
	pigment { color rgbt <1,0,0,0> }
	no_shadow
}
cylinder {
	<25.665482, 32.074966, 29.884586>,  <25.627031, 31.694393, 30.001574>, 0.100000
	pigment { color rgbt <1,0,0,0> }
	no_shadow
}

// particle -1
sphere {
	<25.665482, 32.074966, 29.884586> 0.100000
	pigment { color rgbt <1,0,0,0> }
	no_shadow
}
sphere {
	0, 1
	scale<0.080000,0.200000,0.300000>
	matrix <0.674552, 0.153797, 0.722029,
		0.731942, -0.266689, -0.627007,
		0.096125, 0.951432, -0.292466,
		25.694319, 32.360397, 29.796846>
	pigment { color rgbt <0,1,1,0> }
	no_shadow
}
cylinder {
	<26.326553, 31.838886, 30.044579>,  <25.627031, 31.694393, 30.001574>, 0.130000
	pigment { color rgbt <1,0,0,0> }
	no_shadow
}

// nucleotide -1

// particle -1
sphere {
	<26.326553, 31.838886, 30.044579> 0.250000
	pigment { color rgbt <1,0,0,0> }
	no_shadow
}
cylinder {
	<26.164528, 32.204391, 30.056976>,  <26.067312, 32.423695, 30.064415>, 0.100000
	pigment { color rgbt <1,0,0,0> }
	no_shadow
}
cylinder {
	<26.164528, 32.204391, 30.056976>,  <26.326553, 31.838886, 30.044579>, 0.100000
	pigment { color rgbt <1,0,0,0> }
	no_shadow
}

// particle -1
sphere {
	<26.164528, 32.204391, 30.056976> 0.100000
	pigment { color rgbt <1,0,0,0> }
	no_shadow
}
sphere {
	0, 1
	scale<0.080000,0.200000,0.300000>
	matrix <0.465900, 0.177124, 0.866928,
