// switches for output
#declare DRAW_BASES = 1; // possible values are 0, 1; only relevant for DNA ribbons
#declare DRAW_BASES_TYPE = 3; // possible values are 1, 2, 3; only relevant for DNA ribbons
#declare DRAW_FOG = 0; // set to 1 to enable fog

#include "colors.inc"

#include "transforms.inc"
background { rgb <1, 1, 1>}

#default {
   normal{
       ripples 0.25
       frequency 0.20
       turbulence 0.2
       lambda 5
   }
	finish {
		phong 0.1
		phong_size 40.
	}
}

// original window dimensions: 1024x640


// camera settings

camera {
	sky <0, 0.179814, -0.983701>
	up <0, 0.179814, -0.983701>
	right 1.6 * <1, 0, 0>
	location <35, 94.9851, 44.8844>
	look_at <35, 29.7336, 32.9568>
	direction <0, -65.2515, -11.9276>
	angle 67.0682
}


# declare cpy_camera_pos = <35, 94.9851, 44.8844>;
# if (DRAW_FOG = 1)
fog {
	fog_type 2
	up vnormalize(cpy_camera_pos)
	color rgbt<1,1,1,0.3>
	distance 1e-5
	fog_alt 3e-3
	fog_offset 56
}
# end


// LIGHTS

# declare lum = 6;
global_settings {
	ambient_light rgb lum * <0.05, 0.05, 0.05>
	max_trace_level 15
}# declare cpy_direct_light_amount = 0.25;
light_source
{	1000 * <-1, -1.16352, -0.803886>,
	rgb lum * cpy_direct_light_amount
	parallel
}

light_source
{	1000 * <1, 1.16352, 0.803886>,
	rgb lum * cpy_direct_light_amount
	parallel
}

// strand 0

// nucleotide -1

// particle -1
sphere {
	<24.348528, 34.509922, 34.662964> 0.250000
	pigment { color rgbt <1,0,0,0> }
	no_shadow
}
cylinder {
	<24.356400, 34.858418, 34.859150>,  <24.361122, 35.067516, 34.976860>, 0.100000
	pigment { color rgbt <1,0,0,0> }
	no_shadow
}
cylinder {
	<24.356400, 34.858418, 34.859150>,  <24.348528, 34.509922, 34.662964>, 0.100000
	pigment { color rgbt <1,0,0,0> }
	no_shadow
}

// particle -1
sphere {
	<24.356400, 34.858418, 34.859150> 0.100000
	pigment { color rgbt <1,0,0,0> }
	no_shadow
}
sphere {
	0, 1
	scale<0.080000,0.200000,0.300000>
	matrix <0.998320, -0.043859, 0.037855,
		0.054492, 0.488895, -0.870639,
		0.019678, 0.871240, 0.490463,
		24.362303, 35.119789, 35.006290>
	pigment { color rgbt <0,1,1,0> }
	no_shadow
}
cylinder {
	<24.877636, 34.935642, 34.389729>,  <24.348528, 34.509922, 34.662964>, 0.130000
	pigment { color rgbt <1,0,0,0> }
	no_shadow
}

// nucleotide -1

// particle -1
sphere {
	<24.877636, 34.935642, 34.389729> 0.250000
	pigment { color rgbt <1,0,0,0> }
	no_shadow
}
cylinder {
	<24.805479, 35.092014, 34.750755>,  <24.762184, 35.185837, 34.967373>, 0.100000
	pigment { color rgbt <1,0,0,0> }
	no_shadow
}
cylinder {
	<24.805479, 35.092014, 34.750755>,  <24.877636, 34.935642, 34.389729>, 0.100000
	pigment { color rgbt <1,0,0,0> }
	no_shadow
}

// particle -1
sphere {
	<24.805479, 35.092014, 34.750755> 0.100000
	pigment { color rgbt <1,0,0,0> }
	no_shadow
}
sphere {
	0, 1
	scale<0.080000,0.200000,0.300000>
	matrix <0.974096, 0.198225, 0.108830,
		-0.136367, 0.898822, -0.416562,
		-0.180392, 0.390930, 0.902570,
		24.751362, 35.209293, 35.021526>
	pigment { color rgbt <0,1,1,0> }
	no_shadow
}
cylinder {
	<25.204386, 35.621101, 34.495152>,  <24.877636, 34.935642, 34.389729>, 0.130000
	pigment { color rgbt <1,0,0,0> }
	no_shadow
}

// nucleotide -1

// particle -1
sphere {
	<25.204386, 35.621101, 34.495152> 0.250000
	pigment { color rgbt <1,0,0,0> }
	no_shadow
}
cylinder {
	<25.203053, 35.395226, 34.825272>,  <25.202251, 35.259701, 35.023342>, 0.100000
	pigment { color rgbt <1,0,0,0> }
	no_shadow
}
cylinder {
	<25.203053, 35.395226, 34.825272>,  <25.204386, 35.621101, 34.495152>, 0.100000
	pigment { color rgbt <1,0,0,0> }
	no_shadow
}

// particle -1
sphere {
	<25.203053, 35.395226, 34.825272> 0.100000
	pigment { color rgbt <1,0,0,0> }
	no_shadow
}
sphere {
	0, 1
	scale<0.080000,0.200000,0.300000>
	matrix <0.999960, 0.004973, 0.007442,
		-0.008307, 0.825288, 0.564651,
		-0.003334, -0.564690, 0.825297,
		25.202053, 35.225819, 35.072861>
	pigment { color rgbt <0,1,1,0> }
	no_shadow
}
cylinder {
	<25.582851, 35.021763, 34.721786>,  <25.204386, 35.621101, 34.495152>, 0.130000
	pigment { color rgbt <1,0,0,0> }
	no_shadow
}

// nucleotide -1

// particle -1
sphere {
	<25.582851, 35.021763, 34.721786> 0.250000
	pigment { color rgbt <1,0,0,0> }
	no_shadow
}
cylinder {
	<25.935310, 34.894745, 34.861927>,  <26.146786, 34.818535, 34.946011>, 0.100000
	pigment { color rgbt <1,0,0,0> }
	no_shadow
}
cylinder {
	<25.935310, 34.894745, 34.861927>,  <25.582851, 35.021763, 34.721786>, 0.100000
	pigment { color rgbt <1,0,0,0> }
	no_shadow
}

// particle -1
sphere {
	<25.935310, 34.894745, 34.861927> 0.100000
	pigment { color rgbt <1,0,0,0> }
	no_shadow
}
sphere {
	0, 1
	scale<0.080000,0.200000,0.300000>
	matrix <0.218606, -0.383419, -0.897330,
		0.419275, 0.867268, -0.268431,
		0.881147, -0.317547, 0.350348,
		26.199654, 34.799480, 34.967033>
	pigment { color rgbt <0,1,1,0> }
	no_shadow
}
cylinder {
	<26.099445, 35.238018, 34.265106>,  <25.582851, 35.021763, 34.721786>, 0.130000
	pigment { color rgbt <1,0,0,0> }
	no_shadow
}

// nucleotide -1

// particle -1
sphere {
	<26.099445, 35.238018, 34.265106> 0.250000
	pigment { color rgbt <1,0,0,0> }
	no_shadow
}
cylinder {
	<26.222630, 34.913624, 34.464092>,  <26.296539, 34.718987, 34.583485>, 0.100000
	pigment { color rgbt <1,0,0,0> }
	no_shadow
}
cylinder {
	<26.222630, 34.913624, 34.464092>,  <26.099445, 35.238018, 34.265106>, 0.100000
	pigment { color rgbt <1,0,0,0> }
	no_shadow
}

// particle -1
sphere {
	<26.222630, 34.913624, 34.464092> 0.100000
	pigment { color rgbt <1,0,0,0> }
	no_shadow
}
sphere {
	0, 1
	scale<0.080000,0.200000,0.300000>
	matrix <0.164183, -0.469729, -0.867409,
		0.937126, 0.348801, -0.011508,
		0.307958, -0.810982, 0.497463,
		26.315018, 34.670330, 34.613331>
	pigment { color rgbt <0,1,1,0> }
	no_shadow
}
cylinder {
	<26.729187, 34.963867, 33.947239>,  <26.099445, 35.238018, 34.265106>, 0.130000
	pigment { color rgbt <1,0,0,0> }
	no_shadow
}

// nucleotide -1

// particle -1
sphere {
	<26.729187, 34.963867, 33.947239> 0.250000
	pigment { color rgbt <1,0,0,0> }
	no_shadow
}
cylinder {
	<26.568497, 34.657906, 34.148647>,  <26.472082, 34.474327, 34.269493>, 0.100000
	pigment { color rgbt <1,0,0,0> }
	no_shadow
}
cylinder {
	<26.568497, 34.657906, 34.148647>,  <26.729187, 34.963867, 33.947239>, 0.100000
	pigment { color rgbt <1,0,0,0> }
	no_shadow
}

// particle -1
sphere {
	<26.568497, 34.657906, 34.148647> 0.100000
	pigment { color rgbt <1,0,0,0> }
	no_shadow
}
sphere {
	0, 1
	scale<0.080000,0.200000,0.300000>
	matrix <0.042394, -0.564788, -0.824146,
		0.914779, -0.309732, 0.259316,
		-0.401724, -0.764905, 0.503526,
		26.447979, 34.428432, 34.299706>
	pigment { color rgbt <0,1,1,0> }
	no_shadow
}
cylinder {
	<27.031401, 34.340698, 33.667004>,  <26.729187, 34.963867, 33.947239>, 0.130000
	pigment { color rgbt <1,0,0,0> }
	no_shadow
}

// nucleotide -1

// particle -1
sphere {
	<27.031401, 34.340698, 33.667004> 0.250000
	pigment { color rgbt <1,0,0,0> }
	no_shadow
}
cylinder {
	<26.713303, 34.214748, 33.874249>,  <26.522444, 34.139179, 33.998596>, 0.100000
	pigment { color rgbt <1,0,0,0> }
	no_shadow
}
cylinder {
	<26.713303, 34.214748, 33.874249>,  <27.031401, 34.340698, 33.667004>, 0.100000
	pigment { color rgbt <1,0,0,0> }
	no_shadow
}

// particle -1
sphere {
	<26.713303, 34.214748, 33.874249> 0.100000
	pigment { color rgbt <1,0,0,0> }
	no_shadow
}
sphere {
	0, 1
	scale<0.080000,0.200000,0.300000>
	matrix <-0.018886, -0.841283, -0.540265,
		0.605992, -0.439429, 0.663081,
		-0.795246, -0.314874, 0.518110,
		26.474730, 34.120285, 34.029682>
	pigment { color rgbt <0,1,1,0> }
	no_shadow
}
cylinder {
	<27.232519, 33.657528, 33.921627>,  <27.031401, 34.340698, 33.667004>, 0.130000
	pigment { color rgbt <1,0,0,0> }
	no_shadow
}

// nucleotide -1

// particle -1
sphere {
	<27.232519, 33.657528, 33.921627> 0.250000
	pigment { color rgbt <1,0,0,0> }
	no_shadow
}
cylinder {
	<26.835817, 33.673622, 33.872963>,  <26.597795, 33.683277, 33.843765>, 0.100000
	pigment { color rgbt <1,0,0,0> }
	no_shadow
}
cylinder {
	<26.835817, 33.673622, 33.872963>,  <27.232519, 33.657528, 33.921627>, 0.100000
	pigment { color rgbt <1,0,0,0> }
	no_shadow
}

// particle -1
sphere {
	<26.835817, 33.673622, 33.872963> 0.100000
	pigment { color rgbt <1,0,0,0> }
	no_shadow
}
sphere {
	0, 1
	scale<0.080000,0.200000,0.300000>
	matrix <0.045196, -0.778605, -0.625884,
		-0.119908, -0.626223, 0.770368,
		-0.991756, 0.040231, -0.121664,
		26.538290, 33.685692, 33.836464>
	pigment { color rgbt <0,1,1,0> }
	no_shadow
}
cylinder {
	<27.085709, 33.021290, 33.874645>,  <27.232519, 33.657528, 33.921627>, 0.130000
	pigment { color rgbt <1,0,0,0> }
	no_shadow
}

// nucleotide -1

// particle -1
sphere {
	<27.085709, 33.021290, 33.874645> 0.250000
	pigment { color rgbt <1,0,0,0> }
	no_shadow
}
cylinder {
	<26.752741, 33.182968, 33.723011>,  <26.552959, 33.279976, 33.632030>, 0.100000
	pigment { color rgbt <1,0,0,0> }
	no_shadow
}
cylinder {
	<26.752741, 33.182968, 33.723011>,  <27.085709, 33.021290, 33.874645>, 0.100000
	pigment { color rgbt <1,0,0,0> }
	no_shadow
}

// particle -1
sphere {
	<26.752741, 33.182968, 33.723011> 0.100000
	pigment { color rgbt <1,0,0,0> }
	no_shadow
}
sphere {
	0, 1
	scale<0.080000,0.200000,0.300000>
	matrix <-0.022998, -0.708698, -0.705137,
		-0.553666, -0.578253, 0.599231,
		-0.832421, 0.404192, -0.379084,
		26.503016, 33.304226, 33.609287>
	pigment { color rgbt <0,1,1,0> }
	no_shadow
}
cylinder {
	<26.564619, 32.442539, 33.776676>,  <27.085709, 33.021290, 33.874645>, 0.130000
	pigment { color rgbt <1,0,0,0> }
	no_shadow
}

// nucleotide -1

// particle -1
sphere {
	<26.564619, 32.442539, 33.776676> 0.250000
	pigment { color rgbt <1,0,0,0> }
	no_shadow
}
cylinder {
	<26.445801, 32.746559, 33.545479>,  <26.374510, 32.928970, 33.406761>, 0.100000
	pigment { color rgbt <1,0,0,0> }
	no_shadow
}
cylinder {
	<26.445801, 32.746559, 33.545479>,  <26.564619, 32.442539, 33.776676>, 0.100000
	pigment { color rgbt <1,0,0,0> }
	no_shadow
}

// particle -1
sphere {
	<26.445801, 32.746559, 33.545479> 0.100000
	pigment { color rgbt <1,0,0,0> }
	no_shadow
}
sphere {
	0, 1
	scale<0.080000,0.200000,0.300000>
	matrix <-0.086751, -0.624297, -0.776355,
		-0.950914, -0.180472, 0.251381,
		-0.297048, 0.760054, -0.577997,
		26.356686, 32.974575, 33.372078>
	pigment { color rgbt <0,1,1,0> }
	no_shadow
}
cylinder {
	<26.061586, 32.175179, 33.313553>,  <26.564619, 32.442539, 33.776676>, 0.130000
	pigment { color rgbt <1,0,0,0> }
	no_shadow
}

// nucleotide -1

// particle -1
sphere {
	<26.061586, 32.175179, 33.313553> 0.250000
	pigment { color rgbt <1,0,0,0> }
	no_shadow
}
cylinder {
	<26.157434, 32.521835, 33.138504>,  <26.214943, 32.729828, 33.033474>, 0.100000
	pigment { color rgbt <1,0,0,0> }
	no_shadow
}
cylinder {
	<26.157434, 32.521835, 33.138504>,  <26.061586, 32.175179, 33.313553>, 0.100000
	pigment { color rgbt <1,0,0,0> }
	no_shadow
}

// particle -1
sphere {
	<26.157434, 32.521835, 33.138504> 0.100000
	pigment { color rgbt <1,0,0,0> }
	no_shadow
}
sphere {
	0, 1
	scale<0.080000,0.200000,0.300000>
	matrix <0.028092, -0.456759, -0.889147,
		-0.970460, 0.200763, -0.133794,
		0.239619, 0.866640, -0.437626,
		26.229321, 32.781826, 33.007217>
	pigment { color rgbt <0,1,1,0> }
	no_shadow
}
cylinder {
	<25.582504, 32.240257, 32.788143>,  <26.061586, 32.175179, 33.313553>, 0.130000
	pigment { color rgbt <1,0,0,0> }
	no_shadow
}

// nucleotide -1

// particle -1
sphere {
	<25.582504, 32.240257, 32.788143> 0.250000
	pigment { color rgbt <1,0,0,0> }
	no_shadow
}
cylinder {
	<25.916624, 32.440807, 32.697903>,  <26.117096, 32.561138, 32.643761>, 0.100000
	pigment { color rgbt <1,0,0,0> }
	no_shadow
}
cylinder {
	<25.916624, 32.440807, 32.697903>,  <25.582504, 32.240257, 32.788143>, 0.100000
	pigment { color rgbt <1,0,0,0> }
	no_shadow
}

// particle -1
sphere {
	<25.916624, 32.440807, 32.697903> 0.100000
	pigment { color rgbt <1,0,0,0> }
	no_shadow
}
sphere {
	0, 1
	scale<0.080000,0.200000,0.300000>
	matrix <0.023212, -0.442124, -0.896653,
		-0.549304, 0.743738, -0.380945,
		0.835300, 0.501378, -0.225597,
		26.167213, 32.591221, 32.630222>
	pigment { color rgbt <0,1,1,0> }
	no_shadow
}
cylinder {
	<25.470247, 32.349609, 32.023777>,  <25.582504, 32.240257, 32.788143>, 0.130000
	pigment { color rgbt <1,0,0,0> }
	no_shadow
}

// nucleotide -1

// particle -1
sphere {
	<25.470247, 32.349609, 32.023777> 0.250000
	pigment { color rgbt <1,0,0,0> }
	no_shadow
}
cylinder {
	<25.852833, 32.452953, 32.078075>,  <26.082384, 32.514961, 32.110653>, 0.100000
	pigment { color rgbt <1,0,0,0> }
	no_shadow
}
cylinder {
	<25.852833, 32.452953, 32.078075>,  <25.470247, 32.349609, 32.023777>, 0.100000
	pigment { color rgbt <1,0,0,0> }
	no_shadow
}

// particle -1
sphere {
	<25.852833, 32.452953, 32.078075> 0.100000
	pigment { color rgbt <1,0,0,0> }
	no_shadow
}
sphere {
	0, 1
	scale<0.080000,0.200000,0.300000>
	matrix <0.251750, -0.495064, -0.831585,
		-0.147649, 0.829554, -0.538554,
		0.956463, 0.258364, 0.135744,
		26.139772, 32.530464, 32.118797>
	pigment { color rgbt <0,1,1,0> }
	no_shadow
}
cylinder {
	<25.701588, 32.635361, 31.336475>,  <25.470247, 32.349609, 32.023777>, 0.130000
	pigment { color rgbt <1,0,0,0> }
	no_shadow
}

// nucleotide -1

// particle -1
sphere {
	<25.701588, 32.635361, 31.336475> 0.250000
	pigment { color rgbt <1,0,0,0> }
	no_shadow
}
cylinder {
	<26.010483, 32.504414, 31.554276>,  <26.195820, 32.425846, 31.684956>, 0.100000
	pigment { color rgbt <1,0,0,0> }
	no_shadow
}
cylinder {
	<26.010483, 32.504414, 31.554276>,  <25.701588, 32.635361, 31.336475>, 0.100000
	pigment { color rgbt <1,0,0,0> }
	no_shadow
}

// particle -1
sphere {
	<26.010483, 32.504414, 31.554276> 0.100000
	pigment { color rgbt <1,0,0,0> }
	no_shadow
}
sphere {
	0, 1
	scale<0.080000,0.200000,0.300000>
	matrix <0.292129, -0.578098, -0.761882,
		0.564189, 0.747418, -0.350796,
		0.772238, -0.327367, 0.544499,
		26.242155, 32.406204, 31.717625>
	pigment { color rgbt <0,1,1,0> }
	no_shadow
}
cylinder {
	<26.403700, 32.686867, 30.911102>,  <25.701588, 32.635361, 31.336475>, 0.130000
	pigment { color rgbt <1,0,0,0> }
	no_shadow
}

// nucleotide -1

// particle -1
sphere {
	<26.403700, 32.686867, 30.911102> 0.250000
	pigment { color rgbt <1,0,0,0> }
	no_shadow
}
cylinder {
	<26.428862, 32.398071, 31.186718>,  <26.443958, 32.224792, 31.352087>, 0.100000
	pigment { color rgbt <1,0,0,0> }
	no_shadow
}
cylinder {
	<26.428862, 32.398071, 31.186718>,  <26.403700, 32.686867, 30.911102>, 0.100000
	pigment { color rgbt <1,0,0,0> }
	no_shadow
}

// particle -1
sphere {
	<26.428862, 32.398071, 31.186718> 0.100000
	pigment { color rgbt <1,0,0,0> }
	no_shadow
}
sphere {
	0, 1
	scale<0.080000,0.200000,0.300000>
	matrix <0.270538, -0.652219, -0.708109,
		0.960652, 0.230953, 0.154300,
		0.062902, -0.721991, 0.689038,
		26.447733, 32.181473, 31.393429>
	pigment { color rgbt <0,1,1,0> }
	no_shadow
}
cylinder {
	<26.995264, 32.351398, 30.683098>,  <26.403700, 32.686867, 30.911102>, 0.130000
	pigment { color rgbt <1,0,0,0> }
	no_shadow
}

// nucleotide -1

// particle -1
sphere {
	<26.995264, 32.351398, 30.683098> 0.250000
	pigment { color rgbt <1,0,0,0> }
	no_shadow
}
cylinder {
	<26.878872, 32.100937, 30.972446>,  <26.809036, 31.950661, 31.146055>, 0.100000
	pigment { color rgbt <1,0,0,0> }
	no_shadow
}
cylinder {
	<26.878872, 32.100937, 30.972446>,  <26.995264, 32.351398, 30.683098>, 0.100000
	pigment { color rgbt <1,0,0,0> }
	no_shadow
}

// particle -1
sphere {
	<26.878872, 32.100937, 30.972446> 0.100000
	pigment { color rgbt <1,0,0,0> }
	no_shadow
}
sphere {
	0, 1
	scale<0.080000,0.200000,0.300000>
	matrix <0.378310, -0.769771, -0.514135,
		0.878755, 0.124055, 0.460868,
		-0.290982, -0.626150, 0.723371,
		26.791578, 31.913092, 31.189457>
	pigment { color rgbt <0,1,1,0> }
	no_shadow
}
cylinder {
	<27.608656, 32.012516, 30.872032>,  <26.995264, 32.351398, 30.683098>, 0.130000
	pigment { color rgbt <1,0,0,0> }
	no_shadow
}

// nucleotide -1

// particle -1
sphere {
	<27.608656, 32.012516, 30.872032> 0.250000
	pigment { color rgbt <1,0,0,0> }
	no_shadow
}
cylinder {
	<27.292580, 31.781805, 30.954899>,  <27.102934, 31.643377, 31.004620>, 0.100000
	pigment { color rgbt <1,0,0,0> }
	no_shadow
}
cylinder {
	<27.292580, 31.781805, 30.954899>,  <27.608656, 32.012516, 30.872032>, 0.100000
	pigment { color rgbt <1,0,0,0> }
	no_shadow
}

// particle -1
sphere {
	<27.292580, 31.781805, 30.954899> 0.100000
	pigment { color rgbt <1,0,0,0> }
	no_shadow
}
sphere {
	0, 1
	scale<0.080000,0.200000,0.300000>
	matrix <0.372912, -0.720767, -0.584321,
		0.486346, -0.384471, 0.784634,
		-0.790192, -0.576782, 0.207169,
		27.055521, 31.608770, 31.017050>
	pigment { color rgbt <0,1,1,0> }
	no_shadow
}
cylinder {
	<27.833618, 31.400547, 30.571024>,  <27.608656, 32.012516, 30.872032>, 0.130000
	pigment { color rgbt <1,0,0,0> }
	no_shadow
}

// nucleotide -1

// particle -1
sphere {
	<27.833618, 31.400547, 30.571024> 0.250000
	pigment { color rgbt <1,0,0,0> }
	no_shadow
}
cylinder {
	<27.467257, 31.291759, 30.689112>,  <27.247440, 31.226486, 30.759964>, 0.100000
	pigment { color rgbt <1,0,0,0> }
	no_shadow
}
cylinder {
	<27.467257, 31.291759, 30.689112>,  <27.833618, 31.400547, 30.571024>, 0.100000
	pigment { color rgbt <1,0,0,0> }
	no_shadow
}

// particle -1
sphere {
	<27.467257, 31.291759, 30.689112> 0.100000
	pigment { color rgbt <1,0,0,0> }
	no_shadow
}
sphere {
	0, 1
	scale<0.080000,0.200000,0.300000>
	matrix <0.089100, -0.854877, -0.511122,
		0.391386, -0.441834, 0.807217,
		-0.915903, -0.271969, 0.295220,
		27.192486, 31.210169, 30.777678>
	pigment { color rgbt <0,1,1,0> }
	no_shadow
}
cylinder {
	<27.863487, 30.657518, 30.906635>,  <27.833618, 31.400547, 30.571024>, 0.130000
	pigment { color rgbt <1,0,0,0> }
	no_shadow
}

// nucleotide -1

// particle -1
sphere {
	<27.863487, 30.657518, 30.906635> 0.250000
	pigment { color rgbt <1,0,0,0> }
	no_shadow
}
cylinder {
	<27.497311, 30.749432, 30.774471>,  <27.277605, 30.804579, 30.695173>, 0.100000
	pigment { color rgbt <1,0,0,0> }
	no_shadow
}
cylinder {
	<27.497311, 30.749432, 30.774471>,  <27.863487, 30.657518, 30.906635>, 0.100000
	pigment { color rgbt <1,0,0,0> }
	no_shadow
}

// particle -1
sphere {
	<27.497311, 30.749432, 30.774471> 0.100000
	pigment { color rgbt <1,0,0,0> }
	no_shadow
}
sphere {
	0, 1
	scale<0.080000,0.200000,0.300000>
	matrix <-0.005021, -0.827441, -0.561530,
		-0.402425, -0.512387, 0.758626,
		-0.915440, 0.229782, -0.330410,
		27.222679, 30.818367, 30.675348>
	pigment { color rgbt <0,1,1,0> }
	no_shadow
}
cylinder {
	<27.562428, 29.966967, 30.758839>,  <27.863487, 30.657518, 30.906635>, 0.130000
	pigment { color rgbt <1,0,0,0> }
	no_shadow
}

// nucleotide -1

// particle -1
sphere {
	<27.562428, 29.966967, 30.758839> 0.250000
	pigment { color rgbt <1,0,0,0> }
	no_shadow
}
cylinder {
	<27.341228, 30.246096, 30.576746>,  <27.208509, 30.413574, 30.467491>, 0.100000
	pigment { color rgbt <1,0,0,0> }
	no_shadow
}
cylinder {
	<27.341228, 30.246096, 30.576746>,  <27.562428, 29.966967, 30.758839>, 0.100000
	pigment { color rgbt <1,0,0,0> }
	no_shadow
}

// particle -1
sphere {
	<27.341228, 30.246096, 30.576746> 0.100000
	pigment { color rgbt <1,0,0,0> }
	no_shadow
}
sphere {
	0, 1
	scale<0.080000,0.200000,0.300000>
	matrix <-0.149462, -0.620596, -0.769754,
		-0.819667, -0.357633, 0.447487,
		-0.552999, 0.697824, -0.455229,
		27.175329, 30.455442, 30.440178>
	pigment { color rgbt <0,1,1,0> }
	no_shadow
}
cylinder {
	<26.990139, 29.635063, 30.517977>,  <27.562428, 29.966967, 30.758839>, 0.130000
	pigment { color rgbt <1,0,0,0> }
	no_shadow
}

// nucleotide -1

// particle -1
sphere {
	<26.990139, 29.635063, 30.517977> 0.250000
	pigment { color rgbt <1,0,0,0> }
	no_shadow
}
cylinder {
	<27.021591, 29.955839, 30.281094>,  <27.040462, 30.148306, 30.138964>, 0.100000
	pigment { color rgbt <1,0,0,0> }
	no_shadow
}
cylinder {
	<27.021591, 29.955839, 30.281094>,  <26.990139, 29.635063, 30.517977>, 0.100000
	pigment { color rgbt <1,0,0,0> }
	no_shadow
}

// particle -1
sphere {
	<27.021591, 29.955839, 30.281094> 0.100000
	pigment { color rgbt <1,0,0,0> }
	no_shadow
}
sphere {
	0, 1
	scale<0.080000,0.200000,0.300000>
	matrix <-0.103382, -0.584283, -0.804938,
		-0.991529, 0.124516, 0.036963,
		0.078631, 0.801941, -0.592206,
		27.045181, 30.196421, 30.103432>
	pigment { color rgbt <0,1,1,0> }
	no_shadow
}
cylinder {
	<26.425119, 29.583477, 30.006262>,  <26.990139, 29.635063, 30.517977>, 0.130000
	pigment { color rgbt <1,0,0,0> }
	no_shadow
}

// nucleotide -1

// particle -1
sphere {
	<26.425119, 29.583477, 30.006262> 0.250000
	pigment { color rgbt <1,0,0,0> }
	no_shadow
}
cylinder {
	<26.719002, 29.808035, 29.853924>,  <26.895330, 29.942770, 29.762522>, 0.100000
	pigment { color rgbt <1,0,0,0> }
	no_shadow
}
cylinder {
	<26.719002, 29.808035, 29.853924>,  <26.425119, 29.583477, 30.006262>, 0.100000
	pigment { color rgbt <1,0,0,0> }
	no_shadow
}

// particle -1
sphere {
	<26.719002, 29.808035, 29.853924> 0.100000
	pigment { color rgbt <1,0,0,0> }
	no_shadow
}
sphere {
	0, 1
	scale<0.080000,0.200000,0.300000>
	matrix <-0.112443, -0.452854, -0.884466,
		-0.669002, 0.692646, -0.269589,
		0.734706, 0.561396, -0.380843,
		26.939413, 29.976454, 29.739672>
	pigment { color rgbt <0,1,1,0> }
	no_shadow
}
cylinder {
	<26.122652, 29.862589, 29.378435>,  <26.425119, 29.583477, 30.006262>, 0.130000
	pigment { color rgbt <1,0,0,0> }
	no_shadow
}

// nucleotide -1

// particle -1
sphere {
	<26.122652, 29.862589, 29.378435> 0.250000
	pigment { color rgbt <1,0,0,0> }
	no_shadow
}
cylinder {
	<26.520544, 29.888727, 29.346828>,  <26.759279, 29.904409, 29.327864>, 0.100000
	pigment { color rgbt <1,0,0,0> }
	no_shadow
}
cylinder {
	<26.520544, 29.888727, 29.346828>,  <26.122652, 29.862589, 29.378435>, 0.100000
	pigment { color rgbt <1,0,0,0> }
	no_shadow
}

// particle -1
sphere {
	<26.520544, 29.888727, 29.346828> 0.100000
	pigment { color rgbt <1,0,0,0> }
	no_shadow
}
sphere {
	0, 1
	scale<0.080000,0.200000,0.300000>
	matrix <-0.069097, -0.142193, -0.987424,
		-0.075759, 0.987680, -0.136929,
		0.994729, 0.065345, -0.079019,
		26.818962, 29.908331, 29.323122>
	pigment { color rgbt <0,1,1,0> }
	no_shadow
}
cylinder {
	<26.229176, 30.076166, 28.703640>,  <26.122652, 29.862589, 29.378435>, 0.130000
	pigment { color rgbt <1,0,0,0> }
	no_shadow
}

// nucleotide -1

// particle -1
sphere {
	<26.229176, 30.076166, 28.703640> 0.250000
	pigment { color rgbt <1,0,0,0> }
	no_shadow
}
cylinder {
	<26.590958, 29.938231, 28.804075>,  <26.808027, 29.855469, 28.864336>, 0.100000
	pigment { color rgbt <1,0,0,0> }
	no_shadow
}
cylinder {
	<26.590958, 29.938231, 28.804075>,  <26.229176, 30.076166, 28.703640>, 0.100000
	pigment { color rgbt <1,0,0,0> }
	no_shadow
}

// particle -1
sphere {
	<26.590958, 29.938231, 28.804075> 0.100000
	pigment { color rgbt <1,0,0,0> }
	no_shadow
}
sphere {
	0, 1
	scale<0.080000,0.200000,0.300000>
	matrix <0.121124, -0.356783, -0.926302,
		0.409008, 0.868212, -0.280927,
		0.904456, -0.344838, 0.251088,
		26.862295, 29.834780, 28.879402>
	pigment { color rgbt <0,1,1,0> }
	no_shadow
}
cylinder {
	<26.573263, 30.334867, 28.206278>,  <26.229176, 30.076166, 28.703640>, 0.130000
	pigment { color rgbt <1,0,0,0> }
	no_shadow
}

// nucleotide -1

// particle -1
sphere {
	<26.573263, 30.334867, 28.206278> 0.250000
	pigment { color rgbt <1,0,0,0> }
	no_shadow
}
cylinder {
	<26.772652, 30.022663, 28.357183>,  <26.892284, 29.835340, 28.447727>, 0.100000
	pigment { color rgbt <1,0,0,0> }
	no_shadow
}
cylinder {
	<26.772652, 30.022663, 28.357183>,  <26.573263, 30.334867, 28.206278>, 0.100000
	pigment { color rgbt <1,0,0,0> }
	no_shadow
}

// particle -1
sphere {
	<26.772652, 30.022663, 28.357183> 0.100000
	pigment { color rgbt <1,0,0,0> }
	no_shadow
}
sphere {
	0, 1
	scale<0.080000,0.200000,0.300000>
	matrix <0.129314, -0.363369, -0.922627,
		0.857209, 0.508686, -0.080197,
		0.498469, -0.780513, 0.377263,
		26.922192, 29.788509, 28.470362>
	pigment { color rgbt <0,1,1,0> }
	no_shadow
}
cylinder {
	<27.408689, 30.131857, 27.944752>,  <26.573263, 30.334867, 28.206278>, 0.130000
	pigment { color rgbt <1,0,0,0> }
	no_shadow
}

// nucleotide -1

// particle -1
sphere {
	<27.408689, 30.131857, 27.944752> 0.250000
	pigment { color rgbt <1,0,0,0> }
	no_shadow
}
cylinder {
	<27.221256, 29.802540, 28.072889>,  <27.108795, 29.604950, 28.149771>, 0.100000
	pigment { color rgbt <1,0,0,0> }
	no_shadow
}
cylinder {
	<27.221256, 29.802540, 28.072889>,  <27.408689, 30.131857, 27.944752>, 0.100000
	pigment { color rgbt <1,0,0,0> }
	no_shadow
}

// particle -1
sphere {
	<27.221256, 29.802540, 28.072889> 0.100000
	pigment { color rgbt <1,0,0,0> }
	no_shadow
}
sphere {
	0, 1
	scale<0.080000,0.200000,0.300000>
	matrix <0.150681, -0.431788, -0.889300,
		0.870473, -0.368443, 0.326384,
		-0.468585, -0.823291, 0.320342,
		27.080681, 29.555552, 28.168991>
	pigment { color rgbt <0,1,1,0> }
	no_shadow
}
cylinder {
	<27.811926, 29.568546, 27.683142>,  <27.408689, 30.131857, 27.944752>, 0.130000
	pigment { color rgbt <1,0,0,0> }
	no_shadow
}

// nucleotide -1

// particle -1
sphere {
	<27.811926, 29.568546, 27.683142> 0.250000
	pigment { color rgbt <1,0,0,0> }
	no_shadow
}
cylinder {
	<27.427929, 29.475754, 27.745874>,  <27.197531, 29.420078, 27.783514>, 0.100000
	pigment { color rgbt <1,0,0,0> }
	no_shadow
}
cylinder {
	<27.427929, 29.475754, 27.745874>,  <27.811926, 29.568546, 27.683142>, 0.100000
	pigment { color rgbt <1,0,0,0> }
	no_shadow
}

// particle -1
sphere {
	<27.427929, 29.475754, 27.745874> 0.100000
	pigment { color rgbt <1,0,0,0> }
	no_shadow
}
sphere {
	0, 1
	scale<0.080000,0.200000,0.300000>
	matrix <-0.095400, -0.255610, -0.962061,
		0.263268, -0.938535, 0.223254,
		-0.959994, -0.231981, 0.156830,
		27.139931, 29.406160, 27.792923>
	pigment { color rgbt <0,1,1,0> }
	no_shadow
}
cylinder {
	<28.328695, 29.417854, 28.219698>,  <27.811926, 29.568546, 27.683142>, 0.130000
	pigment { color rgbt <1,0,0,0> }
	no_shadow
}

// nucleotide -1

// particle -1
sphere {
	<28.328695, 29.417854, 28.219698> 0.250000
	pigment { color rgbt <1,0,0,0> }
	no_shadow
}
cylinder {
	<28.495808, 29.075829, 28.096849>,  <28.596075, 28.870613, 28.023140>, 0.100000
	pigment { color rgbt <1,0,0,0> }
	no_shadow
}
cylinder {
	<28.495808, 29.075829, 28.096849>,  <28.328695, 29.417854, 28.219698>, 0.100000
	pigment { color rgbt <1,0,0,0> }
	no_shadow
}

// particle -1
sphere {
	<28.495808, 29.075829, 28.096849> 0.100000
	pigment { color rgbt <1,0,0,0> }
	no_shadow
}
sphere {
	0, 1
	scale<0.080000,0.200000,0.300000>
	matrix <0.362971, 0.466970, -0.806344,
		0.832893, 0.225399, 0.505455,
		0.417782, -0.855064, -0.307123,
		28.621141, 28.819309, 28.004713>
	pigment { color rgbt <0,1,1,0> }
	no_shadow
}
cylinder {
	<29.078531, 29.227116, 28.318161>,  <28.328695, 29.417854, 28.219698>, 0.130000
	pigment { color rgbt <1,0,0,0> }
	no_shadow
}

// nucleotide -1

// particle -1
sphere {
	<29.078531, 29.227116, 28.318161> 0.250000
	pigment { color rgbt <1,0,0,0> }
	no_shadow
}
cylinder {
	<29.388552, 29.330835, 28.087664>,  <29.574564, 29.393066, 27.949366>, 0.100000
	pigment { color rgbt <1,0,0,0> }
	no_shadow
}
cylinder {
	<29.388552, 29.330835, 28.087664>,  <29.078531, 29.227116, 28.318161>, 0.100000
	pigment { color rgbt <1,0,0,0> }
	no_shadow
}

// particle -1
sphere {
	<29.388552, 29.330835, 28.087664> 0.100000
	pigment { color rgbt <1,0,0,0> }
	no_shadow
}
sphere {
	0, 1
	scale<0.080000,0.200000,0.300000>
	matrix <0.631479, -0.350967, 0.691416,
		-0.022959, -0.899770, -0.435760,
		0.775053, 0.259299, -0.576243,
		29.621067, 29.408625, 27.914791>
	pigment { color rgbt <0,1,1,0> }
	no_shadow
}
cylinder {
	<29.491430, 28.617342, 28.220673>,  <29.078531, 29.227116, 28.318161>, 0.130000
	pigment { color rgbt <1,0,0,0> }
	no_shadow
}

// nucleotide -1

// particle -1
sphere {
	<29.491430, 28.617342, 28.220673> 0.250000
	pigment { color rgbt <1,0,0,0> }
	no_shadow
}
cylinder {
	<29.746643, 28.923904, 28.190897>,  <29.899771, 29.107841, 28.173031>, 0.100000
	pigment { color rgbt <1,0,0,0> }
	no_shadow
}
cylinder {
	<29.746643, 28.923904, 28.190897>,  <29.491430, 28.617342, 28.220673>, 0.100000
	pigment { color rgbt <1,0,0,0> }
	no_shadow
}

// particle -1
sphere {
	<29.746643, 28.923904, 28.190897> 0.100000
	pigment { color rgbt <1,0,0,0> }
	no_shadow
}
sphere {
	0, 1
	scale<0.080000,0.200000,0.300000>
	matrix <0.523773, -0.361100, 0.771536,
		0.564428, -0.531253, -0.631815,
		0.638030, 0.766405, -0.074441,
		29.938051, 29.153826, 28.168564>
	pigment { color rgbt <0,1,1,0> }
	no_shadow
}
cylinder {
	<30.082968, 28.399578, 28.129993>,  <29.491430, 28.617342, 28.220673>, 0.130000
	pigment { color rgbt <1,0,0,0> }
	no_shadow
}

// nucleotide -1

// particle -1
sphere {
	<30.082968, 28.399578, 28.129993> 0.250000
	pigment { color rgbt <1,0,0,0> }
	no_shadow
}
cylinder {
	<30.137157, 28.749584, 28.315895>,  <30.169670, 28.959587, 28.427437>, 0.100000
	pigment { color rgbt <1,0,0,0> }
	no_shadow
}
cylinder {
	<30.137157, 28.749584, 28.315895>,  <30.082968, 28.399578, 28.129993>, 0.100000
	pigment { color rgbt <1,0,0,0> }
	no_shadow
}

// particle -1
sphere {
	<30.137157, 28.749584, 28.315895> 0.100000
	pigment { color rgbt <1,0,0,0> }
	no_shadow
}
sphere {
	0, 1
	scale<0.080000,0.200000,0.300000>
	matrix <0.523506, -0.461469, 0.716231,
		0.841183, 0.146272, -0.520592,
		0.135472, 0.875014, 0.464755,
		30.177799, 29.012089, 28.455322>
	pigment { color rgbt <0,1,1,0> }
	no_shadow
}
cylinder {
	<30.801102, 28.558855, 28.224119>,  <30.082968, 28.399578, 28.129993>, 0.130000
	pigment { color rgbt <1,0,0,0> }
	no_shadow
}

// nucleotide -1

// particle -1
sphere {
	<30.801102, 28.558855, 28.224119> 0.250000
	pigment { color rgbt <1,0,0,0> }
	no_shadow
}
cylinder {
	<30.551800, 28.680618, 28.512255>,  <30.402218, 28.753677, 28.685137>, 0.100000
	pigment { color rgbt <1,0,0,0> }
	no_shadow
}
cylinder {
	<30.551800, 28.680618, 28.512255>,  <30.801102, 28.558855, 28.224119>, 0.100000
	pigment { color rgbt <1,0,0,0> }
	no_shadow
}

// particle -1
sphere {
	<30.551800, 28.680618, 28.512255> 0.100000
	pigment { color rgbt <1,0,0,0> }
	no_shadow
}
sphere {
	0, 1
	scale<0.080000,0.200000,0.300000>
	matrix <0.663711, -0.281235, 0.693105,
		0.413572, 0.910078, -0.026759,
		-0.623254, 0.304409, 0.720340,
		30.364824, 28.771940, 28.728357>
	pigment { color rgbt <0,1,1,0> }
	no_shadow
}
cylinder {
	<30.927217, 29.252010, 28.639931>,  <30.801102, 28.558855, 28.224119>, 0.130000
	pigment { color rgbt <1,0,0,0> }
	no_shadow
}

// nucleotide -1

// particle -1
sphere {
	<30.927217, 29.252010, 28.639931> 0.250000
	pigment { color rgbt <1,0,0,0> }
	no_shadow
}
cylinder {
	<30.777023, 28.937021, 28.835438>,  <30.686907, 28.748028, 28.952742>, 0.100000
	pigment { color rgbt <1,0,0,0> }
	no_shadow
}
cylinder {
	<30.777023, 28.937021, 28.835438>,  <30.927217, 29.252010, 28.639931>, 0.100000
	pigment { color rgbt <1,0,0,0> }
	no_shadow
}

// particle -1
sphere {
	<30.777023, 28.937021, 28.835438> 0.100000
	pigment { color rgbt <1,0,0,0> }
	no_shadow
}
sphere {
	0, 1
	scale<0.080000,0.200000,0.300000>
	matrix <0.886927, -0.152223, 0.436107,
		-0.269020, 0.597255, 0.755589,
		-0.375485, -0.787474, 0.488770,
		30.664377, 28.700779, 28.982069>
	pigment { color rgbt <0,1,1,0> }
	no_shadow
}
cylinder {
	<31.271605, 29.219677, 29.309618>,  <30.927217, 29.252010, 28.639931>, 0.130000
	pigment { color rgbt <1,0,0,0> }
	no_shadow
}

// nucleotide -1

// particle -1
sphere {
	<31.271605, 29.219677, 29.309618> 0.250000
	pigment { color rgbt <1,0,0,0> }
	no_shadow
}
cylinder {
	<31.119713, 28.853352, 29.257318>,  <31.028578, 28.633556, 29.225939>, 0.100000
	pigment { color rgbt <1,0,0,0> }
	no_shadow
}
cylinder {
	<31.119713, 28.853352, 29.257318>,  <31.271605, 29.219677, 29.309618>, 0.100000
	pigment { color rgbt <1,0,0,0> }
	no_shadow
}

// particle -1
sphere {
	<31.119713, 28.853352, 29.257318> 0.100000
	pigment { color rgbt <1,0,0,0> }
	no_shadow
}
sphere {
	0, 1
	scale<0.080000,0.200000,0.300000>
	matrix <0.760512, -0.389507, 0.519524,
		-0.526714, 0.097843, 0.844393,
		-0.379729, -0.915812, -0.130748,
		31.005795, 28.578608, 29.218094>
	pigment { color rgbt <0,1,1,0> }
	no_shadow
}
cylinder {
	<30.909344, 29.371481, 29.838285>,  <31.271605, 29.219677, 29.309618>, 0.130000
	pigment { color rgbt <1,0,0,0> }
	no_shadow
}

// nucleotide -1

// particle -1
sphere {
	<30.909344, 29.371481, 29.838285> 0.250000
	pigment { color rgbt <1,0,0,0> }
	no_shadow
}
cylinder {
	<30.758017, 29.107254, 30.097679>,  <30.667221, 28.948719, 30.253315>, 0.100000
	pigment { color rgbt <1,0,0,0> }
	no_shadow
}
cylinder {
	<30.758017, 29.107254, 30.097679>,  <30.909344, 29.371481, 29.838285>, 0.100000
	pigment { color rgbt <1,0,0,0> }
	no_shadow
}

// particle -1
sphere {
	<30.758017, 29.107254, 30.097679> 0.100000
	pigment { color rgbt <1,0,0,0> }
	no_shadow
}
sphere {
	0, 1
	scale<0.080000,0.200000,0.300000>
	matrix <-0.554313, 0.722721, 0.412809,
		-0.741359, -0.203289, -0.639578,
		-0.378317, -0.660566, 0.648482,
		30.644522, 28.909084, 30.292223>
	pigment { color rgbt <0,1,1,0> }
	no_shadow
}
cylinder {
	<30.308912, 29.743879, 30.046804>,  <30.909344, 29.371481, 29.838285>, 0.130000
	pigment { color rgbt <1,0,0,0> }
	no_shadow
}

// nucleotide -1

// particle -1
sphere {
	<30.308912, 29.743879, 30.046804> 0.250000
	pigment { color rgbt <1,0,0,0> }
	no_shadow
}
cylinder {
	<30.312370, 29.430094, 30.294851>,  <30.314445, 29.241823, 30.443680>, 0.100000
	pigment { color rgbt <1,0,0,0> }
	no_shadow
}
cylinder {
	<30.312370, 29.430094, 30.294851>,  <30.308912, 29.743879, 30.046804>, 0.100000
	pigment { color rgbt <1,0,0,0> }
	no_shadow
}

// particle -1
sphere {
	<30.312370, 29.430094, 30.294851> 0.100000
	pigment { color rgbt <1,0,0,0> }
	no_shadow
}
sphere {
	0, 1
	scale<0.080000,0.200000,0.300000>
	matrix <-0.756347, 0.400526, 0.517221,
		-0.654113, -0.473496, -0.589862,
		0.008647, -0.784462, 0.620117,
		30.314964, 29.194756, 30.480886>
	pigment { color rgbt <0,1,1,0> }
	no_shadow
}
cylinder {
	<29.580700, 29.609947, 30.160904>,  <30.308912, 29.743879, 30.046804>, 0.130000
	pigment { color rgbt <1,0,0,0> }
	no_shadow
}

// nucleotide -1

// particle -1
sphere {
	<29.580700, 29.609947, 30.160904> 0.250000
	pigment { color rgbt <1,0,0,0> }
	no_shadow
}
cylinder {
	<29.795525, 29.460339, 30.463341>,  <29.924419, 29.370573, 30.644802>, 0.100000
	pigment { color rgbt <1,0,0,0> }
	no_shadow
}
cylinder {
	<29.795525, 29.460339, 30.463341>,  <29.580700, 29.609947, 30.160904>, 0.100000
	pigment { color rgbt <1,0,0,0> }
	no_shadow
}

// particle -1
sphere {
	<29.795525, 29.460339, 30.463341> 0.100000
	pigment { color rgbt <1,0,0,0> }
	no_shadow
}
sphere {
	0, 1
	scale<0.080000,0.200000,0.300000>
	matrix <-0.602904, 0.456697, 0.654168,
		-0.589976, -0.807178, 0.019776,
		0.537061, -0.374020, 0.756091,
		29.956644, 29.348133, 30.690168>
	pigment { color rgbt <0,1,1,0> }
	no_shadow
}
cylinder {
	<29.069590, 29.202103, 30.660627>,  <29.580700, 29.609947, 30.160904>, 0.130000
	pigment { color rgbt <1,0,0,0> }
	no_shadow
}

// nucleotide -1

// particle -1
sphere {
	<29.069590, 29.202103, 30.660627> 0.250000
	pigment { color rgbt <1,0,0,0> }
	no_shadow
}
cylinder {
	<29.398476, 29.310957, 30.860588>,  <29.595808, 29.376270, 30.980564>, 0.100000
	pigment { color rgbt <1,0,0,0> }
	no_shadow
}
cylinder {
	<29.398476, 29.310957, 30.860588>,  <29.069590, 29.202103, 30.660627>, 0.100000
	pigment { color rgbt <1,0,0,0> }
	no_shadow
}

// particle -1
sphere {
	<29.398476, 29.310957, 30.860588> 0.100000
	pigment { color rgbt <1,0,0,0> }
	no_shadow
}
sphere {
	0, 1
	scale<0.080000,0.200000,0.300000>
	matrix <-0.566944, 0.469273, 0.677021,
		-0.050350, -0.840075, 0.540129,
		0.822216, 0.272135, 0.499904,
		29.645140, 29.392597, 31.010559>
	pigment { color rgbt <0,1,1,0> }
	no_shadow
}
cylinder {
	<28.916006, 28.985245, 31.300758>,  <29.069590, 29.202103, 30.660627>, 0.130000
	pigment { color rgbt <1,0,0,0> }
	no_shadow
}

// nucleotide -1

// particle -1
sphere {
	<28.916006, 28.985245, 31.300758> 0.250000
	pigment { color rgbt <1,0,0,0> }
	no_shadow
}
cylinder {
	<29.219055, 29.238871, 31.362690>,  <29.400885, 29.391047, 31.399849>, 0.100000
	pigment { color rgbt <1,0,0,0> }
	no_shadow
}
cylinder {
	<29.219055, 29.238871, 31.362690>,  <28.916006, 28.985245, 31.300758>, 0.100000
	pigment { color rgbt <1,0,0,0> }
	no_shadow
}

// particle -1
sphere {
	<29.219055, 29.238871, 31.362690> 0.100000
	pigment { color rgbt <1,0,0,0> }
	no_shadow
}
sphere {
	0, 1
	scale<0.080000,0.200000,0.300000>
	matrix <-0.530310, 0.459701, 0.712353,
		0.380501, -0.621802, 0.684530,
		0.757621, 0.634064, 0.154831,
		29.446341, 29.429090, 31.409140>
	pigment { color rgbt <0,1,1,0> }
	no_shadow
}
cylinder {
	<28.860754, 29.006126, 31.908865>,  <28.916006, 28.985245, 31.300758>, 0.130000
	pigment { color rgbt <1,0,0,0> }
	no_shadow
}

// nucleotide -1

// particle -1
sphere {
	<28.860754, 29.006126, 31.908865> 0.250000
	pigment { color rgbt <1,0,0,0> }
	no_shadow
}
cylinder {
	<29.111694, 29.306772, 31.827372>,  <29.262259, 29.487160, 31.778475>, 0.100000
	pigment { color rgbt <1,0,0,0> }
	no_shadow
}
cylinder {
	<29.111694, 29.306772, 31.827372>,  <28.860754, 29.006126, 31.908865>, 0.100000
	pigment { color rgbt <1,0,0,0> }
	no_shadow
}

// particle -1
sphere {
	<29.111694, 29.306772, 31.827372> 0.100000
	pigment { color rgbt <1,0,0,0> }
	no_shadow
}
sphere {
	0, 1
	scale<0.080000,0.200000,0.300000>
	matrix <-0.375561, 0.521199, 0.766359,
		0.682194, -0.404259, 0.609250,
		0.627348, 0.751616, -0.203735,
		29.299898, 29.532257, 31.766251>
	pigment { color rgbt <0,1,1,0> }
	no_shadow
}
cylinder {
	<29.103704, 29.171824, 32.557892>,  <28.860754, 29.006126, 31.908865>, 0.130000
	pigment { color rgbt <1,0,0,0> }
	no_shadow
}

// nucleotide -1

// particle -1
sphere {
	<29.103704, 29.171824, 32.557892> 0.250000
	pigment { color rgbt <1,0,0,0> }
	no_shadow
}
cylinder {
	<29.166138, 29.503975, 32.343933>,  <29.203598, 29.703266, 32.215557>, 0.100000
	pigment { color rgbt <1,0,0,0> }
	no_shadow
}
cylinder {
	<29.166138, 29.503975, 32.343933>,  <29.103704, 29.171824, 32.557892>, 0.100000
	pigment { color rgbt <1,0,0,0> }
	no_shadow
}

// particle -1
sphere {
	<29.166138, 29.503975, 32.343933> 0.100000
	pigment { color rgbt <1,0,0,0> }
	no_shadow
}
sphere {
	0, 1
	scale<0.080000,0.200000,0.300000>
	matrix <-0.392302, 0.549103, 0.737961,
		0.906498, 0.094658, 0.411463,
		0.156082, 0.830377, -0.534895,
		29.212963, 29.753088, 32.183464>
	pigment { color rgbt <0,1,1,0> }
	no_shadow
}
cylinder {
	<29.365486, 29.693743, 32.937828>,  <29.103704, 29.171824, 32.557892>, 0.130000
	pigment { color rgbt <1,0,0,0> }
	no_shadow
}

// nucleotide -1

// particle -1
sphere {
	<29.365486, 29.693743, 32.937828> 0.250000
	pigment { color rgbt <1,0,0,0> }
	no_shadow
}
cylinder {
	<29.247787, 29.927721, 32.635502>,  <29.177168, 30.068108, 32.454105>, 0.100000
	pigment { color rgbt <1,0,0,0> }
	no_shadow
}
cylinder {
	<29.247787, 29.927721, 32.635502>,  <29.365486, 29.693743, 32.937828>, 0.100000
	pigment { color rgbt <1,0,0,0> }
	no_shadow
}

// particle -1
sphere {
	<29.247787, 29.927721, 32.635502> 0.100000
	pigment { color rgbt <1,0,0,0> }
	no_shadow
}
sphere {
	0, 1
	scale<0.080000,0.200000,0.300000>
	matrix <-0.404318, 0.640386, 0.653018,
		0.865994, 0.497738, 0.048074,
		-0.294246, 0.584947, -0.755815,
		29.159513, 30.103205, 32.408756>
	pigment { color rgbt <0,1,1,0> }
	no_shadow
}
cylinder {
	<29.611963, 30.322306, 33.129848>,  <29.365486, 29.693743, 32.937828>, 0.130000
	pigment { color rgbt <1,0,0,0> }
	no_shadow
}

// nucleotide -1

// particle -1
sphere {
	<29.611963, 30.322306, 33.129848> 0.250000
	pigment { color rgbt <1,0,0,0> }
	no_shadow
}
cylinder {
	<29.336245, 30.425198, 32.858940>,  <29.170813, 30.486933, 32.696396>, 0.100000
	pigment { color rgbt <1,0,0,0> }
	no_shadow
}
cylinder {
	<29.336245, 30.425198, 32.858940>,  <29.611963, 30.322306, 33.129848>, 0.100000
	pigment { color rgbt <1,0,0,0> }
	no_shadow
}

// particle -1
sphere {
	<29.336245, 30.425198, 32.858940> 0.100000
	pigment { color rgbt <1,0,0,0> }
	no_shadow
}
sphere {
	0, 1
	scale<0.080000,0.200000,0.300000>
	matrix <-0.100332, 0.891942, 0.440877,
