// switches for output
#declare DRAW_BASES = 1; // possible values are 0, 1; only relevant for DNA ribbons
#declare DRAW_BASES_TYPE = 3; // possible values are 1, 2, 3; only relevant for DNA ribbons
#declare DRAW_FOG = 0; // set to 1 to enable fog

#include "colors.inc"

#include "transforms.inc"
background { rgb <1, 1, 1>}

#default {
   normal{
       ripples 0.25
       frequency 0.20
       turbulence 0.2
       lambda 5
   }
	finish {
		phong 0.1
		phong_size 40.
	}
}

// original window dimensions: 1024x640


// camera settings

camera {
	sky <0, 0.179814, -0.983701>
	up <0, 0.179814, -0.983701>
	right 1.6 * <1, 0, 0>
	location <35, 94.9851, 44.8844>
	look_at <35, 29.7336, 32.9568>
	direction <0, -65.2515, -11.9276>
	angle 67.0682
}


# declare cpy_camera_pos = <35, 94.9851, 44.8844>;
# if (DRAW_FOG = 1)
fog {
	fog_type 2
	up vnormalize(cpy_camera_pos)
	color rgbt<1,1,1,0.3>
	distance 1e-5
	fog_alt 3e-3
	fog_offset 56
}
# end


// LIGHTS

# declare lum = 6;
global_settings {
	ambient_light rgb lum * <0.05, 0.05, 0.05>
	max_trace_level 15
}# declare cpy_direct_light_amount = 0.25;
light_source
{	1000 * <-1, -1.16352, -0.803886>,
	rgb lum * cpy_direct_light_amount
	parallel
}

light_source
{	1000 * <1, 1.16352, 0.803886>,
	rgb lum * cpy_direct_light_amount
	parallel
}

// strand 0

// nucleotide -1

// particle -1
sphere {
	<24.740479, 34.987087, 34.714149> 0.250000
	pigment { color rgbt <1,0,0,0> }
	no_shadow
}
cylinder {
	<24.352001, 34.955696, 34.804150>,  <24.118916, 34.936859, 34.858150>, 0.100000
	pigment { color rgbt <1,0,0,0> }
	no_shadow
}
cylinder {
	<24.352001, 34.955696, 34.804150>,  <24.740479, 34.987087, 34.714149>, 0.100000
	pigment { color rgbt <1,0,0,0> }
	no_shadow
}

// particle -1
sphere {
	<24.352001, 34.955696, 34.804150> 0.100000
	pigment { color rgbt <1,0,0,0> }
	no_shadow
}
sphere {
	0, 1
	scale<0.080000,0.200000,0.300000>
	matrix <-0.233559, 0.126108, -0.964130,
		0.047286, -0.988908, -0.140804,
		-0.971192, -0.078476, 0.225005,
		24.060644, 34.932152, 34.871651>
	pigment { color rgbt <0,1,1,0> }
	no_shadow
}
cylinder {
	<25.311111, 35.442165, 34.422241>,  <24.740479, 34.987087, 34.714149>, 0.130000
	pigment { color rgbt <1,0,0,0> }
	no_shadow
}

// nucleotide -1

// particle -1
sphere {
	<25.311111, 35.442165, 34.422241> 0.250000
	pigment { color rgbt <1,0,0,0> }
	no_shadow
}
cylinder {
	<24.918909, 35.520714, 34.419403>,  <24.683588, 35.567844, 34.417702>, 0.100000
	pigment { color rgbt <1,0,0,0> }
	no_shadow
}
cylinder {
	<24.918909, 35.520714, 34.419403>,  <25.311111, 35.442165, 34.422241>, 0.100000
	pigment { color rgbt <1,0,0,0> }
	no_shadow
}

// particle -1
sphere {
	<24.918909, 35.520714, 34.419403> 0.100000
	pigment { color rgbt <1,0,0,0> }
	no_shadow
}
sphere {
	0, 1
	scale<0.080000,0.200000,0.300000>
	matrix <0.196316, 0.977373, -0.078757,
		-0.008531, -0.078614, -0.996869,
		-0.980504, 0.196373, -0.007096,
		24.624758, 35.579624, 34.417274>
	pigment { color rgbt <0,1,1,0> }
	no_shadow
}
cylinder {
	<25.739792, 36.022301, 34.149620>,  <25.311111, 35.442165, 34.422241>, 0.130000
	pigment { color rgbt <1,0,0,0> }
	no_shadow
}

// nucleotide -1

// particle -1
sphere {
	<25.739792, 36.022301, 34.149620> 0.250000
	pigment { color rgbt <1,0,0,0> }
	no_shadow
}
cylinder {
	<26.061605, 36.229851, 34.265202>,  <26.254694, 36.354382, 34.334549>, 0.100000
	pigment { color rgbt <1,0,0,0> }
	no_shadow
}
cylinder {
	<26.061605, 36.229851, 34.265202>,  <25.739792, 36.022301, 34.149620>, 0.100000
	pigment { color rgbt <1,0,0,0> }
	no_shadow
}

// particle -1
sphere {
	<26.061605, 36.229851, 34.265202> 0.100000
	pigment { color rgbt <1,0,0,0> }
	no_shadow
}
sphere {
	0, 1
	scale<0.080000,0.200000,0.300000>
	matrix <0.388609, -0.092004, -0.916798,
		-0.449117, 0.849886, -0.275659,
		0.804535, 0.518873, 0.288953,
		26.302965, 36.385513, 34.351887>
	pigment { color rgbt <0,1,1,0> }
	no_shadow
}
cylinder {
	<25.566523, 36.749584, 34.171932>,  <25.739792, 36.022301, 34.149620>, 0.130000
	pigment { color rgbt <1,0,0,0> }
	no_shadow
}

// nucleotide -1

// particle -1
sphere {
	<25.566523, 36.749584, 34.171932> 0.250000
	pigment { color rgbt <1,0,0,0> }
	no_shadow
}
cylinder {
	<25.953369, 36.741379, 34.070530>,  <26.185476, 36.736454, 34.009689>, 0.100000
	pigment { color rgbt <1,0,0,0> }
	no_shadow
}
cylinder {
	<25.953369, 36.741379, 34.070530>,  <25.566523, 36.749584, 34.171932>, 0.100000
	pigment { color rgbt <1,0,0,0> }
	no_shadow
}

// particle -1
sphere {
	<25.953369, 36.741379, 34.070530> 0.100000
	pigment { color rgbt <1,0,0,0> }
	no_shadow
}
sphere {
	0, 1
	scale<0.080000,0.200000,0.300000>
	matrix <0.147767, 0.856581, 0.494402,
		0.207010, -0.515604, 0.831444,
		0.967115, -0.020514, -0.253510,
		26.243504, 36.735226, 33.994476>
	pigment { color rgbt <0,1,1,0> }
	no_shadow
}
cylinder {
	<25.908337, 36.750782, 34.732052>,  <25.566523, 36.749584, 34.171932>, 0.130000
	pigment { color rgbt <1,0,0,0> }
	no_shadow
}

// nucleotide -1

// particle -1
sphere {
	<25.908337, 36.750782, 34.732052> 0.250000
	pigment { color rgbt <1,0,0,0> }
	no_shadow
}
cylinder {
	<26.177095, 36.890991, 34.471073>,  <26.338350, 36.975117, 34.314487>, 0.100000
	pigment { color rgbt <1,0,0,0> }
	no_shadow
}
cylinder {
	<26.177095, 36.890991, 34.471073>,  <25.908337, 36.750782, 34.732052>, 0.100000
	pigment { color rgbt <1,0,0,0> }
	no_shadow
}

// particle -1
sphere {
	<26.177095, 36.890991, 34.471073> 0.100000
	pigment { color rgbt <1,0,0,0> }
	no_shadow
}
sphere {
	0, 1
	scale<0.080000,0.200000,0.300000>
	matrix <0.147393, 0.800017, 0.581591,
		0.725829, -0.486936, 0.485866,
		0.671898, 0.350522, -0.652447,
		26.378664, 36.996147, 34.275337>
	pigment { color rgbt <0,1,1,0> }
	no_shadow
}
cylinder {
	<26.233332, 37.216213, 35.068604>,  <25.908337, 36.750782, 34.732052>, 0.130000
	pigment { color rgbt <1,0,0,0> }
	no_shadow
}

// nucleotide -1

// particle -1
sphere {
	<26.233332, 37.216213, 35.068604> 0.250000
	pigment { color rgbt <1,0,0,0> }
	no_shadow
}
cylinder {
	<26.406393, 37.310246, 34.720455>,  <26.510229, 37.366665, 34.511566>, 0.100000
	pigment { color rgbt <1,0,0,0> }
	no_shadow
}
cylinder {
	<26.406393, 37.310246, 34.720455>,  <26.233332, 37.216213, 35.068604>, 0.100000
	pigment { color rgbt <1,0,0,0> }
	no_shadow
}

// particle -1
sphere {
	<26.406393, 37.310246, 34.720455> 0.100000
	pigment { color rgbt <1,0,0,0> }
	no_shadow
}
sphere {
	0, 1
	scale<0.080000,0.200000,0.300000>
	matrix <0.078740, 0.951866, 0.296229,
		0.898115, -0.196698, 0.393319,
		0.432654, 0.235078, -0.870373,
		26.536190, 37.380768, 34.459343>
	pigment { color rgbt <0,1,1,0> }
	no_shadow
}
cylinder {
	<26.930288, 37.476624, 35.115967>,  <26.233332, 37.216213, 35.068604>, 0.130000
	pigment { color rgbt <1,0,0,0> }
	no_shadow
}

// nucleotide -1

// particle -1
sphere {
	<26.930288, 37.476624, 35.115967> 0.250000
	pigment { color rgbt <1,0,0,0> }
	no_shadow
}
cylinder {
	<26.750629, 37.635361, 34.795773>,  <26.642834, 37.730602, 34.603657>, 0.100000
	pigment { color rgbt <1,0,0,0> }
	no_shadow
}
cylinder {
	<26.750629, 37.635361, 34.795773>,  <26.930288, 37.476624, 35.115967>, 0.100000
	pigment { color rgbt <1,0,0,0> }
	no_shadow
}

// particle -1
sphere {
	<26.750629, 37.635361, 34.795773> 0.100000
	pigment { color rgbt <1,0,0,0> }
	no_shadow
}
sphere {
	0, 1
	scale<0.080000,0.200000,0.300000>
	matrix <-0.136644, 0.854896, 0.500481,
		0.882946, 0.334172, -0.329749,
		-0.449148, 0.396839, -0.800490,
		26.615885, 37.754414, 34.555626>
	pigment { color rgbt <0,1,1,0> }
	no_shadow
}
cylinder {
	<27.273352, 38.052601, 34.970474>,  <26.930288, 37.476624, 35.115967>, 0.130000
	pigment { color rgbt <1,0,0,0> }
	no_shadow
}

// nucleotide -1

// particle -1
sphere {
	<27.273352, 38.052601, 34.970474> 0.250000
	pigment { color rgbt <1,0,0,0> }
	no_shadow
}
cylinder {
	<26.922415, 38.115582, 34.789154>,  <26.711853, 38.153370, 34.680363>, 0.100000
	pigment { color rgbt <1,0,0,0> }
	no_shadow
}
cylinder {
	<26.922415, 38.115582, 34.789154>,  <27.273352, 38.052601, 34.970474>, 0.100000
	pigment { color rgbt <1,0,0,0> }
	no_shadow
}

// particle -1
sphere {
	<26.922415, 38.115582, 34.789154> 0.100000
	pigment { color rgbt <1,0,0,0> }
	no_shadow
}
sphere {
	0, 1
	scale<0.080000,0.200000,0.300000>
	matrix <-0.067847, 0.894451, 0.441989,
		0.475045, 0.418531, -0.774057,
		-0.877342, 0.157447, -0.453301,
		26.659212, 38.162815, 34.653164>
	pigment { color rgbt <0,1,1,0> }
	no_shadow
}
cylinder {
	<27.213818, 38.753780, 34.793854>,  <27.273352, 38.052601, 34.970474>, 0.130000
	pigment { color rgbt <1,0,0,0> }
	no_shadow
}

// nucleotide -1

// particle -1
sphere {
	<27.213818, 38.753780, 34.793854> 0.250000
	pigment { color rgbt <1,0,0,0> }
	no_shadow
}
cylinder {
	<26.821356, 38.682774, 34.763332>,  <26.585878, 38.640171, 34.745022>, 0.100000
	pigment { color rgbt <1,0,0,0> }
	no_shadow
}
cylinder {
	<26.821356, 38.682774, 34.763332>,  <27.213818, 38.753780, 34.793854>, 0.100000
	pigment { color rgbt <1,0,0,0> }
	no_shadow
}

// particle -1
sphere {
	<26.821356, 38.682774, 34.763332> 0.100000
	pigment { color rgbt <1,0,0,0> }
	no_shadow
}
sphere {
	0, 1
	scale<0.080000,0.200000,0.300000>
	matrix <-0.193212, 0.898461, 0.394254,
		-0.001433, 0.401567, -0.915829,
		-0.981156, -0.177514, -0.076300,
		26.527010, 38.629520, 34.740444>
	pigment { color rgbt <0,1,1,0> }
	no_shadow
}
cylinder {
	<26.917419, 39.345509, 34.489769>,  <27.213818, 38.753780, 34.793854>, 0.130000
	pigment { color rgbt <1,0,0,0> }
	no_shadow
}

// nucleotide -1

// particle -1
sphere {
	<26.917419, 39.345509, 34.489769> 0.250000
	pigment { color rgbt <1,0,0,0> }
	no_shadow
}
cylinder {
	<26.604494, 39.147980, 34.641624>,  <26.416739, 39.029461, 34.732738>, 0.100000
	pigment { color rgbt <1,0,0,0> }
	no_shadow
}
cylinder {
	<26.604494, 39.147980, 34.641624>,  <26.917419, 39.345509, 34.489769>, 0.100000
	pigment { color rgbt <1,0,0,0> }
	no_shadow
}

// particle -1
sphere {
	<26.604494, 39.147980, 34.641624> 0.100000
	pigment { color rgbt <1,0,0,0> }
	no_shadow
}
sphere {
	0, 1
	scale<0.080000,0.200000,0.300000>
	matrix <-0.322485, 0.842540, 0.431428,
		-0.532908, 0.215085, -0.818381,
		-0.782312, -0.493827, 0.379634,
		26.369801, 38.999832, 34.755516>
	pigment { color rgbt <0,1,1,0> }
	no_shadow
}
cylinder {
	<26.390787, 39.658211, 34.287415>,  <26.917419, 39.345509, 34.489769>, 0.130000
	pigment { color rgbt <1,0,0,0> }
	no_shadow
}

// nucleotide -1

// particle -1
sphere {
	<26.390787, 39.658211, 34.287415> 0.250000
	pigment { color rgbt <1,0,0,0> }
	no_shadow
}
cylinder {
	<26.251175, 39.464931, 34.608585>,  <26.167408, 39.348965, 34.801289>, 0.100000
	pigment { color rgbt <1,0,0,0> }
	no_shadow
}
cylinder {
	<26.251175, 39.464931, 34.608585>,  <26.390787, 39.658211, 34.287415>, 0.100000
	pigment { color rgbt <1,0,0,0> }
	no_shadow
}

// particle -1
sphere {
	<26.251175, 39.464931, 34.608585> 0.100000
	pigment { color rgbt <1,0,0,0> }
	no_shadow
}
sphere {
	0, 1
	scale<0.080000,0.200000,0.300000>
	matrix <-0.507894, 0.817599, 0.271248,
		-0.787540, -0.313128, -0.530784,
		-0.349033, -0.483201, 0.802928,
		26.146465, 39.319973, 34.849464>
	pigment { color rgbt <0,1,1,0> }
	no_shadow
}
cylinder {
	<25.626190, 39.822845, 34.402954>,  <26.390787, 39.658211, 34.287415>, 0.130000
	pigment { color rgbt <1,0,0,0> }
	no_shadow
}

// nucleotide -1

// particle -1
sphere {
	<25.626190, 39.822845, 34.402954> 0.250000
	pigment { color rgbt <1,0,0,0> }
	no_shadow
}
cylinder {
	<25.747139, 39.713058, 34.768082>,  <25.819708, 39.647186, 34.987160>, 0.100000
	pigment { color rgbt <1,0,0,0> }
	no_shadow
}
cylinder {
	<25.747139, 39.713058, 34.768082>,  <25.626190, 39.822845, 34.402954>, 0.100000
	pigment { color rgbt <1,0,0,0> }
	no_shadow
}

// particle -1
sphere {
	<25.747139, 39.713058, 34.768082> 0.100000
	pigment { color rgbt <1,0,0,0> }
	no_shadow
}
sphere {
	0, 1
	scale<0.080000,0.200000,0.300000>
	matrix <-0.521163, 0.754222, 0.399421,
		-0.798097, -0.596501, 0.085012,
		0.302374, -0.274472, 0.912817,
		25.837851, 39.630718, 35.041927>
	pigment { color rgbt <0,1,1,0> }
	no_shadow
}
cylinder {
	<25.064360, 39.924080, 34.875065>,  <25.626190, 39.822845, 34.402954>, 0.130000
	pigment { color rgbt <1,0,0,0> }
	no_shadow
}

// nucleotide -1

// particle -1
sphere {
	<25.064360, 39.924080, 34.875065> 0.250000
	pigment { color rgbt <1,0,0,0> }
	no_shadow
}
cylinder {
	<25.323860, 39.833935, 35.165810>,  <25.479561, 39.779846, 35.340256>, 0.100000
	pigment { color rgbt <1,0,0,0> }
	no_shadow
}
cylinder {
	<25.323860, 39.833935, 35.165810>,  <25.064360, 39.924080, 34.875065>, 0.100000
	pigment { color rgbt <1,0,0,0> }
	no_shadow
}

// particle -1
sphere {
	<25.323860, 39.833935, 35.165810> 0.100000
	pigment { color rgbt <1,0,0,0> }
	no_shadow
}
sphere {
	0, 1
	scale<0.080000,0.200000,0.300000>
	matrix <-0.395805, 0.715860, 0.575224,
		-0.649969, -0.660874, 0.375214,
		0.648751, -0.225367, 0.726864,
		25.518486, 39.766323, 35.383869>
	pigment { color rgbt <0,1,1,0> }
	no_shadow
}
cylinder {
	<24.699135, 39.862206, 35.497040>,  <25.064360, 39.924080, 34.875065>, 0.130000
	pigment { color rgbt <1,0,0,0> }
	no_shadow
}

// nucleotide -1

// particle -1
sphere {
	<24.699135, 39.862206, 35.497040> 0.250000
	pigment { color rgbt <1,0,0,0> }
	no_shadow
}
cylinder {
	<25.068581, 39.988560, 35.583900>,  <25.290247, 40.064373, 35.636017>, 0.100000
	pigment { color rgbt <1,0,0,0> }
	no_shadow
}
cylinder {
	<25.068581, 39.988560, 35.583900>,  <24.699135, 39.862206, 35.497040>, 0.100000
	pigment { color rgbt <1,0,0,0> }
	no_shadow
}

// particle -1
sphere {
	<25.068581, 39.988560, 35.583900> 0.100000
	pigment { color rgbt <1,0,0,0> }
	no_shadow
}
sphere {
	0, 1
	scale<0.080000,0.200000,0.300000>
	matrix <-0.383235, 0.773261, 0.505171,
		-0.008338, -0.549802, 0.835253,
		0.923613, 0.315886, 0.217151,
		25.345665, 40.083324, 35.649044>
	pigment { color rgbt <0,1,1,0> }
	no_shadow
}
cylinder {
	<24.723572, 40.051987, 36.260937>,  <24.699135, 39.862206, 35.497040>, 0.130000
	pigment { color rgbt <1,0,0,0> }
	no_shadow
}

// nucleotide -1

// particle -1
sphere {
	<24.723572, 40.051987, 36.260937> 0.250000
	pigment { color rgbt <1,0,0,0> }
	no_shadow
}
cylinder {
	<25.011305, 40.264977, 36.082485>,  <25.183945, 40.392769, 35.975414>, 0.100000
	pigment { color rgbt <1,0,0,0> }
	no_shadow
}
cylinder {
	<25.011305, 40.264977, 36.082485>,  <24.723572, 40.051987, 36.260937>, 0.100000
	pigment { color rgbt <1,0,0,0> }
	no_shadow
}

// particle -1
sphere {
	<25.011305, 40.264977, 36.082485> 0.100000
	pigment { color rgbt <1,0,0,0> }
	no_shadow
}
sphere {
	0, 1
	scale<0.080000,0.200000,0.300000>
	matrix <-0.396330, 0.842025, 0.365946,
		0.570508, -0.086423, 0.816732,
		0.719335, 0.532471, -0.446130,
		25.227106, 40.424717, 35.948647>
	pigment { color rgbt <0,1,1,0> }
	no_shadow
}
cylinder {
	<24.928232, 40.679447, 36.744190>,  <24.723572, 40.051987, 36.260937>, 0.130000
	pigment { color rgbt <1,0,0,0> }
	no_shadow
}

// nucleotide -1

// particle -1
sphere {
	<24.928232, 40.679447, 36.744190> 0.250000
	pigment { color rgbt <1,0,0,0> }
	no_shadow
}
cylinder {
	<25.067286, 40.775494, 36.381645>,  <25.150717, 40.833122, 36.164120>, 0.100000
	pigment { color rgbt <1,0,0,0> }
	no_shadow
}
cylinder {
	<25.067286, 40.775494, 36.381645>,  <24.928232, 40.679447, 36.744190>, 0.100000
	pigment { color rgbt <1,0,0,0> }
	no_shadow
}

// particle -1
sphere {
	<25.067286, 40.775494, 36.381645> 0.100000
	pigment { color rgbt <1,0,0,0> }
	no_shadow
}
sphere {
	0, 1
	scale<0.080000,0.200000,0.300000>
	matrix <-0.190601, 0.964567, 0.182432,
		0.918053, 0.109334, 0.381083,
		0.347634, 0.240117, -0.906364,
		25.171576, 40.847530, 36.109737>
	pigment { color rgbt <0,1,1,0> }
	no_shadow
}
cylinder {
	<25.449032, 41.107693, 36.891861>,  <24.928232, 40.679447, 36.744190>, 0.130000
	pigment { color rgbt <1,0,0,0> }
	no_shadow
}

// nucleotide -1

// particle -1
sphere {
	<25.449032, 41.107693, 36.891861> 0.250000
	pigment { color rgbt <1,0,0,0> }
	no_shadow
}
cylinder {
	<25.343960, 41.178043, 36.512375>,  <25.280916, 41.220253, 36.284683>, 0.100000
	pigment { color rgbt <1,0,0,0> }
	no_shadow
}
cylinder {
	<25.343960, 41.178043, 36.512375>,  <25.449032, 41.107693, 36.891861>, 0.100000
	pigment { color rgbt <1,0,0,0> }
	no_shadow
}

// particle -1
sphere {
	<25.343960, 41.178043, 36.512375> 0.100000
	pigment { color rgbt <1,0,0,0> }
	no_shadow
}
sphere {
	0, 1
	scale<0.080000,0.200000,0.300000>
	matrix <-0.161637, 0.961332, 0.222969,
		0.951247, 0.211917, -0.224096,
		-0.262682, 0.175876, -0.948718,
		25.265156, 41.230804, 36.227760>
	pigment { color rgbt <0,1,1,0> }
	no_shadow
}
cylinder {
	<25.706631, 41.739895, 36.818611>,  <25.449032, 41.107693, 36.891861>, 0.130000
	pigment { color rgbt <1,0,0,0> }
	no_shadow
}

// nucleotide -1

// particle -1
sphere {
	<25.706631, 41.739895, 36.818611> 0.250000
	pigment { color rgbt <1,0,0,0> }
	no_shadow
}
cylinder {
	<25.478510, 41.714779, 36.490997>,  <25.341637, 41.699711, 36.294430>, 0.100000
	pigment { color rgbt <1,0,0,0> }
	no_shadow
}
cylinder {
	<25.478510, 41.714779, 36.490997>,  <25.706631, 41.739895, 36.818611>, 0.100000
	pigment { color rgbt <1,0,0,0> }
	no_shadow
}

// particle -1
sphere {
	<25.478510, 41.714779, 36.490997> 0.100000
	pigment { color rgbt <1,0,0,0> }
	no_shadow
}
sphere {
	0, 1
	scale<0.080000,0.200000,0.300000>
	matrix <-0.321813, 0.934450, 0.152443,
		0.755773, 0.350513, -0.553126,
		-0.570302, -0.062791, -0.819032,
		25.307419, 41.695942, 36.245289>
	pigment { color rgbt <0,1,1,0> }
	no_shadow
}
cylinder {
	<25.904518, 42.321396, 36.430050>,  <25.706631, 41.739895, 36.818611>, 0.130000
	pigment { color rgbt <1,0,0,0> }
	no_shadow
}

// nucleotide -1

// particle -1
sphere {
	<25.904518, 42.321396, 36.430050> 0.250000
	pigment { color rgbt <1,0,0,0> }
	no_shadow
}
cylinder {
	<25.536644, 42.209381, 36.319958>,  <25.315920, 42.142170, 36.253902>, 0.100000
	pigment { color rgbt <1,0,0,0> }
	no_shadow
}
cylinder {
	<25.536644, 42.209381, 36.319958>,  <25.904518, 42.321396, 36.430050>, 0.100000
	pigment { color rgbt <1,0,0,0> }
	no_shadow
}

// particle -1
sphere {
	<25.536644, 42.209381, 36.319958> 0.100000
	pigment { color rgbt <1,0,0,0> }
	no_shadow
}
sphere {
	0, 1
	scale<0.080000,0.200000,0.300000>
	matrix <-0.331601, 0.929323, 0.162480,
		0.210279, 0.240698, -0.947548,
		-0.919687, -0.280041, -0.275233,
		25.260738, 42.125370, 36.237389>
	pigment { color rgbt <0,1,1,0> }
	no_shadow
}
cylinder {
	<25.786381, 42.658241, 35.769012>,  <25.904518, 42.321396, 36.430050>, 0.130000
	pigment { color rgbt <1,0,0,0> }
	no_shadow
}

// nucleotide -1

// particle -1
sphere {
	<25.786381, 42.658241, 35.769012> 0.250000
	pigment { color rgbt <1,0,0,0> }
	no_shadow
}
cylinder {
	<25.450382, 42.579006, 35.971069>,  <25.248783, 42.531467, 36.092304>, 0.100000
	pigment { color rgbt <1,0,0,0> }
	no_shadow
}
cylinder {
	<25.450382, 42.579006, 35.971069>,  <25.786381, 42.658241, 35.769012>, 0.100000
	pigment { color rgbt <1,0,0,0> }
	no_shadow
}

// particle -1
sphere {
	<25.450382, 42.579006, 35.971069> 0.100000
	pigment { color rgbt <1,0,0,0> }
	no_shadow
}
sphere {
	0, 1
	scale<0.080000,0.200000,0.300000>
	matrix <-0.224739, 0.974383, 0.008377,
		-0.493862, -0.106488, -0.862995,
		-0.839996, -0.198086, 0.505143,
		25.198383, 42.519581, 36.122612>
	pigment { color rgbt <0,1,1,0> }
	no_shadow
}
cylinder {
	<25.316366, 43.195473, 35.587749>,  <25.786381, 42.658241, 35.769012>, 0.130000
	pigment { color rgbt <1,0,0,0> }
	no_shadow
}

// nucleotide -1

// particle -1
sphere {
	<25.316366, 43.195473, 35.587749> 0.250000
	pigment { color rgbt <1,0,0,0> }
	no_shadow
}
cylinder {
	<25.128832, 43.030685, 35.900284>,  <25.016312, 42.931812, 36.087803>, 0.100000
	pigment { color rgbt <1,0,0,0> }
	no_shadow
}
cylinder {
	<25.128832, 43.030685, 35.900284>,  <25.316366, 43.195473, 35.587749>, 0.100000
	pigment { color rgbt <1,0,0,0> }
	no_shadow
}

// particle -1
sphere {
	<25.128832, 43.030685, 35.900284> 0.100000
	pigment { color rgbt <1,0,0,0> }
	no_shadow
}
sphere {
	0, 1
	scale<0.080000,0.200000,0.300000>
	matrix <-0.374925, 0.893748, 0.246264,
		-0.799765, -0.177483, -0.573477,
		-0.468836, -0.411964, 0.781331,
		24.988182, 42.907097, 36.134682>
	pigment { color rgbt <0,1,1,0> }
	no_shadow
}
cylinder {
	<24.614931, 43.354259, 35.512020>,  <25.316366, 43.195473, 35.587749>, 0.130000
	pigment { color rgbt <1,0,0,0> }
	no_shadow
}

// nucleotide -1

// particle -1
sphere {
	<24.614931, 43.354259, 35.512020> 0.250000
	pigment { color rgbt <1,0,0,0> }
	no_shadow
}
cylinder {
	<24.663300, 43.268471, 35.899708>,  <24.692320, 43.216995, 36.132320>, 0.100000
	pigment { color rgbt <1,0,0,0> }
	no_shadow
}
cylinder {
	<24.663300, 43.268471, 35.899708>,  <24.614931, 43.354259, 35.512020>, 0.100000
	pigment { color rgbt <1,0,0,0> }
	no_shadow
}

// particle -1
sphere {
	<24.663300, 43.268471, 35.899708> 0.100000
	pigment { color rgbt <1,0,0,0> }
	no_shadow
}
sphere {
	0, 1
	scale<0.080000,0.200000,0.300000>
	matrix <-0.421660, 0.872817, 0.245749,
		-0.898655, -0.438396, 0.015107,
		0.120921, -0.214474, 0.969216,
		24.699575, 43.204128, 36.190472>
	pigment { color rgbt <0,1,1,0> }
	no_shadow
}
cylinder {
	<24.031225, 43.668076, 35.817055>,  <24.614931, 43.354259, 35.512020>, 0.130000
	pigment { color rgbt <1,0,0,0> }
	no_shadow
}

// nucleotide -1

// particle -1
sphere {
	<24.031225, 43.668076, 35.817055> 0.250000
	pigment { color rgbt <1,0,0,0> }
	no_shadow
}
cylinder {
	<24.300190, 43.622414, 36.109585>,  <24.461569, 43.595016, 36.285103>, 0.100000
	pigment { color rgbt <1,0,0,0> }
	no_shadow
}
cylinder {
	<24.300190, 43.622414, 36.109585>,  <24.031225, 43.668076, 35.817055>, 0.100000
	pigment { color rgbt <1,0,0,0> }
	no_shadow
}

// particle -1
sphere {
	<24.300190, 43.622414, 36.109585> 0.100000
	pigment { color rgbt <1,0,0,0> }
	no_shadow
}
sphere {
	0, 1
	scale<0.080000,0.200000,0.300000>
	matrix <-0.204852, 0.920739, 0.332077,
		-0.711266, -0.373105, 0.595729,
		0.672411, -0.114159, 0.731322,
		24.501913, 43.588165, 36.328979>
	pigment { color rgbt <0,1,1,0> }
	no_shadow
}
cylinder {
	<23.686869, 43.817928, 36.472244>,  <24.031225, 43.668076, 35.817055>, 0.130000
	pigment { color rgbt <1,0,0,0> }
	no_shadow
}

// nucleotide -1

// particle -1
sphere {
	<23.686869, 43.817928, 36.472244> 0.250000
	pigment { color rgbt <1,0,0,0> }
	no_shadow
}
cylinder {
	<24.082438, 43.867290, 36.505253>,  <24.319778, 43.896908, 36.525059>, 0.100000
	pigment { color rgbt <1,0,0,0> }
	no_shadow
}
cylinder {
	<24.082438, 43.867290, 36.505253>,  <23.686869, 43.817928, 36.472244>, 0.100000
	pigment { color rgbt <1,0,0,0> }
	no_shadow
}

// particle -1
sphere {
	<24.082438, 43.867290, 36.505253> 0.100000
	pigment { color rgbt <1,0,0,0> }
	no_shadow
}
sphere {
	0, 1
	scale<0.080000,0.200000,0.300000>
	matrix <-0.142054, 0.948045, 0.284660,
		-0.043105, -0.293229, 0.955070,
		0.988920, 0.123401, 0.082520,
		24.379114, 43.904312, 36.530010>
	pigment { color rgbt <0,1,1,0> }
	no_shadow
}
cylinder {
	<23.684757, 44.195675, 37.090427>,  <23.686869, 43.817928, 36.472244>, 0.130000
	pigment { color rgbt <1,0,0,0> }
	no_shadow
}

// nucleotide -1

// particle -1
sphere {
	<23.684757, 44.195675, 37.090427> 0.250000
	pigment { color rgbt <1,0,0,0> }
	no_shadow
}
cylinder {
	<24.005219, 44.286713, 36.869030>,  <24.197495, 44.341335, 36.736191>, 0.100000
	pigment { color rgbt <1,0,0,0> }
	no_shadow
}
cylinder {
	<24.005219, 44.286713, 36.869030>,  <23.684757, 44.195675, 37.090427>, 0.100000
	pigment { color rgbt <1,0,0,0> }
	no_shadow
}

// particle -1
sphere {
	<24.005219, 44.286713, 36.869030> 0.100000
	pigment { color rgbt <1,0,0,0> }
	no_shadow
}
sphere {
	0, 1
	scale<0.080000,0.200000,0.300000>
	matrix <-0.122656, 0.967674, 0.220369,
		0.585756, -0.108660, 0.803170,
		0.801152, 0.227596, -0.553493,
		24.245564, 44.354992, 36.702984>
	pigment { color rgbt <0,1,1,0> }
	no_shadow
}
cylinder {
	<24.427029, 44.436241, 37.459827>,  <23.684757, 44.195675, 37.090427>, 0.130000
	pigment { color rgbt <1,0,0,0> }
	no_shadow
}

// nucleotide -1

// particle -1
sphere {
	<24.427029, 44.436241, 37.459827> 0.250000
	pigment { color rgbt <1,0,0,0> }
	no_shadow
}
cylinder {
	<24.353441, 44.601028, 37.102856>,  <24.309288, 44.699902, 36.888672>, 0.100000
	pigment { color rgbt <1,0,0,0> }
	no_shadow
}
cylinder {
	<24.353441, 44.601028, 37.102856>,  <24.427029, 44.436241, 37.459827>, 0.100000
	pigment { color rgbt <1,0,0,0> }
	no_shadow
}

// particle -1
sphere {
	<24.353441, 44.601028, 37.102856> 0.100000
	pigment { color rgbt <1,0,0,0> }
	no_shadow
}
sphere {
	0, 1
	scale<0.080000,0.200000,0.300000>
	matrix <-0.090225, 0.897018, 0.432687,
		0.978782, 0.160121, -0.127854,
		-0.183969, 0.411970, -0.892432,
		24.298250, 44.724621, 36.835125>
	pigment { color rgbt <0,1,1,0> }
	no_shadow
}
cylinder {
	<24.888943, 44.978733, 37.330166>,  <24.427029, 44.436241, 37.459827>, 0.130000
	pigment { color rgbt <1,0,0,0> }
	no_shadow
}

// nucleotide -1

// particle -1
sphere {
	<24.888943, 44.978733, 37.330166> 0.250000
	pigment { color rgbt <1,0,0,0> }
	no_shadow
}
cylinder {
	<24.525606, 45.032619, 37.171787>,  <24.307604, 45.064949, 37.076759>, 0.100000
	pigment { color rgbt <1,0,0,0> }
	no_shadow
}
cylinder {
	<24.525606, 45.032619, 37.171787>,  <24.888943, 44.978733, 37.330166>, 0.100000
	pigment { color rgbt <1,0,0,0> }
	no_shadow
}

// particle -1
sphere {
	<24.525606, 45.032619, 37.171787> 0.100000
	pigment { color rgbt <1,0,0,0> }
	no_shadow
}
sphere {
	0, 1
	scale<0.080000,0.200000,0.300000>
	matrix <-0.023704, 0.928602, 0.370320,
		0.417561, 0.345762, -0.840293,
		-0.908340, 0.134713, -0.395944,
		24.253105, 45.073032, 37.053005>
	pigment { color rgbt <0,1,1,0> }
	no_shadow
}
cylinder {
	<24.889883, 45.729973, 37.247131>,  <24.888943, 44.978733, 37.330166>, 0.130000
	pigment { color rgbt <1,0,0,0> }
	no_shadow
}

// nucleotide -1

// particle -1
sphere {
	<24.889883, 45.729973, 37.247131> 0.250000
	pigment { color rgbt <1,0,0,0> }
	no_shadow
}
cylinder {
	<24.514807, 45.605652, 37.184990>,  <24.289761, 45.531059, 37.147705>, 0.100000
	pigment { color rgbt <1,0,0,0> }
	no_shadow
}
cylinder {
	<24.514807, 45.605652, 37.184990>,  <24.889883, 45.729973, 37.247131>, 0.100000
	pigment { color rgbt <1,0,0,0> }
	no_shadow
}

// particle -1
sphere {
	<24.514807, 45.605652, 37.184990> 0.100000
	pigment { color rgbt <1,0,0,0> }
	no_shadow
}
sphere {
	0, 1
	scale<0.080000,0.200000,0.300000>
	matrix <-0.344377, 0.890819, 0.296390,
		0.046276, 0.331423, -0.942347,
		-0.937690, -0.310807, -0.155358,
		24.233500, 45.512409, 37.138382>
	pigment { color rgbt <0,1,1,0> }
	no_shadow
}
cylinder {
	<24.988558, 45.628040, 36.505146>,  <24.889883, 45.729973, 37.247131>, 0.130000
	pigment { color rgbt <1,0,0,0> }
	no_shadow
}

// nucleotide -1

// particle -1
sphere {
	<24.988558, 45.628040, 36.505146> 0.250000
	pigment { color rgbt <1,0,0,0> }
	no_shadow
}
cylinder {
	<25.344435, 45.751175, 36.370277>,  <25.557961, 45.825054, 36.289356>, 0.100000
	pigment { color rgbt <1,0,0,0> }
	no_shadow
}
cylinder {
	<25.344435, 45.751175, 36.370277>,  <24.988558, 45.628040, 36.505146>, 0.100000
	pigment { color rgbt <1,0,0,0> }
	no_shadow
}

// particle -1
sphere {
	<25.344435, 45.751175, 36.370277> 0.100000
	pigment { color rgbt <1,0,0,0> }
	no_shadow
}
sphere {
	0, 1
	scale<0.080000,0.200000,0.300000>
	matrix <0.252668, -0.947083, -0.197971,
		-0.380273, 0.090940, -0.920393,
		0.889692, 0.307837, -0.337172,
		25.611341, 45.843525, 36.269127>
	pigment { color rgbt <0,1,1,0> }
	no_shadow
}
cylinder {
	<25.188890, 45.274837, 35.868164>,  <24.988558, 45.628040, 36.505146>, 0.130000
	pigment { color rgbt <1,0,0,0> }
	no_shadow
}

// nucleotide -1

// particle -1
sphere {
	<25.188890, 45.274837, 35.868164> 0.250000
	pigment { color rgbt <1,0,0,0> }
	no_shadow
}
cylinder {
	<25.536470, 45.386002, 36.031963>,  <25.745018, 45.452702, 36.130245>, 0.100000
	pigment { color rgbt <1,0,0,0> }
	no_shadow
}
cylinder {
	<25.536470, 45.386002, 36.031963>,  <25.188890, 45.274837, 35.868164>, 0.100000
	pigment { color rgbt <1,0,0,0> }
	no_shadow
}

// particle -1
sphere {
	<25.536470, 45.386002, 36.031963> 0.100000
	pigment { color rgbt <1,0,0,0> }
	no_shadow
}
sphere {
	0, 1
	scale<0.080000,0.200000,0.300000>
	matrix <0.358996, -0.923520, -0.135028,
		0.340656, 0.264342, -0.902262,
		0.868951, 0.277911, 0.409500,
		25.797155, 45.469376, 36.154812>
	pigment { color rgbt <0,1,1,0> }
	no_shadow
}
cylinder {
	<25.712557, 44.925594, 35.528339>,  <25.188890, 45.274837, 35.868164>, 0.130000
	pigment { color rgbt <1,0,0,0> }
	no_shadow
}

// nucleotide -1

// particle -1
sphere {
	<25.712557, 44.925594, 35.528339> 0.250000
	pigment { color rgbt <1,0,0,0> }
	no_shadow
}
cylinder {
	<25.927916, 45.048912, 35.842049>,  <26.057131, 45.122902, 36.030273>, 0.100000
	pigment { color rgbt <1,0,0,0> }
	no_shadow
}
cylinder {
	<25.927916, 45.048912, 35.842049>,  <25.712557, 44.925594, 35.528339>, 0.100000
	pigment { color rgbt <1,0,0,0> }
	no_shadow
}

// particle -1
sphere {
	<25.927916, 45.048912, 35.842049> 0.100000
	pigment { color rgbt <1,0,0,0> }
	no_shadow
}
sphere {
	0, 1
	scale<0.080000,0.200000,0.300000>
	matrix <0.473687, -0.880445, 0.020919,
		0.696959, 0.360237, -0.620063,
		0.538395, 0.308295, 0.784273,
		26.089434, 45.141399, 36.077332>
	pigment { color rgbt <0,1,1,0> }
	no_shadow
}
cylinder {
	<26.531532, 44.892620, 35.455841>,  <25.712557, 44.925594, 35.528339>, 0.130000
	pigment { color rgbt <1,0,0,0> }
	no_shadow
}

// nucleotide -1

// particle -1
sphere {
	<26.531532, 44.892620, 35.455841> 0.250000
	pigment { color rgbt <1,0,0,0> }
	no_shadow
}
cylinder {
	<26.403282, 44.860554, 35.833363>,  <26.326332, 44.841312, 36.059875>, 0.100000
	pigment { color rgbt <1,0,0,0> }
	no_shadow
}
cylinder {
	<26.403282, 44.860554, 35.833363>,  <26.531532, 44.892620, 35.455841>, 0.100000
	pigment { color rgbt <1,0,0,0> }
	no_shadow
}

// particle -1
sphere {
	<26.403282, 44.860554, 35.833363> 0.100000
	pigment { color rgbt <1,0,0,0> }
	no_shadow
}
sphere {
	0, 1
	scale<0.080000,0.200000,0.300000>
	matrix <0.533735, -0.838454, 0.110099,
		0.782513, 0.539044, 0.311619,
		-0.320626, -0.080168, 0.943807,
		26.307095, 44.836502, 36.116505>
	pigment { color rgbt <0,1,1,0> }
	no_shadow
}
cylinder {
	<27.164305, 45.003342, 35.905190>,  <26.531532, 44.892620, 35.455841>, 0.130000
	pigment { color rgbt <1,0,0,0> }
	no_shadow
}

// nucleotide -1

// particle -1
sphere {
	<27.164305, 45.003342, 35.905190> 0.250000
	pigment { color rgbt <1,0,0,0> }
	no_shadow
}
cylinder {
	<26.849426, 44.776596, 36.002335>,  <26.660500, 44.640549, 36.060623>, 0.100000
	pigment { color rgbt <1,0,0,0> }
	no_shadow
}
cylinder {
	<26.849426, 44.776596, 36.002335>,  <27.164305, 45.003342, 35.905190>, 0.100000
	pigment { color rgbt <1,0,0,0> }
	no_shadow
}

// particle -1
sphere {
	<26.849426, 44.776596, 36.002335> 0.100000
	pigment { color rgbt <1,0,0,0> }
	no_shadow
}
sphere {
	0, 1
	scale<0.080000,0.200000,0.300000>
	matrix <0.580434, -0.814090, -0.018798,
		0.208367, 0.126167, 0.969879,
		-0.787197, -0.566868, 0.242862,
		26.613268, 44.606537, 36.075191>
	pigment { color rgbt <0,1,1,0> }
	no_shadow
}
cylinder {
	<27.597595, 44.432243, 36.087429>,  <27.164305, 45.003342, 35.905190>, 0.130000
	pigment { color rgbt <1,0,0,0> }
	no_shadow
}

// nucleotide -1

// particle -1
sphere {
	<27.597595, 44.432243, 36.087429> 0.250000
	pigment { color rgbt <1,0,0,0> }
	no_shadow
}
cylinder {
	<27.230938, 44.273178, 36.103554>,  <27.010944, 44.177738, 36.113228>, 0.100000
	pigment { color rgbt <1,0,0,0> }
	no_shadow
}
cylinder {
	<27.230938, 44.273178, 36.103554>,  <27.597595, 44.432243, 36.087429>, 0.100000
	pigment { color rgbt <1,0,0,0> }
	no_shadow
}

// particle -1
sphere {
	<27.230938, 44.273178, 36.103554> 0.100000
	pigment { color rgbt <1,0,0,0> }
	no_shadow
}
sphere {
	0, 1
	scale<0.080000,0.200000,0.300000>
	matrix <0.399552, -0.908826, 0.119974,
		-0.011071, 0.126081, 0.991958,
		-0.916644, -0.397667, 0.040315,
		26.955944, 44.153877, 36.115646>
	pigment { color rgbt <0,1,1,0> }
	no_shadow
}
cylinder {
	<27.571192, 44.116165, 36.684353>,  <27.597595, 44.432243, 36.087429>, 0.130000
	pigment { color rgbt <1,0,0,0> }
	no_shadow
}

// nucleotide -1

// particle -1
sphere {
	<27.571192, 44.116165, 36.684353> 0.250000
	pigment { color rgbt <1,0,0,0> }
	no_shadow
}
cylinder {
	<27.334738, 43.926521, 36.423347>,  <27.192865, 43.812733, 36.266743>, 0.100000
	pigment { color rgbt <1,0,0,0> }
	no_shadow
}
cylinder {
	<27.334738, 43.926521, 36.423347>,  <27.571192, 44.116165, 36.684353>, 0.100000
	pigment { color rgbt <1,0,0,0> }
	no_shadow
}

// particle -1
sphere {
	<27.334738, 43.926521, 36.423347> 0.100000
	pigment { color rgbt <1,0,0,0> }
	no_shadow
}
sphere {
	0, 1
	scale<0.080000,0.200000,0.300000>
	matrix <0.557921, -0.824587, 0.093700,
		-0.582480, -0.308663, 0.751960,
		-0.591135, -0.474113, -0.652515,
		27.157396, 43.784286, 36.227592>
	pigment { color rgbt <0,1,1,0> }
	no_shadow
}
cylinder {
	<27.832163, 43.498707, 36.940777>,  <27.571192, 44.116165, 36.684353>, 0.130000
	pigment { color rgbt <1,0,0,0> }
	no_shadow
}

// nucleotide -1

// particle -1
sphere {
	<27.832163, 43.498707, 36.940777> 0.250000
	pigment { color rgbt <1,0,0,0> }
	no_shadow
}
cylinder {
	<27.603603, 43.497124, 36.612511>,  <27.466469, 43.496174, 36.415550>, 0.100000
	pigment { color rgbt <1,0,0,0> }
	no_shadow
}
cylinder {
	<27.603603, 43.497124, 36.612511>,  <27.832163, 43.498707, 36.940777>, 0.100000
	pigment { color rgbt <1,0,0,0> }
	no_shadow
}

// particle -1
sphere {
	<27.603603, 43.497124, 36.612511> 0.100000
	pigment { color rgbt <1,0,0,0> }
	no_shadow
}
sphere {
	0, 1
	scale<0.080000,0.200000,0.300000>
	matrix <0.321616, -0.921080, -0.219488,
		-0.755029, -0.389353, 0.527575,
		-0.571397, -0.003956, -0.820664,
		27.432184, 43.495937, 36.366310>
	pigment { color rgbt <0,1,1,0> }
	no_shadow
}
cylinder {
	<27.470287, 42.787952, 36.947289>,  <27.832163, 43.498707, 36.940777>, 0.130000
	pigment { color rgbt <1,0,0,0> }
	no_shadow
}

// nucleotide -1

// particle -1
sphere {
	<27.470287, 42.787952, 36.947289> 0.250000
	pigment { color rgbt <1,0,0,0> }
	no_shadow
}
cylinder {
	<27.500303, 42.932644, 36.575584>,  <27.518312, 43.019459, 36.352562>, 0.100000
	pigment { color rgbt <1,0,0,0> }
	no_shadow
}
cylinder {
	<27.500303, 42.932644, 36.575584>,  <27.470287, 42.787952, 36.947289>, 0.100000
	pigment { color rgbt <1,0,0,0> }
	no_shadow
}

// particle -1
sphere {
	<27.500303, 42.932644, 36.575584> 0.100000
	pigment { color rgbt <1,0,0,0> }
	no_shadow
}
sphere {
	0, 1
	scale<0.080000,0.200000,0.300000>
	matrix <0.325989, -0.889583, -0.319958,
		-0.942391, -0.278919, -0.184673,
		0.075040, 0.361726, -0.929259,
		27.522816, 43.041161, 36.296806>
	pigment { color rgbt <0,1,1,0> }
	no_shadow
}
cylinder {
	<27.251011, 42.319954, 36.524990>,  <27.470287, 42.787952, 36.947289>, 0.130000
	pigment { color rgbt <1,0,0,0> }
	no_shadow
}

// nucleotide -1

// particle -1
sphere {
	<27.251011, 42.319954, 36.524990> 0.250000
	pigment { color rgbt <1,0,0,0> }
	no_shadow
}
cylinder {
	<27.448236, 42.527981, 36.246017>,  <27.566572, 42.652798, 36.078632>, 0.100000
	pigment { color rgbt <1,0,0,0> }
	no_shadow
}
cylinder {
	<27.448236, 42.527981, 36.246017>,  <27.251011, 42.319954, 36.524990>, 0.100000
	pigment { color rgbt <1,0,0,0> }
	no_shadow
}

// particle -1
sphere {
	<27.448236, 42.527981, 36.246017> 0.100000
	pigment { color rgbt <1,0,0,0> }
	no_shadow
}
sphere {
	0, 1
	scale<0.080000,0.200000,0.300000>
	matrix <0.354283, -0.852203, -0.385011,
		-0.794588, -0.057253, -0.604444,
		0.493066, 0.520069, -0.697434,
		27.596157, 42.684002, 36.036789>
	pigment { color rgbt <0,1,1,0> }
	no_shadow
}
cylinder {
	<27.037762, 42.038681, 35.899204>,  <27.251011, 42.319954, 36.524990>, 0.130000
	pigment { color rgbt <1,0,0,0> }
	no_shadow
}

// nucleotide -1

// particle -1
sphere {
	<27.037762, 42.038681, 35.899204> 0.250000
	pigment { color rgbt <1,0,0,0> }
	no_shadow
}
cylinder {
	<27.362144, 42.246086, 35.790768>,  <27.556774, 42.370529, 35.725704>, 0.100000
	pigment { color rgbt <1,0,0,0> }
	no_shadow
}
cylinder {
	<27.362144, 42.246086, 35.790768>,  <27.037762, 42.038681, 35.899204>, 0.100000
	pigment { color rgbt <1,0,0,0> }
	no_shadow
}

// particle -1
sphere {
	<27.362144, 42.246086, 35.790768> 0.100000
	pigment { color rgbt <1,0,0,0> }
	no_shadow
}
sphere {
	0, 1
	scale<0.080000,0.200000,0.300000>
	matrix <0.331385, -0.788873, -0.517555,
		-0.482218, 0.329879, -0.811570,
		0.810956, 0.518516, -0.271091,
		27.605431, 42.401642, 35.709438>
	pigment { color rgbt <0,1,1,0> }
	no_shadow
}
cylinder {
	<27.059071, 41.935459, 35.216099>,  <27.037762, 42.038681, 35.899204>, 0.130000
	pigment { color rgbt <1,0,0,0> }
	no_shadow
}

// nucleotide -1

// particle -1
sphere {
	<27.059071, 41.935459, 35.216099> 0.250000
	pigment { color rgbt <1,0,0,0> }
	no_shadow
}
cylinder {
	<27.431753, 42.037552, 35.319469>,  <27.655363, 42.098808, 35.381493>, 0.100000
	pigment { color rgbt <1,0,0,0> }
	no_shadow
}
cylinder {
	<27.431753, 42.037552, 35.319469>,  <27.059071, 41.935459, 35.216099>, 0.100000
	pigment { color rgbt <1,0,0,0> }
	no_shadow
}

// particle -1
sphere {
	<27.431753, 42.037552, 35.319469> 0.100000
	pigment { color rgbt <1,0,0,0> }
	no_shadow
}
sphere {
	0, 1
	scale<0.080000,0.200000,0.300000>
	matrix <0.357983, -0.765622, -0.534482,
		0.061443, 0.590492, -0.804701,
		0.931704, 0.255229, 0.258428,
		27.711264, 42.114120, 35.396999>
	pigment { color rgbt <0,1,1,0> }
	no_shadow
}
cylinder {
	<27.447458, 41.690212, 34.627441>,  <27.059071, 41.935459, 35.216099>, 0.130000
	pigment { color rgbt <1,0,0,0> }
	no_shadow
}

// nucleotide -1

// particle -1
sphere {
	<27.447458, 41.690212, 34.627441> 0.250000
	pigment { color rgbt <1,0,0,0> }
	no_shadow
}
cylinder {
	<27.738565, 41.730770, 34.898758>,  <27.913229, 41.755104, 35.061546>, 0.100000
	pigment { color rgbt <1,0,0,0> }
	no_shadow
}
cylinder {
	<27.738565, 41.730770, 34.898758>,  <27.447458, 41.690212, 34.627441>, 0.100000
	pigment { color rgbt <1,0,0,0> }
	no_shadow
}

// particle -1
sphere {
	<27.738565, 41.730770, 34.898758> 0.100000
	pigment { color rgbt <1,0,0,0> }
	no_shadow
}
sphere {
	0, 1
	scale<0.080000,0.200000,0.300000>
	matrix <0.521021, -0.724872, -0.450664,
		0.445976, 0.681380, -0.580368,
		0.727766, 0.101399, 0.678288,
		27.956896, 41.761189, 35.102245>
	pigment { color rgbt <0,1,1,0> }
	no_shadow
}
cylinder {
	<28.093603, 41.716347, 34.246670>,  <27.447458, 41.690212, 34.627441>, 0.130000
	pigment { color rgbt <1,0,0,0> }
	no_shadow
}

// nucleotide -1

// particle -1
sphere {
	<28.093603, 41.716347, 34.246670> 0.250000
	pigment { color rgbt <1,0,0,0> }
	no_shadow
}
cylinder {
	<28.182396, 41.589790, 34.615585>,  <28.235672, 41.513855, 34.836937>, 0.100000
	pigment { color rgbt <1,0,0,0> }
	no_shadow
}
cylinder {
	<28.182396, 41.589790, 34.615585>,  <28.093603, 41.716347, 34.246670>, 0.100000
	pigment { color rgbt <1,0,0,0> }
	no_shadow
}

// particle -1
sphere {
	<28.182396, 41.589790, 34.615585> 0.100000
	pigment { color rgbt <1,0,0,0> }
	no_shadow
}
sphere {
	0, 1
	scale<0.080000,0.200000,0.300000>
	matrix <0.438859, -0.812245, -0.384268,
		0.870705, 0.490056, -0.041453,
		0.221983, -0.316391, 0.922291,
		28.248991, 41.494873, 34.892273>
	pigment { color rgbt <0,1,1,0> }
	no_shadow
}
cylinder {
	<28.838396, 41.551815, 34.227814>,  <28.093603, 41.716347, 34.246670>, 0.130000
	pigment { color rgbt <1,0,0,0> }
	no_shadow
}

// nucleotide -1

// particle -1
sphere {
	<28.838396, 41.551815, 34.227814> 0.250000
	pigment { color rgbt <1,0,0,0> }
	no_shadow
}
cylinder {
	<28.697849, 41.373283, 34.557014>,  <28.613522, 41.266167, 34.754536>, 0.100000
	pigment { color rgbt <1,0,0,0> }
	no_shadow
}
cylinder {
	<28.697849, 41.373283, 34.557014>,  <28.838396, 41.551815, 34.227814>, 0.100000
	pigment { color rgbt <1,0,0,0> }
	no_shadow
}

// particle -1
sphere {
	<28.697849, 41.373283, 34.557014> 0.100000
	pigment { color rgbt <1,0,0,0> }
	no_shadow
}
sphere {
	0, 1
	scale<0.080000,0.200000,0.300000>
	matrix <0.377460, -0.871977, -0.311737,
