// switches for output
#declare DRAW_BASES = 1; // possible values are 0, 1; only relevant for DNA ribbons
#declare DRAW_BASES_TYPE = 3; // possible values are 1, 2, 3; only relevant for DNA ribbons
#declare DRAW_FOG = 0; // set to 1 to enable fog

#include "colors.inc"

#include "transforms.inc"
background { rgb <1, 1, 1>}

#default {
   normal{
       ripples 0.25
       frequency 0.20
       turbulence 0.2
       lambda 5
   }
	finish {
		phong 0.1
		phong_size 40.
	}
}

// original window dimensions: 1024x640


// camera settings

camera {
	sky <0, 0.179814, -0.983701>
	up <0, 0.179814, -0.983701>
	right 1.6 * <1, 0, 0>
	location <35, 94.9851, 44.8844>
	look_at <35, 29.7336, 32.9568>
	direction <0, -65.2515, -11.9276>
	angle 67.0682
}


# declare cpy_camera_pos = <35, 94.9851, 44.8844>;
# if (DRAW_FOG = 1)
fog {
	fog_type 2
	up vnormalize(cpy_camera_pos)
	color rgbt<1,1,1,0.3>
	distance 1e-5
	fog_alt 3e-3
	fog_offset 56
}
# end


// LIGHTS

# declare lum = 6;
global_settings {
	ambient_light rgb lum * <0.05, 0.05, 0.05>
	max_trace_level 15
}# declare cpy_direct_light_amount = 0.25;
light_source
{	1000 * <-1, -1.16352, -0.803886>,
	rgb lum * cpy_direct_light_amount
	parallel
}

light_source
{	1000 * <1, 1.16352, 0.803886>,
	rgb lum * cpy_direct_light_amount
	parallel
}

// strand 0

// nucleotide -1

// particle -1
sphere {
	<24.744497, 34.676750, 35.255470> 0.250000
	pigment { color rgbt <1,0,0,0> }
	no_shadow
}
cylinder {
	<24.507030, 34.816380, 34.965450>,  <24.364550, 34.900158, 34.791439>, 0.100000
	pigment { color rgbt <1,0,0,0> }
	no_shadow
}
cylinder {
	<24.507030, 34.816380, 34.965450>,  <24.744497, 34.676750, 35.255470>, 0.100000
	pigment { color rgbt <1,0,0,0> }
	no_shadow
}

// particle -1
sphere {
	<24.507030, 34.816380, 34.965450> 0.100000
	pigment { color rgbt <1,0,0,0> }
	no_shadow
}
sphere {
	0, 1
	scale<0.080000,0.200000,0.300000>
	matrix <0.245344, 0.936631, 0.250056,
		0.766397, -0.029437, -0.641693,
		-0.593668, 0.349078, -0.725053,
		24.328930, 34.921104, 34.747932>
	pigment { color rgbt <0,1,1,0> }
	no_shadow
}
cylinder {
	<25.188917, 35.139000, 34.864170>,  <24.744497, 34.676750, 35.255470>, 0.130000
	pigment { color rgbt <1,0,0,0> }
	no_shadow
}

// nucleotide -1

// particle -1
sphere {
	<25.188917, 35.139000, 34.864170> 0.250000
	pigment { color rgbt <1,0,0,0> }
	no_shadow
}
cylinder {
	<24.797586, 35.201523, 34.809845>,  <24.562788, 35.239037, 34.777248>, 0.100000
	pigment { color rgbt <1,0,0,0> }
	no_shadow
}
cylinder {
	<24.797586, 35.201523, 34.809845>,  <25.188917, 35.139000, 34.864170>, 0.100000
	pigment { color rgbt <1,0,0,0> }
	no_shadow
}

// particle -1
sphere {
	<24.797586, 35.201523, 34.809845> 0.100000
	pigment { color rgbt <1,0,0,0> }
	no_shadow
}
sphere {
	0, 1
	scale<0.080000,0.200000,0.300000>
	matrix <0.140536, 0.982914, 0.118866,
		0.152075, 0.097203, -0.983577,
		-0.978326, 0.156305, -0.135816,
		24.504089, 35.248413, 34.769100>
	pigment { color rgbt <0,1,1,0> }
	no_shadow
}
cylinder {
	<25.495758, 35.167278, 34.140236>,  <25.188917, 35.139000, 34.864170>, 0.130000
	pigment { color rgbt <1,0,0,0> }
	no_shadow
}

// nucleotide -1

// particle -1
sphere {
	<25.495758, 35.167278, 34.140236> 0.250000
	pigment { color rgbt <1,0,0,0> }
	no_shadow
}
cylinder {
	<25.889433, 35.123722, 34.084354>,  <26.125637, 35.097588, 34.050823>, 0.100000
	pigment { color rgbt <1,0,0,0> }
	no_shadow
}
cylinder {
	<25.889433, 35.123722, 34.084354>,  <25.495758, 35.167278, 34.140236>, 0.100000
	pigment { color rgbt <1,0,0,0> }
	no_shadow
}

// particle -1
sphere {
	<25.889433, 35.123722, 34.084354> 0.100000
	pigment { color rgbt <1,0,0,0> }
	no_shadow
}
sphere {
	0, 1
	scale<0.080000,0.200000,0.300000>
	matrix <-0.084370, -0.981686, 0.170805,
		-0.155748, -0.156317, -0.975350,
		0.984187, -0.108893, -0.139707,
		26.184689, 35.091053, 34.042442>
	pigment { color rgbt <0,1,1,0> }
	no_shadow
}
cylinder {
	<25.554344, 34.572105, 33.671684>,  <25.495758, 35.167278, 34.140236>, 0.130000
	pigment { color rgbt <1,0,0,0> }
	no_shadow
}

// nucleotide -1

// particle -1
sphere {
	<25.554344, 34.572105, 33.671684> 0.250000
	pigment { color rgbt <1,0,0,0> }
	no_shadow
}
cylinder {
	<25.867235, 34.651100, 33.908031>,  <26.054970, 34.698498, 34.049839>, 0.100000
	pigment { color rgbt <1,0,0,0> }
	no_shadow
}
cylinder {
	<25.867235, 34.651100, 33.908031>,  <25.554344, 34.572105, 33.671684>, 0.100000
	pigment { color rgbt <1,0,0,0> }
	no_shadow
}

// particle -1
sphere {
	<25.867235, 34.651100, 33.908031> 0.100000
	pigment { color rgbt <1,0,0,0> }
	no_shadow
}
sphere {
	0, 1
	scale<0.080000,0.200000,0.300000>
	matrix <0.081142, -0.972645, 0.217666,
		0.617688, -0.122320, -0.776852,
		0.782226, 0.197485, 0.590865,
		26.101904, 34.710346, 34.085293>
	pigment { color rgbt <0,1,1,0> }
	no_shadow
}
cylinder {
	<26.049929, 34.142815, 33.460072>,  <25.554344, 34.572105, 33.671684>, 0.130000
	pigment { color rgbt <1,0,0,0> }
	no_shadow
}

// nucleotide -1

// particle -1
sphere {
	<26.049929, 34.142815, 33.460072> 0.250000
	pigment { color rgbt <1,0,0,0> }
	no_shadow
}
cylinder {
	<26.157019, 34.223072, 33.837021>,  <26.221272, 34.271225, 34.063190>, 0.100000
	pigment { color rgbt <1,0,0,0> }
	no_shadow
}
cylinder {
	<26.157019, 34.223072, 33.837021>,  <26.049929, 34.142815, 33.460072>, 0.100000
	pigment { color rgbt <1,0,0,0> }
	no_shadow
}

// particle -1
sphere {
	<26.157019, 34.223072, 33.837021> 0.100000
	pigment { color rgbt <1,0,0,0> }
	no_shadow
}
sphere {
	0, 1
	scale<0.080000,0.200000,0.300000>
	matrix <0.543473, -0.839076, 0.024253,
		0.795588, 0.505661, -0.333685,
		0.267724, 0.200644, 0.942373,
		26.237335, 34.283264, 34.119732>
	pigment { color rgbt <0,1,1,0> }
	no_shadow
}
cylinder {
	<26.850134, 34.145126, 33.487659>,  <26.049929, 34.142815, 33.460072>, 0.130000
	pigment { color rgbt <1,0,0,0> }
	no_shadow
}

// nucleotide -1

// particle -1
sphere {
	<26.850134, 34.145126, 33.487659> 0.250000
	pigment { color rgbt <1,0,0,0> }
	no_shadow
}
cylinder {
	<26.723707, 34.095188, 33.863853>,  <26.647852, 34.065224, 34.089569>, 0.100000
	pigment { color rgbt <1,0,0,0> }
	no_shadow
}
cylinder {
	<26.723707, 34.095188, 33.863853>,  <26.850134, 34.145126, 33.487659>, 0.100000
	pigment { color rgbt <1,0,0,0> }
	no_shadow
}

// particle -1
sphere {
	<26.723707, 34.095188, 33.863853> 0.100000
	pigment { color rgbt <1,0,0,0> }
	no_shadow
}
sphere {
	0, 1
	scale<0.080000,0.200000,0.300000>
	matrix <0.573591, -0.814760, 0.084610,
		0.755708, 0.566197, 0.329128,
		-0.316067, -0.124844, 0.940487,
		26.628887, 34.057735, 34.146000>
	pigment { color rgbt <0,1,1,0> }
	no_shadow
}
cylinder {
	<27.389496, 33.852131, 33.789959>,  <26.850134, 34.145126, 33.487659>, 0.130000
	pigment { color rgbt <1,0,0,0> }
	no_shadow
}

// nucleotide -1

// particle -1
sphere {
	<27.389496, 33.852131, 33.789959> 0.250000
	pigment { color rgbt <1,0,0,0> }
	no_shadow
}
cylinder {
	<27.091570, 33.754005, 34.038174>,  <26.912813, 33.695129, 34.187103>, 0.100000
	pigment { color rgbt <1,0,0,0> }
	no_shadow
}
cylinder {
	<27.091570, 33.754005, 34.038174>,  <27.389496, 33.852131, 33.789959>, 0.100000
	pigment { color rgbt <1,0,0,0> }
	no_shadow
}

// particle -1
sphere {
	<27.091570, 33.754005, 34.038174> 0.100000
	pigment { color rgbt <1,0,0,0> }
	no_shadow
}
sphere {
	0, 1
	scale<0.080000,0.200000,0.300000>
	matrix <0.359634, -0.930921, 0.063640,
		0.562060, 0.270567, 0.781590,
		-0.744817, -0.245316, 0.620538,
		26.868124, 33.680412, 34.224335>
	pigment { color rgbt <0,1,1,0> }
	no_shadow
}
cylinder {
	<27.722816, 33.388992, 34.264374>,  <27.389496, 33.852131, 33.789959>, 0.130000
	pigment { color rgbt <1,0,0,0> }
	no_shadow
}

// nucleotide -1

// particle -1
sphere {
	<27.722816, 33.388992, 34.264374> 0.250000
	pigment { color rgbt <1,0,0,0> }
	no_shadow
}
cylinder {
	<27.326904, 33.344208, 34.299702>,  <27.089357, 33.317337, 34.320900>, 0.100000
	pigment { color rgbt <1,0,0,0> }
	no_shadow
}
cylinder {
	<27.326904, 33.344208, 34.299702>,  <27.722816, 33.388992, 34.264374>, 0.100000
	pigment { color rgbt <1,0,0,0> }
	no_shadow
}

// particle -1
sphere {
	<27.326904, 33.344208, 34.299702> 0.100000
	pigment { color rgbt <1,0,0,0> }
	no_shadow
}
sphere {
	0, 1
	scale<0.080000,0.200000,0.300000>
	matrix <0.128930, -0.967233, 0.218719,
		0.060942, 0.227871, 0.971782,
		-0.989779, -0.111963, 0.088324,
		27.029970, 33.310619, 34.326199>
	pigment { color rgbt <0,1,1,0> }
	no_shadow
}
cylinder {
	<27.588024, 33.216167, 34.949871>,  <27.722816, 33.388992, 34.264374>, 0.130000
	pigment { color rgbt <1,0,0,0> }
	no_shadow
}

// nucleotide -1

// particle -1
sphere {
	<27.588024, 33.216167, 34.949871> 0.250000
	pigment { color rgbt <1,0,0,0> }
	no_shadow
}
cylinder {
	<27.297928, 33.076820, 34.712330>,  <27.123871, 32.993210, 34.569805>, 0.100000
	pigment { color rgbt <1,0,0,0> }
	no_shadow
}
cylinder {
	<27.297928, 33.076820, 34.712330>,  <27.588024, 33.216167, 34.949871>, 0.100000
	pigment { color rgbt <1,0,0,0> }
	no_shadow
}

// particle -1
sphere {
	<27.297928, 33.076820, 34.712330> 0.100000
	pigment { color rgbt <1,0,0,0> }
	no_shadow
}
sphere {
	0, 1
	scale<0.080000,0.200000,0.300000>
	matrix <0.143382, -0.920050, 0.364622,
		-0.673400, 0.179291, 0.717208,
		-0.725241, -0.348372, -0.593854,
		27.080355, 32.972309, 34.534172>
	pigment { color rgbt <0,1,1,0> }
	no_shadow
}
cylinder {
	<27.254562, 32.738468, 35.360088>,  <27.588024, 33.216167, 34.949871>, 0.130000
	pigment { color rgbt <1,0,0,0> }
	no_shadow
}

// nucleotide -1

// particle -1
sphere {
	<27.254562, 32.738468, 35.360088> 0.250000
	pigment { color rgbt <1,0,0,0> }
	no_shadow
}
cylinder {
	<27.116560, 32.612717, 35.006332>,  <27.033758, 32.537266, 34.794079>, 0.100000
	pigment { color rgbt <1,0,0,0> }
	no_shadow
}
cylinder {
	<27.116560, 32.612717, 35.006332>,  <27.254562, 32.738468, 35.360088>, 0.100000
	pigment { color rgbt <1,0,0,0> }
	no_shadow
}

// particle -1
sphere {
	<27.116560, 32.612717, 35.006332> 0.100000
	pigment { color rgbt <1,0,0,0> }
	no_shadow
}
sphere {
	0, 1
	scale<0.080000,0.200000,0.300000>
	matrix <-0.152919, -0.910823, 0.383429,
		-0.926060, 0.267524, 0.266166,
		-0.345006, -0.314376, -0.884386,
		27.013058, 32.518402, 34.741016>
	pigment { color rgbt <0,1,1,0> }
	no_shadow
}
cylinder {
	<26.770231, 32.368835, 35.597366>,  <27.254562, 32.738468, 35.360088>, 0.130000
	pigment { color rgbt <1,0,0,0> }
	no_shadow
}

// nucleotide -1

// particle -1
sphere {
	<26.770231, 32.368835, 35.597366> 0.250000
	pigment { color rgbt <1,0,0,0> }
	no_shadow
}
cylinder {
	<26.800056, 32.243530, 35.218674>,  <26.817951, 32.168346, 34.991459>, 0.100000
	pigment { color rgbt <1,0,0,0> }
	no_shadow
}
cylinder {
	<26.800056, 32.243530, 35.218674>,  <26.770231, 32.368835, 35.597366>, 0.100000
	pigment { color rgbt <1,0,0,0> }
	no_shadow
}

// particle -1
sphere {
	<26.800056, 32.243530, 35.218674> 0.100000
	pigment { color rgbt <1,0,0,0> }
	no_shadow
}
sphere {
	0, 1
	scale<0.080000,0.200000,0.300000>
	matrix <-0.202842, -0.934296, 0.293167,
		-0.976369, 0.170179, -0.133205,
		0.074562, -0.313259, -0.946736,
		26.822426, 32.149551, 34.934654>
	pigment { color rgbt <0,1,1,0> }
	no_shadow
}
cylinder {
	<26.082792, 31.902733, 35.399239>,  <26.770231, 32.368835, 35.597366>, 0.130000
	pigment { color rgbt <1,0,0,0> }
	no_shadow
}

// nucleotide -1

// particle -1
sphere {
	<26.082792, 31.902733, 35.399239> 0.250000
	pigment { color rgbt <1,0,0,0> }
	no_shadow
}
cylinder {
	<26.380850, 31.826778, 35.143520>,  <26.559685, 31.781206, 34.990089>, 0.100000
	pigment { color rgbt <1,0,0,0> }
	no_shadow
}
cylinder {
	<26.380850, 31.826778, 35.143520>,  <26.082792, 31.902733, 35.399239>, 0.100000
	pigment { color rgbt <1,0,0,0> }
	no_shadow
}

// particle -1
sphere {
	<26.380850, 31.826778, 35.143520> 0.100000
	pigment { color rgbt <1,0,0,0> }
	no_shadow
}
sphere {
	0, 1
	scale<0.080000,0.200000,0.300000>
	matrix <0.026649, -0.949364, 0.313045,
		-0.666369, -0.250301, -0.702354,
		0.745146, -0.189886, -0.639297,
		26.604393, 31.769812, 34.951733>
	pigment { color rgbt <0,1,1,0> }
	no_shadow
}
cylinder {
	<25.986382, 31.227242, 35.149292>,  <26.082792, 31.902733, 35.399239>, 0.130000
	pigment { color rgbt <1,0,0,0> }
	no_shadow
}

// nucleotide -1

// particle -1
sphere {
	<25.986382, 31.227242, 35.149292> 0.250000
	pigment { color rgbt <1,0,0,0> }
	no_shadow
}
cylinder {
	<26.366549, 31.298275, 35.047176>,  <26.594648, 31.340895, 34.985909>, 0.100000
	pigment { color rgbt <1,0,0,0> }
	no_shadow
}
cylinder {
	<26.366549, 31.298275, 35.047176>,  <25.986382, 31.227242, 35.149292>, 0.100000
	pigment { color rgbt <1,0,0,0> }
	no_shadow
}

// particle -1
sphere {
	<26.366549, 31.298275, 35.047176> 0.100000
	pigment { color rgbt <1,0,0,0> }
	no_shadow
}
sphere {
	0, 1
	scale<0.080000,0.200000,0.300000>
	matrix <0.258012, -0.908569, 0.328530,
		-0.173606, -0.378108, -0.909338,
		0.950416, 0.177585, -0.255290,
		26.651674, 31.351551, 34.970589>
	pigment { color rgbt <0,1,1,0> }
	no_shadow
}
cylinder {
	<26.202278, 30.667973, 34.735859>,  <25.986382, 31.227242, 35.149292>, 0.130000
	pigment { color rgbt <1,0,0,0> }
	no_shadow
}

// nucleotide -1

// particle -1
sphere {
	<26.202278, 30.667973, 34.735859> 0.250000
	pigment { color rgbt <1,0,0,0> }
	no_shadow
}
cylinder {
	<26.532753, 30.837994, 34.883774>,  <26.731039, 30.940006, 34.972523>, 0.100000
	pigment { color rgbt <1,0,0,0> }
	no_shadow
}
cylinder {
	<26.532753, 30.837994, 34.883774>,  <26.202278, 30.667973, 34.735859>, 0.100000
	pigment { color rgbt <1,0,0,0> }
	no_shadow
}

// particle -1
sphere {
	<26.532753, 30.837994, 34.883774> 0.100000
	pigment { color rgbt <1,0,0,0> }
	no_shadow
}
sphere {
	0, 1
	scale<0.080000,0.200000,0.300000>
	matrix <0.335801, -0.898545, 0.282586,
		0.452382, -0.109296, -0.885101,
		0.826189, 0.425055, 0.369784,
		26.780609, 30.965509, 34.994709>
	pigment { color rgbt <0,1,1,0> }
	no_shadow
}
cylinder {
	<26.794086, 30.447208, 34.327694>,  <26.202278, 30.667973, 34.735859>, 0.130000
	pigment { color rgbt <1,0,0,0> }
	no_shadow
}

// nucleotide -1

// particle -1
sphere {
	<26.794086, 30.447208, 34.327694> 0.250000
	pigment { color rgbt <1,0,0,0> }
	no_shadow
}
cylinder {
	<26.936707, 30.556376, 34.685104>,  <27.022278, 30.621876, 34.899551>, 0.100000
	pigment { color rgbt <1,0,0,0> }
	no_shadow
}
cylinder {
	<26.936707, 30.556376, 34.685104>,  <26.794086, 30.447208, 34.327694>, 0.100000
	pigment { color rgbt <1,0,0,0> }
	no_shadow
}

// particle -1
sphere {
	<26.936707, 30.556376, 34.685104> 0.100000
	pigment { color rgbt <1,0,0,0> }
	no_shadow
}
sphere {
	0, 1
	scale<0.080000,0.200000,0.300000>
	matrix <0.532824, -0.845003, 0.045482,
		0.767445, 0.459875, -0.446703,
		0.356549, 0.272919, 0.893526,
		27.043671, 30.638250, 34.953163>
	pigment { color rgbt <0,1,1,0> }
	no_shadow
}
cylinder {
	<27.440264, 30.023394, 34.343430>,  <26.794086, 30.447208, 34.327694>, 0.130000
	pigment { color rgbt <1,0,0,0> }
	no_shadow
}

// nucleotide -1

// particle -1
sphere {
	<27.440264, 30.023394, 34.343430> 0.250000
	pigment { color rgbt <1,0,0,0> }
	no_shadow
}
cylinder {
	<27.376432, 30.151560, 34.716927>,  <27.338133, 30.228458, 34.941025>, 0.100000
	pigment { color rgbt <1,0,0,0> }
	no_shadow
}
cylinder {
	<27.376432, 30.151560, 34.716927>,  <27.440264, 30.023394, 34.343430>, 0.100000
	pigment { color rgbt <1,0,0,0> }
	no_shadow
}

// particle -1
sphere {
	<27.376432, 30.151560, 34.716927> 0.100000
	pigment { color rgbt <1,0,0,0> }
	no_shadow
}
sphere {
	0, 1
	scale<0.080000,0.200000,0.300000>
	matrix <0.554252, -0.753632, 0.353333,
		0.816908, 0.573912, -0.057325,
		-0.159580, 0.320413, 0.933740,
		27.328558, 30.247684, 34.997047>
	pigment { color rgbt <0,1,1,0> }
	no_shadow
}
cylinder {
	<28.037897, 29.987688, 34.670708>,  <27.440264, 30.023394, 34.343430>, 0.130000
	pigment { color rgbt <1,0,0,0> }
	no_shadow
}

// nucleotide -1

// particle -1
sphere {
	<28.037897, 29.987688, 34.670708> 0.250000
	pigment { color rgbt <1,0,0,0> }
	no_shadow
}
cylinder {
	<27.789417, 29.967358, 34.983509>,  <27.640329, 29.955160, 35.171188>, 0.100000
	pigment { color rgbt <1,0,0,0> }
	no_shadow
}
cylinder {
	<27.789417, 29.967358, 34.983509>,  <28.037897, 29.987688, 34.670708>, 0.100000
	pigment { color rgbt <1,0,0,0> }
	no_shadow
}

// particle -1
sphere {
	<27.789417, 29.967358, 34.983509> 0.100000
	pigment { color rgbt <1,0,0,0> }
	no_shadow
}
sphere {
	0, 1
	scale<0.080000,0.200000,0.300000>
	matrix <0.574113, -0.708730, 0.409996,
		0.533389, 0.703647, 0.469443,
		-0.621201, -0.050826, 0.782002,
		27.603058, 29.952110, 35.218109>
	pigment { color rgbt <0,1,1,0> }
	no_shadow
}
cylinder {
	<28.463938, 29.893167, 35.289352>,  <28.037897, 29.987688, 34.670708>, 0.130000
	pigment { color rgbt <1,0,0,0> }
	no_shadow
}

// nucleotide -1

// particle -1
sphere {
	<28.463938, 29.893167, 35.289352> 0.250000
	pigment { color rgbt <1,0,0,0> }
	no_shadow
}
cylinder {
	<28.104366, 29.772808, 35.416718>,  <27.888624, 29.700592, 35.493137>, 0.100000
	pigment { color rgbt <1,0,0,0> }
	no_shadow
}
cylinder {
	<28.104366, 29.772808, 35.416718>,  <28.463938, 29.893167, 35.289352>, 0.100000
	pigment { color rgbt <1,0,0,0> }
	no_shadow
}

// particle -1
sphere {
	<28.104366, 29.772808, 35.416718> 0.100000
	pigment { color rgbt <1,0,0,0> }
	no_shadow
}
sphere {
	0, 1
	scale<0.080000,0.200000,0.300000>
	matrix <0.401771, -0.855994, 0.325353,
		0.174660, 0.420398, 0.890370,
		-0.898929, -0.300899, 0.318411,
		27.834688, 29.682539, 35.512241>
	pigment { color rgbt <0,1,1,0> }
	no_shadow
}
cylinder {
	<28.554615, 29.706287, 35.925694>,  <28.463938, 29.893167, 35.289352>, 0.130000
	pigment { color rgbt <1,0,0,0> }
	no_shadow
}

// nucleotide -1

// particle -1
sphere {
	<28.554615, 29.706287, 35.925694> 0.250000
	pigment { color rgbt <1,0,0,0> }
	no_shadow
}
cylinder {
	<28.205101, 29.517460, 35.878960>,  <27.995392, 29.404163, 35.850918>, 0.100000
	pigment { color rgbt <1,0,0,0> }
	no_shadow
}
cylinder {
	<28.205101, 29.517460, 35.878960>,  <28.554615, 29.706287, 35.925694>, 0.100000
	pigment { color rgbt <1,0,0,0> }
	no_shadow
}

// particle -1
sphere {
	<28.205101, 29.517460, 35.878960> 0.100000
	pigment { color rgbt <1,0,0,0> }
	no_shadow
}
sphere {
	0, 1
	scale<0.080000,0.200000,0.300000>
	matrix <0.354335, -0.782560, 0.511905,
		-0.333083, 0.405897, 0.851060,
		-0.873786, -0.472068, -0.116834,
		27.942965, 29.375839, 35.843910>
	pigment { color rgbt <0,1,1,0> }
	no_shadow
}
cylinder {
	<28.217609, 29.562317, 36.567417>,  <28.554615, 29.706287, 35.925694>, 0.130000
	pigment { color rgbt <1,0,0,0> }
	no_shadow
}

// nucleotide -1

// particle -1
sphere {
	<28.217609, 29.562317, 36.567417> 0.250000
	pigment { color rgbt <1,0,0,0> }
	no_shadow
}
cylinder {
	<28.055758, 29.284327, 36.329666>,  <27.958647, 29.117533, 36.187016>, 0.100000
	pigment { color rgbt <1,0,0,0> }
	no_shadow
}
cylinder {
	<28.055758, 29.284327, 36.329666>,  <28.217609, 29.562317, 36.567417>, 0.100000
	pigment { color rgbt <1,0,0,0> }
	no_shadow
}

// particle -1
sphere {
	<28.055758, 29.284327, 36.329666> 0.100000
	pigment { color rgbt <1,0,0,0> }
	no_shadow
}
sphere {
	0, 1
	scale<0.080000,0.200000,0.300000>
	matrix <0.405937, -0.718918, 0.564245,
		-0.819444, -0.012969, 0.573013,
		-0.404632, -0.694974, -0.594378,
		27.934368, 29.075834, 36.151352>
	pigment { color rgbt <0,1,1,0> }
	no_shadow
}
cylinder {
	<28.008266, 29.077660, 37.093731>,  <28.217609, 29.562317, 36.567417>, 0.130000
	pigment { color rgbt <1,0,0,0> }
	no_shadow
}

// nucleotide -1

// particle -1
sphere {
	<28.008266, 29.077660, 37.093731> 0.250000
	pigment { color rgbt <1,0,0,0> }
	no_shadow
}
cylinder {
	<27.998381, 28.893682, 36.738689>,  <27.992449, 28.783297, 36.525665>, 0.100000
	pigment { color rgbt <1,0,0,0> }
	no_shadow
}
cylinder {
	<27.998381, 28.893682, 36.738689>,  <28.008266, 29.077660, 37.093731>, 0.100000
	pigment { color rgbt <1,0,0,0> }
	no_shadow
}

// particle -1
sphere {
	<27.998381, 28.893682, 36.738689> 0.100000
	pigment { color rgbt <1,0,0,0> }
	no_shadow
}
sphere {
	0, 1
	scale<0.080000,0.200000,0.300000>
	matrix <0.266832, -0.858700, 0.437532,
		-0.963426, -0.226027, 0.143951,
		-0.024716, -0.459941, -0.887606,
		27.990965, 28.755701, 36.472408>
	pigment { color rgbt <0,1,1,0> }
	no_shadow
}
cylinder {
	<27.597582, 28.457462, 37.172447>,  <28.008266, 29.077660, 37.093731>, 0.130000
	pigment { color rgbt <1,0,0,0> }
	no_shadow
}

// nucleotide -1

// particle -1
sphere {
	<27.597582, 28.457462, 37.172447> 0.250000
	pigment { color rgbt <1,0,0,0> }
	no_shadow
}
cylinder {
	<27.848341, 28.419226, 36.863163>,  <27.998796, 28.396284, 36.677593>, 0.100000
	pigment { color rgbt <1,0,0,0> }
	no_shadow
}
cylinder {
	<27.848341, 28.419226, 36.863163>,  <27.597582, 28.457462, 37.172447>, 0.100000
	pigment { color rgbt <1,0,0,0> }
	no_shadow
}

// particle -1
sphere {
	<27.848341, 28.419226, 36.863163> 0.100000
	pigment { color rgbt <1,0,0,0> }
	no_shadow
}
sphere {
	0, 1
	scale<0.080000,0.200000,0.300000>
	matrix <0.485127, -0.728675, 0.483409,
		-0.609631, -0.678156, -0.410432,
		0.626898, -0.095590, -0.773214,
		28.036411, 28.390549, 36.631199>
	pigment { color rgbt <0,1,1,0> }
	no_shadow
}
cylinder {
	<27.635126, 27.770512, 37.119137>,  <27.597582, 28.457462, 37.172447>, 0.130000
	pigment { color rgbt <1,0,0,0> }
	no_shadow
}

// nucleotide -1

// particle -1
sphere {
	<27.635126, 27.770512, 37.119137> 0.250000
	pigment { color rgbt <1,0,0,0> }
	no_shadow
}
cylinder {
	<27.954229, 27.890099, 36.909679>,  <28.145691, 27.961851, 36.784004>, 0.100000
	pigment { color rgbt <1,0,0,0> }
	no_shadow
}
cylinder {
	<27.954229, 27.890099, 36.909679>,  <27.635126, 27.770512, 37.119137>, 0.100000
	pigment { color rgbt <1,0,0,0> }
	no_shadow
}

// particle -1
sphere {
	<27.954229, 27.890099, 36.909679> 0.100000
	pigment { color rgbt <1,0,0,0> }
	no_shadow
}
sphere {
	0, 1
	scale<0.080000,0.200000,0.300000>
	matrix <0.554567, -0.704720, 0.442522,
		-0.236719, -0.643419, -0.727995,
		0.797759, 0.298969, -0.523639,
		28.193558, 27.979790, 36.752586>
	pigment { color rgbt <0,1,1,0> }
	no_shadow
}
cylinder {
	<27.977459, 27.176153, 36.941746>,  <27.635126, 27.770512, 37.119137>, 0.130000
	pigment { color rgbt <1,0,0,0> }
	no_shadow
}

// nucleotide -1

// particle -1
sphere {
	<27.977459, 27.176153, 36.941746> 0.250000
	pigment { color rgbt <1,0,0,0> }
	no_shadow
}
cylinder {
	<28.267443, 27.443733, 36.876095>,  <28.441433, 27.604282, 36.836704>, 0.100000
	pigment { color rgbt <1,0,0,0> }
	no_shadow
}
cylinder {
	<28.267443, 27.443733, 36.876095>,  <27.977459, 27.176153, 36.941746>, 0.100000
	pigment { color rgbt <1,0,0,0> }
	no_shadow
}

// particle -1
sphere {
	<28.267443, 27.443733, 36.876095> 0.100000
	pigment { color rgbt <1,0,0,0> }
	no_shadow
}
sphere {
	0, 1
	scale<0.080000,0.200000,0.300000>
	matrix <0.681126, -0.660791, 0.315315,
		0.102479, -0.340380, -0.934687,
		0.724959, 0.668952, -0.164124,
		28.484930, 27.644419, 36.826859>
	pigment { color rgbt <0,1,1,0> }
	no_shadow
}
cylinder {
	<28.469318, 26.791620, 36.600430>,  <27.977459, 27.176153, 36.941746>, 0.130000
	pigment { color rgbt <1,0,0,0> }
	no_shadow
}

// nucleotide -1

// particle -1
sphere {
	<28.469318, 26.791620, 36.600430> 0.250000
	pigment { color rgbt <1,0,0,0> }
	no_shadow
}
cylinder {
	<28.645319, 27.113916, 36.759014>,  <28.750919, 27.307293, 36.854164>, 0.100000
	pigment { color rgbt <1,0,0,0> }
	no_shadow
}
cylinder {
	<28.645319, 27.113916, 36.759014>,  <28.469318, 26.791620, 36.600430>, 0.100000
	pigment { color rgbt <1,0,0,0> }
	no_shadow
}

// particle -1
sphere {
	<28.645319, 27.113916, 36.759014> 0.100000
	pigment { color rgbt <1,0,0,0> }
	no_shadow
}
sphere {
	0, 1
	scale<0.080000,0.200000,0.300000>
	matrix <0.619731, -0.591968, 0.515274,
		0.649869, 0.018978, -0.759809,
		0.440003, 0.805738, 0.396463,
		28.777321, 27.355639, 36.877953>
	pigment { color rgbt <0,1,1,0> }
	no_shadow
}
cylinder {
	<29.138405, 26.609867, 36.495117>,  <28.469318, 26.791620, 36.600430>, 0.130000
	pigment { color rgbt <1,0,0,0> }
	no_shadow
}

// nucleotide -1

// particle -1
sphere {
	<29.138405, 26.609867, 36.495117> 0.250000
	pigment { color rgbt <1,0,0,0> }
	no_shadow
}
cylinder {
	<29.094662, 26.862822, 36.801876>,  <29.068415, 27.014593, 36.985931>, 0.100000
	pigment { color rgbt <1,0,0,0> }
	no_shadow
}
cylinder {
	<29.094662, 26.862822, 36.801876>,  <29.138405, 26.609867, 36.495117>, 0.100000
	pigment { color rgbt <1,0,0,0> }
	no_shadow
}

// particle -1
sphere {
	<29.094662, 26.862822, 36.801876> 0.100000
	pigment { color rgbt <1,0,0,0> }
	no_shadow
}
sphere {
	0, 1
	scale<0.080000,0.200000,0.300000>
	matrix <0.751514, -0.452372, 0.480193,
		0.650590, 0.628848, -0.425774,
		-0.109360, 0.632384, 0.766897,
		29.061853, 27.052536, 37.031944>
	pigment { color rgbt <0,1,1,0> }
	no_shadow
}
cylinder {
	<29.855650, 26.859385, 36.757057>,  <29.138405, 26.609867, 36.495117>, 0.130000
	pigment { color rgbt <1,0,0,0> }
	no_shadow
}

// nucleotide -1

// particle -1
sphere {
	<29.855650, 26.859385, 36.757057> 0.250000
	pigment { color rgbt <1,0,0,0> }
	no_shadow
}
cylinder {
	<29.601944, 26.869375, 37.066143>,  <29.449720, 26.875370, 37.251595>, 0.100000
	pigment { color rgbt <1,0,0,0> }
	no_shadow
}
cylinder {
	<29.601944, 26.869375, 37.066143>,  <29.855650, 26.859385, 36.757057>, 0.100000
	pigment { color rgbt <1,0,0,0> }
	no_shadow
}

// particle -1
sphere {
	<29.601944, 26.869375, 37.066143> 0.100000
	pigment { color rgbt <1,0,0,0> }
	no_shadow
}
sphere {
	0, 1
	scale<0.080000,0.200000,0.300000>
	matrix <0.762612, -0.143984, 0.630627,
		0.127010, 0.989265, 0.072276,
		-0.634264, 0.024977, 0.772713,
		29.411665, 26.876869, 37.297958>
	pigment { color rgbt <0,1,1,0> }
	no_shadow
}
cylinder {
	<30.222607, 27.216610, 37.330463>,  <29.855650, 26.859385, 36.757057>, 0.130000
	pigment { color rgbt <1,0,0,0> }
	no_shadow
}

// nucleotide -1

// particle -1
sphere {
	<30.222607, 27.216610, 37.330463> 0.250000
	pigment { color rgbt <1,0,0,0> }
	no_shadow
}
cylinder {
	<29.946392, 26.975662, 37.490620>,  <29.780663, 26.831093, 37.586712>, 0.100000
	pigment { color rgbt <1,0,0,0> }
	no_shadow
}
cylinder {
	<29.946392, 26.975662, 37.490620>,  <30.222607, 27.216610, 37.330463>, 0.100000
	pigment { color rgbt <1,0,0,0> }
	no_shadow
}

// particle -1
sphere {
	<29.946392, 26.975662, 37.490620> 0.100000
	pigment { color rgbt <1,0,0,0> }
	no_shadow
}
sphere {
	0, 1
	scale<0.080000,0.200000,0.300000>
	matrix <0.619976, -0.207820, 0.756598,
		-0.372544, 0.770688, 0.516963,
		-0.690537, -0.602370, 0.400386,
		29.739231, 26.794950, 37.610737>
	pigment { color rgbt <0,1,1,0> }
	no_shadow
}
cylinder {
	<30.769514, 27.400452, 37.487198>,  <30.222607, 27.216610, 37.330463>, 0.130000
	pigment { color rgbt <1,0,0,0> }
	no_shadow
}

// nucleotide -1

// particle -1
sphere {
	<30.769514, 27.400452, 37.487198> 0.250000
	pigment { color rgbt <1,0,0,0> }
	no_shadow
}
cylinder {
	<31.134697, 27.355190, 37.644020>,  <31.353806, 27.328033, 37.738113>, 0.100000
	pigment { color rgbt <1,0,0,0> }
	no_shadow
}
cylinder {
	<31.134697, 27.355190, 37.644020>,  <30.769514, 27.400452, 37.487198>, 0.100000
	pigment { color rgbt <1,0,0,0> }
	no_shadow
}

// particle -1
sphere {
	<31.134697, 27.355190, 37.644020> 0.100000
	pigment { color rgbt <1,0,0,0> }
	no_shadow
}
sphere {
	0, 1
	scale<0.080000,0.200000,0.300000>
	matrix <0.119132, 0.992836, 0.009137,
		-0.390281, 0.038365, 0.919896,
		0.912956, -0.113155, 0.392056,
		31.408585, 27.321243, 37.761639>
	pigment { color rgbt <0,1,1,0> }
	no_shadow
}
cylinder {
	<30.844097, 27.659828, 38.189095>,  <30.769514, 27.400452, 37.487198>, 0.130000
	pigment { color rgbt <1,0,0,0> }
	no_shadow
}

// nucleotide -1

// particle -1
sphere {
	<30.844097, 27.659828, 38.189095> 0.250000
	pigment { color rgbt <1,0,0,0> }
	no_shadow
}
cylinder {
	<31.200541, 27.675461, 38.008251>,  <31.414406, 27.684841, 37.899746>, 0.100000
	pigment { color rgbt <1,0,0,0> }
	no_shadow
}
cylinder {
	<31.200541, 27.675461, 38.008251>,  <30.844097, 27.659828, 38.189095>, 0.100000
	pigment { color rgbt <1,0,0,0> }
	no_shadow
}

// particle -1
sphere {
	<31.200541, 27.675461, 38.008251> 0.100000
	pigment { color rgbt <1,0,0,0> }
	no_shadow
}
sphere {
	0, 1
	scale<0.080000,0.200000,0.300000>
	matrix <-0.039977, 0.999172, 0.007581,
		0.452026, 0.011318, 0.891933,
		0.891109, 0.039083, -0.452104,
		31.467873, 27.687185, 37.872620>
	pigment { color rgbt <0,1,1,0> }
	no_shadow
}
cylinder {
	<31.102575, 28.172323, 38.559822>,  <30.844097, 27.659828, 38.189095>, 0.130000
	pigment { color rgbt <1,0,0,0> }
	no_shadow
}

// nucleotide -1

// particle -1
sphere {
	<31.102575, 28.172323, 38.559822> 0.250000
	pigment { color rgbt <1,0,0,0> }
	no_shadow
}
cylinder {
	<31.311039, 28.173420, 38.218441>,  <31.436117, 28.174078, 38.013611>, 0.100000
	pigment { color rgbt <1,0,0,0> }
	no_shadow
}
cylinder {
	<31.311039, 28.173420, 38.218441>,  <31.102575, 28.172323, 38.559822>, 0.100000
	pigment { color rgbt <1,0,0,0> }
	no_shadow
}

// particle -1
sphere {
	<31.311039, 28.173420, 38.218441> 0.100000
	pigment { color rgbt <1,0,0,0> }
	no_shadow
}
sphere {
	0, 1
	scale<0.080000,0.200000,0.300000>
	matrix <-0.120510, 0.990212, -0.070405,
		0.844910, 0.139542, 0.516387,
		0.521157, 0.002744, -0.853456,
		31.467386, 28.174244, 37.962402>
	pigment { color rgbt <0,1,1,0> }
	no_shadow
}
cylinder {
	<31.555370, 28.773506, 38.483036>,  <31.102575, 28.172323, 38.559822>, 0.130000
	pigment { color rgbt <1,0,0,0> }
	no_shadow
}

// nucleotide -1

// particle -1
sphere {
	<31.555370, 28.773506, 38.483036> 0.250000
	pigment { color rgbt <1,0,0,0> }
	no_shadow
}
cylinder {
	<31.459143, 28.660320, 38.111649>,  <31.401405, 28.592409, 37.888817>, 0.100000
	pigment { color rgbt <1,0,0,0> }
	no_shadow
}
cylinder {
	<31.459143, 28.660320, 38.111649>,  <31.555370, 28.773506, 38.483036>, 0.100000
	pigment { color rgbt <1,0,0,0> }
	no_shadow
}

// particle -1
sphere {
	<31.459143, 28.660320, 38.111649> 0.100000
	pigment { color rgbt <1,0,0,0> }
	no_shadow
}
sphere {
	0, 1
	scale<0.080000,0.200000,0.300000>
	matrix <-0.159918, 0.955045, -0.249631,
		0.957368, 0.088426, -0.275004,
		-0.240567, -0.282967, -0.928470,
		31.386972, 28.575430, 37.833107>
	pigment { color rgbt <0,1,1,0> }
	no_shadow
}
cylinder {
	<31.934914, 29.173344, 38.050873>,  <31.555370, 28.773506, 38.483036>, 0.130000
	pigment { color rgbt <1,0,0,0> }
	no_shadow
}

// nucleotide -1

// particle -1
sphere {
	<31.934914, 29.173344, 38.050873> 0.250000
	pigment { color rgbt <1,0,0,0> }
	no_shadow
}
cylinder {
	<31.601908, 29.076220, 37.851688>,  <31.402103, 29.017944, 37.732178>, 0.100000
	pigment { color rgbt <1,0,0,0> }
	no_shadow
}
cylinder {
	<31.601908, 29.076220, 37.851688>,  <31.934914, 29.173344, 38.050873>, 0.100000
	pigment { color rgbt <1,0,0,0> }
	no_shadow
}

// particle -1
sphere {
	<31.601908, 29.076220, 37.851688> 0.100000
	pigment { color rgbt <1,0,0,0> }
	no_shadow
}
sphere {
	0, 1
	scale<0.080000,0.200000,0.300000>
	matrix <-0.151557, 0.964366, -0.216859,
		0.532869, -0.105070, -0.839650,
		-0.832515, -0.242812, -0.497957,
		31.352154, 29.003376, 37.702301>
	pigment { color rgbt <0,1,1,0> }
	no_shadow
}
cylinder {
	<31.852482, 29.613844, 37.558792>,  <31.934914, 29.173344, 38.050873>, 0.130000
	pigment { color rgbt <1,0,0,0> }
	no_shadow
}

// nucleotide -1

// particle -1
sphere {
	<31.852482, 29.613844, 37.558792> 0.250000
	pigment { color rgbt <1,0,0,0> }
	no_shadow
}
cylinder {
	<31.479872, 29.469664, 37.578114>,  <31.256306, 29.383156, 37.589706>, 0.100000
	pigment { color rgbt <1,0,0,0> }
	no_shadow
}
cylinder {
	<31.479872, 29.469664, 37.578114>,  <31.852482, 29.613844, 37.558792>, 0.100000
	pigment { color rgbt <1,0,0,0> }
	no_shadow
}

// particle -1
sphere {
	<31.479872, 29.469664, 37.578114> 0.100000
	pigment { color rgbt <1,0,0,0> }
	no_shadow
}
sphere {
	0, 1
	scale<0.080000,0.200000,0.300000>
	matrix <-0.357758, 0.884402, -0.299737,
		0.065325, -0.296492, -0.952798,
		-0.931527, -0.360452, 0.048299,
		31.200415, 29.361528, 37.592602>
	pigment { color rgbt <0,1,1,0> }
	no_shadow
}
cylinder {
	<31.536333, 29.789879, 36.953568>,  <31.852482, 29.613844, 37.558792>, 0.130000
	pigment { color rgbt <1,0,0,0> }
	no_shadow
}

// nucleotide -1

// particle -1
sphere {
	<31.536333, 29.789879, 36.953568> 0.250000
	pigment { color rgbt <1,0,0,0> }
	no_shadow
}
cylinder {
	<31.251272, 29.769672, 37.233444>,  <31.080235, 29.757547, 37.401371>, 0.100000
	pigment { color rgbt <1,0,0,0> }
	no_shadow
}
cylinder {
	<31.251272, 29.769672, 37.233444>,  <31.536333, 29.789879, 36.953568>, 0.100000
	pigment { color rgbt <1,0,0,0> }
	no_shadow
}

// particle -1
sphere {
	<31.251272, 29.769672, 37.233444> 0.100000
	pigment { color rgbt <1,0,0,0> }
	no_shadow
}
sphere {
	0, 1
	scale<0.080000,0.200000,0.300000>
	matrix <-0.401450, 0.847311, -0.347710,
		-0.575294, -0.528689, -0.624120,
		-0.712654, -0.050518, 0.699695,
		31.037476, 29.754517, 37.443352>
	pigment { color rgbt <0,1,1,0> }
	no_shadow
}
cylinder {
	<30.919828, 29.925602, 36.603645>,  <31.536333, 29.789879, 36.953568>, 0.130000
	pigment { color rgbt <1,0,0,0> }
	no_shadow
}

// nucleotide -1

// particle -1
sphere {
	<30.919828, 29.925602, 36.603645> 0.250000
	pigment { color rgbt <1,0,0,0> }
	no_shadow
}
cylinder {
	<30.892260, 30.023891, 36.990398>,  <30.875719, 30.082865, 37.222450>, 0.100000
	pigment { color rgbt <1,0,0,0> }
	no_shadow
}
cylinder {
	<30.892260, 30.023891, 36.990398>,  <30.919828, 29.925602, 36.603645>, 0.100000
	pigment { color rgbt <1,0,0,0> }
	no_shadow
}

// particle -1
sphere {
	<30.892260, 30.023891, 36.990398> 0.100000
	pigment { color rgbt <1,0,0,0> }
	no_shadow
}
sphere {
	0, 1
	scale<0.080000,0.200000,0.300000>
	matrix <-0.349959, 0.901647, -0.254091,
		-0.934226, -0.355883, 0.023851,
		-0.068922, 0.245726, 0.966886,
		30.871584, 30.097609, 37.280464>
	pigment { color rgbt <0,1,1,0> }
	no_shadow
}
cylinder {
	<30.196453, 29.971741, 36.662975>,  <30.919828, 29.925602, 36.603645>, 0.130000
	pigment { color rgbt <1,0,0,0> }
	no_shadow
}

// nucleotide -1

// particle -1
sphere {
	<30.196453, 29.971741, 36.662975> 0.250000
	pigment { color rgbt <1,0,0,0> }
	no_shadow
}
cylinder {
	<30.364103, 30.200714, 36.944870>,  <30.464693, 30.338099, 37.114006>, 0.100000
	pigment { color rgbt <1,0,0,0> }
	no_shadow
}
cylinder {
	<30.364103, 30.200714, 36.944870>,  <30.196453, 29.971741, 36.662975>, 0.100000
	pigment { color rgbt <1,0,0,0> }
	no_shadow
}

// particle -1
sphere {
	<30.364103, 30.200714, 36.944870> 0.100000
	pigment { color rgbt <1,0,0,0> }
	no_shadow
}
sphere {
	0, 1
	scale<0.080000,0.200000,0.300000>
	matrix <-0.488389, 0.796484, -0.356496,
		-0.765382, -0.194769, 0.613397,
		0.419126, 0.572432, 0.704738,
		30.489841, 30.372444, 37.156292>
	pigment { color rgbt <0,1,1,0> }
	no_shadow
}
cylinder {
	<29.673115, 30.483791, 36.772346>,  <30.196453, 29.971741, 36.662975>, 0.130000
	pigment { color rgbt <1,0,0,0> }
	no_shadow
}

// nucleotide -1

// particle -1
sphere {
	<29.673115, 30.483791, 36.772346> 0.250000
	pigment { color rgbt <1,0,0,0> }
	no_shadow
}
cylinder {
	<29.979856, 30.641697, 36.974770>,  <30.163902, 30.736441, 37.096222>, 0.100000
	pigment { color rgbt <1,0,0,0> }
	no_shadow
}
cylinder {
	<29.979856, 30.641697, 36.974770>,  <29.673115, 30.483791, 36.772346>, 0.100000
	pigment { color rgbt <1,0,0,0> }
	no_shadow
}

// particle -1
sphere {
	<29.979856, 30.641697, 36.974770> 0.100000
	pigment { color rgbt <1,0,0,0> }
	no_shadow
}
sphere {
	0, 1
	scale<0.080000,0.200000,0.300000>
	matrix <-0.292060, 0.916741, -0.272556,
		-0.571518, 0.061212, 0.818303,
		0.766855, 0.394764, 0.506057,
		30.209913, 30.760126, 37.126587>
	pigment { color rgbt <0,1,1,0> }
	no_shadow
}
cylinder {
	<29.415615, 31.076591, 37.201649>,  <29.673115, 30.483791, 36.772346>, 0.130000
	pigment { color rgbt <1,0,0,0> }
	no_shadow
}

// nucleotide -1

// particle -1
sphere {
	<29.415615, 31.076591, 37.201649> 0.250000
	pigment { color rgbt <1,0,0,0> }
	no_shadow
}
cylinder {
	<29.807787, 31.145081, 37.162785>,  <30.043091, 31.186174, 37.139465>, 0.100000
	pigment { color rgbt <1,0,0,0> }
	no_shadow
}
cylinder {
	<29.807787, 31.145081, 37.162785>,  <29.415615, 31.076591, 37.201649>, 0.100000
	pigment { color rgbt <1,0,0,0> }
	no_shadow
}

// particle -1
sphere {
	<29.807787, 31.145081, 37.162785> 0.100000
	pigment { color rgbt <1,0,0,0> }
	no_shadow
}
sphere {
	0, 1
	scale<0.080000,0.200000,0.300000>
	matrix <-0.172650, 0.984962, -0.006405,
		0.094606, 0.023055, 0.995248,
		0.980429, 0.171223, -0.097164,
		30.101915, 31.196447, 37.133636>
	pigment { color rgbt <0,1,1,0> }
	no_shadow
}
cylinder {
	<29.582350, 31.521889, 37.655811>,  <29.415615, 31.076591, 37.201649>, 0.130000
	pigment { color rgbt <1,0,0,0> }
	no_shadow
}

// nucleotide -1

// particle -1
sphere {
	<29.582350, 31.521889, 37.655811> 0.250000
	pigment { color rgbt <1,0,0,0> }
	no_shadow
}
cylinder {
	<29.875725, 31.541979, 37.384651>,  <30.051750, 31.554033, 37.221954>, 0.100000
	pigment { color rgbt <1,0,0,0> }
	no_shadow
}
cylinder {
	<29.875725, 31.541979, 37.384651>,  <29.582350, 31.521889, 37.655811>, 0.100000
	pigment { color rgbt <1,0,0,0> }
	no_shadow
}

// particle -1
sphere {
	<29.875725, 31.541979, 37.384651> 0.100000
	pigment { color rgbt <1,0,0,0> }
	no_shadow
}
sphere {
	0, 1
	scale<0.080000,0.200000,0.300000>
	matrix <-0.173016, 0.978216, -0.114715,
		0.657370, 0.201424, 0.726150,
		0.733437, 0.050225, -0.677899,
		30.095757, 31.557047, 37.181282>
	pigment { color rgbt <0,1,1,0> }
	no_shadow
}
cylinder {
	<29.790579, 32.186295, 37.758842>,  <29.582350, 31.521889, 37.655811>, 0.130000
	pigment { color rgbt <1,0,0,0> }
	no_shadow
}

// nucleotide -1

// particle -1
sphere {
	<29.790579, 32.186295, 37.758842> 0.250000
	pigment { color rgbt <1,0,0,0> }
	no_shadow
}
cylinder {
	<29.957235, 32.070370, 37.414188>,  <30.057230, 32.000813, 37.207397>, 0.100000
	pigment { color rgbt <1,0,0,0> }
	no_shadow
}
cylinder {
	<29.957235, 32.070370, 37.414188>,  <29.790579, 32.186295, 37.758842>, 0.100000
	pigment { color rgbt <1,0,0,0> }
	no_shadow
}

// particle -1
sphere {
	<29.957235, 32.070370, 37.414188> 0.100000
	pigment { color rgbt <1,0,0,0> }
	no_shadow
}
sphere {
	0, 1
	scale<0.080000,0.200000,0.300000>
	matrix <-0.049638, 0.939153, -0.339893,
		0.907714, 0.184384, 0.376906,
		0.416643, -0.289817, -0.861635,
		30.082228, 31.983425, 37.155697>
	pigment { color rgbt <0,1,1,0> }
	no_shadow
}
cylinder {
	<30.220108, 32.654602, 37.782825>,  <29.790579, 32.186295, 37.758842>, 0.130000
	pigment { color rgbt <1,0,0,0> }
	no_shadow
}

// nucleotide -1

// particle -1
sphere {
	<30.220108, 32.654602, 37.782825> 0.250000
	pigment { color rgbt <1,0,0,0> }
	no_shadow
}
cylinder {
	<30.163372, 32.515095, 37.412258>,  <30.129330, 32.431393, 37.189919>, 0.100000
	pigment { color rgbt <1,0,0,0> }
	no_shadow
}
cylinder {
	<30.163372, 32.515095, 37.412258>,  <30.220108, 32.654602, 37.782825>, 0.100000
	pigment { color rgbt <1,0,0,0> }
	no_shadow
}

// particle -1
sphere {
	<30.163372, 32.515095, 37.412258> 0.100000
	pigment { color rgbt <1,0,0,0> }
	no_shadow
}
sphere {
	0, 1
	scale<0.080000,0.200000,0.300000>
	matrix <-0.213375, 0.924648, -0.315432,
		0.966619, 0.152933, -0.205572,
		-0.141842, -0.348766, -0.926414,
		30.120819, 32.410465, 37.134335>
	pigment { color rgbt <0,1,1,0> }
	no_shadow
}
cylinder {
	<30.488684, 33.107170, 37.256992>,  <30.220108, 32.654602, 37.782825>, 0.130000
	pigment { color rgbt <1,0,0,0> }
	no_shadow
}

// nucleotide -1

// particle -1
sphere {
	<30.488684, 33.107170, 37.256992> 0.250000
	pigment { color rgbt <1,0,0,0> }
	no_shadow
}
cylinder {
	<30.267626, 32.880066, 37.012951>,  <30.134991, 32.743801, 36.866524>, 0.100000
	pigment { color rgbt <1,0,0,0> }
	no_shadow
}
cylinder {
	<30.267626, 32.880066, 37.012951>,  <30.488684, 33.107170, 37.256992>, 0.100000
	pigment { color rgbt <1,0,0,0> }
	no_shadow
}

// particle -1
sphere {
	<30.267626, 32.880066, 37.012951> 0.100000
	pigment { color rgbt <1,0,0,0> }
	no_shadow
}
sphere {
	0, 1
	scale<0.080000,0.200000,0.300000>
	matrix <-0.254041, 0.811976, -0.525508,
