// switches for output
#declare DRAW_BASES = 1; // possible values are 0, 1; only relevant for DNA ribbons
#declare DRAW_BASES_TYPE = 3; // possible values are 1, 2, 3; only relevant for DNA ribbons
#declare DRAW_FOG = 0; // set to 1 to enable fog

#include "colors.inc"

#include "transforms.inc"
background { rgb <1, 1, 1>}

#default {
   normal{
       ripples 0.25
       frequency 0.20
       turbulence 0.2
       lambda 5
   }
	finish {
		phong 0.1
		phong_size 40.
	}
}

// original window dimensions: 1024x640


// camera settings

camera {
	sky <0, 0.179814, -0.983701>
	up <0, 0.179814, -0.983701>
	right 1.6 * <1, 0, 0>
	location <35, 94.9851, 44.8844>
	look_at <35, 29.7336, 32.9568>
	direction <0, -65.2515, -11.9276>
	angle 67.0682
}


# declare cpy_camera_pos = <35, 94.9851, 44.8844>;
# if (DRAW_FOG = 1)
fog {
	fog_type 2
	up vnormalize(cpy_camera_pos)
	color rgbt<1,1,1,0.3>
	distance 1e-5
	fog_alt 3e-3
	fog_offset 56
}
# end


// LIGHTS

# declare lum = 6;
global_settings {
	ambient_light rgb lum * <0.05, 0.05, 0.05>
	max_trace_level 15
}# declare cpy_direct_light_amount = 0.25;
light_source
{	1000 * <-1, -1.16352, -0.803886>,
	rgb lum * cpy_direct_light_amount
	parallel
}

light_source
{	1000 * <1, 1.16352, 0.803886>,
	rgb lum * cpy_direct_light_amount
	parallel
}

// strand 0

// nucleotide -1

// particle -1
sphere {
	<24.517923, 34.985435, 34.385990> 0.250000
	pigment { color rgbt <1,0,0,0> }
	no_shadow
}
cylinder {
	<24.493465, 35.093922, 34.770222>,  <24.478790, 35.159012, 35.000759>, 0.100000
	pigment { color rgbt <1,0,0,0> }
	no_shadow
}
cylinder {
	<24.493465, 35.093922, 34.770222>,  <24.517923, 34.985435, 34.385990>, 0.100000
	pigment { color rgbt <1,0,0,0> }
	no_shadow
}

// particle -1
sphere {
	<24.493465, 35.093922, 34.770222> 0.100000
	pigment { color rgbt <1,0,0,0> }
	no_shadow
}
sphere {
	0, 1
	scale<0.080000,0.200000,0.300000>
	matrix <-0.899528, 0.402097, -0.170786,
		-0.432564, -0.874507, 0.219377,
		-0.061143, 0.271212, 0.960576,
		24.475122, 35.175285, 35.058395>
	pigment { color rgbt <0,1,1,0> }
	no_shadow
}
cylinder {
	<24.616009, 34.666882, 35.110577>,  <24.517923, 34.985435, 34.385990>, 0.130000
	pigment { color rgbt <1,0,0,0> }
	no_shadow
}

// nucleotide -1

// particle -1
sphere {
	<24.616009, 34.666882, 35.110577> 0.250000
	pigment { color rgbt <1,0,0,0> }
	no_shadow
}
cylinder {
	<24.958359, 34.747456, 34.920040>,  <25.163769, 34.795799, 34.805717>, 0.100000
	pigment { color rgbt <1,0,0,0> }
	no_shadow
}
cylinder {
	<24.958359, 34.747456, 34.920040>,  <24.616009, 34.666882, 35.110577>, 0.100000
	pigment { color rgbt <1,0,0,0> }
	no_shadow
}

// particle -1
sphere {
	<24.958359, 34.747456, 34.920040> 0.100000
	pigment { color rgbt <1,0,0,0> }
	no_shadow
}
sphere {
	0, 1
	scale<0.080000,0.200000,0.300000>
	matrix <0.405684, -0.832745, 0.376770,
		-0.320776, -0.515712, -0.794446,
		0.855876, 0.201435, -0.476341,
		25.215122, 34.807884, 34.777138>
	pigment { color rgbt <0,1,1,0> }
	no_shadow
}
cylinder {
	<24.975956, 34.078495, 34.613873>,  <24.616009, 34.666882, 35.110577>, 0.130000
	pigment { color rgbt <1,0,0,0> }
	no_shadow
}

// nucleotide -1

// particle -1
sphere {
	<24.975956, 34.078495, 34.613873> 0.250000
	pigment { color rgbt <1,0,0,0> }
	no_shadow
}
cylinder {
	<25.240341, 34.326988, 34.782253>,  <25.398972, 34.476082, 34.883282>, 0.100000
	pigment { color rgbt <1,0,0,0> }
	no_shadow
}
cylinder {
	<25.240341, 34.326988, 34.782253>,  <24.975956, 34.078495, 34.613873>, 0.100000
	pigment { color rgbt <1,0,0,0> }
	no_shadow
}

// particle -1
sphere {
	<25.240341, 34.326988, 34.782253> 0.100000
	pigment { color rgbt <1,0,0,0> }
	no_shadow
}
sphere {
	0, 1
	scale<0.080000,0.200000,0.300000>
	matrix <0.365932, -0.756564, 0.541946,
		0.655151, -0.204165, -0.727388,
		0.660962, 0.621231, 0.420953,
		25.438629, 34.513359, 34.908539>
	pigment { color rgbt <0,1,1,0> }
	no_shadow
}
cylinder {
	<25.391760, 33.441868, 34.411957>,  <24.975956, 34.078495, 34.613873>, 0.130000
	pigment { color rgbt <1,0,0,0> }
	no_shadow
}

// nucleotide -1

// particle -1
sphere {
	<25.391760, 33.441868, 34.411957> 0.250000
	pigment { color rgbt <1,0,0,0> }
	no_shadow
}
cylinder {
	<25.777138, 33.431969, 34.305256>,  <26.008366, 33.426029, 34.241234>, 0.100000
	pigment { color rgbt <1,0,0,0> }
	no_shadow
}
cylinder {
	<25.777138, 33.431969, 34.305256>,  <25.391760, 33.441868, 34.411957>, 0.100000
	pigment { color rgbt <1,0,0,0> }
	no_shadow
}

// particle -1
sphere {
	<25.777138, 33.431969, 34.305256> 0.100000
	pigment { color rgbt <1,0,0,0> }
	no_shadow
}
sphere {
	0, 1
	scale<0.080000,0.200000,0.300000>
	matrix <-0.187681, 0.648192, -0.737986,
		0.191174, 0.761075, 0.619853,
		0.963446, -0.024749, -0.266756,
		26.066172, 33.424545, 34.225227>
	pigment { color rgbt <0,1,1,0> }
	no_shadow
}
cylinder {
	<25.680954, 34.184982, 34.293648>,  <25.391760, 33.441868, 34.411957>, 0.130000
	pigment { color rgbt <1,0,0,0> }
	no_shadow
}

// nucleotide -1

// particle -1
sphere {
	<25.680954, 34.184982, 34.293648> 0.250000
	pigment { color rgbt <1,0,0,0> }
	no_shadow
}
cylinder {
	<25.912861, 33.928635, 34.092388>,  <26.052004, 33.774826, 33.971634>, 0.100000
	pigment { color rgbt <1,0,0,0> }
	no_shadow
}
cylinder {
	<25.912861, 33.928635, 34.092388>,  <25.680954, 34.184982, 34.293648>, 0.100000
	pigment { color rgbt <1,0,0,0> }
	no_shadow
}

// particle -1
sphere {
	<25.912861, 33.928635, 34.092388> 0.100000
	pigment { color rgbt <1,0,0,0> }
	no_shadow
}
sphere {
	0, 1
	scale<0.080000,0.200000,0.300000>
	matrix <-0.070057, 0.576029, -0.814422,
		0.811766, 0.507423, 0.289064,
		0.579765, -0.640869, -0.503149,
		26.086790, 33.736374, 33.941444>
	pigment { color rgbt <0,1,1,0> }
	no_shadow
}
cylinder {
	<25.977200, 34.560471, 33.766090>,  <25.680954, 34.184982, 34.293648>, 0.130000
	pigment { color rgbt <1,0,0,0> }
	no_shadow
}

// nucleotide -1

// particle -1
sphere {
	<25.977200, 34.560471, 33.766090> 0.250000
	pigment { color rgbt <1,0,0,0> }
	no_shadow
}
cylinder {
	<26.080984, 34.201569, 33.623196>,  <26.143255, 33.986229, 33.537460>, 0.100000
	pigment { color rgbt <1,0,0,0> }
	no_shadow
}
cylinder {
	<26.080984, 34.201569, 33.623196>,  <25.977200, 34.560471, 33.766090>, 0.100000
	pigment { color rgbt <1,0,0,0> }
	no_shadow
}

// particle -1
sphere {
	<26.080984, 34.201569, 33.623196> 0.100000
	pigment { color rgbt <1,0,0,0> }
	no_shadow
}
sphere {
	0, 1
	scale<0.080000,0.200000,0.300000>
	matrix <-0.029137, 0.362462, -0.931543,
		0.965313, 0.252110, 0.067902,
		0.259463, -0.897253, -0.357235,
		26.158823, 33.932392, 33.516026>
	pigment { color rgbt <0,1,1,0> }
	no_shadow
}
cylinder {
	<26.584700, 34.655453, 33.324173>,  <25.977200, 34.560471, 33.766090>, 0.130000
	pigment { color rgbt <1,0,0,0> }
	no_shadow
}

// nucleotide -1

// particle -1
sphere {
	<26.584700, 34.655453, 33.324173> 0.250000
	pigment { color rgbt <1,0,0,0> }
	no_shadow
}
cylinder {
	<26.378326, 34.335369, 33.201881>,  <26.254501, 34.143318, 33.128506>, 0.100000
	pigment { color rgbt <1,0,0,0> }
	no_shadow
}
cylinder {
	<26.378326, 34.335369, 33.201881>,  <26.584700, 34.655453, 33.324173>, 0.100000
	pigment { color rgbt <1,0,0,0> }
	no_shadow
}

// particle -1
sphere {
	<26.378326, 34.335369, 33.201881> 0.100000
	pigment { color rgbt <1,0,0,0> }
	no_shadow
}
sphere {
	0, 1
	scale<0.080000,0.200000,0.300000>
	matrix <0.096948, 0.300064, -0.948980,
		0.851125, -0.519252, -0.077234,
		-0.515934, -0.800212, -0.305732,
		26.223545, 34.095306, 33.110161>
	pigment { color rgbt <0,1,1,0> }
	no_shadow
}
cylinder {
	<26.970108, 34.456970, 32.709072>,  <26.584700, 34.655453, 33.324173>, 0.130000
	pigment { color rgbt <1,0,0,0> }
	no_shadow
}

// nucleotide -1

// particle -1
sphere {
	<26.970108, 34.456970, 32.709072> 0.250000
	pigment { color rgbt <1,0,0,0> }
	no_shadow
}
cylinder {
	<26.609728, 34.287468, 32.671719>,  <26.393499, 34.185768, 32.649307>, 0.100000
	pigment { color rgbt <1,0,0,0> }
	no_shadow
}
cylinder {
	<26.609728, 34.287468, 32.671719>,  <26.970108, 34.456970, 32.709072>, 0.100000
	pigment { color rgbt <1,0,0,0> }
	no_shadow
}

// particle -1
sphere {
	<26.609728, 34.287468, 32.671719> 0.100000
	pigment { color rgbt <1,0,0,0> }
	no_shadow
}
sphere {
	0, 1
	scale<0.080000,0.200000,0.300000>
	matrix <0.062547, 0.086137, -0.994318,
		0.429392, -0.901672, -0.051100,
		-0.900950, -0.423756, -0.093383,
		26.339443, 34.160343, 32.643703>
	pigment { color rgbt <0,1,1,0> }
	no_shadow
}
cylinder {
	<27.048731, 33.952946, 32.188915>,  <26.970108, 34.456970, 32.709072>, 0.130000
	pigment { color rgbt <1,0,0,0> }
	no_shadow
}

// nucleotide -1

// particle -1
sphere {
	<27.048731, 33.952946, 32.188915> 0.250000
	pigment { color rgbt <1,0,0,0> }
	no_shadow
}
cylinder {
	<26.659544, 34.039429, 32.221397>,  <26.426033, 34.091316, 32.240887>, 0.100000
	pigment { color rgbt <1,0,0,0> }
	no_shadow
}
cylinder {
	<26.659544, 34.039429, 32.221397>,  <27.048731, 33.952946, 32.188915>, 0.100000
	pigment { color rgbt <1,0,0,0> }
	no_shadow
}

// particle -1
sphere {
	<26.659544, 34.039429, 32.221397> 0.100000
	pigment { color rgbt <1,0,0,0> }
	no_shadow
}
sphere {
	0, 1
	scale<0.080000,0.200000,0.300000>
	matrix <-0.082882, 0.001302, -0.996558,
		-0.215565, -0.976347, 0.016653,
		-0.972966, 0.216204, 0.081202,
		26.367655, 34.104290, 32.245758>
	pigment { color rgbt <0,1,1,0> }
	no_shadow
}
cylinder {
	<26.755569, 33.286373, 31.926258>,  <27.048731, 33.952946, 32.188915>, 0.130000
	pigment { color rgbt <1,0,0,0> }
	no_shadow
}

// nucleotide -1

// particle -1
sphere {
	<26.755569, 33.286373, 31.926258> 0.250000
	pigment { color rgbt <1,0,0,0> }
	no_shadow
}
cylinder {
	<26.500690, 33.590336, 31.874840>,  <26.347763, 33.772713, 31.843988>, 0.100000
	pigment { color rgbt <1,0,0,0> }
	no_shadow
}
cylinder {
	<26.500690, 33.590336, 31.874840>,  <26.755569, 33.286373, 31.926258>, 0.100000
	pigment { color rgbt <1,0,0,0> }
	no_shadow
}

// particle -1
sphere {
	<26.500690, 33.590336, 31.874840> 0.100000
	pigment { color rgbt <1,0,0,0> }
	no_shadow
}
sphere {
	0, 1
	scale<0.080000,0.200000,0.300000>
	matrix <0.019563, -0.150789, -0.988372,
		-0.770452, -0.632303, 0.081217,
		-0.637197, 0.759905, -0.128546,
		26.309532, 33.818306, 31.836277>
	pigment { color rgbt <0,1,1,0> }
	no_shadow
}
cylinder {
	<26.377983, 33.115379, 31.409462>,  <26.755569, 33.286373, 31.926258>, 0.130000
	pigment { color rgbt <1,0,0,0> }
	no_shadow
}

// nucleotide -1

// particle -1
sphere {
	<26.377983, 33.115379, 31.409462> 0.250000
	pigment { color rgbt <1,0,0,0> }
	no_shadow
}
cylinder {
	<26.290825, 33.505753, 31.412973>,  <26.238529, 33.739975, 31.415081>, 0.100000
	pigment { color rgbt <1,0,0,0> }
	no_shadow
}
cylinder {
	<26.290825, 33.505753, 31.412973>,  <26.377983, 33.115379, 31.409462>, 0.100000
	pigment { color rgbt <1,0,0,0> }
	no_shadow
}

// particle -1
sphere {
	<26.290825, 33.505753, 31.412973> 0.100000
	pigment { color rgbt <1,0,0,0> }
	no_shadow
}
sphere {
	0, 1
	scale<0.080000,0.200000,0.300000>
	matrix <0.034446, 0.016682, -0.999268,
		-0.975364, -0.217434, -0.037252,
		-0.217896, 0.975933, 0.008781,
		26.225456, 33.798531, 31.415607>
	pigment { color rgbt <0,1,1,0> }
	no_shadow
}
cylinder {
	<25.886530, 33.223499, 30.802528>,  <26.377983, 33.115379, 31.409462>, 0.130000
	pigment { color rgbt <1,0,0,0> }
	no_shadow
}

// nucleotide -1

// particle -1
sphere {
	<25.886530, 33.223499, 30.802528> 0.250000
	pigment { color rgbt <1,0,0,0> }
	no_shadow
}
cylinder {
	<25.995819, 33.591927, 30.913511>,  <26.061394, 33.812984, 30.980101>, 0.100000
	pigment { color rgbt <1,0,0,0> }
	no_shadow
}
cylinder {
	<25.995819, 33.591927, 30.913511>,  <25.886530, 33.223499, 30.802528>, 0.100000
	pigment { color rgbt <1,0,0,0> }
	no_shadow
}

// particle -1
sphere {
	<25.995819, 33.591927, 30.913511> 0.100000
	pigment { color rgbt <1,0,0,0> }
	no_shadow
}
sphere {
	0, 1
	scale<0.080000,0.200000,0.300000>
	matrix <0.190479, 0.230919, -0.954146,
		-0.942903, 0.313546, -0.112351,
		0.273225, 0.921068, 0.277458,
		26.077787, 33.868248, 30.996748>
	pigment { color rgbt <0,1,1,0> }
	no_shadow
}
cylinder {
	<25.589565, 33.577160, 30.362919>,  <25.886530, 33.223499, 30.802528>, 0.130000
	pigment { color rgbt <1,0,0,0> }
	no_shadow
}

// nucleotide -1

// particle -1
sphere {
	<25.589565, 33.577160, 30.362919> 0.250000
	pigment { color rgbt <1,0,0,0> }
	no_shadow
}
cylinder {
	<25.879629, 33.812923, 30.505322>,  <26.053667, 33.954380, 30.590763>, 0.100000
	pigment { color rgbt <1,0,0,0> }
	no_shadow
}
cylinder {
	<25.879629, 33.812923, 30.505322>,  <25.589565, 33.577160, 30.362919>, 0.100000
	pigment { color rgbt <1,0,0,0> }
	no_shadow
}

// particle -1
sphere {
	<25.879629, 33.812923, 30.505322> 0.100000
	pigment { color rgbt <1,0,0,0> }
	no_shadow
}
sphere {
	0, 1
	scale<0.080000,0.200000,0.300000>
	matrix <0.174419, 0.342926, -0.923027,
		-0.666125, 0.731436, 0.145872,
		0.725159, 0.589409, 0.356008,
		26.097178, 33.989746, 30.612123>
	pigment { color rgbt <0,1,1,0> }
	no_shadow
}
cylinder {
	<25.523294, 34.131481, 29.831387>,  <25.589565, 33.577160, 30.362919>, 0.130000
	pigment { color rgbt <1,0,0,0> }
	no_shadow
}

// nucleotide -1

// particle -1
sphere {
	<25.523294, 34.131481, 29.831387> 0.250000
	pigment { color rgbt <1,0,0,0> }
	no_shadow
}
cylinder {
	<25.872269, 34.174622, 30.022060>,  <26.081654, 34.200504, 30.136465>, 0.100000
	pigment { color rgbt <1,0,0,0> }
	no_shadow
}
cylinder {
	<25.872269, 34.174622, 30.022060>,  <25.523294, 34.131481, 29.831387>, 0.100000
	pigment { color rgbt <1,0,0,0> }
	no_shadow
}

// particle -1
sphere {
	<25.872269, 34.174622, 30.022060> 0.100000
	pigment { color rgbt <1,0,0,0> }
	no_shadow
}
sphere {
	0, 1
	scale<0.080000,0.200000,0.300000>
	matrix <0.425416, 0.312553, -0.849313,
		-0.240585, 0.943758, 0.226802,
		0.872433, 0.107846, 0.476685,
		26.133999, 34.206974, 30.165066>
	pigment { color rgbt <0,1,1,0> }
	no_shadow
}
cylinder {
	<25.776327, 34.788582, 29.767809>,  <25.523294, 34.131481, 29.831387>, 0.130000
	pigment { color rgbt <1,0,0,0> }
	no_shadow
}

// nucleotide -1

// particle -1
sphere {
	<25.776327, 34.788582, 29.767809> 0.250000
	pigment { color rgbt <1,0,0,0> }
	no_shadow
}
cylinder {
	<26.100592, 34.562187, 29.827797>,  <26.295151, 34.426350, 29.863789>, 0.100000
	pigment { color rgbt <1,0,0,0> }
	no_shadow
}
cylinder {
	<26.100592, 34.562187, 29.827797>,  <25.776327, 34.788582, 29.767809>, 0.100000
	pigment { color rgbt <1,0,0,0> }
	no_shadow
}

// particle -1
sphere {
	<26.100592, 34.562187, 29.827797> 0.100000
	pigment { color rgbt <1,0,0,0> }
	no_shadow
}
sphere {
	0, 1
	scale<0.080000,0.200000,0.300000>
	matrix <0.441228, 0.422142, -0.791905,
		0.384897, 0.708138, 0.591942,
		0.810662, -0.565983, 0.149969,
		26.343790, 34.392391, 29.872787>
	pigment { color rgbt <0,1,1,0> }
	no_shadow
}
cylinder {
	<26.378220, 35.250648, 29.667240>,  <25.776327, 34.788582, 29.767809>, 0.130000
	pigment { color rgbt <1,0,0,0> }
	no_shadow
}

// nucleotide -1

// particle -1
sphere {
	<26.378220, 35.250648, 29.667240> 0.250000
	pigment { color rgbt <1,0,0,0> }
	no_shadow
}
cylinder {
	<26.510077, 34.875061, 29.627901>,  <26.589191, 34.649708, 29.604298>, 0.100000
	pigment { color rgbt <1,0,0,0> }
	no_shadow
}
cylinder {
	<26.510077, 34.875061, 29.627901>,  <26.378220, 35.250648, 29.667240>, 0.100000
	pigment { color rgbt <1,0,0,0> }
	no_shadow
}

// particle -1
sphere {
	<26.510077, 34.875061, 29.627901> 0.100000
	pigment { color rgbt <1,0,0,0> }
	no_shadow
}
sphere {
	0, 1
	scale<0.080000,0.200000,0.300000>
	matrix <0.512532, 0.265467, -0.816601,
		0.792872, 0.218780, 0.568762,
		0.329644, -0.938969, -0.098349,
		26.608969, 34.593369, 29.598396>
	pigment { color rgbt <0,1,1,0> }
	no_shadow
}
cylinder {
	<27.072119, 35.268761, 29.329916>,  <26.378220, 35.250648, 29.667240>, 0.130000
	pigment { color rgbt <1,0,0,0> }
	no_shadow
}

// nucleotide -1

// particle -1
sphere {
	<27.072119, 35.268761, 29.329916> 0.250000
	pigment { color rgbt <1,0,0,0> }
	no_shadow
}
cylinder {
	<26.959152, 34.886475, 29.296818>,  <26.891373, 34.657104, 29.276958>, 0.100000
	pigment { color rgbt <1,0,0,0> }
	no_shadow
}
cylinder {
	<26.959152, 34.886475, 29.296818>,  <27.072119, 35.268761, 29.329916>, 0.100000
	pigment { color rgbt <1,0,0,0> }
	no_shadow
}

// particle -1
sphere {
	<26.959152, 34.886475, 29.296818> 0.100000
	pigment { color rgbt <1,0,0,0> }
	no_shadow
}
sphere {
	0, 1
	scale<0.080000,0.200000,0.300000>
	matrix <0.487162, -0.068581, -0.870615,
		0.826386, -0.286186, 0.484957,
		-0.282416, -0.955717, -0.082744,
		26.874428, 34.599758, 29.271994>
	pigment { color rgbt <0,1,1,0> }
	no_shadow
}
cylinder {
	<27.709099, 34.855759, 29.221642>,  <27.072119, 35.268761, 29.329916>, 0.130000
	pigment { color rgbt <1,0,0,0> }
	no_shadow
}

// nucleotide -1

// particle -1
sphere {
	<27.709099, 34.855759, 29.221642> 0.250000
	pigment { color rgbt <1,0,0,0> }
	no_shadow
}
cylinder {
	<27.373871, 34.689133, 29.080721>,  <27.172735, 34.589157, 28.996168>, 0.100000
	pigment { color rgbt <1,0,0,0> }
	no_shadow
}
cylinder {
	<27.373871, 34.689133, 29.080721>,  <27.709099, 34.855759, 29.221642>, 0.100000
	pigment { color rgbt <1,0,0,0> }
	no_shadow
}

// particle -1
sphere {
	<27.373871, 34.689133, 29.080721> 0.100000
	pigment { color rgbt <1,0,0,0> }
	no_shadow
}
sphere {
	0, 1
	scale<0.080000,0.200000,0.300000>
	matrix <0.360290, 0.062316, -0.930756,
		0.409673, -0.906968, 0.097859,
		-0.838069, -0.416563, -0.352301,
		27.122450, 34.564163, 28.975031>
	pigment { color rgbt <0,1,1,0> }
	no_shadow
}
cylinder {
	<27.940271, 34.348793, 28.812466>,  <27.709099, 34.855759, 29.221642>, 0.130000
	pigment { color rgbt <1,0,0,0> }
	no_shadow
}

// nucleotide -1

// particle -1
sphere {
	<27.940271, 34.348793, 28.812466> 0.250000
	pigment { color rgbt <1,0,0,0> }
	no_shadow
}
cylinder {
	<27.563898, 34.395748, 28.685427>,  <27.338074, 34.423920, 28.609203>, 0.100000
	pigment { color rgbt <1,0,0,0> }
	no_shadow
}
cylinder {
	<27.563898, 34.395748, 28.685427>,  <27.940271, 34.348793, 28.812466>, 0.100000
	pigment { color rgbt <1,0,0,0> }
	no_shadow
}

// particle -1
sphere {
	<27.563898, 34.395748, 28.685427> 0.100000
	pigment { color rgbt <1,0,0,0> }
	no_shadow
}
sphere {
	0, 1
	scale<0.080000,0.200000,0.300000>
	matrix <0.322196, 0.022010, -0.946417,
		-0.104107, -0.992842, -0.058532,
		-0.940931, 0.117388, -0.317599,
		27.281618, 34.430965, 28.590147>
	pigment { color rgbt <0,1,1,0> }
	no_shadow
}
cylinder {
	<27.929028, 33.837555, 28.339600>,  <27.940271, 34.348793, 28.812466>, 0.130000
	pigment { color rgbt <1,0,0,0> }
	no_shadow
}

// nucleotide -1

// particle -1
sphere {
	<27.929028, 33.837555, 28.339600> 0.250000
	pigment { color rgbt <1,0,0,0> }
	no_shadow
}
cylinder {
	<27.626822, 34.087837, 28.261950>,  <27.445498, 34.238007, 28.215359>, 0.100000
	pigment { color rgbt <1,0,0,0> }
	no_shadow
}
cylinder {
	<27.626822, 34.087837, 28.261950>,  <27.929028, 33.837555, 28.339600>, 0.100000
	pigment { color rgbt <1,0,0,0> }
	no_shadow
}

// particle -1
sphere {
	<27.626822, 34.087837, 28.261950> 0.100000
	pigment { color rgbt <1,0,0,0> }
	no_shadow
}
sphere {
	0, 1
	scale<0.080000,0.200000,0.300000>
	matrix <0.261763, 0.016679, -0.964988,
		-0.600564, -0.779878, -0.176388,
		-0.755515, 0.625709, -0.194127,
		27.400167, 34.275551, 28.203711>
	pigment { color rgbt <0,1,1,0> }
	no_shadow
}
cylinder {
	<27.466148, 33.542660, 27.776390>,  <27.929028, 33.837555, 28.339600>, 0.130000
	pigment { color rgbt <1,0,0,0> }
	no_shadow
}

// nucleotide -1

// particle -1
sphere {
	<27.466148, 33.542660, 27.776390> 0.250000
	pigment { color rgbt <1,0,0,0> }
	no_shadow
}
cylinder {
	<27.409027, 33.938545, 27.779766>,  <27.374754, 34.176075, 27.781792>, 0.100000
	pigment { color rgbt <1,0,0,0> }
	no_shadow
}
cylinder {
	<27.409027, 33.938545, 27.779766>,  <27.466148, 33.542660, 27.776390>, 0.100000
	pigment { color rgbt <1,0,0,0> }
	no_shadow
}

// particle -1
sphere {
	<27.409027, 33.938545, 27.779766> 0.100000
	pigment { color rgbt <1,0,0,0> }
	no_shadow
}
sphere {
	0, 1
	scale<0.080000,0.200000,0.300000>
	matrix <0.084797, 0.020730, -0.996183,
		-0.986112, -0.141542, -0.086885,
		-0.142803, 0.989715, 0.008440,
		27.366186, 34.235458, 27.782297>
	pigment { color rgbt <0,1,1,0> }
	no_shadow
}
cylinder {
	<27.221930, 33.659214, 27.186939>,  <27.466148, 33.542660, 27.776390>, 0.130000
	pigment { color rgbt <1,0,0,0> }
	no_shadow
}

// nucleotide -1

// particle -1
sphere {
	<27.221930, 33.659214, 27.186939> 0.250000
	pigment { color rgbt <1,0,0,0> }
	no_shadow
}
cylinder {
	<27.337536, 34.030334, 27.281301>,  <27.406900, 34.253006, 27.337919>, 0.100000
	pigment { color rgbt <1,0,0,0> }
	no_shadow
}
cylinder {
	<27.337536, 34.030334, 27.281301>,  <27.221930, 33.659214, 27.186939>, 0.100000
	pigment { color rgbt <1,0,0,0> }
	no_shadow
}

// particle -1
sphere {
	<27.337536, 34.030334, 27.281301> 0.100000
	pigment { color rgbt <1,0,0,0> }
	no_shadow
}
sphere {
	0, 1
	scale<0.080000,0.200000,0.300000>
	matrix <0.403247, 0.105506, -0.908989,
		-0.868252, 0.357842, -0.343640,
		0.289018, 0.927803, 0.235904,
		27.424242, 34.308674, 27.352074>
	pigment { color rgbt <0,1,1,0> }
	no_shadow
}
cylinder {
	<27.040714, 34.050125, 26.582348>,  <27.221930, 33.659214, 27.186939>, 0.130000
	pigment { color rgbt <1,0,0,0> }
	no_shadow
}

// nucleotide -1

// particle -1
sphere {
	<27.040714, 34.050125, 26.582348> 0.250000
	pigment { color rgbt <1,0,0,0> }
	no_shadow
}
cylinder {
	<27.322336, 34.256981, 26.777025>,  <27.491310, 34.381096, 26.893831>, 0.100000
	pigment { color rgbt <1,0,0,0> }
	no_shadow
}
cylinder {
	<27.322336, 34.256981, 26.777025>,  <27.040714, 34.050125, 26.582348>, 0.100000
	pigment { color rgbt <1,0,0,0> }
	no_shadow
}

// particle -1
sphere {
	<27.322336, 34.256981, 26.777025> 0.100000
	pigment { color rgbt <1,0,0,0> }
	no_shadow
}
sphere {
	0, 1
	scale<0.080000,0.200000,0.300000>
	matrix <0.453233, 0.200388, -0.868576,
		-0.546706, 0.832110, -0.093302,
		0.704054, 0.517143, 0.486693,
		27.533552, 34.412125, 26.923033>
	pigment { color rgbt <0,1,1,0> }
	no_shadow
}
cylinder {
	<27.160196, 34.646557, 26.112576>,  <27.040714, 34.050125, 26.582348>, 0.130000
	pigment { color rgbt <1,0,0,0> }
	no_shadow
}

// nucleotide -1

// particle -1
sphere {
	<27.160196, 34.646557, 26.112576> 0.250000
	pigment { color rgbt <1,0,0,0> }
	no_shadow
}
cylinder {
	<27.478443, 34.614353, 26.352747>,  <27.669392, 34.595032, 26.496849>, 0.100000
	pigment { color rgbt <1,0,0,0> }
	no_shadow
}
cylinder {
	<27.478443, 34.614353, 26.352747>,  <27.160196, 34.646557, 26.112576>, 0.100000
	pigment { color rgbt <1,0,0,0> }
	no_shadow
}

// particle -1
sphere {
	<27.478443, 34.614353, 26.352747> 0.100000
	pigment { color rgbt <1,0,0,0> }
	no_shadow
}
sphere {
	0, 1
	scale<0.080000,0.200000,0.300000>
	matrix <0.605389, 0.142243, -0.783116,
		-0.022361, 0.986552, 0.161908,
		0.795616, -0.080506, 0.600429,
		27.717129, 34.590202, 26.532875>
	pigment { color rgbt <0,1,1,0> }
	no_shadow
}
cylinder {
	<27.733950, 35.117020, 25.975470>,  <27.160196, 34.646557, 26.112576>, 0.130000
	pigment { color rgbt <1,0,0,0> }
	no_shadow
}

// nucleotide -1

// particle -1
sphere {
	<27.733950, 35.117020, 25.975470> 0.250000
	pigment { color rgbt <1,0,0,0> }
	no_shadow
}
cylinder {
	<27.906538, 34.805740, 26.158005>,  <28.010090, 34.618973, 26.267527>, 0.100000
	pigment { color rgbt <1,0,0,0> }
	no_shadow
}
cylinder {
	<27.906538, 34.805740, 26.158005>,  <27.733950, 35.117020, 25.975470>, 0.100000
	pigment { color rgbt <1,0,0,0> }
	no_shadow
}

// particle -1
sphere {
	<27.906538, 34.805740, 26.158005> 0.100000
	pigment { color rgbt <1,0,0,0> }
	no_shadow
}
sphere {
	0, 1
	scale<0.080000,0.200000,0.300000>
	matrix <0.644232, -0.088309, -0.759715,
		0.631505, 0.621782, 0.463236,
		0.431469, -0.778196, 0.456340,
		28.035978, 34.572281, 26.294907>
	pigment { color rgbt <0,1,1,0> }
	no_shadow
}
cylinder {
	<28.454626, 35.272770, 26.068802>,  <27.733950, 35.117020, 25.975470>, 0.130000
	pigment { color rgbt <1,0,0,0> }
	no_shadow
}

// nucleotide -1

// particle -1
sphere {
	<28.454626, 35.272770, 26.068802> 0.250000
	pigment { color rgbt <1,0,0,0> }
	no_shadow
}
cylinder {
	<28.369493, 34.885075, 26.019356>,  <28.318413, 34.652458, 25.989687>, 0.100000
	pigment { color rgbt <1,0,0,0> }
	no_shadow
}
cylinder {
	<28.369493, 34.885075, 26.019356>,  <28.454626, 35.272770, 26.068802>, 0.100000
	pigment { color rgbt <1,0,0,0> }
	no_shadow
}

// particle -1
sphere {
	<28.369493, 34.885075, 26.019356> 0.100000
	pigment { color rgbt <1,0,0,0> }
	no_shadow
}
sphere {
	0, 1
	scale<0.080000,0.200000,0.300000>
	matrix <0.714739, -0.068172, -0.696061,
		0.666221, -0.236499, 0.707261,
		-0.212833, -0.969237, -0.123617,
		28.305643, 34.594303, 25.982271>
	pigment { color rgbt <0,1,1,0> }
	no_shadow
}
cylinder {
	<29.101505, 34.993877, 25.943281>,  <28.454626, 35.272770, 26.068802>, 0.130000
	pigment { color rgbt <1,0,0,0> }
	no_shadow
}

// nucleotide -1

// particle -1
sphere {
	<29.101505, 34.993877, 25.943281> 0.250000
	pigment { color rgbt <1,0,0,0> }
	no_shadow
}
cylinder {
	<28.834558, 34.714031, 25.841175>,  <28.674391, 34.546124, 25.779911>, 0.100000
	pigment { color rgbt <1,0,0,0> }
	no_shadow
}
cylinder {
	<28.834558, 34.714031, 25.841175>,  <29.101505, 34.993877, 25.943281>, 0.100000
	pigment { color rgbt <1,0,0,0> }
	no_shadow
}

// particle -1
sphere {
	<28.834558, 34.714031, 25.841175> 0.100000
	pigment { color rgbt <1,0,0,0> }
	no_shadow
}
sphere {
	0, 1
	scale<0.080000,0.200000,0.300000>
	matrix <0.621443, -0.334270, -0.708570,
		0.410398, -0.631510, 0.657851,
		-0.667369, -0.699614, -0.255264,
		28.634348, 34.504147, 25.764595>
	pigment { color rgbt <0,1,1,0> }
	no_shadow
}
cylinder {
	<29.279158, 34.178558, 25.911638>,  <29.101505, 34.993877, 25.943281>, 0.130000
	pigment { color rgbt <1,0,0,0> }
	no_shadow
}

// nucleotide -1

// particle -1
sphere {
	<29.279158, 34.178558, 25.911638> 0.250000
	pigment { color rgbt <1,0,0,0> }
	no_shadow
}
cylinder {
	<29.011429, 34.281521, 25.632854>,  <28.850792, 34.343296, 25.465584>, 0.100000
	pigment { color rgbt <1,0,0,0> }
	no_shadow
}
cylinder {
	<29.011429, 34.281521, 25.632854>,  <29.279158, 34.178558, 25.911638>, 0.100000
	pigment { color rgbt <1,0,0,0> }
	no_shadow
}

// particle -1
sphere {
	<29.011429, 34.281521, 25.632854> 0.100000
	pigment { color rgbt <1,0,0,0> }
	no_shadow
}
sphere {
	0, 1
	scale<0.080000,0.200000,0.300000>
	matrix <0.601299, -0.363325, -0.711642,
		-0.436402, -0.895398, 0.088404,
		-0.669322, 0.257405, -0.696958,
		28.810633, 34.358742, 25.423767>
	pigment { color rgbt <0,1,1,0> }
	no_shadow
}
cylinder {
	<29.154514, 33.634220, 25.404551>,  <29.279158, 34.178558, 25.911638>, 0.130000
	pigment { color rgbt <1,0,0,0> }
	no_shadow
}

// nucleotide -1

// particle -1
sphere {
	<29.154514, 33.634220, 25.404551> 0.250000
	pigment { color rgbt <1,0,0,0> }
	no_shadow
}
cylinder {
	<29.113716, 33.997810, 25.242882>,  <29.089237, 34.215965, 25.145880>, 0.100000
	pigment { color rgbt <1,0,0,0> }
	no_shadow
}
cylinder {
	<29.113716, 33.997810, 25.242882>,  <29.154514, 33.634220, 25.404551>, 0.100000
	pigment { color rgbt <1,0,0,0> }
	no_shadow
}

// particle -1
sphere {
	<29.113716, 33.997810, 25.242882> 0.100000
	pigment { color rgbt <1,0,0,0> }
	no_shadow
}
sphere {
	0, 1
	scale<0.080000,0.200000,0.300000>
	matrix <0.823259, -0.150947, -0.547230,
		-0.558429, -0.388554, -0.732928,
		-0.101995, 0.908978, -0.404174,
		29.083118, 34.270504, 25.121630>
	pigment { color rgbt <0,1,1,0> }
	no_shadow
}
cylinder {
	<28.695427, 33.273785, 25.826366>,  <29.154514, 33.634220, 25.404551>, 0.130000
	pigment { color rgbt <1,0,0,0> }
	no_shadow
}

// nucleotide -1

// particle -1
sphere {
	<28.695427, 33.273785, 25.826366> 0.250000
	pigment { color rgbt <1,0,0,0> }
	no_shadow
}
cylinder {
	<28.810259, 33.015995, 25.542892>,  <28.879158, 32.861320, 25.372808>, 0.100000
	pigment { color rgbt <1,0,0,0> }
	no_shadow
}
cylinder {
	<28.810259, 33.015995, 25.542892>,  <28.695427, 33.273785, 25.826366>, 0.100000
	pigment { color rgbt <1,0,0,0> }
	no_shadow
}

// particle -1
sphere {
	<28.810259, 33.015995, 25.542892> 0.100000
	pigment { color rgbt <1,0,0,0> }
	no_shadow
}
sphere {
	0, 1
	scale<0.080000,0.200000,0.300000>
	matrix <-0.392816, -0.753964, 0.526530,
		-0.873659, 0.127227, -0.469609,
		0.287080, -0.644478, -0.708685,
		28.896383, 32.822651, 25.330286>
	pigment { color rgbt <0,1,1,0> }
	no_shadow
}
cylinder {
	<28.060127, 32.921272, 25.552149>,  <28.695427, 33.273785, 25.826366>, 0.130000
	pigment { color rgbt <1,0,0,0> }
	no_shadow
}

// nucleotide -1

// particle -1
sphere {
	<28.060127, 32.921272, 25.552149> 0.250000
	pigment { color rgbt <1,0,0,0> }
	no_shadow
}
cylinder {
	<28.406656, 32.721966, 25.538176>,  <28.614573, 32.602383, 25.529791>, 0.100000
	pigment { color rgbt <1,0,0,0> }
	no_shadow
}
cylinder {
	<28.406656, 32.721966, 25.538176>,  <28.060127, 32.921272, 25.552149>, 0.100000
	pigment { color rgbt <1,0,0,0> }
	no_shadow
}

// particle -1
sphere {
	<28.406656, 32.721966, 25.538176> 0.100000
	pigment { color rgbt <1,0,0,0> }
	no_shadow
}
sphere {
	0, 1
	scale<0.080000,0.200000,0.300000>
	matrix <-0.423402, -0.769662, 0.477862,
		-0.264988, -0.399191, -0.877740,
		0.866321, -0.498265, -0.034933,
		28.666553, 32.572487, 25.527695>
	pigment { color rgbt <0,1,1,0> }
	no_shadow
}
cylinder {
	<27.775030, 32.286354, 25.134081>,  <28.060127, 32.921272, 25.552149>, 0.130000
	pigment { color rgbt <1,0,0,0> }
	no_shadow
}

// nucleotide -1

// particle -1
sphere {
	<27.775030, 32.286354, 25.134081> 0.250000
	pigment { color rgbt <1,0,0,0> }
	no_shadow
}
cylinder {
	<28.060827, 32.054764, 24.976961>,  <28.232306, 31.915810, 24.882690>, 0.100000
	pigment { color rgbt <1,0,0,0> }
	no_shadow
}
cylinder {
	<28.060827, 32.054764, 24.976961>,  <27.775030, 32.286354, 25.134081>, 0.100000
	pigment { color rgbt <1,0,0,0> }
	no_shadow
}

// particle -1
sphere {
	<28.060827, 32.054764, 24.976961> 0.100000
	pigment { color rgbt <1,0,0,0> }
	no_shadow
}
sphere {
	0, 1
	scale<0.080000,0.200000,0.300000>
	matrix <0.447014, -0.054122, 0.892888,
		-0.538217, -0.813549, 0.220139,
		0.714494, -0.578973, -0.392797,
		28.275175, 31.881073, 24.859121>
	pigment { color rgbt <0,1,1,0> }
	no_shadow
}
cylinder {
	<27.746506, 31.510599, 25.249878>,  <27.775030, 32.286354, 25.134081>, 0.130000
	pigment { color rgbt <1,0,0,0> }
	no_shadow
}

// nucleotide -1

// particle -1
sphere {
	<27.746506, 31.510599, 25.249878> 0.250000
	pigment { color rgbt <1,0,0,0> }
	no_shadow
}
cylinder {
	<28.047472, 31.774029, 25.244967>,  <28.228052, 31.932087, 25.242020>, 0.100000
	pigment { color rgbt <1,0,0,0> }
	no_shadow
}
cylinder {
	<28.047472, 31.774029, 25.244967>,  <27.746506, 31.510599, 25.249878>, 0.100000
	pigment { color rgbt <1,0,0,0> }
	no_shadow
}

// particle -1
sphere {
	<28.047472, 31.774029, 25.244967> 0.100000
	pigment { color rgbt <1,0,0,0> }
	no_shadow
}
sphere {
	0, 1
	scale<0.080000,0.200000,0.300000>
	matrix <0.032791, -0.018832, 0.999285,
		0.657874, -0.752278, -0.035765,
		0.752414, 0.658576, -0.012279,
		28.273195, 31.971601, 25.241283>
	pigment { color rgbt <0,1,1,0> }
	no_shadow
}
cylinder {
	<28.296062, 31.161879, 25.573193>,  <27.746506, 31.510599, 25.249878>, 0.130000
	pigment { color rgbt <1,0,0,0> }
	no_shadow
}

// nucleotide -1

// particle -1
sphere {
	<28.296062, 31.161879, 25.573193> 0.250000
	pigment { color rgbt <1,0,0,0> }
	no_shadow
}
cylinder {
	<28.284628, 31.560902, 25.598675>,  <28.277767, 31.800316, 25.613964>, 0.100000
	pigment { color rgbt <1,0,0,0> }
	no_shadow
}
cylinder {
	<28.284628, 31.560902, 25.598675>,  <28.296062, 31.161879, 25.573193>, 0.100000
	pigment { color rgbt <1,0,0,0> }
	no_shadow
}

// particle -1
sphere {
	<28.284628, 31.560902, 25.598675> 0.100000
	pigment { color rgbt <1,0,0,0> }
	no_shadow
}
sphere {
	0, 1
	scale<0.080000,0.200000,0.300000>
	matrix <-0.160781, -0.067490, 0.984680,
		0.986576, 0.017906, 0.162318,
		-0.028587, 0.997559, 0.063705,
		28.276052, 31.860170, 25.617786>
	pigment { color rgbt <0,1,1,0> }
	no_shadow
}
cylinder {
	<28.890291, 31.560431, 25.997992>,  <28.296062, 31.161879, 25.573193>, 0.130000
	pigment { color rgbt <1,0,0,0> }
	no_shadow
}

// nucleotide -1

// particle -1
sphere {
	<28.890291, 31.560431, 25.997992> 0.250000
	pigment { color rgbt <1,0,0,0> }
	no_shadow
}
cylinder {
	<28.546207, 31.764353, 25.993294>,  <28.339758, 31.886707, 25.990475>, 0.100000
	pigment { color rgbt <1,0,0,0> }
	no_shadow
}
cylinder {
	<28.546207, 31.764353, 25.993294>,  <28.890291, 31.560431, 25.997992>, 0.100000
	pigment { color rgbt <1,0,0,0> }
	no_shadow
}

// particle -1
sphere {
	<28.546207, 31.764353, 25.993294> 0.100000
	pigment { color rgbt <1,0,0,0> }
	no_shadow
}
sphere {
	0, 1
	scale<0.080000,0.200000,0.300000>
	matrix <-0.083894, -0.118761, 0.989372,
		0.502994, 0.852052, 0.144929,
		-0.860209, 0.509807, -0.011746,
		28.288145, 31.917295, 25.989771>
	pigment { color rgbt <0,1,1,0> }
	no_shadow
}
cylinder {
	<28.944576, 32.105843, 26.465818>,  <28.890291, 31.560431, 25.997992>, 0.130000
	pigment { color rgbt <1,0,0,0> }
	no_shadow
}

// nucleotide -1

// particle -1
sphere {
	<28.944576, 32.105843, 26.465818> 0.250000
	pigment { color rgbt <1,0,0,0> }
	no_shadow
}
cylinder {
	<28.583275, 31.942545, 26.412952>,  <28.366495, 31.844564, 26.381233>, 0.100000
	pigment { color rgbt <1,0,0,0> }
	no_shadow
}
cylinder {
	<28.583275, 31.942545, 26.412952>,  <28.944576, 32.105843, 26.465818>, 0.100000
	pigment { color rgbt <1,0,0,0> }
	no_shadow
}

// particle -1
sphere {
	<28.583275, 31.942545, 26.412952> 0.100000
	pigment { color rgbt <1,0,0,0> }
	no_shadow
}
sphere {
	0, 1
	scale<0.080000,0.200000,0.300000>
	matrix <0.001404, -0.310812, 0.950470,
		-0.429107, 0.858329, 0.281315,
		-0.903253, -0.408248, -0.132167,
		28.312300, 31.820070, 26.373302>
	pigment { color rgbt <0,1,1,0> }
	no_shadow
}
cylinder {
	<28.325237, 32.391762, 26.903685>,  <28.944576, 32.105843, 26.465818>, 0.130000
	pigment { color rgbt <1,0,0,0> }
	no_shadow
}

// nucleotide -1

// particle -1
sphere {
	<28.325237, 32.391762, 26.903685> 0.250000
	pigment { color rgbt <1,0,0,0> }
	no_shadow
}
cylinder {
	<28.311584, 32.005074, 26.802269>,  <28.303392, 31.773060, 26.741421>, 0.100000
	pigment { color rgbt <1,0,0,0> }
	no_shadow
}
cylinder {
	<28.311584, 32.005074, 26.802269>,  <28.325237, 32.391762, 26.903685>, 0.100000
	pigment { color rgbt <1,0,0,0> }
	no_shadow
}

// particle -1
sphere {
	<28.311584, 32.005074, 26.802269> 0.100000
	pigment { color rgbt <1,0,0,0> }
	no_shadow
}
sphere {
	0, 1
	scale<0.080000,0.200000,0.300000>
	matrix <0.121798, -0.255819, 0.959022,
		-0.991968, 0.001853, 0.126476,
		-0.034132, -0.966723, -0.253538,
		28.301344, 31.715057, 26.726208>
	pigment { color rgbt <0,1,1,0> }
	no_shadow
}
cylinder {
	<27.781101, 32.143761, 27.264862>,  <28.325237, 32.391762, 26.903685>, 0.130000
	pigment { color rgbt <1,0,0,0> }
	no_shadow
}

// nucleotide -1

// particle -1
sphere {
	<27.781101, 32.143761, 27.264862> 0.250000
	pigment { color rgbt <1,0,0,0> }
	no_shadow
}
cylinder {
	<28.057793, 31.860449, 27.208498>,  <28.223808, 31.690462, 27.174681>, 0.100000
	pigment { color rgbt <1,0,0,0> }
	no_shadow
}
cylinder {
	<28.057793, 31.860449, 27.208498>,  <27.781101, 32.143761, 27.264862>, 0.100000
	pigment { color rgbt <1,0,0,0> }
	no_shadow
}

// particle -1
sphere {
	<28.057793, 31.860449, 27.208498> 0.100000
	pigment { color rgbt <1,0,0,0> }
	no_shadow
}
sphere {
	0, 1
	scale<0.080000,0.200000,0.300000>
	matrix <0.123819, -0.075910, 0.989397,
		-0.711461, -0.701843, 0.035188,
		0.691731, -0.708275, -0.140908,
		28.265312, 31.647966, 27.166225>
	pigment { color rgbt <0,1,1,0> }
	no_shadow
}
cylinder {
	<27.758965, 31.769932, 27.898954>,  <27.781101, 32.143761, 27.264862>, 0.130000
	pigment { color rgbt <1,0,0,0> }
	no_shadow
}

// nucleotide -1

// particle -1
sphere {
	<27.758965, 31.769932, 27.898954> 0.250000
	pigment { color rgbt <1,0,0,0> }
	no_shadow
}
cylinder {
	<28.100727, 31.631254, 27.744143>,  <28.305784, 31.548048, 27.651255>, 0.100000
	pigment { color rgbt <1,0,0,0> }
	no_shadow
}
cylinder {
	<28.100727, 31.631254, 27.744143>,  <27.758965, 31.769932, 27.898954>, 0.100000
	pigment { color rgbt <1,0,0,0> }
	no_shadow
}

// particle -1
sphere {
	<28.100727, 31.631254, 27.744143> 0.100000
	pigment { color rgbt <1,0,0,0> }
	no_shadow
}
sphere {
	0, 1
	scale<0.080000,0.200000,0.300000>
	matrix <0.387173, -0.071974, 0.919194,
		-0.346534, -0.935213, 0.072735,
		0.854407, -0.346693, -0.387031,
		28.357050, 31.527246, 27.628033>
	pigment { color rgbt <0,1,1,0> }
	no_shadow
}
cylinder {
	<27.807199, 31.125319, 28.180483>,  <27.758965, 31.769932, 27.898954>, 0.130000
	pigment { color rgbt <1,0,0,0> }
	no_shadow
}

// nucleotide -1

// particle -1
sphere {
	<27.807199, 31.125319, 28.180483> 0.250000
	pigment { color rgbt <1,0,0,0> }
	no_shadow
}
cylinder {
	<28.177317, 31.227766, 28.068598>,  <28.399387, 31.289234, 28.001467>, 0.100000
	pigment { color rgbt <1,0,0,0> }
	no_shadow
}
cylinder {
	<28.177317, 31.227766, 28.068598>,  <27.807199, 31.125319, 28.180483>, 0.100000
	pigment { color rgbt <1,0,0,0> }
	no_shadow
}

// particle -1
sphere {
	<28.177317, 31.227766, 28.068598> 0.100000
	pigment { color rgbt <1,0,0,0> }
	no_shadow
}
sphere {
	0, 1
	scale<0.080000,0.200000,0.300000>
	matrix <0.308253, -0.078215, 0.948083,
		0.220944, -0.963476, -0.151321,
		0.925291, 0.256119, -0.279714,
		28.454905, 31.304602, 27.984684>
	pigment { color rgbt <0,1,1,0> }
	no_shadow
}
cylinder {
	<28.248484, 30.588215, 28.491217>,  <27.807199, 31.125319, 28.180483>, 0.130000
	pigment { color rgbt <1,0,0,0> }
	no_shadow
}

// nucleotide -1

// particle -1
sphere {
	<28.248484, 30.588215, 28.491217> 0.250000
	pigment { color rgbt <1,0,0,0> }
	no_shadow
}
cylinder {
	<28.472668, 30.912611, 28.424068>,  <28.607178, 31.107248, 28.383780>, 0.100000
	pigment { color rgbt <1,0,0,0> }
	no_shadow
}
cylinder {
	<28.472668, 30.912611, 28.424068>,  <28.248484, 30.588215, 28.491217>, 0.100000
	pigment { color rgbt <1,0,0,0> }
	no_shadow
}

// particle -1
sphere {
	<28.472668, 30.912611, 28.424068> 0.100000
	pigment { color rgbt <1,0,0,0> }
	no_shadow
}
sphere {
	0, 1
	scale<0.080000,0.200000,0.300000>
	matrix <0.343454, -0.043156, 0.938177,
		0.753607, -0.583468, -0.302725,
		0.560461, 0.810989, -0.167872,
		28.640806, 31.155907, 28.373707>
	pigment { color rgbt <0,1,1,0> }
	no_shadow
}
cylinder {
	<28.779959, 30.447598, 28.834167>,  <28.248484, 30.588215, 28.491217>, 0.130000
	pigment { color rgbt <1,0,0,0> }
	no_shadow
}

// nucleotide -1

// particle -1
sphere {
	<28.779959, 30.447598, 28.834167> 0.250000
	pigment { color rgbt <1,0,0,0> }
	no_shadow
}
cylinder {
	<28.782551, 30.843216, 28.775185>,  <28.784105, 31.080587, 28.739796>, 0.100000
	pigment { color rgbt <1,0,0,0> }
	no_shadow
}
cylinder {
	<28.782551, 30.843216, 28.775185>,  <28.779959, 30.447598, 28.834167>, 0.100000
	pigment { color rgbt <1,0,0,0> }
	no_shadow
}

// particle -1
sphere {
	<28.782551, 30.843216, 28.775185> 0.100000
	pigment { color rgbt <1,0,0,0> }
	no_shadow
}
sphere {
	0, 1
	scale<0.080000,0.200000,0.300000>
	matrix <0.236377, 0.141765, 0.961264,
		0.971640, -0.041082, -0.232870,
		0.006478, 0.989047, -0.147455,
		28.784494, 31.139931, 28.730947>
	pigment { color rgbt <0,1,1,0> }
	no_shadow
}
cylinder {
	<29.317139, 30.618280, 29.233419>,  <28.779959, 30.447598, 28.834167>, 0.130000
	pigment { color rgbt <1,0,0,0> }
	no_shadow
}

// nucleotide -1

// particle -1
sphere {
	<29.317139, 30.618280, 29.233419> 0.250000
	pigment { color rgbt <1,0,0,0> }
	no_shadow
}
cylinder {
	<29.115961, 30.947195, 29.126915>,  <28.995255, 31.144543, 29.063011>, 0.100000
	pigment { color rgbt <1,0,0,0> }
	no_shadow
}
cylinder {
	<29.115961, 30.947195, 29.126915>,  <29.317139, 30.618280, 29.233419>, 0.100000
	pigment { color rgbt <1,0,0,0> }
	no_shadow
}

// particle -1
sphere {
	<29.115961, 30.947195, 29.126915> 0.100000
	pigment { color rgbt <1,0,0,0> }
	no_shadow
}
sphere {
	0, 1
	scale<0.080000,0.200000,0.300000>
	matrix <-0.005808, 0.304839, 0.952386,
