// switches for output
#declare DRAW_BASES = 1; // possible values are 0, 1; only relevant for DNA ribbons
#declare DRAW_BASES_TYPE = 3; // possible values are 1, 2, 3; only relevant for DNA ribbons
#declare DRAW_FOG = 0; // set to 1 to enable fog

#include "colors.inc"

#include "transforms.inc"
background { rgb <1, 1, 1>}

#default {
   normal{
       ripples 0.25
       frequency 0.20
       turbulence 0.2
       lambda 5
   }
	finish {
		phong 0.1
		phong_size 40.
	}
}

// original window dimensions: 1024x640


// camera settings

camera {
	sky <0, 0.179814, -0.983701>
	up <0, 0.179814, -0.983701>
	right 1.6 * <1, 0, 0>
	location <35, 94.9851, 44.8844>
	look_at <35, 29.7336, 32.9568>
	direction <0, -65.2515, -11.9276>
	angle 67.0682
}


# declare cpy_camera_pos = <35, 94.9851, 44.8844>;
# if (DRAW_FOG = 1)
fog {
	fog_type 2
	up vnormalize(cpy_camera_pos)
	color rgbt<1,1,1,0.3>
	distance 1e-5
	fog_alt 3e-3
	fog_offset 56
}
# end


// LIGHTS

# declare lum = 6;
global_settings {
	ambient_light rgb lum * <0.05, 0.05, 0.05>
	max_trace_level 15
}# declare cpy_direct_light_amount = 0.25;
light_source
{	1000 * <-1, -1.16352, -0.803886>,
	rgb lum * cpy_direct_light_amount
	parallel
}

light_source
{	1000 * <1, 1.16352, 0.803886>,
	rgb lum * cpy_direct_light_amount
	parallel
}

// strand 0

// nucleotide -1

// particle -1
sphere {
	<23.924227, 35.416740, 35.094345> 0.250000
	pigment { color rgbt <1,0,0,0> }
	no_shadow
}
cylinder {
	<24.137686, 35.103966, 34.965481>,  <24.265760, 34.916302, 34.888161>, 0.100000
	pigment { color rgbt <1,0,0,0> }
	no_shadow
}
cylinder {
	<24.137686, 35.103966, 34.965481>,  <23.924227, 35.416740, 35.094345>, 0.100000
	pigment { color rgbt <1,0,0,0> }
	no_shadow
}

// particle -1
sphere {
	<24.137686, 35.103966, 34.965481> 0.100000
	pigment { color rgbt <1,0,0,0> }
	no_shadow
}
sphere {
	0, 1
	scale<0.080000,0.200000,0.300000>
	matrix <0.503671, 0.599869, -0.621669,
		0.679365, 0.169487, 0.713959,
		0.533647, -0.781941, -0.322165,
		24.297779, 34.869385, 34.868832>
	pigment { color rgbt <0,1,1,0> }
	no_shadow
}
cylinder {
	<24.644958, 35.407673, 35.247944>,  <23.924227, 35.416740, 35.094345>, 0.130000
	pigment { color rgbt <1,0,0,0> }
	no_shadow
}

// nucleotide -1

// particle -1
sphere {
	<24.644958, 35.407673, 35.247944> 0.250000
	pigment { color rgbt <1,0,0,0> }
	no_shadow
}
cylinder {
	<24.539431, 35.227261, 34.906891>,  <24.476114, 35.119015, 34.702259>, 0.100000
	pigment { color rgbt <1,0,0,0> }
	no_shadow
}
cylinder {
	<24.539431, 35.227261, 34.906891>,  <24.644958, 35.407673, 35.247944>, 0.100000
	pigment { color rgbt <1,0,0,0> }
	no_shadow
}

// particle -1
sphere {
	<24.539431, 35.227261, 34.906891> 0.100000
	pigment { color rgbt <1,0,0,0> }
	no_shadow
}
sphere {
	0, 1
	scale<0.080000,0.200000,0.300000>
	matrix <0.330902, 0.787982, -0.519218,
		0.906037, -0.419116, -0.058639,
		-0.263818, -0.451027, -0.852628,
		24.460285, 35.091953, 34.651104>
	pigment { color rgbt <0,1,1,0> }
	no_shadow
}
cylinder {
	<25.260147, 35.225986, 34.777065>,  <24.644958, 35.407673, 35.247944>, 0.130000
	pigment { color rgbt <1,0,0,0> }
	no_shadow
}

// nucleotide -1

// particle -1
sphere {
	<25.260147, 35.225986, 34.777065> 0.250000
	pigment { color rgbt <1,0,0,0> }
	no_shadow
}
cylinder {
	<24.915546, 35.298351, 34.587292>,  <24.708786, 35.341770, 34.473427>, 0.100000
	pigment { color rgbt <1,0,0,0> }
	no_shadow
}
cylinder {
	<24.915546, 35.298351, 34.587292>,  <25.260147, 35.225986, 34.777065>, 0.100000
	pigment { color rgbt <1,0,0,0> }
	no_shadow
}

// particle -1
sphere {
	<24.915546, 35.298351, 34.587292> 0.100000
	pigment { color rgbt <1,0,0,0> }
	no_shadow
}
sphere {
	0, 1
	scale<0.080000,0.200000,0.300000>
	matrix <0.390155, 0.833837, -0.390507,
		0.324951, -0.521524, -0.788936,
		-0.861503, 0.180911, -0.474431,
		24.657095, 35.352623, 34.444962>
	pigment { color rgbt <0,1,1,0> }
	no_shadow
}
cylinder {
	<25.167639, 34.786182, 34.237995>,  <25.260147, 35.225986, 34.777065>, 0.130000
	pigment { color rgbt <1,0,0,0> }
	no_shadow
}

// nucleotide -1

// particle -1
sphere {
	<25.167639, 34.786182, 34.237995> 0.250000
	pigment { color rgbt <1,0,0,0> }
	no_shadow
}
cylinder {
	<25.474669, 34.712448, 33.992443>,  <25.658886, 34.668205, 33.845112>, 0.100000
	pigment { color rgbt <1,0,0,0> }
	no_shadow
}
cylinder {
	<25.474669, 34.712448, 33.992443>,  <25.167639, 34.786182, 34.237995>, 0.100000
	pigment { color rgbt <1,0,0,0> }
	no_shadow
}

// particle -1
sphere {
	<25.474669, 34.712448, 33.992443> 0.100000
	pigment { color rgbt <1,0,0,0> }
	no_shadow
}
sphere {
	0, 1
	scale<0.080000,0.200000,0.300000>
	matrix <-0.107858, -0.981241, 0.159788,
		-0.631818, -0.056437, -0.773059,
		0.767576, -0.184338, -0.613878,
		25.704941, 34.657146, 33.808281>
	pigment { color rgbt <0,1,1,0> }
	no_shadow
}
cylinder {
	<24.959566, 34.250351, 33.681484>,  <25.167639, 34.786182, 34.237995>, 0.130000
	pigment { color rgbt <1,0,0,0> }
	no_shadow
}

// nucleotide -1

// particle -1
sphere {
	<24.959566, 34.250351, 33.681484> 0.250000
	pigment { color rgbt <1,0,0,0> }
	no_shadow
}
cylinder {
	<25.358124, 34.233017, 33.710655>,  <25.597260, 34.222618, 33.728157>, 0.100000
	pigment { color rgbt <1,0,0,0> }
	no_shadow
}
cylinder {
	<25.358124, 34.233017, 33.710655>,  <24.959566, 34.250351, 33.681484>, 0.100000
	pigment { color rgbt <1,0,0,0> }
	no_shadow
}

// particle -1
sphere {
	<25.358124, 34.233017, 33.710655> 0.100000
	pigment { color rgbt <1,0,0,0> }
	no_shadow
}
sphere {
	0, 1
	scale<0.080000,0.200000,0.300000>
	matrix <-0.045898, -0.998373, 0.033844,
		0.071346, -0.037069, -0.996763,
		0.996395, -0.043335, 0.072931,
		25.657042, 34.220016, 33.732536>
	pigment { color rgbt <0,1,1,0> }
	no_shadow
}
cylinder {
	<25.246395, 33.762966, 33.055004>,  <24.959566, 34.250351, 33.681484>, 0.130000
	pigment { color rgbt <1,0,0,0> }
	no_shadow
}

// nucleotide -1

// particle -1
sphere {
	<25.246395, 33.762966, 33.055004> 0.250000
	pigment { color rgbt <1,0,0,0> }
	no_shadow
}
cylinder {
	<25.493034, 33.783913, 33.369217>,  <25.641018, 33.796478, 33.557743>, 0.100000
	pigment { color rgbt <1,0,0,0> }
	no_shadow
}
cylinder {
	<25.493034, 33.783913, 33.369217>,  <25.246395, 33.762966, 33.055004>, 0.100000
	pigment { color rgbt <1,0,0,0> }
	no_shadow
}

// particle -1
sphere {
	<25.493034, 33.783913, 33.369217> 0.100000
	pigment { color rgbt <1,0,0,0> }
	no_shadow
}
sphere {
	0, 1
	scale<0.080000,0.200000,0.300000>
	matrix <0.049020, -0.998403, 0.028076,
		0.785749, 0.021195, -0.618182,
		0.616600, 0.052364, 0.785533,
		25.678015, 33.799622, 33.604877>
	pigment { color rgbt <0,1,1,0> }
	no_shadow
}
cylinder {
	<25.726912, 33.284161, 32.843670>,  <25.246395, 33.762966, 33.055004>, 0.130000
	pigment { color rgbt <1,0,0,0> }
	no_shadow
}

// nucleotide -1

// particle -1
sphere {
	<25.726912, 33.284161, 32.843670> 0.250000
	pigment { color rgbt <1,0,0,0> }
	no_shadow
}
cylinder {
	<25.763138, 33.324310, 33.239998>,  <25.784874, 33.348400, 33.477795>, 0.100000
	pigment { color rgbt <1,0,0,0> }
	no_shadow
}
cylinder {
	<25.763138, 33.324310, 33.239998>,  <25.726912, 33.284161, 32.843670>, 0.100000
	pigment { color rgbt <1,0,0,0> }
	no_shadow
}

// particle -1
sphere {
	<25.763138, 33.324310, 33.239998> 0.100000
	pigment { color rgbt <1,0,0,0> }
	no_shadow
}
sphere {
	0, 1
	scale<0.080000,0.200000,0.300000>
	matrix <0.025323, -0.994818, 0.098468,
		0.995568, 0.016172, -0.092639,
		0.090566, 0.100378, 0.990819,
		25.790308, 33.354424, 33.537243>
	pigment { color rgbt <0,1,1,0> }
	no_shadow
}
cylinder {
	<26.269079, 32.754974, 33.058907>,  <25.726912, 33.284161, 32.843670>, 0.130000
	pigment { color rgbt <1,0,0,0> }
	no_shadow
}

// nucleotide -1

// particle -1
sphere {
	<26.269079, 32.754974, 33.058907> 0.250000
	pigment { color rgbt <1,0,0,0> }
	no_shadow
}
cylinder {
	<26.066034, 32.865501, 33.385338>,  <25.944208, 32.931820, 33.581196>, 0.100000
	pigment { color rgbt <1,0,0,0> }
	no_shadow
}
cylinder {
	<26.066034, 32.865501, 33.385338>,  <26.269079, 32.754974, 33.058907>, 0.100000
	pigment { color rgbt <1,0,0,0> }
	no_shadow
}

// particle -1
sphere {
	<26.066034, 32.865501, 33.385338> 0.100000
	pigment { color rgbt <1,0,0,0> }
	no_shadow
}
sphere {
	0, 1
	scale<0.080000,0.200000,0.300000>
	matrix <-0.169518, -0.960693, 0.219845,
		0.844746, -0.026744, 0.534499,
		-0.507610, 0.276320, 0.816075,
		25.913752, 32.948399, 33.630161>
	pigment { color rgbt <0,1,1,0> }
	no_shadow
}
cylinder {
	<26.639708, 32.348953, 33.572193>,  <26.269079, 32.754974, 33.058907>, 0.130000
	pigment { color rgbt <1,0,0,0> }
	no_shadow
}

// nucleotide -1

// particle -1
sphere {
	<26.639708, 32.348953, 33.572193> 0.250000
	pigment { color rgbt <1,0,0,0> }
	no_shadow
}
cylinder {
	<26.300491, 32.491089, 33.729454>,  <26.096962, 32.576370, 33.823811>, 0.100000
	pigment { color rgbt <1,0,0,0> }
	no_shadow
}
cylinder {
	<26.300491, 32.491089, 33.729454>,  <26.639708, 32.348953, 33.572193>, 0.100000
	pigment { color rgbt <1,0,0,0> }
	no_shadow
}

// particle -1
sphere {
	<26.300491, 32.491089, 33.729454> 0.100000
	pigment { color rgbt <1,0,0,0> }
	no_shadow
}
sphere {
	0, 1
	scale<0.080000,0.200000,0.300000>
	matrix <-0.130405, -0.859001, 0.495088,
		0.513638, 0.368586, 0.774804,
		-0.848040, 0.355334, 0.393150,
		26.046080, 32.597691, 33.847401>
	pigment { color rgbt <0,1,1,0> }
	no_shadow
}
cylinder {
	<26.615318, 32.298306, 34.328091>,  <26.639708, 32.348953, 33.572193>, 0.130000
	pigment { color rgbt <1,0,0,0> }
	no_shadow
}

// nucleotide -1

// particle -1
sphere {
	<26.615318, 32.298306, 34.328091> 0.250000
	pigment { color rgbt <1,0,0,0> }
	no_shadow
}
cylinder {
	<26.226925, 32.323925, 34.235928>,  <25.993889, 32.339298, 34.180630>, 0.100000
	pigment { color rgbt <1,0,0,0> }
	no_shadow
}
cylinder {
	<26.226925, 32.323925, 34.235928>,  <26.615318, 32.298306, 34.328091>, 0.100000
	pigment { color rgbt <1,0,0,0> }
	no_shadow
}

// particle -1
sphere {
	<26.226925, 32.323925, 34.235928> 0.100000
	pigment { color rgbt <1,0,0,0> }
	no_shadow
}
sphere {
	0, 1
	scale<0.080000,0.200000,0.300000>
	matrix <-0.168934, -0.865654, 0.471279,
		-0.169268, 0.496528, 0.851357,
		-0.970984, 0.064051, -0.230409,
		25.935629, 32.343140, 34.166805>
	pigment { color rgbt <0,1,1,0> }
	no_shadow
}
cylinder {
	<26.203989, 32.410980, 34.996056>,  <26.615318, 32.298306, 34.328091>, 0.130000
	pigment { color rgbt <1,0,0,0> }
	no_shadow
}

// nucleotide -1

// particle -1
sphere {
	<26.203989, 32.410980, 34.996056> 0.250000
	pigment { color rgbt <1,0,0,0> }
	no_shadow
}
cylinder {
	<25.971880, 32.251823, 34.711811>,  <25.832615, 32.156330, 34.541264>, 0.100000
	pigment { color rgbt <1,0,0,0> }
	no_shadow
}
cylinder {
	<25.971880, 32.251823, 34.711811>,  <26.203989, 32.410980, 34.996056>, 0.100000
	pigment { color rgbt <1,0,0,0> }
	no_shadow
}

// particle -1
sphere {
	<25.971880, 32.251823, 34.711811> 0.100000
	pigment { color rgbt <1,0,0,0> }
	no_shadow
}
sphere {
	0, 1
	scale<0.080000,0.200000,0.300000>
	matrix <-0.145186, -0.808018, 0.570989,
		-0.801377, 0.434499, 0.411102,
		-0.580272, -0.397891, -0.710610,
		25.797798, 32.132458, 34.498627>
	pigment { color rgbt <0,1,1,0> }
	no_shadow
}
cylinder {
	<25.734884, 32.054508, 35.355286>,  <26.203989, 32.410980, 34.996056>, 0.130000
	pigment { color rgbt <1,0,0,0> }
	no_shadow
}

// nucleotide -1

// particle -1
sphere {
	<25.734884, 32.054508, 35.355286> 0.250000
	pigment { color rgbt <1,0,0,0> }
	no_shadow
}
cylinder {
	<25.666620, 31.895779, 34.994530>,  <25.625662, 31.800541, 34.778076>, 0.100000
	pigment { color rgbt <1,0,0,0> }
	no_shadow
}
cylinder {
	<25.666620, 31.895779, 34.994530>,  <25.734884, 32.054508, 35.355286>, 0.100000
	pigment { color rgbt <1,0,0,0> }
	no_shadow
}

// particle -1
sphere {
	<25.666620, 31.895779, 34.994530> 0.100000
	pigment { color rgbt <1,0,0,0> }
	no_shadow
}
sphere {
	0, 1
	scale<0.080000,0.200000,0.300000>
	matrix <-0.235941, -0.872230, 0.428423,
		-0.956664, 0.285908, 0.055229,
		-0.170662, -0.396827, -0.901889,
		25.615421, 31.776731, 34.723965>
	pigment { color rgbt <0,1,1,0> }
	no_shadow
}
cylinder {
	<25.061605, 31.661594, 35.355339>,  <25.734884, 32.054508, 35.355286>, 0.130000
	pigment { color rgbt <1,0,0,0> }
	no_shadow
}

// nucleotide -1

// particle -1
sphere {
	<25.061605, 31.661594, 35.355339> 0.250000
	pigment { color rgbt <1,0,0,0> }
	no_shadow
}
cylinder {
	<25.218891, 31.538391, 35.008808>,  <25.313263, 31.464470, 34.800892>, 0.100000
	pigment { color rgbt <1,0,0,0> }
	no_shadow
}
cylinder {
	<25.218891, 31.538391, 35.008808>,  <25.061605, 31.661594, 35.355339>, 0.100000
	pigment { color rgbt <1,0,0,0> }
	no_shadow
}

// particle -1
sphere {
	<25.218891, 31.538391, 35.008808> 0.100000
	pigment { color rgbt <1,0,0,0> }
	no_shadow
}
sphere {
	0, 1
	scale<0.080000,0.200000,0.300000>
	matrix <0.021355, -0.938907, 0.343507,
		-0.919199, -0.153571, -0.362612,
		0.393212, -0.308008, -0.866323,
		25.336855, 31.445990, 34.748913>
	pigment { color rgbt <0,1,1,0> }
	no_shadow
}
cylinder {
	<24.508038, 31.093904, 34.920338>,  <25.061605, 31.661594, 35.355339>, 0.130000
	pigment { color rgbt <1,0,0,0> }
	no_shadow
}

// nucleotide -1

// particle -1
sphere {
	<24.508038, 31.093904, 34.920338> 0.250000
	pigment { color rgbt <1,0,0,0> }
	no_shadow
}
cylinder {
	<24.899170, 31.049520, 34.849308>,  <25.133850, 31.022890, 34.806690>, 0.100000
	pigment { color rgbt <1,0,0,0> }
	no_shadow
}
cylinder {
	<24.899170, 31.049520, 34.849308>,  <24.508038, 31.093904, 34.920338>, 0.100000
	pigment { color rgbt <1,0,0,0> }
	no_shadow
}

// particle -1
sphere {
	<24.899170, 31.049520, 34.849308> 0.100000
	pigment { color rgbt <1,0,0,0> }
	no_shadow
}
sphere {
	0, 1
	scale<0.080000,0.200000,0.300000>
	matrix <-0.073138, -0.975627, 0.206887,
		-0.196201, -0.189314, -0.962115,
		0.977832, -0.110959, -0.177572,
		25.192520, 31.016233, 34.796036>
	pigment { color rgbt <0,1,1,0> }
	no_shadow
}
cylinder {
	<24.581114, 30.494104, 34.451836>,  <24.508038, 31.093904, 34.920338>, 0.130000
	pigment { color rgbt <1,0,0,0> }
	no_shadow
}

// nucleotide -1

// particle -1
sphere {
	<24.581114, 30.494104, 34.451836> 0.250000
	pigment { color rgbt <1,0,0,0> }
	no_shadow
}
cylinder {
	<24.920990, 30.560369, 34.652069>,  <25.124916, 30.600128, 34.772209>, 0.100000
	pigment { color rgbt <1,0,0,0> }
	no_shadow
}
cylinder {
	<24.920990, 30.560369, 34.652069>,  <24.581114, 30.494104, 34.451836>, 0.100000
	pigment { color rgbt <1,0,0,0> }
	no_shadow
}

// particle -1
sphere {
	<24.920990, 30.560369, 34.652069> 0.100000
	pigment { color rgbt <1,0,0,0> }
	no_shadow
}
sphere {
	0, 1
	scale<0.080000,0.200000,0.300000>
	matrix <0.025560, -0.961186, 0.274713,
		0.526661, -0.220627, -0.820946,
		0.849691, 0.165664, 0.500580,
		25.175898, 30.610069, 34.802242>
	pigment { color rgbt <0,1,1,0> }
	no_shadow
}
cylinder {
	<25.052183, 29.968372, 34.271553>,  <24.581114, 30.494104, 34.451836>, 0.130000
	pigment { color rgbt <1,0,0,0> }
	no_shadow
}

// nucleotide -1

// particle -1
sphere {
	<25.052183, 29.968372, 34.271553> 0.250000
	pigment { color rgbt <1,0,0,0> }
	no_shadow
}
cylinder {
	<25.206152, 30.123209, 34.606693>,  <25.298534, 30.216110, 34.807777>, 0.100000
	pigment { color rgbt <1,0,0,0> }
	no_shadow
}
cylinder {
	<25.206152, 30.123209, 34.606693>,  <25.052183, 29.968372, 34.271553>, 0.100000
	pigment { color rgbt <1,0,0,0> }
	no_shadow
}

// particle -1
sphere {
	<25.206152, 30.123209, 34.606693> 0.100000
	pigment { color rgbt <1,0,0,0> }
	no_shadow
}
sphere {
	0, 1
	scale<0.080000,0.200000,0.300000>
	matrix <-0.008981, -0.906185, 0.422786,
		0.922904, -0.170266, -0.345336,
		0.384924, 0.387090, 0.837852,
		25.321629, 30.239336, 34.858047>
	pigment { color rgbt <0,1,1,0> }
	no_shadow
}
cylinder {
	<25.264690, 29.353558, 34.469353>,  <25.052183, 29.968372, 34.271553>, 0.130000
	pigment { color rgbt <1,0,0,0> }
	no_shadow
}

// nucleotide -1

// particle -1
sphere {
	<25.264690, 29.353558, 34.469353> 0.250000
	pigment { color rgbt <1,0,0,0> }
	no_shadow
}
cylinder {
	<25.335009, 29.599222, 34.777092>,  <25.377199, 29.746622, 34.961735>, 0.100000
	pigment { color rgbt <1,0,0,0> }
	no_shadow
}
cylinder {
	<25.335009, 29.599222, 34.777092>,  <25.264690, 29.353558, 34.469353>, 0.100000
	pigment { color rgbt <1,0,0,0> }
	no_shadow
}

// particle -1
sphere {
	<25.335009, 29.599222, 34.777092> 0.100000
	pigment { color rgbt <1,0,0,0> }
	no_shadow
}
sphere {
	0, 1
	scale<0.080000,0.200000,0.300000>
	matrix <0.083678, -0.788015, 0.609943,
		0.980864, -0.042848, -0.189923,
		0.175797, 0.614164, 0.769350,
		25.387747, 29.783472, 35.007896>
	pigment { color rgbt <0,1,1,0> }
	no_shadow
}
cylinder {
	<25.958345, 29.307959, 34.702011>,  <25.264690, 29.353558, 34.469353>, 0.130000
	pigment { color rgbt <1,0,0,0> }
	no_shadow
}

// nucleotide -1

// particle -1
sphere {
	<25.958345, 29.307959, 34.702011> 0.250000
	pigment { color rgbt <1,0,0,0> }
	no_shadow
}
cylinder {
	<25.757257, 29.436985, 35.022816>,  <25.636604, 29.514400, 35.215298>, 0.100000
	pigment { color rgbt <1,0,0,0> }
	no_shadow
}
cylinder {
	<25.757257, 29.436985, 35.022816>,  <25.958345, 29.307959, 34.702011>, 0.100000
	pigment { color rgbt <1,0,0,0> }
	no_shadow
}

// particle -1
sphere {
	<25.757257, 29.436985, 35.022816> 0.100000
	pigment { color rgbt <1,0,0,0> }
	no_shadow
}
sphere {
	0, 1
	scale<0.080000,0.200000,0.300000>
	matrix <0.331281, -0.785052, 0.523399,
		0.798451, 0.528815, 0.287802,
		-0.502721, 0.322565, 0.802012,
		25.606441, 29.533754, 35.263420>
	pigment { color rgbt <0,1,1,0> }
	no_shadow
}
cylinder {
	<26.474213, 29.374292, 35.254814>,  <25.958345, 29.307959, 34.702011>, 0.130000
	pigment { color rgbt <1,0,0,0> }
	no_shadow
}

// nucleotide -1

// particle -1
sphere {
	<26.474213, 29.374292, 35.254814> 0.250000
	pigment { color rgbt <1,0,0,0> }
	no_shadow
}
cylinder {
	<26.111095, 29.329248, 35.416420>,  <25.893225, 29.302221, 35.513382>, 0.100000
	pigment { color rgbt <1,0,0,0> }
	no_shadow
}
cylinder {
	<26.111095, 29.329248, 35.416420>,  <26.474213, 29.374292, 35.254814>, 0.100000
	pigment { color rgbt <1,0,0,0> }
	no_shadow
}

// particle -1
sphere {
	<26.111095, 29.329248, 35.416420> 0.100000
	pigment { color rgbt <1,0,0,0> }
	no_shadow
}
sphere {
	0, 1
	scale<0.080000,0.200000,0.300000>
	matrix <0.260987, -0.905732, 0.333969,
		0.328320, 0.408617, 0.851609,
		-0.907795, -0.112610, 0.404014,
		25.838757, 29.295465, 35.537624>
	pigment { color rgbt <0,1,1,0> }
	no_shadow
}
cylinder {
	<26.734295, 29.150967, 35.949627>,  <26.474213, 29.374292, 35.254814>, 0.130000
	pigment { color rgbt <1,0,0,0> }
	no_shadow
}

// nucleotide -1

// particle -1
sphere {
	<26.734295, 29.150967, 35.949627> 0.250000
	pigment { color rgbt <1,0,0,0> }
	no_shadow
}
cylinder {
	<26.349319, 29.045731, 35.922798>,  <26.118334, 28.982588, 35.906700>, 0.100000
	pigment { color rgbt <1,0,0,0> }
	no_shadow
}
cylinder {
	<26.349319, 29.045731, 35.922798>,  <26.734295, 29.150967, 35.949627>, 0.100000
	pigment { color rgbt <1,0,0,0> }
	no_shadow
}

// particle -1
sphere {
	<26.349319, 29.045731, 35.922798> 0.100000
	pigment { color rgbt <1,0,0,0> }
	no_shadow
}
sphere {
	0, 1
	scale<0.080000,0.200000,0.300000>
	matrix <0.180930, -0.805677, 0.564047,
		-0.202436, 0.530724, 0.823014,
		-0.962437, -0.263091, -0.067075,
		26.060589, 28.966803, 35.902676>
	pigment { color rgbt <0,1,1,0> }
	no_shadow
}
cylinder {
	<26.518709, 28.908524, 36.575478>,  <26.734295, 29.150967, 35.949627>, 0.130000
	pigment { color rgbt <1,0,0,0> }
	no_shadow
}

// nucleotide -1

// particle -1
sphere {
	<26.518709, 28.908524, 36.575478> 0.250000
	pigment { color rgbt <1,0,0,0> }
	no_shadow
}
cylinder {
	<26.246725, 28.747908, 36.330063>,  <26.083534, 28.651539, 36.182816>, 0.100000
	pigment { color rgbt <1,0,0,0> }
	no_shadow
}
cylinder {
	<26.246725, 28.747908, 36.330063>,  <26.518709, 28.908524, 36.575478>, 0.100000
	pigment { color rgbt <1,0,0,0> }
	no_shadow
}

// particle -1
sphere {
	<26.246725, 28.747908, 36.330063> 0.100000
	pigment { color rgbt <1,0,0,0> }
	no_shadow
}
sphere {
	0, 1
	scale<0.080000,0.200000,0.300000>
	matrix <-0.002886, -0.835259, 0.549849,
		-0.733245, 0.375645, 0.566783,
		-0.679958, -0.401539, -0.613533,
		26.042738, 28.627445, 36.146004>
	pigment { color rgbt <0,1,1,0> }
	no_shadow
}
cylinder {
	<25.994963, 28.702951, 37.079105>,  <26.518709, 28.908524, 36.575478>, 0.130000
	pigment { color rgbt <1,0,0,0> }
	no_shadow
}

// nucleotide -1

// particle -1
sphere {
	<25.994963, 28.702951, 37.079105> 0.250000
	pigment { color rgbt <1,0,0,0> }
	no_shadow
}
cylinder {
	<26.016186, 28.508364, 36.730270>,  <26.028919, 28.391611, 36.520969>, 0.100000
	pigment { color rgbt <1,0,0,0> }
	no_shadow
}
cylinder {
	<26.016186, 28.508364, 36.730270>,  <25.994963, 28.702951, 37.079105>, 0.100000
	pigment { color rgbt <1,0,0,0> }
	no_shadow
}

// particle -1
sphere {
	<26.016186, 28.508364, 36.730270> 0.100000
	pigment { color rgbt <1,0,0,0> }
	no_shadow
}
sphere {
	0, 1
	scale<0.080000,0.200000,0.300000>
	matrix <0.133664, -0.861996, 0.488974,
		-0.989605, -0.142511, 0.019286,
		0.053060, -0.486470, -0.872085,
		26.032104, 28.362423, 36.468643>
	pigment { color rgbt <0,1,1,0> }
	no_shadow
}
cylinder {
	<25.648973, 28.156937, 37.229576>,  <25.994963, 28.702951, 37.079105>, 0.130000
	pigment { color rgbt <1,0,0,0> }
	no_shadow
}

// nucleotide -1

// particle -1
sphere {
	<25.648973, 28.156937, 37.229576> 0.250000
	pigment { color rgbt <1,0,0,0> }
	no_shadow
}
cylinder {
	<25.832003, 28.035078, 36.895435>,  <25.941820, 27.961964, 36.694950>, 0.100000
	pigment { color rgbt <1,0,0,0> }
	no_shadow
}
cylinder {
	<25.832003, 28.035078, 36.895435>,  <25.648973, 28.156937, 37.229576>, 0.100000
	pigment { color rgbt <1,0,0,0> }
	no_shadow
}

// particle -1
sphere {
	<25.832003, 28.035078, 36.895435> 0.100000
	pigment { color rgbt <1,0,0,0> }
	no_shadow
}
sphere {
	0, 1
	scale<0.080000,0.200000,0.300000>
	matrix <0.170358, -0.892036, 0.418630,
		-0.872702, -0.333862, -0.356269,
		0.457569, -0.304646, -0.835357,
		25.969275, 27.943684, 36.644829>
	pigment { color rgbt <0,1,1,0> }
	no_shadow
}
cylinder {
	<25.301689, 27.550554, 37.083004>,  <25.648973, 28.156937, 37.229576>, 0.130000
	pigment { color rgbt <1,0,0,0> }
	no_shadow
}

// nucleotide -1

// particle -1
sphere {
	<25.301689, 27.550554, 37.083004> 0.250000
	pigment { color rgbt <1,0,0,0> }
	no_shadow
}
cylinder {
	<25.655615, 27.538857, 36.896996>,  <25.867970, 27.531837, 36.785389>, 0.100000
	pigment { color rgbt <1,0,0,0> }
	no_shadow
}
cylinder {
	<25.655615, 27.538857, 36.896996>,  <25.301689, 27.550554, 37.083004>, 0.100000
	pigment { color rgbt <1,0,0,0> }
	no_shadow
}

// particle -1
sphere {
	<25.655615, 27.538857, 36.896996> 0.100000
	pigment { color rgbt <1,0,0,0> }
	no_shadow
}
sphere {
	0, 1
	scale<0.080000,0.200000,0.300000>
	matrix <0.234501, -0.834467, 0.498671,
		-0.402632, -0.550281, -0.731491,
		0.884814, -0.029245, -0.465025,
		25.921059, 27.530083, 36.757488>
	pigment { color rgbt <0,1,1,0> }
	no_shadow
}
cylinder {
	<25.323484, 26.871338, 37.051388>,  <25.301689, 27.550554, 37.083004>, 0.130000
	pigment { color rgbt <1,0,0,0> }
	no_shadow
}

// nucleotide -1

// particle -1
sphere {
	<25.323484, 26.871338, 37.051388> 0.250000
	pigment { color rgbt <1,0,0,0> }
	no_shadow
}
cylinder {
	<25.686220, 27.023428, 36.978649>,  <25.903862, 27.114683, 36.935005>, 0.100000
	pigment { color rgbt <1,0,0,0> }
	no_shadow
}
cylinder {
	<25.686220, 27.023428, 36.978649>,  <25.323484, 26.871338, 37.051388>, 0.100000
	pigment { color rgbt <1,0,0,0> }
	no_shadow
}

// particle -1
sphere {
	<25.686220, 27.023428, 36.978649> 0.100000
	pigment { color rgbt <1,0,0,0> }
	no_shadow
}
sphere {
	0, 1
	scale<0.080000,0.200000,0.300000>
	matrix <0.421032, -0.836984, 0.349556,
		-0.019288, -0.393553, -0.919100,
		0.906841, 0.380228, -0.181842,
		25.958273, 27.137497, 36.924095>
	pigment { color rgbt <0,1,1,0> }
	no_shadow
}
cylinder {
	<25.780315, 26.399691, 36.849636>,  <25.323484, 26.871338, 37.051388>, 0.130000
	pigment { color rgbt <1,0,0,0> }
	no_shadow
}

// nucleotide -1

// particle -1
sphere {
	<25.780315, 26.399691, 36.849636> 0.250000
	pigment { color rgbt <1,0,0,0> }
	no_shadow
}
cylinder {
	<26.022928, 26.670000, 37.017181>,  <26.168497, 26.832186, 37.117710>, 0.100000
	pigment { color rgbt <1,0,0,0> }
	no_shadow
}
cylinder {
	<26.022928, 26.670000, 37.017181>,  <25.780315, 26.399691, 36.849636>, 0.100000
	pigment { color rgbt <1,0,0,0> }
	no_shadow
}

// particle -1
sphere {
	<26.022928, 26.670000, 37.017181> 0.100000
	pigment { color rgbt <1,0,0,0> }
	no_shadow
}
sphere {
	0, 1
	scale<0.080000,0.200000,0.300000>
	matrix <0.356426, -0.702045, 0.616517,
		0.710688, -0.224644, -0.666677,
		0.606534, 0.675772, 0.418866,
		26.204889, 26.872732, 37.142841>
	pigment { color rgbt <0,1,1,0> }
	no_shadow
}
cylinder {
	<26.506529, 26.203897, 36.938465>,  <25.780315, 26.399691, 36.849636>, 0.130000
	pigment { color rgbt <1,0,0,0> }
	no_shadow
}

// nucleotide -1

// particle -1
sphere {
	<26.506529, 26.203897, 36.938465> 0.250000
	pigment { color rgbt <1,0,0,0> }
	no_shadow
}
cylinder {
	<26.376587, 26.469114, 37.208233>,  <26.298622, 26.628244, 37.370094>, 0.100000
	pigment { color rgbt <1,0,0,0> }
	no_shadow
}
cylinder {
	<26.376587, 26.469114, 37.208233>,  <26.506529, 26.203897, 36.938465>, 0.100000
	pigment { color rgbt <1,0,0,0> }
	no_shadow
}

// particle -1
sphere {
	<26.376587, 26.469114, 37.208233> 0.100000
	pigment { color rgbt <1,0,0,0> }
	no_shadow
}
sphere {
	0, 1
	scale<0.080000,0.200000,0.300000>
	matrix <0.092024, -0.687552, 0.720280,
		0.941276, 0.296049, 0.162339,
		-0.324855, 0.663044, 0.674420,
		26.279131, 26.668028, 37.410561>
	pigment { color rgbt <0,1,1,0> }
	no_shadow
}
cylinder {
	<26.276781, 25.582544, 36.450230>,  <26.506529, 26.203897, 36.938465>, 0.130000
	pigment { color rgbt <1,0,0,0> }
	no_shadow
}

// nucleotide -1

// particle -1
sphere {
	<26.276781, 25.582544, 36.450230> 0.250000
	pigment { color rgbt <1,0,0,0> }
	no_shadow
}
cylinder {
	<25.914238, 25.693136, 36.322437>,  <25.696712, 25.759491, 36.245762>, 0.100000
	pigment { color rgbt <1,0,0,0> }
	no_shadow
}
cylinder {
	<25.914238, 25.693136, 36.322437>,  <26.276781, 25.582544, 36.450230>, 0.100000
	pigment { color rgbt <1,0,0,0> }
	no_shadow
}

// particle -1
sphere {
	<25.914238, 25.693136, 36.322437> 0.100000
	pigment { color rgbt <1,0,0,0> }
	no_shadow
}
sphere {
	0, 1
	scale<0.080000,0.200000,0.300000>
	matrix <-0.413474, -0.424913, 0.805287,
		0.086893, 0.861979, 0.499442,
		-0.906360, 0.276480, -0.319484,
		25.642330, 25.776081, 36.226593>
	pigment { color rgbt <0,1,1,0> }
	no_shadow
}
cylinder {
	<26.785925, 25.216770, 36.032795>,  <26.276781, 25.582544, 36.450230>, 0.130000
	pigment { color rgbt <1,0,0,0> }
	no_shadow
}

// nucleotide -1

// particle -1
sphere {
	<26.785925, 25.216770, 36.032795> 0.250000
	pigment { color rgbt <1,0,0,0> }
	no_shadow
}
cylinder {
	<27.166311, 25.100035, 36.073765>,  <27.394543, 25.029993, 36.098347>, 0.100000
	pigment { color rgbt <1,0,0,0> }
	no_shadow
}
cylinder {
	<27.166311, 25.100035, 36.073765>,  <26.785925, 25.216770, 36.032795>, 0.100000
	pigment { color rgbt <1,0,0,0> }
	no_shadow
}

// particle -1
sphere {
	<27.166311, 25.100035, 36.073765> 0.100000
	pigment { color rgbt <1,0,0,0> }
	no_shadow
}
sphere {
	0, 1
	scale<0.080000,0.200000,0.300000>
	matrix <0.294210, 0.955703, -0.008516,
		-0.095406, 0.038234, 0.994704,
		0.950967, -0.291840, 0.102429,
		27.451601, 25.012484, 36.104492>
	pigment { color rgbt <0,1,1,0> }
	no_shadow
}
cylinder {
	<27.131027, 25.569448, 36.521187>,  <26.785925, 25.216770, 36.032795>, 0.130000
	pigment { color rgbt <1,0,0,0> }
	no_shadow
}

// nucleotide -1

// particle -1
sphere {
	<27.131027, 25.569448, 36.521187> 0.250000
	pigment { color rgbt <1,0,0,0> }
	no_shadow
}
cylinder {
	<27.434601, 25.507822, 36.268116>,  <27.616745, 25.470846, 36.116272>, 0.100000
	pigment { color rgbt <1,0,0,0> }
	no_shadow
}
cylinder {
	<27.434601, 25.507822, 36.268116>,  <27.131027, 25.569448, 36.521187>, 0.100000
	pigment { color rgbt <1,0,0,0> }
	no_shadow
}

// particle -1
sphere {
	<27.434601, 25.507822, 36.268116> 0.100000
	pigment { color rgbt <1,0,0,0> }
	no_shadow
}
sphere {
	0, 1
	scale<0.080000,0.200000,0.300000>
	matrix <0.229974, 0.972412, 0.039070,
		0.609207, -0.175152, 0.773427,
		0.758933, -0.154067, -0.632680,
		27.662281, 25.461601, 36.078312>
	pigment { color rgbt <0,1,1,0> }
	no_shadow
}
cylinder {
	<27.727528, 26.071602, 36.679264>,  <27.131027, 25.569448, 36.521187>, 0.130000
	pigment { color rgbt <1,0,0,0> }
	no_shadow
}

// nucleotide -1

// particle -1
sphere {
	<27.727528, 26.071602, 36.679264> 0.250000
	pigment { color rgbt <1,0,0,0> }
	no_shadow
}
cylinder {
	<27.774784, 26.011339, 36.286663>,  <27.803139, 25.975182, 36.051102>, 0.100000
	pigment { color rgbt <1,0,0,0> }
	no_shadow
}
cylinder {
	<27.774784, 26.011339, 36.286663>,  <27.727528, 26.071602, 36.679264>, 0.100000
	pigment { color rgbt <1,0,0,0> }
	no_shadow
}

// particle -1
sphere {
	<27.774784, 26.011339, 36.286663> 0.100000
	pigment { color rgbt <1,0,0,0> }
	no_shadow
}
sphere {
	0, 1
	scale<0.080000,0.200000,0.300000>
	matrix <0.526808, 0.847367, -0.066658,
		0.841734, -0.509187, 0.179476,
		0.118141, -0.150658, -0.981501,
		27.810226, 25.966143, 35.992214>
	pigment { color rgbt <0,1,1,0> }
	no_shadow
}
cylinder {
	<28.396658, 26.195129, 36.552422>,  <27.727528, 26.071602, 36.679264>, 0.130000
	pigment { color rgbt <1,0,0,0> }
	no_shadow
}

// nucleotide -1

// particle -1
sphere {
	<28.396658, 26.195129, 36.552422> 0.250000
	pigment { color rgbt <1,0,0,0> }
	no_shadow
}
cylinder {
	<28.190474, 26.289989, 36.223045>,  <28.066763, 26.346905, 36.025417>, 0.100000
	pigment { color rgbt <1,0,0,0> }
	no_shadow
}
cylinder {
	<28.190474, 26.289989, 36.223045>,  <28.396658, 26.195129, 36.552422>, 0.100000
	pigment { color rgbt <1,0,0,0> }
	no_shadow
}

// particle -1
sphere {
	<28.190474, 26.289989, 36.223045> 0.100000
	pigment { color rgbt <1,0,0,0> }
	no_shadow
}
sphere {
	0, 1
	scale<0.080000,0.200000,0.300000>
	matrix <0.457850, 0.888498, -0.030721,
		0.724343, -0.392849, -0.566567,
		-0.515462, 0.237150, -0.823443,
		28.035835, 26.361134, 35.976013>
	pigment { color rgbt <0,1,1,0> }
	no_shadow
}
cylinder {
	<28.874666, 26.234140, 36.024265>,  <28.396658, 26.195129, 36.552422>, 0.130000
	pigment { color rgbt <1,0,0,0> }
	no_shadow
}

// nucleotide -1

// particle -1
sphere {
	<28.874666, 26.234140, 36.024265> 0.250000
	pigment { color rgbt <1,0,0,0> }
	no_shadow
}
cylinder {
	<28.552685, 26.449829, 35.925236>,  <28.359495, 26.579243, 35.865818>, 0.100000
	pigment { color rgbt <1,0,0,0> }
	no_shadow
}
cylinder {
	<28.552685, 26.449829, 35.925236>,  <28.874666, 26.234140, 36.024265>, 0.100000
	pigment { color rgbt <1,0,0,0> }
	no_shadow
}

// particle -1
sphere {
	<28.552685, 26.449829, 35.925236> 0.100000
	pigment { color rgbt <1,0,0,0> }
	no_shadow
}
sphere {
	0, 1
	scale<0.080000,0.200000,0.300000>
	matrix <0.576234, 0.809910, -0.109548,
		0.141440, -0.230840, -0.962657,
		-0.804953, 0.539221, -0.247572,
		28.311199, 26.611595, 35.850964>
	pigment { color rgbt <0,1,1,0> }
	no_shadow
}
cylinder {
	<29.004789, 26.613119, 35.385441>,  <28.874666, 26.234140, 36.024265>, 0.130000
	pigment { color rgbt <1,0,0,0> }
	no_shadow
}

// nucleotide -1

// particle -1
sphere {
	<29.004789, 26.613119, 35.385441> 0.250000
	pigment { color rgbt <1,0,0,0> }
	no_shadow
}
cylinder {
	<28.718618, 26.834265, 35.556324>,  <28.546917, 26.966951, 35.658855>, 0.100000
	pigment { color rgbt <1,0,0,0> }
	no_shadow
}
cylinder {
	<28.718618, 26.834265, 35.556324>,  <29.004789, 26.613119, 35.385441>, 0.100000
	pigment { color rgbt <1,0,0,0> }
	no_shadow
}

// particle -1
sphere {
	<28.718618, 26.834265, 35.556324> 0.100000
	pigment { color rgbt <1,0,0,0> }
	no_shadow
}
sphere {
	0, 1
	scale<0.080000,0.200000,0.300000>
	matrix <0.582717, 0.809501, -0.071754,
		-0.385496, 0.197607, -0.901302,
		-0.715426, 0.552865, 0.427209,
		28.503990, 27.000124, 35.684486>
	pigment { color rgbt <0,1,1,0> }
	no_shadow
}
cylinder {
	<28.710922, 27.084858, 34.983616>,  <29.004789, 26.613119, 35.385441>, 0.130000
	pigment { color rgbt <1,0,0,0> }
	no_shadow
}

// nucleotide -1

// particle -1
sphere {
	<28.710922, 27.084858, 34.983616> 0.250000
	pigment { color rgbt <1,0,0,0> }
	no_shadow
}
cylinder {
	<28.681870, 27.256178, 35.343903>,  <28.664438, 27.358971, 35.560074>, 0.100000
	pigment { color rgbt <1,0,0,0> }
	no_shadow
}
cylinder {
	<28.681870, 27.256178, 35.343903>,  <28.710922, 27.084858, 34.983616>, 0.100000
	pigment { color rgbt <1,0,0,0> }
	no_shadow
}

// particle -1
sphere {
	<28.681870, 27.256178, 35.343903> 0.100000
	pigment { color rgbt <1,0,0,0> }
	no_shadow
}
sphere {
	0, 1
	scale<0.080000,0.200000,0.300000>
	matrix <0.502833, 0.795648, -0.337791,
		-0.861326, 0.428373, -0.273154,
		-0.072634, 0.428299, 0.900713,
		28.660080, 27.384668, 35.614117>
	pigment { color rgbt <0,1,1,0> }
	no_shadow
}
cylinder {
	<28.281458, 27.709200, 34.867935>,  <28.710922, 27.084858, 34.983616>, 0.130000
	pigment { color rgbt <1,0,0,0> }
	no_shadow
}

// nucleotide -1

// particle -1
sphere {
	<28.281458, 27.709200, 34.867935> 0.250000
	pigment { color rgbt <1,0,0,0> }
	no_shadow
}
cylinder {
	<28.528948, 27.788012, 35.172134>,  <28.677441, 27.835299, 35.354656>, 0.100000
	pigment { color rgbt <1,0,0,0> }
	no_shadow
}
cylinder {
	<28.528948, 27.788012, 35.172134>,  <28.281458, 27.709200, 34.867935>, 0.100000
	pigment { color rgbt <1,0,0,0> }
	no_shadow
}

// particle -1
sphere {
	<28.528948, 27.788012, 35.172134> 0.100000
	pigment { color rgbt <1,0,0,0> }
	no_shadow
}
sphere {
	0, 1
	scale<0.080000,0.200000,0.300000>
	matrix <0.027854, 0.961929, -0.271876,
		-0.785115, 0.189399, 0.589679,
		0.618723, 0.197029, 0.760501,
		28.714565, 27.847120, 35.400284>
	pigment { color rgbt <0,1,1,0> }
	no_shadow
}
cylinder {
	<27.989290, 28.223511, 35.327747>,  <28.281458, 27.709200, 34.867935>, 0.130000
	pigment { color rgbt <1,0,0,0> }
	no_shadow
}

// nucleotide -1

// particle -1
sphere {
	<27.989290, 28.223511, 35.327747> 0.250000
	pigment { color rgbt <1,0,0,0> }
	no_shadow
}
cylinder {
	<28.384562, 28.252722, 35.381660>,  <28.621725, 28.270248, 35.414009>, 0.100000
	pigment { color rgbt <1,0,0,0> }
	no_shadow
}
cylinder {
	<28.384562, 28.252722, 35.381660>,  <27.989290, 28.223511, 35.327747>, 0.100000
	pigment { color rgbt <1,0,0,0> }
	no_shadow
}

// particle -1
sphere {
	<28.384562, 28.252722, 35.381660> 0.100000
	pigment { color rgbt <1,0,0,0> }
	no_shadow
}
sphere {
	0, 1
	scale<0.080000,0.200000,0.300000>
	matrix <-0.029884, 0.954144, -0.297852,
		-0.150356, 0.290303, 0.945049,
		0.988180, 0.073026, 0.134786,
		28.681015, 28.274630, 35.422096>
	pigment { color rgbt <0,1,1,0> }
	no_shadow
}
cylinder {
	<28.065559, 28.810795, 35.739574>,  <27.989290, 28.223511, 35.327747>, 0.130000
	pigment { color rgbt <1,0,0,0> }
	no_shadow
}

// nucleotide -1

// particle -1
sphere {
	<28.065559, 28.810795, 35.739574> 0.250000
	pigment { color rgbt <1,0,0,0> }
	no_shadow
}
cylinder {
	<28.432631, 28.767105, 35.586765>,  <28.652872, 28.740891, 35.495079>, 0.100000
	pigment { color rgbt <1,0,0,0> }
	no_shadow
}
cylinder {
	<28.432631, 28.767105, 35.586765>,  <28.065559, 28.810795, 35.739574>, 0.100000
	pigment { color rgbt <1,0,0,0> }
	no_shadow
}

// particle -1
sphere {
	<28.432631, 28.767105, 35.586765> 0.100000
	pigment { color rgbt <1,0,0,0> }
	no_shadow
}
sphere {
	0, 1
	scale<0.080000,0.200000,0.300000>
	matrix <0.076550, 0.992063, -0.099759,
		0.389885, 0.062303, 0.918753,
		0.917676, -0.109225, -0.382021,
		28.707933, 28.734337, 35.472160>
	pigment { color rgbt <0,1,1,0> }
	no_shadow
}
cylinder {
	<28.438877, 29.467525, 35.906330>,  <28.065559, 28.810795, 35.739574>, 0.130000
	pigment { color rgbt <1,0,0,0> }
	no_shadow
}

// nucleotide -1

// particle -1
sphere {
	<28.438877, 29.467525, 35.906330> 0.250000
	pigment { color rgbt <1,0,0,0> }
	no_shadow
}
cylinder {
	<28.686855, 29.332140, 35.623173>,  <28.835642, 29.250908, 35.453278>, 0.100000
	pigment { color rgbt <1,0,0,0> }
	no_shadow
}
cylinder {
	<28.686855, 29.332140, 35.623173>,  <28.438877, 29.467525, 35.906330>, 0.100000
	pigment { color rgbt <1,0,0,0> }
	no_shadow
}

// particle -1
sphere {
	<28.686855, 29.332140, 35.623173> 0.100000
	pigment { color rgbt <1,0,0,0> }
	no_shadow
}
sphere {
	0, 1
	scale<0.080000,0.200000,0.300000>
	matrix <0.152431, 0.936943, -0.314487,
		0.769695, 0.087060, 0.632448,
		0.619947, -0.338464, -0.707890,
		28.872839, 29.230600, 35.410805>
	pigment { color rgbt <0,1,1,0> }
	no_shadow
}
cylinder {
	<29.144068, 29.869438, 35.917915>,  <28.438877, 29.467525, 35.906330>, 0.130000
	pigment { color rgbt <1,0,0,0> }
	no_shadow
}

// nucleotide -1

// particle -1
sphere {
	<29.144068, 29.869438, 35.917915> 0.250000
	pigment { color rgbt <1,0,0,0> }
	no_shadow
}
cylinder {
	<29.115942, 29.699923, 35.556705>,  <29.099066, 29.598213, 35.339977>, 0.100000
	pigment { color rgbt <1,0,0,0> }
	no_shadow
}
cylinder {
	<29.115942, 29.699923, 35.556705>,  <29.144068, 29.869438, 35.917915>, 0.100000
	pigment { color rgbt <1,0,0,0> }
	no_shadow
}

// particle -1
sphere {
	<29.115942, 29.699923, 35.556705> 0.100000
	pigment { color rgbt <1,0,0,0> }
	no_shadow
}
sphere {
	0, 1
	scale<0.080000,0.200000,0.300000>
	matrix <0.264947, 0.864818, -0.426489,
		0.961696, -0.269243, 0.051471,
		-0.070316, -0.423790, -0.903027,
		29.094847, 29.572786, 35.285797>
	pigment { color rgbt <0,1,1,0> }
	no_shadow
}
cylinder {
	<29.634228, 30.219299, 35.595371>,  <29.144068, 29.869438, 35.917915>, 0.130000
	pigment { color rgbt <1,0,0,0> }
	no_shadow
}

// nucleotide -1

// particle -1
sphere {
	<29.634228, 30.219299, 35.595371> 0.250000
	pigment { color rgbt <1,0,0,0> }
	no_shadow
}
cylinder {
	<29.407486, 30.092665, 35.291149>,  <29.271441, 30.016684, 35.108616>, 0.100000
	pigment { color rgbt <1,0,0,0> }
	no_shadow
}
cylinder {
	<29.407486, 30.092665, 35.291149>,  <29.634228, 30.219299, 35.595371>, 0.100000
	pigment { color rgbt <1,0,0,0> }
	no_shadow
}

// particle -1
sphere {
	<29.407486, 30.092665, 35.291149> 0.100000
	pigment { color rgbt <1,0,0,0> }
	no_shadow
}
sphere {
	0, 1
	scale<0.080000,0.200000,0.300000>
	matrix <0.157185, 0.864687, -0.477084,
		0.808684, -0.389985, -0.440389,
		-0.566854, -0.316588, -0.760558,
		29.237431, 29.997688, 35.062981>
	pigment { color rgbt <0,1,1,0> }
	no_shadow
}
cylinder {
	<30.035503, 30.320150, 34.935745>,  <29.634228, 30.219299, 35.595371>, 0.130000
	pigment { color rgbt <1,0,0,0> }
	no_shadow
}

// nucleotide -1

// particle -1
sphere {
	<30.035503, 30.320150, 34.935745> 0.250000
	pigment { color rgbt <1,0,0,0> }
	no_shadow
}
cylinder {
	<29.650000, 30.276758, 34.838257>,  <29.418697, 30.250723, 34.779766>, 0.100000
	pigment { color rgbt <1,0,0,0> }
	no_shadow
}
cylinder {
	<29.650000, 30.276758, 34.838257>,  <30.035503, 30.320150, 34.935745>, 0.100000
	pigment { color rgbt <1,0,0,0> }
	no_shadow
}

// particle -1
sphere {
	<29.650000, 30.276758, 34.838257> 0.100000
	pigment { color rgbt <1,0,0,0> }
	no_shadow
}
sphere {
	0, 1
	scale<0.080000,0.200000,0.300000>
	matrix <0.079808, 0.754501, -0.651428,
		0.254551, -0.647271, -0.718501,
		-0.963760, -0.108480, -0.243717,
		29.360872, 30.244215, 34.765141>
	pigment { color rgbt <0,1,1,0> }
	no_shadow
}
cylinder {
	<30.017660, 30.381563, 34.269646>,  <30.035503, 30.320150, 34.935745>, 0.130000
	pigment { color rgbt <1,0,0,0> }
	no_shadow
}

// nucleotide -1

// particle -1
sphere {
	<30.017660, 30.381563, 34.269646> 0.250000
	pigment { color rgbt <1,0,0,0> }
	no_shadow
}
cylinder {
	<29.629738, 30.451550, 34.337601>,  <29.396984, 30.493542, 34.378376>, 0.100000
	pigment { color rgbt <1,0,0,0> }
	no_shadow
}
cylinder {
	<29.629738, 30.451550, 34.337601>,  <30.017660, 30.381563, 34.269646>, 0.100000
	pigment { color rgbt <1,0,0,0> }
	no_shadow
}

// particle -1
sphere {
	<29.629738, 30.451550, 34.337601> 0.100000
	pigment { color rgbt <1,0,0,0> }
	no_shadow
}
sphere {
	0, 1
	scale<0.080000,0.200000,0.300000>
	matrix <0.062321, 0.851295, -0.520974,
