// switches for output
#declare DRAW_BASES = 1; // possible values are 0, 1; only relevant for DNA ribbons
#declare DRAW_BASES_TYPE = 3; // possible values are 1, 2, 3; only relevant for DNA ribbons
#declare DRAW_FOG = 0; // set to 1 to enable fog

#include "colors.inc"

#include "transforms.inc"
background { rgb <1, 1, 1>}

#default {
   normal{
       ripples 0.25
       frequency 0.20
       turbulence 0.2
       lambda 5
   }
	finish {
		phong 0.1
		phong_size 40.
	}
}

// original window dimensions: 1024x640


// camera settings

camera {
	sky <0, 0.179814, -0.983701>
	up <0, 0.179814, -0.983701>
	right 1.6 * <1, 0, 0>
	location <35, 94.9851, 44.8844>
	look_at <35, 29.7336, 32.9568>
	direction <0, -65.2515, -11.9276>
	angle 67.0682
}


# declare cpy_camera_pos = <35, 94.9851, 44.8844>;
# if (DRAW_FOG = 1)
fog {
	fog_type 2
	up vnormalize(cpy_camera_pos)
	color rgbt<1,1,1,0.3>
	distance 1e-5
	fog_alt 3e-3
	fog_offset 56
}
# end


// LIGHTS

# declare lum = 6;
global_settings {
	ambient_light rgb lum * <0.05, 0.05, 0.05>
	max_trace_level 15
}# declare cpy_direct_light_amount = 0.25;
light_source
{	1000 * <-1, -1.16352, -0.803886>,
	rgb lum * cpy_direct_light_amount
	parallel
}

light_source
{	1000 * <1, 1.16352, 0.803886>,
	rgb lum * cpy_direct_light_amount
	parallel
}

// strand 0

// nucleotide -1

// particle -1
sphere {
	<24.145031, 34.534523, 34.599983> 0.250000
	pigment { color rgbt <1,0,0,0> }
	no_shadow
}
cylinder {
	<24.261385, 34.908493, 34.681282>,  <24.331198, 35.132874, 34.730061>, 0.100000
	pigment { color rgbt <1,0,0,0> }
	no_shadow
}
cylinder {
	<24.261385, 34.908493, 34.681282>,  <24.145031, 34.534523, 34.599983>, 0.100000
	pigment { color rgbt <1,0,0,0> }
	no_shadow
}

// particle -1
sphere {
	<24.261385, 34.908493, 34.681282> 0.100000
	pigment { color rgbt <1,0,0,0> }
	no_shadow
}
sphere {
	0, 1
	scale<0.080000,0.200000,0.300000>
	matrix <0.286598, 0.117529, -0.950814,
		-0.912825, 0.334825, -0.233760,
		0.290883, 0.934922, 0.203244,
		24.348650, 35.188969, 34.742256>
	pigment { color rgbt <0,1,1,0> }
	no_shadow
}
cylinder {
	<23.704353, 35.102592, 34.146931>,  <24.145031, 34.534523, 34.599983>, 0.130000
	pigment { color rgbt <1,0,0,0> }
	no_shadow
}

// nucleotide -1

// particle -1
sphere {
	<23.704353, 35.102592, 34.146931> 0.250000
	pigment { color rgbt <1,0,0,0> }
	no_shadow
}
cylinder {
	<24.084099, 35.161682, 34.257843>,  <24.311947, 35.197136, 34.324390>, 0.100000
	pigment { color rgbt <1,0,0,0> }
	no_shadow
}
cylinder {
	<24.084099, 35.161682, 34.257843>,  <23.704353, 35.102592, 34.146931>, 0.100000
	pigment { color rgbt <1,0,0,0> }
	no_shadow
}

// particle -1
sphere {
	<24.084099, 35.161682, 34.257843> 0.100000
	pigment { color rgbt <1,0,0,0> }
	no_shadow
}
sphere {
	0, 1
	scale<0.080000,0.200000,0.300000>
	matrix <0.284320, -0.028420, -0.958308,
		-0.133686, 0.988620, -0.068982,
		0.949363, 0.147726, 0.277285,
		24.368908, 35.206001, 34.341030>
	pigment { color rgbt <0,1,1,0> }
	no_shadow
}
cylinder {
	<24.097940, 35.649662, 33.881134>,  <23.704353, 35.102592, 34.146931>, 0.130000
	pigment { color rgbt <1,0,0,0> }
	no_shadow
}

// nucleotide -1

// particle -1
sphere {
	<24.097940, 35.649662, 33.881134> 0.250000
	pigment { color rgbt <1,0,0,0> }
	no_shadow
}
cylinder {
	<24.384541, 35.384838, 33.969048>,  <24.556501, 35.225945, 34.021797>, 0.100000
	pigment { color rgbt <1,0,0,0> }
	no_shadow
}
cylinder {
	<24.384541, 35.384838, 33.969048>,  <24.097940, 35.649662, 33.881134>, 0.100000
	pigment { color rgbt <1,0,0,0> }
	no_shadow
}

// particle -1
sphere {
	<24.384541, 35.384838, 33.969048> 0.100000
	pigment { color rgbt <1,0,0,0> }
	no_shadow
}
sphere {
	0, 1
	scale<0.080000,0.200000,0.300000>
	matrix <0.376970, 0.102368, -0.920551,
		0.586960, 0.742428, 0.322923,
		0.716500, -0.662058, 0.219787,
		24.599491, 35.186222, 34.034985>
	pigment { color rgbt <0,1,1,0> }
	no_shadow
}
cylinder {
	<24.745586, 35.909672, 33.788857>,  <24.097940, 35.649662, 33.881134>, 0.130000
	pigment { color rgbt <1,0,0,0> }
	no_shadow
}

// nucleotide -1

// particle -1
sphere {
	<24.745586, 35.909672, 33.788857> 0.250000
	pigment { color rgbt <1,0,0,0> }
	no_shadow
}
cylinder {
	<24.757235, 35.511646, 33.750908>,  <24.764223, 35.272831, 33.728138>, 0.100000
	pigment { color rgbt <1,0,0,0> }
	no_shadow
}
cylinder {
	<24.757235, 35.511646, 33.750908>,  <24.745586, 35.909672, 33.788857>, 0.100000
	pigment { color rgbt <1,0,0,0> }
	no_shadow
}

// particle -1
sphere {
	<24.757235, 35.511646, 33.750908> 0.100000
	pigment { color rgbt <1,0,0,0> }
	no_shadow
}
sphere {
	0, 1
	scale<0.080000,0.200000,0.300000>
	matrix <0.280297, 0.099231, -0.954771,
		0.959472, 0.001211, 0.281803,
		0.029120, -0.995064, -0.094870,
		24.765970, 35.213127, 33.722446>
	pigment { color rgbt <0,1,1,0> }
	no_shadow
}
cylinder {
	<25.415257, 35.702675, 33.412930>,  <24.745586, 35.909672, 33.788857>, 0.130000
	pigment { color rgbt <1,0,0,0> }
	no_shadow
}

// nucleotide -1

// particle -1
sphere {
	<25.415257, 35.702675, 33.412930> 0.250000
	pigment { color rgbt <1,0,0,0> }
	no_shadow
}
cylinder {
	<25.179829, 35.387081, 33.342396>,  <25.038572, 35.197727, 33.300076>, 0.100000
	pigment { color rgbt <1,0,0,0> }
	no_shadow
}
cylinder {
	<25.179829, 35.387081, 33.342396>,  <25.415257, 35.702675, 33.412930>, 0.100000
	pigment { color rgbt <1,0,0,0> }
	no_shadow
}

// particle -1
sphere {
	<25.179829, 35.387081, 33.342396> 0.100000
	pigment { color rgbt <1,0,0,0> }
	no_shadow
}
sphere {
	0, 1
	scale<0.080000,0.200000,0.300000>
	matrix <0.334087, -0.038742, -0.941746,
		0.736189, -0.613193, 0.286391,
		-0.588567, -0.788983, -0.176339,
		25.003258, 35.150387, 33.289494>
	pigment { color rgbt <0,1,1,0> }
	no_shadow
}
cylinder {
	<25.748730, 35.241951, 33.016998>,  <25.415257, 35.702675, 33.412930>, 0.130000
	pigment { color rgbt <1,0,0,0> }
	no_shadow
}

// nucleotide -1

// particle -1
sphere {
	<25.748730, 35.241951, 33.016998> 0.250000
	pigment { color rgbt <1,0,0,0> }
	no_shadow
}
cylinder {
	<25.363365, 35.149704, 32.962368>,  <25.132147, 35.094357, 32.929588>, 0.100000
	pigment { color rgbt <1,0,0,0> }
	no_shadow
}
cylinder {
	<25.363365, 35.149704, 32.962368>,  <25.748730, 35.241951, 33.016998>, 0.100000
	pigment { color rgbt <1,0,0,0> }
	no_shadow
}

// particle -1
sphere {
	<25.363365, 35.149704, 32.962368> 0.100000
	pigment { color rgbt <1,0,0,0> }
	no_shadow
}
sphere {
	0, 1
	scale<0.080000,0.200000,0.300000>
	matrix <0.195578, -0.256449, -0.946564,
		0.183267, -0.938643, 0.292170,
		-0.963412, -0.230616, -0.136580,
		25.074341, 35.080521, 32.921394>
	pigment { color rgbt <0,1,1,0> }
	no_shadow
}
cylinder {
	<25.631338, 34.519730, 32.781895>,  <25.748730, 35.241951, 33.016998>, 0.130000
	pigment { color rgbt <1,0,0,0> }
	no_shadow
}

// nucleotide -1

// particle -1
sphere {
	<25.631338, 34.519730, 32.781895> 0.250000
	pigment { color rgbt <1,0,0,0> }
	no_shadow
}
cylinder {
	<25.326656, 34.738758, 32.643349>,  <25.143847, 34.870174, 32.560223>, 0.100000
	pigment { color rgbt <1,0,0,0> }
	no_shadow
}
cylinder {
	<25.326656, 34.738758, 32.643349>,  <25.631338, 34.519730, 32.781895>, 0.100000
	pigment { color rgbt <1,0,0,0> }
	no_shadow
}

// particle -1
sphere {
	<25.326656, 34.738758, 32.643349> 0.100000
	pigment { color rgbt <1,0,0,0> }
	no_shadow
}
sphere {
	0, 1
	scale<0.080000,0.200000,0.300000>
	matrix <0.295977, -0.181481, -0.937797,
		-0.576371, -0.816841, -0.023833,
		-0.761705, 0.547573, -0.346366,
		25.098145, 34.903030, 32.539440>
	pigment { color rgbt <0,1,1,0> }
	no_shadow
}
cylinder {
	<25.381266, 34.121265, 32.235828>,  <25.631338, 34.519730, 32.781895>, 0.130000
	pigment { color rgbt <1,0,0,0> }
	no_shadow
}

// nucleotide -1

// particle -1
sphere {
	<25.381266, 34.121265, 32.235828> 0.250000
	pigment { color rgbt <1,0,0,0> }
	no_shadow
}
cylinder {
	<25.246368, 34.495609, 32.194958>,  <25.165430, 34.720215, 32.170433>, 0.100000
	pigment { color rgbt <1,0,0,0> }
	no_shadow
}
cylinder {
	<25.246368, 34.495609, 32.194958>,  <25.381266, 34.121265, 32.235828>, 0.100000
	pigment { color rgbt <1,0,0,0> }
	no_shadow
}

// particle -1
sphere {
	<25.246368, 34.495609, 32.194958> 0.100000
	pigment { color rgbt <1,0,0,0> }
	no_shadow
}
sphere {
	0, 1
	scale<0.080000,0.200000,0.300000>
	matrix <0.303113, 0.005185, -0.952940,
		-0.891285, -0.352344, -0.285419,
		-0.337243, 0.935856, -0.102179,
		25.145195, 34.776367, 32.164303>
	pigment { color rgbt <0,1,1,0> }
	no_shadow
}
cylinder {
	<24.997749, 34.102768, 31.602072>,  <25.381266, 34.121265, 32.235828>, 0.130000
	pigment { color rgbt <1,0,0,0> }
	no_shadow
}

// nucleotide -1

// particle -1
sphere {
	<24.997749, 34.102768, 31.602072> 0.250000
	pigment { color rgbt <1,0,0,0> }
	no_shadow
}
cylinder {
	<25.103155, 34.485771, 31.648956>,  <25.166399, 34.715572, 31.677088>, 0.100000
	pigment { color rgbt <1,0,0,0> }
	no_shadow
}
cylinder {
	<25.103155, 34.485771, 31.648956>,  <24.997749, 34.102768, 31.602072>, 0.100000
	pigment { color rgbt <1,0,0,0> }
	no_shadow
}

// particle -1
sphere {
	<25.103155, 34.485771, 31.648956> 0.100000
	pigment { color rgbt <1,0,0,0> }
	no_shadow
}
sphere {
	0, 1
	scale<0.080000,0.200000,0.300000>
	matrix <0.180123, 0.070531, -0.981112,
		-0.947689, 0.279651, -0.153884,
		0.263515, 0.957508, 0.117213,
		25.182209, 34.773022, 31.684120>
	pigment { color rgbt <0,1,1,0> }
	no_shadow
}
cylinder {
	<24.532890, 34.417580, 31.168312>,  <24.997749, 34.102768, 31.602072>, 0.130000
	pigment { color rgbt <1,0,0,0> }
	no_shadow
}

// nucleotide -1

// particle -1
sphere {
	<24.532890, 34.417580, 31.168312> 0.250000
	pigment { color rgbt <1,0,0,0> }
	no_shadow
}
cylinder {
	<24.839914, 34.660271, 31.251005>,  <25.024128, 34.805885, 31.300621>, 0.100000
	pigment { color rgbt <1,0,0,0> }
	no_shadow
}
cylinder {
	<24.839914, 34.660271, 31.251005>,  <24.532890, 34.417580, 31.168312>, 0.100000
	pigment { color rgbt <1,0,0,0> }
	no_shadow
}

// particle -1
sphere {
	<24.839914, 34.660271, 31.251005> 0.100000
	pigment { color rgbt <1,0,0,0> }
	no_shadow
}
sphere {
	0, 1
	scale<0.080000,0.200000,0.300000>
	matrix <0.214069, 0.061365, -0.974889,
		-0.604175, 0.792540, -0.082780,
		0.767559, 0.606725, 0.206733,
		25.070183, 34.842289, 31.313025>
	pigment { color rgbt <0,1,1,0> }
	no_shadow
}
cylinder {
	<24.462120, 35.004044, 30.616838>,  <24.532890, 34.417580, 31.168312>, 0.130000
	pigment { color rgbt <1,0,0,0> }
	no_shadow
}

// nucleotide -1

// particle -1
sphere {
	<24.462120, 35.004044, 30.616838> 0.250000
	pigment { color rgbt <1,0,0,0> }
	no_shadow
}
cylinder {
	<24.836111, 35.049580, 30.751219>,  <25.060505, 35.076900, 30.831846>, 0.100000
	pigment { color rgbt <1,0,0,0> }
	no_shadow
}
cylinder {
	<24.836111, 35.049580, 30.751219>,  <24.462120, 35.004044, 30.616838>, 0.100000
	pigment { color rgbt <1,0,0,0> }
	no_shadow
}

// particle -1
sphere {
	<24.836111, 35.049580, 30.751219> 0.100000
	pigment { color rgbt <1,0,0,0> }
	no_shadow
}
sphere {
	0, 1
	scale<0.080000,0.200000,0.300000>
	matrix <0.314693, 0.170822, -0.933696,
		-0.163676, 0.978704, 0.123891,
		0.934975, 0.113836, 0.335951,
		25.116604, 35.083729, 30.852003>
	pigment { color rgbt <0,1,1,0> }
	no_shadow
}
cylinder {
	<24.880482, 35.407963, 30.105312>,  <24.462120, 35.004044, 30.616838>, 0.130000
	pigment { color rgbt <1,0,0,0> }
	no_shadow
}

// nucleotide -1

// particle -1
sphere {
	<24.880482, 35.407963, 30.105312> 0.250000
	pigment { color rgbt <1,0,0,0> }
	no_shadow
}
cylinder {
	<25.151773, 35.194958, 30.307871>,  <25.314548, 35.067154, 30.429405>, 0.100000
	pigment { color rgbt <1,0,0,0> }
	no_shadow
}
cylinder {
	<25.151773, 35.194958, 30.307871>,  <24.880482, 35.407963, 30.105312>, 0.100000
	pigment { color rgbt <1,0,0,0> }
	no_shadow
}

// particle -1
sphere {
	<25.151773, 35.194958, 30.307871> 0.100000
	pigment { color rgbt <1,0,0,0> }
	no_shadow
}
sphere {
	0, 1
	scale<0.080000,0.200000,0.300000>
	matrix <0.474853, -0.208324, -0.855053,
		0.560819, 0.820387, 0.111572,
		0.678231, -0.532510, 0.506395,
		25.355244, 35.035206, 30.459789>
	pigment { color rgbt <0,1,1,0> }
	no_shadow
}
cylinder {
	<25.410419, 35.576809, 29.800653>,  <24.880482, 35.407963, 30.105312>, 0.130000
	pigment { color rgbt <1,0,0,0> }
	no_shadow
}

// nucleotide -1

// particle -1
sphere {
	<25.410419, 35.576809, 29.800653> 0.250000
	pigment { color rgbt <1,0,0,0> }
	no_shadow
}
cylinder {
	<25.525778, 35.229717, 29.962582>,  <25.594994, 35.021461, 30.059738>, 0.100000
	pigment { color rgbt <1,0,0,0> }
	no_shadow
}
cylinder {
	<25.525778, 35.229717, 29.962582>,  <25.410419, 35.576809, 29.800653>, 0.100000
	pigment { color rgbt <1,0,0,0> }
	no_shadow
}

// particle -1
sphere {
	<25.525778, 35.229717, 29.962582> 0.100000
	pigment { color rgbt <1,0,0,0> }
	no_shadow
}
sphere {
	0, 1
	scale<0.080000,0.200000,0.300000>
	matrix <0.425358, -0.262674, -0.866068,
		0.857845, 0.421963, 0.293340,
		0.288396, -0.867727, 0.404819,
		25.612297, 34.969398, 30.084028>
	pigment { color rgbt <0,1,1,0> }
	no_shadow
}
cylinder {
	<26.181726, 35.460331, 29.662592>,  <25.410419, 35.576809, 29.800653>, 0.130000
	pigment { color rgbt <1,0,0,0> }
	no_shadow
}

// nucleotide -1

// particle -1
sphere {
	<26.181726, 35.460331, 29.662592> 0.250000
	pigment { color rgbt <1,0,0,0> }
	no_shadow
}
cylinder {
	<26.033516, 35.104004, 29.767775>,  <25.944590, 34.890205, 29.830883>, 0.100000
	pigment { color rgbt <1,0,0,0> }
	no_shadow
}
cylinder {
	<26.033516, 35.104004, 29.767775>,  <26.181726, 35.460331, 29.662592>, 0.100000
	pigment { color rgbt <1,0,0,0> }
	no_shadow
}

// particle -1
sphere {
	<26.033516, 35.104004, 29.767775> 0.100000
	pigment { color rgbt <1,0,0,0> }
	no_shadow
}
sphere {
	0, 1
	scale<0.080000,0.200000,0.300000>
	matrix <0.367944, -0.400721, -0.839071,
		0.852835, -0.214145, 0.476250,
		-0.370527, -0.890822, 0.262955,
		25.922358, 34.836758, 29.846661>
	pigment { color rgbt <0,1,1,0> }
	no_shadow
}
cylinder {
	<26.699928, 34.968559, 29.588003>,  <26.181726, 35.460331, 29.662592>, 0.130000
	pigment { color rgbt <1,0,0,0> }
	no_shadow
}

// nucleotide -1

// particle -1
sphere {
	<26.699928, 34.968559, 29.588003> 0.250000
	pigment { color rgbt <1,0,0,0> }
	no_shadow
}
cylinder {
	<26.357798, 34.761597, 29.577379>,  <26.152519, 34.637417, 29.571005>, 0.100000
	pigment { color rgbt <1,0,0,0> }
	no_shadow
}
cylinder {
	<26.357798, 34.761597, 29.577379>,  <26.699928, 34.968559, 29.588003>, 0.100000
	pigment { color rgbt <1,0,0,0> }
	no_shadow
}

// particle -1
sphere {
	<26.357798, 34.761597, 29.577379> 0.100000
	pigment { color rgbt <1,0,0,0> }
	no_shadow
}
sphere {
	0, 1
	scale<0.080000,0.200000,0.300000>
	matrix <0.273305, -0.407062, -0.871553,
		0.440138, -0.752721, 0.489581,
		-0.855326, -0.517409, -0.026559,
		26.101200, 34.606373, 29.569412>
	pigment { color rgbt <0,1,1,0> }
	no_shadow
}
cylinder {
	<26.931324, 34.392944, 29.261566>,  <26.699928, 34.968559, 29.588003>, 0.130000
	pigment { color rgbt <1,0,0,0> }
	no_shadow
}

// nucleotide -1

// particle -1
sphere {
	<26.931324, 34.392944, 29.261566> 0.250000
	pigment { color rgbt <1,0,0,0> }
	no_shadow
}
cylinder {
	<26.541016, 34.305489, 29.264769>,  <26.306829, 34.253014, 29.266691>, 0.100000
	pigment { color rgbt <1,0,0,0> }
	no_shadow
}
cylinder {
	<26.541016, 34.305489, 29.264769>,  <26.931324, 34.392944, 29.261566>, 0.100000
	pigment { color rgbt <1,0,0,0> }
	no_shadow
}

// particle -1
sphere {
	<26.541016, 34.305489, 29.264769> 0.100000
	pigment { color rgbt <1,0,0,0> }
	no_shadow
}
sphere {
	0, 1
	scale<0.080000,0.200000,0.300000>
	matrix <0.130293, -0.610108, -0.781532,
		0.175759, -0.761554, 0.623814,
		-0.975773, -0.218640, 0.008007,
		26.248283, 34.239895, 29.267170>
	pigment { color rgbt <0,1,1,0> }
	no_shadow
}
cylinder {
	<26.779284, 33.600090, 29.329388>,  <26.931324, 34.392944, 29.261566>, 0.130000
	pigment { color rgbt <1,0,0,0> }
	no_shadow
}

// nucleotide -1

// particle -1
sphere {
	<26.779284, 33.600090, 29.329388> 0.250000
	pigment { color rgbt <1,0,0,0> }
	no_shadow
}
cylinder {
	<26.451223, 33.750580, 29.156965>,  <26.254387, 33.840874, 29.053511>, 0.100000
	pigment { color rgbt <1,0,0,0> }
	no_shadow
}
cylinder {
	<26.451223, 33.750580, 29.156965>,  <26.779284, 33.600090, 29.329388>, 0.100000
	pigment { color rgbt <1,0,0,0> }
	no_shadow
}

// particle -1
sphere {
	<26.451223, 33.750580, 29.156965> 0.100000
	pigment { color rgbt <1,0,0,0> }
	no_shadow
}
sphere {
	0, 1
	scale<0.080000,0.200000,0.300000>
	matrix <0.219591, -0.488719, -0.844354,
		-0.528332, -0.787153, 0.318207,
		-0.820149, 0.376224, -0.431058,
		26.205179, 33.863445, 29.027647>
	pigment { color rgbt <0,1,1,0> }
	no_shadow
}
cylinder {
	<26.335333, 33.067055, 29.055792>,  <26.779284, 33.600090, 29.329388>, 0.130000
	pigment { color rgbt <1,0,0,0> }
	no_shadow
}

// nucleotide -1

// particle -1
sphere {
	<26.335333, 33.067055, 29.055792> 0.250000
	pigment { color rgbt <1,0,0,0> }
	no_shadow
}
cylinder {
	<26.202326, 33.374233, 28.836819>,  <26.122520, 33.558540, 28.705435>, 0.100000
	pigment { color rgbt <1,0,0,0> }
	no_shadow
}
cylinder {
	<26.202326, 33.374233, 28.836819>,  <26.335333, 33.067055, 29.055792>, 0.100000
	pigment { color rgbt <1,0,0,0> }
	no_shadow
}

// particle -1
sphere {
	<26.202326, 33.374233, 28.836819> 0.100000
	pigment { color rgbt <1,0,0,0> }
	no_shadow
}
sphere {
	0, 1
	scale<0.080000,0.200000,0.300000>
	matrix <0.160427, -0.525946, -0.835251,
		-0.929352, -0.365560, 0.051686,
		-0.332518, 0.767951, -0.547434,
		26.102570, 33.604618, 28.672588>
	pigment { color rgbt <0,1,1,0> }
	no_shadow
}
cylinder {
	<25.791405, 32.730682, 28.631130>,  <26.335333, 33.067055, 29.055792>, 0.130000
	pigment { color rgbt <1,0,0,0> }
	no_shadow
}

// nucleotide -1

// particle -1
sphere {
	<25.791405, 32.730682, 28.631130> 0.250000
	pigment { color rgbt <1,0,0,0> }
	no_shadow
}
cylinder {
	<25.951883, 33.058651, 28.467781>,  <26.048170, 33.255432, 28.369772>, 0.100000
	pigment { color rgbt <1,0,0,0> }
	no_shadow
}
cylinder {
	<25.951883, 33.058651, 28.467781>,  <25.791405, 32.730682, 28.631130>, 0.100000
	pigment { color rgbt <1,0,0,0> }
	no_shadow
}

// particle -1
sphere {
	<25.951883, 33.058651, 28.467781> 0.100000
	pigment { color rgbt <1,0,0,0> }
	no_shadow
}
sphere {
	0, 1
	scale<0.080000,0.200000,0.300000>
	matrix <0.177259, -0.506895, -0.843585,
		-0.898677, 0.266055, -0.348703,
		0.401196, 0.819922, -0.408375,
		26.072243, 33.304626, 28.345268>
	pigment { color rgbt <0,1,1,0> }
	no_shadow
}
cylinder {
	<25.511370, 32.728539, 27.965092>,  <25.791405, 32.730682, 28.631130>, 0.130000
	pigment { color rgbt <1,0,0,0> }
	no_shadow
}

// nucleotide -1

// particle -1
sphere {
	<25.511370, 32.728539, 27.965092> 0.250000
	pigment { color rgbt <1,0,0,0> }
	no_shadow
}
cylinder {
	<25.844557, 32.948132, 27.937422>,  <26.044470, 33.079887, 27.920820>, 0.100000
	pigment { color rgbt <1,0,0,0> }
	no_shadow
}
cylinder {
	<25.844557, 32.948132, 27.937422>,  <25.511370, 32.728539, 27.965092>, 0.100000
	pigment { color rgbt <1,0,0,0> }
	no_shadow
}

// particle -1
sphere {
	<25.844557, 32.948132, 27.937422> 0.100000
	pigment { color rgbt <1,0,0,0> }
	no_shadow
}
sphere {
	0, 1
	scale<0.080000,0.200000,0.300000>
	matrix <0.330231, -0.593545, -0.733929,
		-0.443971, 0.588496, -0.675694,
		0.832969, 0.548979, -0.069177,
		26.094448, 33.112823, 27.916668>
	pigment { color rgbt <0,1,1,0> }
	no_shadow
}
cylinder {
	<25.703396, 32.652622, 27.357042>,  <25.511370, 32.728539, 27.965092>, 0.130000
	pigment { color rgbt <1,0,0,0> }
	no_shadow
}

// nucleotide -1

// particle -1
sphere {
	<25.703396, 32.652622, 27.357042> 0.250000
	pigment { color rgbt <1,0,0,0> }
	no_shadow
}
cylinder {
	<26.044760, 32.812256, 27.491159>,  <26.249578, 32.908035, 27.571630>, 0.100000
	pigment { color rgbt <1,0,0,0> }
	no_shadow
}
cylinder {
	<26.044760, 32.812256, 27.491159>,  <25.703396, 32.652622, 27.357042>, 0.100000
	pigment { color rgbt <1,0,0,0> }
	no_shadow
}

// particle -1
sphere {
	<26.044760, 32.812256, 27.491159> 0.100000
	pigment { color rgbt <1,0,0,0> }
	no_shadow
}
sphere {
	0, 1
	scale<0.080000,0.200000,0.300000>
	matrix <0.507843, -0.491725, -0.707321,
		-0.117408, 0.773912, -0.622315,
		0.853412, 0.399083, 0.335293,
		26.300783, 32.931980, 27.591747>
	pigment { color rgbt <0,1,1,0> }
	no_shadow
}
cylinder {
	<26.065880, 32.993378, 26.779663>,  <25.703396, 32.652622, 27.357042>, 0.130000
	pigment { color rgbt <1,0,0,0> }
	no_shadow
}

// nucleotide -1

// particle -1
sphere {
	<26.065880, 32.993378, 26.779663> 0.250000
	pigment { color rgbt <1,0,0,0> }
	no_shadow
}
cylinder {
	<26.364658, 32.922871, 27.036098>,  <26.543926, 32.880566, 27.189960>, 0.100000
	pigment { color rgbt <1,0,0,0> }
	no_shadow
}
cylinder {
	<26.364658, 32.922871, 27.036098>,  <26.065880, 32.993378, 26.779663>, 0.100000
	pigment { color rgbt <1,0,0,0> }
	no_shadow
}

// particle -1
sphere {
	<26.364658, 32.922871, 27.036098> 0.100000
	pigment { color rgbt <1,0,0,0> }
	no_shadow
}
sphere {
	0, 1
	scale<0.080000,0.200000,0.300000>
	matrix <0.495723, -0.494926, -0.713658,
		0.443088, 0.850869, -0.282303,
		0.746948, -0.176269, 0.641091,
		26.588743, 32.869991, 27.228426>
	pigment { color rgbt <0,1,1,0> }
	no_shadow
}
cylinder {
	<26.786642, 33.213871, 26.467058>,  <26.065880, 32.993378, 26.779663>, 0.130000
	pigment { color rgbt <1,0,0,0> }
	no_shadow
}

// nucleotide -1

// particle -1
sphere {
	<26.786642, 33.213871, 26.467058> 0.250000
	pigment { color rgbt <1,0,0,0> }
	no_shadow
}
cylinder {
	<26.871349, 32.961052, 26.765230>,  <26.922174, 32.809361, 26.944134>, 0.100000
	pigment { color rgbt <1,0,0,0> }
	no_shadow
}
cylinder {
	<26.871349, 32.961052, 26.765230>,  <26.786642, 33.213871, 26.467058>, 0.100000
	pigment { color rgbt <1,0,0,0> }
	no_shadow
}

// particle -1
sphere {
	<26.871349, 32.961052, 26.765230> 0.100000
	pigment { color rgbt <1,0,0,0> }
	no_shadow
}
sphere {
	0, 1
	scale<0.080000,0.200000,0.300000>
	matrix <0.656898, -0.472690, -0.587409,
		0.723629, 0.614067, 0.315091,
		0.211768, -0.632049, 0.745432,
		26.934879, 32.771439, 26.988859>
	pigment { color rgbt <0,1,1,0> }
	no_shadow
}
cylinder {
	<27.377352, 33.211040, 26.586168>,  <26.786642, 33.213871, 26.467058>, 0.130000
	pigment { color rgbt <1,0,0,0> }
	no_shadow
}

// nucleotide -1

// particle -1
sphere {
	<27.377352, 33.211040, 26.586168> 0.250000
	pigment { color rgbt <1,0,0,0> }
	no_shadow
}
cylinder {
	<27.314047, 32.856979, 26.761190>,  <27.276064, 32.644543, 26.866203>, 0.100000
	pigment { color rgbt <1,0,0,0> }
	no_shadow
}
cylinder {
	<27.314047, 32.856979, 26.761190>,  <27.377352, 33.211040, 26.586168>, 0.100000
	pigment { color rgbt <1,0,0,0> }
	no_shadow
}

// particle -1
sphere {
	<27.314047, 32.856979, 26.761190> 0.100000
	pigment { color rgbt <1,0,0,0> }
	no_shadow
}
sphere {
	0, 1
	scale<0.080000,0.200000,0.300000>
	matrix <0.876845, -0.329733, -0.349884,
		0.453978, 0.328294, 0.828328,
		-0.158262, -0.885155, 0.437555,
		27.266569, 32.591434, 26.892456>
	pigment { color rgbt <0,1,1,0> }
	no_shadow
}
cylinder {
	<28.062450, 33.052536, 26.829956>,  <27.377352, 33.211040, 26.586168>, 0.130000
	pigment { color rgbt <1,0,0,0> }
	no_shadow
}

// nucleotide -1

// particle -1
sphere {
	<28.062450, 33.052536, 26.829956> 0.250000
	pigment { color rgbt <1,0,0,0> }
	no_shadow
}
cylinder {
	<27.843977, 32.717640, 26.840605>,  <27.712893, 32.516701, 26.846994>, 0.100000
	pigment { color rgbt <1,0,0,0> }
	no_shadow
}
cylinder {
	<27.843977, 32.717640, 26.840605>,  <28.062450, 33.052536, 26.829956>, 0.100000
	pigment { color rgbt <1,0,0,0> }
	no_shadow
}

// particle -1
sphere {
	<27.843977, 32.717640, 26.840605> 0.100000
	pigment { color rgbt <1,0,0,0> }
	no_shadow
}
sphere {
	0, 1
	scale<0.080000,0.200000,0.300000>
	matrix <0.789591, -0.525189, -0.317370,
		0.279697, -0.152322, 0.947928,
		-0.546183, -0.837243, 0.026621,
		27.680122, 32.466469, 26.848591>
	pigment { color rgbt <0,1,1,0> }
	no_shadow
}
cylinder {
	<28.209154, 33.255589, 26.153059>,  <28.062450, 33.052536, 26.829956>, 0.130000
	pigment { color rgbt <1,0,0,0> }
	no_shadow
}

// nucleotide -1

// particle -1
sphere {
	<28.209154, 33.255589, 26.153059> 0.250000
	pigment { color rgbt <1,0,0,0> }
	no_shadow
}
cylinder {
	<28.542994, 33.035343, 26.159592>,  <28.743298, 32.903194, 26.163511>, 0.100000
	pigment { color rgbt <1,0,0,0> }
	no_shadow
}
cylinder {
	<28.542994, 33.035343, 26.159592>,  <28.209154, 33.255589, 26.153059>, 0.100000
	pigment { color rgbt <1,0,0,0> }
	no_shadow
}

// particle -1
sphere {
	<28.542994, 33.035343, 26.159592> 0.100000
	pigment { color rgbt <1,0,0,0> }
	no_shadow
}
sphere {
	0, 1
	scale<0.080000,0.200000,0.300000>
	matrix <0.035604, 0.024335, -0.999070,
		0.549704, 0.834405, 0.039914,
		0.834600, -0.550614, 0.016331,
		28.793373, 32.870159, 26.164492>
	pigment { color rgbt <0,1,1,0> }
	no_shadow
}
cylinder {
	<28.679546, 33.499336, 25.742191>,  <28.209154, 33.255589, 26.153059>, 0.130000
	pigment { color rgbt <1,0,0,0> }
	no_shadow
}

// nucleotide -1

// particle -1
sphere {
	<28.679546, 33.499336, 25.742191> 0.250000
	pigment { color rgbt <1,0,0,0> }
	no_shadow
}
cylinder {
	<28.732689, 33.103123, 25.756023>,  <28.764574, 32.865395, 25.764322>, 0.100000
	pigment { color rgbt <1,0,0,0> }
	no_shadow
}
cylinder {
	<28.732689, 33.103123, 25.756023>,  <28.679546, 33.499336, 25.742191>, 0.100000
	pigment { color rgbt <1,0,0,0> }
	no_shadow
}

// particle -1
sphere {
	<28.732689, 33.103123, 25.756023> 0.100000
	pigment { color rgbt <1,0,0,0> }
	no_shadow
}
sphere {
	0, 1
	scale<0.080000,0.200000,0.300000>
	matrix <-0.120554, -0.050781, -0.991407,
		0.983776, 0.127546, -0.126159,
		0.132857, -0.990532, 0.034581,
		28.772547, 32.805962, 25.766397>
	pigment { color rgbt <0,1,1,0> }
	no_shadow
}
cylinder {
	<29.250652, 33.230339, 25.242704>,  <28.679546, 33.499336, 25.742191>, 0.130000
	pigment { color rgbt <1,0,0,0> }
	no_shadow
}

// nucleotide -1

// particle -1
sphere {
	<29.250652, 33.230339, 25.242704> 0.250000
	pigment { color rgbt <1,0,0,0> }
	no_shadow
}
cylinder {
	<28.982828, 32.941093, 25.310577>,  <28.822134, 32.767544, 25.351301>, 0.100000
	pigment { color rgbt <1,0,0,0> }
	no_shadow
}
cylinder {
	<28.982828, 32.941093, 25.310577>,  <29.250652, 33.230339, 25.242704>, 0.100000
	pigment { color rgbt <1,0,0,0> }
	no_shadow
}

// particle -1
sphere {
	<28.982828, 32.941093, 25.310577> 0.100000
	pigment { color rgbt <1,0,0,0> }
	no_shadow
}
sphere {
	0, 1
	scale<0.080000,0.200000,0.300000>
	matrix <-0.027984, -0.203727, -0.978627,
		0.742230, -0.659998, 0.116172,
		-0.669560, -0.723116, 0.169682,
		28.781960, 32.724159, 25.361483>
	pigment { color rgbt <0,1,1,0> }
	no_shadow
}
cylinder {
	<29.828316, 32.689087, 24.989857>,  <29.250652, 33.230339, 25.242704>, 0.130000
	pigment { color rgbt <1,0,0,0> }
	no_shadow
}

// nucleotide -1

// particle -1
sphere {
	<29.828316, 32.689087, 24.989857> 0.250000
	pigment { color rgbt <1,0,0,0> }
	no_shadow
}
cylinder {
	<30.011358, 33.038113, 25.058247>,  <30.121183, 33.247528, 25.099281>, 0.100000
	pigment { color rgbt <1,0,0,0> }
	no_shadow
}
cylinder {
	<30.011358, 33.038113, 25.058247>,  <29.828316, 32.689087, 24.989857>, 0.100000
	pigment { color rgbt <1,0,0,0> }
	no_shadow
}

// particle -1
sphere {
	<30.011358, 33.038113, 25.058247> 0.100000
	pigment { color rgbt <1,0,0,0> }
	no_shadow
}
sphere {
	0, 1
	scale<0.080000,0.200000,0.300000>
	matrix <-0.440781, 0.055616, 0.895890,
		0.772211, -0.485327, 0.410059,
		0.457605, 0.872562, 0.170975,
		30.148640, 33.299881, 25.109539>
	pigment { color rgbt <0,1,1,0> }
	no_shadow
}
cylinder {
	<30.232874, 32.580845, 25.677071>,  <29.828316, 32.689087, 24.989857>, 0.130000
	pigment { color rgbt <1,0,0,0> }
	no_shadow
}

// nucleotide -1

// particle -1
sphere {
	<30.232874, 32.580845, 25.677071> 0.250000
	pigment { color rgbt <1,0,0,0> }
	no_shadow
}
cylinder {
	<30.039673, 32.902660, 25.538837>,  <29.923752, 33.095749, 25.455896>, 0.100000
	pigment { color rgbt <1,0,0,0> }
	no_shadow
}
cylinder {
	<30.039673, 32.902660, 25.538837>,  <30.232874, 32.580845, 25.677071>, 0.100000
	pigment { color rgbt <1,0,0,0> }
	no_shadow
}

// particle -1
sphere {
	<30.039673, 32.902660, 25.538837> 0.100000
	pigment { color rgbt <1,0,0,0> }
	no_shadow
}
sphere {
	0, 1
	scale<0.080000,0.200000,0.300000>
	matrix <-0.669885, -0.085357, 0.737542,
		0.563882, 0.587737, 0.580175,
		-0.483003, 0.804537, -0.345585,
		29.894772, 33.144020, 25.435162>
	pigment { color rgbt <0,1,1,0> }
	no_shadow
}
cylinder {
	<30.265646, 33.233242, 26.000626>,  <30.232874, 32.580845, 25.677071>, 0.130000
	pigment { color rgbt <1,0,0,0> }
	no_shadow
}

// nucleotide -1

// particle -1
sphere {
	<30.265646, 33.233242, 26.000626> 0.250000
	pigment { color rgbt <1,0,0,0> }
	no_shadow
}
cylinder {
	<30.615770, 33.281353, 26.187971>,  <30.825844, 33.310219, 26.300379>, 0.100000
	pigment { color rgbt <1,0,0,0> }
	no_shadow
}
cylinder {
	<30.615770, 33.281353, 26.187971>,  <30.265646, 33.233242, 26.000626>, 0.100000
	pigment { color rgbt <1,0,0,0> }
	no_shadow
}

// particle -1
sphere {
	<30.615770, 33.281353, 26.187971> 0.100000
	pigment { color rgbt <1,0,0,0> }
	no_shadow
}
sphere {
	0, 1
	scale<0.080000,0.200000,0.300000>
	matrix <-0.483441, 0.195880, 0.853180,
		0.010876, -0.973223, 0.229604,
		0.875309, 0.120279, 0.468366,
		30.878363, 33.317436, 26.328482>
	pigment { color rgbt <0,1,1,0> }
	no_shadow
}
cylinder {
	<30.323576, 32.805660, 26.613941>,  <30.265646, 33.233242, 26.000626>, 0.130000
	pigment { color rgbt <1,0,0,0> }
	no_shadow
}

// nucleotide -1

// particle -1
sphere {
	<30.323576, 32.805660, 26.613941> 0.250000
	pigment { color rgbt <1,0,0,0> }
	no_shadow
}
cylinder {
	<30.534611, 33.139366, 26.678005>,  <30.661232, 33.339588, 26.716444>, 0.100000
	pigment { color rgbt <1,0,0,0> }
	no_shadow
}
cylinder {
	<30.534611, 33.139366, 26.678005>,  <30.323576, 32.805660, 26.613941>, 0.100000
	pigment { color rgbt <1,0,0,0> }
	no_shadow
}

// particle -1
sphere {
	<30.534611, 33.139366, 26.678005> 0.100000
	pigment { color rgbt <1,0,0,0> }
	no_shadow
}
sphere {
	0, 1
	scale<0.080000,0.200000,0.300000>
	matrix <-0.640131, 0.266482, 0.720569,
		0.558466, -0.482686, 0.674633,
		0.527586, 0.834267, 0.160161,
		30.692886, 33.389645, 26.726053>
	pigment { color rgbt <0,1,1,0> }
	no_shadow
}
cylinder {
	<30.699017, 32.965153, 27.272453>,  <30.323576, 32.805660, 26.613941>, 0.130000
	pigment { color rgbt <1,0,0,0> }
	no_shadow
}

// nucleotide -1

// particle -1
sphere {
	<30.699017, 32.965153, 27.272453> 0.250000
	pigment { color rgbt <1,0,0,0> }
	no_shadow
}
cylinder {
	<30.564556, 33.310524, 27.121994>,  <30.483879, 33.517746, 27.031717>, 0.100000
	pigment { color rgbt <1,0,0,0> }
	no_shadow
}
cylinder {
	<30.564556, 33.310524, 27.121994>,  <30.699017, 32.965153, 27.272453>, 0.100000
	pigment { color rgbt <1,0,0,0> }
	no_shadow
}

// particle -1
sphere {
	<30.564556, 33.310524, 27.121994> 0.100000
	pigment { color rgbt <1,0,0,0> }
	no_shadow
}
sphere {
	0, 1
	scale<0.080000,0.200000,0.300000>
	matrix <-0.670062, 0.061405, 0.739761,
		0.661830, 0.500715, 0.557911,
		-0.336151, 0.863431, -0.376150,
		30.463711, 33.569553, 27.009150>
	pigment { color rgbt <0,1,1,0> }
	no_shadow
}
cylinder {
	<30.735903, 33.431881, 27.844847>,  <30.699017, 32.965153, 27.272453>, 0.130000
	pigment { color rgbt <1,0,0,0> }
	no_shadow
}

// nucleotide -1

// particle -1
sphere {
	<30.735903, 33.431881, 27.844847> 0.250000
	pigment { color rgbt <1,0,0,0> }
	no_shadow
}
cylinder {
	<30.440771, 33.507542, 27.585669>,  <30.263693, 33.552937, 27.430162>, 0.100000
	pigment { color rgbt <1,0,0,0> }
	no_shadow
}
cylinder {
	<30.440771, 33.507542, 27.585669>,  <30.735903, 33.431881, 27.844847>, 0.100000
	pigment { color rgbt <1,0,0,0> }
	no_shadow
}

// particle -1
sphere {
	<30.440771, 33.507542, 27.585669> 0.100000
	pigment { color rgbt <1,0,0,0> }
	no_shadow
}
sphere {
	0, 1
	scale<0.080000,0.200000,0.300000>
	matrix <-0.626193, 0.166538, 0.761674,
		0.251977, 0.967723, -0.004433,
		-0.737828, 0.189148, -0.647946,
		30.219423, 33.564285, 27.391285>
	pigment { color rgbt <0,1,1,0> }
	no_shadow
}
cylinder {
	<30.470758, 34.086132, 27.980764>,  <30.735903, 33.431881, 27.844847>, 0.130000
	pigment { color rgbt <1,0,0,0> }
	no_shadow
}

// nucleotide -1

// particle -1
sphere {
	<30.470758, 34.086132, 27.980764> 0.250000
	pigment { color rgbt <1,0,0,0> }
	no_shadow
}
cylinder {
	<30.182940, 33.852173, 27.831018>,  <30.010248, 33.711800, 27.741171>, 0.100000
	pigment { color rgbt <1,0,0,0> }
	no_shadow
}
cylinder {
	<30.182940, 33.852173, 27.831018>,  <30.470758, 34.086132, 27.980764>, 0.100000
	pigment { color rgbt <1,0,0,0> }
	no_shadow
}

// particle -1
sphere {
	<30.182940, 33.852173, 27.831018> 0.100000
	pigment { color rgbt <1,0,0,0> }
	no_shadow
}
sphere {
	0, 1
	scale<0.080000,0.200000,0.300000>
	matrix <-0.569897, 0.189300, 0.799614,
		-0.396822, 0.788710, -0.469540,
		-0.719548, -0.584894, -0.374365,
		29.967075, 33.676704, 27.718708>
	pigment { color rgbt <0,1,1,0> }
	no_shadow
}
cylinder {
	<29.959803, 34.621925, 27.918432>,  <30.470758, 34.086132, 27.980764>, 0.130000
	pigment { color rgbt <1,0,0,0> }
	no_shadow
}

// nucleotide -1

// particle -1
sphere {
	<29.959803, 34.621925, 27.918432> 0.250000
	pigment { color rgbt <1,0,0,0> }
	no_shadow
}
cylinder {
	<29.833532, 34.250214, 27.995157>,  <29.757771, 34.027187, 28.041193>, 0.100000
	pigment { color rgbt <1,0,0,0> }
	no_shadow
}
cylinder {
	<29.833532, 34.250214, 27.995157>,  <29.959803, 34.621925, 27.918432>, 0.100000
	pigment { color rgbt <1,0,0,0> }
	no_shadow
}

// particle -1
sphere {
	<29.833532, 34.250214, 27.995157> 0.100000
	pigment { color rgbt <1,0,0,0> }
	no_shadow
}
sphere {
	0, 1
	scale<0.080000,0.200000,0.300000>
	matrix <-0.437435, 0.321910, 0.839657,
		-0.842021, 0.181152, -0.508118,
		-0.315674, -0.929278, 0.191813,
		29.738831, 33.971432, 28.052702>
	pigment { color rgbt <0,1,1,0> }
	no_shadow
}
cylinder {
	<29.235723, 34.726677, 28.238918>,  <29.959803, 34.621925, 27.918432>, 0.130000
	pigment { color rgbt <1,0,0,0> }
	no_shadow
}

// nucleotide -1

// particle -1
sphere {
	<29.235723, 34.726677, 28.238918> 0.250000
	pigment { color rgbt <1,0,0,0> }
	no_shadow
}
cylinder {
	<29.343019, 34.346233, 28.300158>,  <29.407396, 34.117966, 28.336901>, 0.100000
	pigment { color rgbt <1,0,0,0> }
	no_shadow
}
cylinder {
	<29.343019, 34.346233, 28.300158>,  <29.235723, 34.726677, 28.238918>, 0.100000
	pigment { color rgbt <1,0,0,0> }
	no_shadow
}

// particle -1
sphere {
	<29.343019, 34.346233, 28.300158> 0.100000
	pigment { color rgbt <1,0,0,0> }
	no_shadow
}
sphere {
	0, 1
	scale<0.080000,0.200000,0.300000>
	matrix <-0.613839, -0.046266, 0.788074,
		-0.742462, -0.305368, -0.596239,
		0.268238, -0.951110, 0.153096,
		29.423491, 34.060902, 28.346087>
	pigment { color rgbt <0,1,1,0> }
	no_shadow
}
cylinder {
	<28.587368, 34.286949, 28.271160>,  <29.235723, 34.726677, 28.238918>, 0.130000
	pigment { color rgbt <1,0,0,0> }
	no_shadow
}

// nucleotide -1

// particle -1
sphere {
	<28.587368, 34.286949, 28.271160> 0.250000
	pigment { color rgbt <1,0,0,0> }
	no_shadow
}
cylinder {
	<28.886497, 34.106228, 28.465740>,  <29.065975, 33.997795, 28.582489>, 0.100000
	pigment { color rgbt <1,0,0,0> }
	no_shadow
}
cylinder {
	<28.886497, 34.106228, 28.465740>,  <28.587368, 34.286949, 28.271160>, 0.100000
	pigment { color rgbt <1,0,0,0> }
	no_shadow
}

// particle -1
sphere {
	<28.886497, 34.106228, 28.465740> 0.100000
	pigment { color rgbt <1,0,0,0> }
	no_shadow
}
sphere {
	0, 1
	scale<0.080000,0.200000,0.300000>
	matrix <-0.530180, 0.034592, 0.847179,
		-0.399586, -0.891446, -0.213669,
		0.747823, -0.451804, 0.486449,
		29.110846, 33.970688, 28.611675>
	pigment { color rgbt <0,1,1,0> }
	no_shadow
}
cylinder {
	<28.229322, 33.760155, 28.699364>,  <28.587368, 34.286949, 28.271160>, 0.130000
	pigment { color rgbt <1,0,0,0> }
	no_shadow
}

// nucleotide -1

// particle -1
sphere {
	<28.229322, 33.760155, 28.699364> 0.250000
	pigment { color rgbt <1,0,0,0> }
	no_shadow
}
cylinder {
	<28.581770, 33.870171, 28.853235>,  <28.793240, 33.936180, 28.945559>, 0.100000
	pigment { color rgbt <1,0,0,0> }
	no_shadow
}
cylinder {
	<28.581770, 33.870171, 28.853235>,  <28.229322, 33.760155, 28.699364>, 0.100000
	pigment { color rgbt <1,0,0,0> }
	no_shadow
}

// particle -1
sphere {
	<28.581770, 33.870171, 28.853235> 0.100000
	pigment { color rgbt <1,0,0,0> }
	no_shadow
}
sphere {
	0, 1
	scale<0.080000,0.200000,0.300000>
	matrix <-0.397967, -0.008126, 0.917364,
		0.255438, -0.961398, 0.102297,
		0.881121, 0.275040, 0.384681,
		28.846106, 33.952682, 28.968639>
	pigment { color rgbt <0,1,1,0> }
	no_shadow
}
cylinder {
	<28.251740, 33.367706, 29.332569>,  <28.229322, 33.760155, 28.699364>, 0.130000
	pigment { color rgbt <1,0,0,0> }
	no_shadow
}

// nucleotide -1

// particle -1
sphere {
	<28.251740, 33.367706, 29.332569> 0.250000
	pigment { color rgbt <1,0,0,0> }
	no_shadow
}
cylinder {
	<28.508766, 33.671730, 29.371372>,  <28.662983, 33.854145, 29.394653>, 0.100000
	pigment { color rgbt <1,0,0,0> }
	no_shadow
}
cylinder {
	<28.508766, 33.671730, 29.371372>,  <28.251740, 33.367706, 29.332569>, 0.100000
	pigment { color rgbt <1,0,0,0> }
	no_shadow
}

// particle -1
sphere {
	<28.508766, 33.671730, 29.371372> 0.100000
	pigment { color rgbt <1,0,0,0> }
	no_shadow
}
sphere {
	0, 1
	scale<0.080000,0.200000,0.300000>
	matrix <-0.224467, 0.065679, 0.972266,
		0.732612, -0.646521, 0.212813,
		0.642568, 0.760064, 0.097005,
		28.701536, 33.899750, 29.400475>
	pigment { color rgbt <0,1,1,0> }
	no_shadow
}
cylinder {
	<28.342625, 33.363560, 30.013317>,  <28.251740, 33.367706, 29.332569>, 0.130000
	pigment { color rgbt <1,0,0,0> }
	no_shadow
}

// nucleotide -1

// particle -1
sphere {
	<28.342625, 33.363560, 30.013317> 0.250000
	pigment { color rgbt <1,0,0,0> }
	no_shadow
}
cylinder {
	<28.557022, 33.694366, 29.945490>,  <28.685661, 33.892849, 29.904793>, 0.100000
	pigment { color rgbt <1,0,0,0> }
	no_shadow
}
cylinder {
	<28.557022, 33.694366, 29.945490>,  <28.342625, 33.363560, 30.013317>, 0.100000
	pigment { color rgbt <1,0,0,0> }
	no_shadow
}

// particle -1
sphere {
	<28.557022, 33.694366, 29.945490> 0.100000
	pigment { color rgbt <1,0,0,0> }
	no_shadow
}
sphere {
	0, 1
	scale<0.080000,0.200000,0.300000>
	matrix <0.138386, 0.112070, 0.984017,
		0.832803, -0.550893, -0.054379,
		0.535993, 0.827017, -0.169569,
		28.717821, 33.942471, 29.894619>
	pigment { color rgbt <0,1,1,0> }
	no_shadow
}
cylinder {
	<28.937441, 33.368763, 30.417669>,  <28.342625, 33.363560, 30.013317>, 0.130000
	pigment { color rgbt <1,0,0,0> }
	no_shadow
}

// nucleotide -1

// particle -1
sphere {
	<28.937441, 33.368763, 30.417669> 0.250000
	pigment { color rgbt <1,0,0,0> }
	no_shadow
}
cylinder {
	<28.867901, 33.751755, 30.325571>,  <28.826178, 33.981548, 30.270311>, 0.100000
	pigment { color rgbt <1,0,0,0> }
	no_shadow
}
cylinder {
	<28.867901, 33.751755, 30.325571>,  <28.937441, 33.368763, 30.417669>, 0.100000
	pigment { color rgbt <1,0,0,0> }
	no_shadow
}

// particle -1
sphere {
	<28.867901, 33.751755, 30.325571> 0.100000
	pigment { color rgbt <1,0,0,0> }
	no_shadow
}
sphere {
	0, 1
	scale<0.080000,0.200000,0.300000>
	matrix <-0.169816, 0.201157, 0.964727,
		0.970020, 0.206818, 0.127624,
		-0.173850, 0.957477, -0.230247,
		28.815746, 34.038998, 30.256496>
	pigment { color rgbt <0,1,1,0> }
	no_shadow
}
cylinder {
	<29.173233, 33.714256, 30.969559>,  <28.937441, 33.368763, 30.417669>, 0.130000
	pigment { color rgbt <1,0,0,0> }
	no_shadow
}

// nucleotide -1

// particle -1
sphere {
	<29.173233, 33.714256, 30.969559> 0.250000
	pigment { color rgbt <1,0,0,0> }
	no_shadow
}
cylinder {
	<28.927128, 33.957336, 30.768702>,  <28.779465, 34.103184, 30.648188>, 0.100000
	pigment { color rgbt <1,0,0,0> }
	no_shadow
}
cylinder {
	<28.927128, 33.957336, 30.768702>,  <29.173233, 33.714256, 30.969559>, 0.100000
	pigment { color rgbt <1,0,0,0> }
	no_shadow
}

// particle -1
sphere {
	<28.927128, 33.957336, 30.768702> 0.100000
	pigment { color rgbt <1,0,0,0> }
	no_shadow
}
sphere {
	0, 1
	scale<0.080000,0.200000,0.300000>
	matrix <-0.385931, 0.323228, 0.864050,
