// switches for output
#declare DRAW_BASES = 1; // possible values are 0, 1; only relevant for DNA ribbons
#declare DRAW_BASES_TYPE = 3; // possible values are 1, 2, 3; only relevant for DNA ribbons
#declare DRAW_FOG = 0; // set to 1 to enable fog

#include "colors.inc"

#include "transforms.inc"
background { rgb <1, 1, 1>}

#default {
   normal{
       ripples 0.25
       frequency 0.20
       turbulence 0.2
       lambda 5
   }
	finish {
		phong 0.1
		phong_size 40.
	}
}

// original window dimensions: 1024x640


// camera settings

camera {
	sky <0, 0.179814, -0.983701>
	up <0, 0.179814, -0.983701>
	right 1.6 * <1, 0, 0>
	location <35, 94.9851, 44.8844>
	look_at <35, 29.7336, 32.9568>
	direction <0, -65.2515, -11.9276>
	angle 67.0682
}


# declare cpy_camera_pos = <35, 94.9851, 44.8844>;
# if (DRAW_FOG = 1)
fog {
	fog_type 2
	up vnormalize(cpy_camera_pos)
	color rgbt<1,1,1,0.3>
	distance 1e-5
	fog_alt 3e-3
	fog_offset 56
}
# end


// LIGHTS

# declare lum = 6;
global_settings {
	ambient_light rgb lum * <0.05, 0.05, 0.05>
	max_trace_level 15
}# declare cpy_direct_light_amount = 0.25;
light_source
{	1000 * <-1, -1.16352, -0.803886>,
	rgb lum * cpy_direct_light_amount
	parallel
}

light_source
{	1000 * <1, 1.16352, 0.803886>,
	rgb lum * cpy_direct_light_amount
	parallel
}

// strand 0

// nucleotide -1

// particle -1
sphere {
	<24.175426, 34.895161, 35.405449> 0.250000
	pigment { color rgbt <1,0,0,0> }
	no_shadow
}
cylinder {
	<24.514919, 34.866379, 35.195889>,  <24.718615, 34.849110, 35.070152>, 0.100000
	pigment { color rgbt <1,0,0,0> }
	no_shadow
}
cylinder {
	<24.514919, 34.866379, 35.195889>,  <24.175426, 34.895161, 35.405449>, 0.100000
	pigment { color rgbt <1,0,0,0> }
	no_shadow
}

// particle -1
sphere {
	<24.514919, 34.866379, 35.195889> 0.100000
	pigment { color rgbt <1,0,0,0> }
	no_shadow
}
sphere {
	0, 1
	scale<0.080000,0.200000,0.300000>
	matrix <0.459937, 0.589363, 0.664161,
		0.260976, -0.804657, 0.533308,
		0.848734, -0.071958, -0.523901,
		24.769539, 34.844791, 35.038719>
	pigment { color rgbt <0,1,1,0> }
	no_shadow
}
cylinder {
	<24.720926, 34.513821, 35.744839>,  <24.175426, 34.895161, 35.405449>, 0.130000
	pigment { color rgbt <1,0,0,0> }
	no_shadow
}

// nucleotide -1

// particle -1
sphere {
	<24.720926, 34.513821, 35.744839> 0.250000
	pigment { color rgbt <1,0,0,0> }
	no_shadow
}
cylinder {
	<24.882967, 34.791447, 35.506794>,  <24.980192, 34.958023, 35.363968>, 0.100000
	pigment { color rgbt <1,0,0,0> }
	no_shadow
}
cylinder {
	<24.882967, 34.791447, 35.506794>,  <24.720926, 34.513821, 35.744839>, 0.100000
	pigment { color rgbt <1,0,0,0> }
	no_shadow
}

// particle -1
sphere {
	<24.882967, 34.791447, 35.506794> 0.100000
	pigment { color rgbt <1,0,0,0> }
	no_shadow
}
sphere {
	0, 1
	scale<0.080000,0.200000,0.300000>
	matrix <0.492499, 0.382740, 0.781636,
		0.770283, -0.609736, -0.186779,
		0.405103, 0.694070, -0.595112,
		25.004498, 34.999668, 35.328259>
	pigment { color rgbt <0,1,1,0> }
	no_shadow
}
cylinder {
	<25.489735, 34.532486, 35.818935>,  <24.720926, 34.513821, 35.744839>, 0.130000
	pigment { color rgbt <1,0,0,0> }
	no_shadow
}

// nucleotide -1

// particle -1
sphere {
	<25.489735, 34.532486, 35.818935> 0.250000
	pigment { color rgbt <1,0,0,0> }
	no_shadow
}
cylinder {
	<25.371878, 34.907200, 35.743450>,  <25.301165, 35.132030, 35.698158>, 0.100000
	pigment { color rgbt <1,0,0,0> }
	no_shadow
}
cylinder {
	<25.371878, 34.907200, 35.743450>,  <25.489735, 34.532486, 35.818935>, 0.100000
	pigment { color rgbt <1,0,0,0> }
	no_shadow
}

// particle -1
sphere {
	<25.371878, 34.907200, 35.743450> 0.100000
	pigment { color rgbt <1,0,0,0> }
	no_shadow
}
sphere {
	0, 1
	scale<0.080000,0.200000,0.300000>
	matrix <0.355581, 0.290777, 0.888263,
		0.886989, 0.194615, -0.418779,
		-0.294640, 0.936789, -0.188715,
		25.283485, 35.188236, 35.686836>
	pigment { color rgbt <0,1,1,0> }
	no_shadow
}
cylinder {
	<26.145853, 34.362339, 35.895210>,  <25.489735, 34.532486, 35.818935>, 0.130000
	pigment { color rgbt <1,0,0,0> }
	no_shadow
}

// nucleotide -1

// particle -1
sphere {
	<26.145853, 34.362339, 35.895210> 0.250000
	pigment { color rgbt <1,0,0,0> }
	no_shadow
}
cylinder {
	<26.514944, 34.276245, 35.767307>,  <26.736399, 34.224586, 35.690567>, 0.100000
	pigment { color rgbt <1,0,0,0> }
	no_shadow
}
cylinder {
	<26.514944, 34.276245, 35.767307>,  <26.145853, 34.362339, 35.895210>, 0.100000
	pigment { color rgbt <1,0,0,0> }
	no_shadow
}

// particle -1
sphere {
	<26.514944, 34.276245, 35.767307> 0.100000
	pigment { color rgbt <1,0,0,0> }
	no_shadow
}
sphere {
	0, 1
	scale<0.080000,0.200000,0.300000>
	matrix <-0.129722, 0.607766, -0.783449,
		0.362965, 0.764390, 0.532882,
		0.922729, -0.215238, -0.319756,
		26.791763, 34.211674, 35.671379>
	pigment { color rgbt <0,1,1,0> }
	no_shadow
}
cylinder {
	<26.444757, 34.986572, 35.806747>,  <26.145853, 34.362339, 35.895210>, 0.130000
	pigment { color rgbt <1,0,0,0> }
	no_shadow
}

// nucleotide -1

// particle -1
sphere {
	<26.444757, 34.986572, 35.806747> 0.250000
	pigment { color rgbt <1,0,0,0> }
	no_shadow
}
cylinder {
	<26.651308, 34.732037, 35.577515>,  <26.775238, 34.579315, 35.439976>, 0.100000
	pigment { color rgbt <1,0,0,0> }
	no_shadow
}
cylinder {
	<26.651308, 34.732037, 35.577515>,  <26.444757, 34.986572, 35.806747>, 0.100000
	pigment { color rgbt <1,0,0,0> }
	no_shadow
}

// particle -1
sphere {
	<26.651308, 34.732037, 35.577515> 0.100000
	pigment { color rgbt <1,0,0,0> }
	no_shadow
}
sphere {
	0, 1
	scale<0.080000,0.200000,0.300000>
	matrix <-0.035376, 0.652786, -0.756716,
		0.855630, 0.411025, 0.314574,
		0.516378, -0.636340, -0.573083,
		26.806221, 34.541134, 35.405590>
	pigment { color rgbt <0,1,1,0> }
	no_shadow
}
cylinder {
	<26.966238, 35.364586, 35.387291>,  <26.444757, 34.986572, 35.806747>, 0.130000
	pigment { color rgbt <1,0,0,0> }
	no_shadow
}

// nucleotide -1

// particle -1
sphere {
	<26.966238, 35.364586, 35.387291> 0.250000
	pigment { color rgbt <1,0,0,0> }
	no_shadow
}
cylinder {
	<26.938902, 35.020142, 35.185768>,  <26.922501, 34.813477, 35.064854>, 0.100000
	pigment { color rgbt <1,0,0,0> }
	no_shadow
}
cylinder {
	<26.938902, 35.020142, 35.185768>,  <26.966238, 35.364586, 35.387291>, 0.100000
	pigment { color rgbt <1,0,0,0> }
	no_shadow
}

// particle -1
sphere {
	<26.938902, 35.020142, 35.185768> 0.100000
	pigment { color rgbt <1,0,0,0> }
	no_shadow
}
sphere {
	0, 1
	scale<0.080000,0.200000,0.300000>
	matrix <-0.018135, 0.505976, -0.862357,
		0.997497, -0.049797, -0.050195,
		-0.068341, -0.861109, -0.503807,
		26.918400, 34.761810, 35.034626>
	pigment { color rgbt <0,1,1,0> }
	no_shadow
}
cylinder {
	<27.394131, 35.485809, 34.776669>,  <26.966238, 35.364586, 35.387291>, 0.130000
	pigment { color rgbt <1,0,0,0> }
	no_shadow
}

// nucleotide -1

// particle -1
sphere {
	<27.394131, 35.485809, 34.776669> 0.250000
	pigment { color rgbt <1,0,0,0> }
	no_shadow
}
cylinder {
	<27.151512, 35.181976, 34.682747>,  <27.005941, 34.999676, 34.626396>, 0.100000
	pigment { color rgbt <1,0,0,0> }
	no_shadow
}
cylinder {
	<27.151512, 35.181976, 34.682747>,  <27.394131, 35.485809, 34.776669>, 0.100000
	pigment { color rgbt <1,0,0,0> }
	no_shadow
}

// particle -1
sphere {
	<27.151512, 35.181976, 34.682747> 0.100000
	pigment { color rgbt <1,0,0,0> }
	no_shadow
}
sphere {
	0, 1
	scale<0.080000,0.200000,0.300000>
	matrix <-0.147064, 0.397423, -0.905774,
		0.781328, -0.514863, -0.352763,
		-0.606546, -0.759586, -0.234800,
		26.969547, 34.954102, 34.612309>
	pigment { color rgbt <0,1,1,0> }
	no_shadow
}
cylinder {
	<27.566633, 35.379349, 34.061028>,  <27.394131, 35.485809, 34.776669>, 0.130000
	pigment { color rgbt <1,0,0,0> }
	no_shadow
}

// nucleotide -1

// particle -1
sphere {
	<27.566633, 35.379349, 34.061028> 0.250000
	pigment { color rgbt <1,0,0,0> }
	no_shadow
}
cylinder {
	<27.210175, 35.215355, 34.138767>,  <26.996300, 35.116959, 34.185410>, 0.100000
	pigment { color rgbt <1,0,0,0> }
	no_shadow
}
cylinder {
	<27.210175, 35.215355, 34.138767>,  <27.566633, 35.379349, 34.061028>, 0.100000
	pigment { color rgbt <1,0,0,0> }
	no_shadow
}

// particle -1
sphere {
	<27.210175, 35.215355, 34.138767> 0.100000
	pigment { color rgbt <1,0,0,0> }
	no_shadow
}
sphere {
	0, 1
	scale<0.080000,0.200000,0.300000>
	matrix <-0.327765, 0.285521, -0.900582,
		0.313737, -0.866250, -0.388820,
		-0.891145, -0.409987, 0.194348,
		26.942831, 35.092358, 34.197071>
	pigment { color rgbt <0,1,1,0> }
	no_shadow
}
cylinder {
	<27.544394, 34.908611, 33.557987>,  <27.566633, 35.379349, 34.061028>, 0.130000
	pigment { color rgbt <1,0,0,0> }
	no_shadow
}

// nucleotide -1

// particle -1
sphere {
	<27.544394, 34.908611, 33.557987> 0.250000
	pigment { color rgbt <1,0,0,0> }
	no_shadow
}
cylinder {
	<27.169136, 34.985634, 33.673096>,  <26.943981, 35.031845, 33.742161>, 0.100000
	pigment { color rgbt <1,0,0,0> }
	no_shadow
}
cylinder {
	<27.169136, 34.985634, 33.673096>,  <27.544394, 34.908611, 33.557987>, 0.100000
	pigment { color rgbt <1,0,0,0> }
	no_shadow
}

// particle -1
sphere {
	<27.169136, 34.985634, 33.673096> 0.100000
	pigment { color rgbt <1,0,0,0> }
	no_shadow
}
sphere {
	0, 1
	scale<0.080000,0.200000,0.300000>
	matrix <-0.275482, 0.088409, -0.957232,
		-0.209759, -0.977296, -0.029895,
		-0.938142, 0.192552, 0.287772,
		26.887693, 35.043400, 33.759426>
	pigment { color rgbt <0,1,1,0> }
	no_shadow
}
cylinder {
	<27.153605, 34.550488, 33.039597>,  <27.544394, 34.908611, 33.557987>, 0.130000
	pigment { color rgbt <1,0,0,0> }
	no_shadow
}

// nucleotide -1

// particle -1
sphere {
	<27.153605, 34.550488, 33.039597> 0.250000
	pigment { color rgbt <1,0,0,0> }
	no_shadow
}
cylinder {
	<26.875536, 34.784908, 33.206104>,  <26.708694, 34.925560, 33.306007>, 0.100000
	pigment { color rgbt <1,0,0,0> }
	no_shadow
}
cylinder {
	<26.875536, 34.784908, 33.206104>,  <27.153605, 34.550488, 33.039597>, 0.100000
	pigment { color rgbt <1,0,0,0> }
	no_shadow
}

// particle -1
sphere {
	<26.875536, 34.784908, 33.206104> 0.100000
	pigment { color rgbt <1,0,0,0> }
	no_shadow
}
sphere {
	0, 1
	scale<0.080000,0.200000,0.300000>
	matrix <-0.484768, 0.045387, -0.873464,
		-0.530787, -0.809003, 0.252546,
		-0.695172, 0.586050, 0.416270,
		26.666985, 34.960724, 33.330986>
	pigment { color rgbt <0,1,1,0> }
	no_shadow
}
cylinder {
	<26.513042, 34.371750, 32.798069>,  <27.153605, 34.550488, 33.039597>, 0.130000
	pigment { color rgbt <1,0,0,0> }
	no_shadow
}

// nucleotide -1

// particle -1
sphere {
	<26.513042, 34.371750, 32.798069> 0.250000
	pigment { color rgbt <1,0,0,0> }
	no_shadow
}
cylinder {
	<26.434145, 34.743603, 32.922573>,  <26.386806, 34.966713, 32.997276>, 0.100000
	pigment { color rgbt <1,0,0,0> }
	no_shadow
}
cylinder {
	<26.434145, 34.743603, 32.922573>,  <26.513042, 34.371750, 32.798069>, 0.100000
	pigment { color rgbt <1,0,0,0> }
	no_shadow
}

// particle -1
sphere {
	<26.434145, 34.743603, 32.922573> 0.100000
	pigment { color rgbt <1,0,0,0> }
	no_shadow
}
sphere {
	0, 1
	scale<0.080000,0.200000,0.300000>
	matrix <-0.513754, 0.172388, -0.840440,
		-0.834956, -0.325681, 0.443599,
		-0.197244, 0.929631, 0.311256,
		26.374971, 35.022491, 33.015949>
	pigment { color rgbt <0,1,1,0> }
	no_shadow
}
cylinder {
	<25.837273, 34.595722, 32.612167>,  <26.513042, 34.371750, 32.798069>, 0.130000
	pigment { color rgbt <1,0,0,0> }
	no_shadow
}

// nucleotide -1

// particle -1
sphere {
	<25.837273, 34.595722, 32.612167> 0.250000
	pigment { color rgbt <1,0,0,0> }
	no_shadow
}
cylinder {
	<26.004963, 34.951931, 32.682838>,  <26.105577, 35.165657, 32.725243>, 0.100000
	pigment { color rgbt <1,0,0,0> }
	no_shadow
}
cylinder {
	<26.004963, 34.951931, 32.682838>,  <25.837273, 34.595722, 32.612167>, 0.100000
	pigment { color rgbt <1,0,0,0> }
	no_shadow
}

// particle -1
sphere {
	<26.004963, 34.951931, 32.682838> 0.100000
	pigment { color rgbt <1,0,0,0> }
	no_shadow
}
sphere {
	0, 1
	scale<0.080000,0.200000,0.300000>
	matrix <-0.515010, 0.393533, -0.761509,
		-0.747672, 0.228253, 0.623609,
		0.419228, 0.890524, 0.176681,
		26.130732, 35.219090, 32.735844>
	pigment { color rgbt <0,1,1,0> }
	no_shadow
}
cylinder {
	<25.299141, 35.015839, 32.460495>,  <25.837273, 34.595722, 32.612167>, 0.130000
	pigment { color rgbt <1,0,0,0> }
	no_shadow
}

// nucleotide -1

// particle -1
sphere {
	<25.299141, 35.015839, 32.460495> 0.250000
	pigment { color rgbt <1,0,0,0> }
	no_shadow
}
cylinder {
	<25.606606, 35.269630, 32.428017>,  <25.791084, 35.421906, 32.408531>, 0.100000
	pigment { color rgbt <1,0,0,0> }
	no_shadow
}
cylinder {
	<25.606606, 35.269630, 32.428017>,  <25.299141, 35.015839, 32.460495>, 0.100000
	pigment { color rgbt <1,0,0,0> }
	no_shadow
}

// particle -1
sphere {
	<25.606606, 35.269630, 32.428017> 0.100000
	pigment { color rgbt <1,0,0,0> }
	no_shadow
}
sphere {
	0, 1
	scale<0.080000,0.200000,0.300000>
	matrix <-0.380321, 0.351269, -0.855550,
		-0.514310, 0.688508, 0.511314,
		0.768661, 0.634482, -0.081193,
		25.837204, 35.459976, 32.403660>
	pigment { color rgbt <0,1,1,0> }
	no_shadow
}
cylinder {
	<25.053831, 35.605556, 32.352036>,  <25.299141, 35.015839, 32.460495>, 0.130000
	pigment { color rgbt <1,0,0,0> }
	no_shadow
}

// nucleotide -1

// particle -1
sphere {
	<25.053831, 35.605556, 32.352036> 0.250000
	pigment { color rgbt <1,0,0,0> }
	no_shadow
}
cylinder {
	<25.426287, 35.645973, 32.211880>,  <25.649759, 35.670223, 32.127789>, 0.100000
	pigment { color rgbt <1,0,0,0> }
	no_shadow
}
cylinder {
	<25.426287, 35.645973, 32.211880>,  <25.053831, 35.605556, 32.352036>, 0.100000
	pigment { color rgbt <1,0,0,0> }
	no_shadow
}

// particle -1
sphere {
	<25.426287, 35.645973, 32.211880> 0.100000
	pigment { color rgbt <1,0,0,0> }
	no_shadow
}
sphere {
	0, 1
	scale<0.080000,0.200000,0.300000>
	matrix <-0.364327, 0.216341, -0.905794,
		-0.015723, 0.971075, 0.238257,
		0.931139, 0.101045, -0.350387,
		25.705627, 35.676289, 32.106762>
	pigment { color rgbt <0,1,1,0> }
	no_shadow
}
cylinder {
	<25.148891, 36.327785, 32.032341>,  <25.053831, 35.605556, 32.352036>, 0.130000
	pigment { color rgbt <1,0,0,0> }
	no_shadow
}

// nucleotide -1

// particle -1
sphere {
	<25.148891, 36.327785, 32.032341> 0.250000
	pigment { color rgbt <1,0,0,0> }
	no_shadow
}
cylinder {
	<25.416523, 36.073963, 31.877592>,  <25.577103, 35.921669, 31.784744>, 0.100000
	pigment { color rgbt <1,0,0,0> }
	no_shadow
}
cylinder {
	<25.416523, 36.073963, 31.877592>,  <25.148891, 36.327785, 32.032341>, 0.100000
	pigment { color rgbt <1,0,0,0> }
	no_shadow
}

// particle -1
sphere {
	<25.416523, 36.073963, 31.877592> 0.100000
	pigment { color rgbt <1,0,0,0> }
	no_shadow
}
sphere {
	0, 1
	scale<0.080000,0.200000,0.300000>
	matrix <-0.319637, 0.224248, -0.920622,
		0.670944, 0.739626, -0.052790,
		0.669078, -0.634560, -0.386870,
		25.617247, 35.883595, 31.761532>
	pigment { color rgbt <0,1,1,0> }
	no_shadow
}
cylinder {
	<25.348307, 36.696316, 31.441965>,  <25.148891, 36.327785, 32.032341>, 0.130000
	pigment { color rgbt <1,0,0,0> }
	no_shadow
}

// nucleotide -1

// particle -1
sphere {
	<25.348307, 36.696316, 31.441965> 0.250000
	pigment { color rgbt <1,0,0,0> }
	no_shadow
}
cylinder {
	<25.503916, 36.339108, 31.351482>,  <25.597281, 36.124783, 31.297194>, 0.100000
	pigment { color rgbt <1,0,0,0> }
	no_shadow
}
cylinder {
	<25.503916, 36.339108, 31.351482>,  <25.348307, 36.696316, 31.441965>, 0.100000
	pigment { color rgbt <1,0,0,0> }
	no_shadow
}

// particle -1
sphere {
	<25.503916, 36.339108, 31.351482> 0.100000
	pigment { color rgbt <1,0,0,0> }
	no_shadow
}
sphere {
	0, 1
	scale<0.080000,0.200000,0.300000>
	matrix <-0.358933, 0.079214, -0.929996,
		0.848428, 0.442981, -0.289720,
		0.389021, -0.893025, -0.226207,
		25.620623, 36.071201, 31.283621>
	pigment { color rgbt <0,1,1,0> }
	no_shadow
}
cylinder {
	<25.634258, 36.757961, 30.739746>,  <25.348307, 36.696316, 31.441965>, 0.130000
	pigment { color rgbt <1,0,0,0> }
	no_shadow
}

// nucleotide -1

// particle -1
sphere {
	<25.634258, 36.757961, 30.739746> 0.250000
	pigment { color rgbt <1,0,0,0> }
	no_shadow
}
cylinder {
	<25.601221, 36.361538, 30.781681>,  <25.581398, 36.123684, 30.806843>, 0.100000
	pigment { color rgbt <1,0,0,0> }
	no_shadow
}
cylinder {
	<25.601221, 36.361538, 30.781681>,  <25.634258, 36.757961, 30.739746>, 0.100000
	pigment { color rgbt <1,0,0,0> }
	no_shadow
}

// particle -1
sphere {
	<25.601221, 36.361538, 30.781681> 0.100000
	pigment { color rgbt <1,0,0,0> }
	no_shadow
}
sphere {
	0, 1
	scale<0.080000,0.200000,0.300000>
	matrix <-0.312898, -0.074089, -0.946893,
		0.946189, -0.111011, -0.303979,
		-0.082594, -0.991054, 0.104837,
		25.576443, 36.064220, 30.813131>
	pigment { color rgbt <0,1,1,0> }
	no_shadow
}
cylinder {
	<25.915682, 36.501575, 30.101578>,  <25.634258, 36.757961, 30.739746>, 0.130000
	pigment { color rgbt <1,0,0,0> }
	no_shadow
}

// nucleotide -1

// particle -1
sphere {
	<25.915682, 36.501575, 30.101578> 0.250000
	pigment { color rgbt <1,0,0,0> }
	no_shadow
}
cylinder {
	<25.657766, 36.230576, 30.243135>,  <25.503017, 36.067974, 30.328070>, 0.100000
	pigment { color rgbt <1,0,0,0> }
	no_shadow
}
cylinder {
	<25.657766, 36.230576, 30.243135>,  <25.915682, 36.501575, 30.101578>, 0.100000
	pigment { color rgbt <1,0,0,0> }
	no_shadow
}

// particle -1
sphere {
	<25.657766, 36.230576, 30.243135> 0.100000
	pigment { color rgbt <1,0,0,0> }
	no_shadow
}
sphere {
	0, 1
	scale<0.080000,0.200000,0.300000>
	matrix <-0.381199, -0.116282, -0.917151,
		0.662524, -0.726270, -0.183286,
		-0.644786, -0.677503, 0.353893,
		25.464331, 36.027325, 30.349304>
	pigment { color rgbt <0,1,1,0> }
	no_shadow
}
cylinder {
	<25.884686, 36.090553, 29.571136>,  <25.915682, 36.501575, 30.101578>, 0.130000
	pigment { color rgbt <1,0,0,0> }
	no_shadow
}

// nucleotide -1

// particle -1
sphere {
	<25.884686, 36.090553, 29.571136> 0.250000
	pigment { color rgbt <1,0,0,0> }
	no_shadow
}
cylinder {
	<25.581358, 35.932167, 29.778276>,  <25.399363, 35.837135, 29.902559>, 0.100000
	pigment { color rgbt <1,0,0,0> }
	no_shadow
}
cylinder {
	<25.581358, 35.932167, 29.778276>,  <25.884686, 36.090553, 29.571136>, 0.100000
	pigment { color rgbt <1,0,0,0> }
	no_shadow
}

// particle -1
sphere {
	<25.581358, 35.932167, 29.778276> 0.100000
	pigment { color rgbt <1,0,0,0> }
	no_shadow
}
sphere {
	0, 1
	scale<0.080000,0.200000,0.300000>
	matrix <-0.425848, -0.300562, -0.853414,
		0.493567, -0.867684, 0.059301,
		-0.758318, -0.395964, 0.517849,
		25.353863, 35.813377, 29.933632>
	pigment { color rgbt <0,1,1,0> }
	no_shadow
}
cylinder {
	<25.893923, 35.543930, 29.317316>,  <25.884686, 36.090553, 29.571136>, 0.130000
	pigment { color rgbt <1,0,0,0> }
	no_shadow
}

// nucleotide -1

// particle -1
sphere {
	<25.893923, 35.543930, 29.317316> 0.250000
	pigment { color rgbt <1,0,0,0> }
	no_shadow
}
cylinder {
	<25.529823, 35.581020, 29.478735>,  <25.311363, 35.603275, 29.575586>, 0.100000
	pigment { color rgbt <1,0,0,0> }
	no_shadow
}
cylinder {
	<25.529823, 35.581020, 29.478735>,  <25.893923, 35.543930, 29.317316>, 0.100000
	pigment { color rgbt <1,0,0,0> }
	no_shadow
}

// particle -1
sphere {
	<25.529823, 35.581020, 29.478735> 0.100000
	pigment { color rgbt <1,0,0,0> }
	no_shadow
}
sphere {
	0, 1
	scale<0.080000,0.200000,0.300000>
	matrix <-0.409386, -0.347615, -0.843545,
		0.062061, -0.933041, 0.354376,
		-0.910248, 0.092725, 0.403547,
		25.256748, 35.608837, 29.599798>
	pigment { color rgbt <0,1,1,0> }
	no_shadow
}
cylinder {
	<25.630188, 34.961430, 29.046160>,  <25.893923, 35.543930, 29.317316>, 0.130000
	pigment { color rgbt <1,0,0,0> }
	no_shadow
}

// nucleotide -1

// particle -1
sphere {
	<25.630188, 34.961430, 29.046160> 0.250000
	pigment { color rgbt <1,0,0,0> }
	no_shadow
}
cylinder {
	<25.350803, 35.226440, 29.154394>,  <25.183172, 35.385445, 29.219336>, 0.100000
	pigment { color rgbt <1,0,0,0> }
	no_shadow
}
cylinder {
	<25.350803, 35.226440, 29.154394>,  <25.630188, 34.961430, 29.046160>, 0.100000
	pigment { color rgbt <1,0,0,0> }
	no_shadow
}

// particle -1
sphere {
	<25.350803, 35.226440, 29.154394> 0.100000
	pigment { color rgbt <1,0,0,0> }
	no_shadow
}
sphere {
	0, 1
	scale<0.080000,0.200000,0.300000>
	matrix <-0.507437, -0.191865, -0.840057,
		-0.504641, -0.724052, 0.470199,
		-0.698459, 0.662523, 0.270588,
		25.141266, 35.425198, 29.235571>
	pigment { color rgbt <0,1,1,0> }
	no_shadow
}
cylinder {
	<25.022911, 34.670399, 28.927551>,  <25.630188, 34.961430, 29.046160>, 0.130000
	pigment { color rgbt <1,0,0,0> }
	no_shadow
}

// nucleotide -1

// particle -1
sphere {
	<25.022911, 34.670399, 28.927551> 0.250000
	pigment { color rgbt <1,0,0,0> }
	no_shadow
}
cylinder {
	<24.894697, 35.047855, 28.960541>,  <24.817770, 35.274330, 28.980333>, 0.100000
	pigment { color rgbt <1,0,0,0> }
	no_shadow
}
cylinder {
	<24.894697, 35.047855, 28.960541>,  <25.022911, 34.670399, 28.927551>, 0.100000
	pigment { color rgbt <1,0,0,0> }
	no_shadow
}

// particle -1
sphere {
	<24.894697, 35.047855, 28.960541> 0.100000
	pigment { color rgbt <1,0,0,0> }
	no_shadow
}
sphere {
	0, 1
	scale<0.080000,0.200000,0.300000>
	matrix <-0.516010, -0.100935, -0.850615,
		-0.794350, -0.315206, 0.519281,
		-0.320533, 0.943640, 0.082471,
		24.798538, 35.330948, 28.985283>
	pigment { color rgbt <0,1,1,0> }
	no_shadow
}
cylinder {
	<24.231104, 34.687489, 28.927065>,  <25.022911, 34.670399, 28.927551>, 0.130000
	pigment { color rgbt <1,0,0,0> }
	no_shadow
}

// nucleotide -1

// particle -1
sphere {
	<24.231104, 34.687489, 28.927065> 0.250000
	pigment { color rgbt <1,0,0,0> }
	no_shadow
}
cylinder {
	<24.382273, 35.023121, 28.770546>,  <24.472975, 35.224503, 28.676634>, 0.100000
	pigment { color rgbt <1,0,0,0> }
	no_shadow
}
cylinder {
	<24.382273, 35.023121, 28.770546>,  <24.231104, 34.687489, 28.927065>, 0.100000
	pigment { color rgbt <1,0,0,0> }
	no_shadow
}

// particle -1
sphere {
	<24.382273, 35.023121, 28.770546> 0.100000
	pigment { color rgbt <1,0,0,0> }
	no_shadow
}
sphere {
	0, 1
	scale<0.080000,0.200000,0.300000>
	matrix <-0.346253, -0.263879, -0.900265,
		-0.858652, 0.475718, 0.190810,
		0.377922, 0.839083, -0.391299,
		24.495649, 35.274845, 28.653156>
	pigment { color rgbt <0,1,1,0> }
	no_shadow
}
cylinder {
	<23.754780, 34.833862, 28.394505>,  <24.231104, 34.687489, 28.927065>, 0.130000
	pigment { color rgbt <1,0,0,0> }
	no_shadow
}

// nucleotide -1

// particle -1
sphere {
	<23.754780, 34.833862, 28.394505> 0.250000
	pigment { color rgbt <1,0,0,0> }
	no_shadow
}
cylinder {
	<24.079088, 35.047634, 28.298981>,  <24.273674, 35.175896, 28.241667>, 0.100000
	pigment { color rgbt <1,0,0,0> }
	no_shadow
}
cylinder {
	<24.079088, 35.047634, 28.298981>,  <23.754780, 34.833862, 28.394505>, 0.100000
	pigment { color rgbt <1,0,0,0> }
	no_shadow
}

// particle -1
sphere {
	<24.079088, 35.047634, 28.298981> 0.100000
	pigment { color rgbt <1,0,0,0> }
	no_shadow
}
sphere {
	0, 1
	scale<0.080000,0.200000,0.300000>
	matrix <-0.134511, -0.226957, -0.964571,
		-0.569696, 0.814171, -0.112124,
		0.810773, 0.534431, -0.238812,
		24.322321, 35.207962, 28.227337>
	pigment { color rgbt <0,1,1,0> }
	no_shadow
}
cylinder {
	<23.642826, 35.433071, 27.866158>,  <23.754780, 34.833862, 28.394505>, 0.130000
	pigment { color rgbt <1,0,0,0> }
	no_shadow
}

// nucleotide -1

// particle -1
sphere {
	<23.642826, 35.433071, 27.866158> 0.250000
	pigment { color rgbt <1,0,0,0> }
	no_shadow
}
cylinder {
	<24.010286, 35.275066, 27.863268>,  <24.230762, 35.180264, 27.861534>, 0.100000
	pigment { color rgbt <1,0,0,0> }
	no_shadow
}
cylinder {
	<24.010286, 35.275066, 27.863268>,  <23.642826, 35.433071, 27.866158>, 0.100000
	pigment { color rgbt <1,0,0,0> }
	no_shadow
}

// particle -1
sphere {
	<24.010286, 35.275066, 27.863268> 0.100000
	pigment { color rgbt <1,0,0,0> }
	no_shadow
}
sphere {
	0, 1
	scale<0.080000,0.200000,0.300000>
	matrix <-0.143362, -0.316262, -0.937777,
		0.368144, 0.862524, -0.347163,
		0.918650, -0.395007, -0.007223,
		24.285881, 35.156563, 27.861101>
	pigment { color rgbt <0,1,1,0> }
	no_shadow
}
cylinder {
	<23.804436, 35.079693, 27.267441>,  <23.642826, 35.433071, 27.866158>, 0.130000
	pigment { color rgbt <1,0,0,0> }
	no_shadow
}

// nucleotide -1

// particle -1
sphere {
	<23.804436, 35.079693, 27.267441> 0.250000
	pigment { color rgbt <1,0,0,0> }
	no_shadow
}
cylinder {
	<24.159435, 35.010368, 27.438231>,  <24.372435, 34.968773, 27.540705>, 0.100000
	pigment { color rgbt <1,0,0,0> }
	no_shadow
}
cylinder {
	<24.159435, 35.010368, 27.438231>,  <23.804436, 35.079693, 27.267441>, 0.100000
	pigment { color rgbt <1,0,0,0> }
	no_shadow
}

// particle -1
sphere {
	<24.159435, 35.010368, 27.438231> 0.100000
	pigment { color rgbt <1,0,0,0> }
	no_shadow
}
sphere {
	0, 1
	scale<0.080000,0.200000,0.300000>
	matrix <0.242348, -0.612545, -0.752367,
		0.391933, 0.771203, -0.501632,
		0.887500, -0.173308, 0.426976,
		24.425686, 34.958378, 27.566324>
	pigment { color rgbt <0,1,1,0> }
	no_shadow
}
cylinder {
	<24.382820, 35.369732, 26.749159>,  <23.804436, 35.079693, 27.267441>, 0.130000
	pigment { color rgbt <1,0,0,0> }
	no_shadow
}

// nucleotide -1

// particle -1
sphere {
	<24.382820, 35.369732, 26.749159> 0.250000
	pigment { color rgbt <1,0,0,0> }
	no_shadow
}
cylinder {
	<24.463900, 35.056328, 26.984114>,  <24.512547, 34.868286, 27.125086>, 0.100000
	pigment { color rgbt <1,0,0,0> }
	no_shadow
}
cylinder {
	<24.463900, 35.056328, 26.984114>,  <24.382820, 35.369732, 26.749159>, 0.100000
	pigment { color rgbt <1,0,0,0> }
	no_shadow
}

// particle -1
sphere {
	<24.463900, 35.056328, 26.984114> 0.100000
	pigment { color rgbt <1,0,0,0> }
	no_shadow
}
sphere {
	0, 1
	scale<0.080000,0.200000,0.300000>
	matrix <0.308183, -0.518317, -0.797728,
		0.929482, 0.342722, 0.136403,
		0.202699, -0.783511, 0.587387,
		24.524710, 34.821274, 27.160330>
	pigment { color rgbt <0,1,1,0> }
	no_shadow
}
cylinder {
	<25.006414, 34.999992, 26.512770>,  <24.382820, 35.369732, 26.749159>, 0.130000
	pigment { color rgbt <1,0,0,0> }
	no_shadow
}

// nucleotide -1

// particle -1
sphere {
	<25.006414, 34.999992, 26.512770> 0.250000
	pigment { color rgbt <1,0,0,0> }
	no_shadow
}
cylinder {
	<24.855536, 34.730465, 26.766918>,  <24.765009, 34.568748, 26.919407>, 0.100000
	pigment { color rgbt <1,0,0,0> }
	no_shadow
}
cylinder {
	<24.855536, 34.730465, 26.766918>,  <25.006414, 34.999992, 26.512770>, 0.100000
	pigment { color rgbt <1,0,0,0> }
	no_shadow
}

// particle -1
sphere {
	<24.855536, 34.730465, 26.766918> 0.100000
	pigment { color rgbt <1,0,0,0> }
	no_shadow
}
sphere {
	0, 1
	scale<0.080000,0.200000,0.300000>
	matrix <0.166095, -0.724141, -0.669353,
		0.911118, -0.146945, 0.385059,
		-0.377195, -0.673816, 0.635371,
		24.742376, 34.528320, 26.957529>
	pigment { color rgbt <0,1,1,0> }
	no_shadow
}
cylinder {
	<25.417360, 34.373886, 26.535889>,  <25.006414, 34.999992, 26.512770>, 0.130000
	pigment { color rgbt <1,0,0,0> }
	no_shadow
}

// nucleotide -1

// particle -1
sphere {
	<25.417360, 34.373886, 26.535889> 0.250000
	pigment { color rgbt <1,0,0,0> }
	no_shadow
}
cylinder {
	<25.043661, 34.269730, 26.633358>,  <24.819441, 34.207237, 26.691839>, 0.100000
	pigment { color rgbt <1,0,0,0> }
	no_shadow
}
cylinder {
	<25.043661, 34.269730, 26.633358>,  <25.417360, 34.373886, 26.535889>, 0.100000
	pigment { color rgbt <1,0,0,0> }
	no_shadow
}

// particle -1
sphere {
	<25.043661, 34.269730, 26.633358> 0.100000
	pigment { color rgbt <1,0,0,0> }
	no_shadow
}
sphere {
	0, 1
	scale<0.080000,0.200000,0.300000>
	matrix <0.069444, -0.803029, -0.591880,
		0.349798, -0.536041, 0.768311,
		-0.934248, -0.260393, 0.243673,
		24.763386, 34.191612, 26.706459>
	pigment { color rgbt <0,1,1,0> }
	no_shadow
}
cylinder {
	<25.443453, 33.676701, 26.493195>,  <25.417360, 34.373886, 26.535889>, 0.130000
	pigment { color rgbt <1,0,0,0> }
	no_shadow
}

// nucleotide -1

// particle -1
sphere {
	<25.443453, 33.676701, 26.493195> 0.250000
	pigment { color rgbt <1,0,0,0> }
	no_shadow
}
cylinder {
	<25.050007, 33.748619, 26.487913>,  <24.813940, 33.791771, 26.484745>, 0.100000
	pigment { color rgbt <1,0,0,0> }
	no_shadow
}
cylinder {
	<25.050007, 33.748619, 26.487913>,  <25.443453, 33.676701, 26.493195>, 0.100000
	pigment { color rgbt <1,0,0,0> }
	no_shadow
}

// particle -1
sphere {
	<25.050007, 33.748619, 26.487913> 0.100000
	pigment { color rgbt <1,0,0,0> }
	no_shadow
}
sphere {
	0, 1
	scale<0.080000,0.200000,0.300000>
	matrix <-0.145989, -0.837352, -0.526810,
		-0.105773, -0.516251, 0.849880,
		-0.983615, 0.179796, -0.013202,
		24.754923, 33.802559, 26.483952>
	pigment { color rgbt <0,1,1,0> }
	no_shadow
}
cylinder {
	<25.728458, 33.287491, 27.120884>,  <25.443453, 33.676701, 26.493195>, 0.130000
	pigment { color rgbt <1,0,0,0> }
	no_shadow
}

// nucleotide -1

// particle -1
sphere {
	<25.728458, 33.287491, 27.120884> 0.250000
	pigment { color rgbt <1,0,0,0> }
	no_shadow
}
cylinder {
	<25.733212, 33.531025, 27.438168>,  <25.736063, 33.677143, 27.628538>, 0.100000
	pigment { color rgbt <1,0,0,0> }
	no_shadow
}
cylinder {
	<25.733212, 33.531025, 27.438168>,  <25.728458, 33.287491, 27.120884>, 0.100000
	pigment { color rgbt <1,0,0,0> }
	no_shadow
}

// particle -1
sphere {
	<25.733212, 33.531025, 27.438168> 0.100000
	pigment { color rgbt <1,0,0,0> }
	no_shadow
}
sphere {
	0, 1
	scale<0.080000,0.200000,0.300000>
	matrix <-0.305757, 0.757482, -0.576831,
		-0.952035, -0.235675, 0.195155,
		0.011882, 0.608833, 0.793209,
		25.736776, 33.713676, 27.676130>
	pigment { color rgbt <0,1,1,0> }
	no_shadow
}
cylinder {
	<25.920525, 32.795528, 26.656719>,  <25.728458, 33.287491, 27.120884>, 0.130000
	pigment { color rgbt <1,0,0,0> }
	no_shadow
}

// nucleotide -1

// particle -1
sphere {
	<25.920525, 32.795528, 26.656719> 0.250000
	pigment { color rgbt <1,0,0,0> }
	no_shadow
}
cylinder {
	<26.294521, 32.672882, 26.585409>,  <26.518919, 32.599297, 26.542624>, 0.100000
	pigment { color rgbt <1,0,0,0> }
	no_shadow
}
cylinder {
	<26.294521, 32.672882, 26.585409>,  <25.920525, 32.795528, 26.656719>, 0.100000
	pigment { color rgbt <1,0,0,0> }
	no_shadow
}

// particle -1
sphere {
	<26.294521, 32.672882, 26.585409> 0.100000
	pigment { color rgbt <1,0,0,0> }
	no_shadow
}
sphere {
	0, 1
	scale<0.080000,0.200000,0.300000>
	matrix <0.287704, 0.361735, 0.886777,
		-0.207409, -0.880419, 0.426432,
		0.934991, -0.306612, -0.178273,
		26.575018, 32.580898, 26.531927>
	pigment { color rgbt <0,1,1,0> }
	no_shadow
}
cylinder {
	<26.179077, 32.199112, 27.109671>,  <25.920525, 32.795528, 26.656719>, 0.130000
	pigment { color rgbt <1,0,0,0> }
	no_shadow
}

// nucleotide -1

// particle -1
sphere {
	<26.179077, 32.199112, 27.109671> 0.250000
	pigment { color rgbt <1,0,0,0> }
	no_shadow
}
cylinder {
	<26.480837, 32.445183, 27.018072>,  <26.661894, 32.592823, 26.963114>, 0.100000
	pigment { color rgbt <1,0,0,0> }
	no_shadow
}
cylinder {
	<26.480837, 32.445183, 27.018072>,  <26.179077, 32.199112, 27.109671>, 0.100000
	pigment { color rgbt <1,0,0,0> }
	no_shadow
}

// particle -1
sphere {
	<26.480837, 32.445183, 27.018072> 0.100000
	pigment { color rgbt <1,0,0,0> }
	no_shadow
}
sphere {
	0, 1
	scale<0.080000,0.200000,0.300000>
	matrix <0.118790, 0.215152, 0.969329,
		0.645576, -0.758465, 0.089234,
		0.754401, 0.615175, -0.228995,
		26.707157, 32.629734, 26.949373>
	pigment { color rgbt <0,1,1,0> }
	no_shadow
}
cylinder {
	<26.812391, 32.115673, 27.537024>,  <26.179077, 32.199112, 27.109671>, 0.130000
	pigment { color rgbt <1,0,0,0> }
	no_shadow
}

// nucleotide -1

// particle -1
sphere {
	<26.812391, 32.115673, 27.537024> 0.250000
	pigment { color rgbt <1,0,0,0> }
	no_shadow
}
cylinder {
	<26.794485, 32.505394, 27.448725>,  <26.783741, 32.739227, 27.395746>, 0.100000
	pigment { color rgbt <1,0,0,0> }
	no_shadow
}
cylinder {
	<26.794485, 32.505394, 27.448725>,  <26.812391, 32.115673, 27.537024>, 0.100000
	pigment { color rgbt <1,0,0,0> }
	no_shadow
}

// particle -1
sphere {
	<26.794485, 32.505394, 27.448725> 0.100000
	pigment { color rgbt <1,0,0,0> }
	no_shadow
}
sphere {
	0, 1
	scale<0.080000,0.200000,0.300000>
	matrix <0.093909, 0.224092, 0.970033,
		0.994574, 0.022692, -0.101527,
		-0.044764, 0.974304, -0.220745,
		26.781055, 32.797684, 27.382502>
	pigment { color rgbt <0,1,1,0> }
	no_shadow
}
cylinder {
	<27.352798, 32.494026, 27.772816>,  <26.812391, 32.115673, 27.537024>, 0.130000
	pigment { color rgbt <1,0,0,0> }
	no_shadow
}

// nucleotide -1

// particle -1
sphere {
	<27.352798, 32.494026, 27.772816> 0.250000
	pigment { color rgbt <1,0,0,0> }
	no_shadow
}
cylinder {
	<27.023302, 32.719738, 27.794878>,  <26.825605, 32.855164, 27.808115>, 0.100000
	pigment { color rgbt <1,0,0,0> }
	no_shadow
}
cylinder {
	<27.023302, 32.719738, 27.794878>,  <27.352798, 32.494026, 27.772816>, 0.100000
	pigment { color rgbt <1,0,0,0> }
	no_shadow
}

// particle -1
sphere {
	<27.023302, 32.719738, 27.794878> 0.100000
	pigment { color rgbt <1,0,0,0> }
	no_shadow
}
sphere {
	0, 1
	scale<0.080000,0.200000,0.300000>
	matrix <0.175030, 0.160561, 0.971383,
		0.539276, 0.809820, -0.231026,
		-0.823739, 0.564280, 0.055156,
		26.776180, 32.889023, 27.811424>
	pigment { color rgbt <0,1,1,0> }
	no_shadow
}
cylinder {
	<27.511772, 33.064163, 28.012615>,  <27.352798, 32.494026, 27.772816>, 0.130000
	pigment { color rgbt <1,0,0,0> }
	no_shadow
}

// nucleotide -1

// particle -1
sphere {
	<27.511772, 33.064163, 28.012615> 0.250000
	pigment { color rgbt <1,0,0,0> }
	no_shadow
}
cylinder {
	<27.130331, 33.005779, 28.117947>,  <26.901466, 32.970749, 28.181145>, 0.100000
	pigment { color rgbt <1,0,0,0> }
	no_shadow
}
cylinder {
	<27.130331, 33.005779, 28.117947>,  <27.511772, 33.064163, 28.012615>, 0.100000
	pigment { color rgbt <1,0,0,0> }
	no_shadow
}

// particle -1
sphere {
	<27.130331, 33.005779, 28.117947> 0.100000
	pigment { color rgbt <1,0,0,0> }
	no_shadow
}
sphere {
	0, 1
	scale<0.080000,0.200000,0.300000>
	matrix <0.199844, 0.347305, 0.916210,
		-0.225184, 0.926323, -0.302022,
		-0.953601, -0.145959, 0.263328,
		26.844252, 32.961990, 28.196945>
	pigment { color rgbt <0,1,1,0> }
	no_shadow
}
cylinder {
	<27.276381, 33.706734, 28.391449>,  <27.511772, 33.064163, 28.012615>, 0.130000
	pigment { color rgbt <1,0,0,0> }
	no_shadow
}

// nucleotide -1

// particle -1
sphere {
	<27.276381, 33.706734, 28.391449> 0.250000
	pigment { color rgbt <1,0,0,0> }
	no_shadow
}
cylinder {
	<27.025404, 33.419430, 28.511728>,  <26.874819, 33.247047, 28.583897>, 0.100000
	pigment { color rgbt <1,0,0,0> }
	no_shadow
}
cylinder {
	<27.025404, 33.419430, 28.511728>,  <27.276381, 33.706734, 28.391449>, 0.100000
	pigment { color rgbt <1,0,0,0> }
	no_shadow
}

// particle -1
sphere {
	<27.025404, 33.419430, 28.511728> 0.100000
	pigment { color rgbt <1,0,0,0> }
	no_shadow
}
sphere {
	0, 1
	scale<0.080000,0.200000,0.300000>
	matrix <0.241238, 0.187865, 0.952109,
		-0.740352, 0.669933, 0.055397,
		-0.627442, -0.718260, 0.300699,
		26.837172, 33.203953, 28.601938>
	pigment { color rgbt <0,1,1,0> }
	no_shadow
}
cylinder {
	<26.864441, 34.031223, 29.041485>,  <27.276381, 33.706734, 28.391449>, 0.130000
	pigment { color rgbt <1,0,0,0> }
	no_shadow
}

// nucleotide -1

// particle -1
sphere {
	<26.864441, 34.031223, 29.041485> 0.250000
	pigment { color rgbt <1,0,0,0> }
	no_shadow
}
cylinder {
	<26.832777, 33.632576, 29.050285>,  <26.813780, 33.393387, 29.055567>, 0.100000
	pigment { color rgbt <1,0,0,0> }
	no_shadow
}
cylinder {
	<26.832777, 33.632576, 29.050285>,  <26.864441, 34.031223, 29.041485>, 0.100000
	pigment { color rgbt <1,0,0,0> }
	no_shadow
}

// particle -1
sphere {
	<26.832777, 33.632576, 29.050285> 0.100000
	pigment { color rgbt <1,0,0,0> }
	no_shadow
}
sphere {
	0, 1
	scale<0.080000,0.200000,0.300000>
	matrix <0.166782, 0.008520, 0.985957,
		-0.982811, 0.081717, 0.165544,
		-0.079159, -0.996619, 0.022003,
		26.809029, 33.333591, 29.056887>
	pigment { color rgbt <0,1,1,0> }
	no_shadow
}
cylinder {
	<26.522652, 33.859154, 29.645468>,  <26.864441, 34.031223, 29.041485>, 0.130000
	pigment { color rgbt <1,0,0,0> }
	no_shadow
}

// nucleotide -1

// particle -1
sphere {
	<26.522652, 33.859154, 29.645468> 0.250000
	pigment { color rgbt <1,0,0,0> }
	no_shadow
}
cylinder {
	<26.671913, 33.498562, 29.557751>,  <26.761469, 33.282207, 29.505119>, 0.100000
	pigment { color rgbt <1,0,0,0> }
	no_shadow
}
cylinder {
	<26.671913, 33.498562, 29.557751>,  <26.522652, 33.859154, 29.645468>, 0.100000
	pigment { color rgbt <1,0,0,0> }
	no_shadow
}

// particle -1
sphere {
	<26.671913, 33.498562, 29.557751> 0.100000
	pigment { color rgbt <1,0,0,0> }
	no_shadow
}
sphere {
	0, 1
	scale<0.080000,0.200000,0.300000>
	matrix <0.342760, -0.085692, 0.935506,
		-0.862133, -0.424251, 0.277016,
		0.373151, -0.901481, -0.219294,
		26.783859, 33.228119, 29.491962>
	pigment { color rgbt <0,1,1,0> }
	no_shadow
}
cylinder {
	<26.379309, 33.513657, 30.169989>,  <26.522652, 33.859154, 29.645468>, 0.130000
	pigment { color rgbt <1,0,0,0> }
	no_shadow
}

// nucleotide -1

// particle -1
sphere {
	<26.379309, 33.513657, 30.169989> 0.250000
	pigment { color rgbt <1,0,0,0> }
	no_shadow
}
cylinder {
	<26.654589, 33.279408, 29.998674>,  <26.819756, 33.138859, 29.895885>, 0.100000
	pigment { color rgbt <1,0,0,0> }
	no_shadow
}
cylinder {
	<26.654589, 33.279408, 29.998674>,  <26.379309, 33.513657, 30.169989>, 0.100000
	pigment { color rgbt <1,0,0,0> }
	no_shadow
}

// particle -1
sphere {
	<26.654589, 33.279408, 29.998674> 0.100000
	pigment { color rgbt <1,0,0,0> }
	no_shadow
}
sphere {
	0, 1
	scale<0.080000,0.200000,0.300000>
	matrix <0.392462, -0.196005, 0.898641,
		-0.610211, -0.786529, 0.094944,
		0.688198, -0.585622, -0.428287,
		26.861048, 33.103722, 29.870188>
	pigment { color rgbt <0,1,1,0> }
	no_shadow
}
cylinder {
	<26.217682, 32.881393, 30.457596>,  <26.379309, 33.513657, 30.169989>, 0.130000
	pigment { color rgbt <1,0,0,0> }
	no_shadow
}

// nucleotide -1

// particle -1
sphere {
	<26.217682, 32.881393, 30.457596> 0.250000
	pigment { color rgbt <1,0,0,0> }
	no_shadow
}
cylinder {
	<26.599117, 32.878338, 30.337187>,  <26.827978, 32.876507, 30.264942>, 0.100000
	pigment { color rgbt <1,0,0,0> }
	no_shadow
}
cylinder {
	<26.599117, 32.878338, 30.337187>,  <26.217682, 32.881393, 30.457596>, 0.100000
	pigment { color rgbt <1,0,0,0> }
	no_shadow
}

// particle -1
sphere {
	<26.599117, 32.878338, 30.337187> 0.100000
	pigment { color rgbt <1,0,0,0> }
	no_shadow
}
sphere {
	0, 1
	scale<0.080000,0.200000,0.300000>
	matrix <0.289048, -0.257002, 0.922172,
		-0.084402, -0.966381, -0.242867,
		0.953587, -0.007633, -0.301022,
		26.885193, 32.876049, 30.246880>
	pigment { color rgbt <0,1,1,0> }
	no_shadow
}
cylinder {
	<26.473835, 32.462841, 30.875645>,  <26.217682, 32.881393, 30.457596>, 0.130000
	pigment { color rgbt <1,0,0,0> }
	no_shadow
}

// nucleotide -1

// particle -1
sphere {
	<26.473835, 32.462841, 30.875645> 0.250000
	pigment { color rgbt <1,0,0,0> }
	no_shadow
}
cylinder {
	<26.795197, 32.641174, 30.717772>,  <26.988012, 32.748177, 30.623047>, 0.100000
	pigment { color rgbt <1,0,0,0> }
	no_shadow
}
cylinder {
	<26.795197, 32.641174, 30.717772>,  <26.473835, 32.462841, 30.875645>, 0.100000
	pigment { color rgbt <1,0,0,0> }
	no_shadow
}

// particle -1
sphere {
	<26.795197, 32.641174, 30.717772> 0.100000
	pigment { color rgbt <1,0,0,0> }
	no_shadow
}
sphere {
	0, 1
	scale<0.080000,0.200000,0.300000>
	matrix <0.523236, -0.212237, 0.825336,
		0.284200, -0.869588, -0.403790,
		0.803402, 0.445838, -0.394682,
		27.036217, 32.774925, 30.599367>
	pigment { color rgbt <0,1,1,0> }
	no_shadow
}
cylinder {
	<27.046659, 32.036755, 31.043217>,  <26.473835, 32.462841, 30.875645>, 0.130000
	pigment { color rgbt <1,0,0,0> }
	no_shadow
}

// nucleotide -1

// particle -1
sphere {
	<27.046659, 32.036755, 31.043217> 0.250000
	pigment { color rgbt <1,0,0,0> }
	no_shadow
}
cylinder {
	<27.210087, 32.387478, 30.941805>,  <27.308144, 32.597912, 30.880959>, 0.100000
	pigment { color rgbt <1,0,0,0> }
	no_shadow
}
cylinder {
	<27.210087, 32.387478, 30.941805>,  <27.046659, 32.036755, 31.043217>, 0.100000
	pigment { color rgbt <1,0,0,0> }
	no_shadow
}

// particle -1
sphere {
	<27.210087, 32.387478, 30.941805> 0.100000
	pigment { color rgbt <1,0,0,0> }
	no_shadow
}
sphere {
	0, 1
	scale<0.080000,0.200000,0.300000>
