// switches for output
#declare DRAW_BASES = 1; // possible values are 0, 1; only relevant for DNA ribbons
#declare DRAW_BASES_TYPE = 3; // possible values are 1, 2, 3; only relevant for DNA ribbons
#declare DRAW_FOG = 0; // set to 1 to enable fog

#include "colors.inc"

#include "transforms.inc"
background { rgb <1, 1, 1>}

#default {
   normal{
       ripples 0.25
       frequency 0.20
       turbulence 0.2
       lambda 5
   }
	finish {
		phong 0.1
		phong_size 40.
	}
}

// original window dimensions: 1024x640


// camera settings

camera {
	sky <0, 0.179814, -0.983701>
	up <0, 0.179814, -0.983701>
	right 1.6 * <1, 0, 0>
	location <35, 94.9851, 44.8844>
	look_at <35, 29.7336, 32.9568>
	direction <0, -65.2515, -11.9276>
	angle 67.0682
}


# declare cpy_camera_pos = <35, 94.9851, 44.8844>;
# if (DRAW_FOG = 1)
fog {
	fog_type 2
	up vnormalize(cpy_camera_pos)
	color rgbt<1,1,1,0.3>
	distance 1e-5
	fog_alt 3e-3
	fog_offset 56
}
# end


// LIGHTS

# declare lum = 6;
global_settings {
	ambient_light rgb lum * <0.05, 0.05, 0.05>
	max_trace_level 15
}# declare cpy_direct_light_amount = 0.25;
light_source
{	1000 * <-1, -1.16352, -0.803886>,
	rgb lum * cpy_direct_light_amount
	parallel
}

light_source
{	1000 * <1, 1.16352, 0.803886>,
	rgb lum * cpy_direct_light_amount
	parallel
}

// strand 0

// nucleotide -1

// particle -1
sphere {
	<23.855268, 35.105324, 34.922680> 0.250000
	pigment { color rgbt <1,0,0,0> }
	no_shadow
}
cylinder {
	<24.215094, 35.123512, 35.096447>,  <24.430988, 35.134426, 35.200706>, 0.100000
	pigment { color rgbt <1,0,0,0> }
	no_shadow
}
cylinder {
	<24.215094, 35.123512, 35.096447>,  <23.855268, 35.105324, 34.922680>, 0.100000
	pigment { color rgbt <1,0,0,0> }
	no_shadow
}

// particle -1
sphere {
	<24.215094, 35.123512, 35.096447> 0.100000
	pigment { color rgbt <1,0,0,0> }
	no_shadow
}
sphere {
	0, 1
	scale<0.080000,0.200000,0.300000>
	matrix <0.368306, 0.455701, -0.810363,
		-0.234816, 0.888970, 0.393183,
		0.899562, 0.045475, 0.434419,
		24.484962, 35.137154, 35.226772>
	pigment { color rgbt <0,1,1,0> }
	no_shadow
}
cylinder {
	<24.095551, 35.731255, 35.074894>,  <23.855268, 35.105324, 34.922680>, 0.130000
	pigment { color rgbt <1,0,0,0> }
	no_shadow
}

// nucleotide -1

// particle -1
sphere {
	<24.095551, 35.731255, 35.074894> 0.250000
	pigment { color rgbt <1,0,0,0> }
	no_shadow
}
cylinder {
	<24.438829, 35.534931, 35.014755>,  <24.644796, 35.417137, 34.978672>, 0.100000
	pigment { color rgbt <1,0,0,0> }
	no_shadow
}
cylinder {
	<24.438829, 35.534931, 35.014755>,  <24.095551, 35.731255, 35.074894>, 0.100000
	pigment { color rgbt <1,0,0,0> }
	no_shadow
}

// particle -1
sphere {
	<24.438829, 35.534931, 35.014755> 0.100000
	pigment { color rgbt <1,0,0,0> }
	no_shadow
}
sphere {
	0, 1
	scale<0.080000,0.200000,0.300000>
	matrix <0.181058, 0.563502, -0.806029,
		0.480326, 0.664511, 0.572461,
		0.858199, -0.490806, -0.150350,
		24.696289, 35.387688, 34.969650>
	pigment { color rgbt <0,1,1,0> }
	no_shadow
}
cylinder {
	<24.559952, 36.259800, 34.821106>,  <24.095551, 35.731255, 35.074894>, 0.130000
	pigment { color rgbt <1,0,0,0> }
	no_shadow
}

// nucleotide -1

// particle -1
sphere {
	<24.559952, 36.259800, 34.821106> 0.250000
	pigment { color rgbt <1,0,0,0> }
	no_shadow
}
cylinder {
	<24.734116, 35.915066, 34.717064>,  <24.838614, 35.708225, 34.654636>, 0.100000
	pigment { color rgbt <1,0,0,0> }
	no_shadow
}
cylinder {
	<24.734116, 35.915066, 34.717064>,  <24.559952, 36.259800, 34.821106>, 0.100000
	pigment { color rgbt <1,0,0,0> }
	no_shadow
}

// particle -1
sphere {
	<24.734116, 35.915066, 34.717064> 0.100000
	pigment { color rgbt <1,0,0,0> }
	no_shadow
}
sphere {
	0, 1
	scale<0.080000,0.200000,0.300000>
	matrix <0.262050, 0.397760, -0.879270,
		0.861247, 0.314683, 0.399034,
		0.435411, -0.861836, -0.260107,
		24.864738, 35.656513, 34.639030>
	pigment { color rgbt <0,1,1,0> }
	no_shadow
}
cylinder {
	<24.866270, 36.397953, 35.391140>,  <24.559952, 36.259800, 34.821106>, 0.130000
	pigment { color rgbt <1,0,0,0> }
	no_shadow
}

// nucleotide -1

// particle -1
sphere {
	<24.866270, 36.397953, 35.391140> 0.250000
	pigment { color rgbt <1,0,0,0> }
	no_shadow
}
cylinder {
	<25.170898, 36.268101, 35.166775>,  <25.353676, 36.190189, 35.032154>, 0.100000
	pigment { color rgbt <1,0,0,0> }
	no_shadow
}
cylinder {
	<25.170898, 36.268101, 35.166775>,  <24.866270, 36.397953, 35.391140>, 0.100000
	pigment { color rgbt <1,0,0,0> }
	no_shadow
}

// particle -1
sphere {
	<25.170898, 36.268101, 35.166775> 0.100000
	pigment { color rgbt <1,0,0,0> }
	no_shadow
}
sphere {
	0, 1
	scale<0.080000,0.200000,0.300000>
	matrix <-0.403484, 0.439796, -0.802359,
		0.507158, 0.837373, 0.203953,
		0.761572, -0.324631, -0.560913,
		25.399370, 36.170712, 34.998501>
	pigment { color rgbt <0,1,1,0> }
	no_shadow
}
cylinder {
	<25.241781, 37.004189, 34.952717>,  <24.866270, 36.397953, 35.391140>, 0.130000
	pigment { color rgbt <1,0,0,0> }
	no_shadow
}

// nucleotide -1

// particle -1
sphere {
	<25.241781, 37.004189, 34.952717> 0.250000
	pigment { color rgbt <1,0,0,0> }
	no_shadow
}
cylinder {
	<25.291309, 36.654163, 34.765556>,  <25.321026, 36.444149, 34.653259>, 0.100000
	pigment { color rgbt <1,0,0,0> }
	no_shadow
}
cylinder {
	<25.291309, 36.654163, 34.765556>,  <25.241781, 37.004189, 34.952717>, 0.100000
	pigment { color rgbt <1,0,0,0> }
	no_shadow
}

// particle -1
sphere {
	<25.291309, 36.654163, 34.765556> 0.100000
	pigment { color rgbt <1,0,0,0> }
	no_shadow
}
sphere {
	0, 1
	scale<0.080000,0.200000,0.300000>
	matrix <-0.049879, 0.465443, -0.883671,
		0.991050, 0.132757, 0.013985,
		0.123823, -0.875065, -0.467900,
		25.328457, 36.391644, 34.625187>
	pigment { color rgbt <0,1,1,0> }
	no_shadow
}
cylinder {
	<25.756031, 37.192795, 34.414135>,  <25.241781, 37.004189, 34.952717>, 0.130000
	pigment { color rgbt <1,0,0,0> }
	no_shadow
}

// nucleotide -1

// particle -1
sphere {
	<25.756031, 37.192795, 34.414135> 0.250000
	pigment { color rgbt <1,0,0,0> }
	no_shadow
}
cylinder {
	<25.602795, 36.836838, 34.315079>,  <25.510853, 36.623264, 34.255646>, 0.100000
	pigment { color rgbt <1,0,0,0> }
	no_shadow
}
cylinder {
	<25.602795, 36.836838, 34.315079>,  <25.756031, 37.192795, 34.414135>, 0.100000
	pigment { color rgbt <1,0,0,0> }
	no_shadow
}

// particle -1
sphere {
	<25.602795, 36.836838, 34.315079> 0.100000
	pigment { color rgbt <1,0,0,0> }
	no_shadow
}
sphere {
	0, 1
	scale<0.080000,0.200000,0.300000>
	matrix <0.023668, 0.258545, -0.965709,
		0.923407, -0.375817, -0.077985,
		-0.383093, -0.889897, -0.247637,
		25.487867, 36.569870, 34.240788>
	pigment { color rgbt <0,1,1,0> }
	no_shadow
}
cylinder {
	<26.197403, 36.969582, 33.841103>,  <25.756031, 37.192795, 34.414135>, 0.130000
	pigment { color rgbt <1,0,0,0> }
	no_shadow
}

// nucleotide -1

// particle -1
sphere {
	<26.197403, 36.969582, 33.841103> 0.250000
	pigment { color rgbt <1,0,0,0> }
	no_shadow
}
cylinder {
	<25.861654, 36.756310, 33.798809>,  <25.660206, 36.628349, 33.773434>, 0.100000
	pigment { color rgbt <1,0,0,0> }
	no_shadow
}
cylinder {
	<25.861654, 36.756310, 33.798809>,  <26.197403, 36.969582, 33.841103>, 0.100000
	pigment { color rgbt <1,0,0,0> }
	no_shadow
}

// particle -1
sphere {
	<25.861654, 36.756310, 33.798809> 0.100000
	pigment { color rgbt <1,0,0,0> }
	no_shadow
}
sphere {
	0, 1
	scale<0.080000,0.200000,0.300000>
	matrix <-0.143496, 0.404979, -0.902996,
		0.524277, -0.742775, -0.416436,
		-0.839371, -0.533176, -0.105736,
		25.609842, 36.596355, 33.767090>
	pigment { color rgbt <0,1,1,0> }
	no_shadow
}
cylinder {
	<26.136530, 36.642673, 33.144070>,  <26.197403, 36.969582, 33.841103>, 0.130000
	pigment { color rgbt <1,0,0,0> }
	no_shadow
}

// nucleotide -1

// particle -1
sphere {
	<26.136530, 36.642673, 33.144070> 0.250000
	pigment { color rgbt <1,0,0,0> }
	no_shadow
}
cylinder {
	<25.759880, 36.664478, 33.276955>,  <25.533890, 36.677563, 33.356686>, 0.100000
	pigment { color rgbt <1,0,0,0> }
	no_shadow
}
cylinder {
	<25.759880, 36.664478, 33.276955>,  <26.136530, 36.642673, 33.144070>, 0.100000
	pigment { color rgbt <1,0,0,0> }
	no_shadow
}

// particle -1
sphere {
	<25.759880, 36.664478, 33.276955> 0.100000
	pigment { color rgbt <1,0,0,0> }
	no_shadow
}
sphere {
	0, 1
	scale<0.080000,0.200000,0.300000>
	matrix <-0.280717, 0.417604, -0.864179,
		-0.185844, -0.906993, -0.377924,
		-0.941626, 0.054513, 0.332217,
		25.477392, 36.680832, 33.376621>
	pigment { color rgbt <0,1,1,0> }
	no_shadow
}
cylinder {
	<25.830101, 36.230309, 32.648323>,  <26.136530, 36.642673, 33.144070>, 0.130000
	pigment { color rgbt <1,0,0,0> }
	no_shadow
}

// nucleotide -1

// particle -1
sphere {
	<25.830101, 36.230309, 32.648323> 0.250000
	pigment { color rgbt <1,0,0,0> }
	no_shadow
}
cylinder {
	<25.586702, 36.494232, 32.824680>,  <25.440664, 36.652588, 32.930492>, 0.100000
	pigment { color rgbt <1,0,0,0> }
	no_shadow
}
cylinder {
	<25.586702, 36.494232, 32.824680>,  <25.830101, 36.230309, 32.648323>, 0.100000
	pigment { color rgbt <1,0,0,0> }
	no_shadow
}

// particle -1
sphere {
	<25.586702, 36.494232, 32.824680> 0.100000
	pigment { color rgbt <1,0,0,0> }
	no_shadow
}
sphere {
	0, 1
	scale<0.080000,0.200000,0.300000>
	matrix <-0.305376, 0.318107, -0.897527,
		-0.732447, -0.680777, 0.007924,
		-0.608495, 0.659811, 0.440889,
		25.404154, 36.692177, 32.956947>
	pigment { color rgbt <0,1,1,0> }
	no_shadow
}
cylinder {
	<25.187561, 36.237331, 32.246899>,  <25.830101, 36.230309, 32.648323>, 0.130000
	pigment { color rgbt <1,0,0,0> }
	no_shadow
}

// nucleotide -1

// particle -1
sphere {
	<25.187561, 36.237331, 32.246899> 0.250000
	pigment { color rgbt <1,0,0,0> }
	no_shadow
}
cylinder {
	<25.200489, 36.572277, 32.465176>,  <25.208246, 36.773243, 32.596142>, 0.100000
	pigment { color rgbt <1,0,0,0> }
	no_shadow
}
cylinder {
	<25.200489, 36.572277, 32.465176>,  <25.187561, 36.237331, 32.246899>, 0.100000
	pigment { color rgbt <1,0,0,0> }
	no_shadow
}

// particle -1
sphere {
	<25.200489, 36.572277, 32.465176> 0.100000
	pigment { color rgbt <1,0,0,0> }
	no_shadow
}
sphere {
	0, 1
	scale<0.080000,0.200000,0.300000>
	matrix <-0.070026, 0.546536, -0.834503,
		-0.997021, -0.011244, 0.076300,
		0.032318, 0.837360, 0.545696,
		25.210184, 36.823486, 32.628883>
	pigment { color rgbt <0,1,1,0> }
	no_shadow
}
cylinder {
	<24.635523, 36.634949, 32.078064>,  <25.187561, 36.237331, 32.246899>, 0.130000
	pigment { color rgbt <1,0,0,0> }
	no_shadow
}

// nucleotide -1

// particle -1
sphere {
	<24.635523, 36.634949, 32.078064> 0.250000
	pigment { color rgbt <1,0,0,0> }
	no_shadow
}
cylinder {
	<24.887238, 36.901531, 32.237984>,  <25.038265, 37.061481, 32.333935>, 0.100000
	pigment { color rgbt <1,0,0,0> }
	no_shadow
}
cylinder {
	<24.887238, 36.901531, 32.237984>,  <24.635523, 36.634949, 32.078064>, 0.100000
	pigment { color rgbt <1,0,0,0> }
	no_shadow
}

// particle -1
sphere {
	<24.887238, 36.901531, 32.237984> 0.100000
	pigment { color rgbt <1,0,0,0> }
	no_shadow
}
sphere {
	0, 1
	scale<0.080000,0.200000,0.300000>
	matrix <0.011655, 0.506282, -0.862289,
		-0.777087, 0.547285, 0.310828,
		0.629285, 0.666451, 0.399804,
		25.076023, 37.101467, 32.357925>
	pigment { color rgbt <0,1,1,0> }
	no_shadow
}
cylinder {
	<24.252008, 37.289845, 31.962273>,  <24.635523, 36.634949, 32.078064>, 0.130000
	pigment { color rgbt <1,0,0,0> }
	no_shadow
}

// nucleotide -1

// particle -1
sphere {
	<24.252008, 37.289845, 31.962273> 0.250000
	pigment { color rgbt <1,0,0,0> }
	no_shadow
}
cylinder {
	<24.640753, 37.354462, 32.030842>,  <24.874001, 37.393230, 32.071983>, 0.100000
	pigment { color rgbt <1,0,0,0> }
	no_shadow
}
cylinder {
	<24.640753, 37.354462, 32.030842>,  <24.252008, 37.289845, 31.962273>, 0.100000
	pigment { color rgbt <1,0,0,0> }
	no_shadow
}

// particle -1
sphere {
	<24.640753, 37.354462, 32.030842> 0.100000
	pigment { color rgbt <1,0,0,0> }
	no_shadow
}
sphere {
	0, 1
	scale<0.080000,0.200000,0.300000>
	matrix <0.076115, 0.473338, -0.877586,
		-0.222909, 0.865942, 0.447724,
		0.971863, 0.161543, 0.171423,
		24.932312, 37.402924, 32.082268>
	pigment { color rgbt <0,1,1,0> }
	no_shadow
}
cylinder {
	<24.287130, 37.938763, 31.656639>,  <24.252008, 37.289845, 31.962273>, 0.130000
	pigment { color rgbt <1,0,0,0> }
	no_shadow
}

// nucleotide -1

// particle -1
sphere {
	<24.287130, 37.938763, 31.656639> 0.250000
	pigment { color rgbt <1,0,0,0> }
	no_shadow
}
cylinder {
	<24.678982, 37.878338, 31.709562>,  <24.914093, 37.842083, 31.741316>, 0.100000
	pigment { color rgbt <1,0,0,0> }
	no_shadow
}
cylinder {
	<24.678982, 37.878338, 31.709562>,  <24.287130, 37.938763, 31.656639>, 0.100000
	pigment { color rgbt <1,0,0,0> }
	no_shadow
}

// particle -1
sphere {
	<24.678982, 37.878338, 31.709562> 0.100000
	pigment { color rgbt <1,0,0,0> }
	no_shadow
}
sphere {
	0, 1
	scale<0.080000,0.200000,0.300000>
	matrix <0.200718, 0.756529, -0.622395,
		-0.006075, 0.636273, 0.771439,
		0.979630, -0.151061, 0.132307,
		24.972872, 37.833019, 31.749254>
	pigment { color rgbt <0,1,1,0> }
	no_shadow
}
cylinder {
	<24.640265, 38.631313, 31.789385>,  <24.287130, 37.938763, 31.656639>, 0.130000
	pigment { color rgbt <1,0,0,0> }
	no_shadow
}

// nucleotide -1

// particle -1
sphere {
	<24.640265, 38.631313, 31.789385> 0.250000
	pigment { color rgbt <1,0,0,0> }
	no_shadow
}
cylinder {
	<24.911188, 38.379292, 31.637444>,  <25.073742, 38.228081, 31.546278>, 0.100000
	pigment { color rgbt <1,0,0,0> }
	no_shadow
}
cylinder {
	<24.911188, 38.379292, 31.637444>,  <24.640265, 38.631313, 31.789385>, 0.100000
	pigment { color rgbt <1,0,0,0> }
	no_shadow
}

// particle -1
sphere {
	<24.911188, 38.379292, 31.637444> 0.100000
	pigment { color rgbt <1,0,0,0> }
	no_shadow
}
sphere {
	0, 1
	scale<0.080000,0.200000,0.300000>
	matrix <0.173800, 0.638732, -0.749543,
		0.714874, 0.441654, 0.542122,
		0.677310, -0.630050, -0.379853,
		25.114382, 38.190277, 31.523487>
	pigment { color rgbt <0,1,1,0> }
	no_shadow
}
cylinder {
	<25.080256, 39.106850, 31.550646>,  <24.640265, 38.631313, 31.789385>, 0.130000
	pigment { color rgbt <1,0,0,0> }
	no_shadow
}

// nucleotide -1

// particle -1
sphere {
	<25.080256, 39.106850, 31.550646> 0.250000
	pigment { color rgbt <1,0,0,0> }
	no_shadow
}
cylinder {
	<25.172495, 38.761719, 31.370712>,  <25.227839, 38.554642, 31.262753>, 0.100000
	pigment { color rgbt <1,0,0,0> }
	no_shadow
}
cylinder {
	<25.172495, 38.761719, 31.370712>,  <25.080256, 39.106850, 31.550646>, 0.100000
	pigment { color rgbt <1,0,0,0> }
	no_shadow
}

// particle -1
sphere {
	<25.172495, 38.761719, 31.370712> 0.100000
	pigment { color rgbt <1,0,0,0> }
	no_shadow
}
sphere {
	0, 1
	scale<0.080000,0.200000,0.300000>
	matrix <0.137312, 0.486524, -0.862810,
		0.963312, 0.137196, 0.230668,
		0.230599, -0.862828, -0.449836,
		25.241674, 38.502869, 31.235762>
	pigment { color rgbt <0,1,1,0> }
	no_shadow
}
cylinder {
	<25.792534, 39.130482, 31.337559>,  <25.080256, 39.106850, 31.550646>, 0.130000
	pigment { color rgbt <1,0,0,0> }
	no_shadow
}

// nucleotide -1

// particle -1
sphere {
	<25.792534, 39.130482, 31.337559> 0.250000
	pigment { color rgbt <1,0,0,0> }
	no_shadow
}
cylinder {
	<25.592136, 38.866261, 31.113888>,  <25.471899, 38.707729, 30.979685>, 0.100000
	pigment { color rgbt <1,0,0,0> }
	no_shadow
}
cylinder {
	<25.592136, 38.866261, 31.113888>,  <25.792534, 39.130482, 31.337559>, 0.100000
	pigment { color rgbt <1,0,0,0> }
	no_shadow
}

// particle -1
sphere {
	<25.592136, 38.866261, 31.113888> 0.100000
	pigment { color rgbt <1,0,0,0> }
	no_shadow
}
sphere {
	0, 1
	scale<0.080000,0.200000,0.300000>
	matrix <0.260581, 0.500995, -0.825289,
		0.825291, -0.559174, -0.078868,
		-0.500992, -0.660551, -0.559177,
		25.441839, 38.668095, 30.946135>
	pigment { color rgbt <0,1,1,0> }
	no_shadow
}
cylinder {
	<26.166647, 39.165211, 30.778242>,  <25.792534, 39.130482, 31.337559>, 0.130000
	pigment { color rgbt <1,0,0,0> }
	no_shadow
}

// nucleotide -1

// particle -1
sphere {
	<26.166647, 39.165211, 30.778242> 0.250000
	pigment { color rgbt <1,0,0,0> }
	no_shadow
}
cylinder {
	<25.820845, 38.997105, 30.667965>,  <25.613363, 38.896240, 30.601799>, 0.100000
	pigment { color rgbt <1,0,0,0> }
	no_shadow
}
cylinder {
	<25.820845, 38.997105, 30.667965>,  <26.166647, 39.165211, 30.778242>, 0.100000
	pigment { color rgbt <1,0,0,0> }
	no_shadow
}

// particle -1
sphere {
	<25.820845, 38.997105, 30.667965> 0.100000
	pigment { color rgbt <1,0,0,0> }
	no_shadow
}
sphere {
	0, 1
	scale<0.080000,0.200000,0.300000>
	matrix <0.117984, 0.363506, -0.924091,
		0.488581, -0.831408, -0.264667,
		-0.864505, -0.420267, -0.275695,
		25.561493, 38.871025, 30.585257>
	pigment { color rgbt <0,1,1,0> }
	no_shadow
}
cylinder {
	<26.268696, 39.040325, 30.118311>,  <26.166647, 39.165211, 30.778242>, 0.130000
	pigment { color rgbt <1,0,0,0> }
	no_shadow
}

// nucleotide -1

// particle -1
sphere {
	<26.268696, 39.040325, 30.118311> 0.250000
	pigment { color rgbt <1,0,0,0> }
	no_shadow
}
cylinder {
	<25.873493, 38.979103, 30.126482>,  <25.636372, 38.942371, 30.131384>, 0.100000
	pigment { color rgbt <1,0,0,0> }
	no_shadow
}
cylinder {
	<25.873493, 38.979103, 30.126482>,  <26.268696, 39.040325, 30.118311>, 0.100000
	pigment { color rgbt <1,0,0,0> }
	no_shadow
}

// particle -1
sphere {
	<25.873493, 38.979103, 30.126482> 0.100000
	pigment { color rgbt <1,0,0,0> }
	no_shadow
}
sphere {
	0, 1
	scale<0.080000,0.200000,0.300000>
	matrix <-0.091561, 0.474204, -0.875641,
		0.124330, -0.867010, -0.482530,
		-0.988007, -0.153050, 0.020427,
		25.577091, 38.933189, 30.132610>
	pigment { color rgbt <0,1,1,0> }
	no_shadow
}
cylinder {
	<26.116465, 38.853256, 29.452505>,  <26.268696, 39.040325, 30.118311>, 0.130000
	pigment { color rgbt <1,0,0,0> }
	no_shadow
}

// nucleotide -1

// particle -1
sphere {
	<26.116465, 38.853256, 29.452505> 0.250000
	pigment { color rgbt <1,0,0,0> }
	no_shadow
}
cylinder {
	<25.775055, 38.974609, 29.621954>,  <25.570210, 39.047421, 29.723623>, 0.100000
	pigment { color rgbt <1,0,0,0> }
	no_shadow
}
cylinder {
	<25.775055, 38.974609, 29.621954>,  <26.116465, 38.853256, 29.452505>, 0.100000
	pigment { color rgbt <1,0,0,0> }
	no_shadow
}

// particle -1
sphere {
	<25.775055, 38.974609, 29.621954> 0.100000
	pigment { color rgbt <1,0,0,0> }
	no_shadow
}
sphere {
	0, 1
	scale<0.080000,0.200000,0.300000>
	matrix <-0.266956, 0.443589, -0.855549,
		-0.447475, -0.843319, -0.297623,
		-0.853523, 0.303384, 0.423624,
		25.518997, 39.065624, 29.749041>
	pigment { color rgbt <0,1,1,0> }
	no_shadow
}
cylinder {
	<25.586504, 38.619461, 29.116497>,  <26.116465, 38.853256, 29.452505>, 0.130000
	pigment { color rgbt <1,0,0,0> }
	no_shadow
}

// nucleotide -1

// particle -1
sphere {
	<25.586504, 38.619461, 29.116497> 0.250000
	pigment { color rgbt <1,0,0,0> }
	no_shadow
}
cylinder {
	<25.408037, 38.942928, 29.269852>,  <25.300957, 39.137009, 29.361864>, 0.100000
	pigment { color rgbt <1,0,0,0> }
	no_shadow
}
cylinder {
	<25.408037, 38.942928, 29.269852>,  <25.586504, 38.619461, 29.116497>, 0.100000
	pigment { color rgbt <1,0,0,0> }
	no_shadow
}

// particle -1
sphere {
	<25.408037, 38.942928, 29.269852> 0.100000
	pigment { color rgbt <1,0,0,0> }
	no_shadow
}
sphere {
	0, 1
	scale<0.080000,0.200000,0.300000>
	matrix <-0.201478, 0.326633, -0.923427,
		-0.871975, -0.489248, 0.017196,
		-0.446168, 0.808670, 0.383389,
		25.274187, 39.185528, 29.384869>
	pigment { color rgbt <0,1,1,0> }
	no_shadow
}
cylinder {
	<24.915838, 38.779903, 28.730728>,  <25.586504, 38.619461, 29.116497>, 0.130000
	pigment { color rgbt <1,0,0,0> }
	no_shadow
}

// nucleotide -1

// particle -1
sphere {
	<24.915838, 38.779903, 28.730728> 0.250000
	pigment { color rgbt <1,0,0,0> }
	no_shadow
}
cylinder {
	<24.988291, 39.122715, 28.923683>,  <25.031763, 39.328400, 29.039457>, 0.100000
	pigment { color rgbt <1,0,0,0> }
	no_shadow
}
cylinder {
	<24.988291, 39.122715, 28.923683>,  <24.915838, 38.779903, 28.730728>, 0.100000
	pigment { color rgbt <1,0,0,0> }
	no_shadow
}

// particle -1
sphere {
	<24.988291, 39.122715, 28.923683> 0.100000
	pigment { color rgbt <1,0,0,0> }
	no_shadow
}
sphere {
	0, 1
	scale<0.080000,0.200000,0.300000>
	matrix <-0.193983, 0.512001, -0.836795,
		-0.964138, 0.057994, 0.258988,
		0.181131, 0.857025, 0.482390,
		25.042629, 39.379822, 29.068399>
	pigment { color rgbt <0,1,1,0> }
	no_shadow
}
cylinder {
	<24.465950, 39.250252, 28.412636>,  <24.915838, 38.779903, 28.730728>, 0.130000
	pigment { color rgbt <1,0,0,0> }
	no_shadow
}

// nucleotide -1

// particle -1
sphere {
	<24.465950, 39.250252, 28.412636> 0.250000
	pigment { color rgbt <1,0,0,0> }
	no_shadow
}
cylinder {
	<24.726475, 39.494705, 28.592550>,  <24.882790, 39.641376, 28.700499>, 0.100000
	pigment { color rgbt <1,0,0,0> }
	no_shadow
}
cylinder {
	<24.726475, 39.494705, 28.592550>,  <24.465950, 39.250252, 28.412636>, 0.100000
	pigment { color rgbt <1,0,0,0> }
	no_shadow
}

// particle -1
sphere {
	<24.726475, 39.494705, 28.592550> 0.100000
	pigment { color rgbt <1,0,0,0> }
	no_shadow
}
sphere {
	0, 1
	scale<0.080000,0.200000,0.300000>
	matrix <-0.120774, 0.668687, -0.733670,
		-0.749138, 0.423524, 0.509332,
		0.651311, 0.611134, 0.449788,
		24.921867, 39.678047, 28.727488>
	pigment { color rgbt <0,1,1,0> }
	no_shadow
}
cylinder {
	<24.176092, 39.859005, 28.416315>,  <24.465950, 39.250252, 28.412636>, 0.130000
	pigment { color rgbt <1,0,0,0> }
	no_shadow
}

// nucleotide -1

// particle -1
sphere {
	<24.176092, 39.859005, 28.416315> 0.250000
	pigment { color rgbt <1,0,0,0> }
	no_shadow
}
cylinder {
	<24.570490, 39.920704, 28.441673>,  <24.807129, 39.957722, 28.456888>, 0.100000
	pigment { color rgbt <1,0,0,0> }
	no_shadow
}
cylinder {
	<24.570490, 39.920704, 28.441673>,  <24.176092, 39.859005, 28.416315>, 0.100000
	pigment { color rgbt <1,0,0,0> }
	no_shadow
}

// particle -1
sphere {
	<24.570490, 39.920704, 28.441673> 0.100000
	pigment { color rgbt <1,0,0,0> }
	no_shadow
}
sphere {
	0, 1
	scale<0.080000,0.200000,0.300000>
	matrix <-0.064230, 0.702079, -0.709197,
		-0.153899, 0.695193, 0.702155,
		0.985997, 0.154245, 0.063397,
		24.866289, 39.966976, 28.460691>
	pigment { color rgbt <0,1,1,0> }
	no_shadow
}
cylinder {
	<24.239405, 40.573639, 28.392303>,  <24.176092, 39.859005, 28.416315>, 0.130000
	pigment { color rgbt <1,0,0,0> }
	no_shadow
}

// nucleotide -1

// particle -1
sphere {
	<24.239405, 40.573639, 28.392303> 0.250000
	pigment { color rgbt <1,0,0,0> }
	no_shadow
}
cylinder {
	<24.604794, 40.447624, 28.289295>,  <24.824028, 40.372017, 28.227489>, 0.100000
	pigment { color rgbt <1,0,0,0> }
	no_shadow
}
cylinder {
	<24.604794, 40.447624, 28.289295>,  <24.239405, 40.573639, 28.392303>, 0.100000
	pigment { color rgbt <1,0,0,0> }
	no_shadow
}

// particle -1
sphere {
	<24.604794, 40.447624, 28.289295> 0.100000
	pigment { color rgbt <1,0,0,0> }
	no_shadow
}
sphere {
	0, 1
	scale<0.080000,0.200000,0.300000>
	matrix <0.062189, 0.733548, -0.676787,
		0.402118, 0.602212, 0.689668,
		0.913474, -0.315038, -0.257522,
		24.878836, 40.353111, 28.212038>
	pigment { color rgbt <0,1,1,0> }
	no_shadow
}
cylinder {
	<24.711033, 41.144367, 28.449125>,  <24.239405, 40.573639, 28.392303>, 0.130000
	pigment { color rgbt <1,0,0,0> }
	no_shadow
}

// nucleotide -1

// particle -1
sphere {
	<24.711033, 41.144367, 28.449125> 0.250000
	pigment { color rgbt <1,0,0,0> }
	no_shadow
}
cylinder {
	<24.883768, 40.899975, 28.183731>,  <24.987410, 40.753338, 28.024494>, 0.100000
	pigment { color rgbt <1,0,0,0> }
	no_shadow
}
cylinder {
	<24.883768, 40.899975, 28.183731>,  <24.711033, 41.144367, 28.449125>, 0.100000
	pigment { color rgbt <1,0,0,0> }
	no_shadow
}

// particle -1
sphere {
	<24.883768, 40.899975, 28.183731> 0.100000
	pigment { color rgbt <1,0,0,0> }
	no_shadow
}
sphere {
	0, 1
	scale<0.080000,0.200000,0.300000>
	matrix <0.006554, 0.737717, -0.675078,
		0.901927, 0.287177, 0.322579,
		0.431839, -0.610985, -0.663485,
		25.013319, 40.716679, 27.984686>
	pigment { color rgbt <0,1,1,0> }
	no_shadow
}
cylinder {
	<25.237524, 41.470524, 28.220587>,  <24.711033, 41.144367, 28.449125>, 0.130000
	pigment { color rgbt <1,0,0,0> }
	no_shadow
}

// nucleotide -1

// particle -1
sphere {
	<25.237524, 41.470524, 28.220587> 0.250000
	pigment { color rgbt <1,0,0,0> }
	no_shadow
}
cylinder {
	<25.115398, 41.200069, 27.952372>,  <25.042122, 41.037796, 27.791443>, 0.100000
	pigment { color rgbt <1,0,0,0> }
	no_shadow
}
cylinder {
	<25.115398, 41.200069, 27.952372>,  <25.237524, 41.470524, 28.220587>, 0.100000
	pigment { color rgbt <1,0,0,0> }
	no_shadow
}

// particle -1
sphere {
	<25.115398, 41.200069, 27.952372> 0.100000
	pigment { color rgbt <1,0,0,0> }
	no_shadow
}
sphere {
	0, 1
	scale<0.080000,0.200000,0.300000>
	matrix <-0.151002, 0.729629, -0.666963,
		0.940203, -0.102381, -0.324865,
		-0.305315, -0.676135, -0.670540,
		25.023804, 40.997231, 27.751209>
	pigment { color rgbt <0,1,1,0> }
	no_shadow
}
cylinder {
	<25.570288, 41.624096, 27.589853>,  <25.237524, 41.470524, 28.220587>, 0.130000
	pigment { color rgbt <1,0,0,0> }
	no_shadow
}

// nucleotide -1

// particle -1
sphere {
	<25.570288, 41.624096, 27.589853> 0.250000
	pigment { color rgbt <1,0,0,0> }
	no_shadow
}
cylinder {
	<25.222797, 41.438885, 27.519514>,  <25.014303, 41.327759, 27.477310>, 0.100000
	pigment { color rgbt <1,0,0,0> }
	no_shadow
}
cylinder {
	<25.222797, 41.438885, 27.519514>,  <25.570288, 41.624096, 27.589853>, 0.100000
	pigment { color rgbt <1,0,0,0> }
	no_shadow
}

// particle -1
sphere {
	<25.222797, 41.438885, 27.519514> 0.100000
	pigment { color rgbt <1,0,0,0> }
	no_shadow
}
sphere {
	0, 1
	scale<0.080000,0.200000,0.300000>
	matrix <-0.273926, 0.744950, -0.608288,
		0.412650, -0.480267, -0.773992,
		-0.868726, -0.463026, -0.175846,
		24.962179, 41.299976, 27.466761>
	pigment { color rgbt <0,1,1,0> }
	no_shadow
}
cylinder {
	<25.419392, 42.278687, 27.638874>,  <25.570288, 41.624096, 27.589853>, 0.130000
	pigment { color rgbt <1,0,0,0> }
	no_shadow
}

// nucleotide -1

// particle -1
sphere {
	<25.419392, 42.278687, 27.638874> 0.250000
	pigment { color rgbt <1,0,0,0> }
	no_shadow
}
cylinder {
	<25.266193, 42.617306, 27.490995>,  <25.174274, 42.820477, 27.402267>, 0.100000
	pigment { color rgbt <1,0,0,0> }
	no_shadow
}
cylinder {
	<25.266193, 42.617306, 27.490995>,  <25.419392, 42.278687, 27.638874>, 0.100000
	pigment { color rgbt <1,0,0,0> }
	no_shadow
}

// particle -1
sphere {
	<25.266193, 42.617306, 27.490995> 0.100000
	pigment { color rgbt <1,0,0,0> }
	no_shadow
}
sphere {
	0, 1
	scale<0.080000,0.200000,0.300000>
	matrix <-0.499592, 0.146809, 0.853730,
		0.776996, 0.511672, 0.366700,
		-0.382994, 0.846545, -0.369697,
		25.151295, 42.871269, 27.380087>
	pigment { color rgbt <0,1,1,0> }
	no_shadow
}
cylinder {
	<25.576605, 42.875301, 28.115988>,  <25.419392, 42.278687, 27.638874>, 0.130000
	pigment { color rgbt <1,0,0,0> }
	no_shadow
}

// nucleotide -1

// particle -1
sphere {
	<25.576605, 42.875301, 28.115988> 0.250000
	pigment { color rgbt <1,0,0,0> }
	no_shadow
}
cylinder {
	<25.243750, 42.849098, 27.895712>,  <25.044037, 42.833378, 27.763546>, 0.100000
	pigment { color rgbt <1,0,0,0> }
	no_shadow
}
cylinder {
	<25.243750, 42.849098, 27.895712>,  <25.576605, 42.875301, 28.115988>, 0.100000
	pigment { color rgbt <1,0,0,0> }
	no_shadow
}

// particle -1
sphere {
	<25.243750, 42.849098, 27.895712> 0.100000
	pigment { color rgbt <1,0,0,0> }
	no_shadow
}
sphere {
	0, 1
	scale<0.080000,0.200000,0.300000>
	matrix <-0.552520, 0.012597, 0.833404,
		-0.047656, 0.997772, -0.046676,
		-0.832136, -0.065506, -0.550689,
		24.994108, 42.829445, 27.730505>
	pigment { color rgbt <0,1,1,0> }
	no_shadow
}
cylinder {
	<26.171993, 43.320438, 28.157909>,  <25.576605, 42.875301, 28.115988>, 0.130000
	pigment { color rgbt <1,0,0,0> }
	no_shadow
}

// nucleotide -1

// particle -1
sphere {
	<26.171993, 43.320438, 28.157909> 0.250000
	pigment { color rgbt <1,0,0,0> }
	no_shadow
}
cylinder {
	<26.451035, 43.258160, 28.437653>,  <26.618460, 43.220791, 28.605499>, 0.100000
	pigment { color rgbt <1,0,0,0> }
	no_shadow
}
cylinder {
	<26.451035, 43.258160, 28.437653>,  <26.171993, 43.320438, 28.157909>, 0.100000
	pigment { color rgbt <1,0,0,0> }
	no_shadow
}

// particle -1
sphere {
	<26.451035, 43.258160, 28.437653> 0.100000
	pigment { color rgbt <1,0,0,0> }
	no_shadow
}
sphere {
	0, 1
	scale<0.080000,0.200000,0.300000>
	matrix <-0.613340, -0.634322, 0.470583,
		0.370351, -0.757227, -0.538002,
		0.697605, -0.155697, 0.699360,
		26.660316, 43.211449, 28.647461>
	pigment { color rgbt <0,1,1,0> }
	no_shadow
}
cylinder {
	<26.284006, 42.597153, 28.260807>,  <26.171993, 43.320438, 28.157909>, 0.130000
	pigment { color rgbt <1,0,0,0> }
	no_shadow
}

// nucleotide -1

// particle -1
sphere {
	<26.284006, 42.597153, 28.260807> 0.250000
	pigment { color rgbt <1,0,0,0> }
	no_shadow
}
cylinder {
	<26.343021, 42.811153, 28.593554>,  <26.378431, 42.939552, 28.793201>, 0.100000
	pigment { color rgbt <1,0,0,0> }
	no_shadow
}
cylinder {
	<26.343021, 42.811153, 28.593554>,  <26.284006, 42.597153, 28.260807>, 0.100000
	pigment { color rgbt <1,0,0,0> }
	no_shadow
}

// particle -1
sphere {
	<26.343021, 42.811153, 28.593554> 0.100000
	pigment { color rgbt <1,0,0,0> }
	no_shadow
}
sphere {
	0, 1
	scale<0.080000,0.200000,0.300000>
	matrix <-0.705198, -0.532827, 0.467752,
		0.693490, -0.655643, 0.298671,
		0.147538, 0.535003, 0.831868,
		26.387283, 42.971653, 28.843113>
	pigment { color rgbt <0,1,1,0> }
	no_shadow
}
cylinder {
	<26.982492, 42.478672, 27.824743>,  <26.284006, 42.597153, 28.260807>, 0.130000
	pigment { color rgbt <1,0,0,0> }
	no_shadow
}

// nucleotide -1

// particle -1
sphere {
	<26.982492, 42.478672, 27.824743> 0.250000
	pigment { color rgbt <1,0,0,0> }
	no_shadow
}
cylinder {
	<27.336357, 42.664757, 27.837111>,  <27.548676, 42.776405, 27.844532>, 0.100000
	pigment { color rgbt <1,0,0,0> }
	no_shadow
}
cylinder {
	<27.336357, 42.664757, 27.837111>,  <26.982492, 42.478672, 27.824743>, 0.100000
	pigment { color rgbt <1,0,0,0> }
	no_shadow
}

// particle -1
sphere {
	<27.336357, 42.664757, 27.837111> 0.100000
	pigment { color rgbt <1,0,0,0> }
	no_shadow
}
sphere {
	0, 1
	scale<0.080000,0.200000,0.300000>
	matrix <-0.040506, 0.010622, 0.999123,
		0.464473, -0.885137, 0.028240,
		0.884660, 0.465210, 0.030919,
		27.601755, 42.804321, 27.846386>
	pigment { color rgbt <0,1,1,0> }
	no_shadow
}
cylinder {
	<27.626839, 42.249599, 27.466854>,  <26.982492, 42.478672, 27.824743>, 0.130000
	pigment { color rgbt <1,0,0,0> }
	no_shadow
}

// nucleotide -1

// particle -1
sphere {
	<27.626839, 42.249599, 27.466854> 0.250000
	pigment { color rgbt <1,0,0,0> }
	no_shadow
}
cylinder {
	<27.616989, 42.322693, 27.859995>,  <27.611078, 42.366550, 28.095881>, 0.100000
	pigment { color rgbt <1,0,0,0> }
	no_shadow
}
cylinder {
	<27.616989, 42.322693, 27.859995>,  <27.626839, 42.249599, 27.466854>, 0.100000
	pigment { color rgbt <1,0,0,0> }
	no_shadow
}

// particle -1
sphere {
	<27.616989, 42.322693, 27.859995> 0.100000
	pigment { color rgbt <1,0,0,0> }
	no_shadow
}
sphere {
	0, 1
	scale<0.080000,0.200000,0.300000>
	matrix <-0.006599, -0.983161, 0.182624,
		0.999675, -0.001989, 0.025417,
		-0.024626, 0.182732, 0.982854,
		27.609602, 42.377514, 28.154852>
	pigment { color rgbt <0,1,1,0> }
	no_shadow
}
cylinder {
	<27.926659, 41.592789, 27.640635>,  <27.626839, 42.249599, 27.466854>, 0.130000
	pigment { color rgbt <1,0,0,0> }
	no_shadow
}

// nucleotide -1

// particle -1
sphere {
	<27.926659, 41.592789, 27.640635> 0.250000
	pigment { color rgbt <1,0,0,0> }
	no_shadow
}
cylinder {
	<27.821848, 41.703259, 28.010513>,  <27.758961, 41.769543, 28.232441>, 0.100000
	pigment { color rgbt <1,0,0,0> }
	no_shadow
}
cylinder {
	<27.821848, 41.703259, 28.010513>,  <27.926659, 41.592789, 27.640635>, 0.100000
	pigment { color rgbt <1,0,0,0> }
	no_shadow
}

// particle -1
sphere {
	<27.821848, 41.703259, 28.010513> 0.100000
	pigment { color rgbt <1,0,0,0> }
	no_shadow
}
sphere {
	0, 1
	scale<0.080000,0.200000,0.300000>
	matrix <0.372019, -0.855216, 0.360842,
		0.890474, 0.438556, 0.121348,
		-0.262028, 0.276177, 0.924699,
		27.743240, 41.786110, 28.287924>
	pigment { color rgbt <0,1,1,0> }
	no_shadow
}
cylinder {
	<28.553480, 41.436779, 28.036087>,  <27.926659, 41.592789, 27.640635>, 0.130000
	pigment { color rgbt <1,0,0,0> }
	no_shadow
}

// nucleotide -1

// particle -1
sphere {
	<28.553480, 41.436779, 28.036087> 0.250000
	pigment { color rgbt <1,0,0,0> }
	no_shadow
}
cylinder {
	<28.202345, 41.431358, 28.227592>,  <27.991663, 41.428104, 28.342495>, 0.100000
	pigment { color rgbt <1,0,0,0> }
	no_shadow
}
cylinder {
	<28.202345, 41.431358, 28.227592>,  <28.553480, 41.436779, 28.036087>, 0.100000
	pigment { color rgbt <1,0,0,0> }
	no_shadow
}

// particle -1
sphere {
	<28.202345, 41.431358, 28.227592> 0.100000
	pigment { color rgbt <1,0,0,0> }
	no_shadow
}
sphere {
	0, 1
	scale<0.080000,0.200000,0.300000>
	matrix <0.281094, -0.823923, 0.492076,
		0.387796, 0.566541, 0.727081,
		-0.877839, -0.013553, 0.478764,
		27.938993, 41.427292, 28.371222>
	pigment { color rgbt <0,1,1,0> }
	no_shadow
}
cylinder {
	<28.634420, 41.522663, 28.800545>,  <28.553480, 41.436779, 28.036087>, 0.130000
	pigment { color rgbt <1,0,0,0> }
	no_shadow
}

// nucleotide -1

// particle -1
sphere {
	<28.634420, 41.522663, 28.800545> 0.250000
	pigment { color rgbt <1,0,0,0> }
	no_shadow
}
cylinder {
	<28.325182, 41.312344, 28.658640>,  <28.139639, 41.186153, 28.573496>, 0.100000
	pigment { color rgbt <1,0,0,0> }
	no_shadow
}
cylinder {
	<28.325182, 41.312344, 28.658640>,  <28.634420, 41.522663, 28.800545>, 0.100000
	pigment { color rgbt <1,0,0,0> }
	no_shadow
}

// particle -1
sphere {
	<28.325182, 41.312344, 28.658640> 0.100000
	pigment { color rgbt <1,0,0,0> }
	no_shadow
}
sphere {
	0, 1
	scale<0.080000,0.200000,0.300000>
	matrix <0.247934, -0.765316, 0.593987,
		-0.583823, 0.371252, 0.722027,
		-0.773098, -0.525798, -0.354763,
		28.093252, 41.154606, 28.552212>
	pigment { color rgbt <0,1,1,0> }
	no_shadow
}
cylinder {
	<28.261753, 41.237854, 29.298470>,  <28.634420, 41.522663, 28.800545>, 0.130000
	pigment { color rgbt <1,0,0,0> }
	no_shadow
}

// nucleotide -1

// particle -1
sphere {
	<28.261753, 41.237854, 29.298470> 0.250000
	pigment { color rgbt <1,0,0,0> }
	no_shadow
}
cylinder {
	<28.085241, 40.990082, 29.038754>,  <27.979334, 40.841419, 28.882925>, 0.100000
	pigment { color rgbt <1,0,0,0> }
	no_shadow
}
cylinder {
	<28.085241, 40.990082, 29.038754>,  <28.261753, 41.237854, 29.298470>, 0.100000
	pigment { color rgbt <1,0,0,0> }
	no_shadow
}

// particle -1
sphere {
	<28.085241, 40.990082, 29.038754> 0.100000
	pigment { color rgbt <1,0,0,0> }
	no_shadow
}
sphere {
	0, 1
	scale<0.080000,0.200000,0.300000>
	matrix <0.053367, -0.740381, 0.670066,
		-0.895782, 0.261034, 0.359771,
		-0.441278, -0.619433, -0.649289,
		27.952858, 40.804253, 28.843967>
	pigment { color rgbt <0,1,1,0> }
	no_shadow
}
cylinder {
	<27.730455, 40.895012, 29.661362>,  <28.261753, 41.237854, 29.298470>, 0.130000
	pigment { color rgbt <1,0,0,0> }
	no_shadow
}

// nucleotide -1

// particle -1
sphere {
	<27.730455, 40.895012, 29.661362> 0.250000
	pigment { color rgbt <1,0,0,0> }
	no_shadow
}
cylinder {
	<27.786591, 40.678429, 29.329788>,  <27.820271, 40.548477, 29.130844>, 0.100000
	pigment { color rgbt <1,0,0,0> }
	no_shadow
}
cylinder {
	<27.786591, 40.678429, 29.329788>,  <27.730455, 40.895012, 29.661362>, 0.100000
	pigment { color rgbt <1,0,0,0> }
	no_shadow
}

// particle -1
sphere {
	<27.786591, 40.678429, 29.329788> 0.100000
	pigment { color rgbt <1,0,0,0> }
	no_shadow
}
sphere {
	0, 1
	scale<0.080000,0.200000,0.300000>
	matrix <-0.193777, -0.836047, 0.513299,
		-0.970956, 0.088594, -0.222250,
		0.140336, -0.541457, -0.828933,
		27.828691, 40.515991, 29.081108>
	pigment { color rgbt <0,1,1,0> }
	no_shadow
}
cylinder {
	<27.224051, 40.340832, 29.632782>,  <27.730455, 40.895012, 29.661362>, 0.130000
	pigment { color rgbt <1,0,0,0> }
	no_shadow
}

// nucleotide -1

// particle -1
sphere {
	<27.224051, 40.340832, 29.632782> 0.250000
	pigment { color rgbt <1,0,0,0> }
	no_shadow
}
cylinder {
	<27.530441, 40.209461, 29.411726>,  <27.714275, 40.130638, 29.279093>, 0.100000
	pigment { color rgbt <1,0,0,0> }
	no_shadow
}
cylinder {
	<27.530441, 40.209461, 29.411726>,  <27.224051, 40.340832, 29.632782>, 0.100000
	pigment { color rgbt <1,0,0,0> }
	no_shadow
}

// particle -1
sphere {
	<27.530441, 40.209461, 29.411726> 0.100000
	pigment { color rgbt <1,0,0,0> }
	no_shadow
}
sphere {
	0, 1
	scale<0.080000,0.200000,0.300000>
	matrix <-0.180725, -0.934992, 0.305168,
		-0.616941, -0.133876, -0.775539,
		0.765978, -0.328430, -0.552640,
		27.760235, 40.110931, 29.245934>
	pigment { color rgbt <0,1,1,0> }
	no_shadow
}
cylinder {
	<26.927744, 39.749920, 29.185259>,  <27.224051, 40.340832, 29.632782>, 0.130000
	pigment { color rgbt <1,0,0,0> }
	no_shadow
}

// nucleotide -1

// particle -1
sphere {
	<26.927744, 39.749920, 29.185259> 0.250000
	pigment { color rgbt <1,0,0,0> }
	no_shadow
}
cylinder {
	<27.324995, 39.731316, 29.228210>,  <27.563347, 39.720154, 29.253983>, 0.100000
	pigment { color rgbt <1,0,0,0> }
	no_shadow
}
cylinder {
	<27.324995, 39.731316, 29.228210>,  <26.927744, 39.749920, 29.185259>, 0.100000
	pigment { color rgbt <1,0,0,0> }
	no_shadow
}

// particle -1
sphere {
	<27.324995, 39.731316, 29.228210> 0.100000
	pigment { color rgbt <1,0,0,0> }
	no_shadow
}
sphere {
	0, 1
	scale<0.080000,0.200000,0.300000>
	matrix <-0.097336, -0.837686, 0.537409,
		0.064957, -0.544169, -0.836457,
		0.993129, -0.046509, 0.107381,
		27.622934, 39.717361, 29.260424>
	pigment { color rgbt <0,1,1,0> }
	no_shadow
}
cylinder {
	<26.988167, 39.078938, 29.053436>,  <26.927744, 39.749920, 29.185259>, 0.130000
	pigment { color rgbt <1,0,0,0> }
	no_shadow
}

// nucleotide -1

// particle -1
sphere {
	<26.988167, 39.078938, 29.053436> 0.250000
	pigment { color rgbt <1,0,0,0> }
	no_shadow
}
cylinder {
	<27.344910, 39.162384, 29.213968>,  <27.558956, 39.212452, 29.310287>, 0.100000
	pigment { color rgbt <1,0,0,0> }
	no_shadow
}
cylinder {
	<27.344910, 39.162384, 29.213968>,  <26.988167, 39.078938, 29.053436>, 0.100000
	pigment { color rgbt <1,0,0,0> }
	no_shadow
}

// particle -1
sphere {
	<27.344910, 39.162384, 29.213968> 0.100000
	pigment { color rgbt <1,0,0,0> }
	no_shadow
}
sphere {
	0, 1
	scale<0.080000,0.200000,0.300000>
	matrix <-0.024636, -0.863563, 0.503639,
		0.451644, -0.459062, -0.765036,
		0.891858, 0.208618, 0.401332,
		27.612467, 39.224968, 29.334368>
	pigment { color rgbt <0,1,1,0> }
	no_shadow
}
cylinder {
	<27.443483, 38.478081, 29.039825>,  <26.988167, 39.078938, 29.053436>, 0.130000
	pigment { color rgbt <1,0,0,0> }
	no_shadow
}

// nucleotide -1

// particle -1
sphere {
	<27.443483, 38.478081, 29.039825> 0.250000
	pigment { color rgbt <1,0,0,0> }
	no_shadow
}
cylinder {
	<27.599102, 38.683853, 29.345505>,  <27.692472, 38.807316, 29.528913>, 0.100000
	pigment { color rgbt <1,0,0,0> }
	no_shadow
}
cylinder {
	<27.599102, 38.683853, 29.345505>,  <27.443483, 38.478081, 29.039825>, 0.100000
	pigment { color rgbt <1,0,0,0> }
	no_shadow
}

// particle -1
sphere {
	<27.599102, 38.683853, 29.345505> 0.100000
	pigment { color rgbt <1,0,0,0> }
	no_shadow
}
sphere {
	0, 1
	scale<0.080000,0.200000,0.300000>
	matrix <-0.025941, -0.823107, 0.567294,
		0.920853, -0.240527, -0.306882,
		0.389046, 0.514433, 0.764200,
		27.715816, 38.838184, 29.574764>
	pigment { color rgbt <0,1,1,0> }
	no_shadow
}
cylinder {
	<27.912622, 38.011173, 29.349274>,  <27.443483, 38.478081, 29.039825>, 0.130000
	pigment { color rgbt <1,0,0,0> }
	no_shadow
}

// nucleotide -1

// particle -1
sphere {
	<27.912622, 38.011173, 29.349274> 0.250000
	pigment { color rgbt <1,0,0,0> }
	no_shadow
}
cylinder {
	<27.854298, 38.296417, 29.623562>,  <27.819304, 38.467564, 29.788134>, 0.100000
	pigment { color rgbt <1,0,0,0> }
	no_shadow
}
cylinder {
	<27.854298, 38.296417, 29.623562>,  <27.912622, 38.011173, 29.349274>, 0.100000
	pigment { color rgbt <1,0,0,0> }
	no_shadow
}

// particle -1
sphere {
	<27.854298, 38.296417, 29.623562> 0.100000
	pigment { color rgbt <1,0,0,0> }
	no_shadow
}
sphere {
	0, 1
	scale<0.080000,0.200000,0.300000>
	matrix <-0.038449, -0.696688, 0.716343,
