// switches for output
#declare DRAW_BASES = 1; // possible values are 0, 1; only relevant for DNA ribbons
#declare DRAW_BASES_TYPE = 3; // possible values are 1, 2, 3; only relevant for DNA ribbons
#declare DRAW_FOG = 0; // set to 1 to enable fog

#include "colors.inc"

#include "transforms.inc"
background { rgb <1, 1, 1>}

#default {
   normal{
       ripples 0.25
       frequency 0.20
       turbulence 0.2
       lambda 5
   }
	finish {
		phong 0.1
		phong_size 40.
	}
}

// original window dimensions: 1024x640


// camera settings

camera {
	sky <0, 0.179814, -0.983701>
	up <0, 0.179814, -0.983701>
	right 1.6 * <1, 0, 0>
	location <35, 94.9851, 44.8844>
	look_at <35, 29.7336, 32.9568>
	direction <0, -65.2515, -11.9276>
	angle 67.0682
}


# declare cpy_camera_pos = <35, 94.9851, 44.8844>;
# if (DRAW_FOG = 1)
fog {
	fog_type 2
	up vnormalize(cpy_camera_pos)
	color rgbt<1,1,1,0.3>
	distance 1e-5
	fog_alt 3e-3
	fog_offset 56
}
# end


// LIGHTS

# declare lum = 6;
global_settings {
	ambient_light rgb lum * <0.05, 0.05, 0.05>
	max_trace_level 15
}# declare cpy_direct_light_amount = 0.25;
light_source
{	1000 * <-1, -1.16352, -0.803886>,
	rgb lum * cpy_direct_light_amount
	parallel
}

light_source
{	1000 * <1, 1.16352, 0.803886>,
	rgb lum * cpy_direct_light_amount
	parallel
}

// strand 0

// nucleotide -1

// particle -1
sphere {
	<23.954149, 35.127693, 34.831905> 0.250000
	pigment { color rgbt <1,0,0,0> }
	no_shadow
}
cylinder {
	<24.205242, 35.022774, 35.125069>,  <24.355898, 34.959824, 35.300968>, 0.100000
	pigment { color rgbt <1,0,0,0> }
	no_shadow
}
cylinder {
	<24.205242, 35.022774, 35.125069>,  <23.954149, 35.127693, 34.831905>, 0.100000
	pigment { color rgbt <1,0,0,0> }
	no_shadow
}

// particle -1
sphere {
	<24.205242, 35.022774, 35.125069> 0.100000
	pigment { color rgbt <1,0,0,0> }
	no_shadow
}
sphere {
	0, 1
	scale<0.080000,0.200000,0.300000>
	matrix <0.186791, 0.964768, 0.185289,
		-0.755686, 0.020588, 0.654611,
		0.627733, -0.262295, 0.732907,
		24.393562, 34.944084, 35.344940>
	pigment { color rgbt <0,1,1,0> }
	no_shadow
}
cylinder {
	<23.728813, 35.440594, 35.507359>,  <23.954149, 35.127693, 34.831905>, 0.130000
	pigment { color rgbt <1,0,0,0> }
	no_shadow
}

// nucleotide -1

// particle -1
sphere {
	<23.728813, 35.440594, 35.507359> 0.250000
	pigment { color rgbt <1,0,0,0> }
	no_shadow
}
cylinder {
	<24.117226, 35.353695, 35.467556>,  <24.350273, 35.301556, 35.443676>, 0.100000
	pigment { color rgbt <1,0,0,0> }
	no_shadow
}
cylinder {
	<24.117226, 35.353695, 35.467556>,  <23.728813, 35.440594, 35.507359>, 0.100000
	pigment { color rgbt <1,0,0,0> }
	no_shadow
}

// particle -1
sphere {
	<24.117226, 35.353695, 35.467556> 0.100000
	pigment { color rgbt <1,0,0,0> }
	no_shadow
}
sphere {
	0, 1
	scale<0.080000,0.200000,0.300000>
	matrix <0.218533, 0.975827, 0.002081,
		0.096645, -0.023766, 0.995035,
		0.971032, -0.217247, -0.099502,
		24.408535, 35.288521, 35.437706>
	pigment { color rgbt <0,1,1,0> }
	no_shadow
}
cylinder {
	<24.150414, 35.743546, 36.135807>,  <23.728813, 35.440594, 35.507359>, 0.130000
	pigment { color rgbt <1,0,0,0> }
	no_shadow
}

// nucleotide -1

// particle -1
sphere {
	<24.150414, 35.743546, 36.135807> 0.250000
	pigment { color rgbt <1,0,0,0> }
	no_shadow
}
cylinder {
	<24.353968, 35.706188, 35.793507>,  <24.476101, 35.683773, 35.588127>, 0.100000
	pigment { color rgbt <1,0,0,0> }
	no_shadow
}
cylinder {
	<24.353968, 35.706188, 35.793507>,  <24.150414, 35.743546, 36.135807>, 0.100000
	pigment { color rgbt <1,0,0,0> }
	no_shadow
}

// particle -1
sphere {
	<24.353968, 35.706188, 35.793507> 0.100000
	pigment { color rgbt <1,0,0,0> }
	no_shadow
}
sphere {
	0, 1
	scale<0.080000,0.200000,0.300000>
	matrix <0.348241, 0.931457, 0.105433,
		0.787250, -0.351662, 0.506528,
		0.508886, -0.093392, -0.855753,
		24.506634, 35.678169, 35.536781>
	pigment { color rgbt <0,1,1,0> }
	no_shadow
}
cylinder {
	<24.202122, 35.553688, 36.897221>,  <24.150414, 35.743546, 36.135807>, 0.130000
	pigment { color rgbt <1,0,0,0> }
	no_shadow
}

// nucleotide -1

// particle -1
sphere {
	<24.202122, 35.553688, 36.897221> 0.250000
	pigment { color rgbt <1,0,0,0> }
	no_shadow
}
cylinder {
	<24.583050, 35.514801, 37.012901>,  <24.811607, 35.491470, 37.082310>, 0.100000
	pigment { color rgbt <1,0,0,0> }
	no_shadow
}
cylinder {
	<24.583050, 35.514801, 37.012901>,  <24.202122, 35.553688, 36.897221>, 0.100000
	pigment { color rgbt <1,0,0,0> }
	no_shadow
}

// particle -1
sphere {
	<24.583050, 35.514801, 37.012901> 0.100000
	pigment { color rgbt <1,0,0,0> }
	no_shadow
}
sphere {
	0, 1
	scale<0.080000,0.200000,0.300000>
	matrix <0.233383, 0.842648, -0.485260,
		-0.196519, 0.529617, 0.825158,
		0.952320, -0.097215, 0.289200,
		24.868746, 35.485638, 37.099663>
	pigment { color rgbt <0,1,1,0> }
	no_shadow
}
cylinder {
	<24.571739, 36.117470, 37.271755>,  <24.202122, 35.553688, 36.897221>, 0.130000
	pigment { color rgbt <1,0,0,0> }
	no_shadow
}

// nucleotide -1

// particle -1
sphere {
	<24.571739, 36.117470, 37.271755> 0.250000
	pigment { color rgbt <1,0,0,0> }
	no_shadow
}
cylinder {
	<24.891365, 35.959301, 37.090588>,  <25.083139, 35.864399, 36.981888>, 0.100000
	pigment { color rgbt <1,0,0,0> }
	no_shadow
}
cylinder {
	<24.891365, 35.959301, 37.090588>,  <24.571739, 36.117470, 37.271755>, 0.100000
	pigment { color rgbt <1,0,0,0> }
	no_shadow
}

// particle -1
sphere {
	<24.891365, 35.959301, 37.090588> 0.100000
	pigment { color rgbt <1,0,0,0> }
	no_shadow
}
sphere {
	0, 1
	scale<0.080000,0.200000,0.300000>
	matrix <0.383543, 0.915363, -0.122494,
		0.463026, -0.075835, 0.883095,
		0.799063, -0.395423, -0.452923,
		25.131084, 35.840675, 36.954712>
	pigment { color rgbt <0,1,1,0> }
	no_shadow
}
cylinder {
	<25.160803, 36.449173, 37.520466>,  <24.571739, 36.117470, 37.271755>, 0.130000
	pigment { color rgbt <1,0,0,0> }
	no_shadow
}

// nucleotide -1

// particle -1
sphere {
	<25.160803, 36.449173, 37.520466> 0.250000
	pigment { color rgbt <1,0,0,0> }
	no_shadow
}
cylinder {
	<25.290602, 36.278721, 37.182682>,  <25.368481, 36.176449, 36.980011>, 0.100000
	pigment { color rgbt <1,0,0,0> }
	no_shadow
}
cylinder {
	<25.290602, 36.278721, 37.182682>,  <25.160803, 36.449173, 37.520466>, 0.100000
	pigment { color rgbt <1,0,0,0> }
	no_shadow
}

// particle -1
sphere {
	<25.290602, 36.278721, 37.182682> 0.100000
	pigment { color rgbt <1,0,0,0> }
	no_shadow
}
sphere {
	0, 1
	scale<0.080000,0.200000,0.300000>
	matrix <0.540543, 0.816172, -0.204146,
		0.776219, -0.390223, 0.495187,
		0.324496, -0.426132, -0.844461,
		25.387951, 36.150883, 36.929344>
	pigment { color rgbt <0,1,1,0> }
	no_shadow
}
cylinder {
	<25.928509, 36.768616, 37.414631>,  <25.160803, 36.449173, 37.520466>, 0.130000
	pigment { color rgbt <1,0,0,0> }
	no_shadow
}

// nucleotide -1

// particle -1
sphere {
	<25.928509, 36.768616, 37.414631> 0.250000
	pigment { color rgbt <1,0,0,0> }
	no_shadow
}
cylinder {
	<25.787796, 36.632267, 37.065907>,  <25.703369, 36.550457, 36.856670>, 0.100000
	pigment { color rgbt <1,0,0,0> }
	no_shadow
}
cylinder {
	<25.787796, 36.632267, 37.065907>,  <25.928509, 36.768616, 37.414631>, 0.100000
	pigment { color rgbt <1,0,0,0> }
	no_shadow
}

// particle -1
sphere {
	<25.787796, 36.632267, 37.065907> 0.100000
	pigment { color rgbt <1,0,0,0> }
	no_shadow
}
sphere {
	0, 1
	scale<0.080000,0.200000,0.300000>
	matrix <0.339011, 0.821726, -0.458080,
		0.872538, -0.456698, -0.173508,
		-0.351781, -0.340871, -0.871813,
		25.682262, 36.530006, 36.804363>
	pigment { color rgbt <0,1,1,0> }
	no_shadow
}
cylinder {
	<26.461308, 36.730083, 37.069958>,  <25.928509, 36.768616, 37.414631>, 0.130000
	pigment { color rgbt <1,0,0,0> }
	no_shadow
}

// nucleotide -1

// particle -1
sphere {
	<26.461308, 36.730083, 37.069958> 0.250000
	pigment { color rgbt <1,0,0,0> }
	no_shadow
}
cylinder {
	<26.175293, 36.756508, 36.791576>,  <26.003683, 36.772362, 36.624546>, 0.100000
	pigment { color rgbt <1,0,0,0> }
	no_shadow
}
cylinder {
	<26.175293, 36.756508, 36.791576>,  <26.461308, 36.730083, 37.069958>, 0.100000
	pigment { color rgbt <1,0,0,0> }
	no_shadow
}

// particle -1
sphere {
	<26.175293, 36.756508, 36.791576> 0.100000
	pigment { color rgbt <1,0,0,0> }
	no_shadow
}
sphere {
	0, 1
	scale<0.080000,0.200000,0.300000>
	matrix <0.519071, 0.717018, -0.465242,
		0.468279, -0.693917, -0.546987,
		-0.715039, 0.066062, -0.695957,
		25.960781, 36.776325, 36.582790>
	pigment { color rgbt <0,1,1,0> }
	no_shadow
}
cylinder {
	<26.811649, 36.799339, 36.383587>,  <26.461308, 36.730083, 37.069958>, 0.130000
	pigment { color rgbt <1,0,0,0> }
	no_shadow
}

// nucleotide -1

// particle -1
sphere {
	<26.811649, 36.799339, 36.383587> 0.250000
	pigment { color rgbt <1,0,0,0> }
	no_shadow
}
cylinder {
	<26.434690, 36.908119, 36.305679>,  <26.208515, 36.973389, 36.258934>, 0.100000
	pigment { color rgbt <1,0,0,0> }
	no_shadow
}
cylinder {
	<26.434690, 36.908119, 36.305679>,  <26.811649, 36.799339, 36.383587>, 0.100000
	pigment { color rgbt <1,0,0,0> }
	no_shadow
}

// particle -1
sphere {
	<26.434690, 36.908119, 36.305679> 0.100000
	pigment { color rgbt <1,0,0,0> }
	no_shadow
}
sphere {
	0, 1
	scale<0.080000,0.200000,0.300000>
	matrix <0.332788, 0.821088, -0.463753,
		0.033803, -0.501855, -0.864291,
		-0.942396, 0.271949, -0.194766,
		26.151972, 36.989704, 36.247250>
	pigment { color rgbt <0,1,1,0> }
	no_shadow
}
cylinder {
	<26.672577, 36.781841, 35.712578>,  <26.811649, 36.799339, 36.383587>, 0.130000
	pigment { color rgbt <1,0,0,0> }
	no_shadow
}

// nucleotide -1

// particle -1
sphere {
	<26.672577, 36.781841, 35.712578> 0.250000
	pigment { color rgbt <1,0,0,0> }
	no_shadow
}
cylinder {
	<26.427982, 37.057224, 35.868580>,  <26.281225, 37.222454, 35.962181>, 0.100000
	pigment { color rgbt <1,0,0,0> }
	no_shadow
}
cylinder {
	<26.427982, 37.057224, 35.868580>,  <26.672577, 36.781841, 35.712578>, 0.100000
	pigment { color rgbt <1,0,0,0> }
	no_shadow
}

// particle -1
sphere {
	<26.427982, 37.057224, 35.868580> 0.100000
	pigment { color rgbt <1,0,0,0> }
	no_shadow
}
sphere {
	0, 1
	scale<0.080000,0.200000,0.300000>
	matrix <0.520095, 0.721176, -0.457609,
		-0.596311, -0.076980, -0.799054,
		-0.611485, 0.688461, 0.390008,
		26.244537, 37.263763, 35.985580>
	pigment { color rgbt <0,1,1,0> }
	no_shadow
}
cylinder {
	<26.425850, 37.335262, 35.254589>,  <26.672577, 36.781841, 35.712578>, 0.130000
	pigment { color rgbt <1,0,0,0> }
	no_shadow
}

// nucleotide -1

// particle -1
sphere {
	<26.425850, 37.335262, 35.254589> 0.250000
	pigment { color rgbt <1,0,0,0> }
	no_shadow
}
cylinder {
	<26.360151, 37.514091, 35.606304>,  <26.320732, 37.621387, 35.817333>, 0.100000
	pigment { color rgbt <1,0,0,0> }
	no_shadow
}
cylinder {
	<26.360151, 37.514091, 35.606304>,  <26.425850, 37.335262, 35.254589>, 0.100000
	pigment { color rgbt <1,0,0,0> }
	no_shadow
}

// particle -1
sphere {
	<26.360151, 37.514091, 35.606304> 0.100000
	pigment { color rgbt <1,0,0,0> }
	no_shadow
}
sphere {
	0, 1
	scale<0.080000,0.200000,0.300000>
	matrix <0.399610, 0.845130, -0.355060,
		-0.901851, 0.293054, -0.317466,
		-0.164248, 0.447074, 0.879288,
		26.310877, 37.648212, 35.870090>
	pigment { color rgbt <0,1,1,0> }
	no_shadow
}
cylinder {
	<26.061790, 38.027420, 35.065315>,  <26.425850, 37.335262, 35.254589>, 0.130000
	pigment { color rgbt <1,0,0,0> }
	no_shadow
}

// nucleotide -1

// particle -1
sphere {
	<26.061790, 38.027420, 35.065315> 0.250000
	pigment { color rgbt <1,0,0,0> }
	no_shadow
}
cylinder {
	<26.198961, 38.083057, 35.436916>,  <26.281263, 38.116440, 35.659878>, 0.100000
	pigment { color rgbt <1,0,0,0> }
	no_shadow
}
cylinder {
	<26.198961, 38.083057, 35.436916>,  <26.061790, 38.027420, 35.065315>, 0.100000
	pigment { color rgbt <1,0,0,0> }
	no_shadow
}

// particle -1
sphere {
	<26.198961, 38.083057, 35.436916> 0.100000
	pigment { color rgbt <1,0,0,0> }
	no_shadow
}
sphere {
	0, 1
	scale<0.080000,0.200000,0.300000>
	matrix <0.325410, 0.910149, -0.256391,
		-0.881197, 0.390232, 0.266853,
		0.342928, 0.139095, 0.929006,
		26.301840, 38.124786, 35.715618>
	pigment { color rgbt <0,1,1,0> }
	no_shadow
}
cylinder {
	<25.927174, 38.701214, 35.280048>,  <26.061790, 38.027420, 35.065315>, 0.130000
	pigment { color rgbt <1,0,0,0> }
	no_shadow
}

// nucleotide -1

// particle -1
sphere {
	<25.927174, 38.701214, 35.280048> 0.250000
	pigment { color rgbt <1,0,0,0> }
	no_shadow
}
cylinder {
	<26.243874, 38.587135, 35.496120>,  <26.433893, 38.518688, 35.625763>, 0.100000
	pigment { color rgbt <1,0,0,0> }
	no_shadow
}
cylinder {
	<26.243874, 38.587135, 35.496120>,  <25.927174, 38.701214, 35.280048>, 0.100000
	pigment { color rgbt <1,0,0,0> }
	no_shadow
}

// particle -1
sphere {
	<26.243874, 38.587135, 35.496120> 0.100000
	pigment { color rgbt <1,0,0,0> }
	no_shadow
}
sphere {
	0, 1
	scale<0.080000,0.200000,0.300000>
	matrix <0.431988, 0.886648, -0.165049,
		-0.431876, 0.364028, 0.825207,
		0.791751, -0.285198, 0.540178,
		26.481400, 38.501575, 35.658173>
	pigment { color rgbt <0,1,1,0> }
	no_shadow
}
cylinder {
	<26.097393, 39.207436, 35.601025>,  <25.927174, 38.701214, 35.280048>, 0.130000
	pigment { color rgbt <1,0,0,0> }
	no_shadow
}

// nucleotide -1

// particle -1
sphere {
	<26.097393, 39.207436, 35.601025> 0.250000
	pigment { color rgbt <1,0,0,0> }
	no_shadow
}
cylinder {
	<26.437584, 38.997044, 35.598816>,  <26.641699, 38.870808, 35.597492>, 0.100000
	pigment { color rgbt <1,0,0,0> }
	no_shadow
}
cylinder {
	<26.437584, 38.997044, 35.598816>,  <26.097393, 39.207436, 35.601025>, 0.100000
	pigment { color rgbt <1,0,0,0> }
	no_shadow
}

// particle -1
sphere {
	<26.437584, 38.997044, 35.598816> 0.100000
	pigment { color rgbt <1,0,0,0> }
	no_shadow
}
sphere {
	0, 1
	scale<0.080000,0.200000,0.300000>
	matrix <0.492113, 0.799329, -0.344815,
		0.185782, 0.290539, 0.938654,
		0.850476, -0.525985, -0.005523,
		26.692726, 38.839249, 35.597160>
	pigment { color rgbt <0,1,1,0> }
	no_shadow
}
cylinder {
	<26.622564, 39.680206, 35.795979>,  <26.097393, 39.207436, 35.601025>, 0.130000
	pigment { color rgbt <1,0,0,0> }
	no_shadow
}

// nucleotide -1

// particle -1
sphere {
	<26.622564, 39.680206, 35.795979> 0.250000
	pigment { color rgbt <1,0,0,0> }
	no_shadow
}
cylinder {
	<26.858627, 39.387932, 35.658684>,  <27.000265, 39.212566, 35.576309>, 0.100000
	pigment { color rgbt <1,0,0,0> }
	no_shadow
}
cylinder {
	<26.858627, 39.387932, 35.658684>,  <26.622564, 39.680206, 35.795979>, 0.100000
	pigment { color rgbt <1,0,0,0> }
	no_shadow
}

// particle -1
sphere {
	<26.858627, 39.387932, 35.658684> 0.100000
	pigment { color rgbt <1,0,0,0> }
	no_shadow
}
sphere {
	0, 1
	scale<0.080000,0.200000,0.300000>
	matrix <0.612093, 0.682219, -0.399899,
		0.526363, 0.025911, 0.849865,
		0.590156, -0.730688, -0.343235,
		27.035675, 39.168724, 35.555714>
	pigment { color rgbt <0,1,1,0> }
	no_shadow
}
cylinder {
	<27.283415, 39.970253, 35.852474>,  <26.622564, 39.680206, 35.795979>, 0.130000
	pigment { color rgbt <1,0,0,0> }
	no_shadow
}

// nucleotide -1

// particle -1
sphere {
	<27.283415, 39.970253, 35.852474> 0.250000
	pigment { color rgbt <1,0,0,0> }
	no_shadow
}
cylinder {
	<27.352840, 39.672230, 35.594864>,  <27.394495, 39.493416, 35.440300>, 0.100000
	pigment { color rgbt <1,0,0,0> }
	no_shadow
}
cylinder {
	<27.352840, 39.672230, 35.594864>,  <27.283415, 39.970253, 35.852474>, 0.100000
	pigment { color rgbt <1,0,0,0> }
	no_shadow
}

// particle -1
sphere {
	<27.352840, 39.672230, 35.594864> 0.100000
	pigment { color rgbt <1,0,0,0> }
	no_shadow
}
sphere {
	0, 1
	scale<0.080000,0.200000,0.300000>
	matrix <0.730228, 0.536144, -0.423458,
		0.660790, -0.396787, 0.637116,
		0.173564, -0.745056, -0.644024,
		27.404909, 39.448711, 35.401657>
	pigment { color rgbt <0,1,1,0> }
	no_shadow
}
cylinder {
	<27.957590, 39.760506, 35.946579>,  <27.283415, 39.970253, 35.852474>, 0.130000
	pigment { color rgbt <1,0,0,0> }
	no_shadow
}

// nucleotide -1

// particle -1
sphere {
	<27.957590, 39.760506, 35.946579> 0.250000
	pigment { color rgbt <1,0,0,0> }
	no_shadow
}
cylinder {
	<27.866934, 39.666870, 35.568409>,  <27.812540, 39.610687, 35.341507>, 0.100000
	pigment { color rgbt <1,0,0,0> }
	no_shadow
}
cylinder {
	<27.866934, 39.666870, 35.568409>,  <27.957590, 39.760506, 35.946579>, 0.100000
	pigment { color rgbt <1,0,0,0> }
	no_shadow
}

// particle -1
sphere {
	<27.866934, 39.666870, 35.568409> 0.100000
	pigment { color rgbt <1,0,0,0> }
	no_shadow
}
sphere {
	0, 1
	scale<0.080000,0.200000,0.300000>
	matrix <0.899450, 0.322095, -0.295371,
		0.373662, -0.917309, 0.137556,
		-0.226640, -0.234094, -0.945428,
		27.798943, 39.596642, 35.284779>
	pigment { color rgbt <0,1,1,0> }
	no_shadow
}
cylinder {
	<28.633579, 39.733761, 35.595390>,  <27.957590, 39.760506, 35.946579>, 0.130000
	pigment { color rgbt <1,0,0,0> }
	no_shadow
}

// nucleotide -1

// particle -1
sphere {
	<28.633579, 39.733761, 35.595390> 0.250000
	pigment { color rgbt <1,0,0,0> }
	no_shadow
}
cylinder {
	<28.401262, 39.724522, 35.269901>,  <28.261871, 39.718979, 35.074608>, 0.100000
	pigment { color rgbt <1,0,0,0> }
	no_shadow
}
cylinder {
	<28.401262, 39.724522, 35.269901>,  <28.633579, 39.733761, 35.595390>, 0.100000
	pigment { color rgbt <1,0,0,0> }
	no_shadow
}

// particle -1
sphere {
	<28.401262, 39.724522, 35.269901> 0.100000
	pigment { color rgbt <1,0,0,0> }
	no_shadow
}
sphere {
	0, 1
	scale<0.080000,0.200000,0.300000>
	matrix <0.709352, 0.476044, -0.519809,
		0.399374, -0.879118, -0.260099,
		-0.580792, -0.023096, -0.813724,
		28.227024, 39.717594, 35.025784>
	pigment { color rgbt <0,1,1,0> }
	no_shadow
}
cylinder {
	<29.042646, 39.451733, 35.127747>,  <28.633579, 39.733761, 35.595390>, 0.130000
	pigment { color rgbt <1,0,0,0> }
	no_shadow
}

// nucleotide -1

// particle -1
sphere {
	<29.042646, 39.451733, 35.127747> 0.250000
	pigment { color rgbt <1,0,0,0> }
	no_shadow
}
cylinder {
	<28.757000, 39.630234, 34.912006>,  <28.585613, 39.737335, 34.782562>, 0.100000
	pigment { color rgbt <1,0,0,0> }
	no_shadow
}
cylinder {
	<28.757000, 39.630234, 34.912006>,  <29.042646, 39.451733, 35.127747>, 0.100000
	pigment { color rgbt <1,0,0,0> }
	no_shadow
}

// particle -1
sphere {
	<28.757000, 39.630234, 34.912006> 0.100000
	pigment { color rgbt <1,0,0,0> }
	no_shadow
}
sphere {
	0, 1
	scale<0.080000,0.200000,0.300000>
	matrix <0.699981, 0.446148, -0.557654,
		-0.008224, -0.775765, -0.630969,
		-0.714114, 0.446252, -0.539352,
		28.542767, 39.764111, 34.750202>
	pigment { color rgbt <0,1,1,0> }
	no_shadow
}
cylinder {
	<29.223959, 39.508152, 34.370178>,  <29.042646, 39.451733, 35.127747>, 0.130000
	pigment { color rgbt <1,0,0,0> }
	no_shadow
}

// nucleotide -1

// particle -1
sphere {
	<29.223959, 39.508152, 34.370178> 0.250000
	pigment { color rgbt <1,0,0,0> }
	no_shadow
}
cylinder {
	<28.926449, 39.775490, 34.365932>,  <28.747942, 39.935894, 34.363384>, 0.100000
	pigment { color rgbt <1,0,0,0> }
	no_shadow
}
cylinder {
	<28.926449, 39.775490, 34.365932>,  <29.223959, 39.508152, 34.370178>, 0.100000
	pigment { color rgbt <1,0,0,0> }
	no_shadow
}

// particle -1
sphere {
	<28.926449, 39.775490, 34.365932> 0.100000
	pigment { color rgbt <1,0,0,0> }
	no_shadow
}
sphere {
	0, 1
	scale<0.080000,0.200000,0.300000>
	matrix <0.576784, 0.633695, -0.515510,
		-0.337816, -0.389543, -0.856818,
		-0.743775, 0.668346, -0.010610,
		28.703316, 39.975994, 34.362751>
	pigment { color rgbt <0,1,1,0> }
	no_shadow
}
cylinder {
	<29.083302, 39.605194, 33.663174>,  <29.223959, 39.508152, 34.370178>, 0.130000
	pigment { color rgbt <1,0,0,0> }
	no_shadow
}

// nucleotide -1

// particle -1
sphere {
	<29.083302, 39.605194, 33.663174> 0.250000
	pigment { color rgbt <1,0,0,0> }
	no_shadow
}
cylinder {
	<28.947838, 39.936028, 33.842617>,  <28.866560, 40.134525, 33.950283>, 0.100000
	pigment { color rgbt <1,0,0,0> }
	no_shadow
}
cylinder {
	<28.947838, 39.936028, 33.842617>,  <29.083302, 39.605194, 33.663174>, 0.100000
	pigment { color rgbt <1,0,0,0> }
	no_shadow
}

// particle -1
sphere {
	<28.947838, 39.936028, 33.842617> 0.100000
	pigment { color rgbt <1,0,0,0> }
	no_shadow
}
sphere {
	0, 1
	scale<0.080000,0.200000,0.300000>
	matrix <0.609307, 0.556084, -0.565257,
		-0.716977, 0.081912, -0.692268,
		-0.338658, 0.827080, 0.448608,
		28.846241, 40.184151, 33.977200>
	pigment { color rgbt <0,1,1,0> }
	no_shadow
}
cylinder {
	<28.986080, 40.164234, 33.162506>,  <29.083302, 39.605194, 33.663174>, 0.130000
	pigment { color rgbt <1,0,0,0> }
	no_shadow
}

// nucleotide -1

// particle -1
sphere {
	<28.986080, 40.164234, 33.162506> 0.250000
	pigment { color rgbt <1,0,0,0> }
	no_shadow
}
cylinder {
	<28.996399, 40.356232, 33.513264>,  <29.002590, 40.471432, 33.723717>, 0.100000
	pigment { color rgbt <1,0,0,0> }
	no_shadow
}
cylinder {
	<28.996399, 40.356232, 33.513264>,  <28.986080, 40.164234, 33.162506>, 0.100000
	pigment { color rgbt <1,0,0,0> }
	no_shadow
}

// particle -1
sphere {
	<28.996399, 40.356232, 33.513264> 0.100000
	pigment { color rgbt <1,0,0,0> }
	no_shadow
}
sphere {
	0, 1
	scale<0.080000,0.200000,0.300000>
	matrix <0.671230, 0.641716, -0.371012,
		-0.740800, 0.598166, -0.305634,
		0.025796, 0.479997, 0.876891,
		29.004137, 40.500233, 33.776329>
	pigment { color rgbt <0,1,1,0> }
	no_shadow
}
cylinder {
	<29.019222, 40.935764, 33.015968>,  <28.986080, 40.164234, 33.162506>, 0.130000
	pigment { color rgbt <1,0,0,0> }
	no_shadow
}

// nucleotide -1

// particle -1
sphere {
	<29.019222, 40.935764, 33.015968> 0.250000
	pigment { color rgbt <1,0,0,0> }
	no_shadow
}
cylinder {
	<29.140915, 40.889542, 33.394196>,  <29.213930, 40.861809, 33.621132>, 0.100000
	pigment { color rgbt <1,0,0,0> }
	no_shadow
}
cylinder {
	<29.140915, 40.889542, 33.394196>,  <29.019222, 40.935764, 33.015968>, 0.100000
	pigment { color rgbt <1,0,0,0> }
	no_shadow
}

// particle -1
sphere {
	<29.140915, 40.889542, 33.394196> 0.100000
	pigment { color rgbt <1,0,0,0> }
	no_shadow
}
sphere {
	0, 1
	scale<0.080000,0.200000,0.300000>
	matrix <0.852038, 0.476903, -0.215860,
		-0.425999, 0.871327, 0.243545,
		0.304232, -0.115553, 0.945564,
		29.232185, 40.854877, 33.677864>
	pigment { color rgbt <0,1,1,0> }
	no_shadow
}
cylinder {
	<29.162975, 41.585709, 33.268864>,  <29.019222, 40.935764, 33.015968>, 0.130000
	pigment { color rgbt <1,0,0,0> }
	no_shadow
}

// nucleotide -1

// particle -1
sphere {
	<29.162975, 41.585709, 33.268864> 0.250000
	pigment { color rgbt <1,0,0,0> }
	no_shadow
}
cylinder {
	<29.391409, 41.345512, 33.492748>,  <29.528469, 41.201397, 33.627079>, 0.100000
	pigment { color rgbt <1,0,0,0> }
	no_shadow
}
cylinder {
	<29.391409, 41.345512, 33.492748>,  <29.162975, 41.585709, 33.268864>, 0.100000
	pigment { color rgbt <1,0,0,0> }
	no_shadow
}

// particle -1
sphere {
	<29.391409, 41.345512, 33.492748> 0.100000
	pigment { color rgbt <1,0,0,0> }
	no_shadow
}
sphere {
	0, 1
	scale<0.080000,0.200000,0.300000>
	matrix <0.811329, 0.516657, -0.273517,
		-0.124937, 0.610312, 0.782247,
		0.571084, -0.600487, 0.559713,
		29.562735, 41.165367, 33.660664>
	pigment { color rgbt <0,1,1,0> }
	no_shadow
}
cylinder {
	<29.419325, 42.085064, 33.745434>,  <29.162975, 41.585709, 33.268864>, 0.130000
	pigment { color rgbt <1,0,0,0> }
	no_shadow
}

// nucleotide -1

// particle -1
sphere {
	<29.419325, 42.085064, 33.745434> 0.250000
	pigment { color rgbt <1,0,0,0> }
	no_shadow
}
cylinder {
	<29.607437, 41.742031, 33.662113>,  <29.720304, 41.536213, 33.612122>, 0.100000
	pigment { color rgbt <1,0,0,0> }
	no_shadow
}
cylinder {
	<29.607437, 41.742031, 33.662113>,  <29.419325, 42.085064, 33.745434>, 0.100000
	pigment { color rgbt <1,0,0,0> }
	no_shadow
}

// particle -1
sphere {
	<29.607437, 41.742031, 33.662113> 0.100000
	pigment { color rgbt <1,0,0,0> }
	no_shadow
}
sphere {
	0, 1
	scale<0.080000,0.200000,0.300000>
	matrix <0.845523, 0.505459, -0.172053,
		0.252837, -0.095208, 0.962813,
		0.470281, -0.857582, -0.208299,
		29.748522, 41.484756, 33.599625>
	pigment { color rgbt <0,1,1,0> }
	no_shadow
}
cylinder {
	<29.934093, 41.913307, 34.189857>,  <29.419325, 42.085064, 33.745434>, 0.130000
	pigment { color rgbt <1,0,0,0> }
	no_shadow
}

// nucleotide -1

// particle -1
sphere {
	<29.934093, 41.913307, 34.189857> 0.250000
	pigment { color rgbt <1,0,0,0> }
	no_shadow
}
cylinder {
	<30.041233, 41.730995, 33.850323>,  <30.105516, 41.621609, 33.646603>, 0.100000
	pigment { color rgbt <1,0,0,0> }
	no_shadow
}
cylinder {
	<30.041233, 41.730995, 33.850323>,  <29.934093, 41.913307, 34.189857>, 0.100000
	pigment { color rgbt <1,0,0,0> }
	no_shadow
}

// particle -1
sphere {
	<30.041233, 41.730995, 33.850323> 0.100000
	pigment { color rgbt <1,0,0,0> }
	no_shadow
}
sphere {
	0, 1
	scale<0.080000,0.200000,0.300000>
	matrix <0.907632, 0.414918, 0.063610,
		0.323204, -0.787467, 0.524818,
		0.267847, -0.455783, -0.848834,
		30.121588, 41.594261, 33.595673>
	pigment { color rgbt <0,1,1,0> }
	no_shadow
}
cylinder {
	<30.705816, 41.643913, 34.315800>,  <29.934093, 41.913307, 34.189857>, 0.130000
	pigment { color rgbt <1,0,0,0> }
	no_shadow
}

// nucleotide -1

// particle -1
sphere {
	<30.705816, 41.643913, 34.315800> 0.250000
	pigment { color rgbt <1,0,0,0> }
	no_shadow
}
cylinder {
	<30.565115, 41.727222, 33.950748>,  <30.480694, 41.777206, 33.731716>, 0.100000
	pigment { color rgbt <1,0,0,0> }
	no_shadow
}
cylinder {
	<30.565115, 41.727222, 33.950748>,  <30.705816, 41.643913, 34.315800>, 0.100000
	pigment { color rgbt <1,0,0,0> }
	no_shadow
}

// particle -1
sphere {
	<30.565115, 41.727222, 33.950748> 0.100000
	pigment { color rgbt <1,0,0,0> }
	no_shadow
}
sphere {
	0, 1
	scale<0.080000,0.200000,0.300000>
	matrix <0.717845, 0.685751, -0.120183,
		0.600806, -0.697401, -0.390722,
		-0.351754, 0.208272, -0.912629,
		30.459589, 41.789703, 33.676960>
	pigment { color rgbt <0,1,1,0> }
	no_shadow
}
cylinder {
	<31.260862, 41.534752, 34.845356>,  <30.705816, 41.643913, 34.315800>, 0.130000
	pigment { color rgbt <1,0,0,0> }
	no_shadow
}

// nucleotide -1

// particle -1
sphere {
	<31.260862, 41.534752, 34.845356> 0.250000
	pigment { color rgbt <1,0,0,0> }
	no_shadow
}
cylinder {
	<31.563400, 41.699230, 35.048866>,  <31.744923, 41.797916, 35.170975>, 0.100000
	pigment { color rgbt <1,0,0,0> }
	no_shadow
}
cylinder {
	<31.563400, 41.699230, 35.048866>,  <31.260862, 41.534752, 34.845356>, 0.100000
	pigment { color rgbt <1,0,0,0> }
	no_shadow
}

// particle -1
sphere {
	<31.563400, 41.699230, 35.048866> 0.100000
	pigment { color rgbt <1,0,0,0> }
	no_shadow
}
sphere {
	0, 1
	scale<0.080000,0.200000,0.300000>
	matrix <0.653922, -0.496805, -0.570589,
		0.018138, 0.764264, -0.644648,
		0.756345, 0.411200, 0.508780,
		31.790304, 41.822590, 35.201500>
	pigment { color rgbt <0,1,1,0> }
	no_shadow
}
cylinder {
	<31.809586, 41.458069, 34.420948>,  <31.260862, 41.534752, 34.845356>, 0.130000
	pigment { color rgbt <1,0,0,0> }
	no_shadow
}

// nucleotide -1

// particle -1
sphere {
	<31.809586, 41.458069, 34.420948> 0.250000
	pigment { color rgbt <1,0,0,0> }
	no_shadow
}
cylinder {
	<32.003929, 41.580288, 34.748505>,  <32.120537, 41.653618, 34.945038>, 0.100000
	pigment { color rgbt <1,0,0,0> }
	no_shadow
}
cylinder {
	<32.003929, 41.580288, 34.748505>,  <31.809586, 41.458069, 34.420948>, 0.100000
	pigment { color rgbt <1,0,0,0> }
	no_shadow
}

// particle -1
sphere {
	<32.003929, 41.580288, 34.748505> 0.100000
	pigment { color rgbt <1,0,0,0> }
	no_shadow
}
sphere {
	0, 1
	scale<0.080000,0.200000,0.300000>
	matrix <0.774107, -0.585450, -0.240846,
		0.405831, 0.750926, -0.520971,
		0.485860, 0.305544, 0.818891,
		32.149689, 41.671951, 34.994171>
	pigment { color rgbt <0,1,1,0> }
	no_shadow
}
cylinder {
	<32.427250, 41.642067, 34.252464>,  <31.809586, 41.458069, 34.420948>, 0.130000
	pigment { color rgbt <1,0,0,0> }
	no_shadow
}

// nucleotide -1

// particle -1
sphere {
	<32.427250, 41.642067, 34.252464> 0.250000
	pigment { color rgbt <1,0,0,0> }
	no_shadow
}
cylinder {
	<32.446312, 41.526123, 34.634819>,  <32.457748, 41.456558, 34.864231>, 0.100000
	pigment { color rgbt <1,0,0,0> }
	no_shadow
}
cylinder {
	<32.446312, 41.526123, 34.634819>,  <32.427250, 41.642067, 34.252464>, 0.100000
	pigment { color rgbt <1,0,0,0> }
	no_shadow
}

// particle -1
sphere {
	<32.446312, 41.526123, 34.634819> 0.100000
	pigment { color rgbt <1,0,0,0> }
	no_shadow
}
sphere {
	0, 1
	scale<0.080000,0.200000,0.300000>
	matrix <0.687617, -0.684601, -0.241876,
		0.724508, 0.668808, 0.166684,
		0.047657, -0.289856, 0.955883,
		32.460609, 41.439167, 34.921585>
	pigment { color rgbt <0,1,1,0> }
	no_shadow
}
cylinder {
	<33.090527, 41.469624, 34.299099>,  <32.427250, 41.642067, 34.252464>, 0.130000
	pigment { color rgbt <1,0,0,0> }
	no_shadow
}

// nucleotide -1

// particle -1
sphere {
	<33.090527, 41.469624, 34.299099> 0.250000
	pigment { color rgbt <1,0,0,0> }
	no_shadow
}
cylinder {
	<32.871899, 41.259659, 34.560093>,  <32.740723, 41.133682, 34.716690>, 0.100000
	pigment { color rgbt <1,0,0,0> }
	no_shadow
}
cylinder {
	<32.871899, 41.259659, 34.560093>,  <33.090527, 41.469624, 34.299099>, 0.100000
	pigment { color rgbt <1,0,0,0> }
	no_shadow
}

// particle -1
sphere {
	<32.871899, 41.259659, 34.560093> 0.100000
	pigment { color rgbt <1,0,0,0> }
	no_shadow
}
sphere {
	0, 1
	scale<0.080000,0.200000,0.300000>
	matrix <0.580715, -0.798962, -0.156301,
		0.603353, 0.293478, 0.741509,
		-0.546567, -0.524910, 0.652483,
		32.707928, 41.102184, 34.755836>
	pigment { color rgbt <0,1,1,0> }
	no_shadow
}
cylinder {
	<33.479897, 41.218830, 34.903198>,  <33.090527, 41.469624, 34.299099>, 0.130000
	pigment { color rgbt <1,0,0,0> }
	no_shadow
}

// nucleotide -1

// particle -1
sphere {
	<33.479897, 41.218830, 34.903198> 0.250000
	pigment { color rgbt <1,0,0,0> }
	no_shadow
}
cylinder {
	<33.180870, 40.959274, 34.846523>,  <33.001453, 40.803539, 34.812519>, 0.100000
	pigment { color rgbt <1,0,0,0> }
	no_shadow
}
cylinder {
	<33.180870, 40.959274, 34.846523>,  <33.479897, 41.218830, 34.903198>, 0.100000
	pigment { color rgbt <1,0,0,0> }
	no_shadow
}

// particle -1
sphere {
	<33.180870, 40.959274, 34.846523> 0.100000
	pigment { color rgbt <1,0,0,0> }
	no_shadow
}
sphere {
	0, 1
	scale<0.080000,0.200000,0.300000>
	matrix <0.663600, -0.720787, -0.200254,
		0.027817, -0.243728, 0.969445,
		-0.747571, -0.648893, -0.141688,
		32.956600, 40.764606, 34.804016>
	pigment { color rgbt <0,1,1,0> }
	no_shadow
}
cylinder {
	<33.552235, 40.737431, 35.322540>,  <33.479897, 41.218830, 34.903198>, 0.130000
	pigment { color rgbt <1,0,0,0> }
	no_shadow
}

// nucleotide -1

// particle -1
sphere {
	<33.552235, 40.737431, 35.322540> 0.250000
	pigment { color rgbt <1,0,0,0> }
	no_shadow
}
cylinder {
	<33.391026, 40.613541, 34.978065>,  <33.294300, 40.539207, 34.771381>, 0.100000
	pigment { color rgbt <1,0,0,0> }
	no_shadow
}
cylinder {
	<33.391026, 40.613541, 34.978065>,  <33.552235, 40.737431, 35.322540>, 0.100000
	pigment { color rgbt <1,0,0,0> }
	no_shadow
}

// particle -1
sphere {
	<33.391026, 40.613541, 34.978065> 0.100000
	pigment { color rgbt <1,0,0,0> }
	no_shadow
}
sphere {
	0, 1
	scale<0.080000,0.200000,0.300000>
	matrix <0.869759, -0.422417, -0.255116,
		-0.284764, -0.851842, 0.439631,
		-0.403026, -0.309725, -0.861186,
		33.270119, 40.520622, 34.719711>
	pigment { color rgbt <0,1,1,0> }
	no_shadow
}
cylinder {
	<33.504208, 39.953705, 35.168613>,  <33.552235, 40.737431, 35.322540>, 0.130000
	pigment { color rgbt <1,0,0,0> }
	no_shadow
}

// nucleotide -1

// particle -1
sphere {
	<33.504208, 39.953705, 35.168613> 0.250000
	pigment { color rgbt <1,0,0,0> }
	no_shadow
}
cylinder {
	<33.550232, 40.150200, 34.823254>,  <33.577847, 40.268097, 34.616039>, 0.100000
	pigment { color rgbt <1,0,0,0> }
	no_shadow
}
cylinder {
	<33.550232, 40.150200, 34.823254>,  <33.504208, 39.953705, 35.168613>, 0.100000
	pigment { color rgbt <1,0,0,0> }
	no_shadow
}

// particle -1
sphere {
	<33.550232, 40.150200, 34.823254> 0.100000
	pigment { color rgbt <1,0,0,0> }
	no_shadow
}
sphere {
	0, 1
	scale<0.080000,0.200000,0.300000>
	matrix <0.739334, -0.622840, -0.255843,
		-0.663436, -0.608901, -0.434848,
		0.115057, 0.491233, -0.863396,
		33.584747, 40.297569, 34.564236>
	pigment { color rgbt <0,1,1,0> }
	no_shadow
}
cylinder {
	<33.984425, 39.438034, 34.961090>,  <33.504208, 39.953705, 35.168613>, 0.130000
	pigment { color rgbt <1,0,0,0> }
	no_shadow
}

// nucleotide -1

// particle -1
sphere {
	<33.984425, 39.438034, 34.961090> 0.250000
	pigment { color rgbt <1,0,0,0> }
	no_shadow
}
cylinder {
	<33.945572, 39.718979, 34.679024>,  <33.922260, 39.887547, 34.509785>, 0.100000
	pigment { color rgbt <1,0,0,0> }
	no_shadow
}
cylinder {
	<33.945572, 39.718979, 34.679024>,  <33.984425, 39.438034, 34.961090>, 0.100000
	pigment { color rgbt <1,0,0,0> }
	no_shadow
}

// particle -1
sphere {
	<33.945572, 39.718979, 34.679024> 0.100000
	pigment { color rgbt <1,0,0,0> }
	no_shadow
}
sphere {
	0, 1
	scale<0.080000,0.200000,0.300000>
	matrix <0.781467, -0.384937, -0.491052,
		-0.616339, -0.598759, -0.511482,
		-0.097134, 0.702361, -0.705162,
		33.916431, 39.929688, 34.467476>
	pigment { color rgbt <0,1,1,0> }
	no_shadow
}
cylinder {
	<33.783016, 38.799835, 35.269947>,  <33.984425, 39.438034, 34.961090>, 0.130000
	pigment { color rgbt <1,0,0,0> }
	no_shadow
}

// nucleotide -1

// particle -1
sphere {
	<33.783016, 38.799835, 35.269947> 0.250000
	pigment { color rgbt <1,0,0,0> }
	no_shadow
}
cylinder {
	<33.653149, 39.074390, 35.009651>,  <33.575230, 39.239124, 34.853474>, 0.100000
	pigment { color rgbt <1,0,0,0> }
	no_shadow
}
cylinder {
	<33.653149, 39.074390, 35.009651>,  <33.783016, 38.799835, 35.269947>, 0.100000
	pigment { color rgbt <1,0,0,0> }
	no_shadow
}

// particle -1
sphere {
	<33.653149, 39.074390, 35.009651> 0.100000
	pigment { color rgbt <1,0,0,0> }
	no_shadow
}
sphere {
	0, 1
	scale<0.080000,0.200000,0.300000>
	matrix <-0.916651, -0.397914, 0.037623,
		-0.233113, 0.608714, 0.758370,
		-0.324668, 0.686391, -0.650737,
		33.555748, 39.280308, 34.814430>
	pigment { color rgbt <0,1,1,0> }
	no_shadow
}
cylinder {
	<33.249371, 39.163662, 35.567013>,  <33.783016, 38.799835, 35.269947>, 0.130000
	pigment { color rgbt <1,0,0,0> }
	no_shadow
}

// nucleotide -1

// particle -1
sphere {
	<33.249371, 39.163662, 35.567013> 0.250000
	pigment { color rgbt <1,0,0,0> }
	no_shadow
}
cylinder {
	<33.194675, 39.120190, 35.173161>,  <33.161858, 39.094105, 34.936852>, 0.100000
	pigment { color rgbt <1,0,0,0> }
	no_shadow
}
cylinder {
	<33.194675, 39.120190, 35.173161>,  <33.249371, 39.163662, 35.567013>, 0.100000
	pigment { color rgbt <1,0,0,0> }
	no_shadow
}

// particle -1
sphere {
	<33.194675, 39.120190, 35.173161> 0.100000
	pigment { color rgbt <1,0,0,0> }
	no_shadow
}
sphere {
	0, 1
	scale<0.080000,0.200000,0.300000>
	matrix <-0.946311, -0.279571, 0.162280,
		-0.292910, 0.953954, -0.064620,
		-0.136742, -0.108684, -0.984627,
		33.153652, 39.087585, 34.877773>
	pigment { color rgbt <0,1,1,0> }
	no_shadow
}
cylinder {
	<32.650337, 39.555248, 35.390404>,  <33.249371, 39.163662, 35.567013>, 0.130000
	pigment { color rgbt <1,0,0,0> }
	no_shadow
}

// nucleotide -1

// particle -1
sphere {
	<32.650337, 39.555248, 35.390404> 0.250000
	pigment { color rgbt <1,0,0,0> }
	no_shadow
}
cylinder {
	<32.680180, 39.268425, 35.113201>,  <32.698086, 39.096333, 34.946880>, 0.100000
	pigment { color rgbt <1,0,0,0> }
	no_shadow
}
cylinder {
	<32.680180, 39.268425, 35.113201>,  <32.650337, 39.555248, 35.390404>, 0.100000
	pigment { color rgbt <1,0,0,0> }
	no_shadow
}

// particle -1
sphere {
	<32.680180, 39.268425, 35.113201> 0.100000
	pigment { color rgbt <1,0,0,0> }
	no_shadow
}
sphere {
	0, 1
	scale<0.080000,0.200000,0.300000>
	matrix <-0.949810, -0.262812, 0.169679,
		-0.303801, 0.645570, -0.700674,
		0.074606, -0.717056, -0.693011,
		32.702560, 39.053307, 34.905296>
	pigment { color rgbt <0,1,1,0> }
	no_shadow
}
cylinder {
	<31.988121, 39.510548, 35.282917>,  <32.650337, 39.555248, 35.390404>, 0.130000
	pigment { color rgbt <1,0,0,0> }
	no_shadow
}

// nucleotide -1

// particle -1
sphere {
	<31.988121, 39.510548, 35.282917> 0.250000
	pigment { color rgbt <1,0,0,0> }
	no_shadow
}
cylinder {
	<32.169617, 39.205460, 35.098579>,  <32.278515, 39.022408, 34.987976>, 0.100000
	pigment { color rgbt <1,0,0,0> }
	no_shadow
}
cylinder {
	<32.169617, 39.205460, 35.098579>,  <31.988121, 39.510548, 35.282917>, 0.100000
	pigment { color rgbt <1,0,0,0> }
	no_shadow
}

// particle -1
sphere {
	<32.169617, 39.205460, 35.098579> 0.100000
	pigment { color rgbt <1,0,0,0> }
	no_shadow
}
sphere {
	0, 1
	scale<0.080000,0.200000,0.300000>
	matrix <-0.870105, -0.490875, -0.044270,
		-0.192449, 0.421067, -0.886378,
		0.453741, -0.762722, -0.460841,
		32.305740, 38.976643, 34.960327>
	pigment { color rgbt <0,1,1,0> }
	no_shadow
}
cylinder {
	<31.647505, 39.403576, 34.643772>,  <31.988121, 39.510548, 35.282917>, 0.130000
	pigment { color rgbt <1,0,0,0> }
	no_shadow
}

// nucleotide -1

// particle -1
sphere {
	<31.647505, 39.403576, 34.643772> 0.250000
	pigment { color rgbt <1,0,0,0> }
	no_shadow
}
cylinder {
	<31.813854, 39.056332, 34.752163>,  <31.913664, 38.847984, 34.817196>, 0.100000
	pigment { color rgbt <1,0,0,0> }
	no_shadow
}
cylinder {
	<31.813854, 39.056332, 34.752163>,  <31.647505, 39.403576, 34.643772>, 0.100000
	pigment { color rgbt <1,0,0,0> }
	no_shadow
}

// particle -1
sphere {
	<31.813854, 39.056332, 34.752163> 0.100000
	pigment { color rgbt <1,0,0,0> }
	no_shadow
}
sphere {
	0, 1
	scale<0.080000,0.200000,0.300000>
	matrix <-0.896827, -0.440904, -0.036122,
		0.150833, -0.227998, -0.961908,
		0.415874, -0.868113, 0.270978,
		31.938616, 38.795898, 34.833458>
	pigment { color rgbt <0,1,1,0> }
	no_shadow
}
cylinder {
	<31.579111, 38.903870, 34.091000>,  <31.647505, 39.403576, 34.643772>, 0.130000
	pigment { color rgbt <1,0,0,0> }
	no_shadow
}

// nucleotide -1

// particle -1
sphere {
	<31.579111, 38.903870, 34.091000> 0.250000
	pigment { color rgbt <1,0,0,0> }
	no_shadow
}
cylinder {
	<31.600624, 38.725418, 34.448341>,  <31.613533, 38.618347, 34.662746>, 0.100000
	pigment { color rgbt <1,0,0,0> }
	no_shadow
}
cylinder {
	<31.600624, 38.725418, 34.448341>,  <31.579111, 38.903870, 34.091000>, 0.100000
	pigment { color rgbt <1,0,0,0> }
	no_shadow
}

// particle -1
sphere {
	<31.600624, 38.725418, 34.448341> 0.100000
	pigment { color rgbt <1,0,0,0> }
	no_shadow
}
sphere {
	0, 1
	scale<0.080000,0.200000,0.300000>
	matrix <-0.692463, -0.661246, -0.288529,
		0.719446, -0.603093, -0.344493,
		0.053784, -0.446130, 0.893350,
		31.616760, 38.591579, 34.716347>
	pigment { color rgbt <0,1,1,0> }
	no_shadow
}
cylinder {
	<31.157042, 38.316914, 33.973759>,  <31.579111, 38.903870, 34.091000>, 0.130000
	pigment { color rgbt <1,0,0,0> }
	no_shadow
}

// nucleotide -1

// particle -1
sphere {
	<31.157042, 38.316914, 33.973759> 0.250000
	pigment { color rgbt <1,0,0,0> }
	no_shadow
}
cylinder {
	<31.234341, 38.234058, 34.357372>,  <31.280720, 38.184345, 34.587540>, 0.100000
	pigment { color rgbt <1,0,0,0> }
	no_shadow
}
cylinder {
	<31.234341, 38.234058, 34.357372>,  <31.157042, 38.316914, 33.973759>, 0.100000
	pigment { color rgbt <1,0,0,0> }
	no_shadow
}

// particle -1
sphere {
	<31.234341, 38.234058, 34.357372> 0.100000
	pigment { color rgbt <1,0,0,0> }
	no_shadow
}
sphere {
	0, 1
	scale<0.080000,0.200000,0.300000>
	matrix <-0.562087, -0.824534, -0.064822,
		0.804185, -0.526535, -0.275768,
		0.193249, -0.207134, 0.959036,
		31.292315, 38.171917, 34.645084>
	pigment { color rgbt <0,1,1,0> }
	no_shadow
}
cylinder {
	<31.318878, 37.569695, 33.990303>,  <31.157042, 38.316914, 33.973759>, 0.130000
	pigment { color rgbt <1,0,0,0> }
	no_shadow
}

// nucleotide -1

// particle -1
sphere {
	<31.318878, 37.569695, 33.990303> 0.250000
	pigment { color rgbt <1,0,0,0> }
	no_shadow
}
cylinder {
	<31.227491, 37.682777, 34.362942>,  <31.172659, 37.750626, 34.586525>, 0.100000
	pigment { color rgbt <1,0,0,0> }
	no_shadow
}
cylinder {
	<31.227491, 37.682777, 34.362942>,  <31.318878, 37.569695, 33.990303>, 0.100000
	pigment { color rgbt <1,0,0,0> }
	no_shadow
}

// particle -1
sphere {
	<31.227491, 37.682777, 34.362942> 0.100000
	pigment { color rgbt <1,0,0,0> }
	no_shadow
}
sphere {
	0, 1
	scale<0.080000,0.200000,0.300000>
	matrix <-0.553391, -0.824995, 0.114638,
