// switches for output
#declare DRAW_BASES = 1; // possible values are 0, 1; only relevant for DNA ribbons
#declare DRAW_BASES_TYPE = 3; // possible values are 1, 2, 3; only relevant for DNA ribbons
#declare DRAW_FOG = 0; // set to 1 to enable fog

#include "colors.inc"

#include "transforms.inc"
background { rgb <1, 1, 1>}

#default {
   normal{
       ripples 0.25
       frequency 0.20
       turbulence 0.2
       lambda 5
   }
	finish {
		phong 0.1
		phong_size 40.
	}
}

// original window dimensions: 1024x640


// camera settings

camera {
	sky <0, 0.179814, -0.983701>
	up <0, 0.179814, -0.983701>
	right 1.6 * <1, 0, 0>
	location <35, 94.9851, 44.8844>
	look_at <35, 29.7336, 32.9568>
	direction <0, -65.2515, -11.9276>
	angle 67.0682
}


# declare cpy_camera_pos = <35, 94.9851, 44.8844>;
# if (DRAW_FOG = 1)
fog {
	fog_type 2
	up vnormalize(cpy_camera_pos)
	color rgbt<1,1,1,0.3>
	distance 1e-5
	fog_alt 3e-3
	fog_offset 56
}
# end


// LIGHTS

# declare lum = 6;
global_settings {
	ambient_light rgb lum * <0.05, 0.05, 0.05>
	max_trace_level 15
}# declare cpy_direct_light_amount = 0.25;
light_source
{	1000 * <-1, -1.16352, -0.803886>,
	rgb lum * cpy_direct_light_amount
	parallel
}

light_source
{	1000 * <1, 1.16352, 0.803886>,
	rgb lum * cpy_direct_light_amount
	parallel
}

// strand 0

// nucleotide -1

// particle -1
sphere {
	<23.920057, 35.328140, 34.568333> 0.250000
	pigment { color rgbt <1,0,0,0> }
	no_shadow
}
cylinder {
	<24.239393, 35.127563, 34.701721>,  <24.430996, 35.007217, 34.781754>, 0.100000
	pigment { color rgbt <1,0,0,0> }
	no_shadow
}
cylinder {
	<24.239393, 35.127563, 34.701721>,  <23.920057, 35.328140, 34.568333>, 0.100000
	pigment { color rgbt <1,0,0,0> }
	no_shadow
}

// particle -1
sphere {
	<24.239393, 35.127563, 34.701721> 0.100000
	pigment { color rgbt <1,0,0,0> }
	no_shadow
}
sphere {
	0, 1
	scale<0.080000,0.200000,0.300000>
	matrix <0.121209, -0.408619, -0.904621,
		0.589882, 0.762616, -0.265437,
		0.798341, -0.501446, 0.333472,
		24.478895, 34.977131, 34.801762>
	pigment { color rgbt <0,1,1,0> }
	no_shadow
}
cylinder {
	<24.446987, 35.281586, 34.035915>,  <23.920057, 35.328140, 34.568333>, 0.130000
	pigment { color rgbt <1,0,0,0> }
	no_shadow
}

// nucleotide -1

// particle -1
sphere {
	<24.446987, 35.281586, 34.035915> 0.250000
	pigment { color rgbt <1,0,0,0> }
	no_shadow
}
cylinder {
	<24.530544, 34.963257, 34.263256>,  <24.580679, 34.772259, 34.399662>, 0.100000
	pigment { color rgbt <1,0,0,0> }
	no_shadow
}
cylinder {
	<24.530544, 34.963257, 34.263256>,  <24.446987, 35.281586, 34.035915>, 0.100000
	pigment { color rgbt <1,0,0,0> }
	no_shadow
}

// particle -1
sphere {
	<24.530544, 34.963257, 34.263256> 0.100000
	pigment { color rgbt <1,0,0,0> }
	no_shadow
}
sphere {
	0, 1
	scale<0.080000,0.200000,0.300000>
	matrix <-0.084210, -0.593652, -0.800304,
		0.974306, 0.119317, -0.191026,
		0.208893, -0.795827, 0.568351,
		24.593212, 34.724510, 34.433762>
	pigment { color rgbt <0,1,1,0> }
	no_shadow
}
cylinder {
	<24.951580, 34.930393, 33.644566>,  <24.446987, 35.281586, 34.035915>, 0.130000
	pigment { color rgbt <1,0,0,0> }
	no_shadow
}

// nucleotide -1

// particle -1
sphere {
	<24.951580, 34.930393, 33.644566> 0.250000
	pigment { color rgbt <1,0,0,0> }
	no_shadow
}
cylinder {
	<24.742153, 34.700012, 33.895695>,  <24.616497, 34.561783, 34.046371>, 0.100000
	pigment { color rgbt <1,0,0,0> }
	no_shadow
}
cylinder {
	<24.742153, 34.700012, 33.895695>,  <24.951580, 34.930393, 33.644566>, 0.100000
	pigment { color rgbt <1,0,0,0> }
	no_shadow
}

// particle -1
sphere {
	<24.742153, 34.700012, 33.895695> 0.100000
	pigment { color rgbt <1,0,0,0> }
	no_shadow
}
sphere {
	0, 1
	scale<0.080000,0.200000,0.300000>
	matrix <-0.279281, -0.580158, -0.765126,
		0.804911, -0.575933, 0.142899,
		-0.523566, -0.575950, 0.627822,
		24.585083, 34.527225, 34.084042>
	pigment { color rgbt <0,1,1,0> }
	no_shadow
}
cylinder {
	<25.039984, 34.194321, 33.669796>,  <24.951580, 34.930393, 33.644566>, 0.130000
	pigment { color rgbt <1,0,0,0> }
	no_shadow
}

// nucleotide -1

// particle -1
sphere {
	<25.039984, 34.194321, 33.669796> 0.250000
	pigment { color rgbt <1,0,0,0> }
	no_shadow
}
cylinder {
	<25.340906, 34.088833, 33.911285>,  <25.521460, 34.025539, 34.056179>, 0.100000
	pigment { color rgbt <1,0,0,0> }
	no_shadow
}
cylinder {
	<25.340906, 34.088833, 33.911285>,  <25.039984, 34.194321, 33.669796>, 0.100000
	pigment { color rgbt <1,0,0,0> }
	no_shadow
}

// particle -1
sphere {
	<25.340906, 34.088833, 33.911285> 0.100000
	pigment { color rgbt <1,0,0,0> }
	no_shadow
}
sphere {
	0, 1
	scale<0.080000,0.200000,0.300000>
	matrix <0.535905, -0.288049, -0.793621,
		0.383200, 0.920585, -0.075370,
		0.752306, -0.263724, 0.603726,
		25.566597, 34.009716, 34.092403>
	pigment { color rgbt <0,1,1,0> }
	no_shadow
}
cylinder {
	<25.627905, 34.513111, 33.451344>,  <25.039984, 34.194321, 33.669796>, 0.130000
	pigment { color rgbt <1,0,0,0> }
	no_shadow
}

// nucleotide -1

// particle -1
sphere {
	<25.627905, 34.513111, 33.451344> 0.250000
	pigment { color rgbt <1,0,0,0> }
	no_shadow
}
cylinder {
	<25.743200, 34.177555, 33.636028>,  <25.812378, 33.976219, 33.746838>, 0.100000
	pigment { color rgbt <1,0,0,0> }
	no_shadow
}
cylinder {
	<25.743200, 34.177555, 33.636028>,  <25.627905, 34.513111, 33.451344>, 0.100000
	pigment { color rgbt <1,0,0,0> }
	no_shadow
}

// particle -1
sphere {
	<25.743200, 34.177555, 33.636028> 0.100000
	pigment { color rgbt <1,0,0,0> }
	no_shadow
}
sphere {
	0, 1
	scale<0.080000,0.200000,0.300000>
	matrix <0.543841, -0.253446, -0.800002,
		0.788135, 0.481687, 0.383173,
		0.288237, -0.838894, 0.461710,
		25.829672, 33.925888, 33.774540>
	pigment { color rgbt <0,1,1,0> }
	no_shadow
}
cylinder {
	<26.415253, 34.505310, 33.292736>,  <25.627905, 34.513111, 33.451344>, 0.130000
	pigment { color rgbt <1,0,0,0> }
	no_shadow
}

// nucleotide -1

// particle -1
sphere {
	<26.415253, 34.505310, 33.292736> 0.250000
	pigment { color rgbt <1,0,0,0> }
	no_shadow
}
cylinder {
	<26.267956, 34.145473, 33.386665>,  <26.179577, 33.929573, 33.443024>, 0.100000
	pigment { color rgbt <1,0,0,0> }
	no_shadow
}
cylinder {
	<26.267956, 34.145473, 33.386665>,  <26.415253, 34.505310, 33.292736>, 0.100000
	pigment { color rgbt <1,0,0,0> }
	no_shadow
}

// particle -1
sphere {
	<26.267956, 34.145473, 33.386665> 0.100000
	pigment { color rgbt <1,0,0,0> }
	no_shadow
}
sphere {
	0, 1
	scale<0.080000,0.200000,0.300000>
	matrix <0.594186, -0.421969, -0.684752,
		0.715080, -0.112629, 0.689909,
		-0.368243, -0.899587, 0.234819,
		26.157482, 33.875599, 33.457111>
	pigment { color rgbt <0,1,1,0> }
	no_shadow
}
cylinder {
	<26.907026, 34.065414, 33.171440>,  <26.415253, 34.505310, 33.292736>, 0.130000
	pigment { color rgbt <1,0,0,0> }
	no_shadow
}

// nucleotide -1

// particle -1
sphere {
	<26.907026, 34.065414, 33.171440> 0.250000
	pigment { color rgbt <1,0,0,0> }
	no_shadow
}
cylinder {
	<26.645380, 33.764835, 33.205975>,  <26.488392, 33.584488, 33.226696>, 0.100000
	pigment { color rgbt <1,0,0,0> }
	no_shadow
}
cylinder {
	<26.645380, 33.764835, 33.205975>,  <26.907026, 34.065414, 33.171440>, 0.100000
	pigment { color rgbt <1,0,0,0> }
	no_shadow
}

// particle -1
sphere {
	<26.645380, 33.764835, 33.205975> 0.100000
	pigment { color rgbt <1,0,0,0> }
	no_shadow
}
sphere {
	0, 1
	scale<0.080000,0.200000,0.300000>
	matrix <0.574437, -0.567776, -0.589621,
		0.492093, -0.336083, 0.803052,
		-0.654115, -0.751451, 0.086340,
		26.449146, 33.539398, 33.231876>
	pigment { color rgbt <0,1,1,0> }
	no_shadow
}
cylinder {
	<27.258116, 33.434006, 33.363106>,  <26.907026, 34.065414, 33.171440>, 0.130000
	pigment { color rgbt <1,0,0,0> }
	no_shadow
}

// nucleotide -1

// particle -1
sphere {
	<27.258116, 33.434006, 33.363106> 0.250000
	pigment { color rgbt <1,0,0,0> }
	no_shadow
}
cylinder {
	<26.902046, 33.316612, 33.223701>,  <26.688404, 33.246178, 33.140060>, 0.100000
	pigment { color rgbt <1,0,0,0> }
	no_shadow
}
cylinder {
	<26.902046, 33.316612, 33.223701>,  <27.258116, 33.434006, 33.363106>, 0.100000
	pigment { color rgbt <1,0,0,0> }
	no_shadow
}

// particle -1
sphere {
	<26.902046, 33.316612, 33.223701> 0.100000
	pigment { color rgbt <1,0,0,0> }
	no_shadow
}
sphere {
	0, 1
	scale<0.080000,0.200000,0.300000>
	matrix <0.444629, -0.726575, -0.523826,
		-0.099484, -0.621253, 0.777269,
		-0.890172, -0.293484, -0.348510,
		26.634995, 33.228565, 33.119148>
	pigment { color rgbt <0,1,1,0> }
	no_shadow
}
cylinder {
	<27.269341, 32.720158, 33.503544>,  <27.258116, 33.434006, 33.363106>, 0.130000
	pigment { color rgbt <1,0,0,0> }
	no_shadow
}

// nucleotide -1

// particle -1
sphere {
	<27.269341, 32.720158, 33.503544> 0.250000
	pigment { color rgbt <1,0,0,0> }
	no_shadow
}
cylinder {
	<27.010780, 32.792942, 33.207150>,  <26.855644, 32.836613, 33.029312>, 0.100000
	pigment { color rgbt <1,0,0,0> }
	no_shadow
}
cylinder {
	<27.010780, 32.792942, 33.207150>,  <27.269341, 32.720158, 33.503544>, 0.100000
	pigment { color rgbt <1,0,0,0> }
	no_shadow
}

// particle -1
sphere {
	<27.010780, 32.792942, 33.207150> 0.100000
	pigment { color rgbt <1,0,0,0> }
	no_shadow
}
sphere {
	0, 1
	scale<0.080000,0.200000,0.300000>
	matrix <0.417575, -0.728434, -0.543153,
		-0.638592, -0.660510, 0.394876,
		-0.646399, 0.181963, -0.740984,
		26.816860, 32.847530, 32.984856>
	pigment { color rgbt <0,1,1,0> }
	no_shadow
}
cylinder {
	<26.829203, 32.091656, 33.262691>,  <27.269341, 32.720158, 33.503544>, 0.130000
	pigment { color rgbt <1,0,0,0> }
	no_shadow
}

// nucleotide -1

// particle -1
sphere {
	<26.829203, 32.091656, 33.262691> 0.250000
	pigment { color rgbt <1,0,0,0> }
	no_shadow
}
cylinder {
	<26.859030, 32.345116, 32.954685>,  <26.876926, 32.497192, 32.769882>, 0.100000
	pigment { color rgbt <1,0,0,0> }
	no_shadow
}
cylinder {
	<26.859030, 32.345116, 32.954685>,  <26.829203, 32.091656, 33.262691>, 0.100000
	pigment { color rgbt <1,0,0,0> }
	no_shadow
}

// particle -1
sphere {
	<26.859030, 32.345116, 32.954685> 0.100000
	pigment { color rgbt <1,0,0,0> }
	no_shadow
}
sphere {
	0, 1
	scale<0.080000,0.200000,0.300000>
	matrix <0.423238, -0.719277, -0.550917,
		-0.902945, -0.284819, -0.321821,
		0.074567, 0.633654, -0.770014,
		26.881399, 32.535213, 32.723682>
	pigment { color rgbt <0,1,1,0> }
	no_shadow
}
cylinder {
	<26.621998, 31.734543, 32.724030>,  <26.829203, 32.091656, 33.262691>, 0.130000
	pigment { color rgbt <1,0,0,0> }
	no_shadow
}

// nucleotide -1

// particle -1
sphere {
	<26.621998, 31.734543, 32.724030> 0.250000
	pigment { color rgbt <1,0,0,0> }
	no_shadow
}
cylinder {
	<26.824022, 32.033405, 32.551205>,  <26.945236, 32.212723, 32.447510>, 0.100000
	pigment { color rgbt <1,0,0,0> }
	no_shadow
}
cylinder {
	<26.824022, 32.033405, 32.551205>,  <26.621998, 31.734543, 32.724030>, 0.100000
	pigment { color rgbt <1,0,0,0> }
	no_shadow
}

// particle -1
sphere {
	<26.824022, 32.033405, 32.551205> 0.100000
	pigment { color rgbt <1,0,0,0> }
	no_shadow
}
sphere {
	0, 1
	scale<0.080000,0.200000,0.300000>
	matrix <0.368782, -0.639418, -0.674644,
		-0.780330, 0.181399, -0.598481,
		0.505059, 0.747154, -0.432060,
		26.975540, 32.257553, 32.421585>
	pigment { color rgbt <0,1,1,0> }
	no_shadow
}
cylinder {
	<26.572260, 31.400930, 32.053795>,  <26.621998, 31.734543, 32.724030>, 0.130000
	pigment { color rgbt <1,0,0,0> }
	no_shadow
}

// nucleotide -1

// particle -1
sphere {
	<26.572260, 31.400930, 32.053795> 0.250000
	pigment { color rgbt <1,0,0,0> }
	no_shadow
}
cylinder {
	<26.845560, 31.692963, 32.048840>,  <27.009541, 31.868181, 32.045868>, 0.100000
	pigment { color rgbt <1,0,0,0> }
	no_shadow
}
cylinder {
	<26.845560, 31.692963, 32.048840>,  <26.572260, 31.400930, 32.053795>, 0.100000
	pigment { color rgbt <1,0,0,0> }
	no_shadow
}

// particle -1
sphere {
	<26.845560, 31.692963, 32.048840> 0.100000
	pigment { color rgbt <1,0,0,0> }
	no_shadow
}
sphere {
	0, 1
	scale<0.080000,0.200000,0.300000>
	matrix <0.560787, -0.535530, -0.631448,
		-0.467641, 0.424491, -0.775319,
		0.683250, 0.730079, -0.012387,
		27.050535, 31.911987, 32.045124>
	pigment { color rgbt <0,1,1,0> }
	no_shadow
}
cylinder {
	<26.728188, 31.609718, 31.360504>,  <26.572260, 31.400930, 32.053795>, 0.130000
	pigment { color rgbt <1,0,0,0> }
	no_shadow
}

// nucleotide -1

// particle -1
sphere {
	<26.728188, 31.609718, 31.360504> 0.250000
	pigment { color rgbt <1,0,0,0> }
	no_shadow
}
cylinder {
	<27.067551, 31.710623, 31.546654>,  <27.271168, 31.771166, 31.658342>, 0.100000
	pigment { color rgbt <1,0,0,0> }
	no_shadow
}
cylinder {
	<27.067551, 31.710623, 31.546654>,  <26.728188, 31.609718, 31.360504>, 0.100000
	pigment { color rgbt <1,0,0,0> }
	no_shadow
}

// particle -1
sphere {
	<27.067551, 31.710623, 31.546654> 0.100000
	pigment { color rgbt <1,0,0,0> }
	no_shadow
}
sphere {
	0, 1
	scale<0.080000,0.200000,0.300000>
	matrix <0.521268, -0.551153, -0.651545,
		0.092132, 0.795358, -0.599097,
		0.848405, 0.252262, 0.465373,
		27.322073, 31.786301, 31.686266>
	pigment { color rgbt <0,1,1,0> }
	no_shadow
}
cylinder {
	<27.031197, 31.784977, 30.795835>,  <26.728188, 31.609718, 31.360504>, 0.130000
	pigment { color rgbt <1,0,0,0> }
	no_shadow
}

// nucleotide -1

// particle -1
sphere {
	<27.031197, 31.784977, 30.795835> 0.250000
	pigment { color rgbt <1,0,0,0> }
	no_shadow
}
cylinder {
	<27.297508, 31.731821, 31.089523>,  <27.457294, 31.699928, 31.265736>, 0.100000
	pigment { color rgbt <1,0,0,0> }
	no_shadow
}
cylinder {
	<27.297508, 31.731821, 31.089523>,  <27.031197, 31.784977, 30.795835>, 0.100000
	pigment { color rgbt <1,0,0,0> }
	no_shadow
}

// particle -1
sphere {
	<27.297508, 31.731821, 31.089523> 0.100000
	pigment { color rgbt <1,0,0,0> }
	no_shadow
}
sphere {
	0, 1
	scale<0.080000,0.200000,0.300000>
	matrix <0.602849, -0.484032, -0.634260,
		0.439672, 0.864901, -0.242147,
		0.665779, -0.132888, 0.734220,
		27.497242, 31.691954, 31.309790>
	pigment { color rgbt <0,1,1,0> }
	no_shadow
}
cylinder {
	<27.585711, 31.752880, 30.422064>,  <27.031197, 31.784977, 30.795835>, 0.130000
	pigment { color rgbt <1,0,0,0> }
	no_shadow
}

// nucleotide -1

// particle -1
sphere {
	<27.585711, 31.752880, 30.422064> 0.250000
	pigment { color rgbt <1,0,0,0> }
	no_shadow
}
cylinder {
	<27.726778, 31.606049, 30.766361>,  <27.811419, 31.517950, 30.972939>, 0.100000
	pigment { color rgbt <1,0,0,0> }
	no_shadow
}
cylinder {
	<27.726778, 31.606049, 30.766361>,  <27.585711, 31.752880, 30.422064>, 0.100000
	pigment { color rgbt <1,0,0,0> }
	no_shadow
}

// particle -1
sphere {
	<27.726778, 31.606049, 30.766361> 0.100000
	pigment { color rgbt <1,0,0,0> }
	no_shadow
}
sphere {
	0, 1
	scale<0.080000,0.200000,0.300000>
	matrix <0.641696, -0.574618, -0.507978,
		0.681066, 0.731483, 0.032903,
		0.352670, -0.367080, 0.860742,
		27.832579, 31.495924, 31.024584>
	pigment { color rgbt <0,1,1,0> }
	no_shadow
}
cylinder {
	<28.336714, 31.806999, 30.424833>,  <27.585711, 31.752880, 30.422064>, 0.130000
	pigment { color rgbt <1,0,0,0> }
	no_shadow
}

// nucleotide -1

// particle -1
sphere {
	<28.336714, 31.806999, 30.424833> 0.250000
	pigment { color rgbt <1,0,0,0> }
	no_shadow
}
cylinder {
	<28.230938, 31.503429, 30.662861>,  <28.167473, 31.321287, 30.805677>, 0.100000
	pigment { color rgbt <1,0,0,0> }
	no_shadow
}
cylinder {
	<28.230938, 31.503429, 30.662861>,  <28.336714, 31.806999, 30.424833>, 0.100000
	pigment { color rgbt <1,0,0,0> }
	no_shadow
}

// particle -1
sphere {
	<28.230938, 31.503429, 30.662861> 0.100000
	pigment { color rgbt <1,0,0,0> }
	no_shadow
}
sphere {
	0, 1
	scale<0.080000,0.200000,0.300000>
	matrix <0.607960, -0.610168, -0.508015,
		0.748636, 0.227438, 0.622749,
		-0.264439, -0.758925, 0.595067,
		28.151606, 31.275751, 30.841381>
	pigment { color rgbt <0,1,1,0> }
	no_shadow
}
cylinder {
	<28.916027, 31.346668, 30.474962>,  <28.336714, 31.806999, 30.424833>, 0.130000
	pigment { color rgbt <1,0,0,0> }
	no_shadow
}

// nucleotide -1

// particle -1
sphere {
	<28.916027, 31.346668, 30.474962> 0.250000
	pigment { color rgbt <1,0,0,0> }
	no_shadow
}
cylinder {
	<28.646742, 31.090464, 30.622761>,  <28.485170, 30.936741, 30.711441>, 0.100000
	pigment { color rgbt <1,0,0,0> }
	no_shadow
}
cylinder {
	<28.646742, 31.090464, 30.622761>,  <28.916027, 31.346668, 30.474962>, 0.100000
	pigment { color rgbt <1,0,0,0> }
	no_shadow
}

// particle -1
sphere {
	<28.646742, 31.090464, 30.622761> 0.100000
	pigment { color rgbt <1,0,0,0> }
	no_shadow
}
sphere {
	0, 1
	scale<0.080000,0.200000,0.300000>
	matrix <0.509581, -0.763955, -0.395854,
		0.535830, -0.078204, 0.840696,
		-0.673211, -0.640513, 0.369499,
		28.444778, 30.898310, 30.733610>
	pigment { color rgbt <0,1,1,0> }
	no_shadow
}
cylinder {
	<29.237724, 30.811466, 30.777159>,  <28.916027, 31.346668, 30.474962>, 0.130000
	pigment { color rgbt <1,0,0,0> }
	no_shadow
}

// nucleotide -1

// particle -1
sphere {
	<29.237724, 30.811466, 30.777159> 0.250000
	pigment { color rgbt <1,0,0,0> }
	no_shadow
}
cylinder {
	<28.882887, 30.642544, 30.702618>,  <28.669985, 30.541191, 30.657892>, 0.100000
	pigment { color rgbt <1,0,0,0> }
	no_shadow
}
cylinder {
	<28.882887, 30.642544, 30.702618>,  <29.237724, 30.811466, 30.777159>, 0.100000
	pigment { color rgbt <1,0,0,0> }
	no_shadow
}

// particle -1
sphere {
	<28.882887, 30.642544, 30.702618> 0.100000
	pigment { color rgbt <1,0,0,0> }
	no_shadow
}
sphere {
	0, 1
	scale<0.080000,0.200000,0.300000>
	matrix <0.460857, -0.833079, -0.305926,
		-0.026052, -0.357266, 0.933639,
		-0.887092, -0.422304, -0.186352,
		28.616760, 30.515852, 30.646711>
	pigment { color rgbt <0,1,1,0> }
	no_shadow
}
cylinder {
	<29.214914, 30.158552, 31.143742>,  <29.237724, 30.811466, 30.777159>, 0.130000
	pigment { color rgbt <1,0,0,0> }
	no_shadow
}

// nucleotide -1

// particle -1
sphere {
	<29.214914, 30.158552, 31.143742> 0.250000
	pigment { color rgbt <1,0,0,0> }
	no_shadow
}
cylinder {
	<28.915976, 30.104679, 30.883486>,  <28.736612, 30.072355, 30.727333>, 0.100000
	pigment { color rgbt <1,0,0,0> }
	no_shadow
}
cylinder {
	<28.915976, 30.104679, 30.883486>,  <29.214914, 30.158552, 31.143742>, 0.100000
	pigment { color rgbt <1,0,0,0> }
	no_shadow
}

// particle -1
sphere {
	<28.915976, 30.104679, 30.883486> 0.100000
	pigment { color rgbt <1,0,0,0> }
	no_shadow
}
sphere {
	0, 1
	scale<0.080000,0.200000,0.300000>
	matrix <0.421385, -0.853192, -0.307405,
		-0.513718, -0.503908, 0.694385,
		-0.747348, -0.134684, -0.650639,
		28.691771, 30.064274, 30.688293>
	pigment { color rgbt <0,1,1,0> }
	no_shadow
}
cylinder {
	<29.061029, 29.504005, 31.128996>,  <29.214914, 30.158552, 31.143742>, 0.130000
	pigment { color rgbt <1,0,0,0> }
	no_shadow
}

// nucleotide -1

// particle -1
sphere {
	<29.061029, 29.504005, 31.128996> 0.250000
	pigment { color rgbt <1,0,0,0> }
	no_shadow
}
cylinder {
	<28.888258, 29.608429, 30.783676>,  <28.784595, 29.671083, 30.576485>, 0.100000
	pigment { color rgbt <1,0,0,0> }
	no_shadow
}
cylinder {
	<28.888258, 29.608429, 30.783676>,  <29.061029, 29.504005, 31.128996>, 0.100000
	pigment { color rgbt <1,0,0,0> }
	no_shadow
}

// particle -1
sphere {
	<28.888258, 29.608429, 30.783676> 0.100000
	pigment { color rgbt <1,0,0,0> }
	no_shadow
}
sphere {
	0, 1
	scale<0.080000,0.200000,0.300000>
	matrix <0.293333, -0.864492, -0.408179,
		-0.852871, -0.429540, 0.296826,
		-0.431933, 0.261056, -0.863299,
		28.758678, 29.686747, 30.524687>
	pigment { color rgbt <0,1,1,0> }
	no_shadow
}
cylinder {
	<28.628233, 29.008734, 30.907516>,  <29.061029, 29.504005, 31.128996>, 0.130000
	pigment { color rgbt <1,0,0,0> }
	no_shadow
}

// nucleotide -1

// particle -1
sphere {
	<28.628233, 29.008734, 30.907516> 0.250000
	pigment { color rgbt <1,0,0,0> }
	no_shadow
}
cylinder {
	<28.680712, 29.201797, 30.561146>,  <28.712198, 29.317636, 30.353323>, 0.100000
	pigment { color rgbt <1,0,0,0> }
	no_shadow
}
cylinder {
	<28.680712, 29.201797, 30.561146>,  <28.628233, 29.008734, 30.907516>, 0.100000
	pigment { color rgbt <1,0,0,0> }
	no_shadow
}

// particle -1
sphere {
	<28.680712, 29.201797, 30.561146> 0.100000
	pigment { color rgbt <1,0,0,0> }
	no_shadow
}
sphere {
	0, 1
	scale<0.080000,0.200000,0.300000>
	matrix <0.213297, -0.866761, -0.450810,
		-0.968138, -0.125554, -0.216666,
		0.131197, 0.482661, -0.865925,
		28.720070, 29.346596, 30.301369>
	pigment { color rgbt <0,1,1,0> }
	no_shadow
}
cylinder {
	<28.391815, 28.594160, 30.440657>,  <28.628233, 29.008734, 30.907516>, 0.130000
	pigment { color rgbt <1,0,0,0> }
	no_shadow
}

// nucleotide -1

// particle -1
sphere {
	<28.391815, 28.594160, 30.440657> 0.250000
	pigment { color rgbt <1,0,0,0> }
	no_shadow
}
cylinder {
	<28.640800, 28.825573, 30.229815>,  <28.790192, 28.964420, 30.103310>, 0.100000
	pigment { color rgbt <1,0,0,0> }
	no_shadow
}
cylinder {
	<28.640800, 28.825573, 30.229815>,  <28.391815, 28.594160, 30.440657>, 0.100000
	pigment { color rgbt <1,0,0,0> }
	no_shadow
}

// particle -1
sphere {
	<28.640800, 28.825573, 30.229815> 0.100000
	pigment { color rgbt <1,0,0,0> }
	no_shadow
}
sphere {
	0, 1
	scale<0.080000,0.200000,0.300000>
	matrix <0.479478, -0.814189, -0.327409,
		-0.618580, -0.048935, -0.784196,
		0.622462, 0.578534, -0.527105,
		28.827539, 28.999132, 30.071684>
	pigment { color rgbt <0,1,1,0> }
	no_shadow
}
cylinder {
	<28.525257, 28.182343, 29.866343>,  <28.391815, 28.594160, 30.440657>, 0.130000
	pigment { color rgbt <1,0,0,0> }
	no_shadow
}

// nucleotide -1

// particle -1
sphere {
	<28.525257, 28.182343, 29.866343> 0.250000
	pigment { color rgbt <1,0,0,0> }
	no_shadow
}
cylinder {
	<28.826492, 28.445032, 29.882187>,  <29.007233, 28.602646, 29.891693>, 0.100000
	pigment { color rgbt <1,0,0,0> }
	no_shadow
}
cylinder {
	<28.826492, 28.445032, 29.882187>,  <28.525257, 28.182343, 29.866343>, 0.100000
	pigment { color rgbt <1,0,0,0> }
	no_shadow
}

// particle -1
sphere {
	<28.826492, 28.445032, 29.882187> 0.100000
	pigment { color rgbt <1,0,0,0> }
	no_shadow
}
sphere {
	0, 1
	scale<0.080000,0.200000,0.300000>
	matrix <0.621517, -0.690380, -0.370260,
		-0.215814, 0.303457, -0.928083,
		0.753088, 0.656726, 0.039610,
		29.052420, 28.642050, 29.894070>
	pigment { color rgbt <0,1,1,0> }
	no_shadow
}
cylinder {
	<28.956978, 28.052444, 29.269331>,  <28.525257, 28.182343, 29.866343>, 0.130000
	pigment { color rgbt <1,0,0,0> }
	no_shadow
}

// nucleotide -1

// particle -1
sphere {
	<28.956978, 28.052444, 29.269331> 0.250000
	pigment { color rgbt <1,0,0,0> }
	no_shadow
}
cylinder {
	<29.191380, 28.260506, 29.517859>,  <29.332020, 28.385344, 29.666975>, 0.100000
	pigment { color rgbt <1,0,0,0> }
	no_shadow
}
cylinder {
	<29.191380, 28.260506, 29.517859>,  <28.956978, 28.052444, 29.269331>, 0.100000
	pigment { color rgbt <1,0,0,0> }
	no_shadow
}

// particle -1
sphere {
	<29.191380, 28.260506, 29.517859> 0.100000
	pigment { color rgbt <1,0,0,0> }
	no_shadow
}
sphere {
	0, 1
	scale<0.080000,0.200000,0.300000>
	matrix <0.758708, -0.621463, -0.195309,
		0.284537, 0.585852, -0.758825,
		0.586004, 0.520154, 0.621320,
		29.367180, 28.416552, 29.704254>
	pigment { color rgbt <0,1,1,0> }
	no_shadow
}
cylinder {
	<29.601023, 28.159256, 28.907919>,  <28.956978, 28.052444, 29.269331>, 0.130000
	pigment { color rgbt <1,0,0,0> }
	no_shadow
}

// nucleotide -1

// particle -1
sphere {
	<29.601023, 28.159256, 28.907919> 0.250000
	pigment { color rgbt <1,0,0,0> }
	no_shadow
}
cylinder {
	<29.659805, 28.174650, 29.303276>,  <29.695074, 28.183887, 29.540491>, 0.100000
	pigment { color rgbt <1,0,0,0> }
	no_shadow
}
cylinder {
	<29.659805, 28.174650, 29.303276>,  <29.601023, 28.159256, 28.907919>, 0.100000
	pigment { color rgbt <1,0,0,0> }
	no_shadow
}

// particle -1
sphere {
	<29.659805, 28.174650, 29.303276> 0.100000
	pigment { color rgbt <1,0,0,0> }
	no_shadow
}
sphere {
	0, 1
	scale<0.080000,0.200000,0.300000>
	matrix <0.801226, -0.590590, -0.096131,
		0.580036, 0.806054, -0.117625,
		0.146955, 0.038485, 0.988394,
		29.703892, 28.186195, 29.599794>
	pigment { color rgbt <0,1,1,0> }
	no_shadow
}
cylinder {
	<30.360643, 28.312351, 29.235929>,  <29.601023, 28.159256, 28.907919>, 0.130000
	pigment { color rgbt <1,0,0,0> }
	no_shadow
}

// nucleotide -1

// particle -1
sphere {
	<30.360643, 28.312351, 29.235929> 0.250000
	pigment { color rgbt <1,0,0,0> }
	no_shadow
}
cylinder {
	<30.173958, 28.096533, 29.516233>,  <30.061947, 27.967041, 29.684416>, 0.100000
	pigment { color rgbt <1,0,0,0> }
	no_shadow
}
cylinder {
	<30.173958, 28.096533, 29.516233>,  <30.360643, 28.312351, 29.235929>, 0.100000
	pigment { color rgbt <1,0,0,0> }
	no_shadow
}

// particle -1
sphere {
	<30.173958, 28.096533, 29.516233> 0.100000
	pigment { color rgbt <1,0,0,0> }
	no_shadow
}
sphere {
	0, 1
	scale<0.080000,0.200000,0.300000>
	matrix <0.699556, -0.710001, -0.080747,
		0.541109, 0.452536, 0.708811,
		-0.466716, -0.539546, 0.700762,
		30.033943, 27.934669, 29.726461>
	pigment { color rgbt <0,1,1,0> }
	no_shadow
}
cylinder {
	<30.832670, 27.970592, 29.707134>,  <30.360643, 28.312351, 29.235929>, 0.130000
	pigment { color rgbt <1,0,0,0> }
	no_shadow
}

// nucleotide -1

// particle -1
sphere {
	<30.832670, 27.970592, 29.707134> 0.250000
	pigment { color rgbt <1,0,0,0> }
	no_shadow
}
cylinder {
	<30.490990, 27.762888, 29.717758>,  <30.285980, 27.638266, 29.724133>, 0.100000
	pigment { color rgbt <1,0,0,0> }
	no_shadow
}
cylinder {
	<30.490990, 27.762888, 29.717758>,  <30.832670, 27.970592, 29.707134>, 0.100000
	pigment { color rgbt <1,0,0,0> }
	no_shadow
}

// particle -1
sphere {
	<30.490990, 27.762888, 29.717758> 0.100000
	pigment { color rgbt <1,0,0,0> }
	no_shadow
}
sphere {
	0, 1
	scale<0.080000,0.200000,0.300000>
	matrix <0.511535, -0.848445, -0.135920,
		0.093113, -0.102516, 0.990364,
		-0.854203, -0.519262, 0.026561,
		30.234730, 27.607109, 29.725727>
	pigment { color rgbt <0,1,1,0> }
	no_shadow
}
cylinder {
	<31.135723, 27.519081, 30.020687>,  <30.832670, 27.970592, 29.707134>, 0.130000
	pigment { color rgbt <1,0,0,0> }
	no_shadow
}

// nucleotide -1

// particle -1
sphere {
	<31.135723, 27.519081, 30.020687> 0.250000
	pigment { color rgbt <1,0,0,0> }
	no_shadow
}
cylinder {
	<31.020336, 27.155737, 29.899578>,  <30.951105, 26.937731, 29.826912>, 0.100000
	pigment { color rgbt <1,0,0,0> }
	no_shadow
}
cylinder {
	<31.020336, 27.155737, 29.899578>,  <31.135723, 27.519081, 30.020687>, 0.100000
	pigment { color rgbt <1,0,0,0> }
	no_shadow
}

// particle -1
sphere {
	<31.020336, 27.155737, 29.899578> 0.100000
	pigment { color rgbt <1,0,0,0> }
	no_shadow
}
sphere {
	0, 1
	scale<0.080000,0.200000,0.300000>
	matrix <0.616559, 0.065709, -0.784562,
		0.732559, -0.412996, 0.541102,
		-0.288466, -0.908359, -0.302772,
		30.933796, 26.883228, 29.808746>
	pigment { color rgbt <0,1,1,0> }
	no_shadow
}
cylinder {
	<31.748377, 27.122469, 29.772345>,  <31.135723, 27.519081, 30.020687>, 0.130000
	pigment { color rgbt <1,0,0,0> }
	no_shadow
}

// nucleotide -1

// particle -1
sphere {
	<31.748377, 27.122469, 29.772345> 0.250000
	pigment { color rgbt <1,0,0,0> }
	no_shadow
}
cylinder {
	<31.413925, 26.969410, 29.615135>,  <31.213253, 26.877575, 29.520809>, 0.100000
	pigment { color rgbt <1,0,0,0> }
	no_shadow
}
cylinder {
	<31.413925, 26.969410, 29.615135>,  <31.748377, 27.122469, 29.772345>, 0.100000
	pigment { color rgbt <1,0,0,0> }
	no_shadow
}

// particle -1
sphere {
	<31.413925, 26.969410, 29.615135> 0.100000
	pigment { color rgbt <1,0,0,0> }
	no_shadow
}
sphere {
	0, 1
	scale<0.080000,0.200000,0.300000>
	matrix <0.408675, 0.043361, -0.911649,
		0.365884, -0.922875, 0.120124,
		-0.836130, -0.382650, -0.393021,
		31.163086, 26.854614, 29.497229>
	pigment { color rgbt <0,1,1,0> }
	no_shadow
}
cylinder {
	<32.209343, 26.542971, 29.743399>,  <31.748377, 27.122469, 29.772345>, 0.130000
	pigment { color rgbt <1,0,0,0> }
	no_shadow
}

// nucleotide -1

// particle -1
sphere {
	<32.209343, 26.542971, 29.743399> 0.250000
	pigment { color rgbt <1,0,0,0> }
	no_shadow
}
cylinder {
	<32.291462, 26.295950, 30.047104>,  <32.340733, 26.147738, 30.229326>, 0.100000
	pigment { color rgbt <1,0,0,0> }
	no_shadow
}
cylinder {
	<32.291462, 26.295950, 30.047104>,  <32.209343, 26.542971, 29.743399>, 0.100000
	pigment { color rgbt <1,0,0,0> }
	no_shadow
}

// particle -1
sphere {
	<32.291462, 26.295950, 30.047104> 0.100000
	pigment { color rgbt <1,0,0,0> }
	no_shadow
}
sphere {
	0, 1
	scale<0.080000,0.200000,0.300000>
	matrix <0.144775, 0.786415, 0.600493,
		-0.967933, -0.013355, 0.250853,
		0.205294, -0.617554, 0.759264,
		32.353050, 26.110683, 30.274883>
	pigment { color rgbt <0,1,1,0> }
	no_shadow
}
cylinder {
	<31.780060, 26.493807, 30.303997>,  <32.209343, 26.542971, 29.743399>, 0.130000
	pigment { color rgbt <1,0,0,0> }
	no_shadow
}

// nucleotide -1

// particle -1
sphere {
	<31.780060, 26.493807, 30.303997> 0.250000
	pigment { color rgbt <1,0,0,0> }
	no_shadow
}
cylinder {
	<32.133831, 26.396454, 30.463272>,  <32.346092, 26.338041, 30.558838>, 0.100000
	pigment { color rgbt <1,0,0,0> }
	no_shadow
}
cylinder {
	<32.133831, 26.396454, 30.463272>,  <31.780060, 26.493807, 30.303997>, 0.100000
	pigment { color rgbt <1,0,0,0> }
	no_shadow
}

// particle -1
sphere {
	<32.133831, 26.396454, 30.463272> 0.100000
	pigment { color rgbt <1,0,0,0> }
	no_shadow
}
sphere {
	0, 1
	scale<0.080000,0.200000,0.300000>
	matrix <-0.036714, 0.814308, 0.579271,
		-0.465234, -0.526941, 0.711260,
		0.884426, -0.243383, 0.398190,
		32.399158, 26.323439, 30.582729>
	pigment { color rgbt <0,1,1,0> }
	no_shadow
}
cylinder {
	<31.691692, 26.190800, 31.080309>,  <31.780060, 26.493807, 30.303997>, 0.130000
	pigment { color rgbt <1,0,0,0> }
	no_shadow
}

// nucleotide -1

// particle -1
sphere {
	<31.691692, 26.190800, 31.080309> 0.250000
	pigment { color rgbt <1,0,0,0> }
	no_shadow
}
cylinder {
	<32.018024, 26.394312, 30.970352>,  <32.213825, 26.516418, 30.904377>, 0.100000
	pigment { color rgbt <1,0,0,0> }
	no_shadow
}
cylinder {
	<32.018024, 26.394312, 30.970352>,  <31.691692, 26.190800, 31.080309>, 0.100000
	pigment { color rgbt <1,0,0,0> }
	no_shadow
}

// particle -1
sphere {
	<32.018024, 26.394312, 30.970352> 0.100000
	pigment { color rgbt <1,0,0,0> }
	no_shadow
}
sphere {
	0, 1
	scale<0.080000,0.200000,0.300000>
	matrix <-0.246876, 0.736276, 0.630039,
		0.522947, -0.446140, 0.726282,
		0.815830, 0.508779, -0.274892,
		32.262772, 26.546946, 30.887884>
	pigment { color rgbt <0,1,1,0> }
	no_shadow
}
cylinder {
	<32.050987, 26.391396, 31.653791>,  <31.691692, 26.190800, 31.080309>, 0.130000
	pigment { color rgbt <1,0,0,0> }
	no_shadow
}

// nucleotide -1

// particle -1
sphere {
	<32.050987, 26.391396, 31.653791> 0.250000
	pigment { color rgbt <1,0,0,0> }
	no_shadow
}
cylinder {
	<32.117641, 26.632853, 31.341934>,  <32.157635, 26.777727, 31.154819>, 0.100000
	pigment { color rgbt <1,0,0,0> }
	no_shadow
}
cylinder {
	<32.117641, 26.632853, 31.341934>,  <32.050987, 26.391396, 31.653791>, 0.100000
	pigment { color rgbt <1,0,0,0> }
	no_shadow
}

// particle -1
sphere {
	<32.117641, 26.632853, 31.341934> 0.100000
	pigment { color rgbt <1,0,0,0> }
	no_shadow
}
sphere {
	0, 1
	scale<0.080000,0.200000,0.300000>
	matrix <-0.461520, 0.746487, 0.479330,
		0.871339, 0.279949, 0.402985,
		0.166635, 0.603644, -0.779645,
		32.167633, 26.813946, 31.108040>
	pigment { color rgbt <0,1,1,0> }
	no_shadow
}
cylinder {
	<32.579735, 27.084503, 31.821215>,  <32.050987, 26.391396, 31.653791>, 0.130000
	pigment { color rgbt <1,0,0,0> }
	no_shadow
}

// nucleotide -1

// particle -1
sphere {
	<32.579735, 27.084503, 31.821215> 0.250000
	pigment { color rgbt <1,0,0,0> }
	no_shadow
}
cylinder {
	<32.267311, 27.099169, 31.571863>,  <32.079857, 27.107967, 31.422253>, 0.100000
	pigment { color rgbt <1,0,0,0> }
	no_shadow
}
cylinder {
	<32.267311, 27.099169, 31.571863>,  <32.579735, 27.084503, 31.821215>, 0.100000
	pigment { color rgbt <1,0,0,0> }
	no_shadow
}

// particle -1
sphere {
	<32.267311, 27.099169, 31.571863> 0.100000
	pigment { color rgbt <1,0,0,0> }
	no_shadow
}
sphere {
	0, 1
	scale<0.080000,0.200000,0.300000>
	matrix <-0.422855, 0.703517, 0.571190,
		0.459498, 0.709732, -0.533986,
		-0.781061, 0.036662, -0.623378,
		32.032993, 27.110167, 31.384850>
	pigment { color rgbt <0,1,1,0> }
	no_shadow
}
cylinder {
	<32.335121, 27.751509, 31.787014>,  <32.579735, 27.084503, 31.821215>, 0.130000
	pigment { color rgbt <1,0,0,0> }
	no_shadow
}

// nucleotide -1

// particle -1
sphere {
	<32.335121, 27.751509, 31.787014> 0.250000
	pigment { color rgbt <1,0,0,0> }
	no_shadow
}
cylinder {
	<32.003223, 27.575602, 31.649534>,  <31.804085, 27.470057, 31.567047>, 0.100000
	pigment { color rgbt <1,0,0,0> }
	no_shadow
}
cylinder {
	<32.003223, 27.575602, 31.649534>,  <32.335121, 27.751509, 31.787014>, 0.100000
	pigment { color rgbt <1,0,0,0> }
	no_shadow
}

// particle -1
sphere {
	<32.003223, 27.575602, 31.649534> 0.100000
	pigment { color rgbt <1,0,0,0> }
	no_shadow
}
sphere {
	0, 1
	scale<0.080000,0.200000,0.300000>
	matrix <-0.557686, 0.628264, 0.542468,
		-0.022626, 0.641785, -0.766551,
		-0.829744, -0.439768, -0.343699,
		31.754301, 27.443670, 31.546425>
	pigment { color rgbt <0,1,1,0> }
	no_shadow
}
cylinder {
	<31.904049, 28.268602, 31.587620>,  <32.335121, 27.751509, 31.787014>, 0.130000
	pigment { color rgbt <1,0,0,0> }
	no_shadow
}

// nucleotide -1

// particle -1
sphere {
	<31.904049, 28.268602, 31.587620> 0.250000
	pigment { color rgbt <1,0,0,0> }
	no_shadow
}
cylinder {
	<31.682589, 27.954279, 31.697872>,  <31.549711, 27.765684, 31.764023>, 0.100000
	pigment { color rgbt <1,0,0,0> }
	no_shadow
}
cylinder {
	<31.682589, 27.954279, 31.697872>,  <31.904049, 28.268602, 31.587620>, 0.100000
	pigment { color rgbt <1,0,0,0> }
	no_shadow
}

// particle -1
sphere {
	<31.682589, 27.954279, 31.697872> 0.100000
	pigment { color rgbt <1,0,0,0> }
	no_shadow
}
sphere {
	0, 1
	scale<0.080000,0.200000,0.300000>
	matrix <-0.515044, 0.583215, 0.628164,
		-0.654370, 0.205822, -0.727625,
		-0.553652, -0.785810, 0.275631,
		31.516493, 27.718536, 31.780561>
	pigment { color rgbt <0,1,1,0> }
	no_shadow
}
cylinder {
	<31.248524, 28.597990, 31.582588>,  <31.904049, 28.268602, 31.587620>, 0.130000
	pigment { color rgbt <1,0,0,0> }
	no_shadow
}

// nucleotide -1

// particle -1
sphere {
	<31.248524, 28.597990, 31.582588> 0.250000
	pigment { color rgbt <1,0,0,0> }
	no_shadow
}
cylinder {
	<31.253368, 28.257921, 31.793137>,  <31.256275, 28.053881, 31.919464>, 0.100000
	pigment { color rgbt <1,0,0,0> }
	no_shadow
}
cylinder {
	<31.253368, 28.257921, 31.793137>,  <31.248524, 28.597990, 31.582588>, 0.100000
	pigment { color rgbt <1,0,0,0> }
	no_shadow
}

// particle -1
sphere {
	<31.253368, 28.257921, 31.793137> 0.100000
	pigment { color rgbt <1,0,0,0> }
	no_shadow
}
sphere {
	0, 1
	scale<0.080000,0.200000,0.300000>
	matrix <-0.763011, 0.332368, 0.554387,
		-0.646271, -0.408340, -0.644664,
		0.012113, -0.850170, 0.526368,
		31.257002, 28.002871, 31.951048>
	pigment { color rgbt <0,1,1,0> }
	no_shadow
}
cylinder {
	<30.575396, 28.278994, 31.592834>,  <31.248524, 28.597990, 31.582588>, 0.130000
	pigment { color rgbt <1,0,0,0> }
	no_shadow
}

// nucleotide -1

// particle -1
sphere {
	<30.575396, 28.278994, 31.592834> 0.250000
	pigment { color rgbt <1,0,0,0> }
	no_shadow
}
cylinder {
	<30.755476, 28.144129, 31.923565>,  <30.863523, 28.063210, 32.122002>, 0.100000
	pigment { color rgbt <1,0,0,0> }
	no_shadow
}
cylinder {
	<30.755476, 28.144129, 31.923565>,  <30.575396, 28.278994, 31.592834>, 0.100000
	pigment { color rgbt <1,0,0,0> }
	no_shadow
}

// particle -1
sphere {
	<30.755476, 28.144129, 31.923565> 0.100000
	pigment { color rgbt <1,0,0,0> }
	no_shadow
}
sphere {
	0, 1
	scale<0.080000,0.200000,0.300000>
	matrix <-0.708877, 0.428108, 0.560551,
		-0.542966, -0.838479, -0.046271,
		0.450201, -0.337160, 0.826826,
		30.890537, 28.042980, 32.171612>
	pigment { color rgbt <0,1,1,0> }
	no_shadow
}
cylinder {
	<29.972239, 28.053158, 31.960142>,  <30.575396, 28.278994, 31.592834>, 0.130000
	pigment { color rgbt <1,0,0,0> }
	no_shadow
}

// nucleotide -1

// particle -1
sphere {
	<29.972239, 28.053158, 31.960142> 0.250000
	pigment { color rgbt <1,0,0,0> }
	no_shadow
}
cylinder {
	<30.249844, 28.063242, 32.247952>,  <30.416407, 28.069292, 32.420635>, 0.100000
	pigment { color rgbt <1,0,0,0> }
	no_shadow
}
cylinder {
	<30.249844, 28.063242, 32.247952>,  <29.972239, 28.053158, 31.960142>, 0.100000
	pigment { color rgbt <1,0,0,0> }
	no_shadow
}

// particle -1
sphere {
	<30.249844, 28.063242, 32.247952> 0.100000
	pigment { color rgbt <1,0,0,0> }
	no_shadow
}
sphere {
	0, 1
	scale<0.080000,0.200000,0.300000>
	matrix <-0.607138, 0.557623, 0.566074,
		-0.386953, -0.829711, 0.402302,
		0.694010, 0.025209, 0.719523,
		30.458046, 28.070805, 32.463810>
	pigment { color rgbt <0,1,1,0> }
	no_shadow
}
cylinder {
	<29.614145, 27.952345, 32.604313>,  <29.972239, 28.053158, 31.960142>, 0.130000
	pigment { color rgbt <1,0,0,0> }
	no_shadow
}

// nucleotide -1

// particle -1
sphere {
	<29.614145, 27.952345, 32.604313> 0.250000
	pigment { color rgbt <1,0,0,0> }
	no_shadow
}
cylinder {
	<29.950787, 28.140778, 32.709980>,  <30.152771, 28.253838, 32.773380>, 0.100000
	pigment { color rgbt <1,0,0,0> }
	no_shadow
}
cylinder {
	<29.950787, 28.140778, 32.709980>,  <29.614145, 27.952345, 32.604313>, 0.100000
	pigment { color rgbt <1,0,0,0> }
	no_shadow
}

// particle -1
sphere {
	<29.950787, 28.140778, 32.709980> 0.100000
	pigment { color rgbt <1,0,0,0> }
	no_shadow
}
sphere {
	0, 1
	scale<0.080000,0.200000,0.300000>
	matrix <-0.530150, 0.627119, 0.570669,
		0.103170, -0.620324, 0.777531,
		0.841604, 0.471084, 0.264165,
		30.203268, 28.282103, 32.789230>
	pigment { color rgbt <0,1,1,0> }
	no_shadow
}
cylinder {
	<29.510439, 28.145605, 33.352383>,  <29.614145, 27.952345, 32.604313>, 0.130000
	pigment { color rgbt <1,0,0,0> }
	no_shadow
}

// nucleotide -1

// particle -1
sphere {
	<29.510439, 28.145605, 33.352383> 0.250000
	pigment { color rgbt <1,0,0,0> }
	no_shadow
}
cylinder {
	<29.832155, 28.375982, 33.293858>,  <30.025185, 28.514208, 33.258743>, 0.100000
	pigment { color rgbt <1,0,0,0> }
	no_shadow
}
cylinder {
	<29.832155, 28.375982, 33.293858>,  <29.510439, 28.145605, 33.352383>, 0.100000
	pigment { color rgbt <1,0,0,0> }
	no_shadow
}

// particle -1
sphere {
	<29.832155, 28.375982, 33.293858> 0.100000
	pigment { color rgbt <1,0,0,0> }
	no_shadow
}
sphere {
	0, 1
	scale<0.080000,0.200000,0.300000>
	matrix <-0.364929, 0.673042, 0.643306,
		0.468981, -0.464011, 0.751499,
		0.804291, 0.575941, -0.146313,
		30.073442, 28.548765, 33.249962>
	pigment { color rgbt <0,1,1,0> }
	no_shadow
}
cylinder {
	<29.764328, 28.355015, 33.959087>,  <29.510439, 28.145605, 33.352383>, 0.130000
	pigment { color rgbt <1,0,0,0> }
	no_shadow
}

// nucleotide -1

// particle -1
sphere {
	<29.764328, 28.355015, 33.959087> 0.250000
	pigment { color rgbt <1,0,0,0> }
	no_shadow
}
cylinder {
	<29.907345, 28.640451, 33.718105>,  <29.993155, 28.811714, 33.573517>, 0.100000
	pigment { color rgbt <1,0,0,0> }
	no_shadow
}
cylinder {
	<29.907345, 28.640451, 33.718105>,  <29.764328, 28.355015, 33.959087>, 0.100000
	pigment { color rgbt <1,0,0,0> }
	no_shadow
}

// particle -1
sphere {
	<29.907345, 28.640451, 33.718105> 0.100000
	pigment { color rgbt <1,0,0,0> }
	no_shadow
}
sphere {
	0, 1
	scale<0.080000,0.200000,0.300000>
	matrix <-0.425888, 0.698699, 0.574838,
		0.831134, 0.051049, 0.553724,
		0.357542, 0.713592, -0.602454,
		30.014608, 28.854528, 33.537369>
	pigment { color rgbt <0,1,1,0> }
	no_shadow
}
cylinder {
	<29.611418, 28.852865, 34.362442>,  <29.764328, 28.355015, 33.959087>, 0.130000
	pigment { color rgbt <1,0,0,0> }
	no_shadow
}

// nucleotide -1

// particle -1
sphere {
	<29.611418, 28.852865, 34.362442> 0.250000
	pigment { color rgbt <1,0,0,0> }
	no_shadow
}
cylinder {
	<29.772249, 29.066204, 34.064751>,  <29.868748, 29.194206, 33.886135>, 0.100000
	pigment { color rgbt <1,0,0,0> }
	no_shadow
}
cylinder {
	<29.772249, 29.066204, 34.064751>,  <29.611418, 28.852865, 34.362442>, 0.100000
	pigment { color rgbt <1,0,0,0> }
	no_shadow
}

// particle -1
sphere {
	<29.772249, 29.066204, 34.064751> 0.100000
	pigment { color rgbt <1,0,0,0> }
	no_shadow
}
sphere {
	0, 1
	scale<0.080000,0.200000,0.300000>
	matrix <0.048734, 0.799209, 0.599075,
