// switches for output
#declare DRAW_BASES = 1; // possible values are 0, 1; only relevant for DNA ribbons
#declare DRAW_BASES_TYPE = 3; // possible values are 1, 2, 3; only relevant for DNA ribbons
#declare DRAW_FOG = 0; // set to 1 to enable fog

#include "colors.inc"

#include "transforms.inc"
background { rgb <1, 1, 1>}

#default {
   normal{
       ripples 0.25
       frequency 0.20
       turbulence 0.2
       lambda 5
   }
	finish {
		phong 0.1
		phong_size 40.
	}
}

// original window dimensions: 1024x640


// camera settings

camera {
	sky <0, 0.179814, -0.983701>
	up <0, 0.179814, -0.983701>
	right 1.6 * <1, 0, 0>
	location <35, 94.9851, 44.8844>
	look_at <35, 29.7336, 32.9568>
	direction <0, -65.2515, -11.9276>
	angle 67.0682
}


# declare cpy_camera_pos = <35, 94.9851, 44.8844>;
# if (DRAW_FOG = 1)
fog {
	fog_type 2
	up vnormalize(cpy_camera_pos)
	color rgbt<1,1,1,0.3>
	distance 1e-5
	fog_alt 3e-3
	fog_offset 56
}
# end


// LIGHTS

# declare lum = 6;
global_settings {
	ambient_light rgb lum * <0.05, 0.05, 0.05>
	max_trace_level 15
}# declare cpy_direct_light_amount = 0.25;
light_source
{	1000 * <-1, -1.16352, -0.803886>,
	rgb lum * cpy_direct_light_amount
	parallel
}

light_source
{	1000 * <1, 1.16352, 0.803886>,
	rgb lum * cpy_direct_light_amount
	parallel
}

// strand 0

// nucleotide -1

// particle -1
sphere {
	<24.292627, 35.025627, 35.366760> 0.250000
	pigment { color rgbt <1,0,0,0> }
	no_shadow
}
cylinder {
	<24.373468, 34.878368, 35.003746>,  <24.421972, 34.790012, 34.785938>, 0.100000
	pigment { color rgbt <1,0,0,0> }
	no_shadow
}
cylinder {
	<24.373468, 34.878368, 35.003746>,  <24.292627, 35.025627, 35.366760>, 0.100000
	pigment { color rgbt <1,0,0,0> }
	no_shadow
}

// particle -1
sphere {
	<24.373468, 34.878368, 35.003746> 0.100000
	pigment { color rgbt <1,0,0,0> }
	no_shadow
}
sphere {
	0, 1
	scale<0.080000,0.200000,0.300000>
	matrix <0.688885, -0.605226, 0.398923,
		-0.696126, -0.705812, 0.131292,
		0.202103, -0.368146, -0.907537,
		24.434099, 34.767925, 34.731483>
	pigment { color rgbt <0,1,1,0> }
	no_shadow
}
cylinder {
	<24.217793, 34.263420, 35.262798>,  <24.292627, 35.025627, 35.366760>, 0.130000
	pigment { color rgbt <1,0,0,0> }
	no_shadow
}

// nucleotide -1

// particle -1
sphere {
	<24.217793, 34.263420, 35.262798> 0.250000
	pigment { color rgbt <1,0,0,0> }
	no_shadow
}
cylinder {
	<24.509541, 34.413002, 35.033653>,  <24.684589, 34.502750, 34.896164>, 0.100000
	pigment { color rgbt <1,0,0,0> }
	no_shadow
}
cylinder {
	<24.509541, 34.413002, 35.033653>,  <24.217793, 34.263420, 35.262798>, 0.100000
	pigment { color rgbt <1,0,0,0> }
	no_shadow
}

// particle -1
sphere {
	<24.509541, 34.413002, 35.033653> 0.100000
	pigment { color rgbt <1,0,0,0> }
	no_shadow
}
sphere {
	0, 1
	scale<0.080000,0.200000,0.300000>
	matrix <0.672957, -0.542822, 0.502467,
		-0.123064, -0.751999, -0.647574,
		0.729372, 0.373954, -0.572865,
		24.728352, 34.525188, 34.861794>
	pigment { color rgbt <0,1,1,0> }
	no_shadow
}
cylinder {
	<24.609278, 33.710213, 34.755325>,  <24.217793, 34.263420, 35.262798>, 0.130000
	pigment { color rgbt <1,0,0,0> }
	no_shadow
}

// nucleotide -1

// particle -1
sphere {
	<24.609278, 33.710213, 34.755325> 0.250000
	pigment { color rgbt <1,0,0,0> }
	no_shadow
}
cylinder {
	<24.805517, 34.018291, 34.918354>,  <24.923260, 34.203136, 35.016171>, 0.100000
	pigment { color rgbt <1,0,0,0> }
	no_shadow
}
cylinder {
	<24.805517, 34.018291, 34.918354>,  <24.609278, 33.710213, 34.755325>, 0.100000
	pigment { color rgbt <1,0,0,0> }
	no_shadow
}

// particle -1
sphere {
	<24.805517, 34.018291, 34.918354> 0.100000
	pigment { color rgbt <1,0,0,0> }
	no_shadow
}
sphere {
	0, 1
	scale<0.080000,0.200000,0.300000>
	matrix <0.372637, -0.608238, 0.700848,
		0.787690, -0.191957, -0.585403,
		0.490597, 0.770194, 0.407573,
		24.952696, 34.249352, 35.040627>
	pigment { color rgbt <0,1,1,0> }
	no_shadow
}
cylinder {
	<25.348715, 33.593136, 34.838612>,  <24.609278, 33.710213, 34.755325>, 0.130000
	pigment { color rgbt <1,0,0,0> }
	no_shadow
}

// nucleotide -1

// particle -1
sphere {
	<25.348715, 33.593136, 34.838612> 0.250000
	pigment { color rgbt <1,0,0,0> }
	no_shadow
}
cylinder {
	<25.213154, 33.844013, 35.119118>,  <25.131817, 33.994537, 35.287422>, 0.100000
	pigment { color rgbt <1,0,0,0> }
	no_shadow
}
cylinder {
	<25.213154, 33.844013, 35.119118>,  <25.348715, 33.593136, 34.838612>, 0.100000
	pigment { color rgbt <1,0,0,0> }
	no_shadow
}

// particle -1
sphere {
	<25.213154, 33.844013, 35.119118> 0.100000
	pigment { color rgbt <1,0,0,0> }
	no_shadow
}
sphere {
	0, 1
	scale<0.080000,0.200000,0.300000>
	matrix <0.385502, -0.587359, 0.711616,
		0.858214, 0.511510, -0.042725,
		-0.338905, 0.627190, 0.701268,
		25.111483, 34.032169, 35.329498>
	pigment { color rgbt <0,1,1,0> }
	no_shadow
}
cylinder {
	<25.792030, 33.908588, 34.397320>,  <25.348715, 33.593136, 34.838612>, 0.130000
	pigment { color rgbt <1,0,0,0> }
	no_shadow
}

// nucleotide -1

// particle -1
sphere {
	<25.792030, 33.908588, 34.397320> 0.250000
	pigment { color rgbt <1,0,0,0> }
	no_shadow
}
cylinder {
	<26.156528, 33.951748, 34.556309>,  <26.375227, 33.977642, 34.651703>, 0.100000
	pigment { color rgbt <1,0,0,0> }
	no_shadow
}
cylinder {
	<26.156528, 33.951748, 34.556309>,  <25.792030, 33.908588, 34.397320>, 0.100000
	pigment { color rgbt <1,0,0,0> }
	no_shadow
}

// particle -1
sphere {
	<26.156528, 33.951748, 34.556309> 0.100000
	pigment { color rgbt <1,0,0,0> }
	no_shadow
}
sphere {
	0, 1
	scale<0.080000,0.200000,0.300000>
	matrix <-0.326336, -0.399612, 0.856630,
		0.251265, -0.910312, -0.328934,
		0.911246, 0.107898, 0.397477,
		26.429903, 33.984116, 34.675552>
	pigment { color rgbt <0,1,1,0> }
	no_shadow
}
cylinder {
	<25.982483, 33.260357, 34.808960>,  <25.792030, 33.908588, 34.397320>, 0.130000
	pigment { color rgbt <1,0,0,0> }
	no_shadow
}

// nucleotide -1

// particle -1
sphere {
	<25.982483, 33.260357, 34.808960> 0.250000
	pigment { color rgbt <1,0,0,0> }
	no_shadow
}
cylinder {
	<26.230610, 33.540985, 34.949249>,  <26.379486, 33.709362, 35.033421>, 0.100000
	pigment { color rgbt <1,0,0,0> }
	no_shadow
}
cylinder {
	<26.230610, 33.540985, 34.949249>,  <25.982483, 33.260357, 34.808960>, 0.100000
	pigment { color rgbt <1,0,0,0> }
	no_shadow
}

// particle -1
sphere {
	<26.230610, 33.540985, 34.949249> 0.100000
	pigment { color rgbt <1,0,0,0> }
	no_shadow
}
sphere {
	0, 1
	scale<0.080000,0.200000,0.300000>
	matrix <-0.192765, -0.297071, 0.935196,
		0.760294, -0.647726, -0.049040,
		0.620319, 0.701570, 0.350720,
		26.416706, 33.751457, 35.054466>
	pigment { color rgbt <0,1,1,0> }
	no_shadow
}
cylinder {
	<26.225073, 33.003872, 35.416100>,  <25.982483, 33.260357, 34.808960>, 0.130000
	pigment { color rgbt <1,0,0,0> }
	no_shadow
}

// nucleotide -1

// particle -1
sphere {
	<26.225073, 33.003872, 35.416100> 0.250000
	pigment { color rgbt <1,0,0,0> }
	no_shadow
}
cylinder {
	<26.354958, 33.379807, 35.458561>,  <26.432888, 33.605366, 35.484039>, 0.100000
	pigment { color rgbt <1,0,0,0> }
	no_shadow
}
cylinder {
	<26.354958, 33.379807, 35.458561>,  <26.225073, 33.003872, 35.416100>, 0.100000
	pigment { color rgbt <1,0,0,0> }
	no_shadow
}

// particle -1
sphere {
	<26.354958, 33.379807, 35.458561> 0.100000
	pigment { color rgbt <1,0,0,0> }
	no_shadow
}
sphere {
	0, 1
	scale<0.080000,0.200000,0.300000>
	matrix <-0.257264, -0.020238, 0.966129,
		0.910152, -0.341024, 0.235214,
		0.324713, 0.939837, 0.106153,
		26.452372, 33.661758, 35.490406>
	pigment { color rgbt <0,1,1,0> }
	no_shadow
}
cylinder {
	<26.689005, 32.935131, 35.933849>,  <26.225073, 33.003872, 35.416100>, 0.130000
	pigment { color rgbt <1,0,0,0> }
	no_shadow
}

// nucleotide -1

// particle -1
sphere {
	<26.689005, 32.935131, 35.933849> 0.250000
	pigment { color rgbt <1,0,0,0> }
	no_shadow
}
cylinder {
	<26.554899, 33.311539, 35.915588>,  <26.474436, 33.537384, 35.904633>, 0.100000
	pigment { color rgbt <1,0,0,0> }
	no_shadow
}
cylinder {
	<26.554899, 33.311539, 35.915588>,  <26.689005, 32.935131, 35.933849>, 0.100000
	pigment { color rgbt <1,0,0,0> }
	no_shadow
}

// particle -1
sphere {
	<26.554899, 33.311539, 35.915588> 0.100000
	pigment { color rgbt <1,0,0,0> }
	no_shadow
}
sphere {
	0, 1
	scale<0.080000,0.200000,0.300000>
	matrix <-0.019736, 0.041434, 0.998946,
		0.941918, 0.335811, 0.004681,
		-0.335263, 0.941018, -0.045655,
		26.454321, 33.593845, 35.901894>
	pigment { color rgbt <0,1,1,0> }
	no_shadow
}
cylinder {
	<26.906425, 33.190563, 36.567833>,  <26.689005, 32.935131, 35.933849>, 0.130000
	pigment { color rgbt <1,0,0,0> }
	no_shadow
}

// nucleotide -1

// particle -1
sphere {
	<26.906425, 33.190563, 36.567833> 0.250000
	pigment { color rgbt <1,0,0,0> }
	no_shadow
}
cylinder {
	<26.619095, 33.446762, 36.459194>,  <26.446697, 33.600483, 36.394009>, 0.100000
	pigment { color rgbt <1,0,0,0> }
	no_shadow
}
cylinder {
	<26.619095, 33.446762, 36.459194>,  <26.906425, 33.190563, 36.567833>, 0.100000
	pigment { color rgbt <1,0,0,0> }
	no_shadow
}

// particle -1
sphere {
	<26.619095, 33.446762, 36.459194> 0.100000
	pigment { color rgbt <1,0,0,0> }
	no_shadow
}
sphere {
	0, 1
	scale<0.080000,0.200000,0.300000>
	matrix <-0.186868, 0.198416, 0.962139,
		0.670139, 0.741884, -0.022839,
		-0.718327, 0.640499, -0.271601,
		26.403597, 33.638912, 36.377712>
	pigment { color rgbt <0,1,1,0> }
	no_shadow
}
cylinder {
	<27.159599, 33.744286, 36.907455>,  <26.906425, 33.190563, 36.567833>, 0.130000
	pigment { color rgbt <1,0,0,0> }
	no_shadow
}

// nucleotide -1

// particle -1
sphere {
	<27.159599, 33.744286, 36.907455> 0.250000
	pigment { color rgbt <1,0,0,0> }
	no_shadow
}
cylinder {
	<26.773611, 33.804424, 36.821449>,  <26.542019, 33.840508, 36.769848>, 0.100000
	pigment { color rgbt <1,0,0,0> }
	no_shadow
}
cylinder {
	<26.773611, 33.804424, 36.821449>,  <27.159599, 33.744286, 36.907455>, 0.100000
	pigment { color rgbt <1,0,0,0> }
	no_shadow
}

// particle -1
sphere {
	<26.773611, 33.804424, 36.821449> 0.100000
	pigment { color rgbt <1,0,0,0> }
	no_shadow
}
sphere {
	0, 1
	scale<0.080000,0.200000,0.300000>
	matrix <-0.169092, 0.270220, 0.947834,
		0.200600, 0.950988, -0.235332,
		-0.964970, 0.150343, -0.215011,
		26.484119, 33.849525, 36.756947>
	pigment { color rgbt <0,1,1,0> }
	no_shadow
}
cylinder {
	<26.934704, 34.483540, 37.197975>,  <27.159599, 33.744286, 36.907455>, 0.130000
	pigment { color rgbt <1,0,0,0> }
	no_shadow
}

// nucleotide -1

// particle -1
sphere {
	<26.934704, 34.483540, 37.197975> 0.250000
	pigment { color rgbt <1,0,0,0> }
	no_shadow
}
cylinder {
	<26.620070, 34.243401, 37.140194>,  <26.431290, 34.099316, 37.105526>, 0.100000
	pigment { color rgbt <1,0,0,0> }
	no_shadow
}
cylinder {
	<26.620070, 34.243401, 37.140194>,  <26.934704, 34.483540, 37.197975>, 0.100000
	pigment { color rgbt <1,0,0,0> }
	no_shadow
}

// particle -1
sphere {
	<26.620070, 34.243401, 37.140194> 0.100000
	pigment { color rgbt <1,0,0,0> }
	no_shadow
}
sphere {
	0, 1
	scale<0.080000,0.200000,0.300000>
	matrix <-0.338224, 0.223180, 0.914218,
		-0.516611, 0.767967, -0.378602,
		-0.786586, -0.600347, -0.144448,
		26.384094, 34.063297, 37.096859>
	pigment { color rgbt <0,1,1,0> }
	no_shadow
}
cylinder {
	<26.427980, 34.833538, 37.513634>,  <26.934704, 34.483540, 37.197975>, 0.130000
	pigment { color rgbt <1,0,0,0> }
	no_shadow
}

// nucleotide -1

// particle -1
sphere {
	<26.427980, 34.833538, 37.513634> 0.250000
	pigment { color rgbt <1,0,0,0> }
	no_shadow
}
cylinder {
	<26.270578, 34.466007, 37.501530>,  <26.176138, 34.245491, 37.494267>, 0.100000
	pigment { color rgbt <1,0,0,0> }
	no_shadow
}
cylinder {
	<26.270578, 34.466007, 37.501530>,  <26.427980, 34.833538, 37.513634>, 0.100000
	pigment { color rgbt <1,0,0,0> }
	no_shadow
}

// particle -1
sphere {
	<26.270578, 34.466007, 37.501530> 0.100000
	pigment { color rgbt <1,0,0,0> }
	no_shadow
}
sphere {
	0, 1
	scale<0.080000,0.200000,0.300000>
	matrix <-0.396933, 0.140123, 0.907088,
		-0.829215, 0.368954, -0.419851,
		-0.393505, -0.918824, -0.030258,
		26.152527, 34.190361, 37.492451>
	pigment { color rgbt <0,1,1,0> }
	no_shadow
}
cylinder {
	<25.951630, 34.961014, 37.858013>,  <26.427980, 34.833538, 37.513634>, 0.130000
	pigment { color rgbt <1,0,0,0> }
	no_shadow
}

// nucleotide -1

// particle -1
sphere {
	<25.951630, 34.961014, 37.858013> 0.250000
	pigment { color rgbt <1,0,0,0> }
	no_shadow
}
cylinder {
	<25.964506, 34.561245, 37.862453>,  <25.972233, 34.321384, 37.865120>, 0.100000
	pigment { color rgbt <1,0,0,0> }
	no_shadow
}
cylinder {
	<25.964506, 34.561245, 37.862453>,  <25.951630, 34.961014, 37.858013>, 0.100000
	pigment { color rgbt <1,0,0,0> }
	no_shadow
}

// particle -1
sphere {
	<25.964506, 34.561245, 37.862453> 0.100000
	pigment { color rgbt <1,0,0,0> }
	no_shadow
}
sphere {
	0, 1
	scale<0.080000,0.200000,0.300000>
	matrix <-0.411233, -0.003118, 0.911525,
		-0.910962, -0.033911, -0.411095,
		0.032193, -0.999420, 0.011105,
		25.974163, 34.261417, 37.865784>
	pigment { color rgbt <0,1,1,0> }
	no_shadow
}
cylinder {
	<25.330870, 34.670082, 38.117439>,  <25.951630, 34.961014, 37.858013>, 0.130000
	pigment { color rgbt <1,0,0,0> }
	no_shadow
}

// nucleotide -1

// particle -1
sphere {
	<25.330870, 34.670082, 38.117439> 0.250000
	pigment { color rgbt <1,0,0,0> }
	no_shadow
}
cylinder {
	<25.618542, 34.399036, 38.178917>,  <25.791145, 34.236408, 38.215805>, 0.100000
	pigment { color rgbt <1,0,0,0> }
	no_shadow
}
cylinder {
	<25.618542, 34.399036, 38.178917>,  <25.330870, 34.670082, 38.117439>, 0.100000
	pigment { color rgbt <1,0,0,0> }
	no_shadow
}

// particle -1
sphere {
	<25.618542, 34.399036, 38.178917> 0.100000
	pigment { color rgbt <1,0,0,0> }
	no_shadow
}
sphere {
	0, 1
	scale<0.080000,0.200000,0.300000>
	matrix <-0.262178, -0.059801, 0.963165,
		-0.643462, -0.732983, -0.220663,
		0.719179, -0.677613, 0.153692,
		25.834295, 34.195751, 38.225025>
	pigment { color rgbt <0,1,1,0> }
	no_shadow
}
cylinder {
	<24.988077, 34.062183, 38.437698>,  <25.330870, 34.670082, 38.117439>, 0.130000
	pigment { color rgbt <1,0,0,0> }
	no_shadow
}

// nucleotide -1

// particle -1
sphere {
	<24.988077, 34.062183, 38.437698> 0.250000
	pigment { color rgbt <1,0,0,0> }
	no_shadow
}
cylinder {
	<25.381588, 34.041264, 38.506336>,  <25.617695, 34.028709, 38.547520>, 0.100000
	pigment { color rgbt <1,0,0,0> }
	no_shadow
}
cylinder {
	<25.381588, 34.041264, 38.506336>,  <24.988077, 34.062183, 38.437698>, 0.100000
	pigment { color rgbt <1,0,0,0> }
	no_shadow
}

// particle -1
sphere {
	<25.381588, 34.041264, 38.506336> 0.100000
	pigment { color rgbt <1,0,0,0> }
	no_shadow
}
sphere {
	0, 1
	scale<0.080000,0.200000,0.300000>
	matrix <-0.179348, -0.266892, 0.946891,
		-0.003729, -0.962306, -0.271943,
		0.983779, -0.052303, 0.171593,
		25.676722, 34.025574, 38.557816>
	pigment { color rgbt <0,1,1,0> }
	no_shadow
}
cylinder {
	<25.050262, 33.491161, 38.910606>,  <24.988077, 34.062183, 38.437698>, 0.130000
	pigment { color rgbt <1,0,0,0> }
	no_shadow
}

// nucleotide -1

// particle -1
sphere {
	<25.050262, 33.491161, 38.910606> 0.250000
	pigment { color rgbt <1,0,0,0> }
	no_shadow
}
cylinder {
	<25.397606, 33.684891, 38.953281>,  <25.606012, 33.801128, 38.978886>, 0.100000
	pigment { color rgbt <1,0,0,0> }
	no_shadow
}
cylinder {
	<25.397606, 33.684891, 38.953281>,  <25.050262, 33.491161, 38.910606>, 0.100000
	pigment { color rgbt <1,0,0,0> }
	no_shadow
}

// particle -1
sphere {
	<25.397606, 33.684891, 38.953281> 0.100000
	pigment { color rgbt <1,0,0,0> }
	no_shadow
}
sphere {
	0, 1
	scale<0.080000,0.200000,0.300000>
	matrix <0.003462, -0.221047, 0.975257,
		0.495922, -0.846505, -0.193625,
		0.868360, 0.484322, 0.106692,
		25.658113, 33.830189, 38.985291>
	pigment { color rgbt <0,1,1,0> }
	no_shadow
}
cylinder {
	<25.398645, 33.100636, 39.273579>,  <25.050262, 33.491161, 38.910606>, 0.130000
	pigment { color rgbt <1,0,0,0> }
	no_shadow
}

// nucleotide -1

// particle -1
sphere {
	<25.398645, 33.100636, 39.273579> 0.250000
	pigment { color rgbt <1,0,0,0> }
	no_shadow
}
cylinder {
	<25.569035, 33.460571, 39.311161>,  <25.671268, 33.676533, 39.333710>, 0.100000
	pigment { color rgbt <1,0,0,0> }
	no_shadow
}
cylinder {
	<25.569035, 33.460571, 39.311161>,  <25.398645, 33.100636, 39.273579>, 0.100000
	pigment { color rgbt <1,0,0,0> }
	no_shadow
}

// particle -1
sphere {
	<25.569035, 33.460571, 39.311161> 0.100000
	pigment { color rgbt <1,0,0,0> }
	no_shadow
}
sphere {
	0, 1
	scale<0.080000,0.200000,0.300000>
	matrix <-0.017674, -0.095554, 0.995267,
		0.904563, -0.425618, -0.024799,
		0.425973, 0.899844, 0.093957,
		25.696827, 33.730526, 39.339348>
	pigment { color rgbt <0,1,1,0> }
	no_shadow
}
cylinder {
	<25.914259, 33.031910, 39.799694>,  <25.398645, 33.100636, 39.273579>, 0.130000
	pigment { color rgbt <1,0,0,0> }
	no_shadow
}

// nucleotide -1

// particle -1
sphere {
	<25.914259, 33.031910, 39.799694> 0.250000
	pigment { color rgbt <1,0,0,0> }
	no_shadow
}
cylinder {
	<25.820156, 33.420635, 39.793610>,  <25.763695, 33.653870, 39.789959>, 0.100000
	pigment { color rgbt <1,0,0,0> }
	no_shadow
}
cylinder {
	<25.820156, 33.420635, 39.793610>,  <25.914259, 33.031910, 39.799694>, 0.100000
	pigment { color rgbt <1,0,0,0> }
	no_shadow
}

// particle -1
sphere {
	<25.820156, 33.420635, 39.793610> 0.100000
	pigment { color rgbt <1,0,0,0> }
	no_shadow
}
sphere {
	0, 1
	scale<0.080000,0.200000,0.300000>
	matrix <-0.095844, -0.007619, 0.995367,
		0.967196, 0.235623, 0.094935,
		-0.235255, 0.971815, -0.015214,
		25.749580, 33.712181, 39.789047>
	pigment { color rgbt <0,1,1,0> }
	no_shadow
}
cylinder {
	<26.263124, 33.295891, 40.318150>,  <25.914259, 33.031910, 39.799694>, 0.130000
	pigment { color rgbt <1,0,0,0> }
	no_shadow
}

// nucleotide -1

// particle -1
sphere {
	<26.263124, 33.295891, 40.318150> 0.250000
	pigment { color rgbt <1,0,0,0> }
	no_shadow
}
cylinder {
	<25.995367, 33.590279, 40.277637>,  <25.834713, 33.766911, 40.253330>, 0.100000
	pigment { color rgbt <1,0,0,0> }
	no_shadow
}
cylinder {
	<25.995367, 33.590279, 40.277637>,  <26.263124, 33.295891, 40.318150>, 0.100000
	pigment { color rgbt <1,0,0,0> }
	no_shadow
}

// particle -1
sphere {
	<25.995367, 33.590279, 40.277637> 0.100000
	pigment { color rgbt <1,0,0,0> }
	no_shadow
}
sphere {
	0, 1
	scale<0.080000,0.200000,0.300000>
	matrix <-0.093812, 0.051495, 0.994257,
		0.736963, 0.675049, 0.034572,
		-0.669392, 0.735974, -0.101277,
		25.794550, 33.811069, 40.247253>
	pigment { color rgbt <0,1,1,0> }
	no_shadow
}
cylinder {
	<26.364326, 33.935543, 40.805595>,  <26.263124, 33.295891, 40.318150>, 0.130000
	pigment { color rgbt <1,0,0,0> }
	no_shadow
}

// nucleotide -1

// particle -1
sphere {
	<26.364326, 33.935543, 40.805595> 0.250000
	pigment { color rgbt <1,0,0,0> }
	no_shadow
}
cylinder {
	<25.975929, 33.966137, 40.714977>,  <25.742891, 33.984493, 40.660606>, 0.100000
	pigment { color rgbt <1,0,0,0> }
	no_shadow
}
cylinder {
	<25.975929, 33.966137, 40.714977>,  <26.364326, 33.935543, 40.805595>, 0.100000
	pigment { color rgbt <1,0,0,0> }
	no_shadow
}

// particle -1
sphere {
	<25.975929, 33.966137, 40.714977> 0.100000
	pigment { color rgbt <1,0,0,0> }
	no_shadow
}
sphere {
	0, 1
	scale<0.080000,0.200000,0.300000>
	matrix <-0.222297, 0.060185, 0.973120,
		0.088060, 0.995253, -0.041438,
		-0.970994, 0.076481, -0.226541,
		25.684631, 33.989082, 40.647015>
	pigment { color rgbt <0,1,1,0> }
	no_shadow
}
cylinder {
	<26.078028, 34.553280, 41.154949>,  <26.364326, 33.935543, 40.805595>, 0.130000
	pigment { color rgbt <1,0,0,0> }
	no_shadow
}

// nucleotide -1

// particle -1
sphere {
	<26.078028, 34.553280, 41.154949> 0.250000
	pigment { color rgbt <1,0,0,0> }
	no_shadow
}
cylinder {
	<25.758537, 34.323730, 41.082611>,  <25.566843, 34.186001, 41.039207>, 0.100000
	pigment { color rgbt <1,0,0,0> }
	no_shadow
}
cylinder {
	<25.758537, 34.323730, 41.082611>,  <26.078028, 34.553280, 41.154949>, 0.100000
	pigment { color rgbt <1,0,0,0> }
	no_shadow
}

// particle -1
sphere {
	<25.758537, 34.323730, 41.082611> 0.100000
	pigment { color rgbt <1,0,0,0> }
	no_shadow
}
sphere {
	0, 1
	scale<0.080000,0.200000,0.300000>
	matrix <-0.332528, 0.170520, 0.927550,
		-0.501460, 0.800994, -0.327028,
		-0.798726, -0.573874, -0.180844,
		25.518919, 34.151569, 41.028358>
	pigment { color rgbt <0,1,1,0> }
	no_shadow
}
cylinder {
	<25.442226, 34.881973, 41.442703>,  <26.078028, 34.553280, 41.154949>, 0.130000
	pigment { color rgbt <1,0,0,0> }
	no_shadow
}

// nucleotide -1

// particle -1
sphere {
	<25.442226, 34.881973, 41.442703> 0.250000
	pigment { color rgbt <1,0,0,0> }
	no_shadow
}
cylinder {
	<25.333452, 34.499435, 41.399887>,  <25.268188, 34.269913, 41.374199>, 0.100000
	pigment { color rgbt <1,0,0,0> }
	no_shadow
}
cylinder {
	<25.333452, 34.499435, 41.399887>,  <25.442226, 34.881973, 41.442703>, 0.100000
	pigment { color rgbt <1,0,0,0> }
	no_shadow
}

// particle -1
sphere {
	<25.333452, 34.499435, 41.399887> 0.100000
	pigment { color rgbt <1,0,0,0> }
	no_shadow
}
sphere {
	0, 1
	scale<0.080000,0.200000,0.300000>
	matrix <-0.505531, 0.047322, 0.861509,
		-0.818834, 0.288387, -0.496331,
		-0.271936, -0.956344, -0.107040,
		25.251871, 34.212532, 41.367775>
	pigment { color rgbt <0,1,1,0> }
	no_shadow
}
cylinder {
	<24.637806, 34.775940, 41.587849>,  <25.442226, 34.881973, 41.442703>, 0.130000
	pigment { color rgbt <1,0,0,0> }
	no_shadow
}

// nucleotide -1

// particle -1
sphere {
	<24.637806, 34.775940, 41.587849> 0.250000
	pigment { color rgbt <1,0,0,0> }
	no_shadow
}
cylinder {
	<24.788704, 34.408577, 41.635536>,  <24.879242, 34.188160, 41.664150>, 0.100000
	pigment { color rgbt <1,0,0,0> }
	no_shadow
}
cylinder {
	<24.788704, 34.408577, 41.635536>,  <24.637806, 34.775940, 41.587849>, 0.100000
	pigment { color rgbt <1,0,0,0> }
	no_shadow
}

// particle -1
sphere {
	<24.788704, 34.408577, 41.635536> 0.100000
	pigment { color rgbt <1,0,0,0> }
	no_shadow
}
sphere {
	0, 1
	scale<0.080000,0.200000,0.300000>
	matrix <-0.663831, -0.178392, 0.726295,
		-0.645767, -0.353134, -0.676965,
		0.377245, -0.918408, 0.119221,
		24.901876, 34.133053, 41.671303>
	pigment { color rgbt <0,1,1,0> }
	no_shadow
}
cylinder {
	<24.101864, 34.360176, 41.857853>,  <24.637806, 34.775940, 41.587849>, 0.130000
	pigment { color rgbt <1,0,0,0> }
	no_shadow
}

// nucleotide -1

// particle -1
sphere {
	<24.101864, 34.360176, 41.857853> 0.250000
	pigment { color rgbt <1,0,0,0> }
	no_shadow
}
cylinder {
	<24.415604, 34.122250, 41.928276>,  <24.603848, 33.979496, 41.970528>, 0.100000
	pigment { color rgbt <1,0,0,0> }
	no_shadow
}
cylinder {
	<24.415604, 34.122250, 41.928276>,  <24.101864, 34.360176, 41.857853>, 0.100000
	pigment { color rgbt <1,0,0,0> }
	no_shadow
}

// particle -1
sphere {
	<24.415604, 34.122250, 41.928276> 0.100000
	pigment { color rgbt <1,0,0,0> }
	no_shadow
}
sphere {
	0, 1
	scale<0.080000,0.200000,0.300000>
	matrix <-0.490390, -0.420752, 0.763207,
		-0.379887, -0.684958, -0.621706,
		0.784349, -0.594811, 0.176058,
		24.650908, 33.943806, 41.981094>
	pigment { color rgbt <0,1,1,0> }
	no_shadow
}
cylinder {
	<23.778297, 33.709236, 41.909634>,  <24.101864, 34.360176, 41.857853>, 0.130000
	pigment { color rgbt <1,0,0,0> }
	no_shadow
}

// nucleotide -1

// particle -1
sphere {
	<23.778297, 33.709236, 41.909634> 0.250000
	pigment { color rgbt <1,0,0,0> }
	no_shadow
}
cylinder {
	<24.134838, 33.692795, 42.090210>,  <24.348763, 33.682930, 42.198555>, 0.100000
	pigment { color rgbt <1,0,0,0> }
	no_shadow
}
cylinder {
	<24.134838, 33.692795, 42.090210>,  <23.778297, 33.709236, 41.909634>, 0.100000
	pigment { color rgbt <1,0,0,0> }
	no_shadow
}

// particle -1
sphere {
	<24.134838, 33.692795, 42.090210> 0.100000
	pigment { color rgbt <1,0,0,0> }
	no_shadow
}
sphere {
	0, 1
	scale<0.080000,0.200000,0.300000>
	matrix <-0.423340, -0.431589, 0.796564,
		0.162097, -0.901133, -0.402099,
		0.891352, -0.041104, 0.451445,
		24.402245, 33.680462, 42.225643>
	pigment { color rgbt <0,1,1,0> }
	no_shadow
}
cylinder {
	<23.971176, 32.963013, 42.201195>,  <23.778297, 33.709236, 41.909634>, 0.130000
	pigment { color rgbt <1,0,0,0> }
	no_shadow
}

// nucleotide -1

// particle -1
sphere {
	<23.971176, 32.963013, 42.201195> 0.250000
	pigment { color rgbt <1,0,0,0> }
	no_shadow
}
cylinder {
	<24.161301, 33.249779, 42.405197>,  <24.275375, 33.421841, 42.527599>, 0.100000
	pigment { color rgbt <1,0,0,0> }
	no_shadow
}
cylinder {
	<24.161301, 33.249779, 42.405197>,  <23.971176, 32.963013, 42.201195>, 0.100000
	pigment { color rgbt <1,0,0,0> }
	no_shadow
}

// particle -1
sphere {
	<24.161301, 33.249779, 42.405197> 0.100000
	pigment { color rgbt <1,0,0,0> }
	no_shadow
}
sphere {
	0, 1
	scale<0.080000,0.200000,0.300000>
	matrix <-0.293197, -0.417466, 0.860092,
		0.829526, -0.558344, 0.011772,
		0.475313, 0.716920, 0.510004,
		24.303894, 33.464855, 42.558197>
	pigment { color rgbt <0,1,1,0> }
	no_shadow
}
cylinder {
	<24.460106, 32.661469, 42.759537>,  <23.971176, 32.963013, 42.201195>, 0.130000
	pigment { color rgbt <1,0,0,0> }
	no_shadow
}

// nucleotide -1

// particle -1
sphere {
	<24.460106, 32.661469, 42.759537> 0.250000
	pigment { color rgbt <1,0,0,0> }
	no_shadow
}
cylinder {
	<24.287079, 33.018314, 42.811707>,  <24.183262, 33.232422, 42.843006>, 0.100000
	pigment { color rgbt <1,0,0,0> }
	no_shadow
}
cylinder {
	<24.287079, 33.018314, 42.811707>,  <24.460106, 32.661469, 42.759537>, 0.100000
	pigment { color rgbt <1,0,0,0> }
	no_shadow
}

// particle -1
sphere {
	<24.287079, 33.018314, 42.811707> 0.100000
	pigment { color rgbt <1,0,0,0> }
	no_shadow
}
sphere {
	0, 1
	scale<0.080000,0.200000,0.300000>
	matrix <-0.367886, -0.306712, 0.877831,
		0.823132, 0.331741, 0.460871,
		-0.432567, 0.892119, 0.130422,
		24.157309, 33.285950, 42.850834>
	pigment { color rgbt <0,1,1,0> }
	no_shadow
}
cylinder {
	<24.835056, 31.983099, 42.928185>,  <24.460106, 32.661469, 42.759537>, 0.130000
	pigment { color rgbt <1,0,0,0> }
	no_shadow
}

// nucleotide -1

// particle -1
sphere {
	<24.835056, 31.983099, 42.928185> 0.250000
	pigment { color rgbt <1,0,0,0> }
	no_shadow
}
cylinder {
	<24.976191, 32.320385, 42.765953>,  <25.060871, 32.522755, 42.668613>, 0.100000
	pigment { color rgbt <1,0,0,0> }
	no_shadow
}
cylinder {
	<24.976191, 32.320385, 42.765953>,  <24.835056, 31.983099, 42.928185>, 0.100000
	pigment { color rgbt <1,0,0,0> }
	no_shadow
}

// particle -1
sphere {
	<24.976191, 32.320385, 42.765953> 0.100000
	pigment { color rgbt <1,0,0,0> }
	no_shadow
}
sphere {
	0, 1
	scale<0.080000,0.200000,0.300000>
	matrix <0.868299, -0.456585, -0.193873,
		-0.348660, -0.283762, -0.893261,
		0.352836, 0.843214, -0.405583,
		25.082041, 32.573349, 42.644279>
	pigment { color rgbt <0,1,1,0> }
	no_shadow
}
cylinder {
	<25.132383, 31.872246, 42.286469>,  <24.835056, 31.983099, 42.928185>, 0.130000
	pigment { color rgbt <1,0,0,0> }
	no_shadow
}

// nucleotide -1

// particle -1
sphere {
	<25.132383, 31.872246, 42.286469> 0.250000
	pigment { color rgbt <1,0,0,0> }
	no_shadow
}
cylinder {
	<25.350061, 32.177864, 42.425083>,  <25.480669, 32.361233, 42.508251>, 0.100000
	pigment { color rgbt <1,0,0,0> }
	no_shadow
}
cylinder {
	<25.350061, 32.177864, 42.425083>,  <25.132383, 31.872246, 42.286469>, 0.100000
	pigment { color rgbt <1,0,0,0> }
	no_shadow
}

// particle -1
sphere {
	<25.350061, 32.177864, 42.425083> 0.100000
	pigment { color rgbt <1,0,0,0> }
	no_shadow
}
sphere {
	0, 1
	scale<0.080000,0.200000,0.300000>
	matrix <0.836494, -0.525782, -0.154372,
		0.064258, 0.373887, -0.925246,
		0.544195, 0.764043, 0.346539,
		25.513319, 32.407078, 42.529045>
	pigment { color rgbt <0,1,1,0> }
	no_shadow
}
cylinder {
	<25.704901, 31.887617, 41.888138>,  <25.132383, 31.872246, 42.286469>, 0.130000
	pigment { color rgbt <1,0,0,0> }
	no_shadow
}

// nucleotide -1

// particle -1
sphere {
	<25.704901, 31.887617, 41.888138> 0.250000
	pigment { color rgbt <1,0,0,0> }
	no_shadow
}
cylinder {
	<25.807430, 32.107540, 42.206135>,  <25.868948, 32.239494, 42.396935>, 0.100000
	pigment { color rgbt <1,0,0,0> }
	no_shadow
}
cylinder {
	<25.807430, 32.107540, 42.206135>,  <25.704901, 31.887617, 41.888138>, 0.100000
	pigment { color rgbt <1,0,0,0> }
	no_shadow
}

// particle -1
sphere {
	<25.807430, 32.107540, 42.206135> 0.100000
	pigment { color rgbt <1,0,0,0> }
	no_shadow
}
sphere {
	0, 1
	scale<0.080000,0.200000,0.300000>
	matrix <0.933013, -0.355634, -0.054875,
		0.252555, 0.755803, -0.604134,
		0.256325, 0.549806, 0.794991,
		25.884327, 32.272484, 42.444633>
	pigment { color rgbt <0,1,1,0> }
	no_shadow
}
cylinder {
	<26.244131, 32.291935, 41.598850>,  <25.704901, 31.887617, 41.888138>, 0.130000
	pigment { color rgbt <1,0,0,0> }
	no_shadow
}

// nucleotide -1

// particle -1
sphere {
	<26.244131, 32.291935, 41.598850> 0.250000
	pigment { color rgbt <1,0,0,0> }
	no_shadow
}
cylinder {
	<26.253469, 32.259331, 41.997410>,  <26.259073, 32.239769, 42.236546>, 0.100000
	pigment { color rgbt <1,0,0,0> }
	no_shadow
}
cylinder {
	<26.253469, 32.259331, 41.997410>,  <26.244131, 32.291935, 41.598850>, 0.100000
	pigment { color rgbt <1,0,0,0> }
	no_shadow
}

// particle -1
sphere {
	<26.253469, 32.259331, 41.997410> 0.100000
	pigment { color rgbt <1,0,0,0> }
	no_shadow
}
sphere {
	0, 1
	scale<0.080000,0.200000,0.300000>
	matrix <0.953728, -0.297031, -0.046644,
		0.299763, 0.951383, 0.070801,
		0.023346, -0.081507, 0.996399,
		26.260473, 32.234879, 42.296329>
	pigment { color rgbt <0,1,1,0> }
	no_shadow
}
cylinder {
	<26.958916, 32.490005, 41.906456>,  <26.244131, 32.291935, 41.598850>, 0.130000
	pigment { color rgbt <1,0,0,0> }
	no_shadow
}

// nucleotide -1

// particle -1
sphere {
	<26.958916, 32.490005, 41.906456> 0.250000
	pigment { color rgbt <1,0,0,0> }
	no_shadow
}
cylinder {
	<26.781376, 32.249599, 42.172321>,  <26.674852, 32.105358, 42.331841>, 0.100000
	pigment { color rgbt <1,0,0,0> }
	no_shadow
}
cylinder {
	<26.781376, 32.249599, 42.172321>,  <26.958916, 32.490005, 41.906456>, 0.100000
	pigment { color rgbt <1,0,0,0> }
	no_shadow
}

// particle -1
sphere {
	<26.781376, 32.249599, 42.172321> 0.100000
	pigment { color rgbt <1,0,0,0> }
	no_shadow
}
sphere {
	0, 1
	scale<0.080000,0.200000,0.300000>
	matrix <0.872785, -0.458044, 0.168647,
		0.203088, 0.654964, 0.727858,
		-0.443849, -0.601013, 0.664666,
		26.648222, 32.069294, 42.371719>
	pigment { color rgbt <0,1,1,0> }
	no_shadow
}
cylinder {
	<27.273287, 32.528999, 42.521378>,  <26.958916, 32.490005, 41.906456>, 0.130000
	pigment { color rgbt <1,0,0,0> }
	no_shadow
}

// nucleotide -1

// particle -1
sphere {
	<27.273287, 32.528999, 42.521378> 0.250000
	pigment { color rgbt <1,0,0,0> }
	no_shadow
}
cylinder {
	<27.117865, 32.160656, 42.508427>,  <27.024611, 31.939650, 42.500656>, 0.100000
	pigment { color rgbt <1,0,0,0> }
	no_shadow
}
cylinder {
	<27.117865, 32.160656, 42.508427>,  <27.273287, 32.528999, 42.521378>, 0.100000
	pigment { color rgbt <1,0,0,0> }
	no_shadow
}

// particle -1
sphere {
	<27.117865, 32.160656, 42.508427> 0.100000
	pigment { color rgbt <1,0,0,0> }
	no_shadow
}
sphere {
	0, 1
	scale<0.080000,0.200000,0.300000>
	matrix <0.918425, -0.384220, -0.094181,
		0.074289, -0.066327, 0.995029,
		-0.388556, -0.920856, -0.032374,
		27.001297, 31.884399, 42.498714>
	pigment { color rgbt <0,1,1,0> }
	no_shadow
}
cylinder {
	<27.684771, 32.055588, 42.934902>,  <27.273287, 32.528999, 42.521378>, 0.130000
	pigment { color rgbt <1,0,0,0> }
	no_shadow
}

// nucleotide -1

// particle -1
sphere {
	<27.684771, 32.055588, 42.934902> 0.250000
	pigment { color rgbt <1,0,0,0> }
	no_shadow
}
cylinder {
	<27.518089, 31.865601, 42.624866>,  <27.418079, 31.751608, 42.438847>, 0.100000
	pigment { color rgbt <1,0,0,0> }
	no_shadow
}
cylinder {
	<27.518089, 31.865601, 42.624866>,  <27.684771, 32.055588, 42.934902>, 0.100000
	pigment { color rgbt <1,0,0,0> }
	no_shadow
}

// particle -1
sphere {
	<27.518089, 31.865601, 42.624866> 0.100000
	pigment { color rgbt <1,0,0,0> }
	no_shadow
}
sphere {
	0, 1
	scale<0.080000,0.200000,0.300000>
	matrix <0.895470, -0.361264, -0.260044,
		-0.156497, -0.802428, 0.575864,
		-0.416705, -0.474972, -0.775086,
		27.393078, 31.723108, 42.392342>
	pigment { color rgbt <0,1,1,0> }
	no_shadow
}
cylinder {
	<28.006254, 31.366955, 42.873070>,  <27.684771, 32.055588, 42.934902>, 0.130000
	pigment { color rgbt <1,0,0,0> }
	no_shadow
}

// nucleotide -1

// particle -1
sphere {
	<28.006254, 31.366955, 42.873070> 0.250000
	pigment { color rgbt <1,0,0,0> }
	no_shadow
}
cylinder {
	<27.826674, 31.021486, 42.781406>,  <27.718925, 30.814205, 42.726410>, 0.100000
	pigment { color rgbt <1,0,0,0> }
	no_shadow
}
cylinder {
	<27.826674, 31.021486, 42.781406>,  <28.006254, 31.366955, 42.873070>, 0.100000
	pigment { color rgbt <1,0,0,0> }
	no_shadow
}

// particle -1
sphere {
	<27.826674, 31.021486, 42.781406> 0.100000
	pigment { color rgbt <1,0,0,0> }
	no_shadow
}
sphere {
	0, 1
	scale<0.080000,0.200000,0.300000>
	matrix <0.106306, 0.203009, -0.973389,
		0.887211, -0.461364, 0.000672,
		-0.448950, -0.863672, -0.229158,
		27.691988, 30.762384, 42.712658>
	pigment { color rgbt <0,1,1,0> }
	no_shadow
}
cylinder {
	<28.457254, 30.838589, 42.673683>,  <28.006254, 31.366955, 42.873070>, 0.130000
	pigment { color rgbt <1,0,0,0> }
	no_shadow
}

// nucleotide -1

// particle -1
sphere {
	<28.457254, 30.838589, 42.673683> 0.250000
	pigment { color rgbt <1,0,0,0> }
	no_shadow
}
cylinder {
	<28.110081, 30.815243, 42.476387>,  <27.901777, 30.801235, 42.358009>, 0.100000
	pigment { color rgbt <1,0,0,0> }
	no_shadow
}
cylinder {
	<28.110081, 30.815243, 42.476387>,  <28.457254, 30.838589, 42.673683>, 0.100000
	pigment { color rgbt <1,0,0,0> }
	no_shadow
}

// particle -1
sphere {
	<28.110081, 30.815243, 42.476387> 0.100000
	pigment { color rgbt <1,0,0,0> }
	no_shadow
}
sphere {
	0, 1
	scale<0.080000,0.200000,0.300000>
	matrix <0.488079, 0.083811, -0.868766,
		0.092079, -0.994769, -0.044237,
		-0.867929, -0.058404, -0.493243,
		27.849701, 30.797733, 42.328415>
	pigment { color rgbt <0,1,1,0> }
	no_shadow
}
cylinder {
	<28.491217, 30.313797, 42.025082>,  <28.457254, 30.838589, 42.673683>, 0.130000
	pigment { color rgbt <1,0,0,0> }
	no_shadow
}

// nucleotide -1

// particle -1
sphere {
	<28.491217, 30.313797, 42.025082> 0.250000
	pigment { color rgbt <1,0,0,0> }
	no_shadow
}
cylinder {
	<28.223459, 30.605690, 41.969364>,  <28.062805, 30.780827, 41.935936>, 0.100000
	pigment { color rgbt <1,0,0,0> }
	no_shadow
}
cylinder {
	<28.223459, 30.605690, 41.969364>,  <28.491217, 30.313797, 42.025082>, 0.100000
	pigment { color rgbt <1,0,0,0> }
	no_shadow
}

// particle -1
sphere {
	<28.223459, 30.605690, 41.969364> 0.100000
	pigment { color rgbt <1,0,0,0> }
	no_shadow
}
sphere {
	0, 1
	scale<0.080000,0.200000,0.300000>
	matrix <0.466373, 0.266823, -0.843387,
		-0.578281, -0.629520, -0.518937,
		-0.669393, 0.729733, -0.139292,
		28.022642, 30.824610, 41.927578>
	pigment { color rgbt <0,1,1,0> }
	no_shadow
}
cylinder {
	<28.372702, 30.265844, 41.343208>,  <28.491217, 30.313797, 42.025082>, 0.130000
	pigment { color rgbt <1,0,0,0> }
	no_shadow
}

// nucleotide -1

// particle -1
sphere {
	<28.372702, 30.265844, 41.343208> 0.250000
	pigment { color rgbt <1,0,0,0> }
	no_shadow
}
cylinder {
	<28.192675, 30.616741, 41.410000>,  <28.084658, 30.827280, 41.450077>, 0.100000
	pigment { color rgbt <1,0,0,0> }
	no_shadow
}
cylinder {
	<28.192675, 30.616741, 41.410000>,  <28.372702, 30.265844, 41.343208>, 0.100000
	pigment { color rgbt <1,0,0,0> }
	no_shadow
}

// particle -1
sphere {
	<28.192675, 30.616741, 41.410000> 0.100000
	pigment { color rgbt <1,0,0,0> }
	no_shadow
}
sphere {
	0, 1
	scale<0.080000,0.200000,0.300000>
	matrix <0.158616, 0.262550, -0.951792,
		-0.878795, -0.401884, -0.257311,
		-0.450067, 0.877243, 0.166982,
		28.057655, 30.879913, 41.460094>
	pigment { color rgbt <0,1,1,0> }
	no_shadow
}
cylinder {
	<28.106682, 30.394890, 40.683506>,  <28.372702, 30.265844, 41.343208>, 0.130000
	pigment { color rgbt <1,0,0,0> }
	no_shadow
}

// nucleotide -1

// particle -1
sphere {
	<28.106682, 30.394890, 40.683506> 0.250000
	pigment { color rgbt <1,0,0,0> }
	no_shadow
}
cylinder {
	<28.098169, 30.740499, 40.884705>,  <28.093061, 30.947866, 41.005424>, 0.100000
	pigment { color rgbt <1,0,0,0> }
	no_shadow
}
cylinder {
	<28.098169, 30.740499, 40.884705>,  <28.106682, 30.394890, 40.683506>, 0.100000
	pigment { color rgbt <1,0,0,0> }
	no_shadow
}

// particle -1
sphere {
	<28.098169, 30.740499, 40.884705> 0.100000
	pigment { color rgbt <1,0,0,0> }
	no_shadow
}
sphere {
	0, 1
	scale<0.080000,0.200000,0.300000>
	matrix <0.015509, 0.503335, -0.863952,
		-0.999653, -0.010584, -0.024110,
		-0.021279, 0.864026, 0.502997,
		28.091785, 30.999708, 41.035603>
	pigment { color rgbt <0,1,1,0> }
	no_shadow
}
cylinder {
	<27.723328, 30.863733, 40.292290>,  <28.106682, 30.394890, 40.683506>, 0.130000
	pigment { color rgbt <1,0,0,0> }
	no_shadow
}

// nucleotide -1

// particle -1
sphere {
	<27.723328, 30.863733, 40.292290> 0.250000
	pigment { color rgbt <1,0,0,0> }
	no_shadow
}
cylinder {
	<27.950512, 31.090925, 40.530556>,  <28.086823, 31.227242, 40.673515>, 0.100000
	pigment { color rgbt <1,0,0,0> }
	no_shadow
}
cylinder {
	<27.950512, 31.090925, 40.530556>,  <27.723328, 30.863733, 40.292290>, 0.100000
	pigment { color rgbt <1,0,0,0> }
	no_shadow
}

// particle -1
sphere {
	<27.950512, 31.090925, 40.530556> 0.100000
	pigment { color rgbt <1,0,0,0> }
	no_shadow
}
sphere {
	0, 1
	scale<0.080000,0.200000,0.300000>
	matrix <0.368266, 0.471866, -0.801076,
		-0.736070, 0.674344, 0.058834,
		0.567962, 0.567982, 0.595665,
		28.120901, 31.261320, 40.709255>
	pigment { color rgbt <0,1,1,0> }
	no_shadow
}
cylinder {
	<27.755037, 31.506496, 39.893993>,  <27.723328, 30.863733, 40.292290>, 0.130000
	pigment { color rgbt <1,0,0,0> }
	no_shadow
}

// nucleotide -1

// particle -1
sphere {
	<27.755037, 31.506496, 39.893993> 0.250000
	pigment { color rgbt <1,0,0,0> }
	no_shadow
}
cylinder {
	<28.025314, 31.528357, 40.188057>,  <28.187481, 31.541473, 40.364494>, 0.100000
	pigment { color rgbt <1,0,0,0> }
	no_shadow
}
cylinder {
	<28.025314, 31.528357, 40.188057>,  <27.755037, 31.506496, 39.893993>, 0.100000
	pigment { color rgbt <1,0,0,0> }
	no_shadow
}

// particle -1
sphere {
	<28.025314, 31.528357, 40.188057> 0.100000
	pigment { color rgbt <1,0,0,0> }
	no_shadow
}
sphere {
	0, 1
	scale<0.080000,0.200000,0.300000>
	matrix <0.566581, 0.599500, -0.565318,
		-0.471622, 0.798506, 0.374112,
		0.675690, 0.054652, 0.735157,
		28.228022, 31.544752, 40.408604>
	pigment { color rgbt <0,1,1,0> }
	no_shadow
}
cylinder {
	<27.790886, 32.131012, 40.063492>,  <27.755037, 31.506496, 39.893993>, 0.130000
	pigment { color rgbt <1,0,0,0> }
	no_shadow
}

// nucleotide -1

// particle -1
sphere {
	<27.790886, 32.131012, 40.063492> 0.250000
	pigment { color rgbt <1,0,0,0> }
	no_shadow
}
cylinder {
	<28.143204, 32.001408, 40.201607>,  <28.354593, 31.923645, 40.284477>, 0.100000
	pigment { color rgbt <1,0,0,0> }
	no_shadow
}
cylinder {
	<28.143204, 32.001408, 40.201607>,  <27.790886, 32.131012, 40.063492>, 0.100000
	pigment { color rgbt <1,0,0,0> }
	no_shadow
}

// particle -1
sphere {
	<28.143204, 32.001408, 40.201607> 0.100000
	pigment { color rgbt <1,0,0,0> }
	no_shadow
}
sphere {
	0, 1
	scale<0.080000,0.200000,0.300000>
	matrix <0.466427, 0.719295, -0.514841,
		-0.081551, 0.614519, 0.784676,
		0.880793, -0.324008, 0.345287,
		28.407442, 31.904205, 40.305191>
	pigment { color rgbt <0,1,1,0> }
	no_shadow
}
cylinder {
	<28.162502, 32.635220, 40.399265>,  <27.790886, 32.131012, 40.063492>, 0.130000
	pigment { color rgbt <1,0,0,0> }
	no_shadow
}

// nucleotide -1

// particle -1
sphere {
	<28.162502, 32.635220, 40.399265> 0.250000
	pigment { color rgbt <1,0,0,0> }
	no_shadow
}
cylinder {
	<28.428066, 32.380268, 40.242821>,  <28.587404, 32.227295, 40.148952>, 0.100000
	pigment { color rgbt <1,0,0,0> }
	no_shadow
}
cylinder {
	<28.428066, 32.380268, 40.242821>,  <28.162502, 32.635220, 40.399265>, 0.100000
	pigment { color rgbt <1,0,0,0> }
	no_shadow
}

// particle -1
sphere {
	<28.428066, 32.380268, 40.242821> 0.100000
	pigment { color rgbt <1,0,0,0> }
	no_shadow
}
sphere {
	0, 1
	scale<0.080000,0.200000,0.300000>
	matrix <0.308600, 0.709915, -0.633077,
