// switches for output
#declare DRAW_BASES = 1; // possible values are 0, 1; only relevant for DNA ribbons
#declare DRAW_BASES_TYPE = 3; // possible values are 1, 2, 3; only relevant for DNA ribbons
#declare DRAW_FOG = 0; // set to 1 to enable fog

#include "colors.inc"

#include "transforms.inc"
background { rgb <1, 1, 1>}

#default {
   normal{
       ripples 0.25
       frequency 0.20
       turbulence 0.2
       lambda 5
   }
	finish {
		phong 0.1
		phong_size 40.
	}
}

// original window dimensions: 1024x640


// camera settings

camera {
	sky <0, 0.179814, -0.983701>
	up <0, 0.179814, -0.983701>
	right 1.6 * <1, 0, 0>
	location <35, 94.9851, 44.8844>
	look_at <35, 29.7336, 32.9568>
	direction <0, -65.2515, -11.9276>
	angle 67.0682
}


# declare cpy_camera_pos = <35, 94.9851, 44.8844>;
# if (DRAW_FOG = 1)
fog {
	fog_type 2
	up vnormalize(cpy_camera_pos)
	color rgbt<1,1,1,0.3>
	distance 1e-5
	fog_alt 3e-3
	fog_offset 56
}
# end


// LIGHTS

# declare lum = 6;
global_settings {
	ambient_light rgb lum * <0.05, 0.05, 0.05>
	max_trace_level 15
}# declare cpy_direct_light_amount = 0.25;
light_source
{	1000 * <-1, -1.16352, -0.803886>,
	rgb lum * cpy_direct_light_amount
	parallel
}

light_source
{	1000 * <1, 1.16352, 0.803886>,
	rgb lum * cpy_direct_light_amount
	parallel
}

// strand 0

// nucleotide -1

// particle -1
sphere {
	<24.165211, 35.477329, 35.182362> 0.250000
	pigment { color rgbt <1,0,0,0> }
	no_shadow
}
cylinder {
	<24.356476, 35.129971, 35.129826>,  <24.471235, 34.921555, 35.098305>, 0.100000
	pigment { color rgbt <1,0,0,0> }
	no_shadow
}
cylinder {
	<24.356476, 35.129971, 35.129826>,  <24.165211, 35.477329, 35.182362>, 0.100000
	pigment { color rgbt <1,0,0,0> }
	no_shadow
}

// particle -1
sphere {
	<24.356476, 35.129971, 35.129826> 0.100000
	pigment { color rgbt <1,0,0,0> }
	no_shadow
}
sphere {
	0, 1
	scale<0.080000,0.200000,0.300000>
	matrix <-0.121963, 0.082445, -0.989105,
		0.869761, 0.488973, -0.066490,
		0.478164, -0.868394, -0.131344,
		24.499926, 34.869453, 35.090424>
	pigment { color rgbt <0,1,1,0> }
	no_shadow
}
cylinder {
	<24.835602, 35.536652, 34.792213>,  <24.165211, 35.477329, 35.182362>, 0.130000
	pigment { color rgbt <1,0,0,0> }
	no_shadow
}

// nucleotide -1

// particle -1
sphere {
	<24.835602, 35.536652, 34.792213> 0.250000
	pigment { color rgbt <1,0,0,0> }
	no_shadow
}
cylinder {
	<24.716097, 35.160240, 34.728706>,  <24.644394, 34.934395, 34.690601>, 0.100000
	pigment { color rgbt <1,0,0,0> }
	no_shadow
}
cylinder {
	<24.716097, 35.160240, 34.728706>,  <24.835602, 35.536652, 34.792213>, 0.100000
	pigment { color rgbt <1,0,0,0> }
	no_shadow
}

// particle -1
sphere {
	<24.716097, 35.160240, 34.728706> 0.100000
	pigment { color rgbt <1,0,0,0> }
	no_shadow
}
sphere {
	0, 1
	scale<0.080000,0.200000,0.300000>
	matrix <0.022088, 0.159498, -0.986951,
		0.954071, -0.298372, -0.026867,
		-0.298764, -0.941028, -0.158763,
		24.626469, 34.877934, 34.681076>
	pigment { color rgbt <0,1,1,0> }
	no_shadow
}
cylinder {
	<25.337795, 35.142128, 34.288406>,  <24.835602, 35.536652, 34.792213>, 0.130000
	pigment { color rgbt <1,0,0,0> }
	no_shadow
}

// nucleotide -1

// particle -1
sphere {
	<25.337795, 35.142128, 34.288406> 0.250000
	pigment { color rgbt <1,0,0,0> }
	no_shadow
}
cylinder {
	<24.963440, 35.001225, 34.286304>,  <24.738827, 34.916683, 34.285042>, 0.100000
	pigment { color rgbt <1,0,0,0> }
	no_shadow
}
cylinder {
	<24.963440, 35.001225, 34.286304>,  <25.337795, 35.142128, 34.288406>, 0.100000
	pigment { color rgbt <1,0,0,0> }
	no_shadow
}

// particle -1
sphere {
	<24.963440, 35.001225, 34.286304> 0.100000
	pigment { color rgbt <1,0,0,0> }
	no_shadow
}
sphere {
	0, 1
	scale<0.080000,0.200000,0.300000>
	matrix <-0.019527, 0.066774, -0.997577,
		0.351756, -0.933518, -0.069371,
		-0.935888, -0.352258, -0.005259,
		24.682673, 34.895546, 34.284725>
	pigment { color rgbt <0,1,1,0> }
	no_shadow
}
cylinder {
	<25.514814, 35.685001, 33.739395>,  <25.337795, 35.142128, 34.288406>, 0.130000
	pigment { color rgbt <1,0,0,0> }
	no_shadow
}

// nucleotide -1

// particle -1
sphere {
	<25.514814, 35.685001, 33.739395> 0.250000
	pigment { color rgbt <1,0,0,0> }
	no_shadow
}
cylinder {
	<25.145924, 35.674850, 33.585068>,  <24.924589, 35.668758, 33.492470>, 0.100000
	pigment { color rgbt <1,0,0,0> }
	no_shadow
}
cylinder {
	<25.145924, 35.674850, 33.585068>,  <25.514814, 35.685001, 33.739395>, 0.100000
	pigment { color rgbt <1,0,0,0> }
	no_shadow
}

// particle -1
sphere {
	<25.145924, 35.674850, 33.585068> 0.100000
	pigment { color rgbt <1,0,0,0> }
	no_shadow
}
sphere {
	0, 1
	scale<0.080000,0.200000,0.300000>
	matrix <0.380369, -0.238712, -0.893497,
		-0.069426, -0.970759, 0.229799,
		-0.922225, -0.025377, -0.385819,
		24.869255, 35.667236, 33.469322>
	pigment { color rgbt <0,1,1,0> }
	no_shadow
}
cylinder {
	<25.500889, 35.002369, 33.513405>,  <25.514814, 35.685001, 33.739395>, 0.130000
	pigment { color rgbt <1,0,0,0> }
	no_shadow
}

// nucleotide -1

// particle -1
sphere {
	<25.500889, 35.002369, 33.513405> 0.250000
	pigment { color rgbt <1,0,0,0> }
	no_shadow
}
cylinder {
	<25.264437, 35.253864, 33.311317>,  <25.122564, 35.404762, 33.190063>, 0.100000
	pigment { color rgbt <1,0,0,0> }
	no_shadow
}
cylinder {
	<25.264437, 35.253864, 33.311317>,  <25.500889, 35.002369, 33.513405>, 0.100000
	pigment { color rgbt <1,0,0,0> }
	no_shadow
}

// particle -1
sphere {
	<25.264437, 35.253864, 33.311317> 0.100000
	pigment { color rgbt <1,0,0,0> }
	no_shadow
}
sphere {
	0, 1
	scale<0.080000,0.200000,0.300000>
	matrix <0.405063, -0.310244, -0.860042,
		-0.697486, -0.713044, -0.071286,
		-0.591132, 0.628743, -0.505219,
		25.087097, 35.442486, 33.159752>
	pigment { color rgbt <0,1,1,0> }
	no_shadow
}
cylinder {
	<25.877708, 35.076618, 32.925949>,  <25.500889, 35.002369, 33.513405>, 0.130000
	pigment { color rgbt <1,0,0,0> }
	no_shadow
}

// nucleotide -1

// particle -1
sphere {
	<25.877708, 35.076618, 32.925949> 0.250000
	pigment { color rgbt <1,0,0,0> }
	no_shadow
}
cylinder {
	<26.180683, 34.837948, 33.031979>,  <26.362469, 34.694744, 33.095596>, 0.100000
	pigment { color rgbt <1,0,0,0> }
	no_shadow
}
cylinder {
	<26.180683, 34.837948, 33.031979>,  <25.877708, 35.076618, 32.925949>, 0.100000
	pigment { color rgbt <1,0,0,0> }
	no_shadow
}

// particle -1
sphere {
	<26.180683, 34.837948, 33.031979> 0.100000
	pigment { color rgbt <1,0,0,0> }
	no_shadow
}
sphere {
	0, 1
	scale<0.080000,0.200000,0.300000>
	matrix <-0.191074, -0.590793, -0.783872,
		0.624324, 0.543084, -0.561498,
		0.757437, -0.596677, 0.265077,
		26.407915, 34.658943, 33.111500>
	pigment { color rgbt <0,1,1,0> }
	no_shadow
}
cylinder {
	<26.144949, 34.817856, 32.305275>,  <25.877708, 35.076618, 32.925949>, 0.130000
	pigment { color rgbt <1,0,0,0> }
	no_shadow
}

// nucleotide -1

// particle -1
sphere {
	<26.144949, 34.817856, 32.305275> 0.250000
	pigment { color rgbt <1,0,0,0> }
	no_shadow
}
cylinder {
	<26.320101, 34.559460, 32.555382>,  <26.425192, 34.404423, 32.705444>, 0.100000
	pigment { color rgbt <1,0,0,0> }
	no_shadow
}
cylinder {
	<26.320101, 34.559460, 32.555382>,  <26.144949, 34.817856, 32.305275>, 0.100000
	pigment { color rgbt <1,0,0,0> }
	no_shadow
}

// particle -1
sphere {
	<26.320101, 34.559460, 32.555382> 0.100000
	pigment { color rgbt <1,0,0,0> }
	no_shadow
}
sphere {
	0, 1
	scale<0.080000,0.200000,0.300000>
	matrix <0.014102, -0.690466, -0.723227,
		0.898924, 0.325503, -0.293230,
		0.437878, -0.645991, 0.625267,
		26.451464, 34.365662, 32.742962>
	pigment { color rgbt <0,1,1,0> }
	no_shadow
}
cylinder {
	<26.815683, 34.552227, 31.918531>,  <26.144949, 34.817856, 32.305275>, 0.130000
	pigment { color rgbt <1,0,0,0> }
	no_shadow
}

// nucleotide -1

// particle -1
sphere {
	<26.815683, 34.552227, 31.918531> 0.250000
	pigment { color rgbt <1,0,0,0> }
	no_shadow
}
cylinder {
	<26.696535, 34.295647, 32.201321>,  <26.625046, 34.141697, 32.370995>, 0.100000
	pigment { color rgbt <1,0,0,0> }
	no_shadow
}
cylinder {
	<26.696535, 34.295647, 32.201321>,  <26.815683, 34.552227, 31.918531>, 0.100000
	pigment { color rgbt <1,0,0,0> }
	no_shadow
}

// particle -1
sphere {
	<26.696535, 34.295647, 32.201321> 0.100000
	pigment { color rgbt <1,0,0,0> }
	no_shadow
}
sphere {
	0, 1
	scale<0.080000,0.200000,0.300000>
	matrix <0.011551, -0.742958, -0.669238,
		0.954536, -0.191181, 0.228717,
		-0.297873, -0.641454, 0.706972,
		26.607174, 34.103210, 32.413414>
	pigment { color rgbt <0,1,1,0> }
	no_shadow
}
cylinder {
	<27.374695, 34.079403, 31.933834>,  <26.815683, 34.552227, 31.918531>, 0.130000
	pigment { color rgbt <1,0,0,0> }
	no_shadow
}

// nucleotide -1

// particle -1
sphere {
	<27.374695, 34.079403, 31.933834> 0.250000
	pigment { color rgbt <1,0,0,0> }
	no_shadow
}
cylinder {
	<27.065023, 33.889713, 32.101528>,  <26.879221, 33.775898, 32.202145>, 0.100000
	pigment { color rgbt <1,0,0,0> }
	no_shadow
}
cylinder {
	<27.065023, 33.889713, 32.101528>,  <27.374695, 34.079403, 31.933834>, 0.100000
	pigment { color rgbt <1,0,0,0> }
	no_shadow
}

// particle -1
sphere {
	<27.065023, 33.889713, 32.101528> 0.100000
	pigment { color rgbt <1,0,0,0> }
	no_shadow
}
sphere {
	0, 1
	scale<0.080000,0.200000,0.300000>
	matrix <0.161678, -0.788515, -0.593384,
		0.611970, -0.391605, 0.687123,
		-0.774179, -0.474226, 0.419234,
		26.832769, 33.747444, 32.227299>
	pigment { color rgbt <0,1,1,0> }
	no_shadow
}
cylinder {
	<27.566429, 33.397709, 32.194889>,  <27.374695, 34.079403, 31.933834>, 0.130000
	pigment { color rgbt <1,0,0,0> }
	no_shadow
}

// nucleotide -1

// particle -1
sphere {
	<27.566429, 33.397709, 32.194889> 0.250000
	pigment { color rgbt <1,0,0,0> }
	no_shadow
}
cylinder {
	<27.180387, 33.387726, 32.090618>,  <26.948763, 33.381737, 32.028057>, 0.100000
	pigment { color rgbt <1,0,0,0> }
	no_shadow
}
cylinder {
	<27.180387, 33.387726, 32.090618>,  <27.566429, 33.397709, 32.194889>, 0.100000
	pigment { color rgbt <1,0,0,0> }
	no_shadow
}

// particle -1
sphere {
	<27.180387, 33.387726, 32.090618> 0.100000
	pigment { color rgbt <1,0,0,0> }
	no_shadow
}
sphere {
	0, 1
	scale<0.080000,0.200000,0.300000>
	matrix <0.197906, -0.721388, -0.663651,
		-0.171487, -0.692082, 0.701153,
		-0.965104, -0.024955, -0.260675,
		26.890856, 33.380238, 32.012417>
	pigment { color rgbt <0,1,1,0> }
	no_shadow
}
cylinder {
	<27.297085, 32.694038, 32.171444>,  <27.566429, 33.397709, 32.194889>, 0.130000
	pigment { color rgbt <1,0,0,0> }
	no_shadow
}

// nucleotide -1

// particle -1
sphere {
	<27.297085, 32.694038, 32.171444> 0.250000
	pigment { color rgbt <1,0,0,0> }
	no_shadow
}
cylinder {
	<27.001574, 32.882057, 31.978254>,  <26.824266, 32.994869, 31.862339>, 0.100000
	pigment { color rgbt <1,0,0,0> }
	no_shadow
}
cylinder {
	<27.001574, 32.882057, 31.978254>,  <27.297085, 32.694038, 32.171444>, 0.100000
	pigment { color rgbt <1,0,0,0> }
	no_shadow
}

// particle -1
sphere {
	<27.001574, 32.882057, 31.978254> 0.100000
	pigment { color rgbt <1,0,0,0> }
	no_shadow
}
sphere {
	0, 1
	scale<0.080000,0.200000,0.300000>
	matrix <0.055643, -0.671649, -0.738777,
		-0.671649, -0.572666, 0.470044,
		0.738777, -0.470044, 0.482978,
		26.779940, 33.023071, 31.833361>
	pigment { color rgbt <0,1,1,0> }
	no_shadow
}
cylinder {
	<27.057198, 32.191154, 31.823803>,  <27.297085, 32.694038, 32.171444>, 0.130000
	pigment { color rgbt <1,0,0,0> }
	no_shadow
}

// nucleotide -1

// particle -1
sphere {
	<27.057198, 32.191154, 31.823803> 0.250000
	pigment { color rgbt <1,0,0,0> }
	no_shadow
}
cylinder {
	<26.899939, 32.511166, 31.642525>,  <26.805584, 32.703175, 31.533758>, 0.100000
	pigment { color rgbt <1,0,0,0> }
	no_shadow
}
cylinder {
	<26.899939, 32.511166, 31.642525>,  <27.057198, 32.191154, 31.823803>, 0.100000
	pigment { color rgbt <1,0,0,0> }
	no_shadow
}

// particle -1
sphere {
	<26.899939, 32.511166, 31.642525> 0.100000
	pigment { color rgbt <1,0,0,0> }
	no_shadow
}
sphere {
	0, 1
	scale<0.080000,0.200000,0.300000>
	matrix <-0.033643, -0.505070, -0.862422,
		-0.918860, -0.323811, 0.225482,
		-0.393146, 0.800032, -0.453195,
		26.781994, 32.751175, 31.506567>
	pigment { color rgbt <0,1,1,0> }
	no_shadow
}
cylinder {
	<26.627922, 31.903784, 31.339893>,  <27.057198, 32.191154, 31.823803>, 0.130000
	pigment { color rgbt <1,0,0,0> }
	no_shadow
}

// nucleotide -1

// particle -1
sphere {
	<26.627922, 31.903784, 31.339893> 0.250000
	pigment { color rgbt <1,0,0,0> }
	no_shadow
}
cylinder {
	<26.700840, 32.273365, 31.205385>,  <26.744591, 32.495113, 31.124681>, 0.100000
	pigment { color rgbt <1,0,0,0> }
	no_shadow
}
cylinder {
	<26.700840, 32.273365, 31.205385>,  <26.627922, 31.903784, 31.339893>, 0.100000
	pigment { color rgbt <1,0,0,0> }
	no_shadow
}

// particle -1
sphere {
	<26.700840, 32.273365, 31.205385> 0.100000
	pigment { color rgbt <1,0,0,0> }
	no_shadow
}
sphere {
	0, 1
	scale<0.080000,0.200000,0.300000>
	matrix <0.036511, -0.348125, -0.936737,
		-0.982566, 0.158485, -0.097196,
		0.182295, 0.923954, -0.336269,
		26.755527, 32.550552, 31.104504>
	pigment { color rgbt <0,1,1,0> }
	no_shadow
}
cylinder {
	<26.123926, 32.125134, 30.946939>,  <26.627922, 31.903784, 31.339893>, 0.130000
	pigment { color rgbt <1,0,0,0> }
	no_shadow
}

// nucleotide -1

// particle -1
sphere {
	<26.123926, 32.125134, 30.946939> 0.250000
	pigment { color rgbt <1,0,0,0> }
	no_shadow
}
cylinder {
	<26.451483, 32.319225, 30.824324>,  <26.648018, 32.435680, 30.750755>, 0.100000
	pigment { color rgbt <1,0,0,0> }
	no_shadow
}
cylinder {
	<26.451483, 32.319225, 30.824324>,  <26.123926, 32.125134, 30.946939>, 0.100000
	pigment { color rgbt <1,0,0,0> }
	no_shadow
}

// particle -1
sphere {
	<26.451483, 32.319225, 30.824324> 0.100000
	pigment { color rgbt <1,0,0,0> }
	no_shadow
}
sphere {
	0, 1
	scale<0.080000,0.200000,0.300000>
	matrix <-0.013142, -0.518095, -0.855222,
		-0.573795, 0.704364, -0.417888,
		0.818893, 0.485231, -0.306537,
		26.697151, 32.464794, 30.732363>
	pigment { color rgbt <0,1,1,0> }
	no_shadow
}
cylinder {
	<26.000294, 32.186199, 30.216278>,  <26.123926, 32.125134, 30.946939>, 0.130000
	pigment { color rgbt <1,0,0,0> }
	no_shadow
}

// nucleotide -1

// particle -1
sphere {
	<26.000294, 32.186199, 30.216278> 0.250000
	pigment { color rgbt <1,0,0,0> }
	no_shadow
}
cylinder {
	<26.391415, 32.241974, 30.278843>,  <26.626087, 32.275440, 30.316381>, 0.100000
	pigment { color rgbt <1,0,0,0> }
	no_shadow
}
cylinder {
	<26.391415, 32.241974, 30.278843>,  <26.000294, 32.186199, 30.216278>, 0.100000
	pigment { color rgbt <1,0,0,0> }
	no_shadow
}

// particle -1
sphere {
	<26.391415, 32.241974, 30.278843> 0.100000
	pigment { color rgbt <1,0,0,0> }
	no_shadow
}
sphere {
	0, 1
	scale<0.080000,0.200000,0.300000>
	matrix <0.202723, -0.440659, -0.874485,
		-0.053010, 0.886779, -0.459143,
		0.977800, 0.139435, 0.156411,
		26.684755, 32.283806, 30.325766>
	pigment { color rgbt <0,1,1,0> }
	no_shadow
}
cylinder {
	<26.293808, 32.669739, 29.645647>,  <26.000294, 32.186199, 30.216278>, 0.130000
	pigment { color rgbt <1,0,0,0> }
	no_shadow
}

// nucleotide -1

// particle -1
sphere {
	<26.293808, 32.669739, 29.645647> 0.250000
	pigment { color rgbt <1,0,0,0> }
	no_shadow
}
cylinder {
	<26.603518, 32.464272, 29.793512>,  <26.789343, 32.340992, 29.882231>, 0.100000
	pigment { color rgbt <1,0,0,0> }
	no_shadow
}
cylinder {
	<26.603518, 32.464272, 29.793512>,  <26.293808, 32.669739, 29.645647>, 0.100000
	pigment { color rgbt <1,0,0,0> }
	no_shadow
}

// particle -1
sphere {
	<26.603518, 32.464272, 29.793512> 0.100000
	pigment { color rgbt <1,0,0,0> }
	no_shadow
}
sphere {
	0, 1
	scale<0.080000,0.200000,0.300000>
	matrix <0.279746, -0.246156, -0.927981,
		0.567666, 0.821922, -0.046896,
		0.774272, -0.513665, 0.369663,
		26.835798, 32.310173, 29.904411>
	pigment { color rgbt <0,1,1,0> }
	no_shadow
}
cylinder {
	<26.809870, 32.743183, 29.123476>,  <26.293808, 32.669739, 29.645647>, 0.130000
	pigment { color rgbt <1,0,0,0> }
	no_shadow
}

// nucleotide -1

// particle -1
sphere {
	<26.809870, 32.743183, 29.123476> 0.250000
	pigment { color rgbt <1,0,0,0> }
	no_shadow
}
cylinder {
	<26.962704, 32.457157, 29.357637>,  <27.054403, 32.285542, 29.498135>, 0.100000
	pigment { color rgbt <1,0,0,0> }
	no_shadow
}
cylinder {
	<26.962704, 32.457157, 29.357637>,  <26.809870, 32.743183, 29.123476>, 0.100000
	pigment { color rgbt <1,0,0,0> }
	no_shadow
}

// particle -1
sphere {
	<26.962704, 32.457157, 29.357637> 0.100000
	pigment { color rgbt <1,0,0,0> }
	no_shadow
}
sphere {
	0, 1
	scale<0.080000,0.200000,0.300000>
	matrix <0.187552, -0.560282, -0.806789,
		0.904895, 0.418055, -0.079963,
		0.382084, -0.715062, 0.585403,
		27.077330, 32.242638, 29.533258>
	pigment { color rgbt <0,1,1,0> }
	no_shadow
}
cylinder {
	<27.448647, 32.581146, 28.796728>,  <26.809870, 32.743183, 29.123476>, 0.130000
	pigment { color rgbt <1,0,0,0> }
	no_shadow
}

// nucleotide -1

// particle -1
sphere {
	<27.448647, 32.581146, 28.796728> 0.250000
	pigment { color rgbt <1,0,0,0> }
	no_shadow
}
cylinder {
	<27.335344, 32.261898, 29.009432>,  <27.267363, 32.070351, 29.137054>, 0.100000
	pigment { color rgbt <1,0,0,0> }
	no_shadow
}
cylinder {
	<27.335344, 32.261898, 29.009432>,  <27.448647, 32.581146, 28.796728>, 0.100000
	pigment { color rgbt <1,0,0,0> }
	no_shadow
}

// particle -1
sphere {
	<27.335344, 32.261898, 29.009432> 0.100000
	pigment { color rgbt <1,0,0,0> }
	no_shadow
}
sphere {
	0, 1
	scale<0.080000,0.200000,0.300000>
	matrix <0.293999, -0.600035, -0.743991,
		0.912870, -0.054401, 0.404609,
		-0.283254, -0.798122, 0.531761,
		27.250368, 32.022461, 29.168961>
	pigment { color rgbt <0,1,1,0> }
	no_shadow
}
cylinder {
	<27.986567, 32.129784, 28.911917>,  <27.448647, 32.581146, 28.796728>, 0.130000
	pigment { color rgbt <1,0,0,0> }
	no_shadow
}

// nucleotide -1

// particle -1
sphere {
	<27.986567, 32.129784, 28.911917> 0.250000
	pigment { color rgbt <1,0,0,0> }
	no_shadow
}
cylinder {
	<27.672806, 31.883322, 28.940374>,  <27.484549, 31.735443, 28.957449>, 0.100000
	pigment { color rgbt <1,0,0,0> }
	no_shadow
}
cylinder {
	<27.672806, 31.883322, 28.940374>,  <27.986567, 32.129784, 28.911917>, 0.100000
	pigment { color rgbt <1,0,0,0> }
	no_shadow
}

// particle -1
sphere {
	<27.672806, 31.883322, 28.940374> 0.100000
	pigment { color rgbt <1,0,0,0> }
	no_shadow
}
sphere {
	0, 1
	scale<0.080000,0.200000,0.300000>
	matrix <0.384239, -0.572762, -0.724088,
		0.486900, -0.540642, 0.686028,
		-0.784404, -0.616157, 0.071143,
		27.437485, 31.698475, 28.961718>
	pigment { color rgbt <0,1,1,0> }
	no_shadow
}
cylinder {
	<28.256458, 31.398447, 28.805426>,  <27.986567, 32.129784, 28.911917>, 0.130000
	pigment { color rgbt <1,0,0,0> }
	no_shadow
}

// nucleotide -1

// particle -1
sphere {
	<28.256458, 31.398447, 28.805426> 0.250000
	pigment { color rgbt <1,0,0,0> }
	no_shadow
}
cylinder {
	<27.860529, 31.366184, 28.758535>,  <27.622971, 31.346827, 28.730402>, 0.100000
	pigment { color rgbt <1,0,0,0> }
	no_shadow
}
cylinder {
	<27.860529, 31.366184, 28.758535>,  <28.256458, 31.398447, 28.805426>, 0.100000
	pigment { color rgbt <1,0,0,0> }
	no_shadow
}

// particle -1
sphere {
	<27.860529, 31.366184, 28.758535> 0.100000
	pigment { color rgbt <1,0,0,0> }
	no_shadow
}
sphere {
	0, 1
	scale<0.080000,0.200000,0.300000>
	matrix <0.135534, -0.785297, -0.604102,
		-0.043330, -0.613843, 0.788238,
		-0.989825, -0.080658, -0.117223,
		27.563581, 31.341988, 28.723368>
	pigment { color rgbt <0,1,1,0> }
	no_shadow
}
cylinder {
	<28.180948, 30.570070, 28.881485>,  <28.256458, 31.398447, 28.805426>, 0.130000
	pigment { color rgbt <1,0,0,0> }
	no_shadow
}

// nucleotide -1

// particle -1
sphere {
	<28.180948, 30.570070, 28.881485> 0.250000
	pigment { color rgbt <1,0,0,0> }
	no_shadow
}
cylinder {
	<27.850296, 30.723110, 28.716417>,  <27.651905, 30.814934, 28.617376>, 0.100000
	pigment { color rgbt <1,0,0,0> }
	no_shadow
}
cylinder {
	<27.850296, 30.723110, 28.716417>,  <28.180948, 30.570070, 28.881485>, 0.100000
	pigment { color rgbt <1,0,0,0> }
	no_shadow
}

// particle -1
sphere {
	<27.850296, 30.723110, 28.716417> 0.100000
	pigment { color rgbt <1,0,0,0> }
	no_shadow
}
sphere {
	0, 1
	scale<0.080000,0.200000,0.300000>
	matrix <-0.033031, -0.765043, -0.643132,
		-0.561771, -0.518003, 0.645048,
		-0.826633, 0.382599, -0.412668,
		27.602306, 30.837891, 28.592617>
	pigment { color rgbt <0,1,1,0> }
	no_shadow
}
cylinder {
	<27.724014, 30.007566, 28.833832>,  <28.180948, 30.570070, 28.881485>, 0.130000
	pigment { color rgbt <1,0,0,0> }
	no_shadow
}

// nucleotide -1

// particle -1
sphere {
	<27.724014, 30.007566, 28.833832> 0.250000
	pigment { color rgbt <1,0,0,0> }
	no_shadow
}
cylinder {
	<27.604460, 30.282145, 28.568665>,  <27.532728, 30.446892, 28.409563>, 0.100000
	pigment { color rgbt <1,0,0,0> }
	no_shadow
}
cylinder {
	<27.604460, 30.282145, 28.568665>,  <27.724014, 30.007566, 28.833832>, 0.100000
	pigment { color rgbt <1,0,0,0> }
	no_shadow
}

// particle -1
sphere {
	<27.604460, 30.282145, 28.568665> 0.100000
	pigment { color rgbt <1,0,0,0> }
	no_shadow
}
sphere {
	0, 1
	scale<0.080000,0.200000,0.300000>
	matrix <0.001403, -0.694356, -0.719630,
		-0.954288, -0.216016, 0.206569,
		-0.298884, 0.686445, -0.662919,
		27.514795, 30.488077, 28.369789>
	pigment { color rgbt <0,1,1,0> }
	no_shadow
}
cylinder {
	<27.452076, 29.575493, 28.307516>,  <27.724014, 30.007566, 28.833832>, 0.130000
	pigment { color rgbt <1,0,0,0> }
	no_shadow
}

// nucleotide -1

// particle -1
sphere {
	<27.452076, 29.575493, 28.307516> 0.250000
	pigment { color rgbt <1,0,0,0> }
	no_shadow
}
cylinder {
	<27.501657, 29.932852, 28.134785>,  <27.531406, 30.147266, 28.031145>, 0.100000
	pigment { color rgbt <1,0,0,0> }
	no_shadow
}
cylinder {
	<27.501657, 29.932852, 28.134785>,  <27.452076, 29.575493, 28.307516>, 0.100000
	pigment { color rgbt <1,0,0,0> }
	no_shadow
}

// particle -1
sphere {
	<27.501657, 29.932852, 28.134785> 0.100000
	pigment { color rgbt <1,0,0,0> }
	no_shadow
}
sphere {
	0, 1
	scale<0.080000,0.200000,0.300000>
	matrix <0.366301, -0.445645, -0.816838,
		-0.922204, -0.056929, -0.382491,
		0.123953, 0.893398, -0.431828,
		27.538843, 30.200871, 28.005236>
	pigment { color rgbt <0,1,1,0> }
	no_shadow
}
cylinder {
	<27.092964, 29.462072, 27.729090>,  <27.452076, 29.575493, 28.307516>, 0.130000
	pigment { color rgbt <1,0,0,0> }
	no_shadow
}

// nucleotide -1

// particle -1
sphere {
	<27.092964, 29.462072, 27.729090> 0.250000
	pigment { color rgbt <1,0,0,0> }
	no_shadow
}
cylinder {
	<27.313122, 29.784769, 27.643084>,  <27.445217, 29.978388, 27.591480>, 0.100000
	pigment { color rgbt <1,0,0,0> }
	no_shadow
}
cylinder {
	<27.313122, 29.784769, 27.643084>,  <27.092964, 29.462072, 27.729090>, 0.100000
	pigment { color rgbt <1,0,0,0> }
	no_shadow
}

// particle -1
sphere {
	<27.313122, 29.784769, 27.643084> 0.100000
	pigment { color rgbt <1,0,0,0> }
	no_shadow
}
sphere {
	0, 1
	scale<0.080000,0.200000,0.300000>
	matrix <0.240109, -0.399604, -0.884683,
		-0.799632, 0.435299, -0.413646,
		0.550396, 0.806741, -0.215017,
		27.478241, 30.026791, 27.578579>
	pigment { color rgbt <0,1,1,0> }
	no_shadow
}
cylinder {
	<26.930996, 29.708588, 26.945284>,  <27.092964, 29.462072, 27.729090>, 0.130000
	pigment { color rgbt <1,0,0,0> }
	no_shadow
}

// nucleotide -1

// particle -1
sphere {
	<26.930996, 29.708588, 26.945284> 0.250000
	pigment { color rgbt <1,0,0,0> }
	no_shadow
}
cylinder {
	<27.299873, 29.828550, 27.042950>,  <27.521200, 29.900528, 27.101549>, 0.100000
	pigment { color rgbt <1,0,0,0> }
	no_shadow
}
cylinder {
	<27.299873, 29.828550, 27.042950>,  <26.930996, 29.708588, 26.945284>, 0.100000
	pigment { color rgbt <1,0,0,0> }
	no_shadow
}

// particle -1
sphere {
	<27.299873, 29.828550, 27.042950> 0.100000
	pigment { color rgbt <1,0,0,0> }
	no_shadow
}
sphere {
	0, 1
	scale<0.080000,0.200000,0.300000>
	matrix <0.360558, -0.438429, -0.823273,
		-0.139857, 0.847252, -0.512450,
		0.922192, 0.299908, 0.244166,
		27.576530, 29.918522, 27.116199>
	pigment { color rgbt <0,1,1,0> }
	no_shadow
}
cylinder {
	<27.276691, 29.872669, 26.286480>,  <26.930996, 29.708588, 26.945284>, 0.130000
	pigment { color rgbt <1,0,0,0> }
	no_shadow
}

// nucleotide -1

// particle -1
sphere {
	<27.276691, 29.872669, 26.286480> 0.250000
	pigment { color rgbt <1,0,0,0> }
	no_shadow
}
cylinder {
	<27.518105, 29.767363, 26.587528>,  <27.662952, 29.704180, 26.768158>, 0.100000
	pigment { color rgbt <1,0,0,0> }
	no_shadow
}
cylinder {
	<27.518105, 29.767363, 26.587528>,  <27.276691, 29.872669, 26.286480>, 0.100000
	pigment { color rgbt <1,0,0,0> }
	no_shadow
}

// particle -1
sphere {
	<27.518105, 29.767363, 26.587528> 0.100000
	pigment { color rgbt <1,0,0,0> }
	no_shadow
}
sphere {
	0, 1
	scale<0.080000,0.200000,0.300000>
	matrix <0.545394, -0.552248, -0.630530,
		0.581630, 0.791021, -0.189717,
		0.603533, -0.263265, 0.752622,
		27.699165, 29.688383, 26.813314>
	pigment { color rgbt <0,1,1,0> }
	no_shadow
}
cylinder {
	<27.945513, 30.130339, 26.095514>,  <27.276691, 29.872669, 26.286480>, 0.130000
	pigment { color rgbt <1,0,0,0> }
	no_shadow
}

// nucleotide -1

// particle -1
sphere {
	<27.945513, 30.130339, 26.095514> 0.250000
	pigment { color rgbt <1,0,0,0> }
	no_shadow
}
cylinder {
	<27.940479, 29.791740, 26.308413>,  <27.937460, 29.588581, 26.436152>, 0.100000
	pigment { color rgbt <1,0,0,0> }
	no_shadow
}
cylinder {
	<27.940479, 29.791740, 26.308413>,  <27.945513, 30.130339, 26.095514>, 0.100000
	pigment { color rgbt <1,0,0,0> }
	no_shadow
}

// particle -1
sphere {
	<27.940479, 29.791740, 26.308413> 0.100000
	pigment { color rgbt <1,0,0,0> }
	no_shadow
}
sphere {
	0, 1
	scale<0.080000,0.200000,0.300000>
	matrix <0.625322, -0.422021, -0.656407,
		0.780265, 0.324566, 0.534643,
		-0.012583, -0.846496, 0.532247,
		27.936705, 29.537792, 26.468086>
	pigment { color rgbt <0,1,1,0> }
	no_shadow
}
cylinder {
	<28.607058, 29.886419, 26.466137>,  <27.945513, 30.130339, 26.095514>, 0.130000
	pigment { color rgbt <1,0,0,0> }
	no_shadow
}

// nucleotide -1

// particle -1
sphere {
	<28.607058, 29.886419, 26.466137> 0.250000
	pigment { color rgbt <1,0,0,0> }
	no_shadow
}
cylinder {
	<28.386911, 29.563007, 26.382826>,  <28.254824, 29.368959, 26.332838>, 0.100000
	pigment { color rgbt <1,0,0,0> }
	no_shadow
}
cylinder {
	<28.386911, 29.563007, 26.382826>,  <28.607058, 29.886419, 26.466137>, 0.100000
	pigment { color rgbt <1,0,0,0> }
	no_shadow
}

// particle -1
sphere {
	<28.386911, 29.563007, 26.382826> 0.100000
	pigment { color rgbt <1,0,0,0> }
	no_shadow
}
sphere {
	0, 1
	scale<0.080000,0.200000,0.300000>
	matrix <0.740272, -0.357175, -0.569582,
		0.386132, -0.467660, 0.795108,
		-0.550363, -0.808530, -0.208278,
		28.221802, 29.320448, 26.320343>
	pigment { color rgbt <0,1,1,0> }
	no_shadow
}
cylinder {
	<28.945065, 29.298906, 26.641464>,  <28.607058, 29.886419, 26.466137>, 0.130000
	pigment { color rgbt <1,0,0,0> }
	no_shadow
}

// nucleotide -1

// particle -1
sphere {
	<28.945065, 29.298906, 26.641464> 0.250000
	pigment { color rgbt <1,0,0,0> }
	no_shadow
}
cylinder {
	<28.687391, 29.165049, 26.366352>,  <28.532787, 29.084734, 26.201284>, 0.100000
	pigment { color rgbt <1,0,0,0> }
	no_shadow
}
cylinder {
	<28.687391, 29.165049, 26.366352>,  <28.945065, 29.298906, 26.641464>, 0.100000
	pigment { color rgbt <1,0,0,0> }
	no_shadow
}

// particle -1
sphere {
	<28.687391, 29.165049, 26.366352> 0.100000
	pigment { color rgbt <1,0,0,0> }
	no_shadow
}
sphere {
	0, 1
	scale<0.080000,0.200000,0.300000>
	matrix <0.736432, -0.514285, -0.439521,
		-0.206634, -0.789636, 0.577735,
		-0.644182, -0.334643, -0.687782,
		28.494137, 29.064655, 26.160017>
	pigment { color rgbt <0,1,1,0> }
	no_shadow
}
cylinder {
	<28.692984, 28.608381, 26.549065>,  <28.945065, 29.298906, 26.641464>, 0.130000
	pigment { color rgbt <1,0,0,0> }
	no_shadow
}

// nucleotide -1

// particle -1
sphere {
	<28.692984, 28.608381, 26.549065> 0.250000
	pigment { color rgbt <1,0,0,0> }
	no_shadow
}
cylinder {
	<28.776140, 28.770947, 26.193176>,  <28.826035, 28.868486, 25.979643>, 0.100000
	pigment { color rgbt <1,0,0,0> }
	no_shadow
}
cylinder {
	<28.776140, 28.770947, 26.193176>,  <28.692984, 28.608381, 26.549065>, 0.100000
	pigment { color rgbt <1,0,0,0> }
	no_shadow
}

// particle -1
sphere {
	<28.776140, 28.770947, 26.193176> 0.100000
	pigment { color rgbt <1,0,0,0> }
	no_shadow
}
sphere {
	0, 1
	scale<0.080000,0.200000,0.300000>
	matrix <0.747561, -0.652623, -0.123436,
		-0.630820, -0.639460, -0.439496,
		0.207893, 0.406415, -0.889723,
		28.838509, 28.892872, 25.926260>
	pigment { color rgbt <0,1,1,0> }
	no_shadow
}
cylinder {
	<28.947041, 27.961267, 26.830147>,  <28.692984, 28.608381, 26.549065>, 0.130000
	pigment { color rgbt <1,0,0,0> }
	no_shadow
}

// nucleotide -1

// particle -1
sphere {
	<28.947041, 27.961267, 26.830147> 0.250000
	pigment { color rgbt <1,0,0,0> }
	no_shadow
}
cylinder {
	<29.244219, 27.771669, 27.019190>,  <29.422525, 27.657911, 27.132616>, 0.100000
	pigment { color rgbt <1,0,0,0> }
	no_shadow
}
cylinder {
	<29.244219, 27.771669, 27.019190>,  <28.947041, 27.961267, 26.830147>, 0.100000
	pigment { color rgbt <1,0,0,0> }
	no_shadow
}

// particle -1
sphere {
	<29.244219, 27.771669, 27.019190> 0.100000
	pigment { color rgbt <1,0,0,0> }
	no_shadow
}
sphere {
	0, 1
	scale<0.080000,0.200000,0.300000>
	matrix <0.239101, 0.847421, 0.474034,
		-0.625188, -0.239181, 0.742921,
		0.742947, -0.473993, 0.472609,
		29.467104, 27.629471, 27.160973>
	pigment { color rgbt <0,1,1,0> }
	no_shadow
}
cylinder {
	<28.956095, 28.211611, 27.491606>,  <28.947041, 27.961267, 26.830147>, 0.130000
	pigment { color rgbt <1,0,0,0> }
	no_shadow
}

// nucleotide -1

// particle -1
sphere {
	<28.956095, 28.211611, 27.491606> 0.250000
	pigment { color rgbt <1,0,0,0> }
	no_shadow
}
cylinder {
	<29.320885, 28.090481, 27.380898>,  <29.539759, 28.017803, 27.314472>, 0.100000
	pigment { color rgbt <1,0,0,0> }
	no_shadow
}
cylinder {
	<29.320885, 28.090481, 27.380898>,  <28.956095, 28.211611, 27.491606>, 0.100000
	pigment { color rgbt <1,0,0,0> }
	no_shadow
}

// particle -1
sphere {
	<29.320885, 28.090481, 27.380898> 0.100000
	pigment { color rgbt <1,0,0,0> }
	no_shadow
}
sphere {
	0, 1
	scale<0.080000,0.200000,0.300000>
	matrix <0.404014, 0.780108, 0.477708,
		0.071249, -0.547476, 0.833783,
		0.911974, -0.302823, -0.276770,
		29.594477, 27.999634, 27.297867>
	pigment { color rgbt <0,1,1,0> }
	no_shadow
}
cylinder {
	<29.389303, 28.248100, 28.054499>,  <28.956095, 28.211611, 27.491606>, 0.130000
	pigment { color rgbt <1,0,0,0> }
	no_shadow
}

// nucleotide -1

// particle -1
sphere {
	<29.389303, 28.248100, 28.054499> 0.250000
	pigment { color rgbt <1,0,0,0> }
	no_shadow
}
cylinder {
	<29.638445, 28.300591, 27.745996>,  <29.787930, 28.332085, 27.560896>, 0.100000
	pigment { color rgbt <1,0,0,0> }
	no_shadow
}
cylinder {
	<29.638445, 28.300591, 27.745996>,  <29.389303, 28.248100, 28.054499>, 0.100000
	pigment { color rgbt <1,0,0,0> }
	no_shadow
}

// particle -1
sphere {
	<29.638445, 28.300591, 27.745996> 0.100000
	pigment { color rgbt <1,0,0,0> }
	no_shadow
}
sphere {
	0, 1
	scale<0.080000,0.200000,0.300000>
	matrix <0.280558, 0.882793, 0.376781,
		0.730301, -0.451061, 0.513035,
		0.622854, 0.131228, -0.771253,
		29.825302, 28.339958, 27.514620>
	pigment { color rgbt <0,1,1,0> }
	no_shadow
}
cylinder {
	<30.154764, 28.457689, 28.217922>,  <29.389303, 28.248100, 28.054499>, 0.130000
	pigment { color rgbt <1,0,0,0> }
	no_shadow
}

// nucleotide -1

// particle -1
sphere {
	<30.154764, 28.457689, 28.217922> 0.250000
	pigment { color rgbt <1,0,0,0> }
	no_shadow
}
cylinder {
	<30.063042, 28.601286, 27.856028>,  <30.008009, 28.687445, 27.638891>, 0.100000
	pigment { color rgbt <1,0,0,0> }
	no_shadow
}
cylinder {
	<30.063042, 28.601286, 27.856028>,  <30.154764, 28.457689, 28.217922>, 0.100000
	pigment { color rgbt <1,0,0,0> }
	no_shadow
}

// particle -1
sphere {
	<30.063042, 28.601286, 27.856028> 0.100000
	pigment { color rgbt <1,0,0,0> }
	no_shadow
}
sphere {
	0, 1
	scale<0.080000,0.200000,0.300000>
	matrix <0.091400, 0.933336, 0.347174,
		0.969053, -0.003084, -0.246832,
		-0.229306, 0.358991, -0.904734,
		29.994249, 28.708982, 27.584608>
	pigment { color rgbt <0,1,1,0> }
	no_shadow
}
cylinder {
	<30.669924, 28.955153, 28.092093>,  <30.154764, 28.457689, 28.217922>, 0.130000
	pigment { color rgbt <1,0,0,0> }
	no_shadow
}

// nucleotide -1

// particle -1
sphere {
	<30.669924, 28.955153, 28.092093> 0.250000
	pigment { color rgbt <1,0,0,0> }
	no_shadow
}
cylinder {
	<30.323860, 29.069668, 27.927391>,  <30.116222, 29.138376, 27.828569>, 0.100000
	pigment { color rgbt <1,0,0,0> }
	no_shadow
}
cylinder {
	<30.323860, 29.069668, 27.927391>,  <30.669924, 28.955153, 28.092093>, 0.100000
	pigment { color rgbt <1,0,0,0> }
	no_shadow
}

// particle -1
sphere {
	<30.323860, 29.069668, 27.927391> 0.100000
	pigment { color rgbt <1,0,0,0> }
	no_shadow
}
sphere {
	0, 1
	scale<0.080000,0.200000,0.300000>
	matrix <0.086292, 0.893782, 0.440122,
		0.494020, 0.345244, -0.797967,
		-0.865157, 0.286288, -0.411754,
		30.064312, 29.155554, 27.803865>
	pigment { color rgbt <0,1,1,0> }
	no_shadow
}
cylinder {
	<30.726538, 29.536955, 27.725336>,  <30.669924, 28.955153, 28.092093>, 0.130000
	pigment { color rgbt <1,0,0,0> }
	no_shadow
}

// nucleotide -1

// particle -1
sphere {
	<30.726538, 29.536955, 27.725336> 0.250000
	pigment { color rgbt <1,0,0,0> }
	no_shadow
}
cylinder {
	<30.355658, 29.535927, 27.875160>,  <30.133129, 29.535311, 27.965054>, 0.100000
	pigment { color rgbt <1,0,0,0> }
	no_shadow
}
cylinder {
	<30.355658, 29.535927, 27.875160>,  <30.726538, 29.536955, 27.725336>, 0.100000
	pigment { color rgbt <1,0,0,0> }
	no_shadow
}

// particle -1
sphere {
	<30.355658, 29.535927, 27.875160> 0.100000
	pigment { color rgbt <1,0,0,0> }
	no_shadow
}
sphere {
	0, 1
	scale<0.080000,0.200000,0.300000>
	matrix <0.186649, 0.863809, 0.467969,
		-0.324750, 0.503812, -0.800444,
		-0.927200, -0.002571, 0.374559,
		30.077497, 29.535156, 27.987528>
	pigment { color rgbt <0,1,1,0> }
	no_shadow
}
cylinder {
	<30.753094, 30.144505, 28.069098>,  <30.726538, 29.536955, 27.725336>, 0.130000
	pigment { color rgbt <1,0,0,0> }
	no_shadow
}

// nucleotide -1

// particle -1
sphere {
	<30.753094, 30.144505, 28.069098> 0.250000
	pigment { color rgbt <1,0,0,0> }
	no_shadow
}
cylinder {
	<30.409262, 30.014103, 28.226498>,  <30.202963, 29.935862, 28.320938>, 0.100000
	pigment { color rgbt <1,0,0,0> }
	no_shadow
}
cylinder {
	<30.409262, 30.014103, 28.226498>,  <30.753094, 30.144505, 28.069098>, 0.100000
	pigment { color rgbt <1,0,0,0> }
	no_shadow
}

// particle -1
sphere {
	<30.409262, 30.014103, 28.226498> 0.100000
	pigment { color rgbt <1,0,0,0> }
	no_shadow
}
sphere {
	0, 1
	scale<0.080000,0.200000,0.300000>
	matrix <-0.015981, 0.786832, 0.616960,
		-0.510748, 0.524039, -0.681557,
		-0.859582, -0.326003, 0.393498,
		30.151386, 29.916302, 28.344547>
	pigment { color rgbt <0,1,1,0> }
	no_shadow
}
cylinder {
	<30.320450, 30.740438, 28.143341>,  <30.753094, 30.144505, 28.069098>, 0.130000
	pigment { color rgbt <1,0,0,0> }
	no_shadow
}

// nucleotide -1

// particle -1
sphere {
	<30.320450, 30.740438, 28.143341> 0.250000
	pigment { color rgbt <1,0,0,0> }
	no_shadow
}
cylinder {
	<30.174055, 30.471491, 28.400703>,  <30.086218, 30.310122, 28.555120>, 0.100000
	pigment { color rgbt <1,0,0,0> }
	no_shadow
}
cylinder {
	<30.174055, 30.471491, 28.400703>,  <30.320450, 30.740438, 28.143341>, 0.100000
	pigment { color rgbt <1,0,0,0> }
	no_shadow
}

// particle -1
sphere {
	<30.174055, 30.471491, 28.400703> 0.100000
	pigment { color rgbt <1,0,0,0> }
	no_shadow
}
sphere {
	0, 1
	scale<0.080000,0.200000,0.300000>
	matrix <0.008843, 0.688829, 0.724870,
		-0.930577, 0.270983, -0.246158,
		-0.365988, -0.672371, 0.643405,
		30.064259, 30.269779, 28.593725>
	pigment { color rgbt <0,1,1,0> }
	no_shadow
}
cylinder {
	<29.806082, 31.122231, 28.564199>,  <30.320450, 30.740438, 28.143341>, 0.130000
	pigment { color rgbt <1,0,0,0> }
	no_shadow
}

// nucleotide -1

// particle -1
sphere {
	<29.806082, 31.122231, 28.564199> 0.250000
	pigment { color rgbt <1,0,0,0> }
	no_shadow
}
cylinder {
	<29.883961, 30.805195, 28.795334>,  <29.930687, 30.614973, 28.934015>, 0.100000
	pigment { color rgbt <1,0,0,0> }
	no_shadow
}
cylinder {
	<29.883961, 30.805195, 28.795334>,  <29.806082, 31.122231, 28.564199>, 0.100000
	pigment { color rgbt <1,0,0,0> }
	no_shadow
}

// particle -1
sphere {
	<29.883961, 30.805195, 28.795334> 0.100000
	pigment { color rgbt <1,0,0,0> }
	no_shadow
}
sphere {
	0, 1
	scale<0.080000,0.200000,0.300000>
	matrix <-0.137587, 0.561217, 0.816153,
		-0.971166, -0.238404, 0.000216,
		0.194696, -0.792590, 0.577836,
		29.942369, 30.567417, 28.968685>
	pigment { color rgbt <0,1,1,0> }
	no_shadow
}
cylinder {
	<29.278755, 31.099066, 29.077894>,  <29.806082, 31.122231, 28.564199>, 0.130000
	pigment { color rgbt <1,0,0,0> }
	no_shadow
}

// nucleotide -1

// particle -1
sphere {
	<29.278755, 31.099066, 29.077894> 0.250000
	pigment { color rgbt <1,0,0,0> }
	no_shadow
}
cylinder {
	<29.583023, 30.901669, 29.246582>,  <29.765583, 30.783230, 29.347794>, 0.100000
	pigment { color rgbt <1,0,0,0> }
	no_shadow
}
cylinder {
	<29.583023, 30.901669, 29.246582>,  <29.278755, 31.099066, 29.077894>, 0.100000
	pigment { color rgbt <1,0,0,0> }
	no_shadow
}

// particle -1
sphere {
	<29.583023, 30.901669, 29.246582> 0.100000
	pigment { color rgbt <1,0,0,0> }
	no_shadow
}
sphere {
	0, 1
	scale<0.080000,0.200000,0.300000>
	matrix <-0.261338, 0.361873, 0.894847,
		-0.594209, -0.790894, 0.146298,
		0.760670, -0.493493, 0.421719,
		29.811224, 30.753620, 29.373098>
	pigment { color rgbt <0,1,1,0> }
	no_shadow
}
cylinder {
	<29.034416, 30.807674, 29.573360>,  <29.278755, 31.099066, 29.077894>, 0.130000
	pigment { color rgbt <1,0,0,0> }
	no_shadow
}

// nucleotide -1

// particle -1
sphere {
	<29.034416, 30.807674, 29.573360> 0.250000
	pigment { color rgbt <1,0,0,0> }
	no_shadow
}
cylinder {
	<29.403395, 30.745916, 29.714926>,  <29.624783, 30.708862, 29.799866>, 0.100000
	pigment { color rgbt <1,0,0,0> }
	no_shadow
}
cylinder {
	<29.403395, 30.745916, 29.714926>,  <29.034416, 30.807674, 29.573360>, 0.100000
	pigment { color rgbt <1,0,0,0> }
	no_shadow
}

// particle -1
sphere {
	<29.403395, 30.745916, 29.714926> 0.100000
	pigment { color rgbt <1,0,0,0> }
	no_shadow
}
sphere {
	0, 1
	scale<0.080000,0.200000,0.300000>
	matrix <-0.315731, 0.226041, 0.921531,
		-0.222280, -0.961804, 0.159762,
		0.922446, -0.154396, 0.353915,
		29.680128, 30.699598, 29.821100>
	pigment { color rgbt <0,1,1,0> }
	no_shadow
}
cylinder {
	<29.058754, 30.338041, 30.116329>,  <29.034416, 30.807674, 29.573360>, 0.130000
	pigment { color rgbt <1,0,0,0> }
	no_shadow
}

// nucleotide -1

// particle -1
sphere {
	<29.058754, 30.338041, 30.116329> 0.250000
	pigment { color rgbt <1,0,0,0> }
	no_shadow
}
cylinder {
	<29.399113, 30.539808, 30.175034>,  <29.603329, 30.660868, 30.210257>, 0.100000
	pigment { color rgbt <1,0,0,0> }
	no_shadow
}
cylinder {
	<29.399113, 30.539808, 30.175034>,  <29.058754, 30.338041, 30.116329>, 0.100000
	pigment { color rgbt <1,0,0,0> }
	no_shadow
}

// particle -1
sphere {
	<29.399113, 30.539808, 30.175034> 0.100000
	pigment { color rgbt <1,0,0,0> }
	no_shadow
}
sphere {
	0, 1
	scale<0.080000,0.200000,0.300000>
	matrix <-0.259311, 0.160332, 0.952392,
		0.456874, -0.848443, 0.267227,
		0.850896, 0.504418, 0.146759,
		29.654381, 30.691133, 30.219061>
	pigment { color rgbt <0,1,1,0> }
	no_shadow
}
cylinder {
	<29.288799, 30.080275, 30.739506>,  <29.058754, 30.338041, 30.116329>, 0.130000
	pigment { color rgbt <1,0,0,0> }
	no_shadow
}

// nucleotide -1

// particle -1
sphere {
	<29.288799, 30.080275, 30.739506> 0.250000
	pigment { color rgbt <1,0,0,0> }
	no_shadow
}
cylinder {
	<29.466949, 30.434130, 30.684286>,  <29.573839, 30.646442, 30.651154>, 0.100000
	pigment { color rgbt <1,0,0,0> }
	no_shadow
}
cylinder {
	<29.466949, 30.434130, 30.684286>,  <29.288799, 30.080275, 30.739506>, 0.100000
	pigment { color rgbt <1,0,0,0> }
	no_shadow
}

// particle -1
sphere {
	<29.466949, 30.434130, 30.684286> 0.100000
	pigment { color rgbt <1,0,0,0> }
	no_shadow
}
sphere {
	0, 1
	scale<0.080000,0.200000,0.300000>
