// switches for output
#declare DRAW_BASES = 1; // possible values are 0, 1; only relevant for DNA ribbons
#declare DRAW_BASES_TYPE = 3; // possible values are 1, 2, 3; only relevant for DNA ribbons
#declare DRAW_FOG = 0; // set to 1 to enable fog

#include "colors.inc"

#include "transforms.inc"
background { rgb <1, 1, 1>}

#default {
   normal{
       ripples 0.25
       frequency 0.20
       turbulence 0.2
       lambda 5
   }
	finish {
		phong 0.1
		phong_size 40.
	}
}

// original window dimensions: 1024x640


// camera settings

camera {
	sky <0, 0.179814, -0.983701>
	up <0, 0.179814, -0.983701>
	right 1.6 * <1, 0, 0>
	location <35, 94.9851, 44.8844>
	look_at <35, 29.7336, 32.9568>
	direction <0, -65.2515, -11.9276>
	angle 67.0682
}


# declare cpy_camera_pos = <35, 94.9851, 44.8844>;
# if (DRAW_FOG = 1)
fog {
	fog_type 2
	up vnormalize(cpy_camera_pos)
	color rgbt<1,1,1,0.3>
	distance 1e-5
	fog_alt 3e-3
	fog_offset 56
}
# end


// LIGHTS

# declare lum = 6;
global_settings {
	ambient_light rgb lum * <0.05, 0.05, 0.05>
	max_trace_level 15
}# declare cpy_direct_light_amount = 0.25;
light_source
{	1000 * <-1, -1.16352, -0.803886>,
	rgb lum * cpy_direct_light_amount
	parallel
}

light_source
{	1000 * <1, 1.16352, 0.803886>,
	rgb lum * cpy_direct_light_amount
	parallel
}

// strand 0

// nucleotide -1

// particle -1
sphere {
	<24.076292, 35.001434, 34.548210> 0.250000
	pigment { color rgbt <1,0,0,0> }
	no_shadow
}
cylinder {
	<24.315701, 35.098755, 34.853516>,  <24.459347, 35.157146, 35.036697>, 0.100000
	pigment { color rgbt <1,0,0,0> }
	no_shadow
}
cylinder {
	<24.315701, 35.098755, 34.853516>,  <24.076292, 35.001434, 34.548210>, 0.100000
	pigment { color rgbt <1,0,0,0> }
	no_shadow
}

// particle -1
sphere {
	<24.315701, 35.098755, 34.853516> 0.100000
	pigment { color rgbt <1,0,0,0> }
	no_shadow
}
sphere {
	0, 1
	scale<0.080000,0.200000,0.300000>
	matrix <0.600653, -0.766725, -0.226601,
		0.530081, 0.594083, -0.605045,
		0.598523, 0.243305, 0.763265,
		24.495258, 35.171745, 35.082497>
	pigment { color rgbt <0,1,1,0> }
	no_shadow
}
cylinder {
	<24.798243, 35.028728, 34.301731>,  <24.076292, 35.001434, 34.548210>, 0.130000
	pigment { color rgbt <1,0,0,0> }
	no_shadow
}

// nucleotide -1

// particle -1
sphere {
	<24.798243, 35.028728, 34.301731> 0.250000
	pigment { color rgbt <1,0,0,0> }
	no_shadow
}
cylinder {
	<24.765596, 34.908733, 34.681911>,  <24.746010, 34.836739, 34.910019>, 0.100000
	pigment { color rgbt <1,0,0,0> }
	no_shadow
}
cylinder {
	<24.765596, 34.908733, 34.681911>,  <24.798243, 35.028728, 34.301731>, 0.100000
	pigment { color rgbt <1,0,0,0> }
	no_shadow
}

// particle -1
sphere {
	<24.765596, 34.908733, 34.681911> 0.100000
	pigment { color rgbt <1,0,0,0> }
	no_shadow
}
sphere {
	0, 1
	scale<0.080000,0.200000,0.300000>
	matrix <0.282620, -0.921450, -0.266564,
		0.955754, 0.246860, 0.159985,
		-0.081614, -0.299985, 0.950446,
		24.741112, 34.818737, 34.967045>
	pigment { color rgbt <0,1,1,0> }
	no_shadow
}
cylinder {
	<25.418398, 34.814945, 34.474064>,  <24.798243, 35.028728, 34.301731>, 0.130000
	pigment { color rgbt <1,0,0,0> }
	no_shadow
}

// nucleotide -1

// particle -1
sphere {
	<25.418398, 34.814945, 34.474064> 0.250000
	pigment { color rgbt <1,0,0,0> }
	no_shadow
}
cylinder {
	<25.139124, 34.626446, 34.689640>,  <24.971560, 34.513344, 34.818985>, 0.100000
	pigment { color rgbt <1,0,0,0> }
	no_shadow
}
cylinder {
	<25.139124, 34.626446, 34.689640>,  <25.418398, 34.814945, 34.474064>, 0.100000
	pigment { color rgbt <1,0,0,0> }
	no_shadow
}

// particle -1
sphere {
	<25.139124, 34.626446, 34.689640> 0.100000
	pigment { color rgbt <1,0,0,0> }
	no_shadow
}
sphere {
	0, 1
	scale<0.080000,0.200000,0.300000>
	matrix <0.368704, -0.881977, -0.293555,
		0.613671, -0.006247, 0.789537,
		-0.698187, -0.471252, 0.538941,
		24.929668, 34.485069, 34.851322>
	pigment { color rgbt <0,1,1,0> }
	no_shadow
}
cylinder {
	<25.705364, 34.318718, 34.881603>,  <25.418398, 34.814945, 34.474064>, 0.130000
	pigment { color rgbt <1,0,0,0> }
	no_shadow
}

// nucleotide -1

// particle -1
sphere {
	<25.705364, 34.318718, 34.881603> 0.250000
	pigment { color rgbt <1,0,0,0> }
	no_shadow
}
cylinder {
	<25.341951, 34.177624, 34.792030>,  <25.123903, 34.092968, 34.738285>, 0.100000
	pigment { color rgbt <1,0,0,0> }
	no_shadow
}
cylinder {
	<25.341951, 34.177624, 34.792030>,  <25.705364, 34.318718, 34.881603>, 0.100000
	pigment { color rgbt <1,0,0,0> }
	no_shadow
}

// particle -1
sphere {
	<25.341951, 34.177624, 34.792030> 0.100000
	pigment { color rgbt <1,0,0,0> }
	no_shadow
}
sphere {
	0, 1
	scale<0.080000,0.200000,0.300000>
	matrix <0.390753, -0.907090, -0.156525,
		-0.147915, -0.229711, 0.961953,
		-0.908534, -0.352734, -0.223932,
		25.069391, 34.071804, 34.724850>
	pigment { color rgbt <0,1,1,0> }
	no_shadow
}
cylinder {
	<25.950541, 34.426514, 35.541946>,  <25.705364, 34.318718, 34.881603>, 0.130000
	pigment { color rgbt <1,0,0,0> }
	no_shadow
}

// nucleotide -1

// particle -1
sphere {
	<25.950541, 34.426514, 35.541946> 0.250000
	pigment { color rgbt <1,0,0,0> }
	no_shadow
}
cylinder {
	<26.340811, 34.496990, 35.489773>,  <26.574974, 34.539276, 35.458469>, 0.100000
	pigment { color rgbt <1,0,0,0> }
	no_shadow
}
cylinder {
	<26.340811, 34.496990, 35.489773>,  <25.950541, 34.426514, 35.541946>, 0.100000
	pigment { color rgbt <1,0,0,0> }
	no_shadow
}

// particle -1
sphere {
	<26.340811, 34.496990, 35.489773> 0.100000
	pigment { color rgbt <1,0,0,0> }
	no_shadow
}
sphere {
	0, 1
	scale<0.080000,0.200000,0.300000>
	matrix <-0.097306, 0.881252, 0.462521,
		0.196432, -0.438580, 0.876962,
		0.975677, 0.176188, -0.130430,
		26.633514, 34.549847, 35.450645>
	pigment { color rgbt <0,1,1,0> }
	no_shadow
}
cylinder {
	<26.283325, 34.699070, 36.207207>,  <25.950541, 34.426514, 35.541946>, 0.130000
	pigment { color rgbt <1,0,0,0> }
	no_shadow
}

// nucleotide -1

// particle -1
sphere {
	<26.283325, 34.699070, 36.207207> 0.250000
	pigment { color rgbt <1,0,0,0> }
	no_shadow
}
cylinder {
	<26.479292, 34.826660, 35.882679>,  <26.596872, 34.903214, 35.687962>, 0.100000
	pigment { color rgbt <1,0,0,0> }
	no_shadow
}
cylinder {
	<26.479292, 34.826660, 35.882679>,  <26.283325, 34.699070, 36.207207>, 0.100000
	pigment { color rgbt <1,0,0,0> }
	no_shadow
}

// particle -1
sphere {
	<26.479292, 34.826660, 35.882679> 0.100000
	pigment { color rgbt <1,0,0,0> }
	no_shadow
}
sphere {
	0, 1
	scale<0.080000,0.200000,0.300000>
	matrix <0.005206, 0.929568, 0.368614,
		0.871753, -0.184814, 0.453751,
		0.489917, 0.318978, -0.811316,
		26.626266, 34.922352, 35.639286>
	pigment { color rgbt <0,1,1,0> }
	no_shadow
}
cylinder {
	<27.000530, 35.044106, 36.449726>,  <26.283325, 34.699070, 36.207207>, 0.130000
	pigment { color rgbt <1,0,0,0> }
	no_shadow
}

// nucleotide -1

// particle -1
sphere {
	<27.000530, 35.044106, 36.449726> 0.250000
	pigment { color rgbt <1,0,0,0> }
	no_shadow
}
cylinder {
	<26.892067, 35.189426, 36.093189>,  <26.826988, 35.276619, 35.879269>, 0.100000
	pigment { color rgbt <1,0,0,0> }
	no_shadow
}
cylinder {
	<26.892067, 35.189426, 36.093189>,  <27.000530, 35.044106, 36.449726>, 0.100000
	pigment { color rgbt <1,0,0,0> }
	no_shadow
}

// particle -1
sphere {
	<26.892067, 35.189426, 36.093189> 0.100000
	pigment { color rgbt <1,0,0,0> }
	no_shadow
}
sphere {
	0, 1
	scale<0.080000,0.200000,0.300000>
	matrix <0.228086, 0.923912, 0.307187,
		0.935120, -0.120006, -0.333390,
		-0.271158, 0.363298, -0.891340,
		26.810719, 35.298416, 35.825787>
	pigment { color rgbt <0,1,1,0> }
	no_shadow
}
cylinder {
	<27.440165, 35.608829, 36.464485>,  <27.000530, 35.044106, 36.449726>, 0.130000
	pigment { color rgbt <1,0,0,0> }
	no_shadow
}

// nucleotide -1

// particle -1
sphere {
	<27.440165, 35.608829, 36.464485> 0.250000
	pigment { color rgbt <1,0,0,0> }
	no_shadow
}
cylinder {
	<27.148861, 35.656906, 36.194614>,  <26.974079, 35.685753, 36.032692>, 0.100000
	pigment { color rgbt <1,0,0,0> }
	no_shadow
}
cylinder {
	<27.148861, 35.656906, 36.194614>,  <27.440165, 35.608829, 36.464485>, 0.100000
	pigment { color rgbt <1,0,0,0> }
	no_shadow
}

// particle -1
sphere {
	<27.148861, 35.656906, 36.194614> 0.100000
	pigment { color rgbt <1,0,0,0> }
	no_shadow
}
sphere {
	0, 1
	scale<0.080000,0.200000,0.300000>
	matrix <-0.073387, 0.965161, 0.251156,
		0.681362, 0.232419, -0.694065,
		-0.728258, 0.120193, -0.674681,
		26.930384, 35.692963, 35.992210>
	pigment { color rgbt <0,1,1,0> }
	no_shadow
}
cylinder {
	<27.596004, 36.214390, 36.129925>,  <27.440165, 35.608829, 36.464485>, 0.130000
	pigment { color rgbt <1,0,0,0> }
	no_shadow
}

// nucleotide -1

// particle -1
sphere {
	<27.596004, 36.214390, 36.129925> 0.250000
	pigment { color rgbt <1,0,0,0> }
	no_shadow
}
cylinder {
	<27.206831, 36.175968, 36.045853>,  <26.973328, 36.152916, 35.995411>, 0.100000
	pigment { color rgbt <1,0,0,0> }
	no_shadow
}
cylinder {
	<27.206831, 36.175968, 36.045853>,  <27.596004, 36.214390, 36.129925>, 0.100000
	pigment { color rgbt <1,0,0,0> }
	no_shadow
}

// particle -1
sphere {
	<27.206831, 36.175968, 36.045853> 0.100000
	pigment { color rgbt <1,0,0,0> }
	no_shadow
}
sphere {
	0, 1
	scale<0.080000,0.200000,0.300000>
	matrix <-0.167700, 0.919238, 0.356199,
		0.158988, 0.381805, -0.910466,
		-0.972934, -0.096053, -0.210176,
		26.914951, 36.147152, 35.982800>
	pigment { color rgbt <0,1,1,0> }
	no_shadow
}
cylinder {
	<27.434589, 36.829231, 35.739040>,  <27.596004, 36.214390, 36.129925>, 0.130000
	pigment { color rgbt <1,0,0,0> }
	no_shadow
}

// nucleotide -1

// particle -1
sphere {
	<27.434589, 36.829231, 35.739040> 0.250000
	pigment { color rgbt <1,0,0,0> }
	no_shadow
}
cylinder {
	<27.077627, 36.707172, 35.872005>,  <26.863449, 36.633938, 35.951782>, 0.100000
	pigment { color rgbt <1,0,0,0> }
	no_shadow
}
cylinder {
	<27.077627, 36.707172, 35.872005>,  <27.434589, 36.829231, 35.739040>, 0.100000
	pigment { color rgbt <1,0,0,0> }
	no_shadow
}

// particle -1
sphere {
	<27.077627, 36.707172, 35.872005> 0.100000
	pigment { color rgbt <1,0,0,0> }
	no_shadow
}
sphere {
	0, 1
	scale<0.080000,0.200000,0.300000>
	matrix <-0.290948, 0.952206, 0.093026,
		-0.344908, -0.013696, -0.938536,
		-0.892406, -0.305151, 0.332408,
		26.809906, 36.615627, 35.971729>
	pigment { color rgbt <0,1,1,0> }
	no_shadow
}
cylinder {
	<26.983952, 37.325558, 35.495285>,  <27.434589, 36.829231, 35.739040>, 0.130000
	pigment { color rgbt <1,0,0,0> }
	no_shadow
}

// nucleotide -1

// particle -1
sphere {
	<26.983952, 37.325558, 35.495285> 0.250000
	pigment { color rgbt <1,0,0,0> }
	no_shadow
}
cylinder {
	<26.790119, 37.148056, 35.796818>,  <26.673820, 37.041553, 35.977737>, 0.100000
	pigment { color rgbt <1,0,0,0> }
	no_shadow
}
cylinder {
	<26.790119, 37.148056, 35.796818>,  <26.983952, 37.325558, 35.495285>, 0.100000
	pigment { color rgbt <1,0,0,0> }
	no_shadow
}

// particle -1
sphere {
	<26.790119, 37.148056, 35.796818> 0.100000
	pigment { color rgbt <1,0,0,0> }
	no_shadow
}
sphere {
	0, 1
	scale<0.080000,0.200000,0.300000>
	matrix <-0.288015, 0.894658, 0.341517,
		-0.825972, -0.051622, -0.561343,
		-0.484580, -0.443759, 0.753830,
		26.644745, 37.014927, 36.022968>
	pigment { color rgbt <0,1,1,0> }
	no_shadow
}
cylinder {
	<26.222921, 37.590530, 35.549168>,  <26.983952, 37.325558, 35.495285>, 0.130000
	pigment { color rgbt <1,0,0,0> }
	no_shadow
}

// nucleotide -1

// particle -1
sphere {
	<26.222921, 37.590530, 35.549168> 0.250000
	pigment { color rgbt <1,0,0,0> }
	no_shadow
}
cylinder {
	<26.304161, 37.449081, 35.914398>,  <26.352905, 37.364212, 36.133537>, 0.100000
	pigment { color rgbt <1,0,0,0> }
	no_shadow
}
cylinder {
	<26.304161, 37.449081, 35.914398>,  <26.222921, 37.590530, 35.549168>, 0.100000
	pigment { color rgbt <1,0,0,0> }
	no_shadow
}

// particle -1
sphere {
	<26.304161, 37.449081, 35.914398> 0.100000
	pigment { color rgbt <1,0,0,0> }
	no_shadow
}
sphere {
	0, 1
	scale<0.080000,0.200000,0.300000>
	matrix <-0.218403, 0.892654, 0.394296,
		-0.954489, -0.279499, 0.104067,
		0.203101, -0.353623, 0.913072,
		26.365091, 37.342995, 36.188320>
	pigment { color rgbt <0,1,1,0> }
	no_shadow
}
cylinder {
	<25.707567, 38.012611, 35.942940>,  <26.222921, 37.590530, 35.549168>, 0.130000
	pigment { color rgbt <1,0,0,0> }
	no_shadow
}

// nucleotide -1

// particle -1
sphere {
	<25.707567, 38.012611, 35.942940> 0.250000
	pigment { color rgbt <1,0,0,0> }
	no_shadow
}
cylinder {
	<25.975164, 37.847382, 36.190105>,  <26.135723, 37.748241, 36.338406>, 0.100000
	pigment { color rgbt <1,0,0,0> }
	no_shadow
}
cylinder {
	<25.975164, 37.847382, 36.190105>,  <25.707567, 38.012611, 35.942940>, 0.100000
	pigment { color rgbt <1,0,0,0> }
	no_shadow
}

// particle -1
sphere {
	<25.975164, 37.847382, 36.190105> 0.100000
	pigment { color rgbt <1,0,0,0> }
	no_shadow
}
sphere {
	0, 1
	scale<0.080000,0.200000,0.300000>
	matrix <-0.019607, 0.821248, 0.570235,
		-0.743009, -0.393599, 0.541310,
		0.668994, -0.413076, 0.617912,
		26.175863, 37.723457, 36.375481>
	pigment { color rgbt <0,1,1,0> }
	no_shadow
}
cylinder {
	<25.506866, 38.270962, 36.543541>,  <25.707567, 38.012611, 35.942940>, 0.130000
	pigment { color rgbt <1,0,0,0> }
	no_shadow
}

// nucleotide -1

// particle -1
sphere {
	<25.506866, 38.270962, 36.543541> 0.250000
	pigment { color rgbt <1,0,0,0> }
	no_shadow
}
cylinder {
	<25.894077, 38.176113, 36.576275>,  <26.126404, 38.119205, 36.595917>, 0.100000
	pigment { color rgbt <1,0,0,0> }
	no_shadow
}
cylinder {
	<25.894077, 38.176113, 36.576275>,  <25.506866, 38.270962, 36.543541>, 0.100000
	pigment { color rgbt <1,0,0,0> }
	no_shadow
}

// particle -1
sphere {
	<25.894077, 38.176113, 36.576275> 0.100000
	pigment { color rgbt <1,0,0,0> }
	no_shadow
}
sphere {
	0, 1
	scale<0.080000,0.200000,0.300000>
	matrix <0.130811, 0.755557, 0.641890,
		-0.214036, -0.610662, 0.762417,
		0.968027, -0.237120, 0.081835,
		26.184486, 38.104977, 36.600826>
	pigment { color rgbt <0,1,1,0> }
	no_shadow
}
cylinder {
	<25.665964, 38.481171, 37.313534>,  <25.506866, 38.270962, 36.543541>, 0.130000
	pigment { color rgbt <1,0,0,0> }
	no_shadow
}

// nucleotide -1

// particle -1
sphere {
	<25.665964, 38.481171, 37.313534> 0.250000
	pigment { color rgbt <1,0,0,0> }
	no_shadow
}
cylinder {
	<26.031000, 38.446442, 37.153709>,  <26.250021, 38.425606, 37.057816>, 0.100000
	pigment { color rgbt <1,0,0,0> }
	no_shadow
}
cylinder {
	<26.031000, 38.446442, 37.153709>,  <25.665964, 38.481171, 37.313534>, 0.100000
	pigment { color rgbt <1,0,0,0> }
	no_shadow
}

// particle -1
sphere {
	<26.031000, 38.446442, 37.153709> 0.100000
	pigment { color rgbt <1,0,0,0> }
	no_shadow
}
sphere {
	0, 1
	scale<0.080000,0.200000,0.300000>
	matrix <0.330856, 0.730968, 0.596842,
		0.240245, -0.676866, 0.695797,
		0.912588, -0.086820, -0.399557,
		26.304777, 38.420395, 37.033844>
	pigment { color rgbt <0,1,1,0> }
	no_shadow
}
cylinder {
	<26.159027, 38.541553, 37.935917>,  <25.665964, 38.481171, 37.313534>, 0.130000
	pigment { color rgbt <1,0,0,0> }
	no_shadow
}

// nucleotide -1

// particle -1
sphere {
	<26.159027, 38.541553, 37.935917> 0.250000
	pigment { color rgbt <1,0,0,0> }
	no_shadow
}
cylinder {
	<26.360067, 38.637020, 37.603550>,  <26.480692, 38.694298, 37.404129>, 0.100000
	pigment { color rgbt <1,0,0,0> }
	no_shadow
}
cylinder {
	<26.360067, 38.637020, 37.603550>,  <26.159027, 38.541553, 37.935917>, 0.100000
	pigment { color rgbt <1,0,0,0> }
	no_shadow
}

// particle -1
sphere {
	<26.360067, 38.637020, 37.603550> 0.100000
	pigment { color rgbt <1,0,0,0> }
	no_shadow
}
sphere {
	0, 1
	scale<0.080000,0.200000,0.300000>
	matrix <0.412137, 0.778745, 0.472969,
		0.759955, -0.580169, 0.293039,
		0.502605, 0.238663, -0.830920,
		26.510849, 38.708618, 37.354275>
	pigment { color rgbt <0,1,1,0> }
	no_shadow
}
cylinder {
	<26.848545, 38.642860, 38.164219>,  <26.159027, 38.541553, 37.935917>, 0.130000
	pigment { color rgbt <1,0,0,0> }
	no_shadow
}

// nucleotide -1

// particle -1
sphere {
	<26.848545, 38.642860, 38.164219> 0.250000
	pigment { color rgbt <1,0,0,0> }
	no_shadow
}
cylinder {
	<26.795162, 38.832188, 37.815929>,  <26.763132, 38.945786, 37.606956>, 0.100000
	pigment { color rgbt <1,0,0,0> }
	no_shadow
}
cylinder {
	<26.795162, 38.832188, 37.815929>,  <26.848545, 38.642860, 38.164219>, 0.100000
	pigment { color rgbt <1,0,0,0> }
	no_shadow
}

// particle -1
sphere {
	<26.795162, 38.832188, 37.815929> 0.100000
	pigment { color rgbt <1,0,0,0> }
	no_shadow
}
sphere {
	0, 1
	scale<0.080000,0.200000,0.300000>
	matrix <0.403317, 0.828476, 0.388540,
		0.905276, -0.299322, -0.301466,
		-0.133458, 0.473322, -0.870721,
		26.755125, 38.974186, 37.554714>
	pigment { color rgbt <0,1,1,0> }
	no_shadow
}
cylinder {
	<27.543993, 38.962612, 38.004787>,  <26.848545, 38.642860, 38.164219>, 0.130000
	pigment { color rgbt <1,0,0,0> }
	no_shadow
}

// nucleotide -1

// particle -1
sphere {
	<27.543993, 38.962612, 38.004787> 0.250000
	pigment { color rgbt <1,0,0,0> }
	no_shadow
}
cylinder {
	<27.256308, 39.146259, 37.796196>,  <27.083696, 39.256447, 37.671040>, 0.100000
	pigment { color rgbt <1,0,0,0> }
	no_shadow
}
cylinder {
	<27.256308, 39.146259, 37.796196>,  <27.543993, 38.962612, 38.004787>, 0.100000
	pigment { color rgbt <1,0,0,0> }
	no_shadow
}

// particle -1
sphere {
	<27.256308, 39.146259, 37.796196> 0.100000
	pigment { color rgbt <1,0,0,0> }
	no_shadow
}
sphere {
	0, 1
	scale<0.080000,0.200000,0.300000>
	matrix <0.381114, 0.888260, 0.256412,
		0.580932, -0.014328, -0.813826,
		-0.719215, 0.459118, -0.521479,
		27.040543, 39.283997, 37.639751>
	pigment { color rgbt <0,1,1,0> }
	no_shadow
}
cylinder {
	<27.826525, 39.625866, 37.923233>,  <27.543993, 38.962612, 38.004787>, 0.130000
	pigment { color rgbt <1,0,0,0> }
	no_shadow
}

// nucleotide -1

// particle -1
sphere {
	<27.826525, 39.625866, 37.923233> 0.250000
	pigment { color rgbt <1,0,0,0> }
	no_shadow
}
cylinder {
	<27.437120, 39.666210, 37.841160>,  <27.203478, 39.690418, 37.791916>, 0.100000
	pigment { color rgbt <1,0,0,0> }
	no_shadow
}
cylinder {
	<27.437120, 39.666210, 37.841160>,  <27.826525, 39.625866, 37.923233>, 0.100000
	pigment { color rgbt <1,0,0,0> }
	no_shadow
}

// particle -1
sphere {
	<27.437120, 39.666210, 37.841160> 0.100000
	pigment { color rgbt <1,0,0,0> }
	no_shadow
}
sphere {
	0, 1
	scale<0.080000,0.200000,0.300000>
	matrix <-0.016832, 0.863371, 0.504288,
		0.228011, 0.494385, -0.838805,
		-0.973513, 0.100864, -0.205180,
		27.145067, 39.696468, 37.779606>
	pigment { color rgbt <0,1,1,0> }
	no_shadow
}
cylinder {
	<27.712063, 40.356705, 37.674011>,  <27.826525, 39.625866, 37.923233>, 0.130000
	pigment { color rgbt <1,0,0,0> }
	no_shadow
}

// nucleotide -1

// particle -1
sphere {
	<27.712063, 40.356705, 37.674011> 0.250000
	pigment { color rgbt <1,0,0,0> }
	no_shadow
}
cylinder {
	<27.356131, 40.215099, 37.789165>,  <27.142570, 40.130138, 37.858257>, 0.100000
	pigment { color rgbt <1,0,0,0> }
	no_shadow
}
cylinder {
	<27.356131, 40.215099, 37.789165>,  <27.712063, 40.356705, 37.674011>, 0.100000
	pigment { color rgbt <1,0,0,0> }
	no_shadow
}

// particle -1
sphere {
	<27.356131, 40.215099, 37.789165> 0.100000
	pigment { color rgbt <1,0,0,0> }
	no_shadow
}
sphere {
	0, 1
	scale<0.080000,0.200000,0.300000>
	matrix <-0.190009, 0.861106, 0.471587,
		-0.414846, 0.364931, -0.833503,
		-0.889831, -0.354009, 0.287886,
		27.089182, 40.108898, 37.875530>
	pigment { color rgbt <0,1,1,0> }
	no_shadow
}
cylinder {
	<27.413536, 40.953770, 37.836426>,  <27.712063, 40.356705, 37.674011>, 0.130000
	pigment { color rgbt <1,0,0,0> }
	no_shadow
}

// nucleotide -1

// particle -1
sphere {
	<27.413536, 40.953770, 37.836426> 0.250000
	pigment { color rgbt <1,0,0,0> }
	no_shadow
}
cylinder {
	<27.158800, 40.712559, 38.028587>,  <27.005959, 40.567833, 38.143883>, 0.100000
	pigment { color rgbt <1,0,0,0> }
	no_shadow
}
cylinder {
	<27.158800, 40.712559, 38.028587>,  <27.413536, 40.953770, 37.836426>, 0.100000
	pigment { color rgbt <1,0,0,0> }
	no_shadow
}

// particle -1
sphere {
	<27.158800, 40.712559, 38.028587> 0.100000
	pigment { color rgbt <1,0,0,0> }
	no_shadow
}
sphere {
	0, 1
	scale<0.080000,0.200000,0.300000>
	matrix <-0.306910, 0.769879, 0.559547,
		-0.707277, 0.208901, -0.675366,
		-0.636840, -0.603031, 0.480404,
		26.967749, 40.531651, 38.172710>
	pigment { color rgbt <0,1,1,0> }
	no_shadow
}
cylinder {
	<26.789961, 41.370384, 37.949463>,  <27.413536, 40.953770, 37.836426>, 0.130000
	pigment { color rgbt <1,0,0,0> }
	no_shadow
}

// nucleotide -1

// particle -1
sphere {
	<26.789961, 41.370384, 37.949463> 0.250000
	pigment { color rgbt <1,0,0,0> }
	no_shadow
}
cylinder {
	<26.781181, 41.047211, 38.185009>,  <26.775913, 40.853306, 38.326336>, 0.100000
	pigment { color rgbt <1,0,0,0> }
	no_shadow
}
cylinder {
	<26.781181, 41.047211, 38.185009>,  <26.789961, 41.370384, 37.949463>, 0.100000
	pigment { color rgbt <1,0,0,0> }
	no_shadow
}

// particle -1
sphere {
	<26.781181, 41.047211, 38.185009> 0.100000
	pigment { color rgbt <1,0,0,0> }
	no_shadow
}
sphere {
	0, 1
	scale<0.080000,0.200000,0.300000>
	matrix <-0.298385, 0.567457, 0.767437,
		-0.954193, -0.158864, -0.253530,
		-0.021949, -0.807933, 0.588866,
		26.774597, 40.804832, 38.361668>
	pigment { color rgbt <0,1,1,0> }
	no_shadow
}
cylinder {
	<26.097422, 41.316956, 38.186398>,  <26.789961, 41.370384, 37.949463>, 0.130000
	pigment { color rgbt <1,0,0,0> }
	no_shadow
}

// nucleotide -1

// particle -1
sphere {
	<26.097422, 41.316956, 38.186398> 0.250000
	pigment { color rgbt <1,0,0,0> }
	no_shadow
}
cylinder {
	<26.362326, 41.175373, 38.450558>,  <26.521269, 41.090424, 38.609055>, 0.100000
	pigment { color rgbt <1,0,0,0> }
	no_shadow
}
cylinder {
	<26.362326, 41.175373, 38.450558>,  <26.097422, 41.316956, 38.186398>, 0.100000
	pigment { color rgbt <1,0,0,0> }
	no_shadow
}

// particle -1
sphere {
	<26.362326, 41.175373, 38.450558> 0.100000
	pigment { color rgbt <1,0,0,0> }
	no_shadow
}
sphere {
	0, 1
	scale<0.080000,0.200000,0.300000>
	matrix <-0.394450, 0.584661, 0.708929,
		-0.637041, -0.729989, 0.247579,
		0.662260, -0.353959, 0.660397,
		26.561005, 41.069187, 38.648678>
	pigment { color rgbt <0,1,1,0> }
	no_shadow
}
cylinder {
	<25.739313, 41.441071, 38.857449>,  <26.097422, 41.316956, 38.186398>, 0.130000
	pigment { color rgbt <1,0,0,0> }
	no_shadow
}

// nucleotide -1

// particle -1
sphere {
	<25.739313, 41.441071, 38.857449> 0.250000
	pigment { color rgbt <1,0,0,0> }
	no_shadow
}
cylinder {
	<26.122952, 41.354568, 38.930519>,  <26.353134, 41.302666, 38.974361>, 0.100000
	pigment { color rgbt <1,0,0,0> }
	no_shadow
}
cylinder {
	<26.122952, 41.354568, 38.930519>,  <25.739313, 41.441071, 38.857449>, 0.100000
	pigment { color rgbt <1,0,0,0> }
	no_shadow
}

// particle -1
sphere {
	<26.122952, 41.354568, 38.930519> 0.100000
	pigment { color rgbt <1,0,0,0> }
	no_shadow
}
sphere {
	0, 1
	scale<0.080000,0.200000,0.300000>
	matrix <-0.026407, 0.574150, 0.818324,
		-0.281851, -0.789674, 0.544954,
		0.959095, -0.216255, 0.182677,
		26.410681, 41.289692, 38.985321>
	pigment { color rgbt <0,1,1,0> }
	no_shadow
}
cylinder {
	<25.764324, 41.172718, 39.544975>,  <25.739313, 41.441071, 38.857449>, 0.130000
	pigment { color rgbt <1,0,0,0> }
	no_shadow
}

// nucleotide -1

// particle -1
sphere {
	<25.764324, 41.172718, 39.544975> 0.250000
	pigment { color rgbt <1,0,0,0> }
	no_shadow
}
cylinder {
	<26.137857, 41.301197, 39.482002>,  <26.361979, 41.378284, 39.444218>, 0.100000
	pigment { color rgbt <1,0,0,0> }
	no_shadow
}
cylinder {
	<26.137857, 41.301197, 39.482002>,  <25.764324, 41.172718, 39.544975>, 0.100000
	pigment { color rgbt <1,0,0,0> }
	no_shadow
}

// particle -1
sphere {
	<26.137857, 41.301197, 39.482002> 0.100000
	pigment { color rgbt <1,0,0,0> }
	no_shadow
}
sphere {
	0, 1
	scale<0.080000,0.200000,0.300000>
	matrix <-0.022070, 0.491013, 0.870872,
		0.357023, -0.809776, 0.465614,
		0.933835, 0.321198, -0.157431,
		26.418007, 41.397556, 39.434772>
	pigment { color rgbt <0,1,1,0> }
	no_shadow
}
cylinder {
	<26.105322, 40.930283, 40.097324>,  <25.764324, 41.172718, 39.544975>, 0.130000
	pigment { color rgbt <1,0,0,0> }
	no_shadow
}

// nucleotide -1

// particle -1
sphere {
	<26.105322, 40.930283, 40.097324> 0.250000
	pigment { color rgbt <1,0,0,0> }
	no_shadow
}
cylinder {
	<26.292894, 41.253906, 39.955605>,  <26.405437, 41.448082, 39.870575>, 0.100000
	pigment { color rgbt <1,0,0,0> }
	no_shadow
}
cylinder {
	<26.292894, 41.253906, 39.955605>,  <26.105322, 40.930283, 40.097324>, 0.100000
	pigment { color rgbt <1,0,0,0> }
	no_shadow
}

// particle -1
sphere {
	<26.292894, 41.253906, 39.955605> 0.100000
	pigment { color rgbt <1,0,0,0> }
	no_shadow
}
sphere {
	0, 1
	scale<0.080000,0.200000,0.300000>
	matrix <-0.134076, 0.461693, 0.876849,
		0.872999, -0.363680, 0.324978,
		0.468932, 0.809059, -0.354297,
		26.433575, 41.496624, 39.849316>
	pigment { color rgbt <0,1,1,0> }
	no_shadow
}
cylinder {
	<26.087477, 40.260414, 39.924877>,  <26.105322, 40.930283, 40.097324>, 0.130000
	pigment { color rgbt <1,0,0,0> }
	no_shadow
}

// nucleotide -1

// particle -1
sphere {
	<26.087477, 40.260414, 39.924877> 0.250000
	pigment { color rgbt <1,0,0,0> }
	no_shadow
}
cylinder {
	<26.426144, 40.246201, 40.137249>,  <26.629343, 40.237675, 40.264671>, 0.100000
	pigment { color rgbt <1,0,0,0> }
	no_shadow
}
cylinder {
	<26.426144, 40.246201, 40.137249>,  <26.087477, 40.260414, 39.924877>, 0.100000
	pigment { color rgbt <1,0,0,0> }
	no_shadow
}

// particle -1
sphere {
	<26.426144, 40.246201, 40.137249> 0.100000
	pigment { color rgbt <1,0,0,0> }
	no_shadow
}
sphere {
	0, 1
	scale<0.080000,0.200000,0.300000>
	matrix <-0.434007, -0.623410, 0.650383,
		0.307882, -0.781087, -0.543241,
		0.846668, -0.035530, 0.530934,
		26.680143, 40.235542, 40.296528>
	pigment { color rgbt <0,1,1,0> }
	no_shadow
}
cylinder {
	<26.279829, 39.488010, 40.034981>,  <26.087477, 40.260414, 39.924877>, 0.130000
	pigment { color rgbt <1,0,0,0> }
	no_shadow
}

// nucleotide -1

// particle -1
sphere {
	<26.279829, 39.488010, 40.034981> 0.250000
	pigment { color rgbt <1,0,0,0> }
	no_shadow
}
cylinder {
	<26.467012, 39.714249, 40.306602>,  <26.579323, 39.849991, 40.469578>, 0.100000
	pigment { color rgbt <1,0,0,0> }
	no_shadow
}
cylinder {
	<26.467012, 39.714249, 40.306602>,  <26.279829, 39.488010, 40.034981>, 0.100000
	pigment { color rgbt <1,0,0,0> }
	no_shadow
}

// particle -1
sphere {
	<26.467012, 39.714249, 40.306602> 0.100000
	pigment { color rgbt <1,0,0,0> }
	no_shadow
}
sphere {
	0, 1
	scale<0.080000,0.200000,0.300000>
	matrix <-0.594464, -0.367109, 0.715433,
		0.653933, -0.738467, 0.164435,
		0.467958, 0.565596, 0.679056,
		26.607399, 39.883926, 40.510319>
	pigment { color rgbt <0,1,1,0> }
	no_shadow
}
cylinder {
	<26.756702, 39.191460, 40.503811>,  <26.279829, 39.488010, 40.034981>, 0.130000
	pigment { color rgbt <1,0,0,0> }
	no_shadow
}

// nucleotide -1

// particle -1
sphere {
	<26.756702, 39.191460, 40.503811> 0.250000
	pigment { color rgbt <1,0,0,0> }
	no_shadow
}
cylinder {
	<26.562441, 39.490147, 40.685600>,  <26.445885, 39.669361, 40.794674>, 0.100000
	pigment { color rgbt <1,0,0,0> }
	no_shadow
}
cylinder {
	<26.562441, 39.490147, 40.685600>,  <26.756702, 39.191460, 40.503811>, 0.100000
	pigment { color rgbt <1,0,0,0> }
	no_shadow
}

// particle -1
sphere {
	<26.562441, 39.490147, 40.685600> 0.100000
	pigment { color rgbt <1,0,0,0> }
	no_shadow
}
sphere {
	0, 1
	scale<0.080000,0.200000,0.300000>
	matrix <-0.085721, -0.558080, 0.825347,
		0.869939, 0.361874, 0.335042,
		-0.485652, 0.746722, 0.454476,
		26.416746, 39.714165, 40.821941>
	pigment { color rgbt <0,1,1,0> }
	no_shadow
}
cylinder {
	<27.096567, 39.448807, 41.161022>,  <26.756702, 39.191460, 40.503811>, 0.130000
	pigment { color rgbt <1,0,0,0> }
	no_shadow
}

// nucleotide -1

// particle -1
sphere {
	<27.096567, 39.448807, 41.161022> 0.250000
	pigment { color rgbt <1,0,0,0> }
	no_shadow
}
cylinder {
	<26.698462, 39.482677, 41.180115>,  <26.459599, 39.503002, 41.191570>, 0.100000
	pigment { color rgbt <1,0,0,0> }
	no_shadow
}
cylinder {
	<26.698462, 39.482677, 41.180115>,  <27.096567, 39.448807, 41.161022>, 0.100000
	pigment { color rgbt <1,0,0,0> }
	no_shadow
}

// particle -1
sphere {
	<26.698462, 39.482677, 41.180115> 0.100000
	pigment { color rgbt <1,0,0,0> }
	no_shadow
}
sphere {
	0, 1
	scale<0.080000,0.200000,0.300000>
	matrix <0.003267, -0.461623, 0.887070,
		0.097152, 0.883025, 0.459160,
		-0.995264, 0.084680, 0.047732,
		26.399881, 39.508083, 41.194435>
	pigment { color rgbt <0,1,1,0> }
	no_shadow
}
cylinder {
	<26.999701, 39.666206, 41.820026>,  <27.096567, 39.448807, 41.161022>, 0.130000
	pigment { color rgbt <1,0,0,0> }
	no_shadow
}

// nucleotide -1

// particle -1
sphere {
	<26.999701, 39.666206, 41.820026> 0.250000
	pigment { color rgbt <1,0,0,0> }
	no_shadow
}
cylinder {
	<26.660496, 39.483944, 41.711765>,  <26.456972, 39.374588, 41.646809>, 0.100000
	pigment { color rgbt <1,0,0,0> }
	no_shadow
}
cylinder {
	<26.660496, 39.483944, 41.711765>,  <26.999701, 39.666206, 41.820026>, 0.100000
	pigment { color rgbt <1,0,0,0> }
	no_shadow
}

// particle -1
sphere {
	<26.660496, 39.483944, 41.711765> 0.100000
	pigment { color rgbt <1,0,0,0> }
	no_shadow
}
sphere {
	0, 1
	scale<0.080000,0.200000,0.300000>
	matrix <-0.104178, -0.357412, 0.928118,
		-0.519634, 0.815254, 0.255621,
		-0.848014, -0.455652, -0.270655,
		26.406092, 39.347248, 41.630569>
	pigment { color rgbt <0,1,1,0> }
	no_shadow
}
cylinder {
	<26.288857, 39.909248, 42.230671>,  <26.999701, 39.666206, 41.820026>, 0.130000
	pigment { color rgbt <1,0,0,0> }
	no_shadow
}

// nucleotide -1

// particle -1
sphere {
	<26.288857, 39.909248, 42.230671> 0.250000
	pigment { color rgbt <1,0,0,0> }
	no_shadow
}
cylinder {
	<26.284769, 39.526836, 42.113434>,  <26.282316, 39.297390, 42.043091>, 0.100000
	pigment { color rgbt <1,0,0,0> }
	no_shadow
}
cylinder {
	<26.284769, 39.526836, 42.113434>,  <26.288857, 39.909248, 42.230671>, 0.100000
	pigment { color rgbt <1,0,0,0> }
	no_shadow
}

// particle -1
sphere {
	<26.284769, 39.526836, 42.113434> 0.100000
	pigment { color rgbt <1,0,0,0> }
	no_shadow
}
sphere {
	0, 1
	scale<0.080000,0.200000,0.300000>
	matrix <0.035296, -0.293273, 0.955377,
		-0.999325, -0.000584, 0.036740,
		-0.010217, -0.956029, -0.293095,
		26.281704, 39.240028, 42.025505>
	pigment { color rgbt <0,1,1,0> }
	no_shadow
}
cylinder {
	<25.719984, 39.538654, 42.482773>,  <26.288857, 39.909248, 42.230671>, 0.130000
	pigment { color rgbt <1,0,0,0> }
	no_shadow
}

// nucleotide -1

// particle -1
sphere {
	<25.719984, 39.538654, 42.482773> 0.250000
	pigment { color rgbt <1,0,0,0> }
	no_shadow
}
cylinder {
	<26.042156, 39.310524, 42.418266>,  <26.235460, 39.173645, 42.379562>, 0.100000
	pigment { color rgbt <1,0,0,0> }
	no_shadow
}
cylinder {
	<26.042156, 39.310524, 42.418266>,  <25.719984, 39.538654, 42.482773>, 0.100000
	pigment { color rgbt <1,0,0,0> }
	no_shadow
}

// particle -1
sphere {
	<26.042156, 39.310524, 42.418266> 0.100000
	pigment { color rgbt <1,0,0,0> }
	no_shadow
}
sphere {
	0, 1
	scale<0.080000,0.200000,0.300000>
	matrix <0.047138, -0.209589, 0.976653,
		-0.590812, -0.794228, -0.141925,
		0.805431, -0.570328, -0.161266,
		26.283785, 39.139427, 42.369888>
	pigment { color rgbt <0,1,1,0> }
	no_shadow
}
cylinder {
	<25.737823, 38.872036, 42.899715>,  <25.719984, 39.538654, 42.482773>, 0.130000
	pigment { color rgbt <1,0,0,0> }
	no_shadow
}

// nucleotide -1

// particle -1
sphere {
	<25.737823, 38.872036, 42.899715> 0.250000
	pigment { color rgbt <1,0,0,0> }
	no_shadow
}
cylinder {
	<26.118361, 38.955925, 42.809414>,  <26.346684, 39.006256, 42.755234>, 0.100000
	pigment { color rgbt <1,0,0,0> }
	no_shadow
}
cylinder {
	<26.118361, 38.955925, 42.809414>,  <25.737823, 38.872036, 42.899715>, 0.100000
	pigment { color rgbt <1,0,0,0> }
	no_shadow
}

// particle -1
sphere {
	<26.118361, 38.955925, 42.809414> 0.100000
	pigment { color rgbt <1,0,0,0> }
	no_shadow
}
sphere {
	0, 1
	scale<0.080000,0.200000,0.300000>
	matrix <0.266297, -0.190991, 0.944780,
		0.155023, -0.958926, -0.237546,
		0.951343, 0.209720, -0.225751,
		26.403763, 39.018841, 42.741688>
	pigment { color rgbt <0,1,1,0> }
	no_shadow
}
cylinder {
	<25.354401, 38.540665, 43.526398>,  <25.737823, 38.872036, 42.899715>, 0.130000
	pigment { color rgbt <1,0,0,0> }
	no_shadow
}

// nucleotide -1

// particle -1
sphere {
	<25.354401, 38.540665, 43.526398> 0.250000
	pigment { color rgbt <1,0,0,0> }
	no_shadow
}
cylinder {
	<25.251497, 38.165462, 43.433475>,  <25.189754, 37.940342, 43.377724>, 0.100000
	pigment { color rgbt <1,0,0,0> }
	no_shadow
}
cylinder {
	<25.251497, 38.165462, 43.433475>,  <25.354401, 38.540665, 43.526398>, 0.100000
	pigment { color rgbt <1,0,0,0> }
	no_shadow
}

// particle -1
sphere {
	<25.251497, 38.165462, 43.433475> 0.100000
	pigment { color rgbt <1,0,0,0> }
	no_shadow
}
sphere {
	0, 1
	scale<0.080000,0.200000,0.300000>
	matrix <0.686316, -0.008118, -0.727258,
		0.680285, -0.346529, 0.645856,
		-0.257259, -0.938004, -0.232306,
		25.174320, 37.884060, 43.363785>
	pigment { color rgbt <0,1,1,0> }
	no_shadow
}
cylinder {
	<25.983635, 38.111515, 43.319744>,  <25.354401, 38.540665, 43.526398>, 0.130000
	pigment { color rgbt <1,0,0,0> }
	no_shadow
}

// nucleotide -1

// particle -1
sphere {
	<25.983635, 38.111515, 43.319744> 0.250000
	pigment { color rgbt <1,0,0,0> }
	no_shadow
}
cylinder {
	<25.692875, 37.886738, 43.161839>,  <25.518419, 37.751873, 43.067097>, 0.100000
	pigment { color rgbt <1,0,0,0> }
	no_shadow
}
cylinder {
	<25.692875, 37.886738, 43.161839>,  <25.983635, 38.111515, 43.319744>, 0.100000
	pigment { color rgbt <1,0,0,0> }
	no_shadow
}

// particle -1
sphere {
	<25.692875, 37.886738, 43.161839> 0.100000
	pigment { color rgbt <1,0,0,0> }
	no_shadow
}
sphere {
	0, 1
	scale<0.080000,0.200000,0.300000>
	matrix <0.584982, -0.205549, -0.784567,
		0.359736, -0.801233, 0.478138,
		-0.726902, -0.561939, -0.394763,
		25.474804, 37.718155, 43.043411>
	pigment { color rgbt <0,1,1,0> }
	no_shadow
}
cylinder {
	<26.309454, 37.512619, 43.036304>,  <25.983635, 38.111515, 43.319744>, 0.130000
	pigment { color rgbt <1,0,0,0> }
	no_shadow
}

// nucleotide -1

// particle -1
sphere {
	<26.309454, 37.512619, 43.036304> 0.250000
	pigment { color rgbt <1,0,0,0> }
	no_shadow
}
cylinder {
	<25.962797, 37.570263, 42.845238>,  <25.754803, 37.604851, 42.730598>, 0.100000
	pigment { color rgbt <1,0,0,0> }
	no_shadow
}
cylinder {
	<25.962797, 37.570263, 42.845238>,  <26.309454, 37.512619, 43.036304>, 0.100000
	pigment { color rgbt <1,0,0,0> }
	no_shadow
}

// particle -1
sphere {
	<25.962797, 37.570263, 42.845238> 0.100000
	pigment { color rgbt <1,0,0,0> }
	no_shadow
}
sphere {
	0, 1
	scale<0.080000,0.200000,0.300000>
	matrix <0.435799, -0.247472, -0.865353,
		-0.242885, -0.958122, 0.151683,
		-0.866652, 0.144078, -0.477657,
		25.702805, 37.613499, 42.701939>
	pigment { color rgbt <0,1,1,0> }
	no_shadow
}
cylinder {
	<25.989746, 36.854679, 42.742050>,  <26.309454, 37.512619, 43.036304>, 0.130000
	pigment { color rgbt <1,0,0,0> }
	no_shadow
}

// nucleotide -1

// particle -1
sphere {
	<25.989746, 36.854679, 42.742050> 0.250000
	pigment { color rgbt <1,0,0,0> }
	no_shadow
}
cylinder {
	<25.851770, 37.154495, 42.516056>,  <25.768984, 37.334385, 42.380459>, 0.100000
	pigment { color rgbt <1,0,0,0> }
	no_shadow
}
cylinder {
	<25.851770, 37.154495, 42.516056>,  <25.989746, 36.854679, 42.742050>, 0.100000
	pigment { color rgbt <1,0,0,0> }
	no_shadow
}

// particle -1
sphere {
	<25.851770, 37.154495, 42.516056> 0.100000
	pigment { color rgbt <1,0,0,0> }
	no_shadow
}
sphere {
	0, 1
	scale<0.080000,0.200000,0.300000>
	matrix <0.380363, -0.438673, -0.814181,
		-0.858103, -0.495744, -0.133780,
		-0.344940, 0.749536, -0.564989,
		25.748289, 37.379356, 42.346558>
	pigment { color rgbt <0,1,1,0> }
	no_shadow
}
cylinder {
	<25.912910, 36.596836, 42.122932>,  <25.989746, 36.854679, 42.742050>, 0.130000
	pigment { color rgbt <1,0,0,0> }
	no_shadow
}

// nucleotide -1

// particle -1
sphere {
	<25.912910, 36.596836, 42.122932> 0.250000
	pigment { color rgbt <1,0,0,0> }
	no_shadow
}
cylinder {
	<25.898422, 36.985336, 42.028816>,  <25.889730, 37.218437, 41.972347>, 0.100000
	pigment { color rgbt <1,0,0,0> }
	no_shadow
}
cylinder {
	<25.898422, 36.985336, 42.028816>,  <25.912910, 36.596836, 42.122932>, 0.100000
	pigment { color rgbt <1,0,0,0> }
	no_shadow
}

// particle -1
sphere {
	<25.898422, 36.985336, 42.028816> 0.100000
	pigment { color rgbt <1,0,0,0> }
	no_shadow
}
sphere {
	0, 1
	scale<0.080000,0.200000,0.300000>
	matrix <0.544577, -0.178235, -0.819554,
		-0.837928, -0.157819, -0.522465,
		-0.036219, 0.971250, -0.235292,
		25.887556, 37.276711, 41.958229>
	pigment { color rgbt <0,1,1,0> }
	no_shadow
}
cylinder {
	<25.520517, 36.655388, 41.492920>,  <25.912910, 36.596836, 42.122932>, 0.130000
	pigment { color rgbt <1,0,0,0> }
	no_shadow
}

// nucleotide -1

// particle -1
sphere {
	<25.520517, 36.655388, 41.492920> 0.250000
	pigment { color rgbt <1,0,0,0> }
	no_shadow
}
cylinder {
	<25.728680, 36.996387, 41.512596>,  <25.853577, 37.200989, 41.524403>, 0.100000
	pigment { color rgbt <1,0,0,0> }
	no_shadow
}
cylinder {
	<25.728680, 36.996387, 41.512596>,  <25.520517, 36.655388, 41.492920>, 0.100000
	pigment { color rgbt <1,0,0,0> }
	no_shadow
}

// particle -1
sphere {
	<25.728680, 36.996387, 41.512596> 0.100000
	pigment { color rgbt <1,0,0,0> }
	no_shadow
}
sphere {
	0, 1
	scale<0.080000,0.200000,0.300000>
	matrix <0.260012, -0.103322, -0.960061,
		-0.813371, 0.512412, -0.275430,
		0.520405, 0.852502, 0.049194,
		25.884802, 37.252136, 41.527355>
	pigment { color rgbt <0,1,1,0> }
	no_shadow
}
cylinder {
	<25.398800, 37.010201, 40.840881>,  <25.520517, 36.655388, 41.492920>, 0.130000
	pigment { color rgbt <1,0,0,0> }
	no_shadow
}

// nucleotide -1

// particle -1
sphere {
	<25.398800, 37.010201, 40.840881> 0.250000
	pigment { color rgbt <1,0,0,0> }
	no_shadow
}
cylinder {
	<25.735533, 37.163857, 40.992538>,  <25.937572, 37.256050, 41.083534>, 0.100000
	pigment { color rgbt <1,0,0,0> }
	no_shadow
}
cylinder {
	<25.735533, 37.163857, 40.992538>,  <25.398800, 37.010201, 40.840881>, 0.100000
	pigment { color rgbt <1,0,0,0> }
	no_shadow
}

// particle -1
sphere {
	<25.735533, 37.163857, 40.992538> 0.100000
	pigment { color rgbt <1,0,0,0> }
	no_shadow
}
sphere {
	0, 1
	scale<0.080000,0.200000,0.300000>
	matrix <0.408542, 0.005544, -0.912723,
		-0.352719, 0.923257, -0.152272,
		0.841833, 0.384144, 0.379145,
		25.988083, 37.279099, 41.106281>
	pigment { color rgbt <0,1,1,0> }
	no_shadow
}
cylinder {
	<25.531006, 37.517212, 40.391098>,  <25.398800, 37.010201, 40.840881>, 0.130000
	pigment { color rgbt <1,0,0,0> }
	no_shadow
}

// nucleotide -1

// particle -1
sphere {
	<25.531006, 37.517212, 40.391098> 0.250000
	pigment { color rgbt <1,0,0,0> }
	no_shadow
}
cylinder {
	<25.879801, 37.434589, 40.568626>,  <26.089077, 37.385014, 40.675144>, 0.100000
	pigment { color rgbt <1,0,0,0> }
	no_shadow
}
cylinder {
	<25.879801, 37.434589, 40.568626>,  <25.531006, 37.517212, 40.391098>, 0.100000
	pigment { color rgbt <1,0,0,0> }
	no_shadow
}

// particle -1
sphere {
	<25.879801, 37.434589, 40.568626> 0.100000
	pigment { color rgbt <1,0,0,0> }
	no_shadow
}
sphere {
	0, 1
	scale<0.080000,0.200000,0.300000>
	matrix <0.433430, -0.095653, -0.896096,
		0.227549, 0.973747, 0.006121,
		0.871986, -0.206559, 0.443817,
		26.141397, 37.372623, 40.701771>
	pigment { color rgbt <0,1,1,0> }
	no_shadow
}
cylinder {
	<26.050030, 37.958725, 39.994591>,  <25.531006, 37.517212, 40.391098>, 0.130000
	pigment { color rgbt <1,0,0,0> }
	no_shadow
}

// nucleotide -1

// particle -1
sphere {
	<26.050030, 37.958725, 39.994591> 0.250000
	pigment { color rgbt <1,0,0,0> }
	no_shadow
}
cylinder {
	<26.234194, 37.653751, 40.176453>,  <26.344692, 37.470768, 40.285568>, 0.100000
	pigment { color rgbt <1,0,0,0> }
	no_shadow
}
cylinder {
	<26.234194, 37.653751, 40.176453>,  <26.050030, 37.958725, 39.994591>, 0.100000
	pigment { color rgbt <1,0,0,0> }
	no_shadow
}

// particle -1
sphere {
	<26.234194, 37.653751, 40.176453> 0.100000
	pigment { color rgbt <1,0,0,0> }
	no_shadow
}
sphere {
	0, 1
	scale<0.080000,0.200000,0.300000>
	matrix <0.726268, 0.029020, -0.686799,
