// switches for output
#declare DRAW_BASES = 1; // possible values are 0, 1; only relevant for DNA ribbons
#declare DRAW_BASES_TYPE = 3; // possible values are 1, 2, 3; only relevant for DNA ribbons
#declare DRAW_FOG = 0; // set to 1 to enable fog

#include "colors.inc"

#include "transforms.inc"
background { rgb <1, 1, 1>}

#default {
   normal{
       ripples 0.25
       frequency 0.20
       turbulence 0.2
       lambda 5
   }
	finish {
		phong 0.1
		phong_size 40.
	}
}

// original window dimensions: 1024x640


// camera settings

camera {
	sky <0, 0.179814, -0.983701>
	up <0, 0.179814, -0.983701>
	right 1.6 * <1, 0, 0>
	location <35, 94.9851, 44.8844>
	look_at <35, 29.7336, 32.9568>
	direction <0, -65.2515, -11.9276>
	angle 67.0682
}


# declare cpy_camera_pos = <35, 94.9851, 44.8844>;
# if (DRAW_FOG = 1)
fog {
	fog_type 2
	up vnormalize(cpy_camera_pos)
	color rgbt<1,1,1,0.3>
	distance 1e-5
	fog_alt 3e-3
	fog_offset 56
}
# end


// LIGHTS

# declare lum = 6;
global_settings {
	ambient_light rgb lum * <0.05, 0.05, 0.05>
	max_trace_level 15
}# declare cpy_direct_light_amount = 0.25;
light_source
{	1000 * <-1, -1.16352, -0.803886>,
	rgb lum * cpy_direct_light_amount
	parallel
}

light_source
{	1000 * <1, 1.16352, 0.803886>,
	rgb lum * cpy_direct_light_amount
	parallel
}

// strand 0

// nucleotide -1

// particle -1
sphere {
	<24.151857, 34.775280, 34.837074> 0.250000
	pigment { color rgbt <1,0,0,0> }
	no_shadow
}
cylinder {
	<24.261635, 35.116596, 35.014420>,  <24.327501, 35.321388, 35.120827>, 0.100000
	pigment { color rgbt <1,0,0,0> }
	no_shadow
}
cylinder {
	<24.261635, 35.116596, 35.014420>,  <24.151857, 34.775280, 34.837074>, 0.100000
	pigment { color rgbt <1,0,0,0> }
	no_shadow
}

// particle -1
sphere {
	<24.261635, 35.116596, 35.014420> 0.100000
	pigment { color rgbt <1,0,0,0> }
	no_shadow
}
sphere {
	0, 1
	scale<0.080000,0.200000,0.300000>
	matrix <-0.065884, -0.443298, 0.893950,
		0.959343, -0.274550, -0.065443,
		0.274444, 0.853293, 0.443363,
		24.343967, 35.372585, 35.147430>
	pigment { color rgbt <0,1,1,0> }
	no_shadow
}
cylinder {
	<24.898491, 34.612492, 34.745579>,  <24.151857, 34.775280, 34.837074>, 0.130000
	pigment { color rgbt <1,0,0,0> }
	no_shadow
}

// nucleotide -1

// particle -1
sphere {
	<24.898491, 34.612492, 34.745579> 0.250000
	pigment { color rgbt <1,0,0,0> }
	no_shadow
}
cylinder {
	<25.218950, 34.538334, 34.973186>,  <25.411226, 34.493839, 35.109753>, 0.100000
	pigment { color rgbt <1,0,0,0> }
	no_shadow
}
cylinder {
	<25.218950, 34.538334, 34.973186>,  <24.898491, 34.612492, 34.745579>, 0.100000
	pigment { color rgbt <1,0,0,0> }
	no_shadow
}

// particle -1
sphere {
	<25.218950, 34.538334, 34.973186> 0.100000
	pigment { color rgbt <1,0,0,0> }
	no_shadow
}
sphere {
	0, 1
	scale<0.080000,0.200000,0.300000>
	matrix <0.510698, -0.283907, -0.811532,
		0.312004, 0.940758, -0.132771,
		0.801150, -0.185395, 0.569024,
		25.459295, 34.482716, 35.143894>
	pigment { color rgbt <0,1,1,0> }
	no_shadow
}
cylinder {
	<25.561680, 34.914093, 34.433208>,  <24.898491, 34.612492, 34.745579>, 0.130000
	pigment { color rgbt <1,0,0,0> }
	no_shadow
}

// nucleotide -1

// particle -1
sphere {
	<25.561680, 34.914093, 34.433208> 0.250000
	pigment { color rgbt <1,0,0,0> }
	no_shadow
}
cylinder {
	<25.636003, 34.578102, 34.637138>,  <25.680597, 34.376507, 34.759495>, 0.100000
	pigment { color rgbt <1,0,0,0> }
	no_shadow
}
cylinder {
	<25.636003, 34.578102, 34.637138>,  <25.561680, 34.914093, 34.433208>, 0.100000
	pigment { color rgbt <1,0,0,0> }
	no_shadow
}

// particle -1
sphere {
	<25.636003, 34.578102, 34.637138> 0.100000
	pigment { color rgbt <1,0,0,0> }
	no_shadow
}
sphere {
	0, 1
	scale<0.080000,0.200000,0.300000>
	matrix <0.694767, -0.254587, -0.672670,
		0.694818, 0.479197, 0.536281,
		0.185811, -0.839974, 0.509822,
		25.691748, 34.326111, 34.790085>
	pigment { color rgbt <0,1,1,0> }
	no_shadow
}
cylinder {
	<26.156731, 34.768650, 34.829739>,  <25.561680, 34.914093, 34.433208>, 0.130000
	pigment { color rgbt <1,0,0,0> }
	no_shadow
}

// nucleotide -1

// particle -1
sphere {
	<26.156731, 34.768650, 34.829739> 0.250000
	pigment { color rgbt <1,0,0,0> }
	no_shadow
}
cylinder {
	<25.969700, 34.489269, 34.613022>,  <25.857481, 34.321640, 34.482990>, 0.100000
	pigment { color rgbt <1,0,0,0> }
	no_shadow
}
cylinder {
	<25.969700, 34.489269, 34.613022>,  <26.156731, 34.768650, 34.829739>, 0.100000
	pigment { color rgbt <1,0,0,0> }
	no_shadow
}

// particle -1
sphere {
	<25.969700, 34.489269, 34.613022> 0.100000
	pigment { color rgbt <1,0,0,0> }
	no_shadow
}
sphere {
	0, 1
	scale<0.080000,0.200000,0.300000>
	matrix <0.748457, 0.013284, -0.663051,
		0.470304, -0.715537, 0.516547,
		-0.467575, -0.698448, -0.541796,
		25.829428, 34.279736, 34.450481>
	pigment { color rgbt <0,1,1,0> }
	no_shadow
}
cylinder {
	<26.512104, 34.058277, 34.726887>,  <26.156731, 34.768650, 34.829739>, 0.130000
	pigment { color rgbt <1,0,0,0> }
	no_shadow
}

// nucleotide -1

// particle -1
sphere {
	<26.512104, 34.058277, 34.726887> 0.250000
	pigment { color rgbt <1,0,0,0> }
	no_shadow
}
cylinder {
	<26.281713, 34.141342, 34.410625>,  <26.143480, 34.191181, 34.220871>, 0.100000
	pigment { color rgbt <1,0,0,0> }
	no_shadow
}
cylinder {
	<26.281713, 34.141342, 34.410625>,  <26.512104, 34.058277, 34.726887>, 0.100000
	pigment { color rgbt <1,0,0,0> }
	no_shadow
}

// particle -1
sphere {
	<26.281713, 34.141342, 34.410625> 0.100000
	pigment { color rgbt <1,0,0,0> }
	no_shadow
}
sphere {
	0, 1
	scale<0.080000,0.200000,0.300000>
	matrix <0.789200, -0.110886, -0.604043,
		-0.213111, -0.971895, -0.100021,
		-0.575975, 0.207664, -0.790650,
		26.108921, 34.203640, 34.173431>
	pigment { color rgbt <0,1,1,0> }
	no_shadow
}
cylinder {
	<27.026230, 34.302128, 34.242046>,  <26.512104, 34.058277, 34.726887>, 0.130000
	pigment { color rgbt <1,0,0,0> }
	no_shadow
}

// nucleotide -1

// particle -1
sphere {
	<27.026230, 34.302128, 34.242046> 0.250000
	pigment { color rgbt <1,0,0,0> }
	no_shadow
}
cylinder {
	<27.280605, 34.031784, 34.391068>,  <27.433231, 33.869579, 34.480480>, 0.100000
	pigment { color rgbt <1,0,0,0> }
	no_shadow
}
cylinder {
	<27.280605, 34.031784, 34.391068>,  <27.026230, 34.302128, 34.242046>, 0.100000
	pigment { color rgbt <1,0,0,0> }
	no_shadow
}

// particle -1
sphere {
	<27.280605, 34.031784, 34.391068> 0.100000
	pigment { color rgbt <1,0,0,0> }
	no_shadow
}
sphere {
	0, 1
	scale<0.080000,0.200000,0.300000>
	matrix <-0.478475, -0.724063, -0.496784,
		0.605509, 0.137666, -0.783841,
		0.635940, -0.675856, 0.372557,
		27.471388, 33.829029, 34.502834>
	pigment { color rgbt <0,1,1,0> }
	no_shadow
}
cylinder {
	<27.269705, 33.782917, 33.648491>,  <27.026230, 34.302128, 34.242046>, 0.130000
	pigment { color rgbt <1,0,0,0> }
	no_shadow
}

// nucleotide -1

// particle -1
sphere {
	<27.269705, 33.782917, 33.648491> 0.250000
	pigment { color rgbt <1,0,0,0> }
	no_shadow
}
cylinder {
	<27.315510, 33.600403, 34.001465>,  <27.342993, 33.490894, 34.213249>, 0.100000
	pigment { color rgbt <1,0,0,0> }
	no_shadow
}
cylinder {
	<27.315510, 33.600403, 34.001465>,  <27.269705, 33.782917, 33.648491>, 0.100000
	pigment { color rgbt <1,0,0,0> }
	no_shadow
}

// particle -1
sphere {
	<27.315510, 33.600403, 34.001465> 0.100000
	pigment { color rgbt <1,0,0,0> }
	no_shadow
}
sphere {
	0, 1
	scale<0.080000,0.200000,0.300000>
	matrix <-0.379966, -0.840851, -0.385479,
		0.917885, -0.291153, -0.269661,
		0.114512, -0.456288, 0.882433,
		27.349863, 33.463516, 34.266193>
	pigment { color rgbt <0,1,1,0> }
	no_shadow
}
cylinder {
	<27.488466, 33.141495, 33.427143>,  <27.269705, 33.782917, 33.648491>, 0.130000
	pigment { color rgbt <1,0,0,0> }
	no_shadow
}

// nucleotide -1

// particle -1
sphere {
	<27.488466, 33.141495, 33.427143> 0.250000
	pigment { color rgbt <1,0,0,0> }
	no_shadow
}
cylinder {
	<27.357752, 33.104927, 33.803410>,  <27.279324, 33.082985, 34.029171>, 0.100000
	pigment { color rgbt <1,0,0,0> }
	no_shadow
}
cylinder {
	<27.357752, 33.104927, 33.803410>,  <27.488466, 33.141495, 33.427143>, 0.100000
	pigment { color rgbt <1,0,0,0> }
	no_shadow
}

// particle -1
sphere {
	<27.357752, 33.104927, 33.803410> 0.100000
	pigment { color rgbt <1,0,0,0> }
	no_shadow
}
sphere {
	0, 1
	scale<0.080000,0.200000,0.300000>
	matrix <-0.304202, -0.932168, -0.196275,
		0.894802, -0.350293, 0.276810,
		-0.326787, -0.091421, 0.940666,
		27.259716, 33.077499, 34.085609>
	pigment { color rgbt <0,1,1,0> }
	no_shadow
}
cylinder {
	<27.655729, 32.607395, 33.576138>,  <27.488466, 33.141495, 33.427143>, 0.130000
	pigment { color rgbt <1,0,0,0> }
	no_shadow
}

// nucleotide -1

// particle -1
sphere {
	<27.655729, 32.607395, 33.576138> 0.250000
	pigment { color rgbt <1,0,0,0> }
	no_shadow
}
cylinder {
	<27.389109, 32.634754, 33.873062>,  <27.229136, 32.651169, 34.051216>, 0.100000
	pigment { color rgbt <1,0,0,0> }
	no_shadow
}
cylinder {
	<27.389109, 32.634754, 33.873062>,  <27.655729, 32.607395, 33.576138>, 0.100000
	pigment { color rgbt <1,0,0,0> }
	no_shadow
}

// particle -1
sphere {
	<27.389109, 32.634754, 33.873062> 0.100000
	pigment { color rgbt <1,0,0,0> }
	no_shadow
}
sphere {
	0, 1
	scale<0.080000,0.200000,0.300000>
	matrix <-0.234078, -0.964620, -0.121306,
		0.707753, -0.254616, 0.658981,
		-0.666553, 0.068398, 0.742313,
		27.189142, 32.655273, 34.095757>
	pigment { color rgbt <0,1,1,0> }
	no_shadow
}
cylinder {
	<27.705221, 31.980844, 33.869701>,  <27.655729, 32.607395, 33.576138>, 0.130000
	pigment { color rgbt <1,0,0,0> }
	no_shadow
}

// nucleotide -1

// particle -1
sphere {
	<27.705221, 31.980844, 33.869701> 0.250000
	pigment { color rgbt <1,0,0,0> }
	no_shadow
}
cylinder {
	<27.347424, 32.132530, 33.964420>,  <27.132746, 32.223541, 34.021252>, 0.100000
	pigment { color rgbt <1,0,0,0> }
	no_shadow
}
cylinder {
	<27.347424, 32.132530, 33.964420>,  <27.705221, 31.980844, 33.869701>, 0.100000
	pigment { color rgbt <1,0,0,0> }
	no_shadow
}

// particle -1
sphere {
	<27.347424, 32.132530, 33.964420> 0.100000
	pigment { color rgbt <1,0,0,0> }
	no_shadow
}
sphere {
	0, 1
	scale<0.080000,0.200000,0.300000>
	matrix <-0.420668, -0.893248, -0.158578,
		0.151387, -0.241463, 0.958529,
		-0.894494, 0.379216, 0.236802,
		27.079075, 32.246296, 34.035461>
	pigment { color rgbt <0,1,1,0> }
	no_shadow
}
cylinder {
	<27.315329, 31.409273, 34.219112>,  <27.705221, 31.980844, 33.869701>, 0.130000
	pigment { color rgbt <1,0,0,0> }
	no_shadow
}

// nucleotide -1

// particle -1
sphere {
	<27.315329, 31.409273, 34.219112> 0.250000
	pigment { color rgbt <1,0,0,0> }
	no_shadow
}
cylinder {
	<27.008116, 31.647533, 34.125031>,  <26.823788, 31.790489, 34.068581>, 0.100000
	pigment { color rgbt <1,0,0,0> }
	no_shadow
}
cylinder {
	<27.008116, 31.647533, 34.125031>,  <27.315329, 31.409273, 34.219112>, 0.100000
	pigment { color rgbt <1,0,0,0> }
	no_shadow
}

// particle -1
sphere {
	<27.008116, 31.647533, 34.125031> 0.100000
	pigment { color rgbt <1,0,0,0> }
	no_shadow
}
sphere {
	0, 1
	scale<0.080000,0.200000,0.300000>
	matrix <-0.593446, -0.800024, -0.088220,
		-0.240720, 0.071827, 0.967933,
		-0.768033, 0.595653, -0.235207,
		26.777706, 31.826229, 34.054470>
	pigment { color rgbt <0,1,1,0> }
	no_shadow
}
cylinder {
	<26.646563, 31.144604, 34.572823>,  <27.315329, 31.409273, 34.219112>, 0.130000
	pigment { color rgbt <1,0,0,0> }
	no_shadow
}

// nucleotide -1

// particle -1
sphere {
	<26.646563, 31.144604, 34.572823> 0.250000
	pigment { color rgbt <1,0,0,0> }
	no_shadow
}
cylinder {
	<26.505354, 31.366594, 34.271526>,  <26.420630, 31.499788, 34.090748>, 0.100000
	pigment { color rgbt <1,0,0,0> }
	no_shadow
}
cylinder {
	<26.505354, 31.366594, 34.271526>,  <26.646563, 31.144604, 34.572823>, 0.100000
	pigment { color rgbt <1,0,0,0> }
	no_shadow
}

// particle -1
sphere {
	<26.505354, 31.366594, 34.271526> 0.100000
	pigment { color rgbt <1,0,0,0> }
	no_shadow
}
sphere {
	0, 1
	scale<0.080000,0.200000,0.300000>
	matrix <-0.726385, -0.669994, -0.153208,
		-0.589695, 0.493058, 0.639651,
		-0.353022, 0.554978, -0.753242,
		26.399448, 31.533089, 34.045555>
	pigment { color rgbt <0,1,1,0> }
	no_shadow
}
cylinder {
	<25.891439, 31.213701, 34.700172>,  <26.646563, 31.144604, 34.572823>, 0.130000
	pigment { color rgbt <1,0,0,0> }
	no_shadow
}

// nucleotide -1

// particle -1
sphere {
	<25.891439, 31.213701, 34.700172> 0.250000
	pigment { color rgbt <1,0,0,0> }
	no_shadow
}
cylinder {
	<26.024597, 31.249037, 34.324646>,  <26.104492, 31.270237, 34.099331>, 0.100000
	pigment { color rgbt <1,0,0,0> }
	no_shadow
}
cylinder {
	<26.024597, 31.249037, 34.324646>,  <25.891439, 31.213701, 34.700172>, 0.100000
	pigment { color rgbt <1,0,0,0> }
	no_shadow
}

// particle -1
sphere {
	<26.024597, 31.249037, 34.324646> 0.100000
	pigment { color rgbt <1,0,0,0> }
	no_shadow
}
sphere {
	0, 1
	scale<0.080000,0.200000,0.300000>
	matrix <-0.344024, -0.915601, -0.208140,
		-0.877968, 0.392265, -0.274410,
		0.332896, 0.088337, -0.938817,
		26.124466, 31.275537, 34.042999>
	pigment { color rgbt <0,1,1,0> }
	no_shadow
}
cylinder {
	<25.419086, 30.835339, 34.386784>,  <25.891439, 31.213701, 34.700172>, 0.130000
	pigment { color rgbt <1,0,0,0> }
	no_shadow
}

// nucleotide -1

// particle -1
sphere {
	<25.419086, 30.835339, 34.386784> 0.250000
	pigment { color rgbt <1,0,0,0> }
	no_shadow
}
cylinder {
	<25.668205, 30.885530, 34.077881>,  <25.817677, 30.915646, 33.892540>, 0.100000
	pigment { color rgbt <1,0,0,0> }
	no_shadow
}
cylinder {
	<25.668205, 30.885530, 34.077881>,  <25.419086, 30.835339, 34.386784>, 0.100000
	pigment { color rgbt <1,0,0,0> }
	no_shadow
}

// particle -1
sphere {
	<25.668205, 30.885530, 34.077881> 0.100000
	pigment { color rgbt <1,0,0,0> }
	no_shadow
}
sphere {
	0, 1
	scale<0.080000,0.200000,0.300000>
	matrix <-0.394679, -0.801871, -0.448587,
		-0.675538, 0.584172, -0.449879,
		0.622797, 0.125480, -0.772256,
		25.855043, 30.923174, 33.846203>
	pigment { color rgbt <0,1,1,0> }
	no_shadow
}
cylinder {
	<25.051500, 30.545301, 33.759754>,  <25.419086, 30.835339, 34.386784>, 0.130000
	pigment { color rgbt <1,0,0,0> }
	no_shadow
}

// nucleotide -1

// particle -1
sphere {
	<25.051500, 30.545301, 33.759754> 0.250000
	pigment { color rgbt <1,0,0,0> }
	no_shadow
}
cylinder {
	<25.440075, 30.565062, 33.666908>,  <25.673220, 30.576918, 33.611202>, 0.100000
	pigment { color rgbt <1,0,0,0> }
	no_shadow
}
cylinder {
	<25.440075, 30.565062, 33.666908>,  <25.051500, 30.545301, 33.759754>, 0.100000
	pigment { color rgbt <1,0,0,0> }
	no_shadow
}

// particle -1
sphere {
	<25.440075, 30.565062, 33.666908> 0.100000
	pigment { color rgbt <1,0,0,0> }
	no_shadow
}
sphere {
	0, 1
	scale<0.080000,0.200000,0.300000>
	matrix <-0.050724, -0.912265, -0.406448,
		-0.231825, 0.406611, -0.883699,
		0.971434, 0.049400, -0.232111,
		25.731504, 30.579882, 33.597275>
	pigment { color rgbt <0,1,1,0> }
	no_shadow
}
cylinder {
	<25.017250, 30.195684, 33.069561>,  <25.051500, 30.545301, 33.759754>, 0.130000
	pigment { color rgbt <1,0,0,0> }
	no_shadow
}

// nucleotide -1

// particle -1
sphere {
	<25.017250, 30.195684, 33.069561> 0.250000
	pigment { color rgbt <1,0,0,0> }
	no_shadow
}
cylinder {
	<25.400614, 30.210678, 33.182732>,  <25.630632, 30.219673, 33.250633>, 0.100000
	pigment { color rgbt <1,0,0,0> }
	no_shadow
}
cylinder {
	<25.400614, 30.210678, 33.182732>,  <25.017250, 30.195684, 33.069561>, 0.100000
	pigment { color rgbt <1,0,0,0> }
	no_shadow
}

// particle -1
sphere {
	<25.400614, 30.210678, 33.182732> 0.100000
	pigment { color rgbt <1,0,0,0> }
	no_shadow
}
sphere {
	0, 1
	scale<0.080000,0.200000,0.300000>
	matrix <0.158771, -0.893802, -0.419415,
		0.237162, 0.446892, -0.862578,
		0.958408, 0.037483, 0.282930,
		25.688137, 30.221924, 33.267612>
	pigment { color rgbt <0,1,1,0> }
	no_shadow
}
cylinder {
	<25.443338, 30.149626, 32.450249>,  <25.017250, 30.195684, 33.069561>, 0.130000
	pigment { color rgbt <1,0,0,0> }
	no_shadow
}

// nucleotide -1

// particle -1
sphere {
	<25.443338, 30.149626, 32.450249> 0.250000
	pigment { color rgbt <1,0,0,0> }
	no_shadow
}
cylinder {
	<25.679457, 30.039623, 32.753807>,  <25.821129, 29.973621, 32.935944>, 0.100000
	pigment { color rgbt <1,0,0,0> }
	no_shadow
}
cylinder {
	<25.679457, 30.039623, 32.753807>,  <25.443338, 30.149626, 32.450249>, 0.100000
	pigment { color rgbt <1,0,0,0> }
	no_shadow
}

// particle -1
sphere {
	<25.679457, 30.039623, 32.753807> 0.100000
	pigment { color rgbt <1,0,0,0> }
	no_shadow
}
sphere {
	0, 1
	scale<0.080000,0.200000,0.300000>
	matrix <0.235445, -0.840627, -0.487763,
		0.772085, 0.466603, -0.431470,
		0.590297, -0.275007, 0.758894,
		25.856546, 29.957121, 32.981476>
	pigment { color rgbt <0,1,1,0> }
	no_shadow
}
cylinder {
	<26.038330, 29.950008, 32.210045>,  <25.443338, 30.149626, 32.450249>, 0.130000
	pigment { color rgbt <1,0,0,0> }
	no_shadow
}

// nucleotide -1

// particle -1
sphere {
	<26.038330, 29.950008, 32.210045> 0.250000
	pigment { color rgbt <1,0,0,0> }
	no_shadow
}
cylinder {
	<26.050526, 29.746847, 32.554394>,  <26.057842, 29.624950, 32.761005>, 0.100000
	pigment { color rgbt <1,0,0,0> }
	no_shadow
}
cylinder {
	<26.050526, 29.746847, 32.554394>,  <26.038330, 29.950008, 32.210045>, 0.100000
	pigment { color rgbt <1,0,0,0> }
	no_shadow
}

// particle -1
sphere {
	<26.050526, 29.746847, 32.554394> 0.100000
	pigment { color rgbt <1,0,0,0> }
	no_shadow
}
sphere {
	0, 1
	scale<0.080000,0.200000,0.300000>
	matrix <0.447847, -0.763044, -0.466043,
		0.893590, 0.399749, 0.204199,
		0.030488, -0.507902, 0.860875,
		26.059671, 29.594477, 32.812656>
	pigment { color rgbt <0,1,1,0> }
	no_shadow
}
cylinder {
	<26.773739, 29.611210, 32.254242>,  <26.038330, 29.950008, 32.210045>, 0.130000
	pigment { color rgbt <1,0,0,0> }
	no_shadow
}

// nucleotide -1

// particle -1
sphere {
	<26.773739, 29.611210, 32.254242> 0.250000
	pigment { color rgbt <1,0,0,0> }
	no_shadow
}
cylinder {
	<26.521057, 29.426018, 32.502953>,  <26.369448, 29.314903, 32.652180>, 0.100000
	pigment { color rgbt <1,0,0,0> }
	no_shadow
}
cylinder {
	<26.521057, 29.426018, 32.502953>,  <26.773739, 29.611210, 32.254242>, 0.100000
	pigment { color rgbt <1,0,0,0> }
	no_shadow
}

// particle -1
sphere {
	<26.521057, 29.426018, 32.502953> 0.100000
	pigment { color rgbt <1,0,0,0> }
	no_shadow
}
sphere {
	0, 1
	scale<0.080000,0.200000,0.300000>
	matrix <0.250657, -0.880973, -0.401320,
		0.733569, -0.097662, 0.672561,
		-0.631702, -0.462978, 0.621775,
		26.331547, 29.287125, 32.689484>
	pigment { color rgbt <0,1,1,0> }
	no_shadow
}
cylinder {
	<27.153660, 29.005669, 32.533176>,  <26.773739, 29.611210, 32.254242>, 0.130000
	pigment { color rgbt <1,0,0,0> }
	no_shadow
}

// nucleotide -1

// particle -1
sphere {
	<27.153660, 29.005669, 32.533176> 0.250000
	pigment { color rgbt <1,0,0,0> }
	no_shadow
}
cylinder {
	<26.763012, 28.925480, 32.564236>,  <26.528624, 28.877367, 32.582870>, 0.100000
	pigment { color rgbt <1,0,0,0> }
	no_shadow
}
cylinder {
	<26.763012, 28.925480, 32.564236>,  <27.153660, 29.005669, 32.533176>, 0.100000
	pigment { color rgbt <1,0,0,0> }
	no_shadow
}

// particle -1
sphere {
	<26.763012, 28.925480, 32.564236> 0.100000
	pigment { color rgbt <1,0,0,0> }
	no_shadow
}
sphere {
	0, 1
	scale<0.080000,0.200000,0.300000>
	matrix <0.165410, -0.931400, -0.324244,
		0.137321, -0.303819, 0.942781,
		-0.976618, -0.200471, 0.077646,
		26.470026, 28.865339, 32.587528>
	pigment { color rgbt <0,1,1,0> }
	no_shadow
}
cylinder {
	<27.198545, 28.459106, 32.784725>,  <27.153660, 29.005669, 32.533176>, 0.130000
	pigment { color rgbt <1,0,0,0> }
	no_shadow
}

// nucleotide -1

// particle -1
sphere {
	<27.198545, 28.459106, 32.784725> 0.250000
	pigment { color rgbt <1,0,0,0> }
	no_shadow
}
cylinder {
	<26.820044, 28.450483, 32.655647>,  <26.592941, 28.445311, 32.578201>, 0.100000
	pigment { color rgbt <1,0,0,0> }
	no_shadow
}
cylinder {
	<26.820044, 28.450483, 32.655647>,  <27.198545, 28.459106, 32.784725>, 0.100000
	pigment { color rgbt <1,0,0,0> }
	no_shadow
}

// particle -1
sphere {
	<26.820044, 28.450483, 32.655647> 0.100000
	pigment { color rgbt <1,0,0,0> }
	no_shadow
}
sphere {
	0, 1
	scale<0.080000,0.200000,0.300000>
	matrix <0.155242, -0.905587, -0.394730,
		-0.283721, -0.423612, 0.860265,
		-0.946257, -0.021556, -0.322697,
		26.536167, 28.444017, 32.558838>
	pigment { color rgbt <0,1,1,0> }
	no_shadow
}
cylinder {
	<26.852968, 27.847651, 33.004410>,  <27.198545, 28.459106, 32.784725>, 0.130000
	pigment { color rgbt <1,0,0,0> }
	no_shadow
}

// nucleotide -1

// particle -1
sphere {
	<26.852968, 27.847651, 33.004410> 0.250000
	pigment { color rgbt <1,0,0,0> }
	no_shadow
}
cylinder {
	<26.613066, 27.934837, 32.696442>,  <26.469124, 27.987150, 32.511662>, 0.100000
	pigment { color rgbt <1,0,0,0> }
	no_shadow
}
cylinder {
	<26.613066, 27.934837, 32.696442>,  <26.852968, 27.847651, 33.004410>, 0.100000
	pigment { color rgbt <1,0,0,0> }
	no_shadow
}

// particle -1
sphere {
	<26.613066, 27.934837, 32.696442> 0.100000
	pigment { color rgbt <1,0,0,0> }
	no_shadow
}
sphere {
	0, 1
	scale<0.080000,0.200000,0.300000>
	matrix <0.057800, -0.947870, -0.313370,
		-0.798092, -0.232448, 0.555893,
		-0.599757, 0.217967, -0.769923,
		26.433138, 28.000227, 32.465466>
	pigment { color rgbt <0,1,1,0> }
	no_shadow
}
cylinder {
	<26.423103, 27.264866, 32.926258>,  <26.852968, 27.847651, 33.004410>, 0.130000
	pigment { color rgbt <1,0,0,0> }
	no_shadow
}

// nucleotide -1

// particle -1
sphere {
	<26.423103, 27.264866, 32.926258> 0.250000
	pigment { color rgbt <1,0,0,0> }
	no_shadow
}
cylinder {
	<26.434885, 27.448578, 32.571136>,  <26.441954, 27.558805, 32.358063>, 0.100000
	pigment { color rgbt <1,0,0,0> }
	no_shadow
}
cylinder {
	<26.434885, 27.448578, 32.571136>,  <26.423103, 27.264866, 32.926258>, 0.100000
	pigment { color rgbt <1,0,0,0> }
	no_shadow
}

// particle -1
sphere {
	<26.434885, 27.448578, 32.571136> 0.100000
	pigment { color rgbt <1,0,0,0> }
	no_shadow
}
sphere {
	0, 1
	scale<0.080000,0.200000,0.300000>
	matrix <0.228910, -0.867685, -0.441275,
		-0.973002, -0.190228, -0.130692,
		0.029457, 0.459278, -0.887804,
		26.443722, 27.586361, 32.304794>
	pigment { color rgbt <0,1,1,0> }
	no_shadow
}
cylinder {
	<26.065596, 26.835032, 32.488480>,  <26.423103, 27.264866, 32.926258>, 0.130000
	pigment { color rgbt <1,0,0,0> }
	no_shadow
}

// nucleotide -1

// particle -1
sphere {
	<26.065596, 26.835032, 32.488480> 0.250000
	pigment { color rgbt <1,0,0,0> }
	no_shadow
}
cylinder {
	<26.299292, 27.065062, 32.259411>,  <26.439508, 27.203079, 32.121971>, 0.100000
	pigment { color rgbt <1,0,0,0> }
	no_shadow
}
cylinder {
	<26.299292, 27.065062, 32.259411>,  <26.065596, 26.835032, 32.488480>, 0.100000
	pigment { color rgbt <1,0,0,0> }
	no_shadow
}

// particle -1
sphere {
	<26.299292, 27.065062, 32.259411> 0.100000
	pigment { color rgbt <1,0,0,0> }
	no_shadow
}
sphere {
	0, 1
	scale<0.080000,0.200000,0.300000>
	matrix <0.337002, -0.813816, -0.473427,
		-0.738305, 0.083604, -0.669265,
		0.584239, 0.575077, -0.572670,
		26.474564, 27.237585, 32.087608>
	pigment { color rgbt <0,1,1,0> }
	no_shadow
}
cylinder {
	<26.055983, 26.585995, 31.850306>,  <26.065596, 26.835032, 32.488480>, 0.130000
	pigment { color rgbt <1,0,0,0> }
	no_shadow
}

// nucleotide -1

// particle -1
sphere {
	<26.055983, 26.585995, 31.850306> 0.250000
	pigment { color rgbt <1,0,0,0> }
	no_shadow
}
cylinder {
	<26.402607, 26.785063, 31.835344>,  <26.610580, 26.904503, 31.826366>, 0.100000
	pigment { color rgbt <1,0,0,0> }
	no_shadow
}
cylinder {
	<26.402607, 26.785063, 31.835344>,  <26.055983, 26.585995, 31.850306>, 0.100000
	pigment { color rgbt <1,0,0,0> }
	no_shadow
}

// particle -1
sphere {
	<26.402607, 26.785063, 31.835344> 0.100000
	pigment { color rgbt <1,0,0,0> }
	no_shadow
}
sphere {
	0, 1
	scale<0.080000,0.200000,0.300000>
	matrix <0.388839, -0.720238, -0.574510,
		-0.312856, 0.483302, -0.817643,
		0.866559, 0.497671, -0.037404,
		26.662575, 26.934364, 31.824123>
	pigment { color rgbt <0,1,1,0> }
	no_shadow
}
cylinder {
	<26.346605, 26.691364, 31.161201>,  <26.055983, 26.585995, 31.850306>, 0.130000
	pigment { color rgbt <1,0,0,0> }
	no_shadow
}

// nucleotide -1

// particle -1
sphere {
	<26.346605, 26.691364, 31.161201> 0.250000
	pigment { color rgbt <1,0,0,0> }
	no_shadow
}
cylinder {
	<26.640081, 26.654428, 31.430473>,  <26.816168, 26.632267, 31.592037>, 0.100000
	pigment { color rgbt <1,0,0,0> }
	no_shadow
}
cylinder {
	<26.640081, 26.654428, 31.430473>,  <26.346605, 26.691364, 31.161201>, 0.100000
	pigment { color rgbt <1,0,0,0> }
	no_shadow
}

// particle -1
sphere {
	<26.640081, 26.654428, 31.430473> 0.100000
	pigment { color rgbt <1,0,0,0> }
	no_shadow
}
sphere {
	0, 1
	scale<0.080000,0.200000,0.300000>
	matrix <0.398561, -0.743904, -0.536430,
		0.550316, 0.661876, -0.508992,
		0.733691, -0.092342, 0.673180,
		26.860189, 26.626726, 31.632427>
	pigment { color rgbt <0,1,1,0> }
	no_shadow
}
cylinder {
	<27.085936, 26.854969, 30.897196>,  <26.346605, 26.691364, 31.161201>, 0.130000
	pigment { color rgbt <1,0,0,0> }
	no_shadow
}

// nucleotide -1

// particle -1
sphere {
	<27.085936, 26.854969, 30.897196> 0.250000
	pigment { color rgbt <1,0,0,0> }
	no_shadow
}
cylinder {
	<27.041403, 26.578672, 31.182987>,  <27.014683, 26.412893, 31.354462>, 0.100000
	pigment { color rgbt <1,0,0,0> }
	no_shadow
}
cylinder {
	<27.041403, 26.578672, 31.182987>,  <27.085936, 26.854969, 30.897196>, 0.100000
	pigment { color rgbt <1,0,0,0> }
	no_shadow
}

// particle -1
sphere {
	<27.041403, 26.578672, 31.182987> 0.100000
	pigment { color rgbt <1,0,0,0> }
	no_shadow
}
sphere {
	0, 1
	scale<0.080000,0.200000,0.300000>
	matrix <0.287898, -0.710535, -0.642070,
		0.951167, 0.134213, 0.277970,
		-0.111333, -0.690743, 0.714478,
		27.008003, 26.371449, 31.397331>
	pigment { color rgbt <0,1,1,0> }
	no_shadow
}
cylinder {
	<27.688496, 26.386305, 31.105190>,  <27.085936, 26.854969, 30.897196>, 0.130000
	pigment { color rgbt <1,0,0,0> }
	no_shadow
}

// nucleotide -1

// particle -1
sphere {
	<27.688496, 26.386305, 31.105190> 0.250000
	pigment { color rgbt <1,0,0,0> }
	no_shadow
}
cylinder {
	<27.344055, 26.188982, 31.154430>,  <27.137390, 26.070589, 31.183975>, 0.100000
	pigment { color rgbt <1,0,0,0> }
	no_shadow
}
cylinder {
	<27.344055, 26.188982, 31.154430>,  <27.688496, 26.386305, 31.105190>, 0.100000
	pigment { color rgbt <1,0,0,0> }
	no_shadow
}

// particle -1
sphere {
	<27.344055, 26.188982, 31.154430> 0.100000
	pigment { color rgbt <1,0,0,0> }
	no_shadow
}
sphere {
	0, 1
	scale<0.080000,0.200000,0.300000>
	matrix <0.308517, -0.699416, -0.644697,
		0.404132, -0.517171, 0.754461,
		-0.861101, -0.493307, 0.123100,
		27.085726, 26.040991, 31.191360>
	pigment { color rgbt <0,1,1,0> }
	no_shadow
}
cylinder {
	<28.343704, 26.508057, 30.788965>,  <27.688496, 26.386305, 31.105190>, 0.130000
	pigment { color rgbt <1,0,0,0> }
	no_shadow
}

// nucleotide -1

// particle -1
sphere {
	<28.343704, 26.508057, 30.788965> 0.250000
	pigment { color rgbt <1,0,0,0> }
	no_shadow
}
cylinder {
	<28.585260, 26.813427, 30.697317>,  <28.730194, 26.996649, 30.642328>, 0.100000
	pigment { color rgbt <1,0,0,0> }
	no_shadow
}
cylinder {
	<28.585260, 26.813427, 30.697317>,  <28.343704, 26.508057, 30.788965>, 0.100000
	pigment { color rgbt <1,0,0,0> }
	no_shadow
}

// particle -1
sphere {
	<28.585260, 26.813427, 30.697317> 0.100000
	pigment { color rgbt <1,0,0,0> }
	no_shadow
}
sphere {
	0, 1
	scale<0.080000,0.200000,0.300000>
	matrix <-0.255941, 0.457956, 0.851335,
		0.754858, -0.455472, 0.471947,
		0.603890, 0.763428, -0.229118,
		28.766428, 27.042456, 30.628582>
	pigment { color rgbt <0,1,1,0> }
	no_shadow
}
cylinder {
	<28.884888, 26.591305, 31.351210>,  <28.343704, 26.508057, 30.788965>, 0.130000
	pigment { color rgbt <1,0,0,0> }
	no_shadow
}

// nucleotide -1

// particle -1
sphere {
	<28.884888, 26.591305, 31.351210> 0.250000
	pigment { color rgbt <1,0,0,0> }
	no_shadow
}
cylinder {
	<28.785637, 26.922909, 31.150740>,  <28.726086, 27.121870, 31.030458>, 0.100000
	pigment { color rgbt <1,0,0,0> }
	no_shadow
}
cylinder {
	<28.785637, 26.922909, 31.150740>,  <28.884888, 26.591305, 31.351210>, 0.100000
	pigment { color rgbt <1,0,0,0> }
	no_shadow
}

// particle -1
sphere {
	<28.785637, 26.922909, 31.150740> 0.100000
	pigment { color rgbt <1,0,0,0> }
	no_shadow
}
sphere {
	0, 1
	scale<0.080000,0.200000,0.300000>
	matrix <-0.155516, 0.476555, 0.865280,
		0.956163, 0.292642, 0.010676,
		-0.248129, 0.829009, -0.501175,
		28.711199, 27.171612, 31.000387>
	pigment { color rgbt <0,1,1,0> }
	no_shadow
}
cylinder {
	<29.589748, 26.740566, 31.151066>,  <28.884888, 26.591305, 31.351210>, 0.130000
	pigment { color rgbt <1,0,0,0> }
	no_shadow
}

// nucleotide -1

// particle -1
sphere {
	<29.589748, 26.740566, 31.151066> 0.250000
	pigment { color rgbt <1,0,0,0> }
	no_shadow
}
cylinder {
	<29.595758, 27.000118, 31.455362>,  <29.599365, 27.155849, 31.637939>, 0.100000
	pigment { color rgbt <1,0,0,0> }
	no_shadow
}
cylinder {
	<29.595758, 27.000118, 31.455362>,  <29.589748, 26.740566, 31.151066>, 0.100000
	pigment { color rgbt <1,0,0,0> }
	no_shadow
}

// particle -1
sphere {
	<29.595758, 27.000118, 31.455362> 0.100000
	pigment { color rgbt <1,0,0,0> }
	no_shadow
}
sphere {
	0, 1
	scale<0.080000,0.200000,0.300000>
	matrix <0.973458, -0.183267, 0.137090,
		0.228374, 0.738489, -0.634412,
		0.015027, 0.648881, 0.760741,
		29.600267, 27.194782, 31.683584>
	pigment { color rgbt <0,1,1,0> }
	no_shadow
}
cylinder {
	<30.124321, 27.266745, 31.092951>,  <29.589748, 26.740566, 31.151066>, 0.130000
	pigment { color rgbt <1,0,0,0> }
	no_shadow
}

// nucleotide -1

// particle -1
sphere {
	<30.124321, 27.266745, 31.092951> 0.250000
	pigment { color rgbt <1,0,0,0> }
	no_shadow
}
cylinder {
	<30.049780, 27.160639, 31.471350>,  <30.005056, 27.096975, 31.698389>, 0.100000
	pigment { color rgbt <1,0,0,0> }
	no_shadow
}
cylinder {
	<30.049780, 27.160639, 31.471350>,  <30.124321, 27.266745, 31.092951>, 0.100000
	pigment { color rgbt <1,0,0,0> }
	no_shadow
}

// particle -1
sphere {
	<30.049780, 27.160639, 31.471350> 0.100000
	pigment { color rgbt <1,0,0,0> }
	no_shadow
}
sphere {
	0, 1
	scale<0.080000,0.200000,0.300000>
	matrix <0.982155, -0.025402, 0.186351,
		-0.025402, 0.963841, 0.265264,
		-0.186351, -0.265264, 0.945996,
		29.993876, 27.081060, 31.755148>
	pigment { color rgbt <0,1,1,0> }
	no_shadow
}
cylinder {
	<30.416620, 26.489115, 31.309744>,  <30.124321, 27.266745, 31.092951>, 0.130000
	pigment { color rgbt <1,0,0,0> }
	no_shadow
}

// nucleotide -1

// particle -1
sphere {
	<30.416620, 26.489115, 31.309744> 0.250000
	pigment { color rgbt <1,0,0,0> }
	no_shadow
}
cylinder {
	<30.042048, 26.447157, 31.443663>,  <29.817303, 26.421982, 31.524014>, 0.100000
	pigment { color rgbt <1,0,0,0> }
	no_shadow
}
cylinder {
	<30.042048, 26.447157, 31.443663>,  <30.416620, 26.489115, 31.309744>, 0.100000
	pigment { color rgbt <1,0,0,0> }
	no_shadow
}

// particle -1
sphere {
	<30.042048, 26.447157, 31.443663> 0.100000
	pigment { color rgbt <1,0,0,0> }
	no_shadow
}
sphere {
	0, 1
	scale<0.080000,0.200000,0.300000>
	matrix <0.280997, -0.795623, 0.536680,
		0.210076, 0.596642, 0.774523,
		-0.936434, -0.104895, 0.334796,
		29.761118, 26.415688, 31.544102>
	pigment { color rgbt <0,1,1,0> }
	no_shadow
}
cylinder {
	<30.383587, 26.599682, 32.077030>,  <30.416620, 26.489115, 31.309744>, 0.130000
	pigment { color rgbt <1,0,0,0> }
	no_shadow
}

// nucleotide -1

// particle -1
sphere {
	<30.383587, 26.599682, 32.077030> 0.250000
	pigment { color rgbt <1,0,0,0> }
	no_shadow
}
cylinder {
	<30.094948, 26.351151, 31.954884>,  <29.921764, 26.202032, 31.881596>, 0.100000
	pigment { color rgbt <1,0,0,0> }
	no_shadow
}
cylinder {
	<30.094948, 26.351151, 31.954884>,  <30.383587, 26.599682, 32.077030>, 0.100000
	pigment { color rgbt <1,0,0,0> }
	no_shadow
}

// particle -1
sphere {
	<30.094948, 26.351151, 31.954884> 0.100000
	pigment { color rgbt <1,0,0,0> }
	no_shadow
}
sphere {
	0, 1
	scale<0.080000,0.200000,0.300000>
	matrix <0.270505, -0.659054, 0.701765,
		-0.637281, 0.423788, 0.643644,
		-0.721596, -0.621330, -0.305366,
		29.878469, 26.164751, 31.863274>
	pigment { color rgbt <0,1,1,0> }
	no_shadow
}
cylinder {
	<30.087769, 26.311621, 32.693848>,  <30.383587, 26.599682, 32.077030>, 0.130000
	pigment { color rgbt <1,0,0,0> }
	no_shadow
}

// nucleotide -1

// particle -1
sphere {
	<30.087769, 26.311621, 32.693848> 0.250000
	pigment { color rgbt <1,0,0,0> }
	no_shadow
}
cylinder {
	<30.005520, 26.043541, 32.408596>,  <29.956171, 25.882694, 32.237446>, 0.100000
	pigment { color rgbt <1,0,0,0> }
	no_shadow
}
cylinder {
	<30.005520, 26.043541, 32.408596>,  <30.087769, 26.311621, 32.693848>, 0.100000
	pigment { color rgbt <1,0,0,0> }
	no_shadow
}

// particle -1
sphere {
	<30.005520, 26.043541, 32.408596> 0.100000
	pigment { color rgbt <1,0,0,0> }
	no_shadow
}
sphere {
	0, 1
	scale<0.080000,0.200000,0.300000>
	matrix <0.464205, -0.708302, 0.531811,
		-0.861530, -0.221686, 0.456752,
		-0.205623, -0.670197, -0.713130,
		29.943832, 25.842482, 32.194656>
	pigment { color rgbt <0,1,1,0> }
	no_shadow
}
cylinder {
	<29.297827, 26.491682, 32.757607>,  <30.087769, 26.311621, 32.693848>, 0.130000
	pigment { color rgbt <1,0,0,0> }
	no_shadow
}

// nucleotide -1

// particle -1
sphere {
	<29.297827, 26.491682, 32.757607> 0.250000
	pigment { color rgbt <1,0,0,0> }
	no_shadow
}
cylinder {
	<28.977552, 26.502489, 32.996994>,  <28.785387, 26.508972, 33.140629>, 0.100000
	pigment { color rgbt <1,0,0,0> }
	no_shadow
}
cylinder {
	<28.977552, 26.502489, 32.996994>,  <29.297827, 26.491682, 32.757607>, 0.100000
	pigment { color rgbt <1,0,0,0> }
	no_shadow
}

// particle -1
sphere {
	<28.977552, 26.502489, 32.996994> 0.100000
	pigment { color rgbt <1,0,0,0> }
	no_shadow
}
sphere {
	0, 1
	scale<0.080000,0.200000,0.300000>
	matrix <-0.041552, 0.994072, -0.100466,
		-0.597640, -0.105310, -0.794819,
		-0.800687, 0.027016, 0.598473,
		28.737347, 26.510593, 33.176537>
	pigment { color rgbt <0,1,1,0> }
	no_shadow
}
cylinder {
	<28.774971, 26.822756, 32.379021>,  <29.297827, 26.491682, 32.757607>, 0.130000
	pigment { color rgbt <1,0,0,0> }
	no_shadow
}

// nucleotide -1

// particle -1
sphere {
	<28.774971, 26.822756, 32.379021> 0.250000
	pigment { color rgbt <1,0,0,0> }
	no_shadow
}
cylinder {
	<28.704235, 26.869446, 32.769939>,  <28.661795, 26.897461, 33.004490>, 0.100000
	pigment { color rgbt <1,0,0,0> }
	no_shadow
}
cylinder {
	<28.704235, 26.869446, 32.769939>,  <28.774971, 26.822756, 32.379021>, 0.100000
	pigment { color rgbt <1,0,0,0> }
	no_shadow
}

// particle -1
sphere {
	<28.704235, 26.869446, 32.769939> 0.100000
	pigment { color rgbt <1,0,0,0> }
	no_shadow
}
sphere {
	0, 1
	scale<0.080000,0.200000,0.300000>
	matrix <0.042265, 0.992927, -0.110947,
		-0.983332, 0.021686, -0.180521,
		-0.176838, 0.116727, 0.977294,
		28.651184, 26.904465, 33.063129>
	pigment { color rgbt <0,1,1,0> }
	no_shadow
}
cylinder {
	<28.224316, 27.224707, 32.405003>,  <28.774971, 26.822756, 32.379021>, 0.130000
	pigment { color rgbt <1,0,0,0> }
	no_shadow
}

// nucleotide -1

// particle -1
sphere {
	<28.224316, 27.224707, 32.405003> 0.250000
	pigment { color rgbt <1,0,0,0> }
	no_shadow
}
cylinder {
	<28.390249, 27.271585, 32.765930>,  <28.489809, 27.299713, 32.982487>, 0.100000
	pigment { color rgbt <1,0,0,0> }
	no_shadow
}
cylinder {
	<28.390249, 27.271585, 32.765930>,  <28.224316, 27.224707, 32.405003>, 0.100000
	pigment { color rgbt <1,0,0,0> }
	no_shadow
}

// particle -1
sphere {
	<28.390249, 27.271585, 32.765930> 0.100000
	pigment { color rgbt <1,0,0,0> }
	no_shadow
}
sphere {
	0, 1
	scale<0.080000,0.200000,0.300000>
	matrix <0.015271, 0.990634, -0.135688,
		-0.909768, 0.070067, 0.409160,
		0.414835, 0.117197, 0.902317,
		28.514700, 27.306744, 33.036625>
	pigment { color rgbt <0,1,1,0> }
	no_shadow
}
cylinder {
	<27.832764, 27.880585, 32.788006>,  <28.224316, 27.224707, 32.405003>, 0.130000
	pigment { color rgbt <1,0,0,0> }
	no_shadow
}

// nucleotide -1

// particle -1
sphere {
	<27.832764, 27.880585, 32.788006> 0.250000
	pigment { color rgbt <1,0,0,0> }
	no_shadow
}
cylinder {
	<28.180553, 27.824789, 32.977554>,  <28.389227, 27.791311, 33.091282>, 0.100000
	pigment { color rgbt <1,0,0,0> }
	no_shadow
}
cylinder {
	<28.180553, 27.824789, 32.977554>,  <27.832764, 27.880585, 32.788006>, 0.100000
	pigment { color rgbt <1,0,0,0> }
	no_shadow
}

// particle -1
sphere {
	<28.180553, 27.824789, 32.977554> 0.100000
	pigment { color rgbt <1,0,0,0> }
	no_shadow
}
sphere {
	0, 1
	scale<0.080000,0.200000,0.300000>
	matrix <0.104562, 0.989536, 0.099426,
		-0.482782, -0.036899, 0.874963,
		0.869476, -0.139489, 0.473871,
		28.441397, 27.782942, 33.119717>
	pigment { color rgbt <0,1,1,0> }
	no_shadow
}
cylinder {
	<27.811861, 28.331709, 33.302200>,  <27.832764, 27.880585, 32.788006>, 0.130000
	pigment { color rgbt <1,0,0,0> }
	no_shadow
}

// nucleotide -1

// particle -1
sphere {
	<27.811861, 28.331709, 33.302200> 0.250000
	pigment { color rgbt <1,0,0,0> }
	no_shadow
}
cylinder {
	<28.201670, 28.252346, 33.260349>,  <28.435555, 28.204729, 33.235241>, 0.100000
	pigment { color rgbt <1,0,0,0> }
	no_shadow
}
cylinder {
	<28.201670, 28.252346, 33.260349>,  <27.811861, 28.331709, 33.302200>, 0.100000
	pigment { color rgbt <1,0,0,0> }
	no_shadow
}

// particle -1
sphere {
	<28.201670, 28.252346, 33.260349> 0.100000
	pigment { color rgbt <1,0,0,0> }
	no_shadow
}
sphere {
	0, 1
	scale<0.080000,0.200000,0.300000>
	matrix <0.208921, 0.972654, 0.101468,
		0.081632, -0.120741, 0.989322,
		0.974519, -0.198407, -0.104625,
		28.494026, 28.192823, 33.228962>
	pigment { color rgbt <0,1,1,0> }
	no_shadow
}
cylinder {
	<28.057251, 28.871326, 33.744442>,  <27.811861, 28.331709, 33.302200>, 0.130000
	pigment { color rgbt <1,0,0,0> }
	no_shadow
}

// nucleotide -1

// particle -1
sphere {
	<28.057251, 28.871326, 33.744442> 0.250000
	pigment { color rgbt <1,0,0,0> }
	no_shadow
}
cylinder {
	<28.377195, 28.755293, 33.534271>,  <28.569162, 28.685673, 33.408169>, 0.100000
	pigment { color rgbt <1,0,0,0> }
	no_shadow
}
cylinder {
	<28.377195, 28.755293, 33.534271>,  <28.057251, 28.871326, 33.744442>, 0.100000
	pigment { color rgbt <1,0,0,0> }
	no_shadow
}

// particle -1
sphere {
	<28.377195, 28.755293, 33.534271> 0.100000
	pigment { color rgbt <1,0,0,0> }
	no_shadow
}
sphere {
	0, 1
	scale<0.080000,0.200000,0.300000>
	matrix <0.349655, 0.936757, 0.015105,
		0.487819, -0.195801, 0.850703,
		0.799859, -0.290084, -0.525430,
		28.617153, 28.668268, 33.376640>
	pigment { color rgbt <0,1,1,0> }
	no_shadow
}
cylinder {
	<28.704077, 29.045572, 34.156662>,  <28.057251, 28.871326, 33.744442>, 0.130000
	pigment { color rgbt <1,0,0,0> }
	no_shadow
}

// nucleotide -1

// particle -1
sphere {
	<28.704077, 29.045572, 34.156662> 0.250000
	pigment { color rgbt <1,0,0,0> }
	no_shadow
}
cylinder {
	<28.782225, 29.019913, 33.765209>,  <28.829113, 29.004517, 33.530338>, 0.100000
	pigment { color rgbt <1,0,0,0> }
	no_shadow
}
cylinder {
	<28.782225, 29.019913, 33.765209>,  <28.704077, 29.045572, 34.156662>, 0.100000
	pigment { color rgbt <1,0,0,0> }
	no_shadow
}

// particle -1
sphere {
	<28.782225, 29.019913, 33.765209> 0.100000
	pigment { color rgbt <1,0,0,0> }
	no_shadow
}
sphere {
	0, 1
	scale<0.080000,0.200000,0.300000>
	matrix <0.362292, 0.931997, 0.011235,
		0.911358, -0.356745, 0.205326,
		0.195371, -0.064149, -0.978629,
		28.840836, 29.000668, 33.471619>
	pigment { color rgbt <0,1,1,0> }
	no_shadow
}
cylinder {
	<29.384768, 29.386560, 34.140175>,  <28.704077, 29.045572, 34.156662>, 0.130000
	pigment { color rgbt <1,0,0,0> }
	no_shadow
}

// nucleotide -1

// particle -1
sphere {
	<29.384768, 29.386560, 34.140175> 0.250000
	pigment { color rgbt <1,0,0,0> }
	no_shadow
}
cylinder {
	<29.288050, 29.380062, 33.752098>,  <29.230019, 29.376163, 33.519253>, 0.100000
	pigment { color rgbt <1,0,0,0> }
	no_shadow
}
cylinder {
	<29.288050, 29.380062, 33.752098>,  <29.384768, 29.386560, 34.140175>, 0.100000
	pigment { color rgbt <1,0,0,0> }
	no_shadow
}

// particle -1
sphere {
	<29.288050, 29.380062, 33.752098> 0.100000
	pigment { color rgbt <1,0,0,0> }
	no_shadow
}
sphere {
	0, 1
	scale<0.080000,0.200000,0.300000>
	matrix <0.379064, 0.918826, -0.109859,
