// switches for output
#declare DRAW_BASES = 1; // possible values are 0, 1; only relevant for DNA ribbons
#declare DRAW_BASES_TYPE = 3; // possible values are 1, 2, 3; only relevant for DNA ribbons
#declare DRAW_FOG = 0; // set to 1 to enable fog

#include "colors.inc"

#include "transforms.inc"
background { rgb <1, 1, 1>}

#default {
   normal{
       ripples 0.25
       frequency 0.20
       turbulence 0.2
       lambda 5
   }
	finish {
		phong 0.1
		phong_size 40.
	}
}

// original window dimensions: 1024x640


// camera settings

camera {
	sky <0, 0.179814, -0.983701>
	up <0, 0.179814, -0.983701>
	right 1.6 * <1, 0, 0>
	location <35, 94.9851, 44.8844>
	look_at <35, 29.7336, 32.9568>
	direction <0, -65.2515, -11.9276>
	angle 67.0682
}


# declare cpy_camera_pos = <35, 94.9851, 44.8844>;
# if (DRAW_FOG = 1)
fog {
	fog_type 2
	up vnormalize(cpy_camera_pos)
	color rgbt<1,1,1,0.3>
	distance 1e-5
	fog_alt 3e-3
	fog_offset 56
}
# end


// LIGHTS

# declare lum = 6;
global_settings {
	ambient_light rgb lum * <0.05, 0.05, 0.05>
	max_trace_level 15
}# declare cpy_direct_light_amount = 0.25;
light_source
{	1000 * <-1, -1.16352, -0.803886>,
	rgb lum * cpy_direct_light_amount
	parallel
}

light_source
{	1000 * <1, 1.16352, 0.803886>,
	rgb lum * cpy_direct_light_amount
	parallel
}

// strand 0

// nucleotide -1

// particle -1
sphere {
	<24.563467, 34.999416, 34.717453> 0.250000
	pigment { color rgbt <1,0,0,0> }
	no_shadow
}
cylinder {
	<24.301554, 35.037193, 35.017410>,  <24.144405, 35.059860, 35.197384>, 0.100000
	pigment { color rgbt <1,0,0,0> }
	no_shadow
}
cylinder {
	<24.301554, 35.037193, 35.017410>,  <24.563467, 34.999416, 34.717453>, 0.100000
	pigment { color rgbt <1,0,0,0> }
	no_shadow
}

// particle -1
sphere {
	<24.301554, 35.037193, 35.017410> 0.100000
	pigment { color rgbt <1,0,0,0> }
	no_shadow
}
sphere {
	0, 1
	scale<0.080000,0.200000,0.300000>
	matrix <0.340182, -0.849163, 0.403978,
		0.674935, 0.519618, 0.523890,
		-0.654782, 0.094441, 0.749894,
		24.105120, 35.065525, 35.242378>
	pigment { color rgbt <0,1,1,0> }
	no_shadow
}
cylinder {
	<24.901199, 35.199013, 35.322674>,  <24.563467, 34.999416, 34.717453>, 0.130000
	pigment { color rgbt <1,0,0,0> }
	no_shadow
}

// nucleotide -1

// particle -1
sphere {
	<24.901199, 35.199013, 35.322674> 0.250000
	pigment { color rgbt <1,0,0,0> }
	no_shadow
}
cylinder {
	<24.566933, 34.984261, 35.369022>,  <24.366373, 34.855412, 35.396832>, 0.100000
	pigment { color rgbt <1,0,0,0> }
	no_shadow
}
cylinder {
	<24.566933, 34.984261, 35.369022>,  <24.901199, 35.199013, 35.322674>, 0.100000
	pigment { color rgbt <1,0,0,0> }
	no_shadow
}

// particle -1
sphere {
	<24.566933, 34.984261, 35.369022> 0.100000
	pigment { color rgbt <1,0,0,0> }
	no_shadow
}
sphere {
	0, 1
	scale<0.080000,0.200000,0.300000>
	matrix <0.543372, -0.777380, 0.316902,
		-0.080061, 0.327785, 0.941354,
		-0.835666, -0.536877, 0.115872,
		24.316233, 34.823196, 35.403786>
	pigment { color rgbt <0,1,1,0> }
	no_shadow
}
cylinder {
	<24.922407, 34.899025, 35.940670>,  <24.901199, 35.199013, 35.322674>, 0.130000
	pigment { color rgbt <1,0,0,0> }
	no_shadow
}

// nucleotide -1

// particle -1
sphere {
	<24.922407, 34.899025, 35.940670> 0.250000
	pigment { color rgbt <1,0,0,0> }
	no_shadow
}
cylinder {
	<24.673935, 34.659443, 35.738529>,  <24.524851, 34.515694, 35.617245>, 0.100000
	pigment { color rgbt <1,0,0,0> }
	no_shadow
}
cylinder {
	<24.673935, 34.659443, 35.738529>,  <24.922407, 34.899025, 35.940670>, 0.100000
	pigment { color rgbt <1,0,0,0> }
	no_shadow
}

// particle -1
sphere {
	<24.673935, 34.659443, 35.738529> 0.100000
	pigment { color rgbt <1,0,0,0> }
	no_shadow
}
sphere {
	0, 1
	scale<0.080000,0.200000,0.300000>
	matrix <0.369541, -0.792540, 0.485097,
		-0.691067, 0.114583, 0.713650,
		-0.621181, -0.598958, -0.505356,
		24.487581, 34.479755, 35.586922>
	pigment { color rgbt <0,1,1,0> }
	no_shadow
}
cylinder {
	<24.594980, 34.485550, 36.388710>,  <24.922407, 34.899025, 35.940670>, 0.130000
	pigment { color rgbt <1,0,0,0> }
	no_shadow
}

// nucleotide -1

// particle -1
sphere {
	<24.594980, 34.485550, 36.388710> 0.250000
	pigment { color rgbt <1,0,0,0> }
	no_shadow
}
cylinder {
	<24.623144, 34.281281, 36.045956>,  <24.640041, 34.158718, 35.840302>, 0.100000
	pigment { color rgbt <1,0,0,0> }
	no_shadow
}
cylinder {
	<24.623144, 34.281281, 36.045956>,  <24.594980, 34.485550, 36.388710>, 0.100000
	pigment { color rgbt <1,0,0,0> }
	no_shadow
}

// particle -1
sphere {
	<24.623144, 34.281281, 36.045956> 0.100000
	pigment { color rgbt <1,0,0,0> }
	no_shadow
}
sphere {
	0, 1
	scale<0.080000,0.200000,0.300000>
	matrix <0.187195, -0.836993, 0.514200,
		-0.979796, -0.196608, 0.036665,
		0.070407, -0.510675, -0.856886,
		24.644266, 34.128078, 35.788891>
	pigment { color rgbt <0,1,1,0> }
	no_shadow
}
cylinder {
	<25.241602, 34.076569, 36.280338>,  <24.594980, 34.485550, 36.388710>, 0.130000
	pigment { color rgbt <1,0,0,0> }
	no_shadow
}

// nucleotide -1

// particle -1
sphere {
	<25.241602, 34.076569, 36.280338> 0.250000
	pigment { color rgbt <1,0,0,0> }
	no_shadow
}
cylinder {
	<25.638180, 34.037949, 36.315483>,  <25.876125, 34.014778, 36.336571>, 0.100000
	pigment { color rgbt <1,0,0,0> }
	no_shadow
}
cylinder {
	<25.638180, 34.037949, 36.315483>,  <25.241602, 34.076569, 36.280338>, 0.100000
	pigment { color rgbt <1,0,0,0> }
	no_shadow
}

// particle -1
sphere {
	<25.638180, 34.037949, 36.315483> 0.100000
	pigment { color rgbt <1,0,0,0> }
	no_shadow
}
sphere {
	0, 1
	scale<0.080000,0.200000,0.300000>
	matrix <0.048180, 0.896161, 0.441105,
		-0.121323, -0.433097, 0.893145,
		0.991443, -0.096548, 0.087858,
		25.935614, 34.008984, 36.341839>
	pigment { color rgbt <0,1,1,0> }
	no_shadow
}
cylinder {
	<25.345181, 34.256348, 36.951378>,  <25.241602, 34.076569, 36.280338>, 0.130000
	pigment { color rgbt <1,0,0,0> }
	no_shadow
}

// nucleotide -1

// particle -1
sphere {
	<25.345181, 34.256348, 36.951378> 0.250000
	pigment { color rgbt <1,0,0,0> }
	no_shadow
}
cylinder {
	<25.714243, 34.314785, 36.808628>,  <25.935680, 34.349846, 36.722977>, 0.100000
	pigment { color rgbt <1,0,0,0> }
	no_shadow
}
cylinder {
	<25.714243, 34.314785, 36.808628>,  <25.345181, 34.256348, 36.951378>, 0.100000
	pigment { color rgbt <1,0,0,0> }
	no_shadow
}

// particle -1
sphere {
	<25.714243, 34.314785, 36.808628> 0.100000
	pigment { color rgbt <1,0,0,0> }
	no_shadow
}
sphere {
	0, 1
	scale<0.080000,0.200000,0.300000>
	matrix <0.127013, 0.758685, 0.638956,
		0.364103, -0.634866, 0.681451,
		0.922657, 0.146092, -0.356876,
		25.991039, 34.358612, 36.701565>
	pigment { color rgbt <0,1,1,0> }
	no_shadow
}
cylinder {
	<25.868946, 34.304825, 37.560848>,  <25.345181, 34.256348, 36.951378>, 0.130000
	pigment { color rgbt <1,0,0,0> }
	no_shadow
}

// nucleotide -1

// particle -1
sphere {
	<25.868946, 34.304825, 37.560848> 0.250000
	pigment { color rgbt <1,0,0,0> }
	no_shadow
}
cylinder {
	<26.023142, 34.490887, 37.242096>,  <26.115660, 34.602524, 37.050842>, 0.100000
	pigment { color rgbt <1,0,0,0> }
	no_shadow
}
cylinder {
	<26.023142, 34.490887, 37.242096>,  <25.868946, 34.304825, 37.560848>, 0.100000
	pigment { color rgbt <1,0,0,0> }
	no_shadow
}

// particle -1
sphere {
	<26.023142, 34.490887, 37.242096> 0.100000
	pigment { color rgbt <1,0,0,0> }
	no_shadow
}
sphere {
	0, 1
	scale<0.080000,0.200000,0.300000>
	matrix <0.192374, 0.804138, 0.562454,
		0.902435, -0.370121, 0.220504,
		0.385491, 0.465159, -0.796884,
		26.138790, 34.630436, 37.003033>
	pigment { color rgbt <0,1,1,0> }
	no_shadow
}
cylinder {
	<26.414433, 34.650352, 37.774521>,  <25.868946, 34.304825, 37.560848>, 0.130000
	pigment { color rgbt <1,0,0,0> }
	no_shadow
}

// nucleotide -1

// particle -1
sphere {
	<26.414433, 34.650352, 37.774521> 0.250000
	pigment { color rgbt <1,0,0,0> }
	no_shadow
}
cylinder {
	<26.351805, 34.829746, 37.422535>,  <26.314228, 34.937382, 37.211342>, 0.100000
	pigment { color rgbt <1,0,0,0> }
	no_shadow
}
cylinder {
	<26.351805, 34.829746, 37.422535>,  <26.414433, 34.650352, 37.774521>, 0.100000
	pigment { color rgbt <1,0,0,0> }
	no_shadow
}

// particle -1
sphere {
	<26.351805, 34.829746, 37.422535> 0.100000
	pigment { color rgbt <1,0,0,0> }
	no_shadow
}
sphere {
	0, 1
	scale<0.080000,0.200000,0.300000>
	matrix <0.223209, 0.883975, 0.410812,
		0.962114, -0.132095, -0.238512,
		-0.156572, 0.448486, -0.879969,
		26.304832, 34.964291, 37.158543>
	pigment { color rgbt <0,1,1,0> }
	no_shadow
}
cylinder {
	<26.930199, 35.159351, 37.702354>,  <26.414433, 34.650352, 37.774521>, 0.130000
	pigment { color rgbt <1,0,0,0> }
	no_shadow
}

// nucleotide -1

// particle -1
sphere {
	<26.930199, 35.159351, 37.702354> 0.250000
	pigment { color rgbt <1,0,0,0> }
	no_shadow
}
cylinder {
	<26.675936, 35.303528, 37.429291>,  <26.523378, 35.390034, 37.265453>, 0.100000
	pigment { color rgbt <1,0,0,0> }
	no_shadow
}
cylinder {
	<26.675936, 35.303528, 37.429291>,  <26.930199, 35.159351, 37.702354>, 0.100000
	pigment { color rgbt <1,0,0,0> }
	no_shadow
}

// particle -1
sphere {
	<26.675936, 35.303528, 37.429291> 0.100000
	pigment { color rgbt <1,0,0,0> }
	no_shadow
}
sphere {
	0, 1
	scale<0.080000,0.200000,0.300000>
	matrix <0.087176, 0.912166, 0.400441,
		0.767034, 0.195032, -0.611246,
		-0.635657, 0.360438, -0.682660,
		26.485239, 35.411659, 37.224491>
	pigment { color rgbt <0,1,1,0> }
	no_shadow
}
cylinder {
	<27.255795, 35.688126, 37.456535>,  <26.930199, 35.159351, 37.702354>, 0.130000
	pigment { color rgbt <1,0,0,0> }
	no_shadow
}

// nucleotide -1

// particle -1
sphere {
	<27.255795, 35.688126, 37.456535> 0.250000
	pigment { color rgbt <1,0,0,0> }
	no_shadow
}
cylinder {
	<26.875011, 35.743610, 37.347328>,  <26.646542, 35.776901, 37.281803>, 0.100000
	pigment { color rgbt <1,0,0,0> }
	no_shadow
}
cylinder {
	<26.875011, 35.743610, 37.347328>,  <27.255795, 35.688126, 37.456535>, 0.100000
	pigment { color rgbt <1,0,0,0> }
	no_shadow
}

// particle -1
sphere {
	<26.875011, 35.743610, 37.347328> 0.100000
	pigment { color rgbt <1,0,0,0> }
	no_shadow
}
sphere {
	0, 1
	scale<0.080000,0.200000,0.300000>
	matrix <0.092452, 0.980110, 0.175602,
		0.291942, 0.141925, -0.945847,
		-0.951957, 0.138711, -0.273014,
		26.589424, 35.785225, 37.265423>
	pigment { color rgbt <0,1,1,0> }
	no_shadow
}
cylinder {
	<27.296179, 36.386509, 37.017647>,  <27.255795, 35.688126, 37.456535>, 0.130000
	pigment { color rgbt <1,0,0,0> }
	no_shadow
}

// nucleotide -1

// particle -1
sphere {
	<27.296179, 36.386509, 37.017647> 0.250000
	pigment { color rgbt <1,0,0,0> }
	no_shadow
}
cylinder {
	<26.922894, 36.334206, 37.151520>,  <26.698923, 36.302826, 37.231846>, 0.100000
	pigment { color rgbt <1,0,0,0> }
	no_shadow
}
cylinder {
	<26.922894, 36.334206, 37.151520>,  <27.296179, 36.386509, 37.017647>, 0.100000
	pigment { color rgbt <1,0,0,0> }
	no_shadow
}

// particle -1
sphere {
	<26.922894, 36.334206, 37.151520> 0.100000
	pigment { color rgbt <1,0,0,0> }
	no_shadow
}
sphere {
	0, 1
	scale<0.080000,0.200000,0.300000>
	matrix <0.010250, 0.921373, 0.388545,
		-0.359175, 0.366026, -0.858498,
		-0.933214, -0.130756, 0.334686,
		26.642929, 36.294979, 37.251926>
	pigment { color rgbt <0,1,1,0> }
	no_shadow
}
cylinder {
	<27.067005, 37.025208, 37.093647>,  <27.296179, 36.386509, 37.017647>, 0.130000
	pigment { color rgbt <1,0,0,0> }
	no_shadow
}

// nucleotide -1

// particle -1
sphere {
	<27.067005, 37.025208, 37.093647> 0.250000
	pigment { color rgbt <1,0,0,0> }
	no_shadow
}
cylinder {
	<26.775183, 36.842964, 37.297672>,  <26.600088, 36.733620, 37.420090>, 0.100000
	pigment { color rgbt <1,0,0,0> }
	no_shadow
}
cylinder {
	<26.775183, 36.842964, 37.297672>,  <27.067005, 37.025208, 37.093647>, 0.100000
	pigment { color rgbt <1,0,0,0> }
	no_shadow
}

// particle -1
sphere {
	<26.775183, 36.842964, 37.297672> 0.100000
	pigment { color rgbt <1,0,0,0> }
	no_shadow
}
sphere {
	0, 1
	scale<0.080000,0.200000,0.300000>
	matrix <-0.207500, 0.858100, 0.469690,
		-0.651682, 0.236827, -0.720572,
		-0.729558, -0.455607, 0.510066,
		26.556314, 36.706284, 37.450691>
	pigment { color rgbt <0,1,1,0> }
	no_shadow
}
cylinder {
	<26.425838, 37.428501, 36.959713>,  <27.067005, 37.025208, 37.093647>, 0.130000
	pigment { color rgbt <1,0,0,0> }
	no_shadow
}

// nucleotide -1

// particle -1
sphere {
	<26.425838, 37.428501, 36.959713> 0.250000
	pigment { color rgbt <1,0,0,0> }
	no_shadow
}
cylinder {
	<26.402960, 37.214153, 37.296658>,  <26.389233, 37.085545, 37.498825>, 0.100000
	pigment { color rgbt <1,0,0,0> }
	no_shadow
}
cylinder {
	<26.402960, 37.214153, 37.296658>,  <26.425838, 37.428501, 36.959713>, 0.100000
	pigment { color rgbt <1,0,0,0> }
	no_shadow
}

// particle -1
sphere {
	<26.402960, 37.214153, 37.296658> 0.100000
	pigment { color rgbt <1,0,0,0> }
	no_shadow
}
sphere {
	0, 1
	scale<0.080000,0.200000,0.300000>
	matrix <-0.414136, 0.780461, 0.468372,
		-0.908416, -0.322062, -0.266564,
		-0.057198, -0.535870, 0.842360,
		26.385799, 37.053391, 37.549366>
	pigment { color rgbt <0,1,1,0> }
	no_shadow
}
cylinder {
	<25.805140, 37.722366, 37.294937>,  <26.425838, 37.428501, 36.959713>, 0.130000
	pigment { color rgbt <1,0,0,0> }
	no_shadow
}

// nucleotide -1

// particle -1
sphere {
	<25.805140, 37.722366, 37.294937> 0.250000
	pigment { color rgbt <1,0,0,0> }
	no_shadow
}
cylinder {
	<26.021400, 37.547367, 37.582352>,  <26.151157, 37.442368, 37.754799>, 0.100000
	pigment { color rgbt <1,0,0,0> }
	no_shadow
}
cylinder {
	<26.021400, 37.547367, 37.582352>,  <25.805140, 37.722366, 37.294937>, 0.100000
	pigment { color rgbt <1,0,0,0> }
	no_shadow
}

// particle -1
sphere {
	<26.021400, 37.547367, 37.582352> 0.100000
	pigment { color rgbt <1,0,0,0> }
	no_shadow
}
sphere {
	0, 1
	scale<0.080000,0.200000,0.300000>
	matrix <-0.254042, 0.729346, 0.635230,
		-0.801971, -0.525976, 0.283180,
		0.540652, -0.437496, 0.718535,
		26.183596, 37.416119, 37.797913>
	pigment { color rgbt <0,1,1,0> }
	no_shadow
}
cylinder {
	<25.377968, 37.498043, 37.807774>,  <25.805140, 37.722366, 37.294937>, 0.130000
	pigment { color rgbt <1,0,0,0> }
	no_shadow
}

// nucleotide -1

// particle -1
sphere {
	<25.377968, 37.498043, 37.807774> 0.250000
	pigment { color rgbt <1,0,0,0> }
	no_shadow
}
cylinder {
	<25.736986, 37.554920, 37.974720>,  <25.952396, 37.589046, 38.074886>, 0.100000
	pigment { color rgbt <1,0,0,0> }
	no_shadow
}
cylinder {
	<25.736986, 37.554920, 37.974720>,  <25.377968, 37.498043, 37.807774>, 0.100000
	pigment { color rgbt <1,0,0,0> }
	no_shadow
}

// particle -1
sphere {
	<25.736986, 37.554920, 37.974720> 0.100000
	pigment { color rgbt <1,0,0,0> }
	no_shadow
}
sphere {
	0, 1
	scale<0.080000,0.200000,0.300000>
	matrix <-0.426452, 0.520478, 0.739758,
		-0.112039, -0.841952, 0.527792,
		0.897544, 0.142196, 0.417365,
		26.006250, 37.597580, 38.099930>
	pigment { color rgbt <0,1,1,0> }
	no_shadow
}
cylinder {
	<25.185757, 37.600636, 38.487591>,  <25.377968, 37.498043, 37.807774>, 0.130000
	pigment { color rgbt <1,0,0,0> }
	no_shadow
}

// nucleotide -1

// particle -1
sphere {
	<25.185757, 37.600636, 38.487591> 0.250000
	pigment { color rgbt <1,0,0,0> }
	no_shadow
}
cylinder {
	<25.570959, 37.708305, 38.492687>,  <25.802080, 37.772907, 38.495747>, 0.100000
	pigment { color rgbt <1,0,0,0> }
	no_shadow
}
cylinder {
	<25.570959, 37.708305, 38.492687>,  <25.185757, 37.600636, 38.487591>, 0.100000
	pigment { color rgbt <1,0,0,0> }
	no_shadow
}

// particle -1
sphere {
	<25.570959, 37.708305, 38.492687> 0.100000
	pigment { color rgbt <1,0,0,0> }
	no_shadow
}
sphere {
	0, 1
	scale<0.080000,0.200000,0.300000>
	matrix <-0.170943, 0.573641, 0.801071,
		0.208320, -0.773615, 0.598434,
		0.963006, 0.269177, 0.012743,
		25.859861, 37.789059, 38.496510>
	pigment { color rgbt <0,1,1,0> }
	no_shadow
}
cylinder {
	<25.367550, 37.495277, 39.194393>,  <25.185757, 37.600636, 38.487591>, 0.130000
	pigment { color rgbt <1,0,0,0> }
	no_shadow
}

// nucleotide -1

// particle -1
sphere {
	<25.367550, 37.495277, 39.194393> 0.250000
	pigment { color rgbt <1,0,0,0> }
	no_shadow
}
cylinder {
	<25.620201, 37.739891, 39.003784>,  <25.771791, 37.886658, 38.889420>, 0.100000
	pigment { color rgbt <1,0,0,0> }
	no_shadow
}
cylinder {
	<25.620201, 37.739891, 39.003784>,  <25.367550, 37.495277, 39.194393>, 0.100000
	pigment { color rgbt <1,0,0,0> }
	no_shadow
}

// particle -1
sphere {
	<25.620201, 37.739891, 39.003784> 0.100000
	pigment { color rgbt <1,0,0,0> }
	no_shadow
}
sphere {
	0, 1
	scale<0.080000,0.200000,0.300000>
	matrix <-0.199929, 0.722344, 0.662003,
		0.749048, -0.322870, 0.578517,
		0.631629, 0.611534, -0.476520,
		25.809690, 37.923351, 38.860828>
	pigment { color rgbt <0,1,1,0> }
	no_shadow
}
cylinder {
	<25.635479, 37.834980, 39.715332>,  <25.367550, 37.495277, 39.194393>, 0.130000
	pigment { color rgbt <1,0,0,0> }
	no_shadow
}

// nucleotide -1

// particle -1
sphere {
	<25.635479, 37.834980, 39.715332> 0.250000
	pigment { color rgbt <1,0,0,0> }
	no_shadow
}
cylinder {
	<25.701160, 38.068214, 39.397076>,  <25.740570, 38.208157, 39.206123>, 0.100000
	pigment { color rgbt <1,0,0,0> }
	no_shadow
}
cylinder {
	<25.701160, 38.068214, 39.397076>,  <25.635479, 37.834980, 39.715332>, 0.100000
	pigment { color rgbt <1,0,0,0> }
	no_shadow
}

// particle -1
sphere {
	<25.701160, 38.068214, 39.397076> 0.100000
	pigment { color rgbt <1,0,0,0> }
	no_shadow
}
sphere {
	0, 1
	scale<0.080000,0.200000,0.300000>
	matrix <-0.326571, 0.793237, 0.513932,
		0.930800, 0.175444, 0.320672,
		0.164203, 0.583090, -0.795640,
		25.750422, 38.243141, 39.158382>
	pigment { color rgbt <0,1,1,0> }
	no_shadow
}
cylinder {
	<26.010895, 38.368050, 40.076363>,  <25.635479, 37.834980, 39.715332>, 0.130000
	pigment { color rgbt <1,0,0,0> }
	no_shadow
}

// nucleotide -1

// particle -1
sphere {
	<26.010895, 38.368050, 40.076363> 0.250000
	pigment { color rgbt <1,0,0,0> }
	no_shadow
}
cylinder {
	<25.876934, 38.523083, 39.732822>,  <25.796558, 38.616100, 39.526699>, 0.100000
	pigment { color rgbt <1,0,0,0> }
	no_shadow
}
cylinder {
	<25.876934, 38.523083, 39.732822>,  <26.010895, 38.368050, 40.076363>, 0.100000
	pigment { color rgbt <1,0,0,0> }
	no_shadow
}

// particle -1
sphere {
	<25.876934, 38.523083, 39.732822> 0.100000
	pigment { color rgbt <1,0,0,0> }
	no_shadow
}
sphere {
	0, 1
	scale<0.080000,0.200000,0.300000>
	matrix <-0.078802, 0.896771, 0.435422,
		0.938952, 0.213502, -0.269787,
		-0.334901, 0.387580, -0.858850,
		25.776464, 38.639359, 39.475166>
	pigment { color rgbt <0,1,1,0> }
	no_shadow
}
cylinder {
	<26.356857, 39.079708, 39.979782>,  <26.010895, 38.368050, 40.076363>, 0.130000
	pigment { color rgbt <1,0,0,0> }
	no_shadow
}

// nucleotide -1

// particle -1
sphere {
	<26.356857, 39.079708, 39.979782> 0.250000
	pigment { color rgbt <1,0,0,0> }
	no_shadow
}
cylinder {
	<26.053028, 39.075508, 39.719646>,  <25.870731, 39.072987, 39.563564>, 0.100000
	pigment { color rgbt <1,0,0,0> }
	no_shadow
}
cylinder {
	<26.053028, 39.075508, 39.719646>,  <26.356857, 39.079708, 39.979782>, 0.100000
	pigment { color rgbt <1,0,0,0> }
	no_shadow
}

// particle -1
sphere {
	<26.053028, 39.075508, 39.719646> 0.100000
	pigment { color rgbt <1,0,0,0> }
	no_shadow
}
sphere {
	0, 1
	scale<0.080000,0.200000,0.300000>
	matrix <-0.223634, 0.943127, 0.245966,
		0.610768, 0.332266, -0.718723,
		-0.759573, -0.010503, -0.650337,
		25.825157, 39.072357, 39.524544>
	pigment { color rgbt <0,1,1,0> }
	no_shadow
}
cylinder {
	<26.466150, 39.677044, 39.559879>,  <26.356857, 39.079708, 39.979782>, 0.130000
	pigment { color rgbt <1,0,0,0> }
	no_shadow
}

// nucleotide -1

// particle -1
sphere {
	<26.466150, 39.677044, 39.559879> 0.250000
	pigment { color rgbt <1,0,0,0> }
	no_shadow
}
cylinder {
	<26.079319, 39.576302, 39.574459>,  <25.847219, 39.515854, 39.583206>, 0.100000
	pigment { color rgbt <1,0,0,0> }
	no_shadow
}
cylinder {
	<26.079319, 39.576302, 39.574459>,  <26.466150, 39.677044, 39.559879>, 0.100000
	pigment { color rgbt <1,0,0,0> }
	no_shadow
}

// particle -1
sphere {
	<26.079319, 39.576302, 39.574459> 0.100000
	pigment { color rgbt <1,0,0,0> }
	no_shadow
}
sphere {
	0, 1
	scale<0.080000,0.200000,0.300000>
	matrix <-0.227766, 0.920518, 0.317441,
		-0.113505, 0.298687, -0.947577,
		-0.967077, -0.251858, 0.036453,
		25.789196, 39.500744, 39.585396>
	pigment { color rgbt <0,1,1,0> }
	no_shadow
}
cylinder {
	<26.184418, 40.274841, 39.510433>,  <26.466150, 39.677044, 39.559879>, 0.130000
	pigment { color rgbt <1,0,0,0> }
	no_shadow
}

// nucleotide -1

// particle -1
sphere {
	<26.184418, 40.274841, 39.510433> 0.250000
	pigment { color rgbt <1,0,0,0> }
	no_shadow
}
cylinder {
	<25.882061, 40.040916, 39.628155>,  <25.700647, 39.900562, 39.698788>, 0.100000
	pigment { color rgbt <1,0,0,0> }
	no_shadow
}
cylinder {
	<25.882061, 40.040916, 39.628155>,  <26.184418, 40.274841, 39.510433>, 0.100000
	pigment { color rgbt <1,0,0,0> }
	no_shadow
}

// particle -1
sphere {
	<25.882061, 40.040916, 39.628155> 0.100000
	pigment { color rgbt <1,0,0,0> }
	no_shadow
}
sphere {
	0, 1
	scale<0.080000,0.200000,0.300000>
	matrix <-0.399863, 0.768342, 0.499761,
		-0.518395, 0.260083, -0.814631,
		-0.755894, -0.584814, 0.294307,
		25.655293, 39.865471, 39.716446>
	pigment { color rgbt <0,1,1,0> }
	no_shadow
}
cylinder {
	<25.613468, 40.668064, 39.258610>,  <26.184418, 40.274841, 39.510433>, 0.130000
	pigment { color rgbt <1,0,0,0> }
	no_shadow
}

// nucleotide -1

// particle -1
sphere {
	<25.613468, 40.668064, 39.258610> 0.250000
	pigment { color rgbt <1,0,0,0> }
	no_shadow
}
cylinder {
	<25.485130, 40.411884, 39.537720>,  <25.408129, 40.258175, 39.705185>, 0.100000
	pigment { color rgbt <1,0,0,0> }
	no_shadow
}
cylinder {
	<25.485130, 40.411884, 39.537720>,  <25.613468, 40.668064, 39.258610>, 0.100000
	pigment { color rgbt <1,0,0,0> }
	no_shadow
}

// particle -1
sphere {
	<25.485130, 40.411884, 39.537720> 0.100000
	pigment { color rgbt <1,0,0,0> }
	no_shadow
}
sphere {
	0, 1
	scale<0.080000,0.200000,0.300000>
	matrix <-0.485401, 0.743801, 0.459506,
		-0.813293, -0.191270, -0.549518,
		-0.320842, -0.640450, 0.697770,
		25.388878, 40.219749, 39.747051>
	pigment { color rgbt <0,1,1,0> }
	no_shadow
}
cylinder {
	<24.989134, 40.836788, 39.450447>,  <25.613468, 40.668064, 39.258610>, 0.130000
	pigment { color rgbt <1,0,0,0> }
	no_shadow
}

// nucleotide -1

// particle -1
sphere {
	<24.989134, 40.836788, 39.450447> 0.250000
	pigment { color rgbt <1,0,0,0> }
	no_shadow
}
cylinder {
	<25.059092, 40.597946, 39.763596>,  <25.101067, 40.454643, 39.951485>, 0.100000
	pigment { color rgbt <1,0,0,0> }
	no_shadow
}
cylinder {
	<25.059092, 40.597946, 39.763596>,  <24.989134, 40.836788, 39.450447>, 0.100000
	pigment { color rgbt <1,0,0,0> }
	no_shadow
}

// particle -1
sphere {
	<25.059092, 40.597946, 39.763596> 0.100000
	pigment { color rgbt <1,0,0,0> }
	no_shadow
}
sphere {
	0, 1
	scale<0.080000,0.200000,0.300000>
	matrix <-0.558372, 0.594744, 0.578361,
		-0.810946, -0.538282, -0.229388,
		0.174894, -0.597103, 0.782867,
		25.111559, 40.418816, 39.998455>
	pigment { color rgbt <0,1,1,0> }
	no_shadow
}
cylinder {
	<24.453142, 40.500423, 39.977024>,  <24.989134, 40.836788, 39.450447>, 0.130000
	pigment { color rgbt <1,0,0,0> }
	no_shadow
}

// nucleotide -1

// particle -1
sphere {
	<24.453142, 40.500423, 39.977024> 0.250000
	pigment { color rgbt <1,0,0,0> }
	no_shadow
}
cylinder {
	<24.788952, 40.635559, 40.147232>,  <24.990437, 40.716640, 40.249359>, 0.100000
	pigment { color rgbt <1,0,0,0> }
	no_shadow
}
cylinder {
	<24.788952, 40.635559, 40.147232>,  <24.453142, 40.500423, 39.977024>, 0.100000
	pigment { color rgbt <1,0,0,0> }
	no_shadow
}

// particle -1
sphere {
	<24.788952, 40.635559, 40.147232> 0.100000
	pigment { color rgbt <1,0,0,0> }
	no_shadow
}
sphere {
	0, 1
	scale<0.080000,0.200000,0.300000>
	matrix <-0.543324, 0.524200, 0.655754,
		-0.001523, -0.781717, 0.623631,
		0.839522, 0.337835, 0.425524,
		25.040808, 40.736908, 40.274891>
	pigment { color rgbt <0,1,1,0> }
	no_shadow
}
cylinder {
	<24.427921, 40.358932, 40.728100>,  <24.453142, 40.500423, 39.977024>, 0.130000
	pigment { color rgbt <1,0,0,0> }
	no_shadow
}

// nucleotide -1

// particle -1
sphere {
	<24.427921, 40.358932, 40.728100> 0.250000
	pigment { color rgbt <1,0,0,0> }
	no_shadow
}
cylinder {
	<24.640211, 40.681309, 40.623188>,  <24.767586, 40.874733, 40.560242>, 0.100000
	pigment { color rgbt <1,0,0,0> }
	no_shadow
}
cylinder {
	<24.640211, 40.681309, 40.623188>,  <24.427921, 40.358932, 40.728100>, 0.100000
	pigment { color rgbt <1,0,0,0> }
	no_shadow
}

// particle -1
sphere {
	<24.640211, 40.681309, 40.623188> 0.100000
	pigment { color rgbt <1,0,0,0> }
	no_shadow
}
sphere {
	0, 1
	scale<0.080000,0.200000,0.300000>
	matrix <-0.653793, 0.586231, 0.478422,
		0.539337, -0.082433, 0.838045,
		0.530726, 0.805939, -0.262282,
		24.799429, 40.923092, 40.544502>
	pigment { color rgbt <0,1,1,0> }
	no_shadow
}
cylinder {
	<24.801022, 40.808056, 41.351646>,  <24.427921, 40.358932, 40.728100>, 0.130000
	pigment { color rgbt <1,0,0,0> }
	no_shadow
}

// nucleotide -1

// particle -1
sphere {
	<24.801022, 40.808056, 41.351646> 0.250000
	pigment { color rgbt <1,0,0,0> }
	no_shadow
}
cylinder {
	<24.680918, 40.998539, 41.021053>,  <24.608856, 41.112831, 40.822697>, 0.100000
	pigment { color rgbt <1,0,0,0> }
	no_shadow
}
cylinder {
	<24.680918, 40.998539, 41.021053>,  <24.801022, 40.808056, 41.351646>, 0.100000
	pigment { color rgbt <1,0,0,0> }
	no_shadow
}

// particle -1
sphere {
	<24.680918, 40.998539, 41.021053> 0.100000
	pigment { color rgbt <1,0,0,0> }
	no_shadow
}
sphere {
	0, 1
	scale<0.080000,0.200000,0.300000>
	matrix <-0.659606, 0.522238, 0.540543,
		0.689032, 0.707453, 0.157305,
		-0.300258, 0.476211, -0.826479,
		24.590839, 41.141403, 40.773109>
	pigment { color rgbt <0,1,1,0> }
	no_shadow
}
cylinder {
	<25.078941, 41.402126, 40.949772>,  <24.801022, 40.808056, 41.351646>, 0.130000
	pigment { color rgbt <1,0,0,0> }
	no_shadow
}

// nucleotide -1

// particle -1
sphere {
	<25.078941, 41.402126, 40.949772> 0.250000
	pigment { color rgbt <1,0,0,0> }
	no_shadow
}
cylinder {
	<25.059885, 41.551888, 41.320190>,  <25.048452, 41.641743, 41.542442>, 0.100000
	pigment { color rgbt <1,0,0,0> }
	no_shadow
}
cylinder {
	<25.059885, 41.551888, 41.320190>,  <25.078941, 41.402126, 40.949772>, 0.100000
	pigment { color rgbt <1,0,0,0> }
	no_shadow
}

// particle -1
sphere {
	<25.059885, 41.551888, 41.320190> 0.100000
	pigment { color rgbt <1,0,0,0> }
	no_shadow
}
sphere {
	0, 1
	scale<0.080000,0.200000,0.300000>
	matrix <0.895485, 0.426747, -0.126468,
		-0.442535, 0.823232, -0.355601,
		-0.047639, 0.374402, 0.926042,
		25.045593, 41.664207, 41.598003>
	pigment { color rgbt <0,1,1,0> }
	no_shadow
}
cylinder {
	<25.409554, 41.941238, 40.827114>,  <25.078941, 41.402126, 40.949772>, 0.130000
	pigment { color rgbt <1,0,0,0> }
	no_shadow
}

// nucleotide -1

// particle -1
sphere {
	<25.409554, 41.941238, 40.827114> 0.250000
	pigment { color rgbt <1,0,0,0> }
	no_shadow
}
cylinder {
	<25.434633, 41.863991, 41.218781>,  <25.449680, 41.817642, 41.453781>, 0.100000
	pigment { color rgbt <1,0,0,0> }
	no_shadow
}
cylinder {
	<25.434633, 41.863991, 41.218781>,  <25.409554, 41.941238, 40.827114>, 0.100000
	pigment { color rgbt <1,0,0,0> }
	no_shadow
}

// particle -1
sphere {
	<25.434633, 41.863991, 41.218781> 0.100000
	pigment { color rgbt <1,0,0,0> }
	no_shadow
}
sphere {
	0, 1
	scale<0.080000,0.200000,0.300000>
	matrix <0.987794, 0.152181, -0.033237,
		-0.142592, 0.969302, 0.200305,
		0.062699, -0.193121, 0.979170,
		25.453444, 41.806053, 41.512531>
	pigment { color rgbt <0,1,1,0> }
	no_shadow
}
cylinder {
	<25.892323, 42.460312, 41.112259>,  <25.409554, 41.941238, 40.827114>, 0.130000
	pigment { color rgbt <1,0,0,0> }
	no_shadow
}

// nucleotide -1

// particle -1
sphere {
	<25.892323, 42.460312, 41.112259> 0.250000
	pigment { color rgbt <1,0,0,0> }
	no_shadow
}
cylinder {
	<25.873522, 42.121464, 41.323986>,  <25.862242, 41.918156, 41.451023>, 0.100000
	pigment { color rgbt <1,0,0,0> }
	no_shadow
}
cylinder {
	<25.873522, 42.121464, 41.323986>,  <25.892323, 42.460312, 41.112259>, 0.100000
	pigment { color rgbt <1,0,0,0> }
	no_shadow
}

// particle -1
sphere {
	<25.873522, 42.121464, 41.323986> 0.100000
	pigment { color rgbt <1,0,0,0> }
	no_shadow
}
sphere {
	0, 1
	scale<0.080000,0.200000,0.300000>
	matrix <0.973158, -0.158347, -0.167004,
		0.225288, 0.507261, 0.831824,
		-0.047002, -0.847120, 0.529319,
		25.859421, 41.867329, 41.482780>
	pigment { color rgbt <0,1,1,0> }
	no_shadow
}
cylinder {
	<26.500502, 42.438622, 41.572067>,  <25.892323, 42.460312, 41.112259>, 0.130000
	pigment { color rgbt <1,0,0,0> }
	no_shadow
}

// nucleotide -1

// particle -1
sphere {
	<26.500502, 42.438622, 41.572067> 0.250000
	pigment { color rgbt <1,0,0,0> }
	no_shadow
}
cylinder {
	<26.390219, 42.056629, 41.528248>,  <26.324049, 41.827435, 41.501957>, 0.100000
	pigment { color rgbt <1,0,0,0> }
	no_shadow
}
cylinder {
	<26.390219, 42.056629, 41.528248>,  <26.500502, 42.438622, 41.572067>, 0.100000
	pigment { color rgbt <1,0,0,0> }
	no_shadow
}

// particle -1
sphere {
	<26.390219, 42.056629, 41.528248> 0.100000
	pigment { color rgbt <1,0,0,0> }
	no_shadow
}
sphere {
	0, 1
	scale<0.080000,0.200000,0.300000>
	matrix <0.940882, -0.244778, -0.234147,
		0.196791, -0.167628, 0.966009,
		-0.275708, -0.954979, -0.109548,
		26.307507, 41.770134, 41.495384>
	pigment { color rgbt <0,1,1,0> }
	no_shadow
}
cylinder {
	<26.833883, 41.927017, 42.060951>,  <26.500502, 42.438622, 41.572067>, 0.130000
	pigment { color rgbt <1,0,0,0> }
	no_shadow
}

// nucleotide -1

// particle -1
sphere {
	<26.833883, 41.927017, 42.060951> 0.250000
	pigment { color rgbt <1,0,0,0> }
	no_shadow
}
cylinder {
	<26.748343, 41.782646, 41.697853>,  <26.697018, 41.696022, 41.479996>, 0.100000
	pigment { color rgbt <1,0,0,0> }
	no_shadow
}
cylinder {
	<26.748343, 41.782646, 41.697853>,  <26.833883, 41.927017, 42.060951>, 0.100000
	pigment { color rgbt <1,0,0,0> }
	no_shadow
}

// particle -1
sphere {
	<26.748343, 41.782646, 41.697853> 0.100000
	pigment { color rgbt <1,0,0,0> }
	no_shadow
}
sphere {
	0, 1
	scale<0.080000,0.200000,0.300000>
	matrix <0.976776, -0.066428, -0.203704,
		0.013223, -0.930224, 0.366754,
		-0.213853, -0.360930, -0.907742,
		26.684187, 41.674366, 41.425529>
	pigment { color rgbt <0,1,1,0> }
	no_shadow
}
cylinder {
	<27.026548, 41.281269, 41.996429>,  <26.833883, 41.927017, 42.060951>, 0.130000
	pigment { color rgbt <1,0,0,0> }
	no_shadow
}

// nucleotide -1

// particle -1
sphere {
	<27.026548, 41.281269, 41.996429> 0.250000
	pigment { color rgbt <1,0,0,0> }
	no_shadow
}
cylinder {
	<27.034634, 41.447647, 41.632763>,  <27.039486, 41.547474, 41.414562>, 0.100000
	pigment { color rgbt <1,0,0,0> }
	no_shadow
}
cylinder {
	<27.034634, 41.447647, 41.632763>,  <27.026548, 41.281269, 41.996429>, 0.100000
	pigment { color rgbt <1,0,0,0> }
	no_shadow
}

// particle -1
sphere {
	<27.034634, 41.447647, 41.632763> 0.100000
	pigment { color rgbt <1,0,0,0> }
	no_shadow
}
sphere {
	0, 1
	scale<0.080000,0.200000,0.300000>
	matrix <0.994776, -0.099371, -0.023344,
		-0.100055, -0.903946, -0.415778,
		0.020215, 0.415941, -0.909167,
		27.040697, 41.572430, 41.360012>
	pigment { color rgbt <0,1,1,0> }
	no_shadow
}
cylinder {
	<27.435087, 40.861397, 41.539650>,  <27.026548, 41.281269, 41.996429>, 0.130000
	pigment { color rgbt <1,0,0,0> }
	no_shadow
}

// nucleotide -1

// particle -1
sphere {
	<27.435087, 40.861397, 41.539650> 0.250000
	pigment { color rgbt <1,0,0,0> }
	no_shadow
}
cylinder {
	<27.427973, 41.228741, 41.381508>,  <27.423704, 41.449146, 41.286621>, 0.100000
	pigment { color rgbt <1,0,0,0> }
	no_shadow
}
cylinder {
	<27.427973, 41.228741, 41.381508>,  <27.435087, 40.861397, 41.539650>, 0.100000
	pigment { color rgbt <1,0,0,0> }
	no_shadow
}

// particle -1
sphere {
	<27.427973, 41.228741, 41.381508> 0.100000
	pigment { color rgbt <1,0,0,0> }
	no_shadow
}
sphere {
	0, 1
	scale<0.080000,0.200000,0.300000>
	matrix <0.989663, -0.040108, -0.137691,
		-0.142306, -0.393718, -0.908149,
		-0.017787, 0.918356, -0.395356,
		27.422636, 41.504246, 41.262901>
	pigment { color rgbt <0,1,1,0> }
	no_shadow
}
cylinder {
	<28.058992, 40.889297, 41.151600>,  <27.435087, 40.861397, 41.539650>, 0.130000
	pigment { color rgbt <1,0,0,0> }
	no_shadow
}

// nucleotide -1

// particle -1
sphere {
	<28.058992, 40.889297, 41.151600> 0.250000
	pigment { color rgbt <1,0,0,0> }
	no_shadow
}
cylinder {
	<27.838470, 40.555706, 41.142250>,  <27.706158, 40.355553, 41.136639>, 0.100000
	pigment { color rgbt <1,0,0,0> }
	no_shadow
}
cylinder {
	<27.838470, 40.555706, 41.142250>,  <28.058992, 40.889297, 41.151600>, 0.100000
	pigment { color rgbt <1,0,0,0> }
	no_shadow
}

// particle -1
sphere {
	<27.838470, 40.555706, 41.142250> 0.100000
	pigment { color rgbt <1,0,0,0> }
	no_shadow
}
sphere {
	0, 1
	scale<0.080000,0.200000,0.300000>
	matrix <0.803154, -0.522926, -0.285467,
		0.225850, -0.176151, 0.958104,
		-0.551303, -0.833978, -0.023373,
		27.673080, 40.305511, 41.135239>
	pigment { color rgbt <0,1,1,0> }
	no_shadow
}
cylinder {
	<28.492941, 40.330372, 41.432468>,  <28.058992, 40.889297, 41.151600>, 0.130000
	pigment { color rgbt <1,0,0,0> }
	no_shadow
}

// nucleotide -1

// particle -1
sphere {
	<28.492941, 40.330372, 41.432468> 0.250000
	pigment { color rgbt <1,0,0,0> }
	no_shadow
}
cylinder {
	<28.215778, 40.203251, 41.173584>,  <28.049480, 40.126976, 41.018253>, 0.100000
	pigment { color rgbt <1,0,0,0> }
	no_shadow
}
cylinder {
	<28.215778, 40.203251, 41.173584>,  <28.492941, 40.330372, 41.432468>, 0.100000
	pigment { color rgbt <1,0,0,0> }
	no_shadow
}

// particle -1
sphere {
	<28.215778, 40.203251, 41.173584> 0.100000
	pigment { color rgbt <1,0,0,0> }
	no_shadow
}
sphere {
	0, 1
	scale<0.080000,0.200000,0.300000>
	matrix <0.679133, -0.589181, -0.437773,
		-0.242198, -0.742877, 0.624078,
		-0.692906, -0.317804, -0.647211,
		28.007906, 40.107910, 40.979420>
	pigment { color rgbt <0,1,1,0> }
	no_shadow
}
cylinder {
	<28.579824, 39.597935, 41.424183>,  <28.492941, 40.330372, 41.432468>, 0.130000
	pigment { color rgbt <1,0,0,0> }
	no_shadow
}

// nucleotide -1

// particle -1
sphere {
	<28.579824, 39.597935, 41.424183> 0.250000
	pigment { color rgbt <1,0,0,0> }
	no_shadow
}
cylinder {
	<28.410988, 39.726212, 41.085011>,  <28.309685, 39.803177, 40.881508>, 0.100000
	pigment { color rgbt <1,0,0,0> }
	no_shadow
}
cylinder {
	<28.410988, 39.726212, 41.085011>,  <28.579824, 39.597935, 41.424183>, 0.100000
	pigment { color rgbt <1,0,0,0> }
	no_shadow
}

// particle -1
sphere {
	<28.410988, 39.726212, 41.085011> 0.100000
	pigment { color rgbt <1,0,0,0> }
	no_shadow
}
sphere {
	0, 1
	scale<0.080000,0.200000,0.300000>
	matrix <0.555531, -0.647643, -0.521482,
		-0.716396, -0.691167, 0.095210,
		-0.422093, 0.320695, -0.847934,
		28.284359, 39.822418, 40.830631>
	pigment { color rgbt <0,1,1,0> }
	no_shadow
}
cylinder {
	<28.167929, 39.010918, 40.994686>,  <28.579824, 39.597935, 41.424183>, 0.130000
	pigment { color rgbt <1,0,0,0> }
	no_shadow
}

// nucleotide -1

// particle -1
sphere {
	<28.167929, 39.010918, 40.994686> 0.250000
	pigment { color rgbt <1,0,0,0> }
	no_shadow
}
cylinder {
	<28.246634, 39.308887, 40.739697>,  <28.293858, 39.487667, 40.586704>, 0.100000
	pigment { color rgbt <1,0,0,0> }
	no_shadow
}
cylinder {
	<28.246634, 39.308887, 40.739697>,  <28.167929, 39.010918, 40.994686>, 0.100000
	pigment { color rgbt <1,0,0,0> }
	no_shadow
}

// particle -1
sphere {
	<28.246634, 39.308887, 40.739697> 0.100000
	pigment { color rgbt <1,0,0,0> }
	no_shadow
}
sphere {
	0, 1
	scale<0.080000,0.200000,0.300000>
	matrix <0.401378, -0.654406, -0.640818,
		-0.894528, -0.129779, -0.427759,
		0.196763, 0.744923, -0.637475,
		28.305662, 39.532364, 40.548454>
	pigment { color rgbt <0,1,1,0> }
	no_shadow
}
cylinder {
	<28.343418, 38.615551, 40.539505>,  <28.167929, 39.010918, 40.994686>, 0.130000
	pigment { color rgbt <1,0,0,0> }
	no_shadow
}

// nucleotide -1

// particle -1
sphere {
	<28.343418, 38.615551, 40.539505> 0.250000
	pigment { color rgbt <1,0,0,0> }
	no_shadow
}
cylinder {
	<28.433033, 38.965672, 40.368088>,  <28.486803, 39.175743, 40.265236>, 0.100000
	pigment { color rgbt <1,0,0,0> }
	no_shadow
}
cylinder {
	<28.433033, 38.965672, 40.368088>,  <28.343418, 38.615551, 40.539505>, 0.100000
	pigment { color rgbt <1,0,0,0> }
	no_shadow
}

// particle -1
sphere {
	<28.433033, 38.965672, 40.368088> 0.100000
	pigment { color rgbt <1,0,0,0> }
	no_shadow
}
sphere {
	0, 1
	scale<0.080000,0.200000,0.300000>
	matrix <0.529698, -0.478467, -0.700349,
		-0.818063, -0.070095, -0.570842,
		0.224038, 0.875303, -0.428545,
		28.500244, 39.228264, 40.239525>
	pigment { color rgbt <0,1,1,0> }
	no_shadow
}
cylinder {
	<28.097469, 38.654308, 39.866928>,  <28.343418, 38.615551, 40.539505>, 0.130000
	pigment { color rgbt <1,0,0,0> }
	no_shadow
}

// nucleotide -1

// particle -1
sphere {
	<28.097469, 38.654308, 39.866928> 0.250000
	pigment { color rgbt <1,0,0,0> }
	no_shadow
}
cylinder {
	<28.389435, 38.927723, 39.867840>,  <28.564613, 39.091770, 39.868385>, 0.100000
	pigment { color rgbt <1,0,0,0> }
	no_shadow
}
cylinder {
	<28.389435, 38.927723, 39.867840>,  <28.097469, 38.654308, 39.866928>, 0.100000
	pigment { color rgbt <1,0,0,0> }
	no_shadow
}

// particle -1
sphere {
	<28.389435, 38.927723, 39.867840> 0.100000
	pigment { color rgbt <1,0,0,0> }
	no_shadow
}
sphere {
	0, 1
	scale<0.080000,0.200000,0.300000>
	matrix <0.450914, -0.478994, -0.753154,
		-0.513717, 0.550764, -0.657840,
		0.729912, 0.683538, 0.002280,
		28.608408, 39.132786, 39.868523>
	pigment { color rgbt <0,1,1,0> }
	no_shadow
}
cylinder {
	<28.127550, 38.996899, 39.123882>,  <28.097469, 38.654308, 39.866928>, 0.130000
	pigment { color rgbt <1,0,0,0> }
	no_shadow
}

// nucleotide -1

// particle -1
sphere {
	<28.127550, 38.996899, 39.123882> 0.250000
	pigment { color rgbt <1,0,0,0> }
	no_shadow
}
cylinder {
	<28.475439, 39.011173, 39.320782>,  <28.684172, 39.019737, 39.438923>, 0.100000
	pigment { color rgbt <1,0,0,0> }
	no_shadow
}
cylinder {
	<28.475439, 39.011173, 39.320782>,  <28.127550, 38.996899, 39.123882>, 0.100000
	pigment { color rgbt <1,0,0,0> }
	no_shadow
}

// particle -1
sphere {
	<28.475439, 39.011173, 39.320782> 0.100000
	pigment { color rgbt <1,0,0,0> }
	no_shadow
}
sphere {
	0, 1
	scale<0.080000,0.200000,0.300000>
	matrix <0.435082, -0.526295, -0.730559,
		0.232997, 0.849552, -0.473258,
		0.869722, 0.035688, 0.492251,
		28.736355, 39.021881, 39.468456>
	pigment { color rgbt <0,1,1,0> }
	no_shadow
}
cylinder {
	<28.681717, 39.149296, 38.640419>,  <28.127550, 38.996899, 39.123882>, 0.130000
	pigment { color rgbt <1,0,0,0> }
	no_shadow
}

// nucleotide -1

// particle -1
sphere {
	<28.681717, 39.149296, 38.640419> 0.250000
	pigment { color rgbt <1,0,0,0> }
	no_shadow
}
cylinder {
	<28.886654, 39.001431, 38.950478>,  <29.009617, 38.912712, 39.136513>, 0.100000
	pigment { color rgbt <1,0,0,0> }
	no_shadow
}
cylinder {
	<28.886654, 39.001431, 38.950478>,  <28.681717, 39.149296, 38.640419>, 0.100000
	pigment { color rgbt <1,0,0,0> }
	no_shadow
}

// particle -1
sphere {
	<28.886654, 39.001431, 38.950478> 0.100000
	pigment { color rgbt <1,0,0,0> }
	no_shadow
}
sphere {
	0, 1
	scale<0.080000,0.200000,0.300000>
	matrix <0.499282, -0.606177, -0.619085,
		0.698730, 0.704201, -0.126005,
		0.512342, -0.369662, 0.775149,
		29.040356, 38.890533, 39.183022>
	pigment { color rgbt <0,1,1,0> }
	no_shadow
}
cylinder {
	<29.322760, 39.032158, 38.424320>,  <28.681717, 39.149296, 38.640419>, 0.130000
	pigment { color rgbt <1,0,0,0> }
	no_shadow
}

// nucleotide -1

// particle -1
sphere {
	<29.322760, 39.032158, 38.424320> 0.250000
	pigment { color rgbt <1,0,0,0> }
	no_shadow
}
cylinder {
	<29.278177, 38.783985, 38.734840>,  <29.251429, 38.635082, 38.921150>, 0.100000
	pigment { color rgbt <1,0,0,0> }
	no_shadow
}
cylinder {
	<29.278177, 38.783985, 38.734840>,  <29.322760, 39.032158, 38.424320>, 0.100000
	pigment { color rgbt <1,0,0,0> }
	no_shadow
}

// particle -1
sphere {
	<29.278177, 38.783985, 38.734840> 0.100000
	pigment { color rgbt <1,0,0,0> }
	no_shadow
}
sphere {
	0, 1
	scale<0.080000,0.200000,0.300000>
	matrix <0.402889, -0.742298, -0.535420,
