// switches for output
#declare DRAW_BASES = 1; // possible values are 0, 1; only relevant for DNA ribbons
#declare DRAW_BASES_TYPE = 3; // possible values are 1, 2, 3; only relevant for DNA ribbons
#declare DRAW_FOG = 0; // set to 1 to enable fog

#include "colors.inc"

#include "transforms.inc"
background { rgb <1, 1, 1>}

#default {
   normal{
       ripples 0.25
       frequency 0.20
       turbulence 0.2
       lambda 5
   }
	finish {
		phong 0.1
		phong_size 40.
	}
}

// original window dimensions: 1024x640


// camera settings

camera {
	sky <0, 0.179814, -0.983701>
	up <0, 0.179814, -0.983701>
	right 1.6 * <1, 0, 0>
	location <35, 94.9851, 44.8844>
	look_at <35, 29.7336, 32.9568>
	direction <0, -65.2515, -11.9276>
	angle 67.0682
}


# declare cpy_camera_pos = <35, 94.9851, 44.8844>;
# if (DRAW_FOG = 1)
fog {
	fog_type 2
	up vnormalize(cpy_camera_pos)
	color rgbt<1,1,1,0.3>
	distance 1e-5
	fog_alt 3e-3
	fog_offset 56
}
# end


// LIGHTS

# declare lum = 6;
global_settings {
	ambient_light rgb lum * <0.05, 0.05, 0.05>
	max_trace_level 15
}# declare cpy_direct_light_amount = 0.25;
light_source
{	1000 * <-1, -1.16352, -0.803886>,
	rgb lum * cpy_direct_light_amount
	parallel
}

light_source
{	1000 * <1, 1.16352, 0.803886>,
	rgb lum * cpy_direct_light_amount
	parallel
}

// strand 0

// nucleotide -1

// particle -1
sphere {
	<23.855051, 35.118698, 34.800640> 0.250000
	pigment { color rgbt <1,0,0,0> }
	no_shadow
}
cylinder {
	<24.065401, 34.813198, 34.950386>,  <24.191610, 34.629898, 35.040234>, 0.100000
	pigment { color rgbt <1,0,0,0> }
	no_shadow
}
cylinder {
	<24.065401, 34.813198, 34.950386>,  <23.855051, 35.118698, 34.800640>, 0.100000
	pigment { color rgbt <1,0,0,0> }
	no_shadow
}

// particle -1
sphere {
	<24.065401, 34.813198, 34.950386> 0.100000
	pigment { color rgbt <1,0,0,0> }
	no_shadow
}
sphere {
	0, 1
	scale<0.080000,0.200000,0.300000>
	matrix <0.398852, 0.610169, 0.684552,
		-0.751249, -0.210672, 0.625494,
		0.525873, -0.763748, 0.374361,
		24.223164, 34.584072, 35.062695>
	pigment { color rgbt <0,1,1,0> }
	no_shadow
}
cylinder {
	<24.276453, 35.710903, 34.692921>,  <23.855051, 35.118698, 34.800640>, 0.130000
	pigment { color rgbt <1,0,0,0> }
	no_shadow
}

// nucleotide -1

// particle -1
sphere {
	<24.276453, 35.710903, 34.692921> 0.250000
	pigment { color rgbt <1,0,0,0> }
	no_shadow
}
cylinder {
	<24.632547, 35.864853, 34.790371>,  <24.846203, 35.957222, 34.848839>, 0.100000
	pigment { color rgbt <1,0,0,0> }
	no_shadow
}
cylinder {
	<24.632547, 35.864853, 34.790371>,  <24.276453, 35.710903, 34.692921>, 0.100000
	pigment { color rgbt <1,0,0,0> }
	no_shadow
}

// particle -1
sphere {
	<24.632547, 35.864853, 34.790371> 0.100000
	pigment { color rgbt <1,0,0,0> }
	no_shadow
}
sphere {
	0, 1
	scale<0.080000,0.200000,0.300000>
	matrix <0.283346, -0.886682, 0.365390,
		0.356647, -0.256253, -0.898408,
		0.890235, 0.384876, 0.243624,
		24.899618, 35.980316, 34.863457>
	pigment { color rgbt <0,1,1,0> }
	no_shadow
}
cylinder {
	<24.888315, 35.381393, 34.394714>,  <24.276453, 35.710903, 34.692921>, 0.130000
	pigment { color rgbt <1,0,0,0> }
	no_shadow
}

// nucleotide -1

// particle -1
sphere {
	<24.888315, 35.381393, 34.394714> 0.250000
	pigment { color rgbt <1,0,0,0> }
	no_shadow
}
cylinder {
	<25.015139, 35.530319, 34.743622>,  <25.091232, 35.619675, 34.952969>, 0.100000
	pigment { color rgbt <1,0,0,0> }
	no_shadow
}
cylinder {
	<25.015139, 35.530319, 34.743622>,  <24.888315, 35.381393, 34.394714>, 0.100000
	pigment { color rgbt <1,0,0,0> }
	no_shadow
}

// particle -1
sphere {
	<25.015139, 35.530319, 34.743622> 0.100000
	pigment { color rgbt <1,0,0,0> }
	no_shadow
}
sphere {
	0, 1
	scale<0.080000,0.200000,0.300000>
	matrix <0.297899, -0.912270, 0.281105,
		0.900406, 0.170722, -0.400153,
		0.317057, 0.372313, 0.872272,
		25.110256, 35.642014, 35.005302>
	pigment { color rgbt <0,1,1,0> }
	no_shadow
}
cylinder {
	<25.559681, 35.064884, 34.448898>,  <24.888315, 35.381393, 34.394714>, 0.130000
	pigment { color rgbt <1,0,0,0> }
	no_shadow
}

// nucleotide -1

// particle -1
sphere {
	<25.559681, 35.064884, 34.448898> 0.250000
	pigment { color rgbt <1,0,0,0> }
	no_shadow
}
cylinder {
	<25.444345, 35.138611, 34.824749>,  <25.375145, 35.182846, 35.050259>, 0.100000
	pigment { color rgbt <1,0,0,0> }
	no_shadow
}
cylinder {
	<25.444345, 35.138611, 34.824749>,  <25.559681, 35.064884, 34.448898>, 0.100000
	pigment { color rgbt <1,0,0,0> }
	no_shadow
}

// particle -1
sphere {
	<25.444345, 35.138611, 34.824749> 0.100000
	pigment { color rgbt <1,0,0,0> }
	no_shadow
}
sphere {
	0, 1
	scale<0.080000,0.200000,0.300000>
	matrix <0.192642, -0.950068, 0.245479,
		0.937950, 0.251792, 0.238433,
		-0.288337, 0.184315, 0.939622,
		25.357845, 35.193905, 35.106636>
	pigment { color rgbt <0,1,1,0> }
	no_shadow
}
cylinder {
	<26.094694, 34.904034, 34.934841>,  <25.559681, 35.064884, 34.448898>, 0.130000
	pigment { color rgbt <1,0,0,0> }
	no_shadow
}

// nucleotide -1

// particle -1
sphere {
	<26.094694, 34.904034, 34.934841> 0.250000
	pigment { color rgbt <1,0,0,0> }
	no_shadow
}
cylinder {
	<25.728855, 34.866192, 35.092098>,  <25.509352, 34.843487, 35.186455>, 0.100000
	pigment { color rgbt <1,0,0,0> }
	no_shadow
}
cylinder {
	<25.728855, 34.866192, 35.092098>,  <26.094694, 34.904034, 34.934841>, 0.100000
	pigment { color rgbt <1,0,0,0> }
	no_shadow
}

// particle -1
sphere {
	<25.728855, 34.866192, 35.092098> 0.100000
	pigment { color rgbt <1,0,0,0> }
	no_shadow
}
sphere {
	0, 1
	scale<0.080000,0.200000,0.300000>
	matrix <0.249377, -0.897307, 0.364212,
		0.318317, 0.431149, 0.844266,
		-0.914595, -0.094606, 0.393147,
		25.454477, 34.837811, 35.210041>
	pigment { color rgbt <0,1,1,0> }
	no_shadow
}
cylinder {
	<26.077068, 35.641743, 35.215942>,  <26.094694, 34.904034, 34.934841>, 0.130000
	pigment { color rgbt <1,0,0,0> }
	no_shadow
}

// nucleotide -1

// particle -1
sphere {
	<26.077068, 35.641743, 35.215942> 0.250000
	pigment { color rgbt <1,0,0,0> }
	no_shadow
}
cylinder {
	<26.456135, 35.674789, 35.339298>,  <26.683575, 35.694618, 35.413311>, 0.100000
	pigment { color rgbt <1,0,0,0> }
	no_shadow
}
cylinder {
	<26.456135, 35.674789, 35.339298>,  <26.077068, 35.641743, 35.215942>, 0.100000
	pigment { color rgbt <1,0,0,0> }
	no_shadow
}

// particle -1
sphere {
	<26.456135, 35.674789, 35.339298> 0.100000
	pigment { color rgbt <1,0,0,0> }
	no_shadow
}
sphere {
	0, 1
	scale<0.080000,0.200000,0.300000>
	matrix <-0.283237, -0.228207, 0.931503,
		0.147334, -0.970101, -0.192864,
		0.947666, 0.082616, 0.308391,
		26.740435, 35.699574, 35.431816>
	pigment { color rgbt <0,1,1,0> }
	no_shadow
}
cylinder {
	<26.146635, 35.124241, 35.666409>,  <26.077068, 35.641743, 35.215942>, 0.130000
	pigment { color rgbt <1,0,0,0> }
	no_shadow
}

// nucleotide -1

// particle -1
sphere {
	<26.146635, 35.124241, 35.666409> 0.250000
	pigment { color rgbt <1,0,0,0> }
	no_shadow
}
cylinder {
	<26.423809, 35.389103, 35.780525>,  <26.590113, 35.548019, 35.848995>, 0.100000
	pigment { color rgbt <1,0,0,0> }
	no_shadow
}
cylinder {
	<26.423809, 35.389103, 35.780525>,  <26.146635, 35.124241, 35.666409>, 0.100000
	pigment { color rgbt <1,0,0,0> }
	no_shadow
}

// particle -1
sphere {
	<26.423809, 35.389103, 35.780525> 0.100000
	pigment { color rgbt <1,0,0,0> }
	no_shadow
}
sphere {
	0, 1
	scale<0.080000,0.200000,0.300000>
	matrix <-0.152495, -0.252143, 0.955599,
		0.704691, -0.705672, -0.073742,
		0.692933, 0.662157, 0.285294,
		26.631689, 35.587749, 35.866112>
	pigment { color rgbt <0,1,1,0> }
	no_shadow
}
cylinder {
	<26.441143, 34.892036, 36.287342>,  <26.146635, 35.124241, 35.666409>, 0.130000
	pigment { color rgbt <1,0,0,0> }
	no_shadow
}

// nucleotide -1

// particle -1
sphere {
	<26.441143, 34.892036, 36.287342> 0.250000
	pigment { color rgbt <1,0,0,0> }
	no_shadow
}
cylinder {
	<26.514357, 35.285061, 36.300476>,  <26.558285, 35.520874, 36.308357>, 0.100000
	pigment { color rgbt <1,0,0,0> }
	no_shadow
}
cylinder {
	<26.514357, 35.285061, 36.300476>,  <26.441143, 34.892036, 36.287342>, 0.100000
	pigment { color rgbt <1,0,0,0> }
	no_shadow
}

// particle -1
sphere {
	<26.514357, 35.285061, 36.300476> 0.100000
	pigment { color rgbt <1,0,0,0> }
	no_shadow
}
sphere {
	0, 1
	scale<0.080000,0.200000,0.300000>
	matrix <-0.097212, -0.015149, 0.995148,
		0.978288, -0.185340, 0.092743,
		0.183036, 0.982558, 0.032838,
		26.569267, 35.579826, 36.310326>
	pigment { color rgbt <0,1,1,0> }
	no_shadow
}
cylinder {
	<26.856945, 34.967396, 36.877045>,  <26.441143, 34.892036, 36.287342>, 0.130000
	pigment { color rgbt <1,0,0,0> }
	no_shadow
}

// nucleotide -1

// particle -1
sphere {
	<26.856945, 34.967396, 36.877045> 0.250000
	pigment { color rgbt <1,0,0,0> }
	no_shadow
}
cylinder {
	<26.731771, 35.338997, 36.798031>,  <26.656668, 35.561958, 36.750622>, 0.100000
	pigment { color rgbt <1,0,0,0> }
	no_shadow
}
cylinder {
	<26.731771, 35.338997, 36.798031>,  <26.856945, 34.967396, 36.877045>, 0.100000
	pigment { color rgbt <1,0,0,0> }
	no_shadow
}

// particle -1
sphere {
	<26.731771, 35.338997, 36.798031> 0.100000
	pigment { color rgbt <1,0,0,0> }
	no_shadow
}
sphere {
	0, 1
	scale<0.080000,0.200000,0.300000>
	matrix <-0.185943, 0.144031, 0.971946,
		0.931396, 0.340884, 0.127670,
		-0.312933, 0.929006, -0.197535,
		26.637892, 35.617699, 36.738770>
	pigment { color rgbt <0,1,1,0> }
	no_shadow
}
cylinder {
	<27.178246, 35.313251, 37.416634>,  <26.856945, 34.967396, 36.877045>, 0.130000
	pigment { color rgbt <1,0,0,0> }
	no_shadow
}

// nucleotide -1

// particle -1
sphere {
	<27.178246, 35.313251, 37.416634> 0.250000
	pigment { color rgbt <1,0,0,0> }
	no_shadow
}
cylinder {
	<26.910692, 35.582584, 37.290638>,  <26.750160, 35.744183, 37.215042>, 0.100000
	pigment { color rgbt <1,0,0,0> }
	no_shadow
}
cylinder {
	<26.910692, 35.582584, 37.290638>,  <27.178246, 35.313251, 37.416634>, 0.100000
	pigment { color rgbt <1,0,0,0> }
	no_shadow
}

// particle -1
sphere {
	<26.910692, 35.582584, 37.290638> 0.100000
	pigment { color rgbt <1,0,0,0> }
	no_shadow
}
sphere {
	0, 1
	scale<0.080000,0.200000,0.300000>
	matrix <-0.153499, 0.289490, 0.944793,
		0.727345, 0.680308, -0.090280,
		-0.668886, 0.673332, -0.314985,
		26.710026, 35.784584, 37.196144>
	pigment { color rgbt <0,1,1,0> }
	no_shadow
}
cylinder {
	<27.289148, 35.938091, 37.931179>,  <27.178246, 35.313251, 37.416634>, 0.130000
	pigment { color rgbt <1,0,0,0> }
	no_shadow
}

// nucleotide -1

// particle -1
sphere {
	<27.289148, 35.938091, 37.931179> 0.250000
	pigment { color rgbt <1,0,0,0> }
	no_shadow
}
cylinder {
	<26.937117, 35.985027, 37.747139>,  <26.725897, 36.013187, 37.636715>, 0.100000
	pigment { color rgbt <1,0,0,0> }
	no_shadow
}
cylinder {
	<26.937117, 35.985027, 37.747139>,  <27.289148, 35.938091, 37.931179>, 0.100000
	pigment { color rgbt <1,0,0,0> }
	no_shadow
}

// particle -1
sphere {
	<26.937117, 35.985027, 37.747139> 0.100000
	pigment { color rgbt <1,0,0,0> }
	no_shadow
}
sphere {
	0, 1
	scale<0.080000,0.200000,0.300000>
	matrix <-0.389946, 0.374286, 0.841340,
		0.270932, 0.919860, -0.283645,
		-0.880079, 0.117340, -0.460101,
		26.673094, 36.020229, 37.609108>
	pigment { color rgbt <0,1,1,0> }
	no_shadow
}
cylinder {
	<27.051687, 36.615143, 38.009071>,  <27.289148, 35.938091, 37.931179>, 0.130000
	pigment { color rgbt <1,0,0,0> }
	no_shadow
}

// nucleotide -1

// particle -1
sphere {
	<27.051687, 36.615143, 38.009071> 0.250000
	pigment { color rgbt <1,0,0,0> }
	no_shadow
}
cylinder {
	<26.744759, 36.361309, 37.972134>,  <26.560602, 36.209011, 37.949970>, 0.100000
	pigment { color rgbt <1,0,0,0> }
	no_shadow
}
cylinder {
	<26.744759, 36.361309, 37.972134>,  <27.051687, 36.615143, 38.009071>, 0.100000
	pigment { color rgbt <1,0,0,0> }
	no_shadow
}

// particle -1
sphere {
	<26.744759, 36.361309, 37.972134> 0.100000
	pigment { color rgbt <1,0,0,0> }
	no_shadow
}
sphere {
	0, 1
	scale<0.080000,0.200000,0.300000>
	matrix <-0.376289, 0.328961, 0.866136,
		-0.519255, 0.699351, -0.491205,
		-0.767320, -0.634580, -0.092344,
		26.514563, 36.170937, 37.944431>
	pigment { color rgbt <0,1,1,0> }
	no_shadow
}
cylinder {
	<26.430084, 37.062271, 38.243073>,  <27.051687, 36.615143, 38.009071>, 0.130000
	pigment { color rgbt <1,0,0,0> }
	no_shadow
}

// nucleotide -1

// particle -1
sphere {
	<26.430084, 37.062271, 38.243073> 0.250000
	pigment { color rgbt <1,0,0,0> }
	no_shadow
}
cylinder {
	<26.339890, 36.672611, 38.248425>,  <26.285772, 36.438816, 38.251637>, 0.100000
	pigment { color rgbt <1,0,0,0> }
	no_shadow
}
cylinder {
	<26.339890, 36.672611, 38.248425>,  <26.430084, 37.062271, 38.243073>, 0.100000
	pigment { color rgbt <1,0,0,0> }
	no_shadow
}

// particle -1
sphere {
	<26.339890, 36.672611, 38.248425> 0.100000
	pigment { color rgbt <1,0,0,0> }
	no_shadow
}
sphere {
	0, 1
	scale<0.080000,0.200000,0.300000>
	matrix <-0.360733, 0.096244, 0.927690,
		-0.905001, 0.204354, -0.373111,
		-0.225487, -0.974154, 0.013384,
		26.272243, 36.380363, 38.252441>
	pigment { color rgbt <0,1,1,0> }
	no_shadow
}
cylinder {
	<25.806108, 36.951511, 38.580082>,  <26.430084, 37.062271, 38.243073>, 0.130000
	pigment { color rgbt <1,0,0,0> }
	no_shadow
}

// nucleotide -1

// particle -1
sphere {
	<25.806108, 36.951511, 38.580082> 0.250000
	pigment { color rgbt <1,0,0,0> }
	no_shadow
}
cylinder {
	<25.993874, 36.603706, 38.641541>,  <26.106533, 36.395023, 38.678413>, 0.100000
	pigment { color rgbt <1,0,0,0> }
	no_shadow
}
cylinder {
	<25.993874, 36.603706, 38.641541>,  <25.806108, 36.951511, 38.580082>, 0.100000
	pigment { color rgbt <1,0,0,0> }
	no_shadow
}

// particle -1
sphere {
	<25.993874, 36.603706, 38.641541> 0.100000
	pigment { color rgbt <1,0,0,0> }
	no_shadow
}
sphere {
	0, 1
	scale<0.080000,0.200000,0.300000>
	matrix <-0.069250, 0.137215, 0.988118,
		-0.880258, -0.474476, 0.004197,
		0.469414, -0.869508, 0.153642,
		26.134697, 36.342854, 38.687634>
	pigment { color rgbt <0,1,1,0> }
	no_shadow
}
cylinder {
	<25.347715, 36.625401, 39.076214>,  <25.806108, 36.951511, 38.580082>, 0.130000
	pigment { color rgbt <1,0,0,0> }
	no_shadow
}

// nucleotide -1

// particle -1
sphere {
	<25.347715, 36.625401, 39.076214> 0.250000
	pigment { color rgbt <1,0,0,0> }
	no_shadow
}
cylinder {
	<25.678892, 36.401909, 39.095528>,  <25.877598, 36.267815, 39.107117>, 0.100000
	pigment { color rgbt <1,0,0,0> }
	no_shadow
}
cylinder {
	<25.678892, 36.401909, 39.095528>,  <25.347715, 36.625401, 39.076214>, 0.100000
	pigment { color rgbt <1,0,0,0> }
	no_shadow
}

// particle -1
sphere {
	<25.678892, 36.401909, 39.095528> 0.100000
	pigment { color rgbt <1,0,0,0> }
	no_shadow
}
sphere {
	0, 1
	scale<0.080000,0.200000,0.300000>
	matrix <-0.136776, -0.117677, 0.983587,
		-0.543882, -0.820956, -0.173851,
		0.827940, -0.558734, 0.048285,
		25.927275, 36.234287, 39.110012>
	pigment { color rgbt <0,1,1,0> }
	no_shadow
}
cylinder {
	<25.082111, 36.023548, 39.385529>,  <25.347715, 36.625401, 39.076214>, 0.130000
	pigment { color rgbt <1,0,0,0> }
	no_shadow
}

// nucleotide -1

// particle -1
sphere {
	<25.082111, 36.023548, 39.385529> 0.250000
	pigment { color rgbt <1,0,0,0> }
	no_shadow
}
cylinder {
	<25.475483, 36.040024, 39.456150>,  <25.711506, 36.049911, 39.498524>, 0.100000
	pigment { color rgbt <1,0,0,0> }
	no_shadow
}
cylinder {
	<25.475483, 36.040024, 39.456150>,  <25.082111, 36.023548, 39.385529>, 0.100000
	pigment { color rgbt <1,0,0,0> }
	no_shadow
}

// particle -1
sphere {
	<25.475483, 36.040024, 39.456150> 0.100000
	pigment { color rgbt <1,0,0,0> }
	no_shadow
}
sphere {
	0, 1
	scale<0.080000,0.200000,0.300000>
	matrix <-0.165293, -0.196362, 0.966499,
		0.074484, -0.979666, -0.186299,
		0.983428, 0.041195, 0.176557,
		25.770512, 36.052383, 39.509117>
	pigment { color rgbt <0,1,1,0> }
	no_shadow
}
cylinder {
	<25.291630, 35.376850, 39.692085>,  <25.082111, 36.023548, 39.385529>, 0.130000
	pigment { color rgbt <1,0,0,0> }
	no_shadow
}

// nucleotide -1

// particle -1
sphere {
	<25.291630, 35.376850, 39.692085> 0.250000
	pigment { color rgbt <1,0,0,0> }
	no_shadow
}
cylinder {
	<25.593082, 35.617844, 39.797195>,  <25.773954, 35.762440, 39.860260>, 0.100000
	pigment { color rgbt <1,0,0,0> }
	no_shadow
}
cylinder {
	<25.593082, 35.617844, 39.797195>,  <25.291630, 35.376850, 39.692085>, 0.100000
	pigment { color rgbt <1,0,0,0> }
	no_shadow
}

// particle -1
sphere {
	<25.593082, 35.617844, 39.797195> 0.100000
	pigment { color rgbt <1,0,0,0> }
	no_shadow
}
sphere {
	0, 1
	scale<0.080000,0.200000,0.300000>
	matrix <-0.137586, -0.246332, 0.959370,
		0.642733, -0.759168, -0.102751,
		0.753634, 0.602482, 0.262777,
		25.819172, 35.798588, 39.876030>
	pigment { color rgbt <0,1,1,0> }
	no_shadow
}
cylinder {
	<25.793503, 35.023083, 40.112206>,  <25.291630, 35.376850, 39.692085>, 0.130000
	pigment { color rgbt <1,0,0,0> }
	no_shadow
}

// nucleotide -1

// particle -1
sphere {
	<25.793503, 35.023083, 40.112206> 0.250000
	pigment { color rgbt <1,0,0,0> }
	no_shadow
}
cylinder {
	<25.877529, 35.402832, 40.205635>,  <25.927944, 35.630684, 40.261692>, 0.100000
	pigment { color rgbt <1,0,0,0> }
	no_shadow
}
cylinder {
	<25.877529, 35.402832, 40.205635>,  <25.793503, 35.023083, 40.112206>, 0.100000
	pigment { color rgbt <1,0,0,0> }
	no_shadow
}

// particle -1
sphere {
	<25.877529, 35.402832, 40.205635> 0.100000
	pigment { color rgbt <1,0,0,0> }
	no_shadow
}
sphere {
	0, 1
	scale<0.080000,0.200000,0.300000>
	matrix <-0.161610, -0.201900, 0.965981,
		0.964238, -0.240667, 0.111017,
		0.210066, 0.949376, 0.233574,
		25.940550, 35.687645, 40.275707>
	pigment { color rgbt <0,1,1,0> }
	no_shadow
}
cylinder {
	<26.171574, 34.993534, 40.676529>,  <25.793503, 35.023083, 40.112206>, 0.130000
	pigment { color rgbt <1,0,0,0> }
	no_shadow
}

// nucleotide -1

// particle -1
sphere {
	<26.171574, 34.993534, 40.676529> 0.250000
	pigment { color rgbt <1,0,0,0> }
	no_shadow
}
cylinder {
	<26.078800, 35.381664, 40.703857>,  <26.023136, 35.614544, 40.720253>, 0.100000
	pigment { color rgbt <1,0,0,0> }
	no_shadow
}
cylinder {
	<26.078800, 35.381664, 40.703857>,  <26.171574, 34.993534, 40.676529>, 0.100000
	pigment { color rgbt <1,0,0,0> }
	no_shadow
}

// particle -1
sphere {
	<26.078800, 35.381664, 40.703857> 0.100000
	pigment { color rgbt <1,0,0,0> }
	no_shadow
}
sphere {
	0, 1
	scale<0.080000,0.200000,0.300000>
	matrix <-0.309153, -0.140123, 0.940633,
		0.922296, 0.197045, 0.332480,
		-0.231935, 0.970329, 0.068317,
		26.009220, 35.672764, 40.724354>
	pigment { color rgbt <0,1,1,0> }
	no_shadow
}
cylinder {
	<26.610235, 35.292633, 41.223507>,  <26.171574, 34.993534, 40.676529>, 0.130000
	pigment { color rgbt <1,0,0,0> }
	no_shadow
}

// nucleotide -1

// particle -1
sphere {
	<26.610235, 35.292633, 41.223507> 0.250000
	pigment { color rgbt <1,0,0,0> }
	no_shadow
}
cylinder {
	<26.289240, 35.526642, 41.176582>,  <26.096643, 35.667046, 41.148426>, 0.100000
	pigment { color rgbt <1,0,0,0> }
	no_shadow
}
cylinder {
	<26.289240, 35.526642, 41.176582>,  <26.610235, 35.292633, 41.223507>, 0.100000
	pigment { color rgbt <1,0,0,0> }
	no_shadow
}

// particle -1
sphere {
	<26.289240, 35.526642, 41.176582> 0.100000
	pigment { color rgbt <1,0,0,0> }
	no_shadow
}
sphere {
	0, 1
	scale<0.080000,0.200000,0.300000>
	matrix <-0.206973, -0.088525, 0.974333,
		0.559619, 0.806173, 0.192123,
		-0.802489, 0.585020, -0.117316,
		26.048492, 35.702148, 41.141388>
	pigment { color rgbt <0,1,1,0> }
	no_shadow
}
cylinder {
	<26.587997, 35.581589, 41.865803>,  <26.610235, 35.292633, 41.223507>, 0.130000
	pigment { color rgbt <1,0,0,0> }
	no_shadow
}

// nucleotide -1

// particle -1
sphere {
	<26.587997, 35.581589, 41.865803> 0.250000
	pigment { color rgbt <1,0,0,0> }
	no_shadow
}
cylinder {
	<26.229034, 35.664207, 41.709854>,  <26.013657, 35.713779, 41.616287>, 0.100000
	pigment { color rgbt <1,0,0,0> }
	no_shadow
}
cylinder {
	<26.229034, 35.664207, 41.709854>,  <26.587997, 35.581589, 41.865803>, 0.100000
	pigment { color rgbt <1,0,0,0> }
	no_shadow
}

// particle -1
sphere {
	<26.229034, 35.664207, 41.709854> 0.100000
	pigment { color rgbt <1,0,0,0> }
	no_shadow
}
sphere {
	0, 1
	scale<0.080000,0.200000,0.300000>
	matrix <-0.393269, 0.026078, 0.919053,
		0.199995, 0.978089, 0.057826,
		-0.897408, 0.206547, -0.389868,
		25.959812, 35.726173, 41.592896>
	pigment { color rgbt <0,1,1,0> }
	no_shadow
}
cylinder {
	<26.428686, 36.099689, 42.269077>,  <26.587997, 35.581589, 41.865803>, 0.130000
	pigment { color rgbt <1,0,0,0> }
	no_shadow
}

// nucleotide -1

// particle -1
sphere {
	<26.428686, 36.099689, 42.269077> 0.250000
	pigment { color rgbt <1,0,0,0> }
	no_shadow
}
cylinder {
	<26.110683, 35.921131, 42.104790>,  <25.919882, 35.813995, 42.006218>, 0.100000
	pigment { color rgbt <1,0,0,0> }
	no_shadow
}
cylinder {
	<26.110683, 35.921131, 42.104790>,  <26.428686, 36.099689, 42.269077>, 0.100000
	pigment { color rgbt <1,0,0,0> }
	no_shadow
}

// particle -1
sphere {
	<26.110683, 35.921131, 42.104790> 0.100000
	pigment { color rgbt <1,0,0,0> }
	no_shadow
}
sphere {
	0, 1
	scale<0.080000,0.200000,0.300000>
	matrix <-0.414131, -0.095327, 0.905212,
		-0.443235, 0.889744, -0.109079,
		-0.795009, -0.446394, -0.410723,
		25.872181, 35.787212, 41.981571>
	pigment { color rgbt <0,1,1,0> }
	no_shadow
}
cylinder {
	<25.966259, 36.292778, 42.728714>,  <26.428686, 36.099689, 42.269077>, 0.130000
	pigment { color rgbt <1,0,0,0> }
	no_shadow
}

// nucleotide -1

// particle -1
sphere {
	<25.966259, 36.292778, 42.728714> 0.250000
	pigment { color rgbt <1,0,0,0> }
	no_shadow
}
cylinder {
	<25.817049, 35.977100, 42.533562>,  <25.727524, 35.787693, 42.416470>, 0.100000
	pigment { color rgbt <1,0,0,0> }
	no_shadow
}
cylinder {
	<25.817049, 35.977100, 42.533562>,  <25.966259, 36.292778, 42.728714>, 0.100000
	pigment { color rgbt <1,0,0,0> }
	no_shadow
}

// particle -1
sphere {
	<25.817049, 35.977100, 42.533562> 0.100000
	pigment { color rgbt <1,0,0,0> }
	no_shadow
}
sphere {
	0, 1
	scale<0.080000,0.200000,0.300000>
	matrix <-0.424387, -0.322474, 0.846112,
		-0.825075, 0.522669, -0.214634,
		-0.373023, -0.789194, -0.487879,
		25.705141, 35.740341, 42.387199>
	pigment { color rgbt <0,1,1,0> }
	no_shadow
}
cylinder {
	<25.374174, 36.191208, 43.021126>,  <25.966259, 36.292778, 42.728714>, 0.130000
	pigment { color rgbt <1,0,0,0> }
	no_shadow
}

// nucleotide -1

// particle -1
sphere {
	<25.374174, 36.191208, 43.021126> 0.250000
	pigment { color rgbt <1,0,0,0> }
	no_shadow
}
cylinder {
	<25.434759, 35.828625, 42.863445>,  <25.471109, 35.611076, 42.768837>, 0.100000
	pigment { color rgbt <1,0,0,0> }
	no_shadow
}
cylinder {
	<25.434759, 35.828625, 42.863445>,  <25.374174, 36.191208, 43.021126>, 0.100000
	pigment { color rgbt <1,0,0,0> }
	no_shadow
}

// particle -1
sphere {
	<25.434759, 35.828625, 42.863445> 0.100000
	pigment { color rgbt <1,0,0,0> }
	no_shadow
}
sphere {
	0, 1
	scale<0.080000,0.200000,0.300000>
	matrix <-0.237450, -0.420493, 0.875673,
		-0.959519, -0.039028, -0.278927,
		0.151463, -0.906456, -0.394204,
		25.480198, 35.556686, 42.745186>
	pigment { color rgbt <0,1,1,0> }
	no_shadow
}
cylinder {
	<24.715946, 35.784176, 43.067719>,  <25.374174, 36.191208, 43.021126>, 0.130000
	pigment { color rgbt <1,0,0,0> }
	no_shadow
}

// nucleotide -1

// particle -1
sphere {
	<24.715946, 35.784176, 43.067719> 0.250000
	pigment { color rgbt <1,0,0,0> }
	no_shadow
}
cylinder {
	<25.020739, 35.526131, 43.045052>,  <25.203615, 35.371304, 43.031452>, 0.100000
	pigment { color rgbt <1,0,0,0> }
	no_shadow
}
cylinder {
	<25.020739, 35.526131, 43.045052>,  <24.715946, 35.784176, 43.067719>, 0.100000
	pigment { color rgbt <1,0,0,0> }
	no_shadow
}

// particle -1
sphere {
	<25.020739, 35.526131, 43.045052> 0.100000
	pigment { color rgbt <1,0,0,0> }
	no_shadow
}
sphere {
	0, 1
	scale<0.080000,0.200000,0.300000>
	matrix <-0.215367, -0.334962, 0.917288,
		-0.610738, -0.686752, -0.394171,
		0.761982, -0.645114, -0.056670,
		25.249332, 35.332596, 43.028049>
	pigment { color rgbt <0,1,1,0> }
	no_shadow
}
cylinder {
	<24.523897, 35.258385, 43.444954>,  <24.715946, 35.784176, 43.067719>, 0.130000
	pigment { color rgbt <1,0,0,0> }
	no_shadow
}

// nucleotide -1

// particle -1
sphere {
	<24.523897, 35.258385, 43.444954> 0.250000
	pigment { color rgbt <1,0,0,0> }
	no_shadow
}
cylinder {
	<24.914124, 35.170860, 43.437012>,  <25.148260, 35.118347, 43.432247>, 0.100000
	pigment { color rgbt <1,0,0,0> }
	no_shadow
}
cylinder {
	<24.914124, 35.170860, 43.437012>,  <24.523897, 35.258385, 43.444954>, 0.100000
	pigment { color rgbt <1,0,0,0> }
	no_shadow
}

// particle -1
sphere {
	<24.914124, 35.170860, 43.437012> 0.100000
	pigment { color rgbt <1,0,0,0> }
	no_shadow
}
sphere {
	0, 1
	scale<0.080000,0.200000,0.300000>
	matrix <-0.041730, -0.273281, 0.961029,
		-0.215704, -0.936719, -0.275735,
		0.975567, -0.218804, -0.019859,
		25.206793, 35.105217, 43.431053>
	pigment { color rgbt <0,1,1,0> }
	no_shadow
}
cylinder {
	<24.667303, 34.640137, 43.675938>,  <24.523897, 35.258385, 43.444954>, 0.130000
	pigment { color rgbt <1,0,0,0> }
	no_shadow
}

// nucleotide -1

// particle -1
sphere {
	<24.667303, 34.640137, 43.675938> 0.250000
	pigment { color rgbt <1,0,0,0> }
	no_shadow
}
cylinder {
	<25.025867, 34.805370, 43.740200>,  <25.241005, 34.904510, 43.778759>, 0.100000
	pigment { color rgbt <1,0,0,0> }
	no_shadow
}
cylinder {
	<25.025867, 34.805370, 43.740200>,  <24.667303, 34.640137, 43.675938>, 0.100000
	pigment { color rgbt <1,0,0,0> }
	no_shadow
}

// particle -1
sphere {
	<25.025867, 34.805370, 43.740200> 0.100000
	pigment { color rgbt <1,0,0,0> }
	no_shadow
}
sphere {
	0, 1
	scale<0.080000,0.200000,0.300000>
	matrix <0.011818, -0.384620, 0.922999,
		0.443069, -0.825487, -0.349659,
		0.896410, 0.413085, 0.160658,
		25.294790, 34.929295, 43.788399>
	pigment { color rgbt <0,1,1,0> }
	no_shadow
}
cylinder {
	<24.984152, 34.104412, 43.980671>,  <24.667303, 34.640137, 43.675938>, 0.130000
	pigment { color rgbt <1,0,0,0> }
	no_shadow
}

// nucleotide -1

// particle -1
sphere {
	<24.984152, 34.104412, 43.980671> 0.250000
	pigment { color rgbt <1,0,0,0> }
	no_shadow
}
cylinder {
	<25.195360, 34.430710, 44.075115>,  <25.322086, 34.626488, 44.131783>, 0.100000
	pigment { color rgbt <1,0,0,0> }
	no_shadow
}
cylinder {
	<25.195360, 34.430710, 44.075115>,  <24.984152, 34.104412, 43.980671>, 0.100000
	pigment { color rgbt <1,0,0,0> }
	no_shadow
}

// particle -1
sphere {
	<25.195360, 34.430710, 44.075115> 0.100000
	pigment { color rgbt <1,0,0,0> }
	no_shadow
}
sphere {
	0, 1
	scale<0.080000,0.200000,0.300000>
	matrix <-0.202837, -0.148837, 0.967835,
		0.824651, -0.558931, 0.086874,
		0.528023, 0.815747, 0.236111,
		25.353767, 34.675434, 44.145950>
	pigment { color rgbt <0,1,1,0> }
	no_shadow
}
cylinder {
	<25.664091, 33.839916, 43.587524>,  <24.984152, 34.104412, 43.980671>, 0.130000
	pigment { color rgbt <1,0,0,0> }
	no_shadow
}

// nucleotide -1

// particle -1
sphere {
	<25.664091, 33.839916, 43.587524> 0.250000
	pigment { color rgbt <1,0,0,0> }
	no_shadow
}
cylinder {
	<25.594267, 33.515827, 43.811337>,  <25.552372, 33.321373, 43.945625>, 0.100000
	pigment { color rgbt <1,0,0,0> }
	no_shadow
}
cylinder {
	<25.594267, 33.515827, 43.811337>,  <25.664091, 33.839916, 43.587524>, 0.100000
	pigment { color rgbt <1,0,0,0> }
	no_shadow
}

// particle -1
sphere {
	<25.594267, 33.515827, 43.811337> 0.100000
	pigment { color rgbt <1,0,0,0> }
	no_shadow
}
sphere {
	0, 1
	scale<0.080000,0.200000,0.300000>
	matrix <0.978424, -0.206514, 0.006205,
		0.110523, 0.548540, 0.828788,
		-0.174559, -0.810220, 0.559529,
		25.541899, 33.272762, 43.979195>
	pigment { color rgbt <0,1,1,0> }
	no_shadow
}
cylinder {
	<25.936932, 33.832001, 44.235847>,  <25.664091, 33.839916, 43.587524>, 0.130000
	pigment { color rgbt <1,0,0,0> }
	no_shadow
}

// nucleotide -1

// particle -1
sphere {
	<25.936932, 33.832001, 44.235847> 0.250000
	pigment { color rgbt <1,0,0,0> }
	no_shadow
}
cylinder {
	<25.901001, 33.456554, 44.102619>,  <25.879442, 33.231289, 44.022682>, 0.100000
	pigment { color rgbt <1,0,0,0> }
	no_shadow
}
cylinder {
	<25.901001, 33.456554, 44.102619>,  <25.936932, 33.832001, 44.235847>, 0.100000
	pigment { color rgbt <1,0,0,0> }
	no_shadow
}

// particle -1
sphere {
	<25.901001, 33.456554, 44.102619> 0.100000
	pigment { color rgbt <1,0,0,0> }
	no_shadow
}
sphere {
	0, 1
	scale<0.080000,0.200000,0.300000>
	matrix <0.993974, -0.063389, -0.089436,
		0.062832, -0.339097, 0.938651,
		-0.089828, -0.938613, -0.333070,
		25.874052, 33.174969, 44.002697>
	pigment { color rgbt <0,1,1,0> }
	no_shadow
}
cylinder {
	<26.164450, 33.330471, 44.738152>,  <25.936932, 33.832001, 44.235847>, 0.130000
	pigment { color rgbt <1,0,0,0> }
	no_shadow
}

// nucleotide -1

// particle -1
sphere {
	<26.164450, 33.330471, 44.738152> 0.250000
	pigment { color rgbt <1,0,0,0> }
	no_shadow
}
cylinder {
	<26.197834, 33.207623, 44.358952>,  <26.217865, 33.133911, 44.131432>, 0.100000
	pigment { color rgbt <1,0,0,0> }
	no_shadow
}
cylinder {
	<26.197834, 33.207623, 44.358952>,  <26.164450, 33.330471, 44.738152>, 0.100000
	pigment { color rgbt <1,0,0,0> }
	no_shadow
}

// particle -1
sphere {
	<26.197834, 33.207623, 44.358952> 0.100000
	pigment { color rgbt <1,0,0,0> }
	no_shadow
}
sphere {
	0, 1
	scale<0.080000,0.200000,0.300000>
	matrix <0.982988, -0.130821, 0.128924,
		-0.163614, -0.942635, 0.290981,
		0.083462, -0.307124, -0.948003,
		26.222872, 33.115486, 44.074551>
	pigment { color rgbt <0,1,1,0> }
	no_shadow
}
cylinder {
	<26.320761, 32.559368, 44.616032>,  <26.164450, 33.330471, 44.738152>, 0.130000
	pigment { color rgbt <1,0,0,0> }
	no_shadow
}

// nucleotide -1

// particle -1
sphere {
	<26.320761, 32.559368, 44.616032> 0.250000
	pigment { color rgbt <1,0,0,0> }
	no_shadow
}
cylinder {
	<26.491915, 32.792236, 44.339485>,  <26.594606, 32.931957, 44.173557>, 0.100000
	pigment { color rgbt <1,0,0,0> }
	no_shadow
}
cylinder {
	<26.491915, 32.792236, 44.339485>,  <26.320761, 32.559368, 44.616032>, 0.100000
	pigment { color rgbt <1,0,0,0> }
	no_shadow
}

// particle -1
sphere {
	<26.491915, 32.792236, 44.339485> 0.100000
	pigment { color rgbt <1,0,0,0> }
	no_shadow
}
sphere {
	0, 1
	scale<0.080000,0.200000,0.300000>
	matrix <0.903779, -0.284052, 0.320154,
		-0.010000, -0.761832, -0.647698,
		0.427883, 0.582174, -0.691368,
		26.620279, 32.966888, 44.132076>
	pigment { color rgbt <0,1,1,0> }
	no_shadow
}
cylinder {
	<26.791693, 32.239567, 44.141216>,  <26.320761, 32.559368, 44.616032>, 0.130000
	pigment { color rgbt <1,0,0,0> }
	no_shadow
}

// nucleotide -1

// particle -1
sphere {
	<26.791693, 32.239567, 44.141216> 0.250000
	pigment { color rgbt <1,0,0,0> }
	no_shadow
}
cylinder {
	<26.929783, 32.611675, 44.190880>,  <27.012636, 32.834942, 44.220676>, 0.100000
	pigment { color rgbt <1,0,0,0> }
	no_shadow
}
cylinder {
	<26.929783, 32.611675, 44.190880>,  <26.791693, 32.239567, 44.141216>, 0.100000
	pigment { color rgbt <1,0,0,0> }
	no_shadow
}

// particle -1
sphere {
	<26.929783, 32.611675, 44.190880> 0.100000
	pigment { color rgbt <1,0,0,0> }
	no_shadow
}
sphere {
	0, 1
	scale<0.080000,0.200000,0.300000>
	matrix <0.903341, -0.365244, 0.224883,
		0.254549, 0.034520, -0.966443,
		0.345224, 0.930272, 0.124156,
		27.033350, 32.890759, 44.228127>
	pigment { color rgbt <0,1,1,0> }
	no_shadow
}
cylinder {
	<27.378553, 32.286755, 43.652840>,  <26.791693, 32.239567, 44.141216>, 0.130000
	pigment { color rgbt <1,0,0,0> }
	no_shadow
}

// nucleotide -1

// particle -1
sphere {
	<27.378553, 32.286755, 43.652840> 0.250000
	pigment { color rgbt <1,0,0,0> }
	no_shadow
}
cylinder {
	<27.368851, 32.490223, 43.997086>,  <27.363029, 32.612305, 44.203632>, 0.100000
	pigment { color rgbt <1,0,0,0> }
	no_shadow
}
cylinder {
	<27.368851, 32.490223, 43.997086>,  <27.378553, 32.286755, 43.652840>, 0.100000
	pigment { color rgbt <1,0,0,0> }
	no_shadow
}

// particle -1
sphere {
	<27.368851, 32.490223, 43.997086> 0.100000
	pigment { color rgbt <1,0,0,0> }
	no_shadow
}
sphere {
	0, 1
	scale<0.080000,0.200000,0.300000>
	matrix <0.732395, -0.576909, 0.361626,
		0.680448, 0.639086, -0.358554,
		-0.024257, 0.508671, 0.860619,
		27.361574, 32.642826, 44.255272>
	pigment { color rgbt <0,1,1,0> }
	no_shadow
}
cylinder {
	<27.217512, 31.776184, 43.292686>,  <27.378553, 32.286755, 43.652840>, 0.130000
	pigment { color rgbt <1,0,0,0> }
	no_shadow
}

// nucleotide -1

// particle -1
sphere {
	<27.217512, 31.776184, 43.292686> 0.250000
	pigment { color rgbt <1,0,0,0> }
	no_shadow
}
cylinder {
	<27.385977, 31.430296, 43.183231>,  <27.487057, 31.222763, 43.117558>, 0.100000
	pigment { color rgbt <1,0,0,0> }
	no_shadow
}
cylinder {
	<27.385977, 31.430296, 43.183231>,  <27.217512, 31.776184, 43.292686>, 0.100000
	pigment { color rgbt <1,0,0,0> }
	no_shadow
}

// particle -1
sphere {
	<27.385977, 31.430296, 43.183231> 0.100000
	pigment { color rgbt <1,0,0,0> }
	no_shadow
}
sphere {
	0, 1
	scale<0.080000,0.200000,0.300000>
	matrix <-0.238288, 0.185606, -0.953294,
		0.875123, 0.466697, -0.127883,
		0.421163, -0.864722, -0.273637,
		27.512325, 31.170879, 43.101139>
	pigment { color rgbt <0,1,1,0> }
	no_shadow
}
cylinder {
	<27.862253, 31.885376, 42.875793>,  <27.217512, 31.776184, 43.292686>, 0.130000
	pigment { color rgbt <1,0,0,0> }
	no_shadow
}

// nucleotide -1

// particle -1
sphere {
	<27.862253, 31.885376, 42.875793> 0.250000
	pigment { color rgbt <1,0,0,0> }
	no_shadow
}
cylinder {
	<27.642174, 31.567715, 42.772560>,  <27.510126, 31.377119, 42.710621>, 0.100000
	pigment { color rgbt <1,0,0,0> }
	no_shadow
}
cylinder {
	<27.642174, 31.567715, 42.772560>,  <27.862253, 31.885376, 42.875793>, 0.100000
	pigment { color rgbt <1,0,0,0> }
	no_shadow
}

// particle -1
sphere {
	<27.642174, 31.567715, 42.772560> 0.100000
	pigment { color rgbt <1,0,0,0> }
	no_shadow
}
sphere {
	0, 1
	scale<0.080000,0.200000,0.300000>
	matrix <-0.140853, 0.392904, -0.908728,
		0.823070, -0.463628, -0.328033,
		-0.550197, -0.794151, -0.258084,
		27.477114, 31.329470, 42.695133>
	pigment { color rgbt <0,1,1,0> }
	no_shadow
}
cylinder {
	<28.215580, 31.446863, 42.360363>,  <27.862253, 31.885376, 42.875793>, 0.130000
	pigment { color rgbt <1,0,0,0> }
	no_shadow
}

// nucleotide -1

// particle -1
sphere {
	<28.215580, 31.446863, 42.360363> 0.250000
	pigment { color rgbt <1,0,0,0> }
	no_shadow
}
cylinder {
	<27.816500, 31.472273, 42.350880>,  <27.577051, 31.487518, 42.345188>, 0.100000
	pigment { color rgbt <1,0,0,0> }
	no_shadow
}
cylinder {
	<27.816500, 31.472273, 42.350880>,  <28.215580, 31.446863, 42.360363>, 0.100000
	pigment { color rgbt <1,0,0,0> }
	no_shadow
}

// particle -1
sphere {
	<27.816500, 31.472273, 42.350880> 0.100000
	pigment { color rgbt <1,0,0,0> }
	no_shadow
}
sphere {
	0, 1
	scale<0.080000,0.200000,0.300000>
	matrix <0.054199, 0.537004, -0.841837,
		-0.040747, -0.841184, -0.539211,
		-0.997699, 0.063527, -0.023710,
		27.517191, 31.491331, 42.343765>
	pigment { color rgbt <0,1,1,0> }
	no_shadow
}
cylinder {
	<27.896667, 31.183556, 41.702129>,  <28.215580, 31.446863, 42.360363>, 0.130000
	pigment { color rgbt <1,0,0,0> }
	no_shadow
}

// nucleotide -1

// particle -1
sphere {
	<27.896667, 31.183556, 41.702129> 0.250000
	pigment { color rgbt <1,0,0,0> }
	no_shadow
}
cylinder {
	<27.661982, 31.469461, 41.854378>,  <27.521170, 31.641005, 41.945728>, 0.100000
	pigment { color rgbt <1,0,0,0> }
	no_shadow
}
cylinder {
	<27.661982, 31.469461, 41.854378>,  <27.896667, 31.183556, 41.702129>, 0.100000
	pigment { color rgbt <1,0,0,0> }
	no_shadow
}

// particle -1
sphere {
	<27.661982, 31.469461, 41.854378> 0.100000
	pigment { color rgbt <1,0,0,0> }
	no_shadow
}
sphere {
	0, 1
	scale<0.080000,0.200000,0.300000>
	matrix <0.111491, 0.536849, -0.836279,
		-0.802082, -0.448221, -0.394668,
		-0.586715, 0.714766, 0.380624,
		27.485968, 31.683891, 41.968563>
	pigment { color rgbt <0,1,1,0> }
	no_shadow
}
cylinder {
	<27.321960, 31.248438, 41.296570>,  <27.896667, 31.183556, 41.702129>, 0.130000
	pigment { color rgbt <1,0,0,0> }
	no_shadow
}

// nucleotide -1

// particle -1
sphere {
	<27.321960, 31.248438, 41.296570> 0.250000
	pigment { color rgbt <1,0,0,0> }
	no_shadow
}
cylinder {
	<27.363190, 31.608936, 41.464916>,  <27.387928, 31.825235, 41.565926>, 0.100000
	pigment { color rgbt <1,0,0,0> }
	no_shadow
}
cylinder {
	<27.363190, 31.608936, 41.464916>,  <27.321960, 31.248438, 41.296570>, 0.100000
	pigment { color rgbt <1,0,0,0> }
	no_shadow
}

// particle -1
sphere {
	<27.363190, 31.608936, 41.464916> 0.100000
	pigment { color rgbt <1,0,0,0> }
	no_shadow
}
sphere {
	0, 1
	scale<0.080000,0.200000,0.300000>
	matrix <0.021938, 0.420959, -0.906814,
		-0.994432, 0.102700, 0.023618,
		0.103072, 0.901247, 0.420868,
		27.394112, 31.879311, 41.591175>
	pigment { color rgbt <0,1,1,0> }
	no_shadow
}
cylinder {
	<26.902229, 31.779978, 41.008087>,  <27.321960, 31.248438, 41.296570>, 0.130000
	pigment { color rgbt <1,0,0,0> }
	no_shadow
}

// nucleotide -1

// particle -1
sphere {
	<26.902229, 31.779978, 41.008087> 0.250000
	pigment { color rgbt <1,0,0,0> }
	no_shadow
}
cylinder {
	<27.180170, 32.021049, 41.165039>,  <27.346933, 32.165691, 41.259209>, 0.100000
	pigment { color rgbt <1,0,0,0> }
	no_shadow
}
cylinder {
	<27.180170, 32.021049, 41.165039>,  <26.902229, 31.779978, 41.008087>, 0.100000
	pigment { color rgbt <1,0,0,0> }
	no_shadow
}

// particle -1
sphere {
	<27.180170, 32.021049, 41.165039> 0.100000
	pigment { color rgbt <1,0,0,0> }
	no_shadow
}
sphere {
	0, 1
	scale<0.080000,0.200000,0.300000>
	matrix <-0.076872, 0.604727, -0.792714,
		-0.715034, 0.520655, 0.466524,
		0.694851, 0.602680, 0.392377,
		27.388626, 32.201855, 41.282753>
	pigment { color rgbt <0,1,1,0> }
	no_shadow
}
cylinder {
	<26.753338, 32.386829, 40.656441>,  <26.902229, 31.779978, 41.008087>, 0.130000
	pigment { color rgbt <1,0,0,0> }
	no_shadow
}

// nucleotide -1

// particle -1
sphere {
	<26.753338, 32.386829, 40.656441> 0.250000
	pigment { color rgbt <1,0,0,0> }
	no_shadow
}
cylinder {
	<27.105761, 32.435059, 40.839394>,  <27.317215, 32.463997, 40.949165>, 0.100000
	pigment { color rgbt <1,0,0,0> }
	no_shadow
}
cylinder {
	<27.105761, 32.435059, 40.839394>,  <26.753338, 32.386829, 40.656441>, 0.100000
	pigment { color rgbt <1,0,0,0> }
	no_shadow
}

// particle -1
sphere {
	<27.105761, 32.435059, 40.839394> 0.100000
	pigment { color rgbt <1,0,0,0> }
	no_shadow
}
sphere {
	0, 1
	scale<0.080000,0.200000,0.300000>
	matrix <0.308278, 0.587012, -0.748586,
		-0.358751, 0.800548, 0.480020,
		0.881057, 0.120577, 0.457383,
		27.370077, 32.471233, 40.976608>
	pigment { color rgbt <0,1,1,0> }
	no_shadow
}
cylinder {
	<26.907021, 33.086544, 40.686981>,  <26.753338, 32.386829, 40.656441>, 0.130000
	pigment { color rgbt <1,0,0,0> }
	no_shadow
}

// nucleotide -1

// particle -1
sphere {
	<26.907021, 33.086544, 40.686981> 0.250000
	pigment { color rgbt <1,0,0,0> }
	no_shadow
}
cylinder {
	<27.256119, 32.895317, 40.726517>,  <27.465578, 32.780582, 40.750240>, 0.100000
	pigment { color rgbt <1,0,0,0> }
	no_shadow
}
cylinder {
	<27.256119, 32.895317, 40.726517>,  <26.907021, 33.086544, 40.686981>, 0.100000
	pigment { color rgbt <1,0,0,0> }
	no_shadow
}

// particle -1
sphere {
	<27.256119, 32.895317, 40.726517> 0.100000
	pigment { color rgbt <1,0,0,0> }
	no_shadow
}
sphere {
	0, 1
	scale<0.080000,0.200000,0.300000>
	matrix <0.398997, 0.581878, -0.708675,
		0.281281, 0.657929, 0.698578,
		0.872744, -0.478067, 0.098841,
		27.517942, 32.751896, 40.756168>
	pigment { color rgbt <0,1,1,0> }
	no_shadow
}
cylinder {
	<27.369202, 33.610008, 40.753456>,  <26.907021, 33.086544, 40.686981>, 0.130000
	pigment { color rgbt <1,0,0,0> }
	no_shadow
}

// nucleotide -1

// particle -1
sphere {
	<27.369202, 33.610008, 40.753456> 0.250000
	pigment { color rgbt <1,0,0,0> }
	no_shadow
}
cylinder {
	<27.569214, 33.286346, 40.630016>,  <27.689220, 33.092148, 40.555954>, 0.100000
	pigment { color rgbt <1,0,0,0> }
	no_shadow
}
cylinder {
	<27.569214, 33.286346, 40.630016>,  <27.369202, 33.610008, 40.753456>, 0.100000
	pigment { color rgbt <1,0,0,0> }
	no_shadow
}

// particle -1
sphere {
	<27.569214, 33.286346, 40.630016> 0.100000
	pigment { color rgbt <1,0,0,0> }
	no_shadow
}
sphere {
	0, 1
	scale<0.080000,0.200000,0.300000>
	matrix <0.376254, 0.523943, -0.764145,
