// switches for output
#declare DRAW_BASES = 1; // possible values are 0, 1; only relevant for DNA ribbons
#declare DRAW_BASES_TYPE = 3; // possible values are 1, 2, 3; only relevant for DNA ribbons
#declare DRAW_FOG = 0; // set to 1 to enable fog

#include "colors.inc"

#include "transforms.inc"
background { rgb <1, 1, 1>}

#default {
   normal{
       ripples 0.25
       frequency 0.20
       turbulence 0.2
       lambda 5
   }
	finish {
		phong 0.1
		phong_size 40.
	}
}

// original window dimensions: 1024x640


// camera settings

camera {
	sky <0, 0.179814, -0.983701>
	up <0, 0.179814, -0.983701>
	right 1.6 * <1, 0, 0>
	location <35, 94.9851, 44.8844>
	look_at <35, 29.7336, 32.9568>
	direction <0, -65.2515, -11.9276>
	angle 67.0682
}


# declare cpy_camera_pos = <35, 94.9851, 44.8844>;
# if (DRAW_FOG = 1)
fog {
	fog_type 2
	up vnormalize(cpy_camera_pos)
	color rgbt<1,1,1,0.3>
	distance 1e-5
	fog_alt 3e-3
	fog_offset 56
}
# end


// LIGHTS

# declare lum = 6;
global_settings {
	ambient_light rgb lum * <0.05, 0.05, 0.05>
	max_trace_level 15
}# declare cpy_direct_light_amount = 0.25;
light_source
{	1000 * <-1, -1.16352, -0.803886>,
	rgb lum * cpy_direct_light_amount
	parallel
}

light_source
{	1000 * <1, 1.16352, 0.803886>,
	rgb lum * cpy_direct_light_amount
	parallel
}

// strand 0

// nucleotide -1

// particle -1
sphere {
	<24.607100, 34.923542, 35.220646> 0.250000
	pigment { color rgbt <1,0,0,0> }
	no_shadow
}
cylinder {
	<24.358835, 35.230808, 35.157776>,  <24.209877, 35.415169, 35.120052>, 0.100000
	pigment { color rgbt <1,0,0,0> }
	no_shadow
}
cylinder {
	<24.358835, 35.230808, 35.157776>,  <24.607100, 34.923542, 35.220646>, 0.100000
	pigment { color rgbt <1,0,0,0> }
	no_shadow
}

// particle -1
sphere {
	<24.358835, 35.230808, 35.157776> 0.100000
	pigment { color rgbt <1,0,0,0> }
	no_shadow
}
sphere {
	0, 1
	scale<0.080000,0.200000,0.300000>
	matrix <-0.314443, -0.060220, 0.947364,
		0.718264, 0.637417, 0.278920,
		-0.620663, 0.768162, -0.157178,
		24.172636, 35.461258, 35.110622>
	pigment { color rgbt <0,1,1,0> }
	no_shadow
}
cylinder {
	<24.825809, 35.679844, 35.277218>,  <24.607100, 34.923542, 35.220646>, 0.130000
	pigment { color rgbt <1,0,0,0> }
	no_shadow
}

// nucleotide -1

// particle -1
sphere {
	<24.825809, 35.679844, 35.277218> 0.250000
	pigment { color rgbt <1,0,0,0> }
	no_shadow
}
cylinder {
	<24.917936, 36.064999, 35.220940>,  <24.973211, 36.296093, 35.187172>, 0.100000
	pigment { color rgbt <1,0,0,0> }
	no_shadow
}
cylinder {
	<24.917936, 36.064999, 35.220940>,  <24.825809, 35.679844, 35.277218>, 0.100000
	pigment { color rgbt <1,0,0,0> }
	no_shadow
}

// particle -1
sphere {
	<24.917936, 36.064999, 35.220940> 0.100000
	pigment { color rgbt <1,0,0,0> }
	no_shadow
}
sphere {
	0, 1
	scale<0.080000,0.200000,0.300000>
	matrix <-0.396291, 0.224857, 0.890164,
		0.888768, -0.149262, 0.433374,
		0.230315, 0.962891, -0.140694,
		24.987030, 36.353867, 35.178730>
	pigment { color rgbt <0,1,1,0> }
	no_shadow
}
cylinder {
	<25.543995, 35.472107, 35.716022>,  <24.825809, 35.679844, 35.277218>, 0.130000
	pigment { color rgbt <1,0,0,0> }
	no_shadow
}

// nucleotide -1

// particle -1
sphere {
	<25.543995, 35.472107, 35.716022> 0.250000
	pigment { color rgbt <1,0,0,0> }
	no_shadow
}
cylinder {
	<25.716654, 35.523872, 36.073109>,  <25.820250, 35.554932, 36.287361>, 0.100000
	pigment { color rgbt <1,0,0,0> }
	no_shadow
}
cylinder {
	<25.716654, 35.523872, 36.073109>,  <25.543995, 35.472107, 35.716022>, 0.100000
	pigment { color rgbt <1,0,0,0> }
	no_shadow
}

// particle -1
sphere {
	<25.716654, 35.523872, 36.073109> 0.100000
	pigment { color rgbt <1,0,0,0> }
	no_shadow
}
sphere {
	0, 1
	scale<0.080000,0.200000,0.300000>
	matrix <0.739370, 0.516164, -0.432327,
		-0.516734, 0.846657, 0.127117,
		0.431646, 0.129411, 0.892712,
		25.846148, 35.562695, 36.340923>
	pigment { color rgbt <0,1,1,0> }
	no_shadow
}
cylinder {
	<26.016281, 36.169830, 35.715767>,  <25.543995, 35.472107, 35.716022>, 0.130000
	pigment { color rgbt <1,0,0,0> }
	no_shadow
}

// nucleotide -1

// particle -1
sphere {
	<26.016281, 36.169830, 35.715767> 0.250000
	pigment { color rgbt <1,0,0,0> }
	no_shadow
}
cylinder {
	<26.136662, 35.900276, 35.985672>,  <26.208889, 35.738544, 36.147614>, 0.100000
	pigment { color rgbt <1,0,0,0> }
	no_shadow
}
cylinder {
	<26.136662, 35.900276, 35.985672>,  <26.016281, 36.169830, 35.715767>, 0.100000
	pigment { color rgbt <1,0,0,0> }
	no_shadow
}

// particle -1
sphere {
	<26.136662, 35.900276, 35.985672> 0.100000
	pigment { color rgbt <1,0,0,0> }
	no_shadow
}
sphere {
	0, 1
	scale<0.080000,0.200000,0.300000>
	matrix <0.952327, 0.249487, -0.175584,
		-0.050020, 0.695435, 0.716846,
		0.300951, -0.673889, 0.674760,
		26.226948, 35.698109, 36.188099>
	pigment { color rgbt <0,1,1,0> }
	no_shadow
}
cylinder {
	<26.510323, 36.538391, 35.243137>,  <26.016281, 36.169830, 35.715767>, 0.130000
	pigment { color rgbt <1,0,0,0> }
	no_shadow
}

// nucleotide -1

// particle -1
sphere {
	<26.510323, 36.538391, 35.243137> 0.250000
	pigment { color rgbt <1,0,0,0> }
	no_shadow
}
cylinder {
	<26.815994, 36.411198, 35.467609>,  <26.999397, 36.334881, 35.602291>, 0.100000
	pigment { color rgbt <1,0,0,0> }
	no_shadow
}
cylinder {
	<26.815994, 36.411198, 35.467609>,  <26.510323, 36.538391, 35.243137>, 0.100000
	pigment { color rgbt <1,0,0,0> }
	no_shadow
}

// particle -1
sphere {
	<26.815994, 36.411198, 35.467609> 0.100000
	pigment { color rgbt <1,0,0,0> }
	no_shadow
}
sphere {
	0, 1
	scale<0.080000,0.200000,0.300000>
	matrix <0.622115, 0.593089, -0.511095,
		-0.170307, 0.739684, 0.651048,
		0.764178, -0.317984, 0.561176,
		27.045248, 36.315804, 35.635963>
	pigment { color rgbt <0,1,1,0> }
	no_shadow
}
cylinder {
	<26.901470, 37.120697, 35.526440>,  <26.510323, 36.538391, 35.243137>, 0.130000
	pigment { color rgbt <1,0,0,0> }
	no_shadow
}

// nucleotide -1

// particle -1
sphere {
	<26.901470, 37.120697, 35.526440> 0.250000
	pigment { color rgbt <1,0,0,0> }
	no_shadow
}
cylinder {
	<27.157393, 36.813293, 35.528801>,  <27.310946, 36.628849, 35.530216>, 0.100000
	pigment { color rgbt <1,0,0,0> }
	no_shadow
}
cylinder {
	<27.157393, 36.813293, 35.528801>,  <26.901470, 37.120697, 35.526440>, 0.100000
	pigment { color rgbt <1,0,0,0> }
	no_shadow
}

// particle -1
sphere {
	<27.157393, 36.813293, 35.528801> 0.100000
	pigment { color rgbt <1,0,0,0> }
	no_shadow
}
sphere {
	0, 1
	scale<0.080000,0.200000,0.300000>
	matrix <0.665311, 0.550009, -0.504828,
		0.384720, 0.326921, 0.863200,
		0.639806, -0.768514, 0.005905,
		27.349335, 36.582741, 35.530571>
	pigment { color rgbt <0,1,1,0> }
	no_shadow
}
cylinder {
	<27.496189, 37.475971, 35.591908>,  <26.901470, 37.120697, 35.526440>, 0.130000
	pigment { color rgbt <1,0,0,0> }
	no_shadow
}

// nucleotide -1

// particle -1
sphere {
	<27.496189, 37.475971, 35.591908> 0.250000
	pigment { color rgbt <1,0,0,0> }
	no_shadow
}
cylinder {
	<27.620316, 37.115253, 35.471596>,  <27.694792, 36.898823, 35.399410>, 0.100000
	pigment { color rgbt <1,0,0,0> }
	no_shadow
}
cylinder {
	<27.620316, 37.115253, 35.471596>,  <27.496189, 37.475971, 35.591908>, 0.100000
	pigment { color rgbt <1,0,0,0> }
	no_shadow
}

// particle -1
sphere {
	<27.620316, 37.115253, 35.471596> 0.100000
	pigment { color rgbt <1,0,0,0> }
	no_shadow
}
sphere {
	0, 1
	scale<0.080000,0.200000,0.300000>
	matrix <0.751373, 0.426495, -0.503528,
		0.582359, -0.069741, 0.809934,
		0.310317, -0.901797, -0.300775,
		27.713411, 36.844715, 35.381363>
	pigment { color rgbt <0,1,1,0> }
	no_shadow
}
cylinder {
	<28.193817, 37.422394, 35.738426>,  <27.496189, 37.475971, 35.591908>, 0.130000
	pigment { color rgbt <1,0,0,0> }
	no_shadow
}

// nucleotide -1

// particle -1
sphere {
	<28.193817, 37.422394, 35.738426> 0.250000
	pigment { color rgbt <1,0,0,0> }
	no_shadow
}
cylinder {
	<28.123835, 37.149467, 35.454498>,  <28.081844, 36.985714, 35.284142>, 0.100000
	pigment { color rgbt <1,0,0,0> }
	no_shadow
}
cylinder {
	<28.123835, 37.149467, 35.454498>,  <28.193817, 37.422394, 35.738426>, 0.100000
	pigment { color rgbt <1,0,0,0> }
	no_shadow
}

// particle -1
sphere {
	<28.123835, 37.149467, 35.454498> 0.100000
	pigment { color rgbt <1,0,0,0> }
	no_shadow
}
sphere {
	0, 1
	scale<0.080000,0.200000,0.300000>
	matrix <0.657443, 0.455700, -0.600089,
		0.732912, -0.571654, 0.368853,
		-0.174957, -0.682312, -0.709817,
		28.071348, 36.944775, 35.241554>
	pigment { color rgbt <0,1,1,0> }
	no_shadow
}
cylinder {
	<28.855558, 37.244740, 35.481335>,  <28.193817, 37.422394, 35.738426>, 0.130000
	pigment { color rgbt <1,0,0,0> }
	no_shadow
}

// nucleotide -1

// particle -1
sphere {
	<28.855558, 37.244740, 35.481335> 0.250000
	pigment { color rgbt <1,0,0,0> }
	no_shadow
}
cylinder {
	<28.582888, 37.139156, 35.208382>,  <28.419285, 37.075806, 35.044609>, 0.100000
	pigment { color rgbt <1,0,0,0> }
	no_shadow
}
cylinder {
	<28.582888, 37.139156, 35.208382>,  <28.855558, 37.244740, 35.481335>, 0.100000
	pigment { color rgbt <1,0,0,0> }
	no_shadow
}

// particle -1
sphere {
	<28.582888, 37.139156, 35.208382> 0.100000
	pigment { color rgbt <1,0,0,0> }
	no_shadow
}
sphere {
	0, 1
	scale<0.080000,0.200000,0.300000>
	matrix <0.597317, 0.337833, -0.727380,
		0.422526, -0.903436, -0.072628,
		-0.681678, -0.263955, -0.682381,
		28.378384, 37.059971, 35.003666>
	pigment { color rgbt <0,1,1,0> }
	no_shadow
}
cylinder {
	<29.189880, 36.880219, 34.996326>,  <28.855558, 37.244740, 35.481335>, 0.130000
	pigment { color rgbt <1,0,0,0> }
	no_shadow
}

// nucleotide -1

// particle -1
sphere {
	<29.189880, 36.880219, 34.996326> 0.250000
	pigment { color rgbt <1,0,0,0> }
	no_shadow
}
cylinder {
	<28.870262, 37.006081, 34.791382>,  <28.678492, 37.081596, 34.668415>, 0.100000
	pigment { color rgbt <1,0,0,0> }
	no_shadow
}
cylinder {
	<28.870262, 37.006081, 34.791382>,  <29.189880, 36.880219, 34.996326>, 0.100000
	pigment { color rgbt <1,0,0,0> }
	no_shadow
}

// particle -1
sphere {
	<28.870262, 37.006081, 34.791382> 0.100000
	pigment { color rgbt <1,0,0,0> }
	no_shadow
}
sphere {
	0, 1
	scale<0.080000,0.200000,0.300000>
	matrix <0.569127, 0.120932, -0.813308,
		-0.193951, -0.941471, -0.275709,
		-0.799047, 0.314655, -0.512362,
		28.630548, 37.100479, 34.637672>
	pigment { color rgbt <0,1,1,0> }
	no_shadow
}
cylinder {
	<29.397121, 36.649338, 34.353848>,  <29.189880, 36.880219, 34.996326>, 0.130000
	pigment { color rgbt <1,0,0,0> }
	no_shadow
}

// nucleotide -1

// particle -1
sphere {
	<29.397121, 36.649338, 34.353848> 0.250000
	pigment { color rgbt <1,0,0,0> }
	no_shadow
}
cylinder {
	<29.083750, 36.885284, 34.275574>,  <28.895727, 37.026852, 34.228611>, 0.100000
	pigment { color rgbt <1,0,0,0> }
	no_shadow
}
cylinder {
	<29.083750, 36.885284, 34.275574>,  <29.397121, 36.649338, 34.353848>, 0.100000
	pigment { color rgbt <1,0,0,0> }
	no_shadow
}

// particle -1
sphere {
	<29.083750, 36.885284, 34.275574> 0.100000
	pigment { color rgbt <1,0,0,0> }
	no_shadow
}
sphere {
	0, 1
	scale<0.080000,0.200000,0.300000>
	matrix <0.435616, 0.296624, -0.849855,
		-0.443259, -0.751044, -0.489341,
		-0.783429, 0.589870, -0.195686,
		28.848721, 37.062244, 34.216869>
	pigment { color rgbt <0,1,1,0> }
	no_shadow
}
cylinder {
	<29.089790, 36.433006, 33.681377>,  <29.397121, 36.649338, 34.353848>, 0.130000
	pigment { color rgbt <1,0,0,0> }
	no_shadow
}

// nucleotide -1

// particle -1
sphere {
	<29.089790, 36.433006, 33.681377> 0.250000
	pigment { color rgbt <1,0,0,0> }
	no_shadow
}
cylinder {
	<29.005049, 36.816257, 33.758434>,  <28.954203, 37.046207, 33.804668>, 0.100000
	pigment { color rgbt <1,0,0,0> }
	no_shadow
}
cylinder {
	<29.005049, 36.816257, 33.758434>,  <29.089790, 36.433006, 33.681377>, 0.100000
	pigment { color rgbt <1,0,0,0> }
	no_shadow
}

// particle -1
sphere {
	<29.005049, 36.816257, 33.758434> 0.100000
	pigment { color rgbt <1,0,0,0> }
	no_shadow
}
sphere {
	0, 1
	scale<0.080000,0.200000,0.300000>
	matrix <0.421315, 0.267395, -0.866599,
		-0.881823, -0.102431, -0.460322,
		-0.211855, 0.958127, 0.192639,
		28.941492, 37.103695, 33.816227>
	pigment { color rgbt <0,1,1,0> }
	no_shadow
}
cylinder {
	<28.881359, 36.795551, 32.984287>,  <29.089790, 36.433006, 33.681377>, 0.130000
	pigment { color rgbt <1,0,0,0> }
	no_shadow
}

// nucleotide -1

// particle -1
sphere {
	<28.881359, 36.795551, 32.984287> 0.250000
	pigment { color rgbt <1,0,0,0> }
	no_shadow
}
cylinder {
	<28.957563, 37.100964, 33.231102>,  <29.003286, 37.284210, 33.379189>, 0.100000
	pigment { color rgbt <1,0,0,0> }
	no_shadow
}
cylinder {
	<28.957563, 37.100964, 33.231102>,  <28.881359, 36.795551, 32.984287>, 0.100000
	pigment { color rgbt <1,0,0,0> }
	no_shadow
}

// particle -1
sphere {
	<28.957563, 37.100964, 33.231102> 0.100000
	pigment { color rgbt <1,0,0,0> }
	no_shadow
}
sphere {
	0, 1
	scale<0.080000,0.200000,0.300000>
	matrix <0.417928, 0.505658, -0.754749,
		-0.888280, 0.401664, -0.222767,
		0.190511, 0.763529, 0.617033,
		29.014717, 37.330021, 33.416210>
	pigment { color rgbt <0,1,1,0> }
	no_shadow
}
cylinder {
	<28.687952, 37.338760, 32.625076>,  <28.881359, 36.795551, 32.984287>, 0.130000
	pigment { color rgbt <1,0,0,0> }
	no_shadow
}

// nucleotide -1

// particle -1
sphere {
	<28.687952, 37.338760, 32.625076> 0.250000
	pigment { color rgbt <1,0,0,0> }
	no_shadow
}
cylinder {
	<28.942745, 37.479370, 32.899502>,  <29.095621, 37.563736, 33.064156>, 0.100000
	pigment { color rgbt <1,0,0,0> }
	no_shadow
}
cylinder {
	<28.942745, 37.479370, 32.899502>,  <28.687952, 37.338760, 32.625076>, 0.100000
	pigment { color rgbt <1,0,0,0> }
	no_shadow
}

// particle -1
sphere {
	<28.942745, 37.479370, 32.899502> 0.100000
	pigment { color rgbt <1,0,0,0> }
	no_shadow
}
sphere {
	0, 1
	scale<0.080000,0.200000,0.300000>
	matrix <0.423926, 0.583584, -0.692615,
		-0.643848, 0.732024, 0.222712,
		0.636982, 0.351526, 0.686063,
		29.133841, 37.584827, 33.105320>
	pigment { color rgbt <0,1,1,0> }
	no_shadow
}
cylinder {
	<28.845890, 38.138458, 32.508846>,  <28.687952, 37.338760, 32.625076>, 0.130000
	pigment { color rgbt <1,0,0,0> }
	no_shadow
}

// nucleotide -1

// particle -1
sphere {
	<28.845890, 38.138458, 32.508846> 0.250000
	pigment { color rgbt <1,0,0,0> }
	no_shadow
}
cylinder {
	<29.132967, 37.997509, 32.749096>,  <29.305214, 37.912941, 32.893246>, 0.100000
	pigment { color rgbt <1,0,0,0> }
	no_shadow
}
cylinder {
	<29.132967, 37.997509, 32.749096>,  <28.845890, 38.138458, 32.508846>, 0.100000
	pigment { color rgbt <1,0,0,0> }
	no_shadow
}

// particle -1
sphere {
	<29.132967, 37.997509, 32.749096> 0.100000
	pigment { color rgbt <1,0,0,0> }
	no_shadow
}
sphere {
	0, 1
	scale<0.080000,0.200000,0.300000>
	matrix <0.690807, 0.468978, -0.550314,
		-0.087765, 0.809873, 0.580002,
		0.717692, -0.352372, 0.600626,
		29.348274, 37.891796, 32.929283>
	pigment { color rgbt <0,1,1,0> }
	no_shadow
}
cylinder {
	<29.298883, 38.738125, 32.582924>,  <28.845890, 38.138458, 32.508846>, 0.130000
	pigment { color rgbt <1,0,0,0> }
	no_shadow
}

// nucleotide -1

// particle -1
sphere {
	<29.298883, 38.738125, 32.582924> 0.250000
	pigment { color rgbt <1,0,0,0> }
	no_shadow
}
cylinder {
	<29.545847, 38.451138, 32.711948>,  <29.694025, 38.278946, 32.789364>, 0.100000
	pigment { color rgbt <1,0,0,0> }
	no_shadow
}
cylinder {
	<29.545847, 38.451138, 32.711948>,  <29.298883, 38.738125, 32.582924>, 0.100000
	pigment { color rgbt <1,0,0,0> }
	no_shadow
}

// particle -1
sphere {
	<29.545847, 38.451138, 32.711948> 0.100000
	pigment { color rgbt <1,0,0,0> }
	no_shadow
}
sphere {
	0, 1
	scale<0.080000,0.200000,0.300000>
	matrix <0.722467, 0.354953, -0.593338,
		0.311207, 0.599372, 0.737498,
		0.617407, -0.717469, 0.322563,
		29.731070, 38.235897, 32.808716>
	pigment { color rgbt <0,1,1,0> }
	no_shadow
}
cylinder {
	<29.888149, 39.009064, 32.580170>,  <29.298883, 38.738125, 32.582924>, 0.130000
	pigment { color rgbt <1,0,0,0> }
	no_shadow
}

// nucleotide -1

// particle -1
sphere {
	<29.888149, 39.009064, 32.580170> 0.250000
	pigment { color rgbt <1,0,0,0> }
	no_shadow
}
cylinder {
	<29.990088, 38.622410, 32.590504>,  <30.051250, 38.390419, 32.596703>, 0.100000
	pigment { color rgbt <1,0,0,0> }
	no_shadow
}
cylinder {
	<29.990088, 38.622410, 32.590504>,  <29.888149, 39.009064, 32.580170>, 0.100000
	pigment { color rgbt <1,0,0,0> }
	no_shadow
}

// particle -1
sphere {
	<29.990088, 38.622410, 32.590504> 0.100000
	pigment { color rgbt <1,0,0,0> }
	no_shadow
}
sphere {
	0, 1
	scale<0.080000,0.200000,0.300000>
	matrix <0.818907, 0.201539, -0.537376,
		0.514241, 0.158103, 0.842947,
		0.254848, -0.966636, 0.025832,
		30.066542, 38.332420, 32.598255>
	pigment { color rgbt <0,1,1,0> }
	no_shadow
}
cylinder {
	<30.571211, 38.943638, 32.844925>,  <29.888149, 39.009064, 32.580170>, 0.130000
	pigment { color rgbt <1,0,0,0> }
	no_shadow
}

// nucleotide -1

// particle -1
sphere {
	<30.571211, 38.943638, 32.844925> 0.250000
	pigment { color rgbt <1,0,0,0> }
	no_shadow
}
cylinder {
	<30.485245, 38.626884, 32.616283>,  <30.433666, 38.436832, 32.479099>, 0.100000
	pigment { color rgbt <1,0,0,0> }
	no_shadow
}
cylinder {
	<30.485245, 38.626884, 32.616283>,  <30.571211, 38.943638, 32.844925>, 0.100000
	pigment { color rgbt <1,0,0,0> }
	no_shadow
}

// particle -1
sphere {
	<30.485245, 38.626884, 32.616283> 0.100000
	pigment { color rgbt <1,0,0,0> }
	no_shadow
}
sphere {
	0, 1
	scale<0.080000,0.200000,0.300000>
	matrix <0.790544, 0.202605, -0.577920,
		0.573457, -0.576078, 0.582479,
		-0.214914, -0.791887, -0.571600,
		30.420771, 38.389317, 32.444805>
	pigment { color rgbt <0,1,1,0> }
	no_shadow
}
cylinder {
	<31.139584, 38.592609, 32.839279>,  <30.571211, 38.943638, 32.844925>, 0.130000
	pigment { color rgbt <1,0,0,0> }
	no_shadow
}

// nucleotide -1

// particle -1
sphere {
	<31.139584, 38.592609, 32.839279> 0.250000
	pigment { color rgbt <1,0,0,0> }
	no_shadow
}
cylinder {
	<30.940632, 38.471184, 32.514206>,  <30.821260, 38.398327, 32.319160>, 0.100000
	pigment { color rgbt <1,0,0,0> }
	no_shadow
}
cylinder {
	<30.940632, 38.471184, 32.514206>,  <31.139584, 38.592609, 32.839279>, 0.100000
	pigment { color rgbt <1,0,0,0> }
	no_shadow
}

// particle -1
sphere {
	<30.940632, 38.471184, 32.514206> 0.100000
	pigment { color rgbt <1,0,0,0> }
	no_shadow
}
sphere {
	0, 1
	scale<0.080000,0.200000,0.300000>
	matrix <0.817390, 0.149881, -0.556246,
		0.290665, -0.940947, 0.173585,
		-0.497381, -0.303568, -0.812686,
		30.791418, 38.380112, 32.270401>
	pigment { color rgbt <0,1,1,0> }
	no_shadow
}
cylinder {
	<31.490622, 37.951618, 32.572929>,  <31.139584, 38.592609, 32.839279>, 0.130000
	pigment { color rgbt <1,0,0,0> }
	no_shadow
}

// nucleotide -1

// particle -1
sphere {
	<31.490622, 37.951618, 32.572929> 0.250000
	pigment { color rgbt <1,0,0,0> }
	no_shadow
}
cylinder {
	<31.284708, 38.109459, 32.268486>,  <31.161160, 38.204163, 32.085819>, 0.100000
	pigment { color rgbt <1,0,0,0> }
	no_shadow
}
cylinder {
	<31.284708, 38.109459, 32.268486>,  <31.490622, 37.951618, 32.572929>, 0.100000
	pigment { color rgbt <1,0,0,0> }
	no_shadow
}

// particle -1
sphere {
	<31.284708, 38.109459, 32.268486> 0.100000
	pigment { color rgbt <1,0,0,0> }
	no_shadow
}
sphere {
	0, 1
	scale<0.080000,0.200000,0.300000>
	matrix <0.720251, -0.282475, -0.633598,
		-0.465011, -0.874357, -0.138795,
		-0.514785, 0.394598, -0.761110,
		31.130272, 38.227837, 32.040154>
	pigment { color rgbt <0,1,1,0> }
	no_shadow
}
cylinder {
	<31.857603, 37.735130, 32.095085>,  <31.490622, 37.951618, 32.572929>, 0.130000
	pigment { color rgbt <1,0,0,0> }
	no_shadow
}

// nucleotide -1

// particle -1
sphere {
	<31.857603, 37.735130, 32.095085> 0.250000
	pigment { color rgbt <1,0,0,0> }
	no_shadow
}
cylinder {
	<31.642118, 37.971081, 31.854473>,  <31.512827, 38.112652, 31.710106>, 0.100000
	pigment { color rgbt <1,0,0,0> }
	no_shadow
}
cylinder {
	<31.642118, 37.971081, 31.854473>,  <31.857603, 37.735130, 32.095085>, 0.100000
	pigment { color rgbt <1,0,0,0> }
	no_shadow
}

// particle -1
sphere {
	<31.642118, 37.971081, 31.854473> 0.100000
	pigment { color rgbt <1,0,0,0> }
	no_shadow
}
sphere {
	0, 1
	scale<0.080000,0.200000,0.300000>
	matrix <0.599114, -0.233761, -0.765779,
		-0.592326, -0.772921, -0.227471,
		-0.538713, 0.589873, -0.601531,
		31.480505, 38.148041, 31.674013>
	pigment { color rgbt <0,1,1,0> }
	no_shadow
}
cylinder {
	<31.735308, 37.285229, 31.464756>,  <31.857603, 37.735130, 32.095085>, 0.130000
	pigment { color rgbt <1,0,0,0> }
	no_shadow
}

// nucleotide -1

// particle -1
sphere {
	<31.735308, 37.285229, 31.464756> 0.250000
	pigment { color rgbt <1,0,0,0> }
	no_shadow
}
cylinder {
	<31.674236, 37.674076, 31.393572>,  <31.637594, 37.907387, 31.350861>, 0.100000
	pigment { color rgbt <1,0,0,0> }
	no_shadow
}
cylinder {
	<31.674236, 37.674076, 31.393572>,  <31.735308, 37.285229, 31.464756>, 0.100000
	pigment { color rgbt <1,0,0,0> }
	no_shadow
}

// particle -1
sphere {
	<31.674236, 37.674076, 31.393572> 0.100000
	pigment { color rgbt <1,0,0,0> }
	no_shadow
}
sphere {
	0, 1
	scale<0.080000,0.200000,0.300000>
	matrix <0.545621, -0.067227, -0.835331,
		-0.824007, -0.224637, -0.520146,
		-0.152679, 0.972121, -0.177962,
		31.628433, 37.965714, 31.340183>
	pigment { color rgbt <0,1,1,0> }
	no_shadow
}
cylinder {
	<31.585379, 37.331894, 30.727110>,  <31.735308, 37.285229, 31.464756>, 0.130000
	pigment { color rgbt <1,0,0,0> }
	no_shadow
}

// nucleotide -1

// particle -1
sphere {
	<31.585379, 37.331894, 30.727110> 0.250000
	pigment { color rgbt <1,0,0,0> }
	no_shadow
}
cylinder {
	<31.678284, 37.705360, 30.836151>,  <31.734028, 37.929440, 30.901577>, 0.100000
	pigment { color rgbt <1,0,0,0> }
	no_shadow
}
cylinder {
	<31.678284, 37.705360, 30.836151>,  <31.585379, 37.331894, 30.727110>, 0.100000
	pigment { color rgbt <1,0,0,0> }
	no_shadow
}

// particle -1
sphere {
	<31.678284, 37.705360, 30.836151> 0.100000
	pigment { color rgbt <1,0,0,0> }
	no_shadow
}
sphere {
	0, 1
	scale<0.080000,0.200000,0.300000>
	matrix <0.492659, 0.128729, -0.860649,
		-0.838654, 0.334199, -0.430082,
		0.232264, 0.933670, 0.272605,
		31.747963, 37.985462, 30.917933>
	pigment { color rgbt <0,1,1,0> }
	no_shadow
}
cylinder {
	<31.603168, 37.639217, 30.118975>,  <31.585379, 37.331894, 30.727110>, 0.130000
	pigment { color rgbt <1,0,0,0> }
	no_shadow
}

// nucleotide -1

// particle -1
sphere {
	<31.603168, 37.639217, 30.118975> 0.250000
	pigment { color rgbt <1,0,0,0> }
	no_shadow
}
cylinder {
	<31.776409, 37.921303, 30.343510>,  <31.880354, 38.090553, 30.478231>, 0.100000
	pigment { color rgbt <1,0,0,0> }
	no_shadow
}
cylinder {
	<31.776409, 37.921303, 30.343510>,  <31.603168, 37.639217, 30.118975>, 0.100000
	pigment { color rgbt <1,0,0,0> }
	no_shadow
}

// particle -1
sphere {
	<31.776409, 37.921303, 30.343510> 0.100000
	pigment { color rgbt <1,0,0,0> }
	no_shadow
}
sphere {
	0, 1
	scale<0.080000,0.200000,0.300000>
	matrix <0.576438, 0.262063, -0.773979,
		-0.692924, 0.658787, -0.293011,
		0.433100, 0.705211, 0.561339,
		31.906340, 38.132866, 30.511911>
	pigment { color rgbt <0,1,1,0> }
	no_shadow
}
cylinder {
	<31.550529, 38.213444, 29.678713>,  <31.603168, 37.639217, 30.118975>, 0.130000
	pigment { color rgbt <1,0,0,0> }
	no_shadow
}

// nucleotide -1

// particle -1
sphere {
	<31.550529, 38.213444, 29.678713> 0.250000
	pigment { color rgbt <1,0,0,0> }
	no_shadow
}
cylinder {
	<31.830742, 38.238430, 29.963066>,  <31.998869, 38.253422, 30.133678>, 0.100000
	pigment { color rgbt <1,0,0,0> }
	no_shadow
}
cylinder {
	<31.830742, 38.238430, 29.963066>,  <31.550529, 38.213444, 29.678713>, 0.100000
	pigment { color rgbt <1,0,0,0> }
	no_shadow
}

// particle -1
sphere {
	<31.830742, 38.238430, 29.963066> 0.100000
	pigment { color rgbt <1,0,0,0> }
	no_shadow
}
sphere {
	0, 1
	scale<0.080000,0.200000,0.300000>
	matrix <0.685200, 0.219467, -0.694504,
		-0.199400, 0.973618, 0.110940,
		0.700529, 0.062468, 0.710885,
		32.040901, 38.257172, 30.176331>
	pigment { color rgbt <0,1,1,0> }
	no_shadow
}
cylinder {
	<31.999611, 38.829102, 29.512836>,  <31.550529, 38.213444, 29.678713>, 0.130000
	pigment { color rgbt <1,0,0,0> }
	no_shadow
}

// nucleotide -1

// particle -1
sphere {
	<31.999611, 38.829102, 29.512836> 0.250000
	pigment { color rgbt <1,0,0,0> }
	no_shadow
}
cylinder {
	<32.215244, 38.620541, 29.777420>,  <32.344624, 38.495403, 29.936171>, 0.100000
	pigment { color rgbt <1,0,0,0> }
	no_shadow
}
cylinder {
	<32.215244, 38.620541, 29.777420>,  <31.999611, 38.829102, 29.512836>, 0.100000
	pigment { color rgbt <1,0,0,0> }
	no_shadow
}

// particle -1
sphere {
	<32.215244, 38.620541, 29.777420> 0.100000
	pigment { color rgbt <1,0,0,0> }
	no_shadow
}
sphere {
	0, 1
	scale<0.080000,0.200000,0.300000>
	matrix <0.828452, 0.186676, -0.528034,
		0.151841, 0.832640, 0.532592,
		0.539084, -0.521404, 0.661457,
		32.376968, 38.464119, 29.975857>
	pigment { color rgbt <0,1,1,0> }
	no_shadow
}
cylinder {
	<31.863586, 39.371304, 29.005613>,  <31.999611, 38.829102, 29.512836>, 0.130000
	pigment { color rgbt <1,0,0,0> }
	no_shadow
}

// nucleotide -1

// particle -1
sphere {
	<31.863586, 39.371304, 29.005613> 0.250000
	pigment { color rgbt <1,0,0,0> }
	no_shadow
}
cylinder {
	<31.687855, 39.579681, 29.298353>,  <31.582417, 39.704708, 29.473997>, 0.100000
	pigment { color rgbt <1,0,0,0> }
	no_shadow
}
cylinder {
	<31.687855, 39.579681, 29.298353>,  <31.863586, 39.371304, 29.005613>, 0.100000
	pigment { color rgbt <1,0,0,0> }
	no_shadow
}

// particle -1
sphere {
	<31.687855, 39.579681, 29.298353> 0.100000
	pigment { color rgbt <1,0,0,0> }
	no_shadow
}
sphere {
	0, 1
	scale<0.080000,0.200000,0.300000>
	matrix <0.898269, 0.245544, 0.364445,
		0.010154, 0.817511, -0.575824,
		-0.439328, 0.520945, 0.731852,
		31.556057, 39.735966, 29.517908>
	pigment { color rgbt <0,1,1,0> }
	no_shadow
}
cylinder {
	<32.144234, 40.123051, 29.074711>,  <31.863586, 39.371304, 29.005613>, 0.130000
	pigment { color rgbt <1,0,0,0> }
	no_shadow
}

// nucleotide -1

// particle -1
sphere {
	<32.144234, 40.123051, 29.074711> 0.250000
	pigment { color rgbt <1,0,0,0> }
	no_shadow
}
cylinder {
	<32.013069, 40.014565, 29.436687>,  <31.934370, 39.949474, 29.653873>, 0.100000
	pigment { color rgbt <1,0,0,0> }
	no_shadow
}
cylinder {
	<32.013069, 40.014565, 29.436687>,  <32.144234, 40.123051, 29.074711>, 0.100000
	pigment { color rgbt <1,0,0,0> }
	no_shadow
}

// particle -1
sphere {
	<32.013069, 40.014565, 29.436687> 0.100000
	pigment { color rgbt <1,0,0,0> }
	no_shadow
}
sphere {
	0, 1
	scale<0.080000,0.200000,0.300000>
	matrix <0.915858, 0.143658, 0.374921,
		-0.231687, 0.951737, 0.201289,
		-0.327909, -0.271217, 0.904940,
		31.914696, 39.933201, 29.708170>
	pigment { color rgbt <0,1,1,0> }
	no_shadow
}
cylinder {
	<32.359886, 40.603237, 29.410158>,  <32.144234, 40.123051, 29.074711>, 0.130000
	pigment { color rgbt <1,0,0,0> }
	no_shadow
}

// nucleotide -1

// particle -1
sphere {
	<32.359886, 40.603237, 29.410158> 0.250000
	pigment { color rgbt <1,0,0,0> }
	no_shadow
}
cylinder {
	<32.349335, 40.305367, 29.676918>,  <32.343006, 40.126644, 29.836975>, 0.100000
	pigment { color rgbt <1,0,0,0> }
	no_shadow
}
cylinder {
	<32.349335, 40.305367, 29.676918>,  <32.359886, 40.603237, 29.410158>, 0.100000
	pigment { color rgbt <1,0,0,0> }
	no_shadow
}

// particle -1
sphere {
	<32.349335, 40.305367, 29.676918> 0.100000
	pigment { color rgbt <1,0,0,0> }
	no_shadow
}
sphere {
	0, 1
	scale<0.080000,0.200000,0.300000>
	matrix <0.916812, 0.247891, 0.313059,
		-0.398447, 0.619680, 0.676192,
		-0.026375, -0.744679, 0.666902,
		32.341423, 40.081963, 29.876989>
	pigment { color rgbt <0,1,1,0> }
	no_shadow
}
cylinder {
	<32.659367, 40.727345, 30.173044>,  <32.359886, 40.603237, 29.410158>, 0.130000
	pigment { color rgbt <1,0,0,0> }
	no_shadow
}

// nucleotide -1

// particle -1
sphere {
	<32.659367, 40.727345, 30.173044> 0.250000
	pigment { color rgbt <1,0,0,0> }
	no_shadow
}
cylinder {
	<32.756779, 40.350880, 30.079313>,  <32.815228, 40.125000, 30.023075>, 0.100000
	pigment { color rgbt <1,0,0,0> }
	no_shadow
}
cylinder {
	<32.756779, 40.350880, 30.079313>,  <32.659367, 40.727345, 30.173044>, 0.100000
	pigment { color rgbt <1,0,0,0> }
	no_shadow
}

// particle -1
sphere {
	<32.756779, 40.350880, 30.079313> 0.100000
	pigment { color rgbt <1,0,0,0> }
	no_shadow
}
sphere {
	0, 1
	scale<0.080000,0.200000,0.300000>
	matrix <0.952846, 0.187069, 0.238932,
		-0.181038, -0.281463, 0.942339,
		0.243533, -0.941161, -0.234325,
		32.829838, 40.068531, 30.009016>
	pigment { color rgbt <0,1,1,0> }
	no_shadow
}
cylinder {
	<33.034664, 40.376064, 30.768040>,  <32.659367, 40.727345, 30.173044>, 0.130000
	pigment { color rgbt <1,0,0,0> }
	no_shadow
}

// nucleotide -1

// particle -1
sphere {
	<33.034664, 40.376064, 30.768040> 0.250000
	pigment { color rgbt <1,0,0,0> }
	no_shadow
}
cylinder {
	<33.109123, 40.289639, 30.384651>,  <33.153797, 40.237785, 30.154617>, 0.100000
	pigment { color rgbt <1,0,0,0> }
	no_shadow
}
cylinder {
	<33.109123, 40.289639, 30.384651>,  <33.034664, 40.376064, 30.768040>, 0.100000
	pigment { color rgbt <1,0,0,0> }
	no_shadow
}

// particle -1
sphere {
	<33.109123, 40.289639, 30.384651> 0.100000
	pigment { color rgbt <1,0,0,0> }
	no_shadow
}
sphere {
	0, 1
	scale<0.080000,0.200000,0.300000>
	matrix <0.881470, 0.467637, 0.065776,
		0.434005, -0.857107, 0.277501,
		0.186147, -0.216062, -0.958471,
		33.164967, 40.224819, 30.097111>
	pigment { color rgbt <0,1,1,0> }
	no_shadow
}
cylinder {
	<33.320473, 40.672791, 31.393946>,  <33.034664, 40.376064, 30.768040>, 0.130000
	pigment { color rgbt <1,0,0,0> }
	no_shadow
}

// nucleotide -1

// particle -1
sphere {
	<33.320473, 40.672791, 31.393946> 0.250000
	pigment { color rgbt <1,0,0,0> }
	no_shadow
}
cylinder {
	<33.674782, 40.544594, 31.528219>,  <33.887367, 40.467674, 31.608784>, 0.100000
	pigment { color rgbt <1,0,0,0> }
	no_shadow
}
cylinder {
	<33.674782, 40.544594, 31.528219>,  <33.320473, 40.672791, 31.393946>, 0.100000
	pigment { color rgbt <1,0,0,0> }
	no_shadow
}

// particle -1
sphere {
	<33.674782, 40.544594, 31.528219> 0.100000
	pigment { color rgbt <1,0,0,0> }
	no_shadow
}
sphere {
	0, 1
	scale<0.080000,0.200000,0.300000>
	matrix <-0.252988, 0.272948, 0.928168,
		-0.389097, -0.907074, 0.160690,
		0.885777, -0.320495, 0.335682,
		33.940514, 40.448444, 31.628923>
	pigment { color rgbt <0,1,1,0> }
	no_shadow
}
cylinder {
	<33.416744, 39.996223, 31.763901>,  <33.320473, 40.672791, 31.393946>, 0.130000
	pigment { color rgbt <1,0,0,0> }
	no_shadow
}

// nucleotide -1

// particle -1
sphere {
	<33.416744, 39.996223, 31.763901> 0.250000
	pigment { color rgbt <1,0,0,0> }
	no_shadow
}
cylinder {
	<33.674770, 40.265846, 31.907864>,  <33.829586, 40.427620, 31.994242>, 0.100000
	pigment { color rgbt <1,0,0,0> }
	no_shadow
}
cylinder {
	<33.674770, 40.265846, 31.907864>,  <33.416744, 39.996223, 31.763901>, 0.100000
	pigment { color rgbt <1,0,0,0> }
	no_shadow
}

// particle -1
sphere {
	<33.674770, 40.265846, 31.907864> 0.100000
	pigment { color rgbt <1,0,0,0> }
	no_shadow
}
sphere {
	0, 1
	scale<0.080000,0.200000,0.300000>
	matrix <-0.419425, -0.081373, 0.904135,
		0.638730, -0.734179, 0.230227,
		0.645063, 0.674062, 0.359909,
		33.868290, 40.468063, 32.015835>
	pigment { color rgbt <0,1,1,0> }
	no_shadow
}
cylinder {
	<33.726742, 39.815475, 32.402458>,  <33.416744, 39.996223, 31.763901>, 0.130000
	pigment { color rgbt <1,0,0,0> }
	no_shadow
}

// nucleotide -1

// particle -1
sphere {
	<33.726742, 39.815475, 32.402458> 0.250000
	pigment { color rgbt <1,0,0,0> }
	no_shadow
}
cylinder {
	<33.714848, 40.213516, 32.440147>,  <33.707710, 40.452343, 32.462761>, 0.100000
	pigment { color rgbt <1,0,0,0> }
	no_shadow
}
cylinder {
	<33.714848, 40.213516, 32.440147>,  <33.726742, 39.815475, 32.402458>, 0.100000
	pigment { color rgbt <1,0,0,0> }
	no_shadow
}

// particle -1
sphere {
	<33.714848, 40.213516, 32.440147> 0.100000
	pigment { color rgbt <1,0,0,0> }
	no_shadow
}
sphere {
	0, 1
	scale<0.080000,0.200000,0.300000>
	matrix <-0.397114, -0.098269, 0.912493,
		0.917288, -0.010287, 0.398092,
		-0.029733, 0.995106, 0.094227,
		33.705929, 40.512047, 32.468414>
	pigment { color rgbt <0,1,1,0> }
	no_shadow
}
cylinder {
	<34.194180, 40.125587, 32.961651>,  <33.726742, 39.815475, 32.402458>, 0.130000
	pigment { color rgbt <1,0,0,0> }
	no_shadow
}

// nucleotide -1

// particle -1
sphere {
	<34.194180, 40.125587, 32.961651> 0.250000
	pigment { color rgbt <1,0,0,0> }
	no_shadow
}
cylinder {
	<33.832298, 40.274448, 32.878689>,  <33.615170, 40.363766, 32.828911>, 0.100000
	pigment { color rgbt <1,0,0,0> }
	no_shadow
}
cylinder {
	<33.832298, 40.274448, 32.878689>,  <34.194180, 40.125587, 32.961651>, 0.100000
	pigment { color rgbt <1,0,0,0> }
	no_shadow
}

// particle -1
sphere {
	<33.832298, 40.274448, 32.878689> 0.100000
	pigment { color rgbt <1,0,0,0> }
	no_shadow
}
sphere {
	0, 1
	scale<0.080000,0.200000,0.300000>
	matrix <-0.328170, -0.298265, 0.896293,
		0.271696, 0.878943, 0.391971,
		-0.904702, 0.372152, -0.207405,
		33.560886, 40.386093, 32.816467>
	pigment { color rgbt <0,1,1,0> }
	no_shadow
}
cylinder {
	<33.938866, 40.532284, 33.593460>,  <34.194180, 40.125587, 32.961651>, 0.130000
	pigment { color rgbt <1,0,0,0> }
	no_shadow
}

// nucleotide -1

// particle -1
sphere {
	<33.938866, 40.532284, 33.593460> 0.250000
	pigment { color rgbt <1,0,0,0> }
	no_shadow
}
cylinder {
	<33.621716, 40.413975, 33.380341>,  <33.431427, 40.342991, 33.252468>, 0.100000
	pigment { color rgbt <1,0,0,0> }
	no_shadow
}
cylinder {
	<33.621716, 40.413975, 33.380341>,  <33.938866, 40.532284, 33.593460>, 0.100000
	pigment { color rgbt <1,0,0,0> }
	no_shadow
}

// particle -1
sphere {
	<33.621716, 40.413975, 33.380341> 0.100000
	pigment { color rgbt <1,0,0,0> }
	no_shadow
}
sphere {
	0, 1
	scale<0.080000,0.200000,0.300000>
	matrix <-0.520652, -0.125545, 0.844488,
		-0.316666, 0.946973, -0.054453,
		-0.792871, -0.295772, -0.532799,
		33.383854, 40.325245, 33.220501>
	pigment { color rgbt <0,1,1,0> }
	no_shadow
}
cylinder {
	<33.401779, 40.972904, 33.725285>,  <33.938866, 40.532284, 33.593460>, 0.130000
	pigment { color rgbt <1,0,0,0> }
	no_shadow
}

// nucleotide -1

// particle -1
sphere {
	<33.401779, 40.972904, 33.725285> 0.250000
	pigment { color rgbt <1,0,0,0> }
	no_shadow
}
cylinder {
	<33.235489, 40.635017, 33.590454>,  <33.135715, 40.432285, 33.509556>, 0.100000
	pigment { color rgbt <1,0,0,0> }
	no_shadow
}
cylinder {
	<33.235489, 40.635017, 33.590454>,  <33.401779, 40.972904, 33.725285>, 0.100000
	pigment { color rgbt <1,0,0,0> }
	no_shadow
}

// particle -1
sphere {
	<33.235489, 40.635017, 33.590454> 0.100000
	pigment { color rgbt <1,0,0,0> }
	no_shadow
}
sphere {
	0, 1
	scale<0.080000,0.200000,0.300000>
	matrix <-0.683502, 0.045671, 0.728519,
		-0.600001, 0.533254, -0.596355,
		-0.415722, -0.844721, -0.337078,
		33.110771, 40.381599, 33.489330>
	pigment { color rgbt <0,1,1,0> }
	no_shadow
}
cylinder {
	<32.631828, 41.077923, 33.737614>,  <33.401779, 40.972904, 33.725285>, 0.130000
	pigment { color rgbt <1,0,0,0> }
	no_shadow
}

// nucleotide -1

// particle -1
sphere {
	<32.631828, 41.077923, 33.737614> 0.250000
	pigment { color rgbt <1,0,0,0> }
	no_shadow
}
cylinder {
	<32.700153, 40.683838, 33.742882>,  <32.741150, 40.447388, 33.746040>, 0.100000
	pigment { color rgbt <1,0,0,0> }
	no_shadow
}
cylinder {
	<32.700153, 40.683838, 33.742882>,  <32.631828, 41.077923, 33.737614>, 0.100000
	pigment { color rgbt <1,0,0,0> }
	no_shadow
}

// particle -1
sphere {
	<32.700153, 40.683838, 33.742882> 0.100000
	pigment { color rgbt <1,0,0,0> }
	no_shadow
}
sphere {
	0, 1
	scale<0.080000,0.200000,0.300000>
	matrix <-0.743561, -0.120124, 0.657790,
		-0.646483, -0.122150, -0.753087,
		0.170813, -0.985215, 0.013168,
		32.751396, 40.388271, 33.746834>
	pigment { color rgbt <0,1,1,0> }
	no_shadow
}
cylinder {
	<31.952063, 40.755539, 33.915813>,  <32.631828, 41.077923, 33.737614>, 0.130000
	pigment { color rgbt <1,0,0,0> }
	no_shadow
}

// nucleotide -1

// particle -1
sphere {
	<31.952063, 40.755539, 33.915813> 0.250000
	pigment { color rgbt <1,0,0,0> }
	no_shadow
}
cylinder {
	<32.184521, 40.430752, 33.937660>,  <32.323994, 40.235882, 33.950768>, 0.100000
	pigment { color rgbt <1,0,0,0> }
	no_shadow
}
cylinder {
	<32.184521, 40.430752, 33.937660>,  <31.952063, 40.755539, 33.915813>, 0.100000
	pigment { color rgbt <1,0,0,0> }
	no_shadow
}

// particle -1
sphere {
	<32.184521, 40.430752, 33.937660> 0.100000
	pigment { color rgbt <1,0,0,0> }
	no_shadow
}
sphere {
	0, 1
	scale<0.080000,0.200000,0.300000>
	matrix <-0.553782, -0.345389, 0.757649,
		-0.596320, -0.470550, -0.650373,
		0.581143, -0.811966, 0.054620,
		32.358864, 40.187160, 33.954048>
	pigment { color rgbt <0,1,1,0> }
	no_shadow
}
cylinder {
	<31.503542, 40.158176, 33.819511>,  <31.952063, 40.755539, 33.915813>, 0.130000
	pigment { color rgbt <1,0,0,0> }
	no_shadow
}

// nucleotide -1

// particle -1
sphere {
	<31.503542, 40.158176, 33.819511> 0.250000
	pigment { color rgbt <1,0,0,0> }
	no_shadow
}
cylinder {
	<31.842842, 40.049030, 34.001068>,  <32.046421, 39.983543, 34.110001>, 0.100000
	pigment { color rgbt <1,0,0,0> }
	no_shadow
}
cylinder {
	<31.842842, 40.049030, 34.001068>,  <31.503542, 40.158176, 33.819511>, 0.100000
	pigment { color rgbt <1,0,0,0> }
	no_shadow
}

// particle -1
sphere {
	<31.842842, 40.049030, 34.001068> 0.100000
	pigment { color rgbt <1,0,0,0> }
	no_shadow
}
sphere {
	0, 1
	scale<0.080000,0.200000,0.300000>
	matrix <-0.521212, -0.582024, 0.624168,
		0.093857, -0.766023, -0.635925,
		0.848250, -0.272869, 0.453888,
		32.097317, 39.967171, 34.137234>
	pigment { color rgbt <0,1,1,0> }
	no_shadow
}
cylinder {
	<31.602644, 39.413342, 33.842133>,  <31.503542, 40.158176, 33.819511>, 0.130000
	pigment { color rgbt <1,0,0,0> }
	no_shadow
}

// nucleotide -1

// particle -1
sphere {
	<31.602644, 39.413342, 33.842133> 0.250000
	pigment { color rgbt <1,0,0,0> }
	no_shadow
}
cylinder {
	<31.828001, 39.566410, 34.135021>,  <31.963215, 39.658249, 34.310757>, 0.100000
	pigment { color rgbt <1,0,0,0> }
	no_shadow
}
cylinder {
	<31.828001, 39.566410, 34.135021>,  <31.602644, 39.413342, 33.842133>, 0.100000
	pigment { color rgbt <1,0,0,0> }
	no_shadow
}

// particle -1
sphere {
	<31.828001, 39.566410, 34.135021> 0.100000
	pigment { color rgbt <1,0,0,0> }
	no_shadow
}
sphere {
	0, 1
	scale<0.080000,0.200000,0.300000>
	matrix <-0.375549, -0.670800, 0.639523,
		0.735903, -0.635289, -0.234211,
		0.563391, 0.382669, 0.732226,
		31.997019, 39.681210, 34.354691>
	pigment { color rgbt <0,1,1,0> }
	no_shadow
}
cylinder {
	<31.726265, 38.800556, 34.223755>,  <31.602644, 39.413342, 33.842133>, 0.130000
	pigment { color rgbt <1,0,0,0> }
	no_shadow
}

// nucleotide -1

// particle -1
sphere {
	<31.726265, 38.800556, 34.223755> 0.250000
	pigment { color rgbt <1,0,0,0> }
	no_shadow
}
cylinder {
	<31.818417, 39.093834, 34.479675>,  <31.873707, 39.269802, 34.633228>, 0.100000
	pigment { color rgbt <1,0,0,0> }
	no_shadow
}
cylinder {
	<31.818417, 39.093834, 34.479675>,  <31.726265, 38.800556, 34.223755>, 0.100000
	pigment { color rgbt <1,0,0,0> }
	no_shadow
}

// particle -1
sphere {
	<31.818417, 39.093834, 34.479675> 0.100000
	pigment { color rgbt <1,0,0,0> }
	no_shadow
}
sphere {
	0, 1
	scale<0.080000,0.200000,0.300000>
	matrix <-0.220342, -0.601107, 0.768192,
		0.947826, -0.317951, 0.023071,
		0.230380, 0.733196, 0.639803,
		31.887531, 39.313793, 34.671616>
	pigment { color rgbt <0,1,1,0> }
	no_shadow
}
cylinder {
	<32.259609, 38.449413, 34.612068>,  <31.726265, 38.800556, 34.223755>, 0.130000
	pigment { color rgbt <1,0,0,0> }
	no_shadow
}

// nucleotide -1

// particle -1
sphere {
	<32.259609, 38.449413, 34.612068> 0.250000
	pigment { color rgbt <1,0,0,0> }
	no_shadow
}
cylinder {
	<32.099178, 38.765842, 34.796825>,  <32.002918, 38.955700, 34.907681>, 0.100000
	pigment { color rgbt <1,0,0,0> }
	no_shadow
}
cylinder {
	<32.099178, 38.765842, 34.796825>,  <32.259609, 38.449413, 34.612068>, 0.100000
	pigment { color rgbt <1,0,0,0> }
	no_shadow
}

// particle -1
sphere {
	<32.099178, 38.765842, 34.796825> 0.100000
	pigment { color rgbt <1,0,0,0> }
	no_shadow
}
sphere {
	0, 1
	scale<0.080000,0.200000,0.300000>
	matrix <-0.426591, -0.607508, 0.670040,
