// switches for output
#declare DRAW_BASES = 1; // possible values are 0, 1; only relevant for DNA ribbons
#declare DRAW_BASES_TYPE = 3; // possible values are 1, 2, 3; only relevant for DNA ribbons
#declare DRAW_FOG = 0; // set to 1 to enable fog

#include "colors.inc"

#include "transforms.inc"
background { rgb <1, 1, 1>}

#default {
   normal{
       ripples 0.25
       frequency 0.20
       turbulence 0.2
       lambda 5
   }
	finish {
		phong 0.1
		phong_size 40.
	}
}

// original window dimensions: 1024x640


// camera settings

camera {
	sky <0, 0.179814, -0.983701>
	up <0, 0.179814, -0.983701>
	right 1.6 * <1, 0, 0>
	location <35, 94.9851, 44.8844>
	look_at <35, 29.7336, 32.9568>
	direction <0, -65.2515, -11.9276>
	angle 67.0682
}


# declare cpy_camera_pos = <35, 94.9851, 44.8844>;
# if (DRAW_FOG = 1)
fog {
	fog_type 2
	up vnormalize(cpy_camera_pos)
	color rgbt<1,1,1,0.3>
	distance 1e-5
	fog_alt 3e-3
	fog_offset 56
}
# end


// LIGHTS

# declare lum = 6;
global_settings {
	ambient_light rgb lum * <0.05, 0.05, 0.05>
	max_trace_level 15
}# declare cpy_direct_light_amount = 0.25;
light_source
{	1000 * <-1, -1.16352, -0.803886>,
	rgb lum * cpy_direct_light_amount
	parallel
}

light_source
{	1000 * <1, 1.16352, 0.803886>,
	rgb lum * cpy_direct_light_amount
	parallel
}

// strand 0

// nucleotide -1

// particle -1
sphere {
	<24.287722, 34.652496, 35.304611> 0.250000
	pigment { color rgbt <1,0,0,0> }
	no_shadow
}
cylinder {
	<24.163151, 34.878986, 34.999352>,  <24.088408, 35.014881, 34.816196>, 0.100000
	pigment { color rgbt <1,0,0,0> }
	no_shadow
}
cylinder {
	<24.163151, 34.878986, 34.999352>,  <24.287722, 34.652496, 35.304611>, 0.100000
	pigment { color rgbt <1,0,0,0> }
	no_shadow
}

// particle -1
sphere {
	<24.163151, 34.878986, 34.999352> 0.100000
	pigment { color rgbt <1,0,0,0> }
	no_shadow
}
sphere {
	0, 1
	scale<0.080000,0.200000,0.300000>
	matrix <-0.585629, 0.518097, 0.623390,
		0.748366, 0.641064, 0.170249,
		-0.311428, 0.566226, -0.763152,
		24.069723, 35.048855, 34.770405>
	pigment { color rgbt <0,1,1,0> }
	no_shadow
}
cylinder {
	<25.072878, 34.508816, 35.467068>,  <24.287722, 34.652496, 35.304611>, 0.130000
	pigment { color rgbt <1,0,0,0> }
	no_shadow
}

// nucleotide -1

// particle -1
sphere {
	<25.072878, 34.508816, 35.467068> 0.250000
	pigment { color rgbt <1,0,0,0> }
	no_shadow
}
cylinder {
	<25.132772, 34.524414, 35.862251>,  <25.168709, 34.533772, 36.099361>, 0.100000
	pigment { color rgbt <1,0,0,0> }
	no_shadow
}
cylinder {
	<25.132772, 34.524414, 35.862251>,  <25.072878, 34.508816, 35.467068>, 0.100000
	pigment { color rgbt <1,0,0,0> }
	no_shadow
}

// particle -1
sphere {
	<25.132772, 34.524414, 35.862251> 0.100000
	pigment { color rgbt <1,0,0,0> }
	no_shadow
}
sphere {
	0, 1
	scale<0.080000,0.200000,0.300000>
	matrix <0.176413, -0.984242, 0.012110,
		0.972860, 0.172475, -0.154256,
		0.149737, 0.038994, 0.987957,
		25.177694, 34.536114, 36.158638>
	pigment { color rgbt <0,1,1,0> }
	no_shadow
}
cylinder {
	<25.824570, 34.417980, 35.768780>,  <25.072878, 34.508816, 35.467068>, 0.130000
	pigment { color rgbt <1,0,0,0> }
	no_shadow
}

// nucleotide -1

// particle -1
sphere {
	<25.824570, 34.417980, 35.768780> 0.250000
	pigment { color rgbt <1,0,0,0> }
	no_shadow
}
cylinder {
	<25.564257, 34.293491, 36.045799>,  <25.408070, 34.218800, 36.212009>, 0.100000
	pigment { color rgbt <1,0,0,0> }
	no_shadow
}
cylinder {
	<25.564257, 34.293491, 36.045799>,  <25.824570, 34.417980, 35.768780>, 0.100000
	pigment { color rgbt <1,0,0,0> }
	no_shadow
}

// particle -1
sphere {
	<25.564257, 34.293491, 36.045799> 0.100000
	pigment { color rgbt <1,0,0,0> }
	no_shadow
}
sphere {
	0, 1
	scale<0.080000,0.200000,0.300000>
	matrix <0.165506, -0.948346, -0.270645,
		0.741006, -0.061510, 0.668676,
		-0.650783, -0.311219, 0.692549,
		25.369022, 34.200127, 36.253563>
	pigment { color rgbt <0,1,1,0> }
	no_shadow
}
cylinder {
	<26.168140, 33.724392, 35.479801>,  <25.824570, 34.417980, 35.768780>, 0.130000
	pigment { color rgbt <1,0,0,0> }
	no_shadow
}

// nucleotide -1

// particle -1
sphere {
	<26.168140, 33.724392, 35.479801> 0.250000
	pigment { color rgbt <1,0,0,0> }
	no_shadow
}
cylinder {
	<26.530548, 33.736301, 35.648678>,  <26.747993, 33.743446, 35.750004>, 0.100000
	pigment { color rgbt <1,0,0,0> }
	no_shadow
}
cylinder {
	<26.530548, 33.736301, 35.648678>,  <26.168140, 33.724392, 35.479801>, 0.100000
	pigment { color rgbt <1,0,0,0> }
	no_shadow
}

// particle -1
sphere {
	<26.530548, 33.736301, 35.648678> 0.100000
	pigment { color rgbt <1,0,0,0> }
	no_shadow
}
sphere {
	0, 1
	scale<0.080000,0.200000,0.300000>
	matrix <0.320846, 0.602231, -0.731010,
		-0.276023, 0.797767, 0.536078,
		0.906018, 0.029777, 0.422189,
		26.802353, 33.745235, 35.775333>
	pigment { color rgbt <0,1,1,0> }
	no_shadow
}
cylinder {
	<26.501362, 34.459801, 35.539745>,  <26.168140, 33.724392, 35.479801>, 0.130000
	pigment { color rgbt <1,0,0,0> }
	no_shadow
}

// nucleotide -1

// particle -1
sphere {
	<26.501362, 34.459801, 35.539745> 0.250000
	pigment { color rgbt <1,0,0,0> }
	no_shadow
}
cylinder {
	<26.781523, 34.176838, 35.501762>,  <26.949619, 34.007061, 35.478973>, 0.100000
	pigment { color rgbt <1,0,0,0> }
	no_shadow
}
cylinder {
	<26.781523, 34.176838, 35.501762>,  <26.501362, 34.459801, 35.539745>, 0.100000
	pigment { color rgbt <1,0,0,0> }
	no_shadow
}

// particle -1
sphere {
	<26.781523, 34.176838, 35.501762> 0.100000
	pigment { color rgbt <1,0,0,0> }
	no_shadow
}
sphere {
	0, 1
	scale<0.080000,0.200000,0.300000>
	matrix <0.393990, 0.494124, -0.774992,
		0.595154, 0.505393, 0.624796,
		0.700402, -0.707403, -0.094960,
		26.991644, 33.964619, 35.473274>
	pigment { color rgbt <0,1,1,0> }
	no_shadow
}
cylinder {
	<27.157980, 34.783913, 35.629883>,  <26.501362, 34.459801, 35.539745>, 0.130000
	pigment { color rgbt <1,0,0,0> }
	no_shadow
}

// nucleotide -1

// particle -1
sphere {
	<27.157980, 34.783913, 35.629883> 0.250000
	pigment { color rgbt <1,0,0,0> }
	no_shadow
}
cylinder {
	<27.186512, 34.449051, 35.412964>,  <27.203630, 34.248135, 35.282814>, 0.100000
	pigment { color rgbt <1,0,0,0> }
	no_shadow
}
cylinder {
	<27.186512, 34.449051, 35.412964>,  <27.157980, 34.783913, 35.629883>, 0.100000
	pigment { color rgbt <1,0,0,0> }
	no_shadow
}

// particle -1
sphere {
	<27.186512, 34.449051, 35.412964> 0.100000
	pigment { color rgbt <1,0,0,0> }
	no_shadow
}
sphere {
	0, 1
	scale<0.080000,0.200000,0.300000>
	matrix <0.416645, 0.518986, -0.746365,
		0.906267, -0.172707, 0.385815,
		0.071330, -0.837153, -0.542297,
		27.207911, 34.197906, 35.250275>
	pigment { color rgbt <0,1,1,0> }
	no_shadow
}
cylinder {
	<27.740559, 34.836452, 35.214699>,  <27.157980, 34.783913, 35.629883>, 0.130000
	pigment { color rgbt <1,0,0,0> }
	no_shadow
}

// nucleotide -1

// particle -1
sphere {
	<27.740559, 34.836452, 35.214699> 0.250000
	pigment { color rgbt <1,0,0,0> }
	no_shadow
}
cylinder {
	<27.526312, 34.570450, 35.006516>,  <27.397764, 34.410847, 34.881603>, 0.100000
	pigment { color rgbt <1,0,0,0> }
	no_shadow
}
cylinder {
	<27.526312, 34.570450, 35.006516>,  <27.740559, 34.836452, 35.214699>, 0.100000
	pigment { color rgbt <1,0,0,0> }
	no_shadow
}

// particle -1
sphere {
	<27.526312, 34.570450, 35.006516> 0.100000
	pigment { color rgbt <1,0,0,0> }
	no_shadow
}
sphere {
	0, 1
	scale<0.080000,0.200000,0.300000>
	matrix <0.197271, 0.500737, -0.842820,
		0.821095, -0.554101, -0.137017,
		-0.535618, -0.665007, -0.520461,
		27.365627, 34.370949, 34.850376>
	pigment { color rgbt <0,1,1,0> }
	no_shadow
}
cylinder {
	<28.175770, 34.793774, 34.579010>,  <27.740559, 34.836452, 35.214699>, 0.130000
	pigment { color rgbt <1,0,0,0> }
	no_shadow
}

// nucleotide -1

// particle -1
sphere {
	<28.175770, 34.793774, 34.579010> 0.250000
	pigment { color rgbt <1,0,0,0> }
	no_shadow
}
cylinder {
	<27.821281, 34.638031, 34.478600>,  <27.608587, 34.544586, 34.418354>, 0.100000
	pigment { color rgbt <1,0,0,0> }
	no_shadow
}
cylinder {
	<27.821281, 34.638031, 34.478600>,  <28.175770, 34.793774, 34.579010>, 0.100000
	pigment { color rgbt <1,0,0,0> }
	no_shadow
}

// particle -1
sphere {
	<27.821281, 34.638031, 34.478600> 0.100000
	pigment { color rgbt <1,0,0,0> }
	no_shadow
}
sphere {
	0, 1
	scale<0.080000,0.200000,0.300000>
	matrix <0.062030, 0.437254, -0.897197,
		0.459095, -0.810684, -0.363351,
		-0.886219, -0.389360, -0.251028,
		27.555414, 34.521225, 34.403294>
	pigment { color rgbt <0,1,1,0> }
	no_shadow
}
cylinder {
	<28.406269, 34.353321, 33.987488>,  <28.175770, 34.793774, 34.579010>, 0.130000
	pigment { color rgbt <1,0,0,0> }
	no_shadow
}

// nucleotide -1

// particle -1
sphere {
	<28.406269, 34.353321, 33.987488> 0.250000
	pigment { color rgbt <1,0,0,0> }
	no_shadow
}
cylinder {
	<28.009945, 34.404194, 33.969086>,  <27.772150, 34.434719, 33.958046>, 0.100000
	pigment { color rgbt <1,0,0,0> }
	no_shadow
}
cylinder {
	<28.009945, 34.404194, 33.969086>,  <28.406269, 34.353321, 33.987488>, 0.100000
	pigment { color rgbt <1,0,0,0> }
	no_shadow
}

// particle -1
sphere {
	<28.009945, 34.404194, 33.969086> 0.100000
	pigment { color rgbt <1,0,0,0> }
	no_shadow
}
sphere {
	0, 1
	scale<0.080000,0.200000,0.300000>
	matrix <0.079139, 0.269376, -0.959778,
		-0.109676, -0.954600, -0.276966,
		-0.990812, 0.127183, -0.046002,
		27.712702, 34.442348, 33.955284>
	pigment { color rgbt <0,1,1,0> }
	no_shadow
}
cylinder {
	<28.312548, 34.047234, 33.441715>,  <28.406269, 34.353321, 33.987488>, 0.130000
	pigment { color rgbt <1,0,0,0> }
	no_shadow
}

// nucleotide -1

// particle -1
sphere {
	<28.312548, 34.047234, 33.441715> 0.250000
	pigment { color rgbt <1,0,0,0> }
	no_shadow
}
cylinder {
	<27.993490, 34.283474, 33.490646>,  <27.802055, 34.425217, 33.520004>, 0.100000
	pigment { color rgbt <1,0,0,0> }
	no_shadow
}
cylinder {
	<27.993490, 34.283474, 33.490646>,  <28.312548, 34.047234, 33.441715>, 0.100000
	pigment { color rgbt <1,0,0,0> }
	no_shadow
}

// particle -1
sphere {
	<27.993490, 34.283474, 33.490646> 0.100000
	pigment { color rgbt <1,0,0,0> }
	no_shadow
}
sphere {
	0, 1
	scale<0.080000,0.200000,0.300000>
	matrix <0.228670, 0.483808, -0.844772,
		-0.558103, -0.645852, -0.520957,
		-0.797641, 0.590597, 0.122327,
		27.754198, 34.460651, 33.527344>
	pigment { color rgbt <0,1,1,0> }
	no_shadow
}
cylinder {
	<28.185806, 34.095154, 32.752163>,  <28.312548, 34.047234, 33.441715>, 0.130000
	pigment { color rgbt <1,0,0,0> }
	no_shadow
}

// nucleotide -1

// particle -1
sphere {
	<28.185806, 34.095154, 32.752163> 0.250000
	pigment { color rgbt <1,0,0,0> }
	no_shadow
}
cylinder {
	<27.914143, 34.338654, 32.916195>,  <27.751144, 34.484753, 33.014614>, 0.100000
	pigment { color rgbt <1,0,0,0> }
	no_shadow
}
cylinder {
	<27.914143, 34.338654, 32.916195>,  <28.185806, 34.095154, 32.752163>, 0.100000
	pigment { color rgbt <1,0,0,0> }
	no_shadow
}

// particle -1
sphere {
	<27.914143, 34.338654, 32.916195> 0.100000
	pigment { color rgbt <1,0,0,0> }
	no_shadow
}
sphere {
	0, 1
	scale<0.080000,0.200000,0.300000>
	matrix <0.206848, 0.694789, -0.688827,
		-0.704243, -0.382999, -0.597791,
		-0.679158, 0.608753, 0.410077,
		27.710396, 34.521278, 33.039219>
	pigment { color rgbt <0,1,1,0> }
	no_shadow
}
cylinder {
	<27.616377, 34.276443, 32.263393>,  <28.185806, 34.095154, 32.752163>, 0.130000
	pigment { color rgbt <1,0,0,0> }
	no_shadow
}

// nucleotide -1

// particle -1
sphere {
	<27.616377, 34.276443, 32.263393> 0.250000
	pigment { color rgbt <1,0,0,0> }
	no_shadow
}
cylinder {
	<27.717554, 34.555157, 32.531872>,  <27.778261, 34.722385, 32.692959>, 0.100000
	pigment { color rgbt <1,0,0,0> }
	no_shadow
}
cylinder {
	<27.717554, 34.555157, 32.531872>,  <27.616377, 34.276443, 32.263393>, 0.100000
	pigment { color rgbt <1,0,0,0> }
	no_shadow
}

// particle -1
sphere {
	<27.717554, 34.555157, 32.531872> 0.100000
	pigment { color rgbt <1,0,0,0> }
	no_shadow
}
sphere {
	0, 1
	scale<0.080000,0.200000,0.300000>
	matrix <0.234733, 0.628832, -0.741263,
		-0.938573, 0.345050, -0.004500,
		0.252943, 0.696786, 0.671200,
		27.793436, 34.764191, 32.733231>
	pigment { color rgbt <0,1,1,0> }
	no_shadow
}
cylinder {
	<27.130714, 34.752056, 32.232830>,  <27.616377, 34.276443, 32.263393>, 0.130000
	pigment { color rgbt <1,0,0,0> }
	no_shadow
}

// nucleotide -1

// particle -1
sphere {
	<27.130714, 34.752056, 32.232830> 0.250000
	pigment { color rgbt <1,0,0,0> }
	no_shadow
}
cylinder {
	<27.423645, 34.965065, 32.402592>,  <27.599403, 35.092869, 32.504448>, 0.100000
	pigment { color rgbt <1,0,0,0> }
	no_shadow
}
cylinder {
	<27.423645, 34.965065, 32.402592>,  <27.130714, 34.752056, 32.232830>, 0.100000
	pigment { color rgbt <1,0,0,0> }
	no_shadow
}

// particle -1
sphere {
	<27.423645, 34.965065, 32.402592> 0.100000
	pigment { color rgbt <1,0,0,0> }
	no_shadow
}
sphere {
	0, 1
	scale<0.080000,0.200000,0.300000>
	matrix <0.072329, 0.558892, -0.826080,
		-0.677100, 0.635658, 0.370775,
		0.732328, 0.532522, 0.424402,
		27.643343, 35.124821, 32.529911>
	pigment { color rgbt <0,1,1,0> }
	no_shadow
}
cylinder {
	<26.896967, 35.375790, 32.437012>,  <27.130714, 34.752056, 32.232830>, 0.130000
	pigment { color rgbt <1,0,0,0> }
	no_shadow
}

// nucleotide -1

// particle -1
sphere {
	<26.896967, 35.375790, 32.437012> 0.250000
	pigment { color rgbt <1,0,0,0> }
	no_shadow
}
cylinder {
	<27.288973, 35.435123, 32.383999>,  <27.524176, 35.470726, 32.352192>, 0.100000
	pigment { color rgbt <1,0,0,0> }
	no_shadow
}
cylinder {
	<27.288973, 35.435123, 32.383999>,  <26.896967, 35.375790, 32.437012>, 0.100000
	pigment { color rgbt <1,0,0,0> }
	no_shadow
}

// particle -1
sphere {
	<27.288973, 35.435123, 32.383999> 0.100000
	pigment { color rgbt <1,0,0,0> }
	no_shadow
}
sphere {
	0, 1
	scale<0.080000,0.200000,0.300000>
	matrix <-0.198901, 0.740201, -0.642293,
		0.002825, 0.655819, 0.754914,
		0.980016, 0.148338, -0.132534,
		27.582977, 35.479626, 32.344238>
	pigment { color rgbt <0,1,1,0> }
	no_shadow
}
cylinder {
	<26.970942, 36.024529, 32.194180>,  <26.896967, 35.375790, 32.437012>, 0.130000
	pigment { color rgbt <1,0,0,0> }
	no_shadow
}

// nucleotide -1

// particle -1
sphere {
	<26.970942, 36.024529, 32.194180> 0.250000
	pigment { color rgbt <1,0,0,0> }
	no_shadow
}
cylinder {
	<27.348480, 35.934788, 32.097168>,  <27.575003, 35.880943, 32.038960>, 0.100000
	pigment { color rgbt <1,0,0,0> }
	no_shadow
}
cylinder {
	<27.348480, 35.934788, 32.097168>,  <26.970942, 36.024529, 32.194180>, 0.100000
	pigment { color rgbt <1,0,0,0> }
	no_shadow
}

// particle -1
sphere {
	<27.348480, 35.934788, 32.097168> 0.100000
	pigment { color rgbt <1,0,0,0> }
	no_shadow
}
sphere {
	0, 1
	scale<0.080000,0.200000,0.300000>
	matrix <-0.042125, 0.646361, -0.761868,
		0.327690, 0.729303, 0.600614,
		0.943846, -0.224356, -0.242527,
		27.631634, 35.867481, 32.024410>
	pigment { color rgbt <0,1,1,0> }
	no_shadow
}
cylinder {
	<27.216661, 36.624493, 32.015171>,  <26.970942, 36.024529, 32.194180>, 0.130000
	pigment { color rgbt <1,0,0,0> }
	no_shadow
}

// nucleotide -1

// particle -1
sphere {
	<27.216661, 36.624493, 32.015171> 0.250000
	pigment { color rgbt <1,0,0,0> }
	no_shadow
}
cylinder {
	<27.458963, 36.358124, 31.840996>,  <27.604343, 36.198303, 31.736490>, 0.100000
	pigment { color rgbt <1,0,0,0> }
	no_shadow
}
cylinder {
	<27.458963, 36.358124, 31.840996>,  <27.216661, 36.624493, 32.015171>, 0.100000
	pigment { color rgbt <1,0,0,0> }
	no_shadow
}

// particle -1
sphere {
	<27.458963, 36.358124, 31.840996> 0.100000
	pigment { color rgbt <1,0,0,0> }
	no_shadow
}
sphere {
	0, 1
	scale<0.080000,0.200000,0.300000>
	matrix <0.109630, 0.611912, -0.783291,
		0.788064, 0.426744, 0.443673,
		0.605753, -0.665923, -0.435442,
		27.640690, 36.158348, 31.710363>
	pigment { color rgbt <0,1,1,0> }
	no_shadow
}
cylinder {
	<27.865025, 36.928612, 31.809029>,  <27.216661, 36.624493, 32.015171>, 0.130000
	pigment { color rgbt <1,0,0,0> }
	no_shadow
}

// nucleotide -1

// particle -1
sphere {
	<27.865025, 36.928612, 31.809029> 0.250000
	pigment { color rgbt <1,0,0,0> }
	no_shadow
}
cylinder {
	<27.839342, 36.609982, 31.568581>,  <27.823933, 36.418804, 31.424311>, 0.100000
	pigment { color rgbt <1,0,0,0> }
	no_shadow
}
cylinder {
	<27.839342, 36.609982, 31.568581>,  <27.865025, 36.928612, 31.809029>, 0.100000
	pigment { color rgbt <1,0,0,0> }
	no_shadow
}

// particle -1
sphere {
	<27.839342, 36.609982, 31.568581> 0.100000
	pigment { color rgbt <1,0,0,0> }
	no_shadow
}
sphere {
	0, 1
	scale<0.080000,0.200000,0.300000>
	matrix <0.154290, 0.587197, -0.794603,
		0.985937, -0.143766, 0.085201,
		-0.064207, -0.796575, -0.601121,
		27.820080, 36.371010, 31.388245>
	pigment { color rgbt <0,1,1,0> }
	no_shadow
}
cylinder {
	<28.312002, 37.053951, 31.323738>,  <27.865025, 36.928612, 31.809029>, 0.130000
	pigment { color rgbt <1,0,0,0> }
	no_shadow
}

// nucleotide -1

// particle -1
sphere {
	<28.312002, 37.053951, 31.323738> 0.250000
	pigment { color rgbt <1,0,0,0> }
	no_shadow
}
cylinder {
	<28.099497, 36.768814, 31.140602>,  <27.971994, 36.597733, 31.030722>, 0.100000
	pigment { color rgbt <1,0,0,0> }
	no_shadow
}
cylinder {
	<28.099497, 36.768814, 31.140602>,  <28.312002, 37.053951, 31.323738>, 0.100000
	pigment { color rgbt <1,0,0,0> }
	no_shadow
}

// particle -1
sphere {
	<28.099497, 36.768814, 31.140602> 0.100000
	pigment { color rgbt <1,0,0,0> }
	no_shadow
}
sphere {
	0, 1
	scale<0.080000,0.200000,0.300000>
	matrix <0.104881, 0.480914, -0.870472,
		0.840691, -0.510466, -0.180727,
		-0.531261, -0.712844, -0.457838,
		27.940119, 36.554962, 31.003250>
	pigment { color rgbt <0,1,1,0> }
	no_shadow
}
cylinder {
	<28.690920, 36.725914, 30.739429>,  <28.312002, 37.053951, 31.323738>, 0.130000
	pigment { color rgbt <1,0,0,0> }
	no_shadow
}

// nucleotide -1

// particle -1
sphere {
	<28.690920, 36.725914, 30.739429> 0.250000
	pigment { color rgbt <1,0,0,0> }
	no_shadow
}
cylinder {
	<28.313389, 36.621147, 30.658846>,  <28.086870, 36.558285, 30.610497>, 0.100000
	pigment { color rgbt <1,0,0,0> }
	no_shadow
}
cylinder {
	<28.313389, 36.621147, 30.658846>,  <28.690920, 36.725914, 30.739429>, 0.100000
	pigment { color rgbt <1,0,0,0> }
	no_shadow
}

// particle -1
sphere {
	<28.313389, 36.621147, 30.658846> 0.100000
	pigment { color rgbt <1,0,0,0> }
	no_shadow
}
sphere {
	0, 1
	scale<0.080000,0.200000,0.300000>
	matrix <0.126000, 0.278343, -0.952181,
		0.305476, -0.924078, -0.229704,
		-0.943826, -0.261926, -0.201461,
		28.030241, 36.542572, 30.598408>
	pigment { color rgbt <0,1,1,0> }
	no_shadow
}
cylinder {
	<28.769228, 36.458652, 30.130831>,  <28.690920, 36.725914, 30.739429>, 0.130000
	pigment { color rgbt <1,0,0,0> }
	no_shadow
}

// nucleotide -1

// particle -1
sphere {
	<28.769228, 36.458652, 30.130831> 0.250000
	pigment { color rgbt <1,0,0,0> }
	no_shadow
}
cylinder {
	<28.384506, 36.564487, 30.158894>,  <28.153673, 36.627987, 30.175732>, 0.100000
	pigment { color rgbt <1,0,0,0> }
	no_shadow
}
cylinder {
	<28.384506, 36.564487, 30.158894>,  <28.769228, 36.458652, 30.130831>, 0.100000
	pigment { color rgbt <1,0,0,0> }
	no_shadow
}

// particle -1
sphere {
	<28.384506, 36.564487, 30.158894> 0.100000
	pigment { color rgbt <1,0,0,0> }
	no_shadow
}
sphere {
	0, 1
	scale<0.080000,0.200000,0.300000>
	matrix <0.046998, 0.412117, -0.909918,
		-0.269667, -0.871867, -0.408812,
		-0.961806, 0.264588, 0.070159,
		28.095964, 36.643864, 30.179941>
	pigment { color rgbt <0,1,1,0> }
	no_shadow
}
cylinder {
	<28.420589, 36.191479, 29.584972>,  <28.769228, 36.458652, 30.130831>, 0.130000
	pigment { color rgbt <1,0,0,0> }
	no_shadow
}

// nucleotide -1

// particle -1
sphere {
	<28.420589, 36.191479, 29.584972> 0.250000
	pigment { color rgbt <1,0,0,0> }
	no_shadow
}
cylinder {
	<28.204449, 36.514297, 29.680218>,  <28.074764, 36.707989, 29.737364>, 0.100000
	pigment { color rgbt <1,0,0,0> }
	no_shadow
}
cylinder {
	<28.204449, 36.514297, 29.680218>,  <28.420589, 36.191479, 29.584972>, 0.100000
	pigment { color rgbt <1,0,0,0> }
	no_shadow
}

// particle -1
sphere {
	<28.204449, 36.514297, 29.680218> 0.100000
	pigment { color rgbt <1,0,0,0> }
	no_shadow
}
sphere {
	0, 1
	scale<0.080000,0.200000,0.300000>
	matrix <0.244748, 0.421491, -0.873180,
		-0.805059, -0.413546, -0.425275,
		-0.540350, 0.807047, 0.238111,
		28.042343, 36.756413, 29.751652>
	pigment { color rgbt <0,1,1,0> }
	no_shadow
}
cylinder {
	<28.287447, 36.559174, 29.012102>,  <28.420589, 36.191479, 29.584972>, 0.130000
	pigment { color rgbt <1,0,0,0> }
	no_shadow
}

// nucleotide -1

// particle -1
sphere {
	<28.287447, 36.559174, 29.012102> 0.250000
	pigment { color rgbt <1,0,0,0> }
	no_shadow
}
cylinder {
	<28.187176, 36.846966, 29.271181>,  <28.127012, 37.019642, 29.426628>, 0.100000
	pigment { color rgbt <1,0,0,0> }
	no_shadow
}
cylinder {
	<28.187176, 36.846966, 29.271181>,  <28.287447, 36.559174, 29.012102>, 0.100000
	pigment { color rgbt <1,0,0,0> }
	no_shadow
}

// particle -1
sphere {
	<28.187176, 36.846966, 29.271181> 0.100000
	pigment { color rgbt <1,0,0,0> }
	no_shadow
}
sphere {
	0, 1
	scale<0.080000,0.200000,0.300000>
	matrix <0.084072, 0.682710, -0.725836,
		-0.964412, -0.127500, -0.231630,
		-0.250680, 0.719479, 0.647695,
		28.111971, 37.062809, 29.465490>
	pigment { color rgbt <0,1,1,0> }
	no_shadow
}
cylinder {
	<27.863449, 37.038689, 28.655243>,  <28.287447, 36.559174, 29.012102>, 0.130000
	pigment { color rgbt <1,0,0,0> }
	no_shadow
}

// nucleotide -1

// particle -1
sphere {
	<27.863449, 37.038689, 28.655243> 0.250000
	pigment { color rgbt <1,0,0,0> }
	no_shadow
}
cylinder {
	<27.930725, 37.277187, 28.969236>,  <27.971090, 37.420288, 29.157633>, 0.100000
	pigment { color rgbt <1,0,0,0> }
	no_shadow
}
cylinder {
	<27.930725, 37.277187, 28.969236>,  <27.863449, 37.038689, 28.655243>, 0.100000
	pigment { color rgbt <1,0,0,0> }
	no_shadow
}

// particle -1
sphere {
	<27.930725, 37.277187, 28.969236> 0.100000
	pigment { color rgbt <1,0,0,0> }
	no_shadow
}
sphere {
	0, 1
	scale<0.080000,0.200000,0.300000>
	matrix <0.279413, 0.734830, -0.618023,
		-0.945326, 0.323279, -0.043010,
		0.168189, 0.596251, 0.784983,
		27.981182, 37.456062, 29.204731>
	pigment { color rgbt <0,1,1,0> }
	no_shadow
}
cylinder {
	<27.540449, 37.660667, 28.431206>,  <27.863449, 37.038689, 28.655243>, 0.130000
	pigment { color rgbt <1,0,0,0> }
	no_shadow
}

// nucleotide -1

// particle -1
sphere {
	<27.540449, 37.660667, 28.431206> 0.250000
	pigment { color rgbt <1,0,0,0> }
	no_shadow
}
cylinder {
	<27.759521, 37.770836, 28.747227>,  <27.890965, 37.836937, 28.936840>, 0.100000
	pigment { color rgbt <1,0,0,0> }
	no_shadow
}
cylinder {
	<27.759521, 37.770836, 28.747227>,  <27.540449, 37.660667, 28.431206>, 0.100000
	pigment { color rgbt <1,0,0,0> }
	no_shadow
}

// particle -1
sphere {
	<27.759521, 37.770836, 28.747227> 0.100000
	pigment { color rgbt <1,0,0,0> }
	no_shadow
}
sphere {
	0, 1
	scale<0.080000,0.200000,0.300000>
	matrix <-0.140628, 0.961134, -0.237581,
		-0.824784, 0.019015, 0.565129,
		0.547682, 0.275426, 0.790054,
		27.923826, 37.853462, 28.984243>
	pigment { color rgbt <0,1,1,0> }
	no_shadow
}
cylinder {
	<27.102043, 38.014034, 28.863926>,  <27.540449, 37.660667, 28.431206>, 0.130000
	pigment { color rgbt <1,0,0,0> }
	no_shadow
}

// nucleotide -1

// particle -1
sphere {
	<27.102043, 38.014034, 28.863926> 0.250000
	pigment { color rgbt <1,0,0,0> }
	no_shadow
}
cylinder {
	<27.471439, 38.145950, 28.942312>,  <27.693077, 38.225101, 28.989344>, 0.100000
	pigment { color rgbt <1,0,0,0> }
	no_shadow
}
cylinder {
	<27.471439, 38.145950, 28.942312>,  <27.102043, 38.014034, 28.863926>, 0.100000
	pigment { color rgbt <1,0,0,0> }
	no_shadow
}

// particle -1
sphere {
	<27.471439, 38.145950, 28.942312> 0.100000
	pigment { color rgbt <1,0,0,0> }
	no_shadow
}
sphere {
	0, 1
	scale<0.080000,0.200000,0.300000>
	matrix <-0.246987, 0.902012, -0.354079,
		-0.293538, 0.278587, 0.914454,
		0.923490, 0.329794, 0.195968,
		27.748486, 38.244888, 29.001102>
	pigment { color rgbt <0,1,1,0> }
	no_shadow
}
cylinder {
	<27.087423, 38.598179, 29.351030>,  <27.102043, 38.014034, 28.863926>, 0.130000
	pigment { color rgbt <1,0,0,0> }
	no_shadow
}

// nucleotide -1

// particle -1
sphere {
	<27.087423, 38.598179, 29.351030> 0.250000
	pigment { color rgbt <1,0,0,0> }
	no_shadow
}
cylinder {
	<27.423071, 38.630852, 29.135920>,  <27.624460, 38.650455, 29.006853>, 0.100000
	pigment { color rgbt <1,0,0,0> }
	no_shadow
}
cylinder {
	<27.423071, 38.630852, 29.135920>,  <27.087423, 38.598179, 29.351030>, 0.100000
	pigment { color rgbt <1,0,0,0> }
	no_shadow
}

// particle -1
sphere {
	<27.423071, 38.630852, 29.135920> 0.100000
	pigment { color rgbt <1,0,0,0> }
	no_shadow
}
sphere {
	0, 1
	scale<0.080000,0.200000,0.300000>
	matrix <-0.193272, 0.968919, -0.154408,
		0.508451, 0.233504, 0.828827,
		0.839121, 0.081680, -0.537778,
		27.674807, 38.655357, 28.974586>
	pigment { color rgbt <0,1,1,0> }
	no_shadow
}
cylinder {
	<27.562773, 39.141529, 29.606319>,  <27.087423, 38.598179, 29.351030>, 0.130000
	pigment { color rgbt <1,0,0,0> }
	no_shadow
}

// nucleotide -1

// particle -1
sphere {
	<27.562773, 39.141529, 29.606319> 0.250000
	pigment { color rgbt <1,0,0,0> }
	no_shadow
}
cylinder {
	<27.656527, 39.088375, 29.221111>,  <27.712778, 39.056480, 28.989986>, 0.100000
	pigment { color rgbt <1,0,0,0> }
	no_shadow
}
cylinder {
	<27.656527, 39.088375, 29.221111>,  <27.562773, 39.141529, 29.606319>, 0.100000
	pigment { color rgbt <1,0,0,0> }
	no_shadow
}

// particle -1
sphere {
	<27.656527, 39.088375, 29.221111> 0.100000
	pigment { color rgbt <1,0,0,0> }
	no_shadow
}
sphere {
	0, 1
	scale<0.080000,0.200000,0.300000>
	matrix <-0.048464, 0.987784, -0.148100,
		0.970935, 0.081383, 0.225080,
		0.234384, -0.132887, -0.963019,
		27.726841, 39.048508, 28.932205>
	pigment { color rgbt <0,1,1,0> }
	no_shadow
}
cylinder {
	<28.229885, 39.484318, 29.544479>,  <27.562773, 39.141529, 29.606319>, 0.130000
	pigment { color rgbt <1,0,0,0> }
	no_shadow
}

// nucleotide -1

// particle -1
sphere {
	<28.229885, 39.484318, 29.544479> 0.250000
	pigment { color rgbt <1,0,0,0> }
	no_shadow
}
cylinder {
	<27.955910, 39.456940, 29.254328>,  <27.791525, 39.440514, 29.080236>, 0.100000
	pigment { color rgbt <1,0,0,0> }
	no_shadow
}
cylinder {
	<27.955910, 39.456940, 29.254328>,  <28.229885, 39.484318, 29.544479>, 0.100000
	pigment { color rgbt <1,0,0,0> }
	no_shadow
}

// particle -1
sphere {
	<27.955910, 39.456940, 29.254328> 0.100000
	pigment { color rgbt <1,0,0,0> }
	no_shadow
}
sphere {
	0, 1
	scale<0.080000,0.200000,0.300000>
	matrix <-0.138199, 0.989709, 0.037101,
		0.715376, 0.125659, -0.687348,
		-0.684937, -0.068450, -0.725380,
		27.750429, 39.436405, 29.036715>
	pigment { color rgbt <0,1,1,0> }
	no_shadow
}
cylinder {
	<28.452799, 39.902359, 29.074049>,  <28.229885, 39.484318, 29.544479>, 0.130000
	pigment { color rgbt <1,0,0,0> }
	no_shadow
}

// nucleotide -1

// particle -1
sphere {
	<28.452799, 39.902359, 29.074049> 0.250000
	pigment { color rgbt <1,0,0,0> }
	no_shadow
}
cylinder {
	<28.054363, 39.894375, 29.039627>,  <27.815302, 39.889584, 29.018974>, 0.100000
	pigment { color rgbt <1,0,0,0> }
	no_shadow
}
cylinder {
	<28.054363, 39.894375, 29.039627>,  <28.452799, 39.902359, 29.074049>, 0.100000
	pigment { color rgbt <1,0,0,0> }
	no_shadow
}

// particle -1
sphere {
	<28.054363, 39.894375, 29.039627> 0.100000
	pigment { color rgbt <1,0,0,0> }
	no_shadow
}
sphere {
	0, 1
	scale<0.080000,0.200000,0.300000>
	matrix <-0.026934, 0.996379, 0.080638,
		0.084134, 0.082641, -0.993021,
		-0.996090, -0.019962, -0.086055,
		27.755537, 39.888386, 29.013811>
	pigment { color rgbt <0,1,1,0> }
	no_shadow
}
cylinder {
	<28.294601, 40.511333, 28.862284>,  <28.452799, 39.902359, 29.074049>, 0.130000
	pigment { color rgbt <1,0,0,0> }
	no_shadow
}

// nucleotide -1

// particle -1
sphere {
	<28.294601, 40.511333, 28.862284> 0.250000
	pigment { color rgbt <1,0,0,0> }
	no_shadow
}
cylinder {
	<28.480482, 40.587936, 28.516479>,  <28.592010, 40.633896, 28.308996>, 0.100000
	pigment { color rgbt <1,0,0,0> }
	no_shadow
}
cylinder {
	<28.480482, 40.587936, 28.516479>,  <28.294601, 40.511333, 28.862284>, 0.100000
	pigment { color rgbt <1,0,0,0> }
	no_shadow
}

// particle -1
sphere {
	<28.480482, 40.587936, 28.516479> 0.100000
	pigment { color rgbt <1,0,0,0> }
	no_shadow
}
sphere {
	0, 1
	scale<0.080000,0.200000,0.300000>
	matrix <-0.033807, 0.979458, 0.198794,
		0.884823, -0.063152, 0.461628,
		0.464700, 0.191504, -0.864512,
		28.619892, 40.645386, 28.257126>
	pigment { color rgbt <0,1,1,0> }
	no_shadow
}
cylinder {
	<28.451239, 41.149052, 28.941875>,  <28.294601, 40.511333, 28.862284>, 0.130000
	pigment { color rgbt <1,0,0,0> }
	no_shadow
}

// nucleotide -1

// particle -1
sphere {
	<28.451239, 41.149052, 28.941875> 0.250000
	pigment { color rgbt <1,0,0,0> }
	no_shadow
}
cylinder {
	<28.543915, 41.127594, 28.553352>,  <28.599522, 41.114719, 28.320238>, 0.100000
	pigment { color rgbt <1,0,0,0> }
	no_shadow
}
cylinder {
	<28.543915, 41.127594, 28.553352>,  <28.451239, 41.149052, 28.941875>, 0.100000
	pigment { color rgbt <1,0,0,0> }
	no_shadow
}

// particle -1
sphere {
	<28.543915, 41.127594, 28.553352> 0.100000
	pigment { color rgbt <1,0,0,0> }
	no_shadow
}
sphere {
	0, 1
	scale<0.080000,0.200000,0.300000>
	matrix <0.018959, 0.998538, -0.050629,
		0.972604, -0.006685, 0.232371,
		0.231692, -0.053647, -0.971309,
		28.613422, 41.111500, 28.261959>
	pigment { color rgbt <0,1,1,0> }
	no_shadow
}
cylinder {
	<28.388296, 40.675312, 29.613651>,  <28.451239, 41.149052, 28.941875>, 0.130000
	pigment { color rgbt <1,0,0,0> }
	no_shadow
}

// nucleotide -1

// particle -1
sphere {
	<28.388296, 40.675312, 29.613651> 0.250000
	pigment { color rgbt <1,0,0,0> }
	no_shadow
}
cylinder {
	<28.700129, 40.798008, 29.832067>,  <28.887228, 40.871628, 29.963118>, 0.100000
	pigment { color rgbt <1,0,0,0> }
	no_shadow
}
cylinder {
	<28.700129, 40.798008, 29.832067>,  <28.388296, 40.675312, 29.613651>, 0.100000
	pigment { color rgbt <1,0,0,0> }
	no_shadow
}

// particle -1
sphere {
	<28.700129, 40.798008, 29.832067> 0.100000
	pigment { color rgbt <1,0,0,0> }
	no_shadow
}
sphere {
	0, 1
	scale<0.080000,0.200000,0.300000>
	matrix <-0.383516, -0.455471, 0.803406,
		0.495145, -0.835737, -0.237435,
		0.779581, 0.306742, 0.546043,
		28.934004, 40.890030, 29.995880>
	pigment { color rgbt <0,1,1,0> }
	no_shadow
}
cylinder {
	<28.852781, 40.189705, 29.832464>,  <28.388296, 40.675312, 29.613651>, 0.130000
	pigment { color rgbt <1,0,0,0> }
	no_shadow
}

// nucleotide -1

// particle -1
sphere {
	<28.852781, 40.189705, 29.832464> 0.250000
	pigment { color rgbt <1,0,0,0> }
	no_shadow
}
cylinder {
	<28.803873, 40.486561, 30.096062>,  <28.774529, 40.664677, 30.254221>, 0.100000
	pigment { color rgbt <1,0,0,0> }
	no_shadow
}
cylinder {
	<28.803873, 40.486561, 30.096062>,  <28.852781, 40.189705, 29.832464>, 0.100000
	pigment { color rgbt <1,0,0,0> }
	no_shadow
}

// particle -1
sphere {
	<28.803873, 40.486561, 30.096062> 0.100000
	pigment { color rgbt <1,0,0,0> }
	no_shadow
}
sphere {
	0, 1
	scale<0.080000,0.200000,0.300000>
	matrix <-0.234779, -0.666759, 0.707327,
		0.964328, -0.068231, 0.255766,
		-0.122272, 0.742143, 0.658994,
		28.767191, 40.709206, 30.293760>
	pigment { color rgbt <0,1,1,0> }
	no_shadow
}
cylinder {
	<29.143335, 39.931911, 30.347126>,  <28.852781, 40.189705, 29.832464>, 0.130000
	pigment { color rgbt <1,0,0,0> }
	no_shadow
}

// nucleotide -1

// particle -1
sphere {
	<29.143335, 39.931911, 30.347126> 0.250000
	pigment { color rgbt <1,0,0,0> }
	no_shadow
}
cylinder {
	<28.914997, 40.224854, 30.495609>,  <28.777994, 40.400620, 30.584700>, 0.100000
	pigment { color rgbt <1,0,0,0> }
	no_shadow
}
cylinder {
	<28.914997, 40.224854, 30.495609>,  <29.143335, 39.931911, 30.347126>, 0.100000
	pigment { color rgbt <1,0,0,0> }
	no_shadow
}

// particle -1
sphere {
	<28.914997, 40.224854, 30.495609> 0.100000
	pigment { color rgbt <1,0,0,0> }
	no_shadow
}
sphere {
	0, 1
	scale<0.080000,0.200000,0.300000>
	matrix <-0.160373, -0.542857, 0.824370,
		0.805242, 0.411057, 0.427337,
		-0.570847, 0.732351, 0.371209,
		28.743744, 40.444557, 30.606972>
	pigment { color rgbt <0,1,1,0> }
	no_shadow
}
cylinder {
	<29.479717, 40.221420, 30.937771>,  <29.143335, 39.931911, 30.347126>, 0.130000
	pigment { color rgbt <1,0,0,0> }
	no_shadow
}

// nucleotide -1

// particle -1
sphere {
	<29.479717, 40.221420, 30.937771> 0.250000
	pigment { color rgbt <1,0,0,0> }
	no_shadow
}
cylinder {
	<29.080769, 40.204334, 30.914351>,  <28.841400, 40.194084, 30.900299>, 0.100000
	pigment { color rgbt <1,0,0,0> }
	no_shadow
}
cylinder {
	<29.080769, 40.204334, 30.914351>,  <29.479717, 40.221420, 30.937771>, 0.100000
	pigment { color rgbt <1,0,0,0> }
	no_shadow
}

// particle -1
sphere {
	<29.080769, 40.204334, 30.914351> 0.100000
	pigment { color rgbt <1,0,0,0> }
	no_shadow
}
sphere {
	0, 1
	scale<0.080000,0.200000,0.300000>
	matrix <-0.020066, -0.613541, 0.789408,
		-0.069640, 0.788507, 0.611070,
		-0.997370, -0.042713, -0.058549,
		28.781557, 40.191521, 30.896786>
	pigment { color rgbt <0,1,1,0> }
	no_shadow
}
cylinder {
	<29.003487, 40.424377, 31.485113>,  <29.479717, 40.221420, 30.937771>, 0.130000
	pigment { color rgbt <1,0,0,0> }
	no_shadow
}

// nucleotide -1

// particle -1
sphere {
	<29.003487, 40.424377, 31.485113> 0.250000
	pigment { color rgbt <1,0,0,0> }
	no_shadow
}
cylinder {
	<28.832273, 40.134106, 31.269642>,  <28.729546, 39.959942, 31.140358>, 0.100000
	pigment { color rgbt <1,0,0,0> }
	no_shadow
}
cylinder {
	<28.832273, 40.134106, 31.269642>,  <29.003487, 40.424377, 31.485113>, 0.100000
	pigment { color rgbt <1,0,0,0> }
	no_shadow
}

// particle -1
sphere {
	<28.832273, 40.134106, 31.269642> 0.100000
	pigment { color rgbt <1,0,0,0> }
	no_shadow
}
sphere {
	0, 1
	scale<0.080000,0.200000,0.300000>
	matrix <-0.405343, -0.378581, 0.832089,
		-0.807765, 0.574511, -0.132105,
		-0.428032, -0.725681, -0.538679,
		28.703863, 39.916401, 31.108038>
	pigment { color rgbt <0,1,1,0> }
	no_shadow
}
cylinder {
	<28.295656, 40.473606, 31.616962>,  <29.003487, 40.424377, 31.485113>, 0.130000
	pigment { color rgbt <1,0,0,0> }
	no_shadow
}

// nucleotide -1

// particle -1
sphere {
	<28.295656, 40.473606, 31.616962> 0.250000
	pigment { color rgbt <1,0,0,0> }
	no_shadow
}
cylinder {
	<28.384996, 40.101963, 31.499060>,  <28.438601, 39.878979, 31.428318>, 0.100000
	pigment { color rgbt <1,0,0,0> }
	no_shadow
}
cylinder {
	<28.384996, 40.101963, 31.499060>,  <28.295656, 40.473606, 31.616962>, 0.100000
	pigment { color rgbt <1,0,0,0> }
	no_shadow
}

// particle -1
sphere {
	<28.384996, 40.101963, 31.499060> 0.100000
	pigment { color rgbt <1,0,0,0> }
	no_shadow
}
sphere {
	0, 1
	scale<0.080000,0.200000,0.300000>
	matrix <-0.305492, -0.353884, 0.883992,
		-0.925629, -0.107395, -0.362874,
		0.223351, -0.929103, -0.294757,
		28.452002, 39.823231, 31.410633>
	pigment { color rgbt <0,1,1,0> }
	no_shadow
}
cylinder {
	<27.810873, 40.050636, 31.832350>,  <28.295656, 40.473606, 31.616962>, 0.130000
	pigment { color rgbt <1,0,0,0> }
	no_shadow
}

// nucleotide -1

// particle -1
sphere {
	<27.810873, 40.050636, 31.832350> 0.250000
	pigment { color rgbt <1,0,0,0> }
	no_shadow
}
cylinder {
	<28.116848, 39.795341, 31.797644>,  <28.300432, 39.642166, 31.776819>, 0.100000
	pigment { color rgbt <1,0,0,0> }
	no_shadow
}
cylinder {
	<28.116848, 39.795341, 31.797644>,  <27.810873, 40.050636, 31.832350>, 0.100000
	pigment { color rgbt <1,0,0,0> }
	no_shadow
}

// particle -1
sphere {
	<28.116848, 39.795341, 31.797644> 0.100000
	pigment { color rgbt <1,0,0,0> }
	no_shadow
}
sphere {
	0, 1
	scale<0.080000,0.200000,0.300000>
	matrix <-0.167009, -0.326633, 0.930279,
		-0.622077, -0.697114, -0.356445,
		0.764937, -0.638234, -0.086766,
		28.346329, 39.603870, 31.771614>
	pigment { color rgbt <0,1,1,0> }
	no_shadow
}
cylinder {
	<27.600883, 39.585342, 32.261730>,  <27.810873, 40.050636, 31.832350>, 0.130000
	pigment { color rgbt <1,0,0,0> }
	no_shadow
}

// nucleotide -1

// particle -1
sphere {
	<27.600883, 39.585342, 32.261730> 0.250000
	pigment { color rgbt <1,0,0,0> }
	no_shadow
}
cylinder {
	<27.979986, 39.475117, 32.197460>,  <28.207449, 39.408981, 32.158897>, 0.100000
	pigment { color rgbt <1,0,0,0> }
	no_shadow
}
cylinder {
	<27.979986, 39.475117, 32.197460>,  <27.600883, 39.585342, 32.261730>, 0.100000
	pigment { color rgbt <1,0,0,0> }
	no_shadow
}

// particle -1
sphere {
	<27.979986, 39.475117, 32.197460> 0.100000
	pigment { color rgbt <1,0,0,0> }
	no_shadow
}
sphere {
	0, 1
	scale<0.080000,0.200000,0.300000>
	matrix <-0.062485, -0.654318, 0.753634,
		-0.312808, -0.704223, -0.637355,
		0.947759, -0.275568, -0.160672,
		28.264315, 39.392445, 32.149258>
	pigment { color rgbt <0,1,1,0> }
	no_shadow
}
cylinder {
	<27.590662, 38.863068, 32.086884>,  <27.600883, 39.585342, 32.261730>, 0.130000
	pigment { color rgbt <1,0,0,0> }
	no_shadow
}

// nucleotide -1

// particle -1
sphere {
	<27.590662, 38.863068, 32.086884> 0.250000
	pigment { color rgbt <1,0,0,0> }
	no_shadow
}
cylinder {
	<27.923859, 38.995743, 32.264019>,  <28.123777, 39.075348, 32.370300>, 0.100000
	pigment { color rgbt <1,0,0,0> }
	no_shadow
}
cylinder {
	<27.923859, 38.995743, 32.264019>,  <27.590662, 38.863068, 32.086884>, 0.100000
	pigment { color rgbt <1,0,0,0> }
	no_shadow
}

// particle -1
sphere {
	<27.923859, 38.995743, 32.264019> 0.100000
	pigment { color rgbt <1,0,0,0> }
	no_shadow
}
sphere {
	0, 1
	scale<0.080000,0.200000,0.300000>
	matrix <-0.088907, -0.709745, 0.698826,
		0.546095, -0.621489, -0.561722,
		0.832992, 0.331685, 0.442843,
		28.173756, 39.095249, 32.396873>
	pigment { color rgbt <0,1,1,0> }
	no_shadow
}
cylinder {
	<27.966335, 38.193298, 32.202374>,  <27.590662, 38.863068, 32.086884>, 0.130000
	pigment { color rgbt <1,0,0,0> }
	no_shadow
}

// nucleotide -1

// particle -1
sphere {
	<27.966335, 38.193298, 32.202374> 0.250000
	pigment { color rgbt <1,0,0,0> }
	no_shadow
}
cylinder {
	<28.177073, 38.432953, 32.443527>,  <28.303514, 38.576748, 32.588219>, 0.100000
	pigment { color rgbt <1,0,0,0> }
	no_shadow
}
cylinder {
	<28.177073, 38.432953, 32.443527>,  <27.966335, 38.193298, 32.202374>, 0.100000
	pigment { color rgbt <1,0,0,0> }
	no_shadow
}

// particle -1
sphere {
	<28.177073, 38.432953, 32.443527> 0.100000
	pigment { color rgbt <1,0,0,0> }
	no_shadow
}
sphere {
	0, 1
	scale<0.080000,0.200000,0.300000>
	matrix <0.238474, -0.785011, 0.571741,
		0.815822, -0.157446, -0.556457,
		0.526843, 0.599140, 0.602883,
		28.335125, 38.612694, 32.624393>
	pigment { color rgbt <0,1,1,0> }
	no_shadow
}
cylinder {
	<28.611744, 37.855495, 32.381523>,  <27.966335, 38.193298, 32.202374>, 0.130000
	pigment { color rgbt <1,0,0,0> }
	no_shadow
}

// nucleotide -1

// particle -1
sphere {
	<28.611744, 37.855495, 32.381523> 0.250000
	pigment { color rgbt <1,0,0,0> }
	no_shadow
}
cylinder {
	<28.540304, 38.129288, 32.664249>,  <28.497440, 38.293564, 32.833885>, 0.100000
	pigment { color rgbt <1,0,0,0> }
	no_shadow
}
cylinder {
	<28.540304, 38.129288, 32.664249>,  <28.611744, 37.855495, 32.381523>, 0.100000
	pigment { color rgbt <1,0,0,0> }
	no_shadow
}

// particle -1
sphere {
	<28.540304, 38.129288, 32.664249> 0.100000
	pigment { color rgbt <1,0,0,0> }
	no_shadow
}
sphere {
	0, 1
	scale<0.080000,0.200000,0.300000>
	matrix <0.249215, -0.663466, 0.705481,
		0.951837, 0.302148, -0.052087,
		-0.178602, 0.684484, 0.706812,
		28.486723, 38.334633, 32.876293>
	pigment { color rgbt <0,1,1,0> }
	no_shadow
}
cylinder {
	<29.177658, 37.868984, 32.851414>,  <28.611744, 37.855495, 32.381523>, 0.130000
	pigment { color rgbt <1,0,0,0> }
	no_shadow
}

// nucleotide -1

// particle -1
sphere {
	<29.177658, 37.868984, 32.851414> 0.250000
	pigment { color rgbt <1,0,0,0> }
	no_shadow
}
cylinder {
	<28.897873, 38.040283, 33.080273>,  <28.730001, 38.143063, 33.217590>, 0.100000
	pigment { color rgbt <1,0,0,0> }
	no_shadow
}
cylinder {
	<28.897873, 38.040283, 33.080273>,  <29.177658, 37.868984, 32.851414>, 0.100000
	pigment { color rgbt <1,0,0,0> }
	no_shadow
}

// particle -1
sphere {
	<28.897873, 38.040283, 33.080273> 0.100000
	pigment { color rgbt <1,0,0,0> }
	no_shadow
}
sphere {
	0, 1
	scale<0.080000,0.200000,0.300000>
	matrix <0.271022, -0.581831, 0.766825,
