// switches for output
#declare DRAW_BASES = 1; // possible values are 0, 1; only relevant for DNA ribbons
#declare DRAW_BASES_TYPE = 3; // possible values are 1, 2, 3; only relevant for DNA ribbons
#declare DRAW_FOG = 0; // set to 1 to enable fog

#include "colors.inc"

#include "transforms.inc"
background { rgb <1, 1, 1>}

#default {
   normal{
       ripples 0.25
       frequency 0.20
       turbulence 0.2
       lambda 5
   }
	finish {
		phong 0.1
		phong_size 40.
	}
}

// original window dimensions: 1024x640


// camera settings

camera {
	sky <0, 0.179814, -0.983701>
	up <0, 0.179814, -0.983701>
	right 1.6 * <1, 0, 0>
	location <35, 94.9851, 44.8844>
	look_at <35, 29.7336, 32.9568>
	direction <0, -65.2515, -11.9276>
	angle 67.0682
}


# declare cpy_camera_pos = <35, 94.9851, 44.8844>;
# if (DRAW_FOG = 1)
fog {
	fog_type 2
	up vnormalize(cpy_camera_pos)
	color rgbt<1,1,1,0.3>
	distance 1e-5
	fog_alt 3e-3
	fog_offset 56
}
# end


// LIGHTS

# declare lum = 6;
global_settings {
	ambient_light rgb lum * <0.05, 0.05, 0.05>
	max_trace_level 15
}# declare cpy_direct_light_amount = 0.25;
light_source
{	1000 * <-1, -1.16352, -0.803886>,
	rgb lum * cpy_direct_light_amount
	parallel
}

light_source
{	1000 * <1, 1.16352, 0.803886>,
	rgb lum * cpy_direct_light_amount
	parallel
}

// strand 0

// nucleotide -1

// particle -1
sphere {
	<23.980736, 35.230095, 34.793674> 0.250000
	pigment { color rgbt <1,0,0,0> }
	no_shadow
}
cylinder {
	<24.307545, 35.120518, 34.996624>,  <24.503630, 35.054771, 35.118393>, 0.100000
	pigment { color rgbt <1,0,0,0> }
	no_shadow
}
cylinder {
	<24.307545, 35.120518, 34.996624>,  <23.980736, 35.230095, 34.793674>, 0.100000
	pigment { color rgbt <1,0,0,0> }
	no_shadow
}

// particle -1
sphere {
	<24.307545, 35.120518, 34.996624> 0.100000
	pigment { color rgbt <1,0,0,0> }
	no_shadow
}
sphere {
	0, 1
	scale<0.080000,0.200000,0.300000>
	matrix <0.411168, -0.340107, -0.845735,
		0.404244, 0.899602, -0.165239,
		0.817024, -0.273942, 0.507374,
		24.552652, 35.038334, 35.148834>
	pigment { color rgbt <0,1,1,0> }
	no_shadow
}
cylinder {
	<24.511505, 35.608997, 34.515530>,  <23.980736, 35.230095, 34.793674>, 0.130000
	pigment { color rgbt <1,0,0,0> }
	no_shadow
}

// nucleotide -1

// particle -1
sphere {
	<24.511505, 35.608997, 34.515530> 0.250000
	pigment { color rgbt <1,0,0,0> }
	no_shadow
}
cylinder {
	<24.629833, 35.265926, 34.683758>,  <24.700830, 35.060085, 34.784695>, 0.100000
	pigment { color rgbt <1,0,0,0> }
	no_shadow
}
cylinder {
	<24.629833, 35.265926, 34.683758>,  <24.511505, 35.608997, 34.515530>, 0.100000
	pigment { color rgbt <1,0,0,0> }
	no_shadow
}

// particle -1
sphere {
	<24.629833, 35.265926, 34.683758> 0.100000
	pigment { color rgbt <1,0,0,0> }
	no_shadow
}
sphere {
	0, 1
	scale<0.080000,0.200000,0.300000>
	matrix <0.420273, -0.278521, -0.863595,
		0.857824, 0.432224, 0.278067,
		0.295819, -0.857676, 0.420574,
		24.718578, 35.008625, 34.809929>
	pigment { color rgbt <0,1,1,0> }
	no_shadow
}
cylinder {
	<25.345354, 35.438736, 34.604015>,  <24.511505, 35.608997, 34.515530>, 0.130000
	pigment { color rgbt <1,0,0,0> }
	no_shadow
}

// nucleotide -1

// particle -1
sphere {
	<25.345354, 35.438736, 34.604015> 0.250000
	pigment { color rgbt <1,0,0,0> }
	no_shadow
}
cylinder {
	<25.082876, 35.152740, 34.507523>,  <24.925390, 34.981144, 34.449627>, 0.100000
	pigment { color rgbt <1,0,0,0> }
	no_shadow
}
cylinder {
	<25.082876, 35.152740, 34.507523>,  <25.345354, 35.438736, 34.604015>, 0.100000
	pigment { color rgbt <1,0,0,0> }
	no_shadow
}

// particle -1
sphere {
	<25.082876, 35.152740, 34.507523> 0.100000
	pigment { color rgbt <1,0,0,0> }
	no_shadow
}
sphere {
	0, 1
	scale<0.080000,0.200000,0.300000>
	matrix <0.621222, -0.330391, -0.710581,
		0.428359, -0.616139, 0.660970,
		-0.656195, -0.714993, -0.241233,
		24.886017, 34.938244, 34.435154>
	pigment { color rgbt <0,1,1,0> }
	no_shadow
}
cylinder {
	<25.130198, 35.730701, 35.324245>,  <25.345354, 35.438736, 34.604015>, 0.130000
	pigment { color rgbt <1,0,0,0> }
	no_shadow
}

// nucleotide -1

// particle -1
sphere {
	<25.130198, 35.730701, 35.324245> 0.250000
	pigment { color rgbt <1,0,0,0> }
	no_shadow
}
cylinder {
	<25.476833, 35.914013, 35.403240>,  <25.684814, 36.023998, 35.450638>, 0.100000
	pigment { color rgbt <1,0,0,0> }
	no_shadow
}
cylinder {
	<25.476833, 35.914013, 35.403240>,  <25.130198, 35.730701, 35.324245>, 0.100000
	pigment { color rgbt <1,0,0,0> }
	no_shadow
}

// particle -1
sphere {
	<25.476833, 35.914013, 35.403240> 0.100000
	pigment { color rgbt <1,0,0,0> }
	no_shadow
}
sphere {
	0, 1
	scale<0.080000,0.200000,0.300000>
	matrix <-0.075593, 0.511741, -0.855808,
		-0.493261, 0.726707, 0.478112,
		0.866591, 0.458279, 0.197488,
		25.736811, 36.051495, 35.462486>
	pigment { color rgbt <0,1,1,0> }
	no_shadow
}
cylinder {
	<25.015480, 36.429165, 35.471924>,  <25.130198, 35.730701, 35.324245>, 0.130000
	pigment { color rgbt <1,0,0,0> }
	no_shadow
}

// nucleotide -1

// particle -1
sphere {
	<25.015480, 36.429165, 35.471924> 0.250000
	pigment { color rgbt <1,0,0,0> }
	no_shadow
}
cylinder {
	<25.395624, 36.398415, 35.351318>,  <25.623711, 36.379967, 35.278954>, 0.100000
	pigment { color rgbt <1,0,0,0> }
	no_shadow
}
cylinder {
	<25.395624, 36.398415, 35.351318>,  <25.015480, 36.429165, 35.471924>, 0.100000
	pigment { color rgbt <1,0,0,0> }
	no_shadow
}

// particle -1
sphere {
	<25.395624, 36.398415, 35.351318> 0.100000
	pigment { color rgbt <1,0,0,0> }
	no_shadow
}
sphere {
	0, 1
	scale<0.080000,0.200000,0.300000>
	matrix <-0.201044, 0.587880, -0.783568,
		0.237489, 0.805287, 0.543242,
		0.950358, -0.076873, -0.301513,
		25.680731, 36.375351, 35.260864>
	pigment { color rgbt <0,1,1,0> }
	no_shadow
}
cylinder {
	<25.181768, 37.073269, 35.237846>,  <25.015480, 36.429165, 35.471924>, 0.130000
	pigment { color rgbt <1,0,0,0> }
	no_shadow
}

// nucleotide -1

// particle -1
sphere {
	<25.181768, 37.073269, 35.237846> 0.250000
	pigment { color rgbt <1,0,0,0> }
	no_shadow
}
cylinder {
	<25.469290, 36.834469, 35.095345>,  <25.641802, 36.691189, 35.009842>, 0.100000
	pigment { color rgbt <1,0,0,0> }
	no_shadow
}
cylinder {
	<25.469290, 36.834469, 35.095345>,  <25.181768, 37.073269, 35.237846>, 0.100000
	pigment { color rgbt <1,0,0,0> }
	no_shadow
}

// particle -1
sphere {
	<25.469290, 36.834469, 35.095345> 0.100000
	pigment { color rgbt <1,0,0,0> }
	no_shadow
}
sphere {
	0, 1
	scale<0.080000,0.200000,0.300000>
	matrix <-0.043439, 0.472869, -0.880061,
		0.693855, 0.648066, 0.313967,
		0.718803, -0.596996, -0.356254,
		25.684931, 36.655369, 34.988468>
	pigment { color rgbt <0,1,1,0> }
	no_shadow
}
cylinder {
	<25.753418, 37.483341, 35.079033>,  <25.181768, 37.073269, 35.237846>, 0.130000
	pigment { color rgbt <1,0,0,0> }
	no_shadow
}

// nucleotide -1

// particle -1
sphere {
	<25.753418, 37.483341, 35.079033> 0.250000
	pigment { color rgbt <1,0,0,0> }
	no_shadow
}
cylinder {
	<25.782661, 37.153530, 34.854603>,  <25.800207, 36.955643, 34.719944>, 0.100000
	pigment { color rgbt <1,0,0,0> }
	no_shadow
}
cylinder {
	<25.782661, 37.153530, 34.854603>,  <25.753418, 37.483341, 35.079033>, 0.100000
	pigment { color rgbt <1,0,0,0> }
	no_shadow
}

// particle -1
sphere {
	<25.782661, 37.153530, 34.854603> 0.100000
	pigment { color rgbt <1,0,0,0> }
	no_shadow
}
sphere {
	0, 1
	scale<0.080000,0.200000,0.300000>
	matrix <0.013442, 0.563348, -0.826110,
		0.997233, 0.052853, 0.052268,
		0.073107, -0.824527, -0.561080,
		25.804594, 36.906174, 34.686279>
	pigment { color rgbt <0,1,1,0> }
	no_shadow
}
cylinder {
	<26.352797, 37.481102, 34.695045>,  <25.753418, 37.483341, 35.079033>, 0.130000
	pigment { color rgbt <1,0,0,0> }
	no_shadow
}

// nucleotide -1

// particle -1
sphere {
	<26.352797, 37.481102, 34.695045> 0.250000
	pigment { color rgbt <1,0,0,0> }
	no_shadow
}
cylinder {
	<26.071114, 37.254444, 34.523930>,  <25.902103, 37.118450, 34.421261>, 0.100000
	pigment { color rgbt <1,0,0,0> }
	no_shadow
}
cylinder {
	<26.071114, 37.254444, 34.523930>,  <26.352797, 37.481102, 34.695045>, 0.100000
	pigment { color rgbt <1,0,0,0> }
	no_shadow
}

// particle -1
sphere {
	<26.071114, 37.254444, 34.523930> 0.100000
	pigment { color rgbt <1,0,0,0> }
	no_shadow
}
sphere {
	0, 1
	scale<0.080000,0.200000,0.300000>
	matrix <0.044697, 0.565946, -0.823229,
		0.708587, -0.598845, -0.373215,
		-0.704207, -0.566648, -0.427789,
		25.859852, 37.084450, 34.395592>
	pigment { color rgbt <0,1,1,0> }
	no_shadow
}
cylinder {
	<26.435223, 37.590038, 34.036182>,  <26.352797, 37.481102, 34.695045>, 0.130000
	pigment { color rgbt <1,0,0,0> }
	no_shadow
}

// nucleotide -1

// particle -1
sphere {
	<26.435223, 37.590038, 34.036182> 0.250000
	pigment { color rgbt <1,0,0,0> }
	no_shadow
}
cylinder {
	<26.079754, 37.411003, 33.996330>,  <25.866472, 37.303581, 33.972420>, 0.100000
	pigment { color rgbt <1,0,0,0> }
	no_shadow
}
cylinder {
	<26.079754, 37.411003, 33.996330>,  <26.435223, 37.590038, 34.036182>, 0.100000
	pigment { color rgbt <1,0,0,0> }
	no_shadow
}

// particle -1
sphere {
	<26.079754, 37.411003, 33.996330> 0.100000
	pigment { color rgbt <1,0,0,0> }
	no_shadow
}
sphere {
	0, 1
	scale<0.080000,0.200000,0.300000>
	matrix <-0.185577, 0.549751, -0.814454,
		0.419310, -0.705294, -0.571611,
		-0.888673, -0.447586, -0.099630,
		25.813152, 37.276726, 33.966442>
	pigment { color rgbt <0,1,1,0> }
	no_shadow
}
cylinder {
	<26.389978, 37.259003, 33.375481>,  <26.435223, 37.590038, 34.036182>, 0.130000
	pigment { color rgbt <1,0,0,0> }
	no_shadow
}

// nucleotide -1

// particle -1
sphere {
	<26.389978, 37.259003, 33.375481> 0.250000
	pigment { color rgbt <1,0,0,0> }
	no_shadow
}
cylinder {
	<26.006310, 37.317619, 33.472244>,  <25.776108, 37.352787, 33.530300>, 0.100000
	pigment { color rgbt <1,0,0,0> }
	no_shadow
}
cylinder {
	<26.006310, 37.317619, 33.472244>,  <26.389978, 37.259003, 33.375481>, 0.100000
	pigment { color rgbt <1,0,0,0> }
	no_shadow
}

// particle -1
sphere {
	<26.006310, 37.317619, 33.472244> 0.100000
	pigment { color rgbt <1,0,0,0> }
	no_shadow
}
sphere {
	0, 1
	scale<0.080000,0.200000,0.300000>
	matrix <-0.136289, 0.509978, -0.849322,
		-0.247826, -0.847613, -0.469184,
		-0.959170, 0.146539, 0.241907,
		25.718559, 37.361580, 33.544815>
	pigment { color rgbt <0,1,1,0> }
	no_shadow
}
cylinder {
	<25.961441, 37.052658, 32.699223>,  <26.389978, 37.259003, 33.375481>, 0.130000
	pigment { color rgbt <1,0,0,0> }
	no_shadow
}

// nucleotide -1

// particle -1
sphere {
	<25.961441, 37.052658, 32.699223> 0.250000
	pigment { color rgbt <1,0,0,0> }
	no_shadow
}
cylinder {
	<25.710905, 37.263466, 32.928986>,  <25.560583, 37.389950, 33.066841>, 0.100000
	pigment { color rgbt <1,0,0,0> }
	no_shadow
}
cylinder {
	<25.710905, 37.263466, 32.928986>,  <25.961441, 37.052658, 32.699223>, 0.100000
	pigment { color rgbt <1,0,0,0> }
	no_shadow
}

// particle -1
sphere {
	<25.710905, 37.263466, 32.928986> 0.100000
	pigment { color rgbt <1,0,0,0> }
	no_shadow
}
sphere {
	0, 1
	scale<0.080000,0.200000,0.300000>
	matrix <-0.399688, 0.415514, -0.817066,
		-0.669287, -0.741346, -0.049608,
		-0.626342, 0.527024, 0.574405,
		25.523003, 37.421574, 33.101307>
	pigment { color rgbt <0,1,1,0> }
	no_shadow
}
cylinder {
	<25.301626, 36.982483, 32.372833>,  <25.961441, 37.052658, 32.699223>, 0.130000
	pigment { color rgbt <1,0,0,0> }
	no_shadow
}

// nucleotide -1

// particle -1
sphere {
	<25.301626, 36.982483, 32.372833> 0.250000
	pigment { color rgbt <1,0,0,0> }
	no_shadow
}
cylinder {
	<25.293076, 37.321777, 32.584511>,  <25.287945, 37.525352, 32.711517>, 0.100000
	pigment { color rgbt <1,0,0,0> }
	no_shadow
}
cylinder {
	<25.293076, 37.321777, 32.584511>,  <25.301626, 36.982483, 32.372833>, 0.100000
	pigment { color rgbt <1,0,0,0> }
	no_shadow
}

// particle -1
sphere {
	<25.293076, 37.321777, 32.584511> 0.100000
	pigment { color rgbt <1,0,0,0> }
	no_shadow
}
sphere {
	0, 1
	scale<0.080000,0.200000,0.300000>
	matrix <-0.357193, 0.487898, -0.796472,
		-0.933786, -0.206050, 0.292553,
		-0.021377, 0.848233, 0.529193,
		25.286663, 37.576248, 32.743267>
	pigment { color rgbt <0,1,1,0> }
	no_shadow
}
cylinder {
	<24.774271, 37.272972, 32.045242>,  <25.301626, 36.982483, 32.372833>, 0.130000
	pigment { color rgbt <1,0,0,0> }
	no_shadow
}

// nucleotide -1

// particle -1
sphere {
	<24.774271, 37.272972, 32.045242> 0.250000
	pigment { color rgbt <1,0,0,0> }
	no_shadow
}
cylinder {
	<24.935638, 37.573578, 32.254044>,  <25.032459, 37.753941, 32.379322>, 0.100000
	pigment { color rgbt <1,0,0,0> }
	no_shadow
}
cylinder {
	<24.935638, 37.573578, 32.254044>,  <24.774271, 37.272972, 32.045242>, 0.100000
	pigment { color rgbt <1,0,0,0> }
	no_shadow
}

// particle -1
sphere {
	<24.935638, 37.573578, 32.254044> 0.100000
	pigment { color rgbt <1,0,0,0> }
	no_shadow
}
sphere {
	0, 1
	scale<0.080000,0.200000,0.300000>
	matrix <-0.147472, 0.616425, -0.773481,
		-0.903052, 0.235058, 0.359505,
		0.403421, 0.751511, 0.521999,
		25.056665, 37.799030, 32.410645>
	pigment { color rgbt <0,1,1,0> }
	no_shadow
}
cylinder {
	<24.289726, 37.892956, 31.926584>,  <24.774271, 37.272972, 32.045242>, 0.130000
	pigment { color rgbt <1,0,0,0> }
	no_shadow
}

// nucleotide -1

// particle -1
sphere {
	<24.289726, 37.892956, 31.926584> 0.250000
	pigment { color rgbt <1,0,0,0> }
	no_shadow
}
cylinder {
	<24.639093, 38.045074, 32.048248>,  <24.848715, 38.136345, 32.121246>, 0.100000
	pigment { color rgbt <1,0,0,0> }
	no_shadow
}
cylinder {
	<24.639093, 38.045074, 32.048248>,  <24.289726, 37.892956, 31.926584>, 0.100000
	pigment { color rgbt <1,0,0,0> }
	no_shadow
}

// particle -1
sphere {
	<24.639093, 38.045074, 32.048248> 0.100000
	pigment { color rgbt <1,0,0,0> }
	no_shadow
}
sphere {
	0, 1
	scale<0.080000,0.200000,0.300000>
	matrix <0.023660, 0.590721, -0.806529,
		-0.486393, 0.711635, 0.506950,
		0.873420, 0.380295, 0.304160,
		24.901119, 38.159164, 32.139496>
	pigment { color rgbt <0,1,1,0> }
	no_shadow
}
cylinder {
	<24.210236, 38.659000, 31.927965>,  <24.289726, 37.892956, 31.926584>, 0.130000
	pigment { color rgbt <1,0,0,0> }
	no_shadow
}

// nucleotide -1

// particle -1
sphere {
	<24.210236, 38.659000, 31.927965> 0.250000
	pigment { color rgbt <1,0,0,0> }
	no_shadow
}
cylinder {
	<24.597359, 38.560986, 31.904966>,  <24.829632, 38.502178, 31.891167>, 0.100000
	pigment { color rgbt <1,0,0,0> }
	no_shadow
}
cylinder {
	<24.597359, 38.560986, 31.904966>,  <24.210236, 38.659000, 31.927965>, 0.100000
	pigment { color rgbt <1,0,0,0> }
	no_shadow
}

// particle -1
sphere {
	<24.597359, 38.560986, 31.904966> 0.100000
	pigment { color rgbt <1,0,0,0> }
	no_shadow
}
sphere {
	0, 1
	scale<0.080000,0.200000,0.300000>
	matrix <0.084570, 0.531758, -0.842663,
		0.237057, 0.810673, 0.535362,
		0.967808, -0.245035, -0.057499,
		24.887701, 38.487476, 31.887716>
	pigment { color rgbt <0,1,1,0> }
	no_shadow
}
cylinder {
	<24.484882, 39.246807, 31.777632>,  <24.210236, 38.659000, 31.927965>, 0.130000
	pigment { color rgbt <1,0,0,0> }
	no_shadow
}

// nucleotide -1

// particle -1
sphere {
	<24.484882, 39.246807, 31.777632> 0.250000
	pigment { color rgbt <1,0,0,0> }
	no_shadow
}
cylinder {
	<24.779932, 38.990047, 31.693846>,  <24.956961, 38.835991, 31.643574>, 0.100000
	pigment { color rgbt <1,0,0,0> }
	no_shadow
}
cylinder {
	<24.779932, 38.990047, 31.693846>,  <24.484882, 39.246807, 31.777632>, 0.100000
	pigment { color rgbt <1,0,0,0> }
	no_shadow
}

// particle -1
sphere {
	<24.779932, 38.990047, 31.693846> 0.100000
	pigment { color rgbt <1,0,0,0> }
	no_shadow
}
sphere {
	0, 1
	scale<0.080000,0.200000,0.300000>
	matrix <0.186290, 0.491645, -0.850636,
		0.649007, 0.588427, 0.482228,
		0.737622, -0.641902, -0.209463,
		25.001219, 38.797478, 31.631006>
	pigment { color rgbt <0,1,1,0> }
	no_shadow
}
cylinder {
	<24.910284, 39.708031, 31.442663>,  <24.484882, 39.246807, 31.777632>, 0.130000
	pigment { color rgbt <1,0,0,0> }
	no_shadow
}

// nucleotide -1

// particle -1
sphere {
	<24.910284, 39.708031, 31.442663> 0.250000
	pigment { color rgbt <1,0,0,0> }
	no_shadow
}
cylinder {
	<25.066311, 39.352901, 31.344994>,  <25.159927, 39.139824, 31.286392>, 0.100000
	pigment { color rgbt <1,0,0,0> }
	no_shadow
}
cylinder {
	<25.066311, 39.352901, 31.344994>,  <24.910284, 39.708031, 31.442663>, 0.100000
	pigment { color rgbt <1,0,0,0> }
	no_shadow
}

// particle -1
sphere {
	<25.066311, 39.352901, 31.344994> 0.100000
	pigment { color rgbt <1,0,0,0> }
	no_shadow
}
sphere {
	0, 1
	scale<0.080000,0.200000,0.300000>
	matrix <0.175003, 0.331830, -0.926964,
		0.904002, 0.318849, 0.284808,
		0.390069, -0.887820, -0.244176,
		25.183332, 39.086555, 31.271742>
	pigment { color rgbt <0,1,1,0> }
	no_shadow
}
cylinder {
	<25.604431, 39.728504, 31.102991>,  <24.910284, 39.708031, 31.442663>, 0.130000
	pigment { color rgbt <1,0,0,0> }
	no_shadow
}

// nucleotide -1

// particle -1
sphere {
	<25.604431, 39.728504, 31.102991> 0.250000
	pigment { color rgbt <1,0,0,0> }
	no_shadow
}
cylinder {
	<25.429987, 39.388763, 30.984051>,  <25.325321, 39.184921, 30.912687>, 0.100000
	pigment { color rgbt <1,0,0,0> }
	no_shadow
}
cylinder {
	<25.429987, 39.388763, 30.984051>,  <25.604431, 39.728504, 31.102991>, 0.100000
	pigment { color rgbt <1,0,0,0> }
	no_shadow
}

// particle -1
sphere {
	<25.429987, 39.388763, 30.984051> 0.100000
	pigment { color rgbt <1,0,0,0> }
	no_shadow
}
sphere {
	0, 1
	scale<0.080000,0.200000,0.300000>
	matrix <0.129628, 0.267689, -0.954746,
		0.890508, -0.454919, -0.006642,
		-0.436110, -0.849348, -0.297349,
		25.299154, 39.133961, 30.894846>
	pigment { color rgbt <0,1,1,0> }
	no_shadow
}
cylinder {
	<26.046083, 39.473778, 30.578791>,  <25.604431, 39.728504, 31.102991>, 0.130000
	pigment { color rgbt <1,0,0,0> }
	no_shadow
}

// nucleotide -1

// particle -1
sphere {
	<26.046083, 39.473778, 30.578791> 0.250000
	pigment { color rgbt <1,0,0,0> }
	no_shadow
}
cylinder {
	<25.708847, 39.264946, 30.527199>,  <25.506506, 39.139648, 30.496244>, 0.100000
	pigment { color rgbt <1,0,0,0> }
	no_shadow
}
cylinder {
	<25.708847, 39.264946, 30.527199>,  <26.046083, 39.473778, 30.578791>, 0.100000
	pigment { color rgbt <1,0,0,0> }
	no_shadow
}

// particle -1
sphere {
	<25.708847, 39.264946, 30.527199> 0.100000
	pigment { color rgbt <1,0,0,0> }
	no_shadow
}
sphere {
	0, 1
	scale<0.080000,0.200000,0.300000>
	matrix <0.128300, 0.037640, -0.991021,
		0.522242, -0.852068, 0.035248,
		-0.843091, -0.522076, -0.128978,
		25.455919, 39.108322, 30.488506>
	pigment { color rgbt <0,1,1,0> }
	no_shadow
}
cylinder {
	<26.175255, 38.911209, 30.047710>,  <26.046083, 39.473778, 30.578791>, 0.130000
	pigment { color rgbt <1,0,0,0> }
	no_shadow
}

// nucleotide -1

// particle -1
sphere {
	<26.175255, 38.911209, 30.047710> 0.250000
	pigment { color rgbt <1,0,0,0> }
	no_shadow
}
cylinder {
	<25.779715, 38.970673, 30.044218>,  <25.542391, 39.006351, 30.042122>, 0.100000
	pigment { color rgbt <1,0,0,0> }
	no_shadow
}
cylinder {
	<25.779715, 38.970673, 30.044218>,  <26.175255, 38.911209, 30.047710>, 0.100000
	pigment { color rgbt <1,0,0,0> }
	no_shadow
}

// particle -1
sphere {
	<25.779715, 38.970673, 30.044218> 0.100000
	pigment { color rgbt <1,0,0,0> }
	no_shadow
}
sphere {
	0, 1
	scale<0.080000,0.200000,0.300000>
	matrix <0.033005, 0.161616, -0.986302,
		-0.145207, -0.975593, -0.164721,
		-0.988851, 0.148654, -0.008732,
		25.483059, 39.015270, 30.041599>
	pigment { color rgbt <0,1,1,0> }
	no_shadow
}
cylinder {
	<25.868113, 38.553879, 29.495707>,  <26.175255, 38.911209, 30.047710>, 0.130000
	pigment { color rgbt <1,0,0,0> }
	no_shadow
}

// nucleotide -1

// particle -1
sphere {
	<25.868113, 38.553879, 29.495707> 0.250000
	pigment { color rgbt <1,0,0,0> }
	no_shadow
}
cylinder {
	<25.609463, 38.848053, 29.576704>,  <25.454273, 39.024559, 29.625303>, 0.100000
	pigment { color rgbt <1,0,0,0> }
	no_shadow
}
cylinder {
	<25.609463, 38.848053, 29.576704>,  <25.868113, 38.553879, 29.495707>, 0.100000
	pigment { color rgbt <1,0,0,0> }
	no_shadow
}

// particle -1
sphere {
	<25.609463, 38.848053, 29.576704> 0.100000
	pigment { color rgbt <1,0,0,0> }
	no_shadow
}
sphere {
	0, 1
	scale<0.080000,0.200000,0.300000>
	matrix <-0.038596, 0.233575, -0.971572,
		-0.761830, -0.636060, -0.122651,
		-0.646626, 0.735439, 0.202494,
		25.415474, 39.068684, 29.637453>
	pigment { color rgbt <0,1,1,0> }
	no_shadow
}
cylinder {
	<25.314560, 38.516041, 29.078434>,  <25.868113, 38.553879, 29.495707>, 0.130000
	pigment { color rgbt <1,0,0,0> }
	no_shadow
}

// nucleotide -1

// particle -1
sphere {
	<25.314560, 38.516041, 29.078434> 0.250000
	pigment { color rgbt <1,0,0,0> }
	no_shadow
}
cylinder {
	<25.321699, 38.905769, 29.168217>,  <25.325983, 39.139606, 29.222086>, 0.100000
	pigment { color rgbt <1,0,0,0> }
	no_shadow
}
cylinder {
	<25.321699, 38.905769, 29.168217>,  <25.314560, 38.516041, 29.078434>, 0.100000
	pigment { color rgbt <1,0,0,0> }
	no_shadow
}

// particle -1
sphere {
	<25.321699, 38.905769, 29.168217> 0.100000
	pigment { color rgbt <1,0,0,0> }
	no_shadow
}
sphere {
	0, 1
	scale<0.080000,0.200000,0.300000>
	matrix <-0.088529, 0.225149, -0.970294,
		-0.995914, -0.002552, 0.090274,
		0.017849, 0.974321, 0.224455,
		25.327053, 39.198067, 29.235554>
	pigment { color rgbt <0,1,1,0> }
	no_shadow
}
cylinder {
	<25.098690, 38.943768, 28.426414>,  <25.314560, 38.516041, 29.078434>, 0.130000
	pigment { color rgbt <1,0,0,0> }
	no_shadow
}

// nucleotide -1

// particle -1
sphere {
	<25.098690, 38.943768, 28.426414> 0.250000
	pigment { color rgbt <1,0,0,0> }
	no_shadow
}
cylinder {
	<25.273636, 39.220459, 28.656275>,  <25.378603, 39.386475, 28.794191>, 0.100000
	pigment { color rgbt <1,0,0,0> }
	no_shadow
}
cylinder {
	<25.273636, 39.220459, 28.656275>,  <25.098690, 38.943768, 28.426414>, 0.100000
	pigment { color rgbt <1,0,0,0> }
	no_shadow
}

// particle -1
sphere {
	<25.273636, 39.220459, 28.656275> 0.100000
	pigment { color rgbt <1,0,0,0> }
	no_shadow
}
sphere {
	0, 1
	scale<0.080000,0.200000,0.300000>
	matrix <0.061971, 0.614305, -0.786631,
		-0.897147, 0.379655, 0.225807,
		0.437364, 0.691730, 0.574650,
		25.404844, 39.427979, 28.828671>
	pigment { color rgbt <0,1,1,0> }
	no_shadow
}
cylinder {
	<24.779306, 39.528320, 28.236197>,  <25.098690, 38.943768, 28.426414>, 0.130000
	pigment { color rgbt <1,0,0,0> }
	no_shadow
}

// nucleotide -1

// particle -1
sphere {
	<24.779306, 39.528320, 28.236197> 0.250000
	pigment { color rgbt <1,0,0,0> }
	no_shadow
}
cylinder {
	<25.120398, 39.640202, 28.412659>,  <25.325052, 39.707333, 28.518536>, 0.100000
	pigment { color rgbt <1,0,0,0> }
	no_shadow
}
cylinder {
	<25.120398, 39.640202, 28.412659>,  <24.779306, 39.528320, 28.236197>, 0.100000
	pigment { color rgbt <1,0,0,0> }
	no_shadow
}

// particle -1
sphere {
	<25.120398, 39.640202, 28.412659> 0.100000
	pigment { color rgbt <1,0,0,0> }
	no_shadow
}
sphere {
	0, 1
	scale<0.080000,0.200000,0.300000>
	matrix <0.200725, 0.604247, -0.771100,
		-0.482247, 0.746091, 0.459115,
		0.852729, 0.279705, 0.441155,
		25.376217, 39.724113, 28.545006>
	pigment { color rgbt <0,1,1,0> }
	no_shadow
}
cylinder {
	<24.805061, 40.234455, 28.302389>,  <24.779306, 39.528320, 28.236197>, 0.130000
	pigment { color rgbt <1,0,0,0> }
	no_shadow
}

// nucleotide -1

// particle -1
sphere {
	<24.805061, 40.234455, 28.302389> 0.250000
	pigment { color rgbt <1,0,0,0> }
	no_shadow
}
cylinder {
	<25.165169, 40.069466, 28.246704>,  <25.381233, 39.970470, 28.213293>, 0.100000
	pigment { color rgbt <1,0,0,0> }
	no_shadow
}
cylinder {
	<25.165169, 40.069466, 28.246704>,  <24.805061, 40.234455, 28.302389>, 0.100000
	pigment { color rgbt <1,0,0,0> }
	no_shadow
}

// particle -1
sphere {
	<25.165169, 40.069466, 28.246704> 0.100000
	pigment { color rgbt <1,0,0,0> }
	no_shadow
}
sphere {
	0, 1
	scale<0.080000,0.200000,0.300000>
	matrix <0.140271, 0.577579, -0.804193,
		0.412115, 0.704463, 0.577835,
		0.900270, -0.412474, -0.139213,
		25.435249, 39.945724, 28.204941>
	pigment { color rgbt <0,1,1,0> }
	no_shadow
}
cylinder {
	<25.316799, 40.798603, 28.361132>,  <24.805061, 40.234455, 28.302389>, 0.130000
	pigment { color rgbt <1,0,0,0> }
	no_shadow
}

// nucleotide -1

// particle -1
sphere {
	<25.316799, 40.798603, 28.361132> 0.250000
	pigment { color rgbt <1,0,0,0> }
	no_shadow
}
cylinder {
	<25.433935, 40.492367, 28.132006>,  <25.504217, 40.308624, 27.994530>, 0.100000
	pigment { color rgbt <1,0,0,0> }
	no_shadow
}
cylinder {
	<25.433935, 40.492367, 28.132006>,  <25.316799, 40.798603, 28.361132>, 0.100000
	pigment { color rgbt <1,0,0,0> }
	no_shadow
}

// particle -1
sphere {
	<25.433935, 40.492367, 28.132006> 0.100000
	pigment { color rgbt <1,0,0,0> }
	no_shadow
}
sphere {
	0, 1
	scale<0.080000,0.200000,0.300000>
	matrix <0.260508, 0.640295, -0.722605,
		0.919990, 0.062385, 0.386946,
		0.292839, -0.765592, -0.572813,
		25.521788, 40.262688, 27.960161>
	pigment { color rgbt <0,1,1,0> }
	no_shadow
}
cylinder {
	<26.015135, 40.904682, 28.174068>,  <25.316799, 40.798603, 28.361132>, 0.130000
	pigment { color rgbt <1,0,0,0> }
	no_shadow
}

// nucleotide -1

// particle -1
sphere {
	<26.015135, 40.904682, 28.174068> 0.250000
	pigment { color rgbt <1,0,0,0> }
	no_shadow
}
cylinder {
	<25.836020, 40.667244, 27.906597>,  <25.728550, 40.524780, 27.746115>, 0.100000
	pigment { color rgbt <1,0,0,0> }
	no_shadow
}
cylinder {
	<25.836020, 40.667244, 27.906597>,  <26.015135, 40.904682, 28.174068>, 0.100000
	pigment { color rgbt <1,0,0,0> }
	no_shadow
}

// particle -1
sphere {
	<25.836020, 40.667244, 27.906597> 0.100000
	pigment { color rgbt <1,0,0,0> }
	no_shadow
}
sphere {
	0, 1
	scale<0.080000,0.200000,0.300000>
	matrix <0.282928, 0.615352, -0.735726,
		0.848197, -0.518637, -0.107601,
		-0.447787, -0.593597, -0.668677,
		25.701683, 40.489166, 27.705994>
	pigment { color rgbt <0,1,1,0> }
	no_shadow
}
cylinder {
	<26.328606, 41.381207, 27.603527>,  <26.015135, 40.904682, 28.174068>, 0.130000
	pigment { color rgbt <1,0,0,0> }
	no_shadow
}

// nucleotide -1

// particle -1
sphere {
	<26.328606, 41.381207, 27.603527> 0.250000
	pigment { color rgbt <1,0,0,0> }
	no_shadow
}
cylinder {
	<26.473360, 41.057156, 27.788015>,  <26.560213, 40.862724, 27.898708>, 0.100000
	pigment { color rgbt <1,0,0,0> }
	no_shadow
}
cylinder {
	<26.473360, 41.057156, 27.788015>,  <26.328606, 41.381207, 27.603527>, 0.100000
	pigment { color rgbt <1,0,0,0> }
	no_shadow
}

// particle -1
sphere {
	<26.473360, 41.057156, 27.788015> 0.100000
	pigment { color rgbt <1,0,0,0> }
	no_shadow
}
sphere {
	0, 1
	scale<0.080000,0.200000,0.300000>
	matrix <-0.694072, -0.564440, -0.446847,
		0.622336, -0.158412, -0.766553,
		0.361887, -0.810132, 0.461220,
		26.581926, 40.814117, 27.926382>
	pigment { color rgbt <0,1,1,0> }
	no_shadow
}
cylinder {
	<26.267014, 41.204437, 26.874256>,  <26.328606, 41.381207, 27.603527>, 0.130000
	pigment { color rgbt <1,0,0,0> }
	no_shadow
}

// nucleotide -1

// particle -1
sphere {
	<26.267014, 41.204437, 26.874256> 0.250000
	pigment { color rgbt <1,0,0,0> }
	no_shadow
}
cylinder {
	<26.561243, 41.425785, 27.030571>,  <26.737782, 41.558594, 27.124359>, 0.100000
	pigment { color rgbt <1,0,0,0> }
	no_shadow
}
cylinder {
	<26.561243, 41.425785, 27.030571>,  <26.267014, 41.204437, 26.874256>, 0.100000
	pigment { color rgbt <1,0,0,0> }
	no_shadow
}

// particle -1
sphere {
	<26.561243, 41.425785, 27.030571> 0.100000
	pigment { color rgbt <1,0,0,0> }
	no_shadow
}
sphere {
	0, 1
	scale<0.080000,0.200000,0.300000>
	matrix <0.644733, -0.748927, -0.153063,
		0.207970, 0.364543, -0.907666,
		0.735573, 0.553369, 0.390787,
		26.781916, 41.591797, 27.147808>
	pigment { color rgbt <0,1,1,0> }
	no_shadow
}
cylinder {
	<26.847265, 40.854671, 26.694349>,  <26.267014, 41.204437, 26.874256>, 0.130000
	pigment { color rgbt <1,0,0,0> }
	no_shadow
}

// nucleotide -1

// particle -1
sphere {
	<26.847265, 40.854671, 26.694349> 0.250000
	pigment { color rgbt <1,0,0,0> }
	no_shadow
}
cylinder {
	<27.023163, 41.107048, 26.950018>,  <27.128702, 41.258472, 27.103418>, 0.100000
	pigment { color rgbt <1,0,0,0> }
	no_shadow
}
cylinder {
	<27.023163, 41.107048, 26.950018>,  <26.847265, 40.854671, 26.694349>, 0.100000
	pigment { color rgbt <1,0,0,0> }
	no_shadow
}

// particle -1
sphere {
	<27.023163, 41.107048, 26.950018> 0.100000
	pigment { color rgbt <1,0,0,0> }
	no_shadow
}
sphere {
	0, 1
	scale<0.080000,0.200000,0.300000>
	matrix <0.760877, -0.639827, 0.108108,
		0.477169, 0.438791, -0.761428,
		0.439745, 0.630939, 0.639172,
		27.155087, 41.296329, 27.141769>
	pigment { color rgbt <0,1,1,0> }
	no_shadow
}
cylinder {
	<27.532822, 40.987492, 26.388479>,  <26.847265, 40.854671, 26.694349>, 0.130000
	pigment { color rgbt <1,0,0,0> }
	no_shadow
}

// nucleotide -1

// particle -1
sphere {
	<27.532822, 40.987492, 26.388479> 0.250000
	pigment { color rgbt <1,0,0,0> }
	no_shadow
}
cylinder {
	<27.488852, 40.988735, 26.786053>,  <27.462469, 40.989483, 27.024597>, 0.100000
	pigment { color rgbt <1,0,0,0> }
	no_shadow
}
cylinder {
	<27.488852, 40.988735, 26.786053>,  <27.532822, 40.987492, 26.388479>, 0.100000
	pigment { color rgbt <1,0,0,0> }
	no_shadow
}

// particle -1
sphere {
	<27.488852, 40.988735, 26.786053> 0.100000
	pigment { color rgbt <1,0,0,0> }
	no_shadow
}
sphere {
	0, 1
	scale<0.080000,0.200000,0.300000>
	matrix <0.740332, -0.666977, 0.083967,
		0.663193, 0.745072, 0.071014,
		-0.109926, 0.003113, 0.993935,
		27.455873, 40.989670, 27.084232>
	pigment { color rgbt <0,1,1,0> }
	no_shadow
}
cylinder {
	<28.235962, 41.015182, 26.845806>,  <27.532822, 40.987492, 26.388479>, 0.130000
	pigment { color rgbt <1,0,0,0> }
	no_shadow
}

// nucleotide -1

// particle -1
sphere {
	<28.235962, 41.015182, 26.845806> 0.250000
	pigment { color rgbt <1,0,0,0> }
	no_shadow
}
cylinder {
	<27.963362, 40.797527, 27.041548>,  <27.799801, 40.666935, 27.158993>, 0.100000
	pigment { color rgbt <1,0,0,0> }
	no_shadow
}
cylinder {
	<27.963362, 40.797527, 27.041548>,  <28.235962, 41.015182, 26.845806>, 0.100000
	pigment { color rgbt <1,0,0,0> }
	no_shadow
}

// particle -1
sphere {
	<27.963362, 40.797527, 27.041548> 0.100000
	pigment { color rgbt <1,0,0,0> }
	no_shadow
}
sphere {
	0, 1
	scale<0.080000,0.200000,0.300000>
	matrix <0.679753, -0.718385, 0.147846,
		0.271094, 0.433396, 0.859463,
		-0.681501, -0.544142, 0.489352,
		27.758911, 40.634285, 27.188353>
	pigment { color rgbt <0,1,1,0> }
	no_shadow
}
cylinder {
	<28.476234, 40.793312, 27.566603>,  <28.235962, 41.015182, 26.845806>, 0.130000
	pigment { color rgbt <1,0,0,0> }
	no_shadow
}

// nucleotide -1

// particle -1
sphere {
	<28.476234, 40.793312, 27.566603> 0.250000
	pigment { color rgbt <1,0,0,0> }
	no_shadow
}
cylinder {
	<28.250761, 40.532791, 27.363403>,  <28.115477, 40.376480, 27.241484>, 0.100000
	pigment { color rgbt <1,0,0,0> }
	no_shadow
}
cylinder {
	<28.250761, 40.532791, 27.363403>,  <28.476234, 40.793312, 27.566603>, 0.100000
	pigment { color rgbt <1,0,0,0> }
	no_shadow
}

// particle -1
sphere {
	<28.250761, 40.532791, 27.363403> 0.100000
	pigment { color rgbt <1,0,0,0> }
	no_shadow
}
sphere {
	0, 1
	scale<0.080000,0.200000,0.300000>
	matrix <0.657916, -0.725880, 0.200612,
		-0.499406, -0.221140, 0.837669,
		-0.563684, -0.651303, -0.508000,
		28.081656, 40.337399, 27.211002>
	pigment { color rgbt <0,1,1,0> }
	no_shadow
}
cylinder {
	<29.051548, 41.199734, 27.568966>,  <28.476234, 40.793312, 27.566603>, 0.130000
	pigment { color rgbt <1,0,0,0> }
	no_shadow
}

// nucleotide -1

// particle -1
sphere {
	<29.051548, 41.199734, 27.568966> 0.250000
	pigment { color rgbt <1,0,0,0> }
	no_shadow
}
cylinder {
	<29.317095, 41.393032, 27.797266>,  <29.476423, 41.509010, 27.934246>, 0.100000
	pigment { color rgbt <1,0,0,0> }
	no_shadow
}
cylinder {
	<29.317095, 41.393032, 27.797266>,  <29.051548, 41.199734, 27.568966>, 0.100000
	pigment { color rgbt <1,0,0,0> }
	no_shadow
}

// particle -1
sphere {
	<29.317095, 41.393032, 27.797266> 0.100000
	pigment { color rgbt <1,0,0,0> }
	no_shadow
}
sphere {
	0, 1
	scale<0.080000,0.200000,0.300000>
	matrix <-0.430015, -0.377739, 0.820000,
		0.611853, -0.789803, -0.042967,
		0.663869, 0.483243, 0.570748,
		29.516256, 41.538006, 27.968491>
	pigment { color rgbt <0,1,1,0> }
	no_shadow
}
cylinder {
	<29.123699, 40.901699, 28.117725>,  <29.051548, 41.199734, 27.568966>, 0.130000
	pigment { color rgbt <1,0,0,0> }
	no_shadow
}

// nucleotide -1

// particle -1
sphere {
	<29.123699, 40.901699, 28.117725> 0.250000
	pigment { color rgbt <1,0,0,0> }
	no_shadow
}
cylinder {
	<29.234589, 41.236732, 28.306019>,  <29.301123, 41.437752, 28.418995>, 0.100000
	pigment { color rgbt <1,0,0,0> }
	no_shadow
}
cylinder {
	<29.234589, 41.236732, 28.306019>,  <29.123699, 40.901699, 28.117725>, 0.100000
	pigment { color rgbt <1,0,0,0> }
	no_shadow
}

// particle -1
sphere {
	<29.234589, 41.236732, 28.306019> 0.100000
	pigment { color rgbt <1,0,0,0> }
	no_shadow
}
sphere {
	0, 1
	scale<0.080000,0.200000,0.300000>
	matrix <-0.337703, -0.373736, 0.863874,
		0.899502, -0.398456, 0.179247,
		0.277225, 0.837588, 0.470736,
		29.317757, 41.488010, 28.447239>
	pigment { color rgbt <0,1,1,0> }
	no_shadow
}
cylinder {
	<29.668537, 40.754734, 28.568815>,  <29.123699, 40.901699, 28.117725>, 0.130000
	pigment { color rgbt <1,0,0,0> }
	no_shadow
}

// nucleotide -1

// particle -1
sphere {
	<29.668537, 40.754734, 28.568815> 0.250000
	pigment { color rgbt <1,0,0,0> }
	no_shadow
}
cylinder {
	<29.434568, 41.054699, 28.692427>,  <29.294188, 41.234676, 28.766594>, 0.100000
	pigment { color rgbt <1,0,0,0> }
	no_shadow
}
cylinder {
	<29.434568, 41.054699, 28.692427>,  <29.668537, 40.754734, 28.568815>, 0.100000
	pigment { color rgbt <1,0,0,0> }
	no_shadow
}

// particle -1
sphere {
	<29.434568, 41.054699, 28.692427> 0.100000
	pigment { color rgbt <1,0,0,0> }
	no_shadow
}
sphere {
	0, 1
	scale<0.080000,0.200000,0.300000>
	matrix <-0.260474, -0.534496, 0.804032,
		0.768129, 0.389801, 0.507970,
		-0.584920, 0.749913, 0.309029,
		29.259092, 41.279675, 28.785135>
	pigment { color rgbt <0,1,1,0> }
	no_shadow
}
cylinder {
	<29.771236, 40.954842, 29.354801>,  <29.668537, 40.754734, 28.568815>, 0.130000
	pigment { color rgbt <1,0,0,0> }
	no_shadow
}

// nucleotide -1

// particle -1
sphere {
	<29.771236, 40.954842, 29.354801> 0.250000
	pigment { color rgbt <1,0,0,0> }
	no_shadow
}
cylinder {
	<29.399944, 41.080845, 29.275646>,  <29.177170, 41.156448, 29.228153>, 0.100000
	pigment { color rgbt <1,0,0,0> }
	no_shadow
}
cylinder {
	<29.399944, 41.080845, 29.275646>,  <29.771236, 40.954842, 29.354801>, 0.100000
	pigment { color rgbt <1,0,0,0> }
	no_shadow
}

// particle -1
sphere {
	<29.399944, 41.080845, 29.275646> 0.100000
	pigment { color rgbt <1,0,0,0> }
	no_shadow
}
sphere {
	0, 1
	scale<0.080000,0.200000,0.300000>
	matrix <-0.328536, -0.444604, 0.833302,
		0.174518, 0.838507, 0.516187,
		-0.928228, 0.315012, -0.197888,
		29.121475, 41.175350, 29.216280>
	pigment { color rgbt <0,1,1,0> }
	no_shadow
}
cylinder {
	<29.476053, 41.085957, 29.951309>,  <29.771236, 40.954842, 29.354801>, 0.130000
	pigment { color rgbt <1,0,0,0> }
	no_shadow
}

// nucleotide -1

// particle -1
sphere {
	<29.476053, 41.085957, 29.951309> 0.250000
	pigment { color rgbt <1,0,0,0> }
	no_shadow
}
cylinder {
	<29.152449, 41.060860, 29.717537>,  <28.958286, 41.045803, 29.577272>, 0.100000
	pigment { color rgbt <1,0,0,0> }
	no_shadow
}
cylinder {
	<29.152449, 41.060860, 29.717537>,  <29.476053, 41.085957, 29.951309>, 0.100000
	pigment { color rgbt <1,0,0,0> }
	no_shadow
}

// particle -1
sphere {
	<29.152449, 41.060860, 29.717537> 0.100000
	pigment { color rgbt <1,0,0,0> }
	no_shadow
}
sphere {
	0, 1
	scale<0.080000,0.200000,0.300000>
	matrix <-0.482696, -0.496462, 0.721478,
		-0.335414, 0.865788, 0.371361,
		-0.809013, -0.062739, -0.584432,
		28.909744, 41.042038, 29.542208>
	pigment { color rgbt <0,1,1,0> }
	no_shadow
}
cylinder {
	<28.944765, 41.264870, 30.248310>,  <29.476053, 41.085957, 29.951309>, 0.130000
	pigment { color rgbt <1,0,0,0> }
	no_shadow
}

// nucleotide -1

// particle -1
sphere {
	<28.944765, 41.264870, 30.248310> 0.250000
	pigment { color rgbt <1,0,0,0> }
	no_shadow
}
cylinder {
	<28.776276, 41.034084, 29.968401>,  <28.675182, 40.895615, 29.800455>, 0.100000
	pigment { color rgbt <1,0,0,0> }
	no_shadow
}
cylinder {
	<28.776276, 41.034084, 29.968401>,  <28.944765, 41.264870, 30.248310>, 0.100000
	pigment { color rgbt <1,0,0,0> }
	no_shadow
}

// particle -1
sphere {
	<28.776276, 41.034084, 29.968401> 0.100000
	pigment { color rgbt <1,0,0,0> }
	no_shadow
}
sphere {
	0, 1
	scale<0.080000,0.200000,0.300000>
	matrix <-0.371591, -0.594044, 0.713465,
		-0.827340, 0.560557, 0.035830,
		-0.421222, -0.576964, -0.699775,
		28.649910, 40.860996, 29.758469>
	pigment { color rgbt <0,1,1,0> }
	no_shadow
}
cylinder {
	<28.405296, 41.051533, 30.625103>,  <28.944765, 41.264870, 30.248310>, 0.130000
	pigment { color rgbt <1,0,0,0> }
	no_shadow
}

// nucleotide -1

// particle -1
sphere {
	<28.405296, 41.051533, 30.625103> 0.250000
	pigment { color rgbt <1,0,0,0> }
	no_shadow
}
cylinder {
	<28.459473, 40.788868, 30.328333>,  <28.491980, 40.631271, 30.150270>, 0.100000
	pigment { color rgbt <1,0,0,0> }
	no_shadow
}
cylinder {
	<28.459473, 40.788868, 30.328333>,  <28.405296, 41.051533, 30.625103>, 0.100000
	pigment { color rgbt <1,0,0,0> }
	no_shadow
}

// particle -1
sphere {
	<28.459473, 40.788868, 30.328333> 0.100000
	pigment { color rgbt <1,0,0,0> }
	no_shadow
}
sphere {
	0, 1
	scale<0.080000,0.200000,0.300000>
	matrix <-0.277526, -0.743995, 0.607824,
		-0.951123, 0.123579, -0.283008,
		0.135442, -0.656658, -0.741927,
		28.500105, 40.591869, 30.105755>
	pigment { color rgbt <0,1,1,0> }
	no_shadow
}
cylinder {
	<27.848434, 40.506889, 30.838724>,  <28.405296, 41.051533, 30.625103>, 0.130000
	pigment { color rgbt <1,0,0,0> }
	no_shadow
}

// nucleotide -1

// particle -1
sphere {
	<27.848434, 40.506889, 30.838724> 0.250000
	pigment { color rgbt <1,0,0,0> }
	no_shadow
}
cylinder {
	<28.057505, 40.307205, 30.562292>,  <28.182947, 40.187393, 30.396433>, 0.100000
	pigment { color rgbt <1,0,0,0> }
	no_shadow
}
cylinder {
	<28.057505, 40.307205, 30.562292>,  <27.848434, 40.506889, 30.838724>, 0.100000
	pigment { color rgbt <1,0,0,0> }
	no_shadow
}

// particle -1
sphere {
	<28.057505, 40.307205, 30.562292> 0.100000
	pigment { color rgbt <1,0,0,0> }
	no_shadow
}
sphere {
	0, 1
	scale<0.080000,0.200000,0.300000>
	matrix <-0.003594, -0.811906, 0.583777,
		-0.852524, -0.302642, -0.426158,
		0.522676, -0.499215, -0.691082,
		28.214308, 40.157440, 30.354967>
	pigment { color rgbt <0,1,1,0> }
	no_shadow
}
cylinder {
	<27.378641, 39.978313, 30.633066>,  <27.848434, 40.506889, 30.838724>, 0.130000
	pigment { color rgbt <1,0,0,0> }
	no_shadow
}

// nucleotide -1

// particle -1
sphere {
	<27.378641, 39.978313, 30.633066> 0.250000
	pigment { color rgbt <1,0,0,0> }
	no_shadow
}
cylinder {
	<27.763971, 39.895351, 30.564964>,  <27.995169, 39.845573, 30.524103>, 0.100000
	pigment { color rgbt <1,0,0,0> }
	no_shadow
}
cylinder {
	<27.763971, 39.895351, 30.564964>,  <27.378641, 39.978313, 30.633066>, 0.100000
	pigment { color rgbt <1,0,0,0> }
	no_shadow
}

// particle -1
sphere {
	<27.763971, 39.895351, 30.564964> 0.100000
	pigment { color rgbt <1,0,0,0> }
	no_shadow
}
sphere {
	0, 1
	scale<0.080000,0.200000,0.300000>
	matrix <-0.116566, -0.894943, 0.430685,
		-0.241694, -0.395044, -0.886298,
		0.963326, -0.207406, -0.170253,
		28.052969, 39.833130, 30.513887>
	pigment { color rgbt <0,1,1,0> }
	no_shadow
}
cylinder {
	<27.433460, 39.351917, 30.439703>,  <27.378641, 39.978313, 30.633066>, 0.130000
	pigment { color rgbt <1,0,0,0> }
	no_shadow
}

// nucleotide -1

// particle -1
sphere {
	<27.433460, 39.351917, 30.439703> 0.250000
	pigment { color rgbt <1,0,0,0> }
	no_shadow
}
cylinder {
	<27.822580, 39.394672, 30.521904>,  <28.056053, 39.420326, 30.571224>, 0.100000
	pigment { color rgbt <1,0,0,0> }
	no_shadow
}
cylinder {
	<27.822580, 39.394672, 30.521904>,  <27.433460, 39.351917, 30.439703>, 0.100000
	pigment { color rgbt <1,0,0,0> }
	no_shadow
}

// particle -1
sphere {
	<27.822580, 39.394672, 30.521904> 0.100000
	pigment { color rgbt <1,0,0,0> }
	no_shadow
}
sphere {
	0, 1
	scale<0.080000,0.200000,0.300000>
	matrix <-0.016724, -0.852448, 0.522544,
