// switches for output
#declare DRAW_BASES = 1; // possible values are 0, 1; only relevant for DNA ribbons
#declare DRAW_BASES_TYPE = 3; // possible values are 1, 2, 3; only relevant for DNA ribbons
#declare DRAW_FOG = 0; // set to 1 to enable fog

#include "colors.inc"

#include "transforms.inc"
background { rgb <1, 1, 1>}

#default {
   normal{
       ripples 0.25
       frequency 0.20
       turbulence 0.2
       lambda 5
   }
	finish {
		phong 0.1
		phong_size 40.
	}
}

// original window dimensions: 1024x640


// camera settings

camera {
	sky <0, 0.179814, -0.983701>
	up <0, 0.179814, -0.983701>
	right 1.6 * <1, 0, 0>
	location <35, 94.9851, 44.8844>
	look_at <35, 29.7336, 32.9568>
	direction <0, -65.2515, -11.9276>
	angle 67.0682
}


# declare cpy_camera_pos = <35, 94.9851, 44.8844>;
# if (DRAW_FOG = 1)
fog {
	fog_type 2
	up vnormalize(cpy_camera_pos)
	color rgbt<1,1,1,0.3>
	distance 1e-5
	fog_alt 3e-3
	fog_offset 56
}
# end


// LIGHTS

# declare lum = 6;
global_settings {
	ambient_light rgb lum * <0.05, 0.05, 0.05>
	max_trace_level 15
}# declare cpy_direct_light_amount = 0.25;
light_source
{	1000 * <-1, -1.16352, -0.803886>,
	rgb lum * cpy_direct_light_amount
	parallel
}

light_source
{	1000 * <1, 1.16352, 0.803886>,
	rgb lum * cpy_direct_light_amount
	parallel
}

// strand 0

// nucleotide -1

// particle -1
sphere {
	<24.039879, 34.991325, 34.739906> 0.250000
	pigment { color rgbt <1,0,0,0> }
	no_shadow
}
cylinder {
	<24.207930, 34.803326, 35.050415>,  <24.308760, 34.690525, 35.236721>, 0.100000
	pigment { color rgbt <1,0,0,0> }
	no_shadow
}
cylinder {
	<24.207930, 34.803326, 35.050415>,  <24.039879, 34.991325, 34.739906>, 0.100000
	pigment { color rgbt <1,0,0,0> }
	no_shadow
}

// particle -1
sphere {
	<24.207930, 34.803326, 35.050415> 0.100000
	pigment { color rgbt <1,0,0,0> }
	no_shadow
}
sphere {
	0, 1
	scale<0.080000,0.200000,0.300000>
	matrix <0.907166, 0.195551, -0.372571,
		0.023307, 0.860734, 0.508522,
		0.420127, -0.469997, 0.776271,
		24.333967, 34.662327, 35.283295>
	pigment { color rgbt <0,1,1,0> }
	no_shadow
}
cylinder {
	<24.524027, 35.377781, 35.159168>,  <24.039879, 34.991325, 34.739906>, 0.130000
	pigment { color rgbt <1,0,0,0> }
	no_shadow
}

// nucleotide -1

// particle -1
sphere {
	<24.524027, 35.377781, 35.159168> 0.250000
	pigment { color rgbt <1,0,0,0> }
	no_shadow
}
cylinder {
	<24.695719, 35.017365, 35.184128>,  <24.798735, 34.801117, 35.199104>, 0.100000
	pigment { color rgbt <1,0,0,0> }
	no_shadow
}
cylinder {
	<24.695719, 35.017365, 35.184128>,  <24.524027, 35.377781, 35.159168>, 0.100000
	pigment { color rgbt <1,0,0,0> }
	no_shadow
}

// particle -1
sphere {
	<24.695719, 35.017365, 35.184128> 0.100000
	pigment { color rgbt <1,0,0,0> }
	no_shadow
}
sphere {
	0, 1
	scale<0.080000,0.200000,0.300000>
	matrix <0.886916, 0.407429, -0.217673,
		0.170709, 0.148772, 0.974025,
		0.429230, -0.901038, 0.062396,
		24.824488, 34.747055, 35.202847>
	pigment { color rgbt <0,1,1,0> }
	no_shadow
}
cylinder {
	<25.062332, 35.260941, 35.756645>,  <24.524027, 35.377781, 35.159168>, 0.130000
	pigment { color rgbt <1,0,0,0> }
	no_shadow
}

// nucleotide -1

// particle -1
sphere {
	<25.062332, 35.260941, 35.756645> 0.250000
	pigment { color rgbt <1,0,0,0> }
	no_shadow
}
cylinder {
	<25.127504, 35.065266, 35.413918>,  <25.166607, 34.947861, 35.208279>, 0.100000
	pigment { color rgbt <1,0,0,0> }
	no_shadow
}
cylinder {
	<25.127504, 35.065266, 35.413918>,  <25.062332, 35.260941, 35.756645>, 0.100000
	pigment { color rgbt <1,0,0,0> }
	no_shadow
}

// particle -1
sphere {
	<25.127504, 35.065266, 35.413918> 0.100000
	pigment { color rgbt <1,0,0,0> }
	no_shadow
}
sphere {
	0, 1
	scale<0.080000,0.200000,0.300000>
	matrix <0.848110, 0.513184, -0.131721,
		0.504145, -0.705220, 0.498500,
		0.162930, -0.489190, -0.856824,
		25.176384, 34.918510, 35.156872>
	pigment { color rgbt <0,1,1,0> }
	no_shadow
}
cylinder {
	<25.782562, 35.200970, 35.742317>,  <25.062332, 35.260941, 35.756645>, 0.130000
	pigment { color rgbt <1,0,0,0> }
	no_shadow
}

// nucleotide -1

// particle -1
sphere {
	<25.782562, 35.200970, 35.742317> 0.250000
	pigment { color rgbt <1,0,0,0> }
	no_shadow
}
cylinder {
	<25.680006, 35.130924, 35.362087>,  <25.618471, 35.088898, 35.133949>, 0.100000
	pigment { color rgbt <1,0,0,0> }
	no_shadow
}
cylinder {
	<25.680006, 35.130924, 35.362087>,  <25.782562, 35.200970, 35.742317>, 0.100000
	pigment { color rgbt <1,0,0,0> }
	no_shadow
}

// particle -1
sphere {
	<25.680006, 35.130924, 35.362087> 0.100000
	pigment { color rgbt <1,0,0,0> }
	no_shadow
}
sphere {
	0, 1
	scale<0.080000,0.200000,0.300000>
	matrix <0.883670, 0.356022, -0.303933,
		0.391650, -0.917923, 0.063464,
		-0.256393, -0.175117, -0.950577,
		25.603088, 35.078388, 35.076916>
	pigment { color rgbt <0,1,1,0> }
	no_shadow
}
cylinder {
	<26.051815, 34.704758, 36.247807>,  <25.782562, 35.200970, 35.742317>, 0.130000
	pigment { color rgbt <1,0,0,0> }
	no_shadow
}

// nucleotide -1

// particle -1
sphere {
	<26.051815, 34.704758, 36.247807> 0.250000
	pigment { color rgbt <1,0,0,0> }
	no_shadow
}
cylinder {
	<26.449436, 34.689987, 36.288788>,  <26.688009, 34.681126, 36.313377>, 0.100000
	pigment { color rgbt <1,0,0,0> }
	no_shadow
}
cylinder {
	<26.449436, 34.689987, 36.288788>,  <26.051815, 34.704758, 36.247807>, 0.100000
	pigment { color rgbt <1,0,0,0> }
	no_shadow
}

// particle -1
sphere {
	<26.449436, 34.689987, 36.288788> 0.100000
	pigment { color rgbt <1,0,0,0> }
	no_shadow
}
sphere {
	0, 1
	scale<0.080000,0.200000,0.300000>
	matrix <-0.070090, 0.503138, 0.861359,
		-0.083356, -0.863417, 0.497557,
		0.994052, -0.036925, 0.102457,
		26.747652, 34.678909, 36.319527>
	pigment { color rgbt <0,1,1,0> }
	no_shadow
}
cylinder {
	<26.200365, 34.226173, 36.865089>,  <26.051815, 34.704758, 36.247807>, 0.130000
	pigment { color rgbt <1,0,0,0> }
	no_shadow
}

// nucleotide -1

// particle -1
sphere {
	<26.200365, 34.226173, 36.865089> 0.250000
	pigment { color rgbt <1,0,0,0> }
	no_shadow
}
cylinder {
	<26.476540, 34.500618, 36.773399>,  <26.642244, 34.665287, 36.718388>, 0.100000
	pigment { color rgbt <1,0,0,0> }
	no_shadow
}
cylinder {
	<26.476540, 34.500618, 36.773399>,  <26.200365, 34.226173, 36.865089>, 0.100000
	pigment { color rgbt <1,0,0,0> }
	no_shadow
}

// particle -1
sphere {
	<26.476540, 34.500618, 36.773399> 0.100000
	pigment { color rgbt <1,0,0,0> }
	no_shadow
}
sphere {
	0, 1
	scale<0.080000,0.200000,0.300000>
	matrix <-0.156752, 0.451244, 0.878526,
		0.706206, -0.570635, 0.419105,
		0.690436, 0.686116, -0.229223,
		26.683670, 34.706451, 36.704632>
	pigment { color rgbt <0,1,1,0> }
	no_shadow
}
cylinder {
	<26.550186, 34.216896, 37.409332>,  <26.200365, 34.226173, 36.865089>, 0.130000
	pigment { color rgbt <1,0,0,0> }
	no_shadow
}

// nucleotide -1

// particle -1
sphere {
	<26.550186, 34.216896, 37.409332> 0.250000
	pigment { color rgbt <1,0,0,0> }
	no_shadow
}
cylinder {
	<26.642801, 34.557102, 37.220432>,  <26.698370, 34.761227, 37.107094>, 0.100000
	pigment { color rgbt <1,0,0,0> }
	no_shadow
}
cylinder {
	<26.642801, 34.557102, 37.220432>,  <26.550186, 34.216896, 37.409332>, 0.100000
	pigment { color rgbt <1,0,0,0> }
	no_shadow
}

// particle -1
sphere {
	<26.642801, 34.557102, 37.220432> 0.100000
	pigment { color rgbt <1,0,0,0> }
	no_shadow
}
sphere {
	0, 1
	scale<0.080000,0.200000,0.300000>
	matrix <-0.087893, 0.501746, 0.860538,
		0.968847, -0.157740, 0.190928,
		0.231539, 0.850511, -0.472251,
		26.712263, 34.812256, 37.078758>
	pigment { color rgbt <0,1,1,0> }
	no_shadow
}
cylinder {
	<26.919645, 34.532207, 37.951683>,  <26.550186, 34.216896, 37.409332>, 0.130000
	pigment { color rgbt <1,0,0,0> }
	no_shadow
}

// nucleotide -1

// particle -1
sphere {
	<26.919645, 34.532207, 37.951683> 0.250000
	pigment { color rgbt <1,0,0,0> }
	no_shadow
}
cylinder {
	<26.871071, 34.830376, 37.689507>,  <26.841927, 35.009277, 37.532200>, 0.100000
	pigment { color rgbt <1,0,0,0> }
	no_shadow
}
cylinder {
	<26.871071, 34.830376, 37.689507>,  <26.919645, 34.532207, 37.951683>, 0.100000
	pigment { color rgbt <1,0,0,0> }
	no_shadow
}

// particle -1
sphere {
	<26.871071, 34.830376, 37.689507> 0.100000
	pigment { color rgbt <1,0,0,0> }
	no_shadow
}
sphere {
	0, 1
	scale<0.080000,0.200000,0.300000>
	matrix <-0.111009, 0.645989, 0.755232,
		0.986372, 0.164475, 0.004300,
		-0.121438, 0.745417, -0.655444,
		26.834639, 35.054001, 37.492874>
	pigment { color rgbt <0,1,1,0> }
	no_shadow
}
cylinder {
	<27.397985, 35.015900, 38.106655>,  <26.919645, 34.532207, 37.951683>, 0.130000
	pigment { color rgbt <1,0,0,0> }
	no_shadow
}

// nucleotide -1

// particle -1
sphere {
	<27.397985, 35.015900, 38.106655> 0.250000
	pigment { color rgbt <1,0,0,0> }
	no_shadow
}
cylinder {
	<27.081329, 35.179947, 37.925499>,  <26.891336, 35.278374, 37.816803>, 0.100000
	pigment { color rgbt <1,0,0,0> }
	no_shadow
}
cylinder {
	<27.081329, 35.179947, 37.925499>,  <27.397985, 35.015900, 38.106655>, 0.100000
	pigment { color rgbt <1,0,0,0> }
	no_shadow
}

// particle -1
sphere {
	<27.081329, 35.179947, 37.925499> 0.100000
	pigment { color rgbt <1,0,0,0> }
	no_shadow
}
sphere {
	0, 1
	scale<0.080000,0.200000,0.300000>
	matrix <-0.205488, 0.519358, 0.829483,
		0.575397, 0.749716, -0.326871,
		-0.791640, 0.410114, -0.452894,
		26.843838, 35.302982, 37.789631>
	pigment { color rgbt <0,1,1,0> }
	no_shadow
}
cylinder {
	<27.438900, 35.794277, 38.178307>,  <27.397985, 35.015900, 38.106655>, 0.130000
	pigment { color rgbt <1,0,0,0> }
	no_shadow
}

// nucleotide -1

// particle -1
sphere {
	<27.438900, 35.794277, 38.178307> 0.250000
	pigment { color rgbt <1,0,0,0> }
	no_shadow
}
cylinder {
	<27.058289, 35.673855, 38.153130>,  <26.829922, 35.601601, 38.138023>, 0.100000
	pigment { color rgbt <1,0,0,0> }
	no_shadow
}
cylinder {
	<27.058289, 35.673855, 38.153130>,  <27.438900, 35.794277, 38.178307>, 0.100000
	pigment { color rgbt <1,0,0,0> }
	no_shadow
}

// particle -1
sphere {
	<27.058289, 35.673855, 38.153130> 0.100000
	pigment { color rgbt <1,0,0,0> }
	no_shadow
}
sphere {
	0, 1
	scale<0.080000,0.200000,0.300000>
	matrix <-0.233664, 0.574544, 0.784411,
		-0.199989, 0.761096, -0.617040,
		-0.951528, -0.301053, -0.062938,
		26.772831, 35.583538, 38.134247>
	pigment { color rgbt <0,1,1,0> }
	no_shadow
}
cylinder {
	<27.070190, 36.421555, 38.165600>,  <27.438900, 35.794277, 38.178307>, 0.130000
	pigment { color rgbt <1,0,0,0> }
	no_shadow
}

// nucleotide -1

// particle -1
sphere {
	<27.070190, 36.421555, 38.165600> 0.250000
	pigment { color rgbt <1,0,0,0> }
	no_shadow
}
cylinder {
	<26.794481, 36.142315, 38.243126>,  <26.629055, 35.974773, 38.289642>, 0.100000
	pigment { color rgbt <1,0,0,0> }
	no_shadow
}
cylinder {
	<26.794481, 36.142315, 38.243126>,  <27.070190, 36.421555, 38.165600>, 0.100000
	pigment { color rgbt <1,0,0,0> }
	no_shadow
}

// particle -1
sphere {
	<26.794481, 36.142315, 38.243126> 0.100000
	pigment { color rgbt <1,0,0,0> }
	no_shadow
}
sphere {
	0, 1
	scale<0.080000,0.200000,0.300000>
	matrix <-0.319555, 0.533028, 0.783433,
		-0.650220, 0.478064, -0.590482,
		-0.689274, -0.698095, 0.193817,
		26.587700, 35.932888, 38.301270>
	pigment { color rgbt <0,1,1,0> }
	no_shadow
}
cylinder {
	<26.563633, 36.822823, 38.402714>,  <27.070190, 36.421555, 38.165600>, 0.130000
	pigment { color rgbt <1,0,0,0> }
	no_shadow
}

// nucleotide -1

// particle -1
sphere {
	<26.563633, 36.822823, 38.402714> 0.250000
	pigment { color rgbt <1,0,0,0> }
	no_shadow
}
cylinder {
	<26.458195, 36.451065, 38.506046>,  <26.394932, 36.228008, 38.568047>, 0.100000
	pigment { color rgbt <1,0,0,0> }
	no_shadow
}
cylinder {
	<26.458195, 36.451065, 38.506046>,  <26.563633, 36.822823, 38.402714>, 0.100000
	pigment { color rgbt <1,0,0,0> }
	no_shadow
}

// particle -1
sphere {
	<26.458195, 36.451065, 38.506046> 0.100000
	pigment { color rgbt <1,0,0,0> }
	no_shadow
}
sphere {
	0, 1
	scale<0.080000,0.200000,0.300000>
	matrix <-0.339289, 0.340020, 0.877080,
		-0.902995, 0.143545, -0.404962,
		-0.263596, -0.929398, 0.258333,
		26.379116, 36.172245, 38.583546>
	pigment { color rgbt <0,1,1,0> }
	no_shadow
}
cylinder {
	<25.943544, 36.954659, 38.788349>,  <26.563633, 36.822823, 38.402714>, 0.130000
	pigment { color rgbt <1,0,0,0> }
	no_shadow
}

// nucleotide -1

// particle -1
sphere {
	<25.943544, 36.954659, 38.788349> 0.250000
	pigment { color rgbt <1,0,0,0> }
	no_shadow
}
cylinder {
	<26.052210, 36.579826, 38.876060>,  <26.117409, 36.354927, 38.928688>, 0.100000
	pigment { color rgbt <1,0,0,0> }
	no_shadow
}
cylinder {
	<26.052210, 36.579826, 38.876060>,  <25.943544, 36.954659, 38.788349>, 0.100000
	pigment { color rgbt <1,0,0,0> }
	no_shadow
}

// particle -1
sphere {
	<26.052210, 36.579826, 38.876060> 0.100000
	pigment { color rgbt <1,0,0,0> }
	no_shadow
}
sphere {
	0, 1
	scale<0.080000,0.200000,0.300000>
	matrix <-0.227185, 0.158964, 0.960790,
		-0.935193, -0.310830, -0.169705,
		0.271665, -0.937078, 0.219278,
		26.133709, 36.298702, 38.941845>
	pigment { color rgbt <0,1,1,0> }
	no_shadow
}
cylinder {
	<25.341528, 36.567459, 39.148853>,  <25.943544, 36.954659, 38.788349>, 0.130000
	pigment { color rgbt <1,0,0,0> }
	no_shadow
}

// nucleotide -1

// particle -1
sphere {
	<25.341528, 36.567459, 39.148853> 0.250000
	pigment { color rgbt <1,0,0,0> }
	no_shadow
}
cylinder {
	<25.683258, 36.388527, 39.254700>,  <25.888296, 36.281166, 39.318207>, 0.100000
	pigment { color rgbt <1,0,0,0> }
	no_shadow
}
cylinder {
	<25.683258, 36.388527, 39.254700>,  <25.341528, 36.567459, 39.148853>, 0.100000
	pigment { color rgbt <1,0,0,0> }
	no_shadow
}

// particle -1
sphere {
	<25.683258, 36.388527, 39.254700> 0.100000
	pigment { color rgbt <1,0,0,0> }
	no_shadow
}
sphere {
	0, 1
	scale<0.080000,0.200000,0.300000>
	matrix <-0.186135, 0.212019, 0.959376,
		-0.485262, -0.868874, 0.097870,
		0.854327, -0.447331, 0.264612,
		25.939556, 36.254326, 39.334084>
	pigment { color rgbt <0,1,1,0> }
	no_shadow
}
cylinder {
	<25.138735, 36.072983, 39.668453>,  <25.341528, 36.567459, 39.148853>, 0.130000
	pigment { color rgbt <1,0,0,0> }
	no_shadow
}

// nucleotide -1

// particle -1
sphere {
	<25.138735, 36.072983, 39.668453> 0.250000
	pigment { color rgbt <1,0,0,0> }
	no_shadow
}
cylinder {
	<25.534231, 36.124092, 39.699596>,  <25.771530, 36.154758, 39.718285>, 0.100000
	pigment { color rgbt <1,0,0,0> }
	no_shadow
}
cylinder {
	<25.534231, 36.124092, 39.699596>,  <25.138735, 36.072983, 39.668453>, 0.100000
	pigment { color rgbt <1,0,0,0> }
	no_shadow
}

// particle -1
sphere {
	<25.534231, 36.124092, 39.699596> 0.100000
	pigment { color rgbt <1,0,0,0> }
	no_shadow
}
sphere {
	0, 1
	scale<0.080000,0.200000,0.300000>
	matrix <-0.107250, 0.242332, 0.964247,
		0.104338, -0.961742, 0.253308,
		0.988742, 0.127774, 0.077862,
		25.830854, 36.162426, 39.722954>
	pigment { color rgbt <0,1,1,0> }
	no_shadow
}
cylinder {
	<25.377018, 35.488777, 40.206638>,  <25.138735, 36.072983, 39.668453>, 0.130000
	pigment { color rgbt <1,0,0,0> }
	no_shadow
}

// nucleotide -1

// particle -1
sphere {
	<25.377018, 35.488777, 40.206638> 0.250000
	pigment { color rgbt <1,0,0,0> }
	no_shadow
}
cylinder {
	<25.636591, 35.791309, 40.173542>,  <25.792336, 35.972828, 40.153683>, 0.100000
	pigment { color rgbt <1,0,0,0> }
	no_shadow
}
cylinder {
	<25.636591, 35.791309, 40.173542>,  <25.377018, 35.488777, 40.206638>, 0.100000
	pigment { color rgbt <1,0,0,0> }
	no_shadow
}

// particle -1
sphere {
	<25.636591, 35.791309, 40.173542> 0.100000
	pigment { color rgbt <1,0,0,0> }
	no_shadow
}
sphere {
	0, 1
	scale<0.080000,0.200000,0.300000>
	matrix <0.033013, 0.080660, 0.996195,
		0.760128, -0.649196, 0.027374,
		0.648934, 0.756332, -0.082744,
		25.831272, 36.018208, 40.148720>
	pigment { color rgbt <0,1,1,0> }
	no_shadow
}
cylinder {
	<25.816164, 35.383778, 40.817467>,  <25.377018, 35.488777, 40.206638>, 0.130000
	pigment { color rgbt <1,0,0,0> }
	no_shadow
}

// nucleotide -1

// particle -1
sphere {
	<25.816164, 35.383778, 40.817467> 0.250000
	pigment { color rgbt <1,0,0,0> }
	no_shadow
}
cylinder {
	<25.850008, 35.762478, 40.693207>,  <25.870316, 35.989697, 40.618649>, 0.100000
	pigment { color rgbt <1,0,0,0> }
	no_shadow
}
cylinder {
	<25.850008, 35.762478, 40.693207>,  <25.816164, 35.383778, 40.817467>, 0.100000
	pigment { color rgbt <1,0,0,0> }
	no_shadow
}

// particle -1
sphere {
	<25.850008, 35.762478, 40.693207> 0.100000
	pigment { color rgbt <1,0,0,0> }
	no_shadow
}
sphere {
	0, 1
	scale<0.080000,0.200000,0.300000>
	matrix <-0.103864, 0.318452, 0.942232,
		0.990986, -0.047457, 0.125278,
		0.084611, 0.946750, -0.310652,
		25.875391, 36.046501, 40.600010>
	pigment { color rgbt <0,1,1,0> }
	no_shadow
}
cylinder {
	<26.268494, 35.648460, 41.297428>,  <25.816164, 35.383778, 40.817467>, 0.130000
	pigment { color rgbt <1,0,0,0> }
	no_shadow
}

// nucleotide -1

// particle -1
sphere {
	<26.268494, 35.648460, 41.297428> 0.250000
	pigment { color rgbt <1,0,0,0> }
	no_shadow
}
cylinder {
	<26.055422, 35.948853, 41.141338>,  <25.927578, 36.129089, 41.047684>, 0.100000
	pigment { color rgbt <1,0,0,0> }
	no_shadow
}
cylinder {
	<26.055422, 35.948853, 41.141338>,  <26.268494, 35.648460, 41.297428>, 0.100000
	pigment { color rgbt <1,0,0,0> }
	no_shadow
}

// particle -1
sphere {
	<26.055422, 35.948853, 41.141338> 0.100000
	pigment { color rgbt <1,0,0,0> }
	no_shadow
}
sphere {
	0, 1
	scale<0.080000,0.200000,0.300000>
	matrix <-0.113215, 0.393711, 0.912236,
		0.838709, 0.530111, -0.124700,
		-0.532682, 0.750983, -0.390225,
		25.895617, 36.174149, 41.024269>
	pigment { color rgbt <0,1,1,0> }
	no_shadow
}
cylinder {
	<26.583441, 36.163879, 41.611084>,  <26.268494, 35.648460, 41.297428>, 0.130000
	pigment { color rgbt <1,0,0,0> }
	no_shadow
}

// nucleotide -1

// particle -1
sphere {
	<26.583441, 36.163879, 41.611084> 0.250000
	pigment { color rgbt <1,0,0,0> }
	no_shadow
}
cylinder {
	<26.230537, 36.298664, 41.479588>,  <26.018795, 36.379536, 41.400688>, 0.100000
	pigment { color rgbt <1,0,0,0> }
	no_shadow
}
cylinder {
	<26.230537, 36.298664, 41.479588>,  <26.583441, 36.163879, 41.611084>, 0.100000
	pigment { color rgbt <1,0,0,0> }
	no_shadow
}

// particle -1
sphere {
	<26.230537, 36.298664, 41.479588> 0.100000
	pigment { color rgbt <1,0,0,0> }
	no_shadow
}
sphere {
	0, 1
	scale<0.080000,0.200000,0.300000>
	matrix <-0.142329, 0.474708, 0.868559,
		0.448731, 0.813085, -0.370856,
		-0.882260, 0.336965, -0.328742,
		25.965858, 36.399754, 41.380966>
	pigment { color rgbt <0,1,1,0> }
	no_shadow
}
cylinder {
	<26.588823, 36.863472, 41.808212>,  <26.583441, 36.163879, 41.611084>, 0.130000
	pigment { color rgbt <1,0,0,0> }
	no_shadow
}

// nucleotide -1

// particle -1
sphere {
	<26.588823, 36.863472, 41.808212> 0.250000
	pigment { color rgbt <1,0,0,0> }
	no_shadow
}
cylinder {
	<26.205187, 36.769573, 41.744919>,  <25.975004, 36.713234, 41.706944>, 0.100000
	pigment { color rgbt <1,0,0,0> }
	no_shadow
}
cylinder {
	<26.205187, 36.769573, 41.744919>,  <26.588823, 36.863472, 41.808212>, 0.100000
	pigment { color rgbt <1,0,0,0> }
	no_shadow
}

// particle -1
sphere {
	<26.205187, 36.769573, 41.744919> 0.100000
	pigment { color rgbt <1,0,0,0> }
	no_shadow
}
sphere {
	0, 1
	scale<0.080000,0.200000,0.300000>
	matrix <-0.231746, 0.330026, 0.915083,
		-0.162589, 0.914319, -0.370926,
		-0.959092, -0.234744, -0.158231,
		25.917459, 36.699150, 41.697449>
	pigment { color rgbt <0,1,1,0> }
	no_shadow
}
cylinder {
	<26.316299, 37.398678, 41.926697>,  <26.588823, 36.863472, 41.808212>, 0.130000
	pigment { color rgbt <1,0,0,0> }
	no_shadow
}

// nucleotide -1

// particle -1
sphere {
	<26.316299, 37.398678, 41.926697> 0.250000
	pigment { color rgbt <1,0,0,0> }
	no_shadow
}
cylinder {
	<26.017532, 37.134422, 41.956795>,  <25.838272, 36.975868, 41.974854>, 0.100000
	pigment { color rgbt <1,0,0,0> }
	no_shadow
}
cylinder {
	<26.017532, 37.134422, 41.956795>,  <26.316299, 37.398678, 41.926697>, 0.100000
	pigment { color rgbt <1,0,0,0> }
	no_shadow
}

// particle -1
sphere {
	<26.017532, 37.134422, 41.956795> 0.100000
	pigment { color rgbt <1,0,0,0> }
	no_shadow
}
sphere {
	0, 1
	scale<0.080000,0.200000,0.300000>
	matrix <-0.237643, 0.370932, 0.897739,
		-0.620996, 0.652657, -0.434054,
		-0.746920, -0.660643, 0.075248,
		25.793457, 36.936230, 41.979370>
	pigment { color rgbt <0,1,1,0> }
	no_shadow
}
cylinder {
	<25.660543, 37.776585, 42.076328>,  <26.316299, 37.398678, 41.926697>, 0.130000
	pigment { color rgbt <1,0,0,0> }
	no_shadow
}

// nucleotide -1

// particle -1
sphere {
	<25.660543, 37.776585, 42.076328> 0.250000
	pigment { color rgbt <1,0,0,0> }
	no_shadow
}
cylinder {
	<25.685005, 37.401695, 42.213661>,  <25.699682, 37.176762, 42.296059>, 0.100000
	pigment { color rgbt <1,0,0,0> }
	no_shadow
}
cylinder {
	<25.685005, 37.401695, 42.213661>,  <25.660543, 37.776585, 42.076328>, 0.100000
	pigment { color rgbt <1,0,0,0> }
	no_shadow
}

// particle -1
sphere {
	<25.685005, 37.401695, 42.213661> 0.100000
	pigment { color rgbt <1,0,0,0> }
	no_shadow
}
sphere {
	0, 1
	scale<0.080000,0.200000,0.300000>
	matrix <-0.219976, 0.322861, 0.920528,
		-0.973587, -0.131817, -0.186422,
		0.061153, -0.937222, 0.343330,
		25.703352, 37.120529, 42.316662>
	pigment { color rgbt <0,1,1,0> }
	no_shadow
}
cylinder {
	<25.089334, 37.781189, 42.576378>,  <25.660543, 37.776585, 42.076328>, 0.130000
	pigment { color rgbt <1,0,0,0> }
	no_shadow
}

// nucleotide -1

// particle -1
sphere {
	<25.089334, 37.781189, 42.576378> 0.250000
	pigment { color rgbt <1,0,0,0> }
	no_shadow
}
cylinder {
	<25.281767, 37.443520, 42.670971>,  <25.397226, 37.240917, 42.727726>, 0.100000
	pigment { color rgbt <1,0,0,0> }
	no_shadow
}
cylinder {
	<25.281767, 37.443520, 42.670971>,  <25.089334, 37.781189, 42.576378>, 0.100000
	pigment { color rgbt <1,0,0,0> }
	no_shadow
}

// particle -1
sphere {
	<25.281767, 37.443520, 42.670971> 0.100000
	pigment { color rgbt <1,0,0,0> }
	no_shadow
}
sphere {
	0, 1
	scale<0.080000,0.200000,0.300000>
	matrix <-0.068400, 0.232786, 0.970120,
		-0.874004, -0.482881, 0.054247,
		0.481080, -0.844178, 0.236485,
		25.426090, 37.190266, 42.741917>
	pigment { color rgbt <0,1,1,0> }
	no_shadow
}
cylinder {
	<24.733503, 37.381054, 43.036816>,  <25.089334, 37.781189, 42.576378>, 0.130000
	pigment { color rgbt <1,0,0,0> }
	no_shadow
}

// nucleotide -1

// particle -1
sphere {
	<24.733503, 37.381054, 43.036816> 0.250000
	pigment { color rgbt <1,0,0,0> }
	no_shadow
}
cylinder {
	<25.117634, 37.286839, 43.096539>,  <25.348112, 37.230309, 43.132374>, 0.100000
	pigment { color rgbt <1,0,0,0> }
	no_shadow
}
cylinder {
	<25.117634, 37.286839, 43.096539>,  <24.733503, 37.381054, 43.036816>, 0.100000
	pigment { color rgbt <1,0,0,0> }
	no_shadow
}

// particle -1
sphere {
	<25.117634, 37.286839, 43.096539> 0.100000
	pigment { color rgbt <1,0,0,0> }
	no_shadow
}
sphere {
	0, 1
	scale<0.080000,0.200000,0.300000>
	matrix <-0.127689, 0.104613, 0.986282,
		-0.247929, -0.966218, 0.070387,
		0.960326, -0.235540, 0.149312,
		25.405731, 37.216175, 43.141331>
	pigment { color rgbt <0,1,1,0> }
	no_shadow
}
cylinder {
	<24.701172, 36.947975, 43.600887>,  <24.733503, 37.381054, 43.036816>, 0.130000
	pigment { color rgbt <1,0,0,0> }
	no_shadow
}

// nucleotide -1

// particle -1
sphere {
	<24.701172, 36.947975, 43.600887> 0.250000
	pigment { color rgbt <1,0,0,0> }
	no_shadow
}
cylinder {
	<25.077559, 37.083248, 43.595089>,  <25.303391, 37.164413, 43.591610>, 0.100000
	pigment { color rgbt <1,0,0,0> }
	no_shadow
}
cylinder {
	<25.077559, 37.083248, 43.595089>,  <24.701172, 36.947975, 43.600887>, 0.100000
	pigment { color rgbt <1,0,0,0> }
	no_shadow
}

// particle -1
sphere {
	<25.077559, 37.083248, 43.595089> 0.100000
	pigment { color rgbt <1,0,0,0> }
	no_shadow
}
sphere {
	0, 1
	scale<0.080000,0.200000,0.300000>
	matrix <0.039601, -0.067456, 0.996936,
		0.336172, -0.938659, -0.076866,
		0.940968, 0.338186, -0.014495,
		25.359848, 37.184704, 43.590740>
	pigment { color rgbt <0,1,1,0> }
	no_shadow
}
cylinder {
	<25.183693, 36.523956, 43.969074>,  <24.701172, 36.947975, 43.600887>, 0.130000
	pigment { color rgbt <1,0,0,0> }
	no_shadow
}

// nucleotide -1

// particle -1
sphere {
	<25.183693, 36.523956, 43.969074> 0.250000
	pigment { color rgbt <1,0,0,0> }
	no_shadow
}
cylinder {
	<25.366018, 36.879875, 43.960194>,  <25.475414, 37.093426, 43.954865>, 0.100000
	pigment { color rgbt <1,0,0,0> }
	no_shadow
}
cylinder {
	<25.366018, 36.879875, 43.960194>,  <25.183693, 36.523956, 43.969074>, 0.100000
	pigment { color rgbt <1,0,0,0> }
	no_shadow
}

// particle -1
sphere {
	<25.366018, 36.879875, 43.960194> 0.100000
	pigment { color rgbt <1,0,0,0> }
	no_shadow
}
sphere {
	0, 1
	scale<0.080000,0.200000,0.300000>
	matrix <0.232191, -0.094784, 0.968041,
		0.859257, -0.446401, -0.249807,
		0.455813, 0.889799, -0.022206,
		25.502762, 37.146816, 43.953533>
	pigment { color rgbt <0,1,1,0> }
	no_shadow
}
cylinder {
	<25.825911, 36.506329, 44.300468>,  <25.183693, 36.523956, 43.969074>, 0.130000
	pigment { color rgbt <1,0,0,0> }
	no_shadow
}

// nucleotide -1

// particle -1
sphere {
	<25.825911, 36.506329, 44.300468> 0.250000
	pigment { color rgbt <1,0,0,0> }
	no_shadow
}
cylinder {
	<25.671881, 36.874783, 44.323204>,  <25.579464, 37.095856, 44.336845>, 0.100000
	pigment { color rgbt <1,0,0,0> }
	no_shadow
}
cylinder {
	<25.671881, 36.874783, 44.323204>,  <25.825911, 36.506329, 44.300468>, 0.100000
	pigment { color rgbt <1,0,0,0> }
	no_shadow
}

// particle -1
sphere {
	<25.671881, 36.874783, 44.323204> 0.100000
	pigment { color rgbt <1,0,0,0> }
	no_shadow
}
sphere {
	0, 1
	scale<0.080000,0.200000,0.300000>
	matrix <0.318112, 0.074661, 0.945109,
		0.866328, 0.382018, -0.321774,
		-0.385073, 0.921134, 0.056843,
		25.556358, 37.151123, 44.340256>
	pigment { color rgbt <0,1,1,0> }
	no_shadow
}
cylinder {
	<26.310709, 36.946869, 44.491188>,  <25.825911, 36.506329, 44.300468>, 0.130000
	pigment { color rgbt <1,0,0,0> }
	no_shadow
}

// nucleotide -1

// particle -1
sphere {
	<26.310709, 36.946869, 44.491188> 0.250000
	pigment { color rgbt <1,0,0,0> }
	no_shadow
}
cylinder {
	<26.022772, 37.038967, 44.753124>,  <25.850010, 37.094227, 44.910286>, 0.100000
	pigment { color rgbt <1,0,0,0> }
	no_shadow
}
cylinder {
	<26.022772, 37.038967, 44.753124>,  <26.310709, 36.946869, 44.491188>, 0.100000
	pigment { color rgbt <1,0,0,0> }
	no_shadow
}

// particle -1
sphere {
	<26.022772, 37.038967, 44.753124> 0.100000
	pigment { color rgbt <1,0,0,0> }
	no_shadow
}
sphere {
	0, 1
	scale<0.080000,0.200000,0.300000>
	matrix <0.637112, -0.155306, 0.754963,
		0.275527, 0.960660, -0.034897,
		-0.719842, 0.230246, 0.654839,
		25.806820, 37.108040, 44.949577>
	pigment { color rgbt <0,1,1,0> }
	no_shadow
}
cylinder {
	<26.906452, 37.266346, 44.826511>,  <26.310709, 36.946869, 44.491188>, 0.130000
	pigment { color rgbt <1,0,0,0> }
	no_shadow
}

// nucleotide -1

// particle -1
sphere {
	<26.906452, 37.266346, 44.826511> 0.250000
	pigment { color rgbt <1,0,0,0> }
	no_shadow
}
cylinder {
	<27.251598, 37.134075, 44.979412>,  <27.458687, 37.054714, 45.071152>, 0.100000
	pigment { color rgbt <1,0,0,0> }
	no_shadow
}
cylinder {
	<27.251598, 37.134075, 44.979412>,  <26.906452, 37.266346, 44.826511>, 0.100000
	pigment { color rgbt <1,0,0,0> }
	no_shadow
}

// particle -1
sphere {
	<27.251598, 37.134075, 44.979412> 0.100000
	pigment { color rgbt <1,0,0,0> }
	no_shadow
}
sphere {
	0, 1
	scale<0.080000,0.200000,0.300000>
	matrix <0.439700, 0.864063, -0.245070,
		-0.249250, 0.379539, 0.890969,
		0.862866, -0.330675, 0.382251,
		27.510458, 37.034874, 45.094086>
	pigment { color rgbt <0,1,1,0> }
	no_shadow
}
cylinder {
	<27.206322, 37.803974, 45.079777>,  <26.906452, 37.266346, 44.826511>, 0.130000
	pigment { color rgbt <1,0,0,0> }
	no_shadow
}

// nucleotide -1

// particle -1
sphere {
	<27.206322, 37.803974, 45.079777> 0.250000
	pigment { color rgbt <1,0,0,0> }
	no_shadow
}
cylinder {
	<27.518709, 37.562149, 45.017044>,  <27.706142, 37.417053, 44.979404>, 0.100000
	pigment { color rgbt <1,0,0,0> }
	no_shadow
}
cylinder {
	<27.518709, 37.562149, 45.017044>,  <27.206322, 37.803974, 45.079777>, 0.100000
	pigment { color rgbt <1,0,0,0> }
	no_shadow
}

// particle -1
sphere {
	<27.518709, 37.562149, 45.017044> 0.100000
	pigment { color rgbt <1,0,0,0> }
	no_shadow
}
sphere {
	0, 1
	scale<0.080000,0.200000,0.300000>
	matrix <0.548696, 0.784065, -0.290128,
		0.298364, 0.140530, 0.944050,
		0.780968, -0.604560, -0.156829,
		27.753000, 37.380779, 44.969994>
	pigment { color rgbt <0,1,1,0> }
	no_shadow
}
cylinder {
	<27.898373, 37.976345, 45.462227>,  <27.206322, 37.803974, 45.079777>, 0.130000
	pigment { color rgbt <1,0,0,0> }
	no_shadow
}

// nucleotide -1

// particle -1
sphere {
	<27.898373, 37.976345, 45.462227> 0.250000
	pigment { color rgbt <1,0,0,0> }
	no_shadow
}
cylinder {
	<28.017227, 37.776657, 45.136654>,  <28.088539, 37.656845, 44.941311>, 0.100000
	pigment { color rgbt <1,0,0,0> }
	no_shadow
}
cylinder {
	<28.017227, 37.776657, 45.136654>,  <27.898373, 37.976345, 45.462227>, 0.100000
	pigment { color rgbt <1,0,0,0> }
	no_shadow
}

// particle -1
sphere {
	<28.017227, 37.776657, 45.136654> 0.100000
	pigment { color rgbt <1,0,0,0> }
	no_shadow
}
sphere {
	0, 1
	scale<0.080000,0.200000,0.300000>
	matrix <0.529242, 0.795619, -0.294776,
		0.794740, -0.343181, 0.500614,
		0.297137, -0.499217, -0.813936,
		28.106369, 37.626892, 44.892471>
	pigment { color rgbt <0,1,1,0> }
	no_shadow
}
cylinder {
	<28.693655, 37.819904, 45.292877>,  <27.898373, 37.976345, 45.462227>, 0.130000
	pigment { color rgbt <1,0,0,0> }
	no_shadow
}

// nucleotide -1

// particle -1
sphere {
	<28.693655, 37.819904, 45.292877> 0.250000
	pigment { color rgbt <1,0,0,0> }
	no_shadow
}
cylinder {
	<28.445444, 37.895592, 44.988472>,  <28.296518, 37.941002, 44.805828>, 0.100000
	pigment { color rgbt <1,0,0,0> }
	no_shadow
}
cylinder {
	<28.445444, 37.895592, 44.988472>,  <28.693655, 37.819904, 45.292877>, 0.100000
	pigment { color rgbt <1,0,0,0> }
	no_shadow
}

// particle -1
sphere {
	<28.445444, 37.895592, 44.988472> 0.100000
	pigment { color rgbt <1,0,0,0> }
	no_shadow
}
sphere {
	0, 1
	scale<0.080000,0.200000,0.300000>
	matrix <0.424153, 0.897230, -0.122769,
		0.659575, -0.398968, -0.637012,
		-0.620528, 0.189216, -0.761014,
		28.259285, 37.952358, 44.760166>
	pigment { color rgbt <0,1,1,0> }
	no_shadow
}
cylinder {
	<29.176252, 38.033772, 44.739529>,  <28.693655, 37.819904, 45.292877>, 0.130000
	pigment { color rgbt <1,0,0,0> }
	no_shadow
}

// nucleotide -1

// particle -1
sphere {
	<29.176252, 38.033772, 44.739529> 0.250000
	pigment { color rgbt <1,0,0,0> }
	no_shadow
}
cylinder {
	<28.813984, 38.198673, 44.699928>,  <28.596622, 38.297615, 44.676167>, 0.100000
	pigment { color rgbt <1,0,0,0> }
	no_shadow
}
cylinder {
	<28.813984, 38.198673, 44.699928>,  <29.176252, 38.033772, 44.739529>, 0.100000
	pigment { color rgbt <1,0,0,0> }
	no_shadow
}

// particle -1
sphere {
	<28.813984, 38.198673, 44.699928> 0.100000
	pigment { color rgbt <1,0,0,0> }
	no_shadow
}
sphere {
	0, 1
	scale<0.080000,0.200000,0.300000>
	matrix <0.423943, 0.877478, -0.224286,
		-0.005591, -0.245101, -0.969481,
		-0.905672, 0.412259, -0.099003,
		28.542282, 38.322350, 44.670227>
	pigment { color rgbt <0,1,1,0> }
	no_shadow
}
cylinder {
	<28.977243, 38.495991, 44.120964>,  <29.176252, 38.033772, 44.739529>, 0.130000
	pigment { color rgbt <1,0,0,0> }
	no_shadow
}

// nucleotide -1

// particle -1
sphere {
	<28.977243, 38.495991, 44.120964> 0.250000
	pigment { color rgbt <1,0,0,0> }
	no_shadow
}
cylinder {
	<28.746675, 38.614742, 44.425491>,  <28.608334, 38.685993, 44.608208>, 0.100000
	pigment { color rgbt <1,0,0,0> }
	no_shadow
}
cylinder {
	<28.746675, 38.614742, 44.425491>,  <28.977243, 38.495991, 44.120964>, 0.100000
	pigment { color rgbt <1,0,0,0> }
	no_shadow
}

// particle -1
sphere {
	<28.746675, 38.614742, 44.425491> 0.100000
	pigment { color rgbt <1,0,0,0> }
	no_shadow
}
sphere {
	0, 1
	scale<0.080000,0.200000,0.300000>
	matrix <0.201717, 0.954531, -0.219502,
		-0.791864, 0.027045, -0.610098,
		-0.576421, 0.296883, 0.761314,
		28.573750, 38.703808, 44.653885>
	pigment { color rgbt <0,1,1,0> }
	no_shadow
}
cylinder {
	<28.670218, 38.505623, 43.463924>,  <28.977243, 38.495991, 44.120964>, 0.130000
	pigment { color rgbt <1,0,0,0> }
	no_shadow
}

// nucleotide -1

// particle -1
sphere {
	<28.670218, 38.505623, 43.463924> 0.250000
	pigment { color rgbt <1,0,0,0> }
	no_shadow
}
cylinder {
	<28.859442, 38.834728, 43.337894>,  <28.972977, 39.032192, 43.262276>, 0.100000
	pigment { color rgbt <1,0,0,0> }
	no_shadow
}
cylinder {
	<28.859442, 38.834728, 43.337894>,  <28.670218, 38.505623, 43.463924>, 0.100000
	pigment { color rgbt <1,0,0,0> }
	no_shadow
}

// particle -1
sphere {
	<28.859442, 38.834728, 43.337894> 0.100000
	pigment { color rgbt <1,0,0,0> }
	no_shadow
}
sphere {
	0, 1
	scale<0.080000,0.200000,0.300000>
	matrix <-0.794245, 0.243484, -0.556678,
		-0.381297, 0.513592, 0.768658,
		0.473062, 0.822763, -0.315078,
		29.001360, 39.081558, 43.243370>
	pigment { color rgbt <0,1,1,0> }
	no_shadow
}
cylinder {
	<29.149075, 38.515438, 42.952793>,  <28.670218, 38.505623, 43.463924>, 0.130000
	pigment { color rgbt <1,0,0,0> }
	no_shadow
}

// nucleotide -1

// particle -1
sphere {
	<29.149075, 38.515438, 42.952793> 0.250000
	pigment { color rgbt <1,0,0,0> }
	no_shadow
}
cylinder {
	<28.855978, 38.610397, 42.697693>,  <28.680120, 38.667374, 42.544632>, 0.100000
	pigment { color rgbt <1,0,0,0> }
	no_shadow
}
cylinder {
	<28.855978, 38.610397, 42.697693>,  <29.149075, 38.515438, 42.952793>, 0.100000
	pigment { color rgbt <1,0,0,0> }
	no_shadow
}

// particle -1
sphere {
	<28.855978, 38.610397, 42.697693> 0.100000
	pigment { color rgbt <1,0,0,0> }
	no_shadow
}
sphere {
	0, 1
	scale<0.080000,0.200000,0.300000>
	matrix <0.217972, -0.805919, -0.550438,
		-0.644653, -0.542341, 0.538784,
		-0.732742, 0.237402, -0.637754,
		28.636156, 38.681618, 42.506367>
	pigment { color rgbt <0,1,1,0> }
	no_shadow
}
cylinder {
	<28.825201, 37.932137, 42.940369>,  <29.149075, 38.515438, 42.952793>, 0.130000
	pigment { color rgbt <1,0,0,0> }
	no_shadow
}

// nucleotide -1

// particle -1
sphere {
	<28.825201, 37.932137, 42.940369> 0.250000
	pigment { color rgbt <1,0,0,0> }
	no_shadow
}
cylinder {
	<28.741573, 38.151375, 42.616421>,  <28.691397, 38.282917, 42.422054>, 0.100000
	pigment { color rgbt <1,0,0,0> }
	no_shadow
}
cylinder {
	<28.741573, 38.151375, 42.616421>,  <28.825201, 37.932137, 42.940369>, 0.100000
	pigment { color rgbt <1,0,0,0> }
	no_shadow
}

// particle -1
sphere {
	<28.741573, 38.151375, 42.616421> 0.100000
	pigment { color rgbt <1,0,0,0> }
	no_shadow
}
sphere {
	0, 1
	scale<0.080000,0.200000,0.300000>
	matrix <0.378884, -0.718081, -0.583786,
		-0.901519, -0.428897, -0.057536,
		-0.209068, 0.548094, -0.809866,
		28.678852, 38.315804, 42.373463>
	pigment { color rgbt <0,1,1,0> }
	no_shadow
}
cylinder {
	<28.882090, 37.401623, 42.463966>,  <28.825201, 37.932137, 42.940369>, 0.130000
	pigment { color rgbt <1,0,0,0> }
	no_shadow
}

// nucleotide -1

// particle -1
sphere {
	<28.882090, 37.401623, 42.463966> 0.250000
	pigment { color rgbt <1,0,0,0> }
	no_shadow
}
cylinder {
	<28.831890, 37.738960, 42.254959>,  <28.801771, 37.941360, 42.129555>, 0.100000
	pigment { color rgbt <1,0,0,0> }
	no_shadow
}
cylinder {
	<28.831890, 37.738960, 42.254959>,  <28.882090, 37.401623, 42.463966>, 0.100000
	pigment { color rgbt <1,0,0,0> }
	no_shadow
}

// particle -1
sphere {
	<28.831890, 37.738960, 42.254959> 0.100000
	pigment { color rgbt <1,0,0,0> }
	no_shadow
}
sphere {
	0, 1
	scale<0.080000,0.200000,0.300000>
	matrix <0.177191, -0.499164, -0.848197,
		-0.976142, -0.199032, -0.086789,
		-0.125497, 0.843340, -0.522521,
		28.794241, 37.991962, 42.098202>
	pigment { color rgbt <0,1,1,0> }
	no_shadow
}
cylinder {
	<28.348860, 37.323196, 41.935921>,  <28.882090, 37.401623, 42.463966>, 0.130000
	pigment { color rgbt <1,0,0,0> }
	no_shadow
}

// nucleotide -1

// particle -1
sphere {
	<28.348860, 37.323196, 41.935921> 0.250000
	pigment { color rgbt <1,0,0,0> }
	no_shadow
}
cylinder {
	<28.603872, 37.601120, 41.802780>,  <28.756880, 37.767876, 41.722897>, 0.100000
	pigment { color rgbt <1,0,0,0> }
	no_shadow
}
cylinder {
	<28.603872, 37.601120, 41.802780>,  <28.348860, 37.323196, 41.935921>, 0.100000
	pigment { color rgbt <1,0,0,0> }
	no_shadow
}

// particle -1
sphere {
	<28.603872, 37.601120, 41.802780> 0.100000
	pigment { color rgbt <1,0,0,0> }
	no_shadow
}
sphere {
	0, 1
	scale<0.080000,0.200000,0.300000>
	matrix <0.189726, -0.560320, -0.806254,
		-0.746697, 0.450863, -0.489047,
		0.637532, 0.694812, -0.332849,
		28.795132, 37.809563, 41.702927>
	pigment { color rgbt <0,1,1,0> }
	no_shadow
}
cylinder {
	<28.054808, 37.541210, 41.296555>,  <28.348860, 37.323196, 41.935921>, 0.130000
	pigment { color rgbt <1,0,0,0> }
	no_shadow
}

// nucleotide -1

// particle -1
sphere {
	<28.054808, 37.541210, 41.296555> 0.250000
	pigment { color rgbt <1,0,0,0> }
	no_shadow
}
cylinder {
	<28.439861, 37.648613, 41.282471>,  <28.670893, 37.713055, 41.274021>, 0.100000
	pigment { color rgbt <1,0,0,0> }
	no_shadow
}
cylinder {
	<28.439861, 37.648613, 41.282471>,  <28.054808, 37.541210, 41.296555>, 0.100000
	pigment { color rgbt <1,0,0,0> }
	no_shadow
}

// particle -1
sphere {
	<28.439861, 37.648613, 41.282471> 0.100000
	pigment { color rgbt <1,0,0,0> }
	no_shadow
}
sphere {
	0, 1
	scale<0.080000,0.200000,0.300000>
	matrix <0.094073, -0.453472, -0.886292,
		-0.253940, 0.849863, -0.461787,
		0.962634, 0.268507, -0.035205,
		28.728651, 37.729164, 41.271908>
	pigment { color rgbt <0,1,1,0> }
	no_shadow
}
cylinder {
	<28.151701, 37.743969, 40.679764>,  <28.054808, 37.541210, 41.296555>, 0.130000
	pigment { color rgbt <1,0,0,0> }
	no_shadow
}

// nucleotide -1

// particle -1
sphere {
	<28.151701, 37.743969, 40.679764> 0.250000
	pigment { color rgbt <1,0,0,0> }
	no_shadow
}
cylinder {
	<28.526205, 37.663876, 40.795227>,  <28.750908, 37.615818, 40.864506>, 0.100000
	pigment { color rgbt <1,0,0,0> }
	no_shadow
}
cylinder {
	<28.526205, 37.663876, 40.795227>,  <28.151701, 37.743969, 40.679764>, 0.100000
	pigment { color rgbt <1,0,0,0> }
	no_shadow
}

// particle -1
sphere {
	<28.526205, 37.663876, 40.795227> 0.100000
	pigment { color rgbt <1,0,0,0> }
	no_shadow
}
sphere {
	0, 1
	scale<0.080000,0.200000,0.300000>
	matrix <0.210747, -0.337265, -0.917517,
		0.281069, 0.919869, -0.273570,
		0.936261, -0.200232, 0.288654,
		28.807083, 37.603806, 40.881824>
	pigment { color rgbt <0,1,1,0> }
	no_shadow
}
cylinder {
	<28.597841, 38.151505, 40.248039>,  <28.151701, 37.743969, 40.679764>, 0.130000
	pigment { color rgbt <1,0,0,0> }
	no_shadow
}

// nucleotide -1

// particle -1
sphere {
	<28.597841, 38.151505, 40.248039> 0.250000
	pigment { color rgbt <1,0,0,0> }
	no_shadow
}
cylinder {
	<28.825342, 37.848667, 40.376617>,  <28.961843, 37.666965, 40.453762>, 0.100000
	pigment { color rgbt <1,0,0,0> }
	no_shadow
}
cylinder {
	<28.825342, 37.848667, 40.376617>,  <28.597841, 38.151505, 40.248039>, 0.100000
	pigment { color rgbt <1,0,0,0> }
	no_shadow
}

// particle -1
sphere {
	<28.825342, 37.848667, 40.376617> 0.100000
	pigment { color rgbt <1,0,0,0> }
	no_shadow
}
sphere {
	0, 1
	scale<0.080000,0.200000,0.300000>
	matrix <0.093983, -0.328428, -0.939842,
		0.817121, 0.564749, -0.115640,
		0.568754, -0.757096, 0.321442,
		28.995968, 37.621540, 40.473049>
	pigment { color rgbt <0,1,1,0> }
	no_shadow
}
cylinder {
	<29.127619, 38.061581, 39.717381>,  <28.597841, 38.151505, 40.248039>, 0.130000
	pigment { color rgbt <1,0,0,0> }
	no_shadow
}

// nucleotide -1

// particle -1
sphere {
	<29.127619, 38.061581, 39.717381> 0.250000
	pigment { color rgbt <1,0,0,0> }
	no_shadow
}
cylinder {
	<29.138634, 37.715618, 39.917850>,  <29.145243, 37.508041, 40.038132>, 0.100000
	pigment { color rgbt <1,0,0,0> }
	no_shadow
}
cylinder {
	<29.138634, 37.715618, 39.917850>,  <29.127619, 38.061581, 39.717381>, 0.100000
	pigment { color rgbt <1,0,0,0> }
	no_shadow
}

// particle -1
sphere {
	<29.138634, 37.715618, 39.917850> 0.100000
	pigment { color rgbt <1,0,0,0> }
	no_shadow
}
sphere {
	0, 1
	scale<0.080000,0.200000,0.300000>
	matrix <0.167865, -0.490246, -0.855266,
