// switches for output
#declare DRAW_BASES = 1; // possible values are 0, 1; only relevant for DNA ribbons
#declare DRAW_BASES_TYPE = 3; // possible values are 1, 2, 3; only relevant for DNA ribbons
#declare DRAW_FOG = 0; // set to 1 to enable fog

#include "colors.inc"

#include "transforms.inc"
background { rgb <1, 1, 1>}

#default {
   normal{
       ripples 0.25
       frequency 0.20
       turbulence 0.2
       lambda 5
   }
	finish {
		phong 0.1
		phong_size 40.
	}
}

// original window dimensions: 1024x640


// camera settings

camera {
	sky <0, 0.179814, -0.983701>
	up <0, 0.179814, -0.983701>
	right 1.6 * <1, 0, 0>
	location <35, 94.9851, 44.8844>
	look_at <35, 29.7336, 32.9568>
	direction <0, -65.2515, -11.9276>
	angle 67.0682
}


# declare cpy_camera_pos = <35, 94.9851, 44.8844>;
# if (DRAW_FOG = 1)
fog {
	fog_type 2
	up vnormalize(cpy_camera_pos)
	color rgbt<1,1,1,0.3>
	distance 1e-5
	fog_alt 3e-3
	fog_offset 56
}
# end


// LIGHTS

# declare lum = 6;
global_settings {
	ambient_light rgb lum * <0.05, 0.05, 0.05>
	max_trace_level 15
}# declare cpy_direct_light_amount = 0.25;
light_source
{	1000 * <-1, -1.16352, -0.803886>,
	rgb lum * cpy_direct_light_amount
	parallel
}

light_source
{	1000 * <1, 1.16352, 0.803886>,
	rgb lum * cpy_direct_light_amount
	parallel
}

// strand 0

// nucleotide -1

// particle -1
sphere {
	<24.266596, 35.400269, 35.061340> 0.250000
	pigment { color rgbt <1,0,0,0> }
	no_shadow
}
cylinder {
	<24.213783, 35.004902, 35.091267>,  <24.182095, 34.767681, 35.109222>, 0.100000
	pigment { color rgbt <1,0,0,0> }
	no_shadow
}
cylinder {
	<24.213783, 35.004902, 35.091267>,  <24.266596, 35.400269, 35.061340>, 0.100000
	pigment { color rgbt <1,0,0,0> }
	no_shadow
}

// particle -1
sphere {
	<24.213783, 35.004902, 35.091267> 0.100000
	pigment { color rgbt <1,0,0,0> }
	no_shadow
}
sphere {
	0, 1
	scale<0.080000,0.200000,0.300000>
	matrix <0.435366, -0.125634, -0.891444,
		0.890519, -0.085127, 0.446911,
		-0.132033, -0.988418, 0.074818,
		24.174173, 34.708378, 35.113712>
	pigment { color rgbt <0,1,1,0> }
	no_shadow
}
cylinder {
	<24.546671, 35.144409, 34.461411>,  <24.266596, 35.400269, 35.061340>, 0.130000
	pigment { color rgbt <1,0,0,0> }
	no_shadow
}

// nucleotide -1

// particle -1
sphere {
	<24.546671, 35.144409, 34.461411> 0.250000
	pigment { color rgbt <1,0,0,0> }
	no_shadow
}
cylinder {
	<24.423180, 34.795364, 34.612801>,  <24.349085, 34.585938, 34.703632>, 0.100000
	pigment { color rgbt <1,0,0,0> }
	no_shadow
}
cylinder {
	<24.423180, 34.795364, 34.612801>,  <24.546671, 35.144409, 34.461411>, 0.100000
	pigment { color rgbt <1,0,0,0> }
	no_shadow
}

// particle -1
sphere {
	<24.423180, 34.795364, 34.612801> 0.100000
	pigment { color rgbt <1,0,0,0> }
	no_shadow
}
sphere {
	0, 1
	scale<0.080000,0.200000,0.300000>
	matrix <0.349481, -0.474146, -0.808114,
		0.884618, -0.117220, 0.451343,
		-0.308729, -0.872608, 0.378472,
		24.330561, 34.533581, 34.726341>
	pigment { color rgbt <0,1,1,0> }
	no_shadow
}
cylinder {
	<25.187950, 35.119991, 34.522175>,  <24.546671, 35.144409, 34.461411>, 0.130000
	pigment { color rgbt <1,0,0,0> }
	no_shadow
}

// nucleotide -1

// particle -1
sphere {
	<25.187950, 35.119991, 34.522175> 0.250000
	pigment { color rgbt <1,0,0,0> }
	no_shadow
}
cylinder {
	<24.996017, 35.035183, 34.181633>,  <24.880857, 34.984299, 33.977306>, 0.100000
	pigment { color rgbt <1,0,0,0> }
	no_shadow
}
cylinder {
	<24.996017, 35.035183, 34.181633>,  <25.187950, 35.119991, 34.522175>, 0.100000
	pigment { color rgbt <1,0,0,0> }
	no_shadow
}

// particle -1
sphere {
	<24.996017, 35.035183, 34.181633> 0.100000
	pigment { color rgbt <1,0,0,0> }
	no_shadow
}
sphere {
	0, 1
	scale<0.080000,0.200000,0.300000>
	matrix <0.254499, -0.962275, 0.096210,
		-0.839638, -0.170505, 0.515691,
		-0.479832, -0.212024, -0.851356,
		24.852068, 34.971577, 33.926228>
	pigment { color rgbt <0,1,1,0> }
	no_shadow
}
cylinder {
	<25.741400, 34.858818, 34.071758>,  <25.187950, 35.119991, 34.522175>, 0.130000
	pigment { color rgbt <1,0,0,0> }
	no_shadow
}

// nucleotide -1

// particle -1
sphere {
	<25.741400, 34.858818, 34.071758> 0.250000
	pigment { color rgbt <1,0,0,0> }
	no_shadow
}
cylinder {
	<25.741266, 35.208370, 33.877304>,  <25.741186, 35.418102, 33.760632>, 0.100000
	pigment { color rgbt <1,0,0,0> }
	no_shadow
}
cylinder {
	<25.741266, 35.208370, 33.877304>,  <25.741400, 34.858818, 34.071758>, 0.100000
	pigment { color rgbt <1,0,0,0> }
	no_shadow
}

// particle -1
sphere {
	<25.741266, 35.208370, 33.877304> 0.100000
	pigment { color rgbt <1,0,0,0> }
	no_shadow
}
sphere {
	0, 1
	scale<0.080000,0.200000,0.300000>
	matrix <0.452541, -0.433375, -0.779354,
		-0.891743, -0.220254, -0.395325,
		-0.000332, 0.873884, -0.486134,
		25.741167, 35.470535, 33.731464>
	pigment { color rgbt <0,1,1,0> }
	no_shadow
}
cylinder {
	<25.236853, 34.951626, 33.543930>,  <25.741400, 34.858818, 34.071758>, 0.130000
	pigment { color rgbt <1,0,0,0> }
	no_shadow
}

// nucleotide -1

// particle -1
sphere {
	<25.236853, 34.951626, 33.543930> 0.250000
	pigment { color rgbt <1,0,0,0> }
	no_shadow
}
cylinder {
	<25.545385, 35.178574, 33.428596>,  <25.730505, 35.314743, 33.359398>, 0.100000
	pigment { color rgbt <1,0,0,0> }
	no_shadow
}
cylinder {
	<25.545385, 35.178574, 33.428596>,  <25.236853, 34.951626, 33.543930>, 0.100000
	pigment { color rgbt <1,0,0,0> }
	no_shadow
}

// particle -1
sphere {
	<25.545385, 35.178574, 33.428596> 0.100000
	pigment { color rgbt <1,0,0,0> }
	no_shadow
}
sphere {
	0, 1
	scale<0.080000,0.200000,0.300000>
	matrix <0.070828, -0.526753, -0.847062,
		-0.632480, 0.632944, -0.446487,
		0.771332, 0.567374, -0.288331,
		25.776785, 35.348785, 33.342098>
	pigment { color rgbt <0,1,1,0> }
	no_shadow
}
cylinder {
	<25.154593, 35.118229, 32.837646>,  <25.236853, 34.951626, 33.543930>, 0.130000
	pigment { color rgbt <1,0,0,0> }
	no_shadow
}

// nucleotide -1

// particle -1
sphere {
	<25.154593, 35.118229, 32.837646> 0.250000
	pigment { color rgbt <1,0,0,0> }
	no_shadow
}
cylinder {
	<25.546896, 35.155781, 32.906116>,  <25.782278, 35.178310, 32.947197>, 0.100000
	pigment { color rgbt <1,0,0,0> }
	no_shadow
}
cylinder {
	<25.546896, 35.155781, 32.906116>,  <25.154593, 35.118229, 32.837646>, 0.100000
	pigment { color rgbt <1,0,0,0> }
	no_shadow
}

// particle -1
sphere {
	<25.546896, 35.155781, 32.906116> 0.100000
	pigment { color rgbt <1,0,0,0> }
	no_shadow
}
sphere {
	0, 1
	scale<0.080000,0.200000,0.300000>
	matrix <0.195216, -0.464461, -0.863809,
		-0.001589, 0.880604, -0.473850,
		0.980759, 0.093876, 0.171170,
		25.841124, 35.183945, 32.957466>
	pigment { color rgbt <0,1,1,0> }
	no_shadow
}
cylinder {
	<25.500511, 35.563499, 32.322224>,  <25.154593, 35.118229, 32.837646>, 0.130000
	pigment { color rgbt <1,0,0,0> }
	no_shadow
}

// nucleotide -1

// particle -1
sphere {
	<25.500511, 35.563499, 32.322224> 0.250000
	pigment { color rgbt <1,0,0,0> }
	no_shadow
}
cylinder {
	<25.769686, 35.308277, 32.471912>,  <25.931190, 35.155144, 32.561726>, 0.100000
	pigment { color rgbt <1,0,0,0> }
	no_shadow
}
cylinder {
	<25.769686, 35.308277, 32.471912>,  <25.500511, 35.563499, 32.322224>, 0.100000
	pigment { color rgbt <1,0,0,0> }
	no_shadow
}

// particle -1
sphere {
	<25.769686, 35.308277, 32.471912> 0.100000
	pigment { color rgbt <1,0,0,0> }
	no_shadow
}
sphere {
	0, 1
	scale<0.080000,0.200000,0.300000>
	matrix <0.141936, -0.385124, -0.911885,
		0.725956, 0.666754, -0.168600,
		0.672935, -0.638058, 0.374220,
		25.971567, 35.116859, 32.584179>
	pigment { color rgbt <0,1,1,0> }
	no_shadow
}
cylinder {
	<25.875866, 35.359444, 31.729279>,  <25.500511, 35.563499, 32.322224>, 0.130000
	pigment { color rgbt <1,0,0,0> }
	no_shadow
}

// nucleotide -1

// particle -1
sphere {
	<25.875866, 35.359444, 31.729279> 0.250000
	pigment { color rgbt <1,0,0,0> }
	no_shadow
}
cylinder {
	<26.014090, 35.090645, 31.991272>,  <26.097025, 34.929367, 32.148468>, 0.100000
	pigment { color rgbt <1,0,0,0> }
	no_shadow
}
cylinder {
	<26.014090, 35.090645, 31.991272>,  <25.875866, 35.359444, 31.729279>, 0.100000
	pigment { color rgbt <1,0,0,0> }
	no_shadow
}

// particle -1
sphere {
	<26.014090, 35.090645, 31.991272> 0.100000
	pigment { color rgbt <1,0,0,0> }
	no_shadow
}
sphere {
	0, 1
	scale<0.080000,0.200000,0.300000>
	matrix <0.444129, -0.497741, -0.744985,
		0.826642, 0.548336, 0.126455,
		0.345560, -0.671998, 0.654986,
		26.117758, 34.889046, 32.187767>
	pigment { color rgbt <0,1,1,0> }
	no_shadow
}
cylinder {
	<26.489029, 35.197765, 31.453989>,  <25.875866, 35.359444, 31.729279>, 0.130000
	pigment { color rgbt <1,0,0,0> }
	no_shadow
}

// nucleotide -1

// particle -1
sphere {
	<26.489029, 35.197765, 31.453989> 0.250000
	pigment { color rgbt <1,0,0,0> }
	no_shadow
}
cylinder {
	<26.391472, 34.904598, 31.708027>,  <26.332937, 34.728699, 31.860449>, 0.100000
	pigment { color rgbt <1,0,0,0> }
	no_shadow
}
cylinder {
	<26.391472, 34.904598, 31.708027>,  <26.489029, 35.197765, 31.453989>, 0.100000
	pigment { color rgbt <1,0,0,0> }
	no_shadow
}

// particle -1
sphere {
	<26.391472, 34.904598, 31.708027> 0.100000
	pigment { color rgbt <1,0,0,0> }
	no_shadow
}
sphere {
	0, 1
	scale<0.080000,0.200000,0.300000>
	matrix <0.450299, -0.665580, -0.595175,
		0.858921, 0.140822, 0.492365,
		-0.243894, -0.732921, 0.635093,
		26.318304, 34.684723, 31.898554>
	pigment { color rgbt <0,1,1,0> }
	no_shadow
}
cylinder {
	<27.144001, 34.835846, 31.700792>,  <26.489029, 35.197765, 31.453989>, 0.130000
	pigment { color rgbt <1,0,0,0> }
	no_shadow
}

// nucleotide -1

// particle -1
sphere {
	<27.144001, 34.835846, 31.700792> 0.250000
	pigment { color rgbt <1,0,0,0> }
	no_shadow
}
cylinder {
	<26.848864, 34.572311, 31.759481>,  <26.671782, 34.414192, 31.794695>, 0.100000
	pigment { color rgbt <1,0,0,0> }
	no_shadow
}
cylinder {
	<26.848864, 34.572311, 31.759481>,  <27.144001, 34.835846, 31.700792>, 0.100000
	pigment { color rgbt <1,0,0,0> }
	no_shadow
}

// particle -1
sphere {
	<26.848864, 34.572311, 31.759481> 0.100000
	pigment { color rgbt <1,0,0,0> }
	no_shadow
}
sphere {
	0, 1
	scale<0.080000,0.200000,0.300000>
	matrix <0.501989, -0.680940, -0.533224,
		0.451215, -0.319782, 0.833153,
		-0.737843, -0.658832, 0.146723,
		26.627510, 34.374660, 31.803499>
	pigment { color rgbt <0,1,1,0> }
	no_shadow
}
cylinder {
	<27.570208, 34.304535, 31.657404>,  <27.144001, 34.835846, 31.700792>, 0.130000
	pigment { color rgbt <1,0,0,0> }
	no_shadow
}

// nucleotide -1

// particle -1
sphere {
	<27.570208, 34.304535, 31.657404> 0.250000
	pigment { color rgbt <1,0,0,0> }
	no_shadow
}
cylinder {
	<27.201069, 34.152603, 31.631824>,  <26.979586, 34.061443, 31.616476>, 0.100000
	pigment { color rgbt <1,0,0,0> }
	no_shadow
}
cylinder {
	<27.201069, 34.152603, 31.631824>,  <27.570208, 34.304535, 31.657404>, 0.100000
	pigment { color rgbt <1,0,0,0> }
	no_shadow
}

// particle -1
sphere {
	<27.201069, 34.152603, 31.631824> 0.100000
	pigment { color rgbt <1,0,0,0> }
	no_shadow
}
sphere {
	0, 1
	scale<0.080000,0.200000,0.300000>
	matrix <0.382066, -0.881664, -0.276938,
		0.048806, -0.280004, 0.958758,
		-0.922845, -0.379825, -0.063949,
		26.924215, 34.038654, 31.612640>
	pigment { color rgbt <0,1,1,0> }
	no_shadow
}
cylinder {
	<27.641138, 33.575939, 31.924385>,  <27.570208, 34.304535, 31.657404>, 0.130000
	pigment { color rgbt <1,0,0,0> }
	no_shadow
}

// nucleotide -1

// particle -1
sphere {
	<27.641138, 33.575939, 31.924385> 0.250000
	pigment { color rgbt <1,0,0,0> }
	no_shadow
}
cylinder {
	<27.310572, 33.611870, 31.702045>,  <27.112232, 33.633427, 31.568642>, 0.100000
	pigment { color rgbt <1,0,0,0> }
	no_shadow
}
cylinder {
	<27.310572, 33.611870, 31.702045>,  <27.641138, 33.575939, 31.924385>, 0.100000
	pigment { color rgbt <1,0,0,0> }
	no_shadow
}

// particle -1
sphere {
	<27.310572, 33.611870, 31.702045> 0.100000
	pigment { color rgbt <1,0,0,0> }
	no_shadow
}
sphere {
	0, 1
	scale<0.080000,0.200000,0.300000>
	matrix <0.313744, -0.746271, -0.587063,
		-0.467547, -0.659553, 0.588549,
		-0.826417, 0.089826, -0.555848,
		27.062647, 33.638817, 31.535292>
	pigment { color rgbt <0,1,1,0> }
	no_shadow
}
cylinder {
	<27.328249, 32.845257, 31.651026>,  <27.641138, 33.575939, 31.924385>, 0.130000
	pigment { color rgbt <1,0,0,0> }
	no_shadow
}

// nucleotide -1

// particle -1
sphere {
	<27.328249, 32.845257, 31.651026> 0.250000
	pigment { color rgbt <1,0,0,0> }
	no_shadow
}
cylinder {
	<27.213970, 33.132801, 31.397532>,  <27.145403, 33.305328, 31.245434>, 0.100000
	pigment { color rgbt <1,0,0,0> }
	no_shadow
}
cylinder {
	<27.213970, 33.132801, 31.397532>,  <27.328249, 32.845257, 31.651026>, 0.100000
	pigment { color rgbt <1,0,0,0> }
	no_shadow
}

// particle -1
sphere {
	<27.213970, 33.132801, 31.397532> 0.100000
	pigment { color rgbt <1,0,0,0> }
	no_shadow
}
sphere {
	0, 1
	scale<0.080000,0.200000,0.300000>
	matrix <0.169298, -0.613039, -0.771701,
		-0.943247, -0.327763, 0.053442,
		-0.285697, 0.718857, -0.633736,
		27.128262, 33.348457, 31.207411>
	pigment { color rgbt <0,1,1,0> }
	no_shadow
}
cylinder {
	<27.247478, 32.507717, 31.048809>,  <27.328249, 32.845257, 31.651026>, 0.130000
	pigment { color rgbt <1,0,0,0> }
	no_shadow
}

// nucleotide -1

// particle -1
sphere {
	<27.247478, 32.507717, 31.048809> 0.250000
	pigment { color rgbt <1,0,0,0> }
	no_shadow
}
cylinder {
	<27.178694, 32.869293, 30.892183>,  <27.137423, 33.086239, 30.798208>, 0.100000
	pigment { color rgbt <1,0,0,0> }
	no_shadow
}
cylinder {
	<27.178694, 32.869293, 30.892183>,  <27.247478, 32.507717, 31.048809>, 0.100000
	pigment { color rgbt <1,0,0,0> }
	no_shadow
}

// particle -1
sphere {
	<27.178694, 32.869293, 30.892183> 0.100000
	pigment { color rgbt <1,0,0,0> }
	no_shadow
}
sphere {
	0, 1
	scale<0.080000,0.200000,0.300000>
	matrix <0.075931, -0.384140, -0.920147,
		-0.982173, -0.187963, -0.002579,
		-0.171963, 0.903939, -0.391564,
		27.127106, 33.140476, 30.774714>
	pigment { color rgbt <0,1,1,0> }
	no_shadow
}
cylinder {
	<26.692404, 32.393265, 30.638929>,  <27.247478, 32.507717, 31.048809>, 0.130000
	pigment { color rgbt <1,0,0,0> }
	no_shadow
}

// nucleotide -1

// particle -1
sphere {
	<26.692404, 32.393265, 30.638929> 0.250000
	pigment { color rgbt <1,0,0,0> }
	no_shadow
}
cylinder {
	<26.909224, 32.708553, 30.522387>,  <27.039316, 32.897728, 30.452461>, 0.100000
	pigment { color rgbt <1,0,0,0> }
	no_shadow
}
cylinder {
	<26.909224, 32.708553, 30.522387>,  <26.692404, 32.393265, 30.638929>, 0.100000
	pigment { color rgbt <1,0,0,0> }
	no_shadow
}

// particle -1
sphere {
	<26.909224, 32.708553, 30.522387> 0.100000
	pigment { color rgbt <1,0,0,0> }
	no_shadow
}
sphere {
	0, 1
	scale<0.080000,0.200000,0.300000>
	matrix <0.085445, -0.396610, -0.914002,
		-0.835991, 0.470540, -0.282332,
		0.542050, 0.788221, -0.291357,
		27.071838, 32.945019, 30.434978>
	pigment { color rgbt <0,1,1,0> }
	no_shadow
}
cylinder {
	<26.563210, 32.354889, 29.968517>,  <26.692404, 32.393265, 30.638929>, 0.130000
	pigment { color rgbt <1,0,0,0> }
	no_shadow
}

// nucleotide -1

// particle -1
sphere {
	<26.563210, 32.354889, 29.968517> 0.250000
	pigment { color rgbt <1,0,0,0> }
	no_shadow
}
cylinder {
	<26.871511, 32.609604, 29.960207>,  <27.056494, 32.762432, 29.955221>, 0.100000
	pigment { color rgbt <1,0,0,0> }
	no_shadow
}
cylinder {
	<26.871511, 32.609604, 29.960207>,  <26.563210, 32.354889, 29.968517>, 0.100000
	pigment { color rgbt <1,0,0,0> }
	no_shadow
}

// particle -1
sphere {
	<26.871511, 32.609604, 29.960207> 0.100000
	pigment { color rgbt <1,0,0,0> }
	no_shadow
}
sphere {
	0, 1
	scale<0.080000,0.200000,0.300000>
	matrix <0.345986, -0.445709, -0.825613,
		-0.535004, 0.629158, -0.563854,
		0.770756, 0.636792, -0.020776,
		27.102737, 32.800640, 29.953974>
	pigment { color rgbt <0,1,1,0> }
	no_shadow
}
cylinder {
	<26.612286, 32.698303, 29.269117>,  <26.563210, 32.354889, 29.968517>, 0.130000
	pigment { color rgbt <1,0,0,0> }
	no_shadow
}

// nucleotide -1

// particle -1
sphere {
	<26.612286, 32.698303, 29.269117> 0.250000
	pigment { color rgbt <1,0,0,0> }
	no_shadow
}
cylinder {
	<26.967398, 32.703819, 29.453142>,  <27.180466, 32.707127, 29.563557>, 0.100000
	pigment { color rgbt <1,0,0,0> }
	no_shadow
}
cylinder {
	<26.967398, 32.703819, 29.453142>,  <26.612286, 32.698303, 29.269117>, 0.100000
	pigment { color rgbt <1,0,0,0> }
	no_shadow
}

// particle -1
sphere {
	<26.967398, 32.703819, 29.453142> 0.100000
	pigment { color rgbt <1,0,0,0> }
	no_shadow
}
sphere {
	0, 1
	scale<0.080000,0.200000,0.300000>
	matrix <0.404410, -0.500637, -0.765386,
		0.219772, 0.865547, -0.450031,
		0.887780, 0.013786, 0.460062,
		27.233732, 32.707954, 29.591160>
	pigment { color rgbt <0,1,1,0> }
	no_shadow
}
cylinder {
	<27.166761, 32.772461, 28.798588>,  <26.612286, 32.698303, 29.269117>, 0.130000
	pigment { color rgbt <1,0,0,0> }
	no_shadow
}

// nucleotide -1

// particle -1
sphere {
	<27.166761, 32.772461, 28.798588> 0.250000
	pigment { color rgbt <1,0,0,0> }
	no_shadow
}
cylinder {
	<27.388023, 32.629951, 29.099810>,  <27.520781, 32.544445, 29.280542>, 0.100000
	pigment { color rgbt <1,0,0,0> }
	no_shadow
}
cylinder {
	<27.388023, 32.629951, 29.099810>,  <27.166761, 32.772461, 28.798588>, 0.100000
	pigment { color rgbt <1,0,0,0> }
	no_shadow
}

// particle -1
sphere {
	<27.388023, 32.629951, 29.099810> 0.100000
	pigment { color rgbt <1,0,0,0> }
	no_shadow
}
sphere {
	0, 1
	scale<0.080000,0.200000,0.300000>
	matrix <0.421958, -0.659591, -0.622006,
		0.718311, 0.661822, -0.214524,
		0.553155, -0.356274, 0.753053,
		27.553970, 32.523071, 29.325726>
	pigment { color rgbt <0,1,1,0> }
	no_shadow
}
cylinder {
	<27.584965, 32.436943, 28.412804>,  <27.166761, 32.772461, 28.798588>, 0.130000
	pigment { color rgbt <1,0,0,0> }
	no_shadow
}

// nucleotide -1

// particle -1
sphere {
	<27.584965, 32.436943, 28.412804> 0.250000
	pigment { color rgbt <1,0,0,0> }
	no_shadow
}
cylinder {
	<27.705921, 32.285427, 28.762678>,  <27.778496, 32.194519, 28.972603>, 0.100000
	pigment { color rgbt <1,0,0,0> }
	no_shadow
}
cylinder {
	<27.705921, 32.285427, 28.762678>,  <27.584965, 32.436943, 28.412804>, 0.100000
	pigment { color rgbt <1,0,0,0> }
	no_shadow
}

// particle -1
sphere {
	<27.705921, 32.285427, 28.762678> 0.100000
	pigment { color rgbt <1,0,0,0> }
	no_shadow
}
sphere {
	0, 1
	scale<0.080000,0.200000,0.300000>
	matrix <0.524814, -0.699866, -0.484517,
		0.795695, 0.605562, -0.012839,
		0.302391, -0.378790, 0.874687,
		27.796638, 32.171791, 29.025084>
	pigment { color rgbt <0,1,1,0> }
	no_shadow
}
cylinder {
	<28.284582, 32.314503, 28.392448>,  <27.584965, 32.436943, 28.412804>, 0.130000
	pigment { color rgbt <1,0,0,0> }
	no_shadow
}

// nucleotide -1

// particle -1
sphere {
	<28.284582, 32.314503, 28.392448> 0.250000
	pigment { color rgbt <1,0,0,0> }
	no_shadow
}
cylinder {
	<28.151979, 32.067200, 28.677507>,  <28.072418, 31.918819, 28.848543>, 0.100000
	pigment { color rgbt <1,0,0,0> }
	no_shadow
}
cylinder {
	<28.151979, 32.067200, 28.677507>,  <28.284582, 32.314503, 28.392448>, 0.100000
	pigment { color rgbt <1,0,0,0> }
	no_shadow
}

// particle -1
sphere {
	<28.151979, 32.067200, 28.677507> 0.100000
	pigment { color rgbt <1,0,0,0> }
	no_shadow
}
sphere {
	0, 1
	scale<0.080000,0.200000,0.300000>
	matrix <0.619912, -0.712156, -0.329458,
		0.711204, 0.332560, 0.619348,
		-0.331508, -0.618253, 0.712647,
		28.052526, 31.881723, 28.891302>
	pigment { color rgbt <0,1,1,0> }
	no_shadow
}
cylinder {
	<28.849525, 32.027641, 28.646267>,  <28.284582, 32.314503, 28.392448>, 0.130000
	pigment { color rgbt <1,0,0,0> }
	no_shadow
}

// nucleotide -1

// particle -1
sphere {
	<28.849525, 32.027641, 28.646267> 0.250000
	pigment { color rgbt <1,0,0,0> }
	no_shadow
}
cylinder {
	<28.564909, 31.779289, 28.777851>,  <28.394138, 31.630278, 28.856802>, 0.100000
	pigment { color rgbt <1,0,0,0> }
	no_shadow
}
cylinder {
	<28.564909, 31.779289, 28.777851>,  <28.849525, 32.027641, 28.646267>, 0.100000
	pigment { color rgbt <1,0,0,0> }
	no_shadow
}

// particle -1
sphere {
	<28.564909, 31.779289, 28.777851> 0.100000
	pigment { color rgbt <1,0,0,0> }
	no_shadow
}
sphere {
	0, 1
	scale<0.080000,0.200000,0.300000>
	matrix <0.578548, -0.783380, -0.227153,
		0.398735, 0.028690, 0.916617,
		-0.711542, -0.620881, 0.328959,
		28.351446, 31.593025, 28.876539>
	pigment { color rgbt <0,1,1,0> }
	no_shadow
}
cylinder {
	<29.216953, 31.497076, 29.099613>,  <28.849525, 32.027641, 28.646267>, 0.130000
	pigment { color rgbt <1,0,0,0> }
	no_shadow
}

// nucleotide -1

// particle -1
sphere {
	<29.216953, 31.497076, 29.099613> 0.250000
	pigment { color rgbt <1,0,0,0> }
	no_shadow
}
cylinder {
	<28.869682, 31.336393, 28.983063>,  <28.661320, 31.239985, 28.913132>, 0.100000
	pigment { color rgbt <1,0,0,0> }
	no_shadow
}
cylinder {
	<28.869682, 31.336393, 28.983063>,  <29.216953, 31.497076, 29.099613>, 0.100000
	pigment { color rgbt <1,0,0,0> }
	no_shadow
}

// particle -1
sphere {
	<28.869682, 31.336393, 28.983063> 0.100000
	pigment { color rgbt <1,0,0,0> }
	no_shadow
}
sphere {
	0, 1
	scale<0.080000,0.200000,0.300000>
	matrix <0.463259, -0.866566, -0.185617,
		-0.177935, -0.296132, 0.938427,
		-0.868176, -0.401707, -0.291378,
		28.609230, 31.215881, 28.895649>
	pigment { color rgbt <0,1,1,0> }
	no_shadow
}
cylinder {
	<29.173754, 30.783453, 29.484825>,  <29.216953, 31.497076, 29.099613>, 0.130000
	pigment { color rgbt <1,0,0,0> }
	no_shadow
}

// nucleotide -1

// particle -1
sphere {
	<29.173754, 30.783453, 29.484825> 0.250000
	pigment { color rgbt <1,0,0,0> }
	no_shadow
}
cylinder {
	<28.938620, 30.761002, 29.162012>,  <28.797539, 30.747530, 28.968325>, 0.100000
	pigment { color rgbt <1,0,0,0> }
	no_shadow
}
cylinder {
	<28.938620, 30.761002, 29.162012>,  <29.173754, 30.783453, 29.484825>, 0.100000
	pigment { color rgbt <1,0,0,0> }
	no_shadow
}

// particle -1
sphere {
	<28.938620, 30.761002, 29.162012> 0.100000
	pigment { color rgbt <1,0,0,0> }
	no_shadow
}
sphere {
	0, 1
	scale<0.080000,0.200000,0.300000>
	matrix <0.446854, -0.854121, -0.266080,
		-0.674369, -0.517036, 0.527162,
		-0.587833, -0.056128, -0.807033,
		28.762270, 30.744164, 28.919903>
	pigment { color rgbt <0,1,1,0> }
	no_shadow
}
cylinder {
	<29.152620, 30.120672, 29.397709>,  <29.173754, 30.783453, 29.484825>, 0.130000
	pigment { color rgbt <1,0,0,0> }
	no_shadow
}

// nucleotide -1

// particle -1
sphere {
	<29.152620, 30.120672, 29.397709> 0.250000
	pigment { color rgbt <1,0,0,0> }
	no_shadow
}
cylinder {
	<29.040478, 30.251747, 29.036818>,  <28.973192, 30.330393, 28.820282>, 0.100000
	pigment { color rgbt <1,0,0,0> }
	no_shadow
}
cylinder {
	<29.040478, 30.251747, 29.036818>,  <29.152620, 30.120672, 29.397709>, 0.100000
	pigment { color rgbt <1,0,0,0> }
	no_shadow
}

// particle -1
sphere {
	<29.040478, 30.251747, 29.036818> 0.100000
	pigment { color rgbt <1,0,0,0> }
	no_shadow
}
sphere {
	0, 1
	scale<0.080000,0.200000,0.300000>
	matrix <0.560467, -0.707184, -0.431007,
		-0.779279, -0.626507, 0.014606,
		-0.280359, 0.327689, -0.902230,
		28.956369, 30.350054, 28.766148>
	pigment { color rgbt <0,1,1,0> }
	no_shadow
}
cylinder {
	<29.005255, 29.479156, 29.004953>,  <29.152620, 30.120672, 29.397709>, 0.130000
	pigment { color rgbt <1,0,0,0> }
	no_shadow
}

// nucleotide -1

// particle -1
sphere {
	<29.005255, 29.479156, 29.004953> 0.250000
	pigment { color rgbt <1,0,0,0> }
	no_shadow
}
cylinder {
	<29.068050, 29.782579, 28.751989>,  <29.105728, 29.964634, 28.600210>, 0.100000
	pigment { color rgbt <1,0,0,0> }
	no_shadow
}
cylinder {
	<29.068050, 29.782579, 28.751989>,  <29.005255, 29.479156, 29.004953>, 0.100000
	pigment { color rgbt <1,0,0,0> }
	no_shadow
}

// particle -1
sphere {
	<29.068050, 29.782579, 28.751989> 0.100000
	pigment { color rgbt <1,0,0,0> }
	no_shadow
}
sphere {
	0, 1
	scale<0.080000,0.200000,0.300000>
	matrix <0.602094, -0.581098, -0.547547,
		-0.782839, -0.294812, -0.547950,
		0.156989, 0.758559, -0.632411,
		29.115147, 30.010147, 28.562265>
	pigment { color rgbt <0,1,1,0> }
	no_shadow
}
cylinder {
	<28.656681, 29.330366, 28.336084>,  <29.005255, 29.479156, 29.004953>, 0.130000
	pigment { color rgbt <1,0,0,0> }
	no_shadow
}

// nucleotide -1

// particle -1
sphere {
	<28.656681, 29.330366, 28.336084> 0.250000
	pigment { color rgbt <1,0,0,0> }
	no_shadow
}
cylinder {
	<29.000479, 29.532314, 28.368013>,  <29.206758, 29.653482, 28.387171>, 0.100000
	pigment { color rgbt <1,0,0,0> }
	no_shadow
}
cylinder {
	<29.000479, 29.532314, 28.368013>,  <28.656681, 29.330366, 28.336084>, 0.100000
	pigment { color rgbt <1,0,0,0> }
	no_shadow
}

// particle -1
sphere {
	<29.000479, 29.532314, 28.368013> 0.100000
	pigment { color rgbt <1,0,0,0> }
	no_shadow
}
sphere {
	0, 1
	scale<0.080000,0.200000,0.300000>
	matrix <0.502564, -0.806211, -0.312174,
		-0.093252, 0.308430, -0.946665,
		0.859496, 0.504870, 0.079825,
		29.258327, 29.683775, 28.391960>
	pigment { color rgbt <0,1,1,0> }
	no_shadow
}
cylinder {
	<28.990335, 29.184437, 27.715797>,  <28.656681, 29.330366, 28.336084>, 0.130000
	pigment { color rgbt <1,0,0,0> }
	no_shadow
}

// nucleotide -1

// particle -1
sphere {
	<28.990335, 29.184437, 27.715797> 0.250000
	pigment { color rgbt <1,0,0,0> }
	no_shadow
}
cylinder {
	<29.263834, 29.258589, 27.998110>,  <29.427933, 29.303080, 28.167498>, 0.100000
	pigment { color rgbt <1,0,0,0> }
	no_shadow
}
cylinder {
	<29.263834, 29.258589, 27.998110>,  <28.990335, 29.184437, 27.715797>, 0.100000
	pigment { color rgbt <1,0,0,0> }
	no_shadow
}

// particle -1
sphere {
	<29.263834, 29.258589, 27.998110> 0.100000
	pigment { color rgbt <1,0,0,0> }
	no_shadow
}
sphere {
	0, 1
	scale<0.080000,0.200000,0.300000>
	matrix <0.462686, -0.858051, -0.222867,
		0.564283, 0.478940, -0.672460,
		0.683744, 0.185378, 0.705782,
		29.468958, 29.314201, 28.209845>
	pigment { color rgbt <0,1,1,0> }
	no_shadow
}
cylinder {
	<29.547779, 28.656542, 27.652466>,  <28.990335, 29.184437, 27.715797>, 0.130000
	pigment { color rgbt <1,0,0,0> }
	no_shadow
}

// nucleotide -1

// particle -1
sphere {
	<29.547779, 28.656542, 27.652466> 0.250000
	pigment { color rgbt <1,0,0,0> }
	no_shadow
}
cylinder {
	<29.678072, 28.808752, 27.998667>,  <29.756248, 28.900078, 28.206388>, 0.100000
	pigment { color rgbt <1,0,0,0> }
	no_shadow
}
cylinder {
	<29.678072, 28.808752, 27.998667>,  <29.547779, 28.656542, 27.652466>, 0.100000
	pigment { color rgbt <1,0,0,0> }
	no_shadow
}

// particle -1
sphere {
	<29.678072, 28.808752, 27.998667> 0.100000
	pigment { color rgbt <1,0,0,0> }
	no_shadow
}
sphere {
	0, 1
	scale<0.080000,0.200000,0.300000>
	matrix <0.570770, -0.808939, 0.140850,
		0.753737, 0.448124, -0.480692,
		0.325732, 0.380528, 0.865504,
		29.775791, 28.922911, 28.258318>
	pigment { color rgbt <0,1,1,0> }
	no_shadow
}
cylinder {
	<30.279461, 28.534771, 27.674303>,  <29.547779, 28.656542, 27.652466>, 0.130000
	pigment { color rgbt <1,0,0,0> }
	no_shadow
}

// nucleotide -1

// particle -1
sphere {
	<30.279461, 28.534771, 27.674303> 0.250000
	pigment { color rgbt <1,0,0,0> }
	no_shadow
}
cylinder {
	<30.130384, 28.542572, 28.045404>,  <30.040939, 28.547253, 28.268064>, 0.100000
	pigment { color rgbt <1,0,0,0> }
	no_shadow
}
cylinder {
	<30.130384, 28.542572, 28.045404>,  <30.279461, 28.534771, 27.674303>, 0.100000
	pigment { color rgbt <1,0,0,0> }
	no_shadow
}

// particle -1
sphere {
	<30.130384, 28.542572, 28.045404> 0.100000
	pigment { color rgbt <1,0,0,0> }
	no_shadow
}
sphere {
	0, 1
	scale<0.080000,0.200000,0.300000>
	matrix <0.454628, -0.867736, 0.200869,
		0.808960, 0.496643, 0.314531,
		-0.372690, 0.019500, 0.927751,
		30.018578, 28.548422, 28.323730>
	pigment { color rgbt <0,1,1,0> }
	no_shadow
}
cylinder {
	<30.803320, 28.490767, 28.155447>,  <30.279461, 28.534771, 27.674303>, 0.130000
	pigment { color rgbt <1,0,0,0> }
	no_shadow
}

// nucleotide -1

// particle -1
sphere {
	<30.803320, 28.490767, 28.155447> 0.250000
	pigment { color rgbt <1,0,0,0> }
	no_shadow
}
cylinder {
	<30.475266, 28.323923, 28.312109>,  <30.278433, 28.223816, 28.406105>, 0.100000
	pigment { color rgbt <1,0,0,0> }
	no_shadow
}
cylinder {
	<30.475266, 28.323923, 28.312109>,  <30.803320, 28.490767, 28.155447>, 0.100000
	pigment { color rgbt <1,0,0,0> }
	no_shadow
}

// particle -1
sphere {
	<30.475266, 28.323923, 28.312109> 0.100000
	pigment { color rgbt <1,0,0,0> }
	no_shadow
}
sphere {
	0, 1
	scale<0.080000,0.200000,0.300000>
	matrix <0.532079, -0.807698, 0.253998,
		0.210392, 0.416704, 0.884360,
		-0.820138, -0.417111, 0.391653,
		30.229223, 28.198790, 28.429605>
	pigment { color rgbt <0,1,1,0> }
	no_shadow
}
cylinder {
	<30.991623, 28.247864, 28.865490>,  <30.803320, 28.490767, 28.155447>, 0.130000
	pigment { color rgbt <1,0,0,0> }
	no_shadow
}

// nucleotide -1

// particle -1
sphere {
	<30.991623, 28.247864, 28.865490> 0.250000
	pigment { color rgbt <1,0,0,0> }
	no_shadow
}
cylinder {
	<30.686474, 28.034374, 28.719524>,  <30.503386, 27.906281, 28.631945>, 0.100000
	pigment { color rgbt <1,0,0,0> }
	no_shadow
}
cylinder {
	<30.686474, 28.034374, 28.719524>,  <30.991623, 28.247864, 28.865490>, 0.100000
	pigment { color rgbt <1,0,0,0> }
	no_shadow
}

// particle -1
sphere {
	<30.686474, 28.034374, 28.719524> 0.100000
	pigment { color rgbt <1,0,0,0> }
	no_shadow
}
sphere {
	0, 1
	scale<0.080000,0.200000,0.300000>
	matrix <0.497963, -0.845012, 0.194902,
		-0.412382, -0.033029, 0.910412,
		-0.762872, -0.533726, -0.364915,
		30.457613, 27.874256, 28.610050>
	pigment { color rgbt <0,1,1,0> }
	no_shadow
}
cylinder {
	<30.504717, 28.650314, 29.145515>,  <30.991623, 28.247864, 28.865490>, 0.130000
	pigment { color rgbt <1,0,0,0> }
	no_shadow
}

// nucleotide -1

// particle -1
sphere {
	<30.504717, 28.650314, 29.145515> 0.250000
	pigment { color rgbt <1,0,0,0> }
	no_shadow
}
cylinder {
	<30.591158, 28.514709, 29.511766>,  <30.643023, 28.433346, 29.731516>, 0.100000
	pigment { color rgbt <1,0,0,0> }
	no_shadow
}
cylinder {
	<30.591158, 28.514709, 29.511766>,  <30.504717, 28.650314, 29.145515>, 0.100000
	pigment { color rgbt <1,0,0,0> }
	no_shadow
}

// particle -1
sphere {
	<30.591158, 28.514709, 29.511766> 0.100000
	pigment { color rgbt <1,0,0,0> }
	no_shadow
}
sphere {
	0, 1
	scale<0.080000,0.200000,0.300000>
	matrix <0.806068, 0.591130, 0.028624,
		-0.550958, 0.731871, 0.401011,
		0.216101, -0.339013, 0.915626,
		30.655989, 28.413006, 29.786453>
	pigment { color rgbt <0,1,1,0> }
	no_shadow
}
cylinder {
	<30.530880, 29.145367, 29.628582>,  <30.504717, 28.650314, 29.145515>, 0.130000
	pigment { color rgbt <1,0,0,0> }
	no_shadow
}

// nucleotide -1

// particle -1
sphere {
	<30.530880, 29.145367, 29.628582> 0.250000
	pigment { color rgbt <1,0,0,0> }
	no_shadow
}
cylinder {
	<30.781351, 28.834658, 29.655489>,  <30.931635, 28.648233, 29.671633>, 0.100000
	pigment { color rgbt <1,0,0,0> }
	no_shadow
}
cylinder {
	<30.781351, 28.834658, 29.655489>,  <30.530880, 29.145367, 29.628582>, 0.100000
	pigment { color rgbt <1,0,0,0> }
	no_shadow
}

// particle -1
sphere {
	<30.781351, 28.834658, 29.655489> 0.100000
	pigment { color rgbt <1,0,0,0> }
	no_shadow
}
sphere {
	0, 1
	scale<0.080000,0.200000,0.300000>
	matrix <0.764759, 0.595109, -0.246960,
		0.151799, 0.206085, 0.966688,
		0.626180, -0.776772, 0.067269,
		30.969206, 28.601625, 29.675669>
	pigment { color rgbt <0,1,1,0> }
	no_shadow
}
cylinder {
	<31.119919, 29.572199, 29.653263>,  <30.530880, 29.145367, 29.628582>, 0.130000
	pigment { color rgbt <1,0,0,0> }
	no_shadow
}

// nucleotide -1

// particle -1
sphere {
	<31.119919, 29.572199, 29.653263> 0.250000
	pigment { color rgbt <1,0,0,0> }
	no_shadow
}
cylinder {
	<31.459679, 29.619886, 29.447620>,  <31.663534, 29.648499, 29.324236>, 0.100000
	pigment { color rgbt <1,0,0,0> }
	no_shadow
}
cylinder {
	<31.459679, 29.619886, 29.447620>,  <31.119919, 29.572199, 29.653263>, 0.100000
	pigment { color rgbt <1,0,0,0> }
	no_shadow
}

// particle -1
sphere {
	<31.459679, 29.619886, 29.447620> 0.100000
	pigment { color rgbt <1,0,0,0> }
	no_shadow
}
sphere {
	0, 1
	scale<0.080000,0.200000,0.300000>
	matrix <-0.305936, 0.904999, -0.295603,
		0.430024, 0.408369, 0.805180,
		0.849402, 0.119217, -0.514105,
		31.714499, 29.655651, 29.293388>
	pigment { color rgbt <0,1,1,0> }
	no_shadow
}
cylinder {
	<31.645639, 30.154207, 29.805527>,  <31.119919, 29.572199, 29.653263>, 0.130000
	pigment { color rgbt <1,0,0,0> }
	no_shadow
}

// nucleotide -1

// particle -1
sphere {
	<31.645639, 30.154207, 29.805527> 0.250000
	pigment { color rgbt <1,0,0,0> }
	no_shadow
}
cylinder {
	<31.669456, 30.110481, 29.408638>,  <31.683746, 30.084246, 29.170506>, 0.100000
	pigment { color rgbt <1,0,0,0> }
	no_shadow
}
cylinder {
	<31.669456, 30.110481, 29.408638>,  <31.645639, 30.154207, 29.805527>, 0.100000
	pigment { color rgbt <1,0,0,0> }
	no_shadow
}

// particle -1
sphere {
	<31.669456, 30.110481, 29.408638> 0.100000
	pigment { color rgbt <1,0,0,0> }
	no_shadow
}
sphere {
	0, 1
	scale<0.080000,0.200000,0.300000>
	matrix <-0.274672, 0.953822, -0.121569,
		0.959693, 0.279774, 0.026766,
		0.059542, -0.109317, -0.992222,
		31.687319, 30.077686, 29.110971>
	pigment { color rgbt <0,1,1,0> }
	no_shadow
}
cylinder {
	<32.148132, 30.681450, 29.488695>,  <31.645639, 30.154207, 29.805527>, 0.130000
	pigment { color rgbt <1,0,0,0> }
	no_shadow
}

// nucleotide -1

// particle -1
sphere {
	<32.148132, 30.681450, 29.488695> 0.250000
	pigment { color rgbt <1,0,0,0> }
	no_shadow
}
cylinder {
	<31.886940, 30.597267, 29.197676>,  <31.730225, 30.546757, 29.023064>, 0.100000
	pigment { color rgbt <1,0,0,0> }
	no_shadow
}
cylinder {
	<31.886940, 30.597267, 29.197676>,  <32.148132, 30.681450, 29.488695>, 0.100000
	pigment { color rgbt <1,0,0,0> }
	no_shadow
}

// particle -1
sphere {
	<31.886940, 30.597267, 29.197676> 0.100000
	pigment { color rgbt <1,0,0,0> }
	no_shadow
}
sphere {
	0, 1
	scale<0.080000,0.200000,0.300000>
	matrix <-0.199299, 0.974508, -0.103026,
		0.730685, 0.077726, -0.678276,
		-0.652977, -0.210459, -0.727549,
		31.691048, 30.534130, 28.979410>
	pigment { color rgbt <0,1,1,0> }
	no_shadow
}
cylinder {
	<32.269768, 31.091419, 28.830374>,  <32.148132, 30.681450, 29.488695>, 0.130000
	pigment { color rgbt <1,0,0,0> }
	no_shadow
}

// nucleotide -1

// particle -1
sphere {
	<32.269768, 31.091419, 28.830374> 0.250000
	pigment { color rgbt <1,0,0,0> }
	no_shadow
}
cylinder {
	<31.885914, 30.980516, 28.811502>,  <31.655602, 30.913975, 28.800180>, 0.100000
	pigment { color rgbt <1,0,0,0> }
	no_shadow
}
cylinder {
	<31.885914, 30.980516, 28.811502>,  <32.269768, 31.091419, 28.830374>, 0.100000
	pigment { color rgbt <1,0,0,0> }
	no_shadow
}

// particle -1
sphere {
	<31.885914, 30.980516, 28.811502> 0.100000
	pigment { color rgbt <1,0,0,0> }
	no_shadow
}
sphere {
	0, 1
	scale<0.080000,0.200000,0.300000>
	matrix <-0.272490, 0.958124, -0.088020,
		0.069606, -0.071612, -0.995001,
		-0.959638, -0.277255, -0.047178,
		31.598022, 30.897341, 28.797350>
	pigment { color rgbt <0,1,1,0> }
	no_shadow
}
cylinder {
	<31.975990, 31.404425, 28.259418>,  <32.269768, 31.091419, 28.830374>, 0.130000
	pigment { color rgbt <1,0,0,0> }
	no_shadow
}

// nucleotide -1

// particle -1
sphere {
	<31.975990, 31.404425, 28.259418> 0.250000
	pigment { color rgbt <1,0,0,0> }
	no_shadow
}
cylinder {
	<31.646891, 31.302835, 28.462820>,  <31.449430, 31.241882, 28.584862>, 0.100000
	pigment { color rgbt <1,0,0,0> }
	no_shadow
}
cylinder {
	<31.646891, 31.302835, 28.462820>,  <31.975990, 31.404425, 28.259418>, 0.100000
	pigment { color rgbt <1,0,0,0> }
	no_shadow
}

// particle -1
sphere {
	<31.646891, 31.302835, 28.462820> 0.100000
	pigment { color rgbt <1,0,0,0> }
	no_shadow
}
sphere {
	0, 1
	scale<0.080000,0.200000,0.300000>
	matrix <-0.278303, 0.960049, 0.029210,
		-0.495610, -0.117487, -0.860563,
		-0.822751, -0.253974, 0.508506,
		31.400066, 31.226643, 28.615372>
	pigment { color rgbt <0,1,1,0> }
	no_shadow
}
cylinder {
	<31.473429, 31.878048, 27.955442>,  <31.975990, 31.404425, 28.259418>, 0.130000
	pigment { color rgbt <1,0,0,0> }
	no_shadow
}

// nucleotide -1

// particle -1
sphere {
	<31.473429, 31.878048, 27.955442> 0.250000
	pigment { color rgbt <1,0,0,0> }
	no_shadow
}
cylinder {
	<31.320255, 31.738972, 28.297781>,  <31.228352, 31.655525, 28.503183>, 0.100000
	pigment { color rgbt <1,0,0,0> }
	no_shadow
}
cylinder {
	<31.320255, 31.738972, 28.297781>,  <31.473429, 31.878048, 27.955442>, 0.100000
	pigment { color rgbt <1,0,0,0> }
	no_shadow
}

// particle -1
sphere {
	<31.320255, 31.738972, 28.297781> 0.100000
	pigment { color rgbt <1,0,0,0> }
	no_shadow
}
sphere {
	0, 1
	scale<0.080000,0.200000,0.300000>
	matrix <-0.431135, 0.886642, 0.167300,
		-0.816998, -0.304921, -0.489426,
		-0.382932, -0.347692, 0.855847,
		31.205376, 31.634665, 28.554535>
	pigment { color rgbt <0,1,1,0> }
	no_shadow
}
cylinder {
	<30.832146, 32.087242, 27.894880>,  <31.473429, 31.878048, 27.955442>, 0.130000
	pigment { color rgbt <1,0,0,0> }
	no_shadow
}

// nucleotide -1

// particle -1
sphere {
	<30.832146, 32.087242, 27.894880> 0.250000
	pigment { color rgbt <1,0,0,0> }
	no_shadow
}
cylinder {
	<30.860939, 32.003635, 28.284985>,  <30.878216, 31.953472, 28.519047>, 0.100000
	pigment { color rgbt <1,0,0,0> }
	no_shadow
}
cylinder {
	<30.860939, 32.003635, 28.284985>,  <30.832146, 32.087242, 27.894880>, 0.100000
	pigment { color rgbt <1,0,0,0> }
	no_shadow
}

// particle -1
sphere {
	<30.860939, 32.003635, 28.284985> 0.100000
	pigment { color rgbt <1,0,0,0> }
	no_shadow
}
sphere {
	0, 1
	scale<0.080000,0.200000,0.300000>
	matrix <-0.549589, 0.807652, 0.213660,
		-0.832328, -0.551371, -0.056736,
		0.071983, -0.209016, 0.975259,
		30.882534, 31.940931, 28.577562>
	pigment { color rgbt <0,1,1,0> }
	no_shadow
}
cylinder {
	<30.162266, 32.236233, 28.199207>,  <30.832146, 32.087242, 27.894880>, 0.130000
	pigment { color rgbt <1,0,0,0> }
	no_shadow
}

// nucleotide -1

// particle -1
sphere {
	<30.162266, 32.236233, 28.199207> 0.250000
	pigment { color rgbt <1,0,0,0> }
	no_shadow
}
cylinder {
	<30.420134, 32.239109, 28.504978>,  <30.574854, 32.240837, 28.688440>, 0.100000
	pigment { color rgbt <1,0,0,0> }
	no_shadow
}
cylinder {
	<30.420134, 32.239109, 28.504978>,  <30.162266, 32.236233, 28.199207>, 0.100000
	pigment { color rgbt <1,0,0,0> }
	no_shadow
}

// particle -1
sphere {
	<30.420134, 32.239109, 28.504978> 0.100000
	pigment { color rgbt <1,0,0,0> }
	no_shadow
}
sphere {
	0, 1
	scale<0.080000,0.200000,0.300000>
	matrix <-0.444461, 0.817106, 0.367140,
		-0.621977, -0.576442, 0.529961,
		0.644670, 0.007194, 0.764427,
		30.613535, 32.241268, 28.734306>
	pigment { color rgbt <0,1,1,0> }
	no_shadow
}
cylinder {
	<29.782930, 32.362263, 28.824968>,  <30.162266, 32.236233, 28.199207>, 0.130000
	pigment { color rgbt <1,0,0,0> }
	no_shadow
}

// nucleotide -1

// particle -1
sphere {
	<29.782930, 32.362263, 28.824968> 0.250000
	pigment { color rgbt <1,0,0,0> }
	no_shadow
}
cylinder {
	<30.158909, 32.470478, 28.908213>,  <30.384497, 32.535408, 28.958160>, 0.100000
	pigment { color rgbt <1,0,0,0> }
	no_shadow
}
cylinder {
	<30.158909, 32.470478, 28.908213>,  <29.782930, 32.362263, 28.824968>, 0.100000
	pigment { color rgbt <1,0,0,0> }
	no_shadow
}

// particle -1
sphere {
	<30.158909, 32.470478, 28.908213> 0.100000
	pigment { color rgbt <1,0,0,0> }
	no_shadow
}
sphere {
	0, 1
	scale<0.080000,0.200000,0.300000>
	matrix <-0.341247, 0.757726, 0.556239,
		-0.007208, -0.593853, 0.804541,
		0.939946, 0.270538, 0.208112,
		30.440893, 32.551640, 28.970646>
	pigment { color rgbt <0,1,1,0> }
	no_shadow
}
cylinder {
	<29.805368, 32.483322, 29.570475>,  <29.782930, 32.362263, 28.824968>, 0.130000
	pigment { color rgbt <1,0,0,0> }
	no_shadow
}

// nucleotide -1

// particle -1
sphere {
	<29.805368, 32.483322, 29.570475> 0.250000
	pigment { color rgbt <1,0,0,0> }
	no_shadow
}
cylinder {
	<30.132521, 32.681042, 29.452667>,  <30.328812, 32.799671, 29.381983>, 0.100000
	pigment { color rgbt <1,0,0,0> }
	no_shadow
}
cylinder {
	<30.132521, 32.681042, 29.452667>,  <29.805368, 32.483322, 29.570475>, 0.100000
	pigment { color rgbt <1,0,0,0> }
	no_shadow
}

// particle -1
sphere {
	<30.132521, 32.681042, 29.452667> 0.100000
	pigment { color rgbt <1,0,0,0> }
	no_shadow
}
sphere {
	0, 1
	scale<0.080000,0.200000,0.300000>
