// switches for output
#declare DRAW_BASES = 1; // possible values are 0, 1; only relevant for DNA ribbons
#declare DRAW_BASES_TYPE = 3; // possible values are 1, 2, 3; only relevant for DNA ribbons
#declare DRAW_FOG = 0; // set to 1 to enable fog

#include "colors.inc"

#include "transforms.inc"
background { rgb <1, 1, 1>}

#default {
   normal{
       ripples 0.25
       frequency 0.20
       turbulence 0.2
       lambda 5
   }
	finish {
		phong 0.1
		phong_size 40.
	}
}

// original window dimensions: 1024x640


// camera settings

camera {
	sky <0, 0.179814, -0.983701>
	up <0, 0.179814, -0.983701>
	right 1.6 * <1, 0, 0>
	location <35, 94.9851, 44.8844>
	look_at <35, 29.7336, 32.9568>
	direction <0, -65.2515, -11.9276>
	angle 67.0682
}


# declare cpy_camera_pos = <35, 94.9851, 44.8844>;
# if (DRAW_FOG = 1)
fog {
	fog_type 2
	up vnormalize(cpy_camera_pos)
	color rgbt<1,1,1,0.3>
	distance 1e-5
	fog_alt 3e-3
	fog_offset 56
}
# end


// LIGHTS

# declare lum = 6;
global_settings {
	ambient_light rgb lum * <0.05, 0.05, 0.05>
	max_trace_level 15
}# declare cpy_direct_light_amount = 0.25;
light_source
{	1000 * <-1, -1.16352, -0.803886>,
	rgb lum * cpy_direct_light_amount
	parallel
}

light_source
{	1000 * <1, 1.16352, 0.803886>,
	rgb lum * cpy_direct_light_amount
	parallel
}

// strand 0

// nucleotide -1

// particle -1
sphere {
	<24.541887, 34.521080, 35.127407> 0.250000
	pigment { color rgbt <1,0,0,0> }
	no_shadow
}
cylinder {
	<24.289865, 34.763367, 34.933029>,  <24.138653, 34.908737, 34.816402>, 0.100000
	pigment { color rgbt <1,0,0,0> }
	no_shadow
}
cylinder {
	<24.289865, 34.763367, 34.933029>,  <24.541887, 34.521080, 35.127407>, 0.100000
	pigment { color rgbt <1,0,0,0> }
	no_shadow
}

// particle -1
sphere {
	<24.289865, 34.763367, 34.933029> 0.100000
	pigment { color rgbt <1,0,0,0> }
	no_shadow
}
sphere {
	0, 1
	scale<0.080000,0.200000,0.300000>
	matrix <-0.089365, 0.565059, 0.820196,
		0.771393, 0.560194, -0.301888,
		-0.630053, 0.605715, -0.485945,
		24.100849, 34.945080, 34.787247>
	pigment { color rgbt <0,1,1,0> }
	no_shadow
}
cylinder {
	<24.671944, 35.287167, 35.006924>,  <24.541887, 34.521080, 35.127407>, 0.130000
	pigment { color rgbt <1,0,0,0> }
	no_shadow
}

// nucleotide -1

// particle -1
sphere {
	<24.671944, 35.287167, 35.006924> 0.250000
	pigment { color rgbt <1,0,0,0> }
	no_shadow
}
cylinder {
	<24.275936, 35.233875, 35.025311>,  <24.038332, 35.201900, 35.036343>, 0.100000
	pigment { color rgbt <1,0,0,0> }
	no_shadow
}
cylinder {
	<24.275936, 35.233875, 35.025311>,  <24.671944, 35.287167, 35.006924>, 0.100000
	pigment { color rgbt <1,0,0,0> }
	no_shadow
}

// particle -1
sphere {
	<24.275936, 35.233875, 35.025311> 0.100000
	pigment { color rgbt <1,0,0,0> }
	no_shadow
}
sphere {
	0, 1
	scale<0.080000,0.200000,0.300000>
	matrix <0.000837, 0.320626, 0.947205,
		-0.140932, 0.937790, -0.317314,
		-0.990019, -0.133225, 0.045972,
		23.978930, 35.193909, 35.039101>
	pigment { color rgbt <0,1,1,0> }
	no_shadow
}
cylinder {
	<24.934896, 35.521862, 34.393761>,  <24.671944, 35.287167, 35.006924>, 0.130000
	pigment { color rgbt <1,0,0,0> }
	no_shadow
}

// nucleotide -1

// particle -1
sphere {
	<24.934896, 35.521862, 34.393761> 0.250000
	pigment { color rgbt <1,0,0,0> }
	no_shadow
}
cylinder {
	<24.723810, 35.861443, 34.405094>,  <24.597158, 36.065189, 34.411896>, 0.100000
	pigment { color rgbt <1,0,0,0> }
	no_shadow
}
cylinder {
	<24.723810, 35.861443, 34.405094>,  <24.934896, 35.521862, 34.393761>, 0.100000
	pigment { color rgbt <1,0,0,0> }
	no_shadow
}

// particle -1
sphere {
	<24.723810, 35.861443, 34.405094> 0.100000
	pigment { color rgbt <1,0,0,0> }
	no_shadow
}
sphere {
	0, 1
	scale<0.080000,0.200000,0.300000>
	matrix <0.782008, 0.498586, -0.374000,
		-0.331635, -0.175206, -0.926996,
		-0.527714, 0.848949, 0.028336,
		24.565496, 36.116127, 34.413593>
	pigment { color rgbt <0,1,1,0> }
	no_shadow
}
cylinder {
	<25.091524, 35.983353, 33.808228>,  <24.934896, 35.521862, 34.393761>, 0.130000
	pigment { color rgbt <1,0,0,0> }
	no_shadow
}

// nucleotide -1

// particle -1
sphere {
	<25.091524, 35.983353, 33.808228> 0.250000
	pigment { color rgbt <1,0,0,0> }
	no_shadow
}
cylinder {
	<24.874300, 36.237476, 34.027851>,  <24.743965, 36.389950, 34.159626>, 0.100000
	pigment { color rgbt <1,0,0,0> }
	no_shadow
}
cylinder {
	<24.874300, 36.237476, 34.027851>,  <25.091524, 35.983353, 33.808228>, 0.100000
	pigment { color rgbt <1,0,0,0> }
	no_shadow
}

// particle -1
sphere {
	<24.874300, 36.237476, 34.027851> 0.100000
	pigment { color rgbt <1,0,0,0> }
	no_shadow
}
sphere {
	0, 1
	scale<0.080000,0.200000,0.300000>
	matrix <0.609872, 0.747882, -0.262161,
		-0.577185, 0.192487, -0.793603,
		-0.543059, 0.635312, 0.549059,
		24.711382, 36.428070, 34.192570>
	pigment { color rgbt <0,1,1,0> }
	no_shadow
}
cylinder {
	<24.729467, 36.660896, 33.391220>,  <25.091524, 35.983353, 33.808228>, 0.130000
	pigment { color rgbt <1,0,0,0> }
	no_shadow
}

// nucleotide -1

// particle -1
sphere {
	<24.729467, 36.660896, 33.391220> 0.250000
	pigment { color rgbt <1,0,0,0> }
	no_shadow
}
cylinder {
	<24.870369, 36.705605, 33.762901>,  <24.954910, 36.732430, 33.985912>, 0.100000
	pigment { color rgbt <1,0,0,0> }
	no_shadow
}
cylinder {
	<24.870369, 36.705605, 33.762901>,  <24.729467, 36.660896, 33.391220>, 0.100000
	pigment { color rgbt <1,0,0,0> }
	no_shadow
}

// particle -1
sphere {
	<24.870369, 36.705605, 33.762901> 0.100000
	pigment { color rgbt <1,0,0,0> }
	no_shadow
}
sphere {
	0, 1
	scale<0.080000,0.200000,0.300000>
	matrix <0.480402, 0.830474, -0.282006,
		-0.803201, 0.545730, 0.238844,
		0.352253, 0.111766, 0.929207,
		24.976046, 36.739136, 34.041664>
	pigment { color rgbt <0,1,1,0> }
	no_shadow
}
cylinder {
	<24.563946, 37.311493, 33.782101>,  <24.729467, 36.660896, 33.391220>, 0.130000
	pigment { color rgbt <1,0,0,0> }
	no_shadow
}

// nucleotide -1

// particle -1
sphere {
	<24.563946, 37.311493, 33.782101> 0.250000
	pigment { color rgbt <1,0,0,0> }
	no_shadow
}
cylinder {
	<24.924015, 37.152382, 33.853046>,  <25.140057, 37.056915, 33.895615>, 0.100000
	pigment { color rgbt <1,0,0,0> }
	no_shadow
}
cylinder {
	<24.924015, 37.152382, 33.853046>,  <24.563946, 37.311493, 33.782101>, 0.100000
	pigment { color rgbt <1,0,0,0> }
	no_shadow
}

// particle -1
sphere {
	<24.924015, 37.152382, 33.853046> 0.100000
	pigment { color rgbt <1,0,0,0> }
	no_shadow
}
sphere {
	0, 1
	scale<0.080000,0.200000,0.300000>
	matrix <0.434409, 0.790872, -0.431057,
		0.031194, 0.465074, 0.884722,
		0.900176, -0.397777, 0.177362,
		25.194067, 37.033051, 33.906254>
	pigment { color rgbt <0,1,1,0> }
	no_shadow
}
cylinder {
	<24.932400, 37.884811, 34.067581>,  <24.563946, 37.311493, 33.782101>, 0.130000
	pigment { color rgbt <1,0,0,0> }
	no_shadow
}

// nucleotide -1

// particle -1
sphere {
	<24.932400, 37.884811, 34.067581> 0.250000
	pigment { color rgbt <1,0,0,0> }
	no_shadow
}
cylinder {
	<25.148712, 37.598289, 33.891190>,  <25.278500, 37.426376, 33.785355>, 0.100000
	pigment { color rgbt <1,0,0,0> }
	no_shadow
}
cylinder {
	<25.148712, 37.598289, 33.891190>,  <24.932400, 37.884811, 34.067581>, 0.100000
	pigment { color rgbt <1,0,0,0> }
	no_shadow
}

// particle -1
sphere {
	<25.148712, 37.598289, 33.891190> 0.100000
	pigment { color rgbt <1,0,0,0> }
	no_shadow
}
sphere {
	0, 1
	scale<0.080000,0.200000,0.300000>
	matrix <0.406212, 0.681452, -0.608782,
		0.736580, 0.150086, 0.659488,
		0.540779, -0.716308, -0.440977,
		25.310946, 37.383396, 33.758896>
	pigment { color rgbt <0,1,1,0> }
	no_shadow
}
cylinder {
	<25.703491, 38.174637, 34.000023>,  <24.932400, 37.884811, 34.067581>, 0.130000
	pigment { color rgbt <1,0,0,0> }
	no_shadow
}

// nucleotide -1

// particle -1
sphere {
	<25.703491, 38.174637, 34.000023> 0.250000
	pigment { color rgbt <1,0,0,0> }
	no_shadow
}
cylinder {
	<25.693468, 37.874611, 33.735664>,  <25.687454, 37.694595, 33.577049>, 0.100000
	pigment { color rgbt <1,0,0,0> }
	no_shadow
}
cylinder {
	<25.693468, 37.874611, 33.735664>,  <25.703491, 38.174637, 34.000023>, 0.100000
	pigment { color rgbt <1,0,0,0> }
	no_shadow
}

// particle -1
sphere {
	<25.693468, 37.874611, 33.735664> 0.100000
	pigment { color rgbt <1,0,0,0> }
	no_shadow
}
sphere {
	0, 1
	scale<0.080000,0.200000,0.300000>
	matrix <0.588756, 0.523213, -0.616129,
		0.807922, -0.404544, 0.428493,
		-0.025058, -0.750062, -0.660893,
		25.685951, 37.649593, 33.537395>
	pigment { color rgbt <0,1,1,0> }
	no_shadow
}
cylinder {
	<26.365030, 38.137295, 33.643387>,  <25.703491, 38.174637, 34.000023>, 0.130000
	pigment { color rgbt <1,0,0,0> }
	no_shadow
}

// nucleotide -1

// particle -1
sphere {
	<26.365030, 38.137295, 33.643387> 0.250000
	pigment { color rgbt <1,0,0,0> }
	no_shadow
}
cylinder {
	<26.126772, 37.936348, 33.392681>,  <25.983816, 37.815781, 33.242256>, 0.100000
	pigment { color rgbt <1,0,0,0> }
	no_shadow
}
cylinder {
	<26.126772, 37.936348, 33.392681>,  <26.365030, 38.137295, 33.643387>, 0.100000
	pigment { color rgbt <1,0,0,0> }
	no_shadow
}

// particle -1
sphere {
	<26.126772, 37.936348, 33.392681> 0.100000
	pigment { color rgbt <1,0,0,0> }
	no_shadow
}
sphere {
	0, 1
	scale<0.080000,0.200000,0.300000>
	matrix <0.554970, 0.306718, -0.773261,
		0.580701, -0.808425, 0.096104,
		-0.595647, -0.502368, -0.626763,
		25.948078, 37.785637, 33.204651>
	pigment { color rgbt <0,1,1,0> }
	no_shadow
}
cylinder {
	<26.829241, 37.980476, 33.184536>,  <26.365030, 38.137295, 33.643387>, 0.130000
	pigment { color rgbt <1,0,0,0> }
	no_shadow
}

// nucleotide -1

// particle -1
sphere {
	<26.829241, 37.980476, 33.184536> 0.250000
	pigment { color rgbt <1,0,0,0> }
	no_shadow
}
cylinder {
	<26.488646, 37.916393, 32.984818>,  <26.284288, 37.877945, 32.864986>, 0.100000
	pigment { color rgbt <1,0,0,0> }
	no_shadow
}
cylinder {
	<26.488646, 37.916393, 32.984818>,  <26.829241, 37.980476, 33.184536>, 0.100000
	pigment { color rgbt <1,0,0,0> }
	no_shadow
}

// particle -1
sphere {
	<26.488646, 37.916393, 32.984818> 0.100000
	pigment { color rgbt <1,0,0,0> }
	no_shadow
}
sphere {
	0, 1
	scale<0.080000,0.200000,0.300000>
	matrix <0.465636, 0.206871, -0.860458,
		0.241139, -0.965163, -0.101552,
		-0.851490, -0.160204, -0.499299,
		26.233198, 37.868332, 32.835026>
	pigment { color rgbt <0,1,1,0> }
	no_shadow
}
cylinder {
	<26.930315, 37.550163, 32.603649>,  <26.829241, 37.980476, 33.184536>, 0.130000
	pigment { color rgbt <1,0,0,0> }
	no_shadow
}

// nucleotide -1

// particle -1
sphere {
	<26.930315, 37.550163, 32.603649> 0.250000
	pigment { color rgbt <1,0,0,0> }
	no_shadow
}
cylinder {
	<26.591295, 37.745888, 32.521450>,  <26.387882, 37.863323, 32.472130>, 0.100000
	pigment { color rgbt <1,0,0,0> }
	no_shadow
}
cylinder {
	<26.591295, 37.745888, 32.521450>,  <26.930315, 37.550163, 32.603649>, 0.100000
	pigment { color rgbt <1,0,0,0> }
	no_shadow
}

// particle -1
sphere {
	<26.591295, 37.745888, 32.521450> 0.100000
	pigment { color rgbt <1,0,0,0> }
	no_shadow
}
sphere {
	0, 1
	scale<0.080000,0.200000,0.300000>
	matrix <0.302219, 0.126692, -0.944782,
		-0.436259, -0.862857, -0.255258,
		-0.847550, 0.489313, -0.205502,
		26.337030, 37.892681, 32.459801>
	pigment { color rgbt <0,1,1,0> }
	no_shadow
}
cylinder {
	<26.720583, 37.306576, 32.033318>,  <26.930315, 37.550163, 32.603649>, 0.130000
	pigment { color rgbt <1,0,0,0> }
	no_shadow
}

// nucleotide -1

// particle -1
sphere {
	<26.720583, 37.306576, 32.033318> 0.250000
	pigment { color rgbt <1,0,0,0> }
	no_shadow
}
cylinder {
	<26.543285, 37.665134, 32.032391>,  <26.436907, 37.880268, 32.031834>, 0.100000
	pigment { color rgbt <1,0,0,0> }
	no_shadow
}
cylinder {
	<26.543285, 37.665134, 32.032391>,  <26.720583, 37.306576, 32.033318>, 0.100000
	pigment { color rgbt <1,0,0,0> }
	no_shadow
}

// particle -1
sphere {
	<26.543285, 37.665134, 32.032391> 0.100000
	pigment { color rgbt <1,0,0,0> }
	no_shadow
}
sphere {
	0, 1
	scale<0.080000,0.200000,0.300000>
	matrix <0.247030, 0.119664, -0.961591,
		-0.861690, -0.426793, -0.274478,
		-0.443245, 0.896398, -0.002317,
		26.410313, 37.934055, 32.031696>
	pigment { color rgbt <0,1,1,0> }
	no_shadow
}
cylinder {
	<26.817856, 37.534950, 31.399368>,  <26.720583, 37.306576, 32.033318>, 0.130000
	pigment { color rgbt <1,0,0,0> }
	no_shadow
}

// nucleotide -1

// particle -1
sphere {
	<26.817856, 37.534950, 31.399368> 0.250000
	pigment { color rgbt <1,0,0,0> }
	no_shadow
}
cylinder {
	<26.636316, 37.869419, 31.522554>,  <26.527391, 38.070099, 31.596466>, 0.100000
	pigment { color rgbt <1,0,0,0> }
	no_shadow
}
cylinder {
	<26.636316, 37.869419, 31.522554>,  <26.817856, 37.534950, 31.399368>, 0.100000
	pigment { color rgbt <1,0,0,0> }
	no_shadow
}

// particle -1
sphere {
	<26.636316, 37.869419, 31.522554> 0.100000
	pigment { color rgbt <1,0,0,0> }
	no_shadow
}
sphere {
	0, 1
	scale<0.080000,0.200000,0.300000>
	matrix <0.379646, 0.494123, -0.782120,
		-0.806156, -0.238047, -0.541706,
		-0.453851, 0.836167, 0.307967,
		26.500160, 38.120270, 31.614944>
	pigment { color rgbt <0,1,1,0> }
	no_shadow
}
cylinder {
	<26.543257, 37.876404, 30.751553>,  <26.817856, 37.534950, 31.399368>, 0.130000
	pigment { color rgbt <1,0,0,0> }
	no_shadow
}

// nucleotide -1

// particle -1
sphere {
	<26.543257, 37.876404, 30.751553> 0.250000
	pigment { color rgbt <1,0,0,0> }
	no_shadow
}
cylinder {
	<26.623419, 38.150852, 31.031290>,  <26.671516, 38.315521, 31.199133>, 0.100000
	pigment { color rgbt <1,0,0,0> }
	no_shadow
}
cylinder {
	<26.623419, 38.150852, 31.031290>,  <26.543257, 37.876404, 30.751553>, 0.100000
	pigment { color rgbt <1,0,0,0> }
	no_shadow
}

// particle -1
sphere {
	<26.623419, 38.150852, 31.031290> 0.100000
	pigment { color rgbt <1,0,0,0> }
	no_shadow
}
sphere {
	0, 1
	scale<0.080000,0.200000,0.300000>
	matrix <0.566539, 0.501212, -0.654079,
		-0.799294, 0.527286, -0.288267,
		0.200404, 0.686117, 0.699344,
		26.683540, 38.356686, 31.241093>
	pigment { color rgbt <0,1,1,0> }
	no_shadow
}
cylinder {
	<26.536652, 38.542606, 30.381332>,  <26.543257, 37.876404, 30.751553>, 0.130000
	pigment { color rgbt <1,0,0,0> }
	no_shadow
}

// nucleotide -1

// particle -1
sphere {
	<26.536652, 38.542606, 30.381332> 0.250000
	pigment { color rgbt <1,0,0,0> }
	no_shadow
}
cylinder {
	<26.742571, 38.575157, 30.722708>,  <26.866123, 38.594688, 30.927534>, 0.100000
	pigment { color rgbt <1,0,0,0> }
	no_shadow
}
cylinder {
	<26.742571, 38.575157, 30.722708>,  <26.536652, 38.542606, 30.381332>, 0.100000
	pigment { color rgbt <1,0,0,0> }
	no_shadow
}

// particle -1
sphere {
	<26.742571, 38.575157, 30.722708> 0.100000
	pigment { color rgbt <1,0,0,0> }
	no_shadow
}
sphere {
	0, 1
	scale<0.080000,0.200000,0.300000>
	matrix <0.767200, 0.400539, -0.500972,
		-0.382603, 0.912659, 0.143765,
		0.514800, 0.081377, 0.853440,
		26.897011, 38.599571, 30.978739>
	pigment { color rgbt <0,1,1,0> }
	no_shadow
}
cylinder {
	<26.639828, 39.307800, 30.454063>,  <26.536652, 38.542606, 30.381332>, 0.130000
	pigment { color rgbt <1,0,0,0> }
	no_shadow
}

// nucleotide -1

// particle -1
sphere {
	<26.639828, 39.307800, 30.454063> 0.250000
	pigment { color rgbt <1,0,0,0> }
	no_shadow
}
cylinder {
	<26.919870, 39.086372, 30.634466>,  <27.087896, 38.953514, 30.742708>, 0.100000
	pigment { color rgbt <1,0,0,0> }
	no_shadow
}
cylinder {
	<26.919870, 39.086372, 30.634466>,  <26.639828, 39.307800, 30.454063>, 0.100000
	pigment { color rgbt <1,0,0,0> }
	no_shadow
}

// particle -1
sphere {
	<26.919870, 39.086372, 30.634466> 0.100000
	pigment { color rgbt <1,0,0,0> }
	no_shadow
}
sphere {
	0, 1
	scale<0.080000,0.200000,0.300000>
	matrix <0.709432, 0.610888, -0.351457,
		-0.080956, 0.566015, 0.820410,
		0.700108, -0.553573, 0.451005,
		27.129904, 38.920300, 30.769768>
	pigment { color rgbt <0,1,1,0> }
	no_shadow
}
cylinder {
	<27.069611, 39.825199, 30.572659>,  <26.639828, 39.307800, 30.454063>, 0.130000
	pigment { color rgbt <1,0,0,0> }
	no_shadow
}

// nucleotide -1

// particle -1
sphere {
	<27.069611, 39.825199, 30.572659> 0.250000
	pigment { color rgbt <1,0,0,0> }
	no_shadow
}
cylinder {
	<27.290590, 39.494110, 30.612017>,  <27.423178, 39.295456, 30.635632>, 0.100000
	pigment { color rgbt <1,0,0,0> }
	no_shadow
}
cylinder {
	<27.290590, 39.494110, 30.612017>,  <27.069611, 39.825199, 30.572659>, 0.100000
	pigment { color rgbt <1,0,0,0> }
	no_shadow
}

// particle -1
sphere {
	<27.290590, 39.494110, 30.612017> 0.100000
	pigment { color rgbt <1,0,0,0> }
	no_shadow
}
sphere {
	0, 1
	scale<0.080000,0.200000,0.300000>
	matrix <0.799914, 0.493259, -0.341808,
		0.234387, 0.267538, 0.934605,
		0.552449, -0.827719, 0.098394,
		27.456326, 39.245796, 30.641535>
	pigment { color rgbt <0,1,1,0> }
	no_shadow
}
cylinder {
	<27.732655, 40.100208, 30.748549>,  <27.069611, 39.825199, 30.572659>, 0.130000
	pigment { color rgbt <1,0,0,0> }
	no_shadow
}

// nucleotide -1

// particle -1
sphere {
	<27.732655, 40.100208, 30.748549> 0.250000
	pigment { color rgbt <1,0,0,0> }
	no_shadow
}
cylinder {
	<27.830305, 39.726639, 30.644102>,  <27.888895, 39.502495, 30.581434>, 0.100000
	pigment { color rgbt <1,0,0,0> }
	no_shadow
}
cylinder {
	<27.830305, 39.726639, 30.644102>,  <27.732655, 40.100208, 30.748549>, 0.100000
	pigment { color rgbt <1,0,0,0> }
	no_shadow
}

// particle -1
sphere {
	<27.830305, 39.726639, 30.644102> 0.100000
	pigment { color rgbt <1,0,0,0> }
	no_shadow
}
sphere {
	0, 1
	scale<0.080000,0.200000,0.300000>
	matrix <0.845954, 0.336738, -0.413486,
		0.474093, -0.119948, 0.872266,
		0.244128, -0.933927, -0.261115,
		27.903543, 39.446461, 30.565767>
	pigment { color rgbt <0,1,1,0> }
	no_shadow
}
cylinder {
	<28.409662, 39.960945, 30.919037>,  <27.732655, 40.100208, 30.748549>, 0.130000
	pigment { color rgbt <1,0,0,0> }
	no_shadow
}

// nucleotide -1

// particle -1
sphere {
	<28.409662, 39.960945, 30.919037> 0.250000
	pigment { color rgbt <1,0,0,0> }
	no_shadow
}
cylinder {
	<28.346216, 39.680325, 30.641140>,  <28.308149, 39.511951, 30.474401>, 0.100000
	pigment { color rgbt <1,0,0,0> }
	no_shadow
}
cylinder {
	<28.346216, 39.680325, 30.641140>,  <28.409662, 39.960945, 30.919037>, 0.100000
	pigment { color rgbt <1,0,0,0> }
	no_shadow
}

// particle -1
sphere {
	<28.346216, 39.680325, 30.641140> 0.100000
	pigment { color rgbt <1,0,0,0> }
	no_shadow
}
sphere {
	0, 1
	scale<0.080000,0.200000,0.300000>
	matrix <0.678457, 0.433765, -0.592911,
		0.717312, -0.565399, 0.407169,
		-0.158616, -0.701549, -0.694744,
		28.298632, 39.469860, 30.432716>
	pigment { color rgbt <0,1,1,0> }
	no_shadow
}
cylinder {
	<29.074654, 39.836479, 30.770266>,  <28.409662, 39.960945, 30.919037>, 0.130000
	pigment { color rgbt <1,0,0,0> }
	no_shadow
}

// nucleotide -1

// particle -1
sphere {
	<29.074654, 39.836479, 30.770266> 0.250000
	pigment { color rgbt <1,0,0,0> }
	no_shadow
}
cylinder {
	<28.855165, 39.713608, 30.459255>,  <28.723473, 39.639885, 30.272648>, 0.100000
	pigment { color rgbt <1,0,0,0> }
	no_shadow
}
cylinder {
	<28.855165, 39.713608, 30.459255>,  <29.074654, 39.836479, 30.770266>, 0.100000
	pigment { color rgbt <1,0,0,0> }
	no_shadow
}

// particle -1
sphere {
	<28.855165, 39.713608, 30.459255> 0.100000
	pigment { color rgbt <1,0,0,0> }
	no_shadow
}
sphere {
	0, 1
	scale<0.080000,0.200000,0.300000>
	matrix <0.785319, 0.129527, -0.605390,
		0.286673, -0.942796, 0.170158,
		-0.548719, -0.307178, -0.777528,
		28.690550, 39.621456, 30.225996>
	pigment { color rgbt <0,1,1,0> }
	no_shadow
}
cylinder {
	<29.395309, 39.221096, 30.378565>,  <29.074654, 39.836479, 30.770266>, 0.130000
	pigment { color rgbt <1,0,0,0> }
	no_shadow
}

// nucleotide -1

// particle -1
sphere {
	<29.395309, 39.221096, 30.378565> 0.250000
	pigment { color rgbt <1,0,0,0> }
	no_shadow
}
cylinder {
	<29.152885, 39.405708, 30.119434>,  <29.007431, 39.516476, 29.963957>, 0.100000
	pigment { color rgbt <1,0,0,0> }
	no_shadow
}
cylinder {
	<29.152885, 39.405708, 30.119434>,  <29.395309, 39.221096, 30.378565>, 0.100000
	pigment { color rgbt <1,0,0,0> }
	no_shadow
}

// particle -1
sphere {
	<29.152885, 39.405708, 30.119434> 0.100000
	pigment { color rgbt <1,0,0,0> }
	no_shadow
}
sphere {
	0, 1
	scale<0.080000,0.200000,0.300000>
	matrix <0.759535, 0.093927, -0.643649,
		-0.236217, -0.882137, -0.407476,
		-0.606060, 0.461532, -0.647827,
		28.971067, 39.544167, 29.925087>
	pigment { color rgbt <0,1,1,0> }
	no_shadow
}
cylinder {
	<29.585493, 38.877056, 29.693378>,  <29.395309, 39.221096, 30.378565>, 0.130000
	pigment { color rgbt <1,0,0,0> }
	no_shadow
}

// nucleotide -1

// particle -1
sphere {
	<29.585493, 38.877056, 29.693378> 0.250000
	pigment { color rgbt <1,0,0,0> }
	no_shadow
}
cylinder {
	<29.423710, 39.238056, 29.634180>,  <29.326641, 39.454659, 29.598661>, 0.100000
	pigment { color rgbt <1,0,0,0> }
	no_shadow
}
cylinder {
	<29.423710, 39.238056, 29.634180>,  <29.585493, 38.877056, 29.693378>, 0.100000
	pigment { color rgbt <1,0,0,0> }
	no_shadow
}

// particle -1
sphere {
	<29.423710, 39.238056, 29.634180> 0.100000
	pigment { color rgbt <1,0,0,0> }
	no_shadow
}
sphere {
	0, 1
	scale<0.080000,0.200000,0.300000>
	matrix <0.663541, 0.178214, -0.726603,
		-0.629387, -0.392081, -0.670928,
		-0.404457, 0.902503, -0.147996,
		29.302372, 39.508808, 29.589781>
	pigment { color rgbt <0,1,1,0> }
	no_shadow
}
cylinder {
	<29.602411, 39.005497, 28.954945>,  <29.585493, 38.877056, 29.693378>, 0.130000
	pigment { color rgbt <1,0,0,0> }
	no_shadow
}

// nucleotide -1

// particle -1
sphere {
	<29.602411, 39.005497, 28.954945> 0.250000
	pigment { color rgbt <1,0,0,0> }
	no_shadow
}
cylinder {
	<29.512215, 39.367760, 29.098576>,  <29.458097, 39.585117, 29.184753>, 0.100000
	pigment { color rgbt <1,0,0,0> }
	no_shadow
}
cylinder {
	<29.512215, 39.367760, 29.098576>,  <29.602411, 39.005497, 28.954945>, 0.100000
	pigment { color rgbt <1,0,0,0> }
	no_shadow
}

// particle -1
sphere {
	<29.512215, 39.367760, 29.098576> 0.100000
	pigment { color rgbt <1,0,0,0> }
	no_shadow
}
sphere {
	0, 1
	scale<0.080000,0.200000,0.300000>
	matrix <0.553100, 0.422417, -0.718083,
		-0.802019, 0.036685, -0.596171,
		-0.225490, 0.905659, 0.359078,
		29.444567, 39.639458, 29.206299>
	pigment { color rgbt <0,1,1,0> }
	no_shadow
}
cylinder {
	<29.446943, 39.399178, 28.409573>,  <29.602411, 39.005497, 28.954945>, 0.130000
	pigment { color rgbt <1,0,0,0> }
	no_shadow
}

// nucleotide -1

// particle -1
sphere {
	<29.446943, 39.399178, 28.409573> 0.250000
	pigment { color rgbt <1,0,0,0> }
	no_shadow
}
cylinder {
	<29.565369, 39.641323, 28.705109>,  <29.636423, 39.786610, 28.882431>, 0.100000
	pigment { color rgbt <1,0,0,0> }
	no_shadow
}
cylinder {
	<29.565369, 39.641323, 28.705109>,  <29.446943, 39.399178, 28.409573>, 0.100000
	pigment { color rgbt <1,0,0,0> }
	no_shadow
}

// particle -1
sphere {
	<29.565369, 39.641323, 28.705109> 0.100000
	pigment { color rgbt <1,0,0,0> }
	no_shadow
}
sphere {
	0, 1
	scale<0.080000,0.200000,0.300000>
	matrix <0.594330, 0.488788, -0.638638,
		-0.747743, 0.628192, -0.215072,
		0.296063, 0.605360, 0.738841,
		29.654188, 39.822929, 28.926762>
	pigment { color rgbt <0,1,1,0> }
	no_shadow
}
cylinder {
	<29.779881, 39.871132, 28.004364>,  <29.446943, 39.399178, 28.409573>, 0.130000
	pigment { color rgbt <1,0,0,0> }
	no_shadow
}

// nucleotide -1

// particle -1
sphere {
	<29.779881, 39.871132, 28.004364> 0.250000
	pigment { color rgbt <1,0,0,0> }
	no_shadow
}
cylinder {
	<29.904110, 39.961384, 28.373716>,  <29.978647, 40.015533, 28.595327>, 0.100000
	pigment { color rgbt <1,0,0,0> }
	no_shadow
}
cylinder {
	<29.904110, 39.961384, 28.373716>,  <29.779881, 39.871132, 28.004364>, 0.100000
	pigment { color rgbt <1,0,0,0> }
	no_shadow
}

// particle -1
sphere {
	<29.904110, 39.961384, 28.373716> 0.100000
	pigment { color rgbt <1,0,0,0> }
	no_shadow
}
sphere {
	0, 1
	scale<0.080000,0.200000,0.300000>
	matrix <0.860720, 0.345470, -0.373913,
		-0.403367, 0.910902, -0.086909,
		0.310574, 0.225629, 0.923383,
		29.997282, 40.029072, 28.650732>
	pigment { color rgbt <0,1,1,0> }
	no_shadow
}
cylinder {
	<29.777012, 40.610878, 28.081936>,  <29.779881, 39.871132, 28.004364>, 0.130000
	pigment { color rgbt <1,0,0,0> }
	no_shadow
}

// nucleotide -1

// particle -1
sphere {
	<29.777012, 40.610878, 28.081936> 0.250000
	pigment { color rgbt <1,0,0,0> }
	no_shadow
}
cylinder {
	<30.060066, 40.418854, 28.289318>,  <30.229898, 40.303638, 28.413748>, 0.100000
	pigment { color rgbt <1,0,0,0> }
	no_shadow
}
cylinder {
	<30.060066, 40.418854, 28.289318>,  <29.777012, 40.610878, 28.081936>, 0.100000
	pigment { color rgbt <1,0,0,0> }
	no_shadow
}

// particle -1
sphere {
	<30.060066, 40.418854, 28.289318> 0.100000
	pigment { color rgbt <1,0,0,0> }
	no_shadow
}
sphere {
	0, 1
	scale<0.080000,0.200000,0.300000>
	matrix <0.701934, 0.393618, -0.593594,
		0.080885, 0.783970, 0.615507,
		0.707634, -0.480058, 0.518457,
		30.272356, 40.274837, 28.444855>
	pigment { color rgbt <0,1,1,0> }
	no_shadow
}
cylinder {
	<30.458111, 41.184601, 28.139551>,  <29.777012, 40.610878, 28.081936>, 0.130000
	pigment { color rgbt <1,0,0,0> }
	no_shadow
}

// nucleotide -1

// particle -1
sphere {
	<30.458111, 41.184601, 28.139551> 0.250000
	pigment { color rgbt <1,0,0,0> }
	no_shadow
}
cylinder {
	<30.498669, 40.786690, 28.134756>,  <30.523005, 40.547943, 28.131880>, 0.100000
	pigment { color rgbt <1,0,0,0> }
	no_shadow
}
cylinder {
	<30.498669, 40.786690, 28.134756>,  <30.458111, 41.184601, 28.139551>, 0.100000
	pigment { color rgbt <1,0,0,0> }
	no_shadow
}

// particle -1
sphere {
	<30.498669, 40.786690, 28.134756> 0.100000
	pigment { color rgbt <1,0,0,0> }
	no_shadow
}
sphere {
	0, 1
	scale<0.080000,0.200000,0.300000>
	matrix <0.684141, 0.078470, -0.725116,
		0.722267, 0.065325, 0.688522,
		0.101396, -0.994774, -0.011985,
		30.529087, 40.488258, 28.131161>
	pigment { color rgbt <0,1,1,0> }
	no_shadow
}
cylinder {
	<31.171452, 41.486740, 27.982121>,  <30.458111, 41.184601, 28.139551>, 0.130000
	pigment { color rgbt <1,0,0,0> }
	no_shadow
}

// nucleotide -1

// particle -1
sphere {
	<31.171452, 41.486740, 27.982121> 0.250000
	pigment { color rgbt <1,0,0,0> }
	no_shadow
}
cylinder {
	<31.262436, 41.772781, 27.717730>,  <31.317026, 41.944405, 27.559095>, 0.100000
	pigment { color rgbt <1,0,0,0> }
	no_shadow
}
cylinder {
	<31.262436, 41.772781, 27.717730>,  <31.171452, 41.486740, 27.982121>, 0.100000
	pigment { color rgbt <1,0,0,0> }
	no_shadow
}

// particle -1
sphere {
	<31.262436, 41.772781, 27.717730> 0.100000
	pigment { color rgbt <1,0,0,0> }
	no_shadow
}
sphere {
	0, 1
	scale<0.080000,0.200000,0.300000>
	matrix <-0.590286, -0.438591, -0.677642,
		-0.774483, 0.544301, 0.322354,
		0.227460, 0.715104, -0.660975,
		31.330673, 41.987312, 27.519438>
	pigment { color rgbt <0,1,1,0> }
	no_shadow
}
cylinder {
	<31.672386, 40.873539, 28.310442>,  <31.171452, 41.486740, 27.982121>, 0.130000
	pigment { color rgbt <1,0,0,0> }
	no_shadow
}

// nucleotide -1

// particle -1
sphere {
	<31.672386, 40.873539, 28.310442> 0.250000
	pigment { color rgbt <1,0,0,0> }
	no_shadow
}
cylinder {
	<31.669676, 40.946369, 28.703747>,  <31.668049, 40.990067, 28.939730>, 0.100000
	pigment { color rgbt <1,0,0,0> }
	no_shadow
}
cylinder {
	<31.669676, 40.946369, 28.703747>,  <31.672386, 40.873539, 28.310442>, 0.100000
	pigment { color rgbt <1,0,0,0> }
	no_shadow
}

// particle -1
sphere {
	<31.669676, 40.946369, 28.703747> 0.100000
	pigment { color rgbt <1,0,0,0> }
	no_shadow
}
sphere {
	0, 1
	scale<0.080000,0.200000,0.300000>
	matrix <0.542757, -0.825173, 0.156538,
		0.839863, 0.534733, -0.093229,
		-0.006776, 0.182071, 0.983262,
		31.667643, 41.000992, 28.998726>
	pigment { color rgbt <0,1,1,0> }
	no_shadow
}
cylinder {
	<32.314041, 40.683075, 28.646418>,  <31.672386, 40.873539, 28.310442>, 0.130000
	pigment { color rgbt <1,0,0,0> }
	no_shadow
}

// nucleotide -1

// particle -1
sphere {
	<32.314041, 40.683075, 28.646418> 0.250000
	pigment { color rgbt <1,0,0,0> }
	no_shadow
}
cylinder {
	<32.077866, 40.649044, 28.967451>,  <31.936161, 40.628624, 29.160072>, 0.100000
	pigment { color rgbt <1,0,0,0> }
	no_shadow
}
cylinder {
	<32.077866, 40.649044, 28.967451>,  <32.314041, 40.683075, 28.646418>, 0.100000
	pigment { color rgbt <1,0,0,0> }
	no_shadow
}

// particle -1
sphere {
	<32.077866, 40.649044, 28.967451> 0.100000
	pigment { color rgbt <1,0,0,0> }
	no_shadow
}
sphere {
	0, 1
	scale<0.080000,0.200000,0.300000>
	matrix <0.427929, -0.876140, 0.221936,
		0.684294, 0.474489, 0.553716,
		-0.590439, -0.085082, 0.802585,
		31.900734, 40.623520, 29.208227>
	pigment { color rgbt <0,1,1,0> }
	no_shadow
}
cylinder {
	<32.662731, 40.552650, 29.200081>,  <32.314041, 40.683075, 28.646418>, 0.130000
	pigment { color rgbt <1,0,0,0> }
	no_shadow
}

// nucleotide -1

// particle -1
sphere {
	<32.662731, 40.552650, 29.200081> 0.250000
	pigment { color rgbt <1,0,0,0> }
	no_shadow
}
cylinder {
	<32.298584, 40.396736, 29.255638>,  <32.080093, 40.303188, 29.288973>, 0.100000
	pigment { color rgbt <1,0,0,0> }
	no_shadow
}
cylinder {
	<32.298584, 40.396736, 29.255638>,  <32.662731, 40.552650, 29.200081>, 0.100000
	pigment { color rgbt <1,0,0,0> }
	no_shadow
}

// particle -1
sphere {
	<32.298584, 40.396736, 29.255638> 0.100000
	pigment { color rgbt <1,0,0,0> }
	no_shadow
}
sphere {
	0, 1
	scale<0.080000,0.200000,0.300000>
	matrix <0.410350, -0.893629, 0.181770,
		0.053268, 0.222473, 0.973482,
		-0.910371, -0.389786, 0.138894,
		32.025475, 40.279800, 29.297306>
	pigment { color rgbt <0,1,1,0> }
	no_shadow
}
cylinder {
	<32.422848, 40.146519, 29.736223>,  <32.662731, 40.552650, 29.200081>, 0.130000
	pigment { color rgbt <1,0,0,0> }
	no_shadow
}

// nucleotide -1

// particle -1
sphere {
	<32.422848, 40.146519, 29.736223> 0.250000
	pigment { color rgbt <1,0,0,0> }
	no_shadow
}
cylinder {
	<32.393002, 40.390892, 30.051485>,  <32.375095, 40.537518, 30.240643>, 0.100000
	pigment { color rgbt <1,0,0,0> }
	no_shadow
}
cylinder {
	<32.393002, 40.390892, 30.051485>,  <32.422848, 40.146519, 29.736223>, 0.100000
	pigment { color rgbt <1,0,0,0> }
	no_shadow
}

// particle -1
sphere {
	<32.393002, 40.390892, 30.051485> 0.100000
	pigment { color rgbt <1,0,0,0> }
	no_shadow
}
sphere {
	0, 1
	scale<0.080000,0.200000,0.300000>
	matrix <0.098567, -0.781970, 0.615473,
		0.992329, 0.123610, -0.001872,
		-0.074615, 0.610936, 0.788156,
		32.370617, 40.574173, 30.287931>
	pigment { color rgbt <0,1,1,0> }
	no_shadow
}
cylinder {
	<32.911865, 40.124641, 30.413403>,  <32.422848, 40.146519, 29.736223>, 0.130000
	pigment { color rgbt <1,0,0,0> }
	no_shadow
}

// nucleotide -1

// particle -1
sphere {
	<32.911865, 40.124641, 30.413403> 0.250000
	pigment { color rgbt <1,0,0,0> }
	no_shadow
}
cylinder {
	<32.582096, 40.273445, 30.584019>,  <32.384235, 40.362728, 30.686388>, 0.100000
	pigment { color rgbt <1,0,0,0> }
	no_shadow
}
cylinder {
	<32.582096, 40.273445, 30.584019>,  <32.911865, 40.124641, 30.413403>, 0.100000
	pigment { color rgbt <1,0,0,0> }
	no_shadow
}

// particle -1
sphere {
	<32.582096, 40.273445, 30.584019> 0.100000
	pigment { color rgbt <1,0,0,0> }
	no_shadow
}
sphere {
	0, 1
	scale<0.080000,0.200000,0.300000>
	matrix <-0.023057, -0.775093, 0.631426,
		0.565504, 0.510727, 0.647582,
		-0.824423, 0.372005, 0.426543,
		32.334770, 40.385048, 30.711981>
	pigment { color rgbt <0,1,1,0> }
	no_shadow
}
cylinder {
	<33.574368, 40.468189, 30.451746>,  <32.911865, 40.124641, 30.413403>, 0.130000
	pigment { color rgbt <1,0,0,0> }
	no_shadow
}

// nucleotide -1

// particle -1
sphere {
	<33.574368, 40.468189, 30.451746> 0.250000
	pigment { color rgbt <1,0,0,0> }
	no_shadow
}
cylinder {
	<33.802090, 40.572460, 30.763628>,  <33.938721, 40.635021, 30.950758>, 0.100000
	pigment { color rgbt <1,0,0,0> }
	no_shadow
}
cylinder {
	<33.802090, 40.572460, 30.763628>,  <33.574368, 40.468189, 30.451746>, 0.100000
	pigment { color rgbt <1,0,0,0> }
	no_shadow
}

// particle -1
sphere {
	<33.802090, 40.572460, 30.763628> 0.100000
	pigment { color rgbt <1,0,0,0> }
	no_shadow
}
sphere {
	0, 1
	scale<0.080000,0.200000,0.300000>
	matrix <-0.724278, -0.289714, 0.625690,
		0.388993, -0.920931, 0.023866,
		0.569303, 0.260674, 0.779707,
		33.972881, 40.650661, 30.997540>
	pigment { color rgbt <0,1,1,0> }
	no_shadow
}
cylinder {
	<33.580925, 39.858940, 30.908848>,  <33.574368, 40.468189, 30.451746>, 0.130000
	pigment { color rgbt <1,0,0,0> }
	no_shadow
}

// nucleotide -1

// particle -1
sphere {
	<33.580925, 39.858940, 30.908848> 0.250000
	pigment { color rgbt <1,0,0,0> }
	no_shadow
}
cylinder {
	<33.606514, 40.211246, 31.096533>,  <33.621868, 40.422630, 31.209145>, 0.100000
	pigment { color rgbt <1,0,0,0> }
	no_shadow
}
cylinder {
	<33.606514, 40.211246, 31.096533>,  <33.580925, 39.858940, 30.908848>, 0.100000
	pigment { color rgbt <1,0,0,0> }
	no_shadow
}

// particle -1
sphere {
	<33.606514, 40.211246, 31.096533> 0.100000
	pigment { color rgbt <1,0,0,0> }
	no_shadow
}
sphere {
	0, 1
	scale<0.080000,0.200000,0.300000>
	matrix <-0.762302, -0.260312, 0.592565,
		0.644052, -0.395591, 0.654755,
		0.063973, 0.880764, 0.469214,
		33.625706, 40.475475, 31.237297>
	pigment { color rgbt <0,1,1,0> }
	no_shadow
}
cylinder {
	<33.756237, 39.786842, 31.579693>,  <33.580925, 39.858940, 30.908848>, 0.130000
	pigment { color rgbt <1,0,0,0> }
	no_shadow
}

// nucleotide -1

// particle -1
sphere {
	<33.756237, 39.786842, 31.579693> 0.250000
	pigment { color rgbt <1,0,0,0> }
	no_shadow
}
cylinder {
	<33.518486, 40.104137, 31.526789>,  <33.375835, 40.294514, 31.495047>, 0.100000
	pigment { color rgbt <1,0,0,0> }
	no_shadow
}
cylinder {
	<33.518486, 40.104137, 31.526789>,  <33.756237, 39.786842, 31.579693>, 0.100000
	pigment { color rgbt <1,0,0,0> }
	no_shadow
}

// particle -1
sphere {
	<33.518486, 40.104137, 31.526789> 0.100000
	pigment { color rgbt <1,0,0,0> }
	no_shadow
}
sphere {
	0, 1
	scale<0.080000,0.200000,0.300000>
	matrix <-0.572197, -0.301588, 0.762650,
		0.565074, 0.528981, 0.633144,
		-0.594376, 0.793236, -0.132262,
		33.340172, 40.342110, 31.487110>
	pigment { color rgbt <0,1,1,0> }
	no_shadow
}
cylinder {
	<33.681084, 40.019306, 32.165878>,  <33.756237, 39.786842, 31.579693>, 0.130000
	pigment { color rgbt <1,0,0,0> }
	no_shadow
}

// nucleotide -1

// particle -1
sphere {
	<33.681084, 40.019306, 32.165878> 0.250000
	pigment { color rgbt <1,0,0,0> }
	no_shadow
}
cylinder {
	<33.353622, 40.125835, 31.962355>,  <33.157146, 40.189754, 31.840240>, 0.100000
	pigment { color rgbt <1,0,0,0> }
	no_shadow
}
cylinder {
	<33.353622, 40.125835, 31.962355>,  <33.681084, 40.019306, 32.165878>, 0.100000
	pigment { color rgbt <1,0,0,0> }
	no_shadow
}

// particle -1
sphere {
	<33.353622, 40.125835, 31.962355> 0.100000
	pigment { color rgbt <1,0,0,0> }
	no_shadow
}
sphere {
	0, 1
	scale<0.080000,0.200000,0.300000>
	matrix <-0.572488, -0.308250, 0.759762,
		0.045502, 0.913266, 0.404816,
		-0.818649, 0.266323, -0.508808,
		33.108028, 40.205730, 31.809711>
	pigment { color rgbt <0,1,1,0> }
	no_shadow
}
cylinder {
	<33.199112, 40.239902, 32.723755>,  <33.681084, 40.019306, 32.165878>, 0.130000
	pigment { color rgbt <1,0,0,0> }
	no_shadow
}

// nucleotide -1

// particle -1
sphere {
	<33.199112, 40.239902, 32.723755> 0.250000
	pigment { color rgbt <1,0,0,0> }
	no_shadow
}
cylinder {
	<32.938656, 40.195824, 32.423389>,  <32.782383, 40.169376, 32.243172>, 0.100000
	pigment { color rgbt <1,0,0,0> }
	no_shadow
}
cylinder {
	<32.938656, 40.195824, 32.423389>,  <33.199112, 40.239902, 32.723755>, 0.100000
	pigment { color rgbt <1,0,0,0> }
	no_shadow
}

// particle -1
sphere {
	<32.938656, 40.195824, 32.423389> 0.100000
	pigment { color rgbt <1,0,0,0> }
	no_shadow
}
sphere {
	0, 1
	scale<0.080000,0.200000,0.300000>
	matrix <-0.714621, -0.244194, 0.655504,
		-0.255603, 0.963445, 0.080256,
		-0.651140, -0.110197, -0.750915,
		32.743313, 40.162766, 32.198116>
	pigment { color rgbt <0,1,1,0> }
	no_shadow
}
cylinder {
	<32.615292, 40.520817, 33.015499>,  <33.199112, 40.239902, 32.723755>, 0.130000
	pigment { color rgbt <1,0,0,0> }
	no_shadow
}

// nucleotide -1

// particle -1
sphere {
	<32.615292, 40.520817, 33.015499> 0.250000
	pigment { color rgbt <1,0,0,0> }
	no_shadow
}
cylinder {
	<32.465691, 40.335247, 32.694279>,  <32.375931, 40.223904, 32.501545>, 0.100000
	pigment { color rgbt <1,0,0,0> }
	no_shadow
}
cylinder {
	<32.465691, 40.335247, 32.694279>,  <32.615292, 40.520817, 33.015499>, 0.100000
	pigment { color rgbt <1,0,0,0> }
	no_shadow
}

// particle -1
sphere {
	<32.465691, 40.335247, 32.694279> 0.100000
	pigment { color rgbt <1,0,0,0> }
	no_shadow
}
sphere {
	0, 1
	scale<0.080000,0.200000,0.300000>
	matrix <-0.808726, -0.260707, 0.527252,
		-0.453967, 0.846643, -0.277684,
		-0.374000, -0.463925, -0.803055,
		32.353489, 40.196068, 32.453362>
	pigment { color rgbt <0,1,1,0> }
	no_shadow
}
cylinder {
	<31.918301, 40.506580, 33.087082>,  <32.615292, 40.520817, 33.015499>, 0.130000
	pigment { color rgbt <1,0,0,0> }
	no_shadow
}

// nucleotide -1

// particle -1
sphere {
	<31.918301, 40.506580, 33.087082> 0.250000
	pigment { color rgbt <1,0,0,0> }
	no_shadow
}
cylinder {
	<31.956379, 40.212589, 32.818531>,  <31.979225, 40.036194, 32.657402>, 0.100000
	pigment { color rgbt <1,0,0,0> }
	no_shadow
}
cylinder {
	<31.956379, 40.212589, 32.818531>,  <31.918301, 40.506580, 33.087082>, 0.100000
	pigment { color rgbt <1,0,0,0> }
	no_shadow
}

// particle -1
sphere {
	<31.956379, 40.212589, 32.818531> 0.100000
	pigment { color rgbt <1,0,0,0> }
	no_shadow
}
sphere {
	0, 1
	scale<0.080000,0.200000,0.300000>
	matrix <-0.860494, -0.399846, 0.315711,
		-0.500488, 0.547663, -0.670505,
		0.095195, -0.734975, -0.671379,
		31.984938, 39.992096, 32.617119>
	pigment { color rgbt <0,1,1,0> }
	no_shadow
}
cylinder {
	<31.289270, 40.378048, 32.730122>,  <31.918301, 40.506580, 33.087082>, 0.130000
	pigment { color rgbt <1,0,0,0> }
	no_shadow
}

// nucleotide -1

// particle -1
sphere {
	<31.289270, 40.378048, 32.730122> 0.250000
	pigment { color rgbt <1,0,0,0> }
	no_shadow
}
cylinder {
	<31.480467, 40.041271, 32.629997>,  <31.595184, 39.839207, 32.569923>, 0.100000
	pigment { color rgbt <1,0,0,0> }
	no_shadow
}
cylinder {
	<31.480467, 40.041271, 32.629997>,  <31.289270, 40.378048, 32.730122>, 0.100000
	pigment { color rgbt <1,0,0,0> }
	no_shadow
}

// particle -1
sphere {
	<31.480467, 40.041271, 32.629997> 0.100000
	pigment { color rgbt <1,0,0,0> }
	no_shadow
}
sphere {
	0, 1
	scale<0.080000,0.200000,0.300000>
	matrix <-0.855346, -0.510978, 0.085354,
		-0.199768, 0.173307, -0.964395,
		0.477992, -0.841942, -0.250314,
		31.623865, 39.788689, 32.554905>
	pigment { color rgbt <0,1,1,0> }
	no_shadow
}
cylinder {
	<30.758232, 40.002136, 32.339916>,  <31.289270, 40.378048, 32.730122>, 0.130000
	pigment { color rgbt <1,0,0,0> }
	no_shadow
}

// nucleotide -1

// particle -1
sphere {
	<30.758232, 40.002136, 32.339916> 0.250000
	pigment { color rgbt <1,0,0,0> }
	no_shadow
}
cylinder {
	<31.012323, 39.715942, 32.456242>,  <31.164778, 39.544228, 32.526035>, 0.100000
	pigment { color rgbt <1,0,0,0> }
	no_shadow
}
cylinder {
	<31.012323, 39.715942, 32.456242>,  <30.758232, 40.002136, 32.339916>, 0.100000
	pigment { color rgbt <1,0,0,0> }
	no_shadow
}

// particle -1
sphere {
	<31.012323, 39.715942, 32.456242> 0.100000
	pigment { color rgbt <1,0,0,0> }
	no_shadow
}
sphere {
	0, 1
	scale<0.080000,0.200000,0.300000>
	matrix <-0.771490, -0.605352, 0.195838,
		0.035927, -0.348761, -0.936523,
		0.635226, -0.715482, 0.290814,
		31.202890, 39.501297, 32.543488>
	pigment { color rgbt <0,1,1,0> }
	no_shadow
}
cylinder {
	<30.563667, 39.363712, 31.945917>,  <30.758232, 40.002136, 32.339916>, 0.130000
	pigment { color rgbt <1,0,0,0> }
	no_shadow
}

// nucleotide -1

// particle -1
sphere {
	<30.563667, 39.363712, 31.945917> 0.250000
	pigment { color rgbt <1,0,0,0> }
	no_shadow
}
cylinder {
	<30.780598, 39.234184, 32.256020>,  <30.910755, 39.156467, 32.442081>, 0.100000
	pigment { color rgbt <1,0,0,0> }
	no_shadow
}
cylinder {
	<30.780598, 39.234184, 32.256020>,  <30.563667, 39.363712, 31.945917>, 0.100000
	pigment { color rgbt <1,0,0,0> }
	no_shadow
}

// particle -1
sphere {
	<30.780598, 39.234184, 32.256020> 0.100000
	pigment { color rgbt <1,0,0,0> }
	no_shadow
}
sphere {
	0, 1
	scale<0.080000,0.200000,0.300000>
	matrix <-0.679915, -0.711218, 0.178562,
