// switches for output
#declare DRAW_BASES = 1; // possible values are 0, 1; only relevant for DNA ribbons
#declare DRAW_BASES_TYPE = 3; // possible values are 1, 2, 3; only relevant for DNA ribbons
#declare DRAW_FOG = 0; // set to 1 to enable fog

#include "colors.inc"

#include "transforms.inc"
background { rgb <1, 1, 1>}

#default {
   normal{
       ripples 0.25
       frequency 0.20
       turbulence 0.2
       lambda 5
   }
	finish {
		phong 0.1
		phong_size 40.
	}
}

// original window dimensions: 1024x640


// camera settings

camera {
	sky <0, 0.179814, -0.983701>
	up <0, 0.179814, -0.983701>
	right 1.6 * <1, 0, 0>
	location <35, 94.9851, 44.8844>
	look_at <35, 29.7336, 32.9568>
	direction <0, -65.2515, -11.9276>
	angle 67.0682
}


# declare cpy_camera_pos = <35, 94.9851, 44.8844>;
# if (DRAW_FOG = 1)
fog {
	fog_type 2
	up vnormalize(cpy_camera_pos)
	color rgbt<1,1,1,0.3>
	distance 1e-5
	fog_alt 3e-3
	fog_offset 56
}
# end


// LIGHTS

# declare lum = 6;
global_settings {
	ambient_light rgb lum * <0.05, 0.05, 0.05>
	max_trace_level 15
}# declare cpy_direct_light_amount = 0.25;
light_source
{	1000 * <-1, -1.16352, -0.803886>,
	rgb lum * cpy_direct_light_amount
	parallel
}

light_source
{	1000 * <1, 1.16352, 0.803886>,
	rgb lum * cpy_direct_light_amount
	parallel
}

// strand 0

// nucleotide -1

// particle -1
sphere {
	<24.154222, 35.242149, 34.949722> 0.250000
	pigment { color rgbt <1,0,0,0> }
	no_shadow
}
cylinder {
	<24.533922, 35.119225, 34.976532>,  <24.761742, 35.045471, 34.992619>, 0.100000
	pigment { color rgbt <1,0,0,0> }
	no_shadow
}
cylinder {
	<24.533922, 35.119225, 34.976532>,  <24.154222, 35.242149, 34.949722>, 0.100000
	pigment { color rgbt <1,0,0,0> }
	no_shadow
}

// particle -1
sphere {
	<24.533922, 35.119225, 34.976532> 0.100000
	pigment { color rgbt <1,0,0,0> }
	no_shadow
}
sphere {
	0, 1
	scale<0.080000,0.200000,0.300000>
	matrix <0.017366, -0.161560, -0.986710,
		0.314052, 0.937795, -0.148024,
		0.949247, -0.307308, 0.067024,
		24.818697, 35.027031, 34.996639>
	pigment { color rgbt <0,1,1,0> }
	no_shadow
}
cylinder {
	<24.531990, 35.585724, 34.395782>,  <24.154222, 35.242149, 34.949722>, 0.130000
	pigment { color rgbt <1,0,0,0> }
	no_shadow
}

// nucleotide -1

// particle -1
sphere {
	<24.531990, 35.585724, 34.395782> 0.250000
	pigment { color rgbt <1,0,0,0> }
	no_shadow
}
cylinder {
	<24.699324, 35.234486, 34.488689>,  <24.799723, 35.023743, 34.544434>, 0.100000
	pigment { color rgbt <1,0,0,0> }
	no_shadow
}
cylinder {
	<24.699324, 35.234486, 34.488689>,  <24.531990, 35.585724, 34.395782>, 0.100000
	pigment { color rgbt <1,0,0,0> }
	no_shadow
}

// particle -1
sphere {
	<24.699324, 35.234486, 34.488689> 0.100000
	pigment { color rgbt <1,0,0,0> }
	no_shadow
}
sphere {
	0, 1
	scale<0.080000,0.200000,0.300000>
	matrix <0.160778, -0.180095, -0.970421,
		0.893951, 0.443303, 0.065838,
		0.418333, -0.878094, 0.232269,
		24.824823, 34.971058, 34.558369>
	pigment { color rgbt <0,1,1,0> }
	no_shadow
}
cylinder {
	<24.756086, 36.289822, 34.094296>,  <24.531990, 35.585724, 34.395782>, 0.130000
	pigment { color rgbt <1,0,0,0> }
	no_shadow
}

// nucleotide -1

// particle -1
sphere {
	<24.756086, 36.289822, 34.094296> 0.250000
	pigment { color rgbt <1,0,0,0> }
	no_shadow
}
cylinder {
	<24.936310, 36.374508, 34.441208>,  <25.044445, 36.425320, 34.649353>, 0.100000
	pigment { color rgbt <1,0,0,0> }
	no_shadow
}
cylinder {
	<24.936310, 36.374508, 34.441208>,  <24.756086, 36.289822, 34.094296>, 0.100000
	pigment { color rgbt <1,0,0,0> }
	no_shadow
}

// particle -1
sphere {
	<24.936310, 36.374508, 34.441208> 0.100000
	pigment { color rgbt <1,0,0,0> }
	no_shadow
}
sphere {
	0, 1
	scale<0.080000,0.200000,0.300000>
	matrix <0.848156, 0.201671, -0.489857,
		-0.278614, 0.956298, -0.088701,
		0.450561, 0.211713, 0.867279,
		25.071478, 36.438023, 34.701393>
	pigment { color rgbt <0,1,1,0> }
	no_shadow
}
cylinder {
	<24.982098, 36.948242, 34.028786>,  <24.756086, 36.289822, 34.094296>, 0.130000
	pigment { color rgbt <1,0,0,0> }
	no_shadow
}

// nucleotide -1

// particle -1
sphere {
	<24.982098, 36.948242, 34.028786> 0.250000
	pigment { color rgbt <1,0,0,0> }
	no_shadow
}
cylinder {
	<25.169756, 36.671562, 34.248405>,  <25.282351, 36.505554, 34.380177>, 0.100000
	pigment { color rgbt <1,0,0,0> }
	no_shadow
}
cylinder {
	<25.169756, 36.671562, 34.248405>,  <24.982098, 36.948242, 34.028786>, 0.100000
	pigment { color rgbt <1,0,0,0> }
	no_shadow
}

// particle -1
sphere {
	<25.169756, 36.671562, 34.248405> 0.100000
	pigment { color rgbt <1,0,0,0> }
	no_shadow
}
sphere {
	0, 1
	scale<0.080000,0.200000,0.300000>
	matrix <0.839139, 0.155401, -0.521245,
		0.275223, 0.705266, 0.653339,
		0.469146, -0.691701, 0.549046,
		25.310499, 36.464050, 34.413120>
	pigment { color rgbt <0,1,1,0> }
	no_shadow
}
cylinder {
	<25.550463, 37.188286, 34.292835>,  <24.982098, 36.948242, 34.028786>, 0.130000
	pigment { color rgbt <1,0,0,0> }
	no_shadow
}

// nucleotide -1

// particle -1
sphere {
	<25.550463, 37.188286, 34.292835> 0.250000
	pigment { color rgbt <1,0,0,0> }
	no_shadow
}
cylinder {
	<25.626631, 36.796009, 34.275051>,  <25.672333, 36.560642, 34.264381>, 0.100000
	pigment { color rgbt <1,0,0,0> }
	no_shadow
}
cylinder {
	<25.626631, 36.796009, 34.275051>,  <25.550463, 37.188286, 34.292835>, 0.100000
	pigment { color rgbt <1,0,0,0> }
	no_shadow
}

// particle -1
sphere {
	<25.626631, 36.796009, 34.275051> 0.100000
	pigment { color rgbt <1,0,0,0> }
	no_shadow
}
sphere {
	0, 1
	scale<0.080000,0.200000,0.300000>
	matrix <0.772949, 0.177694, -0.609076,
		0.605218, 0.081619, 0.791865,
		0.190422, -0.980695, -0.044457,
		25.683758, 36.501801, 34.261715>
	pigment { color rgbt <0,1,1,0> }
	no_shadow
}
cylinder {
	<26.109293, 36.736084, 34.367695>,  <25.550463, 37.188286, 34.292835>, 0.130000
	pigment { color rgbt <1,0,0,0> }
	no_shadow
}

// nucleotide -1

// particle -1
sphere {
	<26.109293, 36.736084, 34.367695> 0.250000
	pigment { color rgbt <1,0,0,0> }
	no_shadow
}
cylinder {
	<26.398508, 36.625385, 34.114513>,  <26.572037, 36.558968, 33.962605>, 0.100000
	pigment { color rgbt <1,0,0,0> }
	no_shadow
}
cylinder {
	<26.398508, 36.625385, 34.114513>,  <26.109293, 36.736084, 34.367695>, 0.100000
	pigment { color rgbt <1,0,0,0> }
	no_shadow
}

// particle -1
sphere {
	<26.398508, 36.625385, 34.114513> 0.100000
	pigment { color rgbt <1,0,0,0> }
	no_shadow
}
sphere {
	0, 1
	scale<0.080000,0.200000,0.300000>
	matrix <0.319536, 0.946319, -0.048747,
		0.612464, -0.167005, 0.772656,
		0.723038, -0.276747, -0.632951,
		26.615419, 36.542362, 33.924629>
	pigment { color rgbt <0,1,1,0> }
	no_shadow
}
cylinder {
	<26.772161, 36.934700, 34.611813>,  <26.109293, 36.736084, 34.367695>, 0.130000
	pigment { color rgbt <1,0,0,0> }
	no_shadow
}

// nucleotide -1

// particle -1
sphere {
	<26.772161, 36.934700, 34.611813> 0.250000
	pigment { color rgbt <1,0,0,0> }
	no_shadow
}
cylinder {
	<26.856428, 36.906807, 34.221786>,  <26.906988, 36.890072, 33.987770>, 0.100000
	pigment { color rgbt <1,0,0,0> }
	no_shadow
}
cylinder {
	<26.856428, 36.906807, 34.221786>,  <26.772161, 36.934700, 34.611813>, 0.100000
	pigment { color rgbt <1,0,0,0> }
	no_shadow
}

// particle -1
sphere {
	<26.856428, 36.906807, 34.221786> 0.100000
	pigment { color rgbt <1,0,0,0> }
	no_shadow
}
sphere {
	0, 1
	scale<0.080000,0.200000,0.300000>
	matrix <0.433633, 0.900614, 0.029280,
		0.876117, -0.428990, 0.219968,
		0.210667, -0.069733, -0.975067,
		26.919628, 36.885887, 33.929268>
	pigment { color rgbt <0,1,1,0> }
	no_shadow
}
cylinder {
	<27.376322, 37.204453, 34.563362>,  <26.772161, 36.934700, 34.611813>, 0.130000
	pigment { color rgbt <1,0,0,0> }
	no_shadow
}

// nucleotide -1

// particle -1
sphere {
	<27.376322, 37.204453, 34.563362> 0.250000
	pigment { color rgbt <1,0,0,0> }
	no_shadow
}
cylinder {
	<27.249292, 37.230167, 34.184940>,  <27.173075, 37.245598, 33.957890>, 0.100000
	pigment { color rgbt <1,0,0,0> }
	no_shadow
}
cylinder {
	<27.249292, 37.230167, 34.184940>,  <27.376322, 37.204453, 34.563362>, 0.100000
	pigment { color rgbt <1,0,0,0> }
	no_shadow
}

// particle -1
sphere {
	<27.249292, 37.230167, 34.184940> 0.100000
	pigment { color rgbt <1,0,0,0> }
	no_shadow
}
sphere {
	0, 1
	scale<0.080000,0.200000,0.300000>
	matrix <0.266743, 0.963467, -0.024069,
		0.909942, -0.259996, -0.323123,
		-0.317576, 0.064290, -0.946051,
		27.154020, 37.249454, 33.901127>
	pigment { color rgbt <0,1,1,0> }
	no_shadow
}
cylinder {
	<27.871040, 37.727512, 34.206596>,  <27.376322, 37.204453, 34.563362>, 0.130000
	pigment { color rgbt <1,0,0,0> }
	no_shadow
}

// nucleotide -1

// particle -1
sphere {
	<27.871040, 37.727512, 34.206596> 0.250000
	pigment { color rgbt <1,0,0,0> }
	no_shadow
}
cylinder {
	<27.570482, 37.706379, 33.943504>,  <27.390146, 37.693699, 33.785648>, 0.100000
	pigment { color rgbt <1,0,0,0> }
	no_shadow
}
cylinder {
	<27.570482, 37.706379, 33.943504>,  <27.871040, 37.727512, 34.206596>, 0.100000
	pigment { color rgbt <1,0,0,0> }
	no_shadow
}

// particle -1
sphere {
	<27.570482, 37.706379, 33.943504> 0.100000
	pigment { color rgbt <1,0,0,0> }
	no_shadow
}
sphere {
	0, 1
	scale<0.080000,0.200000,0.300000>
	matrix <0.100742, 0.975919, -0.193479,
		0.652114, -0.211640, -0.727980,
		-0.751398, -0.052832, -0.657731,
		27.345062, 37.690529, 33.746185>
	pigment { color rgbt <0,1,1,0> }
	no_shadow
}
cylinder {
	<28.135778, 37.940697, 33.541290>,  <27.871040, 37.727512, 34.206596>, 0.130000
	pigment { color rgbt <1,0,0,0> }
	no_shadow
}

// nucleotide -1

// particle -1
sphere {
	<28.135778, 37.940697, 33.541290> 0.250000
	pigment { color rgbt <1,0,0,0> }
	no_shadow
}
cylinder {
	<27.743029, 37.999512, 33.589119>,  <27.507378, 38.034801, 33.617817>, 0.100000
	pigment { color rgbt <1,0,0,0> }
	no_shadow
}
cylinder {
	<27.743029, 37.999512, 33.589119>,  <28.135778, 37.940697, 33.541290>, 0.100000
	pigment { color rgbt <1,0,0,0> }
	no_shadow
}

// particle -1
sphere {
	<27.743029, 37.999512, 33.589119> 0.100000
	pigment { color rgbt <1,0,0,0> }
	no_shadow
}
sphere {
	0, 1
	scale<0.080000,0.200000,0.300000>
	matrix <0.122027, 0.973228, -0.194774,
		-0.145013, -0.176652, -0.973532,
		-0.981876, 0.147042, 0.119575,
		27.448465, 38.043625, 33.624992>
	pigment { color rgbt <0,1,1,0> }
	no_shadow
}
cylinder {
	<27.943588, 38.565792, 33.119213>,  <28.135778, 37.940697, 33.541290>, 0.130000
	pigment { color rgbt <1,0,0,0> }
	no_shadow
}

// nucleotide -1

// particle -1
sphere {
	<27.943588, 38.565792, 33.119213> 0.250000
	pigment { color rgbt <1,0,0,0> }
	no_shadow
}
cylinder {
	<27.608078, 38.515255, 33.331059>,  <27.406773, 38.484932, 33.458168>, 0.100000
	pigment { color rgbt <1,0,0,0> }
	no_shadow
}
cylinder {
	<27.608078, 38.515255, 33.331059>,  <27.943588, 38.565792, 33.119213>, 0.100000
	pigment { color rgbt <1,0,0,0> }
	no_shadow
}

// particle -1
sphere {
	<27.608078, 38.515255, 33.331059> 0.100000
	pigment { color rgbt <1,0,0,0> }
	no_shadow
}
sphere {
	0, 1
	scale<0.080000,0.200000,0.300000>
	matrix <-0.282585, 0.932456, -0.225102,
		-0.465405, -0.338472, -0.817823,
		-0.838775, -0.126341, 0.529617,
		27.356445, 38.477352, 33.489944>
	pigment { color rgbt <0,1,1,0> }
	no_shadow
}
cylinder {
	<27.414333, 38.703987, 32.693962>,  <27.943588, 38.565792, 33.119213>, 0.130000
	pigment { color rgbt <1,0,0,0> }
	no_shadow
}

// nucleotide -1

// particle -1
sphere {
	<27.414333, 38.703987, 32.693962> 0.250000
	pigment { color rgbt <1,0,0,0> }
	no_shadow
}
cylinder {
	<27.293783, 38.771202, 33.069393>,  <27.221453, 38.811531, 33.294651>, 0.100000
	pigment { color rgbt <1,0,0,0> }
	no_shadow
}
cylinder {
	<27.293783, 38.771202, 33.069393>,  <27.414333, 38.703987, 32.693962>, 0.100000
	pigment { color rgbt <1,0,0,0> }
	no_shadow
}

// particle -1
sphere {
	<27.293783, 38.771202, 33.069393> 0.100000
	pigment { color rgbt <1,0,0,0> }
	no_shadow
}
sphere {
	0, 1
	scale<0.080000,0.200000,0.300000>
	matrix <-0.352246, 0.895097, -0.273358,
		-0.886057, -0.412994, -0.210568,
		-0.301374, 0.168039, 0.938582,
		27.203371, 38.821613, 33.350967>
	pigment { color rgbt <0,1,1,0> }
	no_shadow
}
cylinder {
	<26.789616, 38.945900, 32.676640>,  <27.414333, 38.703987, 32.693962>, 0.130000
	pigment { color rgbt <1,0,0,0> }
	no_shadow
}

// nucleotide -1

// particle -1
sphere {
	<26.789616, 38.945900, 32.676640> 0.250000
	pigment { color rgbt <1,0,0,0> }
	no_shadow
}
cylinder {
	<26.886448, 39.064518, 33.046169>,  <26.944548, 39.135689, 33.267887>, 0.100000
	pigment { color rgbt <1,0,0,0> }
	no_shadow
}
cylinder {
	<26.886448, 39.064518, 33.046169>,  <26.789616, 38.945900, 32.676640>, 0.100000
	pigment { color rgbt <1,0,0,0> }
	no_shadow
}

// particle -1
sphere {
	<26.886448, 39.064518, 33.046169> 0.100000
	pigment { color rgbt <1,0,0,0> }
	no_shadow
}
sphere {
	0, 1
	scale<0.080000,0.200000,0.300000>
	matrix <-0.321993, 0.922742, -0.211818,
		-0.915268, -0.246189, 0.318865,
		0.242083, 0.296542, 0.923828,
		26.959072, 39.153481, 33.323318>
	pigment { color rgbt <0,1,1,0> }
	no_shadow
}
cylinder {
	<26.216745, 39.429237, 32.892879>,  <26.789616, 38.945900, 32.676640>, 0.130000
	pigment { color rgbt <1,0,0,0> }
	no_shadow
}

// nucleotide -1

// particle -1
sphere {
	<26.216745, 39.429237, 32.892879> 0.250000
	pigment { color rgbt <1,0,0,0> }
	no_shadow
}
cylinder {
	<26.494545, 39.537678, 33.159466>,  <26.661224, 39.602741, 33.319416>, 0.100000
	pigment { color rgbt <1,0,0,0> }
	no_shadow
}
cylinder {
	<26.494545, 39.537678, 33.159466>,  <26.216745, 39.429237, 32.892879>, 0.100000
	pigment { color rgbt <1,0,0,0> }
	no_shadow
}

// particle -1
sphere {
	<26.494545, 39.537678, 33.159466> 0.100000
	pigment { color rgbt <1,0,0,0> }
	no_shadow
}
sphere {
	0, 1
	scale<0.080000,0.200000,0.300000>
	matrix <-0.234120, 0.961038, -0.146951,
		-0.680337, -0.053975, 0.730909,
		0.694499, 0.271096, 0.666466,
		26.702894, 39.619007, 33.359406>
	pigment { color rgbt <0,1,1,0> }
	no_shadow
}
cylinder {
	<25.912329, 39.968170, 33.369843>,  <26.216745, 39.429237, 32.892879>, 0.130000
	pigment { color rgbt <1,0,0,0> }
	no_shadow
}

// nucleotide -1

// particle -1
sphere {
	<25.912329, 39.968170, 33.369843> 0.250000
	pigment { color rgbt <1,0,0,0> }
	no_shadow
}
cylinder {
	<26.308489, 40.023094, 33.363510>,  <26.546185, 40.056049, 33.359711>, 0.100000
	pigment { color rgbt <1,0,0,0> }
	no_shadow
}
cylinder {
	<26.308489, 40.023094, 33.363510>,  <25.912329, 39.968170, 33.369843>, 0.100000
	pigment { color rgbt <1,0,0,0> }
	no_shadow
}

// particle -1
sphere {
	<26.308489, 40.023094, 33.363510> 0.100000
	pigment { color rgbt <1,0,0,0> }
	no_shadow
}
sphere {
	0, 1
	scale<0.080000,0.200000,0.300000>
	matrix <-0.138190, 0.986143, -0.091789,
		0.003008, 0.093096, 0.995653,
		0.990401, 0.137314, -0.015832,
		26.605610, 40.064289, 33.358761>
	pigment { color rgbt <0,1,1,0> }
	no_shadow
}
cylinder {
	<26.019339, 40.544308, 33.768829>,  <25.912329, 39.968170, 33.369843>, 0.130000
	pigment { color rgbt <1,0,0,0> }
	no_shadow
}

// nucleotide -1

// particle -1
sphere {
	<26.019339, 40.544308, 33.768829> 0.250000
	pigment { color rgbt <1,0,0,0> }
	no_shadow
}
cylinder {
	<26.348471, 40.495106, 33.546906>,  <26.545950, 40.465584, 33.413750>, 0.100000
	pigment { color rgbt <1,0,0,0> }
	no_shadow
}
cylinder {
	<26.348471, 40.495106, 33.546906>,  <26.019339, 40.544308, 33.768829>, 0.100000
	pigment { color rgbt <1,0,0,0> }
	no_shadow
}

// particle -1
sphere {
	<26.348471, 40.495106, 33.546906> 0.100000
	pigment { color rgbt <1,0,0,0> }
	no_shadow
}
sphere {
	0, 1
	scale<0.080000,0.200000,0.300000>
	matrix <0.091141, 0.992220, -0.084808,
		0.560928, 0.019217, 0.827641,
		0.822832, -0.123004, -0.554813,
		26.595320, 40.458206, 33.380463>
	pigment { color rgbt <0,1,1,0> }
	no_shadow
}
cylinder {
	<26.480181, 41.053696, 33.958740>,  <26.019339, 40.544308, 33.768829>, 0.130000
	pigment { color rgbt <1,0,0,0> }
	no_shadow
}

// nucleotide -1

// particle -1
sphere {
	<26.480181, 41.053696, 33.958740> 0.250000
	pigment { color rgbt <1,0,0,0> }
	no_shadow
}
cylinder {
	<26.610617, 40.950569, 33.594940>,  <26.688877, 40.888695, 33.376659>, 0.100000
	pigment { color rgbt <1,0,0,0> }
	no_shadow
}
cylinder {
	<26.610617, 40.950569, 33.594940>,  <26.480181, 41.053696, 33.958740>, 0.100000
	pigment { color rgbt <1,0,0,0> }
	no_shadow
}

// particle -1
sphere {
	<26.610617, 40.950569, 33.594940> 0.100000
	pigment { color rgbt <1,0,0,0> }
	no_shadow
}
sphere {
	0, 1
	scale<0.080000,0.200000,0.300000>
	matrix <0.250483, 0.951269, -0.179848,
		0.911551, -0.169169, 0.374775,
		0.326088, -0.257815, -0.909504,
		26.708443, 40.873226, 33.322090>
	pigment { color rgbt <0,1,1,0> }
	no_shadow
}
cylinder {
	<27.037783, 41.589771, 33.876427>,  <26.480181, 41.053696, 33.958740>, 0.130000
	pigment { color rgbt <1,0,0,0> }
	no_shadow
}

// nucleotide -1

// particle -1
sphere {
	<27.037783, 41.589771, 33.876427> 0.250000
	pigment { color rgbt <1,0,0,0> }
	no_shadow
}
cylinder {
	<26.963091, 41.446419, 33.510544>,  <26.918276, 41.360409, 33.291012>, 0.100000
	pigment { color rgbt <1,0,0,0> }
	no_shadow
}
cylinder {
	<26.963091, 41.446419, 33.510544>,  <27.037783, 41.589771, 33.876427>, 0.100000
	pigment { color rgbt <1,0,0,0> }
	no_shadow
}

// particle -1
sphere {
	<26.963091, 41.446419, 33.510544> 0.100000
	pigment { color rgbt <1,0,0,0> }
	no_shadow
}
sphere {
	0, 1
	scale<0.080000,0.200000,0.300000>
	matrix <0.255376, 0.881372, -0.397451,
		0.948639, -0.307811, -0.073055,
		-0.186729, -0.358381, -0.914711,
		26.907072, 41.338905, 33.236130>
	pigment { color rgbt <0,1,1,0> }
	no_shadow
}
cylinder {
	<27.472452, 41.993763, 33.524754>,  <27.037783, 41.589771, 33.876427>, 0.130000
	pigment { color rgbt <1,0,0,0> }
	no_shadow
}

// nucleotide -1

// particle -1
sphere {
	<27.472452, 41.993763, 33.524754> 0.250000
	pigment { color rgbt <1,0,0,0> }
	no_shadow
}
cylinder {
	<27.233278, 41.831524, 33.248215>,  <27.089775, 41.734180, 33.082291>, 0.100000
	pigment { color rgbt <1,0,0,0> }
	no_shadow
}
cylinder {
	<27.233278, 41.831524, 33.248215>,  <27.472452, 41.993763, 33.524754>, 0.100000
	pigment { color rgbt <1,0,0,0> }
	no_shadow
}

// particle -1
sphere {
	<27.233278, 41.831524, 33.248215> 0.100000
	pigment { color rgbt <1,0,0,0> }
	no_shadow
}
sphere {
	0, 1
	scale<0.080000,0.200000,0.300000>
	matrix <0.075658, 0.830109, -0.552445,
		0.797964, -0.382633, -0.465666,
		-0.597937, -0.405600, -0.691346,
		27.053898, 41.709843, 33.040810>
	pigment { color rgbt <0,1,1,0> }
	no_shadow
}
cylinder {
	<27.754667, 41.984688, 32.756229>,  <27.472452, 41.993763, 33.524754>, 0.130000
	pigment { color rgbt <1,0,0,0> }
	no_shadow
}

// nucleotide -1

// particle -1
sphere {
	<27.754667, 41.984688, 32.756229> 0.250000
	pigment { color rgbt <1,0,0,0> }
	no_shadow
}
cylinder {
	<27.355827, 41.969318, 32.729961>,  <27.116524, 41.960094, 32.714199>, 0.100000
	pigment { color rgbt <1,0,0,0> }
	no_shadow
}
cylinder {
	<27.355827, 41.969318, 32.729961>,  <27.754667, 41.984688, 32.756229>, 0.100000
	pigment { color rgbt <1,0,0,0> }
	no_shadow
}

// particle -1
sphere {
	<27.355827, 41.969318, 32.729961> 0.100000
	pigment { color rgbt <1,0,0,0> }
	no_shadow
}
sphere {
	0, 1
	scale<0.080000,0.200000,0.300000>
	matrix <0.014768, 0.748929, -0.662486,
		0.074639, -0.661535, -0.746191,
		-0.997101, -0.038427, -0.065668,
		27.056698, 41.957790, 32.710262>
	pigment { color rgbt <0,1,1,0> }
	no_shadow
}
cylinder {
	<27.473608, 42.024460, 32.109776>,  <27.754667, 41.984688, 32.756229>, 0.130000
	pigment { color rgbt <1,0,0,0> }
	no_shadow
}

// nucleotide -1

// particle -1
sphere {
	<27.473608, 42.024460, 32.109776> 0.250000
	pigment { color rgbt <1,0,0,0> }
	no_shadow
}
cylinder {
	<27.163841, 42.177490, 32.311333>,  <26.977982, 42.269310, 32.432266>, 0.100000
	pigment { color rgbt <1,0,0,0> }
	no_shadow
}
cylinder {
	<27.163841, 42.177490, 32.311333>,  <27.473608, 42.024460, 32.109776>, 0.100000
	pigment { color rgbt <1,0,0,0> }
	no_shadow
}

// particle -1
sphere {
	<27.163841, 42.177490, 32.311333> 0.100000
	pigment { color rgbt <1,0,0,0> }
	no_shadow
}
sphere {
	0, 1
	scale<0.080000,0.200000,0.300000>
	matrix <-0.012607, 0.786964, -0.616869,
		-0.632550, -0.484067, -0.604616,
		-0.774417, 0.382578, 0.503897,
		26.931517, 42.292263, 32.462502>
	pigment { color rgbt <0,1,1,0> }
	no_shadow
}
cylinder {
	<27.151846, 42.407139, 31.614395>,  <27.473608, 42.024460, 32.109776>, 0.130000
	pigment { color rgbt <1,0,0,0> }
	no_shadow
}

// nucleotide -1

// particle -1
sphere {
	<27.151846, 42.407139, 31.614395> 0.250000
	pigment { color rgbt <1,0,0,0> }
	no_shadow
}
cylinder {
	<26.945326, 42.533195, 31.932920>,  <26.821413, 42.608829, 32.124035>, 0.100000
	pigment { color rgbt <1,0,0,0> }
	no_shadow
}
cylinder {
	<26.945326, 42.533195, 31.932920>,  <27.151846, 42.407139, 31.614395>, 0.100000
	pigment { color rgbt <1,0,0,0> }
	no_shadow
}

// particle -1
sphere {
	<26.945326, 42.533195, 31.932920> 0.100000
	pigment { color rgbt <1,0,0,0> }
	no_shadow
}
sphere {
	0, 1
	scale<0.080000,0.200000,0.300000>
	matrix <-0.258511, 0.829109, -0.495733,
		-0.816458, -0.461804, -0.346602,
		-0.516302, 0.315145, 0.796314,
		26.790436, 42.627739, 32.171814>
	pigment { color rgbt <0,1,1,0> }
	no_shadow
}
cylinder {
	<26.492685, 42.633209, 31.356930>,  <27.151846, 42.407139, 31.614395>, 0.130000
	pigment { color rgbt <1,0,0,0> }
	no_shadow
}

// nucleotide -1

// particle -1
sphere {
	<26.492685, 42.633209, 31.356930> 0.250000
	pigment { color rgbt <1,0,0,0> }
	no_shadow
}
cylinder {
	<26.559896, 42.803017, 31.712807>,  <26.600224, 42.904900, 31.926332>, 0.100000
	pigment { color rgbt <1,0,0,0> }
	no_shadow
}
cylinder {
	<26.559896, 42.803017, 31.712807>,  <26.492685, 42.633209, 31.356930>, 0.100000
	pigment { color rgbt <1,0,0,0> }
	no_shadow
}

// particle -1
sphere {
	<26.559896, 42.803017, 31.712807> 0.100000
	pigment { color rgbt <1,0,0,0> }
	no_shadow
}
sphere {
	0, 1
	scale<0.080000,0.200000,0.300000>
	matrix <-0.092080, 0.905336, -0.414593,
		-0.981472, -0.012259, 0.191213,
		0.168030, 0.424519, 0.889691,
		26.610306, 42.930374, 31.979713>
	pigment { color rgbt <0,1,1,0> }
	no_shadow
}
cylinder {
	<25.910221, 43.163483, 31.429729>,  <26.492685, 42.633209, 31.356930>, 0.130000
	pigment { color rgbt <1,0,0,0> }
	no_shadow
}

// nucleotide -1

// particle -1
sphere {
	<25.910221, 43.163483, 31.429729> 0.250000
	pigment { color rgbt <1,0,0,0> }
	no_shadow
}
cylinder {
	<26.225079, 43.263195, 31.655388>,  <26.413994, 43.323021, 31.790783>, 0.100000
	pigment { color rgbt <1,0,0,0> }
	no_shadow
}
cylinder {
	<26.225079, 43.263195, 31.655388>,  <25.910221, 43.163483, 31.429729>, 0.100000
	pigment { color rgbt <1,0,0,0> }
	no_shadow
}

// particle -1
sphere {
	<26.225079, 43.263195, 31.655388> 0.100000
	pigment { color rgbt <1,0,0,0> }
	no_shadow
}
sphere {
	0, 1
	scale<0.080000,0.200000,0.300000>
	matrix <-0.110512, 0.956885, -0.268624,
		-0.606786, 0.149101, 0.780756,
		0.787145, 0.249280, 0.564147,
		26.461222, 43.337978, 31.824633>
	pigment { color rgbt <0,1,1,0> }
	no_shadow
}
cylinder {
	<25.747334, 43.762177, 31.833244>,  <25.910221, 43.163483, 31.429729>, 0.130000
	pigment { color rgbt <1,0,0,0> }
	no_shadow
}

// nucleotide -1

// particle -1
sphere {
	<25.747334, 43.762177, 31.833244> 0.250000
	pigment { color rgbt <1,0,0,0> }
	no_shadow
}
cylinder {
	<26.143627, 43.737984, 31.784595>,  <26.381403, 43.723469, 31.755405>, 0.100000
	pigment { color rgbt <1,0,0,0> }
	no_shadow
}
cylinder {
	<26.143627, 43.737984, 31.784595>,  <25.747334, 43.762177, 31.833244>, 0.100000
	pigment { color rgbt <1,0,0,0> }
	no_shadow
}

// particle -1
sphere {
	<26.143627, 43.737984, 31.784595> 0.100000
	pigment { color rgbt <1,0,0,0> }
	no_shadow
}
sphere {
	0, 1
	scale<0.080000,0.200000,0.300000>
	matrix <0.035927, 0.980187, -0.194789,
		0.130994, 0.188614, 0.973276,
		0.990732, -0.060483, -0.121622,
		26.440847, 43.719837, 31.748108>
	pigment { color rgbt <0,1,1,0> }
	no_shadow
}
cylinder {
	<26.102777, 44.258293, 32.406986>,  <25.747334, 43.762177, 31.833244>, 0.130000
	pigment { color rgbt <1,0,0,0> }
	no_shadow
}

// nucleotide -1

// particle -1
sphere {
	<26.102777, 44.258293, 32.406986> 0.250000
	pigment { color rgbt <1,0,0,0> }
	no_shadow
}
cylinder {
	<26.284946, 44.156483, 32.065739>,  <26.394247, 44.095394, 31.860991>, 0.100000
	pigment { color rgbt <1,0,0,0> }
	no_shadow
}
cylinder {
	<26.284946, 44.156483, 32.065739>,  <26.102777, 44.258293, 32.406986>, 0.100000
	pigment { color rgbt <1,0,0,0> }
	no_shadow
}

// particle -1
sphere {
	<26.284946, 44.156483, 32.065739> 0.100000
	pigment { color rgbt <1,0,0,0> }
	no_shadow
}
sphere {
	0, 1
	scale<0.080000,0.200000,0.300000>
	matrix <0.012454, 0.959987, -0.279767,
		0.890189, 0.116787, 0.440368,
		0.455421, -0.254530, -0.853116,
		26.421574, 44.080124, 31.809803>
	pigment { color rgbt <0,1,1,0> }
	no_shadow
}
cylinder {
	<26.715267, 44.663151, 32.434116>,  <26.102777, 44.258293, 32.406986>, 0.130000
	pigment { color rgbt <1,0,0,0> }
	no_shadow
}

// nucleotide -1

// particle -1
sphere {
	<26.715267, 44.663151, 32.434116> 0.250000
	pigment { color rgbt <1,0,0,0> }
	no_shadow
}
cylinder {
	<26.561768, 44.578484, 32.074574>,  <26.469667, 44.527683, 31.858849>, 0.100000
	pigment { color rgbt <1,0,0,0> }
	no_shadow
}
cylinder {
	<26.561768, 44.578484, 32.074574>,  <26.715267, 44.663151, 32.434116>, 0.100000
	pigment { color rgbt <1,0,0,0> }
	no_shadow
}

// particle -1
sphere {
	<26.561768, 44.578484, 32.074574> 0.100000
	pigment { color rgbt <1,0,0,0> }
	no_shadow
}
sphere {
	0, 1
	scale<0.080000,0.200000,0.300000>
	matrix <0.013461, 0.971991, -0.234633,
		0.923340, -0.102139, -0.370151,
		-0.383748, -0.211664, -0.898852,
		26.446644, 44.514984, 31.804918>
	pigment { color rgbt <0,1,1,0> }
	no_shadow
}
cylinder {
	<27.230446, 44.909851, 33.026131>,  <26.715267, 44.663151, 32.434116>, 0.130000
	pigment { color rgbt <1,0,0,0> }
	no_shadow
}

// nucleotide -1

// particle -1
sphere {
	<27.230446, 44.909851, 33.026131> 0.250000
	pigment { color rgbt <1,0,0,0> }
	no_shadow
}
cylinder {
	<27.579554, 44.774990, 32.884930>,  <27.789019, 44.694073, 32.800209>, 0.100000
	pigment { color rgbt <1,0,0,0> }
	no_shadow
}
cylinder {
	<27.579554, 44.774990, 32.884930>,  <27.230446, 44.909851, 33.026131>, 0.100000
	pigment { color rgbt <1,0,0,0> }
	no_shadow
}

// particle -1
sphere {
	<27.579554, 44.774990, 32.884930> 0.100000
	pigment { color rgbt <1,0,0,0> }
	no_shadow
}
sphere {
	0, 1
	scale<0.080000,0.200000,0.300000>
	matrix <0.287302, 0.939427, -0.186908,
		0.394633, 0.061710, 0.916764,
		0.872767, -0.337149, -0.352999,
		27.841383, 44.673847, 32.779030>
	pigment { color rgbt <0,1,1,0> }
	no_shadow
}
cylinder {
	<27.771523, 45.465645, 33.076454>,  <27.230446, 44.909851, 33.026131>, 0.130000
	pigment { color rgbt <1,0,0,0> }
	no_shadow
}

// nucleotide -1

// particle -1
sphere {
	<27.771523, 45.465645, 33.076454> 0.250000
	pigment { color rgbt <1,0,0,0> }
	no_shadow
}
cylinder {
	<27.951645, 45.256336, 32.787064>,  <28.059719, 45.130753, 32.613430>, 0.100000
	pigment { color rgbt <1,0,0,0> }
	no_shadow
}
cylinder {
	<27.951645, 45.256336, 32.787064>,  <27.771523, 45.465645, 33.076454>, 0.100000
	pigment { color rgbt <1,0,0,0> }
	no_shadow
}

// particle -1
sphere {
	<27.951645, 45.256336, 32.787064> 0.100000
	pigment { color rgbt <1,0,0,0> }
	no_shadow
}
sphere {
	0, 1
	scale<0.080000,0.200000,0.300000>
	matrix <0.452846, 0.832174, -0.320026,
		0.769516, -0.183513, 0.611693,
		0.450306, -0.523268, -0.723475,
		28.086737, 45.099358, 32.570023>
	pigment { color rgbt <0,1,1,0> }
	no_shadow
}
cylinder {
	<28.572971, 45.560932, 33.025463>,  <27.771523, 45.465645, 33.076454>, 0.130000
	pigment { color rgbt <1,0,0,0> }
	no_shadow
}

// nucleotide -1

// particle -1
sphere {
	<28.572971, 45.560932, 33.025463> 0.250000
	pigment { color rgbt <1,0,0,0> }
	no_shadow
}
cylinder {
	<28.402214, 45.498486, 32.669174>,  <28.299759, 45.461018, 32.455399>, 0.100000
	pigment { color rgbt <1,0,0,0> }
	no_shadow
}
cylinder {
	<28.402214, 45.498486, 32.669174>,  <28.572971, 45.560932, 33.025463>, 0.100000
	pigment { color rgbt <1,0,0,0> }
	no_shadow
}

// particle -1
sphere {
	<28.402214, 45.498486, 32.669174> 0.100000
	pigment { color rgbt <1,0,0,0> }
	no_shadow
}
sphere {
	0, 1
	scale<0.080000,0.200000,0.300000>
	matrix <0.346390, 0.881630, -0.320533,
		0.835328, -0.445372, -0.322288,
		-0.426896, -0.156113, -0.890724,
		28.274145, 45.451653, 32.401958>
	pigment { color rgbt <0,1,1,0> }
	no_shadow
}
cylinder {
	<29.072617, 45.450172, 32.473854>,  <28.572971, 45.560932, 33.025463>, 0.130000
	pigment { color rgbt <1,0,0,0> }
	no_shadow
}

// nucleotide -1

// particle -1
sphere {
	<29.072617, 45.450172, 32.473854> 0.250000
	pigment { color rgbt <1,0,0,0> }
	no_shadow
}
cylinder {
	<28.727381, 45.619934, 32.364342>,  <28.520239, 45.721790, 32.298634>, 0.100000
	pigment { color rgbt <1,0,0,0> }
	no_shadow
}
cylinder {
	<28.727381, 45.619934, 32.364342>,  <29.072617, 45.450172, 32.473854>, 0.100000
	pigment { color rgbt <1,0,0,0> }
	no_shadow
}

// particle -1
sphere {
	<28.727381, 45.619934, 32.364342> 0.100000
	pigment { color rgbt <1,0,0,0> }
	no_shadow
}
sphere {
	0, 1
	scale<0.080000,0.200000,0.300000>
	matrix <0.497122, 0.809570, -0.312194,
		0.089146, -0.405553, -0.909714,
		-0.863089, 0.424408, -0.273780,
		28.468454, 45.747257, 32.282207>
	pigment { color rgbt <0,1,1,0> }
	no_shadow
}
cylinder {
	<29.058725, 44.860413, 32.019981>,  <29.072617, 45.450172, 32.473854>, 0.130000
	pigment { color rgbt <1,0,0,0> }
	no_shadow
}

// nucleotide -1

// particle -1
sphere {
	<29.058725, 44.860413, 32.019981> 0.250000
	pigment { color rgbt <1,0,0,0> }
	no_shadow
}
cylinder {
	<29.328270, 44.920494, 31.730610>,  <29.489998, 44.956543, 31.556988>, 0.100000
	pigment { color rgbt <1,0,0,0> }
	no_shadow
}
cylinder {
	<29.328270, 44.920494, 31.730610>,  <29.058725, 44.860413, 32.019981>, 0.100000
	pigment { color rgbt <1,0,0,0> }
	no_shadow
}

// particle -1
sphere {
	<29.328270, 44.920494, 31.730610> 0.100000
	pigment { color rgbt <1,0,0,0> }
	no_shadow
}
sphere {
	0, 1
	scale<0.080000,0.200000,0.300000>
	matrix <0.431591, -0.874729, 0.220403,
		-0.599698, -0.460746, -0.654274,
		0.673863, 0.150204, -0.723428,
		29.530428, 44.965557, 31.513582>
	pigment { color rgbt <0,1,1,0> }
	no_shadow
}
cylinder {
	<29.012396, 44.395710, 31.401592>,  <29.058725, 44.860413, 32.019981>, 0.130000
	pigment { color rgbt <1,0,0,0> }
	no_shadow
}

// nucleotide -1

// particle -1
sphere {
	<29.012396, 44.395710, 31.401592> 0.250000
	pigment { color rgbt <1,0,0,0> }
	no_shadow
}
cylinder {
	<29.375305, 44.525730, 31.508324>,  <29.593052, 44.603741, 31.572363>, 0.100000
	pigment { color rgbt <1,0,0,0> }
	no_shadow
}
cylinder {
	<29.375305, 44.525730, 31.508324>,  <29.012396, 44.395710, 31.401592>, 0.100000
	pigment { color rgbt <1,0,0,0> }
	no_shadow
}

// particle -1
sphere {
	<29.375305, 44.525730, 31.508324> 0.100000
	pigment { color rgbt <1,0,0,0> }
	no_shadow
}
sphere {
	0, 1
	scale<0.080000,0.200000,0.300000>
	matrix <0.283799, -0.941471, 0.181907,
		0.310341, -0.089313, -0.946421,
		0.907275, 0.325046, 0.266830,
		29.647488, 44.623245, 31.588373>
	pigment { color rgbt <0,1,1,0> }
	no_shadow
}
cylinder {
	<29.707447, 44.154686, 30.959682>,  <29.012396, 44.395710, 31.401592>, 0.130000
	pigment { color rgbt <1,0,0,0> }
	no_shadow
}

// nucleotide -1

// particle -1
sphere {
	<29.707447, 44.154686, 30.959682> 0.250000
	pigment { color rgbt <1,0,0,0> }
	no_shadow
}
cylinder {
	<29.766886, 44.206429, 31.351843>,  <29.802549, 44.237476, 31.587139>, 0.100000
	pigment { color rgbt <1,0,0,0> }
	no_shadow
}
cylinder {
	<29.766886, 44.206429, 31.351843>,  <29.707447, 44.154686, 30.959682>, 0.100000
	pigment { color rgbt <1,0,0,0> }
	no_shadow
}

// particle -1
sphere {
	<29.766886, 44.206429, 31.351843> 0.100000
	pigment { color rgbt <1,0,0,0> }
	no_shadow
}
sphere {
	0, 1
	scale<0.080000,0.200000,0.300000>
	matrix <0.314651, -0.946068, 0.077137,
		0.937504, 0.297022, -0.181285,
		0.148597, 0.129358, 0.980401,
		29.811464, 44.245235, 31.645964>
	pigment { color rgbt <0,1,1,0> }
	no_shadow
}
cylinder {
	<30.316160, 43.859402, 31.093588>,  <29.707447, 44.154686, 30.959682>, 0.130000
	pigment { color rgbt <1,0,0,0> }
	no_shadow
}

// nucleotide -1

// particle -1
sphere {
	<30.316160, 43.859402, 31.093588> 0.250000
	pigment { color rgbt <1,0,0,0> }
	no_shadow
}
cylinder {
	<30.097836, 43.858215, 31.428749>,  <29.966841, 43.857502, 31.629847>, 0.100000
	pigment { color rgbt <1,0,0,0> }
	no_shadow
}
cylinder {
	<30.097836, 43.858215, 31.428749>,  <30.316160, 43.859402, 31.093588>, 0.100000
	pigment { color rgbt <1,0,0,0> }
	no_shadow
}

// particle -1
sphere {
	<30.097836, 43.858215, 31.428749> 0.100000
	pigment { color rgbt <1,0,0,0> }
	no_shadow
}
sphere {
	0, 1
	scale<0.080000,0.200000,0.300000>
	matrix <0.305324, -0.931945, 0.195590,
		0.780300, 0.362588, 0.509571,
		-0.545811, -0.002965, 0.837903,
		29.934092, 43.857327, 31.680120>
	pigment { color rgbt <0,1,1,0> }
	no_shadow
}
cylinder {
	<30.631634, 43.660572, 31.726107>,  <30.316160, 43.859402, 31.093588>, 0.130000
	pigment { color rgbt <1,0,0,0> }
	no_shadow
}

// nucleotide -1

// particle -1
sphere {
	<30.631634, 43.660572, 31.726107> 0.250000
	pigment { color rgbt <1,0,0,0> }
	no_shadow
}
cylinder {
	<30.248390, 43.571960, 31.798716>,  <30.018444, 43.518791, 31.842281>, 0.100000
	pigment { color rgbt <1,0,0,0> }
	no_shadow
}
cylinder {
	<30.248390, 43.571960, 31.798716>,  <30.631634, 43.660572, 31.726107>, 0.100000
	pigment { color rgbt <1,0,0,0> }
	no_shadow
}

// particle -1
sphere {
	<30.248390, 43.571960, 31.798716> 0.100000
	pigment { color rgbt <1,0,0,0> }
	no_shadow
}
sphere {
	0, 1
	scale<0.080000,0.200000,0.300000>
	matrix <0.250404, -0.955576, 0.155476,
		0.139014, 0.194416, 0.971019,
		-0.958109, -0.221534, 0.181521,
		29.960957, 43.505501, 31.853172>
	pigment { color rgbt <0,1,1,0> }
	no_shadow
}
cylinder {
	<30.557522, 43.265873, 32.379871>,  <30.631634, 43.660572, 31.726107>, 0.130000
	pigment { color rgbt <1,0,0,0> }
	no_shadow
}

// nucleotide -1

// particle -1
sphere {
	<30.557522, 43.265873, 32.379871> 0.250000
	pigment { color rgbt <1,0,0,0> }
	no_shadow
}
cylinder {
	<30.207729, 43.206535, 32.195145>,  <29.997854, 43.170933, 32.084309>, 0.100000
	pigment { color rgbt <1,0,0,0> }
	no_shadow
}
cylinder {
	<30.207729, 43.206535, 32.195145>,  <30.557522, 43.265873, 32.379871>, 0.100000
	pigment { color rgbt <1,0,0,0> }
	no_shadow
}

// particle -1
sphere {
	<30.207729, 43.206535, 32.195145> 0.100000
	pigment { color rgbt <1,0,0,0> }
	no_shadow
}
sphere {
	0, 1
	scale<0.080000,0.200000,0.300000>
	matrix <0.019771, -0.962196, 0.271638,
		-0.484657, 0.228411, 0.844355,
		-0.874481, -0.148345, -0.461819,
		29.945385, 43.162033, 32.056599>
	pigment { color rgbt <0,1,1,0> }
	no_shadow
}
cylinder {
	<30.133253, 42.965099, 32.888821>,  <30.557522, 43.265873, 32.379871>, 0.130000
	pigment { color rgbt <1,0,0,0> }
	no_shadow
}

// nucleotide -1

// particle -1
sphere {
	<30.133253, 42.965099, 32.888821> 0.250000
	pigment { color rgbt <1,0,0,0> }
	no_shadow
}
cylinder {
	<29.976633, 42.882408, 32.530167>,  <29.882662, 42.832794, 32.314976>, 0.100000
	pigment { color rgbt <1,0,0,0> }
	no_shadow
}
cylinder {
	<29.976633, 42.882408, 32.530167>,  <30.133253, 42.965099, 32.888821>, 0.100000
	pigment { color rgbt <1,0,0,0> }
	no_shadow
}

// particle -1
sphere {
	<29.976633, 42.882408, 32.530167> 0.100000
	pigment { color rgbt <1,0,0,0> }
	no_shadow
}
sphere {
	0, 1
	scale<0.080000,0.200000,0.300000>
	matrix <0.091364, -0.978356, 0.185668,
		-0.915610, -0.009222, 0.401961,
		-0.391549, -0.206724, -0.896635,
		29.859169, 42.820393, 32.261177>
	pigment { color rgbt <0,1,1,0> }
	no_shadow
}
cylinder {
	<29.729593, 42.386711, 32.939861>,  <30.133253, 42.965099, 32.888821>, 0.130000
	pigment { color rgbt <1,0,0,0> }
	no_shadow
}

// nucleotide -1

// particle -1
sphere {
	<29.729593, 42.386711, 32.939861> 0.250000
	pigment { color rgbt <1,0,0,0> }
	no_shadow
}
cylinder {
	<29.761116, 42.369553, 32.541473>,  <29.780029, 42.359257, 32.302441>, 0.100000
	pigment { color rgbt <1,0,0,0> }
	no_shadow
}
cylinder {
	<29.761116, 42.369553, 32.541473>,  <29.729593, 42.386711, 32.939861>, 0.100000
	pigment { color rgbt <1,0,0,0> }
	no_shadow
}

// particle -1
sphere {
	<29.761116, 42.369553, 32.541473> 0.100000
	pigment { color rgbt <1,0,0,0> }
	no_shadow
}
sphere {
	0, 1
	scale<0.080000,0.200000,0.300000>
	matrix <-0.013160, -0.999032, 0.041983,
		-0.996803, 0.009799, -0.079294,
		0.078806, -0.042892, -0.995967,
		29.784758, 42.356686, 32.242683>
	pigment { color rgbt <0,1,1,0> }
	no_shadow
}
cylinder {
	<29.290325, 41.879528, 32.736378>,  <29.729593, 42.386711, 32.939861>, 0.130000
	pigment { color rgbt <1,0,0,0> }
	no_shadow
}

// nucleotide -1

// particle -1
sphere {
	<29.290325, 41.879528, 32.736378> 0.250000
	pigment { color rgbt <1,0,0,0> }
	no_shadow
}
cylinder {
	<29.551718, 41.899868, 32.434284>,  <29.708553, 41.912071, 32.253029>, 0.100000
	pigment { color rgbt <1,0,0,0> }
	no_shadow
}
cylinder {
	<29.551718, 41.899868, 32.434284>,  <29.290325, 41.879528, 32.736378>, 0.100000
	pigment { color rgbt <1,0,0,0> }
	no_shadow
}

// particle -1
sphere {
	<29.551718, 41.899868, 32.434284> 0.100000
	pigment { color rgbt <1,0,0,0> }
	no_shadow
}
sphere {
	0, 1
	scale<0.080000,0.200000,0.300000>
	matrix <-0.002036, -0.997620, -0.068926,
		-0.756939, 0.046579, -0.651823,
		0.653482, 0.050845, -0.755232,
		29.747763, 41.915123, 32.207714>
	pigment { color rgbt <0,1,1,0> }
	no_shadow
}
cylinder {
	<29.063593, 41.364479, 32.358719>,  <29.290325, 41.879528, 32.736378>, 0.130000
	pigment { color rgbt <1,0,0,0> }
	no_shadow
}

// nucleotide -1

// particle -1
sphere {
	<29.063593, 41.364479, 32.358719> 0.250000
	pigment { color rgbt <1,0,0,0> }
	no_shadow
}
cylinder {
	<29.446087, 41.431328, 32.262650>,  <29.675583, 41.471436, 32.205009>, 0.100000
	pigment { color rgbt <1,0,0,0> }
	no_shadow
}
cylinder {
	<29.446087, 41.431328, 32.262650>,  <29.063593, 41.364479, 32.358719>, 0.100000
	pigment { color rgbt <1,0,0,0> }
	no_shadow
}

// particle -1
sphere {
	<29.446087, 41.431328, 32.262650> 0.100000
	pigment { color rgbt <1,0,0,0> }
	no_shadow
}
sphere {
	0, 1
	scale<0.080000,0.200000,0.300000>
	matrix <0.188722, -0.979548, 0.069787,
		-0.223595, -0.112059, -0.968219,
		0.956237, 0.167120, -0.240169,
		29.732958, 41.481464, 32.190598>
	pigment { color rgbt <0,1,1,0> }
	no_shadow
}
cylinder {
	<29.176025, 40.929100, 31.836332>,  <29.063593, 41.364479, 32.358719>, 0.130000
	pigment { color rgbt <1,0,0,0> }
	no_shadow
}

// nucleotide -1

// particle -1
sphere {
	<29.176025, 40.929100, 31.836332> 0.250000
	pigment { color rgbt <1,0,0,0> }
	no_shadow
}
cylinder {
	<29.535805, 40.993652, 31.998789>,  <29.751673, 41.032383, 32.096264>, 0.100000
	pigment { color rgbt <1,0,0,0> }
	no_shadow
}
cylinder {
	<29.535805, 40.993652, 31.998789>,  <29.176025, 40.929100, 31.836332>, 0.100000
	pigment { color rgbt <1,0,0,0> }
	no_shadow
}

// particle -1
sphere {
	<29.535805, 40.993652, 31.998789> 0.100000
	pigment { color rgbt <1,0,0,0> }
	no_shadow
}
sphere {
	0, 1
	scale<0.080000,0.200000,0.300000>
	matrix <0.117725, -0.984440, 0.130454,
		0.420874, -0.069524, -0.904451,
		0.899447, 0.161381, 0.406141,
		29.805639, 41.042068, 32.120632>
	pigment { color rgbt <0,1,1,0> }
	no_shadow
}
cylinder {
	<29.521139, 40.361263, 31.533651>,  <29.176025, 40.929100, 31.836332>, 0.130000
	pigment { color rgbt <1,0,0,0> }
	no_shadow
}

// nucleotide -1

// particle -1
sphere {
	<29.521139, 40.361263, 31.533651> 0.250000
	pigment { color rgbt <1,0,0,0> }
	no_shadow
}
cylinder {
	<29.763041, 40.494953, 31.822807>,  <29.908182, 40.575165, 31.996302>, 0.100000
	pigment { color rgbt <1,0,0,0> }
	no_shadow
}
cylinder {
	<29.763041, 40.494953, 31.822807>,  <29.521139, 40.361263, 31.533651>, 0.100000
	pigment { color rgbt <1,0,0,0> }
	no_shadow
}

// particle -1
sphere {
	<29.763041, 40.494953, 31.822807> 0.100000
	pigment { color rgbt <1,0,0,0> }
	no_shadow
}
sphere {
	0, 1
	scale<0.080000,0.200000,0.300000>
	matrix <0.210250, -0.942481, 0.259856,
