// switches for output
#declare DRAW_BASES = 1; // possible values are 0, 1; only relevant for DNA ribbons
#declare DRAW_BASES_TYPE = 3; // possible values are 1, 2, 3; only relevant for DNA ribbons
#declare DRAW_FOG = 0; // set to 1 to enable fog

#include "colors.inc"

#include "transforms.inc"
background { rgb <1, 1, 1>}

#default {
   normal{
       ripples 0.25
       frequency 0.20
       turbulence 0.2
       lambda 5
   }
	finish {
		phong 0.1
		phong_size 40.
	}
}

// original window dimensions: 1024x640


// camera settings

camera {
	sky <0, 0.179814, -0.983701>
	up <0, 0.179814, -0.983701>
	right 1.6 * <1, 0, 0>
	location <35, 94.9851, 44.8844>
	look_at <35, 29.7336, 32.9568>
	direction <0, -65.2515, -11.9276>
	angle 67.0682
}


# declare cpy_camera_pos = <35, 94.9851, 44.8844>;
# if (DRAW_FOG = 1)
fog {
	fog_type 2
	up vnormalize(cpy_camera_pos)
	color rgbt<1,1,1,0.3>
	distance 1e-5
	fog_alt 3e-3
	fog_offset 56
}
# end


// LIGHTS

# declare lum = 6;
global_settings {
	ambient_light rgb lum * <0.05, 0.05, 0.05>
	max_trace_level 15
}# declare cpy_direct_light_amount = 0.25;
light_source
{	1000 * <-1, -1.16352, -0.803886>,
	rgb lum * cpy_direct_light_amount
	parallel
}

light_source
{	1000 * <1, 1.16352, 0.803886>,
	rgb lum * cpy_direct_light_amount
	parallel
}

// strand 0

// nucleotide -1

// particle -1
sphere {
	<24.201805, 34.944187, 34.515007> 0.250000
	pigment { color rgbt <1,0,0,0> }
	no_shadow
}
cylinder {
	<24.182610, 34.949627, 34.914509>,  <24.171093, 34.952892, 35.154209>, 0.100000
	pigment { color rgbt <1,0,0,0> }
	no_shadow
}
cylinder {
	<24.182610, 34.949627, 34.914509>,  <24.201805, 34.944187, 34.515007>, 0.100000
	pigment { color rgbt <1,0,0,0> }
	no_shadow
}

// particle -1
sphere {
	<24.182610, 34.949627, 34.914509> 0.100000
	pigment { color rgbt <1,0,0,0> }
	no_shadow
}
sphere {
	0, 1
	scale<0.080000,0.200000,0.300000>
	matrix <0.137712, -0.990268, 0.020100,
		0.989309, 0.138505, 0.045648,
		-0.047988, 0.013599, 0.998755,
		24.168213, 34.953705, 35.214134>
	pigment { color rgbt <0,1,1,0> }
	no_shadow
}
cylinder {
	<24.686245, 34.594067, 34.930370>,  <24.201805, 34.944187, 34.515007>, 0.130000
	pigment { color rgbt <1,0,0,0> }
	no_shadow
}

// nucleotide -1

// particle -1
sphere {
	<24.686245, 34.594067, 34.930370> 0.250000
	pigment { color rgbt <1,0,0,0> }
	no_shadow
}
cylinder {
	<24.368223, 34.616547, 35.171940>,  <24.177410, 34.630035, 35.316883>, 0.100000
	pigment { color rgbt <1,0,0,0> }
	no_shadow
}
cylinder {
	<24.368223, 34.616547, 35.171940>,  <24.686245, 34.594067, 34.930370>, 0.100000
	pigment { color rgbt <1,0,0,0> }
	no_shadow
}

// particle -1
sphere {
	<24.368223, 34.616547, 35.171940> 0.100000
	pigment { color rgbt <1,0,0,0> }
	no_shadow
}
sphere {
	0, 1
	scale<0.080000,0.200000,0.300000>
	matrix <0.130067, -0.956736, 0.260267,
		0.592427, 0.285478, 0.753348,
		-0.795056, 0.056203, 0.603927,
		24.129707, 34.633408, 35.353119>
	pigment { color rgbt <0,1,1,0> }
	no_shadow
}
cylinder {
	<24.886120, 34.405895, 35.732338>,  <24.686245, 34.594067, 34.930370>, 0.130000
	pigment { color rgbt <1,0,0,0> }
	no_shadow
}

// nucleotide -1

// particle -1
sphere {
	<24.886120, 34.405895, 35.732338> 0.250000
	pigment { color rgbt <1,0,0,0> }
	no_shadow
}
cylinder {
	<24.511023, 34.335361, 35.612644>,  <24.285965, 34.293041, 35.540829>, 0.100000
	pigment { color rgbt <1,0,0,0> }
	no_shadow
}
cylinder {
	<24.511023, 34.335361, 35.612644>,  <24.886120, 34.405895, 35.732338>, 0.100000
	pigment { color rgbt <1,0,0,0> }
	no_shadow
}

// particle -1
sphere {
	<24.511023, 34.335361, 35.612644> 0.100000
	pigment { color rgbt <1,0,0,0> }
	no_shadow
}
sphere {
	0, 1
	scale<0.080000,0.200000,0.300000>
	matrix <0.084767, -0.951675, 0.295176,
		-0.336825, 0.251434, 0.907375,
		-0.937744, -0.176338, -0.299235,
		24.229700, 34.282459, 35.522873>
	pigment { color rgbt <0,1,1,0> }
	no_shadow
}
cylinder {
	<25.573780, 34.611095, 35.577766>,  <24.886120, 34.405895, 35.732338>, 0.130000
	pigment { color rgbt <1,0,0,0> }
	no_shadow
}

// nucleotide -1

// particle -1
sphere {
	<25.573780, 34.611095, 35.577766> 0.250000
	pigment { color rgbt <1,0,0,0> }
	no_shadow
}
cylinder {
	<25.764053, 34.582722, 35.928467>,  <25.878218, 34.565697, 36.138889>, 0.100000
	pigment { color rgbt <1,0,0,0> }
	no_shadow
}
cylinder {
	<25.764053, 34.582722, 35.928467>,  <25.573780, 34.611095, 35.577766>, 0.100000
	pigment { color rgbt <1,0,0,0> }
	no_shadow
}

// particle -1
sphere {
	<25.764053, 34.582722, 35.928467> 0.100000
	pigment { color rgbt <1,0,0,0> }
	no_shadow
}
sphere {
	0, 1
	scale<0.080000,0.200000,0.300000>
	matrix <-0.113407, -0.993370, -0.018840,
		0.872276, -0.090468, -0.480573,
		0.475682, -0.070934, 0.876753,
		25.906757, 34.561443, 36.191494>
	pigment { color rgbt <0,1,1,0> }
	no_shadow
}
cylinder {
	<26.205082, 34.049152, 35.460789>,  <25.573780, 34.611095, 35.577766>, 0.130000
	pigment { color rgbt <1,0,0,0> }
	no_shadow
}

// nucleotide -1

// particle -1
sphere {
	<26.205082, 34.049152, 35.460789> 0.250000
	pigment { color rgbt <1,0,0,0> }
	no_shadow
}
cylinder {
	<26.031643, 34.094788, 35.818333>,  <25.927580, 34.122169, 36.032860>, 0.100000
	pigment { color rgbt <1,0,0,0> }
	no_shadow
}
cylinder {
	<26.031643, 34.094788, 35.818333>,  <26.205082, 34.049152, 35.460789>, 0.100000
	pigment { color rgbt <1,0,0,0> }
	no_shadow
}

// particle -1
sphere {
	<26.031643, 34.094788, 35.818333> 0.100000
	pigment { color rgbt <1,0,0,0> }
	no_shadow
}
sphere {
	0, 1
	scale<0.080000,0.200000,0.300000>
	matrix <-0.227664, -0.973641, 0.013838,
		0.871874, -0.197499, 0.448141,
		-0.433595, 0.114091, 0.893856,
		25.901564, 34.129013, 36.086491>
	pigment { color rgbt <0,1,1,0> }
	no_shadow
}
cylinder {
	<26.760490, 33.996258, 36.030708>,  <26.205082, 34.049152, 35.460789>, 0.130000
	pigment { color rgbt <1,0,0,0> }
	no_shadow
}

// nucleotide -1

// particle -1
sphere {
	<26.760490, 33.996258, 36.030708> 0.250000
	pigment { color rgbt <1,0,0,0> }
	no_shadow
}
cylinder {
	<27.145897, 34.098278, 35.998241>,  <27.377140, 34.159492, 35.978760>, 0.100000
	pigment { color rgbt <1,0,0,0> }
	no_shadow
}
cylinder {
	<27.145897, 34.098278, 35.998241>,  <26.760490, 33.996258, 36.030708>, 0.100000
	pigment { color rgbt <1,0,0,0> }
	no_shadow
}

// particle -1
sphere {
	<27.145897, 34.098278, 35.998241> 0.100000
	pigment { color rgbt <1,0,0,0> }
	no_shadow
}
sphere {
	0, 1
	scale<0.080000,0.200000,0.300000>
	matrix <-0.065517, -0.069296, -0.995442,
		-0.259515, 0.964441, -0.050058,
		0.963514, 0.255053, -0.081170,
		27.434952, 34.174793, 35.973892>
	pigment { color rgbt <0,1,1,0> }
	no_shadow
}
cylinder {
	<26.804283, 34.525063, 35.511829>,  <26.760490, 33.996258, 36.030708>, 0.130000
	pigment { color rgbt <1,0,0,0> }
	no_shadow
}

// nucleotide -1

// particle -1
sphere {
	<26.804283, 34.525063, 35.511829> 0.250000
	pigment { color rgbt <1,0,0,0> }
	no_shadow
}
cylinder {
	<27.159994, 34.342609, 35.525230>,  <27.373421, 34.233135, 35.533272>, 0.100000
	pigment { color rgbt <1,0,0,0> }
	no_shadow
}
cylinder {
	<27.159994, 34.342609, 35.525230>,  <26.804283, 34.525063, 35.511829>, 0.100000
	pigment { color rgbt <1,0,0,0> }
	no_shadow
}

// particle -1
sphere {
	<27.159994, 34.342609, 35.525230> 0.100000
	pigment { color rgbt <1,0,0,0> }
	no_shadow
}
sphere {
	0, 1
	scale<0.080000,0.200000,0.300000>
	matrix <0.133358, 0.188523, -0.972972,
		0.437492, 0.869711, 0.228479,
		0.889279, -0.456137, 0.033506,
		27.426777, 34.205769, 35.535282>
	pigment { color rgbt <0,1,1,0> }
	no_shadow
}
cylinder {
	<27.224897, 34.990017, 35.255436>,  <26.804283, 34.525063, 35.511829>, 0.130000
	pigment { color rgbt <1,0,0,0> }
	no_shadow
}

// nucleotide -1

// particle -1
sphere {
	<27.224897, 34.990017, 35.255436> 0.250000
	pigment { color rgbt <1,0,0,0> }
	no_shadow
}
cylinder {
	<27.391306, 34.627140, 35.230362>,  <27.491150, 34.409412, 35.215317>, 0.100000
	pigment { color rgbt <1,0,0,0> }
	no_shadow
}
cylinder {
	<27.391306, 34.627140, 35.230362>,  <27.224897, 34.990017, 35.255436>, 0.100000
	pigment { color rgbt <1,0,0,0> }
	no_shadow
}

// particle -1
sphere {
	<27.391306, 34.627140, 35.230362> 0.100000
	pigment { color rgbt <1,0,0,0> }
	no_shadow
}
sphere {
	0, 1
	scale<0.080000,0.200000,0.300000>
	matrix <0.028599, 0.081954, -0.996226,
		0.908906, 0.412657, 0.060039,
		0.416019, -0.907192, -0.062687,
		27.516111, 34.354980, 35.211555>
	pigment { color rgbt <0,1,1,0> }
	no_shadow
}
cylinder {
	<27.783543, 35.050694, 34.801655>,  <27.224897, 34.990017, 35.255436>, 0.130000
	pigment { color rgbt <1,0,0,0> }
	no_shadow
}

// nucleotide -1

// particle -1
sphere {
	<27.783543, 35.050694, 34.801655> 0.250000
	pigment { color rgbt <1,0,0,0> }
	no_shadow
}
cylinder {
	<27.705383, 34.658493, 34.793228>,  <27.658487, 34.423172, 34.788170>, 0.100000
	pigment { color rgbt <1,0,0,0> }
	no_shadow
}
cylinder {
	<27.705383, 34.658493, 34.793228>,  <27.783543, 35.050694, 34.801655>, 0.100000
	pigment { color rgbt <1,0,0,0> }
	no_shadow
}

// particle -1
sphere {
	<27.705383, 34.658493, 34.793228> 0.100000
	pigment { color rgbt <1,0,0,0> }
	no_shadow
}
sphere {
	0, 1
	scale<0.080000,0.200000,0.300000>
	matrix <0.111671, -0.000901, -0.993745,
		0.974346, -0.196526, 0.109669,
		-0.195396, -0.980498, -0.021069,
		27.646765, 34.364342, 34.786907>
	pigment { color rgbt <0,1,1,0> }
	no_shadow
}
cylinder {
	<28.298460, 34.832237, 34.363262>,  <27.783543, 35.050694, 34.801655>, 0.130000
	pigment { color rgbt <1,0,0,0> }
	no_shadow
}

// nucleotide -1

// particle -1
sphere {
	<28.298460, 34.832237, 34.363262> 0.250000
	pigment { color rgbt <1,0,0,0> }
	no_shadow
}
cylinder {
	<28.030899, 34.534962, 34.369499>,  <27.870361, 34.356598, 34.373241>, 0.100000
	pigment { color rgbt <1,0,0,0> }
	no_shadow
}
cylinder {
	<28.030899, 34.534962, 34.369499>,  <28.298460, 34.832237, 34.363262>, 0.100000
	pigment { color rgbt <1,0,0,0> }
	no_shadow
}

// particle -1
sphere {
	<28.030899, 34.534962, 34.369499> 0.100000
	pigment { color rgbt <1,0,0,0> }
	no_shadow
}
sphere {
	0, 1
	scale<0.080000,0.200000,0.300000>
	matrix <0.041902, -0.058637, -0.997400,
		0.742167, -0.666512, 0.070364,
		-0.668904, -0.743185, 0.015590,
		27.830227, 34.312008, 34.374176>
	pigment { color rgbt <0,1,1,0> }
	no_shadow
}
cylinder {
	<28.586885, 34.162632, 34.314522>,  <28.298460, 34.832237, 34.363262>, 0.130000
	pigment { color rgbt <1,0,0,0> }
	no_shadow
}

// nucleotide -1

// particle -1
sphere {
	<28.586885, 34.162632, 34.314522> 0.250000
	pigment { color rgbt <1,0,0,0> }
	no_shadow
}
cylinder {
	<28.210814, 34.123619, 34.183952>,  <27.985170, 34.100212, 34.105610>, 0.100000
	pigment { color rgbt <1,0,0,0> }
	no_shadow
}
cylinder {
	<28.210814, 34.123619, 34.183952>,  <28.586885, 34.162632, 34.314522>, 0.100000
	pigment { color rgbt <1,0,0,0> }
	no_shadow
}

// particle -1
sphere {
	<28.210814, 34.123619, 34.183952> 0.100000
	pigment { color rgbt <1,0,0,0> }
	no_shadow
}
sphere {
	0, 1
	scale<0.080000,0.200000,0.300000>
	matrix <0.340358, -0.227213, -0.912431,
		0.014824, -0.968949, 0.246817,
		-0.940179, -0.097532, -0.326421,
		27.928761, 34.094360, 34.086025>
	pigment { color rgbt <0,1,1,0> }
	no_shadow
}
cylinder {
	<28.682850, 33.755127, 33.789021>,  <28.586885, 34.162632, 34.314522>, 0.130000
	pigment { color rgbt <1,0,0,0> }
	no_shadow
}

// nucleotide -1

// particle -1
sphere {
	<28.682850, 33.755127, 33.789021> 0.250000
	pigment { color rgbt <1,0,0,0> }
	no_shadow
}
cylinder {
	<28.293493, 33.838913, 33.751858>,  <28.059879, 33.889183, 33.729561>, 0.100000
	pigment { color rgbt <1,0,0,0> }
	no_shadow
}
cylinder {
	<28.293493, 33.838913, 33.751858>,  <28.682850, 33.755127, 33.789021>, 0.100000
	pigment { color rgbt <1,0,0,0> }
	no_shadow
}

// particle -1
sphere {
	<28.293493, 33.838913, 33.751858> 0.100000
	pigment { color rgbt <1,0,0,0> }
	no_shadow
}
sphere {
	0, 1
	scale<0.080000,0.200000,0.300000>
	matrix <0.035379, -0.263192, -0.964095,
		-0.226389, -0.941731, 0.248779,
		-0.973394, 0.209459, -0.092901,
		28.001476, 33.901752, 33.723988>
	pigment { color rgbt <0,1,1,0> }
	no_shadow
}
cylinder {
	<28.406792, 33.166401, 33.352077>,  <28.682850, 33.755127, 33.789021>, 0.130000
	pigment { color rgbt <1,0,0,0> }
	no_shadow
}

// nucleotide -1

// particle -1
sphere {
	<28.406792, 33.166401, 33.352077> 0.250000
	pigment { color rgbt <1,0,0,0> }
	no_shadow
}
cylinder {
	<28.197092, 33.506115, 33.327183>,  <28.071272, 33.709946, 33.312248>, 0.100000
	pigment { color rgbt <1,0,0,0> }
	no_shadow
}
cylinder {
	<28.197092, 33.506115, 33.327183>,  <28.406792, 33.166401, 33.352077>, 0.100000
	pigment { color rgbt <1,0,0,0> }
	no_shadow
}

// particle -1
sphere {
	<28.197092, 33.506115, 33.327183> 0.100000
	pigment { color rgbt <1,0,0,0> }
	no_shadow
}
sphere {
	0, 1
	scale<0.080000,0.200000,0.300000>
	matrix <0.089622, -0.017649, -0.995820,
		-0.846837, -0.527633, -0.066863,
		-0.524247, 0.849289, -0.062234,
		28.039818, 33.760902, 33.308514>
	pigment { color rgbt <0,1,1,0> }
	no_shadow
}
cylinder {
	<28.081982, 33.118637, 32.692730>,  <28.406792, 33.166401, 33.352077>, 0.130000
	pigment { color rgbt <1,0,0,0> }
	no_shadow
}

// nucleotide -1

// particle -1
sphere {
	<28.081982, 33.118637, 32.692730> 0.250000
	pigment { color rgbt <1,0,0,0> }
	no_shadow
}
cylinder {
	<28.031891, 33.503307, 32.790302>,  <28.001837, 33.734108, 32.848846>, 0.100000
	pigment { color rgbt <1,0,0,0> }
	no_shadow
}
cylinder {
	<28.031891, 33.503307, 32.790302>,  <28.081982, 33.118637, 32.692730>, 0.100000
	pigment { color rgbt <1,0,0,0> }
	no_shadow
}

// particle -1
sphere {
	<28.031891, 33.503307, 32.790302> 0.100000
	pigment { color rgbt <1,0,0,0> }
	no_shadow
}
sphere {
	0, 1
	scale<0.080000,0.200000,0.300000>
	matrix <0.102996, 0.257138, -0.960870,
		-0.986767, -0.095205, -0.131250,
		-0.125229, 0.961674, 0.243929,
		27.994322, 33.791809, 32.863480>
	pigment { color rgbt <0,1,1,0> }
	no_shadow
}
cylinder {
	<27.671352, 33.392345, 32.258537>,  <28.081982, 33.118637, 32.692730>, 0.130000
	pigment { color rgbt <1,0,0,0> }
	no_shadow
}

// nucleotide -1

// particle -1
sphere {
	<27.671352, 33.392345, 32.258537> 0.250000
	pigment { color rgbt <1,0,0,0> }
	no_shadow
}
cylinder {
	<27.878313, 33.703602, 32.400967>,  <28.002489, 33.890354, 32.486423>, 0.100000
	pigment { color rgbt <1,0,0,0> }
	no_shadow
}
cylinder {
	<27.878313, 33.703602, 32.400967>,  <27.671352, 33.392345, 32.258537>, 0.100000
	pigment { color rgbt <1,0,0,0> }
	no_shadow
}

// particle -1
sphere {
	<27.878313, 33.703602, 32.400967> 0.100000
	pigment { color rgbt <1,0,0,0> }
	no_shadow
}
sphere {
	0, 1
	scale<0.080000,0.200000,0.300000>
	matrix <0.298136, 0.226114, -0.927355,
		-0.802127, 0.585975, -0.115000,
		0.517404, 0.778143, 0.356072,
		28.033535, 33.937046, 32.507790>
	pigment { color rgbt <0,1,1,0> }
	no_shadow
}
cylinder {
	<27.329508, 34.028370, 32.014984>,  <27.671352, 33.392345, 32.258537>, 0.130000
	pigment { color rgbt <1,0,0,0> }
	no_shadow
}

// nucleotide -1

// particle -1
sphere {
	<27.329508, 34.028370, 32.014984> 0.250000
	pigment { color rgbt <1,0,0,0> }
	no_shadow
}
cylinder {
	<27.719679, 34.081871, 32.085014>,  <27.953781, 34.113972, 32.127033>, 0.100000
	pigment { color rgbt <1,0,0,0> }
	no_shadow
}
cylinder {
	<27.719679, 34.081871, 32.085014>,  <27.329508, 34.028370, 32.014984>, 0.100000
	pigment { color rgbt <1,0,0,0> }
	no_shadow
}

// particle -1
sphere {
	<27.719679, 34.081871, 32.085014> 0.100000
	pigment { color rgbt <1,0,0,0> }
	no_shadow
}
sphere {
	0, 1
	scale<0.080000,0.200000,0.300000>
	matrix <0.116566, 0.361001, -0.925252,
		-0.186958, 0.922924, 0.336539,
		0.975428, 0.133754, 0.175074,
		28.012308, 34.121998, 32.137535>
	pigment { color rgbt <0,1,1,0> }
	no_shadow
}
cylinder {
	<27.483467, 34.534401, 31.563278>,  <27.329508, 34.028370, 32.014984>, 0.130000
	pigment { color rgbt <1,0,0,0> }
	no_shadow
}

// nucleotide -1

// particle -1
sphere {
	<27.483467, 34.534401, 31.563278> 0.250000
	pigment { color rgbt <1,0,0,0> }
	no_shadow
}
cylinder {
	<27.859463, 34.436230, 31.658087>,  <28.085060, 34.377327, 31.714972>, 0.100000
	pigment { color rgbt <1,0,0,0> }
	no_shadow
}
cylinder {
	<27.859463, 34.436230, 31.658087>,  <27.483467, 34.534401, 31.563278>, 0.100000
	pigment { color rgbt <1,0,0,0> }
	no_shadow
}

// particle -1
sphere {
	<27.859463, 34.436230, 31.658087> 0.100000
	pigment { color rgbt <1,0,0,0> }
	no_shadow
}
sphere {
	0, 1
	scale<0.080000,0.200000,0.300000>
	matrix <0.258657, 0.059548, -0.964132,
		0.222515, 0.967583, 0.119457,
		0.939992, -0.245432, 0.237022,
		28.141460, 34.362598, 31.729193>
	pigment { color rgbt <0,1,1,0> }
	no_shadow
}
cylinder {
	<27.851891, 35.046654, 31.342611>,  <27.483467, 34.534401, 31.563278>, 0.130000
	pigment { color rgbt <1,0,0,0> }
	no_shadow
}

// nucleotide -1

// particle -1
sphere {
	<27.851891, 35.046654, 31.342611> 0.250000
	pigment { color rgbt <1,0,0,0> }
	no_shadow
}
cylinder {
	<28.094721, 34.729599, 31.365215>,  <28.240419, 34.539368, 31.378778>, 0.100000
	pigment { color rgbt <1,0,0,0> }
	no_shadow
}
cylinder {
	<28.094721, 34.729599, 31.365215>,  <27.851891, 35.046654, 31.342611>, 0.100000
	pigment { color rgbt <1,0,0,0> }
	no_shadow
}

// particle -1
sphere {
	<28.094721, 34.729599, 31.365215> 0.100000
	pigment { color rgbt <1,0,0,0> }
	no_shadow
}
sphere {
	0, 1
	scale<0.080000,0.200000,0.300000>
	matrix <0.213382, 0.094101, -0.972426,
		0.765459, 0.602395, 0.226260,
		0.607076, -0.792632, 0.056510,
		28.276844, 34.491810, 31.382168>
	pigment { color rgbt <0,1,1,0> }
	no_shadow
}
cylinder {
	<28.290804, 35.173206, 30.786526>,  <27.851891, 35.046654, 31.342611>, 0.130000
	pigment { color rgbt <1,0,0,0> }
	no_shadow
}

// nucleotide -1

// particle -1
sphere {
	<28.290804, 35.173206, 30.786526> 0.250000
	pigment { color rgbt <1,0,0,0> }
	no_shadow
}
cylinder {
	<28.351528, 34.789936, 30.883562>,  <28.387962, 34.559975, 30.941784>, 0.100000
	pigment { color rgbt <1,0,0,0> }
	no_shadow
}
cylinder {
	<28.351528, 34.789936, 30.883562>,  <28.290804, 35.173206, 30.786526>, 0.100000
	pigment { color rgbt <1,0,0,0> }
	no_shadow
}

// particle -1
sphere {
	<28.351528, 34.789936, 30.883562> 0.100000
	pigment { color rgbt <1,0,0,0> }
	no_shadow
}
sphere {
	0, 1
	scale<0.080000,0.200000,0.300000>
	matrix <0.115811, -0.226501, -0.967101,
		0.981601, 0.174912, 0.076582,
		0.151811, -0.958177, 0.242591,
		28.397072, 34.502483, 30.956339>
	pigment { color rgbt <0,1,1,0> }
	no_shadow
}
cylinder {
	<28.943151, 34.997768, 30.516445>,  <28.290804, 35.173206, 30.786526>, 0.130000
	pigment { color rgbt <1,0,0,0> }
	no_shadow
}

// nucleotide -1

// particle -1
sphere {
	<28.943151, 34.997768, 30.516445> 0.250000
	pigment { color rgbt <1,0,0,0> }
	no_shadow
}
cylinder {
	<28.742268, 34.653111, 30.545712>,  <28.621738, 34.446316, 30.563272>, 0.100000
	pigment { color rgbt <1,0,0,0> }
	no_shadow
}
cylinder {
	<28.742268, 34.653111, 30.545712>,  <28.943151, 34.997768, 30.516445>, 0.100000
	pigment { color rgbt <1,0,0,0> }
	no_shadow
}

// particle -1
sphere {
	<28.742268, 34.653111, 30.545712> 0.100000
	pigment { color rgbt <1,0,0,0> }
	no_shadow
}
sphere {
	0, 1
	scale<0.080000,0.200000,0.300000>
	matrix <0.194114, -0.194781, -0.961447,
		0.842679, -0.468643, 0.265078,
		-0.502207, -0.861646, 0.073167,
		28.591606, 34.394615, 30.567661>
	pigment { color rgbt <0,1,1,0> }
	no_shadow
}
cylinder {
	<29.406025, 34.491989, 30.334391>,  <28.943151, 34.997768, 30.516445>, 0.130000
	pigment { color rgbt <1,0,0,0> }
	no_shadow
}

// nucleotide -1

// particle -1
sphere {
	<29.406025, 34.491989, 30.334391> 0.250000
	pigment { color rgbt <1,0,0,0> }
	no_shadow
}
cylinder {
	<29.054485, 34.306549, 30.289324>,  <28.843561, 34.195286, 30.262283>, 0.100000
	pigment { color rgbt <1,0,0,0> }
	no_shadow
}
cylinder {
	<29.054485, 34.306549, 30.289324>,  <29.406025, 34.491989, 30.334391>, 0.100000
	pigment { color rgbt <1,0,0,0> }
	no_shadow
}

// particle -1
sphere {
	<29.054485, 34.306549, 30.289324> 0.100000
	pigment { color rgbt <1,0,0,0> }
	no_shadow
}
sphere {
	0, 1
	scale<0.080000,0.200000,0.300000>
	matrix <0.276310, -0.302074, -0.912362,
		0.388939, -0.832961, 0.393576,
		-0.878851, -0.463602, -0.112667,
		28.790831, 34.167469, 30.255524>
	pigment { color rgbt <0,1,1,0> }
	no_shadow
}
cylinder {
	<29.579906, 33.804214, 30.132290>,  <29.406025, 34.491989, 30.334391>, 0.130000
	pigment { color rgbt <1,0,0,0> }
	no_shadow
}

// nucleotide -1

// particle -1
sphere {
	<29.579906, 33.804214, 30.132290> 0.250000
	pigment { color rgbt <1,0,0,0> }
	no_shadow
}
cylinder {
	<29.204765, 33.871521, 30.010885>,  <28.979681, 33.911903, 29.938044>, 0.100000
	pigment { color rgbt <1,0,0,0> }
	no_shadow
}
cylinder {
	<29.204765, 33.871521, 30.010885>,  <29.579906, 33.804214, 30.132290>, 0.100000
	pigment { color rgbt <1,0,0,0> }
	no_shadow
}

// particle -1
sphere {
	<29.204765, 33.871521, 30.010885> 0.100000
	pigment { color rgbt <1,0,0,0> }
	no_shadow
}
sphere {
	0, 1
	scale<0.080000,0.200000,0.300000>
	matrix <0.233670, -0.340428, -0.910773,
		-0.256568, -0.925093, 0.279955,
		-0.937855, 0.168258, -0.303509,
		28.923409, 33.922001, 29.919832>
	pigment { color rgbt <0,1,1,0> }
	no_shadow
}
cylinder {
	<29.342737, 33.225040, 29.823034>,  <29.579906, 33.804214, 30.132290>, 0.130000
	pigment { color rgbt <1,0,0,0> }
	no_shadow
}

// nucleotide -1

// particle -1
sphere {
	<29.342737, 33.225040, 29.823034> 0.250000
	pigment { color rgbt <1,0,0,0> }
	no_shadow
}
cylinder {
	<29.108000, 33.515945, 29.680651>,  <28.967157, 33.690487, 29.595221>, 0.100000
	pigment { color rgbt <1,0,0,0> }
	no_shadow
}
cylinder {
	<29.108000, 33.515945, 29.680651>,  <29.342737, 33.225040, 29.823034>, 0.100000
	pigment { color rgbt <1,0,0,0> }
	no_shadow
}

// particle -1
sphere {
	<29.108000, 33.515945, 29.680651> 0.100000
	pigment { color rgbt <1,0,0,0> }
	no_shadow
}
sphere {
	0, 1
	scale<0.080000,0.200000,0.300000>
	matrix <0.275047, -0.234427, -0.932413,
		-0.761552, -0.645087, -0.062458,
		-0.586846, 0.727260, -0.355958,
		28.931946, 33.734123, 29.573864>
	pigment { color rgbt <0,1,1,0> }
	no_shadow
}
cylinder {
	<29.207024, 32.951393, 29.211651>,  <29.342737, 33.225040, 29.823034>, 0.130000
	pigment { color rgbt <1,0,0,0> }
	no_shadow
}

// nucleotide -1

// particle -1
sphere {
	<29.207024, 32.951393, 29.211651> 0.250000
	pigment { color rgbt <1,0,0,0> }
	no_shadow
}
cylinder {
	<29.087582, 33.330002, 29.162773>,  <29.015917, 33.557167, 29.133446>, 0.100000
	pigment { color rgbt <1,0,0,0> }
	no_shadow
}
cylinder {
	<29.087582, 33.330002, 29.162773>,  <29.207024, 32.951393, 29.211651>, 0.100000
	pigment { color rgbt <1,0,0,0> }
	no_shadow
}

// particle -1
sphere {
	<29.087582, 33.330002, 29.162773> 0.100000
	pigment { color rgbt <1,0,0,0> }
	no_shadow
}
sphere {
	0, 1
	scale<0.080000,0.200000,0.300000>
	matrix <0.191073, -0.066154, -0.979344,
		-0.935054, -0.315785, -0.161101,
		-0.298605, 0.946522, -0.122196,
		28.998001, 33.613960, 29.126114>
	pigment { color rgbt <0,1,1,0> }
	no_shadow
}
cylinder {
	<28.910332, 32.968784, 28.509880>,  <29.207024, 32.951393, 29.211651>, 0.130000
	pigment { color rgbt <1,0,0,0> }
	no_shadow
}

// nucleotide -1

// particle -1
sphere {
	<28.910332, 32.968784, 28.509880> 0.250000
	pigment { color rgbt <1,0,0,0> }
	no_shadow
}
cylinder {
	<28.926994, 33.364174, 28.568106>,  <28.936991, 33.601406, 28.603041>, 0.100000
	pigment { color rgbt <1,0,0,0> }
	no_shadow
}
cylinder {
	<28.926994, 33.364174, 28.568106>,  <28.910332, 32.968784, 28.509880>, 0.100000
	pigment { color rgbt <1,0,0,0> }
	no_shadow
}

// particle -1
sphere {
	<28.926994, 33.364174, 28.568106> 0.100000
	pigment { color rgbt <1,0,0,0> }
	no_shadow
}
sphere {
	0, 1
	scale<0.080000,0.200000,0.300000>
	matrix <0.084001, 0.141711, -0.986338,
		-0.995595, 0.053313, -0.077129,
		0.041655, 0.988471, 0.145565,
		28.939491, 33.660717, 28.611774>
	pigment { color rgbt <0,1,1,0> }
	no_shadow
}
cylinder {
	<28.467268, 33.328136, 27.997448>,  <28.910332, 32.968784, 28.509880>, 0.130000
	pigment { color rgbt <1,0,0,0> }
	no_shadow
}

// nucleotide -1

// particle -1
sphere {
	<28.467268, 33.328136, 27.997448> 0.250000
	pigment { color rgbt <1,0,0,0> }
	no_shadow
}
cylinder {
	<28.768112, 33.537670, 28.157413>,  <28.948618, 33.663391, 28.253393>, 0.100000
	pigment { color rgbt <1,0,0,0> }
	no_shadow
}
cylinder {
	<28.768112, 33.537670, 28.157413>,  <28.467268, 33.328136, 27.997448>, 0.100000
	pigment { color rgbt <1,0,0,0> }
	no_shadow
}

// particle -1
sphere {
	<28.768112, 33.537670, 28.157413> 0.100000
	pigment { color rgbt <1,0,0,0> }
	no_shadow
}
sphere {
	0, 1
	scale<0.080000,0.200000,0.300000>
	matrix <0.415397, 0.094289, -0.904740,
		-0.511640, 0.846587, -0.146683,
		0.752111, 0.523832, 0.399912,
		28.993746, 33.694820, 28.277388>
	pigment { color rgbt <0,1,1,0> }
	no_shadow
}
cylinder {
	<28.647390, 34.097492, 27.708441>,  <28.467268, 33.328136, 27.997448>, 0.130000
	pigment { color rgbt <1,0,0,0> }
	no_shadow
}

// nucleotide -1

// particle -1
sphere {
	<28.647390, 34.097492, 27.708441> 0.250000
	pigment { color rgbt <1,0,0,0> }
	no_shadow
}
cylinder {
	<28.969213, 33.915146, 27.860689>,  <29.162308, 33.805740, 27.952038>, 0.100000
	pigment { color rgbt <1,0,0,0> }
	no_shadow
}
cylinder {
	<28.969213, 33.915146, 27.860689>,  <28.647390, 34.097492, 27.708441>, 0.100000
	pigment { color rgbt <1,0,0,0> }
	no_shadow
}

// particle -1
sphere {
	<28.969213, 33.915146, 27.860689> 0.100000
	pigment { color rgbt <1,0,0,0> }
	no_shadow
}
sphere {
	0, 1
	scale<0.080000,0.200000,0.300000>
	matrix <0.502713, 0.181574, -0.845169,
		0.316171, 0.871332, 0.375256,
		0.804560, -0.455864, 0.380621,
		29.210581, 33.778385, 27.974876>
	pigment { color rgbt <0,1,1,0> }
	no_shadow
}
cylinder {
	<29.112049, 34.291603, 27.233639>,  <28.647390, 34.097492, 27.708441>, 0.130000
	pigment { color rgbt <1,0,0,0> }
	no_shadow
}

// nucleotide -1

// particle -1
sphere {
	<29.112049, 34.291603, 27.233639> 0.250000
	pigment { color rgbt <1,0,0,0> }
	no_shadow
}
cylinder {
	<29.335360, 34.000820, 27.393568>,  <29.469345, 33.826351, 27.489527>, 0.100000
	pigment { color rgbt <1,0,0,0> }
	no_shadow
}
cylinder {
	<29.335360, 34.000820, 27.393568>,  <29.112049, 34.291603, 27.233639>, 0.100000
	pigment { color rgbt <1,0,0,0> }
	no_shadow
}

// particle -1
sphere {
	<29.335360, 34.000820, 27.393568> 0.100000
	pigment { color rgbt <1,0,0,0> }
	no_shadow
}
sphere {
	0, 1
	scale<0.080000,0.200000,0.300000>
	matrix <0.342598, -0.236911, -0.909120,
		0.755616, 0.644519, 0.116793,
		0.558275, -0.726959, 0.399825,
		29.502842, 33.782734, 27.513515>
	pigment { color rgbt <0,1,1,0> }
	no_shadow
}
cylinder {
	<29.891300, 34.282871, 27.028280>,  <29.112049, 34.291603, 27.233639>, 0.130000
	pigment { color rgbt <1,0,0,0> }
	no_shadow
}

// nucleotide -1

// particle -1
sphere {
	<29.891300, 34.282871, 27.028280> 0.250000
	pigment { color rgbt <1,0,0,0> }
	no_shadow
}
cylinder {
	<29.805752, 33.899433, 27.103483>,  <29.754423, 33.669369, 27.148605>, 0.100000
	pigment { color rgbt <1,0,0,0> }
	no_shadow
}
cylinder {
	<29.805752, 33.899433, 27.103483>,  <29.891300, 34.282871, 27.028280>, 0.100000
	pigment { color rgbt <1,0,0,0> }
	no_shadow
}

// particle -1
sphere {
	<29.805752, 33.899433, 27.103483> 0.100000
	pigment { color rgbt <1,0,0,0> }
	no_shadow
}
sphere {
	0, 1
	scale<0.080000,0.200000,0.300000>
	matrix <0.259950, -0.241369, -0.934969,
		0.941639, -0.151092, 0.300810,
		-0.213873, -0.958599, 0.188006,
		29.741590, 33.611855, 27.159885>
	pigment { color rgbt <0,1,1,0> }
	no_shadow
}
cylinder {
	<30.411093, 33.845219, 26.772543>,  <29.891300, 34.282871, 27.028280>, 0.130000
	pigment { color rgbt <1,0,0,0> }
	no_shadow
}

// nucleotide -1

// particle -1
sphere {
	<30.411093, 33.845219, 26.772543> 0.250000
	pigment { color rgbt <1,0,0,0> }
	no_shadow
}
cylinder {
	<30.073404, 33.635590, 26.727575>,  <29.870790, 33.509811, 26.700596>, 0.100000
	pigment { color rgbt <1,0,0,0> }
	no_shadow
}
cylinder {
	<30.073404, 33.635590, 26.727575>,  <30.411093, 33.845219, 26.772543>, 0.100000
	pigment { color rgbt <1,0,0,0> }
	no_shadow
}

// particle -1
sphere {
	<30.073404, 33.635590, 26.727575> 0.100000
	pigment { color rgbt <1,0,0,0> }
	no_shadow
}
sphere {
	0, 1
	scale<0.080000,0.200000,0.300000>
	matrix <0.288941, -0.268324, -0.918975,
		0.451444, -0.808302, 0.377951,
		-0.844223, -0.524071, -0.112418,
		29.820137, 33.478367, 26.693850>
	pigment { color rgbt <0,1,1,0> }
	no_shadow
}
cylinder {
	<30.607283, 33.230762, 26.456926>,  <30.411093, 33.845219, 26.772543>, 0.130000
	pigment { color rgbt <1,0,0,0> }
	no_shadow
}

// nucleotide -1

// particle -1
sphere {
	<30.607283, 33.230762, 26.456926> 0.250000
	pigment { color rgbt <1,0,0,0> }
	no_shadow
}
cylinder {
	<30.216202, 33.270649, 26.383005>,  <29.981552, 33.294582, 26.338654>, 0.100000
	pigment { color rgbt <1,0,0,0> }
	no_shadow
}
cylinder {
	<30.216202, 33.270649, 26.383005>,  <30.607283, 33.230762, 26.456926>, 0.100000
	pigment { color rgbt <1,0,0,0> }
	no_shadow
}

// particle -1
sphere {
	<30.216202, 33.270649, 26.383005> 0.100000
	pigment { color rgbt <1,0,0,0> }
	no_shadow
}
sphere {
	0, 1
	scale<0.080000,0.200000,0.300000>
	matrix <0.147117, -0.302698, -0.941664,
		-0.149839, -0.947856, 0.281279,
		-0.977704, 0.099717, -0.184801,
		29.922890, 33.300564, 26.327564>
	pigment { color rgbt <0,1,1,0> }
	no_shadow
}
cylinder {
	<31.222885, 33.111149, 26.941231>,  <30.607283, 33.230762, 26.456926>, 0.130000
	pigment { color rgbt <1,0,0,0> }
	no_shadow
}

// nucleotide -1

// particle -1
sphere {
	<31.222885, 33.111149, 26.941231> 0.250000
	pigment { color rgbt <1,0,0,0> }
	no_shadow
}
cylinder {
	<31.407867, 33.269001, 26.623638>,  <31.518856, 33.363712, 26.433083>, 0.100000
	pigment { color rgbt <1,0,0,0> }
	no_shadow
}
cylinder {
	<31.407867, 33.269001, 26.623638>,  <31.222885, 33.111149, 26.941231>, 0.100000
	pigment { color rgbt <1,0,0,0> }
	no_shadow
}

// particle -1
sphere {
	<31.407867, 33.269001, 26.623638> 0.100000
	pigment { color rgbt <1,0,0,0> }
	no_shadow
}
sphere {
	0, 1
	scale<0.080000,0.200000,0.300000>
	matrix <-0.707520, -0.375453, -0.598707,
		-0.534369, 0.838632, 0.105577,
		0.462456, 0.394628, -0.793979,
		31.546604, 33.387390, 26.385445>
	pigment { color rgbt <0,1,1,0> }
	no_shadow
}
cylinder {
	<31.376400, 33.408360, 27.653706>,  <31.222885, 33.111149, 26.941231>, 0.130000
	pigment { color rgbt <1,0,0,0> }
	no_shadow
}

// nucleotide -1

// particle -1
sphere {
	<31.376400, 33.408360, 27.653706> 0.250000
	pigment { color rgbt <1,0,0,0> }
	no_shadow
}
cylinder {
	<31.556328, 33.754074, 27.563663>,  <31.664286, 33.961502, 27.509638>, 0.100000
	pigment { color rgbt <1,0,0,0> }
	no_shadow
}
cylinder {
	<31.556328, 33.754074, 27.563663>,  <31.376400, 33.408360, 27.653706>, 0.100000
	pigment { color rgbt <1,0,0,0> }
	no_shadow
}

// particle -1
sphere {
	<31.556328, 33.754074, 27.563663> 0.100000
	pigment { color rgbt <1,0,0,0> }
	no_shadow
}
sphere {
	0, 1
	scale<0.080000,0.200000,0.300000>
	matrix <0.449123, -0.001043, 0.893469,
		0.771978, -0.503000, -0.388640,
		0.449821, 0.864285, -0.225104,
		31.691275, 34.013359, 27.496132>
	pigment { color rgbt <0,1,1,0> }
	no_shadow
}
cylinder {
	<32.021122, 33.570862, 27.879984>,  <31.376400, 33.408360, 27.653706>, 0.130000
	pigment { color rgbt <1,0,0,0> }
	no_shadow
}

// nucleotide -1

// particle -1
sphere {
	<32.021122, 33.570862, 27.879984> 0.250000
	pigment { color rgbt <1,0,0,0> }
	no_shadow
}
cylinder {
	<31.875801, 33.939754, 27.932892>,  <31.788609, 34.161091, 27.964636>, 0.100000
	pigment { color rgbt <1,0,0,0> }
	no_shadow
}
cylinder {
	<31.875801, 33.939754, 27.932892>,  <32.021122, 33.570862, 27.879984>, 0.100000
	pigment { color rgbt <1,0,0,0> }
	no_shadow
}

// particle -1
sphere {
	<31.875801, 33.939754, 27.932892> 0.100000
	pigment { color rgbt <1,0,0,0> }
	no_shadow
}
sphere {
	0, 1
	scale<0.080000,0.200000,0.300000>
	matrix <0.161838, -0.077340, 0.983782,
		0.917506, 0.378820, -0.121155,
		-0.363306, 0.922233, 0.132268,
		31.766809, 34.216423, 27.972572>
	pigment { color rgbt <0,1,1,0> }
	no_shadow
}
cylinder {
	<32.518890, 34.029922, 28.285887>,  <32.021122, 33.570862, 27.879984>, 0.130000
	pigment { color rgbt <1,0,0,0> }
	no_shadow
}

// nucleotide -1

// particle -1
sphere {
	<32.518890, 34.029922, 28.285887> 0.250000
	pigment { color rgbt <1,0,0,0> }
	no_shadow
}
cylinder {
	<32.138226, 34.145332, 28.328020>,  <31.909828, 34.214581, 28.353300>, 0.100000
	pigment { color rgbt <1,0,0,0> }
	no_shadow
}
cylinder {
	<32.138226, 34.145332, 28.328020>,  <32.518890, 34.029922, 28.285887>, 0.100000
	pigment { color rgbt <1,0,0,0> }
	no_shadow
}

// particle -1
sphere {
	<32.138226, 34.145332, 28.328020> 0.100000
	pigment { color rgbt <1,0,0,0> }
	no_shadow
}
sphere {
	0, 1
	scale<0.080000,0.200000,0.300000>
	matrix <0.125882, 0.053556, 0.990599,
		0.280175, 0.955972, -0.087287,
		-0.951660, 0.288529, 0.105335,
		31.852728, 34.231892, 28.359621>
	pigment { color rgbt <0,1,1,0> }
	no_shadow
}
cylinder {
	<32.399349, 34.699726, 28.745615>,  <32.518890, 34.029922, 28.285887>, 0.130000
	pigment { color rgbt <1,0,0,0> }
	no_shadow
}

// nucleotide -1

// particle -1
sphere {
	<32.399349, 34.699726, 28.745615> 0.250000
	pigment { color rgbt <1,0,0,0> }
	no_shadow
}
cylinder {
	<32.083122, 34.454937, 28.754478>,  <31.893385, 34.308064, 28.759796>, 0.100000
	pigment { color rgbt <1,0,0,0> }
	no_shadow
}
cylinder {
	<32.083122, 34.454937, 28.754478>,  <32.399349, 34.699726, 28.745615>, 0.100000
	pigment { color rgbt <1,0,0,0> }
	no_shadow
}

// particle -1
sphere {
	<32.083122, 34.454937, 28.754478> 0.100000
	pigment { color rgbt <1,0,0,0> }
	no_shadow
}
sphere {
	0, 1
	scale<0.080000,0.200000,0.300000>
	matrix <-0.034967, 0.081237, 0.996081,
		-0.611371, 0.786699, -0.085622,
		-0.790571, -0.611969, 0.022157,
		31.845951, 34.271347, 28.761126>
	pigment { color rgbt <0,1,1,0> }
	no_shadow
}
cylinder {
	<31.965801, 34.989391, 29.190691>,  <32.399349, 34.699726, 28.745615>, 0.130000
	pigment { color rgbt <1,0,0,0> }
	no_shadow
}

// nucleotide -1

// particle -1
sphere {
	<31.965801, 34.989391, 29.190691> 0.250000
	pigment { color rgbt <1,0,0,0> }
	no_shadow
}
cylinder {
	<31.835306, 34.611317, 29.196136>,  <31.757010, 34.384472, 29.199404>, 0.100000
	pigment { color rgbt <1,0,0,0> }
	no_shadow
}
cylinder {
	<31.835306, 34.611317, 29.196136>,  <31.965801, 34.989391, 29.190691>, 0.100000
	pigment { color rgbt <1,0,0,0> }
	no_shadow
}

// particle -1
sphere {
	<31.835306, 34.611317, 29.196136> 0.100000
	pigment { color rgbt <1,0,0,0> }
	no_shadow
}
sphere {
	0, 1
	scale<0.080000,0.200000,0.300000>
	matrix <-0.146028, 0.064622, 0.987168,
		-0.933941, 0.320063, -0.159106,
		-0.326238, -0.945190, 0.013615,
		31.737434, 34.327759, 29.200220>
	pigment { color rgbt <0,1,1,0> }
	no_shadow
}
cylinder {
	<31.363821, 34.984398, 29.571753>,  <31.965801, 34.989391, 29.190691>, 0.130000
	pigment { color rgbt <1,0,0,0> }
	no_shadow
}

// nucleotide -1

// particle -1
sphere {
	<31.363821, 34.984398, 29.571753> 0.250000
	pigment { color rgbt <1,0,0,0> }
	no_shadow
}
cylinder {
	<31.459370, 34.596134, 29.582748>,  <31.516699, 34.363174, 29.589346>, 0.100000
	pigment { color rgbt <1,0,0,0> }
	no_shadow
}
cylinder {
	<31.459370, 34.596134, 29.582748>,  <31.363821, 34.984398, 29.571753>, 0.100000
	pigment { color rgbt <1,0,0,0> }
	no_shadow
}

// particle -1
sphere {
	<31.459370, 34.596134, 29.582748> 0.100000
	pigment { color rgbt <1,0,0,0> }
	no_shadow
}
sphere {
	0, 1
	scale<0.080000,0.200000,0.300000>
	matrix <-0.132880, -0.004632, 0.991121,
		-0.961916, -0.240405, -0.130088,
		0.238873, -0.970662, 0.027489,
		31.531033, 34.304935, 29.590996>
	pigment { color rgbt <0,1,1,0> }
	no_shadow
}
cylinder {
	<30.879015, 34.727203, 29.987417>,  <31.363821, 34.984398, 29.571753>, 0.130000
	pigment { color rgbt <1,0,0,0> }
	no_shadow
}

// nucleotide -1

// particle -1
sphere {
	<30.879015, 34.727203, 29.987417> 0.250000
	pigment { color rgbt <1,0,0,0> }
	no_shadow
}
cylinder {
	<31.193569, 34.480145, 29.991562>,  <31.382301, 34.331909, 29.994049>, 0.100000
	pigment { color rgbt <1,0,0,0> }
	no_shadow
}
cylinder {
	<31.193569, 34.480145, 29.991562>,  <30.879015, 34.727203, 29.987417>, 0.100000
	pigment { color rgbt <1,0,0,0> }
	no_shadow
}

// particle -1
sphere {
	<31.193569, 34.480145, 29.991562> 0.100000
	pigment { color rgbt <1,0,0,0> }
	no_shadow
}
sphere {
	0, 1
	scale<0.080000,0.200000,0.300000>
	matrix <-0.063916, -0.064668, 0.995858,
		-0.614421, -0.783790, -0.090332,
		0.786385, -0.617649, 0.010363,
		31.429485, 34.294849, 29.994671>
	pigment { color rgbt <0,1,1,0> }
	no_shadow
}
cylinder {
	<30.741436, 34.139927, 30.230593>,  <30.879015, 34.727203, 29.987417>, 0.130000
	pigment { color rgbt <1,0,0,0> }
	no_shadow
}

// nucleotide -1

// particle -1
sphere {
	<30.741436, 34.139927, 30.230593> 0.250000
	pigment { color rgbt <1,0,0,0> }
	no_shadow
}
cylinder {
	<31.119276, 34.218716, 30.335611>,  <31.345980, 34.265991, 30.398623>, 0.100000
	pigment { color rgbt <1,0,0,0> }
	no_shadow
}
cylinder {
	<31.119276, 34.218716, 30.335611>,  <30.741436, 34.139927, 30.230593>, 0.100000
	pigment { color rgbt <1,0,0,0> }
	no_shadow
}

// particle -1
sphere {
	<31.119276, 34.218716, 30.335611> 0.100000
	pigment { color rgbt <1,0,0,0> }
	no_shadow
}
sphere {
	0, 1
	scale<0.080000,0.200000,0.300000>
	matrix <-0.204952, -0.270813, 0.940561,
		0.256368, -0.942264, -0.215440,
		0.944601, 0.196975, 0.262547,
		31.402657, 34.277809, 30.414375>
	pigment { color rgbt <0,1,1,0> }
	no_shadow
}
cylinder {
	<30.832088, 33.799828, 30.939053>,  <30.741436, 34.139927, 30.230593>, 0.130000
	pigment { color rgbt <1,0,0,0> }
	no_shadow
}

// nucleotide -1

// particle -1
sphere {
	<30.832088, 33.799828, 30.939053> 0.250000
	pigment { color rgbt <1,0,0,0> }
	no_shadow
}
cylinder {
	<31.163523, 34.007935, 30.856327>,  <31.362383, 34.132797, 30.806692>, 0.100000
	pigment { color rgbt <1,0,0,0> }
	no_shadow
}
cylinder {
	<31.163523, 34.007935, 30.856327>,  <30.832088, 33.799828, 30.939053>, 0.100000
	pigment { color rgbt <1,0,0,0> }
	no_shadow
}

// particle -1
sphere {
	<31.163523, 34.007935, 30.856327> 0.100000
	pigment { color rgbt <1,0,0,0> }
	no_shadow
}
sphere {
	0, 1
	scale<0.080000,0.200000,0.300000>
	matrix <0.270613, -0.048787, 0.961451,
		0.490120, -0.852610, -0.181215,
		0.828584, 0.520266, -0.206816,
		31.412098, 34.164013, 30.794283>
	pigment { color rgbt <0,1,1,0> }
	no_shadow
}
cylinder {
	<31.347761, 33.459393, 31.356533>,  <30.832088, 33.799828, 30.939053>, 0.130000
	pigment { color rgbt <1,0,0,0> }
	no_shadow
}

// nucleotide -1

// particle -1
sphere {
	<31.347761, 33.459393, 31.356533> 0.250000
	pigment { color rgbt <1,0,0,0> }
	no_shadow
}
cylinder {
	<31.459581, 33.831146, 31.260128>,  <31.526674, 34.054199, 31.202284>, 0.100000
	pigment { color rgbt <1,0,0,0> }
	no_shadow
}
cylinder {
	<31.459581, 33.831146, 31.260128>,  <31.347761, 33.459393, 31.356533>, 0.100000
	pigment { color rgbt <1,0,0,0> }
	no_shadow
}

// particle -1
sphere {
	<31.459581, 33.831146, 31.260128> 0.100000
	pigment { color rgbt <1,0,0,0> }
	no_shadow
}
sphere {
	0, 1
	scale<0.080000,0.200000,0.300000>
	matrix <0.243084, 0.174334, 0.954211,
		0.928850, -0.325337, -0.177184,
		0.279551, 0.929389, -0.241014,
		31.543447, 34.109962, 31.187824>
	pigment { color rgbt <0,1,1,0> }
	no_shadow
}
cylinder {
	<31.933798, 33.486092, 31.568998>,  <31.347761, 33.459393, 31.356533>, 0.130000
	pigment { color rgbt <1,0,0,0> }
	no_shadow
}

// nucleotide -1

// particle -1
sphere {
	<31.933798, 33.486092, 31.568998> 0.250000
	pigment { color rgbt <1,0,0,0> }
	no_shadow
}
cylinder {
	<31.812847, 33.867081, 31.554272>,  <31.740276, 34.095676, 31.545435>, 0.100000
	pigment { color rgbt <1,0,0,0> }
	no_shadow
}
cylinder {
	<31.812847, 33.867081, 31.554272>,  <31.933798, 33.486092, 31.568998>, 0.100000
	pigment { color rgbt <1,0,0,0> }
	no_shadow
}

// particle -1
sphere {
	<31.812847, 33.867081, 31.554272> 0.100000
	pigment { color rgbt <1,0,0,0> }
	no_shadow
}
sphere {
	0, 1
	scale<0.080000,0.200000,0.300000>
	matrix <0.323747, 0.138956, 0.935884,
