// switches for output
#declare DRAW_BASES = 1; // possible values are 0, 1; only relevant for DNA ribbons
#declare DRAW_BASES_TYPE = 3; // possible values are 1, 2, 3; only relevant for DNA ribbons
#declare DRAW_FOG = 0; // set to 1 to enable fog

#include "colors.inc"

#include "transforms.inc"
background { rgb <1, 1, 1>}

#default {
   normal{
       ripples 0.25
       frequency 0.20
       turbulence 0.2
       lambda 5
   }
	finish {
		phong 0.1
		phong_size 40.
	}
}

// original window dimensions: 1024x640


// camera settings

camera {
	sky <0, 0.179814, -0.983701>
	up <0, 0.179814, -0.983701>
	right 1.6 * <1, 0, 0>
	location <35, 94.9851, 44.8844>
	look_at <35, 29.7336, 32.9568>
	direction <0, -65.2515, -11.9276>
	angle 67.0682
}


# declare cpy_camera_pos = <35, 94.9851, 44.8844>;
# if (DRAW_FOG = 1)
fog {
	fog_type 2
	up vnormalize(cpy_camera_pos)
	color rgbt<1,1,1,0.3>
	distance 1e-5
	fog_alt 3e-3
	fog_offset 56
}
# end


// LIGHTS

# declare lum = 6;
global_settings {
	ambient_light rgb lum * <0.05, 0.05, 0.05>
	max_trace_level 15
}# declare cpy_direct_light_amount = 0.25;
light_source
{	1000 * <-1, -1.16352, -0.803886>,
	rgb lum * cpy_direct_light_amount
	parallel
}

light_source
{	1000 * <1, 1.16352, 0.803886>,
	rgb lum * cpy_direct_light_amount
	parallel
}

// strand 0

// nucleotide -1

// particle -1
sphere {
	<24.274624, 35.727459, 35.299530> 0.250000
	pigment { color rgbt <1,0,0,0> }
	no_shadow
}
cylinder {
	<24.218283, 35.438717, 35.028507>,  <24.184479, 35.265472, 34.865894>, 0.100000
	pigment { color rgbt <1,0,0,0> }
	no_shadow
}
cylinder {
	<24.218283, 35.438717, 35.028507>,  <24.274624, 35.727459, 35.299530>, 0.100000
	pigment { color rgbt <1,0,0,0> }
	no_shadow
}

// particle -1
sphere {
	<24.218283, 35.438717, 35.028507> 0.100000
	pigment { color rgbt <1,0,0,0> }
	no_shadow
}
sphere {
	0, 1
	scale<0.080000,0.200000,0.300000>
	matrix <0.917448, -0.352383, 0.184704,
		-0.372089, -0.595605, 0.711902,
		-0.140852, -0.721859, -0.677554,
		24.176027, 35.222160, 34.825241>
	pigment { color rgbt <0,1,1,0> }
	no_shadow
}
cylinder {
	<24.172337, 35.072258, 35.641979>,  <24.274624, 35.727459, 35.299530>, 0.130000
	pigment { color rgbt <1,0,0,0> }
	no_shadow
}

// nucleotide -1

// particle -1
sphere {
	<24.172337, 35.072258, 35.641979> 0.250000
	pigment { color rgbt <1,0,0,0> }
	no_shadow
}
cylinder {
	<24.394741, 35.132042, 35.314930>,  <24.528183, 35.167912, 35.118698>, 0.100000
	pigment { color rgbt <1,0,0,0> }
	no_shadow
}
cylinder {
	<24.394741, 35.132042, 35.314930>,  <24.172337, 35.072258, 35.641979>, 0.100000
	pigment { color rgbt <1,0,0,0> }
	no_shadow
}

// particle -1
sphere {
	<24.394741, 35.132042, 35.314930> 0.100000
	pigment { color rgbt <1,0,0,0> }
	no_shadow
}
sphere {
	0, 1
	scale<0.080000,0.200000,0.300000>
	matrix <0.830922, -0.124198, 0.542350,
		-0.020486, -0.980936, -0.193247,
		0.556011, 0.149462, -0.817626,
		24.561544, 35.176880, 35.069641>
	pigment { color rgbt <0,1,1,0> }
	no_shadow
}
cylinder {
	<24.704210, 34.555305, 35.638245>,  <24.172337, 35.072258, 35.641979>, 0.130000
	pigment { color rgbt <1,0,0,0> }
	no_shadow
}

// nucleotide -1

// particle -1
sphere {
	<24.704210, 34.555305, 35.638245> 0.250000
	pigment { color rgbt <1,0,0,0> }
	no_shadow
}
cylinder {
	<24.816935, 34.863445, 35.409458>,  <24.884569, 35.048328, 35.272186>, 0.100000
	pigment { color rgbt <1,0,0,0> }
	no_shadow
}
cylinder {
	<24.816935, 34.863445, 35.409458>,  <24.704210, 34.555305, 35.638245>, 0.100000
	pigment { color rgbt <1,0,0,0> }
	no_shadow
}

// particle -1
sphere {
	<24.816935, 34.863445, 35.409458> 0.100000
	pigment { color rgbt <1,0,0,0> }
	no_shadow
}
sphere {
	0, 1
	scale<0.080000,0.200000,0.300000>
	matrix <0.860627, 0.060572, 0.505621,
		0.424151, -0.634737, -0.645915,
		0.281812, 0.770351, -0.571963,
		24.901478, 35.094551, 35.237869>
	pigment { color rgbt <0,1,1,0> }
	no_shadow
}
cylinder {
	<25.339521, 34.443130, 35.904922>,  <24.704210, 34.555305, 35.638245>, 0.130000
	pigment { color rgbt <1,0,0,0> }
	no_shadow
}

// nucleotide -1

// particle -1
sphere {
	<25.339521, 34.443130, 35.904922> 0.250000
	pigment { color rgbt <1,0,0,0> }
	no_shadow
}
cylinder {
	<25.366640, 34.428852, 35.506100>,  <25.382912, 34.420284, 35.266804>, 0.100000
	pigment { color rgbt <1,0,0,0> }
	no_shadow
}
cylinder {
	<25.366640, 34.428852, 35.506100>,  <25.339521, 34.443130, 35.904922>, 0.100000
	pigment { color rgbt <1,0,0,0> }
	no_shadow
}

// particle -1
sphere {
	<25.366640, 34.428852, 35.506100> 0.100000
	pigment { color rgbt <1,0,0,0> }
	no_shadow
}
sphere {
	0, 1
	scale<0.080000,0.200000,0.300000>
	matrix <-0.270787, -0.962506, 0.016050,
		-0.960249, 0.268903, -0.074923,
		0.067798, -0.035700, -0.997060,
		25.386980, 34.418140, 35.206982>
	pigment { color rgbt <0,1,1,0> }
	no_shadow
}
cylinder {
	<24.910130, 33.780399, 35.665012>,  <25.339521, 34.443130, 35.904922>, 0.130000
	pigment { color rgbt <1,0,0,0> }
	no_shadow
}

// nucleotide -1

// particle -1
sphere {
	<24.910130, 33.780399, 35.665012> 0.250000
	pigment { color rgbt <1,0,0,0> }
	no_shadow
}
cylinder {
	<25.156189, 33.869762, 35.362576>,  <25.303825, 33.923382, 35.181114>, 0.100000
	pigment { color rgbt <1,0,0,0> }
	no_shadow
}
cylinder {
	<25.156189, 33.869762, 35.362576>,  <24.910130, 33.780399, 35.665012>, 0.100000
	pigment { color rgbt <1,0,0,0> }
	no_shadow
}

// particle -1
sphere {
	<25.156189, 33.869762, 35.362576> 0.100000
	pigment { color rgbt <1,0,0,0> }
	no_shadow
}
sphere {
	0, 1
	scale<0.080000,0.200000,0.300000>
	matrix <-0.267247, -0.843150, -0.466558,
		-0.741734, 0.489067, -0.458959,
		0.615150, 0.223407, -0.756095,
		25.340734, 33.936783, 35.135746>
	pigment { color rgbt <0,1,1,0> }
	no_shadow
}
cylinder {
	<24.472095, 33.621815, 35.111946>,  <24.910130, 33.780399, 35.665012>, 0.130000
	pigment { color rgbt <1,0,0,0> }
	no_shadow
}

// nucleotide -1

// particle -1
sphere {
	<24.472095, 33.621815, 35.111946> 0.250000
	pigment { color rgbt <1,0,0,0> }
	no_shadow
}
cylinder {
	<24.859398, 33.601116, 35.014126>,  <25.091780, 33.588696, 34.955433>, 0.100000
	pigment { color rgbt <1,0,0,0> }
	no_shadow
}
cylinder {
	<24.859398, 33.601116, 35.014126>,  <24.472095, 33.621815, 35.111946>, 0.100000
	pigment { color rgbt <1,0,0,0> }
	no_shadow
}

// particle -1
sphere {
	<24.859398, 33.601116, 35.014126> 0.100000
	pigment { color rgbt <1,0,0,0> }
	no_shadow
}
sphere {
	0, 1
	scale<0.080000,0.200000,0.300000>
	matrix <-0.167040, -0.861772, -0.479007,
		-0.185956, 0.504650, -0.843059,
		0.968255, -0.051750, -0.244548,
		25.149874, 33.585590, 34.940762>
	pigment { color rgbt <0,1,1,0> }
	no_shadow
}
cylinder {
	<24.473911, 33.388290, 34.393398>,  <24.472095, 33.621815, 35.111946>, 0.130000
	pigment { color rgbt <1,0,0,0> }
	no_shadow
}

// nucleotide -1

// particle -1
sphere {
	<24.473911, 33.388290, 34.393398> 0.250000
	pigment { color rgbt <1,0,0,0> }
	no_shadow
}
cylinder {
	<24.830963, 33.292618, 34.546238>,  <25.045195, 33.235214, 34.637943>, 0.100000
	pigment { color rgbt <1,0,0,0> }
	no_shadow
}
cylinder {
	<24.830963, 33.292618, 34.546238>,  <24.473911, 33.388290, 34.393398>, 0.100000
	pigment { color rgbt <1,0,0,0> }
	no_shadow
}

// particle -1
sphere {
	<24.830963, 33.292618, 34.546238> 0.100000
	pigment { color rgbt <1,0,0,0> }
	no_shadow
}
sphere {
	0, 1
	scale<0.080000,0.200000,0.300000>
	matrix <-0.027312, -0.874769, -0.483769,
		0.449959, 0.421392, -0.787379,
		0.892632, -0.239181, 0.382101,
		25.098753, 33.220863, 34.660870>
	pigment { color rgbt <0,1,1,0> }
	no_shadow
}
cylinder {
	<24.845383, 33.061314, 33.892227>,  <24.473911, 33.388290, 34.393398>, 0.130000
	pigment { color rgbt <1,0,0,0> }
	no_shadow
}

// nucleotide -1

// particle -1
sphere {
	<24.845383, 33.061314, 33.892227> 0.250000
	pigment { color rgbt <1,0,0,0> }
	no_shadow
}
cylinder {
	<25.039066, 32.942734, 34.221508>,  <25.155277, 32.871586, 34.419075>, 0.100000
	pigment { color rgbt <1,0,0,0> }
	no_shadow
}
cylinder {
	<25.039066, 32.942734, 34.221508>,  <24.845383, 33.061314, 33.892227>, 0.100000
	pigment { color rgbt <1,0,0,0> }
	no_shadow
}

// particle -1
sphere {
	<25.039066, 32.942734, 34.221508> 0.100000
	pigment { color rgbt <1,0,0,0> }
	no_shadow
}
sphere {
	0, 1
	scale<0.080000,0.200000,0.300000>
	matrix <0.173883, -0.889480, -0.422600,
		0.857500, 0.347767, -0.379147,
		0.484210, -0.296452, 0.823200,
		25.184330, 32.853798, 34.468468>
	pigment { color rgbt <0,1,1,0> }
	no_shadow
}
cylinder {
	<25.451157, 32.623150, 33.638313>,  <24.845383, 33.061314, 33.892227>, 0.130000
	pigment { color rgbt <1,0,0,0> }
	no_shadow
}

// nucleotide -1

// particle -1
sphere {
	<25.451157, 32.623150, 33.638313> 0.250000
	pigment { color rgbt <1,0,0,0> }
	no_shadow
}
cylinder {
	<25.426619, 32.520092, 34.024029>,  <25.411896, 32.458260, 34.255459>, 0.100000
	pigment { color rgbt <1,0,0,0> }
	no_shadow
}
cylinder {
	<25.426619, 32.520092, 34.024029>,  <25.451157, 32.623150, 33.638313>, 0.100000
	pigment { color rgbt <1,0,0,0> }
	no_shadow
}

// particle -1
sphere {
	<25.426619, 32.520092, 34.024029> 0.100000
	pigment { color rgbt <1,0,0,0> }
	no_shadow
}
sphere {
	0, 1
	scale<0.080000,0.200000,0.300000>
	matrix <0.105629, -0.962362, -0.250405,
		0.992512, 0.086496, 0.086250,
		-0.061345, -0.257640, 0.964292,
		25.408215, 32.442799, 34.313316>
	pigment { color rgbt <0,1,1,0> }
	no_shadow
}
cylinder {
	<26.057535, 32.073906, 33.764267>,  <25.451157, 32.623150, 33.638313>, 0.130000
	pigment { color rgbt <1,0,0,0> }
	no_shadow
}

// nucleotide -1

// particle -1
sphere {
	<26.057535, 32.073906, 33.764267> 0.250000
	pigment { color rgbt <1,0,0,0> }
	no_shadow
}
cylinder {
	<25.760210, 32.036804, 34.029259>,  <25.581814, 32.014542, 34.188255>, 0.100000
	pigment { color rgbt <1,0,0,0> }
	no_shadow
}
cylinder {
	<25.760210, 32.036804, 34.029259>,  <26.057535, 32.073906, 33.764267>, 0.100000
	pigment { color rgbt <1,0,0,0> }
	no_shadow
}

// particle -1
sphere {
	<25.760210, 32.036804, 34.029259> 0.100000
	pigment { color rgbt <1,0,0,0> }
	no_shadow
}
sphere {
	0, 1
	scale<0.080000,0.200000,0.300000>
	matrix <0.011726, -0.991995, -0.125734,
		0.668840, -0.085692, 0.738451,
		-0.743314, -0.092754, 0.662481,
		25.537216, 32.008976, 34.228004>
	pigment { color rgbt <0,1,1,0> }
	no_shadow
}
cylinder {
	<26.207859, 31.565203, 34.258381>,  <26.057535, 32.073906, 33.764267>, 0.130000
	pigment { color rgbt <1,0,0,0> }
	no_shadow
}

// nucleotide -1

// particle -1
sphere {
	<26.207859, 31.565203, 34.258381> 0.250000
	pigment { color rgbt <1,0,0,0> }
	no_shadow
}
cylinder {
	<25.810022, 31.566122, 34.299908>,  <25.571320, 31.566673, 34.324825>, 0.100000
	pigment { color rgbt <1,0,0,0> }
	no_shadow
}
cylinder {
	<25.810022, 31.566122, 34.299908>,  <26.207859, 31.565203, 34.258381>, 0.100000
	pigment { color rgbt <1,0,0,0> }
	no_shadow
}

// particle -1
sphere {
	<25.810022, 31.566122, 34.299908> 0.100000
	pigment { color rgbt <1,0,0,0> }
	no_shadow
}
sphere {
	0, 1
	scale<0.080000,0.200000,0.300000>
	matrix <0.013128, -0.988955, 0.147633,
		0.103014, 0.148198, 0.983578,
		-0.994593, 0.002296, 0.103821,
		25.511644, 31.566811, 34.331055>
	pigment { color rgbt <0,1,1,0> }
	no_shadow
}
cylinder {
	<26.048193, 31.188198, 34.925308>,  <26.207859, 31.565203, 34.258381>, 0.130000
	pigment { color rgbt <1,0,0,0> }
	no_shadow
}

// nucleotide -1

// particle -1
sphere {
	<26.048193, 31.188198, 34.925308> 0.250000
	pigment { color rgbt <1,0,0,0> }
	no_shadow
}
cylinder {
	<25.705362, 31.214142, 34.720871>,  <25.499664, 31.229708, 34.598209>, 0.100000
	pigment { color rgbt <1,0,0,0> }
	no_shadow
}
cylinder {
	<25.705362, 31.214142, 34.720871>,  <26.048193, 31.188198, 34.925308>, 0.100000
	pigment { color rgbt <1,0,0,0> }
	no_shadow
}

// particle -1
sphere {
	<25.705362, 31.214142, 34.720871> 0.100000
	pigment { color rgbt <1,0,0,0> }
	no_shadow
}
sphere {
	0, 1
	scale<0.080000,0.200000,0.300000>
	matrix <-0.304822, -0.863611, 0.401572,
		-0.415338, 0.499970, 0.759950,
		-0.857075, 0.064861, -0.511092,
		25.448240, 31.233601, 34.567543>
	pigment { color rgbt <0,1,1,0> }
	no_shadow
}
cylinder {
	<25.577473, 30.870073, 35.396141>,  <26.048193, 31.188198, 34.925308>, 0.130000
	pigment { color rgbt <1,0,0,0> }
	no_shadow
}

// nucleotide -1

// particle -1
sphere {
	<25.577473, 30.870073, 35.396141> 0.250000
	pigment { color rgbt <1,0,0,0> }
	no_shadow
}
cylinder {
	<25.396864, 30.882944, 35.039471>,  <25.288498, 30.890667, 34.825466>, 0.100000
	pigment { color rgbt <1,0,0,0> }
	no_shadow
}
cylinder {
	<25.396864, 30.882944, 35.039471>,  <25.577473, 30.870073, 35.396141>, 0.100000
	pigment { color rgbt <1,0,0,0> }
	no_shadow
}

// particle -1
sphere {
	<25.396864, 30.882944, 35.039471> 0.100000
	pigment { color rgbt <1,0,0,0> }
	no_shadow
}
sphere {
	0, 1
	scale<0.080000,0.200000,0.300000>
	matrix <-0.408202, -0.896085, 0.174364,
		-0.793410, 0.442715, 0.417737,
		-0.451521, 0.032179, -0.891680,
		25.261408, 30.892597, 34.771965>
	pigment { color rgbt <0,1,1,0> }
	no_shadow
}
cylinder {
	<24.818651, 30.720875, 35.433540>,  <25.577473, 30.870073, 35.396141>, 0.130000
	pigment { color rgbt <1,0,0,0> }
	no_shadow
}

// nucleotide -1

// particle -1
sphere {
	<24.818651, 30.720875, 35.433540> 0.250000
	pigment { color rgbt <1,0,0,0> }
	no_shadow
}
cylinder {
	<24.922020, 30.606352, 35.064487>,  <24.984041, 30.537638, 34.843056>, 0.100000
	pigment { color rgbt <1,0,0,0> }
	no_shadow
}
cylinder {
	<24.922020, 30.606352, 35.064487>,  <24.818651, 30.720875, 35.433540>, 0.100000
	pigment { color rgbt <1,0,0,0> }
	no_shadow
}

// particle -1
sphere {
	<24.922020, 30.606352, 35.064487> 0.100000
	pigment { color rgbt <1,0,0,0> }
	no_shadow
}
sphere {
	0, 1
	scale<0.080000,0.200000,0.300000>
	matrix <-0.409852, -0.897349, 0.163665,
		-0.874779, 0.335847, -0.349239,
		0.258423, -0.286307, -0.922630,
		24.999546, 30.520460, 34.787697>
	pigment { color rgbt <0,1,1,0> }
	no_shadow
}
cylinder {
	<24.183134, 30.314167, 35.178913>,  <24.818651, 30.720875, 35.433540>, 0.130000
	pigment { color rgbt <1,0,0,0> }
	no_shadow
}

// nucleotide -1

// particle -1
sphere {
	<24.183134, 30.314167, 35.178913> 0.250000
	pigment { color rgbt <1,0,0,0> }
	no_shadow
}
cylinder {
	<24.513542, 30.235510, 34.967625>,  <24.711786, 30.188316, 34.840851>, 0.100000
	pigment { color rgbt <1,0,0,0> }
	no_shadow
}
cylinder {
	<24.513542, 30.235510, 34.967625>,  <24.183134, 30.314167, 35.178913>, 0.100000
	pigment { color rgbt <1,0,0,0> }
	no_shadow
}

// particle -1
sphere {
	<24.513542, 30.235510, 34.967625> 0.100000
	pigment { color rgbt <1,0,0,0> }
	no_shadow
}
sphere {
	0, 1
	scale<0.080000,0.200000,0.300000>
	matrix <-0.172953, -0.980385, 0.094511,
		-0.536449, 0.013290, -0.843828,
		0.826020, -0.196643, -0.528225,
		24.761349, 30.176517, 34.809158>
	pigment { color rgbt <0,1,1,0> }
	no_shadow
}
cylinder {
	<23.990499, 29.920000, 34.505505>,  <24.183134, 30.314167, 35.178913>, 0.130000
	pigment { color rgbt <1,0,0,0> }
	no_shadow
}

// nucleotide -1

// particle -1
sphere {
	<23.990499, 29.920000, 34.505505> 0.250000
	pigment { color rgbt <1,0,0,0> }
	no_shadow
}
cylinder {
	<24.372946, 29.813553, 34.554539>,  <24.602413, 29.749683, 34.583958>, 0.100000
	pigment { color rgbt <1,0,0,0> }
	no_shadow
}
cylinder {
	<24.372946, 29.813553, 34.554539>,  <23.990499, 29.920000, 34.505505>, 0.100000
	pigment { color rgbt <1,0,0,0> }
	no_shadow
}

// particle -1
sphere {
	<24.372946, 29.813553, 34.554539> 0.100000
	pigment { color rgbt <1,0,0,0> }
	no_shadow
}
sphere {
	0, 1
	scale<0.080000,0.200000,0.300000>
	matrix <-0.245568, -0.956055, -0.160172,
		0.159823, 0.123039, -0.979448,
		0.956114, -0.266120, 0.122585,
		24.659781, 29.733717, 34.591312>
	pigment { color rgbt <0,1,1,0> }
	no_shadow
}
cylinder {
	<23.974497, 29.168722, 34.157001>,  <23.990499, 29.920000, 34.505505>, 0.130000
	pigment { color rgbt <1,0,0,0> }
	no_shadow
}

// nucleotide -1

// particle -1
sphere {
	<23.974497, 29.168722, 34.157001> 0.250000
	pigment { color rgbt <1,0,0,0> }
	no_shadow
}
cylinder {
	<24.348112, 29.225130, 34.288265>,  <24.572281, 29.258974, 34.367023>, 0.100000
	pigment { color rgbt <1,0,0,0> }
	no_shadow
}
cylinder {
	<24.348112, 29.225130, 34.288265>,  <23.974497, 29.168722, 34.157001>, 0.100000
	pigment { color rgbt <1,0,0,0> }
	no_shadow
}

// particle -1
sphere {
	<24.348112, 29.225130, 34.288265> 0.100000
	pigment { color rgbt <1,0,0,0> }
	no_shadow
}
sphere {
	0, 1
	scale<0.080000,0.200000,0.300000>
	matrix <0.220534, -0.950407, -0.219296,
		0.280957, 0.277200, -0.918816,
		0.934039, 0.141018, 0.328156,
		24.628325, 29.267435, 34.386711>
	pigment { color rgbt <0,1,1,0> }
	no_shadow
}
cylinder {
	<24.568798, 28.938665, 33.557899>,  <23.974497, 29.168722, 34.157001>, 0.130000
	pigment { color rgbt <1,0,0,0> }
	no_shadow
}

// nucleotide -1

// particle -1
sphere {
	<24.568798, 28.938665, 33.557899> 0.250000
	pigment { color rgbt <1,0,0,0> }
	no_shadow
}
cylinder {
	<24.716337, 28.933073, 33.929653>,  <24.804861, 28.929718, 34.152706>, 0.100000
	pigment { color rgbt <1,0,0,0> }
	no_shadow
}
cylinder {
	<24.716337, 28.933073, 33.929653>,  <24.568798, 28.938665, 33.557899>, 0.100000
	pigment { color rgbt <1,0,0,0> }
	no_shadow
}

// particle -1
sphere {
	<24.716337, 28.933073, 33.929653> 0.100000
	pigment { color rgbt <1,0,0,0> }
	no_shadow
}
sphere {
	0, 1
	scale<0.080000,0.200000,0.300000>
	matrix <0.250667, -0.961344, -0.113946,
		0.895051, 0.274994, -0.351086,
		0.368849, -0.013982, 0.929384,
		24.826992, 28.928879, 34.208469>
	pigment { color rgbt <0,1,1,0> }
	no_shadow
}
cylinder {
	<25.167669, 28.522657, 33.560165>,  <24.568798, 28.938665, 33.557899>, 0.130000
	pigment { color rgbt <1,0,0,0> }
	no_shadow
}

// nucleotide -1

// particle -1
sphere {
	<25.167669, 28.522657, 33.560165> 0.250000
	pigment { color rgbt <1,0,0,0> }
	no_shadow
}
cylinder {
	<25.070848, 28.502136, 33.947727>,  <25.012756, 28.489822, 34.180264>, 0.100000
	pigment { color rgbt <1,0,0,0> }
	no_shadow
}
cylinder {
	<25.070848, 28.502136, 33.947727>,  <25.167669, 28.522657, 33.560165>, 0.100000
	pigment { color rgbt <1,0,0,0> }
	no_shadow
}

// particle -1
sphere {
	<25.070848, 28.502136, 33.947727> 0.100000
	pigment { color rgbt <1,0,0,0> }
	no_shadow
}
sphere {
	0, 1
	scale<0.080000,0.200000,0.300000>
	matrix <0.100468, -0.994558, -0.027564,
		0.965048, 0.090672, 0.245888,
		-0.242051, -0.051305, 0.968906,
		24.998234, 28.486744, 34.238400>
	pigment { color rgbt <0,1,1,0> }
	no_shadow
}
cylinder {
	<25.647141, 28.072208, 33.781925>,  <25.167669, 28.522657, 33.560165>, 0.130000
	pigment { color rgbt <1,0,0,0> }
	no_shadow
}

// nucleotide -1

// particle -1
sphere {
	<25.647141, 28.072208, 33.781925> 0.250000
	pigment { color rgbt <1,0,0,0> }
	no_shadow
}
cylinder {
	<25.356600, 28.073444, 34.056850>,  <25.182276, 28.074186, 34.221806>, 0.100000
	pigment { color rgbt <1,0,0,0> }
	no_shadow
}
cylinder {
	<25.356600, 28.073444, 34.056850>,  <25.647141, 28.072208, 33.781925>, 0.100000
	pigment { color rgbt <1,0,0,0> }
	no_shadow
}

// particle -1
sphere {
	<25.356600, 28.073444, 34.056850> 0.100000
	pigment { color rgbt <1,0,0,0> }
	no_shadow
}
sphere {
	0, 1
	scale<0.080000,0.200000,0.300000>
	matrix <0.003628, -0.999959, 0.008332,
		0.687313, 0.008545, 0.726311,
		-0.726352, 0.003092, 0.687316,
		25.138695, 28.074371, 34.263046>
	pigment { color rgbt <0,1,1,0> }
	no_shadow
}
cylinder {
	<25.874359, 27.699406, 34.355797>,  <25.647141, 28.072208, 33.781925>, 0.130000
	pigment { color rgbt <1,0,0,0> }
	no_shadow
}

// nucleotide -1

// particle -1
sphere {
	<25.874359, 27.699406, 34.355797> 0.250000
	pigment { color rgbt <1,0,0,0> }
	no_shadow
}
cylinder {
	<25.475723, 27.709682, 34.387173>,  <25.236542, 27.715849, 34.405998>, 0.100000
	pigment { color rgbt <1,0,0,0> }
	no_shadow
}
cylinder {
	<25.475723, 27.709682, 34.387173>,  <25.874359, 27.699406, 34.355797>, 0.100000
	pigment { color rgbt <1,0,0,0> }
	no_shadow
}

// particle -1
sphere {
	<25.475723, 27.709682, 34.387173> 0.100000
	pigment { color rgbt <1,0,0,0> }
	no_shadow
}
sphere {
	0, 1
	scale<0.080000,0.200000,0.300000>
	matrix <-0.013300, -0.987888, 0.154598,
		0.081465, 0.153027, 0.984859,
		-0.996588, 0.025693, 0.078443,
		25.176746, 27.717390, 34.410706>
	pigment { color rgbt <0,1,1,0> }
	no_shadow
}
cylinder {
	<25.651834, 27.351887, 35.036743>,  <25.874359, 27.699406, 34.355797>, 0.130000
	pigment { color rgbt <1,0,0,0> }
	no_shadow
}

// nucleotide -1

// particle -1
sphere {
	<25.651834, 27.351887, 35.036743> 0.250000
	pigment { color rgbt <1,0,0,0> }
	no_shadow
}
cylinder {
	<25.338760, 27.334591, 34.788376>,  <25.150915, 27.324213, 34.639355>, 0.100000
	pigment { color rgbt <1,0,0,0> }
	no_shadow
}
cylinder {
	<25.338760, 27.334591, 34.788376>,  <25.651834, 27.351887, 35.036743>, 0.100000
	pigment { color rgbt <1,0,0,0> }
	no_shadow
}

// particle -1
sphere {
	<25.338760, 27.334591, 34.788376> 0.100000
	pigment { color rgbt <1,0,0,0> }
	no_shadow
}
sphere {
	0, 1
	scale<0.080000,0.200000,0.300000>
	matrix <-0.087978, -0.979883, 0.179134,
		-0.616169, 0.194832, 0.763136,
		-0.782685, -0.043238, -0.620915,
		25.103954, 27.321619, 34.602100>
	pigment { color rgbt <0,1,1,0> }
	no_shadow
}
cylinder {
	<25.408094, 26.659748, 35.095242>,  <25.651834, 27.351887, 35.036743>, 0.130000
	pigment { color rgbt <1,0,0,0> }
	no_shadow
}

// nucleotide -1

// particle -1
sphere {
	<25.408094, 26.659748, 35.095242> 0.250000
	pigment { color rgbt <1,0,0,0> }
	no_shadow
}
cylinder {
	<25.174288, 26.791098, 34.798454>,  <25.034004, 26.869907, 34.620384>, 0.100000
	pigment { color rgbt <1,0,0,0> }
	no_shadow
}
cylinder {
	<25.174288, 26.791098, 34.798454>,  <25.408094, 26.659748, 35.095242>, 0.100000
	pigment { color rgbt <1,0,0,0> }
	no_shadow
}

// particle -1
sphere {
	<25.174288, 26.791098, 34.798454> 0.100000
	pigment { color rgbt <1,0,0,0> }
	no_shadow
}
sphere {
	0, 1
	scale<0.080000,0.200000,0.300000>
	matrix <-0.375401, -0.920133, -0.111488,
		-0.719315, 0.213367, 0.661105,
		-0.584517, 0.328375, -0.741964,
		24.998932, 26.889610, 34.575867>
	pigment { color rgbt <0,1,1,0> }
	no_shadow
}
cylinder {
	<24.724579, 26.502636, 35.326389>,  <25.408094, 26.659748, 35.095242>, 0.130000
	pigment { color rgbt <1,0,0,0> }
	no_shadow
}

// nucleotide -1

// particle -1
sphere {
	<24.724579, 26.502636, 35.326389> 0.250000
	pigment { color rgbt <1,0,0,0> }
	no_shadow
}
cylinder {
	<24.755514, 26.514160, 34.927753>,  <24.774075, 26.521074, 34.688572>, 0.100000
	pigment { color rgbt <1,0,0,0> }
	no_shadow
}
cylinder {
	<24.755514, 26.514160, 34.927753>,  <24.724579, 26.502636, 35.326389>, 0.100000
	pigment { color rgbt <1,0,0,0> }
	no_shadow
}

// particle -1
sphere {
	<24.755514, 26.514160, 34.927753> 0.100000
	pigment { color rgbt <1,0,0,0> }
	no_shadow
}
sphere {
	0, 1
	scale<0.080000,0.200000,0.300000>
	matrix <-0.414207, -0.908307, -0.058400,
		-0.906891, 0.417310, -0.058312,
		0.077336, 0.028809, -0.996589,
		24.778715, 26.522802, 34.628777>
	pigment { color rgbt <0,1,1,0> }
	no_shadow
}
cylinder {
	<24.092102, 26.175257, 35.010120>,  <24.724579, 26.502636, 35.326389>, 0.130000
	pigment { color rgbt <1,0,0,0> }
	no_shadow
}

// nucleotide -1

// particle -1
sphere {
	<24.092102, 26.175257, 35.010120> 0.250000
	pigment { color rgbt <1,0,0,0> }
	no_shadow
}
cylinder {
	<24.405531, 26.144558, 34.763504>,  <24.593588, 26.126139, 34.615536>, 0.100000
	pigment { color rgbt <1,0,0,0> }
	no_shadow
}
cylinder {
	<24.405531, 26.144558, 34.763504>,  <24.092102, 26.175257, 35.010120>, 0.100000
	pigment { color rgbt <1,0,0,0> }
	no_shadow
}

// particle -1
sphere {
	<24.405531, 26.144558, 34.763504> 0.100000
	pigment { color rgbt <1,0,0,0> }
	no_shadow
}
sphere {
	0, 1
	scale<0.080000,0.200000,0.300000>
	matrix <-0.109715, -0.993839, -0.015722,
		-0.611536, 0.079963, -0.787166,
		0.783573, -0.076749, -0.616541,
		24.640602, 26.121532, 34.578541>
	pigment { color rgbt <0,1,1,0> }
	no_shadow
}
cylinder {
	<23.873617, 25.943878, 34.287643>,  <24.092102, 26.175257, 35.010120>, 0.130000
	pigment { color rgbt <1,0,0,0> }
	no_shadow
}

// nucleotide -1

// particle -1
sphere {
	<23.873617, 25.943878, 34.287643> 0.250000
	pigment { color rgbt <1,0,0,0> }
	no_shadow
}
cylinder {
	<24.225525, 25.845989, 34.450676>,  <24.436668, 25.787256, 34.548496>, 0.100000
	pigment { color rgbt <1,0,0,0> }
	no_shadow
}
cylinder {
	<24.225525, 25.845989, 34.450676>,  <23.873617, 25.943878, 34.287643>, 0.100000
	pigment { color rgbt <1,0,0,0> }
	no_shadow
}

// particle -1
sphere {
	<24.225525, 25.845989, 34.450676> 0.100000
	pigment { color rgbt <1,0,0,0> }
	no_shadow
}
sphere {
	0, 1
	scale<0.080000,0.200000,0.300000>
	matrix <-0.271503, -0.962403, 0.008187,
		0.390251, -0.117862, -0.913133,
		0.879767, -0.244723, 0.407579,
		24.489454, 25.772572, 34.572948>
	pigment { color rgbt <0,1,1,0> }
	no_shadow
}
cylinder {
	<24.452959, 25.399868, 33.976791>,  <23.873617, 25.943878, 34.287643>, 0.130000
	pigment { color rgbt <1,0,0,0> }
	no_shadow
}

// nucleotide -1

// particle -1
sphere {
	<24.452959, 25.399868, 33.976791> 0.250000
	pigment { color rgbt <1,0,0,0> }
	no_shadow
}
cylinder {
	<24.413774, 25.409752, 34.374744>,  <24.390265, 25.415682, 34.613518>, 0.100000
	pigment { color rgbt <1,0,0,0> }
	no_shadow
}
cylinder {
	<24.413774, 25.409752, 34.374744>,  <24.452959, 25.399868, 33.976791>, 0.100000
	pigment { color rgbt <1,0,0,0> }
	no_shadow
}

// particle -1
sphere {
	<24.413774, 25.409752, 34.374744> 0.100000
	pigment { color rgbt <1,0,0,0> }
	no_shadow
}
sphere {
	0, 1
	scale<0.080000,0.200000,0.300000>
	matrix <-0.483396, -0.875020, -0.025866,
		0.869904, -0.483456, 0.097662,
		-0.097962, 0.024709, 0.994884,
		24.384386, 25.417164, 34.673210>
	pigment { color rgbt <0,1,1,0> }
	no_shadow
}
cylinder {
	<24.793636, 25.157362, 34.566711>,  <24.452959, 25.399868, 33.976791>, 0.130000
	pigment { color rgbt <1,0,0,0> }
	no_shadow
}

// nucleotide -1

// particle -1
sphere {
	<24.793636, 25.157362, 34.566711> 0.250000
	pigment { color rgbt <1,0,0,0> }
	no_shadow
}
cylinder {
	<25.085741, 25.194090, 34.837502>,  <25.261003, 25.216127, 34.999973>, 0.100000
	pigment { color rgbt <1,0,0,0> }
	no_shadow
}
cylinder {
	<25.085741, 25.194090, 34.837502>,  <24.793636, 25.157362, 34.566711>, 0.100000
	pigment { color rgbt <1,0,0,0> }
	no_shadow
}

// particle -1
sphere {
	<25.085741, 25.194090, 34.837502> 0.100000
	pigment { color rgbt <1,0,0,0> }
	no_shadow
}
sphere {
	0, 1
	scale<0.080000,0.200000,0.300000>
	matrix <-0.150112, -0.945144, 0.290120,
		0.666474, -0.313485, -0.676417,
		0.730260, 0.091819, 0.676971,
		25.304819, 25.221636, 35.040592>
	pigment { color rgbt <0,1,1,0> }
	no_shadow
}
cylinder {
	<24.963163, 24.853207, 33.894775>,  <24.793636, 25.157362, 34.566711>, 0.130000
	pigment { color rgbt <1,0,0,0> }
	no_shadow
}

// nucleotide -1

// particle -1
sphere {
	<24.963163, 24.853207, 33.894775> 0.250000
	pigment { color rgbt <1,0,0,0> }
	no_shadow
}
cylinder {
	<25.110800, 24.998602, 33.552631>,  <25.199381, 25.085840, 33.347343>, 0.100000
	pigment { color rgbt <1,0,0,0> }
	no_shadow
}
cylinder {
	<25.110800, 24.998602, 33.552631>,  <24.963163, 24.853207, 33.894775>, 0.100000
	pigment { color rgbt <1,0,0,0> }
	no_shadow
}

// particle -1
sphere {
	<25.110800, 24.998602, 33.552631> 0.100000
	pigment { color rgbt <1,0,0,0> }
	no_shadow
}
sphere {
	0, 1
	scale<0.080000,0.200000,0.300000>
	matrix <0.928802, -0.111432, 0.353426,
		0.033152, -0.924909, -0.378739,
		0.369091, 0.363491, -0.855363,
		25.221527, 25.107649, 33.296021>
	pigment { color rgbt <0,1,1,0> }
	no_shadow
}
cylinder {
	<25.612841, 24.479897, 33.794296>,  <24.963163, 24.853207, 33.894775>, 0.130000
	pigment { color rgbt <1,0,0,0> }
	no_shadow
}

// nucleotide -1

// particle -1
sphere {
	<25.612841, 24.479897, 33.794296> 0.250000
	pigment { color rgbt <1,0,0,0> }
	no_shadow
}
cylinder {
	<25.616693, 24.808691, 33.566528>,  <25.619005, 25.005968, 33.429867>, 0.100000
	pigment { color rgbt <1,0,0,0> }
	no_shadow
}
cylinder {
	<25.616693, 24.808691, 33.566528>,  <25.612841, 24.479897, 33.794296>, 0.100000
	pigment { color rgbt <1,0,0,0> }
	no_shadow
}

// particle -1
sphere {
	<25.616693, 24.808691, 33.566528> 0.100000
	pigment { color rgbt <1,0,0,0> }
	no_shadow
}
sphere {
	0, 1
	scale<0.080000,0.200000,0.300000>
	matrix <0.982537, 0.098039, 0.158145,
		0.185819, -0.561002, -0.806689,
		0.009633, 0.821988, -0.569423,
		25.619583, 25.055288, 33.395702>
	pigment { color rgbt <0,1,1,0> }
	no_shadow
}
cylinder {
	<26.246202, 24.380499, 33.318462>,  <25.612841, 24.479897, 33.794296>, 0.130000
	pigment { color rgbt <1,0,0,0> }
	no_shadow
}

// nucleotide -1

// particle -1
sphere {
	<26.246202, 24.380499, 33.318462> 0.250000
	pigment { color rgbt <1,0,0,0> }
	no_shadow
}
cylinder {
	<26.158239, 24.767290, 33.369999>,  <26.105461, 24.999365, 33.400921>, 0.100000
	pigment { color rgbt <1,0,0,0> }
	no_shadow
}
cylinder {
	<26.158239, 24.767290, 33.369999>,  <26.246202, 24.380499, 33.318462>, 0.100000
	pigment { color rgbt <1,0,0,0> }
	no_shadow
}

// particle -1
sphere {
	<26.158239, 24.767290, 33.369999> 0.100000
	pigment { color rgbt <1,0,0,0> }
	no_shadow
}
sphere {
	0, 1
	scale<0.080000,0.200000,0.300000>
	matrix <0.970813, 0.203969, 0.126167,
		0.095722, 0.152821, -0.983607,
		-0.219906, 0.966976, 0.128837,
		26.092268, 25.057383, 33.408649>
	pigment { color rgbt <0,1,1,0> }
	no_shadow
}
cylinder {
	<26.861435, 24.615919, 33.113453>,  <26.246202, 24.380499, 33.318462>, 0.130000
	pigment { color rgbt <1,0,0,0> }
	no_shadow
}

// nucleotide -1

// particle -1
sphere {
	<26.861435, 24.615919, 33.113453> 0.250000
	pigment { color rgbt <1,0,0,0> }
	no_shadow
}
cylinder {
	<27.129730, 24.389774, 33.305485>,  <27.290707, 24.254087, 33.420704>, 0.100000
	pigment { color rgbt <1,0,0,0> }
	no_shadow
}
cylinder {
	<27.129730, 24.389774, 33.305485>,  <26.861435, 24.615919, 33.113453>, 0.100000
	pigment { color rgbt <1,0,0,0> }
	no_shadow
}

// particle -1
sphere {
	<27.129730, 24.389774, 33.305485> 0.100000
	pigment { color rgbt <1,0,0,0> }
	no_shadow
}
sphere {
	0, 1
	scale<0.080000,0.200000,0.300000>
	matrix <0.486300, 0.823950, 0.290894,
		-0.560021, 0.038348, 0.827591,
		0.670738, -0.565364, 0.480078,
		27.330952, 24.220165, 33.449509>
	pigment { color rgbt <0,1,1,0> }
	no_shadow
}
cylinder {
	<26.870077, 24.643501, 33.948345>,  <26.861435, 24.615919, 33.113453>, 0.130000
	pigment { color rgbt <1,0,0,0> }
	no_shadow
}

// nucleotide -1

// particle -1
sphere {
	<26.870077, 24.643501, 33.948345> 0.250000
	pigment { color rgbt <1,0,0,0> }
	no_shadow
}
cylinder {
	<27.205229, 24.592367, 33.736076>,  <27.406321, 24.561687, 33.608715>, 0.100000
	pigment { color rgbt <1,0,0,0> }
	no_shadow
}
cylinder {
	<27.205229, 24.592367, 33.736076>,  <26.870077, 24.643501, 33.948345>, 0.100000
	pigment { color rgbt <1,0,0,0> }
	no_shadow
}

// particle -1
sphere {
	<27.205229, 24.592367, 33.736076> 0.100000
	pigment { color rgbt <1,0,0,0> }
	no_shadow
}
sphere {
	0, 1
	scale<0.080000,0.200000,0.300000>
	matrix <0.255373, 0.951037, 0.174109,
		0.482433, -0.281402, 0.829500,
		0.837880, -0.127836, -0.530674,
		27.456593, 24.554016, 33.576874>
	pigment { color rgbt <0,1,1,0> }
	no_shadow
}
cylinder {
	<27.327099, 24.952763, 34.320568>,  <26.870077, 24.643501, 33.948345>, 0.130000
	pigment { color rgbt <1,0,0,0> }
	no_shadow
}

// nucleotide -1

// particle -1
sphere {
	<27.327099, 24.952763, 34.320568> 0.250000
	pigment { color rgbt <1,0,0,0> }
	no_shadow
}
cylinder {
	<27.480856, 24.964945, 33.951500>,  <27.573111, 24.972254, 33.730061>, 0.100000
	pigment { color rgbt <1,0,0,0> }
	no_shadow
}
cylinder {
	<27.480856, 24.964945, 33.951500>,  <27.327099, 24.952763, 34.320568>, 0.100000
	pigment { color rgbt <1,0,0,0> }
	no_shadow
}

// particle -1
sphere {
	<27.480856, 24.964945, 33.951500> 0.100000
	pigment { color rgbt <1,0,0,0> }
	no_shadow
}
sphere {
	0, 1
	scale<0.080000,0.200000,0.300000>
	matrix <0.223836, 0.966558, 0.125154,
		0.895623, -0.254634, 0.364720,
		0.384391, 0.030454, -0.922668,
		27.596174, 24.974081, 33.674698>
	pigment { color rgbt <0,1,1,0> }
	no_shadow
}
cylinder {
	<28.013645, 25.219652, 34.294464>,  <27.327099, 24.952763, 34.320568>, 0.130000
	pigment { color rgbt <1,0,0,0> }
	no_shadow
}

// nucleotide -1

// particle -1
sphere {
	<28.013645, 25.219652, 34.294464> 0.250000
	pigment { color rgbt <1,0,0,0> }
	no_shadow
}
cylinder {
	<27.810995, 25.299248, 33.958908>,  <27.689405, 25.347006, 33.757576>, 0.100000
	pigment { color rgbt <1,0,0,0> }
	no_shadow
}
cylinder {
	<27.810995, 25.299248, 33.958908>,  <28.013645, 25.219652, 34.294464>, 0.100000
	pigment { color rgbt <1,0,0,0> }
	no_shadow
}

// particle -1
sphere {
	<27.810995, 25.299248, 33.958908> 0.100000
	pigment { color rgbt <1,0,0,0> }
	no_shadow
}
sphere {
	0, 1
	scale<0.080000,0.200000,0.300000>
	matrix <0.175037, 0.976477, 0.125917,
		0.844211, -0.083044, -0.529539,
		-0.506626, 0.198990, -0.838888,
		27.659008, 25.358944, 33.707241>
	pigment { color rgbt <0,1,1,0> }
	no_shadow
}
cylinder {
	<28.408983, 25.599037, 33.818920>,  <28.013645, 25.219652, 34.294464>, 0.130000
	pigment { color rgbt <1,0,0,0> }
	no_shadow
}

// nucleotide -1

// particle -1
sphere {
	<28.408983, 25.599037, 33.818920> 0.250000
	pigment { color rgbt <1,0,0,0> }
	no_shadow
}
cylinder {
	<28.029619, 25.687740, 33.728283>,  <27.802002, 25.740961, 33.673901>, 0.100000
	pigment { color rgbt <1,0,0,0> }
	no_shadow
}
cylinder {
	<28.029619, 25.687740, 33.728283>,  <28.408983, 25.599037, 33.818920>, 0.100000
	pigment { color rgbt <1,0,0,0> }
	no_shadow
}

// particle -1
sphere {
	<28.029619, 25.687740, 33.728283> 0.100000
	pigment { color rgbt <1,0,0,0> }
	no_shadow
}
sphere {
	0, 1
	scale<0.080000,0.200000,0.300000>
	matrix <0.193911, 0.971150, 0.138801,
		0.250840, 0.087700, -0.964047,
		-0.948408, 0.221757, -0.226597,
		27.745096, 25.754267, 33.660305>
	pigment { color rgbt <0,1,1,0> }
	no_shadow
}
cylinder {
	<28.481195, 26.267895, 33.678909>,  <28.408983, 25.599037, 33.818920>, 0.130000
	pigment { color rgbt <1,0,0,0> }
	no_shadow
}

// nucleotide -1

// particle -1
sphere {
	<28.481195, 26.267895, 33.678909> 0.250000
	pigment { color rgbt <1,0,0,0> }
	no_shadow
}
cylinder {
	<28.084888, 26.223185, 33.709591>,  <27.847103, 26.196360, 33.728001>, 0.100000
	pigment { color rgbt <1,0,0,0> }
	no_shadow
}
cylinder {
	<28.084888, 26.223185, 33.709591>,  <28.481195, 26.267895, 33.678909>, 0.100000
	pigment { color rgbt <1,0,0,0> }
	no_shadow
}

// particle -1
sphere {
	<28.084888, 26.223185, 33.709591> 0.100000
	pigment { color rgbt <1,0,0,0> }
	no_shadow
}
sphere {
	0, 1
	scale<0.080000,0.200000,0.300000>
	matrix <-0.086646, 0.957305, 0.275790,
		-0.104259, 0.266597, -0.958152,
		-0.990769, -0.111773, 0.076708,
		27.787659, 26.189653, 33.732605>
	pigment { color rgbt <0,1,1,0> }
	no_shadow
}
cylinder {
	<28.178370, 26.831974, 33.235943>,  <28.481195, 26.267895, 33.678909>, 0.130000
	pigment { color rgbt <1,0,0,0> }
	no_shadow
}

// nucleotide -1

// particle -1
sphere {
	<28.178370, 26.831974, 33.235943> 0.250000
	pigment { color rgbt <1,0,0,0> }
	no_shadow
}
cylinder {
	<27.905533, 26.715181, 33.504120>,  <27.741831, 26.645105, 33.665028>, 0.100000
	pigment { color rgbt <1,0,0,0> }
	no_shadow
}
cylinder {
	<27.905533, 26.715181, 33.504120>,  <28.178370, 26.831974, 33.235943>, 0.100000
	pigment { color rgbt <1,0,0,0> }
	no_shadow
}

// particle -1
sphere {
	<27.905533, 26.715181, 33.504120> 0.100000
	pigment { color rgbt <1,0,0,0> }
	no_shadow
}
sphere {
	0, 1
	scale<0.080000,0.200000,0.300000>
	matrix <-0.023929, 0.925248, 0.378608,
		-0.730873, 0.242203, -0.638092,
		-0.682093, -0.291983, 0.670443,
		27.700905, 26.627586, 33.705254>
	pigment { color rgbt <0,1,1,0> }
	no_shadow
}
cylinder {
	<27.720695, 27.428225, 33.228905>,  <28.178370, 26.831974, 33.235943>, 0.130000
	pigment { color rgbt <1,0,0,0> }
	no_shadow
}

// nucleotide -1

// particle -1
sphere {
	<27.720695, 27.428225, 33.228905> 0.250000
	pigment { color rgbt <1,0,0,0> }
	no_shadow
}
cylinder {
	<27.642656, 27.227676, 33.566086>,  <27.595833, 27.107347, 33.768394>, 0.100000
	pigment { color rgbt <1,0,0,0> }
	no_shadow
}
cylinder {
	<27.642656, 27.227676, 33.566086>,  <27.720695, 27.428225, 33.228905>, 0.100000
	pigment { color rgbt <1,0,0,0> }
	no_shadow
}

// particle -1
sphere {
	<27.642656, 27.227676, 33.566086> 0.100000
	pigment { color rgbt <1,0,0,0> }
	no_shadow
}
sphere {
	0, 1
	scale<0.080000,0.200000,0.300000>
	matrix <-0.085872, 0.864897, 0.494549,
		-0.977017, 0.024100, -0.211795,
		-0.195099, -0.501371, 0.842950,
		27.584127, 27.077265, 33.818970>
	pigment { color rgbt <0,1,1,0> }
	no_shadow
}
cylinder {
	<26.935680, 27.543480, 33.361202>,  <27.720695, 27.428225, 33.228905>, 0.130000
	pigment { color rgbt <1,0,0,0> }
	no_shadow
}

// nucleotide -1

// particle -1
sphere {
	<26.935680, 27.543480, 33.361202> 0.250000
	pigment { color rgbt <1,0,0,0> }
	no_shadow
}
cylinder {
	<27.165651, 27.477711, 33.681808>,  <27.303635, 27.438250, 33.874172>, 0.100000
	pigment { color rgbt <1,0,0,0> }
	no_shadow
}
cylinder {
	<27.165651, 27.477711, 33.681808>,  <26.935680, 27.543480, 33.361202>, 0.100000
	pigment { color rgbt <1,0,0,0> }
	no_shadow
}

// particle -1
sphere {
	<27.165651, 27.477711, 33.681808> 0.100000
	pigment { color rgbt <1,0,0,0> }
	no_shadow
}
sphere {
	0, 1
	scale<0.080000,0.200000,0.300000>
	matrix <-0.235979, 0.904652, 0.354850,
		-0.783437, -0.393153, 0.481309,
		0.574927, -0.164424, 0.801513,
		27.338129, 27.428383, 33.922264>
	pigment { color rgbt <0,1,1,0> }
	no_shadow
}
cylinder {
	<26.640455, 28.001373, 33.868015>,  <26.935680, 27.543480, 33.361202>, 0.130000
	pigment { color rgbt <1,0,0,0> }
	no_shadow
}

// nucleotide -1

// particle -1
sphere {
	<26.640455, 28.001373, 33.868015> 0.250000
	pigment { color rgbt <1,0,0,0> }
	no_shadow
}
cylinder {
	<26.985485, 27.896170, 34.040890>,  <27.192503, 27.833048, 34.144615>, 0.100000
	pigment { color rgbt <1,0,0,0> }
	no_shadow
}
cylinder {
	<26.985485, 27.896170, 34.040890>,  <26.640455, 28.001373, 33.868015>, 0.100000
	pigment { color rgbt <1,0,0,0> }
	no_shadow
}

// particle -1
sphere {
	<26.985485, 27.896170, 34.040890> 0.100000
	pigment { color rgbt <1,0,0,0> }
	no_shadow
}
sphere {
	0, 1
	scale<0.080000,0.200000,0.300000>
	matrix <-0.027020, 0.829084, 0.558471,
		-0.505204, -0.493402, 0.708042,
		0.862577, -0.263010, 0.432188,
		27.244259, 27.817266, 34.170547>
	pigment { color rgbt <0,1,1,0> }
	no_shadow
}
cylinder {
	<26.512554, 28.086452, 34.571350>,  <26.640455, 28.001373, 33.868015>, 0.130000
	pigment { color rgbt <1,0,0,0> }
	no_shadow
}

// nucleotide -1

// particle -1
sphere {
	<26.512554, 28.086452, 34.571350> 0.250000
	pigment { color rgbt <1,0,0,0> }
	no_shadow
}
cylinder {
	<26.906555, 28.109880, 34.506435>,  <27.142956, 28.123938, 34.467487>, 0.100000
	pigment { color rgbt <1,0,0,0> }
	no_shadow
}
cylinder {
	<26.906555, 28.109880, 34.506435>,  <26.512554, 28.086452, 34.571350>, 0.100000
	pigment { color rgbt <1,0,0,0> }
	no_shadow
}

// particle -1
sphere {
	<26.906555, 28.109880, 34.506435> 0.100000
	pigment { color rgbt <1,0,0,0> }
	no_shadow
}
sphere {
	0, 1
	scale<0.080000,0.200000,0.300000>
	matrix <-0.003428, 0.947076, 0.320992,
		0.172500, -0.315622, 0.933074,
		0.985003, 0.058569, -0.162288,
		27.202057, 28.127451, 34.457748>
	pigment { color rgbt <0,1,1,0> }
	no_shadow
}
cylinder {
	<26.862621, 28.397751, 35.225006>,  <26.512554, 28.086452, 34.571350>, 0.130000
	pigment { color rgbt <1,0,0,0> }
	no_shadow
}

// nucleotide -1

// particle -1
sphere {
	<26.862621, 28.397751, 35.225006> 0.250000
	pigment { color rgbt <1,0,0,0> }
	no_shadow
}
cylinder {
	<27.122820, 28.438280, 34.923920>,  <27.278938, 28.462597, 34.743267>, 0.100000
	pigment { color rgbt <1,0,0,0> }
	no_shadow
}
cylinder {
	<27.122820, 28.438280, 34.923920>,  <26.862621, 28.397751, 35.225006>, 0.100000
	pigment { color rgbt <1,0,0,0> }
	no_shadow
}

// particle -1
sphere {
	<27.122820, 28.438280, 34.923920> 0.100000
	pigment { color rgbt <1,0,0,0> }
	no_shadow
}
sphere {
	0, 1
	scale<0.080000,0.200000,0.300000>
	matrix <0.241063, 0.912274, 0.331126,
