// switches for output
#declare DRAW_BASES = 1; // possible values are 0, 1; only relevant for DNA ribbons
#declare DRAW_BASES_TYPE = 3; // possible values are 1, 2, 3; only relevant for DNA ribbons
#declare DRAW_FOG = 0; // set to 1 to enable fog

#include "colors.inc"

#include "transforms.inc"
background { rgb <1, 1, 1>}

#default {
   normal{
       ripples 0.25
       frequency 0.20
       turbulence 0.2
       lambda 5
   }
	finish {
		phong 0.1
		phong_size 40.
	}
}

// original window dimensions: 1024x640


// camera settings

camera {
	sky <0, 0.179814, -0.983701>
	up <0, 0.179814, -0.983701>
	right 1.6 * <1, 0, 0>
	location <35, 94.9851, 44.8844>
	look_at <35, 29.7336, 32.9568>
	direction <0, -65.2515, -11.9276>
	angle 67.0682
}


# declare cpy_camera_pos = <35, 94.9851, 44.8844>;
# if (DRAW_FOG = 1)
fog {
	fog_type 2
	up vnormalize(cpy_camera_pos)
	color rgbt<1,1,1,0.3>
	distance 1e-5
	fog_alt 3e-3
	fog_offset 56
}
# end


// LIGHTS

# declare lum = 6;
global_settings {
	ambient_light rgb lum * <0.05, 0.05, 0.05>
	max_trace_level 15
}# declare cpy_direct_light_amount = 0.25;
light_source
{	1000 * <-1, -1.16352, -0.803886>,
	rgb lum * cpy_direct_light_amount
	parallel
}

light_source
{	1000 * <1, 1.16352, 0.803886>,
	rgb lum * cpy_direct_light_amount
	parallel
}

// strand 0

// nucleotide -1

// particle -1
sphere {
	<24.159163, 35.544796, 34.851765> 0.250000
	pigment { color rgbt <1,0,0,0> }
	no_shadow
}
cylinder {
	<24.222109, 35.267262, 35.132854>,  <24.259876, 35.100742, 35.301510>, 0.100000
	pigment { color rgbt <1,0,0,0> }
	no_shadow
}
cylinder {
	<24.222109, 35.267262, 35.132854>,  <24.159163, 35.544796, 34.851765>, 0.100000
	pigment { color rgbt <1,0,0,0> }
	no_shadow
}

// particle -1
sphere {
	<24.222109, 35.267262, 35.132854> 0.100000
	pigment { color rgbt <1,0,0,0> }
	no_shadow
}
sphere {
	0, 1
	scale<0.080000,0.200000,0.300000>
	matrix <0.670043, -0.447721, -0.592105,
		0.725450, 0.564035, 0.394444,
		0.157367, -0.693837, 0.702727,
		24.269320, 35.059109, 35.343674>
	pigment { color rgbt <0,1,1,0> }
	no_shadow
}
cylinder {
	<24.900537, 35.477623, 34.993393>,  <24.159163, 35.544796, 34.851765>, 0.130000
	pigment { color rgbt <1,0,0,0> }
	no_shadow
}

// nucleotide -1

// particle -1
sphere {
	<24.900537, 35.477623, 34.993393> 0.250000
	pigment { color rgbt <1,0,0,0> }
	no_shadow
}
cylinder {
	<24.720762, 35.132656, 35.086555>,  <24.612896, 34.925678, 35.142452>, 0.100000
	pigment { color rgbt <1,0,0,0> }
	no_shadow
}
cylinder {
	<24.720762, 35.132656, 35.086555>,  <24.900537, 35.477623, 34.993393>, 0.100000
	pigment { color rgbt <1,0,0,0> }
	no_shadow
}

// particle -1
sphere {
	<24.720762, 35.132656, 35.086555> 0.100000
	pigment { color rgbt <1,0,0,0> }
	no_shadow
}
sphere {
	0, 1
	scale<0.080000,0.200000,0.300000>
	matrix <0.660277, -0.496322, -0.563648,
		0.601696, -0.099541, 0.792498,
		-0.449440, -0.862413, 0.232910,
		24.585930, 34.873932, 35.156429>
	pigment { color rgbt <0,1,1,0> }
	no_shadow
}
cylinder {
	<25.316589, 35.010212, 35.140335>,  <24.900537, 35.477623, 34.993393>, 0.130000
	pigment { color rgbt <1,0,0,0> }
	no_shadow
}

// nucleotide -1

// particle -1
sphere {
	<25.316589, 35.010212, 35.140335> 0.250000
	pigment { color rgbt <1,0,0,0> }
	no_shadow
}
cylinder {
	<25.020798, 34.834068, 34.936665>,  <24.843323, 34.728382, 34.814465>, 0.100000
	pigment { color rgbt <1,0,0,0> }
	no_shadow
}
cylinder {
	<25.020798, 34.834068, 34.936665>,  <25.316589, 35.010212, 35.140335>, 0.100000
	pigment { color rgbt <1,0,0,0> }
	no_shadow
}

// particle -1
sphere {
	<25.020798, 34.834068, 34.936665> 0.100000
	pigment { color rgbt <1,0,0,0> }
	no_shadow
}
sphere {
	0, 1
	scale<0.080000,0.200000,0.300000>
	matrix <0.672885, -0.505893, -0.539720,
		-0.019916, -0.741726, 0.670408,
		-0.739479, -0.440358, -0.509172,
		24.798954, 34.701962, 34.783913>
	pigment { color rgbt <0,1,1,0> }
	no_shadow
}
cylinder {
	<25.390017, 34.272820, 35.155407>,  <25.316589, 35.010212, 35.140335>, 0.130000
	pigment { color rgbt <1,0,0,0> }
	no_shadow
}

// nucleotide -1

// particle -1
sphere {
	<25.390017, 34.272820, 35.155407> 0.250000
	pigment { color rgbt <1,0,0,0> }
	no_shadow
}
cylinder {
	<25.211048, 34.357952, 34.807957>,  <25.103666, 34.409031, 34.599487>, 0.100000
	pigment { color rgbt <1,0,0,0> }
	no_shadow
}
cylinder {
	<25.211048, 34.357952, 34.807957>,  <25.390017, 34.272820, 35.155407>, 0.100000
	pigment { color rgbt <1,0,0,0> }
	no_shadow
}

// particle -1
sphere {
	<25.211048, 34.357952, 34.807957> 0.100000
	pigment { color rgbt <1,0,0,0> }
	no_shadow
}
sphere {
	0, 1
	scale<0.080000,0.200000,0.300000>
	matrix <0.647355, -0.593061, -0.478759,
		-0.617047, -0.776518, 0.127567,
		-0.447420, 0.212836, -0.868629,
		25.076822, 34.421803, 34.547367>
	pigment { color rgbt <0,1,1,0> }
	no_shadow
}
cylinder {
	<24.955082, 33.721455, 34.741028>,  <25.390017, 34.272820, 35.155407>, 0.130000
	pigment { color rgbt <1,0,0,0> }
	no_shadow
}

// nucleotide -1

// particle -1
sphere {
	<24.955082, 33.721455, 34.741028> 0.250000
	pigment { color rgbt <1,0,0,0> }
	no_shadow
}
cylinder {
	<25.133390, 33.995937, 34.511101>,  <25.240376, 34.160625, 34.373146>, 0.100000
	pigment { color rgbt <1,0,0,0> }
	no_shadow
}
cylinder {
	<25.133390, 33.995937, 34.511101>,  <24.955082, 33.721455, 34.741028>, 0.100000
	pigment { color rgbt <1,0,0,0> }
	no_shadow
}

// particle -1
sphere {
	<25.133390, 33.995937, 34.511101> 0.100000
	pigment { color rgbt <1,0,0,0> }
	no_shadow
}
sphere {
	0, 1
	scale<0.080000,0.200000,0.300000>
	matrix <0.445188, -0.727050, -0.522691,
		-0.776591, -0.022900, -0.629588,
		0.445772, 0.686202, -0.574816,
		25.267122, 34.201797, 34.338657>
	pigment { color rgbt <0,1,1,0> }
	no_shadow
}
cylinder {
	<24.760834, 33.634613, 34.108311>,  <24.955082, 33.721455, 34.741028>, 0.130000
	pigment { color rgbt <1,0,0,0> }
	no_shadow
}

// nucleotide -1

// particle -1
sphere {
	<24.760834, 33.634613, 34.108311> 0.250000
	pigment { color rgbt <1,0,0,0> }
	no_shadow
}
cylinder {
	<25.122047, 33.806332, 34.114410>,  <25.338776, 33.909363, 34.118069>, 0.100000
	pigment { color rgbt <1,0,0,0> }
	no_shadow
}
cylinder {
	<25.122047, 33.806332, 34.114410>,  <24.760834, 33.634613, 34.108311>, 0.100000
	pigment { color rgbt <1,0,0,0> }
	no_shadow
}

// particle -1
sphere {
	<25.122047, 33.806332, 34.114410> 0.100000
	pigment { color rgbt <1,0,0,0> }
	no_shadow
}
sphere {
	0, 1
	scale<0.080000,0.200000,0.300000>
	matrix <0.358840, -0.734364, -0.576145,
		-0.236143, 0.525749, -0.817205,
		0.903034, 0.429299, 0.015245,
		25.392958, 33.935120, 34.118984>
	pigment { color rgbt <0,1,1,0> }
	no_shadow
}
cylinder {
	<24.991730, 33.602036, 33.371998>,  <24.760834, 33.634613, 34.108311>, 0.130000
	pigment { color rgbt <1,0,0,0> }
	no_shadow
}

// nucleotide -1

// particle -1
sphere {
	<24.991730, 33.602036, 33.371998> 0.250000
	pigment { color rgbt <1,0,0,0> }
	no_shadow
}
cylinder {
	<25.291842, 33.631882, 33.634758>,  <25.471909, 33.649792, 33.792412>, 0.100000
	pigment { color rgbt <1,0,0,0> }
	no_shadow
}
cylinder {
	<25.291842, 33.631882, 33.634758>,  <24.991730, 33.602036, 33.371998>, 0.100000
	pigment { color rgbt <1,0,0,0> }
	no_shadow
}

// particle -1
sphere {
	<25.291842, 33.631882, 33.634758> 0.100000
	pigment { color rgbt <1,0,0,0> }
	no_shadow
}
sphere {
	0, 1
	scale<0.080000,0.200000,0.300000>
	matrix <0.411654, -0.830220, -0.375867,
		0.517321, 0.552419, -0.653614,
		0.750280, 0.074619, 0.656896,
		25.516926, 33.654266, 33.831825>
	pigment { color rgbt <0,1,1,0> }
	no_shadow
}
cylinder {
	<25.590460, 33.500481, 32.915325>,  <24.991730, 33.602036, 33.371998>, 0.130000
	pigment { color rgbt <1,0,0,0> }
	no_shadow
}

// nucleotide -1

// particle -1
sphere {
	<25.590460, 33.500481, 32.915325> 0.250000
	pigment { color rgbt <1,0,0,0> }
	no_shadow
}
cylinder {
	<25.675327, 33.419434, 33.297726>,  <25.726248, 33.370804, 33.527164>, 0.100000
	pigment { color rgbt <1,0,0,0> }
	no_shadow
}
cylinder {
	<25.675327, 33.419434, 33.297726>,  <25.590460, 33.500481, 32.915325>, 0.100000
	pigment { color rgbt <1,0,0,0> }
	no_shadow
}

// particle -1
sphere {
	<25.675327, 33.419434, 33.297726> 0.100000
	pigment { color rgbt <1,0,0,0> }
	no_shadow
}
sphere {
	0, 1
	scale<0.080000,0.200000,0.300000>
	matrix <0.318009, -0.910707, -0.263596,
		0.924043, 0.359943, -0.128789,
		0.212168, -0.202617, 0.955997,
		25.738977, 33.358650, 33.584526>
	pigment { color rgbt <0,1,1,0> }
	no_shadow
}
cylinder {
	<26.098530, 33.073742, 32.896049>,  <25.590460, 33.500481, 32.915325>, 0.130000
	pigment { color rgbt <1,0,0,0> }
	no_shadow
}

// nucleotide -1

// particle -1
sphere {
	<26.098530, 33.073742, 32.896049> 0.250000
	pigment { color rgbt <1,0,0,0> }
	no_shadow
}
cylinder {
	<26.014404, 33.013496, 33.282436>,  <25.963930, 32.977348, 33.514267>, 0.100000
	pigment { color rgbt <1,0,0,0> }
	no_shadow
}
cylinder {
	<26.014404, 33.013496, 33.282436>,  <26.098530, 33.073742, 32.896049>, 0.100000
	pigment { color rgbt <1,0,0,0> }
	no_shadow
}

// particle -1
sphere {
	<26.014404, 33.013496, 33.282436> 0.100000
	pigment { color rgbt <1,0,0,0> }
	no_shadow
}
sphere {
	0, 1
	scale<0.080000,0.200000,0.300000>
	matrix <0.222813, -0.969443, -0.102642,
		0.951905, 0.193643, 0.237444,
		-0.210312, -0.150611, 0.965963,
		25.951311, 32.968311, 33.572224>
	pigment { color rgbt <0,1,1,0> }
	no_shadow
}
cylinder {
	<26.728426, 32.703773, 33.175167>,  <26.098530, 33.073742, 32.896049>, 0.130000
	pigment { color rgbt <1,0,0,0> }
	no_shadow
}

// nucleotide -1

// particle -1
sphere {
	<26.728426, 32.703773, 33.175167> 0.250000
	pigment { color rgbt <1,0,0,0> }
	no_shadow
}
cylinder {
	<26.419075, 32.621799, 33.415127>,  <26.233463, 32.572613, 33.559105>, 0.100000
	pigment { color rgbt <1,0,0,0> }
	no_shadow
}
cylinder {
	<26.419075, 32.621799, 33.415127>,  <26.728426, 32.703773, 33.175167>, 0.100000
	pigment { color rgbt <1,0,0,0> }
	no_shadow
}

// particle -1
sphere {
	<26.419075, 32.621799, 33.415127> 0.100000
	pigment { color rgbt <1,0,0,0> }
	no_shadow
}
sphere {
	0, 1
	scale<0.080000,0.200000,0.300000>
	matrix <0.344548, -0.930220, 0.126400,
		0.532138, 0.304450, 0.790024,
		-0.773379, -0.204939, 0.599904,
		26.187061, 32.560318, 33.595097>
	pigment { color rgbt <0,1,1,0> }
	no_shadow
}
cylinder {
	<27.019684, 32.347210, 33.699425>,  <26.728426, 32.703773, 33.175167>, 0.130000
	pigment { color rgbt <1,0,0,0> }
	no_shadow
}

// nucleotide -1

// particle -1
sphere {
	<27.019684, 32.347210, 33.699425> 0.250000
	pigment { color rgbt <1,0,0,0> }
	no_shadow
}
cylinder {
	<26.633421, 32.244537, 33.715504>,  <26.401663, 32.182934, 33.725151>, 0.100000
	pigment { color rgbt <1,0,0,0> }
	no_shadow
}
cylinder {
	<26.633421, 32.244537, 33.715504>,  <27.019684, 32.347210, 33.699425>, 0.100000
	pigment { color rgbt <1,0,0,0> }
	no_shadow
}

// particle -1
sphere {
	<26.633421, 32.244537, 33.715504> 0.100000
	pigment { color rgbt <1,0,0,0> }
	no_shadow
}
sphere {
	0, 1
	scale<0.080000,0.200000,0.300000>
	matrix <0.259631, -0.959167, 0.112204,
		0.009755, 0.118787, 0.992872,
		-0.965659, -0.256686, 0.040197,
		26.343723, 32.167530, 33.727562>
	pigment { color rgbt <0,1,1,0> }
	no_shadow
}
cylinder {
	<27.008978, 31.895000, 34.246723>,  <27.019684, 32.347210, 33.699425>, 0.130000
	pigment { color rgbt <1,0,0,0> }
	no_shadow
}

// nucleotide -1

// particle -1
sphere {
	<27.008978, 31.895000, 34.246723> 0.250000
	pigment { color rgbt <1,0,0,0> }
	no_shadow
}
cylinder {
	<26.657488, 31.809479, 34.076019>,  <26.446594, 31.758165, 33.973595>, 0.100000
	pigment { color rgbt <1,0,0,0> }
	no_shadow
}
cylinder {
	<26.657488, 31.809479, 34.076019>,  <27.008978, 31.895000, 34.246723>, 0.100000
	pigment { color rgbt <1,0,0,0> }
	no_shadow
}

// particle -1
sphere {
	<26.657488, 31.809479, 34.076019> 0.100000
	pigment { color rgbt <1,0,0,0> }
	no_shadow
}
sphere {
	0, 1
	scale<0.080000,0.200000,0.300000>
	matrix <0.093709, -0.953946, 0.284967,
		-0.468038, 0.210416, 0.858292,
		-0.878726, -0.213805, -0.426764,
		26.393869, 31.745337, 33.947990>
	pigment { color rgbt <0,1,1,0> }
	no_shadow
}
cylinder {
	<26.604937, 31.512718, 34.702148>,  <27.008978, 31.895000, 34.246723>, 0.130000
	pigment { color rgbt <1,0,0,0> }
	no_shadow
}

// nucleotide -1

// particle -1
sphere {
	<26.604937, 31.512718, 34.702148> 0.250000
	pigment { color rgbt <1,0,0,0> }
	no_shadow
}
cylinder {
	<26.424166, 31.443634, 34.352077>,  <26.315702, 31.402184, 34.142036>, 0.100000
	pigment { color rgbt <1,0,0,0> }
	no_shadow
}
cylinder {
	<26.424166, 31.443634, 34.352077>,  <26.604937, 31.512718, 34.702148>, 0.100000
	pigment { color rgbt <1,0,0,0> }
	no_shadow
}

// particle -1
sphere {
	<26.424166, 31.443634, 34.352077> 0.100000
	pigment { color rgbt <1,0,0,0> }
	no_shadow
}
sphere {
	0, 1
	scale<0.080000,0.200000,0.300000>
	matrix <-0.151930, -0.951843, 0.266293,
		-0.879021, 0.253311, 0.403925,
		-0.451928, -0.172709, -0.875176,
		26.288588, 31.391821, 34.089523>
	pigment { color rgbt <0,1,1,0> }
	no_shadow
}
cylinder {
	<26.034334, 31.149931, 34.857769>,  <26.604937, 31.512718, 34.702148>, 0.130000
	pigment { color rgbt <1,0,0,0> }
	no_shadow
}

// nucleotide -1

// particle -1
sphere {
	<26.034334, 31.149931, 34.857769> 0.250000
	pigment { color rgbt <1,0,0,0> }
	no_shadow
}
cylinder {
	<26.140070, 31.082516, 34.477932>,  <26.203510, 31.042067, 34.250031>, 0.100000
	pigment { color rgbt <1,0,0,0> }
	no_shadow
}
cylinder {
	<26.140070, 31.082516, 34.477932>,  <26.034334, 31.149931, 34.857769>, 0.100000
	pigment { color rgbt <1,0,0,0> }
	no_shadow
}

// particle -1
sphere {
	<26.140070, 31.082516, 34.477932> 0.100000
	pigment { color rgbt <1,0,0,0> }
	no_shadow
}
sphere {
	0, 1
	scale<0.080000,0.200000,0.300000>
	matrix <-0.066431, -0.985456, 0.156410,
		-0.962139, 0.021738, -0.271690,
		0.264338, -0.168536, -0.949590,
		26.219372, 31.031956, 34.193054>
	pigment { color rgbt <0,1,1,0> }
	no_shadow
}
cylinder {
	<25.587488, 30.716677, 34.616230>,  <26.034334, 31.149931, 34.857769>, 0.130000
	pigment { color rgbt <1,0,0,0> }
	no_shadow
}

// nucleotide -1

// particle -1
sphere {
	<25.587488, 30.716677, 34.616230> 0.250000
	pigment { color rgbt <1,0,0,0> }
	no_shadow
}
cylinder {
	<25.869421, 30.687496, 34.333984>,  <26.038580, 30.669987, 34.164639>, 0.100000
	pigment { color rgbt <1,0,0,0> }
	no_shadow
}
cylinder {
	<25.869421, 30.687496, 34.333984>,  <25.587488, 30.716677, 34.616230>, 0.100000
	pigment { color rgbt <1,0,0,0> }
	no_shadow
}

// particle -1
sphere {
	<25.869421, 30.687496, 34.333984> 0.100000
	pigment { color rgbt <1,0,0,0> }
	no_shadow
}
sphere {
	0, 1
	scale<0.080000,0.200000,0.300000>
	matrix <-0.029411, -0.996848, 0.073686,
		-0.708765, -0.031184, -0.704755,
		0.704832, -0.072954, -0.705613,
		26.080870, 30.665609, 34.122299>
	pigment { color rgbt <0,1,1,0> }
	no_shadow
}
cylinder {
	<25.317944, 30.322342, 34.117996>,  <25.587488, 30.716677, 34.616230>, 0.130000
	pigment { color rgbt <1,0,0,0> }
	no_shadow
}

// nucleotide -1

// particle -1
sphere {
	<25.317944, 30.322342, 34.117996> 0.250000
	pigment { color rgbt <1,0,0,0> }
	no_shadow
}
cylinder {
	<25.712660, 30.264828, 34.088146>,  <25.949490, 30.230320, 34.070236>, 0.100000
	pigment { color rgbt <1,0,0,0> }
	no_shadow
}
cylinder {
	<25.712660, 30.264828, 34.088146>,  <25.317944, 30.322342, 34.117996>, 0.100000
	pigment { color rgbt <1,0,0,0> }
	no_shadow
}

// particle -1
sphere {
	<25.712660, 30.264828, 34.088146> 0.100000
	pigment { color rgbt <1,0,0,0> }
	no_shadow
}
sphere {
	0, 1
	scale<0.080000,0.200000,0.300000>
	matrix <-0.145174, -0.989314, -0.013501,
		-0.071884, 0.024155, -0.997120,
		0.986792, -0.143785, -0.074622,
		26.008698, 30.221693, 34.065758>
	pigment { color rgbt <0,1,1,0> }
	no_shadow
}
cylinder {
	<25.393610, 29.789160, 33.590389>,  <25.317944, 30.322342, 34.117996>, 0.130000
	pigment { color rgbt <1,0,0,0> }
	no_shadow
}

// nucleotide -1

// particle -1
sphere {
	<25.393610, 29.789160, 33.590389> 0.250000
	pigment { color rgbt <1,0,0,0> }
	no_shadow
}
cylinder {
	<25.729609, 29.795542, 33.807331>,  <25.931208, 29.799372, 33.937496>, 0.100000
	pigment { color rgbt <1,0,0,0> }
	no_shadow
}
cylinder {
	<25.729609, 29.795542, 33.807331>,  <25.393610, 29.789160, 33.590389>, 0.100000
	pigment { color rgbt <1,0,0,0> }
	no_shadow
}

// particle -1
sphere {
	<25.729609, 29.795542, 33.807331> 0.100000
	pigment { color rgbt <1,0,0,0> }
	no_shadow
}
sphere {
	0, 1
	scale<0.080000,0.200000,0.300000>
	matrix <0.049534, -0.997649, -0.047366,
		0.540328, 0.066652, -0.838811,
		0.839995, 0.015956, 0.542359,
		25.981607, 29.800329, 33.970039>
	pigment { color rgbt <0,1,1,0> }
	no_shadow
}
cylinder {
	<25.818956, 29.357315, 33.271317>,  <25.393610, 29.789160, 33.590389>, 0.130000
	pigment { color rgbt <1,0,0,0> }
	no_shadow
}

// nucleotide -1

// particle -1
sphere {
	<25.818956, 29.357315, 33.271317> 0.250000
	pigment { color rgbt <1,0,0,0> }
	no_shadow
}
cylinder {
	<25.998621, 29.378693, 33.628056>,  <26.106419, 29.391520, 33.842098>, 0.100000
	pigment { color rgbt <1,0,0,0> }
	no_shadow
}
cylinder {
	<25.998621, 29.378693, 33.628056>,  <25.818956, 29.357315, 33.271317>, 0.100000
	pigment { color rgbt <1,0,0,0> }
	no_shadow
}

// particle -1
sphere {
	<25.998621, 29.378693, 33.628056> 0.100000
	pigment { color rgbt <1,0,0,0> }
	no_shadow
}
sphere {
	0, 1
	scale<0.080000,0.200000,0.300000>
	matrix <0.214012, -0.975585, -0.049318,
		0.867441, 0.213019, -0.449632,
		0.449160, 0.053446, 0.891851,
		26.133369, 29.394726, 33.895611>
	pigment { color rgbt <0,1,1,0> }
	no_shadow
}
cylinder {
	<26.447830, 29.010847, 33.236515>,  <25.818956, 29.357315, 33.271317>, 0.130000
	pigment { color rgbt <1,0,0,0> }
	no_shadow
}

// nucleotide -1

// particle -1
sphere {
	<26.447830, 29.010847, 33.236515> 0.250000
	pigment { color rgbt <1,0,0,0> }
	no_shadow
}
cylinder {
	<26.395363, 29.001007, 33.632938>,  <26.363882, 28.995104, 33.870792>, 0.100000
	pigment { color rgbt <1,0,0,0> }
	no_shadow
}
cylinder {
	<26.395363, 29.001007, 33.632938>,  <26.447830, 29.010847, 33.236515>, 0.100000
	pigment { color rgbt <1,0,0,0> }
	no_shadow
}

// particle -1
sphere {
	<26.395363, 29.001007, 33.632938> 0.100000
	pigment { color rgbt <1,0,0,0> }
	no_shadow
}
sphere {
	0, 1
	scale<0.080000,0.200000,0.300000>
	matrix <0.269578, -0.962906, 0.011780,
		0.954003, 0.268712, 0.132935,
		-0.131169, -0.024598, 0.991055,
		26.356012, 28.993628, 33.930256>
	pigment { color rgbt <0,1,1,0> }
	no_shadow
}
cylinder {
	<27.106380, 28.589573, 33.533276>,  <26.447830, 29.010847, 33.236515>, 0.130000
	pigment { color rgbt <1,0,0,0> }
	no_shadow
}

// nucleotide -1

// particle -1
sphere {
	<27.106380, 28.589573, 33.533276> 0.250000
	pigment { color rgbt <1,0,0,0> }
	no_shadow
}
cylinder {
	<26.857805, 28.580843, 33.846539>,  <26.708660, 28.575605, 34.034496>, 0.100000
	pigment { color rgbt <1,0,0,0> }
	no_shadow
}
cylinder {
	<26.857805, 28.580843, 33.846539>,  <27.106380, 28.589573, 33.533276>, 0.100000
	pigment { color rgbt <1,0,0,0> }
	no_shadow
}

// particle -1
sphere {
	<26.857805, 28.580843, 33.846539> 0.100000
	pigment { color rgbt <1,0,0,0> }
	no_shadow
}
sphere {
	0, 1
	scale<0.080000,0.200000,0.300000>
	matrix <0.382576, -0.880784, 0.279027,
		0.683706, 0.473016, 0.555700,
		-0.621436, -0.021825, 0.783161,
		26.671375, 28.574295, 34.081486>
	pigment { color rgbt <0,1,1,0> }
	no_shadow
}
cylinder {
	<27.477449, 28.433416, 34.171623>,  <27.106380, 28.589573, 33.533276>, 0.130000
	pigment { color rgbt <1,0,0,0> }
	no_shadow
}

// nucleotide -1

// particle -1
sphere {
	<27.477449, 28.433416, 34.171623> 0.250000
	pigment { color rgbt <1,0,0,0> }
	no_shadow
}
cylinder {
	<27.092382, 28.348558, 34.238876>,  <26.861343, 28.297644, 34.279228>, 0.100000
	pigment { color rgbt <1,0,0,0> }
	no_shadow
}
cylinder {
	<27.092382, 28.348558, 34.238876>,  <27.477449, 28.433416, 34.171623>, 0.100000
	pigment { color rgbt <1,0,0,0> }
	no_shadow
}

// particle -1
sphere {
	<27.092382, 28.348558, 34.238876> 0.100000
	pigment { color rgbt <1,0,0,0> }
	no_shadow
}
sphere {
	0, 1
	scale<0.080000,0.200000,0.300000>
	matrix <0.248344, -0.939299, 0.236732,
		0.107708, 0.269650, 0.956916,
		-0.962665, -0.212146, 0.168136,
		26.803583, 28.284914, 34.289318>
	pigment { color rgbt <0,1,1,0> }
	no_shadow
}
cylinder {
	<27.504951, 28.046522, 34.767448>,  <27.477449, 28.433416, 34.171623>, 0.130000
	pigment { color rgbt <1,0,0,0> }
	no_shadow
}

// nucleotide -1

// particle -1
sphere {
	<27.504951, 28.046522, 34.767448> 0.250000
	pigment { color rgbt <1,0,0,0> }
	no_shadow
}
cylinder {
	<27.145815, 27.969538, 34.609035>,  <26.930334, 27.923347, 34.513988>, 0.100000
	pigment { color rgbt <1,0,0,0> }
	no_shadow
}
cylinder {
	<27.145815, 27.969538, 34.609035>,  <27.504951, 28.046522, 34.767448>, 0.100000
	pigment { color rgbt <1,0,0,0> }
	no_shadow
}

// particle -1
sphere {
	<27.145815, 27.969538, 34.609035> 0.100000
	pigment { color rgbt <1,0,0,0> }
	no_shadow
}
sphere {
	0, 1
	scale<0.080000,0.200000,0.300000>
	matrix <0.094908, -0.962863, 0.252759,
		-0.429972, 0.189350, 0.882763,
		-0.897840, -0.192461, -0.396033,
		26.876463, 27.911800, 34.490227>
	pigment { color rgbt <0,1,1,0> }
	no_shadow
}
cylinder {
	<27.050289, 27.766571, 35.275215>,  <27.504951, 28.046522, 34.767448>, 0.130000
	pigment { color rgbt <1,0,0,0> }
	no_shadow
}

// nucleotide -1

// particle -1
sphere {
	<27.050289, 27.766571, 35.275215> 0.250000
	pigment { color rgbt <1,0,0,0> }
	no_shadow
}
cylinder {
	<26.932131, 27.631666, 34.917667>,  <26.861235, 27.550724, 34.703140>, 0.100000
	pigment { color rgbt <1,0,0,0> }
	no_shadow
}
cylinder {
	<26.932131, 27.631666, 34.917667>,  <27.050289, 27.766571, 35.275215>, 0.100000
	pigment { color rgbt <1,0,0,0> }
	no_shadow
}

// particle -1
sphere {
	<26.932131, 27.631666, 34.917667> 0.100000
	pigment { color rgbt <1,0,0,0> }
	no_shadow
}
sphere {
	0, 1
	scale<0.080000,0.200000,0.300000>
	matrix <0.139459, -0.940818, 0.308889,
		-0.945141, -0.033413, 0.324949,
		-0.295397, -0.337261, -0.893866,
		26.843512, 27.530487, 34.649509>
	pigment { color rgbt <0,1,1,0> }
	no_shadow
}
cylinder {
	<26.635118, 27.119873, 35.363029>,  <27.050289, 27.766571, 35.275215>, 0.130000
	pigment { color rgbt <1,0,0,0> }
	no_shadow
}

// nucleotide -1

// particle -1
sphere {
	<26.635118, 27.119873, 35.363029> 0.250000
	pigment { color rgbt <1,0,0,0> }
	no_shadow
}
cylinder {
	<26.705370, 27.115335, 34.969273>,  <26.747520, 27.112612, 34.733017>, 0.100000
	pigment { color rgbt <1,0,0,0> }
	no_shadow
}
cylinder {
	<26.705370, 27.115335, 34.969273>,  <26.635118, 27.119873, 35.363029>, 0.100000
	pigment { color rgbt <1,0,0,0> }
	no_shadow
}

// particle -1
sphere {
	<26.705370, 27.115335, 34.969273> 0.100000
	pigment { color rgbt <1,0,0,0> }
	no_shadow
}
sphere {
	0, 1
	scale<0.080000,0.200000,0.300000>
	matrix <0.119913, -0.992241, 0.032831,
		-0.977126, -0.123807, -0.172907,
		0.175630, -0.011346, -0.984391,
		26.758059, 27.111931, 34.673954>
	pigment { color rgbt <0,1,1,0> }
	no_shadow
}
cylinder {
	<26.161638, 26.610180, 34.942833>,  <26.635118, 27.119873, 35.363029>, 0.130000
	pigment { color rgbt <1,0,0,0> }
	no_shadow
}

// nucleotide -1

// particle -1
sphere {
	<26.161638, 26.610180, 34.942833> 0.250000
	pigment { color rgbt <1,0,0,0> }
	no_shadow
}
cylinder {
	<26.513096, 26.665125, 34.759914>,  <26.723970, 26.698092, 34.650162>, 0.100000
	pigment { color rgbt <1,0,0,0> }
	no_shadow
}
cylinder {
	<26.513096, 26.665125, 34.759914>,  <26.161638, 26.610180, 34.942833>, 0.100000
	pigment { color rgbt <1,0,0,0> }
	no_shadow
}

// particle -1
sphere {
	<26.513096, 26.665125, 34.759914> 0.100000
	pigment { color rgbt <1,0,0,0> }
	no_shadow
}
sphere {
	0, 1
	scale<0.080000,0.200000,0.300000>
	matrix <0.156751, -0.987628, 0.004513,
		-0.451018, -0.075647, -0.889304,
		0.878642, 0.137364, -0.457295,
		26.776688, 26.706333, 34.622726>
	pigment { color rgbt <0,1,1,0> }
	no_shadow
}
cylinder {
	<26.297573, 26.010887, 34.345337>,  <26.161638, 26.610180, 34.942833>, 0.130000
	pigment { color rgbt <1,0,0,0> }
	no_shadow
}

// nucleotide -1

// particle -1
sphere {
	<26.297573, 26.010887, 34.345337> 0.250000
	pigment { color rgbt <1,0,0,0> }
	no_shadow
}
cylinder {
	<26.593086, 26.181942, 34.553696>,  <26.770393, 26.284575, 34.678711>, 0.100000
	pigment { color rgbt <1,0,0,0> }
	no_shadow
}
cylinder {
	<26.593086, 26.181942, 34.553696>,  <26.297573, 26.010887, 34.345337>, 0.100000
	pigment { color rgbt <1,0,0,0> }
	no_shadow
}

// particle -1
sphere {
	<26.593086, 26.181942, 34.553696> 0.100000
	pigment { color rgbt <1,0,0,0> }
	no_shadow
}
sphere {
	0, 1
	scale<0.080000,0.200000,0.300000>
	matrix <0.282918, -0.898290, 0.336203,
		0.611687, -0.101010, -0.784625,
		0.738781, 0.427635, 0.520894,
		26.814720, 26.310232, 34.709965>
	pigment { color rgbt <0,1,1,0> }
	no_shadow
}
cylinder {
	<26.791471, 25.537920, 34.619553>,  <26.297573, 26.010887, 34.345337>, 0.130000
	pigment { color rgbt <1,0,0,0> }
	no_shadow
}

// nucleotide -1

// particle -1
sphere {
	<26.791471, 25.537920, 34.619553> 0.250000
	pigment { color rgbt <1,0,0,0> }
	no_shadow
}
cylinder {
	<26.974556, 25.846647, 34.796097>,  <27.084406, 26.031883, 34.902023>, 0.100000
	pigment { color rgbt <1,0,0,0> }
	no_shadow
}
cylinder {
	<26.974556, 25.846647, 34.796097>,  <26.791471, 25.537920, 34.619553>, 0.100000
	pigment { color rgbt <1,0,0,0> }
	no_shadow
}

// particle -1
sphere {
	<26.974556, 25.846647, 34.796097> 0.100000
	pigment { color rgbt <1,0,0,0> }
	no_shadow
}
sphere {
	0, 1
	scale<0.080000,0.200000,0.300000>
	matrix <0.336931, -0.609958, 0.717237,
		0.822788, -0.179578, -0.539233,
		0.457710, 0.771818, 0.441360,
		27.111870, 26.078192, 34.928505>
	pigment { color rgbt <0,1,1,0> }
	no_shadow
}
cylinder {
	<27.557352, 25.400213, 34.660686>,  <26.791471, 25.537920, 34.619553>, 0.130000
	pigment { color rgbt <1,0,0,0> }
	no_shadow
}

// nucleotide -1

// particle -1
sphere {
	<27.557352, 25.400213, 34.660686> 0.250000
	pigment { color rgbt <1,0,0,0> }
	no_shadow
}
cylinder {
	<27.395306, 25.624805, 34.949303>,  <27.298079, 25.759562, 35.122471>, 0.100000
	pigment { color rgbt <1,0,0,0> }
	no_shadow
}
cylinder {
	<27.395306, 25.624805, 34.949303>,  <27.557352, 25.400213, 34.660686>, 0.100000
	pigment { color rgbt <1,0,0,0> }
	no_shadow
}

// particle -1
sphere {
	<27.395306, 25.624805, 34.949303> 0.100000
	pigment { color rgbt <1,0,0,0> }
	no_shadow
}
sphere {
	0, 1
	scale<0.080000,0.200000,0.300000>
	matrix <0.475215, -0.544899, 0.690837,
		0.781058, 0.622756, -0.046077,
		-0.405115, 0.561480, 0.721541,
		27.273771, 25.793249, 35.165764>
	pigment { color rgbt <0,1,1,0> }
	no_shadow
}
cylinder {
	<28.165495, 25.581570, 35.093143>,  <27.557352, 25.400213, 34.660686>, 0.130000
	pigment { color rgbt <1,0,0,0> }
	no_shadow
}

// nucleotide -1

// particle -1
sphere {
	<28.165495, 25.581570, 35.093143> 0.250000
	pigment { color rgbt <1,0,0,0> }
	no_shadow
}
cylinder {
	<27.835005, 25.637623, 35.311398>,  <27.636711, 25.671255, 35.442348>, 0.100000
	pigment { color rgbt <1,0,0,0> }
	no_shadow
}
cylinder {
	<27.835005, 25.637623, 35.311398>,  <28.165495, 25.581570, 35.093143>, 0.100000
	pigment { color rgbt <1,0,0,0> }
	no_shadow
}

// particle -1
sphere {
	<27.835005, 25.637623, 35.311398> 0.100000
	pigment { color rgbt <1,0,0,0> }
	no_shadow
}
sphere {
	0, 1
	scale<0.080000,0.200000,0.300000>
	matrix <0.365999, -0.602772, 0.709021,
		0.428251, 0.785511, 0.446736,
		-0.826224, 0.140134, 0.545634,
		27.587137, 25.679663, 35.475086>
	pigment { color rgbt <0,1,1,0> }
	no_shadow
}
cylinder {
	<28.274267, 25.928854, 35.826664>,  <28.165495, 25.581570, 35.093143>, 0.130000
	pigment { color rgbt <1,0,0,0> }
	no_shadow
}

// nucleotide -1

// particle -1
sphere {
	<28.274267, 25.928854, 35.826664> 0.250000
	pigment { color rgbt <1,0,0,0> }
	no_shadow
}
cylinder {
	<27.963806, 25.677782, 35.850697>,  <27.777531, 25.527140, 35.865116>, 0.100000
	pigment { color rgbt <1,0,0,0> }
	no_shadow
}
cylinder {
	<27.963806, 25.677782, 35.850697>,  <28.274267, 25.928854, 35.826664>, 0.100000
	pigment { color rgbt <1,0,0,0> }
	no_shadow
}

// particle -1
sphere {
	<27.963806, 25.677782, 35.850697> 0.100000
	pigment { color rgbt <1,0,0,0> }
	no_shadow
}
sphere {
	0, 1
	scale<0.080000,0.200000,0.300000>
	matrix <0.388420, -0.400880, 0.829713,
		-0.496709, 0.667319, 0.554947,
		-0.776151, -0.627679, 0.060079,
		27.730961, 25.489479, 35.868721>
	pigment { color rgbt <0,1,1,0> }
	no_shadow
}
cylinder {
	<28.039606, 26.117716, 36.543083>,  <28.274267, 25.928854, 35.826664>, 0.130000
	pigment { color rgbt <1,0,0,0> }
	no_shadow
}

// nucleotide -1

// particle -1
sphere {
	<28.039606, 26.117716, 36.543083> 0.250000
	pigment { color rgbt <1,0,0,0> }
	no_shadow
}
cylinder {
	<27.961828, 25.763454, 36.374413>,  <27.915161, 25.550898, 36.273209>, 0.100000
	pigment { color rgbt <1,0,0,0> }
	no_shadow
}
cylinder {
	<27.961828, 25.763454, 36.374413>,  <28.039606, 26.117716, 36.543083>, 0.100000
	pigment { color rgbt <1,0,0,0> }
	no_shadow
}

// particle -1
sphere {
	<27.961828, 25.763454, 36.374413> 0.100000
	pigment { color rgbt <1,0,0,0> }
	no_shadow
}
sphere {
	0, 1
	scale<0.080000,0.200000,0.300000>
	matrix <0.412510, -0.463851, 0.784014,
		-0.889959, -0.021501, 0.455533,
		-0.194443, -0.885652, -0.421678,
		27.903496, 25.497759, 36.247910>
	pigment { color rgbt <0,1,1,0> }
	no_shadow
}
cylinder {
	<28.850567, 25.867399, 36.576763>,  <28.039606, 26.117716, 36.543083>, 0.130000
	pigment { color rgbt <1,0,0,0> }
	no_shadow
}

// nucleotide -1

// particle -1
sphere {
	<28.850567, 25.867399, 36.576763> 0.250000
	pigment { color rgbt <1,0,0,0> }
	no_shadow
}
cylinder {
	<28.869623, 25.569176, 36.842655>,  <28.881058, 25.390242, 37.002190>, 0.100000
	pigment { color rgbt <1,0,0,0> }
	no_shadow
}
cylinder {
	<28.869623, 25.569176, 36.842655>,  <28.850567, 25.867399, 36.576763>, 0.100000
	pigment { color rgbt <1,0,0,0> }
	no_shadow
}

// particle -1
sphere {
	<28.869623, 25.569176, 36.842655> 0.100000
	pigment { color rgbt <1,0,0,0> }
	no_shadow
}
sphere {
	0, 1
	scale<0.080000,0.200000,0.300000>
	matrix <0.636856, -0.490011, -0.595235,
		0.769510, 0.451698, 0.451469,
		0.047642, -0.745559, 0.664734,
		28.883915, 25.345509, 37.042076>
	pigment { color rgbt <0,1,1,0> }
	no_shadow
}
cylinder {
	<29.574940, 25.739199, 36.812038>,  <28.850567, 25.867399, 36.576763>, 0.130000
	pigment { color rgbt <1,0,0,0> }
	no_shadow
}

// nucleotide -1

// particle -1
sphere {
	<29.574940, 25.739199, 36.812038> 0.250000
	pigment { color rgbt <1,0,0,0> }
	no_shadow
}
cylinder {
	<29.301758, 25.447939, 36.788818>,  <29.137848, 25.273184, 36.774887>, 0.100000
	pigment { color rgbt <1,0,0,0> }
	no_shadow
}
cylinder {
	<29.301758, 25.447939, 36.788818>,  <29.574940, 25.739199, 36.812038>, 0.100000
	pigment { color rgbt <1,0,0,0> }
	no_shadow
}

// particle -1
sphere {
	<29.301758, 25.447939, 36.788818> 0.100000
	pigment { color rgbt <1,0,0,0> }
	no_shadow
}
sphere {
	0, 1
	scale<0.080000,0.200000,0.300000>
	matrix <0.585576, -0.498258, -0.639405,
		0.436659, -0.470678, 0.766675,
		-0.682956, -0.728149, -0.058049,
		29.096870, 25.229494, 36.771404>
	pigment { color rgbt <0,1,1,0> }
	no_shadow
}
cylinder {
	<29.709017, 26.251160, 37.261673>,  <29.574940, 25.739199, 36.812038>, 0.130000
	pigment { color rgbt <1,0,0,0> }
	no_shadow
}

// nucleotide -1

// particle -1
sphere {
	<29.709017, 26.251160, 37.261673> 0.250000
	pigment { color rgbt <1,0,0,0> }
	no_shadow
}
cylinder {
	<30.082806, 26.195572, 37.130558>,  <30.307079, 26.162218, 37.051888>, 0.100000
	pigment { color rgbt <1,0,0,0> }
	no_shadow
}
cylinder {
	<30.082806, 26.195572, 37.130558>,  <29.709017, 26.251160, 37.261673>, 0.100000
	pigment { color rgbt <1,0,0,0> }
	no_shadow
}

// particle -1
sphere {
	<30.082806, 26.195572, 37.130558> 0.100000
	pigment { color rgbt <1,0,0,0> }
	no_shadow
}
sphere {
	0, 1
	scale<0.080000,0.200000,0.300000>
	matrix <0.056446, 0.966858, -0.248995,
		0.351527, 0.214177, 0.911349,
		0.934474, -0.138971, -0.327788,
		30.363148, 26.153881, 37.032223>
	pigment { color rgbt <0,1,1,0> }
	no_shadow
}
cylinder {
	<30.184958, 26.721457, 37.619045>,  <29.709017, 26.251160, 37.261673>, 0.130000
	pigment { color rgbt <1,0,0,0> }
	no_shadow
}

// nucleotide -1

// particle -1
sphere {
	<30.184958, 26.721457, 37.619045> 0.250000
	pigment { color rgbt <1,0,0,0> }
	no_shadow
}
cylinder {
	<30.310268, 26.610352, 37.255791>,  <30.385454, 26.543688, 37.037838>, 0.100000
	pigment { color rgbt <1,0,0,0> }
	no_shadow
}
cylinder {
	<30.310268, 26.610352, 37.255791>,  <30.184958, 26.721457, 37.619045>, 0.100000
	pigment { color rgbt <1,0,0,0> }
	no_shadow
}

// particle -1
sphere {
	<30.310268, 26.610352, 37.255791> 0.100000
	pigment { color rgbt <1,0,0,0> }
	no_shadow
}
sphere {
	0, 1
	scale<0.080000,0.200000,0.300000>
	matrix <0.138662, 0.959400, -0.245608,
		0.939484, -0.048980, 0.339073,
		0.313277, -0.277762, -0.908133,
		30.404251, 26.527023, 36.983353>
	pigment { color rgbt <0,1,1,0> }
	no_shadow
}
cylinder {
	<30.716381, 27.181190, 37.436928>,  <30.184958, 26.721457, 37.619045>, 0.130000
	pigment { color rgbt <1,0,0,0> }
	no_shadow
}

// nucleotide -1

// particle -1
sphere {
	<30.716381, 27.181190, 37.436928> 0.250000
	pigment { color rgbt <1,0,0,0> }
	no_shadow
}
cylinder {
	<30.550867, 27.043226, 37.099926>,  <30.451559, 26.960447, 36.897724>, 0.100000
	pigment { color rgbt <1,0,0,0> }
	no_shadow
}
cylinder {
	<30.550867, 27.043226, 37.099926>,  <30.716381, 27.181190, 37.436928>, 0.100000
	pigment { color rgbt <1,0,0,0> }
	no_shadow
}

// particle -1
sphere {
	<30.550867, 27.043226, 37.099926> 0.100000
	pigment { color rgbt <1,0,0,0> }
	no_shadow
}
sphere {
	0, 1
	scale<0.080000,0.200000,0.300000>
	matrix <-0.025923, 0.929541, -0.367807,
		0.910005, -0.130354, -0.393573,
		-0.413787, -0.344908, -0.842508,
		30.426731, 26.939754, 36.847172>
	pigment { color rgbt <0,1,1,0> }
	no_shadow
}
cylinder {
	<31.012140, 27.516937, 36.857307>,  <30.716381, 27.181190, 37.436928>, 0.130000
	pigment { color rgbt <1,0,0,0> }
	no_shadow
}

// nucleotide -1

// particle -1
sphere {
	<31.012140, 27.516937, 36.857307> 0.250000
	pigment { color rgbt <1,0,0,0> }
	no_shadow
}
cylinder {
	<30.671890, 27.384819, 36.693676>,  <30.467741, 27.305548, 36.595497>, 0.100000
	pigment { color rgbt <1,0,0,0> }
	no_shadow
}
cylinder {
	<30.671890, 27.384819, 36.693676>,  <31.012140, 27.516937, 36.857307>, 0.100000
	pigment { color rgbt <1,0,0,0> }
	no_shadow
}

// particle -1
sphere {
	<30.671890, 27.384819, 36.693676> 0.100000
	pigment { color rgbt <1,0,0,0> }
	no_shadow
}
sphere {
	0, 1
	scale<0.080000,0.200000,0.300000>
	matrix <-0.208382, 0.926117, -0.314458,
		0.482717, -0.182242, -0.856605,
		-0.850624, -0.330295, -0.409077,
		30.416702, 27.285730, 36.570953>
	pigment { color rgbt <0,1,1,0> }
	no_shadow
}
cylinder {
	<31.077133, 27.672453, 36.103523>,  <31.012140, 27.516937, 36.857307>, 0.130000
	pigment { color rgbt <1,0,0,0> }
	no_shadow
}

// nucleotide -1

// particle -1
sphere {
	<31.077133, 27.672453, 36.103523> 0.250000
	pigment { color rgbt <1,0,0,0> }
	no_shadow
}
cylinder {
	<30.687714, 27.654457, 36.193127>,  <30.454062, 27.643660, 36.246887>, 0.100000
	pigment { color rgbt <1,0,0,0> }
	no_shadow
}
cylinder {
	<30.687714, 27.654457, 36.193127>,  <31.077133, 27.672453, 36.103523>, 0.100000
	pigment { color rgbt <1,0,0,0> }
	no_shadow
}

// particle -1
sphere {
	<30.687714, 27.654457, 36.193127> 0.100000
	pigment { color rgbt <1,0,0,0> }
	no_shadow
}
sphere {
	0, 1
	scale<0.080000,0.200000,0.300000>
	matrix <-0.111886, 0.948700, -0.295720,
		-0.199214, -0.312962, -0.928638,
		-0.973548, -0.044990, 0.224010,
		30.395649, 27.640961, 36.260330>
	pigment { color rgbt <0,1,1,0> }
	no_shadow
}
cylinder {
	<30.750435, 28.026020, 35.527611>,  <31.077133, 27.672453, 36.103523>, 0.130000
	pigment { color rgbt <1,0,0,0> }
	no_shadow
}

// nucleotide -1

// particle -1
sphere {
	<30.750435, 28.026020, 35.527611> 0.250000
	pigment { color rgbt <1,0,0,0> }
	no_shadow
}
cylinder {
	<30.491402, 28.021210, 35.832371>,  <30.335981, 28.018324, 36.015228>, 0.100000
	pigment { color rgbt <1,0,0,0> }
	no_shadow
}
cylinder {
	<30.491402, 28.021210, 35.832371>,  <30.750435, 28.026020, 35.527611>, 0.100000
	pigment { color rgbt <1,0,0,0> }
	no_shadow
}

// particle -1
sphere {
	<30.491402, 28.021210, 35.832371> 0.100000
	pigment { color rgbt <1,0,0,0> }
	no_shadow
}
sphere {
	0, 1
	scale<0.080000,0.200000,0.300000>
	matrix <-0.292507, 0.927196, -0.233982,
		-0.703617, -0.374384, -0.603953,
		-0.647582, -0.012027, 0.761901,
		30.297127, 28.017601, 36.060940>
	pigment { color rgbt <0,1,1,0> }
	no_shadow
}
cylinder {
	<30.060846, 28.275364, 35.261238>,  <30.750435, 28.026020, 35.527611>, 0.130000
	pigment { color rgbt <1,0,0,0> }
	no_shadow
}

// nucleotide -1

// particle -1
sphere {
	<30.060846, 28.275364, 35.261238> 0.250000
	pigment { color rgbt <1,0,0,0> }
	no_shadow
}
cylinder {
	<30.062164, 28.343929, 35.655315>,  <30.062954, 28.385069, 35.891762>, 0.100000
	pigment { color rgbt <1,0,0,0> }
	no_shadow
}
cylinder {
	<30.062164, 28.343929, 35.655315>,  <30.060846, 28.275364, 35.261238>, 0.100000
	pigment { color rgbt <1,0,0,0> }
	no_shadow
}

// particle -1
sphere {
	<30.062164, 28.343929, 35.655315> 0.100000
	pigment { color rgbt <1,0,0,0> }
	no_shadow
}
sphere {
	0, 1
	scale<0.080000,0.200000,0.300000>
	matrix <-0.378862, 0.911969, -0.157407,
		-0.925447, -0.372734, 0.067945,
		0.003293, 0.171413, 0.985194,
		30.063152, 28.395353, 35.950874>
	pigment { color rgbt <0,1,1,0> }
	no_shadow
}
cylinder {
	<29.434883, 28.461613, 35.462872>,  <30.060846, 28.275364, 35.261238>, 0.130000
	pigment { color rgbt <1,0,0,0> }
	no_shadow
}

// nucleotide -1

// particle -1
sphere {
	<29.434883, 28.461613, 35.462872> 0.250000
	pigment { color rgbt <1,0,0,0> }
	no_shadow
}
cylinder {
	<29.668083, 28.611202, 35.751385>,  <29.808004, 28.700956, 35.924492>, 0.100000
	pigment { color rgbt <1,0,0,0> }
	no_shadow
}
cylinder {
	<29.668083, 28.611202, 35.751385>,  <29.434883, 28.461613, 35.462872>, 0.100000
	pigment { color rgbt <1,0,0,0> }
	no_shadow
}

// particle -1
sphere {
	<29.668083, 28.611202, 35.751385> 0.100000
	pigment { color rgbt <1,0,0,0> }
	no_shadow
}
sphere {
	0, 1
	scale<0.080000,0.200000,0.300000>
	matrix <-0.341264, 0.918373, -0.200325,
		-0.737325, -0.129358, 0.663037,
		0.583002, 0.373975, 0.721285,
		29.842983, 28.723394, 35.967770>
	pigment { color rgbt <0,1,1,0> }
	no_shadow
}
cylinder {
	<28.976521, 28.827229, 35.748966>,  <29.434883, 28.461613, 35.462872>, 0.130000
	pigment { color rgbt <1,0,0,0> }
	no_shadow
}

// nucleotide -1

// particle -1
sphere {
	<28.976521, 28.827229, 35.748966> 0.250000
	pigment { color rgbt <1,0,0,0> }
	no_shadow
}
cylinder {
	<29.316753, 28.974741, 35.898903>,  <29.520893, 29.063250, 35.988865>, 0.100000
	pigment { color rgbt <1,0,0,0> }
	no_shadow
}
cylinder {
	<29.316753, 28.974741, 35.898903>,  <28.976521, 28.827229, 35.748966>, 0.100000
	pigment { color rgbt <1,0,0,0> }
	no_shadow
}

// particle -1
sphere {
	<29.316753, 28.974741, 35.898903> 0.100000
	pigment { color rgbt <1,0,0,0> }
	no_shadow
}
sphere {
	0, 1
	scale<0.080000,0.200000,0.300000>
	matrix <-0.297736, 0.925333, -0.234758,
		-0.433431, 0.088076, 0.896872,
		0.850583, 0.368782, 0.374845,
		29.571928, 29.085375, 36.011356>
	pigment { color rgbt <0,1,1,0> }
	no_shadow
}
cylinder {
	<28.807726, 29.461765, 36.097496>,  <28.976521, 28.827229, 35.748966>, 0.130000
	pigment { color rgbt <1,0,0,0> }
	no_shadow
}

// nucleotide -1

// particle -1
sphere {
	<28.807726, 29.461765, 36.097496> 0.250000
	pigment { color rgbt <1,0,0,0> }
	no_shadow
}
cylinder {
	<29.202818, 29.521151, 36.078102>,  <29.439873, 29.556782, 36.066467>, 0.100000
	pigment { color rgbt <1,0,0,0> }
	no_shadow
}
cylinder {
	<29.202818, 29.521151, 36.078102>,  <28.807726, 29.461765, 36.097496>, 0.100000
	pigment { color rgbt <1,0,0,0> }
	no_shadow
}

// particle -1
sphere {
	<29.202818, 29.521151, 36.078102> 0.100000
	pigment { color rgbt <1,0,0,0> }
	no_shadow
}
sphere {
	0, 1
	scale<0.080000,0.200000,0.300000>
