// switches for output
#declare DRAW_BASES = 1; // possible values are 0, 1; only relevant for DNA ribbons
#declare DRAW_BASES_TYPE = 3; // possible values are 1, 2, 3; only relevant for DNA ribbons
#declare DRAW_FOG = 0; // set to 1 to enable fog

#include "colors.inc"

#include "transforms.inc"
background { rgb <1, 1, 1>}

#default {
   normal{
       ripples 0.25
       frequency 0.20
       turbulence 0.2
       lambda 5
   }
	finish {
		phong 0.1
		phong_size 40.
	}
}

// original window dimensions: 1024x640


// camera settings

camera {
	sky <0, 0.179814, -0.983701>
	up <0, 0.179814, -0.983701>
	right 1.6 * <1, 0, 0>
	location <35, 94.9851, 44.8844>
	look_at <35, 29.7336, 32.9568>
	direction <0, -65.2515, -11.9276>
	angle 67.0682
}


# declare cpy_camera_pos = <35, 94.9851, 44.8844>;
# if (DRAW_FOG = 1)
fog {
	fog_type 2
	up vnormalize(cpy_camera_pos)
	color rgbt<1,1,1,0.3>
	distance 1e-5
	fog_alt 3e-3
	fog_offset 56
}
# end


// LIGHTS

# declare lum = 6;
global_settings {
	ambient_light rgb lum * <0.05, 0.05, 0.05>
	max_trace_level 15
}# declare cpy_direct_light_amount = 0.25;
light_source
{	1000 * <-1, -1.16352, -0.803886>,
	rgb lum * cpy_direct_light_amount
	parallel
}

light_source
{	1000 * <1, 1.16352, 0.803886>,
	rgb lum * cpy_direct_light_amount
	parallel
}

// strand 0

// nucleotide -1

// particle -1
sphere {
	<24.596478, 35.116379, 35.158768> 0.250000
	pigment { color rgbt <1,0,0,0> }
	no_shadow
}
cylinder {
	<24.287521, 34.967834, 34.952660>,  <24.102148, 34.878708, 34.828995>, 0.100000
	pigment { color rgbt <1,0,0,0> }
	no_shadow
}
cylinder {
	<24.287521, 34.967834, 34.952660>,  <24.596478, 35.116379, 35.158768>, 0.100000
	pigment { color rgbt <1,0,0,0> }
	no_shadow
}

// particle -1
sphere {
	<24.287521, 34.967834, 34.952660> 0.100000
	pigment { color rgbt <1,0,0,0> }
	no_shadow
}
sphere {
	0, 1
	scale<0.080000,0.200000,0.300000>
	matrix <0.612876, -0.648725, -0.451153,
		-0.166730, -0.664264, 0.728666,
		-0.772388, -0.371361, -0.515273,
		24.055805, 34.856426, 34.798077>
	pigment { color rgbt <0,1,1,0> }
	no_shadow
}
cylinder {
	<24.861380, 34.612938, 35.025337>,  <24.596478, 35.116379, 35.158768>, 0.130000
	pigment { color rgbt <1,0,0,0> }
	no_shadow
}

// nucleotide -1

// particle -1
sphere {
	<24.861380, 34.612938, 35.025337> 0.250000
	pigment { color rgbt <1,0,0,0> }
	no_shadow
}
cylinder {
	<24.545151, 34.595734, 34.780994>,  <24.355413, 34.585411, 34.634388>, 0.100000
	pigment { color rgbt <1,0,0,0> }
	no_shadow
}
cylinder {
	<24.545151, 34.595734, 34.780994>,  <24.861380, 34.612938, 35.025337>, 0.100000
	pigment { color rgbt <1,0,0,0> }
	no_shadow
}

// particle -1
sphere {
	<24.545151, 34.595734, 34.780994> 0.100000
	pigment { color rgbt <1,0,0,0> }
	no_shadow
}
sphere {
	0, 1
	scale<0.080000,0.200000,0.300000>
	matrix <0.540657, -0.517444, -0.663281,
		-0.287553, -0.854635, 0.432333,
		-0.790571, -0.043016, -0.610857,
		24.307980, 34.582829, 34.597736>
	pigment { color rgbt <0,1,1,0> }
	no_shadow
}
cylinder {
	<24.745840, 33.916328, 34.669247>,  <24.861380, 34.612938, 35.025337>, 0.130000
	pigment { color rgbt <1,0,0,0> }
	no_shadow
}

// nucleotide -1

// particle -1
sphere {
	<24.745840, 33.916328, 34.669247> 0.250000
	pigment { color rgbt <1,0,0,0> }
	no_shadow
}
cylinder {
	<24.646004, 34.242630, 34.460533>,  <24.586102, 34.438412, 34.335304>, 0.100000
	pigment { color rgbt <1,0,0,0> }
	no_shadow
}
cylinder {
	<24.646004, 34.242630, 34.460533>,  <24.745840, 33.916328, 34.669247>, 0.100000
	pigment { color rgbt <1,0,0,0> }
	no_shadow
}

// particle -1
sphere {
	<24.646004, 34.242630, 34.460533> 0.100000
	pigment { color rgbt <1,0,0,0> }
	no_shadow
}
sphere {
	0, 1
	scale<0.080000,0.200000,0.300000>
	matrix <0.464183, -0.372104, -0.803786,
		-0.849846, -0.442819, -0.285784,
		-0.249591, 0.815751, -0.521780,
		24.571127, 34.487354, 34.304001>
	pigment { color rgbt <0,1,1,0> }
	no_shadow
}
cylinder {
	<24.535595, 33.834290, 34.025421>,  <24.745840, 33.916328, 34.669247>, 0.130000
	pigment { color rgbt <1,0,0,0> }
	no_shadow
}

// nucleotide -1

// particle -1
sphere {
	<24.535595, 33.834290, 34.025421> 0.250000
	pigment { color rgbt <1,0,0,0> }
	no_shadow
}
cylinder {
	<24.719225, 34.184509, 33.965210>,  <24.829403, 34.394642, 33.929085>, 0.100000
	pigment { color rgbt <1,0,0,0> }
	no_shadow
}
cylinder {
	<24.719225, 34.184509, 33.965210>,  <24.535595, 33.834290, 34.025421>, 0.100000
	pigment { color rgbt <1,0,0,0> }
	no_shadow
}

// particle -1
sphere {
	<24.719225, 34.184509, 33.965210> 0.100000
	pigment { color rgbt <1,0,0,0> }
	no_shadow
}
sphere {
	0, 1
	scale<0.080000,0.200000,0.300000>
	matrix <0.410475, -0.359311, -0.838096,
		-0.787883, 0.322962, -0.524343,
		0.459076, 0.875552, -0.150527,
		24.856947, 34.447174, 33.920052>
	pigment { color rgbt <0,1,1,0> }
	no_shadow
}
cylinder {
	<24.199135, 33.988941, 33.384079>,  <24.535595, 33.834290, 34.025421>, 0.130000
	pigment { color rgbt <1,0,0,0> }
	no_shadow
}

// nucleotide -1

// particle -1
sphere {
	<24.199135, 33.988941, 33.384079> 0.250000
	pigment { color rgbt <1,0,0,0> }
	no_shadow
}
cylinder {
	<24.550079, 34.170071, 33.447556>,  <24.760647, 34.278748, 33.485641>, 0.100000
	pigment { color rgbt <1,0,0,0> }
	no_shadow
}
cylinder {
	<24.550079, 34.170071, 33.447556>,  <24.199135, 33.988941, 33.384079>, 0.100000
	pigment { color rgbt <1,0,0,0> }
	no_shadow
}

// particle -1
sphere {
	<24.550079, 34.170071, 33.447556> 0.100000
	pigment { color rgbt <1,0,0,0> }
	no_shadow
}
sphere {
	0, 1
	scale<0.080000,0.200000,0.300000>
	matrix <0.272641, -0.198313, -0.941456,
		-0.394845, 0.869264, -0.297451,
		0.877362, 0.452826, 0.158694,
		24.813288, 34.305920, 33.495163>
	pigment { color rgbt <0,1,1,0> }
	no_shadow
}
cylinder {
	<24.211779, 34.495316, 32.894234>,  <24.199135, 33.988941, 33.384079>, 0.130000
	pigment { color rgbt <1,0,0,0> }
	no_shadow
}

// nucleotide -1

// particle -1
sphere {
	<24.211779, 34.495316, 32.894234> 0.250000
	pigment { color rgbt <1,0,0,0> }
	no_shadow
}
cylinder {
	<24.577297, 34.361980, 32.987068>,  <24.796608, 34.281979, 33.042767>, 0.100000
	pigment { color rgbt <1,0,0,0> }
	no_shadow
}
cylinder {
	<24.577297, 34.361980, 32.987068>,  <24.211779, 34.495316, 32.894234>, 0.100000
	pigment { color rgbt <1,0,0,0> }
	no_shadow
}

// particle -1
sphere {
	<24.577297, 34.361980, 32.987068> 0.100000
	pigment { color rgbt <1,0,0,0> }
	no_shadow
}
sphere {
	0, 1
	scale<0.080000,0.200000,0.300000>
	matrix <0.177827, -0.185393, -0.966440,
		0.365174, 0.924401, -0.110136,
		0.913797, -0.333334, 0.232084,
		24.851437, 34.261982, 33.056694>
	pigment { color rgbt <0,1,1,0> }
	no_shadow
}
cylinder {
	<24.616362, 34.772507, 32.451298>,  <24.211779, 34.495316, 32.894234>, 0.130000
	pigment { color rgbt <1,0,0,0> }
	no_shadow
}

// nucleotide -1

// particle -1
sphere {
	<24.616362, 34.772507, 32.451298> 0.250000
	pigment { color rgbt <1,0,0,0> }
	no_shadow
}
cylinder {
	<24.805721, 34.446487, 32.584915>,  <24.919336, 34.250874, 32.665085>, 0.100000
	pigment { color rgbt <1,0,0,0> }
	no_shadow
}
cylinder {
	<24.805721, 34.446487, 32.584915>,  <24.616362, 34.772507, 32.451298>, 0.100000
	pigment { color rgbt <1,0,0,0> }
	no_shadow
}

// particle -1
sphere {
	<24.805721, 34.446487, 32.584915> 0.100000
	pigment { color rgbt <1,0,0,0> }
	no_shadow
}
sphere {
	0, 1
	scale<0.080000,0.200000,0.300000>
	matrix <0.347603, -0.175595, -0.921053,
		0.809362, 0.552139, 0.200188,
		0.473397, -0.815051, 0.334046,
		24.947741, 34.201973, 32.685127>
	pigment { color rgbt <0,1,1,0> }
	no_shadow
}
cylinder {
	<25.309984, 34.741184, 32.192673>,  <24.616362, 34.772507, 32.451298>, 0.130000
	pigment { color rgbt <1,0,0,0> }
	no_shadow
}

// nucleotide -1

// particle -1
sphere {
	<25.309984, 34.741184, 32.192673> 0.250000
	pigment { color rgbt <1,0,0,0> }
	no_shadow
}
cylinder {
	<25.250422, 34.362553, 32.307091>,  <25.214684, 34.135376, 32.375740>, 0.100000
	pigment { color rgbt <1,0,0,0> }
	no_shadow
}
cylinder {
	<25.250422, 34.362553, 32.307091>,  <25.309984, 34.741184, 32.192673>, 0.100000
	pigment { color rgbt <1,0,0,0> }
	no_shadow
}

// particle -1
sphere {
	<25.250422, 34.362553, 32.307091> 0.100000
	pigment { color rgbt <1,0,0,0> }
	no_shadow
}
sphere {
	0, 1
	scale<0.080000,0.200000,0.300000>
	matrix <0.402729, -0.322243, -0.856720,
		0.903126, -0.012375, 0.429198,
		-0.148908, -0.946576, 0.286042,
		25.205750, 34.078579, 32.392902>
	pigment { color rgbt <0,1,1,0> }
	no_shadow
}
cylinder {
	<25.858883, 34.444553, 32.080940>,  <25.309984, 34.741184, 32.192673>, 0.130000
	pigment { color rgbt <1,0,0,0> }
	no_shadow
}

// nucleotide -1

// particle -1
sphere {
	<25.858883, 34.444553, 32.080940> 0.250000
	pigment { color rgbt <1,0,0,0> }
	no_shadow
}
cylinder {
	<25.587944, 34.150299, 32.078190>,  <25.425381, 33.973747, 32.076538>, 0.100000
	pigment { color rgbt <1,0,0,0> }
	no_shadow
}
cylinder {
	<25.587944, 34.150299, 32.078190>,  <25.858883, 34.444553, 32.080940>, 0.100000
	pigment { color rgbt <1,0,0,0> }
	no_shadow
}

// particle -1
sphere {
	<25.587944, 34.150299, 32.078190> 0.100000
	pigment { color rgbt <1,0,0,0> }
	no_shadow
}
sphere {
	0, 1
	scale<0.080000,0.200000,0.300000>
	matrix <0.412843, -0.372361, -0.831209,
		0.608903, -0.565856, 0.555918,
		-0.677346, -0.735632, -0.006878,
		25.384741, 33.929611, 32.076126>
	pigment { color rgbt <0,1,1,0> }
	no_shadow
}
cylinder {
	<26.281698, 33.743156, 31.977409>,  <25.858883, 34.444553, 32.080940>, 0.130000
	pigment { color rgbt <1,0,0,0> }
	no_shadow
}

// nucleotide -1

// particle -1
sphere {
	<26.281698, 33.743156, 31.977409> 0.250000
	pigment { color rgbt <1,0,0,0> }
	no_shadow
}
cylinder {
	<25.905514, 33.651375, 31.877100>,  <25.679804, 33.596306, 31.816916>, 0.100000
	pigment { color rgbt <1,0,0,0> }
	no_shadow
}
cylinder {
	<25.905514, 33.651375, 31.877100>,  <26.281698, 33.743156, 31.977409>, 0.100000
	pigment { color rgbt <1,0,0,0> }
	no_shadow
}

// particle -1
sphere {
	<25.905514, 33.651375, 31.877100> 0.100000
	pigment { color rgbt <1,0,0,0> }
	no_shadow
}
sphere {
	0, 1
	scale<0.080000,0.200000,0.300000>
	matrix <0.336423, -0.523004, -0.783127,
		0.048539, -0.820864, 0.569058,
		-0.940460, -0.229456, -0.250771,
		25.623377, 33.582539, 31.801868>
	pigment { color rgbt <0,1,1,0> }
	no_shadow
}
cylinder {
	<26.403929, 33.052967, 31.656376>,  <26.281698, 33.743156, 31.977409>, 0.130000
	pigment { color rgbt <1,0,0,0> }
	no_shadow
}

// nucleotide -1

// particle -1
sphere {
	<26.403929, 33.052967, 31.656376> 0.250000
	pigment { color rgbt <1,0,0,0> }
	no_shadow
}
cylinder {
	<26.036711, 33.176315, 31.556696>,  <25.816380, 33.250324, 31.496889>, 0.100000
	pigment { color rgbt <1,0,0,0> }
	no_shadow
}
cylinder {
	<26.036711, 33.176315, 31.556696>,  <26.403929, 33.052967, 31.656376>, 0.100000
	pigment { color rgbt <1,0,0,0> }
	no_shadow
}

// particle -1
sphere {
	<26.036711, 33.176315, 31.556696> 0.100000
	pigment { color rgbt <1,0,0,0> }
	no_shadow
}
sphere {
	0, 1
	scale<0.080000,0.200000,0.300000>
	matrix <0.110532, -0.404553, -0.907810,
		-0.380746, -0.860959, 0.337316,
		-0.918050, 0.308361, -0.249195,
		25.761297, 33.268826, 31.481936>
	pigment { color rgbt <0,1,1,0> }
	no_shadow
}
cylinder {
	<26.032328, 32.431210, 31.454041>,  <26.403929, 33.052967, 31.656376>, 0.130000
	pigment { color rgbt <1,0,0,0> }
	no_shadow
}

// nucleotide -1

// particle -1
sphere {
	<26.032328, 32.431210, 31.454041> 0.250000
	pigment { color rgbt <1,0,0,0> }
	no_shadow
}
cylinder {
	<25.859652, 32.743076, 31.272596>,  <25.756046, 32.930195, 31.163731>, 0.100000
	pigment { color rgbt <1,0,0,0> }
	no_shadow
}
cylinder {
	<25.859652, 32.743076, 31.272596>,  <26.032328, 32.431210, 31.454041>, 0.100000
	pigment { color rgbt <1,0,0,0> }
	no_shadow
}

// particle -1
sphere {
	<25.859652, 32.743076, 31.272596> 0.100000
	pigment { color rgbt <1,0,0,0> }
	no_shadow
}
sphere {
	0, 1
	scale<0.080000,0.200000,0.300000>
	matrix <0.118678, -0.449417, -0.885404,
		-0.894180, -0.436054, 0.101480,
		-0.431691, 0.779667, -0.453610,
		25.730145, 32.976978, 31.136513>
	pigment { color rgbt <0,1,1,0> }
	no_shadow
}
cylinder {
	<25.599312, 32.073303, 30.932360>,  <26.032328, 32.431210, 31.454041>, 0.130000
	pigment { color rgbt <1,0,0,0> }
	no_shadow
}

// nucleotide -1

// particle -1
sphere {
	<25.599312, 32.073303, 30.932360> 0.250000
	pigment { color rgbt <1,0,0,0> }
	no_shadow
}
cylinder {
	<25.648092, 32.455772, 30.825884>,  <25.677361, 32.685253, 30.761999>, 0.100000
	pigment { color rgbt <1,0,0,0> }
	no_shadow
}
cylinder {
	<25.648092, 32.455772, 30.825884>,  <25.599312, 32.073303, 30.932360>, 0.100000
	pigment { color rgbt <1,0,0,0> }
	no_shadow
}

// particle -1
sphere {
	<25.648092, 32.455772, 30.825884> 0.100000
	pigment { color rgbt <1,0,0,0> }
	no_shadow
}
sphere {
	0, 1
	scale<0.080000,0.200000,0.300000>
	matrix <0.027445, -0.271337, -0.962093,
		-0.992156, 0.110025, -0.059333,
		0.121953, 0.956175, -0.266189,
		25.684679, 32.742626, 30.746027>
	pigment { color rgbt <0,1,1,0> }
	no_shadow
}
cylinder {
	<25.400229, 32.054138, 30.360668>,  <25.599312, 32.073303, 30.932360>, 0.130000
	pigment { color rgbt <1,0,0,0> }
	no_shadow
}

// nucleotide -1

// particle -1
sphere {
	<25.400229, 32.054138, 30.360668> 0.250000
	pigment { color rgbt <1,0,0,0> }
	no_shadow
}
cylinder {
	<25.582724, 32.408939, 30.332199>,  <25.692221, 32.621822, 30.315117>, 0.100000
	pigment { color rgbt <1,0,0,0> }
	no_shadow
}
cylinder {
	<25.582724, 32.408939, 30.332199>,  <25.400229, 32.054138, 30.360668>, 0.100000
	pigment { color rgbt <1,0,0,0> }
	no_shadow
}

// particle -1
sphere {
	<25.582724, 32.408939, 30.332199> 0.100000
	pigment { color rgbt <1,0,0,0> }
	no_shadow
}
sphere {
	0, 1
	scale<0.080000,0.200000,0.300000>
	matrix <0.231524, -0.195554, -0.952972,
		-0.859210, 0.418305, -0.294583,
		0.456240, 0.887006, -0.071175,
		25.719595, 32.675041, 30.310846>
	pigment { color rgbt <0,1,1,0> }
	no_shadow
}
cylinder {
	<25.125214, 32.427040, 29.773138>,  <25.400229, 32.054138, 30.360668>, 0.130000
	pigment { color rgbt <1,0,0,0> }
	no_shadow
}

// nucleotide -1

// particle -1
sphere {
	<25.125214, 32.427040, 29.773138> 0.250000
	pigment { color rgbt <1,0,0,0> }
	no_shadow
}
cylinder {
	<25.482899, 32.587975, 29.851633>,  <25.697510, 32.684536, 29.898729>, 0.100000
	pigment { color rgbt <1,0,0,0> }
	no_shadow
}
cylinder {
	<25.482899, 32.587975, 29.851633>,  <25.125214, 32.427040, 29.773138>, 0.100000
	pigment { color rgbt <1,0,0,0> }
	no_shadow
}

// particle -1
sphere {
	<25.482899, 32.587975, 29.851633> 0.100000
	pigment { color rgbt <1,0,0,0> }
	no_shadow
}
sphere {
	0, 1
	scale<0.080000,0.200000,0.300000>
	matrix <0.258905, -0.107230, -0.959932,
		-0.365175, 0.909189, -0.200054,
		0.894212, 0.402339, 0.196236,
		25.751162, 32.708675, 29.910503>
	pigment { color rgbt <0,1,1,0> }
	no_shadow
}
cylinder {
	<25.177258, 32.956081, 29.354218>,  <25.125214, 32.427040, 29.773138>, 0.130000
	pigment { color rgbt <1,0,0,0> }
	no_shadow
}

// nucleotide -1

// particle -1
sphere {
	<25.177258, 32.956081, 29.354218> 0.250000
	pigment { color rgbt <1,0,0,0> }
	no_shadow
}
cylinder {
	<25.562330, 32.886860, 29.437450>,  <25.793373, 32.845325, 29.487391>, 0.100000
	pigment { color rgbt <1,0,0,0> }
	no_shadow
}
cylinder {
	<25.562330, 32.886860, 29.437450>,  <25.177258, 32.956081, 29.354218>, 0.100000
	pigment { color rgbt <1,0,0,0> }
	no_shadow
}

// particle -1
sphere {
	<25.562330, 32.886860, 29.437450> 0.100000
	pigment { color rgbt <1,0,0,0> }
	no_shadow
}
sphere {
	0, 1
	scale<0.080000,0.200000,0.300000>
	matrix <0.214925, 0.021581, -0.976392,
		0.164479, 0.984676, 0.057969,
		0.962681, -0.173055, 0.208082,
		25.851135, 32.834942, 29.499874>
	pigment { color rgbt <0,1,1,0> }
	no_shadow
}
cylinder {
	<25.525581, 33.358013, 28.733210>,  <25.177258, 32.956081, 29.354218>, 0.130000
	pigment { color rgbt <1,0,0,0> }
	no_shadow
}

// nucleotide -1

// particle -1
sphere {
	<25.525581, 33.358013, 28.733210> 0.250000
	pigment { color rgbt <1,0,0,0> }
	no_shadow
}
cylinder {
	<25.799250, 33.113918, 28.892973>,  <25.963451, 32.967461, 28.988831>, 0.100000
	pigment { color rgbt <1,0,0,0> }
	no_shadow
}
cylinder {
	<25.799250, 33.113918, 28.892973>,  <25.525581, 33.358013, 28.733210>, 0.100000
	pigment { color rgbt <1,0,0,0> }
	no_shadow
}

// particle -1
sphere {
	<25.799250, 33.113918, 28.892973> 0.100000
	pigment { color rgbt <1,0,0,0> }
	no_shadow
}
sphere {
	0, 1
	scale<0.080000,0.200000,0.300000>
	matrix <0.403689, -0.139238, -0.904239,
		0.607410, 0.779889, 0.151082,
		0.684170, -0.610234, 0.399407,
		26.004501, 32.930847, 29.012794>
	pigment { color rgbt <0,1,1,0> }
	no_shadow
}
cylinder {
	<26.158581, 33.596355, 28.578987>,  <25.525581, 33.358013, 28.733210>, 0.130000
	pigment { color rgbt <1,0,0,0> }
	no_shadow
}

// nucleotide -1

// particle -1
sphere {
	<26.158581, 33.596355, 28.578987> 0.250000
	pigment { color rgbt <1,0,0,0> }
	no_shadow
}
cylinder {
	<26.190948, 33.203026, 28.644138>,  <26.210369, 32.967030, 28.683229>, 0.100000
	pigment { color rgbt <1,0,0,0> }
	no_shadow
}
cylinder {
	<26.190948, 33.203026, 28.644138>,  <26.158581, 33.596355, 28.578987>, 0.100000
	pigment { color rgbt <1,0,0,0> }
	no_shadow
}

// particle -1
sphere {
	<26.190948, 33.203026, 28.644138> 0.100000
	pigment { color rgbt <1,0,0,0> }
	no_shadow
}
sphere {
	0, 1
	scale<0.080000,0.200000,0.300000>
	matrix <0.517839, -0.098151, -0.849829,
		0.851643, 0.153113, 0.501260,
		0.080920, -0.983322, 0.162877,
		26.215225, 32.908028, 28.693001>
	pigment { color rgbt <0,1,1,0> }
	no_shadow
}
cylinder {
	<26.800665, 33.447426, 28.267342>,  <26.158581, 33.596355, 28.578987>, 0.130000
	pigment { color rgbt <1,0,0,0> }
	no_shadow
}

// nucleotide -1

// particle -1
sphere {
	<26.800665, 33.447426, 28.267342> 0.250000
	pigment { color rgbt <1,0,0,0> }
	no_shadow
}
cylinder {
	<26.646982, 33.081738, 28.318855>,  <26.554773, 32.862324, 28.349764>, 0.100000
	pigment { color rgbt <1,0,0,0> }
	no_shadow
}
cylinder {
	<26.646982, 33.081738, 28.318855>,  <26.800665, 33.447426, 28.267342>, 0.100000
	pigment { color rgbt <1,0,0,0> }
	no_shadow
}

// particle -1
sphere {
	<26.646982, 33.081738, 28.318855> 0.100000
	pigment { color rgbt <1,0,0,0> }
	no_shadow
}
sphere {
	0, 1
	scale<0.080000,0.200000,0.300000>
	matrix <0.480524, -0.317123, -0.817637,
		0.788341, -0.252257, 0.561146,
		-0.384207, -0.914221, 0.128786,
		26.531719, 32.807472, 28.357491>
	pigment { color rgbt <0,1,1,0> }
	no_shadow
}
cylinder {
	<27.365967, 32.955055, 28.267395>,  <26.800665, 33.447426, 28.267342>, 0.130000
	pigment { color rgbt <1,0,0,0> }
	no_shadow
}

// nucleotide -1

// particle -1
sphere {
	<27.365967, 32.955055, 28.267395> 0.250000
	pigment { color rgbt <1,0,0,0> }
	no_shadow
}
cylinder {
	<27.049805, 32.724609, 28.184118>,  <26.860107, 32.586342, 28.134151>, 0.100000
	pigment { color rgbt <1,0,0,0> }
	no_shadow
}
cylinder {
	<27.049805, 32.724609, 28.184118>,  <27.365967, 32.955055, 28.267395>, 0.100000
	pigment { color rgbt <1,0,0,0> }
	no_shadow
}

// particle -1
sphere {
	<27.049805, 32.724609, 28.184118> 0.100000
	pigment { color rgbt <1,0,0,0> }
	no_shadow
}
sphere {
	0, 1
	scale<0.080000,0.200000,0.300000>
	matrix <0.525919, -0.463928, -0.712868,
		0.314110, -0.672948, 0.669684,
		-0.790407, -0.576119, -0.208192,
		26.812683, 32.551773, 28.121660>
	pigment { color rgbt <0,1,1,0> }
	no_shadow
}
cylinder {
	<27.656860, 32.368340, 28.144215>,  <27.365967, 32.955055, 28.267395>, 0.130000
	pigment { color rgbt <1,0,0,0> }
	no_shadow
}

// nucleotide -1

// particle -1
sphere {
	<27.656860, 32.368340, 28.144215> 0.250000
	pigment { color rgbt <1,0,0,0> }
	no_shadow
}
cylinder {
	<27.321798, 32.305080, 27.935093>,  <27.120760, 32.267124, 27.809620>, 0.100000
	pigment { color rgbt <1,0,0,0> }
	no_shadow
}
cylinder {
	<27.321798, 32.305080, 27.935093>,  <27.656860, 32.368340, 28.144215>, 0.100000
	pigment { color rgbt <1,0,0,0> }
	no_shadow
}

// particle -1
sphere {
	<27.321798, 32.305080, 27.935093> 0.100000
	pigment { color rgbt <1,0,0,0> }
	no_shadow
}
sphere {
	0, 1
	scale<0.080000,0.200000,0.300000>
	matrix <0.511038, -0.564794, -0.647957,
		-0.192802, -0.809937, 0.553923,
		-0.837656, -0.158148, -0.522802,
		27.070501, 32.257637, 27.778252>
	pigment { color rgbt <0,1,1,0> }
	no_shadow
}
cylinder {
	<27.495026, 31.594751, 27.968225>,  <27.656860, 32.368340, 28.144215>, 0.130000
	pigment { color rgbt <1,0,0,0> }
	no_shadow
}

// nucleotide -1

// particle -1
sphere {
	<27.495026, 31.594751, 27.968225> 0.250000
	pigment { color rgbt <1,0,0,0> }
	no_shadow
}
cylinder {
	<27.250853, 31.769121, 27.703697>,  <27.104349, 31.873743, 27.544981>, 0.100000
	pigment { color rgbt <1,0,0,0> }
	no_shadow
}
cylinder {
	<27.250853, 31.769121, 27.703697>,  <27.495026, 31.594751, 27.968225>, 0.100000
	pigment { color rgbt <1,0,0,0> }
	no_shadow
}

// particle -1
sphere {
	<27.250853, 31.769121, 27.703697> 0.100000
	pigment { color rgbt <1,0,0,0> }
	no_shadow
}
sphere {
	0, 1
	scale<0.080000,0.200000,0.300000>
	matrix <0.401968, -0.548926, -0.732873,
		-0.682494, -0.713196, 0.159853,
		-0.610430, 0.435925, -0.661321,
		27.067724, 31.899899, 27.505301>
	pigment { color rgbt <0,1,1,0> }
	no_shadow
}
cylinder {
	<27.343290, 31.048738, 27.400957>,  <27.495026, 31.594751, 27.968225>, 0.130000
	pigment { color rgbt <1,0,0,0> }
	no_shadow
}

// nucleotide -1

// particle -1
sphere {
	<27.343290, 31.048738, 27.400957> 0.250000
	pigment { color rgbt <1,0,0,0> }
	no_shadow
}
cylinder {
	<27.238913, 31.385687, 27.212353>,  <27.176285, 31.587856, 27.099190>, 0.100000
	pigment { color rgbt <1,0,0,0> }
	no_shadow
}
cylinder {
	<27.238913, 31.385687, 27.212353>,  <27.343290, 31.048738, 27.400957>, 0.100000
	pigment { color rgbt <1,0,0,0> }
	no_shadow
}

// particle -1
sphere {
	<27.238913, 31.385687, 27.212353> 0.100000
	pigment { color rgbt <1,0,0,0> }
	no_shadow
}
sphere {
	0, 1
	scale<0.080000,0.200000,0.300000>
	matrix <0.439932, -0.330996, -0.834806,
		-0.859283, -0.425272, -0.284213,
		-0.260947, 0.842369, -0.471510,
		27.160629, 31.638397, 27.070900>
	pigment { color rgbt <0,1,1,0> }
	no_shadow
}
cylinder {
	<27.106262, 30.804113, 26.741245>,  <27.343290, 31.048738, 27.400957>, 0.130000
	pigment { color rgbt <1,0,0,0> }
	no_shadow
}

// nucleotide -1

// particle -1
sphere {
	<27.106262, 30.804113, 26.741245> 0.250000
	pigment { color rgbt <1,0,0,0> }
	no_shadow
}
cylinder {
	<27.221889, 31.185549, 26.707529>,  <27.291265, 31.414410, 26.687300>, 0.100000
	pigment { color rgbt <1,0,0,0> }
	no_shadow
}
cylinder {
	<27.221889, 31.185549, 26.707529>,  <27.106262, 30.804113, 26.741245>, 0.100000
	pigment { color rgbt <1,0,0,0> }
	no_shadow
}

// particle -1
sphere {
	<27.221889, 31.185549, 26.707529> 0.100000
	pigment { color rgbt <1,0,0,0> }
	no_shadow
}
sphere {
	0, 1
	scale<0.080000,0.200000,0.300000>
	matrix <0.509430, -0.227777, -0.829818,
		-0.810506, 0.196934, -0.551631,
		0.289068, 0.953591, -0.084291,
		27.308609, 31.471626, 26.682241>
	pigment { color rgbt <0,1,1,0> }
	no_shadow
}
cylinder {
	<26.812057, 31.201832, 26.146061>,  <27.106262, 30.804113, 26.741245>, 0.130000
	pigment { color rgbt <1,0,0,0> }
	no_shadow
}

// nucleotide -1

// particle -1
sphere {
	<26.812057, 31.201832, 26.146061> 0.250000
	pigment { color rgbt <1,0,0,0> }
	no_shadow
}
cylinder {
	<27.189322, 31.300537, 26.235107>,  <27.415680, 31.359760, 26.288534>, 0.100000
	pigment { color rgbt <1,0,0,0> }
	no_shadow
}
cylinder {
	<27.189322, 31.300537, 26.235107>,  <26.812057, 31.201832, 26.146061>, 0.100000
	pigment { color rgbt <1,0,0,0> }
	no_shadow
}

// particle -1
sphere {
	<27.189322, 31.300537, 26.235107> 0.100000
	pigment { color rgbt <1,0,0,0> }
	no_shadow
}
sphere {
	0, 1
	scale<0.080000,0.200000,0.300000>
	matrix <0.313789, -0.440552, -0.841101,
		-0.109479, 0.863147, -0.492943,
		0.943160, 0.246762, 0.222615,
		27.472269, 31.374565, 26.301891>
	pigment { color rgbt <0,1,1,0> }
	no_shadow
}
cylinder {
	<27.188829, 31.517080, 25.598633>,  <26.812057, 31.201832, 26.146061>, 0.130000
	pigment { color rgbt <1,0,0,0> }
	no_shadow
}

// nucleotide -1

// particle -1
sphere {
	<27.188829, 31.517080, 25.598633> 0.250000
	pigment { color rgbt <1,0,0,0> }
	no_shadow
}
cylinder {
	<27.443665, 31.335045, 25.847475>,  <27.596565, 31.225822, 25.996780>, 0.100000
	pigment { color rgbt <1,0,0,0> }
	no_shadow
}
cylinder {
	<27.443665, 31.335045, 25.847475>,  <27.188829, 31.517080, 25.598633>, 0.100000
	pigment { color rgbt <1,0,0,0> }
	no_shadow
}

// particle -1
sphere {
	<27.443665, 31.335045, 25.847475> 0.100000
	pigment { color rgbt <1,0,0,0> }
	no_shadow
}
sphere {
	0, 1
	scale<0.080000,0.200000,0.300000>
	matrix <0.494552, -0.377722, -0.782780,
		0.591218, 0.806362, -0.015576,
		0.637087, -0.455090, 0.622104,
		27.634790, 31.198519, 26.034107>
	pigment { color rgbt <0,1,1,0> }
	no_shadow
}
cylinder {
	<27.878155, 31.650713, 25.355171>,  <27.188829, 31.517080, 25.598633>, 0.130000
	pigment { color rgbt <1,0,0,0> }
	no_shadow
}

// nucleotide -1

// particle -1
sphere {
	<27.878155, 31.650713, 25.355171> 0.250000
	pigment { color rgbt <1,0,0,0> }
	no_shadow
}
cylinder {
	<27.853157, 31.301855, 25.549267>,  <27.838158, 31.092541, 25.665724>, 0.100000
	pigment { color rgbt <1,0,0,0> }
	no_shadow
}
cylinder {
	<27.853157, 31.301855, 25.549267>,  <27.878155, 31.650713, 25.355171>, 0.100000
	pigment { color rgbt <1,0,0,0> }
	no_shadow
}

// particle -1
sphere {
	<27.853157, 31.301855, 25.549267> 0.100000
	pigment { color rgbt <1,0,0,0> }
	no_shadow
}
sphere {
	0, 1
	scale<0.080000,0.200000,0.300000>
	matrix <0.231783, -0.485580, -0.842905,
		0.970758, 0.059794, 0.232494,
		-0.062494, -0.872145, 0.485239,
		27.834410, 31.040211, 25.694839>
	pigment { color rgbt <0,1,1,0> }
	no_shadow
}
cylinder {
	<27.936781, 32.401798, 25.147360>,  <27.878155, 31.650713, 25.355171>, 0.130000
	pigment { color rgbt <1,0,0,0> }
	no_shadow
}

// nucleotide -1

// particle -1
sphere {
	<27.936781, 32.401798, 25.147360> 0.250000
	pigment { color rgbt <1,0,0,0> }
	no_shadow
}
cylinder {
	<27.547031, 32.348648, 25.219961>,  <27.313183, 32.316757, 25.263521>, 0.100000
	pigment { color rgbt <1,0,0,0> }
	no_shadow
}
cylinder {
	<27.547031, 32.348648, 25.219961>,  <27.936781, 32.401798, 25.147360>, 0.100000
	pigment { color rgbt <1,0,0,0> }
	no_shadow
}

// particle -1
sphere {
	<27.547031, 32.348648, 25.219961> 0.100000
	pigment { color rgbt <1,0,0,0> }
	no_shadow
}
sphere {
	0, 1
	scale<0.080000,0.200000,0.300000>
	matrix <-0.218419, 0.751801, -0.622164,
		-0.053783, -0.645863, -0.761557,
		-0.974372, -0.132877, 0.181503,
		27.254721, 32.308784, 25.274412>
	pigment { color rgbt <0,1,1,0> }
	no_shadow
}
cylinder {
	<27.552401, 32.917389, 24.675564>,  <27.936781, 32.401798, 25.147360>, 0.130000
	pigment { color rgbt <1,0,0,0> }
	no_shadow
}

// nucleotide -1

// particle -1
sphere {
	<27.552401, 32.917389, 24.675564> 0.250000
	pigment { color rgbt <1,0,0,0> }
	no_shadow
}
cylinder {
	<27.733805, 32.771091, 24.350464>,  <27.842648, 32.683311, 24.155405>, 0.100000
	pigment { color rgbt <1,0,0,0> }
	no_shadow
}
cylinder {
	<27.733805, 32.771091, 24.350464>,  <27.552401, 32.917389, 24.675564>, 0.100000
	pigment { color rgbt <1,0,0,0> }
	no_shadow
}

// particle -1
sphere {
	<27.733805, 32.771091, 24.350464> 0.100000
	pigment { color rgbt <1,0,0,0> }
	no_shadow
}
sphere {
	0, 1
	scale<0.080000,0.200000,0.300000>
	matrix <-0.801420, 0.231633, -0.551428,
		0.389940, 0.901431, -0.188065,
		0.453512, -0.365742, -0.812748,
		27.869858, 32.661369, 24.106640>
	pigment { color rgbt <0,1,1,0> }
	no_shadow
}
cylinder {
	<28.044920, 33.508457, 24.827524>,  <27.552401, 32.917389, 24.675564>, 0.130000
	pigment { color rgbt <1,0,0,0> }
	no_shadow
}

// nucleotide -1

// particle -1
sphere {
	<28.044920, 33.508457, 24.827524> 0.250000
	pigment { color rgbt <1,0,0,0> }
	no_shadow
}
cylinder {
	<27.881081, 33.820023, 24.637569>,  <27.782778, 34.006962, 24.523596>, 0.100000
	pigment { color rgbt <1,0,0,0> }
	no_shadow
}
cylinder {
	<27.881081, 33.820023, 24.637569>,  <28.044920, 33.508457, 24.827524>, 0.100000
	pigment { color rgbt <1,0,0,0> }
	no_shadow
}

// particle -1
sphere {
	<27.881081, 33.820023, 24.637569> 0.100000
	pigment { color rgbt <1,0,0,0> }
	no_shadow
}
sphere {
	0, 1
	scale<0.080000,0.200000,0.300000>
	matrix <0.747215, -0.012185, -0.664471,
		-0.523355, -0.627008, -0.577028,
		-0.409598, 0.778917, -0.474887,
		27.758202, 34.053699, 24.495104>
	pigment { color rgbt <0,1,1,0> }
	no_shadow
}
cylinder {
	<28.398932, 33.009762, 25.352249>,  <28.044920, 33.508457, 24.827524>, 0.130000
	pigment { color rgbt <1,0,0,0> }
	no_shadow
}

// nucleotide -1

// particle -1
sphere {
	<28.398932, 33.009762, 25.352249> 0.250000
	pigment { color rgbt <1,0,0,0> }
	no_shadow
}
cylinder {
	<28.470310, 33.240246, 25.671284>,  <28.513138, 33.378536, 25.862703>, 0.100000
	pigment { color rgbt <1,0,0,0> }
	no_shadow
}
cylinder {
	<28.470310, 33.240246, 25.671284>,  <28.398932, 33.009762, 25.352249>, 0.100000
	pigment { color rgbt <1,0,0,0> }
	no_shadow
}

// particle -1
sphere {
	<28.470310, 33.240246, 25.671284> 0.100000
	pigment { color rgbt <1,0,0,0> }
	no_shadow
}
sphere {
	0, 1
	scale<0.080000,0.200000,0.300000>
	matrix <0.783581, -0.573483, 0.238993,
		0.595112, 0.582325, -0.553841,
		0.178447, 0.576207, 0.797585,
		28.523844, 33.413109, 25.910559>
	pigment { color rgbt <0,1,1,0> }
	no_shadow
}
cylinder {
	<29.014902, 33.349735, 25.190924>,  <28.398932, 33.009762, 25.352249>, 0.130000
	pigment { color rgbt <1,0,0,0> }
	no_shadow
}

// nucleotide -1

// particle -1
sphere {
	<29.014902, 33.349735, 25.190924> 0.250000
	pigment { color rgbt <1,0,0,0> }
	no_shadow
}
cylinder {
	<28.930071, 33.272160, 25.574051>,  <28.879173, 33.225613, 25.803926>, 0.100000
	pigment { color rgbt <1,0,0,0> }
	no_shadow
}
cylinder {
	<28.930071, 33.272160, 25.574051>,  <29.014902, 33.349735, 25.190924>, 0.100000
	pigment { color rgbt <1,0,0,0> }
	no_shadow
}

// particle -1
sphere {
	<28.930071, 33.272160, 25.574051> 0.100000
	pigment { color rgbt <1,0,0,0> }
	no_shadow
}
sphere {
	0, 1
	scale<0.080000,0.200000,0.300000>
	matrix <0.726302, -0.687033, 0.021705,
		0.653842, 0.700266, 0.286561,
		-0.212077, -0.193938, 0.957816,
		28.866447, 33.213978, 25.861395>
	pigment { color rgbt <0,1,1,0> }
	no_shadow
}
cylinder {
	<29.518206, 33.444344, 25.503538>,  <29.014902, 33.349735, 25.190924>, 0.130000
	pigment { color rgbt <1,0,0,0> }
	no_shadow
}

// nucleotide -1

// particle -1
sphere {
	<29.518206, 33.444344, 25.503538> 0.250000
	pigment { color rgbt <1,0,0,0> }
	no_shadow
}
cylinder {
	<29.329927, 33.191654, 25.749910>,  <29.216961, 33.040039, 25.897734>, 0.100000
	pigment { color rgbt <1,0,0,0> }
	no_shadow
}
cylinder {
	<29.329927, 33.191654, 25.749910>,  <29.518206, 33.444344, 25.503538>, 0.100000
	pigment { color rgbt <1,0,0,0> }
	no_shadow
}

// particle -1
sphere {
	<29.329927, 33.191654, 25.749910> 0.100000
	pigment { color rgbt <1,0,0,0> }
	no_shadow
}
sphere {
	0, 1
	scale<0.080000,0.200000,0.300000>
	matrix <0.699019, -0.692968, -0.176544,
		0.538347, 0.347449, 0.767764,
		-0.470695, -0.631724, 0.615931,
		29.188719, 33.002136, 25.934690>
	pigment { color rgbt <0,1,1,0> }
	no_shadow
}
cylinder {
	<30.129471, 33.557743, 25.944214>,  <29.518206, 33.444344, 25.503538>, 0.130000
	pigment { color rgbt <1,0,0,0> }
	no_shadow
}

// nucleotide -1

// particle -1
sphere {
	<30.129471, 33.557743, 25.944214> 0.250000
	pigment { color rgbt <1,0,0,0> }
	no_shadow
}
cylinder {
	<30.394732, 33.817783, 26.092592>,  <30.553888, 33.973808, 26.181620>, 0.100000
	pigment { color rgbt <1,0,0,0> }
	no_shadow
}
cylinder {
	<30.394732, 33.817783, 26.092592>,  <30.129471, 33.557743, 25.944214>, 0.100000
	pigment { color rgbt <1,0,0,0> }
	no_shadow
}

// particle -1
sphere {
	<30.394732, 33.817783, 26.092592> 0.100000
	pigment { color rgbt <1,0,0,0> }
	no_shadow
}
sphere {
	0, 1
	scale<0.080000,0.200000,0.300000>
	matrix <-0.570685, 0.118491, 0.812576,
		0.484303, -0.750552, 0.449580,
		0.663151, 0.650101, 0.370943,
		30.593678, 34.012814, 26.203875>
	pigment { color rgbt <0,1,1,0> }
	no_shadow
}
cylinder {
	<30.434410, 33.349377, 26.656633>,  <30.129471, 33.557743, 25.944214>, 0.130000
	pigment { color rgbt <1,0,0,0> }
	no_shadow
}

// nucleotide -1

// particle -1
sphere {
	<30.434410, 33.349377, 26.656633> 0.250000
	pigment { color rgbt <1,0,0,0> }
	no_shadow
}
cylinder {
	<30.452631, 33.746330, 26.610853>,  <30.463564, 33.984501, 26.583385>, 0.100000
	pigment { color rgbt <1,0,0,0> }
	no_shadow
}
cylinder {
	<30.452631, 33.746330, 26.610853>,  <30.434410, 33.349377, 26.656633>, 0.100000
	pigment { color rgbt <1,0,0,0> }
	no_shadow
}

// particle -1
sphere {
	<30.452631, 33.746330, 26.610853> 0.100000
	pigment { color rgbt <1,0,0,0> }
	no_shadow
}
sphere {
	0, 1
	scale<0.080000,0.200000,0.300000>
	matrix <-0.563497, 0.120128, 0.817338,
		0.824861, 0.027260, 0.564678,
		0.045553, 0.992384, -0.114449,
		30.466297, 34.044044, 26.576519>
	pigment { color rgbt <0,1,1,0> }
	no_shadow
}
cylinder {
	<30.839758, 33.699593, 27.185871>,  <30.434410, 33.349377, 26.656633>, 0.130000
	pigment { color rgbt <1,0,0,0> }
	no_shadow
}

// nucleotide -1

// particle -1
sphere {
	<30.839758, 33.699593, 27.185871> 0.250000
	pigment { color rgbt <1,0,0,0> }
	no_shadow
}
cylinder {
	<30.550722, 33.951550, 27.071959>,  <30.377300, 34.102722, 27.003611>, 0.100000
	pigment { color rgbt <1,0,0,0> }
	no_shadow
}
cylinder {
	<30.550722, 33.951550, 27.071959>,  <30.839758, 33.699593, 27.185871>, 0.100000
	pigment { color rgbt <1,0,0,0> }
	no_shadow
}

// particle -1
sphere {
	<30.550722, 33.951550, 27.071959> 0.100000
	pigment { color rgbt <1,0,0,0> }
	no_shadow
}
sphere {
	0, 1
	scale<0.080000,0.200000,0.300000>
	matrix <-0.395117, -0.038304, 0.917832,
		0.567227, 0.775738, 0.276559,
		-0.722590, 0.629892, -0.284780,
		30.333944, 34.140518, 26.986525>
	pigment { color rgbt <0,1,1,0> }
	no_shadow
}
cylinder {
	<30.815851, 34.297848, 27.620768>,  <30.839758, 33.699593, 27.185871>, 0.130000
	pigment { color rgbt <1,0,0,0> }
	no_shadow
}

// nucleotide -1

// particle -1
sphere {
	<30.815851, 34.297848, 27.620768> 0.250000
	pigment { color rgbt <1,0,0,0> }
	no_shadow
}
cylinder {
	<30.448950, 34.269672, 27.463959>,  <30.228809, 34.252766, 27.369873>, 0.100000
	pigment { color rgbt <1,0,0,0> }
	no_shadow
}
cylinder {
	<30.448950, 34.269672, 27.463959>,  <30.815851, 34.297848, 27.620768>, 0.100000
	pigment { color rgbt <1,0,0,0> }
	no_shadow
}

// particle -1
sphere {
	<30.448950, 34.269672, 27.463959> 0.100000
	pigment { color rgbt <1,0,0,0> }
	no_shadow
}
sphere {
	0, 1
	scale<0.080000,0.200000,0.300000>
	matrix <-0.398240, 0.179502, 0.899546,
		0.007004, 0.981232, -0.192701,
		-0.917254, -0.070441, -0.392024,
		30.173773, 34.248539, 27.346352>
	pigment { color rgbt <0,1,1,0> }
	no_shadow
}
cylinder {
	<30.555931, 34.870251, 27.749964>,  <30.815851, 34.297848, 27.620768>, 0.130000
	pigment { color rgbt <1,0,0,0> }
	no_shadow
}

// nucleotide -1

// particle -1
sphere {
	<30.555931, 34.870251, 27.749964> 0.250000
	pigment { color rgbt <1,0,0,0> }
	no_shadow
}
cylinder {
	<30.248795, 34.617321, 27.708809>,  <30.064512, 34.465565, 27.684116>, 0.100000
	pigment { color rgbt <1,0,0,0> }
	no_shadow
}
cylinder {
	<30.248795, 34.617321, 27.708809>,  <30.555931, 34.870251, 27.749964>, 0.100000
	pigment { color rgbt <1,0,0,0> }
	no_shadow
}

// particle -1
sphere {
	<30.248795, 34.617321, 27.708809> 0.100000
	pigment { color rgbt <1,0,0,0> }
	no_shadow
}
sphere {
	0, 1
	scale<0.080000,0.200000,0.300000>
	matrix <-0.250536, 0.148575, 0.956638,
		-0.589617, 0.760325, -0.272502,
		-0.767843, -0.632322, -0.102887,
		30.018442, 34.427624, 27.677942>
	pigment { color rgbt <0,1,1,0> }
	no_shadow
}
cylinder {
	<29.977358, 35.315865, 28.014284>,  <30.555931, 34.870251, 27.749964>, 0.130000
	pigment { color rgbt <1,0,0,0> }
	no_shadow
}

// nucleotide -1

// particle -1
sphere {
	<29.977358, 35.315865, 28.014284> 0.250000
	pigment { color rgbt <1,0,0,0> }
	no_shadow
}
cylinder {
	<29.870861, 34.931007, 28.037622>,  <29.806963, 34.700092, 28.051626>, 0.100000
	pigment { color rgbt <1,0,0,0> }
	no_shadow
}
cylinder {
	<29.870861, 34.931007, 28.037622>,  <29.977358, 35.315865, 28.014284>, 0.100000
	pigment { color rgbt <1,0,0,0> }
	no_shadow
}

// particle -1
sphere {
	<29.870861, 34.931007, 28.037622> 0.100000
	pigment { color rgbt <1,0,0,0> }
	no_shadow
}
sphere {
	0, 1
	scale<0.080000,0.200000,0.300000>
	matrix <-0.376204, 0.159451, 0.912714,
		-0.887461, 0.221052, -0.404413,
		-0.266242, -0.962139, 0.058346,
		29.790989, 34.642365, 28.055126>
	pigment { color rgbt <0,1,1,0> }
	no_shadow
}
cylinder {
	<29.323713, 35.343246, 28.380350>,  <29.977358, 35.315865, 28.014284>, 0.130000
	pigment { color rgbt <1,0,0,0> }
	no_shadow
}

// nucleotide -1

// particle -1
sphere {
	<29.323713, 35.343246, 28.380350> 0.250000
	pigment { color rgbt <1,0,0,0> }
	no_shadow
}
cylinder {
	<29.446568, 34.962582, 28.379440>,  <29.520281, 34.734184, 28.378895>, 0.100000
	pigment { color rgbt <1,0,0,0> }
	no_shadow
}
cylinder {
	<29.446568, 34.962582, 28.379440>,  <29.323713, 35.343246, 28.380350>, 0.100000
	pigment { color rgbt <1,0,0,0> }
	no_shadow
}

// particle -1
sphere {
	<29.446568, 34.962582, 28.379440> 0.100000
	pigment { color rgbt <1,0,0,0> }
	no_shadow
}
sphere {
	0, 1
	scale<0.080000,0.200000,0.300000>
	matrix <-0.447801, -0.146630, 0.882028,
		-0.839727, -0.269883, -0.471191,
		0.307136, -0.951663, -0.002275,
		29.538708, 34.677082, 28.378757>
	pigment { color rgbt <0,1,1,0> }
	no_shadow
}
cylinder {
	<28.774988, 35.064201, 28.583469>,  <29.323713, 35.343246, 28.380350>, 0.130000
	pigment { color rgbt <1,0,0,0> }
	no_shadow
}

// nucleotide -1

// particle -1
sphere {
	<28.774988, 35.064201, 28.583469> 0.250000
	pigment { color rgbt <1,0,0,0> }
	no_shadow
}
cylinder {
	<29.072140, 34.804604, 28.649117>,  <29.250431, 34.648846, 28.688505>, 0.100000
	pigment { color rgbt <1,0,0,0> }
	no_shadow
}
cylinder {
	<29.072140, 34.804604, 28.649117>,  <28.774988, 35.064201, 28.583469>, 0.100000
	pigment { color rgbt <1,0,0,0> }
	no_shadow
}

// particle -1
sphere {
	<29.072140, 34.804604, 28.649117> 0.100000
	pigment { color rgbt <1,0,0,0> }
	no_shadow
}
sphere {
	0, 1
	scale<0.080000,0.200000,0.300000>
	matrix <-0.344561, -0.160504, 0.924941,
		-0.573942, -0.743667, -0.342854,
		0.742878, -0.648997, 0.164119,
		29.295004, 34.609905, 28.698353>
	pigment { color rgbt <0,1,1,0> }
	no_shadow
}
cylinder {
	<28.490622, 34.659466, 28.944773>,  <28.774988, 35.064201, 28.583469>, 0.130000
	pigment { color rgbt <1,0,0,0> }
	no_shadow
}

// nucleotide -1

// particle -1
sphere {
	<28.490622, 34.659466, 28.944773> 0.250000
	pigment { color rgbt <1,0,0,0> }
	no_shadow
}
cylinder {
	<28.871719, 34.559700, 29.014139>,  <29.100378, 34.499840, 29.055759>, 0.100000
	pigment { color rgbt <1,0,0,0> }
	no_shadow
}
cylinder {
	<28.871719, 34.559700, 29.014139>,  <28.490622, 34.659466, 28.944773>, 0.100000
	pigment { color rgbt <1,0,0,0> }
	no_shadow
}

// particle -1
sphere {
	<28.871719, 34.559700, 29.014139> 0.100000
	pigment { color rgbt <1,0,0,0> }
	no_shadow
}
sphere {
	0, 1
	scale<0.080000,0.200000,0.300000>
	matrix <-0.235396, -0.245313, 0.940431,
		-0.192014, -0.936811, -0.292431,
		0.952743, -0.249413, 0.173418,
		29.157541, 34.484875, 29.066164>
	pigment { color rgbt <0,1,1,0> }
	no_shadow
}
cylinder {
	<28.530848, 33.951160, 29.174402>,  <28.490622, 34.659466, 28.944773>, 0.130000
	pigment { color rgbt <1,0,0,0> }
	no_shadow
}

// nucleotide -1

// particle -1
sphere {
	<28.530848, 33.951160, 29.174402> 0.250000
	pigment { color rgbt <1,0,0,0> }
	no_shadow
}
cylinder {
	<28.855585, 34.141296, 29.310024>,  <29.050426, 34.255379, 29.391397>, 0.100000
	pigment { color rgbt <1,0,0,0> }
	no_shadow
}
cylinder {
	<28.855585, 34.141296, 29.310024>,  <28.530848, 33.951160, 29.174402>, 0.100000
	pigment { color rgbt <1,0,0,0> }
	no_shadow
}

// particle -1
sphere {
	<28.855585, 34.141296, 29.310024> 0.100000
	pigment { color rgbt <1,0,0,0> }
	no_shadow
}
sphere {
	0, 1
	scale<0.080000,0.200000,0.300000>
