// switches for output
#declare DRAW_BASES = 1; // possible values are 0, 1; only relevant for DNA ribbons
#declare DRAW_BASES_TYPE = 3; // possible values are 1, 2, 3; only relevant for DNA ribbons
#declare DRAW_FOG = 0; // set to 1 to enable fog

#include "colors.inc"

#include "transforms.inc"
background { rgb <1, 1, 1>}

#default {
   normal{
       ripples 0.25
       frequency 0.20
       turbulence 0.2
       lambda 5
   }
	finish {
		phong 0.1
		phong_size 40.
	}
}

// original window dimensions: 1024x640


// camera settings

camera {
	sky <0, 0.179814, -0.983701>
	up <0, 0.179814, -0.983701>
	right 1.6 * <1, 0, 0>
	location <35, 94.9851, 44.8844>
	look_at <35, 29.7336, 32.9568>
	direction <0, -65.2515, -11.9276>
	angle 67.0682
}


# declare cpy_camera_pos = <35, 94.9851, 44.8844>;
# if (DRAW_FOG = 1)
fog {
	fog_type 2
	up vnormalize(cpy_camera_pos)
	color rgbt<1,1,1,0.3>
	distance 1e-5
	fog_alt 3e-3
	fog_offset 56
}
# end


// LIGHTS

# declare lum = 6;
global_settings {
	ambient_light rgb lum * <0.05, 0.05, 0.05>
	max_trace_level 15
}# declare cpy_direct_light_amount = 0.25;
light_source
{	1000 * <-1, -1.16352, -0.803886>,
	rgb lum * cpy_direct_light_amount
	parallel
}

light_source
{	1000 * <1, 1.16352, 0.803886>,
	rgb lum * cpy_direct_light_amount
	parallel
}

// strand 0

// nucleotide -1

// particle -1
sphere {
	<24.412178, 35.170040, 34.874050> 0.250000
	pigment { color rgbt <1,0,0,0> }
	no_shadow
}
cylinder {
	<24.404861, 34.904068, 35.172726>,  <24.400471, 34.744484, 35.351929>, 0.100000
	pigment { color rgbt <1,0,0,0> }
	no_shadow
}
cylinder {
	<24.404861, 34.904068, 35.172726>,  <24.412178, 35.170040, 34.874050>, 0.100000
	pigment { color rgbt <1,0,0,0> }
	no_shadow
}

// particle -1
sphere {
	<24.404861, 34.904068, 35.172726> 0.100000
	pigment { color rgbt <1,0,0,0> }
	no_shadow
}
sphere {
	0, 1
	scale<0.080000,0.200000,0.300000>
	matrix <0.946008, -0.253238, -0.202333,
		0.323625, 0.702669, 0.633658,
		-0.018294, -0.664926, 0.746686,
		24.399374, 34.704590, 35.396732>
	pigment { color rgbt <0,1,1,0> }
	no_shadow
}
cylinder {
	<25.097832, 35.166557, 35.112999>,  <24.412178, 35.170040, 34.874050>, 0.130000
	pigment { color rgbt <1,0,0,0> }
	no_shadow
}

// nucleotide -1

// particle -1
sphere {
	<25.097832, 35.166557, 35.112999> 0.250000
	pigment { color rgbt <1,0,0,0> }
	no_shadow
}
cylinder {
	<24.915096, 34.821548, 35.200039>,  <24.805454, 34.614544, 35.252262>, 0.100000
	pigment { color rgbt <1,0,0,0> }
	no_shadow
}
cylinder {
	<24.915096, 34.821548, 35.200039>,  <25.097832, 35.166557, 35.112999>, 0.100000
	pigment { color rgbt <1,0,0,0> }
	no_shadow
}

// particle -1
sphere {
	<24.915096, 34.821548, 35.200039> 0.100000
	pigment { color rgbt <1,0,0,0> }
	no_shadow
}
sphere {
	0, 1
	scale<0.080000,0.200000,0.300000>
	matrix <0.804189, -0.505013, -0.313437,
		0.380236, 0.031799, 0.924343,
		-0.456838, -0.862526, 0.217596,
		24.778046, 34.562790, 35.265316>
	pigment { color rgbt <0,1,1,0> }
	no_shadow
}
cylinder {
	<25.455334, 34.786724, 35.587639>,  <25.097832, 35.166557, 35.112999>, 0.130000
	pigment { color rgbt <1,0,0,0> }
	no_shadow
}

// nucleotide -1

// particle -1
sphere {
	<25.455334, 34.786724, 35.587639> 0.250000
	pigment { color rgbt <1,0,0,0> }
	no_shadow
}
cylinder {
	<25.247383, 34.502834, 35.397472>,  <25.122612, 34.332500, 35.283371>, 0.100000
	pigment { color rgbt <1,0,0,0> }
	no_shadow
}
cylinder {
	<25.247383, 34.502834, 35.397472>,  <25.455334, 34.786724, 35.587639>, 0.100000
	pigment { color rgbt <1,0,0,0> }
	no_shadow
}

// particle -1
sphere {
	<25.247383, 34.502834, 35.397472> 0.100000
	pigment { color rgbt <1,0,0,0> }
	no_shadow
}
sphere {
	0, 1
	scale<0.080000,0.200000,0.300000>
	matrix <0.851558, -0.474639, -0.222634,
		-0.067644, -0.520590, 0.851123,
		-0.519878, -0.709721, -0.475419,
		25.091419, 34.289917, 35.254848>
	pigment { color rgbt <0,1,1,0> }
	no_shadow
}
cylinder {
	<25.612637, 34.182972, 35.755409>,  <25.455334, 34.786724, 35.587639>, 0.130000
	pigment { color rgbt <1,0,0,0> }
	no_shadow
}

// nucleotide -1

// particle -1
sphere {
	<25.612637, 34.182972, 35.755409> 0.250000
	pigment { color rgbt <1,0,0,0> }
	no_shadow
}
cylinder {
	<25.495773, 34.134705, 35.375919>,  <25.425655, 34.105743, 35.148224>, 0.100000
	pigment { color rgbt <1,0,0,0> }
	no_shadow
}
cylinder {
	<25.495773, 34.134705, 35.375919>,  <25.612637, 34.182972, 35.755409>, 0.100000
	pigment { color rgbt <1,0,0,0> }
	no_shadow
}

// particle -1
sphere {
	<25.495773, 34.134705, 35.375919> 0.100000
	pigment { color rgbt <1,0,0,0> }
	no_shadow
}
sphere {
	0, 1
	scale<0.080000,0.200000,0.300000>
	matrix <0.824562, -0.534337, -0.185959,
		-0.484501, -0.836614, 0.255609,
		-0.292157, -0.120668, -0.948727,
		25.408127, 34.098503, 35.091301>
	pigment { color rgbt <0,1,1,0> }
	no_shadow
}
cylinder {
	<25.880428, 33.526783, 35.629681>,  <25.612637, 34.182972, 35.755409>, 0.130000
	pigment { color rgbt <1,0,0,0> }
	no_shadow
}

// nucleotide -1

// particle -1
sphere {
	<25.880428, 33.526783, 35.629681> 0.250000
	pigment { color rgbt <1,0,0,0> }
	no_shadow
}
cylinder {
	<25.801437, 33.714218, 35.285255>,  <25.754044, 33.826679, 35.078602>, 0.100000
	pigment { color rgbt <1,0,0,0> }
	no_shadow
}
cylinder {
	<25.801437, 33.714218, 35.285255>,  <25.880428, 33.526783, 35.629681>, 0.100000
	pigment { color rgbt <1,0,0,0> }
	no_shadow
}

// particle -1
sphere {
	<25.801437, 33.714218, 35.285255> 0.100000
	pigment { color rgbt <1,0,0,0> }
	no_shadow
}
sphere {
	0, 1
	scale<0.080000,0.200000,0.300000>
	matrix <0.810136, -0.416570, -0.412492,
		-0.551982, -0.779034, -0.297358,
		-0.197475, 0.468588, -0.861063,
		25.742195, 33.854794, 35.026936>
	pigment { color rgbt <0,1,1,0> }
	no_shadow
}
cylinder {
	<25.806185, 33.077553, 34.915230>,  <25.880428, 33.526783, 35.629681>, 0.130000
	pigment { color rgbt <1,0,0,0> }
	no_shadow
}

// nucleotide -1

// particle -1
sphere {
	<25.806185, 33.077553, 34.915230> 0.250000
	pigment { color rgbt <1,0,0,0> }
	no_shadow
}
cylinder {
	<25.981066, 33.435654, 34.880882>,  <26.085995, 33.650517, 34.860275>, 0.100000
	pigment { color rgbt <1,0,0,0> }
	no_shadow
}
cylinder {
	<25.981066, 33.435654, 34.880882>,  <25.806185, 33.077553, 34.915230>, 0.100000
	pigment { color rgbt <1,0,0,0> }
	no_shadow
}

// particle -1
sphere {
	<25.981066, 33.435654, 34.880882> 0.100000
	pigment { color rgbt <1,0,0,0> }
	no_shadow
}
sphere {
	0, 1
	scale<0.080000,0.200000,0.300000>
	matrix <0.893574, -0.443218, -0.071290,
		-0.101880, -0.045561, -0.993753,
		0.437201, 0.895255, -0.085867,
		26.112226, 33.704231, 34.855122>
	pigment { color rgbt <0,1,1,0> }
	no_shadow
}
cylinder {
	<26.275581, 33.064308, 34.368801>,  <25.806185, 33.077553, 34.915230>, 0.130000
	pigment { color rgbt <1,0,0,0> }
	no_shadow
}

// nucleotide -1

// particle -1
sphere {
	<26.275581, 33.064308, 34.368801> 0.250000
	pigment { color rgbt <1,0,0,0> }
	no_shadow
}
cylinder {
	<26.416187, 33.370338, 34.584618>,  <26.500551, 33.553955, 34.714108>, 0.100000
	pigment { color rgbt <1,0,0,0> }
	no_shadow
}
cylinder {
	<26.416187, 33.370338, 34.584618>,  <26.275581, 33.064308, 34.368801>, 0.100000
	pigment { color rgbt <1,0,0,0> }
	no_shadow
}

// particle -1
sphere {
	<26.416187, 33.370338, 34.584618> 0.100000
	pigment { color rgbt <1,0,0,0> }
	no_shadow
}
sphere {
	0, 1
	scale<0.080000,0.200000,0.300000>
	matrix <0.897975, -0.438507, 0.036772,
		0.264724, 0.471565, -0.841159,
		0.351513, 0.765074, 0.539537,
		26.521641, 33.599861, 34.746479>
	pigment { color rgbt <0,1,1,0> }
	no_shadow
}
cylinder {
	<26.947924, 32.980423, 34.499283>,  <26.275581, 33.064308, 34.368801>, 0.130000
	pigment { color rgbt <1,0,0,0> }
	no_shadow
}

// nucleotide -1

// particle -1
sphere {
	<26.947924, 32.980423, 34.499283> 0.250000
	pigment { color rgbt <1,0,0,0> }
	no_shadow
}
cylinder {
	<26.955862, 33.334740, 34.684750>,  <26.960625, 33.547329, 34.796028>, 0.100000
	pigment { color rgbt <1,0,0,0> }
	no_shadow
}
cylinder {
	<26.955862, 33.334740, 34.684750>,  <26.947924, 32.980423, 34.499283>, 0.100000
	pigment { color rgbt <1,0,0,0> }
	no_shadow
}

// particle -1
sphere {
	<26.955862, 33.334740, 34.684750> 0.100000
	pigment { color rgbt <1,0,0,0> }
	no_shadow
}
sphere {
	0, 1
	scale<0.080000,0.200000,0.300000>
	matrix <0.952905, -0.157128, 0.259391,
		0.302620, 0.436678, -0.847192,
		0.019847, 0.885790, 0.463662,
		26.961817, 33.600475, 34.823849>
	pigment { color rgbt <0,1,1,0> }
	no_shadow
}
cylinder {
	<27.552851, 33.342636, 34.273029>,  <26.947924, 32.980423, 34.499283>, 0.130000
	pigment { color rgbt <1,0,0,0> }
	no_shadow
}

// nucleotide -1

// particle -1
sphere {
	<27.552851, 33.342636, 34.273029> 0.250000
	pigment { color rgbt <1,0,0,0> }
	no_shadow
}
cylinder {
	<27.440687, 33.508282, 34.619411>,  <27.373388, 33.607670, 34.827240>, 0.100000
	pigment { color rgbt <1,0,0,0> }
	no_shadow
}
cylinder {
	<27.440687, 33.508282, 34.619411>,  <27.552851, 33.342636, 34.273029>, 0.100000
	pigment { color rgbt <1,0,0,0> }
	no_shadow
}

// particle -1
sphere {
	<27.440687, 33.508282, 34.619411> 0.100000
	pigment { color rgbt <1,0,0,0> }
	no_shadow
}
sphere {
	0, 1
	scale<0.080000,0.200000,0.300000>
	matrix <0.946454, -0.031079, 0.321338,
		0.159985, 0.909693, -0.383228,
		-0.280409, 0.414117, 0.865955,
		27.356565, 33.632515, 34.879196>
	pigment { color rgbt <0,1,1,0> }
	no_shadow
}
cylinder {
	<27.864155, 34.017216, 34.435974>,  <27.552851, 33.342636, 34.273029>, 0.130000
	pigment { color rgbt <1,0,0,0> }
	no_shadow
}

// nucleotide -1

// particle -1
sphere {
	<27.864155, 34.017216, 34.435974> 0.250000
	pigment { color rgbt <1,0,0,0> }
	no_shadow
}
cylinder {
	<27.783840, 33.837029, 34.783943>,  <27.735651, 33.728916, 34.992725>, 0.100000
	pigment { color rgbt <1,0,0,0> }
	no_shadow
}
cylinder {
	<27.783840, 33.837029, 34.783943>,  <27.864155, 34.017216, 34.435974>, 0.100000
	pigment { color rgbt <1,0,0,0> }
	no_shadow
}

// particle -1
sphere {
	<27.783840, 33.837029, 34.783943> 0.100000
	pigment { color rgbt <1,0,0,0> }
	no_shadow
}
sphere {
	0, 1
	scale<0.080000,0.200000,0.300000>
	matrix <0.977901, -0.144987, 0.150629,
		0.058273, 0.880940, 0.469625,
		-0.200785, -0.450469, 0.869921,
		27.723604, 33.701889, 35.044918>
	pigment { color rgbt <0,1,1,0> }
	no_shadow
}
cylinder {
	<28.418222, 34.217064, 34.943413>,  <27.864155, 34.017216, 34.435974>, 0.130000
	pigment { color rgbt <1,0,0,0> }
	no_shadow
}

// nucleotide -1

// particle -1
sphere {
	<28.418222, 34.217064, 34.943413> 0.250000
	pigment { color rgbt <1,0,0,0> }
	no_shadow
}
cylinder {
	<28.247995, 33.883801, 35.084682>,  <28.145859, 33.683842, 35.169445>, 0.100000
	pigment { color rgbt <1,0,0,0> }
	no_shadow
}
cylinder {
	<28.247995, 33.883801, 35.084682>,  <28.418222, 34.217064, 34.943413>, 0.100000
	pigment { color rgbt <1,0,0,0> }
	no_shadow
}

// particle -1
sphere {
	<28.247995, 33.883801, 35.084682> 0.100000
	pigment { color rgbt <1,0,0,0> }
	no_shadow
}
sphere {
	0, 1
	scale<0.080000,0.200000,0.300000>
	matrix <0.903665, -0.411874, 0.117259,
		0.047767, 0.369052, 0.928181,
		-0.425568, -0.833163, 0.353173,
		28.120325, 33.633850, 35.190636>
	pigment { color rgbt <0,1,1,0> }
	no_shadow
}
cylinder {
	<28.655539, 34.115341, 35.672756>,  <28.418222, 34.217064, 34.943413>, 0.130000
	pigment { color rgbt <1,0,0,0> }
	no_shadow
}

// nucleotide -1

// particle -1
sphere {
	<28.655539, 34.115341, 35.672756> 0.250000
	pigment { color rgbt <1,0,0,0> }
	no_shadow
}
cylinder {
	<28.554491, 33.749763, 35.545704>,  <28.493862, 33.530418, 35.469475>, 0.100000
	pigment { color rgbt <1,0,0,0> }
	no_shadow
}
cylinder {
	<28.554491, 33.749763, 35.545704>,  <28.655539, 34.115341, 35.672756>, 0.100000
	pigment { color rgbt <1,0,0,0> }
	no_shadow
}

// particle -1
sphere {
	<28.554491, 33.749763, 35.545704> 0.100000
	pigment { color rgbt <1,0,0,0> }
	no_shadow
}
sphere {
	0, 1
	scale<0.080000,0.200000,0.300000>
	matrix <0.841294, -0.369628, 0.394462,
		-0.477920, -0.167568, 0.862272,
		-0.252621, -0.913945, -0.317627,
		28.478704, 33.475578, 35.450417>
	pigment { color rgbt <0,1,1,0> }
	no_shadow
}
cylinder {
	<28.982841, 33.712196, 36.144047>,  <28.655539, 34.115341, 35.672756>, 0.130000
	pigment { color rgbt <1,0,0,0> }
	no_shadow
}

// nucleotide -1

// particle -1
sphere {
	<28.982841, 33.712196, 36.144047> 0.250000
	pigment { color rgbt <1,0,0,0> }
	no_shadow
}
cylinder {
	<28.868271, 33.467869, 35.848789>,  <28.799528, 33.321274, 35.671635>, 0.100000
	pigment { color rgbt <1,0,0,0> }
	no_shadow
}
cylinder {
	<28.868271, 33.467869, 35.848789>,  <28.982841, 33.712196, 36.144047>, 0.100000
	pigment { color rgbt <1,0,0,0> }
	no_shadow
}

// particle -1
sphere {
	<28.868271, 33.467869, 35.848789> 0.100000
	pigment { color rgbt <1,0,0,0> }
	no_shadow
}
sphere {
	0, 1
	scale<0.080000,0.200000,0.300000>
	matrix <0.657848, -0.685495, 0.311982,
		-0.696560, -0.396227, 0.598171,
		-0.286427, -0.610820, -0.738146,
		28.782343, 33.284622, 35.627346>
	pigment { color rgbt <0,1,1,0> }
	no_shadow
}
cylinder {
	<28.876907, 33.096397, 36.422180>,  <28.982841, 33.712196, 36.144047>, 0.130000
	pigment { color rgbt <1,0,0,0> }
	no_shadow
}

// nucleotide -1

// particle -1
sphere {
	<28.876907, 33.096397, 36.422180> 0.250000
	pigment { color rgbt <1,0,0,0> }
	no_shadow
}
cylinder {
	<28.929062, 33.013050, 36.034451>,  <28.960356, 32.963039, 35.801815>, 0.100000
	pigment { color rgbt <1,0,0,0> }
	no_shadow
}
cylinder {
	<28.929062, 33.013050, 36.034451>,  <28.876907, 33.096397, 36.422180>, 0.100000
	pigment { color rgbt <1,0,0,0> }
	no_shadow
}

// particle -1
sphere {
	<28.929062, 33.013050, 36.034451> 0.100000
	pigment { color rgbt <1,0,0,0> }
	no_shadow
}
sphere {
	0, 1
	scale<0.080000,0.200000,0.300000>
	matrix <0.621404, -0.744639, 0.243660,
		-0.772564, -0.634110, 0.032389,
		0.130389, -0.208370, -0.969320,
		28.968178, 32.950539, 35.743656>
	pigment { color rgbt <0,1,1,0> }
	no_shadow
}
cylinder {
	<28.814667, 32.216465, 36.344101>,  <28.876907, 33.096397, 36.422180>, 0.130000
	pigment { color rgbt <1,0,0,0> }
	no_shadow
}

// nucleotide -1

// particle -1
sphere {
	<28.814667, 32.216465, 36.344101> 0.250000
	pigment { color rgbt <1,0,0,0> }
	no_shadow
}
cylinder {
	<29.025253, 32.362930, 36.037178>,  <29.151606, 32.450809, 35.853024>, 0.100000
	pigment { color rgbt <1,0,0,0> }
	no_shadow
}
cylinder {
	<29.025253, 32.362930, 36.037178>,  <28.814667, 32.216465, 36.344101>, 0.100000
	pigment { color rgbt <1,0,0,0> }
	no_shadow
}

// particle -1
sphere {
	<29.025253, 32.362930, 36.037178> 0.100000
	pigment { color rgbt <1,0,0,0> }
	no_shadow
}
sphere {
	0, 1
	scale<0.080000,0.200000,0.300000>
	matrix <0.663886, -0.740849, 0.101970,
		-0.531119, -0.563086, -0.633125,
		0.526468, 0.366164, -0.767304,
		29.183193, 32.472778, 35.806988>
	pigment { color rgbt <0,1,1,0> }
	no_shadow
}
cylinder {
	<28.891060, 31.664925, 35.964489>,  <28.814667, 32.216465, 36.344101>, 0.130000
	pigment { color rgbt <1,0,0,0> }
	no_shadow
}

// nucleotide -1

// particle -1
sphere {
	<28.891060, 31.664925, 35.964489> 0.250000
	pigment { color rgbt <1,0,0,0> }
	no_shadow
}
cylinder {
	<29.178408, 31.898405, 35.813103>,  <29.350817, 32.038494, 35.722271>, 0.100000
	pigment { color rgbt <1,0,0,0> }
	no_shadow
}
cylinder {
	<29.178408, 31.898405, 35.813103>,  <28.891060, 31.664925, 35.964489>, 0.100000
	pigment { color rgbt <1,0,0,0> }
	no_shadow
}

// particle -1
sphere {
	<29.178408, 31.898405, 35.813103> 0.100000
	pigment { color rgbt <1,0,0,0> }
	no_shadow
}
sphere {
	0, 1
	scale<0.080000,0.200000,0.300000>
	matrix <0.660816, -0.742588, 0.109023,
		-0.217410, -0.328418, -0.919170,
		0.718370, 0.583700, -0.378470,
		29.393919, 32.073517, 35.699562>
	pigment { color rgbt <0,1,1,0> }
	no_shadow
}
cylinder {
	<29.266226, 31.303823, 35.409332>,  <28.891060, 31.664925, 35.964489>, 0.130000
	pigment { color rgbt <1,0,0,0> }
	no_shadow
}

// nucleotide -1

// particle -1
sphere {
	<29.266226, 31.303823, 35.409332> 0.250000
	pigment { color rgbt <1,0,0,0> }
	no_shadow
}
cylinder {
	<29.510691, 31.586329, 35.552258>,  <29.657370, 31.755831, 35.638012>, 0.100000
	pigment { color rgbt <1,0,0,0> }
	no_shadow
}
cylinder {
	<29.510691, 31.586329, 35.552258>,  <29.266226, 31.303823, 35.409332>, 0.100000
	pigment { color rgbt <1,0,0,0> }
	no_shadow
}

// particle -1
sphere {
	<29.510691, 31.586329, 35.552258> 0.100000
	pigment { color rgbt <1,0,0,0> }
	no_shadow
}
sphere {
	0, 1
	scale<0.080000,0.200000,0.300000>
	matrix <0.790336, -0.569067, -0.227005,
		0.043012, 0.421136, -0.905977,
		0.611162, 0.706262, 0.357316,
		29.694038, 31.798206, 35.659451>
	pigment { color rgbt <0,1,1,0> }
	no_shadow
}
cylinder {
	<29.860603, 31.122356, 35.008114>,  <29.266226, 31.303823, 35.409332>, 0.130000
	pigment { color rgbt <1,0,0,0> }
	no_shadow
}

// nucleotide -1

// particle -1
sphere {
	<29.860603, 31.122356, 35.008114> 0.250000
	pigment { color rgbt <1,0,0,0> }
	no_shadow
}
cylinder {
	<29.979609, 31.384344, 35.285961>,  <30.051012, 31.541536, 35.452671>, 0.100000
	pigment { color rgbt <1,0,0,0> }
	no_shadow
}
cylinder {
	<29.979609, 31.384344, 35.285961>,  <29.860603, 31.122356, 35.008114>, 0.100000
	pigment { color rgbt <1,0,0,0> }
	no_shadow
}

// particle -1
sphere {
	<29.979609, 31.384344, 35.285961> 0.100000
	pigment { color rgbt <1,0,0,0> }
	no_shadow
}
sphere {
	0, 1
	scale<0.080000,0.200000,0.300000>
	matrix <0.866427, -0.490812, 0.091698,
		0.400988, 0.574558, -0.713507,
		0.297512, 0.654971, 0.694622,
		30.068863, 31.580835, 35.494347>
	pigment { color rgbt <0,1,1,0> }
	no_shadow
}
cylinder {
	<30.508532, 31.206230, 34.867165>,  <29.860603, 31.122356, 35.008114>, 0.130000
	pigment { color rgbt <1,0,0,0> }
	no_shadow
}

// nucleotide -1

// particle -1
sphere {
	<30.508532, 31.206230, 34.867165> 0.250000
	pigment { color rgbt <1,0,0,0> }
	no_shadow
}
cylinder {
	<30.461660, 31.317221, 35.248589>,  <30.433538, 31.383816, 35.477444>, 0.100000
	pigment { color rgbt <1,0,0,0> }
	no_shadow
}
cylinder {
	<30.461660, 31.317221, 35.248589>,  <30.508532, 31.206230, 34.867165>, 0.100000
	pigment { color rgbt <1,0,0,0> }
	no_shadow
}

// particle -1
sphere {
	<30.461660, 31.317221, 35.248589> 0.100000
	pigment { color rgbt <1,0,0,0> }
	no_shadow
}
sphere {
	0, 1
	scale<0.080000,0.200000,0.300000>
	matrix <0.808387, -0.531088, 0.253881,
		0.576870, 0.800594, -0.162078,
		-0.117178, 0.277478, 0.953559,
		30.426508, 31.400465, 35.534657>
	pigment { color rgbt <0,1,1,0> }
	no_shadow
}
cylinder {
	<31.145828, 31.584373, 35.063686>,  <30.508532, 31.206230, 34.867165>, 0.130000
	pigment { color rgbt <1,0,0,0> }
	no_shadow
}

// nucleotide -1

// particle -1
sphere {
	<31.145828, 31.584373, 35.063686> 0.250000
	pigment { color rgbt <1,0,0,0> }
	no_shadow
}
cylinder {
	<30.993881, 31.422716, 35.396523>,  <30.902714, 31.325722, 35.596222>, 0.100000
	pigment { color rgbt <1,0,0,0> }
	no_shadow
}
cylinder {
	<30.993881, 31.422716, 35.396523>,  <31.145828, 31.584373, 35.063686>, 0.100000
	pigment { color rgbt <1,0,0,0> }
	no_shadow
}

// particle -1
sphere {
	<30.993881, 31.422716, 35.396523> 0.100000
	pigment { color rgbt <1,0,0,0> }
	no_shadow
}
sphere {
	0, 1
	scale<0.080000,0.200000,0.300000>
	matrix <0.867048, -0.469040, 0.168017,
		0.322379, 0.785283, 0.528585,
		-0.379868, -0.404143, 0.832087,
		30.879921, 31.301474, 35.646149>
	pigment { color rgbt <0,1,1,0> }
	no_shadow
}
cylinder {
	<31.645824, 31.549963, 35.520103>,  <31.145828, 31.584373, 35.063686>, 0.130000
	pigment { color rgbt <1,0,0,0> }
	no_shadow
}

// nucleotide -1

// particle -1
sphere {
	<31.645824, 31.549963, 35.520103> 0.250000
	pigment { color rgbt <1,0,0,0> }
	no_shadow
}
cylinder {
	<31.397161, 31.273640, 35.667793>,  <31.247963, 31.107845, 35.756409>, 0.100000
	pigment { color rgbt <1,0,0,0> }
	no_shadow
}
cylinder {
	<31.397161, 31.273640, 35.667793>,  <31.645824, 31.549963, 35.520103>, 0.100000
	pigment { color rgbt <1,0,0,0> }
	no_shadow
}

// particle -1
sphere {
	<31.397161, 31.273640, 35.667793> 0.100000
	pigment { color rgbt <1,0,0,0> }
	no_shadow
}
sphere {
	0, 1
	scale<0.080000,0.200000,0.300000>
	matrix <0.775965, -0.607447, 0.169964,
		0.106872, 0.392165, 0.913666,
		-0.621657, -0.690808, 0.369226,
		31.210665, 31.066397, 35.778561>
	pigment { color rgbt <0,1,1,0> }
	no_shadow
}
cylinder {
	<31.868099, 31.338148, 36.263344>,  <31.645824, 31.549963, 35.520103>, 0.130000
	pigment { color rgbt <1,0,0,0> }
	no_shadow
}

// nucleotide -1

// particle -1
sphere {
	<31.868099, 31.338148, 36.263344> 0.250000
	pigment { color rgbt <1,0,0,0> }
	no_shadow
}
cylinder {
	<31.635920, 31.043587, 36.124325>,  <31.496613, 30.866850, 36.040913>, 0.100000
	pigment { color rgbt <1,0,0,0> }
	no_shadow
}
cylinder {
	<31.635920, 31.043587, 36.124325>,  <31.868099, 31.338148, 36.263344>, 0.100000
	pigment { color rgbt <1,0,0,0> }
	no_shadow
}

// particle -1
sphere {
	<31.635920, 31.043587, 36.124325> 0.100000
	pigment { color rgbt <1,0,0,0> }
	no_shadow
}
sphere {
	0, 1
	scale<0.080000,0.200000,0.300000>
	matrix <0.615486, -0.676215, 0.404859,
		-0.533158, 0.021086, 0.845753,
		-0.580448, -0.736403, -0.347551,
		31.461786, 30.822666, 36.020058>
	pigment { color rgbt <0,1,1,0> }
	no_shadow
}
cylinder {
	<31.942131, 30.867941, 36.681419>,  <31.868099, 31.338148, 36.263344>, 0.130000
	pigment { color rgbt <1,0,0,0> }
	no_shadow
}

// nucleotide -1

// particle -1
sphere {
	<31.942131, 30.867941, 36.681419> 0.250000
	pigment { color rgbt <1,0,0,0> }
	no_shadow
}
cylinder {
	<31.809900, 30.651197, 36.372330>,  <31.730562, 30.521151, 36.186874>, 0.100000
	pigment { color rgbt <1,0,0,0> }
	no_shadow
}
cylinder {
	<31.809900, 30.651197, 36.372330>,  <31.942131, 30.867941, 36.681419>, 0.100000
	pigment { color rgbt <1,0,0,0> }
	no_shadow
}

// particle -1
sphere {
	<31.809900, 30.651197, 36.372330> 0.100000
	pigment { color rgbt <1,0,0,0> }
	no_shadow
}
sphere {
	0, 1
	scale<0.080000,0.200000,0.300000>
	matrix <0.552137, -0.775061, 0.307286,
		-0.765417, -0.325069, 0.555398,
		-0.330578, -0.541858, -0.772727,
		31.710728, 30.488640, 36.140511>
	pigment { color rgbt <0,1,1,0> }
	no_shadow
}
cylinder {
	<31.965948, 30.136662, 36.972012>,  <31.942131, 30.867941, 36.681419>, 0.130000
	pigment { color rgbt <1,0,0,0> }
	no_shadow
}

// nucleotide -1

// particle -1
sphere {
	<31.965948, 30.136662, 36.972012> 0.250000
	pigment { color rgbt <1,0,0,0> }
	no_shadow
}
cylinder {
	<31.935390, 30.113977, 36.573826>,  <31.917055, 30.100367, 36.334915>, 0.100000
	pigment { color rgbt <1,0,0,0> }
	no_shadow
}
cylinder {
	<31.935390, 30.113977, 36.573826>,  <31.965948, 30.136662, 36.972012>, 0.100000
	pigment { color rgbt <1,0,0,0> }
	no_shadow
}

// particle -1
sphere {
	<31.935390, 30.113977, 36.573826> 0.100000
	pigment { color rgbt <1,0,0,0> }
	no_shadow
}
sphere {
	0, 1
	scale<0.080000,0.200000,0.300000>
	matrix <0.573510, -0.819194, 0.002654,
		-0.815628, -0.570706, 0.095106,
		-0.076396, -0.056709, -0.995463,
		31.912472, 30.096964, 36.275188>
	pigment { color rgbt <0,1,1,0> }
	no_shadow
}
cylinder {
	<31.786791, 29.426224, 36.862289>,  <31.965948, 30.136662, 36.972012>, 0.130000
	pigment { color rgbt <1,0,0,0> }
	no_shadow
}

// nucleotide -1

// particle -1
sphere {
	<31.786791, 29.426224, 36.862289> 0.250000
	pigment { color rgbt <1,0,0,0> }
	no_shadow
}
cylinder {
	<31.951498, 29.558477, 36.522614>,  <32.050323, 29.637831, 36.318810>, 0.100000
	pigment { color rgbt <1,0,0,0> }
	no_shadow
}
cylinder {
	<31.951498, 29.558477, 36.522614>,  <31.786791, 29.426224, 36.862289>, 0.100000
	pigment { color rgbt <1,0,0,0> }
	no_shadow
}

// particle -1
sphere {
	<31.951498, 29.558477, 36.522614> 0.100000
	pigment { color rgbt <1,0,0,0> }
	no_shadow
}
sphere {
	0, 1
	scale<0.080000,0.200000,0.300000>
	matrix <0.655356, -0.754944, 0.023840,
		-0.633209, -0.566339, -0.527547,
		0.411770, 0.330635, -0.849191,
		32.075027, 29.657667, 36.267857>
	pigment { color rgbt <0,1,1,0> }
	no_shadow
}
cylinder {
	<31.835552, 28.854830, 36.291248>,  <31.786791, 29.426224, 36.862289>, 0.130000
	pigment { color rgbt <1,0,0,0> }
	no_shadow
}

// nucleotide -1

// particle -1
sphere {
	<31.835552, 28.854830, 36.291248> 0.250000
	pigment { color rgbt <1,0,0,0> }
	no_shadow
}
cylinder {
	<32.130440, 29.125011, 36.284660>,  <32.307373, 29.287121, 36.280708>, 0.100000
	pigment { color rgbt <1,0,0,0> }
	no_shadow
}
cylinder {
	<32.130440, 29.125011, 36.284660>,  <31.835552, 28.854830, 36.291248>, 0.100000
	pigment { color rgbt <1,0,0,0> }
	no_shadow
}

// particle -1
sphere {
	<32.130440, 29.125011, 36.284660> 0.100000
	pigment { color rgbt <1,0,0,0> }
	no_shadow
}
sphere {
	0, 1
	scale<0.080000,0.200000,0.300000>
	matrix <0.672796, -0.731643, 0.109746,
		0.062078, -0.091988, -0.993823,
		0.737219, 0.675453, -0.016470,
		32.351604, 29.327648, 36.279720>
	pigment { color rgbt <0,1,1,0> }
	no_shadow
}
cylinder {
	<32.173050, 28.676018, 35.732162>,  <31.835552, 28.854830, 36.291248>, 0.130000
	pigment { color rgbt <1,0,0,0> }
	no_shadow
}

// nucleotide -1

// particle -1
sphere {
	<32.173050, 28.676018, 35.732162> 0.250000
	pigment { color rgbt <1,0,0,0> }
	no_shadow
}
cylinder {
	<32.374081, 28.855923, 36.027496>,  <32.494698, 28.963865, 36.204697>, 0.100000
	pigment { color rgbt <1,0,0,0> }
	no_shadow
}
cylinder {
	<32.374081, 28.855923, 36.027496>,  <32.173050, 28.676018, 35.732162>, 0.100000
	pigment { color rgbt <1,0,0,0> }
	no_shadow
}

// particle -1
sphere {
	<32.374081, 28.855923, 36.027496> 0.100000
	pigment { color rgbt <1,0,0,0> }
	no_shadow
}
sphere {
	0, 1
	scale<0.080000,0.200000,0.300000>
	matrix <0.634976, -0.771606, 0.037806,
		0.586703, 0.449822, -0.673379,
		0.502577, 0.449761, 0.738330,
		32.524853, 28.990850, 36.248997>
	pigment { color rgbt <0,1,1,0> }
	no_shadow
}
cylinder {
	<32.881962, 28.705107, 35.647118>,  <32.173050, 28.676018, 35.732162>, 0.130000
	pigment { color rgbt <1,0,0,0> }
	no_shadow
}

// nucleotide -1

// particle -1
sphere {
	<32.881962, 28.705107, 35.647118> 0.250000
	pigment { color rgbt <1,0,0,0> }
	no_shadow
}
cylinder {
	<32.779530, 28.674978, 36.032604>,  <32.718071, 28.656900, 36.263897>, 0.100000
	pigment { color rgbt <1,0,0,0> }
	no_shadow
}
cylinder {
	<32.779530, 28.674978, 36.032604>,  <32.881962, 28.705107, 35.647118>, 0.100000
	pigment { color rgbt <1,0,0,0> }
	no_shadow
}

// particle -1
sphere {
	<32.779530, 28.674978, 36.032604> 0.100000
	pigment { color rgbt <1,0,0,0> }
	no_shadow
}
sphere {
	0, 1
	scale<0.080000,0.200000,0.300000>
	matrix <0.563778, -0.821478, 0.085607,
		0.785223, 0.565244, 0.252832,
		-0.256085, -0.075321, 0.963715,
		32.702705, 28.652382, 36.321720>
	pigment { color rgbt <0,1,1,0> }
	no_shadow
}
cylinder {
	<33.495842, 28.376455, 35.849434>,  <32.881962, 28.705107, 35.647118>, 0.130000
	pigment { color rgbt <1,0,0,0> }
	no_shadow
}

// nucleotide -1

// particle -1
sphere {
	<33.495842, 28.376455, 35.849434> 0.250000
	pigment { color rgbt <1,0,0,0> }
	no_shadow
}
cylinder {
	<33.202374, 28.304077, 36.111423>,  <33.026291, 28.260651, 36.268616>, 0.100000
	pigment { color rgbt <1,0,0,0> }
	no_shadow
}
cylinder {
	<33.202374, 28.304077, 36.111423>,  <33.495842, 28.376455, 35.849434>, 0.100000
	pigment { color rgbt <1,0,0,0> }
	no_shadow
}

// particle -1
sphere {
	<33.202374, 28.304077, 36.111423> 0.100000
	pigment { color rgbt <1,0,0,0> }
	no_shadow
}
sphere {
	0, 1
	scale<0.080000,0.200000,0.300000>
	matrix <0.456678, -0.845049, 0.278096,
		0.503162, 0.503141, 0.702621,
		-0.733671, -0.180944, 0.654970,
		32.982273, 28.249794, 36.307915>
	pigment { color rgbt <0,1,1,0> }
	no_shadow
}
cylinder {
	<33.535297, 29.154200, 35.954945>,  <33.495842, 28.376455, 35.849434>, 0.130000
	pigment { color rgbt <1,0,0,0> }
	no_shadow
}

// nucleotide -1

// particle -1
sphere {
	<33.535297, 29.154200, 35.954945> 0.250000
	pigment { color rgbt <1,0,0,0> }
	no_shadow
}
cylinder {
	<33.860256, 29.386713, 35.936520>,  <34.055233, 29.526220, 35.925465>, 0.100000
	pigment { color rgbt <1,0,0,0> }
	no_shadow
}
cylinder {
	<33.860256, 29.386713, 35.936520>,  <33.535297, 29.154200, 35.954945>, 0.100000
	pigment { color rgbt <1,0,0,0> }
	no_shadow
}

// particle -1
sphere {
	<33.860256, 29.386713, 35.936520> 0.100000
	pigment { color rgbt <1,0,0,0> }
	no_shadow
}
sphere {
	0, 1
	scale<0.080000,0.200000,0.300000>
	matrix <-0.370736, 0.453929, -0.810249,
		-0.450075, 0.675320, 0.584273,
		0.812396, 0.581284, -0.046064,
		34.103973, 29.561098, 35.922699>
	pigment { color rgbt <0,1,1,0> }
	no_shadow
}
cylinder {
	<33.404362, 29.864611, 35.990501>,  <33.535297, 29.154200, 35.954945>, 0.130000
	pigment { color rgbt <1,0,0,0> }
	no_shadow
}

// nucleotide -1

// particle -1
sphere {
	<33.404362, 29.864611, 35.990501> 0.250000
	pigment { color rgbt <1,0,0,0> }
	no_shadow
}
cylinder {
	<33.742798, 29.831860, 35.779816>,  <33.945858, 29.812210, 35.653404>, 0.100000
	pigment { color rgbt <1,0,0,0> }
	no_shadow
}
cylinder {
	<33.742798, 29.831860, 35.779816>,  <33.404362, 29.864611, 35.990501>, 0.100000
	pigment { color rgbt <1,0,0,0> }
	no_shadow
}

// particle -1
sphere {
	<33.742798, 29.831860, 35.779816> 0.100000
	pigment { color rgbt <1,0,0,0> }
	no_shadow
}
sphere {
	0, 1
	scale<0.080000,0.200000,0.300000>
	matrix <-0.493369, 0.253782, -0.831974,
		0.201790, 0.963790, 0.174327,
		0.846090, -0.081876, -0.526715,
		33.996624, 29.807297, 35.621799>
	pigment { color rgbt <0,1,1,0> }
	no_shadow
}
cylinder {
	<33.808994, 30.476068, 35.776478>,  <33.404362, 29.864611, 35.990501>, 0.130000
	pigment { color rgbt <1,0,0,0> }
	no_shadow
}

// nucleotide -1

// particle -1
sphere {
	<33.808994, 30.476068, 35.776478> 0.250000
	pigment { color rgbt <1,0,0,0> }
	no_shadow
}
cylinder {
	<33.779152, 30.159796, 35.533413>,  <33.761246, 29.970032, 35.387573>, 0.100000
	pigment { color rgbt <1,0,0,0> }
	no_shadow
}
cylinder {
	<33.779152, 30.159796, 35.533413>,  <33.808994, 30.476068, 35.776478>, 0.100000
	pigment { color rgbt <1,0,0,0> }
	no_shadow
}

// particle -1
sphere {
	<33.779152, 30.159796, 35.533413> 0.100000
	pigment { color rgbt <1,0,0,0> }
	no_shadow
}
sphere {
	0, 1
	scale<0.080000,0.200000,0.300000>
	matrix <-0.678942, 0.486591, -0.549788,
		0.730392, 0.371554, -0.573128,
		-0.074604, -0.790681, -0.607666,
		33.756771, 29.922592, 35.351112>
	pigment { color rgbt <0,1,1,0> }
	no_shadow
}
cylinder {
	<34.041229, 30.555382, 35.034286>,  <33.808994, 30.476068, 35.776478>, 0.130000
	pigment { color rgbt <1,0,0,0> }
	no_shadow
}

// nucleotide -1

// particle -1
sphere {
	<34.041229, 30.555382, 35.034286> 0.250000
	pigment { color rgbt <1,0,0,0> }
	no_shadow
}
cylinder {
	<33.750900, 30.282909, 34.995964>,  <33.576702, 30.119427, 34.972973>, 0.100000
	pigment { color rgbt <1,0,0,0> }
	no_shadow
}
cylinder {
	<33.750900, 30.282909, 34.995964>,  <34.041229, 30.555382, 35.034286>, 0.100000
	pigment { color rgbt <1,0,0,0> }
	no_shadow
}

// particle -1
sphere {
	<33.750900, 30.282909, 34.995964> 0.100000
	pigment { color rgbt <1,0,0,0> }
	no_shadow
}
sphere {
	0, 1
	scale<0.080000,0.200000,0.300000>
	matrix <-0.473109, 0.595433, -0.649328,
		0.499355, -0.425969, -0.754450,
		-0.725819, -0.681182, -0.095802,
		33.533154, 30.078554, 34.967224>
	pigment { color rgbt <0,1,1,0> }
	no_shadow
}
cylinder {
	<34.725197, 30.868170, 34.949120>,  <34.041229, 30.555382, 35.034286>, 0.130000
	pigment { color rgbt <1,0,0,0> }
	no_shadow
}

// nucleotide -1

// particle -1
sphere {
	<34.725197, 30.868170, 34.949120> 0.250000
	pigment { color rgbt <1,0,0,0> }
	no_shadow
}
cylinder {
	<34.998341, 30.836369, 34.658638>,  <35.162228, 30.817287, 34.484348>, 0.100000
	pigment { color rgbt <1,0,0,0> }
	no_shadow
}
cylinder {
	<34.998341, 30.836369, 34.658638>,  <34.725197, 30.868170, 34.949120>, 0.100000
	pigment { color rgbt <1,0,0,0> }
	no_shadow
}

// particle -1
sphere {
	<34.998341, 30.836369, 34.658638> 0.100000
	pigment { color rgbt <1,0,0,0> }
	no_shadow
}
sphere {
	0, 1
	scale<0.080000,0.200000,0.300000>
	matrix <-0.140739, 0.961123, -0.237561,
		0.716862, 0.264427, 0.645126,
		0.682863, -0.079504, -0.726207,
		35.203201, 30.812517, 34.440777>
	pigment { color rgbt <0,1,1,0> }
	no_shadow
}
cylinder {
	<35.355412, 31.335426, 35.046837>,  <34.725197, 30.868170, 34.949120>, 0.130000
	pigment { color rgbt <1,0,0,0> }
	no_shadow
}

// nucleotide -1

// particle -1
sphere {
	<35.355412, 31.335426, 35.046837> 0.250000
	pigment { color rgbt <1,0,0,0> }
	no_shadow
}
cylinder {
	<35.286171, 31.278913, 34.656948>,  <35.244625, 31.245007, 34.423016>, 0.100000
	pigment { color rgbt <1,0,0,0> }
	no_shadow
}
cylinder {
	<35.286171, 31.278913, 34.656948>,  <35.355412, 31.335426, 35.046837>, 0.100000
	pigment { color rgbt <1,0,0,0> }
	no_shadow
}

// particle -1
sphere {
	<35.286171, 31.278913, 34.656948> 0.100000
	pigment { color rgbt <1,0,0,0> }
	no_shadow
}
sphere {
	0, 1
	scale<0.080000,0.200000,0.300000>
	matrix <-0.120534, 0.985258, -0.121403,
		0.977501, 0.096472, -0.187577,
		-0.173099, -0.141281, -0.974719,
		35.234241, 31.236528, 34.364532>
	pigment { color rgbt <0,1,1,0> }
	no_shadow
}
cylinder {
	<35.409302, 31.935165, 34.846931>,  <35.355412, 31.335426, 35.046837>, 0.130000
	pigment { color rgbt <1,0,0,0> }
	no_shadow
}

// nucleotide -1

// particle -1
sphere {
	<35.409302, 31.935165, 34.846931> 0.250000
	pigment { color rgbt <1,0,0,0> }
	no_shadow
}
cylinder {
	<35.271122, 31.773922, 34.507954>,  <35.188213, 31.677176, 34.304565>, 0.100000
	pigment { color rgbt <1,0,0,0> }
	no_shadow
}
cylinder {
	<35.271122, 31.773922, 34.507954>,  <35.409302, 31.935165, 34.846931>, 0.100000
	pigment { color rgbt <1,0,0,0> }
	no_shadow
}

// particle -1
sphere {
	<35.271122, 31.773922, 34.507954> 0.100000
	pigment { color rgbt <1,0,0,0> }
	no_shadow
}
sphere {
	0, 1
	scale<0.080000,0.200000,0.300000>
	matrix <-0.309767, 0.901408, -0.302503,
		0.885837, 0.158010, -0.436264,
		-0.345453, -0.403108, -0.847446,
		35.167484, 31.652988, 34.253719>
	pigment { color rgbt <0,1,1,0> }
	no_shadow
}
cylinder {
	<35.635342, 32.365086, 34.350769>,  <35.409302, 31.935165, 34.846931>, 0.130000
	pigment { color rgbt <1,0,0,0> }
	no_shadow
}

// nucleotide -1

// particle -1
sphere {
	<35.635342, 32.365086, 34.350769> 0.250000
	pigment { color rgbt <1,0,0,0> }
	no_shadow
}
cylinder {
	<35.298801, 32.159351, 34.284336>,  <35.096878, 32.035912, 34.244476>, 0.100000
	pigment { color rgbt <1,0,0,0> }
	no_shadow
}
cylinder {
	<35.298801, 32.159351, 34.284336>,  <35.635342, 32.365086, 34.350769>, 0.100000
	pigment { color rgbt <1,0,0,0> }
	no_shadow
}

// particle -1
sphere {
	<35.298801, 32.159351, 34.284336> 0.100000
	pigment { color rgbt <1,0,0,0> }
	no_shadow
}
sphere {
	0, 1
	scale<0.080000,0.200000,0.300000>
	matrix <-0.476242, 0.850779, -0.222192,
		0.255580, -0.107847, -0.960754,
		-0.841352, -0.514339, -0.166080,
		35.046394, 32.005051, 34.234512>
	pigment { color rgbt <0,1,1,0> }
	no_shadow
}
cylinder {
	<35.419132, 32.527191, 33.706207>,  <35.635342, 32.365086, 34.350769>, 0.130000
	pigment { color rgbt <1,0,0,0> }
	no_shadow
}

// nucleotide -1

// particle -1
sphere {
	<35.419132, 32.527191, 33.706207> 0.250000
	pigment { color rgbt <1,0,0,0> }
	no_shadow
}
cylinder {
	<35.098721, 32.403835, 33.911434>,  <34.906471, 32.329823, 34.034569>, 0.100000
	pigment { color rgbt <1,0,0,0> }
	no_shadow
}
cylinder {
	<35.098721, 32.403835, 33.911434>,  <35.419132, 32.527191, 33.706207>, 0.100000
	pigment { color rgbt <1,0,0,0> }
	no_shadow
}

// particle -1
sphere {
	<35.098721, 32.403835, 33.911434> 0.100000
	pigment { color rgbt <1,0,0,0> }
	no_shadow
}
sphere {
	0, 1
	scale<0.080000,0.200000,0.300000>
	matrix <-0.529724, 0.764375, -0.367592,
		-0.278814, -0.566238, -0.775653,
		-0.801034, -0.308392, 0.513068,
		34.858410, 32.311317, 34.065353>
	pigment { color rgbt <0,1,1,0> }
	no_shadow
}
cylinder {
	<34.832695, 32.864586, 33.382462>,  <35.419132, 32.527191, 33.706207>, 0.130000
	pigment { color rgbt <1,0,0,0> }
	no_shadow
}

// nucleotide -1

// particle -1
sphere {
	<34.832695, 32.864586, 33.382462> 0.250000
	pigment { color rgbt <1,0,0,0> }
	no_shadow
}
cylinder {
	<34.653538, 32.731064, 33.714237>,  <34.546043, 32.650951, 33.913303>, 0.100000
	pigment { color rgbt <1,0,0,0> }
	no_shadow
}
cylinder {
	<34.653538, 32.731064, 33.714237>,  <34.832695, 32.864586, 33.382462>, 0.100000
	pigment { color rgbt <1,0,0,0> }
	no_shadow
}

// particle -1
sphere {
	<34.653538, 32.731064, 33.714237> 0.100000
	pigment { color rgbt <1,0,0,0> }
	no_shadow
}
sphere {
	0, 1
	scale<0.080000,0.200000,0.300000>
	matrix <-0.741737, 0.656708, -0.136241,
		-0.499221, -0.676246, -0.541728,
		-0.447889, -0.333805, 0.829439,
		34.519173, 32.630920, 33.963070>
	pigment { color rgbt <0,1,1,0> }
	no_shadow
}
cylinder {
	<34.105625, 33.009262, 33.098011>,  <34.832695, 32.864586, 33.382462>, 0.130000
	pigment { color rgbt <1,0,0,0> }
	no_shadow
}

// nucleotide -1

// particle -1
sphere {
	<34.105625, 33.009262, 33.098011> 0.250000
	pigment { color rgbt <1,0,0,0> }
	no_shadow
}
cylinder {
	<34.079655, 32.926750, 33.488544>,  <34.064072, 32.877243, 33.722866>, 0.100000
	pigment { color rgbt <1,0,0,0> }
	no_shadow
}
cylinder {
	<34.079655, 32.926750, 33.488544>,  <34.105625, 33.009262, 33.098011>, 0.100000
	pigment { color rgbt <1,0,0,0> }
	no_shadow
}

// particle -1
sphere {
	<34.079655, 32.926750, 33.488544> 0.100000
	pigment { color rgbt <1,0,0,0> }
	no_shadow
}
sphere {
	0, 1
	scale<0.080000,0.200000,0.300000>
	matrix <-0.832092, 0.551258, 0.061140,
		-0.550825, -0.808432, -0.207435,
		-0.064923, -0.206282, 0.976336,
		34.060177, 32.864864, 33.781445>
	pigment { color rgbt <0,1,1,0> }
	no_shadow
}
cylinder {
	<33.524696, 32.701572, 33.117088>,  <34.105625, 33.009262, 33.098011>, 0.130000
	pigment { color rgbt <1,0,0,0> }
	no_shadow
}

// nucleotide -1

// particle -1
sphere {
	<33.524696, 32.701572, 33.117088> 0.250000
	pigment { color rgbt <1,0,0,0> }
	no_shadow
}
cylinder {
	<33.569946, 32.837311, 33.490623>,  <33.597095, 32.918755, 33.714745>, 0.100000
	pigment { color rgbt <1,0,0,0> }
	no_shadow
}
cylinder {
	<33.569946, 32.837311, 33.490623>,  <33.524696, 32.701572, 33.117088>, 0.100000
	pigment { color rgbt <1,0,0,0> }
	no_shadow
}

// particle -1
sphere {
	<33.569946, 32.837311, 33.490623> 0.100000
	pigment { color rgbt <1,0,0,0> }
	no_shadow
}
sphere {
	0, 1
	scale<0.080000,0.200000,0.300000>
	matrix <-0.916356, 0.398922, -0.033955,
		-0.384050, -0.851883, 0.356093,
		0.113128, 0.339348, 0.933833,
		33.603886, 32.939114, 33.770775>
	pigment { color rgbt <0,1,1,0> }
	no_shadow
}
cylinder {
	<32.848034, 32.666492, 33.465969>,  <33.524696, 32.701572, 33.117088>, 0.130000
	pigment { color rgbt <1,0,0,0> }
	no_shadow
}

// nucleotide -1

// particle -1
sphere {
	<32.848034, 32.666492, 33.465969> 0.250000
	pigment { color rgbt <1,0,0,0> }
	no_shadow
}
cylinder {
	<33.054726, 32.887428, 33.727627>,  <33.178741, 33.019989, 33.884621>, 0.100000
	pigment { color rgbt <1,0,0,0> }
	no_shadow
}
cylinder {
	<33.054726, 32.887428, 33.727627>,  <32.848034, 32.666492, 33.465969>, 0.100000
	pigment { color rgbt <1,0,0,0> }
	no_shadow
}

// particle -1
sphere {
	<33.054726, 32.887428, 33.727627> 0.100000
	pigment { color rgbt <1,0,0,0> }
	no_shadow
}
sphere {
	0, 1
	scale<0.080000,0.200000,0.300000>
	matrix <-0.798134, 0.587248, 0.134620,
		-0.309788, -0.591657, 0.744293,
		0.516734, 0.552342, 0.654144,
		33.209747, 33.053131, 33.923870>
	pigment { color rgbt <0,1,1,0> }
	no_shadow
}
cylinder {
	<32.615330, 32.590317, 34.152374>,  <32.848034, 32.666492, 33.465969>, 0.130000
	pigment { color rgbt <1,0,0,0> }
	no_shadow
}

// nucleotide -1

// particle -1
sphere {
	<32.615330, 32.590317, 34.152374> 0.250000
	pigment { color rgbt <1,0,0,0> }
	no_shadow
}
cylinder {
	<32.761044, 32.961746, 34.123966>,  <32.848473, 33.184605, 34.106922>, 0.100000
	pigment { color rgbt <1,0,0,0> }
	no_shadow
}
cylinder {
	<32.761044, 32.961746, 34.123966>,  <32.615330, 32.590317, 34.152374>, 0.100000
	pigment { color rgbt <1,0,0,0> }
	no_shadow
}

// particle -1
sphere {
	<32.761044, 32.961746, 34.123966> 0.100000
	pigment { color rgbt <1,0,0,0> }
	no_shadow
}
sphere {
	0, 1
	scale<0.080000,0.200000,0.300000>
