// switches for output
#declare DRAW_BASES = 1; // possible values are 0, 1; only relevant for DNA ribbons
#declare DRAW_BASES_TYPE = 3; // possible values are 1, 2, 3; only relevant for DNA ribbons
#declare DRAW_FOG = 0; // set to 1 to enable fog

#include "colors.inc"

#include "transforms.inc"
background { rgb <1, 1, 1>}

#default {
   normal{
       ripples 0.25
       frequency 0.20
       turbulence 0.2
       lambda 5
   }
	finish {
		phong 0.1
		phong_size 40.
	}
}

// original window dimensions: 1024x640


// camera settings

camera {
	sky <0, 0.179814, -0.983701>
	up <0, 0.179814, -0.983701>
	right 1.6 * <1, 0, 0>
	location <35, 94.9851, 44.8844>
	look_at <35, 29.7336, 32.9568>
	direction <0, -65.2515, -11.9276>
	angle 67.0682
}


# declare cpy_camera_pos = <35, 94.9851, 44.8844>;
# if (DRAW_FOG = 1)
fog {
	fog_type 2
	up vnormalize(cpy_camera_pos)
	color rgbt<1,1,1,0.3>
	distance 1e-5
	fog_alt 3e-3
	fog_offset 56
}
# end


// LIGHTS

# declare lum = 6;
global_settings {
	ambient_light rgb lum * <0.05, 0.05, 0.05>
	max_trace_level 15
}# declare cpy_direct_light_amount = 0.25;
light_source
{	1000 * <-1, -1.16352, -0.803886>,
	rgb lum * cpy_direct_light_amount
	parallel
}

light_source
{	1000 * <1, 1.16352, 0.803886>,
	rgb lum * cpy_direct_light_amount
	parallel
}

// strand 0

// nucleotide -1

// particle -1
sphere {
	<23.872593, 35.119709, 34.730106> 0.250000
	pigment { color rgbt <1,0,0,0> }
	no_shadow
}
cylinder {
	<24.186600, 35.076244, 34.974052>,  <24.375004, 35.050167, 35.120422>, 0.100000
	pigment { color rgbt <1,0,0,0> }
	no_shadow
}
cylinder {
	<24.186600, 35.076244, 34.974052>,  <23.872593, 35.119709, 34.730106>, 0.100000
	pigment { color rgbt <1,0,0,0> }
	no_shadow
}

// particle -1
sphere {
	<24.186600, 35.076244, 34.974052> 0.100000
	pigment { color rgbt <1,0,0,0> }
	no_shadow
}
sphere {
	0, 1
	scale<0.080000,0.200000,0.300000>
	matrix <-0.063468, -0.993423, -0.095302,
		0.616212, 0.036107, -0.786752,
		0.785019, -0.108660, 0.609867,
		24.422106, 35.043648, 35.157013>
	pigment { color rgbt <0,1,1,0> }
	no_shadow
}
cylinder {
	<24.361029, 34.669491, 34.360336>,  <23.872593, 35.119709, 34.730106>, 0.130000
	pigment { color rgbt <1,0,0,0> }
	no_shadow
}

// nucleotide -1

// particle -1
sphere {
	<24.361029, 34.669491, 34.360336> 0.250000
	pigment { color rgbt <1,0,0,0> }
	no_shadow
}
cylinder {
	<24.412951, 34.635239, 34.755470>,  <24.444103, 34.614689, 34.992550>, 0.100000
	pigment { color rgbt <1,0,0,0> }
	no_shadow
}
cylinder {
	<24.412951, 34.635239, 34.755470>,  <24.361029, 34.669491, 34.360336>, 0.100000
	pigment { color rgbt <1,0,0,0> }
	no_shadow
}

// particle -1
sphere {
	<24.412951, 34.635239, 34.755470> 0.100000
	pigment { color rgbt <1,0,0,0> }
	no_shadow
}
sphere {
	0, 1
	scale<0.080000,0.200000,0.300000>
	matrix <-0.023239, -0.996253, -0.083303,
		0.991267, -0.012143, -0.131307,
		0.129804, -0.085627, 0.987835,
		24.451891, 34.609550, 35.051823>
	pigment { color rgbt <0,1,1,0> }
	no_shadow
}
cylinder {
	<25.106848, 34.729584, 34.426952>,  <24.361029, 34.669491, 34.360336>, 0.130000
	pigment { color rgbt <1,0,0,0> }
	no_shadow
}

// nucleotide -1

// particle -1
sphere {
	<25.106848, 34.729584, 34.426952> 0.250000
	pigment { color rgbt <1,0,0,0> }
	no_shadow
}
cylinder {
	<25.298750, 35.024921, 34.616554>,  <25.413891, 35.202126, 34.730316>, 0.100000
	pigment { color rgbt <1,0,0,0> }
	no_shadow
}
cylinder {
	<25.298750, 35.024921, 34.616554>,  <25.106848, 34.729584, 34.426952>, 0.100000
	pigment { color rgbt <1,0,0,0> }
	no_shadow
}

// particle -1
sphere {
	<25.298750, 35.024921, 34.616554> 0.100000
	pigment { color rgbt <1,0,0,0> }
	no_shadow
}
sphere {
	0, 1
	scale<0.080000,0.200000,0.300000>
	matrix <-0.776129, 0.609086, -0.163213,
		-0.409220, -0.289590, 0.865261,
		0.479753, 0.738344, 0.474009,
		25.442677, 35.246426, 34.758759>
	pigment { color rgbt <0,1,1,0> }
	no_shadow
}
cylinder {
	<25.639711, 35.183453, 34.008057>,  <25.106848, 34.729584, 34.426952>, 0.130000
	pigment { color rgbt <1,0,0,0> }
	no_shadow
}

// nucleotide -1

// particle -1
sphere {
	<25.639711, 35.183453, 34.008057> 0.250000
	pigment { color rgbt <1,0,0,0> }
	no_shadow
}
cylinder {
	<25.661472, 35.089947, 33.619747>,  <25.674528, 35.033844, 33.386761>, 0.100000
	pigment { color rgbt <1,0,0,0> }
	no_shadow
}
cylinder {
	<25.661472, 35.089947, 33.619747>,  <25.639711, 35.183453, 34.008057>, 0.100000
	pigment { color rgbt <1,0,0,0> }
	no_shadow
}

// particle -1
sphere {
	<25.661472, 35.089947, 33.619747> 0.100000
	pigment { color rgbt <1,0,0,0> }
	no_shadow
}
sphere {
	0, 1
	scale<0.080000,0.200000,0.300000>
	matrix <0.536286, -0.813248, 0.225885,
		-0.842281, -0.532899, 0.081124,
		0.054400, -0.233765, -0.970770,
		25.677792, 35.019817, 33.328518>
	pigment { color rgbt <0,1,1,0> }
	no_shadow
}
cylinder {
	<25.946314, 34.532822, 33.995705>,  <25.639711, 35.183453, 34.008057>, 0.130000
	pigment { color rgbt <1,0,0,0> }
	no_shadow
}

// nucleotide -1

// particle -1
sphere {
	<25.946314, 34.532822, 33.995705> 0.250000
	pigment { color rgbt <1,0,0,0> }
	no_shadow
}
cylinder {
	<25.911644, 34.595379, 33.602150>,  <25.890842, 34.632912, 33.366016>, 0.100000
	pigment { color rgbt <1,0,0,0> }
	no_shadow
}
cylinder {
	<25.911644, 34.595379, 33.602150>,  <25.946314, 34.532822, 33.995705>, 0.100000
	pigment { color rgbt <1,0,0,0> }
	no_shadow
}

// particle -1
sphere {
	<25.911644, 34.595379, 33.602150> 0.100000
	pigment { color rgbt <1,0,0,0> }
	no_shadow
}
sphere {
	0, 1
	scale<0.080000,0.200000,0.300000>
	matrix <0.625972, -0.759746, -0.175911,
		-0.775014, -0.631131, -0.032046,
		-0.086676, 0.156394, -0.983884,
		25.885641, 34.642296, 33.306984>
	pigment { color rgbt <0,1,1,0> }
	no_shadow
}
cylinder {
	<25.673050, 33.911461, 33.664940>,  <25.946314, 34.532822, 33.995705>, 0.130000
	pigment { color rgbt <1,0,0,0> }
	no_shadow
}

// nucleotide -1

// particle -1
sphere {
	<25.673050, 33.911461, 33.664940> 0.250000
	pigment { color rgbt <1,0,0,0> }
	no_shadow
}
cylinder {
	<25.879885, 34.122002, 33.394955>,  <26.003984, 34.248325, 33.232964>, 0.100000
	pigment { color rgbt <1,0,0,0> }
	no_shadow
}
cylinder {
	<25.879885, 34.122002, 33.394955>,  <25.673050, 33.911461, 33.664940>, 0.100000
	pigment { color rgbt <1,0,0,0> }
	no_shadow
}

// particle -1
sphere {
	<25.879885, 34.122002, 33.394955> 0.100000
	pigment { color rgbt <1,0,0,0> }
	no_shadow
}
sphere {
	0, 1
	scale<0.080000,0.200000,0.300000>
	matrix <0.405891, -0.845056, -0.348042,
		-0.753574, -0.093994, -0.650608,
		0.517086, 0.526352, -0.674964,
		26.035011, 34.279907, 33.192467>
	pigment { color rgbt <0,1,1,0> }
	no_shadow
}
cylinder {
	<25.717302, 33.471241, 33.161877>,  <25.673050, 33.911461, 33.664940>, 0.130000
	pigment { color rgbt <1,0,0,0> }
	no_shadow
}

// nucleotide -1

// particle -1
sphere {
	<25.717302, 33.471241, 33.161877> 0.250000
	pigment { color rgbt <1,0,0,0> }
	no_shadow
}
cylinder {
	<26.027937, 33.716797, 33.105221>,  <26.214317, 33.864128, 33.071228>, 0.100000
	pigment { color rgbt <1,0,0,0> }
	no_shadow
}
cylinder {
	<26.027937, 33.716797, 33.105221>,  <25.717302, 33.471241, 33.161877>, 0.100000
	pigment { color rgbt <1,0,0,0> }
	no_shadow
}

// particle -1
sphere {
	<26.027937, 33.716797, 33.105221> 0.100000
	pigment { color rgbt <1,0,0,0> }
	no_shadow
}
sphere {
	0, 1
	scale<0.080000,0.200000,0.300000>
	matrix <0.525077, -0.754902, -0.392959,
		-0.348153, 0.230797, -0.908583,
		0.776585, 0.613886, -0.141636,
		26.260912, 33.900963, 33.062729>
	pigment { color rgbt <0,1,1,0> }
	no_shadow
}
cylinder {
	<25.928040, 33.175175, 32.585976>,  <25.717302, 33.471241, 33.161877>, 0.130000
	pigment { color rgbt <1,0,0,0> }
	no_shadow
}

// nucleotide -1

// particle -1
sphere {
	<25.928040, 33.175175, 32.585976> 0.250000
	pigment { color rgbt <1,0,0,0> }
	no_shadow
}
cylinder {
	<26.229019, 33.405548, 32.713802>,  <26.409607, 33.543770, 32.790497>, 0.100000
	pigment { color rgbt <1,0,0,0> }
	no_shadow
}
cylinder {
	<26.229019, 33.405548, 32.713802>,  <25.928040, 33.175175, 32.585976>, 0.100000
	pigment { color rgbt <1,0,0,0> }
	no_shadow
}

// particle -1
sphere {
	<26.229019, 33.405548, 32.713802> 0.100000
	pigment { color rgbt <1,0,0,0> }
	no_shadow
}
sphere {
	0, 1
	scale<0.080000,0.200000,0.300000>
	matrix <0.645253, -0.741924, -0.182199,
		0.132160, 0.343297, -0.929882,
		0.752450, 0.575930, 0.319567,
		26.454754, 33.578327, 32.809673>
	pigment { color rgbt <0,1,1,0> }
	no_shadow
}
cylinder {
	<26.444624, 33.195915, 32.051140>,  <25.928040, 33.175175, 32.585976>, 0.130000
	pigment { color rgbt <1,0,0,0> }
	no_shadow
}

// nucleotide -1

// particle -1
sphere {
	<26.444624, 33.195915, 32.051140> 0.250000
	pigment { color rgbt <1,0,0,0> }
	no_shadow
}
cylinder {
	<26.611399, 33.287712, 32.402935>,  <26.711464, 33.342789, 32.614010>, 0.100000
	pigment { color rgbt <1,0,0,0> }
	no_shadow
}
cylinder {
	<26.611399, 33.287712, 32.402935>,  <26.444624, 33.195915, 32.051140>, 0.100000
	pigment { color rgbt <1,0,0,0> }
	no_shadow
}

// particle -1
sphere {
	<26.611399, 33.287712, 32.402935> 0.100000
	pigment { color rgbt <1,0,0,0> }
	no_shadow
}
sphere {
	0, 1
	scale<0.080000,0.200000,0.300000>
	matrix <0.575823, -0.815353, -0.060225,
		0.703270, 0.531539, -0.472098,
		0.416939, 0.229491, 0.879486,
		26.736481, 33.356560, 32.666782>
	pigment { color rgbt <0,1,1,0> }
	no_shadow
}
cylinder {
	<27.130648, 33.043327, 31.969347>,  <26.444624, 33.195915, 32.051140>, 0.130000
	pigment { color rgbt <1,0,0,0> }
	no_shadow
}

// nucleotide -1

// particle -1
sphere {
	<27.130648, 33.043327, 31.969347> 0.250000
	pigment { color rgbt <1,0,0,0> }
	no_shadow
}
cylinder {
	<27.123976, 33.078934, 32.367702>,  <27.119972, 33.100300, 32.606716>, 0.100000
	pigment { color rgbt <1,0,0,0> }
	no_shadow
}
cylinder {
	<27.123976, 33.078934, 32.367702>,  <27.130648, 33.043327, 31.969347>, 0.100000
	pigment { color rgbt <1,0,0,0> }
	no_shadow
}

// particle -1
sphere {
	<27.123976, 33.078934, 32.367702> 0.100000
	pigment { color rgbt <1,0,0,0> }
	no_shadow
}
sphere {
	0, 1
	scale<0.080000,0.200000,0.300000>
	matrix <0.655485, -0.751157, 0.078122,
		0.755024, 0.654094, -0.045819,
		-0.016682, 0.089018, 0.995890,
		27.118971, 33.105640, 32.666470>
	pigment { color rgbt <0,1,1,0> }
	no_shadow
}
cylinder {
	<27.849808, 33.087677, 32.152550>,  <27.130648, 33.043327, 31.969347>, 0.130000
	pigment { color rgbt <1,0,0,0> }
	no_shadow
}

// nucleotide -1

// particle -1
sphere {
	<27.849808, 33.087677, 32.152550> 0.250000
	pigment { color rgbt <1,0,0,0> }
	no_shadow
}
cylinder {
	<27.639652, 32.943184, 32.460701>,  <27.513559, 32.856487, 32.645592>, 0.100000
	pigment { color rgbt <1,0,0,0> }
	no_shadow
}
cylinder {
	<27.639652, 32.943184, 32.460701>,  <27.849808, 33.087677, 32.152550>, 0.100000
	pigment { color rgbt <1,0,0,0> }
	no_shadow
}

// particle -1
sphere {
	<27.639652, 32.943184, 32.460701> 0.100000
	pigment { color rgbt <1,0,0,0> }
	no_shadow
}
sphere {
	0, 1
	scale<0.080000,0.200000,0.300000>
	matrix <0.510172, -0.858341, -0.054545,
		0.680949, 0.364367, 0.635253,
		-0.525389, -0.361230, 0.770376,
		27.482035, 32.834816, 32.691814>
	pigment { color rgbt <0,1,1,0> }
	no_shadow
}
cylinder {
	<28.307631, 32.733849, 32.460106>,  <27.849808, 33.087677, 32.152550>, 0.130000
	pigment { color rgbt <1,0,0,0> }
	no_shadow
}

// nucleotide -1

// particle -1
sphere {
	<28.307631, 32.733849, 32.460106> 0.250000
	pigment { color rgbt <1,0,0,0> }
	no_shadow
}
cylinder {
	<27.978895, 32.581738, 32.629799>,  <27.781654, 32.490471, 32.731617>, 0.100000
	pigment { color rgbt <1,0,0,0> }
	no_shadow
}
cylinder {
	<27.978895, 32.581738, 32.629799>,  <28.307631, 32.733849, 32.460106>, 0.100000
	pigment { color rgbt <1,0,0,0> }
	no_shadow
}

// particle -1
sphere {
	<27.978895, 32.581738, 32.629799> 0.100000
	pigment { color rgbt <1,0,0,0> }
	no_shadow
}
sphere {
	0, 1
	scale<0.080000,0.200000,0.300000>
	matrix <0.429597, -0.902727, 0.023043,
		0.374206, 0.201188, 0.905258,
		-0.821837, -0.380273, 0.424236,
		27.732344, 32.467655, 32.757069>
	pigment { color rgbt <0,1,1,0> }
	no_shadow
}
cylinder {
	<28.548723, 32.434471, 32.983772>,  <28.307631, 32.733849, 32.460106>, 0.130000
	pigment { color rgbt <1,0,0,0> }
	no_shadow
}

// nucleotide -1

// particle -1
sphere {
	<28.548723, 32.434471, 32.983772> 0.250000
	pigment { color rgbt <1,0,0,0> }
	no_shadow
}
cylinder {
	<28.192547, 32.257046, 32.943039>,  <27.978842, 32.150589, 32.918598>, 0.100000
	pigment { color rgbt <1,0,0,0> }
	no_shadow
}
cylinder {
	<28.192547, 32.257046, 32.943039>,  <28.548723, 32.434471, 32.983772>, 0.100000
	pigment { color rgbt <1,0,0,0> }
	no_shadow
}

// particle -1
sphere {
	<28.192547, 32.257046, 32.943039> 0.100000
	pigment { color rgbt <1,0,0,0> }
	no_shadow
}
sphere {
	0, 1
	scale<0.080000,0.200000,0.300000>
	matrix <0.430506, -0.893523, 0.127600,
		-0.147589, 0.069780, 0.986584,
		-0.890439, -0.443562, -0.101834,
		27.925415, 32.123978, 32.912487>
	pigment { color rgbt <0,1,1,0> }
	no_shadow
}
cylinder {
	<28.455196, 32.035465, 33.600403>,  <28.548723, 32.434471, 32.983772>, 0.130000
	pigment { color rgbt <1,0,0,0> }
	no_shadow
}

// nucleotide -1

// particle -1
sphere {
	<28.455196, 32.035465, 33.600403> 0.250000
	pigment { color rgbt <1,0,0,0> }
	no_shadow
}
cylinder {
	<28.194496, 31.868628, 33.347023>,  <28.038076, 31.768526, 33.194996>, 0.100000
	pigment { color rgbt <1,0,0,0> }
	no_shadow
}
cylinder {
	<28.194496, 31.868628, 33.347023>,  <28.455196, 32.035465, 33.600403>, 0.100000
	pigment { color rgbt <1,0,0,0> }
	no_shadow
}

// particle -1
sphere {
	<28.194496, 31.868628, 33.347023> 0.100000
	pigment { color rgbt <1,0,0,0> }
	no_shadow
}
sphere {
	0, 1
	scale<0.080000,0.200000,0.300000>
	matrix <0.282799, -0.908619, 0.307305,
		-0.703737, 0.021148, 0.710146,
		-0.651751, -0.417090, -0.633448,
		27.998970, 31.743500, 33.156990>
	pigment { color rgbt <0,1,1,0> }
	no_shadow
}
cylinder {
	<28.191065, 31.524929, 34.025593>,  <28.455196, 32.035465, 33.600403>, 0.130000
	pigment { color rgbt <1,0,0,0> }
	no_shadow
}

// nucleotide -1

// particle -1
sphere {
	<28.191065, 31.524929, 34.025593> 0.250000
	pigment { color rgbt <1,0,0,0> }
	no_shadow
}
cylinder {
	<28.132320, 31.419804, 33.644150>,  <28.097075, 31.356730, 33.415283>, 0.100000
	pigment { color rgbt <1,0,0,0> }
	no_shadow
}
cylinder {
	<28.132320, 31.419804, 33.644150>,  <28.191065, 31.524929, 34.025593>, 0.100000
	pigment { color rgbt <1,0,0,0> }
	no_shadow
}

// particle -1
sphere {
	<28.132320, 31.419804, 33.644150> 0.100000
	pigment { color rgbt <1,0,0,0> }
	no_shadow
}
sphere {
	0, 1
	scale<0.080000,0.200000,0.300000>
	matrix <0.254906, -0.941552, 0.220234,
		-0.955748, -0.210736, 0.205269,
		-0.146861, -0.262812, -0.953605,
		28.088263, 31.340960, 33.358067>
	pigment { color rgbt <0,1,1,0> }
	no_shadow
}
cylinder {
	<27.708162, 30.941492, 34.082241>,  <28.191065, 31.524929, 34.025593>, 0.130000
	pigment { color rgbt <1,0,0,0> }
	no_shadow
}

// nucleotide -1

// particle -1
sphere {
	<27.708162, 30.941492, 34.082241> 0.250000
	pigment { color rgbt <1,0,0,0> }
	no_shadow
}
cylinder {
	<27.895472, 30.940584, 33.728809>,  <28.007856, 30.940039, 33.516750>, 0.100000
	pigment { color rgbt <1,0,0,0> }
	no_shadow
}
cylinder {
	<27.895472, 30.940584, 33.728809>,  <27.708162, 30.941492, 34.082241>, 0.100000
	pigment { color rgbt <1,0,0,0> }
	no_shadow
}

// particle -1
sphere {
	<27.895472, 30.940584, 33.728809> 0.100000
	pigment { color rgbt <1,0,0,0> }
	no_shadow
}
sphere {
	0, 1
	scale<0.080000,0.200000,0.300000>
	matrix <0.351863, -0.916807, 0.188832,
		-0.810502, -0.399325, -0.428516,
		0.468271, -0.002269, -0.883582,
		28.035954, 30.939903, 33.463734>
	pigment { color rgbt <0,1,1,0> }
	no_shadow
}
cylinder {
	<27.554220, 30.319679, 33.756851>,  <27.708162, 30.941492, 34.082241>, 0.130000
	pigment { color rgbt <1,0,0,0> }
	no_shadow
}

// nucleotide -1

// particle -1
sphere {
	<27.554220, 30.319679, 33.756851> 0.250000
	pigment { color rgbt <1,0,0,0> }
	no_shadow
}
cylinder {
	<27.883566, 30.417583, 33.552044>,  <28.081173, 30.476326, 33.429157>, 0.100000
	pigment { color rgbt <1,0,0,0> }
	no_shadow
}
cylinder {
	<27.883566, 30.417583, 33.552044>,  <27.554220, 30.319679, 33.756851>, 0.100000
	pigment { color rgbt <1,0,0,0> }
	no_shadow
}

// particle -1
sphere {
	<27.883566, 30.417583, 33.552044> 0.100000
	pigment { color rgbt <1,0,0,0> }
	no_shadow
}
sphere {
	0, 1
	scale<0.080000,0.200000,0.300000>
	matrix <0.326138, -0.942425, 0.073944,
		-0.464444, -0.227873, -0.855784,
		0.823362, 0.244761, -0.512022,
		28.130575, 30.491013, 33.398438>
	pigment { color rgbt <0,1,1,0> }
	no_shadow
}
cylinder {
	<27.649136, 29.758133, 33.237053>,  <27.554220, 30.319679, 33.756851>, 0.130000
	pigment { color rgbt <1,0,0,0> }
	no_shadow
}

// nucleotide -1

// particle -1
sphere {
	<27.649136, 29.758133, 33.237053> 0.250000
	pigment { color rgbt <1,0,0,0> }
	no_shadow
}
cylinder {
	<28.013622, 29.921301, 33.259995>,  <28.232313, 30.019201, 33.273758>, 0.100000
	pigment { color rgbt <1,0,0,0> }
	no_shadow
}
cylinder {
	<28.013622, 29.921301, 33.259995>,  <27.649136, 29.758133, 33.237053>, 0.100000
	pigment { color rgbt <1,0,0,0> }
	no_shadow
}

// particle -1
sphere {
	<28.013622, 29.921301, 33.259995> 0.100000
	pigment { color rgbt <1,0,0,0> }
	no_shadow
}
sphere {
	0, 1
	scale<0.080000,0.200000,0.300000>
	matrix <0.407394, -0.913009, 0.021100,
		0.060972, 0.004139, -0.998131,
		0.911215, 0.407919, 0.057354,
		28.286987, 30.043676, 33.277199>
	pigment { color rgbt <0,1,1,0> }
	no_shadow
}
cylinder {
	<28.141861, 29.378489, 32.787823>,  <27.649136, 29.758133, 33.237053>, 0.130000
	pigment { color rgbt <1,0,0,0> }
	no_shadow
}

// nucleotide -1

// particle -1
sphere {
	<28.141861, 29.378489, 32.787823> 0.250000
	pigment { color rgbt <1,0,0,0> }
	no_shadow
}
cylinder {
	<28.378578, 29.548515, 33.061787>,  <28.520609, 29.650532, 33.226166>, 0.100000
	pigment { color rgbt <1,0,0,0> }
	no_shadow
}
cylinder {
	<28.378578, 29.548515, 33.061787>,  <28.141861, 29.378489, 32.787823>, 0.100000
	pigment { color rgbt <1,0,0,0> }
	no_shadow
}

// particle -1
sphere {
	<28.378578, 29.548515, 33.061787> 0.100000
	pigment { color rgbt <1,0,0,0> }
	no_shadow
}
sphere {
	0, 1
	scale<0.080000,0.200000,0.300000>
	matrix <0.545658, -0.836646, 0.047764,
		0.593329, 0.345459, -0.727062,
		0.591792, 0.425067, 0.684909,
		28.556116, 29.676035, 33.267258>
	pigment { color rgbt <0,1,1,0> }
	no_shadow
}
cylinder {
	<28.777697, 29.136618, 32.571751>,  <28.141861, 29.378489, 32.787823>, 0.130000
	pigment { color rgbt <1,0,0,0> }
	no_shadow
}

// nucleotide -1

// particle -1
sphere {
	<28.777697, 29.136618, 32.571751> 0.250000
	pigment { color rgbt <1,0,0,0> }
	no_shadow
}
cylinder {
	<28.779940, 29.252485, 32.954594>,  <28.781284, 29.322006, 33.184299>, 0.100000
	pigment { color rgbt <1,0,0,0> }
	no_shadow
}
cylinder {
	<28.779940, 29.252485, 32.954594>,  <28.777697, 29.136618, 32.571751>, 0.100000
	pigment { color rgbt <1,0,0,0> }
	no_shadow
}

// particle -1
sphere {
	<28.779940, 29.252485, 32.954594> 0.100000
	pigment { color rgbt <1,0,0,0> }
	no_shadow
}
sphere {
	0, 1
	scale<0.080000,0.200000,0.300000>
	matrix <0.488003, -0.836208, 0.250219,
		0.872824, 0.465670, -0.146047,
		0.005606, 0.289669, 0.957111,
		28.781622, 29.339386, 33.241726>
	pigment { color rgbt <0,1,1,0> }
	no_shadow
}
cylinder {
	<29.304686, 28.822241, 32.974800>,  <28.777697, 29.136618, 32.571751>, 0.130000
	pigment { color rgbt <1,0,0,0> }
	no_shadow
}

// nucleotide -1

// particle -1
sphere {
	<29.304686, 28.822241, 32.974800> 0.250000
	pigment { color rgbt <1,0,0,0> }
	no_shadow
}
cylinder {
	<29.120258, 28.937052, 33.310665>,  <29.009602, 29.005938, 33.512184>, 0.100000
	pigment { color rgbt <1,0,0,0> }
	no_shadow
}
cylinder {
	<29.120258, 28.937052, 33.310665>,  <29.304686, 28.822241, 32.974800>, 0.100000
	pigment { color rgbt <1,0,0,0> }
	no_shadow
}

// particle -1
sphere {
	<29.120258, 28.937052, 33.310665> 0.100000
	pigment { color rgbt <1,0,0,0> }
	no_shadow
}
sphere {
	0, 1
	scale<0.080000,0.200000,0.300000>
	matrix <0.511785, -0.686993, 0.515864,
		0.724909, 0.667575, 0.169855,
		-0.461067, 0.287025, 0.839663,
		28.981937, 29.023159, 33.562565>
	pigment { color rgbt <0,1,1,0> }
	no_shadow
}
cylinder {
	<29.806438, 28.988811, 33.431942>,  <29.304686, 28.822241, 32.974800>, 0.130000
	pigment { color rgbt <1,0,0,0> }
	no_shadow
}

// nucleotide -1

// particle -1
sphere {
	<29.806438, 28.988811, 33.431942> 0.250000
	pigment { color rgbt <1,0,0,0> }
	no_shadow
}
cylinder {
	<29.473791, 28.904303, 33.637379>,  <29.274202, 28.853598, 33.760639>, 0.100000
	pigment { color rgbt <1,0,0,0> }
	no_shadow
}
cylinder {
	<29.473791, 28.904303, 33.637379>,  <29.806438, 28.988811, 33.431942>, 0.100000
	pigment { color rgbt <1,0,0,0> }
	no_shadow
}

// particle -1
sphere {
	<29.473791, 28.904303, 33.637379> 0.100000
	pigment { color rgbt <1,0,0,0> }
	no_shadow
}
sphere {
	0, 1
	scale<0.080000,0.200000,0.300000>
	matrix <0.544454, -0.492453, 0.679014,
		0.109462, 0.844307, 0.524561,
		-0.831618, -0.211273, 0.513591,
		29.224306, 28.840921, 33.791454>
	pigment { color rgbt <0,1,1,0> }
	no_shadow
}
cylinder {
	<29.881008, 29.146593, 34.218056>,  <29.806438, 28.988811, 33.431942>, 0.130000
	pigment { color rgbt <1,0,0,0> }
	no_shadow
}

// nucleotide -1

// particle -1
sphere {
	<29.881008, 29.146593, 34.218056> 0.250000
	pigment { color rgbt <1,0,0,0> }
	no_shadow
}
cylinder {
	<29.606100, 28.865229, 34.145531>,  <29.441156, 28.696409, 34.102016>, 0.100000
	pigment { color rgbt <1,0,0,0> }
	no_shadow
}
cylinder {
	<29.606100, 28.865229, 34.145531>,  <29.881008, 29.146593, 34.218056>, 0.100000
	pigment { color rgbt <1,0,0,0> }
	no_shadow
}

// particle -1
sphere {
	<29.606100, 28.865229, 34.145531> 0.100000
	pigment { color rgbt <1,0,0,0> }
	no_shadow
}
sphere {
	0, 1
	scale<0.080000,0.200000,0.300000>
	matrix <0.426512, -0.592810, 0.683128,
		-0.588005, 0.392160, 0.707433,
		-0.687269, -0.703411, -0.181315,
		29.399920, 28.654205, 34.091137>
	pigment { color rgbt <0,1,1,0> }
	no_shadow
}
cylinder {
	<29.998219, 29.063070, 34.994732>,  <29.881008, 29.146593, 34.218056>, 0.130000
	pigment { color rgbt <1,0,0,0> }
	no_shadow
}

// nucleotide -1

// particle -1
sphere {
	<29.998219, 29.063070, 34.994732> 0.250000
	pigment { color rgbt <1,0,0,0> }
	no_shadow
}
cylinder {
	<29.674328, 28.877605, 34.850868>,  <29.479994, 28.766327, 34.764549>, 0.100000
	pigment { color rgbt <1,0,0,0> }
	no_shadow
}
cylinder {
	<29.674328, 28.877605, 34.850868>,  <29.998219, 29.063070, 34.994732>, 0.100000
	pigment { color rgbt <1,0,0,0> }
	no_shadow
}

// particle -1
sphere {
	<29.674328, 28.877605, 34.850868> 0.100000
	pigment { color rgbt <1,0,0,0> }
	no_shadow
}
sphere {
	0, 1
	scale<0.080000,0.200000,0.300000>
	matrix <0.475189, -0.877718, 0.061702,
		-0.344290, -0.120945, 0.931041,
		-0.809728, -0.463664, -0.359661,
		29.431410, 28.738506, 34.742970>
	pigment { color rgbt <0,1,1,0> }
	no_shadow
}
cylinder {
	<29.855394, 28.441353, 35.411800>,  <29.998219, 29.063070, 34.994732>, 0.130000
	pigment { color rgbt <1,0,0,0> }
	no_shadow
}

// nucleotide -1

// particle -1
sphere {
	<29.855394, 28.441353, 35.411800> 0.250000
	pigment { color rgbt <1,0,0,0> }
	no_shadow
}
cylinder {
	<29.625484, 28.346415, 35.098545>,  <29.487539, 28.289452, 34.910591>, 0.100000
	pigment { color rgbt <1,0,0,0> }
	no_shadow
}
cylinder {
	<29.625484, 28.346415, 35.098545>,  <29.855394, 28.441353, 35.411800>, 0.100000
	pigment { color rgbt <1,0,0,0> }
	no_shadow
}

// particle -1
sphere {
	<29.625484, 28.346415, 35.098545> 0.100000
	pigment { color rgbt <1,0,0,0> }
	no_shadow
}
sphere {
	0, 1
	scale<0.080000,0.200000,0.300000>
	matrix <0.281711, -0.955907, 0.082948,
		-0.768292, -0.172942, 0.616293,
		-0.574774, -0.237345, -0.783136,
		29.453053, 28.275211, 34.863605>
	pigment { color rgbt <0,1,1,0> }
	no_shadow
}
cylinder {
	<29.857998, 27.789549, 35.537334>,  <29.855394, 28.441353, 35.411800>, 0.130000
	pigment { color rgbt <1,0,0,0> }
	no_shadow
}

// nucleotide -1

// particle -1
sphere {
	<29.857998, 27.789549, 35.537334> 0.250000
	pigment { color rgbt <1,0,0,0> }
	no_shadow
}
cylinder {
	<29.715862, 27.832453, 35.165909>,  <29.630581, 27.858196, 34.943054>, 0.100000
	pigment { color rgbt <1,0,0,0> }
	no_shadow
}
cylinder {
	<29.715862, 27.832453, 35.165909>,  <29.857998, 27.789549, 35.537334>, 0.100000
	pigment { color rgbt <1,0,0,0> }
	no_shadow
}

// particle -1
sphere {
	<29.715862, 27.832453, 35.165909> 0.100000
	pigment { color rgbt <1,0,0,0> }
	no_shadow
}
sphere {
	0, 1
	scale<0.080000,0.200000,0.300000>
	matrix <0.501635, -0.816343, -0.286263,
		-0.788731, -0.567520, 0.236273,
		-0.355340, 0.107261, -0.928563,
		29.609261, 27.864632, 34.887341>
	pigment { color rgbt <0,1,1,0> }
	no_shadow
}
cylinder {
	<29.796524, 27.089340, 35.324799>,  <29.857998, 27.789549, 35.537334>, 0.130000
	pigment { color rgbt <1,0,0,0> }
	no_shadow
}

// nucleotide -1

// particle -1
sphere {
	<29.796524, 27.089340, 35.324799> 0.250000
	pigment { color rgbt <1,0,0,0> }
	no_shadow
}
cylinder {
	<29.827919, 27.330208, 35.006996>,  <29.846756, 27.474728, 34.816315>, 0.100000
	pigment { color rgbt <1,0,0,0> }
	no_shadow
}
cylinder {
	<29.827919, 27.330208, 35.006996>,  <29.796524, 27.089340, 35.324799>, 0.100000
	pigment { color rgbt <1,0,0,0> }
	no_shadow
}

// particle -1
sphere {
	<29.827919, 27.330208, 35.006996> 0.100000
	pigment { color rgbt <1,0,0,0> }
	no_shadow
}
sphere {
	0, 1
	scale<0.080000,0.200000,0.300000>
	matrix <0.562731, -0.684613, -0.463291,
		-0.822906, -0.410729, -0.392592,
		0.078486, 0.602168, -0.794502,
		29.851465, 27.510859, 34.768646>
	pigment { color rgbt <0,1,1,0> }
	no_shadow
}
cylinder {
	<29.578447, 26.750568, 34.648846>,  <29.796524, 27.089340, 35.324799>, 0.130000
	pigment { color rgbt <1,0,0,0> }
	no_shadow
}

// nucleotide -1

// particle -1
sphere {
	<29.578447, 26.750568, 34.648846> 0.250000
	pigment { color rgbt <1,0,0,0> }
	no_shadow
}
cylinder {
	<29.834110, 27.048185, 34.571003>,  <29.987509, 27.226755, 34.524296>, 0.100000
	pigment { color rgbt <1,0,0,0> }
	no_shadow
}
cylinder {
	<29.834110, 27.048185, 34.571003>,  <29.578447, 26.750568, 34.648846>, 0.100000
	pigment { color rgbt <1,0,0,0> }
	no_shadow
}

// particle -1
sphere {
	<29.834110, 27.048185, 34.571003> 0.100000
	pigment { color rgbt <1,0,0,0> }
	no_shadow
}
sphere {
	0, 1
	scale<0.080000,0.200000,0.300000>
	matrix <0.608339, -0.643938, -0.463970,
		-0.470531, 0.178162, -0.864210,
		0.639159, 0.744045, -0.194610,
		30.025858, 27.271399, 34.512619>
	pigment { color rgbt <0,1,1,0> }
	no_shadow
}
cylinder {
	<29.662664, 26.921949, 33.858372>,  <29.578447, 26.750568, 34.648846>, 0.130000
	pigment { color rgbt <1,0,0,0> }
	no_shadow
}

// nucleotide -1

// particle -1
sphere {
	<29.662664, 26.921949, 33.858372> 0.250000
	pigment { color rgbt <1,0,0,0> }
	no_shadow
}
cylinder {
	<29.979303, 26.967979, 34.098415>,  <30.169287, 26.995598, 34.242443>, 0.100000
	pigment { color rgbt <1,0,0,0> }
	no_shadow
}
cylinder {
	<29.979303, 26.967979, 34.098415>,  <29.662664, 26.921949, 33.858372>, 0.100000
	pigment { color rgbt <1,0,0,0> }
	no_shadow
}

// particle -1
sphere {
	<29.979303, 26.967979, 34.098415> 0.100000
	pigment { color rgbt <1,0,0,0> }
	no_shadow
}
sphere {
	0, 1
	scale<0.080000,0.200000,0.300000>
	matrix <0.480062, -0.724733, -0.494270,
		0.378040, 0.679352, -0.628941,
		0.791597, 0.115077, 0.600109,
		30.216784, 27.002502, 34.278446>
	pigment { color rgbt <0,1,1,0> }
	no_shadow
}
cylinder {
	<30.314512, 27.324501, 33.548431>,  <29.662664, 26.921949, 33.858372>, 0.130000
	pigment { color rgbt <1,0,0,0> }
	no_shadow
}

// nucleotide -1

// particle -1
sphere {
	<30.314512, 27.324501, 33.548431> 0.250000
	pigment { color rgbt <1,0,0,0> }
	no_shadow
}
cylinder {
	<30.401773, 27.039501, 33.815189>,  <30.454130, 26.868502, 33.975246>, 0.100000
	pigment { color rgbt <1,0,0,0> }
	no_shadow
}
cylinder {
	<30.401773, 27.039501, 33.815189>,  <30.314512, 27.324501, 33.548431>, 0.100000
	pigment { color rgbt <1,0,0,0> }
	no_shadow
}

// particle -1
sphere {
	<30.401773, 27.039501, 33.815189> 0.100000
	pigment { color rgbt <1,0,0,0> }
	no_shadow
}
sphere {
	0, 1
	scale<0.080000,0.200000,0.300000>
	matrix <0.381368, -0.566779, -0.730288,
		0.898313, 0.413649, 0.148079,
		0.218155, -0.712500, 0.666897,
		30.467220, 26.825750, 34.015259>
	pigment { color rgbt <0,1,1,0> }
	no_shadow
}
cylinder {
	<31.066757, 27.249525, 33.669167>,  <30.314512, 27.324501, 33.548431>, 0.130000
	pigment { color rgbt <1,0,0,0> }
	no_shadow
}

// nucleotide -1

// particle -1
sphere {
	<31.066757, 27.249525, 33.669167> 0.250000
	pigment { color rgbt <1,0,0,0> }
	no_shadow
}
cylinder {
	<30.825609, 26.930500, 33.677540>,  <30.680920, 26.739084, 33.682564>, 0.100000
	pigment { color rgbt <1,0,0,0> }
	no_shadow
}
cylinder {
	<30.825609, 26.930500, 33.677540>,  <31.066757, 27.249525, 33.669167>, 0.100000
	pigment { color rgbt <1,0,0,0> }
	no_shadow
}

// particle -1
sphere {
	<30.825609, 26.930500, 33.677540> 0.100000
	pigment { color rgbt <1,0,0,0> }
	no_shadow
}
sphere {
	0, 1
	scale<0.080000,0.200000,0.300000>
	matrix <0.536420, -0.424623, -0.729349,
		0.590592, -0.428472, 0.683822,
		-0.602872, -0.797563, 0.020938,
		30.644747, 26.691231, 33.683823>
	pigment { color rgbt <0,1,1,0> }
	no_shadow
}
cylinder {
	<31.713392, 27.488886, 33.354630>,  <31.066757, 27.249525, 33.669167>, 0.130000
	pigment { color rgbt <1,0,0,0> }
	no_shadow
}

// nucleotide -1

// particle -1
sphere {
	<31.713392, 27.488886, 33.354630> 0.250000
	pigment { color rgbt <1,0,0,0> }
	no_shadow
}
cylinder {
	<32.057266, 27.689320, 33.314915>,  <32.263592, 27.809580, 33.291084>, 0.100000
	pigment { color rgbt <1,0,0,0> }
	no_shadow
}
cylinder {
	<32.057266, 27.689320, 33.314915>,  <31.713392, 27.488886, 33.354630>, 0.100000
	pigment { color rgbt <1,0,0,0> }
	no_shadow
}

// particle -1
sphere {
	<32.057266, 27.689320, 33.314915> 0.100000
	pigment { color rgbt <1,0,0,0> }
	no_shadow
}
sphere {
	0, 1
	scale<0.080000,0.200000,0.300000>
	matrix <-0.494799, 0.865137, 0.081925,
		0.126948, -0.021302, 0.991681,
		0.859685, 0.501083, -0.099287,
		32.315170, 27.839645, 33.285130>
	pigment { color rgbt <0,1,1,0> }
	no_shadow
}
cylinder {
	<31.558577, 28.067198, 33.756199>,  <31.713392, 27.488886, 33.354630>, 0.130000
	pigment { color rgbt <1,0,0,0> }
	no_shadow
}

// nucleotide -1

// particle -1
sphere {
	<31.558577, 28.067198, 33.756199> 0.250000
	pigment { color rgbt <1,0,0,0> }
	no_shadow
}
cylinder {
	<31.892668, 28.137157, 33.547661>,  <32.093124, 28.179134, 33.422539>, 0.100000
	pigment { color rgbt <1,0,0,0> }
	no_shadow
}
cylinder {
	<31.892668, 28.137157, 33.547661>,  <31.558577, 28.067198, 33.756199>, 0.100000
	pigment { color rgbt <1,0,0,0> }
	no_shadow
}

// particle -1
sphere {
	<31.892668, 28.137157, 33.547661> 0.100000
	pigment { color rgbt <1,0,0,0> }
	no_shadow
}
sphere {
	0, 1
	scale<0.080000,0.200000,0.300000>
	matrix <-0.249765, 0.965295, -0.076303,
		0.489908, 0.193944, 0.849927,
		0.835229, 0.174901, -0.521347,
		32.143238, 28.189627, 33.391258>
	pigment { color rgbt <0,1,1,0> }
	no_shadow
}
cylinder {
	<31.865601, 28.700272, 34.013725>,  <31.558577, 28.067198, 33.756199>, 0.130000
	pigment { color rgbt <1,0,0,0> }
	no_shadow
}

// nucleotide -1

// particle -1
sphere {
	<31.865601, 28.700272, 34.013725> 0.250000
	pigment { color rgbt <1,0,0,0> }
	no_shadow
}
cylinder {
	<32.017429, 28.622349, 33.651958>,  <32.108528, 28.575596, 33.434898>, 0.100000
	pigment { color rgbt <1,0,0,0> }
	no_shadow
}
cylinder {
	<32.017429, 28.622349, 33.651958>,  <31.865601, 28.700272, 34.013725>, 0.100000
	pigment { color rgbt <1,0,0,0> }
	no_shadow
}

// particle -1
sphere {
	<32.017429, 28.622349, 33.651958> 0.100000
	pigment { color rgbt <1,0,0,0> }
	no_shadow
}
sphere {
	0, 1
	scale<0.080000,0.200000,0.300000>
	matrix <-0.325442, 0.886986, -0.327634,
		0.866033, 0.418697, 0.273277,
		0.379572, -0.194806, -0.904420,
		32.131302, 28.563908, 33.380634>
	pigment { color rgbt <0,1,1,0> }
	no_shadow
}
cylinder {
	<32.445774, 29.157028, 33.935024>,  <31.865601, 28.700272, 34.013725>, 0.130000
	pigment { color rgbt <1,0,0,0> }
	no_shadow
}

// nucleotide -1

// particle -1
sphere {
	<32.445774, 29.157028, 33.935024> 0.250000
	pigment { color rgbt <1,0,0,0> }
	no_shadow
}
cylinder {
	<32.296486, 29.042944, 33.581898>,  <32.206913, 28.974493, 33.370022>, 0.100000
	pigment { color rgbt <1,0,0,0> }
	no_shadow
}
cylinder {
	<32.296486, 29.042944, 33.581898>,  <32.445774, 29.157028, 33.935024>, 0.100000
	pigment { color rgbt <1,0,0,0> }
	no_shadow
}

// particle -1
sphere {
	<32.296486, 29.042944, 33.581898> 0.100000
	pigment { color rgbt <1,0,0,0> }
	no_shadow
}
sphere {
	0, 1
	scale<0.080000,0.200000,0.300000>
	matrix <-0.229363, 0.950400, -0.210077,
		0.898943, 0.124079, -0.420127,
		-0.373223, -0.285209, -0.882814,
		32.184521, 28.957382, 33.317055>
	pigment { color rgbt <0,1,1,0> }
	no_shadow
}
cylinder {
	<32.680702, 29.704901, 33.359241>,  <32.445774, 29.157028, 33.935024>, 0.130000
	pigment { color rgbt <1,0,0,0> }
	no_shadow
}

// nucleotide -1

// particle -1
sphere {
	<32.680702, 29.704901, 33.359241> 0.250000
	pigment { color rgbt <1,0,0,0> }
	no_shadow
}
cylinder {
	<32.338024, 29.505171, 33.307480>,  <32.132416, 29.385334, 33.276421>, 0.100000
	pigment { color rgbt <1,0,0,0> }
	no_shadow
}
cylinder {
	<32.338024, 29.505171, 33.307480>,  <32.680702, 29.704901, 33.359241>, 0.100000
	pigment { color rgbt <1,0,0,0> }
	no_shadow
}

// particle -1
sphere {
	<32.338024, 29.505171, 33.307480> 0.100000
	pigment { color rgbt <1,0,0,0> }
	no_shadow
}
sphere {
	0, 1
	scale<0.080000,0.200000,0.300000>
	matrix <-0.458100, 0.851817, -0.254072,
		0.237095, -0.158382, -0.958489,
		-0.856697, -0.499323, -0.129406,
		32.081017, 29.355373, 33.268658>
	pigment { color rgbt <0,1,1,0> }
	no_shadow
}
cylinder {
	<32.482727, 29.595139, 32.656052>,  <32.680702, 29.704901, 33.359241>, 0.130000
	pigment { color rgbt <1,0,0,0> }
	no_shadow
}

// nucleotide -1

// particle -1
sphere {
	<32.482727, 29.595139, 32.656052> 0.250000
	pigment { color rgbt <1,0,0,0> }
	no_shadow
}
cylinder {
	<32.172943, 29.632559, 32.906315>,  <31.987072, 29.655012, 33.056473>, 0.100000
	pigment { color rgbt <1,0,0,0> }
	no_shadow
}
cylinder {
	<32.172943, 29.632559, 32.906315>,  <32.482727, 29.595139, 32.656052>, 0.100000
	pigment { color rgbt <1,0,0,0> }
	no_shadow
}

// particle -1
sphere {
	<32.172943, 29.632559, 32.906315> 0.100000
	pigment { color rgbt <1,0,0,0> }
	no_shadow
}
sphere {
	0, 1
	scale<0.080000,0.200000,0.300000>
	matrix <-0.240129, 0.871514, -0.427552,
		-0.585273, -0.481363, -0.652492,
		-0.774463, 0.093553, 0.625663,
		31.940603, 29.660625, 33.094013>
	pigment { color rgbt <0,1,1,0> }
	no_shadow
}
cylinder {
	<31.979544, 29.835846, 32.282799>,  <32.482727, 29.595139, 32.656052>, 0.130000
	pigment { color rgbt <1,0,0,0> }
	no_shadow
}

// nucleotide -1

// particle -1
sphere {
	<31.979544, 29.835846, 32.282799> 0.250000
	pigment { color rgbt <1,0,0,0> }
	no_shadow
}
cylinder {
	<31.889841, 29.940659, 32.658257>,  <31.836020, 30.003546, 32.883530>, 0.100000
	pigment { color rgbt <1,0,0,0> }
	no_shadow
}
cylinder {
	<31.889841, 29.940659, 32.658257>,  <31.979544, 29.835846, 32.282799>, 0.100000
	pigment { color rgbt <1,0,0,0> }
	no_shadow
}

// particle -1
sphere {
	<31.889841, 29.940659, 32.658257> 0.100000
	pigment { color rgbt <1,0,0,0> }
	no_shadow
}
sphere {
	0, 1
	scale<0.080000,0.200000,0.300000>
	matrix <-0.251224, 0.915076, -0.315473,
		-0.941592, -0.306556, -0.139384,
		-0.224257, 0.262030, 0.938642,
		31.822563, 30.019268, 32.939850>
	pigment { color rgbt <0,1,1,0> }
	no_shadow
}
cylinder {
	<31.232073, 29.988529, 32.255257>,  <31.979544, 29.835846, 32.282799>, 0.130000
	pigment { color rgbt <1,0,0,0> }
	no_shadow
}

// nucleotide -1

// particle -1
sphere {
	<31.232073, 29.988529, 32.255257> 0.250000
	pigment { color rgbt <1,0,0,0> }
	no_shadow
}
cylinder {
	<31.424580, 30.181135, 32.548248>,  <31.540083, 30.296700, 32.724045>, 0.100000
	pigment { color rgbt <1,0,0,0> }
	no_shadow
}
cylinder {
	<31.424580, 30.181135, 32.548248>,  <31.232073, 29.988529, 32.255257>, 0.100000
	pigment { color rgbt <1,0,0,0> }
	no_shadow
}

// particle -1
sphere {
	<31.424580, 30.181135, 32.548248> 0.100000
	pigment { color rgbt <1,0,0,0> }
	no_shadow
}
sphere {
	0, 1
	scale<0.080000,0.200000,0.300000>
	matrix <-0.378257, 0.867891, -0.322003,
		-0.790763, -0.122097, 0.599822,
		0.481265, 0.481516, 0.732480,
		31.568958, 30.325590, 32.767994>
	pigment { color rgbt <0,1,1,0> }
	no_shadow
}
cylinder {
	<30.713627, 30.417336, 32.574348>,  <31.232073, 29.988529, 32.255257>, 0.130000
	pigment { color rgbt <1,0,0,0> }
	no_shadow
}

// nucleotide -1

// particle -1
sphere {
	<30.713627, 30.417336, 32.574348> 0.250000
	pigment { color rgbt <1,0,0,0> }
	no_shadow
}
cylinder {
	<31.052345, 30.589458, 32.699421>,  <31.255577, 30.692732, 32.774464>, 0.100000
	pigment { color rgbt <1,0,0,0> }
	no_shadow
}
cylinder {
	<31.052345, 30.589458, 32.699421>,  <30.713627, 30.417336, 32.574348>, 0.100000
	pigment { color rgbt <1,0,0,0> }
	no_shadow
}

// particle -1
sphere {
	<31.052345, 30.589458, 32.699421> 0.100000
	pigment { color rgbt <1,0,0,0> }
	no_shadow
}
sphere {
	0, 1
	scale<0.080000,0.200000,0.300000>
	matrix <-0.414299, 0.902241, -0.119656,
		-0.333605, -0.028221, 0.942290,
		0.846796, 0.430307, 0.312684,
		31.306385, 30.718552, 32.793224>
	pigment { color rgbt <0,1,1,0> }
	no_shadow
}
cylinder {
	<30.624701, 30.852859, 33.093731>,  <30.713627, 30.417336, 32.574348>, 0.130000
	pigment { color rgbt <1,0,0,0> }
	no_shadow
}

// nucleotide -1

// particle -1
sphere {
	<30.624701, 30.852859, 33.093731> 0.250000
	pigment { color rgbt <1,0,0,0> }
	no_shadow
}
cylinder {
	<30.951387, 30.972515, 32.896355>,  <31.147400, 31.044308, 32.777927>, 0.100000
	pigment { color rgbt <1,0,0,0> }
	no_shadow
}
cylinder {
	<30.951387, 30.972515, 32.896355>,  <30.624701, 30.852859, 33.093731>, 0.100000
	pigment { color rgbt <1,0,0,0> }
	no_shadow
}

// particle -1
sphere {
	<30.951387, 30.972515, 32.896355> 0.100000
	pigment { color rgbt <1,0,0,0> }
	no_shadow
}
sphere {
	0, 1
	scale<0.080000,0.200000,0.300000>
	matrix <-0.393808, 0.913983, -0.097725,
		0.421766, 0.274136, 0.864270,
		0.816718, 0.299139, -0.493444,
		31.196404, 31.062258, 32.748322>
	pigment { color rgbt <0,1,1,0> }
	no_shadow
}
cylinder {
	<30.734507, 31.528141, 33.447090>,  <30.624701, 30.852859, 33.093731>, 0.130000
	pigment { color rgbt <1,0,0,0> }
	no_shadow
}

// nucleotide -1

// particle -1
sphere {
	<30.734507, 31.528141, 33.447090> 0.250000
	pigment { color rgbt <1,0,0,0> }
	no_shadow
}
cylinder {
	<30.956224, 31.539732, 33.114365>,  <31.089254, 31.546686, 32.914730>, 0.100000
	pigment { color rgbt <1,0,0,0> }
	no_shadow
}
cylinder {
	<30.956224, 31.539732, 33.114365>,  <30.734507, 31.528141, 33.447090>, 0.100000
	pigment { color rgbt <1,0,0,0> }
	no_shadow
}

// particle -1
sphere {
	<30.956224, 31.539732, 33.114365> 0.100000
	pigment { color rgbt <1,0,0,0> }
	no_shadow
}
sphere {
	0, 1
	scale<0.080000,0.200000,0.300000>
	matrix <-0.302736, 0.937960, -0.169060,
		0.775312, 0.345529, 0.528677,
		0.554293, 0.028976, -0.831817,
		31.122513, 31.548424, 32.864819>
	pigment { color rgbt <0,1,1,0> }
	no_shadow
}
cylinder {
	<31.161018, 32.145927, 33.453156>,  <30.734507, 31.528141, 33.447090>, 0.130000
	pigment { color rgbt <1,0,0,0> }
	no_shadow
}

// nucleotide -1

// particle -1
sphere {
	<31.161018, 32.145927, 33.453156> 0.250000
	pigment { color rgbt <1,0,0,0> }
	no_shadow
}
cylinder {
	<31.147995, 32.046963, 33.065811>,  <31.140181, 31.987585, 32.833405>, 0.100000
	pigment { color rgbt <1,0,0,0> }
	no_shadow
}
cylinder {
	<31.147995, 32.046963, 33.065811>,  <31.161018, 32.145927, 33.453156>, 0.100000
	pigment { color rgbt <1,0,0,0> }
	no_shadow
}

// particle -1
sphere {
	<31.147995, 32.046963, 33.065811> 0.100000
	pigment { color rgbt <1,0,0,0> }
	no_shadow
}
sphere {
	0, 1
	scale<0.080000,0.200000,0.300000>
	matrix <-0.338924, 0.914204, -0.222176,
