// switches for output
#declare DRAW_BASES = 1; // possible values are 0, 1; only relevant for DNA ribbons
#declare DRAW_BASES_TYPE = 3; // possible values are 1, 2, 3; only relevant for DNA ribbons
#declare DRAW_FOG = 0; // set to 1 to enable fog

#include "colors.inc"

#include "transforms.inc"
background { rgb <1, 1, 1>}

#default {
   normal{
       ripples 0.25
       frequency 0.20
       turbulence 0.2
       lambda 5
   }
	finish {
		phong 0.1
		phong_size 40.
	}
}

// original window dimensions: 1024x640


// camera settings

camera {
	sky <0, 0.179814, -0.983701>
	up <0, 0.179814, -0.983701>
	right 1.6 * <1, 0, 0>
	location <35, 94.9851, 44.8844>
	look_at <35, 29.7336, 32.9568>
	direction <0, -65.2515, -11.9276>
	angle 67.0682
}


# declare cpy_camera_pos = <35, 94.9851, 44.8844>;
# if (DRAW_FOG = 1)
fog {
	fog_type 2
	up vnormalize(cpy_camera_pos)
	color rgbt<1,1,1,0.3>
	distance 1e-5
	fog_alt 3e-3
	fog_offset 56
}
# end


// LIGHTS

# declare lum = 6;
global_settings {
	ambient_light rgb lum * <0.05, 0.05, 0.05>
	max_trace_level 15
}# declare cpy_direct_light_amount = 0.25;
light_source
{	1000 * <-1, -1.16352, -0.803886>,
	rgb lum * cpy_direct_light_amount
	parallel
}

light_source
{	1000 * <1, 1.16352, 0.803886>,
	rgb lum * cpy_direct_light_amount
	parallel
}

// strand 0

// nucleotide -1

// particle -1
sphere {
	<24.205849, 35.327831, 35.386368> 0.250000
	pigment { color rgbt <1,0,0,0> }
	no_shadow
}
cylinder {
	<24.249619, 35.101917, 35.059189>,  <24.275881, 34.966370, 34.862881>, 0.100000
	pigment { color rgbt <1,0,0,0> }
	no_shadow
}
cylinder {
	<24.249619, 35.101917, 35.059189>,  <24.205849, 35.327831, 35.386368>, 0.100000
	pigment { color rgbt <1,0,0,0> }
	no_shadow
}

// particle -1
sphere {
	<24.249619, 35.101917, 35.059189> 0.100000
	pigment { color rgbt <1,0,0,0> }
	no_shadow
}
sphere {
	0, 1
	scale<0.080000,0.200000,0.300000>
	matrix <0.970849, 0.237274, -0.033958,
		0.213258, -0.790392, 0.574284,
		0.109423, -0.564784, -0.817952,
		24.282446, 34.932484, 34.813805>
	pigment { color rgbt <0,1,1,0> }
	no_shadow
}
cylinder {
	<24.888916, 34.895813, 35.498440>,  <24.205849, 35.327831, 35.386368>, 0.130000
	pigment { color rgbt <1,0,0,0> }
	no_shadow
}

// nucleotide -1

// particle -1
sphere {
	<24.888916, 34.895813, 35.498440> 0.250000
	pigment { color rgbt <1,0,0,0> }
	no_shadow
}
cylinder {
	<24.796288, 34.927429, 35.110600>,  <24.740709, 34.946400, 34.877895>, 0.100000
	pigment { color rgbt <1,0,0,0> }
	no_shadow
}
cylinder {
	<24.796288, 34.927429, 35.110600>,  <24.888916, 34.895813, 35.498440>, 0.100000
	pigment { color rgbt <1,0,0,0> }
	no_shadow
}

// particle -1
sphere {
	<24.796288, 34.927429, 35.110600> 0.100000
	pigment { color rgbt <1,0,0,0> }
	no_shadow
}
sphere {
	0, 1
	scale<0.080000,0.200000,0.300000>
	matrix <0.972603, 0.039747, -0.229049,
		0.020433, -0.996078, -0.086083,
		-0.231572, 0.079045, -0.969601,
		24.726816, 34.951141, 34.819717>
	pigment { color rgbt <0,1,1,0> }
	no_shadow
}
cylinder {
	<25.354130, 34.350967, 35.133152>,  <24.888916, 34.895813, 35.498440>, 0.130000
	pigment { color rgbt <1,0,0,0> }
	no_shadow
}

// nucleotide -1

// particle -1
sphere {
	<25.354130, 34.350967, 35.133152> 0.250000
	pigment { color rgbt <1,0,0,0> }
	no_shadow
}
cylinder {
	<25.248293, 34.696480, 34.961632>,  <25.184792, 34.903790, 34.858719>, 0.100000
	pigment { color rgbt <1,0,0,0> }
	no_shadow
}
cylinder {
	<25.248293, 34.696480, 34.961632>,  <25.354130, 34.350967, 35.133152>, 0.100000
	pigment { color rgbt <1,0,0,0> }
	no_shadow
}

// particle -1
sphere {
	<25.248293, 34.696480, 34.961632> 0.100000
	pigment { color rgbt <1,0,0,0> }
	no_shadow
}
sphere {
	0, 1
	scale<0.080000,0.200000,0.300000>
	matrix <0.941120, 0.134256, -0.310271,
		-0.210438, -0.485649, -0.848446,
		-0.264592, 0.863783, -0.428801,
		25.168915, 34.955616, 34.832993>
	pigment { color rgbt <0,1,1,0> }
	no_shadow
}
cylinder {
	<25.590422, 34.239674, 34.475849>,  <25.354130, 34.350967, 35.133152>, 0.130000
	pigment { color rgbt <1,0,0,0> }
	no_shadow
}

// nucleotide -1

// particle -1
sphere {
	<25.590422, 34.239674, 34.475849> 0.250000
	pigment { color rgbt <1,0,0,0> }
	no_shadow
}
cylinder {
	<25.569332, 34.614395, 34.614189>,  <25.556679, 34.839230, 34.697193>, 0.100000
	pigment { color rgbt <1,0,0,0> }
	no_shadow
}
cylinder {
	<25.569332, 34.614395, 34.614189>,  <25.590422, 34.239674, 34.475849>, 0.100000
	pigment { color rgbt <1,0,0,0> }
	no_shadow
}

// particle -1
sphere {
	<25.569332, 34.614395, 34.614189> 0.100000
	pigment { color rgbt <1,0,0,0> }
	no_shadow
}
sphere {
	0, 1
	scale<0.080000,0.200000,0.300000>
	matrix <0.908453, 0.188802, -0.372916,
		-0.414648, 0.294524, -0.861001,
		-0.052726, 0.936808, 0.345848,
		25.553514, 34.895439, 34.717945>
	pigment { color rgbt <0,1,1,0> }
	no_shadow
}
cylinder {
	<26.253002, 34.363514, 34.087288>,  <25.590422, 34.239674, 34.475849>, 0.130000
	pigment { color rgbt <1,0,0,0> }
	no_shadow
}

// nucleotide -1

// particle -1
sphere {
	<26.253002, 34.363514, 34.087288> 0.250000
	pigment { color rgbt <1,0,0,0> }
	no_shadow
}
cylinder {
	<26.517073, 34.063541, 34.104126>,  <26.675514, 33.883556, 34.114231>, 0.100000
	pigment { color rgbt <1,0,0,0> }
	no_shadow
}
cylinder {
	<26.517073, 34.063541, 34.104126>,  <26.253002, 34.363514, 34.087288>, 0.100000
	pigment { color rgbt <1,0,0,0> }
	no_shadow
}

// particle -1
sphere {
	<26.517073, 34.063541, 34.104126> 0.100000
	pigment { color rgbt <1,0,0,0> }
	no_shadow
}
sphere {
	0, 1
	scale<0.080000,0.200000,0.300000>
	matrix <0.746352, 0.648661, -0.148987,
		0.084421, 0.129779, 0.987943,
		0.660176, -0.749931, 0.042100,
		26.715126, 33.838562, 34.116756>
	pigment { color rgbt <0,1,1,0> }
	no_shadow
}
cylinder {
	<26.805717, 34.515045, 34.539204>,  <26.253002, 34.363514, 34.087288>, 0.130000
	pigment { color rgbt <1,0,0,0> }
	no_shadow
}

// nucleotide -1

// particle -1
sphere {
	<26.805717, 34.515045, 34.539204> 0.250000
	pigment { color rgbt <1,0,0,0> }
	no_shadow
}
cylinder {
	<26.941374, 34.246754, 34.275356>,  <27.022768, 34.085777, 34.117046>, 0.100000
	pigment { color rgbt <1,0,0,0> }
	no_shadow
}
cylinder {
	<26.941374, 34.246754, 34.275356>,  <26.805717, 34.515045, 34.539204>, 0.100000
	pigment { color rgbt <1,0,0,0> }
	no_shadow
}

// particle -1
sphere {
	<26.941374, 34.246754, 34.275356> 0.100000
	pigment { color rgbt <1,0,0,0> }
	no_shadow
}
sphere {
	0, 1
	scale<0.080000,0.200000,0.300000>
	matrix <0.764846, 0.604834, -0.221779,
		0.547715, -0.429293, 0.718133,
		0.339143, -0.670733, -0.659620,
		27.043118, 34.045532, 34.077469>
	pigment { color rgbt <0,1,1,0> }
	no_shadow
}
cylinder {
	<27.387537, 34.009445, 34.673019>,  <26.805717, 34.515045, 34.539204>, 0.130000
	pigment { color rgbt <1,0,0,0> }
	no_shadow
}

// nucleotide -1

// particle -1
sphere {
	<27.387537, 34.009445, 34.673019> 0.250000
	pigment { color rgbt <1,0,0,0> }
	no_shadow
}
cylinder {
	<27.784325, 33.959320, 34.666168>,  <28.022398, 33.929245, 34.662060>, 0.100000
	pigment { color rgbt <1,0,0,0> }
	no_shadow
}
cylinder {
	<27.784325, 33.959320, 34.666168>,  <27.387537, 34.009445, 34.673019>, 0.100000
	pigment { color rgbt <1,0,0,0> }
	no_shadow
}

// particle -1
sphere {
	<27.784325, 33.959320, 34.666168> 0.100000
	pigment { color rgbt <1,0,0,0> }
	no_shadow
}
sphere {
	0, 1
	scale<0.080000,0.200000,0.300000>
	matrix <0.121489, 0.906396, 0.404583,
		-0.035180, -0.403414, 0.914341,
		0.991969, -0.125316, -0.017124,
		28.081915, 33.921726, 34.661030>
	pigment { color rgbt <0,1,1,0> }
	no_shadow
}
cylinder {
	<27.754648, 34.184559, 35.303688>,  <27.387537, 34.009445, 34.673019>, 0.130000
	pigment { color rgbt <1,0,0,0> }
	no_shadow
}

// nucleotide -1

// particle -1
sphere {
	<27.754648, 34.184559, 35.303688> 0.250000
	pigment { color rgbt <1,0,0,0> }
	no_shadow
}
cylinder {
	<28.061209, 34.218155, 35.048950>,  <28.245146, 34.238312, 34.896107>, 0.100000
	pigment { color rgbt <1,0,0,0> }
	no_shadow
}
cylinder {
	<28.061209, 34.218155, 35.048950>,  <27.754648, 34.184559, 35.303688>, 0.100000
	pigment { color rgbt <1,0,0,0> }
	no_shadow
}

// particle -1
sphere {
	<28.061209, 34.218155, 35.048950> 0.100000
	pigment { color rgbt <1,0,0,0> }
	no_shadow
}
sphere {
	0, 1
	scale<0.080000,0.200000,0.300000>
	matrix <0.303334, 0.826598, 0.474051,
		0.566231, -0.556491, 0.608030,
		0.766402, 0.083986, -0.636848,
		28.291128, 34.243351, 34.857895>
	pigment { color rgbt <0,1,1,0> }
	no_shadow
}
cylinder {
	<28.289650, 34.271420, 35.738064>,  <27.754648, 34.184559, 35.303688>, 0.130000
	pigment { color rgbt <1,0,0,0> }
	no_shadow
}

// nucleotide -1

// particle -1
sphere {
	<28.289650, 34.271420, 35.738064> 0.250000
	pigment { color rgbt <1,0,0,0> }
	no_shadow
}
cylinder {
	<28.429070, 34.397808, 35.385094>,  <28.512722, 34.473640, 35.173309>, 0.100000
	pigment { color rgbt <1,0,0,0> }
	no_shadow
}
cylinder {
	<28.429070, 34.397808, 35.385094>,  <28.289650, 34.271420, 35.738064>, 0.100000
	pigment { color rgbt <1,0,0,0> }
	no_shadow
}

// particle -1
sphere {
	<28.429070, 34.397808, 35.385094> 0.100000
	pigment { color rgbt <1,0,0,0> }
	no_shadow
}
sphere {
	0, 1
	scale<0.080000,0.200000,0.300000>
	matrix <0.258846, 0.872404, 0.414620,
		0.900840, -0.372928, 0.222288,
		0.348549, 0.315968, -0.882428,
		28.533634, 34.492599, 35.120365>
	pigment { color rgbt <0,1,1,0> }
	no_shadow
}
cylinder {
	<28.910139, 34.535416, 35.924923>,  <28.289650, 34.271420, 35.738064>, 0.130000
	pigment { color rgbt <1,0,0,0> }
	no_shadow
}

// nucleotide -1

// particle -1
sphere {
	<28.910139, 34.535416, 35.924923> 0.250000
	pigment { color rgbt <1,0,0,0> }
	no_shadow
}
cylinder {
	<28.804405, 34.694099, 35.573299>,  <28.740965, 34.789310, 35.362324>, 0.100000
	pigment { color rgbt <1,0,0,0> }
	no_shadow
}
cylinder {
	<28.804405, 34.694099, 35.573299>,  <28.910139, 34.535416, 35.924923>, 0.100000
	pigment { color rgbt <1,0,0,0> }
	no_shadow
}

// particle -1
sphere {
	<28.804405, 34.694099, 35.573299> 0.100000
	pigment { color rgbt <1,0,0,0> }
	no_shadow
}
sphere {
	0, 1
	scale<0.080000,0.200000,0.300000>
	matrix <0.186076, 0.915333, 0.357130,
		0.946310, -0.069170, -0.315774,
		-0.264335, 0.396713, -0.879059,
		28.725105, 34.813114, 35.309582>
	pigment { color rgbt <0,1,1,0> }
	no_shadow
}
cylinder {
	<29.473572, 34.949295, 35.718983>,  <28.910139, 34.535416, 35.924923>, 0.130000
	pigment { color rgbt <1,0,0,0> }
	no_shadow
}

// nucleotide -1

// particle -1
sphere {
	<29.473572, 34.949295, 35.718983> 0.250000
	pigment { color rgbt <1,0,0,0> }
	no_shadow
}
cylinder {
	<29.140703, 35.088665, 35.546429>,  <28.940981, 35.172287, 35.442898>, 0.100000
	pigment { color rgbt <1,0,0,0> }
	no_shadow
}
cylinder {
	<29.140703, 35.088665, 35.546429>,  <29.473572, 34.949295, 35.718983>, 0.100000
	pigment { color rgbt <1,0,0,0> }
	no_shadow
}

// particle -1
sphere {
	<29.140703, 35.088665, 35.546429> 0.100000
	pigment { color rgbt <1,0,0,0> }
	no_shadow
}
sphere {
	0, 1
	scale<0.080000,0.200000,0.300000>
	matrix <0.209097, 0.917684, 0.337837,
		0.513582, 0.190939, -0.836526,
		-0.832173, 0.348422, -0.431382,
		28.891052, 35.193192, 35.417015>
	pigment { color rgbt <0,1,1,0> }
	no_shadow
}
cylinder {
	<29.665649, 35.641880, 35.681755>,  <29.473572, 34.949295, 35.718983>, 0.130000
	pigment { color rgbt <1,0,0,0> }
	no_shadow
}

// nucleotide -1

// particle -1
sphere {
	<29.665649, 35.641880, 35.681755> 0.250000
	pigment { color rgbt <1,0,0,0> }
	no_shadow
}
cylinder {
	<29.280455, 35.681339, 35.581421>,  <29.049337, 35.705017, 35.521221>, 0.100000
	pigment { color rgbt <1,0,0,0> }
	no_shadow
}
cylinder {
	<29.280455, 35.681339, 35.581421>,  <29.665649, 35.641880, 35.681755>, 0.100000
	pigment { color rgbt <1,0,0,0> }
	no_shadow
}

// particle -1
sphere {
	<29.280455, 35.681339, 35.581421> 0.100000
	pigment { color rgbt <1,0,0,0> }
	no_shadow
}
sphere {
	0, 1
	scale<0.080000,0.200000,0.300000>
	matrix <0.028569, 0.962730, 0.268950,
		0.268022, 0.251830, -0.929917,
		-0.962989, 0.098651, -0.250838,
		28.991558, 35.710934, 35.506168>
	pigment { color rgbt <0,1,1,0> }
	no_shadow
}
cylinder {
	<29.609512, 36.265491, 35.253578>,  <29.665649, 35.641880, 35.681755>, 0.130000
	pigment { color rgbt <1,0,0,0> }
	no_shadow
}

// nucleotide -1

// particle -1
sphere {
	<29.609512, 36.265491, 35.253578> 0.250000
	pigment { color rgbt <1,0,0,0> }
	no_shadow
}
cylinder {
	<29.239635, 36.230152, 35.401707>,  <29.017710, 36.208950, 35.490582>, 0.100000
	pigment { color rgbt <1,0,0,0> }
	no_shadow
}
cylinder {
	<29.239635, 36.230152, 35.401707>,  <29.609512, 36.265491, 35.253578>, 0.100000
	pigment { color rgbt <1,0,0,0> }
	no_shadow
}

// particle -1
sphere {
	<29.239635, 36.230152, 35.401707> 0.100000
	pigment { color rgbt <1,0,0,0> }
	no_shadow
}
sphere {
	0, 1
	scale<0.080000,0.200000,0.300000>
	matrix <-0.096404, 0.995337, -0.003266,
		-0.368303, -0.038720, -0.928899,
		-0.924694, -0.088347, 0.370318,
		28.962227, 36.203648, 35.512802>
	pigment { color rgbt <0,1,1,0> }
	no_shadow
}
cylinder {
	<29.161236, 36.611557, 34.842804>,  <29.609512, 36.265491, 35.253578>, 0.130000
	pigment { color rgbt <1,0,0,0> }
	no_shadow
}

// nucleotide -1

// particle -1
sphere {
	<29.161236, 36.611557, 34.842804> 0.250000
	pigment { color rgbt <1,0,0,0> }
	no_shadow
}
cylinder {
	<28.962048, 36.587078, 35.188816>,  <28.842535, 36.572392, 35.396423>, 0.100000
	pigment { color rgbt <1,0,0,0> }
	no_shadow
}
cylinder {
	<28.962048, 36.587078, 35.188816>,  <29.161236, 36.611557, 34.842804>, 0.100000
	pigment { color rgbt <1,0,0,0> }
	no_shadow
}

// particle -1
sphere {
	<28.962048, 36.587078, 35.188816> 0.100000
	pigment { color rgbt <1,0,0,0> }
	no_shadow
}
sphere {
	0, 1
	scale<0.080000,0.200000,0.300000>
	matrix <0.102994, 0.986273, 0.129063,
		-0.861056, 0.153363, -0.484833,
		-0.497972, -0.061195, 0.865032,
		28.812656, 36.568718, 35.448326>
	pigment { color rgbt <0,1,1,0> }
	no_shadow
}
cylinder {
	<28.546555, 37.092842, 34.826206>,  <29.161236, 36.611557, 34.842804>, 0.130000
	pigment { color rgbt <1,0,0,0> }
	no_shadow
}

// nucleotide -1

// particle -1
sphere {
	<28.546555, 37.092842, 34.826206> 0.250000
	pigment { color rgbt <1,0,0,0> }
	no_shadow
}
cylinder {
	<28.644478, 37.006279, 35.204250>,  <28.703232, 36.954342, 35.431076>, 0.100000
	pigment { color rgbt <1,0,0,0> }
	no_shadow
}
cylinder {
	<28.644478, 37.006279, 35.204250>,  <28.546555, 37.092842, 34.826206>, 0.100000
	pigment { color rgbt <1,0,0,0> }
	no_shadow
}

// particle -1
sphere {
	<28.644478, 37.006279, 35.204250> 0.100000
	pigment { color rgbt <1,0,0,0> }
	no_shadow
}
sphere {
	0, 1
	scale<0.080000,0.200000,0.300000>
	matrix <-0.088367, 0.965736, 0.244018,
		-0.965537, -0.143254, 0.217296,
		0.244807, -0.216407, 0.945113,
		28.717920, 36.941357, 35.487785>
	pigment { color rgbt <0,1,1,0> }
	no_shadow
}
cylinder {
	<28.177715, 37.594082, 35.168110>,  <28.546555, 37.092842, 34.826206>, 0.130000
	pigment { color rgbt <1,0,0,0> }
	no_shadow
}

// nucleotide -1

// particle -1
sphere {
	<28.177715, 37.594082, 35.168110> 0.250000
	pigment { color rgbt <1,0,0,0> }
	no_shadow
}
cylinder {
	<28.437050, 37.467384, 35.445045>,  <28.592651, 37.391365, 35.611206>, 0.100000
	pigment { color rgbt <1,0,0,0> }
	no_shadow
}
cylinder {
	<28.437050, 37.467384, 35.445045>,  <28.177715, 37.594082, 35.168110>, 0.100000
	pigment { color rgbt <1,0,0,0> }
	no_shadow
}

// particle -1
sphere {
	<28.437050, 37.467384, 35.445045> 0.100000
	pigment { color rgbt <1,0,0,0> }
	no_shadow
}
sphere {
	0, 1
	scale<0.080000,0.200000,0.300000>
	matrix <0.159762, 0.945704, 0.283057,
		-0.744402, -0.072908, 0.663740,
		0.648338, -0.316748, 0.692335,
		28.631552, 37.372360, 35.652744>
	pigment { color rgbt <0,1,1,0> }
	no_shadow
}
cylinder {
	<28.006935, 37.906796, 35.746456>,  <28.177715, 37.594082, 35.168110>, 0.130000
	pigment { color rgbt <1,0,0,0> }
	no_shadow
}

// nucleotide -1

// particle -1
sphere {
	<28.006935, 37.906796, 35.746456> 0.250000
	pigment { color rgbt <1,0,0,0> }
	no_shadow
}
cylinder {
	<28.388065, 37.814903, 35.825798>,  <28.616743, 37.759769, 35.873402>, 0.100000
	pigment { color rgbt <1,0,0,0> }
	no_shadow
}
cylinder {
	<28.388065, 37.814903, 35.825798>,  <28.006935, 37.906796, 35.746456>, 0.100000
	pigment { color rgbt <1,0,0,0> }
	no_shadow
}

// particle -1
sphere {
	<28.388065, 37.814903, 35.825798> 0.100000
	pigment { color rgbt <1,0,0,0> }
	no_shadow
}
sphere {
	0, 1
	scale<0.080000,0.200000,0.300000>
	matrix <0.154864, 0.930039, 0.333235,
		-0.261030, -0.286797, 0.921743,
		0.952828, -0.229729, 0.198353,
		28.673914, 37.745983, 35.885303>
	pigment { color rgbt <0,1,1,0> }
	no_shadow
}
cylinder {
	<28.219387, 38.255959, 36.452099>,  <28.006935, 37.906796, 35.746456>, 0.130000
	pigment { color rgbt <1,0,0,0> }
	no_shadow
}

// nucleotide -1

// particle -1
sphere {
	<28.219387, 38.255959, 36.452099> 0.250000
	pigment { color rgbt <1,0,0,0> }
	no_shadow
}
cylinder {
	<28.564049, 38.163578, 36.271339>,  <28.770845, 38.108150, 36.162884>, 0.100000
	pigment { color rgbt <1,0,0,0> }
	no_shadow
}
cylinder {
	<28.564049, 38.163578, 36.271339>,  <28.219387, 38.255959, 36.452099>, 0.100000
	pigment { color rgbt <1,0,0,0> }
	no_shadow
}

// particle -1
sphere {
	<28.564049, 38.163578, 36.271339> 0.100000
	pigment { color rgbt <1,0,0,0> }
	no_shadow
}
sphere {
	0, 1
	scale<0.080000,0.200000,0.300000>
	matrix <0.419400, 0.825436, 0.377833,
		0.285752, -0.515088, 0.808103,
		0.861655, -0.230952, -0.451898,
		28.822546, 38.094292, 36.135769>
	pigment { color rgbt <0,1,1,0> }
	no_shadow
}
cylinder {
	<28.838285, 38.390282, 36.924080>,  <28.219387, 38.255959, 36.452099>, 0.130000
	pigment { color rgbt <1,0,0,0> }
	no_shadow
}

// nucleotide -1

// particle -1
sphere {
	<28.838285, 38.390282, 36.924080> 0.250000
	pigment { color rgbt <1,0,0,0> }
	no_shadow
}
cylinder {
	<28.964554, 38.394196, 36.544552>,  <29.040316, 38.396542, 36.316837>, 0.100000
	pigment { color rgbt <1,0,0,0> }
	no_shadow
}
cylinder {
	<28.964554, 38.394196, 36.544552>,  <28.838285, 38.390282, 36.924080>, 0.100000
	pigment { color rgbt <1,0,0,0> }
	no_shadow
}

// particle -1
sphere {
	<28.964554, 38.394196, 36.544552> 0.100000
	pigment { color rgbt <1,0,0,0> }
	no_shadow
}
sphere {
	0, 1
	scale<0.080000,0.200000,0.300000>
	matrix <0.602519, 0.770415, 0.208402,
		0.733023, -0.637467, 0.237305,
		0.315673, 0.009783, -0.948818,
		29.059256, 38.397129, 36.259907>
	pigment { color rgbt <0,1,1,0> }
	no_shadow
}
cylinder {
	<29.529409, 38.418159, 37.052750>,  <28.838285, 38.390282, 36.924080>, 0.130000
	pigment { color rgbt <1,0,0,0> }
	no_shadow
}

// nucleotide -1

// particle -1
sphere {
	<29.529409, 38.418159, 37.052750> 0.250000
	pigment { color rgbt <1,0,0,0> }
	no_shadow
}
cylinder {
	<29.456226, 38.563587, 36.687382>,  <29.412317, 38.650845, 36.468159>, 0.100000
	pigment { color rgbt <1,0,0,0> }
	no_shadow
}
cylinder {
	<29.456226, 38.563587, 36.687382>,  <29.529409, 38.418159, 37.052750>, 0.100000
	pigment { color rgbt <1,0,0,0> }
	no_shadow
}

// particle -1
sphere {
	<29.456226, 38.563587, 36.687382> 0.100000
	pigment { color rgbt <1,0,0,0> }
	no_shadow
}
sphere {
	0, 1
	scale<0.080000,0.200000,0.300000>
	matrix <0.613367, 0.768315, 0.182957,
		0.768315, -0.526790, -0.363572,
		-0.182957, 0.363572, -0.913423,
		29.401339, 38.672657, 36.413353>
	pigment { color rgbt <0,1,1,0> }
	no_shadow
}
cylinder {
	<30.225958, 38.516369, 36.809044>,  <29.529409, 38.418159, 37.052750>, 0.130000
	pigment { color rgbt <1,0,0,0> }
	no_shadow
}

// nucleotide -1

// particle -1
sphere {
	<30.225958, 38.516369, 36.809044> 0.250000
	pigment { color rgbt <1,0,0,0> }
	no_shadow
}
cylinder {
	<29.963131, 38.730240, 36.596485>,  <29.805435, 38.858562, 36.468952>, 0.100000
	pigment { color rgbt <1,0,0,0> }
	no_shadow
}
cylinder {
	<29.963131, 38.730240, 36.596485>,  <30.225958, 38.516369, 36.809044>, 0.100000
	pigment { color rgbt <1,0,0,0> }
	no_shadow
}

// particle -1
sphere {
	<29.963131, 38.730240, 36.596485> 0.100000
	pigment { color rgbt <1,0,0,0> }
	no_shadow
}
sphere {
	0, 1
	scale<0.080000,0.200000,0.300000>
	matrix <0.500788, 0.836498, 0.222448,
		0.563447, -0.119951, -0.817398,
		-0.657069, 0.534680, -0.531392,
		29.766010, 38.890644, 36.437069>
	pigment { color rgbt <0,1,1,0> }
	no_shadow
}
cylinder {
	<30.707218, 39.122997, 36.636768>,  <30.225958, 38.516369, 36.809044>, 0.130000
	pigment { color rgbt <1,0,0,0> }
	no_shadow
}

// nucleotide -1

// particle -1
sphere {
	<30.707218, 39.122997, 36.636768> 0.250000
	pigment { color rgbt <1,0,0,0> }
	no_shadow
}
cylinder {
	<30.335796, 39.248066, 36.556747>,  <30.112942, 39.323105, 36.508736>, 0.100000
	pigment { color rgbt <1,0,0,0> }
	no_shadow
}
cylinder {
	<30.335796, 39.248066, 36.556747>,  <30.707218, 39.122997, 36.636768>, 0.100000
	pigment { color rgbt <1,0,0,0> }
	no_shadow
}

// particle -1
sphere {
	<30.335796, 39.248066, 36.556747> 0.100000
	pigment { color rgbt <1,0,0,0> }
	no_shadow
}
sphere {
	0, 1
	scale<0.080000,0.200000,0.300000>
	matrix <0.262972, 0.934489, 0.239949,
		0.261969, 0.170199, -0.949950,
		-0.928557, 0.312670, -0.200050,
		30.057230, 39.341866, 36.496731>
	pigment { color rgbt <0,1,1,0> }
	no_shadow
}
cylinder {
	<30.921736, 39.770805, 36.463757>,  <30.707218, 39.122997, 36.636768>, 0.130000
	pigment { color rgbt <1,0,0,0> }
	no_shadow
}

// nucleotide -1

// particle -1
sphere {
	<30.921736, 39.770805, 36.463757> 0.250000
	pigment { color rgbt <1,0,0,0> }
	no_shadow
}
cylinder {
	<30.531599, 39.764671, 36.551819>,  <30.297516, 39.760990, 36.604656>, 0.100000
	pigment { color rgbt <1,0,0,0> }
	no_shadow
}
cylinder {
	<30.531599, 39.764671, 36.551819>,  <30.921736, 39.770805, 36.463757>, 0.100000
	pigment { color rgbt <1,0,0,0> }
	no_shadow
}

// particle -1
sphere {
	<30.531599, 39.764671, 36.551819> 0.100000
	pigment { color rgbt <1,0,0,0> }
	no_shadow
}
sphere {
	0, 1
	scale<0.080000,0.200000,0.300000>
	matrix <0.037454, 0.971605, 0.233627,
		-0.217488, 0.236113, -0.947074,
		-0.975344, -0.015340, 0.220156,
		30.238997, 39.760071, 36.617867>
	pigment { color rgbt <0,1,1,0> }
	no_shadow
}
cylinder {
	<30.609138, 40.348961, 36.174149>,  <30.921736, 39.770805, 36.463757>, 0.130000
	pigment { color rgbt <1,0,0,0> }
	no_shadow
}

// nucleotide -1

// particle -1
sphere {
	<30.609138, 40.348961, 36.174149> 0.250000
	pigment { color rgbt <1,0,0,0> }
	no_shadow
}
cylinder {
	<30.326193, 40.250946, 36.439354>,  <30.156425, 40.192135, 36.598476>, 0.100000
	pigment { color rgbt <1,0,0,0> }
	no_shadow
}
cylinder {
	<30.326193, 40.250946, 36.439354>,  <30.609138, 40.348961, 36.174149>, 0.100000
	pigment { color rgbt <1,0,0,0> }
	no_shadow
}

// particle -1
sphere {
	<30.326193, 40.250946, 36.439354> 0.100000
	pigment { color rgbt <1,0,0,0> }
	no_shadow
}
sphere {
	0, 1
	scale<0.080000,0.200000,0.300000>
	matrix <0.008828, 0.934852, 0.354927,
		-0.706793, 0.256916, -0.659119,
		-0.707365, -0.245042, 0.663015,
		30.113983, 40.177433, 36.638260>
	pigment { color rgbt <0,1,1,0> }
	no_shadow
}
cylinder {
	<30.127071, 40.866386, 36.204914>,  <30.609138, 40.348961, 36.174149>, 0.130000
	pigment { color rgbt <1,0,0,0> }
	no_shadow
}

// nucleotide -1

// particle -1
sphere {
	<30.127071, 40.866386, 36.204914> 0.250000
	pigment { color rgbt <1,0,0,0> }
	no_shadow
}
cylinder {
	<30.094452, 40.675438, 36.554878>,  <30.074881, 40.560867, 36.764854>, 0.100000
	pigment { color rgbt <1,0,0,0> }
	no_shadow
}
cylinder {
	<30.094452, 40.675438, 36.554878>,  <30.127071, 40.866386, 36.204914>, 0.100000
	pigment { color rgbt <1,0,0,0> }
	no_shadow
}

// particle -1
sphere {
	<30.094452, 40.675438, 36.554878> 0.100000
	pigment { color rgbt <1,0,0,0> }
	no_shadow
}
sphere {
	0, 1
	scale<0.080000,0.200000,0.300000>
	matrix <-0.088432, 0.877835, 0.470729,
		-0.992738, -0.038982, -0.113803,
		-0.081551, -0.477375, 0.874907,
		30.069986, 40.532227, 36.817352>
	pigment { color rgbt <0,1,1,0> }
	no_shadow
}
cylinder {
	<29.553473, 41.182182, 36.508495>,  <30.127071, 40.866386, 36.204914>, 0.130000
	pigment { color rgbt <1,0,0,0> }
	no_shadow
}

// nucleotide -1

// particle -1
sphere {
	<29.553473, 41.182182, 36.508495> 0.250000
	pigment { color rgbt <1,0,0,0> }
	no_shadow
}
cylinder {
	<29.791243, 41.025837, 36.789604>,  <29.933905, 40.932030, 36.958267>, 0.100000
	pigment { color rgbt <1,0,0,0> }
	no_shadow
}
cylinder {
	<29.791243, 41.025837, 36.789604>,  <29.553473, 41.182182, 36.508495>, 0.100000
	pigment { color rgbt <1,0,0,0> }
	no_shadow
}

// particle -1
sphere {
	<29.791243, 41.025837, 36.789604> 0.100000
	pigment { color rgbt <1,0,0,0> }
	no_shadow
}
sphere {
	0, 1
	scale<0.080000,0.200000,0.300000>
	matrix <0.021206, 0.881244, 0.472186,
		-0.803870, -0.265777, 0.532124,
		0.594427, -0.390860, 0.702770,
		29.969570, 40.908581, 37.000435>
	pigment { color rgbt <0,1,1,0> }
	no_shadow
}
cylinder {
	<29.548191, 41.687084, 37.006824>,  <29.553473, 41.182182, 36.508495>, 0.130000
	pigment { color rgbt <1,0,0,0> }
	no_shadow
}

// nucleotide -1

// particle -1
sphere {
	<29.548191, 41.687084, 37.006824> 0.250000
	pigment { color rgbt <1,0,0,0> }
	no_shadow
}
cylinder {
	<29.865261, 41.470348, 37.118595>,  <30.055504, 41.340309, 37.185658>, 0.100000
	pigment { color rgbt <1,0,0,0> }
	no_shadow
}
cylinder {
	<29.865261, 41.470348, 37.118595>,  <29.548191, 41.687084, 37.006824>, 0.100000
	pigment { color rgbt <1,0,0,0> }
	no_shadow
}

// particle -1
sphere {
	<29.865261, 41.470348, 37.118595> 0.100000
	pigment { color rgbt <1,0,0,0> }
	no_shadow
}
sphere {
	0, 1
	scale<0.080000,0.200000,0.300000>
	matrix <0.296187, 0.742894, 0.600318,
		-0.532858, -0.393094, 0.749359,
		0.792676, -0.541835, 0.279428,
		30.103064, 41.307796, 37.202423>
	pigment { color rgbt <0,1,1,0> }
	no_shadow
}
cylinder {
	<29.626381, 41.673462, 37.711365>,  <29.548191, 41.687084, 37.006824>, 0.130000
	pigment { color rgbt <1,0,0,0> }
	no_shadow
}

// nucleotide -1

// particle -1
sphere {
	<29.626381, 41.673462, 37.711365> 0.250000
	pigment { color rgbt <1,0,0,0> }
	no_shadow
}
cylinder {
	<30.001116, 41.574043, 37.612930>,  <30.225956, 41.514393, 37.553867>, 0.100000
	pigment { color rgbt <1,0,0,0> }
	no_shadow
}
cylinder {
	<30.001116, 41.574043, 37.612930>,  <29.626381, 41.673462, 37.711365>, 0.100000
	pigment { color rgbt <1,0,0,0> }
	no_shadow
}

// particle -1
sphere {
	<30.001116, 41.574043, 37.612930> 0.100000
	pigment { color rgbt <1,0,0,0> }
	no_shadow
}
sphere {
	0, 1
	scale<0.080000,0.200000,0.300000>
	matrix <0.349222, 0.625465, 0.697737,
		-0.019502, -0.739606, 0.672758,
		0.936837, -0.248549, -0.246089,
		30.282167, 41.499477, 37.539104>
	pigment { color rgbt <0,1,1,0> }
	no_shadow
}
cylinder {
	<29.561411, 41.364006, 38.458912>,  <29.626381, 41.673462, 37.711365>, 0.130000
	pigment { color rgbt <1,0,0,0> }
	no_shadow
}

// nucleotide -1

// particle -1
sphere {
	<29.561411, 41.364006, 38.458912> 0.250000
	pigment { color rgbt <1,0,0,0> }
	no_shadow
}
cylinder {
	<29.403307, 41.005577, 38.378086>,  <29.308445, 40.790520, 38.329590>, 0.100000
	pigment { color rgbt <1,0,0,0> }
	no_shadow
}
cylinder {
	<29.403307, 41.005577, 38.378086>,  <29.561411, 41.364006, 38.458912>, 0.100000
	pigment { color rgbt <1,0,0,0> }
	no_shadow
}

// particle -1
sphere {
	<29.403307, 41.005577, 38.378086> 0.100000
	pigment { color rgbt <1,0,0,0> }
	no_shadow
}
sphere {
	0, 1
	scale<0.080000,0.200000,0.300000>
	matrix <-0.873061, 0.298096, 0.385881,
		-0.285541, 0.328938, -0.900148,
		-0.395261, -0.896069, -0.202065,
		29.284729, 40.736755, 38.317467>
	pigment { color rgbt <0,1,1,0> }
	no_shadow
}
cylinder {
	<29.700071, 41.235863, 39.201954>,  <29.561411, 41.364006, 38.458912>, 0.130000
	pigment { color rgbt <1,0,0,0> }
	no_shadow
}

// nucleotide -1

// particle -1
sphere {
	<29.700071, 41.235863, 39.201954> 0.250000
	pigment { color rgbt <1,0,0,0> }
	no_shadow
}
cylinder {
	<29.671318, 40.988575, 39.515038>,  <29.654066, 40.840202, 39.702888>, 0.100000
	pigment { color rgbt <1,0,0,0> }
	no_shadow
}
cylinder {
	<29.671318, 40.988575, 39.515038>,  <29.700071, 41.235863, 39.201954>, 0.100000
	pigment { color rgbt <1,0,0,0> }
	no_shadow
}

// particle -1
sphere {
	<29.671318, 40.988575, 39.515038> 0.100000
	pigment { color rgbt <1,0,0,0> }
	no_shadow
}
sphere {
	0, 1
	scale<0.080000,0.200000,0.300000>
	matrix <0.381900, 0.707882, 0.594185,
		-0.921404, 0.341630, 0.185212,
		-0.071883, -0.618217, 0.782714,
		29.649754, 40.803108, 39.749851>
	pigment { color rgbt <0,1,1,0> }
	no_shadow
}
cylinder {
	<29.754866, 40.575001, 38.851879>,  <29.700071, 41.235863, 39.201954>, 0.130000
	pigment { color rgbt <1,0,0,0> }
	no_shadow
}

// nucleotide -1

// particle -1
sphere {
	<29.754866, 40.575001, 38.851879> 0.250000
	pigment { color rgbt <1,0,0,0> }
	no_shadow
}
cylinder {
	<29.898476, 40.798561, 38.552883>,  <29.984642, 40.932697, 38.373486>, 0.100000
	pigment { color rgbt <1,0,0,0> }
	no_shadow
}
cylinder {
	<29.898476, 40.798561, 38.552883>,  <29.754866, 40.575001, 38.851879>, 0.100000
	pigment { color rgbt <1,0,0,0> }
	no_shadow
}

// particle -1
sphere {
	<29.898476, 40.798561, 38.552883> 0.100000
	pigment { color rgbt <1,0,0,0> }
	no_shadow
}
sphere {
	0, 1
	scale<0.080000,0.200000,0.300000>
	matrix <0.932810, -0.241561, 0.267420,
		-0.031104, -0.793274, -0.608070,
		0.359023, 0.558896, -0.747487,
		30.006182, 40.966228, 38.328636>
	pigment { color rgbt <0,1,1,0> }
	no_shadow
}
cylinder {
	<30.279074, 40.203411, 38.529572>,  <29.754866, 40.575001, 38.851879>, 0.130000
	pigment { color rgbt <1,0,0,0> }
	no_shadow
}

// nucleotide -1

// particle -1
sphere {
	<30.279074, 40.203411, 38.529572> 0.250000
	pigment { color rgbt <1,0,0,0> }
	no_shadow
}
cylinder {
	<30.357685, 40.579506, 38.418335>,  <30.404852, 40.805161, 38.351593>, 0.100000
	pigment { color rgbt <1,0,0,0> }
	no_shadow
}
cylinder {
	<30.357685, 40.579506, 38.418335>,  <30.279074, 40.203411, 38.529572>, 0.100000
	pigment { color rgbt <1,0,0,0> }
	no_shadow
}

// particle -1
sphere {
	<30.357685, 40.579506, 38.418335> 0.100000
	pigment { color rgbt <1,0,0,0> }
	no_shadow
}
sphere {
	0, 1
	scale<0.080000,0.200000,0.300000>
	matrix <0.960388, -0.127444, 0.247814,
		0.197562, -0.315781, -0.928036,
		0.196528, 0.940234, -0.278094,
		30.416643, 40.861576, 38.334908>
	pigment { color rgbt <0,1,1,0> }
	no_shadow
}
cylinder {
	<30.960035, 40.146881, 38.779358>,  <30.279074, 40.203411, 38.529572>, 0.130000
	pigment { color rgbt <1,0,0,0> }
	no_shadow
}

// nucleotide -1

// particle -1
sphere {
	<30.960035, 40.146881, 38.779358> 0.250000
	pigment { color rgbt <1,0,0,0> }
	no_shadow
}
cylinder {
	<31.272030, 40.203262, 39.023243>,  <31.459227, 40.237091, 39.169575>, 0.100000
	pigment { color rgbt <1,0,0,0> }
	no_shadow
}
cylinder {
	<31.272030, 40.203262, 39.023243>,  <30.960035, 40.146881, 38.779358>, 0.100000
	pigment { color rgbt <1,0,0,0> }
	no_shadow
}

// particle -1
sphere {
	<31.272030, 40.203262, 39.023243> 0.100000
	pigment { color rgbt <1,0,0,0> }
	no_shadow
}
sphere {
	0, 1
	scale<0.080000,0.200000,0.300000>
	matrix <0.330504, -0.920124, -0.210091,
		0.531403, 0.365382, -0.764269,
		0.779986, 0.140951, 0.609717,
		31.506025, 40.245548, 39.206158>
	pigment { color rgbt <0,1,1,0> }
	no_shadow
}
cylinder {
	<31.531061, 39.712391, 38.489437>,  <30.960035, 40.146881, 38.779358>, 0.130000
	pigment { color rgbt <1,0,0,0> }
	no_shadow
}

// nucleotide -1

// particle -1
sphere {
	<31.531061, 39.712391, 38.489437> 0.250000
	pigment { color rgbt <1,0,0,0> }
	no_shadow
}
cylinder {
	<31.595705, 39.758785, 38.881443>,  <31.634491, 39.786621, 39.116646>, 0.100000
	pigment { color rgbt <1,0,0,0> }
	no_shadow
}
cylinder {
	<31.595705, 39.758785, 38.881443>,  <31.531061, 39.712391, 38.489437>, 0.100000
	pigment { color rgbt <1,0,0,0> }
	no_shadow
}

// particle -1
sphere {
	<31.595705, 39.758785, 38.881443> 0.100000
	pigment { color rgbt <1,0,0,0> }
	no_shadow
}
sphere {
	0, 1
	scale<0.080000,0.200000,0.300000>
	matrix <0.250781, -0.965296, 0.072884,
		0.954459, 0.233990, -0.185088,
		0.161610, 0.115981, 0.980015,
		31.644188, 39.793579, 39.175449>
	pigment { color rgbt <0,1,1,0> }
	no_shadow
}
cylinder {
	<32.227627, 39.401817, 38.713703>,  <31.531061, 39.712391, 38.489437>, 0.130000
	pigment { color rgbt <1,0,0,0> }
	no_shadow
}

// nucleotide -1

// particle -1
sphere {
	<32.227627, 39.401817, 38.713703> 0.250000
	pigment { color rgbt <1,0,0,0> }
	no_shadow
}
cylinder {
	<31.950861, 39.380905, 39.001740>,  <31.784801, 39.368359, 39.174561>, 0.100000
	pigment { color rgbt <1,0,0,0> }
	no_shadow
}
cylinder {
	<31.950861, 39.380905, 39.001740>,  <32.227627, 39.401817, 38.713703>, 0.100000
	pigment { color rgbt <1,0,0,0> }
	no_shadow
}

// particle -1
sphere {
	<31.950861, 39.380905, 39.001740> 0.100000
	pigment { color rgbt <1,0,0,0> }
	no_shadow
}
sphere {
	0, 1
	scale<0.080000,0.200000,0.300000>
	matrix <0.084876, -0.996349, 0.009221,
		0.716976, 0.067499, 0.693823,
		-0.691912, -0.052277, 0.720087,
		31.743288, 39.365223, 39.217766>
	pigment { color rgbt <0,1,1,0> }
	no_shadow
}
cylinder {
	<32.475952, 38.902668, 39.173172>,  <32.227627, 39.401817, 38.713703>, 0.130000
	pigment { color rgbt <1,0,0,0> }
	no_shadow
}

// nucleotide -1

// particle -1
sphere {
	<32.475952, 38.902668, 39.173172> 0.250000
	pigment { color rgbt <1,0,0,0> }
	no_shadow
}
cylinder {
	<32.076588, 38.892593, 39.193314>,  <31.836967, 38.886547, 39.205399>, 0.100000
	pigment { color rgbt <1,0,0,0> }
	no_shadow
}
cylinder {
	<32.076588, 38.892593, 39.193314>,  <32.475952, 38.902668, 39.173172>, 0.100000
	pigment { color rgbt <1,0,0,0> }
	no_shadow
}

// particle -1
sphere {
	<32.076588, 38.892593, 39.193314> 0.100000
	pigment { color rgbt <1,0,0,0> }
	no_shadow
}
sphere {
	0, 1
	scale<0.080000,0.200000,0.300000>
	matrix <0.025960, -0.999554, 0.014758,
		0.049957, 0.016042, 0.998623,
		-0.998414, -0.025187, 0.050351,
		31.777063, 38.885036, 39.208420>
	pigment { color rgbt <0,1,1,0> }
	no_shadow
}
cylinder {
	<32.349045, 38.191402, 39.407585>,  <32.475952, 38.902668, 39.173172>, 0.130000
	pigment { color rgbt <1,0,0,0> }
	no_shadow
}

// nucleotide -1

// particle -1
sphere {
	<32.349045, 38.191402, 39.407585> 0.250000
	pigment { color rgbt <1,0,0,0> }
	no_shadow
}
cylinder {
	<31.987665, 38.335590, 39.314770>,  <31.770838, 38.422104, 39.259079>, 0.100000
	pigment { color rgbt <1,0,0,0> }
	no_shadow
}
cylinder {
	<31.987665, 38.335590, 39.314770>,  <32.349045, 38.191402, 39.407585>, 0.100000
	pigment { color rgbt <1,0,0,0> }
	no_shadow
}

// particle -1
sphere {
	<31.987665, 38.335590, 39.314770> 0.100000
	pigment { color rgbt <1,0,0,0> }
	no_shadow
}
sphere {
	0, 1
	scale<0.080000,0.200000,0.300000>
	matrix <-0.326662, -0.929378, -0.171896,
		-0.277615, -0.079501, 0.957397,
		-0.903450, 0.360466, -0.232039,
		31.716631, 38.443729, 39.245159>
	pigment { color rgbt <0,1,1,0> }
	no_shadow
}
cylinder {
	<31.876337, 37.838856, 39.815147>,  <32.349045, 38.191402, 39.407585>, 0.130000
	pigment { color rgbt <1,0,0,0> }
	no_shadow
}

// nucleotide -1

// particle -1
sphere {
	<31.876337, 37.838856, 39.815147> 0.250000
	pigment { color rgbt <1,0,0,0> }
	no_shadow
}
cylinder {
	<31.677265, 37.978790, 39.497677>,  <31.557821, 38.062752, 39.307194>, 0.100000
	pigment { color rgbt <1,0,0,0> }
	no_shadow
}
cylinder {
	<31.677265, 37.978790, 39.497677>,  <31.876337, 37.838856, 39.815147>, 0.100000
	pigment { color rgbt <1,0,0,0> }
	no_shadow
}

// particle -1
sphere {
	<31.677265, 37.978790, 39.497677> 0.100000
	pigment { color rgbt <1,0,0,0> }
	no_shadow
}
sphere {
	0, 1
	scale<0.080000,0.200000,0.300000>
	matrix <-0.449967, -0.886422, -0.108565,
		-0.741515, 0.303098, 0.598571,
		-0.497681, 0.349840, -0.793679,
		31.527962, 38.083740, 39.259575>
	pigment { color rgbt <0,1,1,0> }
	no_shadow
}
cylinder {
	<31.234074, 37.434486, 39.815132>,  <31.876337, 37.838856, 39.815147>, 0.130000
	pigment { color rgbt <1,0,0,0> }
	no_shadow
}

// nucleotide -1

// particle -1
sphere {
	<31.234074, 37.434486, 39.815132> 0.250000
	pigment { color rgbt <1,0,0,0> }
	no_shadow
}
cylinder {
	<31.263006, 37.570690, 39.440151>,  <31.280365, 37.652412, 39.215160>, 0.100000
	pigment { color rgbt <1,0,0,0> }
	no_shadow
}
cylinder {
	<31.263006, 37.570690, 39.440151>,  <31.234074, 37.434486, 39.815132>, 0.100000
	pigment { color rgbt <1,0,0,0> }
	no_shadow
}

// particle -1
sphere {
	<31.263006, 37.570690, 39.440151> 0.100000
	pigment { color rgbt <1,0,0,0> }
	no_shadow
}
sphere {
	0, 1
	scale<0.080000,0.200000,0.300000>
	matrix <-0.092394, -0.933587, -0.346235,
		-0.993092, 0.111658, -0.036066,
		0.072330, 0.340511, -0.937454,
		31.284706, 37.672844, 39.158916>
	pigment { color rgbt <0,1,1,0> }
	no_shadow
}
cylinder {
	<30.738642, 37.105637, 39.502460>,  <31.234074, 37.434486, 39.815132>, 0.130000
	pigment { color rgbt <1,0,0,0> }
	no_shadow
}

// nucleotide -1

// particle -1
sphere {
	<30.738642, 37.105637, 39.502460> 0.250000
	pigment { color rgbt <1,0,0,0> }
	no_shadow
}
cylinder {
	<30.972824, 37.207378, 39.194553>,  <31.113333, 37.268421, 39.009808>, 0.100000
	pigment { color rgbt <1,0,0,0> }
	no_shadow
}
cylinder {
	<30.972824, 37.207378, 39.194553>,  <30.738642, 37.105637, 39.502460>, 0.100000
	pigment { color rgbt <1,0,0,0> }
	no_shadow
}

// particle -1
sphere {
	<30.972824, 37.207378, 39.194553> 0.100000
	pigment { color rgbt <1,0,0,0> }
	no_shadow
}
sphere {
	0, 1
	scale<0.080000,0.200000,0.300000>
	matrix <-0.192718, -0.878627, -0.436891,
		-0.787466, 0.404129, -0.465379,
		0.585455, 0.254350, -0.769772,
		31.148460, 37.283684, 38.963623>
	pigment { color rgbt <0,1,1,0> }
	no_shadow
}
cylinder {
	<30.394663, 36.853107, 38.883358>,  <30.738642, 37.105637, 39.502460>, 0.130000
	pigment { color rgbt <1,0,0,0> }
	no_shadow
}

// nucleotide -1

// particle -1
sphere {
	<30.394663, 36.853107, 38.883358> 0.250000
	pigment { color rgbt <1,0,0,0> }
	no_shadow
}
cylinder {
	<30.769180, 36.896011, 38.749580>,  <30.993891, 36.921753, 38.669315>, 0.100000
	pigment { color rgbt <1,0,0,0> }
	no_shadow
}
cylinder {
	<30.769180, 36.896011, 38.749580>,  <30.394663, 36.853107, 38.883358>, 0.100000
	pigment { color rgbt <1,0,0,0> }
	no_shadow
}

// particle -1
sphere {
	<30.769180, 36.896011, 38.749580> 0.100000
	pigment { color rgbt <1,0,0,0> }
	no_shadow
}
sphere {
	0, 1
	scale<0.080000,0.200000,0.300000>
	matrix <-0.090273, -0.846748, -0.524279,
		-0.339418, 0.521071, -0.783122,
		0.936294, 0.107255, -0.334440,
		31.050068, 36.928188, 38.649250>
	pigment { color rgbt <0,1,1,0> }
	no_shadow
}
cylinder {
	<30.205544, 36.602154, 38.319481>,  <30.394663, 36.853107, 38.883358>, 0.130000
	pigment { color rgbt <1,0,0,0> }
	no_shadow
}

// nucleotide -1

// particle -1
sphere {
	<30.205544, 36.602154, 38.319481> 0.250000
	pigment { color rgbt <1,0,0,0> }
	no_shadow
}
cylinder {
	<30.602293, 36.592758, 38.369503>,  <30.840342, 36.587120, 38.399517>, 0.100000
	pigment { color rgbt <1,0,0,0> }
	no_shadow
}
cylinder {
	<30.602293, 36.592758, 38.369503>,  <30.205544, 36.602154, 38.319481>, 0.100000
	pigment { color rgbt <1,0,0,0> }
	no_shadow
}

// particle -1
sphere {
	<30.602293, 36.592758, 38.369503> 0.100000
	pigment { color rgbt <1,0,0,0> }
	no_shadow
}
sphere {
	0, 1
	scale<0.080000,0.200000,0.300000>
	matrix <0.049231, -0.835440, -0.547373,
		0.117332, 0.549080, -0.827493,
		0.991872, -0.023486, 0.125055,
		30.899855, 36.585712, 38.407021>
	pigment { color rgbt <0,1,1,0> }
	no_shadow
}
cylinder {
	<30.521450, 36.596436, 37.627651>,  <30.205544, 36.602154, 38.319481>, 0.130000
	pigment { color rgbt <1,0,0,0> }
	no_shadow
}

// nucleotide -1

// particle -1
sphere {
	<30.521450, 36.596436, 37.627651> 0.250000
	pigment { color rgbt <1,0,0,0> }
	no_shadow
}
cylinder {
	<30.804298, 36.414467, 37.844181>,  <30.974007, 36.305286, 37.974098>, 0.100000
	pigment { color rgbt <1,0,0,0> }
	no_shadow
}
cylinder {
	<30.804298, 36.414467, 37.844181>,  <30.521450, 36.596436, 37.627651>, 0.100000
	pigment { color rgbt <1,0,0,0> }
	no_shadow
}

// particle -1
sphere {
	<30.804298, 36.414467, 37.844181> 0.100000
	pigment { color rgbt <1,0,0,0> }
	no_shadow
}
sphere {
	0, 1
	scale<0.080000,0.200000,0.300000>
	matrix <0.155704, -0.646592, -0.746776,
