// switches for output
#declare DRAW_BASES = 1; // possible values are 0, 1; only relevant for DNA ribbons
#declare DRAW_BASES_TYPE = 3; // possible values are 1, 2, 3; only relevant for DNA ribbons
#declare DRAW_FOG = 0; // set to 1 to enable fog

#include "colors.inc"

#include "transforms.inc"
background { rgb <1, 1, 1>}

#default {
   normal{
       ripples 0.25
       frequency 0.20
       turbulence 0.2
       lambda 5
   }
	finish {
		phong 0.1
		phong_size 40.
	}
}

// original window dimensions: 1024x640


// camera settings

camera {
	sky <0, 0.179814, -0.983701>
	up <0, 0.179814, -0.983701>
	right 1.6 * <1, 0, 0>
	location <35, 94.9851, 44.8844>
	look_at <35, 29.7336, 32.9568>
	direction <0, -65.2515, -11.9276>
	angle 67.0682
}


# declare cpy_camera_pos = <35, 94.9851, 44.8844>;
# if (DRAW_FOG = 1)
fog {
	fog_type 2
	up vnormalize(cpy_camera_pos)
	color rgbt<1,1,1,0.3>
	distance 1e-5
	fog_alt 3e-3
	fog_offset 56
}
# end


// LIGHTS

# declare lum = 6;
global_settings {
	ambient_light rgb lum * <0.05, 0.05, 0.05>
	max_trace_level 15
}# declare cpy_direct_light_amount = 0.25;
light_source
{	1000 * <-1, -1.16352, -0.803886>,
	rgb lum * cpy_direct_light_amount
	parallel
}

light_source
{	1000 * <1, 1.16352, 0.803886>,
	rgb lum * cpy_direct_light_amount
	parallel
}

// strand 0

// nucleotide -1

// particle -1
sphere {
	<24.048092, 35.252476, 35.401108> 0.250000
	pigment { color rgbt <1,0,0,0> }
	no_shadow
}
cylinder {
	<24.284544, 34.956364, 35.273018>,  <24.426414, 34.778694, 35.196163>, 0.100000
	pigment { color rgbt <1,0,0,0> }
	no_shadow
}
cylinder {
	<24.284544, 34.956364, 35.273018>,  <24.048092, 35.252476, 35.401108>, 0.100000
	pigment { color rgbt <1,0,0,0> }
	no_shadow
}

// particle -1
sphere {
	<24.284544, 34.956364, 35.273018> 0.100000
	pigment { color rgbt <1,0,0,0> }
	no_shadow
}
sphere {
	0, 1
	scale<0.080000,0.200000,0.300000>
	matrix <0.625327, 0.169862, 0.761652,
		-0.509443, -0.650483, 0.563329,
		0.591130, -0.740283, -0.320229,
		24.461884, 34.734280, 35.176949>
	pigment { color rgbt <0,1,1,0> }
	no_shadow
}
cylinder {
	<24.041824, 34.712246, 35.856712>,  <24.048092, 35.252476, 35.401108>, 0.130000
	pigment { color rgbt <1,0,0,0> }
	no_shadow
}

// nucleotide -1

// particle -1
sphere {
	<24.041824, 34.712246, 35.856712> 0.250000
	pigment { color rgbt <1,0,0,0> }
	no_shadow
}
cylinder {
	<24.392761, 34.731575, 35.665741>,  <24.603323, 34.743172, 35.551159>, 0.100000
	pigment { color rgbt <1,0,0,0> }
	no_shadow
}
cylinder {
	<24.392761, 34.731575, 35.665741>,  <24.041824, 34.712246, 35.856712>, 0.100000
	pigment { color rgbt <1,0,0,0> }
	no_shadow
}

// particle -1
sphere {
	<24.392761, 34.731575, 35.665741> 0.100000
	pigment { color rgbt <1,0,0,0> }
	no_shadow
}
sphere {
	0, 1
	scale<0.080000,0.200000,0.300000>
	matrix <0.470834, 0.105470, 0.875895,
		0.092676, -0.993248, 0.069783,
		0.877340, 0.048318, -0.477429,
		24.655964, 34.746071, 35.522511>
	pigment { color rgbt <0,1,1,0> }
	no_shadow
}
cylinder {
	<24.488550, 34.334244, 36.301079>,  <24.041824, 34.712246, 35.856712>, 0.130000
	pigment { color rgbt <1,0,0,0> }
	no_shadow
}

// nucleotide -1

// particle -1
sphere {
	<24.488550, 34.334244, 36.301079> 0.250000
	pigment { color rgbt <1,0,0,0> }
	no_shadow
}
cylinder {
	<24.743361, 34.548805, 36.079639>,  <24.896248, 34.677544, 35.946777>, 0.100000
	pigment { color rgbt <1,0,0,0> }
	no_shadow
}
cylinder {
	<24.743361, 34.548805, 36.079639>,  <24.488550, 34.334244, 36.301079>, 0.100000
	pigment { color rgbt <1,0,0,0> }
	no_shadow
}

// particle -1
sphere {
	<24.743361, 34.548805, 36.079639> 0.100000
	pigment { color rgbt <1,0,0,0> }
	no_shadow
}
sphere {
	0, 1
	scale<0.080000,0.200000,0.300000>
	matrix <0.473095, 0.294940, 0.830176,
		0.608587, -0.790747, -0.065886,
		0.637026, 0.536404, -0.553595,
		24.934469, 34.709728, 35.913559>
	pigment { color rgbt <0,1,1,0> }
	no_shadow
}
cylinder {
	<25.262035, 34.114685, 36.487408>,  <24.488550, 34.334244, 36.301079>, 0.130000
	pigment { color rgbt <1,0,0,0> }
	no_shadow
}

// nucleotide -1

// particle -1
sphere {
	<25.262035, 34.114685, 36.487408> 0.250000
	pigment { color rgbt <1,0,0,0> }
	no_shadow
}
cylinder {
	<25.194614, 34.475719, 36.328949>,  <25.154161, 34.692341, 36.233871>, 0.100000
	pigment { color rgbt <1,0,0,0> }
	no_shadow
}
cylinder {
	<25.194614, 34.475719, 36.328949>,  <25.262035, 34.114685, 36.487408>, 0.100000
	pigment { color rgbt <1,0,0,0> }
	no_shadow
}

// particle -1
sphere {
	<25.194614, 34.475719, 36.328949> 0.100000
	pigment { color rgbt <1,0,0,0> }
	no_shadow
}
sphere {
	0, 1
	scale<0.080000,0.200000,0.300000>
	matrix <0.456318, 0.427689, 0.780292,
		0.873707, -0.049252, -0.483953,
		-0.168550, 0.902583, -0.396149,
		25.144049, 34.746494, 36.210106>
	pigment { color rgbt <0,1,1,0> }
	no_shadow
}
cylinder {
	<25.755119, 34.663689, 36.372082>,  <25.262035, 34.114685, 36.487408>, 0.130000
	pigment { color rgbt <1,0,0,0> }
	no_shadow
}

// nucleotide -1

// particle -1
sphere {
	<25.755119, 34.663689, 36.372082> 0.250000
	pigment { color rgbt <1,0,0,0> }
	no_shadow
}
cylinder {
	<26.088877, 34.850655, 36.488918>,  <26.289131, 34.962833, 36.559021>, 0.100000
	pigment { color rgbt <1,0,0,0> }
	no_shadow
}
cylinder {
	<26.088877, 34.850655, 36.488918>,  <25.755119, 34.663689, 36.372082>, 0.100000
	pigment { color rgbt <1,0,0,0> }
	no_shadow
}

// particle -1
sphere {
	<26.088877, 34.850655, 36.488918> 0.100000
	pigment { color rgbt <1,0,0,0> }
	no_shadow
}
sphere {
	0, 1
	scale<0.080000,0.200000,0.300000>
	matrix <0.196417, 0.242990, -0.949935,
		-0.514986, 0.849989, 0.110941,
		0.834392, 0.467412, 0.292088,
		26.339195, 34.990879, 36.576546>
	pigment { color rgbt <0,1,1,0> }
	no_shadow
}
cylinder {
	<25.849295, 35.387638, 36.326920>,  <25.755119, 34.663689, 36.372082>, 0.130000
	pigment { color rgbt <1,0,0,0> }
	no_shadow
}

// nucleotide -1

// particle -1
sphere {
	<25.849295, 35.387638, 36.326920> 0.250000
	pigment { color rgbt <1,0,0,0> }
	no_shadow
}
cylinder {
	<26.213593, 35.241028, 36.250809>,  <26.432171, 35.153061, 36.205143>, 0.100000
	pigment { color rgbt <1,0,0,0> }
	no_shadow
}
cylinder {
	<26.213593, 35.241028, 36.250809>,  <25.849295, 35.387638, 36.326920>, 0.100000
	pigment { color rgbt <1,0,0,0> }
	no_shadow
}

// particle -1
sphere {
	<26.213593, 35.241028, 36.250809> 0.100000
	pigment { color rgbt <1,0,0,0> }
	no_shadow
}
sphere {
	0, 1
	scale<0.080000,0.200000,0.300000>
	matrix <0.051800, 0.558508, -0.827880,
		0.409709, 0.744131, 0.527644,
		0.910744, -0.366521, -0.190280,
		26.486816, 35.131073, 36.193726>
	pigment { color rgbt <0,1,1,0> }
	no_shadow
}
cylinder {
	<26.249422, 36.030025, 36.152924>,  <25.849295, 35.387638, 36.326920>, 0.130000
	pigment { color rgbt <1,0,0,0> }
	no_shadow
}

// nucleotide -1

// particle -1
sphere {
	<26.249422, 36.030025, 36.152924> 0.250000
	pigment { color rgbt <1,0,0,0> }
	no_shadow
}
cylinder {
	<26.445700, 35.709656, 36.015667>,  <26.563465, 35.517433, 35.933311>, 0.100000
	pigment { color rgbt <1,0,0,0> }
	no_shadow
}
cylinder {
	<26.445700, 35.709656, 36.015667>,  <26.249422, 36.030025, 36.152924>, 0.100000
	pigment { color rgbt <1,0,0,0> }
	no_shadow
}

// particle -1
sphere {
	<26.445700, 35.709656, 36.015667> 0.100000
	pigment { color rgbt <1,0,0,0> }
	no_shadow
}
sphere {
	0, 1
	scale<0.080000,0.200000,0.300000>
	matrix <0.292529, 0.522381, -0.800965,
		0.820760, 0.292649, 0.490621,
		0.490693, -0.800921, -0.343141,
		26.592907, 35.469379, 35.912724>
	pigment { color rgbt <0,1,1,0> }
	no_shadow
}
cylinder {
	<26.855486, 36.365887, 35.849548>,  <26.249422, 36.030025, 36.152924>, 0.130000
	pigment { color rgbt <1,0,0,0> }
	no_shadow
}

// nucleotide -1

// particle -1
sphere {
	<26.855486, 36.365887, 35.849548> 0.250000
	pigment { color rgbt <1,0,0,0> }
	no_shadow
}
cylinder {
	<26.840403, 35.994755, 35.701111>,  <26.831352, 35.772076, 35.612049>, 0.100000
	pigment { color rgbt <1,0,0,0> }
	no_shadow
}
cylinder {
	<26.840403, 35.994755, 35.701111>,  <26.855486, 36.365887, 35.849548>, 0.100000
	pigment { color rgbt <1,0,0,0> }
	no_shadow
}

// particle -1
sphere {
	<26.840403, 35.994755, 35.701111> 0.100000
	pigment { color rgbt <1,0,0,0> }
	no_shadow
}
sphere {
	0, 1
	scale<0.080000,0.200000,0.300000>
	matrix <0.296926, 0.344184, -0.890714,
		0.954155, -0.143774, 0.262519,
		-0.037706, -0.927829, -0.371096,
		26.829090, 35.716408, 35.589783>
	pigment { color rgbt <0,1,1,0> }
	no_shadow
}
cylinder {
	<27.487944, 36.237278, 35.618038>,  <26.855486, 36.365887, 35.849548>, 0.130000
	pigment { color rgbt <1,0,0,0> }
	no_shadow
}

// nucleotide -1

// particle -1
sphere {
	<27.487944, 36.237278, 35.618038> 0.250000
	pigment { color rgbt <1,0,0,0> }
	no_shadow
}
cylinder {
	<27.233166, 36.003410, 35.417057>,  <27.080299, 35.863091, 35.296467>, 0.100000
	pigment { color rgbt <1,0,0,0> }
	no_shadow
}
cylinder {
	<27.233166, 36.003410, 35.417057>,  <27.487944, 36.237278, 35.618038>, 0.100000
	pigment { color rgbt <1,0,0,0> }
	no_shadow
}

// particle -1
sphere {
	<27.233166, 36.003410, 35.417057> 0.100000
	pigment { color rgbt <1,0,0,0> }
	no_shadow
}
sphere {
	0, 1
	scale<0.080000,0.200000,0.300000>
	matrix <0.310207, 0.402287, -0.861357,
		0.705741, -0.704503, -0.074867,
		-0.636946, -0.584671, -0.502453,
		27.042082, 35.828011, 35.266323>
	pigment { color rgbt <0,1,1,0> }
	no_shadow
}
cylinder {
	<27.801676, 36.088039, 35.007336>,  <27.487944, 36.237278, 35.618038>, 0.130000
	pigment { color rgbt <1,0,0,0> }
	no_shadow
}

// nucleotide -1

// particle -1
sphere {
	<27.801676, 36.088039, 35.007336> 0.250000
	pigment { color rgbt <1,0,0,0> }
	no_shadow
}
cylinder {
	<27.428679, 35.990562, 34.900700>,  <27.204880, 35.932076, 34.836720>, 0.100000
	pigment { color rgbt <1,0,0,0> }
	no_shadow
}
cylinder {
	<27.428679, 35.990562, 34.900700>,  <27.801676, 36.088039, 35.007336>, 0.100000
	pigment { color rgbt <1,0,0,0> }
	no_shadow
}

// particle -1
sphere {
	<27.428679, 35.990562, 34.900700> 0.100000
	pigment { color rgbt <1,0,0,0> }
	no_shadow
}
sphere {
	0, 1
	scale<0.080000,0.200000,0.300000>
	matrix <0.173582, 0.344896, -0.922451,
		0.316731, -0.906457, -0.279315,
		-0.932497, -0.243684, -0.266584,
		27.148930, 35.917454, 34.820724>
	pigment { color rgbt <0,1,1,0> }
	no_shadow
}
cylinder {
	<27.848013, 35.693119, 34.343601>,  <27.801676, 36.088039, 35.007336>, 0.130000
	pigment { color rgbt <1,0,0,0> }
	no_shadow
}

// nucleotide -1

// particle -1
sphere {
	<27.848013, 35.693119, 34.343601> 0.250000
	pigment { color rgbt <1,0,0,0> }
	no_shadow
}
cylinder {
	<27.484186, 35.854614, 34.382965>,  <27.265890, 35.951511, 34.406586>, 0.100000
	pigment { color rgbt <1,0,0,0> }
	no_shadow
}
cylinder {
	<27.484186, 35.854614, 34.382965>,  <27.848013, 35.693119, 34.343601>, 0.100000
	pigment { color rgbt <1,0,0,0> }
	no_shadow
}

// particle -1
sphere {
	<27.484186, 35.854614, 34.382965> 0.100000
	pigment { color rgbt <1,0,0,0> }
	no_shadow
}
sphere {
	0, 1
	scale<0.080000,0.200000,0.300000>
	matrix <0.084856, 0.412283, -0.907095,
		-0.406801, -0.816713, -0.409258,
		-0.909567, 0.403736, 0.098414,
		27.211315, 35.975735, 34.412491>
	pigment { color rgbt <0,1,1,0> }
	no_shadow
}
cylinder {
	<27.566734, 35.539726, 33.753498>,  <27.848013, 35.693119, 34.343601>, 0.130000
	pigment { color rgbt <1,0,0,0> }
	no_shadow
}

// nucleotide -1

// particle -1
sphere {
	<27.566734, 35.539726, 33.753498> 0.250000
	pigment { color rgbt <1,0,0,0> }
	no_shadow
}
cylinder {
	<27.373039, 35.849472, 33.916409>,  <27.256823, 36.035320, 34.014156>, 0.100000
	pigment { color rgbt <1,0,0,0> }
	no_shadow
}
cylinder {
	<27.373039, 35.849472, 33.916409>,  <27.566734, 35.539726, 33.753498>, 0.100000
	pigment { color rgbt <1,0,0,0> }
	no_shadow
}

// particle -1
sphere {
	<27.373039, 35.849472, 33.916409> 0.100000
	pigment { color rgbt <1,0,0,0> }
	no_shadow
}
sphere {
	0, 1
	scale<0.080000,0.200000,0.300000>
	matrix <0.137863, 0.527212, -0.838476,
		-0.864006, -0.349874, -0.362053,
		-0.484239, 0.774361, 0.407279,
		27.227768, 36.081779, 34.038593>
	pigment { color rgbt <0,1,1,0> }
	no_shadow
}
cylinder {
	<27.403240, 35.721378, 33.050186>,  <27.566734, 35.539726, 33.753498>, 0.130000
	pigment { color rgbt <1,0,0,0> }
	no_shadow
}

// nucleotide -1

// particle -1
sphere {
	<27.403240, 35.721378, 33.050186> 0.250000
	pigment { color rgbt <1,0,0,0> }
	no_shadow
}
cylinder {
	<27.323786, 36.010040, 33.315441>,  <27.276114, 36.183239, 33.474594>, 0.100000
	pigment { color rgbt <1,0,0,0> }
	no_shadow
}
cylinder {
	<27.323786, 36.010040, 33.315441>,  <27.403240, 35.721378, 33.050186>, 0.100000
	pigment { color rgbt <1,0,0,0> }
	no_shadow
}

// particle -1
sphere {
	<27.323786, 36.010040, 33.315441> 0.100000
	pigment { color rgbt <1,0,0,0> }
	no_shadow
}
sphere {
	0, 1
	scale<0.080000,0.200000,0.300000>
	matrix <0.154049, 0.691201, -0.706053,
		-0.967891, -0.038093, -0.248470,
		-0.198638, 0.721658, 0.663139,
		27.264194, 36.226536, 33.514381>
	pigment { color rgbt <0,1,1,0> }
	no_shadow
}
cylinder {
	<26.984491, 36.213745, 32.730995>,  <27.403240, 35.721378, 33.050186>, 0.130000
	pigment { color rgbt <1,0,0,0> }
	no_shadow
}

// nucleotide -1

// particle -1
sphere {
	<26.984491, 36.213745, 32.730995> 0.250000
	pigment { color rgbt <1,0,0,0> }
	no_shadow
}
cylinder {
	<27.119659, 36.418396, 33.046982>,  <27.200760, 36.541187, 33.236572>, 0.100000
	pigment { color rgbt <1,0,0,0> }
	no_shadow
}
cylinder {
	<27.119659, 36.418396, 33.046982>,  <26.984491, 36.213745, 32.730995>, 0.100000
	pigment { color rgbt <1,0,0,0> }
	no_shadow
}

// particle -1
sphere {
	<27.119659, 36.418396, 33.046982> 0.100000
	pigment { color rgbt <1,0,0,0> }
	no_shadow
}
sphere {
	0, 1
	scale<0.080000,0.200000,0.300000>
	matrix <0.269076, 0.751789, -0.602006,
		-0.901892, 0.415990, 0.116376,
		0.337919, 0.511631, 0.789965,
		27.221035, 36.571884, 33.283970>
	pigment { color rgbt <0,1,1,0> }
	no_shadow
}
cylinder {
	<26.709965, 36.849499, 32.619438>,  <26.984491, 36.213745, 32.730995>, 0.130000
	pigment { color rgbt <1,0,0,0> }
	no_shadow
}

// nucleotide -1

// particle -1
sphere {
	<26.709965, 36.849499, 32.619438> 0.250000
	pigment { color rgbt <1,0,0,0> }
	no_shadow
}
cylinder {
	<27.031412, 36.910675, 32.849499>,  <27.224281, 36.947380, 32.987537>, 0.100000
	pigment { color rgbt <1,0,0,0> }
	no_shadow
}
cylinder {
	<27.031412, 36.910675, 32.849499>,  <26.709965, 36.849499, 32.619438>, 0.100000
	pigment { color rgbt <1,0,0,0> }
	no_shadow
}

// particle -1
sphere {
	<27.031412, 36.910675, 32.849499> 0.100000
	pigment { color rgbt <1,0,0,0> }
	no_shadow
}
sphere {
	0, 1
	scale<0.080000,0.200000,0.300000>
	matrix <0.234024, 0.807357, -0.541671,
		-0.547199, 0.569898, 0.613017,
		0.803621, 0.152941, 0.575155,
		27.272499, 36.956558, 33.022045>
	pigment { color rgbt <0,1,1,0> }
	no_shadow
}
cylinder {
	<26.753733, 37.608780, 32.725140>,  <26.709965, 36.849499, 32.619438>, 0.130000
	pigment { color rgbt <1,0,0,0> }
	no_shadow
}

// nucleotide -1

// particle -1
sphere {
	<26.753733, 37.608780, 32.725140> 0.250000
	pigment { color rgbt <1,0,0,0> }
	no_shadow
}
cylinder {
	<27.123337, 37.480980, 32.809162>,  <27.345098, 37.404301, 32.859577>, 0.100000
	pigment { color rgbt <1,0,0,0> }
	no_shadow
}
cylinder {
	<27.123337, 37.480980, 32.809162>,  <26.753733, 37.608780, 32.725140>, 0.100000
	pigment { color rgbt <1,0,0,0> }
	no_shadow
}

// particle -1
sphere {
	<27.123337, 37.480980, 32.809162> 0.100000
	pigment { color rgbt <1,0,0,0> }
	no_shadow
}
sphere {
	0, 1
	scale<0.080000,0.200000,0.300000>
	matrix <0.382329, 0.780032, -0.495352,
		-0.005586, 0.538022, 0.842913,
		0.924009, -0.319503, 0.210059,
		27.400539, 37.385128, 32.872181>
	pigment { color rgbt <0,1,1,0> }
	no_shadow
}
cylinder {
	<27.219536, 38.206112, 32.862957>,  <26.753733, 37.608780, 32.725140>, 0.130000
	pigment { color rgbt <1,0,0,0> }
	no_shadow
}

// nucleotide -1

// particle -1
sphere {
	<27.219536, 38.206112, 32.862957> 0.250000
	pigment { color rgbt <1,0,0,0> }
	no_shadow
}
cylinder {
	<27.502823, 37.938129, 32.773888>,  <27.672796, 37.777340, 32.720448>, 0.100000
	pigment { color rgbt <1,0,0,0> }
	no_shadow
}
cylinder {
	<27.502823, 37.938129, 32.773888>,  <27.219536, 38.206112, 32.862957>, 0.100000
	pigment { color rgbt <1,0,0,0> }
	no_shadow
}

// particle -1
sphere {
	<27.502823, 37.938129, 32.773888> 0.100000
	pigment { color rgbt <1,0,0,0> }
	no_shadow
}
sphere {
	0, 1
	scale<0.080000,0.200000,0.300000>
	matrix <0.548312, 0.720645, -0.424293,
		0.444724, 0.178400, 0.877721,
		0.708220, -0.669958, -0.222669,
		27.715288, 37.737141, 32.707088>
	pigment { color rgbt <0,1,1,0> }
	no_shadow
}
cylinder {
	<27.875458, 38.463318, 33.021755>,  <27.219536, 38.206112, 32.862957>, 0.130000
	pigment { color rgbt <1,0,0,0> }
	no_shadow
}

// nucleotide -1

// particle -1
sphere {
	<27.875458, 38.463318, 33.021755> 0.250000
	pigment { color rgbt <1,0,0,0> }
	no_shadow
}
cylinder {
	<27.931646, 38.200436, 32.725552>,  <27.965359, 38.042706, 32.547829>, 0.100000
	pigment { color rgbt <1,0,0,0> }
	no_shadow
}
cylinder {
	<27.931646, 38.200436, 32.725552>,  <27.875458, 38.463318, 33.021755>, 0.100000
	pigment { color rgbt <1,0,0,0> }
	no_shadow
}

// particle -1
sphere {
	<27.931646, 38.200436, 32.725552> 0.100000
	pigment { color rgbt <1,0,0,0> }
	no_shadow
}
sphere {
	0, 1
	scale<0.080000,0.200000,0.300000>
	matrix <0.654643, 0.622750, -0.428515,
		0.742773, -0.424572, 0.517713,
		0.140470, -0.657207, -0.740505,
		27.973787, 38.003273, 32.503399>
	pigment { color rgbt <0,1,1,0> }
	no_shadow
}
cylinder {
	<28.568493, 38.590755, 32.922169>,  <27.875458, 38.463318, 33.021755>, 0.130000
	pigment { color rgbt <1,0,0,0> }
	no_shadow
}

// nucleotide -1

// particle -1
sphere {
	<28.568493, 38.590755, 32.922169> 0.250000
	pigment { color rgbt <1,0,0,0> }
	no_shadow
}
cylinder {
	<28.446018, 38.392460, 32.597088>,  <28.372534, 38.273483, 32.402039>, 0.100000
	pigment { color rgbt <1,0,0,0> }
	no_shadow
}
cylinder {
	<28.446018, 38.392460, 32.597088>,  <28.568493, 38.590755, 32.922169>, 0.100000
	pigment { color rgbt <1,0,0,0> }
	no_shadow
}

// particle -1
sphere {
	<28.446018, 38.392460, 32.597088> 0.100000
	pigment { color rgbt <1,0,0,0> }
	no_shadow
}
sphere {
	0, 1
	scale<0.080000,0.200000,0.300000>
	matrix <0.619121, 0.544802, -0.565580,
		0.723144, -0.676336, 0.140112,
		-0.306189, -0.495742, -0.812704,
		28.354162, 38.243736, 32.353275>
	pigment { color rgbt <0,1,1,0> }
	no_shadow
}
cylinder {
	<29.177454, 38.351612, 32.638680>,  <28.568493, 38.590755, 32.922169>, 0.130000
	pigment { color rgbt <1,0,0,0> }
	no_shadow
}

// nucleotide -1

// particle -1
sphere {
	<29.177454, 38.351612, 32.638680> 0.250000
	pigment { color rgbt <1,0,0,0> }
	no_shadow
}
cylinder {
	<28.914099, 38.338970, 32.337875>,  <28.756084, 38.331383, 32.157391>, 0.100000
	pigment { color rgbt <1,0,0,0> }
	no_shadow
}
cylinder {
	<28.914099, 38.338970, 32.337875>,  <29.177454, 38.351612, 32.638680>, 0.100000
	pigment { color rgbt <1,0,0,0> }
	no_shadow
}

// particle -1
sphere {
	<28.914099, 38.338970, 32.337875> 0.100000
	pigment { color rgbt <1,0,0,0> }
	no_shadow
}
sphere {
	0, 1
	scale<0.080000,0.200000,0.300000>
	matrix <0.678932, 0.406367, -0.611487,
		0.324920, -0.913163, -0.246089,
		-0.658390, -0.031607, -0.752013,
		28.716581, 38.329487, 32.112270>
	pigment { color rgbt <0,1,1,0> }
	no_shadow
}
cylinder {
	<29.584827, 38.181812, 32.024853>,  <29.177454, 38.351612, 32.638680>, 0.130000
	pigment { color rgbt <1,0,0,0> }
	no_shadow
}

// nucleotide -1

// particle -1
sphere {
	<29.584827, 38.181812, 32.024853> 0.250000
	pigment { color rgbt <1,0,0,0> }
	no_shadow
}
cylinder {
	<29.252598, 38.319027, 31.849365>,  <29.053261, 38.401356, 31.744072>, 0.100000
	pigment { color rgbt <1,0,0,0> }
	no_shadow
}
cylinder {
	<29.252598, 38.319027, 31.849365>,  <29.584827, 38.181812, 32.024853>, 0.100000
	pigment { color rgbt <1,0,0,0> }
	no_shadow
}

// particle -1
sphere {
	<29.252598, 38.319027, 31.849365> 0.100000
	pigment { color rgbt <1,0,0,0> }
	no_shadow
}
sphere {
	0, 1
	scale<0.080000,0.200000,0.300000>
	matrix <0.544084, 0.331733, -0.770666,
		-0.118826, -0.878795, -0.462168,
		-0.830574, 0.343033, -0.438720,
		29.003426, 38.421936, 31.717749>
	pigment { color rgbt <0,1,1,0> }
	no_shadow
}
cylinder {
	<29.634336, 38.030895, 31.355595>,  <29.584827, 38.181812, 32.024853>, 0.130000
	pigment { color rgbt <1,0,0,0> }
	no_shadow
}

// nucleotide -1

// particle -1
sphere {
	<29.634336, 38.030895, 31.355595> 0.250000
	pigment { color rgbt <1,0,0,0> }
	no_shadow
}
cylinder {
	<29.364613, 38.326210, 31.349445>,  <29.202778, 38.503399, 31.345757>, 0.100000
	pigment { color rgbt <1,0,0,0> }
	no_shadow
}
cylinder {
	<29.364613, 38.326210, 31.349445>,  <29.634336, 38.030895, 31.355595>, 0.100000
	pigment { color rgbt <1,0,0,0> }
	no_shadow
}

// particle -1
sphere {
	<29.364613, 38.326210, 31.349445> 0.100000
	pigment { color rgbt <1,0,0,0> }
	no_shadow
}
sphere {
	0, 1
	scale<0.080000,0.200000,0.300000>
	matrix <0.516548, 0.456701, -0.724294,
		-0.527719, -0.496338, -0.689319,
		-0.674307, 0.738291, -0.015372,
		29.162321, 38.547699, 31.344833>
	pigment { color rgbt <0,1,1,0> }
	no_shadow
}
cylinder {
	<29.467266, 38.109825, 30.723461>,  <29.634336, 38.030895, 31.355595>, 0.130000
	pigment { color rgbt <1,0,0,0> }
	no_shadow
}

// nucleotide -1

// particle -1
sphere {
	<29.467266, 38.109825, 30.723461> 0.250000
	pigment { color rgbt <1,0,0,0> }
	no_shadow
}
cylinder {
	<29.372459, 38.445484, 30.919279>,  <29.315575, 38.646881, 31.036770>, 0.100000
	pigment { color rgbt <1,0,0,0> }
	no_shadow
}
cylinder {
	<29.372459, 38.445484, 30.919279>,  <29.467266, 38.109825, 30.723461>, 0.100000
	pigment { color rgbt <1,0,0,0> }
	no_shadow
}

// particle -1
sphere {
	<29.372459, 38.445484, 30.919279> 0.100000
	pigment { color rgbt <1,0,0,0> }
	no_shadow
}
sphere {
	0, 1
	scale<0.080000,0.200000,0.300000>
	matrix <0.278053, 0.541420, -0.793442,
		-0.930865, -0.051940, -0.361654,
		-0.237018, 0.839146, 0.489547,
		29.301353, 38.697227, 31.066143>
	pigment { color rgbt <0,1,1,0> }
	no_shadow
}
cylinder {
	<29.102003, 38.609344, 30.185324>,  <29.467266, 38.109825, 30.723461>, 0.130000
	pigment { color rgbt <1,0,0,0> }
	no_shadow
}

// nucleotide -1

// particle -1
sphere {
	<29.102003, 38.609344, 30.185324> 0.250000
	pigment { color rgbt <1,0,0,0> }
	no_shadow
}
cylinder {
	<29.263948, 38.814465, 30.488142>,  <29.361116, 38.937538, 30.669834>, 0.100000
	pigment { color rgbt <1,0,0,0> }
	no_shadow
}
cylinder {
	<29.263948, 38.814465, 30.488142>,  <29.102003, 38.609344, 30.185324>, 0.100000
	pigment { color rgbt <1,0,0,0> }
	no_shadow
}

// particle -1
sphere {
	<29.263948, 38.814465, 30.488142> 0.100000
	pigment { color rgbt <1,0,0,0> }
	no_shadow
}
sphere {
	0, 1
	scale<0.080000,0.200000,0.300000>
	matrix <0.395801, 0.648067, -0.650653,
		-0.824273, 0.563067, 0.059413,
		0.404865, 0.512800, 0.757047,
		29.385408, 38.968304, 30.715256>
	pigment { color rgbt <0,1,1,0> }
	no_shadow
}
cylinder {
	<28.654480, 39.245274, 30.643744>,  <29.102003, 38.609344, 30.185324>, 0.130000
	pigment { color rgbt <1,0,0,0> }
	no_shadow
}

// nucleotide -1

// particle -1
sphere {
	<28.654480, 39.245274, 30.643744> 0.250000
	pigment { color rgbt <1,0,0,0> }
	no_shadow
}
cylinder {
	<28.793756, 39.519272, 30.387762>,  <28.877323, 39.683670, 30.234173>, 0.100000
	pigment { color rgbt <1,0,0,0> }
	no_shadow
}
cylinder {
	<28.793756, 39.519272, 30.387762>,  <28.654480, 39.245274, 30.643744>, 0.100000
	pigment { color rgbt <1,0,0,0> }
	no_shadow
}

// particle -1
sphere {
	<28.793756, 39.519272, 30.387762> 0.100000
	pigment { color rgbt <1,0,0,0> }
	no_shadow
}
sphere {
	0, 1
	scale<0.080000,0.200000,0.300000>
	matrix <0.185509, -0.719523, -0.669233,
		-0.918885, 0.114304, -0.377605,
		0.348191, 0.684997, -0.639954,
		28.898214, 39.724770, 30.195776>
	pigment { color rgbt <0,1,1,0> }
	no_shadow
}
cylinder {
	<28.351387, 39.191463, 29.865374>,  <28.654480, 39.245274, 30.643744>, 0.130000
	pigment { color rgbt <1,0,0,0> }
	no_shadow
}

// nucleotide -1

// particle -1
sphere {
	<28.351387, 39.191463, 29.865374> 0.250000
	pigment { color rgbt <1,0,0,0> }
	no_shadow
}
cylinder {
	<28.729080, 39.322834, 29.874849>,  <28.955696, 39.401657, 29.880535>, 0.100000
	pigment { color rgbt <1,0,0,0> }
	no_shadow
}
cylinder {
	<28.729080, 39.322834, 29.874849>,  <28.351387, 39.191463, 29.865374>, 0.100000
	pigment { color rgbt <1,0,0,0> }
	no_shadow
}

// particle -1
sphere {
	<28.729080, 39.322834, 29.874849> 0.100000
	pigment { color rgbt <1,0,0,0> }
	no_shadow
}
sphere {
	0, 1
	scale<0.080000,0.200000,0.300000>
	matrix <0.215703, -0.562578, -0.798110,
		-0.248795, 0.758710, -0.602046,
		0.944232, 0.328428, 0.023689,
		29.012350, 39.421364, 29.881956>
	pigment { color rgbt <0,1,1,0> }
	no_shadow
}
cylinder {
	<28.640059, 39.462029, 29.212114>,  <28.351387, 39.191463, 29.865374>, 0.130000
	pigment { color rgbt <1,0,0,0> }
	no_shadow
}

// nucleotide -1

// particle -1
sphere {
	<28.640059, 39.462029, 29.212114> 0.250000
	pigment { color rgbt <1,0,0,0> }
	no_shadow
}
cylinder {
	<28.916916, 39.288296, 29.442694>,  <29.083031, 39.184055, 29.581041>, 0.100000
	pigment { color rgbt <1,0,0,0> }
	no_shadow
}
cylinder {
	<28.916916, 39.288296, 29.442694>,  <28.640059, 39.462029, 29.212114>, 0.100000
	pigment { color rgbt <1,0,0,0> }
	no_shadow
}

// particle -1
sphere {
	<28.916916, 39.288296, 29.442694> 0.100000
	pigment { color rgbt <1,0,0,0> }
	no_shadow
}
sphere {
	0, 1
	scale<0.080000,0.200000,0.300000>
	matrix <0.312416, -0.539687, -0.781751,
		0.650640, 0.721176, -0.237849,
		0.692144, -0.434331, 0.576449,
		29.124559, 39.157997, 29.615629>
	pigment { color rgbt <0,1,1,0> }
	no_shadow
}
cylinder {
	<29.386940, 39.426765, 28.854586>,  <28.640059, 39.462029, 29.212114>, 0.130000
	pigment { color rgbt <1,0,0,0> }
	no_shadow
}

// nucleotide -1

// particle -1
sphere {
	<29.386940, 39.426765, 28.854586> 0.250000
	pigment { color rgbt <1,0,0,0> }
	no_shadow
}
cylinder {
	<29.353062, 39.132248, 29.123123>,  <29.332735, 38.955540, 29.284245>, 0.100000
	pigment { color rgbt <1,0,0,0> }
	no_shadow
}
cylinder {
	<29.353062, 39.132248, 29.123123>,  <29.386940, 39.426765, 28.854586>, 0.100000
	pigment { color rgbt <1,0,0,0> }
	no_shadow
}

// particle -1
sphere {
	<29.353062, 39.132248, 29.123123> 0.100000
	pigment { color rgbt <1,0,0,0> }
	no_shadow
}
sphere {
	0, 1
	scale<0.080000,0.200000,0.300000>
	matrix <0.370908, -0.648641, -0.664599,
		0.924799, 0.192716, 0.328034,
		-0.084698, -0.736292, 0.671343,
		29.327652, 38.911362, 29.324526>
	pigment { color rgbt <0,1,1,0> }
	no_shadow
}
cylinder {
	<30.087648, 39.348633, 28.969278>,  <29.386940, 39.426765, 28.854586>, 0.130000
	pigment { color rgbt <1,0,0,0> }
	no_shadow
}

// nucleotide -1

// particle -1
sphere {
	<30.087648, 39.348633, 28.969278> 0.250000
	pigment { color rgbt <1,0,0,0> }
	no_shadow
}
cylinder {
	<30.372536, 39.315006, 29.248041>,  <30.543468, 39.294830, 29.415298>, 0.100000
	pigment { color rgbt <1,0,0,0> }
	no_shadow
}
cylinder {
	<30.372536, 39.315006, 29.248041>,  <30.087648, 39.348633, 28.969278>, 0.100000
	pigment { color rgbt <1,0,0,0> }
	no_shadow
}

// particle -1
sphere {
	<30.372536, 39.315006, 29.248041> 0.100000
	pigment { color rgbt <1,0,0,0> }
	no_shadow
}
sphere {
	0, 1
	scale<0.080000,0.200000,0.300000>
	matrix <0.350188, -0.817889, -0.456537,
		0.608370, 0.569203, -0.553077,
		0.712218, -0.084062, 0.696907,
		30.586201, 39.289787, 29.457113>
	pigment { color rgbt <0,1,1,0> }
	no_shadow
}
cylinder {
	<30.783424, 39.337025, 28.706623>,  <30.087648, 39.348633, 28.969278>, 0.130000
	pigment { color rgbt <1,0,0,0> }
	no_shadow
}

// nucleotide -1

// particle -1
sphere {
	<30.783424, 39.337025, 28.706623> 0.250000
	pigment { color rgbt <1,0,0,0> }
	no_shadow
}
cylinder {
	<30.730513, 39.123962, 29.040995>,  <30.698765, 38.996124, 29.241617>, 0.100000
	pigment { color rgbt <1,0,0,0> }
	no_shadow
}
cylinder {
	<30.730513, 39.123962, 29.040995>,  <30.783424, 39.337025, 28.706623>, 0.100000
	pigment { color rgbt <1,0,0,0> }
	no_shadow
}

// particle -1
sphere {
	<30.730513, 39.123962, 29.040995> 0.100000
	pigment { color rgbt <1,0,0,0> }
	no_shadow
}
sphere {
	0, 1
	scale<0.080000,0.200000,0.300000>
	matrix <0.398574, -0.800741, -0.447161,
		0.907547, 0.274029, 0.318225,
		-0.132280, -0.532655, 0.835931,
		30.690828, 38.964165, 29.291775>
	pigment { color rgbt <0,1,1,0> }
	no_shadow
}
cylinder {
	<31.490730, 39.168285, 29.047739>,  <30.783424, 39.337025, 28.706623>, 0.130000
	pigment { color rgbt <1,0,0,0> }
	no_shadow
}

// nucleotide -1

// particle -1
sphere {
	<31.490730, 39.168285, 29.047739> 0.250000
	pigment { color rgbt <1,0,0,0> }
	no_shadow
}
cylinder {
	<31.206852, 38.888824, 29.083990>,  <31.036526, 38.721146, 29.105742>, 0.100000
	pigment { color rgbt <1,0,0,0> }
	no_shadow
}
cylinder {
	<31.206852, 38.888824, 29.083990>,  <31.490730, 39.168285, 29.047739>, 0.100000
	pigment { color rgbt <1,0,0,0> }
	no_shadow
}

// particle -1
sphere {
	<31.206852, 38.888824, 29.083990> 0.100000
	pigment { color rgbt <1,0,0,0> }
	no_shadow
}
sphere {
	0, 1
	scale<0.080000,0.200000,0.300000>
	matrix <0.496432, -0.587211, -0.639326,
		0.499887, -0.408736, 0.763576,
		-0.709696, -0.698654, 0.090629,
		30.993942, 38.679230, 29.111179>
	pigment { color rgbt <0,1,1,0> }
	no_shadow
}
cylinder {
	<31.708229, 38.739548, 28.457367>,  <31.490730, 39.168285, 29.047739>, 0.130000
	pigment { color rgbt <1,0,0,0> }
	no_shadow
}

// nucleotide -1

// particle -1
sphere {
	<31.708229, 38.739548, 28.457367> 0.250000
	pigment { color rgbt <1,0,0,0> }
	no_shadow
}
cylinder {
	<31.411779, 38.939526, 28.278126>,  <31.233910, 39.059513, 28.170582>, 0.100000
	pigment { color rgbt <1,0,0,0> }
	no_shadow
}
cylinder {
	<31.411779, 38.939526, 28.278126>,  <31.708229, 38.739548, 28.457367>, 0.100000
	pigment { color rgbt <1,0,0,0> }
	no_shadow
}

// particle -1
sphere {
	<31.411779, 38.939526, 28.278126> 0.100000
	pigment { color rgbt <1,0,0,0> }
	no_shadow
}
sphere {
	0, 1
	scale<0.080000,0.200000,0.300000>
	matrix <0.670847, 0.577740, -0.464952,
		0.026438, -0.645195, -0.763561,
		-0.741124, 0.499940, -0.448101,
		31.189442, 39.089508, 28.143696>
	pigment { color rgbt <0,1,1,0> }
	no_shadow
}
cylinder {
	<32.007355, 39.203384, 28.004631>,  <31.708229, 38.739548, 28.457367>, 0.130000
	pigment { color rgbt <1,0,0,0> }
	no_shadow
}

// nucleotide -1

// particle -1
sphere {
	<32.007355, 39.203384, 28.004631> 0.250000
	pigment { color rgbt <1,0,0,0> }
	no_shadow
}
cylinder {
	<31.640890, 39.349922, 27.939590>,  <31.421011, 39.437843, 27.900566>, 0.100000
	pigment { color rgbt <1,0,0,0> }
	no_shadow
}
cylinder {
	<31.640890, 39.349922, 27.939590>,  <32.007355, 39.203384, 28.004631>, 0.100000
	pigment { color rgbt <1,0,0,0> }
	no_shadow
}

// particle -1
sphere {
	<31.640890, 39.349922, 27.939590> 0.100000
	pigment { color rgbt <1,0,0,0> }
	no_shadow
}
sphere {
	0, 1
	scale<0.080000,0.200000,0.300000>
	matrix <0.377886, 0.654282, -0.655070,
		-0.133594, -0.661595, -0.737864,
		-0.916163, 0.366342, -0.162599,
		31.366041, 39.459824, 27.890810>
	pigment { color rgbt <0,1,1,0> }
	no_shadow
}
cylinder {
	<32.548824, 38.814541, 28.457853>,  <32.007355, 39.203384, 28.004631>, 0.130000
	pigment { color rgbt <1,0,0,0> }
	no_shadow
}

// nucleotide -1

// particle -1
sphere {
	<32.548824, 38.814541, 28.457853> 0.250000
	pigment { color rgbt <1,0,0,0> }
	no_shadow
}
cylinder {
	<32.843082, 38.781261, 28.726749>,  <33.019638, 38.761292, 28.888086>, 0.100000
	pigment { color rgbt <1,0,0,0> }
	no_shadow
}
cylinder {
	<32.843082, 38.781261, 28.726749>,  <32.548824, 38.814541, 28.457853>, 0.100000
	pigment { color rgbt <1,0,0,0> }
	no_shadow
}

// particle -1
sphere {
	<32.843082, 38.781261, 28.726749> 0.100000
	pigment { color rgbt <1,0,0,0> }
	no_shadow
}
sphere {
	0, 1
	scale<0.080000,0.200000,0.300000>
	matrix <-0.614557, -0.499343, 0.610718,
		0.284866, -0.862400, -0.418471,
		0.735644, -0.083201, 0.672239,
		33.063774, 38.756302, 28.928421>
	pigment { color rgbt <0,1,1,0> }
	no_shadow
}
cylinder {
	<32.774437, 38.132923, 28.586723>,  <32.548824, 38.814541, 28.457853>, 0.130000
	pigment { color rgbt <1,0,0,0> }
	no_shadow
}

// nucleotide -1

// particle -1
sphere {
	<32.774437, 38.132923, 28.586723> 0.250000
	pigment { color rgbt <1,0,0,0> }
	no_shadow
}
cylinder {
	<32.823235, 38.345253, 28.922186>,  <32.852512, 38.472652, 29.123463>, 0.100000
	pigment { color rgbt <1,0,0,0> }
	no_shadow
}
cylinder {
	<32.823235, 38.345253, 28.922186>,  <32.774437, 38.132923, 28.586723>, 0.100000
	pigment { color rgbt <1,0,0,0> }
	no_shadow
}

// particle -1
sphere {
	<32.823235, 38.345253, 28.922186> 0.100000
	pigment { color rgbt <1,0,0,0> }
	no_shadow
}
sphere {
	0, 1
	scale<0.080000,0.200000,0.300000>
	matrix <-0.606685, -0.628856, 0.486286,
		0.785526, -0.568123, 0.245327,
		0.121995, 0.530826, 0.838654,
		32.859833, 38.504501, 29.173782>
	pigment { color rgbt <0,1,1,0> }
	no_shadow
}
cylinder {
	<32.890003, 37.660297, 29.102196>,  <32.774437, 38.132923, 28.586723>, 0.130000
	pigment { color rgbt <1,0,0,0> }
	no_shadow
}

// nucleotide -1

// particle -1
sphere {
	<32.890003, 37.660297, 29.102196> 0.250000
	pigment { color rgbt <1,0,0,0> }
	no_shadow
}
cylinder {
	<32.794384, 37.979065, 29.324108>,  <32.737011, 38.170326, 29.457254>, 0.100000
	pigment { color rgbt <1,0,0,0> }
	no_shadow
}
cylinder {
	<32.794384, 37.979065, 29.324108>,  <32.890003, 37.660297, 29.102196>, 0.100000
	pigment { color rgbt <1,0,0,0> }
	no_shadow
}

// particle -1
sphere {
	<32.794384, 37.979065, 29.324108> 0.100000
	pigment { color rgbt <1,0,0,0> }
	no_shadow
}
sphere {
	0, 1
	scale<0.080000,0.200000,0.300000>
	matrix <-0.420092, -0.599984, 0.680840,
		0.875431, -0.070306, 0.478202,
		-0.239046, 0.796917, 0.554779,
		32.722672, 38.218140, 29.490541>
	pigment { color rgbt <0,1,1,0> }
	no_shadow
}
cylinder {
	<32.900227, 37.410675, 29.791388>,  <32.890003, 37.660297, 29.102196>, 0.130000
	pigment { color rgbt <1,0,0,0> }
	no_shadow
}

// nucleotide -1

// particle -1
sphere {
	<32.900227, 37.410675, 29.791388> 0.250000
	pigment { color rgbt <1,0,0,0> }
	no_shadow
}
cylinder {
	<32.677097, 37.741940, 29.813242>,  <32.543221, 37.940697, 29.826355>, 0.100000
	pigment { color rgbt <1,0,0,0> }
	no_shadow
}
cylinder {
	<32.677097, 37.741940, 29.813242>,  <32.900227, 37.410675, 29.791388>, 0.100000
	pigment { color rgbt <1,0,0,0> }
	no_shadow
}

// particle -1
sphere {
	<32.677097, 37.741940, 29.813242> 0.100000
	pigment { color rgbt <1,0,0,0> }
	no_shadow
}
sphere {
	0, 1
	scale<0.080000,0.200000,0.300000>
	matrix <-0.638247, -0.470122, 0.609612,
		0.530540, 0.305186, 0.790815,
		-0.557825, 0.828159, 0.054634,
		32.509750, 37.990387, 29.829632>
	pigment { color rgbt <0,1,1,0> }
	no_shadow
}
cylinder {
	<32.787827, 37.598736, 30.536545>,  <32.900227, 37.410675, 29.791388>, 0.130000
	pigment { color rgbt <1,0,0,0> }
	no_shadow
}

// nucleotide -1

// particle -1
sphere {
	<32.787827, 37.598736, 30.536545> 0.250000
	pigment { color rgbt <1,0,0,0> }
	no_shadow
}
cylinder {
	<32.481445, 37.751213, 30.329470>,  <32.297615, 37.842701, 30.205225>, 0.100000
	pigment { color rgbt <1,0,0,0> }
	no_shadow
}
cylinder {
	<32.481445, 37.751213, 30.329470>,  <32.787827, 37.598736, 30.536545>, 0.100000
	pigment { color rgbt <1,0,0,0> }
	no_shadow
}

// particle -1
sphere {
	<32.481445, 37.751213, 30.329470> 0.100000
	pigment { color rgbt <1,0,0,0> }
	no_shadow
}
sphere {
	0, 1
	scale<0.080000,0.200000,0.300000>
	matrix <-0.627884, -0.616542, 0.475015,
		-0.138103, 0.688888, 0.711590,
		-0.765957, 0.381195, -0.517688,
		32.251659, 37.865570, 30.174164>
	pigment { color rgbt <0,1,1,0> }
	no_shadow
}
cylinder {
	<32.324467, 37.799988, 30.974400>,  <32.787827, 37.598736, 30.536545>, 0.130000
	pigment { color rgbt <1,0,0,0> }
	no_shadow
}

// nucleotide -1

// particle -1
sphere {
	<32.324467, 37.799988, 30.974400> 0.250000
	pigment { color rgbt <1,0,0,0> }
	no_shadow
}
cylinder {
	<32.121643, 37.752728, 30.632889>,  <31.999949, 37.724373, 30.427982>, 0.100000
	pigment { color rgbt <1,0,0,0> }
	no_shadow
}
cylinder {
	<32.121643, 37.752728, 30.632889>,  <32.324467, 37.799988, 30.974400>, 0.100000
	pigment { color rgbt <1,0,0,0> }
	no_shadow
}

// particle -1
sphere {
	<32.121643, 37.752728, 30.632889> 0.100000
	pigment { color rgbt <1,0,0,0> }
	no_shadow
}
sphere {
	0, 1
	scale<0.080000,0.200000,0.300000>
	matrix <-0.574620, -0.691968, 0.437026,
		-0.642420, 0.712194, 0.282977,
		-0.507059, -0.118150, -0.853775,
		31.969526, 37.717281, 30.376757>
	pigment { color rgbt <0,1,1,0> }
	no_shadow
}
cylinder {
	<31.579376, 37.801079, 31.219566>,  <32.324467, 37.799988, 30.974400>, 0.130000
	pigment { color rgbt <1,0,0,0> }
	no_shadow
}

// nucleotide -1

// particle -1
sphere {
	<31.579376, 37.801079, 31.219566> 0.250000
	pigment { color rgbt <1,0,0,0> }
	no_shadow
}
cylinder {
	<31.561781, 37.655048, 30.847591>,  <31.551224, 37.567429, 30.624407>, 0.100000
	pigment { color rgbt <1,0,0,0> }
	no_shadow
}
cylinder {
	<31.561781, 37.655048, 30.847591>,  <31.579376, 37.801079, 31.219566>, 0.100000
	pigment { color rgbt <1,0,0,0> }
	no_shadow
}

// particle -1
sphere {
	<31.561781, 37.655048, 30.847591> 0.100000
	pigment { color rgbt <1,0,0,0> }
	no_shadow
}
sphere {
	0, 1
	scale<0.080000,0.200000,0.300000>
	matrix <-0.717861, -0.635818, 0.283569,
		-0.694796, 0.680039, -0.234108,
		-0.043988, -0.365079, -0.929937,
		31.548584, 37.545525, 30.568611>
	pigment { color rgbt <0,1,1,0> }
	no_shadow
}
cylinder {
	<30.921112, 37.768520, 31.167194>,  <31.579376, 37.801079, 31.219566>, 0.130000
	pigment { color rgbt <1,0,0,0> }
	no_shadow
}

// nucleotide -1

// particle -1
sphere {
	<30.921112, 37.768520, 31.167194> 0.250000
	pigment { color rgbt <1,0,0,0> }
	no_shadow
}
cylinder {
	<31.045940, 37.527714, 30.873205>,  <31.120838, 37.383228, 30.696812>, 0.100000
	pigment { color rgbt <1,0,0,0> }
	no_shadow
}
cylinder {
	<31.045940, 37.527714, 30.873205>,  <30.921112, 37.768520, 31.167194>, 0.100000
	pigment { color rgbt <1,0,0,0> }
	no_shadow
}

// particle -1
sphere {
	<31.045940, 37.527714, 30.873205> 0.100000
	pigment { color rgbt <1,0,0,0> }
	no_shadow
}
sphere {
	0, 1
	scale<0.080000,0.200000,0.300000>
	matrix <-0.702012, -0.667375, 0.248575,
		-0.640149, 0.438385, -0.630895,
		0.312072, -0.602021, -0.734971,
		31.139563, 37.347107, 30.652714>
	pigment { color rgbt <0,1,1,0> }
	no_shadow
}
cylinder {
	<30.329554, 37.581055, 30.829765>,  <30.921112, 37.768520, 31.167194>, 0.130000
	pigment { color rgbt <1,0,0,0> }
	no_shadow
}

// nucleotide -1

// particle -1
sphere {
	<30.329554, 37.581055, 30.829765> 0.250000
	pigment { color rgbt <1,0,0,0> }
	no_shadow
}
cylinder {
	<30.619173, 37.314941, 30.756937>,  <30.792946, 37.155273, 30.713240>, 0.100000
	pigment { color rgbt <1,0,0,0> }
	no_shadow
}
cylinder {
	<30.619173, 37.314941, 30.756937>,  <30.329554, 37.581055, 30.829765>, 0.100000
	pigment { color rgbt <1,0,0,0> }
	no_shadow
}

// particle -1
sphere {
	<30.619173, 37.314941, 30.756937> 0.100000
	pigment { color rgbt <1,0,0,0> }
	no_shadow
}
sphere {
	0, 1
	scale<0.080000,0.200000,0.300000>
	matrix <-0.641819, -0.746522, 0.175423,
		-0.252624, -0.010159, -0.967511,
		0.724050, -0.665283, -0.182069,
		30.836388, 37.115356, 30.702316>
	pigment { color rgbt <0,1,1,0> }
	no_shadow
}
cylinder {
	<30.033588, 37.107937, 30.426432>,  <30.329554, 37.581055, 30.829765>, 0.130000
	pigment { color rgbt <1,0,0,0> }
	no_shadow
}

// nucleotide -1

// particle -1
sphere {
	<30.033588, 37.107937, 30.426432> 0.250000
	pigment { color rgbt <1,0,0,0> }
	no_shadow
}
cylinder {
	<30.349751, 36.906338, 30.565714>,  <30.539448, 36.785378, 30.649282>, 0.100000
	pigment { color rgbt <1,0,0,0> }
	no_shadow
}
cylinder {
	<30.349751, 36.906338, 30.565714>,  <30.033588, 37.107937, 30.426432>, 0.100000
	pigment { color rgbt <1,0,0,0> }
	no_shadow
}

// particle -1
sphere {
	<30.349751, 36.906338, 30.565714> 0.100000
	pigment { color rgbt <1,0,0,0> }
	no_shadow
}
sphere {
	0, 1
	scale<0.080000,0.200000,0.300000>
	matrix <-0.599774, -0.752328, 0.272532,
