// switches for output
#declare DRAW_BASES = 1; // possible values are 0, 1; only relevant for DNA ribbons
#declare DRAW_BASES_TYPE = 3; // possible values are 1, 2, 3; only relevant for DNA ribbons
#declare DRAW_FOG = 0; // set to 1 to enable fog

#include "colors.inc"

#include "transforms.inc"
background { rgb <1, 1, 1>}

#default {
   normal{
       ripples 0.25
       frequency 0.20
       turbulence 0.2
       lambda 5
   }
	finish {
		phong 0.1
		phong_size 40.
	}
}

// original window dimensions: 1024x640


// camera settings

camera {
	sky <0, 0.179814, -0.983701>
	up <0, 0.179814, -0.983701>
	right 1.6 * <1, 0, 0>
	location <35, 94.9851, 44.8844>
	look_at <35, 29.7336, 32.9568>
	direction <0, -65.2515, -11.9276>
	angle 67.0682
}


# declare cpy_camera_pos = <35, 94.9851, 44.8844>;
# if (DRAW_FOG = 1)
fog {
	fog_type 2
	up vnormalize(cpy_camera_pos)
	color rgbt<1,1,1,0.3>
	distance 1e-5
	fog_alt 3e-3
	fog_offset 56
}
# end


// LIGHTS

# declare lum = 6;
global_settings {
	ambient_light rgb lum * <0.05, 0.05, 0.05>
	max_trace_level 15
}# declare cpy_direct_light_amount = 0.25;
light_source
{	1000 * <-1, -1.16352, -0.803886>,
	rgb lum * cpy_direct_light_amount
	parallel
}

light_source
{	1000 * <1, 1.16352, 0.803886>,
	rgb lum * cpy_direct_light_amount
	parallel
}

// strand 0

// nucleotide -1

// particle -1
sphere {
	<24.444532, 35.121548, 35.133980> 0.250000
	pigment { color rgbt <1,0,0,0> }
	no_shadow
}
cylinder {
	<24.406576, 35.188137, 34.741390>,  <24.383802, 35.228092, 34.505836>, 0.100000
	pigment { color rgbt <1,0,0,0> }
	no_shadow
}
cylinder {
	<24.406576, 35.188137, 34.741390>,  <24.444532, 35.121548, 35.133980>, 0.100000
	pigment { color rgbt <1,0,0,0> }
	no_shadow
}

// particle -1
sphere {
	<24.406576, 35.188137, 34.741390> 0.100000
	pigment { color rgbt <1,0,0,0> }
	no_shadow
}
sphere {
	0, 1
	scale<0.080000,0.200000,0.300000>
	matrix <0.962002, -0.238227, -0.133417,
		-0.256023, -0.956836, -0.137541,
		-0.094892, 0.166472, -0.981470,
		24.378109, 35.238079, 34.446949>
	pigment { color rgbt <0,1,1,0> }
	no_shadow
}
cylinder {
	<24.806126, 34.549019, 34.724594>,  <24.444532, 35.121548, 35.133980>, 0.130000
	pigment { color rgbt <1,0,0,0> }
	no_shadow
}

// nucleotide -1

// particle -1
sphere {
	<24.806126, 34.549019, 34.724594> 0.250000
	pigment { color rgbt <1,0,0,0> }
	no_shadow
}
cylinder {
	<24.758104, 34.887135, 34.516338>,  <24.729292, 35.090004, 34.391384>, 0.100000
	pigment { color rgbt <1,0,0,0> }
	no_shadow
}
cylinder {
	<24.758104, 34.887135, 34.516338>,  <24.806126, 34.549019, 34.724594>, 0.100000
	pigment { color rgbt <1,0,0,0> }
	no_shadow
}

// particle -1
sphere {
	<24.758104, 34.887135, 34.516338> 0.100000
	pigment { color rgbt <1,0,0,0> }
	no_shadow
}
sphere {
	0, 1
	scale<0.080000,0.200000,0.300000>
	matrix <0.981214, 0.021255, -0.191750,
		-0.151019, -0.533879, -0.831966,
		-0.120055, 0.845294, -0.520639,
		24.722088, 35.140724, 34.360146>
	pigment { color rgbt <0,1,1,0> }
	no_shadow
}
cylinder {
	<25.035856, 34.432762, 33.981495>,  <24.806126, 34.549019, 34.724594>, 0.130000
	pigment { color rgbt <1,0,0,0> }
	no_shadow
}

// nucleotide -1

// particle -1
sphere {
	<25.035856, 34.432762, 33.981495> 0.250000
	pigment { color rgbt <1,0,0,0> }
	no_shadow
}
cylinder {
	<25.084442, 34.824993, 34.043083>,  <25.113594, 35.060333, 34.080036>, 0.100000
	pigment { color rgbt <1,0,0,0> }
	no_shadow
}
cylinder {
	<25.084442, 34.824993, 34.043083>,  <25.035856, 34.432762, 33.981495>, 0.100000
	pigment { color rgbt <1,0,0,0> }
	no_shadow
}

// particle -1
sphere {
	<25.084442, 34.824993, 34.043083> 0.100000
	pigment { color rgbt <1,0,0,0> }
	no_shadow
}
sphere {
	0, 1
	scale<0.080000,0.200000,0.300000>
	matrix <0.834717, -0.016970, -0.550418,
		-0.537117, 0.195379, -0.820569,
		0.121465, 0.980581, 0.153971,
		25.120882, 35.119167, 34.089275>
	pigment { color rgbt <0,1,1,0> }
	no_shadow
}
cylinder {
	<25.449537, 34.855904, 33.429749>,  <25.035856, 34.432762, 33.981495>, 0.130000
	pigment { color rgbt <1,0,0,0> }
	no_shadow
}

// nucleotide -1

// particle -1
sphere {
	<25.449537, 34.855904, 33.429749> 0.250000
	pigment { color rgbt <1,0,0,0> }
	no_shadow
}
cylinder {
	<25.514032, 35.099525, 33.740376>,  <25.552729, 35.245701, 33.926750>, 0.100000
	pigment { color rgbt <1,0,0,0> }
	no_shadow
}
cylinder {
	<25.514032, 35.099525, 33.740376>,  <25.449537, 34.855904, 33.429749>, 0.100000
	pigment { color rgbt <1,0,0,0> }
	no_shadow
}

// particle -1
sphere {
	<25.514032, 35.099525, 33.740376> 0.100000
	pigment { color rgbt <1,0,0,0> }
	no_shadow
}
sphere {
	0, 1
	scale<0.080000,0.200000,0.300000>
	matrix <0.851373, 0.312142, -0.421583,
		-0.499167, 0.729120, -0.468206,
		0.161238, 0.609058, 0.776563,
		25.562405, 35.282242, 33.973343>
	pigment { color rgbt <0,1,1,0> }
	no_shadow
}
cylinder {
	<25.737822, 34.120705, 33.406467>,  <25.449537, 34.855904, 33.429749>, 0.130000
	pigment { color rgbt <1,0,0,0> }
	no_shadow
}

// nucleotide -1

// particle -1
sphere {
	<25.737822, 34.120705, 33.406467> 0.250000
	pigment { color rgbt <1,0,0,0> }
	no_shadow
}
cylinder {
	<25.991079, 34.025421, 33.701054>,  <26.143034, 33.968250, 33.877808>, 0.100000
	pigment { color rgbt <1,0,0,0> }
	no_shadow
}
cylinder {
	<25.991079, 34.025421, 33.701054>,  <25.737822, 34.120705, 33.406467>, 0.100000
	pigment { color rgbt <1,0,0,0> }
	no_shadow
}

// particle -1
sphere {
	<25.991079, 34.025421, 33.701054> 0.100000
	pigment { color rgbt <1,0,0,0> }
	no_shadow
}
sphere {
	0, 1
	scale<0.080000,0.200000,0.300000>
	matrix <0.725149, -0.150225, -0.672005,
		0.270713, 0.959526, 0.077622,
		0.633146, -0.238208, 0.736467,
		26.181023, 33.953960, 33.921993>
	pigment { color rgbt <0,1,1,0> }
	no_shadow
}
cylinder {
	<26.353516, 34.437729, 33.248726>,  <25.737822, 34.120705, 33.406467>, 0.130000
	pigment { color rgbt <1,0,0,0> }
	no_shadow
}

// nucleotide -1

// particle -1
sphere {
	<26.353516, 34.437729, 33.248726> 0.250000
	pigment { color rgbt <1,0,0,0> }
	no_shadow
}
cylinder {
	<26.462473, 34.133499, 33.484463>,  <26.527847, 33.950962, 33.625904>, 0.100000
	pigment { color rgbt <1,0,0,0> }
	no_shadow
}
cylinder {
	<26.462473, 34.133499, 33.484463>,  <26.353516, 34.437729, 33.248726>, 0.100000
	pigment { color rgbt <1,0,0,0> }
	no_shadow
}

// particle -1
sphere {
	<26.462473, 34.133499, 33.484463> 0.100000
	pigment { color rgbt <1,0,0,0> }
	no_shadow
}
sphere {
	0, 1
	scale<0.080000,0.200000,0.300000>
	matrix <0.729550, -0.236093, -0.641885,
		0.627342, 0.604801, 0.490568,
		0.272393, -0.760576, 0.589344,
		26.544191, 33.905327, 33.661266>
	pigment { color rgbt <0,1,1,0> }
	no_shadow
}
cylinder {
	<26.995335, 34.554234, 33.613003>,  <26.353516, 34.437729, 33.248726>, 0.130000
	pigment { color rgbt <1,0,0,0> }
	no_shadow
}

// nucleotide -1

// particle -1
sphere {
	<26.995335, 34.554234, 33.613003> 0.250000
	pigment { color rgbt <1,0,0,0> }
	no_shadow
}
cylinder {
	<26.947395, 34.169987, 33.512722>,  <26.918633, 33.939438, 33.452553>, 0.100000
	pigment { color rgbt <1,0,0,0> }
	no_shadow
}
cylinder {
	<26.947395, 34.169987, 33.512722>,  <26.995335, 34.554234, 33.613003>, 0.100000
	pigment { color rgbt <1,0,0,0> }
	no_shadow
}

// particle -1
sphere {
	<26.947395, 34.169987, 33.512722> 0.100000
	pigment { color rgbt <1,0,0,0> }
	no_shadow
}
sphere {
	0, 1
	scale<0.080000,0.200000,0.300000>
	matrix <0.866695, 0.021930, -0.498356,
		0.484227, -0.277007, 0.829934,
		-0.119847, -0.960618, -0.250700,
		26.911442, 33.881802, 33.437511>
	pigment { color rgbt <0,1,1,0> }
	no_shadow
}
cylinder {
	<27.643356, 34.346916, 33.674686>,  <26.995335, 34.554234, 33.613003>, 0.130000
	pigment { color rgbt <1,0,0,0> }
	no_shadow
}

// nucleotide -1

// particle -1
sphere {
	<27.643356, 34.346916, 33.674686> 0.250000
	pigment { color rgbt <1,0,0,0> }
	no_shadow
}
cylinder {
	<27.468830, 34.057228, 33.461094>,  <27.364115, 33.883415, 33.332939>, 0.100000
	pigment { color rgbt <1,0,0,0> }
	no_shadow
}
cylinder {
	<27.468830, 34.057228, 33.461094>,  <27.643356, 34.346916, 33.674686>, 0.100000
	pigment { color rgbt <1,0,0,0> }
	no_shadow
}

// particle -1
sphere {
	<27.468830, 34.057228, 33.461094> 0.100000
	pigment { color rgbt <1,0,0,0> }
	no_shadow
}
sphere {
	0, 1
	scale<0.080000,0.200000,0.300000>
	matrix <0.800933, -0.042150, -0.597269,
		0.410045, -0.688282, 0.598441,
		-0.436314, -0.724218, -0.533984,
		27.337936, 33.839962, 33.300900>
	pigment { color rgbt <0,1,1,0> }
	no_shadow
}
cylinder {
	<28.173508, 33.851097, 33.594780>,  <27.643356, 34.346916, 33.674686>, 0.130000
	pigment { color rgbt <1,0,0,0> }
	no_shadow
}

// nucleotide -1

// particle -1
sphere {
	<28.173508, 33.851097, 33.594780> 0.250000
	pigment { color rgbt <1,0,0,0> }
	no_shadow
}
cylinder {
	<27.910795, 33.792366, 33.298920>,  <27.753168, 33.757126, 33.121403>, 0.100000
	pigment { color rgbt <1,0,0,0> }
	no_shadow
}
cylinder {
	<27.910795, 33.792366, 33.298920>,  <28.173508, 33.851097, 33.594780>, 0.100000
	pigment { color rgbt <1,0,0,0> }
	no_shadow
}

// particle -1
sphere {
	<27.910795, 33.792366, 33.298920> 0.100000
	pigment { color rgbt <1,0,0,0> }
	no_shadow
}
sphere {
	0, 1
	scale<0.080000,0.200000,0.300000>
	matrix <0.753664, -0.095125, -0.650340,
		0.025130, -0.984577, 0.173136,
		-0.656779, -0.146830, -0.739650,
		27.713762, 33.748318, 33.077026>
	pigment { color rgbt <0,1,1,0> }
	no_shadow
}
cylinder {
	<28.383444, 33.243984, 33.139000>,  <28.173508, 33.851097, 33.594780>, 0.130000
	pigment { color rgbt <1,0,0,0> }
	no_shadow
}

// nucleotide -1

// particle -1
sphere {
	<28.383444, 33.243984, 33.139000> 0.250000
	pigment { color rgbt <1,0,0,0> }
	no_shadow
}
cylinder {
	<28.156981, 33.466946, 32.896095>,  <28.021103, 33.600723, 32.750351>, 0.100000
	pigment { color rgbt <1,0,0,0> }
	no_shadow
}
cylinder {
	<28.156981, 33.466946, 32.896095>,  <28.383444, 33.243984, 33.139000>, 0.100000
	pigment { color rgbt <1,0,0,0> }
	no_shadow
}

// particle -1
sphere {
	<28.156981, 33.466946, 32.896095> 0.100000
	pigment { color rgbt <1,0,0,0> }
	no_shadow
}
sphere {
	0, 1
	scale<0.080000,0.200000,0.300000>
	matrix <0.653446, -0.145580, -0.742842,
		-0.502468, -0.817379, -0.281812,
		-0.566157, 0.557403, -0.607262,
		27.987133, 33.634167, 32.713917>
	pigment { color rgbt <0,1,1,0> }
	no_shadow
}
cylinder {
	<28.475588, 32.972607, 32.601788>,  <28.383444, 33.243984, 33.139000>, 0.130000
	pigment { color rgbt <1,0,0,0> }
	no_shadow
}

// nucleotide -1

// particle -1
sphere {
	<28.475588, 32.972607, 32.601788> 0.250000
	pigment { color rgbt <1,0,0,0> }
	no_shadow
}
cylinder {
	<28.353136, 33.330868, 32.472736>,  <28.279665, 33.545826, 32.395306>, 0.100000
	pigment { color rgbt <1,0,0,0> }
	no_shadow
}
cylinder {
	<28.353136, 33.330868, 32.472736>,  <28.475588, 32.972607, 32.601788>, 0.100000
	pigment { color rgbt <1,0,0,0> }
	no_shadow
}

// particle -1
sphere {
	<28.353136, 33.330868, 32.472736> 0.100000
	pigment { color rgbt <1,0,0,0> }
	no_shadow
}
sphere {
	0, 1
	scale<0.080000,0.200000,0.300000>
	matrix <0.784636, 0.045467, -0.618287,
		-0.539101, -0.442425, -0.716680,
		-0.306131, 0.895652, -0.322631,
		28.261297, 33.599564, 32.375946>
	pigment { color rgbt <0,1,1,0> }
	no_shadow
}
cylinder {
	<28.735418, 33.029148, 31.886105>,  <28.475588, 32.972607, 32.601788>, 0.130000
	pigment { color rgbt <1,0,0,0> }
	no_shadow
}

// nucleotide -1

// particle -1
sphere {
	<28.735418, 33.029148, 31.886105> 0.250000
	pigment { color rgbt <1,0,0,0> }
	no_shadow
}
cylinder {
	<28.620829, 33.411987, 31.903528>,  <28.552074, 33.641689, 31.913982>, 0.100000
	pigment { color rgbt <1,0,0,0> }
	no_shadow
}
cylinder {
	<28.620829, 33.411987, 31.903528>,  <28.735418, 33.029148, 31.886105>, 0.100000
	pigment { color rgbt <1,0,0,0> }
	no_shadow
}

// particle -1
sphere {
	<28.620829, 33.411987, 31.903528> 0.100000
	pigment { color rgbt <1,0,0,0> }
	no_shadow
}
sphere {
	0, 1
	scale<0.080000,0.200000,0.300000>
	matrix <0.606549, 0.216365, -0.765039,
		-0.741641, -0.192743, -0.642509,
		-0.286472, 0.957098, 0.043557,
		28.534887, 33.699116, 31.916595>
	pigment { color rgbt <0,1,1,0> }
	no_shadow
}
cylinder {
	<28.535469, 33.181713, 31.221642>,  <28.735418, 33.029148, 31.886105>, 0.130000
	pigment { color rgbt <1,0,0,0> }
	no_shadow
}

// nucleotide -1

// particle -1
sphere {
	<28.535469, 33.181713, 31.221642> 0.250000
	pigment { color rgbt <1,0,0,0> }
	no_shadow
}
cylinder {
	<28.631840, 33.516872, 31.417549>,  <28.689661, 33.717968, 31.535093>, 0.100000
	pigment { color rgbt <1,0,0,0> }
	no_shadow
}
cylinder {
	<28.631840, 33.516872, 31.417549>,  <28.535469, 33.181713, 31.221642>, 0.100000
	pigment { color rgbt <1,0,0,0> }
	no_shadow
}

// particle -1
sphere {
	<28.631840, 33.516872, 31.417549> 0.100000
	pigment { color rgbt <1,0,0,0> }
	no_shadow
}
sphere {
	0, 1
	scale<0.080000,0.200000,0.300000>
	matrix <0.700381, 0.199244, -0.685397,
		-0.671879, 0.508155, -0.538848,
		0.240926, 0.837902, 0.489770,
		28.704117, 33.768242, 31.564480>
	pigment { color rgbt <0,1,1,0> }
	no_shadow
}
cylinder {
	<28.435316, 33.679897, 30.790796>,  <28.535469, 33.181713, 31.221642>, 0.130000
	pigment { color rgbt <1,0,0,0> }
	no_shadow
}

// nucleotide -1

// particle -1
sphere {
	<28.435316, 33.679897, 30.790796> 0.250000
	pigment { color rgbt <1,0,0,0> }
	no_shadow
}
cylinder {
	<28.697750, 33.828053, 31.053816>,  <28.855209, 33.916946, 31.211628>, 0.100000
	pigment { color rgbt <1,0,0,0> }
	no_shadow
}
cylinder {
	<28.697750, 33.828053, 31.053816>,  <28.435316, 33.679897, 30.790796>, 0.100000
	pigment { color rgbt <1,0,0,0> }
	no_shadow
}

// particle -1
sphere {
	<28.697750, 33.828053, 31.053816> 0.100000
	pigment { color rgbt <1,0,0,0> }
	no_shadow
}
sphere {
	0, 1
	scale<0.080000,0.200000,0.300000>
	matrix <0.617336, 0.237787, -0.749902,
		-0.434110, 0.897926, -0.072644,
		0.656083, 0.370386, 0.657548,
		28.894575, 33.939167, 31.251080>
	pigment { color rgbt <0,1,1,0> }
	no_shadow
}
cylinder {
	<28.637821, 34.333305, 30.529207>,  <28.435316, 33.679897, 30.790796>, 0.130000
	pigment { color rgbt <1,0,0,0> }
	no_shadow
}

// nucleotide -1

// particle -1
sphere {
	<28.637821, 34.333305, 30.529207> 0.250000
	pigment { color rgbt <1,0,0,0> }
	no_shadow
}
cylinder {
	<28.942137, 34.225479, 30.765356>,  <29.124725, 34.160782, 30.907045>, 0.100000
	pigment { color rgbt <1,0,0,0> }
	no_shadow
}
cylinder {
	<28.942137, 34.225479, 30.765356>,  <28.637821, 34.333305, 30.529207>, 0.100000
	pigment { color rgbt <1,0,0,0> }
	no_shadow
}

// particle -1
sphere {
	<28.942137, 34.225479, 30.765356> 0.100000
	pigment { color rgbt <1,0,0,0> }
	no_shadow
}
sphere {
	0, 1
	scale<0.080000,0.200000,0.300000>
	matrix <0.648692, 0.287750, -0.704555,
		0.020044, 0.918986, 0.393781,
		0.760787, -0.269565, 0.590371,
		29.170372, 34.144611, 30.942467>
	pigment { color rgbt <0,1,1,0> }
	no_shadow
}
cylinder {
	<29.033907, 34.806728, 30.333630>,  <28.637821, 34.333305, 30.529207>, 0.130000
	pigment { color rgbt <1,0,0,0> }
	no_shadow
}

// nucleotide -1

// particle -1
sphere {
	<29.033907, 34.806728, 30.333630> 0.250000
	pigment { color rgbt <1,0,0,0> }
	no_shadow
}
cylinder {
	<29.262594, 34.572475, 30.563471>,  <29.399807, 34.431923, 30.701376>, 0.100000
	pigment { color rgbt <1,0,0,0> }
	no_shadow
}
cylinder {
	<29.262594, 34.572475, 30.563471>,  <29.033907, 34.806728, 30.333630>, 0.100000
	pigment { color rgbt <1,0,0,0> }
	no_shadow
}

// particle -1
sphere {
	<29.262594, 34.572475, 30.563471> 0.100000
	pigment { color rgbt <1,0,0,0> }
	no_shadow
}
sphere {
	0, 1
	scale<0.080000,0.200000,0.300000>
	matrix <0.696239, -0.024196, -0.717402,
		0.434040, 0.810213, 0.393910,
		0.571717, -0.585636, 0.574604,
		29.434109, 34.396786, 30.735851>
	pigment { color rgbt <0,1,1,0> }
	no_shadow
}
cylinder {
	<29.742414, 35.005463, 30.279852>,  <29.033907, 34.806728, 30.333630>, 0.130000
	pigment { color rgbt <1,0,0,0> }
	no_shadow
}

// nucleotide -1

// particle -1
sphere {
	<29.742414, 35.005463, 30.279852> 0.250000
	pigment { color rgbt <1,0,0,0> }
	no_shadow
}
cylinder {
	<29.774515, 34.622551, 30.390976>,  <29.793776, 34.392803, 30.457651>, 0.100000
	pigment { color rgbt <1,0,0,0> }
	no_shadow
}
cylinder {
	<29.774515, 34.622551, 30.390976>,  <29.742414, 35.005463, 30.279852>, 0.100000
	pigment { color rgbt <1,0,0,0> }
	no_shadow
}

// particle -1
sphere {
	<29.774515, 34.622551, 30.390976> 0.100000
	pigment { color rgbt <1,0,0,0> }
	no_shadow
}
sphere {
	0, 1
	scale<0.080000,0.200000,0.300000>
	matrix <0.730583, -0.133111, -0.669724,
		0.678091, 0.256711, 0.688689,
		0.080254, -0.957278, 0.277810,
		29.798592, 34.335369, 30.474319>
	pigment { color rgbt <0,1,1,0> }
	no_shadow
}
cylinder {
	<30.494377, 34.892673, 30.315121>,  <29.742414, 35.005463, 30.279852>, 0.130000
	pigment { color rgbt <1,0,0,0> }
	no_shadow
}

// nucleotide -1

// particle -1
sphere {
	<30.494377, 34.892673, 30.315121> 0.250000
	pigment { color rgbt <1,0,0,0> }
	no_shadow
}
cylinder {
	<30.336128, 34.526493, 30.285660>,  <30.241179, 34.306786, 30.267982>, 0.100000
	pigment { color rgbt <1,0,0,0> }
	no_shadow
}
cylinder {
	<30.336128, 34.526493, 30.285660>,  <30.494377, 34.892673, 30.315121>, 0.100000
	pigment { color rgbt <1,0,0,0> }
	no_shadow
}

// particle -1
sphere {
	<30.336128, 34.526493, 30.285660> 0.100000
	pigment { color rgbt <1,0,0,0> }
	no_shadow
}
sphere {
	0, 1
	scale<0.080000,0.200000,0.300000>
	matrix <0.776607, -0.290650, -0.558932,
		0.490270, -0.278325, 0.825936,
		-0.395623, -0.915455, -0.073652,
		30.217442, 34.251858, 30.263563>
	pigment { color rgbt <0,1,1,0> }
	no_shadow
}
cylinder {
	<31.025579, 34.388168, 30.437031>,  <30.494377, 34.892673, 30.315121>, 0.130000
	pigment { color rgbt <1,0,0,0> }
	no_shadow
}

// nucleotide -1

// particle -1
sphere {
	<31.025579, 34.388168, 30.437031> 0.250000
	pigment { color rgbt <1,0,0,0> }
	no_shadow
}
cylinder {
	<30.770054, 34.173393, 30.216625>,  <30.616739, 34.044529, 30.084381>, 0.100000
	pigment { color rgbt <1,0,0,0> }
	no_shadow
}
cylinder {
	<30.770054, 34.173393, 30.216625>,  <31.025579, 34.388168, 30.437031>, 0.100000
	pigment { color rgbt <1,0,0,0> }
	no_shadow
}

// particle -1
sphere {
	<30.770054, 34.173393, 30.216625> 0.100000
	pigment { color rgbt <1,0,0,0> }
	no_shadow
}
sphere {
	0, 1
	scale<0.080000,0.200000,0.300000>
	matrix <0.769181, -0.430135, -0.472594,
		0.016741, -0.725729, 0.687777,
		-0.638812, -0.536936, -0.551016,
		30.578411, 34.012314, 30.051321>
	pigment { color rgbt <0,1,1,0> }
	no_shadow
}
cylinder {
	<31.314865, 33.770046, 30.463297>,  <31.025579, 34.388168, 30.437031>, 0.130000
	pigment { color rgbt <1,0,0,0> }
	no_shadow
}

// nucleotide -1

// particle -1
sphere {
	<31.314865, 33.770046, 30.463297> 0.250000
	pigment { color rgbt <1,0,0,0> }
	no_shadow
}
cylinder {
	<31.062473, 33.801243, 30.154549>,  <30.911039, 33.819962, 29.969299>, 0.100000
	pigment { color rgbt <1,0,0,0> }
	no_shadow
}
cylinder {
	<31.062473, 33.801243, 30.154549>,  <31.314865, 33.770046, 30.463297>, 0.100000
	pigment { color rgbt <1,0,0,0> }
	no_shadow
}

// particle -1
sphere {
	<31.062473, 33.801243, 30.154549> 0.100000
	pigment { color rgbt <1,0,0,0> }
	no_shadow
}
sphere {
	0, 1
	scale<0.080000,0.200000,0.300000>
	matrix <0.711122, -0.339566, -0.615630,
		-0.310113, -0.937344, 0.158799,
		-0.630979, 0.077989, -0.771869,
		30.873180, 33.824642, 29.922987>
	pigment { color rgbt <0,1,1,0> }
	no_shadow
}
cylinder {
	<31.572306, 33.257713, 30.088327>,  <31.314865, 33.770046, 30.463297>, 0.130000
	pigment { color rgbt <1,0,0,0> }
	no_shadow
}

// nucleotide -1

// particle -1
sphere {
	<31.572306, 33.257713, 30.088327> 0.250000
	pigment { color rgbt <1,0,0,0> }
	no_shadow
}
cylinder {
	<31.337561, 33.436890, 29.818529>,  <31.196714, 33.544395, 29.656651>, 0.100000
	pigment { color rgbt <1,0,0,0> }
	no_shadow
}
cylinder {
	<31.337561, 33.436890, 29.818529>,  <31.572306, 33.257713, 30.088327>, 0.100000
	pigment { color rgbt <1,0,0,0> }
	no_shadow
}

// particle -1
sphere {
	<31.337561, 33.436890, 29.818529> 0.100000
	pigment { color rgbt <1,0,0,0> }
	no_shadow
}
sphere {
	0, 1
	scale<0.080000,0.200000,0.300000>
	matrix <0.587419, -0.337779, -0.735421,
		-0.557254, -0.827802, -0.064898,
		-0.586861, 0.447939, -0.674495,
		31.161503, 33.571270, 29.616180>
	pigment { color rgbt <0,1,1,0> }
	no_shadow
}
cylinder {
	<31.439278, 32.788239, 29.517700>,  <31.572306, 33.257713, 30.088327>, 0.130000
	pigment { color rgbt <1,0,0,0> }
	no_shadow
}

// nucleotide -1

// particle -1
sphere {
	<31.439278, 32.788239, 29.517700> 0.250000
	pigment { color rgbt <1,0,0,0> }
	no_shadow
}
cylinder {
	<31.376598, 33.137642, 29.333342>,  <31.338991, 33.347286, 29.222727>, 0.100000
	pigment { color rgbt <1,0,0,0> }
	no_shadow
}
cylinder {
	<31.376598, 33.137642, 29.333342>,  <31.439278, 32.788239, 29.517700>, 0.100000
	pigment { color rgbt <1,0,0,0> }
	no_shadow
}

// particle -1
sphere {
	<31.376598, 33.137642, 29.333342> 0.100000
	pigment { color rgbt <1,0,0,0> }
	no_shadow
}
sphere {
	0, 1
	scale<0.080000,0.200000,0.300000>
	matrix <0.490269, -0.336308, -0.804072,
		-0.857369, -0.351958, -0.375557,
		-0.156697, 0.873511, -0.460895,
		31.329590, 33.399696, 29.195072>
	pigment { color rgbt <0,1,1,0> }
	no_shadow
}
cylinder {
	<31.104485, 32.702892, 28.826933>,  <31.439278, 32.788239, 29.517700>, 0.130000
	pigment { color rgbt <1,0,0,0> }
	no_shadow
}

// nucleotide -1

// particle -1
sphere {
	<31.104485, 32.702892, 28.826933> 0.250000
	pigment { color rgbt <1,0,0,0> }
	no_shadow
}
cylinder {
	<31.283875, 33.059063, 28.795931>,  <31.391508, 33.272766, 28.777328>, 0.100000
	pigment { color rgbt <1,0,0,0> }
	no_shadow
}
cylinder {
	<31.283875, 33.059063, 28.795931>,  <31.104485, 32.702892, 28.826933>, 0.100000
	pigment { color rgbt <1,0,0,0> }
	no_shadow
}

// particle -1
sphere {
	<31.283875, 33.059063, 28.795931> 0.100000
	pigment { color rgbt <1,0,0,0> }
	no_shadow
}
sphere {
	0, 1
	scale<0.080000,0.200000,0.300000>
	matrix <0.377295, -0.267211, -0.886706,
		-0.810259, 0.368422, -0.455791,
		0.448474, 0.890429, -0.077506,
		31.418417, 33.326191, 28.772678>
	pigment { color rgbt <0,1,1,0> }
	no_shadow
}
cylinder {
	<30.825577, 33.066677, 28.178335>,  <31.104485, 32.702892, 28.826933>, 0.130000
	pigment { color rgbt <1,0,0,0> }
	no_shadow
}

// nucleotide -1

// particle -1
sphere {
	<30.825577, 33.066677, 28.178335> 0.250000
	pigment { color rgbt <1,0,0,0> }
	no_shadow
}
cylinder {
	<31.188860, 33.200195, 28.279322>,  <31.406830, 33.280304, 28.339912>, 0.100000
	pigment { color rgbt <1,0,0,0> }
	no_shadow
}
cylinder {
	<31.188860, 33.200195, 28.279322>,  <30.825577, 33.066677, 28.178335>, 0.100000
	pigment { color rgbt <1,0,0,0> }
	no_shadow
}

// particle -1
sphere {
	<31.188860, 33.200195, 28.279322> 0.100000
	pigment { color rgbt <1,0,0,0> }
	no_shadow
}
sphere {
	0, 1
	scale<0.080000,0.200000,0.300000>
	matrix <0.310413, -0.132640, -0.941302,
		-0.280713, 0.933268, -0.224079,
		0.908209, 0.333793, 0.252465,
		31.461323, 33.300335, 28.355061>
	pigment { color rgbt <0,1,1,0> }
	no_shadow
}
cylinder {
	<31.010471, 33.746613, 27.756538>,  <30.825577, 33.066677, 28.178335>, 0.130000
	pigment { color rgbt <1,0,0,0> }
	no_shadow
}

// nucleotide -1

// particle -1
sphere {
	<31.010471, 33.746613, 27.756538> 0.250000
	pigment { color rgbt <1,0,0,0> }
	no_shadow
}
cylinder {
	<31.307087, 33.508289, 27.879915>,  <31.485056, 33.365295, 27.953941>, 0.100000
	pigment { color rgbt <1,0,0,0> }
	no_shadow
}
cylinder {
	<31.307087, 33.508289, 27.879915>,  <31.010471, 33.746613, 27.756538>, 0.100000
	pigment { color rgbt <1,0,0,0> }
	no_shadow
}

// particle -1
sphere {
	<31.307087, 33.508289, 27.879915> 0.100000
	pigment { color rgbt <1,0,0,0> }
	no_shadow
}
sphere {
	0, 1
	scale<0.080000,0.200000,0.300000>
	matrix <0.260002, -0.168610, -0.950773,
		0.618481, 0.785232, 0.029879,
		0.741539, -0.595804, 0.308444,
		31.529549, 33.329548, 27.972448>
	pigment { color rgbt <0,1,1,0> }
	no_shadow
}
cylinder {
	<31.491718, 33.882923, 27.318085>,  <31.010471, 33.746613, 27.756538>, 0.130000
	pigment { color rgbt <1,0,0,0> }
	no_shadow
}

// nucleotide -1

// particle -1
sphere {
	<31.491718, 33.882923, 27.318085> 0.250000
	pigment { color rgbt <1,0,0,0> }
	no_shadow
}
cylinder {
	<31.554281, 33.523769, 27.482691>,  <31.591820, 33.308277, 27.581453>, 0.100000
	pigment { color rgbt <1,0,0,0> }
	no_shadow
}
cylinder {
	<31.554281, 33.523769, 27.482691>,  <31.491718, 33.882923, 27.318085>, 0.100000
	pigment { color rgbt <1,0,0,0> }
	no_shadow
}

// particle -1
sphere {
	<31.554281, 33.523769, 27.482691> 0.100000
	pigment { color rgbt <1,0,0,0> }
	no_shadow
}
sphere {
	0, 1
	scale<0.080000,0.200000,0.300000>
	matrix <0.205954, -0.377834, -0.902676,
		0.965981, 0.225938, 0.125826,
		0.156408, -0.897883, 0.411514,
		31.601204, 33.254406, 27.606144>
	pigment { color rgbt <0,1,1,0> }
	no_shadow
}
cylinder {
	<32.227703, 33.620510, 27.304157>,  <31.491718, 33.882923, 27.318085>, 0.130000
	pigment { color rgbt <1,0,0,0> }
	no_shadow
}

// nucleotide -1

// particle -1
sphere {
	<32.227703, 33.620510, 27.304157> 0.250000
	pigment { color rgbt <1,0,0,0> }
	no_shadow
}
cylinder {
	<31.953604, 33.331432, 27.268045>,  <31.789145, 33.157986, 27.246378>, 0.100000
	pigment { color rgbt <1,0,0,0> }
	no_shadow
}
cylinder {
	<31.953604, 33.331432, 27.268045>,  <32.227703, 33.620510, 27.304157>, 0.100000
	pigment { color rgbt <1,0,0,0> }
	no_shadow
}

// particle -1
sphere {
	<31.953604, 33.331432, 27.268045> 0.100000
	pigment { color rgbt <1,0,0,0> }
	no_shadow
}
sphere {
	0, 1
	scale<0.080000,0.200000,0.300000>
	matrix <0.349890, -0.217943, -0.911086,
		0.638762, -0.655906, 0.402208,
		-0.685245, -0.722695, -0.090281,
		31.748030, 33.114624, 27.240961>
	pigment { color rgbt <0,1,1,0> }
	no_shadow
}
cylinder {
	<32.477840, 32.929153, 27.159264>,  <32.227703, 33.620510, 27.304157>, 0.130000
	pigment { color rgbt <1,0,0,0> }
	no_shadow
}

// nucleotide -1

// particle -1
sphere {
	<32.477840, 32.929153, 27.159264> 0.250000
	pigment { color rgbt <1,0,0,0> }
	no_shadow
}
cylinder {
	<32.115009, 32.940197, 26.991241>,  <31.897310, 32.946823, 26.890429>, 0.100000
	pigment { color rgbt <1,0,0,0> }
	no_shadow
}
cylinder {
	<32.115009, 32.940197, 26.991241>,  <32.477840, 32.929153, 27.159264>, 0.100000
	pigment { color rgbt <1,0,0,0> }
	no_shadow
}

// particle -1
sphere {
	<32.115009, 32.940197, 26.991241> 0.100000
	pigment { color rgbt <1,0,0,0> }
	no_shadow
}
sphere {
	0, 1
	scale<0.080000,0.200000,0.300000>
	matrix <0.411870, -0.148030, -0.899138,
		-0.087000, -0.988597, 0.122906,
		-0.907080, 0.027604, -0.420052,
		31.842886, 32.948479, 26.865225>
	pigment { color rgbt <0,1,1,0> }
	no_shadow
}
cylinder {
	<32.473423, 32.321617, 26.741537>,  <32.477840, 32.929153, 27.159264>, 0.130000
	pigment { color rgbt <1,0,0,0> }
	no_shadow
}

// nucleotide -1

// particle -1
sphere {
	<32.473423, 32.321617, 26.741537> 0.250000
	pigment { color rgbt <1,0,0,0> }
	no_shadow
}
cylinder {
	<32.222183, 32.609028, 26.622059>,  <32.071442, 32.781475, 26.550371>, 0.100000
	pigment { color rgbt <1,0,0,0> }
	no_shadow
}
cylinder {
	<32.222183, 32.609028, 26.622059>,  <32.473423, 32.321617, 26.741537>, 0.100000
	pigment { color rgbt <1,0,0,0> }
	no_shadow
}

// particle -1
sphere {
	<32.222183, 32.609028, 26.622059> 0.100000
	pigment { color rgbt <1,0,0,0> }
	no_shadow
}
sphere {
	0, 1
	scale<0.080000,0.200000,0.300000>
	matrix <0.225774, -0.199069, -0.953623,
		-0.744662, -0.666405, -0.037190,
		-0.628096, 0.718524, -0.298696,
		32.033756, 32.824585, 26.532450>
	pigment { color rgbt <0,1,1,0> }
	no_shadow
}
cylinder {
	<32.025452, 32.092304, 26.177917>,  <32.473423, 32.321617, 26.741537>, 0.130000
	pigment { color rgbt <1,0,0,0> }
	no_shadow
}

// nucleotide -1

// particle -1
sphere {
	<32.025452, 32.092304, 26.177917> 0.250000
	pigment { color rgbt <1,0,0,0> }
	no_shadow
}
cylinder {
	<32.057323, 32.489437, 26.142277>,  <32.076447, 32.727715, 26.120892>, 0.100000
	pigment { color rgbt <1,0,0,0> }
	no_shadow
}
cylinder {
	<32.057323, 32.489437, 26.142277>,  <32.025452, 32.092304, 26.177917>, 0.100000
	pigment { color rgbt <1,0,0,0> }
	no_shadow
}

// particle -1
sphere {
	<32.057323, 32.489437, 26.142277> 0.100000
	pigment { color rgbt <1,0,0,0> }
	no_shadow
}
sphere {
	0, 1
	scale<0.080000,0.200000,0.300000>
	matrix <0.116579, -0.098053, -0.988329,
		-0.989980, 0.068361, -0.123556,
		0.079678, 0.992831, -0.089101,
		32.081226, 32.787285, 26.115547>
	pigment { color rgbt <0,1,1,0> }
	no_shadow
}
cylinder {
	<31.471403, 32.309250, 25.858210>,  <32.025452, 32.092304, 26.177917>, 0.130000
	pigment { color rgbt <1,0,0,0> }
	no_shadow
}

// nucleotide -1

// particle -1
sphere {
	<31.471403, 32.309250, 25.858210> 0.250000
	pigment { color rgbt <1,0,0,0> }
	no_shadow
}
cylinder {
	<31.753248, 32.585815, 25.794378>,  <31.922356, 32.751755, 25.756081>, 0.100000
	pigment { color rgbt <1,0,0,0> }
	no_shadow
}
cylinder {
	<31.753248, 32.585815, 25.794378>,  <31.471403, 32.309250, 25.858210>, 0.100000
	pigment { color rgbt <1,0,0,0> }
	no_shadow
}

// particle -1
sphere {
	<31.753248, 32.585815, 25.794378> 0.100000
	pigment { color rgbt <1,0,0,0> }
	no_shadow
}
sphere {
	0, 1
	scale<0.080000,0.200000,0.300000>
	matrix <-0.056452, -0.169552, -0.983903,
		-0.707343, 0.702279, -0.080436,
		0.704613, 0.691416, -0.159577,
		31.964632, 32.793240, 25.746506>
	pigment { color rgbt <0,1,1,0> }
	no_shadow
}
cylinder {
	<31.085470, 32.829754, 25.493792>,  <31.471403, 32.309250, 25.858210>, 0.130000
	pigment { color rgbt <1,0,0,0> }
	no_shadow
}

// nucleotide -1

// particle -1
sphere {
	<31.085470, 32.829754, 25.493792> 0.250000
	pigment { color rgbt <1,0,0,0> }
	no_shadow
}
cylinder {
	<31.106203, 32.487076, 25.288507>,  <31.118643, 32.281467, 25.165337>, 0.100000
	pigment { color rgbt <1,0,0,0> }
	no_shadow
}
cylinder {
	<31.106203, 32.487076, 25.288507>,  <31.085470, 32.829754, 25.493792>, 0.100000
	pigment { color rgbt <1,0,0,0> }
	no_shadow
}

// particle -1
sphere {
	<31.106203, 32.487076, 25.288507> 0.100000
	pigment { color rgbt <1,0,0,0> }
	no_shadow
}
sphere {
	0, 1
	scale<0.080000,0.200000,0.300000>
	matrix <-0.038703, -0.515240, 0.856172,
		-0.997906, -0.024515, -0.059864,
		0.051833, -0.856695, -0.513212,
		31.121754, 32.230068, 25.134544>
	pigment { color rgbt <0,1,1,0> }
	no_shadow
}
cylinder {
	<30.399910, 32.381222, 25.502014>,  <31.085470, 32.829754, 25.493792>, 0.130000
	pigment { color rgbt <1,0,0,0> }
	no_shadow
}

// nucleotide -1

// particle -1
sphere {
	<30.399910, 32.381222, 25.502014> 0.250000
	pigment { color rgbt <1,0,0,0> }
	no_shadow
}
cylinder {
	<30.733284, 32.161423, 25.478544>,  <30.933308, 32.029545, 25.464462>, 0.100000
	pigment { color rgbt <1,0,0,0> }
	no_shadow
}
cylinder {
	<30.733284, 32.161423, 25.478544>,  <30.399910, 32.381222, 25.502014>, 0.100000
	pigment { color rgbt <1,0,0,0> }
	no_shadow
}

// particle -1
sphere {
	<30.733284, 32.161423, 25.478544> 0.100000
	pigment { color rgbt <1,0,0,0> }
	no_shadow
}
sphere {
	0, 1
	scale<0.080000,0.200000,0.300000>
	matrix <-0.249801, -0.469317, 0.846960,
		-0.492938, -0.691228, -0.528409,
		0.833434, -0.549496, -0.058675,
		30.983315, 31.996574, 25.460941>
	pigment { color rgbt <0,1,1,0> }
	no_shadow
}
cylinder {
	<30.281544, 31.675776, 25.389357>,  <30.399910, 32.381222, 25.502014>, 0.130000
	pigment { color rgbt <1,0,0,0> }
	no_shadow
}

// nucleotide -1

// particle -1
sphere {
	<30.281544, 31.675776, 25.389357> 0.250000
	pigment { color rgbt <1,0,0,0> }
	no_shadow
}
cylinder {
	<30.619947, 31.738180, 25.593288>,  <30.822990, 31.775623, 25.715649>, 0.100000
	pigment { color rgbt <1,0,0,0> }
	no_shadow
}
cylinder {
	<30.619947, 31.738180, 25.593288>,  <30.281544, 31.675776, 25.389357>, 0.100000
	pigment { color rgbt <1,0,0,0> }
	no_shadow
}

// particle -1
sphere {
	<30.619947, 31.738180, 25.593288> 0.100000
	pigment { color rgbt <1,0,0,0> }
	no_shadow
}
sphere {
	0, 1
	scale<0.080000,0.200000,0.300000>
	matrix <-0.396650, -0.454818, 0.797376,
		0.356279, -0.876813, -0.322899,
		0.846011, 0.156011, 0.509831,
		30.873751, 31.784983, 25.746237>
	pigment { color rgbt <0,1,1,0> }
	no_shadow
}
cylinder {
	<30.580639, 31.006342, 25.689962>,  <30.281544, 31.675776, 25.389357>, 0.130000
	pigment { color rgbt <1,0,0,0> }
	no_shadow
}

// nucleotide -1

// particle -1
sphere {
	<30.580639, 31.006342, 25.689962> 0.250000
	pigment { color rgbt <1,0,0,0> }
	no_shadow
}
cylinder {
	<30.658976, 31.319136, 25.926655>,  <30.705976, 31.506811, 26.068670>, 0.100000
	pigment { color rgbt <1,0,0,0> }
	no_shadow
}
cylinder {
	<30.658976, 31.319136, 25.926655>,  <30.580639, 31.006342, 25.689962>, 0.100000
	pigment { color rgbt <1,0,0,0> }
	no_shadow
}

// particle -1
sphere {
	<30.658976, 31.319136, 25.926655> 0.100000
	pigment { color rgbt <1,0,0,0> }
	no_shadow
}
sphere {
	0, 1
	scale<0.080000,0.200000,0.300000>
	matrix <-0.396500, -0.488749, 0.777118,
		0.896902, -0.386813, 0.214340,
		0.195841, 0.781985, 0.591732,
		30.717728, 31.553732, 26.104174>
	pigment { color rgbt <0,1,1,0> }
	no_shadow
}
cylinder {
	<30.649532, 30.635954, 26.272928>,  <30.580639, 31.006342, 25.689962>, 0.130000
	pigment { color rgbt <1,0,0,0> }
	no_shadow
}

// nucleotide -1

// particle -1
sphere {
	<30.649532, 30.635954, 26.272928> 0.250000
	pigment { color rgbt <1,0,0,0> }
	no_shadow
}
cylinder {
	<30.593199, 31.018303, 26.376059>,  <30.559399, 31.247713, 26.437937>, 0.100000
	pigment { color rgbt <1,0,0,0> }
	no_shadow
}
cylinder {
	<30.593199, 31.018303, 26.376059>,  <30.649532, 30.635954, 26.272928>, 0.100000
	pigment { color rgbt <1,0,0,0> }
	no_shadow
}

// particle -1
sphere {
	<30.593199, 31.018303, 26.376059> 0.100000
	pigment { color rgbt <1,0,0,0> }
	no_shadow
}
sphere {
	0, 1
	scale<0.080000,0.200000,0.300000>
	matrix <-0.348755, -0.291626, 0.890687,
		0.926572, 0.035524, 0.374437,
		-0.140836, 0.955873, 0.257824,
		30.550947, 31.305065, 26.453405>
	pigment { color rgbt <0,1,1,0> }
	no_shadow
}
cylinder {
	<31.007723, 30.771624, 26.903969>,  <30.649532, 30.635954, 26.272928>, 0.130000
	pigment { color rgbt <1,0,0,0> }
	no_shadow
}

// nucleotide -1

// particle -1
sphere {
	<31.007723, 30.771624, 26.903969> 0.250000
	pigment { color rgbt <1,0,0,0> }
	no_shadow
}
cylinder {
	<30.728104, 31.056906, 26.924627>,  <30.560331, 31.228075, 26.937021>, 0.100000
	pigment { color rgbt <1,0,0,0> }
	no_shadow
}
cylinder {
	<30.728104, 31.056906, 26.924627>,  <31.007723, 30.771624, 26.903969>, 0.100000
	pigment { color rgbt <1,0,0,0> }
	no_shadow
}

// particle -1
sphere {
	<30.728104, 31.056906, 26.924627> 0.100000
	pigment { color rgbt <1,0,0,0> }
	no_shadow
}
sphere {
	0, 1
	scale<0.080000,0.200000,0.300000>
	matrix <-0.164842, -0.231004, 0.958887,
		0.695814, 0.661796, 0.279049,
		-0.699050, 0.713206, 0.051644,
		30.518389, 31.270868, 26.940121>
	pigment { color rgbt <0,1,1,0> }
	no_shadow
}
cylinder {
	<31.083639, 31.124546, 27.617327>,  <31.007723, 30.771624, 26.903969>, 0.130000
	pigment { color rgbt <1,0,0,0> }
	no_shadow
}

// nucleotide -1

// particle -1
sphere {
	<31.083639, 31.124546, 27.617327> 0.250000
	pigment { color rgbt <1,0,0,0> }
	no_shadow
}
cylinder {
	<30.716547, 31.200644, 27.477856>,  <30.496292, 31.246302, 27.394173>, 0.100000
	pigment { color rgbt <1,0,0,0> }
	no_shadow
}
cylinder {
	<30.716547, 31.200644, 27.477856>,  <31.083639, 31.124546, 27.617327>, 0.100000
	pigment { color rgbt <1,0,0,0> }
	no_shadow
}

// particle -1
sphere {
	<30.716547, 31.200644, 27.477856> 0.100000
	pigment { color rgbt <1,0,0,0> }
	no_shadow
}
sphere {
	0, 1
	scale<0.080000,0.200000,0.300000>
	matrix <-0.370220, -0.091690, 0.924408,
		0.143891, 0.977446, 0.154578,
		-0.917732, 0.190242, -0.348677,
		30.441227, 31.257715, 27.373253>
	pigment { color rgbt <0,1,1,0> }
	no_shadow
}
cylinder {
	<30.827036, 31.390934, 28.143785>,  <31.083639, 31.124546, 27.617327>, 0.130000
	pigment { color rgbt <1,0,0,0> }
	no_shadow
}

// nucleotide -1

// particle -1
sphere {
	<30.827036, 31.390934, 28.143785> 0.250000
	pigment { color rgbt <1,0,0,0> }
	no_shadow
}
cylinder {
	<30.498016, 31.297792, 27.936251>,  <30.300604, 31.241907, 27.811729>, 0.100000
	pigment { color rgbt <1,0,0,0> }
	no_shadow
}
cylinder {
	<30.498016, 31.297792, 27.936251>,  <30.827036, 31.390934, 28.143785>, 0.100000
	pigment { color rgbt <1,0,0,0> }
	no_shadow
}

// particle -1
sphere {
	<30.498016, 31.297792, 27.936251> 0.100000
	pigment { color rgbt <1,0,0,0> }
	no_shadow
}
sphere {
	0, 1
	scale<0.080000,0.200000,0.300000>
	matrix <-0.524865, -0.040385, 0.850227,
		-0.218930, 0.971673, -0.088997,
		-0.822548, -0.232852, -0.518839,
		30.251251, 31.227938, 27.780600>
	pigment { color rgbt <0,1,1,0> }
	no_shadow
}
cylinder {
	<30.253304, 31.821991, 28.395763>,  <30.827036, 31.390934, 28.143785>, 0.130000
	pigment { color rgbt <1,0,0,0> }
	no_shadow
}

// nucleotide -1

// particle -1
sphere {
	<30.253304, 31.821991, 28.395763> 0.250000
	pigment { color rgbt <1,0,0,0> }
	no_shadow
}
cylinder {
	<30.048296, 31.536993, 28.204065>,  <29.925291, 31.365993, 28.089046>, 0.100000
	pigment { color rgbt <1,0,0,0> }
	no_shadow
}
cylinder {
	<30.048296, 31.536993, 28.204065>,  <30.253304, 31.821991, 28.395763>, 0.100000
	pigment { color rgbt <1,0,0,0> }
	no_shadow
}

// particle -1
sphere {
	<30.048296, 31.536993, 28.204065> 0.100000
	pigment { color rgbt <1,0,0,0> }
	no_shadow
}
sphere {
	0, 1
	scale<0.080000,0.200000,0.300000>
	matrix <-0.703935, 0.029014, 0.709672,
		-0.491733, 0.701077, -0.516421,
		-0.512518, -0.712496, -0.479245,
		29.894541, 31.323244, 28.060291>
	pigment { color rgbt <0,1,1,0> }
	no_shadow
}
cylinder {
	<29.597351, 31.994783, 28.333389>,  <30.253304, 31.821991, 28.395763>, 0.130000
	pigment { color rgbt <1,0,0,0> }
	no_shadow
}

// nucleotide -1

// particle -1
sphere {
	<29.597351, 31.994783, 28.333389> 0.250000
	pigment { color rgbt <1,0,0,0> }
	no_shadow
}
cylinder {
	<29.574570, 31.598715, 28.282295>,  <29.560902, 31.361074, 28.251638>, 0.100000
	pigment { color rgbt <1,0,0,0> }
	no_shadow
}
cylinder {
	<29.574570, 31.598715, 28.282295>,  <29.597351, 31.994783, 28.333389>, 0.100000
	pigment { color rgbt <1,0,0,0> }
	no_shadow
}

// particle -1
sphere {
	<29.574570, 31.598715, 28.282295> 0.100000
	pigment { color rgbt <1,0,0,0> }
	no_shadow
}
sphere {
	0, 1
	scale<0.080000,0.200000,0.300000>
	matrix <-0.593489, -0.069305, 0.801852,
		-0.802824, 0.121477, -0.583709,
		-0.056953, -0.990172, -0.127735,
		29.557484, 31.301662, 28.243975>
	pigment { color rgbt <0,1,1,0> }
	no_shadow
}
cylinder {
	<28.945644, 31.843422, 28.373550>,  <29.597351, 31.994783, 28.333389>, 0.130000
	pigment { color rgbt <1,0,0,0> }
	no_shadow
}

// nucleotide -1

// particle -1
sphere {
	<28.945644, 31.843422, 28.373550> 0.250000
	pigment { color rgbt <1,0,0,0> }
	no_shadow
}
cylinder {
	<29.106316, 31.487595, 28.460562>,  <29.202719, 31.274097, 28.512768>, 0.100000
	pigment { color rgbt <1,0,0,0> }
	no_shadow
}
cylinder {
	<29.106316, 31.487595, 28.460562>,  <28.945644, 31.843422, 28.373550>, 0.100000
	pigment { color rgbt <1,0,0,0> }
	no_shadow
}

// particle -1
sphere {
	<29.106316, 31.487595, 28.460562> 0.100000
	pigment { color rgbt <1,0,0,0> }
	no_shadow
}
sphere {
	0, 1
	scale<0.080000,0.200000,0.300000>
	matrix <-0.558264, -0.049562, 0.828182,
		-0.725945, -0.454101, -0.516523,
		0.401679, -0.889570, 0.217529,
		29.226820, 31.220724, 28.525820>
	pigment { color rgbt <0,1,1,0> }
	no_shadow
}
cylinder {
	<28.393614, 31.358131, 28.565928>,  <28.945644, 31.843422, 28.373550>, 0.130000
	pigment { color rgbt <1,0,0,0> }
	no_shadow
}

// nucleotide -1

// particle -1
sphere {
	<28.393614, 31.358131, 28.565928> 0.250000
	pigment { color rgbt <1,0,0,0> }
	no_shadow
}
cylinder {
	<28.715921, 31.208941, 28.749937>,  <28.909306, 31.119425, 28.860342>, 0.100000
	pigment { color rgbt <1,0,0,0> }
	no_shadow
}
cylinder {
	<28.715921, 31.208941, 28.749937>,  <28.393614, 31.358131, 28.565928>, 0.100000
	pigment { color rgbt <1,0,0,0> }
	no_shadow
}

// particle -1
sphere {
	<28.715921, 31.208941, 28.749937> 0.100000
	pigment { color rgbt <1,0,0,0> }
	no_shadow
}
sphere {
	0, 1
	scale<0.080000,0.200000,0.300000>
