// switches for output
#declare DRAW_BASES = 1; // possible values are 0, 1; only relevant for DNA ribbons
#declare DRAW_BASES_TYPE = 3; // possible values are 1, 2, 3; only relevant for DNA ribbons
#declare DRAW_FOG = 0; // set to 1 to enable fog

#include "colors.inc"

#include "transforms.inc"
background { rgb <1, 1, 1>}

#default {
   normal{
       ripples 0.25
       frequency 0.20
       turbulence 0.2
       lambda 5
   }
	finish {
		phong 0.1
		phong_size 40.
	}
}

// original window dimensions: 1024x640


// camera settings

camera {
	sky <0, 0.179814, -0.983701>
	up <0, 0.179814, -0.983701>
	right 1.6 * <1, 0, 0>
	location <35, 94.9851, 44.8844>
	look_at <35, 29.7336, 32.9568>
	direction <0, -65.2515, -11.9276>
	angle 67.0682
}


# declare cpy_camera_pos = <35, 94.9851, 44.8844>;
# if (DRAW_FOG = 1)
fog {
	fog_type 2
	up vnormalize(cpy_camera_pos)
	color rgbt<1,1,1,0.3>
	distance 1e-5
	fog_alt 3e-3
	fog_offset 56
}
# end


// LIGHTS

# declare lum = 6;
global_settings {
	ambient_light rgb lum * <0.05, 0.05, 0.05>
	max_trace_level 15
}# declare cpy_direct_light_amount = 0.25;
light_source
{	1000 * <-1, -1.16352, -0.803886>,
	rgb lum * cpy_direct_light_amount
	parallel
}

light_source
{	1000 * <1, 1.16352, 0.803886>,
	rgb lum * cpy_direct_light_amount
	parallel
}

// strand 0

// nucleotide -1

// particle -1
sphere {
	<24.433842, 34.515965, 34.810589> 0.250000
	pigment { color rgbt <1,0,0,0> }
	no_shadow
}
cylinder {
	<24.407318, 34.909767, 34.745667>,  <24.391403, 35.146049, 34.706711>, 0.100000
	pigment { color rgbt <1,0,0,0> }
	no_shadow
}
cylinder {
	<24.407318, 34.909767, 34.745667>,  <24.433842, 34.515965, 34.810589>, 0.100000
	pigment { color rgbt <1,0,0,0> }
	no_shadow
}

// particle -1
sphere {
	<24.407318, 34.909767, 34.745667> 0.100000
	pigment { color rgbt <1,0,0,0> }
	no_shadow
}
sphere {
	0, 1
	scale<0.080000,0.200000,0.300000>
	matrix <0.853437, -0.028317, -0.520426,
		-0.516961, -0.173029, -0.838339,
		-0.066310, 0.984510, -0.162308,
		24.387424, 35.205120, 34.696976>
	pigment { color rgbt <0,1,1,0> }
	no_shadow
}
cylinder {
	<24.561825, 34.744972, 34.130207>,  <24.433842, 34.515965, 34.810589>, 0.130000
	pigment { color rgbt <1,0,0,0> }
	no_shadow
}

// nucleotide -1

// particle -1
sphere {
	<24.561825, 34.744972, 34.130207> 0.250000
	pigment { color rgbt <1,0,0,0> }
	no_shadow
}
cylinder {
	<24.635775, 35.076862, 34.340874>,  <24.680145, 35.275997, 34.467274>, 0.100000
	pigment { color rgbt <1,0,0,0> }
	no_shadow
}
cylinder {
	<24.635775, 35.076862, 34.340874>,  <24.561825, 34.744972, 34.130207>, 0.100000
	pigment { color rgbt <1,0,0,0> }
	no_shadow
}

// particle -1
sphere {
	<24.635775, 35.076862, 34.340874> 0.100000
	pigment { color rgbt <1,0,0,0> }
	no_shadow
}
sphere {
	0, 1
	scale<0.080000,0.200000,0.300000>
	matrix <0.909504, 0.058577, -0.411548,
		-0.372323, 0.555090, -0.743809,
		0.184876, 0.829725, 0.526666,
		24.691238, 35.325779, 34.498875>
	pigment { color rgbt <0,1,1,0> }
	no_shadow
}
cylinder {
	<24.829590, 35.249485, 33.701073>,  <24.561825, 34.744972, 34.130207>, 0.130000
	pigment { color rgbt <1,0,0,0> }
	no_shadow
}

// nucleotide -1

// particle -1
sphere {
	<24.829590, 35.249485, 33.701073> 0.250000
	pigment { color rgbt <1,0,0,0> }
	no_shadow
}
cylinder {
	<24.952578, 35.385506, 34.056561>,  <25.026371, 35.467117, 34.269855>, 0.100000
	pigment { color rgbt <1,0,0,0> }
	no_shadow
}
cylinder {
	<24.952578, 35.385506, 34.056561>,  <24.829590, 35.249485, 33.701073>, 0.100000
	pigment { color rgbt <1,0,0,0> }
	no_shadow
}

// particle -1
sphere {
	<24.952578, 35.385506, 34.056561> 0.100000
	pigment { color rgbt <1,0,0,0> }
	no_shadow
}
sphere {
	0, 1
	scale<0.080000,0.200000,0.300000>
	matrix <0.922581, 0.122196, -0.365939,
		-0.233036, 0.932435, -0.276151,
		0.307470, 0.340049, 0.888723,
		25.044819, 35.487522, 34.323177>
	pigment { color rgbt <0,1,1,0> }
	no_shadow
}
cylinder {
	<25.063725, 36.014565, 33.727619>,  <24.829590, 35.249485, 33.701073>, 0.130000
	pigment { color rgbt <1,0,0,0> }
	no_shadow
}

// nucleotide -1

// particle -1
sphere {
	<25.063725, 36.014565, 33.727619> 0.250000
	pigment { color rgbt <1,0,0,0> }
	no_shadow
}
cylinder {
	<25.255350, 35.820763, 34.020401>,  <25.370325, 35.704483, 34.196068>, 0.100000
	pigment { color rgbt <1,0,0,0> }
	no_shadow
}
cylinder {
	<25.255350, 35.820763, 34.020401>,  <25.063725, 36.014565, 33.727619>, 0.100000
	pigment { color rgbt <1,0,0,0> }
	no_shadow
}

// particle -1
sphere {
	<25.255350, 35.820763, 34.020401> 0.100000
	pigment { color rgbt <1,0,0,0> }
	no_shadow
}
sphere {
	0, 1
	scale<0.080000,0.200000,0.300000>
	matrix <0.877153, 0.232751, -0.420034,
		0.033147, 0.843256, 0.536489,
		0.479065, -0.484506, 0.731950,
		25.399069, 35.675411, 34.239986>
	pigment { color rgbt <0,1,1,0> }
	no_shadow
}
cylinder {
	<25.622488, 36.509007, 34.080341>,  <25.063725, 36.014565, 33.727619>, 0.130000
	pigment { color rgbt <1,0,0,0> }
	no_shadow
}

// nucleotide -1

// particle -1
sphere {
	<25.622488, 36.509007, 34.080341> 0.250000
	pigment { color rgbt <1,0,0,0> }
	no_shadow
}
cylinder {
	<25.675280, 36.113007, 34.060429>,  <25.706955, 35.875404, 34.048481>, 0.100000
	pigment { color rgbt <1,0,0,0> }
	no_shadow
}
cylinder {
	<25.675280, 36.113007, 34.060429>,  <25.622488, 36.509007, 34.080341>, 0.100000
	pigment { color rgbt <1,0,0,0> }
	no_shadow
}

// particle -1
sphere {
	<25.675280, 36.113007, 34.060429> 0.100000
	pigment { color rgbt <1,0,0,0> }
	no_shadow
}
sphere {
	0, 1
	scale<0.080000,0.200000,0.300000>
	matrix <0.844495, 0.138594, -0.517320,
		0.519047, 0.026233, 0.854343,
		0.131978, -0.990002, -0.049783,
		25.714872, 35.816006, 34.045494>
	pigment { color rgbt <0,1,1,0> }
	no_shadow
}
cylinder {
	<25.718370, 36.172165, 34.728043>,  <25.622488, 36.509007, 34.080341>, 0.130000
	pigment { color rgbt <1,0,0,0> }
	no_shadow
}

// nucleotide -1

// particle -1
sphere {
	<25.718370, 36.172165, 34.728043> 0.250000
	pigment { color rgbt <1,0,0,0> }
	no_shadow
}
cylinder {
	<26.031563, 35.974213, 34.577293>,  <26.219479, 35.855442, 34.486843>, 0.100000
	pigment { color rgbt <1,0,0,0> }
	no_shadow
}
cylinder {
	<26.031563, 35.974213, 34.577293>,  <25.718370, 36.172165, 34.728043>, 0.100000
	pigment { color rgbt <1,0,0,0> }
	no_shadow
}

// particle -1
sphere {
	<26.031563, 35.974213, 34.577293> 0.100000
	pigment { color rgbt <1,0,0,0> }
	no_shadow
}
sphere {
	0, 1
	scale<0.080000,0.200000,0.300000>
	matrix <0.606802, 0.740964, 0.287688,
		0.136877, -0.453941, 0.880456,
		0.782979, -0.494884, -0.376873,
		26.266457, 35.825748, 34.464230>
	pigment { color rgbt <0,1,1,0> }
	no_shadow
}
cylinder {
	<26.166609, 36.033943, 35.256874>,  <25.718370, 36.172165, 34.728043>, 0.130000
	pigment { color rgbt <1,0,0,0> }
	no_shadow
}

// nucleotide -1

// particle -1
sphere {
	<26.166609, 36.033943, 35.256874> 0.250000
	pigment { color rgbt <1,0,0,0> }
	no_shadow
}
cylinder {
	<26.392006, 36.053360, 34.926994>,  <26.527245, 36.065010, 34.729069>, 0.100000
	pigment { color rgbt <1,0,0,0> }
	no_shadow
}
cylinder {
	<26.392006, 36.053360, 34.926994>,  <26.166609, 36.033943, 35.256874>, 0.100000
	pigment { color rgbt <1,0,0,0> }
	no_shadow
}

// particle -1
sphere {
	<26.392006, 36.053360, 34.926994> 0.100000
	pigment { color rgbt <1,0,0,0> }
	no_shadow
}
sphere {
	0, 1
	scale<0.080000,0.200000,0.300000>
	matrix <0.265372, 0.934732, 0.236335,
		0.782340, -0.352023, 0.513833,
		0.563491, 0.048537, -0.824695,
		26.561054, 36.067921, 34.679585>
	pigment { color rgbt <0,1,1,0> }
	no_shadow
}
cylinder {
	<26.909048, 36.278217, 35.490719>,  <26.166609, 36.033943, 35.256874>, 0.130000
	pigment { color rgbt <1,0,0,0> }
	no_shadow
}

// nucleotide -1

// particle -1
sphere {
	<26.909048, 36.278217, 35.490719> 0.250000
	pigment { color rgbt <1,0,0,0> }
	no_shadow
}
cylinder {
	<26.858570, 36.374187, 35.105698>,  <26.828283, 36.431770, 34.874683>, 0.100000
	pigment { color rgbt <1,0,0,0> }
	no_shadow
}
cylinder {
	<26.858570, 36.374187, 35.105698>,  <26.909048, 36.278217, 35.490719>, 0.100000
	pigment { color rgbt <1,0,0,0> }
	no_shadow
}

// particle -1
sphere {
	<26.858570, 36.374187, 35.105698> 0.100000
	pigment { color rgbt <1,0,0,0> }
	no_shadow
}
sphere {
	0, 1
	scale<0.080000,0.200000,0.300000>
	matrix <0.297935, 0.934682, 0.193917,
		0.946208, -0.262307, -0.189433,
		-0.126194, 0.239925, -0.962555,
		26.820711, 36.446163, 34.816933>
	pigment { color rgbt <0,1,1,0> }
	no_shadow
}
cylinder {
	<27.366438, 36.734154, 35.374535>,  <26.909048, 36.278217, 35.490719>, 0.130000
	pigment { color rgbt <1,0,0,0> }
	no_shadow
}

// nucleotide -1

// particle -1
sphere {
	<27.366438, 36.734154, 35.374535> 0.250000
	pigment { color rgbt <1,0,0,0> }
	no_shadow
}
cylinder {
	<27.115166, 36.806404, 35.071812>,  <26.964403, 36.849754, 34.890179>, 0.100000
	pigment { color rgbt <1,0,0,0> }
	no_shadow
}
cylinder {
	<27.115166, 36.806404, 35.071812>,  <27.366438, 36.734154, 35.374535>, 0.100000
	pigment { color rgbt <1,0,0,0> }
	no_shadow
}

// particle -1
sphere {
	<27.115166, 36.806404, 35.071812> 0.100000
	pigment { color rgbt <1,0,0,0> }
	no_shadow
}
sphere {
	0, 1
	scale<0.080000,0.200000,0.300000>
	matrix <0.238021, 0.970661, 0.034098,
		0.740766, -0.158717, -0.652743,
		-0.628181, 0.180625, -0.756811,
		26.926712, 36.860592, 34.844769>
	pigment { color rgbt <0,1,1,0> }
	no_shadow
}
cylinder {
	<27.669403, 37.104004, 35.018536>,  <27.366438, 36.734154, 35.374535>, 0.130000
	pigment { color rgbt <1,0,0,0> }
	no_shadow
}

// nucleotide -1

// particle -1
sphere {
	<27.669403, 37.104004, 35.018536> 0.250000
	pigment { color rgbt <1,0,0,0> }
	no_shadow
}
cylinder {
	<27.324890, 37.180553, 34.830250>,  <27.118183, 37.226482, 34.717278>, 0.100000
	pigment { color rgbt <1,0,0,0> }
	no_shadow
}
cylinder {
	<27.324890, 37.180553, 34.830250>,  <27.669403, 37.104004, 35.018536>, 0.100000
	pigment { color rgbt <1,0,0,0> }
	no_shadow
}

// particle -1
sphere {
	<27.324890, 37.180553, 34.830250> 0.100000
	pigment { color rgbt <1,0,0,0> }
	no_shadow
}
sphere {
	0, 1
	scale<0.080000,0.200000,0.300000>
	matrix <0.199920, 0.979279, 0.032331,
		0.467147, -0.066259, -0.881694,
		-0.861282, 0.191371, -0.470714,
		27.066505, 37.237965, 34.689037>
	pigment { color rgbt <0,1,1,0> }
	no_shadow
}
cylinder {
	<27.831865, 37.690350, 34.527809>,  <27.669403, 37.104004, 35.018536>, 0.130000
	pigment { color rgbt <1,0,0,0> }
	no_shadow
}

// nucleotide -1

// particle -1
sphere {
	<27.831865, 37.690350, 34.527809> 0.250000
	pigment { color rgbt <1,0,0,0> }
	no_shadow
}
cylinder {
	<27.434099, 37.675255, 34.567234>,  <27.195440, 37.666199, 34.590889>, 0.100000
	pigment { color rgbt <1,0,0,0> }
	no_shadow
}
cylinder {
	<27.434099, 37.675255, 34.567234>,  <27.831865, 37.690350, 34.527809>, 0.100000
	pigment { color rgbt <1,0,0,0> }
	no_shadow
}

// particle -1
sphere {
	<27.434099, 37.675255, 34.567234> 0.100000
	pigment { color rgbt <1,0,0,0> }
	no_shadow
}
sphere {
	0, 1
	scale<0.080000,0.200000,0.300000>
	matrix <-0.043943, 0.997133, -0.061595,
		-0.095958, -0.065582, -0.993223,
		-0.994415, -0.037734, 0.098565,
		27.135775, 37.663933, 34.596802>
	pigment { color rgbt <0,1,1,0> }
	no_shadow
}
cylinder {
	<27.599932, 38.035824, 34.064903>,  <27.831865, 37.690350, 34.527809>, 0.130000
	pigment { color rgbt <1,0,0,0> }
	no_shadow
}

// nucleotide -1

// particle -1
sphere {
	<27.599932, 38.035824, 34.064903> 0.250000
	pigment { color rgbt <1,0,0,0> }
	no_shadow
}
cylinder {
	<27.308672, 38.049801, 34.338715>,  <27.133917, 38.058189, 34.503002>, 0.100000
	pigment { color rgbt <1,0,0,0> }
	no_shadow
}
cylinder {
	<27.308672, 38.049801, 34.338715>,  <27.599932, 38.035824, 34.064903>, 0.100000
	pigment { color rgbt <1,0,0,0> }
	no_shadow
}

// particle -1
sphere {
	<27.308672, 38.049801, 34.338715> 0.100000
	pigment { color rgbt <1,0,0,0> }
	no_shadow
}
sphere {
	0, 1
	scale<0.080000,0.200000,0.300000>
	matrix <-0.005588, 0.998364, -0.056911,
		-0.685397, -0.045265, -0.726762,
		-0.728148, 0.034946, 0.684528,
		27.090227, 38.060284, 34.544071>
	pigment { color rgbt <0,1,1,0> }
	no_shadow
}
cylinder {
	<27.222385, 38.588795, 33.840912>,  <27.599932, 38.035824, 34.064903>, 0.130000
	pigment { color rgbt <1,0,0,0> }
	no_shadow
}

// nucleotide -1

// particle -1
sphere {
	<27.222385, 38.588795, 33.840912> 0.250000
	pigment { color rgbt <1,0,0,0> }
	no_shadow
}
cylinder {
	<27.102318, 38.525047, 34.217102>,  <27.030277, 38.486801, 34.442818>, 0.100000
	pigment { color rgbt <1,0,0,0> }
	no_shadow
}
cylinder {
	<27.102318, 38.525047, 34.217102>,  <27.222385, 38.588795, 33.840912>, 0.100000
	pigment { color rgbt <1,0,0,0> }
	no_shadow
}

// particle -1
sphere {
	<27.102318, 38.525047, 34.217102> 0.100000
	pigment { color rgbt <1,0,0,0> }
	no_shadow
}
sphere {
	0, 1
	scale<0.080000,0.200000,0.300000>
	matrix <-0.115316, 0.984776, 0.130068,
		-0.946890, -0.069410, -0.313976,
		-0.300168, -0.159366, 0.940479,
		27.012268, 38.477238, 34.499245>
	pigment { color rgbt <0,1,1,0> }
	no_shadow
}
cylinder {
	<26.621733, 39.073944, 33.915474>,  <27.222385, 38.588795, 33.840912>, 0.130000
	pigment { color rgbt <1,0,0,0> }
	no_shadow
}

// nucleotide -1

// particle -1
sphere {
	<26.621733, 39.073944, 33.915474> 0.250000
	pigment { color rgbt <1,0,0,0> }
	no_shadow
}
cylinder {
	<26.772202, 38.962990, 34.269096>,  <26.862482, 38.896416, 34.481270>, 0.100000
	pigment { color rgbt <1,0,0,0> }
	no_shadow
}
cylinder {
	<26.772202, 38.962990, 34.269096>,  <26.621733, 39.073944, 33.915474>, 0.100000
	pigment { color rgbt <1,0,0,0> }
	no_shadow
}

// particle -1
sphere {
	<26.772202, 38.962990, 34.269096> 0.100000
	pigment { color rgbt <1,0,0,0> }
	no_shadow
}
sphere {
	0, 1
	scale<0.080000,0.200000,0.300000>
	matrix <-0.050002, 0.946668, 0.318308,
		-0.925200, -0.163943, 0.342240,
		0.376172, -0.277386, 0.884054,
		26.885054, 38.879776, 34.534313>
	pigment { color rgbt <0,1,1,0> }
	no_shadow
}
cylinder {
	<26.140186, 39.384922, 34.464657>,  <26.621733, 39.073944, 33.915474>, 0.130000
	pigment { color rgbt <1,0,0,0> }
	no_shadow
}

// nucleotide -1

// particle -1
sphere {
	<26.140186, 39.384922, 34.464657> 0.250000
	pigment { color rgbt <1,0,0,0> }
	no_shadow
}
cylinder {
	<26.501375, 39.299774, 34.613964>,  <26.718088, 39.248688, 34.703548>, 0.100000
	pigment { color rgbt <1,0,0,0> }
	no_shadow
}
cylinder {
	<26.501375, 39.299774, 34.613964>,  <26.140186, 39.384922, 34.464657>, 0.100000
	pigment { color rgbt <1,0,0,0> }
	no_shadow
}

// particle -1
sphere {
	<26.501375, 39.299774, 34.613964> 0.100000
	pigment { color rgbt <1,0,0,0> }
	no_shadow
}
sphere {
	0, 1
	scale<0.080000,0.200000,0.300000>
	matrix <0.028065, 0.896034, 0.443097,
		-0.428782, -0.389629, 0.815068,
		0.902972, -0.212867, 0.373268,
		26.772266, 39.235912, 34.725945>
	pigment { color rgbt <0,1,1,0> }
	no_shadow
}
cylinder {
	<26.220850, 39.833820, 35.061455>,  <26.140186, 39.384922, 34.464657>, 0.130000
	pigment { color rgbt <1,0,0,0> }
	no_shadow
}

// nucleotide -1

// particle -1
sphere {
	<26.220850, 39.833820, 35.061455> 0.250000
	pigment { color rgbt <1,0,0,0> }
	no_shadow
}
cylinder {
	<26.594873, 39.709278, 34.993656>,  <26.819286, 39.634552, 34.952976>, 0.100000
	pigment { color rgbt <1,0,0,0> }
	no_shadow
}
cylinder {
	<26.594873, 39.709278, 34.993656>,  <26.220850, 39.833820, 35.061455>, 0.100000
	pigment { color rgbt <1,0,0,0> }
	no_shadow
}

// particle -1
sphere {
	<26.594873, 39.709278, 34.993656> 0.100000
	pigment { color rgbt <1,0,0,0> }
	no_shadow
}
sphere {
	0, 1
	scale<0.080000,0.200000,0.300000>
	matrix <0.351815, 0.873743, 0.335857,
		0.043524, -0.373676, 0.926538,
		0.935057, -0.311352, -0.169493,
		26.875391, 39.615871, 34.942810>
	pigment { color rgbt <0,1,1,0> }
	no_shadow
}
cylinder {
	<26.557753, 40.126289, 35.646130>,  <26.220850, 39.833820, 35.061455>, 0.130000
	pigment { color rgbt <1,0,0,0> }
	no_shadow
}

// nucleotide -1

// particle -1
sphere {
	<26.557753, 40.126289, 35.646130> 0.250000
	pigment { color rgbt <1,0,0,0> }
	no_shadow
}
cylinder {
	<26.822727, 40.027630, 35.363190>,  <26.981712, 39.968433, 35.193424>, 0.100000
	pigment { color rgbt <1,0,0,0> }
	no_shadow
}
cylinder {
	<26.822727, 40.027630, 35.363190>,  <26.557753, 40.126289, 35.646130>, 0.100000
	pigment { color rgbt <1,0,0,0> }
	no_shadow
}

// particle -1
sphere {
	<26.822727, 40.027630, 35.363190> 0.100000
	pigment { color rgbt <1,0,0,0> }
	no_shadow
}
sphere {
	0, 1
	scale<0.080000,0.200000,0.300000>
	matrix <0.526054, 0.825415, 0.204833,
		0.533335, -0.507793, 0.676535,
		0.662435, -0.246650, -0.707350,
		27.021458, 39.953636, 35.150986>
	pigment { color rgbt <0,1,1,0> }
	no_shadow
}
cylinder {
	<27.225380, 40.189869, 35.927311>,  <26.557753, 40.126289, 35.646130>, 0.130000
	pigment { color rgbt <1,0,0,0> }
	no_shadow
}

// nucleotide -1

// particle -1
sphere {
	<27.225380, 40.189869, 35.927311> 0.250000
	pigment { color rgbt <1,0,0,0> }
	no_shadow
}
cylinder {
	<27.303698, 40.214226, 35.535809>,  <27.350689, 40.228840, 35.300907>, 0.100000
	pigment { color rgbt <1,0,0,0> }
	no_shadow
}
cylinder {
	<27.303698, 40.214226, 35.535809>,  <27.225380, 40.189869, 35.927311>, 0.100000
	pigment { color rgbt <1,0,0,0> }
	no_shadow
}

// particle -1
sphere {
	<27.303698, 40.214226, 35.535809> 0.100000
	pigment { color rgbt <1,0,0,0> }
	no_shadow
}
sphere {
	0, 1
	scale<0.080000,0.200000,0.300000>
	matrix <0.460287, 0.875590, 0.146550,
		0.865910, -0.479201, 0.143408,
		0.195793, 0.060890, -0.978753,
		27.362436, 40.232494, 35.242184>
	pigment { color rgbt <0,1,1,0> }
	no_shadow
}
cylinder {
	<27.913656, 40.420311, 36.023941>,  <27.225380, 40.189869, 35.927311>, 0.130000
	pigment { color rgbt <1,0,0,0> }
	no_shadow
}

// nucleotide -1

// particle -1
sphere {
	<27.913656, 40.420311, 36.023941> 0.250000
	pigment { color rgbt <1,0,0,0> }
	no_shadow
}
cylinder {
	<27.776960, 40.493351, 35.655186>,  <27.694942, 40.537174, 35.433933>, 0.100000
	pigment { color rgbt <1,0,0,0> }
	no_shadow
}
cylinder {
	<27.776960, 40.493351, 35.655186>,  <27.913656, 40.420311, 36.023941>, 0.100000
	pigment { color rgbt <1,0,0,0> }
	no_shadow
}

// particle -1
sphere {
	<27.776960, 40.493351, 35.655186> 0.100000
	pigment { color rgbt <1,0,0,0> }
	no_shadow
}
sphere {
	0, 1
	scale<0.080000,0.200000,0.300000>
	matrix <0.310516, 0.947790, 0.072625,
		0.887015, -0.261441, -0.380596,
		-0.341738, 0.182600, -0.921885,
		27.674438, 40.548130, 35.378620>
	pigment { color rgbt <0,1,1,0> }
	no_shadow
}
cylinder {
	<28.469475, 40.665649, 35.652397>,  <27.913656, 40.420311, 36.023941>, 0.130000
	pigment { color rgbt <1,0,0,0> }
	no_shadow
}

// nucleotide -1

// particle -1
sphere {
	<28.469475, 40.665649, 35.652397> 0.250000
	pigment { color rgbt <1,0,0,0> }
	no_shadow
}
cylinder {
	<28.142752, 40.813042, 35.474838>,  <27.946718, 40.901478, 35.368301>, 0.100000
	pigment { color rgbt <1,0,0,0> }
	no_shadow
}
cylinder {
	<28.142752, 40.813042, 35.474838>,  <28.469475, 40.665649, 35.652397>, 0.100000
	pigment { color rgbt <1,0,0,0> }
	no_shadow
}

// particle -1
sphere {
	<28.142752, 40.813042, 35.474838> 0.100000
	pigment { color rgbt <1,0,0,0> }
	no_shadow
}
sphere {
	0, 1
	scale<0.080000,0.200000,0.300000>
	matrix <0.368691, 0.925223, 0.089610,
		0.443726, -0.090468, -0.891585,
		-0.816808, 0.368481, -0.443900,
		27.897709, 40.923588, 35.341667>
	pigment { color rgbt <0,1,1,0> }
	no_shadow
}
cylinder {
	<28.744894, 41.190907, 35.338722>,  <28.469475, 40.665649, 35.652397>, 0.130000
	pigment { color rgbt <1,0,0,0> }
	no_shadow
}

// nucleotide -1

// particle -1
sphere {
	<28.744894, 41.190907, 35.338722> 0.250000
	pigment { color rgbt <1,0,0,0> }
	no_shadow
}
cylinder {
	<28.347980, 41.239864, 35.330841>,  <28.109833, 41.269241, 35.326111>, 0.100000
	pigment { color rgbt <1,0,0,0> }
	no_shadow
}
cylinder {
	<28.347980, 41.239864, 35.330841>,  <28.744894, 41.190907, 35.338722>, 0.100000
	pigment { color rgbt <1,0,0,0> }
	no_shadow
}

// particle -1
sphere {
	<28.347980, 41.239864, 35.330841> 0.100000
	pigment { color rgbt <1,0,0,0> }
	no_shadow
}
sphere {
	0, 1
	scale<0.080000,0.200000,0.300000>
	matrix <0.117650, 0.979818, 0.161604,
		0.039085, 0.158039, -0.986659,
		-0.992286, 0.122397, -0.019703,
		28.050295, 41.276585, 35.324928>
	pigment { color rgbt <0,1,1,0> }
	no_shadow
}
cylinder {
	<28.577082, 41.566212, 34.712849>,  <28.744894, 41.190907, 35.338722>, 0.130000
	pigment { color rgbt <1,0,0,0> }
	no_shadow
}

// nucleotide -1

// particle -1
sphere {
	<28.577082, 41.566212, 34.712849> 0.250000
	pigment { color rgbt <1,0,0,0> }
	no_shadow
}
cylinder {
	<28.284964, 41.629368, 34.978703>,  <28.109692, 41.667263, 35.138214>, 0.100000
	pigment { color rgbt <1,0,0,0> }
	no_shadow
}
cylinder {
	<28.284964, 41.629368, 34.978703>,  <28.577082, 41.566212, 34.712849>, 0.100000
	pigment { color rgbt <1,0,0,0> }
	no_shadow
}

// particle -1
sphere {
	<28.284964, 41.629368, 34.978703> 0.100000
	pigment { color rgbt <1,0,0,0> }
	no_shadow
}
sphere {
	0, 1
	scale<0.080000,0.200000,0.300000>
	matrix <0.221792, 0.975019, 0.012077,
		-0.646122, 0.156230, -0.747073,
		-0.730297, 0.157892, 0.664632,
		28.065874, 41.676735, 35.178093>
	pigment { color rgbt <0,1,1,0> }
	no_shadow
}
cylinder {
	<28.331755, 42.273605, 34.518520>,  <28.577082, 41.566212, 34.712849>, 0.130000
	pigment { color rgbt <1,0,0,0> }
	no_shadow
}

// nucleotide -1

// particle -1
sphere {
	<28.331755, 42.273605, 34.518520> 0.250000
	pigment { color rgbt <1,0,0,0> }
	no_shadow
}
cylinder {
	<28.131580, 42.195057, 34.855804>,  <28.011477, 42.147926, 35.058174>, 0.100000
	pigment { color rgbt <1,0,0,0> }
	no_shadow
}
cylinder {
	<28.131580, 42.195057, 34.855804>,  <28.331755, 42.273605, 34.518520>, 0.100000
	pigment { color rgbt <1,0,0,0> }
	no_shadow
}

// particle -1
sphere {
	<28.131580, 42.195057, 34.855804> 0.100000
	pigment { color rgbt <1,0,0,0> }
	no_shadow
}
sphere {
	0, 1
	scale<0.080000,0.200000,0.300000>
	matrix <-0.022011, 0.976509, 0.214350,
		-0.865495, 0.088708, -0.493000,
		-0.500434, -0.196370, 0.843211,
		27.981451, 42.136147, 35.108768>
	pigment { color rgbt <0,1,1,0> }
	no_shadow
}
cylinder {
	<27.589857, 42.539059, 34.553326>,  <28.331755, 42.273605, 34.518520>, 0.130000
	pigment { color rgbt <1,0,0,0> }
	no_shadow
}

// nucleotide -1

// particle -1
sphere {
	<27.589857, 42.539059, 34.553326> 0.250000
	pigment { color rgbt <1,0,0,0> }
	no_shadow
}
cylinder {
	<27.736303, 42.521252, 34.925129>,  <27.824171, 42.510567, 35.148209>, 0.100000
	pigment { color rgbt <1,0,0,0> }
	no_shadow
}
cylinder {
	<27.736303, 42.521252, 34.925129>,  <27.589857, 42.539059, 34.553326>, 0.100000
	pigment { color rgbt <1,0,0,0> }
	no_shadow
}

// particle -1
sphere {
	<27.736303, 42.521252, 34.925129> 0.100000
	pigment { color rgbt <1,0,0,0> }
	no_shadow
}
sphere {
	0, 1
	scale<0.080000,0.200000,0.300000>
	matrix <-0.115205, 0.989003, 0.092741,
		-0.923411, -0.141037, 0.356959,
		0.366114, -0.044515, 0.929505,
		27.846138, 42.507896, 35.203979>
	pigment { color rgbt <0,1,1,0> }
	no_shadow
}
cylinder {
	<27.127403, 42.923500, 34.943634>,  <27.589857, 42.539059, 34.553326>, 0.130000
	pigment { color rgbt <1,0,0,0> }
	no_shadow
}

// nucleotide -1

// particle -1
sphere {
	<27.127403, 42.923500, 34.943634> 0.250000
	pigment { color rgbt <1,0,0,0> }
	no_shadow
}
cylinder {
	<27.462515, 42.905014, 35.161255>,  <27.663582, 42.893925, 35.291828>, 0.100000
	pigment { color rgbt <1,0,0,0> }
	no_shadow
}
cylinder {
	<27.462515, 42.905014, 35.161255>,  <27.127403, 42.923500, 34.943634>, 0.100000
	pigment { color rgbt <1,0,0,0> }
	no_shadow
}

// particle -1
sphere {
	<27.462515, 42.905014, 35.161255> 0.100000
	pigment { color rgbt <1,0,0,0> }
	no_shadow
}
sphere {
	0, 1
	scale<0.080000,0.200000,0.300000>
	matrix <-0.066178, 0.980472, 0.185189,
		-0.541981, -0.191152, 0.818362,
		0.837781, -0.046211, 0.544047,
		27.713850, 42.891151, 35.324471>
	pigment { color rgbt <0,1,1,0> }
	no_shadow
}
cylinder {
	<27.073580, 43.294308, 35.643425>,  <27.127403, 42.923500, 34.943634>, 0.130000
	pigment { color rgbt <1,0,0,0> }
	no_shadow
}

// nucleotide -1

// particle -1
sphere {
	<27.073580, 43.294308, 35.643425> 0.250000
	pigment { color rgbt <1,0,0,0> }
	no_shadow
}
cylinder {
	<27.455631, 43.273922, 35.526718>,  <27.684862, 43.261692, 35.456696>, 0.100000
	pigment { color rgbt <1,0,0,0> }
	no_shadow
}
cylinder {
	<27.455631, 43.273922, 35.526718>,  <27.073580, 43.294308, 35.643425>, 0.100000
	pigment { color rgbt <1,0,0,0> }
	no_shadow
}

// particle -1
sphere {
	<27.455631, 43.273922, 35.526718> 0.100000
	pigment { color rgbt <1,0,0,0> }
	no_shadow
}
sphere {
	0, 1
	scale<0.080000,0.200000,0.300000>
	matrix <0.111433, 0.974541, 0.194556,
		0.274423, -0.218338, 0.936494,
		0.955131, -0.050966, -0.291766,
		27.742170, 43.258633, 35.439190>
	pigment { color rgbt <0,1,1,0> }
	no_shadow
}
cylinder {
	<27.319483, 43.917015, 35.774147>,  <27.073580, 43.294308, 35.643425>, 0.130000
	pigment { color rgbt <1,0,0,0> }
	no_shadow
}

// nucleotide -1

// particle -1
sphere {
	<27.319483, 43.917015, 35.774147> 0.250000
	pigment { color rgbt <1,0,0,0> }
	no_shadow
}
cylinder {
	<27.657495, 43.764175, 35.624519>,  <27.860302, 43.672470, 35.534744>, 0.100000
	pigment { color rgbt <1,0,0,0> }
	no_shadow
}
cylinder {
	<27.657495, 43.764175, 35.624519>,  <27.319483, 43.917015, 35.774147>, 0.100000
	pigment { color rgbt <1,0,0,0> }
	no_shadow
}

// particle -1
sphere {
	<27.657495, 43.764175, 35.624519> 0.100000
	pigment { color rgbt <1,0,0,0> }
	no_shadow
}
sphere {
	0, 1
	scale<0.080000,0.200000,0.300000>
	matrix <0.459196, 0.876989, 0.141522,
		0.273975, -0.291359, 0.916541,
		0.845030, -0.382099, -0.374065,
		27.911005, 43.649548, 35.512299>
	pigment { color rgbt <0,1,1,0> }
	no_shadow
}
cylinder {
	<27.949821, 43.952427, 36.218063>,  <27.319483, 43.917015, 35.774147>, 0.130000
	pigment { color rgbt <1,0,0,0> }
	no_shadow
}

// nucleotide -1

// particle -1
sphere {
	<27.949821, 43.952427, 36.218063> 0.250000
	pigment { color rgbt <1,0,0,0> }
	no_shadow
}
cylinder {
	<28.026939, 43.990860, 35.827454>,  <28.073210, 44.013920, 35.593086>, 0.100000
	pigment { color rgbt <1,0,0,0> }
	no_shadow
}
cylinder {
	<28.026939, 43.990860, 35.827454>,  <27.949821, 43.952427, 36.218063>, 0.100000
	pigment { color rgbt <1,0,0,0> }
	no_shadow
}

// particle -1
sphere {
	<28.026939, 43.990860, 35.827454> 0.100000
	pigment { color rgbt <1,0,0,0> }
	no_shadow
}
sphere {
	0, 1
	scale<0.080000,0.200000,0.300000>
	matrix <0.370698, 0.914312, 0.163148,
		0.908523, -0.393449, 0.140656,
		0.192794, 0.096083, -0.976524,
		28.084778, 44.019684, 35.534496>
	pigment { color rgbt <0,1,1,0> }
	no_shadow
}
cylinder {
	<28.548958, 44.302238, 36.081406>,  <27.949821, 43.952427, 36.218063>, 0.130000
	pigment { color rgbt <1,0,0,0> }
	no_shadow
}

// nucleotide -1

// particle -1
sphere {
	<28.548958, 44.302238, 36.081406> 0.250000
	pigment { color rgbt <1,0,0,0> }
	no_shadow
}
cylinder {
	<28.379414, 44.368412, 35.725208>,  <28.277687, 44.408115, 35.511490>, 0.100000
	pigment { color rgbt <1,0,0,0> }
	no_shadow
}
cylinder {
	<28.379414, 44.368412, 35.725208>,  <28.548958, 44.302238, 36.081406>, 0.100000
	pigment { color rgbt <1,0,0,0> }
	no_shadow
}

// particle -1
sphere {
	<28.379414, 44.368412, 35.725208> 0.100000
	pigment { color rgbt <1,0,0,0> }
	no_shadow
}
sphere {
	0, 1
	scale<0.080000,0.200000,0.300000>
	matrix <0.304609, 0.951944, 0.031859,
		0.852969, -0.257749, -0.453883,
		-0.423860, 0.165432, -0.890491,
		28.252256, 44.418041, 35.458061>
	pigment { color rgbt <0,1,1,0> }
	no_shadow
}
cylinder {
	<28.968996, 44.530407, 35.602306>,  <28.548958, 44.302238, 36.081406>, 0.130000
	pigment { color rgbt <1,0,0,0> }
	no_shadow
}

// nucleotide -1

// particle -1
sphere {
	<28.968996, 44.530407, 35.602306> 0.250000
	pigment { color rgbt <1,0,0,0> }
	no_shadow
}
cylinder {
	<28.623981, 44.658390, 35.445511>,  <28.416973, 44.735180, 35.351433>, 0.100000
	pigment { color rgbt <1,0,0,0> }
	no_shadow
}
cylinder {
	<28.623981, 44.658390, 35.445511>,  <28.968996, 44.530407, 35.602306>, 0.100000
	pigment { color rgbt <1,0,0,0> }
	no_shadow
}

// particle -1
sphere {
	<28.623981, 44.658390, 35.445511> 0.100000
	pigment { color rgbt <1,0,0,0> }
	no_shadow
}
sphere {
	0, 1
	scale<0.080000,0.200000,0.300000>
	matrix <0.410575, 0.895341, -0.172606,
		0.295740, -0.309821, -0.903631,
		-0.862535, 0.319962, -0.391993,
		28.365221, 44.754379, 35.327911>
	pigment { color rgbt <0,1,1,0> }
	no_shadow
}
cylinder {
	<28.992489, 44.680508, 34.872471>,  <28.968996, 44.530407, 35.602306>, 0.130000
	pigment { color rgbt <1,0,0,0> }
	no_shadow
}

// nucleotide -1

// particle -1
sphere {
	<28.992489, 44.680508, 34.872471> 0.250000
	pigment { color rgbt <1,0,0,0> }
	no_shadow
}
cylinder {
	<28.733906, 44.912868, 35.070320>,  <28.578756, 45.052284, 35.189030>, 0.100000
	pigment { color rgbt <1,0,0,0> }
	no_shadow
}
cylinder {
	<28.733906, 44.912868, 35.070320>,  <28.992489, 44.680508, 34.872471>, 0.100000
	pigment { color rgbt <1,0,0,0> }
	no_shadow
}

// particle -1
sphere {
	<28.733906, 44.912868, 35.070320> 0.100000
	pigment { color rgbt <1,0,0,0> }
	no_shadow
}
sphere {
	0, 1
	scale<0.080000,0.200000,0.300000>
	matrix <0.447319, 0.813764, -0.371072,
		-0.618059, -0.018629, -0.785911,
		-0.646459, 0.580897, 0.494621,
		28.539968, 45.087139, 35.218708>
	pigment { color rgbt <0,1,1,0> }
	no_shadow
}
cylinder {
	<28.565121, 44.979939, 34.334641>,  <28.992489, 44.680508, 34.872471>, 0.130000
	pigment { color rgbt <1,0,0,0> }
	no_shadow
}

// nucleotide -1

// particle -1
sphere {
	<28.565121, 44.979939, 34.334641> 0.250000
	pigment { color rgbt <1,0,0,0> }
	no_shadow
}
cylinder {
	<28.615049, 45.179329, 34.677788>,  <28.645006, 45.298962, 34.883678>, 0.100000
	pigment { color rgbt <1,0,0,0> }
	no_shadow
}
cylinder {
	<28.615049, 45.179329, 34.677788>,  <28.565121, 44.979939, 34.334641>, 0.100000
	pigment { color rgbt <1,0,0,0> }
	no_shadow
}

// particle -1
sphere {
	<28.615049, 45.179329, 34.677788> 0.100000
	pigment { color rgbt <1,0,0,0> }
	no_shadow
}
sphere {
	0, 1
	scale<0.080000,0.200000,0.300000>
	matrix <0.215579, 0.830351, -0.513851,
		-0.968476, 0.249079, -0.003815,
		0.124822, 0.498475, 0.857871,
		28.652496, 45.328873, 34.935150>
	pigment { color rgbt <0,1,1,0> }
	no_shadow
}
cylinder {
	<28.983034, 44.394291, 34.168720>,  <28.565121, 44.979939, 34.334641>, 0.130000
	pigment { color rgbt <1,0,0,0> }
	no_shadow
}

// nucleotide -1

// particle -1
sphere {
	<28.983034, 44.394291, 34.168720> 0.250000
	pigment { color rgbt <1,0,0,0> }
	no_shadow
}
cylinder {
	<29.379517, 44.402241, 34.116386>,  <29.617407, 44.407009, 34.084988>, 0.100000
	pigment { color rgbt <1,0,0,0> }
	no_shadow
}
cylinder {
	<29.379517, 44.402241, 34.116386>,  <28.983034, 44.394291, 34.168720>, 0.100000
	pigment { color rgbt <1,0,0,0> }
	no_shadow
}

// particle -1
sphere {
	<29.379517, 44.402241, 34.116386> 0.100000
	pigment { color rgbt <1,0,0,0> }
	no_shadow
}
sphere {
	0, 1
	scale<0.080000,0.200000,0.300000>
	matrix <-0.017798, -0.959662, -0.280593,
		-0.131128, 0.280454, -0.950869,
		0.991206, 0.019870, -0.130830,
		29.676878, 44.408203, 34.077137>
	pigment { color rgbt <0,1,1,0> }
	no_shadow
}
cylinder {
	<29.145737, 44.140556, 33.418797>,  <28.983034, 44.394291, 34.168720>, 0.130000
	pigment { color rgbt <1,0,0,0> }
	no_shadow
}

// nucleotide -1

// particle -1
sphere {
	<29.145737, 44.140556, 33.418797> 0.250000
	pigment { color rgbt <1,0,0,0> }
	no_shadow
}
cylinder {
	<29.459616, 44.087952, 33.661106>,  <29.647943, 44.056389, 33.806492>, 0.100000
	pigment { color rgbt <1,0,0,0> }
	no_shadow
}
cylinder {
	<29.459616, 44.087952, 33.661106>,  <29.145737, 44.140556, 33.418797>, 0.100000
	pigment { color rgbt <1,0,0,0> }
	no_shadow
}

// particle -1
sphere {
	<29.459616, 44.087952, 33.661106> 0.100000
	pigment { color rgbt <1,0,0,0> }
	no_shadow
}
sphere {
	0, 1
	scale<0.080000,0.200000,0.300000>
	matrix <0.169261, -0.894644, -0.413475,
		0.596325, 0.426986, -0.679765,
		0.784696, -0.131508, 0.605771,
		29.695024, 44.048500, 33.842838>
	pigment { color rgbt <0,1,1,0> }
	no_shadow
}
cylinder {
	<29.788099, 44.034588, 33.002666>,  <29.145737, 44.140556, 33.418797>, 0.130000
	pigment { color rgbt <1,0,0,0> }
	no_shadow
}

// nucleotide -1

// particle -1
sphere {
	<29.788099, 44.034588, 33.002666> 0.250000
	pigment { color rgbt <1,0,0,0> }
	no_shadow
}
cylinder {
	<29.802616, 43.879040, 33.370895>,  <29.811327, 43.785709, 33.591835>, 0.100000
	pigment { color rgbt <1,0,0,0> }
	no_shadow
}
cylinder {
	<29.802616, 43.879040, 33.370895>,  <29.788099, 44.034588, 33.002666>, 0.100000
	pigment { color rgbt <1,0,0,0> }
	no_shadow
}

// particle -1
sphere {
	<29.802616, 43.879040, 33.370895> 0.100000
	pigment { color rgbt <1,0,0,0> }
	no_shadow
}
sphere {
	0, 1
	scale<0.080000,0.200000,0.300000>
	matrix <0.465205, -0.808712, -0.359958,
		0.884459, 0.441320, 0.151555,
		0.036292, -0.388872, 0.920577,
		29.813503, 43.762379, 33.647068>
	pigment { color rgbt <0,1,1,0> }
	no_shadow
}
cylinder {
	<30.357807, 43.519054, 32.974049>,  <29.788099, 44.034588, 33.002666>, 0.130000
	pigment { color rgbt <1,0,0,0> }
	no_shadow
}

// nucleotide -1

// particle -1
sphere {
	<30.357807, 43.519054, 32.974049> 0.250000
	pigment { color rgbt <1,0,0,0> }
	no_shadow
}
cylinder {
	<30.089809, 43.435013, 33.258854>,  <29.929010, 43.384586, 33.429737>, 0.100000
	pigment { color rgbt <1,0,0,0> }
	no_shadow
}
cylinder {
	<30.089809, 43.435013, 33.258854>,  <30.357807, 43.519054, 32.974049>, 0.100000
	pigment { color rgbt <1,0,0,0> }
	no_shadow
}

// particle -1
sphere {
	<30.089809, 43.435013, 33.258854> 0.100000
	pigment { color rgbt <1,0,0,0> }
	no_shadow
}
sphere {
	0, 1
	scale<0.080000,0.200000,0.300000>
	matrix <-0.074762, -0.935140, -0.346301,
		0.738591, -0.285252, 0.610832,
		-0.669996, -0.210108, 0.712012,
		29.888811, 43.371979, 33.472458>
	pigment { color rgbt <0,1,1,0> }
	no_shadow
}
cylinder {
	<30.722017, 42.977974, 33.437092>,  <30.357807, 43.519054, 32.974049>, 0.130000
	pigment { color rgbt <1,0,0,0> }
	no_shadow
}

// nucleotide -1

// particle -1
sphere {
	<30.722017, 42.977974, 33.437092> 0.250000
	pigment { color rgbt <1,0,0,0> }
	no_shadow
}
cylinder {
	<30.325274, 42.967865, 33.487011>,  <30.087227, 42.961800, 33.516960>, 0.100000
	pigment { color rgbt <1,0,0,0> }
	no_shadow
}
cylinder {
	<30.325274, 42.967865, 33.487011>,  <30.722017, 42.977974, 33.437092>, 0.100000
	pigment { color rgbt <1,0,0,0> }
	no_shadow
}

// particle -1
sphere {
	<30.325274, 42.967865, 33.487011> 0.100000
	pigment { color rgbt <1,0,0,0> }
	no_shadow
}
sphere {
	0, 1
	scale<0.080000,0.200000,0.300000>
	matrix <0.025389, -0.999677, -0.000667,
		0.124773, 0.002507, 0.992182,
		-0.991861, -0.025273, 0.124796,
		30.027716, 42.960281, 33.524448>
	pigment { color rgbt <0,1,1,0> }
	no_shadow
}
cylinder {
	<30.618567, 42.345249, 33.844955>,  <30.722017, 42.977974, 33.437092>, 0.130000
	pigment { color rgbt <1,0,0,0> }
	no_shadow
}

// nucleotide -1

// particle -1
sphere {
	<30.618567, 42.345249, 33.844955> 0.250000
	pigment { color rgbt <1,0,0,0> }
	no_shadow
}
cylinder {
	<30.231062, 42.403835, 33.764908>,  <29.998560, 42.438988, 33.716881>, 0.100000
	pigment { color rgbt <1,0,0,0> }
	no_shadow
}
cylinder {
	<30.231062, 42.403835, 33.764908>,  <30.618567, 42.345249, 33.844955>, 0.100000
	pigment { color rgbt <1,0,0,0> }
	no_shadow
}

// particle -1
sphere {
	<30.231062, 42.403835, 33.764908> 0.100000
	pigment { color rgbt <1,0,0,0> }
	no_shadow
}
sphere {
	0, 1
	scale<0.080000,0.200000,0.300000>
	matrix <-0.156174, -0.987160, 0.033535,
		-0.192639, 0.063741, 0.979197,
		-0.968762, 0.146465, -0.200120,
		29.940434, 42.447777, 33.704872>
	pigment { color rgbt <0,1,1,0> }
	no_shadow
}
cylinder {
	<30.197609, 41.813881, 34.328766>,  <30.618567, 42.345249, 33.844955>, 0.130000
	pigment { color rgbt <1,0,0,0> }
	no_shadow
}

// nucleotide -1

// particle -1
sphere {
	<30.197609, 41.813881, 34.328766> 0.250000
	pigment { color rgbt <1,0,0,0> }
	no_shadow
}
cylinder {
	<29.955101, 41.892475, 34.020523>,  <29.809597, 41.939632, 33.835579>, 0.100000
	pigment { color rgbt <1,0,0,0> }
	no_shadow
}
cylinder {
	<29.955101, 41.892475, 34.020523>,  <30.197609, 41.813881, 34.328766>, 0.100000
	pigment { color rgbt <1,0,0,0> }
	no_shadow
}

// particle -1
sphere {
	<29.955101, 41.892475, 34.020523> 0.100000
	pigment { color rgbt <1,0,0,0> }
	no_shadow
}
sphere {
	0, 1
	scale<0.080000,0.200000,0.300000>
	matrix <-0.153237, -0.979702, -0.129238,
		-0.780356, 0.039733, 0.624072,
		-0.606270, 0.196482, -0.770604,
		29.773220, 41.951420, 33.789341>
	pigment { color rgbt <0,1,1,0> }
	no_shadow
}
cylinder {
	<29.674324, 41.339836, 34.408356>,  <30.197609, 41.813881, 34.328766>, 0.130000
	pigment { color rgbt <1,0,0,0> }
	no_shadow
}

// nucleotide -1

// particle -1
sphere {
	<29.674324, 41.339836, 34.408356> 0.250000
	pigment { color rgbt <1,0,0,0> }
	no_shadow
}
cylinder {
	<29.681274, 41.448540, 34.023472>,  <29.685444, 41.513760, 33.792542>, 0.100000
	pigment { color rgbt <1,0,0,0> }
	no_shadow
}
cylinder {
	<29.681274, 41.448540, 34.023472>,  <29.674324, 41.339836, 34.408356>, 0.100000
	pigment { color rgbt <1,0,0,0> }
	no_shadow
}

// particle -1
sphere {
	<29.681274, 41.448540, 34.023472> 0.100000
	pigment { color rgbt <1,0,0,0> }
	no_shadow
}
sphere {
	0, 1
	scale<0.080000,0.200000,0.300000>
	matrix <-0.180304, -0.945726, -0.270356,
		-0.983457, 0.178188, 0.032566,
		0.017376, 0.271755, -0.962209,
		29.686487, 41.530067, 33.734810>
	pigment { color rgbt <0,1,1,0> }
	no_shadow
}
cylinder {
	<29.134050, 41.077259, 34.101536>,  <29.674324, 41.339836, 34.408356>, 0.130000
	pigment { color rgbt <1,0,0,0> }
	no_shadow
}

// nucleotide -1

// particle -1
sphere {
	<29.134050, 41.077259, 34.101536> 0.250000
	pigment { color rgbt <1,0,0,0> }
	no_shadow
}
cylinder {
	<29.350706, 41.111721, 33.767063>,  <29.480700, 41.132397, 33.566380>, 0.100000
	pigment { color rgbt <1,0,0,0> }
	no_shadow
}
cylinder {
	<29.350706, 41.111721, 33.767063>,  <29.134050, 41.077259, 34.101536>, 0.100000
	pigment { color rgbt <1,0,0,0> }
	no_shadow
}

// particle -1
sphere {
	<29.350706, 41.111721, 33.767063> 0.100000
	pigment { color rgbt <1,0,0,0> }
	no_shadow
}
sphere {
	0, 1
	scale<0.080000,0.200000,0.300000>
	matrix <-0.246587, -0.934689, -0.256031,
		-0.803631, 0.344869, -0.485018,
		0.541638, 0.086156, -0.836185,
		29.513197, 41.137569, 33.516209>
	pigment { color rgbt <0,1,1,0> }
	no_shadow
}
cylinder {
	<28.708385, 40.810749, 33.573162>,  <29.134050, 41.077259, 34.101536>, 0.130000
	pigment { color rgbt <1,0,0,0> }
	no_shadow
}

// nucleotide -1

// particle -1
sphere {
	<28.708385, 40.810749, 33.573162> 0.250000
	pigment { color rgbt <1,0,0,0> }
	no_shadow
}
cylinder {
	<29.064182, 40.826481, 33.391060>,  <29.277660, 40.835922, 33.281799>, 0.100000
	pigment { color rgbt <1,0,0,0> }
	no_shadow
}
cylinder {
	<29.064182, 40.826481, 33.391060>,  <28.708385, 40.810749, 33.573162>, 0.100000
	pigment { color rgbt <1,0,0,0> }
	no_shadow
}

// particle -1
sphere {
	<29.064182, 40.826481, 33.391060> 0.100000
	pigment { color rgbt <1,0,0,0> }
	no_shadow
}
sphere {
	0, 1
	scale<0.080000,0.200000,0.300000>
	matrix <-0.132221, -0.931515, -0.338818,
		-0.437405, 0.361570, -0.823374,
		0.889491, 0.039333, -0.455257,
		29.331030, 40.838280, 33.254482>
	pigment { color rgbt <0,1,1,0> }
	no_shadow
}
cylinder {
	<28.556932, 40.555714, 32.811981>,  <28.708385, 40.810749, 33.573162>, 0.130000
	pigment { color rgbt <1,0,0,0> }
	no_shadow
}

// nucleotide -1

// particle -1
sphere {
	<28.556932, 40.555714, 32.811981> 0.250000
	pigment { color rgbt <1,0,0,0> }
	no_shadow
}
cylinder {
	<28.946154, 40.518330, 32.896297>,  <29.179686, 40.495899, 32.946888>, 0.100000
	pigment { color rgbt <1,0,0,0> }
	no_shadow
}
cylinder {
	<28.946154, 40.518330, 32.896297>,  <28.556932, 40.555714, 32.811981>, 0.100000
	pigment { color rgbt <1,0,0,0> }
	no_shadow
}

// particle -1
sphere {
	<28.946154, 40.518330, 32.896297> 0.100000
	pigment { color rgbt <1,0,0,0> }
	no_shadow
}
sphere {
	0, 1
	scale<0.080000,0.200000,0.300000>
	matrix <-0.034198, -0.962561, -0.268898,
