// switches for output
#declare DRAW_BASES = 1; // possible values are 0, 1; only relevant for DNA ribbons
#declare DRAW_BASES_TYPE = 3; // possible values are 1, 2, 3; only relevant for DNA ribbons
#declare DRAW_FOG = 0; // set to 1 to enable fog

#include "colors.inc"

#include "transforms.inc"
background { rgb <1, 1, 1>}

#default {
   normal{
       ripples 0.25
       frequency 0.20
       turbulence 0.2
       lambda 5
   }
	finish {
		phong 0.1
		phong_size 40.
	}
}

// original window dimensions: 1024x640


// camera settings

camera {
	sky <0, 0.179814, -0.983701>
	up <0, 0.179814, -0.983701>
	right 1.6 * <1, 0, 0>
	location <35, 94.9851, 44.8844>
	look_at <35, 29.7336, 32.9568>
	direction <0, -65.2515, -11.9276>
	angle 67.0682
}


# declare cpy_camera_pos = <35, 94.9851, 44.8844>;
# if (DRAW_FOG = 1)
fog {
	fog_type 2
	up vnormalize(cpy_camera_pos)
	color rgbt<1,1,1,0.3>
	distance 1e-5
	fog_alt 3e-3
	fog_offset 56
}
# end


// LIGHTS

# declare lum = 6;
global_settings {
	ambient_light rgb lum * <0.05, 0.05, 0.05>
	max_trace_level 15
}# declare cpy_direct_light_amount = 0.25;
light_source
{	1000 * <-1, -1.16352, -0.803886>,
	rgb lum * cpy_direct_light_amount
	parallel
}

light_source
{	1000 * <1, 1.16352, 0.803886>,
	rgb lum * cpy_direct_light_amount
	parallel
}

// strand 0

// nucleotide -1

// particle -1
sphere {
	<24.353785, 34.695503, 35.133804> 0.250000
	pigment { color rgbt <1,0,0,0> }
	no_shadow
}
cylinder {
	<24.516182, 35.052124, 35.053493>,  <24.613621, 35.266094, 35.005306>, 0.100000
	pigment { color rgbt <1,0,0,0> }
	no_shadow
}
cylinder {
	<24.516182, 35.052124, 35.053493>,  <24.353785, 34.695503, 35.133804>, 0.100000
	pigment { color rgbt <1,0,0,0> }
	no_shadow
}

// particle -1
sphere {
	<24.516182, 35.052124, 35.053493> 0.100000
	pigment { color rgbt <1,0,0,0> }
	no_shadow
}
sphere {
	0, 1
	scale<0.080000,0.200000,0.300000>
	matrix <-0.623684, 0.430887, 0.652192,
		0.667973, -0.139564, 0.730982,
		0.405993, 0.891548, -0.200777,
		24.637980, 35.319588, 34.993259>
	pigment { color rgbt <0,1,1,0> }
	no_shadow
}
cylinder {
	<24.761072, 34.918797, 35.709229>,  <24.353785, 34.695503, 35.133804>, 0.130000
	pigment { color rgbt <1,0,0,0> }
	no_shadow
}

// nucleotide -1

// particle -1
sphere {
	<24.761072, 34.918797, 35.709229> 0.250000
	pigment { color rgbt <1,0,0,0> }
	no_shadow
}
cylinder {
	<24.543442, 35.180885, 35.499596>,  <24.412865, 35.338139, 35.373817>, 0.100000
	pigment { color rgbt <1,0,0,0> }
	no_shadow
}
cylinder {
	<24.543442, 35.180885, 35.499596>,  <24.761072, 34.918797, 35.709229>, 0.100000
	pigment { color rgbt <1,0,0,0> }
	no_shadow
}

// particle -1
sphere {
	<24.543442, 35.180885, 35.499596> 0.100000
	pigment { color rgbt <1,0,0,0> }
	no_shadow
}
sphere {
	0, 1
	scale<0.080000,0.200000,0.300000>
	matrix <-0.620346, 0.106430, 0.777074,
		0.564937, 0.747898, 0.348561,
		-0.544074, 0.655226, -0.524082,
		24.380219, 35.377453, 35.342373>
	pigment { color rgbt <0,1,1,0> }
	no_shadow
}
cylinder {
	<24.620056, 35.536015, 36.084476>,  <24.761072, 34.918797, 35.709229>, 0.130000
	pigment { color rgbt <1,0,0,0> }
	no_shadow
}

// nucleotide -1

// particle -1
sphere {
	<24.620056, 35.536015, 36.084476> 0.250000
	pigment { color rgbt <1,0,0,0> }
	no_shadow
}
cylinder {
	<24.327311, 35.491810, 35.815502>,  <24.151663, 35.465286, 35.654118>, 0.100000
	pigment { color rgbt <1,0,0,0> }
	no_shadow
}
cylinder {
	<24.327311, 35.491810, 35.815502>,  <24.620056, 35.536015, 36.084476>, 0.100000
	pigment { color rgbt <1,0,0,0> }
	no_shadow
}

// particle -1
sphere {
	<24.327311, 35.491810, 35.815502> 0.100000
	pigment { color rgbt <1,0,0,0> }
	no_shadow
}
sphere {
	0, 1
	scale<0.080000,0.200000,0.300000>
	matrix <-0.681327, 0.099808, 0.725142,
		-0.013022, 0.988851, -0.148339,
		-0.731863, -0.110510, -0.672431,
		24.107752, 35.458656, 35.613773>
	pigment { color rgbt <0,1,1,0> }
	no_shadow
}
cylinder {
	<24.915585, 35.952160, 36.607876>,  <24.620056, 35.536015, 36.084476>, 0.130000
	pigment { color rgbt <1,0,0,0> }
	no_shadow
}

// nucleotide -1

// particle -1
sphere {
	<24.915585, 35.952160, 36.607876> 0.250000
	pigment { color rgbt <1,0,0,0> }
	no_shadow
}
cylinder {
	<25.042877, 35.573578, 36.586166>,  <25.119253, 35.346428, 36.573139>, 0.100000
	pigment { color rgbt <1,0,0,0> }
	no_shadow
}
cylinder {
	<25.042877, 35.573578, 36.586166>,  <24.915585, 35.952160, 36.607876>, 0.100000
	pigment { color rgbt <1,0,0,0> }
	no_shadow
}

// particle -1
sphere {
	<25.042877, 35.573578, 36.586166> 0.100000
	pigment { color rgbt <1,0,0,0> }
	no_shadow
}
sphere {
	0, 1
	scale<0.080000,0.200000,0.300000>
	matrix <0.878211, 0.315879, -0.359119,
		0.357036, 0.066616, 0.931712,
		0.318231, -0.946458, -0.054277,
		25.138346, 35.289642, 36.569881>
	pigment { color rgbt <0,1,1,0> }
	no_shadow
}
cylinder {
	<25.566574, 36.152538, 36.442726>,  <24.915585, 35.952160, 36.607876>, 0.130000
	pigment { color rgbt <1,0,0,0> }
	no_shadow
}

// nucleotide -1

// particle -1
sphere {
	<25.566574, 36.152538, 36.442726> 0.250000
	pigment { color rgbt <1,0,0,0> }
	no_shadow
}
cylinder {
	<25.684151, 36.497204, 36.277256>,  <25.754696, 36.704002, 36.177975>, 0.100000
	pigment { color rgbt <1,0,0,0> }
	no_shadow
}
cylinder {
	<25.684151, 36.497204, 36.277256>,  <25.566574, 36.152538, 36.442726>, 0.100000
	pigment { color rgbt <1,0,0,0> }
	no_shadow
}

// particle -1
sphere {
	<25.684151, 36.497204, 36.277256> 0.100000
	pigment { color rgbt <1,0,0,0> }
	no_shadow
}
sphere {
	0, 1
	scale<0.080000,0.200000,0.300000>
	matrix <-0.688532, 0.491072, 0.533640,
		0.662965, 0.127971, 0.737632,
		0.293940, 0.861668, -0.413675,
		25.772333, 36.755703, 36.153152>
	pigment { color rgbt <0,1,1,0> }
	no_shadow
}
cylinder {
	<25.126219, 36.300976, 35.803986>,  <25.566574, 36.152538, 36.442726>, 0.130000
	pigment { color rgbt <1,0,0,0> }
	no_shadow
}

// nucleotide -1

// particle -1
sphere {
	<25.126219, 36.300976, 35.803986> 0.250000
	pigment { color rgbt <1,0,0,0> }
	no_shadow
}
cylinder {
	<24.753988, 36.447269, 35.810558>,  <24.530651, 36.535046, 35.814503>, 0.100000
	pigment { color rgbt <1,0,0,0> }
	no_shadow
}
cylinder {
	<24.753988, 36.447269, 35.810558>,  <25.126219, 36.300976, 35.803986>, 0.100000
	pigment { color rgbt <1,0,0,0> }
	no_shadow
}

// particle -1
sphere {
	<24.753988, 36.447269, 35.810558> 0.100000
	pigment { color rgbt <1,0,0,0> }
	no_shadow
}
sphere {
	0, 1
	scale<0.080000,0.200000,0.300000>
	matrix <-0.073544, -0.230722, 0.970236,
		0.358641, 0.901668, 0.241601,
		-0.930574, 0.365735, 0.016434,
		24.474815, 36.556992, 35.815487>
	pigment { color rgbt <0,1,1,0> }
	no_shadow
}
cylinder {
	<25.834391, 36.536530, 35.585194>,  <25.126219, 36.300976, 35.803986>, 0.130000
	pigment { color rgbt <1,0,0,0> }
	no_shadow
}

// nucleotide -1

// particle -1
sphere {
	<25.834391, 36.536530, 35.585194> 0.250000
	pigment { color rgbt <1,0,0,0> }
	no_shadow
}
cylinder {
	<25.678045, 36.603065, 35.947311>,  <25.584238, 36.642986, 36.164581>, 0.100000
	pigment { color rgbt <1,0,0,0> }
	no_shadow
}
cylinder {
	<25.678045, 36.603065, 35.947311>,  <25.834391, 36.536530, 35.585194>, 0.100000
	pigment { color rgbt <1,0,0,0> }
	no_shadow
}

// particle -1
sphere {
	<25.678045, 36.603065, 35.947311> 0.100000
	pigment { color rgbt <1,0,0,0> }
	no_shadow
}
sphere {
	0, 1
	scale<0.080000,0.200000,0.300000>
	matrix <-0.299078, 0.907218, -0.295818,
		-0.870505, -0.386378, -0.304851,
		-0.390864, 0.166337, 0.905294,
		25.560785, 36.652966, 36.218899>
	pigment { color rgbt <0,1,1,0> }
	no_shadow
}
cylinder {
	<25.222441, 36.924957, 35.463749>,  <25.834391, 36.536530, 35.585194>, 0.130000
	pigment { color rgbt <1,0,0,0> }
	no_shadow
}

// nucleotide -1

// particle -1
sphere {
	<25.222441, 36.924957, 35.463749> 0.250000
	pigment { color rgbt <1,0,0,0> }
	no_shadow
}
cylinder {
	<25.332792, 37.008408, 35.839062>,  <25.399004, 37.058475, 36.064247>, 0.100000
	pigment { color rgbt <1,0,0,0> }
	no_shadow
}
cylinder {
	<25.332792, 37.008408, 35.839062>,  <25.222441, 36.924957, 35.463749>, 0.100000
	pigment { color rgbt <1,0,0,0> }
	no_shadow
}

// particle -1
sphere {
	<25.332792, 37.008408, 35.839062> 0.100000
	pigment { color rgbt <1,0,0,0> }
	no_shadow
}
sphere {
	0, 1
	scale<0.080000,0.200000,0.300000>
	matrix <-0.176931, 0.970503, -0.163764,
		-0.944768, -0.120832, 0.304653,
		0.275879, 0.208621, 0.938279,
		25.415556, 37.070995, 36.120544>
	pigment { color rgbt <0,1,1,0> }
	no_shadow
}
cylinder {
	<24.788218, 37.378613, 35.891109>,  <25.222441, 36.924957, 35.463749>, 0.130000
	pigment { color rgbt <1,0,0,0> }
	no_shadow
}

// nucleotide -1

// particle -1
sphere {
	<24.788218, 37.378613, 35.891109> 0.250000
	pigment { color rgbt <1,0,0,0> }
	no_shadow
}
cylinder {
	<25.168659, 37.463596, 35.980789>,  <25.396925, 37.514587, 36.034595>, 0.100000
	pigment { color rgbt <1,0,0,0> }
	no_shadow
}
cylinder {
	<25.168659, 37.463596, 35.980789>,  <24.788218, 37.378613, 35.891109>, 0.100000
	pigment { color rgbt <1,0,0,0> }
	no_shadow
}

// particle -1
sphere {
	<25.168659, 37.463596, 35.980789> 0.100000
	pigment { color rgbt <1,0,0,0> }
	no_shadow
}
sphere {
	0, 1
	scale<0.080000,0.200000,0.300000>
	matrix <-0.146036, 0.948914, -0.279707,
		-0.272168, 0.233290, 0.933542,
		0.951103, 0.212459, 0.224195,
		25.453991, 37.527332, 36.048046>
	pigment { color rgbt <0,1,1,0> }
	no_shadow
}
cylinder {
	<24.809658, 38.108582, 36.188038>,  <24.788218, 37.378613, 35.891109>, 0.130000
	pigment { color rgbt <1,0,0,0> }
	no_shadow
}

// nucleotide -1

// particle -1
sphere {
	<24.809658, 38.108582, 36.188038> 0.250000
	pigment { color rgbt <1,0,0,0> }
	no_shadow
}
cylinder {
	<25.173887, 38.024685, 36.045567>,  <25.392426, 37.974346, 35.960083>, 0.100000
	pigment { color rgbt <1,0,0,0> }
	no_shadow
}
cylinder {
	<25.173887, 38.024685, 36.045567>,  <24.809658, 38.108582, 36.188038>, 0.100000
	pigment { color rgbt <1,0,0,0> }
	no_shadow
}

// particle -1
sphere {
	<25.173887, 38.024685, 36.045567> 0.100000
	pigment { color rgbt <1,0,0,0> }
	no_shadow
}
sphere {
	0, 1
	scale<0.080000,0.200000,0.300000>
	matrix <0.054284, 0.914918, -0.399974,
		0.409764, 0.344871, 0.844487,
		0.910575, -0.209737, -0.356179,
		25.447060, 37.961765, 35.938713>
	pigment { color rgbt <0,1,1,0> }
	no_shadow
}
cylinder {
	<25.259769, 38.717579, 36.315563>,  <24.809658, 38.108582, 36.188038>, 0.130000
	pigment { color rgbt <1,0,0,0> }
	no_shadow
}

// nucleotide -1

// particle -1
sphere {
	<25.259769, 38.717579, 36.315563> 0.250000
	pigment { color rgbt <1,0,0,0> }
	no_shadow
}
cylinder {
	<25.413012, 38.509258, 36.010406>,  <25.504957, 38.384266, 35.827312>, 0.100000
	pigment { color rgbt <1,0,0,0> }
	no_shadow
}
cylinder {
	<25.413012, 38.509258, 36.010406>,  <25.259769, 38.717579, 36.315563>, 0.100000
	pigment { color rgbt <1,0,0,0> }
	no_shadow
}

// particle -1
sphere {
	<25.413012, 38.509258, 36.010406> 0.100000
	pigment { color rgbt <1,0,0,0> }
	no_shadow
}
sphere {
	0, 1
	scale<0.080000,0.200000,0.300000>
	matrix <0.103769, 0.844938, -0.524701,
		0.917857, 0.121852, 0.377744,
		0.383106, -0.520799, -0.762888,
		25.527943, 38.353020, 35.781540>
	pigment { color rgbt <0,1,1,0> }
	no_shadow
}
cylinder {
	<25.790678, 39.094448, 36.023396>,  <25.259769, 38.717579, 36.315563>, 0.130000
	pigment { color rgbt <1,0,0,0> }
	no_shadow
}

// nucleotide -1

// particle -1
sphere {
	<25.790678, 39.094448, 36.023396> 0.250000
	pigment { color rgbt <1,0,0,0> }
	no_shadow
}
cylinder {
	<25.734060, 38.833244, 35.725796>,  <25.700090, 38.676521, 35.547234>, 0.100000
	pigment { color rgbt <1,0,0,0> }
	no_shadow
}
cylinder {
	<25.734060, 38.833244, 35.725796>,  <25.790678, 39.094448, 36.023396>, 0.100000
	pigment { color rgbt <1,0,0,0> }
	no_shadow
}

// particle -1
sphere {
	<25.734060, 38.833244, 35.725796> 0.100000
	pigment { color rgbt <1,0,0,0> }
	no_shadow
}
sphere {
	0, 1
	scale<0.080000,0.200000,0.300000>
	matrix <0.084446, 0.740865, -0.666324,
		0.986323, -0.157143, -0.049722,
		-0.141545, -0.653013, -0.744003,
		25.691597, 38.637341, 35.502594>
	pigment { color rgbt <0,1,1,0> }
	no_shadow
}
cylinder {
	<26.469620, 39.052422, 35.596626>,  <25.790678, 39.094448, 36.023396>, 0.130000
	pigment { color rgbt <1,0,0,0> }
	no_shadow
}

// nucleotide -1

// particle -1
sphere {
	<26.469620, 39.052422, 35.596626> 0.250000
	pigment { color rgbt <1,0,0,0> }
	no_shadow
}
cylinder {
	<26.132372, 38.978886, 35.394497>,  <25.930023, 38.934765, 35.273220>, 0.100000
	pigment { color rgbt <1,0,0,0> }
	no_shadow
}
cylinder {
	<26.132372, 38.978886, 35.394497>,  <26.469620, 39.052422, 35.596626>, 0.100000
	pigment { color rgbt <1,0,0,0> }
	no_shadow
}

// particle -1
sphere {
	<26.132372, 38.978886, 35.394497> 0.100000
	pigment { color rgbt <1,0,0,0> }
	no_shadow
}
sphere {
	0, 1
	scale<0.080000,0.200000,0.300000>
	matrix <0.284777, 0.644472, -0.709618,
		0.456122, -0.742198, -0.491014,
		-0.843122, -0.183842, -0.505319,
		25.879435, 38.923733, 35.242901>
	pigment { color rgbt <0,1,1,0> }
	no_shadow
}
cylinder {
	<26.685812, 39.282547, 34.892982>,  <26.469620, 39.052422, 35.596626>, 0.130000
	pigment { color rgbt <1,0,0,0> }
	no_shadow
}

// nucleotide -1

// particle -1
sphere {
	<26.685812, 39.282547, 34.892982> 0.250000
	pigment { color rgbt <1,0,0,0> }
	no_shadow
}
cylinder {
	<26.304651, 39.187828, 34.817188>,  <26.075954, 39.130997, 34.771709>, 0.100000
	pigment { color rgbt <1,0,0,0> }
	no_shadow
}
cylinder {
	<26.304651, 39.187828, 34.817188>,  <26.685812, 39.282547, 34.892982>, 0.100000
	pigment { color rgbt <1,0,0,0> }
	no_shadow
}

// particle -1
sphere {
	<26.304651, 39.187828, 34.817188> 0.100000
	pigment { color rgbt <1,0,0,0> }
	no_shadow
}
sphere {
	0, 1
	scale<0.080000,0.200000,0.300000>
	matrix <0.111811, 0.306497, -0.945282,
		0.281909, -0.921950, -0.265587,
		-0.952904, -0.236788, -0.189488,
		26.018782, 39.116791, 34.760342>
	pigment { color rgbt <0,1,1,0> }
	no_shadow
}
cylinder {
	<26.781610, 38.931664, 34.305050>,  <26.685812, 39.282547, 34.892982>, 0.130000
	pigment { color rgbt <1,0,0,0> }
	no_shadow
}

// nucleotide -1

// particle -1
sphere {
	<26.781610, 38.931664, 34.305050> 0.250000
	pigment { color rgbt <1,0,0,0> }
	no_shadow
}
cylinder {
	<26.387671, 38.996056, 34.330837>,  <26.151306, 39.034691, 34.346310>, 0.100000
	pigment { color rgbt <1,0,0,0> }
	no_shadow
}
cylinder {
	<26.387671, 38.996056, 34.330837>,  <26.781610, 38.931664, 34.305050>, 0.100000
	pigment { color rgbt <1,0,0,0> }
	no_shadow
}

// particle -1
sphere {
	<26.387671, 38.996056, 34.330837> 0.100000
	pigment { color rgbt <1,0,0,0> }
	no_shadow
}
sphere {
	0, 1
	scale<0.080000,0.200000,0.300000>
	matrix <-0.020030, 0.263693, -0.964399,
		-0.172248, -0.951079, -0.256474,
		-0.984850, 0.160978, 0.064471,
		26.092215, 39.044350, 34.350178>
	pigment { color rgbt <0,1,1,0> }
	no_shadow
}
cylinder {
	<26.565781, 38.519386, 33.801659>,  <26.781610, 38.931664, 34.305050>, 0.130000
	pigment { color rgbt <1,0,0,0> }
	no_shadow
}

// nucleotide -1

// particle -1
sphere {
	<26.565781, 38.519386, 33.801659> 0.250000
	pigment { color rgbt <1,0,0,0> }
	no_shadow
}
cylinder {
	<26.298132, 38.807312, 33.875561>,  <26.137543, 38.980068, 33.919903>, 0.100000
	pigment { color rgbt <1,0,0,0> }
	no_shadow
}
cylinder {
	<26.298132, 38.807312, 33.875561>,  <26.565781, 38.519386, 33.801659>, 0.100000
	pigment { color rgbt <1,0,0,0> }
	no_shadow
}

// particle -1
sphere {
	<26.298132, 38.807312, 33.875561> 0.100000
	pigment { color rgbt <1,0,0,0> }
	no_shadow
}
sphere {
	0, 1
	scale<0.080000,0.200000,0.300000>
	matrix <0.010730, 0.257947, -0.966099,
		-0.743074, -0.644457, -0.180322,
		-0.669123, 0.719818, 0.184759,
		26.097395, 39.023258, 33.930988>
	pigment { color rgbt <0,1,1,0> }
	no_shadow
}
cylinder {
	<25.927307, 38.334938, 33.399494>,  <26.565781, 38.519386, 33.801659>, 0.130000
	pigment { color rgbt <1,0,0,0> }
	no_shadow
}

// nucleotide -1

// particle -1
sphere {
	<25.927307, 38.334938, 33.399494> 0.250000
	pigment { color rgbt <1,0,0,0> }
	no_shadow
}
cylinder {
	<25.952143, 38.732311, 33.437943>,  <25.967045, 38.970734, 33.461010>, 0.100000
	pigment { color rgbt <1,0,0,0> }
	no_shadow
}
cylinder {
	<25.952143, 38.732311, 33.437943>,  <25.927307, 38.334938, 33.399494>, 0.100000
	pigment { color rgbt <1,0,0,0> }
	no_shadow
}

// particle -1
sphere {
	<25.952143, 38.732311, 33.437943> 0.100000
	pigment { color rgbt <1,0,0,0> }
	no_shadow
}
sphere {
	0, 1
	scale<0.080000,0.200000,0.300000>
	matrix <-0.034337, 0.098372, -0.994557,
		-0.997480, 0.058451, 0.040219,
		0.062089, 0.993431, 0.096117,
		25.970770, 39.030342, 33.466778>
	pigment { color rgbt <0,1,1,0> }
	no_shadow
}
cylinder {
	<25.604040, 38.636452, 32.749672>,  <25.927307, 38.334938, 33.399494>, 0.130000
	pigment { color rgbt <1,0,0,0> }
	no_shadow
}

// nucleotide -1

// particle -1
sphere {
	<25.604040, 38.636452, 32.749672> 0.250000
	pigment { color rgbt <1,0,0,0> }
	no_shadow
}
cylinder {
	<25.779036, 38.971645, 32.880142>,  <25.884033, 39.172760, 32.958424>, 0.100000
	pigment { color rgbt <1,0,0,0> }
	no_shadow
}
cylinder {
	<25.779036, 38.971645, 32.880142>,  <25.604040, 38.636452, 32.749672>, 0.100000
	pigment { color rgbt <1,0,0,0> }
	no_shadow
}

// particle -1
sphere {
	<25.779036, 38.971645, 32.880142> 0.100000
	pigment { color rgbt <1,0,0,0> }
	no_shadow
}
sphere {
	0, 1
	scale<0.080000,0.200000,0.300000>
	matrix <0.160951, 0.283897, -0.945250,
		-0.884703, 0.466034, -0.010672,
		0.437489, 0.837983, 0.326173,
		25.910282, 39.223042, 32.977993>
	pigment { color rgbt <0,1,1,0> }
	no_shadow
}
cylinder {
	<25.214514, 39.258663, 32.416256>,  <25.604040, 38.636452, 32.749672>, 0.130000
	pigment { color rgbt <1,0,0,0> }
	no_shadow
}

// nucleotide -1

// particle -1
sphere {
	<25.214514, 39.258663, 32.416256> 0.250000
	pigment { color rgbt <1,0,0,0> }
	no_shadow
}
cylinder {
	<25.586382, 39.360508, 32.522755>,  <25.809502, 39.421616, 32.586655>, 0.100000
	pigment { color rgbt <1,0,0,0> }
	no_shadow
}
cylinder {
	<25.586382, 39.360508, 32.522755>,  <25.214514, 39.258663, 32.416256>, 0.100000
	pigment { color rgbt <1,0,0,0> }
	no_shadow
}

// particle -1
sphere {
	<25.586382, 39.360508, 32.522755> 0.100000
	pigment { color rgbt <1,0,0,0> }
	no_shadow
}
sphere {
	0, 1
	scale<0.080000,0.200000,0.300000>
	matrix <0.206663, 0.237854, -0.949061,
		-0.304968, 0.937337, 0.168507,
		0.929669, 0.254609, 0.266250,
		25.865282, 39.436890, 32.602631>
	pigment { color rgbt <0,1,1,0> }
	no_shadow
}
cylinder {
	<25.295525, 39.899971, 32.110596>,  <25.214514, 39.258663, 32.416256>, 0.130000
	pigment { color rgbt <1,0,0,0> }
	no_shadow
}

// nucleotide -1

// particle -1
sphere {
	<25.295525, 39.899971, 32.110596> 0.250000
	pigment { color rgbt <1,0,0,0> }
	no_shadow
}
cylinder {
	<25.656641, 39.758541, 32.208538>,  <25.873310, 39.673683, 32.267303>, 0.100000
	pigment { color rgbt <1,0,0,0> }
	no_shadow
}
cylinder {
	<25.656641, 39.758541, 32.208538>,  <25.295525, 39.899971, 32.110596>, 0.100000
	pigment { color rgbt <1,0,0,0> }
	no_shadow
}

// particle -1
sphere {
	<25.656641, 39.758541, 32.208538> 0.100000
	pigment { color rgbt <1,0,0,0> }
	no_shadow
}
sphere {
	0, 1
	scale<0.080000,0.200000,0.300000>
	matrix <0.329166, 0.201624, -0.922495,
		0.276803, 0.913418, 0.298409,
		0.902790, -0.353575, 0.244856,
		25.927479, 39.652470, 32.281994>
	pigment { color rgbt <0,1,1,0> }
	no_shadow
}
cylinder {
	<25.769606, 40.443207, 31.931501>,  <25.295525, 39.899971, 32.110596>, 0.130000
	pigment { color rgbt <1,0,0,0> }
	no_shadow
}

// nucleotide -1

// particle -1
sphere {
	<25.769606, 40.443207, 31.931501> 0.250000
	pigment { color rgbt <1,0,0,0> }
	no_shadow
}
cylinder {
	<25.977068, 40.102642, 31.962723>,  <26.101545, 39.898304, 31.981455>, 0.100000
	pigment { color rgbt <1,0,0,0> }
	no_shadow
}
cylinder {
	<25.977068, 40.102642, 31.962723>,  <25.769606, 40.443207, 31.931501>, 0.100000
	pigment { color rgbt <1,0,0,0> }
	no_shadow
}

// particle -1
sphere {
	<25.977068, 40.102642, 31.962723> 0.100000
	pigment { color rgbt <1,0,0,0> }
	no_shadow
}
sphere {
	0, 1
	scale<0.080000,0.200000,0.300000>
	matrix <0.246344, 0.061394, -0.967236,
		0.818725, 0.520890, 0.241583,
		0.518656, -0.851413, 0.078053,
		26.132666, 39.847218, 31.986139>
	pigment { color rgbt <0,1,1,0> }
	no_shadow
}
cylinder {
	<26.462387, 40.624577, 31.552885>,  <25.769606, 40.443207, 31.931501>, 0.130000
	pigment { color rgbt <1,0,0,0> }
	no_shadow
}

// nucleotide -1

// particle -1
sphere {
	<26.462387, 40.624577, 31.552885> 0.250000
	pigment { color rgbt <1,0,0,0> }
	no_shadow
}
cylinder {
	<26.433676, 40.225948, 31.569387>,  <26.416449, 39.986771, 31.579288>, 0.100000
	pigment { color rgbt <1,0,0,0> }
	no_shadow
}
cylinder {
	<26.433676, 40.225948, 31.569387>,  <26.462387, 40.624577, 31.552885>, 0.100000
	pigment { color rgbt <1,0,0,0> }
	no_shadow
}

// particle -1
sphere {
	<26.433676, 40.225948, 31.569387> 0.100000
	pigment { color rgbt <1,0,0,0> }
	no_shadow
}
sphere {
	0, 1
	scale<0.080000,0.200000,0.300000>
	matrix <0.302563, -0.061169, -0.951164,
		0.950423, -0.055790, 0.305915,
		-0.071778, -0.996567, 0.041256,
		26.412142, 39.926979, 31.581764>
	pigment { color rgbt <0,1,1,0> }
	no_shadow
}
cylinder {
	<26.948729, 40.531956, 31.115688>,  <26.462387, 40.624577, 31.552885>, 0.130000
	pigment { color rgbt <1,0,0,0> }
	no_shadow
}

// nucleotide -1

// particle -1
sphere {
	<26.948729, 40.531956, 31.115688> 0.250000
	pigment { color rgbt <1,0,0,0> }
	no_shadow
}
cylinder {
	<26.728842, 40.198071, 31.128765>,  <26.596910, 39.997738, 31.136610>, 0.100000
	pigment { color rgbt <1,0,0,0> }
	no_shadow
}
cylinder {
	<26.728842, 40.198071, 31.128765>,  <26.948729, 40.531956, 31.115688>, 0.100000
	pigment { color rgbt <1,0,0,0> }
	no_shadow
}

// particle -1
sphere {
	<26.728842, 40.198071, 31.128765> 0.100000
	pigment { color rgbt <1,0,0,0> }
	no_shadow
}
sphere {
	0, 1
	scale<0.080000,0.200000,0.300000>
	matrix <0.259467, -0.207814, -0.943128,
		0.794034, -0.509970, 0.330819,
		-0.549715, -0.834712, 0.032691,
		26.563927, 39.947659, 31.138573>
	pigment { color rgbt <0,1,1,0> }
	no_shadow
}
cylinder {
	<27.383345, 40.022984, 30.832531>,  <26.948729, 40.531956, 31.115688>, 0.130000
	pigment { color rgbt <1,0,0,0> }
	no_shadow
}

// nucleotide -1

// particle -1
sphere {
	<27.383345, 40.022984, 30.832531> 0.250000
	pigment { color rgbt <1,0,0,0> }
	no_shadow
}
cylinder {
	<27.003023, 39.903988, 30.797947>,  <26.774830, 39.832592, 30.777197>, 0.100000
	pigment { color rgbt <1,0,0,0> }
	no_shadow
}
cylinder {
	<27.003023, 39.903988, 30.797947>,  <27.383345, 40.022984, 30.832531>, 0.100000
	pigment { color rgbt <1,0,0,0> }
	no_shadow
}

// particle -1
sphere {
	<27.003023, 39.903988, 30.797947> 0.100000
	pigment { color rgbt <1,0,0,0> }
	no_shadow
}
sphere {
	0, 1
	scale<0.080000,0.200000,0.300000>
	matrix <0.105521, -0.048587, -0.993229,
		0.291270, -0.953489, 0.077588,
		-0.950804, -0.297485, -0.086461,
		26.717783, 39.814743, 30.772009>
	pigment { color rgbt <0,1,1,0> }
	no_shadow
}
cylinder {
	<27.418205, 39.542953, 30.270565>,  <27.383345, 40.022984, 30.832531>, 0.130000
	pigment { color rgbt <1,0,0,0> }
	no_shadow
}

// nucleotide -1

// particle -1
sphere {
	<27.418205, 39.542953, 30.270565> 0.250000
	pigment { color rgbt <1,0,0,0> }
	no_shadow
}
cylinder {
	<27.024908, 39.615051, 30.281479>,  <26.788929, 39.658310, 30.288027>, 0.100000
	pigment { color rgbt <1,0,0,0> }
	no_shadow
}
cylinder {
	<27.024908, 39.615051, 30.281479>,  <27.418205, 39.542953, 30.270565>, 0.100000
	pigment { color rgbt <1,0,0,0> }
	no_shadow
}

// particle -1
sphere {
	<27.024908, 39.615051, 30.281479> 0.100000
	pigment { color rgbt <1,0,0,0> }
	no_shadow
}
sphere {
	0, 1
	scale<0.080000,0.200000,0.300000>
	matrix <-0.050165, -0.123629, -0.991060,
		-0.175269, -0.975820, 0.130600,
		-0.983242, 0.180254, 0.027283,
		26.729935, 39.669125, 30.289663>
	pigment { color rgbt <0,1,1,0> }
	no_shadow
}
cylinder {
	<27.038130, 39.030006, 29.857170>,  <27.418205, 39.542953, 30.270565>, 0.130000
	pigment { color rgbt <1,0,0,0> }
	no_shadow
}

// nucleotide -1

// particle -1
sphere {
	<27.038130, 39.030006, 29.857170> 0.250000
	pigment { color rgbt <1,0,0,0> }
	no_shadow
}
cylinder {
	<26.819941, 39.364414, 29.880919>,  <26.689026, 39.565060, 29.895166>, 0.100000
	pigment { color rgbt <1,0,0,0> }
	no_shadow
}
cylinder {
	<26.819941, 39.364414, 29.880919>,  <27.038130, 39.030006, 29.857170>, 0.100000
	pigment { color rgbt <1,0,0,0> }
	no_shadow
}

// particle -1
sphere {
	<26.819941, 39.364414, 29.880919> 0.100000
	pigment { color rgbt <1,0,0,0> }
	no_shadow
}
sphere {
	0, 1
	scale<0.080000,0.200000,0.300000>
	matrix <-0.053474, 0.035977, -0.997921,
		-0.836419, -0.547516, 0.025080,
		-0.545475, 0.836022, 0.059370,
		26.656298, 39.615219, 29.898729>
	pigment { color rgbt <0,1,1,0> }
	no_shadow
}
cylinder {
	<26.318369, 38.901379, 29.635611>,  <27.038130, 39.030006, 29.857170>, 0.130000
	pigment { color rgbt <1,0,0,0> }
	no_shadow
}

// nucleotide -1

// particle -1
sphere {
	<26.318369, 38.901379, 29.635611> 0.250000
	pigment { color rgbt <1,0,0,0> }
	no_shadow
}
cylinder {
	<26.476114, 39.266949, 29.597206>,  <26.570761, 39.486290, 29.574163>, 0.100000
	pigment { color rgbt <1,0,0,0> }
	no_shadow
}
cylinder {
	<26.476114, 39.266949, 29.597206>,  <26.318369, 38.901379, 29.635611>, 0.100000
	pigment { color rgbt <1,0,0,0> }
	no_shadow
}

// particle -1
sphere {
	<26.476114, 39.266949, 29.597206> 0.100000
	pigment { color rgbt <1,0,0,0> }
	no_shadow
}
sphere {
	0, 1
	scale<0.080000,0.200000,0.300000>
	matrix <-0.040325, -0.087165, -0.995377,
		-0.918069, 0.396412, 0.002480,
		0.394364, 0.913925, -0.096009,
		26.594423, 39.541126, 29.568403>
	pigment { color rgbt <0,1,1,0> }
	no_shadow
}
cylinder {
	<25.872398, 39.269772, 29.151962>,  <26.318369, 38.901379, 29.635611>, 0.130000
	pigment { color rgbt <1,0,0,0> }
	no_shadow
}

// nucleotide -1

// particle -1
sphere {
	<25.872398, 39.269772, 29.151962> 0.250000
	pigment { color rgbt <1,0,0,0> }
	no_shadow
}
cylinder {
	<26.240952, 39.425007, 29.143555>,  <26.462084, 39.518147, 29.138510>, 0.100000
	pigment { color rgbt <1,0,0,0> }
	no_shadow
}
cylinder {
	<26.240952, 39.425007, 29.143555>,  <25.872398, 39.269772, 29.151962>, 0.100000
	pigment { color rgbt <1,0,0,0> }
	no_shadow
}

// particle -1
sphere {
	<26.240952, 39.425007, 29.143555> 0.100000
	pigment { color rgbt <1,0,0,0> }
	no_shadow
}
sphere {
	0, 1
	scale<0.080000,0.200000,0.300000>
	matrix <0.007964, -0.072920, -0.997306,
		-0.388574, 0.918733, -0.070278,
		0.921383, 0.388087, -0.021018,
		26.517366, 39.541431, 29.137249>
	pigment { color rgbt <0,1,1,0> }
	no_shadow
}
cylinder {
	<26.186375, 39.125553, 28.557877>,  <25.872398, 39.269772, 29.151962>, 0.130000
	pigment { color rgbt <1,0,0,0> }
	no_shadow
}

// nucleotide -1

// particle -1
sphere {
	<26.186375, 39.125553, 28.557877> 0.250000
	pigment { color rgbt <1,0,0,0> }
	no_shadow
}
cylinder {
	<25.897837, 38.948189, 28.770685>,  <25.724714, 38.841770, 28.898371>, 0.100000
	pigment { color rgbt <1,0,0,0> }
	no_shadow
}
cylinder {
	<25.897837, 38.948189, 28.770685>,  <26.186375, 39.125553, 28.557877>, 0.100000
	pigment { color rgbt <1,0,0,0> }
	no_shadow
}

// particle -1
sphere {
	<25.897837, 38.948189, 28.770685> 0.100000
	pigment { color rgbt <1,0,0,0> }
	no_shadow
}
sphere {
	0, 1
	scale<0.080000,0.200000,0.300000>
	matrix <-0.589957, -0.008984, -0.807384,
		0.362782, -0.896273, -0.255113,
		-0.721345, -0.443411, 0.532022,
		25.681433, 38.815166, 28.930292>
	pigment { color rgbt <0,1,1,0> }
	no_shadow
}
cylinder {
	<25.934072, 38.458862, 28.213711>,  <26.186375, 39.125553, 28.557877>, 0.130000
	pigment { color rgbt <1,0,0,0> }
	no_shadow
}

// nucleotide -1

// particle -1
sphere {
	<25.934072, 38.458862, 28.213711> 0.250000
	pigment { color rgbt <1,0,0,0> }
	no_shadow
}
cylinder {
	<25.654902, 38.660267, 28.417425>,  <25.487400, 38.781109, 28.539654>, 0.100000
	pigment { color rgbt <1,0,0,0> }
	no_shadow
}
cylinder {
	<25.654902, 38.660267, 28.417425>,  <25.934072, 38.458862, 28.213711>, 0.100000
	pigment { color rgbt <1,0,0,0> }
	no_shadow
}

// particle -1
sphere {
	<25.654902, 38.660267, 28.417425> 0.100000
	pigment { color rgbt <1,0,0,0> }
	no_shadow
}
sphere {
	0, 1
	scale<0.080000,0.200000,0.300000>
	matrix <-0.592460, -0.006406, -0.805575,
		-0.402357, -0.863962, 0.302784,
		-0.697926, 0.503515, 0.509285,
		25.445524, 38.811321, 28.570211>
	pigment { color rgbt <0,1,1,0> }
	no_shadow
}
cylinder {
	<26.285067, 39.017666, 27.744223>,  <25.934072, 38.458862, 28.213711>, 0.130000
	pigment { color rgbt <1,0,0,0> }
	no_shadow
}

// nucleotide -1

// particle -1
sphere {
	<26.285067, 39.017666, 27.744223> 0.250000
	pigment { color rgbt <1,0,0,0> }
	no_shadow
}
cylinder {
	<26.555204, 38.724857, 27.780121>,  <26.717287, 38.549171, 27.801661>, 0.100000
	pigment { color rgbt <1,0,0,0> }
	no_shadow
}
cylinder {
	<26.555204, 38.724857, 27.780121>,  <26.285067, 39.017666, 27.744223>, 0.100000
	pigment { color rgbt <1,0,0,0> }
	no_shadow
}

// particle -1
sphere {
	<26.555204, 38.724857, 27.780121> 0.100000
	pigment { color rgbt <1,0,0,0> }
	no_shadow
}
sphere {
	0, 1
	scale<0.080000,0.200000,0.300000>
	matrix <-0.595514, -0.613052, -0.519163,
		0.435058, 0.297168, -0.849950,
		0.675343, -0.732023, 0.089746,
		26.757807, 38.505249, 27.807045>
	pigment { color rgbt <0,1,1,0> }
	no_shadow
}
cylinder {
	<26.460299, 38.689804, 27.027081>,  <26.285067, 39.017666, 27.744223>, 0.130000
	pigment { color rgbt <1,0,0,0> }
	no_shadow
}

// nucleotide -1

// particle -1
sphere {
	<26.460299, 38.689804, 27.027081> 0.250000
	pigment { color rgbt <1,0,0,0> }
	no_shadow
}
cylinder {
	<26.509995, 38.453285, 27.345812>,  <26.539812, 38.311375, 27.537050>, 0.100000
	pigment { color rgbt <1,0,0,0> }
	no_shadow
}
cylinder {
	<26.509995, 38.453285, 27.345812>,  <26.460299, 38.689804, 27.027081>, 0.100000
	pigment { color rgbt <1,0,0,0> }
	no_shadow
}

// particle -1
sphere {
	<26.509995, 38.453285, 27.345812> 0.100000
	pigment { color rgbt <1,0,0,0> }
	no_shadow
}
sphere {
	0, 1
	scale<0.080000,0.200000,0.300000>
	matrix <-0.390397, -0.767413, -0.508594,
		0.912225, -0.247891, -0.326183,
		0.124242, -0.591293, 0.796829,
		26.547268, 38.275898, 27.584860>
	pigment { color rgbt <0,1,1,0> }
	no_shadow
}
cylinder {
	<26.669031, 38.108269, 26.859489>,  <26.460299, 38.689804, 27.027081>, 0.130000
	pigment { color rgbt <1,0,0,0> }
	no_shadow
}

// nucleotide -1

// particle -1
sphere {
	<26.669031, 38.108269, 26.859489> 0.250000
	pigment { color rgbt <1,0,0,0> }
	no_shadow
}
cylinder {
	<26.466837, 38.026024, 27.194679>,  <26.345520, 37.976677, 27.395794>, 0.100000
	pigment { color rgbt <1,0,0,0> }
	no_shadow
}
cylinder {
	<26.466837, 38.026024, 27.194679>,  <26.669031, 38.108269, 26.859489>, 0.100000
	pigment { color rgbt <1,0,0,0> }
	no_shadow
}

// particle -1
sphere {
	<26.466837, 38.026024, 27.194679> 0.100000
	pigment { color rgbt <1,0,0,0> }
	no_shadow
}
sphere {
	0, 1
	scale<0.080000,0.200000,0.300000>
	matrix <-0.459902, -0.757525, -0.463298,
		0.730050, -0.619579, 0.288356,
		-0.505487, -0.205615, 0.837977,
		26.315191, 37.964340, 27.446072>
	pigment { color rgbt <0,1,1,0> }
	no_shadow
}
cylinder {
	<26.648272, 37.408577, 26.748964>,  <26.669031, 38.108269, 26.859489>, 0.130000
	pigment { color rgbt <1,0,0,0> }
	no_shadow
}

// nucleotide -1

// particle -1
sphere {
	<26.648272, 37.408577, 26.748964> 0.250000
	pigment { color rgbt <1,0,0,0> }
	no_shadow
}
cylinder {
	<26.362236, 37.584000, 26.966703>,  <26.190615, 37.689255, 27.097347>, 0.100000
	pigment { color rgbt <1,0,0,0> }
	no_shadow
}
cylinder {
	<26.362236, 37.584000, 26.966703>,  <26.648272, 37.408577, 26.748964>, 0.100000
	pigment { color rgbt <1,0,0,0> }
	no_shadow
}

// particle -1
sphere {
	<26.362236, 37.584000, 26.966703> 0.100000
	pigment { color rgbt <1,0,0,0> }
	no_shadow
}
sphere {
	0, 1
	scale<0.080000,0.200000,0.300000>
	matrix <-0.677398, -0.626983, -0.384739,
		0.172565, -0.643863, 0.745427,
		-0.715089, 0.438559, 0.544347,
		26.147709, 37.715569, 27.130007>
	pigment { color rgbt <0,1,1,0> }
	no_shadow
}
cylinder {
	<26.303938, 36.882412, 27.123367>,  <26.648272, 37.408577, 26.748964>, 0.130000
	pigment { color rgbt <1,0,0,0> }
	no_shadow
}

// nucleotide -1

// particle -1
sphere {
	<26.303938, 36.882412, 27.123367> 0.250000
	pigment { color rgbt <1,0,0,0> }
	no_shadow
}
cylinder {
	<26.068007, 37.194977, 27.041885>,  <25.926447, 37.382515, 26.992996>, 0.100000
	pigment { color rgbt <1,0,0,0> }
	no_shadow
}
cylinder {
	<26.068007, 37.194977, 27.041885>,  <26.303938, 36.882412, 27.123367>, 0.100000
	pigment { color rgbt <1,0,0,0> }
	no_shadow
}

// particle -1
sphere {
	<26.068007, 37.194977, 27.041885> 0.100000
	pigment { color rgbt <1,0,0,0> }
	no_shadow
}
sphere {
	0, 1
	scale<0.080000,0.200000,0.300000>
	matrix <-0.676241, -0.615834, -0.404285,
		-0.441363, -0.100704, 0.891660,
		-0.589828, 0.781413, -0.203706,
		25.891058, 37.429401, 26.980774>
	pigment { color rgbt <0,1,1,0> }
	no_shadow
}
cylinder {
	<26.385521, 36.459595, 27.765959>,  <26.303938, 36.882412, 27.123367>, 0.130000
	pigment { color rgbt <1,0,0,0> }
	no_shadow
}

// nucleotide -1

// particle -1
sphere {
	<26.385521, 36.459595, 27.765959> 0.250000
	pigment { color rgbt <1,0,0,0> }
	no_shadow
}
cylinder {
	<26.771881, 36.486519, 27.665951>,  <27.003696, 36.502670, 27.605946>, 0.100000
	pigment { color rgbt <1,0,0,0> }
	no_shadow
}
cylinder {
	<26.771881, 36.486519, 27.665951>,  <26.385521, 36.459595, 27.765959>, 0.100000
	pigment { color rgbt <1,0,0,0> }
	no_shadow
}

// particle -1
sphere {
	<26.771881, 36.486519, 27.665951> 0.100000
	pigment { color rgbt <1,0,0,0> }
	no_shadow
}
sphere {
	0, 1
	scale<0.080000,0.200000,0.300000>
	matrix <0.258564, -0.200178, 0.945026,
		0.013558, -0.977445, -0.210755,
		0.965899, 0.067307, -0.250018,
		27.061651, 36.506710, 27.590944>
	pigment { color rgbt <0,1,1,0> }
	no_shadow
}
cylinder {
	<26.713388, 35.837429, 28.088383>,  <26.385521, 36.459595, 27.765959>, 0.130000
	pigment { color rgbt <1,0,0,0> }
	no_shadow
}

// nucleotide -1

// particle -1
sphere {
	<26.713388, 35.837429, 28.088383> 0.250000
	pigment { color rgbt <1,0,0,0> }
	no_shadow
}
cylinder {
	<26.975336, 36.135448, 28.037714>,  <27.132505, 36.314262, 28.007313>, 0.100000
	pigment { color rgbt <1,0,0,0> }
	no_shadow
}
cylinder {
	<26.975336, 36.135448, 28.037714>,  <26.713388, 35.837429, 28.088383>, 0.100000
	pigment { color rgbt <1,0,0,0> }
	no_shadow
}

// particle -1
sphere {
	<26.975336, 36.135448, 28.037714> 0.100000
	pigment { color rgbt <1,0,0,0> }
	no_shadow
}
sphere {
	0, 1
	scale<0.080000,0.200000,0.300000>
	matrix <0.334065, -0.135032, 0.932827,
		0.677898, -0.653197, -0.337324,
		0.654870, 0.745050, -0.126673,
		27.171797, 36.358963, 27.999712>
	pigment { color rgbt <0,1,1,0> }
	no_shadow
}
cylinder {
	<27.357002, 35.637249, 28.378197>,  <26.713388, 35.837429, 28.088383>, 0.130000
	pigment { color rgbt <1,0,0,0> }
	no_shadow
}

// nucleotide -1

// particle -1
sphere {
	<27.357002, 35.637249, 28.378197> 0.250000
	pigment { color rgbt <1,0,0,0> }
	no_shadow
}
cylinder {
	<27.384853, 36.036270, 28.380587>,  <27.401564, 36.275684, 28.382021>, 0.100000
	pigment { color rgbt <1,0,0,0> }
	no_shadow
}
cylinder {
	<27.384853, 36.036270, 28.380587>,  <27.357002, 35.637249, 28.378197>, 0.100000
	pigment { color rgbt <1,0,0,0> }
	no_shadow
}

// particle -1
sphere {
	<27.384853, 36.036270, 28.380587> 0.100000
	pigment { color rgbt <1,0,0,0> }
	no_shadow
}
sphere {
	0, 1
	scale<0.080000,0.200000,0.300000>
	matrix <0.276950, -0.025084, 0.960557,
		0.958358, -0.065228, -0.278019,
		0.069629, 0.997555, 0.005974,
		27.405743, 36.335537, 28.382380>
	pigment { color rgbt <0,1,1,0> }
	no_shadow
}
cylinder {
	<27.859371, 35.723797, 28.772549>,  <27.357002, 35.637249, 28.378197>, 0.130000
	pigment { color rgbt <1,0,0,0> }
	no_shadow
}

// nucleotide -1

// particle -1
sphere {
	<27.859371, 35.723797, 28.772549> 0.250000
	pigment { color rgbt <1,0,0,0> }
	no_shadow
}
cylinder {
	<27.661266, 36.070366, 28.797932>,  <27.542404, 36.278309, 28.813162>, 0.100000
	pigment { color rgbt <1,0,0,0> }
	no_shadow
}
cylinder {
	<27.661266, 36.070366, 28.797932>,  <27.859371, 35.723797, 28.772549>, 0.100000
	pigment { color rgbt <1,0,0,0> }
	no_shadow
}

// particle -1
sphere {
	<27.661266, 36.070366, 28.797932> 0.100000
	pigment { color rgbt <1,0,0,0> }
	no_shadow
}
sphere {
	0, 1
	scale<0.080000,0.200000,0.300000>
	matrix <0.074237, -0.030567, 0.996772,
		0.865566, 0.498374, -0.049182,
		-0.495262, 0.866423, 0.063456,
		27.512688, 36.330292, 28.816969>
	pigment { color rgbt <0,1,1,0> }
	no_shadow
}
cylinder {
	<28.145918, 35.980858, 29.391415>,  <27.859371, 35.723797, 28.772549>, 0.130000
	pigment { color rgbt <1,0,0,0> }
	no_shadow
}

// nucleotide -1

// particle -1
sphere {
	<28.145918, 35.980858, 29.391415> 0.250000
	pigment { color rgbt <1,0,0,0> }
	no_shadow
}
cylinder {
	<27.826109, 36.210636, 29.321243>,  <27.634224, 36.348503, 29.279140>, 0.100000
	pigment { color rgbt <1,0,0,0> }
	no_shadow
}
cylinder {
	<27.826109, 36.210636, 29.321243>,  <28.145918, 35.980858, 29.391415>, 0.100000
	pigment { color rgbt <1,0,0,0> }
	no_shadow
}

// particle -1
sphere {
	<27.826109, 36.210636, 29.321243> 0.100000
	pigment { color rgbt <1,0,0,0> }
	no_shadow
}
sphere {
	0, 1
	scale<0.080000,0.200000,0.300000>
	matrix <-0.089868, 0.174374, 0.980570,
		0.593876, 0.799753, -0.087792,
		-0.799522, 0.574447, -0.175429,
		27.586252, 36.382969, 29.268614>
	pigment { color rgbt <0,1,1,0> }
	no_shadow
}
cylinder {
	<28.160250, 36.527351, 29.863766>,  <28.145918, 35.980858, 29.391415>, 0.130000
	pigment { color rgbt <1,0,0,0> }
	no_shadow
}

// nucleotide -1

// particle -1
sphere {
	<28.160250, 36.527351, 29.863766> 0.250000
	pigment { color rgbt <1,0,0,0> }
	no_shadow
}
cylinder {
	<27.774651, 36.525352, 29.757420>,  <27.543291, 36.524155, 29.693613>, 0.100000
	pigment { color rgbt <1,0,0,0> }
	no_shadow
}
cylinder {
	<27.774651, 36.525352, 29.757420>,  <28.160250, 36.527351, 29.863766>, 0.100000
	pigment { color rgbt <1,0,0,0> }
	no_shadow
}

// particle -1
sphere {
	<27.774651, 36.525352, 29.757420> 0.100000
	pigment { color rgbt <1,0,0,0> }
	no_shadow
}
sphere {
	0, 1
	scale<0.080000,0.200000,0.300000>
	matrix <-0.265892, 0.030050, 0.963534,
		0.003173, 0.999536, -0.030297,
		-0.963997, -0.004998, -0.265864,
		27.485451, 36.523853, 29.677660>
	pigment { color rgbt <0,1,1,0> }
	no_shadow
}
cylinder {
	<27.828922, 37.133739, 30.116701>,  <28.160250, 36.527351, 29.863766>, 0.130000
	pigment { color rgbt <1,0,0,0> }
	no_shadow
}

// nucleotide -1

// particle -1
sphere {
	<27.828922, 37.133739, 30.116701> 0.250000
	pigment { color rgbt <1,0,0,0> }
	no_shadow
}
cylinder {
	<27.579641, 36.821518, 30.097279>,  <27.430073, 36.634186, 30.085625>, 0.100000
	pigment { color rgbt <1,0,0,0> }
	no_shadow
}
cylinder {
	<27.579641, 36.821518, 30.097279>,  <27.828922, 37.133739, 30.116701>, 0.100000
	pigment { color rgbt <1,0,0,0> }
	no_shadow
}

// particle -1
sphere {
	<27.579641, 36.821518, 30.097279> 0.100000
	pigment { color rgbt <1,0,0,0> }
	no_shadow
}
sphere {
	0, 1
	scale<0.080000,0.200000,0.300000>
	matrix <-0.090455, 0.010269, 0.995848,
		-0.776811, 0.625008, -0.077004,
		-0.623204, -0.780551, -0.048558,
		27.392681, 36.587353, 30.082710>
	pigment { color rgbt <0,1,1,0> }
	no_shadow
}
cylinder {
	<27.335527, 37.278179, 30.621651>,  <27.828922, 37.133739, 30.116701>, 0.130000
	pigment { color rgbt <1,0,0,0> }
	no_shadow
}

// nucleotide -1

// particle -1
sphere {
	<27.335527, 37.278179, 30.621651> 0.250000
	pigment { color rgbt <1,0,0,0> }
	no_shadow
}
cylinder {
	<27.251925, 36.892193, 30.558218>,  <27.201763, 36.660599, 30.520159>, 0.100000
	pigment { color rgbt <1,0,0,0> }
	no_shadow
}
cylinder {
	<27.251925, 36.892193, 30.558218>,  <27.335527, 37.278179, 30.621651>, 0.100000
	pigment { color rgbt <1,0,0,0> }
	no_shadow
}

// particle -1
sphere {
	<27.251925, 36.892193, 30.558218> 0.100000
	pigment { color rgbt <1,0,0,0> }
	no_shadow
}
sphere {
	0, 1
	scale<0.080000,0.200000,0.300000>
	matrix <-0.220020, -0.111606, 0.969090,
