// switches for output
#declare DRAW_BASES = 1; // possible values are 0, 1; only relevant for DNA ribbons
#declare DRAW_BASES_TYPE = 3; // possible values are 1, 2, 3; only relevant for DNA ribbons
#declare DRAW_FOG = 0; // set to 1 to enable fog

#include "colors.inc"

#include "transforms.inc"
background { rgb <1, 1, 1>}

#default {
   normal{
       ripples 0.25
       frequency 0.20
       turbulence 0.2
       lambda 5
   }
	finish {
		phong 0.1
		phong_size 40.
	}
}

// original window dimensions: 1024x640


// camera settings

camera {
	sky <0, 0.179814, -0.983701>
	up <0, 0.179814, -0.983701>
	right 1.6 * <1, 0, 0>
	location <35, 94.9851, 44.8844>
	look_at <35, 29.7336, 32.9568>
	direction <0, -65.2515, -11.9276>
	angle 67.0682
}


# declare cpy_camera_pos = <35, 94.9851, 44.8844>;
# if (DRAW_FOG = 1)
fog {
	fog_type 2
	up vnormalize(cpy_camera_pos)
	color rgbt<1,1,1,0.3>
	distance 1e-5
	fog_alt 3e-3
	fog_offset 56
}
# end


// LIGHTS

# declare lum = 6;
global_settings {
	ambient_light rgb lum * <0.05, 0.05, 0.05>
	max_trace_level 15
}# declare cpy_direct_light_amount = 0.25;
light_source
{	1000 * <-1, -1.16352, -0.803886>,
	rgb lum * cpy_direct_light_amount
	parallel
}

light_source
{	1000 * <1, 1.16352, 0.803886>,
	rgb lum * cpy_direct_light_amount
	parallel
}

// strand 0

// nucleotide -1

// particle -1
sphere {
	<24.541262, 34.763168, 35.317287> 0.250000
	pigment { color rgbt <1,0,0,0> }
	no_shadow
}
cylinder {
	<24.485943, 35.006615, 35.004761>,  <24.452751, 35.152683, 34.817245>, 0.100000
	pigment { color rgbt <1,0,0,0> }
	no_shadow
}
cylinder {
	<24.485943, 35.006615, 35.004761>,  <24.541262, 34.763168, 35.317287>, 0.100000
	pigment { color rgbt <1,0,0,0> }
	no_shadow
}

// particle -1
sphere {
	<24.485943, 35.006615, 35.004761> 0.100000
	pigment { color rgbt <1,0,0,0> }
	no_shadow
}
sphere {
	0, 1
	scale<0.080000,0.200000,0.300000>
	matrix <-0.943554, -0.320701, -0.082804,
		-0.300965, 0.725764, 0.618617,
		-0.138295, 0.608619, -0.781318,
		24.444454, 35.189201, 34.770367>
	pigment { color rgbt <0,1,1,0> }
	no_shadow
}
cylinder {
	<24.672092, 34.018990, 34.982124>,  <24.541262, 34.763168, 35.317287>, 0.130000
	pigment { color rgbt <1,0,0,0> }
	no_shadow
}

// nucleotide -1

// particle -1
sphere {
	<24.672092, 34.018990, 34.982124> 0.250000
	pigment { color rgbt <1,0,0,0> }
	no_shadow
}
cylinder {
	<24.813887, 33.916225, 35.341755>,  <24.898964, 33.854568, 35.557533>, 0.100000
	pigment { color rgbt <1,0,0,0> }
	no_shadow
}
cylinder {
	<24.813887, 33.916225, 35.341755>,  <24.672092, 34.018990, 34.982124>, 0.100000
	pigment { color rgbt <1,0,0,0> }
	no_shadow
}

// particle -1
sphere {
	<24.813887, 33.916225, 35.341755> 0.100000
	pigment { color rgbt <1,0,0,0> }
	no_shadow
}
sphere {
	0, 1
	scale<0.080000,0.200000,0.300000>
	matrix <0.916657, 0.285306, -0.279893,
		-0.184604, 0.923362, 0.336637,
		0.354487, -0.256911, 0.899075,
		24.920233, 33.839153, 35.611477>
	pigment { color rgbt <0,1,1,0> }
	no_shadow
}
cylinder {
	<25.373753, 34.317715, 34.910854>,  <24.672092, 34.018990, 34.982124>, 0.130000
	pigment { color rgbt <1,0,0,0> }
	no_shadow
}

// nucleotide -1

// particle -1
sphere {
	<25.373753, 34.317715, 34.910854> 0.250000
	pigment { color rgbt <1,0,0,0> }
	no_shadow
}
cylinder {
	<25.369419, 34.064896, 35.220795>,  <25.366819, 33.913204, 35.406757>, 0.100000
	pigment { color rgbt <1,0,0,0> }
	no_shadow
}
cylinder {
	<25.369419, 34.064896, 35.220795>,  <25.373753, 34.317715, 34.910854>, 0.100000
	pigment { color rgbt <1,0,0,0> }
	no_shadow
}

// particle -1
sphere {
	<25.369419, 34.064896, 35.220795> 0.100000
	pigment { color rgbt <1,0,0,0> }
	no_shadow
}
sphere {
	0, 1
	scale<0.080000,0.200000,0.300000>
	matrix <0.996281, -0.073066, -0.045673,
		0.085483, 0.771475, 0.630491,
		-0.010832, -0.632050, 0.774852,
		25.366169, 33.875282, 35.453251>
	pigment { color rgbt <0,1,1,0> }
	no_shadow
}
cylinder {
	<25.618769, 34.677917, 35.479649>,  <25.373753, 34.317715, 34.910854>, 0.130000
	pigment { color rgbt <1,0,0,0> }
	no_shadow
}

// nucleotide -1

// particle -1
sphere {
	<25.618769, 34.677917, 35.479649> 0.250000
	pigment { color rgbt <1,0,0,0> }
	no_shadow
}
cylinder {
	<25.685631, 34.283875, 35.463490>,  <25.725748, 34.047451, 35.453793>, 0.100000
	pigment { color rgbt <1,0,0,0> }
	no_shadow
}
cylinder {
	<25.685631, 34.283875, 35.463490>,  <25.618769, 34.677917, 35.479649>, 0.100000
	pigment { color rgbt <1,0,0,0> }
	no_shadow
}

// particle -1
sphere {
	<25.685631, 34.283875, 35.463490> 0.100000
	pigment { color rgbt <1,0,0,0> }
	no_shadow
}
sphere {
	0, 1
	scale<0.080000,0.200000,0.300000>
	matrix <0.977756, 0.170894, -0.121607,
		0.126700, -0.019175, 0.991756,
		0.167153, -0.985103, -0.040400,
		25.735777, 33.988342, 35.451370>
	pigment { color rgbt <0,1,1,0> }
	no_shadow
}
cylinder {
	<26.079491, 34.330589, 35.987019>,  <25.618769, 34.677917, 35.479649>, 0.130000
	pigment { color rgbt <1,0,0,0> }
	no_shadow
}

// nucleotide -1

// particle -1
sphere {
	<26.079491, 34.330589, 35.987019> 0.250000
	pigment { color rgbt <1,0,0,0> }
	no_shadow
}
cylinder {
	<26.099386, 34.150578, 35.630367>,  <26.111324, 34.042572, 35.416378>, 0.100000
	pigment { color rgbt <1,0,0,0> }
	no_shadow
}
cylinder {
	<26.099386, 34.150578, 35.630367>,  <26.079491, 34.330589, 35.987019>, 0.100000
	pigment { color rgbt <1,0,0,0> }
	no_shadow
}

// particle -1
sphere {
	<26.099386, 34.150578, 35.630367> 0.100000
	pigment { color rgbt <1,0,0,0> }
	no_shadow
}
sphere {
	0, 1
	scale<0.080000,0.200000,0.300000>
	matrix <0.929547, 0.347408, -0.123490,
		0.365333, -0.822669, 0.435601,
		0.049740, -0.450027, -0.891629,
		26.114307, 34.015568, 35.362877>
	pigment { color rgbt <0,1,1,0> }
	no_shadow
}
cylinder {
	<26.651163, 33.759956, 35.847710>,  <26.079491, 34.330589, 35.987019>, 0.130000
	pigment { color rgbt <1,0,0,0> }
	no_shadow
}

// nucleotide -1

// particle -1
sphere {
	<26.651163, 33.759956, 35.847710> 0.250000
	pigment { color rgbt <1,0,0,0> }
	no_shadow
}
cylinder {
	<26.561911, 33.981960, 35.527164>,  <26.508360, 34.115162, 35.334839>, 0.100000
	pigment { color rgbt <1,0,0,0> }
	no_shadow
}
cylinder {
	<26.561911, 33.981960, 35.527164>,  <26.651163, 33.759956, 35.847710>, 0.100000
	pigment { color rgbt <1,0,0,0> }
	no_shadow
}

// particle -1
sphere {
	<26.561911, 33.981960, 35.527164> 0.100000
	pigment { color rgbt <1,0,0,0> }
	no_shadow
}
sphere {
	0, 1
	scale<0.080000,0.200000,0.300000>
	matrix <0.958562, 0.274303, -0.076923,
		0.177123, -0.785319, -0.593213,
		-0.223130, 0.555006, -0.801362,
		26.494972, 34.148460, 35.286755>
	pigment { color rgbt <0,1,1,0> }
	no_shadow
}
cylinder {
	<26.991739, 33.512108, 35.151398>,  <26.651163, 33.759956, 35.847710>, 0.130000
	pigment { color rgbt <1,0,0,0> }
	no_shadow
}

// nucleotide -1

// particle -1
sphere {
	<26.991739, 33.512108, 35.151398> 0.250000
	pigment { color rgbt <1,0,0,0> }
	no_shadow
}
cylinder {
	<26.909782, 33.903156, 35.170479>,  <26.860609, 34.137787, 35.181927>, 0.100000
	pigment { color rgbt <1,0,0,0> }
	no_shadow
}
cylinder {
	<26.909782, 33.903156, 35.170479>,  <26.991739, 33.512108, 35.151398>, 0.100000
	pigment { color rgbt <1,0,0,0> }
	no_shadow
}

// particle -1
sphere {
	<26.909782, 33.903156, 35.170479> 0.100000
	pigment { color rgbt <1,0,0,0> }
	no_shadow
}
sphere {
	0, 1
	scale<0.080000,0.200000,0.300000>
	matrix <0.950698, 0.210366, -0.227859,
		-0.232796, -0.001334, -0.972525,
		-0.204890, 0.977622, 0.047704,
		26.848316, 34.196442, 35.184792>
	pigment { color rgbt <0,1,1,0> }
	no_shadow
}
cylinder {
	<27.256704, 33.720753, 34.472767>,  <26.991739, 33.512108, 35.151398>, 0.130000
	pigment { color rgbt <1,0,0,0> }
	no_shadow
}

// nucleotide -1

// particle -1
sphere {
	<27.256704, 33.720753, 34.472767> 0.250000
	pigment { color rgbt <1,0,0,0> }
	no_shadow
}
cylinder {
	<27.253513, 33.978802, 34.778381>,  <27.251598, 34.133629, 34.961750>, 0.100000
	pigment { color rgbt <1,0,0,0> }
	no_shadow
}
cylinder {
	<27.253513, 33.978802, 34.778381>,  <27.256704, 33.720753, 34.472767>, 0.100000
	pigment { color rgbt <1,0,0,0> }
	no_shadow
}

// particle -1
sphere {
	<27.253513, 33.978802, 34.778381> 0.100000
	pigment { color rgbt <1,0,0,0> }
	no_shadow
}
sphere {
	0, 1
	scale<0.080000,0.200000,0.300000>
	matrix <0.975393, 0.173373, -0.136201,
		-0.220330, 0.744153, -0.630627,
		-0.007979, 0.645118, 0.764041,
		27.251120, 34.172337, 35.007595>
	pigment { color rgbt <0,1,1,0> }
	no_shadow
}
cylinder {
	<27.609816, 34.330643, 34.304352>,  <27.256704, 33.720753, 34.472767>, 0.130000
	pigment { color rgbt <1,0,0,0> }
	no_shadow
}

// nucleotide -1

// particle -1
sphere {
	<27.609816, 34.330643, 34.304352> 0.250000
	pigment { color rgbt <1,0,0,0> }
	no_shadow
}
cylinder {
	<27.625349, 34.353264, 34.703411>,  <27.634670, 34.366837, 34.942844>, 0.100000
	pigment { color rgbt <1,0,0,0> }
	no_shadow
}
cylinder {
	<27.625349, 34.353264, 34.703411>,  <27.609816, 34.330643, 34.304352>, 0.100000
	pigment { color rgbt <1,0,0,0> }
	no_shadow
}

// particle -1
sphere {
	<27.625349, 34.353264, 34.703411> 0.100000
	pigment { color rgbt <1,0,0,0> }
	no_shadow
}
sphere {
	0, 1
	scale<0.080000,0.200000,0.300000>
	matrix <0.962579, 0.265858, -0.052542,
		-0.268203, 0.962352, -0.044116,
		0.038835, 0.056557, 0.997644,
		27.636999, 34.370232, 35.002705>
	pigment { color rgbt <0,1,1,0> }
	no_shadow
}
cylinder {
	<27.815376, 34.936314, 34.436630>,  <27.609816, 34.330643, 34.304352>, 0.130000
	pigment { color rgbt <1,0,0,0> }
	no_shadow
}

// nucleotide -1

// particle -1
sphere {
	<27.815376, 34.936314, 34.436630> 0.250000
	pigment { color rgbt <1,0,0,0> }
	no_shadow
}
cylinder {
	<27.915337, 34.718765, 34.757069>,  <27.975313, 34.588238, 34.949333>, 0.100000
	pigment { color rgbt <1,0,0,0> }
	no_shadow
}
cylinder {
	<27.915337, 34.718765, 34.757069>,  <27.815376, 34.936314, 34.436630>, 0.100000
	pigment { color rgbt <1,0,0,0> }
	no_shadow
}

// particle -1
sphere {
	<27.915337, 34.718765, 34.757069> 0.100000
	pigment { color rgbt <1,0,0,0> }
	no_shadow
}
sphere {
	0, 1
	scale<0.080000,0.200000,0.300000>
	matrix <0.929010, 0.367880, -0.040048,
		-0.272926, 0.754235, 0.597194,
		0.249901, -0.543869, 0.801097,
		27.990307, 34.555603, 34.997398>
	pigment { color rgbt <0,1,1,0> }
	no_shadow
}
cylinder {
	<28.171612, 35.370029, 34.820477>,  <27.815376, 34.936314, 34.436630>, 0.130000
	pigment { color rgbt <1,0,0,0> }
	no_shadow
}

// nucleotide -1

// particle -1
sphere {
	<28.171612, 35.370029, 34.820477> 0.250000
	pigment { color rgbt <1,0,0,0> }
	no_shadow
}
cylinder {
	<28.314907, 35.032074, 34.979389>,  <28.400885, 34.829300, 35.074738>, 0.100000
	pigment { color rgbt <1,0,0,0> }
	no_shadow
}
cylinder {
	<28.314907, 35.032074, 34.979389>,  <28.171612, 35.370029, 34.820477>, 0.100000
	pigment { color rgbt <1,0,0,0> }
	no_shadow
}

// particle -1
sphere {
	<28.314907, 35.032074, 34.979389> 0.100000
	pigment { color rgbt <1,0,0,0> }
	no_shadow
}
sphere {
	0, 1
	scale<0.080000,0.200000,0.300000>
	matrix <0.928585, 0.366612, -0.057660,
		-0.096933, 0.389568, 0.915882,
		0.358236, -0.844886, 0.397284,
		28.422379, 34.778606, 35.098576>
	pigment { color rgbt <0,1,1,0> }
	no_shadow
}
cylinder {
	<28.610500, 35.526062, 35.397594>,  <28.171612, 35.370029, 34.820477>, 0.130000
	pigment { color rgbt <1,0,0,0> }
	no_shadow
}

// nucleotide -1

// particle -1
sphere {
	<28.610500, 35.526062, 35.397594> 0.250000
	pigment { color rgbt <1,0,0,0> }
	no_shadow
}
cylinder {
	<28.743084, 35.160511, 35.303810>,  <28.822634, 34.941181, 35.247540>, 0.100000
	pigment { color rgbt <1,0,0,0> }
	no_shadow
}
cylinder {
	<28.743084, 35.160511, 35.303810>,  <28.610500, 35.526062, 35.397594>, 0.100000
	pigment { color rgbt <1,0,0,0> }
	no_shadow
}

// particle -1
sphere {
	<28.743084, 35.160511, 35.303810> 0.100000
	pigment { color rgbt <1,0,0,0> }
	no_shadow
}
sphere {
	0, 1
	scale<0.080000,0.200000,0.300000>
	matrix <0.928898, 0.272598, 0.250675,
		-0.165173, -0.300875, 0.939251,
		0.331459, -0.913873, -0.234457,
		28.842522, 34.886349, 35.233475>
	pigment { color rgbt <0,1,1,0> }
	no_shadow
}
cylinder {
	<29.120026, 35.413185, 35.786011>,  <28.610500, 35.526062, 35.397594>, 0.130000
	pigment { color rgbt <1,0,0,0> }
	no_shadow
}

// nucleotide -1

// particle -1
sphere {
	<29.120026, 35.413185, 35.786011> 0.250000
	pigment { color rgbt <1,0,0,0> }
	no_shadow
}
cylinder {
	<29.190779, 35.143955, 35.498768>,  <29.233231, 34.982418, 35.326420>, 0.100000
	pigment { color rgbt <1,0,0,0> }
	no_shadow
}
cylinder {
	<29.190779, 35.143955, 35.498768>,  <29.120026, 35.413185, 35.786011>, 0.100000
	pigment { color rgbt <1,0,0,0> }
	no_shadow
}

// particle -1
sphere {
	<29.190779, 35.143955, 35.498768> 0.100000
	pigment { color rgbt <1,0,0,0> }
	no_shadow
}
sphere {
	0, 1
	scale<0.080000,0.200000,0.300000>
	matrix <0.984195, 0.127338, 0.123069,
		0.008607, -0.728528, 0.684962,
		0.176881, -0.673077, -0.718109,
		29.243843, 34.942032, 35.283337>
	pigment { color rgbt <0,1,1,0> }
	no_shadow
}
cylinder {
	<29.558069, 35.064529, 36.172794>,  <29.120026, 35.413185, 35.786011>, 0.130000
	pigment { color rgbt <1,0,0,0> }
	no_shadow
}

// nucleotide -1

// particle -1
sphere {
	<29.558069, 35.064529, 36.172794> 0.250000
	pigment { color rgbt <1,0,0,0> }
	no_shadow
}
cylinder {
	<29.604502, 34.994247, 35.781765>,  <29.632362, 34.952080, 35.547146>, 0.100000
	pigment { color rgbt <1,0,0,0> }
	no_shadow
}
cylinder {
	<29.604502, 34.994247, 35.781765>,  <29.558069, 35.064529, 36.172794>, 0.100000
	pigment { color rgbt <1,0,0,0> }
	no_shadow
}

// particle -1
sphere {
	<29.604502, 34.994247, 35.781765> 0.100000
	pigment { color rgbt <1,0,0,0> }
	no_shadow
}
sphere {
	0, 1
	scale<0.080000,0.200000,0.300000>
	matrix <0.991084, 0.085304, 0.102355,
		0.065407, -0.980740, 0.184038,
		0.116083, -0.175703, -0.977575,
		29.639326, 34.941536, 35.488491>
	pigment { color rgbt <0,1,1,0> }
	no_shadow
}
cylinder {
	<30.189302, 34.710258, 36.143326>,  <29.558069, 35.064529, 36.172794>, 0.130000
	pigment { color rgbt <1,0,0,0> }
	no_shadow
}

// nucleotide -1

// particle -1
sphere {
	<30.189302, 34.710258, 36.143326> 0.250000
	pigment { color rgbt <1,0,0,0> }
	no_shadow
}
cylinder {
	<30.166697, 34.798878, 35.753922>,  <30.153133, 34.852051, 35.520279>, 0.100000
	pigment { color rgbt <1,0,0,0> }
	no_shadow
}
cylinder {
	<30.166697, 34.798878, 35.753922>,  <30.189302, 34.710258, 36.143326>, 0.100000
	pigment { color rgbt <1,0,0,0> }
	no_shadow
}

// particle -1
sphere {
	<30.166697, 34.798878, 35.753922> 0.100000
	pigment { color rgbt <1,0,0,0> }
	no_shadow
}
sphere {
	0, 1
	scale<0.080000,0.200000,0.300000>
	matrix <0.996785, 0.067983, -0.042395,
		0.056789, -0.972776, -0.224680,
		-0.056515, 0.221551, -0.973510,
		30.149742, 34.865341, 35.461868>
	pigment { color rgbt <0,1,1,0> }
	no_shadow
}
cylinder {
	<30.651474, 34.210457, 35.827538>,  <30.189302, 34.710258, 36.143326>, 0.130000
	pigment { color rgbt <1,0,0,0> }
	no_shadow
}

// nucleotide -1

// particle -1
sphere {
	<30.651474, 34.210457, 35.827538> 0.250000
	pigment { color rgbt <1,0,0,0> }
	no_shadow
}
cylinder {
	<30.609421, 34.534195, 35.596401>,  <30.584188, 34.728439, 35.457718>, 0.100000
	pigment { color rgbt <1,0,0,0> }
	no_shadow
}
cylinder {
	<30.609421, 34.534195, 35.596401>,  <30.651474, 34.210457, 35.827538>, 0.100000
	pigment { color rgbt <1,0,0,0> }
	no_shadow
}

// particle -1
sphere {
	<30.609421, 34.534195, 35.596401> 0.100000
	pigment { color rgbt <1,0,0,0> }
	no_shadow
}
sphere {
	0, 1
	scale<0.080000,0.200000,0.300000>
	matrix <0.993493, 0.111071, -0.025187,
		0.043797, -0.576732, -0.815758,
		-0.105133, 0.809347, -0.577844,
		30.577881, 34.777000, 35.423046>
	pigment { color rgbt <0,1,1,0> }
	no_shadow
}
cylinder {
	<31.256733, 34.177174, 35.438717>,  <30.651474, 34.210457, 35.827538>, 0.130000
	pigment { color rgbt <1,0,0,0> }
	no_shadow
}

// nucleotide -1

// particle -1
sphere {
	<31.256733, 34.177174, 35.438717> 0.250000
	pigment { color rgbt <1,0,0,0> }
	no_shadow
}
cylinder {
	<31.143078, 34.551083, 35.353420>,  <31.074884, 34.775429, 35.302242>, 0.100000
	pigment { color rgbt <1,0,0,0> }
	no_shadow
}
cylinder {
	<31.143078, 34.551083, 35.353420>,  <31.256733, 34.177174, 35.438717>, 0.100000
	pigment { color rgbt <1,0,0,0> }
	no_shadow
}

// particle -1
sphere {
	<31.143078, 34.551083, 35.353420> 0.100000
	pigment { color rgbt <1,0,0,0> }
	no_shadow
}
sphere {
	0, 1
	scale<0.080000,0.200000,0.300000>
	matrix <0.949684, 0.243823, -0.196598,
		-0.131782, -0.258369, -0.957016,
		-0.284138, 0.934770, -0.213238,
		31.057837, 34.831512, 35.289448>
	pigment { color rgbt <0,1,1,0> }
	no_shadow
}
cylinder {
	<31.454424, 34.336266, 34.744301>,  <31.256733, 34.177174, 35.438717>, 0.130000
	pigment { color rgbt <1,0,0,0> }
	no_shadow
}

// nucleotide -1

// particle -1
sphere {
	<31.454424, 34.336266, 34.744301> 0.250000
	pigment { color rgbt <1,0,0,0> }
	no_shadow
}
cylinder {
	<31.419569, 34.676544, 34.951653>,  <31.398657, 34.880711, 35.076065>, 0.100000
	pigment { color rgbt <1,0,0,0> }
	no_shadow
}
cylinder {
	<31.419569, 34.676544, 34.951653>,  <31.454424, 34.336266, 34.744301>, 0.100000
	pigment { color rgbt <1,0,0,0> }
	no_shadow
}

// particle -1
sphere {
	<31.419569, 34.676544, 34.951653> 0.100000
	pigment { color rgbt <1,0,0,0> }
	no_shadow
}
sphere {
	0, 1
	scale<0.080000,0.200000,0.300000>
	matrix <0.953318, 0.222230, -0.204445,
		-0.289121, 0.476369, -0.830350,
		-0.087137, 0.850698, 0.518383,
		31.393429, 34.931755, 35.107166>
	pigment { color rgbt <0,1,1,0> }
	no_shadow
}
cylinder {
	<31.889391, 34.879635, 34.427132>,  <31.454424, 34.336266, 34.744301>, 0.130000
	pigment { color rgbt <1,0,0,0> }
	no_shadow
}

// nucleotide -1

// particle -1
sphere {
	<31.889391, 34.879635, 34.427132> 0.250000
	pigment { color rgbt <1,0,0,0> }
	no_shadow
}
cylinder {
	<31.832851, 35.051640, 34.783810>,  <31.798927, 35.154842, 34.997814>, 0.100000
	pigment { color rgbt <1,0,0,0> }
	no_shadow
}
cylinder {
	<31.832851, 35.051640, 34.783810>,  <31.889391, 34.879635, 34.427132>, 0.100000
	pigment { color rgbt <1,0,0,0> }
	no_shadow
}

// particle -1
sphere {
	<31.832851, 35.051640, 34.783810> 0.100000
	pigment { color rgbt <1,0,0,0> }
	no_shadow
}
sphere {
	0, 1
	scale<0.080000,0.200000,0.300000>
	matrix <0.933430, 0.357913, -0.024636,
		-0.329742, 0.828849, -0.451974,
		-0.141348, 0.430009, 0.891691,
		31.790447, 35.180641, 35.051315>
	pigment { color rgbt <0,1,1,0> }
	no_shadow
}
cylinder {
	<32.084087, 35.621746, 34.379715>,  <31.889391, 34.879635, 34.427132>, 0.130000
	pigment { color rgbt <1,0,0,0> }
	no_shadow
}

// nucleotide -1

// particle -1
sphere {
	<32.084087, 35.621746, 34.379715> 0.250000
	pigment { color rgbt <1,0,0,0> }
	no_shadow
}
cylinder {
	<32.143177, 35.503876, 34.757359>,  <32.178631, 35.433151, 34.983944>, 0.100000
	pigment { color rgbt <1,0,0,0> }
	no_shadow
}
cylinder {
	<32.143177, 35.503876, 34.757359>,  <32.084087, 35.621746, 34.379715>, 0.100000
	pigment { color rgbt <1,0,0,0> }
	no_shadow
}

// particle -1
sphere {
	<32.143177, 35.503876, 34.757359> 0.100000
	pigment { color rgbt <1,0,0,0> }
	no_shadow
}
sphere {
	0, 1
	scale<0.080000,0.200000,0.300000>
	matrix <0.838014, 0.544271, 0.038755,
		-0.525272, 0.785451, 0.327347,
		0.147725, -0.294678, 0.944109,
		32.187496, 35.415474, 35.040592>
	pigment { color rgbt <0,1,1,0> }
	no_shadow
}
cylinder {
	<32.413280, 36.096138, 34.597046>,  <32.084087, 35.621746, 34.379715>, 0.130000
	pigment { color rgbt <1,0,0,0> }
	no_shadow
}

// nucleotide -1

// particle -1
sphere {
	<32.413280, 36.096138, 34.597046> 0.250000
	pigment { color rgbt <1,0,0,0> }
	no_shadow
}
cylinder {
	<32.448292, 35.865425, 34.921925>,  <32.469299, 35.726997, 35.116852>, 0.100000
	pigment { color rgbt <1,0,0,0> }
	no_shadow
}
cylinder {
	<32.448292, 35.865425, 34.921925>,  <32.413280, 36.096138, 34.597046>, 0.100000
	pigment { color rgbt <1,0,0,0> }
	no_shadow
}

// particle -1
sphere {
	<32.448292, 35.865425, 34.921925> 0.100000
	pigment { color rgbt <1,0,0,0> }
	no_shadow
}
sphere {
	0, 1
	scale<0.080000,0.200000,0.300000>
	matrix <0.722788, 0.597834, 0.346659,
		-0.685504, 0.556704, 0.469217,
		0.087527, -0.576780, 0.812197,
		32.474548, 35.692390, 35.165585>
	pigment { color rgbt <0,1,1,0> }
	no_shadow
}
cylinder {
	<32.441490, 36.579937, 35.221115>,  <32.413280, 36.096138, 34.597046>, 0.130000
	pigment { color rgbt <1,0,0,0> }
	no_shadow
}

// nucleotide -1

// particle -1
sphere {
	<32.441490, 36.579937, 35.221115> 0.250000
	pigment { color rgbt <1,0,0,0> }
	no_shadow
}
cylinder {
	<32.611458, 36.233742, 35.327225>,  <32.713440, 36.026024, 35.390892>, 0.100000
	pigment { color rgbt <1,0,0,0> }
	no_shadow
}
cylinder {
	<32.611458, 36.233742, 35.327225>,  <32.441490, 36.579937, 35.221115>, 0.100000
	pigment { color rgbt <1,0,0,0> }
	no_shadow
}

// particle -1
sphere {
	<32.611458, 36.233742, 35.327225> 0.100000
	pigment { color rgbt <1,0,0,0> }
	no_shadow
}
sphere {
	0, 1
	scale<0.080000,0.200000,0.300000>
	matrix <0.811401, 0.494077, 0.312275,
		-0.401336, 0.082551, 0.912203,
		0.424920, -0.865490, 0.265273,
		32.738934, 35.974094, 35.406807>
	pigment { color rgbt <0,1,1,0> }
	no_shadow
}
cylinder {
	<32.722370, 36.715668, 35.792198>,  <32.441490, 36.579937, 35.221115>, 0.130000
	pigment { color rgbt <1,0,0,0> }
	no_shadow
}

// nucleotide -1

// particle -1
sphere {
	<32.722370, 36.715668, 35.792198> 0.250000
	pigment { color rgbt <1,0,0,0> }
	no_shadow
}
cylinder {
	<32.926064, 36.385338, 35.695286>,  <33.048279, 36.187141, 35.637138>, 0.100000
	pigment { color rgbt <1,0,0,0> }
	no_shadow
}
cylinder {
	<32.926064, 36.385338, 35.695286>,  <32.722370, 36.715668, 35.792198>, 0.100000
	pigment { color rgbt <1,0,0,0> }
	no_shadow
}

// particle -1
sphere {
	<32.926064, 36.385338, 35.695286> 0.100000
	pigment { color rgbt <1,0,0,0> }
	no_shadow
}
sphere {
	0, 1
	scale<0.080000,0.200000,0.300000>
	matrix <0.839508, 0.414658, 0.351121,
		-0.189501, -0.382197, 0.904442,
		0.509231, -0.825824, -0.242279,
		33.078835, 36.137592, 35.622601>
	pigment { color rgbt <0,1,1,0> }
	no_shadow
}
cylinder {
	<33.272778, 36.564247, 36.343887>,  <32.722370, 36.715668, 35.792198>, 0.130000
	pigment { color rgbt <1,0,0,0> }
	no_shadow
}

// nucleotide -1

// particle -1
sphere {
	<33.272778, 36.564247, 36.343887> 0.250000
	pigment { color rgbt <1,0,0,0> }
	no_shadow
}
cylinder {
	<33.414410, 36.394260, 36.010651>,  <33.499390, 36.292271, 35.810711>, 0.100000
	pigment { color rgbt <1,0,0,0> }
	no_shadow
}
cylinder {
	<33.414410, 36.394260, 36.010651>,  <33.272778, 36.564247, 36.343887>, 0.100000
	pigment { color rgbt <1,0,0,0> }
	no_shadow
}

// particle -1
sphere {
	<33.414410, 36.394260, 36.010651> 0.100000
	pigment { color rgbt <1,0,0,0> }
	no_shadow
}
sphere {
	0, 1
	scale<0.080000,0.200000,0.300000>
	matrix <0.841255, 0.533881, 0.085214,
		0.408556, -0.731011, 0.546539,
		0.354079, -0.424964, -0.833087,
		33.520634, 36.266769, 35.760723>
	pigment { color rgbt <0,1,1,0> }
	no_shadow
}
cylinder {
	<34.063965, 36.155228, 36.509785>,  <33.272778, 36.564247, 36.343887>, 0.130000
	pigment { color rgbt <1,0,0,0> }
	no_shadow
}

// nucleotide -1

// particle -1
sphere {
	<34.063965, 36.155228, 36.509785> 0.250000
	pigment { color rgbt <1,0,0,0> }
	no_shadow
}
cylinder {
	<34.030376, 36.244492, 36.121323>,  <34.010223, 36.298050, 35.888245>, 0.100000
	pigment { color rgbt <1,0,0,0> }
	no_shadow
}
cylinder {
	<34.030376, 36.244492, 36.121323>,  <34.063965, 36.155228, 36.509785>, 0.100000
	pigment { color rgbt <1,0,0,0> }
	no_shadow
}

// particle -1
sphere {
	<34.030376, 36.244492, 36.121323> 0.100000
	pigment { color rgbt <1,0,0,0> }
	no_shadow
}
sphere {
	0, 1
	scale<0.080000,0.200000,0.300000>
	matrix <0.787928, 0.611498, 0.072385,
		0.610014, -0.759124, -0.227184,
		-0.083973, 0.223161, -0.971158,
		34.005184, 36.311440, 35.829975>
	pigment { color rgbt <0,1,1,0> }
	no_shadow
}
cylinder {
	<34.481747, 36.556873, 36.114487>,  <34.063965, 36.155228, 36.509785>, 0.130000
	pigment { color rgbt <1,0,0,0> }
	no_shadow
}

// nucleotide -1

// particle -1
sphere {
	<34.481747, 36.556873, 36.114487> 0.250000
	pigment { color rgbt <1,0,0,0> }
	no_shadow
}
cylinder {
	<34.308453, 36.824116, 35.872517>,  <34.204475, 36.984463, 35.727333>, 0.100000
	pigment { color rgbt <1,0,0,0> }
	no_shadow
}
cylinder {
	<34.308453, 36.824116, 35.872517>,  <34.481747, 36.556873, 36.114487>, 0.100000
	pigment { color rgbt <1,0,0,0> }
	no_shadow
}

// particle -1
sphere {
	<34.308453, 36.824116, 35.872517> 0.100000
	pigment { color rgbt <1,0,0,0> }
	no_shadow
}
sphere {
	0, 1
	scale<0.080000,0.200000,0.300000>
	matrix <0.623211, 0.706935, 0.334441,
		0.651086, -0.232104, -0.722644,
		-0.433237, 0.668110, -0.604925,
		34.178482, 37.024548, 35.691040>
	pigment { color rgbt <0,1,1,0> }
	no_shadow
}
cylinder {
	<34.998035, 36.833149, 35.576176>,  <34.481747, 36.556873, 36.114487>, 0.130000
	pigment { color rgbt <1,0,0,0> }
	no_shadow
}

// nucleotide -1

// particle -1
sphere {
	<34.998035, 36.833149, 35.576176> 0.250000
	pigment { color rgbt <1,0,0,0> }
	no_shadow
}
cylinder {
	<34.717690, 37.111229, 35.640026>,  <34.549480, 37.278076, 35.678337>, 0.100000
	pigment { color rgbt <1,0,0,0> }
	no_shadow
}
cylinder {
	<34.717690, 37.111229, 35.640026>,  <34.998035, 36.833149, 35.576176>, 0.100000
	pigment { color rgbt <1,0,0,0> }
	no_shadow
}

// particle -1
sphere {
	<34.717690, 37.111229, 35.640026> 0.100000
	pigment { color rgbt <1,0,0,0> }
	no_shadow
}
sphere {
	0, 1
	scale<0.080000,0.200000,0.300000>
	matrix <0.710383, 0.660130, 0.244099,
		0.064324, 0.284477, -0.956523,
		-0.700870, 0.695199, 0.159625,
		34.507427, 37.319790, 35.687912>
	pigment { color rgbt <0,1,1,0> }
	no_shadow
}
cylinder {
	<35.123775, 37.442993, 35.187809>,  <34.998035, 36.833149, 35.576176>, 0.130000
	pigment { color rgbt <1,0,0,0> }
	no_shadow
}

// nucleotide -1

// particle -1
sphere {
	<35.123775, 37.442993, 35.187809> 0.250000
	pigment { color rgbt <1,0,0,0> }
	no_shadow
}
cylinder {
	<34.941467, 37.564854, 35.522343>,  <34.832081, 37.637970, 35.723064>, 0.100000
	pigment { color rgbt <1,0,0,0> }
	no_shadow
}
cylinder {
	<34.941467, 37.564854, 35.522343>,  <35.123775, 37.442993, 35.187809>, 0.100000
	pigment { color rgbt <1,0,0,0> }
	no_shadow
}

// particle -1
sphere {
	<34.941467, 37.564854, 35.522343> 0.100000
	pigment { color rgbt <1,0,0,0> }
	no_shadow
}
sphere {
	0, 1
	scale<0.080000,0.200000,0.300000>
	matrix <0.635547, 0.769223, 0.066149,
		-0.623179, 0.561681, -0.544207,
		-0.455772, 0.304647, 0.836339,
		34.804737, 37.656246, 35.773243>
	pigment { color rgbt <0,1,1,0> }
	no_shadow
}
cylinder {
	<34.759270, 38.113792, 35.136562>,  <35.123775, 37.442993, 35.187809>, 0.130000
	pigment { color rgbt <1,0,0,0> }
	no_shadow
}

// nucleotide -1

// particle -1
sphere {
	<34.759270, 38.113792, 35.136562> 0.250000
	pigment { color rgbt <1,0,0,0> }
	no_shadow
}
cylinder {
	<34.927452, 38.020729, 35.487354>,  <35.028362, 37.964890, 35.697830>, 0.100000
	pigment { color rgbt <1,0,0,0> }
	no_shadow
}
cylinder {
	<34.927452, 38.020729, 35.487354>,  <34.759270, 38.113792, 35.136562>, 0.100000
	pigment { color rgbt <1,0,0,0> }
	no_shadow
}

// particle -1
sphere {
	<34.927452, 38.020729, 35.487354> 0.100000
	pigment { color rgbt <1,0,0,0> }
	no_shadow
}
sphere {
	0, 1
	scale<0.080000,0.200000,0.300000>
	matrix <0.691246, 0.708225, -0.143515,
		-0.587707, 0.666547, 0.458601,
		0.420453, -0.232662, 0.876977,
		35.053589, 37.950932, 35.750446>
	pigment { color rgbt <0,1,1,0> }
	no_shadow
}
cylinder {
	<34.899559, 37.703373, 34.442795>,  <34.759270, 38.113792, 35.136562>, 0.130000
	pigment { color rgbt <1,0,0,0> }
	no_shadow
}

// nucleotide -1

// particle -1
sphere {
	<34.899559, 37.703373, 34.442795> 0.250000
	pigment { color rgbt <1,0,0,0> }
	no_shadow
}
cylinder {
	<35.298851, 37.685253, 34.427391>,  <35.538425, 37.674381, 34.418148>, 0.100000
	pigment { color rgbt <1,0,0,0> }
	no_shadow
}
cylinder {
	<35.298851, 37.685253, 34.427391>,  <34.899559, 37.703373, 34.442795>, 0.100000
	pigment { color rgbt <1,0,0,0> }
	no_shadow
}

// particle -1
sphere {
	<35.298851, 37.685253, 34.427391> 0.100000
	pigment { color rgbt <1,0,0,0> }
	no_shadow
}
sphere {
	0, 1
	scale<0.080000,0.200000,0.300000>
	matrix <-0.003229, -0.688055, 0.725651,
		-0.059365, -0.724243, -0.686985,
		0.998231, -0.045296, -0.038508,
		35.598320, 37.671665, 34.415840>
	pigment { color rgbt <0,1,1,0> }
	no_shadow
}
cylinder {
	<35.096798, 37.058117, 34.186535>,  <34.899559, 37.703373, 34.442795>, 0.130000
	pigment { color rgbt <1,0,0,0> }
	no_shadow
}

// nucleotide -1

// particle -1
sphere {
	<35.096798, 37.058117, 34.186535> 0.250000
	pigment { color rgbt <1,0,0,0> }
	no_shadow
}
cylinder {
	<34.768726, 37.259781, 34.078362>,  <34.571884, 37.380779, 34.013458>, 0.100000
	pigment { color rgbt <1,0,0,0> }
	no_shadow
}
cylinder {
	<34.768726, 37.259781, 34.078362>,  <35.096798, 37.058117, 34.186535>, 0.100000
	pigment { color rgbt <1,0,0,0> }
	no_shadow
}

// particle -1
sphere {
	<34.768726, 37.259781, 34.078362> 0.100000
	pigment { color rgbt <1,0,0,0> }
	no_shadow
}
sphere {
	0, 1
	scale<0.080000,0.200000,0.300000>
	matrix <-0.016672, -0.493555, -0.869555,
		-0.571869, -0.708679, 0.413207,
		-0.820176, 0.504160, -0.270434,
		34.522675, 37.411030, 33.997231>
	pigment { color rgbt <0,1,1,0> }
	no_shadow
}
cylinder {
	<34.520058, 36.554825, 33.943523>,  <35.096798, 37.058117, 34.186535>, 0.130000
	pigment { color rgbt <1,0,0,0> }
	no_shadow
}

// nucleotide -1

// particle -1
sphere {
	<34.520058, 36.554825, 33.943523> 0.250000
	pigment { color rgbt <1,0,0,0> }
	no_shadow
}
cylinder {
	<34.497856, 36.921581, 33.785423>,  <34.484535, 37.141636, 33.690563>, 0.100000
	pigment { color rgbt <1,0,0,0> }
	no_shadow
}
cylinder {
	<34.497856, 36.921581, 33.785423>,  <34.520058, 36.554825, 33.943523>, 0.100000
	pigment { color rgbt <1,0,0,0> }
	no_shadow
}

// particle -1
sphere {
	<34.497856, 36.921581, 33.785423> 0.100000
	pigment { color rgbt <1,0,0,0> }
	no_shadow
}
sphere {
	0, 1
	scale<0.080000,0.200000,0.300000>
	matrix <-0.059636, -0.398201, -0.915358,
		-0.996676, -0.027236, 0.076782,
		-0.055506, 0.916894, -0.395253,
		34.481205, 37.196648, 33.666847>
	pigment { color rgbt <0,1,1,0> }
	no_shadow
}
cylinder {
	<33.860600, 36.636375, 33.560814>,  <34.520058, 36.554825, 33.943523>, 0.130000
	pigment { color rgbt <1,0,0,0> }
	no_shadow
}

// nucleotide -1

// particle -1
sphere {
	<33.860600, 36.636375, 33.560814> 0.250000
	pigment { color rgbt <1,0,0,0> }
	no_shadow
}
cylinder {
	<34.135639, 36.891773, 33.422523>,  <34.300663, 37.045013, 33.339550>, 0.100000
	pigment { color rgbt <1,0,0,0> }
	no_shadow
}
cylinder {
	<34.135639, 36.891773, 33.422523>,  <33.860600, 36.636375, 33.560814>, 0.100000
	pigment { color rgbt <1,0,0,0> }
	no_shadow
}

// particle -1
sphere {
	<34.135639, 36.891773, 33.422523> 0.100000
	pigment { color rgbt <1,0,0,0> }
	no_shadow
}
sphere {
	0, 1
	scale<0.080000,0.200000,0.300000>
	matrix <-0.076999, -0.409345, -0.909125,
		-0.721996, 0.651734, -0.232302,
		0.687599, 0.638498, -0.345729,
		34.341919, 37.083324, 33.318806>
	pigment { color rgbt <0,1,1,0> }
	no_shadow
}
cylinder {
	<33.638187, 36.831699, 32.908611>,  <33.860600, 36.636375, 33.560814>, 0.130000
	pigment { color rgbt <1,0,0,0> }
	no_shadow
}

// nucleotide -1

// particle -1
sphere {
	<33.638187, 36.831699, 32.908611> 0.250000
	pigment { color rgbt <1,0,0,0> }
	no_shadow
}
cylinder {
	<34.032536, 36.874321, 32.960323>,  <34.269142, 36.899895, 32.991352>, 0.100000
	pigment { color rgbt <1,0,0,0> }
	no_shadow
}
cylinder {
	<34.032536, 36.874321, 32.960323>,  <33.638187, 36.831699, 32.908611>, 0.100000
	pigment { color rgbt <1,0,0,0> }
	no_shadow
}

// particle -1
sphere {
	<34.032536, 36.874321, 32.960323> 0.100000
	pigment { color rgbt <1,0,0,0> }
	no_shadow
}
sphere {
	0, 1
	scale<0.080000,0.200000,0.300000>
	matrix <0.164738, -0.476229, -0.863752,
		-0.030465, 0.872842, -0.487051,
		0.985867, 0.106550, 0.129282,
		34.328297, 36.906284, 32.999107>
	pigment { color rgbt <0,1,1,0> }
	no_shadow
}
cylinder {
	<33.877281, 36.948429, 32.221958>,  <33.638187, 36.831699, 32.908611>, 0.130000
	pigment { color rgbt <1,0,0,0> }
	no_shadow
}

// nucleotide -1

// particle -1
sphere {
	<33.877281, 36.948429, 32.221958> 0.250000
	pigment { color rgbt <1,0,0,0> }
	no_shadow
}
cylinder {
	<34.200947, 36.887894, 32.449062>,  <34.395145, 36.851570, 32.585323>, 0.100000
	pigment { color rgbt <1,0,0,0> }
	no_shadow
}
cylinder {
	<34.200947, 36.887894, 32.449062>,  <33.877281, 36.948429, 32.221958>, 0.100000
	pigment { color rgbt <1,0,0,0> }
	no_shadow
}

// particle -1
sphere {
	<34.200947, 36.887894, 32.449062> 0.100000
	pigment { color rgbt <1,0,0,0> }
	no_shadow
}
sphere {
	0, 1
	scale<0.080000,0.200000,0.300000>
	matrix <0.505493, -0.313307, -0.803938,
		0.299551, 0.937515, -0.177015,
		0.809164, -0.151340, 0.567759,
		34.443695, 36.842491, 32.619389>
	pigment { color rgbt <0,1,1,0> }
	no_shadow
}
cylinder {
	<33.178993, 37.314026, 32.339130>,  <33.877281, 36.948429, 32.221958>, 0.130000
	pigment { color rgbt <1,0,0,0> }
	no_shadow
}

// nucleotide -1

// particle -1
sphere {
	<33.178993, 37.314026, 32.339130> 0.250000
	pigment { color rgbt <1,0,0,0> }
	no_shadow
}
cylinder {
	<33.257629, 37.679943, 32.197994>,  <33.304813, 37.899494, 32.113312>, 0.100000
	pigment { color rgbt <1,0,0,0> }
	no_shadow
}
cylinder {
	<33.257629, 37.679943, 32.197994>,  <33.178993, 37.314026, 32.339130>, 0.100000
	pigment { color rgbt <1,0,0,0> }
	no_shadow
}

// particle -1
sphere {
	<33.257629, 37.679943, 32.197994> 0.100000
	pigment { color rgbt <1,0,0,0> }
	no_shadow
}
sphere {
	0, 1
	scale<0.080000,0.200000,0.300000>
	matrix <-0.902722, 0.309329, 0.299011,
		0.382680, 0.259738, 0.886619,
		0.196592, 0.914796, -0.352845,
		33.316608, 37.954384, 32.092140>
	pigment { color rgbt <0,1,1,0> }
	no_shadow
}
cylinder {
	<33.031948, 37.810246, 32.850735>,  <33.178993, 37.314026, 32.339130>, 0.130000
	pigment { color rgbt <1,0,0,0> }
	no_shadow
}

// nucleotide -1

// particle -1
sphere {
	<33.031948, 37.810246, 32.850735> 0.250000
	pigment { color rgbt <1,0,0,0> }
	no_shadow
}
cylinder {
	<32.946236, 37.949699, 32.485760>,  <32.894810, 38.033371, 32.266777>, 0.100000
	pigment { color rgbt <1,0,0,0> }
	no_shadow
}
cylinder {
	<32.946236, 37.949699, 32.485760>,  <33.031948, 37.810246, 32.850735>, 0.100000
	pigment { color rgbt <1,0,0,0> }
	no_shadow
}

// particle -1
sphere {
	<32.946236, 37.949699, 32.485760> 0.100000
	pigment { color rgbt <1,0,0,0> }
	no_shadow
}
sphere {
	0, 1
	scale<0.080000,0.200000,0.300000>
	matrix <-0.916887, 0.250259, 0.310949,
		0.336753, 0.903230, 0.266034,
		-0.214280, 0.348636, -0.912434,
		32.881950, 38.054291, 32.212029>
	pigment { color rgbt <0,1,1,0> }
	no_shadow
}
cylinder {
	<32.966076, 38.559776, 32.913181>,  <33.031948, 37.810246, 32.850735>, 0.130000
	pigment { color rgbt <1,0,0,0> }
	no_shadow
}

// nucleotide -1

// particle -1
sphere {
	<32.966076, 38.559776, 32.913181> 0.250000
	pigment { color rgbt <1,0,0,0> }
	no_shadow
}
cylinder {
	<32.758511, 38.435242, 32.594734>,  <32.633972, 38.360519, 32.403667>, 0.100000
	pigment { color rgbt <1,0,0,0> }
	no_shadow
}
cylinder {
	<32.758511, 38.435242, 32.594734>,  <32.966076, 38.559776, 32.913181>, 0.100000
	pigment { color rgbt <1,0,0,0> }
	no_shadow
}

// particle -1
sphere {
	<32.758511, 38.435242, 32.594734> 0.100000
	pigment { color rgbt <1,0,0,0> }
	no_shadow
}
sphere {
	0, 1
	scale<0.080000,0.200000,0.300000>
	matrix <-0.849215, 0.081188, 0.521768,
		-0.097810, 0.946825, -0.306521,
		-0.518909, -0.311336, -0.796117,
		32.602837, 38.341843, 32.355900>
	pigment { color rgbt <0,1,1,0> }
	no_shadow
}
cylinder {
	<32.481785, 39.043564, 32.926239>,  <32.966076, 38.559776, 32.913181>, 0.130000
	pigment { color rgbt <1,0,0,0> }
	no_shadow
}

// nucleotide -1

// particle -1
sphere {
	<32.481785, 39.043564, 32.926239> 0.250000
	pigment { color rgbt <1,0,0,0> }
	no_shadow
}
cylinder {
	<32.377148, 38.703754, 32.742989>,  <32.314365, 38.499870, 32.633038>, 0.100000
	pigment { color rgbt <1,0,0,0> }
	no_shadow
}
cylinder {
	<32.377148, 38.703754, 32.742989>,  <32.481785, 39.043564, 32.926239>, 0.100000
	pigment { color rgbt <1,0,0,0> }
	no_shadow
}

// particle -1
sphere {
	<32.377148, 38.703754, 32.742989> 0.100000
	pigment { color rgbt <1,0,0,0> }
	no_shadow
}
sphere {
	0, 1
	scale<0.080000,0.200000,0.300000>
	matrix <-0.843471, -0.029516, 0.536363,
		-0.469175, 0.526725, -0.708827,
		-0.261594, -0.849523, -0.458125,
		32.298668, 38.448898, 32.605553>
	pigment { color rgbt <0,1,1,0> }
	no_shadow
}
cylinder {
	<31.807234, 39.207767, 32.715843>,  <32.481785, 39.043564, 32.926239>, 0.130000
	pigment { color rgbt <1,0,0,0> }
	no_shadow
}

// nucleotide -1

// particle -1
sphere {
	<31.807234, 39.207767, 32.715843> 0.250000
	pigment { color rgbt <1,0,0,0> }
	no_shadow
}
cylinder {
	<31.867405, 38.812321, 32.716499>,  <31.903507, 38.575050, 32.716892>, 0.100000
	pigment { color rgbt <1,0,0,0> }
	no_shadow
}
cylinder {
	<31.867405, 38.812321, 32.716499>,  <31.807234, 39.207767, 32.715843>, 0.100000
	pigment { color rgbt <1,0,0,0> }
	no_shadow
}

// particle -1
sphere {
	<31.867405, 38.812321, 32.716499> 0.100000
	pigment { color rgbt <1,0,0,0> }
	no_shadow
}
sphere {
	0, 1
	scale<0.080000,0.200000,0.300000>
	matrix <-0.773822, -0.116709, 0.622558,
		-0.615282, -0.094920, -0.782572,
		0.150427, -0.988620, 0.001642,
		31.912533, 38.515736, 32.716991>
	pigment { color rgbt <0,1,1,0> }
	no_shadow
}
cylinder {
	<31.169096, 38.917999, 32.807739>,  <31.807234, 39.207767, 32.715843>, 0.130000
	pigment { color rgbt <1,0,0,0> }
	no_shadow
}

// nucleotide -1

// particle -1
sphere {
	<31.169096, 38.917999, 32.807739> 0.250000
	pigment { color rgbt <1,0,0,0> }
	no_shadow
}
cylinder {
	<31.368298, 38.575928, 32.865234>,  <31.487818, 38.370686, 32.899731>, 0.100000
	pigment { color rgbt <1,0,0,0> }
	no_shadow
}
cylinder {
	<31.368298, 38.575928, 32.865234>,  <31.169096, 38.917999, 32.807739>, 0.100000
	pigment { color rgbt <1,0,0,0> }
	no_shadow
}

// particle -1
sphere {
	<31.368298, 38.575928, 32.865234> 0.100000
	pigment { color rgbt <1,0,0,0> }
	no_shadow
}
sphere {
	0, 1
	scale<0.080000,0.200000,0.300000>
	matrix <-0.742756, -0.335106, 0.579670,
		-0.447556, -0.395436, -0.802074,
		0.498003, -0.855181, 0.143734,
		31.517698, 38.319374, 32.908356>
	pigment { color rgbt <0,1,1,0> }
	no_shadow
}
cylinder {
	<30.643663, 38.402554, 32.725044>,  <31.169096, 38.917999, 32.807739>, 0.130000
	pigment { color rgbt <1,0,0,0> }
	no_shadow
}

// nucleotide -1

// particle -1
sphere {
	<30.643663, 38.402554, 32.725044> 0.250000
	pigment { color rgbt <1,0,0,0> }
	no_shadow
}
cylinder {
	<30.935581, 38.247433, 32.950256>,  <31.110733, 38.154362, 33.085384>, 0.100000
	pigment { color rgbt <1,0,0,0> }
	no_shadow
}
cylinder {
	<30.935581, 38.247433, 32.950256>,  <30.643663, 38.402554, 32.725044>, 0.100000
	pigment { color rgbt <1,0,0,0> }
	no_shadow
}

// particle -1
sphere {
	<30.935581, 38.247433, 32.950256> 0.100000
	pigment { color rgbt <1,0,0,0> }
	no_shadow
}
sphere {
	0, 1
	scale<0.080000,0.200000,0.300000>
	matrix <-0.683039, -0.378331, 0.624759,
		-0.029269, -0.840521, -0.540987,
		0.729796, -0.387801, 0.563035,
		31.154520, 38.131092, 33.119167>
	pigment { color rgbt <0,1,1,0> }
	no_shadow
}
cylinder {
	<30.414400, 37.837875, 33.013462>,  <30.643663, 38.402554, 32.725044>, 0.130000
	pigment { color rgbt <1,0,0,0> }
	no_shadow
}

// nucleotide -1

// particle -1
sphere {
	<30.414400, 37.837875, 33.013462> 0.250000
	pigment { color rgbt <1,0,0,0> }
	no_shadow
}
cylinder {
	<30.732321, 37.876453, 33.253124>,  <30.923073, 37.899601, 33.396923>, 0.100000
	pigment { color rgbt <1,0,0,0> }
	no_shadow
}
cylinder {
	<30.732321, 37.876453, 33.253124>,  <30.414400, 37.837875, 33.013462>, 0.100000
	pigment { color rgbt <1,0,0,0> }
	no_shadow
}

// particle -1
sphere {
	<30.732321, 37.876453, 33.253124> 0.100000
	pigment { color rgbt <1,0,0,0> }
	no_shadow
}
sphere {
	0, 1
	scale<0.080000,0.200000,0.300000>
	matrix <-0.565469, -0.240699, 0.788865,
