// switches for output
#declare DRAW_BASES = 1; // possible values are 0, 1; only relevant for DNA ribbons
#declare DRAW_BASES_TYPE = 3; // possible values are 1, 2, 3; only relevant for DNA ribbons
#declare DRAW_FOG = 0; // set to 1 to enable fog

#include "colors.inc"

#include "transforms.inc"
background { rgb <1, 1, 1>}

#default {
   normal{
       ripples 0.25
       frequency 0.20
       turbulence 0.2
       lambda 5
   }
	finish {
		phong 0.1
		phong_size 40.
	}
}

// original window dimensions: 1024x640


// camera settings

camera {
	sky <0, 0.179814, -0.983701>
	up <0, 0.179814, -0.983701>
	right 1.6 * <1, 0, 0>
	location <35, 94.9851, 44.8844>
	look_at <35, 29.7336, 32.9568>
	direction <0, -65.2515, -11.9276>
	angle 67.0682
}


# declare cpy_camera_pos = <35, 94.9851, 44.8844>;
# if (DRAW_FOG = 1)
fog {
	fog_type 2
	up vnormalize(cpy_camera_pos)
	color rgbt<1,1,1,0.3>
	distance 1e-5
	fog_alt 3e-3
	fog_offset 56
}
# end


// LIGHTS

# declare lum = 6;
global_settings {
	ambient_light rgb lum * <0.05, 0.05, 0.05>
	max_trace_level 15
}# declare cpy_direct_light_amount = 0.25;
light_source
{	1000 * <-1, -1.16352, -0.803886>,
	rgb lum * cpy_direct_light_amount
	parallel
}

light_source
{	1000 * <1, 1.16352, 0.803886>,
	rgb lum * cpy_direct_light_amount
	parallel
}

// strand 0

// nucleotide -1

// particle -1
sphere {
	<23.950737, 34.714821, 34.958721> 0.250000
	pigment { color rgbt <1,0,0,0> }
	no_shadow
}
cylinder {
	<24.321745, 34.837551, 34.873333>,  <24.544350, 34.911190, 34.822098>, 0.100000
	pigment { color rgbt <1,0,0,0> }
	no_shadow
}
cylinder {
	<24.321745, 34.837551, 34.873333>,  <23.950737, 34.714821, 34.958721>, 0.100000
	pigment { color rgbt <1,0,0,0> }
	no_shadow
}

// particle -1
sphere {
	<24.321745, 34.837551, 34.873333> 0.100000
	pigment { color rgbt <1,0,0,0> }
	no_shadow
}
sphere {
	0, 1
	scale<0.080000,0.200000,0.300000>
	matrix <0.285292, -0.212127, 0.934671,
		0.241494, -0.927827, -0.284286,
		0.927518, 0.306822, -0.213474,
		24.600000, 34.929596, 34.809292>
	pigment { color rgbt <0,1,1,0> }
	no_shadow
}
cylinder {
	<24.535990, 34.379513, 34.630543>,  <23.950737, 34.714821, 34.958721>, 0.130000
	pigment { color rgbt <1,0,0,0> }
	no_shadow
}

// nucleotide -1

// particle -1
sphere {
	<24.535990, 34.379513, 34.630543> 0.250000
	pigment { color rgbt <1,0,0,0> }
	no_shadow
}
cylinder {
	<24.481596, 33.990112, 34.704086>,  <24.448959, 33.756474, 34.748215>, 0.100000
	pigment { color rgbt <1,0,0,0> }
	no_shadow
}
cylinder {
	<24.481596, 33.990112, 34.704086>,  <24.535990, 34.379513, 34.630543>, 0.100000
	pigment { color rgbt <1,0,0,0> }
	no_shadow
}

// particle -1
sphere {
	<24.481596, 33.990112, 34.704086> 0.100000
	pigment { color rgbt <1,0,0,0> }
	no_shadow
}
sphere {
	0, 1
	scale<0.080000,0.200000,0.300000>
	matrix <0.406116, -0.224052, -0.885929,
		0.903647, -0.045802, 0.425821,
		-0.135983, -0.973500, 0.183863,
		24.440802, 33.698063, 34.759247>
	pigment { color rgbt <0,1,1,0> }
	no_shadow
}
cylinder {
	<25.225491, 33.950954, 34.453884>,  <24.535990, 34.379513, 34.630543>, 0.130000
	pigment { color rgbt <1,0,0,0> }
	no_shadow
}

// nucleotide -1

// particle -1
sphere {
	<25.225491, 33.950954, 34.453884> 0.250000
	pigment { color rgbt <1,0,0,0> }
	no_shadow
}
cylinder {
	<24.861942, 33.789562, 34.411621>,  <24.643814, 33.692726, 34.386265>, 0.100000
	pigment { color rgbt <1,0,0,0> }
	no_shadow
}
cylinder {
	<24.861942, 33.789562, 34.411621>,  <25.225491, 33.950954, 34.453884>, 0.100000
	pigment { color rgbt <1,0,0,0> }
	no_shadow
}

// particle -1
sphere {
	<24.861942, 33.789562, 34.411621> 0.100000
	pigment { color rgbt <1,0,0,0> }
	no_shadow
}
sphere {
	0, 1
	scale<0.080000,0.200000,0.300000>
	matrix <0.245760, -0.313401, -0.917269,
		0.336986, -0.859642, 0.383999,
		-0.908869, -0.403479, -0.105654,
		24.589281, 33.668518, 34.379925>
	pigment { color rgbt <0,1,1,0> }
	no_shadow
}
cylinder {
	<25.310274, 33.225452, 34.244240>,  <25.225491, 33.950954, 34.453884>, 0.130000
	pigment { color rgbt <1,0,0,0> }
	no_shadow
}

// nucleotide -1

// particle -1
sphere {
	<25.310274, 33.225452, 34.244240> 0.250000
	pigment { color rgbt <1,0,0,0> }
	no_shadow
}
cylinder {
	<25.016279, 33.445114, 34.085129>,  <24.839882, 33.576912, 33.989662>, 0.100000
	pigment { color rgbt <1,0,0,0> }
	no_shadow
}
cylinder {
	<25.016279, 33.445114, 34.085129>,  <25.310274, 33.225452, 34.244240>, 0.100000
	pigment { color rgbt <1,0,0,0> }
	no_shadow
}

// particle -1
sphere {
	<25.016279, 33.445114, 34.085129> 0.100000
	pigment { color rgbt <1,0,0,0> }
	no_shadow
}
sphere {
	0, 1
	scale<0.080000,0.200000,0.300000>
	matrix <0.268078, -0.303499, -0.914342,
		-0.622838, -0.778665, 0.075852,
		-0.734987, 0.549153, -0.397774,
		24.795782, 33.609859, 33.965797>
	pigment { color rgbt <0,1,1,0> }
	no_shadow
}
cylinder {
	<24.807426, 32.790375, 33.825195>,  <25.310274, 33.225452, 34.244240>, 0.130000
	pigment { color rgbt <1,0,0,0> }
	no_shadow
}

// nucleotide -1

// particle -1
sphere {
	<24.807426, 32.790375, 33.825195> 0.250000
	pigment { color rgbt <1,0,0,0> }
	no_shadow
}
cylinder {
	<24.819111, 33.172806, 33.708534>,  <24.826122, 33.402264, 33.638538>, 0.100000
	pigment { color rgbt <1,0,0,0> }
	no_shadow
}
cylinder {
	<24.819111, 33.172806, 33.708534>,  <24.807426, 32.790375, 33.825195>, 0.100000
	pigment { color rgbt <1,0,0,0> }
	no_shadow
}

// particle -1
sphere {
	<24.819111, 33.172806, 33.708534> 0.100000
	pigment { color rgbt <1,0,0,0> }
	no_shadow
}
sphere {
	0, 1
	scale<0.080000,0.200000,0.300000>
	matrix <0.332129, -0.284481, -0.899311,
		-0.942782, -0.070593, -0.325852,
		0.029213, 0.956079, -0.291650,
		24.827875, 33.459629, 33.621040>
	pigment { color rgbt <0,1,1,0> }
	no_shadow
}
cylinder {
	<24.310131, 33.089561, 33.404934>,  <24.807426, 32.790375, 33.825195>, 0.130000
	pigment { color rgbt <1,0,0,0> }
	no_shadow
}

// nucleotide -1

// particle -1
sphere {
	<24.310131, 33.089561, 33.404934> 0.250000
	pigment { color rgbt <1,0,0,0> }
	no_shadow
}
cylinder {
	<24.688869, 33.203682, 33.345486>,  <24.916113, 33.272156, 33.309814>, 0.100000
	pigment { color rgbt <1,0,0,0> }
	no_shadow
}
cylinder {
	<24.688869, 33.203682, 33.345486>,  <24.310131, 33.089561, 33.404934>, 0.100000
	pigment { color rgbt <1,0,0,0> }
	no_shadow
}

// particle -1
sphere {
	<24.688869, 33.203682, 33.345486> 0.100000
	pigment { color rgbt <1,0,0,0> }
	no_shadow
}
sphere {
	0, 1
	scale<0.080000,0.200000,0.300000>
	matrix <0.020935, -0.515676, -0.856528,
		-0.321009, 0.807888, -0.494238,
		0.946845, 0.285300, -0.148623,
		24.972923, 33.289272, 33.300900>
	pigment { color rgbt <0,1,1,0> }
	no_shadow
}
cylinder {
	<24.389742, 33.368690, 32.702625>,  <24.310131, 33.089561, 33.404934>, 0.130000
	pigment { color rgbt <1,0,0,0> }
	no_shadow
}

// nucleotide -1

// particle -1
sphere {
	<24.389742, 33.368690, 32.702625> 0.250000
	pigment { color rgbt <1,0,0,0> }
	no_shadow
}
cylinder {
	<24.754456, 33.236637, 32.800327>,  <24.973284, 33.157406, 32.858948>, 0.100000
	pigment { color rgbt <1,0,0,0> }
	no_shadow
}
cylinder {
	<24.754456, 33.236637, 32.800327>,  <24.389742, 33.368690, 32.702625>, 0.100000
	pigment { color rgbt <1,0,0,0> }
	no_shadow
}

// particle -1
sphere {
	<24.754456, 33.236637, 32.800327> 0.100000
	pigment { color rgbt <1,0,0,0> }
	no_shadow
}
sphere {
	0, 1
	scale<0.080000,0.200000,0.300000>
	matrix <-0.003352, -0.600732, -0.799443,
		0.410658, 0.728101, -0.548844,
		0.911783, -0.330137, 0.244255,
		25.027990, 33.137596, 32.873604>
	pigment { color rgbt <0,1,1,0> }
	no_shadow
}
cylinder {
	<24.810398, 33.312099, 32.134987>,  <24.389742, 33.368690, 32.702625>, 0.130000
	pigment { color rgbt <1,0,0,0> }
	no_shadow
}

// nucleotide -1

// particle -1
sphere {
	<24.810398, 33.312099, 32.134987> 0.250000
	pigment { color rgbt <1,0,0,0> }
	no_shadow
}
cylinder {
	<25.031075, 33.067345, 32.361698>,  <25.163481, 32.920494, 32.497723>, 0.100000
	pigment { color rgbt <1,0,0,0> }
	no_shadow
}
cylinder {
	<25.031075, 33.067345, 32.361698>,  <24.810398, 33.312099, 32.134987>, 0.100000
	pigment { color rgbt <1,0,0,0> }
	no_shadow
}

// particle -1
sphere {
	<25.031075, 33.067345, 32.361698> 0.100000
	pigment { color rgbt <1,0,0,0> }
	no_shadow
}
sphere {
	0, 1
	scale<0.080000,0.200000,0.300000>
	matrix <0.086453, -0.633934, -0.768540,
		0.829556, 0.472995, -0.296836,
		0.551690, -0.611884, 0.566776,
		25.196581, 32.883778, 32.531731>
	pigment { color rgbt <0,1,1,0> }
	no_shadow
}
cylinder {
	<25.352875, 32.926785, 31.703033>,  <24.810398, 33.312099, 32.134987>, 0.130000
	pigment { color rgbt <1,0,0,0> }
	no_shadow
}

// nucleotide -1

// particle -1
sphere {
	<25.352875, 32.926785, 31.703033> 0.250000
	pigment { color rgbt <1,0,0,0> }
	no_shadow
}
cylinder {
	<25.343163, 32.697140, 32.030399>,  <25.337336, 32.559353, 32.226818>, 0.100000
	pigment { color rgbt <1,0,0,0> }
	no_shadow
}
cylinder {
	<25.343163, 32.697140, 32.030399>,  <25.352875, 32.926785, 31.703033>, 0.100000
	pigment { color rgbt <1,0,0,0> }
	no_shadow
}

// particle -1
sphere {
	<25.343163, 32.697140, 32.030399> 0.100000
	pigment { color rgbt <1,0,0,0> }
	no_shadow
}
sphere {
	0, 1
	scale<0.080000,0.200000,0.300000>
	matrix <0.102622, -0.815762, -0.569211,
		0.994424, 0.070167, 0.078724,
		-0.024280, -0.574116, 0.818414,
		25.335878, 32.524906, 32.275925>
	pigment { color rgbt <0,1,1,0> }
	no_shadow
}
cylinder {
	<25.914104, 32.531120, 31.678997>,  <25.352875, 32.926785, 31.703033>, 0.130000
	pigment { color rgbt <1,0,0,0> }
	no_shadow
}

// nucleotide -1

// particle -1
sphere {
	<25.914104, 32.531120, 31.678997> 0.250000
	pigment { color rgbt <1,0,0,0> }
	no_shadow
}
cylinder {
	<25.627245, 32.337940, 31.879978>,  <25.455130, 32.222034, 32.000568>, 0.100000
	pigment { color rgbt <1,0,0,0> }
	no_shadow
}
cylinder {
	<25.627245, 32.337940, 31.879978>,  <25.914104, 32.531120, 31.678997>, 0.100000
	pigment { color rgbt <1,0,0,0> }
	no_shadow
}

// particle -1
sphere {
	<25.627245, 32.337940, 31.879978> 0.100000
	pigment { color rgbt <1,0,0,0> }
	no_shadow
}
sphere {
	0, 1
	scale<0.080000,0.200000,0.300000>
	matrix <0.043972, -0.750882, -0.658971,
		0.695531, -0.450486, 0.559730,
		-0.717149, -0.482947, 0.502453,
		25.412100, 32.193054, 32.030716>
	pigment { color rgbt <0,1,1,0> }
	no_shadow
}
cylinder {
	<26.177073, 31.984983, 32.045372>,  <25.914104, 32.531120, 31.678997>, 0.130000
	pigment { color rgbt <1,0,0,0> }
	no_shadow
}

// nucleotide -1

// particle -1
sphere {
	<26.177073, 31.984983, 32.045372> 0.250000
	pigment { color rgbt <1,0,0,0> }
	no_shadow
}
cylinder {
	<25.789125, 31.902719, 31.993128>,  <25.556356, 31.853361, 31.961782>, 0.100000
	pigment { color rgbt <1,0,0,0> }
	no_shadow
}
cylinder {
	<25.789125, 31.902719, 31.993128>,  <26.177073, 31.984983, 32.045372>, 0.100000
	pigment { color rgbt <1,0,0,0> }
	no_shadow
}

// particle -1
sphere {
	<25.789125, 31.902719, 31.993128> 0.100000
	pigment { color rgbt <1,0,0,0> }
	no_shadow
}
sphere {
	0, 1
	scale<0.080000,0.200000,0.300000>
	matrix <0.243036, -0.779418, -0.577443,
		0.016957, -0.591787, 0.805916,
		-0.969869, -0.205658, -0.130609,
		25.498165, 31.841022, 31.953945>
	pigment { color rgbt <0,1,1,0> }
	no_shadow
}
cylinder {
	<26.104195, 31.296894, 32.065819>,  <26.177073, 31.984983, 32.045372>, 0.130000
	pigment { color rgbt <1,0,0,0> }
	no_shadow
}

// nucleotide -1

// particle -1
sphere {
	<26.104195, 31.296894, 32.065819> 0.250000
	pigment { color rgbt <1,0,0,0> }
	no_shadow
}
cylinder {
	<25.743902, 31.385668, 31.916458>,  <25.527727, 31.438932, 31.826841>, 0.100000
	pigment { color rgbt <1,0,0,0> }
	no_shadow
}
cylinder {
	<25.743902, 31.385668, 31.916458>,  <26.104195, 31.296894, 32.065819>, 0.100000
	pigment { color rgbt <1,0,0,0> }
	no_shadow
}

// particle -1
sphere {
	<25.743902, 31.385668, 31.916458> 0.100000
	pigment { color rgbt <1,0,0,0> }
	no_shadow
}
sphere {
	0, 1
	scale<0.080000,0.200000,0.300000>
	matrix <0.053636, -0.796225, -0.602619,
		-0.431053, -0.562825, 0.705281,
		-0.900731, 0.221932, -0.373402,
		25.473682, 31.452248, 31.804438>
	pigment { color rgbt <0,1,1,0> }
	no_shadow
}
cylinder {
	<25.763134, 30.709307, 32.163616>,  <26.104195, 31.296894, 32.065819>, 0.130000
	pigment { color rgbt <1,0,0,0> }
	no_shadow
}

// nucleotide -1

// particle -1
sphere {
	<25.763134, 30.709307, 32.163616> 0.250000
	pigment { color rgbt <1,0,0,0> }
	no_shadow
}
cylinder {
	<25.582365, 30.876875, 31.848587>,  <25.473904, 30.977417, 31.659569>, 0.100000
	pigment { color rgbt <1,0,0,0> }
	no_shadow
}
cylinder {
	<25.582365, 30.876875, 31.848587>,  <25.763134, 30.709307, 32.163616>, 0.100000
	pigment { color rgbt <1,0,0,0> }
	no_shadow
}

// particle -1
sphere {
	<25.582365, 30.876875, 31.848587> 0.100000
	pigment { color rgbt <1,0,0,0> }
	no_shadow
}
sphere {
	0, 1
	scale<0.080000,0.200000,0.300000>
	matrix <0.144292, -0.836918, -0.527966,
		-0.880312, -0.352239, 0.317773,
		-0.451920, 0.418923, -0.787574,
		25.446789, 31.002552, 31.612314>
	pigment { color rgbt <0,1,1,0> }
	no_shadow
}
cylinder {
	<25.324375, 30.183849, 31.854004>,  <25.763134, 30.709307, 32.163616>, 0.130000
	pigment { color rgbt <1,0,0,0> }
	no_shadow
}

// nucleotide -1

// particle -1
sphere {
	<25.324375, 30.183849, 31.854004> 0.250000
	pigment { color rgbt <1,0,0,0> }
	no_shadow
}
cylinder {
	<25.358450, 30.471107, 31.577740>,  <25.378895, 30.643463, 31.411982>, 0.100000
	pigment { color rgbt <1,0,0,0> }
	no_shadow
}
cylinder {
	<25.358450, 30.471107, 31.577740>,  <25.324375, 30.183849, 31.854004>, 0.100000
	pigment { color rgbt <1,0,0,0> }
	no_shadow
}

// particle -1
sphere {
	<25.358450, 30.471107, 31.577740> 0.100000
	pigment { color rgbt <1,0,0,0> }
	no_shadow
}
sphere {
	0, 1
	scale<0.080000,0.200000,0.300000>
	matrix <0.060856, -0.695636, -0.715812,
		-0.994505, 0.018947, -0.102962,
		0.085186, 0.718145, -0.690660,
		25.384007, 30.686550, 31.370543>
	pigment { color rgbt <0,1,1,0> }
	no_shadow
}
cylinder {
	<24.773703, 30.055634, 31.419090>,  <25.324375, 30.183849, 31.854004>, 0.130000
	pigment { color rgbt <1,0,0,0> }
	no_shadow
}

// nucleotide -1

// particle -1
sphere {
	<24.773703, 30.055634, 31.419090> 0.250000
	pigment { color rgbt <1,0,0,0> }
	no_shadow
}
cylinder {
	<25.047922, 30.273115, 31.225428>,  <25.212454, 30.403605, 31.109230>, 0.100000
	pigment { color rgbt <1,0,0,0> }
	no_shadow
}
cylinder {
	<25.047922, 30.273115, 31.225428>,  <24.773703, 30.055634, 31.419090>, 0.100000
	pigment { color rgbt <1,0,0,0> }
	no_shadow
}

// particle -1
sphere {
	<25.047922, 30.273115, 31.225428> 0.100000
	pigment { color rgbt <1,0,0,0> }
	no_shadow
}
sphere {
	0, 1
	scale<0.080000,0.200000,0.300000>
	matrix <0.065411, -0.708339, -0.702835,
		-0.725082, 0.450158, -0.521165,
		0.685549, 0.543703, -0.484159,
		25.253586, 30.436226, 31.080179>
	pigment { color rgbt <0,1,1,0> }
	no_shadow
}
cylinder {
	<24.518162, 30.075493, 30.708603>,  <24.773703, 30.055634, 31.419090>, 0.130000
	pigment { color rgbt <1,0,0,0> }
	no_shadow
}

// nucleotide -1

// particle -1
sphere {
	<24.518162, 30.075493, 30.708603> 0.250000
	pigment { color rgbt <1,0,0,0> }
	no_shadow
}
cylinder {
	<24.904568, 30.177639, 30.692585>,  <25.136412, 30.238928, 30.682974>, 0.100000
	pigment { color rgbt <1,0,0,0> }
	no_shadow
}
cylinder {
	<24.904568, 30.177639, 30.692585>,  <24.518162, 30.075493, 30.708603>, 0.100000
	pigment { color rgbt <1,0,0,0> }
	no_shadow
}

// particle -1
sphere {
	<24.904568, 30.177639, 30.692585> 0.100000
	pigment { color rgbt <1,0,0,0> }
	no_shadow
}
sphere {
	0, 1
	scale<0.080000,0.200000,0.300000>
	matrix <0.109504, -0.544621, -0.831503,
		-0.234147, 0.798859, -0.554075,
		0.966014, 0.255368, -0.040043,
		25.194372, 30.254250, 30.680573>
	pigment { color rgbt <0,1,1,0> }
	no_shadow
}
cylinder {
	<24.715929, 30.188467, 29.888340>,  <24.518162, 30.075493, 30.708603>, 0.130000
	pigment { color rgbt <1,0,0,0> }
	no_shadow
}

// nucleotide -1

// particle -1
sphere {
	<24.715929, 30.188467, 29.888340> 0.250000
	pigment { color rgbt <1,0,0,0> }
	no_shadow
}
cylinder {
	<25.044947, 30.111097, 30.102261>,  <25.242357, 30.064676, 30.230612>, 0.100000
	pigment { color rgbt <1,0,0,0> }
	no_shadow
}
cylinder {
	<25.044947, 30.111097, 30.102261>,  <24.715929, 30.188467, 29.888340>, 0.100000
	pigment { color rgbt <1,0,0,0> }
	no_shadow
}

// particle -1
sphere {
	<25.044947, 30.111097, 30.102261> 0.100000
	pigment { color rgbt <1,0,0,0> }
	no_shadow
}
sphere {
	0, 1
	scale<0.080000,0.200000,0.300000>
	matrix <0.366053, -0.539615, -0.758169,
		0.435234, 0.819392, -0.373053,
		0.822542, -0.193424, 0.534800,
		25.291710, 30.053070, 30.262701>
	pigment { color rgbt <0,1,1,0> }
	no_shadow
}
cylinder {
	<25.206331, 30.089325, 29.314341>,  <24.715929, 30.188467, 29.888340>, 0.130000
	pigment { color rgbt <1,0,0,0> }
	no_shadow
}

// nucleotide -1

// particle -1
sphere {
	<25.206331, 30.089325, 29.314341> 0.250000
	pigment { color rgbt <1,0,0,0> }
	no_shadow
}
cylinder {
	<25.356306, 29.930931, 29.649630>,  <25.446291, 29.835896, 29.850803>, 0.100000
	pigment { color rgbt <1,0,0,0> }
	no_shadow
}
cylinder {
	<25.356306, 29.930931, 29.649630>,  <25.206331, 30.089325, 29.314341>, 0.100000
	pigment { color rgbt <1,0,0,0> }
	no_shadow
}

// particle -1
sphere {
	<25.356306, 29.930931, 29.649630> 0.100000
	pigment { color rgbt <1,0,0,0> }
	no_shadow
}
sphere {
	0, 1
	scale<0.080000,0.200000,0.300000>
	matrix <0.524086, -0.655295, -0.543988,
		0.764695, 0.643262, -0.038164,
		0.374935, -0.395984, 0.838225,
		25.468786, 29.812136, 29.901096>
	pigment { color rgbt <0,1,1,0> }
	no_shadow
}
cylinder {
	<26.016581, 30.136982, 29.316488>,  <25.206331, 30.089325, 29.314341>, 0.130000
	pigment { color rgbt <1,0,0,0> }
	no_shadow
}

// nucleotide -1

// particle -1
sphere {
	<26.016581, 30.136982, 29.316488> 0.250000
	pigment { color rgbt <1,0,0,0> }
	no_shadow
}
cylinder {
	<25.910082, 29.840849, 29.563395>,  <25.846182, 29.663170, 29.711538>, 0.100000
	pigment { color rgbt <1,0,0,0> }
	no_shadow
}
cylinder {
	<25.910082, 29.840849, 29.563395>,  <26.016581, 30.136982, 29.316488>, 0.100000
	pigment { color rgbt <1,0,0,0> }
	no_shadow
}

// particle -1
sphere {
	<25.910082, 29.840849, 29.563395> 0.100000
	pigment { color rgbt <1,0,0,0> }
	no_shadow
}
sphere {
	0, 1
	scale<0.080000,0.200000,0.300000>
	matrix <0.523917, -0.648677, -0.552022,
		0.809088, 0.176422, 0.560582,
		-0.266248, -0.740333, 0.617267,
		25.830208, 29.618750, 29.748575>
	pigment { color rgbt <0,1,1,0> }
	no_shadow
}
cylinder {
	<26.532591, 29.749990, 29.228931>,  <26.016581, 30.136982, 29.316488>, 0.130000
	pigment { color rgbt <1,0,0,0> }
	no_shadow
}

// nucleotide -1

// particle -1
sphere {
	<26.532591, 29.749990, 29.228931> 0.250000
	pigment { color rgbt <1,0,0,0> }
	no_shadow
}
cylinder {
	<26.297573, 29.481136, 29.409164>,  <26.156563, 29.319824, 29.517305>, 0.100000
	pigment { color rgbt <1,0,0,0> }
	no_shadow
}
cylinder {
	<26.297573, 29.481136, 29.409164>,  <26.532591, 29.749990, 29.228931>, 0.100000
	pigment { color rgbt <1,0,0,0> }
	no_shadow
}

// particle -1
sphere {
	<26.297573, 29.481136, 29.409164> 0.100000
	pigment { color rgbt <1,0,0,0> }
	no_shadow
}
sphere {
	0, 1
	scale<0.080000,0.200000,0.300000>
	matrix <0.376615, -0.719987, -0.582907,
		0.716206, -0.172788, 0.676161,
		-0.587546, -0.672133, 0.450584,
		26.121309, 29.279497, 29.544340>
	pigment { color rgbt <0,1,1,0> }
	no_shadow
}
cylinder {
	<26.976194, 29.176777, 29.402840>,  <26.532591, 29.749990, 29.228931>, 0.130000
	pigment { color rgbt <1,0,0,0> }
	no_shadow
}

// nucleotide -1

// particle -1
sphere {
	<26.976194, 29.176777, 29.402840> 0.250000
	pigment { color rgbt <1,0,0,0> }
	no_shadow
}
cylinder {
	<26.601568, 29.036770, 29.410128>,  <26.376793, 28.952766, 29.414501>, 0.100000
	pigment { color rgbt <1,0,0,0> }
	no_shadow
}
cylinder {
	<26.601568, 29.036770, 29.410128>,  <26.976194, 29.176777, 29.402840>, 0.100000
	pigment { color rgbt <1,0,0,0> }
	no_shadow
}

// particle -1
sphere {
	<26.601568, 29.036770, 29.410128> 0.100000
	pigment { color rgbt <1,0,0,0> }
	no_shadow
}
sphere {
	0, 1
	scale<0.080000,0.200000,0.300000>
	matrix <0.287653, -0.797314, -0.530609,
		0.200251, -0.491709, 0.847421,
		-0.936566, -0.350018, 0.018221,
		26.320599, 28.931765, 29.415594>
	pigment { color rgbt <0,1,1,0> }
	no_shadow
}
cylinder {
	<26.982254, 28.483122, 29.685287>,  <26.976194, 29.176777, 29.402840>, 0.130000
	pigment { color rgbt <1,0,0,0> }
	no_shadow
}

// nucleotide -1

// particle -1
sphere {
	<26.982254, 28.483122, 29.685287> 0.250000
	pigment { color rgbt <1,0,0,0> }
	no_shadow
}
cylinder {
	<26.649498, 28.506886, 29.464588>,  <26.449844, 28.521143, 29.332169>, 0.100000
	pigment { color rgbt <1,0,0,0> }
	no_shadow
}
cylinder {
	<26.649498, 28.506886, 29.464588>,  <26.982254, 28.483122, 29.685287>, 0.100000
	pigment { color rgbt <1,0,0,0> }
	no_shadow
}

// particle -1
sphere {
	<26.649498, 28.506886, 29.464588> 0.100000
	pigment { color rgbt <1,0,0,0> }
	no_shadow
}
sphere {
	0, 1
	scale<0.080000,0.200000,0.300000>
	matrix <0.282816, -0.810059, -0.513634,
		-0.477462, -0.583331, 0.657080,
		-0.831892, 0.059408, -0.551748,
		26.399931, 28.524708, 29.299065>
	pigment { color rgbt <0,1,1,0> }
	no_shadow
}
cylinder {
	<26.786213, 27.857222, 29.517464>,  <26.982254, 28.483122, 29.685287>, 0.130000
	pigment { color rgbt <1,0,0,0> }
	no_shadow
}

// nucleotide -1

// particle -1
sphere {
	<26.786213, 27.857222, 29.517464> 0.250000
	pigment { color rgbt <1,0,0,0> }
	no_shadow
}
cylinder {
	<26.594263, 28.064329, 29.234159>,  <26.479094, 28.188593, 29.064177>, 0.100000
	pigment { color rgbt <1,0,0,0> }
	no_shadow
}
cylinder {
	<26.594263, 28.064329, 29.234159>,  <26.786213, 27.857222, 29.517464>, 0.100000
	pigment { color rgbt <1,0,0,0> }
	no_shadow
}

// particle -1
sphere {
	<26.594263, 28.064329, 29.234159> 0.100000
	pigment { color rgbt <1,0,0,0> }
	no_shadow
}
sphere {
	0, 1
	scale<0.080000,0.200000,0.300000>
	matrix <0.256108, -0.689454, -0.677541,
		-0.839123, -0.506528, 0.198248,
		-0.479876, 0.517767, -0.708262,
		26.450300, 28.219660, 29.021681>
	pigment { color rgbt <0,1,1,0> }
	no_shadow
}
cylinder {
	<26.408489, 27.376137, 29.211863>,  <26.786213, 27.857222, 29.517464>, 0.130000
	pigment { color rgbt <1,0,0,0> }
	no_shadow
}

// nucleotide -1

// particle -1
sphere {
	<26.408489, 27.376137, 29.211863> 0.250000
	pigment { color rgbt <1,0,0,0> }
	no_shadow
}
cylinder {
	<26.411806, 27.668299, 28.938677>,  <26.413795, 27.843596, 28.774765>, 0.100000
	pigment { color rgbt <1,0,0,0> }
	no_shadow
}
cylinder {
	<26.411806, 27.668299, 28.938677>,  <26.408489, 27.376137, 29.211863>, 0.100000
	pigment { color rgbt <1,0,0,0> }
	no_shadow
}

// particle -1
sphere {
	<26.411806, 27.668299, 28.938677> 0.100000
	pigment { color rgbt <1,0,0,0> }
	no_shadow
}
sphere {
	0, 1
	scale<0.080000,0.200000,0.300000>
	matrix <0.164432, -0.674685, -0.719557,
		-0.986354, -0.106335, -0.125696,
		0.008291, 0.730406, -0.682963,
		26.414293, 27.887421, 28.733788>
	pigment { color rgbt <0,1,1,0> }
	no_shadow
}
cylinder {
	<25.897600, 27.221209, 28.706377>,  <26.408489, 27.376137, 29.211863>, 0.130000
	pigment { color rgbt <1,0,0,0> }
	no_shadow
}

// nucleotide -1

// particle -1
sphere {
	<25.897600, 27.221209, 28.706377> 0.250000
	pigment { color rgbt <1,0,0,0> }
	no_shadow
}
cylinder {
	<26.169598, 27.439022, 28.509972>,  <26.332796, 27.569710, 28.392128>, 0.100000
	pigment { color rgbt <1,0,0,0> }
	no_shadow
}
cylinder {
	<26.169598, 27.439022, 28.509972>,  <25.897600, 27.221209, 28.706377>, 0.100000
	pigment { color rgbt <1,0,0,0> }
	no_shadow
}

// particle -1
sphere {
	<26.169598, 27.439022, 28.509972> 0.100000
	pigment { color rgbt <1,0,0,0> }
	no_shadow
}
sphere {
	0, 1
	scale<0.080000,0.200000,0.300000>
	matrix <0.066430, -0.712665, -0.698353,
		-0.730204, 0.442257, -0.520780,
		0.679992, 0.544535, -0.491012,
		26.373596, 27.602383, 28.362669>
	pigment { color rgbt <0,1,1,0> }
	no_shadow
}
cylinder {
	<25.759418, 27.106806, 27.931566>,  <25.897600, 27.221209, 28.706377>, 0.130000
	pigment { color rgbt <1,0,0,0> }
	no_shadow
}

// nucleotide -1

// particle -1
sphere {
	<25.759418, 27.106806, 27.931566> 0.250000
	pigment { color rgbt <1,0,0,0> }
	no_shadow
}
cylinder {
	<26.138784, 27.229042, 27.965336>,  <26.366404, 27.302383, 27.985598>, 0.100000
	pigment { color rgbt <1,0,0,0> }
	no_shadow
}
cylinder {
	<26.138784, 27.229042, 27.965336>,  <25.759418, 27.106806, 27.931566>, 0.100000
	pigment { color rgbt <1,0,0,0> }
	no_shadow
}

// particle -1
sphere {
	<26.138784, 27.229042, 27.965336> 0.100000
	pigment { color rgbt <1,0,0,0> }
	no_shadow
}
sphere {
	0, 1
	scale<0.080000,0.200000,0.300000>
	matrix <0.248154, -0.549813, -0.797574,
		-0.197313, 0.777380, -0.597284,
		0.948413, 0.305591, 0.084425,
		26.423307, 27.320719, 27.990664>
	pigment { color rgbt <0,1,1,0> }
	no_shadow
}
cylinder {
	<25.927114, 27.229820, 27.255548>,  <25.759418, 27.106806, 27.931566>, 0.130000
	pigment { color rgbt <1,0,0,0> }
	no_shadow
}

// nucleotide -1

// particle -1
sphere {
	<25.927114, 27.229820, 27.255548> 0.250000
	pigment { color rgbt <1,0,0,0> }
	no_shadow
}
cylinder {
	<26.262442, 27.157001, 27.461103>,  <26.463638, 27.113310, 27.584436>, 0.100000
	pigment { color rgbt <1,0,0,0> }
	no_shadow
}
cylinder {
	<26.262442, 27.157001, 27.461103>,  <25.927114, 27.229820, 27.255548>, 0.100000
	pigment { color rgbt <1,0,0,0> }
	no_shadow
}

// particle -1
sphere {
	<26.262442, 27.157001, 27.461103> 0.100000
	pigment { color rgbt <1,0,0,0> }
	no_shadow
}
sphere {
	0, 1
	scale<0.080000,0.200000,0.300000>
	matrix <0.252278, -0.706074, -0.661676,
		0.483298, 0.684338, -0.545989,
		0.838319, -0.182046, 0.513888,
		26.513937, 27.102388, 27.615271>
	pigment { color rgbt <0,1,1,0> }
	no_shadow
}
cylinder {
	<26.484684, 27.351662, 26.776442>,  <25.927114, 27.229820, 27.255548>, 0.130000
	pigment { color rgbt <1,0,0,0> }
	no_shadow
}

// nucleotide -1

// particle -1
sphere {
	<26.484684, 27.351662, 26.776442> 0.250000
	pigment { color rgbt <1,0,0,0> }
	no_shadow
}
cylinder {
	<26.581545, 27.100903, 27.072647>,  <26.639662, 26.950447, 27.250370>, 0.100000
	pigment { color rgbt <1,0,0,0> }
	no_shadow
}
cylinder {
	<26.581545, 27.100903, 27.072647>,  <26.484684, 27.351662, 26.776442>, 0.100000
	pigment { color rgbt <1,0,0,0> }
	no_shadow
}

// particle -1
sphere {
	<26.581545, 27.100903, 27.072647> 0.100000
	pigment { color rgbt <1,0,0,0> }
	no_shadow
}
sphere {
	0, 1
	scale<0.080000,0.200000,0.300000>
	matrix <0.185104, -0.719362, -0.669519,
		0.952418, 0.299197, -0.058152,
		0.242150, -0.626897, 0.740515,
		26.654190, 26.912834, 27.294802>
	pigment { color rgbt <0,1,1,0> }
	no_shadow
}
cylinder {
	<25.928928, 27.912722, 26.792805>,  <26.484684, 27.351662, 26.776442>, 0.130000
	pigment { color rgbt <1,0,0,0> }
	no_shadow
}

// nucleotide -1

// particle -1
sphere {
	<25.928928, 27.912722, 26.792805> 0.250000
	pigment { color rgbt <1,0,0,0> }
	no_shadow
}
cylinder {
	<25.892435, 27.693266, 26.460379>,  <25.870539, 27.561592, 26.260923>, 0.100000
	pigment { color rgbt <1,0,0,0> }
	no_shadow
}
cylinder {
	<25.892435, 27.693266, 26.460379>,  <25.928928, 27.912722, 26.792805>, 0.100000
	pigment { color rgbt <1,0,0,0> }
	no_shadow
}

// particle -1
sphere {
	<25.892435, 27.693266, 26.460379> 0.100000
	pigment { color rgbt <1,0,0,0> }
	no_shadow
}
sphere {
	0, 1
	scale<0.080000,0.200000,0.300000>
	matrix <-0.068744, 0.836024, -0.544368,
		0.993454, 0.007468, -0.113987,
		-0.091231, -0.548641, -0.831065,
		25.865067, 27.528673, 26.211060>
	pigment { color rgbt <0,1,1,0> }
	no_shadow
}
cylinder {
	<26.485598, 28.006227, 26.209152>,  <25.928928, 27.912722, 26.792805>, 0.130000
	pigment { color rgbt <1,0,0,0> }
	no_shadow
}

// nucleotide -1

// particle -1
sphere {
	<26.485598, 28.006227, 26.209152> 0.250000
	pigment { color rgbt <1,0,0,0> }
	no_shadow
}
cylinder {
	<26.127647, 27.907848, 26.060181>,  <25.912876, 27.848822, 25.970797>, 0.100000
	pigment { color rgbt <1,0,0,0> }
	no_shadow
}
cylinder {
	<26.127647, 27.907848, 26.060181>,  <26.485598, 28.006227, 26.209152>, 0.100000
	pigment { color rgbt <1,0,0,0> }
	no_shadow
}

// particle -1
sphere {
	<26.127647, 27.907848, 26.060181> 0.100000
	pigment { color rgbt <1,0,0,0> }
	no_shadow
}
sphere {
	0, 1
	scale<0.080000,0.200000,0.300000>
	matrix <-0.012307, 0.847744, -0.530263,
		0.446142, -0.469937, -0.761654,
		-0.894878, -0.245946, -0.372430,
		25.859184, 27.834064, 25.948452>
	pigment { color rgbt <0,1,1,0> }
	no_shadow
}
cylinder {
	<26.497013, 28.118084, 25.472395>,  <26.485598, 28.006227, 26.209152>, 0.130000
	pigment { color rgbt <1,0,0,0> }
	no_shadow
}

// nucleotide -1

// particle -1
sphere {
	<26.497013, 28.118084, 25.472395> 0.250000
	pigment { color rgbt <1,0,0,0> }
	no_shadow
}
cylinder {
	<26.111092, 28.154064, 25.571238>,  <25.879538, 28.175652, 25.630543>, 0.100000
	pigment { color rgbt <1,0,0,0> }
	no_shadow
}
cylinder {
	<26.111092, 28.154064, 25.571238>,  <26.497013, 28.118084, 25.472395>, 0.100000
	pigment { color rgbt <1,0,0,0> }
	no_shadow
}

// particle -1
sphere {
	<26.111092, 28.154064, 25.571238> 0.100000
	pigment { color rgbt <1,0,0,0> }
	no_shadow
}
sphere {
	0, 1
	scale<0.080000,0.200000,0.300000>
	matrix <-0.059169, 0.841328, -0.537277,
		-0.256224, -0.532989, -0.806395,
		-0.964805, 0.089950, 0.247105,
		25.821650, 28.181049, 25.645369>
	pigment { color rgbt <0,1,1,0> }
	no_shadow
}
cylinder {
	<26.260557, 28.464775, 24.959915>,  <26.497013, 28.118084, 25.472395>, 0.130000
	pigment { color rgbt <1,0,0,0> }
	no_shadow
}

// nucleotide -1

// particle -1
sphere {
	<26.260557, 28.464775, 24.959915> 0.250000
	pigment { color rgbt <1,0,0,0> }
	no_shadow
}
cylinder {
	<25.990999, 28.524694, 25.249308>,  <25.829264, 28.560646, 25.422943>, 0.100000
	pigment { color rgbt <1,0,0,0> }
	no_shadow
}
cylinder {
	<25.990999, 28.524694, 25.249308>,  <26.260557, 28.464775, 24.959915>, 0.100000
	pigment { color rgbt <1,0,0,0> }
	no_shadow
}

// particle -1
sphere {
	<25.990999, 28.524694, 25.249308> 0.100000
	pigment { color rgbt <1,0,0,0> }
	no_shadow
}
sphere {
	0, 1
	scale<0.080000,0.200000,0.300000>
	matrix <-0.157131, 0.927769, -0.338460,
		-0.721925, -0.341768, -0.601680,
		-0.673894, 0.149800, 0.723482,
		25.788832, 28.569635, 25.466352>
	pigment { color rgbt <0,1,1,0> }
	no_shadow
}
cylinder {
	<25.680004, 28.733835, 24.487318>,  <26.260557, 28.464775, 24.959915>, 0.130000
	pigment { color rgbt <1,0,0,0> }
	no_shadow
}

// nucleotide -1

// particle -1
sphere {
	<25.680004, 28.733835, 24.487318> 0.250000
	pigment { color rgbt <1,0,0,0> }
	no_shadow
}
cylinder {
	<25.726200, 28.876402, 24.858183>,  <25.753918, 28.961941, 25.080702>, 0.100000
	pigment { color rgbt <1,0,0,0> }
	no_shadow
}
cylinder {
	<25.726200, 28.876402, 24.858183>,  <25.680004, 28.733835, 24.487318>, 0.100000
	pigment { color rgbt <1,0,0,0> }
	no_shadow
}

// particle -1
sphere {
	<25.726200, 28.876402, 24.858183> 0.100000
	pigment { color rgbt <1,0,0,0> }
	no_shadow
}
sphere {
	0, 1
	scale<0.080000,0.200000,0.300000>
	matrix <0.003963, 0.933236, -0.359243,
		-0.993300, 0.045164, 0.106368,
		0.115491, 0.356415, 0.927162,
		25.760847, 28.983326, 25.136332>
	pigment { color rgbt <0,1,1,0> }
	no_shadow
}
cylinder {
	<25.528996, 29.482601, 24.533768>,  <25.680004, 28.733835, 24.487318>, 0.130000
	pigment { color rgbt <1,0,0,0> }
	no_shadow
}

// nucleotide -1

// particle -1
sphere {
	<25.528996, 29.482601, 24.533768> 0.250000
	pigment { color rgbt <1,0,0,0> }
	no_shadow
}
cylinder {
	<25.295380, 29.497755, 24.858105>,  <25.155210, 29.506847, 25.052706>, 0.100000
	pigment { color rgbt <1,0,0,0> }
	no_shadow
}
cylinder {
	<25.295380, 29.497755, 24.858105>,  <25.528996, 29.482601, 24.533768>, 0.100000
	pigment { color rgbt <1,0,0,0> }
	no_shadow
}

// particle -1
sphere {
	<25.295380, 29.497755, 24.858105> 0.100000
	pigment { color rgbt <1,0,0,0> }
	no_shadow
}
sphere {
	0, 1
	scale<0.080000,0.200000,0.300000>
	matrix <-0.661241, -0.601579, -0.448178,
		0.470806, -0.797915, 0.376395,
		-0.584039, 0.037883, 0.810841,
		25.120169, 29.509121, 25.101357>
	pigment { color rgbt <0,1,1,0> }
	no_shadow
}
cylinder {
	<26.085291, 29.837193, 24.762400>,  <25.528996, 29.482601, 24.533768>, 0.130000
	pigment { color rgbt <1,0,0,0> }
	no_shadow
}

// nucleotide -1

// particle -1
sphere {
	<26.085291, 29.837193, 24.762400> 0.250000
	pigment { color rgbt <1,0,0,0> }
	no_shadow
}
cylinder {
	<26.101391, 30.235317, 24.727228>,  <26.111052, 30.474192, 24.706125>, 0.100000
	pigment { color rgbt <1,0,0,0> }
	no_shadow
}
cylinder {
	<26.101391, 30.235317, 24.727228>,  <26.085291, 29.837193, 24.762400>, 0.100000
	pigment { color rgbt <1,0,0,0> }
	no_shadow
}

// particle -1
sphere {
	<26.101391, 30.235317, 24.727228> 0.100000
	pigment { color rgbt <1,0,0,0> }
	no_shadow
}
sphere {
	0, 1
	scale<0.080000,0.200000,0.300000>
	matrix <0.738791, 0.029601, 0.673285,
		0.672732, -0.092060, -0.734137,
		0.040251, 0.995313, -0.087927,
		26.113466, 30.533911, 24.700850>
	pigment { color rgbt <0,1,1,0> }
	no_shadow
}
cylinder {
	<26.768450, 30.021572, 24.717882>,  <26.085291, 29.837193, 24.762400>, 0.130000
	pigment { color rgbt <1,0,0,0> }
	no_shadow
}

// nucleotide -1

// particle -1
sphere {
	<26.768450, 30.021572, 24.717882> 0.250000
	pigment { color rgbt <1,0,0,0> }
	no_shadow
}
cylinder {
	<26.564688, 30.319374, 24.890495>,  <26.442430, 30.498055, 24.994062>, 0.100000
	pigment { color rgbt <1,0,0,0> }
	no_shadow
}
cylinder {
	<26.564688, 30.319374, 24.890495>,  <26.768450, 30.021572, 24.717882>, 0.100000
	pigment { color rgbt <1,0,0,0> }
	no_shadow
}

// particle -1
sphere {
	<26.564688, 30.319374, 24.890495> 0.100000
	pigment { color rgbt <1,0,0,0> }
	no_shadow
}
sphere {
	0, 1
	scale<0.080000,0.200000,0.300000>
	matrix <0.714816, 0.086897, 0.693893,
		0.479108, 0.661938, -0.576449,
		-0.509406, 0.744504, 0.431531,
		26.411865, 30.542725, 25.019955>
	pigment { color rgbt <0,1,1,0> }
	no_shadow
}
cylinder {
	<27.299412, 30.503717, 24.984709>,  <26.768450, 30.021572, 24.717882>, 0.130000
	pigment { color rgbt <1,0,0,0> }
	no_shadow
}

// nucleotide -1

// particle -1
sphere {
	<27.299412, 30.503717, 24.984709> 0.250000
	pigment { color rgbt <1,0,0,0> }
	no_shadow
}
cylinder {
	<26.976171, 30.600222, 25.199657>,  <26.782228, 30.658125, 25.328627>, 0.100000
	pigment { color rgbt <1,0,0,0> }
	no_shadow
}
cylinder {
	<26.976171, 30.600222, 25.199657>,  <27.299412, 30.503717, 24.984709>, 0.100000
	pigment { color rgbt <1,0,0,0> }
	no_shadow
}

// particle -1
sphere {
	<26.976171, 30.600222, 25.199657> 0.100000
	pigment { color rgbt <1,0,0,0> }
	no_shadow
}
sphere {
	0, 1
	scale<0.080000,0.200000,0.300000>
	matrix <0.578840, 0.156164, 0.800348,
		0.109176, 0.957813, -0.265849,
		-0.808100, 0.241263, 0.537371,
		26.733742, 30.672600, 25.360868>
	pigment { color rgbt <0,1,1,0> }
	no_shadow
}
cylinder {
	<27.569849, 31.044804, 25.457949>,  <27.299412, 30.503717, 24.984709>, 0.130000
	pigment { color rgbt <1,0,0,0> }
	no_shadow
}

// nucleotide -1

// particle -1
sphere {
	<27.569849, 31.044804, 25.457949> 0.250000
	pigment { color rgbt <1,0,0,0> }
	no_shadow
}
cylinder {
	<27.227341, 30.923454, 25.625168>,  <27.021835, 30.850645, 25.725500>, 0.100000
	pigment { color rgbt <1,0,0,0> }
	no_shadow
}
cylinder {
	<27.227341, 30.923454, 25.625168>,  <27.569849, 31.044804, 25.457949>, 0.100000
	pigment { color rgbt <1,0,0,0> }
	no_shadow
}

// particle -1
sphere {
	<27.227341, 30.923454, 25.625168> 0.100000
	pigment { color rgbt <1,0,0,0> }
	no_shadow
}
sphere {
	0, 1
	scale<0.080000,0.200000,0.300000>
	matrix <0.407345, 0.101031, 0.907669,
		-0.317600, 0.947500, 0.037068,
		-0.856271, -0.303375, 0.418047,
		26.970459, 30.832441, 25.750582>
	pigment { color rgbt <0,1,1,0> }
	no_shadow
}
cylinder {
	<27.453344, 31.526344, 26.006311>,  <27.569849, 31.044804, 25.457949>, 0.130000
	pigment { color rgbt <1,0,0,0> }
	no_shadow
}

// nucleotide -1

// particle -1
sphere {
	<27.453344, 31.526344, 26.006311> 0.250000
	pigment { color rgbt <1,0,0,0> }
	no_shadow
}
cylinder {
	<27.210838, 31.221249, 26.096350>,  <27.065334, 31.038191, 26.150373>, 0.100000
	pigment { color rgbt <1,0,0,0> }
	no_shadow
}
cylinder {
	<27.210838, 31.221249, 26.096350>,  <27.453344, 31.526344, 26.006311>, 0.100000
	pigment { color rgbt <1,0,0,0> }
	no_shadow
}

// particle -1
sphere {
	<27.210838, 31.221249, 26.096350> 0.100000
	pigment { color rgbt <1,0,0,0> }
	no_shadow
}
sphere {
	0, 1
	scale<0.080000,0.200000,0.300000>
	matrix <0.179483, 0.144511, 0.973089,
		-0.774743, 0.630352, 0.049286,
		-0.606267, -0.762740, 0.225096,
		27.028959, 30.992426, 26.163879>
	pigment { color rgbt <0,1,1,0> }
	no_shadow
}
cylinder {
	<26.982107, 31.686016, 26.569183>,  <27.453344, 31.526344, 26.006311>, 0.130000
	pigment { color rgbt <1,0,0,0> }
	no_shadow
}

// nucleotide -1

// particle -1
sphere {
	<26.982107, 31.686016, 26.569183> 0.250000
	pigment { color rgbt <1,0,0,0> }
	no_shadow
}
cylinder {
	<27.028475, 31.288877, 26.557741>,  <27.056295, 31.050594, 26.550875>, 0.100000
	pigment { color rgbt <1,0,0,0> }
	no_shadow
}
cylinder {
	<27.028475, 31.288877, 26.557741>,  <26.982107, 31.686016, 26.569183>, 0.100000
	pigment { color rgbt <1,0,0,0> }
	no_shadow
}

// particle -1
sphere {
	<27.028475, 31.288877, 26.557741> 0.100000
	pigment { color rgbt <1,0,0,0> }
	no_shadow
}
sphere {
	0, 1
	scale<0.080000,0.200000,0.300000>
	matrix <-0.084996, -0.038612, 0.995633,
		-0.989615, -0.112982, -0.088864,
		0.115920, -0.992846, -0.028608,
		27.063251, 30.991024, 26.549158>
	pigment { color rgbt <0,1,1,0> }
	no_shadow
}
cylinder {
	<26.791048, 31.524984, 27.148361>,  <26.982107, 31.686016, 26.569183>, 0.130000
	pigment { color rgbt <1,0,0,0> }
	no_shadow
}

// nucleotide -1

// particle -1
sphere {
	<26.791048, 31.524984, 27.148361> 0.250000
	pigment { color rgbt <1,0,0,0> }
	no_shadow
}
cylinder {
	<26.963896, 31.171499, 27.076447>,  <27.067604, 30.959408, 27.033298>, 0.100000
	pigment { color rgbt <1,0,0,0> }
	no_shadow
}
cylinder {
	<26.963896, 31.171499, 27.076447>,  <26.791048, 31.524984, 27.148361>, 0.100000
	pigment { color rgbt <1,0,0,0> }
	no_shadow
}

// particle -1
sphere {
	<26.963896, 31.171499, 27.076447> 0.100000
	pigment { color rgbt <1,0,0,0> }
	no_shadow
}
sphere {
	0, 1
	scale<0.080000,0.200000,0.300000>
	matrix <0.131771, -0.135346, 0.981997,
		-0.892137, -0.448030, 0.057962,
		0.432119, -0.883714, -0.179785,
		27.093533, 30.906385, 27.022511>
	pigment { color rgbt <0,1,1,0> }
	no_shadow
}
cylinder {
	<26.564035, 31.069551, 27.690773>,  <26.791048, 31.524984, 27.148361>, 0.130000
	pigment { color rgbt <1,0,0,0> }
	no_shadow
}

// nucleotide -1

// particle -1
sphere {
	<26.564035, 31.069551, 27.690773> 0.250000
	pigment { color rgbt <1,0,0,0> }
	no_shadow
}
cylinder {
	<26.900440, 30.913225, 27.541126>,  <27.102283, 30.819429, 27.451338>, 0.100000
	pigment { color rgbt <1,0,0,0> }
	no_shadow
}
cylinder {
	<26.900440, 30.913225, 27.541126>,  <26.564035, 31.069551, 27.690773>, 0.100000
	pigment { color rgbt <1,0,0,0> }
	no_shadow
}

// particle -1
sphere {
	<26.900440, 30.913225, 27.541126> 0.100000
	pigment { color rgbt <1,0,0,0> }
	no_shadow
}
sphere {
	0, 1
	scale<0.080000,0.200000,0.300000>
	matrix <0.367370, -0.095106, 0.925199,
		-0.397164, -0.915542, 0.063589,
		0.841011, -0.390816, -0.374116,
		27.152744, 30.795980, 27.428892>
	pigment { color rgbt <0,1,1,0> }
	no_shadow
}
cylinder {
	<26.693445, 30.547421, 28.127726>,  <26.564035, 31.069551, 27.690773>, 0.130000
	pigment { color rgbt <1,0,0,0> }
	no_shadow
}

// nucleotide -1

// particle -1
sphere {
	<26.693445, 30.547421, 28.127726> 0.250000
	pigment { color rgbt <1,0,0,0> }
	no_shadow
}
cylinder {
	<27.047964, 30.620066, 27.957317>,  <27.260675, 30.663652, 27.855072>, 0.100000
	pigment { color rgbt <1,0,0,0> }
	no_shadow
}
cylinder {
	<27.047964, 30.620066, 27.957317>,  <26.693445, 30.547421, 28.127726>, 0.100000
	pigment { color rgbt <1,0,0,0> }
	no_shadow
}

// particle -1
sphere {
	<27.047964, 30.620066, 27.957317> 0.100000
	pigment { color rgbt <1,0,0,0> }
	no_shadow
}
sphere {
	0, 1
	scale<0.080000,0.200000,0.300000>
