// switches for output
#declare DRAW_BASES = 1; // possible values are 0, 1; only relevant for DNA ribbons
#declare DRAW_BASES_TYPE = 3; // possible values are 1, 2, 3; only relevant for DNA ribbons
#declare DRAW_FOG = 0; // set to 1 to enable fog

#include "colors.inc"

#include "transforms.inc"
background { rgb <1, 1, 1>}

#default {
   normal{
       ripples 0.25
       frequency 0.20
       turbulence 0.2
       lambda 5
   }
	finish {
		phong 0.1
		phong_size 40.
	}
}

// original window dimensions: 1024x640


// camera settings

camera {
	sky <0, 0.179814, -0.983701>
	up <0, 0.179814, -0.983701>
	right 1.6 * <1, 0, 0>
	location <35, 94.9851, 44.8844>
	look_at <35, 29.7336, 32.9568>
	direction <0, -65.2515, -11.9276>
	angle 67.0682
}


# declare cpy_camera_pos = <35, 94.9851, 44.8844>;
# if (DRAW_FOG = 1)
fog {
	fog_type 2
	up vnormalize(cpy_camera_pos)
	color rgbt<1,1,1,0.3>
	distance 1e-5
	fog_alt 3e-3
	fog_offset 56
}
# end


// LIGHTS

# declare lum = 6;
global_settings {
	ambient_light rgb lum * <0.05, 0.05, 0.05>
	max_trace_level 15
}# declare cpy_direct_light_amount = 0.25;
light_source
{	1000 * <-1, -1.16352, -0.803886>,
	rgb lum * cpy_direct_light_amount
	parallel
}

light_source
{	1000 * <1, 1.16352, 0.803886>,
	rgb lum * cpy_direct_light_amount
	parallel
}

// strand 0

// nucleotide -1

// particle -1
sphere {
	<24.639654, 35.292725, 35.105507> 0.250000
	pigment { color rgbt <1,0,0,0> }
	no_shadow
}
cylinder {
	<24.365025, 35.078754, 35.302471>,  <24.200247, 34.950371, 35.420650>, 0.100000
	pigment { color rgbt <1,0,0,0> }
	no_shadow
}
cylinder {
	<24.365025, 35.078754, 35.302471>,  <24.639654, 35.292725, 35.105507>, 0.100000
	pigment { color rgbt <1,0,0,0> }
	no_shadow
}

// particle -1
sphere {
	<24.365025, 35.078754, 35.302471> 0.100000
	pigment { color rgbt <1,0,0,0> }
	no_shadow
}
sphere {
	0, 1
	scale<0.080000,0.200000,0.300000>
	matrix <0.155390, 0.553654, 0.818120,
		-0.710259, 0.638217, -0.297003,
		-0.686576, -0.534926, 0.492410,
		24.159052, 34.918278, 35.450195>
	pigment { color rgbt <0,1,1,0> }
	no_shadow
}
cylinder {
	<24.937075, 34.567532, 35.195457>,  <24.639654, 35.292725, 35.105507>, 0.130000
	pigment { color rgbt <1,0,0,0> }
	no_shadow
}

// nucleotide -1

// particle -1
sphere {
	<24.937075, 34.567532, 35.195457> 0.250000
	pigment { color rgbt <1,0,0,0> }
	no_shadow
}
cylinder {
	<25.158760, 34.762962, 34.925900>,  <25.291771, 34.880222, 34.764164>, 0.100000
	pigment { color rgbt <1,0,0,0> }
	no_shadow
}
cylinder {
	<25.158760, 34.762962, 34.925900>,  <24.937075, 34.567532, 35.195457>, 0.100000
	pigment { color rgbt <1,0,0,0> }
	no_shadow
}

// particle -1
sphere {
	<25.158760, 34.762962, 34.925900> 0.100000
	pigment { color rgbt <1,0,0,0> }
	no_shadow
}
sphere {
	0, 1
	scale<0.080000,0.200000,0.300000>
	matrix <0.791802, -0.559132, 0.245806,
		-0.256702, -0.669823, -0.696736,
		0.554215, 0.488578, -0.673897,
		25.325024, 34.909534, 34.723732>
	pigment { color rgbt <0,1,1,0> }
	no_shadow
}
cylinder {
	<25.251911, 34.119129, 34.628674>,  <24.937075, 34.567532, 35.195457>, 0.130000
	pigment { color rgbt <1,0,0,0> }
	no_shadow
}

// nucleotide -1

// particle -1
sphere {
	<25.251911, 34.119129, 34.628674> 0.250000
	pigment { color rgbt <1,0,0,0> }
	no_shadow
}
cylinder {
	<25.474789, 34.446400, 34.685421>,  <25.608515, 34.642761, 34.719471>, 0.100000
	pigment { color rgbt <1,0,0,0> }
	no_shadow
}
cylinder {
	<25.474789, 34.446400, 34.685421>,  <25.251911, 34.119129, 34.628674>, 0.100000
	pigment { color rgbt <1,0,0,0> }
	no_shadow
}

// particle -1
sphere {
	<25.474789, 34.446400, 34.685421> 0.100000
	pigment { color rgbt <1,0,0,0> }
	no_shadow
}
sphere {
	0, 1
	scale<0.080000,0.200000,0.300000>
	matrix <0.797126, -0.574879, 0.184676,
		0.232654, 0.010186, -0.972506,
		0.557192, 0.818175, 0.141867,
		25.641947, 34.691853, 34.727982>
	pigment { color rgbt <0,1,1,0> }
	no_shadow
}
cylinder {
	<25.876034, 34.047379, 34.213612>,  <25.251911, 34.119129, 34.628674>, 0.130000
	pigment { color rgbt <1,0,0,0> }
	no_shadow
}

// nucleotide -1

// particle -1
sphere {
	<25.876034, 34.047379, 34.213612> 0.250000
	pigment { color rgbt <1,0,0,0> }
	no_shadow
}
cylinder {
	<25.929928, 34.278862, 34.535343>,  <25.962265, 34.417751, 34.728382>, 0.100000
	pigment { color rgbt <1,0,0,0> }
	no_shadow
}
cylinder {
	<25.929928, 34.278862, 34.535343>,  <25.876034, 34.047379, 34.213612>, 0.100000
	pigment { color rgbt <1,0,0,0> }
	no_shadow
}

// particle -1
sphere {
	<25.929928, 34.278862, 34.535343> 0.100000
	pigment { color rgbt <1,0,0,0> }
	no_shadow
}
sphere {
	0, 1
	scale<0.080000,0.200000,0.300000>
	matrix <0.674454, -0.648235, 0.353415,
		0.725919, 0.494866, -0.477650,
		0.134736, 0.578704, 0.804331,
		25.970348, 34.452473, 34.776642>
	pigment { color rgbt <0,1,1,0> }
	no_shadow
}
cylinder {
	<25.460356, 34.022827, 33.526924>,  <25.876034, 34.047379, 34.213612>, 0.130000
	pigment { color rgbt <1,0,0,0> }
	no_shadow
}

// nucleotide -1

// particle -1
sphere {
	<25.460356, 34.022827, 33.526924> 0.250000
	pigment { color rgbt <1,0,0,0> }
	no_shadow
}
cylinder {
	<25.835466, 34.072166, 33.397087>,  <26.060534, 34.101768, 33.319187>, 0.100000
	pigment { color rgbt <1,0,0,0> }
	no_shadow
}
cylinder {
	<25.835466, 34.072166, 33.397087>,  <25.460356, 34.022827, 33.526924>, 0.100000
	pigment { color rgbt <1,0,0,0> }
	no_shadow
}

// particle -1
sphere {
	<25.835466, 34.072166, 33.397087> 0.100000
	pigment { color rgbt <1,0,0,0> }
	no_shadow
}
sphere {
	0, 1
	scale<0.080000,0.200000,0.300000>
	matrix <-0.201432, -0.568171, -0.797877,
		-0.282838, 0.813614, -0.507972,
		0.937778, 0.123348, -0.324588,
		26.116800, 34.109169, 33.299709>
	pigment { color rgbt <0,1,1,0> }
	no_shadow
}
cylinder {
	<25.451292, 34.267300, 32.852272>,  <25.460356, 34.022827, 33.526924>, 0.130000
	pigment { color rgbt <1,0,0,0> }
	no_shadow
}

// nucleotide -1

// particle -1
sphere {
	<25.451292, 34.267300, 32.852272> 0.250000
	pigment { color rgbt <1,0,0,0> }
	no_shadow
}
cylinder {
	<25.803326, 34.077930, 32.866833>,  <26.014545, 33.964310, 32.875568>, 0.100000
	pigment { color rgbt <1,0,0,0> }
	no_shadow
}
cylinder {
	<25.803326, 34.077930, 32.866833>,  <25.451292, 34.267300, 32.852272>, 0.100000
	pigment { color rgbt <1,0,0,0> }
	no_shadow
}

// particle -1
sphere {
	<25.803326, 34.077930, 32.866833> 0.100000
	pigment { color rgbt <1,0,0,0> }
	no_shadow
}
sphere {
	0, 1
	scale<0.080000,0.200000,0.300000>
	matrix <-0.135758, -0.324358, -0.936142,
		0.454997, 0.818941, -0.349733,
		0.880084, -0.473421, 0.036405,
		26.067350, 33.935905, 32.877754>
	pigment { color rgbt <0,1,1,0> }
	no_shadow
}
cylinder {
	<25.968224, 34.490234, 32.253487>,  <25.451292, 34.267300, 32.852272>, 0.130000
	pigment { color rgbt <1,0,0,0> }
	no_shadow
}

// nucleotide -1

// particle -1
sphere {
	<25.968224, 34.490234, 32.253487> 0.250000
	pigment { color rgbt <1,0,0,0> }
	no_shadow
}
cylinder {
	<26.024759, 34.111919, 32.370457>,  <26.058681, 33.884930, 32.440639>, 0.100000
	pigment { color rgbt <1,0,0,0> }
	no_shadow
}
cylinder {
	<26.024759, 34.111919, 32.370457>,  <25.968224, 34.490234, 32.253487>, 0.100000
	pigment { color rgbt <1,0,0,0> }
	no_shadow
}

// particle -1
sphere {
	<26.024759, 34.111919, 32.370457> 0.100000
	pigment { color rgbt <1,0,0,0> }
	no_shadow
}
sphere {
	0, 1
	scale<0.080000,0.200000,0.300000>
	matrix <-0.128835, -0.310453, -0.941818,
		0.981542, 0.095442, -0.165730,
		0.141341, -0.945785, 0.292426,
		26.067162, 33.828182, 32.458183>
	pigment { color rgbt <0,1,1,0> }
	no_shadow
}
cylinder {
	<26.634436, 34.284328, 31.945333>,  <25.968224, 34.490234, 32.253487>, 0.130000
	pigment { color rgbt <1,0,0,0> }
	no_shadow
}

// nucleotide -1

// particle -1
sphere {
	<26.634436, 34.284328, 31.945333> 0.250000
	pigment { color rgbt <1,0,0,0> }
	no_shadow
}
cylinder {
	<26.422022, 33.953362, 32.018421>,  <26.294573, 33.754784, 32.062275>, 0.100000
	pigment { color rgbt <1,0,0,0> }
	no_shadow
}
cylinder {
	<26.422022, 33.953362, 32.018421>,  <26.634436, 34.284328, 31.945333>, 0.100000
	pigment { color rgbt <1,0,0,0> }
	no_shadow
}

// particle -1
sphere {
	<26.422022, 33.953362, 32.018421> 0.100000
	pigment { color rgbt <1,0,0,0> }
	no_shadow
}
sphere {
	0, 1
	scale<0.080000,0.200000,0.300000>
	matrix <0.084729, -0.266404, -0.960130,
		0.843103, -0.494381, 0.211576,
		-0.531034, -0.827416, 0.182718,
		26.262712, 33.705135, 32.073238>
	pigment { color rgbt <0,1,1,0> }
	no_shadow
}
cylinder {
	<26.957825, 33.820240, 31.597338>,  <26.634436, 34.284328, 31.945333>, 0.130000
	pigment { color rgbt <1,0,0,0> }
	no_shadow
}

// nucleotide -1

// particle -1
sphere {
	<26.957825, 33.820240, 31.597338> 0.250000
	pigment { color rgbt <1,0,0,0> }
	no_shadow
}
cylinder {
	<26.585699, 33.680874, 31.643164>,  <26.362425, 33.597256, 31.670660>, 0.100000
	pigment { color rgbt <1,0,0,0> }
	no_shadow
}
cylinder {
	<26.585699, 33.680874, 31.643164>,  <26.957825, 33.820240, 31.597338>, 0.100000
	pigment { color rgbt <1,0,0,0> }
	no_shadow
}

// particle -1
sphere {
	<26.585699, 33.680874, 31.643164> 0.100000
	pigment { color rgbt <1,0,0,0> }
	no_shadow
}
sphere {
	0, 1
	scale<0.080000,0.200000,0.300000>
	matrix <-0.029707, -0.239755, -0.970379,
		0.365563, -0.906159, 0.212697,
		-0.930312, -0.348416, 0.114565,
		26.306606, 33.576347, 31.677532>
	pigment { color rgbt <0,1,1,0> }
	no_shadow
}
cylinder {
	<26.983864, 33.359272, 31.152979>,  <26.957825, 33.820240, 31.597338>, 0.130000
	pigment { color rgbt <1,0,0,0> }
	no_shadow
}

// nucleotide -1

// particle -1
sphere {
	<26.983864, 33.359272, 31.152979> 0.250000
	pigment { color rgbt <1,0,0,0> }
	no_shadow
}
cylinder {
	<26.589241, 33.357368, 31.218315>,  <26.352467, 33.356228, 31.257517>, 0.100000
	pigment { color rgbt <1,0,0,0> }
	no_shadow
}
cylinder {
	<26.589241, 33.357368, 31.218315>,  <26.983864, 33.359272, 31.152979>, 0.100000
	pigment { color rgbt <1,0,0,0> }
	no_shadow
}

// particle -1
sphere {
	<26.589241, 33.357368, 31.218315> 0.100000
	pigment { color rgbt <1,0,0,0> }
	no_shadow
}
sphere {
	0, 1
	scale<0.080000,0.200000,0.300000>
	matrix <-0.150643, -0.360838, -0.920382,
		0.063319, -0.932616, 0.355271,
		-0.986559, -0.004758, 0.163340,
		26.293274, 33.355942, 31.267317>
	pigment { color rgbt <0,1,1,0> }
	no_shadow
}
cylinder {
	<26.819284, 32.732029, 30.865482>,  <26.983864, 33.359272, 31.152979>, 0.130000
	pigment { color rgbt <1,0,0,0> }
	no_shadow
}

// nucleotide -1

// particle -1
sphere {
	<26.819284, 32.732029, 30.865482> 0.250000
	pigment { color rgbt <1,0,0,0> }
	no_shadow
}
cylinder {
	<26.494019, 32.964840, 30.866148>,  <26.298859, 33.104527, 30.866547>, 0.100000
	pigment { color rgbt <1,0,0,0> }
	no_shadow
}
cylinder {
	<26.494019, 32.964840, 30.866148>,  <26.819284, 32.732029, 30.865482>, 0.100000
	pigment { color rgbt <1,0,0,0> }
	no_shadow
}

// particle -1
sphere {
	<26.494019, 32.964840, 30.866148> 0.100000
	pigment { color rgbt <1,0,0,0> }
	no_shadow
}
sphere {
	0, 1
	scale<0.080000,0.200000,0.300000>
	matrix <-0.227453, -0.315147, -0.921384,
		-0.535749, -0.749616, 0.388651,
		-0.813165, 0.582030, 0.001663,
		26.250069, 33.139450, 30.866648>
	pigment { color rgbt <0,1,1,0> }
	no_shadow
}
cylinder {
	<26.212749, 32.303829, 30.434923>,  <26.819284, 32.732029, 30.865482>, 0.130000
	pigment { color rgbt <1,0,0,0> }
	no_shadow
}

// nucleotide -1

// particle -1
sphere {
	<26.212749, 32.303829, 30.434923> 0.250000
	pigment { color rgbt <1,0,0,0> }
	no_shadow
}
cylinder {
	<26.092724, 32.685379, 30.438707>,  <26.020708, 32.914307, 30.440977>, 0.100000
	pigment { color rgbt <1,0,0,0> }
	no_shadow
}
cylinder {
	<26.092724, 32.685379, 30.438707>,  <26.212749, 32.303829, 30.434923>, 0.100000
	pigment { color rgbt <1,0,0,0> }
	no_shadow
}

// particle -1
sphere {
	<26.092724, 32.685379, 30.438707> 0.100000
	pigment { color rgbt <1,0,0,0> }
	no_shadow
}
sphere {
	0, 1
	scale<0.080000,0.200000,0.300000>
	matrix <-0.177951, -0.046231, -0.982953,
		-0.937174, -0.296631, 0.183614,
		-0.300063, 0.953872, 0.009459,
		26.002705, 32.971542, 30.441545>
	pigment { color rgbt <0,1,1,0> }
	no_shadow
}
cylinder {
	<25.563700, 32.326080, 30.062807>,  <26.212749, 32.303829, 30.434923>, 0.130000
	pigment { color rgbt <1,0,0,0> }
	no_shadow
}

// nucleotide -1

// particle -1
sphere {
	<25.563700, 32.326080, 30.062807> 0.250000
	pigment { color rgbt <1,0,0,0> }
	no_shadow
}
cylinder {
	<25.697830, 32.702515, 30.045328>,  <25.778309, 32.928375, 30.034840>, 0.100000
	pigment { color rgbt <1,0,0,0> }
	no_shadow
}
cylinder {
	<25.697830, 32.702515, 30.045328>,  <25.563700, 32.326080, 30.062807>, 0.100000
	pigment { color rgbt <1,0,0,0> }
	no_shadow
}

// particle -1
sphere {
	<25.697830, 32.702515, 30.045328> 0.100000
	pigment { color rgbt <1,0,0,0> }
	no_shadow
}
sphere {
	0, 1
	scale<0.080000,0.200000,0.300000>
	matrix <-0.112441, -0.006073, -0.993640,
		-0.935368, 0.338108, 0.103780,
		0.335327, 0.941088, -0.043698,
		25.798428, 32.984840, 30.032219>
	pigment { color rgbt <0,1,1,0> }
	no_shadow
}
cylinder {
	<25.130014, 32.653854, 29.546820>,  <25.563700, 32.326080, 30.062807>, 0.130000
	pigment { color rgbt <1,0,0,0> }
	no_shadow
}

// nucleotide -1

// particle -1
sphere {
	<25.130014, 32.653854, 29.546820> 0.250000
	pigment { color rgbt <1,0,0,0> }
	no_shadow
}
cylinder {
	<25.461712, 32.871666, 29.597162>,  <25.660730, 33.002354, 29.627367>, 0.100000
	pigment { color rgbt <1,0,0,0> }
	no_shadow
}
cylinder {
	<25.461712, 32.871666, 29.597162>,  <25.130014, 32.653854, 29.546820>, 0.100000
	pigment { color rgbt <1,0,0,0> }
	no_shadow
}

// particle -1
sphere {
	<25.461712, 32.871666, 29.597162> 0.100000
	pigment { color rgbt <1,0,0,0> }
	no_shadow
}
sphere {
	0, 1
	scale<0.080000,0.200000,0.300000>
	matrix <0.131373, 0.028961, -0.990910,
		-0.543229, 0.838239, -0.047521,
		0.829243, 0.544534, 0.125854,
		25.710485, 33.035027, 29.634918>
	pigment { color rgbt <0,1,1,0> }
	no_shadow
}
cylinder {
	<25.042789, 33.087528, 29.020164>,  <25.130014, 32.653854, 29.546820>, 0.130000
	pigment { color rgbt <1,0,0,0> }
	no_shadow
}

// nucleotide -1

// particle -1
sphere {
	<25.042789, 33.087528, 29.020164> 0.250000
	pigment { color rgbt <1,0,0,0> }
	no_shadow
}
cylinder {
	<25.431837, 33.132614, 29.101465>,  <25.665266, 33.159664, 29.150246>, 0.100000
	pigment { color rgbt <1,0,0,0> }
	no_shadow
}
cylinder {
	<25.431837, 33.132614, 29.101465>,  <25.042789, 33.087528, 29.020164>, 0.100000
	pigment { color rgbt <1,0,0,0> }
	no_shadow
}

// particle -1
sphere {
	<25.431837, 33.132614, 29.101465> 0.100000
	pigment { color rgbt <1,0,0,0> }
	no_shadow
}
sphere {
	0, 1
	scale<0.080000,0.200000,0.300000>
	matrix <0.206718, -0.019825, -0.978200,
		-0.106226, 0.993430, -0.042582,
		0.972617, 0.112713, 0.203254,
		25.723621, 33.166428, 29.162441>
	pigment { color rgbt <0,1,1,0> }
	no_shadow
}
cylinder {
	<25.380556, 33.744606, 28.711876>,  <25.042789, 33.087528, 29.020164>, 0.130000
	pigment { color rgbt <1,0,0,0> }
	no_shadow
}

// nucleotide -1

// particle -1
sphere {
	<25.380556, 33.744606, 28.711876> 0.250000
	pigment { color rgbt <1,0,0,0> }
	no_shadow
}
cylinder {
	<25.664892, 33.468384, 28.765293>,  <25.835495, 33.302650, 28.797342>, 0.100000
	pigment { color rgbt <1,0,0,0> }
	no_shadow
}
cylinder {
	<25.664892, 33.468384, 28.765293>,  <25.380556, 33.744606, 28.711876>, 0.100000
	pigment { color rgbt <1,0,0,0> }
	no_shadow
}

// particle -1
sphere {
	<25.664892, 33.468384, 28.765293> 0.100000
	pigment { color rgbt <1,0,0,0> }
	no_shadow
}
sphere {
	0, 1
	scale<0.080000,0.200000,0.300000>
	matrix <0.292313, 0.117361, -0.949094,
		0.639733, 0.713691, 0.285284,
		0.710841, -0.690559, 0.133541,
		25.878145, 33.261215, 28.805355>
	pigment { color rgbt <0,1,1,0> }
	no_shadow
}
cylinder {
	<25.882259, 33.903873, 28.198700>,  <25.380556, 33.744606, 28.711876>, 0.130000
	pigment { color rgbt <1,0,0,0> }
	no_shadow
}

// nucleotide -1

// particle -1
sphere {
	<25.882259, 33.903873, 28.198700> 0.250000
	pigment { color rgbt <1,0,0,0> }
	no_shadow
}
cylinder {
	<26.008232, 33.542664, 28.315565>,  <26.083817, 33.325935, 28.385685>, 0.100000
	pigment { color rgbt <1,0,0,0> }
	no_shadow
}
cylinder {
	<26.008232, 33.542664, 28.315565>,  <25.882259, 33.903873, 28.198700>, 0.100000
	pigment { color rgbt <1,0,0,0> }
	no_shadow
}

// particle -1
sphere {
	<26.008232, 33.542664, 28.315565> 0.100000
	pigment { color rgbt <1,0,0,0> }
	no_shadow
}
sphere {
	0, 1
	scale<0.080000,0.200000,0.300000>
	matrix <0.528614, -0.088777, -0.844207,
		0.788280, 0.420308, 0.449394,
		0.314931, -0.903028, 0.292162,
		26.102711, 33.271755, 28.403214>
	pigment { color rgbt <0,1,1,0> }
	no_shadow
}
cylinder {
	<26.579636, 33.837772, 27.947027>,  <25.882259, 33.903873, 28.198700>, 0.130000
	pigment { color rgbt <1,0,0,0> }
	no_shadow
}

// nucleotide -1

// particle -1
sphere {
	<26.579636, 33.837772, 27.947027> 0.250000
	pigment { color rgbt <1,0,0,0> }
	no_shadow
}
cylinder {
	<26.481863, 33.456051, 28.015789>,  <26.423201, 33.227016, 28.057045>, 0.100000
	pigment { color rgbt <1,0,0,0> }
	no_shadow
}
cylinder {
	<26.481863, 33.456051, 28.015789>,  <26.579636, 33.837772, 27.947027>, 0.100000
	pigment { color rgbt <1,0,0,0> }
	no_shadow
}

// particle -1
sphere {
	<26.481863, 33.456051, 28.015789> 0.100000
	pigment { color rgbt <1,0,0,0> }
	no_shadow
}
sphere {
	0, 1
	scale<0.080000,0.200000,0.300000>
	matrix <0.569476, -0.284764, -0.771107,
		0.784825, -0.090587, 0.613060,
		-0.244430, -0.954308, 0.171903,
		26.408533, 33.169758, 28.067360>
	pigment { color rgbt <0,1,1,0> }
	no_shadow
}
cylinder {
	<27.198383, 33.537201, 27.866531>,  <26.579636, 33.837772, 27.947027>, 0.130000
	pigment { color rgbt <1,0,0,0> }
	no_shadow
}

// nucleotide -1

// particle -1
sphere {
	<27.198383, 33.537201, 27.866531> 0.250000
	pigment { color rgbt <1,0,0,0> }
	no_shadow
}
cylinder {
	<26.906452, 33.269890, 27.808901>,  <26.731293, 33.109505, 27.774323>, 0.100000
	pigment { color rgbt <1,0,0,0> }
	no_shadow
}
cylinder {
	<26.906452, 33.269890, 27.808901>,  <27.198383, 33.537201, 27.866531>, 0.100000
	pigment { color rgbt <1,0,0,0> }
	no_shadow
}

// particle -1
sphere {
	<26.906452, 33.269890, 27.808901> 0.100000
	pigment { color rgbt <1,0,0,0> }
	no_shadow
}
sphere {
	0, 1
	scale<0.080000,0.200000,0.300000>
	matrix <0.502562, -0.381601, -0.775765,
		0.463446, -0.638582, 0.614354,
		-0.729828, -0.668276, -0.144076,
		26.687504, 33.069408, 27.765678>
	pigment { color rgbt <0,1,1,0> }
	no_shadow
}
cylinder {
	<27.501493, 32.933266, 27.779720>,  <27.198383, 33.537201, 27.866531>, 0.130000
	pigment { color rgbt <1,0,0,0> }
	no_shadow
}

// nucleotide -1

// particle -1
sphere {
	<27.501493, 32.933266, 27.779720> 0.250000
	pigment { color rgbt <1,0,0,0> }
	no_shadow
}
cylinder {
	<27.142544, 32.833714, 27.633965>,  <26.927174, 32.773983, 27.546511>, 0.100000
	pigment { color rgbt <1,0,0,0> }
	no_shadow
}
cylinder {
	<27.142544, 32.833714, 27.633965>,  <27.501493, 32.933266, 27.779720>, 0.100000
	pigment { color rgbt <1,0,0,0> }
	no_shadow
}

// particle -1
sphere {
	<27.142544, 32.833714, 27.633965> 0.100000
	pigment { color rgbt <1,0,0,0> }
	no_shadow
}
sphere {
	0, 1
	scale<0.080000,0.200000,0.300000>
	matrix <0.432631, -0.333616, -0.837574,
		0.086886, -0.909264, 0.407050,
		-0.897375, -0.248876, -0.364389,
		26.873331, 32.759052, 27.524649>
	pigment { color rgbt <0,1,1,0> }
	no_shadow
}
cylinder {
	<27.557568, 32.239685, 27.546799>,  <27.501493, 32.933266, 27.779720>, 0.130000
	pigment { color rgbt <1,0,0,0> }
	no_shadow
}

// nucleotide -1

// particle -1
sphere {
	<27.557568, 32.239685, 27.546799> 0.250000
	pigment { color rgbt <1,0,0,0> }
	no_shadow
}
cylinder {
	<27.250166, 32.401924, 27.348854>,  <27.065725, 32.499268, 27.230087>, 0.100000
	pigment { color rgbt <1,0,0,0> }
	no_shadow
}
cylinder {
	<27.250166, 32.401924, 27.348854>,  <27.557568, 32.239685, 27.546799>, 0.100000
	pigment { color rgbt <1,0,0,0> }
	no_shadow
}

// particle -1
sphere {
	<27.250166, 32.401924, 27.348854> 0.100000
	pigment { color rgbt <1,0,0,0> }
	no_shadow
}
sphere {
	0, 1
	scale<0.080000,0.200000,0.300000>
	matrix <0.379798, -0.333257, -0.862956,
		-0.514932, -0.851134, 0.102064,
		-0.768504, 0.405600, -0.494864,
		27.019615, 32.523605, 27.200396>
	pigment { color rgbt <0,1,1,0> }
	no_shadow
}
cylinder {
	<27.493067, 31.576361, 27.298639>,  <27.557568, 32.239685, 27.546799>, 0.130000
	pigment { color rgbt <1,0,0,0> }
	no_shadow
}

// nucleotide -1

// particle -1
sphere {
	<27.493067, 31.576361, 27.298639> 0.250000
	pigment { color rgbt <1,0,0,0> }
	no_shadow
}
cylinder {
	<27.331457, 31.888210, 27.107244>,  <27.234491, 32.075321, 26.992407>, 0.100000
	pigment { color rgbt <1,0,0,0> }
	no_shadow
}
cylinder {
	<27.331457, 31.888210, 27.107244>,  <27.493067, 31.576361, 27.298639>, 0.100000
	pigment { color rgbt <1,0,0,0> }
	no_shadow
}

// particle -1
sphere {
	<27.331457, 31.888210, 27.107244> 0.100000
	pigment { color rgbt <1,0,0,0> }
	no_shadow
}
sphere {
	0, 1
	scale<0.080000,0.200000,0.300000>
	matrix <0.232117, -0.418583, -0.878015,
		-0.884808, -0.465805, -0.011846,
		-0.404026, 0.779624, -0.478487,
		27.210249, 32.122097, 26.963697>
	pigment { color rgbt <0,1,1,0> }
	no_shadow
}
cylinder {
	<27.012806, 31.347242, 26.667477>,  <27.493067, 31.576361, 27.298639>, 0.130000
	pigment { color rgbt <1,0,0,0> }
	no_shadow
}

// nucleotide -1

// particle -1
sphere {
	<27.012806, 31.347242, 26.667477> 0.250000
	pigment { color rgbt <1,0,0,0> }
	no_shadow
}
cylinder {
	<27.097549, 31.727251, 26.575760>,  <27.148396, 31.955256, 26.520729>, 0.100000
	pigment { color rgbt <1,0,0,0> }
	no_shadow
}
cylinder {
	<27.097549, 31.727251, 26.575760>,  <27.012806, 31.347242, 26.667477>, 0.100000
	pigment { color rgbt <1,0,0,0> }
	no_shadow
}

// particle -1
sphere {
	<27.097549, 31.727251, 26.575760> 0.100000
	pigment { color rgbt <1,0,0,0> }
	no_shadow
}
sphere {
	0, 1
	scale<0.080000,0.200000,0.300000>
	matrix <0.188652, -0.269961, -0.944209,
		-0.958919, 0.156783, -0.236417,
		0.211860, 0.950021, -0.229293,
		27.161108, 32.012257, 26.506971>
	pigment { color rgbt <0,1,1,0> }
	no_shadow
}
cylinder {
	<26.702551, 31.318300, 26.140533>,  <27.012806, 31.347242, 26.667477>, 0.130000
	pigment { color rgbt <1,0,0,0> }
	no_shadow
}

// nucleotide -1

// particle -1
sphere {
	<26.702551, 31.318300, 26.140533> 0.250000
	pigment { color rgbt <1,0,0,0> }
	no_shadow
}
cylinder {
	<26.939178, 31.640802, 26.140619>,  <27.081154, 31.834303, 26.140671>, 0.100000
	pigment { color rgbt <1,0,0,0> }
	no_shadow
}
cylinder {
	<26.939178, 31.640802, 26.140619>,  <26.702551, 31.318300, 26.140533>, 0.100000
	pigment { color rgbt <1,0,0,0> }
	no_shadow
}

// particle -1
sphere {
	<26.939178, 31.640802, 26.140619> 0.100000
	pigment { color rgbt <1,0,0,0> }
	no_shadow
}
sphere {
	0, 1
	scale<0.080000,0.200000,0.300000>
	matrix <0.156538, -0.114592, -0.981002,
		-0.790913, 0.580362, -0.193999,
		0.591567, 0.806256, 0.000217,
		27.116648, 31.882679, 26.140684>
	pigment { color rgbt <0,1,1,0> }
	no_shadow
}
cylinder {
	<26.545013, 31.862902, 25.601263>,  <26.702551, 31.318300, 26.140533>, 0.130000
	pigment { color rgbt <1,0,0,0> }
	no_shadow
}

// nucleotide -1

// particle -1
sphere {
	<26.545013, 31.862902, 25.601263> 0.250000
	pigment { color rgbt <1,0,0,0> }
	no_shadow
}
cylinder {
	<26.934490, 31.857540, 25.692253>,  <27.168177, 31.854322, 25.746847>, 0.100000
	pigment { color rgbt <1,0,0,0> }
	no_shadow
}
cylinder {
	<26.934490, 31.857540, 25.692253>,  <26.545013, 31.862902, 25.601263>, 0.100000
	pigment { color rgbt <1,0,0,0> }
	no_shadow
}

// particle -1
sphere {
	<26.934490, 31.857540, 25.692253> 0.100000
	pigment { color rgbt <1,0,0,0> }
	no_shadow
}
sphere {
	0, 1
	scale<0.080000,0.200000,0.300000>
	matrix <0.227782, 0.029956, -0.973251,
		0.006231, 0.999461, 0.032221,
		0.973692, -0.013404, 0.227473,
		27.226599, 31.853519, 25.760494>
	pigment { color rgbt <0,1,1,0> }
	no_shadow
}
cylinder {
	<26.926161, 32.472816, 25.222893>,  <26.545013, 31.862902, 25.601263>, 0.130000
	pigment { color rgbt <1,0,0,0> }
	no_shadow
}

// nucleotide -1

// particle -1
sphere {
	<26.926161, 32.472816, 25.222893> 0.250000
	pigment { color rgbt <1,0,0,0> }
	no_shadow
}
cylinder {
	<27.153734, 32.152824, 25.299147>,  <27.290279, 31.960829, 25.344898>, 0.100000
	pigment { color rgbt <1,0,0,0> }
	no_shadow
}
cylinder {
	<27.153734, 32.152824, 25.299147>,  <26.926161, 32.472816, 25.222893>, 0.100000
	pigment { color rgbt <1,0,0,0> }
	no_shadow
}

// particle -1
sphere {
	<27.153734, 32.152824, 25.299147> 0.100000
	pigment { color rgbt <1,0,0,0> }
	no_shadow
}
sphere {
	0, 1
	scale<0.080000,0.200000,0.300000>
	matrix <0.177703, -0.106742, -0.978278,
		0.802953, 0.590453, 0.081431,
		0.568935, -0.799982, 0.190634,
		27.324415, 31.912830, 25.356337>
	pigment { color rgbt <0,1,1,0> }
	no_shadow
}
cylinder {
	<27.552206, 32.674957, 25.087494>,  <26.926161, 32.472816, 25.222893>, 0.130000
	pigment { color rgbt <1,0,0,0> }
	no_shadow
}

// nucleotide -1

// particle -1
sphere {
	<27.552206, 32.674957, 25.087494> 0.250000
	pigment { color rgbt <1,0,0,0> }
	no_shadow
}
cylinder {
	<27.568024, 32.275425, 25.076435>,  <27.577515, 32.035706, 25.069799>, 0.100000
	pigment { color rgbt <1,0,0,0> }
	no_shadow
}
cylinder {
	<27.568024, 32.275425, 25.076435>,  <27.552206, 32.674957, 25.087494>, 0.100000
	pigment { color rgbt <1,0,0,0> }
	no_shadow
}

// particle -1
sphere {
	<27.568024, 32.275425, 25.076435> 0.100000
	pigment { color rgbt <1,0,0,0> }
	no_shadow
}
sphere {
	0, 1
	scale<0.080000,0.200000,0.300000>
	matrix <0.419226, 0.041702, -0.906924,
		0.907020, 0.024272, 0.420387,
		0.039544, -0.998835, -0.027649,
		27.579887, 31.975775, 25.068140>
	pigment { color rgbt <0,1,1,0> }
	no_shadow
}
cylinder {
	<27.922382, 32.761070, 24.403187>,  <27.552206, 32.674957, 25.087494>, 0.130000
	pigment { color rgbt <1,0,0,0> }
	no_shadow
}

// nucleotide -1

// particle -1
sphere {
	<27.922382, 32.761070, 24.403187> 0.250000
	pigment { color rgbt <1,0,0,0> }
	no_shadow
}
cylinder {
	<27.789793, 32.410271, 24.542326>,  <27.710239, 32.199791, 24.625809>, 0.100000
	pigment { color rgbt <1,0,0,0> }
	no_shadow
}
cylinder {
	<27.789793, 32.410271, 24.542326>,  <27.922382, 32.761070, 24.403187>, 0.100000
	pigment { color rgbt <1,0,0,0> }
	no_shadow
}

// particle -1
sphere {
	<27.789793, 32.410271, 24.542326> 0.100000
	pigment { color rgbt <1,0,0,0> }
	no_shadow
}
sphere {
	0, 1
	scale<0.080000,0.200000,0.300000>
	matrix <0.425463, -0.468023, -0.774555,
		0.842084, -0.108749, 0.528269,
		-0.331474, -0.876999, 0.347846,
		27.690351, 32.147171, 24.646679>
	pigment { color rgbt <0,1,1,0> }
	no_shadow
}
cylinder {
	<28.453428, 32.189388, 24.316032>,  <27.922382, 32.761070, 24.403187>, 0.130000
	pigment { color rgbt <1,0,0,0> }
	no_shadow
}

// nucleotide -1

// particle -1
sphere {
	<28.453428, 32.189388, 24.316032> 0.250000
	pigment { color rgbt <1,0,0,0> }
	no_shadow
}
cylinder {
	<28.089470, 32.023697, 24.325050>,  <27.871096, 31.924282, 24.330462>, 0.100000
	pigment { color rgbt <1,0,0,0> }
	no_shadow
}
cylinder {
	<28.089470, 32.023697, 24.325050>,  <28.453428, 32.189388, 24.316032>, 0.100000
	pigment { color rgbt <1,0,0,0> }
	no_shadow
}

// particle -1
sphere {
	<28.089470, 32.023697, 24.325050> 0.100000
	pigment { color rgbt <1,0,0,0> }
	no_shadow
}
sphere {
	0, 1
	scale<0.080000,0.200000,0.300000>
	matrix <0.201536, -0.488887, -0.848748,
		0.362594, -0.767728, 0.528317,
		-0.909895, -0.414226, 0.022543,
		27.816502, 31.899429, 24.331814>
	pigment { color rgbt <0,1,1,0> }
	no_shadow
}
cylinder {
	<28.588427, 31.478609, 24.252342>,  <28.453428, 32.189388, 24.316032>, 0.130000
	pigment { color rgbt <1,0,0,0> }
	no_shadow
}

// nucleotide -1

// particle -1
sphere {
	<28.588427, 31.478609, 24.252342> 0.250000
	pigment { color rgbt <1,0,0,0> }
	no_shadow
}
cylinder {
	<28.237030, 31.599207, 24.104097>,  <28.026192, 31.671566, 24.015150>, 0.100000
	pigment { color rgbt <1,0,0,0> }
	no_shadow
}
cylinder {
	<28.237030, 31.599207, 24.104097>,  <28.588427, 31.478609, 24.252342>, 0.100000
	pigment { color rgbt <1,0,0,0> }
	no_shadow
}

// particle -1
sphere {
	<28.237030, 31.599207, 24.104097> 0.100000
	pigment { color rgbt <1,0,0,0> }
	no_shadow
}
sphere {
	0, 1
	scale<0.080000,0.200000,0.300000>
	matrix <0.235911, -0.400815, -0.885264,
		-0.415463, -0.865124, 0.280981,
		-0.878485, 0.301508, -0.370617,
		27.973482, 31.689655, 23.992914>
	pigment { color rgbt <0,1,1,0> }
	no_shadow
}
cylinder {
	<28.105890, 30.926151, 23.860453>,  <28.588427, 31.478609, 24.252342>, 0.130000
	pigment { color rgbt <1,0,0,0> }
	no_shadow
}

// nucleotide -1

// particle -1
sphere {
	<28.105890, 30.926151, 23.860453> 0.250000
	pigment { color rgbt <1,0,0,0> }
	no_shadow
}
cylinder {
	<28.062954, 31.298609, 23.721056>,  <28.037193, 31.522083, 23.637419>, 0.100000
	pigment { color rgbt <1,0,0,0> }
	no_shadow
}
cylinder {
	<28.062954, 31.298609, 23.721056>,  <28.105890, 30.926151, 23.860453>, 0.100000
	pigment { color rgbt <1,0,0,0> }
	no_shadow
}

// particle -1
sphere {
	<28.062954, 31.298609, 23.721056> 0.100000
	pigment { color rgbt <1,0,0,0> }
	no_shadow
}
sphere {
	0, 1
	scale<0.080000,0.200000,0.300000>
	matrix <0.159200, -0.329894, -0.930497,
		-0.981394, -0.155359, -0.112828,
		-0.107340, 0.931146, -0.348490,
		28.030752, 31.577953, 23.616508>
	pigment { color rgbt <0,1,1,0> }
	no_shadow
}
cylinder {
	<27.475634, 30.622683, 23.914984>,  <28.105890, 30.926151, 23.860453>, 0.130000
	pigment { color rgbt <1,0,0,0> }
	no_shadow
}

// nucleotide -1

// particle -1
sphere {
	<27.475634, 30.622683, 23.914984> 0.250000
	pigment { color rgbt <1,0,0,0> }
	no_shadow
}
cylinder {
	<27.650816, 30.274334, 23.825741>,  <27.755924, 30.065325, 23.772196>, 0.100000
	pigment { color rgbt <1,0,0,0> }
	no_shadow
}
cylinder {
	<27.650816, 30.274334, 23.825741>,  <27.475634, 30.622683, 23.914984>, 0.100000
	pigment { color rgbt <1,0,0,0> }
	no_shadow
}

// particle -1
sphere {
	<27.650816, 30.274334, 23.825741> 0.100000
	pigment { color rgbt <1,0,0,0> }
	no_shadow
}
sphere {
	0, 1
	scale<0.080000,0.200000,0.300000>
	matrix <0.033685, -0.232103, 0.972108,
		-0.898366, -0.433255, -0.072315,
		0.437955, -0.870873, -0.223107,
		27.782202, 30.013073, 23.758808>
	pigment { color rgbt <0,1,1,0> }
	no_shadow
}
cylinder {
	<27.030073, 30.052950, 24.061178>,  <27.475634, 30.622683, 23.914984>, 0.130000
	pigment { color rgbt <1,0,0,0> }
	no_shadow
}

// nucleotide -1

// particle -1
sphere {
	<27.030073, 30.052950, 24.061178> 0.250000
	pigment { color rgbt <1,0,0,0> }
	no_shadow
}
cylinder {
	<27.402199, 29.910593, 24.096645>,  <27.625473, 29.825180, 24.117926>, 0.100000
	pigment { color rgbt <1,0,0,0> }
	no_shadow
}
cylinder {
	<27.402199, 29.910593, 24.096645>,  <27.030073, 30.052950, 24.061178>, 0.100000
	pigment { color rgbt <1,0,0,0> }
	no_shadow
}

// particle -1
sphere {
	<27.402199, 29.910593, 24.096645> 0.100000
	pigment { color rgbt <1,0,0,0> }
	no_shadow
}
sphere {
	0, 1
	scale<0.080000,0.200000,0.300000>
	matrix <-0.191324, -0.264643, 0.945177,
		-0.312914, -0.896273, -0.314291,
		0.930311, -0.355891, 0.088668,
		27.681292, 29.803825, 24.123245>
	pigment { color rgbt <0,1,1,0> }
	no_shadow
}
cylinder {
	<27.091944, 29.310282, 24.456577>,  <27.030073, 30.052950, 24.061178>, 0.130000
	pigment { color rgbt <1,0,0,0> }
	no_shadow
}

// nucleotide -1

// particle -1
sphere {
	<27.091944, 29.310282, 24.456577> 0.250000
	pigment { color rgbt <1,0,0,0> }
	no_shadow
}
cylinder {
	<27.413933, 29.543028, 24.502977>,  <27.607126, 29.682674, 24.530817>, 0.100000
	pigment { color rgbt <1,0,0,0> }
	no_shadow
}
cylinder {
	<27.413933, 29.543028, 24.502977>,  <27.091944, 29.310282, 24.456577>, 0.100000
	pigment { color rgbt <1,0,0,0> }
	no_shadow
}

// particle -1
sphere {
	<27.413933, 29.543028, 24.502977> 0.100000
	pigment { color rgbt <1,0,0,0> }
	no_shadow
}
sphere {
	0, 1
	scale<0.080000,0.200000,0.300000>
	matrix <-0.110628, -0.044884, 0.992848,
		0.582909, -0.812046, 0.028240,
		0.804971, 0.581864, 0.115998,
		27.655424, 29.717587, 24.537777>
	pigment { color rgbt <0,1,1,0> }
	no_shadow
}
cylinder {
	<27.629887, 29.000917, 24.974113>,  <27.091944, 29.310282, 24.456577>, 0.130000
	pigment { color rgbt <1,0,0,0> }
	no_shadow
}

// nucleotide -1

// particle -1
sphere {
	<27.629887, 29.000917, 24.974113> 0.250000
	pigment { color rgbt <1,0,0,0> }
	no_shadow
}
cylinder {
	<27.644516, 29.399652, 24.945890>,  <27.653294, 29.638893, 24.928957>, 0.100000
	pigment { color rgbt <1,0,0,0> }
	no_shadow
}
cylinder {
	<27.644516, 29.399652, 24.945890>,  <27.629887, 29.000917, 24.974113>, 0.100000
	pigment { color rgbt <1,0,0,0> }
	no_shadow
}

// particle -1
sphere {
	<27.644516, 29.399652, 24.945890> 0.100000
	pigment { color rgbt <1,0,0,0> }
	no_shadow
}
sphere {
	0, 1
	scale<0.080000,0.200000,0.300000>
	matrix <-0.104916, 0.074044, 0.991721,
		0.993808, -0.028871, 0.107292,
		0.036576, 0.996837, -0.070556,
		27.655489, 29.698704, 24.924723>
	pigment { color rgbt <0,1,1,0> }
	no_shadow
}
cylinder {
	<28.273769, 29.231838, 25.413054>,  <27.629887, 29.000917, 24.974113>, 0.130000
	pigment { color rgbt <1,0,0,0> }
	no_shadow
}

// nucleotide -1

// particle -1
sphere {
	<28.273769, 29.231838, 25.413054> 0.250000
	pigment { color rgbt <1,0,0,0> }
	no_shadow
}
cylinder {
	<27.991322, 29.513895, 25.387217>,  <27.821854, 29.683128, 25.371714>, 0.100000
	pigment { color rgbt <1,0,0,0> }
	no_shadow
}
cylinder {
	<27.991322, 29.513895, 25.387217>,  <28.273769, 29.231838, 25.413054>, 0.100000
	pigment { color rgbt <1,0,0,0> }
	no_shadow
}

// particle -1
sphere {
	<27.991322, 29.513895, 25.387217> 0.100000
	pigment { color rgbt <1,0,0,0> }
	no_shadow
}
sphere {
	0, 1
	scale<0.080000,0.200000,0.300000>
	matrix <-0.121583, -0.030871, 0.992101,
		0.697577, 0.708395, 0.107531,
		-0.706119, 0.705141, -0.064594,
		27.779486, 29.725437, 25.367838>
	pigment { color rgbt <0,1,1,0> }
	no_shadow
}
cylinder {
	<28.440056, 29.692659, 25.924465>,  <28.273769, 29.231838, 25.413054>, 0.130000
	pigment { color rgbt <1,0,0,0> }
	no_shadow
}

// nucleotide -1

// particle -1
sphere {
	<28.440056, 29.692659, 25.924465> 0.250000
	pigment { color rgbt <1,0,0,0> }
	no_shadow
}
cylinder {
	<28.054234, 29.738331, 25.829304>,  <27.822741, 29.765734, 25.772207>, 0.100000
	pigment { color rgbt <1,0,0,0> }
	no_shadow
}
cylinder {
	<28.054234, 29.738331, 25.829304>,  <28.440056, 29.692659, 25.924465>, 0.100000
	pigment { color rgbt <1,0,0,0> }
	no_shadow
}

// particle -1
sphere {
	<28.054234, 29.738331, 25.829304> 0.100000
	pigment { color rgbt <1,0,0,0> }
	no_shadow
}
sphere {
	0, 1
	scale<0.080000,0.200000,0.300000>
	matrix <-0.233310, 0.052242, 0.970998,
		0.123294, 0.992086, -0.023752,
		-0.964554, 0.114177, -0.237905,
		27.764868, 29.772583, 25.757933>
	pigment { color rgbt <0,1,1,0> }
	no_shadow
}
cylinder {
	<28.206741, 30.305168, 26.272823>,  <28.440056, 29.692659, 25.924465>, 0.130000
	pigment { color rgbt <1,0,0,0> }
	no_shadow
}

// nucleotide -1

// particle -1
sphere {
	<28.206741, 30.305168, 26.272823> 0.250000
	pigment { color rgbt <1,0,0,0> }
	no_shadow
}
cylinder {
	<27.921328, 30.035929, 26.195045>,  <27.750080, 29.874386, 26.148378>, 0.100000
	pigment { color rgbt <1,0,0,0> }
	no_shadow
}
cylinder {
	<27.921328, 30.035929, 26.195045>,  <28.206741, 30.305168, 26.272823>, 0.100000
	pigment { color rgbt <1,0,0,0> }
	no_shadow
}

// particle -1
sphere {
	<27.921328, 30.035929, 26.195045> 0.100000
	pigment { color rgbt <1,0,0,0> }
	no_shadow
}
sphere {
	0, 1
	scale<0.080000,0.200000,0.300000>
	matrix <-0.190524, -0.080661, 0.978363,
		-0.674219, 0.735141, -0.070687,
		-0.713533, -0.673099, -0.194445,
		27.707268, 29.834000, 26.136713>
	pigment { color rgbt <0,1,1,0> }
	no_shadow
}
cylinder {
	<27.603191, 30.506090, 26.600132>,  <28.206741, 30.305168, 26.272823>, 0.130000
	pigment { color rgbt <1,0,0,0> }
	no_shadow
}

// nucleotide -1

// particle -1
sphere {
	<27.603191, 30.506090, 26.600132> 0.250000
	pigment { color rgbt <1,0,0,0> }
	no_shadow
}
cylinder {
	<27.505562, 30.126997, 26.517931>,  <27.446985, 29.899542, 26.468611>, 0.100000
	pigment { color rgbt <1,0,0,0> }
	no_shadow
}
cylinder {
	<27.505562, 30.126997, 26.517931>,  <27.603191, 30.506090, 26.600132>, 0.100000
	pigment { color rgbt <1,0,0,0> }
	no_shadow
}

// particle -1
sphere {
	<27.505562, 30.126997, 26.517931> 0.100000
	pigment { color rgbt <1,0,0,0> }
	no_shadow
}
sphere {
	0, 1
	scale<0.080000,0.200000,0.300000>
	matrix <-0.529607, -0.047253, 0.846926,
		-0.812370, 0.315547, -0.490393,
		-0.244072, -0.947733, -0.205502,
		27.432341, 29.842678, 26.456280>
	pigment { color rgbt <0,1,1,0> }
	no_shadow
}
cylinder {
	<26.894123, 30.491713, 26.733482>,  <27.603191, 30.506090, 26.600132>, 0.130000
	pigment { color rgbt <1,0,0,0> }
	no_shadow
}

// nucleotide -1

// particle -1
sphere {
	<26.894123, 30.491713, 26.733482> 0.250000
	pigment { color rgbt <1,0,0,0> }
	no_shadow
}
cylinder {
	<27.045713, 30.121563, 26.736481>,  <27.136667, 29.899473, 26.738279>, 0.100000
	pigment { color rgbt <1,0,0,0> }
	no_shadow
}
cylinder {
	<27.045713, 30.121563, 26.736481>,  <26.894123, 30.491713, 26.733482>, 0.100000
	pigment { color rgbt <1,0,0,0> }
	no_shadow
}

// particle -1
sphere {
	<27.045713, 30.121563, 26.736481> 0.100000
	pigment { color rgbt <1,0,0,0> }
	no_shadow
}
sphere {
	0, 1
	scale<0.080000,0.200000,0.300000>
	matrix <-0.276171, -0.105366, 0.955316,
		-0.883237, -0.364111, -0.295493,
		0.378976, -0.925376, 0.007494,
		27.159407, 29.843950, 26.738729>
	pigment { color rgbt <0,1,1,0> }
	no_shadow
}
cylinder {
	<26.363634, 30.179358, 27.120817>,  <26.894123, 30.491713, 26.733482>, 0.130000
	pigment { color rgbt <1,0,0,0> }
	no_shadow
}

// nucleotide -1

// particle -1
sphere {
	<26.363634, 30.179358, 27.120817> 0.250000
	pigment { color rgbt <1,0,0,0> }
	no_shadow
}
cylinder {
	<26.702377, 29.968391, 27.148129>,  <26.905624, 29.841812, 27.164515>, 0.100000
	pigment { color rgbt <1,0,0,0> }
	no_shadow
}
cylinder {
	<26.702377, 29.968391, 27.148129>,  <26.363634, 30.179358, 27.120817>, 0.100000
	pigment { color rgbt <1,0,0,0> }
	no_shadow
}

// particle -1
sphere {
	<26.702377, 29.968391, 27.148129> 0.100000
	pigment { color rgbt <1,0,0,0> }
	no_shadow
}
sphere {
	0, 1
	scale<0.080000,0.200000,0.300000>
	matrix <-0.202449, -0.200990, 0.958445,
		-0.491777, -0.825491, -0.276985,
		0.846859, -0.527416, 0.068277,
		26.956434, 29.810167, 27.168612>
	pigment { color rgbt <0,1,1,0> }
	no_shadow
}
cylinder {
	<26.204582, 29.745449, 27.599625>,  <26.363634, 30.179358, 27.120817>, 0.130000
	pigment { color rgbt <1,0,0,0> }
	no_shadow
}

// nucleotide -1

// particle -1
sphere {
	<26.204582, 29.745449, 27.599625> 0.250000
	pigment { color rgbt <1,0,0,0> }
	no_shadow
}
cylinder {
	<26.597086, 29.669189, 27.588434>,  <26.832588, 29.623434, 27.581720>, 0.100000
	pigment { color rgbt <1,0,0,0> }
	no_shadow
}
cylinder {
	<26.597086, 29.669189, 27.588434>,  <26.204582, 29.745449, 27.599625>, 0.100000
	pigment { color rgbt <1,0,0,0> }
	no_shadow
}

// particle -1
sphere {
	<26.597086, 29.669189, 27.588434> 0.100000
	pigment { color rgbt <1,0,0,0> }
	no_shadow
}
sphere {
	0, 1
	scale<0.080000,0.200000,0.300000>
	matrix <-0.007201, -0.181364, 0.983389,
		-0.192575, -0.964755, -0.179338,
		0.981256, -0.190668, -0.027979,
		26.891464, 29.611996, 27.580042>
	pigment { color rgbt <0,1,1,0> }
	no_shadow
}
cylinder {
	<26.340189, 29.202826, 28.133049>,  <26.204582, 29.745449, 27.599625>, 0.130000
	pigment { color rgbt <1,0,0,0> }
	no_shadow
}

// nucleotide -1

// particle -1
sphere {
	<26.340189, 29.202826, 28.133049> 0.250000
	pigment { color rgbt <1,0,0,0> }
	no_shadow
}
cylinder {
	<26.687050, 29.393747, 28.076164>,  <26.895166, 29.508301, 28.042034>, 0.100000
	pigment { color rgbt <1,0,0,0> }
	no_shadow
}
cylinder {
	<26.687050, 29.393747, 28.076164>,  <26.340189, 29.202826, 28.133049>, 0.100000
	pigment { color rgbt <1,0,0,0> }
	no_shadow
}

// particle -1
sphere {
	<26.687050, 29.393747, 28.076164> 0.100000
	pigment { color rgbt <1,0,0,0> }
	no_shadow
}
sphere {
	0, 1
	scale<0.080000,0.200000,0.300000>
