// switches for output
#declare DRAW_BASES = 1; // possible values are 0, 1; only relevant for DNA ribbons
#declare DRAW_BASES_TYPE = 3; // possible values are 1, 2, 3; only relevant for DNA ribbons
#declare DRAW_FOG = 0; // set to 1 to enable fog

#include "colors.inc"

#include "transforms.inc"
background { rgb <1, 1, 1>}

#default {
   normal{
       ripples 0.25
       frequency 0.20
       turbulence 0.2
       lambda 5
   }
	finish {
		phong 0.1
		phong_size 40.
	}
}

// original window dimensions: 1024x640


// camera settings

camera {
	sky <0, 0.179814, -0.983701>
	up <0, 0.179814, -0.983701>
	right 1.6 * <1, 0, 0>
	location <35, 94.9851, 44.8844>
	look_at <35, 29.7336, 32.9568>
	direction <0, -65.2515, -11.9276>
	angle 67.0682
}


# declare cpy_camera_pos = <35, 94.9851, 44.8844>;
# if (DRAW_FOG = 1)
fog {
	fog_type 2
	up vnormalize(cpy_camera_pos)
	color rgbt<1,1,1,0.3>
	distance 1e-5
	fog_alt 3e-3
	fog_offset 56
}
# end


// LIGHTS

# declare lum = 6;
global_settings {
	ambient_light rgb lum * <0.05, 0.05, 0.05>
	max_trace_level 15
}# declare cpy_direct_light_amount = 0.25;
light_source
{	1000 * <-1, -1.16352, -0.803886>,
	rgb lum * cpy_direct_light_amount
	parallel
}

light_source
{	1000 * <1, 1.16352, 0.803886>,
	rgb lum * cpy_direct_light_amount
	parallel
}

// strand 0

// nucleotide -1

// particle -1
sphere {
	<24.590746, 35.417633, 34.927658> 0.250000
	pigment { color rgbt <1,0,0,0> }
	no_shadow
}
cylinder {
	<24.353846, 35.109943, 35.023602>,  <24.211706, 34.925327, 35.081165>, 0.100000
	pigment { color rgbt <1,0,0,0> }
	no_shadow
}
cylinder {
	<24.353846, 35.109943, 35.023602>,  <24.590746, 35.417633, 34.927658>, 0.100000
	pigment { color rgbt <1,0,0,0> }
	no_shadow
}

// particle -1
sphere {
	<24.353846, 35.109943, 35.023602> 0.100000
	pigment { color rgbt <1,0,0,0> }
	no_shadow
}
sphere {
	0, 1
	scale<0.080000,0.200000,0.300000>
	matrix <0.284977, -0.478409, -0.830610,
		0.753676, -0.423575, 0.502550,
		-0.592250, -0.769226, 0.239857,
		24.176170, 34.879177, 35.095558>
	pigment { color rgbt <0,1,1,0> }
	no_shadow
}
cylinder {
	<25.005915, 34.821671, 34.687153>,  <24.590746, 35.417633, 34.927658>, 0.130000
	pigment { color rgbt <1,0,0,0> }
	no_shadow
}

// nucleotide -1

// particle -1
sphere {
	<25.005915, 34.821671, 34.687153> 0.250000
	pigment { color rgbt <1,0,0,0> }
	no_shadow
}
cylinder {
	<24.623611, 34.707512, 34.715633>,  <24.394230, 34.639015, 34.732723>, 0.100000
	pigment { color rgbt <1,0,0,0> }
	no_shadow
}
cylinder {
	<24.623611, 34.707512, 34.715633>,  <25.005915, 34.821671, 34.687153>, 0.100000
	pigment { color rgbt <1,0,0,0> }
	no_shadow
}

// particle -1
sphere {
	<24.623611, 34.707512, 34.715633> 0.100000
	pigment { color rgbt <1,0,0,0> }
	no_shadow
}
sphere {
	0, 1
	scale<0.080000,0.200000,0.300000>
	matrix <0.131551, -0.631240, -0.764350,
		0.263093, -0.721167, 0.640858,
		-0.955759, -0.285401, 0.071205,
		24.336884, 34.621891, 34.736996>
	pigment { color rgbt <0,1,1,0> }
	no_shadow
}
cylinder {
	<25.576672, 35.331406, 34.691471>,  <25.005915, 34.821671, 34.687153>, 0.130000
	pigment { color rgbt <1,0,0,0> }
	no_shadow
}

// nucleotide -1

// particle -1
sphere {
	<25.576672, 35.331406, 34.691471> 0.250000
	pigment { color rgbt <1,0,0,0> }
	no_shadow
}
cylinder {
	<25.815443, 35.050621, 34.846867>,  <25.958706, 34.882149, 34.940102>, 0.100000
	pigment { color rgbt <1,0,0,0> }
	no_shadow
}
cylinder {
	<25.815443, 35.050621, 34.846867>,  <25.576672, 35.331406, 34.691471>, 0.100000
	pigment { color rgbt <1,0,0,0> }
	no_shadow
}

// particle -1
sphere {
	<25.815443, 35.050621, 34.846867> 0.100000
	pigment { color rgbt <1,0,0,0> }
	no_shadow
}
sphere {
	0, 1
	scale<0.080000,0.200000,0.300000>
	matrix <0.464556, -0.092366, -0.880713,
		0.654113, 0.706197, 0.270966,
		0.596929, -0.701965, 0.388486,
		25.994522, 34.840031, 34.963413>
	pigment { color rgbt <0,1,1,0> }
	no_shadow
}
cylinder {
	<26.280815, 35.574310, 34.640762>,  <25.576672, 35.331406, 34.691471>, 0.130000
	pigment { color rgbt <1,0,0,0> }
	no_shadow
}

// nucleotide -1

// particle -1
sphere {
	<26.280815, 35.574310, 34.640762> 0.250000
	pigment { color rgbt <1,0,0,0> }
	no_shadow
}
cylinder {
	<26.230322, 35.177555, 34.634884>,  <26.200026, 34.939503, 34.631355>, 0.100000
	pigment { color rgbt <1,0,0,0> }
	no_shadow
}
cylinder {
	<26.230322, 35.177555, 34.634884>,  <26.280815, 35.574310, 34.640762>, 0.100000
	pigment { color rgbt <1,0,0,0> }
	no_shadow
}

// particle -1
sphere {
	<26.230322, 35.177555, 34.634884> 0.100000
	pigment { color rgbt <1,0,0,0> }
	no_shadow
}
sphere {
	0, 1
	scale<0.080000,0.200000,0.300000>
	matrix <0.529942, -0.054904, -0.846255,
		0.838586, -0.114616, 0.532576,
		-0.126235, -0.991891, -0.014698,
		26.192451, 34.879986, 34.630474>
	pigment { color rgbt <0,1,1,0> }
	no_shadow
}
cylinder {
	<26.853361, 35.307041, 34.232391>,  <26.280815, 35.574310, 34.640762>, 0.130000
	pigment { color rgbt <1,0,0,0> }
	no_shadow
}

// nucleotide -1

// particle -1
sphere {
	<26.853361, 35.307041, 34.232391> 0.250000
	pigment { color rgbt <1,0,0,0> }
	no_shadow
}
cylinder {
	<26.596519, 35.000408, 34.235401>,  <26.442413, 34.816429, 34.237209>, 0.100000
	pigment { color rgbt <1,0,0,0> }
	no_shadow
}
cylinder {
	<26.596519, 35.000408, 34.235401>,  <26.853361, 35.307041, 34.232391>, 0.100000
	pigment { color rgbt <1,0,0,0> }
	no_shadow
}

// particle -1
sphere {
	<26.596519, 35.000408, 34.235401> 0.100000
	pigment { color rgbt <1,0,0,0> }
	no_shadow
}
sphere {
	0, 1
	scale<0.080000,0.200000,0.300000>
	matrix <0.389643, -0.334798, -0.857956,
		0.660211, -0.547966, 0.513669,
		-0.642106, -0.766580, 0.007526,
		26.403889, 34.770435, 34.237659>
	pigment { color rgbt <0,1,1,0> }
	no_shadow
}
cylinder {
	<27.565456, 35.396439, 34.374741>,  <26.853361, 35.307041, 34.232391>, 0.130000
	pigment { color rgbt <1,0,0,0> }
	no_shadow
}

// nucleotide -1

// particle -1
sphere {
	<27.565456, 35.396439, 34.374741> 0.250000
	pigment { color rgbt <1,0,0,0> }
	no_shadow
}
cylinder {
	<27.617268, 35.001579, 34.337315>,  <27.648355, 34.764664, 34.314861>, 0.100000
	pigment { color rgbt <1,0,0,0> }
	no_shadow
}
cylinder {
	<27.617268, 35.001579, 34.337315>,  <27.565456, 35.396439, 34.374741>, 0.100000
	pigment { color rgbt <1,0,0,0> }
	no_shadow
}

// particle -1
sphere {
	<27.617268, 35.001579, 34.337315> 0.100000
	pigment { color rgbt <1,0,0,0> }
	no_shadow
}
sphere {
	0, 1
	scale<0.080000,0.200000,0.300000>
	matrix <0.693805, 0.157639, -0.702698,
		0.708418, 0.026108, 0.705310,
		0.129530, -0.987152, -0.093561,
		27.656126, 34.705433, 34.309246>
	pigment { color rgbt <0,1,1,0> }
	no_shadow
}
cylinder {
	<27.771112, 36.101254, 34.270199>,  <27.565456, 35.396439, 34.374741>, 0.130000
	pigment { color rgbt <1,0,0,0> }
	no_shadow
}

// nucleotide -1

// particle -1
sphere {
	<27.771112, 36.101254, 34.270199> 0.250000
	pigment { color rgbt <1,0,0,0> }
	no_shadow
}
cylinder {
	<28.025620, 36.406498, 34.224888>,  <28.178324, 36.589645, 34.197701>, 0.100000
	pigment { color rgbt <1,0,0,0> }
	no_shadow
}
cylinder {
	<28.025620, 36.406498, 34.224888>,  <27.771112, 36.101254, 34.270199>, 0.100000
	pigment { color rgbt <1,0,0,0> }
	no_shadow
}

// particle -1
sphere {
	<28.025620, 36.406498, 34.224888> 0.100000
	pigment { color rgbt <1,0,0,0> }
	no_shadow
}
sphere {
	0, 1
	scale<0.080000,0.200000,0.300000>
	matrix <0.016616, -0.160354, -0.986920,
		-0.771289, 0.626063, -0.114708,
		0.636268, 0.763107, -0.113276,
		28.216499, 36.635429, 34.190907>
	pigment { color rgbt <0,1,1,0> }
	no_shadow
}
cylinder {
	<27.469393, 36.749496, 33.873604>,  <27.771112, 36.101254, 34.270199>, 0.130000
	pigment { color rgbt <1,0,0,0> }
	no_shadow
}

// nucleotide -1

// particle -1
sphere {
	<27.469393, 36.749496, 33.873604> 0.250000
	pigment { color rgbt <1,0,0,0> }
	no_shadow
}
cylinder {
	<27.852879, 36.639519, 33.844551>,  <28.082970, 36.573532, 33.827118>, 0.100000
	pigment { color rgbt <1,0,0,0> }
	no_shadow
}
cylinder {
	<27.852879, 36.639519, 33.844551>,  <27.469393, 36.749496, 33.873604>, 0.100000
	pigment { color rgbt <1,0,0,0> }
	no_shadow
}

// particle -1
sphere {
	<27.852879, 36.639519, 33.844551> 0.100000
	pigment { color rgbt <1,0,0,0> }
	no_shadow
}
sphere {
	0, 1
	scale<0.080000,0.200000,0.300000>
	matrix <-0.091178, -0.055263, -0.994300,
		0.269365, 0.959870, -0.078051,
		0.958712, -0.274946, -0.072633,
		28.140491, 36.557034, 33.822762>
	pigment { color rgbt <0,1,1,0> }
	no_shadow
}
cylinder {
	<27.774902, 37.239716, 33.540043>,  <27.469393, 36.749496, 33.873604>, 0.130000
	pigment { color rgbt <1,0,0,0> }
	no_shadow
}

// nucleotide -1

// particle -1
sphere {
	<27.774902, 37.239716, 33.540043> 0.250000
	pigment { color rgbt <1,0,0,0> }
	no_shadow
}
cylinder {
	<27.997236, 36.909363, 33.502182>,  <28.130636, 36.711151, 33.479465>, 0.100000
	pigment { color rgbt <1,0,0,0> }
	no_shadow
}
cylinder {
	<27.997236, 36.909363, 33.502182>,  <27.774902, 37.239716, 33.540043>, 0.100000
	pigment { color rgbt <1,0,0,0> }
	no_shadow
}

// particle -1
sphere {
	<27.997236, 36.909363, 33.502182> 0.100000
	pigment { color rgbt <1,0,0,0> }
	no_shadow
}
sphere {
	0, 1
	scale<0.080000,0.200000,0.300000>
	matrix <-0.040341, 0.086931, -0.995397,
		0.830312, 0.557097, 0.015003,
		0.555837, -0.825885, -0.094654,
		28.163988, 36.661598, 33.473785>
	pigment { color rgbt <0,1,1,0> }
	no_shadow
}
cylinder {
	<28.118551, 37.373936, 32.872284>,  <27.774902, 37.239716, 33.540043>, 0.130000
	pigment { color rgbt <1,0,0,0> }
	no_shadow
}

// nucleotide -1

// particle -1
sphere {
	<28.118551, 37.373936, 32.872284> 0.250000
	pigment { color rgbt <1,0,0,0> }
	no_shadow
}
cylinder {
	<28.179831, 36.982300, 32.925823>,  <28.216599, 36.747318, 32.957947>, 0.100000
	pigment { color rgbt <1,0,0,0> }
	no_shadow
}
cylinder {
	<28.179831, 36.982300, 32.925823>,  <28.118551, 37.373936, 32.872284>, 0.100000
	pigment { color rgbt <1,0,0,0> }
	no_shadow
}

// particle -1
sphere {
	<28.179831, 36.982300, 32.925823> 0.100000
	pigment { color rgbt <1,0,0,0> }
	no_shadow
}
sphere {
	0, 1
	scale<0.080000,0.200000,0.300000>
	matrix <-0.010735, -0.137092, -0.990500,
		0.988137, 0.150306, -0.031513,
		0.153198, -0.979088, 0.133852,
		28.225790, 36.688572, 32.965981>
	pigment { color rgbt <0,1,1,0> }
	no_shadow
}
cylinder {
	<28.709738, 37.268421, 32.500908>,  <28.118551, 37.373936, 32.872284>, 0.130000
	pigment { color rgbt <1,0,0,0> }
	no_shadow
}

// nucleotide -1

// particle -1
sphere {
	<28.709738, 37.268421, 32.500908> 0.250000
	pigment { color rgbt <1,0,0,0> }
	no_shadow
}
cylinder {
	<28.497746, 36.933372, 32.553848>,  <28.370550, 36.732346, 32.585613>, 0.100000
	pigment { color rgbt <1,0,0,0> }
	no_shadow
}
cylinder {
	<28.497746, 36.933372, 32.553848>,  <28.709738, 37.268421, 32.500908>, 0.100000
	pigment { color rgbt <1,0,0,0> }
	no_shadow
}

// particle -1
sphere {
	<28.497746, 36.933372, 32.553848> 0.100000
	pigment { color rgbt <1,0,0,0> }
	no_shadow
}
sphere {
	0, 1
	scale<0.080000,0.200000,0.300000>
	matrix <-0.059136, -0.119184, -0.991110,
		0.845945, -0.533097, 0.013632,
		-0.529982, -0.837618, 0.132348,
		28.338751, 36.682087, 32.593552>
	pigment { color rgbt <0,1,1,0> }
	no_shadow
}
cylinder {
	<28.888504, 36.759029, 32.011982>,  <28.709738, 37.268421, 32.500908>, 0.130000
	pigment { color rgbt <1,0,0,0> }
	no_shadow
}

// nucleotide -1

// particle -1
sphere {
	<28.888504, 36.759029, 32.011982> 0.250000
	pigment { color rgbt <1,0,0,0> }
	no_shadow
}
cylinder {
	<28.519604, 36.648327, 32.119957>,  <28.298264, 36.581905, 32.184742>, 0.100000
	pigment { color rgbt <1,0,0,0> }
	no_shadow
}
cylinder {
	<28.519604, 36.648327, 32.119957>,  <28.888504, 36.759029, 32.011982>, 0.100000
	pigment { color rgbt <1,0,0,0> }
	no_shadow
}

// particle -1
sphere {
	<28.519604, 36.648327, 32.119957> 0.100000
	pigment { color rgbt <1,0,0,0> }
	no_shadow
}
sphere {
	0, 1
	scale<0.080000,0.200000,0.300000>
	matrix <-0.249936, -0.105867, -0.962457,
		0.294939, -0.955092, 0.028465,
		-0.922249, -0.276752, 0.269936,
		28.242929, 36.565300, 32.200939>
	pigment { color rgbt <0,1,1,0> }
	no_shadow
}
cylinder {
	<28.696764, 36.120895, 31.679541>,  <28.888504, 36.759029, 32.011982>, 0.130000
	pigment { color rgbt <1,0,0,0> }
	no_shadow
}

// nucleotide -1

// particle -1
sphere {
	<28.696764, 36.120895, 31.679541> 0.250000
	pigment { color rgbt <1,0,0,0> }
	no_shadow
}
cylinder {
	<28.335896, 36.275993, 31.755163>,  <28.119375, 36.369053, 31.800537>, 0.100000
	pigment { color rgbt <1,0,0,0> }
	no_shadow
}
cylinder {
	<28.335896, 36.275993, 31.755163>,  <28.696764, 36.120895, 31.679541>, 0.100000
	pigment { color rgbt <1,0,0,0> }
	no_shadow
}

// particle -1
sphere {
	<28.335896, 36.275993, 31.755163> 0.100000
	pigment { color rgbt <1,0,0,0> }
	no_shadow
}
sphere {
	0, 1
	scale<0.080000,0.200000,0.300000>
	matrix <-0.275151, -0.179697, -0.944458,
		-0.332241, -0.904079, 0.268807,
		-0.902168, 0.387750, 0.189056,
		28.065245, 36.392319, 31.811880>
	pigment { color rgbt <0,1,1,0> }
	no_shadow
}
cylinder {
	<28.282288, 35.782379, 31.269361>,  <28.696764, 36.120895, 31.679541>, 0.130000
	pigment { color rgbt <1,0,0,0> }
	no_shadow
}

// nucleotide -1

// particle -1
sphere {
	<28.282288, 35.782379, 31.269361> 0.250000
	pigment { color rgbt <1,0,0,0> }
	no_shadow
}
cylinder {
	<28.004162, 36.048908, 31.377096>,  <27.837286, 36.208828, 31.441738>, 0.100000
	pigment { color rgbt <1,0,0,0> }
	no_shadow
}
cylinder {
	<28.004162, 36.048908, 31.377096>,  <28.282288, 35.782379, 31.269361>, 0.100000
	pigment { color rgbt <1,0,0,0> }
	no_shadow
}

// particle -1
sphere {
	<28.004162, 36.048908, 31.377096> 0.100000
	pigment { color rgbt <1,0,0,0> }
	no_shadow
}
sphere {
	0, 1
	scale<0.080000,0.200000,0.300000>
	matrix <-0.397968, -0.044902, -0.916300,
		-0.598462, -0.744306, 0.296398,
		-0.695316, 0.666328, 0.269337,
		27.795567, 36.248806, 31.457897>
	pigment { color rgbt <0,1,1,0> }
	no_shadow
}
cylinder {
	<27.547260, 35.464874, 31.419991>,  <28.282288, 35.782379, 31.269361>, 0.130000
	pigment { color rgbt <1,0,0,0> }
	no_shadow
}

// nucleotide -1

// particle -1
sphere {
	<27.547260, 35.464874, 31.419991> 0.250000
	pigment { color rgbt <1,0,0,0> }
	no_shadow
}
cylinder {
	<27.517952, 35.849380, 31.313709>,  <27.500366, 36.080086, 31.249941>, 0.100000
	pigment { color rgbt <1,0,0,0> }
	no_shadow
}
cylinder {
	<27.517952, 35.849380, 31.313709>,  <27.547260, 35.464874, 31.419991>, 0.100000
	pigment { color rgbt <1,0,0,0> }
	no_shadow
}

// particle -1
sphere {
	<27.517952, 35.849380, 31.313709> 0.100000
	pigment { color rgbt <1,0,0,0> }
	no_shadow
}
sphere {
	0, 1
	scale<0.080000,0.200000,0.300000>
	matrix <-0.570299, -0.258947, -0.779555,
		-0.818163, 0.094412, 0.567182,
		-0.073271, 0.961266, -0.265704,
		27.495970, 36.137760, 31.233997>
	pigment { color rgbt <0,1,1,0> }
	no_shadow
}
cylinder {
	<27.012955, 35.471745, 30.872852>,  <27.547260, 35.464874, 31.419991>, 0.130000
	pigment { color rgbt <1,0,0,0> }
	no_shadow
}

// nucleotide -1

// particle -1
sphere {
	<27.012955, 35.471745, 30.872852> 0.250000
	pigment { color rgbt <1,0,0,0> }
	no_shadow
}
cylinder {
	<27.133612, 35.852486, 30.850988>,  <27.206007, 36.080929, 30.837870>, 0.100000
	pigment { color rgbt <1,0,0,0> }
	no_shadow
}
cylinder {
	<27.133612, 35.852486, 30.850988>,  <27.012955, 35.471745, 30.872852>, 0.100000
	pigment { color rgbt <1,0,0,0> }
	no_shadow
}

// particle -1
sphere {
	<27.133612, 35.852486, 30.850988> 0.100000
	pigment { color rgbt <1,0,0,0> }
	no_shadow
}
sphere {
	0, 1
	scale<0.080000,0.200000,0.300000>
	matrix <-0.411751, 0.078346, -0.907922,
		-0.859925, 0.296377, 0.415559,
		0.301644, 0.951852, -0.054661,
		27.224106, 36.138042, 30.834591>
	pigment { color rgbt <0,1,1,0> }
	no_shadow
}
cylinder {
	<26.489857, 35.903934, 30.656948>,  <27.012955, 35.471745, 30.872852>, 0.130000
	pigment { color rgbt <1,0,0,0> }
	no_shadow
}

// nucleotide -1

// particle -1
sphere {
	<26.489857, 35.903934, 30.656948> 0.250000
	pigment { color rgbt <1,0,0,0> }
	no_shadow
}
cylinder {
	<26.815203, 36.109619, 30.548122>,  <27.010410, 36.233032, 30.482826>, 0.100000
	pigment { color rgbt <1,0,0,0> }
	no_shadow
}
cylinder {
	<26.815203, 36.109619, 30.548122>,  <26.489857, 35.903934, 30.656948>, 0.100000
	pigment { color rgbt <1,0,0,0> }
	no_shadow
}

// particle -1
sphere {
	<26.815203, 36.109619, 30.548122> 0.100000
	pigment { color rgbt <1,0,0,0> }
	no_shadow
}
sphere {
	0, 1
	scale<0.080000,0.200000,0.300000>
	matrix <-0.330978, 0.024430, -0.943322,
		-0.478425, 0.857313, 0.190065,
		0.813366, 0.514216, -0.272064,
		27.059212, 36.263885, 30.466503>
	pigment { color rgbt <0,1,1,0> }
	no_shadow
}
cylinder {
	<26.221958, 36.387188, 30.157970>,  <26.489857, 35.903934, 30.656948>, 0.130000
	pigment { color rgbt <1,0,0,0> }
	no_shadow
}

// nucleotide -1

// particle -1
sphere {
	<26.221958, 36.387188, 30.157970> 0.250000
	pigment { color rgbt <1,0,0,0> }
	no_shadow
}
cylinder {
	<26.611929, 36.357197, 30.074167>,  <26.845911, 36.339203, 30.023886>, 0.100000
	pigment { color rgbt <1,0,0,0> }
	no_shadow
}
cylinder {
	<26.611929, 36.357197, 30.074167>,  <26.221958, 36.387188, 30.157970>, 0.100000
	pigment { color rgbt <1,0,0,0> }
	no_shadow
}

// particle -1
sphere {
	<26.611929, 36.357197, 30.074167> 0.100000
	pigment { color rgbt <1,0,0,0> }
	no_shadow
}
sphere {
	0, 1
	scale<0.080000,0.200000,0.300000>
	matrix <-0.200070, 0.116754, -0.972800,
		0.097402, 0.990326, 0.098825,
		0.974928, -0.074981, -0.209507,
		26.904408, 36.334702, 30.011314>
	pigment { color rgbt <0,1,1,0> }
	no_shadow
}
cylinder {
	<26.375540, 36.797882, 29.631657>,  <26.221958, 36.387188, 30.157970>, 0.130000
	pigment { color rgbt <1,0,0,0> }
	no_shadow
}

// nucleotide -1

// particle -1
sphere {
	<26.375540, 36.797882, 29.631657> 0.250000
	pigment { color rgbt <1,0,0,0> }
	no_shadow
}
cylinder {
	<26.717672, 36.592831, 29.601669>,  <26.922953, 36.469799, 29.583677>, 0.100000
	pigment { color rgbt <1,0,0,0> }
	no_shadow
}
cylinder {
	<26.717672, 36.592831, 29.601669>,  <26.375540, 36.797882, 29.631657>, 0.100000
	pigment { color rgbt <1,0,0,0> }
	no_shadow
}

// particle -1
sphere {
	<26.717672, 36.592831, 29.601669> 0.100000
	pigment { color rgbt <1,0,0,0> }
	no_shadow
}
sphere {
	0, 1
	scale<0.080000,0.200000,0.300000>
	matrix <-0.054495, 0.054882, -0.997005,
		0.515207, 0.856855, 0.019007,
		0.855332, -0.512628, -0.074970,
		26.974272, 36.439041, 29.579178>
	pigment { color rgbt <0,1,1,0> }
	no_shadow
}
cylinder {
	<26.694296, 37.141796, 29.107960>,  <26.375540, 36.797882, 29.631657>, 0.130000
	pigment { color rgbt <1,0,0,0> }
	no_shadow
}

// nucleotide -1

// particle -1
sphere {
	<26.694296, 37.141796, 29.107960> 0.250000
	pigment { color rgbt <1,0,0,0> }
	no_shadow
}
cylinder {
	<26.883835, 36.792633, 29.154438>,  <26.997559, 36.583134, 29.182325>, 0.100000
	pigment { color rgbt <1,0,0,0> }
	no_shadow
}
cylinder {
	<26.883835, 36.792633, 29.154438>,  <26.694296, 37.141796, 29.107960>, 0.100000
	pigment { color rgbt <1,0,0,0> }
	no_shadow
}

// particle -1
sphere {
	<26.883835, 36.792633, 29.154438> 0.100000
	pigment { color rgbt <1,0,0,0> }
	no_shadow
}
sphere {
	0, 1
	scale<0.080000,0.200000,0.300000>
	matrix <0.201990, -0.020694, -0.979169,
		0.857129, 0.487445, 0.166513,
		0.473845, -0.872908, 0.116197,
		27.025988, 36.530762, 29.189297>
	pigment { color rgbt <0,1,1,0> }
	no_shadow
}
cylinder {
	<27.381079, 37.205681, 28.808359>,  <26.694296, 37.141796, 29.107960>, 0.130000
	pigment { color rgbt <1,0,0,0> }
	no_shadow
}

// nucleotide -1

// particle -1
sphere {
	<27.381079, 37.205681, 28.808359> 0.250000
	pigment { color rgbt <1,0,0,0> }
	no_shadow
}
cylinder {
	<27.243818, 36.830082, 28.799168>,  <27.161463, 36.604721, 28.793652>, 0.100000
	pigment { color rgbt <1,0,0,0> }
	no_shadow
}
cylinder {
	<27.243818, 36.830082, 28.799168>,  <27.381079, 37.205681, 28.808359>, 0.100000
	pigment { color rgbt <1,0,0,0> }
	no_shadow
}

// particle -1
sphere {
	<27.243818, 36.830082, 28.799168> 0.100000
	pigment { color rgbt <1,0,0,0> }
	no_shadow
}
sphere {
	0, 1
	scale<0.080000,0.200000,0.300000>
	matrix <-0.031666, 0.036018, -0.998849,
		0.938747, -0.342027, -0.042094,
		-0.343149, -0.939000, -0.022981,
		27.140873, 36.548382, 28.792273>
	pigment { color rgbt <0,1,1,0> }
	no_shadow
}
cylinder {
	<27.674557, 36.901905, 28.266787>,  <27.381079, 37.205681, 28.808359>, 0.130000
	pigment { color rgbt <1,0,0,0> }
	no_shadow
}

// nucleotide -1

// particle -1
sphere {
	<27.674557, 36.901905, 28.266787> 0.250000
	pigment { color rgbt <1,0,0,0> }
	no_shadow
}
cylinder {
	<27.378674, 36.637646, 28.317966>,  <27.201143, 36.479088, 28.348675>, 0.100000
	pigment { color rgbt <1,0,0,0> }
	no_shadow
}
cylinder {
	<27.378674, 36.637646, 28.317966>,  <27.674557, 36.901905, 28.266787>, 0.100000
	pigment { color rgbt <1,0,0,0> }
	no_shadow
}

// particle -1
sphere {
	<27.378674, 36.637646, 28.317966> 0.100000
	pigment { color rgbt <1,0,0,0> }
	no_shadow
}
sphere {
	0, 1
	scale<0.080000,0.200000,0.300000>
	matrix <0.037421, -0.230233, -0.972416,
		0.671886, -0.714516, 0.195027,
		-0.739709, -0.660651, 0.127952,
		27.156761, 36.439449, 28.356352>
	pigment { color rgbt <0,1,1,0> }
	no_shadow
}
cylinder {
	<27.967852, 36.440651, 27.828770>,  <27.674557, 36.901905, 28.266787>, 0.130000
	pigment { color rgbt <1,0,0,0> }
	no_shadow
}

// nucleotide -1

// particle -1
sphere {
	<27.967852, 36.440651, 27.828770> 0.250000
	pigment { color rgbt <1,0,0,0> }
	no_shadow
}
cylinder {
	<27.586231, 36.334297, 27.884033>,  <27.357258, 36.270485, 27.917191>, 0.100000
	pigment { color rgbt <1,0,0,0> }
	no_shadow
}
cylinder {
	<27.586231, 36.334297, 27.884033>,  <27.967852, 36.440651, 27.828770>, 0.100000
	pigment { color rgbt <1,0,0,0> }
	no_shadow
}

// particle -1
sphere {
	<27.586231, 36.334297, 27.884033> 0.100000
	pigment { color rgbt <1,0,0,0> }
	no_shadow
}
sphere {
	0, 1
	scale<0.080000,0.200000,0.300000>
	matrix <-0.106267, -0.130866, -0.985688,
		0.280163, -0.955080, 0.096598,
		-0.954052, -0.265888, 0.138157,
		27.300014, 36.254532, 27.925480>
	pigment { color rgbt <0,1,1,0> }
	no_shadow
}
cylinder {
	<27.942513, 35.796387, 27.609819>,  <27.967852, 36.440651, 27.828770>, 0.130000
	pigment { color rgbt <1,0,0,0> }
	no_shadow
}

// nucleotide -1

// particle -1
sphere {
	<27.942513, 35.796387, 27.609819> 0.250000
	pigment { color rgbt <1,0,0,0> }
	no_shadow
}
cylinder {
	<27.564922, 35.928307, 27.605064>,  <27.338367, 36.007458, 27.602211>, 0.100000
	pigment { color rgbt <1,0,0,0> }
	no_shadow
}
cylinder {
	<27.564922, 35.928307, 27.605064>,  <27.942513, 35.796387, 27.609819>, 0.100000
	pigment { color rgbt <1,0,0,0> }
	no_shadow
}

// particle -1
sphere {
	<27.564922, 35.928307, 27.605064> 0.100000
	pigment { color rgbt <1,0,0,0> }
	no_shadow
}
sphere {
	0, 1
	scale<0.080000,0.200000,0.300000>
	matrix <-0.054100, -0.190179, -0.980258,
		-0.325547, -0.924698, 0.197367,
		-0.943977, 0.329797, -0.011886,
		27.281729, 36.027245, 27.601500>
	pigment { color rgbt <0,1,1,0> }
	no_shadow
}
cylinder {
	<27.520449, 35.214958, 27.403976>,  <27.942513, 35.796387, 27.609819>, 0.130000
	pigment { color rgbt <1,0,0,0> }
	no_shadow
}

// nucleotide -1

// particle -1
sphere {
	<27.520449, 35.214958, 27.403976> 0.250000
	pigment { color rgbt <1,0,0,0> }
	no_shadow
}
cylinder {
	<27.333576, 35.561371, 27.332729>,  <27.221453, 35.769218, 27.289980>, 0.100000
	pigment { color rgbt <1,0,0,0> }
	no_shadow
}
cylinder {
	<27.333576, 35.561371, 27.332729>,  <27.520449, 35.214958, 27.403976>, 0.100000
	pigment { color rgbt <1,0,0,0> }
	no_shadow
}

// particle -1
sphere {
	<27.333576, 35.561371, 27.332729> 0.100000
	pigment { color rgbt <1,0,0,0> }
	no_shadow
}
sphere {
	0, 1
	scale<0.080000,0.200000,0.300000>
	matrix <-0.108898, -0.256283, -0.960448,
		-0.877430, -0.429306, 0.214040,
		-0.467181, 0.866034, -0.178120,
		27.193422, 35.821182, 27.279293>
	pigment { color rgbt <0,1,1,0> }
	no_shadow
}
cylinder {
	<26.984547, 35.064907, 26.856611>,  <27.520449, 35.214958, 27.403976>, 0.130000
	pigment { color rgbt <1,0,0,0> }
	no_shadow
}

// nucleotide -1

// particle -1
sphere {
	<26.984547, 35.064907, 26.856611> 0.250000
	pigment { color rgbt <1,0,0,0> }
	no_shadow
}
cylinder {
	<27.094183, 35.449451, 26.846306>,  <27.159966, 35.680176, 26.840122>, 0.100000
	pigment { color rgbt <1,0,0,0> }
	no_shadow
}
cylinder {
	<27.094183, 35.449451, 26.846306>,  <26.984547, 35.064907, 26.856611>, 0.100000
	pigment { color rgbt <1,0,0,0> }
	no_shadow
}

// particle -1
sphere {
	<27.094183, 35.449451, 26.846306> 0.100000
	pigment { color rgbt <1,0,0,0> }
	no_shadow
}
sphere {
	0, 1
	scale<0.080000,0.200000,0.300000>
	matrix <0.119895, -0.060738, -0.990927,
		-0.954201, 0.268515, -0.131910,
		0.274091, 0.961359, -0.025763,
		27.176411, 35.737858, 26.838577>
	pigment { color rgbt <0,1,1,0> }
	no_shadow
}
cylinder {
	<26.745115, 35.322754, 26.334486>,  <26.984547, 35.064907, 26.856611>, 0.130000
	pigment { color rgbt <1,0,0,0> }
	no_shadow
}

// nucleotide -1

// particle -1
sphere {
	<26.745115, 35.322754, 26.334486> 0.250000
	pigment { color rgbt <1,0,0,0> }
	no_shadow
}
cylinder {
	<27.067968, 35.550896, 26.395447>,  <27.261681, 35.687782, 26.432022>, 0.100000
	pigment { color rgbt <1,0,0,0> }
	no_shadow
}
cylinder {
	<27.067968, 35.550896, 26.395447>,  <26.745115, 35.322754, 26.334486>, 0.100000
	pigment { color rgbt <1,0,0,0> }
	no_shadow
}

// particle -1
sphere {
	<27.067968, 35.550896, 26.395447> 0.100000
	pigment { color rgbt <1,0,0,0> }
	no_shadow
}
sphere {
	0, 1
	scale<0.080000,0.200000,0.300000>
	matrix <0.169777, 0.022994, -0.985214,
		-0.565430, 0.821074, -0.078275,
		0.807134, 0.570359, 0.152401,
		27.310108, 35.722004, 26.441168>
	pigment { color rgbt <0,1,1,0> }
	no_shadow
}
cylinder {
	<26.739901, 35.834949, 25.891127>,  <26.745115, 35.322754, 26.334486>, 0.130000
	pigment { color rgbt <1,0,0,0> }
	no_shadow
}

// nucleotide -1

// particle -1
sphere {
	<26.739901, 35.834949, 25.891127> 0.250000
	pigment { color rgbt <1,0,0,0> }
	no_shadow
}
cylinder {
	<27.130398, 35.802422, 25.971458>,  <27.364697, 35.782906, 26.019657>, 0.100000
	pigment { color rgbt <1,0,0,0> }
	no_shadow
}
cylinder {
	<27.130398, 35.802422, 25.971458>,  <26.739901, 35.834949, 25.891127>, 0.100000
	pigment { color rgbt <1,0,0,0> }
	no_shadow
}

// particle -1
sphere {
	<27.130398, 35.802422, 25.971458> 0.100000
	pigment { color rgbt <1,0,0,0> }
	no_shadow
}
sphere {
	0, 1
	scale<0.080000,0.200000,0.300000>
	matrix <0.203147, 0.021209, -0.978919,
		0.075347, 0.996462, 0.037225,
		0.976245, -0.081321, 0.200830,
		27.423271, 35.778027, 26.031708>
	pigment { color rgbt <0,1,1,0> }
	no_shadow
}
cylinder {
	<27.070023, 36.423538, 25.570539>,  <26.739901, 35.834949, 25.891127>, 0.130000
	pigment { color rgbt <1,0,0,0> }
	no_shadow
}

// nucleotide -1

// particle -1
sphere {
	<27.070023, 36.423538, 25.570539> 0.250000
	pigment { color rgbt <1,0,0,0> }
	no_shadow
}
cylinder {
	<27.325069, 36.117859, 25.609409>,  <27.478098, 35.934452, 25.632730>, 0.100000
	pigment { color rgbt <1,0,0,0> }
	no_shadow
}
cylinder {
	<27.325069, 36.117859, 25.609409>,  <27.070023, 36.423538, 25.570539>, 0.100000
	pigment { color rgbt <1,0,0,0> }
	no_shadow
}

// particle -1
sphere {
	<27.325069, 36.117859, 25.609409> 0.100000
	pigment { color rgbt <1,0,0,0> }
	no_shadow
}
sphere {
	0, 1
	scale<0.080000,0.200000,0.300000>
	matrix <0.169798, 0.016379, -0.985343,
		0.751406, 0.644773, 0.140203,
		0.637619, -0.764198, 0.097174,
		27.516356, 35.888599, 25.638561>
	pigment { color rgbt <0,1,1,0> }
	no_shadow
}
cylinder {
	<27.620050, 36.521267, 25.162674>,  <27.070023, 36.423538, 25.570539>, 0.130000
	pigment { color rgbt <1,0,0,0> }
	no_shadow
}

// nucleotide -1

// particle -1
sphere {
	<27.620050, 36.521267, 25.162674> 0.250000
	pigment { color rgbt <1,0,0,0> }
	no_shadow
}
cylinder {
	<27.633547, 36.122948, 25.196745>,  <27.641645, 35.883957, 25.217188>, 0.100000
	pigment { color rgbt <1,0,0,0> }
	no_shadow
}
cylinder {
	<27.633547, 36.122948, 25.196745>,  <27.620050, 36.521267, 25.162674>, 0.100000
	pigment { color rgbt <1,0,0,0> }
	no_shadow
}

// particle -1
sphere {
	<27.633547, 36.122948, 25.196745> 0.100000
	pigment { color rgbt <1,0,0,0> }
	no_shadow
}
sphere {
	0, 1
	scale<0.080000,0.200000,0.300000>
	matrix <0.114292, -0.080822, -0.990154,
		0.992874, 0.043144, 0.111084,
		0.033741, -0.995794, 0.085177,
		27.643669, 35.824211, 25.222298>
	pigment { color rgbt <0,1,1,0> }
	no_shadow
}
cylinder {
	<27.626900, 37.150764, 25.527044>,  <27.620050, 36.521267, 25.162674>, 0.130000
	pigment { color rgbt <1,0,0,0> }
	no_shadow
}

// nucleotide -1

// particle -1
sphere {
	<27.626900, 37.150764, 25.527044> 0.250000
	pigment { color rgbt <1,0,0,0> }
	no_shadow
}
cylinder {
	<27.964966, 36.975101, 25.405170>,  <28.167805, 36.869701, 25.332047>, 0.100000
	pigment { color rgbt <1,0,0,0> }
	no_shadow
}
cylinder {
	<27.964966, 36.975101, 25.405170>,  <27.626900, 37.150764, 25.527044>, 0.100000
	pigment { color rgbt <1,0,0,0> }
	no_shadow
}

// particle -1
sphere {
	<27.964966, 36.975101, 25.405170> 0.100000
	pigment { color rgbt <1,0,0,0> }
	no_shadow
}
sphere {
	0, 1
	scale<0.080000,0.200000,0.300000>
	matrix <-0.330246, 0.019170, -0.943700,
		0.420278, 0.898203, -0.128830,
		0.845165, -0.439162, -0.304685,
		28.218515, 36.843353, 25.313765>
	pigment { color rgbt <0,1,1,0> }
	no_shadow
}
cylinder {
	<27.844221, 37.737682, 25.968739>,  <27.626900, 37.150764, 25.527044>, 0.130000
	pigment { color rgbt <1,0,0,0> }
	no_shadow
}

// nucleotide -1

// particle -1
sphere {
	<27.844221, 37.737682, 25.968739> 0.250000
	pigment { color rgbt <1,0,0,0> }
	no_shadow
}
cylinder {
	<27.509073, 37.896660, 25.819065>,  <27.307985, 37.992046, 25.729261>, 0.100000
	pigment { color rgbt <1,0,0,0> }
	no_shadow
}
cylinder {
	<27.509073, 37.896660, 25.819065>,  <27.844221, 37.737682, 25.968739>, 0.100000
	pigment { color rgbt <1,0,0,0> }
	no_shadow
}

// particle -1
sphere {
	<27.509073, 37.896660, 25.819065> 0.100000
	pigment { color rgbt <1,0,0,0> }
	no_shadow
}
sphere {
	0, 1
	scale<0.080000,0.200000,0.300000>
	matrix <0.513996, 0.805234, -0.295647,
		0.183803, -0.440043, -0.878965,
		-0.837869, 0.397443, -0.374184,
		27.257713, 38.015892, 25.706810>
	pigment { color rgbt <0,1,1,0> }
	no_shadow
}
cylinder {
	<28.425541, 38.262772, 25.817141>,  <27.844221, 37.737682, 25.968739>, 0.130000
	pigment { color rgbt <1,0,0,0> }
	no_shadow
}

// nucleotide -1

// particle -1
sphere {
	<28.425541, 38.262772, 25.817141> 0.250000
	pigment { color rgbt <1,0,0,0> }
	no_shadow
}
cylinder {
	<28.368078, 37.931320, 25.600718>,  <28.333601, 37.732449, 25.470863>, 0.100000
	pigment { color rgbt <1,0,0,0> }
	no_shadow
}
cylinder {
	<28.368078, 37.931320, 25.600718>,  <28.425541, 38.262772, 25.817141>, 0.100000
	pigment { color rgbt <1,0,0,0> }
	no_shadow
}

// particle -1
sphere {
	<28.368078, 37.931320, 25.600718> 0.100000
	pigment { color rgbt <1,0,0,0> }
	no_shadow
}
sphere {
	0, 1
	scale<0.080000,0.200000,0.300000>
	matrix <-0.811820, 0.411343, -0.414423,
		0.565961, 0.379708, -0.731785,
		-0.143655, -0.828625, -0.541058,
		28.324982, 37.682732, 25.438400>
	pigment { color rgbt <0,1,1,0> }
	no_shadow
}
cylinder {
	<28.542398, 38.448544, 25.101519>,  <28.425541, 38.262772, 25.817141>, 0.130000
	pigment { color rgbt <1,0,0,0> }
	no_shadow
}

// nucleotide -1

// particle -1
sphere {
	<28.542398, 38.448544, 25.101519> 0.250000
	pigment { color rgbt <1,0,0,0> }
	no_shadow
}
cylinder {
	<28.312553, 38.123154, 25.065569>,  <28.174646, 37.927921, 25.043999>, 0.100000
	pigment { color rgbt <1,0,0,0> }
	no_shadow
}
cylinder {
	<28.312553, 38.123154, 25.065569>,  <28.542398, 38.448544, 25.101519>, 0.100000
	pigment { color rgbt <1,0,0,0> }
	no_shadow
}

// particle -1
sphere {
	<28.312553, 38.123154, 25.065569> 0.100000
	pigment { color rgbt <1,0,0,0> }
	no_shadow
}
sphere {
	0, 1
	scale<0.080000,0.200000,0.300000>
	matrix <-0.491380, 0.430730, -0.756979,
		0.654496, -0.390806, -0.647229,
		-0.574612, -0.813475, -0.089876,
		28.140169, 37.879112, 25.038607>
	pigment { color rgbt <0,1,1,0> }
	no_shadow
}
cylinder {
	<28.811926, 38.150982, 24.391363>,  <28.542398, 38.448544, 25.101519>, 0.130000
	pigment { color rgbt <1,0,0,0> }
	no_shadow
}

// nucleotide -1

// particle -1
sphere {
	<28.811926, 38.150982, 24.391363> 0.250000
	pigment { color rgbt <1,0,0,0> }
	no_shadow
}
cylinder {
	<28.647951, 38.498783, 24.501579>,  <28.549566, 38.707462, 24.567709>, 0.100000
	pigment { color rgbt <1,0,0,0> }
	no_shadow
}
cylinder {
	<28.647951, 38.498783, 24.501579>,  <28.811926, 38.150982, 24.391363>, 0.100000
	pigment { color rgbt <1,0,0,0> }
	no_shadow
}

// particle -1
sphere {
	<28.647951, 38.498783, 24.501579> 0.100000
	pigment { color rgbt <1,0,0,0> }
	no_shadow
}
sphere {
	0, 1
	scale<0.080000,0.200000,0.300000>
	matrix <0.837408, 0.239040, 0.491536,
		0.361526, 0.432237, -0.826118,
		-0.409935, 0.869501, 0.275540,
		28.524971, 38.759632, 24.584242>
	pigment { color rgbt <0,1,1,0> }
	no_shadow
}
cylinder {
	<29.213152, 38.112770, 25.113052>,  <28.811926, 38.150982, 24.391363>, 0.130000
	pigment { color rgbt <1,0,0,0> }
	no_shadow
}

// nucleotide -1

// particle -1
sphere {
	<29.213152, 38.112770, 25.113052> 0.250000
	pigment { color rgbt <1,0,0,0> }
	no_shadow
}
cylinder {
	<29.607697, 38.174503, 25.135931>,  <29.844423, 38.211544, 25.149658>, 0.100000
	pigment { color rgbt <1,0,0,0> }
	no_shadow
}
cylinder {
	<29.607697, 38.174503, 25.135931>,  <29.213152, 38.112770, 25.113052>, 0.100000
	pigment { color rgbt <1,0,0,0> }
	no_shadow
}

// particle -1
sphere {
	<29.607697, 38.174503, 25.135931> 0.100000
	pigment { color rgbt <1,0,0,0> }
	no_shadow
}
sphere {
	0, 1
	scale<0.080000,0.200000,0.300000>
	matrix <0.027584, -0.497610, 0.866962,
		0.162261, -0.853561, -0.495081,
		0.986362, 0.154331, 0.057198,
		29.903605, 38.220802, 25.153090>
	pigment { color rgbt <0,1,1,0> }
	no_shadow
}
cylinder {
	<29.508804, 37.468140, 25.355940>,  <29.213152, 38.112770, 25.113052>, 0.130000
	pigment { color rgbt <1,0,0,0> }
	no_shadow
}

// nucleotide -1

// particle -1
sphere {
	<29.508804, 37.468140, 25.355940> 0.250000
	pigment { color rgbt <1,0,0,0> }
	no_shadow
}
cylinder {
	<29.760406, 37.768139, 25.437777>,  <29.911367, 37.948139, 25.486877>, 0.100000
	pigment { color rgbt <1,0,0,0> }
	no_shadow
}
cylinder {
	<29.760406, 37.768139, 25.437777>,  <29.508804, 37.468140, 25.355940>, 0.100000
	pigment { color rgbt <1,0,0,0> }
	no_shadow
}

// particle -1
sphere {
	<29.760406, 37.768139, 25.437777> 0.100000
	pigment { color rgbt <1,0,0,0> }
	no_shadow
}
sphere {
	0, 1
	scale<0.080000,0.200000,0.300000>
	matrix <0.140796, -0.368725, 0.918814,
		0.764545, -0.549133, -0.337526,
		0.629005, 0.749997, 0.204591,
		29.949108, 37.993137, 25.499153>
	pigment { color rgbt <0,1,1,0> }
	no_shadow
}
cylinder {
	<29.970745, 37.202648, 25.719589>,  <29.508804, 37.468140, 25.355940>, 0.130000
	pigment { color rgbt <1,0,0,0> }
	no_shadow
}

// nucleotide -1

// particle -1
sphere {
	<29.970745, 37.202648, 25.719589> 0.250000
	pigment { color rgbt <1,0,0,0> }
	no_shadow
}
cylinder {
	<30.049543, 37.584633, 25.808346>,  <30.096823, 37.813824, 25.861599>, 0.100000
	pigment { color rgbt <1,0,0,0> }
	no_shadow
}
cylinder {
	<30.049543, 37.584633, 25.808346>,  <29.970745, 37.202648, 25.719589>, 0.100000
	pigment { color rgbt <1,0,0,0> }
	no_shadow
}

// particle -1
sphere {
	<30.049543, 37.584633, 25.808346> 0.100000
	pigment { color rgbt <1,0,0,0> }
	no_shadow
}
sphere {
	0, 1
	scale<0.080000,0.200000,0.300000>
	matrix <0.269729, -0.270382, 0.924197,
		0.942570, -0.122215, -0.310846,
		0.196998, 0.954964, 0.221889,
		30.108643, 37.871120, 25.874912>
	pigment { color rgbt <0,1,1,0> }
	no_shadow
}
cylinder {
	<30.673714, 37.382080, 25.895269>,  <29.970745, 37.202648, 25.719589>, 0.130000
	pigment { color rgbt <1,0,0,0> }
	no_shadow
}

// nucleotide -1

// particle -1
sphere {
	<30.673714, 37.382080, 25.895269> 0.250000
	pigment { color rgbt <1,0,0,0> }
	no_shadow
}
cylinder {
	<30.459332, 37.665401, 26.079035>,  <30.330702, 37.835396, 26.189293>, 0.100000
	pigment { color rgbt <1,0,0,0> }
	no_shadow
}
cylinder {
	<30.459332, 37.665401, 26.079035>,  <30.673714, 37.382080, 25.895269>, 0.100000
	pigment { color rgbt <1,0,0,0> }
	no_shadow
}

// particle -1
sphere {
	<30.459332, 37.665401, 26.079035> 0.100000
	pigment { color rgbt <1,0,0,0> }
	no_shadow
}
sphere {
	0, 1
	scale<0.080000,0.200000,0.300000>
	matrix <0.343622, -0.314039, 0.885045,
		0.771153, 0.632207, -0.075078,
		-0.535954, 0.708303, 0.459412,
		30.298546, 37.877892, 26.216858>
	pigment { color rgbt <0,1,1,0> }
	no_shadow
}
cylinder {
	<31.122841, 37.819927, 26.371998>,  <30.673714, 37.382080, 25.895269>, 0.130000
	pigment { color rgbt <1,0,0,0> }
	no_shadow
}

// nucleotide -1

// particle -1
sphere {
	<31.122841, 37.819927, 26.371998> 0.250000
	pigment { color rgbt <1,0,0,0> }
	no_shadow
}
cylinder {
	<30.744316, 37.845108, 26.498825>,  <30.517200, 37.860214, 26.574921>, 0.100000
	pigment { color rgbt <1,0,0,0> }
	no_shadow
}
cylinder {
	<30.744316, 37.845108, 26.498825>,  <31.122841, 37.819927, 26.371998>, 0.100000
	pigment { color rgbt <1,0,0,0> }
	no_shadow
}

// particle -1
sphere {
	<30.744316, 37.845108, 26.498825> 0.100000
	pigment { color rgbt <1,0,0,0> }
	no_shadow
}
sphere {
	0, 1
	scale<0.080000,0.200000,0.300000>
	matrix <0.291683, -0.256512, 0.921479,
		0.139338, 0.964489, 0.224379,
		-0.946312, 0.062950, 0.317067,
		30.460423, 37.863995, 26.593945>
	pigment { color rgbt <0,1,1,0> }
	no_shadow
}
cylinder {
	<31.258101, 38.222523, 27.003054>,  <31.122841, 37.819927, 26.371998>, 0.130000
	pigment { color rgbt <1,0,0,0> }
	no_shadow
}

// nucleotide -1

// particle -1
sphere {
	<31.258101, 38.222523, 27.003054> 0.250000
	pigment { color rgbt <1,0,0,0> }
	no_shadow
}
cylinder {
	<30.896986, 38.053352, 27.034334>,  <30.680317, 37.951851, 27.053102>, 0.100000
	pigment { color rgbt <1,0,0,0> }
	no_shadow
}
cylinder {
	<30.896986, 38.053352, 27.034334>,  <31.258101, 38.222523, 27.003054>, 0.100000
	pigment { color rgbt <1,0,0,0> }
	no_shadow
}

// particle -1
sphere {
	<30.896986, 38.053352, 27.034334> 0.100000
	pigment { color rgbt <1,0,0,0> }
	no_shadow
}
sphere {
	0, 1
	scale<0.080000,0.200000,0.300000>
	matrix <0.160177, -0.161872, 0.973725,
		-0.399153, 0.891590, 0.213878,
		-0.902785, -0.422924, 0.078200,
		30.626150, 37.926476, 27.057795>
	pigment { color rgbt <0,1,1,0> }
	no_shadow
}
cylinder {
	<30.956903, 38.478909, 27.631927>,  <31.258101, 38.222523, 27.003054>, 0.130000
	pigment { color rgbt <1,0,0,0> }
	no_shadow
}

// nucleotide -1

// particle -1
sphere {
	<30.956903, 38.478909, 27.631927> 0.250000
	pigment { color rgbt <1,0,0,0> }
	no_shadow
}
cylinder {
	<30.722799, 38.164021, 27.554199>,  <30.582336, 37.975090, 27.507563>, 0.100000
	pigment { color rgbt <1,0,0,0> }
	no_shadow
}
cylinder {
	<30.722799, 38.164021, 27.554199>,  <30.956903, 38.478909, 27.631927>, 0.100000
	pigment { color rgbt <1,0,0,0> }
	no_shadow
}

// particle -1
sphere {
	<30.722799, 38.164021, 27.554199> 0.100000
	pigment { color rgbt <1,0,0,0> }
	no_shadow
}
sphere {
	0, 1
	scale<0.080000,0.200000,0.300000>
	matrix <-0.007730, -0.234222, 0.972152,
		-0.810807, 0.570466, 0.130997,
		-0.585262, -0.787216, -0.194319,
		30.547220, 37.927856, 27.495903>
	pigment { color rgbt <0,1,1,0> }
	no_shadow
}
cylinder {
	<30.369747, 38.576183, 28.056177>,  <30.956903, 38.478909, 27.631927>, 0.130000
	pigment { color rgbt <1,0,0,0> }
	no_shadow
}

// nucleotide -1

// particle -1
sphere {
	<30.369747, 38.576183, 28.056177> 0.250000
	pigment { color rgbt <1,0,0,0> }
	no_shadow
}
cylinder {
	<30.397242, 38.184315, 27.980795>,  <30.413738, 37.949192, 27.935566>, 0.100000
	pigment { color rgbt <1,0,0,0> }
	no_shadow
}
cylinder {
	<30.397242, 38.184315, 27.980795>,  <30.369747, 38.576183, 28.056177>, 0.100000
	pigment { color rgbt <1,0,0,0> }
	no_shadow
}

// particle -1
sphere {
	<30.397242, 38.184315, 27.980795> 0.100000
	pigment { color rgbt <1,0,0,0> }
	no_shadow
}
sphere {
	0, 1
	scale<0.080000,0.200000,0.300000>
