// switches for output
#declare DRAW_BASES = 1; // possible values are 0, 1; only relevant for DNA ribbons
#declare DRAW_BASES_TYPE = 3; // possible values are 1, 2, 3; only relevant for DNA ribbons
#declare DRAW_FOG = 0; // set to 1 to enable fog

#include "colors.inc"

#include "transforms.inc"
background { rgb <1, 1, 1>}

#default {
   normal{
       ripples 0.25
       frequency 0.20
       turbulence 0.2
       lambda 5
   }
	finish {
		phong 0.1
		phong_size 40.
	}
}

// original window dimensions: 1024x640


// camera settings

camera {
	sky <0, 0.179814, -0.983701>
	up <0, 0.179814, -0.983701>
	right 1.6 * <1, 0, 0>
	location <35, 94.9851, 44.8844>
	look_at <35, 29.7336, 32.9568>
	direction <0, -65.2515, -11.9276>
	angle 67.0682
}


# declare cpy_camera_pos = <35, 94.9851, 44.8844>;
# if (DRAW_FOG = 1)
fog {
	fog_type 2
	up vnormalize(cpy_camera_pos)
	color rgbt<1,1,1,0.3>
	distance 1e-5
	fog_alt 3e-3
	fog_offset 56
}
# end


// LIGHTS

# declare lum = 6;
global_settings {
	ambient_light rgb lum * <0.05, 0.05, 0.05>
	max_trace_level 15
}# declare cpy_direct_light_amount = 0.25;
light_source
{	1000 * <-1, -1.16352, -0.803886>,
	rgb lum * cpy_direct_light_amount
	parallel
}

light_source
{	1000 * <1, 1.16352, 0.803886>,
	rgb lum * cpy_direct_light_amount
	parallel
}

// strand 0

// nucleotide -1

// particle -1
sphere {
	<24.203337, 35.010796, 35.032223> 0.250000
	pigment { color rgbt <1,0,0,0> }
	no_shadow
}
cylinder {
	<24.568863, 35.028385, 35.193722>,  <24.788177, 35.038937, 35.290619>, 0.100000
	pigment { color rgbt <1,0,0,0> }
	no_shadow
}
cylinder {
	<24.568863, 35.028385, 35.193722>,  <24.203337, 35.010796, 35.032223>, 0.100000
	pigment { color rgbt <1,0,0,0> }
	no_shadow
}

// particle -1
sphere {
	<24.568863, 35.028385, 35.193722> 0.100000
	pigment { color rgbt <1,0,0,0> }
	no_shadow
}
sphere {
	0, 1
	scale<0.080000,0.200000,0.300000>
	matrix <-0.291863, 0.762392, 0.577559,
		-0.282417, -0.645620, 0.709518,
		0.913814, 0.043970, 0.403745,
		24.843008, 35.041576, 35.314846>
	pigment { color rgbt <0,1,1,0> }
	no_shadow
}
cylinder {
	<24.969505, 35.381985, 34.659157>,  <24.203337, 35.010796, 35.032223>, 0.130000
	pigment { color rgbt <1,0,0,0> }
	no_shadow
}

// nucleotide -1

// particle -1
sphere {
	<24.969505, 35.381985, 34.659157> 0.250000
	pigment { color rgbt <1,0,0,0> }
	no_shadow
}
cylinder {
	<25.239799, 35.250179, 34.395401>,  <25.401976, 35.171097, 34.237148>, 0.100000
	pigment { color rgbt <1,0,0,0> }
	no_shadow
}
cylinder {
	<25.239799, 35.250179, 34.395401>,  <24.969505, 35.381985, 34.659157>, 0.100000
	pigment { color rgbt <1,0,0,0> }
	no_shadow
}

// particle -1
sphere {
	<25.239799, 35.250179, 34.395401> 0.100000
	pigment { color rgbt <1,0,0,0> }
	no_shadow
}
sphere {
	0, 1
	scale<0.080000,0.200000,0.300000>
	matrix <0.071044, -0.861250, 0.503190,
		-0.733710, -0.386870, -0.558570,
		0.675738, -0.329513, -0.659393,
		25.442520, 35.151325, 34.197582>
	pigment { color rgbt <0,1,1,0> }
	no_shadow
}
cylinder {
	<24.665733, 34.730686, 34.331108>,  <24.969505, 35.381985, 34.659157>, 0.130000
	pigment { color rgbt <1,0,0,0> }
	no_shadow
}

// nucleotide -1

// particle -1
sphere {
	<24.665733, 34.730686, 34.331108> 0.250000
	pigment { color rgbt <1,0,0,0> }
	no_shadow
}
cylinder {
	<25.063646, 34.760204, 34.302933>,  <25.302395, 34.777916, 34.286026>, 0.100000
	pigment { color rgbt <1,0,0,0> }
	no_shadow
}
cylinder {
	<25.063646, 34.760204, 34.302933>,  <24.665733, 34.730686, 34.331108>, 0.100000
	pigment { color rgbt <1,0,0,0> }
	no_shadow
}

// particle -1
sphere {
	<25.063646, 34.760204, 34.302933> 0.100000
	pigment { color rgbt <1,0,0,0> }
	no_shadow
}
sphere {
	0, 1
	scale<0.080000,0.200000,0.300000>
	matrix <0.094812, -0.923687, 0.371232,
		-0.037668, -0.375974, -0.925865,
		0.994782, 0.073800, -0.070440,
		25.362082, 34.782345, 34.281799>
	pigment { color rgbt <0,1,1,0> }
	no_shadow
}
cylinder {
	<24.849520, 34.064220, 33.873322>,  <24.665733, 34.730686, 34.331108>, 0.130000
	pigment { color rgbt <1,0,0,0> }
	no_shadow
}

// nucleotide -1

// particle -1
sphere {
	<24.849520, 34.064220, 33.873322> 0.250000
	pigment { color rgbt <1,0,0,0> }
	no_shadow
}
cylinder {
	<25.113060, 34.234829, 34.121193>,  <25.271185, 34.337193, 34.269917>, 0.100000
	pigment { color rgbt <1,0,0,0> }
	no_shadow
}
cylinder {
	<25.113060, 34.234829, 34.121193>,  <24.849520, 34.064220, 33.873322>, 0.100000
	pigment { color rgbt <1,0,0,0> }
	no_shadow
}

// particle -1
sphere {
	<25.113060, 34.234829, 34.121193> 0.100000
	pigment { color rgbt <1,0,0,0> }
	no_shadow
}
sphere {
	0, 1
	scale<0.080000,0.200000,0.300000>
	matrix <0.081308, -0.859286, 0.504992,
		0.747866, -0.282330, -0.600821,
		0.658851, 0.426517, 0.619675,
		25.310715, 34.362785, 34.307095>
	pigment { color rgbt <0,1,1,0> }
	no_shadow
}
cylinder {
	<24.590305, 33.521435, 34.306587>,  <24.849520, 34.064220, 33.873322>, 0.130000
	pigment { color rgbt <1,0,0,0> }
	no_shadow
}

// nucleotide -1

// particle -1
sphere {
	<24.590305, 33.521435, 34.306587> 0.250000
	pigment { color rgbt <1,0,0,0> }
	no_shadow
}
cylinder {
	<24.429718, 33.399151, 33.961250>,  <24.333366, 33.325783, 33.754047>, 0.100000
	pigment { color rgbt <1,0,0,0> }
	no_shadow
}
cylinder {
	<24.429718, 33.399151, 33.961250>,  <24.590305, 33.521435, 34.306587>, 0.100000
	pigment { color rgbt <1,0,0,0> }
	no_shadow
}

// particle -1
sphere {
	<24.429718, 33.399151, 33.961250> 0.100000
	pigment { color rgbt <1,0,0,0> }
	no_shadow
}
sphere {
	0, 1
	scale<0.080000,0.200000,0.300000>
	matrix <0.284008, -0.937735, 0.199981,
		-0.870726, -0.164911, 0.463293,
		-0.401467, -0.305708, -0.863346,
		24.309278, 33.307438, 33.702248>
	pigment { color rgbt <0,1,1,0> }
	no_shadow
}
cylinder {
	<24.117216, 32.888760, 34.402866>,  <24.590305, 33.521435, 34.306587>, 0.130000
	pigment { color rgbt <1,0,0,0> }
	no_shadow
}

// nucleotide -1

// particle -1
sphere {
	<24.117216, 32.888760, 34.402866> 0.250000
	pigment { color rgbt <1,0,0,0> }
	no_shadow
}
cylinder {
	<24.290552, 32.902824, 34.042648>,  <24.394554, 32.911263, 33.826519>, 0.100000
	pigment { color rgbt <1,0,0,0> }
	no_shadow
}
cylinder {
	<24.290552, 32.902824, 34.042648>,  <24.117216, 32.888760, 34.402866>, 0.100000
	pigment { color rgbt <1,0,0,0> }
	no_shadow
}

// particle -1
sphere {
	<24.290552, 32.902824, 34.042648> 0.100000
	pigment { color rgbt <1,0,0,0> }
	no_shadow
}
sphere {
	0, 1
	scale<0.080000,0.200000,0.300000>
	matrix <0.212850, -0.974963, 0.064360,
		-0.875735, -0.219571, -0.429973,
		0.433339, 0.035158, -0.900545,
		24.420553, 32.913372, 33.772484>
	pigment { color rgbt <0,1,1,0> }
	no_shadow
}
cylinder {
	<23.877321, 32.349541, 33.959217>,  <24.117216, 32.888760, 34.402866>, 0.130000
	pigment { color rgbt <1,0,0,0> }
	no_shadow
}

// nucleotide -1

// particle -1
sphere {
	<23.877321, 32.349541, 33.959217> 0.250000
	pigment { color rgbt <1,0,0,0> }
	no_shadow
}
cylinder {
	<24.243008, 32.426949, 33.816807>,  <24.462420, 32.473392, 33.731361>, 0.100000
	pigment { color rgbt <1,0,0,0> }
	no_shadow
}
cylinder {
	<24.243008, 32.426949, 33.816807>,  <23.877321, 32.349541, 33.959217>, 0.100000
	pigment { color rgbt <1,0,0,0> }
	no_shadow
}

// particle -1
sphere {
	<24.243008, 32.426949, 33.816807> 0.100000
	pigment { color rgbt <1,0,0,0> }
	no_shadow
}
sphere {
	0, 1
	scale<0.080000,0.200000,0.300000>
	matrix <0.204934, -0.978759, -0.005775,
		-0.349581, -0.067682, -0.934458,
		0.914218, 0.193521, -0.356026,
		24.517273, 32.485004, 33.709999>
	pigment { color rgbt <0,1,1,0> }
	no_shadow
}
cylinder {
	<23.936081, 31.961338, 33.302097>,  <23.877321, 32.349541, 33.959217>, 0.130000
	pigment { color rgbt <1,0,0,0> }
	no_shadow
}

// nucleotide -1

// particle -1
sphere {
	<23.936081, 31.961338, 33.302097> 0.250000
	pigment { color rgbt <1,0,0,0> }
	no_shadow
}
cylinder {
	<24.307457, 32.036068, 33.430531>,  <24.530283, 32.080906, 33.507591>, 0.100000
	pigment { color rgbt <1,0,0,0> }
	no_shadow
}
cylinder {
	<24.307457, 32.036068, 33.430531>,  <23.936081, 31.961338, 33.302097>, 0.100000
	pigment { color rgbt <1,0,0,0> }
	no_shadow
}

// particle -1
sphere {
	<24.307457, 32.036068, 33.430531> 0.100000
	pigment { color rgbt <1,0,0,0> }
	no_shadow
}
sphere {
	0, 1
	scale<0.080000,0.200000,0.300000>
	matrix <0.203764, -0.978822, -0.019666,
		0.310607, 0.083684, -0.946848,
		0.928441, 0.186825, 0.321081,
		24.585989, 32.092117, 33.526855>
	pigment { color rgbt <0,1,1,0> }
	no_shadow
}
cylinder {
	<24.325256, 31.681629, 32.873409>,  <23.936081, 31.961338, 33.302097>, 0.130000
	pigment { color rgbt <1,0,0,0> }
	no_shadow
}

// nucleotide -1

// particle -1
sphere {
	<24.325256, 31.681629, 32.873409> 0.250000
	pigment { color rgbt <1,0,0,0> }
	no_shadow
}
cylinder {
	<24.531513, 31.709044, 33.215034>,  <24.655268, 31.725492, 33.420010>, 0.100000
	pigment { color rgbt <1,0,0,0> }
	no_shadow
}
cylinder {
	<24.531513, 31.709044, 33.215034>,  <24.325256, 31.681629, 32.873409>, 0.100000
	pigment { color rgbt <1,0,0,0> }
	no_shadow
}

// particle -1
sphere {
	<24.531513, 31.709044, 33.215034> 0.100000
	pigment { color rgbt <1,0,0,0> }
	no_shadow
}
sphere {
	0, 1
	scale<0.080000,0.200000,0.300000>
	matrix <0.249588, -0.965581, -0.073202,
		0.819646, 0.250909, -0.515000,
		0.515641, 0.068538, 0.854059,
		24.686205, 31.729605, 33.471252>
	pigment { color rgbt <0,1,1,0> }
	no_shadow
}
cylinder {
	<25.001657, 31.346966, 32.729996>,  <24.325256, 31.681629, 32.873409>, 0.130000
	pigment { color rgbt <1,0,0,0> }
	no_shadow
}

// nucleotide -1

// particle -1
sphere {
	<25.001657, 31.346966, 32.729996> 0.250000
	pigment { color rgbt <1,0,0,0> }
	no_shadow
}
cylinder {
	<24.979393, 31.389841, 33.127068>,  <24.966034, 31.415565, 33.365311>, 0.100000
	pigment { color rgbt <1,0,0,0> }
	no_shadow
}
cylinder {
	<24.979393, 31.389841, 33.127068>,  <25.001657, 31.346966, 32.729996>, 0.100000
	pigment { color rgbt <1,0,0,0> }
	no_shadow
}

// particle -1
sphere {
	<24.979393, 31.389841, 33.127068> 0.100000
	pigment { color rgbt <1,0,0,0> }
	no_shadow
}
sphere {
	0, 1
	scale<0.080000,0.200000,0.300000>
	matrix <0.392035, -0.912029, 0.120461,
		0.918265, 0.395871, 0.008744,
		-0.055662, 0.107188, 0.992679,
		24.962694, 31.421997, 33.424870>
	pigment { color rgbt <0,1,1,0> }
	no_shadow
}
cylinder {
	<25.613361, 31.167446, 33.030998>,  <25.001657, 31.346966, 32.729996>, 0.130000
	pigment { color rgbt <1,0,0,0> }
	no_shadow
}

// nucleotide -1

// particle -1
sphere {
	<25.613361, 31.167446, 33.030998> 0.250000
	pigment { color rgbt <1,0,0,0> }
	no_shadow
}
cylinder {
	<25.398308, 31.107149, 33.362835>,  <25.269276, 31.070971, 33.561939>, 0.100000
	pigment { color rgbt <1,0,0,0> }
	no_shadow
}
cylinder {
	<25.398308, 31.107149, 33.362835>,  <25.613361, 31.167446, 33.030998>, 0.100000
	pigment { color rgbt <1,0,0,0> }
	no_shadow
}

// particle -1
sphere {
	<25.398308, 31.107149, 33.362835> 0.100000
	pigment { color rgbt <1,0,0,0> }
	no_shadow
}
sphere {
	0, 1
	scale<0.080000,0.200000,0.300000>
	matrix <0.500588, -0.848793, 0.170182,
		0.678500, 0.506780, 0.531800,
		-0.537633, -0.150744, 0.829595,
		25.237019, 31.061926, 33.611713>
	pigment { color rgbt <0,1,1,0> }
	no_shadow
}
cylinder {
	<26.023663, 30.872478, 33.470757>,  <25.613361, 31.167446, 33.030998>, 0.130000
	pigment { color rgbt <1,0,0,0> }
	no_shadow
}

// nucleotide -1

// particle -1
sphere {
	<26.023663, 30.872478, 33.470757> 0.250000
	pigment { color rgbt <1,0,0,0> }
	no_shadow
}
cylinder {
	<25.678217, 30.748907, 33.630123>,  <25.470949, 30.674765, 33.725742>, 0.100000
	pigment { color rgbt <1,0,0,0> }
	no_shadow
}
cylinder {
	<25.678217, 30.748907, 33.630123>,  <26.023663, 30.872478, 33.470757>, 0.100000
	pigment { color rgbt <1,0,0,0> }
	no_shadow
}

// particle -1
sphere {
	<25.678217, 30.748907, 33.630123> 0.100000
	pigment { color rgbt <1,0,0,0> }
	no_shadow
}
sphere {
	0, 1
	scale<0.080000,0.200000,0.300000>
	matrix <0.385803, -0.913686, 0.127805,
		0.324546, 0.264085, 0.908256,
		-0.863612, -0.308929, 0.398418,
		25.419134, 30.656229, 33.749649>
	pigment { color rgbt <0,1,1,0> }
	no_shadow
}
cylinder {
	<26.133574, 30.350288, 33.954479>,  <26.023663, 30.872478, 33.470757>, 0.130000
	pigment { color rgbt <1,0,0,0> }
	no_shadow
}

// nucleotide -1

// particle -1
sphere {
	<26.133574, 30.350288, 33.954479> 0.250000
	pigment { color rgbt <1,0,0,0> }
	no_shadow
}
cylinder {
	<25.738201, 30.305868, 33.913151>,  <25.500978, 30.279215, 33.888351>, 0.100000
	pigment { color rgbt <1,0,0,0> }
	no_shadow
}
cylinder {
	<25.738201, 30.305868, 33.913151>,  <26.133574, 30.350288, 33.954479>, 0.100000
	pigment { color rgbt <1,0,0,0> }
	no_shadow
}

// particle -1
sphere {
	<25.738201, 30.305868, 33.913151> 0.100000
	pigment { color rgbt <1,0,0,0> }
	no_shadow
}
sphere {
	0, 1
	scale<0.080000,0.200000,0.300000>
	matrix <0.108526, -0.993648, 0.029778,
		-0.105974, 0.018220, 0.994202,
		-0.988429, -0.111052, -0.103323,
		25.441673, 30.272552, 33.882153>
	pigment { color rgbt <0,1,1,0> }
	no_shadow
}
cylinder {
	<25.863003, 29.838449, 34.522789>,  <26.133574, 30.350288, 33.954479>, 0.130000
	pigment { color rgbt <1,0,0,0> }
	no_shadow
}

// nucleotide -1

// particle -1
sphere {
	<25.863003, 29.838449, 34.522789> 0.250000
	pigment { color rgbt <1,0,0,0> }
	no_shadow
}
cylinder {
	<25.626165, 29.858089, 34.201042>,  <25.484062, 29.869873, 34.007992>, 0.100000
	pigment { color rgbt <1,0,0,0> }
	no_shadow
}
cylinder {
	<25.626165, 29.858089, 34.201042>,  <25.863003, 29.838449, 34.522789>, 0.100000
	pigment { color rgbt <1,0,0,0> }
	no_shadow
}

// particle -1
sphere {
	<25.626165, 29.858089, 34.201042> 0.100000
	pigment { color rgbt <1,0,0,0> }
	no_shadow
}
sphere {
	0, 1
	scale<0.080000,0.200000,0.300000>
	matrix <0.119483, -0.981761, -0.147882,
		-0.796961, -0.183669, 0.575429,
		-0.592096, 0.049102, -0.804370,
		25.448536, 29.872820, 33.959732>
	pigment { color rgbt <0,1,1,0> }
	no_shadow
}
cylinder {
	<25.447153, 29.285173, 34.648140>,  <25.863003, 29.838449, 34.522789>, 0.130000
	pigment { color rgbt <1,0,0,0> }
	no_shadow
}

// nucleotide -1

// particle -1
sphere {
	<25.447153, 29.285173, 34.648140> 0.250000
	pigment { color rgbt <1,0,0,0> }
	no_shadow
}
cylinder {
	<25.382202, 29.342289, 34.257603>,  <25.343231, 29.376558, 34.023281>, 0.100000
	pigment { color rgbt <1,0,0,0> }
	no_shadow
}
cylinder {
	<25.382202, 29.342289, 34.257603>,  <25.447153, 29.285173, 34.648140>, 0.100000
	pigment { color rgbt <1,0,0,0> }
	no_shadow
}

// particle -1
sphere {
	<25.382202, 29.342289, 34.257603> 0.100000
	pigment { color rgbt <1,0,0,0> }
	no_shadow
}
sphere {
	0, 1
	scale<0.080000,0.200000,0.300000>
	matrix <0.039156, -0.987762, -0.150971,
		-0.985950, -0.062745, 0.154808,
		-0.162386, 0.142788, -0.976341,
		25.333488, 29.385126, 33.964699>
	pigment { color rgbt <0,1,1,0> }
	no_shadow
}
cylinder {
	<24.855465, 28.738508, 34.352566>,  <25.447153, 29.285173, 34.648140>, 0.130000
	pigment { color rgbt <1,0,0,0> }
	no_shadow
}

// nucleotide -1

// particle -1
sphere {
	<24.855465, 28.738508, 34.352566> 0.250000
	pigment { color rgbt <1,0,0,0> }
	no_shadow
}
cylinder {
	<25.056141, 28.869453, 34.032280>,  <25.176546, 28.948021, 33.840111>, 0.100000
	pigment { color rgbt <1,0,0,0> }
	no_shadow
}
cylinder {
	<25.056141, 28.869453, 34.032280>,  <24.855465, 28.738508, 34.352566>, 0.100000
	pigment { color rgbt <1,0,0,0> }
	no_shadow
}

// particle -1
sphere {
	<25.056141, 28.869453, 34.032280> 0.100000
	pigment { color rgbt <1,0,0,0> }
	no_shadow
}
sphere {
	0, 1
	scale<0.080000,0.200000,0.300000>
	matrix <-0.036936, -0.916678, -0.397917,
		-0.864259, 0.229206, -0.447796,
		0.501690, 0.327363, -0.800713,
		25.206648, 28.967663, 33.792065>
	pigment { color rgbt <0,1,1,0> }
	no_shadow
}
cylinder {
	<24.409439, 28.571764, 33.655399>,  <24.855465, 28.738508, 34.352566>, 0.130000
	pigment { color rgbt <1,0,0,0> }
	no_shadow
}

// nucleotide -1

// particle -1
sphere {
	<24.409439, 28.571764, 33.655399> 0.250000
	pigment { color rgbt <1,0,0,0> }
	no_shadow
}
cylinder {
	<24.790829, 28.620262, 33.544994>,  <25.019663, 28.649361, 33.478752>, 0.100000
	pigment { color rgbt <1,0,0,0> }
	no_shadow
}
cylinder {
	<24.790829, 28.620262, 33.544994>,  <24.409439, 28.571764, 33.655399>, 0.100000
	pigment { color rgbt <1,0,0,0> }
	no_shadow
}

// particle -1
sphere {
	<24.790829, 28.620262, 33.544994> 0.100000
	pigment { color rgbt <1,0,0,0> }
	no_shadow
}
sphere {
	0, 1
	scale<0.080000,0.200000,0.300000>
	matrix <-0.062653, -0.815874, -0.574825,
		-0.294887, 0.565375, -0.770320,
		0.953476, 0.121245, -0.276013,
		25.076872, 28.656635, 33.462189>
	pigment { color rgbt <0,1,1,0> }
	no_shadow
}
cylinder {
	<24.388702, 28.572727, 32.854736>,  <24.409439, 28.571764, 33.655399>, 0.130000
	pigment { color rgbt <1,0,0,0> }
	no_shadow
}

// nucleotide -1

// particle -1
sphere {
	<24.388702, 28.572727, 32.854736> 0.250000
	pigment { color rgbt <1,0,0,0> }
	no_shadow
}
cylinder {
	<24.774479, 28.515335, 32.943523>,  <25.005945, 28.480900, 32.996796>, 0.100000
	pigment { color rgbt <1,0,0,0> }
	no_shadow
}
cylinder {
	<24.774479, 28.515335, 32.943523>,  <24.388702, 28.572727, 32.854736>, 0.100000
	pigment { color rgbt <1,0,0,0> }
	no_shadow
}

// particle -1
sphere {
	<24.774479, 28.515335, 32.943523> 0.100000
	pigment { color rgbt <1,0,0,0> }
	no_shadow
}
sphere {
	0, 1
	scale<0.080000,0.200000,0.300000>
	matrix <0.027180, -0.781535, -0.623269,
		0.262905, 0.607138, -0.749843,
		0.964439, -0.143479, 0.221971,
		25.063810, 28.472292, 33.010117>
	pigment { color rgbt <0,1,1,0> }
	no_shadow
}
cylinder {
	<24.748577, 28.450695, 32.257595>,  <24.388702, 28.572727, 32.854736>, 0.130000
	pigment { color rgbt <1,0,0,0> }
	no_shadow
}

// nucleotide -1

// particle -1
sphere {
	<24.748577, 28.450695, 32.257595> 0.250000
	pigment { color rgbt <1,0,0,0> }
	no_shadow
}
cylinder {
	<24.964861, 28.288029, 32.552147>,  <25.094631, 28.190430, 32.728878>, 0.100000
	pigment { color rgbt <1,0,0,0> }
	no_shadow
}
cylinder {
	<24.964861, 28.288029, 32.552147>,  <24.748577, 28.450695, 32.257595>, 0.100000
	pigment { color rgbt <1,0,0,0> }
	no_shadow
}

// particle -1
sphere {
	<24.964861, 28.288029, 32.552147> 0.100000
	pigment { color rgbt <1,0,0,0> }
	no_shadow
}
sphere {
	0, 1
	scale<0.080000,0.200000,0.300000>
	matrix <0.107603, -0.834756, -0.540004,
		0.834299, 0.371223, -0.407602,
		0.540710, -0.406665, 0.736380,
		25.127073, 28.166029, 32.773060>
	pigment { color rgbt <0,1,1,0> }
	no_shadow
}
cylinder {
	<25.369148, 28.337164, 31.981007>,  <24.748577, 28.450695, 32.257595>, 0.130000
	pigment { color rgbt <1,0,0,0> }
	no_shadow
}

// nucleotide -1

// particle -1
sphere {
	<25.369148, 28.337164, 31.981007> 0.250000
	pigment { color rgbt <1,0,0,0> }
	no_shadow
}
cylinder {
	<25.352867, 28.097273, 32.300674>,  <25.343100, 27.953339, 32.492474>, 0.100000
	pigment { color rgbt <1,0,0,0> }
	no_shadow
}
cylinder {
	<25.352867, 28.097273, 32.300674>,  <25.369148, 28.337164, 31.981007>, 0.100000
	pigment { color rgbt <1,0,0,0> }
	no_shadow
}

// particle -1
sphere {
	<25.352867, 28.097273, 32.300674> 0.100000
	pigment { color rgbt <1,0,0,0> }
	no_shadow
}
sphere {
	0, 1
	scale<0.080000,0.200000,0.300000>
	matrix <0.203931, -0.787982, -0.580944,
		0.978139, 0.139330, 0.154375,
		-0.040702, -0.599726, 0.799169,
		25.340656, 27.917355, 32.540424>
	pigment { color rgbt <0,1,1,0> }
	no_shadow
}
cylinder {
	<25.990852, 27.973530, 31.917116>,  <25.369148, 28.337164, 31.981007>, 0.130000
	pigment { color rgbt <1,0,0,0> }
	no_shadow
}

// nucleotide -1

// particle -1
sphere {
	<25.990852, 27.973530, 31.917116> 0.250000
	pigment { color rgbt <1,0,0,0> }
	no_shadow
}
cylinder {
	<25.737610, 27.766928, 32.147732>,  <25.585665, 27.642967, 32.286102>, 0.100000
	pigment { color rgbt <1,0,0,0> }
	no_shadow
}
cylinder {
	<25.737610, 27.766928, 32.147732>,  <25.990852, 27.973530, 31.917116>, 0.100000
	pigment { color rgbt <1,0,0,0> }
	no_shadow
}

// particle -1
sphere {
	<25.737610, 27.766928, 32.147732> 0.100000
	pigment { color rgbt <1,0,0,0> }
	no_shadow
}
sphere {
	0, 1
	scale<0.080000,0.200000,0.300000>
	matrix <0.062006, -0.776268, -0.627346,
		0.771578, -0.361427, 0.523486,
		-0.633106, -0.516506, 0.576541,
		25.547678, 27.611977, 32.320694>
	pigment { color rgbt <0,1,1,0> }
	no_shadow
}
cylinder {
	<26.275732, 27.330572, 32.140907>,  <25.990852, 27.973530, 31.917116>, 0.130000
	pigment { color rgbt <1,0,0,0> }
	no_shadow
}

// nucleotide -1

// particle -1
sphere {
	<26.275732, 27.330572, 32.140907> 0.250000
	pigment { color rgbt <1,0,0,0> }
	no_shadow
}
cylinder {
	<25.884583, 27.255754, 32.178387>,  <25.649893, 27.210865, 32.200874>, 0.100000
	pigment { color rgbt <1,0,0,0> }
	no_shadow
}
cylinder {
	<25.884583, 27.255754, 32.178387>,  <26.275732, 27.330572, 32.140907>, 0.100000
	pigment { color rgbt <1,0,0,0> }
	no_shadow
}

// particle -1
sphere {
	<25.884583, 27.255754, 32.178387> 0.100000
	pigment { color rgbt <1,0,0,0> }
	no_shadow
}
sphere {
	0, 1
	scale<0.080000,0.200000,0.300000>
	matrix <0.098208, -0.805919, -0.583824,
		0.184716, -0.561703, 0.806455,
		-0.977873, -0.187042, 0.093702,
		25.591221, 27.199642, 32.206497>
	pigment { color rgbt <0,1,1,0> }
	no_shadow
}
cylinder {
	<26.173872, 26.653093, 32.281792>,  <26.275732, 27.330572, 32.140907>, 0.130000
	pigment { color rgbt <1,0,0,0> }
	no_shadow
}

// nucleotide -1

// particle -1
sphere {
	<26.173872, 26.653093, 32.281792> 0.250000
	pigment { color rgbt <1,0,0,0> }
	no_shadow
}
cylinder {
	<25.799000, 26.705715, 32.152557>,  <25.574076, 26.737289, 32.075016>, 0.100000
	pigment { color rgbt <1,0,0,0> }
	no_shadow
}
cylinder {
	<25.799000, 26.705715, 32.152557>,  <26.173872, 26.653093, 32.281792>, 0.100000
	pigment { color rgbt <1,0,0,0> }
	no_shadow
}

// particle -1
sphere {
	<25.799000, 26.705715, 32.152557> 0.100000
	pigment { color rgbt <1,0,0,0> }
	no_shadow
}
sphere {
	0, 1
	scale<0.080000,0.200000,0.300000>
	matrix <0.048789, -0.867632, -0.494807,
		-0.345416, -0.479486, 0.806710,
		-0.937180, 0.131556, -0.323088,
		25.517845, 26.745182, 32.055630>
	pigment { color rgbt <0,1,1,0> }
	no_shadow
}
cylinder {
	<25.761194, 25.996168, 32.421085>,  <26.173872, 26.653093, 32.281792>, 0.130000
	pigment { color rgbt <1,0,0,0> }
	no_shadow
}

// nucleotide -1

// particle -1
sphere {
	<25.761194, 25.996168, 32.421085> 0.250000
	pigment { color rgbt <1,0,0,0> }
	no_shadow
}
cylinder {
	<25.563967, 26.182978, 32.127480>,  <25.445631, 26.295063, 31.951317>, 0.100000
	pigment { color rgbt <1,0,0,0> }
	no_shadow
}
cylinder {
	<25.563967, 26.182978, 32.127480>,  <25.761194, 25.996168, 32.421085>, 0.100000
	pigment { color rgbt <1,0,0,0> }
	no_shadow
}

// particle -1
sphere {
	<25.563967, 26.182978, 32.127480> 0.100000
	pigment { color rgbt <1,0,0,0> }
	no_shadow
}
sphere {
	0, 1
	scale<0.080000,0.200000,0.300000>
	matrix <-0.063913, -0.860865, -0.504803,
		-0.867648, -0.201981, 0.454301,
		-0.493053, 0.467027, -0.734019,
		25.416046, 26.323084, 31.907276>
	pigment { color rgbt <0,1,1,0> }
	no_shadow
}
cylinder {
	<25.302155, 25.535391, 32.077606>,  <25.761194, 25.996168, 32.421085>, 0.130000
	pigment { color rgbt <1,0,0,0> }
	no_shadow
}

// nucleotide -1

// particle -1
sphere {
	<25.302155, 25.535391, 32.077606> 0.250000
	pigment { color rgbt <1,0,0,0> }
	no_shadow
}
cylinder {
	<25.415857, 25.813604, 31.813656>,  <25.484079, 25.980532, 31.655287>, 0.100000
	pigment { color rgbt <1,0,0,0> }
	no_shadow
}
cylinder {
	<25.415857, 25.813604, 31.813656>,  <25.302155, 25.535391, 32.077606>, 0.100000
	pigment { color rgbt <1,0,0,0> }
	no_shadow
}

// particle -1
sphere {
	<25.415857, 25.813604, 31.813656> 0.100000
	pigment { color rgbt <1,0,0,0> }
	no_shadow
}
sphere {
	0, 1
	scale<0.080000,0.200000,0.300000>
	matrix <-0.053376, -0.675716, -0.735227,
		-0.957262, 0.244213, -0.154952,
		0.284256, 0.695534, -0.659873,
		25.501135, 26.022264, 31.615694>
	pigment { color rgbt <0,1,1,0> }
	no_shadow
}
cylinder {
	<24.741863, 25.520138, 31.553284>,  <25.302155, 25.535391, 32.077606>, 0.130000
	pigment { color rgbt <1,0,0,0> }
	no_shadow
}

// nucleotide -1

// particle -1
sphere {
	<24.741863, 25.520138, 31.553284> 0.250000
	pigment { color rgbt <1,0,0,0> }
	no_shadow
}
cylinder {
	<25.119337, 25.625132, 31.472723>,  <25.345821, 25.688128, 31.424387>, 0.100000
	pigment { color rgbt <1,0,0,0> }
	no_shadow
}
cylinder {
	<25.119337, 25.625132, 31.472723>,  <24.741863, 25.520138, 31.553284>, 0.100000
	pigment { color rgbt <1,0,0,0> }
	no_shadow
}

// particle -1
sphere {
	<25.119337, 25.625132, 31.472723> 0.100000
	pigment { color rgbt <1,0,0,0> }
	no_shadow
}
sphere {
	0, 1
	scale<0.080000,0.200000,0.300000>
	matrix <0.069475, -0.752391, -0.655042,
		-0.323472, 0.604160, -0.728255,
		0.943684, 0.262484, -0.201403,
		25.402443, 25.703876, 31.412302>
	pigment { color rgbt <0,1,1,0> }
	no_shadow
}
cylinder {
	<24.786913, 25.566080, 30.812405>,  <24.741863, 25.520138, 31.553284>, 0.130000
	pigment { color rgbt <1,0,0,0> }
	no_shadow
}

// nucleotide -1

// particle -1
sphere {
	<24.786913, 25.566080, 30.812405> 0.250000
	pigment { color rgbt <1,0,0,0> }
	no_shadow
}
cylinder {
	<25.110220, 25.471840, 31.028254>,  <25.304205, 25.415295, 31.157763>, 0.100000
	pigment { color rgbt <1,0,0,0> }
	no_shadow
}
cylinder {
	<25.110220, 25.471840, 31.028254>,  <24.786913, 25.566080, 30.812405>, 0.100000
	pigment { color rgbt <1,0,0,0> }
	no_shadow
}

// particle -1
sphere {
	<25.110220, 25.471840, 31.028254> 0.100000
	pigment { color rgbt <1,0,0,0> }
	no_shadow
}
sphere {
	0, 1
	scale<0.080000,0.200000,0.300000>
	matrix <0.148862, -0.804922, -0.574405,
		0.569685, 0.544603, -0.615521,
		0.808269, -0.235602, 0.539623,
		25.352701, 25.401159, 31.190140>
	pigment { color rgbt <0,1,1,0> }
	no_shadow
}
cylinder {
	<25.437826, 25.593712, 30.549711>,  <24.786913, 25.566080, 30.812405>, 0.130000
	pigment { color rgbt <1,0,0,0> }
	no_shadow
}

// nucleotide -1

// particle -1
sphere {
	<25.437826, 25.593712, 30.549711> 0.250000
	pigment { color rgbt <1,0,0,0> }
	no_shadow
}
cylinder {
	<25.399734, 25.295034, 30.813038>,  <25.376879, 25.115828, 30.971033>, 0.100000
	pigment { color rgbt <1,0,0,0> }
	no_shadow
}
cylinder {
	<25.399734, 25.295034, 30.813038>,  <25.437826, 25.593712, 30.549711>, 0.100000
	pigment { color rgbt <1,0,0,0> }
	no_shadow
}

// particle -1
sphere {
	<25.399734, 25.295034, 30.813038> 0.100000
	pigment { color rgbt <1,0,0,0> }
	no_shadow
}
sphere {
	0, 1
	scale<0.080000,0.200000,0.300000>
	matrix <0.108351, -0.665166, -0.738792,
		0.989541, 0.000973, 0.144249,
		-0.095230, -0.746695, 0.658315,
		25.371166, 25.071026, 31.010532>
	pigment { color rgbt <0,1,1,0> }
	no_shadow
}
cylinder {
	<25.548306, 25.781157, 29.850080>,  <25.437826, 25.593712, 30.549711>, 0.130000
	pigment { color rgbt <1,0,0,0> }
	no_shadow
}

// nucleotide -1

// particle -1
sphere {
	<25.548306, 25.781157, 29.850080> 0.250000
	pigment { color rgbt <1,0,0,0> }
	no_shadow
}
cylinder {
	<25.861979, 25.533218, 29.861752>,  <26.050182, 25.384457, 29.868753>, 0.100000
	pigment { color rgbt <1,0,0,0> }
	no_shadow
}
cylinder {
	<25.861979, 25.533218, 29.861752>,  <25.548306, 25.781157, 29.850080>, 0.100000
	pigment { color rgbt <1,0,0,0> }
	no_shadow
}

// particle -1
sphere {
	<25.861979, 25.533218, 29.861752> 0.100000
	pigment { color rgbt <1,0,0,0> }
	no_shadow
}
sphere {
	0, 1
	scale<0.080000,0.200000,0.300000>
	matrix <0.565540, 0.694548, -0.444711,
		0.255386, 0.365236, 0.895199,
		0.784183, -0.619844, 0.029177,
		26.097233, 25.347265, 29.870504>
	pigment { color rgbt <0,1,1,0> }
	no_shadow
}
cylinder {
	<26.169506, 26.034424, 30.164358>,  <25.548306, 25.781157, 29.850080>, 0.130000
	pigment { color rgbt <1,0,0,0> }
	no_shadow
}

// nucleotide -1

// particle -1
sphere {
	<26.169506, 26.034424, 30.164358> 0.250000
	pigment { color rgbt <1,0,0,0> }
	no_shadow
}
cylinder {
	<26.284229, 25.769939, 29.887074>,  <26.353064, 25.611248, 29.720703>, 0.100000
	pigment { color rgbt <1,0,0,0> }
	no_shadow
}
cylinder {
	<26.284229, 25.769939, 29.887074>,  <26.169506, 26.034424, 30.164358>, 0.100000
	pigment { color rgbt <1,0,0,0> }
	no_shadow
}

// particle -1
sphere {
	<26.284229, 25.769939, 29.887074> 0.100000
	pigment { color rgbt <1,0,0,0> }
	no_shadow
}
sphere {
	0, 1
	scale<0.080000,0.200000,0.300000>
	matrix <0.580476, 0.695593, -0.423318,
		0.762095, -0.280981, 0.583319,
		0.286808, -0.661211, -0.693210,
		26.370272, 25.571575, 29.679110>
	pigment { color rgbt <0,1,1,0> }
	no_shadow
}
cylinder {
	<26.943748, 25.748798, 30.196592>,  <26.169506, 26.034424, 30.164358>, 0.130000
	pigment { color rgbt <1,0,0,0> }
	no_shadow
}

// nucleotide -1

// particle -1
sphere {
	<26.943748, 25.748798, 30.196592> 0.250000
	pigment { color rgbt <1,0,0,0> }
	no_shadow
}
cylinder {
	<26.769012, 25.813288, 29.842604>,  <26.664171, 25.851982, 29.630211>, 0.100000
	pigment { color rgbt <1,0,0,0> }
	no_shadow
}
cylinder {
	<26.769012, 25.813288, 29.842604>,  <26.943748, 25.748798, 30.196592>, 0.100000
	pigment { color rgbt <1,0,0,0> }
	no_shadow
}

// particle -1
sphere {
	<26.769012, 25.813288, 29.842604> 0.100000
	pigment { color rgbt <1,0,0,0> }
	no_shadow
}
sphere {
	0, 1
	scale<0.080000,0.200000,0.300000>
	matrix <0.695244, 0.684780, -0.218433,
		0.570795, -0.710692, -0.411229,
		-0.436840, 0.161224, -0.884973,
		26.637960, 25.861654, 29.577112>
	pigment { color rgbt <0,1,1,0> }
	no_shadow
}
cylinder {
	<27.415272, 25.889797, 29.704985>,  <26.943748, 25.748798, 30.196592>, 0.130000
	pigment { color rgbt <1,0,0,0> }
	no_shadow
}

// nucleotide -1

// particle -1
sphere {
	<27.415272, 25.889797, 29.704985> 0.250000
	pigment { color rgbt <1,0,0,0> }
	no_shadow
}
cylinder {
	<27.112782, 26.094957, 29.542477>,  <26.931288, 26.218054, 29.444973>, 0.100000
	pigment { color rgbt <1,0,0,0> }
	no_shadow
}
cylinder {
	<27.112782, 26.094957, 29.542477>,  <27.415272, 25.889797, 29.704985>, 0.100000
	pigment { color rgbt <1,0,0,0> }
	no_shadow
}

// particle -1
sphere {
	<27.112782, 26.094957, 29.542477> 0.100000
	pigment { color rgbt <1,0,0,0> }
	no_shadow
}
sphere {
	0, 1
	scale<0.080000,0.200000,0.300000>
	matrix <0.619011, 0.761995, -0.190234,
		0.212003, -0.395345, -0.893732,
		-0.756228, 0.512900, -0.406268,
		26.885914, 26.248827, 29.420595>
	pigment { color rgbt <0,1,1,0> }
	no_shadow
}
cylinder {
	<27.714134, 26.096054, 29.082432>,  <27.415272, 25.889797, 29.704985>, 0.130000
	pigment { color rgbt <1,0,0,0> }
	no_shadow
}

// nucleotide -1

// particle -1
sphere {
	<27.714134, 26.096054, 29.082432> 0.250000
	pigment { color rgbt <1,0,0,0> }
	no_shadow
}
cylinder {
	<27.432787, 26.323343, 29.253263>,  <27.263979, 26.459717, 29.355762>, 0.100000
	pigment { color rgbt <1,0,0,0> }
	no_shadow
}
cylinder {
	<27.432787, 26.323343, 29.253263>,  <27.714134, 26.096054, 29.082432>, 0.100000
	pigment { color rgbt <1,0,0,0> }
	no_shadow
}

// particle -1
sphere {
	<27.432787, 26.323343, 29.253263> 0.100000
	pigment { color rgbt <1,0,0,0> }
	no_shadow
}
sphere {
	0, 1
	scale<0.080000,0.200000,0.300000>
	matrix <0.641946, 0.765789, 0.038368,
		-0.305250, 0.301148, -0.903400,
		-0.703369, 0.568222, 0.427078,
		27.221777, 26.493811, 29.381388>
	pigment { color rgbt <0,1,1,0> }
	no_shadow
}
cylinder {
	<27.539497, 26.768362, 28.680010>,  <27.714134, 26.096054, 29.082432>, 0.130000
	pigment { color rgbt <1,0,0,0> }
	no_shadow
}

// nucleotide -1

// particle -1
sphere {
	<27.539497, 26.768362, 28.680010> 0.250000
	pigment { color rgbt <1,0,0,0> }
	no_shadow
}
cylinder {
	<27.479647, 26.827278, 29.071095>,  <27.443737, 26.862629, 29.305744>, 0.100000
	pigment { color rgbt <1,0,0,0> }
	no_shadow
}
cylinder {
	<27.479647, 26.827278, 29.071095>,  <27.539497, 26.768362, 28.680010>, 0.100000
	pigment { color rgbt <1,0,0,0> }
	no_shadow
}

// particle -1
sphere {
	<27.479647, 26.827278, 29.071095> 0.100000
	pigment { color rgbt <1,0,0,0> }
	no_shadow
}
sphere {
	0, 1
	scale<0.080000,0.200000,0.300000>
	matrix <0.653544, 0.756759, -0.013990,
		-0.741952, 0.636884, -0.209492,
		-0.149625, 0.147292, 0.977710,
		27.434759, 26.871466, 29.364408>
	pigment { color rgbt <0,1,1,0> }
	no_shadow
}
cylinder {
	<27.173923, 27.416729, 28.819654>,  <27.539497, 26.768362, 28.680010>, 0.130000
	pigment { color rgbt <1,0,0,0> }
	no_shadow
}

// nucleotide -1

// particle -1
sphere {
	<27.173923, 27.416729, 28.819654> 0.250000
	pigment { color rgbt <1,0,0,0> }
	no_shadow
}
cylinder {
	<27.388212, 27.315067, 29.141748>,  <27.516787, 27.254070, 29.335005>, 0.100000
	pigment { color rgbt <1,0,0,0> }
	no_shadow
}
cylinder {
	<27.388212, 27.315067, 29.141748>,  <27.173923, 27.416729, 28.819654>, 0.100000
	pigment { color rgbt <1,0,0,0> }
	no_shadow
}

// particle -1
sphere {
	<27.388212, 27.315067, 29.141748> 0.100000
	pigment { color rgbt <1,0,0,0> }
	no_shadow
}
sphere {
	0, 1
	scale<0.080000,0.200000,0.300000>
	matrix <0.420098, 0.907452, 0.006926,
		-0.732474, 0.334568, 0.592913,
		0.535723, -0.254154, 0.805237,
		27.548929, 27.238821, 29.383320>
	pigment { color rgbt <0,1,1,0> }
	no_shadow
}
cylinder {
	<26.900225, 27.217916, 28.093451>,  <27.173923, 27.416729, 28.819654>, 0.130000
	pigment { color rgbt <1,0,0,0> }
	no_shadow
}

// nucleotide -1

// particle -1
sphere {
	<26.900225, 27.217916, 28.093451> 0.250000
	pigment { color rgbt <1,0,0,0> }
	no_shadow
}
cylinder {
	<26.718716, 27.425001, 27.803329>,  <26.609810, 27.549252, 27.629257>, 0.100000
	pigment { color rgbt <1,0,0,0> }
	no_shadow
}
cylinder {
	<26.718716, 27.425001, 27.803329>,  <26.900225, 27.217916, 28.093451>, 0.100000
	pigment { color rgbt <1,0,0,0> }
	no_shadow
}

// particle -1
sphere {
	<26.718716, 27.425001, 27.803329> 0.100000
	pigment { color rgbt <1,0,0,0> }
	no_shadow
}
sphere {
	0, 1
	scale<0.080000,0.200000,0.300000>
	matrix <0.245640, 0.855060, 0.456654,
		0.856593, 0.029054, -0.515175,
		-0.453773, 0.517714, -0.725301,
		26.582584, 27.580315, 27.585739>
	pigment { color rgbt <0,1,1,0> }
	no_shadow
}
cylinder {
	<27.309187, 27.776108, 27.833834>,  <26.900225, 27.217916, 28.093451>, 0.130000
	pigment { color rgbt <1,0,0,0> }
	no_shadow
}

// nucleotide -1

// particle -1
sphere {
	<27.309187, 27.776108, 27.833834> 0.250000
	pigment { color rgbt <1,0,0,0> }
	no_shadow
}
cylinder {
	<26.957596, 27.929125, 27.719954>,  <26.746641, 28.020935, 27.651625>, 0.100000
	pigment { color rgbt <1,0,0,0> }
	no_shadow
}
cylinder {
	<26.957596, 27.929125, 27.719954>,  <27.309187, 27.776108, 27.833834>, 0.100000
	pigment { color rgbt <1,0,0,0> }
	no_shadow
}

// particle -1
sphere {
	<26.957596, 27.929125, 27.719954> 0.100000
	pigment { color rgbt <1,0,0,0> }
	no_shadow
}
sphere {
	0, 1
	scale<0.080000,0.200000,0.300000>
	matrix <0.308654, 0.911505, 0.271828,
		0.363492, 0.151058, -0.919269,
		-0.878980, 0.382543, -0.284701,
		26.693901, 28.043888, 27.634542>
	pigment { color rgbt <0,1,1,0> }
	no_shadow
}
cylinder {
	<27.441141, 28.359898, 27.477882>,  <27.309187, 27.776108, 27.833834>, 0.130000
	pigment { color rgbt <1,0,0,0> }
	no_shadow
}

// nucleotide -1

// particle -1
sphere {
	<27.441141, 28.359898, 27.477882> 0.250000
	pigment { color rgbt <1,0,0,0> }
	no_shadow
}
cylinder {
	<27.051624, 28.417166, 27.548567>,  <26.817913, 28.451527, 27.590977>, 0.100000
	pigment { color rgbt <1,0,0,0> }
	no_shadow
}
cylinder {
	<27.051624, 28.417166, 27.548567>,  <27.441141, 28.359898, 27.477882>, 0.100000
	pigment { color rgbt <1,0,0,0> }
	no_shadow
}

// particle -1
sphere {
	<27.051624, 28.417166, 27.548567> 0.100000
	pigment { color rgbt <1,0,0,0> }
	no_shadow
}
sphere {
	0, 1
	scale<0.080000,0.200000,0.300000>
	matrix <0.177558, 0.964125, 0.197320,
		-0.142121, 0.223526, -0.964281,
		-0.973794, 0.143173, 0.176712,
		26.759485, 28.460117, 27.601580>
	pigment { color rgbt <0,1,1,0> }
	no_shadow
}
cylinder {
	<27.342451, 29.068155, 27.178394>,  <27.441141, 28.359898, 27.477882>, 0.130000
	pigment { color rgbt <1,0,0,0> }
	no_shadow
}

// nucleotide -1

// particle -1
sphere {
	<27.342451, 29.068155, 27.178394> 0.250000
	pigment { color rgbt <1,0,0,0> }
	no_shadow
}
cylinder {
	<27.050131, 28.999685, 27.442705>,  <26.874739, 28.958603, 27.601292>, 0.100000
	pigment { color rgbt <1,0,0,0> }
	no_shadow
}
cylinder {
	<27.050131, 28.999685, 27.442705>,  <27.342451, 29.068155, 27.178394>, 0.100000
	pigment { color rgbt <1,0,0,0> }
	no_shadow
}

// particle -1
sphere {
	<27.050131, 28.999685, 27.442705> 0.100000
	pigment { color rgbt <1,0,0,0> }
	no_shadow
}
sphere {
	0, 1
	scale<0.080000,0.200000,0.300000>
	matrix <0.157654, 0.899543, 0.407391,
		-0.664133, 0.401897, -0.630402,
		-0.730803, -0.171176, 0.660777,
		26.830891, 28.948332, 27.640938>
	pigment { color rgbt <0,1,1,0> }
	no_shadow
}
cylinder {
	<27.019289, 29.772108, 27.288908>,  <27.342451, 29.068155, 27.178394>, 0.130000
	pigment { color rgbt <1,0,0,0> }
	no_shadow
}

// nucleotide -1

// particle -1
sphere {
	<27.019289, 29.772108, 27.288908> 0.250000
	pigment { color rgbt <1,0,0,0> }
	no_shadow
}
cylinder {
	<26.950182, 29.534348, 27.603064>,  <26.908718, 29.391691, 27.791557>, 0.100000
	pigment { color rgbt <1,0,0,0> }
	no_shadow
}
cylinder {
	<26.950182, 29.534348, 27.603064>,  <27.019289, 29.772108, 27.288908>, 0.100000
	pigment { color rgbt <1,0,0,0> }
	no_shadow
}

// particle -1
sphere {
	<26.950182, 29.534348, 27.603064> 0.100000
	pigment { color rgbt <1,0,0,0> }
	no_shadow
}
sphere {
	0, 1
	scale<0.080000,0.200000,0.300000>
	matrix <0.269131, 0.738549, 0.618153,
		-0.947481, 0.318169, 0.032376,
		-0.172766, -0.594402, 0.785391,
		26.898352, 29.356028, 27.838680>
	pigment { color rgbt <0,1,1,0> }
	no_shadow
}
cylinder {
	<26.849773, 30.318632, 27.866375>,  <27.019289, 29.772108, 27.288908>, 0.130000
	pigment { color rgbt <1,0,0,0> }
	no_shadow
}

// nucleotide -1

// particle -1
sphere {
	<26.849773, 30.318632, 27.866375> 0.250000
	pigment { color rgbt <1,0,0,0> }
	no_shadow
}
cylinder {
	<26.870785, 29.960342, 28.042974>,  <26.883392, 29.745369, 28.148933>, 0.100000
	pigment { color rgbt <1,0,0,0> }
	no_shadow
}
cylinder {
	<26.870785, 29.960342, 28.042974>,  <26.849773, 30.318632, 27.866375>, 0.100000
	pigment { color rgbt <1,0,0,0> }
	no_shadow
}

// particle -1
sphere {
	<26.870785, 29.960342, 28.042974> 0.100000
	pigment { color rgbt <1,0,0,0> }
	no_shadow
}
sphere {
	0, 1
	scale<0.080000,0.200000,0.300000>
	matrix <0.322310, 0.433657, 0.841462,
		-0.945176, 0.098098, 0.311480,
		0.052530, -0.895723, 0.441499,
		26.886543, 29.691626, 28.175425>
	pigment { color rgbt <0,1,1,0> }
	no_shadow
}
cylinder {
	<26.414917, 30.267889, 28.455578>,  <26.849773, 30.318632, 27.866375>, 0.130000
	pigment { color rgbt <1,0,0,0> }
	no_shadow
}

// nucleotide -1

// particle -1
sphere {
	<26.414917, 30.267889, 28.455578> 0.250000
	pigment { color rgbt <1,0,0,0> }
	no_shadow
}
cylinder {
	<26.730291, 30.025072, 28.495323>,  <26.919516, 29.879381, 28.519171>, 0.100000
	pigment { color rgbt <1,0,0,0> }
	no_shadow
}
cylinder {
	<26.730291, 30.025072, 28.495323>,  <26.414917, 30.267889, 28.455578>, 0.100000
	pigment { color rgbt <1,0,0,0> }
	no_shadow
}

// particle -1
sphere {
	<26.730291, 30.025072, 28.495323> 0.100000
	pigment { color rgbt <1,0,0,0> }
	no_shadow
}
sphere {
	0, 1
	scale<0.080000,0.200000,0.300000>
	matrix <0.251596, 0.465652, 0.848450,
		-0.561313, -0.643947, 0.519865,
		0.788433, -0.607042, 0.099362,
		26.966822, 29.842960, 28.525131>
	pigment { color rgbt <0,1,1,0> }
	no_shadow
}
cylinder {
	<26.451786, 30.045094, 29.131521>,  <26.414917, 30.267889, 28.455578>, 0.130000
	pigment { color rgbt <1,0,0,0> }
	no_shadow
}

// nucleotide -1

// particle -1
sphere {
	<26.451786, 30.045094, 29.131521> 0.250000
	pigment { color rgbt <1,0,0,0> }
	no_shadow
}
cylinder {
	<26.822329, 29.928366, 29.036272>,  <27.044655, 29.858330, 28.979122>, 0.100000
	pigment { color rgbt <1,0,0,0> }
	no_shadow
}
cylinder {
	<26.822329, 29.928366, 29.036272>,  <26.451786, 30.045094, 29.131521>, 0.100000
	pigment { color rgbt <1,0,0,0> }
	no_shadow
}

// particle -1
sphere {
	<26.822329, 29.928366, 29.036272> 0.100000
	pigment { color rgbt <1,0,0,0> }
	no_shadow
}
sphere {
	0, 1
	scale<0.080000,0.200000,0.300000>
	matrix <0.293681, 0.163787, 0.941767,
