// switches for output
#declare DRAW_BASES = 1; // possible values are 0, 1; only relevant for DNA ribbons
#declare DRAW_BASES_TYPE = 3; // possible values are 1, 2, 3; only relevant for DNA ribbons
#declare DRAW_FOG = 0; // set to 1 to enable fog

#include "colors.inc"

#include "transforms.inc"
background { rgb <1, 1, 1>}

#default {
   normal{
       ripples 0.25
       frequency 0.20
       turbulence 0.2
       lambda 5
   }
	finish {
		phong 0.1
		phong_size 40.
	}
}

// original window dimensions: 1024x640


// camera settings

camera {
	sky <0, 0.179814, -0.983701>
	up <0, 0.179814, -0.983701>
	right 1.6 * <1, 0, 0>
	location <35, 94.9851, 44.8844>
	look_at <35, 29.7336, 32.9568>
	direction <0, -65.2515, -11.9276>
	angle 67.0682
}


# declare cpy_camera_pos = <35, 94.9851, 44.8844>;
# if (DRAW_FOG = 1)
fog {
	fog_type 2
	up vnormalize(cpy_camera_pos)
	color rgbt<1,1,1,0.3>
	distance 1e-5
	fog_alt 3e-3
	fog_offset 56
}
# end


// LIGHTS

# declare lum = 6;
global_settings {
	ambient_light rgb lum * <0.05, 0.05, 0.05>
	max_trace_level 15
}# declare cpy_direct_light_amount = 0.25;
light_source
{	1000 * <-1, -1.16352, -0.803886>,
	rgb lum * cpy_direct_light_amount
	parallel
}

light_source
{	1000 * <1, 1.16352, 0.803886>,
	rgb lum * cpy_direct_light_amount
	parallel
}

// strand 0

// nucleotide -1

// particle -1
sphere {
	<24.153692, 34.874542, 35.087814> 0.250000
	pigment { color rgbt <1,0,0,0> }
	no_shadow
}
cylinder {
	<24.488632, 35.088287, 35.041683>,  <24.689596, 35.216534, 35.014004>, 0.100000
	pigment { color rgbt <1,0,0,0> }
	no_shadow
}
cylinder {
	<24.488632, 35.088287, 35.041683>,  <24.153692, 34.874542, 35.087814>, 0.100000
	pigment { color rgbt <1,0,0,0> }
	no_shadow
}

// particle -1
sphere {
	<24.488632, 35.088287, 35.041683> 0.100000
	pigment { color rgbt <1,0,0,0> }
	no_shadow
}
sphere {
	0, 1
	scale<0.080000,0.200000,0.300000>
	matrix <0.534417, -0.755753, 0.378465,
		0.115082, -0.378538, -0.918403,
		0.837350, 0.534365, -0.115324,
		24.739838, 35.248596, 35.007088>
	pigment { color rgbt <0,1,1,0> }
	no_shadow
}
cylinder {
	<24.626417, 34.434643, 34.600704>,  <24.153692, 34.874542, 35.087814>, 0.130000
	pigment { color rgbt <1,0,0,0> }
	no_shadow
}

// nucleotide -1

// particle -1
sphere {
	<24.626417, 34.434643, 34.600704> 0.250000
	pigment { color rgbt <1,0,0,0> }
	no_shadow
}
cylinder {
	<24.794434, 34.703777, 34.844296>,  <24.895243, 34.865257, 34.990448>, 0.100000
	pigment { color rgbt <1,0,0,0> }
	no_shadow
}
cylinder {
	<24.794434, 34.703777, 34.844296>,  <24.626417, 34.434643, 34.600704>, 0.100000
	pigment { color rgbt <1,0,0,0> }
	no_shadow
}

// particle -1
sphere {
	<24.794434, 34.703777, 34.844296> 0.100000
	pigment { color rgbt <1,0,0,0> }
	no_shadow
}
sphere {
	0, 1
	scale<0.080000,0.200000,0.300000>
	matrix <0.672176, -0.681511, 0.289349,
		0.609709, 0.287800, -0.738530,
		0.420041, 0.672840, 0.608975,
		24.920446, 34.905628, 35.026989>
	pigment { color rgbt <0,1,1,0> }
	no_shadow
}
cylinder {
	<25.202085, 34.137096, 34.579773>,  <24.626417, 34.434643, 34.600704>, 0.130000
	pigment { color rgbt <1,0,0,0> }
	no_shadow
}

// nucleotide -1

// particle -1
sphere {
	<25.202085, 34.137096, 34.579773> 0.250000
	pigment { color rgbt <1,0,0,0> }
	no_shadow
}
cylinder {
	<25.247086, 34.413235, 34.865643>,  <25.274086, 34.578918, 35.037167>, 0.100000
	pigment { color rgbt <1,0,0,0> }
	no_shadow
}
cylinder {
	<25.247086, 34.413235, 34.865643>,  <25.202085, 34.137096, 34.579773>, 0.100000
	pigment { color rgbt <1,0,0,0> }
	no_shadow
}

// particle -1
sphere {
	<25.247086, 34.413235, 34.865643> 0.100000
	pigment { color rgbt <1,0,0,0> }
	no_shadow
}
sphere {
	0, 1
	scale<0.080000,0.200000,0.300000>
	matrix <0.579035, -0.630049, 0.517452,
		0.807503, 0.355609, -0.470617,
		0.112501, 0.690348, 0.714677,
		25.280836, 34.620338, 35.080044>
	pigment { color rgbt <0,1,1,0> }
	no_shadow
}
cylinder {
	<25.819040, 34.162647, 34.829754>,  <25.202085, 34.137096, 34.579773>, 0.130000
	pigment { color rgbt <1,0,0,0> }
	no_shadow
}

// nucleotide -1

// particle -1
sphere {
	<25.819040, 34.162647, 34.829754> 0.250000
	pigment { color rgbt <1,0,0,0> }
	no_shadow
}
cylinder {
	<25.657545, 34.289631, 35.172966>,  <25.560648, 34.365822, 35.378895>, 0.100000
	pigment { color rgbt <1,0,0,0> }
	no_shadow
}
cylinder {
	<25.657545, 34.289631, 35.172966>,  <25.819040, 34.162647, 34.829754>, 0.100000
	pigment { color rgbt <1,0,0,0> }
	no_shadow
}

// particle -1
sphere {
	<25.657545, 34.289631, 35.172966> 0.100000
	pigment { color rgbt <1,0,0,0> }
	no_shadow
}
sphere {
	0, 1
	scale<0.080000,0.200000,0.300000>
	matrix <0.549084, -0.666089, 0.504809,
		0.731781, 0.674941, 0.094615,
		-0.403738, 0.317458, 0.858030,
		25.536423, 34.384869, 35.430374>
	pigment { color rgbt <0,1,1,0> }
	no_shadow
}
cylinder {
	<26.315899, 33.983097, 35.365688>,  <25.819040, 34.162647, 34.829754>, 0.130000
	pigment { color rgbt <1,0,0,0> }
	no_shadow
}

// nucleotide -1

// particle -1
sphere {
	<26.315899, 33.983097, 35.365688> 0.250000
	pigment { color rgbt <1,0,0,0> }
	no_shadow
}
cylinder {
	<25.960903, 34.064293, 35.531174>,  <25.747906, 34.113010, 35.630466>, 0.100000
	pigment { color rgbt <1,0,0,0> }
	no_shadow
}
cylinder {
	<25.960903, 34.064293, 35.531174>,  <26.315899, 33.983097, 35.365688>, 0.100000
	pigment { color rgbt <1,0,0,0> }
	no_shadow
}

// particle -1
sphere {
	<25.960903, 34.064293, 35.531174> 0.100000
	pigment { color rgbt <1,0,0,0> }
	no_shadow
}
sphere {
	0, 1
	scale<0.080000,0.200000,0.300000>
	matrix <0.140715, -0.735512, 0.662738,
		0.438819, 0.646388, 0.624196,
		-0.887489, 0.202988, 0.413713,
		25.694656, 34.125191, 35.655289>
	pigment { color rgbt <0,1,1,0> }
	no_shadow
}
cylinder {
	<26.402060, 34.036888, 36.017048>,  <26.315899, 33.983097, 35.365688>, 0.130000
	pigment { color rgbt <1,0,0,0> }
	no_shadow
}

// nucleotide -1

// particle -1
sphere {
	<26.402060, 34.036888, 36.017048> 0.250000
	pigment { color rgbt <1,0,0,0> }
	no_shadow
}
cylinder {
	<26.025000, 33.923126, 35.947163>,  <25.798763, 33.854870, 35.905231>, 0.100000
	pigment { color rgbt <1,0,0,0> }
	no_shadow
}
cylinder {
	<26.025000, 33.923126, 35.947163>,  <26.402060, 34.036888, 36.017048>, 0.100000
	pigment { color rgbt <1,0,0,0> }
	no_shadow
}

// particle -1
sphere {
	<26.025000, 33.923126, 35.947163> 0.100000
	pigment { color rgbt <1,0,0,0> }
	no_shadow
}
sphere {
	0, 1
	scale<0.080000,0.200000,0.300000>
	matrix <0.197590, -0.897338, 0.394642,
		-0.269013, 0.337488, 0.902072,
		-0.942650, -0.284405, -0.174712,
		25.742205, 33.837803, 35.894749>
	pigment { color rgbt <0,1,1,0> }
	no_shadow
}
cylinder {
	<26.352587, 34.809727, 35.784592>,  <26.402060, 34.036888, 36.017048>, 0.130000
	pigment { color rgbt <1,0,0,0> }
	no_shadow
}

// nucleotide -1

// particle -1
sphere {
	<26.352587, 34.809727, 35.784592> 0.250000
	pigment { color rgbt <1,0,0,0> }
	no_shadow
}
cylinder {
	<26.692276, 35.017776, 35.821011>,  <26.896090, 35.142605, 35.842861>, 0.100000
	pigment { color rgbt <1,0,0,0> }
	no_shadow
}
cylinder {
	<26.692276, 35.017776, 35.821011>,  <26.352587, 34.809727, 35.784592>, 0.100000
	pigment { color rgbt <1,0,0,0> }
	no_shadow
}

// particle -1
sphere {
	<26.692276, 35.017776, 35.821011> 0.100000
	pigment { color rgbt <1,0,0,0> }
	no_shadow
}
sphere {
	0, 1
	scale<0.080000,0.200000,0.300000>
	matrix <-0.083885, 0.303135, -0.949248,
		-0.521328, 0.798486, 0.301060,
		0.849224, 0.520124, 0.091052,
		26.947042, 35.173813, 35.848328>
	pigment { color rgbt <0,1,1,0> }
	no_shadow
}
cylinder {
	<26.491152, 35.140514, 35.074944>,  <26.352587, 34.809727, 35.784592>, 0.130000
	pigment { color rgbt <1,0,0,0> }
	no_shadow
}

// nucleotide -1

// particle -1
sphere {
	<26.491152, 35.140514, 35.074944> 0.250000
	pigment { color rgbt <1,0,0,0> }
	no_shadow
}
cylinder {
	<26.775364, 35.333294, 35.280025>,  <26.945892, 35.448963, 35.403076>, 0.100000
	pigment { color rgbt <1,0,0,0> }
	no_shadow
}
cylinder {
	<26.775364, 35.333294, 35.280025>,  <26.491152, 35.140514, 35.074944>, 0.100000
	pigment { color rgbt <1,0,0,0> }
	no_shadow
}

// particle -1
sphere {
	<26.775364, 35.333294, 35.280025> 0.100000
	pigment { color rgbt <1,0,0,0> }
	no_shadow
}
sphere {
	0, 1
	scale<0.080000,0.200000,0.300000>
	matrix <0.225320, 0.534429, -0.814627,
		-0.666615, 0.694341, 0.271136,
		0.710532, 0.481950, 0.512707,
		26.988523, 35.477879, 35.433838>
	pigment { color rgbt <0,1,1,0> }
	no_shadow
}
cylinder {
	<26.360350, 35.820728, 34.830608>,  <26.491152, 35.140514, 35.074944>, 0.130000
	pigment { color rgbt <1,0,0,0> }
	no_shadow
}

// nucleotide -1

// particle -1
sphere {
	<26.360350, 35.820728, 34.830608> 0.250000
	pigment { color rgbt <1,0,0,0> }
	no_shadow
}
cylinder {
	<26.718754, 35.875088, 34.999699>,  <26.933796, 35.907703, 35.101154>, 0.100000
	pigment { color rgbt <1,0,0,0> }
	no_shadow
}
cylinder {
	<26.718754, 35.875088, 34.999699>,  <26.360350, 35.820728, 34.830608>, 0.100000
	pigment { color rgbt <1,0,0,0> }
	no_shadow
}

// particle -1
sphere {
	<26.718754, 35.875088, 34.999699> 0.100000
	pigment { color rgbt <1,0,0,0> }
	no_shadow
}
sphere {
	0, 1
	scale<0.080000,0.200000,0.300000>
	matrix <0.096326, 0.869853, -0.483815,
		-0.433461, 0.474222, 0.766306,
		0.896009, 0.135900, 0.422727,
		26.987556, 35.915859, 35.126518>
	pigment { color rgbt <0,1,1,0> }
	no_shadow
}
cylinder {
	<26.434292, 36.522186, 35.137043>,  <26.360350, 35.820728, 34.830608>, 0.130000
	pigment { color rgbt <1,0,0,0> }
	no_shadow
}

// nucleotide -1

// particle -1
sphere {
	<26.434292, 36.522186, 35.137043> 0.250000
	pigment { color rgbt <1,0,0,0> }
	no_shadow
}
cylinder {
	<26.808672, 36.399441, 35.067955>,  <27.033300, 36.325794, 35.026501>, 0.100000
	pigment { color rgbt <1,0,0,0> }
	no_shadow
}
cylinder {
	<26.808672, 36.399441, 35.067955>,  <26.434292, 36.522186, 35.137043>, 0.100000
	pigment { color rgbt <1,0,0,0> }
	no_shadow
}

// particle -1
sphere {
	<26.808672, 36.399441, 35.067955> 0.100000
	pigment { color rgbt <1,0,0,0> }
	no_shadow
}
sphere {
	0, 1
	scale<0.080000,0.200000,0.300000>
	matrix <0.221634, 0.894519, -0.388219,
		0.273632, 0.325073, 0.905236,
		0.935951, -0.306860, -0.172722,
		27.089457, 36.307384, 35.016140>
	pigment { color rgbt <0,1,1,0> }
	no_shadow
}
cylinder {
	<26.916214, 37.050430, 35.455677>,  <26.434292, 36.522186, 35.137043>, 0.130000
	pigment { color rgbt <1,0,0,0> }
	no_shadow
}

// nucleotide -1

// particle -1
sphere {
	<26.916214, 37.050430, 35.455677> 0.250000
	pigment { color rgbt <1,0,0,0> }
	no_shadow
}
cylinder {
	<27.112289, 36.853539, 35.167950>,  <27.229935, 36.735401, 34.995312>, 0.100000
	pigment { color rgbt <1,0,0,0> }
	no_shadow
}
cylinder {
	<27.112289, 36.853539, 35.167950>,  <26.916214, 37.050430, 35.455677>, 0.100000
	pigment { color rgbt <1,0,0,0> }
	no_shadow
}

// particle -1
sphere {
	<27.112289, 36.853539, 35.167950> 0.100000
	pigment { color rgbt <1,0,0,0> }
	no_shadow
}
sphere {
	0, 1
	scale<0.080000,0.200000,0.300000>
	matrix <0.399471, 0.860367, -0.316530,
		0.774687, -0.132188, 0.618375,
		0.490188, -0.492234, -0.719320,
		27.259346, 36.705868, 34.952152>
	pigment { color rgbt <0,1,1,0> }
	no_shadow
}
cylinder {
	<27.444752, 37.509438, 35.358280>,  <26.916214, 37.050430, 35.455677>, 0.130000
	pigment { color rgbt <1,0,0,0> }
	no_shadow
}

// nucleotide -1

// particle -1
sphere {
	<27.444752, 37.509438, 35.358280> 0.250000
	pigment { color rgbt <1,0,0,0> }
	no_shadow
}
cylinder {
	<27.458628, 37.257713, 35.047729>,  <27.466953, 37.106678, 34.861397>, 0.100000
	pigment { color rgbt <1,0,0,0> }
	no_shadow
}
cylinder {
	<27.458628, 37.257713, 35.047729>,  <27.444752, 37.509438, 35.358280>, 0.100000
	pigment { color rgbt <1,0,0,0> }
	no_shadow
}

// particle -1
sphere {
	<27.458628, 37.257713, 35.047729> 0.100000
	pigment { color rgbt <1,0,0,0> }
	no_shadow
}
sphere {
	0, 1
	scale<0.080000,0.200000,0.300000>
	matrix <0.582986, 0.643721, -0.495733,
		0.811741, -0.435422, 0.389208,
		0.034689, -0.629310, -0.776380,
		27.469034, 37.068920, 34.814816>
	pigment { color rgbt <0,1,1,0> }
	no_shadow
}
cylinder {
	<28.095873, 37.694584, 35.060863>,  <27.444752, 37.509438, 35.358280>, 0.130000
	pigment { color rgbt <1,0,0,0> }
	no_shadow
}

// nucleotide -1

// particle -1
sphere {
	<28.095873, 37.694584, 35.060863> 0.250000
	pigment { color rgbt <1,0,0,0> }
	no_shadow
}
cylinder {
	<27.910946, 37.489906, 34.771191>,  <27.799990, 37.367100, 34.597389>, 0.100000
	pigment { color rgbt <1,0,0,0> }
	no_shadow
}
cylinder {
	<27.910946, 37.489906, 34.771191>,  <28.095873, 37.694584, 35.060863>, 0.100000
	pigment { color rgbt <1,0,0,0> }
	no_shadow
}

// particle -1
sphere {
	<27.910946, 37.489906, 34.771191> 0.100000
	pigment { color rgbt <1,0,0,0> }
	no_shadow
}
sphere {
	0, 1
	scale<0.080000,0.200000,0.300000>
	matrix <0.492354, 0.531097, -0.689582,
		0.737461, -0.675359, 0.006397,
		-0.462318, -0.511690, -0.724179,
		27.772251, 37.336399, 34.553936>
	pigment { color rgbt <0,1,1,0> }
	no_shadow
}
cylinder {
	<28.663773, 37.497295, 34.648376>,  <28.095873, 37.694584, 35.060863>, 0.130000
	pigment { color rgbt <1,0,0,0> }
	no_shadow
}

// nucleotide -1

// particle -1
sphere {
	<28.663773, 37.497295, 34.648376> 0.250000
	pigment { color rgbt <1,0,0,0> }
	no_shadow
}
cylinder {
	<28.325447, 37.525593, 34.436871>,  <28.122452, 37.542572, 34.309967>, 0.100000
	pigment { color rgbt <1,0,0,0> }
	no_shadow
}
cylinder {
	<28.325447, 37.525593, 34.436871>,  <28.663773, 37.497295, 34.648376>, 0.100000
	pigment { color rgbt <1,0,0,0> }
	no_shadow
}

// particle -1
sphere {
	<28.325447, 37.525593, 34.436871> 0.100000
	pigment { color rgbt <1,0,0,0> }
	no_shadow
}
sphere {
	0, 1
	scale<0.080000,0.200000,0.300000>
	matrix <0.428893, 0.679616, -0.595124,
		0.317255, -0.730148, -0.605171,
		-0.845813, 0.070748, -0.528767,
		28.071703, 37.546818, 34.278240>
	pigment { color rgbt <0,1,1,0> }
	no_shadow
}
cylinder {
	<28.807068, 37.458351, 33.809544>,  <28.663773, 37.497295, 34.648376>, 0.130000
	pigment { color rgbt <1,0,0,0> }
	no_shadow
}

// nucleotide -1

// particle -1
sphere {
	<28.807068, 37.458351, 33.809544> 0.250000
	pigment { color rgbt <1,0,0,0> }
	no_shadow
}
cylinder {
	<28.449497, 37.633068, 33.849754>,  <28.234955, 37.737900, 33.873882>, 0.100000
	pigment { color rgbt <1,0,0,0> }
	no_shadow
}
cylinder {
	<28.449497, 37.633068, 33.849754>,  <28.807068, 37.458351, 33.809544>, 0.100000
	pigment { color rgbt <1,0,0,0> }
	no_shadow
}

// particle -1
sphere {
	<28.449497, 37.633068, 33.849754> 0.100000
	pigment { color rgbt <1,0,0,0> }
	no_shadow
}
sphere {
	0, 1
	scale<0.080000,0.200000,0.300000>
	matrix <0.252358, 0.675843, -0.692497,
		-0.370423, -0.593671, -0.714382,
		-0.893925, 0.436797, 0.100530,
		28.181320, 37.764107, 33.879913>
	pigment { color rgbt <0,1,1,0> }
	no_shadow
}
cylinder {
	<28.625624, 37.593285, 33.044922>,  <28.807068, 37.458351, 33.809544>, 0.130000
	pigment { color rgbt <1,0,0,0> }
	no_shadow
}

// nucleotide -1

// particle -1
sphere {
	<28.625624, 37.593285, 33.044922> 0.250000
	pigment { color rgbt <1,0,0,0> }
	no_shadow
}
cylinder {
	<28.397505, 37.830914, 33.271843>,  <28.260633, 37.973492, 33.407997>, 0.100000
	pigment { color rgbt <1,0,0,0> }
	no_shadow
}
cylinder {
	<28.397505, 37.830914, 33.271843>,  <28.625624, 37.593285, 33.044922>, 0.100000
	pigment { color rgbt <1,0,0,0> }
	no_shadow
}

// particle -1
sphere {
	<28.397505, 37.830914, 33.271843> 0.100000
	pigment { color rgbt <1,0,0,0> }
	no_shadow
}
sphere {
	0, 1
	scale<0.080000,0.200000,0.300000>
	matrix <0.365340, 0.801997, -0.472576,
		-0.735723, -0.062249, -0.674416,
		-0.570297, 0.594076, 0.567305,
		28.226416, 38.009136, 33.442036>
	pigment { color rgbt <0,1,1,0> }
	no_shadow
}
cylinder {
	<28.179586, 38.014950, 32.544136>,  <28.625624, 37.593285, 33.044922>, 0.130000
	pigment { color rgbt <1,0,0,0> }
	no_shadow
}

// nucleotide -1

// particle -1
sphere {
	<28.179586, 38.014950, 32.544136> 0.250000
	pigment { color rgbt <1,0,0,0> }
	no_shadow
}
cylinder {
	<28.219154, 38.201588, 32.895706>,  <28.242895, 38.313568, 33.106647>, 0.100000
	pigment { color rgbt <1,0,0,0> }
	no_shadow
}
cylinder {
	<28.219154, 38.201588, 32.895706>,  <28.179586, 38.014950, 32.544136>, 0.100000
	pigment { color rgbt <1,0,0,0> }
	no_shadow
}

// particle -1
sphere {
	<28.219154, 38.201588, 32.895706> 0.100000
	pigment { color rgbt <1,0,0,0> }
	no_shadow
}
sphere {
	0, 1
	scale<0.080000,0.200000,0.300000>
	matrix <0.324765, 0.819755, -0.471730,
		-0.940608, 0.332106, -0.070444,
		0.098918, 0.466591, 0.878924,
		28.248829, 38.341564, 33.159382>
	pigment { color rgbt <0,1,1,0> }
	no_shadow
}
cylinder {
	<27.815113, 38.633991, 32.381866>,  <28.179586, 38.014950, 32.544136>, 0.130000
	pigment { color rgbt <1,0,0,0> }
	no_shadow
}

// nucleotide -1

// particle -1
sphere {
	<27.815113, 38.633991, 32.381866> 0.250000
	pigment { color rgbt <1,0,0,0> }
	no_shadow
}
cylinder {
	<28.050051, 38.705688, 32.697563>,  <28.191013, 38.748707, 32.886982>, 0.100000
	pigment { color rgbt <1,0,0,0> }
	no_shadow
}
cylinder {
	<28.050051, 38.705688, 32.697563>,  <27.815113, 38.633991, 32.381866>, 0.100000
	pigment { color rgbt <1,0,0,0> }
	no_shadow
}

// particle -1
sphere {
	<28.050051, 38.705688, 32.697563> 0.100000
	pigment { color rgbt <1,0,0,0> }
	no_shadow
}
sphere {
	0, 1
	scale<0.080000,0.200000,0.300000>
	matrix <0.261148, 0.881034, -0.394436,
		-0.766049, 0.437778, 0.470659,
		0.587342, 0.179246, 0.789240,
		28.226254, 38.759460, 32.934334>
	pigment { color rgbt <0,1,1,0> }
	no_shadow
}
cylinder {
	<27.667984, 39.361973, 32.517056>,  <27.815113, 38.633991, 32.381866>, 0.130000
	pigment { color rgbt <1,0,0,0> }
	no_shadow
}

// nucleotide -1

// particle -1
sphere {
	<27.667984, 39.361973, 32.517056> 0.250000
	pigment { color rgbt <1,0,0,0> }
	no_shadow
}
cylinder {
	<28.010635, 39.284988, 32.708530>,  <28.216227, 39.238796, 32.823418>, 0.100000
	pigment { color rgbt <1,0,0,0> }
	no_shadow
}
cylinder {
	<28.010635, 39.284988, 32.708530>,  <27.667984, 39.361973, 32.517056>, 0.100000
	pigment { color rgbt <1,0,0,0> }
	no_shadow
}

// particle -1
sphere {
	<28.010635, 39.284988, 32.708530> 0.100000
	pigment { color rgbt <1,0,0,0> }
	no_shadow
}
sphere {
	0, 1
	scale<0.080000,0.200000,0.300000>
	matrix <0.395712, 0.840443, -0.370225,
		-0.331056, 0.506569, 0.796109,
		0.856629, -0.192465, 0.478689,
		28.267624, 39.227249, 32.852139>
	pigment { color rgbt <0,1,1,0> }
	no_shadow
}
cylinder {
	<27.876890, 39.992874, 32.952942>,  <27.667984, 39.361973, 32.517056>, 0.130000
	pigment { color rgbt <1,0,0,0> }
	no_shadow
}

// nucleotide -1

// particle -1
sphere {
	<27.876890, 39.992874, 32.952942> 0.250000
	pigment { color rgbt <1,0,0,0> }
	no_shadow
}
cylinder {
	<28.215385, 39.783146, 32.915062>,  <28.418482, 39.657307, 32.892334>, 0.100000
	pigment { color rgbt <1,0,0,0> }
	no_shadow
}
cylinder {
	<28.215385, 39.783146, 32.915062>,  <27.876890, 39.992874, 32.952942>, 0.100000
	pigment { color rgbt <1,0,0,0> }
	no_shadow
}

// particle -1
sphere {
	<28.215385, 39.783146, 32.915062> 0.100000
	pigment { color rgbt <1,0,0,0> }
	no_shadow
}
sphere {
	0, 1
	scale<0.080000,0.200000,0.300000>
	matrix <0.502656, 0.844578, -0.184456,
		0.176693, 0.108494, 0.978268,
		0.846236, -0.524325, -0.094696,
		28.469255, 39.625847, 32.886654>
	pigment { color rgbt <0,1,1,0> }
	no_shadow
}
cylinder {
	<28.351072, 40.379581, 33.329136>,  <27.876890, 39.992874, 32.952942>, 0.130000
	pigment { color rgbt <1,0,0,0> }
	no_shadow
}

// nucleotide -1

// particle -1
sphere {
	<28.351072, 40.379581, 33.329136> 0.250000
	pigment { color rgbt <1,0,0,0> }
	no_shadow
}
cylinder {
	<28.563889, 40.136627, 33.093166>,  <28.691578, 39.990856, 32.951584>, 0.100000
	pigment { color rgbt <1,0,0,0> }
	no_shadow
}
cylinder {
	<28.563889, 40.136627, 33.093166>,  <28.351072, 40.379581, 33.329136>, 0.100000
	pigment { color rgbt <1,0,0,0> }
	no_shadow
}

// particle -1
sphere {
	<28.563889, 40.136627, 33.093166> 0.100000
	pigment { color rgbt <1,0,0,0> }
	no_shadow
}
sphere {
	0, 1
	scale<0.080000,0.200000,0.300000>
	matrix <0.675763, 0.724393, -0.136379,
		0.510175, -0.326093, 0.795855,
		0.532040, -0.607387, -0.589928,
		28.723501, 39.954411, 32.916187>
	pigment { color rgbt <0,1,1,0> }
	no_shadow
}
cylinder {
	<29.055023, 40.365578, 33.546772>,  <28.351072, 40.379581, 33.329136>, 0.130000
	pigment { color rgbt <1,0,0,0> }
	no_shadow
}

// nucleotide -1

// particle -1
sphere {
	<29.055023, 40.365578, 33.546772> 0.250000
	pigment { color rgbt <1,0,0,0> }
	no_shadow
}
cylinder {
	<29.089672, 40.254768, 33.163994>,  <29.110462, 40.188282, 32.934326>, 0.100000
	pigment { color rgbt <1,0,0,0> }
	no_shadow
}
cylinder {
	<29.089672, 40.254768, 33.163994>,  <29.055023, 40.365578, 33.546772>, 0.100000
	pigment { color rgbt <1,0,0,0> }
	no_shadow
}

// particle -1
sphere {
	<29.089672, 40.254768, 33.163994> 0.100000
	pigment { color rgbt <1,0,0,0> }
	no_shadow
}
sphere {
	0, 1
	scale<0.080000,0.200000,0.300000>
	matrix <0.480106, 0.853267, -0.203553,
		0.872924, -0.441805, 0.206913,
		0.086621, -0.277026, -0.956950,
		29.115658, 40.171661, 32.876907>
	pigment { color rgbt <0,1,1,0> }
	no_shadow
}
cylinder {
	<29.789640, 40.493153, 33.369629>,  <29.055023, 40.365578, 33.546772>, 0.130000
	pigment { color rgbt <1,0,0,0> }
	no_shadow
}

// nucleotide -1

// particle -1
sphere {
	<29.789640, 40.493153, 33.369629> 0.250000
	pigment { color rgbt <1,0,0,0> }
	no_shadow
}
cylinder {
	<29.571325, 40.484875, 33.034561>,  <29.440336, 40.479908, 32.833523>, 0.100000
	pigment { color rgbt <1,0,0,0> }
	no_shadow
}
cylinder {
	<29.571325, 40.484875, 33.034561>,  <29.789640, 40.493153, 33.369629>, 0.100000
	pigment { color rgbt <1,0,0,0> }
	no_shadow
}

// particle -1
sphere {
	<29.571325, 40.484875, 33.034561> 0.100000
	pigment { color rgbt <1,0,0,0> }
	no_shadow
}
sphere {
	0, 1
	scale<0.080000,0.200000,0.300000>
	matrix <0.309208, 0.924165, -0.224296,
		0.778783, -0.381432, -0.498002,
		-0.545790, -0.020692, -0.837666,
		29.407589, 40.478668, 32.783260>
	pigment { color rgbt <0,1,1,0> }
	no_shadow
}
cylinder {
	<30.247387, 40.756332, 32.930622>,  <29.789640, 40.493153, 33.369629>, 0.130000
	pigment { color rgbt <1,0,0,0> }
	no_shadow
}

// nucleotide -1

// particle -1
sphere {
	<30.247387, 40.756332, 32.930622> 0.250000
	pigment { color rgbt <1,0,0,0> }
	no_shadow
}
cylinder {
	<29.878805, 40.800385, 32.781605>,  <29.657656, 40.826817, 32.692196>, 0.100000
	pigment { color rgbt <1,0,0,0> }
	no_shadow
}
cylinder {
	<29.878805, 40.800385, 32.781605>,  <30.247387, 40.756332, 32.930622>, 0.100000
	pigment { color rgbt <1,0,0,0> }
	no_shadow
}

// particle -1
sphere {
	<29.878805, 40.800385, 32.781605> 0.100000
	pigment { color rgbt <1,0,0,0> }
	no_shadow
}
sphere {
	0, 1
	scale<0.080000,0.200000,0.300000>
	matrix <0.221546, 0.936722, -0.271053,
		0.319118, -0.332299, -0.887548,
		-0.921456, 0.110134, -0.372544,
		29.602367, 40.833424, 32.669842>
	pigment { color rgbt <0,1,1,0> }
	no_shadow
}
cylinder {
	<30.278204, 41.057545, 32.162186>,  <30.247387, 40.756332, 32.930622>, 0.130000
	pigment { color rgbt <1,0,0,0> }
	no_shadow
}

// nucleotide -1

// particle -1
sphere {
	<30.278204, 41.057545, 32.162186> 0.250000
	pigment { color rgbt <1,0,0,0> }
	no_shadow
}
cylinder {
	<29.928864, 41.167213, 32.323227>,  <29.719259, 41.233013, 32.419849>, 0.100000
	pigment { color rgbt <1,0,0,0> }
	no_shadow
}
cylinder {
	<29.928864, 41.167213, 32.323227>,  <30.278204, 41.057545, 32.162186>, 0.100000
	pigment { color rgbt <1,0,0,0> }
	no_shadow
}

// particle -1
sphere {
	<29.928864, 41.167213, 32.323227> 0.100000
	pigment { color rgbt <1,0,0,0> }
	no_shadow
}
sphere {
	0, 1
	scale<0.080000,0.200000,0.300000>
	matrix <0.129024, 0.927233, -0.351556,
		-0.469690, -0.255087, -0.845176,
		-0.873352, 0.274170, 0.402600,
		29.666859, 41.249466, 32.444008>
	pigment { color rgbt <0,1,1,0> }
	no_shadow
}
cylinder {
	<30.041773, 41.553810, 31.796679>,  <30.278204, 41.057545, 32.162186>, 0.130000
	pigment { color rgbt <1,0,0,0> }
	no_shadow
}

// nucleotide -1

// particle -1
sphere {
	<30.041773, 41.553810, 31.796679> 0.250000
	pigment { color rgbt <1,0,0,0> }
	no_shadow
}
cylinder {
	<29.838900, 41.620384, 32.134926>,  <29.717176, 41.660328, 32.337875>, 0.100000
	pigment { color rgbt <1,0,0,0> }
	no_shadow
}
cylinder {
	<29.838900, 41.620384, 32.134926>,  <30.041773, 41.553810, 31.796679>, 0.100000
	pigment { color rgbt <1,0,0,0> }
	no_shadow
}

// particle -1
sphere {
	<29.838900, 41.620384, 32.134926> 0.100000
	pigment { color rgbt <1,0,0,0> }
	no_shadow
}
sphere {
	0, 1
	scale<0.080000,0.200000,0.300000>
	matrix <0.143867, 0.983759, -0.107332,
		-0.849746, 0.067219, -0.522889,
		-0.507183, 0.166431, 0.845616,
		29.686745, 41.670315, 32.388611>
	pigment { color rgbt <0,1,1,0> }
	no_shadow
}
cylinder {
	<29.417517, 41.932323, 31.838701>,  <30.041773, 41.553810, 31.796679>, 0.130000
	pigment { color rgbt <1,0,0,0> }
	no_shadow
}

// nucleotide -1

// particle -1
sphere {
	<29.417517, 41.932323, 31.838701> 0.250000
	pigment { color rgbt <1,0,0,0> }
	no_shadow
}
cylinder {
	<29.644278, 42.045864, 32.148037>,  <29.780334, 42.113987, 32.333637>, 0.100000
	pigment { color rgbt <1,0,0,0> }
	no_shadow
}
cylinder {
	<29.644278, 42.045864, 32.148037>,  <29.417517, 41.932323, 31.838701>, 0.100000
	pigment { color rgbt <1,0,0,0> }
	no_shadow
}

// particle -1
sphere {
	<29.644278, 42.045864, 32.148037> 0.100000
	pigment { color rgbt <1,0,0,0> }
	no_shadow
}
sphere {
	0, 1
	scale<0.080000,0.200000,0.300000>
	matrix <-0.261880, 0.952160, -0.157515,
		-0.781051, -0.113226, 0.614116,
		0.566902, 0.283852, 0.773337,
		29.814348, 42.131020, 32.380039>
	pigment { color rgbt <0,1,1,0> }
	no_shadow
}
cylinder {
	<29.114065, 42.294487, 32.499660>,  <29.417517, 41.932323, 31.838701>, 0.130000
	pigment { color rgbt <1,0,0,0> }
	no_shadow
}

// nucleotide -1

// particle -1
sphere {
	<29.114065, 42.294487, 32.499660> 0.250000
	pigment { color rgbt <1,0,0,0> }
	no_shadow
}
cylinder {
	<29.473354, 42.416996, 32.373554>,  <29.688929, 42.490501, 32.297890>, 0.100000
	pigment { color rgbt <1,0,0,0> }
	no_shadow
}
cylinder {
	<29.473354, 42.416996, 32.373554>,  <29.114065, 42.294487, 32.499660>, 0.100000
	pigment { color rgbt <1,0,0,0> }
	no_shadow
}

// particle -1
sphere {
	<29.473354, 42.416996, 32.373554> 0.100000
	pigment { color rgbt <1,0,0,0> }
	no_shadow
}
sphere {
	0, 1
	scale<0.080000,0.200000,0.300000>
	matrix <-0.407772, 0.848368, -0.337630,
		0.164054, 0.431824, 0.886913,
		0.898225, 0.306269, -0.315264,
		29.742823, 42.508877, 32.278976>
	pigment { color rgbt <0,1,1,0> }
	no_shadow
}
cylinder {
	<28.664179, 42.696571, 33.003395>,  <29.114065, 42.294487, 32.499660>, 0.130000
	pigment { color rgbt <1,0,0,0> }
	no_shadow
}

// nucleotide -1

// particle -1
sphere {
	<28.664179, 42.696571, 33.003395> 0.250000
	pigment { color rgbt <1,0,0,0> }
	no_shadow
}
cylinder {
	<28.313490, 42.761044, 32.822121>,  <28.103077, 42.799728, 32.713356>, 0.100000
	pigment { color rgbt <1,0,0,0> }
	no_shadow
}
cylinder {
	<28.313490, 42.761044, 32.822121>,  <28.664179, 42.696571, 33.003395>, 0.100000
	pigment { color rgbt <1,0,0,0> }
	no_shadow
}

// particle -1
sphere {
	<28.313490, 42.761044, 32.822121> 0.100000
	pigment { color rgbt <1,0,0,0> }
	no_shadow
}
sphere {
	0, 1
	scale<0.080000,0.200000,0.300000>
	matrix <-0.436824, 0.127606, 0.890450,
		0.201356, 0.978640, -0.041466,
		-0.876722, 0.161185, -0.453187,
		28.050474, 42.809399, 32.686165>
	pigment { color rgbt <0,1,1,0> }
	no_shadow
}
cylinder {
	<28.488535, 43.186390, 33.379528>,  <28.664179, 42.696571, 33.003395>, 0.130000
	pigment { color rgbt <1,0,0,0> }
	no_shadow
}

// nucleotide -1

// particle -1
sphere {
	<28.488535, 43.186390, 33.379528> 0.250000
	pigment { color rgbt <1,0,0,0> }
	no_shadow
}
cylinder {
	<28.170364, 43.018318, 33.204830>,  <27.979462, 42.917473, 33.100010>, 0.100000
	pigment { color rgbt <1,0,0,0> }
	no_shadow
}
cylinder {
	<28.170364, 43.018318, 33.204830>,  <28.488535, 43.186390, 33.379528>, 0.100000
	pigment { color rgbt <1,0,0,0> }
	no_shadow
}

// particle -1
sphere {
	<28.170364, 43.018318, 33.204830> 0.100000
	pigment { color rgbt <1,0,0,0> }
	no_shadow
}
sphere {
	0, 1
	scale<0.080000,0.200000,0.300000>
	matrix <-0.443446, -0.087697, 0.892001,
		-0.413106, 0.903191, -0.116573,
		-0.795424, -0.420184, -0.436744,
		27.931738, 42.892262, 33.073807>
	pigment { color rgbt <0,1,1,0> }
	no_shadow
}
cylinder {
	<28.384436, 43.888355, 32.999374>,  <28.488535, 43.186390, 33.379528>, 0.130000
	pigment { color rgbt <1,0,0,0> }
	no_shadow
}

// nucleotide -1

// particle -1
sphere {
	<28.384436, 43.888355, 32.999374> 0.250000
	pigment { color rgbt <1,0,0,0> }
	no_shadow
}
cylinder {
	<28.777328, 43.814529, 32.985775>,  <29.013063, 43.770233, 32.977615>, 0.100000
	pigment { color rgbt <1,0,0,0> }
	no_shadow
}
cylinder {
	<28.777328, 43.814529, 32.985775>,  <28.384436, 43.888355, 32.999374>, 0.100000
	pigment { color rgbt <1,0,0,0> }
	no_shadow
}

// particle -1
sphere {
	<28.777328, 43.814529, 32.985775> 0.100000
	pigment { color rgbt <1,0,0,0> }
	no_shadow
}
sphere {
	0, 1
	scale<0.080000,0.200000,0.300000>
	matrix <0.181205, 0.979844, -0.084082,
		0.048832, 0.076428, 0.995879,
		0.982232, -0.184564, -0.033999,
		29.071999, 43.759159, 32.975574>
	pigment { color rgbt <0,1,1,0> }
	no_shadow
}
cylinder {
	<28.811632, 44.449047, 33.265278>,  <28.384436, 43.888355, 32.999374>, 0.130000
	pigment { color rgbt <1,0,0,0> }
	no_shadow
}

// nucleotide -1

// particle -1
sphere {
	<28.811632, 44.449047, 33.265278> 0.250000
	pigment { color rgbt <1,0,0,0> }
	no_shadow
}
cylinder {
	<29.102036, 44.318119, 33.023361>,  <29.276278, 44.239563, 32.878212>, 0.100000
	pigment { color rgbt <1,0,0,0> }
	no_shadow
}
cylinder {
	<29.102036, 44.318119, 33.023361>,  <28.811632, 44.449047, 33.265278>, 0.100000
	pigment { color rgbt <1,0,0,0> }
	no_shadow
}

// particle -1
sphere {
	<29.102036, 44.318119, 33.023361> 0.100000
	pigment { color rgbt <1,0,0,0> }
	no_shadow
}
sphere {
	0, 1
	scale<0.080000,0.200000,0.300000>
	matrix <0.353509, 0.932000, -0.080041,
		0.589867, -0.155690, 0.792349,
		0.726009, -0.327316, -0.604794,
		29.319838, 44.219925, 32.841923>
	pigment { color rgbt <0,1,1,0> }
	no_shadow
}
cylinder {
	<29.455894, 44.707268, 33.518620>,  <28.811632, 44.449047, 33.265278>, 0.130000
	pigment { color rgbt <1,0,0,0> }
	no_shadow
}

// nucleotide -1

// particle -1
sphere {
	<29.455894, 44.707268, 33.518620> 0.250000
	pigment { color rgbt <1,0,0,0> }
	no_shadow
}
cylinder {
	<29.512390, 44.611542, 33.134373>,  <29.546288, 44.554108, 32.903824>, 0.100000
	pigment { color rgbt <1,0,0,0> }
	no_shadow
}
cylinder {
	<29.512390, 44.611542, 33.134373>,  <29.455894, 44.707268, 33.518620>, 0.100000
	pigment { color rgbt <1,0,0,0> }
	no_shadow
}

// particle -1
sphere {
	<29.512390, 44.611542, 33.134373> 0.100000
	pigment { color rgbt <1,0,0,0> }
	no_shadow
}
sphere {
	0, 1
	scale<0.080000,0.200000,0.300000>
	matrix <0.595929, 0.795394, -0.110530,
		0.790518, -0.556847, 0.254955,
		0.141241, -0.239311, -0.960615,
		29.554762, 44.539749, 32.846188>
	pigment { color rgbt <0,1,1,0> }
	no_shadow
}
cylinder {
	<29.169296, 44.963905, 34.242310>,  <29.455894, 44.707268, 33.518620>, 0.130000
	pigment { color rgbt <1,0,0,0> }
	no_shadow
}

// nucleotide -1

// particle -1
sphere {
	<29.169296, 44.963905, 34.242310> 0.250000
	pigment { color rgbt <1,0,0,0> }
	no_shadow
}
cylinder {
	<28.986362, 44.608330, 34.232212>,  <28.876602, 44.394985, 34.226154>, 0.100000
	pigment { color rgbt <1,0,0,0> }
	no_shadow
}
cylinder {
	<28.986362, 44.608330, 34.232212>,  <29.169296, 44.963905, 34.242310>, 0.100000
	pigment { color rgbt <1,0,0,0> }
	no_shadow
}

// particle -1
sphere {
	<28.986362, 44.608330, 34.232212> 0.100000
	pigment { color rgbt <1,0,0,0> }
	no_shadow
}
sphere {
	0, 1
	scale<0.080000,0.200000,0.300000>
	matrix <0.820328, -0.410737, -0.397941,
		0.343376, -0.202699, 0.917064,
		-0.457334, -0.888937, -0.025243,
		28.849163, 44.341648, 34.224640>
	pigment { color rgbt <0,1,1,0> }
	no_shadow
}
cylinder {
	<28.949741, 45.548862, 34.583530>,  <29.169296, 44.963905, 34.242310>, 0.130000
	pigment { color rgbt <1,0,0,0> }
	no_shadow
}

// nucleotide -1

// particle -1
sphere {
	<28.949741, 45.548862, 34.583530> 0.250000
	pigment { color rgbt <1,0,0,0> }
	no_shadow
}
cylinder {
	<28.799810, 45.557018, 34.954277>,  <28.709852, 45.561913, 35.176727>, 0.100000
	pigment { color rgbt <1,0,0,0> }
	no_shadow
}
cylinder {
	<28.799810, 45.557018, 34.954277>,  <28.949741, 45.548862, 34.583530>, 0.100000
	pigment { color rgbt <1,0,0,0> }
	no_shadow
}

// particle -1
sphere {
	<28.799810, 45.557018, 34.954277> 0.100000
	pigment { color rgbt <1,0,0,0> }
	no_shadow
}
sphere {
	0, 1
	scale<0.080000,0.200000,0.300000>
	matrix <0.155144, -0.984281, 0.084390,
		0.914021, 0.175430, 0.365773,
		-0.374828, 0.020387, 0.926870,
		28.687363, 45.563133, 35.232338>
	pigment { color rgbt <0,1,1,0> }
	no_shadow
}
cylinder {
	<29.418886, 45.158134, 35.067169>,  <28.949741, 45.548862, 34.583530>, 0.130000
	pigment { color rgbt <1,0,0,0> }
	no_shadow
}

// nucleotide -1

// particle -1
sphere {
	<29.418886, 45.158134, 35.067169> 0.250000
	pigment { color rgbt <1,0,0,0> }
	no_shadow
}
cylinder {
	<29.058992, 45.147694, 35.241432>,  <28.843056, 45.141430, 35.345989>, 0.100000
	pigment { color rgbt <1,0,0,0> }
	no_shadow
}
cylinder {
	<29.058992, 45.147694, 35.241432>,  <29.418886, 45.158134, 35.067169>, 0.100000
	pigment { color rgbt <1,0,0,0> }
	no_shadow
}

// particle -1
sphere {
	<29.058992, 45.147694, 35.241432> 0.100000
	pigment { color rgbt <1,0,0,0> }
	no_shadow
}
sphere {
	0, 1
	scale<0.080000,0.200000,0.300000>
	matrix <0.155728, -0.951704, 0.264591,
		0.407710, 0.305905, 0.860346,
		-0.899734, -0.026104, 0.435657,
		28.789072, 45.139862, 35.372128>
	pigment { color rgbt <0,1,1,0> }
	no_shadow
}
cylinder {
	<29.487965, 44.549019, 35.415623>,  <29.418886, 45.158134, 35.067169>, 0.130000
	pigment { color rgbt <1,0,0,0> }
	no_shadow
}

// nucleotide -1

// particle -1
sphere {
	<29.487965, 44.549019, 35.415623> 0.250000
	pigment { color rgbt <1,0,0,0> }
	no_shadow
}
cylinder {
	<29.091116, 44.596077, 35.432838>,  <28.853006, 44.624310, 35.443169>, 0.100000
	pigment { color rgbt <1,0,0,0> }
	no_shadow
}
cylinder {
	<29.091116, 44.596077, 35.432838>,  <29.487965, 44.549019, 35.415623>, 0.100000
	pigment { color rgbt <1,0,0,0> }
	no_shadow
}

// particle -1
sphere {
	<29.091116, 44.596077, 35.432838> 0.100000
	pigment { color rgbt <1,0,0,0> }
	no_shadow
}
sphere {
	0, 1
	scale<0.080000,0.200000,0.300000>
	matrix <-0.092594, -0.920115, 0.380544,
		0.084368, 0.373561, 0.923761,
		-0.992123, 0.117641, 0.043039,
		28.793480, 44.631371, 35.445751>
	pigment { color rgbt <0,1,1,0> }
	no_shadow
}
cylinder {
	<29.267569, 44.417049, 36.152775>,  <29.487965, 44.549019, 35.415623>, 0.130000
	pigment { color rgbt <1,0,0,0> }
	no_shadow
}

// nucleotide -1

// particle -1
sphere {
	<29.267569, 44.417049, 36.152775> 0.250000
	pigment { color rgbt <1,0,0,0> }
	no_shadow
}
cylinder {
	<28.970890, 44.361526, 35.890289>,  <28.792883, 44.328213, 35.732796>, 0.100000
	pigment { color rgbt <1,0,0,0> }
	no_shadow
}
cylinder {
	<28.970890, 44.361526, 35.890289>,  <29.267569, 44.417049, 36.152775>, 0.100000
	pigment { color rgbt <1,0,0,0> }
	no_shadow
}

// particle -1
sphere {
	<28.970890, 44.361526, 35.890289> 0.100000
	pigment { color rgbt <1,0,0,0> }
	no_shadow
}
sphere {
	0, 1
	scale<0.080000,0.200000,0.300000>
	matrix <-0.146798, -0.921041, 0.360742,
		-0.654474, 0.363893, 0.662757,
		-0.741697, -0.138805, -0.656215,
		28.748381, 44.319885, 35.693424>
	pigment { color rgbt <0,1,1,0> }
	no_shadow
}
cylinder {
	<28.946972, 44.026428, 36.548653>,  <29.267569, 44.417049, 36.152775>, 0.130000
	pigment { color rgbt <1,0,0,0> }
	no_shadow
}

// nucleotide -1

// particle -1
sphere {
	<28.946972, 44.026428, 36.548653> 0.250000
	pigment { color rgbt <1,0,0,0> }
	no_shadow
}
cylinder {
	<28.778048, 43.944942, 36.195347>,  <28.676693, 43.896049, 35.983364>, 0.100000
	pigment { color rgbt <1,0,0,0> }
	no_shadow
}
cylinder {
	<28.778048, 43.944942, 36.195347>,  <28.946972, 44.026428, 36.548653>, 0.100000
	pigment { color rgbt <1,0,0,0> }
	no_shadow
}

// particle -1
sphere {
	<28.778048, 43.944942, 36.195347> 0.100000
	pigment { color rgbt <1,0,0,0> }
	no_shadow
}
sphere {
	0, 1
	scale<0.080000,0.200000,0.300000>
	matrix <-0.260819, -0.905902, 0.333640,
		-0.868118, 0.371271, 0.329438,
		-0.422309, -0.203715, -0.883264,
		28.651356, 43.883827, 35.930367>
	pigment { color rgbt <0,1,1,0> }
	no_shadow
}
cylinder {
	<28.388554, 43.511654, 36.678802>,  <28.946972, 44.026428, 36.548653>, 0.130000
	pigment { color rgbt <1,0,0,0> }
	no_shadow
}

// nucleotide -1

// particle -1
sphere {
	<28.388554, 43.511654, 36.678802> 0.250000
	pigment { color rgbt <1,0,0,0> }
	no_shadow
}
cylinder {
	<28.474428, 43.472687, 36.290077>,  <28.525953, 43.449306, 36.056843>, 0.100000
	pigment { color rgbt <1,0,0,0> }
	no_shadow
}
cylinder {
	<28.474428, 43.472687, 36.290077>,  <28.388554, 43.511654, 36.678802>, 0.100000
	pigment { color rgbt <1,0,0,0> }
	no_shadow
}

// particle -1
sphere {
	<28.474428, 43.472687, 36.290077> 0.100000
	pigment { color rgbt <1,0,0,0> }
	no_shadow
}
sphere {
	0, 1
	scale<0.080000,0.200000,0.300000>
	matrix <-0.160562, -0.984996, 0.063271,
		-0.963394, 0.142453, -0.227107,
		0.214686, -0.097419, -0.971812,
		28.538834, 43.443462, 35.998535>
	pigment { color rgbt <0,1,1,0> }
	no_shadow
}
cylinder {
	<27.917809, 43.050915, 36.418983>,  <28.388554, 43.511654, 36.678802>, 0.130000
	pigment { color rgbt <1,0,0,0> }
	no_shadow
}

// nucleotide -1

// particle -1
sphere {
	<27.917809, 43.050915, 36.418983> 0.250000
	pigment { color rgbt <1,0,0,0> }
	no_shadow
}
cylinder {
	<28.217695, 43.036156, 36.154690>,  <28.397627, 43.027302, 35.996113>, 0.100000
	pigment { color rgbt <1,0,0,0> }
	no_shadow
}
cylinder {
	<28.217695, 43.036156, 36.154690>,  <27.917809, 43.050915, 36.418983>, 0.100000
	pigment { color rgbt <1,0,0,0> }
	no_shadow
}

// particle -1
sphere {
	<28.217695, 43.036156, 36.154690> 0.100000
	pigment { color rgbt <1,0,0,0> }
	no_shadow
}
sphere {
	0, 1
	scale<0.080000,0.200000,0.300000>
	matrix <-0.080686, -0.996092, -0.035933,
		-0.656821, 0.080251, -0.749763,
		0.749717, -0.036894, -0.660730,
		28.442610, 43.025089, 35.956470>
	pigment { color rgbt <0,1,1,0> }
	no_shadow
}
cylinder {
	<27.686750, 42.545704, 35.948639>,  <27.917809, 43.050915, 36.418983>, 0.130000
	pigment { color rgbt <1,0,0,0> }
	no_shadow
}

// nucleotide -1

// particle -1
sphere {
	<27.686750, 42.545704, 35.948639> 0.250000
	pigment { color rgbt <1,0,0,0> }
	no_shadow
}
cylinder {
	<28.082041, 42.596355, 35.914288>,  <28.319216, 42.626747, 35.893677>, 0.100000
	pigment { color rgbt <1,0,0,0> }
	no_shadow
}
cylinder {
	<28.082041, 42.596355, 35.914288>,  <27.686750, 42.545704, 35.948639>, 0.100000
	pigment { color rgbt <1,0,0,0> }
	no_shadow
}

// particle -1
sphere {
	<28.082041, 42.596355, 35.914288> 0.100000
	pigment { color rgbt <1,0,0,0> }
	no_shadow
}
sphere {
	0, 1
	scale<0.080000,0.200000,0.300000>
	matrix <0.140126, -0.974431, 0.175641,
		-0.061444, -0.185607, -0.980701,
		0.988225, 0.126630, -0.085881,
		28.378508, 42.634346, 35.888523>
	pigment { color rgbt <0,1,1,0> }
	no_shadow
}
cylinder {
	<28.015837, 42.112087, 35.377945>,  <27.686750, 42.545704, 35.948639>, 0.130000
	pigment { color rgbt <1,0,0,0> }
	no_shadow
}

// nucleotide -1

// particle -1
sphere {
	<28.015837, 42.112087, 35.377945> 0.250000
	pigment { color rgbt <1,0,0,0> }
	no_shadow
}
cylinder {
	<28.302774, 42.158585, 35.652725>,  <28.474937, 42.186481, 35.817593>, 0.100000
	pigment { color rgbt <1,0,0,0> }
	no_shadow
}
cylinder {
	<28.302774, 42.158585, 35.652725>,  <28.015837, 42.112087, 35.377945>, 0.100000
	pigment { color rgbt <1,0,0,0> }
	no_shadow
}

// particle -1
sphere {
	<28.302774, 42.158585, 35.652725> 0.100000
	pigment { color rgbt <1,0,0,0> }
	no_shadow
}
sphere {
	0, 1
	scale<0.080000,0.200000,0.300000>
	matrix <0.224802, -0.971866, -0.070297,
