// switches for output
#declare DRAW_BASES = 1; // possible values are 0, 1; only relevant for DNA ribbons
#declare DRAW_BASES_TYPE = 3; // possible values are 1, 2, 3; only relevant for DNA ribbons
#declare DRAW_FOG = 0; // set to 1 to enable fog

#include "colors.inc"

#include "transforms.inc"
background { rgb <1, 1, 1>}

#default {
   normal{
       ripples 0.25
       frequency 0.20
       turbulence 0.2
       lambda 5
   }
	finish {
		phong 0.1
		phong_size 40.
	}
}

// original window dimensions: 1024x640


// camera settings

camera {
	sky <0, 0.179814, -0.983701>
	up <0, 0.179814, -0.983701>
	right 1.6 * <1, 0, 0>
	location <35, 94.9851, 44.8844>
	look_at <35, 29.7336, 32.9568>
	direction <0, -65.2515, -11.9276>
	angle 67.0682
}


# declare cpy_camera_pos = <35, 94.9851, 44.8844>;
# if (DRAW_FOG = 1)
fog {
	fog_type 2
	up vnormalize(cpy_camera_pos)
	color rgbt<1,1,1,0.3>
	distance 1e-5
	fog_alt 3e-3
	fog_offset 56
}
# end


// LIGHTS

# declare lum = 6;
global_settings {
	ambient_light rgb lum * <0.05, 0.05, 0.05>
	max_trace_level 15
}# declare cpy_direct_light_amount = 0.25;
light_source
{	1000 * <-1, -1.16352, -0.803886>,
	rgb lum * cpy_direct_light_amount
	parallel
}

light_source
{	1000 * <1, 1.16352, 0.803886>,
	rgb lum * cpy_direct_light_amount
	parallel
}

// strand 0

// nucleotide -1

// particle -1
sphere {
	<24.200562, 34.799809, 35.124565> 0.250000
	pigment { color rgbt <1,0,0,0> }
	no_shadow
}
cylinder {
	<24.449371, 35.111450, 35.093376>,  <24.598658, 35.298435, 35.074665>, 0.100000
	pigment { color rgbt <1,0,0,0> }
	no_shadow
}
cylinder {
	<24.449371, 35.111450, 35.093376>,  <24.200562, 34.799809, 35.124565>, 0.100000
	pigment { color rgbt <1,0,0,0> }
	no_shadow
}

// particle -1
sphere {
	<24.449371, 35.111450, 35.093376> 0.100000
	pigment { color rgbt <1,0,0,0> }
	no_shadow
}
sphere {
	0, 1
	scale<0.080000,0.200000,0.300000>
	matrix <0.684460, -0.492678, 0.537386,
		0.380267, -0.387634, -0.839724,
		0.622023, 0.779107, -0.077971,
		24.635979, 35.345184, 35.069984>
	pigment { color rgbt <0,1,1,0> }
	no_shadow
}
cylinder {
	<24.846869, 34.622295, 34.840645>,  <24.200562, 34.799809, 35.124565>, 0.130000
	pigment { color rgbt <1,0,0,0> }
	no_shadow
}

// nucleotide -1

// particle -1
sphere {
	<24.846869, 34.622295, 34.840645> 0.250000
	pigment { color rgbt <1,0,0,0> }
	no_shadow
}
cylinder {
	<24.905033, 34.932003, 35.087013>,  <24.939932, 35.117828, 35.234833>, 0.100000
	pigment { color rgbt <1,0,0,0> }
	no_shadow
}
cylinder {
	<24.905033, 34.932003, 35.087013>,  <24.846869, 34.622295, 34.840645>, 0.100000
	pigment { color rgbt <1,0,0,0> }
	no_shadow
}

// particle -1
sphere {
	<24.905033, 34.932003, 35.087013> 0.100000
	pigment { color rgbt <1,0,0,0> }
	no_shadow
}
sphere {
	0, 1
	scale<0.080000,0.200000,0.300000>
	matrix <0.557407, -0.578447, 0.595564,
		0.817406, 0.256717, -0.515697,
		0.145412, 0.774271, 0.615922,
		24.948656, 35.164284, 35.271790>
	pigment { color rgbt <0,1,1,0> }
	no_shadow
}
cylinder {
	<25.175671, 34.402634, 34.222221>,  <24.846869, 34.622295, 34.840645>, 0.130000
	pigment { color rgbt <1,0,0,0> }
	no_shadow
}

// nucleotide -1

// particle -1
sphere {
	<25.175671, 34.402634, 34.222221> 0.250000
	pigment { color rgbt <1,0,0,0> }
	no_shadow
}
cylinder {
	<25.396761, 34.241150, 34.513844>,  <25.529415, 34.144260, 34.688816>, 0.100000
	pigment { color rgbt <1,0,0,0> }
	no_shadow
}
cylinder {
	<25.396761, 34.241150, 34.513844>,  <25.175671, 34.402634, 34.222221>, 0.100000
	pigment { color rgbt <1,0,0,0> }
	no_shadow
}

// particle -1
sphere {
	<25.396761, 34.241150, 34.513844> 0.100000
	pigment { color rgbt <1,0,0,0> }
	no_shadow
}
sphere {
	0, 1
	scale<0.080000,0.200000,0.300000>
	matrix <0.613720, -0.394642, -0.683817,
		0.563775, 0.825397, 0.029634,
		0.552726, -0.403705, 0.729052,
		25.562578, 34.120037, 34.732559>
	pigment { color rgbt <0,1,1,0> }
	no_shadow
}
cylinder {
	<25.757311, 34.600399, 34.056892>,  <25.175671, 34.402634, 34.222221>, 0.130000
	pigment { color rgbt <1,0,0,0> }
	no_shadow
}

// nucleotide -1

// particle -1
sphere {
	<25.757311, 34.600399, 34.056892> 0.250000
	pigment { color rgbt <1,0,0,0> }
	no_shadow
}
cylinder {
	<25.809830, 34.278217, 34.288067>,  <25.841341, 34.084908, 34.426769>, 0.100000
	pigment { color rgbt <1,0,0,0> }
	no_shadow
}
cylinder {
	<25.809830, 34.278217, 34.288067>,  <25.757311, 34.600399, 34.056892>, 0.100000
	pigment { color rgbt <1,0,0,0> }
	no_shadow
}

// particle -1
sphere {
	<25.809830, 34.278217, 34.288067> 0.100000
	pigment { color rgbt <1,0,0,0> }
	no_shadow
}
sphere {
	0, 1
	scale<0.080000,0.200000,0.300000>
	matrix <0.485963, -0.455833, -0.745691,
		0.864060, 0.378762, 0.331570,
		0.131299, -0.805453, 0.577932,
		25.849220, 34.036583, 34.461445>
	pigment { color rgbt <0,1,1,0> }
	no_shadow
}
cylinder {
	<26.606236, 34.612434, 33.898792>,  <25.757311, 34.600399, 34.056892>, 0.130000
	pigment { color rgbt <1,0,0,0> }
	no_shadow
}

// nucleotide -1

// particle -1
sphere {
	<26.606236, 34.612434, 33.898792> 0.250000
	pigment { color rgbt <1,0,0,0> }
	no_shadow
}
cylinder {
	<26.914356, 34.726334, 34.127022>,  <27.099228, 34.794674, 34.263958>, 0.100000
	pigment { color rgbt <1,0,0,0> }
	no_shadow
}
cylinder {
	<26.914356, 34.726334, 34.127022>,  <26.606236, 34.612434, 33.898792>, 0.100000
	pigment { color rgbt <1,0,0,0> }
	no_shadow
}

// particle -1
sphere {
	<26.914356, 34.726334, 34.127022> 0.100000
	pigment { color rgbt <1,0,0,0> }
	no_shadow
}
sphere {
	0, 1
	scale<0.080000,0.200000,0.300000>
	matrix <0.250166, 0.688091, -0.681138,
		-0.586560, 0.667419, 0.458802,
		0.770302, 0.284751, 0.570572,
		27.145447, 34.811760, 34.298195>
	pigment { color rgbt <0,1,1,0> }
	no_shadow
}
cylinder {
	<26.824516, 35.263927, 33.695110>,  <26.606236, 34.612434, 33.898792>, 0.130000
	pigment { color rgbt <1,0,0,0> }
	no_shadow
}

// nucleotide -1

// particle -1
sphere {
	<26.824516, 35.263927, 33.695110> 0.250000
	pigment { color rgbt <1,0,0,0> }
	no_shadow
}
cylinder {
	<27.155703, 35.138401, 33.881008>,  <27.354414, 35.063087, 33.992546>, 0.100000
	pigment { color rgbt <1,0,0,0> }
	no_shadow
}
cylinder {
	<27.155703, 35.138401, 33.881008>,  <26.824516, 35.263927, 33.695110>, 0.100000
	pigment { color rgbt <1,0,0,0> }
	no_shadow
}

// particle -1
sphere {
	<27.155703, 35.138401, 33.881008> 0.100000
	pigment { color rgbt <1,0,0,0> }
	no_shadow
}
sphere {
	0, 1
	scale<0.080000,0.200000,0.300000>
	matrix <0.548796, 0.623827, -0.556474,
		-0.115295, 0.715795, 0.688727,
		0.827968, -0.313812, 0.464749,
		27.404093, 35.044258, 34.020432>
	pigment { color rgbt <0,1,1,0> }
	no_shadow
}
cylinder {
	<27.224760, 35.858475, 33.800201>,  <26.824516, 35.263927, 33.695110>, 0.130000
	pigment { color rgbt <1,0,0,0> }
	no_shadow
}

// nucleotide -1

// particle -1
sphere {
	<27.224760, 35.858475, 33.800201> 0.250000
	pigment { color rgbt <1,0,0,0> }
	no_shadow
}
cylinder {
	<27.486883, 35.557095, 33.821701>,  <27.644157, 35.376266, 33.834599>, 0.100000
	pigment { color rgbt <1,0,0,0> }
	no_shadow
}
cylinder {
	<27.486883, 35.557095, 33.821701>,  <27.224760, 35.858475, 33.800201>, 0.100000
	pigment { color rgbt <1,0,0,0> }
	no_shadow
}

// particle -1
sphere {
	<27.486883, 35.557095, 33.821701> 0.100000
	pigment { color rgbt <1,0,0,0> }
	no_shadow
}
sphere {
	0, 1
	scale<0.080000,0.200000,0.300000>
	matrix <0.584364, 0.460591, -0.668113,
		0.478632, 0.469228, 0.742116,
		0.655310, -0.753446, 0.053746,
		27.683475, 35.331062, 33.837826>
	pigment { color rgbt <0,1,1,0> }
	no_shadow
}
cylinder {
	<27.879406, 36.040276, 34.132416>,  <27.224760, 35.858475, 33.800201>, 0.130000
	pigment { color rgbt <1,0,0,0> }
	no_shadow
}

// nucleotide -1

// particle -1
sphere {
	<27.879406, 36.040276, 34.132416> 0.250000
	pigment { color rgbt <1,0,0,0> }
	no_shadow
}
cylinder {
	<27.936726, 35.729805, 33.886810>,  <27.971117, 35.543522, 33.739449>, 0.100000
	pigment { color rgbt <1,0,0,0> }
	no_shadow
}
cylinder {
	<27.936726, 35.729805, 33.886810>,  <27.879406, 36.040276, 34.132416>, 0.100000
	pigment { color rgbt <1,0,0,0> }
	no_shadow
}

// particle -1
sphere {
	<27.936726, 35.729805, 33.886810> 0.100000
	pigment { color rgbt <1,0,0,0> }
	no_shadow
}
sphere {
	0, 1
	scale<0.080000,0.200000,0.300000>
	matrix <0.440972, 0.605499, -0.662506,
		0.886008, -0.175826, 0.429040,
		0.143298, -0.776180, -0.614011,
		27.979715, 35.496952, 33.702606>
	pigment { color rgbt <0,1,1,0> }
	no_shadow
}
cylinder {
	<28.551233, 36.070793, 34.004585>,  <27.879406, 36.040276, 34.132416>, 0.130000
	pigment { color rgbt <1,0,0,0> }
	no_shadow
}

// nucleotide -1

// particle -1
sphere {
	<28.551233, 36.070793, 34.004585> 0.250000
	pigment { color rgbt <1,0,0,0> }
	no_shadow
}
cylinder {
	<28.435583, 35.827084, 33.709236>,  <28.366194, 35.680859, 33.532028>, 0.100000
	pigment { color rgbt <1,0,0,0> }
	no_shadow
}
cylinder {
	<28.435583, 35.827084, 33.709236>,  <28.551233, 36.070793, 34.004585>, 0.100000
	pigment { color rgbt <1,0,0,0> }
	no_shadow
}

// particle -1
sphere {
	<28.435583, 35.827084, 33.709236> 0.100000
	pigment { color rgbt <1,0,0,0> }
	no_shadow
}
sphere {
	0, 1
	scale<0.080000,0.200000,0.300000>
	matrix <0.624665, 0.464391, -0.627801,
		0.725397, -0.642745, 0.246328,
		-0.289124, -0.609278, -0.738368,
		28.348846, 35.644299, 33.487724>
	pigment { color rgbt <0,1,1,0> }
	no_shadow
}
cylinder {
	<29.200111, 35.729733, 33.832508>,  <28.551233, 36.070793, 34.004585>, 0.130000
	pigment { color rgbt <1,0,0,0> }
	no_shadow
}

// nucleotide -1

// particle -1
sphere {
	<29.200111, 35.729733, 33.832508> 0.250000
	pigment { color rgbt <1,0,0,0> }
	no_shadow
}
cylinder {
	<28.946072, 35.703060, 33.524689>,  <28.793648, 35.687057, 33.339996>, 0.100000
	pigment { color rgbt <1,0,0,0> }
	no_shadow
}
cylinder {
	<28.946072, 35.703060, 33.524689>,  <29.200111, 35.729733, 33.832508>, 0.100000
	pigment { color rgbt <1,0,0,0> }
	no_shadow
}

// particle -1
sphere {
	<28.946072, 35.703060, 33.524689> 0.100000
	pigment { color rgbt <1,0,0,0> }
	no_shadow
}
sphere {
	0, 1
	scale<0.080000,0.200000,0.300000>
	matrix <0.750252, 0.183770, -0.635099,
		0.183770, -0.980705, -0.066683,
		0.635099, 0.066683, 0.769547,
		28.755543, 35.683056, 33.293823>
	pigment { color rgbt <0,1,1,0> }
	no_shadow
}
cylinder {
	<29.511898, 35.406147, 33.291370>,  <29.200111, 35.729733, 33.832508>, 0.130000
	pigment { color rgbt <1,0,0,0> }
	no_shadow
}

// nucleotide -1

// particle -1
sphere {
	<29.511898, 35.406147, 33.291370> 0.250000
	pigment { color rgbt <1,0,0,0> }
	no_shadow
}
cylinder {
	<29.211035, 35.570892, 33.085606>,  <29.030516, 35.669739, 32.962147>, 0.100000
	pigment { color rgbt <1,0,0,0> }
	no_shadow
}
cylinder {
	<29.211035, 35.570892, 33.085606>,  <29.511898, 35.406147, 33.291370>, 0.100000
	pigment { color rgbt <1,0,0,0> }
	no_shadow
}

// particle -1
sphere {
	<29.211035, 35.570892, 33.085606> 0.100000
	pigment { color rgbt <1,0,0,0> }
	no_shadow
}
sphere {
	0, 1
	scale<0.080000,0.200000,0.300000>
	matrix <0.635681, 0.247735, -0.731120,
		-0.173684, -0.876924, -0.448151,
		-0.752160, 0.411864, -0.514416,
		28.985388, 35.694450, 32.931282>
	pigment { color rgbt <0,1,1,0> }
	no_shadow
}
cylinder {
	<29.567747, 35.090511, 32.603798>,  <29.511898, 35.406147, 33.291370>, 0.130000
	pigment { color rgbt <1,0,0,0> }
	no_shadow
}

// nucleotide -1

// particle -1
sphere {
	<29.567747, 35.090511, 32.603798> 0.250000
	pigment { color rgbt <1,0,0,0> }
	no_shadow
}
cylinder {
	<29.355618, 35.421074, 32.528103>,  <29.228340, 35.619411, 32.482685>, 0.100000
	pigment { color rgbt <1,0,0,0> }
	no_shadow
}
cylinder {
	<29.355618, 35.421074, 32.528103>,  <29.567747, 35.090511, 32.603798>, 0.100000
	pigment { color rgbt <1,0,0,0> }
	no_shadow
}

// particle -1
sphere {
	<29.355618, 35.421074, 32.528103> 0.100000
	pigment { color rgbt <1,0,0,0> }
	no_shadow
}
sphere {
	0, 1
	scale<0.080000,0.200000,0.300000>
	matrix <0.569007, 0.181480, -0.802057,
		-0.628479, -0.533031, -0.566473,
		-0.530325, 0.826404, -0.189242,
		29.196520, 35.668995, 32.471329>
	pigment { color rgbt <0,1,1,0> }
	no_shadow
}
cylinder {
	<29.468138, 35.191139, 31.851883>,  <29.567747, 35.090511, 32.603798>, 0.130000
	pigment { color rgbt <1,0,0,0> }
	no_shadow
}

// nucleotide -1

// particle -1
sphere {
	<29.468138, 35.191139, 31.851883> 0.250000
	pigment { color rgbt <1,0,0,0> }
	no_shadow
}
cylinder {
	<29.318466, 35.555946, 31.919064>,  <29.228662, 35.774830, 31.959372>, 0.100000
	pigment { color rgbt <1,0,0,0> }
	no_shadow
}
cylinder {
	<29.318466, 35.555946, 31.919064>,  <29.468138, 35.191139, 31.851883>, 0.100000
	pigment { color rgbt <1,0,0,0> }
	no_shadow
}

// particle -1
sphere {
	<29.318466, 35.555946, 31.919064> 0.100000
	pigment { color rgbt <1,0,0,0> }
	no_shadow
}
sphere {
	0, 1
	scale<0.080000,0.200000,0.300000>
	matrix <0.232269, 0.267506, -0.935143,
		-0.897798, -0.310900, -0.311929,
		-0.374179, 0.912021, 0.167954,
		29.206213, 35.829552, 31.969450>
	pigment { color rgbt <0,1,1,0> }
	no_shadow
}
cylinder {
	<28.969093, 35.396137, 31.287134>,  <29.468138, 35.191139, 31.851883>, 0.130000
	pigment { color rgbt <1,0,0,0> }
	no_shadow
}

// nucleotide -1

// particle -1
sphere {
	<28.969093, 35.396137, 31.287134> 0.250000
	pigment { color rgbt <1,0,0,0> }
	no_shadow
}
cylinder {
	<29.148394, 35.724060, 31.429672>,  <29.255974, 35.920815, 31.515194>, 0.100000
	pigment { color rgbt <1,0,0,0> }
	no_shadow
}
cylinder {
	<29.148394, 35.724060, 31.429672>,  <28.969093, 35.396137, 31.287134>, 0.100000
	pigment { color rgbt <1,0,0,0> }
	no_shadow
}

// particle -1
sphere {
	<29.148394, 35.724060, 31.429672> 0.100000
	pigment { color rgbt <1,0,0,0> }
	no_shadow
}
sphere {
	0, 1
	scale<0.080000,0.200000,0.300000>
	matrix <0.166007, 0.315356, -0.934340,
		-0.878357, 0.477976, 0.005265,
		0.448253, 0.819810, 0.356343,
		29.282869, 35.970005, 31.536575>
	pigment { color rgbt <0,1,1,0> }
	no_shadow
}
cylinder {
	<28.732906, 35.946796, 30.966698>,  <28.969093, 35.396137, 31.287134>, 0.130000
	pigment { color rgbt <1,0,0,0> }
	no_shadow
}

// nucleotide -1

// particle -1
sphere {
	<28.732906, 35.946796, 30.966698> 0.250000
	pigment { color rgbt <1,0,0,0> }
	no_shadow
}
cylinder {
	<29.080236, 36.096542, 31.096844>,  <29.288633, 36.186390, 31.174932>, 0.100000
	pigment { color rgbt <1,0,0,0> }
	no_shadow
}
cylinder {
	<29.080236, 36.096542, 31.096844>,  <28.732906, 35.946796, 30.966698>, 0.100000
	pigment { color rgbt <1,0,0,0> }
	no_shadow
}

// particle -1
sphere {
	<29.080236, 36.096542, 31.096844> 0.100000
	pigment { color rgbt <1,0,0,0> }
	no_shadow
}
sphere {
	0, 1
	scale<0.080000,0.200000,0.300000>
	matrix <0.230967, 0.275333, -0.933191,
		-0.438940, 0.885461, 0.152611,
		0.868324, 0.374367, 0.325367,
		29.340733, 36.208851, 31.194454>
	pigment { color rgbt <0,1,1,0> }
	no_shadow
}
cylinder {
	<28.722822, 36.595478, 30.770903>,  <28.732906, 35.946796, 30.966698>, 0.130000
	pigment { color rgbt <1,0,0,0> }
	no_shadow
}

// nucleotide -1

// particle -1
sphere {
	<28.722822, 36.595478, 30.770903> 0.250000
	pigment { color rgbt <1,0,0,0> }
	no_shadow
}
cylinder {
	<29.107563, 36.511459, 30.841009>,  <29.338408, 36.461048, 30.883074>, 0.100000
	pigment { color rgbt <1,0,0,0> }
	no_shadow
}
cylinder {
	<29.107563, 36.511459, 30.841009>,  <28.722822, 36.595478, 30.770903>, 0.100000
	pigment { color rgbt <1,0,0,0> }
	no_shadow
}

// particle -1
sphere {
	<29.107563, 36.511459, 30.841009> 0.100000
	pigment { color rgbt <1,0,0,0> }
	no_shadow
}
sphere {
	0, 1
	scale<0.080000,0.200000,0.300000>
	matrix <0.252823, 0.437797, -0.862795,
		0.104498, 0.874193, 0.474201,
		0.961853, -0.210049, 0.175268,
		29.396118, 36.448444, 30.893589>
	pigment { color rgbt <0,1,1,0> }
	no_shadow
}
cylinder {
	<29.085636, 37.212017, 30.592449>,  <28.722822, 36.595478, 30.770903>, 0.130000
	pigment { color rgbt <1,0,0,0> }
	no_shadow
}

// nucleotide -1

// particle -1
sphere {
	<29.085636, 37.212017, 30.592449> 0.250000
	pigment { color rgbt <1,0,0,0> }
	no_shadow
}
cylinder {
	<29.360466, 36.921806, 30.576748>,  <29.525364, 36.747681, 30.567327>, 0.100000
	pigment { color rgbt <1,0,0,0> }
	no_shadow
}
cylinder {
	<29.360466, 36.921806, 30.576748>,  <29.085636, 37.212017, 30.592449>, 0.100000
	pigment { color rgbt <1,0,0,0> }
	no_shadow
}

// particle -1
sphere {
	<29.360466, 36.921806, 30.576748> 0.100000
	pigment { color rgbt <1,0,0,0> }
	no_shadow
}
sphere {
	0, 1
	scale<0.080000,0.200000,0.300000>
	matrix <0.307492, 0.339297, -0.889003,
		0.658313, 0.598741, 0.456216,
		0.687075, -0.725525, -0.039256,
		29.566589, 36.704147, 30.564972>
	pigment { color rgbt <0,1,1,0> }
	no_shadow
}
cylinder {
	<29.655008, 37.614956, 30.327026>,  <29.085636, 37.212017, 30.592449>, 0.130000
	pigment { color rgbt <1,0,0,0> }
	no_shadow
}

// nucleotide -1

// particle -1
sphere {
	<29.655008, 37.614956, 30.327026> 0.250000
	pigment { color rgbt <1,0,0,0> }
	no_shadow
}
cylinder {
	<29.738417, 37.228210, 30.268112>,  <29.788462, 36.996162, 30.232763>, 0.100000
	pigment { color rgbt <1,0,0,0> }
	no_shadow
}
cylinder {
	<29.738417, 37.228210, 30.268112>,  <29.655008, 37.614956, 30.327026>, 0.100000
	pigment { color rgbt <1,0,0,0> }
	no_shadow
}

// particle -1
sphere {
	<29.738417, 37.228210, 30.268112> 0.100000
	pigment { color rgbt <1,0,0,0> }
	no_shadow
}
sphere {
	0, 1
	scale<0.080000,0.200000,0.300000>
	matrix <0.414766, 0.223803, -0.881976,
		0.885713, 0.122822, 0.447690,
		0.208521, -0.966864, -0.147283,
		29.800972, 36.938152, 30.223927>
	pigment { color rgbt <0,1,1,0> }
	no_shadow
}
cylinder {
	<30.245640, 37.600365, 29.806772>,  <29.655008, 37.614956, 30.327026>, 0.130000
	pigment { color rgbt <1,0,0,0> }
	no_shadow
}

// nucleotide -1

// particle -1
sphere {
	<30.245640, 37.600365, 29.806772> 0.250000
	pigment { color rgbt <1,0,0,0> }
	no_shadow
}
cylinder {
	<30.108650, 37.224701, 29.796318>,  <30.026457, 36.999302, 29.790045>, 0.100000
	pigment { color rgbt <1,0,0,0> }
	no_shadow
}
cylinder {
	<30.108650, 37.224701, 29.796318>,  <30.245640, 37.600365, 29.806772>, 0.100000
	pigment { color rgbt <1,0,0,0> }
	no_shadow
}

// particle -1
sphere {
	<30.108650, 37.224701, 29.796318> 0.100000
	pigment { color rgbt <1,0,0,0> }
	no_shadow
}
sphere {
	0, 1
	scale<0.080000,0.200000,0.300000>
	matrix <-0.041330, 0.042851, -0.998226,
		0.938617, -0.340788, -0.053491,
		-0.342476, -0.939163, -0.026135,
		30.005907, 36.942951, 29.788477>
	pigment { color rgbt <0,1,1,0> }
	no_shadow
}
cylinder {
	<30.660826, 37.208138, 29.291115>,  <30.245640, 37.600365, 29.806772>, 0.130000
	pigment { color rgbt <1,0,0,0> }
	no_shadow
}

// nucleotide -1

// particle -1
sphere {
	<30.660826, 37.208138, 29.291115> 0.250000
	pigment { color rgbt <1,0,0,0> }
	no_shadow
}
cylinder {
	<30.329958, 36.983715, 29.303822>,  <30.131437, 36.849060, 29.311445>, 0.100000
	pigment { color rgbt <1,0,0,0> }
	no_shadow
}
cylinder {
	<30.329958, 36.983715, 29.303822>,  <30.660826, 37.208138, 29.291115>, 0.100000
	pigment { color rgbt <1,0,0,0> }
	no_shadow
}

// particle -1
sphere {
	<30.329958, 36.983715, 29.303822> 0.100000
	pigment { color rgbt <1,0,0,0> }
	no_shadow
}
sphere {
	0, 1
	scale<0.080000,0.200000,0.300000>
	matrix <-0.071315, 0.048734, -0.996263,
		0.557413, -0.826341, -0.080322,
		-0.827167, -0.561058, 0.031765,
		30.081808, 36.815399, 29.313351>
	pigment { color rgbt <0,1,1,0> }
	no_shadow
}
cylinder {
	<30.784517, 36.603947, 28.830706>,  <30.660826, 37.208138, 29.291115>, 0.130000
	pigment { color rgbt <1,0,0,0> }
	no_shadow
}

// nucleotide -1

// particle -1
sphere {
	<30.784517, 36.603947, 28.830706> 0.250000
	pigment { color rgbt <1,0,0,0> }
	no_shadow
}
cylinder {
	<30.391657, 36.668541, 28.869278>,  <30.155941, 36.707298, 28.892422>, 0.100000
	pigment { color rgbt <1,0,0,0> }
	no_shadow
}
cylinder {
	<30.391657, 36.668541, 28.869278>,  <30.784517, 36.603947, 28.830706>, 0.100000
	pigment { color rgbt <1,0,0,0> }
	no_shadow
}

// particle -1
sphere {
	<30.391657, 36.668541, 28.869278> 0.100000
	pigment { color rgbt <1,0,0,0> }
	no_shadow
}
sphere {
	0, 1
	scale<0.080000,0.200000,0.300000>
	matrix <-0.110912, -0.083173, -0.990344,
		-0.151905, -0.983364, 0.099599,
		-0.982152, 0.161484, 0.096432,
		30.097012, 36.716984, 28.898209>
	pigment { color rgbt <0,1,1,0> }
	no_shadow
}
cylinder {
	<30.398642, 35.971142, 28.567551>,  <30.784517, 36.603947, 28.830706>, 0.130000
	pigment { color rgbt <1,0,0,0> }
	no_shadow
}

// nucleotide -1

// particle -1
sphere {
	<30.398642, 35.971142, 28.567551> 0.250000
	pigment { color rgbt <1,0,0,0> }
	no_shadow
}
cylinder {
	<30.149286, 36.282394, 28.536840>,  <29.999672, 36.469147, 28.518414>, 0.100000
	pigment { color rgbt <1,0,0,0> }
	no_shadow
}
cylinder {
	<30.149286, 36.282394, 28.536840>,  <30.398642, 35.971142, 28.567551>, 0.100000
	pigment { color rgbt <1,0,0,0> }
	no_shadow
}

// particle -1
sphere {
	<30.149286, 36.282394, 28.536840> 0.100000
	pigment { color rgbt <1,0,0,0> }
	no_shadow
}
sphere {
	0, 1
	scale<0.080000,0.200000,0.300000>
	matrix <0.080021, -0.034186, -0.996207,
		-0.777806, -0.627169, -0.040955,
		-0.623390, 0.778133, -0.076777,
		29.962269, 36.515835, 28.513807>
	pigment { color rgbt <0,1,1,0> }
	no_shadow
}
cylinder {
	<30.009888, 35.891273, 27.927591>,  <30.398642, 35.971142, 28.567551>, 0.130000
	pigment { color rgbt <1,0,0,0> }
	no_shadow
}

// nucleotide -1

// particle -1
sphere {
	<30.009888, 35.891273, 27.927591> 0.250000
	pigment { color rgbt <1,0,0,0> }
	no_shadow
}
cylinder {
	<29.932173, 36.271130, 28.025930>,  <29.885544, 36.499043, 28.084934>, 0.100000
	pigment { color rgbt <1,0,0,0> }
	no_shadow
}
cylinder {
	<29.932173, 36.271130, 28.025930>,  <30.009888, 35.891273, 27.927591>, 0.100000
	pigment { color rgbt <1,0,0,0> }
	no_shadow
}

// particle -1
sphere {
	<29.932173, 36.271130, 28.025930> 0.100000
	pigment { color rgbt <1,0,0,0> }
	no_shadow
}
sphere {
	0, 1
	scale<0.080000,0.200000,0.300000>
	matrix <-0.119544, 0.225833, -0.966803,
		-0.973633, -0.217227, 0.069647,
		-0.194287, 0.949638, 0.245847,
		29.873886, 36.556023, 28.099684>
	pigment { color rgbt <0,1,1,0> }
	no_shadow
}
cylinder {
	<29.365526, 36.004036, 27.813011>,  <30.009888, 35.891273, 27.927591>, 0.130000
	pigment { color rgbt <1,0,0,0> }
	no_shadow
}

// nucleotide -1

// particle -1
sphere {
	<29.365526, 36.004036, 27.813011> 0.250000
	pigment { color rgbt <1,0,0,0> }
	no_shadow
}
cylinder {
	<29.542416, 36.362377, 27.795607>,  <29.648550, 36.577381, 27.785164>, 0.100000
	pigment { color rgbt <1,0,0,0> }
	no_shadow
}
cylinder {
	<29.542416, 36.362377, 27.795607>,  <29.365526, 36.004036, 27.813011>, 0.100000
	pigment { color rgbt <1,0,0,0> }
	no_shadow
}

// particle -1
sphere {
	<29.542416, 36.362377, 27.795607> 0.100000
	pigment { color rgbt <1,0,0,0> }
	no_shadow
}
sphere {
	0, 1
	scale<0.080000,0.200000,0.300000>
	matrix <-0.133575, 0.017810, -0.990879,
		-0.886903, 0.444002, 0.127539,
		0.442223, 0.895849, -0.043511,
		29.675083, 36.631130, 27.782553>
	pigment { color rgbt <0,1,1,0> }
	no_shadow
}
cylinder {
	<28.987450, 36.393764, 27.320530>,  <29.365526, 36.004036, 27.813011>, 0.130000
	pigment { color rgbt <1,0,0,0> }
	no_shadow
}

// nucleotide -1

// particle -1
sphere {
	<28.987450, 36.393764, 27.320530> 0.250000
	pigment { color rgbt <1,0,0,0> }
	no_shadow
}
cylinder {
	<29.323450, 36.610092, 27.338030>,  <29.525051, 36.739887, 27.348530>, 0.100000
	pigment { color rgbt <1,0,0,0> }
	no_shadow
}
cylinder {
	<29.323450, 36.610092, 27.338030>,  <28.987450, 36.393764, 27.320530>, 0.100000
	pigment { color rgbt <1,0,0,0> }
	no_shadow
}

// particle -1
sphere {
	<29.323450, 36.610092, 27.338030> 0.100000
	pigment { color rgbt <1,0,0,0> }
	no_shadow
}
sphere {
	0, 1
	scale<0.080000,0.200000,0.300000>
	matrix <0.004760, 0.073282, -0.997300,
		-0.542562, 0.837943, 0.058983,
		0.840003, 0.540816, 0.043749,
		29.575451, 36.772335, 27.351154>
	pigment { color rgbt <0,1,1,0> }
	no_shadow
}
cylinder {
	<28.885910, 37.068871, 26.931465>,  <28.987450, 36.393764, 27.320530>, 0.130000
	pigment { color rgbt <1,0,0,0> }
	no_shadow
}

// nucleotide -1

// particle -1
sphere {
	<28.885910, 37.068871, 26.931465> 0.250000
	pigment { color rgbt <1,0,0,0> }
	no_shadow
}
cylinder {
	<29.275370, 36.978706, 26.945293>,  <29.509047, 36.924606, 26.953590>, 0.100000
	pigment { color rgbt <1,0,0,0> }
	no_shadow
}
cylinder {
	<29.275370, 36.978706, 26.945293>,  <28.885910, 37.068871, 26.931465>, 0.100000
	pigment { color rgbt <1,0,0,0> }
	no_shadow
}

// particle -1
sphere {
	<29.275370, 36.978706, 26.945293> 0.100000
	pigment { color rgbt <1,0,0,0> }
	no_shadow
}
sphere {
	0, 1
	scale<0.080000,0.200000,0.300000>
	matrix <0.020881, -0.062841, -0.997805,
		0.227089, 0.972235, -0.056478,
		0.973650, -0.225412, 0.034572,
		29.567465, 36.911083, 26.955666>
	pigment { color rgbt <0,1,1,0> }
	no_shadow
}
cylinder {
	<29.465685, 37.543053, 26.542715>,  <28.885910, 37.068871, 26.931465>, 0.130000
	pigment { color rgbt <1,0,0,0> }
	no_shadow
}

// nucleotide -1

// particle -1
sphere {
	<29.465685, 37.543053, 26.542715> 0.250000
	pigment { color rgbt <1,0,0,0> }
	no_shadow
}
cylinder {
	<29.603939, 37.168533, 26.567625>,  <29.686892, 36.943821, 26.582571>, 0.100000
	pigment { color rgbt <1,0,0,0> }
	no_shadow
}
cylinder {
	<29.603939, 37.168533, 26.567625>,  <29.465685, 37.543053, 26.542715>, 0.100000
	pigment { color rgbt <1,0,0,0> }
	no_shadow
}

// particle -1
sphere {
	<29.603939, 37.168533, 26.567625> 0.100000
	pigment { color rgbt <1,0,0,0> }
	no_shadow
}
sphere {
	0, 1
	scale<0.080000,0.200000,0.300000>
	matrix <0.102929, -0.028134, -0.994291,
		0.932706, 0.350074, 0.086648,
		0.345638, -0.936300, 0.062273,
		29.707630, 36.887642, 26.586308>
	pigment { color rgbt <0,1,1,0> }
	no_shadow
}
cylinder {
	<30.152227, 37.427437, 26.393917>,  <29.465685, 37.543053, 26.542715>, 0.130000
	pigment { color rgbt <1,0,0,0> }
	no_shadow
}

// nucleotide -1

// particle -1
sphere {
	<30.152227, 37.427437, 26.393917> 0.250000
	pigment { color rgbt <1,0,0,0> }
	no_shadow
}
cylinder {
	<29.949230, 37.098801, 26.290047>,  <29.827431, 36.901619, 26.227724>, 0.100000
	pigment { color rgbt <1,0,0,0> }
	no_shadow
}
cylinder {
	<29.949230, 37.098801, 26.290047>,  <30.152227, 37.427437, 26.393917>, 0.100000
	pigment { color rgbt <1,0,0,0> }
	no_shadow
}

// particle -1
sphere {
	<29.949230, 37.098801, 26.290047> 0.100000
	pigment { color rgbt <1,0,0,0> }
	no_shadow
}
sphere {
	0, 1
	scale<0.080000,0.200000,0.300000>
	matrix <0.130169, 0.224807, -0.965670,
		0.851766, -0.523874, -0.007143,
		-0.507495, -0.821595, -0.259675,
		29.796982, 36.852322, 26.212145>
	pigment { color rgbt <0,1,1,0> }
	no_shadow
}
cylinder {
	<30.544842, 37.186924, 25.802465>,  <30.152227, 37.427437, 26.393917>, 0.130000
	pigment { color rgbt <1,0,0,0> }
	no_shadow
}

// nucleotide -1

// particle -1
sphere {
	<30.544842, 37.186924, 25.802465> 0.250000
	pigment { color rgbt <1,0,0,0> }
	no_shadow
}
cylinder {
	<30.175575, 37.033825, 25.816689>,  <29.954016, 36.941963, 25.825222>, 0.100000
	pigment { color rgbt <1,0,0,0> }
	no_shadow
}
cylinder {
	<30.175575, 37.033825, 25.816689>,  <30.544842, 37.186924, 25.802465>, 0.100000
	pigment { color rgbt <1,0,0,0> }
	no_shadow
}

// particle -1
sphere {
	<30.175575, 37.033825, 25.816689> 0.100000
	pigment { color rgbt <1,0,0,0> }
	no_shadow
}
sphere {
	0, 1
	scale<0.080000,0.200000,0.300000>
	matrix <-0.086014, 0.115533, -0.989572,
		0.374654, -0.916598, -0.139578,
		-0.923166, -0.382753, 0.035556,
		29.898624, 36.918999, 25.827354>
	pigment { color rgbt <0,1,1,0> }
	no_shadow
}
cylinder {
	<30.492701, 36.659992, 25.244678>,  <30.544842, 37.186924, 25.802465>, 0.130000
	pigment { color rgbt <1,0,0,0> }
	no_shadow
}

// nucleotide -1

// particle -1
sphere {
	<30.492701, 36.659992, 25.244678> 0.250000
	pigment { color rgbt <1,0,0,0> }
	no_shadow
}
cylinder {
	<30.146011, 36.838398, 25.333996>,  <29.937998, 36.945442, 25.387587>, 0.100000
	pigment { color rgbt <1,0,0,0> }
	no_shadow
}
cylinder {
	<30.146011, 36.838398, 25.333996>,  <30.492701, 36.659992, 25.244678>, 0.100000
	pigment { color rgbt <1,0,0,0> }
	no_shadow
}

// particle -1
sphere {
	<30.146011, 36.838398, 25.333996> 0.100000
	pigment { color rgbt <1,0,0,0> }
	no_shadow
}
sphere {
	0, 1
	scale<0.080000,0.200000,0.300000>
	matrix <-0.194982, 0.109090, -0.974721,
		-0.459103, -0.888351, -0.007585,
		-0.866722, 0.446018, 0.223296,
		29.885994, 36.972202, 25.400984>
	pigment { color rgbt <0,1,1,0> }
	no_shadow
}
cylinder {
	<30.070354, 36.400936, 24.744289>,  <30.492701, 36.659992, 25.244678>, 0.130000
	pigment { color rgbt <1,0,0,0> }
	no_shadow
}

// nucleotide -1

// particle -1
sphere {
	<30.070354, 36.400936, 24.744289> 0.250000
	pigment { color rgbt <1,0,0,0> }
	no_shadow
}
cylinder {
	<29.884449, 36.728008, 24.880167>,  <29.772905, 36.924252, 24.961693>, 0.100000
	pigment { color rgbt <1,0,0,0> }
	no_shadow
}
cylinder {
	<29.884449, 36.728008, 24.880167>,  <30.070354, 36.400936, 24.744289>, 0.100000
	pigment { color rgbt <1,0,0,0> }
	no_shadow
}

// particle -1
sphere {
	<29.884449, 36.728008, 24.880167> 0.100000
	pigment { color rgbt <1,0,0,0> }
	no_shadow
}
sphere {
	0, 1
	scale<0.080000,0.200000,0.300000>
	matrix <-0.323426, 0.200362, -0.924798,
		-0.824252, -0.539678, 0.171339,
		-0.464763, 0.817682, 0.339694,
		29.745020, 36.973312, 24.982075>
	pigment { color rgbt <0,1,1,0> }
	no_shadow
}
cylinder {
	<29.390617, 36.302052, 24.455219>,  <30.070354, 36.400936, 24.744289>, 0.130000
	pigment { color rgbt <1,0,0,0> }
	no_shadow
}

// nucleotide -1

// particle -1
sphere {
	<29.390617, 36.302052, 24.455219> 0.250000
	pigment { color rgbt <1,0,0,0> }
	no_shadow
}
cylinder {
	<29.460886, 36.687157, 24.537415>,  <29.503048, 36.918221, 24.586731>, 0.100000
	pigment { color rgbt <1,0,0,0> }
	no_shadow
}
cylinder {
	<29.460886, 36.687157, 24.537415>,  <29.390617, 36.302052, 24.455219>, 0.100000
	pigment { color rgbt <1,0,0,0> }
	no_shadow
}

// particle -1
sphere {
	<29.460886, 36.687157, 24.537415> 0.100000
	pigment { color rgbt <1,0,0,0> }
	no_shadow
}
sphere {
	0, 1
	scale<0.080000,0.200000,0.300000>
	matrix <-0.258432, 0.246515, -0.934047,
		-0.949922, 0.110981, 0.292115,
		0.175672, 0.962764, 0.205489,
		29.513588, 36.975986, 24.599062>
	pigment { color rgbt <0,1,1,0> }
	no_shadow
}
cylinder {
	<28.991795, 35.978249, 24.939781>,  <29.390617, 36.302052, 24.455219>, 0.130000
	pigment { color rgbt <1,0,0,0> }
	no_shadow
}

// nucleotide -1

// particle -1
sphere {
	<28.991795, 35.978249, 24.939781> 0.250000
	pigment { color rgbt <1,0,0,0> }
	no_shadow
}
cylinder {
	<29.227089, 36.003220, 25.262291>,  <29.368265, 36.018204, 25.455797>, 0.100000
	pigment { color rgbt <1,0,0,0> }
	no_shadow
}
cylinder {
	<29.227089, 36.003220, 25.262291>,  <28.991795, 35.978249, 24.939781>, 0.100000
	pigment { color rgbt <1,0,0,0> }
	no_shadow
}

// particle -1
sphere {
	<29.227089, 36.003220, 25.262291> 0.100000
	pigment { color rgbt <1,0,0,0> }
	no_shadow
}
sphere {
	0, 1
	scale<0.080000,0.200000,0.300000>
	matrix <-0.380741, -0.858220, 0.344230,
		0.713453, -0.509471, -0.481065,
		0.588235, 0.062431, 0.806277,
		29.403559, 36.021950, 25.504173>
	pigment { color rgbt <0,1,1,0> }
	no_shadow
}
cylinder {
	<29.713070, 35.782120, 24.851788>,  <28.991795, 35.978249, 24.939781>, 0.130000
	pigment { color rgbt <1,0,0,0> }
	no_shadow
}

// nucleotide -1

// particle -1
sphere {
	<29.713070, 35.782120, 24.851788> 0.250000
	pigment { color rgbt <1,0,0,0> }
	no_shadow
}
cylinder {
	<30.072332, 35.819118, 24.679853>,  <30.287889, 35.841320, 24.576693>, 0.100000
	pigment { color rgbt <1,0,0,0> }
	no_shadow
}
cylinder {
	<30.072332, 35.819118, 24.679853>,  <29.713070, 35.782120, 24.851788>, 0.100000
	pigment { color rgbt <1,0,0,0> }
	no_shadow
}

// particle -1
sphere {
	<30.072332, 35.819118, 24.679853> 0.100000
	pigment { color rgbt <1,0,0,0> }
	no_shadow
}
sphere {
	0, 1
	scale<0.080000,0.200000,0.300000>
	matrix <0.309120, -0.828062, 0.467716,
		-0.312668, -0.552953, -0.772323,
		0.898156, 0.092500, -0.429837,
		30.341780, 35.846870, 24.550901>
	pigment { color rgbt <0,1,1,0> }
	no_shadow
}
cylinder {
	<29.812006, 35.117794, 24.554428>,  <29.713070, 35.782120, 24.851788>, 0.130000
	pigment { color rgbt <1,0,0,0> }
	no_shadow
}

// nucleotide -1

// particle -1
sphere {
	<29.812006, 35.117794, 24.554428> 0.250000
	pigment { color rgbt <1,0,0,0> }
	no_shadow
}
cylinder {
	<30.169628, 35.282082, 24.625961>,  <30.384201, 35.380653, 24.668880>, 0.100000
	pigment { color rgbt <1,0,0,0> }
	no_shadow
}
cylinder {
	<30.169628, 35.282082, 24.625961>,  <29.812006, 35.117794, 24.554428>, 0.100000
	pigment { color rgbt <1,0,0,0> }
	no_shadow
}

// particle -1
sphere {
	<30.169628, 35.282082, 24.625961> 0.100000
	pigment { color rgbt <1,0,0,0> }
	no_shadow
}
sphere {
	0, 1
	scale<0.080000,0.200000,0.300000>
	matrix <0.207854, -0.733986, 0.646577,
		0.396820, -0.540903, -0.741592,
		0.894053, 0.410717, 0.178831,
		30.437843, 35.405296, 24.679611>
	pigment { color rgbt <0,1,1,0> }
	no_shadow
}
cylinder {
	<30.239201, 34.549290, 24.512936>,  <29.812006, 35.117794, 24.554428>, 0.130000
	pigment { color rgbt <1,0,0,0> }
	no_shadow
}

// nucleotide -1

// particle -1
sphere {
	<30.239201, 34.549290, 24.512936> 0.250000
	pigment { color rgbt <1,0,0,0> }
	no_shadow
}
cylinder {
	<30.432489, 34.827042, 24.726229>,  <30.548462, 34.993694, 24.854204>, 0.100000
	pigment { color rgbt <1,0,0,0> }
	no_shadow
}
cylinder {
	<30.432489, 34.827042, 24.726229>,  <30.239201, 34.549290, 24.512936>, 0.100000
	pigment { color rgbt <1,0,0,0> }
	no_shadow
}

// particle -1
sphere {
	<30.432489, 34.827042, 24.726229> 0.100000
	pigment { color rgbt <1,0,0,0> }
	no_shadow
}
sphere {
	0, 1
	scale<0.080000,0.200000,0.300000>
	matrix <0.005872, -0.611617, 0.791133,
		0.875480, -0.379160, -0.299623,
		0.483220, 0.694380, 0.533231,
		30.577456, 35.035355, 24.886198>
	pigment { color rgbt <0,1,1,0> }
	no_shadow
}
cylinder {
	<30.656864, 34.175156, 25.017523>,  <30.239201, 34.549290, 24.512936>, 0.130000
	pigment { color rgbt <1,0,0,0> }
	no_shadow
}

// nucleotide -1

// particle -1
sphere {
	<30.656864, 34.175156, 25.017523> 0.250000
	pigment { color rgbt <1,0,0,0> }
	no_shadow
}
cylinder {
	<30.664139, 34.545441, 25.168642>,  <30.668503, 34.767612, 25.259314>, 0.100000
	pigment { color rgbt <1,0,0,0> }
	no_shadow
}
cylinder {
	<30.664139, 34.545441, 25.168642>,  <30.656864, 34.175156, 25.017523>, 0.100000
	pigment { color rgbt <1,0,0,0> }
	no_shadow
}

// particle -1
sphere {
	<30.664139, 34.545441, 25.168642> 0.100000
	pigment { color rgbt <1,0,0,0> }
	no_shadow
}
sphere {
	0, 1
	scale<0.080000,0.200000,0.300000>
	matrix <0.006975, -0.377971, 0.925791,
		0.999810, -0.014202, -0.013331,
		0.018187, 0.925709, 0.377800,
		30.669596, 34.823154, 25.281982>
	pigment { color rgbt <0,1,1,0> }
	no_shadow
}
cylinder {
	<31.238274, 34.253765, 25.434855>,  <30.656864, 34.175156, 25.017523>, 0.130000
	pigment { color rgbt <1,0,0,0> }
	no_shadow
}

// nucleotide -1

// particle -1
sphere {
	<31.238274, 34.253765, 25.434855> 0.250000
	pigment { color rgbt <1,0,0,0> }
	no_shadow
}
cylinder {
	<30.994356, 34.535042, 25.581100>,  <30.848005, 34.703808, 25.668848>, 0.100000
	pigment { color rgbt <1,0,0,0> }
	no_shadow
}
cylinder {
	<30.994356, 34.535042, 25.581100>,  <31.238274, 34.253765, 25.434855>, 0.100000
	pigment { color rgbt <1,0,0,0> }
	no_shadow
}

// particle -1
sphere {
	<30.994356, 34.535042, 25.581100> 0.100000
	pigment { color rgbt <1,0,0,0> }
	no_shadow
}
sphere {
	0, 1
	scale<0.080000,0.200000,0.300000>
	matrix <0.020439, -0.447200, 0.894200,
		0.792297, 0.552749, 0.258327,
		-0.609792, 0.703193, 0.365613,
		30.811419, 34.745998, 25.690784>
	pigment { color rgbt <0,1,1,0> }
	no_shadow
}
cylinder {
	<31.559151, 34.462276, 26.016832>,  <31.238274, 34.253765, 25.434855>, 0.130000
	pigment { color rgbt <1,0,0,0> }
	no_shadow
}

// nucleotide -1

// particle -1
sphere {
	<31.559151, 34.462276, 26.016832> 0.250000
	pigment { color rgbt <1,0,0,0> }
	no_shadow
}
cylinder {
	<31.171230, 34.554440, 26.048826>,  <30.938478, 34.609737, 26.068022>, 0.100000
	pigment { color rgbt <1,0,0,0> }
	no_shadow
}
cylinder {
	<31.171230, 34.554440, 26.048826>,  <31.559151, 34.462276, 26.016832>, 0.100000
	pigment { color rgbt <1,0,0,0> }
	no_shadow
}

// particle -1
sphere {
	<31.171230, 34.554440, 26.048826> 0.100000
	pigment { color rgbt <1,0,0,0> }
	no_shadow
}
sphere {
	0, 1
	scale<0.080000,0.200000,0.300000>
	matrix <0.011524, -0.284284, 0.958671,
		0.243624, 0.930642, 0.273044,
		-0.969801, 0.230409, 0.079983,
		30.880289, 34.623562, 26.072821>
	pigment { color rgbt <0,1,1,0> }
	no_shadow
}
cylinder {
	<31.574629, 34.696133, 26.640163>,  <31.559151, 34.462276, 26.016832>, 0.130000
	pigment { color rgbt <1,0,0,0> }
	no_shadow
}

// nucleotide -1

// particle -1
sphere {
	<31.574629, 34.696133, 26.640163> 0.250000
	pigment { color rgbt <1,0,0,0> }
	no_shadow
}
cylinder {
	<31.185009, 34.650723, 26.561846>,  <30.951237, 34.623478, 26.514854>, 0.100000
	pigment { color rgbt <1,0,0,0> }
	no_shadow
}
cylinder {
	<31.185009, 34.650723, 26.561846>,  <31.574629, 34.696133, 26.640163>, 0.100000
	pigment { color rgbt <1,0,0,0> }
	no_shadow
}

// particle -1
sphere {
	<31.185009, 34.650723, 26.561846> 0.100000
	pigment { color rgbt <1,0,0,0> }
	no_shadow
}
sphere {
	0, 1
	scale<0.080000,0.200000,0.300000>
	matrix <-0.143537, -0.359012, 0.922230,
		-0.174986, 0.926404, 0.333401,
		-0.974052, -0.113521, -0.195796,
		30.892794, 34.616665, 26.503107>
	pigment { color rgbt <0,1,1,0> }
	no_shadow
}
cylinder {
	<31.240168, 35.100384, 27.262468>,  <31.574629, 34.696133, 26.640163>, 0.130000
	pigment { color rgbt <1,0,0,0> }
	no_shadow
}

// nucleotide -1

// particle -1
sphere {
	<31.240168, 35.100384, 27.262468> 0.250000
	pigment { color rgbt <1,0,0,0> }
	no_shadow
}
cylinder {
	<30.976637, 34.856899, 27.085646>,  <30.818518, 34.710808, 26.979551>, 0.100000
	pigment { color rgbt <1,0,0,0> }
	no_shadow
}
cylinder {
	<30.976637, 34.856899, 27.085646>,  <31.240168, 35.100384, 27.262468>, 0.100000
	pigment { color rgbt <1,0,0,0> }
	no_shadow
}

// particle -1
sphere {
	<30.976637, 34.856899, 27.085646> 0.100000
	pigment { color rgbt <1,0,0,0> }
	no_shadow
}
sphere {
	0, 1
	scale<0.080000,0.200000,0.300000>
	matrix <-0.288950, -0.337786, 0.895772,
		-0.694590, 0.717891, 0.046655,
		-0.658827, -0.608714, -0.442058,
		30.778990, 34.674286, 26.953028>
	pigment { color rgbt <0,1,1,0> }
	no_shadow
}
cylinder {
	<30.540892, 35.223015, 27.631166>,  <31.240168, 35.100384, 27.262468>, 0.130000
	pigment { color rgbt <1,0,0,0> }
	no_shadow
}

// nucleotide -1

// particle -1
sphere {
	<30.540892, 35.223015, 27.631166> 0.250000
	pigment { color rgbt <1,0,0,0> }
	no_shadow
}
cylinder {
	<30.578144, 34.865723, 27.455227>,  <30.600496, 34.651348, 27.349663>, 0.100000
	pigment { color rgbt <1,0,0,0> }
	no_shadow
}
cylinder {
	<30.578144, 34.865723, 27.455227>,  <30.540892, 35.223015, 27.631166>, 0.100000
	pigment { color rgbt <1,0,0,0> }
	no_shadow
}

// particle -1
sphere {
	<30.578144, 34.865723, 27.455227> 0.100000
	pigment { color rgbt <1,0,0,0> }
	no_shadow
}
sphere {
	0, 1
	scale<0.080000,0.200000,0.300000>
	matrix <-0.299986, -0.446415, 0.843043,
		-0.949387, 0.053436, -0.309532,
		0.093131, -0.893229, -0.439851,
		30.606083, 34.597755, 27.323271>
	pigment { color rgbt <0,1,1,0> }
	no_shadow
}
cylinder {
	<30.012768, 34.767559, 27.840471>,  <30.540892, 35.223015, 27.631166>, 0.130000
	pigment { color rgbt <1,0,0,0> }
	no_shadow
}

// nucleotide -1

// particle -1
sphere {
	<30.012768, 34.767559, 27.840471> 0.250000
	pigment { color rgbt <1,0,0,0> }
	no_shadow
}
cylinder {
	<30.291067, 34.510826, 27.711483>,  <30.458046, 34.356785, 27.634090>, 0.100000
	pigment { color rgbt <1,0,0,0> }
	no_shadow
}
cylinder {
	<30.291067, 34.510826, 27.711483>,  <30.012768, 34.767559, 27.840471>, 0.100000
	pigment { color rgbt <1,0,0,0> }
	no_shadow
}

// particle -1
sphere {
	<30.291067, 34.510826, 27.711483> 0.100000
	pigment { color rgbt <1,0,0,0> }
	no_shadow
}
sphere {
	0, 1
	scale<0.080000,0.200000,0.300000>
	matrix <-0.138328, -0.560265, 0.816682,
