// switches for output
#declare DRAW_BASES = 1; // possible values are 0, 1; only relevant for DNA ribbons
#declare DRAW_BASES_TYPE = 3; // possible values are 1, 2, 3; only relevant for DNA ribbons
#declare DRAW_FOG = 0; // set to 1 to enable fog

#include "colors.inc"

#include "transforms.inc"
background { rgb <1, 1, 1>}

#default {
   normal{
       ripples 0.25
       frequency 0.20
       turbulence 0.2
       lambda 5
   }
	finish {
		phong 0.1
		phong_size 40.
	}
}

// original window dimensions: 1024x640


// camera settings

camera {
	sky <0, 0.179814, -0.983701>
	up <0, 0.179814, -0.983701>
	right 1.6 * <1, 0, 0>
	location <35, 94.9851, 44.8844>
	look_at <35, 29.7336, 32.9568>
	direction <0, -65.2515, -11.9276>
	angle 67.0682
}


# declare cpy_camera_pos = <35, 94.9851, 44.8844>;
# if (DRAW_FOG = 1)
fog {
	fog_type 2
	up vnormalize(cpy_camera_pos)
	color rgbt<1,1,1,0.3>
	distance 1e-5
	fog_alt 3e-3
	fog_offset 56
}
# end


// LIGHTS

# declare lum = 6;
global_settings {
	ambient_light rgb lum * <0.05, 0.05, 0.05>
	max_trace_level 15
}# declare cpy_direct_light_amount = 0.25;
light_source
{	1000 * <-1, -1.16352, -0.803886>,
	rgb lum * cpy_direct_light_amount
	parallel
}

light_source
{	1000 * <1, 1.16352, 0.803886>,
	rgb lum * cpy_direct_light_amount
	parallel
}

// strand 0

// nucleotide -1

// particle -1
sphere {
	<24.005800, 35.082073, 34.850269> 0.250000
	pigment { color rgbt <1,0,0,0> }
	no_shadow
}
cylinder {
	<24.310717, 34.827908, 34.899532>,  <24.493666, 34.675407, 34.929089>, 0.100000
	pigment { color rgbt <1,0,0,0> }
	no_shadow
}
cylinder {
	<24.310717, 34.827908, 34.899532>,  <24.005800, 35.082073, 34.850269>, 0.100000
	pigment { color rgbt <1,0,0,0> }
	no_shadow
}

// particle -1
sphere {
	<24.310717, 34.827908, 34.899532> 0.100000
	pigment { color rgbt <1,0,0,0> }
	no_shadow
}
sphere {
	0, 1
	scale<0.080000,0.200000,0.300000>
	matrix <0.488907, 0.689986, 0.533750,
		-0.424129, -0.346659, 0.836626,
		0.762289, -0.635411, 0.123159,
		24.539404, 34.637283, 34.936481>
	pigment { color rgbt <0,1,1,0> }
	no_shadow
}
cylinder {
	<24.121614, 34.906151, 35.579136>,  <24.005800, 35.082073, 34.850269>, 0.130000
	pigment { color rgbt <1,0,0,0> }
	no_shadow
}

// nucleotide -1

// particle -1
sphere {
	<24.121614, 34.906151, 35.579136> 0.250000
	pigment { color rgbt <1,0,0,0> }
	no_shadow
}
cylinder {
	<24.463120, 34.875229, 35.373180>,  <24.668022, 34.856674, 35.249607>, 0.100000
	pigment { color rgbt <1,0,0,0> }
	no_shadow
}
cylinder {
	<24.463120, 34.875229, 35.373180>,  <24.121614, 34.906151, 35.579136>, 0.100000
	pigment { color rgbt <1,0,0,0> }
	no_shadow
}

// particle -1
sphere {
	<24.463120, 34.875229, 35.373180> 0.100000
	pigment { color rgbt <1,0,0,0> }
	no_shadow
}
sphere {
	0, 1
	scale<0.080000,0.200000,0.300000>
	matrix <0.489471, 0.456300, 0.743107,
		0.177497, -0.886462, 0.427411,
		0.853764, -0.077306, -0.514889,
		24.719248, 34.852036, 35.218712>
	pigment { color rgbt <0,1,1,0> }
	no_shadow
}
cylinder {
	<24.718369, 34.728954, 35.933029>,  <24.121614, 34.906151, 35.579136>, 0.130000
	pigment { color rgbt <1,0,0,0> }
	no_shadow
}

// nucleotide -1

// particle -1
sphere {
	<24.718369, 34.728954, 35.933029> 0.250000
	pigment { color rgbt <1,0,0,0> }
	no_shadow
}
cylinder {
	<24.909048, 34.889462, 35.620174>,  <25.023457, 34.985767, 35.432461>, 0.100000
	pigment { color rgbt <1,0,0,0> }
	no_shadow
}
cylinder {
	<24.909048, 34.889462, 35.620174>,  <24.718369, 34.728954, 35.933029>, 0.100000
	pigment { color rgbt <1,0,0,0> }
	no_shadow
}

// particle -1
sphere {
	<24.909048, 34.889462, 35.620174> 0.100000
	pigment { color rgbt <1,0,0,0> }
	no_shadow
}
sphere {
	0, 1
	scale<0.080000,0.200000,0.300000>
	matrix <0.646241, 0.443197, 0.621249,
		0.595929, -0.801598, -0.048045,
		0.476698, 0.401269, -0.782139,
		25.052057, 35.009842, 35.385532>
	pigment { color rgbt <0,1,1,0> }
	no_shadow
}
cylinder {
	<25.448662, 34.640583, 36.005608>,  <24.718369, 34.728954, 35.933029>, 0.130000
	pigment { color rgbt <1,0,0,0> }
	no_shadow
}

// nucleotide -1

// particle -1
sphere {
	<25.448662, 34.640583, 36.005608> 0.250000
	pigment { color rgbt <1,0,0,0> }
	no_shadow
}
cylinder {
	<25.420622, 34.963688, 35.771477>,  <25.403797, 35.157551, 35.631001>, 0.100000
	pigment { color rgbt <1,0,0,0> }
	no_shadow
}
cylinder {
	<25.420622, 34.963688, 35.771477>,  <25.448662, 34.640583, 36.005608>, 0.100000
	pigment { color rgbt <1,0,0,0> }
	no_shadow
}

// particle -1
sphere {
	<25.420622, 34.963688, 35.771477> 0.100000
	pigment { color rgbt <1,0,0,0> }
	no_shadow
}
sphere {
	0, 1
	scale<0.080000,0.200000,0.300000>
	matrix <0.692096, 0.461952, 0.554620,
		0.718393, -0.366221, -0.591433,
		-0.070100, 0.807764, -0.585324,
		25.399591, 35.206017, 35.595879>
	pigment { color rgbt <0,1,1,0> }
	no_shadow
}
cylinder {
	<26.152922, 34.912685, 35.789021>,  <25.448662, 34.640583, 36.005608>, 0.130000
	pigment { color rgbt <1,0,0,0> }
	no_shadow
}

// nucleotide -1

// particle -1
sphere {
	<26.152922, 34.912685, 35.789021> 0.250000
	pigment { color rgbt <1,0,0,0> }
	no_shadow
}
cylinder {
	<25.870581, 35.192867, 35.831219>,  <25.701176, 35.360977, 35.856537>, 0.100000
	pigment { color rgbt <1,0,0,0> }
	no_shadow
}
cylinder {
	<25.870581, 35.192867, 35.831219>,  <26.152922, 34.912685, 35.789021>, 0.100000
	pigment { color rgbt <1,0,0,0> }
	no_shadow
}

// particle -1
sphere {
	<25.870581, 35.192867, 35.831219> 0.100000
	pigment { color rgbt <1,0,0,0> }
	no_shadow
}
sphere {
	0, 1
	scale<0.080000,0.200000,0.300000>
	matrix <0.615061, 0.532172, 0.581801,
		0.351386, 0.475553, -0.806460,
		-0.705853, 0.700459, 0.105497,
		25.658825, 35.403004, 35.862869>
	pigment { color rgbt <0,1,1,0> }
	no_shadow
}
cylinder {
	<26.494587, 35.577076, 35.709690>,  <26.152922, 34.912685, 35.789021>, 0.130000
	pigment { color rgbt <1,0,0,0> }
	no_shadow
}

// nucleotide -1

// particle -1
sphere {
	<26.494587, 35.577076, 35.709690> 0.250000
	pigment { color rgbt <1,0,0,0> }
	no_shadow
}
cylinder {
	<26.163679, 35.605991, 35.932545>,  <25.965134, 35.623341, 36.066257>, 0.100000
	pigment { color rgbt <1,0,0,0> }
	no_shadow
}
cylinder {
	<26.163679, 35.605991, 35.932545>,  <26.494587, 35.577076, 35.709690>, 0.100000
	pigment { color rgbt <1,0,0,0> }
	no_shadow
}

// particle -1
sphere {
	<26.163679, 35.605991, 35.932545> 0.100000
	pigment { color rgbt <1,0,0,0> }
	no_shadow
}
sphere {
	0, 1
	scale<0.080000,0.200000,0.300000>
	matrix <0.463679, 0.647794, 0.604454,
		-0.317216, 0.758379, -0.569417,
		-0.827270, 0.072284, 0.557135,
		25.915499, 35.627678, 36.099686>
	pigment { color rgbt <0,1,1,0> }
	no_shadow
}
cylinder {
	<27.182442, 35.539444, 35.891518>,  <26.494587, 35.577076, 35.709690>, 0.130000
	pigment { color rgbt <1,0,0,0> }
	no_shadow
}

// nucleotide -1

// particle -1
sphere {
	<27.182442, 35.539444, 35.891518> 0.250000
	pigment { color rgbt <1,0,0,0> }
	no_shadow
}
cylinder {
	<27.406307, 35.318897, 35.644043>,  <27.540627, 35.186569, 35.495560>, 0.100000
	pigment { color rgbt <1,0,0,0> }
	no_shadow
}
cylinder {
	<27.406307, 35.318897, 35.644043>,  <27.182442, 35.539444, 35.891518>, 0.100000
	pigment { color rgbt <1,0,0,0> }
	no_shadow
}

// particle -1
sphere {
	<27.406307, 35.318897, 35.644043> 0.100000
	pigment { color rgbt <1,0,0,0> }
	no_shadow
}
sphere {
	0, 1
	scale<0.080000,0.200000,0.300000>
	matrix <-0.774166, -0.614237, -0.152904,
		-0.295711, 0.564537, -0.770618,
		0.559662, -0.551371, -0.618682,
		27.574205, 35.153484, 35.458439>
	pigment { color rgbt <0,1,1,0> }
	no_shadow
}
cylinder {
	<26.902758, 35.456398, 35.131516>,  <27.182442, 35.539444, 35.891518>, 0.130000
	pigment { color rgbt <1,0,0,0> }
	no_shadow
}

// nucleotide -1

// particle -1
sphere {
	<26.902758, 35.456398, 35.131516> 0.250000
	pigment { color rgbt <1,0,0,0> }
	no_shadow
}
cylinder {
	<27.129848, 35.145103, 35.238869>,  <27.266104, 34.958324, 35.303280>, 0.100000
	pigment { color rgbt <1,0,0,0> }
	no_shadow
}
cylinder {
	<27.129848, 35.145103, 35.238869>,  <26.902758, 35.456398, 35.131516>, 0.100000
	pigment { color rgbt <1,0,0,0> }
	no_shadow
}

// particle -1
sphere {
	<27.129848, 35.145103, 35.238869> 0.100000
	pigment { color rgbt <1,0,0,0> }
	no_shadow
}
sphere {
	0, 1
	scale<0.080000,0.200000,0.300000>
	matrix <-0.679740, -0.627070, -0.380443,
		0.464368, 0.033560, -0.885006,
		0.567728, -0.778240, 0.268379,
		27.300167, 34.911633, 35.319382>
	pigment { color rgbt <0,1,1,0> }
	no_shadow
}
cylinder {
	<26.887270, 35.072399, 34.580807>,  <26.902758, 35.456398, 35.131516>, 0.130000
	pigment { color rgbt <1,0,0,0> }
	no_shadow
}

// nucleotide -1

// particle -1
sphere {
	<26.887270, 35.072399, 34.580807> 0.250000
	pigment { color rgbt <1,0,0,0> }
	no_shadow
}
cylinder {
	<27.023766, 34.799431, 34.839375>,  <27.105663, 34.635651, 34.994514>, 0.100000
	pigment { color rgbt <1,0,0,0> }
	no_shadow
}
cylinder {
	<27.023766, 34.799431, 34.839375>,  <26.887270, 35.072399, 34.580807>, 0.100000
	pigment { color rgbt <1,0,0,0> }
	no_shadow
}

// particle -1
sphere {
	<27.023766, 34.799431, 34.839375> 0.100000
	pigment { color rgbt <1,0,0,0> }
	no_shadow
}
sphere {
	0, 1
	scale<0.080000,0.200000,0.300000>
	matrix <-0.546100, -0.703661, -0.454573,
		0.765069, -0.197890, -0.612788,
		0.341239, -0.682423, 0.646417,
		27.126137, 34.594704, 35.033298>
	pigment { color rgbt <0,1,1,0> }
	no_shadow
}
cylinder {
	<26.824492, 34.406399, 34.159012>,  <26.887270, 35.072399, 34.580807>, 0.130000
	pigment { color rgbt <1,0,0,0> }
	no_shadow
}

// nucleotide -1

// particle -1
sphere {
	<26.824492, 34.406399, 34.159012> 0.250000
	pigment { color rgbt <1,0,0,0> }
	no_shadow
}
cylinder {
	<26.912201, 34.279453, 34.528053>,  <26.964827, 34.203285, 34.749477>, 0.100000
	pigment { color rgbt <1,0,0,0> }
	no_shadow
}
cylinder {
	<26.912201, 34.279453, 34.528053>,  <26.824492, 34.406399, 34.159012>, 0.100000
	pigment { color rgbt <1,0,0,0> }
	no_shadow
}

// particle -1
sphere {
	<26.912201, 34.279453, 34.528053> 0.100000
	pigment { color rgbt <1,0,0,0> }
	no_shadow
}
sphere {
	0, 1
	scale<0.080000,0.200000,0.300000>
	matrix <-0.409698, -0.888158, -0.208143,
		0.885475, -0.332348, -0.324775,
		0.219275, -0.317365, 0.922604,
		26.977983, 34.184242, 34.804836>
	pigment { color rgbt <0,1,1,0> }
	no_shadow
}
cylinder {
	<27.026386, 33.666714, 34.070747>,  <26.824492, 34.406399, 34.159012>, 0.130000
	pigment { color rgbt <1,0,0,0> }
	no_shadow
}

// nucleotide -1

// particle -1
sphere {
	<27.026386, 33.666714, 34.070747> 0.250000
	pigment { color rgbt <1,0,0,0> }
	no_shadow
}
cylinder {
	<26.961246, 33.697418, 34.464211>,  <26.922163, 33.715843, 34.700291>, 0.100000
	pigment { color rgbt <1,0,0,0> }
	no_shadow
}
cylinder {
	<26.961246, 33.697418, 34.464211>,  <27.026386, 33.666714, 34.070747>, 0.100000
	pigment { color rgbt <1,0,0,0> }
	no_shadow
}

// particle -1
sphere {
	<26.961246, 33.697418, 34.464211> 0.100000
	pigment { color rgbt <1,0,0,0> }
	no_shadow
}
sphere {
	0, 1
	scale<0.080000,0.200000,0.300000>
	matrix <-0.368093, -0.929716, 0.011617,
		0.915417, -0.360187, 0.179659,
		-0.162848, 0.076766, 0.983660,
		26.912392, 33.720448, 34.759308>
	pigment { color rgbt <0,1,1,0> }
	no_shadow
}
cylinder {
	<27.373209, 33.072315, 34.408176>,  <27.026386, 33.666714, 34.070747>, 0.130000
	pigment { color rgbt <1,0,0,0> }
	no_shadow
}

// nucleotide -1

// particle -1
sphere {
	<27.373209, 33.072315, 34.408176> 0.250000
	pigment { color rgbt <1,0,0,0> }
	no_shadow
}
cylinder {
	<27.066303, 33.215401, 34.621098>,  <26.882160, 33.301250, 34.748852>, 0.100000
	pigment { color rgbt <1,0,0,0> }
	no_shadow
}
cylinder {
	<27.066303, 33.215401, 34.621098>,  <27.373209, 33.072315, 34.408176>, 0.100000
	pigment { color rgbt <1,0,0,0> }
	no_shadow
}

// particle -1
sphere {
	<27.066303, 33.215401, 34.621098> 0.100000
	pigment { color rgbt <1,0,0,0> }
	no_shadow
}
sphere {
	0, 1
	scale<0.080000,0.200000,0.300000>
	matrix <-0.394354, -0.917690, 0.048277,
		0.505759, -0.172875, 0.845176,
		-0.767264, 0.357715, 0.532304,
		26.836124, 33.322716, 34.780788>
	pigment { color rgbt <0,1,1,0> }
	no_shadow
}
cylinder {
	<27.357912, 32.607712, 34.923004>,  <27.373209, 33.072315, 34.408176>, 0.130000
	pigment { color rgbt <1,0,0,0> }
	no_shadow
}

// nucleotide -1

// particle -1
sphere {
	<27.357912, 32.607712, 34.923004> 0.250000
	pigment { color rgbt <1,0,0,0> }
	no_shadow
}
cylinder {
	<26.993881, 32.772427, 34.941750>,  <26.775463, 32.871254, 34.952995>, 0.100000
	pigment { color rgbt <1,0,0,0> }
	no_shadow
}
cylinder {
	<26.993881, 32.772427, 34.941750>,  <27.357912, 32.607712, 34.923004>, 0.100000
	pigment { color rgbt <1,0,0,0> }
	no_shadow
}

// particle -1
sphere {
	<26.993881, 32.772427, 34.941750> 0.100000
	pigment { color rgbt <1,0,0,0> }
	no_shadow
}
sphere {
	0, 1
	scale<0.080000,0.200000,0.300000>
	matrix <-0.401495, -0.904030, 0.146737,
		0.102790, 0.114726, 0.988065,
		-0.910075, 0.411786, 0.046863,
		26.720860, 32.895962, 34.955807>
	pigment { color rgbt <0,1,1,0> }
	no_shadow
}
cylinder {
	<27.019268, 32.323097, 35.580372>,  <27.357912, 32.607712, 34.923004>, 0.130000
	pigment { color rgbt <1,0,0,0> }
	no_shadow
}

// nucleotide -1

// particle -1
sphere {
	<27.019268, 32.323097, 35.580372> 0.250000
	pigment { color rgbt <1,0,0,0> }
	no_shadow
}
cylinder {
	<26.749800, 32.437962, 35.307987>,  <26.588120, 32.506882, 35.144558>, 0.100000
	pigment { color rgbt <1,0,0,0> }
	no_shadow
}
cylinder {
	<26.749800, 32.437962, 35.307987>,  <27.019268, 32.323097, 35.580372>, 0.100000
	pigment { color rgbt <1,0,0,0> }
	no_shadow
}

// particle -1
sphere {
	<26.749800, 32.437962, 35.307987> 0.100000
	pigment { color rgbt <1,0,0,0> }
	no_shadow
}
sphere {
	0, 1
	scale<0.080000,0.200000,0.300000>
	matrix <-0.580513, -0.775844, 0.247123,
		-0.457355, 0.561786, 0.689364,
		-0.673670, 0.287162, -0.680960,
		26.547699, 32.524109, 35.103699>
	pigment { color rgbt <0,1,1,0> }
	no_shadow
}
cylinder {
	<26.355240, 32.177711, 35.900120>,  <27.019268, 32.323097, 35.580372>, 0.130000
	pigment { color rgbt <1,0,0,0> }
	no_shadow
}

// nucleotide -1

// particle -1
sphere {
	<26.355240, 32.177711, 35.900120> 0.250000
	pigment { color rgbt <1,0,0,0> }
	no_shadow
}
cylinder {
	<26.267941, 32.205303, 35.510738>,  <26.215561, 32.221859, 35.277111>, 0.100000
	pigment { color rgbt <1,0,0,0> }
	no_shadow
}
cylinder {
	<26.267941, 32.205303, 35.510738>,  <26.355240, 32.177711, 35.900120>, 0.100000
	pigment { color rgbt <1,0,0,0> }
	no_shadow
}

// particle -1
sphere {
	<26.267941, 32.205303, 35.510738> 0.100000
	pigment { color rgbt <1,0,0,0> }
	no_shadow
}
sphere {
	0, 1
	scale<0.080000,0.200000,0.300000>
	matrix <-0.367812, -0.929752, 0.016582,
		-0.903926, 0.361666, 0.228289,
		-0.218250, 0.068978, -0.973452,
		26.202465, 32.225998, 35.218704>
	pigment { color rgbt <0,1,1,0> }
	no_shadow
}
cylinder {
	<25.646292, 31.921410, 35.889389>,  <26.355240, 32.177711, 35.900120>, 0.130000
	pigment { color rgbt <1,0,0,0> }
	no_shadow
}

// nucleotide -1

// particle -1
sphere {
	<25.646292, 31.921410, 35.889389> 0.250000
	pigment { color rgbt <1,0,0,0> }
	no_shadow
}
cylinder {
	<25.806990, 31.901630, 35.523621>,  <25.903408, 31.889763, 35.304161>, 0.100000
	pigment { color rgbt <1,0,0,0> }
	no_shadow
}
cylinder {
	<25.806990, 31.901630, 35.523621>,  <25.646292, 31.921410, 35.889389>, 0.100000
	pigment { color rgbt <1,0,0,0> }
	no_shadow
}

// particle -1
sphere {
	<25.806990, 31.901630, 35.523621> 0.100000
	pigment { color rgbt <1,0,0,0> }
	no_shadow
}
sphere {
	0, 1
	scale<0.080000,0.200000,0.300000>
	matrix <-0.233093, -0.971174, -0.049893,
		-0.885590, 0.233188, -0.401688,
		0.401743, -0.049446, -0.914417,
		25.927513, 31.886797, 35.249294>
	pigment { color rgbt <0,1,1,0> }
	no_shadow
}
cylinder {
	<25.155615, 31.687107, 35.487484>,  <25.646292, 31.921410, 35.889389>, 0.130000
	pigment { color rgbt <1,0,0,0> }
	no_shadow
}

// nucleotide -1

// particle -1
sphere {
	<25.155615, 31.687107, 35.487484> 0.250000
	pigment { color rgbt <1,0,0,0> }
	no_shadow
}
cylinder {
	<25.501875, 31.599354, 35.307476>,  <25.709631, 31.546701, 35.199471>, 0.100000
	pigment { color rgbt <1,0,0,0> }
	no_shadow
}
cylinder {
	<25.501875, 31.599354, 35.307476>,  <25.155615, 31.687107, 35.487484>, 0.100000
	pigment { color rgbt <1,0,0,0> }
	no_shadow
}

// particle -1
sphere {
	<25.501875, 31.599354, 35.307476> 0.100000
	pigment { color rgbt <1,0,0,0> }
	no_shadow
}
sphere {
	0, 1
	scale<0.080000,0.200000,0.300000>
	matrix <-0.308846, -0.941464, -0.135129,
		-0.394032, 0.255961, -0.882736,
		0.865652, -0.219384, -0.450020,
		25.761570, 31.533539, 35.172470>
	pigment { color rgbt <0,1,1,0> }
	no_shadow
}
cylinder {
	<25.029791, 31.313900, 34.819710>,  <25.155615, 31.687107, 35.487484>, 0.130000
	pigment { color rgbt <1,0,0,0> }
	no_shadow
}

// nucleotide -1

// particle -1
sphere {
	<25.029791, 31.313900, 34.819710> 0.250000
	pigment { color rgbt <1,0,0,0> }
	no_shadow
}
cylinder {
	<25.407825, 31.219255, 34.909889>,  <25.634645, 31.162468, 34.963997>, 0.100000
	pigment { color rgbt <1,0,0,0> }
	no_shadow
}
cylinder {
	<25.407825, 31.219255, 34.909889>,  <25.029791, 31.313900, 34.819710>, 0.100000
	pigment { color rgbt <1,0,0,0> }
	no_shadow
}

// particle -1
sphere {
	<25.407825, 31.219255, 34.909889> 0.100000
	pigment { color rgbt <1,0,0,0> }
	no_shadow
}
sphere {
	0, 1
	scale<0.080000,0.200000,0.300000>
	matrix <-0.209789, -0.968150, -0.136654,
		0.250606, 0.081852, -0.964623,
		0.945085, -0.236613, 0.225453,
		25.691351, 31.148272, 34.977524>
	pigment { color rgbt <0,1,1,0> }
	no_shadow
}
cylinder {
	<25.078876, 30.718721, 34.572437>,  <25.029791, 31.313900, 34.819710>, 0.130000
	pigment { color rgbt <1,0,0,0> }
	no_shadow
}

// nucleotide -1

// particle -1
sphere {
	<25.078876, 30.718721, 34.572437> 0.250000
	pigment { color rgbt <1,0,0,0> }
	no_shadow
}
cylinder {
	<25.402838, 30.681688, 34.804123>,  <25.597214, 30.659468, 34.943134>, 0.100000
	pigment { color rgbt <1,0,0,0> }
	no_shadow
}
cylinder {
	<25.402838, 30.681688, 34.804123>,  <25.078876, 30.718721, 34.572437>, 0.100000
	pigment { color rgbt <1,0,0,0> }
	no_shadow
}

// particle -1
sphere {
	<25.402838, 30.681688, 34.804123> 0.100000
	pigment { color rgbt <1,0,0,0> }
	no_shadow
}
sphere {
	0, 1
	scale<0.080000,0.200000,0.300000>
	matrix <-0.156943, -0.985666, 0.061896,
		0.565180, -0.141033, -0.812823,
		0.809902, -0.092585, 0.579213,
		25.645807, 30.653913, 34.977886>
	pigment { color rgbt <0,1,1,0> }
	no_shadow
}
cylinder {
	<25.402996, 30.022184, 34.372086>,  <25.078876, 30.718721, 34.572437>, 0.130000
	pigment { color rgbt <1,0,0,0> }
	no_shadow
}

// nucleotide -1

// particle -1
sphere {
	<25.402996, 30.022184, 34.372086> 0.250000
	pigment { color rgbt <1,0,0,0> }
	no_shadow
}
cylinder {
	<25.581005, 30.088570, 34.724087>,  <25.687811, 30.128401, 34.935287>, 0.100000
	pigment { color rgbt <1,0,0,0> }
	no_shadow
}
cylinder {
	<25.581005, 30.088570, 34.724087>,  <25.402996, 30.022184, 34.372086>, 0.100000
	pigment { color rgbt <1,0,0,0> }
	no_shadow
}

// particle -1
sphere {
	<25.581005, 30.088570, 34.724087> 0.100000
	pigment { color rgbt <1,0,0,0> }
	no_shadow
}
sphere {
	0, 1
	scale<0.080000,0.200000,0.300000>
	matrix <-0.163655, -0.951057, 0.262123,
		0.880438, -0.260668, -0.396082,
		0.445023, 0.165962, 0.880006,
		25.714512, 30.138359, 34.988091>
	pigment { color rgbt <0,1,1,0> }
	no_shadow
}
cylinder {
	<25.767355, 29.456629, 34.389103>,  <25.402996, 30.022184, 34.372086>, 0.130000
	pigment { color rgbt <1,0,0,0> }
	no_shadow
}

// nucleotide -1

// particle -1
sphere {
	<25.767355, 29.456629, 34.389103> 0.250000
	pigment { color rgbt <1,0,0,0> }
	no_shadow
}
cylinder {
	<25.755789, 29.607330, 34.759449>,  <25.748848, 29.697750, 34.981655>, 0.100000
	pigment { color rgbt <1,0,0,0> }
	no_shadow
}
cylinder {
	<25.755789, 29.607330, 34.759449>,  <25.767355, 29.456629, 34.389103>, 0.100000
	pigment { color rgbt <1,0,0,0> }
	no_shadow
}

// particle -1
sphere {
	<25.755789, 29.607330, 34.759449> 0.100000
	pigment { color rgbt <1,0,0,0> }
	no_shadow
}
sphere {
	0, 1
	scale<0.080000,0.200000,0.300000>
	matrix <-0.269502, -0.894888, 0.355731,
		0.962566, -0.239235, 0.127412,
		-0.028916, 0.376752, 0.925863,
		25.747114, 29.720356, 35.037209>
	pigment { color rgbt <0,1,1,0> }
	no_shadow
}
cylinder {
	<26.164148, 29.017561, 34.814323>,  <25.767355, 29.456629, 34.389103>, 0.130000
	pigment { color rgbt <1,0,0,0> }
	no_shadow
}

// nucleotide -1

// particle -1
sphere {
	<26.164148, 29.017561, 34.814323> 0.250000
	pigment { color rgbt <1,0,0,0> }
	no_shadow
}
cylinder {
	<25.928782, 29.206356, 35.076923>,  <25.787561, 29.319633, 35.234486>, 0.100000
	pigment { color rgbt <1,0,0,0> }
	no_shadow
}
cylinder {
	<25.928782, 29.206356, 35.076923>,  <26.164148, 29.017561, 34.814323>, 0.100000
	pigment { color rgbt <1,0,0,0> }
	no_shadow
}

// particle -1
sphere {
	<25.928782, 29.206356, 35.076923> 0.100000
	pigment { color rgbt <1,0,0,0> }
	no_shadow
}
sphere {
	0, 1
	scale<0.080000,0.200000,0.300000>
	matrix <-0.315548, -0.881606, 0.350999,
		0.744445, -0.000626, 0.667684,
		-0.588415, 0.471985, 0.656504,
		25.752256, 29.347952, 35.273876>
	pigment { color rgbt <0,1,1,0> }
	no_shadow
}
cylinder {
	<26.431269, 28.698629, 35.421986>,  <26.164148, 29.017561, 34.814323>, 0.130000
	pigment { color rgbt <1,0,0,0> }
	no_shadow
}

// nucleotide -1

// particle -1
sphere {
	<26.431269, 28.698629, 35.421986> 0.250000
	pigment { color rgbt <1,0,0,0> }
	no_shadow
}
cylinder {
	<26.062803, 28.828005, 35.508564>,  <25.841724, 28.905630, 35.560509>, 0.100000
	pigment { color rgbt <1,0,0,0> }
	no_shadow
}
cylinder {
	<26.062803, 28.828005, 35.508564>,  <26.431269, 28.698629, 35.421986>, 0.100000
	pigment { color rgbt <1,0,0,0> }
	no_shadow
}

// particle -1
sphere {
	<26.062803, 28.828005, 35.508564> 0.100000
	pigment { color rgbt <1,0,0,0> }
	no_shadow
}
sphere {
	0, 1
	scale<0.080000,0.200000,0.300000>
	matrix <-0.174773, -0.840716, 0.512495,
		0.347727, 0.434263, 0.830964,
		-0.921163, 0.323438, 0.216442,
		25.786455, 28.925035, 35.573498>
	pigment { color rgbt <0,1,1,0> }
	no_shadow
}
cylinder {
	<26.309727, 28.652733, 36.235413>,  <26.431269, 28.698629, 35.421986>, 0.130000
	pigment { color rgbt <1,0,0,0> }
	no_shadow
}

// nucleotide -1

// particle -1
sphere {
	<26.309727, 28.652733, 36.235413> 0.250000
	pigment { color rgbt <1,0,0,0> }
	no_shadow
}
cylinder {
	<25.952597, 28.640036, 36.055698>,  <25.738319, 28.632418, 35.947868>, 0.100000
	pigment { color rgbt <1,0,0,0> }
	no_shadow
}
cylinder {
	<25.952597, 28.640036, 36.055698>,  <26.309727, 28.652733, 36.235413>, 0.100000
	pigment { color rgbt <1,0,0,0> }
	no_shadow
}

// particle -1
sphere {
	<25.952597, 28.640036, 36.055698> 0.100000
	pigment { color rgbt <1,0,0,0> }
	no_shadow
}
sphere {
	0, 1
	scale<0.080000,0.200000,0.300000>
	matrix <-0.161061, -0.909054, 0.384291,
		-0.420623, 0.415467, 0.806513,
		-0.892824, -0.031744, -0.449285,
		25.684750, 28.630512, 35.920914>
	pigment { color rgbt <0,1,1,0> }
	no_shadow
}
cylinder {
	<25.898819, 28.438524, 36.775761>,  <26.309727, 28.652733, 36.235413>, 0.130000
	pigment { color rgbt <1,0,0,0> }
	no_shadow
}

// nucleotide -1

// particle -1
sphere {
	<25.898819, 28.438524, 36.775761> 0.250000
	pigment { color rgbt <1,0,0,0> }
	no_shadow
}
cylinder {
	<25.684008, 28.371389, 36.445080>,  <25.555120, 28.331108, 36.246674>, 0.100000
	pigment { color rgbt <1,0,0,0> }
	no_shadow
}
cylinder {
	<25.684008, 28.371389, 36.445080>,  <25.898819, 28.438524, 36.775761>, 0.100000
	pigment { color rgbt <1,0,0,0> }
	no_shadow
}

// particle -1
sphere {
	<25.684008, 28.371389, 36.445080> 0.100000
	pigment { color rgbt <1,0,0,0> }
	no_shadow
}
sphere {
	0, 1
	scale<0.080000,0.200000,0.300000>
	matrix <-0.264196, -0.897239, 0.353784,
		-0.801124, 0.408403, 0.437501,
		-0.537029, -0.167839, -0.826698,
		25.522900, 28.321037, 36.197071>
	pigment { color rgbt <0,1,1,0> }
	no_shadow
}
cylinder {
	<25.246340, 28.155424, 36.960487>,  <25.898819, 28.438524, 36.775761>, 0.130000
	pigment { color rgbt <1,0,0,0> }
	no_shadow
}

// nucleotide -1

// particle -1
sphere {
	<25.246340, 28.155424, 36.960487> 0.250000
	pigment { color rgbt <1,0,0,0> }
	no_shadow
}
cylinder {
	<25.378391, 28.025278, 36.606052>,  <25.457623, 27.947189, 36.393391>, 0.100000
	pigment { color rgbt <1,0,0,0> }
	no_shadow
}
cylinder {
	<25.378391, 28.025278, 36.606052>,  <25.246340, 28.155424, 36.960487>, 0.100000
	pigment { color rgbt <1,0,0,0> }
	no_shadow
}

// particle -1
sphere {
	<25.378391, 28.025278, 36.606052> 0.100000
	pigment { color rgbt <1,0,0,0> }
	no_shadow
}
sphere {
	0, 1
	scale<0.080000,0.200000,0.300000>
	matrix <-0.141425, -0.945169, 0.294371,
		-0.933281, 0.028134, -0.358044,
		0.330130, -0.325367, -0.886087,
		25.477430, 27.927668, 36.340225>
	pigment { color rgbt <0,1,1,0> }
	no_shadow
}
cylinder {
	<24.710526, 27.684959, 36.638439>,  <25.246340, 28.155424, 36.960487>, 0.130000
	pigment { color rgbt <1,0,0,0> }
	no_shadow
}

// nucleotide -1

// particle -1
sphere {
	<24.710526, 27.684959, 36.638439> 0.250000
	pigment { color rgbt <1,0,0,0> }
	no_shadow
}
cylinder {
	<25.107958, 27.640049, 36.643917>,  <25.346418, 27.613104, 36.647202>, 0.100000
	pigment { color rgbt <1,0,0,0> }
	no_shadow
}
cylinder {
	<25.107958, 27.640049, 36.643917>,  <24.710526, 27.684959, 36.638439>, 0.100000
	pigment { color rgbt <1,0,0,0> }
	no_shadow
}

// particle -1
sphere {
	<25.107958, 27.640049, 36.643917> 0.100000
	pigment { color rgbt <1,0,0,0> }
	no_shadow
}
sphere {
	0, 1
	scale<0.080000,0.200000,0.300000>
	matrix <-0.086031, -0.671597, 0.735905,
		-0.073428, -0.732361, -0.676946,
		0.993583, -0.112275, 0.013692,
		25.406033, 27.606367, 36.648026>
	pigment { color rgbt <0,1,1,0> }
	no_shadow
}
cylinder {
	<24.772064, 26.955389, 36.559547>,  <24.710526, 27.684959, 36.638439>, 0.130000
	pigment { color rgbt <1,0,0,0> }
	no_shadow
}

// nucleotide -1

// particle -1
sphere {
	<24.772064, 26.955389, 36.559547> 0.250000
	pigment { color rgbt <1,0,0,0> }
	no_shadow
}
cylinder {
	<25.072495, 27.154375, 36.733173>,  <25.252752, 27.273767, 36.837349>, 0.100000
	pigment { color rgbt <1,0,0,0> }
	no_shadow
}
cylinder {
	<25.072495, 27.154375, 36.733173>,  <24.772064, 26.955389, 36.559547>, 0.100000
	pigment { color rgbt <1,0,0,0> }
	no_shadow
}

// particle -1
sphere {
	<25.072495, 27.154375, 36.733173> 0.100000
	pigment { color rgbt <1,0,0,0> }
	no_shadow
}
sphere {
	0, 1
	scale<0.080000,0.200000,0.300000>
	matrix <-0.125603, -0.537785, 0.833673,
		0.648158, -0.680671, -0.341434,
		0.751076, 0.497467, 0.434064,
		25.297817, 27.303616, 36.863392>
	pigment { color rgbt <0,1,1,0> }
	no_shadow
}
cylinder {
	<25.388947, 26.591055, 36.661297>,  <24.772064, 26.955389, 36.559547>, 0.130000
	pigment { color rgbt <1,0,0,0> }
	no_shadow
}

// nucleotide -1

// particle -1
sphere {
	<25.388947, 26.591055, 36.661297> 0.250000
	pigment { color rgbt <1,0,0,0> }
	no_shadow
}
cylinder {
	<25.361460, 26.872629, 36.944069>,  <25.344967, 27.041574, 37.113731>, 0.100000
	pigment { color rgbt <1,0,0,0> }
	no_shadow
}
cylinder {
	<25.361460, 26.872629, 36.944069>,  <25.388947, 26.591055, 36.661297>, 0.100000
	pigment { color rgbt <1,0,0,0> }
	no_shadow
}

// particle -1
sphere {
	<25.361460, 26.872629, 36.944069> 0.100000
	pigment { color rgbt <1,0,0,0> }
	no_shadow
}
sphere {
	0, 1
	scale<0.080000,0.200000,0.300000>
	matrix <-0.016931, -0.709326, 0.704677,
		0.997492, 0.036454, 0.060661,
		-0.068717, 0.703937, 0.706931,
		25.340845, 27.083811, 37.156147>
	pigment { color rgbt <0,1,1,0> }
	no_shadow
}
cylinder {
	<26.007505, 26.391821, 37.101315>,  <25.388947, 26.591055, 36.661297>, 0.130000
	pigment { color rgbt <1,0,0,0> }
	no_shadow
}

// nucleotide -1

// particle -1
sphere {
	<26.007505, 26.391821, 37.101315> 0.250000
	pigment { color rgbt <1,0,0,0> }
	no_shadow
}
cylinder {
	<25.745480, 26.605726, 37.314823>,  <25.588264, 26.734070, 37.442928>, 0.100000
	pigment { color rgbt <1,0,0,0> }
	no_shadow
}
cylinder {
	<25.745480, 26.605726, 37.314823>,  <26.007505, 26.391821, 37.101315>, 0.100000
	pigment { color rgbt <1,0,0,0> }
	no_shadow
}

// particle -1
sphere {
	<25.745480, 26.605726, 37.314823> 0.100000
	pigment { color rgbt <1,0,0,0> }
	no_shadow
}
sphere {
	0, 1
	scale<0.080000,0.200000,0.300000>
	matrix <0.191176, -0.566157, 0.801822,
		0.730987, 0.627290, 0.268636,
		-0.655065, 0.534765, 0.533776,
		25.548960, 26.766155, 37.474957>
	pigment { color rgbt <0,1,1,0> }
	no_shadow
}
cylinder {
	<26.360672, 26.386068, 37.645657>,  <26.007505, 26.391821, 37.101315>, 0.130000
	pigment { color rgbt <1,0,0,0> }
	no_shadow
}

// nucleotide -1

// particle -1
sphere {
	<26.360672, 26.386068, 37.645657> 0.250000
	pigment { color rgbt <1,0,0,0> }
	no_shadow
}
cylinder {
	<25.973787, 26.444855, 37.728508>,  <25.741657, 26.480127, 37.778217>, 0.100000
	pigment { color rgbt <1,0,0,0> }
	no_shadow
}
cylinder {
	<25.973787, 26.444855, 37.728508>,  <26.360672, 26.386068, 37.645657>, 0.100000
	pigment { color rgbt <1,0,0,0> }
	no_shadow
}

// particle -1
sphere {
	<25.973787, 26.444855, 37.728508> 0.100000
	pigment { color rgbt <1,0,0,0> }
	no_shadow
}
sphere {
	0, 1
	scale<0.080000,0.200000,0.300000>
	matrix <0.072188, -0.622828, 0.779022,
		0.243494, 0.768431, 0.591797,
		-0.967212, 0.146966, 0.207126,
		25.683624, 26.488945, 37.790646>
	pigment { color rgbt <0,1,1,0> }
	no_shadow
}
cylinder {
	<26.335247, 26.166647, 38.273045>,  <26.360672, 26.386068, 37.645657>, 0.130000
	pigment { color rgbt <1,0,0,0> }
	no_shadow
}

// nucleotide -1

// particle -1
sphere {
	<26.335247, 26.166647, 38.273045> 0.250000
	pigment { color rgbt <1,0,0,0> }
	no_shadow
}
cylinder {
	<25.954634, 26.184843, 38.151379>,  <25.726265, 26.195761, 38.078381>, 0.100000
	pigment { color rgbt <1,0,0,0> }
	no_shadow
}
cylinder {
	<25.954634, 26.184843, 38.151379>,  <26.335247, 26.166647, 38.273045>, 0.100000
	pigment { color rgbt <1,0,0,0> }
	no_shadow
}

// particle -1
sphere {
	<25.954634, 26.184843, 38.151379> 0.100000
	pigment { color rgbt <1,0,0,0> }
	no_shadow
}
sphere {
	0, 1
	scale<0.080000,0.200000,0.300000>
	matrix <-0.268576, -0.604750, 0.749763,
		-0.149834, 0.795115, 0.587658,
		-0.951534, 0.045491, -0.304161,
		25.669174, 26.198490, 38.060131>
	pigment { color rgbt <0,1,1,0> }
	no_shadow
}
cylinder {
	<26.945694, 26.484804, 38.530499>,  <26.335247, 26.166647, 38.273045>, 0.130000
	pigment { color rgbt <1,0,0,0> }
	no_shadow
}

// nucleotide -1

// particle -1
sphere {
	<26.945694, 26.484804, 38.530499> 0.250000
	pigment { color rgbt <1,0,0,0> }
	no_shadow
}
cylinder {
	<27.260584, 26.239536, 38.504269>,  <27.449518, 26.092377, 38.488533>, 0.100000
	pigment { color rgbt <1,0,0,0> }
	no_shadow
}
cylinder {
	<27.260584, 26.239536, 38.504269>,  <26.945694, 26.484804, 38.530499>, 0.100000
	pigment { color rgbt <1,0,0,0> }
	no_shadow
}

// particle -1
sphere {
	<27.260584, 26.239536, 38.504269> 0.100000
	pigment { color rgbt <1,0,0,0> }
	no_shadow
}
sphere {
	0, 1
	scale<0.080000,0.200000,0.300000>
	matrix <0.461634, 0.656475, -0.596603,
		0.408863, 0.439392, 0.799854,
		0.787226, -0.613168, -0.065571,
		27.496752, 26.055586, 38.484596>
	pigment { color rgbt <0,1,1,0> }
	no_shadow
}
cylinder {
	<27.612572, 26.892021, 38.534916>,  <26.945694, 26.484804, 38.530499>, 0.130000
	pigment { color rgbt <1,0,0,0> }
	no_shadow
}

// nucleotide -1

// particle -1
sphere {
	<27.612572, 26.892021, 38.534916> 0.250000
	pigment { color rgbt <1,0,0,0> }
	no_shadow
}
cylinder {
	<27.722008, 26.562466, 38.336376>,  <27.787668, 26.364733, 38.217255>, 0.100000
	pigment { color rgbt <1,0,0,0> }
	no_shadow
}
cylinder {
	<27.722008, 26.562466, 38.336376>,  <27.612572, 26.892021, 38.534916>, 0.100000
	pigment { color rgbt <1,0,0,0> }
	no_shadow
}

// particle -1
sphere {
	<27.722008, 26.562466, 38.336376> 0.100000
	pigment { color rgbt <1,0,0,0> }
	no_shadow
}
sphere {
	0, 1
	scale<0.080000,0.200000,0.300000>
	matrix <0.378375, 0.566616, -0.731969,
		0.884297, 0.012453, 0.466758,
		0.273588, -0.823887, -0.496346,
		27.804085, 26.315300, 38.187473>
	pigment { color rgbt <0,1,1,0> }
	no_shadow
}
cylinder {
	<28.386511, 26.818827, 38.513840>,  <27.612572, 26.892021, 38.534916>, 0.130000
	pigment { color rgbt <1,0,0,0> }
	no_shadow
}

// nucleotide -1

// particle -1
sphere {
	<28.386511, 26.818827, 38.513840> 0.250000
	pigment { color rgbt <1,0,0,0> }
	no_shadow
}
cylinder {
	<28.140924, 26.729210, 38.211090>,  <27.993572, 26.675440, 38.029442>, 0.100000
	pigment { color rgbt <1,0,0,0> }
	no_shadow
}
cylinder {
	<28.140924, 26.729210, 38.211090>,  <28.386511, 26.818827, 38.513840>, 0.100000
	pigment { color rgbt <1,0,0,0> }
	no_shadow
}

// particle -1
sphere {
	<28.140924, 26.729210, 38.211090> 0.100000
	pigment { color rgbt <1,0,0,0> }
	no_shadow
}
sphere {
	0, 1
	scale<0.080000,0.200000,0.300000>
	matrix <0.393043, 0.744770, -0.539291,
		0.684518, -0.628588, -0.369203,
		-0.613964, -0.224042, -0.756871,
		27.956736, 26.661997, 37.984028>
	pigment { color rgbt <0,1,1,0> }
	no_shadow
}
cylinder {
	<28.799658, 26.714668, 37.874340>,  <28.386511, 26.818827, 38.513840>, 0.130000
	pigment { color rgbt <1,0,0,0> }
	no_shadow
}

// nucleotide -1

// particle -1
sphere {
	<28.799658, 26.714668, 37.874340> 0.250000
	pigment { color rgbt <1,0,0,0> }
	no_shadow
}
cylinder {
	<28.436380, 26.840408, 37.763805>,  <28.218414, 26.915854, 37.697483>, 0.100000
	pigment { color rgbt <1,0,0,0> }
	no_shadow
}
cylinder {
	<28.436380, 26.840408, 37.763805>,  <28.799658, 26.714668, 37.874340>, 0.100000
	pigment { color rgbt <1,0,0,0> }
	no_shadow
}

// particle -1
sphere {
	<28.436380, 26.840408, 37.763805> 0.100000
	pigment { color rgbt <1,0,0,0> }
	no_shadow
}
sphere {
	0, 1
	scale<0.080000,0.200000,0.300000>
	matrix <0.414694, 0.586458, -0.695770,
		-0.056655, -0.746492, -0.662979,
		-0.908196, 0.314352, -0.276340,
		28.163921, 26.934713, 37.680904>
	pigment { color rgbt <0,1,1,0> }
	no_shadow
}
cylinder {
	<28.802334, 26.694296, 37.098362>,  <28.799658, 26.714668, 37.874340>, 0.130000
	pigment { color rgbt <1,0,0,0> }
	no_shadow
}

// nucleotide -1

// particle -1
sphere {
	<28.802334, 26.694296, 37.098362> 0.250000
	pigment { color rgbt <1,0,0,0> }
	no_shadow
}
cylinder {
	<28.518129, 26.949562, 37.216969>,  <28.347607, 27.102722, 37.288132>, 0.100000
	pigment { color rgbt <1,0,0,0> }
	no_shadow
}
cylinder {
	<28.518129, 26.949562, 37.216969>,  <28.802334, 26.694296, 37.098362>, 0.100000
	pigment { color rgbt <1,0,0,0> }
	no_shadow
}

// particle -1
sphere {
	<28.518129, 26.949562, 37.216969> 0.100000
	pigment { color rgbt <1,0,0,0> }
	no_shadow
}
sphere {
	0, 1
	scale<0.080000,0.200000,0.300000>
	matrix <0.343876, 0.682516, -0.644920,
		-0.613943, -0.356257, -0.704383,
		-0.710510, 0.638164, 0.296517,
		28.304976, 27.141012, 37.305923>
	pigment { color rgbt <0,1,1,0> }
	no_shadow
}
cylinder {
	<28.537161, 26.965033, 36.424351>,  <28.802334, 26.694296, 37.098362>, 0.130000
	pigment { color rgbt <1,0,0,0> }
	no_shadow
}

// nucleotide -1

// particle -1
sphere {
	<28.537161, 26.965033, 36.424351> 0.250000
	pigment { color rgbt <1,0,0,0> }
	no_shadow
}
cylinder {
	<28.412136, 27.218365, 36.707531>,  <28.337122, 27.370365, 36.877441>, 0.100000
	pigment { color rgbt <1,0,0,0> }
	no_shadow
}
cylinder {
	<28.412136, 27.218365, 36.707531>,  <28.537161, 26.965033, 36.424351>, 0.100000
	pigment { color rgbt <1,0,0,0> }
	no_shadow
}

// particle -1
sphere {
	<28.412136, 27.218365, 36.707531> 0.100000
	pigment { color rgbt <1,0,0,0> }
	no_shadow
}
sphere {
	0, 1
	scale<0.080000,0.200000,0.300000>
	matrix <0.200373, 0.772483, -0.602596,
		-0.928524, -0.046493, -0.368349,
		-0.312560, 0.633332, 0.707953,
		28.318369, 27.408363, 36.919918>
	pigment { color rgbt <0,1,1,0> }
	no_shadow
}
cylinder {
	<28.042913, 27.320997, 36.123322>,  <28.537161, 26.965033, 36.424351>, 0.130000
	pigment { color rgbt <1,0,0,0> }
	no_shadow
}

// nucleotide -1

// particle -1
sphere {
	<28.042913, 27.320997, 36.123322> 0.250000
	pigment { color rgbt <1,0,0,0> }
	no_shadow
}
cylinder {
	<28.173624, 27.545654, 36.427368>,  <28.252050, 27.680449, 36.609795>, 0.100000
	pigment { color rgbt <1,0,0,0> }
	no_shadow
}
cylinder {
	<28.173624, 27.545654, 36.427368>,  <28.042913, 27.320997, 36.123322>, 0.100000
	pigment { color rgbt <1,0,0,0> }
	no_shadow
}

// particle -1
sphere {
	<28.173624, 27.545654, 36.427368> 0.100000
	pigment { color rgbt <1,0,0,0> }
	no_shadow
}
sphere {
	0, 1
	scale<0.080000,0.200000,0.300000>
	matrix <0.122245, 0.772394, -0.623268,
		-0.937163, 0.296588, 0.183741,
		0.326774, 0.561643, 0.760116,
		28.271656, 27.714148, 36.655403>
	pigment { color rgbt <0,1,1,0> }
	no_shadow
}
cylinder {
	<27.823622, 27.941759, 35.956974>,  <28.042913, 27.320997, 36.123322>, 0.130000
	pigment { color rgbt <1,0,0,0> }
	no_shadow
}

// nucleotide -1

// particle -1
sphere {
	<27.823622, 27.941759, 35.956974> 0.250000
	pigment { color rgbt <1,0,0,0> }
	no_shadow
}
cylinder {
	<28.099941, 28.020658, 36.235222>,  <28.265734, 28.067999, 36.402172>, 0.100000
	pigment { color rgbt <1,0,0,0> }
	no_shadow
}
cylinder {
	<28.099941, 28.020658, 36.235222>,  <27.823622, 27.941759, 35.956974>, 0.100000
	pigment { color rgbt <1,0,0,0> }
	no_shadow
}

// particle -1
sphere {
	<28.099941, 28.020658, 36.235222> 0.100000
	pigment { color rgbt <1,0,0,0> }
	no_shadow
}
sphere {
	0, 1
	scale<0.080000,0.200000,0.300000>
	matrix <0.108735, 0.922789, -0.369645,
		-0.714825, 0.330989, 0.616013,
		0.690798, 0.197249, 0.695623,
		28.307180, 28.079834, 36.443909>
	pigment { color rgbt <0,1,1,0> }
	no_shadow
}
cylinder {
	<27.609348, 28.573853, 36.266197>,  <27.823622, 27.941759, 35.956974>, 0.130000
	pigment { color rgbt <1,0,0,0> }
	no_shadow
}

// nucleotide -1

// particle -1
sphere {
	<27.609348, 28.573853, 36.266197> 0.250000
	pigment { color rgbt <1,0,0,0> }
	no_shadow
}
cylinder {
	<27.995697, 28.522818, 36.356369>,  <28.227507, 28.492197, 36.410473>, 0.100000
	pigment { color rgbt <1,0,0,0> }
	no_shadow
}
cylinder {
	<27.995697, 28.522818, 36.356369>,  <27.609348, 28.573853, 36.266197>, 0.100000
	pigment { color rgbt <1,0,0,0> }
	no_shadow
}

// particle -1
sphere {
	<27.995697, 28.522818, 36.356369> 0.100000
	pigment { color rgbt <1,0,0,0> }
	no_shadow
}
sphere {
	0, 1
	scale<0.080000,0.200000,0.300000>
	matrix <0.166711, 0.972270, -0.164009,
		-0.198251, 0.195993, 0.960356,
		0.965869, -0.127587, 0.225428,
		28.285458, 28.484541, 36.423996>
	pigment { color rgbt <0,1,1,0> }
	no_shadow
}
cylinder {
	<27.926825, 29.236609, 36.491680>,  <27.609348, 28.573853, 36.266197>, 0.130000
	pigment { color rgbt <1,0,0,0> }
	no_shadow
}

// nucleotide -1

// particle -1
sphere {
	<27.926825, 29.236609, 36.491680> 0.250000
	pigment { color rgbt <1,0,0,0> }
	no_shadow
}
cylinder {
	<28.270020, 29.042059, 36.425594>,  <28.475937, 28.925329, 36.385944>, 0.100000
	pigment { color rgbt <1,0,0,0> }
	no_shadow
}
cylinder {
	<28.270020, 29.042059, 36.425594>,  <27.926825, 29.236609, 36.491680>, 0.100000
	pigment { color rgbt <1,0,0,0> }
	no_shadow
}

// particle -1
sphere {
	<28.270020, 29.042059, 36.425594> 0.100000
	pigment { color rgbt <1,0,0,0> }
	no_shadow
}
sphere {
	0, 1
	scale<0.080000,0.200000,0.300000>
	matrix <0.456854, 0.869573, -0.187422,
		0.234821, 0.085328, 0.968286,
		0.857988, -0.486376, -0.165211,
		28.527416, 28.896147, 36.376030>
	pigment { color rgbt <0,1,1,0> }
	no_shadow
}
cylinder {
	<28.382904, 29.631872, 36.827934>,  <27.926825, 29.236609, 36.491680>, 0.130000
	pigment { color rgbt <1,0,0,0> }
	no_shadow
}

// nucleotide -1

// particle -1
sphere {
	<28.382904, 29.631872, 36.827934> 0.250000
	pigment { color rgbt <1,0,0,0> }
	no_shadow
}
cylinder {
	<28.548611, 29.411835, 36.537891>,  <28.648035, 29.279812, 36.363865>, 0.100000
	pigment { color rgbt <1,0,0,0> }
	no_shadow
}
cylinder {
	<28.548611, 29.411835, 36.537891>,  <28.382904, 29.631872, 36.827934>, 0.100000
	pigment { color rgbt <1,0,0,0> }
	no_shadow
}

// particle -1
sphere {
	<28.548611, 29.411835, 36.537891> 0.100000
	pigment { color rgbt <1,0,0,0> }
	no_shadow
}
sphere {
	0, 1
	scale<0.080000,0.200000,0.300000>
	matrix <0.419984, 0.822331, -0.383909,
