// switches for output
#declare DRAW_BASES = 1; // possible values are 0, 1; only relevant for DNA ribbons
#declare DRAW_BASES_TYPE = 3; // possible values are 1, 2, 3; only relevant for DNA ribbons
#declare DRAW_FOG = 0; // set to 1 to enable fog

#include "colors.inc"

#include "transforms.inc"
background { rgb <1, 1, 1>}

#default {
   normal{
       ripples 0.25
       frequency 0.20
       turbulence 0.2
       lambda 5
   }
	finish {
		phong 0.1
		phong_size 40.
	}
}

// original window dimensions: 1024x640


// camera settings

camera {
	sky <0, 0.179814, -0.983701>
	up <0, 0.179814, -0.983701>
	right 1.6 * <1, 0, 0>
	location <35, 94.9851, 44.8844>
	look_at <35, 29.7336, 32.9568>
	direction <0, -65.2515, -11.9276>
	angle 67.0682
}


# declare cpy_camera_pos = <35, 94.9851, 44.8844>;
# if (DRAW_FOG = 1)
fog {
	fog_type 2
	up vnormalize(cpy_camera_pos)
	color rgbt<1,1,1,0.3>
	distance 1e-5
	fog_alt 3e-3
	fog_offset 56
}
# end


// LIGHTS

# declare lum = 6;
global_settings {
	ambient_light rgb lum * <0.05, 0.05, 0.05>
	max_trace_level 15
}# declare cpy_direct_light_amount = 0.25;
light_source
{	1000 * <-1, -1.16352, -0.803886>,
	rgb lum * cpy_direct_light_amount
	parallel
}

light_source
{	1000 * <1, 1.16352, 0.803886>,
	rgb lum * cpy_direct_light_amount
	parallel
}

// strand 0

// nucleotide -1

// particle -1
sphere {
	<24.802780, 35.072495, 34.794159> 0.250000
	pigment { color rgbt <1,0,0,0> }
	no_shadow
}
cylinder {
	<24.493259, 35.063618, 35.047375>,  <24.307547, 35.058292, 35.199303>, 0.100000
	pigment { color rgbt <1,0,0,0> }
	no_shadow
}
cylinder {
	<24.493259, 35.063618, 35.047375>,  <24.802780, 35.072495, 34.794159>, 0.100000
	pigment { color rgbt <1,0,0,0> }
	no_shadow
}

// particle -1
sphere {
	<24.493259, 35.063618, 35.047375> 0.100000
	pigment { color rgbt <1,0,0,0> }
	no_shadow
}
sphere {
	0, 1
	scale<0.080000,0.200000,0.300000>
	matrix <0.151602, -0.976828, 0.151076,
		0.615017, 0.212873, 0.759236,
		-0.773803, -0.022187, 0.633038,
		24.261118, 35.056961, 35.237286>
	pigment { color rgbt <0,1,1,0> }
	no_shadow
}
cylinder {
	<25.531786, 34.921223, 34.693733>,  <24.802780, 35.072495, 34.794159>, 0.130000
	pigment { color rgbt <1,0,0,0> }
	no_shadow
}

// nucleotide -1

// particle -1
sphere {
	<25.531786, 34.921223, 34.693733> 0.250000
	pigment { color rgbt <1,0,0,0> }
	no_shadow
}
cylinder {
	<25.789804, 34.892590, 34.998047>,  <25.944614, 34.875408, 35.180634>, 0.100000
	pigment { color rgbt <1,0,0,0> }
	no_shadow
}
cylinder {
	<25.789804, 34.892590, 34.998047>,  <25.531786, 34.921223, 34.693733>, 0.100000
	pigment { color rgbt <1,0,0,0> }
	no_shadow
}

// particle -1
sphere {
	<25.789804, 34.892590, 34.998047> 0.100000
	pigment { color rgbt <1,0,0,0> }
	no_shadow
}
sphere {
	0, 1
	scale<0.080000,0.200000,0.300000>
	matrix <-0.693766, 0.362486, 0.622328,
		-0.320322, -0.929236, 0.184159,
		0.645045, -0.071582, 0.760784,
		25.983318, 34.871117, 35.226284>
	pigment { color rgbt <0,1,1,0> }
	no_shadow
}
cylinder {
	<25.199377, 34.642773, 35.453369>,  <25.531786, 34.921223, 34.693733>, 0.130000
	pigment { color rgbt <1,0,0,0> }
	no_shadow
}

// nucleotide -1

// particle -1
sphere {
	<25.199377, 34.642773, 35.453369> 0.250000
	pigment { color rgbt <1,0,0,0> }
	no_shadow
}
cylinder {
	<25.520880, 34.876457, 35.498413>,  <25.713781, 35.016666, 35.525440>, 0.100000
	pigment { color rgbt <1,0,0,0> }
	no_shadow
}
cylinder {
	<25.520880, 34.876457, 35.498413>,  <25.199377, 34.642773, 35.453369>, 0.100000
	pigment { color rgbt <1,0,0,0> }
	no_shadow
}

// particle -1
sphere {
	<25.520880, 34.876457, 35.498413> 0.100000
	pigment { color rgbt <1,0,0,0> }
	no_shadow
}
sphere {
	0, 1
	scale<0.080000,0.200000,0.300000>
	matrix <-0.464688, 0.498224, 0.732009,
		0.371541, -0.640683, 0.671924,
		0.803755, 0.584207, 0.112607,
		25.762007, 35.051720, 35.532196>
	pigment { color rgbt <0,1,1,0> }
	no_shadow
}
cylinder {
	<25.324177, 34.704144, 36.222912>,  <25.199377, 34.642773, 35.453369>, 0.130000
	pigment { color rgbt <1,0,0,0> }
	no_shadow
}

// nucleotide -1

// particle -1
sphere {
	<25.324177, 34.704144, 36.222912> 0.250000
	pigment { color rgbt <1,0,0,0> }
	no_shadow
}
cylinder {
	<25.459660, 35.016380, 36.012791>,  <25.540949, 35.203724, 35.886719>, 0.100000
	pigment { color rgbt <1,0,0,0> }
	no_shadow
}
cylinder {
	<25.459660, 35.016380, 36.012791>,  <25.324177, 34.704144, 36.222912>, 0.100000
	pigment { color rgbt <1,0,0,0> }
	no_shadow
}

// particle -1
sphere {
	<25.459660, 35.016380, 36.012791> 0.100000
	pigment { color rgbt <1,0,0,0> }
	no_shadow
}
sphere {
	0, 1
	scale<0.080000,0.200000,0.300000>
	matrix <-0.484953, 0.623269, 0.613479,
		0.806286, 0.046959, 0.589659,
		0.338708, 0.780596, -0.525306,
		25.561272, 35.250561, 35.855198>
	pigment { color rgbt <0,1,1,0> }
	no_shadow
}
cylinder {
	<25.805971, 35.218609, 36.546703>,  <25.324177, 34.704144, 36.222912>, 0.130000
	pigment { color rgbt <1,0,0,0> }
	no_shadow
}

// nucleotide -1

// particle -1
sphere {
	<25.805971, 35.218609, 36.546703> 0.250000
	pigment { color rgbt <1,0,0,0> }
	no_shadow
}
cylinder {
	<25.580038, 35.414120, 36.280754>,  <25.444479, 35.531425, 36.121185>, 0.100000
	pigment { color rgbt <1,0,0,0> }
	no_shadow
}
cylinder {
	<25.580038, 35.414120, 36.280754>,  <25.805971, 35.218609, 36.546703>, 0.100000
	pigment { color rgbt <1,0,0,0> }
	no_shadow
}

// particle -1
sphere {
	<25.580038, 35.414120, 36.280754> 0.100000
	pigment { color rgbt <1,0,0,0> }
	no_shadow
}
sphere {
	0, 1
	scale<0.080000,0.200000,0.300000>
	matrix <-0.255669, 0.662407, 0.704167,
		0.784600, 0.567724, -0.249183,
		-0.564833, 0.488781, -0.664874,
		25.410587, 35.560753, 36.081291>
	pigment { color rgbt <0,1,1,0> }
	no_shadow
}
cylinder {
	<25.684244, 35.966534, 36.702576>,  <25.805971, 35.218609, 36.546703>, 0.130000
	pigment { color rgbt <1,0,0,0> }
	no_shadow
}

// nucleotide -1

// particle -1
sphere {
	<25.684244, 35.966534, 36.702576> 0.250000
	pigment { color rgbt <1,0,0,0> }
	no_shadow
}
cylinder {
	<25.368498, 35.884129, 36.471245>,  <25.179050, 35.834686, 36.332447>, 0.100000
	pigment { color rgbt <1,0,0,0> }
	no_shadow
}
cylinder {
	<25.368498, 35.884129, 36.471245>,  <25.684244, 35.966534, 36.702576>, 0.100000
	pigment { color rgbt <1,0,0,0> }
	no_shadow
}

// particle -1
sphere {
	<25.368498, 35.884129, 36.471245> 0.100000
	pigment { color rgbt <1,0,0,0> }
	no_shadow
}
sphere {
	0, 1
	scale<0.080000,0.200000,0.300000>
	matrix <-0.554204, 0.644393, 0.526893,
		0.264120, 0.736421, -0.622836,
		-0.789366, -0.206014, -0.578324,
		25.131687, 35.822323, 36.297749>
	pigment { color rgbt <0,1,1,0> }
	no_shadow
}
cylinder {
	<26.405289, 35.619431, 36.669704>,  <25.684244, 35.966534, 36.702576>, 0.130000
	pigment { color rgbt <1,0,0,0> }
	no_shadow
}

// nucleotide -1

// particle -1
sphere {
	<26.405289, 35.619431, 36.669704> 0.250000
	pigment { color rgbt <1,0,0,0> }
	no_shadow
}
cylinder {
	<26.706318, 35.857609, 36.782192>,  <26.886934, 36.000515, 36.849686>, 0.100000
	pigment { color rgbt <1,0,0,0> }
	no_shadow
}
cylinder {
	<26.706318, 35.857609, 36.782192>,  <26.405289, 35.619431, 36.669704>, 0.100000
	pigment { color rgbt <1,0,0,0> }
	no_shadow
}

// particle -1
sphere {
	<26.706318, 35.857609, 36.782192> 0.100000
	pigment { color rgbt <1,0,0,0> }
	no_shadow
}
sphere {
	0, 1
	scale<0.080000,0.200000,0.300000>
	matrix <0.578099, -0.392892, -0.715149,
		-0.315338, 0.700775, -0.639903,
		0.752571, 0.595441, 0.281224,
		26.932089, 36.036240, 36.866558>
	pigment { color rgbt <0,1,1,0> }
	no_shadow
}
cylinder {
	<26.538748, 36.137585, 36.190502>,  <26.405289, 35.619431, 36.669704>, 0.130000
	pigment { color rgbt <1,0,0,0> }
	no_shadow
}

// nucleotide -1

// particle -1
sphere {
	<26.538748, 36.137585, 36.190502> 0.250000
	pigment { color rgbt <1,0,0,0> }
	no_shadow
}
cylinder {
	<26.859734, 35.997669, 36.383873>,  <27.052324, 35.913719, 36.499897>, 0.100000
	pigment { color rgbt <1,0,0,0> }
	no_shadow
}
cylinder {
	<26.859734, 35.997669, 36.383873>,  <26.538748, 36.137585, 36.190502>, 0.100000
	pigment { color rgbt <1,0,0,0> }
	no_shadow
}

// particle -1
sphere {
	<26.859734, 35.997669, 36.383873> 0.100000
	pigment { color rgbt <1,0,0,0> }
	no_shadow
}
sphere {
	0, 1
	scale<0.080000,0.200000,0.300000>
	matrix <0.442339, -0.195039, -0.875384,
		0.400487, 0.916301, -0.001786,
		0.802463, -0.349790, 0.483426,
		27.100473, 35.892731, 36.528900>
	pigment { color rgbt <0,1,1,0> }
	no_shadow
}
cylinder {
	<27.015591, 36.190735, 35.589943>,  <26.538748, 36.137585, 36.190502>, 0.130000
	pigment { color rgbt <1,0,0,0> }
	no_shadow
}

// nucleotide -1

// particle -1
sphere {
	<27.015591, 36.190735, 35.589943> 0.250000
	pigment { color rgbt <1,0,0,0> }
	no_shadow
}
cylinder {
	<27.219023, 36.009705, 35.882935>,  <27.341082, 35.901085, 36.058727>, 0.100000
	pigment { color rgbt <1,0,0,0> }
	no_shadow
}
cylinder {
	<27.219023, 36.009705, 35.882935>,  <27.015591, 36.190735, 35.589943>, 0.100000
	pigment { color rgbt <1,0,0,0> }
	no_shadow
}

// particle -1
sphere {
	<27.219023, 36.009705, 35.882935> 0.100000
	pigment { color rgbt <1,0,0,0> }
	no_shadow
}
sphere {
	0, 1
	scale<0.080000,0.200000,0.300000>
	matrix <0.560793, -0.471412, -0.680648,
		0.653341, 0.756933, 0.014049,
		0.508582, -0.452574, 0.732476,
		27.371597, 35.873932, 36.102676>
	pigment { color rgbt <0,1,1,0> }
	no_shadow
}
cylinder {
	<27.771547, 36.242897, 35.483925>,  <27.015591, 36.190735, 35.589943>, 0.130000
	pigment { color rgbt <1,0,0,0> }
	no_shadow
}

// nucleotide -1

// particle -1
sphere {
	<27.771547, 36.242897, 35.483925> 0.250000
	pigment { color rgbt <1,0,0,0> }
	no_shadow
}
cylinder {
	<27.737732, 35.923832, 35.722782>,  <27.717443, 35.732391, 35.866096>, 0.100000
	pigment { color rgbt <1,0,0,0> }
	no_shadow
}
cylinder {
	<27.737732, 35.923832, 35.722782>,  <27.771547, 36.242897, 35.483925>, 0.100000
	pigment { color rgbt <1,0,0,0> }
	no_shadow
}

// particle -1
sphere {
	<27.737732, 35.923832, 35.722782> 0.100000
	pigment { color rgbt <1,0,0,0> }
	no_shadow
}
sphere {
	0, 1
	scale<0.080000,0.200000,0.300000>
	matrix <0.578573, -0.527210, -0.622337,
		0.811238, 0.292881, 0.506077,
		-0.084538, -0.797666, 0.597146,
		27.712370, 35.684532, 35.901924>
	pigment { color rgbt <0,1,1,0> }
	no_shadow
}
cylinder {
	<28.492800, 35.977150, 35.615990>,  <27.771547, 36.242897, 35.483925>, 0.130000
	pigment { color rgbt <1,0,0,0> }
	no_shadow
}

// nucleotide -1

// particle -1
sphere {
	<28.492800, 35.977150, 35.615990> 0.250000
	pigment { color rgbt <1,0,0,0> }
	no_shadow
}
cylinder {
	<28.216549, 35.697041, 35.688274>,  <28.050798, 35.528976, 35.731644>, 0.100000
	pigment { color rgbt <1,0,0,0> }
	no_shadow
}
cylinder {
	<28.216549, 35.697041, 35.688274>,  <28.492800, 35.977150, 35.615990>, 0.100000
	pigment { color rgbt <1,0,0,0> }
	no_shadow
}

// particle -1
sphere {
	<28.216549, 35.697041, 35.688274> 0.100000
	pigment { color rgbt <1,0,0,0> }
	no_shadow
}
sphere {
	0, 1
	scale<0.080000,0.200000,0.300000>
	matrix <0.529186, -0.659625, -0.533720,
		0.492948, -0.272973, 0.826128,
		-0.690626, -0.700272, 0.180707,
		28.009361, 35.486958, 35.742485>
	pigment { color rgbt <0,1,1,0> }
	no_shadow
}
cylinder {
	<28.900936, 35.320965, 35.690685>,  <28.492800, 35.977150, 35.615990>, 0.130000
	pigment { color rgbt <1,0,0,0> }
	no_shadow
}

// nucleotide -1

// particle -1
sphere {
	<28.900936, 35.320965, 35.690685> 0.250000
	pigment { color rgbt <1,0,0,0> }
	no_shadow
}
cylinder {
	<28.531603, 35.190586, 35.609478>,  <28.310003, 35.112358, 35.560753>, 0.100000
	pigment { color rgbt <1,0,0,0> }
	no_shadow
}
cylinder {
	<28.531603, 35.190586, 35.609478>,  <28.900936, 35.320965, 35.690685>, 0.100000
	pigment { color rgbt <1,0,0,0> }
	no_shadow
}

// particle -1
sphere {
	<28.531603, 35.190586, 35.609478> 0.100000
	pigment { color rgbt <1,0,0,0> }
	no_shadow
}
sphere {
	0, 1
	scale<0.080000,0.200000,0.300000>
	matrix <0.383989, -0.787868, -0.481474,
		-0.003020, -0.522518, 0.852623,
		-0.923333, -0.325944, -0.203020,
		28.254602, 35.092804, 35.548573>
	pigment { color rgbt <0,1,1,0> }
	no_shadow
}
cylinder {
	<28.909576, 34.569839, 35.918819>,  <28.900936, 35.320965, 35.690685>, 0.130000
	pigment { color rgbt <1,0,0,0> }
	no_shadow
}

// nucleotide -1

// particle -1
sphere {
	<28.909576, 34.569839, 35.918819> 0.250000
	pigment { color rgbt <1,0,0,0> }
	no_shadow
}
cylinder {
	<28.624763, 34.642548, 35.647537>,  <28.453875, 34.686172, 35.484768>, 0.100000
	pigment { color rgbt <1,0,0,0> }
	no_shadow
}
cylinder {
	<28.624763, 34.642548, 35.647537>,  <28.909576, 34.569839, 35.918819>, 0.100000
	pigment { color rgbt <1,0,0,0> }
	no_shadow
}

// particle -1
sphere {
	<28.624763, 34.642548, 35.647537> 0.100000
	pigment { color rgbt <1,0,0,0> }
	no_shadow
}
sphere {
	0, 1
	scale<0.080000,0.200000,0.300000>
	matrix <0.399709, -0.689188, -0.604362,
		-0.577269, -0.701411, 0.418069,
		-0.712034, 0.181774, -0.678208,
		28.411154, 34.697079, 35.444077>
	pigment { color rgbt <0,1,1,0> }
	no_shadow
}
cylinder {
	<28.696720, 33.900192, 35.646061>,  <28.909576, 34.569839, 35.918819>, 0.130000
	pigment { color rgbt <1,0,0,0> }
	no_shadow
}

// nucleotide -1

// particle -1
sphere {
	<28.696720, 33.900192, 35.646061> 0.250000
	pigment { color rgbt <1,0,0,0> }
	no_shadow
}
cylinder {
	<28.572340, 34.165180, 35.373463>,  <28.497711, 34.324173, 35.209904>, 0.100000
	pigment { color rgbt <1,0,0,0> }
	no_shadow
}
cylinder {
	<28.572340, 34.165180, 35.373463>,  <28.696720, 33.900192, 35.646061>, 0.100000
	pigment { color rgbt <1,0,0,0> }
	no_shadow
}

// particle -1
sphere {
	<28.572340, 34.165180, 35.373463> 0.100000
	pigment { color rgbt <1,0,0,0> }
	no_shadow
}
sphere {
	0, 1
	scale<0.080000,0.200000,0.300000>
	matrix <0.470401, -0.515789, -0.716020,
		-0.825853, -0.543224, -0.151243,
		-0.310950, 0.662472, -0.681499,
		28.479055, 34.363922, 35.169014>
	pigment { color rgbt <0,1,1,0> }
	no_shadow
}
cylinder {
	<28.564419, 33.486343, 35.038727>,  <28.696720, 33.900192, 35.646061>, 0.130000
	pigment { color rgbt <1,0,0,0> }
	no_shadow
}

// nucleotide -1

// particle -1
sphere {
	<28.564419, 33.486343, 35.038727> 0.250000
	pigment { color rgbt <1,0,0,0> }
	no_shadow
}
cylinder {
	<28.585365, 33.861076, 34.900391>,  <28.597933, 34.085915, 34.817390>, 0.100000
	pigment { color rgbt <1,0,0,0> }
	no_shadow
}
cylinder {
	<28.585365, 33.861076, 34.900391>,  <28.564419, 33.486343, 35.038727>, 0.100000
	pigment { color rgbt <1,0,0,0> }
	no_shadow
}

// particle -1
sphere {
	<28.585365, 33.861076, 34.900391> 0.100000
	pigment { color rgbt <1,0,0,0> }
	no_shadow
}
sphere {
	0, 1
	scale<0.080000,0.200000,0.300000>
	matrix <0.516862, -0.321745, -0.793306,
		-0.854466, -0.137210, -0.501061,
		0.052365, 0.936832, -0.345839,
		28.601074, 34.142124, 34.796638>
	pigment { color rgbt <0,1,1,0> }
	no_shadow
}
cylinder {
	<28.313751, 33.414749, 34.376888>,  <28.564419, 33.486343, 35.038727>, 0.130000
	pigment { color rgbt <1,0,0,0> }
	no_shadow
}

// nucleotide -1

// particle -1
sphere {
	<28.313751, 33.414749, 34.376888> 0.250000
	pigment { color rgbt <1,0,0,0> }
	no_shadow
}
cylinder {
	<28.520151, 33.757343, 34.371475>,  <28.643991, 33.962898, 34.368225>, 0.100000
	pigment { color rgbt <1,0,0,0> }
	no_shadow
}
cylinder {
	<28.520151, 33.757343, 34.371475>,  <28.313751, 33.414749, 34.376888>, 0.100000
	pigment { color rgbt <1,0,0,0> }
	no_shadow
}

// particle -1
sphere {
	<28.520151, 33.757343, 34.371475> 0.100000
	pigment { color rgbt <1,0,0,0> }
	no_shadow
}
sphere {
	0, 1
	scale<0.080000,0.200000,0.300000>
	matrix <0.271129, -0.178295, -0.945886,
		-0.812547, 0.484407, -0.324217,
		0.516000, 0.856482, -0.013536,
		28.674952, 34.014286, 34.367416>
	pigment { color rgbt <0,1,1,0> }
	no_shadow
}
cylinder {
	<28.217295, 33.749081, 33.682838>,  <28.313751, 33.414749, 34.376888>, 0.130000
	pigment { color rgbt <1,0,0,0> }
	no_shadow
}

// nucleotide -1

// particle -1
sphere {
	<28.217295, 33.749081, 33.682838> 0.250000
	pigment { color rgbt <1,0,0,0> }
	no_shadow
}
cylinder {
	<28.556858, 33.909298, 33.820778>,  <28.760595, 34.005428, 33.903542>, 0.100000
	pigment { color rgbt <1,0,0,0> }
	no_shadow
}
cylinder {
	<28.556858, 33.909298, 33.820778>,  <28.217295, 33.749081, 33.682838>, 0.100000
	pigment { color rgbt <1,0,0,0> }
	no_shadow
}

// particle -1
sphere {
	<28.556858, 33.909298, 33.820778> 0.100000
	pigment { color rgbt <1,0,0,0> }
	no_shadow
}
sphere {
	0, 1
	scale<0.080000,0.200000,0.300000>
	matrix <0.445045, -0.189733, -0.875178,
		-0.285120, 0.896418, -0.339326,
		0.848906, 0.400546, 0.344849,
		28.811529, 34.029461, 33.924232>
	pigment { color rgbt <0,1,1,0> }
	no_shadow
}
cylinder {
	<28.430761, 34.205853, 33.166737>,  <28.217295, 33.749081, 33.682838>, 0.130000
	pigment { color rgbt <1,0,0,0> }
	no_shadow
}

// nucleotide -1

// particle -1
sphere {
	<28.430761, 34.205853, 33.166737> 0.250000
	pigment { color rgbt <1,0,0,0> }
	no_shadow
}
cylinder {
	<28.766541, 34.136852, 33.372871>,  <28.968008, 34.095451, 33.496552>, 0.100000
	pigment { color rgbt <1,0,0,0> }
	no_shadow
}
cylinder {
	<28.766541, 34.136852, 33.372871>,  <28.430761, 34.205853, 33.166737>, 0.100000
	pigment { color rgbt <1,0,0,0> }
	no_shadow
}

// particle -1
sphere {
	<28.766541, 34.136852, 33.372871> 0.100000
	pigment { color rgbt <1,0,0,0> }
	no_shadow
}
sphere {
	0, 1
	scale<0.080000,0.200000,0.300000>
	matrix <0.525367, 0.015060, -0.850743,
		0.138994, 0.984894, 0.103269,
		0.839447, -0.172502, 0.515337,
		29.018375, 34.085102, 33.527473>
	pigment { color rgbt <0,1,1,0> }
	no_shadow
}
cylinder {
	<28.965487, 34.604836, 32.804855>,  <28.430761, 34.205853, 33.166737>, 0.130000
	pigment { color rgbt <1,0,0,0> }
	no_shadow
}

// nucleotide -1

// particle -1
sphere {
	<28.965487, 34.604836, 32.804855> 0.250000
	pigment { color rgbt <1,0,0,0> }
	no_shadow
}
cylinder {
	<29.169376, 34.335415, 33.018963>,  <29.291710, 34.173763, 33.147427>, 0.100000
	pigment { color rgbt <1,0,0,0> }
	no_shadow
}
cylinder {
	<29.169376, 34.335415, 33.018963>,  <28.965487, 34.604836, 32.804855>, 0.100000
	pigment { color rgbt <1,0,0,0> }
	no_shadow
}

// particle -1
sphere {
	<29.169376, 34.335415, 33.018963> 0.100000
	pigment { color rgbt <1,0,0,0> }
	no_shadow
}
sphere {
	0, 1
	scale<0.080000,0.200000,0.300000>
	matrix <0.645769, -0.111562, -0.755339,
		0.568474, 0.730673, 0.378092,
		0.509725, -0.673551, 0.535266,
		29.322294, 34.133350, 33.179543>
	pigment { color rgbt <0,1,1,0> }
	no_shadow
}
cylinder {
	<29.689173, 34.870251, 32.824337>,  <28.965487, 34.604836, 32.804855>, 0.130000
	pigment { color rgbt <1,0,0,0> }
	no_shadow
}

// nucleotide -1

// particle -1
sphere {
	<29.689173, 34.870251, 32.824337> 0.250000
	pigment { color rgbt <1,0,0,0> }
	no_shadow
}
cylinder {
	<29.661812, 34.475544, 32.883133>,  <29.645395, 34.238720, 32.918411>, 0.100000
	pigment { color rgbt <1,0,0,0> }
	no_shadow
}
cylinder {
	<29.661812, 34.475544, 32.883133>,  <29.689173, 34.870251, 32.824337>, 0.100000
	pigment { color rgbt <1,0,0,0> }
	no_shadow
}

// particle -1
sphere {
	<29.661812, 34.475544, 32.883133> 0.100000
	pigment { color rgbt <1,0,0,0> }
	no_shadow
}
sphere {
	0, 1
	scale<0.080000,0.200000,0.300000>
	matrix <0.794932, -0.142934, -0.589622,
		0.602831, 0.076517, 0.794191,
		-0.068400, -0.986770, 0.146991,
		29.641293, 34.179512, 32.927231>
	pigment { color rgbt <0,1,1,0> }
	no_shadow
}
cylinder {
	<30.408110, 34.642914, 32.882927>,  <29.689173, 34.870251, 32.824337>, 0.130000
	pigment { color rgbt <1,0,0,0> }
	no_shadow
}

// nucleotide -1

// particle -1
sphere {
	<30.408110, 34.642914, 32.882927> 0.250000
	pigment { color rgbt <1,0,0,0> }
	no_shadow
}
cylinder {
	<30.214739, 34.301517, 32.805103>,  <30.098717, 34.096680, 32.758408>, 0.100000
	pigment { color rgbt <1,0,0,0> }
	no_shadow
}
cylinder {
	<30.214739, 34.301517, 32.805103>,  <30.408110, 34.642914, 32.882927>, 0.100000
	pigment { color rgbt <1,0,0,0> }
	no_shadow
}

// particle -1
sphere {
	<30.214739, 34.301517, 32.805103> 0.100000
	pigment { color rgbt <1,0,0,0> }
	no_shadow
}
sphere {
	0, 1
	scale<0.080000,0.200000,0.300000>
	matrix <0.741962, -0.281554, -0.608456,
		0.464532, -0.438501, 0.769368,
		-0.483427, -0.853489, -0.194561,
		30.069710, 34.045471, 32.746735>
	pigment { color rgbt <0,1,1,0> }
	no_shadow
}
cylinder {
	<30.911575, 34.144962, 32.982224>,  <30.408110, 34.642914, 32.882927>, 0.130000
	pigment { color rgbt <1,0,0,0> }
	no_shadow
}

// nucleotide -1

// particle -1
sphere {
	<30.911575, 34.144962, 32.982224> 0.250000
	pigment { color rgbt <1,0,0,0> }
	no_shadow
}
cylinder {
	<30.628275, 33.956478, 32.771950>,  <30.458296, 33.843388, 32.645786>, 0.100000
	pigment { color rgbt <1,0,0,0> }
	no_shadow
}
cylinder {
	<30.628275, 33.956478, 32.771950>,  <30.911575, 34.144962, 32.982224>, 0.100000
	pigment { color rgbt <1,0,0,0> }
	no_shadow
}

// particle -1
sphere {
	<30.628275, 33.956478, 32.771950> 0.100000
	pigment { color rgbt <1,0,0,0> }
	no_shadow
}
sphere {
	0, 1
	scale<0.080000,0.200000,0.300000>
	matrix <0.699463, -0.367568, -0.612899,
		0.095577, -0.801784, 0.589922,
		-0.708249, -0.471207, -0.525687,
		30.415800, 33.815117, 32.614243>
	pigment { color rgbt <0,1,1,0> }
	no_shadow
}
cylinder {
	<31.130215, 33.466572, 32.875648>,  <30.911575, 34.144962, 32.982224>, 0.130000
	pigment { color rgbt <1,0,0,0> }
	no_shadow
}

// nucleotide -1

// particle -1
sphere {
	<31.130215, 33.466572, 32.875648> 0.250000
	pigment { color rgbt <1,0,0,0> }
	no_shadow
}
cylinder {
	<30.871580, 33.531021, 32.577396>,  <30.716400, 33.569691, 32.398445>, 0.100000
	pigment { color rgbt <1,0,0,0> }
	no_shadow
}
cylinder {
	<30.871580, 33.531021, 32.577396>,  <31.130215, 33.466572, 32.875648>, 0.100000
	pigment { color rgbt <1,0,0,0> }
	no_shadow
}

// particle -1
sphere {
	<30.871580, 33.531021, 32.577396> 0.100000
	pigment { color rgbt <1,0,0,0> }
	no_shadow
}
sphere {
	0, 1
	scale<0.080000,0.200000,0.300000>
	matrix <0.636770, -0.424232, -0.643856,
		-0.420038, -0.891110, 0.171730,
		-0.646600, 0.161091, -0.745626,
		30.677605, 33.579357, 32.353706>
	pigment { color rgbt <0,1,1,0> }
	no_shadow
}
cylinder {
	<31.133228, 32.861809, 32.478123>,  <31.130215, 33.466572, 32.875648>, 0.130000
	pigment { color rgbt <1,0,0,0> }
	no_shadow
}

// nucleotide -1

// particle -1
sphere {
	<31.133228, 32.861809, 32.478123> 0.250000
	pigment { color rgbt <1,0,0,0> }
	no_shadow
}
cylinder {
	<31.019215, 33.159180, 32.236107>,  <30.950806, 33.337601, 32.090897>, 0.100000
	pigment { color rgbt <1,0,0,0> }
	no_shadow
}
cylinder {
	<31.019215, 33.159180, 32.236107>,  <31.133228, 32.861809, 32.478123>, 0.100000
	pigment { color rgbt <1,0,0,0> }
	no_shadow
}

// particle -1
sphere {
	<31.019215, 33.159180, 32.236107> 0.100000
	pigment { color rgbt <1,0,0,0> }
	no_shadow
}
sphere {
	0, 1
	scale<0.080000,0.200000,0.300000>
	matrix <0.601240, -0.352934, -0.716902,
		-0.746503, -0.568115, -0.346379,
		-0.285034, 0.743427, -0.605039,
		30.933704, 33.382206, 32.054596>
	pigment { color rgbt <0,1,1,0> }
	no_shadow
}
cylinder {
	<30.847948, 32.651348, 31.822350>,  <31.133228, 32.861809, 32.478123>, 0.130000
	pigment { color rgbt <1,0,0,0> }
	no_shadow
}

// nucleotide -1

// particle -1
sphere {
	<30.847948, 32.651348, 31.822350> 0.250000
	pigment { color rgbt <1,0,0,0> }
	no_shadow
}
cylinder {
	<31.014736, 33.013199, 31.787033>,  <31.114809, 33.230309, 31.765842>, 0.100000
	pigment { color rgbt <1,0,0,0> }
	no_shadow
}
cylinder {
	<31.014736, 33.013199, 31.787033>,  <30.847948, 32.651348, 31.822350>, 0.100000
	pigment { color rgbt <1,0,0,0> }
	no_shadow
}

// particle -1
sphere {
	<31.014736, 33.013199, 31.787033> 0.100000
	pigment { color rgbt <1,0,0,0> }
	no_shadow
}
sphere {
	0, 1
	scale<0.080000,0.200000,0.300000>
	matrix <0.742677, -0.395092, -0.540678,
		-0.523993, 0.159874, -0.836583,
		0.416968, 0.904623, -0.088290,
		31.139826, 33.284584, 31.760546>
	pigment { color rgbt <0,1,1,0> }
	no_shadow
}
cylinder {
	<31.426132, 32.710487, 31.184252>,  <30.847948, 32.651348, 31.822350>, 0.130000
	pigment { color rgbt <1,0,0,0> }
	no_shadow
}

// nucleotide -1

// particle -1
sphere {
	<31.426132, 32.710487, 31.184252> 0.250000
	pigment { color rgbt <1,0,0,0> }
	no_shadow
}
cylinder {
	<31.549860, 33.053593, 31.348476>,  <31.624096, 33.259457, 31.447012>, 0.100000
	pigment { color rgbt <1,0,0,0> }
	no_shadow
}
cylinder {
	<31.549860, 33.053593, 31.348476>,  <31.426132, 32.710487, 31.184252>, 0.100000
	pigment { color rgbt <1,0,0,0> }
	no_shadow
}

// particle -1
sphere {
	<31.549860, 33.053593, 31.348476> 0.100000
	pigment { color rgbt <1,0,0,0> }
	no_shadow
}
sphere {
	0, 1
	scale<0.080000,0.200000,0.300000>
	matrix <0.925929, -0.173262, -0.335614,
		-0.216743, 0.483963, -0.847822,
		0.309320, 0.857765, 0.410561,
		31.642656, 33.310921, 31.471645>
	pigment { color rgbt <0,1,1,0> }
	no_shadow
}
cylinder {
	<31.806927, 33.001213, 30.709126>,  <31.426132, 32.710487, 31.184252>, 0.130000
	pigment { color rgbt <1,0,0,0> }
	no_shadow
}

// nucleotide -1

// particle -1
sphere {
	<31.806927, 33.001213, 30.709126> 0.250000
	pigment { color rgbt <1,0,0,0> }
	no_shadow
}
cylinder {
	<31.932957, 33.175831, 31.046209>,  <32.008575, 33.280602, 31.248459>, 0.100000
	pigment { color rgbt <1,0,0,0> }
	no_shadow
}
cylinder {
	<31.932957, 33.175831, 31.046209>,  <31.806927, 33.001213, 30.709126>, 0.100000
	pigment { color rgbt <1,0,0,0> }
	no_shadow
}

// particle -1
sphere {
	<31.932957, 33.175831, 31.046209> 0.100000
	pigment { color rgbt <1,0,0,0> }
	no_shadow
}
sphere {
	0, 1
	scale<0.080000,0.200000,0.300000>
	matrix <0.928415, -0.325998, -0.178243,
		0.196910, 0.838543, -0.508008,
		0.315074, 0.436545, 0.842708,
		32.027477, 33.306793, 31.299023>
	pigment { color rgbt <0,1,1,0> }
	no_shadow
}
cylinder {
	<32.484943, 33.396465, 30.547146>,  <31.806927, 33.001213, 30.709126>, 0.130000
	pigment { color rgbt <1,0,0,0> }
	no_shadow
}

// nucleotide -1

// particle -1
sphere {
	<32.484943, 33.396465, 30.547146> 0.250000
	pigment { color rgbt <1,0,0,0> }
	no_shadow
}
cylinder {
	<32.451221, 33.266605, 30.923975>,  <32.430988, 33.188690, 31.150072>, 0.100000
	pigment { color rgbt <1,0,0,0> }
	no_shadow
}
cylinder {
	<32.451221, 33.266605, 30.923975>,  <32.484943, 33.396465, 30.547146>, 0.100000
	pigment { color rgbt <1,0,0,0> }
	no_shadow
}

// particle -1
sphere {
	<32.451221, 33.266605, 30.923975> 0.100000
	pigment { color rgbt <1,0,0,0> }
	no_shadow
}
sphere {
	0, 1
	scale<0.080000,0.200000,0.300000>
	matrix <0.912877, -0.404152, -0.057582,
		0.399434, 0.855140, 0.330435,
		-0.084305, -0.324647, 0.942071,
		32.425930, 33.169212, 31.206596>
	pigment { color rgbt <0,1,1,0> }
	no_shadow
}
cylinder {
	<32.883373, 33.712383, 31.130159>,  <32.484943, 33.396465, 30.547146>, 0.130000
	pigment { color rgbt <1,0,0,0> }
	no_shadow
}

// nucleotide -1

// particle -1
sphere {
	<32.883373, 33.712383, 31.130159> 0.250000
	pigment { color rgbt <1,0,0,0> }
	no_shadow
}
cylinder {
	<32.842861, 33.314632, 31.117785>,  <32.818554, 33.075981, 31.110359>, 0.100000
	pigment { color rgbt <1,0,0,0> }
	no_shadow
}
cylinder {
	<32.842861, 33.314632, 31.117785>,  <32.883373, 33.712383, 31.130159>, 0.100000
	pigment { color rgbt <1,0,0,0> }
	no_shadow
}

// particle -1
sphere {
	<32.842861, 33.314632, 31.117785> 0.100000
	pigment { color rgbt <1,0,0,0> }
	no_shadow
}
sphere {
	0, 1
	scale<0.080000,0.200000,0.300000>
	matrix <0.990640, -0.097939, -0.095083,
		0.091518, -0.040278, 0.994989,
		-0.101278, -0.994377, -0.030938,
		32.812477, 33.016319, 31.108503>
	pigment { color rgbt <0,1,1,0> }
	no_shadow
}
cylinder {
	<33.356407, 33.406113, 31.595236>,  <32.883373, 33.712383, 31.130159>, 0.130000
	pigment { color rgbt <1,0,0,0> }
	no_shadow
}

// nucleotide -1

// particle -1
sphere {
	<33.356407, 33.406113, 31.595236> 0.250000
	pigment { color rgbt <1,0,0,0> }
	no_shadow
}
cylinder {
	<33.270996, 33.125053, 31.323738>,  <33.219749, 32.956417, 31.160839>, 0.100000
	pigment { color rgbt <1,0,0,0> }
	no_shadow
}
cylinder {
	<33.270996, 33.125053, 31.323738>,  <33.356407, 33.406113, 31.595236>, 0.100000
	pigment { color rgbt <1,0,0,0> }
	no_shadow
}

// particle -1
sphere {
	<33.270996, 33.125053, 31.323738> 0.100000
	pigment { color rgbt <1,0,0,0> }
	no_shadow
}
sphere {
	0, 1
	scale<0.080000,0.200000,0.300000>
	matrix <0.960877, -0.276512, -0.016032,
		-0.176417, -0.655614, 0.734198,
		-0.213526, -0.702646, -0.678746,
		33.206940, 32.914261, 31.120113>
	pigment { color rgbt <0,1,1,0> }
	no_shadow
}
cylinder {
	<34.038773, 33.189011, 31.643431>,  <33.356407, 33.406113, 31.595236>, 0.130000
	pigment { color rgbt <1,0,0,0> }
	no_shadow
}

// nucleotide -1

// particle -1
sphere {
	<34.038773, 33.189011, 31.643431> 0.250000
	pigment { color rgbt <1,0,0,0> }
	no_shadow
}
cylinder {
	<34.436626, 33.204216, 31.681906>,  <34.675339, 33.213341, 31.704990>, 0.100000
	pigment { color rgbt <1,0,0,0> }
	no_shadow
}
cylinder {
	<34.436626, 33.204216, 31.681906>,  <34.038773, 33.189011, 31.643431>, 0.100000
	pigment { color rgbt <1,0,0,0> }
	no_shadow
}

// particle -1
sphere {
	<34.436626, 33.204216, 31.681906> 0.100000
	pigment { color rgbt <1,0,0,0> }
	no_shadow
}
sphere {
	0, 1
	scale<0.080000,0.200000,0.300000>
	matrix <0.093411, -0.729457, -0.677618,
		0.044407, 0.682969, -0.729096,
		0.994637, 0.038015, 0.096190,
		34.735016, 33.215622, 31.710762>
	pigment { color rgbt <0,1,1,0> }
	no_shadow
}
cylinder {
	<33.803936, 33.435738, 30.935810>,  <34.038773, 33.189011, 31.643431>, 0.130000
	pigment { color rgbt <1,0,0,0> }
	no_shadow
}

// nucleotide -1

// particle -1
sphere {
	<33.803936, 33.435738, 30.935810> 0.250000
	pigment { color rgbt <1,0,0,0> }
	no_shadow
}
cylinder {
	<34.004036, 33.611401, 30.637310>,  <34.124096, 33.716797, 30.458210>, 0.100000
	pigment { color rgbt <1,0,0,0> }
	no_shadow
}
cylinder {
	<34.004036, 33.611401, 30.637310>,  <33.803936, 33.435738, 30.935810>, 0.100000
	pigment { color rgbt <1,0,0,0> }
	no_shadow
}

// particle -1
sphere {
	<34.004036, 33.611401, 30.637310> 0.100000
	pigment { color rgbt <1,0,0,0> }
	no_shadow
}
sphere {
	0, 1
	scale<0.080000,0.200000,0.300000>
	matrix <-0.835966, 0.469535, -0.284074,
		0.225637, 0.765948, 0.602006,
		0.500249, 0.439159, -0.746251,
		34.154110, 33.743149, 30.413435>
	pigment { color rgbt <0,1,1,0> }
	no_shadow
}
cylinder {
	<33.758987, 34.208439, 30.925257>,  <33.803936, 33.435738, 30.935810>, 0.130000
	pigment { color rgbt <1,0,0,0> }
	no_shadow
}

// nucleotide -1

// particle -1
sphere {
	<33.758987, 34.208439, 30.925257> 0.250000
	pigment { color rgbt <1,0,0,0> }
	no_shadow
}
cylinder {
	<33.807636, 34.071949, 30.552425>,  <33.836826, 33.990055, 30.328726>, 0.100000
	pigment { color rgbt <1,0,0,0> }
	no_shadow
}
cylinder {
	<33.807636, 34.071949, 30.552425>,  <33.758987, 34.208439, 30.925257>, 0.100000
	pigment { color rgbt <1,0,0,0> }
	no_shadow
}

// particle -1
sphere {
	<33.807636, 34.071949, 30.552425> 0.100000
	pigment { color rgbt <1,0,0,0> }
	no_shadow
}
sphere {
	0, 1
	scale<0.080000,0.200000,0.300000>
	matrix <-0.653561, 0.679224, -0.333937,
		0.747039, 0.649783, -0.140408,
		0.121618, -0.341229, -0.932080,
		33.844120, 33.969582, 30.272802>
	pigment { color rgbt <0,1,1,0> }
	no_shadow
}
cylinder {
	<33.919422, 34.764778, 30.437294>,  <33.758987, 34.208439, 30.925257>, 0.130000
	pigment { color rgbt <1,0,0,0> }
	no_shadow
}

// nucleotide -1

// particle -1
sphere {
	<33.919422, 34.764778, 30.437294> 0.250000
	pigment { color rgbt <1,0,0,0> }
	no_shadow
}
cylinder {
	<33.725262, 34.463428, 30.259840>,  <33.608765, 34.282619, 30.153368>, 0.100000
	pigment { color rgbt <1,0,0,0> }
	no_shadow
}
cylinder {
	<33.725262, 34.463428, 30.259840>,  <33.919422, 34.764778, 30.437294>, 0.100000
	pigment { color rgbt <1,0,0,0> }
	no_shadow
}

// particle -1
sphere {
	<33.725262, 34.463428, 30.259840> 0.100000
	pigment { color rgbt <1,0,0,0> }
	no_shadow
}
sphere {
	0, 1
	scale<0.080000,0.200000,0.300000>
	matrix <-0.712867, 0.634810, -0.298054,
		0.506172, 0.171579, -0.845192,
		-0.485397, -0.753376, -0.443637,
		33.579643, 34.237415, 30.126749>
	pigment { color rgbt <0,1,1,0> }
	no_shadow
}
cylinder {
	<34.136745, 35.435913, 30.190628>,  <33.919422, 34.764778, 30.437294>, 0.130000
	pigment { color rgbt <1,0,0,0> }
	no_shadow
}

// nucleotide -1

// particle -1
sphere {
	<34.136745, 35.435913, 30.190628> 0.250000
	pigment { color rgbt <1,0,0,0> }
	no_shadow
}
cylinder {
	<34.302658, 35.746754, 30.379974>,  <34.402206, 35.933258, 30.493582>, 0.100000
	pigment { color rgbt <1,0,0,0> }
	no_shadow
}
cylinder {
	<34.302658, 35.746754, 30.379974>,  <34.136745, 35.435913, 30.190628>, 0.100000
	pigment { color rgbt <1,0,0,0> }
	no_shadow
}

// particle -1
sphere {
	<34.302658, 35.746754, 30.379974> 0.100000
	pigment { color rgbt <1,0,0,0> }
	no_shadow
}
sphere {
	0, 1
	scale<0.080000,0.200000,0.300000>
	matrix <-0.874451, 0.196590, 0.443496,
		0.251583, -0.597885, 0.761078,
		0.414780, 0.777101, 0.473362,
		34.427094, 35.979885, 30.521984>
	pigment { color rgbt <0,1,1,0> }
	no_shadow
}
cylinder {
	<33.856705, 35.384480, 30.844585>,  <34.136745, 35.435913, 30.190628>, 0.130000
	pigment { color rgbt <1,0,0,0> }
	no_shadow
}

// nucleotide -1

// particle -1
sphere {
	<33.856705, 35.384480, 30.844585> 0.250000
	pigment { color rgbt <1,0,0,0> }
	no_shadow
}
cylinder {
	<33.982037, 35.753853, 30.755951>,  <34.057236, 35.975475, 30.702770>, 0.100000
	pigment { color rgbt <1,0,0,0> }
	no_shadow
}
cylinder {
	<33.982037, 35.753853, 30.755951>,  <33.856705, 35.384480, 30.844585>, 0.100000
	pigment { color rgbt <1,0,0,0> }
	no_shadow
}

// particle -1
sphere {
	<33.982037, 35.753853, 30.755951> 0.100000
	pigment { color rgbt <1,0,0,0> }
	no_shadow
}
sphere {
	0, 1
	scale<0.080000,0.200000,0.300000>
	matrix <-0.780928, 0.383320, 0.493171,
		0.540348, 0.018520, 0.841238,
		0.313329, 0.923430, -0.221589,
		34.076035, 36.030884, 30.689474>
	pigment { color rgbt <0,1,1,0> }
	no_shadow
}
cylinder {
	<34.152325, 35.842136, 31.446577>,  <33.856705, 35.384480, 30.844585>, 0.130000
	pigment { color rgbt <1,0,0,0> }
	no_shadow
}

// nucleotide -1

// particle -1
sphere {
	<34.152325, 35.842136, 31.446577> 0.250000
	pigment { color rgbt <1,0,0,0> }
	no_shadow
}
cylinder {
	<33.959145, 36.045090, 31.161110>,  <33.843235, 36.166862, 30.989830>, 0.100000
	pigment { color rgbt <1,0,0,0> }
	no_shadow
}
cylinder {
	<33.959145, 36.045090, 31.161110>,  <34.152325, 35.842136, 31.446577>, 0.100000
	pigment { color rgbt <1,0,0,0> }
	no_shadow
}

// particle -1
sphere {
	<33.959145, 36.045090, 31.161110> 0.100000
	pigment { color rgbt <1,0,0,0> }
	no_shadow
}
sphere {
	0, 1
	scale<0.080000,0.200000,0.300000>
	matrix <-0.629609, 0.365216, 0.685719,
		0.608563, 0.780501, 0.143069,
		-0.482953, 0.507381, -0.713667,
		33.814259, 36.197304, 30.947010>
	pigment { color rgbt <0,1,1,0> }
	no_shadow
}
cylinder {
	<34.167618, 36.530621, 31.635921>,  <34.152325, 35.842136, 31.446577>, 0.130000
	pigment { color rgbt <1,0,0,0> }
	no_shadow
}

// nucleotide -1

// particle -1
sphere {
	<34.167618, 36.530621, 31.635921> 0.250000
	pigment { color rgbt <1,0,0,0> }
	no_shadow
}
cylinder {
	<33.851391, 36.488003, 31.394707>,  <33.661655, 36.462433, 31.249977>, 0.100000
	pigment { color rgbt <1,0,0,0> }
	no_shadow
}
cylinder {
	<33.851391, 36.488003, 31.394707>,  <34.167618, 36.530621, 31.635921>, 0.100000
	pigment { color rgbt <1,0,0,0> }
	no_shadow
}

// particle -1
sphere {
	<33.851391, 36.488003, 31.394707> 0.100000
	pigment { color rgbt <1,0,0,0> }
	no_shadow
}
sphere {
	0, 1
	scale<0.080000,0.200000,0.300000>
	matrix <-0.601769, 0.317674, 0.732774,
		0.113497, 0.942195, -0.315257,
		-0.790565, -0.106544, -0.603039,
		33.614220, 36.456039, 31.213795>
	pigment { color rgbt <0,1,1,0> }
	no_shadow
}
cylinder {
	<33.834332, 37.159584, 31.682642>,  <34.167618, 36.530621, 31.635921>, 0.130000
	pigment { color rgbt <1,0,0,0> }
	no_shadow
}

// nucleotide -1

// particle -1
sphere {
	<33.834332, 37.159584, 31.682642> 0.250000
	pigment { color rgbt <1,0,0,0> }
	no_shadow
}
cylinder {
	<33.568844, 36.877113, 31.584023>,  <33.409550, 36.707630, 31.524851>, 0.100000
	pigment { color rgbt <1,0,0,0> }
	no_shadow
}
cylinder {
	<33.568844, 36.877113, 31.584023>,  <33.834332, 37.159584, 31.682642>, 0.100000
	pigment { color rgbt <1,0,0,0> }
	no_shadow
}

// particle -1
sphere {
	<33.568844, 36.877113, 31.584023> 0.100000
	pigment { color rgbt <1,0,0,0> }
	no_shadow
}
sphere {
	0, 1
	scale<0.080000,0.200000,0.300000>
	matrix <-0.557398, 0.247161, 0.792603,
		-0.498784, 0.663490, -0.557670,
		-0.663718, -0.706181, -0.246548,
		33.369728, 36.665260, 31.510057>
	pigment { color rgbt <0,1,1,0> }
	no_shadow
}
cylinder {
	<33.247993, 37.505196, 31.790522>,  <33.834332, 37.159584, 31.682642>, 0.130000
	pigment { color rgbt <1,0,0,0> }
	no_shadow
}

// nucleotide -1

// particle -1
sphere {
	<33.247993, 37.505196, 31.790522> 0.250000
	pigment { color rgbt <1,0,0,0> }
	no_shadow
}
cylinder {
	<33.159466, 37.115673, 31.811377>,  <33.106350, 36.881958, 31.823891>, 0.100000
	pigment { color rgbt <1,0,0,0> }
	no_shadow
}
cylinder {
	<33.159466, 37.115673, 31.811377>,  <33.247993, 37.505196, 31.790522>, 0.100000
	pigment { color rgbt <1,0,0,0> }
	no_shadow
}

// particle -1
sphere {
	<33.159466, 37.115673, 31.811377> 0.100000
	pigment { color rgbt <1,0,0,0> }
	no_shadow
}
sphere {
	0, 1
	scale<0.080000,0.200000,0.300000>
	matrix <-0.505036, 0.160189, 0.848102,
		-0.834240, 0.161367, -0.527261,
		-0.221317, -0.973807, 0.052140,
		33.093071, 36.823532, 31.827019>
	pigment { color rgbt <0,1,1,0> }
	no_shadow
}
cylinder {
	<32.560310, 37.535164, 31.855516>,  <33.247993, 37.505196, 31.790522>, 0.130000
	pigment { color rgbt <1,0,0,0> }
	no_shadow
}

// nucleotide -1

// particle -1
sphere {
	<32.560310, 37.535164, 31.855516> 0.250000
	pigment { color rgbt <1,0,0,0> }
	no_shadow
}
cylinder {
	<32.668671, 37.173191, 31.986788>,  <32.733688, 36.956005, 32.065552>, 0.100000
	pigment { color rgbt <1,0,0,0> }
	no_shadow
}
cylinder {
	<32.668671, 37.173191, 31.986788>,  <32.560310, 37.535164, 31.855516>, 0.100000
	pigment { color rgbt <1,0,0,0> }
	no_shadow
}

// particle -1
sphere {
	<32.668671, 37.173191, 31.986788> 0.100000
	pigment { color rgbt <1,0,0,0> }
	no_shadow
}
sphere {
	0, 1
	scale<0.080000,0.200000,0.300000>
	matrix <-0.498880, 0.159579, 0.851853,
		-0.823243, -0.394492, -0.408224,
		0.270905, -0.904936, 0.328176,
		32.749943, 36.901711, 32.085239>
	pigment { color rgbt <0,1,1,0> }
	no_shadow
}
cylinder {
	<31.853661, 37.289112, 32.034515>,  <32.560310, 37.535164, 31.855516>, 0.130000
	pigment { color rgbt <1,0,0,0> }
	no_shadow
}

// nucleotide -1

// particle -1
sphere {
	<31.853661, 37.289112, 32.034515> 0.250000
	pigment { color rgbt <1,0,0,0> }
	no_shadow
}
cylinder {
	<32.105267, 37.043900, 32.225735>,  <32.256229, 36.896770, 32.340466>, 0.100000
	pigment { color rgbt <1,0,0,0> }
	no_shadow
}
cylinder {
	<32.105267, 37.043900, 32.225735>,  <31.853661, 37.289112, 32.034515>, 0.100000
	pigment { color rgbt <1,0,0,0> }
	no_shadow
}

// particle -1
sphere {
	<32.105267, 37.043900, 32.225735> 0.100000
	pigment { color rgbt <1,0,0,0> }
	no_shadow
}
sphere {
	0, 1
	scale<0.080000,0.200000,0.300000>
	matrix <-0.606169, -0.001765, 0.795334,
		-0.486725, -0.790053, -0.372714,
		0.629013, -0.613036, 0.478046,
		32.293972, 36.859989, 32.369148>
	pigment { color rgbt <0,1,1,0> }
	no_shadow
}
cylinder {
	<31.487226, 36.732758, 32.244129>,  <31.853661, 37.289112, 32.034515>, 0.130000
	pigment { color rgbt <1,0,0,0> }
	no_shadow
}

// nucleotide -1

// particle -1
sphere {
	<31.487226, 36.732758, 32.244129> 0.250000
	pigment { color rgbt <1,0,0,0> }
	no_shadow
}
cylinder {
	<31.799776, 36.730999, 32.493748>,  <31.987305, 36.729942, 32.643520>, 0.100000
	pigment { color rgbt <1,0,0,0> }
	no_shadow
}
cylinder {
	<31.799776, 36.730999, 32.493748>,  <31.487226, 36.732758, 32.244129>, 0.100000
	pigment { color rgbt <1,0,0,0> }
	no_shadow
}

// particle -1
sphere {
	<31.799776, 36.730999, 32.493748> 0.100000
	pigment { color rgbt <1,0,0,0> }
	no_shadow
}
sphere {
	0, 1
	scale<0.080000,0.200000,0.300000>
	matrix <-0.624061, -0.002115, 0.781373,
