// switches for output
#declare DRAW_BASES = 1; // possible values are 0, 1; only relevant for DNA ribbons
#declare DRAW_BASES_TYPE = 3; // possible values are 1, 2, 3; only relevant for DNA ribbons
#declare DRAW_FOG = 0; // set to 1 to enable fog

#include "colors.inc"

#include "transforms.inc"
background { rgb <1, 1, 1>}

#default {
   normal{
       ripples 0.25
       frequency 0.20
       turbulence 0.2
       lambda 5
   }
	finish {
		phong 0.1
		phong_size 40.
	}
}

// original window dimensions: 1024x640


// camera settings

camera {
	sky <0, 0.179814, -0.983701>
	up <0, 0.179814, -0.983701>
	right 1.6 * <1, 0, 0>
	location <35, 94.9851, 44.8844>
	look_at <35, 29.7336, 32.9568>
	direction <0, -65.2515, -11.9276>
	angle 67.0682
}


# declare cpy_camera_pos = <35, 94.9851, 44.8844>;
# if (DRAW_FOG = 1)
fog {
	fog_type 2
	up vnormalize(cpy_camera_pos)
	color rgbt<1,1,1,0.3>
	distance 1e-5
	fog_alt 3e-3
	fog_offset 56
}
# end


// LIGHTS

# declare lum = 6;
global_settings {
	ambient_light rgb lum * <0.05, 0.05, 0.05>
	max_trace_level 15
}# declare cpy_direct_light_amount = 0.25;
light_source
{	1000 * <-1, -1.16352, -0.803886>,
	rgb lum * cpy_direct_light_amount
	parallel
}

light_source
{	1000 * <1, 1.16352, 0.803886>,
	rgb lum * cpy_direct_light_amount
	parallel
}

// strand 0

// nucleotide -1

// particle -1
sphere {
	<23.963114, 35.246433, 34.920189> 0.250000
	pigment { color rgbt <1,0,0,0> }
	no_shadow
}
cylinder {
	<24.338514, 35.266323, 34.783516>,  <24.563755, 35.278259, 34.701511>, 0.100000
	pigment { color rgbt <1,0,0,0> }
	no_shadow
}
cylinder {
	<24.338514, 35.266323, 34.783516>,  <23.963114, 35.246433, 34.920189>, 0.100000
	pigment { color rgbt <1,0,0,0> }
	no_shadow
}

// particle -1
sphere {
	<24.338514, 35.266323, 34.783516> 0.100000
	pigment { color rgbt <1,0,0,0> }
	no_shadow
}
sphere {
	0, 1
	scale<0.080000,0.200000,0.300000>
	matrix <-0.091688, -0.918155, -0.385468,
		-0.332883, 0.393089, -0.857129,
		0.938500, 0.049727, -0.341680,
		24.620064, 35.281242, 34.681011>
	pigment { color rgbt <0,1,1,0> }
	no_shadow
}
cylinder {
	<23.897507, 34.887352, 34.259029>,  <23.963114, 35.246433, 34.920189>, 0.130000
	pigment { color rgbt <1,0,0,0> }
	no_shadow
}

// nucleotide -1

// particle -1
sphere {
	<23.897507, 34.887352, 34.259029> 0.250000
	pigment { color rgbt <1,0,0,0> }
	no_shadow
}
cylinder {
	<24.284389, 34.881050, 34.360428>,  <24.516520, 34.877270, 34.421265>, 0.100000
	pigment { color rgbt <1,0,0,0> }
	no_shadow
}
cylinder {
	<24.284389, 34.881050, 34.360428>,  <23.897507, 34.887352, 34.259029>, 0.100000
	pigment { color rgbt <1,0,0,0> }
	no_shadow
}

// particle -1
sphere {
	<24.284389, 34.881050, 34.360428> 0.100000
	pigment { color rgbt <1,0,0,0> }
	no_shadow
}
sphere {
	0, 1
	scale<0.080000,0.200000,0.300000>
	matrix <0.044608, -0.972019, -0.230630,
		0.250034, 0.234375, -0.939442,
		0.967209, -0.015758, 0.253493,
		24.574553, 34.876324, 34.436474>
	pigment { color rgbt <0,1,1,0> }
	no_shadow
}
cylinder {
	<24.341848, 34.607483, 33.706478>,  <23.897507, 34.887352, 34.259029>, 0.130000
	pigment { color rgbt <1,0,0,0> }
	no_shadow
}

// nucleotide -1

// particle -1
sphere {
	<24.341848, 34.607483, 33.706478> 0.250000
	pigment { color rgbt <1,0,0,0> }
	no_shadow
}
cylinder {
	<24.533737, 34.527763, 34.048271>,  <24.648870, 34.479931, 34.253349>, 0.100000
	pigment { color rgbt <1,0,0,0> }
	no_shadow
}
cylinder {
	<24.533737, 34.527763, 34.048271>,  <24.341848, 34.607483, 33.706478>, 0.100000
	pigment { color rgbt <1,0,0,0> }
	no_shadow
}

// particle -1
sphere {
	<24.533737, 34.527763, 34.048271> 0.100000
	pigment { color rgbt <1,0,0,0> }
	no_shadow
}
sphere {
	0, 1
	scale<0.080000,0.200000,0.300000>
	matrix <0.042797, -0.967387, -0.249661,
		0.876377, 0.156337, -0.455547,
		0.479721, -0.199301, 0.854486,
		24.677654, 34.467972, 34.304619>
	pigment { color rgbt <0,1,1,0> }
	no_shadow
}
cylinder {
	<24.869997, 34.120380, 33.510788>,  <24.341848, 34.607483, 33.706478>, 0.130000
	pigment { color rgbt <1,0,0,0> }
	no_shadow
}

// nucleotide -1

// particle -1
sphere {
	<24.869997, 34.120380, 33.510788> 0.250000
	pigment { color rgbt <1,0,0,0> }
	no_shadow
}
cylinder {
	<24.824139, 34.083771, 33.906460>,  <24.796623, 34.061806, 34.143864>, 0.100000
	pigment { color rgbt <1,0,0,0> }
	no_shadow
}
cylinder {
	<24.824139, 34.083771, 33.906460>,  <24.869997, 34.120380, 33.510788>, 0.100000
	pigment { color rgbt <1,0,0,0> }
	no_shadow
}

// particle -1
sphere {
	<24.824139, 34.083771, 33.906460> 0.100000
	pigment { color rgbt <1,0,0,0> }
	no_shadow
}
sphere {
	0, 1
	scale<0.080000,0.200000,0.300000>
	matrix <0.077233, -0.993555, -0.082973,
		0.990399, 0.066885, 0.120977,
		-0.114648, -0.091520, 0.989182,
		24.789745, 34.056316, 34.203213>
	pigment { color rgbt <0,1,1,0> }
	no_shadow
}
cylinder {
	<25.456171, 33.708267, 33.853184>,  <24.869997, 34.120380, 33.510788>, 0.130000
	pigment { color rgbt <1,0,0,0> }
	no_shadow
}

// nucleotide -1

// particle -1
sphere {
	<25.456171, 33.708267, 33.853184> 0.250000
	pigment { color rgbt <1,0,0,0> }
	no_shadow
}
cylinder {
	<25.074892, 33.675976, 33.969730>,  <24.846125, 33.656601, 34.039658>, 0.100000
	pigment { color rgbt <1,0,0,0> }
	no_shadow
}
cylinder {
	<25.074892, 33.675976, 33.969730>,  <25.456171, 33.708267, 33.853184>, 0.100000
	pigment { color rgbt <1,0,0,0> }
	no_shadow
}

// particle -1
sphere {
	<25.074892, 33.675976, 33.969730> 0.100000
	pigment { color rgbt <1,0,0,0> }
	no_shadow
}
sphere {
	0, 1
	scale<0.080000,0.200000,0.300000>
	matrix <0.093843, -0.995095, 0.031305,
		0.287409, 0.057183, 0.956099,
		-0.953200, -0.080725, 0.291365,
		24.788933, 33.651756, 34.057140>
	pigment { color rgbt <0,1,1,0> }
	no_shadow
}
cylinder {
	<26.060814, 34.166965, 33.799915>,  <25.456171, 33.708267, 33.853184>, 0.130000
	pigment { color rgbt <1,0,0,0> }
	no_shadow
}

// nucleotide -1

// particle -1
sphere {
	<26.060814, 34.166965, 33.799915> 0.250000
	pigment { color rgbt <1,0,0,0> }
	no_shadow
}
cylinder {
	<26.057911, 33.767647, 33.776760>,  <26.056170, 33.528057, 33.762867>, 0.100000
	pigment { color rgbt <1,0,0,0> }
	no_shadow
}
cylinder {
	<26.057911, 33.767647, 33.776760>,  <26.060814, 34.166965, 33.799915>, 0.100000
	pigment { color rgbt <1,0,0,0> }
	no_shadow
}

// particle -1
sphere {
	<26.057911, 33.767647, 33.776760> 0.100000
	pigment { color rgbt <1,0,0,0> }
	no_shadow
}
sphere {
	0, 1
	scale<0.080000,0.200000,0.300000>
	matrix <0.999965, -0.007003, -0.004636,
		0.004223, -0.057919, 0.998312,
		-0.007259, -0.998297, -0.057888,
		26.055733, 33.468159, 33.759396>
	pigment { color rgbt <0,1,1,0> }
	no_shadow
}
cylinder {
	<26.344706, 34.093975, 34.618713>,  <26.060814, 34.166965, 33.799915>, 0.130000
	pigment { color rgbt <1,0,0,0> }
	no_shadow
}

// nucleotide -1

// particle -1
sphere {
	<26.344706, 34.093975, 34.618713> 0.250000
	pigment { color rgbt <1,0,0,0> }
	no_shadow
}
cylinder {
	<26.580225, 33.962898, 34.914265>,  <26.721537, 33.884254, 35.091595>, 0.100000
	pigment { color rgbt <1,0,0,0> }
	no_shadow
}
cylinder {
	<26.580225, 33.962898, 34.914265>,  <26.344706, 34.093975, 34.618713>, 0.100000
	pigment { color rgbt <1,0,0,0> }
	no_shadow
}

// particle -1
sphere {
	<26.580225, 33.962898, 34.914265> 0.100000
	pigment { color rgbt <1,0,0,0> }
	no_shadow
}
sphere {
	0, 1
	scale<0.080000,0.200000,0.300000>
	matrix <-0.012832, 0.910227, 0.413910,
		-0.808178, -0.253191, 0.531735,
		0.588798, -0.327690, 0.738875,
		26.756865, 33.864590, 35.135925>
	pigment { color rgbt <0,1,1,0> }
	no_shadow
}
cylinder {
	<26.019995, 34.293056, 35.241932>,  <26.344706, 34.093975, 34.618713>, 0.130000
	pigment { color rgbt <1,0,0,0> }
	no_shadow
}

// nucleotide -1

// particle -1
sphere {
	<26.019995, 34.293056, 35.241932> 0.250000
	pigment { color rgbt <1,0,0,0> }
	no_shadow
}
cylinder {
	<26.417091, 34.273144, 35.285717>,  <26.655350, 34.261196, 35.311989>, 0.100000
	pigment { color rgbt <1,0,0,0> }
	no_shadow
}
cylinder {
	<26.417091, 34.273144, 35.285717>,  <26.019995, 34.293056, 35.241932>, 0.100000
	pigment { color rgbt <1,0,0,0> }
	no_shadow
}

// particle -1
sphere {
	<26.417091, 34.273144, 35.285717> 0.100000
	pigment { color rgbt <1,0,0,0> }
	no_shadow
}
sphere {
	0, 1
	scale<0.080000,0.200000,0.300000>
	matrix <-0.001917, 0.903639, 0.428291,
		-0.120238, -0.425393, 0.896986,
		0.992743, -0.049778, 0.109467,
		26.714914, 34.258209, 35.318558>
	pigment { color rgbt <0,1,1,0> }
	no_shadow
}
cylinder {
	<26.057808, 34.451431, 35.886395>,  <26.019995, 34.293056, 35.241932>, 0.130000
	pigment { color rgbt <1,0,0,0> }
	no_shadow
}

// nucleotide -1

// particle -1
sphere {
	<26.057808, 34.451431, 35.886395> 0.250000
	pigment { color rgbt <1,0,0,0> }
	no_shadow
}
cylinder {
	<26.422737, 34.535183, 35.745636>,  <26.641695, 34.585434, 35.661182>, 0.100000
	pigment { color rgbt <1,0,0,0> }
	no_shadow
}
cylinder {
	<26.422737, 34.535183, 35.745636>,  <26.057808, 34.451431, 35.886395>, 0.100000
	pigment { color rgbt <1,0,0,0> }
	no_shadow
}

// particle -1
sphere {
	<26.422737, 34.535183, 35.745636> 0.100000
	pigment { color rgbt <1,0,0,0> }
	no_shadow
}
sphere {
	0, 1
	scale<0.080000,0.200000,0.300000>
	matrix <-0.018778, 0.879870, 0.474842,
		0.409045, -0.426601, 0.806656,
		0.912321, 0.209379, -0.351896,
		26.696434, 34.597996, 35.640068>
	pigment { color rgbt <0,1,1,0> }
	no_shadow
}
cylinder {
	<26.278027, 34.642433, 36.407619>,  <26.057808, 34.451431, 35.886395>, 0.130000
	pigment { color rgbt <1,0,0,0> }
	no_shadow
}

// nucleotide -1

// particle -1
sphere {
	<26.278027, 34.642433, 36.407619> 0.250000
	pigment { color rgbt <1,0,0,0> }
	no_shadow
}
cylinder {
	<26.522329, 34.802711, 36.134441>,  <26.668911, 34.898880, 35.970535>, 0.100000
	pigment { color rgbt <1,0,0,0> }
	no_shadow
}
cylinder {
	<26.522329, 34.802711, 36.134441>,  <26.278027, 34.642433, 36.407619>, 0.100000
	pigment { color rgbt <1,0,0,0> }
	no_shadow
}

// particle -1
sphere {
	<26.522329, 34.802711, 36.134441> 0.100000
	pigment { color rgbt <1,0,0,0> }
	no_shadow
}
sphere {
	0, 1
	scale<0.080000,0.200000,0.300000>
	matrix <0.018159, 0.855192, 0.517993,
		0.791609, -0.328769, 0.515039,
		0.610757, 0.400696, -0.682948,
		26.705557, 34.922920, 35.929558>
	pigment { color rgbt <0,1,1,0> }
	no_shadow
}
cylinder {
	<26.845669, 34.894951, 36.758354>,  <26.278027, 34.642433, 36.407619>, 0.130000
	pigment { color rgbt <1,0,0,0> }
	no_shadow
}

// nucleotide -1

// particle -1
sphere {
	<26.845669, 34.894951, 36.758354> 0.250000
	pigment { color rgbt <1,0,0,0> }
	no_shadow
}
cylinder {
	<26.850967, 35.085918, 36.406921>,  <26.854147, 35.200497, 36.196064>, 0.100000
	pigment { color rgbt <1,0,0,0> }
	no_shadow
}
cylinder {
	<26.850967, 35.085918, 36.406921>,  <26.845669, 34.894951, 36.758354>, 0.100000
	pigment { color rgbt <1,0,0,0> }
	no_shadow
}

// particle -1
sphere {
	<26.850967, 35.085918, 36.406921> 0.100000
	pigment { color rgbt <1,0,0,0> }
	no_shadow
}
sphere {
	0, 1
	scale<0.080000,0.200000,0.300000>
	matrix <-0.017836, 0.878629, 0.477173,
		0.999753, 0.009349, 0.020155,
		0.013248, 0.477415, -0.878578,
		26.854942, 35.229141, 36.143349>
	pigment { color rgbt <0,1,1,0> }
	no_shadow
}
cylinder {
	<27.271616, 35.309624, 36.926270>,  <26.845669, 34.894951, 36.758354>, 0.130000
	pigment { color rgbt <1,0,0,0> }
	no_shadow
}

// nucleotide -1

// particle -1
sphere {
	<27.271616, 35.309624, 36.926270> 0.250000
	pigment { color rgbt <1,0,0,0> }
	no_shadow
}
cylinder {
	<27.066931, 35.478500, 36.626961>,  <26.944118, 35.579826, 36.447376>, 0.100000
	pigment { color rgbt <1,0,0,0> }
	no_shadow
}
cylinder {
	<27.066931, 35.478500, 36.626961>,  <27.271616, 35.309624, 36.926270>, 0.100000
	pigment { color rgbt <1,0,0,0> }
	no_shadow
}

// particle -1
sphere {
	<27.066931, 35.478500, 36.626961> 0.100000
	pigment { color rgbt <1,0,0,0> }
	no_shadow
}
sphere {
	0, 1
	scale<0.080000,0.200000,0.300000>
	matrix <0.017616, 0.875907, 0.482157,
		0.858975, 0.233545, -0.455652,
		-0.511714, 0.422188, -0.748268,
		26.913416, 35.605156, 36.402481>
	pigment { color rgbt <0,1,1,0> }
	no_shadow
}
cylinder {
	<27.609949, 35.951447, 36.750454>,  <27.271616, 35.309624, 36.926270>, 0.130000
	pigment { color rgbt <1,0,0,0> }
	no_shadow
}

// nucleotide -1

// particle -1
sphere {
	<27.609949, 35.951447, 36.750454> 0.250000
	pigment { color rgbt <1,0,0,0> }
	no_shadow
}
cylinder {
	<27.253618, 35.984928, 36.571831>,  <27.039820, 36.005016, 36.464657>, 0.100000
	pigment { color rgbt <1,0,0,0> }
	no_shadow
}
cylinder {
	<27.253618, 35.984928, 36.571831>,  <27.609949, 35.951447, 36.750454>, 0.100000
	pigment { color rgbt <1,0,0,0> }
	no_shadow
}

// particle -1
sphere {
	<27.253618, 35.984928, 36.571831> 0.100000
	pigment { color rgbt <1,0,0,0> }
	no_shadow
}
sphere {
	0, 1
	scale<0.080000,0.200000,0.300000>
	matrix <-0.079539, 0.938975, 0.334663,
		0.447322, 0.333647, -0.829809,
		-0.890829, 0.083700, -0.446562,
		26.986370, 36.010036, 36.437862>
	pigment { color rgbt <0,1,1,0> }
	no_shadow
}
cylinder {
	<27.569859, 36.498840, 36.182846>,  <27.609949, 35.951447, 36.750454>, 0.130000
	pigment { color rgbt <1,0,0,0> }
	no_shadow
}

// nucleotide -1

// particle -1
sphere {
	<27.569859, 36.498840, 36.182846> 0.250000
	pigment { color rgbt <1,0,0,0> }
	no_shadow
}
cylinder {
	<27.215822, 36.479900, 36.368050>,  <27.003401, 36.468536, 36.479172>, 0.100000
	pigment { color rgbt <1,0,0,0> }
	no_shadow
}
cylinder {
	<27.215822, 36.479900, 36.368050>,  <27.569859, 36.498840, 36.182846>, 0.100000
	pigment { color rgbt <1,0,0,0> }
	no_shadow
}

// particle -1
sphere {
	<27.215822, 36.479900, 36.368050> 0.100000
	pigment { color rgbt <1,0,0,0> }
	no_shadow
}
sphere {
	0, 1
	scale<0.080000,0.200000,0.300000>
	matrix <0.117067, 0.940180, 0.319932,
		-0.450459, 0.337371, -0.826600,
		-0.885089, -0.047349, 0.463008,
		26.950296, 36.465694, 36.506950>
	pigment { color rgbt <0,1,1,0> }
	no_shadow
}
cylinder {
	<27.375019, 37.173359, 36.153149>,  <27.569859, 36.498840, 36.182846>, 0.130000
	pigment { color rgbt <1,0,0,0> }
	no_shadow
}

// nucleotide -1

// particle -1
sphere {
	<27.375019, 37.173359, 36.153149> 0.250000
	pigment { color rgbt <1,0,0,0> }
	no_shadow
}
cylinder {
	<27.091618, 37.013893, 36.386074>,  <26.921577, 36.918213, 36.525829>, 0.100000
	pigment { color rgbt <1,0,0,0> }
	no_shadow
}
cylinder {
	<27.091618, 37.013893, 36.386074>,  <27.375019, 37.173359, 36.153149>, 0.100000
	pigment { color rgbt <1,0,0,0> }
	no_shadow
}

// particle -1
sphere {
	<27.091618, 37.013893, 36.386074> 0.100000
	pigment { color rgbt <1,0,0,0> }
	no_shadow
}
sphere {
	0, 1
	scale<0.080000,0.200000,0.300000>
	matrix <-0.120281, 0.881290, 0.457012,
		-0.695382, 0.253754, -0.672349,
		-0.708503, -0.398669, 0.582311,
		26.879066, 36.894291, 36.560768>
	pigment { color rgbt <0,1,1,0> }
	no_shadow
}
cylinder {
	<26.835121, 37.699032, 36.268036>,  <27.375019, 37.173359, 36.153149>, 0.130000
	pigment { color rgbt <1,0,0,0> }
	no_shadow
}

// nucleotide -1

// particle -1
sphere {
	<26.835121, 37.699032, 36.268036> 0.250000
	pigment { color rgbt <1,0,0,0> }
	no_shadow
}
cylinder {
	<26.712290, 37.468678, 36.571102>,  <26.638590, 37.330463, 36.752941>, 0.100000
	pigment { color rgbt <1,0,0,0> }
	no_shadow
}
cylinder {
	<26.712290, 37.468678, 36.571102>,  <26.835121, 37.699032, 36.268036>, 0.100000
	pigment { color rgbt <1,0,0,0> }
	no_shadow
}

// particle -1
sphere {
	<26.712290, 37.468678, 36.571102> 0.100000
	pigment { color rgbt <1,0,0,0> }
	no_shadow
}
sphere {
	0, 1
	scale<0.080000,0.200000,0.300000>
	matrix <-0.120970, 0.813291, 0.569143,
		-0.943964, 0.083118, -0.319411,
		-0.307081, -0.575889, 0.757663,
		26.620165, 37.295910, 36.798401>
	pigment { color rgbt <0,1,1,0> }
	no_shadow
}
cylinder {
	<26.407940, 38.065540, 36.606781>,  <26.835121, 37.699032, 36.268036>, 0.130000
	pigment { color rgbt <1,0,0,0> }
	no_shadow
}

// nucleotide -1

// particle -1
sphere {
	<26.407940, 38.065540, 36.606781> 0.250000
	pigment { color rgbt <1,0,0,0> }
	no_shadow
}
cylinder {
	<26.512398, 37.770695, 36.856091>,  <26.575073, 37.593788, 37.005676>, 0.100000
	pigment { color rgbt <1,0,0,0> }
	no_shadow
}
cylinder {
	<26.512398, 37.770695, 36.856091>,  <26.407940, 38.065540, 36.606781>, 0.100000
	pigment { color rgbt <1,0,0,0> }
	no_shadow
}

// particle -1
sphere {
	<26.512398, 37.770695, 36.856091> 0.100000
	pigment { color rgbt <1,0,0,0> }
	no_shadow
}
sphere {
	0, 1
	scale<0.080000,0.200000,0.300000>
	matrix <0.046894, 0.654606, 0.754514,
		-0.964160, -0.167809, 0.205513,
		0.261145, -0.737110, 0.623275,
		26.590742, 37.549561, 37.043072>
	pigment { color rgbt <0,1,1,0> }
	no_shadow
}
cylinder {
	<25.898254, 38.052750, 37.306099>,  <26.407940, 38.065540, 36.606781>, 0.130000
	pigment { color rgbt <1,0,0,0> }
	no_shadow
}

// nucleotide -1

// particle -1
sphere {
	<25.898254, 38.052750, 37.306099> 0.250000
	pigment { color rgbt <1,0,0,0> }
	no_shadow
}
cylinder {
	<26.259977, 37.905235, 37.392097>,  <26.477013, 37.816727, 37.443695>, 0.100000
	pigment { color rgbt <1,0,0,0> }
	no_shadow
}
cylinder {
	<26.259977, 37.905235, 37.392097>,  <25.898254, 38.052750, 37.306099>, 0.100000
	pigment { color rgbt <1,0,0,0> }
	no_shadow
}

// particle -1
sphere {
	<26.259977, 37.905235, 37.392097> 0.100000
	pigment { color rgbt <1,0,0,0> }
	no_shadow
}
sphere {
	0, 1
	scale<0.080000,0.200000,0.300000>
	matrix <0.039889, 0.574447, 0.817569,
		-0.425009, -0.730760, 0.534189,
		0.904309, -0.368783, 0.214996,
		26.531271, 37.794601, 37.456596>
	pigment { color rgbt <0,1,1,0> }
	no_shadow
}
cylinder {
	<25.884039, 37.868599, 38.053593>,  <25.898254, 38.052750, 37.306099>, 0.130000
	pigment { color rgbt <1,0,0,0> }
	no_shadow
}

// nucleotide -1

// particle -1
sphere {
	<25.884039, 37.868599, 38.053593> 0.250000
	pigment { color rgbt <1,0,0,0> }
	no_shadow
}
cylinder {
	<26.273272, 37.912548, 37.972561>,  <26.506811, 37.938919, 37.923943>, 0.100000
	pigment { color rgbt <1,0,0,0> }
	no_shadow
}
cylinder {
	<26.273272, 37.912548, 37.972561>,  <25.884039, 37.868599, 38.053593>, 0.100000
	pigment { color rgbt <1,0,0,0> }
	no_shadow
}

// particle -1
sphere {
	<26.273272, 37.912548, 37.972561> 0.100000
	pigment { color rgbt <1,0,0,0> }
	no_shadow
}
sphere {
	0, 1
	scale<0.080000,0.200000,0.300000>
	matrix <0.135144, 0.439972, 0.887784,
		0.186675, -0.891264, 0.413280,
		0.973082, 0.109875, -0.202581,
		26.565197, 37.945511, 37.911785>
	pigment { color rgbt <0,1,1,0> }
	no_shadow
}
cylinder {
	<26.115553, 37.812256, 38.707596>,  <25.884039, 37.868599, 38.053593>, 0.130000
	pigment { color rgbt <1,0,0,0> }
	no_shadow
}

// nucleotide -1

// particle -1
sphere {
	<26.115553, 37.812256, 38.707596> 0.250000
	pigment { color rgbt <1,0,0,0> }
	no_shadow
}
cylinder {
	<26.429569, 37.960457, 38.509026>,  <26.617979, 38.049377, 38.389881>, 0.100000
	pigment { color rgbt <1,0,0,0> }
	no_shadow
}
cylinder {
	<26.429569, 37.960457, 38.509026>,  <26.115553, 37.812256, 38.707596>, 0.100000
	pigment { color rgbt <1,0,0,0> }
	no_shadow
}

// particle -1
sphere {
	<26.429569, 37.960457, 38.509026> 0.100000
	pigment { color rgbt <1,0,0,0> }
	no_shadow
}
sphere {
	0, 1
	scale<0.080000,0.200000,0.300000>
	matrix <0.388974, 0.328860, 0.860552,
		0.482092, -0.868666, 0.114052,
		0.785039, 0.370502, -0.496429,
		26.665081, 38.071606, 38.360096>
	pigment { color rgbt <0,1,1,0> }
	no_shadow
}
cylinder {
	<26.646000, 37.656887, 39.183365>,  <26.115553, 37.812256, 38.707596>, 0.130000
	pigment { color rgbt <1,0,0,0> }
	no_shadow
}

// nucleotide -1

// particle -1
sphere {
	<26.646000, 37.656887, 39.183365> 0.250000
	pigment { color rgbt <1,0,0,0> }
	no_shadow
}
cylinder {
	<26.798651, 37.939037, 38.944431>,  <26.890242, 38.108330, 38.801071>, 0.100000
	pigment { color rgbt <1,0,0,0> }
	no_shadow
}
cylinder {
	<26.798651, 37.939037, 38.944431>,  <26.646000, 37.656887, 39.183365>, 0.100000
	pigment { color rgbt <1,0,0,0> }
	no_shadow
}

// particle -1
sphere {
	<26.798651, 37.939037, 38.944431> 0.100000
	pigment { color rgbt <1,0,0,0> }
	no_shadow
}
sphere {
	0, 1
	scale<0.080000,0.200000,0.300000>
	matrix <0.446946, 0.424846, 0.787239,
		0.809075, -0.567405, -0.153133,
		0.381626, 0.705377, -0.597332,
		26.913139, 38.150650, 38.765232>
	pigment { color rgbt <0,1,1,0> }
	no_shadow
}
cylinder {
	<27.437759, 37.570084, 39.279152>,  <26.646000, 37.656887, 39.183365>, 0.130000
	pigment { color rgbt <1,0,0,0> }
	no_shadow
}

// nucleotide -1

// particle -1
sphere {
	<27.437759, 37.570084, 39.279152> 0.250000
	pigment { color rgbt <1,0,0,0> }
	no_shadow
}
cylinder {
	<27.363138, 37.928429, 39.117844>,  <27.318365, 38.143436, 39.021061>, 0.100000
	pigment { color rgbt <1,0,0,0> }
	no_shadow
}
cylinder {
	<27.363138, 37.928429, 39.117844>,  <27.437759, 37.570084, 39.279152>, 0.100000
	pigment { color rgbt <1,0,0,0> }
	no_shadow
}

// particle -1
sphere {
	<27.363138, 37.928429, 39.117844> 0.100000
	pigment { color rgbt <1,0,0,0> }
	no_shadow
}
sphere {
	0, 1
	scale<0.080000,0.200000,0.300000>
	matrix <0.464154, 0.442145, 0.767508,
		0.865886, -0.043997, -0.498302,
		-0.186554, 0.895864, -0.403269,
		27.307173, 38.197189, 38.996864>
	pigment { color rgbt <0,1,1,0> }
	no_shadow
}
cylinder {
	<28.103590, 37.888748, 39.394833>,  <27.437759, 37.570084, 39.279152>, 0.130000
	pigment { color rgbt <1,0,0,0> }
	no_shadow
}

// nucleotide -1

// particle -1
sphere {
	<28.103590, 37.888748, 39.394833> 0.250000
	pigment { color rgbt <1,0,0,0> }
	no_shadow
}
cylinder {
	<27.858938, 38.188553, 39.293530>,  <27.712147, 38.368435, 39.232750>, 0.100000
	pigment { color rgbt <1,0,0,0> }
	no_shadow
}
cylinder {
	<27.858938, 38.188553, 39.293530>,  <28.103590, 37.888748, 39.394833>, 0.100000
	pigment { color rgbt <1,0,0,0> }
	no_shadow
}

// particle -1
sphere {
	<27.858938, 38.188553, 39.293530> 0.100000
	pigment { color rgbt <1,0,0,0> }
	no_shadow
}
sphere {
	0, 1
	scale<0.080000,0.200000,0.300000>
	matrix <0.614834, 0.651766, 0.444051,
		0.497885, 0.115885, -0.859465,
		-0.611629, 0.749515, -0.253255,
		27.675449, 38.413406, 39.217552>
	pigment { color rgbt <0,1,1,0> }
	no_shadow
}
cylinder {
	<28.529434, 38.448219, 39.038658>,  <28.103590, 37.888748, 39.394833>, 0.130000
	pigment { color rgbt <1,0,0,0> }
	no_shadow
}

// nucleotide -1

// particle -1
sphere {
	<28.529434, 38.448219, 39.038658> 0.250000
	pigment { color rgbt <1,0,0,0> }
	no_shadow
}
cylinder {
	<28.199911, 38.587070, 39.217922>,  <28.002197, 38.670383, 39.325481>, 0.100000
	pigment { color rgbt <1,0,0,0> }
	no_shadow
}
cylinder {
	<28.199911, 38.587070, 39.217922>,  <28.529434, 38.448219, 39.038658>, 0.100000
	pigment { color rgbt <1,0,0,0> }
	no_shadow
}

// particle -1
sphere {
	<28.199911, 38.587070, 39.217922> 0.100000
	pigment { color rgbt <1,0,0,0> }
	no_shadow
}
sphere {
	0, 1
	scale<0.080000,0.200000,0.300000>
	matrix <0.556621, 0.645015, 0.523573,
		-0.107319, 0.680775, -0.724588,
		-0.823805, 0.347132, 0.448156,
		27.952770, 38.691212, 39.352367>
	pigment { color rgbt <0,1,1,0> }
	no_shadow
}
cylinder {
	<28.667049, 39.124336, 39.060776>,  <28.529434, 38.448219, 39.038658>, 0.130000
	pigment { color rgbt <1,0,0,0> }
	no_shadow
}

// nucleotide -1

// particle -1
sphere {
	<28.667049, 39.124336, 39.060776> 0.250000
	pigment { color rgbt <1,0,0,0> }
	no_shadow
}
cylinder {
	<28.381460, 39.066570, 39.334824>,  <28.210106, 39.031910, 39.499252>, 0.100000
	pigment { color rgbt <1,0,0,0> }
	no_shadow
}
cylinder {
	<28.381460, 39.066570, 39.334824>,  <28.667049, 39.124336, 39.060776>, 0.100000
	pigment { color rgbt <1,0,0,0> }
	no_shadow
}

// particle -1
sphere {
	<28.381460, 39.066570, 39.334824> 0.100000
	pigment { color rgbt <1,0,0,0> }
	no_shadow
}
sphere {
	0, 1
	scale<0.080000,0.200000,0.300000>
	matrix <0.411914, 0.704620, 0.577787,
		-0.566185, 0.694735, -0.443596,
		-0.713975, -0.144411, 0.685117,
		28.167267, 39.023247, 39.540359>
	pigment { color rgbt <0,1,1,0> }
	no_shadow
}
cylinder {
	<28.548849, 39.710503, 39.275196>,  <28.667049, 39.124336, 39.060776>, 0.130000
	pigment { color rgbt <1,0,0,0> }
	no_shadow
}

// nucleotide -1

// particle -1
sphere {
	<28.548849, 39.710503, 39.275196> 0.250000
	pigment { color rgbt <1,0,0,0> }
	no_shadow
}
cylinder {
	<28.395679, 39.494804, 39.575218>,  <28.303778, 39.365383, 39.755230>, 0.100000
	pigment { color rgbt <1,0,0,0> }
	no_shadow
}
cylinder {
	<28.395679, 39.494804, 39.575218>,  <28.548849, 39.710503, 39.275196>, 0.100000
	pigment { color rgbt <1,0,0,0> }
	no_shadow
}

// particle -1
sphere {
	<28.395679, 39.494804, 39.575218> 0.100000
	pigment { color rgbt <1,0,0,0> }
	no_shadow
}
sphere {
	0, 1
	scale<0.080000,0.200000,0.300000>
	matrix <0.348283, 0.667749, 0.657883,
		-0.855610, 0.513151, -0.067886,
		-0.382924, -0.539247, 0.750054,
		28.280802, 39.333031, 39.800236>
	pigment { color rgbt <0,1,1,0> }
	no_shadow
}
cylinder {
	<28.249184, 40.196815, 39.696777>,  <28.548849, 39.710503, 39.275196>, 0.130000
	pigment { color rgbt <1,0,0,0> }
	no_shadow
}

// nucleotide -1

// particle -1
sphere {
	<28.249184, 40.196815, 39.696777> 0.250000
	pigment { color rgbt <1,0,0,0> }
	no_shadow
}
cylinder {
	<28.334200, 39.860062, 39.895195>,  <28.385210, 39.658009, 40.014244>, 0.100000
	pigment { color rgbt <1,0,0,0> }
	no_shadow
}
cylinder {
	<28.334200, 39.860062, 39.895195>,  <28.249184, 40.196815, 39.696777>, 0.100000
	pigment { color rgbt <1,0,0,0> }
	no_shadow
}

// particle -1
sphere {
	<28.334200, 39.860062, 39.895195> 0.100000
	pigment { color rgbt <1,0,0,0> }
	no_shadow
}
sphere {
	0, 1
	scale<0.080000,0.200000,0.300000>
	matrix <0.206570, 0.534879, 0.819288,
		-0.955069, -0.071664, 0.287591,
		0.212540, -0.841884, 0.496043,
		28.397963, 39.607498, 40.044006>
	pigment { color rgbt <0,1,1,0> }
	no_shadow
}
cylinder {
	<27.797472, 40.226513, 40.387863>,  <28.249184, 40.196815, 39.696777>, 0.130000
	pigment { color rgbt <1,0,0,0> }
	no_shadow
}

// nucleotide -1

// particle -1
sphere {
	<27.797472, 40.226513, 40.387863> 0.250000
	pigment { color rgbt <1,0,0,0> }
	no_shadow
}
cylinder {
	<28.167633, 40.074921, 40.388161>,  <28.389730, 39.983963, 40.388340>, 0.100000
	pigment { color rgbt <1,0,0,0> }
	no_shadow
}
cylinder {
	<28.167633, 40.074921, 40.388161>,  <27.797472, 40.226513, 40.387863>, 0.100000
	pigment { color rgbt <1,0,0,0> }
	no_shadow
}

// particle -1
sphere {
	<28.167633, 40.074921, 40.388161> 0.100000
	pigment { color rgbt <1,0,0,0> }
	no_shadow
}
sphere {
	0, 1
	scale<0.080000,0.200000,0.300000>
	matrix <0.318765, 0.779419, 0.539347,
		-0.204982, -0.498876, 0.842084,
		0.925403, -0.378983, 0.000742,
		28.445253, 39.961227, 40.388382>
	pigment { color rgbt <0,1,1,0> }
	no_shadow
}
cylinder {
	<28.047119, 40.347008, 41.099487>,  <27.797472, 40.226513, 40.387863>, 0.130000
	pigment { color rgbt <1,0,0,0> }
	no_shadow
}

// nucleotide -1

// particle -1
sphere {
	<28.047119, 40.347008, 41.099487> 0.250000
	pigment { color rgbt <1,0,0,0> }
	no_shadow
}
cylinder {
	<28.379232, 40.304974, 40.880550>,  <28.578501, 40.279755, 40.749187>, 0.100000
	pigment { color rgbt <1,0,0,0> }
	no_shadow
}
cylinder {
	<28.379232, 40.304974, 40.880550>,  <28.047119, 40.347008, 41.099487>, 0.100000
	pigment { color rgbt <1,0,0,0> }
	no_shadow
}

// particle -1
sphere {
	<28.379232, 40.304974, 40.880550> 0.100000
	pigment { color rgbt <1,0,0,0> }
	no_shadow
}
sphere {
	0, 1
	scale<0.080000,0.200000,0.300000>
	matrix <0.405387, 0.787812, 0.463695,
		0.382477, -0.606885, 0.696708,
		0.830285, -0.105083, -0.547343,
		28.628317, 40.273449, 40.716347>
	pigment { color rgbt <0,1,1,0> }
	no_shadow
}
cylinder {
	<28.687202, 40.308823, 41.540207>,  <28.047119, 40.347008, 41.099487>, 0.130000
	pigment { color rgbt <1,0,0,0> }
	no_shadow
}

// nucleotide -1

// particle -1
sphere {
	<28.687202, 40.308823, 41.540207> 0.250000
	pigment { color rgbt <1,0,0,0> }
	no_shadow
}
cylinder {
	<28.789537, 40.455597, 41.182457>,  <28.850939, 40.543663, 40.967808>, 0.100000
	pigment { color rgbt <1,0,0,0> }
	no_shadow
}
cylinder {
	<28.789537, 40.455597, 41.182457>,  <28.687202, 40.308823, 41.540207>, 0.100000
	pigment { color rgbt <1,0,0,0> }
	no_shadow
}

// particle -1
sphere {
	<28.789537, 40.455597, 41.182457> 0.100000
	pigment { color rgbt <1,0,0,0> }
	no_shadow
}
sphere {
	0, 1
	scale<0.080000,0.200000,0.300000>
	matrix <0.575367, 0.685662, 0.445893,
		0.776853, -0.628669, -0.035705,
		0.255838, 0.366937, -0.894373,
		28.866289, 40.565678, 40.914146>
	pigment { color rgbt <0,1,1,0> }
	no_shadow
}
cylinder {
	<29.485847, 40.225773, 41.755085>,  <28.687202, 40.308823, 41.540207>, 0.130000
	pigment { color rgbt <1,0,0,0> }
	no_shadow
}

// nucleotide -1

// particle -1
sphere {
	<29.485847, 40.225773, 41.755085> 0.250000
	pigment { color rgbt <1,0,0,0> }
	no_shadow
}
cylinder {
	<29.323652, 40.487335, 41.499592>,  <29.226336, 40.644272, 41.346294>, 0.100000
	pigment { color rgbt <1,0,0,0> }
	no_shadow
}
cylinder {
	<29.323652, 40.487335, 41.499592>,  <29.485847, 40.225773, 41.755085>, 0.100000
	pigment { color rgbt <1,0,0,0> }
	no_shadow
}

// particle -1
sphere {
	<29.323652, 40.487335, 41.499592> 0.100000
	pigment { color rgbt <1,0,0,0> }
	no_shadow
}
sphere {
	0, 1
	scale<0.080000,0.200000,0.300000>
	matrix <0.577419, 0.724928, 0.375589,
		0.708637, -0.216520, -0.671530,
		-0.405488, 0.653911, -0.638734,
		29.202005, 40.683510, 41.307972>
	pigment { color rgbt <0,1,1,0> }
	no_shadow
}
cylinder {
	<29.638470, 40.973377, 42.073910>,  <29.485847, 40.225773, 41.755085>, 0.130000
	pigment { color rgbt <1,0,0,0> }
	no_shadow
}

// nucleotide -1

// particle -1
sphere {
	<29.638470, 40.973377, 42.073910> 0.250000
	pigment { color rgbt <1,0,0,0> }
	no_shadow
}
cylinder {
	<29.755806, 41.355618, 42.062695>,  <29.826208, 41.584961, 42.055965>, 0.100000
	pigment { color rgbt <1,0,0,0> }
	no_shadow
}
cylinder {
	<29.755806, 41.355618, 42.062695>,  <29.638470, 40.973377, 42.073910>, 0.100000
	pigment { color rgbt <1,0,0,0> }
	no_shadow
}

// particle -1
sphere {
	<29.755806, 41.355618, 42.062695> 0.100000
	pigment { color rgbt <1,0,0,0> }
	no_shadow
}
sphere {
	0, 1
	scale<0.080000,0.200000,0.300000>
	matrix <0.956008, -0.293222, 0.008341,
		-0.000249, -0.029248, -0.999572,
		0.293340, 0.955597, -0.028035,
		29.843807, 41.642296, 42.054283>
	pigment { color rgbt <0,1,1,0> }
	no_shadow
}
cylinder {
	<30.043554, 41.063343, 41.495651>,  <29.638470, 40.973377, 42.073910>, 0.130000
	pigment { color rgbt <1,0,0,0> }
	no_shadow
}

// nucleotide -1

// particle -1
sphere {
	<30.043554, 41.063343, 41.495651> 0.250000
	pigment { color rgbt <1,0,0,0> }
	no_shadow
}
cylinder {
	<30.153555, 41.337620, 41.765228>,  <30.219555, 41.502186, 41.926975>, 0.100000
	pigment { color rgbt <1,0,0,0> }
	no_shadow
}
cylinder {
	<30.153555, 41.337620, 41.765228>,  <30.043554, 41.063343, 41.495651>, 0.100000
	pigment { color rgbt <1,0,0,0> }
	no_shadow
}

// particle -1
sphere {
	<30.153555, 41.337620, 41.765228> 0.100000
	pigment { color rgbt <1,0,0,0> }
	no_shadow
}
sphere {
	0, 1
	scale<0.080000,0.200000,0.300000>
	matrix <0.827028, -0.526179, 0.197891,
		0.490307, 0.502947, -0.711789,
		0.275000, 0.685696, 0.673940,
		30.236055, 41.543327, 41.967411>
	pigment { color rgbt <0,1,1,0> }
	no_shadow
}
cylinder {
	<30.804817, 41.074432, 41.436275>,  <30.043554, 41.063343, 41.495651>, 0.130000
	pigment { color rgbt <1,0,0,0> }
	no_shadow
}

// nucleotide -1

// particle -1
sphere {
	<30.804817, 41.074432, 41.436275> 0.250000
	pigment { color rgbt <1,0,0,0> }
	no_shadow
}
cylinder {
	<30.671026, 41.220917, 41.783611>,  <30.590752, 41.308807, 41.992012>, 0.100000
	pigment { color rgbt <1,0,0,0> }
	no_shadow
}
cylinder {
	<30.671026, 41.220917, 41.783611>,  <30.804817, 41.074432, 41.436275>, 0.100000
	pigment { color rgbt <1,0,0,0> }
	no_shadow
}

// particle -1
sphere {
	<30.671026, 41.220917, 41.783611> 0.100000
	pigment { color rgbt <1,0,0,0> }
	no_shadow
}
sphere {
	0, 1
	scale<0.080000,0.200000,0.300000>
	matrix <0.690337, -0.532029, 0.490285,
		0.641530, 0.763437, -0.074857,
		-0.334476, 0.366210, 0.868341,
		30.570684, 41.330780, 42.044113>
	pigment { color rgbt <0,1,1,0> }
	no_shadow
}
cylinder {
	<30.694618, 40.408192, 41.417477>,  <30.804817, 41.074432, 41.436275>, 0.130000
	pigment { color rgbt <1,0,0,0> }
	no_shadow
}

// nucleotide -1

// particle -1
sphere {
	<30.694618, 40.408192, 41.417477> 0.250000
	pigment { color rgbt <1,0,0,0> }
	no_shadow
}
cylinder {
	<30.727386, 40.065926, 41.621876>,  <30.747047, 39.860565, 41.744514>, 0.100000
	pigment { color rgbt <1,0,0,0> }
	no_shadow
}
cylinder {
	<30.727386, 40.065926, 41.621876>,  <30.694618, 40.408192, 41.417477>, 0.100000
	pigment { color rgbt <1,0,0,0> }
	no_shadow
}

// particle -1
sphere {
	<30.727386, 40.065926, 41.621876> 0.100000
	pigment { color rgbt <1,0,0,0> }
	no_shadow
}
sphere {
	0, 1
	scale<0.080000,0.200000,0.300000>
	matrix <-0.344567, -0.505424, -0.791088,
		0.935181, -0.111268, -0.336239,
		0.081920, -0.855667, 0.511002,
		30.751963, 39.809227, 41.775177>
	pigment { color rgbt <0,1,1,0> }
	no_shadow
}
cylinder {
	<31.266016, 39.851597, 41.124432>,  <30.694618, 40.408192, 41.417477>, 0.130000
	pigment { color rgbt <1,0,0,0> }
	no_shadow
}

// nucleotide -1

// particle -1
sphere {
	<31.266016, 39.851597, 41.124432> 0.250000
	pigment { color rgbt <1,0,0,0> }
	no_shadow
}
cylinder {
	<30.974352, 39.653522, 41.313374>,  <30.799353, 39.534679, 41.426739>, 0.100000
	pigment { color rgbt <1,0,0,0> }
	no_shadow
}
cylinder {
	<30.974352, 39.653522, 41.313374>,  <31.266016, 39.851597, 41.124432>, 0.100000
	pigment { color rgbt <1,0,0,0> }
	no_shadow
}

// particle -1
sphere {
	<30.974352, 39.653522, 41.313374> 0.100000
	pigment { color rgbt <1,0,0,0> }
	no_shadow
}
sphere {
	0, 1
	scale<0.080000,0.200000,0.300000>
	matrix <0.012172, -0.699510, -0.714520,
		0.684235, -0.515249, 0.516081,
		-0.729159, -0.495182, 0.472357,
		30.755604, 39.504967, 41.455082>
	pigment { color rgbt <0,1,1,0> }
	no_shadow
}
cylinder {
	<31.488964, 39.159874, 41.094387>,  <31.266016, 39.851597, 41.124432>, 0.130000
	pigment { color rgbt <1,0,0,0> }
	no_shadow
}

// nucleotide -1

// particle -1
sphere {
	<31.488964, 39.159874, 41.094387> 0.250000
	pigment { color rgbt <1,0,0,0> }
	no_shadow
}
cylinder {
	<31.092461, 39.157478, 41.147106>,  <30.854559, 39.156040, 41.178738>, 0.100000
	pigment { color rgbt <1,0,0,0> }
	no_shadow
}
cylinder {
	<31.092461, 39.157478, 41.147106>,  <31.488964, 39.159874, 41.094387>, 0.100000
	pigment { color rgbt <1,0,0,0> }
	no_shadow
}

// particle -1
sphere {
	<31.092461, 39.157478, 41.147106> 0.100000
	pigment { color rgbt <1,0,0,0> }
	no_shadow
}
sphere {
	0, 1
	scale<0.080000,0.200000,0.300000>
	matrix <-0.073943, -0.802118, -0.592571,
		0.109267, -0.597136, 0.794663,
		-0.991259, -0.005989, 0.131799,
		30.795084, 39.155682, 41.186646>
	pigment { color rgbt <0,1,1,0> }
	no_shadow
}
cylinder {
	<31.234858, 38.371349, 41.249660>,  <31.488964, 39.159874, 41.094387>, 0.130000
	pigment { color rgbt <1,0,0,0> }
	no_shadow
}

// nucleotide -1

// particle -1
sphere {
	<31.234858, 38.371349, 41.249660> 0.250000
	pigment { color rgbt <1,0,0,0> }
	no_shadow
}
cylinder {
	<30.921635, 38.579666, 41.113659>,  <30.733702, 38.704655, 41.032059>, 0.100000
	pigment { color rgbt <1,0,0,0> }
	no_shadow
}
cylinder {
	<30.921635, 38.579666, 41.113659>,  <31.234858, 38.371349, 41.249660>, 0.100000
	pigment { color rgbt <1,0,0,0> }
	no_shadow
}

// particle -1
sphere {
	<30.921635, 38.579666, 41.113659> 0.100000
	pigment { color rgbt <1,0,0,0> }
	no_shadow
}
sphere {
	0, 1
	scale<0.080000,0.200000,0.300000>
	matrix <-0.315352, -0.803647, -0.504682,
		-0.536074, -0.287975, 0.793533,
		-0.783056, 0.520790, -0.340001,
		30.686718, 38.735905, 41.011658>
	pigment { color rgbt <0,1,1,0> }
	no_shadow
}
cylinder {
	<30.731052, 37.862259, 41.302578>,  <31.234858, 38.371349, 41.249660>, 0.130000
	pigment { color rgbt <1,0,0,0> }
	no_shadow
}

// nucleotide -1

// particle -1
sphere {
	<30.731052, 37.862259, 41.302578> 0.250000
	pigment { color rgbt <1,0,0,0> }
	no_shadow
}
cylinder {
	<30.606712, 38.141827, 41.044933>,  <30.532108, 38.309566, 40.890347>, 0.100000
	pigment { color rgbt <1,0,0,0> }
	no_shadow
}
cylinder {
	<30.606712, 38.141827, 41.044933>,  <30.731052, 37.862259, 41.302578>, 0.100000
	pigment { color rgbt <1,0,0,0> }
	no_shadow
}

// particle -1
sphere {
	<30.606712, 38.141827, 41.044933> 0.100000
	pigment { color rgbt <1,0,0,0> }
	no_shadow
}
sphere {
	0, 1
	scale<0.080000,0.200000,0.300000>
	matrix <-0.469958, -0.702071, -0.535009,
		-0.826143, 0.136400, 0.546702,
		-0.310848, 0.698921, -0.644114,
		30.513458, 38.351501, 40.851700>
	pigment { color rgbt <0,1,1,0> }
	no_shadow
}
cylinder {
	<29.950163, 37.867519, 41.255920>,  <30.731052, 37.862259, 41.302578>, 0.130000
	pigment { color rgbt <1,0,0,0> }
	no_shadow
}

// nucleotide -1

// particle -1
sphere {
	<29.950163, 37.867519, 41.255920> 0.250000
	pigment { color rgbt <1,0,0,0> }
	no_shadow
}
cylinder {
	<30.067739, 38.023018, 40.906639>,  <30.138285, 38.116318, 40.697071>, 0.100000
	pigment { color rgbt <1,0,0,0> }
	no_shadow
}
cylinder {
	<30.067739, 38.023018, 40.906639>,  <29.950163, 37.867519, 41.255920>, 0.100000
	pigment { color rgbt <1,0,0,0> }
	no_shadow
}

// particle -1
sphere {
	<30.067739, 38.023018, 40.906639> 0.100000
	pigment { color rgbt <1,0,0,0> }
	no_shadow
}
sphere {
	0, 1
	scale<0.080000,0.200000,0.300000>
	matrix <-0.483743, -0.727416, -0.486680,
		-0.824374, 0.565459, -0.025764,
		0.293940, 0.388743, -0.873200,
		30.155922, 38.139641, 40.644680>
	pigment { color rgbt <0,1,1,0> }
	no_shadow
}
cylinder {
	<29.449512, 37.865822, 40.638000>,  <29.950163, 37.867519, 41.255920>, 0.130000
	pigment { color rgbt <1,0,0,0> }
	no_shadow
}

// nucleotide -1

// particle -1
sphere {
	<29.449512, 37.865822, 40.638000> 0.250000
	pigment { color rgbt <1,0,0,0> }
	no_shadow
}
cylinder {
	<29.770741, 37.934914, 40.409878>,  <29.963476, 37.976368, 40.273006>, 0.100000
	pigment { color rgbt <1,0,0,0> }
	no_shadow
}
cylinder {
	<29.770741, 37.934914, 40.409878>,  <29.449512, 37.865822, 40.638000>, 0.100000
	pigment { color rgbt <1,0,0,0> }
	no_shadow
}

// particle -1
sphere {
	<29.770741, 37.934914, 40.409878> 0.100000
	pigment { color rgbt <1,0,0,0> }
	no_shadow
}
sphere {
	0, 1
	scale<0.080000,0.200000,0.300000>
	matrix <-0.342505, -0.649373, -0.678973,
		-0.487619, 0.740594, -0.462331,
		0.803068, 0.172730, -0.570303,
		30.011662, 37.986732, 40.238789>
	pigment { color rgbt <0,1,1,0> }
	no_shadow
}
cylinder {
	<29.203955, 37.920895, 40.005520>,  <29.449512, 37.865822, 40.638000>, 0.130000
	pigment { color rgbt <1,0,0,0> }
	no_shadow
}

// nucleotide -1

// particle -1
sphere {
	<29.203955, 37.920895, 40.005520> 0.250000
	pigment { color rgbt <1,0,0,0> }
	no_shadow
}
cylinder {
	<29.593191, 37.839283, 39.962692>,  <29.826733, 37.790318, 39.936996>, 0.100000
	pigment { color rgbt <1,0,0,0> }
	no_shadow
}
cylinder {
	<29.593191, 37.839283, 39.962692>,  <29.203955, 37.920895, 40.005520>, 0.100000
	pigment { color rgbt <1,0,0,0> }
	no_shadow
}

// particle -1
sphere {
	<29.593191, 37.839283, 39.962692> 0.100000
	pigment { color rgbt <1,0,0,0> }
	no_shadow
}
sphere {
	0, 1
	scale<0.080000,0.200000,0.300000>
	matrix <-0.228593, -0.796461, -0.559817,
		0.028943, 0.569229, -0.821670,
		0.973092, -0.204031, -0.107070,
		29.885118, 37.778072, 39.930573>
	pigment { color rgbt <0,1,1,0> }
	no_shadow
}
cylinder {
	<29.343805, 37.807911, 39.282421>,  <29.203955, 37.920895, 40.005520>, 0.130000
	pigment { color rgbt <1,0,0,0> }
	no_shadow
}

// nucleotide -1

// particle -1
sphere {
	<29.343805, 37.807911, 39.282421> 0.250000
	pigment { color rgbt <1,0,0,0> }
	no_shadow
}
cylinder {
	<29.648382, 37.625336, 39.466537>,  <29.831129, 37.515793, 39.577007>, 0.100000
	pigment { color rgbt <1,0,0,0> }
	no_shadow
}
cylinder {
	<29.648382, 37.625336, 39.466537>,  <29.343805, 37.807911, 39.282421>, 0.100000
	pigment { color rgbt <1,0,0,0> }
	no_shadow
}

// particle -1
sphere {
	<29.648382, 37.625336, 39.466537> 0.100000
	pigment { color rgbt <1,0,0,0> }
	no_shadow
}
sphere {
	0, 1
	scale<0.080000,0.200000,0.300000>
	matrix <-0.120341, -0.797267, -0.591510,
