// switches for output
#declare DRAW_BASES = 1; // possible values are 0, 1; only relevant for DNA ribbons
#declare DRAW_BASES_TYPE = 3; // possible values are 1, 2, 3; only relevant for DNA ribbons
#declare DRAW_FOG = 0; // set to 1 to enable fog

#include "colors.inc"

#include "transforms.inc"
background { rgb <1, 1, 1>}

#default {
   normal{
       ripples 0.25
       frequency 0.20
       turbulence 0.2
       lambda 5
   }
	finish {
		phong 0.1
		phong_size 40.
	}
}

// original window dimensions: 1024x640


// camera settings

camera {
	sky <0, 0.179814, -0.983701>
	up <0, 0.179814, -0.983701>
	right 1.6 * <1, 0, 0>
	location <35, 94.9851, 44.8844>
	look_at <35, 29.7336, 32.9568>
	direction <0, -65.2515, -11.9276>
	angle 67.0682
}


# declare cpy_camera_pos = <35, 94.9851, 44.8844>;
# if (DRAW_FOG = 1)
fog {
	fog_type 2
	up vnormalize(cpy_camera_pos)
	color rgbt<1,1,1,0.3>
	distance 1e-5
	fog_alt 3e-3
	fog_offset 56
}
# end


// LIGHTS

# declare lum = 6;
global_settings {
	ambient_light rgb lum * <0.05, 0.05, 0.05>
	max_trace_level 15
}# declare cpy_direct_light_amount = 0.25;
light_source
{	1000 * <-1, -1.16352, -0.803886>,
	rgb lum * cpy_direct_light_amount
	parallel
}

light_source
{	1000 * <1, 1.16352, 0.803886>,
	rgb lum * cpy_direct_light_amount
	parallel
}

// strand 0

// nucleotide -1

// particle -1
sphere {
	<23.868259, 34.991383, 34.937538> 0.250000
	pigment { color rgbt <1,0,0,0> }
	no_shadow
}
cylinder {
	<24.157507, 35.226212, 35.083115>,  <24.331055, 35.367107, 35.170460>, 0.100000
	pigment { color rgbt <1,0,0,0> }
	no_shadow
}
cylinder {
	<24.157507, 35.226212, 35.083115>,  <23.868259, 34.991383, 34.937538>, 0.100000
	pigment { color rgbt <1,0,0,0> }
	no_shadow
}

// particle -1
sphere {
	<24.157507, 35.226212, 35.083115> 0.100000
	pigment { color rgbt <1,0,0,0> }
	no_shadow
}
sphere {
	0, 1
	scale<0.080000,0.200000,0.300000>
	matrix <0.659380, -0.429787, -0.616847,
		-0.205715, 0.686028, -0.697888,
		0.723118, 0.587068, 0.363940,
		24.374443, 35.402332, 35.192295>
	pigment { color rgbt <0,1,1,0> }
	no_shadow
}
cylinder {
	<24.240274, 35.266376, 34.369675>,  <23.868259, 34.991383, 34.937538>, 0.130000
	pigment { color rgbt <1,0,0,0> }
	no_shadow
}

// nucleotide -1

// particle -1
sphere {
	<24.240274, 35.266376, 34.369675> 0.250000
	pigment { color rgbt <1,0,0,0> }
	no_shadow
}
cylinder {
	<24.460381, 35.256950, 34.703537>,  <24.592443, 35.251293, 34.903854>, 0.100000
	pigment { color rgbt <1,0,0,0> }
	no_shadow
}
cylinder {
	<24.460381, 35.256950, 34.703537>,  <24.240274, 35.266376, 34.369675>, 0.100000
	pigment { color rgbt <1,0,0,0> }
	no_shadow
}

// particle -1
sphere {
	<24.460381, 35.256950, 34.703537> 0.100000
	pigment { color rgbt <1,0,0,0> }
	no_shadow
}
sphere {
	0, 1
	scale<0.080000,0.200000,0.300000>
	matrix <0.745234, -0.436994, -0.503648,
		0.376611, 0.899156, -0.222897,
		0.550263, -0.023569, 0.834659,
		24.625460, 35.249878, 34.953934>
	pigment { color rgbt <0,1,1,0> }
	no_shadow
}
cylinder {
	<25.033167, 35.398617, 34.147911>,  <24.240274, 35.266376, 34.369675>, 0.130000
	pigment { color rgbt <1,0,0,0> }
	no_shadow
}

// nucleotide -1

// particle -1
sphere {
	<25.033167, 35.398617, 34.147911> 0.250000
	pigment { color rgbt <1,0,0,0> }
	no_shadow
}
cylinder {
	<25.034643, 35.185184, 34.486206>,  <25.035528, 35.057125, 34.689182>, 0.100000
	pigment { color rgbt <1,0,0,0> }
	no_shadow
}
cylinder {
	<25.034643, 35.185184, 34.486206>,  <25.033167, 35.398617, 34.147911>, 0.100000
	pigment { color rgbt <1,0,0,0> }
	no_shadow
}

// particle -1
sphere {
	<25.034643, 35.185184, 34.486206> 0.100000
	pigment { color rgbt <1,0,0,0> }
	no_shadow
}
sphere {
	0, 1
	scale<0.080000,0.200000,0.300000>
	matrix <0.638086, -0.649934, -0.412833,
		0.769956, 0.541178, 0.338075,
		0.003689, -0.533584, 0.845739,
		25.035749, 35.025108, 34.739929>
	pigment { color rgbt <0,1,1,0> }
	no_shadow
}
cylinder {
	<25.714321, 35.209782, 34.316845>,  <25.033167, 35.398617, 34.147911>, 0.130000
	pigment { color rgbt <1,0,0,0> }
	no_shadow
}

// nucleotide -1

// particle -1
sphere {
	<25.714321, 35.209782, 34.316845> 0.250000
	pigment { color rgbt <1,0,0,0> }
	no_shadow
}
cylinder {
	<25.479670, 34.948967, 34.508976>,  <25.338879, 34.792477, 34.624252>, 0.100000
	pigment { color rgbt <1,0,0,0> }
	no_shadow
}
cylinder {
	<25.479670, 34.948967, 34.508976>,  <25.714321, 35.209782, 34.316845>, 0.100000
	pigment { color rgbt <1,0,0,0> }
	no_shadow
}

// particle -1
sphere {
	<25.479670, 34.948967, 34.508976> 0.100000
	pigment { color rgbt <1,0,0,0> }
	no_shadow
}
sphere {
	0, 1
	scale<0.080000,0.200000,0.300000>
	matrix <0.642266, -0.735852, -0.214513,
		0.493319, 0.182656, 0.850455,
		-0.586627, -0.652041, 0.480324,
		25.303682, 34.753353, 34.653072>
	pigment { color rgbt <0,1,1,0> }
	no_shadow
}
cylinder {
	<26.037590, 34.996826, 34.927078>,  <25.714321, 35.209782, 34.316845>, 0.130000
	pigment { color rgbt <1,0,0,0> }
	no_shadow
}

// nucleotide -1

// particle -1
sphere {
	<26.037590, 34.996826, 34.927078> 0.250000
	pigment { color rgbt <1,0,0,0> }
	no_shadow
}
cylinder {
	<25.782331, 34.743134, 34.752487>,  <25.629177, 34.590916, 34.647732>, 0.100000
	pigment { color rgbt <1,0,0,0> }
	no_shadow
}
cylinder {
	<25.782331, 34.743134, 34.752487>,  <26.037590, 34.996826, 34.927078>, 0.100000
	pigment { color rgbt <1,0,0,0> }
	no_shadow
}

// particle -1
sphere {
	<25.782331, 34.743134, 34.752487> 0.100000
	pigment { color rgbt <1,0,0,0> }
	no_shadow
}
sphere {
	0, 1
	scale<0.080000,0.200000,0.300000>
	matrix <0.765102, -0.585696, -0.267542,
		-0.085961, -0.504684, 0.859014,
		-0.638145, -0.634235, -0.436482,
		25.590887, 34.552864, 34.621544>
	pigment { color rgbt <0,1,1,0> }
	no_shadow
}
cylinder {
	<25.844591, 35.382534, 35.481483>,  <26.037590, 34.996826, 34.927078>, 0.130000
	pigment { color rgbt <1,0,0,0> }
	no_shadow
}

// nucleotide -1

// particle -1
sphere {
	<25.844591, 35.382534, 35.481483> 0.250000
	pigment { color rgbt <1,0,0,0> }
	no_shadow
}
cylinder {
	<25.648848, 35.281940, 35.147469>,  <25.531401, 35.221584, 34.947060>, 0.100000
	pigment { color rgbt <1,0,0,0> }
	no_shadow
}
cylinder {
	<25.648848, 35.281940, 35.147469>,  <25.844591, 35.382534, 35.481483>, 0.100000
	pigment { color rgbt <1,0,0,0> }
	no_shadow
}

// particle -1
sphere {
	<25.648848, 35.281940, 35.147469> 0.100000
	pigment { color rgbt <1,0,0,0> }
	no_shadow
}
sphere {
	0, 1
	scale<0.080000,0.200000,0.300000>
	matrix <0.000489, -0.957596, 0.288113,
		-0.872083, 0.140582, 0.468731,
		-0.489358, -0.251487, -0.835035,
		25.502041, 35.206493, 34.896957>
	pigment { color rgbt <0,1,1,0> }
	no_shadow
}
cylinder {
	<26.198681, 35.388371, 36.226303>,  <25.844591, 35.382534, 35.481483>, 0.130000
	pigment { color rgbt <1,0,0,0> }
	no_shadow
}

// nucleotide -1

// particle -1
sphere {
	<26.198681, 35.388371, 36.226303> 0.250000
	pigment { color rgbt <1,0,0,0> }
	no_shadow
}
cylinder {
	<26.318722, 35.456432, 36.601746>,  <26.390747, 35.497269, 36.827011>, 0.100000
	pigment { color rgbt <1,0,0,0> }
	no_shadow
}
cylinder {
	<26.318722, 35.456432, 36.601746>,  <26.198681, 35.388371, 36.226303>, 0.100000
	pigment { color rgbt <1,0,0,0> }
	no_shadow
}

// particle -1
sphere {
	<26.318722, 35.456432, 36.601746> 0.100000
	pigment { color rgbt <1,0,0,0> }
	no_shadow
}
sphere {
	0, 1
	scale<0.080000,0.200000,0.300000>
	matrix <-0.203857, 0.972671, -0.111149,
		-0.931869, -0.157986, 0.326589,
		0.300103, 0.170154, 0.938609,
		26.408752, 35.507477, 36.883327>
	pigment { color rgbt <0,1,1,0> }
	no_shadow
}
cylinder {
	<25.684284, 35.667946, 36.705971>,  <26.198681, 35.388371, 36.226303>, 0.130000
	pigment { color rgbt <1,0,0,0> }
	no_shadow
}

// nucleotide -1

// particle -1
sphere {
	<25.684284, 35.667946, 36.705971> 0.250000
	pigment { color rgbt <1,0,0,0> }
	no_shadow
}
cylinder {
	<26.044186, 35.782009, 36.838108>,  <26.260126, 35.850445, 36.917393>, 0.100000
	pigment { color rgbt <1,0,0,0> }
	no_shadow
}
cylinder {
	<26.044186, 35.782009, 36.838108>,  <25.684284, 35.667946, 36.705971>, 0.100000
	pigment { color rgbt <1,0,0,0> }
	no_shadow
}

// particle -1
sphere {
	<26.044186, 35.782009, 36.838108> 0.100000
	pigment { color rgbt <1,0,0,0> }
	no_shadow
}
sphere {
	0, 1
	scale<0.080000,0.200000,0.300000>
	matrix <-0.303478, 0.952830, 0.004090,
		-0.313599, -0.103933, 0.943851,
		0.899754, 0.285155, 0.330348,
		26.314112, 35.867554, 36.937214>
	pigment { color rgbt <0,1,1,0> }
	no_shadow
}
cylinder {
	<25.471188, 36.168884, 37.122108>,  <25.684284, 35.667946, 36.705971>, 0.130000
	pigment { color rgbt <1,0,0,0> }
	no_shadow
}

// nucleotide -1

// particle -1
sphere {
	<25.471188, 36.168884, 37.122108> 0.250000
	pigment { color rgbt <1,0,0,0> }
	no_shadow
}
cylinder {
	<25.863503, 36.227932, 37.071091>,  <26.098890, 36.263359, 37.040482>, 0.100000
	pigment { color rgbt <1,0,0,0> }
	no_shadow
}
cylinder {
	<25.863503, 36.227932, 37.071091>,  <25.471188, 36.168884, 37.122108>, 0.100000
	pigment { color rgbt <1,0,0,0> }
	no_shadow
}

// particle -1
sphere {
	<25.863503, 36.227932, 37.071091> 0.100000
	pigment { color rgbt <1,0,0,0> }
	no_shadow
}
sphere {
	0, 1
	scale<0.080000,0.200000,0.300000>
	matrix <-0.142182, 0.988537, 0.050774,
		0.133579, -0.031663, 0.990532,
		0.980786, 0.147619, -0.127546,
		26.157738, 36.272217, 37.032825>
	pigment { color rgbt <0,1,1,0> }
	no_shadow
}
cylinder {
	<25.657434, 36.755466, 37.572369>,  <25.471188, 36.168884, 37.122108>, 0.130000
	pigment { color rgbt <1,0,0,0> }
	no_shadow
}

// nucleotide -1

// particle -1
sphere {
	<25.657434, 36.755466, 37.572369> 0.250000
	pigment { color rgbt <1,0,0,0> }
	no_shadow
}
cylinder {
	<25.957561, 36.740822, 37.308346>,  <26.137638, 36.732033, 37.149933>, 0.100000
	pigment { color rgbt <1,0,0,0> }
	no_shadow
}
cylinder {
	<25.957561, 36.740822, 37.308346>,  <25.657434, 36.755466, 37.572369>, 0.100000
	pigment { color rgbt <1,0,0,0> }
	no_shadow
}

// particle -1
sphere {
	<25.957561, 36.740822, 37.308346> 0.100000
	pigment { color rgbt <1,0,0,0> }
	no_shadow
}
sphere {
	0, 1
	scale<0.080000,0.200000,0.300000>
	matrix <0.013854, 0.999116, -0.039677,
		0.660930, 0.020626, 0.750163,
		0.750319, -0.036616, -0.660061,
		26.182657, 36.729836, 37.110329>
	pigment { color rgbt <0,1,1,0> }
	no_shadow
}
cylinder {
	<26.311205, 37.211945, 37.890259>,  <25.657434, 36.755466, 37.572369>, 0.130000
	pigment { color rgbt <1,0,0,0> }
	no_shadow
}

// nucleotide -1

// particle -1
sphere {
	<26.311205, 37.211945, 37.890259> 0.250000
	pigment { color rgbt <1,0,0,0> }
	no_shadow
}
cylinder {
	<26.343231, 37.171169, 37.493633>,  <26.362448, 37.146706, 37.255657>, 0.100000
	pigment { color rgbt <1,0,0,0> }
	no_shadow
}
cylinder {
	<26.343231, 37.171169, 37.493633>,  <26.311205, 37.211945, 37.890259>, 0.100000
	pigment { color rgbt <1,0,0,0> }
	no_shadow
}

// particle -1
sphere {
	<26.343231, 37.171169, 37.493633> 0.100000
	pigment { color rgbt <1,0,0,0> }
	no_shadow
}
sphere {
	0, 1
	scale<0.080000,0.200000,0.300000>
	matrix <0.172293, 0.981200, -0.086960,
		0.981786, -0.163877, 0.096123,
		0.080065, -0.101938, -0.991564,
		26.367250, 37.140587, 37.196163>
	pigment { color rgbt <0,1,1,0> }
	no_shadow
}
cylinder {
	<26.950563, 37.467709, 37.713219>,  <26.311205, 37.211945, 37.890259>, 0.130000
	pigment { color rgbt <1,0,0,0> }
	no_shadow
}

// nucleotide -1

// particle -1
sphere {
	<26.950563, 37.467709, 37.713219> 0.250000
	pigment { color rgbt <1,0,0,0> }
	no_shadow
}
cylinder {
	<26.768278, 37.454922, 37.357399>,  <26.658907, 37.447250, 37.143906>, 0.100000
	pigment { color rgbt <1,0,0,0> }
	no_shadow
}
cylinder {
	<26.768278, 37.454922, 37.357399>,  <26.950563, 37.467709, 37.713219>, 0.100000
	pigment { color rgbt <1,0,0,0> }
	no_shadow
}

// particle -1
sphere {
	<26.768278, 37.454922, 37.357399> 0.100000
	pigment { color rgbt <1,0,0,0> }
	no_shadow
}
sphere {
	0, 1
	scale<0.080000,0.200000,0.300000>
	matrix <0.229184, 0.961448, -0.151962,
		0.860116, -0.273122, -0.430817,
		-0.455713, -0.031969, -0.889553,
		26.631565, 37.445332, 37.090534>
	pigment { color rgbt <0,1,1,0> }
	no_shadow
}
cylinder {
	<27.432859, 37.709854, 37.184410>,  <26.950563, 37.467709, 37.713219>, 0.130000
	pigment { color rgbt <1,0,0,0> }
	no_shadow
}

// nucleotide -1

// particle -1
sphere {
	<27.432859, 37.709854, 37.184410> 0.250000
	pigment { color rgbt <1,0,0,0> }
	no_shadow
}
cylinder {
	<27.052773, 37.768288, 37.074322>,  <26.824720, 37.803349, 37.008266>, 0.100000
	pigment { color rgbt <1,0,0,0> }
	no_shadow
}
cylinder {
	<27.052773, 37.768288, 37.074322>,  <27.432859, 37.709854, 37.184410>, 0.100000
	pigment { color rgbt <1,0,0,0> }
	no_shadow
}

// particle -1
sphere {
	<27.052773, 37.768288, 37.074322> 0.100000
	pigment { color rgbt <1,0,0,0> }
	no_shadow
}
sphere {
	0, 1
	scale<0.080000,0.200000,0.300000>
	matrix <0.167441, 0.984312, -0.055626,
		0.262781, -0.098940, -0.959769,
		-0.950216, 0.146088, -0.275225,
		26.767708, 37.812115, 36.991753>
	pigment { color rgbt <0,1,1,0> }
	no_shadow
}
cylinder {
	<27.575756, 38.285931, 36.763794>,  <27.432859, 37.709854, 37.184410>, 0.130000
	pigment { color rgbt <1,0,0,0> }
	no_shadow
}

// nucleotide -1

// particle -1
sphere {
	<27.575756, 38.285931, 36.763794> 0.250000
	pigment { color rgbt <1,0,0,0> }
	no_shadow
}
cylinder {
	<27.180693, 38.268978, 36.824108>,  <26.943655, 38.258808, 36.860298>, 0.100000
	pigment { color rgbt <1,0,0,0> }
	no_shadow
}
cylinder {
	<27.180693, 38.268978, 36.824108>,  <27.575756, 38.285931, 36.763794>, 0.100000
	pigment { color rgbt <1,0,0,0> }
	no_shadow
}

// particle -1
sphere {
	<27.180693, 38.268978, 36.824108> 0.100000
	pigment { color rgbt <1,0,0,0> }
	no_shadow
}
sphere {
	0, 1
	scale<0.080000,0.200000,0.300000>
	matrix <-0.058054, 0.993181, -0.101101,
		-0.145476, -0.108606, -0.983382,
		-0.987657, -0.042381, 0.150789,
		26.884396, 38.256264, 36.869343>
	pigment { color rgbt <0,1,1,0> }
	no_shadow
}
cylinder {
	<27.257528, 38.590424, 36.114120>,  <27.575756, 38.285931, 36.763794>, 0.130000
	pigment { color rgbt <1,0,0,0> }
	no_shadow
}

// nucleotide -1

// particle -1
sphere {
	<27.257528, 38.590424, 36.114120> 0.250000
	pigment { color rgbt <1,0,0,0> }
	no_shadow
}
cylinder {
	<27.015869, 38.621025, 36.431396>,  <26.870874, 38.639385, 36.621761>, 0.100000
	pigment { color rgbt <1,0,0,0> }
	no_shadow
}
cylinder {
	<27.015869, 38.621025, 36.431396>,  <27.257528, 38.590424, 36.114120>, 0.100000
	pigment { color rgbt <1,0,0,0> }
	no_shadow
}

// particle -1
sphere {
	<27.015869, 38.621025, 36.431396> 0.100000
	pigment { color rgbt <1,0,0,0> }
	no_shadow
}
sphere {
	0, 1
	scale<0.080000,0.200000,0.300000>
	matrix <-0.102497, 0.979653, -0.172551,
		-0.790255, -0.185546, -0.584012,
		-0.604146, 0.076499, 0.793193,
		26.834625, 38.643974, 36.669353>
	pigment { color rgbt <0,1,1,0> }
	no_shadow
}
cylinder {
	<26.614536, 38.963333, 35.908245>,  <27.257528, 38.590424, 36.114120>, 0.130000
	pigment { color rgbt <1,0,0,0> }
	no_shadow
}

// nucleotide -1

// particle -1
sphere {
	<26.614536, 38.963333, 35.908245> 0.250000
	pigment { color rgbt <1,0,0,0> }
	no_shadow
}
cylinder {
	<26.612286, 38.978909, 36.307934>,  <26.610935, 38.988255, 36.547749>, 0.100000
	pigment { color rgbt <1,0,0,0> }
	no_shadow
}
cylinder {
	<26.612286, 38.978909, 36.307934>,  <26.614536, 38.963333, 35.908245>, 0.100000
	pigment { color rgbt <1,0,0,0> }
	no_shadow
}

// particle -1
sphere {
	<26.612286, 38.978909, 36.307934> 0.100000
	pigment { color rgbt <1,0,0,0> }
	no_shadow
}
sphere {
	0, 1
	scale<0.080000,0.200000,0.300000>
	matrix <-0.370946, 0.927867, -0.038247,
		-0.928638, -0.370874, 0.009222,
		-0.005628, 0.038938, 0.999226,
		26.610598, 38.990589, 36.607700>
	pigment { color rgbt <0,1,1,0> }
	no_shadow
}
cylinder {
	<25.941639, 39.264080, 36.149868>,  <26.614536, 38.963333, 35.908245>, 0.130000
	pigment { color rgbt <1,0,0,0> }
	no_shadow
}

// nucleotide -1

// particle -1
sphere {
	<25.941639, 39.264080, 36.149868> 0.250000
	pigment { color rgbt <1,0,0,0> }
	no_shadow
}
cylinder {
	<26.178797, 39.323242, 36.466499>,  <26.321091, 39.358742, 36.656479>, 0.100000
	pigment { color rgbt <1,0,0,0> }
	no_shadow
}
cylinder {
	<26.178797, 39.323242, 36.466499>,  <25.941639, 39.264080, 36.149868>, 0.100000
	pigment { color rgbt <1,0,0,0> }
	no_shadow
}

// particle -1
sphere {
	<26.178797, 39.323242, 36.466499> 0.100000
	pigment { color rgbt <1,0,0,0> }
	no_shadow
}
sphere {
	0, 1
	scale<0.080000,0.200000,0.300000>
	matrix <-0.249088, 0.968465, 0.005608,
		-0.765789, -0.200499, 0.611038,
		0.592893, 0.147908, 0.791581,
		26.356665, 39.367615, 36.703972>
	pigment { color rgbt <0,1,1,0> }
	no_shadow
}
cylinder {
	<25.516174, 39.632580, 36.715916>,  <25.941639, 39.264080, 36.149868>, 0.130000
	pigment { color rgbt <1,0,0,0> }
	no_shadow
}

// nucleotide -1

// particle -1
sphere {
	<25.516174, 39.632580, 36.715916> 0.250000
	pigment { color rgbt <1,0,0,0> }
	no_shadow
}
cylinder {
	<25.906355, 39.697502, 36.775444>,  <26.140463, 39.736454, 36.811161>, 0.100000
	pigment { color rgbt <1,0,0,0> }
	no_shadow
}
cylinder {
	<25.906355, 39.697502, 36.775444>,  <25.516174, 39.632580, 36.715916>, 0.100000
	pigment { color rgbt <1,0,0,0> }
	no_shadow
}

// particle -1
sphere {
	<25.906355, 39.697502, 36.775444> 0.100000
	pigment { color rgbt <1,0,0,0> }
	no_shadow
}
sphere {
	0, 1
	scale<0.080000,0.200000,0.300000>
	matrix <-0.148912, 0.984064, -0.097172,
		-0.162225, 0.072625, 0.984078,
		0.975453, 0.162305, 0.148825,
		26.198990, 39.746193, 36.820091>
	pigment { color rgbt <0,1,1,0> }
	no_shadow
}
cylinder {
	<25.526979, 40.230862, 37.168777>,  <25.516174, 39.632580, 36.715916>, 0.130000
	pigment { color rgbt <1,0,0,0> }
	no_shadow
}

// nucleotide -1

// particle -1
sphere {
	<25.526979, 40.230862, 37.168777> 0.250000
	pigment { color rgbt <1,0,0,0> }
	no_shadow
}
cylinder {
	<25.899618, 40.196388, 37.027527>,  <26.123201, 40.175705, 36.942776>, 0.100000
	pigment { color rgbt <1,0,0,0> }
	no_shadow
}
cylinder {
	<25.899618, 40.196388, 37.027527>,  <25.526979, 40.230862, 37.168777>, 0.100000
	pigment { color rgbt <1,0,0,0> }
	no_shadow
}

// particle -1
sphere {
	<25.899618, 40.196388, 37.027527> 0.100000
	pigment { color rgbt <1,0,0,0> }
	no_shadow
}
sphere {
	0, 1
	scale<0.080000,0.200000,0.300000>
	matrix <0.011953, 0.978222, -0.207218,
		0.363295, 0.188823, 0.912339,
		0.931597, -0.086186, -0.353126,
		26.179098, 40.170532, 36.921589>
	pigment { color rgbt <0,1,1,0> }
	no_shadow
}
cylinder {
	<25.892073, 40.613716, 37.603134>,  <25.526979, 40.230862, 37.168777>, 0.130000
	pigment { color rgbt <1,0,0,0> }
	no_shadow
}

// nucleotide -1

// particle -1
sphere {
	<25.892073, 40.613716, 37.603134> 0.250000
	pigment { color rgbt <1,0,0,0> }
	no_shadow
}
cylinder {
	<26.103258, 40.581165, 37.264992>,  <26.229969, 40.561634, 37.062107>, 0.100000
	pigment { color rgbt <1,0,0,0> }
	no_shadow
}
cylinder {
	<26.103258, 40.581165, 37.264992>,  <25.892073, 40.613716, 37.603134>, 0.100000
	pigment { color rgbt <1,0,0,0> }
	no_shadow
}

// particle -1
sphere {
	<26.103258, 40.581165, 37.264992> 0.100000
	pigment { color rgbt <1,0,0,0> }
	no_shadow
}
sphere {
	0, 1
	scale<0.080000,0.200000,0.300000>
	matrix <-0.010104, 0.994726, -0.102065,
		0.849208, 0.062428, 0.524356,
		0.527962, -0.081376, -0.845360,
		26.261646, 40.556751, 37.011383>
	pigment { color rgbt <0,1,1,0> }
	no_shadow
}
cylinder {
	<26.530607, 41.112015, 37.596924>,  <25.892073, 40.613716, 37.603134>, 0.130000
	pigment { color rgbt <1,0,0,0> }
	no_shadow
}

// nucleotide -1

// particle -1
sphere {
	<26.530607, 41.112015, 37.596924> 0.250000
	pigment { color rgbt <1,0,0,0> }
	no_shadow
}
cylinder {
	<26.463675, 41.052307, 37.207111>,  <26.423515, 41.016483, 36.973225>, 0.100000
	pigment { color rgbt <1,0,0,0> }
	no_shadow
}
cylinder {
	<26.463675, 41.052307, 37.207111>,  <26.530607, 41.112015, 37.596924>, 0.100000
	pigment { color rgbt <1,0,0,0> }
	no_shadow
}

// particle -1
sphere {
	<26.463675, 41.052307, 37.207111> 0.100000
	pigment { color rgbt <1,0,0,0> }
	no_shadow
}
sphere {
	0, 1
	scale<0.080000,0.200000,0.300000>
	matrix <0.018181, 0.987836, -0.154431,
		0.985732, -0.043560, -0.162585,
		-0.167334, -0.149272, -0.974534,
		26.413475, 41.007526, 36.914749>
	pigment { color rgbt <0,1,1,0> }
	no_shadow
}
cylinder {
	<26.785908, 41.707546, 37.351105>,  <26.530607, 41.112015, 37.596924>, 0.130000
	pigment { color rgbt <1,0,0,0> }
	no_shadow
}

// nucleotide -1

// particle -1
sphere {
	<26.785908, 41.707546, 37.351105> 0.250000
	pigment { color rgbt <1,0,0,0> }
	no_shadow
}
cylinder {
	<26.591192, 41.557461, 37.035572>,  <26.474363, 41.467411, 36.846252>, 0.100000
	pigment { color rgbt <1,0,0,0> }
	no_shadow
}
cylinder {
	<26.591192, 41.557461, 37.035572>,  <26.785908, 41.707546, 37.351105>, 0.100000
	pigment { color rgbt <1,0,0,0> }
	no_shadow
}

// particle -1
sphere {
	<26.591192, 41.557461, 37.035572> 0.100000
	pigment { color rgbt <1,0,0,0> }
	no_shadow
}
sphere {
	0, 1
	scale<0.080000,0.200000,0.300000>
	matrix <-0.262863, 0.924111, -0.277346,
		0.833030, 0.072345, -0.548477,
		-0.486789, -0.375212, -0.788830,
		26.445156, 41.444897, 36.798923>
	pigment { color rgbt <0,1,1,0> }
	no_shadow
}
cylinder {
	<27.034128, 42.054371, 36.828342>,  <26.785908, 41.707546, 37.351105>, 0.130000
	pigment { color rgbt <1,0,0,0> }
	no_shadow
}

// nucleotide -1

// particle -1
sphere {
	<27.034128, 42.054371, 36.828342> 0.250000
	pigment { color rgbt <1,0,0,0> }
	no_shadow
}
cylinder {
	<26.671122, 41.920094, 36.727367>,  <26.453318, 41.839527, 36.666782>, 0.100000
	pigment { color rgbt <1,0,0,0> }
	no_shadow
}
cylinder {
	<26.671122, 41.920094, 36.727367>,  <27.034128, 42.054371, 36.828342>, 0.100000
	pigment { color rgbt <1,0,0,0> }
	no_shadow
}

// particle -1
sphere {
	<26.671122, 41.920094, 36.727367> 0.100000
	pigment { color rgbt <1,0,0,0> }
	no_shadow
}
sphere {
	0, 1
	scale<0.080000,0.200000,0.300000>
	matrix <-0.262871, 0.922700, -0.281999,
		0.327589, -0.189560, -0.925609,
		-0.907516, -0.335696, -0.252437,
		26.398867, 41.819386, 36.651638>
	pigment { color rgbt <0,1,1,0> }
	no_shadow
}
cylinder {
	<26.882893, 42.460388, 36.273479>,  <27.034128, 42.054371, 36.828342>, 0.130000
	pigment { color rgbt <1,0,0,0> }
	no_shadow
}

// nucleotide -1

// particle -1
sphere {
	<26.882893, 42.460388, 36.273479> 0.250000
	pigment { color rgbt <1,0,0,0> }
	no_shadow
}
cylinder {
	<26.540625, 42.313477, 36.419319>,  <26.335264, 42.225330, 36.506821>, 0.100000
	pigment { color rgbt <1,0,0,0> }
	no_shadow
}
cylinder {
	<26.540625, 42.313477, 36.419319>,  <26.882893, 42.460388, 36.273479>, 0.100000
	pigment { color rgbt <1,0,0,0> }
	no_shadow
}

// particle -1
sphere {
	<26.540625, 42.313477, 36.419319> 0.100000
	pigment { color rgbt <1,0,0,0> }
	no_shadow
}
sphere {
	0, 1
	scale<0.080000,0.200000,0.300000>
	matrix <-0.442948, 0.884086, -0.148957,
		-0.267625, -0.288955, -0.919174,
		-0.855671, -0.367282, 0.364596,
		26.283924, 42.203293, 36.528698>
	pigment { color rgbt <0,1,1,0> }
	no_shadow
}
cylinder {
	<26.409296, 42.740410, 35.794243>,  <26.882893, 42.460388, 36.273479>, 0.130000
	pigment { color rgbt <1,0,0,0> }
	no_shadow
}

// nucleotide -1

// particle -1
sphere {
	<26.409296, 42.740410, 35.794243> 0.250000
	pigment { color rgbt <1,0,0,0> }
	no_shadow
}
cylinder {
	<26.215916, 42.621349, 36.123528>,  <26.099888, 42.549915, 36.321098>, 0.100000
	pigment { color rgbt <1,0,0,0> }
	no_shadow
}
cylinder {
	<26.215916, 42.621349, 36.123528>,  <26.409296, 42.740410, 35.794243>, 0.100000
	pigment { color rgbt <1,0,0,0> }
	no_shadow
}

// particle -1
sphere {
	<26.215916, 42.621349, 36.123528> 0.100000
	pigment { color rgbt <1,0,0,0> }
	no_shadow
}
sphere {
	0, 1
	scale<0.080000,0.200000,0.300000>
	matrix <-0.495209, 0.868465, 0.023186,
		-0.721833, -0.396453, -0.567259,
		-0.483452, -0.297648, 0.823213,
		26.070881, 42.532055, 36.370491>
	pigment { color rgbt <0,1,1,0> }
	no_shadow
}
cylinder {
	<25.653673, 42.826801, 35.815613>,  <26.409296, 42.740410, 35.794243>, 0.130000
	pigment { color rgbt <1,0,0,0> }
	no_shadow
}

// nucleotide -1

// particle -1
sphere {
	<25.653673, 42.826801, 35.815613> 0.250000
	pigment { color rgbt <1,0,0,0> }
	no_shadow
}
cylinder {
	<25.789070, 42.850227, 36.191269>,  <25.870308, 42.864285, 36.416664>, 0.100000
	pigment { color rgbt <1,0,0,0> }
	no_shadow
}
cylinder {
	<25.789070, 42.850227, 36.191269>,  <25.653673, 42.826801, 35.815613>, 0.100000
	pigment { color rgbt <1,0,0,0> }
	no_shadow
}

// particle -1
sphere {
	<25.789070, 42.850227, 36.191269> 0.100000
	pigment { color rgbt <1,0,0,0> }
	no_shadow
}
sphere {
	0, 1
	scale<0.080000,0.200000,0.300000>
	matrix <-0.305177, 0.950946, 0.050689,
		-0.890106, -0.303763, 0.339763,
		0.338493, 0.058569, 0.939144,
		25.890617, 42.867798, 36.473011>
	pigment { color rgbt <0,1,1,0> }
	no_shadow
}
cylinder {
	<25.095390, 43.056870, 36.253262>,  <25.653673, 42.826801, 35.815613>, 0.130000
	pigment { color rgbt <1,0,0,0> }
	no_shadow
}

// nucleotide -1

// particle -1
sphere {
	<25.095390, 43.056870, 36.253262> 0.250000
	pigment { color rgbt <1,0,0,0> }
	no_shadow
}
cylinder {
	<25.460539, 43.162193, 36.378056>,  <25.679628, 43.225388, 36.452930>, 0.100000
	pigment { color rgbt <1,0,0,0> }
	no_shadow
}
cylinder {
	<25.460539, 43.162193, 36.378056>,  <25.095390, 43.056870, 36.253262>, 0.100000
	pigment { color rgbt <1,0,0,0> }
	no_shadow
}

// particle -1
sphere {
	<25.460539, 43.162193, 36.378056> 0.100000
	pigment { color rgbt <1,0,0,0> }
	no_shadow
}
sphere {
	0, 1
	scale<0.080000,0.200000,0.300000>
	matrix <-0.305248, 0.947687, 0.093343,
		-0.271087, -0.180443, 0.945491,
		0.912872, 0.263305, 0.311986,
		25.734400, 43.241184, 36.471653>
	pigment { color rgbt <0,1,1,0> }
	no_shadow
}
cylinder {
	<25.019859, 43.668468, 36.722248>,  <25.095390, 43.056870, 36.253262>, 0.130000
	pigment { color rgbt <1,0,0,0> }
	no_shadow
}

// nucleotide -1

// particle -1
sphere {
	<25.019859, 43.668468, 36.722248> 0.250000
	pigment { color rgbt <1,0,0,0> }
	no_shadow
}
cylinder {
	<25.394463, 43.660442, 36.582218>,  <25.619225, 43.655628, 36.498199>, 0.100000
	pigment { color rgbt <1,0,0,0> }
	no_shadow
}
cylinder {
	<25.394463, 43.660442, 36.582218>,  <25.019859, 43.668468, 36.722248>, 0.100000
	pigment { color rgbt <1,0,0,0> }
	no_shadow
}

// particle -1
sphere {
	<25.394463, 43.660442, 36.582218> 0.100000
	pigment { color rgbt <1,0,0,0> }
	no_shadow
}
sphere {
	0, 1
	scale<0.080000,0.200000,0.300000>
	matrix <0.020486, 0.999787, -0.002496,
		0.350049, -0.004834, 0.936719,
		0.936507, -0.020063, -0.350074,
		25.675415, 43.654423, 36.477196>
	pigment { color rgbt <0,1,1,0> }
	no_shadow
}
cylinder {
	<25.472706, 44.007877, 37.140991>,  <25.019859, 43.668468, 36.722248>, 0.130000
	pigment { color rgbt <1,0,0,0> }
	no_shadow
}

// nucleotide -1

// particle -1
sphere {
	<25.472706, 44.007877, 37.140991> 0.250000
	pigment { color rgbt <1,0,0,0> }
	no_shadow
}
cylinder {
	<25.666109, 44.021172, 36.791107>,  <25.782152, 44.029148, 36.581177>, 0.100000
	pigment { color rgbt <1,0,0,0> }
	no_shadow
}
cylinder {
	<25.666109, 44.021172, 36.791107>,  <25.472706, 44.007877, 37.140991>, 0.100000
	pigment { color rgbt <1,0,0,0> }
	no_shadow
}

// particle -1
sphere {
	<25.666109, 44.021172, 36.791107> 0.100000
	pigment { color rgbt <1,0,0,0> }
	no_shadow
}
sphere {
	0, 1
	scale<0.080000,0.200000,0.300000>
	matrix <0.015721, 0.998788, 0.046637,
		0.875198, -0.036301, 0.482401,
		0.483509, 0.033233, -0.874708,
		25.811161, 44.031143, 36.528694>
	pigment { color rgbt <0,1,1,0> }
	no_shadow
}
cylinder {
	<26.092867, 44.487022, 37.137943>,  <25.472706, 44.007877, 37.140991>, 0.130000
	pigment { color rgbt <1,0,0,0> }
	no_shadow
}

// nucleotide -1

// particle -1
sphere {
	<26.092867, 44.487022, 37.137943> 0.250000
	pigment { color rgbt <1,0,0,0> }
	no_shadow
}
cylinder {
	<25.943363, 44.457176, 36.768135>,  <25.853661, 44.439270, 36.546249>, 0.100000
	pigment { color rgbt <1,0,0,0> }
	no_shadow
}
cylinder {
	<25.943363, 44.457176, 36.768135>,  <26.092867, 44.487022, 37.137943>, 0.100000
	pigment { color rgbt <1,0,0,0> }
	no_shadow
}

// particle -1
sphere {
	<25.943363, 44.457176, 36.768135> 0.100000
	pigment { color rgbt <1,0,0,0> }
	no_shadow
}
sphere {
	0, 1
	scale<0.080000,0.200000,0.300000>
	matrix <-0.073480, 0.996008, -0.050677,
		0.924611, 0.048993, -0.377749,
		-0.373758, -0.074614, -0.924520,
		25.831236, 44.434792, 36.490780>
	pigment { color rgbt <0,1,1,0> }
	no_shadow
}
cylinder {
	<26.428873, 45.028660, 37.514366>,  <26.092867, 44.487022, 37.137943>, 0.130000
	pigment { color rgbt <1,0,0,0> }
	no_shadow
}

// nucleotide -1

// particle -1
sphere {
	<26.428873, 45.028660, 37.514366> 0.250000
	pigment { color rgbt <1,0,0,0> }
	no_shadow
}
cylinder {
	<26.822058, 45.040657, 37.586910>,  <27.057968, 45.047855, 37.630436>, 0.100000
	pigment { color rgbt <1,0,0,0> }
	no_shadow
}
cylinder {
	<26.822058, 45.040657, 37.586910>,  <26.428873, 45.028660, 37.514366>, 0.100000
	pigment { color rgbt <1,0,0,0> }
	no_shadow
}

// particle -1
sphere {
	<26.822058, 45.040657, 37.586910> 0.100000
	pigment { color rgbt <1,0,0,0> }
	no_shadow
}
sphere {
	0, 1
	scale<0.080000,0.200000,0.300000>
	matrix <-0.058614, 0.986238, 0.154593,
		-0.174224, -0.162589, 0.971191,
		0.982960, 0.029992, 0.181357,
		27.116945, 45.049656, 37.641315>
	pigment { color rgbt <0,1,1,0> }
	no_shadow
}
cylinder {
	<26.584547, 45.339966, 38.237717>,  <26.428873, 45.028660, 37.514366>, 0.130000
	pigment { color rgbt <1,0,0,0> }
	no_shadow
}

// nucleotide -1

// particle -1
sphere {
	<26.584547, 45.339966, 38.237717> 0.250000
	pigment { color rgbt <1,0,0,0> }
	no_shadow
}
cylinder {
	<26.900450, 45.383251, 37.996197>,  <27.089991, 45.409222, 37.851284>, 0.100000
	pigment { color rgbt <1,0,0,0> }
	no_shadow
}
cylinder {
	<26.900450, 45.383251, 37.996197>,  <26.584547, 45.339966, 38.237717>, 0.100000
	pigment { color rgbt <1,0,0,0> }
	no_shadow
}

// particle -1
sphere {
	<26.900450, 45.383251, 37.996197> 0.100000
	pigment { color rgbt <1,0,0,0> }
	no_shadow
}
sphere {
	0, 1
	scale<0.080000,0.200000,0.300000>
	matrix <-0.027291, 0.989541, 0.141646,
		0.612812, -0.095388, 0.784450,
		0.789757, 0.108211, -0.603799,
		27.137377, 45.415714, 37.815056>
	pigment { color rgbt <0,1,1,0> }
	no_shadow
}
cylinder {
	<26.572836, 44.607399, 38.686489>,  <26.584547, 45.339966, 38.237717>, 0.130000
	pigment { color rgbt <1,0,0,0> }
	no_shadow
}

// nucleotide -1

// particle -1
sphere {
	<26.572836, 44.607399, 38.686489> 0.250000
	pigment { color rgbt <1,0,0,0> }
	no_shadow
}
cylinder {
	<26.872849, 44.815678, 38.523357>,  <27.052856, 44.940643, 38.425480>, 0.100000
	pigment { color rgbt <1,0,0,0> }
	no_shadow
}
cylinder {
	<26.872849, 44.815678, 38.523357>,  <26.572836, 44.607399, 38.686489>, 0.100000
	pigment { color rgbt <1,0,0,0> }
	no_shadow
}

// particle -1
sphere {
	<26.872849, 44.815678, 38.523357> 0.100000
	pigment { color rgbt <1,0,0,0> }
	no_shadow
}
sphere {
	0, 1
	scale<0.080000,0.200000,0.300000>
	matrix <0.590971, -0.804479, 0.059724,
		-0.296991, -0.285809, -0.911104,
		0.750033, 0.520698, -0.407828,
		27.097858, 44.971886, 38.401009>
	pigment { color rgbt <0,1,1,0> }
	no_shadow
}
cylinder {
	<26.723076, 44.359432, 38.057968>,  <26.572836, 44.607399, 38.686489>, 0.130000
	pigment { color rgbt <1,0,0,0> }
	no_shadow
}

// nucleotide -1

// particle -1
sphere {
	<26.723076, 44.359432, 38.057968> 0.250000
	pigment { color rgbt <1,0,0,0> }
	no_shadow
}
cylinder {
	<27.044525, 44.514473, 38.238613>,  <27.237394, 44.607498, 38.347000>, 0.100000
	pigment { color rgbt <1,0,0,0> }
	no_shadow
}
cylinder {
	<27.044525, 44.514473, 38.238613>,  <26.723076, 44.359432, 38.057968>, 0.100000
	pigment { color rgbt <1,0,0,0> }
	no_shadow
}

// particle -1
sphere {
	<27.044525, 44.514473, 38.238613> 0.100000
	pigment { color rgbt <1,0,0,0> }
	no_shadow
}
sphere {
	0, 1
	scale<0.080000,0.200000,0.300000>
	matrix <0.430442, -0.902576, 0.008686,
		0.410982, 0.187413, -0.892172,
		0.803625, 0.387598, 0.451613,
		27.285612, 44.630753, 38.374096>
	pigment { color rgbt <0,1,1,0> }
	no_shadow
}
cylinder {
	<27.288630, 44.203983, 37.600655>,  <26.723076, 44.359432, 38.057968>, 0.130000
	pigment { color rgbt <1,0,0,0> }
	no_shadow
}

// nucleotide -1

// particle -1
sphere {
	<27.288630, 44.203983, 37.600655> 0.250000
	pigment { color rgbt <1,0,0,0> }
	no_shadow
}
cylinder {
	<27.313705, 44.251411, 37.997040>,  <27.328751, 44.279869, 38.234871>, 0.100000
	pigment { color rgbt <1,0,0,0> }
	no_shadow
}
cylinder {
	<27.313705, 44.251411, 37.997040>,  <27.288630, 44.203983, 37.600655>, 0.100000
	pigment { color rgbt <1,0,0,0> }
	no_shadow
}

// particle -1
sphere {
	<27.313705, 44.251411, 37.997040> 0.100000
	pigment { color rgbt <1,0,0,0> }
	no_shadow
}
sphere {
	0, 1
	scale<0.080000,0.200000,0.300000>
	matrix <0.466379, -0.881319, 0.075944,
		0.882361, 0.457404, -0.110545,
		0.062688, 0.118566, 0.990965,
		27.332512, 44.286980, 38.294331>
	pigment { color rgbt <0,1,1,0> }
	no_shadow
}
cylinder {
	<27.972477, 44.194382, 37.851765>,  <27.288630, 44.203983, 37.600655>, 0.130000
	pigment { color rgbt <1,0,0,0> }
	no_shadow
}

// nucleotide -1

// particle -1
sphere {
	<27.972477, 44.194382, 37.851765> 0.250000
	pigment { color rgbt <1,0,0,0> }
	no_shadow
}
cylinder {
	<27.725475, 44.049843, 38.131226>,  <27.577274, 43.963120, 38.298901>, 0.100000
	pigment { color rgbt <1,0,0,0> }
	no_shadow
}
cylinder {
	<27.725475, 44.049843, 38.131226>,  <27.972477, 44.194382, 37.851765>, 0.100000
	pigment { color rgbt <1,0,0,0> }
	no_shadow
}

// particle -1
sphere {
	<27.725475, 44.049843, 38.131226> 0.100000
	pigment { color rgbt <1,0,0,0> }
	no_shadow
}
sphere {
	0, 1
	scale<0.080000,0.200000,0.300000>
	matrix <0.585830, -0.803996, 0.101947,
		0.524876, 0.472244, 0.708160,
		-0.617502, -0.361351, 0.698653,
		27.540224, 43.941437, 38.340820>
	pigment { color rgbt <0,1,1,0> }
	no_shadow
}
cylinder {
	<28.359745, 44.050983, 38.433750>,  <27.972477, 44.194382, 37.851765>, 0.130000
	pigment { color rgbt <1,0,0,0> }
	no_shadow
}

// nucleotide -1

// particle -1
sphere {
	<28.359745, 44.050983, 38.433750> 0.250000
	pigment { color rgbt <1,0,0,0> }
	no_shadow
}
cylinder {
	<28.045834, 43.803577, 38.449535>,  <27.857487, 43.655132, 38.459007>, 0.100000
	pigment { color rgbt <1,0,0,0> }
	no_shadow
}
cylinder {
	<28.045834, 43.803577, 38.449535>,  <28.359745, 44.050983, 38.433750>, 0.100000
	pigment { color rgbt <1,0,0,0> }
	no_shadow
}

// particle -1
sphere {
	<28.045834, 43.803577, 38.449535> 0.100000
	pigment { color rgbt <1,0,0,0> }
	no_shadow
}
sphere {
	0, 1
	scale<0.080000,0.200000,0.300000>
	matrix <0.609219, -0.758146, 0.232524,
		-0.113903, 0.206520, 0.971790,
		-0.784779, -0.618518, 0.039461,
		27.810400, 43.618023, 38.461372>
	pigment { color rgbt <0,1,1,0> }
	no_shadow
}
cylinder {
	<28.455736, 43.710209, 39.006538>,  <28.359745, 44.050983, 38.433750>, 0.130000
	pigment { color rgbt <1,0,0,0> }
	no_shadow
}

// nucleotide -1

// particle -1
sphere {
	<28.455736, 43.710209, 39.006538> 0.250000
	pigment { color rgbt <1,0,0,0> }
	no_shadow
}
cylinder {
	<28.207050, 43.474384, 38.800282>,  <28.057838, 43.332890, 38.676525>, 0.100000
	pigment { color rgbt <1,0,0,0> }
	no_shadow
}
cylinder {
	<28.207050, 43.474384, 38.800282>,  <28.455736, 43.710209, 39.006538>, 0.100000
	pigment { color rgbt <1,0,0,0> }
	no_shadow
}

// particle -1
sphere {
	<28.207050, 43.474384, 38.800282> 0.100000
	pigment { color rgbt <1,0,0,0> }
	no_shadow
}
sphere {
	0, 1
	scale<0.080000,0.200000,0.300000>
	matrix <0.638626, -0.762720, 0.102062,
		-0.453464, -0.265850, 0.850702,
		-0.621714, -0.589561, -0.515645,
		28.020536, 43.297516, 38.645588>
	pigment { color rgbt <0,1,1,0> }
	no_shadow
}
cylinder {
	<28.539806, 43.150341, 39.366676>,  <28.455736, 43.710209, 39.006538>, 0.130000
	pigment { color rgbt <1,0,0,0> }
	no_shadow
}

// nucleotide -1

// particle -1
sphere {
	<28.539806, 43.150341, 39.366676> 0.250000
	pigment { color rgbt <1,0,0,0> }
	no_shadow
}
cylinder {
	<28.344610, 43.002247, 39.050503>,  <28.227493, 42.913391, 38.860798>, 0.100000
	pigment { color rgbt <1,0,0,0> }
	no_shadow
}
cylinder {
	<28.344610, 43.002247, 39.050503>,  <28.539806, 43.150341, 39.366676>, 0.100000
	pigment { color rgbt <1,0,0,0> }
	no_shadow
}

// particle -1
sphere {
	<28.344610, 43.002247, 39.050503> 0.100000
	pigment { color rgbt <1,0,0,0> }
	no_shadow
}
sphere {
	0, 1
	scale<0.080000,0.200000,0.300000>
	matrix <0.551521, -0.832689, 0.049534,
		-0.676528, -0.411771, 0.610537,
		-0.487991, -0.370235, -0.790437,
		28.198214, 42.891178, 38.813370>
	pigment { color rgbt <0,1,1,0> }
	no_shadow
}
cylinder {
	<28.132265, 42.496033, 39.620983>,  <28.539806, 43.150341, 39.366676>, 0.130000
	pigment { color rgbt <1,0,0,0> }
	no_shadow
}

// nucleotide -1

// particle -1
sphere {
	<28.132265, 42.496033, 39.620983> 0.250000
	pigment { color rgbt <1,0,0,0> }
	no_shadow
}
cylinder {
	<28.161539, 42.489716, 39.222107>,  <28.179104, 42.485924, 38.982780>, 0.100000
	pigment { color rgbt <1,0,0,0> }
	no_shadow
}
cylinder {
	<28.161539, 42.489716, 39.222107>,  <28.132265, 42.496033, 39.620983>, 0.100000
	pigment { color rgbt <1,0,0,0> }
	no_shadow
}

// particle -1
sphere {
	<28.161539, 42.489716, 39.222107> 0.100000
	pigment { color rgbt <1,0,0,0> }
	no_shadow
}
sphere {
	0, 1
	scale<0.080000,0.200000,0.300000>
	matrix <0.316887, -0.947691, 0.038263,
		-0.945636, -0.318798, -0.064348,
		0.073180, -0.015792, -0.997194,
		28.183495, 42.484978, 38.922951>
	pigment { color rgbt <0,1,1,0> }
	no_shadow
}
cylinder {
	<27.920399, 41.813400, 39.538307>,  <28.132265, 42.496033, 39.620983>, 0.130000
	pigment { color rgbt <1,0,0,0> }
	no_shadow
}

// nucleotide -1

// particle -1
sphere {
	<27.920399, 41.813400, 39.538307> 0.250000
	pigment { color rgbt <1,0,0,0> }
	no_shadow
}
cylinder {
	<28.090528, 41.903755, 39.187748>,  <28.192606, 41.957966, 38.977413>, 0.100000
	pigment { color rgbt <1,0,0,0> }
	no_shadow
}
cylinder {
	<28.090528, 41.903755, 39.187748>,  <27.920399, 41.813400, 39.538307>, 0.100000
	pigment { color rgbt <1,0,0,0> }
	no_shadow
}

// particle -1
sphere {
	<28.090528, 41.903755, 39.187748> 0.100000
	pigment { color rgbt <1,0,0,0> }
	no_shadow
}
sphere {
	0, 1
	scale<0.080000,0.200000,0.300000>
	matrix <0.344778, -0.935773, -0.073865,
		-0.836797, -0.270747, -0.475885,
		0.425322, 0.225885, -0.876400,
		28.218124, 41.971519, 38.924828>
	pigment { color rgbt <0,1,1,0> }
	no_shadow
}
cylinder {
	<27.663008, 41.416531, 39.070930>,  <27.920399, 41.813400, 39.538307>, 0.130000
	pigment { color rgbt <1,0,0,0> }
	no_shadow
}

// nucleotide -1

// particle -1
sphere {
	<27.663008, 41.416531, 39.070930> 0.250000
	pigment { color rgbt <1,0,0,0> }
	no_shadow
}
cylinder {
	<28.003052, 41.513092, 38.883724>,  <28.207077, 41.571030, 38.771400>, 0.100000
	pigment { color rgbt <1,0,0,0> }
	no_shadow
}
cylinder {
	<28.003052, 41.513092, 38.883724>,  <27.663008, 41.416531, 39.070930>, 0.100000
	pigment { color rgbt <1,0,0,0> }
	no_shadow
}

// particle -1
sphere {
	<28.003052, 41.513092, 38.883724> 0.100000
	pigment { color rgbt <1,0,0,0> }
	no_shadow
}
sphere {
	0, 1
	scale<0.080000,0.200000,0.300000>
	matrix <0.154330, -0.963923, -0.216876,
		-0.503485, 0.112139, -0.856696,
		0.850109, 0.241408, -0.468014,
		28.258085, 41.585514, 38.743320>
	pigment { color rgbt <0,1,1,0> }
	no_shadow
}
cylinder {
	<27.638947, 41.000809, 38.429665>,  <27.663008, 41.416531, 39.070930>, 0.130000
	pigment { color rgbt <1,0,0,0> }
	no_shadow
}

// nucleotide -1

// particle -1
sphere {
	<27.638947, 41.000809, 38.429665> 0.250000
	pigment { color rgbt <1,0,0,0> }
	no_shadow
}
cylinder {
	<28.007977, 41.130520, 38.513287>,  <28.229395, 41.208344, 38.563461>, 0.100000
	pigment { color rgbt <1,0,0,0> }
	no_shadow
}
cylinder {
	<28.007977, 41.130520, 38.513287>,  <27.638947, 41.000809, 38.429665>, 0.100000
	pigment { color rgbt <1,0,0,0> }
	no_shadow
}

// particle -1
sphere {
	<28.007977, 41.130520, 38.513287> 0.100000
	pigment { color rgbt <1,0,0,0> }
	no_shadow
}
sphere {
	0, 1
	scale<0.080000,0.200000,0.300000>
	matrix <0.352981, -0.928156, -0.118029,
