// switches for output
#declare DRAW_BASES = 1; // possible values are 0, 1; only relevant for DNA ribbons
#declare DRAW_BASES_TYPE = 3; // possible values are 1, 2, 3; only relevant for DNA ribbons
#declare DRAW_FOG = 0; // set to 1 to enable fog

#include "colors.inc"

#include "transforms.inc"
background { rgb <1, 1, 1>}

#default {
   normal{
       ripples 0.25
       frequency 0.20
       turbulence 0.2
       lambda 5
   }
	finish {
		phong 0.1
		phong_size 40.
	}
}

// original window dimensions: 1024x640


// camera settings

camera {
	sky <0, 0.179814, -0.983701>
	up <0, 0.179814, -0.983701>
	right 1.6 * <1, 0, 0>
	location <35, 94.9851, 44.8844>
	look_at <35, 29.7336, 32.9568>
	direction <0, -65.2515, -11.9276>
	angle 67.0682
}


# declare cpy_camera_pos = <35, 94.9851, 44.8844>;
# if (DRAW_FOG = 1)
fog {
	fog_type 2
	up vnormalize(cpy_camera_pos)
	color rgbt<1,1,1,0.3>
	distance 1e-5
	fog_alt 3e-3
	fog_offset 56
}
# end


// LIGHTS

# declare lum = 6;
global_settings {
	ambient_light rgb lum * <0.05, 0.05, 0.05>
	max_trace_level 15
}# declare cpy_direct_light_amount = 0.25;
light_source
{	1000 * <-1, -1.16352, -0.803886>,
	rgb lum * cpy_direct_light_amount
	parallel
}

light_source
{	1000 * <1, 1.16352, 0.803886>,
	rgb lum * cpy_direct_light_amount
	parallel
}

// strand 0

// nucleotide -1

// particle -1
sphere {
	<24.245405, 35.557926, 34.883270> 0.250000
	pigment { color rgbt <1,0,0,0> }
	no_shadow
}
cylinder {
	<24.390846, 35.258259, 35.104733>,  <24.478111, 35.078457, 35.237610>, 0.100000
	pigment { color rgbt <1,0,0,0> }
	no_shadow
}
cylinder {
	<24.390846, 35.258259, 35.104733>,  <24.245405, 35.557926, 34.883270>, 0.100000
	pigment { color rgbt <1,0,0,0> }
	no_shadow
}

// particle -1
sphere {
	<24.390846, 35.258259, 35.104733> 0.100000
	pigment { color rgbt <1,0,0,0> }
	no_shadow
}
sphere {
	0, 1
	scale<0.080000,0.200000,0.300000>
	matrix <0.660680, 0.626384, 0.413696,
		-0.656732, 0.215369, 0.722717,
		0.363601, -0.749172, 0.553657,
		24.499926, 35.033508, 35.270828>
	pigment { color rgbt <0,1,1,0> }
	no_shadow
}
cylinder {
	<24.255297, 35.711246, 35.595520>,  <24.245405, 35.557926, 34.883270>, 0.130000
	pigment { color rgbt <1,0,0,0> }
	no_shadow
}

// nucleotide -1

// particle -1
sphere {
	<24.255297, 35.711246, 35.595520> 0.250000
	pigment { color rgbt <1,0,0,0> }
	no_shadow
}
cylinder {
	<24.554319, 35.449852, 35.547997>,  <24.733734, 35.293015, 35.519482>, 0.100000
	pigment { color rgbt <1,0,0,0> }
	no_shadow
}
cylinder {
	<24.554319, 35.449852, 35.547997>,  <24.255297, 35.711246, 35.595520>, 0.100000
	pigment { color rgbt <1,0,0,0> }
	no_shadow
}

// particle -1
sphere {
	<24.554319, 35.449852, 35.547997> 0.100000
	pigment { color rgbt <1,0,0,0> }
	no_shadow
}
sphere {
	0, 1
	scale<0.080000,0.200000,0.300000>
	matrix <0.650432, 0.684035, 0.330205,
		-0.134518, -0.324121, 0.936403,
		0.747558, -0.653485, -0.118804,
		24.778587, 35.253807, 35.512356>
	pigment { color rgbt <0,1,1,0> }
	no_shadow
}
cylinder {
	<24.712498, 35.576668, 36.256584>,  <24.255297, 35.711246, 35.595520>, 0.130000
	pigment { color rgbt <1,0,0,0> }
	no_shadow
}

// nucleotide -1

// particle -1
sphere {
	<24.712498, 35.576668, 36.256584> 0.250000
	pigment { color rgbt <1,0,0,0> }
	no_shadow
}
cylinder {
	<24.913616, 35.581413, 35.910854>,  <25.034286, 35.584259, 35.703415>, 0.100000
	pigment { color rgbt <1,0,0,0> }
	no_shadow
}
cylinder {
	<24.913616, 35.581413, 35.910854>,  <24.712498, 35.576668, 36.256584>, 0.100000
	pigment { color rgbt <1,0,0,0> }
	no_shadow
}

// particle -1
sphere {
	<24.913616, 35.581413, 35.910854> 0.100000
	pigment { color rgbt <1,0,0,0> }
	no_shadow
}
sphere {
	0, 1
	scale<0.080000,0.200000,0.300000>
	matrix <0.409474, 0.877333, 0.250237,
		0.761268, -0.479736, 0.436262,
		0.502794, 0.011859, -0.864325,
		25.064455, 35.584972, 35.651558>
	pigment { color rgbt <0,1,1,0> }
	no_shadow
}
cylinder {
	<25.497751, 35.518986, 36.259464>,  <24.712498, 35.576668, 36.256584>, 0.130000
	pigment { color rgbt <1,0,0,0> }
	no_shadow
}

// nucleotide -1

// particle -1
sphere {
	<25.497751, 35.518986, 36.259464> 0.250000
	pigment { color rgbt <1,0,0,0> }
	no_shadow
}
cylinder {
	<25.335329, 35.733219, 35.963284>,  <25.237875, 35.861759, 35.785576>, 0.100000
	pigment { color rgbt <1,0,0,0> }
	no_shadow
}
cylinder {
	<25.335329, 35.733219, 35.963284>,  <25.497751, 35.518986, 36.259464>, 0.100000
	pigment { color rgbt <1,0,0,0> }
	no_shadow
}

// particle -1
sphere {
	<25.335329, 35.733219, 35.963284> 0.100000
	pigment { color rgbt <1,0,0,0> }
	no_shadow
}
sphere {
	0, 1
	scale<0.080000,0.200000,0.300000>
	matrix <0.312971, 0.842759, 0.437956,
		0.858584, -0.053904, -0.509831,
		-0.406058, 0.535585, -0.740450,
		25.213512, 35.893894, 35.741150>
	pigment { color rgbt <0,1,1,0> }
	no_shadow
}
cylinder {
	<25.904102, 35.869560, 35.694809>,  <25.497751, 35.518986, 36.259464>, 0.130000
	pigment { color rgbt <1,0,0,0> }
	no_shadow
}

// nucleotide -1

// particle -1
sphere {
	<25.904102, 35.869560, 35.694809> 0.250000
	pigment { color rgbt <1,0,0,0> }
	no_shadow
}
cylinder {
	<25.578798, 36.082890, 35.787910>,  <25.383615, 36.210888, 35.843769>, 0.100000
	pigment { color rgbt <1,0,0,0> }
	no_shadow
}
cylinder {
	<25.578798, 36.082890, 35.787910>,  <25.904102, 35.869560, 35.694809>, 0.100000
	pigment { color rgbt <1,0,0,0> }
	no_shadow
}

// particle -1
sphere {
	<25.578798, 36.082890, 35.787910> 0.100000
	pigment { color rgbt <1,0,0,0> }
	no_shadow
}
sphere {
	0, 1
	scale<0.080000,0.200000,0.300000>
	matrix <0.581896, 0.747308, 0.320823,
		-0.002832, 0.396348, -0.918096,
		-0.813258, 0.533328, 0.232750,
		25.334822, 36.242889, 35.857735>
	pigment { color rgbt <0,1,1,0> }
	no_shadow
}
cylinder {
	<26.264528, 35.286545, 35.538383>,  <25.904102, 35.869560, 35.694809>, 0.130000
	pigment { color rgbt <1,0,0,0> }
	no_shadow
}

// nucleotide -1

// particle -1
sphere {
	<26.264528, 35.286545, 35.538383> 0.250000
	pigment { color rgbt <1,0,0,0> }
	no_shadow
}
cylinder {
	<26.343149, 34.921444, 35.395138>,  <26.390322, 34.702381, 35.309189>, 0.100000
	pigment { color rgbt <1,0,0,0> }
	no_shadow
}
cylinder {
	<26.343149, 34.921444, 35.395138>,  <26.264528, 35.286545, 35.538383>, 0.100000
	pigment { color rgbt <1,0,0,0> }
	no_shadow
}

// particle -1
sphere {
	<26.343149, 34.921444, 35.395138> 0.100000
	pigment { color rgbt <1,0,0,0> }
	no_shadow
}
sphere {
	0, 1
	scale<0.080000,0.200000,0.300000>
	matrix <-0.245951, -0.399460, 0.883142,
		-0.949144, -0.085506, -0.303008,
		0.196553, -0.912755, -0.358115,
		26.402115, 34.647617, 35.287704>
	pigment { color rgbt <0,1,1,0> }
	no_shadow
}
cylinder {
	<25.776089, 34.796700, 35.795902>,  <26.264528, 35.286545, 35.538383>, 0.130000
	pigment { color rgbt <1,0,0,0> }
	no_shadow
}

// nucleotide -1

// particle -1
sphere {
	<25.776089, 34.796700, 35.795902> 0.250000
	pigment { color rgbt <1,0,0,0> }
	no_shadow
}
cylinder {
	<26.109795, 34.597561, 35.701115>,  <26.310019, 34.478077, 35.644241>, 0.100000
	pigment { color rgbt <1,0,0,0> }
	no_shadow
}
cylinder {
	<26.109795, 34.597561, 35.701115>,  <25.776089, 34.796700, 35.795902>, 0.100000
	pigment { color rgbt <1,0,0,0> }
	no_shadow
}

// particle -1
sphere {
	<26.109795, 34.597561, 35.701115> 0.100000
	pigment { color rgbt <1,0,0,0> }
	no_shadow
}
sphere {
	0, 1
	scale<0.080000,0.200000,0.300000>
	matrix <0.089410, -0.301948, 0.949122,
		-0.544068, -0.813006, -0.207392,
		0.834264, -0.497845, -0.236971,
		26.360073, 34.448208, 35.630024>
	pigment { color rgbt <0,1,1,0> }
	no_shadow
}
cylinder {
	<25.749594, 34.001488, 35.948887>,  <25.776089, 34.796700, 35.795902>, 0.130000
	pigment { color rgbt <1,0,0,0> }
	no_shadow
}

// nucleotide -1

// particle -1
sphere {
	<25.749594, 34.001488, 35.948887> 0.250000
	pigment { color rgbt <1,0,0,0> }
	no_shadow
}
cylinder {
	<26.101276, 34.190754, 35.971169>,  <26.312286, 34.304314, 35.984535>, 0.100000
	pigment { color rgbt <1,0,0,0> }
	no_shadow
}
cylinder {
	<26.101276, 34.190754, 35.971169>,  <25.749594, 34.001488, 35.948887>, 0.100000
	pigment { color rgbt <1,0,0,0> }
	no_shadow
}

// particle -1
sphere {
	<26.101276, 34.190754, 35.971169> 0.100000
	pigment { color rgbt <1,0,0,0> }
	no_shadow
}
sphere {
	0, 1
	scale<0.080000,0.200000,0.300000>
	matrix <0.011563, -0.138070, 0.990355,
		0.476296, -0.870085, -0.126863,
		0.879209, 0.473169, 0.055701,
		26.365040, 34.332706, 35.987881>
	pigment { color rgbt <0,1,1,0> }
	no_shadow
}
cylinder {
	<26.217415, 33.551914, 36.209328>,  <25.749594, 34.001488, 35.948887>, 0.130000
	pigment { color rgbt <1,0,0,0> }
	no_shadow
}

// nucleotide -1

// particle -1
sphere {
	<26.217415, 33.551914, 36.209328> 0.250000
	pigment { color rgbt <1,0,0,0> }
	no_shadow
}
cylinder {
	<26.354769, 33.917309, 36.296616>,  <26.437181, 34.136547, 36.348988>, 0.100000
	pigment { color rgbt <1,0,0,0> }
	no_shadow
}
cylinder {
	<26.354769, 33.917309, 36.296616>,  <26.217415, 33.551914, 36.209328>, 0.100000
	pigment { color rgbt <1,0,0,0> }
	no_shadow
}

// particle -1
sphere {
	<26.354769, 33.917309, 36.296616> 0.100000
	pigment { color rgbt <1,0,0,0> }
	no_shadow
}
sphere {
	0, 1
	scale<0.080000,0.200000,0.300000>
	matrix <-0.004621, -0.230704, 0.973013,
		0.939183, -0.335127, -0.074999,
		0.343386, 0.913491, 0.218222,
		26.457785, 34.191357, 36.362083>
	pigment { color rgbt <0,1,1,0> }
	no_shadow
}
cylinder {
	<26.652859, 33.452568, 36.803436>,  <26.217415, 33.551914, 36.209328>, 0.130000
	pigment { color rgbt <1,0,0,0> }
	no_shadow
}

// nucleotide -1

// particle -1
sphere {
	<26.652859, 33.452568, 36.803436> 0.250000
	pigment { color rgbt <1,0,0,0> }
	no_shadow
}
cylinder {
	<26.550045, 33.839043, 36.811611>,  <26.488358, 34.070927, 36.816517>, 0.100000
	pigment { color rgbt <1,0,0,0> }
	no_shadow
}
cylinder {
	<26.550045, 33.839043, 36.811611>,  <26.652859, 33.452568, 36.803436>, 0.100000
	pigment { color rgbt <1,0,0,0> }
	no_shadow
}

// particle -1
sphere {
	<26.550045, 33.839043, 36.811611> 0.100000
	pigment { color rgbt <1,0,0,0> }
	no_shadow
}
sphere {
	0, 1
	scale<0.080000,0.200000,0.300000>
	matrix <-0.197444, -0.073202, 0.977577,
		0.946017, 0.247237, 0.209583,
		-0.257035, 0.966186, 0.020435,
		26.472935, 34.128899, 36.817741>
	pigment { color rgbt <0,1,1,0> }
	no_shadow
}
cylinder {
	<26.986200, 33.778561, 37.506271>,  <26.652859, 33.452568, 36.803436>, 0.130000
	pigment { color rgbt <1,0,0,0> }
	no_shadow
}

// nucleotide -1

// particle -1
sphere {
	<26.986200, 33.778561, 37.506271> 0.250000
	pigment { color rgbt <1,0,0,0> }
	no_shadow
}
cylinder {
	<26.705793, 34.031754, 37.374878>,  <26.537548, 34.183670, 37.296040>, 0.100000
	pigment { color rgbt <1,0,0,0> }
	no_shadow
}
cylinder {
	<26.705793, 34.031754, 37.374878>,  <26.986200, 33.778561, 37.506271>, 0.100000
	pigment { color rgbt <1,0,0,0> }
	no_shadow
}

// particle -1
sphere {
	<26.705793, 34.031754, 37.374878> 0.100000
	pigment { color rgbt <1,0,0,0> }
	no_shadow
}
sphere {
	0, 1
	scale<0.080000,0.200000,0.300000>
	matrix <-0.310897, 0.143284, 0.939581,
		0.641807, 0.760790, 0.096348,
		-0.701019, 0.632984, -0.328488,
		26.495487, 34.221649, 37.276333>
	pigment { color rgbt <0,1,1,0> }
	no_shadow
}
cylinder {
	<27.111534, 34.326248, 37.971333>,  <26.986200, 33.778561, 37.506271>, 0.130000
	pigment { color rgbt <1,0,0,0> }
	no_shadow
}

// nucleotide -1

// particle -1
sphere {
	<27.111534, 34.326248, 37.971333> 0.250000
	pigment { color rgbt <1,0,0,0> }
	no_shadow
}
cylinder {
	<26.727499, 34.347626, 37.861515>,  <26.497078, 34.360451, 37.795624>, 0.100000
	pigment { color rgbt <1,0,0,0> }
	no_shadow
}
cylinder {
	<26.727499, 34.347626, 37.861515>,  <27.111534, 34.326248, 37.971333>, 0.100000
	pigment { color rgbt <1,0,0,0> }
	no_shadow
}

// particle -1
sphere {
	<26.727499, 34.347626, 37.861515> 0.100000
	pigment { color rgbt <1,0,0,0> }
	no_shadow
}
sphere {
	0, 1
	scale<0.080000,0.200000,0.300000>
	matrix <-0.254436, 0.240756, 0.936642,
		0.116151, 0.969113, -0.217550,
		-0.960089, 0.053439, -0.274541,
		26.439472, 34.363659, 37.779152>
	pigment { color rgbt <0,1,1,0> }
	no_shadow
}
cylinder {
	<26.845530, 34.926006, 38.338810>,  <27.111534, 34.326248, 37.971333>, 0.130000
	pigment { color rgbt <1,0,0,0> }
	no_shadow
}

// nucleotide -1

// particle -1
sphere {
	<26.845530, 34.926006, 38.338810> 0.250000
	pigment { color rgbt <1,0,0,0> }
	no_shadow
}
cylinder {
	<26.546375, 34.688236, 38.220612>,  <26.366882, 34.545574, 38.149693>, 0.100000
	pigment { color rgbt <1,0,0,0> }
	no_shadow
}
cylinder {
	<26.546375, 34.688236, 38.220612>,  <26.845530, 34.926006, 38.338810>, 0.100000
	pigment { color rgbt <1,0,0,0> }
	no_shadow
}

// particle -1
sphere {
	<26.546375, 34.688236, 38.220612> 0.100000
	pigment { color rgbt <1,0,0,0> }
	no_shadow
}
sphere {
	0, 1
	scale<0.080000,0.200000,0.300000>
	matrix <-0.371685, 0.006147, 0.928338,
		-0.550013, 0.804126, -0.225537,
		-0.747887, -0.594427, -0.295501,
		26.322008, 34.509907, 38.131962>
	pigment { color rgbt <0,1,1,0> }
	no_shadow
}
cylinder {
	<26.370344, 35.208721, 38.643482>,  <26.845530, 34.926006, 38.338810>, 0.130000
	pigment { color rgbt <1,0,0,0> }
	no_shadow
}

// nucleotide -1

// particle -1
sphere {
	<26.370344, 35.208721, 38.643482> 0.250000
	pigment { color rgbt <1,0,0,0> }
	no_shadow
}
cylinder {
	<26.200052, 34.852409, 38.579899>,  <26.097878, 34.638622, 38.541748>, 0.100000
	pigment { color rgbt <1,0,0,0> }
	no_shadow
}
cylinder {
	<26.200052, 34.852409, 38.579899>,  <26.370344, 35.208721, 38.643482>, 0.100000
	pigment { color rgbt <1,0,0,0> }
	no_shadow
}

// particle -1
sphere {
	<26.200052, 34.852409, 38.579899> 0.100000
	pigment { color rgbt <1,0,0,0> }
	no_shadow
}
sphere {
	0, 1
	scale<0.080000,0.200000,0.300000>
	matrix <-0.402256, 0.028953, 0.915070,
		-0.810522, 0.453515, -0.370647,
		-0.425729, -0.890779, -0.158962,
		26.072334, 34.585175, 38.532211>
	pigment { color rgbt <0,1,1,0> }
	no_shadow
}
cylinder {
	<25.631443, 35.276478, 38.729805>,  <26.370344, 35.208721, 38.643482>, 0.130000
	pigment { color rgbt <1,0,0,0> }
	no_shadow
}

// nucleotide -1

// particle -1
sphere {
	<25.631443, 35.276478, 38.729805> 0.250000
	pigment { color rgbt <1,0,0,0> }
	no_shadow
}
cylinder {
	<25.703228, 34.886341, 38.781200>,  <25.746300, 34.652260, 38.812038>, 0.100000
	pigment { color rgbt <1,0,0,0> }
	no_shadow
}
cylinder {
	<25.703228, 34.886341, 38.781200>,  <25.631443, 35.276478, 38.729805>, 0.100000
	pigment { color rgbt <1,0,0,0> }
	no_shadow
}

// particle -1
sphere {
	<25.703228, 34.886341, 38.781200> 0.100000
	pigment { color rgbt <1,0,0,0> }
	no_shadow
}
sphere {
	0, 1
	scale<0.080000,0.200000,0.300000>
	matrix <-0.500805, 0.021841, 0.865284,
		-0.846751, -0.219634, -0.484535,
		0.179463, -0.975338, 0.128488,
		25.757067, 34.593739, 38.819748>
	pigment { color rgbt <0,1,1,0> }
	no_shadow
}
cylinder {
	<25.133543, 35.032463, 39.146259>,  <25.631443, 35.276478, 38.729805>, 0.130000
	pigment { color rgbt <1,0,0,0> }
	no_shadow
}

// nucleotide -1

// particle -1
sphere {
	<25.133543, 35.032463, 39.146259> 0.250000
	pigment { color rgbt <1,0,0,0> }
	no_shadow
}
cylinder {
	<25.392166, 34.730743, 39.191853>,  <25.547340, 34.549713, 39.219208>, 0.100000
	pigment { color rgbt <1,0,0,0> }
	no_shadow
}
cylinder {
	<25.392166, 34.730743, 39.191853>,  <25.133543, 35.032463, 39.146259>, 0.100000
	pigment { color rgbt <1,0,0,0> }
	no_shadow
}

// particle -1
sphere {
	<25.392166, 34.730743, 39.191853> 0.100000
	pigment { color rgbt <1,0,0,0> }
	no_shadow
}
sphere {
	0, 1
	scale<0.080000,0.200000,0.300000>
	matrix <-0.240366, -0.059629, 0.968849,
		-0.724006, -0.653816, -0.219861,
		0.646559, -0.754300, 0.113983,
		25.586134, 34.504452, 39.226048>
	pigment { color rgbt <0,1,1,0> }
	no_shadow
}
cylinder {
	<24.920979, 34.531197, 39.654198>,  <25.133543, 35.032463, 39.146259>, 0.130000
	pigment { color rgbt <1,0,0,0> }
	no_shadow
}

// nucleotide -1

// particle -1
sphere {
	<24.920979, 34.531197, 39.654198> 0.250000
	pigment { color rgbt <1,0,0,0> }
	no_shadow
}
cylinder {
	<25.312817, 34.450905, 39.658253>,  <25.547918, 34.402729, 39.660686>, 0.100000
	pigment { color rgbt <1,0,0,0> }
	no_shadow
}
cylinder {
	<25.312817, 34.450905, 39.658253>,  <24.920979, 34.531197, 39.654198>, 0.100000
	pigment { color rgbt <1,0,0,0> }
	no_shadow
}

// particle -1
sphere {
	<25.312817, 34.450905, 39.658253> 0.100000
	pigment { color rgbt <1,0,0,0> }
	no_shadow
}
sphere {
	0, 1
	scale<0.080000,0.200000,0.300000>
	matrix <-0.034978, -0.120598, 0.992085,
		-0.197921, -0.972195, -0.125158,
		0.979594, -0.200732, 0.010137,
		25.606695, 34.390686, 39.661293>
	pigment { color rgbt <0,1,1,0> }
	no_shadow
}
cylinder {
	<25.051344, 33.903679, 40.084927>,  <24.920979, 34.531197, 39.654198>, 0.130000
	pigment { color rgbt <1,0,0,0> }
	no_shadow
}

// nucleotide -1

// particle -1
sphere {
	<25.051344, 33.903679, 40.084927> 0.250000
	pigment { color rgbt <1,0,0,0> }
	no_shadow
}
cylinder {
	<25.417320, 34.062138, 40.054081>,  <25.636906, 34.157211, 40.035572>, 0.100000
	pigment { color rgbt <1,0,0,0> }
	no_shadow
}
cylinder {
	<25.417320, 34.062138, 40.054081>,  <25.051344, 33.903679, 40.084927>, 0.100000
	pigment { color rgbt <1,0,0,0> }
	no_shadow
}

// particle -1
sphere {
	<25.417320, 34.062138, 40.054081> 0.100000
	pigment { color rgbt <1,0,0,0> }
	no_shadow
}
sphere {
	0, 1
	scale<0.080000,0.200000,0.300000>
	matrix <0.089353, -0.012496, 0.995922,
		0.393568, -0.918102, -0.046831,
		0.914943, 0.396147, -0.077117,
		25.691803, 34.180981, 40.030945>
	pigment { color rgbt <0,1,1,0> }
	no_shadow
}
cylinder {
	<25.409477, 33.543411, 40.582336>,  <25.051344, 33.903679, 40.084927>, 0.130000
	pigment { color rgbt <1,0,0,0> }
	no_shadow
}

// nucleotide -1

// particle -1
sphere {
	<25.409477, 33.543411, 40.582336> 0.250000
	pigment { color rgbt <1,0,0,0> }
	no_shadow
}
cylinder {
	<25.664856, 33.834530, 40.482185>,  <25.818083, 34.009201, 40.422092>, 0.100000
	pigment { color rgbt <1,0,0,0> }
	no_shadow
}
cylinder {
	<25.664856, 33.834530, 40.482185>,  <25.409477, 33.543411, 40.582336>, 0.100000
	pigment { color rgbt <1,0,0,0> }
	no_shadow
}

// particle -1
sphere {
	<25.664856, 33.834530, 40.482185> 0.100000
	pigment { color rgbt <1,0,0,0> }
	no_shadow
}
sphere {
	0, 1
	scale<0.080000,0.200000,0.300000>
	matrix <0.434839, -0.072666, 0.897571,
		0.635059, -0.681928, -0.362870,
		0.638447, 0.727801, -0.250382,
		25.856390, 34.052872, 40.407070>
	pigment { color rgbt <0,1,1,0> }
	no_shadow
}
cylinder {
	<26.035206, 33.318951, 40.895775>,  <25.409477, 33.543411, 40.582336>, 0.130000
	pigment { color rgbt <1,0,0,0> }
	no_shadow
}

// nucleotide -1

// particle -1
sphere {
	<26.035206, 33.318951, 40.895775> 0.250000
	pigment { color rgbt <1,0,0,0> }
	no_shadow
}
cylinder {
	<26.063667, 33.713829, 40.838676>,  <26.080744, 33.950756, 40.804417>, 0.100000
	pigment { color rgbt <1,0,0,0> }
	no_shadow
}
cylinder {
	<26.063667, 33.713829, 40.838676>,  <26.035206, 33.318951, 40.895775>, 0.100000
	pigment { color rgbt <1,0,0,0> }
	no_shadow
}

// particle -1
sphere {
	<26.063667, 33.713829, 40.838676> 0.100000
	pigment { color rgbt <1,0,0,0> }
	no_shadow
}
sphere {
	0, 1
	scale<0.080000,0.200000,0.300000>
	matrix <0.559461, 0.078977, 0.825086,
		0.825797, -0.138568, -0.546679,
		0.071155, 0.987199, -0.142742,
		26.085014, 34.009987, 40.795853>
	pigment { color rgbt <0,1,1,0> }
	no_shadow
}
cylinder {
	<26.707958, 33.402718, 41.101215>,  <26.035206, 33.318951, 40.895775>, 0.130000
	pigment { color rgbt <1,0,0,0> }
	no_shadow
}

// nucleotide -1

// particle -1
sphere {
	<26.707958, 33.402718, 41.101215> 0.250000
	pigment { color rgbt <1,0,0,0> }
	no_shadow
}
cylinder {
	<26.512737, 33.750202, 41.135029>,  <26.395605, 33.958694, 41.155315>, 0.100000
	pigment { color rgbt <1,0,0,0> }
	no_shadow
}
cylinder {
	<26.512737, 33.750202, 41.135029>,  <26.707958, 33.402718, 41.101215>, 0.100000
	pigment { color rgbt <1,0,0,0> }
	no_shadow
}

// particle -1
sphere {
	<26.512737, 33.750202, 41.135029> 0.100000
	pigment { color rgbt <1,0,0,0> }
	no_shadow
}
sphere {
	0, 1
	scale<0.080000,0.200000,0.300000>
	matrix <0.563246, 0.239486, 0.790823,
		0.666753, 0.433574, -0.606180,
		-0.488052, 0.868711, 0.084531,
		26.366322, 34.010815, 41.160389>
	pigment { color rgbt <0,1,1,0> }
	no_shadow
}
cylinder {
	<27.257044, 33.959812, 41.311375>,  <26.707958, 33.402718, 41.101215>, 0.130000
	pigment { color rgbt <1,0,0,0> }
	no_shadow
}

// nucleotide -1

// particle -1
sphere {
	<27.257044, 33.959812, 41.311375> 0.250000
	pigment { color rgbt <1,0,0,0> }
	no_shadow
}
cylinder {
	<26.905691, 34.128220, 41.401878>,  <26.694880, 34.229263, 41.456181>, 0.100000
	pigment { color rgbt <1,0,0,0> }
	no_shadow
}
cylinder {
	<26.905691, 34.128220, 41.401878>,  <27.257044, 33.959812, 41.311375>, 0.100000
	pigment { color rgbt <1,0,0,0> }
	no_shadow
}

// particle -1
sphere {
	<26.905691, 34.128220, 41.401878> 0.100000
	pigment { color rgbt <1,0,0,0> }
	no_shadow
}
sphere {
	0, 1
	scale<0.080000,0.200000,0.300000>
	matrix <0.348386, 0.239873, 0.906139,
		0.327223, 0.874761, -0.357375,
		-0.878380, 0.421014, 0.226263,
		26.642178, 34.254524, 41.469757>
	pigment { color rgbt <0,1,1,0> }
	no_shadow
}
cylinder {
	<27.540094, 34.478043, 41.609417>,  <27.257044, 33.959812, 41.311375>, 0.130000
	pigment { color rgbt <1,0,0,0> }
	no_shadow
}

// nucleotide -1

// particle -1
sphere {
	<27.540094, 34.478043, 41.609417> 0.250000
	pigment { color rgbt <1,0,0,0> }
	no_shadow
}
cylinder {
	<27.161934, 34.443161, 41.735027>,  <26.935038, 34.422230, 41.810394>, 0.100000
	pigment { color rgbt <1,0,0,0> }
	no_shadow
}
cylinder {
	<27.161934, 34.443161, 41.735027>,  <27.540094, 34.478043, 41.609417>, 0.100000
	pigment { color rgbt <1,0,0,0> }
	no_shadow
}

// particle -1
sphere {
	<27.161934, 34.443161, 41.735027> 0.100000
	pigment { color rgbt <1,0,0,0> }
	no_shadow
}
sphere {
	0, 1
	scale<0.080000,0.200000,0.300000>
	matrix <0.268023, 0.340152, 0.901366,
		-0.185424, 0.936318, -0.298206,
		-0.945400, -0.087209, 0.314027,
		26.878313, 34.417000, 41.829235>
	pigment { color rgbt <0,1,1,0> }
	no_shadow
}
cylinder {
	<27.601772, 34.972649, 42.047691>,  <27.540094, 34.478043, 41.609417>, 0.130000
	pigment { color rgbt <1,0,0,0> }
	no_shadow
}

// nucleotide -1

// particle -1
sphere {
	<27.601772, 34.972649, 42.047691> 0.250000
	pigment { color rgbt <1,0,0,0> }
	no_shadow
}
cylinder {
	<27.263119, 34.779343, 42.136829>,  <27.059927, 34.663357, 42.190311>, 0.100000
	pigment { color rgbt <1,0,0,0> }
	no_shadow
}
cylinder {
	<27.263119, 34.779343, 42.136829>,  <27.601772, 34.972649, 42.047691>, 0.100000
	pigment { color rgbt <1,0,0,0> }
	no_shadow
}

// particle -1
sphere {
	<27.263119, 34.779343, 42.136829> 0.100000
	pigment { color rgbt <1,0,0,0> }
	no_shadow
}
sphere {
	0, 1
	scale<0.080000,0.200000,0.300000>
	matrix <0.179152, 0.135489, 0.974447,
		-0.501113, 0.864925, -0.028131,
		-0.846635, -0.483268, 0.222848,
		27.009129, 34.634361, 42.203682>
	pigment { color rgbt <0,1,1,0> }
	no_shadow
}
cylinder {
	<27.272036, 35.363556, 42.473534>,  <27.601772, 34.972649, 42.047691>, 0.130000
	pigment { color rgbt <1,0,0,0> }
	no_shadow
}

// nucleotide -1

// particle -1
sphere {
	<27.272036, 35.363556, 42.473534> 0.250000
	pigment { color rgbt <1,0,0,0> }
	no_shadow
}
cylinder {
	<27.159731, 34.989910, 42.561714>,  <27.092348, 34.765720, 42.614624>, 0.100000
	pigment { color rgbt <1,0,0,0> }
	no_shadow
}
cylinder {
	<27.159731, 34.989910, 42.561714>,  <27.272036, 35.363556, 42.473534>, 0.100000
	pigment { color rgbt <1,0,0,0> }
	no_shadow
}

// particle -1
sphere {
	<27.159731, 34.989910, 42.561714> 0.100000
	pigment { color rgbt <1,0,0,0> }
	no_shadow
}
sphere {
	0, 1
	scale<0.080000,0.200000,0.300000>
	matrix <0.074955, 0.207648, 0.975328,
		-0.956847, 0.290357, 0.011718,
		-0.280760, -0.934117, 0.220451,
		27.075502, 34.709675, 42.627850>
	pigment { color rgbt <0,1,1,0> }
	no_shadow
}
cylinder {
	<27.888367, 35.684032, 42.722530>,  <27.272036, 35.363556, 42.473534>, 0.130000
	pigment { color rgbt <1,0,0,0> }
	no_shadow
}

// nucleotide -1

// particle -1
sphere {
	<27.888367, 35.684032, 42.722530> 0.250000
	pigment { color rgbt <1,0,0,0> }
	no_shadow
}
cylinder {
	<27.764095, 35.880100, 43.048283>,  <27.689533, 35.997742, 43.243732>, 0.100000
	pigment { color rgbt <1,0,0,0> }
	no_shadow
}
cylinder {
	<27.764095, 35.880100, 43.048283>,  <27.888367, 35.684032, 42.722530>, 0.100000
	pigment { color rgbt <1,0,0,0> }
	no_shadow
}

// particle -1
sphere {
	<27.764095, 35.880100, 43.048283> 0.100000
	pigment { color rgbt <1,0,0,0> }
	no_shadow
}
sphere {
	0, 1
	scale<0.080000,0.200000,0.300000>
	matrix <0.625810, -0.539396, 0.563396,
		0.715431, 0.684683, -0.139171,
		-0.310679, 0.490165, 0.814381,
		27.670891, 36.027149, 43.292599>
	pigment { color rgbt <0,1,1,0> }
	no_shadow
}
cylinder {
	<28.494402, 35.963978, 43.191311>,  <27.888367, 35.684032, 42.722530>, 0.130000
	pigment { color rgbt <1,0,0,0> }
	no_shadow
}

// nucleotide -1

// particle -1
sphere {
	<28.494402, 35.963978, 43.191311> 0.250000
	pigment { color rgbt <1,0,0,0> }
	no_shadow
}
cylinder {
	<28.160999, 35.925171, 43.408882>,  <27.960958, 35.901886, 43.539425>, 0.100000
	pigment { color rgbt <1,0,0,0> }
	no_shadow
}
cylinder {
	<28.160999, 35.925171, 43.408882>,  <28.494402, 35.963978, 43.191311>, 0.100000
	pigment { color rgbt <1,0,0,0> }
	no_shadow
}

// particle -1
sphere {
	<28.160999, 35.925171, 43.408882> 0.100000
	pigment { color rgbt <1,0,0,0> }
	no_shadow
}
sphere {
	0, 1
	scale<0.080000,0.200000,0.300000>
	matrix <0.461179, -0.664312, 0.588220,
		0.304271, 0.741133, 0.598449,
		-0.833506, -0.097014, 0.543926,
		27.910948, 35.896069, 43.572060>
	pigment { color rgbt <0,1,1,0> }
	no_shadow
}
cylinder {
	<28.655455, 36.038174, 43.954926>,  <28.494402, 35.963978, 43.191311>, 0.130000
	pigment { color rgbt <1,0,0,0> }
	no_shadow
}

// nucleotide -1

// particle -1
sphere {
	<28.655455, 36.038174, 43.954926> 0.250000
	pigment { color rgbt <1,0,0,0> }
	no_shadow
}
cylinder {
	<28.317324, 35.834320, 43.890808>,  <28.114445, 35.712006, 43.852337>, 0.100000
	pigment { color rgbt <1,0,0,0> }
	no_shadow
}
cylinder {
	<28.317324, 35.834320, 43.890808>,  <28.655455, 36.038174, 43.954926>, 0.100000
	pigment { color rgbt <1,0,0,0> }
	no_shadow
}

// particle -1
sphere {
	<28.317324, 35.834320, 43.890808> 0.100000
	pigment { color rgbt <1,0,0,0> }
	no_shadow
}
sphere {
	0, 1
	scale<0.080000,0.200000,0.300000>
	matrix <0.320194, -0.723463, 0.611618,
		-0.427668, 0.465693, 0.774745,
		-0.845326, -0.509639, -0.160290,
		28.063726, 35.681427, 43.842720>
	pigment { color rgbt <0,1,1,0> }
	no_shadow
}
cylinder {
	<28.435585, 35.714981, 44.609333>,  <28.655455, 36.038174, 43.954926>, 0.130000
	pigment { color rgbt <1,0,0,0> }
	no_shadow
}

// nucleotide -1

// particle -1
sphere {
	<28.435585, 35.714981, 44.609333> 0.250000
	pigment { color rgbt <1,0,0,0> }
	no_shadow
}
cylinder {
	<28.296486, 35.484772, 44.313267>,  <28.213026, 35.346645, 44.135628>, 0.100000
	pigment { color rgbt <1,0,0,0> }
	no_shadow
}
cylinder {
	<28.296486, 35.484772, 44.313267>,  <28.435585, 35.714981, 44.609333>, 0.100000
	pigment { color rgbt <1,0,0,0> }
	no_shadow
}

// particle -1
sphere {
	<28.296486, 35.484772, 44.313267> 0.100000
	pigment { color rgbt <1,0,0,0> }
	no_shadow
}
sphere {
	0, 1
	scale<0.080000,0.200000,0.300000>
	matrix <0.417718, -0.801861, 0.427235,
		-0.839394, -0.160612, 0.519251,
		-0.347748, -0.575519, -0.740168,
		28.192162, 35.312115, 44.091217>
	pigment { color rgbt <0,1,1,0> }
	no_shadow
}
cylinder {
	<27.884335, 35.307598, 44.878544>,  <28.435585, 35.714981, 44.609333>, 0.130000
	pigment { color rgbt <1,0,0,0> }
	no_shadow
}

// nucleotide -1

// particle -1
sphere {
	<27.884335, 35.307598, 44.878544> 0.250000
	pigment { color rgbt <1,0,0,0> }
	no_shadow
}
cylinder {
	<28.103014, 35.138084, 44.589676>,  <28.234221, 35.036377, 44.416355>, 0.100000
	pigment { color rgbt <1,0,0,0> }
	no_shadow
}
cylinder {
	<28.103014, 35.138084, 44.589676>,  <27.884335, 35.307598, 44.878544>, 0.100000
	pigment { color rgbt <1,0,0,0> }
	no_shadow
}

// particle -1
sphere {
	<28.103014, 35.138084, 44.589676> 0.100000
	pigment { color rgbt <1,0,0,0> }
	no_shadow
}
sphere {
	0, 1
	scale<0.080000,0.200000,0.300000>
	matrix <0.278643, -0.721234, 0.634177,
		-0.789609, -0.547929, -0.276210,
		0.546696, -0.423788, -0.722169,
		28.267023, 35.010948, 44.373024>
	pigment { color rgbt <0,1,1,0> }
	no_shadow
}
cylinder {
	<27.815598, 34.749249, 45.124691>,  <27.884335, 35.307598, 44.878544>, 0.130000
	pigment { color rgbt <1,0,0,0> }
	no_shadow
}

// nucleotide -1

// particle -1
sphere {
	<27.815598, 34.749249, 45.124691> 0.250000
	pigment { color rgbt <1,0,0,0> }
	no_shadow
}
cylinder {
	<28.128237, 34.759861, 44.875404>,  <28.315821, 34.766228, 44.725834>, 0.100000
	pigment { color rgbt <1,0,0,0> }
	no_shadow
}
cylinder {
	<28.128237, 34.759861, 44.875404>,  <27.815598, 34.749249, 45.124691>, 0.100000
	pigment { color rgbt <1,0,0,0> }
	no_shadow
}

// particle -1
sphere {
	<28.128237, 34.759861, 44.875404> 0.100000
	pigment { color rgbt <1,0,0,0> }
	no_shadow
}
sphere {
	0, 1
	scale<0.080000,0.200000,0.300000>
	matrix <0.522262, -0.574155, 0.630546,
		-0.341096, -0.818317, -0.462614,
		0.781598, 0.026529, -0.623218,
		28.362717, 34.767818, 44.688438>
	pigment { color rgbt <0,1,1,0> }
	no_shadow
}
cylinder {
	<28.102316, 34.133881, 44.768921>,  <27.815598, 34.749249, 45.124691>, 0.130000
	pigment { color rgbt <1,0,0,0> }
	no_shadow
}

// nucleotide -1

// particle -1
sphere {
	<28.102316, 34.133881, 44.768921> 0.250000
	pigment { color rgbt <1,0,0,0> }
	no_shadow
}
cylinder {
	<28.381281, 34.409592, 44.847420>,  <28.548660, 34.575020, 44.894520>, 0.100000
	pigment { color rgbt <1,0,0,0> }
	no_shadow
}
cylinder {
	<28.381281, 34.409592, 44.847420>,  <28.102316, 34.133881, 44.768921>, 0.100000
	pigment { color rgbt <1,0,0,0> }
	no_shadow
}

// particle -1
sphere {
	<28.381281, 34.409592, 44.847420> 0.100000
	pigment { color rgbt <1,0,0,0> }
	no_shadow
}
sphere {
	0, 1
	scale<0.080000,0.200000,0.300000>
	matrix <0.471420, -0.647469, 0.598789,
		0.539798, -0.325085, -0.776491,
		0.697411, 0.689278, 0.196250,
		28.590504, 34.616375, 44.906296>
	pigment { color rgbt <0,1,1,0> }
	no_shadow
}
cylinder {
	<28.777498, 33.823223, 44.622849>,  <28.102316, 34.133881, 44.768921>, 0.130000
	pigment { color rgbt <1,0,0,0> }
	no_shadow
}

// nucleotide -1

// particle -1
sphere {
	<28.777498, 33.823223, 44.622849> 0.250000
	pigment { color rgbt <1,0,0,0> }
	no_shadow
}
cylinder {
	<28.820122, 34.100620, 44.907867>,  <28.845695, 34.267059, 45.078876>, 0.100000
	pigment { color rgbt <1,0,0,0> }
	no_shadow
}
cylinder {
	<28.820122, 34.100620, 44.907867>,  <28.777498, 33.823223, 44.622849>, 0.100000
	pigment { color rgbt <1,0,0,0> }
	no_shadow
}

// particle -1
sphere {
	<28.820122, 34.100620, 44.907867> 0.100000
	pigment { color rgbt <1,0,0,0> }
	no_shadow
}
sphere {
	0, 1
	scale<0.080000,0.200000,0.300000>
	matrix <0.413515, -0.682619, 0.602525,
		0.904240, 0.230443, -0.359507,
		0.106559, 0.693489, 0.712544,
		28.852089, 34.308666, 45.121632>
	pigment { color rgbt <0,1,1,0> }
	no_shadow
}
cylinder {
	<29.494791, 34.113014, 44.756195>,  <28.777498, 33.823223, 44.622849>, 0.130000
	pigment { color rgbt <1,0,0,0> }
	no_shadow
}

// nucleotide -1

// particle -1
sphere {
	<29.494791, 34.113014, 44.756195> 0.250000
	pigment { color rgbt <1,0,0,0> }
	no_shadow
}
cylinder {
	<29.247284, 34.091412, 45.069679>,  <29.098780, 34.078449, 45.257771>, 0.100000
	pigment { color rgbt <1,0,0,0> }
	no_shadow
}
cylinder {
	<29.247284, 34.091412, 45.069679>,  <29.494791, 34.113014, 44.756195>, 0.100000
	pigment { color rgbt <1,0,0,0> }
	no_shadow
}

// particle -1
sphere {
	<29.247284, 34.091412, 45.069679> 0.100000
	pigment { color rgbt <1,0,0,0> }
	no_shadow
}
sphere {
	0, 1
	scale<0.080000,0.200000,0.300000>
	matrix <0.643150, -0.607689, 0.465910,
		0.451092, 0.792337, 0.410754,
		-0.618768, -0.054008, 0.783715,
		29.061653, 34.075211, 45.304794>
	pigment { color rgbt <0,1,1,0> }
	no_shadow
}
cylinder {
	<30.146217, 34.360264, 44.555637>,  <29.494791, 34.113014, 44.756195>, 0.130000
	pigment { color rgbt <1,0,0,0> }
	no_shadow
}

// nucleotide -1

// particle -1
sphere {
	<30.146217, 34.360264, 44.555637> 0.250000
	pigment { color rgbt <1,0,0,0> }
	no_shadow
}
cylinder {
	<29.934721, 34.039089, 44.445560>,  <29.807823, 33.846386, 44.379517>, 0.100000
	pigment { color rgbt <1,0,0,0> }
	no_shadow
}
cylinder {
	<29.934721, 34.039089, 44.445560>,  <30.146217, 34.360264, 44.555637>, 0.100000
	pigment { color rgbt <1,0,0,0> }
	no_shadow
}

// particle -1
sphere {
	<29.934721, 34.039089, 44.445560> 0.100000
	pigment { color rgbt <1,0,0,0> }
	no_shadow
}
sphere {
	0, 1
	scale<0.080000,0.200000,0.300000>
	matrix <0.525181, -0.054782, -0.849225,
		0.666798, -0.593544, 0.450652,
		-0.528740, -0.802935, -0.275190,
		29.776098, 33.798210, 44.363003>
	pigment { color rgbt <0,1,1,0> }
	no_shadow
}
cylinder {
	<30.611685, 33.831989, 44.195889>,  <30.146217, 34.360264, 44.555637>, 0.130000
	pigment { color rgbt <1,0,0,0> }
	no_shadow
}

// nucleotide -1

// particle -1
sphere {
	<30.611685, 33.831989, 44.195889> 0.250000
	pigment { color rgbt <1,0,0,0> }
	no_shadow
}
cylinder {
	<30.249666, 33.709740, 44.077576>,  <30.032455, 33.636391, 44.006588>, 0.100000
	pigment { color rgbt <1,0,0,0> }
	no_shadow
}
cylinder {
	<30.249666, 33.709740, 44.077576>,  <30.611685, 33.831989, 44.195889>, 0.100000
	pigment { color rgbt <1,0,0,0> }
	no_shadow
}

// particle -1
sphere {
	<30.249666, 33.709740, 44.077576> 0.100000
	pigment { color rgbt <1,0,0,0> }
	no_shadow
}
sphere {
	0, 1
	scale<0.080000,0.200000,0.300000>
	matrix <0.361855, -0.187850, -0.913112,
		0.223508, -0.933438, 0.280605,
		-0.905044, -0.305626, -0.295783,
		29.978153, 33.618053, 43.988842>
	pigment { color rgbt <0,1,1,0> }
	no_shadow
}
cylinder {
	<30.640551, 33.140923, 43.765182>,  <30.611685, 33.831989, 44.195889>, 0.130000
	pigment { color rgbt <1,0,0,0> }
	no_shadow
}

// nucleotide -1

// particle -1
sphere {
	<30.640551, 33.140923, 43.765182> 0.250000
	pigment { color rgbt <1,0,0,0> }
	no_shadow
}
cylinder {
	<30.303518, 33.324451, 43.652370>,  <30.101299, 33.434570, 43.584682>, 0.100000
	pigment { color rgbt <1,0,0,0> }
	no_shadow
}
cylinder {
	<30.303518, 33.324451, 43.652370>,  <30.640551, 33.140923, 43.765182>, 0.100000
	pigment { color rgbt <1,0,0,0> }
	no_shadow
}

// particle -1
sphere {
	<30.303518, 33.324451, 43.652370> 0.100000
	pigment { color rgbt <1,0,0,0> }
	no_shadow
}
sphere {
	0, 1
	scale<0.080000,0.200000,0.300000>
	matrix <0.150697, -0.301888, -0.941357,
		-0.517059, -0.835669, 0.185221,
		-0.842580, 0.458825, -0.282027,
		30.050745, 33.462097, 43.567764>
	pigment { color rgbt <0,1,1,0> }
	no_shadow
}
cylinder {
	<30.300417, 32.693447, 43.277279>,  <30.640551, 33.140923, 43.765182>, 0.130000
	pigment { color rgbt <1,0,0,0> }
	no_shadow
}

// nucleotide -1

// particle -1
sphere {
	<30.300417, 32.693447, 43.277279> 0.250000
	pigment { color rgbt <1,0,0,0> }
	no_shadow
}
cylinder {
	<30.135118, 33.047432, 43.191418>,  <30.035940, 33.259823, 43.139900>, 0.100000
	pigment { color rgbt <1,0,0,0> }
	no_shadow
}
cylinder {
	<30.135118, 33.047432, 43.191418>,  <30.300417, 32.693447, 43.277279>, 0.100000
	pigment { color rgbt <1,0,0,0> }
	no_shadow
}

// particle -1
sphere {
	<30.135118, 33.047432, 43.191418> 0.100000
	pigment { color rgbt <1,0,0,0> }
	no_shadow
}
sphere {
	0, 1
	scale<0.080000,0.200000,0.300000>
	matrix <0.058888, -0.209261, -0.976085,
		-0.908714, -0.416002, 0.034363,
		-0.413244, 0.884959, -0.214656,
		30.011145, 33.312920, 43.127022>
	pigment { color rgbt <0,1,1,0> }
	no_shadow
}
cylinder {
	<29.822723, 32.468639, 42.675694>,  <30.300417, 32.693447, 43.277279>, 0.130000
	pigment { color rgbt <1,0,0,0> }
	no_shadow
}

// nucleotide -1

// particle -1
sphere {
	<29.822723, 32.468639, 42.675694> 0.250000
	pigment { color rgbt <1,0,0,0> }
	no_shadow
}
cylinder {
	<29.844862, 32.867676, 42.658993>,  <29.858145, 33.107098, 42.648972>, 0.100000
	pigment { color rgbt <1,0,0,0> }
	no_shadow
}
cylinder {
	<29.844862, 32.867676, 42.658993>,  <29.822723, 32.468639, 42.675694>, 0.100000
	pigment { color rgbt <1,0,0,0> }
	no_shadow
}

// particle -1
sphere {
	<29.844862, 32.867676, 42.658993> 0.100000
	pigment { color rgbt <1,0,0,0> }
	no_shadow
}
sphere {
	0, 1
	scale<0.080000,0.200000,0.300000>
	matrix <0.004536, -0.042067, -0.999105,
		-0.998457, 0.055108, -0.006854,
		0.055347, 0.997594, -0.041752,
		29.861465, 33.166954, 42.646465>
	pigment { color rgbt <0,1,1,0> }
	no_shadow
}
cylinder {
	<29.441694, 32.676346, 42.211357>,  <29.822723, 32.468639, 42.675694>, 0.130000
	pigment { color rgbt <1,0,0,0> }
	no_shadow
}

// nucleotide -1

// particle -1
sphere {
	<29.441694, 32.676346, 42.211357> 0.250000
	pigment { color rgbt <1,0,0,0> }
	no_shadow
}
cylinder {
	<29.627129, 33.030273, 42.230049>,  <29.738390, 33.242630, 42.241264>, 0.100000
	pigment { color rgbt <1,0,0,0> }
	no_shadow
}
cylinder {
	<29.627129, 33.030273, 42.230049>,  <29.441694, 32.676346, 42.211357>, 0.100000
	pigment { color rgbt <1,0,0,0> }
	no_shadow
}

// particle -1
sphere {
	<29.627129, 33.030273, 42.230049> 0.100000
	pigment { color rgbt <1,0,0,0> }
	no_shadow
}
sphere {
	0, 1
	scale<0.080000,0.200000,0.300000>
	matrix <0.014348, 0.045235, -0.998873,
		-0.885936, 0.463735, 0.008275,
		0.463586, 0.884819, 0.046728,
		29.766205, 33.295719, 42.244068>
	pigment { color rgbt <0,1,1,0> }
	no_shadow
}
cylinder {
	<29.062174, 32.988232, 41.764835>,  <29.441694, 32.676346, 42.211357>, 0.130000
	pigment { color rgbt <1,0,0,0> }
	no_shadow
}

// nucleotide -1

// particle -1
sphere {
	<29.062174, 32.988232, 41.764835> 0.250000
	pigment { color rgbt <1,0,0,0> }
	no_shadow
}
cylinder {
	<29.414730, 33.173489, 41.802040>,  <29.626265, 33.284641, 41.824364>, 0.100000
	pigment { color rgbt <1,0,0,0> }
	no_shadow
}
cylinder {
	<29.414730, 33.173489, 41.802040>,  <29.062174, 32.988232, 41.764835>, 0.100000
	pigment { color rgbt <1,0,0,0> }
	no_shadow
}

// particle -1
sphere {
	<29.414730, 33.173489, 41.802040> 0.100000
	pigment { color rgbt <1,0,0,0> }
	no_shadow
}
sphere {
	0, 1
	scale<0.080000,0.200000,0.300000>
	matrix <0.082225, 0.043468, -0.995665,
		-0.465176, 0.885218, 0.000230,
		0.881391, 0.463141, 0.093007,
		29.679148, 33.312431, 41.829941>
	pigment { color rgbt <0,1,1,0> }
	no_shadow
}
cylinder {
	<29.060329, 33.653954, 41.433372>,  <29.062174, 32.988232, 41.764835>, 0.130000
	pigment { color rgbt <1,0,0,0> }
	no_shadow
}

// nucleotide -1

// particle -1
sphere {
	<29.060329, 33.653954, 41.433372> 0.250000
	pigment { color rgbt <1,0,0,0> }
	no_shadow
}
cylinder {
	<29.451078, 33.568977, 41.423672>,  <29.685528, 33.517990, 41.417850>, 0.100000
	pigment { color rgbt <1,0,0,0> }
	no_shadow
}
cylinder {
	<29.451078, 33.568977, 41.423672>,  <29.060329, 33.653954, 41.433372>, 0.100000
	pigment { color rgbt <1,0,0,0> }
	no_shadow
}

// particle -1
sphere {
	<29.451078, 33.568977, 41.423672> 0.100000
	pigment { color rgbt <1,0,0,0> }
	no_shadow
}
sphere {
	0, 1
	scale<0.080000,0.200000,0.300000>
	matrix <0.020244, 0.204820, -0.978590,
		0.212863, 0.955467, 0.204384,
		0.976872, -0.212443, -0.024256,
		29.744141, 33.505245, 41.416393>
	pigment { color rgbt <0,1,1,0> }
	no_shadow
}
cylinder {
	<29.282667, 34.200485, 41.034149>,  <29.060329, 33.653954, 41.433372>, 0.130000
	pigment { color rgbt <1,0,0,0> }
	no_shadow
}

// nucleotide -1

// particle -1
sphere {
	<29.282667, 34.200485, 41.034149> 0.250000
	pigment { color rgbt <1,0,0,0> }
	no_shadow
}
cylinder {
	<29.551758, 33.904541, 41.036835>,  <29.713213, 33.726974, 41.038448>, 0.100000
	pigment { color rgbt <1,0,0,0> }
	no_shadow
}
cylinder {
	<29.551758, 33.904541, 41.036835>,  <29.282667, 34.200485, 41.034149>, 0.100000
	pigment { color rgbt <1,0,0,0> }
	no_shadow
}

// particle -1
sphere {
	<29.551758, 33.904541, 41.036835> 0.100000
	pigment { color rgbt <1,0,0,0> }
	no_shadow
}
sphere {
	0, 1
	scale<0.080000,0.200000,0.300000>
	matrix <0.216298, 0.187975, -0.958061,
