// switches for output
#declare DRAW_BASES = 1; // possible values are 0, 1; only relevant for DNA ribbons
#declare DRAW_BASES_TYPE = 3; // possible values are 1, 2, 3; only relevant for DNA ribbons
#declare DRAW_FOG = 0; // set to 1 to enable fog

#include "colors.inc"

#include "transforms.inc"
background { rgb <1, 1, 1>}

#default {
   normal{
       ripples 0.25
       frequency 0.20
       turbulence 0.2
       lambda 5
   }
	finish {
		phong 0.1
		phong_size 40.
	}
}

// original window dimensions: 1024x640


// camera settings

camera {
	sky <0, 0.179814, -0.983701>
	up <0, 0.179814, -0.983701>
	right 1.6 * <1, 0, 0>
	location <35, 94.9851, 44.8844>
	look_at <35, 29.7336, 32.9568>
	direction <0, -65.2515, -11.9276>
	angle 67.0682
}


# declare cpy_camera_pos = <35, 94.9851, 44.8844>;
# if (DRAW_FOG = 1)
fog {
	fog_type 2
	up vnormalize(cpy_camera_pos)
	color rgbt<1,1,1,0.3>
	distance 1e-5
	fog_alt 3e-3
	fog_offset 56
}
# end


// LIGHTS

# declare lum = 6;
global_settings {
	ambient_light rgb lum * <0.05, 0.05, 0.05>
	max_trace_level 15
}# declare cpy_direct_light_amount = 0.25;
light_source
{	1000 * <-1, -1.16352, -0.803886>,
	rgb lum * cpy_direct_light_amount
	parallel
}

light_source
{	1000 * <1, 1.16352, 0.803886>,
	rgb lum * cpy_direct_light_amount
	parallel
}

// strand 0

// nucleotide -1

// particle -1
sphere {
	<24.376495, 35.185093, 34.793621> 0.250000
	pigment { color rgbt <1,0,0,0> }
	no_shadow
}
cylinder {
	<24.529699, 34.940655, 35.070709>,  <24.621622, 34.793991, 35.236961>, 0.100000
	pigment { color rgbt <1,0,0,0> }
	no_shadow
}
cylinder {
	<24.529699, 34.940655, 35.070709>,  <24.376495, 35.185093, 34.793621>, 0.100000
	pigment { color rgbt <1,0,0,0> }
	no_shadow
}

// particle -1
sphere {
	<24.529699, 34.940655, 35.070709> 0.100000
	pigment { color rgbt <1,0,0,0> }
	no_shadow
}
sphere {
	0, 1
	scale<0.080000,0.200000,0.300000>
	matrix <0.920241, 0.187173, -0.343689,
		0.080367, 0.769109, 0.634044,
		0.383010, -0.611095, 0.692724,
		24.644602, 34.757328, 35.278526>
	pigment { color rgbt <0,1,1,0> }
	no_shadow
}
cylinder {
	<24.776438, 35.545723, 35.363777>,  <24.376495, 35.185093, 34.793621>, 0.130000
	pigment { color rgbt <1,0,0,0> }
	no_shadow
}

// nucleotide -1

// particle -1
sphere {
	<24.776438, 35.545723, 35.363777> 0.250000
	pigment { color rgbt <1,0,0,0> }
	no_shadow
}
cylinder {
	<24.873680, 35.190800, 35.207020>,  <24.932026, 34.977844, 35.112965>, 0.100000
	pigment { color rgbt <1,0,0,0> }
	no_shadow
}
cylinder {
	<24.873680, 35.190800, 35.207020>,  <24.776438, 35.545723, 35.363777>, 0.100000
	pigment { color rgbt <1,0,0,0> }
	no_shadow
}

// particle -1
sphere {
	<24.873680, 35.190800, 35.207020> 0.100000
	pigment { color rgbt <1,0,0,0> }
	no_shadow
}
sphere {
	0, 1
	scale<0.080000,0.200000,0.300000>
	matrix <0.660725, 0.447270, -0.602820,
		0.710170, -0.112383, 0.695002,
		0.243107, -0.887310, -0.391892,
		24.946611, 34.924606, 35.089451>
	pigment { color rgbt <0,1,1,0> }
	no_shadow
}
cylinder {
	<25.491920, 35.405323, 35.452709>,  <24.776438, 35.545723, 35.363777>, 0.130000
	pigment { color rgbt <1,0,0,0> }
	no_shadow
}

// nucleotide -1

// particle -1
sphere {
	<25.491920, 35.405323, 35.452709> 0.250000
	pigment { color rgbt <1,0,0,0> }
	no_shadow
}
cylinder {
	<25.358517, 35.205574, 35.132858>,  <25.278475, 35.085724, 34.940948>, 0.100000
	pigment { color rgbt <1,0,0,0> }
	no_shadow
}
cylinder {
	<25.358517, 35.205574, 35.132858>,  <25.491920, 35.405323, 35.452709>, 0.100000
	pigment { color rgbt <1,0,0,0> }
	no_shadow
}

// particle -1
sphere {
	<25.358517, 35.205574, 35.132858> 0.100000
	pigment { color rgbt <1,0,0,0> }
	no_shadow
}
sphere {
	0, 1
	scale<0.080000,0.200000,0.300000>
	matrix <0.584534, 0.555931, -0.590984,
		0.739656, -0.664506, 0.106490,
		-0.333511, -0.499372, -0.799624,
		25.258463, 35.055763, 34.892971>
	pigment { color rgbt <0,1,1,0> }
	no_shadow
}
cylinder {
	<26.130934, 35.271492, 34.983444>,  <25.491920, 35.405323, 35.452709>, 0.130000
	pigment { color rgbt <1,0,0,0> }
	no_shadow
}

// nucleotide -1

// particle -1
sphere {
	<26.130934, 35.271492, 34.983444> 0.250000
	pigment { color rgbt <1,0,0,0> }
	no_shadow
}
cylinder {
	<25.762537, 35.329334, 34.838745>,  <25.541498, 35.364040, 34.751926>, 0.100000
	pigment { color rgbt <1,0,0,0> }
	no_shadow
}
cylinder {
	<25.762537, 35.329334, 34.838745>,  <26.130934, 35.271492, 34.983444>, 0.100000
	pigment { color rgbt <1,0,0,0> }
	no_shadow
}

// particle -1
sphere {
	<25.762537, 35.329334, 34.838745> 0.100000
	pigment { color rgbt <1,0,0,0> }
	no_shadow
}
sphere {
	0, 1
	scale<0.080000,0.200000,0.300000>
	matrix <0.373142, 0.594303, -0.712438,
		0.111964, -0.791134, -0.601308,
		-0.920993, 0.144606, -0.361746,
		25.486238, 35.372715, 34.730221>
	pigment { color rgbt <0,1,1,0> }
	no_shadow
}
cylinder {
	<26.028240, 35.041092, 34.218464>,  <26.130934, 35.271492, 34.983444>, 0.130000
	pigment { color rgbt <1,0,0,0> }
	no_shadow
}

// nucleotide -1

// particle -1
sphere {
	<26.028240, 35.041092, 34.218464> 0.250000
	pigment { color rgbt <1,0,0,0> }
	no_shadow
}
cylinder {
	<25.791914, 35.343666, 34.330711>,  <25.650118, 35.525211, 34.398060>, 0.100000
	pigment { color rgbt <1,0,0,0> }
	no_shadow
}
cylinder {
	<25.791914, 35.343666, 34.330711>,  <26.028240, 35.041092, 34.218464>, 0.100000
	pigment { color rgbt <1,0,0,0> }
	no_shadow
}

// particle -1
sphere {
	<25.791914, 35.343666, 34.330711> 0.100000
	pigment { color rgbt <1,0,0,0> }
	no_shadow
}
sphere {
	0, 1
	scale<0.080000,0.200000,0.300000>
	matrix <0.470367, 0.605530, -0.641941,
		-0.655508, -0.247275, -0.713557,
		-0.590816, 0.756432, 0.280620,
		25.614670, 35.570595, 34.414898>
	pigment { color rgbt <0,1,1,0> }
	no_shadow
}
cylinder {
	<25.866274, 35.468658, 33.727547>,  <26.028240, 35.041092, 34.218464>, 0.130000
	pigment { color rgbt <1,0,0,0> }
	no_shadow
}

// nucleotide -1

// particle -1
sphere {
	<25.866274, 35.468658, 33.727547> 0.250000
	pigment { color rgbt <1,0,0,0> }
	no_shadow
}
cylinder {
	<25.799646, 35.718666, 34.032597>,  <25.759670, 35.868671, 34.215626>, 0.100000
	pigment { color rgbt <1,0,0,0> }
	no_shadow
}
cylinder {
	<25.799646, 35.718666, 34.032597>,  <25.866274, 35.468658, 33.727547>, 0.100000
	pigment { color rgbt <1,0,0,0> }
	no_shadow
}

// particle -1
sphere {
	<25.799646, 35.718666, 34.032597> 0.100000
	pigment { color rgbt <1,0,0,0> }
	no_shadow
}
sphere {
	0, 1
	scale<0.080000,0.200000,0.300000>
	matrix <0.351338, 0.760290, -0.546371,
		-0.921313, 0.176933, -0.346233,
		-0.166567, 0.625023, 0.762628,
		25.749676, 35.906174, 34.261383>
	pigment { color rgbt <0,1,1,0> }
	no_shadow
}
cylinder {
	<25.401291, 35.992836, 33.496174>,  <25.866274, 35.468658, 33.727547>, 0.130000
	pigment { color rgbt <1,0,0,0> }
	no_shadow
}

// nucleotide -1

// particle -1
sphere {
	<25.401291, 35.992836, 33.496174> 0.250000
	pigment { color rgbt <1,0,0,0> }
	no_shadow
}
cylinder {
	<25.672258, 36.082829, 33.776314>,  <25.834839, 36.136826, 33.944397>, 0.100000
	pigment { color rgbt <1,0,0,0> }
	no_shadow
}
cylinder {
	<25.672258, 36.082829, 33.776314>,  <25.401291, 35.992836, 33.496174>, 0.100000
	pigment { color rgbt <1,0,0,0> }
	no_shadow
}

// particle -1
sphere {
	<25.672258, 36.082829, 33.776314> 0.100000
	pigment { color rgbt <1,0,0,0> }
	no_shadow
}
sphere {
	0, 1
	scale<0.080000,0.200000,0.300000>
	matrix <0.296501, 0.787798, -0.539872,
		-0.673194, 0.573373, 0.466962,
		0.677419, 0.224984, 0.700347,
		25.875484, 36.150322, 33.986420>
	pigment { color rgbt <0,1,1,0> }
	no_shadow
}
cylinder {
	<25.276178, 36.688889, 33.717968>,  <25.401291, 35.992836, 33.496174>, 0.130000
	pigment { color rgbt <1,0,0,0> }
	no_shadow
}

// nucleotide -1

// particle -1
sphere {
	<25.276178, 36.688889, 33.717968> 0.250000
	pigment { color rgbt <1,0,0,0> }
	no_shadow
}
cylinder {
	<25.648443, 36.543087, 33.730610>,  <25.871803, 36.455605, 33.738194>, 0.100000
	pigment { color rgbt <1,0,0,0> }
	no_shadow
}
cylinder {
	<25.648443, 36.543087, 33.730610>,  <25.276178, 36.688889, 33.717968>, 0.100000
	pigment { color rgbt <1,0,0,0> }
	no_shadow
}

// particle -1
sphere {
	<25.648443, 36.543087, 33.730610> 0.100000
	pigment { color rgbt <1,0,0,0> }
	no_shadow
}
sphere {
	0, 1
	scale<0.080000,0.200000,0.300000>
	matrix <0.330536, 0.800595, -0.499794,
		0.156877, 0.475586, 0.865568,
		0.930664, -0.364508, 0.031603,
		25.927643, 36.433735, 33.740089>
	pigment { color rgbt <0,1,1,0> }
	no_shadow
}
cylinder {
	<25.710793, 37.204124, 33.775654>,  <25.276178, 36.688889, 33.717968>, 0.130000
	pigment { color rgbt <1,0,0,0> }
	no_shadow
}

// nucleotide -1

// particle -1
sphere {
	<25.710793, 37.204124, 33.775654> 0.250000
	pigment { color rgbt <1,0,0,0> }
	no_shadow
}
cylinder {
	<25.968380, 36.943878, 33.614655>,  <26.122932, 36.787731, 33.518055>, 0.100000
	pigment { color rgbt <1,0,0,0> }
	no_shadow
}
cylinder {
	<25.968380, 36.943878, 33.614655>,  <25.710793, 37.204124, 33.775654>, 0.100000
	pigment { color rgbt <1,0,0,0> }
	no_shadow
}

// particle -1
sphere {
	<25.968380, 36.943878, 33.614655> 0.100000
	pigment { color rgbt <1,0,0,0> }
	no_shadow
}
sphere {
	0, 1
	scale<0.080000,0.200000,0.300000>
	matrix <0.321133, 0.707393, -0.629658,
		0.694390, 0.276224, 0.664472,
		0.643969, -0.650612, -0.402502,
		26.161572, 36.748695, 33.493904>
	pigment { color rgbt <0,1,1,0> }
	no_shadow
}
cylinder {
	<26.409870, 37.589996, 33.669853>,  <25.710793, 37.204124, 33.775654>, 0.130000
	pigment { color rgbt <1,0,0,0> }
	no_shadow
}

// nucleotide -1

// particle -1
sphere {
	<26.409870, 37.589996, 33.669853> 0.250000
	pigment { color rgbt <1,0,0,0> }
	no_shadow
}
cylinder {
	<26.521679, 37.277023, 33.447262>,  <26.588764, 37.089241, 33.313705>, 0.100000
	pigment { color rgbt <1,0,0,0> }
	no_shadow
}
cylinder {
	<26.521679, 37.277023, 33.447262>,  <26.409870, 37.589996, 33.669853>, 0.100000
	pigment { color rgbt <1,0,0,0> }
	no_shadow
}

// particle -1
sphere {
	<26.521679, 37.277023, 33.447262> 0.100000
	pigment { color rgbt <1,0,0,0> }
	no_shadow
}
sphere {
	0, 1
	scale<0.080000,0.200000,0.300000>
	matrix <0.416575, 0.621017, -0.663930,
		0.865063, -0.046234, 0.499528,
		0.279520, -0.782432, -0.556479,
		26.605536, 37.042294, 33.280319>
	pigment { color rgbt <0,1,1,0> }
	no_shadow
}
cylinder {
	<27.050983, 37.676392, 33.569504>,  <26.409870, 37.589996, 33.669853>, 0.130000
	pigment { color rgbt <1,0,0,0> }
	no_shadow
}

// nucleotide -1

// particle -1
sphere {
	<27.050983, 37.676392, 33.569504> 0.250000
	pigment { color rgbt <1,0,0,0> }
	no_shadow
}
cylinder {
	<26.951881, 37.451885, 33.253632>,  <26.892420, 37.317181, 33.064106>, 0.100000
	pigment { color rgbt <1,0,0,0> }
	no_shadow
}
cylinder {
	<26.951881, 37.451885, 33.253632>,  <27.050983, 37.676392, 33.569504>, 0.100000
	pigment { color rgbt <1,0,0,0> }
	no_shadow
}

// particle -1
sphere {
	<26.951881, 37.451885, 33.253632> 0.100000
	pigment { color rgbt <1,0,0,0> }
	no_shadow
}
sphere {
	0, 1
	scale<0.080000,0.200000,0.300000>
	matrix <0.578314, 0.568274, -0.585336,
		0.777284, -0.601706, 0.183792,
		-0.247756, -0.561262, -0.789685,
		26.877554, 37.283508, 33.016727>
	pigment { color rgbt <0,1,1,0> }
	no_shadow
}
cylinder {
	<27.600969, 37.697224, 33.109718>,  <27.050983, 37.676392, 33.569504>, 0.130000
	pigment { color rgbt <1,0,0,0> }
	no_shadow
}

// nucleotide -1

// particle -1
sphere {
	<27.600969, 37.697224, 33.109718> 0.250000
	pigment { color rgbt <1,0,0,0> }
	no_shadow
}
cylinder {
	<27.302967, 37.572960, 32.873596>,  <27.124165, 37.498402, 32.731922>, 0.100000
	pigment { color rgbt <1,0,0,0> }
	no_shadow
}
cylinder {
	<27.302967, 37.572960, 32.873596>,  <27.600969, 37.697224, 33.109718>, 0.100000
	pigment { color rgbt <1,0,0,0> }
	no_shadow
}

// particle -1
sphere {
	<27.302967, 37.572960, 32.873596> 0.100000
	pigment { color rgbt <1,0,0,0> }
	no_shadow
}
sphere {
	0, 1
	scale<0.080000,0.200000,0.300000>
	matrix <0.418732, 0.471066, -0.776376,
		0.519260, -0.825583, -0.220864,
		-0.745005, -0.310659, -0.590304,
		27.079466, 37.479763, 32.696507>
	pigment { color rgbt <0,1,1,0> }
	no_shadow
}
cylinder {
	<27.980944, 37.659966, 32.435089>,  <27.600969, 37.697224, 33.109718>, 0.130000
	pigment { color rgbt <1,0,0,0> }
	no_shadow
}

// nucleotide -1

// particle -1
sphere {
	<27.980944, 37.659966, 32.435089> 0.250000
	pigment { color rgbt <1,0,0,0> }
	no_shadow
}
cylinder {
	<27.589905, 37.675465, 32.352329>,  <27.355282, 37.684765, 32.302673>, 0.100000
	pigment { color rgbt <1,0,0,0> }
	no_shadow
}
cylinder {
	<27.589905, 37.675465, 32.352329>,  <27.980944, 37.659966, 32.435089>, 0.100000
	pigment { color rgbt <1,0,0,0> }
	no_shadow
}

// particle -1
sphere {
	<27.589905, 37.675465, 32.352329> 0.100000
	pigment { color rgbt <1,0,0,0> }
	no_shadow
}
sphere {
	0, 1
	scale<0.080000,0.200000,0.300000>
	matrix <0.173624, 0.704124, -0.688523,
		0.119005, -0.709019, -0.695075,
		-0.977595, 0.038744, -0.206897,
		27.296627, 37.687088, 32.290260>
	pigment { color rgbt <0,1,1,0> }
	no_shadow
}
cylinder {
	<27.880526, 37.684013, 31.702782>,  <27.980944, 37.659966, 32.435089>, 0.130000
	pigment { color rgbt <1,0,0,0> }
	no_shadow
}

// nucleotide -1

// particle -1
sphere {
	<27.880526, 37.684013, 31.702782> 0.250000
	pigment { color rgbt <1,0,0,0> }
	no_shadow
}
cylinder {
	<27.528395, 37.827469, 31.826977>,  <27.317116, 37.913540, 31.901495>, 0.100000
	pigment { color rgbt <1,0,0,0> }
	no_shadow
}
cylinder {
	<27.528395, 37.827469, 31.826977>,  <27.880526, 37.684013, 31.702782>, 0.100000
	pigment { color rgbt <1,0,0,0> }
	no_shadow
}

// particle -1
sphere {
	<27.528395, 37.827469, 31.826977> 0.100000
	pigment { color rgbt <1,0,0,0> }
	no_shadow
}
sphere {
	0, 1
	scale<0.080000,0.200000,0.300000>
	matrix <0.080474, 0.757958, -0.647321,
		-0.467489, -0.544868, -0.696113,
		-0.880328, 0.358634, 0.310489,
		27.264296, 37.935059, 31.920124>
	pigment { color rgbt <0,1,1,0> }
	no_shadow
}
cylinder {
	<27.424391, 37.735886, 31.175253>,  <27.880526, 37.684013, 31.702782>, 0.130000
	pigment { color rgbt <1,0,0,0> }
	no_shadow
}

// nucleotide -1

// particle -1
sphere {
	<27.424391, 37.735886, 31.175253> 0.250000
	pigment { color rgbt <1,0,0,0> }
	no_shadow
}
cylinder {
	<27.315109, 38.001419, 31.453728>,  <27.249540, 38.160740, 31.620813>, 0.100000
	pigment { color rgbt <1,0,0,0> }
	no_shadow
}
cylinder {
	<27.315109, 38.001419, 31.453728>,  <27.424391, 37.735886, 31.175253>, 0.100000
	pigment { color rgbt <1,0,0,0> }
	no_shadow
}

// particle -1
sphere {
	<27.315109, 38.001419, 31.453728> 0.100000
	pigment { color rgbt <1,0,0,0> }
	no_shadow
}
sphere {
	0, 1
	scale<0.080000,0.200000,0.300000>
	matrix <0.041537, 0.731189, -0.680910,
		-0.961059, -0.157109, -0.227338,
		-0.273204, 0.663837, 0.696189,
		27.233149, 38.200569, 31.662584>
	pigment { color rgbt <0,1,1,0> }
	no_shadow
}
cylinder {
	<26.992935, 38.155228, 30.747461>,  <27.424391, 37.735886, 31.175253>, 0.130000
	pigment { color rgbt <1,0,0,0> }
	no_shadow
}

// nucleotide -1

// particle -1
sphere {
	<26.992935, 38.155228, 30.747461> 0.250000
	pigment { color rgbt <1,0,0,0> }
	no_shadow
}
cylinder {
	<27.053427, 38.367714, 31.080914>,  <27.089722, 38.495205, 31.280985>, 0.100000
	pigment { color rgbt <1,0,0,0> }
	no_shadow
}
cylinder {
	<27.053427, 38.367714, 31.080914>,  <26.992935, 38.155228, 30.747461>, 0.100000
	pigment { color rgbt <1,0,0,0> }
	no_shadow
}

// particle -1
sphere {
	<27.053427, 38.367714, 31.080914> 0.100000
	pigment { color rgbt <1,0,0,0> }
	no_shadow
}
sphere {
	0, 1
	scale<0.080000,0.200000,0.300000>
	matrix <-0.085090, 0.847195, -0.524423,
		-0.984830, 0.008375, 0.173322,
		0.151230, 0.531215, 0.833630,
		27.098795, 38.527077, 31.331003>
	pigment { color rgbt <0,1,1,0> }
	no_shadow
}
cylinder {
	<26.576611, 38.716343, 30.672676>,  <26.992935, 38.155228, 30.747461>, 0.130000
	pigment { color rgbt <1,0,0,0> }
	no_shadow
}

// nucleotide -1

// particle -1
sphere {
	<26.576611, 38.716343, 30.672676> 0.250000
	pigment { color rgbt <1,0,0,0> }
	no_shadow
}
cylinder {
	<26.823170, 38.842274, 30.961380>,  <26.971106, 38.917831, 31.134602>, 0.100000
	pigment { color rgbt <1,0,0,0> }
	no_shadow
}
cylinder {
	<26.823170, 38.842274, 30.961380>,  <26.576611, 38.716343, 30.672676>, 0.100000
	pigment { color rgbt <1,0,0,0> }
	no_shadow
}

// particle -1
sphere {
	<26.823170, 38.842274, 30.961380> 0.100000
	pigment { color rgbt <1,0,0,0> }
	no_shadow
}
sphere {
	0, 1
	scale<0.080000,0.200000,0.300000>
	matrix <-0.117677, 0.943132, -0.310893,
		-0.778594, 0.106699, 0.618391,
		0.616396, 0.314830, 0.721760,
		27.008089, 38.936722, 31.177908>
	pigment { color rgbt <0,1,1,0> }
	no_shadow
}
cylinder {
	<26.177961, 39.224892, 30.995306>,  <26.576611, 38.716343, 30.672676>, 0.130000
	pigment { color rgbt <1,0,0,0> }
	no_shadow
}

// nucleotide -1

// particle -1
sphere {
	<26.177961, 39.224892, 30.995306> 0.250000
	pigment { color rgbt <1,0,0,0> }
	no_shadow
}
cylinder {
	<26.568794, 39.284817, 31.055790>,  <26.803295, 39.320770, 31.092081>, 0.100000
	pigment { color rgbt <1,0,0,0> }
	no_shadow
}
cylinder {
	<26.568794, 39.284817, 31.055790>,  <26.177961, 39.224892, 30.995306>, 0.100000
	pigment { color rgbt <1,0,0,0> }
	no_shadow
}

// particle -1
sphere {
	<26.568794, 39.284817, 31.055790> 0.100000
	pigment { color rgbt <1,0,0,0> }
	no_shadow
}
sphere {
	0, 1
	scale<0.080000,0.200000,0.300000>
	matrix <-0.132866, 0.984251, -0.116608,
		-0.166297, 0.093845, 0.981600,
		0.977083, 0.149813, 0.151209,
		26.861919, 39.329762, 31.101152>
	pigment { color rgbt <0,1,1,0> }
	no_shadow
}
cylinder {
	<26.115635, 39.803288, 31.473091>,  <26.177961, 39.224892, 30.995306>, 0.130000
	pigment { color rgbt <1,0,0,0> }
	no_shadow
}

// nucleotide -1

// particle -1
sphere {
	<26.115635, 39.803288, 31.473091> 0.250000
	pigment { color rgbt <1,0,0,0> }
	no_shadow
}
cylinder {
	<26.499596, 39.809692, 31.361137>,  <26.729971, 39.813534, 31.293964>, 0.100000
	pigment { color rgbt <1,0,0,0> }
	no_shadow
}
cylinder {
	<26.499596, 39.809692, 31.361137>,  <26.115635, 39.803288, 31.473091>, 0.100000
	pigment { color rgbt <1,0,0,0> }
	no_shadow
}

// particle -1
sphere {
	<26.499596, 39.809692, 31.361137> 0.100000
	pigment { color rgbt <1,0,0,0> }
	no_shadow
}
sphere {
	0, 1
	scale<0.080000,0.200000,0.300000>
	matrix <-0.089839, 0.963286, -0.253000,
		0.265558, 0.267999, 0.926097,
		0.959900, 0.016013, -0.279885,
		26.787565, 39.814495, 31.277172>
	pigment { color rgbt <0,1,1,0> }
	no_shadow
}
cylinder {
	<26.453329, 40.412003, 31.807064>,  <26.115635, 39.803288, 31.473091>, 0.130000
	pigment { color rgbt <1,0,0,0> }
	no_shadow
}

// nucleotide -1

// particle -1
sphere {
	<26.453329, 40.412003, 31.807064> 0.250000
	pigment { color rgbt <1,0,0,0> }
	no_shadow
}
cylinder {
	<26.684109, 40.333935, 31.489817>,  <26.822577, 40.287094, 31.299469>, 0.100000
	pigment { color rgbt <1,0,0,0> }
	no_shadow
}
cylinder {
	<26.684109, 40.333935, 31.489817>,  <26.453329, 40.412003, 31.807064>, 0.100000
	pigment { color rgbt <1,0,0,0> }
	no_shadow
}

// particle -1
sphere {
	<26.684109, 40.333935, 31.489817> 0.100000
	pigment { color rgbt <1,0,0,0> }
	no_shadow
}
sphere {
	0, 1
	scale<0.080000,0.200000,0.300000>
	matrix <0.109856, 0.980751, -0.161431,
		0.809358, 0.006009, 0.587284,
		0.576950, -0.195172, -0.793119,
		26.857193, 40.275383, 31.251881>
	pigment { color rgbt <0,1,1,0> }
	no_shadow
}
cylinder {
	<26.991386, 40.803715, 31.913698>,  <26.453329, 40.412003, 31.807064>, 0.130000
	pigment { color rgbt <1,0,0,0> }
	no_shadow
}

// nucleotide -1

// particle -1
sphere {
	<26.991386, 40.803715, 31.913698> 0.250000
	pigment { color rgbt <1,0,0,0> }
	no_shadow
}
cylinder {
	<27.043970, 40.737072, 31.522810>,  <27.075520, 40.697086, 31.288277>, 0.100000
	pigment { color rgbt <1,0,0,0> }
	no_shadow
}
cylinder {
	<27.043970, 40.737072, 31.522810>,  <26.991386, 40.803715, 31.913698>, 0.100000
	pigment { color rgbt <1,0,0,0> }
	no_shadow
}

// particle -1
sphere {
	<27.043970, 40.737072, 31.522810> 0.100000
	pigment { color rgbt <1,0,0,0> }
	no_shadow
}
sphere {
	0, 1
	scale<0.080000,0.200000,0.300000>
	matrix <0.184778, 0.972618, -0.140966,
		0.973948, -0.162038, 0.158646,
		0.131460, -0.166608, -0.977221,
		27.083408, 40.687088, 31.229643>
	pigment { color rgbt <0,1,1,0> }
	no_shadow
}
cylinder {
	<27.580900, 41.202137, 31.565557>,  <26.991386, 40.803715, 31.913698>, 0.130000
	pigment { color rgbt <1,0,0,0> }
	no_shadow
}

// nucleotide -1

// particle -1
sphere {
	<27.580900, 41.202137, 31.565557> 0.250000
	pigment { color rgbt <1,0,0,0> }
	no_shadow
}
cylinder {
	<27.343237, 41.114540, 31.255972>,  <27.200638, 41.061981, 31.070221>, 0.100000
	pigment { color rgbt <1,0,0,0> }
	no_shadow
}
cylinder {
	<27.343237, 41.114540, 31.255972>,  <27.580900, 41.202137, 31.565557>, 0.100000
	pigment { color rgbt <1,0,0,0> }
	no_shadow
}

// particle -1
sphere {
	<27.343237, 41.114540, 31.255972> 0.100000
	pigment { color rgbt <1,0,0,0> }
	no_shadow
}
sphere {
	0, 1
	scale<0.080000,0.200000,0.300000>
	matrix <0.145420, 0.917122, -0.371135,
		0.791092, -0.333062, -0.513071,
		-0.594160, -0.218991, -0.773962,
		27.164989, 41.048843, 31.023783>
	pigment { color rgbt <0,1,1,0> }
	no_shadow
}
cylinder {
	<28.014341, 41.460884, 31.015821>,  <27.580900, 41.202137, 31.565557>, 0.130000
	pigment { color rgbt <1,0,0,0> }
	no_shadow
}

// nucleotide -1

// particle -1
sphere {
	<28.014341, 41.460884, 31.015821> 0.250000
	pigment { color rgbt <1,0,0,0> }
	no_shadow
}
cylinder {
	<27.631472, 41.459938, 30.900021>,  <27.401751, 41.459370, 30.830540>, 0.100000
	pigment { color rgbt <1,0,0,0> }
	no_shadow
}
cylinder {
	<27.631472, 41.459938, 30.900021>,  <28.014341, 41.460884, 31.015821>, 0.100000
	pigment { color rgbt <1,0,0,0> }
	no_shadow
}

// particle -1
sphere {
	<27.631472, 41.459938, 30.900021> 0.100000
	pigment { color rgbt <1,0,0,0> }
	no_shadow
}
sphere {
	0, 1
	scale<0.080000,0.200000,0.300000>
	matrix <0.117069, 0.911411, -0.394493,
		0.264789, -0.411491, -0.872102,
		-0.957173, -0.002362, -0.289504,
		27.344320, 41.459229, 30.813169>
	pigment { color rgbt <0,1,1,0> }
	no_shadow
}
cylinder {
	<28.045071, 41.829514, 30.400589>,  <28.014341, 41.460884, 31.015821>, 0.130000
	pigment { color rgbt <1,0,0,0> }
	no_shadow
}

// nucleotide -1

// particle -1
sphere {
	<28.045071, 41.829514, 30.400589> 0.250000
	pigment { color rgbt <1,0,0,0> }
	no_shadow
}
cylinder {
	<27.655083, 41.828697, 30.489523>,  <27.421091, 41.828209, 30.542883>, 0.100000
	pigment { color rgbt <1,0,0,0> }
	no_shadow
}
cylinder {
	<27.655083, 41.828697, 30.489523>,  <28.045071, 41.829514, 30.400589>, 0.100000
	pigment { color rgbt <1,0,0,0> }
	no_shadow
}

// particle -1
sphere {
	<27.655083, 41.828697, 30.489523> 0.100000
	pigment { color rgbt <1,0,0,0> }
	no_shadow
}
sphere {
	0, 1
	scale<0.080000,0.200000,0.300000>
	matrix <-0.048853, 0.977484, -0.205274,
		-0.216911, -0.210998, -0.953116,
		-0.974968, -0.002036, 0.222335,
		27.362593, 41.828087, 30.556223>
	pigment { color rgbt <0,1,1,0> }
	no_shadow
}
cylinder {
	<27.716309, 42.057056, 29.796665>,  <28.045071, 41.829514, 30.400589>, 0.130000
	pigment { color rgbt <1,0,0,0> }
	no_shadow
}

// nucleotide -1

// particle -1
sphere {
	<27.716309, 42.057056, 29.796665> 0.250000
	pigment { color rgbt <1,0,0,0> }
	no_shadow
}
cylinder {
	<27.494041, 42.143158, 30.117887>,  <27.360682, 42.194820, 30.310621>, 0.100000
	pigment { color rgbt <1,0,0,0> }
	no_shadow
}
cylinder {
	<27.494041, 42.143158, 30.117887>,  <27.716309, 42.057056, 29.796665>, 0.100000
	pigment { color rgbt <1,0,0,0> }
	no_shadow
}

// particle -1
sphere {
	<27.494041, 42.143158, 30.117887> 0.100000
	pigment { color rgbt <1,0,0,0> }
	no_shadow
}
sphere {
	0, 1
	scale<0.080000,0.200000,0.300000>
	matrix <0.134284, 0.976457, -0.168820,
		-0.820488, 0.014030, -0.571491,
		-0.555667, 0.215257, 0.803056,
		27.327341, 42.207733, 30.358805>
	pigment { color rgbt <0,1,1,0> }
	no_shadow
}
cylinder {
	<27.249817, 42.624729, 29.677040>,  <27.716309, 42.057056, 29.796665>, 0.130000
	pigment { color rgbt <1,0,0,0> }
	no_shadow
}

// nucleotide -1

// particle -1
sphere {
	<27.249817, 42.624729, 29.677040> 0.250000
	pigment { color rgbt <1,0,0,0> }
	no_shadow
}
cylinder {
	<27.310455, 42.602249, 30.071777>,  <27.346838, 42.588760, 30.308620>, 0.100000
	pigment { color rgbt <1,0,0,0> }
	no_shadow
}
cylinder {
	<27.310455, 42.602249, 30.071777>,  <27.249817, 42.624729, 29.677040>, 0.100000
	pigment { color rgbt <1,0,0,0> }
	no_shadow
}

// particle -1
sphere {
	<27.310455, 42.602249, 30.071777> 0.100000
	pigment { color rgbt <1,0,0,0> }
	no_shadow
}
sphere {
	0, 1
	scale<0.080000,0.200000,0.300000>
	matrix <0.055351, 0.997298, 0.048292,
		-0.986892, 0.047302, 0.154297,
		0.151596, -0.056199, 0.986844,
		27.355934, 42.585388, 30.367830>
	pigment { color rgbt <0,1,1,0> }
	no_shadow
}
cylinder {
	<27.807676, 43.162567, 29.280983>,  <27.249817, 42.624729, 29.677040>, 0.130000
	pigment { color rgbt <1,0,0,0> }
	no_shadow
}

// nucleotide -1

// particle -1
sphere {
	<27.807676, 43.162567, 29.280983> 0.250000
	pigment { color rgbt <1,0,0,0> }
	no_shadow
}
cylinder {
	<27.933294, 43.430370, 29.550243>,  <28.008665, 43.591053, 29.711800>, 0.100000
	pigment { color rgbt <1,0,0,0> }
	no_shadow
}
cylinder {
	<27.933294, 43.430370, 29.550243>,  <27.807676, 43.162567, 29.280983>, 0.100000
	pigment { color rgbt <1,0,0,0> }
	no_shadow
}

// particle -1
sphere {
	<27.933294, 43.430370, 29.550243> 0.100000
	pigment { color rgbt <1,0,0,0> }
	no_shadow
}
sphere {
	0, 1
	scale<0.080000,0.200000,0.300000>
	matrix <-0.810479, -0.180219, 0.557355,
		0.494470, -0.720609, 0.486027,
		0.314044, 0.669510, 0.673151,
		28.027508, 43.631222, 29.752190>
	pigment { color rgbt <0,1,1,0> }
	no_shadow
}
cylinder {
	<28.038490, 42.785755, 29.865528>,  <27.807676, 43.162567, 29.280983>, 0.130000
	pigment { color rgbt <1,0,0,0> }
	no_shadow
}

// nucleotide -1

// particle -1
sphere {
	<28.038490, 42.785755, 29.865528> 0.250000
	pigment { color rgbt <1,0,0,0> }
	no_shadow
}
cylinder {
	<27.884382, 43.142723, 29.959463>,  <27.791918, 43.356903, 30.015825>, 0.100000
	pigment { color rgbt <1,0,0,0> }
	no_shadow
}
cylinder {
	<27.884382, 43.142723, 29.959463>,  <28.038490, 42.785755, 29.865528>, 0.100000
	pigment { color rgbt <1,0,0,0> }
	no_shadow
}

// particle -1
sphere {
	<27.884382, 43.142723, 29.959463> 0.100000
	pigment { color rgbt <1,0,0,0> }
	no_shadow
}
sphere {
	0, 1
	scale<0.080000,0.200000,0.300000>
	matrix <-0.643326, -0.442194, 0.624978,
		0.661588, 0.089707, 0.744482,
		-0.385270, 0.892422, 0.234840,
		27.768801, 43.410450, 30.029915>
	pigment { color rgbt <0,1,1,0> }
	no_shadow
}
cylinder {
	<27.871206, 42.812065, 30.667473>,  <28.038490, 42.785755, 29.865528>, 0.130000
	pigment { color rgbt <1,0,0,0> }
	no_shadow
}

// nucleotide -1

// particle -1
sphere {
	<27.871206, 42.812065, 30.667473> 0.250000
	pigment { color rgbt <1,0,0,0> }
	no_shadow
}
cylinder {
	<27.599012, 43.016663, 30.457592>,  <27.435696, 43.139423, 30.331663>, 0.100000
	pigment { color rgbt <1,0,0,0> }
	no_shadow
}
cylinder {
	<27.599012, 43.016663, 30.457592>,  <27.871206, 42.812065, 30.667473>, 0.100000
	pigment { color rgbt <1,0,0,0> }
	no_shadow
}

// particle -1
sphere {
	<27.599012, 43.016663, 30.457592> 0.100000
	pigment { color rgbt <1,0,0,0> }
	no_shadow
}
sphere {
	0, 1
	scale<0.080000,0.200000,0.300000>
	matrix <-0.698537, -0.236531, 0.675352,
		0.221331, 0.826090, 0.518255,
		-0.680485, 0.511496, -0.524702,
		27.394867, 43.170113, 30.300182>
	pigment { color rgbt <0,1,1,0> }
	no_shadow
}
cylinder {
	<27.527893, 43.218166, 31.046955>,  <27.871206, 42.812065, 30.667473>, 0.130000
	pigment { color rgbt <1,0,0,0> }
	no_shadow
}

// nucleotide -1

// particle -1
sphere {
	<27.527893, 43.218166, 31.046955> 0.250000
	pigment { color rgbt <1,0,0,0> }
	no_shadow
}
cylinder {
	<27.260132, 43.144089, 30.759178>,  <27.099474, 43.099640, 30.586512>, 0.100000
	pigment { color rgbt <1,0,0,0> }
	no_shadow
}
cylinder {
	<27.260132, 43.144089, 30.759178>,  <27.527893, 43.218166, 31.046955>, 0.100000
	pigment { color rgbt <1,0,0,0> }
	no_shadow
}

// particle -1
sphere {
	<27.260132, 43.144089, 30.759178> 0.100000
	pigment { color rgbt <1,0,0,0> }
	no_shadow
}
sphere {
	0, 1
	scale<0.080000,0.200000,0.300000>
	matrix <-0.655706, -0.307932, 0.689367,
		-0.349209, 0.933209, 0.084696,
		-0.669404, -0.185198, -0.719444,
		27.059311, 43.088528, 30.543344>
	pigment { color rgbt <0,1,1,0> }
	no_shadow
}
cylinder {
	<26.948557, 43.698303, 31.005533>,  <27.527893, 43.218166, 31.046955>, 0.130000
	pigment { color rgbt <1,0,0,0> }
	no_shadow
}

// nucleotide -1

// particle -1
sphere {
	<26.948557, 43.698303, 31.005533> 0.250000
	pigment { color rgbt <1,0,0,0> }
	no_shadow
}
cylinder {
	<26.849785, 43.318005, 30.930576>,  <26.790522, 43.089825, 30.885603>, 0.100000
	pigment { color rgbt <1,0,0,0> }
	no_shadow
}
cylinder {
	<26.849785, 43.318005, 30.930576>,  <26.948557, 43.698303, 31.005533>, 0.100000
	pigment { color rgbt <1,0,0,0> }
	no_shadow
}

// particle -1
sphere {
	<26.849785, 43.318005, 30.930576> 0.100000
	pigment { color rgbt <1,0,0,0> }
	no_shadow
}
sphere {
	0, 1
	scale<0.080000,0.200000,0.300000>
	matrix <-0.547432, -0.022702, 0.836542,
		-0.799589, 0.309152, -0.514861,
		-0.246930, -0.950742, -0.187392,
		26.775705, 43.032784, 30.874359>
	pigment { color rgbt <0,1,1,0> }
	no_shadow
}
cylinder {
	<27.527008, 44.102760, 31.072542>,  <26.948557, 43.698303, 31.005533>, 0.130000
	pigment { color rgbt <1,0,0,0> }
	no_shadow
}

// nucleotide -1

// particle -1
sphere {
	<27.527008, 44.102760, 31.072542> 0.250000
	pigment { color rgbt <1,0,0,0> }
	no_shadow
}
cylinder {
	<27.660042, 44.386806, 31.320772>,  <27.739862, 44.557236, 31.469711>, 0.100000
	pigment { color rgbt <1,0,0,0> }
	no_shadow
}
cylinder {
	<27.660042, 44.386806, 31.320772>,  <27.527008, 44.102760, 31.072542>, 0.100000
	pigment { color rgbt <1,0,0,0> }
	no_shadow
}

// particle -1
sphere {
	<27.660042, 44.386806, 31.320772> 0.100000
	pigment { color rgbt <1,0,0,0> }
	no_shadow
}
sphere {
	0, 1
	scale<0.080000,0.200000,0.300000>
	matrix <0.901360, -0.432897, 0.012292,
		0.277375, 0.555275, -0.784049,
		0.332587, 0.710120, 0.620577,
		27.759817, 44.599842, 31.506945>
	pigment { color rgbt <0,1,1,0> }
	no_shadow
}
cylinder {
	<27.971565, 44.577484, 30.764862>,  <27.527008, 44.102760, 31.072542>, 0.130000
	pigment { color rgbt <1,0,0,0> }
	no_shadow
}

// nucleotide -1

// particle -1
sphere {
	<27.971565, 44.577484, 30.764862> 0.250000
	pigment { color rgbt <1,0,0,0> }
	no_shadow
}
cylinder {
	<28.032255, 44.506851, 31.153872>,  <28.068670, 44.464470, 31.387278>, 0.100000
	pigment { color rgbt <1,0,0,0> }
	no_shadow
}
cylinder {
	<28.032255, 44.506851, 31.153872>,  <27.971565, 44.577484, 30.764862>, 0.100000
	pigment { color rgbt <1,0,0,0> }
	no_shadow
}

// particle -1
sphere {
	<28.032255, 44.506851, 31.153872> 0.100000
	pigment { color rgbt <1,0,0,0> }
	no_shadow
}
sphere {
	0, 1
	scale<0.080000,0.200000,0.300000>
	matrix <0.838297, -0.498298, -0.221263,
		0.523676, 0.848833, 0.072423,
		0.151727, -0.176582, 0.972521,
		28.077774, 44.453876, 31.445627>
	pigment { color rgbt <0,1,1,0> }
	no_shadow
}
cylinder {
	<28.480026, 44.070595, 30.985367>,  <27.971565, 44.577484, 30.764862>, 0.130000
	pigment { color rgbt <1,0,0,0> }
	no_shadow
}

// nucleotide -1

// particle -1
sphere {
	<28.480026, 44.070595, 30.985367> 0.250000
	pigment { color rgbt <1,0,0,0> }
	no_shadow
}
cylinder {
	<28.287500, 43.765469, 30.812649>,  <28.171986, 43.582394, 30.709017>, 0.100000
	pigment { color rgbt <1,0,0,0> }
	no_shadow
}
cylinder {
	<28.287500, 43.765469, 30.812649>,  <28.480026, 44.070595, 30.985367>, 0.100000
	pigment { color rgbt <1,0,0,0> }
	no_shadow
}

// particle -1
sphere {
	<28.287500, 43.765469, 30.812649> 0.100000
	pigment { color rgbt <1,0,0,0> }
	no_shadow
}
sphere {
	0, 1
	scale<0.080000,0.200000,0.300000>
	matrix <0.863371, -0.497661, -0.083206,
		-0.151417, -0.412850, 0.898125,
		-0.481313, -0.762816, -0.431797,
		28.143106, 43.536625, 30.683109>
	pigment { color rgbt <0,1,1,0> }
	no_shadow
}
cylinder {
	<28.664608, 43.524746, 31.384605>,  <28.480026, 44.070595, 30.985367>, 0.130000
	pigment { color rgbt <1,0,0,0> }
	no_shadow
}

// nucleotide -1

// particle -1
sphere {
	<28.664608, 43.524746, 31.384605> 0.250000
	pigment { color rgbt <1,0,0,0> }
	no_shadow
}
cylinder {
	<28.544209, 43.409695, 31.020920>,  <28.471970, 43.340664, 30.802708>, 0.100000
	pigment { color rgbt <1,0,0,0> }
	no_shadow
}
cylinder {
	<28.544209, 43.409695, 31.020920>,  <28.664608, 43.524746, 31.384605>, 0.100000
	pigment { color rgbt <1,0,0,0> }
	no_shadow
}

// particle -1
sphere {
	<28.544209, 43.409695, 31.020920> 0.100000
	pigment { color rgbt <1,0,0,0> }
	no_shadow
}
sphere {
	0, 1
	scale<0.080000,0.200000,0.300000>
	matrix <0.830364, -0.547886, -0.101569,
		-0.468931, -0.785550, 0.403750,
		-0.300997, -0.287631, -0.909214,
		28.453909, 43.323406, 30.748156>
	pigment { color rgbt <0,1,1,0> }
	no_shadow
}
cylinder {
	<28.134951, 43.944546, 31.951244>,  <28.664608, 43.524746, 31.384605>, 0.130000
	pigment { color rgbt <1,0,0,0> }
	no_shadow
}

// nucleotide -1

// particle -1
sphere {
	<28.134951, 43.944546, 31.951244> 0.250000
	pigment { color rgbt <1,0,0,0> }
	no_shadow
}
cylinder {
	<28.005455, 44.041252, 32.317139>,  <27.927757, 44.099277, 32.536674>, 0.100000
	pigment { color rgbt <1,0,0,0> }
	no_shadow
}
cylinder {
	<28.005455, 44.041252, 32.317139>,  <28.134951, 43.944546, 31.951244>, 0.100000
	pigment { color rgbt <1,0,0,0> }
	no_shadow
}

// particle -1
sphere {
	<28.005455, 44.041252, 32.317139> 0.100000
	pigment { color rgbt <1,0,0,0> }
	no_shadow
}
sphere {
	0, 1
	scale<0.080000,0.200000,0.300000>
	matrix <0.235716, -0.915708, 0.325449,
		0.916313, 0.320979, 0.239464,
		-0.323741, 0.241768, 0.914735,
		27.908333, 44.113781, 32.591560>
	pigment { color rgbt <0,1,1,0> }
	no_shadow
}
cylinder {
	<28.670101, 43.816360, 32.514385>,  <28.134951, 43.944546, 31.951244>, 0.130000
	pigment { color rgbt <1,0,0,0> }
	no_shadow
}

// nucleotide -1

// particle -1
sphere {
	<28.670101, 43.816360, 32.514385> 0.250000
	pigment { color rgbt <1,0,0,0> }
	no_shadow
}
cylinder {
	<28.301252, 43.784496, 32.665829>,  <28.079943, 43.765377, 32.756695>, 0.100000
	pigment { color rgbt <1,0,0,0> }
	no_shadow
}
cylinder {
	<28.301252, 43.784496, 32.665829>,  <28.670101, 43.816360, 32.514385>, 0.100000
	pigment { color rgbt <1,0,0,0> }
	no_shadow
}

// particle -1
sphere {
	<28.301252, 43.784496, 32.665829> 0.100000
	pigment { color rgbt <1,0,0,0> }
	no_shadow
}
sphere {
	0, 1
	scale<0.080000,0.200000,0.300000>
	matrix <0.256823, -0.857906, 0.445016,
		0.289360, 0.507594, 0.811553,
		-0.922124, -0.079656, 0.378606,
		28.024614, 43.760601, 32.779411>
	pigment { color rgbt <0,1,1,0> }
	no_shadow
}
cylinder {
	<28.743168, 43.459770, 33.165573>,  <28.670101, 43.816360, 32.514385>, 0.130000
	pigment { color rgbt <1,0,0,0> }
	no_shadow
}

// nucleotide -1

// particle -1
sphere {
	<28.743168, 43.459770, 33.165573> 0.250000
	pigment { color rgbt <1,0,0,0> }
	no_shadow
}
cylinder {
	<28.356005, 43.409000, 33.078815>,  <28.123707, 43.378540, 33.026760>, 0.100000
	pigment { color rgbt <1,0,0,0> }
	no_shadow
}
cylinder {
	<28.356005, 43.409000, 33.078815>,  <28.743168, 43.459770, 33.165573>, 0.100000
	pigment { color rgbt <1,0,0,0> }
	no_shadow
}

// particle -1
sphere {
	<28.356005, 43.409000, 33.078815> 0.100000
	pigment { color rgbt <1,0,0,0> }
	no_shadow
}
sphere {
	0, 1
	scale<0.080000,0.200000,0.300000>
	matrix <-0.001534, -0.860080, 0.510157,
		-0.251293, 0.494119, 0.832285,
		-0.967910, -0.126922, -0.216890,
		28.065632, 43.370922, 33.013748>
	pigment { color rgbt <0,1,1,0> }
	no_shadow
}
cylinder {
	<28.375999, 43.325916, 33.818817>,  <28.743168, 43.459770, 33.165573>, 0.130000
	pigment { color rgbt <1,0,0,0> }
	no_shadow
}

// nucleotide -1

// particle -1
sphere {
	<28.375999, 43.325916, 33.818817> 0.250000
	pigment { color rgbt <1,0,0,0> }
	no_shadow
}
cylinder {
	<28.170233, 43.173954, 33.511299>,  <28.046774, 43.082779, 33.326786>, 0.100000
	pigment { color rgbt <1,0,0,0> }
	no_shadow
}
cylinder {
	<28.170233, 43.173954, 33.511299>,  <28.375999, 43.325916, 33.818817>, 0.100000
	pigment { color rgbt <1,0,0,0> }
	no_shadow
}

// particle -1
sphere {
	<28.170233, 43.173954, 33.511299> 0.100000
	pigment { color rgbt <1,0,0,0> }
	no_shadow
}
sphere {
	0, 1
	scale<0.080000,0.200000,0.300000>
	matrix <-0.036010, -0.886155, 0.461987,
		-0.856785, 0.265337, 0.442171,
		-0.514415, -0.379902, -0.768799,
		28.015909, 43.059982, 33.280659>
	pigment { color rgbt <0,1,1,0> }
	no_shadow
}
cylinder {
	<27.829279, 42.998222, 34.202454>,  <28.375999, 43.325916, 33.818817>, 0.130000
	pigment { color rgbt <1,0,0,0> }
	no_shadow
}

// nucleotide -1

// particle -1
sphere {
	<27.829279, 42.998222, 34.202454> 0.250000
	pigment { color rgbt <1,0,0,0> }
	no_shadow
}
cylinder {
	<27.872274, 42.826843, 33.843594>,  <27.898071, 42.724014, 33.628277>, 0.100000
	pigment { color rgbt <1,0,0,0> }
	no_shadow
}
cylinder {
	<27.872274, 42.826843, 33.843594>,  <27.829279, 42.998222, 34.202454>, 0.100000
	pigment { color rgbt <1,0,0,0> }
	no_shadow
}

// particle -1
sphere {
	<27.872274, 42.826843, 33.843594> 0.100000
	pigment { color rgbt <1,0,0,0> }
	no_shadow
}
sphere {
	0, 1
	scale<0.080000,0.200000,0.300000>
	matrix <-0.069344, -0.903411, 0.423132,
		-0.991785, 0.016731, -0.126816,
		0.107487, -0.428450, -0.897150,
		27.904520, 42.698307, 33.574448>
	pigment { color rgbt <0,1,1,0> }
	no_shadow
}
cylinder {
	<27.394297, 42.496159, 34.287422>,  <27.829279, 42.998222, 34.202454>, 0.130000
	pigment { color rgbt <1,0,0,0> }
	no_shadow
}

// nucleotide -1

// particle -1
sphere {
	<27.394297, 42.496159, 34.287422> 0.250000
	pigment { color rgbt <1,0,0,0> }
	no_shadow
}
cylinder {
	<27.608934, 42.401836, 33.963333>,  <27.737717, 42.345242, 33.768879>, 0.100000
	pigment { color rgbt <1,0,0,0> }
	no_shadow
}
cylinder {
	<27.608934, 42.401836, 33.963333>,  <27.394297, 42.496159, 34.287422>, 0.100000
	pigment { color rgbt <1,0,0,0> }
	no_shadow
}

// particle -1
sphere {
	<27.608934, 42.401836, 33.963333> 0.100000
	pigment { color rgbt <1,0,0,0> }
	no_shadow
}
sphere {
	0, 1
	scale<0.080000,0.200000,0.300000>
	matrix <0.182194, -0.905138, 0.384097,
		-0.823937, -0.353722, -0.442729,
		0.536594, -0.235809, -0.810223,
		27.769913, 42.331093, 33.720264>
	pigment { color rgbt <0,1,1,0> }
	no_shadow
}
cylinder {
	<27.198381, 41.852348, 34.151836>,  <27.394297, 42.496159, 34.287422>, 0.130000
	pigment { color rgbt <1,0,0,0> }
	no_shadow
}

// nucleotide -1

// particle -1
sphere {
	<27.198381, 41.852348, 34.151836> 0.250000
	pigment { color rgbt <1,0,0,0> }
	no_shadow
}
cylinder {
	<27.527023, 41.891033, 33.927120>,  <27.724209, 41.914246, 33.792290>, 0.100000
	pigment { color rgbt <1,0,0,0> }
	no_shadow
}
cylinder {
	<27.527023, 41.891033, 33.927120>,  <27.198381, 41.852348, 34.151836>, 0.100000
	pigment { color rgbt <1,0,0,0> }
	no_shadow
}

// particle -1
sphere {
	<27.527023, 41.891033, 33.927120> 0.100000
	pigment { color rgbt <1,0,0,0> }
	no_shadow
}
sphere {
	0, 1
	scale<0.080000,0.200000,0.300000>
	matrix <0.305998, -0.906310, 0.291491,
		-0.480968, -0.411398, -0.774223,
		0.821605, 0.096713, -0.561794,
		27.773504, 41.920048, 33.758583>
	pigment { color rgbt <0,1,1,0> }
	no_shadow
}
cylinder {
	<27.224272, 41.335213, 33.709431>,  <27.198381, 41.852348, 34.151836>, 0.130000
	pigment { color rgbt <1,0,0,0> }
	no_shadow
}

// nucleotide -1

// particle -1
sphere {
	<27.224272, 41.335213, 33.709431> 0.250000
	pigment { color rgbt <1,0,0,0> }
	no_shadow
}
cylinder {
	<27.604910, 41.457600, 33.697777>,  <27.833292, 41.531033, 33.690784>, 0.100000
	pigment { color rgbt <1,0,0,0> }
	no_shadow
}
cylinder {
	<27.604910, 41.457600, 33.697777>,  <27.224272, 41.335213, 33.709431>, 0.100000
	pigment { color rgbt <1,0,0,0> }
	no_shadow
}

// particle -1
sphere {
	<27.604910, 41.457600, 33.697777> 0.100000
	pigment { color rgbt <1,0,0,0> }
	no_shadow
}
sphere {
	0, 1
	scale<0.080000,0.200000,0.300000>
	matrix <0.301630, -0.947876, -0.102714,
