// switches for output
#declare DRAW_BASES = 1; // possible values are 0, 1; only relevant for DNA ribbons
#declare DRAW_BASES_TYPE = 3; // possible values are 1, 2, 3; only relevant for DNA ribbons
#declare DRAW_FOG = 0; // set to 1 to enable fog

#include "colors.inc"

#include "transforms.inc"
background { rgb <1, 1, 1>}

#default {
   normal{
       ripples 0.25
       frequency 0.20
       turbulence 0.2
       lambda 5
   }
	finish {
		phong 0.1
		phong_size 40.
	}
}

// original window dimensions: 1024x640


// camera settings

camera {
	sky <0, 0.179814, -0.983701>
	up <0, 0.179814, -0.983701>
	right 1.6 * <1, 0, 0>
	location <35, 94.9851, 44.8844>
	look_at <35, 29.7336, 32.9568>
	direction <0, -65.2515, -11.9276>
	angle 67.0682
}


# declare cpy_camera_pos = <35, 94.9851, 44.8844>;
# if (DRAW_FOG = 1)
fog {
	fog_type 2
	up vnormalize(cpy_camera_pos)
	color rgbt<1,1,1,0.3>
	distance 1e-5
	fog_alt 3e-3
	fog_offset 56
}
# end


// LIGHTS

# declare lum = 6;
global_settings {
	ambient_light rgb lum * <0.05, 0.05, 0.05>
	max_trace_level 15
}# declare cpy_direct_light_amount = 0.25;
light_source
{	1000 * <-1, -1.16352, -0.803886>,
	rgb lum * cpy_direct_light_amount
	parallel
}

light_source
{	1000 * <1, 1.16352, 0.803886>,
	rgb lum * cpy_direct_light_amount
	parallel
}

// strand 0

// nucleotide -1

// particle -1
sphere {
	<24.876238, 34.978874, 35.119267> 0.250000
	pigment { color rgbt <1,0,0,0> }
	no_shadow
}
cylinder {
	<24.576130, 35.042072, 34.862476>,  <24.396065, 35.079990, 34.708401>, 0.100000
	pigment { color rgbt <1,0,0,0> }
	no_shadow
}
cylinder {
	<24.576130, 35.042072, 34.862476>,  <24.876238, 34.978874, 35.119267>, 0.100000
	pigment { color rgbt <1,0,0,0> }
	no_shadow
}

// particle -1
sphere {
	<24.576130, 35.042072, 34.862476> 0.100000
	pigment { color rgbt <1,0,0,0> }
	no_shadow
}
sphere {
	0, 1
	scale<0.080000,0.200000,0.300000>
	matrix <0.622947, -0.156288, -0.766493,
		-0.221432, -0.974994, 0.018838,
		-0.750270, 0.157991, -0.641977,
		24.351049, 35.089470, 34.669884>
	pigment { color rgbt <0,1,1,0> }
	no_shadow
}
cylinder {
	<24.863815, 34.342316, 34.764286>,  <24.876238, 34.978874, 35.119267>, 0.130000
	pigment { color rgbt <1,0,0,0> }
	no_shadow
}

// nucleotide -1

// particle -1
sphere {
	<24.863815, 34.342316, 34.764286> 0.250000
	pigment { color rgbt <1,0,0,0> }
	no_shadow
}
cylinder {
	<24.735874, 34.682529, 34.597301>,  <24.659109, 34.886658, 34.497108>, 0.100000
	pigment { color rgbt <1,0,0,0> }
	no_shadow
}
cylinder {
	<24.735874, 34.682529, 34.597301>,  <24.863815, 34.342316, 34.764286>, 0.100000
	pigment { color rgbt <1,0,0,0> }
	no_shadow
}

// particle -1
sphere {
	<24.735874, 34.682529, 34.597301> 0.100000
	pigment { color rgbt <1,0,0,0> }
	no_shadow
}
sphere {
	0, 1
	scale<0.080000,0.200000,0.300000>
	matrix <0.681858, -0.099289, -0.724715,
		-0.657848, -0.516454, -0.548189,
		-0.319853, 0.850539, -0.417465,
		24.639917, 34.937691, 34.472061>
	pigment { color rgbt <0,1,1,0> }
	no_shadow
}
cylinder {
	<25.025694, 34.187546, 34.135731>,  <24.863815, 34.342316, 34.764286>, 0.130000
	pigment { color rgbt <1,0,0,0> }
	no_shadow
}

// nucleotide -1

// particle -1
sphere {
	<25.025694, 34.187546, 34.135731> 0.250000
	pigment { color rgbt <1,0,0,0> }
	no_shadow
}
cylinder {
	<24.996368, 34.586304, 34.147190>,  <24.978773, 34.825558, 34.154064>, 0.100000
	pigment { color rgbt <1,0,0,0> }
	no_shadow
}
cylinder {
	<24.996368, 34.586304, 34.147190>,  <25.025694, 34.187546, 34.135731>, 0.100000
	pigment { color rgbt <1,0,0,0> }
	no_shadow
}

// particle -1
sphere {
	<24.996368, 34.586304, 34.147190> 0.100000
	pigment { color rgbt <1,0,0,0> }
	no_shadow
}
sphere {
	0, 1
	scale<0.080000,0.200000,0.300000>
	matrix <0.703401, 0.072050, -0.707131,
		-0.707001, -0.031694, -0.706501,
		-0.073315, 0.996897, 0.028646,
		24.974375, 34.885372, 34.155785>
	pigment { color rgbt <0,1,1,0> }
	no_shadow
}
cylinder {
	<24.757408, 34.733326, 33.576126>,  <25.025694, 34.187546, 34.135731>, 0.130000
	pigment { color rgbt <1,0,0,0> }
	no_shadow
}

// nucleotide -1

// particle -1
sphere {
	<24.757408, 34.733326, 33.576126> 0.250000
	pigment { color rgbt <1,0,0,0> }
	no_shadow
}
cylinder {
	<25.062962, 34.813812, 33.821400>,  <25.246294, 34.862103, 33.968563>, 0.100000
	pigment { color rgbt <1,0,0,0> }
	no_shadow
}
cylinder {
	<25.062962, 34.813812, 33.821400>,  <24.757408, 34.733326, 33.576126>, 0.100000
	pigment { color rgbt <1,0,0,0> }
	no_shadow
}

// particle -1
sphere {
	<25.062962, 34.813812, 33.821400> 0.100000
	pigment { color rgbt <1,0,0,0> }
	no_shadow
}
sphere {
	0, 1
	scale<0.080000,0.200000,0.300000>
	matrix <0.630380, -0.436137, -0.642188,
		0.138215, 0.877096, -0.459999,
		0.763883, 0.201215, 0.613185,
		25.292126, 34.874176, 34.005356>
	pigment { color rgbt <0,1,1,0> }
	no_shadow
}
cylinder {
	<25.422176, 35.121246, 33.312119>,  <24.757408, 34.733326, 33.576126>, 0.130000
	pigment { color rgbt <1,0,0,0> }
	no_shadow
}

// nucleotide -1

// particle -1
sphere {
	<25.422176, 35.121246, 33.312119> 0.250000
	pigment { color rgbt <1,0,0,0> }
	no_shadow
}
cylinder {
	<25.579315, 34.918694, 33.619167>,  <25.673599, 34.797161, 33.803398>, 0.100000
	pigment { color rgbt <1,0,0,0> }
	no_shadow
}
cylinder {
	<25.579315, 34.918694, 33.619167>,  <25.422176, 35.121246, 33.312119>, 0.100000
	pigment { color rgbt <1,0,0,0> }
	no_shadow
}

// particle -1
sphere {
	<25.579315, 34.918694, 33.619167> 0.100000
	pigment { color rgbt <1,0,0,0> }
	no_shadow
}
sphere {
	0, 1
	scale<0.080000,0.200000,0.300000>
	matrix <0.830054, -0.164041, -0.533011,
		0.395830, 0.846561, 0.355883,
		0.392848, -0.506384, 0.767624,
		25.697170, 34.766777, 33.849453>
	pigment { color rgbt <0,1,1,0> }
	no_shadow
}
cylinder {
	<26.084728, 35.302727, 33.326153>,  <25.422176, 35.121246, 33.312119>, 0.130000
	pigment { color rgbt <1,0,0,0> }
	no_shadow
}

// nucleotide -1

// particle -1
sphere {
	<26.084728, 35.302727, 33.326153> 0.250000
	pigment { color rgbt <1,0,0,0> }
	no_shadow
}
cylinder {
	<26.068550, 34.970364, 33.548130>,  <26.058844, 34.770947, 33.681316>, 0.100000
	pigment { color rgbt <1,0,0,0> }
	no_shadow
}
cylinder {
	<26.068550, 34.970364, 33.548130>,  <26.084728, 35.302727, 33.326153>, 0.100000
	pigment { color rgbt <1,0,0,0> }
	no_shadow
}

// particle -1
sphere {
	<26.068550, 34.970364, 33.548130> 0.100000
	pigment { color rgbt <1,0,0,0> }
	no_shadow
}
sphere {
	0, 1
	scale<0.080000,0.200000,0.300000>
	matrix <0.895216, -0.276818, -0.349227,
		0.443793, 0.482671, 0.755034,
		-0.040445, -0.830903, 0.554945,
		26.056416, 34.721092, 33.714615>
	pigment { color rgbt <0,1,1,0> }
	no_shadow
}
cylinder {
	<26.764666, 35.153545, 33.343384>,  <26.084728, 35.302727, 33.326153>, 0.130000
	pigment { color rgbt <1,0,0,0> }
	no_shadow
}

// nucleotide -1

// particle -1
sphere {
	<26.764666, 35.153545, 33.343384> 0.250000
	pigment { color rgbt <1,0,0,0> }
	no_shadow
}
cylinder {
	<26.631479, 34.824112, 33.527058>,  <26.551567, 34.626453, 33.637260>, 0.100000
	pigment { color rgbt <1,0,0,0> }
	no_shadow
}
cylinder {
	<26.631479, 34.824112, 33.527058>,  <26.764666, 35.153545, 33.343384>, 0.100000
	pigment { color rgbt <1,0,0,0> }
	no_shadow
}

// particle -1
sphere {
	<26.631479, 34.824112, 33.527058> 0.100000
	pigment { color rgbt <1,0,0,0> }
	no_shadow
}
sphere {
	0, 1
	scale<0.080000,0.200000,0.300000>
	matrix <0.891370, -0.433748, -0.131610,
		0.307561, 0.365480, 0.878539,
		-0.332964, -0.823582, 0.459182,
		26.531590, 34.577038, 33.664814>
	pigment { color rgbt <0,1,1,0> }
	no_shadow
}
cylinder {
	<27.407755, 35.588551, 33.343231>,  <26.764666, 35.153545, 33.343384>, 0.130000
	pigment { color rgbt <1,0,0,0> }
	no_shadow
}

// nucleotide -1

// particle -1
sphere {
	<27.407755, 35.588551, 33.343231> 0.250000
	pigment { color rgbt <1,0,0,0> }
	no_shadow
}
cylinder {
	<27.662720, 35.656738, 33.042660>,  <27.815699, 35.697651, 32.862316>, 0.100000
	pigment { color rgbt <1,0,0,0> }
	no_shadow
}
cylinder {
	<27.662720, 35.656738, 33.042660>,  <27.407755, 35.588551, 33.343231>, 0.100000
	pigment { color rgbt <1,0,0,0> }
	no_shadow
}

// particle -1
sphere {
	<27.662720, 35.656738, 33.042660> 0.100000
	pigment { color rgbt <1,0,0,0> }
	no_shadow
}
sphere {
	0, 1
	scale<0.080000,0.200000,0.300000>
	matrix <-0.357346, 0.929403, -0.092276,
		0.682650, 0.327338, 0.653329,
		0.637411, 0.170473, -0.751430,
		27.853943, 35.707878, 32.817230>
	pigment { color rgbt <0,1,1,0> }
	no_shadow
}
cylinder {
	<27.819815, 36.163036, 33.546833>,  <27.407755, 35.588551, 33.343231>, 0.130000
	pigment { color rgbt <1,0,0,0> }
	no_shadow
}

// nucleotide -1

// particle -1
sphere {
	<27.819815, 36.163036, 33.546833> 0.250000
	pigment { color rgbt <1,0,0,0> }
	no_shadow
}
cylinder {
	<27.853521, 36.144135, 33.148705>,  <27.873745, 36.132793, 32.909828>, 0.100000
	pigment { color rgbt <1,0,0,0> }
	no_shadow
}
cylinder {
	<27.853521, 36.144135, 33.148705>,  <27.819815, 36.163036, 33.546833>, 0.100000
	pigment { color rgbt <1,0,0,0> }
	no_shadow
}

// particle -1
sphere {
	<27.853521, 36.144135, 33.148705> 0.100000
	pigment { color rgbt <1,0,0,0> }
	no_shadow
}
sphere {
	0, 1
	scale<0.080000,0.200000,0.300000>
	matrix <-0.199076, 0.977939, -0.063282,
		0.976355, 0.203477, 0.072999,
		0.084265, -0.047253, -0.995322,
		27.878801, 36.129959, 32.850109>
	pigment { color rgbt <0,1,1,0> }
	no_shadow
}
cylinder {
	<28.115736, 36.846035, 33.289028>,  <27.819815, 36.163036, 33.546833>, 0.130000
	pigment { color rgbt <1,0,0,0> }
	no_shadow
}

// nucleotide -1

// particle -1
sphere {
	<28.115736, 36.846035, 33.289028> 0.250000
	pigment { color rgbt <1,0,0,0> }
	no_shadow
}
cylinder {
	<27.933119, 36.698349, 32.965240>,  <27.823549, 36.609737, 32.770966>, 0.100000
	pigment { color rgbt <1,0,0,0> }
	no_shadow
}
cylinder {
	<27.933119, 36.698349, 32.965240>,  <28.115736, 36.846035, 33.289028>, 0.100000
	pigment { color rgbt <1,0,0,0> }
	no_shadow
}

// particle -1
sphere {
	<27.933119, 36.698349, 32.965240> 0.100000
	pigment { color rgbt <1,0,0,0> }
	no_shadow
}
sphere {
	0, 1
	scale<0.080000,0.200000,0.300000>
	matrix <-0.167879, 0.929231, -0.329160,
		0.873718, -0.014383, -0.486219,
		-0.456545, -0.369219, -0.809472,
		27.796156, 36.587582, 32.722397>
	pigment { color rgbt <0,1,1,0> }
	no_shadow
}
cylinder {
	<28.327600, 37.335400, 32.704540>,  <28.115736, 36.846035, 33.289028>, 0.130000
	pigment { color rgbt <1,0,0,0> }
	no_shadow
}

// nucleotide -1

// particle -1
sphere {
	<28.327600, 37.335400, 32.704540> 0.250000
	pigment { color rgbt <1,0,0,0> }
	no_shadow
}
cylinder {
	<28.011072, 37.140720, 32.556519>,  <27.821156, 37.023914, 32.467705>, 0.100000
	pigment { color rgbt <1,0,0,0> }
	no_shadow
}
cylinder {
	<28.011072, 37.140720, 32.556519>,  <28.327600, 37.335400, 32.704540>, 0.100000
	pigment { color rgbt <1,0,0,0> }
	no_shadow
}

// particle -1
sphere {
	<28.011072, 37.140720, 32.556519> 0.100000
	pigment { color rgbt <1,0,0,0> }
	no_shadow
}
sphere {
	0, 1
	scale<0.080000,0.200000,0.300000>
	matrix <-0.252790, 0.811544, -0.526776,
		0.556697, -0.323301, -0.765222,
		-0.791319, -0.486695, -0.370057,
		27.773676, 36.994713, 32.445503>
	pigment { color rgbt <0,1,1,0> }
	no_shadow
}
cylinder {
	<28.264555, 37.569344, 32.031597>,  <28.327600, 37.335400, 32.704540>, 0.130000
	pigment { color rgbt <1,0,0,0> }
	no_shadow
}

// nucleotide -1

// particle -1
sphere {
	<28.264555, 37.569344, 32.031597> 0.250000
	pigment { color rgbt <1,0,0,0> }
	no_shadow
}
cylinder {
	<27.903690, 37.405266, 32.085033>,  <27.687172, 37.306820, 32.117096>, 0.100000
	pigment { color rgbt <1,0,0,0> }
	no_shadow
}
cylinder {
	<27.903690, 37.405266, 32.085033>,  <28.264555, 37.569344, 32.031597>, 0.100000
	pigment { color rgbt <1,0,0,0> }
	no_shadow
}

// particle -1
sphere {
	<27.903690, 37.405266, 32.085033> 0.100000
	pigment { color rgbt <1,0,0,0> }
	no_shadow
}
sphere {
	0, 1
	scale<0.080000,0.200000,0.300000>
	matrix <-0.425380, 0.794304, -0.433743,
		0.071803, -0.448135, -0.891078,
		-0.902162, -0.410191, 0.133594,
		27.633041, 37.282207, 32.125111>
	pigment { color rgbt <0,1,1,0> }
	no_shadow
}
cylinder {
	<27.963654, 37.623413, 31.417845>,  <28.264555, 37.569344, 32.031597>, 0.130000
	pigment { color rgbt <1,0,0,0> }
	no_shadow
}

// nucleotide -1

// particle -1
sphere {
	<27.963654, 37.623413, 31.417845> 0.250000
	pigment { color rgbt <1,0,0,0> }
	no_shadow
}
cylinder {
	<27.671911, 37.589798, 31.689425>,  <27.496866, 37.569630, 31.852373>, 0.100000
	pigment { color rgbt <1,0,0,0> }
	no_shadow
}
cylinder {
	<27.671911, 37.589798, 31.689425>,  <27.963654, 37.623413, 31.417845>, 0.100000
	pigment { color rgbt <1,0,0,0> }
	no_shadow
}

// particle -1
sphere {
	<27.671911, 37.589798, 31.689425> 0.100000
	pigment { color rgbt <1,0,0,0> }
	no_shadow
}
sphere {
	0, 1
	scale<0.080000,0.200000,0.300000>
	matrix <-0.452545, 0.803545, -0.386677,
		-0.513070, -0.589282, -0.624104,
		-0.729358, -0.084042, 0.678951,
		27.453104, 37.564587, 31.893110>
	pigment { color rgbt <0,1,1,0> }
	no_shadow
}
cylinder {
	<27.444069, 37.604042, 31.023117>,  <27.963654, 37.623413, 31.417845>, 0.130000
	pigment { color rgbt <1,0,0,0> }
	no_shadow
}

// nucleotide -1

// particle -1
sphere {
	<27.444069, 37.604042, 31.023117> 0.250000
	pigment { color rgbt <1,0,0,0> }
	no_shadow
}
cylinder {
	<27.318022, 37.718212, 31.385162>,  <27.242393, 37.786713, 31.602390>, 0.100000
	pigment { color rgbt <1,0,0,0> }
	no_shadow
}
cylinder {
	<27.318022, 37.718212, 31.385162>,  <27.444069, 37.604042, 31.023117>, 0.100000
	pigment { color rgbt <1,0,0,0> }
	no_shadow
}

// particle -1
sphere {
	<27.318022, 37.718212, 31.385162> 0.100000
	pigment { color rgbt <1,0,0,0> }
	no_shadow
}
sphere {
	0, 1
	scale<0.080000,0.200000,0.300000>
	matrix <-0.510207, 0.753218, -0.415153,
		-0.800243, -0.592619, -0.091729,
		-0.315119, 0.285422, 0.905115,
		27.223486, 37.803841, 31.656696>
	pigment { color rgbt <0,1,1,0> }
	no_shadow
}
cylinder {
	<26.762712, 37.901127, 30.872719>,  <27.444069, 37.604042, 31.023117>, 0.130000
	pigment { color rgbt <1,0,0,0> }
	no_shadow
}

// nucleotide -1

// particle -1
sphere {
	<26.762712, 37.901127, 30.872719> 0.250000
	pigment { color rgbt <1,0,0,0> }
	no_shadow
}
cylinder {
	<26.873127, 38.064308, 31.220829>,  <26.939375, 38.162216, 31.429695>, 0.100000
	pigment { color rgbt <1,0,0,0> }
	no_shadow
}
cylinder {
	<26.873127, 38.064308, 31.220829>,  <26.762712, 37.901127, 30.872719>, 0.100000
	pigment { color rgbt <1,0,0,0> }
	no_shadow
}

// particle -1
sphere {
	<26.873127, 38.064308, 31.220829> 0.100000
	pigment { color rgbt <1,0,0,0> }
	no_shadow
}
sphere {
	0, 1
	scale<0.080000,0.200000,0.300000>
	matrix <-0.498709, 0.834823, -0.233150,
		-0.821641, -0.369658, 0.433889,
		0.276035, 0.407950, 0.870277,
		26.955938, 38.186691, 31.481913>
	pigment { color rgbt <0,1,1,0> }
	no_shadow
}
cylinder {
	<26.220514, 38.084431, 31.194704>,  <26.762712, 37.901127, 30.872719>, 0.130000
	pigment { color rgbt <1,0,0,0> }
	no_shadow
}

// nucleotide -1

// particle -1
sphere {
	<26.220514, 38.084431, 31.194704> 0.250000
	pigment { color rgbt <1,0,0,0> }
	no_shadow
}
cylinder {
	<26.490280, 38.306793, 31.389078>,  <26.652140, 38.440208, 31.505703>, 0.100000
	pigment { color rgbt <1,0,0,0> }
	no_shadow
}
cylinder {
	<26.490280, 38.306793, 31.389078>,  <26.220514, 38.084431, 31.194704>, 0.100000
	pigment { color rgbt <1,0,0,0> }
	no_shadow
}

// particle -1
sphere {
	<26.490280, 38.306793, 31.389078> 0.100000
	pigment { color rgbt <1,0,0,0> }
	no_shadow
}
sphere {
	0, 1
	scale<0.080000,0.200000,0.300000>
	matrix <-0.535939, 0.821262, -0.195697,
		-0.507870, -0.128450, 0.851803,
		0.674417, 0.555903, 0.485936,
		26.692606, 38.473564, 31.534859>
	pigment { color rgbt <0,1,1,0> }
	no_shadow
}
cylinder {
	<25.839926, 38.600220, 31.701328>,  <26.220514, 38.084431, 31.194704>, 0.130000
	pigment { color rgbt <1,0,0,0> }
	no_shadow
}

// nucleotide -1

// particle -1
sphere {
	<25.839926, 38.600220, 31.701328> 0.250000
	pigment { color rgbt <1,0,0,0> }
	no_shadow
}
cylinder {
	<26.198723, 38.753281, 31.612801>,  <26.414001, 38.845116, 31.559683>, 0.100000
	pigment { color rgbt <1,0,0,0> }
	no_shadow
}
cylinder {
	<26.198723, 38.753281, 31.612801>,  <25.839926, 38.600220, 31.701328>, 0.100000
	pigment { color rgbt <1,0,0,0> }
	no_shadow
}

// particle -1
sphere {
	<26.198723, 38.753281, 31.612801> 0.100000
	pigment { color rgbt <1,0,0,0> }
	no_shadow
}
sphere {
	0, 1
	scale<0.080000,0.200000,0.300000>
	matrix <-0.413042, 0.903890, -0.111263,
		0.157475, 0.191217, 0.968834,
		0.896994, 0.382648, -0.221321,
		26.467821, 38.868076, 31.546404>
	pigment { color rgbt <0,1,1,0> }
	no_shadow
}
cylinder {
	<25.741800, 39.329937, 31.930054>,  <25.839926, 38.600220, 31.701328>, 0.130000
	pigment { color rgbt <1,0,0,0> }
	no_shadow
}

// nucleotide -1

// particle -1
sphere {
	<25.741800, 39.329937, 31.930054> 0.250000
	pigment { color rgbt <1,0,0,0> }
	no_shadow
}
cylinder {
	<26.098074, 39.363029, 31.751242>,  <26.311838, 39.382885, 31.643955>, 0.100000
	pigment { color rgbt <1,0,0,0> }
	no_shadow
}
cylinder {
	<26.098074, 39.363029, 31.751242>,  <25.741800, 39.329937, 31.930054>, 0.100000
	pigment { color rgbt <1,0,0,0> }
	no_shadow
}

// particle -1
sphere {
	<26.098074, 39.363029, 31.751242> 0.100000
	pigment { color rgbt <1,0,0,0> }
	no_shadow
}
sphere {
	0, 1
	scale<0.080000,0.200000,0.300000>
	matrix <-0.149669, 0.981849, -0.116500,
		0.429278, 0.170671, 0.886900,
		0.890685, 0.082730, -0.447031,
		26.365280, 39.387848, 31.617132>
	pigment { color rgbt <0,1,1,0> }
	no_shadow
}
cylinder {
	<26.220322, 39.837742, 32.338905>,  <25.741800, 39.329937, 31.930054>, 0.130000
	pigment { color rgbt <1,0,0,0> }
	no_shadow
}

// nucleotide -1

// particle -1
sphere {
	<26.220322, 39.837742, 32.338905> 0.250000
	pigment { color rgbt <1,0,0,0> }
	no_shadow
}
cylinder {
	<26.302557, 39.811954, 31.948299>,  <26.351898, 39.796482, 31.713936>, 0.100000
	pigment { color rgbt <1,0,0,0> }
	no_shadow
}
cylinder {
	<26.302557, 39.811954, 31.948299>,  <26.220322, 39.837742, 32.338905>, 0.100000
	pigment { color rgbt <1,0,0,0> }
	no_shadow
}

// particle -1
sphere {
	<26.302557, 39.811954, 31.948299> 0.100000
	pigment { color rgbt <1,0,0,0> }
	no_shadow
}
sphere {
	0, 1
	scale<0.080000,0.200000,0.300000>
	matrix <-0.314111, 0.940686, -0.128235,
		0.926859, 0.333097, 0.173145,
		0.205590, -0.064469, -0.976512,
		26.364233, 39.792614, 31.655346>
	pigment { color rgbt <0,1,1,0> }
	no_shadow
}
cylinder {
	<26.594315, 40.501404, 32.144878>,  <26.220322, 39.837742, 32.338905>, 0.130000
	pigment { color rgbt <1,0,0,0> }
	no_shadow
}

// nucleotide -1

// particle -1
sphere {
	<26.594315, 40.501404, 32.144878> 0.250000
	pigment { color rgbt <1,0,0,0> }
	no_shadow
}
cylinder {
	<26.443081, 40.361694, 31.801935>,  <26.352341, 40.277870, 31.596170>, 0.100000
	pigment { color rgbt <1,0,0,0> }
	no_shadow
}
cylinder {
	<26.443081, 40.361694, 31.801935>,  <26.594315, 40.501404, 32.144878>, 0.100000
	pigment { color rgbt <1,0,0,0> }
	no_shadow
}

// particle -1
sphere {
	<26.443081, 40.361694, 31.801935> 0.100000
	pigment { color rgbt <1,0,0,0> }
	no_shadow
}
sphere {
	0, 1
	scale<0.080000,0.200000,0.300000>
	matrix <-0.101415, 0.936153, -0.336650,
		0.920199, -0.040335, -0.389369,
		-0.378087, -0.349272, -0.857356,
		26.329655, 40.256912, 31.544727>
	pigment { color rgbt <0,1,1,0> }
	no_shadow
}
cylinder {
	<26.771896, 40.992477, 31.701309>,  <26.594315, 40.501404, 32.144878>, 0.130000
	pigment { color rgbt <1,0,0,0> }
	no_shadow
}

// nucleotide -1

// particle -1
sphere {
	<26.771896, 40.992477, 31.701309> 0.250000
	pigment { color rgbt <1,0,0,0> }
	no_shadow
}
cylinder {
	<26.517288, 40.771214, 31.486328>,  <26.364523, 40.638454, 31.357340>, 0.100000
	pigment { color rgbt <1,0,0,0> }
	no_shadow
}
cylinder {
	<26.517288, 40.771214, 31.486328>,  <26.771896, 40.992477, 31.701309>, 0.100000
	pigment { color rgbt <1,0,0,0> }
	no_shadow
}

// particle -1
sphere {
	<26.517288, 40.771214, 31.486328> 0.100000
	pigment { color rgbt <1,0,0,0> }
	no_shadow
}
sphere {
	0, 1
	scale<0.080000,0.200000,0.300000>
	matrix <-0.364636, 0.829887, -0.422288,
		0.679619, -0.072820, -0.729942,
		-0.636521, -0.553158, -0.537454,
		26.326332, 40.605267, 31.325092>
	pigment { color rgbt <0,1,1,0> }
	no_shadow
}
cylinder {
	<26.708048, 41.282722, 31.104248>,  <26.771896, 40.992477, 31.701309>, 0.130000
	pigment { color rgbt <1,0,0,0> }
	no_shadow
}

// nucleotide -1

// particle -1
sphere {
	<26.708048, 41.282722, 31.104248> 0.250000
	pigment { color rgbt <1,0,0,0> }
	no_shadow
}
cylinder {
	<26.373251, 41.064590, 31.086071>,  <26.172373, 40.933712, 31.075165>, 0.100000
	pigment { color rgbt <1,0,0,0> }
	no_shadow
}
cylinder {
	<26.373251, 41.064590, 31.086071>,  <26.708048, 41.282722, 31.104248>, 0.100000
	pigment { color rgbt <1,0,0,0> }
	no_shadow
}

// particle -1
sphere {
	<26.373251, 41.064590, 31.086071> 0.100000
	pigment { color rgbt <1,0,0,0> }
	no_shadow
}
sphere {
	0, 1
	scale<0.080000,0.200000,0.300000>
	matrix <-0.467918, 0.756282, -0.457263,
		0.283724, -0.361463, -0.888170,
		-0.836991, -0.545327, -0.045440,
		26.122154, 40.900993, 31.072439>
	pigment { color rgbt <0,1,1,0> }
	no_shadow
}
cylinder {
	<26.520296, 41.187912, 30.359091>,  <26.708048, 41.282722, 31.104248>, 0.130000
	pigment { color rgbt <1,0,0,0> }
	no_shadow
}

// nucleotide -1

// particle -1
sphere {
	<26.520296, 41.187912, 30.359091> 0.250000
	pigment { color rgbt <1,0,0,0> }
	no_shadow
}
cylinder {
	<26.196262, 41.150135, 30.590553>,  <26.001842, 41.127468, 30.729431>, 0.100000
	pigment { color rgbt <1,0,0,0> }
	no_shadow
}
cylinder {
	<26.196262, 41.150135, 30.590553>,  <26.520296, 41.187912, 30.359091>, 0.100000
	pigment { color rgbt <1,0,0,0> }
	no_shadow
}

// particle -1
sphere {
	<26.196262, 41.150135, 30.590553> 0.100000
	pigment { color rgbt <1,0,0,0> }
	no_shadow
}
sphere {
	0, 1
	scale<0.080000,0.200000,0.300000>
	matrix <-0.380607, 0.835432, -0.396474,
		-0.445982, -0.541418, -0.712718,
		-0.810085, -0.094445, 0.578655,
		25.953238, 41.121803, 30.764151>
	pigment { color rgbt <0,1,1,0> }
	no_shadow
}
cylinder {
	<25.908068, 41.384060, 29.936449>,  <26.520296, 41.187912, 30.359091>, 0.130000
	pigment { color rgbt <1,0,0,0> }
	no_shadow
}

// nucleotide -1

// particle -1
sphere {
	<25.908068, 41.384060, 29.936449> 0.250000
	pigment { color rgbt <1,0,0,0> }
	no_shadow
}
cylinder {
	<25.774376, 41.402782, 30.312981>,  <25.694160, 41.414017, 30.538900>, 0.100000
	pigment { color rgbt <1,0,0,0> }
	no_shadow
}
cylinder {
	<25.774376, 41.402782, 30.312981>,  <25.908068, 41.384060, 29.936449>, 0.100000
	pigment { color rgbt <1,0,0,0> }
	no_shadow
}

// particle -1
sphere {
	<25.774376, 41.402782, 30.312981> 0.100000
	pigment { color rgbt <1,0,0,0> }
	no_shadow
}
sphere {
	0, 1
	scale<0.080000,0.200000,0.300000>
	matrix <-0.431330, 0.880440, -0.196926,
		-0.838001, -0.471842, -0.274079,
		-0.334228, 0.046806, 0.941329,
		25.674107, 41.416824, 30.595379>
	pigment { color rgbt <0,1,1,0> }
	no_shadow
}
cylinder {
	<25.237059, 41.390724, 29.837923>,  <25.908068, 41.384060, 29.936449>, 0.130000
	pigment { color rgbt <1,0,0,0> }
	no_shadow
}

// nucleotide -1

// particle -1
sphere {
	<25.237059, 41.390724, 29.837923> 0.250000
	pigment { color rgbt <1,0,0,0> }
	no_shadow
}
cylinder {
	<25.342833, 41.565586, 30.181776>,  <25.406298, 41.670502, 30.388088>, 0.100000
	pigment { color rgbt <1,0,0,0> }
	no_shadow
}
cylinder {
	<25.342833, 41.565586, 30.181776>,  <25.237059, 41.390724, 29.837923>, 0.100000
	pigment { color rgbt <1,0,0,0> }
	no_shadow
}

// particle -1
sphere {
	<25.342833, 41.565586, 30.181776> 0.100000
	pigment { color rgbt <1,0,0,0> }
	no_shadow
}
sphere {
	0, 1
	scale<0.080000,0.200000,0.300000>
	matrix <-0.349291, 0.874259, -0.337146,
		-0.898927, -0.211109, 0.383878,
		0.264435, 0.437155, 0.859634,
		25.422163, 41.696732, 30.439667>
	pigment { color rgbt <0,1,1,0> }
	no_shadow
}
cylinder {
	<24.750481, 41.791134, 30.135540>,  <25.237059, 41.390724, 29.837923>, 0.130000
	pigment { color rgbt <1,0,0,0> }
	no_shadow
}

// nucleotide -1

// particle -1
sphere {
	<24.750481, 41.791134, 30.135540> 0.250000
	pigment { color rgbt <1,0,0,0> }
	no_shadow
}
cylinder {
	<25.081011, 41.982357, 30.254631>,  <25.279329, 42.097092, 30.326086>, 0.100000
	pigment { color rgbt <1,0,0,0> }
	no_shadow
}
cylinder {
	<25.081011, 41.982357, 30.254631>,  <24.750481, 41.791134, 30.135540>, 0.100000
	pigment { color rgbt <1,0,0,0> }
	no_shadow
}

// particle -1
sphere {
	<25.081011, 41.982357, 30.254631> 0.100000
	pigment { color rgbt <1,0,0,0> }
	no_shadow
}
sphere {
	0, 1
	scale<0.080000,0.200000,0.300000>
	matrix <-0.375684, 0.861735, -0.340989,
		-0.419577, 0.169916, 0.891675,
		0.826327, 0.478059, 0.297730,
		25.328909, 42.125774, 30.343950>
	pigment { color rgbt <0,1,1,0> }
	no_shadow
}
cylinder {
	<24.444174, 42.263924, 30.546349>,  <24.750481, 41.791134, 30.135540>, 0.130000
	pigment { color rgbt <1,0,0,0> }
	no_shadow
}

// nucleotide -1

// particle -1
sphere {
	<24.444174, 42.263924, 30.546349> 0.250000
	pigment { color rgbt <1,0,0,0> }
	no_shadow
}
cylinder {
	<24.790466, 42.392597, 30.392969>,  <24.998241, 42.469799, 30.300941>, 0.100000
	pigment { color rgbt <1,0,0,0> }
	no_shadow
}
cylinder {
	<24.790466, 42.392597, 30.392969>,  <24.444174, 42.263924, 30.546349>, 0.100000
	pigment { color rgbt <1,0,0,0> }
	no_shadow
}

// particle -1
sphere {
	<24.790466, 42.392597, 30.392969> 0.100000
	pigment { color rgbt <1,0,0,0> }
	no_shadow
}
sphere {
	0, 1
	scale<0.080000,0.200000,0.300000>
	matrix <-0.436730, 0.859744, -0.264776,
		0.244493, 0.396688, 0.884795,
		0.865731, 0.321681, -0.383447,
		25.050186, 42.489101, 30.277935>
	pigment { color rgbt <0,1,1,0> }
	no_shadow
}
cylinder {
	<24.694584, 42.817223, 30.796618>,  <24.444174, 42.263924, 30.546349>, 0.130000
	pigment { color rgbt <1,0,0,0> }
	no_shadow
}

// nucleotide -1

// particle -1
sphere {
	<24.694584, 42.817223, 30.796618> 0.250000
	pigment { color rgbt <1,0,0,0> }
	no_shadow
}
cylinder {
	<24.795994, 42.805614, 30.409861>,  <24.856840, 42.798649, 30.177807>, 0.100000
	pigment { color rgbt <1,0,0,0> }
	no_shadow
}
cylinder {
	<24.795994, 42.805614, 30.409861>,  <24.694584, 42.817223, 30.796618>, 0.100000
	pigment { color rgbt <1,0,0,0> }
	no_shadow
}

// particle -1
sphere {
	<24.795994, 42.805614, 30.409861> 0.100000
	pigment { color rgbt <1,0,0,0> }
	no_shadow
}
sphere {
	0, 1
	scale<0.080000,0.200000,0.300000>
	matrix <-0.536218, 0.827707, -0.165439,
		0.805106, 0.560409, 0.194284,
		0.253524, -0.029017, -0.966894,
		24.872051, 42.796909, 30.119793>
	pigment { color rgbt <0,1,1,0> }
	no_shadow
}
cylinder {
	<24.914761, 43.460426, 31.127155>,  <24.694584, 42.817223, 30.796618>, 0.130000
	pigment { color rgbt <1,0,0,0> }
	no_shadow
}

// nucleotide -1

// particle -1
sphere {
	<24.914761, 43.460426, 31.127155> 0.250000
	pigment { color rgbt <1,0,0,0> }
	no_shadow
}
cylinder {
	<24.807043, 43.319672, 30.768568>,  <24.742413, 43.235218, 30.553415>, 0.100000
	pigment { color rgbt <1,0,0,0> }
	no_shadow
}
cylinder {
	<24.807043, 43.319672, 30.768568>,  <24.914761, 43.460426, 31.127155>, 0.100000
	pigment { color rgbt <1,0,0,0> }
	no_shadow
}

// particle -1
sphere {
	<24.807043, 43.319672, 30.768568> 0.100000
	pigment { color rgbt <1,0,0,0> }
	no_shadow
}
sphere {
	0, 1
	scale<0.080000,0.200000,0.300000>
	matrix <0.847372, 0.355771, -0.394193,
		0.457648, -0.865797, 0.202370,
		-0.269293, -0.351884, -0.896470,
		24.726255, 43.214108, 30.499626>
	pigment { color rgbt <0,1,1,0> }
	no_shadow
}
cylinder {
	<25.420004, 43.247620, 30.776087>,  <24.914761, 43.460426, 31.127155>, 0.130000
	pigment { color rgbt <1,0,0,0> }
	no_shadow
}

// nucleotide -1

// particle -1
sphere {
	<25.420004, 43.247620, 30.776087> 0.250000
	pigment { color rgbt <1,0,0,0> }
	no_shadow
}
cylinder {
	<25.261267, 43.375614, 30.431965>,  <25.166025, 43.452412, 30.225492>, 0.100000
	pigment { color rgbt <1,0,0,0> }
	no_shadow
}
cylinder {
	<25.261267, 43.375614, 30.431965>,  <25.420004, 43.247620, 30.776087>, 0.100000
	pigment { color rgbt <1,0,0,0> }
	no_shadow
}

// particle -1
sphere {
	<25.261267, 43.375614, 30.431965> 0.100000
	pigment { color rgbt <1,0,0,0> }
	no_shadow
}
sphere {
	0, 1
	scale<0.080000,0.200000,0.300000>
	matrix <0.748513, 0.655301, -0.101537,
		0.531268, -0.684244, -0.499565,
		-0.396841, 0.319987, -0.860305,
		25.142214, 43.471611, 30.173874>
	pigment { color rgbt <0,1,1,0> }
	no_shadow
}
cylinder {
	<25.986748, 43.273689, 30.318710>,  <25.420004, 43.247620, 30.776087>, 0.130000
	pigment { color rgbt <1,0,0,0> }
	no_shadow
}

// nucleotide -1

// particle -1
sphere {
	<25.986748, 43.273689, 30.318710> 0.250000
	pigment { color rgbt <1,0,0,0> }
	no_shadow
}
cylinder {
	<25.712025, 43.522114, 30.167675>,  <25.547192, 43.671169, 30.077055>, 0.100000
	pigment { color rgbt <1,0,0,0> }
	no_shadow
}
cylinder {
	<25.712025, 43.522114, 30.167675>,  <25.986748, 43.273689, 30.318710>, 0.100000
	pigment { color rgbt <1,0,0,0> }
	no_shadow
}

// particle -1
sphere {
	<25.712025, 43.522114, 30.167675> 0.100000
	pigment { color rgbt <1,0,0,0> }
	no_shadow
}
sphere {
	0, 1
	scale<0.080000,0.200000,0.300000>
	matrix <0.725430, 0.618045, -0.302937,
		0.045222, -0.481973, -0.875018,
		-0.686808, 0.621065, -0.377587,
		25.505981, 43.708435, 30.054399>
	pigment { color rgbt <0,1,1,0> }
	no_shadow
}
cylinder {
	<26.144432, 43.252285, 29.588116>,  <25.986748, 43.273689, 30.318710>, 0.130000
	pigment { color rgbt <1,0,0,0> }
	no_shadow
}

// nucleotide -1

// particle -1
sphere {
	<26.144432, 43.252285, 29.588116> 0.250000
	pigment { color rgbt <1,0,0,0> }
	no_shadow
}
cylinder {
	<26.011845, 43.584263, 29.767591>,  <25.932293, 43.783447, 29.875277>, 0.100000
	pigment { color rgbt <1,0,0,0> }
	no_shadow
}
cylinder {
	<26.011845, 43.584263, 29.767591>,  <26.144432, 43.252285, 29.588116>, 0.100000
	pigment { color rgbt <1,0,0,0> }
	no_shadow
}

// particle -1
sphere {
	<26.011845, 43.584263, 29.767591> 0.100000
	pigment { color rgbt <1,0,0,0> }
	no_shadow
}
sphere {
	0, 1
	scale<0.080000,0.200000,0.300000>
	matrix <0.875266, 0.448036, -0.182134,
		-0.352190, 0.332353, -0.874930,
		-0.331468, 0.829943, 0.448692,
		25.912405, 43.833244, 29.902199>
	pigment { color rgbt <0,1,1,0> }
	no_shadow
}
cylinder {
	<26.625500, 43.847969, 29.252050>,  <26.144432, 43.252285, 29.588116>, 0.130000
	pigment { color rgbt <1,0,0,0> }
	no_shadow
}

// nucleotide -1

// particle -1
sphere {
	<26.625500, 43.847969, 29.252050> 0.250000
	pigment { color rgbt <1,0,0,0> }
	no_shadow
}
cylinder {
	<26.510717, 44.044750, 29.580839>,  <26.441849, 44.162819, 29.778112>, 0.100000
	pigment { color rgbt <1,0,0,0> }
	no_shadow
}
cylinder {
	<26.510717, 44.044750, 29.580839>,  <26.625500, 43.847969, 29.252050>, 0.100000
	pigment { color rgbt <1,0,0,0> }
	no_shadow
}

// particle -1
sphere {
	<26.510717, 44.044750, 29.580839> 0.100000
	pigment { color rgbt <1,0,0,0> }
	no_shadow
}
sphere {
	0, 1
	scale<0.080000,0.200000,0.300000>
	matrix <0.926136, 0.361751, 0.106809,
		-0.244804, 0.791908, -0.559421,
		-0.286954, 0.491953, 0.821973,
		26.424631, 44.192337, 29.827431>
	pigment { color rgbt <0,1,1,0> }
	no_shadow
}
cylinder {
	<27.205477, 44.008556, 29.072491>,  <26.625500, 43.847969, 29.252050>, 0.130000
	pigment { color rgbt <1,0,0,0> }
	no_shadow
}

// nucleotide -1

// particle -1
sphere {
	<27.205477, 44.008556, 29.072491> 0.250000
	pigment { color rgbt <1,0,0,0> }
	no_shadow
}
cylinder {
	<27.474401, 44.201057, 29.297485>,  <27.635757, 44.316559, 29.432482>, 0.100000
	pigment { color rgbt <1,0,0,0> }
	no_shadow
}
cylinder {
	<27.474401, 44.201057, 29.297485>,  <27.205477, 44.008556, 29.072491>, 0.100000
	pigment { color rgbt <1,0,0,0> }
	no_shadow
}

// particle -1
sphere {
	<27.474401, 44.201057, 29.297485> 0.100000
	pigment { color rgbt <1,0,0,0> }
	no_shadow
}
sphere {
	0, 1
	scale<0.080000,0.200000,0.300000>
	matrix <0.286173, -0.869736, 0.402075,
		0.682714, -0.109352, -0.722456,
		0.672314, 0.481250, 0.562487,
		27.676096, 44.345432, 29.466232>
	pigment { color rgbt <0,1,1,0> }
	no_shadow
}
cylinder {
	<27.871672, 43.866341, 28.893423>,  <27.205477, 44.008556, 29.072491>, 0.130000
	pigment { color rgbt <1,0,0,0> }
	no_shadow
}

// nucleotide -1

// particle -1
sphere {
	<27.871672, 43.866341, 28.893423> 0.250000
	pigment { color rgbt <1,0,0,0> }
	no_shadow
}
cylinder {
	<27.855762, 43.947803, 29.284718>,  <27.846218, 43.996681, 29.519493>, 0.100000
	pigment { color rgbt <1,0,0,0> }
	no_shadow
}
cylinder {
	<27.855762, 43.947803, 29.284718>,  <27.871672, 43.866341, 28.893423>, 0.100000
	pigment { color rgbt <1,0,0,0> }
	no_shadow
}

// particle -1
sphere {
	<27.855762, 43.947803, 29.284718> 0.100000
	pigment { color rgbt <1,0,0,0> }
	no_shadow
}
sphere {
	0, 1
	scale<0.080000,0.200000,0.300000>
	matrix <0.297739, -0.932121, 0.206162,
		0.953819, 0.299458, -0.023565,
		-0.039772, 0.203657, 0.978234,
		27.843832, 44.008900, 29.578188>
	pigment { color rgbt <0,1,1,0> }
	no_shadow
}
cylinder {
	<28.535971, 43.747749, 29.277262>,  <27.871672, 43.866341, 28.893423>, 0.130000
	pigment { color rgbt <1,0,0,0> }
	no_shadow
}

// nucleotide -1

// particle -1
sphere {
	<28.535971, 43.747749, 29.277262> 0.250000
	pigment { color rgbt <1,0,0,0> }
	no_shadow
}
cylinder {
	<28.254192, 43.708202, 29.558397>,  <28.085125, 43.684475, 29.727077>, 0.100000
	pigment { color rgbt <1,0,0,0> }
	no_shadow
}
cylinder {
	<28.254192, 43.708202, 29.558397>,  <28.535971, 43.747749, 29.277262>, 0.100000
	pigment { color rgbt <1,0,0,0> }
	no_shadow
}

// particle -1
sphere {
	<28.254192, 43.708202, 29.558397> 0.100000
	pigment { color rgbt <1,0,0,0> }
	no_shadow
}
sphere {
	0, 1
	scale<0.080000,0.200000,0.300000>
	matrix <0.521481, -0.743839, 0.418044,
		0.481468, 0.661006, 0.575551,
		-0.704447, -0.098864, 0.702837,
		28.042858, 43.678543, 29.769249>
	pigment { color rgbt <0,1,1,0> }
	no_shadow
}
cylinder {
	<28.822170, 43.837955, 30.005056>,  <28.535971, 43.747749, 29.277262>, 0.130000
	pigment { color rgbt <1,0,0,0> }
	no_shadow
}

// nucleotide -1

// particle -1
sphere {
	<28.822170, 43.837955, 30.005056> 0.250000
	pigment { color rgbt <1,0,0,0> }
	no_shadow
}
cylinder {
	<28.499798, 43.604988, 30.047508>,  <28.306374, 43.465206, 30.072979>, 0.100000
	pigment { color rgbt <1,0,0,0> }
	no_shadow
}
cylinder {
	<28.499798, 43.604988, 30.047508>,  <28.822170, 43.837955, 30.005056>, 0.100000
	pigment { color rgbt <1,0,0,0> }
	no_shadow
}

// particle -1
sphere {
	<28.499798, 43.604988, 30.047508> 0.100000
	pigment { color rgbt <1,0,0,0> }
	no_shadow
}
sphere {
	0, 1
	scale<0.080000,0.200000,0.300000>
	matrix <0.519057, -0.608955, 0.599795,
		-0.284703, 0.538481, 0.793084,
		-0.805930, -0.582419, 0.106131,
		28.258018, 43.430264, 30.079348>
	pigment { color rgbt <0,1,1,0> }
	no_shadow
}
cylinder {
	<28.764782, 43.663380, 30.771839>,  <28.822170, 43.837955, 30.005056>, 0.130000
	pigment { color rgbt <1,0,0,0> }
	no_shadow
}

// nucleotide -1

// particle -1
sphere {
	<28.764782, 43.663380, 30.771839> 0.250000
	pigment { color rgbt <1,0,0,0> }
	no_shadow
}
cylinder {
	<28.556074, 43.392765, 30.563974>,  <28.430849, 43.230396, 30.439255>, 0.100000
	pigment { color rgbt <1,0,0,0> }
	no_shadow
}
cylinder {
	<28.556074, 43.392765, 30.563974>,  <28.764782, 43.663380, 30.771839>, 0.100000
	pigment { color rgbt <1,0,0,0> }
	no_shadow
}

// particle -1
sphere {
	<28.556074, 43.392765, 30.563974> 0.100000
	pigment { color rgbt <1,0,0,0> }
	no_shadow
}
sphere {
	0, 1
	scale<0.080000,0.200000,0.300000>
	matrix <0.337316, -0.723129, 0.602745,
		-0.783564, 0.139205, 0.605516,
		-0.521772, -0.676540, -0.519662,
		28.399542, 43.189804, 30.408075>
	pigment { color rgbt <0,1,1,0> }
	no_shadow
}
cylinder {
	<28.612841, 43.133423, 31.325060>,  <28.764782, 43.663380, 30.771839>, 0.130000
	pigment { color rgbt <1,0,0,0> }
	no_shadow
}

// nucleotide -1

// particle -1
sphere {
	<28.612841, 43.133423, 31.325060> 0.250000
	pigment { color rgbt <1,0,0,0> }
	no_shadow
}
cylinder {
	<28.526199, 42.964043, 30.973202>,  <28.474215, 42.862415, 30.762087>, 0.100000
	pigment { color rgbt <1,0,0,0> }
	no_shadow
}
cylinder {
	<28.526199, 42.964043, 30.973202>,  <28.612841, 43.133423, 31.325060>, 0.100000
	pigment { color rgbt <1,0,0,0> }
	no_shadow
}

// particle -1
sphere {
	<28.526199, 42.964043, 30.973202> 0.100000
	pigment { color rgbt <1,0,0,0> }
	no_shadow
}
sphere {
	0, 1
	scale<0.080000,0.200000,0.300000>
	matrix <0.092525, -0.905883, 0.413297,
		-0.971865, 0.008132, 0.235397,
		-0.216603, -0.423449, -0.879644,
		28.461218, 42.837009, 30.709309>
	pigment { color rgbt <0,1,1,0> }
	no_shadow
}
cylinder {
	<28.338451, 42.623257, 31.606565>,  <28.612841, 43.133423, 31.325060>, 0.130000
	pigment { color rgbt <1,0,0,0> }
	no_shadow
}

// nucleotide -1

// particle -1
sphere {
	<28.338451, 42.623257, 31.606565> 0.250000
	pigment { color rgbt <1,0,0,0> }
	no_shadow
}
cylinder {
	<28.444067, 42.523739, 31.233816>,  <28.507437, 42.464027, 31.010166>, 0.100000
	pigment { color rgbt <1,0,0,0> }
	no_shadow
}
cylinder {
	<28.444067, 42.523739, 31.233816>,  <28.338451, 42.623257, 31.606565>, 0.100000
	pigment { color rgbt <1,0,0,0> }
	no_shadow
}

// particle -1
sphere {
	<28.444067, 42.523739, 31.233816> 0.100000
	pigment { color rgbt <1,0,0,0> }
	no_shadow
}
sphere {
	0, 1
	scale<0.080000,0.200000,0.300000>
	matrix <0.191448, -0.933416, 0.303450,
		-0.945321, -0.258528, -0.198826,
		0.264038, -0.248792, -0.931873,
		28.523279, 42.449100, 30.954254>
	pigment { color rgbt <0,1,1,0> }
	no_shadow
}
cylinder {
	<28.157993, 41.915981, 31.562704>,  <28.338451, 42.623257, 31.606565>, 0.130000
	pigment { color rgbt <1,0,0,0> }
	no_shadow
}

// nucleotide -1

// particle -1
sphere {
	<28.157993, 41.915981, 31.562704> 0.250000
	pigment { color rgbt <1,0,0,0> }
	no_shadow
}
cylinder {
	<28.379662, 41.963875, 31.233206>,  <28.512663, 41.992611, 31.035507>, 0.100000
	pigment { color rgbt <1,0,0,0> }
	no_shadow
}
cylinder {
	<28.379662, 41.963875, 31.233206>,  <28.157993, 41.915981, 31.562704>, 0.100000
	pigment { color rgbt <1,0,0,0> }
	no_shadow
}

// particle -1
sphere {
	<28.379662, 41.963875, 31.233206> 0.100000
	pigment { color rgbt <1,0,0,0> }
	no_shadow
}
sphere {
	0, 1
	scale<0.080000,0.200000,0.300000>
	matrix <0.154194, -0.987240, -0.039768,
		-0.817997, -0.104978, -0.565563,
		0.554171, 0.119736, -0.823746,
		28.545914, 41.999794, 30.986082>
	pigment { color rgbt <0,1,1,0> }
	no_shadow
}
cylinder {
	<27.896450, 41.481327, 31.123554>,  <28.157993, 41.915981, 31.562704>, 0.130000
	pigment { color rgbt <1,0,0,0> }
	no_shadow
}

// nucleotide -1

// particle -1
sphere {
	<27.896450, 41.481327, 31.123554> 0.250000
	pigment { color rgbt <1,0,0,0> }
	no_shadow
}
cylinder {
	<28.263163, 41.558846, 30.983864>,  <28.483191, 41.605354, 30.900049>, 0.100000
	pigment { color rgbt <1,0,0,0> }
	no_shadow
}
cylinder {
	<28.263163, 41.558846, 30.983864>,  <27.896450, 41.481327, 31.123554>, 0.100000
	pigment { color rgbt <1,0,0,0> }
	no_shadow
}

// particle -1
sphere {
	<28.263163, 41.558846, 30.983864> 0.100000
	pigment { color rgbt <1,0,0,0> }
	no_shadow
}
sphere {
	0, 1
	scale<0.080000,0.200000,0.300000>
	matrix <0.166869, -0.980274, -0.105910,
		-0.362863, 0.038821, -0.931034,
		0.916780, 0.193792, -0.349227,
		28.538197, 41.616982, 30.879095>
	pigment { color rgbt <0,1,1,0> }
	no_shadow
}
cylinder {
	<28.057144, 41.033451, 30.564484>,  <27.896450, 41.481327, 31.123554>, 0.130000
	pigment { color rgbt <1,0,0,0> }
	no_shadow
}

// nucleotide -1

// particle -1
sphere {
	<28.057144, 41.033451, 30.564484> 0.250000
	pigment { color rgbt <1,0,0,0> }
	no_shadow
}
cylinder {
	<28.413399, 41.143459, 30.709332>,  <28.627151, 41.209465, 30.796240>, 0.100000
	pigment { color rgbt <1,0,0,0> }
	no_shadow
}
cylinder {
	<28.413399, 41.143459, 30.709332>,  <28.057144, 41.033451, 30.564484>, 0.100000
	pigment { color rgbt <1,0,0,0> }
	no_shadow
}

// particle -1
sphere {
	<28.413399, 41.143459, 30.709332> 0.100000
	pigment { color rgbt <1,0,0,0> }
	no_shadow
}
sphere {
	0, 1
	scale<0.080000,0.200000,0.300000>
