// switches for output
#declare DRAW_BASES = 1; // possible values are 0, 1; only relevant for DNA ribbons
#declare DRAW_BASES_TYPE = 3; // possible values are 1, 2, 3; only relevant for DNA ribbons
#declare DRAW_FOG = 0; // set to 1 to enable fog

#include "colors.inc"

#include "transforms.inc"
background { rgb <1, 1, 1>}

#default {
   normal{
       ripples 0.25
       frequency 0.20
       turbulence 0.2
       lambda 5
   }
	finish {
		phong 0.1
		phong_size 40.
	}
}

// original window dimensions: 1024x640


// camera settings

camera {
	sky <0, 0.179814, -0.983701>
	up <0, 0.179814, -0.983701>
	right 1.6 * <1, 0, 0>
	location <35, 94.9851, 44.8844>
	look_at <35, 29.7336, 32.9568>
	direction <0, -65.2515, -11.9276>
	angle 67.0682
}


# declare cpy_camera_pos = <35, 94.9851, 44.8844>;
# if (DRAW_FOG = 1)
fog {
	fog_type 2
	up vnormalize(cpy_camera_pos)
	color rgbt<1,1,1,0.3>
	distance 1e-5
	fog_alt 3e-3
	fog_offset 56
}
# end


// LIGHTS

# declare lum = 6;
global_settings {
	ambient_light rgb lum * <0.05, 0.05, 0.05>
	max_trace_level 15
}# declare cpy_direct_light_amount = 0.25;
light_source
{	1000 * <-1, -1.16352, -0.803886>,
	rgb lum * cpy_direct_light_amount
	parallel
}

light_source
{	1000 * <1, 1.16352, 0.803886>,
	rgb lum * cpy_direct_light_amount
	parallel
}

// strand 0

// nucleotide -1

// particle -1
sphere {
	<24.264818, 34.904003, 35.011032> 0.250000
	pigment { color rgbt <1,0,0,0> }
	no_shadow
}
cylinder {
	<24.366476, 35.093594, 34.673805>,  <24.427471, 35.207348, 34.471470>, 0.100000
	pigment { color rgbt <1,0,0,0> }
	no_shadow
}
cylinder {
	<24.366476, 35.093594, 34.673805>,  <24.264818, 34.904003, 35.011032>, 0.100000
	pigment { color rgbt <1,0,0,0> }
	no_shadow
}

// particle -1
sphere {
	<24.366476, 35.093594, 34.673805> 0.100000
	pigment { color rgbt <1,0,0,0> }
	no_shadow
}
sphere {
	0, 1
	scale<0.080000,0.200000,0.300000>
	matrix <0.864454, -0.502241, -0.021770,
		-0.433741, -0.723259, -0.537368,
		0.254143, 0.473972, -0.843067,
		24.442719, 35.235786, 34.420887>
	pigment { color rgbt <0,1,1,0> }
	no_shadow
}
cylinder {
	<24.791950, 34.416809, 34.883137>,  <24.264818, 34.904003, 35.011032>, 0.130000
	pigment { color rgbt <1,0,0,0> }
	no_shadow
}

// nucleotide -1

// particle -1
sphere {
	<24.791950, 34.416809, 34.883137> 0.250000
	pigment { color rgbt <1,0,0,0> }
	no_shadow
}
cylinder {
	<24.821594, 34.685223, 34.588051>,  <24.839380, 34.846272, 34.410999>, 0.100000
	pigment { color rgbt <1,0,0,0> }
	no_shadow
}
cylinder {
	<24.821594, 34.685223, 34.588051>,  <24.791950, 34.416809, 34.883137>, 0.100000
	pigment { color rgbt <1,0,0,0> }
	no_shadow
}

// particle -1
sphere {
	<24.821594, 34.685223, 34.588051> 0.100000
	pigment { color rgbt <1,0,0,0> }
	no_shadow
}
sphere {
	0, 1
	scale<0.080000,0.200000,0.300000>
	matrix <0.871728, -0.402878, -0.278888,
		-0.484352, -0.622419, -0.614815,
		0.074110, 0.671032, -0.737716,
		24.843826, 34.886532, 34.366737>
	pigment { color rgbt <0,1,1,0> }
	no_shadow
}
cylinder {
	<24.831442, 34.069031, 34.225487>,  <24.791950, 34.416809, 34.883137>, 0.130000
	pigment { color rgbt <1,0,0,0> }
	no_shadow
}

// nucleotide -1

// particle -1
sphere {
	<24.831442, 34.069031, 34.225487> 0.250000
	pigment { color rgbt <1,0,0,0> }
	no_shadow
}
cylinder {
	<25.025276, 34.409912, 34.146568>,  <25.141577, 34.614441, 34.099216>, 0.100000
	pigment { color rgbt <1,0,0,0> }
	no_shadow
}
cylinder {
	<25.025276, 34.409912, 34.146568>,  <24.831442, 34.069031, 34.225487>, 0.100000
	pigment { color rgbt <1,0,0,0> }
	no_shadow
}

// particle -1
sphere {
	<25.025276, 34.409912, 34.146568> 0.100000
	pigment { color rgbt <1,0,0,0> }
	no_shadow
}
sphere {
	0, 1
	scale<0.080000,0.200000,0.300000>
	matrix <0.763896, -0.522164, -0.379220,
		-0.426194, 0.033052, -0.904028,
		0.484584, 0.852205, -0.197295,
		25.170652, 34.665573, 34.087379>
	pigment { color rgbt <0,1,1,0> }
	no_shadow
}
cylinder {
	<25.085297, 34.019634, 33.582577>,  <24.831442, 34.069031, 34.225487>, 0.130000
	pigment { color rgbt <1,0,0,0> }
	no_shadow
}

// nucleotide -1

// particle -1
sphere {
	<25.085297, 34.019634, 33.582577> 0.250000
	pigment { color rgbt <1,0,0,0> }
	no_shadow
}
cylinder {
	<25.316721, 34.255413, 33.808079>,  <25.455576, 34.396881, 33.943378>, 0.100000
	pigment { color rgbt <1,0,0,0> }
	no_shadow
}
cylinder {
	<25.316721, 34.255413, 33.808079>,  <25.085297, 34.019634, 33.582577>, 0.100000
	pigment { color rgbt <1,0,0,0> }
	no_shadow
}

// particle -1
sphere {
	<25.316721, 34.255413, 33.808079> 0.100000
	pigment { color rgbt <1,0,0,0> }
	no_shadow
}
sphere {
	0, 1
	scale<0.080000,0.200000,0.300000>
	matrix <0.774186, -0.614411, -0.152102,
		0.256721, 0.524451, -0.811816,
		0.578559, 0.589449, 0.563755,
		25.490288, 34.432247, 33.977203>
	pigment { color rgbt <0,1,1,0> }
	no_shadow
}
cylinder {
	<25.580048, 34.272453, 33.187283>,  <25.085297, 34.019634, 33.582577>, 0.130000
	pigment { color rgbt <1,0,0,0> }
	no_shadow
}

// nucleotide -1

// particle -1
sphere {
	<25.580048, 34.272453, 33.187283> 0.250000
	pigment { color rgbt <1,0,0,0> }
	no_shadow
}
cylinder {
	<25.714855, 34.267971, 33.563854>,  <25.795740, 34.265282, 33.789799>, 0.100000
	pigment { color rgbt <1,0,0,0> }
	no_shadow
}
cylinder {
	<25.714855, 34.267971, 33.563854>,  <25.580048, 34.272453, 33.187283>, 0.100000
	pigment { color rgbt <1,0,0,0> }
	no_shadow
}

// particle -1
sphere {
	<25.714855, 34.267971, 33.563854> 0.100000
	pigment { color rgbt <1,0,0,0> }
	no_shadow
}
sphere {
	0, 1
	scale<0.080000,0.200000,0.300000>
	matrix <0.756073, -0.592642, -0.277720,
		0.561044, 0.805388, -0.191258,
		0.337020, -0.011208, 0.941431,
		25.815962, 34.264610, 33.846283>
	pigment { color rgbt <0,1,1,0> }
	no_shadow
}
cylinder {
	<26.330715, 34.446228, 33.102474>,  <25.580048, 34.272453, 33.187283>, 0.130000
	pigment { color rgbt <1,0,0,0> }
	no_shadow
}

// nucleotide -1

// particle -1
sphere {
	<26.330715, 34.446228, 33.102474> 0.250000
	pigment { color rgbt <1,0,0,0> }
	no_shadow
}
cylinder {
	<26.234585, 34.176949, 33.382202>,  <26.176907, 34.015381, 33.550037>, 0.100000
	pigment { color rgbt <1,0,0,0> }
	no_shadow
}
cylinder {
	<26.234585, 34.176949, 33.382202>,  <26.330715, 34.446228, 33.102474>, 0.100000
	pigment { color rgbt <1,0,0,0> }
	no_shadow
}

// particle -1
sphere {
	<26.234585, 34.176949, 33.382202> 0.100000
	pigment { color rgbt <1,0,0,0> }
	no_shadow
}
sphere {
	0, 1
	scale<0.080000,0.200000,0.300000>
	matrix <0.620380, -0.660616, -0.422747,
		0.746574, 0.332247, 0.576402,
		-0.240325, -0.673200, 0.699318,
		26.162487, 33.974987, 33.591999>
	pigment { color rgbt <0,1,1,0> }
	no_shadow
}
cylinder {
	<26.943146, 34.258984, 33.472988>,  <26.330715, 34.446228, 33.102474>, 0.130000
	pigment { color rgbt <1,0,0,0> }
	no_shadow
}

// nucleotide -1

// particle -1
sphere {
	<26.943146, 34.258984, 33.472988> 0.250000
	pigment { color rgbt <1,0,0,0> }
	no_shadow
}
cylinder {
	<26.670401, 33.968025, 33.503860>,  <26.506754, 33.793449, 33.522385>, 0.100000
	pigment { color rgbt <1,0,0,0> }
	no_shadow
}
cylinder {
	<26.670401, 33.968025, 33.503860>,  <26.943146, 34.258984, 33.472988>, 0.100000
	pigment { color rgbt <1,0,0,0> }
	no_shadow
}

// particle -1
sphere {
	<26.670401, 33.968025, 33.503860> 0.100000
	pigment { color rgbt <1,0,0,0> }
	no_shadow
}
sphere {
	0, 1
	scale<0.080000,0.200000,0.300000>
	matrix <0.731184, -0.674771, 0.100272,
		-0.020861, 0.124802, 0.991962,
		-0.681861, -0.727399, 0.077177,
		26.465841, 33.749805, 33.527012>
	pigment { color rgbt <0,1,1,0> }
	no_shadow
}
cylinder {
	<27.044800, 34.225761, 32.688953>,  <26.943146, 34.258984, 33.472988>, 0.130000
	pigment { color rgbt <1,0,0,0> }
	no_shadow
}

// nucleotide -1

// particle -1
sphere {
	<27.044800, 34.225761, 32.688953> 0.250000
	pigment { color rgbt <1,0,0,0> }
	no_shadow
}
cylinder {
	<27.403347, 34.255669, 32.514168>,  <27.618475, 34.273613, 32.409298>, 0.100000
	pigment { color rgbt <1,0,0,0> }
	no_shadow
}
cylinder {
	<27.403347, 34.255669, 32.514168>,  <27.044800, 34.225761, 32.688953>, 0.100000
	pigment { color rgbt <1,0,0,0> }
	no_shadow
}

// particle -1
sphere {
	<27.403347, 34.255669, 32.514168> 0.100000
	pigment { color rgbt <1,0,0,0> }
	no_shadow
}
sphere {
	0, 1
	scale<0.080000,0.200000,0.300000>
	matrix <-0.443192, 0.173957, -0.879386,
		0.010263, 0.981911, 0.189065,
		0.896368, 0.074767, -0.436961,
		27.672256, 34.278099, 32.383080>
	pigment { color rgbt <0,1,1,0> }
	no_shadow
}
cylinder {
	<26.992573, 34.692131, 32.134907>,  <27.044800, 34.225761, 32.688953>, 0.130000
	pigment { color rgbt <1,0,0,0> }
	no_shadow
}

// nucleotide -1

// particle -1
sphere {
	<26.992573, 34.692131, 32.134907> 0.250000
	pigment { color rgbt <1,0,0,0> }
	no_shadow
}
cylinder {
	<27.317806, 34.483265, 32.031960>,  <27.512947, 34.357944, 31.970192>, 0.100000
	pigment { color rgbt <1,0,0,0> }
	no_shadow
}
cylinder {
	<27.317806, 34.483265, 32.031960>,  <26.992573, 34.692131, 32.134907>, 0.100000
	pigment { color rgbt <1,0,0,0> }
	no_shadow
}

// particle -1
sphere {
	<27.317806, 34.483265, 32.031960> 0.100000
	pigment { color rgbt <1,0,0,0> }
	no_shadow
}
sphere {
	0, 1
	scale<0.080000,0.200000,0.300000>
	matrix <-0.340255, -0.067545, -0.937904,
		0.472356, 0.850166, -0.232589,
		0.813084, -0.522165, -0.257368,
		27.561731, 34.326614, 31.954750>
	pigment { color rgbt <0,1,1,0> }
	no_shadow
}
cylinder {
	<27.048168, 35.035240, 31.523132>,  <26.992573, 34.692131, 32.134907>, 0.130000
	pigment { color rgbt <1,0,0,0> }
	no_shadow
}

// nucleotide -1

// particle -1
sphere {
	<27.048168, 35.035240, 31.523132> 0.250000
	pigment { color rgbt <1,0,0,0> }
	no_shadow
}
cylinder {
	<27.243687, 34.686516, 31.510355>,  <27.360998, 34.477280, 31.502689>, 0.100000
	pigment { color rgbt <1,0,0,0> }
	no_shadow
}
cylinder {
	<27.243687, 34.686516, 31.510355>,  <27.048168, 35.035240, 31.523132>, 0.100000
	pigment { color rgbt <1,0,0,0> }
	no_shadow
}

// particle -1
sphere {
	<27.243687, 34.686516, 31.510355> 0.100000
	pigment { color rgbt <1,0,0,0> }
	no_shadow
}
sphere {
	0, 1
	scale<0.080000,0.200000,0.300000>
	matrix <-0.309285, -0.138937, -0.940765,
		0.815733, 0.469722, -0.337551,
		0.488797, -0.871813, -0.031942,
		27.390326, 34.424973, 31.500772>
	pigment { color rgbt <0,1,1,0> }
	no_shadow
}
cylinder {
	<27.458244, 35.034081, 30.868372>,  <27.048168, 35.035240, 31.523132>, 0.130000
	pigment { color rgbt <1,0,0,0> }
	no_shadow
}

// nucleotide -1

// particle -1
sphere {
	<27.458244, 35.034081, 30.868372> 0.250000
	pigment { color rgbt <1,0,0,0> }
	no_shadow
}
cylinder {
	<27.431465, 34.643963, 30.952574>,  <27.415398, 34.409893, 31.003096>, 0.100000
	pigment { color rgbt <1,0,0,0> }
	no_shadow
}
cylinder {
	<27.431465, 34.643963, 30.952574>,  <27.458244, 35.034081, 30.868372>, 0.100000
	pigment { color rgbt <1,0,0,0> }
	no_shadow
}

// particle -1
sphere {
	<27.431465, 34.643963, 30.952574> 0.100000
	pigment { color rgbt <1,0,0,0> }
	no_shadow
}
sphere {
	0, 1
	scale<0.080000,0.200000,0.300000>
	matrix <-0.451659, -0.158500, -0.877999,
		0.889675, -0.153858, -0.429890,
		-0.066950, -0.975297, 0.210505,
		27.411381, 34.351372, 31.015726>
	pigment { color rgbt <0,1,1,0> }
	no_shadow
}
cylinder {
	<27.495842, 34.712162, 30.239651>,  <27.458244, 35.034081, 30.868372>, 0.130000
	pigment { color rgbt <1,0,0,0> }
	no_shadow
}

// nucleotide -1

// particle -1
sphere {
	<27.495842, 34.712162, 30.239651> 0.250000
	pigment { color rgbt <1,0,0,0> }
	no_shadow
}
cylinder {
	<27.366154, 34.416595, 30.475914>,  <27.288340, 34.239254, 30.617672>, 0.100000
	pigment { color rgbt <1,0,0,0> }
	no_shadow
}
cylinder {
	<27.366154, 34.416595, 30.475914>,  <27.495842, 34.712162, 30.239651>, 0.100000
	pigment { color rgbt <1,0,0,0> }
	no_shadow
}

// particle -1
sphere {
	<27.366154, 34.416595, 30.475914> 0.100000
	pigment { color rgbt <1,0,0,0> }
	no_shadow
}
sphere {
	0, 1
	scale<0.080000,0.200000,0.300000>
	matrix <-0.524976, -0.378872, -0.762139,
		0.786944, -0.557184, -0.265076,
		-0.324222, -0.738919, 0.590659,
		27.268887, 34.194920, 30.653112>
	pigment { color rgbt <0,1,1,0> }
	no_shadow
}
cylinder {
	<27.605362, 34.013874, 29.944811>,  <27.495842, 34.712162, 30.239651>, 0.130000
	pigment { color rgbt <1,0,0,0> }
	no_shadow
}

// nucleotide -1

// particle -1
sphere {
	<27.605362, 34.013874, 29.944811> 0.250000
	pigment { color rgbt <1,0,0,0> }
	no_shadow
}
cylinder {
	<27.291899, 33.969906, 30.189365>,  <27.103821, 33.943523, 30.336098>, 0.100000
	pigment { color rgbt <1,0,0,0> }
	no_shadow
}
cylinder {
	<27.291899, 33.969906, 30.189365>,  <27.605362, 34.013874, 29.944811>, 0.100000
	pigment { color rgbt <1,0,0,0> }
	no_shadow
}

// particle -1
sphere {
	<27.291899, 33.969906, 30.189365> 0.100000
	pigment { color rgbt <1,0,0,0> }
	no_shadow
}
sphere {
	0, 1
	scale<0.080000,0.200000,0.300000>
	matrix <-0.536796, -0.375472, -0.755560,
		0.312613, -0.920292, 0.235236,
		-0.783660, -0.109924, 0.611386,
		27.056801, 33.936928, 30.372782>
	pigment { color rgbt <0,1,1,0> }
	no_shadow
}
cylinder {
	<27.429064, 33.411648, 29.661903>,  <27.605362, 34.013874, 29.944811>, 0.130000
	pigment { color rgbt <1,0,0,0> }
	no_shadow
}

// nucleotide -1

// particle -1
sphere {
	<27.429064, 33.411648, 29.661903> 0.250000
	pigment { color rgbt <1,0,0,0> }
	no_shadow
}
cylinder {
	<27.122257, 33.558659, 29.872280>,  <26.938173, 33.646866, 29.998507>, 0.100000
	pigment { color rgbt <1,0,0,0> }
	no_shadow
}
cylinder {
	<27.122257, 33.558659, 29.872280>,  <27.429064, 33.411648, 29.661903>, 0.100000
	pigment { color rgbt <1,0,0,0> }
	no_shadow
}

// particle -1
sphere {
	<27.122257, 33.558659, 29.872280> 0.100000
	pigment { color rgbt <1,0,0,0> }
	no_shadow
}
sphere {
	0, 1
	scale<0.080000,0.200000,0.300000>
	matrix <-0.630086, -0.276658, -0.725570,
		-0.121160, -0.887911, 0.443773,
		-0.767015, 0.367525, 0.525941,
		26.892153, 33.668919, 30.030062>
	pigment { color rgbt <0,1,1,0> }
	no_shadow
}
cylinder {
	<26.901836, 32.958839, 29.568523>,  <27.429064, 33.411648, 29.661903>, 0.130000
	pigment { color rgbt <1,0,0,0> }
	no_shadow
}

// nucleotide -1

// particle -1
sphere {
	<26.901836, 32.958839, 29.568523> 0.250000
	pigment { color rgbt <1,0,0,0> }
	no_shadow
}
cylinder {
	<26.698009, 33.276127, 29.701878>,  <26.575714, 33.466499, 29.781891>, 0.100000
	pigment { color rgbt <1,0,0,0> }
	no_shadow
}
cylinder {
	<26.698009, 33.276127, 29.701878>,  <26.901836, 32.958839, 29.568523>, 0.100000
	pigment { color rgbt <1,0,0,0> }
	no_shadow
}

// particle -1
sphere {
	<26.698009, 33.276127, 29.701878> 0.100000
	pigment { color rgbt <1,0,0,0> }
	no_shadow
}
sphere {
	0, 1
	scale<0.080000,0.200000,0.300000>
	matrix <-0.752396, -0.222805, -0.619886,
		-0.417427, -0.566709, 0.710349,
		-0.509564, 0.793221, 0.333384,
		26.545139, 33.514091, 29.801893>
	pigment { color rgbt <0,1,1,0> }
	no_shadow
}
cylinder {
	<26.269114, 32.730469, 29.696280>,  <26.901836, 32.958839, 29.568523>, 0.130000
	pigment { color rgbt <1,0,0,0> }
	no_shadow
}

// nucleotide -1

// particle -1
sphere {
	<26.269114, 32.730469, 29.696280> 0.250000
	pigment { color rgbt <1,0,0,0> }
	no_shadow
}
cylinder {
	<26.229481, 33.124912, 29.642950>,  <26.205700, 33.361580, 29.610952>, 0.100000
	pigment { color rgbt <1,0,0,0> }
	no_shadow
}
cylinder {
	<26.229481, 33.124912, 29.642950>,  <26.269114, 32.730469, 29.696280>, 0.100000
	pigment { color rgbt <1,0,0,0> }
	no_shadow
}

// particle -1
sphere {
	<26.229481, 33.124912, 29.642950> 0.100000
	pigment { color rgbt <1,0,0,0> }
	no_shadow
}
sphere {
	0, 1
	scale<0.080000,0.200000,0.300000>
	matrix <-0.703497, -0.164175, -0.691476,
		-0.703757, 0.025278, 0.709991,
		-0.099083, 0.986108, -0.133322,
		26.199757, 33.420746, 29.602953>
	pigment { color rgbt <0,1,1,0> }
	no_shadow
}
cylinder {
	<25.557770, 32.867222, 29.639126>,  <26.269114, 32.730469, 29.696280>, 0.130000
	pigment { color rgbt <1,0,0,0> }
	no_shadow
}

// nucleotide -1

// particle -1
sphere {
	<25.557770, 32.867222, 29.639126> 0.250000
	pigment { color rgbt <1,0,0,0> }
	no_shadow
}
cylinder {
	<25.760500, 33.152115, 29.444870>,  <25.882139, 33.323051, 29.328318>, 0.100000
	pigment { color rgbt <1,0,0,0> }
	no_shadow
}
cylinder {
	<25.760500, 33.152115, 29.444870>,  <25.557770, 32.867222, 29.639126>, 0.100000
	pigment { color rgbt <1,0,0,0> }
	no_shadow
}

// particle -1
sphere {
	<25.760500, 33.152115, 29.444870> 0.100000
	pigment { color rgbt <1,0,0,0> }
	no_shadow
}
sphere {
	0, 1
	scale<0.080000,0.200000,0.300000>
	matrix <-0.559811, -0.156468, -0.813713,
		-0.655543, 0.684278, 0.319416,
		0.506827, 0.712237, -0.485638,
		25.912548, 33.365788, 29.299179>
	pigment { color rgbt <0,1,1,0> }
	no_shadow
}
cylinder {
	<25.035801, 33.307163, 29.462851>,  <25.557770, 32.867222, 29.639126>, 0.130000
	pigment { color rgbt <1,0,0,0> }
	no_shadow
}

// nucleotide -1

// particle -1
sphere {
	<25.035801, 33.307163, 29.462851> 0.250000
	pigment { color rgbt <1,0,0,0> }
	no_shadow
}
cylinder {
	<25.346111, 33.393040, 29.225506>,  <25.532297, 33.444565, 29.083099>, 0.100000
	pigment { color rgbt <1,0,0,0> }
	no_shadow
}
cylinder {
	<25.346111, 33.393040, 29.225506>,  <25.035801, 33.307163, 29.462851>, 0.100000
	pigment { color rgbt <1,0,0,0> }
	no_shadow
}

// particle -1
sphere {
	<25.346111, 33.393040, 29.225506> 0.100000
	pigment { color rgbt <1,0,0,0> }
	no_shadow
}
sphere {
	0, 1
	scale<0.080000,0.200000,0.300000>
	matrix <-0.620223, 0.086334, -0.779660,
		-0.116159, 0.972859, 0.200132,
		0.775777, 0.214691, -0.593361,
		25.578844, 33.457447, 29.047497>
	pigment { color rgbt <0,1,1,0> }
	no_shadow
}
cylinder {
	<24.727468, 33.543877, 28.866365>,  <25.035801, 33.307163, 29.462851>, 0.130000
	pigment { color rgbt <1,0,0,0> }
	no_shadow
}

// nucleotide -1

// particle -1
sphere {
	<24.727468, 33.543877, 28.866365> 0.250000
	pigment { color rgbt <1,0,0,0> }
	no_shadow
}
cylinder {
	<25.104723, 33.506180, 28.738861>,  <25.331076, 33.483562, 28.662357>, 0.100000
	pigment { color rgbt <1,0,0,0> }
	no_shadow
}
cylinder {
	<25.104723, 33.506180, 28.738861>,  <24.727468, 33.543877, 28.866365>, 0.100000
	pigment { color rgbt <1,0,0,0> }
	no_shadow
}

// particle -1
sphere {
	<25.104723, 33.506180, 28.738861> 0.100000
	pigment { color rgbt <1,0,0,0> }
	no_shadow
}
sphere {
	0, 1
	scale<0.080000,0.200000,0.300000>
	matrix <-0.321813, -0.018757, -0.946618,
		0.083231, 0.995373, -0.048018,
		0.943138, -0.094241, -0.318762,
		25.387665, 33.477909, 28.643232>
	pigment { color rgbt <0,1,1,0> }
	no_shadow
}
cylinder {
	<24.741518, 34.028610, 28.352936>,  <24.727468, 33.543877, 28.866365>, 0.130000
	pigment { color rgbt <1,0,0,0> }
	no_shadow
}

// nucleotide -1

// particle -1
sphere {
	<24.741518, 34.028610, 28.352936> 0.250000
	pigment { color rgbt <1,0,0,0> }
	no_shadow
}
cylinder {
	<25.018250, 33.745720, 28.294689>,  <25.184288, 33.575985, 28.259741>, 0.100000
	pigment { color rgbt <1,0,0,0> }
	no_shadow
}
cylinder {
	<25.018250, 33.745720, 28.294689>,  <24.741518, 34.028610, 28.352936>, 0.100000
	pigment { color rgbt <1,0,0,0> }
	no_shadow
}

// particle -1
sphere {
	<25.018250, 33.745720, 28.294689> 0.100000
	pigment { color rgbt <1,0,0,0> }
	no_shadow
}
sphere {
	0, 1
	scale<0.080000,0.200000,0.300000>
	matrix <-0.419440, -0.229463, -0.878303,
		0.587747, 0.668712, -0.455388,
		0.691827, -0.707228, -0.145618,
		25.225798, 33.533550, 28.251003>
	pigment { color rgbt <0,1,1,0> }
	no_shadow
}
cylinder {
	<25.018494, 34.092224, 27.704256>,  <24.741518, 34.028610, 28.352936>, 0.130000
	pigment { color rgbt <1,0,0,0> }
	no_shadow
}

// nucleotide -1

// particle -1
sphere {
	<25.018494, 34.092224, 27.704256> 0.250000
	pigment { color rgbt <1,0,0,0> }
	no_shadow
}
cylinder {
	<25.130779, 33.718552, 27.792356>,  <25.198151, 33.494350, 27.845217>, 0.100000
	pigment { color rgbt <1,0,0,0> }
	no_shadow
}
cylinder {
	<25.130779, 33.718552, 27.792356>,  <25.018494, 34.092224, 27.704256>, 0.100000
	pigment { color rgbt <1,0,0,0> }
	no_shadow
}

// particle -1
sphere {
	<25.130779, 33.718552, 27.792356> 0.100000
	pigment { color rgbt <1,0,0,0> }
	no_shadow
}
sphere {
	0, 1
	scale<0.080000,0.200000,0.300000>
	matrix <-0.185225, -0.277891, -0.942586,
		0.941749, 0.223801, -0.251041,
		0.280714, -0.934179, 0.220250,
		25.214993, 33.438297, 27.858431>
	pigment { color rgbt <0,1,1,0> }
	no_shadow
}
cylinder {
	<25.593761, 33.766205, 27.218088>,  <25.018494, 34.092224, 27.704256>, 0.130000
	pigment { color rgbt <1,0,0,0> }
	no_shadow
}

// nucleotide -1

// particle -1
sphere {
	<25.593761, 33.766205, 27.218088> 0.250000
	pigment { color rgbt <1,0,0,0> }
	no_shadow
}
cylinder {
	<25.386776, 33.461884, 27.374758>,  <25.262585, 33.279289, 27.468760>, 0.100000
	pigment { color rgbt <1,0,0,0> }
	no_shadow
}
cylinder {
	<25.386776, 33.461884, 27.374758>,  <25.593761, 33.766205, 27.218088>, 0.100000
	pigment { color rgbt <1,0,0,0> }
	no_shadow
}

// particle -1
sphere {
	<25.386776, 33.461884, 27.374758> 0.100000
	pigment { color rgbt <1,0,0,0> }
	no_shadow
}
sphere {
	0, 1
	scale<0.080000,0.200000,0.300000>
	matrix <-0.041375, -0.434941, -0.899508,
		0.854703, -0.481669, 0.193589,
		-0.517465, -0.760803, 0.391675,
		25.231537, 33.233643, 27.492260>
	pigment { color rgbt <0,1,1,0> }
	no_shadow
}
cylinder {
	<25.916718, 33.253201, 26.854200>,  <25.593761, 33.766205, 27.218088>, 0.130000
	pigment { color rgbt <1,0,0,0> }
	no_shadow
}

// nucleotide -1

// particle -1
sphere {
	<25.916718, 33.253201, 26.854200> 0.250000
	pigment { color rgbt <1,0,0,0> }
	no_shadow
}
cylinder {
	<25.593376, 33.086411, 27.020428>,  <25.399370, 32.986336, 27.120165>, 0.100000
	pigment { color rgbt <1,0,0,0> }
	no_shadow
}
cylinder {
	<25.593376, 33.086411, 27.020428>,  <25.916718, 33.253201, 26.854200>, 0.100000
	pigment { color rgbt <1,0,0,0> }
	no_shadow
}

// particle -1
sphere {
	<25.593376, 33.086411, 27.020428> 0.100000
	pigment { color rgbt <1,0,0,0> }
	no_shadow
}
sphere {
	0, 1
	scale<0.080000,0.200000,0.300000>
	matrix <-0.102526, -0.595410, -0.796854,
		0.579699, -0.686747, 0.438552,
		-0.808355, -0.416972, 0.415568,
		25.350870, 32.961319, 27.145098>
	pigment { color rgbt <0,1,1,0> }
	no_shadow
}
cylinder {
	<25.979885, 32.542213, 26.827503>,  <25.916718, 33.253201, 26.854200>, 0.130000
	pigment { color rgbt <1,0,0,0> }
	no_shadow
}

// nucleotide -1

// particle -1
sphere {
	<25.979885, 32.542213, 26.827503> 0.250000
	pigment { color rgbt <1,0,0,0> }
	no_shadow
}
cylinder {
	<25.591167, 32.636364, 26.833294>,  <25.357937, 32.692856, 26.836769>, 0.100000
	pigment { color rgbt <1,0,0,0> }
	no_shadow
}
cylinder {
	<25.591167, 32.636364, 26.833294>,  <25.979885, 32.542213, 26.827503>, 0.100000
	pigment { color rgbt <1,0,0,0> }
	no_shadow
}

// particle -1
sphere {
	<25.591167, 32.636364, 26.833294> 0.100000
	pigment { color rgbt <1,0,0,0> }
	no_shadow
}
sphere {
	0, 1
	scale<0.080000,0.200000,0.300000>
	matrix <-0.149134, -0.565839, -0.810916,
		-0.182682, -0.790204, 0.584983,
		-0.971796, 0.235381, 0.014477,
		25.299629, 32.706978, 26.837637>
	pigment { color rgbt <0,1,1,0> }
	no_shadow
}
cylinder {
	<25.599455, 31.864983, 26.662500>,  <25.979885, 32.542213, 26.827503>, 0.130000
	pigment { color rgbt <1,0,0,0> }
	no_shadow
}

// nucleotide -1

// particle -1
sphere {
	<25.599455, 31.864983, 26.662500> 0.250000
	pigment { color rgbt <1,0,0,0> }
	no_shadow
}
cylinder {
	<25.323595, 32.150776, 26.615347>,  <25.158079, 32.322250, 26.587055>, 0.100000
	pigment { color rgbt <1,0,0,0> }
	no_shadow
}
cylinder {
	<25.323595, 32.150776, 26.615347>,  <25.599455, 31.864983, 26.662500>, 0.100000
	pigment { color rgbt <1,0,0,0> }
	no_shadow
}

// particle -1
sphere {
	<25.323595, 32.150776, 26.615347> 0.100000
	pigment { color rgbt <1,0,0,0> }
	no_shadow
}
sphere {
	0, 1
	scale<0.080000,0.200000,0.300000>
	matrix <-0.331694, -0.456391, -0.825643,
		-0.643710, -0.530303, 0.551739,
		-0.689650, 0.714483, -0.117885,
		25.116699, 32.365120, 26.579981>
	pigment { color rgbt <0,1,1,0> }
	no_shadow
}
cylinder {
	<24.961290, 31.512974, 26.619070>,  <25.599455, 31.864983, 26.662500>, 0.130000
	pigment { color rgbt <1,0,0,0> }
	no_shadow
}

// nucleotide -1

// particle -1
sphere {
	<24.961290, 31.512974, 26.619070> 0.250000
	pigment { color rgbt <1,0,0,0> }
	no_shadow
}
cylinder {
	<24.973610, 31.873302, 26.445833>,  <24.981003, 32.089500, 26.341890>, 0.100000
	pigment { color rgbt <1,0,0,0> }
	no_shadow
}
cylinder {
	<24.973610, 31.873302, 26.445833>,  <24.961290, 31.512974, 26.619070>, 0.100000
	pigment { color rgbt <1,0,0,0> }
	no_shadow
}

// particle -1
sphere {
	<24.973610, 31.873302, 26.445833> 0.100000
	pigment { color rgbt <1,0,0,0> }
	no_shadow
}
sphere {
	0, 1
	scale<0.080000,0.200000,0.300000>
	matrix <-0.230324, -0.415242, -0.880071,
		-0.972626, 0.126858, 0.194691,
		0.030801, 0.900822, -0.433094,
		24.982849, 32.143551, 26.315905>
	pigment { color rgbt <0,1,1,0> }
	no_shadow
}
cylinder {
	<24.341810, 31.685900, 26.307293>,  <24.961290, 31.512974, 26.619070>, 0.130000
	pigment { color rgbt <1,0,0,0> }
	no_shadow
}

// nucleotide -1

// particle -1
sphere {
	<24.341810, 31.685900, 26.307293> 0.250000
	pigment { color rgbt <1,0,0,0> }
	no_shadow
}
cylinder {
	<24.671997, 31.804922, 26.115435>,  <24.870110, 31.876335, 26.000319>, 0.100000
	pigment { color rgbt <1,0,0,0> }
	no_shadow
}
cylinder {
	<24.671997, 31.804922, 26.115435>,  <24.341810, 31.685900, 26.307293>, 0.100000
	pigment { color rgbt <1,0,0,0> }
	no_shadow
}

// particle -1
sphere {
	<24.671997, 31.804922, 26.115435> 0.100000
	pigment { color rgbt <1,0,0,0> }
	no_shadow
}
sphere {
	0, 1
	scale<0.080000,0.200000,0.300000>
	matrix <-0.240805, -0.582907, -0.776036,
		-0.510503, 0.756095, -0.409519,
		0.825469, 0.297555, -0.479648,
		24.919638, 31.894188, 25.971540>
	pigment { color rgbt <0,1,1,0> }
	no_shadow
}
cylinder {
	<24.121431, 31.752590, 25.575140>,  <24.341810, 31.685900, 26.307293>, 0.130000
	pigment { color rgbt <1,0,0,0> }
	no_shadow
}

// nucleotide -1

// particle -1
sphere {
	<24.121431, 31.752590, 25.575140> 0.250000
	pigment { color rgbt <1,0,0,0> }
	no_shadow
}
cylinder {
	<24.507654, 31.650393, 25.594814>,  <24.739388, 31.589075, 25.606619>, 0.100000
	pigment { color rgbt <1,0,0,0> }
	no_shadow
}
cylinder {
	<24.507654, 31.650393, 25.594814>,  <24.121431, 31.752590, 25.575140>, 0.100000
	pigment { color rgbt <1,0,0,0> }
	no_shadow
}

// particle -1
sphere {
	<24.507654, 31.650393, 25.594814> 0.100000
	pigment { color rgbt <1,0,0,0> }
	no_shadow
}
sphere {
	0, 1
	scale<0.080000,0.200000,0.300000>
	matrix <-0.142665, -0.677985, -0.721098,
		0.217583, 0.689246, -0.691085,
		0.965559, -0.255493, 0.049187,
		24.797321, 31.573744, 25.609570>
	pigment { color rgbt <0,1,1,0> }
	no_shadow
}
cylinder {
	<24.508789, 31.646196, 24.846775>,  <24.121431, 31.752590, 25.575140>, 0.130000
	pigment { color rgbt <1,0,0,0> }
	no_shadow
}

// nucleotide -1

// particle -1
sphere {
	<24.508789, 31.646196, 24.846775> 0.250000
	pigment { color rgbt <1,0,0,0> }
	no_shadow
}
cylinder {
	<24.716879, 31.433437, 25.114044>,  <24.841732, 31.305782, 25.274405>, 0.100000
	pigment { color rgbt <1,0,0,0> }
	no_shadow
}
cylinder {
	<24.716879, 31.433437, 25.114044>,  <24.508789, 31.646196, 24.846775>, 0.100000
	pigment { color rgbt <1,0,0,0> }
	no_shadow
}

// particle -1
sphere {
	<24.716879, 31.433437, 25.114044> 0.100000
	pigment { color rgbt <1,0,0,0> }
	no_shadow
}
sphere {
	0, 1
	scale<0.080000,0.200000,0.300000>
	matrix <0.063994, -0.755897, -0.651556,
		0.851630, 0.381713, -0.359196,
		0.520223, -0.531898, 0.668171,
		24.872946, 31.273869, 25.314495>
	pigment { color rgbt <0,1,1,0> }
	no_shadow
}
cylinder {
	<25.188150, 31.393042, 24.543648>,  <24.508789, 31.646196, 24.846775>, 0.130000
	pigment { color rgbt <1,0,0,0> }
	no_shadow
}

// nucleotide -1

// particle -1
sphere {
	<25.188150, 31.393042, 24.543648> 0.250000
	pigment { color rgbt <1,0,0,0> }
	no_shadow
}
cylinder {
	<25.113506, 31.173716, 24.869722>,  <25.068720, 31.042120, 25.065367>, 0.100000
	pigment { color rgbt <1,0,0,0> }
	no_shadow
}
cylinder {
	<25.113506, 31.173716, 24.869722>,  <25.188150, 31.393042, 24.543648>, 0.100000
	pigment { color rgbt <1,0,0,0> }
	no_shadow
}

// particle -1
sphere {
	<25.113506, 31.173716, 24.869722> 0.100000
	pigment { color rgbt <1,0,0,0> }
	no_shadow
}
sphere {
	0, 1
	scale<0.080000,0.200000,0.300000>
	matrix <-0.361197, -0.733356, -0.575956,
		0.913627, -0.401922, -0.061199,
		-0.186609, -0.548314, 0.815187,
		25.057524, 31.009222, 25.114279>
	pigment { color rgbt <0,1,1,0> }
	no_shadow
}
cylinder {
	<25.586405, 30.690027, 24.612823>,  <25.188150, 31.393042, 24.543648>, 0.130000
	pigment { color rgbt <1,0,0,0> }
	no_shadow
}

// nucleotide -1

// particle -1
sphere {
	<25.586405, 30.690027, 24.612823> 0.250000
	pigment { color rgbt <1,0,0,0> }
	no_shadow
}
cylinder {
	<25.222399, 30.699341, 24.778391>,  <25.003994, 30.704929, 24.877731>, 0.100000
	pigment { color rgbt <1,0,0,0> }
	no_shadow
}
cylinder {
	<25.222399, 30.699341, 24.778391>,  <25.586405, 30.690027, 24.612823>, 0.100000
	pigment { color rgbt <1,0,0,0> }
	no_shadow
}

// particle -1
sphere {
	<25.222399, 30.699341, 24.778391> 0.100000
	pigment { color rgbt <1,0,0,0> }
	no_shadow
}
sphere {
	0, 1
	scale<0.080000,0.200000,0.300000>
	matrix <-0.268355, -0.794114, -0.545314,
		0.316001, -0.607322, 0.728905,
		-0.910016, 0.023285, 0.413919,
		24.949394, 30.706327, 24.902567>
	pigment { color rgbt <0,1,1,0> }
	no_shadow
}
cylinder {
	<25.798855, 31.020107, 23.972139>,  <25.586405, 30.690027, 24.612823>, 0.130000
	pigment { color rgbt <1,0,0,0> }
	no_shadow
}

// nucleotide -1

// particle -1
sphere {
	<25.798855, 31.020107, 23.972139> 0.250000
	pigment { color rgbt <1,0,0,0> }
	no_shadow
}
cylinder {
	<25.814503, 30.665106, 23.788485>,  <25.823893, 30.452105, 23.678291>, 0.100000
	pigment { color rgbt <1,0,0,0> }
	no_shadow
}
cylinder {
	<25.814503, 30.665106, 23.788485>,  <25.798855, 31.020107, 23.972139>, 0.100000
	pigment { color rgbt <1,0,0,0> }
	no_shadow
}

// particle -1
sphere {
	<25.814503, 30.665106, 23.788485> 0.100000
	pigment { color rgbt <1,0,0,0> }
	no_shadow
}
sphere {
	0, 1
	scale<0.080000,0.200000,0.300000>
	matrix <-0.882067, -0.246566, 0.401451,
		-0.469497, 0.389285, -0.792484,
		0.039121, -0.887503, -0.459137,
		25.826239, 30.398855, 23.650743>
	pigment { color rgbt <0,1,1,0> }
	no_shadow
}
cylinder {
	<26.463799, 30.933174, 23.570631>,  <25.798855, 31.020107, 23.972139>, 0.130000
	pigment { color rgbt <1,0,0,0> }
	no_shadow
}

// nucleotide -1

// particle -1
sphere {
	<26.463799, 30.933174, 23.570631> 0.250000
	pigment { color rgbt <1,0,0,0> }
	no_shadow
}
cylinder {
	<26.404316, 31.308170, 23.696486>,  <26.368626, 31.533169, 23.771997>, 0.100000
	pigment { color rgbt <1,0,0,0> }
	no_shadow
}
cylinder {
	<26.404316, 31.308170, 23.696486>,  <26.463799, 30.933174, 23.570631>, 0.100000
	pigment { color rgbt <1,0,0,0> }
	no_shadow
}

// particle -1
sphere {
	<26.404316, 31.308170, 23.696486> 0.100000
	pigment { color rgbt <1,0,0,0> }
	no_shadow
}
sphere {
	0, 1
	scale<0.080000,0.200000,0.300000>
	matrix <-0.883171, 0.017222, -0.468734,
		-0.444853, -0.347580, 0.825405,
		-0.148708, 0.937492, 0.314634,
		26.359703, 31.589418, 23.790876>
	pigment { color rgbt <0,1,1,0> }
	no_shadow
}
cylinder {
	<27.157597, 31.233326, 23.575695>,  <26.463799, 30.933174, 23.570631>, 0.130000
	pigment { color rgbt <1,0,0,0> }
	no_shadow
}

// nucleotide -1

// particle -1
sphere {
	<27.157597, 31.233326, 23.575695> 0.250000
	pigment { color rgbt <1,0,0,0> }
	no_shadow
}
cylinder {
	<27.543205, 31.206734, 23.472746>,  <27.774570, 31.190779, 23.410976>, 0.100000
	pigment { color rgbt <1,0,0,0> }
	no_shadow
}
cylinder {
	<27.543205, 31.206734, 23.472746>,  <27.157597, 31.233326, 23.575695>, 0.100000
	pigment { color rgbt <1,0,0,0> }
	no_shadow
}

// particle -1
sphere {
	<27.543205, 31.206734, 23.472746> 0.100000
	pigment { color rgbt <1,0,0,0> }
	no_shadow
}
sphere {
	0, 1
	scale<0.080000,0.200000,0.300000>
	matrix <0.209349, 0.786544, 0.580966,
		0.163813, -0.613945, 0.772164,
		0.964022, -0.066482, -0.257375,
		27.832413, 31.186789, 23.395533>
	pigment { color rgbt <0,1,1,0> }
	no_shadow
}
cylinder {
	<27.644659, 31.080536, 24.202780>,  <27.157597, 31.233326, 23.575695>, 0.130000
	pigment { color rgbt <1,0,0,0> }
	no_shadow
}

// nucleotide -1

// particle -1
sphere {
	<27.644659, 31.080536, 24.202780> 0.250000
	pigment { color rgbt <1,0,0,0> }
	no_shadow
}
cylinder {
	<27.811180, 31.307220, 23.918377>,  <27.911093, 31.443232, 23.747736>, 0.100000
	pigment { color rgbt <1,0,0,0> }
	no_shadow
}
cylinder {
	<27.811180, 31.307220, 23.918377>,  <27.644659, 31.080536, 24.202780>, 0.100000
	pigment { color rgbt <1,0,0,0> }
	no_shadow
}

// particle -1
sphere {
	<27.811180, 31.307220, 23.918377> 0.100000
	pigment { color rgbt <1,0,0,0> }
	no_shadow
}
sphere {
	0, 1
	scale<0.080000,0.200000,0.300000>
	matrix <0.265961, 0.671887, 0.691254,
		0.869458, -0.476871, 0.128985,
		0.416303, 0.566711, -0.711007,
		27.936071, 31.477234, 23.705074>
	pigment { color rgbt <0,1,1,0> }
	no_shadow
}
cylinder {
	<28.428890, 31.078289, 24.213642>,  <27.644659, 31.080536, 24.202780>, 0.130000
	pigment { color rgbt <1,0,0,0> }
	no_shadow
}

// nucleotide -1

// particle -1
sphere {
	<28.428890, 31.078289, 24.213642> 0.250000
	pigment { color rgbt <1,0,0,0> }
	no_shadow
}
cylinder {
	<28.229342, 31.402418, 24.090675>,  <28.109612, 31.596895, 24.016895>, 0.100000
	pigment { color rgbt <1,0,0,0> }
	no_shadow
}
cylinder {
	<28.229342, 31.402418, 24.090675>,  <28.428890, 31.078289, 24.213642>, 0.100000
	pigment { color rgbt <1,0,0,0> }
	no_shadow
}

// particle -1
sphere {
	<28.229342, 31.402418, 24.090675> 0.100000
	pigment { color rgbt <1,0,0,0> }
	no_shadow
}
sphere {
	0, 1
	scale<0.080000,0.200000,0.300000>
	matrix <0.296599, 0.492914, 0.817964,
		0.814344, 0.316880, -0.486242,
		-0.498872, 0.810322, -0.307415,
		28.079679, 31.645515, 23.998451>
	pigment { color rgbt <0,1,1,0> }
	no_shadow
}
cylinder {
	<28.912905, 31.619986, 24.258854>,  <28.428890, 31.078289, 24.213642>, 0.130000
	pigment { color rgbt <1,0,0,0> }
	no_shadow
}

// nucleotide -1

// particle -1
sphere {
	<28.912905, 31.619986, 24.258854> 0.250000
	pigment { color rgbt <1,0,0,0> }
	no_shadow
}
cylinder {
	<28.541817, 31.768375, 24.275415>,  <28.319164, 31.857409, 24.285353>, 0.100000
	pigment { color rgbt <1,0,0,0> }
	no_shadow
}
cylinder {
	<28.541817, 31.768375, 24.275415>,  <28.912905, 31.619986, 24.258854>, 0.100000
	pigment { color rgbt <1,0,0,0> }
	no_shadow
}

// particle -1
sphere {
	<28.541817, 31.768375, 24.275415> 0.100000
	pigment { color rgbt <1,0,0,0> }
	no_shadow
}
sphere {
	0, 1
	scale<0.080000,0.200000,0.300000>
	matrix <0.247825, 0.529185, 0.811508,
		0.279139, 0.763113, -0.582872,
		-0.927720, 0.370974, 0.041402,
		28.263500, 31.879667, 24.287836>
	pigment { color rgbt <0,1,1,0> }
	no_shadow
}
cylinder {
	<29.008789, 32.333691, 24.424269>,  <28.912905, 31.619986, 24.258854>, 0.130000
	pigment { color rgbt <1,0,0,0> }
	no_shadow
}

// nucleotide -1

// particle -1
sphere {
	<29.008789, 32.333691, 24.424269> 0.250000
	pigment { color rgbt <1,0,0,0> }
	no_shadow
}
cylinder {
	<28.630100, 32.234261, 24.506172>,  <28.402887, 32.174603, 24.555315>, 0.100000
	pigment { color rgbt <1,0,0,0> }
	no_shadow
}
cylinder {
	<28.630100, 32.234261, 24.506172>,  <29.008789, 32.333691, 24.424269>, 0.100000
	pigment { color rgbt <1,0,0,0> }
	no_shadow
}

// particle -1
sphere {
	<28.630100, 32.234261, 24.506172> 0.100000
	pigment { color rgbt <1,0,0,0> }
	no_shadow
}
sphere {
	0, 1
	scale<0.080000,0.200000,0.300000>
	matrix <0.021366, 0.585919, 0.810088,
		-0.321341, 0.771303, -0.549392,
		-0.946722, -0.248577, 0.204759,
		28.346083, 32.159687, 24.567600>
	pigment { color rgbt <0,1,1,0> }
	no_shadow
}
cylinder {
	<28.673342, 32.910862, 24.587727>,  <29.008789, 32.333691, 24.424269>, 0.130000
	pigment { color rgbt <1,0,0,0> }
	no_shadow
}

// nucleotide -1

// particle -1
sphere {
	<28.673342, 32.910862, 24.587727> 0.250000
	pigment { color rgbt <1,0,0,0> }
	no_shadow
}
cylinder {
	<28.458681, 32.620934, 24.760536>,  <28.329885, 32.446976, 24.864222>, 0.100000
	pigment { color rgbt <1,0,0,0> }
	no_shadow
}
cylinder {
	<28.458681, 32.620934, 24.760536>,  <28.673342, 32.910862, 24.587727>, 0.100000
	pigment { color rgbt <1,0,0,0> }
	no_shadow
}

// particle -1
sphere {
	<28.458681, 32.620934, 24.760536> 0.100000
	pigment { color rgbt <1,0,0,0> }
	no_shadow
}
sphere {
	0, 1
	scale<0.080000,0.200000,0.300000>
	matrix <-0.053186, 0.540034, 0.839961,
		-0.842127, 0.427787, -0.328359,
		-0.536650, -0.724818, 0.432025,
		28.297686, 32.403488, 24.890144>
	pigment { color rgbt <0,1,1,0> }
	no_shadow
}
cylinder {
	<28.075144, 33.241062, 24.777826>,  <28.673342, 32.910862, 24.587727>, 0.130000
	pigment { color rgbt <1,0,0,0> }
	no_shadow
}

// nucleotide -1

// particle -1
sphere {
	<28.075144, 33.241062, 24.777826> 0.250000
	pigment { color rgbt <1,0,0,0> }
	no_shadow
}
cylinder {
	<28.125093, 32.908657, 24.994650>,  <28.155064, 32.709213, 25.124744>, 0.100000
	pigment { color rgbt <1,0,0,0> }
	no_shadow
}
cylinder {
	<28.125093, 32.908657, 24.994650>,  <28.075144, 33.241062, 24.777826>, 0.100000
	pigment { color rgbt <1,0,0,0> }
	no_shadow
}

// particle -1
sphere {
	<28.125093, 32.908657, 24.994650> 0.100000
	pigment { color rgbt <1,0,0,0> }
	no_shadow
}
sphere {
	0, 1
	scale<0.080000,0.200000,0.300000>
	matrix <-0.003755, 0.545933, 0.837820,
		-0.992166, -0.106657, 0.065052,
		0.124873, -0.831012, 0.542057,
		28.162556, 32.659355, 25.157267>
	pigment { color rgbt <0,1,1,0> }
	no_shadow
}
cylinder {
	<27.760679, 33.381088, 25.341780>,  <28.075144, 33.241062, 24.777826>, 0.130000
	pigment { color rgbt <1,0,0,0> }
	no_shadow
}

// nucleotide -1

// particle -1
sphere {
	<27.760679, 33.381088, 25.341780> 0.250000
	pigment { color rgbt <1,0,0,0> }
	no_shadow
}
cylinder {
	<27.989262, 33.085625, 25.484783>,  <28.126411, 32.908344, 25.570585>, 0.100000
	pigment { color rgbt <1,0,0,0> }
	no_shadow
}
cylinder {
	<27.989262, 33.085625, 25.484783>,  <27.760679, 33.381088, 25.341780>, 0.100000
	pigment { color rgbt <1,0,0,0> }
	no_shadow
}

// particle -1
sphere {
	<27.989262, 33.085625, 25.484783> 0.100000
	pigment { color rgbt <1,0,0,0> }
	no_shadow
}
sphere {
	0, 1
	scale<0.080000,0.200000,0.300000>
	matrix <0.119570, 0.505950, 0.854235,
		-0.811874, -0.445411, 0.377451,
		0.571457, -0.738663, 0.357510,
		28.160700, 32.864025, 25.592035>
	pigment { color rgbt <0,1,1,0> }
	no_shadow
}
cylinder {
	<27.586462, 33.384441, 26.056299>,  <27.760679, 33.381088, 25.341780>, 0.130000
	pigment { color rgbt <1,0,0,0> }
	no_shadow
}

// nucleotide -1

// particle -1
sphere {
	<27.586462, 33.384441, 26.056299> 0.250000
	pigment { color rgbt <1,0,0,0> }
	no_shadow
}
cylinder {
	<27.940815, 33.200779, 26.029800>,  <28.153427, 33.090580, 26.013901>, 0.100000
	pigment { color rgbt <1,0,0,0> }
	no_shadow
}
cylinder {
	<27.940815, 33.200779, 26.029800>,  <27.586462, 33.384441, 26.056299>, 0.100000
	pigment { color rgbt <1,0,0,0> }
	no_shadow
}

// particle -1
sphere {
	<27.940815, 33.200779, 26.029800> 0.100000
	pigment { color rgbt <1,0,0,0> }
	no_shadow
}
sphere {
	0, 1
	scale<0.080000,0.200000,0.300000>
	matrix <0.311063, 0.481974, 0.819110,
		-0.344170, -0.746242, 0.569798,
		0.885882, -0.459157, -0.066247,
		28.206579, 33.063030, 26.009926>
	pigment { color rgbt <0,1,1,0> }
	no_shadow
}
cylinder {
	<27.569481, 33.069664, 26.674635>,  <27.586462, 33.384441, 26.056299>, 0.130000
	pigment { color rgbt <1,0,0,0> }
	no_shadow
}

// nucleotide -1

// particle -1
sphere {
	<27.569481, 33.069664, 26.674635> 0.250000
	pigment { color rgbt <1,0,0,0> }
	no_shadow
}
cylinder {
	<27.942663, 33.098804, 26.533619>,  <28.166573, 33.116291, 26.449009>, 0.100000
	pigment { color rgbt <1,0,0,0> }
	no_shadow
}
cylinder {
	<27.942663, 33.098804, 26.533619>,  <27.569481, 33.069664, 26.674635>, 0.100000
	pigment { color rgbt <1,0,0,0> }
	no_shadow
}

// particle -1
sphere {
	<27.942663, 33.098804, 26.533619> 0.100000
	pigment { color rgbt <1,0,0,0> }
	no_shadow
}
sphere {
	0, 1
	scale<0.080000,0.200000,0.300000>
