// switches for output
#declare DRAW_BASES = 1; // possible values are 0, 1; only relevant for DNA ribbons
#declare DRAW_BASES_TYPE = 3; // possible values are 1, 2, 3; only relevant for DNA ribbons
#declare DRAW_FOG = 0; // set to 1 to enable fog

#include "colors.inc"

#include "transforms.inc"
background { rgb <1, 1, 1>}

#default {
   normal{
       ripples 0.25
       frequency 0.20
       turbulence 0.2
       lambda 5
   }
	finish {
		phong 0.1
		phong_size 40.
	}
}

// original window dimensions: 1024x640


// camera settings

camera {
	sky <0, 0.179814, -0.983701>
	up <0, 0.179814, -0.983701>
	right 1.6 * <1, 0, 0>
	location <35, 94.9851, 44.8844>
	look_at <35, 29.7336, 32.9568>
	direction <0, -65.2515, -11.9276>
	angle 67.0682
}


# declare cpy_camera_pos = <35, 94.9851, 44.8844>;
# if (DRAW_FOG = 1)
fog {
	fog_type 2
	up vnormalize(cpy_camera_pos)
	color rgbt<1,1,1,0.3>
	distance 1e-5
	fog_alt 3e-3
	fog_offset 56
}
# end


// LIGHTS

# declare lum = 6;
global_settings {
	ambient_light rgb lum * <0.05, 0.05, 0.05>
	max_trace_level 15
}# declare cpy_direct_light_amount = 0.25;
light_source
{	1000 * <-1, -1.16352, -0.803886>,
	rgb lum * cpy_direct_light_amount
	parallel
}

light_source
{	1000 * <1, 1.16352, 0.803886>,
	rgb lum * cpy_direct_light_amount
	parallel
}

// strand 0

// nucleotide -1

// particle -1
sphere {
	<24.187080, 35.078011, 35.338215> 0.250000
	pigment { color rgbt <1,0,0,0> }
	no_shadow
}
cylinder {
	<24.325214, 35.070831, 34.962891>,  <24.408094, 35.066525, 34.737698>, 0.100000
	pigment { color rgbt <1,0,0,0> }
	no_shadow
}
cylinder {
	<24.325214, 35.070831, 34.962891>,  <24.187080, 35.078011, 35.338215>, 0.100000
	pigment { color rgbt <1,0,0,0> }
	no_shadow
}

// particle -1
sphere {
	<24.325214, 35.070831, 34.962891> 0.100000
	pigment { color rgbt <1,0,0,0> }
	no_shadow
}
sphere {
	0, 1
	scale<0.080000,0.200000,0.300000>
	matrix <-0.377767, -0.917897, -0.121480,
		-0.859090, 0.396413, -0.323762,
		0.345336, -0.017944, -0.938308,
		24.428816, 35.065449, 34.681396>
	pigment { color rgbt <0,1,1,0> }
	no_shadow
}
cylinder {
	<24.234085, 34.447147, 35.610413>,  <24.187080, 35.078011, 35.338215>, 0.130000
	pigment { color rgbt <1,0,0,0> }
	no_shadow
}

// nucleotide -1

// particle -1
sphere {
	<24.234085, 34.447147, 35.610413> 0.250000
	pigment { color rgbt <1,0,0,0> }
	no_shadow
}
cylinder {
	<24.456211, 34.116634, 35.572704>,  <24.589487, 33.918327, 35.550079>, 0.100000
	pigment { color rgbt <1,0,0,0> }
	no_shadow
}
cylinder {
	<24.456211, 34.116634, 35.572704>,  <24.234085, 34.447147, 35.610413>, 0.100000
	pigment { color rgbt <1,0,0,0> }
	no_shadow
}

// particle -1
sphere {
	<24.456211, 34.116634, 35.572704> 0.100000
	pigment { color rgbt <1,0,0,0> }
	no_shadow
}
sphere {
	0, 1
	scale<0.080000,0.200000,0.300000>
	matrix <0.777267, 0.555974, -0.294531,
		0.295775, 0.090287, 0.950981,
		0.555313, -0.826281, -0.094266,
		24.622805, 33.868752, 35.544426>
	pigment { color rgbt <0,1,1,0> }
	no_shadow
}
cylinder {
	<24.876938, 34.534569, 35.923260>,  <24.234085, 34.447147, 35.610413>, 0.130000
	pigment { color rgbt <1,0,0,0> }
	no_shadow
}

// nucleotide -1

// particle -1
sphere {
	<24.876938, 34.534569, 35.923260> 0.250000
	pigment { color rgbt <1,0,0,0> }
	no_shadow
}
cylinder {
	<24.912384, 34.281982, 35.615128>,  <24.933651, 34.130432, 35.430248>, 0.100000
	pigment { color rgbt <1,0,0,0> }
	no_shadow
}
cylinder {
	<24.912384, 34.281982, 35.615128>,  <24.876938, 34.534569, 35.923260>, 0.100000
	pigment { color rgbt <1,0,0,0> }
	no_shadow
}

// particle -1
sphere {
	<24.912384, 34.281982, 35.615128> 0.100000
	pigment { color rgbt <1,0,0,0> }
	no_shadow
}
sphere {
	0, 1
	scale<0.080000,0.200000,0.300000>
	matrix <0.740855, 0.558723, -0.372778,
		0.665794, -0.537666, 0.517333,
		0.088616, -0.631462, -0.770327,
		24.938969, 34.092545, 35.384029>
	pigment { color rgbt <0,1,1,0> }
	no_shadow
}
cylinder {
	<25.642942, 34.362617, 35.705158>,  <24.876938, 34.534569, 35.923260>, 0.130000
	pigment { color rgbt <1,0,0,0> }
	no_shadow
}

// nucleotide -1

// particle -1
sphere {
	<25.642942, 34.362617, 35.705158> 0.250000
	pigment { color rgbt <1,0,0,0> }
	no_shadow
}
cylinder {
	<25.397818, 34.351471, 35.389263>,  <25.250742, 34.344784, 35.199726>, 0.100000
	pigment { color rgbt <1,0,0,0> }
	no_shadow
}
cylinder {
	<25.397818, 34.351471, 35.389263>,  <25.642942, 34.362617, 35.705158>, 0.100000
	pigment { color rgbt <1,0,0,0> }
	no_shadow
}

// particle -1
sphere {
	<25.397818, 34.351471, 35.389263> 0.100000
	pigment { color rgbt <1,0,0,0> }
	no_shadow
}
sphere {
	0, 1
	scale<0.080000,0.200000,0.300000>
	matrix <0.539325, 0.715689, -0.443754,
		0.577573, -0.697863, -0.423553,
		-0.612812, -0.027868, -0.789737,
		25.213974, 34.343109, 35.152344>
	pigment { color rgbt <0,1,1,0> }
	no_shadow
}
cylinder {
	<26.047211, 34.301170, 35.107162>,  <25.642942, 34.362617, 35.705158>, 0.130000
	pigment { color rgbt <1,0,0,0> }
	no_shadow
}

// nucleotide -1

// particle -1
sphere {
	<26.047211, 34.301170, 35.107162> 0.250000
	pigment { color rgbt <1,0,0,0> }
	no_shadow
}
cylinder {
	<25.698170, 34.464157, 34.999439>,  <25.488745, 34.561951, 34.934803>, 0.100000
	pigment { color rgbt <1,0,0,0> }
	no_shadow
}
cylinder {
	<25.698170, 34.464157, 34.999439>,  <26.047211, 34.301170, 35.107162>, 0.100000
	pigment { color rgbt <1,0,0,0> }
	no_shadow
}

// particle -1
sphere {
	<25.698170, 34.464157, 34.999439> 0.100000
	pigment { color rgbt <1,0,0,0> }
	no_shadow
}
sphere {
	0, 1
	scale<0.080000,0.200000,0.300000>
	matrix <0.459845, 0.499511, -0.734187,
		-0.164636, -0.764497, -0.623249,
		-0.872604, 0.407471, -0.269312,
		25.436388, 34.586399, 34.918644>
	pigment { color rgbt <0,1,1,0> }
	no_shadow
}
cylinder {
	<26.055843, 34.225269, 34.331310>,  <26.047211, 34.301170, 35.107162>, 0.130000
	pigment { color rgbt <1,0,0,0> }
	no_shadow
}

// nucleotide -1

// particle -1
sphere {
	<26.055843, 34.225269, 34.331310> 0.250000
	pigment { color rgbt <1,0,0,0> }
	no_shadow
}
cylinder {
	<25.827614, 34.536102, 34.437580>,  <25.690676, 34.722603, 34.501343>, 0.100000
	pigment { color rgbt <1,0,0,0> }
	no_shadow
}
cylinder {
	<25.827614, 34.536102, 34.437580>,  <26.055843, 34.225269, 34.331310>, 0.100000
	pigment { color rgbt <1,0,0,0> }
	no_shadow
}

// particle -1
sphere {
	<25.827614, 34.536102, 34.437580> 0.100000
	pigment { color rgbt <1,0,0,0> }
	no_shadow
}
sphere {
	0, 1
	scale<0.080000,0.200000,0.300000>
	matrix <0.449104, 0.566090, -0.691265,
		-0.687569, -0.275102, -0.671988,
		-0.570575, 0.777085, 0.265676,
		25.656441, 34.769226, 34.517284>
	pigment { color rgbt <0,1,1,0> }
	no_shadow
}
cylinder {
	<25.815733, 34.524940, 33.701378>,  <26.055843, 34.225269, 34.331310>, 0.130000
	pigment { color rgbt <1,0,0,0> }
	no_shadow
}

// nucleotide -1

// particle -1
sphere {
	<25.815733, 34.524940, 33.701378> 0.250000
	pigment { color rgbt <1,0,0,0> }
	no_shadow
}
cylinder {
	<25.744282, 34.808071, 33.974751>,  <25.701412, 34.977947, 34.138775>, 0.100000
	pigment { color rgbt <1,0,0,0> }
	no_shadow
}
cylinder {
	<25.744282, 34.808071, 33.974751>,  <25.815733, 34.524940, 33.701378>, 0.100000
	pigment { color rgbt <1,0,0,0> }
	no_shadow
}

// particle -1
sphere {
	<25.744282, 34.808071, 33.974751> 0.100000
	pigment { color rgbt <1,0,0,0> }
	no_shadow
}
sphere {
	0, 1
	scale<0.080000,0.200000,0.300000>
	matrix <0.338940, 0.696354, -0.632622,
		-0.923695, 0.118639, -0.364297,
		-0.178626, 0.707825, 0.683430,
		25.690693, 35.020420, 34.179779>
	pigment { color rgbt <0,1,1,0> }
	no_shadow
}
cylinder {
	<25.329374, 34.990082, 33.461487>,  <25.815733, 34.524940, 33.701378>, 0.130000
	pigment { color rgbt <1,0,0,0> }
	no_shadow
}

// nucleotide -1

// particle -1
sphere {
	<25.329374, 34.990082, 33.461487> 0.250000
	pigment { color rgbt <1,0,0,0> }
	no_shadow
}
cylinder {
	<25.574308, 35.180393, 33.714054>,  <25.721268, 35.294579, 33.865593>, 0.100000
	pigment { color rgbt <1,0,0,0> }
	no_shadow
}
cylinder {
	<25.574308, 35.180393, 33.714054>,  <25.329374, 34.990082, 33.461487>, 0.100000
	pigment { color rgbt <1,0,0,0> }
	no_shadow
}

// particle -1
sphere {
	<25.574308, 35.180393, 33.714054> 0.100000
	pigment { color rgbt <1,0,0,0> }
	no_shadow
}
sphere {
	0, 1
	scale<0.080000,0.200000,0.300000>
	matrix <0.094047, 0.749148, -0.655692,
		-0.784986, 0.460885, 0.413983,
		0.612334, 0.475775, 0.631416,
		25.758009, 35.323124, 33.903481>
	pigment { color rgbt <0,1,1,0> }
	no_shadow
}
cylinder {
	<25.049026, 35.701298, 33.520767>,  <25.329374, 34.990082, 33.461487>, 0.130000
	pigment { color rgbt <1,0,0,0> }
	no_shadow
}

// nucleotide -1

// particle -1
sphere {
	<25.049026, 35.701298, 33.520767> 0.250000
	pigment { color rgbt <1,0,0,0> }
	no_shadow
}
cylinder {
	<25.430014, 35.758190, 33.628525>,  <25.658607, 35.792324, 33.693180>, 0.100000
	pigment { color rgbt <1,0,0,0> }
	no_shadow
}
cylinder {
	<25.430014, 35.758190, 33.628525>,  <25.049026, 35.701298, 33.520767>, 0.100000
	pigment { color rgbt <1,0,0,0> }
	no_shadow
}

// particle -1
sphere {
	<25.430014, 35.758190, 33.628525> 0.100000
	pigment { color rgbt <1,0,0,0> }
	no_shadow
}
sphere {
	0, 1
	scale<0.080000,0.200000,0.300000>
	matrix <0.132305, 0.603422, -0.786369,
		-0.274401, 0.784635, 0.555924,
		0.952470, 0.142229, 0.269391,
		25.715755, 35.800858, 33.709343>
	pigment { color rgbt <0,1,1,0> }
	no_shadow
}
cylinder {
	<25.190077, 36.493969, 33.496487>,  <25.049026, 35.701298, 33.520767>, 0.130000
	pigment { color rgbt <1,0,0,0> }
	no_shadow
}

// nucleotide -1

// particle -1
sphere {
	<25.190077, 36.493969, 33.496487> 0.250000
	pigment { color rgbt <1,0,0,0> }
	no_shadow
}
cylinder {
	<25.533155, 36.294941, 33.444679>,  <25.739002, 36.175522, 33.413593>, 0.100000
	pigment { color rgbt <1,0,0,0> }
	no_shadow
}
cylinder {
	<25.533155, 36.294941, 33.444679>,  <25.190077, 36.493969, 33.496487>, 0.100000
	pigment { color rgbt <1,0,0,0> }
	no_shadow
}

// particle -1
sphere {
	<25.533155, 36.294941, 33.444679> 0.100000
	pigment { color rgbt <1,0,0,0> }
	no_shadow
}
sphere {
	0, 1
	scale<0.080000,0.200000,0.300000>
	matrix <0.179873, 0.526374, -0.831009,
		0.481665, 0.689456, 0.540970,
		0.857697, -0.497574, -0.129522,
		25.790464, 36.145668, 33.405823>
	pigment { color rgbt <0,1,1,0> }
	no_shadow
}
cylinder {
	<25.639555, 36.925358, 33.211754>,  <25.190077, 36.493969, 33.496487>, 0.130000
	pigment { color rgbt <1,0,0,0> }
	no_shadow
}

// nucleotide -1

// particle -1
sphere {
	<25.639555, 36.925358, 33.211754> 0.250000
	pigment { color rgbt <1,0,0,0> }
	no_shadow
}
cylinder {
	<25.841534, 36.586918, 33.143459>,  <25.962721, 36.383854, 33.102482>, 0.100000
	pigment { color rgbt <1,0,0,0> }
	no_shadow
}
cylinder {
	<25.841534, 36.586918, 33.143459>,  <25.639555, 36.925358, 33.211754>, 0.100000
	pigment { color rgbt <1,0,0,0> }
	no_shadow
}

// particle -1
sphere {
	<25.841534, 36.586918, 33.143459> 0.100000
	pigment { color rgbt <1,0,0,0> }
	no_shadow
}
sphere {
	0, 1
	scale<0.080000,0.200000,0.300000>
	matrix <0.416616, 0.412142, -0.810290,
		0.755951, 0.338021, 0.560606,
		0.504945, -0.846097, -0.170734,
		25.993017, 36.333088, 33.092239>
	pigment { color rgbt <0,1,1,0> }
	no_shadow
}
cylinder {
	<26.312494, 37.206158, 33.036198>,  <25.639555, 36.925358, 33.211754>, 0.130000
	pigment { color rgbt <1,0,0,0> }
	no_shadow
}

// nucleotide -1

// particle -1
sphere {
	<26.312494, 37.206158, 33.036198> 0.250000
	pigment { color rgbt <1,0,0,0> }
	no_shadow
}
cylinder {
	<26.212034, 36.848984, 32.886749>,  <26.151758, 36.634682, 32.797081>, 0.100000
	pigment { color rgbt <1,0,0,0> }
	no_shadow
}
cylinder {
	<26.212034, 36.848984, 32.886749>,  <26.312494, 37.206158, 33.036198>, 0.100000
	pigment { color rgbt <1,0,0,0> }
	no_shadow
}

// particle -1
sphere {
	<26.212034, 36.848984, 32.886749> 0.100000
	pigment { color rgbt <1,0,0,0> }
	no_shadow
}
sphere {
	0, 1
	scale<0.080000,0.200000,0.300000>
	matrix <0.284822, 0.300731, -0.910185,
		0.925095, -0.335010, 0.178798,
		-0.251151, -0.892933, -0.373622,
		26.136688, 36.581104, 32.774662>
	pigment { color rgbt <0,1,1,0> }
	no_shadow
}
cylinder {
	<26.803099, 37.115944, 32.540455>,  <26.312494, 37.206158, 33.036198>, 0.130000
	pigment { color rgbt <1,0,0,0> }
	no_shadow
}

// nucleotide -1

// particle -1
sphere {
	<26.803099, 37.115944, 32.540455> 0.250000
	pigment { color rgbt <1,0,0,0> }
	no_shadow
}
cylinder {
	<26.552383, 36.831989, 32.411961>,  <26.401955, 36.661617, 32.334862>, 0.100000
	pigment { color rgbt <1,0,0,0> }
	no_shadow
}
cylinder {
	<26.552383, 36.831989, 32.411961>,  <26.803099, 37.115944, 32.540455>, 0.100000
	pigment { color rgbt <1,0,0,0> }
	no_shadow
}

// particle -1
sphere {
	<26.552383, 36.831989, 32.411961> 0.100000
	pigment { color rgbt <1,0,0,0> }
	no_shadow
}
sphere {
	0, 1
	scale<0.080000,0.200000,0.300000>
	matrix <0.315130, 0.146105, -0.937735,
		0.712623, -0.688992, 0.132131,
		-0.626787, -0.709890, -0.321240,
		26.364347, 36.619022, 32.315590>
	pigment { color rgbt <0,1,1,0> }
	no_shadow
}
cylinder {
	<27.130976, 36.816643, 31.940912>,  <26.803099, 37.115944, 32.540455>, 0.130000
	pigment { color rgbt <1,0,0,0> }
	no_shadow
}

// nucleotide -1

// particle -1
sphere {
	<27.130976, 36.816643, 31.940912> 0.250000
	pigment { color rgbt <1,0,0,0> }
	no_shadow
}
cylinder {
	<26.749851, 36.698170, 31.914282>,  <26.521177, 36.627087, 31.898304>, 0.100000
	pigment { color rgbt <1,0,0,0> }
	no_shadow
}
cylinder {
	<26.749851, 36.698170, 31.914282>,  <27.130976, 36.816643, 31.940912>, 0.100000
	pigment { color rgbt <1,0,0,0> }
	no_shadow
}

// particle -1
sphere {
	<26.749851, 36.698170, 31.914282> 0.100000
	pigment { color rgbt <1,0,0,0> }
	no_shadow
}
sphere {
	0, 1
	scale<0.080000,0.200000,0.300000>
	matrix <0.060704, 0.028987, -0.997735,
		0.297437, -0.954693, -0.009640,
		-0.952810, -0.296178, -0.066575,
		26.464008, 36.609318, 31.894310>
	pigment { color rgbt <0,1,1,0> }
	no_shadow
}
cylinder {
	<27.044462, 36.262333, 31.453999>,  <27.130976, 36.816643, 31.940912>, 0.130000
	pigment { color rgbt <1,0,0,0> }
	no_shadow
}

// nucleotide -1

// particle -1
sphere {
	<27.044462, 36.262333, 31.453999> 0.250000
	pigment { color rgbt <1,0,0,0> }
	no_shadow
}
cylinder {
	<26.683584, 36.434361, 31.440802>,  <26.467058, 36.537579, 31.432884>, 0.100000
	pigment { color rgbt <1,0,0,0> }
	no_shadow
}
cylinder {
	<26.683584, 36.434361, 31.440802>,  <27.044462, 36.262333, 31.453999>, 0.100000
	pigment { color rgbt <1,0,0,0> }
	no_shadow
}

// particle -1
sphere {
	<26.683584, 36.434361, 31.440802> 0.100000
	pigment { color rgbt <1,0,0,0> }
	no_shadow
}
sphere {
	0, 1
	scale<0.080000,0.200000,0.300000>
	matrix <0.070650, 0.071886, -0.994908,
		-0.425507, -0.899929, -0.095239,
		-0.902193, 0.430069, -0.032992,
		26.412926, 36.563381, 31.430904>
	pigment { color rgbt <0,1,1,0> }
	no_shadow
}
cylinder {
	<26.837229, 35.913151, 30.848040>,  <27.044462, 36.262333, 31.453999>, 0.130000
	pigment { color rgbt <1,0,0,0> }
	no_shadow
}

// nucleotide -1

// particle -1
sphere {
	<26.837229, 35.913151, 30.848040> 0.250000
	pigment { color rgbt <1,0,0,0> }
	no_shadow
}
cylinder {
	<26.613022, 36.232124, 30.937408>,  <26.478497, 36.423508, 30.991030>, 0.100000
	pigment { color rgbt <1,0,0,0> }
	no_shadow
}
cylinder {
	<26.613022, 36.232124, 30.937408>,  <26.837229, 35.913151, 30.848040>, 0.100000
	pigment { color rgbt <1,0,0,0> }
	no_shadow
}

// particle -1
sphere {
	<26.613022, 36.232124, 30.937408> 0.100000
	pigment { color rgbt <1,0,0,0> }
	no_shadow
}
sphere {
	0, 1
	scale<0.080000,0.200000,0.300000>
	matrix <0.032417, 0.290707, -0.956263,
		-0.827507, -0.528761, -0.188797,
		-0.560519, 0.797434, 0.223422,
		26.444866, 36.471355, 31.004435>
	pigment { color rgbt <0,1,1,0> }
	no_shadow
}
cylinder {
	<26.342117, 35.867718, 30.382664>,  <26.837229, 35.913151, 30.848040>, 0.130000
	pigment { color rgbt <1,0,0,0> }
	no_shadow
}

// nucleotide -1

// particle -1
sphere {
	<26.342117, 35.867718, 30.382664> 0.250000
	pigment { color rgbt <1,0,0,0> }
	no_shadow
}
cylinder {
	<26.331970, 36.247623, 30.507441>,  <26.325882, 36.475567, 30.582308>, 0.100000
	pigment { color rgbt <1,0,0,0> }
	no_shadow
}
cylinder {
	<26.331970, 36.247623, 30.507441>,  <26.342117, 35.867718, 30.382664>, 0.100000
	pigment { color rgbt <1,0,0,0> }
	no_shadow
}

// particle -1
sphere {
	<26.331970, 36.247623, 30.507441> 0.100000
	pigment { color rgbt <1,0,0,0> }
	no_shadow
}
sphere {
	0, 1
	scale<0.080000,0.200000,0.300000>
	matrix <0.122552, 0.312645, -0.941931,
		-0.992138, 0.014336, -0.124326,
		-0.025366, 0.949762, 0.311944,
		26.324360, 36.532551, 30.601025>
	pigment { color rgbt <0,1,1,0> }
	no_shadow
}
cylinder {
	<26.083315, 36.200882, 29.746208>,  <26.342117, 35.867718, 30.382664>, 0.130000
	pigment { color rgbt <1,0,0,0> }
	no_shadow
}

// nucleotide -1

// particle -1
sphere {
	<26.083315, 36.200882, 29.746208> 0.250000
	pigment { color rgbt <1,0,0,0> }
	no_shadow
}
cylinder {
	<26.221922, 36.498272, 29.975002>,  <26.305086, 36.676708, 30.112278>, 0.100000
	pigment { color rgbt <1,0,0,0> }
	no_shadow
}
cylinder {
	<26.221922, 36.498272, 29.975002>,  <26.083315, 36.200882, 29.746208>, 0.100000
	pigment { color rgbt <1,0,0,0> }
	no_shadow
}

// particle -1
sphere {
	<26.221922, 36.498272, 29.975002> 0.100000
	pigment { color rgbt <1,0,0,0> }
	no_shadow
}
sphere {
	0, 1
	scale<0.080000,0.200000,0.300000>
	matrix <0.218460, 0.529036, -0.819998,
		-0.912250, 0.409100, 0.020900,
		0.346518, 0.743477, 0.571985,
		26.325878, 36.721313, 30.146597>
	pigment { color rgbt <0,1,1,0> }
	no_shadow
}
cylinder {
	<25.725111, 36.699024, 29.326971>,  <26.083315, 36.200882, 29.746208>, 0.130000
	pigment { color rgbt <1,0,0,0> }
	no_shadow
}

// nucleotide -1

// particle -1
sphere {
	<25.725111, 36.699024, 29.326971> 0.250000
	pigment { color rgbt <1,0,0,0> }
	no_shadow
}
cylinder {
	<26.016148, 36.858746, 29.550100>,  <26.190769, 36.954578, 29.683977>, 0.100000
	pigment { color rgbt <1,0,0,0> }
	no_shadow
}
cylinder {
	<26.016148, 36.858746, 29.550100>,  <25.725111, 36.699024, 29.326971>, 0.100000
	pigment { color rgbt <1,0,0,0> }
	no_shadow
}

// particle -1
sphere {
	<26.016148, 36.858746, 29.550100> 0.100000
	pigment { color rgbt <1,0,0,0> }
	no_shadow
}
sphere {
	0, 1
	scale<0.080000,0.200000,0.300000>
	matrix <0.237868, 0.615845, -0.751101,
		-0.643449, 0.679184, 0.353104,
		0.727593, 0.399304, 0.557821,
		26.234426, 36.978539, 29.717447>
	pigment { color rgbt <0,1,1,0> }
	no_shadow
}
cylinder {
	<25.667635, 37.453625, 29.348459>,  <25.725111, 36.699024, 29.326971>, 0.130000
	pigment { color rgbt <1,0,0,0> }
	no_shadow
}

// nucleotide -1

// particle -1
sphere {
	<25.667635, 37.453625, 29.348459> 0.250000
	pigment { color rgbt <1,0,0,0> }
	no_shadow
}
cylinder {
	<26.053289, 37.377663, 29.422626>,  <26.284681, 37.332085, 29.467127>, 0.100000
	pigment { color rgbt <1,0,0,0> }
	no_shadow
}
cylinder {
	<26.053289, 37.377663, 29.422626>,  <25.667635, 37.453625, 29.348459>, 0.100000
	pigment { color rgbt <1,0,0,0> }
	no_shadow
}

// particle -1
sphere {
	<26.053289, 37.377663, 29.422626> 0.100000
	pigment { color rgbt <1,0,0,0> }
	no_shadow
}
sphere {
	0, 1
	scale<0.080000,0.200000,0.300000>
	matrix <0.265372, 0.677634, -0.685850,
		0.004601, 0.710457, 0.703726,
		0.964135, -0.189904, 0.185418,
		26.342529, 37.320690, 29.478252>
	pigment { color rgbt <0,1,1,0> }
	no_shadow
}
cylinder {
	<25.950357, 38.027523, 29.170132>,  <25.667635, 37.453625, 29.348459>, 0.130000
	pigment { color rgbt <1,0,0,0> }
	no_shadow
}

// nucleotide -1

// particle -1
sphere {
	<25.950357, 38.027523, 29.170132> 0.250000
	pigment { color rgbt <1,0,0,0> }
	no_shadow
}
cylinder {
	<26.274130, 37.798290, 29.221359>,  <26.468393, 37.660751, 29.252096>, 0.100000
	pigment { color rgbt <1,0,0,0> }
	no_shadow
}
cylinder {
	<26.274130, 37.798290, 29.221359>,  <25.950357, 38.027523, 29.170132>, 0.100000
	pigment { color rgbt <1,0,0,0> }
	no_shadow
}

// particle -1
sphere {
	<26.274130, 37.798290, 29.221359> 0.100000
	pigment { color rgbt <1,0,0,0> }
	no_shadow
}
sphere {
	0, 1
	scale<0.080000,0.200000,0.300000>
	matrix <0.488549, 0.536210, -0.688330,
		0.325797, 0.619723, 0.714002,
		0.809430, -0.573081, 0.128069,
		26.516958, 37.626366, 29.259779>
	pigment { color rgbt <0,1,1,0> }
	no_shadow
}
cylinder {
	<26.527323, 38.473721, 29.328243>,  <25.950357, 38.027523, 29.170132>, 0.130000
	pigment { color rgbt <1,0,0,0> }
	no_shadow
}

// nucleotide -1

// particle -1
sphere {
	<26.527323, 38.473721, 29.328243> 0.250000
	pigment { color rgbt <1,0,0,0> }
	no_shadow
}
cylinder {
	<26.677589, 38.142315, 29.162136>,  <26.767750, 37.943474, 29.062471>, 0.100000
	pigment { color rgbt <1,0,0,0> }
	no_shadow
}
cylinder {
	<26.677589, 38.142315, 29.162136>,  <26.527323, 38.473721, 29.328243>, 0.100000
	pigment { color rgbt <1,0,0,0> }
	no_shadow
}

// particle -1
sphere {
	<26.677589, 38.142315, 29.162136> 0.100000
	pigment { color rgbt <1,0,0,0> }
	no_shadow
}
sphere {
	0, 1
	scale<0.080000,0.200000,0.300000>
	matrix <0.539918, 0.559846, -0.628538,
		0.753236, 0.011910, 0.657643,
		0.375665, -0.828511, -0.415266,
		26.790289, 37.893761, 29.037556>
	pigment { color rgbt <0,1,1,0> }
	no_shadow
}
cylinder {
	<27.181416, 38.491234, 29.493904>,  <26.527323, 38.473721, 29.328243>, 0.130000
	pigment { color rgbt <1,0,0,0> }
	no_shadow
}

// nucleotide -1

// particle -1
sphere {
	<27.181416, 38.491234, 29.493904> 0.250000
	pigment { color rgbt <1,0,0,0> }
	no_shadow
}
cylinder {
	<27.156475, 38.273628, 29.159201>,  <27.141510, 38.143066, 28.958380>, 0.100000
	pigment { color rgbt <1,0,0,0> }
	no_shadow
}
cylinder {
	<27.156475, 38.273628, 29.159201>,  <27.181416, 38.491234, 29.493904>, 0.100000
	pigment { color rgbt <1,0,0,0> }
	no_shadow
}

// particle -1
sphere {
	<27.156475, 38.273628, 29.159201> 0.100000
	pigment { color rgbt <1,0,0,0> }
	no_shadow
}
sphere {
	0, 1
	scale<0.080000,0.200000,0.300000>
	matrix <0.643715, 0.618783, -0.450264,
		0.762721, -0.566708, 0.311607,
		-0.062351, -0.544012, -0.836757,
		27.137770, 38.110424, 28.908173>
	pigment { color rgbt <0,1,1,0> }
	no_shadow
}
cylinder {
	<27.929342, 38.354080, 29.209105>,  <27.181416, 38.491234, 29.493904>, 0.130000
	pigment { color rgbt <1,0,0,0> }
	no_shadow
}

// nucleotide -1

// particle -1
sphere {
	<27.929342, 38.354080, 29.209105> 0.250000
	pigment { color rgbt <1,0,0,0> }
	no_shadow
}
cylinder {
	<27.696966, 38.274006, 28.893528>,  <27.557541, 38.225960, 28.704182>, 0.100000
	pigment { color rgbt <1,0,0,0> }
	no_shadow
}
cylinder {
	<27.696966, 38.274006, 28.893528>,  <27.929342, 38.354080, 29.209105>, 0.100000
	pigment { color rgbt <1,0,0,0> }
	no_shadow
}

// particle -1
sphere {
	<27.696966, 38.274006, 28.893528> 0.100000
	pigment { color rgbt <1,0,0,0> }
	no_shadow
}
sphere {
	0, 1
	scale<0.080000,0.200000,0.300000>
	matrix <0.579068, 0.579516, -0.573447,
		0.571998, -0.789993, -0.220749,
		-0.580946, -0.200182, -0.788941,
		27.522684, 38.213951, 28.656845>
	pigment { color rgbt <0,1,1,0> }
	no_shadow
}
cylinder {
	<28.393824, 38.058125, 28.605028>,  <27.929342, 38.354080, 29.209105>, 0.130000
	pigment { color rgbt <1,0,0,0> }
	no_shadow
}

// nucleotide -1

// particle -1
sphere {
	<28.393824, 38.058125, 28.605028> 0.250000
	pigment { color rgbt <1,0,0,0> }
	no_shadow
}
cylinder {
	<28.056650, 38.210266, 28.452824>,  <27.854345, 38.301552, 28.361500>, 0.100000
	pigment { color rgbt <1,0,0,0> }
	no_shadow
}
cylinder {
	<28.056650, 38.210266, 28.452824>,  <28.393824, 38.058125, 28.605028>, 0.100000
	pigment { color rgbt <1,0,0,0> }
	no_shadow
}

// particle -1
sphere {
	<28.056650, 38.210266, 28.452824> 0.100000
	pigment { color rgbt <1,0,0,0> }
	no_shadow
}
sphere {
	0, 1
	scale<0.080000,0.200000,0.300000>
	matrix <0.535540, 0.660943, -0.525691,
		0.051549, -0.646904, -0.760828,
		-0.842935, 0.380355, -0.380514,
		27.803770, 38.324371, 28.338669>
	pigment { color rgbt <0,1,1,0> }
	no_shadow
}
cylinder {
	<29.099161, 38.026203, 28.615156>,  <28.393824, 38.058125, 28.605028>, 0.130000
	pigment { color rgbt <1,0,0,0> }
	no_shadow
}

// nucleotide -1

// particle -1
sphere {
	<29.099161, 38.026203, 28.615156> 0.250000
	pigment { color rgbt <1,0,0,0> }
	no_shadow
}
cylinder {
	<29.336185, 38.257710, 28.391048>,  <29.478401, 38.396614, 28.256584>, 0.100000
	pigment { color rgbt <1,0,0,0> }
	no_shadow
}
cylinder {
	<29.336185, 38.257710, 28.391048>,  <29.099161, 38.026203, 28.615156>, 0.100000
	pigment { color rgbt <1,0,0,0> }
	no_shadow
}

// particle -1
sphere {
	<29.336185, 38.257710, 28.391048> 0.100000
	pigment { color rgbt <1,0,0,0> }
	no_shadow
}
sphere {
	0, 1
	scale<0.080000,0.200000,0.300000>
	matrix <0.804558, -0.391176, 0.446842,
		0.039451, -0.715552, -0.697444,
		0.592563, 0.578763, -0.560271,
		29.513954, 38.431339, 28.222967>
	pigment { color rgbt <0,1,1,0> }
	no_shadow
}
cylinder {
	<29.584635, 37.627731, 28.446110>,  <29.099161, 38.026203, 28.615156>, 0.130000
	pigment { color rgbt <1,0,0,0> }
	no_shadow
}

// nucleotide -1

// particle -1
sphere {
	<29.584635, 37.627731, 28.446110> 0.250000
	pigment { color rgbt <1,0,0,0> }
	no_shadow
}
cylinder {
	<29.744543, 37.990185, 28.390812>,  <29.840488, 38.207657, 28.357634>, 0.100000
	pigment { color rgbt <1,0,0,0> }
	no_shadow
}
cylinder {
	<29.744543, 37.990185, 28.390812>,  <29.584635, 37.627731, 28.446110>, 0.100000
	pigment { color rgbt <1,0,0,0> }
	no_shadow
}

// particle -1
sphere {
	<29.744543, 37.990185, 28.390812> 0.100000
	pigment { color rgbt <1,0,0,0> }
	no_shadow
}
sphere {
	0, 1
	scale<0.080000,0.200000,0.300000>
	matrix <0.852870, -0.312455, 0.418311,
		0.335849, -0.285134, -0.897722,
		0.399772, 0.906130, -0.138244,
		29.864475, 38.262024, 28.349339>
	pigment { color rgbt <0,1,1,0> }
	no_shadow
}
cylinder {
	<30.278296, 37.679970, 28.178371>,  <29.584635, 37.627731, 28.446110>, 0.130000
	pigment { color rgbt <1,0,0,0> }
	no_shadow
}

// nucleotide -1

// particle -1
sphere {
	<30.278296, 37.679970, 28.178371> 0.250000
	pigment { color rgbt <1,0,0,0> }
	no_shadow
}
cylinder {
	<30.249075, 38.008320, 28.404940>,  <30.231543, 38.205330, 28.540880>, 0.100000
	pigment { color rgbt <1,0,0,0> }
	no_shadow
}
cylinder {
	<30.249075, 38.008320, 28.404940>,  <30.278296, 37.679970, 28.178371>, 0.100000
	pigment { color rgbt <1,0,0,0> }
	no_shadow
}

// particle -1
sphere {
	<30.249075, 38.008320, 28.404940> 0.100000
	pigment { color rgbt <1,0,0,0> }
	no_shadow
}
sphere {
	0, 1
	scale<0.080000,0.200000,0.300000>
	matrix <0.849031, -0.246794, 0.467160,
		0.523268, 0.515036, -0.678917,
		-0.073052, 0.820872, 0.566421,
		30.227160, 38.254581, 28.574865>
	pigment { color rgbt <0,1,1,0> }
	no_shadow
}
cylinder {
	<30.987970, 37.906849, 28.293560>,  <30.278296, 37.679970, 28.178371>, 0.130000
	pigment { color rgbt <1,0,0,0> }
	no_shadow
}

// nucleotide -1

// particle -1
sphere {
	<30.987970, 37.906849, 28.293560> 0.250000
	pigment { color rgbt <1,0,0,0> }
	no_shadow
}
cylinder {
	<30.798412, 38.091484, 28.593523>,  <30.684677, 38.202267, 28.773500>, 0.100000
	pigment { color rgbt <1,0,0,0> }
	no_shadow
}
cylinder {
	<30.798412, 38.091484, 28.593523>,  <30.987970, 37.906849, 28.293560>, 0.100000
	pigment { color rgbt <1,0,0,0> }
	no_shadow
}

// particle -1
sphere {
	<30.798412, 38.091484, 28.593523> 0.100000
	pigment { color rgbt <1,0,0,0> }
	no_shadow
}
sphere {
	0, 1
	scale<0.080000,0.200000,0.300000>
	matrix <0.777827, -0.179796, 0.602211,
		0.412804, 0.868683, -0.273831,
		-0.473897, 0.461589, 0.749905,
		30.656242, 38.229961, 28.818495>
	pigment { color rgbt <0,1,1,0> }
	no_shadow
}
cylinder {
	<31.512234, 38.151791, 28.644592>,  <30.987970, 37.906849, 28.293560>, 0.130000
	pigment { color rgbt <1,0,0,0> }
	no_shadow
}

// nucleotide -1

// particle -1
sphere {
	<31.512234, 38.151791, 28.644592> 0.250000
	pigment { color rgbt <1,0,0,0> }
	no_shadow
}
cylinder {
	<31.203653, 38.178726, 28.897678>,  <31.018505, 38.194885, 29.049530>, 0.100000
	pigment { color rgbt <1,0,0,0> }
	no_shadow
}
cylinder {
	<31.203653, 38.178726, 28.897678>,  <31.512234, 38.151791, 28.644592>, 0.100000
	pigment { color rgbt <1,0,0,0> }
	no_shadow
}

// particle -1
sphere {
	<31.203653, 38.178726, 28.897678> 0.100000
	pigment { color rgbt <1,0,0,0> }
	no_shadow
}
sphere {
	0, 1
	scale<0.080000,0.200000,0.300000>
	matrix <0.582056, -0.327027, 0.744490,
		0.257044, 0.942613, 0.213093,
		-0.771453, 0.067335, 0.632714,
		30.972218, 38.198925, 29.087492>
	pigment { color rgbt <0,1,1,0> }
	no_shadow
}
cylinder {
	<31.581667, 38.583641, 29.178877>,  <31.512234, 38.151791, 28.644592>, 0.130000
	pigment { color rgbt <1,0,0,0> }
	no_shadow
}

// nucleotide -1

// particle -1
sphere {
	<31.581667, 38.583641, 29.178877> 0.250000
	pigment { color rgbt <1,0,0,0> }
	no_shadow
}
cylinder {
	<31.346109, 38.284115, 29.300520>,  <31.204775, 38.104401, 29.373507>, 0.100000
	pigment { color rgbt <1,0,0,0> }
	no_shadow
}
cylinder {
	<31.346109, 38.284115, 29.300520>,  <31.581667, 38.583641, 29.178877>, 0.100000
	pigment { color rgbt <1,0,0,0> }
	no_shadow
}

// particle -1
sphere {
	<31.346109, 38.284115, 29.300520> 0.100000
	pigment { color rgbt <1,0,0,0> }
	no_shadow
}
sphere {
	0, 1
	scale<0.080000,0.200000,0.300000>
	matrix <0.680045, -0.255765, 0.687112,
		-0.436738, 0.611444, 0.659845,
		-0.588896, -0.748813, 0.304107,
		31.169441, 38.059471, 29.391752>
	pigment { color rgbt <0,1,1,0> }
	no_shadow
}
cylinder {
	<32.360775, 38.525471, 29.378492>,  <31.581667, 38.583641, 29.178877>, 0.130000
	pigment { color rgbt <1,0,0,0> }
	no_shadow
}

// nucleotide -1

// particle -1
sphere {
	<32.360775, 38.525471, 29.378492> 0.250000
	pigment { color rgbt <1,0,0,0> }
	no_shadow
}
cylinder {
	<32.654152, 38.540733, 29.649963>,  <32.830177, 38.549889, 29.812845>, 0.100000
	pigment { color rgbt <1,0,0,0> }
	no_shadow
}
cylinder {
	<32.654152, 38.540733, 29.649963>,  <32.360775, 38.525471, 29.378492>, 0.100000
	pigment { color rgbt <1,0,0,0> }
	no_shadow
}

// particle -1
sphere {
	<32.654152, 38.540733, 29.649963> 0.100000
	pigment { color rgbt <1,0,0,0> }
	no_shadow
}
sphere {
	0, 1
	scale<0.080000,0.200000,0.300000>
	matrix <-0.158503, 0.980500, 0.116174,
		-0.661009, -0.192780, 0.725192,
		0.733447, 0.038153, 0.678675,
		32.874187, 38.552177, 29.853565>
	pigment { color rgbt <0,1,1,0> }
	no_shadow
}
cylinder {
	<32.595940, 38.974251, 29.848280>,  <32.360775, 38.525471, 29.378492>, 0.130000
	pigment { color rgbt <1,0,0,0> }
	no_shadow
}

// nucleotide -1

// particle -1
sphere {
	<32.595940, 38.974251, 29.848280> 0.250000
	pigment { color rgbt <1,0,0,0> }
	no_shadow
}
cylinder {
	<32.586288, 39.372501, 29.812185>,  <32.580498, 39.611450, 29.790527>, 0.100000
	pigment { color rgbt <1,0,0,0> }
	no_shadow
}
cylinder {
	<32.586288, 39.372501, 29.812185>,  <32.595940, 38.974251, 29.848280>, 0.100000
	pigment { color rgbt <1,0,0,0> }
	no_shadow
}

// particle -1
sphere {
	<32.586288, 39.372501, 29.812185> 0.100000
	pigment { color rgbt <1,0,0,0> }
	no_shadow
}
sphere {
	0, 1
	scale<0.080000,0.200000,0.300000>
	matrix <-0.971028, -0.001876, 0.238958,
		0.237744, 0.093390, 0.966828,
		-0.024130, 0.995628, -0.090238,
		32.579048, 39.671188, 29.785114>
	pigment { color rgbt <0,1,1,0> }
	no_shadow
}
cylinder {
	<32.313587, 39.296928, 30.517714>,  <32.595940, 38.974251, 29.848280>, 0.130000
	pigment { color rgbt <1,0,0,0> }
	no_shadow
}

// nucleotide -1

// particle -1
sphere {
	<32.313587, 39.296928, 30.517714> 0.250000
	pigment { color rgbt <1,0,0,0> }
	no_shadow
}
cylinder {
	<32.240311, 39.497025, 30.179199>,  <32.196346, 39.617081, 29.976089>, 0.100000
	pigment { color rgbt <1,0,0,0> }
	no_shadow
}
cylinder {
	<32.240311, 39.497025, 30.179199>,  <32.313587, 39.296928, 30.517714>, 0.100000
	pigment { color rgbt <1,0,0,0> }
	no_shadow
}

// particle -1
sphere {
	<32.240311, 39.497025, 30.179199> 0.100000
	pigment { color rgbt <1,0,0,0> }
	no_shadow
}
sphere {
	0, 1
	scale<0.080000,0.200000,0.300000>
	matrix <-0.982786, -0.114157, 0.145255,
		-0.023947, 0.858329, 0.512540,
		-0.183187, 0.500239, -0.846288,
		32.185356, 39.647095, 29.925312>
	pigment { color rgbt <0,1,1,0> }
	no_shadow
}
cylinder {
	<32.460796, 40.051952, 30.395014>,  <32.313587, 39.296928, 30.517714>, 0.130000
	pigment { color rgbt <1,0,0,0> }
	no_shadow
}

// nucleotide -1

// particle -1
sphere {
	<32.460796, 40.051952, 30.395014> 0.250000
	pigment { color rgbt <1,0,0,0> }
	no_shadow
}
cylinder {
	<32.216476, 40.299824, 30.592161>,  <32.069885, 40.448547, 30.710449>, 0.100000
	pigment { color rgbt <1,0,0,0> }
	no_shadow
}
cylinder {
	<32.216476, 40.299824, 30.592161>,  <32.460796, 40.051952, 30.395014>, 0.100000
	pigment { color rgbt <1,0,0,0> }
	no_shadow
}

// particle -1
sphere {
	<32.216476, 40.299824, 30.592161> 0.100000
	pigment { color rgbt <1,0,0,0> }
	no_shadow
}
sphere {
	0, 1
	scale<0.080000,0.200000,0.300000>
	matrix <0.238580, -0.449508, 0.860827,
		0.754985, 0.643382, 0.126716,
		-0.610801, 0.619679, 0.492870,
		32.033237, 40.485729, 30.740023>
	pigment { color rgbt <0,1,1,0> }
	no_shadow
}
cylinder {
	<32.832062, 40.189823, 30.944090>,  <32.460796, 40.051952, 30.395014>, 0.130000
	pigment { color rgbt <1,0,0,0> }
	no_shadow
}

// nucleotide -1

// particle -1
sphere {
	<32.832062, 40.189823, 30.944090> 0.250000
	pigment { color rgbt <1,0,0,0> }
	no_shadow
}
cylinder {
	<32.443542, 40.218826, 31.034710>,  <32.210430, 40.236229, 31.089083>, 0.100000
	pigment { color rgbt <1,0,0,0> }
	no_shadow
}
cylinder {
	<32.443542, 40.218826, 31.034710>,  <32.832062, 40.189823, 30.944090>, 0.100000
	pigment { color rgbt <1,0,0,0> }
	no_shadow
}

// particle -1
sphere {
	<32.443542, 40.218826, 31.034710> 0.100000
	pigment { color rgbt <1,0,0,0> }
	no_shadow
}
sphere {
	0, 1
	scale<0.080000,0.200000,0.300000>
	matrix <0.167761, -0.466396, 0.868522,
		0.168637, 0.881599, 0.440845,
		-0.971297, 0.072508, 0.226550,
		32.152153, 40.240578, 31.102674>
	pigment { color rgbt <0,1,1,0> }
	no_shadow
}
cylinder {
	<32.742096, 40.478085, 31.654438>,  <32.832062, 40.189823, 30.944090>, 0.130000
	pigment { color rgbt <1,0,0,0> }
	no_shadow
}

// nucleotide -1

// particle -1
sphere {
	<32.742096, 40.478085, 31.654438> 0.250000
	pigment { color rgbt <1,0,0,0> }
	no_shadow
}
cylinder {
	<32.413216, 40.267384, 31.568167>,  <32.215889, 40.140965, 31.516403>, 0.100000
	pigment { color rgbt <1,0,0,0> }
	no_shadow
}
cylinder {
	<32.413216, 40.267384, 31.568167>,  <32.742096, 40.478085, 31.654438>, 0.100000
	pigment { color rgbt <1,0,0,0> }
	no_shadow
}

// particle -1
sphere {
	<32.413216, 40.267384, 31.568167> 0.100000
	pigment { color rgbt <1,0,0,0> }
	no_shadow
}
sphere {
	0, 1
	scale<0.080000,0.200000,0.300000>
	matrix <-0.009075, -0.366740, 0.930279,
		-0.569127, 0.766832, 0.296754,
		-0.822200, -0.526754, -0.215681,
		32.166557, 40.109356, 31.503462>
	pigment { color rgbt <0,1,1,0> }
	no_shadow
}
cylinder {
	<32.350510, 40.444706, 32.254097>,  <32.742096, 40.478085, 31.654438>, 0.130000
	pigment { color rgbt <1,0,0,0> }
	no_shadow
}

// nucleotide -1

// particle -1
sphere {
	<32.350510, 40.444706, 32.254097> 0.250000
	pigment { color rgbt <1,0,0,0> }
	no_shadow
}
cylinder {
	<32.192043, 40.138378, 32.051487>,  <32.096962, 39.954582, 31.929920>, 0.100000
	pigment { color rgbt <1,0,0,0> }
	no_shadow
}
cylinder {
	<32.192043, 40.138378, 32.051487>,  <32.350510, 40.444706, 32.254097>, 0.100000
	pigment { color rgbt <1,0,0,0> }
	no_shadow
}

// particle -1
sphere {
	<32.192043, 40.138378, 32.051487> 0.100000
	pigment { color rgbt <1,0,0,0> }
	no_shadow
}
sphere {
	0, 1
	scale<0.080000,0.200000,0.300000>
	matrix <-0.269596, -0.430328, 0.861473,
		-0.877707, 0.477845, -0.035981,
		-0.396167, -0.765821, -0.506527,
		32.073193, 39.908630, 31.899529>
	pigment { color rgbt <0,1,1,0> }
	no_shadow
}
cylinder {
	<31.653969, 40.311436, 32.569550>,  <32.350510, 40.444706, 32.254097>, 0.130000
	pigment { color rgbt <1,0,0,0> }
	no_shadow
}

// nucleotide -1

// particle -1
sphere {
	<31.653969, 40.311436, 32.569550> 0.250000
	pigment { color rgbt <1,0,0,0> }
	no_shadow
}
cylinder {
	<31.742971, 39.996155, 32.340034>,  <31.796373, 39.806988, 32.202328>, 0.100000
	pigment { color rgbt <1,0,0,0> }
	no_shadow
}
cylinder {
	<31.742971, 39.996155, 32.340034>,  <31.653969, 40.311436, 32.569550>, 0.100000
	pigment { color rgbt <1,0,0,0> }
	no_shadow
}

// particle -1
sphere {
	<31.742971, 39.996155, 32.340034> 0.100000
	pigment { color rgbt <1,0,0,0> }
	no_shadow
}
sphere {
	0, 1
	scale<0.080000,0.200000,0.300000>
	matrix <-0.567762, -0.583200, 0.580968,
		-0.792551, 0.196505, -0.577277,
		0.222505, -0.788203, -0.573784,
		31.809723, 39.759693, 32.167900>
	pigment { color rgbt <0,1,1,0> }
	no_shadow
}
cylinder {
	<30.937067, 39.970940, 32.368046>,  <31.653969, 40.311436, 32.569550>, 0.130000
	pigment { color rgbt <1,0,0,0> }
	no_shadow
}

// nucleotide -1

// particle -1
sphere {
	<30.937067, 39.970940, 32.368046> 0.250000
	pigment { color rgbt <1,0,0,0> }
	no_shadow
}
cylinder {
	<31.222172, 39.692898, 32.330521>,  <31.393234, 39.526073, 32.308006>, 0.100000
	pigment { color rgbt <1,0,0,0> }
	no_shadow
}
cylinder {
	<31.222172, 39.692898, 32.330521>,  <30.937067, 39.970940, 32.368046>, 0.100000
	pigment { color rgbt <1,0,0,0> }
	no_shadow
}

// particle -1
sphere {
	<31.222172, 39.692898, 32.330521> 0.100000
	pigment { color rgbt <1,0,0,0> }
	no_shadow
}
sphere {
	0, 1
	scale<0.080000,0.200000,0.300000>
	matrix <-0.559617, -0.644201, 0.521377,
		-0.422847, -0.319117, -0.848154,
		0.712762, -0.695103, -0.093815,
		31.436001, 39.484367, 32.302376>
	pigment { color rgbt <0,1,1,0> }
	no_shadow
}
cylinder {
	<30.574516, 39.416965, 32.022175>,  <30.937067, 39.970940, 32.368046>, 0.130000
	pigment { color rgbt <1,0,0,0> }
	no_shadow
}

// nucleotide -1

// particle -1
sphere {
	<30.574516, 39.416965, 32.022175> 0.250000
	pigment { color rgbt <1,0,0,0> }
	no_shadow
}
cylinder {
	<30.892485, 39.285187, 32.225964>,  <31.083265, 39.206120, 32.348236>, 0.100000
	pigment { color rgbt <1,0,0,0> }
	no_shadow
}
cylinder {
	<30.892485, 39.285187, 32.225964>,  <30.574516, 39.416965, 32.022175>, 0.100000
	pigment { color rgbt <1,0,0,0> }
	no_shadow
}

// particle -1
sphere {
	<30.892485, 39.285187, 32.225964> 0.100000
	pigment { color rgbt <1,0,0,0> }
	no_shadow
}
sphere {
	0, 1
	scale<0.080000,0.200000,0.300000>
	matrix <-0.579270, -0.661811, 0.475869,
		0.180398, -0.673401, -0.716930,
		0.794923, -0.329450, 0.509470,
		31.130962, 39.186352, 32.378803>
	pigment { color rgbt <0,1,1,0> }
	no_shadow
}
cylinder {
	<30.790020, 38.675247, 31.815783>,  <30.574516, 39.416965, 32.022175>, 0.130000
	pigment { color rgbt <1,0,0,0> }
	no_shadow
}

// nucleotide -1

// particle -1
sphere {
	<30.790020, 38.675247, 31.815783> 0.250000
	pigment { color rgbt <1,0,0,0> }
	no_shadow
}
cylinder {
	<30.911955, 38.765381, 32.185928>,  <30.985115, 38.819462, 32.408016>, 0.100000
	pigment { color rgbt <1,0,0,0> }
	no_shadow
}
cylinder {
	<30.911955, 38.765381, 32.185928>,  <30.790020, 38.675247, 31.815783>, 0.100000
	pigment { color rgbt <1,0,0,0> }
	no_shadow
}

// particle -1
sphere {
	<30.911955, 38.765381, 32.185928> 0.100000
	pigment { color rgbt <1,0,0,0> }
	no_shadow
}
sphere {
	0, 1
	scale<0.080000,0.200000,0.300000>
	matrix <-0.593380, -0.715054, 0.369592,
		0.744966, -0.661759, -0.084269,
		0.304838, 0.225329, 0.925365,
		31.003407, 38.832981, 32.463539>
	pigment { color rgbt <0,1,1,0> }
	no_shadow
}
cylinder {
	<30.681656, 38.086830, 32.171608>,  <30.790020, 38.675247, 31.815783>, 0.130000
	pigment { color rgbt <1,0,0,0> }
	no_shadow
}

// nucleotide -1

// particle -1
sphere {
	<30.681656, 38.086830, 32.171608> 0.250000
	pigment { color rgbt <1,0,0,0> }
	no_shadow
}
cylinder {
	<30.761536, 38.342270, 32.468880>,  <30.809464, 38.495533, 32.647243>, 0.100000
	pigment { color rgbt <1,0,0,0> }
	no_shadow
}
cylinder {
	<30.761536, 38.342270, 32.468880>,  <30.681656, 38.086830, 32.171608>, 0.100000
	pigment { color rgbt <1,0,0,0> }
	no_shadow
}

// particle -1
sphere {
	<30.761536, 38.342270, 32.468880> 0.100000
	pigment { color rgbt <1,0,0,0> }
	no_shadow
}
sphere {
	0, 1
	scale<0.080000,0.200000,0.300000>
	matrix <-0.645250, -0.485086, 0.590207,
