// switches for output
#declare DRAW_BASES = 1; // possible values are 0, 1; only relevant for DNA ribbons
#declare DRAW_BASES_TYPE = 3; // possible values are 1, 2, 3; only relevant for DNA ribbons
#declare DRAW_FOG = 0; // set to 1 to enable fog

#include "colors.inc"

#include "transforms.inc"
background { rgb <1, 1, 1>}

#default {
   normal{
       ripples 0.25
       frequency 0.20
       turbulence 0.2
       lambda 5
   }
	finish {
		phong 0.1
		phong_size 40.
	}
}

// original window dimensions: 1024x640


// camera settings

camera {
	sky <0, 0.179814, -0.983701>
	up <0, 0.179814, -0.983701>
	right 1.6 * <1, 0, 0>
	location <35, 94.9851, 44.8844>
	look_at <35, 29.7336, 32.9568>
	direction <0, -65.2515, -11.9276>
	angle 67.0682
}


# declare cpy_camera_pos = <35, 94.9851, 44.8844>;
# if (DRAW_FOG = 1)
fog {
	fog_type 2
	up vnormalize(cpy_camera_pos)
	color rgbt<1,1,1,0.3>
	distance 1e-5
	fog_alt 3e-3
	fog_offset 56
}
# end


// LIGHTS

# declare lum = 6;
global_settings {
	ambient_light rgb lum * <0.05, 0.05, 0.05>
	max_trace_level 15
}# declare cpy_direct_light_amount = 0.25;
light_source
{	1000 * <-1, -1.16352, -0.803886>,
	rgb lum * cpy_direct_light_amount
	parallel
}

light_source
{	1000 * <1, 1.16352, 0.803886>,
	rgb lum * cpy_direct_light_amount
	parallel
}

// strand 0

// nucleotide -1

// particle -1
sphere {
	<23.996983, 34.903622, 35.149082> 0.250000
	pigment { color rgbt <1,0,0,0> }
	no_shadow
}
cylinder {
	<24.390169, 34.834057, 35.172848>,  <24.626081, 34.792316, 35.187107>, 0.100000
	pigment { color rgbt <1,0,0,0> }
	no_shadow
}
cylinder {
	<24.390169, 34.834057, 35.172848>,  <23.996983, 34.903622, 35.149082>, 0.100000
	pigment { color rgbt <1,0,0,0> }
	no_shadow
}

// particle -1
sphere {
	<24.390169, 34.834057, 35.172848> 0.100000
	pigment { color rgbt <1,0,0,0> }
	no_shadow
}
sphere {
	0, 1
	scale<0.080000,0.200000,0.300000>
	matrix <0.170967, 0.746699, -0.642814,
		0.067427, 0.642024, 0.763714,
		0.982967, -0.173913, 0.059417,
		24.685059, 34.781883, 35.190674>
	pigment { color rgbt <0,1,1,0> }
	no_shadow
}
cylinder {
	<24.413864, 35.494972, 35.338612>,  <23.996983, 34.903622, 35.149082>, 0.130000
	pigment { color rgbt <1,0,0,0> }
	no_shadow
}

// nucleotide -1

// particle -1
sphere {
	<24.413864, 35.494972, 35.338612> 0.250000
	pigment { color rgbt <1,0,0,0> }
	no_shadow
}
cylinder {
	<24.622368, 35.244884, 35.106270>,  <24.747469, 35.094830, 34.966866>, 0.100000
	pigment { color rgbt <1,0,0,0> }
	no_shadow
}
cylinder {
	<24.622368, 35.244884, 35.106270>,  <24.413864, 35.494972, 35.338612>, 0.100000
	pigment { color rgbt <1,0,0,0> }
	no_shadow
}

// particle -1
sphere {
	<24.622368, 35.244884, 35.106270> 0.100000
	pigment { color rgbt <1,0,0,0> }
	no_shadow
}
sphere {
	0, 1
	scale<0.080000,0.200000,0.300000>
	matrix <0.148781, 0.736787, -0.659552,
		0.840330, 0.257377, 0.477077,
		0.521258, -0.625222, -0.580851,
		24.778746, 35.057320, 34.932014>
	pigment { color rgbt <0,1,1,0> }
	no_shadow
}
cylinder {
	<25.256321, 35.669121, 35.142727>,  <24.413864, 35.494972, 35.338612>, 0.130000
	pigment { color rgbt <1,0,0,0> }
	no_shadow
}

// nucleotide -1

// particle -1
sphere {
	<25.256321, 35.669121, 35.142727> 0.250000
	pigment { color rgbt <1,0,0,0> }
	no_shadow
}
cylinder {
	<25.024908, 35.479954, 34.876900>,  <24.886061, 35.366455, 34.717403>, 0.100000
	pigment { color rgbt <1,0,0,0> }
	no_shadow
}
cylinder {
	<25.024908, 35.479954, 34.876900>,  <25.256321, 35.669121, 35.142727>, 0.100000
	pigment { color rgbt <1,0,0,0> }
	no_shadow
}

// particle -1
sphere {
	<25.024908, 35.479954, 34.876900> 0.100000
	pigment { color rgbt <1,0,0,0> }
	no_shadow
}
sphere {
	0, 1
	scale<0.080000,0.200000,0.300000>
	matrix <0.243695, 0.677332, -0.694143,
		0.778407, -0.563533, -0.276608,
		-0.578528, -0.472918, -0.664571,
		24.851349, 35.338078, 34.677528>
	pigment { color rgbt <0,1,1,0> }
	no_shadow
}
cylinder {
	<25.619312, 35.487438, 34.549545>,  <25.256321, 35.669121, 35.142727>, 0.130000
	pigment { color rgbt <1,0,0,0> }
	no_shadow
}

// nucleotide -1

// particle -1
sphere {
	<25.619312, 35.487438, 34.549545> 0.250000
	pigment { color rgbt <1,0,0,0> }
	no_shadow
}
cylinder {
	<25.231771, 35.544830, 34.468815>,  <24.999247, 35.579266, 34.420376>, 0.100000
	pigment { color rgbt <1,0,0,0> }
	no_shadow
}
cylinder {
	<25.231771, 35.544830, 34.468815>,  <25.619312, 35.487438, 34.549545>, 0.100000
	pigment { color rgbt <1,0,0,0> }
	no_shadow
}

// particle -1
sphere {
	<25.231771, 35.544830, 34.468815> 0.100000
	pigment { color rgbt <1,0,0,0> }
	no_shadow
}
sphere {
	0, 1
	scale<0.080000,0.200000,0.300000>
	matrix <0.247371, 0.598211, -0.762202,
		0.011373, -0.788388, -0.615072,
		-0.968854, 0.143483, -0.201827,
		24.941114, 35.587875, 34.408268>
	pigment { color rgbt <0,1,1,0> }
	no_shadow
}
cylinder {
	<25.399763, 35.148712, 33.944767>,  <25.619312, 35.487438, 34.549545>, 0.130000
	pigment { color rgbt <1,0,0,0> }
	no_shadow
}

// nucleotide -1

// particle -1
sphere {
	<25.399763, 35.148712, 33.944767> 0.250000
	pigment { color rgbt <1,0,0,0> }
	no_shadow
}
cylinder {
	<25.163177, 35.466965, 33.997143>,  <25.021225, 35.657917, 34.028568>, 0.100000
	pigment { color rgbt <1,0,0,0> }
	no_shadow
}
cylinder {
	<25.163177, 35.466965, 33.997143>,  <25.399763, 35.148712, 33.944767>, 0.100000
	pigment { color rgbt <1,0,0,0> }
	no_shadow
}

// particle -1
sphere {
	<25.163177, 35.466965, 33.997143> 0.100000
	pigment { color rgbt <1,0,0,0> }
	no_shadow
}
sphere {
	0, 1
	scale<0.080000,0.200000,0.300000>
	matrix <0.332136, 0.388365, -0.859569,
		-0.734748, -0.464916, -0.493961,
		-0.591465, 0.795629, 0.130936,
		24.985739, 35.705654, 34.036423>
	pigment { color rgbt <0,1,1,0> }
	no_shadow
}
cylinder {
	<24.998629, 35.254532, 33.306259>,  <25.399763, 35.148712, 33.944767>, 0.130000
	pigment { color rgbt <1,0,0,0> }
	no_shadow
}

// nucleotide -1

// particle -1
sphere {
	<24.998629, 35.254532, 33.306259> 0.250000
	pigment { color rgbt <1,0,0,0> }
	no_shadow
}
cylinder {
	<25.024130, 35.599571, 33.507004>,  <25.039431, 35.806595, 33.627449>, 0.100000
	pigment { color rgbt <1,0,0,0> }
	no_shadow
}
cylinder {
	<25.024130, 35.599571, 33.507004>,  <24.998629, 35.254532, 33.306259>, 0.100000
	pigment { color rgbt <1,0,0,0> }
	no_shadow
}

// particle -1
sphere {
	<25.024130, 35.599571, 33.507004> 0.100000
	pigment { color rgbt <1,0,0,0> }
	no_shadow
}
sphere {
	0, 1
	scale<0.080000,0.200000,0.300000>
	matrix <0.338908, 0.454285, -0.823873,
		-0.938657, 0.222610, -0.263377,
		0.063754, 0.862595, 0.501863,
		25.043257, 35.858349, 33.657562>
	pigment { color rgbt <0,1,1,0> }
	no_shadow
}
cylinder {
	<24.900740, 35.904156, 32.856354>,  <24.998629, 35.254532, 33.306259>, 0.130000
	pigment { color rgbt <1,0,0,0> }
	no_shadow
}

// nucleotide -1

// particle -1
sphere {
	<24.900740, 35.904156, 32.856354> 0.250000
	pigment { color rgbt <1,0,0,0> }
	no_shadow
}
cylinder {
	<25.132736, 36.031956, 33.156094>,  <25.271935, 36.108635, 33.335938>, 0.100000
	pigment { color rgbt <1,0,0,0> }
	no_shadow
}
cylinder {
	<25.132736, 36.031956, 33.156094>,  <24.900740, 35.904156, 32.856354>, 0.100000
	pigment { color rgbt <1,0,0,0> }
	no_shadow
}

// particle -1
sphere {
	<25.132736, 36.031956, 33.156094> 0.100000
	pigment { color rgbt <1,0,0,0> }
	no_shadow
}
sphere {
	0, 1
	scale<0.080000,0.200000,0.300000>
	matrix <0.487521, 0.600822, -0.633511,
		-0.652637, 0.732755, 0.192706,
		0.579990, 0.319504, 0.749352,
		25.306734, 36.127808, 33.380898>
	pigment { color rgbt <0,1,1,0> }
	no_shadow
}
cylinder {
	<24.905100, 36.542053, 32.732800>,  <24.900740, 35.904156, 32.856354>, 0.130000
	pigment { color rgbt <1,0,0,0> }
	no_shadow
}

// nucleotide -1

// particle -1
sphere {
	<24.905100, 36.542053, 32.732800> 0.250000
	pigment { color rgbt <1,0,0,0> }
	no_shadow
}
cylinder {
	<25.231894, 36.475346, 32.953606>,  <25.427971, 36.435322, 33.086090>, 0.100000
	pigment { color rgbt <1,0,0,0> }
	no_shadow
}
cylinder {
	<25.231894, 36.475346, 32.953606>,  <24.905100, 36.542053, 32.732800>, 0.100000
	pigment { color rgbt <1,0,0,0> }
	no_shadow
}

// particle -1
sphere {
	<25.231894, 36.475346, 32.953606> 0.100000
	pigment { color rgbt <1,0,0,0> }
	no_shadow
}
sphere {
	0, 1
	scale<0.080000,0.200000,0.300000>
	matrix <0.498431, 0.685633, -0.530541,
		-0.290000, 0.708586, 0.643278,
		0.816986, -0.166773, 0.552015,
		25.476990, 36.425312, 33.119209>
	pigment { color rgbt <0,1,1,0> }
	no_shadow
}
cylinder {
	<25.341688, 37.256905, 32.893642>,  <24.905100, 36.542053, 32.732800>, 0.130000
	pigment { color rgbt <1,0,0,0> }
	no_shadow
}

// nucleotide -1

// particle -1
sphere {
	<25.341688, 37.256905, 32.893642> 0.250000
	pigment { color rgbt <1,0,0,0> }
	no_shadow
}
cylinder {
	<25.614054, 36.964504, 32.911526>,  <25.777473, 36.789066, 32.922256>, 0.100000
	pigment { color rgbt <1,0,0,0> }
	no_shadow
}
cylinder {
	<25.614054, 36.964504, 32.911526>,  <25.341688, 37.256905, 32.893642>, 0.100000
	pigment { color rgbt <1,0,0,0> }
	no_shadow
}

// particle -1
sphere {
	<25.614054, 36.964504, 32.911526> 0.100000
	pigment { color rgbt <1,0,0,0> }
	no_shadow
}
sphere {
	0, 1
	scale<0.080000,0.200000,0.300000>
	matrix <0.669339, 0.596382, -0.443073,
		0.297224, 0.331617, 0.895370,
		0.680914, -0.730998, 0.044705,
		25.818327, 36.745205, 32.924938>
	pigment { color rgbt <0,1,1,0> }
	no_shadow
}
cylinder {
	<25.858505, 37.532436, 33.114323>,  <25.341688, 37.256905, 32.893642>, 0.130000
	pigment { color rgbt <1,0,0,0> }
	no_shadow
}

// nucleotide -1

// particle -1
sphere {
	<25.858505, 37.532436, 33.114323> 0.250000
	pigment { color rgbt <1,0,0,0> }
	no_shadow
}
cylinder {
	<26.023458, 37.220417, 32.926079>,  <26.122431, 37.033207, 32.813133>, 0.100000
	pigment { color rgbt <1,0,0,0> }
	no_shadow
}
cylinder {
	<26.023458, 37.220417, 32.926079>,  <25.858505, 37.532436, 33.114323>, 0.100000
	pigment { color rgbt <1,0,0,0> }
	no_shadow
}

// particle -1
sphere {
	<26.023458, 37.220417, 32.926079> 0.100000
	pigment { color rgbt <1,0,0,0> }
	no_shadow
}
sphere {
	0, 1
	scale<0.080000,0.200000,0.300000>
	matrix <0.791972, 0.562266, -0.237983,
		0.450243, -0.274566, 0.849644,
		0.412384, -0.780045, -0.470606,
		26.147173, 36.986404, 32.784897>
	pigment { color rgbt <0,1,1,0> }
	no_shadow
}
cylinder {
	<26.586460, 37.511986, 33.360016>,  <25.858505, 37.532436, 33.114323>, 0.130000
	pigment { color rgbt <1,0,0,0> }
	no_shadow
}

// nucleotide -1

// particle -1
sphere {
	<26.586460, 37.511986, 33.360016> 0.250000
	pigment { color rgbt <1,0,0,0> }
	no_shadow
}
cylinder {
	<26.555759, 37.302082, 33.020905>,  <26.537340, 37.176140, 32.817436>, 0.100000
	pigment { color rgbt <1,0,0,0> }
	no_shadow
}
cylinder {
	<26.555759, 37.302082, 33.020905>,  <26.586460, 37.511986, 33.360016>, 0.100000
	pigment { color rgbt <1,0,0,0> }
	no_shadow
}

// particle -1
sphere {
	<26.555759, 37.302082, 33.020905> 0.100000
	pigment { color rgbt <1,0,0,0> }
	no_shadow
}
sphere {
	0, 1
	scale<0.080000,0.200000,0.300000>
	matrix <0.806478, 0.467293, -0.362257,
		0.586262, -0.711521, 0.387344,
		-0.076751, -0.524762, -0.847782,
		26.532734, 37.144653, 32.766571>
	pigment { color rgbt <0,1,1,0> }
	no_shadow
}
cylinder {
	<27.244987, 37.418026, 33.130318>,  <26.586460, 37.511986, 33.360016>, 0.130000
	pigment { color rgbt <1,0,0,0> }
	no_shadow
}

// nucleotide -1

// particle -1
sphere {
	<27.244987, 37.418026, 33.130318> 0.250000
	pigment { color rgbt <1,0,0,0> }
	no_shadow
}
cylinder {
	<27.043837, 37.339691, 32.793564>,  <26.923147, 37.292690, 32.591511>, 0.100000
	pigment { color rgbt <1,0,0,0> }
	no_shadow
}
cylinder {
	<27.043837, 37.339691, 32.793564>,  <27.244987, 37.418026, 33.130318>, 0.100000
	pigment { color rgbt <1,0,0,0> }
	no_shadow
}

// particle -1
sphere {
	<27.043837, 37.339691, 32.793564> 0.100000
	pigment { color rgbt <1,0,0,0> }
	no_shadow
}
sphere {
	0, 1
	scale<0.080000,0.200000,0.300000>
	matrix <0.812908, 0.223868, -0.537646,
		0.293764, -0.954740, 0.046623,
		-0.502875, -0.195842, -0.841881,
		26.892975, 37.280937, 32.541000>
	pigment { color rgbt <0,1,1,0> }
	no_shadow
}
cylinder {
	<27.709867, 37.067871, 32.697163>,  <27.244987, 37.418026, 33.130318>, 0.130000
	pigment { color rgbt <1,0,0,0> }
	no_shadow
}

// nucleotide -1

// particle -1
sphere {
	<27.709867, 37.067871, 32.697163> 0.250000
	pigment { color rgbt <1,0,0,0> }
	no_shadow
}
cylinder {
	<27.449163, 37.193527, 32.421040>,  <27.292742, 37.268921, 32.255363>, 0.100000
	pigment { color rgbt <1,0,0,0> }
	no_shadow
}
cylinder {
	<27.449163, 37.193527, 32.421040>,  <27.709867, 37.067871, 32.697163>, 0.100000
	pigment { color rgbt <1,0,0,0> }
	no_shadow
}

// particle -1
sphere {
	<27.449163, 37.193527, 32.421040> 0.100000
	pigment { color rgbt <1,0,0,0> }
	no_shadow
}
sphere {
	0, 1
	scale<0.080000,0.200000,0.300000>
	matrix <0.757926, 0.236725, -0.607873,
		-0.027543, -0.919390, -0.392381,
		-0.651759, 0.314138, -0.690309,
		27.253635, 37.287769, 32.213947>
	pigment { color rgbt <0,1,1,0> }
	no_shadow
}
cylinder {
	<28.009571, 36.869247, 32.148220>,  <27.709867, 37.067871, 32.697163>, 0.130000
	pigment { color rgbt <1,0,0,0> }
	no_shadow
}

// nucleotide -1

// particle -1
sphere {
	<28.009571, 36.869247, 32.148220> 0.250000
	pigment { color rgbt <1,0,0,0> }
	no_shadow
}
cylinder {
	<27.751284, 37.147488, 32.022240>,  <27.596312, 37.314430, 31.946651>, 0.100000
	pigment { color rgbt <1,0,0,0> }
	no_shadow
}
cylinder {
	<27.751284, 37.147488, 32.022240>,  <28.009571, 36.869247, 32.148220>, 0.100000
	pigment { color rgbt <1,0,0,0> }
	no_shadow
}

// particle -1
sphere {
	<27.751284, 37.147488, 32.022240> 0.100000
	pigment { color rgbt <1,0,0,0> }
	no_shadow
}
sphere {
	0, 1
	scale<0.080000,0.200000,0.300000>
	matrix <0.671146, 0.320320, -0.668549,
		-0.364156, -0.643071, -0.673684,
		-0.645719, 0.695597, -0.314948,
		27.557568, 37.356167, 31.927755>
	pigment { color rgbt <0,1,1,0> }
	no_shadow
}
cylinder {
	<28.045046, 36.854496, 31.389284>,  <28.009571, 36.869247, 32.148220>, 0.130000
	pigment { color rgbt <1,0,0,0> }
	no_shadow
}

// nucleotide -1

// particle -1
sphere {
	<28.045046, 36.854496, 31.389284> 0.250000
	pigment { color rgbt <1,0,0,0> }
	no_shadow
}
cylinder {
	<27.895557, 37.205826, 31.508533>,  <27.805864, 37.416622, 31.580084>, 0.100000
	pigment { color rgbt <1,0,0,0> }
	no_shadow
}
cylinder {
	<27.895557, 37.205826, 31.508533>,  <28.045046, 36.854496, 31.389284>, 0.100000
	pigment { color rgbt <1,0,0,0> }
	no_shadow
}

// particle -1
sphere {
	<27.895557, 37.205826, 31.508533> 0.100000
	pigment { color rgbt <1,0,0,0> }
	no_shadow
}
sphere {
	0, 1
	scale<0.080000,0.200000,0.300000>
	matrix <0.501924, 0.461789, -0.731316,
		-0.780003, -0.123672, -0.613433,
		-0.373720, 0.878326, 0.298123,
		27.783442, 37.469322, 31.597971>
	pigment { color rgbt <0,1,1,0> }
	no_shadow
}
cylinder {
	<28.000029, 37.196735, 30.675251>,  <28.045046, 36.854496, 31.389284>, 0.130000
	pigment { color rgbt <1,0,0,0> }
	no_shadow
}

// nucleotide -1

// particle -1
sphere {
	<28.000029, 37.196735, 30.675251> 0.250000
	pigment { color rgbt <1,0,0,0> }
	no_shadow
}
cylinder {
	<27.934443, 37.502571, 30.924576>,  <27.895090, 37.686073, 31.074171>, 0.100000
	pigment { color rgbt <1,0,0,0> }
	no_shadow
}
cylinder {
	<27.934443, 37.502571, 30.924576>,  <28.000029, 37.196735, 30.675251>, 0.100000
	pigment { color rgbt <1,0,0,0> }
	no_shadow
}

// particle -1
sphere {
	<27.934443, 37.502571, 30.924576> 0.100000
	pigment { color rgbt <1,0,0,0> }
	no_shadow
}
sphere {
	0, 1
	scale<0.080000,0.200000,0.300000>
	matrix <0.452940, 0.619671, -0.640978,
		-0.876334, 0.177223, -0.447919,
		-0.163966, 0.764591, 0.623310,
		27.885252, 37.731949, 31.111568>
	pigment { color rgbt <0,1,1,0> }
	no_shadow
}
cylinder {
	<27.633097, 37.766888, 30.385084>,  <28.000029, 37.196735, 30.675251>, 0.130000
	pigment { color rgbt <1,0,0,0> }
	no_shadow
}

// nucleotide -1

// particle -1
sphere {
	<27.633097, 37.766888, 30.385084> 0.250000
	pigment { color rgbt <1,0,0,0> }
	no_shadow
}
cylinder {
	<27.820642, 37.939384, 30.693422>,  <27.933170, 38.042881, 30.878426>, 0.100000
	pigment { color rgbt <1,0,0,0> }
	no_shadow
}
cylinder {
	<27.820642, 37.939384, 30.693422>,  <27.633097, 37.766888, 30.385084>, 0.100000
	pigment { color rgbt <1,0,0,0> }
	no_shadow
}

// particle -1
sphere {
	<27.820642, 37.939384, 30.693422> 0.100000
	pigment { color rgbt <1,0,0,0> }
	no_shadow
}
sphere {
	0, 1
	scale<0.080000,0.200000,0.300000>
	matrix <0.583177, 0.504313, -0.636846,
		-0.663379, 0.748132, -0.015035,
		0.468863, 0.431239, 0.770844,
		27.961302, 38.068756, 30.924675>
	pigment { color rgbt <0,1,1,0> }
	no_shadow
}
cylinder {
	<27.596880, 38.467148, 30.264883>,  <27.633097, 37.766888, 30.385084>, 0.130000
	pigment { color rgbt <1,0,0,0> }
	no_shadow
}

// nucleotide -1

// particle -1
sphere {
	<27.596880, 38.467148, 30.264883> 0.250000
	pigment { color rgbt <1,0,0,0> }
	no_shadow
}
cylinder {
	<27.897058, 38.407818, 30.522511>,  <28.077166, 38.372219, 30.677088>, 0.100000
	pigment { color rgbt <1,0,0,0> }
	no_shadow
}
cylinder {
	<27.897058, 38.407818, 30.522511>,  <27.596880, 38.467148, 30.264883>, 0.100000
	pigment { color rgbt <1,0,0,0> }
	no_shadow
}

// particle -1
sphere {
	<27.897058, 38.407818, 30.522511> 0.100000
	pigment { color rgbt <1,0,0,0> }
	no_shadow
}
sphere {
	0, 1
	scale<0.080000,0.200000,0.300000>
	matrix <0.599849, 0.562015, -0.569492,
		-0.277506, 0.813719, 0.510737,
		0.750448, -0.148328, 0.644070,
		28.122192, 38.363319, 30.715733>
	pigment { color rgbt <0,1,1,0> }
	no_shadow
}
cylinder {
	<27.793652, 39.180256, 30.418718>,  <27.596880, 38.467148, 30.264883>, 0.130000
	pigment { color rgbt <1,0,0,0> }
	no_shadow
}

// nucleotide -1

// particle -1
sphere {
	<27.793652, 39.180256, 30.418718> 0.250000
	pigment { color rgbt <1,0,0,0> }
	no_shadow
}
cylinder {
	<28.109200, 38.955032, 30.517223>,  <28.298529, 38.819897, 30.576326>, 0.100000
	pigment { color rgbt <1,0,0,0> }
	no_shadow
}
cylinder {
	<28.109200, 38.955032, 30.517223>,  <27.793652, 39.180256, 30.418718>, 0.100000
	pigment { color rgbt <1,0,0,0> }
	no_shadow
}

// particle -1
sphere {
	<28.109200, 38.955032, 30.517223> 0.100000
	pigment { color rgbt <1,0,0,0> }
	no_shadow
}
sphere {
	0, 1
	scale<0.080000,0.200000,0.300000>
	matrix <0.612667, 0.751962, -0.243295,
		-0.048191, 0.342805, 0.938170,
		0.788871, -0.563061, 0.246263,
		28.345861, 38.786114, 30.591103>
	pigment { color rgbt <0,1,1,0> }
	no_shadow
}
cylinder {
	<28.195059, 39.670952, 30.867044>,  <27.793652, 39.180256, 30.418718>, 0.130000
	pigment { color rgbt <1,0,0,0> }
	no_shadow
}

// nucleotide -1

// particle -1
sphere {
	<28.195059, 39.670952, 30.867044> 0.250000
	pigment { color rgbt <1,0,0,0> }
	no_shadow
}
cylinder {
	<28.443584, 39.385468, 30.737688>,  <28.592701, 39.214176, 30.660074>, 0.100000
	pigment { color rgbt <1,0,0,0> }
	no_shadow
}
cylinder {
	<28.443584, 39.385468, 30.737688>,  <28.195059, 39.670952, 30.867044>, 0.100000
	pigment { color rgbt <1,0,0,0> }
	no_shadow
}

// particle -1
sphere {
	<28.443584, 39.385468, 30.737688> 0.100000
	pigment { color rgbt <1,0,0,0> }
	no_shadow
}
sphere {
	0, 1
	scale<0.080000,0.200000,0.300000>
	matrix <0.708548, 0.687970, -0.157026,
		0.334556, -0.131576, 0.933145,
		0.621315, -0.713712, -0.323392,
		28.629978, 39.171352, 30.640671>
	pigment { color rgbt <0,1,1,0> }
	no_shadow
}
cylinder {
	<28.878027, 39.842308, 31.156408>,  <28.195059, 39.670952, 30.867044>, 0.130000
	pigment { color rgbt <1,0,0,0> }
	no_shadow
}

// nucleotide -1

// particle -1
sphere {
	<28.878027, 39.842308, 31.156408> 0.250000
	pigment { color rgbt <1,0,0,0> }
	no_shadow
}
cylinder {
	<28.921831, 39.608356, 30.834930>,  <28.948112, 39.467987, 30.642044>, 0.100000
	pigment { color rgbt <1,0,0,0> }
	no_shadow
}
cylinder {
	<28.921831, 39.608356, 30.834930>,  <28.878027, 39.842308, 31.156408>, 0.100000
	pigment { color rgbt <1,0,0,0> }
	no_shadow
}

// particle -1
sphere {
	<28.921831, 39.608356, 30.834930> 0.100000
	pigment { color rgbt <1,0,0,0> }
	no_shadow
}
sphere {
	0, 1
	scale<0.080000,0.200000,0.300000>
	matrix <0.672994, 0.638662, -0.373080,
		0.731496, -0.500026, 0.463560,
		0.109509, -0.584880, -0.803694,
		28.954683, 39.432892, 30.593822>
	pigment { color rgbt <0,1,1,0> }
	no_shadow
}
cylinder {
	<29.559019, 39.601723, 31.159483>,  <28.878027, 39.842308, 31.156408>, 0.130000
	pigment { color rgbt <1,0,0,0> }
	no_shadow
}

// nucleotide -1

// particle -1
sphere {
	<29.559019, 39.601723, 31.159483> 0.250000
	pigment { color rgbt <1,0,0,0> }
	no_shadow
}
cylinder {
	<29.423399, 39.584019, 30.783592>,  <29.342028, 39.573399, 30.558058>, 0.100000
	pigment { color rgbt <1,0,0,0> }
	no_shadow
}
cylinder {
	<29.423399, 39.584019, 30.783592>,  <29.559019, 39.601723, 31.159483>, 0.100000
	pigment { color rgbt <1,0,0,0> }
	no_shadow
}

// particle -1
sphere {
	<29.423399, 39.584019, 30.783592> 0.100000
	pigment { color rgbt <1,0,0,0> }
	no_shadow
}
sphere {
	0, 1
	scale<0.080000,0.200000,0.300000>
	matrix <0.604769, 0.754894, -0.253752,
		0.720624, -0.654352, -0.229182,
		-0.339051, -0.044258, -0.939726,
		29.321684, 39.570740, 30.501675>
	pigment { color rgbt <0,1,1,0> }
	no_shadow
}
cylinder {
	<30.185001, 39.749348, 30.745628>,  <29.559019, 39.601723, 31.159483>, 0.130000
	pigment { color rgbt <1,0,0,0> }
	no_shadow
}

// nucleotide -1

// particle -1
sphere {
	<30.185001, 39.749348, 30.745628> 0.250000
	pigment { color rgbt <1,0,0,0> }
	no_shadow
}
cylinder {
	<29.887817, 39.814938, 30.486052>,  <29.709507, 39.854290, 30.330305>, 0.100000
	pigment { color rgbt <1,0,0,0> }
	no_shadow
}
cylinder {
	<29.887817, 39.814938, 30.486052>,  <30.185001, 39.749348, 30.745628>, 0.100000
	pigment { color rgbt <1,0,0,0> }
	no_shadow
}

// particle -1
sphere {
	<29.887817, 39.814938, 30.486052> 0.100000
	pigment { color rgbt <1,0,0,0> }
	no_shadow
}
sphere {
	0, 1
	scale<0.080000,0.200000,0.300000>
	matrix <0.538557, 0.722154, -0.434109,
		0.397452, -0.672017, -0.624840,
		-0.742959, 0.163974, -0.648941,
		29.664930, 39.864128, 30.291368>
	pigment { color rgbt <0,1,1,0> }
	no_shadow
}
cylinder {
	<30.564348, 39.985134, 30.014196>,  <30.185001, 39.749348, 30.745628>, 0.130000
	pigment { color rgbt <1,0,0,0> }
	no_shadow
}

// nucleotide -1

// particle -1
sphere {
	<30.564348, 39.985134, 30.014196> 0.250000
	pigment { color rgbt <1,0,0,0> }
	no_shadow
}
cylinder {
	<30.191269, 40.129047, 30.024288>,  <29.967422, 40.215393, 30.030342>, 0.100000
	pigment { color rgbt <1,0,0,0> }
	no_shadow
}
cylinder {
	<30.191269, 40.129047, 30.024288>,  <30.564348, 39.985134, 30.014196>, 0.100000
	pigment { color rgbt <1,0,0,0> }
	no_shadow
}

// particle -1
sphere {
	<30.191269, 40.129047, 30.024288> 0.100000
	pigment { color rgbt <1,0,0,0> }
	no_shadow
}
sphere {
	0, 1
	scale<0.080000,0.200000,0.300000>
	matrix <0.345354, 0.911081, -0.225081,
		-0.103965, -0.201219, -0.974014,
		-0.932696, 0.359780, 0.025228,
		29.911461, 40.236980, 30.031857>
	pigment { color rgbt <0,1,1,0> }
	no_shadow
}
cylinder {
	<30.505449, 40.391888, 29.421425>,  <30.564348, 39.985134, 30.014196>, 0.130000
	pigment { color rgbt <1,0,0,0> }
	no_shadow
}

// nucleotide -1

// particle -1
sphere {
	<30.505449, 40.391888, 29.421425> 0.250000
	pigment { color rgbt <1,0,0,0> }
	no_shadow
}
cylinder {
	<30.215446, 40.503548, 29.673279>,  <30.041445, 40.570545, 29.824390>, 0.100000
	pigment { color rgbt <1,0,0,0> }
	no_shadow
}
cylinder {
	<30.215446, 40.503548, 29.673279>,  <30.505449, 40.391888, 29.421425>, 0.100000
	pigment { color rgbt <1,0,0,0> }
	no_shadow
}

// particle -1
sphere {
	<30.215446, 40.503548, 29.673279> 0.100000
	pigment { color rgbt <1,0,0,0> }
	no_shadow
}
sphere {
	0, 1
	scale<0.080000,0.200000,0.300000>
	matrix <0.175390, 0.958873, -0.223162,
		-0.666034, -0.051363, -0.744151,
		-0.725008, 0.279150, 0.629633,
		29.997944, 40.587292, 29.862169>
	pigment { color rgbt <0,1,1,0> }
	no_shadow
}
cylinder {
	<30.082170, 40.962410, 29.065924>,  <30.505449, 40.391888, 29.421425>, 0.130000
	pigment { color rgbt <1,0,0,0> }
	no_shadow
}

// nucleotide -1

// particle -1
sphere {
	<30.082170, 40.962410, 29.065924> 0.250000
	pigment { color rgbt <1,0,0,0> }
	no_shadow
}
cylinder {
	<30.088667, 40.980122, 29.465479>,  <30.092566, 40.990749, 29.705212>, 0.100000
	pigment { color rgbt <1,0,0,0> }
	no_shadow
}
cylinder {
	<30.088667, 40.980122, 29.465479>,  <30.082170, 40.962410, 29.065924>, 0.100000
	pigment { color rgbt <1,0,0,0> }
	no_shadow
}

// particle -1
sphere {
	<30.088667, 40.980122, 29.465479> 0.100000
	pigment { color rgbt <1,0,0,0> }
	no_shadow
}
sphere {
	0, 1
	scale<0.080000,0.200000,0.300000>
	matrix <0.283938, 0.957687, -0.047071,
		-0.958705, 0.284387, 0.002982,
		0.016242, 0.044280, 0.998887,
		30.093540, 40.993404, 29.765144>
	pigment { color rgbt <0,1,1,0> }
	no_shadow
}
cylinder {
	<29.686071, 41.530071, 29.374603>,  <30.082170, 40.962410, 29.065924>, 0.130000
	pigment { color rgbt <1,0,0,0> }
	no_shadow
}

// nucleotide -1

// particle -1
sphere {
	<29.686071, 41.530071, 29.374603> 0.250000
	pigment { color rgbt <1,0,0,0> }
	no_shadow
}
cylinder {
	<30.006285, 41.412693, 29.583614>,  <30.198414, 41.342266, 29.709021>, 0.100000
	pigment { color rgbt <1,0,0,0> }
	no_shadow
}
cylinder {
	<30.006285, 41.412693, 29.583614>,  <29.686071, 41.530071, 29.374603>, 0.100000
	pigment { color rgbt <1,0,0,0> }
	no_shadow
}

// particle -1
sphere {
	<30.006285, 41.412693, 29.583614> 0.100000
	pigment { color rgbt <1,0,0,0> }
	no_shadow
}
sphere {
	0, 1
	scale<0.080000,0.200000,0.300000>
	matrix <0.452026, 0.868129, -0.204998,
		-0.393469, 0.400306, 0.827610,
		0.800534, -0.293441, 0.522530,
		30.246445, 41.324661, 29.740374>
	pigment { color rgbt <0,1,1,0> }
	no_shadow
}
cylinder {
	<29.945332, 42.013531, 29.890678>,  <29.686071, 41.530071, 29.374603>, 0.130000
	pigment { color rgbt <1,0,0,0> }
	no_shadow
}

// nucleotide -1

// particle -1
sphere {
	<29.945332, 42.013531, 29.890678> 0.250000
	pigment { color rgbt <1,0,0,0> }
	no_shadow
}
cylinder {
	<30.226313, 41.781418, 29.725834>,  <30.394901, 41.642151, 29.626926>, 0.100000
	pigment { color rgbt <1,0,0,0> }
	no_shadow
}
cylinder {
	<30.226313, 41.781418, 29.725834>,  <29.945332, 42.013531, 29.890678>, 0.100000
	pigment { color rgbt <1,0,0,0> }
	no_shadow
}

// particle -1
sphere {
	<30.226313, 41.781418, 29.725834> 0.100000
	pigment { color rgbt <1,0,0,0> }
	no_shadow
}
sphere {
	0, 1
	scale<0.080000,0.200000,0.300000>
	matrix <0.372032, 0.792991, -0.482449,
		0.606758, 0.185577, 0.772920,
		0.702451, -0.580281, -0.412114,
		30.437048, 41.607334, 29.602200>
	pigment { color rgbt <0,1,1,0> }
	no_shadow
}
cylinder {
	<30.672028, 42.335632, 30.027555>,  <29.945332, 42.013531, 29.890678>, 0.130000
	pigment { color rgbt <1,0,0,0> }
	no_shadow
}

// nucleotide -1

// particle -1
sphere {
	<30.672028, 42.335632, 30.027555> 0.250000
	pigment { color rgbt <1,0,0,0> }
	no_shadow
}
cylinder {
	<30.631569, 42.107117, 29.701759>,  <30.607294, 41.970005, 29.506281>, 0.100000
	pigment { color rgbt <1,0,0,0> }
	no_shadow
}
cylinder {
	<30.631569, 42.107117, 29.701759>,  <30.672028, 42.335632, 30.027555>, 0.100000
	pigment { color rgbt <1,0,0,0> }
	no_shadow
}

// particle -1
sphere {
	<30.631569, 42.107117, 29.701759> 0.100000
	pigment { color rgbt <1,0,0,0> }
	no_shadow
}
sphere {
	0, 1
	scale<0.080000,0.200000,0.300000>
	matrix <0.096797, 0.809154, -0.579568,
		0.990151, -0.137461, -0.026544,
		-0.101146, -0.571291, -0.814491,
		30.601225, 41.935730, 29.457413>
	pigment { color rgbt <0,1,1,0> }
	no_shadow
}
cylinder {
	<31.212423, 42.571033, 29.589903>,  <30.672028, 42.335632, 30.027555>, 0.130000
	pigment { color rgbt <1,0,0,0> }
	no_shadow
}

// nucleotide -1

// particle -1
sphere {
	<31.212423, 42.571033, 29.589903> 0.250000
	pigment { color rgbt <1,0,0,0> }
	no_shadow
}
cylinder {
	<30.915716, 42.427433, 29.363310>,  <30.737692, 42.341274, 29.227354>, 0.100000
	pigment { color rgbt <1,0,0,0> }
	no_shadow
}
cylinder {
	<30.915716, 42.427433, 29.363310>,  <31.212423, 42.571033, 29.589903>, 0.100000
	pigment { color rgbt <1,0,0,0> }
	no_shadow
}

// particle -1
sphere {
	<30.915716, 42.427433, 29.363310> 0.100000
	pigment { color rgbt <1,0,0,0> }
	no_shadow
}
sphere {
	0, 1
	scale<0.080000,0.200000,0.300000>
	matrix <-0.004468, 0.847290, -0.531112,
		0.670643, -0.391430, -0.630096,
		-0.741767, -0.359001, -0.566480,
		30.693186, 42.319733, 29.193365>
	pigment { color rgbt <0,1,1,0> }
	no_shadow
}
cylinder {
	<31.404264, 42.692463, 28.895590>,  <31.212423, 42.571033, 29.589903>, 0.130000
	pigment { color rgbt <1,0,0,0> }
	no_shadow
}

// nucleotide -1

// particle -1
sphere {
	<31.404264, 42.692463, 28.895590> 0.250000
	pigment { color rgbt <1,0,0,0> }
	no_shadow
}
cylinder {
	<31.007151, 42.681770, 28.942345>,  <30.768883, 42.675354, 28.970398>, 0.100000
	pigment { color rgbt <1,0,0,0> }
	no_shadow
}
cylinder {
	<31.007151, 42.681770, 28.942345>,  <31.404264, 42.692463, 28.895590>, 0.100000
	pigment { color rgbt <1,0,0,0> }
	no_shadow
}

// particle -1
sphere {
	<31.007151, 42.681770, 28.942345> 0.100000
	pigment { color rgbt <1,0,0,0> }
	no_shadow
}
sphere {
	0, 1
	scale<0.080000,0.200000,0.300000>
	matrix <-0.069644, 0.922087, -0.380665,
		-0.097605, -0.386059, -0.917296,
		-0.992786, -0.026730, 0.116887,
		30.709314, 42.673752, 28.977411>
	pigment { color rgbt <0,1,1,0> }
	no_shadow
}
cylinder {
	<32.003330, 42.256588, 29.108126>,  <31.404264, 42.692463, 28.895590>, 0.130000
	pigment { color rgbt <1,0,0,0> }
	no_shadow
}

// nucleotide -1

// particle -1
sphere {
	<32.003330, 42.256588, 29.108126> 0.250000
	pigment { color rgbt <1,0,0,0> }
	no_shadow
}
cylinder {
	<32.293697, 42.490780, 29.252489>,  <32.467918, 42.631294, 29.339108>, 0.100000
	pigment { color rgbt <1,0,0,0> }
	no_shadow
}
cylinder {
	<32.293697, 42.490780, 29.252489>,  <32.003330, 42.256588, 29.108126>, 0.100000
	pigment { color rgbt <1,0,0,0> }
	no_shadow
}

// particle -1
sphere {
	<32.293697, 42.490780, 29.252489> 0.100000
	pigment { color rgbt <1,0,0,0> }
	no_shadow
}
sphere {
	0, 1
	scale<0.080000,0.200000,0.300000>
	matrix <-0.239011, 0.706783, -0.665831,
		-0.644916, 0.397077, 0.653003,
		0.725918, 0.585480, 0.360910,
		32.511475, 42.666424, 29.360762>
	pigment { color rgbt <0,1,1,0> }
	no_shadow
}
cylinder {
	<31.952606, 41.546753, 29.011475>,  <32.003330, 42.256588, 29.108126>, 0.130000
	pigment { color rgbt <1,0,0,0> }
	no_shadow
}

// nucleotide -1

// particle -1
sphere {
	<31.952606, 41.546753, 29.011475> 0.250000
	pigment { color rgbt <1,0,0,0> }
	no_shadow
}
cylinder {
	<31.870480, 41.189163, 28.852152>,  <31.821203, 40.974609, 28.756557>, 0.100000
	pigment { color rgbt <1,0,0,0> }
	no_shadow
}
cylinder {
	<31.870480, 41.189163, 28.852152>,  <31.952606, 41.546753, 29.011475>, 0.100000
	pigment { color rgbt <1,0,0,0> }
	no_shadow
}

// particle -1
sphere {
	<31.870480, 41.189163, 28.852152> 0.100000
	pigment { color rgbt <1,0,0,0> }
	no_shadow
}
sphere {
	0, 1
	scale<0.080000,0.200000,0.300000>
	matrix <0.458685, -0.447410, 0.767745,
		-0.864553, -0.025064, 0.501916,
		-0.205319, -0.893978, -0.398306,
		31.808884, 40.920971, 28.732660>
	pigment { color rgbt <0,1,1,0> }
	no_shadow
}
cylinder {
	<32.439831, 41.022228, 29.139135>,  <31.952606, 41.546753, 29.011475>, 0.130000
	pigment { color rgbt <1,0,0,0> }
	no_shadow
}

// nucleotide -1

// particle -1
sphere {
	<32.439831, 41.022228, 29.139135> 0.250000
	pigment { color rgbt <1,0,0,0> }
	no_shadow
}
cylinder {
	<32.508026, 41.375759, 29.313395>,  <32.548943, 41.587875, 29.417950>, 0.100000
	pigment { color rgbt <1,0,0,0> }
	no_shadow
}
cylinder {
	<32.508026, 41.375759, 29.313395>,  <32.439831, 41.022228, 29.139135>, 0.100000
	pigment { color rgbt <1,0,0,0> }
	no_shadow
}

// particle -1
sphere {
	<32.508026, 41.375759, 29.313395> 0.100000
	pigment { color rgbt <1,0,0,0> }
	no_shadow
}
sphere {
	0, 1
	scale<0.080000,0.200000,0.300000>
	matrix <-0.411351, -0.337913, 0.846525,
		0.895391, -0.323525, 0.305952,
		0.170487, 0.883825, 0.435646,
		32.559174, 41.640907, 29.444088>
	pigment { color rgbt <0,1,1,0> }
	no_shadow
}
cylinder {
	<32.739834, 40.761852, 29.693953>,  <32.439831, 41.022228, 29.139135>, 0.130000
	pigment { color rgbt <1,0,0,0> }
	no_shadow
}

// nucleotide -1

// particle -1
sphere {
	<32.739834, 40.761852, 29.693953> 0.250000
	pigment { color rgbt <1,0,0,0> }
	no_shadow
}
cylinder {
	<32.598118, 41.127480, 29.772900>,  <32.513088, 41.346855, 29.820269>, 0.100000
	pigment { color rgbt <1,0,0,0> }
	no_shadow
}
cylinder {
	<32.598118, 41.127480, 29.772900>,  <32.739834, 40.761852, 29.693953>, 0.100000
	pigment { color rgbt <1,0,0,0> }
	no_shadow
}

// particle -1
sphere {
	<32.598118, 41.127480, 29.772900> 0.100000
	pigment { color rgbt <1,0,0,0> }
	no_shadow
}
sphere {
	0, 1
	scale<0.080000,0.200000,0.300000>
	matrix <-0.369189, -0.330636, 0.868550,
		0.859174, 0.234851, 0.454605,
		-0.354289, 0.914070, 0.197369,
		32.491833, 41.401699, 29.832111>
	pigment { color rgbt <0,1,1,0> }
	no_shadow
}
cylinder {
	<33.023006, 40.970654, 30.263580>,  <32.739834, 40.761852, 29.693953>, 0.130000
	pigment { color rgbt <1,0,0,0> }
	no_shadow
}

// nucleotide -1

// particle -1
sphere {
	<33.023006, 40.970654, 30.263580> 0.250000
	pigment { color rgbt <1,0,0,0> }
	no_shadow
}
cylinder {
	<32.665550, 41.141220, 30.207623>,  <32.451077, 41.243561, 30.174047>, 0.100000
	pigment { color rgbt <1,0,0,0> }
	no_shadow
}
cylinder {
	<32.665550, 41.141220, 30.207623>,  <33.023006, 40.970654, 30.263580>, 0.100000
	pigment { color rgbt <1,0,0,0> }
	no_shadow
}

// particle -1
sphere {
	<32.665550, 41.141220, 30.207623> 0.100000
	pigment { color rgbt <1,0,0,0> }
	no_shadow
}
sphere {
	0, 1
	scale<0.080000,0.200000,0.300000>
	matrix <-0.321481, -0.390752, 0.862533,
		0.313138, 0.815768, 0.486279,
		-0.893641, 0.426421, -0.139895,
		32.397457, 41.269146, 30.165653>
	pigment { color rgbt <0,1,1,0> }
	no_shadow
}
cylinder {
	<32.806492, 41.214806, 30.972610>,  <33.023006, 40.970654, 30.263580>, 0.130000
	pigment { color rgbt <1,0,0,0> }
	no_shadow
}

// nucleotide -1

// particle -1
sphere {
	<32.806492, 41.214806, 30.972610> 0.250000
	pigment { color rgbt <1,0,0,0> }
	no_shadow
}
cylinder {
	<32.469299, 41.190945, 30.758759>,  <32.266983, 41.176628, 30.630447>, 0.100000
	pigment { color rgbt <1,0,0,0> }
	no_shadow
}
cylinder {
	<32.469299, 41.190945, 30.758759>,  <32.806492, 41.214806, 30.972610>, 0.100000
	pigment { color rgbt <1,0,0,0> }
	no_shadow
}

// particle -1
sphere {
	<32.469299, 41.190945, 30.758759> 0.100000
	pigment { color rgbt <1,0,0,0> }
	no_shadow
}
sphere {
	0, 1
	scale<0.080000,0.200000,0.300000>
	matrix <-0.461390, -0.430833, 0.775566,
		-0.276600, 0.900458, 0.335660,
		-0.842978, -0.059651, -0.534631,
		32.216408, 41.173050, 30.598370>
	pigment { color rgbt <0,1,1,0> }
	no_shadow
}
cylinder {
	<32.270504, 41.529350, 31.365618>,  <32.806492, 41.214806, 30.972610>, 0.130000
	pigment { color rgbt <1,0,0,0> }
	no_shadow
}

// nucleotide -1

// particle -1
sphere {
	<32.270504, 41.529350, 31.365618> 0.250000
	pigment { color rgbt <1,0,0,0> }
	no_shadow
}
cylinder {
	<32.098991, 41.271221, 31.112728>,  <31.996084, 41.116344, 30.960995>, 0.100000
	pigment { color rgbt <1,0,0,0> }
	no_shadow
}
cylinder {
	<32.098991, 41.271221, 31.112728>,  <32.270504, 41.529350, 31.365618>, 0.100000
	pigment { color rgbt <1,0,0,0> }
	no_shadow
}

// particle -1
sphere {
	<32.098991, 41.271221, 31.112728> 0.100000
	pigment { color rgbt <1,0,0,0> }
	no_shadow
}
sphere {
	0, 1
	scale<0.080000,0.200000,0.300000>
	matrix <-0.530064, -0.386992, 0.754500,
		-0.731561, 0.658633, -0.176128,
		-0.428778, -0.645322, -0.632226,
		31.970358, 41.077625, 30.923061>
	pigment { color rgbt <0,1,1,0> }
	no_shadow
}
cylinder {
	<31.529619, 41.551342, 31.541798>,  <32.270504, 41.529350, 31.365618>, 0.130000
	pigment { color rgbt <1,0,0,0> }
	no_shadow
}

// nucleotide -1

// particle -1
sphere {
	<31.529619, 41.551342, 31.541798> 0.250000
	pigment { color rgbt <1,0,0,0> }
	no_shadow
}
cylinder {
	<31.605301, 41.209164, 31.348963>,  <31.650711, 41.003857, 31.233261>, 0.100000
	pigment { color rgbt <1,0,0,0> }
	no_shadow
}
cylinder {
	<31.605301, 41.209164, 31.348963>,  <31.529619, 41.551342, 31.541798>, 0.100000
	pigment { color rgbt <1,0,0,0> }
	no_shadow
}

// particle -1
sphere {
	<31.605301, 41.209164, 31.348963> 0.100000
	pigment { color rgbt <1,0,0,0> }
	no_shadow
}
sphere {
	0, 1
	scale<0.080000,0.200000,0.300000>
	matrix <-0.586106, -0.492292, 0.643527,
		-0.787833, 0.160795, -0.594529,
		0.189206, -0.855449, -0.482087,
		31.662064, 40.952530, 31.204336>
	pigment { color rgbt <0,1,1,0> }
	no_shadow
}
cylinder {
	<31.019501, 41.256714, 31.665483>,  <31.529619, 41.551342, 31.541798>, 0.130000
	pigment { color rgbt <1,0,0,0> }
	no_shadow
}

// nucleotide -1

// particle -1
sphere {
	<31.019501, 41.256714, 31.665483> 0.250000
	pigment { color rgbt <1,0,0,0> }
	no_shadow
}
cylinder {
	<31.247824, 40.946537, 31.557507>,  <31.384817, 40.760429, 31.492722>, 0.100000
	pigment { color rgbt <1,0,0,0> }
	no_shadow
}
cylinder {
	<31.247824, 40.946537, 31.557507>,  <31.019501, 41.256714, 31.665483>, 0.100000
	pigment { color rgbt <1,0,0,0> }
	no_shadow
}

// particle -1
sphere {
	<31.247824, 40.946537, 31.557507> 0.100000
	pigment { color rgbt <1,0,0,0> }
	no_shadow
}
sphere {
	0, 1
	scale<0.080000,0.200000,0.300000>
	matrix <-0.477332, -0.580890, 0.659333,
		-0.668081, -0.247501, -0.701720,
		0.570808, -0.775442, -0.269942,
		31.419065, 40.713905, 31.476524>
	pigment { color rgbt <0,1,1,0> }
	no_shadow
}
cylinder {
	<30.526138, 40.802567, 31.687059>,  <31.019501, 41.256714, 31.665483>, 0.130000
	pigment { color rgbt <1,0,0,0> }
	no_shadow
}

// nucleotide -1

// particle -1
sphere {
	<30.526138, 40.802567, 31.687059> 0.250000
	pigment { color rgbt <1,0,0,0> }
	no_shadow
}
cylinder {
	<30.878618, 40.613560, 31.692944>,  <31.090107, 40.500156, 31.696474>, 0.100000
	pigment { color rgbt <1,0,0,0> }
	no_shadow
}
cylinder {
	<30.878618, 40.613560, 31.692944>,  <30.526138, 40.802567, 31.687059>, 0.100000
	pigment { color rgbt <1,0,0,0> }
	no_shadow
}

// particle -1
sphere {
	<30.878618, 40.613560, 31.692944> 0.100000
	pigment { color rgbt <1,0,0,0> }
	no_shadow
}
sphere {
	0, 1
	scale<0.080000,0.200000,0.300000>
	matrix <-0.386162, -0.701520, 0.598957,
		-0.272696, -0.533482, -0.800646,
		0.881202, -0.472512, 0.014709,
		31.142979, 40.471806, 31.697357>
	pigment { color rgbt <0,1,1,0> }
	no_shadow
}
cylinder {
	<30.499430, 40.100552, 31.453676>,  <30.526138, 40.802567, 31.687059>, 0.130000
	pigment { color rgbt <1,0,0,0> }
	no_shadow
}

// nucleotide -1

// particle -1
sphere {
	<30.499430, 40.100552, 31.453676> 0.250000
	pigment { color rgbt <1,0,0,0> }
	no_shadow
}
cylinder {
	<30.794300, 40.114933, 31.723574>,  <30.971222, 40.123562, 31.885513>, 0.100000
	pigment { color rgbt <1,0,0,0> }
	no_shadow
}
cylinder {
	<30.794300, 40.114933, 31.723574>,  <30.499430, 40.100552, 31.453676>, 0.100000
	pigment { color rgbt <1,0,0,0> }
	no_shadow
}

// particle -1
sphere {
	<30.794300, 40.114933, 31.723574> 0.100000
	pigment { color rgbt <1,0,0,0> }
	no_shadow
}
sphere {
	0, 1
	scale<0.080000,0.200000,0.300000>
	matrix <-0.455823, -0.710687, 0.535863,
		0.498798, -0.702589, -0.507513,
		0.737174, 0.035952, 0.674746,
		31.015453, 40.125717, 31.925997>
	pigment { color rgbt <0,1,1,0> }
	no_shadow
}
cylinder {
	<30.636578, 39.402790, 31.545256>,  <30.499430, 40.100552, 31.453676>, 0.130000
	pigment { color rgbt <1,0,0,0> }
	no_shadow
}

// nucleotide -1

// particle -1
sphere {
	<30.636578, 39.402790, 31.545256> 0.250000
	pigment { color rgbt <1,0,0,0> }
	no_shadow
}
cylinder {
	<30.793968, 39.593891, 31.859436>,  <30.888403, 39.708549, 32.047943>, 0.100000
	pigment { color rgbt <1,0,0,0> }
	no_shadow
}
cylinder {
	<30.793968, 39.593891, 31.859436>,  <30.636578, 39.402790, 31.545256>, 0.100000
	pigment { color rgbt <1,0,0,0> }
	no_shadow
}

// particle -1
sphere {
	<30.793968, 39.593891, 31.859436> 0.100000
	pigment { color rgbt <1,0,0,0> }
	no_shadow
}
sphere {
	0, 1
	scale<0.080000,0.200000,0.300000>
	matrix <-0.408608, -0.674457, 0.614936,
