// switches for output
#declare DRAW_BASES = 1; // possible values are 0, 1; only relevant for DNA ribbons
#declare DRAW_BASES_TYPE = 3; // possible values are 1, 2, 3; only relevant for DNA ribbons
#declare DRAW_FOG = 0; // set to 1 to enable fog

#include "colors.inc"

#include "transforms.inc"
background { rgb <1, 1, 1>}

#default {
   normal{
       ripples 0.25
       frequency 0.20
       turbulence 0.2
       lambda 5
   }
	finish {
		phong 0.1
		phong_size 40.
	}
}

// original window dimensions: 1024x640


// camera settings

camera {
	sky <0, 0.179814, -0.983701>
	up <0, 0.179814, -0.983701>
	right 1.6 * <1, 0, 0>
	location <35, 94.9851, 44.8844>
	look_at <35, 29.7336, 32.9568>
	direction <0, -65.2515, -11.9276>
	angle 67.0682
}


# declare cpy_camera_pos = <35, 94.9851, 44.8844>;
# if (DRAW_FOG = 1)
fog {
	fog_type 2
	up vnormalize(cpy_camera_pos)
	color rgbt<1,1,1,0.3>
	distance 1e-5
	fog_alt 3e-3
	fog_offset 56
}
# end


// LIGHTS

# declare lum = 6;
global_settings {
	ambient_light rgb lum * <0.05, 0.05, 0.05>
	max_trace_level 15
}# declare cpy_direct_light_amount = 0.25;
light_source
{	1000 * <-1, -1.16352, -0.803886>,
	rgb lum * cpy_direct_light_amount
	parallel
}

light_source
{	1000 * <1, 1.16352, 0.803886>,
	rgb lum * cpy_direct_light_amount
	parallel
}

// strand 0

// nucleotide -1

// particle -1
sphere {
	<24.320795, 35.215897, 35.162853> 0.250000
	pigment { color rgbt <1,0,0,0> }
	no_shadow
}
cylinder {
	<24.228426, 34.917538, 34.912956>,  <24.173004, 34.738522, 34.763016>, 0.100000
	pigment { color rgbt <1,0,0,0> }
	no_shadow
}
cylinder {
	<24.228426, 34.917538, 34.912956>,  <24.320795, 35.215897, 35.162853>, 0.100000
	pigment { color rgbt <1,0,0,0> }
	no_shadow
}

// particle -1
sphere {
	<24.228426, 34.917538, 34.912956> 0.100000
	pigment { color rgbt <1,0,0,0> }
	no_shadow
}
sphere {
	0, 1
	scale<0.080000,0.200000,0.300000>
	matrix <0.485895, 0.467893, -0.738229,
		0.842960, -0.474035, 0.254382,
		-0.230922, -0.745900, -0.624747,
		24.159149, 34.693768, 34.725533>
	pigment { color rgbt <0,1,1,0> }
	no_shadow
}
cylinder {
	<25.011103, 34.898254, 34.792759>,  <24.320795, 35.215897, 35.162853>, 0.130000
	pigment { color rgbt <1,0,0,0> }
	no_shadow
}

// nucleotide -1

// particle -1
sphere {
	<25.011103, 34.898254, 34.792759> 0.250000
	pigment { color rgbt <1,0,0,0> }
	no_shadow
}
cylinder {
	<24.681976, 34.886509, 34.565739>,  <24.484501, 34.879459, 34.429527>, 0.100000
	pigment { color rgbt <1,0,0,0> }
	no_shadow
}
cylinder {
	<24.681976, 34.886509, 34.565739>,  <25.011103, 34.898254, 34.792759>, 0.100000
	pigment { color rgbt <1,0,0,0> }
	no_shadow
}

// particle -1
sphere {
	<24.681976, 34.886509, 34.565739> 0.100000
	pigment { color rgbt <1,0,0,0> }
	no_shadow
}
sphere {
	0, 1
	scale<0.080000,0.200000,0.300000>
	matrix <0.516039, 0.379754, -0.767783,
		0.238075, -0.924622, -0.297314,
		-0.822815, -0.029364, -0.567551,
		24.435133, 34.877701, 34.395473>
	pigment { color rgbt <0,1,1,0> }
	no_shadow
}
cylinder {
	<25.212729, 34.842960, 34.069279>,  <25.011103, 34.898254, 34.792759>, 0.130000
	pigment { color rgbt <1,0,0,0> }
	no_shadow
}

// nucleotide -1

// particle -1
sphere {
	<25.212729, 34.842960, 34.069279> 0.250000
	pigment { color rgbt <1,0,0,0> }
	no_shadow
}
cylinder {
	<24.850887, 35.009956, 34.034882>,  <24.633783, 35.110153, 34.014244>, 0.100000
	pigment { color rgbt <1,0,0,0> }
	no_shadow
}
cylinder {
	<24.850887, 35.009956, 34.034882>,  <25.212729, 34.842960, 34.069279>, 0.100000
	pigment { color rgbt <1,0,0,0> }
	no_shadow
}

// particle -1
sphere {
	<24.850887, 35.009956, 34.034882> 0.100000
	pigment { color rgbt <1,0,0,0> }
	no_shadow
}
sphere {
	0, 1
	scale<0.080000,0.200000,0.300000>
	matrix <0.340620, 0.586722, -0.734667,
		-0.256268, -0.693871, -0.672957,
		-0.904602, 0.417494, -0.085988,
		24.579506, 35.135204, 34.009087>
	pigment { color rgbt <0,1,1,0> }
	no_shadow
}
cylinder {
	<25.071362, 34.879780, 33.335960>,  <25.212729, 34.842960, 34.069279>, 0.130000
	pigment { color rgbt <1,0,0,0> }
	no_shadow
}

// nucleotide -1

// particle -1
sphere {
	<25.071362, 34.879780, 33.335960> 0.250000
	pigment { color rgbt <1,0,0,0> }
	no_shadow
}
cylinder {
	<24.832193, 35.152546, 33.504475>,  <24.688692, 35.316204, 33.605583>, 0.100000
	pigment { color rgbt <1,0,0,0> }
	no_shadow
}
cylinder {
	<24.832193, 35.152546, 33.504475>,  <25.071362, 34.879780, 33.335960>, 0.100000
	pigment { color rgbt <1,0,0,0> }
	no_shadow
}

// particle -1
sphere {
	<24.832193, 35.152546, 33.504475> 0.100000
	pigment { color rgbt <1,0,0,0> }
	no_shadow
}
sphere {
	0, 1
	scale<0.080000,0.200000,0.300000>
	matrix <0.357217, 0.697202, -0.621535,
		-0.717556, -0.221138, -0.660463,
		-0.597921, 0.681915, 0.421287,
		24.652817, 35.357121, 33.630859>
	pigment { color rgbt <0,1,1,0> }
	no_shadow
}
cylinder {
	<24.792515, 35.271812, 32.867687>,  <25.071362, 34.879780, 33.335960>, 0.130000
	pigment { color rgbt <1,0,0,0> }
	no_shadow
}

// nucleotide -1

// particle -1
sphere {
	<24.792515, 35.271812, 32.867687> 0.250000
	pigment { color rgbt <1,0,0,0> }
	no_shadow
}
cylinder {
	<24.818090, 35.508251, 33.189312>,  <24.833437, 35.650112, 33.382286>, 0.100000
	pigment { color rgbt <1,0,0,0> }
	no_shadow
}
cylinder {
	<24.818090, 35.508251, 33.189312>,  <24.792515, 35.271812, 32.867687>, 0.100000
	pigment { color rgbt <1,0,0,0> }
	no_shadow
}

// particle -1
sphere {
	<24.818090, 35.508251, 33.189312> 0.100000
	pigment { color rgbt <1,0,0,0> }
	no_shadow
}
sphere {
	0, 1
	scale<0.080000,0.200000,0.300000>
	matrix <0.437899, 0.707384, -0.554845,
		-0.896748, 0.387576, -0.213609,
		0.063941, 0.591095, 0.804064,
		24.837273, 35.685581, 33.430531>
	pigment { color rgbt <0,1,1,0> }
	no_shadow
}
cylinder {
	<24.364801, 35.901867, 32.772865>,  <24.792515, 35.271812, 32.867687>, 0.130000
	pigment { color rgbt <1,0,0,0> }
	no_shadow
}

// nucleotide -1

// particle -1
sphere {
	<24.364801, 35.901867, 32.772865> 0.250000
	pigment { color rgbt <1,0,0,0> }
	no_shadow
}
cylinder {
	<24.694731, 35.939091, 32.995937>,  <24.892689, 35.961426, 33.129780>, 0.100000
	pigment { color rgbt <1,0,0,0> }
	no_shadow
}
cylinder {
	<24.694731, 35.939091, 32.995937>,  <24.364801, 35.901867, 32.772865>, 0.100000
	pigment { color rgbt <1,0,0,0> }
	no_shadow
}

// particle -1
sphere {
	<24.694731, 35.939091, 32.995937> 0.100000
	pigment { color rgbt <1,0,0,0> }
	no_shadow
}
sphere {
	0, 1
	scale<0.080000,0.200000,0.300000>
	matrix <0.287647, 0.780098, -0.555613,
		-0.486749, 0.618697, 0.616675,
		0.824824, 0.093059, 0.557679,
		24.942179, 35.967007, 33.163242>
	pigment { color rgbt <0,1,1,0> }
	no_shadow
}
cylinder {
	<24.419966, 36.626923, 32.926205>,  <24.364801, 35.901867, 32.772865>, 0.130000
	pigment { color rgbt <1,0,0,0> }
	no_shadow
}

// nucleotide -1

// particle -1
sphere {
	<24.419966, 36.626923, 32.926205> 0.250000
	pigment { color rgbt <1,0,0,0> }
	no_shadow
}
cylinder {
	<24.777479, 36.447792, 32.936005>,  <24.991987, 36.340313, 32.941887>, 0.100000
	pigment { color rgbt <1,0,0,0> }
	no_shadow
}
cylinder {
	<24.777479, 36.447792, 32.936005>,  <24.419966, 36.626923, 32.926205>, 0.100000
	pigment { color rgbt <1,0,0,0> }
	no_shadow
}

// particle -1
sphere {
	<24.777479, 36.447792, 32.936005> 0.100000
	pigment { color rgbt <1,0,0,0> }
	no_shadow
}
sphere {
	0, 1
	scale<0.080000,0.200000,0.300000>
	matrix <0.395691, 0.761655, -0.513138,
		0.211134, 0.468330, 0.857956,
		0.893785, -0.447827, 0.024503,
		25.045614, 36.313442, 32.943356>
	pigment { color rgbt <0,1,1,0> }
	no_shadow
}
cylinder {
	<24.828453, 37.168026, 33.077881>,  <24.419966, 36.626923, 32.926205>, 0.130000
	pigment { color rgbt <1,0,0,0> }
	no_shadow
}

// nucleotide -1

// particle -1
sphere {
	<24.828453, 37.168026, 33.077881> 0.250000
	pigment { color rgbt <1,0,0,0> }
	no_shadow
}
cylinder {
	<25.098574, 36.900902, 32.952667>,  <25.260647, 36.740627, 32.877537>, 0.100000
	pigment { color rgbt <1,0,0,0> }
	no_shadow
}
cylinder {
	<25.098574, 36.900902, 32.952667>,  <24.828453, 37.168026, 33.077881>, 0.100000
	pigment { color rgbt <1,0,0,0> }
	no_shadow
}

// particle -1
sphere {
	<25.098574, 36.900902, 32.952667> 0.100000
	pigment { color rgbt <1,0,0,0> }
	no_shadow
}
sphere {
	0, 1
	scale<0.080000,0.200000,0.300000>
	matrix <0.437747, 0.704505, -0.558615,
		0.593587, 0.240202, 0.768087,
		0.675301, -0.667814, -0.313038,
		25.301165, 36.700558, 32.858757>
	pigment { color rgbt <0,1,1,0> }
	no_shadow
}
cylinder {
	<25.582899, 37.484436, 33.132271>,  <24.828453, 37.168026, 33.077881>, 0.130000
	pigment { color rgbt <1,0,0,0> }
	no_shadow
}

// nucleotide -1

// particle -1
sphere {
	<25.582899, 37.484436, 33.132271> 0.250000
	pigment { color rgbt <1,0,0,0> }
	no_shadow
}
cylinder {
	<25.627007, 37.182762, 32.873337>,  <25.653471, 37.001759, 32.717976>, 0.100000
	pigment { color rgbt <1,0,0,0> }
	no_shadow
}
cylinder {
	<25.627007, 37.182762, 32.873337>,  <25.582899, 37.484436, 33.132271>, 0.100000
	pigment { color rgbt <1,0,0,0> }
	no_shadow
}

// particle -1
sphere {
	<25.627007, 37.182762, 32.873337> 0.100000
	pigment { color rgbt <1,0,0,0> }
	no_shadow
}
sphere {
	0, 1
	scale<0.080000,0.200000,0.300000>
	matrix <0.456322, 0.617021, -0.641137,
		0.882956, -0.224696, 0.412190,
		0.110269, -0.754186, -0.647336,
		25.660088, 36.956505, 32.679134>
	pigment { color rgbt <0,1,1,0> }
	no_shadow
}
cylinder {
	<26.340876, 37.371918, 32.946964>,  <25.582899, 37.484436, 33.132271>, 0.130000
	pigment { color rgbt <1,0,0,0> }
	no_shadow
}

// nucleotide -1

// particle -1
sphere {
	<26.340876, 37.371918, 32.946964> 0.250000
	pigment { color rgbt <1,0,0,0> }
	no_shadow
}
cylinder {
	<26.102694, 37.224346, 32.661495>,  <25.959784, 37.135803, 32.490215>, 0.100000
	pigment { color rgbt <1,0,0,0> }
	no_shadow
}
cylinder {
	<26.102694, 37.224346, 32.661495>,  <26.340876, 37.371918, 32.946964>, 0.100000
	pigment { color rgbt <1,0,0,0> }
	no_shadow
}

// particle -1
sphere {
	<26.102694, 37.224346, 32.661495> 0.100000
	pigment { color rgbt <1,0,0,0> }
	no_shadow
}
sphere {
	0, 1
	scale<0.080000,0.200000,0.300000>
	matrix <0.431836, 0.602106, -0.671555,
		0.677459, -0.708071, -0.199212,
		-0.595455, -0.368924, -0.713673,
		25.924057, 37.113670, 32.447395>
	pigment { color rgbt <0,1,1,0> }
	no_shadow
}
cylinder {
	<26.699785, 37.316582, 32.363560>,  <26.340876, 37.371918, 32.946964>, 0.130000
	pigment { color rgbt <1,0,0,0> }
	no_shadow
}

// nucleotide -1

// particle -1
sphere {
	<26.699785, 37.316582, 32.363560> 0.250000
	pigment { color rgbt <1,0,0,0> }
	no_shadow
}
cylinder {
	<26.331984, 37.310364, 32.206448>,  <26.111303, 37.306633, 32.112183>, 0.100000
	pigment { color rgbt <1,0,0,0> }
	no_shadow
}
cylinder {
	<26.331984, 37.310364, 32.206448>,  <26.699785, 37.316582, 32.363560>, 0.100000
	pigment { color rgbt <1,0,0,0> }
	no_shadow
}

// particle -1
sphere {
	<26.331984, 37.310364, 32.206448> 0.100000
	pigment { color rgbt <1,0,0,0> }
	no_shadow
}
sphere {
	0, 1
	scale<0.080000,0.200000,0.300000>
	matrix <0.319625, 0.552083, -0.770094,
		0.228814, -0.833645, -0.502674,
		-0.919502, -0.015541, -0.392777,
		26.056133, 37.305702, 32.088615>
	pigment { color rgbt <0,1,1,0> }
	no_shadow
}
cylinder {
	<26.895800, 37.406170, 31.736908>,  <26.699785, 37.316582, 32.363560>, 0.130000
	pigment { color rgbt <1,0,0,0> }
	no_shadow
}

// nucleotide -1

// particle -1
sphere {
	<26.895800, 37.406170, 31.736908> 0.250000
	pigment { color rgbt <1,0,0,0> }
	no_shadow
}
cylinder {
	<26.500254, 37.465530, 31.741339>,  <26.262926, 37.501148, 31.743998>, 0.100000
	pigment { color rgbt <1,0,0,0> }
	no_shadow
}
cylinder {
	<26.500254, 37.465530, 31.741339>,  <26.895800, 37.406170, 31.736908>, 0.100000
	pigment { color rgbt <1,0,0,0> }
	no_shadow
}

// particle -1
sphere {
	<26.500254, 37.465530, 31.741339> 0.100000
	pigment { color rgbt <1,0,0,0> }
	no_shadow
}
sphere {
	0, 1
	scale<0.080000,0.200000,0.300000>
	matrix <0.086150, 0.631570, -0.770518,
		-0.121340, -0.760984, -0.637323,
		-0.988865, 0.148400, 0.011076,
		26.203594, 37.510052, 31.744661>
	pigment { color rgbt <0,1,1,0> }
	no_shadow
}
cylinder {
	<26.668760, 37.295914, 31.050680>,  <26.895800, 37.406170, 31.736908>, 0.130000
	pigment { color rgbt <1,0,0,0> }
	no_shadow
}

// nucleotide -1

// particle -1
sphere {
	<26.668760, 37.295914, 31.050680> 0.250000
	pigment { color rgbt <1,0,0,0> }
	no_shadow
}
cylinder {
	<26.445719, 37.555260, 31.258024>,  <26.311893, 37.710869, 31.382431>, 0.100000
	pigment { color rgbt <1,0,0,0> }
	no_shadow
}
cylinder {
	<26.445719, 37.555260, 31.258024>,  <26.668760, 37.295914, 31.050680>, 0.100000
	pigment { color rgbt <1,0,0,0> }
	no_shadow
}

// particle -1
sphere {
	<26.445719, 37.555260, 31.258024> 0.100000
	pigment { color rgbt <1,0,0,0> }
	no_shadow
}
sphere {
	0, 1
	scale<0.080000,0.200000,0.300000>
	matrix <0.005504, 0.627325, -0.778738,
		-0.830088, -0.431376, -0.353368,
		-0.557605, 0.648366, 0.518360,
		26.278437, 37.749771, 31.413532>
	pigment { color rgbt <0,1,1,0> }
	no_shadow
}
cylinder {
	<26.064682, 37.493832, 30.626450>,  <26.668760, 37.295914, 31.050680>, 0.130000
	pigment { color rgbt <1,0,0,0> }
	no_shadow
}

// nucleotide -1

// particle -1
sphere {
	<26.064682, 37.493832, 30.626450> 0.250000
	pigment { color rgbt <1,0,0,0> }
	no_shadow
}
cylinder {
	<26.097078, 37.792259, 30.890820>,  <26.116516, 37.971317, 31.049442>, 0.100000
	pigment { color rgbt <1,0,0,0> }
	no_shadow
}
cylinder {
	<26.097078, 37.792259, 30.890820>,  <26.064682, 37.493832, 30.626450>, 0.100000
	pigment { color rgbt <1,0,0,0> }
	no_shadow
}

// particle -1
sphere {
	<26.097078, 37.792259, 30.890820> 0.100000
	pigment { color rgbt <1,0,0,0> }
	no_shadow
}
sphere {
	0, 1
	scale<0.080000,0.200000,0.300000>
	matrix <0.098777, 0.653831, -0.750166,
		-0.991808, 0.126040, -0.020740,
		0.080990, 0.746070, 0.660924,
		26.121376, 38.016079, 31.089096>
	pigment { color rgbt <0,1,1,0> }
	no_shadow
}
cylinder {
	<25.731434, 38.015301, 30.348116>,  <26.064682, 37.493832, 30.626450>, 0.130000
	pigment { color rgbt <1,0,0,0> }
	no_shadow
}

// nucleotide -1

// particle -1
sphere {
	<25.731434, 38.015301, 30.348116> 0.250000
	pigment { color rgbt <1,0,0,0> }
	no_shadow
}
cylinder {
	<25.924217, 38.231030, 30.624334>,  <26.039888, 38.360466, 30.790066>, 0.100000
	pigment { color rgbt <1,0,0,0> }
	no_shadow
}
cylinder {
	<25.924217, 38.231030, 30.624334>,  <25.731434, 38.015301, 30.348116>, 0.100000
	pigment { color rgbt <1,0,0,0> }
	no_shadow
}

// particle -1
sphere {
	<25.924217, 38.231030, 30.624334> 0.100000
	pigment { color rgbt <1,0,0,0> }
	no_shadow
}
sphere {
	0, 1
	scale<0.080000,0.200000,0.300000>
	matrix <-0.016802, 0.793662, -0.608126,
		-0.876032, 0.281490, 0.391575,
		0.481960, 0.539318, 0.690544,
		26.068806, 38.392826, 30.831497>
	pigment { color rgbt <0,1,1,0> }
	no_shadow
}
cylinder {
	<25.224323, 38.630829, 30.528690>,  <25.731434, 38.015301, 30.348116>, 0.130000
	pigment { color rgbt <1,0,0,0> }
	no_shadow
}

// nucleotide -1

// particle -1
sphere {
	<25.224323, 38.630829, 30.528690> 0.250000
	pigment { color rgbt <1,0,0,0> }
	no_shadow
}
cylinder {
	<25.618433, 38.671761, 30.583487>,  <25.854898, 38.696320, 30.616364>, 0.100000
	pigment { color rgbt <1,0,0,0> }
	no_shadow
}
cylinder {
	<25.618433, 38.671761, 30.583487>,  <25.224323, 38.630829, 30.528690>, 0.100000
	pigment { color rgbt <1,0,0,0> }
	no_shadow
}

// particle -1
sphere {
	<25.618433, 38.671761, 30.583487> 0.100000
	pigment { color rgbt <1,0,0,0> }
	no_shadow
}
sphere {
	0, 1
	scale<0.080000,0.200000,0.300000>
	matrix <0.015683, 0.743711, -0.668317,
		-0.170266, 0.660623, 0.731154,
		0.985273, 0.102325, 0.136989,
		25.914015, 38.702457, 30.624582>
	pigment { color rgbt <0,1,1,0> }
	no_shadow
}
cylinder {
	<25.388613, 39.362190, 30.428946>,  <25.224323, 38.630829, 30.528690>, 0.130000
	pigment { color rgbt <1,0,0,0> }
	no_shadow
}

// nucleotide -1

// particle -1
sphere {
	<25.388613, 39.362190, 30.428946> 0.250000
	pigment { color rgbt <1,0,0,0> }
	no_shadow
}
cylinder {
	<25.772274, 39.252117, 30.455179>,  <26.002470, 39.186073, 30.470921>, 0.100000
	pigment { color rgbt <1,0,0,0> }
	no_shadow
}
cylinder {
	<25.772274, 39.252117, 30.455179>,  <25.388613, 39.362190, 30.428946>, 0.100000
	pigment { color rgbt <1,0,0,0> }
	no_shadow
}

// particle -1
sphere {
	<25.772274, 39.252117, 30.455179> 0.100000
	pigment { color rgbt <1,0,0,0> }
	no_shadow
}
sphere {
	0, 1
	scale<0.080000,0.200000,0.300000>
	matrix <0.252786, 0.729651, -0.635381,
		0.126993, 0.626006, 0.769409,
		0.959152, -0.275185, 0.065585,
		26.060020, 39.169563, 30.474855>
	pigment { color rgbt <0,1,1,0> }
	no_shadow
}
cylinder {
	<25.802311, 40.022575, 30.445944>,  <25.388613, 39.362190, 30.428946>, 0.130000
	pigment { color rgbt <1,0,0,0> }
	no_shadow
}

// nucleotide -1

// particle -1
sphere {
	<25.802311, 40.022575, 30.445944> 0.250000
	pigment { color rgbt <1,0,0,0> }
	no_shadow
}
cylinder {
	<26.047455, 39.729931, 30.326513>,  <26.194540, 39.554344, 30.254854>, 0.100000
	pigment { color rgbt <1,0,0,0> }
	no_shadow
}
cylinder {
	<26.047455, 39.729931, 30.326513>,  <25.802311, 40.022575, 30.445944>, 0.100000
	pigment { color rgbt <1,0,0,0> }
	no_shadow
}

// particle -1
sphere {
	<26.047455, 39.729931, 30.326513> 0.100000
	pigment { color rgbt <1,0,0,0> }
	no_shadow
}
sphere {
	0, 1
	scale<0.080000,0.200000,0.300000>
	matrix <0.360115, 0.594926, -0.718596,
		0.703364, 0.332876, 0.628070,
		0.612859, -0.731612, -0.298576,
		26.231312, 39.510448, 30.236940>
	pigment { color rgbt <0,1,1,0> }
	no_shadow
}
cylinder {
	<26.545523, 40.332443, 30.429905>,  <25.802311, 40.022575, 30.445944>, 0.130000
	pigment { color rgbt <1,0,0,0> }
	no_shadow
}

// nucleotide -1

// particle -1
sphere {
	<26.545523, 40.332443, 30.429905> 0.250000
	pigment { color rgbt <1,0,0,0> }
	no_shadow
}
cylinder {
	<26.501144, 40.009659, 30.197868>,  <26.474518, 39.815987, 30.058647>, 0.100000
	pigment { color rgbt <1,0,0,0> }
	no_shadow
}
cylinder {
	<26.501144, 40.009659, 30.197868>,  <26.545523, 40.332443, 30.429905>, 0.100000
	pigment { color rgbt <1,0,0,0> }
	no_shadow
}

// particle -1
sphere {
	<26.501144, 40.009659, 30.197868> 0.100000
	pigment { color rgbt <1,0,0,0> }
	no_shadow
}
sphere {
	0, 1
	scale<0.080000,0.200000,0.300000>
	matrix <0.354521, 0.513158, -0.781654,
		0.928443, -0.292376, 0.229152,
		-0.110946, -0.806960, -0.580091,
		26.467861, 39.767570, 30.023842>
	pigment { color rgbt <0,1,1,0> }
	no_shadow
}
cylinder {
	<27.062521, 40.340412, 30.017712>,  <26.545523, 40.332443, 30.429905>, 0.130000
	pigment { color rgbt <1,0,0,0> }
	no_shadow
}

// nucleotide -1

// particle -1
sphere {
	<27.062521, 40.340412, 30.017712> 0.250000
	pigment { color rgbt <1,0,0,0> }
	no_shadow
}
cylinder {
	<26.803015, 40.132072, 29.795786>,  <26.647310, 40.007069, 29.662630>, 0.100000
	pigment { color rgbt <1,0,0,0> }
	no_shadow
}
cylinder {
	<26.803015, 40.132072, 29.795786>,  <27.062521, 40.340412, 30.017712>, 0.100000
	pigment { color rgbt <1,0,0,0> }
	no_shadow
}

// particle -1
sphere {
	<26.803015, 40.132072, 29.795786> 0.100000
	pigment { color rgbt <1,0,0,0> }
	no_shadow
}
sphere {
	0, 1
	scale<0.080000,0.200000,0.300000>
	matrix <0.088836, 0.672250, -0.734975,
		0.755784, -0.526115, -0.389864,
		-0.648768, -0.520848, -0.554814,
		26.608385, 39.975819, 29.629341>
	pigment { color rgbt <0,1,1,0> }
	no_shadow
}
cylinder {
	<27.438995, 40.401134, 29.206408>,  <27.062521, 40.340412, 30.017712>, 0.130000
	pigment { color rgbt <1,0,0,0> }
	no_shadow
}

// nucleotide -1

// particle -1
sphere {
	<27.438995, 40.401134, 29.206408> 0.250000
	pigment { color rgbt <1,0,0,0> }
	no_shadow
}
cylinder {
	<27.074579, 40.245628, 29.151464>,  <26.855930, 40.152325, 29.118498>, 0.100000
	pigment { color rgbt <1,0,0,0> }
	no_shadow
}
cylinder {
	<27.074579, 40.245628, 29.151464>,  <27.438995, 40.401134, 29.206408>, 0.100000
	pigment { color rgbt <1,0,0,0> }
	no_shadow
}

// particle -1
sphere {
	<27.074579, 40.245628, 29.151464> 0.100000
	pigment { color rgbt <1,0,0,0> }
	no_shadow
}
sphere {
	0, 1
	scale<0.080000,0.200000,0.300000>
	matrix <-0.091473, 0.515398, -0.852055,
		0.402046, -0.763691, -0.505109,
		-0.911039, -0.388769, -0.137357,
		26.801268, 40.128998, 29.110258>
	pigment { color rgbt <0,1,1,0> }
	no_shadow
}
cylinder {
	<27.477421, 40.015961, 28.530180>,  <27.438995, 40.401134, 29.206408>, 0.130000
	pigment { color rgbt <1,0,0,0> }
	no_shadow
}

// nucleotide -1

// particle -1
sphere {
	<27.477421, 40.015961, 28.530180> 0.250000
	pigment { color rgbt <1,0,0,0> }
	no_shadow
}
cylinder {
	<27.084267, 40.067322, 28.583014>,  <26.848373, 40.098141, 28.614714>, 0.100000
	pigment { color rgbt <1,0,0,0> }
	no_shadow
}
cylinder {
	<27.084267, 40.067322, 28.583014>,  <27.477421, 40.015961, 28.530180>, 0.100000
	pigment { color rgbt <1,0,0,0> }
	no_shadow
}

// particle -1
sphere {
	<27.084267, 40.067322, 28.583014> 0.100000
	pigment { color rgbt <1,0,0,0> }
	no_shadow
}
sphere {
	0, 1
	scale<0.080000,0.200000,0.300000>
	matrix <-0.096531, 0.251665, -0.962988,
		-0.156895, -0.959258, -0.234963,
		-0.982887, 0.128407, 0.132083,
		26.789400, 40.105843, 28.622639>
	pigment { color rgbt <0,1,1,0> }
	no_shadow
}
cylinder {
	<27.187874, 39.653957, 27.969650>,  <27.477421, 40.015961, 28.530180>, 0.130000
	pigment { color rgbt <1,0,0,0> }
	no_shadow
}

// nucleotide -1

// particle -1
sphere {
	<27.187874, 39.653957, 27.969650> 0.250000
	pigment { color rgbt <1,0,0,0> }
	no_shadow
}
cylinder {
	<26.890617, 39.882030, 28.109730>,  <26.712263, 40.018875, 28.193777>, 0.100000
	pigment { color rgbt <1,0,0,0> }
	no_shadow
}
cylinder {
	<26.890617, 39.882030, 28.109730>,  <27.187874, 39.653957, 27.969650>, 0.100000
	pigment { color rgbt <1,0,0,0> }
	no_shadow
}

// particle -1
sphere {
	<26.890617, 39.882030, 28.109730> 0.100000
	pigment { color rgbt <1,0,0,0> }
	no_shadow
}
sphere {
	0, 1
	scale<0.080000,0.200000,0.300000>
	matrix <-0.358745, 0.102289, -0.927814,
		-0.564842, -0.815128, 0.128533,
		-0.743139, 0.570178, 0.350200,
		26.667675, 40.053085, 28.214790>
	pigment { color rgbt <0,1,1,0> }
	no_shadow
}
cylinder {
	<26.536572, 39.405041, 27.895844>,  <27.187874, 39.653957, 27.969650>, 0.130000
	pigment { color rgbt <1,0,0,0> }
	no_shadow
}

// nucleotide -1

// particle -1
sphere {
	<26.536572, 39.405041, 27.895844> 0.250000
	pigment { color rgbt <1,0,0,0> }
	no_shadow
}
cylinder {
	<26.509138, 39.804070, 27.900814>,  <26.492678, 40.043488, 27.903795>, 0.100000
	pigment { color rgbt <1,0,0,0> }
	no_shadow
}
cylinder {
	<26.509138, 39.804070, 27.900814>,  <26.536572, 39.405041, 27.895844>, 0.100000
	pigment { color rgbt <1,0,0,0> }
	no_shadow
}

// particle -1
sphere {
	<26.509138, 39.804070, 27.900814> 0.100000
	pigment { color rgbt <1,0,0,0> }
	no_shadow
}
sphere {
	0, 1
	scale<0.080000,0.200000,0.300000>
	matrix <-0.424395, -0.017902, -0.905300,
		-0.902876, -0.067361, 0.424590,
		-0.068583, 0.997568, 0.012425,
		26.488564, 40.103340, 27.904541>
	pigment { color rgbt <0,1,1,0> }
	no_shadow
}
cylinder {
	<25.757565, 39.636673, 27.861443>,  <26.536572, 39.405041, 27.895844>, 0.130000
	pigment { color rgbt <1,0,0,0> }
	no_shadow
}

// nucleotide -1

// particle -1
sphere {
	<25.757565, 39.636673, 27.861443> 0.250000
	pigment { color rgbt <1,0,0,0> }
	no_shadow
}
cylinder {
	<26.036539, 39.878407, 27.707375>,  <26.203924, 40.023449, 27.614933>, 0.100000
	pigment { color rgbt <1,0,0,0> }
	no_shadow
}
cylinder {
	<26.036539, 39.878407, 27.707375>,  <25.757565, 39.636673, 27.861443>, 0.100000
	pigment { color rgbt <1,0,0,0> }
	no_shadow
}

// particle -1
sphere {
	<26.036539, 39.878407, 27.707375> 0.100000
	pigment { color rgbt <1,0,0,0> }
	no_shadow
}
sphere {
	0, 1
	scale<0.080000,0.200000,0.300000>
	matrix <-0.460600, -0.033749, -0.886966,
		-0.549027, 0.796013, 0.254820,
		0.697436, 0.604338, -0.385172,
		26.245770, 40.059708, 27.591824>
	pigment { color rgbt <0,1,1,0> }
	no_shadow
}
cylinder {
	<25.463718, 40.301342, 27.624079>,  <25.757565, 39.636673, 27.861443>, 0.130000
	pigment { color rgbt <1,0,0,0> }
	no_shadow
}

// nucleotide -1

// particle -1
sphere {
	<25.463718, 40.301342, 27.624079> 0.250000
	pigment { color rgbt <1,0,0,0> }
	no_shadow
}
cylinder {
	<25.768631, 40.184959, 27.392815>,  <25.951578, 40.115131, 27.254055>, 0.100000
	pigment { color rgbt <1,0,0,0> }
	no_shadow
}
cylinder {
	<25.768631, 40.184959, 27.392815>,  <25.463718, 40.301342, 27.624079>, 0.100000
	pigment { color rgbt <1,0,0,0> }
	no_shadow
}

// particle -1
sphere {
	<25.768631, 40.184959, 27.392815> 0.100000
	pigment { color rgbt <1,0,0,0> }
	no_shadow
}
sphere {
	0, 1
	scale<0.080000,0.200000,0.300000>
	matrix <-0.601949, 0.009602, -0.798477,
		0.237874, 0.956688, -0.167822,
		0.762281, -0.290957, -0.578162,
		25.997314, 40.097672, 27.219366>
	pigment { color rgbt <0,1,1,0> }
	no_shadow
}
cylinder {
	<25.463840, 40.270145, 26.961702>,  <25.463718, 40.301342, 27.624079>, 0.130000
	pigment { color rgbt <1,0,0,0> }
	no_shadow
}

// nucleotide -1

// particle -1
sphere {
	<25.463840, 40.270145, 26.961702> 0.250000
	pigment { color rgbt <1,0,0,0> }
	no_shadow
}
cylinder {
	<25.290779, 40.616611, 26.861645>,  <25.186941, 40.824490, 26.801611>, 0.100000
	pigment { color rgbt <1,0,0,0> }
	no_shadow
}
cylinder {
	<25.290779, 40.616611, 26.861645>,  <25.463840, 40.270145, 26.961702>, 0.100000
	pigment { color rgbt <1,0,0,0> }
	no_shadow
}

// particle -1
sphere {
	<25.290779, 40.616611, 26.861645> 0.100000
	pigment { color rgbt <1,0,0,0> }
	no_shadow
}
sphere {
	0, 1
	scale<0.080000,0.200000,0.300000>
	matrix <0.613594, 0.079618, -0.785598,
		-0.660539, -0.493380, -0.565919,
		-0.432656, 0.866162, -0.250144,
		25.160982, 40.876461, 26.786602>
	pigment { color rgbt <0,1,1,0> }
	no_shadow
}
cylinder {
	<25.292536, 40.276489, 26.266981>,  <25.463840, 40.270145, 26.961702>, 0.130000
	pigment { color rgbt <1,0,0,0> }
	no_shadow
}

// nucleotide -1

// particle -1
sphere {
	<25.292536, 40.276489, 26.266981> 0.250000
	pigment { color rgbt <1,0,0,0> }
	no_shadow
}
cylinder {
	<25.378231, 40.650913, 26.378618>,  <25.429647, 40.875568, 26.445601>, 0.100000
	pigment { color rgbt <1,0,0,0> }
	no_shadow
}
cylinder {
	<25.378231, 40.650913, 26.378618>,  <25.292536, 40.276489, 26.266981>, 0.100000
	pigment { color rgbt <1,0,0,0> }
	no_shadow
}

// particle -1
sphere {
	<25.378231, 40.650913, 26.378618> 0.100000
	pigment { color rgbt <1,0,0,0> }
	no_shadow
}
sphere {
	0, 1
	scale<0.080000,0.200000,0.300000>
	matrix <0.722030, 0.040674, -0.690665,
		-0.657857, 0.349478, -0.667150,
		0.214237, 0.936061, 0.279091,
		25.442503, 40.931732, 26.462345>
	pigment { color rgbt <0,1,1,0> }
	no_shadow
}
cylinder {
	<25.267296, 40.779800, 25.745750>,  <25.292536, 40.276489, 26.266981>, 0.130000
	pigment { color rgbt <1,0,0,0> }
	no_shadow
}

// nucleotide -1

// particle -1
sphere {
	<25.267296, 40.779800, 25.745750> 0.250000
	pigment { color rgbt <1,0,0,0> }
	no_shadow
}
cylinder {
	<25.524323, 40.920395, 26.018091>,  <25.678539, 41.004753, 26.181496>, 0.100000
	pigment { color rgbt <1,0,0,0> }
	no_shadow
}
cylinder {
	<25.524323, 40.920395, 26.018091>,  <25.267296, 40.779800, 25.745750>, 0.100000
	pigment { color rgbt <1,0,0,0> }
	no_shadow
}

// particle -1
sphere {
	<25.524323, 40.920395, 26.018091> 0.100000
	pigment { color rgbt <1,0,0,0> }
	no_shadow
}
sphere {
	0, 1
	scale<0.080000,0.200000,0.300000>
	matrix <0.738156, -0.045646, -0.673084,
		-0.205503, 0.935079, -0.288784,
		0.642569, 0.351488, 0.680853,
		25.717093, 41.025841, 26.222347>
	pigment { color rgbt <0,1,1,0> }
	no_shadow
}
cylinder {
	<25.829123, 40.417892, 25.584492>,  <25.267296, 40.779800, 25.745750>, 0.130000
	pigment { color rgbt <1,0,0,0> }
	no_shadow
}

// nucleotide -1

// particle -1
sphere {
	<25.829123, 40.417892, 25.584492> 0.250000
	pigment { color rgbt <1,0,0,0> }
	no_shadow
}
cylinder {
	<25.536018, 40.342312, 25.323000>,  <25.360157, 40.296963, 25.166105>, 0.100000
	pigment { color rgbt <1,0,0,0> }
	no_shadow
}
cylinder {
	<25.536018, 40.342312, 25.323000>,  <25.829123, 40.417892, 25.584492>, 0.100000
	pigment { color rgbt <1,0,0,0> }
	no_shadow
}

// particle -1
sphere {
	<25.536018, 40.342312, 25.323000> 0.100000
	pigment { color rgbt <1,0,0,0> }
	no_shadow
}
sphere {
	0, 1
	scale<0.080000,0.200000,0.300000>
	matrix <0.096901, 0.921913, -0.375083,
		0.673554, -0.338192, -0.657229,
		-0.732758, -0.188953, -0.653729,
		25.316191, 40.285625, 25.126881>
	pigment { color rgbt <0,1,1,0> }
	no_shadow
}
cylinder {
	<26.309412, 39.993679, 25.215668>,  <25.829123, 40.417892, 25.584492>, 0.130000
	pigment { color rgbt <1,0,0,0> }
	no_shadow
}

// nucleotide -1

// particle -1
sphere {
	<26.309412, 39.993679, 25.215668> 0.250000
	pigment { color rgbt <1,0,0,0> }
	no_shadow
}
cylinder {
	<26.079306, 39.831081, 24.931746>,  <25.941242, 39.733521, 24.761391>, 0.100000
	pigment { color rgbt <1,0,0,0> }
	no_shadow
}
cylinder {
	<26.079306, 39.831081, 24.931746>,  <26.309412, 39.993679, 25.215668>, 0.100000
	pigment { color rgbt <1,0,0,0> }
	no_shadow
}

// particle -1
sphere {
	<26.079306, 39.831081, 24.931746> 0.100000
	pigment { color rgbt <1,0,0,0> }
	no_shadow
}
sphere {
	0, 1
	scale<0.080000,0.200000,0.300000>
	matrix <0.440662, -0.885095, 0.149746,
		-0.689119, -0.226641, 0.688295,
		-0.575267, -0.406498, -0.709808,
		25.906725, 39.709133, 24.718803>
	pigment { color rgbt <0,1,1,0> }
	no_shadow
}
cylinder {
	<26.060492, 39.388695, 25.450207>,  <26.309412, 39.993679, 25.215668>, 0.130000
	pigment { color rgbt <1,0,0,0> }
	no_shadow
}

// nucleotide -1

// particle -1
sphere {
	<26.060492, 39.388695, 25.450207> 0.250000
	pigment { color rgbt <1,0,0,0> }
	no_shadow
}
cylinder {
	<26.089508, 39.345947, 25.053556>,  <26.106918, 39.320301, 24.815567>, 0.100000
	pigment { color rgbt <1,0,0,0> }
	no_shadow
}
cylinder {
	<26.089508, 39.345947, 25.053556>,  <26.060492, 39.388695, 25.450207>, 0.100000
	pigment { color rgbt <1,0,0,0> }
	no_shadow
}

// particle -1
sphere {
	<26.089508, 39.345947, 25.053556> 0.100000
	pigment { color rgbt <1,0,0,0> }
	no_shadow
}
sphere {
	0, 1
	scale<0.080000,0.200000,0.300000>
	matrix <0.612513, -0.779887, 0.128856,
		-0.787125, -0.616730, 0.008881,
		0.072543, -0.106866, -0.991624,
		26.111271, 39.313889, 24.756069>
	pigment { color rgbt <0,1,1,0> }
	no_shadow
}
cylinder {
	<25.847168, 38.719048, 25.183969>,  <26.060492, 39.388695, 25.450207>, 0.130000
	pigment { color rgbt <1,0,0,0> }
	no_shadow
}

// nucleotide -1

// particle -1
sphere {
	<25.847168, 38.719048, 25.183969> 0.250000
	pigment { color rgbt <1,0,0,0> }
	no_shadow
}
cylinder {
	<26.100760, 38.879921, 24.919752>,  <26.252914, 38.976444, 24.761221>, 0.100000
	pigment { color rgbt <1,0,0,0> }
	no_shadow
}
cylinder {
	<26.100760, 38.879921, 24.919752>,  <25.847168, 38.719048, 25.183969>, 0.100000
	pigment { color rgbt <1,0,0,0> }
	no_shadow
}

// particle -1
sphere {
	<26.100760, 38.879921, 24.919752> 0.100000
	pigment { color rgbt <1,0,0,0> }
	no_shadow
}
sphere {
	0, 1
	scale<0.080000,0.200000,0.300000>
	matrix <0.590716, -0.803102, 0.077982,
		-0.499122, -0.439633, -0.746726,
		0.633981, 0.402180, -0.660544,
		26.290955, 39.000576, 24.721588>
	pigment { color rgbt <0,1,1,0> }
	no_shadow
}
cylinder {
	<25.973108, 38.278637, 24.527521>,  <25.847168, 38.719048, 25.183969>, 0.130000
	pigment { color rgbt <1,0,0,0> }
	no_shadow
}

// nucleotide -1

// particle -1
sphere {
	<25.973108, 38.278637, 24.527521> 0.250000
	pigment { color rgbt <1,0,0,0> }
	no_shadow
}
cylinder {
	<26.259081, 38.513313, 24.679665>,  <26.430664, 38.654118, 24.770950>, 0.100000
	pigment { color rgbt <1,0,0,0> }
	no_shadow
}
cylinder {
	<26.259081, 38.513313, 24.679665>,  <25.973108, 38.278637, 24.527521>, 0.100000
	pigment { color rgbt <1,0,0,0> }
	no_shadow
}

// particle -1
sphere {
	<26.259081, 38.513313, 24.679665> 0.100000
	pigment { color rgbt <1,0,0,0> }
	no_shadow
}
sphere {
	0, 1
	scale<0.080000,0.200000,0.300000>
	matrix <0.566675, -0.804855, 0.176318,
		0.409577, 0.089484, -0.907876,
		0.714931, 0.586686, 0.380359,
		26.473560, 38.689320, 24.793772>
	pigment { color rgbt <0,1,1,0> }
	no_shadow
}
cylinder {
	<26.775854, 38.004604, 24.321457>,  <25.973108, 38.278637, 24.527521>, 0.130000
	pigment { color rgbt <1,0,0,0> }
	no_shadow
}

// nucleotide -1

// particle -1
sphere {
	<26.775854, 38.004604, 24.321457> 0.250000
	pigment { color rgbt <1,0,0,0> }
	no_shadow
}
cylinder {
	<26.774748, 38.237225, 24.646860>,  <26.774084, 38.376797, 24.842102>, 0.100000
	pigment { color rgbt <1,0,0,0> }
	no_shadow
}
cylinder {
	<26.774748, 38.237225, 24.646860>,  <26.775854, 38.004604, 24.321457>, 0.100000
	pigment { color rgbt <1,0,0,0> }
	no_shadow
}

// particle -1
sphere {
	<26.774748, 38.237225, 24.646860> 0.100000
	pigment { color rgbt <1,0,0,0> }
	no_shadow
}
sphere {
	0, 1
	scale<0.080000,0.200000,0.300000>
	matrix <0.476869, -0.714286, 0.512241,
		0.878970, 0.389353, -0.275348,
		-0.002766, 0.581549, 0.813507,
		26.773918, 38.411690, 24.890913>
	pigment { color rgbt <0,1,1,0> }
	no_shadow
}
cylinder {
	<27.359930, 37.863945, 24.520666>,  <26.775854, 38.004604, 24.321457>, 0.130000
	pigment { color rgbt <1,0,0,0> }
	no_shadow
}

// nucleotide -1

// particle -1
sphere {
	<27.359930, 37.863945, 24.520666> 0.250000
	pigment { color rgbt <1,0,0,0> }
	no_shadow
}
cylinder {
	<27.156487, 38.033146, 24.820635>,  <27.034420, 38.134666, 25.000616>, 0.100000
	pigment { color rgbt <1,0,0,0> }
	no_shadow
}
cylinder {
	<27.156487, 38.033146, 24.820635>,  <27.359930, 37.863945, 24.520666>, 0.100000
	pigment { color rgbt <1,0,0,0> }
	no_shadow
}

// particle -1
sphere {
	<27.156487, 38.033146, 24.820635> 0.100000
	pigment { color rgbt <1,0,0,0> }
	no_shadow
}
sphere {
	0, 1
	scale<0.080000,0.200000,0.300000>
	matrix <0.350940, -0.693506, 0.629198,
		0.786230, 0.583193, 0.204274,
		-0.508609, 0.423007, 0.749921,
		27.003904, 38.160049, 25.045610>
	pigment { color rgbt <0,1,1,0> }
	no_shadow
}
cylinder {
	<27.818707, 37.872944, 25.017178>,  <27.359930, 37.863945, 24.520666>, 0.130000
	pigment { color rgbt <1,0,0,0> }
	no_shadow
}

// nucleotide -1

// particle -1
sphere {
	<27.818707, 37.872944, 25.017178> 0.250000
	pigment { color rgbt <1,0,0,0> }
	no_shadow
}
cylinder {
	<27.480001, 37.931702, 25.221693>,  <27.276779, 37.966957, 25.344402>, 0.100000
	pigment { color rgbt <1,0,0,0> }
	no_shadow
}
cylinder {
	<27.480001, 37.931702, 25.221693>,  <27.818707, 37.872944, 25.017178>, 0.100000
	pigment { color rgbt <1,0,0,0> }
	no_shadow
}

// particle -1
sphere {
	<27.480001, 37.931702, 25.221693> 0.100000
	pigment { color rgbt <1,0,0,0> }
	no_shadow
}
sphere {
	0, 1
	scale<0.080000,0.200000,0.300000>
	matrix <0.345455, -0.579058, 0.738480,
		0.404541, 0.801945, 0.439580,
		-0.846763, 0.146890, 0.511289,
		27.225973, 37.975769, 25.375080>
	pigment { color rgbt <0,1,1,0> }
	no_shadow
}
cylinder {
	<27.984459, 37.866756, 25.813757>,  <27.818707, 37.872944, 25.017178>, 0.130000
	pigment { color rgbt <1,0,0,0> }
	no_shadow
}

// nucleotide -1

// particle -1
sphere {
	<27.984459, 37.866756, 25.813757> 0.250000
	pigment { color rgbt <1,0,0,0> }
	no_shadow
}
cylinder {
	<27.595984, 37.772110, 25.802395>,  <27.362898, 37.715324, 25.795578>, 0.100000
	pigment { color rgbt <1,0,0,0> }
	no_shadow
}
cylinder {
	<27.595984, 37.772110, 25.802395>,  <27.984459, 37.866756, 25.813757>, 0.100000
	pigment { color rgbt <1,0,0,0> }
	no_shadow
}

// particle -1
sphere {
	<27.595984, 37.772110, 25.802395> 0.100000
	pigment { color rgbt <1,0,0,0> }
	no_shadow
}
sphere {
	0, 1
	scale<0.080000,0.200000,0.300000>
	matrix <0.133357, -0.638378, 0.758082,
		-0.197506, 0.732453, 0.651540,
		-0.971188, -0.236613, -0.028405,
		27.304626, 37.701126, 25.793873>
	pigment { color rgbt <0,1,1,0> }
	no_shadow
}
cylinder {
	<27.901691, 37.652699, 26.464842>,  <27.984459, 37.866756, 25.813757>, 0.130000
	pigment { color rgbt <1,0,0,0> }
	no_shadow
}

// nucleotide -1

// particle -1
sphere {
	<27.901691, 37.652699, 26.464842> 0.250000
	pigment { color rgbt <1,0,0,0> }
	no_shadow
}
cylinder {
	<27.554659, 37.520950, 26.315807>,  <27.346439, 37.441902, 26.226387>, 0.100000
	pigment { color rgbt <1,0,0,0> }
	no_shadow
}
cylinder {
	<27.554659, 37.520950, 26.315807>,  <27.901691, 37.652699, 26.464842>, 0.100000
	pigment { color rgbt <1,0,0,0> }
	no_shadow
}

// particle -1
sphere {
	<27.554659, 37.520950, 26.315807> 0.100000
	pigment { color rgbt <1,0,0,0> }
	no_shadow
}
sphere {
	0, 1
	scale<0.080000,0.200000,0.300000>
	matrix <-0.162905, -0.519650, 0.838705,
		-0.469857, 0.788340, 0.397182,
		-0.867580, -0.329369, -0.372586,
		27.294384, 37.422138, 26.204031>
	pigment { color rgbt <0,1,1,0> }
	no_shadow
}
cylinder {
	<27.524343, 37.645863, 27.043629>,  <27.901691, 37.652699, 26.464842>, 0.130000
	pigment { color rgbt <1,0,0,0> }
	no_shadow
}

// nucleotide -1

// particle -1
sphere {
	<27.524343, 37.645863, 27.043629> 0.250000
	pigment { color rgbt <1,0,0,0> }
	no_shadow
}
cylinder {
	<27.322416, 37.414940, 26.786917>,  <27.201260, 37.276386, 26.632891>, 0.100000
	pigment { color rgbt <1,0,0,0> }
	no_shadow
}
cylinder {
	<27.322416, 37.414940, 26.786917>,  <27.524343, 37.645863, 27.043629>, 0.100000
	pigment { color rgbt <1,0,0,0> }
	no_shadow
}

// particle -1
sphere {
	<27.322416, 37.414940, 26.786917> 0.100000
	pigment { color rgbt <1,0,0,0> }
	no_shadow
}
sphere {
	0, 1
	scale<0.080000,0.200000,0.300000>
	matrix <-0.172836, -0.660813, 0.730379,
		-0.845746, 0.479631, 0.233812,
		-0.504818, -0.577304, -0.641778,
		27.170971, 37.241749, 26.594383>
	pigment { color rgbt <0,1,1,0> }
	no_shadow
}
cylinder {
	<26.968084, 37.511799, 27.405548>,  <27.524343, 37.645863, 27.043629>, 0.130000
	pigment { color rgbt <1,0,0,0> }
	no_shadow
}

// nucleotide -1

// particle -1
sphere {
	<26.968084, 37.511799, 27.405548> 0.250000
	pigment { color rgbt <1,0,0,0> }
	no_shadow
}
cylinder {
	<27.017410, 37.225075, 27.131035>,  <27.047007, 37.053040, 26.966328>, 0.100000
	pigment { color rgbt <1,0,0,0> }
	no_shadow
}
cylinder {
	<27.017410, 37.225075, 27.131035>,  <26.968084, 37.511799, 27.405548>, 0.100000
	pigment { color rgbt <1,0,0,0> }
	no_shadow
}

// particle -1
sphere {
	<27.017410, 37.225075, 27.131035> 0.100000
	pigment { color rgbt <1,0,0,0> }
	no_shadow
}
sphere {
	0, 1
	scale<0.080000,0.200000,0.300000>
	matrix <-0.091614, -0.696830, 0.711361,
		-0.988130, -0.024848, -0.151599,
		0.123314, -0.716806, -0.686282,
		27.054405, 37.010033, 26.925150>
	pigment { color rgbt <0,1,1,0> }
	no_shadow
}
cylinder {
	<26.502232, 36.980751, 27.583710>,  <26.968084, 37.511799, 27.405548>, 0.130000
	pigment { color rgbt <1,0,0,0> }
	no_shadow
}

// nucleotide -1

// particle -1
sphere {
	<26.502232, 36.980751, 27.583710> 0.250000
	pigment { color rgbt <1,0,0,0> }
	no_shadow
}
cylinder {
	<26.730070, 36.754612, 27.345064>,  <26.866774, 36.618931, 27.201878>, 0.100000
	pigment { color rgbt <1,0,0,0> }
	no_shadow
}
cylinder {
	<26.730070, 36.754612, 27.345064>,  <26.502232, 36.980751, 27.583710>, 0.100000
	pigment { color rgbt <1,0,0,0> }
	no_shadow
}

// particle -1
sphere {
	<26.730070, 36.754612, 27.345064> 0.100000
	pigment { color rgbt <1,0,0,0> }
	no_shadow
}
sphere {
	0, 1
	scale<0.080000,0.200000,0.300000>
	matrix <0.020601, -0.715824, 0.697976,
		-0.821666, -0.409856, -0.396085,
		0.569597, -0.565344, -0.596612,
		26.900949, 36.585011, 27.166080>
	pigment { color rgbt <0,1,1,0> }
	no_shadow
}
cylinder {
	<26.320862, 36.338768, 27.601122>,  <26.502232, 36.980751, 27.583710>, 0.130000
	pigment { color rgbt <1,0,0,0> }
	no_shadow
}

// nucleotide -1

// particle -1
sphere {
	<26.320862, 36.338768, 27.601122> 0.250000
	pigment { color rgbt <1,0,0,0> }
	no_shadow
}
cylinder {
	<26.696648, 36.275017, 27.479794>,  <26.922119, 36.236767, 27.406996>, 0.100000
	pigment { color rgbt <1,0,0,0> }
	no_shadow
}
cylinder {
	<26.696648, 36.275017, 27.479794>,  <26.320862, 36.338768, 27.601122>, 0.100000
	pigment { color rgbt <1,0,0,0> }
	no_shadow
}

// particle -1
sphere {
	<26.696648, 36.275017, 27.479794> 0.100000
	pigment { color rgbt <1,0,0,0> }
	no_shadow
}
sphere {
	0, 1
	scale<0.080000,0.200000,0.300000>
	matrix <0.100604, -0.717918, 0.688820,
