// switches for output
#declare DRAW_BASES = 1; // possible values are 0, 1; only relevant for DNA ribbons
#declare DRAW_BASES_TYPE = 3; // possible values are 1, 2, 3; only relevant for DNA ribbons
#declare DRAW_FOG = 0; // set to 1 to enable fog

#include "colors.inc"

#include "transforms.inc"
background { rgb <1, 1, 1>}

#default {
   normal{
       ripples 0.25
       frequency 0.20
       turbulence 0.2
       lambda 5
   }
	finish {
		phong 0.1
		phong_size 40.
	}
}

// original window dimensions: 1024x640


// camera settings

camera {
	sky <0, 0.179814, -0.983701>
	up <0, 0.179814, -0.983701>
	right 1.6 * <1, 0, 0>
	location <35, 94.9851, 44.8844>
	look_at <35, 29.7336, 32.9568>
	direction <0, -65.2515, -11.9276>
	angle 67.0682
}


# declare cpy_camera_pos = <35, 94.9851, 44.8844>;
# if (DRAW_FOG = 1)
fog {
	fog_type 2
	up vnormalize(cpy_camera_pos)
	color rgbt<1,1,1,0.3>
	distance 1e-5
	fog_alt 3e-3
	fog_offset 56
}
# end


// LIGHTS

# declare lum = 6;
global_settings {
	ambient_light rgb lum * <0.05, 0.05, 0.05>
	max_trace_level 15
}# declare cpy_direct_light_amount = 0.25;
light_source
{	1000 * <-1, -1.16352, -0.803886>,
	rgb lum * cpy_direct_light_amount
	parallel
}

light_source
{	1000 * <1, 1.16352, 0.803886>,
	rgb lum * cpy_direct_light_amount
	parallel
}

// strand 0

// nucleotide -1

// particle -1
sphere {
	<24.180122, 35.362091, 35.047295> 0.250000
	pigment { color rgbt <1,0,0,0> }
	no_shadow
}
cylinder {
	<24.187195, 34.982445, 34.921520>,  <24.191439, 34.754658, 34.846054>, 0.100000
	pigment { color rgbt <1,0,0,0> }
	no_shadow
}
cylinder {
	<24.187195, 34.982445, 34.921520>,  <24.180122, 35.362091, 35.047295>, 0.100000
	pigment { color rgbt <1,0,0,0> }
	no_shadow
}

// particle -1
sphere {
	<24.187195, 34.982445, 34.921520> 0.100000
	pigment { color rgbt <1,0,0,0> }
	no_shadow
}
sphere {
	0, 1
	scale<0.080000,0.200000,0.300000>
	matrix <-0.531055, -0.275378, 0.801341,
		-0.847153, 0.152815, -0.508900,
		0.017683, -0.949113, -0.314441,
		24.192499, 34.697712, 34.827187>
	pigment { color rgbt <0,1,1,0> }
	no_shadow
}
cylinder {
	<24.446243, 36.068172, 35.066860>,  <24.180122, 35.362091, 35.047295>, 0.130000
	pigment { color rgbt <1,0,0,0> }
	no_shadow
}

// nucleotide -1

// particle -1
sphere {
	<24.446243, 36.068172, 35.066860> 0.250000
	pigment { color rgbt <1,0,0,0> }
	no_shadow
}
cylinder {
	<24.599918, 36.425415, 34.973251>,  <24.692123, 36.639759, 34.917088>, 0.100000
	pigment { color rgbt <1,0,0,0> }
	no_shadow
}
cylinder {
	<24.599918, 36.425415, 34.973251>,  <24.446243, 36.068172, 35.066860>, 0.100000
	pigment { color rgbt <1,0,0,0> }
	no_shadow
}

// particle -1
sphere {
	<24.599918, 36.425415, 34.973251> 0.100000
	pigment { color rgbt <1,0,0,0> }
	no_shadow
}
sphere {
	0, 1
	scale<0.080000,0.200000,0.300000>
	matrix <0.913965, -0.403769, -0.040482,
		-0.130646, -0.198335, -0.971388,
		0.384187, 0.893103, -0.234022,
		24.715174, 36.693348, 34.903046>
	pigment { color rgbt <0,1,1,0> }
	no_shadow
}
cylinder {
	<24.961746, 36.073891, 34.600822>,  <24.446243, 36.068172, 35.066860>, 0.130000
	pigment { color rgbt <1,0,0,0> }
	no_shadow
}

// nucleotide -1

// particle -1
sphere {
	<24.961746, 36.073891, 34.600822> 0.250000
	pigment { color rgbt <1,0,0,0> }
	no_shadow
}
cylinder {
	<25.037195, 36.423073, 34.780769>,  <25.082464, 36.632580, 34.888737>, 0.100000
	pigment { color rgbt <1,0,0,0> }
	no_shadow
}
cylinder {
	<25.037195, 36.423073, 34.780769>,  <24.961746, 36.073891, 34.600822>, 0.100000
	pigment { color rgbt <1,0,0,0> }
	no_shadow
}

// particle -1
sphere {
	<25.037195, 36.423073, 34.780769> 0.100000
	pigment { color rgbt <1,0,0,0> }
	no_shadow
}
sphere {
	0, 1
	scale<0.080000,0.200000,0.300000>
	matrix <0.971184, -0.233768, 0.046418,
		0.145684, 0.428147, -0.891889,
		0.188621, 0.872951, 0.449865,
		25.093782, 36.684959, 34.915730>
	pigment { color rgbt <0,1,1,0> }
	no_shadow
}
cylinder {
	<25.424742, 36.557045, 34.303535>,  <24.961746, 36.073891, 34.600822>, 0.130000
	pigment { color rgbt <1,0,0,0> }
	no_shadow
}

// nucleotide -1

// particle -1
sphere {
	<25.424742, 36.557045, 34.303535> 0.250000
	pigment { color rgbt <1,0,0,0> }
	no_shadow
}
cylinder {
	<25.467785, 36.606186, 34.698166>,  <25.493610, 36.635670, 34.934944>, 0.100000
	pigment { color rgbt <1,0,0,0> }
	no_shadow
}
cylinder {
	<25.467785, 36.606186, 34.698166>,  <25.424742, 36.557045, 34.303535>, 0.100000
	pigment { color rgbt <1,0,0,0> }
	no_shadow
}

// particle -1
sphere {
	<25.467785, 36.606186, 34.698166> 0.100000
	pigment { color rgbt <1,0,0,0> }
	no_shadow
}
sphere {
	0, 1
	scale<0.080000,0.200000,0.300000>
	matrix <0.974194, -0.211068, -0.079976,
		0.198409, 0.969720, -0.142396,
		0.107609, 0.122853, 0.986574,
		25.500069, 36.643044, 34.994137>
	pigment { color rgbt <0,1,1,0> }
	no_shadow
}
cylinder {
	<25.867918, 37.135445, 34.570320>,  <25.424742, 36.557045, 34.303535>, 0.130000
	pigment { color rgbt <1,0,0,0> }
	no_shadow
}

// nucleotide -1

// particle -1
sphere {
	<25.867918, 37.135445, 34.570320> 0.250000
	pigment { color rgbt <1,0,0,0> }
	no_shadow
}
cylinder {
	<25.864424, 36.796402, 34.782539>,  <25.862328, 36.592976, 34.909870>, 0.100000
	pigment { color rgbt <1,0,0,0> }
	no_shadow
}
cylinder {
	<25.864424, 36.796402, 34.782539>,  <25.867918, 37.135445, 34.570320>, 0.100000
	pigment { color rgbt <1,0,0,0> }
	no_shadow
}

// particle -1
sphere {
	<25.864424, 36.796402, 34.782539> 0.100000
	pigment { color rgbt <1,0,0,0> }
	no_shadow
}
sphere {
	0, 1
	scale<0.080000,0.200000,0.300000>
	matrix <0.998276, -0.038191, -0.044573,
		0.058043, 0.529246, 0.846481,
		-0.008738, -0.847609, 0.530550,
		25.861803, 36.542118, 34.941704>
	pigment { color rgbt <0,1,1,0> }
	no_shadow
}
cylinder {
	<26.302210, 37.295910, 35.073780>,  <25.867918, 37.135445, 34.570320>, 0.130000
	pigment { color rgbt <1,0,0,0> }
	no_shadow
}

// nucleotide -1

// particle -1
sphere {
	<26.302210, 37.295910, 35.073780> 0.250000
	pigment { color rgbt <1,0,0,0> }
	no_shadow
}
cylinder {
	<26.262054, 36.905098, 34.998596>,  <26.237961, 36.670609, 34.953484>, 0.100000
	pigment { color rgbt <1,0,0,0> }
	no_shadow
}
cylinder {
	<26.262054, 36.905098, 34.998596>,  <26.302210, 37.295910, 35.073780>, 0.100000
	pigment { color rgbt <1,0,0,0> }
	no_shadow
}

// particle -1
sphere {
	<26.262054, 36.905098, 34.998596> 0.100000
	pigment { color rgbt <1,0,0,0> }
	no_shadow
}
sphere {
	0, 1
	scale<0.080000,0.200000,0.300000>
	matrix <0.993873, -0.107255, 0.026688,
		-0.046235, -0.184131, 0.981814,
		-0.100390, -0.977032, -0.187962,
		26.231937, 36.611988, 34.942207>
	pigment { color rgbt <0,1,1,0> }
	no_shadow
}
cylinder {
	<27.047119, 37.339779, 34.754131>,  <26.302210, 37.295910, 35.073780>, 0.130000
	pigment { color rgbt <1,0,0,0> }
	no_shadow
}

// nucleotide -1

// particle -1
sphere {
	<27.047119, 37.339779, 34.754131> 0.250000
	pigment { color rgbt <1,0,0,0> }
	no_shadow
}
cylinder {
	<27.397676, 37.526157, 34.705421>,  <27.608011, 37.637985, 34.676197>, 0.100000
	pigment { color rgbt <1,0,0,0> }
	no_shadow
}
cylinder {
	<27.397676, 37.526157, 34.705421>,  <27.047119, 37.339779, 34.754131>, 0.100000
	pigment { color rgbt <1,0,0,0> }
	no_shadow
}

// particle -1
sphere {
	<27.397676, 37.526157, 34.705421> 0.100000
	pigment { color rgbt <1,0,0,0> }
	no_shadow
}
sphere {
	0, 1
	scale<0.080000,0.200000,0.300000>
	matrix <0.072262, -0.377218, -0.923301,
		-0.476148, 0.800373, -0.364261,
		0.876391, 0.465950, -0.121774,
		27.660593, 37.665943, 34.668888>
	pigment { color rgbt <0,1,1,0> }
	no_shadow
}
cylinder {
	<27.042021, 37.594585, 34.145348>,  <27.047119, 37.339779, 34.754131>, 0.130000
	pigment { color rgbt <1,0,0,0> }
	no_shadow
}

// nucleotide -1

// particle -1
sphere {
	<27.042021, 37.594585, 34.145348> 0.250000
	pigment { color rgbt <1,0,0,0> }
	no_shadow
}
cylinder {
	<27.437662, 37.629700, 34.192619>,  <27.675047, 37.650768, 34.220982>, 0.100000
	pigment { color rgbt <1,0,0,0> }
	no_shadow
}
cylinder {
	<27.437662, 37.629700, 34.192619>,  <27.042021, 37.594585, 34.145348>, 0.100000
	pigment { color rgbt <1,0,0,0> }
	no_shadow
}

// particle -1
sphere {
	<27.437662, 37.629700, 34.192619> 0.100000
	pigment { color rgbt <1,0,0,0> }
	no_shadow
}
sphere {
	0, 1
	scale<0.080000,0.200000,0.300000>
	matrix <0.132311, -0.178068, -0.975082,
		-0.064556, 0.980094, -0.187743,
		0.989104, 0.087788, 0.118182,
		27.734394, 37.656036, 34.228073>
	pigment { color rgbt <0,1,1,0> }
	no_shadow
}
cylinder {
	<27.314705, 38.173225, 33.606865>,  <27.042021, 37.594585, 34.145348>, 0.130000
	pigment { color rgbt <1,0,0,0> }
	no_shadow
}

// nucleotide -1

// particle -1
sphere {
	<27.314705, 38.173225, 33.606865> 0.250000
	pigment { color rgbt <1,0,0,0> }
	no_shadow
}
cylinder {
	<27.581396, 37.895859, 33.716148>,  <27.741411, 37.729439, 33.781719>, 0.100000
	pigment { color rgbt <1,0,0,0> }
	no_shadow
}
cylinder {
	<27.581396, 37.895859, 33.716148>,  <27.314705, 38.173225, 33.606865>, 0.100000
	pigment { color rgbt <1,0,0,0> }
	no_shadow
}

// particle -1
sphere {
	<27.581396, 37.895859, 33.716148> 0.100000
	pigment { color rgbt <1,0,0,0> }
	no_shadow
}
sphere {
	0, 1
	scale<0.080000,0.200000,0.300000>
	matrix <0.025152, -0.345430, -0.938107,
		0.744877, 0.632334, -0.212867,
		0.666728, -0.693420, 0.273207,
		27.781414, 37.687832, 33.798111>
	pigment { color rgbt <0,1,1,0> }
	no_shadow
}
cylinder {
	<27.818138, 38.190029, 33.154327>,  <27.314705, 38.173225, 33.606865>, 0.130000
	pigment { color rgbt <1,0,0,0> }
	no_shadow
}

// nucleotide -1

// particle -1
sphere {
	<27.818138, 38.190029, 33.154327> 0.250000
	pigment { color rgbt <1,0,0,0> }
	no_shadow
}
cylinder {
	<27.847374, 37.815693, 33.292229>,  <27.864916, 37.591091, 33.374969>, 0.100000
	pigment { color rgbt <1,0,0,0> }
	no_shadow
}
cylinder {
	<27.847374, 37.815693, 33.292229>,  <27.818138, 38.190029, 33.154327>, 0.100000
	pigment { color rgbt <1,0,0,0> }
	no_shadow
}

// particle -1
sphere {
	<27.847374, 37.815693, 33.292229> 0.100000
	pigment { color rgbt <1,0,0,0> }
	no_shadow
}
sphere {
	0, 1
	scale<0.080000,0.200000,0.300000>
	matrix <-0.044912, -0.348412, -0.936265,
		0.996314, 0.052949, -0.067496,
		0.073091, -0.935845, 0.344750,
		27.869301, 37.534939, 33.395653>
	pigment { color rgbt <0,1,1,0> }
	no_shadow
}
cylinder {
	<28.099379, 37.839634, 32.601307>,  <27.818138, 38.190029, 33.154327>, 0.130000
	pigment { color rgbt <1,0,0,0> }
	no_shadow
}

// nucleotide -1

// particle -1
sphere {
	<28.099379, 37.839634, 32.601307> 0.250000
	pigment { color rgbt <1,0,0,0> }
	no_shadow
}
cylinder {
	<27.987932, 37.535107, 32.835491>,  <27.921064, 37.352390, 32.976002>, 0.100000
	pigment { color rgbt <1,0,0,0> }
	no_shadow
}
cylinder {
	<27.987932, 37.535107, 32.835491>,  <28.099379, 37.839634, 32.601307>, 0.100000
	pigment { color rgbt <1,0,0,0> }
	no_shadow
}

// particle -1
sphere {
	<27.987932, 37.535107, 32.835491> 0.100000
	pigment { color rgbt <1,0,0,0> }
	no_shadow
}
sphere {
	0, 1
	scale<0.080000,0.200000,0.300000>
	matrix <-0.088651, -0.586610, -0.805003,
		0.956302, -0.276190, 0.095948,
		-0.278617, -0.761320, 0.585461,
		27.904346, 37.306709, 33.011131>
	pigment { color rgbt <0,1,1,0> }
	no_shadow
}
cylinder {
	<28.510159, 37.235687, 32.476925>,  <28.099379, 37.839634, 32.601307>, 0.130000
	pigment { color rgbt <1,0,0,0> }
	no_shadow
}

// nucleotide -1

// particle -1
sphere {
	<28.510159, 37.235687, 32.476925> 0.250000
	pigment { color rgbt <1,0,0,0> }
	no_shadow
}
cylinder {
	<28.154964, 37.111710, 32.612816>,  <27.941847, 37.037323, 32.694351>, 0.100000
	pigment { color rgbt <1,0,0,0> }
	no_shadow
}
cylinder {
	<28.154964, 37.111710, 32.612816>,  <28.510159, 37.235687, 32.476925>, 0.100000
	pigment { color rgbt <1,0,0,0> }
	no_shadow
}

// particle -1
sphere {
	<28.154964, 37.111710, 32.612816> 0.100000
	pigment { color rgbt <1,0,0,0> }
	no_shadow
}
sphere {
	0, 1
	scale<0.080000,0.200000,0.300000>
	matrix <-0.045296, -0.676199, -0.735325,
		0.457633, -0.668347, 0.586416,
		-0.887986, -0.309947, 0.339724,
		27.888569, 37.018726, 32.714733>
	pigment { color rgbt <0,1,1,0> }
	no_shadow
}
cylinder {
	<28.569439, 36.478233, 32.443012>,  <28.510159, 37.235687, 32.476925>, 0.130000
	pigment { color rgbt <1,0,0,0> }
	no_shadow
}

// nucleotide -1

// particle -1
sphere {
	<28.569439, 36.478233, 32.443012> 0.250000
	pigment { color rgbt <1,0,0,0> }
	no_shadow
}
cylinder {
	<28.176500, 36.549660, 32.465321>,  <27.940737, 36.592514, 32.478706>, 0.100000
	pigment { color rgbt <1,0,0,0> }
	no_shadow
}
cylinder {
	<28.176500, 36.549660, 32.465321>,  <28.569439, 36.478233, 32.443012>, 0.100000
	pigment { color rgbt <1,0,0,0> }
	no_shadow
}

// particle -1
sphere {
	<28.176500, 36.549660, 32.465321> 0.100000
	pigment { color rgbt <1,0,0,0> }
	no_shadow
}
sphere {
	0, 1
	scale<0.080000,0.200000,0.300000>
	matrix <-0.169893, -0.726785, -0.665522,
		-0.078307, -0.663248, 0.744292,
		-0.982346, 0.178565, 0.055769,
		27.881796, 36.603230, 32.482052>
	pigment { color rgbt <0,1,1,0> }
	no_shadow
}
cylinder {
	<28.286709, 35.843082, 32.456200>,  <28.569439, 36.478233, 32.443012>, 0.130000
	pigment { color rgbt <1,0,0,0> }
	no_shadow
}

// nucleotide -1

// particle -1
sphere {
	<28.286709, 35.843082, 32.456200> 0.250000
	pigment { color rgbt <1,0,0,0> }
	no_shadow
}
cylinder {
	<27.972824, 36.070297, 32.356953>,  <27.784494, 36.206627, 32.297405>, 0.100000
	pigment { color rgbt <1,0,0,0> }
	no_shadow
}
cylinder {
	<27.972824, 36.070297, 32.356953>,  <28.286709, 35.843082, 32.456200>, 0.100000
	pigment { color rgbt <1,0,0,0> }
	no_shadow
}

// particle -1
sphere {
	<27.972824, 36.070297, 32.356953> 0.100000
	pigment { color rgbt <1,0,0,0> }
	no_shadow
}
sphere {
	0, 1
	scale<0.080000,0.200000,0.300000>
	matrix <-0.304029, -0.701533, -0.644529,
		-0.540181, -0.430332, 0.723200,
		-0.784710, 0.568036, -0.248122,
		27.737411, 36.240707, 32.282516>
	pigment { color rgbt <0,1,1,0> }
	no_shadow
}
cylinder {
	<27.615194, 35.472519, 32.647457>,  <28.286709, 35.843082, 32.456200>, 0.130000
	pigment { color rgbt <1,0,0,0> }
	no_shadow
}

// nucleotide -1

// particle -1
sphere {
	<27.615194, 35.472519, 32.647457> 0.250000
	pigment { color rgbt <1,0,0,0> }
	no_shadow
}
cylinder {
	<27.540184, 35.751278, 32.370567>,  <27.495178, 35.918533, 32.204433>, 0.100000
	pigment { color rgbt <1,0,0,0> }
	no_shadow
}
cylinder {
	<27.540184, 35.751278, 32.370567>,  <27.615194, 35.472519, 32.647457>, 0.100000
	pigment { color rgbt <1,0,0,0> }
	no_shadow
}

// particle -1
sphere {
	<27.540184, 35.751278, 32.370567> 0.100000
	pigment { color rgbt <1,0,0,0> }
	no_shadow
}
sphere {
	0, 1
	scale<0.080000,0.200000,0.300000>
	matrix <-0.391329, -0.699388, -0.598095,
		-0.900942, 0.158731, 0.403866,
		-0.187523, 0.696894, -0.692224,
		27.483927, 35.960346, 32.162899>
	pigment { color rgbt <0,1,1,0> }
	no_shadow
}
cylinder {
	<27.010157, 35.209492, 32.337425>,  <27.615194, 35.472519, 32.647457>, 0.130000
	pigment { color rgbt <1,0,0,0> }
	no_shadow
}

// nucleotide -1

// particle -1
sphere {
	<27.010157, 35.209492, 32.337425> 0.250000
	pigment { color rgbt <1,0,0,0> }
	no_shadow
}
cylinder {
	<27.125757, 35.483261, 32.069683>,  <27.195118, 35.647522, 31.909039>, 0.100000
	pigment { color rgbt <1,0,0,0> }
	no_shadow
}
cylinder {
	<27.125757, 35.483261, 32.069683>,  <27.010157, 35.209492, 32.337425>, 0.100000
	pigment { color rgbt <1,0,0,0> }
	no_shadow
}

// particle -1
sphere {
	<27.125757, 35.483261, 32.069683> 0.100000
	pigment { color rgbt <1,0,0,0> }
	no_shadow
}
sphere {
	0, 1
	scale<0.080000,0.200000,0.300000>
	matrix <-0.299389, -0.599503, -0.742268,
		-0.909310, 0.414914, 0.031653,
		0.289001, 0.684428, -0.669355,
		27.212458, 35.688591, 31.868877>
	pigment { color rgbt <0,1,1,0> }
	no_shadow
}
cylinder {
	<26.536024, 35.094036, 31.776419>,  <27.010157, 35.209492, 32.337425>, 0.130000
	pigment { color rgbt <1,0,0,0> }
	no_shadow
}

// nucleotide -1

// particle -1
sphere {
	<26.536024, 35.094036, 31.776419> 0.250000
	pigment { color rgbt <1,0,0,0> }
	no_shadow
}
cylinder {
	<26.837934, 35.304901, 31.620258>,  <27.019081, 35.431419, 31.526562>, 0.100000
	pigment { color rgbt <1,0,0,0> }
	no_shadow
}
cylinder {
	<26.837934, 35.304901, 31.620258>,  <26.536024, 35.094036, 31.776419>, 0.100000
	pigment { color rgbt <1,0,0,0> }
	no_shadow
}

// particle -1
sphere {
	<26.837934, 35.304901, 31.620258> 0.100000
	pigment { color rgbt <1,0,0,0> }
	no_shadow
}
sphere {
	0, 1
	scale<0.080000,0.200000,0.300000>
	matrix <0.028430, -0.620868, -0.783400,
		-0.655367, 0.580192, -0.483603,
		0.754776, 0.527163, -0.390401,
		27.064367, 35.463051, 31.503138>
	pigment { color rgbt <0,1,1,0> }
	no_shadow
}
cylinder {
	<26.375793, 35.285160, 31.147715>,  <26.536024, 35.094036, 31.776419>, 0.130000
	pigment { color rgbt <1,0,0,0> }
	no_shadow
}

// nucleotide -1

// particle -1
sphere {
	<26.375793, 35.285160, 31.147715> 0.250000
	pigment { color rgbt <1,0,0,0> }
	no_shadow
}
cylinder {
	<26.773636, 35.318077, 31.122469>,  <27.012342, 35.337826, 31.107321>, 0.100000
	pigment { color rgbt <1,0,0,0> }
	no_shadow
}
cylinder {
	<26.773636, 35.318077, 31.122469>,  <26.375793, 35.285160, 31.147715>, 0.100000
	pigment { color rgbt <1,0,0,0> }
	no_shadow
}

// particle -1
sphere {
	<26.773636, 35.318077, 31.122469> 0.100000
	pigment { color rgbt <1,0,0,0> }
	no_shadow
}
sphere {
	0, 1
	scale<0.080000,0.200000,0.300000>
	matrix <-0.002137, -0.592188, -0.805797,
		-0.103684, 0.801587, -0.588819,
		0.994608, 0.082290, -0.063113,
		27.072018, 35.342766, 31.103535>
	pigment { color rgbt <0,1,1,0> }
	no_shadow
}
cylinder {
	<26.436605, 35.246922, 30.484770>,  <26.375793, 35.285160, 31.147715>, 0.130000
	pigment { color rgbt <1,0,0,0> }
	no_shadow
}

// nucleotide -1

// particle -1
sphere {
	<26.436605, 35.246922, 30.484770> 0.250000
	pigment { color rgbt <1,0,0,0> }
	no_shadow
}
cylinder {
	<26.798124, 35.134998, 30.614300>,  <27.015036, 35.067844, 30.692019>, 0.100000
	pigment { color rgbt <1,0,0,0> }
	no_shadow
}
cylinder {
	<26.798124, 35.134998, 30.614300>,  <26.436605, 35.246922, 30.484770>, 0.100000
	pigment { color rgbt <1,0,0,0> }
	no_shadow
}

// particle -1
sphere {
	<26.798124, 35.134998, 30.614300> 0.100000
	pigment { color rgbt <1,0,0,0> }
	no_shadow
}
sphere {
	0, 1
	scale<0.080000,0.200000,0.300000>
	matrix <0.090658, -0.614318, -0.783834,
		0.418251, 0.737783, -0.529851,
		0.903796, -0.279804, 0.323825,
		27.069263, 35.051056, 30.711447>
	pigment { color rgbt <0,1,1,0> }
	no_shadow
}
cylinder {
	<26.962627, 35.405041, 29.844349>,  <26.436605, 35.246922, 30.484770>, 0.130000
	pigment { color rgbt <1,0,0,0> }
	no_shadow
}

// nucleotide -1

// particle -1
sphere {
	<26.962627, 35.405041, 29.844349> 0.250000
	pigment { color rgbt <1,0,0,0> }
	no_shadow
}
cylinder {
	<27.085476, 35.128304, 30.105740>,  <27.159185, 34.962261, 30.262573>, 0.100000
	pigment { color rgbt <1,0,0,0> }
	no_shadow
}
cylinder {
	<27.085476, 35.128304, 30.105740>,  <26.962627, 35.405041, 29.844349>, 0.100000
	pigment { color rgbt <1,0,0,0> }
	no_shadow
}

// particle -1
sphere {
	<27.085476, 35.128304, 30.105740> 0.100000
	pigment { color rgbt <1,0,0,0> }
	no_shadow
}
sphere {
	0, 1
	scale<0.080000,0.200000,0.300000>
	matrix <0.078464, -0.665916, -0.741889,
		0.948430, 0.279124, -0.150232,
		0.307121, -0.691842, 0.653476,
		27.177612, 34.920750, 30.301783>
	pigment { color rgbt <0,1,1,0> }
	no_shadow
}
cylinder {
	<27.621191, 35.162235, 29.518841>,  <26.962627, 35.405041, 29.844349>, 0.130000
	pigment { color rgbt <1,0,0,0> }
	no_shadow
}

// nucleotide -1

// particle -1
sphere {
	<27.621191, 35.162235, 29.518841> 0.250000
	pigment { color rgbt <1,0,0,0> }
	no_shadow
}
cylinder {
	<27.503572, 34.888905, 29.786152>,  <27.433001, 34.724907, 29.946539>, 0.100000
	pigment { color rgbt <1,0,0,0> }
	no_shadow
}
cylinder {
	<27.503572, 34.888905, 29.786152>,  <27.621191, 35.162235, 29.518841>, 0.100000
	pigment { color rgbt <1,0,0,0> }
	no_shadow
}

// particle -1
sphere {
	<27.503572, 34.888905, 29.786152> 0.100000
	pigment { color rgbt <1,0,0,0> }
	no_shadow
}
sphere {
	0, 1
	scale<0.080000,0.200000,0.300000>
	matrix <0.219748, -0.728792, -0.648516,
		0.930187, -0.043841, 0.364460,
		-0.294047, -0.683330, 0.668279,
		27.415358, 34.683907, 29.986635>
	pigment { color rgbt <0,1,1,0> }
	no_shadow
}
cylinder {
	<28.174225, 34.602531, 29.497841>,  <27.621191, 35.162235, 29.518841>, 0.130000
	pigment { color rgbt <1,0,0,0> }
	no_shadow
}

// nucleotide -1

// particle -1
sphere {
	<28.174225, 34.602531, 29.497841> 0.250000
	pigment { color rgbt <1,0,0,0> }
	no_shadow
}
cylinder {
	<27.862076, 34.405464, 29.651882>,  <27.674788, 34.287224, 29.744307>, 0.100000
	pigment { color rgbt <1,0,0,0> }
	no_shadow
}
cylinder {
	<27.862076, 34.405464, 29.651882>,  <28.174225, 34.602531, 29.497841>, 0.100000
	pigment { color rgbt <1,0,0,0> }
	no_shadow
}

// particle -1
sphere {
	<27.862076, 34.405464, 29.651882> 0.100000
	pigment { color rgbt <1,0,0,0> }
	no_shadow
}
sphere {
	0, 1
	scale<0.080000,0.200000,0.300000>
	matrix <0.328208, -0.846904, -0.418370,
		0.532259, -0.200091, 0.822596,
		-0.780371, -0.492664, 0.385101,
		27.627964, 34.257664, 29.767412>
	pigment { color rgbt <0,1,1,0> }
	no_shadow
}
cylinder {
	<28.411587, 33.992031, 29.905970>,  <28.174225, 34.602531, 29.497841>, 0.130000
	pigment { color rgbt <1,0,0,0> }
	no_shadow
}

// nucleotide -1

// particle -1
sphere {
	<28.411587, 33.992031, 29.905970> 0.250000
	pigment { color rgbt <1,0,0,0> }
	no_shadow
}
cylinder {
	<28.025700, 33.931992, 29.819448>,  <27.794167, 33.895966, 29.767536>, 0.100000
	pigment { color rgbt <1,0,0,0> }
	no_shadow
}
cylinder {
	<28.025700, 33.931992, 29.819448>,  <28.411587, 33.992031, 29.905970>, 0.100000
	pigment { color rgbt <1,0,0,0> }
	no_shadow
}

// particle -1
sphere {
	<28.025700, 33.931992, 29.819448> 0.100000
	pigment { color rgbt <1,0,0,0> }
	no_shadow
}
sphere {
	0, 1
	scale<0.080000,0.200000,0.300000>
	matrix <0.230277, -0.879330, -0.416835,
		-0.127632, -0.451938, 0.882872,
		-0.964719, -0.150103, -0.216302,
		27.736284, 33.886959, 29.754559>
	pigment { color rgbt <0,1,1,0> }
	no_shadow
}
cylinder {
	<28.364246, 33.346020, 30.037701>,  <28.411587, 33.992031, 29.905970>, 0.130000
	pigment { color rgbt <1,0,0,0> }
	no_shadow
}

// nucleotide -1

// particle -1
sphere {
	<28.364246, 33.346020, 30.037701> 0.250000
	pigment { color rgbt <1,0,0,0> }
	no_shadow
}
cylinder {
	<28.038841, 33.410805, 29.814285>,  <27.843599, 33.449677, 29.680235>, 0.100000
	pigment { color rgbt <1,0,0,0> }
	no_shadow
}
cylinder {
	<28.038841, 33.410805, 29.814285>,  <28.364246, 33.346020, 30.037701>, 0.100000
	pigment { color rgbt <1,0,0,0> }
	no_shadow
}

// particle -1
sphere {
	<28.038841, 33.410805, 29.814285> 0.100000
	pigment { color rgbt <1,0,0,0> }
	no_shadow
}
sphere {
	0, 1
	scale<0.080000,0.200000,0.300000>
	matrix <0.303733, -0.700700, -0.645574,
		-0.495929, -0.694829, 0.520833,
		-0.813511, 0.161965, -0.558540,
		27.794788, 33.459393, 29.646723>
	pigment { color rgbt <0,1,1,0> }
	no_shadow
}
cylinder {
	<28.104631, 32.702179, 29.767694>,  <28.364246, 33.346020, 30.037701>, 0.130000
	pigment { color rgbt <1,0,0,0> }
	no_shadow
}

// nucleotide -1

// particle -1
sphere {
	<28.104631, 32.702179, 29.767694> 0.250000
	pigment { color rgbt <1,0,0,0> }
	no_shadow
}
cylinder {
	<27.933220, 32.976147, 29.531982>,  <27.830374, 33.140526, 29.390556>, 0.100000
	pigment { color rgbt <1,0,0,0> }
	no_shadow
}
cylinder {
	<27.933220, 32.976147, 29.531982>,  <28.104631, 32.702179, 29.767694>, 0.100000
	pigment { color rgbt <1,0,0,0> }
	no_shadow
}

// particle -1
sphere {
	<27.933220, 32.976147, 29.531982> 0.100000
	pigment { color rgbt <1,0,0,0> }
	no_shadow
}
sphere {
	0, 1
	scale<0.080000,0.200000,0.300000>
	matrix <0.266679, -0.527262, -0.806769,
		-0.863276, -0.502872, 0.043293,
		-0.428528, 0.684919, -0.589279,
		27.804661, 33.181622, 29.355200>
	pigment { color rgbt <0,1,1,0> }
	no_shadow
}
cylinder {
	<27.752075, 32.336693, 29.221977>,  <28.104631, 32.702179, 29.767694>, 0.130000
	pigment { color rgbt <1,0,0,0> }
	no_shadow
}

// nucleotide -1

// particle -1
sphere {
	<27.752075, 32.336693, 29.221977> 0.250000
	pigment { color rgbt <1,0,0,0> }
	no_shadow
}
cylinder {
	<27.861029, 32.709541, 29.126511>,  <27.926401, 32.933250, 29.069231>, 0.100000
	pigment { color rgbt <1,0,0,0> }
	no_shadow
}
cylinder {
	<27.861029, 32.709541, 29.126511>,  <27.752075, 32.336693, 29.221977>, 0.100000
	pigment { color rgbt <1,0,0,0> }
	no_shadow
}

// particle -1
sphere {
	<27.861029, 32.709541, 29.126511> 0.100000
	pigment { color rgbt <1,0,0,0> }
	no_shadow
}
sphere {
	0, 1
	scale<0.080000,0.200000,0.300000>
	matrix <0.390856, -0.333847, -0.857775,
		-0.879225, 0.140362, -0.455259,
		0.272386, 0.932118, -0.238665,
		27.942745, 32.989178, 29.054911>
	pigment { color rgbt <0,1,1,0> }
	no_shadow
}
cylinder {
	<27.495001, 32.407734, 28.486300>,  <27.752075, 32.336693, 29.221977>, 0.130000
	pigment { color rgbt <1,0,0,0> }
	no_shadow
}

// nucleotide -1

// particle -1
sphere {
	<27.495001, 32.407734, 28.486300> 0.250000
	pigment { color rgbt <1,0,0,0> }
	no_shadow
}
cylinder {
	<27.802303, 32.650810, 28.566795>,  <27.986685, 32.796658, 28.615093>, 0.100000
	pigment { color rgbt <1,0,0,0> }
	no_shadow
}
cylinder {
	<27.802303, 32.650810, 28.566795>,  <27.495001, 32.407734, 28.486300>, 0.100000
	pigment { color rgbt <1,0,0,0> }
	no_shadow
}

// particle -1
sphere {
	<27.802303, 32.650810, 28.566795> 0.100000
	pigment { color rgbt <1,0,0,0> }
	no_shadow
}
sphere {
	0, 1
	scale<0.080000,0.200000,0.300000>
	matrix <0.408523, -0.223398, -0.884987,
		-0.492841, 0.762107, -0.419882,
		0.768256, 0.607689, 0.201238,
		28.032780, 32.833118, 28.627167>
	pigment { color rgbt <0,1,1,0> }
	no_shadow
}
cylinder {
	<27.837204, 32.716095, 27.887054>,  <27.495001, 32.407734, 28.486300>, 0.130000
	pigment { color rgbt <1,0,0,0> }
	no_shadow
}

// nucleotide -1

// particle -1
sphere {
	<27.837204, 32.716095, 27.887054> 0.250000
	pigment { color rgbt <1,0,0,0> }
	no_shadow
}
cylinder {
	<28.141125, 32.798500, 28.133715>,  <28.323477, 32.847942, 28.281712>, 0.100000
	pigment { color rgbt <1,0,0,0> }
	no_shadow
}
cylinder {
	<28.141125, 32.798500, 28.133715>,  <27.837204, 32.716095, 27.887054>, 0.100000
	pigment { color rgbt <1,0,0,0> }
	no_shadow
}

// particle -1
sphere {
	<28.141125, 32.798500, 28.133715> 0.100000
	pigment { color rgbt <1,0,0,0> }
	no_shadow
}
sphere {
	0, 1
	scale<0.080000,0.200000,0.300000>
	matrix <0.650124, -0.249877, -0.717565,
		0.006261, 0.946108, -0.323790,
		0.759802, 0.206011, 0.616652,
		28.369066, 32.860302, 28.318710>
	pigment { color rgbt <0,1,1,0> }
	no_shadow
}
cylinder {
	<28.226377, 33.332100, 27.679153>,  <27.837204, 32.716095, 27.887054>, 0.130000
	pigment { color rgbt <1,0,0,0> }
	no_shadow
}

// nucleotide -1

// particle -1
sphere {
	<28.226377, 33.332100, 27.679153> 0.250000
	pigment { color rgbt <1,0,0,0> }
	no_shadow
}
cylinder {
	<28.443186, 33.059395, 27.875689>,  <28.573271, 32.895771, 27.993608>, 0.100000
	pigment { color rgbt <1,0,0,0> }
	no_shadow
}
cylinder {
	<28.443186, 33.059395, 27.875689>,  <28.226377, 33.332100, 27.679153>, 0.100000
	pigment { color rgbt <1,0,0,0> }
	no_shadow
}

// particle -1
sphere {
	<28.443186, 33.059395, 27.875689> 0.100000
	pigment { color rgbt <1,0,0,0> }
	no_shadow
}
sphere {
	0, 1
	scale<0.080000,0.200000,0.300000>
	matrix <0.542428, -0.162736, -0.824189,
		0.641862, 0.713241, 0.281602,
		0.542019, -0.681765, 0.491337,
		28.605791, 32.854866, 28.023090>
	pigment { color rgbt <0,1,1,0> }
	no_shadow
}
cylinder {
	<28.774391, 33.038715, 27.190760>,  <28.226377, 33.332100, 27.679153>, 0.130000
	pigment { color rgbt <1,0,0,0> }
	no_shadow
}

// nucleotide -1

// particle -1
sphere {
	<28.774391, 33.038715, 27.190760> 0.250000
	pigment { color rgbt <1,0,0,0> }
	no_shadow
}
cylinder {
	<28.891457, 32.863895, 27.530956>,  <28.961697, 32.759003, 27.735073>, 0.100000
	pigment { color rgbt <1,0,0,0> }
	no_shadow
}
cylinder {
	<28.891457, 32.863895, 27.530956>,  <28.774391, 33.038715, 27.190760>, 0.100000
	pigment { color rgbt <1,0,0,0> }
	no_shadow
}

// particle -1
sphere {
	<28.891457, 32.863895, 27.530956> 0.100000
	pigment { color rgbt <1,0,0,0> }
	no_shadow
}
sphere {
	0, 1
	scale<0.080000,0.200000,0.300000>
	matrix <0.707416, -0.499466, -0.500097,
		0.643359, 0.748010, 0.163002,
		0.292663, -0.437052, 0.850490,
		28.979256, 32.732780, 27.786104>
	pigment { color rgbt <0,1,1,0> }
	no_shadow
}
cylinder {
	<29.519613, 33.008556, 27.133514>,  <28.774391, 33.038715, 27.190760>, 0.130000
	pigment { color rgbt <1,0,0,0> }
	no_shadow
}

// nucleotide -1

// particle -1
sphere {
	<29.519613, 33.008556, 27.133514> 0.250000
	pigment { color rgbt <1,0,0,0> }
	no_shadow
}
cylinder {
	<29.424652, 32.750080, 27.423641>,  <29.367676, 32.594994, 27.597717>, 0.100000
	pigment { color rgbt <1,0,0,0> }
	no_shadow
}
cylinder {
	<29.424652, 32.750080, 27.423641>,  <29.519613, 33.008556, 27.133514>, 0.100000
	pigment { color rgbt <1,0,0,0> }
	no_shadow
}

// particle -1
sphere {
	<29.424652, 32.750080, 27.423641> 0.100000
	pigment { color rgbt <1,0,0,0> }
	no_shadow
}
sphere {
	0, 1
	scale<0.080000,0.200000,0.300000>
	matrix <0.763601, -0.585673, -0.271847,
		0.600461, 0.489315, 0.632469,
		-0.237401, -0.646187, 0.725316,
		29.353432, 32.556225, 27.641235>
	pigment { color rgbt <0,1,1,0> }
	no_shadow
}
cylinder {
	<30.175743, 32.913528, 27.436932>,  <29.519613, 33.008556, 27.133514>, 0.130000
	pigment { color rgbt <1,0,0,0> }
	no_shadow
}

// nucleotide -1

// particle -1
sphere {
	<30.175743, 32.913528, 27.436932> 0.250000
	pigment { color rgbt <1,0,0,0> }
	no_shadow
}
cylinder {
	<29.922544, 32.610775, 27.501976>,  <29.770626, 32.429123, 27.541002>, 0.100000
	pigment { color rgbt <1,0,0,0> }
	no_shadow
}
cylinder {
	<29.922544, 32.610775, 27.501976>,  <30.175743, 32.913528, 27.436932>, 0.100000
	pigment { color rgbt <1,0,0,0> }
	no_shadow
}

// particle -1
sphere {
	<29.922544, 32.610775, 27.501976> 0.100000
	pigment { color rgbt <1,0,0,0> }
	no_shadow
}
sphere {
	0, 1
	scale<0.080000,0.200000,0.300000>
	matrix <0.752273, -0.650969, -0.101610,
		0.182762, 0.058011, 0.981444,
		-0.632995, -0.756884, 0.162613,
		29.732645, 32.383709, 27.550760>
	pigment { color rgbt <0,1,1,0> }
	no_shadow
}
cylinder {
	<30.587610, 32.360233, 27.708961>,  <30.175743, 32.913528, 27.436932>, 0.130000
	pigment { color rgbt <1,0,0,0> }
	no_shadow
}

// nucleotide -1

// particle -1
sphere {
	<30.587610, 32.360233, 27.708961> 0.250000
	pigment { color rgbt <1,0,0,0> }
	no_shadow
}
cylinder {
	<30.241301, 32.170967, 27.643789>,  <30.033514, 32.057407, 27.604687>, 0.100000
	pigment { color rgbt <1,0,0,0> }
	no_shadow
}
cylinder {
	<30.241301, 32.170967, 27.643789>,  <30.587610, 32.360233, 27.708961>, 0.100000
	pigment { color rgbt <1,0,0,0> }
	no_shadow
}

// particle -1
sphere {
	<30.241301, 32.170967, 27.643789> 0.100000
	pigment { color rgbt <1,0,0,0> }
	no_shadow
}
sphere {
	0, 1
	scale<0.080000,0.200000,0.300000>
	matrix <0.491708, -0.864861, -0.101186,
		-0.093033, -0.167718, 0.981436,
		-0.865776, -0.473167, -0.162929,
		29.981567, 32.029018, 27.594912>
	pigment { color rgbt <0,1,1,0> }
	no_shadow
}
cylinder {
	<31.105722, 32.718380, 28.153044>,  <30.587610, 32.360233, 27.708961>, 0.130000
	pigment { color rgbt <1,0,0,0> }
	no_shadow
}

// nucleotide -1

// particle -1
sphere {
	<31.105722, 32.718380, 28.153044> 0.250000
	pigment { color rgbt <1,0,0,0> }
	no_shadow
}
cylinder {
	<31.433455, 32.927757, 28.059490>,  <31.630095, 33.053383, 28.003359>, 0.100000
	pigment { color rgbt <1,0,0,0> }
	no_shadow
}
cylinder {
	<31.433455, 32.927757, 28.059490>,  <31.105722, 32.718380, 28.153044>, 0.100000
	pigment { color rgbt <1,0,0,0> }
	no_shadow
}

// particle -1
sphere {
	<31.433455, 32.927757, 28.059490> 0.100000
	pigment { color rgbt <1,0,0,0> }
	no_shadow
}
sphere {
	0, 1
	scale<0.080000,0.200000,0.300000>
	matrix <0.117680, 0.245713, 0.962173,
		0.561114, -0.815861, 0.139721,
		0.819331, 0.523446, -0.233883,
		31.679255, 33.084789, 27.989325>
	pigment { color rgbt <0,1,1,0> }
	no_shadow
}
cylinder {
	<31.455307, 32.649567, 28.700623>,  <31.105722, 32.718380, 28.153044>, 0.130000
	pigment { color rgbt <1,0,0,0> }
	no_shadow
}

// nucleotide -1

// particle -1
sphere {
	<31.455307, 32.649567, 28.700623> 0.250000
	pigment { color rgbt <1,0,0,0> }
	no_shadow
}
cylinder {
	<31.693783, 32.914288, 28.518820>,  <31.836868, 33.073120, 28.409739>, 0.100000
	pigment { color rgbt <1,0,0,0> }
	no_shadow
}
cylinder {
	<31.693783, 32.914288, 28.518820>,  <31.455307, 32.649567, 28.700623>, 0.100000
	pigment { color rgbt <1,0,0,0> }
	no_shadow
}

// particle -1
sphere {
	<31.693783, 32.914288, 28.518820> 0.100000
	pigment { color rgbt <1,0,0,0> }
	no_shadow
}
sphere {
	0, 1
	scale<0.080000,0.200000,0.300000>
	matrix <0.005803, 0.562552, 0.826742,
		0.802823, -0.495533, 0.331547,
		0.596190, 0.661802, -0.454505,
		31.872641, 33.112827, 28.382469>
	pigment { color rgbt <0,1,1,0> }
	no_shadow
}
cylinder {
	<32.144005, 32.733513, 29.056692>,  <31.455307, 32.649567, 28.700623>, 0.130000
	pigment { color rgbt <1,0,0,0> }
	no_shadow
}

// nucleotide -1

// particle -1
sphere {
	<32.144005, 32.733513, 29.056692> 0.250000
	pigment { color rgbt <1,0,0,0> }
	no_shadow
}
cylinder {
	<31.990768, 33.056602, 28.877443>,  <31.898827, 33.250458, 28.769894>, 0.100000
	pigment { color rgbt <1,0,0,0> }
	no_shadow
}
cylinder {
	<31.990768, 33.056602, 28.877443>,  <32.144005, 32.733513, 29.056692>, 0.100000
	pigment { color rgbt <1,0,0,0> }
	no_shadow
}

// particle -1
sphere {
	<31.990768, 33.056602, 28.877443> 0.100000
	pigment { color rgbt <1,0,0,0> }
	no_shadow
}
sphere {
	0, 1
	scale<0.080000,0.200000,0.300000>
	matrix <0.015114, 0.490551, 0.871282,
		0.923586, 0.327010, -0.200135,
		-0.383094, 0.807728, -0.448123,
		31.875841, 33.298920, 28.743006>
	pigment { color rgbt <0,1,1,0> }
	no_shadow
}
cylinder {
	<32.434155, 33.293308, 29.304878>,  <32.144005, 32.733513, 29.056692>, 0.130000
	pigment { color rgbt <1,0,0,0> }
	no_shadow
}

// nucleotide -1

// particle -1
sphere {
	<32.434155, 33.293308, 29.304878> 0.250000
	pigment { color rgbt <1,0,0,0> }
	no_shadow
}
cylinder {
	<32.109810, 33.477867, 29.160868>,  <31.915203, 33.588600, 29.074461>, 0.100000
	pigment { color rgbt <1,0,0,0> }
	no_shadow
}
cylinder {
	<32.109810, 33.477867, 29.160868>,  <32.434155, 33.293308, 29.304878>, 0.100000
	pigment { color rgbt <1,0,0,0> }
	no_shadow
}

// particle -1
sphere {
	<32.109810, 33.477867, 29.160868> 0.100000
	pigment { color rgbt <1,0,0,0> }
	no_shadow
}
sphere {
	0, 1
	scale<0.080000,0.200000,0.300000>
	matrix <-0.027383, 0.584598, 0.810861,
		0.584598, 0.667354, -0.461394,
		-0.810861, 0.461394, -0.360029,
		31.866552, 33.616283, 29.052858>
	pigment { color rgbt <0,1,1,0> }
	no_shadow
}
cylinder {
	<32.496548, 33.962700, 29.352579>,  <32.434155, 33.293308, 29.304878>, 0.130000
	pigment { color rgbt <1,0,0,0> }
	no_shadow
}

// nucleotide -1

// particle -1
sphere {
	<32.496548, 33.962700, 29.352579> 0.250000
	pigment { color rgbt <1,0,0,0> }
	no_shadow
}
cylinder {
	<32.097980, 33.941116, 29.326513>,  <31.858841, 33.928165, 29.310875>, 0.100000
	pigment { color rgbt <1,0,0,0> }
	no_shadow
}
cylinder {
	<32.097980, 33.941116, 29.326513>,  <32.496548, 33.962700, 29.352579>, 0.100000
	pigment { color rgbt <1,0,0,0> }
	no_shadow
}

// particle -1
sphere {
	<32.097980, 33.941116, 29.326513> 0.100000
	pigment { color rgbt <1,0,0,0> }
	no_shadow
}
sphere {
	0, 1
	scale<0.080000,0.200000,0.300000>
	matrix <-0.083312, 0.759714, 0.644898,
		0.014710, 0.648015, -0.761485,
		-0.996415, -0.053955, -0.065163,
		31.799055, 33.924931, 29.306965>
	pigment { color rgbt <0,1,1,0> }
	no_shadow
}
cylinder {
	<32.285812, 34.648540, 29.151360>,  <32.496548, 33.962700, 29.352579>, 0.130000
	pigment { color rgbt <1,0,0,0> }
	no_shadow
}

// nucleotide -1

// particle -1
sphere {
	<32.285812, 34.648540, 29.151360> 0.250000
	pigment { color rgbt <1,0,0,0> }
	no_shadow
}
cylinder {
	<31.982805, 34.456551, 29.328354>,  <31.801001, 34.341358, 29.434551>, 0.100000
	pigment { color rgbt <1,0,0,0> }
	no_shadow
}
cylinder {
	<31.982805, 34.456551, 29.328354>,  <32.285812, 34.648540, 29.151360>, 0.100000
	pigment { color rgbt <1,0,0,0> }
	no_shadow
}

// particle -1
sphere {
	<31.982805, 34.456551, 29.328354> 0.100000
	pigment { color rgbt <1,0,0,0> }
	no_shadow
}
sphere {
	0, 1
	scale<0.080000,0.200000,0.300000>
	matrix <-0.128854, 0.774410, 0.619424,
		-0.639973, 0.412208, -0.648475,
		-0.757516, -0.479973, 0.442487,
		31.755550, 34.312557, 29.461100>
	pigment { color rgbt <0,1,1,0> }
	no_shadow
}
cylinder {
	<31.711634, 35.152336, 29.243883>,  <32.285812, 34.648540, 29.151360>, 0.130000
	pigment { color rgbt <1,0,0,0> }
	no_shadow
}

// nucleotide -1

// particle -1
sphere {
	<31.711634, 35.152336, 29.243883> 0.250000
	pigment { color rgbt <1,0,0,0> }
	no_shadow
}
cylinder {
	<31.672041, 34.840710, 29.491514>,  <31.648285, 34.653732, 29.640093>, 0.100000
	pigment { color rgbt <1,0,0,0> }
	no_shadow
}
cylinder {
	<31.672041, 34.840710, 29.491514>,  <31.711634, 35.152336, 29.243883>, 0.100000
	pigment { color rgbt <1,0,0,0> }
	no_shadow
}

// particle -1
sphere {
	<31.672041, 34.840710, 29.491514> 0.100000
	pigment { color rgbt <1,0,0,0> }
	no_shadow
}
sphere {
	0, 1
	scale<0.080000,0.200000,0.300000>
	matrix <-0.056174, 0.625515, 0.778187,
		-0.993502, 0.042249, -0.105678,
		-0.098981, -0.779067, 0.619077,
		31.642347, 34.606991, 29.677237>
	pigment { color rgbt <0,1,1,0> }
	no_shadow
}
cylinder {
	<31.057600, 35.300236, 29.583191>,  <31.711634, 35.152336, 29.243883>, 0.130000
	pigment { color rgbt <1,0,0,0> }
	no_shadow
}

// nucleotide -1

// particle -1
sphere {
	<31.057600, 35.300236, 29.583191> 0.250000
	pigment { color rgbt <1,0,0,0> }
	no_shadow
}
cylinder {
	<31.275997, 35.043423, 29.798483>,  <31.407036, 34.889336, 29.927658>, 0.100000
	pigment { color rgbt <1,0,0,0> }
	no_shadow
}
cylinder {
	<31.275997, 35.043423, 29.798483>,  <31.057600, 35.300236, 29.583191>, 0.100000
	pigment { color rgbt <1,0,0,0> }
	no_shadow
}

// particle -1
sphere {
	<31.275997, 35.043423, 29.798483> 0.100000
	pigment { color rgbt <1,0,0,0> }
	no_shadow
}
sphere {
	0, 1
	scale<0.080000,0.200000,0.300000>
	matrix <-0.230541, 0.502501, 0.833273,
		-0.805447, -0.579044, 0.126347,
		0.545991, -0.642029, 0.538231,
		31.439795, 34.850815, 29.959951>
	pigment { color rgbt <0,1,1,0> }
	no_shadow
}
cylinder {
	<30.721088, 35.249668, 30.248863>,  <31.057600, 35.300236, 29.583191>, 0.130000
	pigment { color rgbt <1,0,0,0> }
	no_shadow
}

// nucleotide -1

// particle -1
sphere {
	<30.721088, 35.249668, 30.248863> 0.250000
	pigment { color rgbt <1,0,0,0> }
	no_shadow
}
cylinder {
	<31.100212, 35.132229, 30.298599>,  <31.327686, 35.061768, 30.328440>, 0.100000
	pigment { color rgbt <1,0,0,0> }
	no_shadow
}
cylinder {
	<31.100212, 35.132229, 30.298599>,  <30.721088, 35.249668, 30.248863>, 0.100000
	pigment { color rgbt <1,0,0,0> }
	no_shadow
}

// particle -1
sphere {
	<31.100212, 35.132229, 30.298599> 0.100000
	pigment { color rgbt <1,0,0,0> }
	no_shadow
}
sphere {
	0, 1
	scale<0.080000,0.200000,0.300000>
	matrix <0.025428, 0.458336, 0.888415,
		-0.317824, -0.838886, 0.441880,
		0.947809, -0.293596, 0.124339,
		31.384554, 35.044151, 30.335901>
	pigment { color rgbt <0,1,1,0> }
	no_shadow
}
cylinder {
	<30.788418, 35.347240, 30.888727>,  <30.721088, 35.249668, 30.248863>, 0.130000
	pigment { color rgbt <1,0,0,0> }
	no_shadow
}

// nucleotide -1

// particle -1
sphere {
	<30.788418, 35.347240, 30.888727> 0.250000
	pigment { color rgbt <1,0,0,0> }
	no_shadow
}
cylinder {
	<31.173903, 35.289021, 30.799219>,  <31.405193, 35.254089, 30.745514>, 0.100000
	pigment { color rgbt <1,0,0,0> }
	no_shadow
}
cylinder {
	<31.173903, 35.289021, 30.799219>,  <30.788418, 35.347240, 30.888727>, 0.100000
	pigment { color rgbt <1,0,0,0> }
	no_shadow
}

// particle -1
sphere {
	<31.173903, 35.289021, 30.799219> 0.100000
	pigment { color rgbt <1,0,0,0> }
	no_shadow
}
sphere {
	0, 1
	scale<0.080000,0.200000,0.300000>
