// switches for output
#declare DRAW_BASES = 1; // possible values are 0, 1; only relevant for DNA ribbons
#declare DRAW_BASES_TYPE = 3; // possible values are 1, 2, 3; only relevant for DNA ribbons
#declare DRAW_FOG = 0; // set to 1 to enable fog

#include "colors.inc"

#include "transforms.inc"
background { rgb <1, 1, 1>}

#default {
   normal{
       ripples 0.25
       frequency 0.20
       turbulence 0.2
       lambda 5
   }
	finish {
		phong 0.1
		phong_size 40.
	}
}

// original window dimensions: 1024x640


// camera settings

camera {
	sky <0, 0.179814, -0.983701>
	up <0, 0.179814, -0.983701>
	right 1.6 * <1, 0, 0>
	location <35, 94.9851, 44.8844>
	look_at <35, 29.7336, 32.9568>
	direction <0, -65.2515, -11.9276>
	angle 67.0682
}


# declare cpy_camera_pos = <35, 94.9851, 44.8844>;
# if (DRAW_FOG = 1)
fog {
	fog_type 2
	up vnormalize(cpy_camera_pos)
	color rgbt<1,1,1,0.3>
	distance 1e-5
	fog_alt 3e-3
	fog_offset 56
}
# end


// LIGHTS

# declare lum = 6;
global_settings {
	ambient_light rgb lum * <0.05, 0.05, 0.05>
	max_trace_level 15
}# declare cpy_direct_light_amount = 0.25;
light_source
{	1000 * <-1, -1.16352, -0.803886>,
	rgb lum * cpy_direct_light_amount
	parallel
}

light_source
{	1000 * <1, 1.16352, 0.803886>,
	rgb lum * cpy_direct_light_amount
	parallel
}

// strand 0

// nucleotide -1

// particle -1
sphere {
	<24.037708, 35.326927, 34.871223> 0.250000
	pigment { color rgbt <1,0,0,0> }
	no_shadow
}
cylinder {
	<24.190254, 34.983028, 35.007103>,  <24.281782, 34.776688, 35.088631>, 0.100000
	pigment { color rgbt <1,0,0,0> }
	no_shadow
}
cylinder {
	<24.190254, 34.983028, 35.007103>,  <24.037708, 35.326927, 34.871223>, 0.100000
	pigment { color rgbt <1,0,0,0> }
	no_shadow
}

// particle -1
sphere {
	<24.190254, 34.983028, 35.007103> 0.100000
	pigment { color rgbt <1,0,0,0> }
	no_shadow
}
sphere {
	0, 1
	scale<0.080000,0.200000,0.300000>
	matrix <0.893995, 0.249497, -0.372189,
		0.235233, 0.445631, 0.863758,
		0.381364, -0.859746, 0.339702,
		24.304663, 34.725105, 35.109013>
	pigment { color rgbt <0,1,1,0> }
	no_shadow
}
cylinder {
	<24.596823, 35.454193, 35.332207>,  <24.037708, 35.326927, 34.871223>, 0.130000
	pigment { color rgbt <1,0,0,0> }
	no_shadow
}

// nucleotide -1

// particle -1
sphere {
	<24.596823, 35.454193, 35.332207> 0.250000
	pigment { color rgbt <1,0,0,0> }
	no_shadow
}
cylinder {
	<24.647736, 35.086975, 35.182014>,  <24.678284, 34.866642, 35.091900>, 0.100000
	pigment { color rgbt <1,0,0,0> }
	no_shadow
}
cylinder {
	<24.647736, 35.086975, 35.182014>,  <24.596823, 35.454193, 35.332207>, 0.100000
	pigment { color rgbt <1,0,0,0> }
	no_shadow
}

// particle -1
sphere {
	<24.647736, 35.086975, 35.182014> 0.100000
	pigment { color rgbt <1,0,0,0> }
	no_shadow
}
sphere {
	0, 1
	scale<0.080000,0.200000,0.300000>
	matrix <0.890801, 0.272288, -0.363775,
		0.436203, -0.288181, 0.852454,
		0.127280, -0.918047, -0.375485,
		24.685919, 34.811562, 35.069370>
	pigment { color rgbt <0,1,1,0> }
	no_shadow
}
cylinder {
	<25.200161, 35.049473, 35.621670>,  <24.596823, 35.454193, 35.332207>, 0.130000
	pigment { color rgbt <1,0,0,0> }
	no_shadow
}

// nucleotide -1

// particle -1
sphere {
	<25.200161, 35.049473, 35.621670> 0.250000
	pigment { color rgbt <1,0,0,0> }
	no_shadow
}
cylinder {
	<25.139729, 34.943920, 35.240612>,  <25.103470, 34.880589, 35.011978>, 0.100000
	pigment { color rgbt <1,0,0,0> }
	no_shadow
}
cylinder {
	<25.139729, 34.943920, 35.240612>,  <25.200161, 35.049473, 35.621670>, 0.100000
	pigment { color rgbt <1,0,0,0> }
	no_shadow
}

// particle -1
sphere {
	<25.139729, 34.943920, 35.240612> 0.100000
	pigment { color rgbt <1,0,0,0> }
	no_shadow
}
sphere {
	0, 1
	scale<0.080000,0.200000,0.300000>
	matrix <0.845552, 0.464721, -0.262823,
		0.512071, -0.845221, 0.152920,
		-0.151079, -0.263885, -0.952649,
		25.094404, 34.864754, 34.954819>
	pigment { color rgbt <0,1,1,0> }
	no_shadow
}
cylinder {
	<25.727665, 34.858219, 35.066017>,  <25.200161, 35.049473, 35.621670>, 0.130000
	pigment { color rgbt <1,0,0,0> }
	no_shadow
}

// nucleotide -1

// particle -1
sphere {
	<25.727665, 34.858219, 35.066017> 0.250000
	pigment { color rgbt <1,0,0,0> }
	no_shadow
}
cylinder {
	<25.485729, 34.985603, 34.774055>,  <25.340569, 35.062035, 34.598881>, 0.100000
	pigment { color rgbt <1,0,0,0> }
	no_shadow
}
cylinder {
	<25.485729, 34.985603, 34.774055>,  <25.727665, 34.858219, 35.066017>, 0.100000
	pigment { color rgbt <1,0,0,0> }
	no_shadow
}

// particle -1
sphere {
	<25.485729, 34.985603, 34.774055> 0.100000
	pigment { color rgbt <1,0,0,0> }
	no_shadow
}
sphere {
	0, 1
	scale<0.080000,0.200000,0.300000>
	matrix <0.769967, -0.000097, -0.638083,
		-0.203272, -0.947938, -0.245142,
		-0.604839, 0.318456, -0.729901,
		25.304277, 35.081139, 34.555084>
	pigment { color rgbt <0,1,1,0> }
	no_shadow
}
cylinder {
	<25.716194, 34.389240, 34.538399>,  <25.727665, 34.858219, 35.066017>, 0.130000
	pigment { color rgbt <1,0,0,0> }
	no_shadow
}

// nucleotide -1

// particle -1
sphere {
	<25.716194, 34.389240, 34.538399> 0.250000
	pigment { color rgbt <1,0,0,0> }
	no_shadow
}
cylinder {
	<25.618919, 34.752743, 34.402740>,  <25.560555, 34.970844, 34.321346>, 0.100000
	pigment { color rgbt <1,0,0,0> }
	no_shadow
}
cylinder {
	<25.618919, 34.752743, 34.402740>,  <25.716194, 34.389240, 34.538399>, 0.100000
	pigment { color rgbt <1,0,0,0> }
	no_shadow
}

// particle -1
sphere {
	<25.618919, 34.752743, 34.402740> 0.100000
	pigment { color rgbt <1,0,0,0> }
	no_shadow
}
sphere {
	0, 1
	scale<0.080000,0.200000,0.300000>
	matrix <0.688512, -0.084560, -0.720278,
		-0.683237, -0.408668, -0.605126,
		-0.243185, 0.908757, -0.339148,
		25.545963, 35.025372, 34.300995>
	pigment { color rgbt <0,1,1,0> }
	no_shadow
}
cylinder {
	<25.462296, 34.508949, 33.822796>,  <25.716194, 34.389240, 34.538399>, 0.130000
	pigment { color rgbt <1,0,0,0> }
	no_shadow
}

// nucleotide -1

// particle -1
sphere {
	<25.462296, 34.508949, 33.822796> 0.250000
	pigment { color rgbt <1,0,0,0> }
	no_shadow
}
cylinder {
	<25.652344, 34.844334, 33.929558>,  <25.766373, 35.045567, 33.993614>, 0.100000
	pigment { color rgbt <1,0,0,0> }
	no_shadow
}
cylinder {
	<25.652344, 34.844334, 33.929558>,  <25.462296, 34.508949, 33.822796>, 0.100000
	pigment { color rgbt <1,0,0,0> }
	no_shadow
}

// particle -1
sphere {
	<25.652344, 34.844334, 33.929558> 0.100000
	pigment { color rgbt <1,0,0,0> }
	no_shadow
}
sphere {
	0, 1
	scale<0.080000,0.200000,0.300000>
	matrix <0.676634, -0.154226, -0.719986,
		-0.562519, 0.522678, -0.640610,
		0.475119, 0.838464, 0.266907,
		25.794880, 35.095875, 34.009628>
	pigment { color rgbt <0,1,1,0> }
	no_shadow
}
cylinder {
	<25.547525, 35.169682, 33.330997>,  <25.462296, 34.508949, 33.822796>, 0.130000
	pigment { color rgbt <1,0,0,0> }
	no_shadow
}

// nucleotide -1

// particle -1
sphere {
	<25.547525, 35.169682, 33.330997> 0.250000
	pigment { color rgbt <1,0,0,0> }
	no_shadow
}
cylinder {
	<25.846439, 35.088387, 33.584064>,  <26.025787, 35.039612, 33.735905>, 0.100000
	pigment { color rgbt <1,0,0,0> }
	no_shadow
}
cylinder {
	<25.846439, 35.088387, 33.584064>,  <25.547525, 35.169682, 33.330997>, 0.100000
	pigment { color rgbt <1,0,0,0> }
	no_shadow
}

// particle -1
sphere {
	<25.846439, 35.088387, 33.584064> 0.100000
	pigment { color rgbt <1,0,0,0> }
	no_shadow
}
sphere {
	0, 1
	scale<0.080000,0.200000,0.300000>
	matrix <0.484818, -0.484363, -0.728247,
		0.454443, 0.850934, -0.263425,
		0.747284, -0.203233, 0.632663,
		26.070625, 35.027416, 33.773865>
	pigment { color rgbt <0,1,1,0> }
	no_shadow
}
cylinder {
	<26.076527, 35.314758, 32.971836>,  <25.547525, 35.169682, 33.330997>, 0.130000
	pigment { color rgbt <1,0,0,0> }
	no_shadow
}

// nucleotide -1

// particle -1
sphere {
	<26.076527, 35.314758, 32.971836> 0.250000
	pigment { color rgbt <1,0,0,0> }
	no_shadow
}
cylinder {
	<26.199688, 35.056000, 33.250900>,  <26.273584, 34.900745, 33.418339>, 0.100000
	pigment { color rgbt <1,0,0,0> }
	no_shadow
}
cylinder {
	<26.199688, 35.056000, 33.250900>,  <26.076527, 35.314758, 32.971836>, 0.100000
	pigment { color rgbt <1,0,0,0> }
	no_shadow
}

// particle -1
sphere {
	<26.199688, 35.056000, 33.250900> 0.100000
	pigment { color rgbt <1,0,0,0> }
	no_shadow
}
sphere {
	0, 1
	scale<0.080000,0.200000,0.300000>
	matrix <0.537693, -0.486636, -0.688529,
		0.784909, 0.587125, 0.197993,
		0.307902, -0.646892, 0.697658,
		26.292059, 34.861931, 33.460197>
	pigment { color rgbt <0,1,1,0> }
	no_shadow
}
cylinder {
	<26.803568, 35.339451, 33.004547>,  <26.076527, 35.314758, 32.971836>, 0.130000
	pigment { color rgbt <1,0,0,0> }
	no_shadow
}

// nucleotide -1

// particle -1
sphere {
	<26.803568, 35.339451, 33.004547> 0.250000
	pigment { color rgbt <1,0,0,0> }
	no_shadow
}
cylinder {
	<26.664333, 34.993217, 33.148548>,  <26.580793, 34.785477, 33.234947>, 0.100000
	pigment { color rgbt <1,0,0,0> }
	no_shadow
}
cylinder {
	<26.664333, 34.993217, 33.148548>,  <26.803568, 35.339451, 33.004547>, 0.100000
	pigment { color rgbt <1,0,0,0> }
	no_shadow
}

// particle -1
sphere {
	<26.664333, 34.993217, 33.148548> 0.100000
	pigment { color rgbt <1,0,0,0> }
	no_shadow
}
sphere {
	0, 1
	scale<0.080000,0.200000,0.300000>
	matrix <0.412429, -0.486251, -0.770365,
		0.841866, -0.119679, 0.526249,
		-0.348086, -0.865585, 0.359999,
		26.559908, 34.733543, 33.256546>
	pigment { color rgbt <0,1,1,0> }
	no_shadow
}
cylinder {
	<27.373405, 34.906128, 32.899956>,  <26.803568, 35.339451, 33.004547>, 0.130000
	pigment { color rgbt <1,0,0,0> }
	no_shadow
}

// nucleotide -1

// particle -1
sphere {
	<27.373405, 34.906128, 32.899956> 0.250000
	pigment { color rgbt <1,0,0,0> }
	no_shadow
}
cylinder {
	<27.049513, 34.674389, 32.937252>,  <26.855177, 34.535347, 32.959629>, 0.100000
	pigment { color rgbt <1,0,0,0> }
	no_shadow
}
cylinder {
	<27.049513, 34.674389, 32.937252>,  <27.373405, 34.906128, 32.899956>, 0.100000
	pigment { color rgbt <1,0,0,0> }
	no_shadow
}

// particle -1
sphere {
	<27.049513, 34.674389, 32.937252> 0.100000
	pigment { color rgbt <1,0,0,0> }
	no_shadow
}
sphere {
	0, 1
	scale<0.080000,0.200000,0.300000>
	matrix <0.251222, -0.485853, -0.837159,
		0.530307, -0.654448, 0.538955,
		-0.809729, -0.579349, 0.093240,
		26.806595, 34.500584, 32.965225>
	pigment { color rgbt <0,1,1,0> }
	no_shadow
}
cylinder {
	<27.699963, 34.201336, 32.837879>,  <27.373405, 34.906128, 32.899956>, 0.130000
	pigment { color rgbt <1,0,0,0> }
	no_shadow
}

// nucleotide -1

// particle -1
sphere {
	<27.699963, 34.201336, 32.837879> 0.250000
	pigment { color rgbt <1,0,0,0> }
	no_shadow
}
cylinder {
	<27.304609, 34.167057, 32.787674>,  <27.067398, 34.146488, 32.757549>, 0.100000
	pigment { color rgbt <1,0,0,0> }
	no_shadow
}
cylinder {
	<27.304609, 34.167057, 32.787674>,  <27.699963, 34.201336, 32.837879>, 0.100000
	pigment { color rgbt <1,0,0,0> }
	no_shadow
}

// particle -1
sphere {
	<27.304609, 34.167057, 32.787674> 0.100000
	pigment { color rgbt <1,0,0,0> }
	no_shadow
}
sphere {
	0, 1
	scale<0.080000,0.200000,0.300000>
	matrix <0.151040, -0.461940, -0.873956,
		0.016917, -0.882761, 0.469517,
		-0.988383, -0.085700, -0.125517,
		27.008095, 34.141346, 32.750019>
	pigment { color rgbt <0,1,1,0> }
	no_shadow
}
cylinder {
	<27.662235, 33.626217, 32.512127>,  <27.699963, 34.201336, 32.837879>, 0.130000
	pigment { color rgbt <1,0,0,0> }
	no_shadow
}

// nucleotide -1

// particle -1
sphere {
	<27.662235, 33.626217, 32.512127> 0.250000
	pigment { color rgbt <1,0,0,0> }
	no_shadow
}
cylinder {
	<27.307644, 33.784515, 32.416183>,  <27.094889, 33.879494, 32.358616>, 0.100000
	pigment { color rgbt <1,0,0,0> }
	no_shadow
}
cylinder {
	<27.307644, 33.784515, 32.416183>,  <27.662235, 33.626217, 32.512127>, 0.100000
	pigment { color rgbt <1,0,0,0> }
	no_shadow
}

// particle -1
sphere {
	<27.307644, 33.784515, 32.416183> 0.100000
	pigment { color rgbt <1,0,0,0> }
	no_shadow
}
sphere {
	0, 1
	scale<0.080000,0.200000,0.300000>
	matrix <0.148593, -0.247451, -0.957438,
		-0.438261, -0.884392, 0.160555,
		-0.886480, 0.395750, -0.239863,
		27.041700, 33.903240, 32.344223>
	pigment { color rgbt <0,1,1,0> }
	no_shadow
}
cylinder {
	<27.453001, 33.182991, 31.978563>,  <27.662235, 33.626217, 32.512127>, 0.130000
	pigment { color rgbt <1,0,0,0> }
	no_shadow
}

// nucleotide -1

// particle -1
sphere {
	<27.453001, 33.182991, 31.978563> 0.250000
	pigment { color rgbt <1,0,0,0> }
	no_shadow
}
cylinder {
	<27.192671, 33.485199, 31.948597>,  <27.036472, 33.666523, 31.930616>, 0.100000
	pigment { color rgbt <1,0,0,0> }
	no_shadow
}
cylinder {
	<27.192671, 33.485199, 31.948597>,  <27.453001, 33.182991, 31.978563>, 0.100000
	pigment { color rgbt <1,0,0,0> }
	no_shadow
}

// particle -1
sphere {
	<27.192671, 33.485199, 31.948597> 0.100000
	pigment { color rgbt <1,0,0,0> }
	no_shadow
}
sphere {
	0, 1
	scale<0.080000,0.200000,0.300000>
	matrix <0.024744, -0.077514, -0.996684,
		-0.758826, -0.650519, 0.031753,
		-0.650823, 0.755524, -0.074916,
		26.997423, 33.711857, 31.926123>
	pigment { color rgbt <0,1,1,0> }
	no_shadow
}
cylinder {
	<26.908539, 32.962414, 31.574879>,  <27.453001, 33.182991, 31.978563>, 0.130000
	pigment { color rgbt <1,0,0,0> }
	no_shadow
}

// nucleotide -1

// particle -1
sphere {
	<26.908539, 32.962414, 31.574879> 0.250000
	pigment { color rgbt <1,0,0,0> }
	no_shadow
}
cylinder {
	<26.936918, 33.357578, 31.519747>,  <26.953947, 33.594677, 31.486668>, 0.100000
	pigment { color rgbt <1,0,0,0> }
	no_shadow
}
cylinder {
	<26.936918, 33.357578, 31.519747>,  <26.908539, 32.962414, 31.574879>, 0.100000
	pigment { color rgbt <1,0,0,0> }
	no_shadow
}

// particle -1
sphere {
	<26.936918, 33.357578, 31.519747> 0.100000
	pigment { color rgbt <1,0,0,0> }
	no_shadow
}
sphere {
	0, 1
	scale<0.080000,0.200000,0.300000>
	matrix <0.126800, -0.145989, -0.981126,
		-0.989388, 0.052134, -0.135625,
		0.070950, 0.987912, -0.137829,
		26.958202, 33.653954, 31.478397>
	pigment { color rgbt <0,1,1,0> }
	no_shadow
}
cylinder {
	<26.494843, 33.163685, 31.091160>,  <26.908539, 32.962414, 31.574879>, 0.130000
	pigment { color rgbt <1,0,0,0> }
	no_shadow
}

// nucleotide -1

// particle -1
sphere {
	<26.494843, 33.163685, 31.091160> 0.250000
	pigment { color rgbt <1,0,0,0> }
	no_shadow
}
cylinder {
	<26.748213, 33.472790, 31.075087>,  <26.900234, 33.658253, 31.065443>, 0.100000
	pigment { color rgbt <1,0,0,0> }
	no_shadow
}
cylinder {
	<26.748213, 33.472790, 31.075087>,  <26.494843, 33.163685, 31.091160>, 0.100000
	pigment { color rgbt <1,0,0,0> }
	no_shadow
}

// particle -1
sphere {
	<26.748213, 33.472790, 31.075087> 0.100000
	pigment { color rgbt <1,0,0,0> }
	no_shadow
}
sphere {
	0, 1
	scale<0.080000,0.200000,0.300000>
	matrix <0.149448, -0.173121, -0.973496,
		-0.759236, 0.610630, -0.225147,
		0.633424, 0.772761, -0.040182,
		26.938240, 33.704617, 31.063032>
	pigment { color rgbt <0,1,1,0> }
	no_shadow
}
cylinder {
	<26.308056, 33.633911, 30.475718>,  <26.494843, 33.163685, 31.091160>, 0.130000
	pigment { color rgbt <1,0,0,0> }
	no_shadow
}

// nucleotide -1

// particle -1
sphere {
	<26.308056, 33.633911, 30.475718> 0.250000
	pigment { color rgbt <1,0,0,0> }
	no_shadow
}
cylinder {
	<26.689259, 33.723087, 30.557768>,  <26.917980, 33.776592, 30.606998>, 0.100000
	pigment { color rgbt <1,0,0,0> }
	no_shadow
}
cylinder {
	<26.689259, 33.723087, 30.557768>,  <26.308056, 33.633911, 30.475718>, 0.100000
	pigment { color rgbt <1,0,0,0> }
	no_shadow
}

// particle -1
sphere {
	<26.689259, 33.723087, 30.557768> 0.100000
	pigment { color rgbt <1,0,0,0> }
	no_shadow
}
sphere {
	0, 1
	scale<0.080000,0.200000,0.300000>
	matrix <0.203648, 0.029845, -0.978589,
		-0.224289, 0.974375, -0.016959,
		0.953007, 0.222940, 0.205124,
		26.975161, 33.789970, 30.619305>
	pigment { color rgbt <0,1,1,0> }
	no_shadow
}
cylinder {
	<26.410929, 34.111660, 30.060633>,  <26.308056, 33.633911, 30.475718>, 0.130000
	pigment { color rgbt <1,0,0,0> }
	no_shadow
}

// nucleotide -1

// particle -1
sphere {
	<26.410929, 34.111660, 30.060633> 0.250000
	pigment { color rgbt <1,0,0,0> }
	no_shadow
}
cylinder {
	<26.778849, 33.979324, 30.145029>,  <26.999599, 33.899925, 30.195667>, 0.100000
	pigment { color rgbt <1,0,0,0> }
	no_shadow
}
cylinder {
	<26.778849, 33.979324, 30.145029>,  <26.410929, 34.111660, 30.060633>, 0.100000
	pigment { color rgbt <1,0,0,0> }
	no_shadow
}

// particle -1
sphere {
	<26.778849, 33.979324, 30.145029> 0.100000
	pigment { color rgbt <1,0,0,0> }
	no_shadow
}
sphere {
	0, 1
	scale<0.080000,0.200000,0.300000>
	matrix <0.268411, 0.138252, -0.953332,
		0.286227, 0.933506, 0.215964,
		0.919799, -0.330836, 0.210992,
		27.054789, 33.880074, 30.208326>
	pigment { color rgbt <0,1,1,0> }
	no_shadow
}
cylinder {
	<26.952953, 34.684757, 29.771603>,  <26.410929, 34.111660, 30.060633>, 0.130000
	pigment { color rgbt <1,0,0,0> }
	no_shadow
}

// nucleotide -1

// particle -1
sphere {
	<26.952953, 34.684757, 29.771603> 0.250000
	pigment { color rgbt <1,0,0,0> }
	no_shadow
}
cylinder {
	<27.169020, 34.351036, 29.815701>,  <27.298660, 34.150803, 29.842159>, 0.100000
	pigment { color rgbt <1,0,0,0> }
	no_shadow
}
cylinder {
	<27.169020, 34.351036, 29.815701>,  <26.952953, 34.684757, 29.771603>, 0.100000
	pigment { color rgbt <1,0,0,0> }
	no_shadow
}

// particle -1
sphere {
	<27.169020, 34.351036, 29.815701> 0.100000
	pigment { color rgbt <1,0,0,0> }
	no_shadow
}
sphere {
	0, 1
	scale<0.080000,0.200000,0.300000>
	matrix <0.336308, 0.093918, -0.937057,
		0.771438, 0.543243, 0.331315,
		0.540167, -0.834306, 0.110245,
		27.331070, 34.100746, 29.848774>
	pigment { color rgbt <0,1,1,0> }
	no_shadow
}
cylinder {
	<27.617760, 34.853531, 29.575872>,  <26.952953, 34.684757, 29.771603>, 0.130000
	pigment { color rgbt <1,0,0,0> }
	no_shadow
}

// nucleotide -1

// particle -1
sphere {
	<27.617760, 34.853531, 29.575872> 0.250000
	pigment { color rgbt <1,0,0,0> }
	no_shadow
}
cylinder {
	<27.616470, 34.457932, 29.516712>,  <27.615696, 34.220573, 29.481216>, 0.100000
	pigment { color rgbt <1,0,0,0> }
	no_shadow
}
cylinder {
	<27.616470, 34.457932, 29.516712>,  <27.617760, 34.853531, 29.575872>, 0.100000
	pigment { color rgbt <1,0,0,0> }
	no_shadow
}

// particle -1
sphere {
	<27.616470, 34.457932, 29.516712> 0.100000
	pigment { color rgbt <1,0,0,0> }
	no_shadow
}
sphere {
	0, 1
	scale<0.080000,0.200000,0.300000>
	matrix <0.340137, 0.137998, -0.930195,
		0.940370, -0.053306, 0.335949,
		-0.003225, -0.988997, -0.147901,
		27.615503, 34.161232, 29.472342>
	pigment { color rgbt <0,1,1,0> }
	no_shadow
}
cylinder {
	<28.181534, 34.698902, 29.130596>,  <27.617760, 34.853531, 29.575872>, 0.130000
	pigment { color rgbt <1,0,0,0> }
	no_shadow
}

// nucleotide -1

// particle -1
sphere {
	<28.181534, 34.698902, 29.130596> 0.250000
	pigment { color rgbt <1,0,0,0> }
	no_shadow
}
cylinder {
	<27.948380, 34.374859, 29.105394>,  <27.808487, 34.180435, 29.090273>, 0.100000
	pigment { color rgbt <1,0,0,0> }
	no_shadow
}
cylinder {
	<27.948380, 34.374859, 29.105394>,  <28.181534, 34.698902, 29.130596>, 0.100000
	pigment { color rgbt <1,0,0,0> }
	no_shadow
}

// particle -1
sphere {
	<27.948380, 34.374859, 29.105394> 0.100000
	pigment { color rgbt <1,0,0,0> }
	no_shadow
}
sphere {
	0, 1
	scale<0.080000,0.200000,0.300000>
	matrix <0.229241, -0.089562, -0.969241,
		0.779545, -0.579402, 0.237914,
		-0.582888, -0.810106, -0.063005,
		27.773514, 34.131828, 29.086493>
	pigment { color rgbt <0,1,1,0> }
	no_shadow
}
cylinder {
	<28.631737, 34.138657, 28.905733>,  <28.181534, 34.698902, 29.130596>, 0.130000
	pigment { color rgbt <1,0,0,0> }
	no_shadow
}

// nucleotide -1

// particle -1
sphere {
	<28.631737, 34.138657, 28.905733> 0.250000
	pigment { color rgbt <1,0,0,0> }
	no_shadow
}
cylinder {
	<28.266584, 34.031837, 28.782232>,  <28.047493, 33.967747, 28.708132>, 0.100000
	pigment { color rgbt <1,0,0,0> }
	no_shadow
}
cylinder {
	<28.266584, 34.031837, 28.782232>,  <28.631737, 34.138657, 28.905733>, 0.100000
	pigment { color rgbt <1,0,0,0> }
	no_shadow
}

// particle -1
sphere {
	<28.266584, 34.031837, 28.782232> 0.100000
	pigment { color rgbt <1,0,0,0> }
	no_shadow
}
sphere {
	0, 1
	scale<0.080000,0.200000,0.300000>
	matrix <0.334433, -0.055531, -0.940782,
		0.234093, -0.962081, 0.140005,
		-0.912883, -0.267053, -0.308752,
		27.992720, 33.951721, 28.689606>
	pigment { color rgbt <0,1,1,0> }
	no_shadow
}
cylinder {
	<28.736618, 33.656174, 28.340923>,  <28.631737, 34.138657, 28.905733>, 0.130000
	pigment { color rgbt <1,0,0,0> }
	no_shadow
}

// nucleotide -1

// particle -1
sphere {
	<28.736618, 33.656174, 28.340923> 0.250000
	pigment { color rgbt <1,0,0,0> }
	no_shadow
}
cylinder {
	<28.351162, 33.756660, 28.304516>,  <28.119888, 33.816952, 28.282671>, 0.100000
	pigment { color rgbt <1,0,0,0> }
	no_shadow
}
cylinder {
	<28.351162, 33.756660, 28.304516>,  <28.736618, 33.656174, 28.340923>, 0.100000
	pigment { color rgbt <1,0,0,0> }
	no_shadow
}

// particle -1
sphere {
	<28.351162, 33.756660, 28.304516> 0.100000
	pigment { color rgbt <1,0,0,0> }
	no_shadow
}
sphere {
	0, 1
	scale<0.080000,0.200000,0.300000>
	matrix <0.088490, -0.021374, -0.995848,
		-0.252123, -0.967694, -0.001634,
		-0.963641, 0.251221, -0.091020,
		28.062069, 33.832027, 28.277210>
	pigment { color rgbt <0,1,1,0> }
	no_shadow
}
cylinder {
	<28.469563, 33.193325, 27.780861>,  <28.736618, 33.656174, 28.340923>, 0.130000
	pigment { color rgbt <1,0,0,0> }
	no_shadow
}

// nucleotide -1

// particle -1
sphere {
	<28.469563, 33.193325, 27.780861> 0.250000
	pigment { color rgbt <1,0,0,0> }
	no_shadow
}
cylinder {
	<28.240894, 33.518486, 27.825363>,  <28.103693, 33.713585, 27.852064>, 0.100000
	pigment { color rgbt <1,0,0,0> }
	no_shadow
}
cylinder {
	<28.240894, 33.518486, 27.825363>,  <28.469563, 33.193325, 27.780861>, 0.100000
	pigment { color rgbt <1,0,0,0> }
	no_shadow
}

// particle -1
sphere {
	<28.240894, 33.518486, 27.825363> 0.100000
	pigment { color rgbt <1,0,0,0> }
	no_shadow
}
sphere {
	0, 1
	scale<0.080000,0.200000,0.300000>
	matrix <0.031199, 0.157036, -0.987100,
		-0.819891, -0.560824, -0.115134,
		-0.571669, 0.812906, 0.111255,
		28.069393, 33.762360, 27.858740>
	pigment { color rgbt <0,1,1,0> }
	no_shadow
}
cylinder {
	<27.975668, 33.151413, 27.269871>,  <28.469563, 33.193325, 27.780861>, 0.130000
	pigment { color rgbt <1,0,0,0> }
	no_shadow
}

// nucleotide -1

// particle -1
sphere {
	<27.975668, 33.151413, 27.269871> 0.250000
	pigment { color rgbt <1,0,0,0> }
	no_shadow
}
cylinder {
	<27.964514, 33.534004, 27.386059>,  <27.957821, 33.763557, 27.455772>, 0.100000
	pigment { color rgbt <1,0,0,0> }
	no_shadow
}
cylinder {
	<27.964514, 33.534004, 27.386059>,  <27.975668, 33.151413, 27.269871>, 0.100000
	pigment { color rgbt <1,0,0,0> }
	no_shadow
}

// particle -1
sphere {
	<27.964514, 33.534004, 27.386059> 0.100000
	pigment { color rgbt <1,0,0,0> }
	no_shadow
}
sphere {
	0, 1
	scale<0.080000,0.200000,0.300000>
	matrix <-0.009337, 0.290322, -0.956884,
		-0.999568, -0.029395, 0.000835,
		-0.027885, 0.956478, 0.290470,
		27.956148, 33.820946, 27.473200>
	pigment { color rgbt <0,1,1,0> }
	no_shadow
}
cylinder {
	<27.556263, 33.515064, 26.726921>,  <27.975668, 33.151413, 27.269871>, 0.130000
	pigment { color rgbt <1,0,0,0> }
	no_shadow
}

// nucleotide -1

// particle -1
sphere {
	<27.556263, 33.515064, 26.726921> 0.250000
	pigment { color rgbt <1,0,0,0> }
	no_shadow
}
cylinder {
	<27.763165, 33.794296, 26.924967>,  <27.887306, 33.961834, 27.043795>, 0.100000
	pigment { color rgbt <1,0,0,0> }
	no_shadow
}
cylinder {
	<27.763165, 33.794296, 26.924967>,  <27.556263, 33.515064, 26.726921>, 0.100000
	pigment { color rgbt <1,0,0,0> }
	no_shadow
}

// particle -1
sphere {
	<27.763165, 33.794296, 26.924967> 0.100000
	pigment { color rgbt <1,0,0,0> }
	no_shadow
}
sphere {
	0, 1
	scale<0.080000,0.200000,0.300000>
	matrix <0.179426, 0.477206, -0.860280,
		-0.836812, 0.533820, 0.121584,
		0.517255, 0.698077, 0.495112,
		27.918341, 34.003719, 27.073500>
	pigment { color rgbt <0,1,1,0> }
	no_shadow
}
cylinder {
	<27.268934, 34.080894, 26.446667>,  <27.556263, 33.515064, 26.726921>, 0.130000
	pigment { color rgbt <1,0,0,0> }
	no_shadow
}

// nucleotide -1

// particle -1
sphere {
	<27.268934, 34.080894, 26.446667> 0.250000
	pigment { color rgbt <1,0,0,0> }
	no_shadow
}
cylinder {
	<27.644928, 34.089680, 26.582870>,  <27.870523, 34.094952, 26.664593>, 0.100000
	pigment { color rgbt <1,0,0,0> }
	no_shadow
}
cylinder {
	<27.644928, 34.089680, 26.582870>,  <27.268934, 34.080894, 26.446667>, 0.100000
	pigment { color rgbt <1,0,0,0> }
	no_shadow
}

// particle -1
sphere {
	<27.644928, 34.089680, 26.582870> 0.100000
	pigment { color rgbt <1,0,0,0> }
	no_shadow
}
sphere {
	0, 1
	scale<0.080000,0.200000,0.300000>
	matrix <0.260191, 0.599461, -0.756933,
		-0.220750, 0.800103, 0.557768,
		0.939984, 0.021967, 0.340511,
		27.926924, 34.096272, 26.685024>
	pigment { color rgbt <0,1,1,0> }
	no_shadow
}
cylinder {
	<27.532446, 34.785030, 26.339987>,  <27.268934, 34.080894, 26.446667>, 0.130000
	pigment { color rgbt <1,0,0,0> }
	no_shadow
}

// nucleotide -1

// particle -1
sphere {
	<27.532446, 34.785030, 26.339987> 0.250000
	pigment { color rgbt <1,0,0,0> }
	no_shadow
}
cylinder {
	<27.835127, 34.523758, 26.350973>,  <28.016735, 34.366993, 26.357565>, 0.100000
	pigment { color rgbt <1,0,0,0> }
	no_shadow
}
cylinder {
	<27.835127, 34.523758, 26.350973>,  <27.532446, 34.785030, 26.339987>, 0.100000
	pigment { color rgbt <1,0,0,0> }
	no_shadow
}

// particle -1
sphere {
	<27.835127, 34.523758, 26.350973> 0.100000
	pigment { color rgbt <1,0,0,0> }
	no_shadow
}
sphere {
	0, 1
	scale<0.080000,0.200000,0.300000>
	matrix <0.362579, 0.384340, -0.849011,
		0.544004, 0.652406, 0.527661,
		0.756701, -0.653184, 0.027466,
		28.062138, 34.327801, 26.359213>
	pigment { color rgbt <0,1,1,0> }
	no_shadow
}
cylinder {
	<27.137465, 35.339710, 26.518364>,  <27.532446, 34.785030, 26.339987>, 0.130000
	pigment { color rgbt <1,0,0,0> }
	no_shadow
}

// nucleotide -1

// particle -1
sphere {
	<27.137465, 35.339710, 26.518364> 0.250000
	pigment { color rgbt <1,0,0,0> }
	no_shadow
}
cylinder {
	<26.785458, 35.494392, 26.408073>,  <26.574253, 35.587204, 26.341898>, 0.100000
	pigment { color rgbt <1,0,0,0> }
	no_shadow
}
cylinder {
	<26.785458, 35.494392, 26.408073>,  <27.137465, 35.339710, 26.518364>, 0.100000
	pigment { color rgbt <1,0,0,0> }
	no_shadow
}

// particle -1
sphere {
	<26.785458, 35.494392, 26.408073> 0.100000
	pigment { color rgbt <1,0,0,0> }
	no_shadow
}
sphere {
	0, 1
	scale<0.080000,0.200000,0.300000>
	matrix <0.320269, 0.911875, 0.256733,
		0.350711, 0.137622, -0.926317,
		-0.880017, 0.386710, -0.275728,
		26.521452, 35.610405, 26.325356>
	pigment { color rgbt <0,1,1,0> }
	no_shadow
}
cylinder {
	<27.324963, 36.001698, 26.249844>,  <27.137465, 35.339710, 26.518364>, 0.130000
	pigment { color rgbt <1,0,0,0> }
	no_shadow
}

// nucleotide -1

// particle -1
sphere {
	<27.324963, 36.001698, 26.249844> 0.250000
	pigment { color rgbt <1,0,0,0> }
	no_shadow
}
cylinder {
	<26.928707, 36.023716, 26.299818>,  <26.690954, 36.036926, 26.329803>, 0.100000
	pigment { color rgbt <1,0,0,0> }
	no_shadow
}
cylinder {
	<26.928707, 36.023716, 26.299818>,  <27.324963, 36.001698, 26.249844>, 0.100000
	pigment { color rgbt <1,0,0,0> }
	no_shadow
}

// particle -1
sphere {
	<26.928707, 36.023716, 26.299818> 0.100000
	pigment { color rgbt <1,0,0,0> }
	no_shadow
}
sphere {
	0, 1
	scale<0.080000,0.200000,0.300000>
	matrix <0.066340, 0.993895, 0.088151,
		-0.119321, 0.095614, -0.988241,
		-0.990637, 0.055042, 0.124936,
		26.631516, 36.040230, 26.337299>
	pigment { color rgbt <0,1,1,0> }
	no_shadow
}
cylinder {
	<27.049046, 36.496101, 25.725471>,  <27.324963, 36.001698, 26.249844>, 0.130000
	pigment { color rgbt <1,0,0,0> }
	no_shadow
}

// nucleotide -1

// particle -1
sphere {
	<27.049046, 36.496101, 25.725471> 0.250000
	pigment { color rgbt <1,0,0,0> }
	no_shadow
}
cylinder {
	<26.784327, 36.500217, 26.025316>,  <26.625496, 36.502686, 26.205223>, 0.100000
	pigment { color rgbt <1,0,0,0> }
	no_shadow
}
cylinder {
	<26.784327, 36.500217, 26.025316>,  <27.049046, 36.496101, 25.725471>, 0.100000
	pigment { color rgbt <1,0,0,0> }
	no_shadow
}

// particle -1
sphere {
	<26.784327, 36.500217, 26.025316> 0.100000
	pigment { color rgbt <1,0,0,0> }
	no_shadow
}
sphere {
	0, 1
	scale<0.080000,0.200000,0.300000>
	matrix <0.302436, 0.918592, 0.254402,
		-0.685971, 0.395072, -0.611033,
		-0.661798, 0.010287, 0.749612,
		26.585787, 36.503304, 26.250200>
	pigment { color rgbt <0,1,1,0> }
	no_shadow
}
cylinder {
	<26.573654, 37.063389, 25.600491>,  <27.049046, 36.496101, 25.725471>, 0.130000
	pigment { color rgbt <1,0,0,0> }
	no_shadow
}

// nucleotide -1

// particle -1
sphere {
	<26.573654, 37.063389, 25.600491> 0.250000
	pigment { color rgbt <1,0,0,0> }
	no_shadow
}
cylinder {
	<26.628513, 36.979401, 25.987707>,  <26.661428, 36.929008, 26.220037>, 0.100000
	pigment { color rgbt <1,0,0,0> }
	no_shadow
}
cylinder {
	<26.628513, 36.979401, 25.987707>,  <26.573654, 37.063389, 25.600491>, 0.100000
	pigment { color rgbt <1,0,0,0> }
	no_shadow
}

// particle -1
sphere {
	<26.628513, 36.979401, 25.987707> 0.100000
	pigment { color rgbt <1,0,0,0> }
	no_shadow
}
sphere {
	0, 1
	scale<0.080000,0.200000,0.300000>
	matrix <0.348293, 0.925093, 0.151309,
		-0.927298, 0.316410, 0.200007,
		0.137149, -0.209970, 0.968041,
		26.669659, 36.916409, 26.278120>
	pigment { color rgbt <0,1,1,0> }
	no_shadow
}
cylinder {
	<26.177872, 37.507874, 26.078650>,  <26.573654, 37.063389, 25.600491>, 0.130000
	pigment { color rgbt <1,0,0,0> }
	no_shadow
}

// nucleotide -1

// particle -1
sphere {
	<26.177872, 37.507874, 26.078650> 0.250000
	pigment { color rgbt <1,0,0,0> }
	no_shadow
}
cylinder {
	<26.535929, 37.378513, 26.201374>,  <26.750763, 37.300896, 26.275009>, 0.100000
	pigment { color rgbt <1,0,0,0> }
	no_shadow
}
cylinder {
	<26.535929, 37.378513, 26.201374>,  <26.177872, 37.507874, 26.078650>, 0.100000
	pigment { color rgbt <1,0,0,0> }
	no_shadow
}

// particle -1
sphere {
	<26.535929, 37.378513, 26.201374> 0.100000
	pigment { color rgbt <1,0,0,0> }
	no_shadow
}
sphere {
	0, 1
	scale<0.080000,0.200000,0.300000>
	matrix <0.311381, 0.946126, 0.088815,
		-0.319005, 0.016034, 0.947617,
		0.895141, -0.323402, 0.306811,
		26.804472, 37.281494, 26.293417>
	pigment { color rgbt <0,1,1,0> }
	no_shadow
}
cylinder {
	<26.404556, 37.810966, 26.710360>,  <26.177872, 37.507874, 26.078650>, 0.130000
	pigment { color rgbt <1,0,0,0> }
	no_shadow
}

// nucleotide -1

// particle -1
sphere {
	<26.404556, 37.810966, 26.710360> 0.250000
	pigment { color rgbt <1,0,0,0> }
	no_shadow
}
cylinder {
	<26.702919, 37.707508, 26.464848>,  <26.881937, 37.645432, 26.317539>, 0.100000
	pigment { color rgbt <1,0,0,0> }
	no_shadow
}
cylinder {
	<26.702919, 37.707508, 26.464848>,  <26.404556, 37.810966, 26.710360>, 0.100000
	pigment { color rgbt <1,0,0,0> }
	no_shadow
}

// particle -1
sphere {
	<26.702919, 37.707508, 26.464848> 0.100000
	pigment { color rgbt <1,0,0,0> }
	no_shadow
}
sphere {
	0, 1
	scale<0.080000,0.200000,0.300000>
	matrix <0.303769, 0.952205, -0.032097,
		0.592748, -0.162506, 0.788823,
		0.745905, -0.258645, -0.613782,
		26.926691, 37.629913, 26.280712>
	pigment { color rgbt <0,1,1,0> }
	no_shadow
}
cylinder {
	<26.916279, 38.344219, 26.455397>,  <26.404556, 37.810966, 26.710360>, 0.130000
	pigment { color rgbt <1,0,0,0> }
	no_shadow
}

// nucleotide -1

// particle -1
sphere {
	<26.916279, 38.344219, 26.455397> 0.250000
	pigment { color rgbt <1,0,0,0> }
	no_shadow
}
cylinder {
	<27.190722, 38.588173, 26.614042>,  <27.355387, 38.734543, 26.709230>, 0.100000
	pigment { color rgbt <1,0,0,0> }
	no_shadow
}
cylinder {
	<27.190722, 38.588173, 26.614042>,  <26.916279, 38.344219, 26.455397>, 0.100000
	pigment { color rgbt <1,0,0,0> }
	no_shadow
}

// particle -1
sphere {
	<27.190722, 38.588173, 26.614042> 0.100000
	pigment { color rgbt <1,0,0,0> }
	no_shadow
}
sphere {
	0, 1
	scale<0.080000,0.200000,0.300000>
	matrix <0.044020, -0.578979, 0.814153,
		0.726168, -0.541137, -0.424088,
		0.686107, 0.609880, 0.396615,
		27.396553, 38.771137, 26.733027>
	pigment { color rgbt <0,1,1,0> }
	no_shadow
}
cylinder {
	<27.467754, 38.057171, 26.874821>,  <26.916279, 38.344219, 26.455397>, 0.130000
	pigment { color rgbt <1,0,0,0> }
	no_shadow
}

// nucleotide -1

// particle -1
sphere {
	<27.467754, 38.057171, 26.874821> 0.250000
	pigment { color rgbt <1,0,0,0> }
	no_shadow
}
cylinder {
	<27.433813, 38.426125, 27.025557>,  <27.413448, 38.647495, 27.115997>, 0.100000
	pigment { color rgbt <1,0,0,0> }
	no_shadow
}
cylinder {
	<27.433813, 38.426125, 27.025557>,  <27.467754, 38.057171, 26.874821>, 0.100000
	pigment { color rgbt <1,0,0,0> }
	no_shadow
}

// particle -1
sphere {
	<27.433813, 38.426125, 27.025557> 0.100000
	pigment { color rgbt <1,0,0,0> }
	no_shadow
}
sphere {
	0, 1
	scale<0.080000,0.200000,0.300000>
	matrix <0.333366, -0.330126, 0.883111,
		0.938972, 0.200559, -0.279479,
		-0.084852, 0.922385, 0.376838,
		27.408358, 38.702839, 27.138609>
	pigment { color rgbt <0,1,1,0> }
	no_shadow
}
cylinder {
	<28.084244, 38.321709, 27.183664>,  <27.467754, 38.057171, 26.874821>, 0.130000
	pigment { color rgbt <1,0,0,0> }
	no_shadow
}

// nucleotide -1

// particle -1
sphere {
	<28.084244, 38.321709, 27.183664> 0.250000
	pigment { color rgbt <1,0,0,0> }
	no_shadow
}
cylinder {
	<27.783659, 38.490772, 27.386314>,  <27.603308, 38.592209, 27.507904>, 0.100000
	pigment { color rgbt <1,0,0,0> }
	no_shadow
}
cylinder {
	<27.783659, 38.490772, 27.386314>,  <28.084244, 38.321709, 27.183664>, 0.100000
	pigment { color rgbt <1,0,0,0> }
	no_shadow
}

// particle -1
sphere {
	<27.783659, 38.490772, 27.386314> 0.100000
	pigment { color rgbt <1,0,0,0> }
	no_shadow
}
sphere {
	0, 1
	scale<0.080000,0.200000,0.300000>
	matrix <0.393559, -0.329152, 0.858353,
		0.529546, 0.844405, 0.081004,
		-0.751460, 0.422658, 0.506624,
		27.558222, 38.617569, 27.538301>
	pigment { color rgbt <0,1,1,0> }
	no_shadow
}
cylinder {
	<28.313295, 38.844700, 27.723244>,  <28.084244, 38.321709, 27.183664>, 0.130000
	pigment { color rgbt <1,0,0,0> }
	no_shadow
}

// nucleotide -1

// particle -1
sphere {
	<28.313295, 38.844700, 27.723244> 0.250000
	pigment { color rgbt <1,0,0,0> }
	no_shadow
}
cylinder {
	<27.965321, 38.683170, 27.836473>,  <27.756536, 38.586250, 27.904411>, 0.100000
	pigment { color rgbt <1,0,0,0> }
	no_shadow
}
cylinder {
	<27.965321, 38.683170, 27.836473>,  <28.313295, 38.844700, 27.723244>, 0.100000
	pigment { color rgbt <1,0,0,0> }
	no_shadow
}

// particle -1
sphere {
	<27.965321, 38.683170, 27.836473> 0.100000
	pigment { color rgbt <1,0,0,0> }
	no_shadow
}
sphere {
	0, 1
	scale<0.080000,0.200000,0.300000>
	matrix <0.425706, -0.325135, 0.844430,
		-0.248967, 0.855108, 0.454759,
		-0.869937, -0.403828, 0.283077,
		27.704340, 38.562023, 27.921396>
	pigment { color rgbt <0,1,1,0> }
	no_shadow
}
cylinder {
	<28.373705, 38.933109, 28.432741>,  <28.313295, 38.844700, 27.723244>, 0.130000
	pigment { color rgbt <1,0,0,0> }
	no_shadow
}

// nucleotide -1

// particle -1
sphere {
	<28.373705, 38.933109, 28.432741> 0.250000
	pigment { color rgbt <1,0,0,0> }
	no_shadow
}
cylinder {
	<28.066652, 38.680779, 28.387478>,  <27.882421, 38.529381, 28.360319>, 0.100000
	pigment { color rgbt <1,0,0,0> }
	no_shadow
}
cylinder {
	<28.066652, 38.680779, 28.387478>,  <28.373705, 38.933109, 28.432741>, 0.100000
	pigment { color rgbt <1,0,0,0> }
	no_shadow
}

// particle -1
sphere {
	<28.066652, 38.680779, 28.387478> 0.100000
	pigment { color rgbt <1,0,0,0> }
	no_shadow
}
sphere {
	0, 1
	scale<0.080000,0.200000,0.300000>
	matrix <0.291231, -0.500624, 0.815206,
		-0.570902, 0.592821, 0.568009,
		-0.767630, -0.630825, -0.113159,
		27.836363, 38.491531, 28.353531>
	pigment { color rgbt <0,1,1,0> }
	no_shadow
}
cylinder {
	<27.864723, 38.980793, 28.942682>,  <28.373705, 38.933109, 28.432741>, 0.130000
	pigment { color rgbt <1,0,0,0> }
	no_shadow
}

// nucleotide -1

// particle -1
sphere {
	<27.864723, 38.980793, 28.942682> 0.250000
	pigment { color rgbt <1,0,0,0> }
	no_shadow
}
cylinder {
	<27.813511, 38.607025, 28.809734>,  <27.782784, 38.382763, 28.729965>, 0.100000
	pigment { color rgbt <1,0,0,0> }
	no_shadow
}
cylinder {
	<27.813511, 38.607025, 28.809734>,  <27.864723, 38.980793, 28.942682>, 0.100000
	pigment { color rgbt <1,0,0,0> }
	no_shadow
}

// particle -1
sphere {
	<27.813511, 38.607025, 28.809734> 0.100000
	pigment { color rgbt <1,0,0,0> }
	no_shadow
}
sphere {
	0, 1
	scale<0.080000,0.200000,0.300000>
	matrix <0.238592, -0.354306, 0.904180,
		-0.962643, 0.036462, 0.268307,
		-0.128031, -0.934418, -0.332370,
		27.775101, 38.326698, 28.710024>
	pigment { color rgbt <0,1,1,0> }
	no_shadow
}
cylinder {
	<27.546398, 38.604038, 29.494560>,  <27.864723, 38.980793, 28.942682>, 0.130000
	pigment { color rgbt <1,0,0,0> }
	no_shadow
}

// nucleotide -1

// particle -1
sphere {
	<27.546398, 38.604038, 29.494560> 0.250000
	pigment { color rgbt <1,0,0,0> }
	no_shadow
}
cylinder {
	<27.716990, 38.323391, 29.266228>,  <27.819344, 38.155003, 29.129229>, 0.100000
	pigment { color rgbt <1,0,0,0> }
	no_shadow
}
cylinder {
	<27.716990, 38.323391, 29.266228>,  <27.546398, 38.604038, 29.494560>, 0.100000
	pigment { color rgbt <1,0,0,0> }
	no_shadow
}

// particle -1
sphere {
	<27.716990, 38.323391, 29.266228> 0.100000
	pigment { color rgbt <1,0,0,0> }
	no_shadow
}
sphere {
	0, 1
	scale<0.080000,0.200000,0.300000>
	matrix <0.297816, -0.486987, 0.821066,
		-0.854062, -0.520169, 0.001264,
		0.426477, -0.701618, -0.570832,
		27.844933, 38.112907, 29.094978>
	pigment { color rgbt <0,1,1,0> }
	no_shadow
}
cylinder {
	<27.445171, 38.150997, 29.930632>,  <27.546398, 38.604038, 29.494560>, 0.130000
	pigment { color rgbt <1,0,0,0> }
	no_shadow
}

// nucleotide -1

// particle -1
sphere {
	<27.445171, 38.150997, 29.930632> 0.250000
	pigment { color rgbt <1,0,0,0> }
	no_shadow
}
cylinder {
	<27.691498, 37.986103, 29.662054>,  <27.839293, 37.887165, 29.500908>, 0.100000
	pigment { color rgbt <1,0,0,0> }
	no_shadow
}
cylinder {
	<27.691498, 37.986103, 29.662054>,  <27.445171, 38.150997, 29.930632>, 0.100000
	pigment { color rgbt <1,0,0,0> }
	no_shadow
}

// particle -1
sphere {
	<27.691498, 37.986103, 29.662054> 0.100000
	pigment { color rgbt <1,0,0,0> }
	no_shadow
}
sphere {
	0, 1
	scale<0.080000,0.200000,0.300000>
	matrix <0.374965, -0.596168, 0.709919,
		-0.692946, -0.688945, -0.212555,
		0.615814, -0.412235, -0.671443,
		27.876242, 37.862434, 29.460621>
	pigment { color rgbt <0,1,1,0> }
	no_shadow
}
cylinder {
	<27.517941, 37.539146, 30.138887>,  <27.445171, 38.150997, 29.930632>, 0.130000
	pigment { color rgbt <1,0,0,0> }
	no_shadow
}

// nucleotide -1

// particle -1
sphere {
	<27.517941, 37.539146, 30.138887> 0.250000
	pigment { color rgbt <1,0,0,0> }
	no_shadow
}
cylinder {
	<27.839626, 37.581078, 29.904881>,  <28.032639, 37.606236, 29.764477>, 0.100000
	pigment { color rgbt <1,0,0,0> }
	no_shadow
}
cylinder {
	<27.839626, 37.581078, 29.904881>,  <27.517941, 37.539146, 30.138887>, 0.100000
	pigment { color rgbt <1,0,0,0> }
	no_shadow
}

// particle -1
sphere {
	<27.839626, 37.581078, 29.904881> 0.100000
	pigment { color rgbt <1,0,0,0> }
	no_shadow
}
sphere {
	0, 1
	scale<0.080000,0.200000,0.300000>
	matrix <0.513157, -0.619068, 0.594496,
		-0.299843, -0.778309, -0.551660,
		0.804217, 0.104833, -0.585018,
		28.080891, 37.612526, 29.729376>
	pigment { color rgbt <0,1,1,0> }
	no_shadow
}
cylinder {
	<27.835480, 36.872559, 30.192663>,  <27.517941, 37.539146, 30.138887>, 0.130000
	pigment { color rgbt <1,0,0,0> }
	no_shadow
}

// nucleotide -1

// particle -1
sphere {
	<27.835480, 36.872559, 30.192663> 0.250000
	pigment { color rgbt <1,0,0,0> }
	no_shadow
}
cylinder {
	<28.134697, 37.079453, 30.026339>,  <28.314226, 37.203590, 29.926544>, 0.100000
	pigment { color rgbt <1,0,0,0> }
	no_shadow
}
cylinder {
	<28.134697, 37.079453, 30.026339>,  <27.835480, 36.872559, 30.192663>, 0.100000
	pigment { color rgbt <1,0,0,0> }
	no_shadow
}

// particle -1
sphere {
	<28.134697, 37.079453, 30.026339> 0.100000
	pigment { color rgbt <1,0,0,0> }
	no_shadow
}
sphere {
	0, 1
	scale<0.080000,0.200000,0.300000>
	matrix <0.663442, -0.598587, 0.448931,
