// switches for output
#declare DRAW_BASES = 1; // possible values are 0, 1; only relevant for DNA ribbons
#declare DRAW_BASES_TYPE = 3; // possible values are 1, 2, 3; only relevant for DNA ribbons
#declare DRAW_FOG = 0; // set to 1 to enable fog

#include "colors.inc"

#include "transforms.inc"
background { rgb <1, 1, 1>}

#default {
   normal{
       ripples 0.25
       frequency 0.20
       turbulence 0.2
       lambda 5
   }
	finish {
		phong 0.1
		phong_size 40.
	}
}

// original window dimensions: 1024x640


// camera settings

camera {
	sky <0, 0.179814, -0.983701>
	up <0, 0.179814, -0.983701>
	right 1.6 * <1, 0, 0>
	location <35, 94.9851, 44.8844>
	look_at <35, 29.7336, 32.9568>
	direction <0, -65.2515, -11.9276>
	angle 67.0682
}


# declare cpy_camera_pos = <35, 94.9851, 44.8844>;
# if (DRAW_FOG = 1)
fog {
	fog_type 2
	up vnormalize(cpy_camera_pos)
	color rgbt<1,1,1,0.3>
	distance 1e-5
	fog_alt 3e-3
	fog_offset 56
}
# end


// LIGHTS

# declare lum = 6;
global_settings {
	ambient_light rgb lum * <0.05, 0.05, 0.05>
	max_trace_level 15
}# declare cpy_direct_light_amount = 0.25;
light_source
{	1000 * <-1, -1.16352, -0.803886>,
	rgb lum * cpy_direct_light_amount
	parallel
}

light_source
{	1000 * <1, 1.16352, 0.803886>,
	rgb lum * cpy_direct_light_amount
	parallel
}

// strand 0

// nucleotide -1

// particle -1
sphere {
	<24.700705, 35.360889, 34.765785> 0.250000
	pigment { color rgbt <1,0,0,0> }
	no_shadow
}
cylinder {
	<24.608742, 35.032398, 34.974682>,  <24.553564, 34.835304, 35.100018>, 0.100000
	pigment { color rgbt <1,0,0,0> }
	no_shadow
}
cylinder {
	<24.608742, 35.032398, 34.974682>,  <24.700705, 35.360889, 34.765785>, 0.100000
	pigment { color rgbt <1,0,0,0> }
	no_shadow
}

// particle -1
sphere {
	<24.608742, 35.032398, 34.974682> 0.100000
	pigment { color rgbt <1,0,0,0> }
	no_shadow
}
sphere {
	0, 1
	scale<0.080000,0.200000,0.300000>
	matrix <0.874456, 0.061214, 0.481228,
		-0.427165, 0.567311, 0.704051,
		-0.229908, -0.821225, 0.522237,
		24.539770, 34.786030, 35.131351>
	pigment { color rgbt <0,1,1,0> }
	no_shadow
}
cylinder {
	<25.237160, 34.871433, 34.641010>,  <24.700705, 35.360889, 34.765785>, 0.130000
	pigment { color rgbt <1,0,0,0> }
	no_shadow
}

// nucleotide -1

// particle -1
sphere {
	<25.237160, 34.871433, 34.641010> 0.250000
	pigment { color rgbt <1,0,0,0> }
	no_shadow
}
cylinder {
	<25.489185, 34.561577, 34.662720>,  <25.640400, 34.375664, 34.675743>, 0.100000
	pigment { color rgbt <1,0,0,0> }
	no_shadow
}
cylinder {
	<25.489185, 34.561577, 34.662720>,  <25.237160, 34.871433, 34.641010>, 0.100000
	pigment { color rgbt <1,0,0,0> }
	no_shadow
}

// particle -1
sphere {
	<25.489185, 34.561577, 34.662720> 0.100000
	pigment { color rgbt <1,0,0,0> }
	no_shadow
}
sphere {
	0, 1
	scale<0.080000,0.200000,0.300000>
	matrix <0.618561, 0.458404, -0.638160,
		0.469468, 0.435652, 0.767989,
		0.630064, -0.774644, 0.054271,
		25.678205, 34.329185, 34.679001>
	pigment { color rgbt <0,1,1,0> }
	no_shadow
}
cylinder {
	<25.928080, 35.181881, 34.732578>,  <25.237160, 34.871433, 34.641010>, 0.130000
	pigment { color rgbt <1,0,0,0> }
	no_shadow
}

// nucleotide -1

// particle -1
sphere {
	<25.928080, 35.181881, 34.732578> 0.250000
	pigment { color rgbt <1,0,0,0> }
	no_shadow
}
cylinder {
	<25.962824, 34.824539, 34.556229>,  <25.983671, 34.610134, 34.450417>, 0.100000
	pigment { color rgbt <1,0,0,0> }
	no_shadow
}
cylinder {
	<25.962824, 34.824539, 34.556229>,  <25.928080, 35.181881, 34.732578>, 0.100000
	pigment { color rgbt <1,0,0,0> }
	no_shadow
}

// particle -1
sphere {
	<25.962824, 34.824539, 34.556229> 0.100000
	pigment { color rgbt <1,0,0,0> }
	no_shadow
}
sphere {
	0, 1
	scale<0.080000,0.200000,0.300000>
	matrix <0.712598, 0.364978, -0.599162,
		0.696174, -0.262125, 0.668305,
		0.086862, -0.893354, -0.440878,
		25.988882, 34.556534, 34.423965>
	pigment { color rgbt <0,1,1,0> }
	no_shadow
}
cylinder {
	<26.532421, 35.262665, 34.336151>,  <25.928080, 35.181881, 34.732578>, 0.130000
	pigment { color rgbt <1,0,0,0> }
	no_shadow
}

// nucleotide -1

// particle -1
sphere {
	<26.532421, 35.262665, 34.336151> 0.250000
	pigment { color rgbt <1,0,0,0> }
	no_shadow
}
cylinder {
	<26.367918, 34.924061, 34.200920>,  <26.269217, 34.720898, 34.119781>, 0.100000
	pigment { color rgbt <1,0,0,0> }
	no_shadow
}
cylinder {
	<26.367918, 34.924061, 34.200920>,  <26.532421, 35.262665, 34.336151>, 0.100000
	pigment { color rgbt <1,0,0,0> }
	no_shadow
}

// particle -1
sphere {
	<26.367918, 34.924061, 34.200920> 0.100000
	pigment { color rgbt <1,0,0,0> }
	no_shadow
}
sphere {
	0, 1
	scale<0.080000,0.200000,0.300000>
	matrix <0.637887, -0.002332, -0.770126,
		0.651128, -0.532373, 0.540935,
		-0.411256, -0.846506, -0.338076,
		26.244541, 34.670109, 34.099499>
	pigment { color rgbt <0,1,1,0> }
	no_shadow
}
cylinder {
	<27.138313, 34.729198, 34.284550>,  <26.532421, 35.262665, 34.336151>, 0.130000
	pigment { color rgbt <1,0,0,0> }
	no_shadow
}

// nucleotide -1

// particle -1
sphere {
	<27.138313, 34.729198, 34.284550> 0.250000
	pigment { color rgbt <1,0,0,0> }
	no_shadow
}
cylinder {
	<26.820755, 34.757240, 34.042950>,  <26.630220, 34.774067, 33.897991>, 0.100000
	pigment { color rgbt <1,0,0,0> }
	no_shadow
}
cylinder {
	<26.820755, 34.757240, 34.042950>,  <27.138313, 34.729198, 34.284550>, 0.100000
	pigment { color rgbt <1,0,0,0> }
	no_shadow
}

// particle -1
sphere {
	<26.820755, 34.757240, 34.042950> 0.100000
	pigment { color rgbt <1,0,0,0> }
	no_shadow
}
sphere {
	0, 1
	scale<0.080000,0.200000,0.300000>
	matrix <0.593093, 0.308258, -0.743786,
		0.134043, -0.948716, -0.286305,
		-0.793897, 0.070107, -0.603997,
		26.582586, 34.778271, 33.861752>
	pigment { color rgbt <0,1,1,0> }
	no_shadow
}
cylinder {
	<27.370035, 34.391144, 33.622345>,  <27.138313, 34.729198, 34.284550>, 0.130000
	pigment { color rgbt <1,0,0,0> }
	no_shadow
}

// nucleotide -1

// particle -1
sphere {
	<27.370035, 34.391144, 33.622345> 0.250000
	pigment { color rgbt <1,0,0,0> }
	no_shadow
}
cylinder {
	<27.044121, 34.607292, 33.538326>,  <26.848572, 34.736980, 33.487915>, 0.100000
	pigment { color rgbt <1,0,0,0> }
	no_shadow
}
cylinder {
	<27.044121, 34.607292, 33.538326>,  <27.370035, 34.391144, 33.622345>, 0.100000
	pigment { color rgbt <1,0,0,0> }
	no_shadow
}

// particle -1
sphere {
	<27.044121, 34.607292, 33.538326> 0.100000
	pigment { color rgbt <1,0,0,0> }
	no_shadow
}
sphere {
	0, 1
	scale<0.080000,0.200000,0.300000>
	matrix <0.461725, 0.385709, -0.798773,
		-0.350615, -0.747816, -0.563774,
		-0.814788, 0.540370, -0.210050,
		26.799685, 34.769402, 33.475311>
	pigment { color rgbt <0,1,1,0> }
	no_shadow
}
cylinder {
	<27.237469, 34.348896, 32.889931>,  <27.370035, 34.391144, 33.622345>, 0.130000
	pigment { color rgbt <1,0,0,0> }
	no_shadow
}

// nucleotide -1

// particle -1
sphere {
	<27.237469, 34.348896, 32.889931> 0.250000
	pigment { color rgbt <1,0,0,0> }
	no_shadow
}
cylinder {
	<27.139194, 34.698238, 33.058167>,  <27.080231, 34.907845, 33.159107>, 0.100000
	pigment { color rgbt <1,0,0,0> }
	no_shadow
}
cylinder {
	<27.139194, 34.698238, 33.058167>,  <27.237469, 34.348896, 32.889931>, 0.100000
	pigment { color rgbt <1,0,0,0> }
	no_shadow
}

// particle -1
sphere {
	<27.139194, 34.698238, 33.058167> 0.100000
	pigment { color rgbt <1,0,0,0> }
	no_shadow
}
sphere {
	0, 1
	scale<0.080000,0.200000,0.300000>
	matrix <0.499725, 0.485902, -0.717059,
		-0.830611, 0.034009, -0.555814,
		-0.245685, 0.873351, 0.420591,
		27.065489, 34.960243, 33.184345>
	pigment { color rgbt <0,1,1,0> }
	no_shadow
}
cylinder {
	<26.914406, 34.753086, 32.378502>,  <27.237469, 34.348896, 32.889931>, 0.130000
	pigment { color rgbt <1,0,0,0> }
	no_shadow
}

// nucleotide -1

// particle -1
sphere {
	<26.914406, 34.753086, 32.378502> 0.250000
	pigment { color rgbt <1,0,0,0> }
	no_shadow
}
cylinder {
	<27.072216, 34.999874, 32.650883>,  <27.166903, 35.147945, 32.814312>, 0.100000
	pigment { color rgbt <1,0,0,0> }
	no_shadow
}
cylinder {
	<27.072216, 34.999874, 32.650883>,  <26.914406, 34.753086, 32.378502>, 0.100000
	pigment { color rgbt <1,0,0,0> }
	no_shadow
}

// particle -1
sphere {
	<27.072216, 34.999874, 32.650883> 0.100000
	pigment { color rgbt <1,0,0,0> }
	no_shadow
}
sphere {
	0, 1
	scale<0.080000,0.200000,0.300000>
	matrix <0.533539, 0.449540, -0.716415,
		-0.748121, 0.645961, -0.151820,
		0.394526, 0.616967, 0.680956,
		27.190575, 35.184963, 32.855171>
	pigment { color rgbt <0,1,1,0> }
	no_shadow
}
cylinder {
	<26.737619, 35.423252, 32.177689>,  <26.914406, 34.753086, 32.378502>, 0.130000
	pigment { color rgbt <1,0,0,0> }
	no_shadow
}

// nucleotide -1

// particle -1
sphere {
	<26.737619, 35.423252, 32.177689> 0.250000
	pigment { color rgbt <1,0,0,0> }
	no_shadow
}
cylinder {
	<27.061516, 35.492638, 32.401917>,  <27.255854, 35.534267, 32.536453>, 0.100000
	pigment { color rgbt <1,0,0,0> }
	no_shadow
}
cylinder {
	<27.061516, 35.492638, 32.401917>,  <26.737619, 35.423252, 32.177689>, 0.100000
	pigment { color rgbt <1,0,0,0> }
	no_shadow
}

// particle -1
sphere {
	<27.061516, 35.492638, 32.401917> 0.100000
	pigment { color rgbt <1,0,0,0> }
	no_shadow
}
sphere {
	0, 1
	scale<0.080000,0.200000,0.300000>
	matrix <0.435916, 0.461683, -0.772545,
		-0.392809, 0.869920, 0.298229,
		0.809740, 0.173460, 0.560565,
		27.304438, 35.544674, 32.570087>
	pigment { color rgbt <0,1,1,0> }
	no_shadow
}
cylinder {
	<26.852924, 36.096439, 32.055927>,  <26.737619, 35.423252, 32.177689>, 0.130000
	pigment { color rgbt <1,0,0,0> }
	no_shadow
}

// nucleotide -1

// particle -1
sphere {
	<26.852924, 36.096439, 32.055927> 0.250000
	pigment { color rgbt <1,0,0,0> }
	no_shadow
}
cylinder {
	<27.198729, 35.968746, 32.211216>,  <27.406210, 35.892132, 32.304390>, 0.100000
	pigment { color rgbt <1,0,0,0> }
	no_shadow
}
cylinder {
	<27.198729, 35.968746, 32.211216>,  <26.852924, 36.096439, 32.055927>, 0.100000
	pigment { color rgbt <1,0,0,0> }
	no_shadow
}

// particle -1
sphere {
	<27.198729, 35.968746, 32.211216> 0.100000
	pigment { color rgbt <1,0,0,0> }
	no_shadow
}
sphere {
	0, 1
	scale<0.080000,0.200000,0.300000>
	matrix <0.501382, 0.601858, -0.621596,
		-0.035221, 0.732023, 0.680369,
		0.864509, -0.319232, 0.388222,
		27.458080, 35.872978, 32.327682>
	pigment { color rgbt <0,1,1,0> }
	no_shadow
}
cylinder {
	<27.259695, 36.692818, 32.224354>,  <26.852924, 36.096439, 32.055927>, 0.130000
	pigment { color rgbt <1,0,0,0> }
	no_shadow
}

// nucleotide -1

// particle -1
sphere {
	<27.259695, 36.692818, 32.224354> 0.250000
	pigment { color rgbt <1,0,0,0> }
	no_shadow
}
cylinder {
	<27.542814, 36.412586, 32.188099>,  <27.712687, 36.244450, 32.166348>, 0.100000
	pigment { color rgbt <1,0,0,0> }
	no_shadow
}
cylinder {
	<27.542814, 36.412586, 32.188099>,  <27.259695, 36.692818, 32.224354>, 0.100000
	pigment { color rgbt <1,0,0,0> }
	no_shadow
}

// particle -1
sphere {
	<27.542814, 36.412586, 32.188099> 0.100000
	pigment { color rgbt <1,0,0,0> }
	no_shadow
}
sphere {
	0, 1
	scale<0.080000,0.200000,0.300000>
	matrix <0.559396, 0.634212, -0.533715,
		0.431390, 0.327061, 0.840794,
		0.707798, -0.700576, -0.090636,
		27.755154, 36.202412, 32.160908>
	pigment { color rgbt <0,1,1,0> }
	no_shadow
}
cylinder {
	<27.847443, 37.079117, 32.112732>,  <27.259695, 36.692818, 32.224354>, 0.130000
	pigment { color rgbt <1,0,0,0> }
	no_shadow
}

// nucleotide -1

// particle -1
sphere {
	<27.847443, 37.079117, 32.112732> 0.250000
	pigment { color rgbt <1,0,0,0> }
	no_shadow
}
cylinder {
	<27.971884, 36.710171, 32.021111>,  <28.046549, 36.488804, 31.966139>, 0.100000
	pigment { color rgbt <1,0,0,0> }
	no_shadow
}
cylinder {
	<27.971884, 36.710171, 32.021111>,  <27.847443, 37.079117, 32.112732>, 0.100000
	pigment { color rgbt <1,0,0,0> }
	no_shadow
}

// particle -1
sphere {
	<27.971884, 36.710171, 32.021111> 0.100000
	pigment { color rgbt <1,0,0,0> }
	no_shadow
}
sphere {
	0, 1
	scale<0.080000,0.200000,0.300000>
	matrix <0.710799, 0.385799, -0.588153,
		0.630857, 0.020168, 0.775637,
		0.311102, -0.922362, -0.229049,
		28.065214, 36.433460, 31.952396>
	pigment { color rgbt <0,1,1,0> }
	no_shadow
}
cylinder {
	<28.472694, 36.993977, 32.362579>,  <27.847443, 37.079117, 32.112732>, 0.130000
	pigment { color rgbt <1,0,0,0> }
	no_shadow
}

// nucleotide -1

// particle -1
sphere {
	<28.472694, 36.993977, 32.362579> 0.250000
	pigment { color rgbt <1,0,0,0> }
	no_shadow
}
cylinder {
	<28.447445, 36.758026, 32.040569>,  <28.432295, 36.616455, 31.847363>, 0.100000
	pigment { color rgbt <1,0,0,0> }
	no_shadow
}
cylinder {
	<28.447445, 36.758026, 32.040569>,  <28.472694, 36.993977, 32.362579>, 0.100000
	pigment { color rgbt <1,0,0,0> }
	no_shadow
}

// particle -1
sphere {
	<28.447445, 36.758026, 32.040569> 0.100000
	pigment { color rgbt <1,0,0,0> }
	no_shadow
}
sphere {
	0, 1
	scale<0.080000,0.200000,0.300000>
	matrix <0.852522, 0.387500, -0.350785,
		0.518866, -0.708444, 0.478420,
		-0.063124, -0.589874, -0.805024,
		28.428507, 36.581062, 31.799063>
	pigment { color rgbt <0,1,1,0> }
	no_shadow
}
cylinder {
	<29.171509, 36.877731, 32.220100>,  <28.472694, 36.993977, 32.362579>, 0.130000
	pigment { color rgbt <1,0,0,0> }
	no_shadow
}

// nucleotide -1

// particle -1
sphere {
	<29.171509, 36.877731, 32.220100> 0.250000
	pigment { color rgbt <1,0,0,0> }
	no_shadow
}
cylinder {
	<28.986864, 36.758163, 31.886019>,  <28.876078, 36.686424, 31.685570>, 0.100000
	pigment { color rgbt <1,0,0,0> }
	no_shadow
}
cylinder {
	<28.986864, 36.758163, 31.886019>,  <29.171509, 36.877731, 32.220100>, 0.100000
	pigment { color rgbt <1,0,0,0> }
	no_shadow
}

// particle -1
sphere {
	<28.986864, 36.758163, 31.886019> 0.100000
	pigment { color rgbt <1,0,0,0> }
	no_shadow
}
sphere {
	0, 1
	scale<0.080000,0.200000,0.300000>
	matrix <0.654853, 0.520288, -0.548149,
		0.598398, -0.799966, -0.044423,
		-0.461613, -0.298921, -0.835200,
		28.848379, 36.668488, 31.635458>
	pigment { color rgbt <0,1,1,0> }
	no_shadow
}
cylinder {
	<29.678812, 36.722401, 31.728722>,  <29.171509, 36.877731, 32.220100>, 0.130000
	pigment { color rgbt <1,0,0,0> }
	no_shadow
}

// nucleotide -1

// particle -1
sphere {
	<29.678812, 36.722401, 31.728722> 0.250000
	pigment { color rgbt <1,0,0,0> }
	no_shadow
}
cylinder {
	<29.359360, 36.785919, 31.496525>,  <29.167688, 36.824032, 31.357206>, 0.100000
	pigment { color rgbt <1,0,0,0> }
	no_shadow
}
cylinder {
	<29.359360, 36.785919, 31.496525>,  <29.678812, 36.722401, 31.728722>, 0.100000
	pigment { color rgbt <1,0,0,0> }
	no_shadow
}

// particle -1
sphere {
	<29.359360, 36.785919, 31.496525> 0.100000
	pigment { color rgbt <1,0,0,0> }
	no_shadow
}
sphere {
	0, 1
	scale<0.080000,0.200000,0.300000>
	matrix <0.503564, 0.704523, -0.500071,
		0.329561, -0.691687, -0.642619,
		-0.798632, 0.158796, -0.580492,
		29.119770, 36.833557, 31.322376>
	pigment { color rgbt <0,1,1,0> }
	no_shadow
}
cylinder {
	<30.002851, 36.741581, 31.103008>,  <29.678812, 36.722401, 31.728722>, 0.130000
	pigment { color rgbt <1,0,0,0> }
	no_shadow
}

// nucleotide -1

// particle -1
sphere {
	<30.002851, 36.741581, 31.103008> 0.250000
	pigment { color rgbt <1,0,0,0> }
	no_shadow
}
cylinder {
	<29.658817, 36.938473, 31.049400>,  <29.452396, 37.056610, 31.017235>, 0.100000
	pigment { color rgbt <1,0,0,0> }
	no_shadow
}
cylinder {
	<29.658817, 36.938473, 31.049400>,  <30.002851, 36.741581, 31.103008>, 0.100000
	pigment { color rgbt <1,0,0,0> }
	no_shadow
}

// particle -1
sphere {
	<29.658817, 36.938473, 31.049400> 0.100000
	pigment { color rgbt <1,0,0,0> }
	no_shadow
}
sphere {
	0, 1
	scale<0.080000,0.200000,0.300000>
	matrix <0.486225, 0.711443, -0.507379,
		-0.154402, -0.501553, -0.851237,
		-0.860084, 0.492234, -0.134020,
		29.400791, 37.086143, 31.009195>
	pigment { color rgbt <0,1,1,0> }
	no_shadow
}
cylinder {
	<29.889618, 36.847370, 30.403008>,  <30.002851, 36.741581, 31.103008>, 0.130000
	pigment { color rgbt <1,0,0,0> }
	no_shadow
}

// nucleotide -1

// particle -1
sphere {
	<29.889618, 36.847370, 30.403008> 0.250000
	pigment { color rgbt <1,0,0,0> }
	no_shadow
}
cylinder {
	<29.668552, 37.129265, 30.580957>,  <29.535913, 37.298401, 30.687727>, 0.100000
	pigment { color rgbt <1,0,0,0> }
	no_shadow
}
cylinder {
	<29.668552, 37.129265, 30.580957>,  <29.889618, 36.847370, 30.403008>, 0.100000
	pigment { color rgbt <1,0,0,0> }
	no_shadow
}

// particle -1
sphere {
	<29.668552, 37.129265, 30.580957> 0.100000
	pigment { color rgbt <1,0,0,0> }
	no_shadow
}
sphere {
	0, 1
	scale<0.080000,0.200000,0.300000>
	matrix <0.467839, 0.704106, -0.534193,
		-0.689703, -0.087099, -0.718835,
		-0.552664, 0.704733, 0.444875,
		29.502752, 37.340683, 30.714420>
	pigment { color rgbt <0,1,1,0> }
	no_shadow
}
cylinder {
	<29.545149, 37.280293, 29.869034>,  <29.889618, 36.847370, 30.403008>, 0.130000
	pigment { color rgbt <1,0,0,0> }
	no_shadow
}

// nucleotide -1

// particle -1
sphere {
	<29.545149, 37.280293, 29.869034> 0.250000
	pigment { color rgbt <1,0,0,0> }
	no_shadow
}
cylinder {
	<29.533133, 37.497433, 30.204752>,  <29.525923, 37.627716, 30.406183>, 0.100000
	pigment { color rgbt <1,0,0,0> }
	no_shadow
}
cylinder {
	<29.533133, 37.497433, 30.204752>,  <29.545149, 37.280293, 29.869034>, 0.100000
	pigment { color rgbt <1,0,0,0> }
	no_shadow
}

// particle -1
sphere {
	<29.533133, 37.497433, 30.204752> 0.100000
	pigment { color rgbt <1,0,0,0> }
	no_shadow
}
sphere {
	0, 1
	scale<0.080000,0.200000,0.300000>
	matrix <0.312631, 0.802647, -0.507956,
		-0.949400, 0.247129, -0.193824,
		-0.030041, 0.542848, 0.839293,
		29.524120, 37.660286, 30.456539>
	pigment { color rgbt <0,1,1,0> }
	no_shadow
}
cylinder {
	<29.305655, 37.928562, 29.648903>,  <29.545149, 37.280293, 29.869034>, 0.130000
	pigment { color rgbt <1,0,0,0> }
	no_shadow
}

// nucleotide -1

// particle -1
sphere {
	<29.305655, 37.928562, 29.648903> 0.250000
	pigment { color rgbt <1,0,0,0> }
	no_shadow
}
cylinder {
	<29.477219, 37.992523, 30.004536>,  <29.580156, 38.030899, 30.217915>, 0.100000
	pigment { color rgbt <1,0,0,0> }
	no_shadow
}
cylinder {
	<29.477219, 37.992523, 30.004536>,  <29.305655, 37.928562, 29.648903>, 0.100000
	pigment { color rgbt <1,0,0,0> }
	no_shadow
}

// particle -1
sphere {
	<29.477219, 37.992523, 30.004536> 0.100000
	pigment { color rgbt <1,0,0,0> }
	no_shadow
}
sphere {
	0, 1
	scale<0.080000,0.200000,0.300000>
	matrix <0.525033, 0.756777, -0.389396,
		-0.735103, 0.633813, 0.240634,
		0.428910, 0.159905, 0.889082,
		29.605892, 38.040493, 30.271259>
	pigment { color rgbt <0,1,1,0> }
	no_shadow
}
cylinder {
	<29.307701, 38.656147, 29.889631>,  <29.305655, 37.928562, 29.648903>, 0.130000
	pigment { color rgbt <1,0,0,0> }
	no_shadow
}

// nucleotide -1

// particle -1
sphere {
	<29.307701, 38.656147, 29.889631> 0.250000
	pigment { color rgbt <1,0,0,0> }
	no_shadow
}
cylinder {
	<29.591135, 38.518520, 30.136053>,  <29.761196, 38.435944, 30.283907>, 0.100000
	pigment { color rgbt <1,0,0,0> }
	no_shadow
}
cylinder {
	<29.591135, 38.518520, 30.136053>,  <29.307701, 38.656147, 29.889631>, 0.100000
	pigment { color rgbt <1,0,0,0> }
	no_shadow
}

// particle -1
sphere {
	<29.591135, 38.518520, 30.136053> 0.100000
	pigment { color rgbt <1,0,0,0> }
	no_shadow
}
sphere {
	0, 1
	scale<0.080000,0.200000,0.300000>
	matrix <0.413723, 0.909830, 0.032277,
		-0.571613, 0.232006, 0.787040,
		0.708585, -0.344067, 0.616057,
		29.803711, 38.415298, 30.320869>
	pigment { color rgbt <0,1,1,0> }
	no_shadow
}
cylinder {
	<29.316332, 39.112156, 30.473005>,  <29.307701, 38.656147, 29.889631>, 0.130000
	pigment { color rgbt <1,0,0,0> }
	no_shadow
}

// nucleotide -1

// particle -1
sphere {
	<29.316332, 39.112156, 30.473005> 0.250000
	pigment { color rgbt <1,0,0,0> }
	no_shadow
}
cylinder {
	<29.673325, 38.938366, 30.424498>,  <29.887520, 38.834091, 30.395393>, 0.100000
	pigment { color rgbt <1,0,0,0> }
	no_shadow
}
cylinder {
	<29.673325, 38.938366, 30.424498>,  <29.316332, 39.112156, 30.473005>, 0.100000
	pigment { color rgbt <1,0,0,0> }
	no_shadow
}

// particle -1
sphere {
	<29.673325, 38.938366, 30.424498> 0.100000
	pigment { color rgbt <1,0,0,0> }
	no_shadow
}
sphere {
	0, 1
	scale<0.080000,0.200000,0.300000>
	matrix <0.411799, 0.894491, -0.174088,
		0.184113, 0.105431, 0.977234,
		0.892482, -0.434476, -0.121271,
		29.941069, 38.808022, 30.388117>
	pigment { color rgbt <0,1,1,0> }
	no_shadow
}
cylinder {
	<29.744583, 39.551487, 30.863634>,  <29.316332, 39.112156, 30.473005>, 0.130000
	pigment { color rgbt <1,0,0,0> }
	no_shadow
}

// nucleotide -1

// particle -1
sphere {
	<29.744583, 39.551487, 30.863634> 0.250000
	pigment { color rgbt <1,0,0,0> }
	no_shadow
}
cylinder {
	<29.973415, 39.342709, 30.610559>,  <30.110716, 39.217442, 30.458715>, 0.100000
	pigment { color rgbt <1,0,0,0> }
	no_shadow
}
cylinder {
	<29.973415, 39.342709, 30.610559>,  <29.744583, 39.551487, 30.863634>, 0.100000
	pigment { color rgbt <1,0,0,0> }
	no_shadow
}

// particle -1
sphere {
	<29.973415, 39.342709, 30.610559> 0.100000
	pigment { color rgbt <1,0,0,0> }
	no_shadow
}
sphere {
	0, 1
	scale<0.080000,0.200000,0.300000>
	matrix <0.436219, 0.846862, -0.304201,
		0.694575, -0.101962, 0.712158,
		0.572083, -0.521947, -0.632687,
		30.145041, 39.186123, 30.420753>
	pigment { color rgbt <0,1,1,0> }
	no_shadow
}
cylinder {
	<30.395668, 39.764553, 31.046968>,  <29.744583, 39.551487, 30.863634>, 0.130000
	pigment { color rgbt <1,0,0,0> }
	no_shadow
}

// nucleotide -1

// particle -1
sphere {
	<30.395668, 39.764553, 31.046968> 0.250000
	pigment { color rgbt <1,0,0,0> }
	no_shadow
}
cylinder {
	<30.405006, 39.636707, 30.668064>,  <30.410610, 39.559998, 30.440722>, 0.100000
	pigment { color rgbt <1,0,0,0> }
	no_shadow
}
cylinder {
	<30.405006, 39.636707, 30.668064>,  <30.395668, 39.764553, 31.046968>, 0.100000
	pigment { color rgbt <1,0,0,0> }
	no_shadow
}

// particle -1
sphere {
	<30.405006, 39.636707, 30.668064> 0.100000
	pigment { color rgbt <1,0,0,0> }
	no_shadow
}
sphere {
	0, 1
	scale<0.080000,0.200000,0.300000>
	matrix <0.528717, 0.808113, -0.259638,
		0.848477, -0.494770, 0.187855,
		0.023347, -0.319618, -0.947259,
		30.412010, 39.540821, 30.383886>
	pigment { color rgbt <0,1,1,0> }
	no_shadow
}
cylinder {
	<31.097647, 39.867756, 30.810593>,  <30.395668, 39.764553, 31.046968>, 0.130000
	pigment { color rgbt <1,0,0,0> }
	no_shadow
}

// nucleotide -1

// particle -1
sphere {
	<31.097647, 39.867756, 30.810593> 0.250000
	pigment { color rgbt <1,0,0,0> }
	no_shadow
}
cylinder {
	<30.860332, 39.855808, 30.488817>,  <30.717945, 39.848640, 30.295752>, 0.100000
	pigment { color rgbt <1,0,0,0> }
	no_shadow
}
cylinder {
	<30.860332, 39.855808, 30.488817>,  <31.097647, 39.867756, 30.810593>, 0.100000
	pigment { color rgbt <1,0,0,0> }
	no_shadow
}

// particle -1
sphere {
	<30.860332, 39.855808, 30.488817> 0.100000
	pigment { color rgbt <1,0,0,0> }
	no_shadow
}
sphere {
	0, 1
	scale<0.080000,0.200000,0.300000>
	matrix <0.511262, 0.757904, -0.405207,
		0.621791, -0.651682, -0.434380,
		-0.593285, -0.029872, -0.804438,
		30.682346, 39.846848, 30.247486>
	pigment { color rgbt <0,1,1,0> }
	no_shadow
}
cylinder {
	<31.507458, 39.683910, 30.216270>,  <31.097647, 39.867756, 30.810593>, 0.130000
	pigment { color rgbt <1,0,0,0> }
	no_shadow
}

// nucleotide -1

// particle -1
sphere {
	<31.507458, 39.683910, 30.216270> 0.250000
	pigment { color rgbt <1,0,0,0> }
	no_shadow
}
cylinder {
	<31.182312, 39.907101, 30.149445>,  <30.987225, 40.041016, 30.109348>, 0.100000
	pigment { color rgbt <1,0,0,0> }
	no_shadow
}
cylinder {
	<31.182312, 39.907101, 30.149445>,  <31.507458, 39.683910, 30.216270>, 0.100000
	pigment { color rgbt <1,0,0,0> }
	no_shadow
}

// particle -1
sphere {
	<31.182312, 39.907101, 30.149445> 0.100000
	pigment { color rgbt <1,0,0,0> }
	no_shadow
}
sphere {
	0, 1
	scale<0.080000,0.200000,0.300000>
	matrix <0.581440, 0.760432, -0.289259,
		-0.034359, -0.332266, -0.942560,
		-0.812864, 0.557980, -0.167065,
		30.938454, 40.074493, 30.099325>
	pigment { color rgbt <0,1,1,0> }
	no_shadow
}
cylinder {
	<32.079563, 40.177143, 30.109436>,  <31.507458, 39.683910, 30.216270>, 0.130000
	pigment { color rgbt <1,0,0,0> }
	no_shadow
}

// nucleotide -1

// particle -1
sphere {
	<32.079563, 40.177143, 30.109436> 0.250000
	pigment { color rgbt <1,0,0,0> }
	no_shadow
}
cylinder {
	<31.690590, 40.153252, 30.019268>,  <31.457207, 40.138916, 29.965166>, 0.100000
	pigment { color rgbt <1,0,0,0> }
	no_shadow
}
cylinder {
	<31.690590, 40.153252, 30.019268>,  <32.079563, 40.177143, 30.109436>, 0.100000
	pigment { color rgbt <1,0,0,0> }
	no_shadow
}

// particle -1
sphere {
	<31.690590, 40.153252, 30.019268> 0.100000
	pigment { color rgbt <1,0,0,0> }
	no_shadow
}
sphere {
	0, 1
	scale<0.080000,0.200000,0.300000>
	matrix <-0.083060, 0.991960, 0.095481,
		0.217906, 0.111572, -0.969572,
		-0.972429, -0.059727, -0.225421,
		31.398861, 40.135334, 29.951641>
	pigment { color rgbt <0,1,1,0> }
	no_shadow
}
cylinder {
	<32.125164, 40.679844, 29.624409>,  <32.079563, 40.177143, 30.109436>, 0.130000
	pigment { color rgbt <1,0,0,0> }
	no_shadow
}

// nucleotide -1

// particle -1
sphere {
	<32.125164, 40.679844, 29.624409> 0.250000
	pigment { color rgbt <1,0,0,0> }
	no_shadow
}
cylinder {
	<31.755823, 40.629799, 29.769608>,  <31.534218, 40.599770, 29.856728>, 0.100000
	pigment { color rgbt <1,0,0,0> }
	no_shadow
}
cylinder {
	<31.755823, 40.629799, 29.769608>,  <32.125164, 40.679844, 29.624409>, 0.100000
	pigment { color rgbt <1,0,0,0> }
	no_shadow
}

// particle -1
sphere {
	<31.755823, 40.629799, 29.769608> 0.100000
	pigment { color rgbt <1,0,0,0> }
	no_shadow
}
sphere {
	0, 1
	scale<0.080000,0.200000,0.300000>
	matrix <-0.074462, 0.985820, 0.150380,
		-0.376666, 0.111824, -0.919575,
		-0.923351, -0.125116, 0.362999,
		31.478817, 40.592262, 29.878508>
	pigment { color rgbt <0,1,1,0> }
	no_shadow
}
cylinder {
	<31.539448, 40.914536, 29.232985>,  <32.125164, 40.679844, 29.624409>, 0.130000
	pigment { color rgbt <1,0,0,0> }
	no_shadow
}

// nucleotide -1

// particle -1
sphere {
	<31.539448, 40.914536, 29.232985> 0.250000
	pigment { color rgbt <1,0,0,0> }
	no_shadow
}
cylinder {
	<31.439594, 40.932495, 29.619904>,  <31.379683, 40.943272, 29.852055>, 0.100000
	pigment { color rgbt <1,0,0,0> }
	no_shadow
}
cylinder {
	<31.439594, 40.932495, 29.619904>,  <31.539448, 40.914536, 29.232985>, 0.100000
	pigment { color rgbt <1,0,0,0> }
	no_shadow
}

// particle -1
sphere {
	<31.439594, 40.932495, 29.619904> 0.100000
	pigment { color rgbt <1,0,0,0> }
	no_shadow
}
sphere {
	0, 1
	scale<0.080000,0.200000,0.300000>
	matrix <0.046563, 0.998325, -0.034324,
		-0.967221, 0.036472, -0.251304,
		-0.249632, 0.044900, 0.967299,
		31.364704, 40.945965, 29.910093>
	pigment { color rgbt <0,1,1,0> }
	no_shadow
}
cylinder {
	<30.895109, 41.458473, 29.188625>,  <31.539448, 40.914536, 29.232985>, 0.130000
	pigment { color rgbt <1,0,0,0> }
	no_shadow
}

// nucleotide -1

// particle -1
sphere {
	<30.895109, 41.458473, 29.188625> 0.250000
	pigment { color rgbt <1,0,0,0> }
	no_shadow
}
cylinder {
	<30.764908, 41.384800, 29.559597>,  <30.686787, 41.340595, 29.782179>, 0.100000
	pigment { color rgbt <1,0,0,0> }
	no_shadow
}
cylinder {
	<30.764908, 41.384800, 29.559597>,  <30.895109, 41.458473, 29.188625>, 0.100000
	pigment { color rgbt <1,0,0,0> }
	no_shadow
}

// particle -1
sphere {
	<30.764908, 41.384800, 29.559597> 0.100000
	pigment { color rgbt <1,0,0,0> }
	no_shadow
}
sphere {
	0, 1
	scale<0.080000,0.200000,0.300000>
	matrix <-0.000619, 0.980886, 0.194582,
		-0.945540, 0.062763, -0.319398,
		-0.325505, -0.184183, 0.927428,
		30.667255, 41.329544, 29.837826>
	pigment { color rgbt <0,1,1,0> }
	no_shadow
}
cylinder {
	<30.961145, 42.166790, 29.444075>,  <30.895109, 41.458473, 29.188625>, 0.130000
	pigment { color rgbt <1,0,0,0> }
	no_shadow
}

// nucleotide -1

// particle -1
sphere {
	<30.961145, 42.166790, 29.444075> 0.250000
	pigment { color rgbt <1,0,0,0> }
	no_shadow
}
cylinder {
	<30.856073, 41.954254, 29.766237>,  <30.793030, 41.826733, 29.959534>, 0.100000
	pigment { color rgbt <1,0,0,0> }
	no_shadow
}
cylinder {
	<30.856073, 41.954254, 29.766237>,  <30.961145, 42.166790, 29.444075>, 0.100000
	pigment { color rgbt <1,0,0,0> }
	no_shadow
}

// particle -1
sphere {
	<30.856073, 41.954254, 29.766237> 0.100000
	pigment { color rgbt <1,0,0,0> }
	no_shadow
}
sphere {
	0, 1
	scale<0.080000,0.200000,0.300000>
	matrix <0.070698, 0.821875, 0.565264,
		-0.962290, 0.205423, -0.178324,
		-0.262678, -0.531341, 0.805405,
		30.777269, 41.794853, 30.007858>
	pigment { color rgbt <0,1,1,0> }
	no_shadow
}
cylinder {
	<30.387236, 42.520077, 29.805735>,  <30.961145, 42.166790, 29.444075>, 0.130000
	pigment { color rgbt <1,0,0,0> }
	no_shadow
}

// nucleotide -1

// particle -1
sphere {
	<30.387236, 42.520077, 29.805735> 0.250000
	pigment { color rgbt <1,0,0,0> }
	no_shadow
}
cylinder {
	<30.594149, 42.285191, 30.054764>,  <30.718296, 42.144260, 30.204182>, 0.100000
	pigment { color rgbt <1,0,0,0> }
	no_shadow
}
cylinder {
	<30.594149, 42.285191, 30.054764>,  <30.387236, 42.520077, 29.805735>, 0.100000
	pigment { color rgbt <1,0,0,0> }
	no_shadow
}

// particle -1
sphere {
	<30.594149, 42.285191, 30.054764> 0.100000
	pigment { color rgbt <1,0,0,0> }
	no_shadow
}
sphere {
	0, 1
	scale<0.080000,0.200000,0.300000>
	matrix <-0.048392, 0.706229, 0.706328,
		-0.854446, -0.395498, 0.336903,
		0.517282, -0.587216, 0.622573,
		30.749332, 42.109024, 30.241535>
	pigment { color rgbt <0,1,1,0> }
	no_shadow
}
cylinder {
	<30.034918, 42.429306, 30.420671>,  <30.387236, 42.520077, 29.805735>, 0.130000
	pigment { color rgbt <1,0,0,0> }
	no_shadow
}

// nucleotide -1

// particle -1
sphere {
	<30.034918, 42.429306, 30.420671> 0.250000
	pigment { color rgbt <1,0,0,0> }
	no_shadow
}
cylinder {
	<30.427095, 42.415775, 30.498215>,  <30.662403, 42.407658, 30.544741>, 0.100000
	pigment { color rgbt <1,0,0,0> }
	no_shadow
}
cylinder {
	<30.427095, 42.415775, 30.498215>,  <30.034918, 42.429306, 30.420671>, 0.100000
	pigment { color rgbt <1,0,0,0> }
	no_shadow
}

// particle -1
sphere {
	<30.427095, 42.415775, 30.498215> 0.100000
	pigment { color rgbt <1,0,0,0> }
	no_shadow
}
sphere {
	0, 1
	scale<0.080000,0.200000,0.300000>
	matrix <-0.111358, 0.716845, 0.688282,
		-0.162251, -0.696411, 0.699061,
		0.980446, -0.033828, 0.193860,
		30.721230, 42.405628, 30.556372>
	pigment { color rgbt <0,1,1,0> }
	no_shadow
}
cylinder {
	<30.095722, 42.304600, 31.149553>,  <30.034918, 42.429306, 30.420671>, 0.130000
	pigment { color rgbt <1,0,0,0> }
	no_shadow
}

// nucleotide -1

// particle -1
sphere {
	<30.095722, 42.304600, 31.149553> 0.250000
	pigment { color rgbt <1,0,0,0> }
	no_shadow
}
cylinder {
	<30.390635, 42.514175, 30.978949>,  <30.567581, 42.639919, 30.876587>, 0.100000
	pigment { color rgbt <1,0,0,0> }
	no_shadow
}
cylinder {
	<30.390635, 42.514175, 30.978949>,  <30.095722, 42.304600, 31.149553>, 0.100000
	pigment { color rgbt <1,0,0,0> }
	no_shadow
}

// particle -1
sphere {
	<30.390635, 42.514175, 30.978949> 0.100000
	pigment { color rgbt <1,0,0,0> }
	no_shadow
}
sphere {
	0, 1
	scale<0.080000,0.200000,0.300000>
	matrix <-0.150472, 0.742810, 0.652374,
		0.658618, -0.416804, 0.626496,
		0.737279, 0.523935, -0.426511,
		30.611818, 42.671356, 30.850996>
	pigment { color rgbt <0,1,1,0> }
	no_shadow
}
cylinder {
	<30.568499, 42.465427, 31.612700>,  <30.095722, 42.304600, 31.149553>, 0.130000
	pigment { color rgbt <1,0,0,0> }
	no_shadow
}

// nucleotide -1

// particle -1
sphere {
	<30.568499, 42.465427, 31.612700> 0.250000
	pigment { color rgbt <1,0,0,0> }
	no_shadow
}
cylinder {
	<30.552498, 42.746334, 31.328384>,  <30.542898, 42.914879, 31.157795>, 0.100000
	pigment { color rgbt <1,0,0,0> }
	no_shadow
}
cylinder {
	<30.552498, 42.746334, 31.328384>,  <30.568499, 42.465427, 31.612700>, 0.100000
	pigment { color rgbt <1,0,0,0> }
	no_shadow
}

// particle -1
sphere {
	<30.552498, 42.746334, 31.328384> 0.100000
	pigment { color rgbt <1,0,0,0> }
	no_shadow
}
sphere {
	0, 1
	scale<0.080000,0.200000,0.300000>
	matrix <-0.372574, 0.649571, 0.662756,
		0.927140, 0.291331, 0.235665,
		-0.040000, 0.702271, -0.710786,
		30.540499, 42.957016, 31.115149>
	pigment { color rgbt <0,1,1,0> }
	no_shadow
}
cylinder {
	<31.021467, 43.149944, 31.719038>,  <30.568499, 42.465427, 31.612700>, 0.130000
	pigment { color rgbt <1,0,0,0> }
	no_shadow
}

// nucleotide -1

// particle -1
sphere {
	<31.021467, 43.149944, 31.719038> 0.250000
	pigment { color rgbt <1,0,0,0> }
	no_shadow
}
cylinder {
	<30.676863, 43.183750, 31.518776>,  <30.470100, 43.204033, 31.398619>, 0.100000
	pigment { color rgbt <1,0,0,0> }
	no_shadow
}
cylinder {
	<30.676863, 43.183750, 31.518776>,  <31.021467, 43.149944, 31.719038>, 0.100000
	pigment { color rgbt <1,0,0,0> }
	no_shadow
}

// particle -1
sphere {
	<30.676863, 43.183750, 31.518776> 0.100000
	pigment { color rgbt <1,0,0,0> }
	no_shadow
}
sphere {
	0, 1
	scale<0.080000,0.200000,0.300000>
	matrix <-0.300970, 0.709139, 0.637604,
		0.408921, 0.699985, -0.585495,
		-0.861511, 0.084513, -0.500656,
		30.418409, 43.209103, 31.368580>
	pigment { color rgbt <0,1,1,0> }
	no_shadow
}
cylinder {
	<30.396486, 43.269241, 31.989290>,  <31.021467, 43.149944, 31.719038>, 0.130000
	pigment { color rgbt <1,0,0,0> }
	no_shadow
}

// nucleotide -1

// particle -1
sphere {
	<30.396486, 43.269241, 31.989290> 0.250000
	pigment { color rgbt <1,0,0,0> }
	no_shadow
}
cylinder {
	<30.070910, 43.472149, 32.102551>,  <29.875565, 43.593895, 32.170506>, 0.100000
	pigment { color rgbt <1,0,0,0> }
	no_shadow
}
cylinder {
	<30.070910, 43.472149, 32.102551>,  <30.396486, 43.269241, 31.989290>, 0.100000
	pigment { color rgbt <1,0,0,0> }
	no_shadow
}

// particle -1
sphere {
	<30.070910, 43.472149, 32.102551> 0.100000
	pigment { color rgbt <1,0,0,0> }
	no_shadow
}
sphere {
	0, 1
	scale<0.080000,0.200000,0.300000>
	matrix <-0.211638, -0.712814, 0.668659,
		0.541026, 0.484324, 0.687547,
		-0.813941, 0.507274, 0.283150,
		29.826727, 43.624332, 32.187496>
	pigment { color rgbt <0,1,1,0> }
	no_shadow
}
cylinder {
	<30.404974, 43.507782, 32.769730>,  <30.396486, 43.269241, 31.989290>, 0.130000
	pigment { color rgbt <1,0,0,0> }
	no_shadow
}

// nucleotide -1

// particle -1
sphere {
	<30.404974, 43.507782, 32.769730> 0.250000
	pigment { color rgbt <1,0,0,0> }
	no_shadow
}
cylinder {
	<30.041208, 43.458607, 32.610806>,  <29.822948, 43.429104, 32.515450>, 0.100000
	pigment { color rgbt <1,0,0,0> }
	no_shadow
}
cylinder {
	<30.041208, 43.458607, 32.610806>,  <30.404974, 43.507782, 32.769730>, 0.100000
	pigment { color rgbt <1,0,0,0> }
	no_shadow
}

// particle -1
sphere {
	<30.041208, 43.458607, 32.610806> 0.100000
	pigment { color rgbt <1,0,0,0> }
	no_shadow
}
sphere {
	0, 1
	scale<0.080000,0.200000,0.300000>
	matrix <-0.190782, -0.725560, 0.661184,
		-0.369555, 0.677089, 0.636380,
		-0.909413, -0.122934, -0.397310,
		29.768385, 43.421726, 32.491611>
	pigment { color rgbt <0,1,1,0> }
	no_shadow
}
cylinder {
	<29.980600, 43.483418, 33.327980>,  <30.404974, 43.507782, 32.769730>, 0.130000
	pigment { color rgbt <1,0,0,0> }
	no_shadow
}

// nucleotide -1

// particle -1
sphere {
	<29.980600, 43.483418, 33.327980> 0.250000
	pigment { color rgbt <1,0,0,0> }
	no_shadow
}
cylinder {
	<29.804695, 43.281563, 33.030804>,  <29.699152, 43.160450, 32.852497>, 0.100000
	pigment { color rgbt <1,0,0,0> }
	no_shadow
}
cylinder {
	<29.804695, 43.281563, 33.030804>,  <29.980600, 43.483418, 33.327980>, 0.100000
	pigment { color rgbt <1,0,0,0> }
	no_shadow
}

// particle -1
sphere {
	<29.804695, 43.281563, 33.030804> 0.100000
	pigment { color rgbt <1,0,0,0> }
	no_shadow
}
sphere {
	0, 1
	scale<0.080000,0.200000,0.300000>
	matrix <-0.214657, -0.744187, 0.632542,
		-0.872085, 0.437644, 0.218942,
		-0.439762, -0.504632, -0.742937,
		29.672766, 43.130173, 32.807922>
	pigment { color rgbt <0,1,1,0> }
	no_shadow
}
cylinder {
	<29.383894, 43.272797, 33.641415>,  <29.980600, 43.483418, 33.327980>, 0.130000
	pigment { color rgbt <1,0,0,0> }
	no_shadow
}

// nucleotide -1

// particle -1
sphere {
	<29.383894, 43.272797, 33.641415> 0.250000
	pigment { color rgbt <1,0,0,0> }
	no_shadow
}
cylinder {
	<29.416647, 43.025253, 33.328926>,  <29.436298, 42.876728, 33.141434>, 0.100000
	pigment { color rgbt <1,0,0,0> }
	no_shadow
}
cylinder {
	<29.416647, 43.025253, 33.328926>,  <29.383894, 43.272797, 33.641415>, 0.100000
	pigment { color rgbt <1,0,0,0> }
	no_shadow
}

// particle -1
sphere {
	<29.416647, 43.025253, 33.328926> 0.100000
	pigment { color rgbt <1,0,0,0> }
	no_shadow
}
sphere {
	0, 1
	scale<0.080000,0.200000,0.300000>
	matrix <-0.237301, -0.773420, 0.587801,
		-0.967979, 0.137256, -0.210184,
		0.081881, -0.618856, -0.781226,
		29.441212, 42.839596, 33.094559>
	pigment { color rgbt <0,1,1,0> }
	no_shadow
}
cylinder {
	<28.821203, 42.844070, 33.690754>,  <29.383894, 43.272797, 33.641415>, 0.130000
	pigment { color rgbt <1,0,0,0> }
	no_shadow
}

// nucleotide -1

// particle -1
sphere {
	<28.821203, 42.844070, 33.690754> 0.250000
	pigment { color rgbt <1,0,0,0> }
	no_shadow
}
cylinder {
	<29.060587, 42.644558, 33.439976>,  <29.204216, 42.524849, 33.289509>, 0.100000
	pigment { color rgbt <1,0,0,0> }
	no_shadow
}
cylinder {
	<29.060587, 42.644558, 33.439976>,  <28.821203, 42.844070, 33.690754>, 0.100000
	pigment { color rgbt <1,0,0,0> }
	no_shadow
}

// particle -1
sphere {
	<29.060587, 42.644558, 33.439976> 0.100000
	pigment { color rgbt <1,0,0,0> }
	no_shadow
}
sphere {
	0, 1
	scale<0.080000,0.200000,0.300000>
	matrix <-0.193166, -0.849303, 0.491295,
		-0.777517, -0.172914, -0.604621,
		0.598459, -0.498783, -0.626947,
		29.240124, 42.494923, 33.251892>
	pigment { color rgbt <0,1,1,0> }
	no_shadow
}
cylinder {
	<28.606993, 42.177071, 33.809444>,  <28.821203, 42.844070, 33.690754>, 0.130000
	pigment { color rgbt <1,0,0,0> }
	no_shadow
}

// nucleotide -1

// particle -1
sphere {
	<28.606993, 42.177071, 33.809444> 0.250000
	pigment { color rgbt <1,0,0,0> }
	no_shadow
}
cylinder {
	<28.950874, 42.118458, 33.613716>,  <29.157204, 42.083290, 33.496281>, 0.100000
	pigment { color rgbt <1,0,0,0> }
	no_shadow
}
cylinder {
	<28.950874, 42.118458, 33.613716>,  <28.606993, 42.177071, 33.809444>, 0.100000
	pigment { color rgbt <1,0,0,0> }
	no_shadow
}

// particle -1
sphere {
	<28.950874, 42.118458, 33.613716> 0.100000
	pigment { color rgbt <1,0,0,0> }
	no_shadow
}
sphere {
	0, 1
	scale<0.080000,0.200000,0.300000>
	matrix <0.040331, -0.935501, 0.351014,
		-0.509194, -0.321503, -0.798346,
		0.859706, -0.146536, -0.489319,
		29.208786, 42.074497, 33.466919>
	pigment { color rgbt <0,1,1,0> }
	no_shadow
}
cylinder {
	<28.563225, 41.508545, 33.494797>,  <28.606993, 42.177071, 33.809444>, 0.130000
	pigment { color rgbt <1,0,0,0> }
	no_shadow
}

// nucleotide -1

// particle -1
sphere {
	<28.563225, 41.508545, 33.494797> 0.250000
	pigment { color rgbt <1,0,0,0> }
	no_shadow
}
cylinder {
	<28.959276, 41.564548, 33.497543>,  <29.196907, 41.598152, 33.499191>, 0.100000
	pigment { color rgbt <1,0,0,0> }
	no_shadow
}
cylinder {
	<28.959276, 41.564548, 33.497543>,  <28.563225, 41.508545, 33.494797>, 0.100000
	pigment { color rgbt <1,0,0,0> }
	no_shadow
}

// particle -1
sphere {
	<28.959276, 41.564548, 33.497543> 0.100000
	pigment { color rgbt <1,0,0,0> }
	no_shadow
}
sphere {
	0, 1
	scale<0.080000,0.200000,0.300000>
	matrix <0.134416, -0.962191, 0.236901,
		0.039778, -0.233638, -0.971510,
		0.990126, 0.140010, 0.006870,
		29.256313, 41.606552, 33.499603>
	pigment { color rgbt <0,1,1,0> }
	no_shadow
}
cylinder {
	<28.887430, 41.001675, 33.068336>,  <28.563225, 41.508545, 33.494797>, 0.130000
	pigment { color rgbt <1,0,0,0> }
	no_shadow
}

// nucleotide -1

// particle -1
sphere {
	<28.887430, 41.001675, 33.068336> 0.250000
	pigment { color rgbt <1,0,0,0> }
	no_shadow
}
cylinder {
	<29.155249, 41.123981, 33.339104>,  <29.315941, 41.197365, 33.501564>, 0.100000
	pigment { color rgbt <1,0,0,0> }
	no_shadow
}
cylinder {
	<29.155249, 41.123981, 33.339104>,  <28.887430, 41.001675, 33.068336>, 0.100000
	pigment { color rgbt <1,0,0,0> }
	no_shadow
}

// particle -1
sphere {
	<29.155249, 41.123981, 33.339104> 0.100000
	pigment { color rgbt <1,0,0,0> }
	no_shadow
}
sphere {
	0, 1
	scale<0.080000,0.200000,0.300000>
	matrix <0.173802, -0.950534, 0.257446,
