// switches for output
#declare DRAW_BASES = 1; // possible values are 0, 1; only relevant for DNA ribbons
#declare DRAW_BASES_TYPE = 3; // possible values are 1, 2, 3; only relevant for DNA ribbons
#declare DRAW_FOG = 0; // set to 1 to enable fog

#include "colors.inc"

#include "transforms.inc"
background { rgb <1, 1, 1>}

#default {
   normal{
       ripples 0.25
       frequency 0.20
       turbulence 0.2
       lambda 5
   }
	finish {
		phong 0.1
		phong_size 40.
	}
}

// original window dimensions: 1024x640


// camera settings

camera {
	sky <0, 0.179814, -0.983701>
	up <0, 0.179814, -0.983701>
	right 1.6 * <1, 0, 0>
	location <35, 94.9851, 44.8844>
	look_at <35, 29.7336, 32.9568>
	direction <0, -65.2515, -11.9276>
	angle 67.0682
}


# declare cpy_camera_pos = <35, 94.9851, 44.8844>;
# if (DRAW_FOG = 1)
fog {
	fog_type 2
	up vnormalize(cpy_camera_pos)
	color rgbt<1,1,1,0.3>
	distance 1e-5
	fog_alt 3e-3
	fog_offset 56
}
# end


// LIGHTS

# declare lum = 6;
global_settings {
	ambient_light rgb lum * <0.05, 0.05, 0.05>
	max_trace_level 15
}# declare cpy_direct_light_amount = 0.25;
light_source
{	1000 * <-1, -1.16352, -0.803886>,
	rgb lum * cpy_direct_light_amount
	parallel
}

light_source
{	1000 * <1, 1.16352, 0.803886>,
	rgb lum * cpy_direct_light_amount
	parallel
}

// strand 0

// nucleotide -1

// particle -1
sphere {
	<24.154446, 34.939884, 35.280174> 0.250000
	pigment { color rgbt <1,0,0,0> }
	no_shadow
}
cylinder {
	<24.291338, 34.853935, 34.914288>,  <24.373472, 34.802368, 34.694756>, 0.100000
	pigment { color rgbt <1,0,0,0> }
	no_shadow
}
cylinder {
	<24.291338, 34.853935, 34.914288>,  <24.154446, 34.939884, 35.280174>, 0.100000
	pigment { color rgbt <1,0,0,0> }
	no_shadow
}

// particle -1
sphere {
	<24.291338, 34.853935, 34.914288> 0.100000
	pigment { color rgbt <1,0,0,0> }
	no_shadow
}
sphere {
	0, 1
	scale<0.080000,0.200000,0.300000>
	matrix <0.936511, -0.001078, 0.350636,
		-0.076327, -0.976642, 0.200859,
		0.342229, -0.214870, -0.914719,
		24.394007, 34.789474, 34.639874>
	pigment { color rgbt <0,1,1,0> }
	no_shadow
}
cylinder {
	<24.558060, 34.310425, 35.194237>,  <24.154446, 34.939884, 35.280174>, 0.130000
	pigment { color rgbt <1,0,0,0> }
	no_shadow
}

// nucleotide -1

// particle -1
sphere {
	<24.558060, 34.310425, 35.194237> 0.250000
	pigment { color rgbt <1,0,0,0> }
	no_shadow
}
cylinder {
	<24.707781, 34.539513, 34.902515>,  <24.797613, 34.676964, 34.727482>, 0.100000
	pigment { color rgbt <1,0,0,0> }
	no_shadow
}
cylinder {
	<24.707781, 34.539513, 34.902515>,  <24.558060, 34.310425, 35.194237>, 0.100000
	pigment { color rgbt <1,0,0,0> }
	no_shadow
}

// particle -1
sphere {
	<24.707781, 34.539513, 34.902515> 0.100000
	pigment { color rgbt <1,0,0,0> }
	no_shadow
}
sphere {
	0, 1
	scale<0.080000,0.200000,0.300000>
	matrix <0.927096, -0.214393, 0.307456,
		0.019728, -0.791220, -0.611214,
		0.374305, 0.572719, -0.729307,
		24.820072, 34.711327, 34.683723>
	pigment { color rgbt <0,1,1,0> }
	no_shadow
}
cylinder {
	<25.128456, 33.851830, 34.973957>,  <24.558060, 34.310425, 35.194237>, 0.130000
	pigment { color rgbt <1,0,0,0> }
	no_shadow
}

// nucleotide -1

// particle -1
sphere {
	<25.128456, 33.851830, 34.973957> 0.250000
	pigment { color rgbt <1,0,0,0> }
	no_shadow
}
cylinder {
	<25.192751, 34.237392, 34.889065>,  <25.231329, 34.468731, 34.838131>, 0.100000
	pigment { color rgbt <1,0,0,0> }
	no_shadow
}
cylinder {
	<25.192751, 34.237392, 34.889065>,  <25.128456, 33.851830, 34.973957>, 0.100000
	pigment { color rgbt <1,0,0,0> }
	no_shadow
}

// particle -1
sphere {
	<25.192751, 34.237392, 34.889065> 0.100000
	pigment { color rgbt <1,0,0,0> }
	no_shadow
}
sphere {
	0, 1
	scale<0.080000,0.200000,0.300000>
	matrix <0.954512, -0.097100, 0.281920,
		0.251138, -0.247890, -0.935671,
		0.160739, 0.963910, -0.212229,
		25.240973, 34.526566, 34.825397>
	pigment { color rgbt <0,1,1,0> }
	no_shadow
}
cylinder {
	<25.782696, 34.079815, 34.547447>,  <25.128456, 33.851830, 34.973957>, 0.130000
	pigment { color rgbt <1,0,0,0> }
	no_shadow
}

// nucleotide -1

// particle -1
sphere {
	<25.782696, 34.079815, 34.547447> 0.250000
	pigment { color rgbt <1,0,0,0> }
	no_shadow
}
cylinder {
	<25.717175, 34.355503, 34.829765>,  <25.677862, 34.520916, 34.999157>, 0.100000
	pigment { color rgbt <1,0,0,0> }
	no_shadow
}
cylinder {
	<25.717175, 34.355503, 34.829765>,  <25.782696, 34.079815, 34.547447>, 0.100000
	pigment { color rgbt <1,0,0,0> }
	no_shadow
}

// particle -1
sphere {
	<25.717175, 34.355503, 34.829765> 0.100000
	pigment { color rgbt <1,0,0,0> }
	no_shadow
}
sphere {
	0, 1
	scale<0.080000,0.200000,0.300000>
	matrix <0.866416, -0.241584, 0.436990,
		0.471691, 0.683092, -0.557579,
		-0.163803, 0.689219, 0.705794,
		25.668034, 34.562267, 35.041504>
	pigment { color rgbt <0,1,1,0> }
	no_shadow
}
cylinder {
	<26.425747, 34.531208, 34.730278>,  <25.782696, 34.079815, 34.547447>, 0.130000
	pigment { color rgbt <1,0,0,0> }
	no_shadow
}

// nucleotide -1

// particle -1
sphere {
	<26.425747, 34.531208, 34.730278> 0.250000
	pigment { color rgbt <1,0,0,0> }
	no_shadow
}
cylinder {
	<26.194452, 34.508091, 35.055805>,  <26.055676, 34.494221, 35.251122>, 0.100000
	pigment { color rgbt <1,0,0,0> }
	no_shadow
}
cylinder {
	<26.194452, 34.508091, 35.055805>,  <26.425747, 34.531208, 34.730278>, 0.100000
	pigment { color rgbt <1,0,0,0> }
	no_shadow
}

// particle -1
sphere {
	<26.194452, 34.508091, 35.055805> 0.100000
	pigment { color rgbt <1,0,0,0> }
	no_shadow
}
sphere {
	0, 1
	scale<0.080000,0.200000,0.300000>
	matrix <0.787113, -0.302017, 0.537809,
		0.214705, 0.951549, 0.220128,
		-0.578234, -0.057795, 0.813821,
		26.020983, 34.490753, 35.299953>
	pigment { color rgbt <0,1,1,0> }
	no_shadow
}
cylinder {
	<26.934486, 34.033890, 34.439487>,  <26.425747, 34.531208, 34.730278>, 0.130000
	pigment { color rgbt <1,0,0,0> }
	no_shadow
}

// nucleotide -1

// particle -1
sphere {
	<26.934486, 34.033890, 34.439487> 0.250000
	pigment { color rgbt <1,0,0,0> }
	no_shadow
}
cylinder {
	<27.184723, 34.331551, 34.533184>,  <27.334866, 34.510147, 34.589401>, 0.100000
	pigment { color rgbt <1,0,0,0> }
	no_shadow
}
cylinder {
	<27.184723, 34.331551, 34.533184>,  <26.934486, 34.033890, 34.439487>, 0.100000
	pigment { color rgbt <1,0,0,0> }
	no_shadow
}

// particle -1
sphere {
	<27.184723, 34.331551, 34.533184> 0.100000
	pigment { color rgbt <1,0,0,0> }
	no_shadow
}
sphere {
	0, 1
	scale<0.080000,0.200000,0.300000>
	matrix <0.274806, 0.070815, -0.958888,
		-0.730148, 0.664245, -0.160196,
		0.625592, 0.744153, 0.234244,
		27.372400, 34.554798, 34.603458>
	pigment { color rgbt <0,1,1,0> }
	no_shadow
}
cylinder {
	<26.986017, 34.268990, 33.718773>,  <26.934486, 34.033890, 34.439487>, 0.130000
	pigment { color rgbt <1,0,0,0> }
	no_shadow
}

// nucleotide -1

// particle -1
sphere {
	<26.986017, 34.268990, 33.718773> 0.250000
	pigment { color rgbt <1,0,0,0> }
	no_shadow
}
cylinder {
	<27.300611, 34.411308, 33.920700>,  <27.489368, 34.496700, 34.041859>, 0.100000
	pigment { color rgbt <1,0,0,0> }
	no_shadow
}
cylinder {
	<27.300611, 34.411308, 33.920700>,  <26.986017, 34.268990, 33.718773>, 0.100000
	pigment { color rgbt <1,0,0,0> }
	no_shadow
}

// particle -1
sphere {
	<27.300611, 34.411308, 33.920700> 0.100000
	pigment { color rgbt <1,0,0,0> }
	no_shadow
}
sphere {
	0, 1
	scale<0.080000,0.200000,0.300000>
	matrix <0.490926, 0.135804, -0.860551,
		-0.374738, 0.924644, -0.067862,
		0.786487, 0.355797, 0.504823,
		27.536558, 34.518047, 34.072147>
	pigment { color rgbt <0,1,1,0> }
	no_shadow
}
cylinder {
	<27.242388, 34.938080, 33.461754>,  <26.986017, 34.268990, 33.718773>, 0.130000
	pigment { color rgbt <1,0,0,0> }
	no_shadow
}

// nucleotide -1

// particle -1
sphere {
	<27.242388, 34.938080, 33.461754> 0.250000
	pigment { color rgbt <1,0,0,0> }
	no_shadow
}
cylinder {
	<27.554781, 34.736423, 33.609215>,  <27.742218, 34.615429, 33.697689>, 0.100000
	pigment { color rgbt <1,0,0,0> }
	no_shadow
}
cylinder {
	<27.554781, 34.736423, 33.609215>,  <27.242388, 34.938080, 33.461754>, 0.100000
	pigment { color rgbt <1,0,0,0> }
	no_shadow
}

// particle -1
sphere {
	<27.554781, 34.736423, 33.609215> 0.100000
	pigment { color rgbt <1,0,0,0> }
	no_shadow
}
sphere {
	0, 1
	scale<0.080000,0.200000,0.300000>
	matrix <0.414614, -0.022922, -0.909708,
		0.467073, 0.863316, 0.191123,
		0.780985, -0.504143, 0.368649,
		27.789076, 34.585182, 33.719810>
	pigment { color rgbt <0,1,1,0> }
	no_shadow
}
cylinder {
	<27.738476, 35.257309, 33.180573>,  <27.242388, 34.938080, 33.461754>, 0.130000
	pigment { color rgbt <1,0,0,0> }
	no_shadow
}

// nucleotide -1

// particle -1
sphere {
	<27.738476, 35.257309, 33.180573> 0.250000
	pigment { color rgbt <1,0,0,0> }
	no_shadow
}
cylinder {
	<27.876699, 34.892143, 33.267456>,  <27.959635, 34.673046, 33.319588>, 0.100000
	pigment { color rgbt <1,0,0,0> }
	no_shadow
}
cylinder {
	<27.876699, 34.892143, 33.267456>,  <27.738476, 35.257309, 33.180573>, 0.100000
	pigment { color rgbt <1,0,0,0> }
	no_shadow
}

// particle -1
sphere {
	<27.876699, 34.892143, 33.267456> 0.100000
	pigment { color rgbt <1,0,0,0> }
	no_shadow
}
sphere {
	0, 1
	scale<0.080000,0.200000,0.300000>
	matrix <0.238444, -0.138451, -0.961237,
		0.907597, 0.383958, 0.169835,
		0.345561, -0.912912, 0.217210,
		27.980368, 34.618271, 33.332619>
	pigment { color rgbt <0,1,1,0> }
	no_shadow
}
cylinder {
	<28.333929, 35.144249, 32.748184>,  <27.738476, 35.257309, 33.180573>, 0.130000
	pigment { color rgbt <1,0,0,0> }
	no_shadow
}

// nucleotide -1

// particle -1
sphere {
	<28.333929, 35.144249, 32.748184> 0.250000
	pigment { color rgbt <1,0,0,0> }
	no_shadow
}
cylinder {
	<28.221565, 34.779423, 32.867668>,  <28.154146, 34.560528, 32.939358>, 0.100000
	pigment { color rgbt <1,0,0,0> }
	no_shadow
}
cylinder {
	<28.221565, 34.779423, 32.867668>,  <28.333929, 35.144249, 32.748184>, 0.100000
	pigment { color rgbt <1,0,0,0> }
	no_shadow
}

// particle -1
sphere {
	<28.221565, 34.779423, 32.867668> 0.100000
	pigment { color rgbt <1,0,0,0> }
	no_shadow
}
sphere {
	0, 1
	scale<0.080000,0.200000,0.300000>
	matrix <0.140086, -0.346872, -0.927392,
		0.949455, -0.218671, 0.225208,
		-0.280912, -0.912065, 0.298707,
		28.137291, 34.505802, 32.957279>
	pigment { color rgbt <0,1,1,0> }
	no_shadow
}
cylinder {
	<28.789354, 34.718723, 32.367962>,  <28.333929, 35.144249, 32.748184>, 0.130000
	pigment { color rgbt <1,0,0,0> }
	no_shadow
}

// nucleotide -1

// particle -1
sphere {
	<28.789354, 34.718723, 32.367962> 0.250000
	pigment { color rgbt <1,0,0,0> }
	no_shadow
}
cylinder {
	<28.504440, 34.469242, 32.496738>,  <28.333492, 34.319553, 32.574005>, 0.100000
	pigment { color rgbt <1,0,0,0> }
	no_shadow
}
cylinder {
	<28.504440, 34.469242, 32.496738>,  <28.789354, 34.718723, 32.367962>, 0.100000
	pigment { color rgbt <1,0,0,0> }
	no_shadow
}

// particle -1
sphere {
	<28.504440, 34.469242, 32.496738> 0.100000
	pigment { color rgbt <1,0,0,0> }
	no_shadow
}
sphere {
	0, 1
	scale<0.080000,0.200000,0.300000>
	matrix <0.023478, -0.479588, -0.877180,
		0.701495, -0.617245, 0.356247,
		-0.712287, -0.623701, 0.321937,
		28.290754, 34.282131, 32.593319>
	pigment { color rgbt <0,1,1,0> }
	no_shadow
}
cylinder {
	<29.020498, 34.066994, 32.297958>,  <28.789354, 34.718723, 32.367962>, 0.130000
	pigment { color rgbt <1,0,0,0> }
	no_shadow
}

// nucleotide -1

// particle -1
sphere {
	<29.020498, 34.066994, 32.297958> 0.250000
	pigment { color rgbt <1,0,0,0> }
	no_shadow
}
cylinder {
	<28.625166, 34.006947, 32.308319>,  <28.387966, 33.970921, 32.314537>, 0.100000
	pigment { color rgbt <1,0,0,0> }
	no_shadow
}
cylinder {
	<28.625166, 34.006947, 32.308319>,  <29.020498, 34.066994, 32.297958>, 0.100000
	pigment { color rgbt <1,0,0,0> }
	no_shadow
}

// particle -1
sphere {
	<28.625166, 34.006947, 32.308319> 0.100000
	pigment { color rgbt <1,0,0,0> }
	no_shadow
}
sphere {
	0, 1
	scale<0.080000,0.200000,0.300000>
	matrix <0.081861, -0.666768, -0.740756,
		0.128469, -0.729990, 0.671275,
		-0.988329, -0.150115, 0.025901,
		28.328667, 33.961910, 32.316090>
	pigment { color rgbt <0,1,1,0> }
	no_shadow
}
cylinder {
	<28.982992, 33.304310, 32.206383>,  <29.020498, 34.066994, 32.297958>, 0.130000
	pigment { color rgbt <1,0,0,0> }
	no_shadow
}

// nucleotide -1

// particle -1
sphere {
	<28.982992, 33.304310, 32.206383> 0.250000
	pigment { color rgbt <1,0,0,0> }
	no_shadow
}
cylinder {
	<28.617863, 33.450172, 32.132866>,  <28.398785, 33.537689, 32.088757>, 0.100000
	pigment { color rgbt <1,0,0,0> }
	no_shadow
}
cylinder {
	<28.617863, 33.450172, 32.132866>,  <28.982992, 33.304310, 32.206383>, 0.100000
	pigment { color rgbt <1,0,0,0> }
	no_shadow
}

// particle -1
sphere {
	<28.617863, 33.450172, 32.132866> 0.100000
	pigment { color rgbt <1,0,0,0> }
	no_shadow
}
sphere {
	0, 1
	scale<0.080000,0.200000,0.300000>
	matrix <0.034558, -0.379475, -0.924556,
		-0.406898, -0.850305, 0.333790,
		-0.912820, 0.364665, -0.183793,
		28.344015, 33.559570, 32.077728>
	pigment { color rgbt <0,1,1,0> }
	no_shadow
}
cylinder {
	<28.656326, 32.770050, 31.921913>,  <28.982992, 33.304310, 32.206383>, 0.130000
	pigment { color rgbt <1,0,0,0> }
	no_shadow
}

// nucleotide -1

// particle -1
sphere {
	<28.656326, 32.770050, 31.921913> 0.250000
	pigment { color rgbt <1,0,0,0> }
	no_shadow
}
cylinder {
	<28.444094, 33.083614, 31.792934>,  <28.316755, 33.271751, 31.715548>, 0.100000
	pigment { color rgbt <1,0,0,0> }
	no_shadow
}
cylinder {
	<28.444094, 33.083614, 31.792934>,  <28.656326, 32.770050, 31.921913>, 0.100000
	pigment { color rgbt <1,0,0,0> }
	no_shadow
}

// particle -1
sphere {
	<28.444094, 33.083614, 31.792934> 0.100000
	pigment { color rgbt <1,0,0,0> }
	no_shadow
}
sphere {
	0, 1
	scale<0.080000,0.200000,0.300000>
	matrix <0.080777, -0.331915, -0.939845,
		-0.843778, -0.524709, 0.112786,
		-0.530580, 0.783909, -0.322446,
		28.284920, 33.318787, 31.696201>
	pigment { color rgbt <0,1,1,0> }
	no_shadow
}
cylinder {
	<28.090359, 32.529449, 31.457083>,  <28.656326, 32.770050, 31.921913>, 0.130000
	pigment { color rgbt <1,0,0,0> }
	no_shadow
}

// nucleotide -1

// particle -1
sphere {
	<28.090359, 32.529449, 31.457083> 0.250000
	pigment { color rgbt <1,0,0,0> }
	no_shadow
}
cylinder {
	<28.117998, 32.916985, 31.361942>,  <28.134583, 33.149506, 31.304859>, 0.100000
	pigment { color rgbt <1,0,0,0> }
	no_shadow
}
cylinder {
	<28.117998, 32.916985, 31.361942>,  <28.090359, 32.529449, 31.457083>, 0.100000
	pigment { color rgbt <1,0,0,0> }
	no_shadow
}

// particle -1
sphere {
	<28.117998, 32.916985, 31.361942> 0.100000
	pigment { color rgbt <1,0,0,0> }
	no_shadow
}
sphere {
	0, 1
	scale<0.080000,0.200000,0.300000>
	matrix <0.084910, -0.243265, -0.966236,
		-0.993990, 0.046570, -0.099073,
		0.069099, 0.968841, -0.237849,
		28.138727, 33.207638, 31.290588>
	pigment { color rgbt <0,1,1,0> }
	no_shadow
}
cylinder {
	<27.557514, 32.661579, 31.073244>,  <28.090359, 32.529449, 31.457083>, 0.130000
	pigment { color rgbt <1,0,0,0> }
	no_shadow
}

// nucleotide -1

// particle -1
sphere {
	<27.557514, 32.661579, 31.073244> 0.250000
	pigment { color rgbt <1,0,0,0> }
	no_shadow
}
cylinder {
	<27.853256, 32.913139, 30.977045>,  <28.030701, 33.064075, 30.919327>, 0.100000
	pigment { color rgbt <1,0,0,0> }
	no_shadow
}
cylinder {
	<27.853256, 32.913139, 30.977045>,  <27.557514, 32.661579, 31.073244>, 0.100000
	pigment { color rgbt <1,0,0,0> }
	no_shadow
}

// particle -1
sphere {
	<27.853256, 32.913139, 30.977045> 0.100000
	pigment { color rgbt <1,0,0,0> }
	no_shadow
}
sphere {
	0, 1
	scale<0.080000,0.200000,0.300000>
	matrix <-0.039594, -0.315955, -0.947948,
		-0.672150, 0.710393, -0.208703,
		0.739356, 0.628900, -0.240496,
		28.075064, 33.101810, 30.904896>
	pigment { color rgbt <0,1,1,0> }
	no_shadow
}
cylinder {
	<27.355104, 32.883965, 30.503559>,  <27.557514, 32.661579, 31.073244>, 0.130000
	pigment { color rgbt <1,0,0,0> }
	no_shadow
}

// nucleotide -1

// particle -1
sphere {
	<27.355104, 32.883965, 30.503559> 0.250000
	pigment { color rgbt <1,0,0,0> }
	no_shadow
}
cylinder {
	<27.737940, 32.998302, 30.484503>,  <27.967642, 33.066906, 30.473068>, 0.100000
	pigment { color rgbt <1,0,0,0> }
	no_shadow
}
cylinder {
	<27.737940, 32.998302, 30.484503>,  <27.355104, 32.883965, 30.503559>, 0.100000
	pigment { color rgbt <1,0,0,0> }
	no_shadow
}

// particle -1
sphere {
	<27.737940, 32.998302, 30.484503> 0.100000
	pigment { color rgbt <1,0,0,0> }
	no_shadow
}
sphere {
	0, 1
	scale<0.080000,0.200000,0.300000>
	matrix <-0.006446, -0.143360, -0.989650,
		-0.289717, 0.947491, -0.135366,
		0.957091, 0.285846, -0.047641,
		28.025066, 33.084057, 30.470211>
	pigment { color rgbt <0,1,1,0> }
	no_shadow
}
cylinder {
	<27.443563, 33.287472, 29.815655>,  <27.355104, 32.883965, 30.503559>, 0.130000
	pigment { color rgbt <1,0,0,0> }
	no_shadow
}

// nucleotide -1

// particle -1
sphere {
	<27.443563, 33.287472, 29.815655> 0.250000
	pigment { color rgbt <1,0,0,0> }
	no_shadow
}
cylinder {
	<27.820108, 33.180664, 29.898153>,  <28.046036, 33.116581, 29.947653>, 0.100000
	pigment { color rgbt <1,0,0,0> }
	no_shadow
}
cylinder {
	<27.820108, 33.180664, 29.898153>,  <27.443563, 33.287472, 29.815655>, 0.100000
	pigment { color rgbt <1,0,0,0> }
	no_shadow
}

// particle -1
sphere {
	<27.820108, 33.180664, 29.898153> 0.100000
	pigment { color rgbt <1,0,0,0> }
	no_shadow
}
sphere {
	0, 1
	scale<0.080000,0.200000,0.300000>
	matrix <0.135218, -0.261470, -0.955693,
		0.309116, 0.927542, -0.210032,
		0.941363, -0.267020, 0.206245,
		28.102518, 33.100559, 29.960026>
	pigment { color rgbt <0,1,1,0> }
	no_shadow
}
cylinder {
	<27.877295, 33.649994, 29.328171>,  <27.443563, 33.287472, 29.815655>, 0.130000
	pigment { color rgbt <1,0,0,0> }
	no_shadow
}

// nucleotide -1

// particle -1
sphere {
	<27.877295, 33.649994, 29.328171> 0.250000
	pigment { color rgbt <1,0,0,0> }
	no_shadow
}
cylinder {
	<28.119633, 33.357502, 29.453552>,  <28.265036, 33.182007, 29.528782>, 0.100000
	pigment { color rgbt <1,0,0,0> }
	no_shadow
}
cylinder {
	<28.119633, 33.357502, 29.453552>,  <27.877295, 33.649994, 29.328171>, 0.100000
	pigment { color rgbt <1,0,0,0> }
	no_shadow
}

// particle -1
sphere {
	<28.119633, 33.357502, 29.453552> 0.100000
	pigment { color rgbt <1,0,0,0> }
	no_shadow
}
sphere {
	0, 1
	scale<0.080000,0.200000,0.300000>
	matrix <0.063337, -0.348413, -0.935199,
		0.793057, 0.586440, -0.164771,
		0.605846, -0.731230, 0.313454,
		28.301386, 33.138134, 29.547588>
	pigment { color rgbt <0,1,1,0> }
	no_shadow
}
cylinder {
	<28.456326, 33.561234, 28.838442>,  <27.877295, 33.649994, 29.328171>, 0.130000
	pigment { color rgbt <1,0,0,0> }
	no_shadow
}

// nucleotide -1

// particle -1
sphere {
	<28.456326, 33.561234, 28.838442> 0.250000
	pigment { color rgbt <1,0,0,0> }
	no_shadow
}
cylinder {
	<28.461071, 33.202198, 29.014709>,  <28.463919, 32.986774, 29.120470>, 0.100000
	pigment { color rgbt <1,0,0,0> }
	no_shadow
}
cylinder {
	<28.461071, 33.202198, 29.014709>,  <28.456326, 33.561234, 28.838442>, 0.100000
	pigment { color rgbt <1,0,0,0> }
	no_shadow
}

// particle -1
sphere {
	<28.461071, 33.202198, 29.014709> 0.100000
	pigment { color rgbt <1,0,0,0> }
	no_shadow
}
sphere {
	0, 1
	scale<0.080000,0.200000,0.300000>
	matrix <0.168051, -0.432643, -0.885764,
		0.985707, 0.084564, 0.145708,
		0.011864, -0.897591, 0.440671,
		28.464630, 32.932922, 29.146910>
	pigment { color rgbt <0,1,1,0> }
	no_shadow
}
cylinder {
	<28.973063, 33.230690, 28.438391>,  <28.456326, 33.561234, 28.838442>, 0.130000
	pigment { color rgbt <1,0,0,0> }
	no_shadow
}

// nucleotide -1

// particle -1
sphere {
	<28.973063, 33.230690, 28.438391> 0.250000
	pigment { color rgbt <1,0,0,0> }
	no_shadow
}
cylinder {
	<28.767744, 32.938927, 28.619272>,  <28.644552, 32.763870, 28.727800>, 0.100000
	pigment { color rgbt <1,0,0,0> }
	no_shadow
}
cylinder {
	<28.767744, 32.938927, 28.619272>,  <28.973063, 33.230690, 28.438391>, 0.100000
	pigment { color rgbt <1,0,0,0> }
	no_shadow
}

// particle -1
sphere {
	<28.767744, 32.938927, 28.619272> 0.100000
	pigment { color rgbt <1,0,0,0> }
	no_shadow
}
sphere {
	0, 1
	scale<0.080000,0.200000,0.300000>
	matrix <0.044084, -0.548628, -0.834903,
		0.857078, -0.408618, 0.313764,
		-0.513296, -0.729409, 0.452204,
		28.613754, 32.720104, 28.754934>
	pigment { color rgbt <0,1,1,0> }
	no_shadow
}
cylinder {
	<29.355286, 32.634163, 28.383764>,  <28.973063, 33.230690, 28.438391>, 0.130000
	pigment { color rgbt <1,0,0,0> }
	no_shadow
}

// nucleotide -1

// particle -1
sphere {
	<29.355286, 32.634163, 28.383764> 0.250000
	pigment { color rgbt <1,0,0,0> }
	no_shadow
}
cylinder {
	<28.975351, 32.522362, 28.439898>,  <28.747391, 32.455280, 28.473577>, 0.100000
	pigment { color rgbt <1,0,0,0> }
	no_shadow
}
cylinder {
	<28.975351, 32.522362, 28.439898>,  <29.355286, 32.634163, 28.383764>, 0.100000
	pigment { color rgbt <1,0,0,0> }
	no_shadow
}

// particle -1
sphere {
	<28.975351, 32.522362, 28.439898> 0.100000
	pigment { color rgbt <1,0,0,0> }
	no_shadow
}
sphere {
	0, 1
	scale<0.080000,0.200000,0.300000>
	matrix <0.055160, -0.591376, -0.804507,
		0.307853, -0.756407, 0.577127,
		-0.949834, -0.279504, 0.140334,
		28.690401, 32.438511, 28.481998>
	pigment { color rgbt <0,1,1,0> }
	no_shadow
}
cylinder {
	<29.442011, 31.873220, 28.268763>,  <29.355286, 32.634163, 28.383764>, 0.130000
	pigment { color rgbt <1,0,0,0> }
	no_shadow
}

// nucleotide -1

// particle -1
sphere {
	<29.442011, 31.873220, 28.268763> 0.250000
	pigment { color rgbt <1,0,0,0> }
	no_shadow
}
cylinder {
	<29.049978, 31.942421, 28.229746>,  <28.814758, 31.983940, 28.206335>, 0.100000
	pigment { color rgbt <1,0,0,0> }
	no_shadow
}
cylinder {
	<29.049978, 31.942421, 28.229746>,  <29.442011, 31.873220, 28.268763>, 0.100000
	pigment { color rgbt <1,0,0,0> }
	no_shadow
}

// particle -1
sphere {
	<29.049978, 31.942421, 28.229746> 0.100000
	pigment { color rgbt <1,0,0,0> }
	no_shadow
}
sphere {
	0, 1
	scale<0.080000,0.200000,0.300000>
	matrix <-0.051705, -0.696470, -0.715720,
		-0.191756, -0.696420, 0.691541,
		-0.980080, 0.173000, -0.097544,
		28.755955, 31.994322, 28.200483>
	pigment { color rgbt <0,1,1,0> }
	no_shadow
}
cylinder {
	<29.105927, 31.228384, 28.427507>,  <29.442011, 31.873220, 28.268763>, 0.130000
	pigment { color rgbt <1,0,0,0> }
	no_shadow
}

// nucleotide -1

// particle -1
sphere {
	<29.105927, 31.228384, 28.427507> 0.250000
	pigment { color rgbt <1,0,0,0> }
	no_shadow
}
cylinder {
	<28.888634, 31.460066, 28.184387>,  <28.758259, 31.599075, 28.038515>, 0.100000
	pigment { color rgbt <1,0,0,0> }
	no_shadow
}
cylinder {
	<28.888634, 31.460066, 28.184387>,  <29.105927, 31.228384, 28.427507>, 0.100000
	pigment { color rgbt <1,0,0,0> }
	no_shadow
}

// particle -1
sphere {
	<28.888634, 31.460066, 28.184387> 0.100000
	pigment { color rgbt <1,0,0,0> }
	no_shadow
}
sphere {
	0, 1
	scale<0.080000,0.200000,0.300000>
	matrix <-0.191648, -0.790366, -0.581887,
		-0.817417, -0.199615, 0.540354,
		-0.543231, 0.579203, -0.607803,
		28.725664, 31.633827, 28.002047>
	pigment { color rgbt <0,1,1,0> }
	no_shadow
}
cylinder {
	<28.540115, 30.808214, 28.109503>,  <29.105927, 31.228384, 28.427507>, 0.130000
	pigment { color rgbt <1,0,0,0> }
	no_shadow
}

// nucleotide -1

// particle -1
sphere {
	<28.540115, 30.808214, 28.109503> 0.250000
	pigment { color rgbt <1,0,0,0> }
	no_shadow
}
cylinder {
	<28.611380, 31.137854, 27.894423>,  <28.654139, 31.335636, 27.765373>, 0.100000
	pigment { color rgbt <1,0,0,0> }
	no_shadow
}
cylinder {
	<28.611380, 31.137854, 27.894423>,  <28.540115, 30.808214, 28.109503>, 0.100000
	pigment { color rgbt <1,0,0,0> }
	no_shadow
}

// particle -1
sphere {
	<28.611380, 31.137854, 27.894423> 0.100000
	pigment { color rgbt <1,0,0,0> }
	no_shadow
}
sphere {
	0, 1
	scale<0.080000,0.200000,0.300000>
	matrix <-0.172132, -0.511917, -0.841613,
		-0.968829, 0.242498, 0.050651,
		0.178160, 0.824097, -0.537702,
		28.664827, 31.385082, 27.733112>
	pigment { color rgbt <0,1,1,0> }
	no_shadow
}
cylinder {
	<27.984474, 30.891855, 27.738138>,  <28.540115, 30.808214, 28.109503>, 0.130000
	pigment { color rgbt <1,0,0,0> }
	no_shadow
}

// nucleotide -1

// particle -1
sphere {
	<27.984474, 30.891855, 27.738138> 0.250000
	pigment { color rgbt <1,0,0,0> }
	no_shadow
}
cylinder {
	<28.313509, 31.037062, 27.563065>,  <28.510931, 31.124186, 27.458021>, 0.100000
	pigment { color rgbt <1,0,0,0> }
	no_shadow
}
cylinder {
	<28.313509, 31.037062, 27.563065>,  <27.984474, 30.891855, 27.738138>, 0.100000
	pigment { color rgbt <1,0,0,0> }
	no_shadow
}

// particle -1
sphere {
	<28.313509, 31.037062, 27.563065> 0.100000
	pigment { color rgbt <1,0,0,0> }
	no_shadow
}
sphere {
	0, 1
	scale<0.080000,0.200000,0.300000>
	matrix <-0.148112, -0.606356, -0.781278,
		-0.549009, 0.707496, -0.445014,
		0.822588, 0.363017, -0.437684,
		28.560286, 31.145967, 27.431759>
	pigment { color rgbt <0,1,1,0> }
	no_shadow
}
cylinder {
	<27.908865, 31.126165, 26.985813>,  <27.984474, 30.891855, 27.738138>, 0.130000
	pigment { color rgbt <1,0,0,0> }
	no_shadow
}

// nucleotide -1

// particle -1
sphere {
	<27.908865, 31.126165, 26.985813> 0.250000
	pigment { color rgbt <1,0,0,0> }
	no_shadow
}
cylinder {
	<28.294756, 31.023893, 27.010899>,  <28.526291, 30.962530, 27.025949>, 0.100000
	pigment { color rgbt <1,0,0,0> }
	no_shadow
}
cylinder {
	<28.294756, 31.023893, 27.010899>,  <27.908865, 31.126165, 26.985813>, 0.100000
	pigment { color rgbt <1,0,0,0> }
	no_shadow
}

// particle -1
sphere {
	<28.294756, 31.023893, 27.010899> 0.100000
	pigment { color rgbt <1,0,0,0> }
	no_shadow
}
sphere {
	0, 1
	scale<0.080000,0.200000,0.300000>
	matrix <-0.154205, -0.741902, -0.652536,
		0.213368, 0.619847, -0.755158,
		0.964725, -0.255679, 0.062715,
		28.584173, 30.947189, 27.029713>
	pigment { color rgbt <0,1,1,0> }
	no_shadow
}
cylinder {
	<28.137402, 30.922165, 26.353857>,  <27.908865, 31.126165, 26.985813>, 0.130000
	pigment { color rgbt <1,0,0,0> }
	no_shadow
}

// nucleotide -1

// particle -1
sphere {
	<28.137402, 30.922165, 26.353857> 0.250000
	pigment { color rgbt <1,0,0,0> }
	no_shadow
}
cylinder {
	<28.399893, 30.751419, 26.602743>,  <28.557386, 30.648972, 26.752075>, 0.100000
	pigment { color rgbt <1,0,0,0> }
	no_shadow
}
cylinder {
	<28.399893, 30.751419, 26.602743>,  <28.137402, 30.922165, 26.353857>, 0.100000
	pigment { color rgbt <1,0,0,0> }
	no_shadow
}

// particle -1
sphere {
	<28.399893, 30.751419, 26.602743> 0.100000
	pigment { color rgbt <1,0,0,0> }
	no_shadow
}
sphere {
	0, 1
	scale<0.080000,0.200000,0.300000>
	matrix <-0.050527, -0.847610, -0.528209,
		0.752871, 0.315186, -0.577792,
		0.656226, -0.426867, 0.622215,
		28.596760, 30.623360, 26.789408>
	pigment { color rgbt <0,1,1,0> }
	no_shadow
}
cylinder {
	<28.616880, 30.481005, 25.987917>,  <28.137402, 30.922165, 26.353857>, 0.130000
	pigment { color rgbt <1,0,0,0> }
	no_shadow
}

// nucleotide -1

// particle -1
sphere {
	<28.616880, 30.481005, 25.987917> 0.250000
	pigment { color rgbt <1,0,0,0> }
	no_shadow
}
cylinder {
	<28.576660, 30.342630, 26.361059>,  <28.552528, 30.259605, 26.584944>, 0.100000
	pigment { color rgbt <1,0,0,0> }
	no_shadow
}
cylinder {
	<28.576660, 30.342630, 26.361059>,  <28.616880, 30.481005, 25.987917>, 0.100000
	pigment { color rgbt <1,0,0,0> }
	no_shadow
}

// particle -1
sphere {
	<28.576660, 30.342630, 26.361059> 0.100000
	pigment { color rgbt <1,0,0,0> }
	no_shadow
}
sphere {
	0, 1
	scale<0.080000,0.200000,0.300000>
	matrix <-0.043279, -0.935198, -0.351469,
		0.993990, -0.075712, 0.079061,
		-0.100548, -0.345936, 0.932855,
		28.546495, 30.238850, 26.640915>
	pigment { color rgbt <0,1,1,0> }
	no_shadow
}
cylinder {
	<29.153576, 29.875910, 26.270144>,  <28.616880, 30.481005, 25.987917>, 0.130000
	pigment { color rgbt <1,0,0,0> }
	no_shadow
}

// nucleotide -1

// particle -1
sphere {
	<29.153576, 29.875910, 26.270144> 0.250000
	pigment { color rgbt <1,0,0,0> }
	no_shadow
}
cylinder {
	<28.812328, 29.851692, 26.477421>,  <28.607580, 29.837162, 26.601788>, 0.100000
	pigment { color rgbt <1,0,0,0> }
	no_shadow
}
cylinder {
	<28.812328, 29.851692, 26.477421>,  <29.153576, 29.875910, 26.270144>, 0.100000
	pigment { color rgbt <1,0,0,0> }
	no_shadow
}

// particle -1
sphere {
	<28.812328, 29.851692, 26.477421> 0.100000
	pigment { color rgbt <1,0,0,0> }
	no_shadow
}
sphere {
	0, 1
	scale<0.080000,0.200000,0.300000>
	matrix <-0.076982, -0.967764, -0.239803,
		0.516009, -0.244472, 0.820956,
		-0.853117, -0.060542, 0.518195,
		28.556393, 29.833530, 26.632879>
	pigment { color rgbt <0,1,1,0> }
	no_shadow
}
cylinder {
	<29.133150, 29.151632, 26.579937>,  <29.153576, 29.875910, 26.270144>, 0.130000
	pigment { color rgbt <1,0,0,0> }
	no_shadow
}

// nucleotide -1

// particle -1
sphere {
	<29.133150, 29.151632, 26.579937> 0.250000
	pigment { color rgbt <1,0,0,0> }
	no_shadow
}
cylinder {
	<28.762718, 29.301844, 26.565228>,  <28.540459, 29.391972, 26.556402>, 0.100000
	pigment { color rgbt <1,0,0,0> }
	no_shadow
}
cylinder {
	<28.762718, 29.301844, 26.565228>,  <29.133150, 29.151632, 26.579937>, 0.100000
	pigment { color rgbt <1,0,0,0> }
	no_shadow
}

// particle -1
sphere {
	<28.762718, 29.301844, 26.565228> 0.100000
	pigment { color rgbt <1,0,0,0> }
	no_shadow
}
sphere {
	0, 1
	scale<0.080000,0.200000,0.300000>
	matrix <-0.360898, -0.909988, -0.204145,
		-0.110127, -0.175782, 0.978250,
		-0.926080, 0.375530, -0.036775,
		28.484894, 29.414503, 26.554195>
	pigment { color rgbt <0,1,1,0> }
	no_shadow
}
cylinder {
	<29.103735, 29.126352, 27.331770>,  <29.133150, 29.151632, 26.579937>, 0.130000
	pigment { color rgbt <1,0,0,0> }
	no_shadow
}

// nucleotide -1

// particle -1
sphere {
	<29.103735, 29.126352, 27.331770> 0.250000
	pigment { color rgbt <1,0,0,0> }
	no_shadow
}
cylinder {
	<29.209553, 28.783432, 27.155113>,  <29.273043, 28.577679, 27.049120>, 0.100000
	pigment { color rgbt <1,0,0,0> }
	no_shadow
}
cylinder {
	<29.209553, 28.783432, 27.155113>,  <29.103735, 29.126352, 27.331770>, 0.100000
	pigment { color rgbt <1,0,0,0> }
	no_shadow
}

// particle -1
sphere {
	<29.209553, 28.783432, 27.155113> 0.100000
	pigment { color rgbt <1,0,0,0> }
	no_shadow
}
sphere {
	0, 1
	scale<0.080000,0.200000,0.300000>
	matrix <0.777981, -0.080902, 0.623057,
		-0.569878, -0.508416, 0.645563,
		0.264545, -0.857303, -0.441642,
		29.288916, 28.526241, 27.022621>
	pigment { color rgbt <0,1,1,0> }
	no_shadow
}
cylinder {
	<28.995073, 28.420124, 27.756235>,  <29.103735, 29.126352, 27.331770>, 0.130000
	pigment { color rgbt <1,0,0,0> }
	no_shadow
}

// nucleotide -1

// particle -1
sphere {
	<28.995073, 28.420124, 27.756235> 0.250000
	pigment { color rgbt <1,0,0,0> }
	no_shadow
}
cylinder {
	<29.311499, 28.460505, 27.514894>,  <29.501354, 28.484734, 27.370090>, 0.100000
	pigment { color rgbt <1,0,0,0> }
	no_shadow
}
cylinder {
	<29.311499, 28.460505, 27.514894>,  <28.995073, 28.420124, 27.756235>, 0.100000
	pigment { color rgbt <1,0,0,0> }
	no_shadow
}

// particle -1
sphere {
	<29.311499, 28.460505, 27.514894> 0.100000
	pigment { color rgbt <1,0,0,0> }
	no_shadow
}
sphere {
	0, 1
	scale<0.080000,0.200000,0.300000>
	matrix <0.598179, 0.078841, 0.797475,
		0.128080, -0.991762, 0.001977,
		0.791061, 0.100958, -0.603349,
		29.548817, 28.490789, 27.333889>
	pigment { color rgbt <0,1,1,0> }
	no_shadow
}
cylinder {
	<29.413507, 28.056120, 28.150921>,  <28.995073, 28.420124, 27.756235>, 0.130000
	pigment { color rgbt <1,0,0,0> }
	no_shadow
}

// nucleotide -1

// particle -1
sphere {
	<29.413507, 28.056120, 28.150921> 0.250000
	pigment { color rgbt <1,0,0,0> }
	no_shadow
}
cylinder {
	<29.654074, 28.237022, 27.887478>,  <29.798412, 28.345564, 27.729412>, 0.100000
	pigment { color rgbt <1,0,0,0> }
	no_shadow
}
cylinder {
	<29.654074, 28.237022, 27.887478>,  <29.413507, 28.056120, 28.150921>, 0.100000
	pigment { color rgbt <1,0,0,0> }
	no_shadow
}

// particle -1
sphere {
	<29.654074, 28.237022, 27.887478> 0.100000
	pigment { color rgbt <1,0,0,0> }
	no_shadow
}
sphere {
	0, 1
	scale<0.080000,0.200000,0.300000>
	matrix <0.697555, 0.104662, 0.708846,
		0.389512, -0.885726, -0.252528,
		0.601413, 0.452256, -0.658609,
		29.834497, 28.372700, 27.689896>
	pigment { color rgbt <0,1,1,0> }
	no_shadow
}
cylinder {
	<30.023838, 27.822582, 28.261757>,  <29.413507, 28.056120, 28.150921>, 0.130000
	pigment { color rgbt <1,0,0,0> }
	no_shadow
}

// nucleotide -1

// particle -1
sphere {
	<30.023838, 27.822582, 28.261757> 0.250000
	pigment { color rgbt <1,0,0,0> }
	no_shadow
}
cylinder {
	<30.069983, 28.196648, 28.127794>,  <30.097670, 28.421087, 28.047417>, 0.100000
	pigment { color rgbt <1,0,0,0> }
	no_shadow
}
cylinder {
	<30.069983, 28.196648, 28.127794>,  <30.023838, 27.822582, 28.261757>, 0.100000
	pigment { color rgbt <1,0,0,0> }
	no_shadow
}

// particle -1
sphere {
	<30.069983, 28.196648, 28.127794> 0.100000
	pigment { color rgbt <1,0,0,0> }
	no_shadow
}
sphere {
	0, 1
	scale<0.080000,0.200000,0.300000>
	matrix <0.416366, 0.260582, 0.871055,
		0.901848, -0.239930, -0.359309,
		0.115363, 0.935163, -0.334904,
		30.104591, 28.477196, 28.027323>
	pigment { color rgbt <0,1,1,0> }
	no_shadow
}
cylinder {
	<30.755333, 28.116182, 28.453054>,  <30.023838, 27.822582, 28.261757>, 0.130000
	pigment { color rgbt <1,0,0,0> }
	no_shadow
}

// nucleotide -1

// particle -1
sphere {
	<30.755333, 28.116182, 28.453054> 0.250000
	pigment { color rgbt <1,0,0,0> }
	no_shadow
}
cylinder {
	<30.490124, 28.412825, 28.412212>,  <30.330999, 28.590809, 28.387707>, 0.100000
	pigment { color rgbt <1,0,0,0> }
	no_shadow
}
cylinder {
	<30.490124, 28.412825, 28.412212>,  <30.755333, 28.116182, 28.453054>, 0.100000
	pigment { color rgbt <1,0,0,0> }
	no_shadow
}

// particle -1
sphere {
	<30.490124, 28.412825, 28.412212> 0.100000
	pigment { color rgbt <1,0,0,0> }
	no_shadow
}
sphere {
	0, 1
	scale<0.080000,0.200000,0.300000>
	matrix <0.309095, 0.395426, 0.864927,
		0.681808, 0.541906, -0.491402,
		-0.663022, 0.741604, -0.102104,
		30.291218, 28.635305, 28.381580>
	pigment { color rgbt <0,1,1,0> }
	no_shadow
}
cylinder {
	<31.180143, 28.689749, 28.720840>,  <30.755333, 28.116182, 28.453054>, 0.130000
	pigment { color rgbt <1,0,0,0> }
	no_shadow
}

// nucleotide -1

// particle -1
sphere {
	<31.180143, 28.689749, 28.720840> 0.250000
	pigment { color rgbt <1,0,0,0> }
	no_shadow
}
cylinder {
	<30.796638, 28.802876, 28.709604>,  <30.566536, 28.870752, 28.702862>, 0.100000
	pigment { color rgbt <1,0,0,0> }
	no_shadow
}
cylinder {
	<30.796638, 28.802876, 28.709604>,  <31.180143, 28.689749, 28.720840>, 0.100000
	pigment { color rgbt <1,0,0,0> }
	no_shadow
}

// particle -1
sphere {
	<30.796638, 28.802876, 28.709604> 0.100000
	pigment { color rgbt <1,0,0,0> }
	no_shadow
}
sphere {
	0, 1
	scale<0.080000,0.200000,0.300000>
	matrix <0.194958, 0.726381, 0.659062,
		0.206798, 0.626407, -0.751564,
		-0.958763, 0.282816, -0.028091,
		30.509010, 28.887720, 28.701178>
	pigment { color rgbt <0,1,1,0> }
	no_shadow
}
cylinder {
	<31.193026, 29.452831, 28.647448>,  <31.180143, 28.689749, 28.720840>, 0.130000
	pigment { color rgbt <1,0,0,0> }
	no_shadow
}

// nucleotide -1

// particle -1
sphere {
	<31.193026, 29.452831, 28.647448> 0.250000
	pigment { color rgbt <1,0,0,0> }
	no_shadow
}
cylinder {
	<30.843620, 29.349304, 28.812366>,  <30.633978, 29.287188, 28.911318>, 0.100000
	pigment { color rgbt <1,0,0,0> }
	no_shadow
}
cylinder {
	<30.843620, 29.349304, 28.812366>,  <31.193026, 29.452831, 28.647448>, 0.100000
	pigment { color rgbt <1,0,0,0> }
	no_shadow
}

// particle -1
sphere {
	<30.843620, 29.349304, 28.812366> 0.100000
	pigment { color rgbt <1,0,0,0> }
	no_shadow
}
sphere {
	0, 1
	scale<0.080000,0.200000,0.300000>
	matrix <0.105671, 0.725942, 0.679589,
		-0.475193, 0.637198, -0.606770,
		-0.873513, -0.258818, 0.412296,
		30.581566, 29.271658, 28.936056>
	pigment { color rgbt <0,1,1,0> }
	no_shadow
}
cylinder {
	<30.819187, 30.041283, 28.690859>,  <31.193026, 29.452831, 28.647448>, 0.130000
	pigment { color rgbt <1,0,0,0> }
	no_shadow
}

// nucleotide -1

// particle -1
sphere {
	<30.819187, 30.041283, 28.690859> 0.250000
	pigment { color rgbt <1,0,0,0> }
	no_shadow
}
cylinder {
	<30.685225, 29.782890, 28.965244>,  <30.604847, 29.627855, 29.129875>, 0.100000
	pigment { color rgbt <1,0,0,0> }
	no_shadow
}
cylinder {
	<30.685225, 29.782890, 28.965244>,  <30.819187, 30.041283, 28.690859>, 0.100000
	pigment { color rgbt <1,0,0,0> }
	no_shadow
}

// particle -1
sphere {
	<30.685225, 29.782890, 28.965244> 0.100000
	pigment { color rgbt <1,0,0,0> }
	no_shadow
}
sphere {
	0, 1
	scale<0.080000,0.200000,0.300000>
	matrix <0.151265, 0.681705, 0.715819,
		-0.930030, 0.343496, -0.130595,
		-0.334908, -0.645979, 0.685965,
		30.584753, 29.589096, 29.171034>
	pigment { color rgbt <0,1,1,0> }
	no_shadow
}
cylinder {
	<30.362684, 30.443306, 29.084358>,  <30.819187, 30.041283, 28.690859>, 0.130000
	pigment { color rgbt <1,0,0,0> }
	no_shadow
}

// nucleotide -1

// particle -1
sphere {
	<30.362684, 30.443306, 29.084358> 0.250000
	pigment { color rgbt <1,0,0,0> }
	no_shadow
}
cylinder {
	<30.465622, 30.135378, 29.317991>,  <30.527384, 29.950621, 29.458170>, 0.100000
	pigment { color rgbt <1,0,0,0> }
	no_shadow
}
cylinder {
	<30.465622, 30.135378, 29.317991>,  <30.362684, 30.443306, 29.084358>, 0.100000
	pigment { color rgbt <1,0,0,0> }
	no_shadow
}

// particle -1
sphere {
	<30.465622, 30.135378, 29.317991> 0.100000
	pigment { color rgbt <1,0,0,0> }
	no_shadow
}
sphere {
	0, 1
	scale<0.080000,0.200000,0.300000>
	matrix <0.182868, 0.632314, 0.752820,
		-0.948859, -0.086924, 0.303498,
		0.257344, -0.769820, 0.584081,
		30.542826, 29.904432, 29.493216>
	pigment { color rgbt <0,1,1,0> }
	no_shadow
}
cylinder {
	<30.028852, 30.536753, 29.724695>,  <30.362684, 30.443306, 29.084358>, 0.130000
	pigment { color rgbt <1,0,0,0> }
	no_shadow
}

// nucleotide -1

// particle -1
sphere {
	<30.028852, 30.536753, 29.724695> 0.250000
	pigment { color rgbt <1,0,0,0> }
	no_shadow
}
cylinder {
	<30.327772, 30.287115, 29.815952>,  <30.507124, 30.137333, 29.870707>, 0.100000
	pigment { color rgbt <1,0,0,0> }
	no_shadow
}
cylinder {
	<30.327772, 30.287115, 29.815952>,  <30.028852, 30.536753, 29.724695>, 0.100000
	pigment { color rgbt <1,0,0,0> }
	no_shadow
}

// particle -1
sphere {
	<30.327772, 30.287115, 29.815952> 0.100000
	pigment { color rgbt <1,0,0,0> }
	no_shadow
}
sphere {
	0, 1
	scale<0.080000,0.200000,0.300000>
	matrix <0.141643, 0.485061, 0.862933,
		-0.649215, -0.612554, 0.450884,
		0.747299, -0.624094, 0.228145,
		30.551962, 30.099888, 29.884396>
	pigment { color rgbt <0,1,1,0> }
	no_shadow
}
cylinder {
	<29.991489, 30.566616, 30.496042>,  <30.028852, 30.536753, 29.724695>, 0.130000
	pigment { color rgbt <1,0,0,0> }
	no_shadow
}

// nucleotide -1

// particle -1
sphere {
	<29.991489, 30.566616, 30.496042> 0.250000
	pigment { color rgbt <1,0,0,0> }
	no_shadow
}
cylinder {
	<30.345678, 30.393381, 30.428661>,  <30.558191, 30.289440, 30.388233>, 0.100000
	pigment { color rgbt <1,0,0,0> }
	no_shadow
}
cylinder {
	<30.345678, 30.393381, 30.428661>,  <29.991489, 30.566616, 30.496042>, 0.100000
	pigment { color rgbt <1,0,0,0> }
	no_shadow
}

// particle -1
sphere {
	<30.345678, 30.393381, 30.428661> 0.100000
	pigment { color rgbt <1,0,0,0> }
	no_shadow
}
sphere {
	0, 1
	scale<0.080000,0.200000,0.300000>
	matrix <0.376714, 0.456753, 0.805893,
		-0.272080, -0.777053, 0.567592,
		0.885471, -0.433087, -0.168453,
		30.611320, 30.263454, 30.378126>
	pigment { color rgbt <0,1,1,0> }
	no_shadow
}
cylinder {
	<30.215002, 30.295877, 31.091852>,  <29.991489, 30.566616, 30.496042>, 0.130000
	pigment { color rgbt <1,0,0,0> }
	no_shadow
}

// nucleotide -1

// particle -1
sphere {
	<30.215002, 30.295877, 31.091852> 0.250000
	pigment { color rgbt <1,0,0,0> }
	no_shadow
}
cylinder {
	<30.545994, 30.351158, 30.874163>,  <30.744589, 30.384327, 30.743549>, 0.100000
	pigment { color rgbt <1,0,0,0> }
	no_shadow
}
cylinder {
	<30.545994, 30.351158, 30.874163>,  <30.215002, 30.295877, 31.091852>, 0.100000
	pigment { color rgbt <1,0,0,0> }
	no_shadow
}

// particle -1
sphere {
	<30.545994, 30.351158, 30.874163> 0.100000
	pigment { color rgbt <1,0,0,0> }
	no_shadow
}
sphere {
	0, 1
	scale<0.080000,0.200000,0.300000>
	matrix <0.415335, 0.501596, 0.758879,
