// switches for output
#declare DRAW_BASES = 1; // possible values are 0, 1; only relevant for DNA ribbons
#declare DRAW_BASES_TYPE = 3; // possible values are 1, 2, 3; only relevant for DNA ribbons
#declare DRAW_FOG = 0; // set to 1 to enable fog

#include "colors.inc"

#include "transforms.inc"
background { rgb <1, 1, 1>}

#default {
   normal{
       ripples 0.25
       frequency 0.20
       turbulence 0.2
       lambda 5
   }
	finish {
		phong 0.1
		phong_size 40.
	}
}

// original window dimensions: 1024x640


// camera settings

camera {
	sky <0, 0.179814, -0.983701>
	up <0, 0.179814, -0.983701>
	right 1.6 * <1, 0, 0>
	location <35, 94.9851, 44.8844>
	look_at <35, 29.7336, 32.9568>
	direction <0, -65.2515, -11.9276>
	angle 67.0682
}


# declare cpy_camera_pos = <35, 94.9851, 44.8844>;
# if (DRAW_FOG = 1)
fog {
	fog_type 2
	up vnormalize(cpy_camera_pos)
	color rgbt<1,1,1,0.3>
	distance 1e-5
	fog_alt 3e-3
	fog_offset 56
}
# end


// LIGHTS

# declare lum = 6;
global_settings {
	ambient_light rgb lum * <0.05, 0.05, 0.05>
	max_trace_level 15
}# declare cpy_direct_light_amount = 0.25;
light_source
{	1000 * <-1, -1.16352, -0.803886>,
	rgb lum * cpy_direct_light_amount
	parallel
}

light_source
{	1000 * <1, 1.16352, 0.803886>,
	rgb lum * cpy_direct_light_amount
	parallel
}

// strand 0

// nucleotide -1

// particle -1
sphere {
	<24.134327, 34.860069, 35.539593> 0.250000
	pigment { color rgbt <1,0,0,0> }
	no_shadow
}
cylinder {
	<24.409386, 34.808590, 35.253773>,  <24.574421, 34.777702, 35.082283>, 0.100000
	pigment { color rgbt <1,0,0,0> }
	no_shadow
}
cylinder {
	<24.409386, 34.808590, 35.253773>,  <24.134327, 34.860069, 35.539593>, 0.100000
	pigment { color rgbt <1,0,0,0> }
	no_shadow
}

// particle -1
sphere {
	<24.409386, 34.808590, 35.253773> 0.100000
	pigment { color rgbt <1,0,0,0> }
	no_shadow
}
sphere {
	0, 1
	scale<0.080000,0.200000,0.300000>
	matrix <0.577705, -0.499126, 0.645857,
		-0.439768, -0.856919, -0.268874,
		0.687649, -0.128697, -0.714546,
		24.615681, 34.769981, 35.039410>
	pigment { color rgbt <0,1,1,0> }
	no_shadow
}
cylinder {
	<24.353313, 34.055271, 35.476929>,  <24.134327, 34.860069, 35.539593>, 0.130000
	pigment { color rgbt <1,0,0,0> }
	no_shadow
}

// nucleotide -1

// particle -1
sphere {
	<24.353313, 34.055271, 35.476929> 0.250000
	pigment { color rgbt <1,0,0,0> }
	no_shadow
}
cylinder {
	<24.625181, 34.334850, 35.387913>,  <24.788301, 34.502598, 35.334503>, 0.100000
	pigment { color rgbt <1,0,0,0> }
	no_shadow
}
cylinder {
	<24.625181, 34.334850, 35.387913>,  <24.353313, 34.055271, 35.476929>, 0.100000
	pigment { color rgbt <1,0,0,0> }
	no_shadow
}

// particle -1
sphere {
	<24.625181, 34.334850, 35.387913> 0.100000
	pigment { color rgbt <1,0,0,0> }
	no_shadow
}
sphere {
	0, 1
	scale<0.080000,0.200000,0.300000>
	matrix <0.612428, -0.373748, 0.696595,
		0.403711, -0.609741, -0.682080,
		0.679668, 0.698948, -0.222536,
		24.829082, 34.544537, 35.321152>
	pigment { color rgbt <0,1,1,0> }
	no_shadow
}
cylinder {
	<24.854139, 33.749008, 36.007248>,  <24.353313, 34.055271, 35.476929>, 0.130000
	pigment { color rgbt <1,0,0,0> }
	no_shadow
}

// nucleotide -1

// particle -1
sphere {
	<24.854139, 33.749008, 36.007248> 0.250000
	pigment { color rgbt <1,0,0,0> }
	no_shadow
}
cylinder {
	<24.770893, 33.503117, 35.702934>,  <24.720945, 33.355579, 35.520348>, 0.100000
	pigment { color rgbt <1,0,0,0> }
	no_shadow
}
cylinder {
	<24.770893, 33.503117, 35.702934>,  <24.854139, 33.749008, 36.007248>, 0.100000
	pigment { color rgbt <1,0,0,0> }
	no_shadow
}

// particle -1
sphere {
	<24.770893, 33.503117, 35.702934> 0.100000
	pigment { color rgbt <1,0,0,0> }
	no_shadow
}
sphere {
	0, 1
	scale<0.080000,0.200000,0.300000>
	matrix <0.379274, 0.666239, -0.642088,
		0.901577, -0.422173, 0.094499,
		-0.208113, -0.614732, -0.760785,
		24.708460, 33.318695, 35.474697>
	pigment { color rgbt <0,1,1,0> }
	no_shadow
}
cylinder {
	<25.446009, 33.592545, 35.749001>,  <24.854139, 33.749008, 36.007248>, 0.130000
	pigment { color rgbt <1,0,0,0> }
	no_shadow
}

// nucleotide -1

// particle -1
sphere {
	<25.446009, 33.592545, 35.749001> 0.250000
	pigment { color rgbt <1,0,0,0> }
	no_shadow
}
cylinder {
	<25.143627, 33.583736, 35.487297>,  <24.962198, 33.578449, 35.330276>, 0.100000
	pigment { color rgbt <1,0,0,0> }
	no_shadow
}
cylinder {
	<25.143627, 33.583736, 35.487297>,  <25.446009, 33.592545, 35.749001>, 0.100000
	pigment { color rgbt <1,0,0,0> }
	no_shadow
}

// particle -1
sphere {
	<25.143627, 33.583736, 35.487297> 0.100000
	pigment { color rgbt <1,0,0,0> }
	no_shadow
}
sphere {
	0, 1
	scale<0.080000,0.200000,0.300000>
	matrix <0.449745, 0.708751, -0.543508,
		0.475675, -0.705115, -0.525877,
		-0.755952, -0.022023, -0.654257,
		24.916842, 33.577129, 35.291019>
	pigment { color rgbt <0,1,1,0> }
	no_shadow
}
cylinder {
	<25.793383, 33.392666, 35.198307>,  <25.446009, 33.592545, 35.749001>, 0.130000
	pigment { color rgbt <1,0,0,0> }
	no_shadow
}

// nucleotide -1

// particle -1
sphere {
	<25.793383, 33.392666, 35.198307> 0.250000
	pigment { color rgbt <1,0,0,0> }
	no_shadow
}
cylinder {
	<25.474703, 33.631313, 35.159706>,  <25.283495, 33.774502, 35.136547>, 0.100000
	pigment { color rgbt <1,0,0,0> }
	no_shadow
}
cylinder {
	<25.474703, 33.631313, 35.159706>,  <25.793383, 33.392666, 35.198307>, 0.100000
	pigment { color rgbt <1,0,0,0> }
	no_shadow
}

// particle -1
sphere {
	<25.474703, 33.631313, 35.159706> 0.100000
	pigment { color rgbt <1,0,0,0> }
	no_shadow
}
sphere {
	0, 1
	scale<0.080000,0.200000,0.300000>
	matrix <0.599631, 0.760332, -0.249674,
		-0.075588, -0.256780, -0.963510,
		-0.796699, 0.596623, -0.096501,
		25.235693, 33.810299, 35.130756>
	pigment { color rgbt <0,1,1,0> }
	no_shadow
}
cylinder {
	<25.520916, 33.637505, 34.514736>,  <25.793383, 33.392666, 35.198307>, 0.130000
	pigment { color rgbt <1,0,0,0> }
	no_shadow
}

// nucleotide -1

// particle -1
sphere {
	<25.520916, 33.637505, 34.514736> 0.250000
	pigment { color rgbt <1,0,0,0> }
	no_shadow
}
cylinder {
	<25.460707, 33.916611, 34.794872>,  <25.424582, 34.084072, 34.962952>, 0.100000
	pigment { color rgbt <1,0,0,0> }
	no_shadow
}
cylinder {
	<25.460707, 33.916611, 34.794872>,  <25.520916, 33.637505, 34.514736>, 0.100000
	pigment { color rgbt <1,0,0,0> }
	no_shadow
}

// particle -1
sphere {
	<25.460707, 33.916611, 34.794872> 0.100000
	pigment { color rgbt <1,0,0,0> }
	no_shadow
}
sphere {
	0, 1
	scale<0.080000,0.200000,0.300000>
	matrix <0.696214, 0.577761, -0.426002,
		-0.701875, 0.423462, -0.572757,
		-0.150521, 0.697762, 0.700337,
		25.415550, 34.125938, 35.004974>
	pigment { color rgbt <0,1,1,0> }
	no_shadow
}
cylinder {
	<25.251780, 34.436481, 34.418621>,  <25.520916, 33.637505, 34.514736>, 0.130000
	pigment { color rgbt <1,0,0,0> }
	no_shadow
}

// nucleotide -1

// particle -1
sphere {
	<25.251780, 34.436481, 34.418621> 0.250000
	pigment { color rgbt <1,0,0,0> }
	no_shadow
}
cylinder {
	<25.509336, 34.416306, 34.724003>,  <25.663872, 34.404198, 34.907230>, 0.100000
	pigment { color rgbt <1,0,0,0> }
	no_shadow
}
cylinder {
	<25.509336, 34.416306, 34.724003>,  <25.251780, 34.436481, 34.418621>, 0.100000
	pigment { color rgbt <1,0,0,0> }
	no_shadow
}

// particle -1
sphere {
	<25.509336, 34.416306, 34.724003> 0.100000
	pigment { color rgbt <1,0,0,0> }
	no_shadow
}
sphere {
	0, 1
	scale<0.080000,0.200000,0.300000>
	matrix <0.635945, 0.590085, -0.497367,
		-0.425412, 0.805764, 0.412032,
		0.643894, -0.050444, 0.763450,
		25.702505, 34.401173, 34.953037>
	pigment { color rgbt <0,1,1,0> }
	no_shadow
}
cylinder {
	<25.456003, 35.023052, 34.530190>,  <25.251780, 34.436481, 34.418621>, 0.130000
	pigment { color rgbt <1,0,0,0> }
	no_shadow
}

// nucleotide -1

// particle -1
sphere {
	<25.456003, 35.023052, 34.530190> 0.250000
	pigment { color rgbt <1,0,0,0> }
	no_shadow
}
cylinder {
	<25.765665, 34.835415, 34.700191>,  <25.951462, 34.722832, 34.802193>, 0.100000
	pigment { color rgbt <1,0,0,0> }
	no_shadow
}
cylinder {
	<25.765665, 34.835415, 34.700191>,  <25.456003, 35.023052, 34.530190>, 0.100000
	pigment { color rgbt <1,0,0,0> }
	no_shadow
}

// particle -1
sphere {
	<25.765665, 34.835415, 34.700191> 0.100000
	pigment { color rgbt <1,0,0,0> }
	no_shadow
}
sphere {
	0, 1
	scale<0.080000,0.200000,0.300000>
	matrix <0.632208, 0.606480, -0.482177,
		-0.031572, 0.641973, 0.766077,
		0.774155, -0.469097, 0.425008,
		25.997911, 34.694687, 34.827694>
	pigment { color rgbt <0,1,1,0> }
	no_shadow
}
cylinder {
	<25.856007, 35.485062, 34.825832>,  <25.456003, 35.023052, 34.530190>, 0.130000
	pigment { color rgbt <1,0,0,0> }
	no_shadow
}

// nucleotide -1

// particle -1
sphere {
	<25.856007, 35.485062, 34.825832> 0.250000
	pigment { color rgbt <1,0,0,0> }
	no_shadow
}
cylinder {
	<26.076937, 35.169243, 34.718830>,  <26.209496, 34.979752, 34.654629>, 0.100000
	pigment { color rgbt <1,0,0,0> }
	no_shadow
}
cylinder {
	<26.076937, 35.169243, 34.718830>,  <25.856007, 35.485062, 34.825832>, 0.100000
	pigment { color rgbt <1,0,0,0> }
	no_shadow
}

// particle -1
sphere {
	<26.076937, 35.169243, 34.718830> 0.100000
	pigment { color rgbt <1,0,0,0> }
	no_shadow
}
sphere {
	0, 1
	scale<0.080000,0.200000,0.300000>
	matrix <0.653797, 0.609353, -0.448596,
		0.517191, 0.072877, 0.852762,
		0.552326, -0.789542, -0.267505,
		26.242634, 34.932381, 34.638580>
	pigment { color rgbt <0,1,1,0> }
	no_shadow
}
cylinder {
	<26.437977, 35.609226, 35.096233>,  <25.856007, 35.485062, 34.825832>, 0.130000
	pigment { color rgbt <1,0,0,0> }
	no_shadow
}

// nucleotide -1

// particle -1
sphere {
	<26.437977, 35.609226, 35.096233> 0.250000
	pigment { color rgbt <1,0,0,0> }
	no_shadow
}
cylinder {
	<26.521835, 35.346699, 34.806324>,  <26.572151, 35.189182, 34.632378>, 0.100000
	pigment { color rgbt <1,0,0,0> }
	no_shadow
}
cylinder {
	<26.521835, 35.346699, 34.806324>,  <26.437977, 35.609226, 35.096233>, 0.100000
	pigment { color rgbt <1,0,0,0> }
	no_shadow
}

// particle -1
sphere {
	<26.521835, 35.346699, 34.806324> 0.100000
	pigment { color rgbt <1,0,0,0> }
	no_shadow
}
sphere {
	0, 1
	scale<0.080000,0.200000,0.300000>
	matrix <0.653762, 0.645280, -0.395232,
		0.727079, -0.390967, 0.564359,
		0.209647, -0.656322, -0.724769,
		26.584730, 35.149803, 34.588894>
	pigment { color rgbt <0,1,1,0> }
	no_shadow
}
cylinder {
	<27.227373, 35.593903, 35.044079>,  <26.437977, 35.609226, 35.096233>, 0.130000
	pigment { color rgbt <1,0,0,0> }
	no_shadow
}

// nucleotide -1

// particle -1
sphere {
	<27.227373, 35.593903, 35.044079> 0.250000
	pigment { color rgbt <1,0,0,0> }
	no_shadow
}
cylinder {
	<27.090427, 35.430542, 34.705612>,  <27.008261, 35.332527, 34.502533>, 0.100000
	pigment { color rgbt <1,0,0,0> }
	no_shadow
}
cylinder {
	<27.090427, 35.430542, 34.705612>,  <27.227373, 35.593903, 35.044079>, 0.100000
	pigment { color rgbt <1,0,0,0> }
	no_shadow
}

// particle -1
sphere {
	<27.090427, 35.430542, 34.705612> 0.100000
	pigment { color rgbt <1,0,0,0> }
	no_shadow
}
sphere {
	0, 1
	scale<0.080000,0.200000,0.300000>
	matrix <0.589430, 0.607971, -0.531924,
		0.731683, -0.680866, 0.032578,
		-0.342363, -0.408402, -0.846165,
		26.987719, 35.308022, 34.451763>
	pigment { color rgbt <0,1,1,0> }
	no_shadow
}
cylinder {
	<27.851940, 35.513512, 34.691383>,  <27.227373, 35.593903, 35.044079>, 0.130000
	pigment { color rgbt <1,0,0,0> }
	no_shadow
}

// nucleotide -1

// particle -1
sphere {
	<27.851940, 35.513512, 34.691383> 0.250000
	pigment { color rgbt <1,0,0,0> }
	no_shadow
}
cylinder {
	<27.525000, 35.562923, 34.466286>,  <27.328835, 35.592571, 34.331226>, 0.100000
	pigment { color rgbt <1,0,0,0> }
	no_shadow
}
cylinder {
	<27.525000, 35.562923, 34.466286>,  <27.851940, 35.513512, 34.691383>, 0.100000
	pigment { color rgbt <1,0,0,0> }
	no_shadow
}

// particle -1
sphere {
	<27.525000, 35.562923, 34.466286> 0.100000
	pigment { color rgbt <1,0,0,0> }
	no_shadow
}
sphere {
	0, 1
	scale<0.080000,0.200000,0.300000>
	matrix <0.532762, 0.533875, -0.656614,
		0.219319, -0.836491, -0.502178,
		-0.817351, 0.123534, -0.562739,
		27.279795, 35.599983, 34.297462>
	pigment { color rgbt <0,1,1,0> }
	no_shadow
}
cylinder {
	<28.119194, 35.533215, 34.043045>,  <27.851940, 35.513512, 34.691383>, 0.130000
	pigment { color rgbt <1,0,0,0> }
	no_shadow
}

// nucleotide -1

// particle -1
sphere {
	<28.119194, 35.533215, 34.043045> 0.250000
	pigment { color rgbt <1,0,0,0> }
	no_shadow
}
cylinder {
	<27.756149, 35.693657, 33.993477>,  <27.538322, 35.789921, 33.963737>, 0.100000
	pigment { color rgbt <1,0,0,0> }
	no_shadow
}
cylinder {
	<27.756149, 35.693657, 33.993477>,  <28.119194, 35.533215, 34.043045>, 0.100000
	pigment { color rgbt <1,0,0,0> }
	no_shadow
}

// particle -1
sphere {
	<27.756149, 35.693657, 33.993477> 0.100000
	pigment { color rgbt <1,0,0,0> }
	no_shadow
}
sphere {
	0, 1
	scale<0.080000,0.200000,0.300000>
	matrix <0.410426, 0.785732, -0.462792,
		-0.088261, -0.470895, -0.877763,
		-0.907613, 0.401103, -0.123918,
		27.483866, 35.813988, 33.956303>
	pigment { color rgbt <0,1,1,0> }
	no_shadow
}
cylinder {
	<28.240089, 35.796844, 33.418652>,  <28.119194, 35.533215, 34.043045>, 0.130000
	pigment { color rgbt <1,0,0,0> }
	no_shadow
}

// nucleotide -1

// particle -1
sphere {
	<28.240089, 35.796844, 33.418652> 0.250000
	pigment { color rgbt <1,0,0,0> }
	no_shadow
}
cylinder {
	<27.901155, 35.962704, 33.551376>,  <27.697796, 36.062218, 33.631012>, 0.100000
	pigment { color rgbt <1,0,0,0> }
	no_shadow
}
cylinder {
	<27.901155, 35.962704, 33.551376>,  <28.240089, 35.796844, 33.418652>, 0.100000
	pigment { color rgbt <1,0,0,0> }
	no_shadow
}

// particle -1
sphere {
	<27.901155, 35.962704, 33.551376> 0.100000
	pigment { color rgbt <1,0,0,0> }
	no_shadow
}
sphere {
	0, 1
	scale<0.080000,0.200000,0.300000>
	matrix <0.245131, 0.859634, -0.448263,
		-0.471104, -0.298492, -0.830039,
		-0.847332, 0.414646, 0.331807,
		27.646955, 36.087097, 33.650917>
	pigment { color rgbt <0,1,1,0> }
	no_shadow
}
cylinder {
	<27.840841, 36.075008, 32.774994>,  <28.240089, 35.796844, 33.418652>, 0.130000
	pigment { color rgbt <1,0,0,0> }
	no_shadow
}

// nucleotide -1

// particle -1
sphere {
	<27.840841, 36.075008, 32.774994> 0.250000
	pigment { color rgbt <1,0,0,0> }
	no_shadow
}
cylinder {
	<27.755009, 36.276424, 33.109753>,  <27.703508, 36.397274, 33.310608>, 0.100000
	pigment { color rgbt <1,0,0,0> }
	no_shadow
}
cylinder {
	<27.755009, 36.276424, 33.109753>,  <27.840841, 36.075008, 32.774994>, 0.100000
	pigment { color rgbt <1,0,0,0> }
	no_shadow
}

// particle -1
sphere {
	<27.755009, 36.276424, 33.109753> 0.100000
	pigment { color rgbt <1,0,0,0> }
	no_shadow
}
sphere {
	0, 1
	scale<0.080000,0.200000,0.300000>
	matrix <0.290315, 0.851014, -0.437599,
		-0.932562, 0.149063, -0.328800,
		-0.214583, 0.503543, 0.836898,
		27.690634, 36.427486, 33.360821>
	pigment { color rgbt <0,1,1,0> }
	no_shadow
}
cylinder {
	<27.657402, 36.675327, 32.435417>,  <27.840841, 36.075008, 32.774994>, 0.130000
	pigment { color rgbt <1,0,0,0> }
	no_shadow
}

// nucleotide -1

// particle -1
sphere {
	<27.657402, 36.675327, 32.435417> 0.250000
	pigment { color rgbt <1,0,0,0> }
	no_shadow
}
cylinder {
	<27.728622, 36.723774, 32.826035>,  <27.771355, 36.752842, 33.060406>, 0.100000
	pigment { color rgbt <1,0,0,0> }
	no_shadow
}
cylinder {
	<27.728622, 36.723774, 32.826035>,  <27.657402, 36.675327, 32.435417>, 0.100000
	pigment { color rgbt <1,0,0,0> }
	no_shadow
}

// particle -1
sphere {
	<27.728622, 36.723774, 32.826035> 0.100000
	pigment { color rgbt <1,0,0,0> }
	no_shadow
}
sphere {
	0, 1
	scale<0.080000,0.200000,0.300000>
	matrix <0.383397, 0.905434, -0.182198,
		-0.906259, 0.406843, 0.114778,
		0.178050, 0.121113, 0.976540,
		27.782038, 36.760109, 33.118996>
	pigment { color rgbt <0,1,1,0> }
	no_shadow
}
cylinder {
	<27.338131, 37.316254, 32.582565>,  <27.657402, 36.675327, 32.435417>, 0.130000
	pigment { color rgbt <1,0,0,0> }
	no_shadow
}

// nucleotide -1

// particle -1
sphere {
	<27.338131, 37.316254, 32.582565> 0.250000
	pigment { color rgbt <1,0,0,0> }
	no_shadow
}
cylinder {
	<27.613535, 37.235863, 32.861294>,  <27.778778, 37.187630, 33.028530>, 0.100000
	pigment { color rgbt <1,0,0,0> }
	no_shadow
}
cylinder {
	<27.613535, 37.235863, 32.861294>,  <27.338131, 37.316254, 32.582565>, 0.100000
	pigment { color rgbt <1,0,0,0> }
	no_shadow
}

// particle -1
sphere {
	<27.613535, 37.235863, 32.861294> 0.100000
	pigment { color rgbt <1,0,0,0> }
	no_shadow
}
sphere {
	0, 1
	scale<0.080000,0.200000,0.300000>
	matrix <0.361104, 0.928262, -0.089069,
		-0.628934, 0.312951, 0.711691,
		0.688510, -0.200976, 0.696823,
		27.820087, 37.175571, 33.070339>
	pigment { color rgbt <0,1,1,0> }
	no_shadow
}
cylinder {
	<27.132565, 37.770588, 33.148991>,  <27.338131, 37.316254, 32.582565>, 0.130000
	pigment { color rgbt <1,0,0,0> }
	no_shadow
}

// nucleotide -1

// particle -1
sphere {
	<27.132565, 37.770588, 33.148991> 0.250000
	pigment { color rgbt <1,0,0,0> }
	no_shadow
}
cylinder {
	<27.515560, 37.663731, 33.192528>,  <27.745358, 37.599617, 33.218651>, 0.100000
	pigment { color rgbt <1,0,0,0> }
	no_shadow
}
cylinder {
	<27.515560, 37.663731, 33.192528>,  <27.132565, 37.770588, 33.148991>, 0.100000
	pigment { color rgbt <1,0,0,0> }
	no_shadow
}

// particle -1
sphere {
	<27.515560, 37.663731, 33.192528> 0.100000
	pigment { color rgbt <1,0,0,0> }
	no_shadow
}
sphere {
	0, 1
	scale<0.080000,0.200000,0.300000>
	matrix <0.267523, 0.963485, 0.011335,
		-0.107900, 0.018266, 0.993994,
		0.957491, -0.267139, 0.108847,
		27.802807, 37.583588, 33.225182>
	pigment { color rgbt <0,1,1,0> }
	no_shadow
}
cylinder {
	<27.415661, 38.191936, 33.634750>,  <27.132565, 37.770588, 33.148991>, 0.130000
	pigment { color rgbt <1,0,0,0> }
	no_shadow
}

// nucleotide -1

// particle -1
sphere {
	<27.415661, 38.191936, 33.634750> 0.250000
	pigment { color rgbt <1,0,0,0> }
	no_shadow
}
cylinder {
	<27.756817, 38.056786, 33.475544>,  <27.961510, 37.975697, 33.380020>, 0.100000
	pigment { color rgbt <1,0,0,0> }
	no_shadow
}
cylinder {
	<27.756817, 38.056786, 33.475544>,  <27.415661, 38.191936, 33.634750>, 0.100000
	pigment { color rgbt <1,0,0,0> }
	no_shadow
}

// particle -1
sphere {
	<27.756817, 38.056786, 33.475544> 0.100000
	pigment { color rgbt <1,0,0,0> }
	no_shadow
}
sphere {
	0, 1
	scale<0.080000,0.200000,0.300000>
	matrix <0.375898, 0.926466, 0.019013,
		0.362325, -0.165830, 0.917181,
		0.852890, -0.337878, -0.398016,
		28.012684, 37.955421, 33.356140>
	pigment { color rgbt <0,1,1,0> }
	no_shadow
}
cylinder {
	<27.990990, 38.584278, 33.988243>,  <27.415661, 38.191936, 33.634750>, 0.130000
	pigment { color rgbt <1,0,0,0> }
	no_shadow
}

// nucleotide -1

// particle -1
sphere {
	<27.990990, 38.584278, 33.988243> 0.250000
	pigment { color rgbt <1,0,0,0> }
	no_shadow
}
cylinder {
	<28.163027, 38.453793, 33.651527>,  <28.266249, 38.375504, 33.449497>, 0.100000
	pigment { color rgbt <1,0,0,0> }
	no_shadow
}
cylinder {
	<28.163027, 38.453793, 33.651527>,  <27.990990, 38.584278, 33.988243>, 0.100000
	pigment { color rgbt <1,0,0,0> }
	no_shadow
}

// particle -1
sphere {
	<28.163027, 38.453793, 33.651527> 0.100000
	pigment { color rgbt <1,0,0,0> }
	no_shadow
}
sphere {
	0, 1
	scale<0.080000,0.200000,0.300000>
	matrix <0.531901, 0.844974, -0.055682,
		0.729453, -0.423800, 0.536929,
		0.430093, -0.326210, -0.841788,
		28.292055, 38.355930, 33.398991>
	pigment { color rgbt <0,1,1,0> }
	no_shadow
}
cylinder {
	<28.710995, 38.696365, 34.068096>,  <27.990990, 38.584278, 33.988243>, 0.130000
	pigment { color rgbt <1,0,0,0> }
	no_shadow
}

// nucleotide -1

// particle -1
sphere {
	<28.710995, 38.696365, 34.068096> 0.250000
	pigment { color rgbt <1,0,0,0> }
	no_shadow
}
cylinder {
	<28.631386, 38.680229, 33.676430>,  <28.583620, 38.670547, 33.441429>, 0.100000
	pigment { color rgbt <1,0,0,0> }
	no_shadow
}
cylinder {
	<28.631386, 38.680229, 33.676430>,  <28.710995, 38.696365, 34.068096>, 0.100000
	pigment { color rgbt <1,0,0,0> }
	no_shadow
}

// particle -1
sphere {
	<28.631386, 38.680229, 33.676430> 0.100000
	pigment { color rgbt <1,0,0,0> }
	no_shadow
}
sphere {
	0, 1
	scale<0.080000,0.200000,0.300000>
	matrix <0.620756, 0.767957, -0.157810,
		0.758322, -0.639230, -0.127801,
		-0.199022, -0.040338, -0.979164,
		28.571678, 38.668129, 33.382679>
	pigment { color rgbt <0,1,1,0> }
	no_shadow
}
cylinder {
	<29.293667, 38.934109, 33.824257>,  <28.710995, 38.696365, 34.068096>, 0.130000
	pigment { color rgbt <1,0,0,0> }
	no_shadow
}

// nucleotide -1

// particle -1
sphere {
	<29.293667, 38.934109, 33.824257> 0.250000
	pigment { color rgbt <1,0,0,0> }
	no_shadow
}
cylinder {
	<29.025198, 38.967979, 33.529678>,  <28.864117, 38.988300, 33.352932>, 0.100000
	pigment { color rgbt <1,0,0,0> }
	no_shadow
}
cylinder {
	<29.025198, 38.967979, 33.529678>,  <29.293667, 38.934109, 33.824257>, 0.100000
	pigment { color rgbt <1,0,0,0> }
	no_shadow
}

// particle -1
sphere {
	<29.025198, 38.967979, 33.529678> 0.100000
	pigment { color rgbt <1,0,0,0> }
	no_shadow
}
sphere {
	0, 1
	scale<0.080000,0.200000,0.300000>
	matrix <0.409298, 0.870628, -0.272914,
		0.618063, -0.484600, -0.619000,
		-0.671173, 0.084678, -0.736449,
		28.823847, 38.993382, 33.308743>
	pigment { color rgbt <0,1,1,0> }
	no_shadow
}
cylinder {
	<29.648066, 39.298313, 33.425446>,  <29.293667, 38.934109, 33.824257>, 0.130000
	pigment { color rgbt <1,0,0,0> }
	no_shadow
}

// nucleotide -1

// particle -1
sphere {
	<29.648066, 39.298313, 33.425446> 0.250000
	pigment { color rgbt <1,0,0,0> }
	no_shadow
}
cylinder {
	<29.282246, 39.353260, 33.273273>,  <29.062754, 39.386227, 33.181969>, 0.100000
	pigment { color rgbt <1,0,0,0> }
	no_shadow
}
cylinder {
	<29.282246, 39.353260, 33.273273>,  <29.648066, 39.298313, 33.425446>, 0.100000
	pigment { color rgbt <1,0,0,0> }
	no_shadow
}

// particle -1
sphere {
	<29.282246, 39.353260, 33.273273> 0.100000
	pigment { color rgbt <1,0,0,0> }
	no_shadow
}
sphere {
	0, 1
	scale<0.080000,0.200000,0.300000>
	matrix <0.271543, 0.905605, -0.325797,
		0.299768, -0.401261, -0.865522,
		-0.914551, 0.137363, -0.380431,
		29.007881, 39.394470, 33.159145>
	pigment { color rgbt <0,1,1,0> }
	no_shadow
}
cylinder {
	<29.718527, 39.566753, 32.762737>,  <29.648066, 39.298313, 33.425446>, 0.130000
	pigment { color rgbt <1,0,0,0> }
	no_shadow
}

// nucleotide -1

// particle -1
sphere {
	<29.718527, 39.566753, 32.762737> 0.250000
	pigment { color rgbt <1,0,0,0> }
	no_shadow
}
cylinder {
	<29.349552, 39.671684, 32.876083>,  <29.128168, 39.734642, 32.944092>, 0.100000
	pigment { color rgbt <1,0,0,0> }
	no_shadow
}
cylinder {
	<29.349552, 39.671684, 32.876083>,  <29.718527, 39.566753, 32.762737>, 0.100000
	pigment { color rgbt <1,0,0,0> }
	no_shadow
}

// particle -1
sphere {
	<29.349552, 39.671684, 32.876083> 0.100000
	pigment { color rgbt <1,0,0,0> }
	no_shadow
}
sphere {
	0, 1
	scale<0.080000,0.200000,0.300000>
	matrix <0.198880, 0.951758, -0.233674,
		-0.330998, -0.159193, -0.930106,
		-0.922435, 0.262326, 0.283370,
		29.072821, 39.750381, 32.961094>
	pigment { color rgbt <0,1,1,0> }
	no_shadow
}
cylinder {
	<29.402010, 39.888885, 32.170856>,  <29.718527, 39.566753, 32.762737>, 0.130000
	pigment { color rgbt <1,0,0,0> }
	no_shadow
}

// nucleotide -1

// particle -1
sphere {
	<29.402010, 39.888885, 32.170856> 0.250000
	pigment { color rgbt <1,0,0,0> }
	no_shadow
}
cylinder {
	<29.229568, 40.018173, 32.507824>,  <29.126102, 40.095745, 32.710007>, 0.100000
	pigment { color rgbt <1,0,0,0> }
	no_shadow
}
cylinder {
	<29.229568, 40.018173, 32.507824>,  <29.402010, 39.888885, 32.170856>, 0.100000
	pigment { color rgbt <1,0,0,0> }
	no_shadow
}

// particle -1
sphere {
	<29.229568, 40.018173, 32.507824> 0.100000
	pigment { color rgbt <1,0,0,0> }
	no_shadow
}
sphere {
	0, 1
	scale<0.080000,0.200000,0.300000>
	matrix <0.209127, 0.944007, -0.255178,
		-0.877732, 0.066165, -0.474561,
		-0.431106, 0.323222, 0.842422,
		29.100237, 40.115139, 32.760551>
	pigment { color rgbt <0,1,1,0> }
	no_shadow
}
cylinder {
	<28.978275, 40.326317, 32.027004>,  <29.402010, 39.888885, 32.170856>, 0.130000
	pigment { color rgbt <1,0,0,0> }
	no_shadow
}

// nucleotide -1

// particle -1
sphere {
	<28.978275, 40.326317, 32.027004> 0.250000
	pigment { color rgbt <1,0,0,0> }
	no_shadow
}
cylinder {
	<29.065825, 40.418064, 32.406368>,  <29.118355, 40.473114, 32.633987>, 0.100000
	pigment { color rgbt <1,0,0,0> }
	no_shadow
}
cylinder {
	<29.065825, 40.418064, 32.406368>,  <28.978275, 40.326317, 32.027004>, 0.100000
	pigment { color rgbt <1,0,0,0> }
	no_shadow
}

// particle -1
sphere {
	<29.065825, 40.418064, 32.406368> 0.100000
	pigment { color rgbt <1,0,0,0> }
	no_shadow
}
sphere {
	0, 1
	scale<0.080000,0.200000,0.300000>
	matrix <0.226582, 0.933463, -0.278042,
		-0.949081, 0.275749, 0.152339,
		0.218873, 0.229368, 0.948412,
		29.131487, 40.486874, 32.690891>
	pigment { color rgbt <0,1,1,0> }
	no_shadow
}
cylinder {
	<28.551624, 40.872921, 32.228718>,  <28.978275, 40.326317, 32.027004>, 0.130000
	pigment { color rgbt <1,0,0,0> }
	no_shadow
}

// nucleotide -1

// particle -1
sphere {
	<28.551624, 40.872921, 32.228718> 0.250000
	pigment { color rgbt <1,0,0,0> }
	no_shadow
}
cylinder {
	<28.920723, 40.860516, 32.382381>,  <29.142181, 40.853073, 32.474579>, 0.100000
	pigment { color rgbt <1,0,0,0> }
	no_shadow
}
cylinder {
	<28.920723, 40.860516, 32.382381>,  <28.551624, 40.872921, 32.228718>, 0.100000
	pigment { color rgbt <1,0,0,0> }
	no_shadow
}

// particle -1
sphere {
	<28.920723, 40.860516, 32.382381> 0.100000
	pigment { color rgbt <1,0,0,0> }
	no_shadow
}
sphere {
	0, 1
	scale<0.080000,0.200000,0.300000>
	matrix <0.155351, 0.942127, -0.297091,
		-0.352709, 0.333819, 0.874163,
		0.922747, -0.031016, 0.384155,
		29.197548, 40.851212, 32.497627>
	pigment { color rgbt <0,1,1,0> }
	no_shadow
}
cylinder {
	<28.681818, 41.370407, 32.657124>,  <28.551624, 40.872921, 32.228718>, 0.130000
	pigment { color rgbt <1,0,0,0> }
	no_shadow
}

// nucleotide -1

// particle -1
sphere {
	<28.681818, 41.370407, 32.657124> 0.250000
	pigment { color rgbt <1,0,0,0> }
	no_shadow
}
cylinder {
	<29.032263, 41.284935, 32.484257>,  <29.242529, 41.233650, 32.380535>, 0.100000
	pigment { color rgbt <1,0,0,0> }
	no_shadow
}
cylinder {
	<29.032263, 41.284935, 32.484257>,  <28.681818, 41.370407, 32.657124>, 0.100000
	pigment { color rgbt <1,0,0,0> }
	no_shadow
}

// particle -1
sphere {
	<29.032263, 41.284935, 32.484257> 0.100000
	pigment { color rgbt <1,0,0,0> }
	no_shadow
}
sphere {
	0, 1
	scale<0.080000,0.200000,0.300000>
	matrix <0.152688, 0.973248, -0.171684,
		0.457292, 0.084427, 0.885300,
		0.876111, -0.213684, -0.432167,
		29.295095, 41.220829, 32.354607>
	pigment { color rgbt <0,1,1,0> }
	no_shadow
}
cylinder {
	<29.241196, 41.902794, 32.813526>,  <28.681818, 41.370407, 32.657124>, 0.130000
	pigment { color rgbt <1,0,0,0> }
	no_shadow
}

// nucleotide -1

// particle -1
sphere {
	<29.241196, 41.902794, 32.813526> 0.250000
	pigment { color rgbt <1,0,0,0> }
	no_shadow
}
cylinder {
	<29.312973, 41.755421, 32.448658>,  <29.356039, 41.666996, 32.229736>, 0.100000
	pigment { color rgbt <1,0,0,0> }
	no_shadow
}
cylinder {
	<29.312973, 41.755421, 32.448658>,  <29.241196, 41.902794, 32.813526>, 0.100000
	pigment { color rgbt <1,0,0,0> }
	no_shadow
}

// particle -1
sphere {
	<29.312973, 41.755421, 32.448658> 0.100000
	pigment { color rgbt <1,0,0,0> }
	no_shadow
}
sphere {
	0, 1
	scale<0.080000,0.200000,0.300000>
	matrix <-0.102216, 0.915219, -0.389778,
		0.978443, 0.163182, 0.126572,
		0.179446, -0.368438, -0.912169,
		29.366806, 41.644890, 32.175007>
	pigment { color rgbt <0,1,1,0> }
	no_shadow
}
cylinder {
	<29.879963, 42.098248, 32.468086>,  <29.241196, 41.902794, 32.813526>, 0.130000
	pigment { color rgbt <1,0,0,0> }
	no_shadow
}

// nucleotide -1

// particle -1
sphere {
	<29.879963, 42.098248, 32.468086> 0.250000
	pigment { color rgbt <1,0,0,0> }
	no_shadow
}
cylinder {
	<29.584452, 42.055767, 32.201874>,  <29.407145, 42.030277, 32.042149>, 0.100000
	pigment { color rgbt <1,0,0,0> }
	no_shadow
}
cylinder {
	<29.584452, 42.055767, 32.201874>,  <29.879963, 42.098248, 32.468086>, 0.100000
	pigment { color rgbt <1,0,0,0> }
	no_shadow
}

// particle -1
sphere {
	<29.584452, 42.055767, 32.201874> 0.100000
	pigment { color rgbt <1,0,0,0> }
	no_shadow
}
sphere {
	0, 1
	scale<0.080000,0.200000,0.300000>
	matrix <0.092889, 0.962036, -0.256628,
		0.667517, -0.251412, -0.700866,
		-0.738778, -0.106201, -0.665529,
		29.362818, 42.023907, 32.002216>
	pigment { color rgbt <0,1,1,0> }
	no_shadow
}
cylinder {
	<30.214304, 41.470810, 32.836880>,  <29.879963, 42.098248, 32.468086>, 0.130000
	pigment { color rgbt <1,0,0,0> }
	no_shadow
}

// nucleotide -1

// particle -1
sphere {
	<30.214304, 41.470810, 32.836880> 0.250000
	pigment { color rgbt <1,0,0,0> }
	no_shadow
}
cylinder {
	<30.162567, 41.776985, 33.089031>,  <30.131525, 41.960690, 33.240322>, 0.100000
	pigment { color rgbt <1,0,0,0> }
	no_shadow
}
cylinder {
	<30.162567, 41.776985, 33.089031>,  <30.214304, 41.470810, 32.836880>, 0.100000
	pigment { color rgbt <1,0,0,0> }
	no_shadow
}

// particle -1
sphere {
	<30.162567, 41.776985, 33.089031> 0.100000
	pigment { color rgbt <1,0,0,0> }
	no_shadow
}
sphere {
	0, 1
	scale<0.080000,0.200000,0.300000>
	matrix <0.750353, -0.340050, 0.566866,
		0.648261, 0.546326, -0.530365,
		-0.129343, 0.765438, 0.630378,
		30.123764, 42.006615, 33.278145>
	pigment { color rgbt <0,1,1,0> }
	no_shadow
}
cylinder {
	<30.912498, 41.870636, 33.002823>,  <30.214304, 41.470810, 32.836880>, 0.130000
	pigment { color rgbt <1,0,0,0> }
	no_shadow
}

// nucleotide -1

// particle -1
sphere {
	<30.912498, 41.870636, 33.002823> 0.250000
	pigment { color rgbt <1,0,0,0> }
	no_shadow
}
cylinder {
	<30.635237, 41.918076, 33.287209>,  <30.468880, 41.946541, 33.457840>, 0.100000
	pigment { color rgbt <1,0,0,0> }
	no_shadow
}
cylinder {
	<30.635237, 41.918076, 33.287209>,  <30.912498, 41.870636, 33.002823>, 0.100000
	pigment { color rgbt <1,0,0,0> }
	no_shadow
}

// particle -1
sphere {
	<30.635237, 41.918076, 33.287209> 0.100000
	pigment { color rgbt <1,0,0,0> }
	no_shadow
}
sphere {
	0, 1
	scale<0.080000,0.200000,0.300000>
	matrix <0.700967, -0.118801, 0.703229,
		0.167867, 0.985809, -0.000788,
		-0.693156, 0.118601, 0.710963,
		30.427290, 41.953655, 33.500496>
	pigment { color rgbt <0,1,1,0> }
	no_shadow
}
cylinder {
	<31.090757, 42.527946, 33.379387>,  <30.912498, 41.870636, 33.002823>, 0.130000
	pigment { color rgbt <1,0,0,0> }
	no_shadow
}

// nucleotide -1

// particle -1
sphere {
	<31.090757, 42.527946, 33.379387> 0.250000
	pigment { color rgbt <1,0,0,0> }
	no_shadow
}
cylinder {
	<30.914625, 42.216526, 33.558262>,  <30.808947, 42.029675, 33.665585>, 0.100000
	pigment { color rgbt <1,0,0,0> }
	no_shadow
}
cylinder {
	<30.914625, 42.216526, 33.558262>,  <31.090757, 42.527946, 33.379387>, 0.100000
	pigment { color rgbt <1,0,0,0> }
	no_shadow
}

// particle -1
sphere {
	<30.914625, 42.216526, 33.558262> 0.100000
	pigment { color rgbt <1,0,0,0> }
	no_shadow
}
sphere {
	0, 1
	scale<0.080000,0.200000,0.300000>
	matrix <0.660265, 0.056716, 0.748888,
		-0.608407, 0.625019, 0.489073,
		-0.440331, -0.778547, 0.447184,
		30.782526, 41.982964, 33.692417>
	pigment { color rgbt <0,1,1,0> }
	no_shadow
}
cylinder {
	<30.989567, 42.730812, 34.135445>,  <31.090757, 42.527946, 33.379387>, 0.130000
	pigment { color rgbt <1,0,0,0> }
	no_shadow
}

// nucleotide -1

// particle -1
sphere {
	<30.989567, 42.730812, 34.135445> 0.250000
	pigment { color rgbt <1,0,0,0> }
	no_shadow
}
cylinder {
	<31.042326, 42.340511, 34.065586>,  <31.073982, 42.106331, 34.023670>, 0.100000
	pigment { color rgbt <1,0,0,0> }
	no_shadow
}
cylinder {
	<31.042326, 42.340511, 34.065586>,  <30.989567, 42.730812, 34.135445>, 0.100000
	pigment { color rgbt <1,0,0,0> }
	no_shadow
}

// particle -1
sphere {
	<31.042326, 42.340511, 34.065586> 0.100000
	pigment { color rgbt <1,0,0,0> }
	no_shadow
}
sphere {
	0, 1
	scale<0.080000,0.200000,0.300000>
	matrix <0.850446, 0.020876, 0.525648,
		-0.509259, -0.217862, 0.832582,
		0.131900, -0.975756, -0.174648,
		31.081896, 42.047783, 34.013191>
	pigment { color rgbt <0,1,1,0> }
	no_shadow
}
cylinder {
	<31.129862, 42.338196, 34.789005>,  <30.989567, 42.730812, 34.135445>, 0.130000
	pigment { color rgbt <1,0,0,0> }
	no_shadow
}

// nucleotide -1

// particle -1
sphere {
	<31.129862, 42.338196, 34.789005> 0.250000
	pigment { color rgbt <1,0,0,0> }
	no_shadow
}
cylinder {
	<31.304375, 42.213375, 34.451420>,  <31.409082, 42.138481, 34.248867>, 0.100000
	pigment { color rgbt <1,0,0,0> }
	no_shadow
}
cylinder {
	<31.304375, 42.213375, 34.451420>,  <31.129862, 42.338196, 34.789005>, 0.100000
	pigment { color rgbt <1,0,0,0> }
	no_shadow
}

// particle -1
sphere {
	<31.304375, 42.213375, 34.451420> 0.100000
	pigment { color rgbt <1,0,0,0> }
	no_shadow
}
sphere {
	0, 1
	scale<0.080000,0.200000,0.300000>
	matrix <0.896833, 0.074550, 0.436043,
		-0.073151, -0.947135, 0.312385,
		0.436280, -0.312054, -0.843968,
		31.435259, 42.119759, 34.198231>
	pigment { color rgbt <0,1,1,0> }
	no_shadow
}
cylinder {
	<30.383434, 42.148479, 35.086010>,  <31.129862, 42.338196, 34.789005>, 0.130000
	pigment { color rgbt <1,0,0,0> }
	no_shadow
}

// nucleotide -1

// particle -1
sphere {
	<30.383434, 42.148479, 35.086010> 0.250000
	pigment { color rgbt <1,0,0,0> }
	no_shadow
}
cylinder {
	<30.166815, 42.237026, 35.410408>,  <30.036842, 42.290154, 35.605049>, 0.100000
	pigment { color rgbt <1,0,0,0> }
	no_shadow
}
cylinder {
	<30.166815, 42.237026, 35.410408>,  <30.383434, 42.148479, 35.086010>, 0.100000
	pigment { color rgbt <1,0,0,0> }
	no_shadow
}

// particle -1
sphere {
	<30.166815, 42.237026, 35.410408> 0.100000
	pigment { color rgbt <1,0,0,0> }
	no_shadow
}
sphere {
	0, 1
	scale<0.080000,0.200000,0.300000>
	matrix <-0.020798, -0.967941, 0.250315,
		0.840411, 0.118692, 0.528793,
		-0.541551, 0.221365, 0.810999,
		30.004349, 42.303436, 35.653709>
	pigment { color rgbt <0,1,1,0> }
	no_shadow
}
cylinder {
	<30.498337, 41.656326, 35.685879>,  <30.383434, 42.148479, 35.086010>, 0.130000
	pigment { color rgbt <1,0,0,0> }
	no_shadow
}

// nucleotide -1

// particle -1
sphere {
	<30.498337, 41.656326, 35.685879> 0.250000
	pigment { color rgbt <1,0,0,0> }
	no_shadow
}
cylinder {
	<30.122057, 41.777874, 35.746208>,  <29.896290, 41.850803, 35.782406>, 0.100000
	pigment { color rgbt <1,0,0,0> }
	no_shadow
}
cylinder {
	<30.122057, 41.777874, 35.746208>,  <30.498337, 41.656326, 35.685879>, 0.100000
	pigment { color rgbt <1,0,0,0> }
	no_shadow
}

// particle -1
sphere {
	<30.122057, 41.777874, 35.746208> 0.100000
	pigment { color rgbt <1,0,0,0> }
	no_shadow
}
sphere {
	0, 1
	scale<0.080000,0.200000,0.300000>
	matrix <-0.247621, -0.918937, 0.306984,
		0.231883, 0.251431, 0.939687,
		-0.940699, 0.303871, 0.150826,
		29.839848, 41.869034, 35.791454>
	pigment { color rgbt <0,1,1,0> }
	no_shadow
}
cylinder {
	<30.363279, 41.287376, 36.253494>,  <30.498337, 41.656326, 35.685879>, 0.130000
	pigment { color rgbt <1,0,0,0> }
	no_shadow
}

// nucleotide -1

// particle -1
sphere {
	<30.363279, 41.287376, 36.253494> 0.250000
	pigment { color rgbt <1,0,0,0> }
	no_shadow
}
cylinder {
	<30.014454, 41.415714, 36.105679>,  <29.805159, 41.492718, 36.016987>, 0.100000
	pigment { color rgbt <1,0,0,0> }
	no_shadow
}
cylinder {
	<30.014454, 41.415714, 36.105679>,  <30.363279, 41.287376, 36.253494>, 0.100000
	pigment { color rgbt <1,0,0,0> }
	no_shadow
}

// particle -1
sphere {
	<30.014454, 41.415714, 36.105679> 0.100000
	pigment { color rgbt <1,0,0,0> }
	no_shadow
}
sphere {
	0, 1
	scale<0.080000,0.200000,0.300000>
	matrix <-0.388486, -0.913070, 0.124026,
		-0.297626, 0.251721, 0.920899,
		-0.872065, 0.320843, -0.369543,
		29.752834, 41.511967, 35.994816>
	pigment { color rgbt <0,1,1,0> }
	no_shadow
}
cylinder {
	<29.732334, 41.054832, 36.791542>,  <30.363279, 41.287376, 36.253494>, 0.130000
	pigment { color rgbt <1,0,0,0> }
	no_shadow
}

// nucleotide -1

// particle -1
sphere {
	<29.732334, 41.054832, 36.791542> 0.250000
	pigment { color rgbt <1,0,0,0> }
	no_shadow
}
cylinder {
	<29.531294, 41.140091, 36.456409>,  <29.410669, 41.191246, 36.255329>, 0.100000
	pigment { color rgbt <1,0,0,0> }
	no_shadow
}
cylinder {
	<29.531294, 41.140091, 36.456409>,  <29.732334, 41.054832, 36.791542>, 0.100000
	pigment { color rgbt <1,0,0,0> }
	no_shadow
}

// particle -1
sphere {
	<29.531294, 41.140091, 36.456409> 0.100000
	pigment { color rgbt <1,0,0,0> }
	no_shadow
}
sphere {
	0, 1
	scale<0.080000,0.200000,0.300000>
	matrix <-0.463521, -0.884497, 0.053042,
		-0.729753, 0.415011, 0.543347,
		-0.502602, 0.213145, -0.837831,
		29.380514, 41.204033, 36.205059>
	pigment { color rgbt <0,1,1,0> }
	no_shadow
}
cylinder {
	<29.021347, 40.858749, 36.922398>,  <29.732334, 41.054832, 36.791542>, 0.130000
	pigment { color rgbt <1,0,0,0> }
	no_shadow
}

// nucleotide -1

// particle -1
sphere {
	<29.021347, 40.858749, 36.922398> 0.250000
	pigment { color rgbt <1,0,0,0> }
	no_shadow
}
cylinder {
	<29.067816, 40.864899, 36.525154>,  <29.095697, 40.868587, 36.286808>, 0.100000
	pigment { color rgbt <1,0,0,0> }
	no_shadow
}
cylinder {
	<29.067816, 40.864899, 36.525154>,  <29.021347, 40.858749, 36.922398>, 0.100000
	pigment { color rgbt <1,0,0,0> }
	no_shadow
}

// particle -1
sphere {
	<29.067816, 40.864899, 36.525154> 0.100000
	pigment { color rgbt <1,0,0,0> }
	no_shadow
}
sphere {
	0, 1
	scale<0.080000,0.200000,0.300000>
	matrix <-0.314122, -0.947989, -0.051425,
		-0.942248, 0.317933, -0.105301,
		0.116174, 0.015378, -0.993110,
		29.102669, 40.869511, 36.227222>
	pigment { color rgbt <0,1,1,0> }
	no_shadow
}
cylinder {
	<28.338396, 40.554356, 36.673138>,  <29.021347, 40.858749, 36.922398>, 0.130000
	pigment { color rgbt <1,0,0,0> }
	no_shadow
}

// nucleotide -1

// particle -1
sphere {
	<28.338396, 40.554356, 36.673138> 0.250000
	pigment { color rgbt <1,0,0,0> }
	no_shadow
}
cylinder {
	<28.626867, 40.521259, 36.398022>,  <28.799950, 40.501404, 36.232952>, 0.100000
	pigment { color rgbt <1,0,0,0> }
	no_shadow
}
cylinder {
	<28.626867, 40.521259, 36.398022>,  <28.338396, 40.554356, 36.673138>, 0.100000
	pigment { color rgbt <1,0,0,0> }
	no_shadow
}

// particle -1
sphere {
	<28.626867, 40.521259, 36.398022> 0.100000
	pigment { color rgbt <1,0,0,0> }
	no_shadow
}
sphere {
	0, 1
	scale<0.080000,0.200000,0.300000>
	matrix <-0.224841, -0.967049, -0.119424,
		-0.655249, 0.240770, -0.716016,
		0.721177, -0.082738, -0.687793,
		28.843220, 40.496437, 36.191685>
	pigment { color rgbt <0,1,1,0> }
	no_shadow
}
cylinder {
	<28.070683, 40.241600, 36.199615>,  <28.338396, 40.554356, 36.673138>, 0.130000
	pigment { color rgbt <1,0,0,0> }
	no_shadow
}

// nucleotide -1

// particle -1
sphere {
	<28.070683, 40.241600, 36.199615> 0.250000
	pigment { color rgbt <1,0,0,0> }
	no_shadow
}
cylinder {
	<28.464769, 40.186409, 36.159004>,  <28.701221, 40.153294, 36.134640>, 0.100000
	pigment { color rgbt <1,0,0,0> }
	no_shadow
}
cylinder {
	<28.464769, 40.186409, 36.159004>,  <28.070683, 40.241600, 36.199615>, 0.100000
	pigment { color rgbt <1,0,0,0> }
	no_shadow
}

// particle -1
sphere {
	<28.464769, 40.186409, 36.159004> 0.100000
	pigment { color rgbt <1,0,0,0> }
	no_shadow
}
sphere {
	0, 1
	scale<0.080000,0.200000,0.300000>
	matrix <-0.142881, -0.988819, -0.042689,
		-0.094499, 0.056564, -0.993917,
		0.985218, -0.137978, -0.101525,
		28.760334, 40.145016, 36.128548>
	pigment { color rgbt <0,1,1,0> }
	no_shadow
}
cylinder {
	<28.007387, 39.590466, 36.014957>,  <28.070683, 40.241600, 36.199615>, 0.130000
	pigment { color rgbt <1,0,0,0> }
	no_shadow
}

// nucleotide -1

// particle -1
sphere {
	<28.007387, 39.590466, 36.014957> 0.250000
	pigment { color rgbt <1,0,0,0> }
	no_shadow
}
cylinder {
	<28.403162, 39.596672, 36.072609>,  <28.640627, 39.600395, 36.107201>, 0.100000
	pigment { color rgbt <1,0,0,0> }
	no_shadow
}
cylinder {
	<28.403162, 39.596672, 36.072609>,  <28.007387, 39.590466, 36.014957>, 0.100000
	pigment { color rgbt <1,0,0,0> }
	no_shadow
}

// particle -1
sphere {
	<28.403162, 39.596672, 36.072609> 0.100000
	pigment { color rgbt <1,0,0,0> }
	no_shadow
}
sphere {
	0, 1
	scale<0.080000,0.200000,0.300000>
	matrix <0.022730, -0.998563, -0.048522,
