// switches for output
#declare DRAW_BASES = 1; // possible values are 0, 1; only relevant for DNA ribbons
#declare DRAW_BASES_TYPE = 3; // possible values are 1, 2, 3; only relevant for DNA ribbons
#declare DRAW_FOG = 0; // set to 1 to enable fog

#include "colors.inc"

#include "transforms.inc"
background { rgb <1, 1, 1>}

#default {
   normal{
       ripples 0.25
       frequency 0.20
       turbulence 0.2
       lambda 5
   }
	finish {
		phong 0.1
		phong_size 40.
	}
}

// original window dimensions: 1024x640


// camera settings

camera {
	sky <0, 0.179814, -0.983701>
	up <0, 0.179814, -0.983701>
	right 1.6 * <1, 0, 0>
	location <35, 94.9851, 44.8844>
	look_at <35, 29.7336, 32.9568>
	direction <0, -65.2515, -11.9276>
	angle 67.0682
}


# declare cpy_camera_pos = <35, 94.9851, 44.8844>;
# if (DRAW_FOG = 1)
fog {
	fog_type 2
	up vnormalize(cpy_camera_pos)
	color rgbt<1,1,1,0.3>
	distance 1e-5
	fog_alt 3e-3
	fog_offset 56
}
# end


// LIGHTS

# declare lum = 6;
global_settings {
	ambient_light rgb lum * <0.05, 0.05, 0.05>
	max_trace_level 15
}# declare cpy_direct_light_amount = 0.25;
light_source
{	1000 * <-1, -1.16352, -0.803886>,
	rgb lum * cpy_direct_light_amount
	parallel
}

light_source
{	1000 * <1, 1.16352, 0.803886>,
	rgb lum * cpy_direct_light_amount
	parallel
}

// strand 0

// nucleotide -1

// particle -1
sphere {
	<24.645754, 35.088894, 35.477741> 0.250000
	pigment { color rgbt <1,0,0,0> }
	no_shadow
}
cylinder {
	<24.544291, 34.826466, 35.193424>,  <24.483412, 34.669006, 35.022835>, 0.100000
	pigment { color rgbt <1,0,0,0> }
	no_shadow
}
cylinder {
	<24.544291, 34.826466, 35.193424>,  <24.645754, 35.088894, 35.477741>, 0.100000
	pigment { color rgbt <1,0,0,0> }
	no_shadow
}

// particle -1
sphere {
	<24.544291, 34.826466, 35.193424> 0.100000
	pigment { color rgbt <1,0,0,0> }
	no_shadow
}
sphere {
	0, 1
	scale<0.080000,0.200000,0.300000>
	matrix <-0.912145, -0.082334, 0.401512,
		-0.321943, 0.750192, -0.577550,
		-0.253660, -0.656074, -0.710791,
		24.468193, 34.629642, 34.980186>
	pigment { color rgbt <0,1,1,0> }
	no_shadow
}
cylinder {
	<24.996981, 35.570351, 35.144413>,  <24.645754, 35.088894, 35.477741>, 0.130000
	pigment { color rgbt <1,0,0,0> }
	no_shadow
}

// nucleotide -1

// particle -1
sphere {
	<24.996981, 35.570351, 35.144413> 0.250000
	pigment { color rgbt <1,0,0,0> }
	no_shadow
}
cylinder {
	<24.927670, 35.323864, 34.837101>,  <24.886084, 35.175972, 34.652714>, 0.100000
	pigment { color rgbt <1,0,0,0> }
	no_shadow
}
cylinder {
	<24.927670, 35.323864, 34.837101>,  <24.996981, 35.570351, 35.144413>, 0.100000
	pigment { color rgbt <1,0,0,0> }
	no_shadow
}

// particle -1
sphere {
	<24.927670, 35.323864, 34.837101> 0.100000
	pigment { color rgbt <1,0,0,0> }
	no_shadow
}
sphere {
	0, 1
	scale<0.080000,0.200000,0.300000>
	matrix <0.260899, 0.723487, -0.639138,
		0.949688, -0.311190, 0.035408,
		-0.173276, -0.616220, -0.768276,
		24.875687, 35.138996, 34.606617>
	pigment { color rgbt <0,1,1,0> }
	no_shadow
}
cylinder {
	<25.660595, 35.538097, 34.721294>,  <24.996981, 35.570351, 35.144413>, 0.130000
	pigment { color rgbt <1,0,0,0> }
	no_shadow
}

// nucleotide -1

// particle -1
sphere {
	<25.660595, 35.538097, 34.721294> 0.250000
	pigment { color rgbt <1,0,0,0> }
	no_shadow
}
cylinder {
	<25.335625, 35.439537, 34.509918>,  <25.140642, 35.380402, 34.383091>, 0.100000
	pigment { color rgbt <1,0,0,0> }
	no_shadow
}
cylinder {
	<25.335625, 35.439537, 34.509918>,  <25.660595, 35.538097, 34.721294>, 0.100000
	pigment { color rgbt <1,0,0,0> }
	no_shadow
}

// particle -1
sphere {
	<25.335625, 35.439537, 34.509918> 0.100000
	pigment { color rgbt <1,0,0,0> }
	no_shadow
}
sphere {
	0, 1
	scale<0.080000,0.200000,0.300000>
	matrix <0.130775, 0.806223, -0.576977,
		0.568207, -0.537858, -0.622775,
		-0.812428, -0.246399, -0.528440,
		25.091896, 35.365616, 34.351387>
	pigment { color rgbt <0,1,1,0> }
	no_shadow
}
cylinder {
	<25.749569, 35.458584, 34.032784>,  <25.660595, 35.538097, 34.721294>, 0.130000
	pigment { color rgbt <1,0,0,0> }
	no_shadow
}

// nucleotide -1

// particle -1
sphere {
	<25.749569, 35.458584, 34.032784> 0.250000
	pigment { color rgbt <1,0,0,0> }
	no_shadow
}
cylinder {
	<25.380154, 35.600376, 34.091335>,  <25.158504, 35.685452, 34.126465>, 0.100000
	pigment { color rgbt <1,0,0,0> }
	no_shadow
}
cylinder {
	<25.380154, 35.600376, 34.091335>,  <25.749569, 35.458584, 34.032784>, 0.100000
	pigment { color rgbt <1,0,0,0> }
	no_shadow
}

// particle -1
sphere {
	<25.380154, 35.600376, 34.091335> 0.100000
	pigment { color rgbt <1,0,0,0> }
	no_shadow
}
sphere {
	0, 1
	scale<0.080000,0.200000,0.300000>
	matrix <0.254135, 0.851507, -0.458641,
		-0.287222, -0.386371, -0.876482,
		-0.923536, 0.354476, 0.146381,
		25.103092, 35.706718, 34.135250>
	pigment { color rgbt <0,1,1,0> }
	no_shadow
}
cylinder {
	<25.485909, 35.736141, 33.374893>,  <25.749569, 35.458584, 34.032784>, 0.130000
	pigment { color rgbt <1,0,0,0> }
	no_shadow
}

// nucleotide -1

// particle -1
sphere {
	<25.485909, 35.736141, 33.374893> 0.250000
	pigment { color rgbt <1,0,0,0> }
	no_shadow
}
cylinder {
	<25.330994, 35.924011, 33.692234>,  <25.238045, 36.036736, 33.882641>, 0.100000
	pigment { color rgbt <1,0,0,0> }
	no_shadow
}
cylinder {
	<25.330994, 35.924011, 33.692234>,  <25.485909, 35.736141, 33.374893>, 0.100000
	pigment { color rgbt <1,0,0,0> }
	no_shadow
}

// particle -1
sphere {
	<25.330994, 35.924011, 33.692234> 0.100000
	pigment { color rgbt <1,0,0,0> }
	no_shadow
}
sphere {
	0, 1
	scale<0.080000,0.200000,0.300000>
	matrix <0.265779, 0.880855, -0.391734,
		-0.882819, 0.059143, -0.465975,
		-0.387288, 0.469677, 0.793354,
		25.214808, 36.064915, 33.930241>
	pigment { color rgbt <0,1,1,0> }
	no_shadow
}
cylinder {
	<26.064257, 36.012970, 32.993706>,  <25.485909, 35.736141, 33.374893>, 0.130000
	pigment { color rgbt <1,0,0,0> }
	no_shadow
}

// nucleotide -1

// particle -1
sphere {
	<26.064257, 36.012970, 32.993706> 0.250000
	pigment { color rgbt <1,0,0,0> }
	no_shadow
}
cylinder {
	<26.452793, 36.022175, 33.088333>,  <26.685915, 36.027699, 33.145107>, 0.100000
	pigment { color rgbt <1,0,0,0> }
	no_shadow
}
cylinder {
	<26.452793, 36.022175, 33.088333>,  <26.064257, 36.012970, 32.993706>, 0.100000
	pigment { color rgbt <1,0,0,0> }
	no_shadow
}

// particle -1
sphere {
	<26.452793, 36.022175, 33.088333> 0.100000
	pigment { color rgbt <1,0,0,0> }
	no_shadow
}
sphere {
	0, 1
	scale<0.080000,0.200000,0.300000>
	matrix <0.236028, 0.023851, -0.971453,
		-0.027999, 0.999451, 0.017736,
		0.971343, 0.023013, 0.236566,
		26.744196, 36.029079, 33.159302>
	pigment { color rgbt <0,1,1,0> }
	no_shadow
}
cylinder {
	<26.454235, 36.725021, 32.952431>,  <26.064257, 36.012970, 32.993706>, 0.130000
	pigment { color rgbt <1,0,0,0> }
	no_shadow
}

// nucleotide -1

// particle -1
sphere {
	<26.454235, 36.725021, 32.952431> 0.250000
	pigment { color rgbt <1,0,0,0> }
	no_shadow
}
cylinder {
	<26.632479, 36.374985, 32.876915>,  <26.739426, 36.164963, 32.831604>, 0.100000
	pigment { color rgbt <1,0,0,0> }
	no_shadow
}
cylinder {
	<26.632479, 36.374985, 32.876915>,  <26.454235, 36.725021, 32.952431>, 0.100000
	pigment { color rgbt <1,0,0,0> }
	no_shadow
}

// particle -1
sphere {
	<26.632479, 36.374985, 32.876915> 0.100000
	pigment { color rgbt <1,0,0,0> }
	no_shadow
}
sphere {
	0, 1
	scale<0.080000,0.200000,0.300000>
	matrix <0.104050, 0.260086, -0.959963,
		0.889160, 0.408124, 0.206951,
		0.445609, -0.875094, -0.188793,
		26.766161, 36.112457, 32.820278>
	pigment { color rgbt <0,1,1,0> }
	no_shadow
}
cylinder {
	<27.010853, 36.887402, 32.581486>,  <26.454235, 36.725021, 32.952431>, 0.130000
	pigment { color rgbt <1,0,0,0> }
	no_shadow
}

// nucleotide -1

// particle -1
sphere {
	<27.010853, 36.887402, 32.581486> 0.250000
	pigment { color rgbt <1,0,0,0> }
	no_shadow
}
cylinder {
	<26.930361, 36.505882, 32.492252>,  <26.882065, 36.276970, 32.438713>, 0.100000
	pigment { color rgbt <1,0,0,0> }
	no_shadow
}
cylinder {
	<26.930361, 36.505882, 32.492252>,  <27.010853, 36.887402, 32.581486>, 0.100000
	pigment { color rgbt <1,0,0,0> }
	no_shadow
}

// particle -1
sphere {
	<26.930361, 36.505882, 32.492252> 0.100000
	pigment { color rgbt <1,0,0,0> }
	no_shadow
}
sphere {
	0, 1
	scale<0.080000,0.200000,0.300000>
	matrix <0.117156, 0.202672, -0.972213,
		0.972512, -0.221775, 0.070960,
		-0.201231, -0.953803, -0.223083,
		26.869991, 36.219742, 32.425327>
	pigment { color rgbt <0,1,1,0> }
	no_shadow
}
cylinder {
	<27.504868, 36.553978, 32.211552>,  <27.010853, 36.887402, 32.581486>, 0.130000
	pigment { color rgbt <1,0,0,0> }
	no_shadow
}

// nucleotide -1

// particle -1
sphere {
	<27.504868, 36.553978, 32.211552> 0.250000
	pigment { color rgbt <1,0,0,0> }
	no_shadow
}
cylinder {
	<27.188740, 36.323128, 32.129261>,  <26.999063, 36.184616, 32.079887>, 0.100000
	pigment { color rgbt <1,0,0,0> }
	no_shadow
}
cylinder {
	<27.188740, 36.323128, 32.129261>,  <27.504868, 36.553978, 32.211552>, 0.100000
	pigment { color rgbt <1,0,0,0> }
	no_shadow
}

// particle -1
sphere {
	<27.188740, 36.323128, 32.129261> 0.100000
	pigment { color rgbt <1,0,0,0> }
	no_shadow
}
sphere {
	0, 1
	scale<0.080000,0.200000,0.300000>
	matrix <0.215350, 0.052700, -0.975114,
		0.573605, -0.814953, 0.082635,
		-0.790317, -0.577125, -0.205729,
		26.951645, 36.149990, 32.067543>
	pigment { color rgbt <0,1,1,0> }
	no_shadow
}
cylinder {
	<27.736898, 36.112579, 31.742264>,  <27.504868, 36.553978, 32.211552>, 0.130000
	pigment { color rgbt <1,0,0,0> }
	no_shadow
}

// nucleotide -1

// particle -1
sphere {
	<27.736898, 36.112579, 31.742264> 0.250000
	pigment { color rgbt <1,0,0,0> }
	no_shadow
}
cylinder {
	<27.339685, 36.128731, 31.697989>,  <27.101357, 36.138420, 31.671423>, 0.100000
	pigment { color rgbt <1,0,0,0> }
	no_shadow
}
cylinder {
	<27.339685, 36.128731, 31.697989>,  <27.736898, 36.112579, 31.742264>, 0.100000
	pigment { color rgbt <1,0,0,0> }
	no_shadow
}

// particle -1
sphere {
	<27.339685, 36.128731, 31.697989> 0.100000
	pigment { color rgbt <1,0,0,0> }
	no_shadow
}
sphere {
	0, 1
	scale<0.080000,0.200000,0.300000>
	matrix <0.106683, -0.090619, -0.990155,
		-0.050006, -0.995067, 0.085681,
		-0.993035, 0.040373, -0.110688,
		27.041775, 36.140846, 31.664782>
	pigment { color rgbt <0,1,1,0> }
	no_shadow
}
cylinder {
	<27.574318, 35.637150, 31.271534>,  <27.736898, 36.112579, 31.742264>, 0.130000
	pigment { color rgbt <1,0,0,0> }
	no_shadow
}

// nucleotide -1

// particle -1
sphere {
	<27.574318, 35.637150, 31.271534> 0.250000
	pigment { color rgbt <1,0,0,0> }
	no_shadow
}
cylinder {
	<27.248795, 35.869164, 31.257261>,  <27.053480, 36.008373, 31.248697>, 0.100000
	pigment { color rgbt <1,0,0,0> }
	no_shadow
}
cylinder {
	<27.248795, 35.869164, 31.257261>,  <27.574318, 35.637150, 31.271534>, 0.100000
	pigment { color rgbt <1,0,0,0> }
	no_shadow
}

// particle -1
sphere {
	<27.248795, 35.869164, 31.257261> 0.100000
	pigment { color rgbt <1,0,0,0> }
	no_shadow
}
sphere {
	0, 1
	scale<0.080000,0.200000,0.300000>
	matrix <0.110901, 0.094738, -0.989306,
		-0.570451, -0.809064, -0.141425,
		-0.813810, 0.580035, -0.035682,
		27.004652, 36.043175, 31.246557>
	pigment { color rgbt <0,1,1,0> }
	no_shadow
}
cylinder {
	<27.058702, 35.272861, 30.868998>,  <27.574318, 35.637150, 31.271534>, 0.130000
	pigment { color rgbt <1,0,0,0> }
	no_shadow
}

// nucleotide -1

// particle -1
sphere {
	<27.058702, 35.272861, 30.868998> 0.250000
	pigment { color rgbt <1,0,0,0> }
	no_shadow
}
cylinder {
	<26.996181, 35.667576, 30.851906>,  <26.958670, 35.904404, 30.841650>, 0.100000
	pigment { color rgbt <1,0,0,0> }
	no_shadow
}
cylinder {
	<26.996181, 35.667576, 30.851906>,  <27.058702, 35.272861, 30.868998>, 0.100000
	pigment { color rgbt <1,0,0,0> }
	no_shadow
}

// particle -1
sphere {
	<26.996181, 35.667576, 30.851906> 0.100000
	pigment { color rgbt <1,0,0,0> }
	no_shadow
}
sphere {
	0, 1
	scale<0.080000,0.200000,0.300000>
	matrix <0.046893, -0.035800, -0.998258,
		-0.986596, -0.158033, -0.040677,
		-0.156302, 0.986785, -0.042730,
		26.949291, 35.963612, 30.839087>
	pigment { color rgbt <0,1,1,0> }
	no_shadow
}
cylinder {
	<26.557039, 35.279888, 30.354362>,  <27.058702, 35.272861, 30.868998>, 0.130000
	pigment { color rgbt <1,0,0,0> }
	no_shadow
}

// nucleotide -1

// particle -1
sphere {
	<26.557039, 35.279888, 30.354362> 0.250000
	pigment { color rgbt <1,0,0,0> }
	no_shadow
}
cylinder {
	<26.692753, 35.654148, 30.393248>,  <26.774181, 35.878704, 30.416578>, 0.100000
	pigment { color rgbt <1,0,0,0> }
	no_shadow
}
cylinder {
	<26.692753, 35.654148, 30.393248>,  <26.557039, 35.279888, 30.354362>, 0.100000
	pigment { color rgbt <1,0,0,0> }
	no_shadow
}

// particle -1
sphere {
	<26.692753, 35.654148, 30.393248> 0.100000
	pigment { color rgbt <1,0,0,0> }
	no_shadow
}
sphere {
	0, 1
	scale<0.080000,0.200000,0.300000>
	matrix <-0.142963, 0.153428, -0.977763,
		-0.929757, 0.317842, 0.185818,
		0.339285, 0.935648, 0.097212,
		26.794538, 35.934841, 30.422411>
	pigment { color rgbt <0,1,1,0> }
	no_shadow
}
cylinder {
	<26.267471, 35.620655, 29.731077>,  <26.557039, 35.279888, 30.354362>, 0.130000
	pigment { color rgbt <1,0,0,0> }
	no_shadow
}

// nucleotide -1

// particle -1
sphere {
	<26.267471, 35.620655, 29.731077> 0.250000
	pigment { color rgbt <1,0,0,0> }
	no_shadow
}
cylinder {
	<26.543335, 35.882877, 29.854111>,  <26.708853, 36.040211, 29.927931>, 0.100000
	pigment { color rgbt <1,0,0,0> }
	no_shadow
}
cylinder {
	<26.543335, 35.882877, 29.854111>,  <26.267471, 35.620655, 29.731077>, 0.100000
	pigment { color rgbt <1,0,0,0> }
	no_shadow
}

// particle -1
sphere {
	<26.543335, 35.882877, 29.854111> 0.100000
	pigment { color rgbt <1,0,0,0> }
	no_shadow
}
sphere {
	0, 1
	scale<0.080000,0.200000,0.300000>
	matrix <0.149742, 0.286475, -0.946314,
		-0.708481, 0.698694, 0.099405,
		0.689661, 0.655560, 0.307586,
		26.750233, 36.079544, 29.946386>
	pigment { color rgbt <0,1,1,0> }
	no_shadow
}
cylinder {
	<26.035528, 36.229889, 29.475794>,  <26.267471, 35.620655, 29.731077>, 0.130000
	pigment { color rgbt <1,0,0,0> }
	no_shadow
}

// nucleotide -1

// particle -1
sphere {
	<26.035528, 36.229889, 29.475794> 0.250000
	pigment { color rgbt <1,0,0,0> }
	no_shadow
}
cylinder {
	<26.419329, 36.304668, 29.560087>,  <26.649609, 36.349537, 29.610662>, 0.100000
	pigment { color rgbt <1,0,0,0> }
	no_shadow
}
cylinder {
	<26.419329, 36.304668, 29.560087>,  <26.035528, 36.229889, 29.475794>, 0.100000
	pigment { color rgbt <1,0,0,0> }
	no_shadow
}

// particle -1
sphere {
	<26.419329, 36.304668, 29.560087> 0.100000
	pigment { color rgbt <1,0,0,0> }
	no_shadow
}
sphere {
	0, 1
	scale<0.080000,0.200000,0.300000>
	matrix <0.109279, 0.442474, -0.890098,
		-0.259644, 0.877079, 0.404125,
		0.959501, 0.186946, 0.210732,
		26.707180, 36.360752, 29.623306>
	pigment { color rgbt <0,1,1,0> }
	no_shadow
}
cylinder {
	<26.149609, 36.842003, 29.279205>,  <26.035528, 36.229889, 29.475794>, 0.130000
	pigment { color rgbt <1,0,0,0> }
	no_shadow
}

// nucleotide -1

// particle -1
sphere {
	<26.149609, 36.842003, 29.279205> 0.250000
	pigment { color rgbt <1,0,0,0> }
	no_shadow
}
cylinder {
	<26.523132, 36.698978, 29.274382>,  <26.747248, 36.613163, 29.271488>, 0.100000
	pigment { color rgbt <1,0,0,0> }
	no_shadow
}
cylinder {
	<26.523132, 36.698978, 29.274382>,  <26.149609, 36.842003, 29.279205>, 0.100000
	pigment { color rgbt <1,0,0,0> }
	no_shadow
}

// particle -1
sphere {
	<26.523132, 36.698978, 29.274382> 0.100000
	pigment { color rgbt <1,0,0,0> }
	no_shadow
}
sphere {
	0, 1
	scale<0.080000,0.200000,0.300000>
	matrix <0.208104, 0.570284, -0.794650,
		0.291015, 0.739543, 0.606948,
		0.933811, -0.357564, -0.012060,
		26.803276, 36.591709, 29.270763>
	pigment { color rgbt <0,1,1,0> }
	no_shadow
}
cylinder {
	<26.685574, 37.451057, 29.177017>,  <26.149609, 36.842003, 29.279205>, 0.130000
	pigment { color rgbt <1,0,0,0> }
	no_shadow
}

// nucleotide -1

// particle -1
sphere {
	<26.685574, 37.451057, 29.177017> 0.250000
	pigment { color rgbt <1,0,0,0> }
	no_shadow
}
cylinder {
	<26.857622, 37.105946, 29.070726>,  <26.960852, 36.898880, 29.006952>, 0.100000
	pigment { color rgbt <1,0,0,0> }
	no_shadow
}
cylinder {
	<26.857622, 37.105946, 29.070726>,  <26.685574, 37.451057, 29.177017>, 0.100000
	pigment { color rgbt <1,0,0,0> }
	no_shadow
}

// particle -1
sphere {
	<26.857622, 37.105946, 29.070726> 0.100000
	pigment { color rgbt <1,0,0,0> }
	no_shadow
}
sphere {
	0, 1
	scale<0.080000,0.200000,0.300000>
	matrix <0.297071, 0.413219, -0.860813,
		0.852493, 0.291314, 0.434041,
		0.430121, -0.862778, -0.265725,
		26.986658, 36.847111, 28.991009>
	pigment { color rgbt <0,1,1,0> }
	no_shadow
}
cylinder {
	<27.345800, 37.685436, 28.894238>,  <26.685574, 37.451057, 29.177017>, 0.130000
	pigment { color rgbt <1,0,0,0> }
	no_shadow
}

// nucleotide -1

// particle -1
sphere {
	<27.345800, 37.685436, 28.894238> 0.250000
	pigment { color rgbt <1,0,0,0> }
	no_shadow
}
cylinder {
	<27.294895, 37.318489, 28.743383>,  <27.264353, 37.098320, 28.652870>, 0.100000
	pigment { color rgbt <1,0,0,0> }
	no_shadow
}
cylinder {
	<27.294895, 37.318489, 28.743383>,  <27.345800, 37.685436, 28.894238>, 0.100000
	pigment { color rgbt <1,0,0,0> }
	no_shadow
}

// particle -1
sphere {
	<27.294895, 37.318489, 28.743383> 0.100000
	pigment { color rgbt <1,0,0,0> }
	no_shadow
}
sphere {
	0, 1
	scale<0.080000,0.200000,0.300000>
	matrix <0.368252, 0.309351, -0.876751,
		0.920975, -0.250460, 0.298456,
		-0.127264, -0.917373, -0.377137,
		27.256716, 37.043278, 28.630243>
	pigment { color rgbt <0,1,1,0> }
	no_shadow
}
cylinder {
	<27.938353, 37.583248, 28.448097>,  <27.345800, 37.685436, 28.894238>, 0.130000
	pigment { color rgbt <1,0,0,0> }
	no_shadow
}

// nucleotide -1

// particle -1
sphere {
	<27.938353, 37.583248, 28.448097> 0.250000
	pigment { color rgbt <1,0,0,0> }
	no_shadow
}
cylinder {
	<27.698502, 37.287163, 28.326424>,  <27.554592, 37.109512, 28.253420>, 0.100000
	pigment { color rgbt <1,0,0,0> }
	no_shadow
}
cylinder {
	<27.698502, 37.287163, 28.326424>,  <27.938353, 37.583248, 28.448097>, 0.100000
	pigment { color rgbt <1,0,0,0> }
	no_shadow
}

// particle -1
sphere {
	<27.698502, 37.287163, 28.326424> 0.100000
	pigment { color rgbt <1,0,0,0> }
	no_shadow
}
sphere {
	0, 1
	scale<0.080000,0.200000,0.300000>
	matrix <0.363677, 0.086540, -0.927497,
		0.712873, -0.666775, 0.217308,
		-0.599626, -0.740217, -0.304183,
		27.518614, 37.065098, 28.235168>
	pigment { color rgbt <0,1,1,0> }
	no_shadow
}
cylinder {
	<28.361095, 37.120018, 28.010836>,  <27.938353, 37.583248, 28.448097>, 0.130000
	pigment { color rgbt <1,0,0,0> }
	no_shadow
}

// nucleotide -1

// particle -1
sphere {
	<28.361095, 37.120018, 28.010836> 0.250000
	pigment { color rgbt <1,0,0,0> }
	no_shadow
}
cylinder {
	<27.975023, 37.073631, 27.917049>,  <27.743380, 37.045799, 27.860777>, 0.100000
	pigment { color rgbt <1,0,0,0> }
	no_shadow
}
cylinder {
	<27.975023, 37.073631, 27.917049>,  <28.361095, 37.120018, 28.010836>, 0.100000
	pigment { color rgbt <1,0,0,0> }
	no_shadow
}

// particle -1
sphere {
	<27.975023, 37.073631, 27.917049> 0.100000
	pigment { color rgbt <1,0,0,0> }
	no_shadow
}
sphere {
	0, 1
	scale<0.080000,0.200000,0.300000>
	matrix <0.219638, 0.127511, -0.967213,
		0.142076, -0.985033, -0.097597,
		-0.965181, -0.115982, -0.234467,
		27.685469, 37.038841, 27.846710>
	pigment { color rgbt <0,1,1,0> }
	no_shadow
}
cylinder {
	<28.413582, 36.654160, 27.444471>,  <28.361095, 37.120018, 28.010836>, 0.130000
	pigment { color rgbt <1,0,0,0> }
	no_shadow
}

// nucleotide -1

// particle -1
sphere {
	<28.413582, 36.654160, 27.444471> 0.250000
	pigment { color rgbt <1,0,0,0> }
	no_shadow
}
cylinder {
	<28.074389, 36.865528, 27.427979>,  <27.870872, 36.992348, 27.418083>, 0.100000
	pigment { color rgbt <1,0,0,0> }
	no_shadow
}
cylinder {
	<28.074389, 36.865528, 27.427979>,  <28.413582, 36.654160, 27.444471>, 0.100000
	pigment { color rgbt <1,0,0,0> }
	no_shadow
}

// particle -1
sphere {
	<28.074389, 36.865528, 27.427979> 0.100000
	pigment { color rgbt <1,0,0,0> }
	no_shadow
}
sphere {
	0, 1
	scale<0.080000,0.200000,0.300000>
	matrix <0.024880, -0.038017, -0.998967,
		-0.529443, -0.848131, 0.019091,
		-0.847981, 0.528421, -0.041230,
		27.819994, 37.024055, 27.415609>
	pigment { color rgbt <0,1,1,0> }
	no_shadow
}
cylinder {
	<28.118681, 36.479519, 26.786715>,  <28.413582, 36.654160, 27.444471>, 0.130000
	pigment { color rgbt <1,0,0,0> }
	no_shadow
}

// nucleotide -1

// particle -1
sphere {
	<28.118681, 36.479519, 26.786715> 0.250000
	pigment { color rgbt <1,0,0,0> }
	no_shadow
}
cylinder {
	<27.887167, 36.792442, 26.878798>,  <27.748259, 36.980198, 26.934048>, 0.100000
	pigment { color rgbt <1,0,0,0> }
	no_shadow
}
cylinder {
	<27.887167, 36.792442, 26.878798>,  <28.118681, 36.479519, 26.786715>, 0.100000
	pigment { color rgbt <1,0,0,0> }
	no_shadow
}

// particle -1
sphere {
	<27.887167, 36.792442, 26.878798> 0.100000
	pigment { color rgbt <1,0,0,0> }
	no_shadow
}
sphere {
	0, 1
	scale<0.080000,0.200000,0.300000>
	matrix <-0.110173, 0.204693, -0.972606,
		-0.808004, -0.588291, -0.032283,
		-0.578784, 0.782313, 0.230207,
		27.713531, 37.027138, 26.947859>
	pigment { color rgbt <0,1,1,0> }
	no_shadow
}
cylinder {
	<27.516644, 36.455624, 26.411018>,  <28.118681, 36.479519, 26.786715>, 0.130000
	pigment { color rgbt <1,0,0,0> }
	no_shadow
}

// nucleotide -1

// particle -1
sphere {
	<27.516644, 36.455624, 26.411018> 0.250000
	pigment { color rgbt <1,0,0,0> }
	no_shadow
}
cylinder {
	<27.517078, 36.842388, 26.513060>,  <27.517340, 37.074448, 26.574284>, 0.100000
	pigment { color rgbt <1,0,0,0> }
	no_shadow
}
cylinder {
	<27.517078, 36.842388, 26.513060>,  <27.516644, 36.455624, 26.411018>, 0.100000
	pigment { color rgbt <1,0,0,0> }
	no_shadow
}

// particle -1
sphere {
	<27.517078, 36.842388, 26.513060> 0.100000
	pigment { color rgbt <1,0,0,0> }
	no_shadow
}
sphere {
	0, 1
	scale<0.080000,0.200000,0.300000>
	matrix <-0.235012, 0.248204, -0.939768,
		-0.971992, -0.058929, 0.227507,
		0.001089, 0.966914, 0.255101,
		27.517405, 37.132462, 26.589590>
	pigment { color rgbt <0,1,1,0> }
	no_shadow
}
cylinder {
	<26.884804, 36.853771, 26.054382>,  <27.516644, 36.455624, 26.411018>, 0.130000
	pigment { color rgbt <1,0,0,0> }
	no_shadow
}

// nucleotide -1

// particle -1
sphere {
	<26.884804, 36.853771, 26.054382> 0.250000
	pigment { color rgbt <1,0,0,0> }
	no_shadow
}
cylinder {
	<27.164923, 37.124344, 26.145615>,  <27.332994, 37.286690, 26.200354>, 0.100000
	pigment { color rgbt <1,0,0,0> }
	no_shadow
}
cylinder {
	<27.164923, 37.124344, 26.145615>,  <26.884804, 36.853771, 26.054382>, 0.100000
	pigment { color rgbt <1,0,0,0> }
	no_shadow
}

// particle -1
sphere {
	<27.164923, 37.124344, 26.145615> 0.100000
	pigment { color rgbt <1,0,0,0> }
	no_shadow
}
sphere {
	0, 1
	scale<0.080000,0.200000,0.300000>
	matrix <-0.131742, 0.436484, -0.890014,
		-0.701591, 0.593225, 0.394783,
		0.700296, 0.676436, 0.228081,
		27.375011, 37.327274, 26.214039>
	pigment { color rgbt <0,1,1,0> }
	no_shadow
}
cylinder {
	<26.577026, 37.474766, 25.790232>,  <26.884804, 36.853771, 26.054382>, 0.130000
	pigment { color rgbt <1,0,0,0> }
	no_shadow
}

// nucleotide -1

// particle -1
sphere {
	<26.577026, 37.474766, 25.790232> 0.250000
	pigment { color rgbt <1,0,0,0> }
	no_shadow
}
cylinder {
	<26.970343, 37.540829, 25.820850>,  <27.206333, 37.580467, 25.839222>, 0.100000
	pigment { color rgbt <1,0,0,0> }
	no_shadow
}
cylinder {
	<26.970343, 37.540829, 25.820850>,  <26.577026, 37.474766, 25.790232>, 0.100000
	pigment { color rgbt <1,0,0,0> }
	no_shadow
}

// particle -1
sphere {
	<26.970343, 37.540829, 25.820850> 0.100000
	pigment { color rgbt <1,0,0,0> }
	no_shadow
}
sphere {
	0, 1
	scale<0.080000,0.200000,0.300000>
	matrix <0.033813, 0.247475, -0.968304,
		-0.178865, 0.954714, 0.237756,
		0.983292, 0.165156, 0.076546,
		27.265331, 37.590374, 25.843815>
	pigment { color rgbt <0,1,1,0> }
	no_shadow
}
cylinder {
	<26.702839, 38.054485, 25.439331>,  <26.577026, 37.474766, 25.790232>, 0.130000
	pigment { color rgbt <1,0,0,0> }
	no_shadow
}

// nucleotide -1

// particle -1
sphere {
	<26.702839, 38.054485, 25.439331> 0.250000
	pigment { color rgbt <1,0,0,0> }
	no_shadow
}
cylinder {
	<27.020336, 37.811562, 25.452909>,  <27.210835, 37.665810, 25.461056>, 0.100000
	pigment { color rgbt <1,0,0,0> }
	no_shadow
}
cylinder {
	<27.020336, 37.811562, 25.452909>,  <26.702839, 38.054485, 25.439331>, 0.100000
	pigment { color rgbt <1,0,0,0> }
	no_shadow
}

// particle -1
sphere {
	<27.020336, 37.811562, 25.452909> 0.100000
	pigment { color rgbt <1,0,0,0> }
	no_shadow
}
sphere {
	0, 1
	scale<0.080000,0.200000,0.300000>
	matrix <0.154267, 0.147013, -0.977031,
		0.588366, 0.780748, 0.210377,
		0.793743, -0.607306, 0.033946,
		27.258459, 37.629372, 25.463093>
	pigment { color rgbt <0,1,1,0> }
	no_shadow
}
cylinder {
	<26.453634, 38.540462, 24.866236>,  <26.702839, 38.054485, 25.439331>, 0.130000
	pigment { color rgbt <1,0,0,0> }
	no_shadow
}

// nucleotide -1

// particle -1
sphere {
	<26.453634, 38.540462, 24.866236> 0.250000
	pigment { color rgbt <1,0,0,0> }
	no_shadow
}
cylinder {
	<26.787291, 38.527107, 24.646021>,  <26.987484, 38.519096, 24.513891>, 0.100000
	pigment { color rgbt <1,0,0,0> }
	no_shadow
}
cylinder {
	<26.787291, 38.527107, 24.646021>,  <26.453634, 38.540462, 24.866236>, 0.100000
	pigment { color rgbt <1,0,0,0> }
	no_shadow
}

// particle -1
sphere {
	<26.787291, 38.527107, 24.646021> 0.100000
	pigment { color rgbt <1,0,0,0> }
	no_shadow
}
sphere {
	0, 1
	scale<0.080000,0.200000,0.300000>
	matrix <-0.100332, -0.990697, -0.091938,
		-0.542347, 0.131926, -0.829732,
		0.834142, -0.033386, -0.550538,
		27.037533, 38.517090, 24.480860>
	pigment { color rgbt <0,1,1,0> }
	no_shadow
}
cylinder {
	<26.430445, 38.108650, 24.251627>,  <26.453634, 38.540462, 24.866236>, 0.130000
	pigment { color rgbt <1,0,0,0> }
	no_shadow
}

// nucleotide -1

// particle -1
sphere {
	<26.430445, 38.108650, 24.251627> 0.250000
	pigment { color rgbt <1,0,0,0> }
	no_shadow
}
cylinder {
	<26.823635, 38.114155, 24.324919>,  <27.059549, 38.117458, 24.368895>, 0.100000
	pigment { color rgbt <1,0,0,0> }
	no_shadow
}
cylinder {
	<26.823635, 38.114155, 24.324919>,  <26.430445, 38.108650, 24.251627>, 0.100000
	pigment { color rgbt <1,0,0,0> }
	no_shadow
}

// particle -1
sphere {
	<26.823635, 38.114155, 24.324919> 0.100000
	pigment { color rgbt <1,0,0,0> }
	no_shadow
}
sphere {
	0, 1
	scale<0.080000,0.200000,0.300000>
	matrix <0.078274, -0.933539, -0.349827,
		0.166239, 0.358213, -0.918721,
		0.982974, 0.013757, 0.183230,
		27.118526, 38.118282, 24.379889>
	pigment { color rgbt <0,1,1,0> }
	no_shadow
}
cylinder {
	<26.947758, 37.511295, 24.146843>,  <26.430445, 38.108650, 24.251627>, 0.130000
	pigment { color rgbt <1,0,0,0> }
	no_shadow
}

// nucleotide -1

// particle -1
sphere {
	<26.947758, 37.511295, 24.146843> 0.250000
	pigment { color rgbt <1,0,0,0> }
	no_shadow
}
cylinder {
	<27.158779, 37.651508, 23.837311>,  <27.285393, 37.735638, 23.651592>, 0.100000
	pigment { color rgbt <1,0,0,0> }
	no_shadow
}
cylinder {
	<27.158779, 37.651508, 23.837311>,  <26.947758, 37.511295, 24.146843>, 0.100000
	pigment { color rgbt <1,0,0,0> }
	no_shadow
}

// particle -1
sphere {
	<27.158779, 37.651508, 23.837311> 0.100000
	pigment { color rgbt <1,0,0,0> }
	no_shadow
}
sphere {
	0, 1
	scale<0.080000,0.200000,0.300000>
	matrix <0.811146, 0.062832, 0.581459,
		0.252444, -0.934439, -0.251188,
		0.527556, 0.350536, -0.773828,
		27.317045, 37.756668, 23.605162>
	pigment { color rgbt <0,1,1,0> }
	no_shadow
}
cylinder {
	<27.632500, 37.176048, 24.033377>,  <26.947758, 37.511295, 24.146843>, 0.130000
	pigment { color rgbt <1,0,0,0> }
	no_shadow
}

// nucleotide -1

// particle -1
sphere {
	<27.632500, 37.176048, 24.033377> 0.250000
	pigment { color rgbt <1,0,0,0> }
	no_shadow
}
cylinder {
	<27.644598, 37.563931, 23.936411>,  <27.651857, 37.796658, 23.878231>, 0.100000
	pigment { color rgbt <1,0,0,0> }
	no_shadow
}
cylinder {
	<27.644598, 37.563931, 23.936411>,  <27.632500, 37.176048, 24.033377>, 0.100000
	pigment { color rgbt <1,0,0,0> }
	no_shadow
}

// particle -1
sphere {
	<27.644598, 37.563931, 23.936411> 0.100000
	pigment { color rgbt <1,0,0,0> }
	no_shadow
}
sphere {
	0, 1
	scale<0.080000,0.200000,0.300000>
	matrix <0.893660, 0.082399, 0.441115,
		0.447724, -0.229979, -0.864091,
		0.030247, 0.969701, -0.242415,
		27.653671, 37.854839, 23.863686>
	pigment { color rgbt <0,1,1,0> }
	no_shadow
}
cylinder {
	<28.299469, 37.399010, 23.601336>,  <27.632500, 37.176048, 24.033377>, 0.130000
	pigment { color rgbt <1,0,0,0> }
	no_shadow
}

// nucleotide -1

// particle -1
sphere {
	<28.299469, 37.399010, 23.601336> 0.250000
	pigment { color rgbt <1,0,0,0> }
	no_shadow
}
cylinder {
	<28.143425, 37.701588, 23.811329>,  <28.049799, 37.883133, 23.937325>, 0.100000
	pigment { color rgbt <1,0,0,0> }
	no_shadow
}
cylinder {
	<28.143425, 37.701588, 23.811329>,  <28.299469, 37.399010, 23.601336>, 0.100000
	pigment { color rgbt <1,0,0,0> }
	no_shadow
}

// particle -1
sphere {
	<28.143425, 37.701588, 23.811329> 0.100000
	pigment { color rgbt <1,0,0,0> }
	no_shadow
}
sphere {
	0, 1
	scale<0.080000,0.200000,0.300000>
	matrix <0.886603, 0.154727, 0.435885,
		0.248493, 0.635495, -0.731025,
		-0.390112, 0.756443, 0.524983,
		28.026392, 37.928520, 23.968824>
	pigment { color rgbt <0,1,1,0> }
	no_shadow
}
cylinder {
	<28.733135, 38.055386, 23.443937>,  <28.299469, 37.399010, 23.601336>, 0.130000
	pigment { color rgbt <1,0,0,0> }
	no_shadow
}

// nucleotide -1

// particle -1
sphere {
	<28.733135, 38.055386, 23.443937> 0.250000
	pigment { color rgbt <1,0,0,0> }
	no_shadow
}
cylinder {
	<28.558281, 38.020050, 23.801956>,  <28.453369, 37.998848, 24.016768>, 0.100000
	pigment { color rgbt <1,0,0,0> }
	no_shadow
}
cylinder {
	<28.558281, 38.020050, 23.801956>,  <28.733135, 38.055386, 23.443937>, 0.100000
	pigment { color rgbt <1,0,0,0> }
	no_shadow
}

// particle -1
sphere {
	<28.558281, 38.020050, 23.801956> 0.100000
	pigment { color rgbt <1,0,0,0> }
	no_shadow
}
sphere {
	0, 1
	scale<0.080000,0.200000,0.300000>
	matrix <0.897214, -0.112102, 0.427130,
		0.062605, 0.989763, 0.128260,
		-0.437136, -0.088336, 0.895047,
		28.427141, 37.993549, 24.070471>
	pigment { color rgbt <0,1,1,0> }
	no_shadow
}
cylinder {
	<29.034323, 38.568626, 23.924351>,  <28.733135, 38.055386, 23.443937>, 0.130000
	pigment { color rgbt <1,0,0,0> }
	no_shadow
}

// nucleotide -1

// particle -1
sphere {
	<29.034323, 38.568626, 23.924351> 0.250000
	pigment { color rgbt <1,0,0,0> }
	no_shadow
}
cylinder {
	<28.924644, 38.208744, 24.060204>,  <28.858837, 37.992817, 24.141714>, 0.100000
	pigment { color rgbt <1,0,0,0> }
	no_shadow
}
cylinder {
	<28.924644, 38.208744, 24.060204>,  <29.034323, 38.568626, 23.924351>, 0.100000
	pigment { color rgbt <1,0,0,0> }
	no_shadow
}

// particle -1
sphere {
	<28.924644, 38.208744, 24.060204> 0.100000
	pigment { color rgbt <1,0,0,0> }
	no_shadow
}
sphere {
	0, 1
	scale<0.080000,0.200000,0.300000>
	matrix <0.924661, -0.149618, 0.350166,
		-0.264231, 0.410058, 0.872946,
		-0.274197, -0.899704, 0.339631,
		28.842386, 37.938831, 24.162092>
	pigment { color rgbt <0,1,1,0> }
	no_shadow
}
cylinder {
	<29.219326, 38.416367, 24.670933>,  <29.034323, 38.568626, 23.924351>, 0.130000
	pigment { color rgbt <1,0,0,0> }
	no_shadow
}

// nucleotide -1

// particle -1
sphere {
	<29.219326, 38.416367, 24.670933> 0.250000
	pigment { color rgbt <1,0,0,0> }
	no_shadow
}
cylinder {
	<29.186928, 38.074268, 24.466190>,  <29.167488, 37.869011, 24.343346>, 0.100000
	pigment { color rgbt <1,0,0,0> }
	no_shadow
}
cylinder {
	<29.186928, 38.074268, 24.466190>,  <29.219326, 38.416367, 24.670933>, 0.100000
	pigment { color rgbt <1,0,0,0> }
	no_shadow
}

// particle -1
sphere {
	<29.186928, 38.074268, 24.466190> 0.100000
	pigment { color rgbt <1,0,0,0> }
	no_shadow
}
sphere {
	0, 1
	scale<0.080000,0.200000,0.300000>
	matrix <0.856227, -0.322584, 0.403505,
		-0.510211, -0.405582, 0.758411,
		-0.080997, -0.855245, -0.511856,
		29.162628, 37.817696, 24.312634>
	pigment { color rgbt <0,1,1,0> }
	no_shadow
}
cylinder {
	<29.494211, 37.877296, 25.060141>,  <29.219326, 38.416367, 24.670933>, 0.130000
	pigment { color rgbt <1,0,0,0> }
	no_shadow
}

// nucleotide -1

// particle -1
sphere {
	<29.494211, 37.877296, 25.060141> 0.250000
	pigment { color rgbt <1,0,0,0> }
	no_shadow
}
cylinder {
	<29.500280, 37.708366, 24.697613>,  <29.503922, 37.607010, 24.480097>, 0.100000
	pigment { color rgbt <1,0,0,0> }
	no_shadow
}
cylinder {
	<29.500280, 37.708366, 24.697613>,  <29.494211, 37.877296, 25.060141>, 0.100000
	pigment { color rgbt <1,0,0,0> }
	no_shadow
}

// particle -1
sphere {
	<29.500280, 37.708366, 24.697613> 0.100000
	pigment { color rgbt <1,0,0,0> }
	no_shadow
}
sphere {
	0, 1
	scale<0.080000,0.200000,0.300000>
	matrix <0.850935, -0.470519, 0.233497,
		-0.525051, -0.774762, 0.352229,
		0.015175, -0.422322, -0.906319,
		29.504833, 37.581669, 24.425716>
	pigment { color rgbt <0,1,1,0> }
	no_shadow
}
cylinder {
	<29.810366, 37.303173, 25.287855>,  <29.494211, 37.877296, 25.060141>, 0.130000
	pigment { color rgbt <1,0,0,0> }
	no_shadow
}

// nucleotide -1

// particle -1
sphere {
	<29.810366, 37.303173, 25.287855> 0.250000
	pigment { color rgbt <1,0,0,0> }
	no_shadow
}
cylinder {
	<29.854343, 37.635670, 25.505825>,  <29.880730, 37.835167, 25.636606>, 0.100000
	pigment { color rgbt <1,0,0,0> }
	no_shadow
}
cylinder {
	<29.854343, 37.635670, 25.505825>,  <29.810366, 37.303173, 25.287855>, 0.100000
	pigment { color rgbt <1,0,0,0> }
	no_shadow
}

// particle -1
sphere {
	<29.854343, 37.635670, 25.505825> 0.100000
	pigment { color rgbt <1,0,0,0> }
	no_shadow
}
sphere {
	0, 1
	scale<0.080000,0.200000,0.300000>
	matrix <0.239310, -0.554258, 0.797200,
		0.964698, 0.042757, -0.259864,
		0.109946, 0.831246, 0.544924,
		29.887327, 37.885044, 25.669302>
	pigment { color rgbt <0,1,1,0> }
	no_shadow
}
cylinder {
	<30.477667, 37.302750, 25.611311>,  <29.810366, 37.303173, 25.287855>, 0.130000
	pigment { color rgbt <1,0,0,0> }
	no_shadow
}

// nucleotide -1

// particle -1
sphere {
	<30.477667, 37.302750, 25.611311> 0.250000
	pigment { color rgbt <1,0,0,0> }
	no_shadow
}
cylinder {
	<30.283598, 37.565823, 25.841810>,  <30.167156, 37.723667, 25.980110>, 0.100000
	pigment { color rgbt <1,0,0,0> }
	no_shadow
}
cylinder {
	<30.283598, 37.565823, 25.841810>,  <30.477667, 37.302750, 25.611311>, 0.100000
	pigment { color rgbt <1,0,0,0> }
	no_shadow
}

// particle -1
sphere {
	<30.283598, 37.565823, 25.841810> 0.100000
	pigment { color rgbt <1,0,0,0> }
	no_shadow
}
sphere {
	0, 1
	scale<0.080000,0.200000,0.300000>
	matrix <0.341877, -0.463876, 0.817275,
		0.804816, 0.593525, 0.000213,
		-0.485172, 0.657683, 0.576247,
		30.138046, 37.763126, 26.014685>
	pigment { color rgbt <0,1,1,0> }
	no_shadow
}
cylinder {
	<30.953224, 37.642925, 26.071539>,  <30.477667, 37.302750, 25.611311>, 0.130000
	pigment { color rgbt <1,0,0,0> }
	no_shadow
}

// nucleotide -1

// particle -1
sphere {
	<30.953224, 37.642925, 26.071539> 0.250000
	pigment { color rgbt <1,0,0,0> }
	no_shadow
}
cylinder {
	<30.590000, 37.681751, 26.234516>,  <30.372066, 37.705048, 26.332302>, 0.100000
	pigment { color rgbt <1,0,0,0> }
	no_shadow
}
cylinder {
	<30.590000, 37.681751, 26.234516>,  <30.953224, 37.642925, 26.071539>, 0.100000
	pigment { color rgbt <1,0,0,0> }
	no_shadow
}

// particle -1
sphere {
	<30.590000, 37.681751, 26.234516> 0.100000
	pigment { color rgbt <1,0,0,0> }
	no_shadow
}
sphere {
	0, 1
	scale<0.080000,0.200000,0.300000>
	matrix <0.391742, -0.147412, 0.908189,
		0.148216, 0.984301, 0.095834,
		-0.908058, 0.097066, 0.407441,
		30.317583, 37.710873, 26.356749>
	pigment { color rgbt <0,1,1,0> }
	no_shadow
}
cylinder {
	<31.159498, 37.903202, 26.693731>,  <30.953224, 37.642925, 26.071539>, 0.130000
	pigment { color rgbt <1,0,0,0> }
	no_shadow
}

// nucleotide -1

// particle -1
sphere {
	<31.159498, 37.903202, 26.693731> 0.250000
	pigment { color rgbt <1,0,0,0> }
	no_shadow
}
cylinder {
	<30.784807, 37.767624, 26.728741>,  <30.559992, 37.686279, 26.749746>, 0.100000
	pigment { color rgbt <1,0,0,0> }
	no_shadow
}
cylinder {
	<30.784807, 37.767624, 26.728741>,  <31.159498, 37.903202, 26.693731>, 0.100000
	pigment { color rgbt <1,0,0,0> }
	no_shadow
}

// particle -1
sphere {
	<30.784807, 37.767624, 26.728741> 0.100000
	pigment { color rgbt <1,0,0,0> }
	no_shadow
}
sphere {
	0, 1
	scale<0.080000,0.200000,0.300000>
	matrix <0.195610, -0.299467, 0.933840,
		-0.290308, 0.891873, 0.346819,
		-0.936727, -0.338942, 0.087522,
		30.503790, 37.665939, 26.754997>
	pigment { color rgbt <0,1,1,0> }
	no_shadow
}
cylinder {
	<30.948500, 38.104160, 27.299597>,  <31.159498, 37.903202, 26.693731>, 0.130000
	pigment { color rgbt <1,0,0,0> }
	no_shadow
}

// nucleotide -1

// particle -1
sphere {
	<30.948500, 38.104160, 27.299597> 0.250000
	pigment { color rgbt <1,0,0,0> }
	no_shadow
}
cylinder {
	<30.690943, 37.803097, 27.244591>,  <30.536409, 37.622459, 27.211586>, 0.100000
	pigment { color rgbt <1,0,0,0> }
	no_shadow
}
cylinder {
	<30.690943, 37.803097, 27.244591>,  <30.948500, 38.104160, 27.299597>, 0.100000
	pigment { color rgbt <1,0,0,0> }
	no_shadow
}

// particle -1
sphere {
	<30.690943, 37.803097, 27.244591> 0.100000
	pigment { color rgbt <1,0,0,0> }
	no_shadow
}
sphere {
	0, 1
	scale<0.080000,0.200000,0.300000>
	matrix <0.094442, -0.256542, 0.961908,
		-0.759266, 0.606377, 0.236268,
		-0.643892, -0.752657, -0.137516,
		30.497776, 37.577301, 27.203337>
	pigment { color rgbt <0,1,1,0> }
	no_shadow
}
cylinder {
	<30.462391, 38.117481, 27.964346>,  <30.948500, 38.104160, 27.299597>, 0.130000
	pigment { color rgbt <1,0,0,0> }
	no_shadow
}

// nucleotide -1

// particle -1
sphere {
	<30.462391, 38.117481, 27.964346> 0.250000
	pigment { color rgbt <1,0,0,0> }
	no_shadow
}
cylinder {
	<30.453510, 37.748291, 27.810658>,  <30.448181, 37.526779, 27.718445>, 0.100000
	pigment { color rgbt <1,0,0,0> }
	no_shadow
}
cylinder {
	<30.453510, 37.748291, 27.810658>,  <30.462391, 38.117481, 27.964346>, 0.100000
	pigment { color rgbt <1,0,0,0> }
	no_shadow
}

// particle -1
sphere {
	<30.453510, 37.748291, 27.810658> 0.100000
	pigment { color rgbt <1,0,0,0> }
	no_shadow
}
sphere {
	0, 1
	scale<0.080000,0.200000,0.300000>
	matrix <-0.063887, -0.382221, 0.921860,
		-0.997710, 0.045015, -0.050480,
		-0.022204, -0.922974, -0.384222,
		30.446850, 37.471397, 27.695391>
	pigment { color rgbt <0,1,1,0> }
	no_shadow
}
cylinder {
	<29.986307, 37.749084, 28.367428>,  <30.462391, 38.117481, 27.964346>, 0.130000
	pigment { color rgbt <1,0,0,0> }
	no_shadow
}

// nucleotide -1

// particle -1
sphere {
	<29.986307, 37.749084, 28.367428> 0.250000
	pigment { color rgbt <1,0,0,0> }
	no_shadow
}
cylinder {
	<30.206720, 37.471390, 28.182217>,  <30.338968, 37.304771, 28.071091>, 0.100000
	pigment { color rgbt <1,0,0,0> }
	no_shadow
}
cylinder {
	<30.206720, 37.471390, 28.182217>,  <29.986307, 37.749084, 28.367428>, 0.100000
	pigment { color rgbt <1,0,0,0> }
	no_shadow
}

// particle -1
sphere {
	<30.206720, 37.471390, 28.182217> 0.100000
	pigment { color rgbt <1,0,0,0> }
	no_shadow
}
sphere {
	0, 1
	scale<0.080000,0.200000,0.300000>
	matrix <0.012324, -0.548036, 0.836364,
		-0.834393, -0.466570, -0.293430,
		0.551032, -0.694240, -0.463027,
		30.372030, 37.263119, 28.043308>
	pigment { color rgbt <0,1,1,0> }
	no_shadow
}
cylinder {
	<29.678621, 37.086090, 28.565870>,  <29.986307, 37.749084, 28.367428>, 0.130000
	pigment { color rgbt <1,0,0,0> }
	no_shadow
}

// nucleotide -1

// particle -1
sphere {
	<29.678621, 37.086090, 28.565870> 0.250000
	pigment { color rgbt <1,0,0,0> }
	no_shadow
}
cylinder {
	<30.040470, 36.982285, 28.430630>,  <30.257580, 36.920002, 28.349485>, 0.100000
	pigment { color rgbt <1,0,0,0> }
	no_shadow
}
cylinder {
	<30.040470, 36.982285, 28.430630>,  <29.678621, 37.086090, 28.565870>, 0.100000
	pigment { color rgbt <1,0,0,0> }
	no_shadow
}

// particle -1
sphere {
	<30.040470, 36.982285, 28.430630> 0.100000
	pigment { color rgbt <1,0,0,0> }
	no_shadow
}
sphere {
	0, 1
	scale<0.080000,0.200000,0.300000>
	matrix <0.135546, -0.576904, 0.805487,
