// switches for output
#declare DRAW_BASES = 1; // possible values are 0, 1; only relevant for DNA ribbons
#declare DRAW_BASES_TYPE = 3; // possible values are 1, 2, 3; only relevant for DNA ribbons
#declare DRAW_FOG = 0; // set to 1 to enable fog

#include "colors.inc"

#include "transforms.inc"
background { rgb <1, 1, 1>}

#default {
   normal{
       ripples 0.25
       frequency 0.20
       turbulence 0.2
       lambda 5
   }
	finish {
		phong 0.1
		phong_size 40.
	}
}

// original window dimensions: 1024x640


// camera settings

camera {
	sky <0, 0.179814, -0.983701>
	up <0, 0.179814, -0.983701>
	right 1.6 * <1, 0, 0>
	location <35, 94.9851, 44.8844>
	look_at <35, 29.7336, 32.9568>
	direction <0, -65.2515, -11.9276>
	angle 67.0682
}


# declare cpy_camera_pos = <35, 94.9851, 44.8844>;
# if (DRAW_FOG = 1)
fog {
	fog_type 2
	up vnormalize(cpy_camera_pos)
	color rgbt<1,1,1,0.3>
	distance 1e-5
	fog_alt 3e-3
	fog_offset 56
}
# end


// LIGHTS

# declare lum = 6;
global_settings {
	ambient_light rgb lum * <0.05, 0.05, 0.05>
	max_trace_level 15
}# declare cpy_direct_light_amount = 0.25;
light_source
{	1000 * <-1, -1.16352, -0.803886>,
	rgb lum * cpy_direct_light_amount
	parallel
}

light_source
{	1000 * <1, 1.16352, 0.803886>,
	rgb lum * cpy_direct_light_amount
	parallel
}

// strand 0

// nucleotide -1

// particle -1
sphere {
	<24.430515, 35.196106, 34.787937> 0.250000
	pigment { color rgbt <1,0,0,0> }
	no_shadow
}
cylinder {
	<24.395000, 34.877834, 35.027607>,  <24.373692, 34.686871, 35.171410>, 0.100000
	pigment { color rgbt <1,0,0,0> }
	no_shadow
}
cylinder {
	<24.395000, 34.877834, 35.027607>,  <24.430515, 35.196106, 34.787937>, 0.100000
	pigment { color rgbt <1,0,0,0> }
	no_shadow
}

// particle -1
sphere {
	<24.395000, 34.877834, 35.027607> 0.100000
	pigment { color rgbt <1,0,0,0> }
	no_shadow
}
sphere {
	0, 1
	scale<0.080000,0.200000,0.300000>
	matrix <0.940948, -0.264310, -0.211559,
		0.326701, 0.545009, 0.772160,
		-0.088788, -0.795679, 0.599175,
		24.368364, 34.639130, 35.207359>
	pigment { color rgbt <0,1,1,0> }
	no_shadow
}
cylinder {
	<25.165642, 35.012611, 34.999718>,  <24.430515, 35.196106, 34.787937>, 0.130000
	pigment { color rgbt <1,0,0,0> }
	no_shadow
}

// nucleotide -1

// particle -1
sphere {
	<25.165642, 35.012611, 34.999718> 0.250000
	pigment { color rgbt <1,0,0,0> }
	no_shadow
}
cylinder {
	<24.970814, 34.665157, 35.036026>,  <24.853916, 34.456684, 35.057812>, 0.100000
	pigment { color rgbt <1,0,0,0> }
	no_shadow
}
cylinder {
	<24.970814, 34.665157, 35.036026>,  <25.165642, 35.012611, 34.999718>, 0.100000
	pigment { color rgbt <1,0,0,0> }
	no_shadow
}

// particle -1
sphere {
	<24.970814, 34.665157, 35.036026> 0.100000
	pigment { color rgbt <1,0,0,0> }
	no_shadow
}
sphere {
	0, 1
	scale<0.080000,0.200000,0.300000>
	matrix <0.841703, -0.494603, -0.216572,
		0.233019, -0.029081, 0.972037,
		-0.487071, -0.868632, 0.090775,
		24.824692, 34.404568, 35.063259>
	pigment { color rgbt <0,1,1,0> }
	no_shadow
}
cylinder {
	<25.340805, 35.686462, 35.031242>,  <25.165642, 35.012611, 34.999718>, 0.130000
	pigment { color rgbt <1,0,0,0> }
	no_shadow
}

// nucleotide -1

// particle -1
sphere {
	<25.340805, 35.686462, 35.031242> 0.250000
	pigment { color rgbt <1,0,0,0> }
	no_shadow
}
cylinder {
	<25.112764, 35.970356, 35.196777>,  <24.975941, 36.140694, 35.296097>, 0.100000
	pigment { color rgbt <1,0,0,0> }
	no_shadow
}
cylinder {
	<25.112764, 35.970356, 35.196777>,  <25.340805, 35.686462, 35.031242>, 0.100000
	pigment { color rgbt <1,0,0,0> }
	no_shadow
}

// particle -1
sphere {
	<25.112764, 35.970356, 35.196777> 0.100000
	pigment { color rgbt <1,0,0,0> }
	no_shadow
}
sphere {
	0, 1
	scale<0.080000,0.200000,0.300000>
	matrix <-0.458874, -0.692895, 0.556175,
		0.681484, 0.127176, 0.720699,
		-0.570101, 0.709734, 0.413839,
		24.941734, 36.183277, 35.320930>
	pigment { color rgbt <0,1,1,0> }
	no_shadow
}
cylinder {
	<25.099680, 35.438393, 35.604195>,  <25.340805, 35.686462, 35.031242>, 0.130000
	pigment { color rgbt <1,0,0,0> }
	no_shadow
}

// nucleotide -1

// particle -1
sphere {
	<25.099680, 35.438393, 35.604195> 0.250000
	pigment { color rgbt <1,0,0,0> }
	no_shadow
}
cylinder {
	<24.859644, 35.757828, 35.585667>,  <24.715622, 35.949490, 35.574551>, 0.100000
	pigment { color rgbt <1,0,0,0> }
	no_shadow
}
cylinder {
	<24.859644, 35.757828, 35.585667>,  <25.099680, 35.438393, 35.604195>, 0.100000
	pigment { color rgbt <1,0,0,0> }
	no_shadow
}

// particle -1
sphere {
	<24.859644, 35.757828, 35.585667> 0.100000
	pigment { color rgbt <1,0,0,0> }
	no_shadow
}
sphere {
	0, 1
	scale<0.080000,0.200000,0.300000>
	matrix <-0.649212, -0.452373, 0.611459,
		0.467351, 0.397002, 0.789919,
		-0.600088, 0.798591, -0.046321,
		24.679617, 35.997406, 35.571770>
	pigment { color rgbt <0,1,1,0> }
	no_shadow
}
cylinder {
	<24.924246, 35.575153, 36.241364>,  <25.099680, 35.438393, 35.604195>, 0.130000
	pigment { color rgbt <1,0,0,0> }
	no_shadow
}

// nucleotide -1

// particle -1
sphere {
	<24.924246, 35.575153, 36.241364> 0.250000
	pigment { color rgbt <1,0,0,0> }
	no_shadow
}
cylinder {
	<24.627966, 35.714874, 36.011806>,  <24.450199, 35.798706, 35.874073>, 0.100000
	pigment { color rgbt <1,0,0,0> }
	no_shadow
}
cylinder {
	<24.627966, 35.714874, 36.011806>,  <24.924246, 35.575153, 36.241364>, 0.100000
	pigment { color rgbt <1,0,0,0> }
	no_shadow
}

// particle -1
sphere {
	<24.627966, 35.714874, 36.011806> 0.100000
	pigment { color rgbt <1,0,0,0> }
	no_shadow
}
sphere {
	0, 1
	scale<0.080000,0.200000,0.300000>
	matrix <-0.671383, -0.353398, 0.651425,
		0.024729, 0.867813, 0.496275,
		-0.740698, 0.349299, -0.573896,
		24.405756, 35.819664, 35.839638>
	pigment { color rgbt <0,1,1,0> }
	no_shadow
}
cylinder {
	<25.707569, 35.513561, 36.044971>,  <24.924246, 35.575153, 36.241364>, 0.130000
	pigment { color rgbt <1,0,0,0> }
	no_shadow
}

// nucleotide -1

// particle -1
sphere {
	<25.707569, 35.513561, 36.044971> 0.250000
	pigment { color rgbt <1,0,0,0> }
	no_shadow
}
cylinder {
	<25.579035, 35.333454, 36.378197>,  <25.501915, 35.225388, 36.578133>, 0.100000
	pigment { color rgbt <1,0,0,0> }
	no_shadow
}
cylinder {
	<25.579035, 35.333454, 36.378197>,  <25.707569, 35.513561, 36.044971>, 0.100000
	pigment { color rgbt <1,0,0,0> }
	no_shadow
}

// particle -1
sphere {
	<25.579035, 35.333454, 36.378197> 0.100000
	pigment { color rgbt <1,0,0,0> }
	no_shadow
}
sphere {
	0, 1
	scale<0.080000,0.200000,0.300000>
	matrix <-0.665274, -0.518715, -0.536978,
		0.673909, -0.726767, -0.132872,
		-0.321335, -0.450271, 0.833067,
		25.482634, 35.198372, 36.628117>
	pigment { color rgbt <0,1,1,0> }
	no_shadow
}
cylinder {
	<26.173803, 35.557632, 36.496319>,  <25.707569, 35.513561, 36.044971>, 0.130000
	pigment { color rgbt <1,0,0,0> }
	no_shadow
}

// nucleotide -1

// particle -1
sphere {
	<26.173803, 35.557632, 36.496319> 0.250000
	pigment { color rgbt <1,0,0,0> }
	no_shadow
}
cylinder {
	<26.504868, 35.422092, 36.317360>,  <26.703506, 35.340771, 36.209984>, 0.100000
	pigment { color rgbt <1,0,0,0> }
	no_shadow
}
cylinder {
	<26.504868, 35.422092, 36.317360>,  <26.173803, 35.557632, 36.496319>, 0.100000
	pigment { color rgbt <1,0,0,0> }
	no_shadow
}

// particle -1
sphere {
	<26.504868, 35.422092, 36.317360> 0.100000
	pigment { color rgbt <1,0,0,0> }
	no_shadow
}
sphere {
	0, 1
	scale<0.080000,0.200000,0.300000>
	matrix <0.011455, 0.807202, -0.590165,
		0.561113, 0.483331, 0.671970,
		0.827660, -0.338847, -0.447395,
		26.753166, 35.320438, 36.183140>
	pigment { color rgbt <0,1,1,0> }
	no_shadow
}
cylinder {
	<26.773516, 36.074177, 36.514610>,  <26.173803, 35.557632, 36.496319>, 0.130000
	pigment { color rgbt <1,0,0,0> }
	no_shadow
}

// nucleotide -1

// particle -1
sphere {
	<26.773516, 36.074177, 36.514610> 0.250000
	pigment { color rgbt <1,0,0,0> }
	no_shadow
}
cylinder {
	<26.822268, 35.873489, 36.172050>,  <26.851519, 35.753078, 35.966515>, 0.100000
	pigment { color rgbt <1,0,0,0> }
	no_shadow
}
cylinder {
	<26.822268, 35.873489, 36.172050>,  <26.773516, 36.074177, 36.514610>, 0.100000
	pigment { color rgbt <1,0,0,0> }
	no_shadow
}

// particle -1
sphere {
	<26.822268, 35.873489, 36.172050> 0.100000
	pigment { color rgbt <1,0,0,0> }
	no_shadow
}
sphere {
	0, 1
	scale<0.080000,0.200000,0.300000>
	matrix <0.045882, 0.864761, -0.500083,
		0.991484, 0.021656, 0.128415,
		0.121878, -0.501716, -0.856403,
		26.858831, 35.722973, 35.915131>
	pigment { color rgbt <0,1,1,0> }
	no_shadow
}
cylinder {
	<27.350410, 36.346203, 36.204491>,  <26.773516, 36.074177, 36.514610>, 0.130000
	pigment { color rgbt <1,0,0,0> }
	no_shadow
}

// nucleotide -1

// particle -1
sphere {
	<27.350410, 36.346203, 36.204491> 0.250000
	pigment { color rgbt <1,0,0,0> }
	no_shadow
}
cylinder {
	<27.130501, 36.179695, 35.914810>,  <26.998554, 36.079792, 35.741001>, 0.100000
	pigment { color rgbt <1,0,0,0> }
	no_shadow
}
cylinder {
	<27.130501, 36.179695, 35.914810>,  <27.350410, 36.346203, 36.204491>, 0.100000
	pigment { color rgbt <1,0,0,0> }
	no_shadow
}

// particle -1
sphere {
	<27.130501, 36.179695, 35.914810> 0.100000
	pigment { color rgbt <1,0,0,0> }
	no_shadow
}
sphere {
	0, 1
	scale<0.080000,0.200000,0.300000>
	matrix <-0.025040, 0.874805, -0.483828,
		0.834936, -0.247864, -0.491371,
		-0.549777, -0.416269, -0.724200,
		26.965569, 36.054813, 35.697548>
	pigment { color rgbt <0,1,1,0> }
	no_shadow
}
cylinder {
	<27.720688, 36.674015, 35.631924>,  <27.350410, 36.346203, 36.204491>, 0.130000
	pigment { color rgbt <1,0,0,0> }
	no_shadow
}

// nucleotide -1

// particle -1
sphere {
	<27.720688, 36.674015, 35.631924> 0.250000
	pigment { color rgbt <1,0,0,0> }
	no_shadow
}
cylinder {
	<27.359339, 36.542854, 35.521362>,  <27.142529, 36.464157, 35.455025>, 0.100000
	pigment { color rgbt <1,0,0,0> }
	no_shadow
}
cylinder {
	<27.359339, 36.542854, 35.521362>,  <27.720688, 36.674015, 35.631924>, 0.100000
	pigment { color rgbt <1,0,0,0> }
	no_shadow
}

// particle -1
sphere {
	<27.359339, 36.542854, 35.521362> 0.100000
	pigment { color rgbt <1,0,0,0> }
	no_shadow
}
sphere {
	0, 1
	scale<0.080000,0.200000,0.300000>
	matrix <-0.130974, 0.824669, -0.550242,
		0.408365, -0.460872, -0.787930,
		-0.903373, -0.327899, -0.276404,
		27.088327, 36.444485, 35.438442>
	pigment { color rgbt <0,1,1,0> }
	no_shadow
}
cylinder {
	<27.799147, 36.467823, 34.959351>,  <27.720688, 36.674015, 35.631924>, 0.130000
	pigment { color rgbt <1,0,0,0> }
	no_shadow
}

// nucleotide -1

// particle -1
sphere {
	<27.799147, 36.467823, 34.959351> 0.250000
	pigment { color rgbt <1,0,0,0> }
	no_shadow
}
cylinder {
	<27.403639, 36.516045, 34.994675>,  <27.166334, 36.544975, 35.015869>, 0.100000
	pigment { color rgbt <1,0,0,0> }
	no_shadow
}
cylinder {
	<27.403639, 36.516045, 34.994675>,  <27.799147, 36.467823, 34.959351>, 0.100000
	pigment { color rgbt <1,0,0,0> }
	no_shadow
}

// particle -1
sphere {
	<27.403639, 36.516045, 34.994675> 0.100000
	pigment { color rgbt <1,0,0,0> }
	no_shadow
}
sphere {
	0, 1
	scale<0.080000,0.200000,0.300000>
	matrix <-0.002394, 0.578096, -0.815965,
		-0.149415, -0.807015, -0.571317,
		-0.988772, 0.120550, 0.088308,
		27.107008, 36.552208, 35.021168>
	pigment { color rgbt <0,1,1,0> }
	no_shadow
}
cylinder {
	<27.547554, 36.390625, 34.329803>,  <27.799147, 36.467823, 34.959351>, 0.130000
	pigment { color rgbt <1,0,0,0> }
	no_shadow
}

// nucleotide -1

// particle -1
sphere {
	<27.547554, 36.390625, 34.329803> 0.250000
	pigment { color rgbt <1,0,0,0> }
	no_shadow
}
cylinder {
	<27.289816, 36.615284, 34.537407>,  <27.135172, 36.750080, 34.661968>, 0.100000
	pigment { color rgbt <1,0,0,0> }
	no_shadow
}
cylinder {
	<27.289816, 36.615284, 34.537407>,  <27.547554, 36.390625, 34.329803>, 0.100000
	pigment { color rgbt <1,0,0,0> }
	no_shadow
}

// particle -1
sphere {
	<27.289816, 36.615284, 34.537407> 0.100000
	pigment { color rgbt <1,0,0,0> }
	no_shadow
}
sphere {
	0, 1
	scale<0.080000,0.200000,0.300000>
	matrix <-0.096989, 0.613181, -0.783965,
		-0.758559, -0.555483, -0.340628,
		-0.644346, 0.561646, 0.519010,
		27.096512, 36.783779, 34.693111>
	pigment { color rgbt <0,1,1,0> }
	no_shadow
}
cylinder {
	<27.160088, 36.727283, 33.815212>,  <27.547554, 36.390625, 34.329803>, 0.130000
	pigment { color rgbt <1,0,0,0> }
	no_shadow
}

// nucleotide -1

// particle -1
sphere {
	<27.160088, 36.727283, 33.815212> 0.250000
	pigment { color rgbt <1,0,0,0> }
	no_shadow
}
cylinder {
	<27.043434, 36.942802, 34.131351>,  <26.973442, 37.072113, 34.321033>, 0.100000
	pigment { color rgbt <1,0,0,0> }
	no_shadow
}
cylinder {
	<27.043434, 36.942802, 34.131351>,  <27.160088, 36.727283, 33.815212>, 0.100000
	pigment { color rgbt <1,0,0,0> }
	no_shadow
}

// particle -1
sphere {
	<27.043434, 36.942802, 34.131351> 0.100000
	pigment { color rgbt <1,0,0,0> }
	no_shadow
}
sphere {
	0, 1
	scale<0.080000,0.200000,0.300000>
	matrix <-0.160059, 0.787125, -0.595663,
		-0.943044, -0.300217, -0.143312,
		-0.291633, 0.538798, 0.790346,
		26.955944, 37.104443, 34.368454>
	pigment { color rgbt <0,1,1,0> }
	no_shadow
}
cylinder {
	<26.465193, 37.121170, 33.710953>,  <27.160088, 36.727283, 33.815212>, 0.130000
	pigment { color rgbt <1,0,0,0> }
	no_shadow
}

// nucleotide -1

// particle -1
sphere {
	<26.465193, 37.121170, 33.710953> 0.250000
	pigment { color rgbt <1,0,0,0> }
	no_shadow
}
cylinder {
	<26.637379, 37.326164, 34.008156>,  <26.740690, 37.449162, 34.186478>, 0.100000
	pigment { color rgbt <1,0,0,0> }
	no_shadow
}
cylinder {
	<26.637379, 37.326164, 34.008156>,  <26.465193, 37.121170, 33.710953>, 0.100000
	pigment { color rgbt <1,0,0,0> }
	no_shadow
}

// particle -1
sphere {
	<26.637379, 37.326164, 34.008156> 0.100000
	pigment { color rgbt <1,0,0,0> }
	no_shadow
}
sphere {
	0, 1
	scale<0.080000,0.200000,0.300000>
	matrix <-0.198219, 0.856757, -0.476106,
		-0.880574, 0.057668, 0.470387,
		0.430463, 0.512486, 0.743007,
		26.766518, 37.479912, 34.231056>
	pigment { color rgbt <0,1,1,0> }
	no_shadow
}
cylinder {
	<26.056868, 37.736134, 33.673038>,  <26.465193, 37.121170, 33.710953>, 0.130000
	pigment { color rgbt <1,0,0,0> }
	no_shadow
}

// nucleotide -1

// particle -1
sphere {
	<26.056868, 37.736134, 33.673038> 0.250000
	pigment { color rgbt <1,0,0,0> }
	no_shadow
}
cylinder {
	<26.367620, 37.808022, 33.914421>,  <26.554071, 37.851154, 34.059250>, 0.100000
	pigment { color rgbt <1,0,0,0> }
	no_shadow
}
cylinder {
	<26.367620, 37.808022, 33.914421>,  <26.056868, 37.736134, 33.673038>, 0.100000
	pigment { color rgbt <1,0,0,0> }
	no_shadow
}

// particle -1
sphere {
	<26.367620, 37.808022, 33.914421> 0.100000
	pigment { color rgbt <1,0,0,0> }
	no_shadow
}
sphere {
	0, 1
	scale<0.080000,0.200000,0.300000>
	matrix <-0.045316, 0.971874, -0.231101,
		-0.628015, 0.152192, 0.763174,
		0.776881, 0.179719, 0.603455,
		26.600685, 37.861938, 34.095459>
	pigment { color rgbt <0,1,1,0> }
	no_shadow
}
cylinder {
	<25.899670, 38.337475, 34.085438>,  <26.056868, 37.736134, 33.673038>, 0.130000
	pigment { color rgbt <1,0,0,0> }
	no_shadow
}

// nucleotide -1

// particle -1
sphere {
	<25.899670, 38.337475, 34.085438> 0.250000
	pigment { color rgbt <1,0,0,0> }
	no_shadow
}
cylinder {
	<26.298037, 38.301395, 34.084229>,  <26.537058, 38.279747, 34.083504>, 0.100000
	pigment { color rgbt <1,0,0,0> }
	no_shadow
}
cylinder {
	<26.298037, 38.301395, 34.084229>,  <25.899670, 38.337475, 34.085438>, 0.100000
	pigment { color rgbt <1,0,0,0> }
	no_shadow
}

// particle -1
sphere {
	<26.298037, 38.301395, 34.084229> 0.100000
	pigment { color rgbt <1,0,0,0> }
	no_shadow
}
sphere {
	0, 1
	scale<0.080000,0.200000,0.300000>
	matrix <0.086515, 0.963727, -0.252480,
		0.025687, 0.251189, 0.967597,
		0.995919, -0.090197, -0.003023,
		26.596813, 38.274338, 34.083321>
	pigment { color rgbt <0,1,1,0> }
	no_shadow
}
cylinder {
	<26.174692, 38.933155, 34.464462>,  <25.899670, 38.337475, 34.085438>, 0.130000
	pigment { color rgbt <1,0,0,0> }
	no_shadow
}

// nucleotide -1

// particle -1
sphere {
	<26.174692, 38.933155, 34.464462> 0.250000
	pigment { color rgbt <1,0,0,0> }
	no_shadow
}
cylinder {
	<26.488731, 38.809750, 34.249634>,  <26.677155, 38.735706, 34.120739>, 0.100000
	pigment { color rgbt <1,0,0,0> }
	no_shadow
}
cylinder {
	<26.488731, 38.809750, 34.249634>,  <26.174692, 38.933155, 34.464462>, 0.100000
	pigment { color rgbt <1,0,0,0> }
	no_shadow
}

// particle -1
sphere {
	<26.488731, 38.809750, 34.249634> 0.100000
	pigment { color rgbt <1,0,0,0> }
	no_shadow
}
sphere {
	0, 1
	scale<0.080000,0.200000,0.300000>
	matrix <0.290437, 0.949248, -0.120724,
		0.547057, -0.061204, 0.834855,
		0.785096, -0.308516, -0.537068,
		26.724260, 38.717194, 34.088512>
	pigment { color rgbt <0,1,1,0> }
	no_shadow
}
cylinder {
	<26.665894, 39.388763, 34.675640>,  <26.174692, 38.933155, 34.464462>, 0.130000
	pigment { color rgbt <1,0,0,0> }
	no_shadow
}

// nucleotide -1

// particle -1
sphere {
	<26.665894, 39.388763, 34.675640> 0.250000
	pigment { color rgbt <1,0,0,0> }
	no_shadow
}
cylinder {
	<26.801369, 39.222031, 34.338230>,  <26.882654, 39.121990, 34.135784>, 0.100000
	pigment { color rgbt <1,0,0,0> }
	no_shadow
}
cylinder {
	<26.801369, 39.222031, 34.338230>,  <26.665894, 39.388763, 34.675640>, 0.100000
	pigment { color rgbt <1,0,0,0> }
	no_shadow
}

// particle -1
sphere {
	<26.801369, 39.222031, 34.338230> 0.100000
	pigment { color rgbt <1,0,0,0> }
	no_shadow
}
sphere {
	0, 1
	scale<0.080000,0.200000,0.300000>
	matrix <0.234216, 0.905644, -0.353486,
		0.911280, -0.077845, 0.404361,
		0.338690, -0.416833, -0.843528,
		26.902975, 39.096981, 34.085171>
	pigment { color rgbt <0,1,1,0> }
	no_shadow
}
cylinder {
	<27.306297, 39.735661, 34.561954>,  <26.665894, 39.388763, 34.675640>, 0.130000
	pigment { color rgbt <1,0,0,0> }
	no_shadow
}

// nucleotide -1

// particle -1
sphere {
	<27.306297, 39.735661, 34.561954> 0.250000
	pigment { color rgbt <1,0,0,0> }
	no_shadow
}
cylinder {
	<27.196733, 39.578056, 34.211018>,  <27.130995, 39.483494, 34.000454>, 0.100000
	pigment { color rgbt <1,0,0,0> }
	no_shadow
}
cylinder {
	<27.196733, 39.578056, 34.211018>,  <27.306297, 39.735661, 34.561954>, 0.100000
	pigment { color rgbt <1,0,0,0> }
	no_shadow
}

// particle -1
sphere {
	<27.196733, 39.578056, 34.211018> 0.100000
	pigment { color rgbt <1,0,0,0> }
	no_shadow
}
sphere {
	0, 1
	scale<0.080000,0.200000,0.300000>
	matrix <0.345799, 0.810878, -0.472123,
		0.897439, -0.432702, -0.085857,
		-0.273908, -0.394012, -0.877342,
		27.114561, 39.459854, 33.947815>
	pigment { color rgbt <0,1,1,0> }
	no_shadow
}
cylinder {
	<27.861643, 39.724461, 33.988186>,  <27.306297, 39.735661, 34.561954>, 0.130000
	pigment { color rgbt <1,0,0,0> }
	no_shadow
}

// nucleotide -1

// particle -1
sphere {
	<27.861643, 39.724461, 33.988186> 0.250000
	pigment { color rgbt <1,0,0,0> }
	no_shadow
}
cylinder {
	<27.505301, 39.719193, 33.806545>,  <27.291496, 39.716030, 33.697563>, 0.100000
	pigment { color rgbt <1,0,0,0> }
	no_shadow
}
cylinder {
	<27.505301, 39.719193, 33.806545>,  <27.861643, 39.724461, 33.988186>, 0.100000
	pigment { color rgbt <1,0,0,0> }
	no_shadow
}

// particle -1
sphere {
	<27.505301, 39.719193, 33.806545> 0.100000
	pigment { color rgbt <1,0,0,0> }
	no_shadow
}
sphere {
	0, 1
	scale<0.080000,0.200000,0.300000>
	matrix <0.258621, 0.807086, -0.530779,
		0.373489, -0.590286, -0.715589,
		-0.890854, -0.013174, -0.454099,
		27.238045, 39.715240, 33.670315>
	pigment { color rgbt <0,1,1,0> }
	no_shadow
}
cylinder {
	<28.010305, 39.844166, 33.153473>,  <27.861643, 39.724461, 33.988186>, 0.130000
	pigment { color rgbt <1,0,0,0> }
	no_shadow
}

// nucleotide -1

// particle -1
sphere {
	<28.010305, 39.844166, 33.153473> 0.250000
	pigment { color rgbt <1,0,0,0> }
	no_shadow
}
cylinder {
	<27.625929, 39.951794, 33.179379>,  <27.395304, 40.016373, 33.194920>, 0.100000
	pigment { color rgbt <1,0,0,0> }
	no_shadow
}
cylinder {
	<27.625929, 39.951794, 33.179379>,  <28.010305, 39.844166, 33.153473>, 0.100000
	pigment { color rgbt <1,0,0,0> }
	no_shadow
}

// particle -1
sphere {
	<27.625929, 39.951794, 33.179379> 0.100000
	pigment { color rgbt <1,0,0,0> }
	no_shadow
}
sphere {
	0, 1
	scale<0.080000,0.200000,0.300000>
	matrix <0.098786, 0.552064, -0.827929,
		-0.258527, -0.789193, -0.557081,
		-0.960940, 0.269074, 0.064762,
		27.337646, 40.032516, 33.198807>
	pigment { color rgbt <0,1,1,0> }
	no_shadow
}
cylinder {
	<27.726568, 40.028690, 32.414032>,  <28.010305, 39.844166, 33.153473>, 0.130000
	pigment { color rgbt <1,0,0,0> }
	no_shadow
}

// nucleotide -1

// particle -1
sphere {
	<27.726568, 40.028690, 32.414032> 0.250000
	pigment { color rgbt <1,0,0,0> }
	no_shadow
}
cylinder {
	<27.471025, 40.200764, 32.669155>,  <27.317699, 40.304008, 32.822231>, 0.100000
	pigment { color rgbt <1,0,0,0> }
	no_shadow
}
cylinder {
	<27.471025, 40.200764, 32.669155>,  <27.726568, 40.028690, 32.414032>, 0.100000
	pigment { color rgbt <1,0,0,0> }
	no_shadow
}

// particle -1
sphere {
	<27.471025, 40.200764, 32.669155> 0.100000
	pigment { color rgbt <1,0,0,0> }
	no_shadow
}
sphere {
	0, 1
	scale<0.080000,0.200000,0.300000>
	matrix <-0.160056, 0.736591, -0.657127,
		-0.752492, -0.521896, -0.401723,
		-0.638857, 0.430184, 0.637811,
		27.279367, 40.329819, 32.860500>
	pigment { color rgbt <0,1,1,0> }
	no_shadow
}
cylinder {
	<27.280195, 40.296040, 31.955256>,  <27.726568, 40.028690, 32.414032>, 0.130000
	pigment { color rgbt <1,0,0,0> }
	no_shadow
}

// nucleotide -1

// particle -1
sphere {
	<27.280195, 40.296040, 31.955256> 0.250000
	pigment { color rgbt <1,0,0,0> }
	no_shadow
}
cylinder {
	<27.193298, 40.494934, 32.291245>,  <27.141159, 40.614273, 32.492840>, 0.100000
	pigment { color rgbt <1,0,0,0> }
	no_shadow
}
cylinder {
	<27.193298, 40.494934, 32.291245>,  <27.280195, 40.296040, 31.955256>, 0.100000
	pigment { color rgbt <1,0,0,0> }
	no_shadow
}

// particle -1
sphere {
	<27.193298, 40.494934, 32.291245> 0.100000
	pigment { color rgbt <1,0,0,0> }
	no_shadow
}
sphere {
	0, 1
	scale<0.080000,0.200000,0.300000>
	matrix <-0.132543, 0.837529, -0.530073,
		-0.967077, -0.226487, -0.116042,
		-0.217243, 0.497241, 0.839974,
		27.128126, 40.644108, 32.543236>
	pigment { color rgbt <0,1,1,0> }
	no_shadow
}
cylinder {
	<26.766069, 40.758682, 31.791571>,  <27.280195, 40.296040, 31.955256>, 0.130000
	pigment { color rgbt <1,0,0,0> }
	no_shadow
}

// nucleotide -1

// particle -1
sphere {
	<26.766069, 40.758682, 31.791571> 0.250000
	pigment { color rgbt <1,0,0,0> }
	no_shadow
}
cylinder {
	<26.923048, 40.921516, 32.121483>,  <27.017235, 41.019218, 32.319431>, 0.100000
	pigment { color rgbt <1,0,0,0> }
	no_shadow
}
cylinder {
	<26.923048, 40.921516, 32.121483>,  <26.766069, 40.758682, 31.791571>, 0.100000
	pigment { color rgbt <1,0,0,0> }
	no_shadow
}

// particle -1
sphere {
	<26.923048, 40.921516, 32.121483> 0.100000
	pigment { color rgbt <1,0,0,0> }
	no_shadow
}
sphere {
	0, 1
	scale<0.080000,0.200000,0.300000>
	matrix <0.020348, 0.892659, -0.450273,
		-0.919550, 0.193490, 0.342036,
		0.392445, 0.407089, 0.824782,
		27.040781, 41.043644, 32.368916>
	pigment { color rgbt <0,1,1,0> }
	no_shadow
}
cylinder {
	<26.354912, 41.288078, 31.922468>,  <26.766069, 40.758682, 31.791571>, 0.130000
	pigment { color rgbt <1,0,0,0> }
	no_shadow
}

// nucleotide -1

// particle -1
sphere {
	<26.354912, 41.288078, 31.922468> 0.250000
	pigment { color rgbt <1,0,0,0> }
	no_shadow
}
cylinder {
	<26.696703, 41.377842, 32.109875>,  <26.901777, 41.431702, 32.222321>, 0.100000
	pigment { color rgbt <1,0,0,0> }
	no_shadow
}
cylinder {
	<26.696703, 41.377842, 32.109875>,  <26.354912, 41.288078, 31.922468>, 0.100000
	pigment { color rgbt <1,0,0,0> }
	no_shadow
}

// particle -1
sphere {
	<26.696703, 41.377842, 32.109875> 0.100000
	pigment { color rgbt <1,0,0,0> }
	no_shadow
}
sphere {
	0, 1
	scale<0.080000,0.200000,0.300000>
	matrix <0.052334, 0.860107, -0.507423,
		-0.516846, 0.458101, 0.723197,
		0.854477, 0.224411, 0.468517,
		26.953047, 41.445164, 32.250431>
	pigment { color rgbt <0,1,1,0> }
	no_shadow
}
cylinder {
	<26.353659, 42.036514, 32.061054>,  <26.354912, 41.288078, 31.922468>, 0.130000
	pigment { color rgbt <1,0,0,0> }
	no_shadow
}

// nucleotide -1

// particle -1
sphere {
	<26.353659, 42.036514, 32.061054> 0.250000
	pigment { color rgbt <1,0,0,0> }
	no_shadow
}
cylinder {
	<26.729839, 41.907215, 32.018986>,  <26.955547, 41.829636, 31.993746>, 0.100000
	pigment { color rgbt <1,0,0,0> }
	no_shadow
}
cylinder {
	<26.729839, 41.907215, 32.018986>,  <26.353659, 42.036514, 32.061054>, 0.100000
	pigment { color rgbt <1,0,0,0> }
	no_shadow
}

// particle -1
sphere {
	<26.729839, 41.907215, 32.018986> 0.100000
	pigment { color rgbt <1,0,0,0> }
	no_shadow
}
sphere {
	0, 1
	scale<0.080000,0.200000,0.300000>
	matrix <0.241818, 0.853629, -0.461348,
		0.238905, 0.408444, 0.880964,
		0.940451, -0.323251, -0.105167,
		27.011974, 41.810238, 31.987436>
	pigment { color rgbt <0,1,1,0> }
	no_shadow
}
cylinder {
	<26.992764, 42.444958, 32.429031>,  <26.353659, 42.036514, 32.061054>, 0.130000
	pigment { color rgbt <1,0,0,0> }
	no_shadow
}

// nucleotide -1

// particle -1
sphere {
	<26.992764, 42.444958, 32.429031> 0.250000
	pigment { color rgbt <1,0,0,0> }
	no_shadow
}
cylinder {
	<27.138426, 42.263073, 32.103916>,  <27.225824, 42.153942, 31.908846>, 0.100000
	pigment { color rgbt <1,0,0,0> }
	no_shadow
}
cylinder {
	<27.138426, 42.263073, 32.103916>,  <26.992764, 42.444958, 32.429031>, 0.100000
	pigment { color rgbt <1,0,0,0> }
	no_shadow
}

// particle -1
sphere {
	<27.138426, 42.263073, 32.103916> 0.100000
	pigment { color rgbt <1,0,0,0> }
	no_shadow
}
sphere {
	0, 1
	scale<0.080000,0.200000,0.300000>
	matrix <0.433205, 0.855256, -0.284377,
		0.824453, -0.248547, 0.508431,
		0.364158, -0.454711, -0.812790,
		27.247673, 42.126659, 31.860079>
	pigment { color rgbt <0,1,1,0> }
	no_shadow
}
cylinder {
	<27.330032, 43.085964, 32.339100>,  <26.992764, 42.444958, 32.429031>, 0.130000
	pigment { color rgbt <1,0,0,0> }
	no_shadow
}

// nucleotide -1

// particle -1
sphere {
	<27.330032, 43.085964, 32.339100> 0.250000
	pigment { color rgbt <1,0,0,0> }
	no_shadow
}
cylinder {
	<27.360949, 42.859936, 32.010532>,  <27.379498, 42.724319, 31.813393>, 0.100000
	pigment { color rgbt <1,0,0,0> }
	no_shadow
}
cylinder {
	<27.360949, 42.859936, 32.010532>,  <27.330032, 43.085964, 32.339100>, 0.100000
	pigment { color rgbt <1,0,0,0> }
	no_shadow
}

// particle -1
sphere {
	<27.360949, 42.859936, 32.010532> 0.100000
	pigment { color rgbt <1,0,0,0> }
	no_shadow
}
sphere {
	0, 1
	scale<0.080000,0.200000,0.300000>
	matrix <0.186384, 0.817546, -0.544866,
		0.979432, -0.110987, 0.168508,
		0.077290, -0.565067, -0.821417,
		27.384136, 42.690414, 31.764107>
	pigment { color rgbt <0,1,1,0> }
	no_shadow
}
cylinder {
	<27.873142, 43.367401, 31.969217>,  <27.330032, 43.085964, 32.339100>, 0.130000
	pigment { color rgbt <1,0,0,0> }
	no_shadow
}

// nucleotide -1

// particle -1
sphere {
	<27.873142, 43.367401, 31.969217> 0.250000
	pigment { color rgbt <1,0,0,0> }
	no_shadow
}
cylinder {
	<27.696003, 43.141159, 31.690943>,  <27.589720, 43.005413, 31.523977>, 0.100000
	pigment { color rgbt <1,0,0,0> }
	no_shadow
}
cylinder {
	<27.696003, 43.141159, 31.690943>,  <27.873142, 43.367401, 31.969217>, 0.100000
	pigment { color rgbt <1,0,0,0> }
	no_shadow
}

// particle -1
sphere {
	<27.696003, 43.141159, 31.690943> 0.100000
	pigment { color rgbt <1,0,0,0> }
	no_shadow
}
sphere {
	0, 1
	scale<0.080000,0.200000,0.300000>
	matrix <-0.205965, 0.819344, -0.535026,
		0.872619, -0.093648, -0.479339,
		-0.442848, -0.565601, -0.695688,
		27.563148, 42.971478, 31.482237>
	pigment { color rgbt <0,1,1,0> }
	no_shadow
}
cylinder {
	<28.195253, 43.409016, 31.339462>,  <27.873142, 43.367401, 31.969217>, 0.130000
	pigment { color rgbt <1,0,0,0> }
	no_shadow
}

// nucleotide -1

// particle -1
sphere {
	<28.195253, 43.409016, 31.339462> 0.250000
	pigment { color rgbt <1,0,0,0> }
	no_shadow
}
cylinder {
	<27.812944, 43.303886, 31.286665>,  <27.583559, 43.240810, 31.254986>, 0.100000
	pigment { color rgbt <1,0,0,0> }
	no_shadow
}
cylinder {
	<27.812944, 43.303886, 31.286665>,  <28.195253, 43.409016, 31.339462>, 0.100000
	pigment { color rgbt <1,0,0,0> }
	no_shadow
}

// particle -1
sphere {
	<27.812944, 43.303886, 31.286665> 0.100000
	pigment { color rgbt <1,0,0,0> }
	no_shadow
}
sphere {
	0, 1
	scale<0.080000,0.200000,0.300000>
	matrix <-0.156857, 0.835165, -0.527158,
		0.248785, -0.483139, -0.839454,
		-0.955773, -0.262823, -0.131993,
		27.526213, 43.225040, 31.247066>
	pigment { color rgbt <0,1,1,0> }
	no_shadow
}
cylinder {
	<27.807196, 43.212849, 30.620779>,  <28.195253, 43.409016, 31.339462>, 0.130000
	pigment { color rgbt <1,0,0,0> }
	no_shadow
}

// nucleotide -1

// particle -1
sphere {
	<27.807196, 43.212849, 30.620779> 0.250000
	pigment { color rgbt <1,0,0,0> }
	no_shadow
}
cylinder {
	<27.590710, 43.424000, 30.882597>,  <27.460817, 43.550690, 31.039688>, 0.100000
	pigment { color rgbt <1,0,0,0> }
	no_shadow
}
cylinder {
	<27.590710, 43.424000, 30.882597>,  <27.807196, 43.212849, 30.620779>, 0.100000
	pigment { color rgbt <1,0,0,0> }
	no_shadow
}

// particle -1
sphere {
	<27.590710, 43.424000, 30.882597> 0.100000
	pigment { color rgbt <1,0,0,0> }
	no_shadow
}
sphere {
	0, 1
	scale<0.080000,0.200000,0.300000>
	matrix <-0.052717, 0.755569, -0.652944,
		-0.839231, -0.387888, -0.381096,
		-0.541214, 0.527880, 0.654545,
		27.428345, 43.582363, 31.078960>
	pigment { color rgbt <0,1,1,0> }
	no_shadow
}
cylinder {
	<28.105707, 43.193398, 29.912210>,  <27.807196, 43.212849, 30.620779>, 0.130000
	pigment { color rgbt <1,0,0,0> }
	no_shadow
}

// nucleotide -1

// particle -1
sphere {
	<28.105707, 43.193398, 29.912210> 0.250000
	pigment { color rgbt <1,0,0,0> }
	no_shadow
}
cylinder {
	<28.166689, 43.095406, 29.529224>,  <28.203278, 43.036610, 29.299433>, 0.100000
	pigment { color rgbt <1,0,0,0> }
	no_shadow
}
cylinder {
	<28.166689, 43.095406, 29.529224>,  <28.105707, 43.193398, 29.912210>, 0.100000
	pigment { color rgbt <1,0,0,0> }
	no_shadow
}

// particle -1
sphere {
	<28.166689, 43.095406, 29.529224> 0.100000
	pigment { color rgbt <1,0,0,0> }
	no_shadow
}
sphere {
	0, 1
	scale<0.080000,0.200000,0.300000>
	matrix <0.414309, -0.863714, 0.286960,
		-0.897277, -0.440436, -0.030182,
		0.152456, -0.244978, -0.957467,
		28.212425, 43.021912, 29.241983>
	pigment { color rgbt <0,1,1,0> }
	no_shadow
}
cylinder {
	<27.757175, 42.585667, 29.735165>,  <28.105707, 43.193398, 29.912210>, 0.130000
	pigment { color rgbt <1,0,0,0> }
	no_shadow
}

// nucleotide -1

// particle -1
sphere {
	<27.757175, 42.585667, 29.735165> 0.250000
	pigment { color rgbt <1,0,0,0> }
	no_shadow
}
cylinder {
	<28.093586, 42.610111, 29.520151>,  <28.295433, 42.624779, 29.391144>, 0.100000
	pigment { color rgbt <1,0,0,0> }
	no_shadow
}
cylinder {
	<28.093586, 42.610111, 29.520151>,  <27.757175, 42.585667, 29.735165>, 0.100000
	pigment { color rgbt <1,0,0,0> }
	no_shadow
}

// particle -1
sphere {
	<28.093586, 42.610111, 29.520151> 0.100000
	pigment { color rgbt <1,0,0,0> }
	no_shadow
}
sphere {
	0, 1
	scale<0.080000,0.200000,0.300000>
	matrix <0.350295, -0.818702, 0.454996,
		-0.412272, -0.570958, -0.709957,
		0.841026, 0.061112, -0.537531,
		28.345894, 42.628445, 29.358892>
	pigment { color rgbt <0,1,1,0> }
	no_shadow
}
cylinder {
	<27.897606, 42.023491, 29.306841>,  <27.757175, 42.585667, 29.735165>, 0.130000
	pigment { color rgbt <1,0,0,0> }
	no_shadow
}

// nucleotide -1

// particle -1
sphere {
	<27.897606, 42.023491, 29.306841> 0.250000
	pigment { color rgbt <1,0,0,0> }
	no_shadow
}
cylinder {
	<28.231504, 42.186779, 29.454657>,  <28.431843, 42.284752, 29.543346>, 0.100000
	pigment { color rgbt <1,0,0,0> }
	no_shadow
}
cylinder {
	<28.231504, 42.186779, 29.454657>,  <27.897606, 42.023491, 29.306841>, 0.100000
	pigment { color rgbt <1,0,0,0> }
	no_shadow
}

// particle -1
sphere {
	<28.231504, 42.186779, 29.454657> 0.100000
	pigment { color rgbt <1,0,0,0> }
	no_shadow
}
sphere {
	0, 1
	scale<0.080000,0.200000,0.300000>
	matrix <0.242742, -0.875191, 0.418470,
		0.494242, -0.259614, -0.829654,
		0.834746, 0.408217, 0.369537,
		28.481928, 42.309242, 29.565517>
	pigment { color rgbt <0,1,1,0> }
	no_shadow
}
cylinder {
	<28.656605, 41.927929, 29.008097>,  <27.897606, 42.023491, 29.306841>, 0.130000
	pigment { color rgbt <1,0,0,0> }
	no_shadow
}

// nucleotide -1

// particle -1
sphere {
	<28.656605, 41.927929, 29.008097> 0.250000
	pigment { color rgbt <1,0,0,0> }
	no_shadow
}
cylinder {
	<28.629507, 41.971550, 29.404787>,  <28.613249, 41.997723, 29.642801>, 0.100000
	pigment { color rgbt <1,0,0,0> }
	no_shadow
}
cylinder {
	<28.629507, 41.971550, 29.404787>,  <28.656605, 41.927929, 29.008097>, 0.100000
	pigment { color rgbt <1,0,0,0> }
	no_shadow
}

// particle -1
sphere {
	<28.629507, 41.971550, 29.404787> 0.100000
	pigment { color rgbt <1,0,0,0> }
	no_shadow
}
sphere {
	0, 1
	scale<0.080000,0.200000,0.300000>
	matrix <0.255994, -0.958831, 0.122922,
		0.964302, 0.262203, 0.037037,
		-0.067743, 0.109053, 0.991725,
		28.609184, 42.004265, 29.702305>
	pigment { color rgbt <0,1,1,0> }
	no_shadow
}
cylinder {
	<29.202150, 41.538181, 29.257008>,  <28.656605, 41.927929, 29.008097>, 0.130000
	pigment { color rgbt <1,0,0,0> }
	no_shadow
}

// nucleotide -1

// particle -1
sphere {
	<29.202150, 41.538181, 29.257008> 0.250000
	pigment { color rgbt <1,0,0,0> }
	no_shadow
}
cylinder {
	<28.927855, 41.555050, 29.547657>,  <28.763277, 41.565170, 29.722046>, 0.100000
	pigment { color rgbt <1,0,0,0> }
	no_shadow
}
cylinder {
	<28.927855, 41.555050, 29.547657>,  <29.202150, 41.538181, 29.257008>, 0.100000
	pigment { color rgbt <1,0,0,0> }
	no_shadow
}

// particle -1
sphere {
	<28.927855, 41.555050, 29.547657> 0.100000
	pigment { color rgbt <1,0,0,0> }
	no_shadow
}
sphere {
	0, 1
	scale<0.080000,0.200000,0.300000>
	matrix <0.092803, -0.985105, 0.144760,
		0.721906, 0.166701, 0.671612,
		-0.685740, 0.042175, 0.726623,
		28.722132, 41.567703, 29.765644>
	pigment { color rgbt <0,1,1,0> }
	no_shadow
}
cylinder {
	<29.487144, 41.133675, 29.722866>,  <29.202150, 41.538181, 29.257008>, 0.130000
	pigment { color rgbt <1,0,0,0> }
	no_shadow
}

// nucleotide -1

// particle -1
sphere {
	<29.487144, 41.133675, 29.722866> 0.250000
	pigment { color rgbt <1,0,0,0> }
	no_shadow
}
cylinder {
	<29.107754, 41.160290, 29.846783>,  <28.880119, 41.176258, 29.921133>, 0.100000
	pigment { color rgbt <1,0,0,0> }
	no_shadow
}
cylinder {
	<29.107754, 41.160290, 29.846783>,  <29.487144, 41.133675, 29.722866>, 0.100000
	pigment { color rgbt <1,0,0,0> }
	no_shadow
}

// particle -1
sphere {
	<29.107754, 41.160290, 29.846783> 0.100000
	pigment { color rgbt <1,0,0,0> }
	no_shadow
}
sphere {
	0, 1
	scale<0.080000,0.200000,0.300000>
	matrix <-0.026085, -0.990783, 0.132925,
		0.315778, 0.117995, 0.941468,
		-0.948474, 0.066534, 0.309789,
		28.823212, 41.180248, 29.939720>
	pigment { color rgbt <0,1,1,0> }
	no_shadow
}
cylinder {
	<29.477386, 40.780590, 30.325394>,  <29.487144, 41.133675, 29.722866>, 0.130000
	pigment { color rgbt <1,0,0,0> }
	no_shadow
}

// nucleotide -1

// particle -1
sphere {
	<29.477386, 40.780590, 30.325394> 0.250000
	pigment { color rgbt <1,0,0,0> }
	no_shadow
}
cylinder {
	<29.101931, 40.795719, 30.188265>,  <28.876657, 40.804798, 30.105988>, 0.100000
	pigment { color rgbt <1,0,0,0> }
	no_shadow
}
cylinder {
	<29.101931, 40.795719, 30.188265>,  <29.477386, 40.780590, 30.325394>, 0.100000
	pigment { color rgbt <1,0,0,0> }
	no_shadow
}

// particle -1
sphere {
	<29.101931, 40.795719, 30.188265> 0.100000
	pigment { color rgbt <1,0,0,0> }
	no_shadow
}
sphere {
	0, 1
	scale<0.080000,0.200000,0.300000>
	matrix <-0.114037, -0.972101, 0.204975,
		-0.325505, 0.231492, 0.916765,
		-0.938638, 0.037825, -0.342822,
		28.820339, 40.807068, 30.085419>
	pigment { color rgbt <0,1,1,0> }
	no_shadow
}
cylinder {
	<29.087534, 40.532082, 30.821325>,  <29.477386, 40.780590, 30.325394>, 0.130000
	pigment { color rgbt <1,0,0,0> }
	no_shadow
}

// nucleotide -1

// particle -1
sphere {
	<29.087534, 40.532082, 30.821325> 0.250000
	pigment { color rgbt <1,0,0,0> }
	no_shadow
}
cylinder {
	<28.827154, 40.510262, 30.518461>,  <28.670927, 40.497169, 30.336742>, 0.100000
	pigment { color rgbt <1,0,0,0> }
	no_shadow
}
cylinder {
	<28.827154, 40.510262, 30.518461>,  <29.087534, 40.532082, 30.821325>, 0.100000
	pigment { color rgbt <1,0,0,0> }
	no_shadow
}

// particle -1
sphere {
	<28.827154, 40.510262, 30.518461> 0.100000
	pigment { color rgbt <1,0,0,0> }
	no_shadow
}
sphere {
	0, 1
	scale<0.080000,0.200000,0.300000>
	matrix <-0.255625, -0.923413, 0.286294,
		-0.714788, 0.379912, 0.587150,
		-0.650948, -0.054550, -0.757160,
		28.631870, 40.493896, 30.291313>
	pigment { color rgbt <0,1,1,0> }
	no_shadow
}
cylinder {
	<28.465263, 40.244476, 31.106073>,  <29.087534, 40.532082, 30.821325>, 0.130000
	pigment { color rgbt <1,0,0,0> }
	no_shadow
}

// nucleotide -1

// particle -1
sphere {
	<28.465263, 40.244476, 31.106073> 0.250000
	pigment { color rgbt <1,0,0,0> }
	no_shadow
}
cylinder {
	<28.447739, 40.174885, 30.712564>,  <28.437223, 40.133129, 30.476460>, 0.100000
	pigment { color rgbt <1,0,0,0> }
	no_shadow
}
cylinder {
	<28.447739, 40.174885, 30.712564>,  <28.465263, 40.244476, 31.106073>, 0.100000
	pigment { color rgbt <1,0,0,0> }
	no_shadow
}

// particle -1
sphere {
	<28.447739, 40.174885, 30.712564> 0.100000
	pigment { color rgbt <1,0,0,0> }
	no_shadow
}
sphere {
	0, 1
	scale<0.080000,0.200000,0.300000>
	matrix <-0.295148, -0.938512, 0.179118,
		-0.954446, 0.298207, -0.010231,
		-0.043812, -0.173978, -0.983774,
		28.434595, 40.122692, 30.417433>
	pigment { color rgbt <0,1,1,0> }
	no_shadow
}
cylinder {
	<27.759809, 40.035770, 30.905659>,  <28.465263, 40.244476, 31.106073>, 0.130000
	pigment { color rgbt <1,0,0,0> }
	no_shadow
}

// nucleotide -1

// particle -1
sphere {
	<27.759809, 40.035770, 30.905659> 0.250000
	pigment { color rgbt <1,0,0,0> }
	no_shadow
}
cylinder {
	<27.998503, 39.880615, 30.624674>,  <28.141718, 39.787521, 30.456083>, 0.100000
	pigment { color rgbt <1,0,0,0> }
	no_shadow
}
cylinder {
	<27.998503, 39.880615, 30.624674>,  <27.759809, 40.035770, 30.905659>, 0.100000
	pigment { color rgbt <1,0,0,0> }
	no_shadow
}

// particle -1
sphere {
	<27.998503, 39.880615, 30.624674> 0.100000
	pigment { color rgbt <1,0,0,0> }
	no_shadow
}
sphere {
	0, 1
	scale<0.080000,0.200000,0.300000>
	matrix <-0.367724, -0.910264, 0.190260,
		-0.713225, 0.144778, -0.685821,
		0.596732, -0.387891, -0.702461,
		28.177523, 39.764248, 30.413935>
	pigment { color rgbt <0,1,1,0> }
	no_shadow
}
cylinder {
	<27.402273, 39.643642, 30.316128>,  <27.759809, 40.035770, 30.905659>, 0.130000
	pigment { color rgbt <1,0,0,0> }
	no_shadow
}

// nucleotide -1

// particle -1
sphere {
	<27.402273, 39.643642, 30.316128> 0.250000
	pigment { color rgbt <1,0,0,0> }
	no_shadow
}
cylinder {
	<27.773344, 39.494423, 30.309845>,  <27.995987, 39.404892, 30.306076>, 0.100000
	pigment { color rgbt <1,0,0,0> }
	no_shadow
}
cylinder {
	<27.773344, 39.494423, 30.309845>,  <27.402273, 39.643642, 30.316128>, 0.100000
	pigment { color rgbt <1,0,0,0> }
	no_shadow
}

// particle -1
sphere {
	<27.773344, 39.494423, 30.309845> 0.100000
	pigment { color rgbt <1,0,0,0> }
	no_shadow
}
sphere {
	0, 1
	scale<0.080000,0.200000,0.300000>
	matrix <-0.364175, -0.913294, 0.182404,
		-0.082389, -0.163493, -0.983098,
		0.927679, -0.373048, -0.015706,
		28.051647, 39.382507, 30.305134>
	pigment { color rgbt <0,1,1,0> }
	no_shadow
}
cylinder {
	<27.356161, 38.980488, 30.152086>,  <27.402273, 39.643642, 30.316128>, 0.130000
	pigment { color rgbt <1,0,0,0> }
	no_shadow
}

// nucleotide -1

// particle -1
sphere {
	<27.356161, 38.980488, 30.152086> 0.250000
	pigment { color rgbt <1,0,0,0> }
	no_shadow
}
cylinder {
	<27.720606, 38.975941, 30.316887>,  <27.939272, 38.973213, 30.415768>, 0.100000
	pigment { color rgbt <1,0,0,0> }
	no_shadow
}
cylinder {
	<27.720606, 38.975941, 30.316887>,  <27.356161, 38.980488, 30.152086>, 0.100000
	pigment { color rgbt <1,0,0,0> }
	no_shadow
}

// particle -1
sphere {
	<27.720606, 38.975941, 30.316887> 0.100000
	pigment { color rgbt <1,0,0,0> }
	no_shadow
}
sphere {
	0, 1
	scale<0.080000,0.200000,0.300000>
