// switches for output
#declare DRAW_BASES = 1; // possible values are 0, 1; only relevant for DNA ribbons
#declare DRAW_BASES_TYPE = 3; // possible values are 1, 2, 3; only relevant for DNA ribbons
#declare DRAW_FOG = 0; // set to 1 to enable fog

#include "colors.inc"

#include "transforms.inc"
background { rgb <1, 1, 1>}

#default {
   normal{
       ripples 0.25
       frequency 0.20
       turbulence 0.2
       lambda 5
   }
	finish {
		phong 0.1
		phong_size 40.
	}
}

// original window dimensions: 1024x640


// camera settings

camera {
	sky <0, 0.179814, -0.983701>
	up <0, 0.179814, -0.983701>
	right 1.6 * <1, 0, 0>
	location <35, 94.9851, 44.8844>
	look_at <35, 29.7336, 32.9568>
	direction <0, -65.2515, -11.9276>
	angle 67.0682
}


# declare cpy_camera_pos = <35, 94.9851, 44.8844>;
# if (DRAW_FOG = 1)
fog {
	fog_type 2
	up vnormalize(cpy_camera_pos)
	color rgbt<1,1,1,0.3>
	distance 1e-5
	fog_alt 3e-3
	fog_offset 56
}
# end


// LIGHTS

# declare lum = 6;
global_settings {
	ambient_light rgb lum * <0.05, 0.05, 0.05>
	max_trace_level 15
}# declare cpy_direct_light_amount = 0.25;
light_source
{	1000 * <-1, -1.16352, -0.803886>,
	rgb lum * cpy_direct_light_amount
	parallel
}

light_source
{	1000 * <1, 1.16352, 0.803886>,
	rgb lum * cpy_direct_light_amount
	parallel
}

// strand 0

// nucleotide -1

// particle -1
sphere {
	<24.176271, 34.685108, 35.061993> 0.250000
	pigment { color rgbt <1,0,0,0> }
	no_shadow
}
cylinder {
	<24.313786, 34.976696, 34.825211>,  <24.396294, 35.151649, 34.683144>, 0.100000
	pigment { color rgbt <1,0,0,0> }
	no_shadow
}
cylinder {
	<24.313786, 34.976696, 34.825211>,  <24.176271, 34.685108, 35.061993>, 0.100000
	pigment { color rgbt <1,0,0,0> }
	no_shadow
}

// particle -1
sphere {
	<24.313786, 34.976696, 34.825211> 0.100000
	pigment { color rgbt <1,0,0,0> }
	no_shadow
}
sphere {
	0, 1
	scale<0.080000,0.200000,0.300000>
	matrix <-0.240203, 0.677670, 0.695030,
		0.907807, -0.096753, 0.408075,
		0.343786, 0.728974, -0.591953,
		24.416922, 35.195389, 34.647625>
	pigment { color rgbt <0,1,1,0> }
	no_shadow
}
cylinder {
	<24.719376, 34.509815, 35.545658>,  <24.176271, 34.685108, 35.061993>, 0.130000
	pigment { color rgbt <1,0,0,0> }
	no_shadow
}

// nucleotide -1

// particle -1
sphere {
	<24.719376, 34.509815, 35.545658> 0.250000
	pigment { color rgbt <1,0,0,0> }
	no_shadow
}
cylinder {
	<24.324883, 34.463398, 35.592773>,  <24.088186, 34.435547, 35.621044>, 0.100000
	pigment { color rgbt <1,0,0,0> }
	no_shadow
}
cylinder {
	<24.324883, 34.463398, 35.592773>,  <24.719376, 34.509815, 35.545658>, 0.100000
	pigment { color rgbt <1,0,0,0> }
	no_shadow
}

// particle -1
sphere {
	<24.324883, 34.463398, 35.592773> 0.100000
	pigment { color rgbt <1,0,0,0> }
	no_shadow
}
sphere {
	0, 1
	scale<0.080000,0.200000,0.300000>
	matrix <0.123476, -0.043038, 0.991414,
		-0.109979, 0.992311, 0.056774,
		-0.986234, -0.116045, 0.117793,
		24.029013, 34.428585, 35.628113>
	pigment { color rgbt <0,1,1,0> }
	no_shadow
}
cylinder {
	<24.863211, 34.996983, 35.003368>,  <24.719376, 34.509815, 35.545658>, 0.130000
	pigment { color rgbt <1,0,0,0> }
	no_shadow
}

// nucleotide -1

// particle -1
sphere {
	<24.863211, 34.996983, 35.003368> 0.250000
	pigment { color rgbt <1,0,0,0> }
	no_shadow
}
cylinder {
	<25.099859, 34.864925, 35.297577>,  <25.241848, 34.785690, 35.474102>, 0.100000
	pigment { color rgbt <1,0,0,0> }
	no_shadow
}
cylinder {
	<25.099859, 34.864925, 35.297577>,  <24.863211, 34.996983, 35.003368>, 0.100000
	pigment { color rgbt <1,0,0,0> }
	no_shadow
}

// particle -1
sphere {
	<25.099859, 34.864925, 35.297577> 0.100000
	pigment { color rgbt <1,0,0,0> }
	no_shadow
}
sphere {
	0, 1
	scale<0.080000,0.200000,0.300000>
	matrix <0.350032, 0.927024, 0.134550,
		-0.726265, 0.177852, 0.664010,
		0.591623, -0.330143, 0.735519,
		25.277346, 34.765881, 35.518234>
	pigment { color rgbt <0,1,1,0> }
	no_shadow
}
cylinder {
	<24.606770, 35.260479, 35.690411>,  <24.863211, 34.996983, 35.003368>, 0.130000
	pigment { color rgbt <1,0,0,0> }
	no_shadow
}

// nucleotide -1

// particle -1
sphere {
	<24.606770, 35.260479, 35.690411> 0.250000
	pigment { color rgbt <1,0,0,0> }
	no_shadow
}
cylinder {
	<25.005157, 35.225468, 35.682610>,  <25.244190, 35.204460, 35.677929>, 0.100000
	pigment { color rgbt <1,0,0,0> }
	no_shadow
}
cylinder {
	<25.005157, 35.225468, 35.682610>,  <24.606770, 35.260479, 35.690411>, 0.100000
	pigment { color rgbt <1,0,0,0> }
	no_shadow
}

// particle -1
sphere {
	<25.005157, 35.225468, 35.682610> 0.100000
	pigment { color rgbt <1,0,0,0> }
	no_shadow
}
sphere {
	0, 1
	scale<0.080000,0.200000,0.300000>
	matrix <0.089532, 0.982939, 0.160671,
		0.005104, -0.161769, 0.986815,
		0.995971, -0.087532, -0.019500,
		25.303949, 35.199207, 35.676758>
	pigment { color rgbt <0,1,1,0> }
	no_shadow
}
cylinder {
	<24.929794, 35.494637, 36.409336>,  <24.606770, 35.260479, 35.690411>, 0.130000
	pigment { color rgbt <1,0,0,0> }
	no_shadow
}

// nucleotide -1

// particle -1
sphere {
	<24.929794, 35.494637, 36.409336> 0.250000
	pigment { color rgbt <1,0,0,0> }
	no_shadow
}
cylinder {
	<25.178032, 35.553730, 36.101299>,  <25.326975, 35.589188, 35.916477>, 0.100000
	pigment { color rgbt <1,0,0,0> }
	no_shadow
}
cylinder {
	<25.178032, 35.553730, 36.101299>,  <24.929794, 35.494637, 36.409336>, 0.100000
	pigment { color rgbt <1,0,0,0> }
	no_shadow
}

// particle -1
sphere {
	<25.178032, 35.553730, 36.101299> 0.100000
	pigment { color rgbt <1,0,0,0> }
	no_shadow
}
sphere {
	0, 1
	scale<0.080000,0.200000,0.300000>
	matrix <0.123694, 0.951350, 0.282194,
		0.774314, -0.270383, 0.572128,
		0.620594, 0.147738, -0.770089,
		25.364210, 35.598053, 35.870274>
	pigment { color rgbt <0,1,1,0> }
	no_shadow
}
cylinder {
	<25.116053, 36.158035, 36.146343>,  <24.929794, 35.494637, 36.409336>, 0.130000
	pigment { color rgbt <1,0,0,0> }
	no_shadow
}

// nucleotide -1

// particle -1
sphere {
	<25.116053, 36.158035, 36.146343> 0.250000
	pigment { color rgbt <1,0,0,0> }
	no_shadow
}
cylinder {
	<25.502172, 36.253487, 36.103912>,  <25.733845, 36.310757, 36.078453>, 0.100000
	pigment { color rgbt <1,0,0,0> }
	no_shadow
}
cylinder {
	<25.502172, 36.253487, 36.103912>,  <25.116053, 36.158035, 36.146343>, 0.100000
	pigment { color rgbt <1,0,0,0> }
	no_shadow
}

// particle -1
sphere {
	<25.502172, 36.253487, 36.103912> 0.100000
	pigment { color rgbt <1,0,0,0> }
	no_shadow
}
sphere {
	0, 1
	scale<0.080000,0.200000,0.300000>
	matrix <-0.199020, 0.409233, -0.890460,
		-0.169078, 0.880673, 0.442525,
		0.965300, 0.238628, -0.106079,
		25.791763, 36.325073, 36.072090>
	pigment { color rgbt <0,1,1,0> }
	no_shadow
}
cylinder {
	<25.291166, 36.883389, 36.119698>,  <25.116053, 36.158035, 36.146343>, 0.130000
	pigment { color rgbt <1,0,0,0> }
	no_shadow
}

// nucleotide -1

// particle -1
sphere {
	<25.291166, 36.883389, 36.119698> 0.250000
	pigment { color rgbt <1,0,0,0> }
	no_shadow
}
cylinder {
	<25.539423, 36.662094, 35.897442>,  <25.688377, 36.529316, 35.764088>, 0.100000
	pigment { color rgbt <1,0,0,0> }
	no_shadow
}
cylinder {
	<25.539423, 36.662094, 35.897442>,  <25.291166, 36.883389, 36.119698>, 0.100000
	pigment { color rgbt <1,0,0,0> }
	no_shadow
}

// particle -1
sphere {
	<25.539423, 36.662094, 35.897442> 0.100000
	pigment { color rgbt <1,0,0,0> }
	no_shadow
}
sphere {
	0, 1
	scale<0.080000,0.200000,0.300000>
	matrix <-0.272221, 0.512527, -0.814378,
		0.735325, 0.656692, 0.167492,
		0.620640, -0.553237, -0.555639,
		25.725615, 36.496124, 35.730751>
	pigment { color rgbt <0,1,1,0> }
	no_shadow
}
cylinder {
	<25.245344, 37.279659, 35.574219>,  <25.291166, 36.883389, 36.119698>, 0.130000
	pigment { color rgbt <1,0,0,0> }
	no_shadow
}

// nucleotide -1

// particle -1
sphere {
	<25.245344, 37.279659, 35.574219> 0.250000
	pigment { color rgbt <1,0,0,0> }
	no_shadow
}
cylinder {
	<25.462042, 36.985046, 35.412216>,  <25.592060, 36.808277, 35.315014>, 0.100000
	pigment { color rgbt <1,0,0,0> }
	no_shadow
}
cylinder {
	<25.462042, 36.985046, 35.412216>,  <25.245344, 37.279659, 35.574219>, 0.100000
	pigment { color rgbt <1,0,0,0> }
	no_shadow
}

// particle -1
sphere {
	<25.462042, 36.985046, 35.412216> 0.100000
	pigment { color rgbt <1,0,0,0> }
	no_shadow
}
sphere {
	0, 1
	scale<0.080000,0.200000,0.300000>
	matrix <-0.152676, 0.387599, -0.909097,
		0.826560, 0.554334, 0.097529,
		0.541745, -0.736533, -0.405008,
		25.624565, 36.764088, 35.290714>
	pigment { color rgbt <0,1,1,0> }
	no_shadow
}
cylinder {
	<25.778593, 37.562950, 35.237240>,  <25.245344, 37.279659, 35.574219>, 0.130000
	pigment { color rgbt <1,0,0,0> }
	no_shadow
}

// nucleotide -1

// particle -1
sphere {
	<25.778593, 37.562950, 35.237240> 0.250000
	pigment { color rgbt <1,0,0,0> }
	no_shadow
}
cylinder {
	<25.714687, 37.205055, 35.070423>,  <25.676344, 36.990318, 34.970333>, 0.100000
	pigment { color rgbt <1,0,0,0> }
	no_shadow
}
cylinder {
	<25.714687, 37.205055, 35.070423>,  <25.778593, 37.562950, 35.237240>, 0.100000
	pigment { color rgbt <1,0,0,0> }
	no_shadow
}

// particle -1
sphere {
	<25.714687, 37.205055, 35.070423> 0.100000
	pigment { color rgbt <1,0,0,0> }
	no_shadow
}
sphere {
	0, 1
	scale<0.080000,0.200000,0.300000>
	matrix <-0.125883, 0.437486, -0.890370,
		0.979096, -0.089750, -0.182526,
		-0.159763, -0.894735, -0.417043,
		25.666758, 36.936634, 34.945309>
	pigment { color rgbt <0,1,1,0> }
	no_shadow
}
cylinder {
	<26.120457, 37.669506, 34.659210>,  <25.778593, 37.562950, 35.237240>, 0.130000
	pigment { color rgbt <1,0,0,0> }
	no_shadow
}

// nucleotide -1

// particle -1
sphere {
	<26.120457, 37.669506, 34.659210> 0.250000
	pigment { color rgbt <1,0,0,0> }
	no_shadow
}
cylinder {
	<25.868029, 37.370232, 34.577263>,  <25.716572, 37.190666, 34.528095>, 0.100000
	pigment { color rgbt <1,0,0,0> }
	no_shadow
}
cylinder {
	<25.868029, 37.370232, 34.577263>,  <26.120457, 37.669506, 34.659210>, 0.100000
	pigment { color rgbt <1,0,0,0> }
	no_shadow
}

// particle -1
sphere {
	<25.868029, 37.370232, 34.577263> 0.100000
	pigment { color rgbt <1,0,0,0> }
	no_shadow
}
sphere {
	0, 1
	scale<0.080000,0.200000,0.300000>
	matrix <-0.134034, 0.365300, -0.921190,
		0.764060, -0.553874, -0.330812,
		-0.631068, -0.748185, -0.204873,
		25.678709, 37.145775, 34.515800>
	pigment { color rgbt <0,1,1,0> }
	no_shadow
}
cylinder {
	<26.287600, 37.365868, 33.981186>,  <26.120457, 37.669506, 34.659210>, 0.130000
	pigment { color rgbt <1,0,0,0> }
	no_shadow
}

// nucleotide -1

// particle -1
sphere {
	<26.287600, 37.365868, 33.981186> 0.250000
	pigment { color rgbt <1,0,0,0> }
	no_shadow
}
cylinder {
	<25.903378, 37.265026, 34.028130>,  <25.672844, 37.204521, 34.056293>, 0.100000
	pigment { color rgbt <1,0,0,0> }
	no_shadow
}
cylinder {
	<25.903378, 37.265026, 34.028130>,  <26.287600, 37.365868, 33.981186>, 0.100000
	pigment { color rgbt <1,0,0,0> }
	no_shadow
}

// particle -1
sphere {
	<25.903378, 37.265026, 34.028130> 0.100000
	pigment { color rgbt <1,0,0,0> }
	no_shadow
}
sphere {
	0, 1
	scale<0.080000,0.200000,0.300000>
	matrix <-0.174238, 0.216727, -0.960557,
		0.216727, -0.943118, -0.252105,
		0.960557, 0.252105, -0.117357,
		25.615210, 37.189396, 34.063335>
	pigment { color rgbt <0,1,1,0> }
	no_shadow
}
cylinder {
	<26.234917, 36.970905, 33.384323>,  <26.287600, 37.365868, 33.981186>, 0.130000
	pigment { color rgbt <1,0,0,0> }
	no_shadow
}

// nucleotide -1

// particle -1
sphere {
	<26.234917, 36.970905, 33.384323> 0.250000
	pigment { color rgbt <1,0,0,0> }
	no_shadow
}
cylinder {
	<25.872076, 37.096756, 33.496162>,  <25.654371, 37.172268, 33.563267>, 0.100000
	pigment { color rgbt <1,0,0,0> }
	no_shadow
}
cylinder {
	<25.872076, 37.096756, 33.496162>,  <26.234917, 36.970905, 33.384323>, 0.100000
	pigment { color rgbt <1,0,0,0> }
	no_shadow
}

// particle -1
sphere {
	<25.872076, 37.096756, 33.496162> 0.100000
	pigment { color rgbt <1,0,0,0> }
	no_shadow
}
sphere {
	0, 1
	scale<0.080000,0.200000,0.300000>
	matrix <-0.236648, 0.168120, -0.956940,
		-0.348089, -0.934207, -0.078045,
		-0.907101, 0.314631, 0.279599,
		25.599945, 37.191147, 33.580044>
	pigment { color rgbt <0,1,1,0> }
	no_shadow
}
cylinder {
	<25.666109, 36.539425, 32.906342>,  <26.234917, 36.970905, 33.384323>, 0.130000
	pigment { color rgbt <1,0,0,0> }
	no_shadow
}

// nucleotide -1

// particle -1
sphere {
	<25.666109, 36.539425, 32.906342> 0.250000
	pigment { color rgbt <1,0,0,0> }
	no_shadow
}
cylinder {
	<25.469570, 36.856907, 33.049793>,  <25.351646, 37.047398, 33.135864>, 0.100000
	pigment { color rgbt <1,0,0,0> }
	no_shadow
}
cylinder {
	<25.469570, 36.856907, 33.049793>,  <25.666109, 36.539425, 32.906342>, 0.100000
	pigment { color rgbt <1,0,0,0> }
	no_shadow
}

// particle -1
sphere {
	<25.469570, 36.856907, 33.049793> 0.100000
	pigment { color rgbt <1,0,0,0> }
	no_shadow
}
sphere {
	0, 1
	scale<0.080000,0.200000,0.300000>
	matrix <-0.367788, 0.184165, -0.911491,
		-0.789501, -0.579755, 0.201427,
		-0.491346, 0.793705, 0.358625,
		25.322166, 37.095016, 33.157379>
	pigment { color rgbt <0,1,1,0> }
	no_shadow
}
cylinder {
	<25.068619, 36.430672, 32.579788>,  <25.666109, 36.539425, 32.906342>, 0.130000
	pigment { color rgbt <1,0,0,0> }
	no_shadow
}

// nucleotide -1

// particle -1
sphere {
	<25.068619, 36.430672, 32.579788> 0.250000
	pigment { color rgbt <1,0,0,0> }
	no_shadow
}
cylinder {
	<25.076794, 36.810722, 32.704266>,  <25.081699, 37.038754, 32.778950>, 0.100000
	pigment { color rgbt <1,0,0,0> }
	no_shadow
}
cylinder {
	<25.076794, 36.810722, 32.704266>,  <25.068619, 36.430672, 32.579788>, 0.100000
	pigment { color rgbt <1,0,0,0> }
	no_shadow
}

// particle -1
sphere {
	<25.076794, 36.810722, 32.704266> 0.100000
	pigment { color rgbt <1,0,0,0> }
	no_shadow
}
sphere {
	0, 1
	scale<0.080000,0.200000,0.300000>
	matrix <-0.453574, 0.286192, -0.844017,
		-0.890984, -0.123897, 0.436803,
		0.020438, 0.950128, 0.311189,
		25.082926, 37.095760, 32.797623>
	pigment { color rgbt <0,1,1,0> }
	no_shadow
}
cylinder {
	<24.506512, 36.702843, 32.459564>,  <25.068619, 36.430672, 32.579788>, 0.130000
	pigment { color rgbt <1,0,0,0> }
	no_shadow
}

// nucleotide -1

// particle -1
sphere {
	<24.506512, 36.702843, 32.459564> 0.250000
	pigment { color rgbt <1,0,0,0> }
	no_shadow
}
cylinder {
	<24.715117, 37.043888, 32.472744>,  <24.840279, 37.248516, 32.480652>, 0.100000
	pigment { color rgbt <1,0,0,0> }
	no_shadow
}
cylinder {
	<24.715117, 37.043888, 32.472744>,  <24.506512, 36.702843, 32.459564>, 0.100000
	pigment { color rgbt <1,0,0,0> }
	no_shadow
}

// particle -1
sphere {
	<24.715117, 37.043888, 32.472744> 0.100000
	pigment { color rgbt <1,0,0,0> }
	no_shadow
}
sphere {
	0, 1
	scale<0.080000,0.200000,0.300000>
	matrix <-0.425288, 0.293223, -0.856242,
		-0.739701, 0.432526, 0.515523,
		0.521510, 0.852609, 0.032949,
		24.871569, 37.299671, 32.482628>
	pigment { color rgbt <0,1,1,0> }
	no_shadow
}
cylinder {
	<24.042374, 37.314831, 32.250050>,  <24.506512, 36.702843, 32.459564>, 0.130000
	pigment { color rgbt <1,0,0,0> }
	no_shadow
}

// nucleotide -1

// particle -1
sphere {
	<24.042374, 37.314831, 32.250050> 0.250000
	pigment { color rgbt <1,0,0,0> }
	no_shadow
}
cylinder {
	<24.431881, 37.381828, 32.188438>,  <24.665585, 37.422028, 32.151470>, 0.100000
	pigment { color rgbt <1,0,0,0> }
	no_shadow
}
cylinder {
	<24.431881, 37.381828, 32.188438>,  <24.042374, 37.314831, 32.250050>, 0.100000
	pigment { color rgbt <1,0,0,0> }
	no_shadow
}

// particle -1
sphere {
	<24.431881, 37.381828, 32.188438> 0.100000
	pigment { color rgbt <1,0,0,0> }
	no_shadow
}
sphere {
	0, 1
	scale<0.080000,0.200000,0.300000>
	matrix <-0.221637, 0.544851, -0.808712,
		-0.051532, 0.821634, 0.567681,
		0.973767, 0.167493, -0.154027,
		24.724010, 37.432076, 32.142231>
	pigment { color rgbt <0,1,1,0> }
	no_shadow
}
cylinder {
	<24.087387, 38.068016, 32.041759>,  <24.042374, 37.314831, 32.250050>, 0.130000
	pigment { color rgbt <1,0,0,0> }
	no_shadow
}

// nucleotide -1

// particle -1
sphere {
	<24.087387, 38.068016, 32.041759> 0.250000
	pigment { color rgbt <1,0,0,0> }
	no_shadow
}
cylinder {
	<24.425611, 37.890709, 31.922735>,  <24.628546, 37.784325, 31.851322>, 0.100000
	pigment { color rgbt <1,0,0,0> }
	no_shadow
}
cylinder {
	<24.425611, 37.890709, 31.922735>,  <24.087387, 38.068016, 32.041759>, 0.100000
	pigment { color rgbt <1,0,0,0> }
	no_shadow
}

// particle -1
sphere {
	<24.425611, 37.890709, 31.922735> 0.100000
	pigment { color rgbt <1,0,0,0> }
	no_shadow
}
sphere {
	0, 1
	scale<0.080000,0.200000,0.300000>
	matrix <-0.009772, 0.544402, -0.838767,
		0.533792, 0.712135, 0.455993,
		0.845559, -0.443271, -0.297557,
		24.679279, 37.757729, 31.833467>
	pigment { color rgbt <0,1,1,0> }
	no_shadow
}
cylinder {
	<24.416931, 38.609447, 31.838541>,  <24.087387, 38.068016, 32.041759>, 0.130000
	pigment { color rgbt <1,0,0,0> }
	no_shadow
}

// nucleotide -1

// particle -1
sphere {
	<24.416931, 38.609447, 31.838541> 0.250000
	pigment { color rgbt <1,0,0,0> }
	no_shadow
}
cylinder {
	<24.598112, 38.299019, 31.663021>,  <24.706821, 38.112762, 31.557709>, 0.100000
	pigment { color rgbt <1,0,0,0> }
	no_shadow
}
cylinder {
	<24.598112, 38.299019, 31.663021>,  <24.416931, 38.609447, 31.838541>, 0.100000
	pigment { color rgbt <1,0,0,0> }
	no_shadow
}

// particle -1
sphere {
	<24.598112, 38.299019, 31.663021> 0.100000
	pigment { color rgbt <1,0,0,0> }
	no_shadow
}
sphere {
	0, 1
	scale<0.080000,0.200000,0.300000>
	matrix <0.129984, 0.544414, -0.828684,
		0.882007, 0.318319, 0.347472,
		0.452954, -0.776071, -0.438801,
		24.733999, 38.066196, 31.531382>
	pigment { color rgbt <0,1,1,0> }
	no_shadow
}
cylinder {
	<24.996634, 38.927647, 31.599358>,  <24.416931, 38.609447, 31.838541>, 0.130000
	pigment { color rgbt <1,0,0,0> }
	no_shadow
}

// nucleotide -1

// particle -1
sphere {
	<24.996634, 38.927647, 31.599358> 0.250000
	pigment { color rgbt <1,0,0,0> }
	no_shadow
}
cylinder {
	<24.947384, 38.582664, 31.402987>,  <24.917833, 38.375675, 31.285164>, 0.100000
	pigment { color rgbt <1,0,0,0> }
	no_shadow
}
cylinder {
	<24.947384, 38.582664, 31.402987>,  <24.996634, 38.927647, 31.599358>, 0.100000
	pigment { color rgbt <1,0,0,0> }
	no_shadow
}

// particle -1
sphere {
	<24.947384, 38.582664, 31.402987> 0.100000
	pigment { color rgbt <1,0,0,0> }
	no_shadow
}
sphere {
	0, 1
	scale<0.080000,0.200000,0.300000>
	matrix <0.003110, 0.494353, -0.869256,
		0.992386, -0.108554, -0.058185,
		-0.123125, -0.862457, -0.490927,
		24.910446, 38.323929, 31.255709>
	pigment { color rgbt <0,1,1,0> }
	no_shadow
}
cylinder {
	<25.557423, 38.897667, 31.072039>,  <24.996634, 38.927647, 31.599358>, 0.130000
	pigment { color rgbt <1,0,0,0> }
	no_shadow
}

// nucleotide -1

// particle -1
sphere {
	<25.557423, 38.897667, 31.072039> 0.250000
	pigment { color rgbt <1,0,0,0> }
	no_shadow
}
cylinder {
	<25.263525, 38.656555, 30.947586>,  <25.087187, 38.511887, 30.872915>, 0.100000
	pigment { color rgbt <1,0,0,0> }
	no_shadow
}
cylinder {
	<25.263525, 38.656555, 30.947586>,  <25.557423, 38.897667, 31.072039>, 0.100000
	pigment { color rgbt <1,0,0,0> }
	no_shadow
}

// particle -1
sphere {
	<25.263525, 38.656555, 30.947586> 0.100000
	pigment { color rgbt <1,0,0,0> }
	no_shadow
}
sphere {
	0, 1
	scale<0.080000,0.200000,0.300000>
	matrix <-0.001473, 0.460080, -0.887876,
		0.678341, -0.651905, -0.338929,
		-0.734745, -0.602782, -0.311131,
		25.043100, 38.475719, 30.854246>
	pigment { color rgbt <0,1,1,0> }
	no_shadow
}
cylinder {
	<25.774521, 38.600906, 30.453775>,  <25.557423, 38.897667, 31.072039>, 0.130000
	pigment { color rgbt <1,0,0,0> }
	no_shadow
}

// nucleotide -1

// particle -1
sphere {
	<25.774521, 38.600906, 30.453775> 0.250000
	pigment { color rgbt <1,0,0,0> }
	no_shadow
}
cylinder {
	<25.381611, 38.534561, 30.418837>,  <25.145864, 38.494755, 30.397873>, 0.100000
	pigment { color rgbt <1,0,0,0> }
	no_shadow
}
cylinder {
	<25.381611, 38.534561, 30.418837>,  <25.774521, 38.600906, 30.453775>, 0.100000
	pigment { color rgbt <1,0,0,0> }
	no_shadow
}

// particle -1
sphere {
	<25.381611, 38.534561, 30.418837> 0.100000
	pigment { color rgbt <1,0,0,0> }
	no_shadow
}
sphere {
	0, 1
	scale<0.080000,0.200000,0.300000>
	matrix <0.020286, 0.369179, -0.929137,
		0.186354, -0.914438, -0.359270,
		-0.982273, -0.165860, -0.087348,
		25.086929, 38.484802, 30.392632>
	pigment { color rgbt <0,1,1,0> }
	no_shadow
}
cylinder {
	<25.692236, 38.212036, 29.835613>,  <25.774521, 38.600906, 30.453775>, 0.130000
	pigment { color rgbt <1,0,0,0> }
	no_shadow
}

// nucleotide -1

// particle -1
sphere {
	<25.692236, 38.212036, 29.835613> 0.250000
	pigment { color rgbt <1,0,0,0> }
	no_shadow
}
cylinder {
	<25.333261, 38.370037, 29.914179>,  <25.117876, 38.464840, 29.961319>, 0.100000
	pigment { color rgbt <1,0,0,0> }
	no_shadow
}
cylinder {
	<25.333261, 38.370037, 29.914179>,  <25.692236, 38.212036, 29.835613>, 0.100000
	pigment { color rgbt <1,0,0,0> }
	no_shadow
}

// particle -1
sphere {
	<25.333261, 38.370037, 29.914179> 0.100000
	pigment { color rgbt <1,0,0,0> }
	no_shadow
}
sphere {
	0, 1
	scale<0.080000,0.200000,0.300000>
	matrix <-0.103917, 0.243418, -0.964339,
		-0.428732, -0.885842, -0.177404,
		-0.897435, 0.395008, 0.196415,
		25.064032, 38.488541, 29.973103>
	pigment { color rgbt <0,1,1,0> }
	no_shadow
}
cylinder {
	<25.248003, 37.984444, 29.381275>,  <25.692236, 38.212036, 29.835613>, 0.130000
	pigment { color rgbt <1,0,0,0> }
	no_shadow
}

// nucleotide -1

// particle -1
sphere {
	<25.248003, 37.984444, 29.381275> 0.250000
	pigment { color rgbt <1,0,0,0> }
	no_shadow
}
cylinder {
	<25.052120, 38.315426, 29.491190>,  <24.934591, 38.514015, 29.557138>, 0.100000
	pigment { color rgbt <1,0,0,0> }
	no_shadow
}
cylinder {
	<25.052120, 38.315426, 29.491190>,  <25.248003, 37.984444, 29.381275>, 0.100000
	pigment { color rgbt <1,0,0,0> }
	no_shadow
}

// particle -1
sphere {
	<25.052120, 38.315426, 29.491190> 0.100000
	pigment { color rgbt <1,0,0,0> }
	no_shadow
}
sphere {
	0, 1
	scale<0.080000,0.200000,0.300000>
	matrix <-0.102721, 0.258214, -0.960611,
		-0.865816, -0.498643, -0.041452,
		-0.489705, 0.827454, 0.274787,
		24.905209, 38.563663, 29.573626>
	pigment { color rgbt <0,1,1,0> }
	no_shadow
}
cylinder {
	<24.807060, 38.039200, 28.808519>,  <25.248003, 37.984444, 29.381275>, 0.130000
	pigment { color rgbt <1,0,0,0> }
	no_shadow
}

// nucleotide -1

// particle -1
sphere {
	<24.807060, 38.039200, 28.808519> 0.250000
	pigment { color rgbt <1,0,0,0> }
	no_shadow
}
cylinder {
	<24.828802, 38.385948, 29.006746>,  <24.841846, 38.593998, 29.125683>, 0.100000
	pigment { color rgbt <1,0,0,0> }
	no_shadow
}
cylinder {
	<24.828802, 38.385948, 29.006746>,  <24.807060, 38.039200, 28.808519>, 0.100000
	pigment { color rgbt <1,0,0,0> }
	no_shadow
}

// particle -1
sphere {
	<24.828802, 38.385948, 29.006746> 0.100000
	pigment { color rgbt <1,0,0,0> }
	no_shadow
}
sphere {
	0, 1
	scale<0.080000,0.200000,0.300000>
	matrix <0.082029, 0.490746, -0.867433,
		-0.995147, 0.087799, -0.044434,
		0.054354, 0.866868, 0.495566,
		24.845108, 38.646008, 29.155416>
	pigment { color rgbt <0,1,1,0> }
	no_shadow
}
cylinder {
	<24.352062, 38.501225, 28.518677>,  <24.807060, 38.039200, 28.808519>, 0.130000
	pigment { color rgbt <1,0,0,0> }
	no_shadow
}

// nucleotide -1

// particle -1
sphere {
	<24.352062, 38.501225, 28.518677> 0.250000
	pigment { color rgbt <1,0,0,0> }
	no_shadow
}
cylinder {
	<24.615438, 38.747662, 28.691595>,  <24.773464, 38.895523, 28.795347>, 0.100000
	pigment { color rgbt <1,0,0,0> }
	no_shadow
}
cylinder {
	<24.615438, 38.747662, 28.691595>,  <24.352062, 38.501225, 28.518677>, 0.100000
	pigment { color rgbt <1,0,0,0> }
	no_shadow
}

// particle -1
sphere {
	<24.615438, 38.747662, 28.691595> 0.100000
	pigment { color rgbt <1,0,0,0> }
	no_shadow
}
sphere {
	0, 1
	scale<0.080000,0.200000,0.300000>
	matrix <0.177521, 0.431044, -0.884696,
		-0.731398, 0.659261, 0.174446,
		0.658440, 0.616097, 0.432298,
		24.812971, 38.932491, 28.821285>
	pigment { color rgbt <0,1,1,0> }
	no_shadow
}
cylinder {
	<24.072077, 39.047657, 28.335663>,  <24.352062, 38.501225, 28.518677>, 0.130000
	pigment { color rgbt <1,0,0,0> }
	no_shadow
}

// nucleotide -1

// particle -1
sphere {
	<24.072077, 39.047657, 28.335663> 0.250000
	pigment { color rgbt <1,0,0,0> }
	no_shadow
}
cylinder {
	<24.469625, 39.014828, 28.365295>,  <24.708155, 38.995132, 28.383076>, 0.100000
	pigment { color rgbt <1,0,0,0> }
	no_shadow
}
cylinder {
	<24.469625, 39.014828, 28.365295>,  <24.072077, 39.047657, 28.335663>, 0.100000
	pigment { color rgbt <1,0,0,0> }
	no_shadow
}

// particle -1
sphere {
	<24.469625, 39.014828, 28.365295> 0.100000
	pigment { color rgbt <1,0,0,0> }
	no_shadow
}
sphere {
	0, 1
	scale<0.080000,0.200000,0.300000>
	matrix <0.096103, 0.310008, -0.945864,
		0.054662, 0.947185, 0.315995,
		0.993869, -0.082071, 0.074081,
		24.767786, 38.990208, 28.387520>
	pigment { color rgbt <0,1,1,0> }
	no_shadow
}
cylinder {
	<24.521416, 39.688957, 28.327248>,  <24.072077, 39.047657, 28.335663>, 0.130000
	pigment { color rgbt <1,0,0,0> }
	no_shadow
}

// nucleotide -1

// particle -1
sphere {
	<24.521416, 39.688957, 28.327248> 0.250000
	pigment { color rgbt <1,0,0,0> }
	no_shadow
}
cylinder {
	<24.688450, 39.380337, 28.135279>,  <24.788670, 39.195164, 28.020098>, 0.100000
	pigment { color rgbt <1,0,0,0> }
	no_shadow
}
cylinder {
	<24.688450, 39.380337, 28.135279>,  <24.521416, 39.688957, 28.327248>, 0.100000
	pigment { color rgbt <1,0,0,0> }
	no_shadow
}

// particle -1
sphere {
	<24.688450, 39.380337, 28.135279> 0.100000
	pigment { color rgbt <1,0,0,0> }
	no_shadow
}
sphere {
	0, 1
	scale<0.080000,0.200000,0.300000>
	matrix <-0.020227, 0.520153, -0.853833,
		0.908413, 0.366255, 0.201602,
		0.417585, -0.771555, -0.479922,
		24.813725, 39.148869, 27.991302>
	pigment { color rgbt <0,1,1,0> }
	no_shadow
}
cylinder {
	<25.230938, 39.689995, 28.051622>,  <24.521416, 39.688957, 28.327248>, 0.130000
	pigment { color rgbt <1,0,0,0> }
	no_shadow
}

// nucleotide -1

// particle -1
sphere {
	<25.230938, 39.689995, 28.051622> 0.250000
	pigment { color rgbt <1,0,0,0> }
	no_shadow
}
cylinder {
	<25.028692, 39.436676, 27.817259>,  <24.907345, 39.284687, 27.676640>, 0.100000
	pigment { color rgbt <1,0,0,0> }
	no_shadow
}
cylinder {
	<25.028692, 39.436676, 27.817259>,  <25.230938, 39.689995, 28.051622>, 0.100000
	pigment { color rgbt <1,0,0,0> }
	no_shadow
}

// particle -1
sphere {
	<25.028692, 39.436676, 27.817259> 0.100000
	pigment { color rgbt <1,0,0,0> }
	no_shadow
}
sphere {
	0, 1
	scale<0.080000,0.200000,0.300000>
	matrix <0.377203, 0.448504, -0.810285,
		0.775932, -0.630701, 0.012110,
		-0.505616, -0.633294, -0.585911,
		24.877007, 39.246689, 27.641485>
	pigment { color rgbt <0,1,1,0> }
	no_shadow
}
cylinder {
	<25.570978, 39.195408, 27.737110>,  <25.230938, 39.689995, 28.051622>, 0.130000
	pigment { color rgbt <1,0,0,0> }
	no_shadow
}

// nucleotide -1

// particle -1
sphere {
	<25.570978, 39.195408, 27.737110> 0.250000
	pigment { color rgbt <1,0,0,0> }
	no_shadow
}
cylinder {
	<25.626537, 39.441769, 27.426918>,  <25.659874, 39.589584, 27.240803>, 0.100000
	pigment { color rgbt <1,0,0,0> }
	no_shadow
}
cylinder {
	<25.626537, 39.441769, 27.426918>,  <25.570978, 39.195408, 27.737110>, 0.100000
	pigment { color rgbt <1,0,0,0> }
	no_shadow
}

// particle -1
sphere {
	<25.626537, 39.441769, 27.426918> 0.100000
	pigment { color rgbt <1,0,0,0> }
	no_shadow
}
sphere {
	0, 1
	scale<0.080000,0.200000,0.300000>
	matrix <0.904912, 0.239173, 0.352039,
		0.402296, -0.750640, -0.524116,
		0.138900, 0.615903, -0.775481,
		25.668207, 39.626541, 27.194273>
	pigment { color rgbt <0,1,1,0> }
	no_shadow
}
cylinder {
	<26.242748, 39.094742, 27.307970>,  <25.570978, 39.195408, 27.737110>, 0.130000
	pigment { color rgbt <1,0,0,0> }
	no_shadow
}

// nucleotide -1

// particle -1
sphere {
	<26.242748, 39.094742, 27.307970> 0.250000
	pigment { color rgbt <1,0,0,0> }
	no_shadow
}
cylinder {
	<26.138096, 39.477489, 27.358488>,  <26.075304, 39.707138, 27.388798>, 0.100000
	pigment { color rgbt <1,0,0,0> }
	no_shadow
}
cylinder {
	<26.138096, 39.477489, 27.358488>,  <26.242748, 39.094742, 27.307970>, 0.100000
	pigment { color rgbt <1,0,0,0> }
	no_shadow
}

// particle -1
sphere {
	<26.138096, 39.477489, 27.358488> 0.100000
	pigment { color rgbt <1,0,0,0> }
	no_shadow
}
sphere {
	0, 1
	scale<0.080000,0.200000,0.300000>
	matrix <0.883258, 0.184618, 0.431012,
		0.389106, 0.224316, -0.893465,
		-0.261632, 0.956869, 0.126293,
		26.059607, 39.764549, 27.396376>
	pigment { color rgbt <0,1,1,0> }
	no_shadow
}
cylinder {
	<26.702297, 39.578579, 26.987249>,  <26.242748, 39.094742, 27.307970>, 0.130000
	pigment { color rgbt <1,0,0,0> }
	no_shadow
}

// nucleotide -1

// particle -1
sphere {
	<26.702297, 39.578579, 26.987249> 0.250000
	pigment { color rgbt <1,0,0,0> }
	no_shadow
}
cylinder {
	<26.524435, 39.777069, 27.285522>,  <26.417717, 39.896164, 27.464485>, 0.100000
	pigment { color rgbt <1,0,0,0> }
	no_shadow
}
cylinder {
	<26.524435, 39.777069, 27.285522>,  <26.702297, 39.578579, 26.987249>, 0.100000
	pigment { color rgbt <1,0,0,0> }
	no_shadow
}

// particle -1
sphere {
	<26.524435, 39.777069, 27.285522> 0.100000
	pigment { color rgbt <1,0,0,0> }
	no_shadow
}
sphere {
	0, 1
	scale<0.080000,0.200000,0.300000>
	matrix <0.895638, 0.236468, 0.376716,
		0.010606, 0.835370, -0.549585,
		-0.444657, 0.496225, 0.745682,
		26.391039, 39.925938, 27.509228>
	pigment { color rgbt <0,1,1,0> }
	no_shadow
}
cylinder {
	<26.959997, 38.907436, 26.715759>,  <26.702297, 39.578579, 26.987249>, 0.130000
	pigment { color rgbt <1,0,0,0> }
	no_shadow
}

// nucleotide -1

// particle -1
sphere {
	<26.959997, 38.907436, 26.715759> 0.250000
	pigment { color rgbt <1,0,0,0> }
	no_shadow
}
cylinder {
	<27.138065, 38.891151, 27.073566>,  <27.244905, 38.881382, 27.288252>, 0.100000
	pigment { color rgbt <1,0,0,0> }
	no_shadow
}
cylinder {
	<27.138065, 38.891151, 27.073566>,  <26.959997, 38.907436, 26.715759>, 0.100000
	pigment { color rgbt <1,0,0,0> }
	no_shadow
}

// particle -1
sphere {
	<27.138065, 38.891151, 27.073566> 0.100000
	pigment { color rgbt <1,0,0,0> }
	no_shadow
}
sphere {
	0, 1
	scale<0.080000,0.200000,0.300000>
	matrix <-0.175221, -0.983614, 0.042437,
		0.878135, -0.175630, -0.445010,
		0.445171, -0.040710, 0.894520,
		27.271616, 38.878937, 27.341923>
	pigment { color rgbt <0,1,1,0> }
	no_shadow
}
cylinder {
	<27.443169, 38.450993, 26.670591>,  <26.959997, 38.907436, 26.715759>, 0.130000
	pigment { color rgbt <1,0,0,0> }
	no_shadow
}

// nucleotide -1

// particle -1
sphere {
	<27.443169, 38.450993, 26.670591> 0.250000
	pigment { color rgbt <1,0,0,0> }
	no_shadow
}
cylinder {
	<27.345253, 38.469582, 27.057976>,  <27.286503, 38.480736, 27.290407>, 0.100000
	pigment { color rgbt <1,0,0,0> }
	no_shadow
}
cylinder {
	<27.345253, 38.469582, 27.057976>,  <27.443169, 38.450993, 26.670591>, 0.100000
	pigment { color rgbt <1,0,0,0> }
	no_shadow
}

// particle -1
sphere {
	<27.345253, 38.469582, 27.057976> 0.100000
	pigment { color rgbt <1,0,0,0> }
	no_shadow
}
sphere {
	0, 1
	scale<0.080000,0.200000,0.300000>
	matrix <-0.021020, -0.998870, 0.042622,
		0.969348, -0.009924, 0.245491,
		-0.244790, 0.046476, 0.968461,
		27.271816, 38.483524, 27.348515>
	pigment { color rgbt <0,1,1,0> }
	no_shadow
}
cylinder {
	<27.955782, 37.909508, 27.099615>,  <27.443169, 38.450993, 26.670591>, 0.130000
	pigment { color rgbt <1,0,0,0> }
	no_shadow
}

// nucleotide -1

// particle -1
sphere {
	<27.955782, 37.909508, 27.099615> 0.250000
	pigment { color rgbt <1,0,0,0> }
	no_shadow
}
cylinder {
	<27.602106, 37.989136, 27.268648>,  <27.389900, 38.036911, 27.370068>, 0.100000
	pigment { color rgbt <1,0,0,0> }
	no_shadow
}
cylinder {
	<27.602106, 37.989136, 27.268648>,  <27.955782, 37.909508, 27.099615>, 0.100000
	pigment { color rgbt <1,0,0,0> }
	no_shadow
}

// particle -1
sphere {
	<27.602106, 37.989136, 27.268648> 0.100000
	pigment { color rgbt <1,0,0,0> }
	no_shadow
}
sphere {
	0, 1
	scale<0.080000,0.200000,0.300000>
	matrix <-0.072826, -0.952332, 0.296242,
		0.461413, 0.231160, 0.856542,
		-0.884191, 0.199069, 0.422584,
		27.336849, 38.048855, 27.395424>
	pigment { color rgbt <0,1,1,0> }
	no_shadow
}
cylinder {
	<28.701719, 37.801884, 26.940323>,  <27.955782, 37.909508, 27.099615>, 0.130000
	pigment { color rgbt <1,0,0,0> }
	no_shadow
}

// nucleotide -1

// particle -1
sphere {
	<28.701719, 37.801884, 26.940323> 0.250000
	pigment { color rgbt <1,0,0,0> }
	no_shadow
}
cylinder {
	<29.048479, 37.944458, 27.079716>,  <29.256535, 38.030003, 27.163351>, 0.100000
	pigment { color rgbt <1,0,0,0> }
	no_shadow
}
cylinder {
	<29.048479, 37.944458, 27.079716>,  <28.701719, 37.801884, 26.940323>, 0.100000
	pigment { color rgbt <1,0,0,0> }
	no_shadow
}

// particle -1
sphere {
	<29.048479, 37.944458, 27.079716> 0.100000
	pigment { color rgbt <1,0,0,0> }
	no_shadow
}
sphere {
	0, 1
	scale<0.080000,0.200000,0.300000>
	matrix <-0.231564, -0.331124, 0.914732,
		0.441434, -0.873676, -0.204514,
		0.866899, 0.356436, 0.348482,
		29.308548, 38.051388, 27.184259>
	pigment { color rgbt <0,1,1,0> }
	no_shadow
}
cylinder {
	<28.895248, 37.380863, 27.397335>,  <28.701719, 37.801884, 26.940323>, 0.130000
	pigment { color rgbt <1,0,0,0> }
	no_shadow
}

// nucleotide -1

// particle -1
sphere {
	<28.895248, 37.380863, 27.397335> 0.250000
	pigment { color rgbt <1,0,0,0> }
	no_shadow
}
cylinder {
	<29.115294, 37.705894, 27.474369>,  <29.247320, 37.900913, 27.520590>, 0.100000
	pigment { color rgbt <1,0,0,0> }
	no_shadow
}
cylinder {
	<29.115294, 37.705894, 27.474369>,  <28.895248, 37.380863, 27.397335>, 0.100000
	pigment { color rgbt <1,0,0,0> }
	no_shadow
}

// particle -1
sphere {
	<29.115294, 37.705894, 27.474369> 0.100000
	pigment { color rgbt <1,0,0,0> }
	no_shadow
}
sphere {
	0, 1
	scale<0.080000,0.200000,0.300000>
	matrix <0.023119, -0.245349, 0.969159,
		0.834770, -0.528696, -0.153756,
		0.550114, 0.812579, 0.192587,
		29.280327, 37.949669, 27.532145>
	pigment { color rgbt <0,1,1,0> }
	no_shadow
}
cylinder {
	<29.538408, 37.184219, 27.651264>,  <28.895248, 37.380863, 27.397335>, 0.130000
	pigment { color rgbt <1,0,0,0> }
	no_shadow
}

// nucleotide -1

// particle -1
sphere {
	<29.538408, 37.184219, 27.651264> 0.250000
	pigment { color rgbt <1,0,0,0> }
	no_shadow
}
cylinder {
	<29.459745, 37.555965, 27.776236>,  <29.412548, 37.779011, 27.851219>, 0.100000
	pigment { color rgbt <1,0,0,0> }
	no_shadow
}
cylinder {
	<29.459745, 37.555965, 27.776236>,  <29.538408, 37.184219, 27.651264>, 0.100000
	pigment { color rgbt <1,0,0,0> }
	no_shadow
}

// particle -1
sphere {
	<29.459745, 37.555965, 27.776236> 0.100000
	pigment { color rgbt <1,0,0,0> }
	no_shadow
}
sphere {
	0, 1
	scale<0.080000,0.200000,0.300000>
	matrix <0.212471, -0.270686, 0.938928,
		0.957174, 0.251030, -0.144230,
		-0.196658, 0.929361, 0.312431,
		29.400747, 37.834774, 27.869965>
	pigment { color rgbt <0,1,1,0> }
	no_shadow
}
cylinder {
	<30.111723, 37.458000, 28.107534>,  <29.538408, 37.184219, 27.651264>, 0.130000
	pigment { color rgbt <1,0,0,0> }
	no_shadow
}

// nucleotide -1

// particle -1
sphere {
	<30.111723, 37.458000, 28.107534> 0.250000
	pigment { color rgbt <1,0,0,0> }
	no_shadow
}
cylinder {
	<29.769211, 37.639240, 28.206717>,  <29.563704, 37.747986, 28.266226>, 0.100000
	pigment { color rgbt <1,0,0,0> }
	no_shadow
}
cylinder {
	<29.769211, 37.639240, 28.206717>,  <30.111723, 37.458000, 28.107534>, 0.100000
	pigment { color rgbt <1,0,0,0> }
	no_shadow
}

// particle -1
sphere {
	<29.769211, 37.639240, 28.206717> 0.100000
	pigment { color rgbt <1,0,0,0> }
	no_shadow
}
sphere {
	0, 1
	scale<0.080000,0.200000,0.300000>
	matrix <0.081341, -0.355776, 0.931025,
		0.510065, 0.817388, 0.267789,
		-0.856281, 0.453100, 0.247956,
		29.512327, 37.775169, 28.281103>
	pigment { color rgbt <0,1,1,0> }
	no_shadow
}
cylinder {
	<30.259869, 37.527424, 28.802097>,  <30.111723, 37.458000, 28.107534>, 0.130000
	pigment { color rgbt <1,0,0,0> }
	no_shadow
}

// nucleotide -1

// particle -1
sphere {
	<30.259869, 37.527424, 28.802097> 0.250000
	pigment { color rgbt <1,0,0,0> }
	no_shadow
}
cylinder {
	<29.875521, 37.634987, 28.775494>,  <29.644913, 37.699524, 28.759531>, 0.100000
	pigment { color rgbt <1,0,0,0> }
	no_shadow
}
cylinder {
	<29.875521, 37.634987, 28.775494>,  <30.259869, 37.527424, 28.802097>, 0.100000
	pigment { color rgbt <1,0,0,0> }
	no_shadow
}

// particle -1
sphere {
	<29.875521, 37.634987, 28.775494> 0.100000
	pigment { color rgbt <1,0,0,0> }
	no_shadow
}
sphere {
	0, 1
	scale<0.080000,0.200000,0.300000>
	matrix <-0.121895, -0.194851, 0.973229,
		0.248746, 0.943252, 0.220004,
		-0.960868, 0.268904, -0.066509,
		29.587261, 37.715656, 28.755541>
	pigment { color rgbt <0,1,1,0> }
	no_shadow
}
cylinder {
	<30.077436, 37.978771, 29.303795>,  <30.259869, 37.527424, 28.802097>, 0.130000
	pigment { color rgbt <1,0,0,0> }
	no_shadow
}

// nucleotide -1

// particle -1
sphere {
	<30.077436, 37.978771, 29.303795> 0.250000
	pigment { color rgbt <1,0,0,0> }
	no_shadow
}
cylinder {
	<29.753113, 37.768486, 29.200872>,  <29.558517, 37.642315, 29.139118>, 0.100000
	pigment { color rgbt <1,0,0,0> }
	no_shadow
}
cylinder {
	<29.753113, 37.768486, 29.200872>,  <30.077436, 37.978771, 29.303795>, 0.100000
	pigment { color rgbt <1,0,0,0> }
	no_shadow
}

// particle -1
sphere {
	<29.753113, 37.768486, 29.200872> 0.100000
	pigment { color rgbt <1,0,0,0> }
	no_shadow
}
sphere {
	0, 1
	scale<0.080000,0.200000,0.300000>
	matrix <-0.137078, -0.256827, 0.956687,
		-0.569030, 0.810963, 0.136174,
		-0.810811, -0.525717, -0.257307,
		29.509869, 37.610771, 29.123680>
	pigment { color rgbt <0,1,1,0> }
	no_shadow
}
cylinder {
	<29.613811, 38.031303, 29.854300>,  <30.077436, 37.978771, 29.303795>, 0.130000
	pigment { color rgbt <1,0,0,0> }
	no_shadow
}

// nucleotide -1

// particle -1
sphere {
	<29.613811, 38.031303, 29.854300> 0.250000
	pigment { color rgbt <1,0,0,0> }
	no_shadow
}
cylinder {
	<29.467628, 37.728073, 29.638239>,  <29.379919, 37.546135, 29.508602>, 0.100000
	pigment { color rgbt <1,0,0,0> }
	no_shadow
}
cylinder {
	<29.467628, 37.728073, 29.638239>,  <29.613811, 38.031303, 29.854300>, 0.100000
	pigment { color rgbt <1,0,0,0> }
	no_shadow
}

// particle -1
sphere {
	<29.467628, 37.728073, 29.638239> 0.100000
	pigment { color rgbt <1,0,0,0> }
	no_shadow
}
sphere {
	0, 1
	scale<0.080000,0.200000,0.300000>
	matrix <-0.396107, -0.398471, 0.827236,
		-0.842343, 0.516276, -0.154656,
		-0.365456, -0.758077, -0.540150,
		29.357992, 37.500648, 29.476194>
	pigment { color rgbt <0,1,1,0> }
	no_shadow
}
cylinder {
	<28.876581, 37.964172, 30.016340>,  <29.613811, 38.031303, 29.854300>, 0.130000
	pigment { color rgbt <1,0,0,0> }
	no_shadow
}

// nucleotide -1

// particle -1
sphere {
	<28.876581, 37.964172, 30.016340> 0.250000
	pigment { color rgbt <1,0,0,0> }
	no_shadow
}
cylinder {
	<28.965219, 37.597271, 29.883957>,  <29.018402, 37.377129, 29.804527>, 0.100000
	pigment { color rgbt <1,0,0,0> }
	no_shadow
}
cylinder {
	<28.965219, 37.597271, 29.883957>,  <28.876581, 37.964172, 30.016340>, 0.100000
	pigment { color rgbt <1,0,0,0> }
	no_shadow
}

// particle -1
sphere {
	<28.965219, 37.597271, 29.883957> 0.100000
	pigment { color rgbt <1,0,0,0> }
	no_shadow
}
sphere {
	0, 1
	scale<0.080000,0.200000,0.300000>
	matrix <-0.405656, -0.395347, 0.824102,
		-0.886758, -0.048361, -0.459698,
		0.221595, -0.917258, -0.330959,
		29.031698, 37.322094, 29.784670>
	pigment { color rgbt <0,1,1,0> }
	no_shadow
}
cylinder {
	<28.404207, 37.621479, 30.353695>,  <28.876581, 37.964172, 30.016340>, 0.130000
	pigment { color rgbt <1,0,0,0> }
	no_shadow
}

// nucleotide -1

// particle -1
sphere {
	<28.404207, 37.621479, 30.353695> 0.250000
	pigment { color rgbt <1,0,0,0> }
	no_shadow
}
cylinder {
	<28.647856, 37.324577, 30.241957>,  <28.794044, 37.146439, 30.174913>, 0.100000
	pigment { color rgbt <1,0,0,0> }
	no_shadow
}
cylinder {
	<28.647856, 37.324577, 30.241957>,  <28.404207, 37.621479, 30.353695>, 0.100000
	pigment { color rgbt <1,0,0,0> }
	no_shadow
}

// particle -1
sphere {
	<28.647856, 37.324577, 30.241957> 0.100000
	pigment { color rgbt <1,0,0,0> }
	no_shadow
}
sphere {
	0, 1
	scale<0.080000,0.200000,0.300000>
	matrix <-0.303263, -0.543456, 0.782743,
