{
type = trap
particle = 0
stiff = 1.00
pos0 = 35.83500935, 54.70934727, 0.957819265
rate = 0.
dir = 0.,0.,1.
}
{
type = trap
particle = 239
stiff = 1.00
pos0 = 27.5966717143136, 57.7051396558394, 0.772926694928137
rate = 0.
dir = 0.,0.,-1.
}


