// switches for output
#declare DRAW_BASES = 1; // possible values are 0, 1; only relevant for DNA ribbons
#declare DRAW_BASES_TYPE = 3; // possible values are 1, 2, 3; only relevant for DNA ribbons
#declare DRAW_FOG = 0; // set to 1 to enable fog

#include "colors.inc"

#include "transforms.inc"
background { rgb <1, 1, 1>}

#default {
   normal{
       ripples 0.25
       frequency 0.20
       turbulence 0.2
       lambda 5
   }
	finish {
		phong 0.1
		phong_size 40.
	}
}

// original window dimensions: 1024x640


// camera settings

camera {
	sky <-0, 1, 0>
	up <-0, 1, 0>
	right 1.6 * <1, 0, 0>
	location <18.5, 18.5, 82.5562>
	look_at <18.5, 18.5, 18.5>
	direction <0, 0, -64.0562>
	angle 67.0682
}


# declare cpy_camera_pos = <18.5, 18.5, 82.5562>;
# if (DRAW_FOG = 1)
fog {
	fog_type 2
	up vnormalize(cpy_camera_pos)
	color rgbt<1,1,1,0.3>
	distance 1e-5
	fog_alt 3e-3
	fog_offset 29.6
}
# end


// LIGHTS

# declare lum = 6;
global_settings {
	ambient_light rgb lum * <0.05, 0.05, 0.05>
	max_trace_level 15
}# declare cpy_direct_light_amount = 0.25;
light_source
{	1000 * <-1, -1, 1>,
	rgb lum * cpy_direct_light_amount
	parallel
}

light_source
{	1000 * <1, 1, -1>,
	rgb lum * cpy_direct_light_amount
	parallel
}

// strand 0

// nucleotide -1

// particle -1
sphere {
	<23.035917, 17.089384, -1.393162> 0.250000
	pigment { color rgbt <1,0,0,0> }
	no_shadow
}
cylinder {
	<23.052845, 17.454441, -1.555786>,  <23.063002, 17.673475, -1.653361>, 0.100000
	pigment { color rgbt <1,0,0,0> }
	no_shadow
}
cylinder {
	<23.052845, 17.454441, -1.555786>,  <23.035917, 17.089384, -1.393162>, 0.100000
	pigment { color rgbt <1,0,0,0> }
	no_shadow
}

// particle -1
sphere {
	<23.052845, 17.454441, -1.555786> 0.100000
	pigment { color rgbt <1,0,0,0> }
	no_shadow
}
sphere {
	0, 1
	scale<0.080000,0.200000,0.300000>
	matrix <0.636191, -0.338379, -0.693369,
		-0.770370, -0.229306, -0.594935,
		0.042320, 0.912644, -0.406560,
		23.065540, 17.728233, -1.677754>
	pigment { color rgbt <0,1,1,0> }
	no_shadow
}
cylinder {
	<22.894205, 17.018587, -2.165523>,  <23.035917, 17.089384, -1.393162>, 0.130000
	pigment { color rgbt <1,0,0,0> }
	no_shadow
}

// nucleotide -1

// particle -1
sphere {
	<22.894205, 17.018587, -2.165523> 0.250000
	pigment { color rgbt <1,0,0,0> }
	no_shadow
}
cylinder {
	<23.144135, 17.283367, -1.999915>,  <23.294092, 17.442236, -1.900549>, 0.100000
	pigment { color rgbt <1,0,0,0> }
	no_shadow
}
cylinder {
	<23.144135, 17.283367, -1.999915>,  <22.894205, 17.018587, -2.165523>, 0.100000
	pigment { color rgbt <1,0,0,0> }
	no_shadow
}

// particle -1
sphere {
	<23.144135, 17.283367, -1.999915> 0.100000
	pigment { color rgbt <1,0,0,0> }
	no_shadow
}
sphere {
	0, 1
	scale<0.080000,0.200000,0.300000>
	matrix <0.768547, -0.428012, -0.475543,
		-0.137580, 0.615326, -0.776173,
		0.624825, 0.661951, 0.414021,
		23.331583, 17.481953, -1.875708>
	pigment { color rgbt <0,1,1,0> }
	no_shadow
}
cylinder {
	<23.274450, 17.550453, -2.628666>,  <22.894205, 17.018587, -2.165523>, 0.130000
	pigment { color rgbt <1,0,0,0> }
	no_shadow
}

// nucleotide -1

// particle -1
sphere {
	<23.274450, 17.550453, -2.628666> 0.250000
	pigment { color rgbt <1,0,0,0> }
	no_shadow
}
cylinder {
	<23.508282, 17.459568, -2.317118>,  <23.648581, 17.405037, -2.130189>, 0.100000
	pigment { color rgbt <1,0,0,0> }
	no_shadow
}
cylinder {
	<23.508282, 17.459568, -2.317118>,  <23.274450, 17.550453, -2.628666>, 0.100000
	pigment { color rgbt <1,0,0,0> }
	no_shadow
}

// particle -1
sphere {
	<23.508282, 17.459568, -2.317118> 0.100000
	pigment { color rgbt <1,0,0,0> }
	no_shadow
}
sphere {
	0, 1
	scale<0.080000,0.200000,0.300000>
	matrix <0.600937, -0.523723, -0.603812,
		0.545106, 0.821029, -0.169618,
		0.584580, -0.227212, 0.778871,
		23.683657, 17.391405, -2.083457>
	pigment { color rgbt <0,1,1,0> }
	no_shadow
}
cylinder {
	<23.840731, 17.802362, -2.884388>,  <23.274450, 17.550453, -2.628666>, 0.130000
	pigment { color rgbt <1,0,0,0> }
	no_shadow
}

// nucleotide -1

// particle -1
sphere {
	<23.840731, 17.802362, -2.884388> 0.250000
	pigment { color rgbt <1,0,0,0> }
	no_shadow
}
cylinder {
	<23.868137, 17.484577, -2.643015>,  <23.884581, 17.293905, -2.498191>, 0.100000
	pigment { color rgbt <1,0,0,0> }
	no_shadow
}
cylinder {
	<23.868137, 17.484577, -2.643015>,  <23.840731, 17.802362, -2.884388>, 0.100000
	pigment { color rgbt <1,0,0,0> }
	no_shadow
}

// particle -1
sphere {
	<23.868137, 17.484577, -2.643015> 0.100000
	pigment { color rgbt <1,0,0,0> }
	no_shadow
}
sphere {
	0, 1
	scale<0.080000,0.200000,0.300000>
	matrix <0.703639, -0.390307, -0.593761,
		0.707246, 0.465282, 0.532273,
		0.068517, -0.794464, 0.603434,
		23.888693, 17.246239, -2.461985>
	pigment { color rgbt <0,1,1,0> }
	no_shadow
}
cylinder {
	<24.498148, 17.638548, -2.636574>,  <23.840731, 17.802362, -2.884388>, 0.130000
	pigment { color rgbt <1,0,0,0> }
	no_shadow
}

// nucleotide -1

// particle -1
sphere {
	<24.498148, 17.638548, -2.636574> 0.250000
	pigment { color rgbt <1,0,0,0> }
	no_shadow
}
cylinder {
	<24.315186, 17.284119, -2.666656>,  <24.205408, 17.071461, -2.684704>, 0.100000
	pigment { color rgbt <1,0,0,0> }
	no_shadow
}
cylinder {
	<24.315186, 17.284119, -2.666656>,  <24.498148, 17.638548, -2.636574>, 0.100000
	pigment { color rgbt <1,0,0,0> }
	no_shadow
}

// particle -1
sphere {
	<24.315186, 17.284119, -2.666656> 0.100000
	pigment { color rgbt <1,0,0,0> }
	no_shadow
}
sphere {
	0, 1
	scale<0.080000,0.200000,0.300000>
	matrix <0.834508, -0.398490, -0.380527,
		0.307207, -0.236812, 0.921707,
		-0.457405, -0.886073, -0.075203,
		24.177963, 17.018297, -2.689216>
	pigment { color rgbt <0,1,1,0> }
	no_shadow
}
cylinder {
	<25.166607, 17.232639, -2.833728>,  <24.498148, 17.638548, -2.636574>, 0.130000
	pigment { color rgbt <1,0,0,0> }
	no_shadow
}

// nucleotide -1

// particle -1
sphere {
	<25.166607, 17.232639, -2.833728> 0.250000
	pigment { color rgbt <1,0,0,0> }
	no_shadow
}
cylinder {
	<25.374016, 17.540565, -2.684855>,  <25.498461, 17.725321, -2.595531>, 0.100000
	pigment { color rgbt <1,0,0,0> }
	no_shadow
}
cylinder {
	<25.374016, 17.540565, -2.684855>,  <25.166607, 17.232639, -2.833728>, 0.100000
	pigment { color rgbt <1,0,0,0> }
	no_shadow
}

// particle -1
sphere {
	<25.374016, 17.540565, -2.684855> 0.100000
	pigment { color rgbt <1,0,0,0> }
	no_shadow
}
sphere {
	0, 1
	scale<0.080000,0.200000,0.300000>
	matrix <-0.057015, -0.403172, 0.913346,
		0.853161, -0.494810, -0.165163,
		0.518522, 0.769815, 0.372182,
		25.529573, 17.771509, -2.573200>
	pigment { color rgbt <0,1,1,0> }
	no_shadow
}
cylinder {
	<25.273746, 17.067911, -2.108076>,  <25.166607, 17.232639, -2.833728>, 0.130000
	pigment { color rgbt <1,0,0,0> }
	no_shadow
}

// nucleotide -1

// particle -1
sphere {
	<25.273746, 17.067911, -2.108076> 0.250000
	pigment { color rgbt <1,0,0,0> }
	no_shadow
}
cylinder {
	<25.375435, 17.454102, -2.130820>,  <25.436447, 17.685816, -2.144467>, 0.100000
	pigment { color rgbt <1,0,0,0> }
	no_shadow
}
cylinder {
	<25.375435, 17.454102, -2.130820>,  <25.273746, 17.067911, -2.108076>, 0.100000
	pigment { color rgbt <1,0,0,0> }
	no_shadow
}

// particle -1
sphere {
	<25.375435, 17.454102, -2.130820> 0.100000
	pigment { color rgbt <1,0,0,0> }
	no_shadow
}
sphere {
	0, 1
	scale<0.080000,0.200000,0.300000>
	matrix <0.216712, 0.000432, 0.976235,
		0.942554, -0.260500, -0.209120,
		0.254219, 0.965474, -0.056860,
		25.451700, 17.743744, -2.147878>
	pigment { color rgbt <0,1,1,0> }
	no_shadow
}
cylinder {
	<25.999496, 17.352953, -2.008061>,  <25.273746, 17.067911, -2.108076>, 0.130000
	pigment { color rgbt <1,0,0,0> }
	no_shadow
}

// nucleotide -1

// particle -1
sphere {
	<25.999496, 17.352953, -2.008061> 0.250000
	pigment { color rgbt <1,0,0,0> }
	no_shadow
}
cylinder {
	<25.698574, 17.565468, -1.852229>,  <25.518021, 17.692978, -1.758730>, 0.100000
	pigment { color rgbt <1,0,0,0> }
	no_shadow
}
cylinder {
	<25.698574, 17.565468, -1.852229>,  <25.999496, 17.352953, -2.008061>, 0.100000
	pigment { color rgbt <1,0,0,0> }
	no_shadow
}

// particle -1
sphere {
	<25.698574, 17.565468, -1.852229> 0.100000
	pigment { color rgbt <1,0,0,0> }
	no_shadow
}
sphere {
	0, 1
	scale<0.080000,0.200000,0.300000>
	matrix <0.216640, -0.358951, 0.907866,
		0.622178, 0.767390, 0.154942,
		-0.752304, 0.531288, 0.389579,
		25.472883, 17.724854, -1.735355>
	pigment { color rgbt <0,1,1,0> }
	no_shadow
}
cylinder {
	<26.232882, 17.411436, -1.387160>,  <25.999496, 17.352953, -2.008061>, 0.130000
	pigment { color rgbt <1,0,0,0> }
	no_shadow
}

// nucleotide -1

// particle -1
sphere {
	<26.232882, 17.411436, -1.387160> 0.250000
	pigment { color rgbt <1,0,0,0> }
	no_shadow
}
cylinder {
	<25.844387, 17.504517, -1.366971>,  <25.611290, 17.560366, -1.354858>, 0.100000
	pigment { color rgbt <1,0,0,0> }
	no_shadow
}
cylinder {
	<25.844387, 17.504517, -1.366971>,  <26.232882, 17.411436, -1.387160>, 0.100000
	pigment { color rgbt <1,0,0,0> }
	no_shadow
}

// particle -1
sphere {
	<25.844387, 17.504517, -1.366971> 0.100000
	pigment { color rgbt <1,0,0,0> }
	no_shadow
}
sphere {
	0, 1
	scale<0.080000,0.200000,0.300000>
	matrix <-0.012061, -0.259773, 0.965594,
		0.237807, 0.937213, 0.255108,
		-0.971237, 0.232702, 0.050472,
		25.553017, 17.574327, -1.351830>
	pigment { color rgbt <0,1,1,0> }
	no_shadow
}
cylinder {
	<26.273880, 17.759886, -0.697290>,  <26.232882, 17.411436, -1.387160>, 0.130000
	pigment { color rgbt <1,0,0,0> }
	no_shadow
}

// nucleotide -1

// particle -1
sphere {
	<26.273880, 17.759886, -0.697290> 0.250000
	pigment { color rgbt <1,0,0,0> }
	no_shadow
}
cylinder {
	<25.924976, 17.613472, -0.827016>,  <25.715633, 17.525623, -0.904852>, 0.100000
	pigment { color rgbt <1,0,0,0> }
	no_shadow
}
cylinder {
	<25.924976, 17.613472, -0.827016>,  <26.273880, 17.759886, -0.697290>, 0.100000
	pigment { color rgbt <1,0,0,0> }
	no_shadow
}

// particle -1
sphere {
	<25.924976, 17.613472, -0.827016> 0.100000
	pigment { color rgbt <1,0,0,0> }
	no_shadow
}
sphere {
	0, 1
	scale<0.080000,0.200000,0.300000>
	matrix <-0.144520, -0.440614, 0.885987,
		-0.467202, 0.819681, 0.331430,
		-0.872259, -0.366037, -0.324315,
		25.663298, 17.503660, -0.924311>
	pigment { color rgbt <0,1,1,0> }
	no_shadow
}
cylinder {
	<25.614874, 18.012863, -0.257755>,  <26.273880, 17.759886, -0.697290>, 0.130000
	pigment { color rgbt <1,0,0,0> }
	no_shadow
}

// nucleotide -1

// particle -1
sphere {
	<25.614874, 18.012863, -0.257755> 0.250000
	pigment { color rgbt <1,0,0,0> }
	no_shadow
}
cylinder {
	<25.567471, 17.652153, -0.424010>,  <25.539028, 17.435726, -0.523763>, 0.100000
	pigment { color rgbt <1,0,0,0> }
	no_shadow
}
cylinder {
	<25.567471, 17.652153, -0.424010>,  <25.614874, 18.012863, -0.257755>, 0.100000
	pigment { color rgbt <1,0,0,0> }
	no_shadow
}

// particle -1
sphere {
	<25.567471, 17.652153, -0.424010> 0.100000
	pigment { color rgbt <1,0,0,0> }
	no_shadow
}
sphere {
	0, 1
	scale<0.080000,0.200000,0.300000>
	matrix <-0.131111, -0.400711, 0.906775,
		-0.984259, 0.161956, -0.070745,
		-0.118509, -0.901777, -0.415637,
		25.531918, 17.381620, -0.548702>
	pigment { color rgbt <0,1,1,0> }
	no_shadow
}
cylinder {
	<24.973658, 17.681616, 0.010485>,  <25.614874, 18.012863, -0.257755>, 0.130000
	pigment { color rgbt <1,0,0,0> }
	no_shadow
}

// nucleotide -1

// particle -1
sphere {
	<24.973658, 17.681616, 0.010485> 0.250000
	pigment { color rgbt <1,0,0,0> }
	no_shadow
}
cylinder {
	<25.285034, 17.444305, -0.071548>,  <25.471859, 17.301920, -0.120767>, 0.100000
	pigment { color rgbt <1,0,0,0> }
	no_shadow
}
cylinder {
	<25.285034, 17.444305, -0.071548>,  <24.973658, 17.681616, 0.010485>, 0.100000
	pigment { color rgbt <1,0,0,0> }
	no_shadow
}

// particle -1
sphere {
	<25.285034, 17.444305, -0.071548> 0.100000
	pigment { color rgbt <1,0,0,0> }
	no_shadow
}
sphere {
	0, 1
	scale<0.080000,0.200000,0.300000>
	matrix <-0.095222, -0.434532, 0.895609,
		-0.620456, -0.677648, -0.394749,
		0.778439, -0.593274, -0.205081,
		25.518566, 17.266323, -0.133072>
	pigment { color rgbt <0,1,1,0> }
	no_shadow
}
cylinder {
	<24.751799, 16.942091, -0.158388>,  <24.973658, 17.681616, 0.010485>, 0.130000
	pigment { color rgbt <1,0,0,0> }
	no_shadow
}

// nucleotide -1

// particle -1
sphere {
	<24.751799, 16.942091, -0.158388> 0.250000
	pigment { color rgbt <1,0,0,0> }
	no_shadow
}
cylinder {
	<25.103775, 16.978607, 0.028104>,  <25.314960, 17.000517, 0.139999>, 0.100000
	pigment { color rgbt <1,0,0,0> }
	no_shadow
}
cylinder {
	<25.103775, 16.978607, 0.028104>,  <24.751799, 16.942091, -0.158388>, 0.100000
	pigment { color rgbt <1,0,0,0> }
	no_shadow
}

// particle -1
sphere {
	<25.103775, 16.978607, 0.028104> 0.100000
	pigment { color rgbt <1,0,0,0> }
	no_shadow
}
sphere {
	0, 1
	scale<0.080000,0.200000,0.300000>
	matrix <-0.305786, -0.642229, 0.702878,
		0.363592, -0.761057, -0.537208,
		0.879941, 0.091290, 0.466230,
		25.367758, 17.005995, 0.167973>
	pigment { color rgbt <0,1,1,0> }
	no_shadow
}
cylinder {
	<25.186987, 16.283274, -0.092872>,  <24.751799, 16.942091, -0.158388>, 0.130000
	pigment { color rgbt <1,0,0,0> }
	no_shadow
}

// nucleotide -1

// particle -1
sphere {
	<25.186987, 16.283274, -0.092872> 0.250000
	pigment { color rgbt <1,0,0,0> }
	no_shadow
}
cylinder {
	<25.223682, 16.554878, 0.198477>,  <25.245701, 16.717840, 0.373287>, 0.100000
	pigment { color rgbt <1,0,0,0> }
	no_shadow
}
cylinder {
	<25.223682, 16.554878, 0.198477>,  <25.186987, 16.283274, -0.092872>, 0.100000
	pigment { color rgbt <1,0,0,0> }
	no_shadow
}

// particle -1
sphere {
	<25.223682, 16.554878, 0.198477> 0.100000
	pigment { color rgbt <1,0,0,0> }
	no_shadow
}
sphere {
	0, 1
	scale<0.080000,0.200000,0.300000>
	matrix <-0.393544, -0.647187, 0.652895,
		0.914717, -0.346544, 0.207848,
		0.091740, 0.679011, 0.728373,
		25.251204, 16.758581, 0.416989>
	pigment { color rgbt <0,1,1,0> }
	no_shadow
}
cylinder {
	<25.325481, 15.978010, 0.616125>,  <25.186987, 16.283274, -0.092872>, 0.130000
	pigment { color rgbt <1,0,0,0> }
	no_shadow
}

// nucleotide -1

// particle -1
sphere {
	<25.325481, 15.978010, 0.616125> 0.250000
	pigment { color rgbt <1,0,0,0> }
	no_shadow
}
cylinder {
	<25.150608, 16.332680, 0.676363>,  <25.045685, 16.545483, 0.712505>, 0.100000
	pigment { color rgbt <1,0,0,0> }
	no_shadow
}
cylinder {
	<25.150608, 16.332680, 0.676363>,  <25.325481, 15.978010, 0.616125>, 0.100000
	pigment { color rgbt <1,0,0,0> }
	no_shadow
}

// particle -1
sphere {
	<25.150608, 16.332680, 0.676363> 0.100000
	pigment { color rgbt <1,0,0,0> }
	no_shadow
}
sphere {
	0, 1
	scale<0.080000,0.200000,0.300000>
	matrix <-0.600267, -0.412360, 0.685302,
		0.669739, 0.209206, 0.712518,
		-0.437183, 0.886675, 0.150594,
		25.019453, 16.598682, 0.721541>
	pigment { color rgbt <0,1,1,0> }
	no_shadow
}
cylinder {
	<25.374746, 16.272287, 1.394440>,  <25.325481, 15.978010, 0.616125>, 0.130000
	pigment { color rgbt <1,0,0,0> }
	no_shadow
}

// nucleotide -1

// particle -1
sphere {
	<25.374746, 16.272287, 1.394440> 0.250000
	pigment { color rgbt <1,0,0,0> }
	no_shadow
}
cylinder {
	<25.035934, 16.353352, 1.197880>,  <24.832647, 16.401989, 1.079945>, 0.100000
	pigment { color rgbt <1,0,0,0> }
	no_shadow
}
cylinder {
	<25.035934, 16.353352, 1.197880>,  <25.374746, 16.272287, 1.394440>, 0.100000
	pigment { color rgbt <1,0,0,0> }
	no_shadow
}

// particle -1
sphere {
	<25.035934, 16.353352, 1.197880> 0.100000
	pigment { color rgbt <1,0,0,0> }
	no_shadow
}
sphere {
	0, 1
	scale<0.080000,0.200000,0.300000>
	matrix <-0.526297, -0.190134, 0.828770,
		0.074526, 0.960613, 0.267708,
		-0.847028, 0.202659, -0.491398,
		24.781826, 16.414150, 1.050461>
	pigment { color rgbt <0,1,1,0> }
	no_shadow
}
cylinder {
	<24.930176, 16.649515, 1.819227>,  <25.374746, 16.272287, 1.394440>, 0.130000
	pigment { color rgbt <1,0,0,0> }
	no_shadow
}

// nucleotide -1

// particle -1
sphere {
	<24.930176, 16.649515, 1.819227> 0.250000
	pigment { color rgbt <1,0,0,0> }
	no_shadow
}
cylinder {
	<24.687889, 16.462090, 1.561994>,  <24.542517, 16.349634, 1.407654>, 0.100000
	pigment { color rgbt <1,0,0,0> }
	no_shadow
}
cylinder {
	<24.687889, 16.462090, 1.561994>,  <24.930176, 16.649515, 1.819227>, 0.100000
	pigment { color rgbt <1,0,0,0> }
	no_shadow
}

// particle -1
sphere {
	<24.687889, 16.462090, 1.561994> 0.100000
	pigment { color rgbt <1,0,0,0> }
	no_shadow
}
sphere {
	0, 1
	scale<0.080000,0.200000,0.300000>
	matrix <-0.646683, -0.180986, 0.740976,
		-0.463585, 0.864691, -0.193387,
		-0.605715, -0.468565, -0.643083,
		24.506174, 16.321520, 1.369069>
	pigment { color rgbt <0,1,1,0> }
	no_shadow
}
cylinder {
	<24.297697, 16.796535, 2.137638>,  <24.930176, 16.649515, 1.819227>, 0.130000
	pigment { color rgbt <1,0,0,0> }
	no_shadow
}

// nucleotide -1

// particle -1
sphere {
	<24.297697, 16.796535, 2.137638> 0.250000
	pigment { color rgbt <1,0,0,0> }
	no_shadow
}
cylinder {
	<24.235363, 16.483200, 1.896940>,  <24.197964, 16.295198, 1.752520>, 0.100000
	pigment { color rgbt <1,0,0,0> }
	no_shadow
}
cylinder {
	<24.235363, 16.483200, 1.896940>,  <24.297697, 16.796535, 2.137638>, 0.100000
	pigment { color rgbt <1,0,0,0> }
	no_shadow
}

// particle -1
sphere {
	<24.235363, 16.483200, 1.896940> 0.100000
	pigment { color rgbt <1,0,0,0> }
	no_shadow
}
sphere {
	0, 1
	scale<0.080000,0.200000,0.300000>
	matrix <-0.683819, -0.354059, 0.637991,
		-0.712816, 0.510907, -0.480486,
		-0.155833, -0.783336, -0.601747,
		24.188614, 16.248199, 1.716415>
	pigment { color rgbt <0,1,1,0> }
	no_shadow
}
cylinder {
	<23.594469, 16.871416, 2.249342>,  <24.297697, 16.796535, 2.137638>, 0.130000
	pigment { color rgbt <1,0,0,0> }
	no_shadow
}

// nucleotide -1

// particle -1
sphere {
	<23.594469, 16.871416, 2.249342> 0.250000
	pigment { color rgbt <1,0,0,0> }
	no_shadow
}
cylinder {
	<23.800926, 16.531570, 2.205974>,  <23.924801, 16.327663, 2.179953>, 0.100000
	pigment { color rgbt <1,0,0,0> }
	no_shadow
}
cylinder {
	<23.800926, 16.531570, 2.205974>,  <23.594469, 16.871416, 2.249342>, 0.100000
	pigment { color rgbt <1,0,0,0> }
	no_shadow
}

// particle -1
sphere {
	<23.800926, 16.531570, 2.205974> 0.100000
	pigment { color rgbt <1,0,0,0> }
	no_shadow
}
sphere {
	0, 1
	scale<0.080000,0.200000,0.300000>
	matrix <-0.381332, -0.341296, 0.859130,
		-0.766931, -0.402089, -0.500141,
		0.516143, -0.849613, -0.108421,
		23.955769, 16.276688, 2.173448>
	pigment { color rgbt <0,1,1,0> }
	no_shadow
}
cylinder {
	<23.762421, 17.322302, 2.837371>,  <23.594469, 16.871416, 2.249342>, 0.130000
	pigment { color rgbt <1,0,0,0> }
	no_shadow
}

// nucleotide -1

// particle -1
sphere {
	<23.762421, 17.322302, 2.837371> 0.250000
	pigment { color rgbt <1,0,0,0> }
	no_shadow
}
cylinder {
	<23.759933, 16.931736, 2.751042>,  <23.758442, 16.697397, 2.699245>, 0.100000
	pigment { color rgbt <1,0,0,0> }
	no_shadow
}
cylinder {
	<23.759933, 16.931736, 2.751042>,  <23.762421, 17.322302, 2.837371>, 0.100000
	pigment { color rgbt <1,0,0,0> }
	no_shadow
}

// particle -1
sphere {
	<23.759933, 16.931736, 2.751042> 0.100000
	pigment { color rgbt <1,0,0,0> }
	no_shadow
}
sphere {
	0, 1
	scale<0.080000,0.200000,0.300000>
	matrix <-0.465322, -0.188211, 0.864900,
		-0.885120, 0.105805, -0.453176,
		-0.006218, -0.976413, -0.215823,
		23.758068, 16.638813, 2.686295>
	pigment { color rgbt <0,1,1,0> }
	no_shadow
}
cylinder {
	<23.115002, 17.198711, 2.973455>,  <23.762421, 17.322302, 2.837371>, 0.130000
	pigment { color rgbt <1,0,0,0> }
	no_shadow
}

// nucleotide -1

// particle -1
sphere {
	<23.115002, 17.198711, 2.973455> 0.250000
	pigment { color rgbt <1,0,0,0> }
	no_shadow
}
cylinder {
	<23.355663, 16.882423, 3.018668>,  <23.500061, 16.692650, 3.045796>, 0.100000
	pigment { color rgbt <1,0,0,0> }
	no_shadow
}
cylinder {
	<23.355663, 16.882423, 3.018668>,  <23.115002, 17.198711, 2.973455>, 0.100000
	pigment { color rgbt <1,0,0,0> }
	no_shadow
}

// particle -1
sphere {
	<23.355663, 16.882423, 3.018668> 0.100000
	pigment { color rgbt <1,0,0,0> }
	no_shadow
}
sphere {
	0, 1
	scale<0.080000,0.200000,0.300000>
	matrix <-0.285802, -0.080968, 0.954862,
		-0.745875, -0.606801, -0.274704,
		0.601653, -0.790719, 0.113033,
		23.536160, 16.645208, 3.052578>
	pigment { color rgbt <0,1,1,0> }
	no_shadow
}
cylinder {
	<22.866989, 16.603888, 3.234143>,  <23.115002, 17.198711, 2.973455>, 0.130000
	pigment { color rgbt <1,0,0,0> }
	no_shadow
}

// nucleotide -1

// particle -1
sphere {
	<22.866989, 16.603888, 3.234143> 0.250000
	pigment { color rgbt <1,0,0,0> }
	no_shadow
}
cylinder {
	<23.251331, 16.635719, 3.340296>,  <23.481936, 16.654818, 3.403988>, 0.100000
	pigment { color rgbt <1,0,0,0> }
	no_shadow
}
cylinder {
	<23.251331, 16.635719, 3.340296>,  <22.866989, 16.603888, 3.234143>, 0.100000
	pigment { color rgbt <1,0,0,0> }
	no_shadow
}

// particle -1
sphere {
	<23.251331, 16.635719, 3.340296> 0.100000
	pigment { color rgbt <1,0,0,0> }
	no_shadow
}
sphere {
	0, 1
	scale<0.080000,0.200000,0.300000>
	matrix <-0.262782, -0.041719, 0.963953,
		0.087783, -0.995955, -0.019174,
		0.960854, 0.079580, 0.265382,
		23.539587, 16.659594, 3.419910>
	pigment { color rgbt <0,1,1,0> }
	no_shadow
}
cylinder {
	<23.186628, 16.055164, 3.701048>,  <22.866989, 16.603888, 3.234143>, 0.130000
	pigment { color rgbt <1,0,0,0> }
	no_shadow
}

// nucleotide -1

// particle -1
sphere {
	<23.186628, 16.055164, 3.701048> 0.250000
	pigment { color rgbt <1,0,0,0> }
	no_shadow
}
cylinder {
	<23.361973, 16.410198, 3.757661>,  <23.467180, 16.623219, 3.791628>, 0.100000
	pigment { color rgbt <1,0,0,0> }
	no_shadow
}
cylinder {
	<23.361973, 16.410198, 3.757661>,  <23.186628, 16.055164, 3.701048>, 0.100000
	pigment { color rgbt <1,0,0,0> }
	no_shadow
}

// particle -1
sphere {
	<23.361973, 16.410198, 3.757661> 0.100000
	pigment { color rgbt <1,0,0,0> }
	no_shadow
}
sphere {
	0, 1
	scale<0.080000,0.200000,0.300000>
	matrix <-0.271060, -0.019583, 0.962363,
		0.856952, -0.460226, 0.232005,
		0.438361, 0.887586, 0.141531,
		23.493481, 16.676474, 3.800120>
	pigment { color rgbt <0,1,1,0> }
	no_shadow
}
cylinder {
	<23.652029, 16.077307, 4.258043>,  <23.186628, 16.055164, 3.701048>, 0.130000
	pigment { color rgbt <1,0,0,0> }
	no_shadow
}

// nucleotide -1

// particle -1
sphere {
	<23.652029, 16.077307, 4.258043> 0.250000
	pigment { color rgbt <1,0,0,0> }
	no_shadow
}
cylinder {
	<23.461021, 16.425068, 4.207266>,  <23.346416, 16.633724, 4.176799>, 0.100000
	pigment { color rgbt <1,0,0,0> }
	no_shadow
}
cylinder {
	<23.461021, 16.425068, 4.207266>,  <23.652029, 16.077307, 4.258043>, 0.100000
	pigment { color rgbt <1,0,0,0> }
	no_shadow
}

// particle -1
sphere {
	<23.461021, 16.425068, 4.207266> 0.100000
	pigment { color rgbt <1,0,0,0> }
	no_shadow
}
sphere {
	0, 1
	scale<0.080000,0.200000,0.300000>
	matrix <-0.258023, -0.000650, 0.966139,
		0.839880, 0.494105, 0.224637,
		-0.477520, 0.869402, -0.126944,
		23.317766, 16.685888, 4.169183>
	pigment { color rgbt <0,1,1,0> }
	no_shadow
}
cylinder {
	<23.899618, 16.526081, 4.893093>,  <23.652029, 16.077307, 4.258043>, 0.130000
	pigment { color rgbt <1,0,0,0> }
	no_shadow
}

// nucleotide -1

// particle -1
sphere {
	<23.899618, 16.526081, 4.893093> 0.250000
	pigment { color rgbt <1,0,0,0> }
	no_shadow
}
cylinder {
	<23.570885, 16.660431, 4.709014>,  <23.373646, 16.741041, 4.598567>, 0.100000
	pigment { color rgbt <1,0,0,0> }
	no_shadow
}
cylinder {
	<23.570885, 16.660431, 4.709014>,  <23.899618, 16.526081, 4.893093>, 0.100000
	pigment { color rgbt <1,0,0,0> }
	no_shadow
}

// particle -1
sphere {
	<23.570885, 16.660431, 4.709014> 0.100000
	pigment { color rgbt <1,0,0,0> }
	no_shadow
}
sphere {
	0, 1
	scale<0.080000,0.200000,0.300000>
	matrix <-0.498803, -0.033871, 0.866054,
		0.275296, 0.941298, 0.195370,
		-0.821832, 0.335872, -0.460198,
		23.324335, 16.761192, 4.570955>
	pigment { color rgbt <0,1,1,0> }
	no_shadow
}
cylinder {
	<23.683792, 17.153040, 5.120562>,  <23.899618, 16.526081, 4.893093>, 0.130000
	pigment { color rgbt <1,0,0,0> }
	no_shadow
}

// nucleotide -1

// particle -1
sphere {
	<23.683792, 17.153040, 5.120562> 0.250000
	pigment { color rgbt <1,0,0,0> }
	no_shadow
}
cylinder {
	<23.356010, 16.960926, 4.995456>,  <23.159342, 16.845657, 4.920392>, 0.100000
	pigment { color rgbt <1,0,0,0> }
	no_shadow
}
cylinder {
	<23.356010, 16.960926, 4.995456>,  <23.683792, 17.153040, 5.120562>, 0.100000
	pigment { color rgbt <1,0,0,0> }
	no_shadow
}

// particle -1
sphere {
	<23.356010, 16.960926, 4.995456> 0.100000
	pigment { color rgbt <1,0,0,0> }
	no_shadow
}
sphere {
	0, 1
	scale<0.080000,0.200000,0.300000>
	matrix <-0.321961, -0.065723, 0.944469,
		-0.474171, 0.874646, -0.100777,
		-0.819453, -0.480286, -0.312766,
		23.110174, 16.816841, 4.901626>
	pigment { color rgbt <0,1,1,0> }
	no_shadow
}
cylinder {
	<23.052729, 17.548494, 5.151822>,  <23.683792, 17.153040, 5.120562>, 0.130000
	pigment { color rgbt <1,0,0,0> }
	no_shadow
}

// nucleotide -1

// particle -1
sphere {
	<23.052729, 17.548494, 5.151822> 0.250000
	pigment { color rgbt <1,0,0,0> }
	no_shadow
}
cylinder {
	<23.001408, 17.152939, 5.181857>,  <22.970615, 16.915606, 5.199879>, 0.100000
	pigment { color rgbt <1,0,0,0> }
	no_shadow
}
cylinder {
	<23.001408, 17.152939, 5.181857>,  <23.052729, 17.548494, 5.151822>, 0.100000
	pigment { color rgbt <1,0,0,0> }
	no_shadow
}

// particle -1
sphere {
	<23.001408, 17.152939, 5.181857> 0.100000
	pigment { color rgbt <1,0,0,0> }
	no_shadow
}
sphere {
	0, 1
	scale<0.080000,0.200000,0.300000>
	matrix <-0.406811, 0.121529, 0.905393,
		-0.904458, 0.085615, -0.417883,
		-0.128300, -0.988889, 0.075089,
		22.962917, 16.856272, 5.204384>
	pigment { color rgbt <0,1,1,0> }
	no_shadow
}
cylinder {
	<23.112587, 17.505106, 5.925746>,  <23.052729, 17.548494, 5.151822>, 0.130000
	pigment { color rgbt <1,0,0,0> }
	no_shadow
}

// nucleotide -1

// particle -1
sphere {
	<23.112587, 17.505106, 5.925746> 0.250000
	pigment { color rgbt <1,0,0,0> }
	no_shadow
}
cylinder {
	<22.971409, 17.799904, 5.695174>,  <22.886702, 17.976782, 5.556831>, 0.100000
	pigment { color rgbt <1,0,0,0> }
	no_shadow
}
cylinder {
	<22.971409, 17.799904, 5.695174>,  <23.112587, 17.505106, 5.925746>, 0.100000
	pigment { color rgbt <1,0,0,0> }
	no_shadow
}

// particle -1
sphere {
	<22.971409, 17.799904, 5.695174> 0.100000
	pigment { color rgbt <1,0,0,0> }
	no_shadow
}
sphere {
	0, 1
	scale<0.080000,0.200000,0.300000>
	matrix <-0.913654, -0.404259, 0.042559,
		-0.201661, 0.541678, 0.816037,
		-0.352944, 0.736993, -0.576430,
		22.865526, 18.021002, 5.522245>
	pigment { color rgbt <0,1,1,0> }
	no_shadow
}
cylinder {
	<22.483255, 17.800581, 6.220252>,  <23.112587, 17.505106, 5.925746>, 0.130000
	pigment { color rgbt <1,0,0,0> }
	no_shadow
}

// nucleotide -1

// particle -1
sphere {
	<22.483255, 17.800581, 6.220252> 0.250000
	pigment { color rgbt <1,0,0,0> }
	no_shadow
}
cylinder {
	<22.491070, 17.828121, 5.821278>,  <22.495758, 17.844646, 5.581893>, 0.100000
	pigment { color rgbt <1,0,0,0> }
	no_shadow
}
cylinder {
	<22.491070, 17.828121, 5.821278>,  <22.483255, 17.800581, 6.220252>, 0.100000
	pigment { color rgbt <1,0,0,0> }
	no_shadow
}

// particle -1
sphere {
	<22.491070, 17.828121, 5.821278> 0.100000
	pigment { color rgbt <1,0,0,0> }
	no_shadow
}
sphere {
	0, 1
	scale<0.080000,0.200000,0.300000>
	matrix <-0.933940, -0.354857, -0.042789,
		-0.356894, 0.932382, 0.057371,
		0.019537, 0.068852, -0.997436,
		22.496931, 17.848776, 5.522047>
	pigment { color rgbt <0,1,1,0> }
	no_shadow
}
cylinder {
	<21.900337, 18.356661, 6.139301>,  <22.483255, 17.800581, 6.220252>, 0.130000
	pigment { color rgbt <1,0,0,0> }
	no_shadow
}

// nucleotide -1

// particle -1
sphere {
	<21.900337, 18.356661, 6.139301> 0.250000
	pigment { color rgbt <1,0,0,0> }
	no_shadow
}
cylinder {
	<21.555393, 18.187424, 6.250535>,  <21.348427, 18.085882, 6.317275>, 0.100000
	pigment { color rgbt <1,0,0,0> }
	no_shadow
}
cylinder {
	<21.555393, 18.187424, 6.250535>,  <21.900337, 18.356661, 6.139301>, 0.100000
	pigment { color rgbt <1,0,0,0> }
	no_shadow
}

// particle -1
sphere {
	<21.555393, 18.187424, 6.250535> 0.100000
	pigment { color rgbt <1,0,0,0> }
	no_shadow
}
sphere {
	0, 1
	scale<0.080000,0.200000,0.300000>
	matrix <0.076016, 0.434826, 0.897300,
		-0.500559, 0.794933, -0.342814,
		-0.862358, -0.423093, 0.278084,
		21.296686, 18.060495, 6.333961>
	pigment { color rgbt <0,1,1,0> }
	no_shadow
}
cylinder {
	<21.700487, 18.853842, 6.610089>,  <21.900337, 18.356661, 6.139301>, 0.130000
	pigment { color rgbt <1,0,0,0> }
	no_shadow
}

// nucleotide -1

// particle -1
sphere {
	<21.700487, 18.853842, 6.610089> 0.250000
	pigment { color rgbt <1,0,0,0> }
	no_shadow
}
cylinder {
	<21.476490, 18.534504, 6.698685>,  <21.342093, 18.342901, 6.751842>, 0.100000
	pigment { color rgbt <1,0,0,0> }
	no_shadow
}
cylinder {
	<21.476490, 18.534504, 6.698685>,  <21.700487, 18.853842, 6.610089>, 0.100000
	pigment { color rgbt <1,0,0,0> }
	no_shadow
}

// particle -1
sphere {
	<21.476490, 18.534504, 6.698685> 0.100000
	pigment { color rgbt <1,0,0,0> }
	no_shadow
}
sphere {
	0, 1
	scale<0.080000,0.200000,0.300000>
	matrix <-0.130047, 0.348725, 0.928159,
		-0.818228, 0.490957, -0.299105,
		-0.559991, -0.798343, 0.221490,
		21.308493, 18.295000, 6.765131>
	pigment { color rgbt <0,1,1,0> }
	no_shadow
}
cylinder {
	<21.026123, 18.979284, 6.922498>,  <21.700487, 18.853842, 6.610089>, 0.130000
	pigment { color rgbt <1,0,0,0> }
	no_shadow
}

// nucleotide -1

// particle -1
sphere {
	<21.026123, 18.979284, 6.922498> 0.250000
	pigment { color rgbt <1,0,0,0> }
	no_shadow
}
cylinder {
	<21.134708, 18.610886, 7.034262>,  <21.199860, 18.389847, 7.101320>, 0.100000
	pigment { color rgbt <1,0,0,0> }
	no_shadow
}
cylinder {
	<21.134708, 18.610886, 7.034262>,  <21.026123, 18.979284, 6.922498>, 0.100000
	pigment { color rgbt <1,0,0,0> }
	no_shadow
}

// particle -1
sphere {
	<21.134708, 18.610886, 7.034262> 0.100000
	pigment { color rgbt <1,0,0,0> }
	no_shadow
}
sphere {
	0, 1
	scale<0.080000,0.200000,0.300000>
	matrix <-0.086482, 0.265795, 0.960143,
		-0.958555, -0.284808, -0.007496,
		0.271464, -0.920998, 0.279410,
		21.216148, 18.334587, 7.118084>
	pigment { color rgbt <0,1,1,0> }
	no_shadow
}
cylinder {
	<20.602955, 18.870871, 7.411666>,  <21.026123, 18.979284, 6.922498>, 0.130000
	pigment { color rgbt <1,0,0,0> }
	no_shadow
}

// nucleotide -1

// particle -1
sphere {
	<20.602955, 18.870871, 7.411666> 0.250000
	pigment { color rgbt <1,0,0,0> }
	no_shadow
}
cylinder {
	<20.920021, 18.631695, 7.459252>,  <21.110260, 18.488190, 7.487804>, 0.100000
	pigment { color rgbt <1,0,0,0> }
	no_shadow
}
cylinder {
	<20.920021, 18.631695, 7.459252>,  <20.602955, 18.870871, 7.411666>, 0.100000
	pigment { color rgbt <1,0,0,0> }
	no_shadow
}

// particle -1
sphere {
	<20.920021, 18.631695, 7.459252> 0.100000
	pigment { color rgbt <1,0,0,0> }
	no_shadow
}
sphere {
	0, 1
	scale<0.080000,0.200000,0.300000>
	matrix <-0.030134, 0.156470, 0.987223,
		-0.608913, -0.786121, 0.106010,
		0.792664, -0.597939, 0.118965,
		21.157820, 18.452312, 7.494942>
	pigment { color rgbt <0,1,1,0> }
	no_shadow
}
cylinder {
	<20.478212, 18.281378, 7.908001>,  <20.602955, 18.870871, 7.411666>, 0.130000
	pigment { color rgbt <1,0,0,0> }
	no_shadow
}

// nucleotide -1

// particle -1
sphere {
	<20.478212, 18.281378, 7.908001> 0.250000
	pigment { color rgbt <1,0,0,0> }
	no_shadow
}
cylinder {
	<20.862682, 18.391720, 7.910659>,  <21.093365, 18.457926, 7.912253>, 0.100000
	pigment { color rgbt <1,0,0,0> }
	no_shadow
}
cylinder {
	<20.862682, 18.391720, 7.910659>,  <20.478212, 18.281378, 7.908001>, 0.100000
	pigment { color rgbt <1,0,0,0> }
	no_shadow
}

// particle -1
sphere {
	<20.862682, 18.391720, 7.910659> 0.100000
	pigment { color rgbt <1,0,0,0> }
	no_shadow
}
sphere {
	0, 1
	scale<0.080000,0.200000,0.300000>
	matrix <-0.023353, 0.057328, 0.998082,
		0.274947, -0.959488, 0.061544,
		0.961176, 0.275857, 0.006645,
		21.151035, 18.474476, 7.912652>
	pigment { color rgbt <0,1,1,0> }
	no_shadow
}
cylinder {
	<20.867456, 17.926989, 8.486725>,  <20.478212, 18.281378, 7.908001>, 0.130000
	pigment { color rgbt <1,0,0,0> }
	no_shadow
}

// nucleotide -1

// particle -1
sphere {
	<20.867456, 17.926989, 8.486725> 0.250000
	pigment { color rgbt <1,0,0,0> }
	no_shadow
}
cylinder {
	<21.038605, 18.281384, 8.415221>,  <21.141294, 18.494020, 8.372319>, 0.100000
	pigment { color rgbt <1,0,0,0> }
	no_shadow
}
cylinder {
	<21.038605, 18.281384, 8.415221>,  <20.867456, 17.926989, 8.486725>, 0.100000
	pigment { color rgbt <1,0,0,0> }
	no_shadow
}

// particle -1
sphere {
	<21.038605, 18.281384, 8.415221> 0.100000
	pigment { color rgbt <1,0,0,0> }
	no_shadow
}
sphere {
	0, 1
	scale<0.080000,0.200000,0.300000>
	matrix <-0.054889, 0.222884, 0.973299,
		0.902172, -0.406634, 0.143997,
		0.427870, 0.885987, -0.178759,
		21.166965, 18.547180, 8.361593>
	pigment { color rgbt <0,1,1,0> }
	no_shadow
}
cylinder {
	<21.641293, 18.059326, 8.671360>,  <20.867456, 17.926989, 8.486725>, 0.130000
	pigment { color rgbt <1,0,0,0> }
	no_shadow
}

// nucleotide -1

// particle -1
sphere {
	<21.641293, 18.059326, 8.671360> 0.250000
	pigment { color rgbt <1,0,0,0> }
	no_shadow
}
cylinder {
	<21.392975, 18.370552, 8.709788>,  <21.243984, 18.557287, 8.732845>, 0.100000
	pigment { color rgbt <1,0,0,0> }
	no_shadow
}
cylinder {
	<21.392975, 18.370552, 8.709788>,  <21.641293, 18.059326, 8.671360>, 0.100000
	pigment { color rgbt <1,0,0,0> }
	no_shadow
}

// particle -1
sphere {
	<21.392975, 18.370552, 8.709788> 0.100000
	pigment { color rgbt <1,0,0,0> }
	no_shadow
}
sphere {
	0, 1
	scale<0.080000,0.200000,0.300000>
	matrix <0.180303, 0.022440, 0.983355,
		0.762958, 0.627783, -0.154218,
		-0.620794, 0.778065, 0.096070,
		21.206738, 18.603971, 8.738609>
	pigment { color rgbt <0,1,1,0> }
	no_shadow
}
cylinder {
	<22.045355, 18.563343, 9.009529>,  <21.641293, 18.059326, 8.671360>, 0.130000
	pigment { color rgbt <1,0,0,0> }
	no_shadow
}

// nucleotide -1

// particle -1
sphere {
	<22.045355, 18.563343, 9.009529> 0.250000
	pigment { color rgbt <1,0,0,0> }
	no_shadow
}
cylinder {
	<21.659924, 18.639946, 9.084192>,  <21.428665, 18.685907, 9.128990>, 0.100000
	pigment { color rgbt <1,0,0,0> }
	no_shadow
}
cylinder {
	<21.659924, 18.639946, 9.084192>,  <22.045355, 18.563343, 9.009529>, 0.100000
	pigment { color rgbt <1,0,0,0> }
	no_shadow
}

// particle -1
sphere {
	<21.659924, 18.639946, 9.084192> 0.100000
	pigment { color rgbt <1,0,0,0> }
	no_shadow
}
sphere {
	0, 1
	scale<0.080000,0.200000,0.300000>
	matrix <0.191714, 0.008057, 0.981418,
		0.186446, 0.981458, -0.044479,
		-0.963579, 0.191508, 0.186657,
		21.370850, 18.697399, 9.140189>
	pigment { color rgbt <0,1,1,0> }
	no_shadow
}
cylinder {
	<22.107763, 19.149227, 9.492266>,  <22.045355, 18.563343, 9.009529>, 0.130000
	pigment { color rgbt <1,0,0,0> }
	no_shadow
}

// nucleotide -1

// particle -1
sphere {
	<22.107763, 19.149227, 9.492266> 0.250000
	pigment { color rgbt <1,0,0,0> }
	no_shadow
}
cylinder {
	<21.767437, 18.943882, 9.537121>,  <21.563242, 18.820675, 9.564034>, 0.100000
	pigment { color rgbt <1,0,0,0> }
	no_shadow
}
cylinder {
	<21.767437, 18.943882, 9.537121>,  <22.107763, 19.149227, 9.492266>, 0.100000
	pigment { color rgbt <1,0,0,0> }
	no_shadow
}

// particle -1
sphere {
	<21.767437, 18.943882, 9.537121> 0.100000
	pigment { color rgbt <1,0,0,0> }
	no_shadow
}
sphere {
	0, 1
	scale<0.080000,0.200000,0.300000>
	matrix <0.237168, -0.184731, 0.953743,
		-0.468900, 0.838053, 0.278925,
		-0.850814, -0.513362, 0.112138,
		21.512194, 18.789873, 9.570763>
	pigment { color rgbt <0,1,1,0> }
	no_shadow
}
cylinder {
	<21.818474, 19.467335, 10.139658>,  <22.107763, 19.149227, 9.492266>, 0.130000
	pigment { color rgbt <1,0,0,0> }
	no_shadow
}

// nucleotide -1

// particle -1
sphere {
	<21.818474, 19.467335, 10.139658> 0.250000
	pigment { color rgbt <1,0,0,0> }
	no_shadow
}
cylinder {
	<21.596970, 19.141132, 10.072371>,  <21.464067, 18.945410, 10.031998>, 0.100000
	pigment { color rgbt <1,0,0,0> }
	no_shadow
}
cylinder {
	<21.596970, 19.141132, 10.072371>,  <21.818474, 19.467335, 10.139658>, 0.100000
	pigment { color rgbt <1,0,0,0> }
	no_shadow
}

// particle -1
sphere {
	<21.596970, 19.141132, 10.072371> 0.100000
	pigment { color rgbt <1,0,0,0> }
	no_shadow
}
sphere {
	0, 1
	scale<0.080000,0.200000,0.300000>
	matrix <0.072885, -0.248718, 0.965830,
		-0.829481, 0.522576, 0.197168,
		-0.553759, -0.815508, -0.168219,
		21.430841, 18.896481, 10.021905>
	pigment { color rgbt <0,1,1,0> }
	no_shadow
}
cylinder {
	<21.258886, 19.528101, 10.636341>,  <21.818474, 19.467335, 10.139658>, 0.130000
	pigment { color rgbt <1,0,0,0> }
	no_shadow
}

// nucleotide -1

// particle -1
sphere {
	<21.258886, 19.528101, 10.636341> 0.250000
	pigment { color rgbt <1,0,0,0> }
	no_shadow
}
cylinder {
	<21.307739, 19.146664, 10.526256>,  <21.337051, 18.917801, 10.460204>, 0.100000
	pigment { color rgbt <1,0,0,0> }
	no_shadow
}
cylinder {
	<21.307739, 19.146664, 10.526256>,  <21.258886, 19.528101, 10.636341>, 0.100000
	pigment { color rgbt <1,0,0,0> }
	no_shadow
}

// particle -1
sphere {
	<21.307739, 19.146664, 10.526256> 0.100000
	pigment { color rgbt <1,0,0,0> }
	no_shadow
}
sphere {
	0, 1
	scale<0.080000,0.200000,0.300000>
	matrix <-0.008396, -0.278272, 0.960466,
		-0.992478, -0.114992, -0.041992,
		0.122131, -0.953594, -0.275214,
		21.344379, 18.860586, 10.443691>
	pigment { color rgbt <0,1,1,0> }
	no_shadow
}
cylinder {
	<20.803989, 19.069529, 11.139859>,  <21.258886, 19.528101, 10.636341>, 0.130000
	pigment { color rgbt <1,0,0,0> }
	no_shadow
}

// nucleotide -1

// particle -1
sphere {
	<20.803989, 19.069529, 11.139859> 0.250000
	pigment { color rgbt <1,0,0,0> }
	no_shadow
}
cylinder {
	<21.023605, 18.774189, 10.983196>,  <21.155375, 18.596985, 10.889198>, 0.100000
	pigment { color rgbt <1,0,0,0> }
	no_shadow
}
cylinder {
	<21.023605, 18.774189, 10.983196>,  <20.803989, 19.069529, 11.139859>, 0.100000
	pigment { color rgbt <1,0,0,0> }
	no_shadow
}

// particle -1
sphere {
	<21.023605, 18.774189, 10.983196> 0.100000
	pigment { color rgbt <1,0,0,0> }
	no_shadow
}
sphere {
	0, 1
	scale<0.080000,0.200000,0.300000>
	matrix <0.014198, -0.460299, 0.887650,
		-0.835674, -0.492918, -0.242240,
		0.549042, -0.738347, -0.391659,
		21.188318, 18.552685, 10.865699>
	pigment { color rgbt <0,1,1,0> }
	no_shadow
}
cylinder {
	<20.493362, 18.378057, 11.344966>,  <20.803989, 19.069529, 11.139859>, 0.130000
	pigment { color rgbt <1,0,0,0> }
	no_shadow
}

// nucleotide -1

// particle -1
sphere {
	<20.493362, 18.378057, 11.344966> 0.250000
	pigment { color rgbt <1,0,0,0> }
	no_shadow
}
cylinder {
	<20.883240, 18.339287, 11.264386>,  <21.117167, 18.316025, 11.216038>, 0.100000
	pigment { color rgbt <1,0,0,0> }
	no_shadow
}
cylinder {
	<20.883240, 18.339287, 11.264386>,  <20.493362, 18.378057, 11.344966>, 0.100000
	pigment { color rgbt <1,0,0,0> }
	no_shadow
}

// particle -1
sphere {
	<20.883240, 18.339287, 11.264386> 0.100000
	pigment { color rgbt <1,0,0,0> }
	no_shadow
}
sphere {
	0, 1
	scale<0.080000,0.200000,0.300000>
	matrix <0.140282, -0.436446, 0.888727,
		-0.174062, -0.894495, -0.411803,
		0.974692, -0.096925, -0.201450,
		21.175648, 18.310209, 11.203951>
	pigment { color rgbt <0,1,1,0> }
	no_shadow
}
cylinder {
	<20.603027, 17.684212, 11.485737>,  <20.493362, 18.378057, 11.344966>, 0.130000
	pigment { color rgbt <1,0,0,0> }
	no_shadow
}

// nucleotide -1

// particle -1
sphere {
	<20.603027, 17.684212, 11.485737> 0.250000
	pigment { color rgbt <1,0,0,0> }
	no_shadow
}
cylinder {
	<20.963524, 17.857430, 11.491879>,  <21.179821, 17.961361, 11.495564>, 0.100000
	pigment { color rgbt <1,0,0,0> }
	no_shadow
}
cylinder {
	<20.963524, 17.857430, 11.491879>,  <20.603027, 17.684212, 11.485737>, 0.100000
	pigment { color rgbt <1,0,0,0> }
	no_shadow
}

// particle -1
sphere {
	<20.963524, 17.857430, 11.491879> 0.100000
	pigment { color rgbt <1,0,0,0> }
	no_shadow
}
sphere {
	0, 1
	scale<0.080000,0.200000,0.300000>
	matrix <0.225716, -0.499411, 0.836445,
		0.369887, -0.750373, -0.547836,
		0.901241, 0.433046, 0.015355,
		21.233896, 17.987343, 11.496485>
	pigment { color rgbt <0,1,1,0> }
	no_shadow
}
cylinder {
	<21.010546, 17.166483, 11.702960>,  <20.603027, 17.684212, 11.485737>, 0.130000
	pigment { color rgbt <1,0,0,0> }
	no_shadow
}

