// switches for output
#declare DRAW_BASES = 1; // possible values are 0, 1; only relevant for DNA ribbons
#declare DRAW_BASES_TYPE = 3; // possible values are 1, 2, 3; only relevant for DNA ribbons
#declare DRAW_FOG = 0; // set to 1 to enable fog

#include "colors.inc"

#include "transforms.inc"
background { rgb <1, 1, 1>}

#default {
   normal{
       ripples 0.25
       frequency 0.20
       turbulence 0.2
       lambda 5
   }
	finish {
		phong 0.1
		phong_size 40.
	}
}

// original window dimensions: 1024x640


// camera settings

camera {
	sky <-0, 1, 0>
	up <-0, 1, 0>
	right 1.6 * <1, 0, 0>
	location <18.5, 18.5, 82.5562>
	look_at <18.5, 18.5, 18.5>
	direction <0, 0, -64.0562>
	angle 67.0682
}


# declare cpy_camera_pos = <18.5, 18.5, 82.5562>;
# if (DRAW_FOG = 1)
fog {
	fog_type 2
	up vnormalize(cpy_camera_pos)
	color rgbt<1,1,1,0.3>
	distance 1e-5
	fog_alt 3e-3
	fog_offset 29.6
}
# end


// LIGHTS

# declare lum = 6;
global_settings {
	ambient_light rgb lum * <0.05, 0.05, 0.05>
	max_trace_level 15
}# declare cpy_direct_light_amount = 0.25;
light_source
{	1000 * <-1, -1, 1>,
	rgb lum * cpy_direct_light_amount
	parallel
}

light_source
{	1000 * <1, 1, -1>,
	rgb lum * cpy_direct_light_amount
	parallel
}

// strand 0

// nucleotide -1

// particle -1
sphere {
	<22.432354, 17.725843, -1.598165> 0.250000
	pigment { color rgbt <1,0,0,0> }
	no_shadow
}
cylinder {
	<22.750957, 17.493847, -1.666496>,  <22.942120, 17.354649, -1.707494>, 0.100000
	pigment { color rgbt <1,0,0,0> }
	no_shadow
}
cylinder {
	<22.750957, 17.493847, -1.666496>,  <22.432354, 17.725843, -1.598165>, 0.100000
	pigment { color rgbt <1,0,0,0> }
	no_shadow
}

// particle -1
sphere {
	<22.750957, 17.493847, -1.666496> 0.100000
	pigment { color rgbt <1,0,0,0> }
	no_shadow
}
sphere {
	0, 1
	scale<0.080000,0.200000,0.300000>
	matrix <-0.248455, -0.571547, 0.782051,
		-0.551212, -0.580474, -0.599346,
		0.796515, -0.579987, -0.170822,
		22.989910, 17.319849, -1.717743>
	pigment { color rgbt <0,1,1,0> }
	no_shadow
}
cylinder {
	<22.317171, 16.964031, -1.740622>,  <22.432354, 17.725843, -1.598165>, 0.130000
	pigment { color rgbt <1,0,0,0> }
	no_shadow
}

// nucleotide -1

// particle -1
sphere {
	<22.317171, 16.964031, -1.740622> 0.250000
	pigment { color rgbt <1,0,0,0> }
	no_shadow
}
cylinder {
	<22.653233, 17.058395, -1.545282>,  <22.854870, 17.115015, -1.428078>, 0.100000
	pigment { color rgbt <1,0,0,0> }
	no_shadow
}
cylinder {
	<22.653233, 17.058395, -1.545282>,  <22.317171, 16.964031, -1.740622>, 0.100000
	pigment { color rgbt <1,0,0,0> }
	no_shadow
}

// particle -1
sphere {
	<22.653233, 17.058395, -1.545282> 0.100000
	pigment { color rgbt <1,0,0,0> }
	no_shadow
}
sphere {
	0, 1
	scale<0.080000,0.200000,0.300000>
	matrix <-0.398906, -0.341253, 0.851129,
		0.367442, -0.909886, -0.192598,
		0.840155, 0.235912, 0.488350,
		22.905279, 17.129169, -1.398777>
	pigment { color rgbt <0,1,1,0> }
	no_shadow
}
cylinder {
	<22.457167, 16.507917, -1.337349>,  <22.317171, 16.964031, -1.740622>, 0.130000
	pigment { color rgbt <1,0,0,0> }
	no_shadow
}

// nucleotide -1

// particle -1
sphere {
	<22.457167, 16.507917, -1.337349> 0.250000
	pigment { color rgbt <1,0,0,0> }
	no_shadow
}
cylinder {
	<22.661900, 16.787483, -1.137531>,  <22.784739, 16.955223, -1.017640>, 0.100000
	pigment { color rgbt <1,0,0,0> }
	no_shadow
}
cylinder {
	<22.661900, 16.787483, -1.137531>,  <22.457167, 16.507917, -1.337349>, 0.100000
	pigment { color rgbt <1,0,0,0> }
	no_shadow
}

// particle -1
sphere {
	<22.661900, 16.787483, -1.137531> 0.100000
	pigment { color rgbt <1,0,0,0> }
	no_shadow
}
sphere {
	0, 1
	scale<0.080000,0.200000,0.300000>
	matrix <-0.486978, -0.242996, 0.838931,
		0.707730, -0.672659, 0.215983,
		0.511831, 0.698915, 0.499545,
		22.815449, 16.997158, -0.987667>
	pigment { color rgbt <0,1,1,0> }
	no_shadow
}
cylinder {
	<22.894335, 16.257812, -0.755819>,  <22.457167, 16.507917, -1.337349>, 0.130000
	pigment { color rgbt <1,0,0,0> }
	no_shadow
}

// nucleotide -1

// particle -1
sphere {
	<22.894335, 16.257812, -0.755819> 0.250000
	pigment { color rgbt <1,0,0,0> }
	no_shadow
}
cylinder {
	<22.799198, 16.635910, -0.666426>,  <22.742115, 16.862768, -0.612790>, 0.100000
	pigment { color rgbt <1,0,0,0> }
	no_shadow
}
cylinder {
	<22.799198, 16.635910, -0.666426>,  <22.894335, 16.257812, -0.755819>, 0.100000
	pigment { color rgbt <1,0,0,0> }
	no_shadow
}

// particle -1
sphere {
	<22.799198, 16.635910, -0.666426> 0.100000
	pigment { color rgbt <1,0,0,0> }
	no_shadow
}
sphere {
	0, 1
	scale<0.080000,0.200000,0.300000>
	matrix <-0.116726, -0.256232, 0.959542,
		0.964265, 0.202134, 0.171277,
		-0.237843, 0.945244, 0.223482,
		22.727846, 16.919483, -0.599381>
	pigment { color rgbt <0,1,1,0> }
	no_shadow
}
cylinder {
	<23.344681, 16.580893, -0.145059>,  <22.894335, 16.257812, -0.755819>, 0.130000
	pigment { color rgbt <1,0,0,0> }
	no_shadow
}

// nucleotide -1

// particle -1
sphere {
	<23.344681, 16.580893, -0.145059> 0.250000
	pigment { color rgbt <1,0,0,0> }
	no_shadow
}
cylinder {
	<22.968464, 16.715679, -0.127926>,  <22.742733, 16.796551, -0.117646>, 0.100000
	pigment { color rgbt <1,0,0,0> }
	no_shadow
}
cylinder {
	<22.968464, 16.715679, -0.127926>,  <23.344681, 16.580893, -0.145059>, 0.100000
	pigment { color rgbt <1,0,0,0> }
	no_shadow
}

// particle -1
sphere {
	<22.968464, 16.715679, -0.127926> 0.100000
	pigment { color rgbt <1,0,0,0> }
	no_shadow
}
sphere {
	0, 1
	scale<0.080000,0.200000,0.300000>
	matrix <-0.070736, -0.317632, 0.945572,
		0.332232, 0.886320, 0.322582,
		-0.940542, 0.336967, 0.042833,
		22.686302, 16.816769, -0.115076>
	pigment { color rgbt <0,1,1,0> }
	no_shadow
}
cylinder {
	<23.189598, 17.167885, 0.308145>,  <23.344681, 16.580893, -0.145059>, 0.130000
	pigment { color rgbt <1,0,0,0> }
	no_shadow
}

// nucleotide -1

// particle -1
sphere {
	<23.189598, 17.167885, 0.308145> 0.250000
	pigment { color rgbt <1,0,0,0> }
	no_shadow
}
cylinder {
	<22.876049, 16.922623, 0.268979>,  <22.687920, 16.775465, 0.245480>, 0.100000
	pigment { color rgbt <1,0,0,0> }
	no_shadow
}
cylinder {
	<22.876049, 16.922623, 0.268979>,  <23.189598, 17.167885, 0.308145>, 0.100000
	pigment { color rgbt <1,0,0,0> }
	no_shadow
}

// particle -1
sphere {
	<22.876049, 16.922623, 0.268979> 0.100000
	pigment { color rgbt <1,0,0,0> }
	no_shadow
}
sphere {
	0, 1
	scale<0.080000,0.200000,0.300000>
	matrix <0.105354, -0.286743, 0.952197,
		-0.611920, 0.736084, 0.289368,
		-0.783872, -0.613154, -0.097914,
		22.640888, 16.738676, 0.239605>
	pigment { color rgbt <0,1,1,0> }
	no_shadow
}
cylinder {
	<22.703880, 17.277586, 0.862959>,  <23.189598, 17.167885, 0.308145>, 0.130000
	pigment { color rgbt <1,0,0,0> }
	no_shadow
}

// nucleotide -1

// particle -1
sphere {
	<22.703880, 17.277586, 0.862959> 0.250000
	pigment { color rgbt <1,0,0,0> }
	no_shadow
}
cylinder {
	<22.693314, 16.906719, 0.713470>,  <22.686974, 16.684200, 0.623777>, 0.100000
	pigment { color rgbt <1,0,0,0> }
	no_shadow
}
cylinder {
	<22.693314, 16.906719, 0.713470>,  <22.703880, 17.277586, 0.862959>, 0.100000
	pigment { color rgbt <1,0,0,0> }
	no_shadow
}

// particle -1
sphere {
	<22.693314, 16.906719, 0.713470> 0.100000
	pigment { color rgbt <1,0,0,0> }
	no_shadow
}
sphere {
	0, 1
	scale<0.080000,0.200000,0.300000>
	matrix <0.221266, -0.370002, 0.902297,
		-0.974855, -0.058857, 0.214924,
		-0.026415, -0.927164, -0.373722,
		22.685389, 16.628571, 0.601353>
	pigment { color rgbt <0,1,1,0> }
	no_shadow
}
cylinder {
	<22.230516, 16.754648, 1.309692>,  <22.703880, 17.277586, 0.862959>, 0.130000
	pigment { color rgbt <1,0,0,0> }
	no_shadow
}

// nucleotide -1

// particle -1
sphere {
	<22.230516, 16.754648, 1.309692> 0.250000
	pigment { color rgbt <1,0,0,0> }
	no_shadow
}
cylinder {
	<22.526917, 16.581173, 1.104623>,  <22.704758, 16.477089, 0.981582>, 0.100000
	pigment { color rgbt <1,0,0,0> }
	no_shadow
}
cylinder {
	<22.526917, 16.581173, 1.104623>,  <22.230516, 16.754648, 1.309692>, 0.100000
	pigment { color rgbt <1,0,0,0> }
	no_shadow
}

// particle -1
sphere {
	<22.526917, 16.581173, 1.104623> 0.100000
	pigment { color rgbt <1,0,0,0> }
	no_shadow
}
sphere {
	0, 1
	scale<0.080000,0.200000,0.300000>
	matrix <0.272950, -0.503026, 0.820039,
		-0.613526, -0.747584, -0.254369,
		0.741002, -0.433685, -0.512673,
		22.749216, 16.451067, 0.950821>
	pigment { color rgbt <0,1,1,0> }
	no_shadow
}
cylinder {
	<22.518059, 16.409794, 1.834754>,  <22.230516, 16.754648, 1.309692>, 0.130000
	pigment { color rgbt <1,0,0,0> }
	no_shadow
}

// nucleotide -1

// particle -1
sphere {
	<22.518059, 16.409794, 1.834754> 0.250000
	pigment { color rgbt <1,0,0,0> }
	no_shadow
}
cylinder {
	<22.755844, 16.337677, 1.521294>,  <22.898516, 16.294407, 1.333218>, 0.100000
	pigment { color rgbt <1,0,0,0> }
	no_shadow
}
cylinder {
	<22.755844, 16.337677, 1.521294>,  <22.518059, 16.409794, 1.834754>, 0.100000
	pigment { color rgbt <1,0,0,0> }
	no_shadow
}

// particle -1
sphere {
	<22.755844, 16.337677, 1.521294> 0.100000
	pigment { color rgbt <1,0,0,0> }
	no_shadow
}
sphere {
	0, 1
	scale<0.080000,0.200000,0.300000>
	matrix <0.499574, -0.680843, 0.535610,
		-0.630109, -0.709892, -0.314668,
		0.594465, -0.180292, -0.783649,
		22.934183, 16.283588, 1.286200>
	pigment { color rgbt <0,1,1,0> }
	no_shadow
}
cylinder {
	<22.476273, 15.635149, 1.615033>,  <22.518059, 16.409794, 1.834754>, 0.130000
	pigment { color rgbt <1,0,0,0> }
	no_shadow
}

// nucleotide -1

// particle -1
sphere {
	<22.476273, 15.635149, 1.615033> 0.250000
	pigment { color rgbt <1,0,0,0> }
	no_shadow
}
cylinder {
	<22.827770, 15.816307, 1.554777>,  <23.038670, 15.925002, 1.518624>, 0.100000
	pigment { color rgbt <1,0,0,0> }
	no_shadow
}
cylinder {
	<22.827770, 15.816307, 1.554777>,  <22.476273, 15.635149, 1.615033>, 0.100000
	pigment { color rgbt <1,0,0,0> }
	no_shadow
}

// particle -1
sphere {
	<22.827770, 15.816307, 1.554777> 0.100000
	pigment { color rgbt <1,0,0,0> }
	no_shadow
}
sphere {
	0, 1
	scale<0.080000,0.200000,0.300000>
	matrix <0.455834, -0.702781, 0.546182,
		0.141496, -0.548622, -0.824010,
		0.878746, 0.452894, -0.150639,
		23.091394, 15.952175, 1.509585>
	pigment { color rgbt <0,1,1,0> }
	no_shadow
}
cylinder {
	<22.971628, 15.139088, 1.322897>,  <22.476273, 15.635149, 1.615033>, 0.130000
	pigment { color rgbt <1,0,0,0> }
	no_shadow
}

// nucleotide -1

// particle -1
sphere {
	<22.971628, 15.139088, 1.322897> 0.250000
	pigment { color rgbt <1,0,0,0> }
	no_shadow
}
cylinder {
	<23.159672, 15.423134, 1.532557>,  <23.272497, 15.593562, 1.658353>, 0.100000
	pigment { color rgbt <1,0,0,0> }
	no_shadow
}
cylinder {
	<23.159672, 15.423134, 1.532557>,  <22.971628, 15.139088, 1.322897>, 0.100000
	pigment { color rgbt <1,0,0,0> }
	no_shadow
}

// particle -1
sphere {
	<23.159672, 15.423134, 1.532557> 0.100000
	pigment { color rgbt <1,0,0,0> }
	no_shadow
}
sphere {
	0, 1
	scale<0.080000,0.200000,0.300000>
	matrix <0.350540, -0.695238, 0.627508,
		0.810012, -0.111261, -0.575761,
		0.470108, 0.710117, 0.524150,
		23.300705, 15.636168, 1.689802>
	pigment { color rgbt <0,1,1,0> }
	no_shadow
}
cylinder {
	<23.828323, 15.180138, 1.418563>,  <22.971628, 15.139088, 1.322897>, 0.130000
	pigment { color rgbt <1,0,0,0> }
	no_shadow
}

// nucleotide -1

// particle -1
sphere {
	<23.828323, 15.180138, 1.418563> 0.250000
	pigment { color rgbt <1,0,0,0> }
	no_shadow
}
cylinder {
	<23.590305, 15.295265, 1.718719>,  <23.447495, 15.364342, 1.898812>, 0.100000
	pigment { color rgbt <1,0,0,0> }
	no_shadow
}
cylinder {
	<23.590305, 15.295265, 1.718719>,  <23.828323, 15.180138, 1.418563>, 0.100000
	pigment { color rgbt <1,0,0,0> }
	no_shadow
}

// particle -1
sphere {
	<23.590305, 15.295265, 1.718719> 0.100000
	pigment { color rgbt <1,0,0,0> }
	no_shadow
}
sphere {
	0, 1
	scale<0.080000,0.200000,0.300000>
	matrix <0.487131, -0.613462, 0.621585,
		0.639238, 0.735408, 0.224832,
		-0.595045, 0.287818, 0.750388,
		23.411793, 15.381611, 1.943835>
	pigment { color rgbt <0,1,1,0> }
	no_shadow
}
cylinder {
	<24.141930, 15.429091, 2.067921>,  <23.828323, 15.180138, 1.418563>, 0.130000
	pigment { color rgbt <1,0,0,0> }
	no_shadow
}

// nucleotide -1

// particle -1
sphere {
	<24.141930, 15.429091, 2.067921> 0.250000
	pigment { color rgbt <1,0,0,0> }
	no_shadow
}
cylinder {
	<23.791927, 15.262119, 2.165995>,  <23.581926, 15.161936, 2.224840>, 0.100000
	pigment { color rgbt <1,0,0,0> }
	no_shadow
}
cylinder {
	<23.791927, 15.262119, 2.165995>,  <24.141930, 15.429091, 2.067921>, 0.100000
	pigment { color rgbt <1,0,0,0> }
	no_shadow
}

// particle -1
sphere {
	<23.791927, 15.262119, 2.165995> 0.100000
	pigment { color rgbt <1,0,0,0> }
	no_shadow
}
sphere {
	0, 1
	scale<0.080000,0.200000,0.300000>
	matrix <0.481637, -0.699481, 0.527970,
		-0.048887, 0.580068, 0.813100,
		-0.875006, -0.417430, 0.245187,
		23.529425, 15.136890, 2.239551>
	pigment { color rgbt <0,1,1,0> }
	no_shadow
}
cylinder {
	<24.271074, 15.083752, 2.705414>,  <24.141930, 15.429091, 2.067921>, 0.130000
	pigment { color rgbt <1,0,0,0> }
	no_shadow
}

// nucleotide -1

// particle -1
sphere {
	<24.271074, 15.083752, 2.705414> 0.250000
	pigment { color rgbt <1,0,0,0> }
	no_shadow
}
cylinder {
	<23.915718, 14.941784, 2.588935>,  <23.702505, 14.856603, 2.519047>, 0.100000
	pigment { color rgbt <1,0,0,0> }
	no_shadow
}
cylinder {
	<23.915718, 14.941784, 2.588935>,  <24.271074, 15.083752, 2.705414>, 0.100000
	pigment { color rgbt <1,0,0,0> }
	no_shadow
}

// particle -1
sphere {
	<23.915718, 14.941784, 2.588935> 0.100000
	pigment { color rgbt <1,0,0,0> }
	no_shadow
}
sphere {
	0, 1
	scale<0.080000,0.200000,0.300000>
	matrix <0.117538, -0.788992, 0.603056,
		-0.443791, 0.501522, 0.742648,
		-0.888389, -0.354920, -0.291199,
		23.649202, 14.835308, 2.501575>
	pigment { color rgbt <0,1,1,0> }
	no_shadow
}
cylinder {
	<23.737768, 14.861568, 3.252860>,  <24.271074, 15.083752, 2.705414>, 0.130000
	pigment { color rgbt <1,0,0,0> }
	no_shadow
}

// nucleotide -1

// particle -1
sphere {
	<23.737768, 14.861568, 3.252860> 0.250000
	pigment { color rgbt <1,0,0,0> }
	no_shadow
}
cylinder {
	<23.657604, 14.634068, 2.933771>,  <23.609507, 14.497567, 2.742318>, 0.100000
	pigment { color rgbt <1,0,0,0> }
	no_shadow
}
cylinder {
	<23.657604, 14.634068, 2.933771>,  <23.737768, 14.861568, 3.252860>, 0.100000
	pigment { color rgbt <1,0,0,0> }
	no_shadow
}

// particle -1
sphere {
	<23.657604, 14.634068, 2.933771> 0.100000
	pigment { color rgbt <1,0,0,0> }
	no_shadow
}
sphere {
	0, 1
	scale<0.080000,0.200000,0.300000>
	matrix <-0.046935, -0.807731, 0.587680,
		-0.978588, 0.155217, 0.135181,
		-0.200408, -0.568752, -0.797720,
		23.597483, 14.463442, 2.694455>
	pigment { color rgbt <0,1,1,0> }
	no_shadow
}
cylinder {
	<23.009836, 14.397399, 3.263106>,  <23.737768, 14.861568, 3.252860>, 0.130000
	pigment { color rgbt <1,0,0,0> }
	no_shadow
}

// nucleotide -1

// particle -1
sphere {
	<23.009836, 14.397399, 3.263106> 0.250000
	pigment { color rgbt <1,0,0,0> }
	no_shadow
}
cylinder {
	<23.343060, 14.261311, 3.088630>,  <23.542994, 14.179658, 2.983945>, 0.100000
	pigment { color rgbt <1,0,0,0> }
	no_shadow
}
cylinder {
	<23.343060, 14.261311, 3.088630>,  <23.009836, 14.397399, 3.263106>, 0.100000
	pigment { color rgbt <1,0,0,0> }
	no_shadow
}

// particle -1
sphere {
	<23.343060, 14.261311, 3.088630> 0.100000
	pigment { color rgbt <1,0,0,0> }
	no_shadow
}
sphere {
	0, 1
	scale<0.080000,0.200000,0.300000>
	matrix <-0.082324, -0.855976, 0.510420,
		-0.547023, -0.389301, -0.741087,
		0.833060, -0.340221, -0.436189,
		23.592978, 14.159245, 2.957773>
	pigment { color rgbt <0,1,1,0> }
	no_shadow
}
cylinder {
	<22.398447, 14.473764, 2.777740>,  <23.009836, 14.397399, 3.263106>, 0.130000
	pigment { color rgbt <1,0,0,0> }
	no_shadow
}

// nucleotide -1

// particle -1
sphere {
	<22.398447, 14.473764, 2.777740> 0.250000
	pigment { color rgbt <1,0,0,0> }
	no_shadow
}
cylinder {
	<22.037663, 14.305786, 2.737512>,  <21.821192, 14.204999, 2.713375>, 0.100000
	pigment { color rgbt <1,0,0,0> }
	no_shadow
}
cylinder {
	<22.037663, 14.305786, 2.737512>,  <22.398447, 14.473764, 2.777740>, 0.100000
	pigment { color rgbt <1,0,0,0> }
	no_shadow
}

// particle -1
sphere {
	<22.037663, 14.305786, 2.737512> 0.100000
	pigment { color rgbt <1,0,0,0> }
	no_shadow
}
sphere {
	0, 1
	scale<0.080000,0.200000,0.300000>
	matrix <-0.418347, 0.792066, 0.444542,
		-0.107024, 0.443033, -0.890095,
		-0.901960, -0.419945, -0.100572,
		21.767075, 14.179803, 2.707340>
	pigment { color rgbt <0,1,1,0> }
	no_shadow
}
cylinder {
	<21.914442, 14.944187, 2.524228>,  <22.398447, 14.473764, 2.777740>, 0.130000
	pigment { color rgbt <1,0,0,0> }
	no_shadow
}

// nucleotide -1

// particle -1
sphere {
	<21.914442, 14.944187, 2.524228> 0.250000
	pigment { color rgbt <1,0,0,0> }
	no_shadow
}
cylinder {
	<21.738148, 14.686653, 2.774421>,  <21.632372, 14.532133, 2.924538>, 0.100000
	pigment { color rgbt <1,0,0,0> }
	no_shadow
}
cylinder {
	<21.738148, 14.686653, 2.774421>,  <21.914442, 14.944187, 2.524228>, 0.100000
	pigment { color rgbt <1,0,0,0> }
	no_shadow
}

// particle -1
sphere {
	<21.738148, 14.686653, 2.774421> 0.100000
	pigment { color rgbt <1,0,0,0> }
	no_shadow
}
sphere {
	0, 1
	scale<0.080000,0.200000,0.300000>
	matrix <-0.349720, 0.764912, 0.540930,
		-0.826710, 0.019663, -0.562285,
		-0.440735, -0.643835, 0.625484,
		21.605927, 14.493503, 2.962067>
	pigment { color rgbt <0,1,1,0> }
	no_shadow
}
cylinder {
	<21.371729, 15.475282, 2.822795>,  <21.914442, 14.944187, 2.524228>, 0.130000
	pigment { color rgbt <1,0,0,0> }
	no_shadow
}

// nucleotide -1

// particle -1
sphere {
	<21.371729, 15.475282, 2.822795> 0.250000
	pigment { color rgbt <1,0,0,0> }
	no_shadow
}
cylinder {
	<21.462826, 15.207729, 3.105844>,  <21.517485, 15.047198, 3.275674>, 0.100000
	pigment { color rgbt <1,0,0,0> }
	no_shadow
}
cylinder {
	<21.462826, 15.207729, 3.105844>,  <21.371729, 15.475282, 2.822795>, 0.100000
	pigment { color rgbt <1,0,0,0> }
	no_shadow
}

// particle -1
sphere {
	<21.462826, 15.207729, 3.105844> 0.100000
	pigment { color rgbt <1,0,0,0> }
	no_shadow
}
sphere {
	0, 1
	scale<0.080000,0.200000,0.300000>
	matrix <-0.286413, 0.648555, 0.705227,
		-0.930645, -0.363284, -0.043871,
		0.227744, -0.668881, 0.707623,
		21.531149, 15.007065, 3.318131>
	pigment { color rgbt <0,1,1,0> }
	no_shadow
}
cylinder {
	<20.746489, 15.323517, 3.238772>,  <21.371729, 15.475282, 2.822795>, 0.130000
	pigment { color rgbt <1,0,0,0> }
	no_shadow
}

// nucleotide -1

// particle -1
sphere {
	<20.746489, 15.323517, 3.238772> 0.250000
	pigment { color rgbt <1,0,0,0> }
	no_shadow
}
cylinder {
	<21.064846, 15.238228, 3.465430>,  <21.255861, 15.187055, 3.601424>, 0.100000
	pigment { color rgbt <1,0,0,0> }
	no_shadow
}
cylinder {
	<21.064846, 15.238228, 3.465430>,  <20.746489, 15.323517, 3.238772>, 0.100000
	pigment { color rgbt <1,0,0,0> }
	no_shadow
}

// particle -1
sphere {
	<21.064846, 15.238228, 3.465430> 0.100000
	pigment { color rgbt <1,0,0,0> }
	no_shadow
}
sphere {
	0, 1
	scale<0.080000,0.200000,0.300000>
	matrix <-0.422698, 0.474362, 0.772210,
		-0.433448, -0.854117, 0.287414,
		0.795896, -0.213223, 0.566644,
		21.303616, 15.174261, 3.635423>
	pigment { color rgbt <0,1,1,0> }
	no_shadow
}
cylinder {
	<20.563112, 14.865008, 3.783242>,  <20.746489, 15.323517, 3.238772>, 0.130000
	pigment { color rgbt <1,0,0,0> }
	no_shadow
}

// nucleotide -1

// particle -1
sphere {
	<20.563112, 14.865008, 3.783242> 0.250000
	pigment { color rgbt <1,0,0,0> }
	no_shadow
}
cylinder {
	<20.853058, 15.132416, 3.849761>,  <21.027025, 15.292860, 3.889672>, 0.100000
	pigment { color rgbt <1,0,0,0> }
	no_shadow
}
cylinder {
	<20.853058, 15.132416, 3.849761>,  <20.563112, 14.865008, 3.783242>, 0.100000
	pigment { color rgbt <1,0,0,0> }
	no_shadow
}

// particle -1
sphere {
	<20.853058, 15.132416, 3.849761> 0.100000
	pigment { color rgbt <1,0,0,0> }
	no_shadow
}
sphere {
	0, 1
	scale<0.080000,0.200000,0.300000>
	matrix <-0.531654, 0.389365, 0.752156,
		0.438079, -0.633624, 0.637658,
		0.724866, 0.668517, 0.166296,
		21.070517, 15.332971, 3.899650>
	pigment { color rgbt <0,1,1,0> }
	no_shadow
}
cylinder {
	<20.732327, 14.777642, 4.557373>,  <20.563112, 14.865008, 3.783242>, 0.130000
	pigment { color rgbt <1,0,0,0> }
	no_shadow
}

// nucleotide -1

// particle -1
sphere {
	<20.732327, 14.777642, 4.557373> 0.250000
	pigment { color rgbt <1,0,0,0> }
	no_shadow
}
cylinder {
	<20.836277, 15.122562, 4.383521>,  <20.898647, 15.329515, 4.279210>, 0.100000
	pigment { color rgbt <1,0,0,0> }
	no_shadow
}
cylinder {
	<20.836277, 15.122562, 4.383521>,  <20.732327, 14.777642, 4.557373>, 0.100000
	pigment { color rgbt <1,0,0,0> }
	no_shadow
}

// particle -1
sphere {
	<20.836277, 15.122562, 4.383521> 0.100000
	pigment { color rgbt <1,0,0,0> }
	no_shadow
}
sphere {
	0, 1
	scale<0.080000,0.200000,0.300000>
	matrix <-0.424523, 0.506287, 0.750636,
		0.867320, -0.010563, 0.497638,
		0.259877, 0.862301, -0.434628,
		20.914240, 15.381252, 4.253133>
	pigment { color rgbt <0,1,1,0> }
	no_shadow
}
cylinder {
	<21.065105, 15.060848, 5.081383>,  <20.732327, 14.777642, 4.557373>, 0.130000
	pigment { color rgbt <1,0,0,0> }
	no_shadow
}

// nucleotide -1

// particle -1
sphere {
	<21.065105, 15.060848, 5.081383> 0.250000
	pigment { color rgbt <1,0,0,0> }
	no_shadow
}
cylinder {
	<20.954872, 15.340931, 4.817940>,  <20.888733, 15.508981, 4.659873>, 0.100000
	pigment { color rgbt <1,0,0,0> }
	no_shadow
}
cylinder {
	<20.954872, 15.340931, 4.817940>,  <21.065105, 15.060848, 5.081383>, 0.100000
	pigment { color rgbt <1,0,0,0> }
	no_shadow
}

// particle -1
sphere {
	<20.954872, 15.340931, 4.817940> 0.100000
	pigment { color rgbt <1,0,0,0> }
	no_shadow
}
sphere {
	0, 1
	scale<0.080000,0.200000,0.300000>
	matrix <-0.372220, 0.553963, 0.744699,
		0.886288, 0.450374, 0.107968,
		-0.275582, 0.700206, -0.658609,
		20.872198, 15.550993, 4.620357>
	pigment { color rgbt <0,1,1,0> }
	no_shadow
}
cylinder {
	<21.274162, 15.821223, 5.207817>,  <21.065105, 15.060848, 5.081383>, 0.130000
	pigment { color rgbt <1,0,0,0> }
	no_shadow
}

// nucleotide -1

// particle -1
sphere {
	<21.274162, 15.821223, 5.207817> 0.250000
	pigment { color rgbt <1,0,0,0> }
	no_shadow
}
cylinder {
	<20.904671, 15.820255, 5.054603>,  <20.682976, 15.819674, 4.962674>, 0.100000
	pigment { color rgbt <1,0,0,0> }
	no_shadow
}
cylinder {
	<20.904671, 15.820255, 5.054603>,  <21.274162, 15.821223, 5.207817>, 0.100000
	pigment { color rgbt <1,0,0,0> }
	no_shadow
}

// particle -1
sphere {
	<20.904671, 15.820255, 5.054603> 0.100000
	pigment { color rgbt <1,0,0,0> }
	no_shadow
}
sphere {
	0, 1
	scale<0.080000,0.200000,0.300000>
	matrix <-0.372630, 0.237250, 0.897139,
		0.088704, 0.971446, -0.220057,
		-0.923731, -0.002420, -0.383035,
		20.627552, 15.819530, 4.939692>
	pigment { color rgbt <0,1,1,0> }
	no_shadow
}
cylinder {
	<21.009819, 16.455061, 5.277883>,  <21.274162, 15.821223, 5.207817>, 0.130000
	pigment { color rgbt <1,0,0,0> }
	no_shadow
}

// nucleotide -1

// particle -1
sphere {
	<21.009819, 16.455061, 5.277883> 0.250000
	pigment { color rgbt <1,0,0,0> }
	no_shadow
}
cylinder {
	<20.712605, 16.187382, 5.281162>,  <20.534275, 16.026773, 5.283130>, 0.100000
	pigment { color rgbt <1,0,0,0> }
	no_shadow
}
cylinder {
	<20.712605, 16.187382, 5.281162>,  <21.009819, 16.455061, 5.277883>, 0.100000
	pigment { color rgbt <1,0,0,0> }
	no_shadow
}

// particle -1
sphere {
	<20.712605, 16.187382, 5.281162> 0.100000
	pigment { color rgbt <1,0,0,0> }
	no_shadow
}
sphere {
	0, 1
	scale<0.080000,0.200000,0.300000>
	matrix <-0.368248, 0.419047, 0.829935,
		-0.558827, 0.613655, -0.557799,
		-0.743038, -0.669199, 0.008198,
		20.489693, 15.986622, 5.283622>
	pigment { color rgbt <0,1,1,0> }
	no_shadow
}
cylinder {
	<21.356256, 17.069796, 5.270530>,  <21.009819, 16.455061, 5.277883>, 0.130000
	pigment { color rgbt <1,0,0,0> }
	no_shadow
}

// nucleotide -1

// particle -1
sphere {
	<21.356256, 17.069796, 5.270530> 0.250000
	pigment { color rgbt <1,0,0,0> }
	no_shadow
}
cylinder {
	<21.350910, 17.264217, 4.921000>,  <21.347702, 17.380871, 4.711281>, 0.100000
	pigment { color rgbt <1,0,0,0> }
	no_shadow
}
cylinder {
	<21.350910, 17.264217, 4.921000>,  <21.356256, 17.069796, 5.270530>, 0.100000
	pigment { color rgbt <1,0,0,0> }
	no_shadow
}

// particle -1
sphere {
	<21.350910, 17.264217, 4.921000> 0.100000
	pigment { color rgbt <1,0,0,0> }
	no_shadow
}
sphere {
	0, 1
	scale<0.080000,0.200000,0.300000>
	matrix <-0.266777, 0.840493, 0.471594,
		0.963665, 0.239422, 0.118432,
		-0.013368, 0.486054, -0.873827,
		21.346899, 17.410034, 4.658852>
	pigment { color rgbt <0,1,1,0> }
	no_shadow
}
cylinder {
	<21.872711, 17.608339, 5.266047>,  <21.356256, 17.069796, 5.270530>, 0.130000
	pigment { color rgbt <1,0,0,0> }
	no_shadow
}

// nucleotide -1

// particle -1
sphere {
	<21.872711, 17.608339, 5.266047> 0.250000
	pigment { color rgbt <1,0,0,0> }
	no_shadow
}
cylinder {
	<21.559883, 17.712910, 5.039765>,  <21.372187, 17.775652, 4.903996>, 0.100000
	pigment { color rgbt <1,0,0,0> }
	no_shadow
}
cylinder {
	<21.559883, 17.712910, 5.039765>,  <21.872711, 17.608339, 5.266047>, 0.100000
	pigment { color rgbt <1,0,0,0> }
	no_shadow
}

// particle -1
sphere {
	<21.559883, 17.712910, 5.039765> 0.100000
	pigment { color rgbt <1,0,0,0> }
	no_shadow
}
sphere {
	0, 1
	scale<0.080000,0.200000,0.300000>
	matrix <-0.083388, 0.855693, 0.510721,
		0.617584, 0.446593, -0.647414,
		-0.782072, 0.261426, -0.565703,
		21.325262, 17.791338, 4.870055>
	pigment { color rgbt <0,1,1,0> }
	no_shadow
}
cylinder {
	<21.998579, 18.332970, 5.001648>,  <21.872711, 17.608339, 5.266047>, 0.130000
	pigment { color rgbt <1,0,0,0> }
	no_shadow
}

// nucleotide -1

// particle -1
sphere {
	<21.998579, 18.332970, 5.001648> 0.250000
	pigment { color rgbt <1,0,0,0> }
	no_shadow
}
cylinder {
	<21.614216, 18.228722, 5.039029>,  <21.383598, 18.166172, 5.061458>, 0.100000
	pigment { color rgbt <1,0,0,0> }
	no_shadow
}
cylinder {
	<21.614216, 18.228722, 5.039029>,  <21.998579, 18.332970, 5.001648>, 0.100000
	pigment { color rgbt <1,0,0,0> }
	no_shadow
}

// particle -1
sphere {
	<21.614216, 18.228722, 5.039029> 0.100000
	pigment { color rgbt <1,0,0,0> }
	no_shadow
}
sphere {
	0, 1
	scale<0.080000,0.200000,0.300000>
	matrix <-0.210260, 0.906508, 0.366106,
		-0.180130, 0.332145, -0.925869,
		-0.960908, -0.260620, 0.093452,
		21.325943, 18.150536, 5.067065>
	pigment { color rgbt <0,1,1,0> }
	no_shadow
}
cylinder {
	<21.546583, 18.784464, 4.585992>,  <21.998579, 18.332970, 5.001648>, 0.130000
	pigment { color rgbt <1,0,0,0> }
	no_shadow
}

// nucleotide -1

// particle -1
sphere {
	<21.546583, 18.784464, 4.585992> 0.250000
	pigment { color rgbt <1,0,0,0> }
	no_shadow
}
cylinder {
	<21.382072, 18.644352, 4.922601>,  <21.283367, 18.560286, 5.124566>, 0.100000
	pigment { color rgbt <1,0,0,0> }
	no_shadow
}
cylinder {
	<21.382072, 18.644352, 4.922601>,  <21.546583, 18.784464, 4.585992>, 0.100000
	pigment { color rgbt <1,0,0,0> }
	no_shadow
}

// particle -1
sphere {
	<21.382072, 18.644352, 4.922601> 0.100000
	pigment { color rgbt <1,0,0,0> }
	no_shadow
}
sphere {
	0, 1
	scale<0.080000,0.200000,0.300000>
	matrix <-0.271116, 0.928441, 0.253957,
		-0.870258, -0.123704, -0.476811,
		-0.411275, -0.350279, 0.841521,
		21.258690, 18.539268, 5.175057>
	pigment { color rgbt <0,1,1,0> }
	no_shadow
}
cylinder {
	<20.912361, 19.217756, 4.725452>,  <21.546583, 18.784464, 4.585992>, 0.130000
	pigment { color rgbt <1,0,0,0> }
	no_shadow
}

// nucleotide -1

// particle -1
sphere {
	<20.912361, 19.217756, 4.725452> 0.250000
	pigment { color rgbt <1,0,0,0> }
	no_shadow
}
cylinder {
	<21.013950, 19.067783, 5.082087>,  <21.074903, 18.977800, 5.296067>, 0.100000
	pigment { color rgbt <1,0,0,0> }
	no_shadow
}
cylinder {
	<21.013950, 19.067783, 5.082087>,  <20.912361, 19.217756, 4.725452>, 0.100000
	pigment { color rgbt <1,0,0,0> }
	no_shadow
}

// particle -1
sphere {
	<21.013950, 19.067783, 5.082087> 0.100000
	pigment { color rgbt <1,0,0,0> }
	no_shadow
}
sphere {
	0, 1
	scale<0.080000,0.200000,0.300000>
	matrix <-0.378358, 0.809842, 0.448333,
		-0.890137, -0.451202, 0.063819,
		0.253972, -0.374931, 0.891586,
		21.090141, 18.955303, 5.349562>
	pigment { color rgbt <0,1,1,0> }
	no_shadow
}
cylinder {
	<20.369110, 19.111340, 5.110930>,  <20.912361, 19.217756, 4.725452>, 0.130000
	pigment { color rgbt <1,0,0,0> }
	no_shadow
}

// nucleotide -1

// particle -1
sphere {
	<20.369110, 19.111340, 5.110930> 0.250000
	pigment { color rgbt <1,0,0,0> }
	no_shadow
}
cylinder {
	<20.656170, 19.175358, 5.382036>,  <20.828405, 19.213768, 5.544700>, 0.100000
	pigment { color rgbt <1,0,0,0> }
	no_shadow
}
cylinder {
	<20.656170, 19.175358, 5.382036>,  <20.369110, 19.111340, 5.110930>, 0.100000
	pigment { color rgbt <1,0,0,0> }
	no_shadow
}

// particle -1
sphere {
	<20.656170, 19.175358, 5.382036> 0.100000
	pigment { color rgbt <1,0,0,0> }
	no_shadow
}
sphere {
	0, 1
	scale<0.080000,0.200000,0.300000>
	matrix <-0.544659, 0.735461, 0.403043,
		-0.433965, -0.658394, 0.614973,
		0.717649, 0.160044, 0.677765,
		20.871466, 19.223372, 5.585366>
	pigment { color rgbt <0,1,1,0> }
	no_shadow
}
cylinder {
	<20.602350, 19.660381, 5.654637>,  <20.369110, 19.111340, 5.110930>, 0.130000
	pigment { color rgbt <1,0,0,0> }
	no_shadow
}

// nucleotide -1

// particle -1
sphere {
	<20.602350, 19.660381, 5.654637> 0.250000
	pigment { color rgbt <1,0,0,0> }
	no_shadow
}
cylinder {
	<20.849445, 19.501915, 5.926358>,  <20.997702, 19.406836, 6.089391>, 0.100000
	pigment { color rgbt <1,0,0,0> }
	no_shadow
}
cylinder {
	<20.849445, 19.501915, 5.926358>,  <20.602350, 19.660381, 5.654637>, 0.100000
	pigment { color rgbt <1,0,0,0> }
	no_shadow
}

// particle -1
sphere {
	<20.849445, 19.501915, 5.926358> 0.100000
	pigment { color rgbt <1,0,0,0> }
	no_shadow
}
sphere {
	0, 1
	scale<0.080000,0.200000,0.300000>
	matrix <0.574387, 0.817308, -0.045680,
		-0.537103, 0.418401, 0.732435,
		0.617738, -0.396166, 0.679303,
		21.034767, 19.383064, 6.130149>
	pigment { color rgbt <0,1,1,0> }
	no_shadow
}
cylinder {
	<20.509293, 19.324930, 6.272582>,  <20.602350, 19.660381, 5.654637>, 0.130000
	pigment { color rgbt <1,0,0,0> }
	no_shadow
}

// nucleotide -1

// particle -1
sphere {
	<20.509293, 19.324930, 6.272582> 0.250000
	pigment { color rgbt <1,0,0,0> }
	no_shadow
}
cylinder {
	<20.854870, 19.182240, 6.130402>,  <21.062218, 19.096624, 6.045094>, 0.100000
	pigment { color rgbt <1,0,0,0> }
	no_shadow
}
cylinder {
	<20.854870, 19.182240, 6.130402>,  <20.509293, 19.324930, 6.272582>, 0.100000
	pigment { color rgbt <1,0,0,0> }
	no_shadow
}

// particle -1
sphere {
	<20.854870, 19.182240, 6.130402> 0.100000
	pigment { color rgbt <1,0,0,0> }
	no_shadow
}
sphere {
	0, 1
	scale<0.080000,0.200000,0.300000>
	matrix <0.314592, -0.168847, 0.934089,
		-0.393231, -0.918824, -0.033651,
		0.863945, -0.356727, -0.355450,
		21.114054, 19.075222, 6.023767>
	pigment { color rgbt <0,1,1,0> }
	no_shadow
}
cylinder {
	<20.782974, 18.611248, 6.503489>,  <20.509293, 19.324930, 6.272582>, 0.130000
	pigment { color rgbt <1,0,0,0> }
	no_shadow
}

// nucleotide -1

// particle -1
sphere {
	<20.782974, 18.611248, 6.503489> 0.250000
	pigment { color rgbt <1,0,0,0> }
	no_shadow
}
cylinder {
	<21.098961, 18.833729, 6.400270>,  <21.288553, 18.967218, 6.338339>, 0.100000
	pigment { color rgbt <1,0,0,0> }
	no_shadow
}
cylinder {
	<21.098961, 18.833729, 6.400270>,  <20.782974, 18.611248, 6.503489>, 0.100000
	pigment { color rgbt <1,0,0,0> }
	no_shadow
}

// particle -1
sphere {
	<21.098961, 18.833729, 6.400270> 0.100000
	pigment { color rgbt <1,0,0,0> }
	no_shadow
}
sphere {
	0, 1
	scale<0.080000,0.200000,0.300000>
	matrix <0.347004, -0.058577, 0.936033,
		0.505509, -0.828979, -0.239279,
		0.789968, 0.556204, -0.258047,
		21.335951, 19.000589, 6.322856>
	pigment { color rgbt <0,1,1,0> }
	no_shadow
}
cylinder {
	<21.420532, 18.323496, 6.787310>,  <20.782974, 18.611248, 6.503489>, 0.130000
	pigment { color rgbt <1,0,0,0> }
	no_shadow
}

// nucleotide -1

// particle -1
sphere {
	<21.420532, 18.323496, 6.787310> 0.250000
	pigment { color rgbt <1,0,0,0> }
	no_shadow
}
cylinder {
	<21.464664, 18.718586, 6.743084>,  <21.491144, 18.955641, 6.716548>, 0.100000
	pigment { color rgbt <1,0,0,0> }
	no_shadow
}
cylinder {
	<21.464664, 18.718586, 6.743084>,  <21.420532, 18.323496, 6.787310>, 0.100000
	pigment { color rgbt <1,0,0,0> }
	no_shadow
}

// particle -1
sphere {
	<21.464664, 18.718586, 6.743084> 0.100000
	pigment { color rgbt <1,0,0,0> }
	no_shadow
}
sphere {
	0, 1
	scale<0.080000,0.200000,0.300000>
	matrix <0.227156, 0.083239, 0.970294,
		0.967588, -0.132169, -0.215184,
		0.110331, 0.987726, -0.110564,
		21.497765, 19.014904, 6.709915>
	pigment { color rgbt <0,1,1,0> }
	no_shadow
}
cylinder {
	<22.053204, 18.549107, 7.086038>,  <21.420532, 18.323496, 6.787310>, 0.130000
	pigment { color rgbt <1,0,0,0> }
	no_shadow
}

// nucleotide -1

// particle -1
sphere {
	<22.053204, 18.549107, 7.086038> 0.250000
	pigment { color rgbt <1,0,0,0> }
	no_shadow
}
cylinder {
	<21.813049, 18.868919, 7.092786>,  <21.668957, 19.060806, 7.096835>, 0.100000
	pigment { color rgbt <1,0,0,0> }
	no_shadow
}
cylinder {
	<21.813049, 18.868919, 7.092786>,  <22.053204, 18.549107, 7.086038>, 0.100000
	pigment { color rgbt <1,0,0,0> }
	no_shadow
}

// particle -1
sphere {
	<21.813049, 18.868919, 7.092786> 0.100000
	pigment { color rgbt <1,0,0,0> }
	no_shadow
}
sphere {
	0, 1
	scale<0.080000,0.200000,0.300000>
	matrix <0.212954, 0.139507, 0.967051,
		0.770834, 0.584199, -0.254022,
		-0.600388, 0.799531, 0.016871,
		21.632933, 19.108778, 7.097847>
	pigment { color rgbt <0,1,1,0> }
	no_shadow
}
cylinder {
	<22.418053, 19.000334, 7.350183>,  <22.053204, 18.549107, 7.086038>, 0.130000
	pigment { color rgbt <1,0,0,0> }
	no_shadow
}

// nucleotide -1

// particle -1
sphere {
	<22.418053, 19.000334, 7.350183> 0.250000
	pigment { color rgbt <1,0,0,0> }
	no_shadow
}
cylinder {
	<22.039658, 19.122196, 7.394527>,  <21.812620, 19.195314, 7.421134>, 0.100000
	pigment { color rgbt <1,0,0,0> }
	no_shadow
}
cylinder {
	<22.039658, 19.122196, 7.394527>,  <22.418053, 19.000334, 7.350183>, 0.100000
	pigment { color rgbt <1,0,0,0> }
	no_shadow
}

// particle -1
sphere {
	<22.039658, 19.122196, 7.394527> 0.100000
	pigment { color rgbt <1,0,0,0> }
	no_shadow
}
sphere {
	0, 1
	scale<0.080000,0.200000,0.300000>
	matrix <0.221343, 0.357071, 0.907473,
		0.236882, 0.882998, -0.405218,
		-0.945989, 0.304656, 0.110861,
		21.755861, 19.213593, 7.427786>
	pigment { color rgbt <0,1,1,0> }
	no_shadow
}
cylinder {
	<22.403999, 19.678459, 7.731053>,  <22.418053, 19.000334, 7.350183>, 0.130000
	pigment { color rgbt <1,0,0,0> }
	no_shadow
}

// nucleotide -1

// particle -1
sphere {
	<22.403999, 19.678459, 7.731053> 0.250000
	pigment { color rgbt <1,0,0,0> }
	no_shadow
}
cylinder {
	<22.041794, 19.521629, 7.795951>,  <21.824471, 19.427530, 7.834889>, 0.100000
	pigment { color rgbt <1,0,0,0> }
	no_shadow
}
cylinder {
	<22.041794, 19.521629, 7.795951>,  <22.403999, 19.678459, 7.731053>, 0.100000
	pigment { color rgbt <1,0,0,0> }
	no_shadow
}

// particle -1
sphere {
	<22.041794, 19.521629, 7.795951> 0.100000
	pigment { color rgbt <1,0,0,0> }
	no_shadow
}
sphere {
	0, 1
	scale<0.080000,0.200000,0.300000>
	matrix <0.018854, 0.344808, 0.938484,
		-0.423901, 0.852868, -0.304836,
		-0.905512, -0.392077, 0.162244,
		21.770140, 19.404007, 7.844624>
	pigment { color rgbt <0,1,1,0> }
	no_shadow
}
cylinder {
	<22.258562, 20.013542, 8.256145>,  <22.403999, 19.678459, 7.731053>, 0.130000
	pigment { color rgbt <1,0,0,0> }
	no_shadow
}

// nucleotide -1

// particle -1
sphere {
	<22.258562, 20.013542, 8.256145> 0.250000
	pigment { color rgbt <1,0,0,0> }
	no_shadow
}
cylinder {
	<21.948807, 19.760868, 8.270538>,  <21.762953, 19.609262, 8.279174>, 0.100000
	pigment { color rgbt <1,0,0,0> }
	no_shadow
}
cylinder {
	<21.948807, 19.760868, 8.270538>,  <22.258562, 20.013542, 8.256145>, 0.100000
	pigment { color rgbt <1,0,0,0> }
	no_shadow
}

// particle -1
sphere {
	<21.948807, 19.760868, 8.270538> 0.100000
	pigment { color rgbt <1,0,0,0> }
	no_shadow
}
sphere {
	0, 1
	scale<0.080000,0.200000,0.300000>
	matrix <-0.093671, 0.170704, 0.980860,
		-0.625739, 0.756195, -0.191362,
		-0.774388, -0.631687, 0.035982,
		21.716490, 19.571362, 8.281333>
	pigment { color rgbt <0,1,1,0> }
	no_shadow
}
cylinder {
	<21.658279, 20.304934, 8.606512>,  <22.258562, 20.013542, 8.256145>, 0.130000
	pigment { color rgbt <1,0,0,0> }
	no_shadow
}

// nucleotide -1

// particle -1
sphere {
	<21.658279, 20.304934, 8.606512> 0.250000
	pigment { color rgbt <1,0,0,0> }
	no_shadow
}
cylinder {
	<21.559082, 19.917728, 8.621732>,  <21.499563, 19.685406, 8.630864>, 0.100000
	pigment { color rgbt <1,0,0,0> }
	no_shadow
}
cylinder {
	<21.559082, 19.917728, 8.621732>,  <21.658279, 20.304934, 8.606512>, 0.100000
	pigment { color rgbt <1,0,0,0> }
	no_shadow
}

// particle -1
sphere {
	<21.559082, 19.917728, 8.621732> 0.100000
	pigment { color rgbt <1,0,0,0> }
	no_shadow
}
sphere {
	0, 1
	scale<0.080000,0.200000,0.300000>
	matrix <-0.099797, 0.064595, 0.992909,
		-0.963608, 0.242438, -0.112625,
		-0.247994, -0.968014, 0.038050,
		21.484684, 19.627325, 8.633146>
	pigment { color rgbt <0,1,1,0> }
	no_shadow
}
cylinder {
	<20.976480, 20.162888, 8.903907>,  <21.658279, 20.304934, 8.606512>, 0.130000
	pigment { color rgbt <1,0,0,0> }
	no_shadow
}

// nucleotide -1

// particle -1
sphere {
	<20.976480, 20.162888, 8.903907> 0.250000
	pigment { color rgbt <1,0,0,0> }
	no_shadow
}
cylinder {
	<21.180309, 19.822285, 8.953335>,  <21.302607, 19.617924, 8.982992>, 0.100000
	pigment { color rgbt <1,0,0,0> }
	no_shadow
}
cylinder {
	<21.180309, 19.822285, 8.953335>,  <20.976480, 20.162888, 8.903907>, 0.100000
	pigment { color rgbt <1,0,0,0> }
	no_shadow
}

// particle -1
sphere {
	<21.180309, 19.822285, 8.953335> 0.100000
	pigment { color rgbt <1,0,0,0> }
	no_shadow
}
sphere {
	0, 1
	scale<0.080000,0.200000,0.300000>
	matrix <-0.048336, 0.115059, 0.992182,
		-0.859069, -0.511562, 0.017472,
		0.509573, -0.851508, 0.123571,
		21.333181, 19.566832, 8.990406>
	pigment { color rgbt <0,1,1,0> }
	no_shadow
}
cylinder {
	<20.690826, 19.770367, 9.487363>,  <20.976480, 20.162888, 8.903907>, 0.130000
	pigment { color rgbt <1,0,0,0> }
	no_shadow
}

// nucleotide -1

// particle -1
sphere {
	<20.690826, 19.770367, 9.487363> 0.250000
	pigment { color rgbt <1,0,0,0> }
	no_shadow
}
cylinder {
	<21.050949, 19.606426, 9.428756>,  <21.267023, 19.508062, 9.393592>, 0.100000
	pigment { color rgbt <1,0,0,0> }
	no_shadow
}
cylinder {
	<21.050949, 19.606426, 9.428756>,  <20.690826, 19.770367, 9.487363>, 0.100000
	pigment { color rgbt <1,0,0,0> }
	no_shadow
}

// particle -1
sphere {
	<21.050949, 19.606426, 9.428756> 0.100000
	pigment { color rgbt <1,0,0,0> }
	no_shadow
}
sphere {
	0, 1
	scale<0.080000,0.200000,0.300000>
	matrix <0.149514, -0.024924, 0.988445,
		-0.408766, -0.911812, 0.038839,
		0.900309, -0.409850, -0.146517,
		21.321041, 19.483471, 9.384801>
	pigment { color rgbt <0,1,1,0> }
	no_shadow
}
cylinder {
	<20.727602, 19.308891, 10.007268>,  <20.690826, 19.770367, 9.487363>, 0.130000
	pigment { color rgbt <1,0,0,0> }
	no_shadow
}

// nucleotide -1

// particle -1
sphere {
	<20.727602, 19.308891, 10.007268> 0.250000
	pigment { color rgbt <1,0,0,0> }
	no_shadow
}
cylinder {
	<21.106983, 19.330284, 9.882320>,  <21.334612, 19.343121, 9.807352>, 0.100000
	pigment { color rgbt <1,0,0,0> }
	no_shadow
}
cylinder {
	<21.106983, 19.330284, 9.882320>,  <20.727602, 19.308891, 10.007268>, 0.100000
	pigment { color rgbt <1,0,0,0> }
	no_shadow
}

// particle -1
sphere {
	<21.106983, 19.330284, 9.882320> 0.100000
	pigment { color rgbt <1,0,0,0> }
	no_shadow
}
sphere {
	0, 1
	scale<0.080000,0.200000,0.300000>
	matrix <0.297760, 0.187092, 0.936128,
		0.108504, -0.980886, 0.161524,
		0.948454, 0.053479, -0.312369,
		21.391520, 19.346329, 9.788610>
	pigment { color rgbt <0,1,1,0> }
	no_shadow
}
cylinder {
	<21.059959, 18.670683, 10.266258>,  <20.727602, 19.308891, 10.007268>, 0.130000
	pigment { color rgbt <1,0,0,0> }
	no_shadow
}

// nucleotide -1

// particle -1
sphere {
	<21.059959, 18.670683, 10.266258> 0.250000
	pigment { color rgbt <1,0,0,0> }
