// switches for output
#declare DRAW_BASES = 1; // possible values are 0, 1; only relevant for DNA ribbons
#declare DRAW_BASES_TYPE = 3; // possible values are 1, 2, 3; only relevant for DNA ribbons
#declare DRAW_FOG = 0; // set to 1 to enable fog

#include "colors.inc"

#include "transforms.inc"
background { rgb <1, 1, 1>}

#default {
   normal{
       ripples 0.25
       frequency 0.20
       turbulence 0.2
       lambda 5
   }
	finish {
		phong 0.1
		phong_size 40.
	}
}

// original window dimensions: 1024x640


// camera settings

camera {
	sky <-0, 1, 0>
	up <-0, 1, 0>
	right 1.6 * <1, 0, 0>
	location <18.5, 18.5, 82.5562>
	look_at <18.5, 18.5, 18.5>
	direction <0, 0, -64.0562>
	angle 67.0682
}


# declare cpy_camera_pos = <18.5, 18.5, 82.5562>;
# if (DRAW_FOG = 1)
fog {
	fog_type 2
	up vnormalize(cpy_camera_pos)
	color rgbt<1,1,1,0.3>
	distance 1e-5
	fog_alt 3e-3
	fog_offset 29.6
}
# end


// LIGHTS

# declare lum = 6;
global_settings {
	ambient_light rgb lum * <0.05, 0.05, 0.05>
	max_trace_level 15
}# declare cpy_direct_light_amount = 0.25;
light_source
{	1000 * <-1, -1, 1>,
	rgb lum * cpy_direct_light_amount
	parallel
}

light_source
{	1000 * <1, 1, -1>,
	rgb lum * cpy_direct_light_amount
	parallel
}

// strand 0

// nucleotide -1

// particle -1
sphere {
	<22.299526, 17.533253, -1.869879> 0.250000
	pigment { color rgbt <1,0,0,0> }
	no_shadow
}
cylinder {
	<22.206211, 17.223972, -1.634002>,  <22.150223, 17.038404, -1.492476>, 0.100000
	pigment { color rgbt <1,0,0,0> }
	no_shadow
}
cylinder {
	<22.206211, 17.223972, -1.634002>,  <22.299526, 17.533253, -1.869879>, 0.100000
	pigment { color rgbt <1,0,0,0> }
	no_shadow
}

// particle -1
sphere {
	<22.206211, 17.223972, -1.634002> 0.100000
	pigment { color rgbt <1,0,0,0> }
	no_shadow
}
sphere {
	0, 1
	scale<0.080000,0.200000,0.300000>
	matrix <0.821202, 0.168117, 0.545311,
		-0.520772, 0.611471, 0.595735,
		-0.233288, -0.773201, 0.589692,
		22.136225, 16.992012, -1.457095>
	pigment { color rgbt <0,1,1,0> }
	no_shadow
}
cylinder {
	<22.358202, 17.757557, -1.111817>,  <22.299526, 17.533253, -1.869879>, 0.130000
	pigment { color rgbt <1,0,0,0> }
	no_shadow
}

// nucleotide -1

// particle -1
sphere {
	<22.358202, 17.757557, -1.111817> 0.250000
	pigment { color rgbt <1,0,0,0> }
	no_shadow
}
cylinder {
	<22.437042, 17.377193, -1.207250>,  <22.484346, 17.148975, -1.264510>, 0.100000
	pigment { color rgbt <1,0,0,0> }
	no_shadow
}
cylinder {
	<22.437042, 17.377193, -1.207250>,  <22.358202, 17.757557, -1.111817>, 0.100000
	pigment { color rgbt <1,0,0,0> }
	no_shadow
}

// particle -1
sphere {
	<22.437042, 17.377193, -1.207250> 0.100000
	pigment { color rgbt <1,0,0,0> }
	no_shadow
}
sphere {
	0, 1
	scale<0.080000,0.200000,0.300000>
	matrix <0.897833, 0.077335, 0.433491,
		-0.393760, -0.299647, 0.869002,
		0.197099, -0.950911, -0.238581,
		22.496172, 17.091921, -1.278824>
	pigment { color rgbt <0,1,1,0> }
	no_shadow
}
cylinder {
	<22.567081, 17.357447, -0.466383>,  <22.358202, 17.757557, -1.111817>, 0.130000
	pigment { color rgbt <1,0,0,0> }
	no_shadow
}

// nucleotide -1

// particle -1
sphere {
	<22.567081, 17.357447, -0.466383> 0.250000
	pigment { color rgbt <1,0,0,0> }
	no_shadow
}
cylinder {
	<22.687008, 17.165176, -0.796003>,  <22.758965, 17.049814, -0.993776>, 0.100000
	pigment { color rgbt <1,0,0,0> }
	no_shadow
}
cylinder {
	<22.687008, 17.165176, -0.796003>,  <22.567081, 17.357447, -0.466383>, 0.100000
	pigment { color rgbt <1,0,0,0> }
	no_shadow
}

// particle -1
sphere {
	<22.687008, 17.165176, -0.796003> 0.100000
	pigment { color rgbt <1,0,0,0> }
	no_shadow
}
sphere {
	0, 1
	scale<0.080000,0.200000,0.300000>
	matrix <0.947281, 0.047680, 0.316838,
		-0.113006, -0.875600, 0.469632,
		0.299816, -0.480678, -0.824051,
		22.776953, 17.020973, -1.043219>
	pigment { color rgbt <0,1,1,0> }
	no_shadow
}
cylinder {
	<23.252550, 17.138498, -0.218567>,  <22.567081, 17.357447, -0.466383>, 0.130000
	pigment { color rgbt <1,0,0,0> }
	no_shadow
}

// nucleotide -1

// particle -1
sphere {
	<23.252550, 17.138498, -0.218567> 0.250000
	pigment { color rgbt <1,0,0,0> }
	no_shadow
}
cylinder {
	<23.202499, 17.078041, -0.610791>,  <23.172470, 17.041767, -0.846126>, 0.100000
	pigment { color rgbt <1,0,0,0> }
	no_shadow
}
cylinder {
	<23.202499, 17.078041, -0.610791>,  <23.252550, 17.138498, -0.218567>, 0.100000
	pigment { color rgbt <1,0,0,0> }
	no_shadow
}

// particle -1
sphere {
	<23.202499, 17.078041, -0.610791> 0.100000
	pigment { color rgbt <1,0,0,0> }
	no_shadow
}
sphere {
	0, 1
	scale<0.080000,0.200000,0.300000>
	matrix <0.992141, -0.019867, -0.123541,
		-0.000808, -0.988312, 0.152441,
		-0.125126, -0.151144, -0.980561,
		23.164961, 17.032698, -0.904960>
	pigment { color rgbt <0,1,1,0> }
	no_shadow
}
cylinder {
	<23.626728, 16.520338, -0.412407>,  <23.252550, 17.138498, -0.218567>, 0.130000
	pigment { color rgbt <1,0,0,0> }
	no_shadow
}

// nucleotide -1

// particle -1
sphere {
	<23.626728, 16.520338, -0.412407> 0.250000
	pigment { color rgbt <1,0,0,0> }
	no_shadow
}
cylinder {
	<23.585140, 16.776226, -0.717025>,  <23.560188, 16.929758, -0.899795>, 0.100000
	pigment { color rgbt <1,0,0,0> }
	no_shadow
}
cylinder {
	<23.585140, 16.776226, -0.717025>,  <23.626728, 16.520338, -0.412407>, 0.100000
	pigment { color rgbt <1,0,0,0> }
	no_shadow
}

// particle -1
sphere {
	<23.585140, 16.776226, -0.717025> 0.100000
	pigment { color rgbt <1,0,0,0> }
	no_shadow
}
sphere {
	0, 1
	scale<0.080000,0.200000,0.300000>
	matrix <0.994098, 0.090689, -0.059537,
		0.030977, -0.763239, -0.645373,
		-0.103970, 0.639720, -0.761544,
		23.553949, 16.968142, -0.945488>
	pigment { color rgbt <0,1,1,0> }
	no_shadow
}
cylinder {
	<23.238375, 16.033571, 0.095668>,  <23.626728, 16.520338, -0.412407>, 0.130000
	pigment { color rgbt <1,0,0,0> }
	no_shadow
}

// nucleotide -1

// particle -1
sphere {
	<23.238375, 16.033571, 0.095668> 0.250000
	pigment { color rgbt <1,0,0,0> }
	no_shadow
}
cylinder {
	<23.097862, 15.766548, 0.358261>,  <23.013554, 15.606334, 0.515816>, 0.100000
	pigment { color rgbt <1,0,0,0> }
	no_shadow
}
cylinder {
	<23.097862, 15.766548, 0.358261>,  <23.238375, 16.033571, 0.095668>, 0.100000
	pigment { color rgbt <1,0,0,0> }
	no_shadow
}

// particle -1
sphere {
	<23.097862, 15.766548, 0.358261> 0.100000
	pigment { color rgbt <1,0,0,0> }
	no_shadow
}
sphere {
	0, 1
	scale<0.080000,0.200000,0.300000>
	matrix <-0.800088, 0.578199, 0.159829,
		-0.486272, -0.469097, -0.737217,
		-0.351283, -0.667558, 0.656481,
		22.992477, 15.566280, 0.555205>
	pigment { color rgbt <0,1,1,0> }
	no_shadow
}
cylinder {
	<22.489611, 15.920150, -0.041780>,  <23.238375, 16.033571, 0.095668>, 0.130000
	pigment { color rgbt <1,0,0,0> }
	no_shadow
}

// nucleotide -1

// particle -1
sphere {
	<22.489611, 15.920150, -0.041780> 0.250000
	pigment { color rgbt <1,0,0,0> }
	no_shadow
}
cylinder {
	<22.562500, 15.847561, 0.344766>,  <22.606234, 15.804008, 0.576694>, 0.100000
	pigment { color rgbt <1,0,0,0> }
	no_shadow
}
cylinder {
	<22.562500, 15.847561, 0.344766>,  <22.489611, 15.920150, -0.041780>, 0.100000
	pigment { color rgbt <1,0,0,0> }
	no_shadow
}

// particle -1
sphere {
	<22.562500, 15.847561, 0.344766> 0.100000
	pigment { color rgbt <1,0,0,0> }
	no_shadow
}
sphere {
	0, 1
	scale<0.080000,0.200000,0.300000>
	matrix <-0.759289, 0.598471, 0.255563,
		-0.624719, -0.780321, -0.028733,
		0.182225, -0.181472, 0.966366,
		22.617167, 15.793119, 0.634676>
	pigment { color rgbt <0,1,1,0> }
	no_shadow
}
cylinder {
	<21.862753, 15.789745, 0.313430>,  <22.489611, 15.920150, -0.041780>, 0.130000
	pigment { color rgbt <1,0,0,0> }
	no_shadow
}

// nucleotide -1

// particle -1
sphere {
	<21.862753, 15.789745, 0.313430> 0.250000
	pigment { color rgbt <1,0,0,0> }
	no_shadow
}
cylinder {
	<22.121105, 15.921650, 0.588849>,  <22.276117, 16.000793, 0.754100>, 0.100000
	pigment { color rgbt <1,0,0,0> }
	no_shadow
}
cylinder {
	<22.121105, 15.921650, 0.588849>,  <21.862753, 15.789745, 0.313430>, 0.100000
	pigment { color rgbt <1,0,0,0> }
	no_shadow
}

// particle -1
sphere {
	<22.121105, 15.921650, 0.588849> 0.100000
	pigment { color rgbt <1,0,0,0> }
	no_shadow
}
sphere {
	0, 1
	scale<0.080000,0.200000,0.300000>
	matrix <-0.669262, 0.678513, 0.302834,
		-0.367325, -0.656412, 0.658935,
		0.645880, 0.329762, 0.688547,
		22.314869, 16.020578, 0.795413>
	pigment { color rgbt <0,1,1,0> }
	no_shadow
}
cylinder {
	<21.394041, 15.986471, 0.855953>,  <21.862753, 15.789745, 0.313430>, 0.130000
	pigment { color rgbt <1,0,0,0> }
	no_shadow
}

// nucleotide -1

// particle -1
sphere {
	<21.394041, 15.986471, 0.855953> 0.250000
	pigment { color rgbt <1,0,0,0> }
	no_shadow
}
cylinder {
	<21.752365, 16.163918, 0.866730>,  <21.967360, 16.270386, 0.873197>, 0.100000
	pigment { color rgbt <1,0,0,0> }
	no_shadow
}
cylinder {
	<21.752365, 16.163918, 0.866730>,  <21.394041, 15.986471, 0.855953>, 0.100000
	pigment { color rgbt <1,0,0,0> }
	no_shadow
}

// particle -1
sphere {
	<21.752365, 16.163918, 0.866730> 0.100000
	pigment { color rgbt <1,0,0,0> }
	no_shadow
}
sphere {
	0, 1
	scale<0.080000,0.200000,0.300000>
	matrix <-0.444267, 0.892161, 0.081703,
		0.012206, -0.085161, 0.996292,
		0.895811, 0.443617, 0.026945,
		22.021109, 16.297003, 0.874814>
	pigment { color rgbt <0,1,1,0> }
	no_shadow
}
cylinder {
	<21.652679, 16.319450, 1.507733>,  <21.394041, 15.986471, 0.855953>, 0.130000
	pigment { color rgbt <1,0,0,0> }
	no_shadow
}

// nucleotide -1

// particle -1
sphere {
	<21.652679, 16.319450, 1.507733> 0.250000
	pigment { color rgbt <1,0,0,0> }
	no_shadow
}
cylinder {
	<21.745926, 16.498955, 1.162649>,  <21.801874, 16.606657, 0.955598>, 0.100000
	pigment { color rgbt <1,0,0,0> }
	no_shadow
}
cylinder {
	<21.745926, 16.498955, 1.162649>,  <21.652679, 16.319450, 1.507733>, 0.100000
	pigment { color rgbt <1,0,0,0> }
	no_shadow
}

// particle -1
sphere {
	<21.745926, 16.498955, 1.162649> 0.100000
	pigment { color rgbt <1,0,0,0> }
	no_shadow
}
sphere {
	0, 1
	scale<0.080000,0.200000,0.300000>
	matrix <-0.512072, 0.810840, 0.283410,
		0.826704, 0.375703, 0.418817,
		0.233116, 0.448760, -0.862711,
		21.815861, 16.633583, 0.903836>
	pigment { color rgbt <0,1,1,0> }
	no_shadow
}
cylinder {
	<22.004610, 16.886335, 1.658716>,  <21.652679, 16.319450, 1.507733>, 0.130000
	pigment { color rgbt <1,0,0,0> }
	no_shadow
}

// nucleotide -1

// particle -1
sphere {
	<22.004610, 16.886335, 1.658716> 0.250000
	pigment { color rgbt <1,0,0,0> }
	no_shadow
}
cylinder {
	<21.845406, 16.957355, 1.298702>,  <21.749884, 16.999968, 1.082693>, 0.100000
	pigment { color rgbt <1,0,0,0> }
	no_shadow
}
cylinder {
	<21.845406, 16.957355, 1.298702>,  <22.004610, 16.886335, 1.658716>, 0.100000
	pigment { color rgbt <1,0,0,0> }
	no_shadow
}

// particle -1
sphere {
	<21.845406, 16.957355, 1.298702> 0.100000
	pigment { color rgbt <1,0,0,0> }
	no_shadow
}
sphere {
	0, 1
	scale<0.080000,0.200000,0.300000>
	matrix <-0.413789, 0.840875, 0.348866,
		0.818759, 0.511277, -0.261208,
		-0.398010, 0.177552, -0.900035,
		21.726002, 17.010622, 1.028691>
	pigment { color rgbt <0,1,1,0> }
	no_shadow
}
cylinder {
	<22.101835, 17.513996, 1.423936>,  <22.004610, 16.886335, 1.658716>, 0.130000
	pigment { color rgbt <1,0,0,0> }
	no_shadow
}

// nucleotide -1

// particle -1
sphere {
	<22.101835, 17.513996, 1.423936> 0.250000
	pigment { color rgbt <1,0,0,0> }
	no_shadow
}
cylinder {
	<21.757607, 17.401104, 1.254343>,  <21.551069, 17.333368, 1.152587>, 0.100000
	pigment { color rgbt <1,0,0,0> }
	no_shadow
}
cylinder {
	<21.757607, 17.401104, 1.254343>,  <22.101835, 17.513996, 1.423936>, 0.100000
	pigment { color rgbt <1,0,0,0> }
	no_shadow
}

// particle -1
sphere {
	<21.757607, 17.401104, 1.254343> 0.100000
	pigment { color rgbt <1,0,0,0> }
	no_shadow
}
sphere {
	0, 1
	scale<0.080000,0.200000,0.300000>
	matrix <-0.388785, 0.901764, 0.188858,
		0.329031, 0.327364, -0.885760,
		-0.860572, -0.282230, -0.423982,
		21.499435, 17.316435, 1.127148>
	pigment { color rgbt <0,1,1,0> }
	no_shadow
}
cylinder {
	<21.962597, 17.895876, 0.790778>,  <22.101835, 17.513996, 1.423936>, 0.130000
	pigment { color rgbt <1,0,0,0> }
	no_shadow
}

// nucleotide -1

// particle -1
sphere {
	<21.962597, 17.895876, 0.790778> 0.250000
	pigment { color rgbt <1,0,0,0> }
	no_shadow
}
cylinder {
	<21.645889, 17.763348, 0.996038>,  <21.455864, 17.683830, 1.119195>, 0.100000
	pigment { color rgbt <1,0,0,0> }
	no_shadow
}
cylinder {
	<21.645889, 17.763348, 0.996038>,  <21.962597, 17.895876, 0.790778>, 0.100000
	pigment { color rgbt <1,0,0,0> }
	no_shadow
}

// particle -1
sphere {
	<21.645889, 17.763348, 0.996038> 0.100000
	pigment { color rgbt <1,0,0,0> }
	no_shadow
}
sphere {
	0, 1
	scale<0.080000,0.200000,0.300000>
	matrix <-0.271254, 0.943445, 0.190612,
		-0.547284, 0.011726, -0.836865,
		-0.791771, -0.331322, 0.513152,
		21.408358, 17.663952, 1.149984>
	pigment { color rgbt <0,1,1,0> }
	no_shadow
}
cylinder {
	<21.287560, 18.307011, 0.438670>,  <21.962597, 17.895876, 0.790778>, 0.130000
	pigment { color rgbt <1,0,0,0> }
	no_shadow
}

// nucleotide -1

// particle -1
sphere {
	<21.287560, 18.307011, 0.438670> 0.250000
	pigment { color rgbt <1,0,0,0> }
	no_shadow
}
cylinder {
	<21.292606, 18.180466, 0.818092>,  <21.295635, 18.104540, 1.045745>, 0.100000
	pigment { color rgbt <1,0,0,0> }
	no_shadow
}
cylinder {
	<21.292606, 18.180466, 0.818092>,  <21.287560, 18.307011, 0.438670>, 0.100000
	pigment { color rgbt <1,0,0,0> }
	no_shadow
}

// particle -1
sphere {
	<21.292606, 18.180466, 0.818092> 0.100000
	pigment { color rgbt <1,0,0,0> }
	no_shadow
}
sphere {
	0, 1
	scale<0.080000,0.200000,0.300000>
	matrix <-0.442101, 0.849107, 0.289074,
		-0.896877, -0.423005, -0.129149,
		0.012619, -0.316361, 0.948555,
		21.296392, 18.085558, 1.102659>
	pigment { color rgbt <0,1,1,0> }
	no_shadow
}
cylinder {
	<20.559872, 18.286167, 0.726494>,  <21.287560, 18.307011, 0.438670>, 0.130000
	pigment { color rgbt <1,0,0,0> }
	no_shadow
}

// nucleotide -1

// particle -1
sphere {
	<20.559872, 18.286167, 0.726494> 0.250000
	pigment { color rgbt <1,0,0,0> }
	no_shadow
}
cylinder {
	<20.837051, 18.343361, 1.009160>,  <21.003359, 18.377678, 1.178760>, 0.100000
	pigment { color rgbt <1,0,0,0> }
	no_shadow
}
cylinder {
	<20.837051, 18.343361, 1.009160>,  <20.559872, 18.286167, 0.726494>, 0.100000
	pigment { color rgbt <1,0,0,0> }
	no_shadow
}

// particle -1
sphere {
	<20.837051, 18.343361, 1.009160> 0.100000
	pigment { color rgbt <1,0,0,0> }
	no_shadow
}
sphere {
	0, 1
	scale<0.080000,0.200000,0.300000>
	matrix <-0.514476, 0.784729, 0.345710,
		-0.505109, -0.603122, 0.617340,
		0.692950, 0.142985, 0.706665,
		21.044937, 18.386257, 1.221160>
	pigment { color rgbt <0,1,1,0> }
	no_shadow
}
cylinder {
	<20.283360, 18.328094, 1.356842>,  <20.559872, 18.286167, 0.726494>, 0.130000
	pigment { color rgbt <1,0,0,0> }
	no_shadow
}

// nucleotide -1

// particle -1
sphere {
	<20.283360, 18.328094, 1.356842> 0.250000
	pigment { color rgbt <1,0,0,0> }
	no_shadow
}
cylinder {
	<20.620068, 18.543190, 1.375863>,  <20.822092, 18.672247, 1.387275>, 0.100000
	pigment { color rgbt <1,0,0,0> }
	no_shadow
}
cylinder {
	<20.620068, 18.543190, 1.375863>,  <20.283360, 18.328094, 1.356842>, 0.100000
	pigment { color rgbt <1,0,0,0> }
	no_shadow
}

// particle -1
sphere {
	<20.620068, 18.543190, 1.375863> 0.100000
	pigment { color rgbt <1,0,0,0> }
	no_shadow
}
sphere {
	0, 1
	scale<0.080000,0.200000,0.300000>
	matrix <-0.500862, 0.745102, 0.440409,
		0.201393, -0.394540, 0.896537,
		0.841771, 0.537736, 0.047552,
		20.872599, 18.704512, 1.390129>
	pigment { color rgbt <0,1,1,0> }
	no_shadow
}
cylinder {
	<20.534069, 18.494228, 2.035524>,  <20.283360, 18.328094, 1.356842>, 0.130000
	pigment { color rgbt <1,0,0,0> }
	no_shadow
}

// nucleotide -1

// particle -1
sphere {
	<20.534069, 18.494228, 2.035524> 0.250000
	pigment { color rgbt <1,0,0,0> }
	no_shadow
}
cylinder {
	<20.654404, 18.803051, 1.811587>,  <20.726604, 18.988344, 1.677225>, 0.100000
	pigment { color rgbt <1,0,0,0> }
	no_shadow
}
cylinder {
	<20.654404, 18.803051, 1.811587>,  <20.534069, 18.494228, 2.035524>, 0.100000
	pigment { color rgbt <1,0,0,0> }
	no_shadow
}

// particle -1
sphere {
	<20.654404, 18.803051, 1.811587> 0.100000
	pigment { color rgbt <1,0,0,0> }
	no_shadow
}
sphere {
	0, 1
	scale<0.080000,0.200000,0.300000>
	matrix <-0.464540, 0.631316, 0.621001,
		0.832887, 0.073251, 0.548574,
		0.300835, 0.772058, -0.559843,
		20.744654, 19.034668, 1.643634>
	pigment { color rgbt <0,1,1,0> }
	no_shadow
}
cylinder {
	<21.064497, 18.841774, 2.385806>,  <20.534069, 18.494228, 2.035524>, 0.130000
	pigment { color rgbt <1,0,0,0> }
	no_shadow
}

// nucleotide -1

// particle -1
sphere {
	<21.064497, 18.841774, 2.385806> 0.250000
	pigment { color rgbt <1,0,0,0> }
	no_shadow
}
cylinder {
	<20.826599, 19.085697, 2.176267>,  <20.683861, 19.232052, 2.050544>, 0.100000
	pigment { color rgbt <1,0,0,0> }
	no_shadow
}
cylinder {
	<20.826599, 19.085697, 2.176267>,  <21.064497, 18.841774, 2.385806>, 0.100000
	pigment { color rgbt <1,0,0,0> }
	no_shadow
}

// particle -1
sphere {
	<20.826599, 19.085697, 2.176267> 0.100000
	pigment { color rgbt <1,0,0,0> }
	no_shadow
}
sphere {
	0, 1
	scale<0.080000,0.200000,0.300000>
	matrix <-0.162453, 0.547012, 0.821211,
		0.787331, 0.573509, -0.226266,
		-0.594742, 0.609808, -0.523848,
		20.648176, 19.268639, 2.019113>
	pigment { color rgbt <0,1,1,0> }
	no_shadow
}
cylinder {
	<21.277807, 19.544054, 2.368330>,  <21.064497, 18.841774, 2.385806>, 0.130000
	pigment { color rgbt <1,0,0,0> }
	no_shadow
}

// nucleotide -1

// particle -1
sphere {
	<21.277807, 19.544054, 2.368330> 0.250000
	pigment { color rgbt <1,0,0,0> }
	no_shadow
}
cylinder {
	<20.877892, 19.536251, 2.365763>,  <20.637941, 19.531570, 2.364224>, 0.100000
	pigment { color rgbt <1,0,0,0> }
	no_shadow
}
cylinder {
	<20.877892, 19.536251, 2.365763>,  <21.277807, 19.544054, 2.368330>, 0.100000
	pigment { color rgbt <1,0,0,0> }
	no_shadow
}

// particle -1
sphere {
	<20.877892, 19.536251, 2.365763> 0.100000
	pigment { color rgbt <1,0,0,0> }
	no_shadow
}
sphere {
	0, 1
	scale<0.080000,0.200000,0.300000>
	matrix <-0.015342, 0.501926, 0.864774,
		-0.013648, 0.864691, -0.502120,
		-0.999789, -0.019506, -0.006416,
		20.577955, 19.530399, 2.363839>
	pigment { color rgbt <0,1,1,0> }
	no_shadow
}
cylinder {
	<21.020311, 20.268808, 2.384218>,  <21.277807, 19.544054, 2.368330>, 0.130000
	pigment { color rgbt <1,0,0,0> }
	no_shadow
}

// nucleotide -1

// particle -1
sphere {
	<21.020311, 20.268808, 2.384218> 0.250000
	pigment { color rgbt <1,0,0,0> }
	no_shadow
}
cylinder {
	<20.756218, 20.009930, 2.536653>,  <20.597763, 19.854603, 2.628114>, 0.100000
	pigment { color rgbt <1,0,0,0> }
	no_shadow
}
cylinder {
	<20.756218, 20.009930, 2.536653>,  <21.020311, 20.268808, 2.384218>, 0.100000
	pigment { color rgbt <1,0,0,0> }
	no_shadow
}

// particle -1
sphere {
	<20.756218, 20.009930, 2.536653> 0.100000
	pigment { color rgbt <1,0,0,0> }
	no_shadow
}
sphere {
	0, 1
	scale<0.080000,0.200000,0.300000>
	matrix <-0.079252, 0.564599, 0.821552,
		-0.746869, 0.512213, -0.424059,
		-0.660232, -0.647199, 0.381087,
		20.558147, 19.815769, 2.650979>
	pigment { color rgbt <0,1,1,0> }
	no_shadow
}
cylinder {
	<20.362459, 20.665108, 2.729486>,  <21.020311, 20.268808, 2.384218>, 0.130000
	pigment { color rgbt <1,0,0,0> }
	no_shadow
}

// nucleotide -1

// particle -1
sphere {
	<20.362459, 20.665108, 2.729486> 0.250000
	pigment { color rgbt <1,0,0,0> }
	no_shadow
}
cylinder {
	<20.491615, 20.331821, 2.909038>,  <20.569109, 20.131849, 3.016770>, 0.100000
	pigment { color rgbt <1,0,0,0> }
	no_shadow
}
cylinder {
	<20.491615, 20.331821, 2.909038>,  <20.362459, 20.665108, 2.729486>, 0.100000
	pigment { color rgbt <1,0,0,0> }
	no_shadow
}

// particle -1
sphere {
	<20.491615, 20.331821, 2.909038> 0.100000
	pigment { color rgbt <1,0,0,0> }
	no_shadow
}
sphere {
	0, 1
	scale<0.080000,0.200000,0.300000>
	matrix <0.131237, 0.509121, 0.850631,
		-0.937293, -0.215751, 0.273739,
		0.322890, -0.833215, 0.448881,
		20.588482, 20.081858, 3.043703>
	pigment { color rgbt <0,1,1,0> }
	no_shadow
}
cylinder {
	<20.061510, 20.653664, 3.337840>,  <20.362459, 20.665108, 2.729486>, 0.130000
	pigment { color rgbt <1,0,0,0> }
	no_shadow
}

// nucleotide -1

// particle -1
sphere {
	<20.061510, 20.653664, 3.337840> 0.250000
	pigment { color rgbt <1,0,0,0> }
	no_shadow
}
cylinder {
	<20.388371, 20.423519, 3.351835>,  <20.584486, 20.285433, 3.360233>, 0.100000
	pigment { color rgbt <1,0,0,0> }
	no_shadow
}
cylinder {
	<20.388371, 20.423519, 3.351835>,  <20.061510, 20.653664, 3.337840>, 0.100000
	pigment { color rgbt <1,0,0,0> }
	no_shadow
}

// particle -1
sphere {
	<20.388371, 20.423519, 3.351835> 0.100000
	pigment { color rgbt <1,0,0,0> }
	no_shadow
}
sphere {
	0, 1
	scale<0.080000,0.200000,0.300000>
	matrix <0.216713, 0.362895, 0.906279,
		-0.534136, -0.732984, 0.421229,
		0.817150, -0.575362, 0.034988,
		20.633516, 20.250910, 3.362332>
	pigment { color rgbt <0,1,1,0> }
	no_shadow
}
cylinder {
	<20.088026, 20.128042, 3.941206>,  <20.061510, 20.653664, 3.337840>, 0.130000
	pigment { color rgbt <1,0,0,0> }
	no_shadow
}

// nucleotide -1

// particle -1
sphere {
	<20.088026, 20.128042, 3.941206> 0.250000
	pigment { color rgbt <1,0,0,0> }
	no_shadow
}
cylinder {
	<20.461372, 20.230145, 3.840270>,  <20.685379, 20.291407, 3.779709>, 0.100000
	pigment { color rgbt <1,0,0,0> }
	no_shadow
}
cylinder {
	<20.461372, 20.230145, 3.840270>,  <20.088026, 20.128042, 3.941206>, 0.100000
	pigment { color rgbt <1,0,0,0> }
	no_shadow
}

// particle -1
sphere {
	<20.461372, 20.230145, 3.840270> 0.100000
	pigment { color rgbt <1,0,0,0> }
	no_shadow
}
sphere {
	0, 1
	scale<0.080000,0.200000,0.300000>
	matrix <0.225511, 0.129909, 0.965540,
		0.279243, -0.958106, 0.063689,
		0.933364, 0.255258, -0.252340,
		20.741381, 20.306723, 3.764568>
	pigment { color rgbt <0,1,1,0> }
	no_shadow
}
cylinder {
	<20.473368, 19.643486, 4.390126>,  <20.088026, 20.128042, 3.941206>, 0.130000
	pigment { color rgbt <1,0,0,0> }
	no_shadow
}

// nucleotide -1

// particle -1
sphere {
	<20.473368, 19.643486, 4.390126> 0.250000
	pigment { color rgbt <1,0,0,0> }
	no_shadow
}
cylinder {
	<20.721848, 19.933224, 4.270504>,  <20.870935, 20.107067, 4.198731>, 0.100000
	pigment { color rgbt <1,0,0,0> }
	no_shadow
}
cylinder {
	<20.721848, 19.933224, 4.270504>,  <20.473368, 19.643486, 4.390126>, 0.100000
	pigment { color rgbt <1,0,0,0> }
	no_shadow
}

// particle -1
sphere {
	<20.721848, 19.933224, 4.270504> 0.100000
	pigment { color rgbt <1,0,0,0> }
	no_shadow
}
sphere {
	0, 1
	scale<0.080000,0.200000,0.300000>
	matrix <0.385688, 0.049601, 0.921295,
		0.682170, -0.687650, -0.248559,
		0.621200, 0.724346, -0.299054,
		20.908207, 20.150528, 4.180788>
	pigment { color rgbt <0,1,1,0> }
	no_shadow
}
cylinder {
	<21.231886, 19.516815, 4.562111>,  <20.473368, 19.643486, 4.390126>, 0.130000
	pigment { color rgbt <1,0,0,0> }
	no_shadow
}

// nucleotide -1

// particle -1
sphere {
	<21.231886, 19.516815, 4.562111> 0.250000
	pigment { color rgbt <1,0,0,0> }
	no_shadow
}
cylinder {
	<21.159866, 19.908531, 4.525065>,  <21.116655, 20.143560, 4.502838>, 0.100000
	pigment { color rgbt <1,0,0,0> }
	no_shadow
}
cylinder {
	<21.159866, 19.908531, 4.525065>,  <21.231886, 19.516815, 4.562111>, 0.100000
	pigment { color rgbt <1,0,0,0> }
	no_shadow
}

// particle -1
sphere {
	<21.159866, 19.908531, 4.525065> 0.100000
	pigment { color rgbt <1,0,0,0> }
	no_shadow
}
sphere {
	0, 1
	scale<0.080000,0.200000,0.300000>
	matrix <0.402637, 0.159276, 0.901395,
		0.897477, 0.125005, -0.422976,
		-0.180049, 0.979288, -0.092615,
		21.105852, 20.202318, 4.497281>
	pigment { color rgbt <0,1,1,0> }
	no_shadow
}
cylinder {
	<21.809530, 19.996778, 4.749396>,  <21.231886, 19.516815, 4.562111>, 0.130000
	pigment { color rgbt <1,0,0,0> }
	no_shadow
}

// nucleotide -1

// particle -1
sphere {
	<21.809530, 19.996778, 4.749396> 0.250000
	pigment { color rgbt <1,0,0,0> }
	no_shadow
}
cylinder {
	<21.505367, 20.243961, 4.829304>,  <21.322868, 20.392271, 4.877248>, 0.100000
	pigment { color rgbt <1,0,0,0> }
	no_shadow
}
cylinder {
	<21.505367, 20.243961, 4.829304>,  <21.809530, 19.996778, 4.749396>, 0.100000
	pigment { color rgbt <1,0,0,0> }
	no_shadow
}

// particle -1
sphere {
	<21.505367, 20.243961, 4.829304> 0.100000
	pigment { color rgbt <1,0,0,0> }
	no_shadow
}
sphere {
	0, 1
	scale<0.080000,0.200000,0.300000>
	matrix <0.448230, 0.276778, 0.849990,
		0.469964, 0.735884, -0.487451,
		-0.760410, 0.617956, 0.199770,
		21.277245, 20.429348, 4.889235>
	pigment { color rgbt <0,1,1,0> }
	no_shadow
}
cylinder {
	<22.092924, 20.580851, 5.143440>,  <21.809530, 19.996778, 4.749396>, 0.130000
	pigment { color rgbt <1,0,0,0> }
	no_shadow
}

// nucleotide -1

// particle -1
sphere {
	<22.092924, 20.580851, 5.143440> 0.250000
	pigment { color rgbt <1,0,0,0> }
	no_shadow
}
cylinder {
	<21.701733, 20.600708, 5.224527>,  <21.467018, 20.612623, 5.273180>, 0.100000
	pigment { color rgbt <1,0,0,0> }
	no_shadow
}
cylinder {
	<21.701733, 20.600708, 5.224527>,  <22.092924, 20.580851, 5.143440>, 0.100000
	pigment { color rgbt <1,0,0,0> }
	no_shadow
}

// particle -1
sphere {
	<21.701733, 20.600708, 5.224527> 0.100000
	pigment { color rgbt <1,0,0,0> }
	no_shadow
}
sphere {
	0, 1
	scale<0.080000,0.200000,0.300000>
	matrix <0.206893, 0.358480, 0.910323,
		-0.027478, 0.932216, -0.360857,
		-0.977978, 0.049645, 0.202719,
		21.408339, 20.615601, 5.285343>
	pigment { color rgbt <0,1,1,0> }
	no_shadow
}
cylinder {
	<22.204948, 20.494371, 5.873408>,  <22.092924, 20.580851, 5.143440>, 0.130000
	pigment { color rgbt <1,0,0,0> }
	no_shadow
}

// nucleotide -1

// particle -1
sphere {
	<22.204948, 20.494371, 5.873408> 0.250000
	pigment { color rgbt <1,0,0,0> }
	no_shadow
}
cylinder {
	<21.843342, 20.468472, 5.704380>,  <21.626379, 20.452932, 5.602963>, 0.100000
	pigment { color rgbt <1,0,0,0> }
	no_shadow
}
cylinder {
	<21.843342, 20.468472, 5.704380>,  <22.204948, 20.494371, 5.873408>, 0.100000
	pigment { color rgbt <1,0,0,0> }
	no_shadow
}

// particle -1
sphere {
	<21.843342, 20.468472, 5.704380> 0.100000
	pigment { color rgbt <1,0,0,0> }
	no_shadow
}
sphere {
	0, 1
	scale<0.080000,0.200000,0.300000>
	matrix <-0.395117, -0.250839, 0.883721,
		-0.163218, 0.965861, 0.201178,
		-0.904015, -0.064750, -0.422570,
		21.572138, 20.449047, 5.577609>
	pigment { color rgbt <0,1,1,0> }
	no_shadow
}
cylinder {
	<21.698185, 20.779467, 6.245815>,  <22.204948, 20.494371, 5.873408>, 0.130000
	pigment { color rgbt <1,0,0,0> }
	no_shadow
}

// nucleotide -1

// particle -1
sphere {
	<21.698185, 20.779467, 6.245815> 0.250000
	pigment { color rgbt <1,0,0,0> }
	no_shadow
}
cylinder {
	<21.493298, 20.496155, 6.051508>,  <21.370365, 20.326168, 5.934924>, 0.100000
	pigment { color rgbt <1,0,0,0> }
	no_shadow
}
cylinder {
	<21.493298, 20.496155, 6.051508>,  <21.698185, 20.779467, 6.245815>, 0.100000
	pigment { color rgbt <1,0,0,0> }
	no_shadow
}

// particle -1
sphere {
	<21.493298, 20.496155, 6.051508> 0.100000
	pigment { color rgbt <1,0,0,0> }
	no_shadow
}
sphere {
	0, 1
	scale<0.080000,0.200000,0.300000>
	matrix <-0.240154, -0.424922, 0.872793,
		-0.824595, 0.563721, 0.047557,
		-0.512220, -0.708280, -0.485768,
		21.339632, 20.283670, 5.905777>
	pigment { color rgbt <0,1,1,0> }
	no_shadow
}
cylinder {
	<20.966837, 20.748196, 6.344844>,  <21.698185, 20.779467, 6.245815>, 0.130000
	pigment { color rgbt <1,0,0,0> }
	no_shadow
}

// nucleotide -1

// particle -1
sphere {
	<20.966837, 20.748196, 6.344844> 0.250000
	pigment { color rgbt <1,0,0,0> }
	no_shadow
}
cylinder {
	<21.151257, 20.399426, 6.278901>,  <21.261908, 20.190163, 6.239335>, 0.100000
	pigment { color rgbt <1,0,0,0> }
	no_shadow
}
cylinder {
	<21.151257, 20.399426, 6.278901>,  <20.966837, 20.748196, 6.344844>, 0.100000
	pigment { color rgbt <1,0,0,0> }
	no_shadow
}

// particle -1
sphere {
	<21.151257, 20.399426, 6.278901> 0.100000
	pigment { color rgbt <1,0,0,0> }
	no_shadow
}
sphere {
	0, 1
	scale<0.080000,0.200000,0.300000>
	matrix <-0.318189, -0.335869, 0.886537,
		-0.828366, -0.356281, -0.432290,
		0.461049, -0.871927, -0.164858,
		21.289572, 20.137848, 6.229444>
	pigment { color rgbt <0,1,1,0> }
	no_shadow
}
cylinder {
	<20.523273, 20.095997, 6.314393>,  <20.966837, 20.748196, 6.344844>, 0.130000
	pigment { color rgbt <1,0,0,0> }
	no_shadow
}

// nucleotide -1

// particle -1
sphere {
	<20.523273, 20.095997, 6.314393> 0.250000
	pigment { color rgbt <1,0,0,0> }
	no_shadow
}
cylinder {
	<20.889107, 20.015591, 6.454751>,  <21.108606, 19.967346, 6.538966>, 0.100000
	pigment { color rgbt <1,0,0,0> }
	no_shadow
}
cylinder {
	<20.889107, 20.015591, 6.454751>,  <20.523273, 20.095997, 6.314393>, 0.100000
	pigment { color rgbt <1,0,0,0> }
	no_shadow
}

// particle -1
sphere {
	<20.889107, 20.015591, 6.454751> 0.100000
	pigment { color rgbt <1,0,0,0> }
	no_shadow
}
sphere {
	0, 1
	scale<0.080000,0.200000,0.300000>
	matrix <-0.400274, -0.326425, 0.856287,
		-0.057584, -0.923602, -0.379004,
		0.914584, -0.201014, 0.350897,
		21.163483, 19.955286, 6.560020>
	pigment { color rgbt <0,1,1,0> }
	no_shadow
}
cylinder {
	<20.192255, 19.722923, 6.882818>,  <20.523273, 20.095997, 6.314393>, 0.130000
	pigment { color rgbt <1,0,0,0> }
	no_shadow
}

// nucleotide -1

// particle -1
sphere {
	<20.192255, 19.722923, 6.882818> 0.250000
	pigment { color rgbt <1,0,0,0> }
	no_shadow
}
cylinder {
	<20.585117, 19.774399, 6.937675>,  <20.820835, 19.805285, 6.970588>, 0.100000
	pigment { color rgbt <1,0,0,0> }
	no_shadow
}
cylinder {
	<20.585117, 19.774399, 6.937675>,  <20.192255, 19.722923, 6.882818>, 0.100000
	pigment { color rgbt <1,0,0,0> }
	no_shadow
}

// particle -1
sphere {
	<20.585117, 19.774399, 6.937675> 0.100000
	pigment { color rgbt <1,0,0,0> }
	no_shadow
}
sphere {
	0, 1
	scale<0.080000,0.200000,0.300000>
	matrix <-0.049342, -0.527346, 0.848217,
		0.181478, -0.839848, -0.511586,
		0.982156, 0.128690, 0.137141,
		20.879765, 19.813005, 6.978817>
	pigment { color rgbt <0,1,1,0> }
	no_shadow
}
cylinder {
	<20.549395, 18.983095, 6.981660>,  <20.192255, 19.722923, 6.882818>, 0.130000
	pigment { color rgbt <1,0,0,0> }
	no_shadow
}

// nucleotide -1

// particle -1
sphere {
	<20.549395, 18.983095, 6.981660> 0.250000
	pigment { color rgbt <1,0,0,0> }
	no_shadow
}
cylinder {
	<20.671349, 19.322842, 7.153996>,  <20.744520, 19.526690, 7.257397>, 0.100000
	pigment { color rgbt <1,0,0,0> }
	no_shadow
}
cylinder {
	<20.671349, 19.322842, 7.153996>,  <20.549395, 18.983095, 6.981660>, 0.100000
	pigment { color rgbt <1,0,0,0> }
	no_shadow
}

// particle -1
sphere {
	<20.671349, 19.322842, 7.153996> 0.100000
	pigment { color rgbt <1,0,0,0> }
	no_shadow
}
sphere {
	0, 1
	scale<0.080000,0.200000,0.300000>
	matrix <-0.114392, -0.416443, 0.901937,
		0.945495, -0.324270, -0.029806,
		0.304884, 0.849367, 0.430839,
		20.762814, 19.577652, 7.283247>
	pigment { color rgbt <0,1,1,0> }
	no_shadow
}
cylinder {
	<20.303423, 19.005966, 7.725418>,  <20.549395, 18.983095, 6.981660>, 0.130000
	pigment { color rgbt <1,0,0,0> }
	no_shadow
}

// nucleotide -1

// particle -1
sphere {
	<20.303423, 19.005966, 7.725418> 0.250000
	pigment { color rgbt <1,0,0,0> }
	no_shadow
}
cylinder {
	<20.626759, 19.233528, 7.664840>,  <20.820759, 19.370066, 7.628493>, 0.100000
	pigment { color rgbt <1,0,0,0> }
	no_shadow
}
cylinder {
	<20.626759, 19.233528, 7.664840>,  <20.303423, 19.005966, 7.725418>, 0.100000
	pigment { color rgbt <1,0,0,0> }
	no_shadow
}

// particle -1
sphere {
	<20.626759, 19.233528, 7.664840> 0.100000
	pigment { color rgbt <1,0,0,0> }
	no_shadow
}
sphere {
	0, 1
	scale<0.080000,0.200000,0.300000>
	matrix <0.180404, 0.005504, 0.983577,
		0.560398, -0.822383, -0.098183,
		0.808337, 0.568907, -0.151446,
		20.869259, 19.404200, 7.619406>
	pigment { color rgbt <0,1,1,0> }
	no_shadow
}
cylinder {
	<20.878433, 18.650749, 7.908435>,  <20.303423, 19.005966, 7.725418>, 0.130000
	pigment { color rgbt <1,0,0,0> }
	no_shadow
}

// nucleotide -1

// particle -1
sphere {
	<20.878433, 18.650749, 7.908435> 0.250000
	pigment { color rgbt <1,0,0,0> }
	no_shadow
}
cylinder {
	<20.903843, 19.046600, 7.959968>,  <20.919088, 19.284111, 7.990887>, 0.100000
	pigment { color rgbt <1,0,0,0> }
	no_shadow
}
cylinder {
	<20.903843, 19.046600, 7.959968>,  <20.878433, 18.650749, 7.908435>, 0.100000
	pigment { color rgbt <1,0,0,0> }
	no_shadow
}

// particle -1
sphere {
	<20.903843, 19.046600, 7.959968> 0.100000
	pigment { color rgbt <1,0,0,0> }
	no_shadow
}
sphere {
	0, 1
	scale<0.080000,0.200000,0.300000>
	matrix <0.286439, -0.141741, 0.947556,
		0.955990, -0.023291, -0.292473,
		0.063525, 0.989630, 0.128831,
		20.922901, 19.343489, 7.998617>
	pigment { color rgbt <0,1,1,0> }
	no_shadow
}
cylinder {
	<21.483536, 18.742620, 8.324225>,  <20.878433, 18.650749, 7.908435>, 0.130000
	pigment { color rgbt <1,0,0,0> }
	no_shadow
}

// nucleotide -1

// particle -1
sphere {
	<21.483536, 18.742620, 8.324225> 0.250000
	pigment { color rgbt <1,0,0,0> }
	no_shadow
}
cylinder {
	<21.273945, 19.080952, 8.364279>,  <21.148191, 19.283951, 8.388310>, 0.100000
	pigment { color rgbt <1,0,0,0> }
	no_shadow
}
cylinder {
	<21.273945, 19.080952, 8.364279>,  <21.483536, 18.742620, 8.324225>, 0.100000
	pigment { color rgbt <1,0,0,0> }
	no_shadow
}

// particle -1
sphere {
	<21.273945, 19.080952, 8.364279> 0.100000
	pigment { color rgbt <1,0,0,0> }
	no_shadow
}
sphere {
	0, 1
	scale<0.080000,0.200000,0.300000>
	matrix <0.195503, 0.005011, 0.980690,
		0.828992, 0.533434, -0.167987,
		-0.523976, 0.845827, 0.100134,
		21.116753, 19.334700, 8.394319>
	pigment { color rgbt <0,1,1,0> }
	no_shadow
}
cylinder {
	<21.895020, 19.198086, 8.659482>,  <21.483536, 18.742620, 8.324225>, 0.130000
	pigment { color rgbt <1,0,0,0> }
	no_shadow
}

// nucleotide -1

// particle -1
sphere {
	<21.895020, 19.198086, 8.659482> 0.250000
	pigment { color rgbt <1,0,0,0> }
	no_shadow
}
cylinder {
	<21.516479, 19.314808, 8.715004>,  <21.289354, 19.384842, 8.748318>, 0.100000
	pigment { color rgbt <1,0,0,0> }
	no_shadow
}
cylinder {
	<21.516479, 19.314808, 8.715004>,  <21.895020, 19.198086, 8.659482>, 0.100000
	pigment { color rgbt <1,0,0,0> }
	no_shadow
}

// particle -1
sphere {
	<21.516479, 19.314808, 8.715004> 0.100000
	pigment { color rgbt <1,0,0,0> }
	no_shadow
}
sphere {
	0, 1
	scale<0.080000,0.200000,0.300000>
	matrix <0.165716, 0.069495, 0.983722,
		0.277409, 0.953950, -0.114123,
		-0.946352, 0.291805, 0.138806,
		21.232574, 19.402349, 8.756646>
	pigment { color rgbt <0,1,1,0> }
	no_shadow
}
cylinder {
	<21.956793, 19.737627, 9.040002>,  <21.895020, 19.198086, 8.659482>, 0.130000
	pigment { color rgbt <1,0,0,0> }
	no_shadow
}

// nucleotide -1

// particle -1
sphere {
	<21.956793, 19.737627, 9.040002> 0.250000
	pigment { color rgbt <1,0,0,0> }
	no_shadow
}
cylinder {
	<21.571293, 19.645958, 9.094647>,  <21.339993, 19.590956, 9.127435>, 0.100000
	pigment { color rgbt <1,0,0,0> }
	no_shadow
}
cylinder {
	<21.571293, 19.645958, 9.094647>,  <21.956793, 19.737627, 9.040002>, 0.100000
	pigment { color rgbt <1,0,0,0> }
	no_shadow
}

// particle -1
sphere {
	<21.571293, 19.645958, 9.094647> 0.100000
	pigment { color rgbt <1,0,0,0> }
	no_shadow
}
sphere {
	0, 1
	scale<0.080000,0.200000,0.300000>
	matrix <0.114875, 0.105718, 0.987738,
		-0.240806, 0.967628, -0.075560,
		-0.963751, -0.229173, 0.136614,
		21.282167, 19.577206, 9.135632>
	pigment { color rgbt <0,1,1,0> }
	no_shadow
}
cylinder {
	<21.781948, 20.110409, 9.550795>,  <21.956793, 19.737627, 9.040002>, 0.130000
	pigment { color rgbt <1,0,0,0> }
	no_shadow
}

// nucleotide -1

// particle -1
sphere {
	<21.781948, 20.110409, 9.550795> 0.250000
	pigment { color rgbt <1,0,0,0> }
	no_shadow
}
cylinder {
	<21.528988, 19.800781, 9.562690>,  <21.377211, 19.615005, 9.569827>, 0.100000
	pigment { color rgbt <1,0,0,0> }
	no_shadow
}
cylinder {
	<21.528988, 19.800781, 9.562690>,  <21.781948, 20.110409, 9.550795>, 0.100000
	pigment { color rgbt <1,0,0,0> }
	no_shadow
}

// particle -1
sphere {
	<21.528988, 19.800781, 9.562690> 0.100000
	pigment { color rgbt <1,0,0,0> }
	no_shadow
}
sphere {
	0, 1
	scale<0.080000,0.200000,0.300000>
	matrix <0.238076, -0.157686, 0.958361,
		-0.737148, 0.613150, 0.284008,
		-0.632403, -0.774069, 0.029739,
		21.339268, 19.568562, 9.571611>
	pigment { color rgbt <0,1,1,0> }
	no_shadow
}
cylinder {
	<21.463730, 20.198576, 10.189571>,  <21.781948, 20.110409, 9.550795>, 0.130000
	pigment { color rgbt <1,0,0,0> }
	no_shadow
}

// nucleotide -1

// particle -1
sphere {
	<21.463730, 20.198576, 10.189571> 0.250000
	pigment { color rgbt <1,0,0,0> }
	no_shadow
}
cylinder {
	<21.405373, 19.826336, 10.055289>,  <21.370358, 19.602991, 9.974720>, 0.100000
	pigment { color rgbt <1,0,0,0> }
	no_shadow
}
cylinder {
	<21.405373, 19.826336, 10.055289>,  <21.463730, 20.198576, 10.189571>, 0.100000
	pigment { color rgbt <1,0,0,0> }
	no_shadow
}

// particle -1
sphere {
	<21.405373, 19.826336, 10.055289> 0.100000
	pigment { color rgbt <1,0,0,0> }
	no_shadow
}
sphere {
	0, 1
	scale<0.080000,0.200000,0.300000>
	matrix <0.013624, -0.341195, 0.939894,
		-0.989206, 0.132553, 0.062457,
		-0.145895, -0.930600, -0.335706,
		21.361605, 19.547155, 9.954577>
	pigment { color rgbt <0,1,1,0> }
	no_shadow
}
cylinder {
	<20.916250, 19.914755, 10.616755>,  <21.463730, 20.198576, 10.189571>, 0.130000
	pigment { color rgbt <1,0,0,0> }
	no_shadow
}

// nucleotide -1

// particle -1
sphere {
	<20.916250, 19.914755, 10.616755> 0.250000
	pigment { color rgbt <1,0,0,0> }
	no_shadow
}
cylinder {
	<21.101437, 19.584267, 10.488369>,  <21.212549, 19.385973, 10.411337>, 0.100000
	pigment { color rgbt <1,0,0,0> }
	no_shadow
}
cylinder {
	<21.101437, 19.584267, 10.488369>,  <20.916250, 19.914755, 10.616755>, 0.100000
	pigment { color rgbt <1,0,0,0> }
	no_shadow
}

// particle -1
sphere {
	<21.101437, 19.584267, 10.488369> 0.100000
	pigment { color rgbt <1,0,0,0> }
	no_shadow
}
sphere {
	0, 1
	scale<0.080000,0.200000,0.300000>
	matrix <-0.125137, -0.419409, 0.899131,
		-0.877497, -0.376104, -0.297564,
		0.462968, -0.826222, -0.320966,
		21.240328, 19.336401, 10.392079>
	pigment { color rgbt <0,1,1,0> }
	no_shadow
}
cylinder {
	<20.623199, 19.442223, 10.938437>,  <20.916250, 19.914755, 10.616755>, 0.130000
	pigment { color rgbt <1,0,0,0> }
	no_shadow
}

// nucleotide -1

// particle -1
sphere {
	<20.623199, 19.442223, 10.938437> 0.250000
	pigment { color rgbt <1,0,0,0> }
	no_shadow
}
cylinder {
	<20.966339, 19.272804, 10.822024>,  <21.172224, 19.171152, 10.752177>, 0.100000
	pigment { color rgbt <1,0,0,0> }
	no_shadow
}
cylinder {
	<20.966339, 19.272804, 10.822024>,  <20.623199, 19.442223, 10.938437>, 0.100000
	pigment { color rgbt <1,0,0,0> }
	no_shadow
}

// particle -1
sphere {
	<20.966339, 19.272804, 10.822024> 0.100000
	pigment { color rgbt <1,0,0,0> }
	no_shadow
}
sphere {
	0, 1
	scale<0.080000,0.200000,0.300000>
	matrix <0.083265, -0.444280, 0.892010,
		-0.507112, -0.789443, -0.345858,
		0.857849, -0.423551, -0.291033,
		21.223694, 19.145741, 10.734715>
	pigment { color rgbt <0,1,1,0> }
	no_shadow
}
cylinder {
	<20.697199, 18.763988, 11.233163>,  <20.623199, 19.442223, 10.938437>, 0.130000
	pigment { color rgbt <1,0,0,0> }
	no_shadow
}

// nucleotide -1

// particle -1
sphere {
	<20.697199, 18.763988, 11.233163> 0.250000
	pigment { color rgbt <1,0,0,0> }
	no_shadow
}
cylinder {
	<21.072323, 18.884369, 11.163948>,  <21.297398, 18.956596, 11.122419>, 0.100000
	pigment { color rgbt <1,0,0,0> }
	no_shadow
}
cylinder {
	<21.072323, 18.884369, 11.163948>,  <20.697199, 18.763988, 11.233163>, 0.100000
	pigment { color rgbt <1,0,0,0> }
	no_shadow
}

// particle -1
sphere {
	<21.072323, 18.884369, 11.163948> 0.100000
	pigment { color rgbt <1,0,0,0> }
	no_shadow
}
sphere {
	0, 1
	scale<0.080000,0.200000,0.300000>
	matrix <0.285969, -0.387135, 0.876555,
		0.196811, -0.871525, -0.449121,
		0.937810, 0.300951, -0.173036,
		21.353666, 18.974653, 11.112038>
	pigment { color rgbt <0,1,1,0> }
	no_shadow
}
cylinder {
	<21.131260, 18.336994, 11.647370>,  <20.697199, 18.763988, 11.233163>, 0.130000
	pigment { color rgbt <1,0,0,0> }
	no_shadow
}

// nucleotide -1

// particle -1
sphere {
	<21.131260, 18.336994, 11.647370> 0.250000
