// switches for output
#declare DRAW_BASES = 1; // possible values are 0, 1; only relevant for DNA ribbons
#declare DRAW_BASES_TYPE = 3; // possible values are 1, 2, 3; only relevant for DNA ribbons
#declare DRAW_FOG = 0; // set to 1 to enable fog

#include "colors.inc"

#include "transforms.inc"
background { rgb <1, 1, 1>}

#default {
   normal{
       ripples 0.25
       frequency 0.20
       turbulence 0.2
       lambda 5
   }
	finish {
		phong 0.1
		phong_size 40.
	}
}

// original window dimensions: 1024x640


// camera settings

camera {
	sky <-0, 1, 0>
	up <-0, 1, 0>
	right 1.6 * <1, 0, 0>
	location <18.5, 18.5, 82.5562>
	look_at <18.5, 18.5, 18.5>
	direction <0, 0, -64.0562>
	angle 67.0682
}


# declare cpy_camera_pos = <18.5, 18.5, 82.5562>;
# if (DRAW_FOG = 1)
fog {
	fog_type 2
	up vnormalize(cpy_camera_pos)
	color rgbt<1,1,1,0.3>
	distance 1e-5
	fog_alt 3e-3
	fog_offset 29.6
}
# end


// LIGHTS

# declare lum = 6;
global_settings {
	ambient_light rgb lum * <0.05, 0.05, 0.05>
	max_trace_level 15
}# declare cpy_direct_light_amount = 0.25;
light_source
{	1000 * <-1, -1, 1>,
	rgb lum * cpy_direct_light_amount
	parallel
}

light_source
{	1000 * <1, 1, -1>,
	rgb lum * cpy_direct_light_amount
	parallel
}

// strand 0

// nucleotide -1

// particle -1
sphere {
	<22.716774, 17.416208, -1.989486> 0.250000
	pigment { color rgbt <1,0,0,0> }
	no_shadow
}
cylinder {
	<22.825047, 17.034103, -1.941814>,  <22.890011, 16.804840, -1.913211>, 0.100000
	pigment { color rgbt <1,0,0,0> }
	no_shadow
}
cylinder {
	<22.825047, 17.034103, -1.941814>,  <22.716774, 17.416208, -1.989486>, 0.100000
	pigment { color rgbt <1,0,0,0> }
	no_shadow
}

// particle -1
sphere {
	<22.825047, 17.034103, -1.941814> 0.100000
	pigment { color rgbt <1,0,0,0> }
	no_shadow
}
sphere {
	0, 1
	scale<0.080000,0.200000,0.300000>
	matrix <0.455205, 0.236094, 0.858515,
		-0.848245, -0.178132, 0.498747,
		0.270680, -0.955264, 0.119179,
		22.906250, 16.747524, -1.906060>
	pigment { color rgbt <0,1,1,0> }
	no_shadow
}
cylinder {
	<22.364170, 17.060057, -1.395991>,  <22.716774, 17.416208, -1.989486>, 0.130000
	pigment { color rgbt <1,0,0,0> }
	no_shadow
}

// nucleotide -1

// particle -1
sphere {
	<22.364170, 17.060057, -1.395991> 0.250000
	pigment { color rgbt <1,0,0,0> }
	no_shadow
}
cylinder {
	<22.750427, 16.973118, -1.452970>,  <22.982182, 16.920954, -1.487157>, 0.100000
	pigment { color rgbt <1,0,0,0> }
	no_shadow
}
cylinder {
	<22.750427, 16.973118, -1.452970>,  <22.364170, 17.060057, -1.395991>, 0.100000
	pigment { color rgbt <1,0,0,0> }
	no_shadow
}

// particle -1
sphere {
	<22.750427, 16.973118, -1.452970> 0.100000
	pigment { color rgbt <1,0,0,0> }
	no_shadow
}
sphere {
	0, 1
	scale<0.080000,0.200000,0.300000>
	matrix <0.199409, 0.268253, 0.942484,
		-0.166635, -0.938510, 0.302378,
		0.965644, -0.217348, -0.142447,
		23.040121, 16.907913, -1.495704>
	pigment { color rgbt <0,1,1,0> }
	no_shadow
}
cylinder {
	<22.557348, 16.456236, -1.061100>,  <22.364170, 17.060057, -1.395991>, 0.130000
	pigment { color rgbt <1,0,0,0> }
	no_shadow
}

// nucleotide -1

// particle -1
sphere {
	<22.557348, 16.456236, -1.061100> 0.250000
	pigment { color rgbt <1,0,0,0> }
	no_shadow
}
cylinder {
	<22.809032, 16.764282, -1.103084>,  <22.960043, 16.949110, -1.128275>, 0.100000
	pigment { color rgbt <1,0,0,0> }
	no_shadow
}
cylinder {
	<22.809032, 16.764282, -1.103084>,  <22.557348, 16.456236, -1.061100>, 0.100000
	pigment { color rgbt <1,0,0,0> }
	no_shadow
}

// particle -1
sphere {
	<22.809032, 16.764282, -1.103084> 0.100000
	pigment { color rgbt <1,0,0,0> }
	no_shadow
}
sphere {
	0, 1
	scale<0.080000,0.200000,0.300000>
	matrix <0.005984, 0.130241, 0.991464,
		0.777212, -0.624468, 0.077340,
		0.629211, 0.770115, -0.104962,
		22.997795, 16.995317, -1.134573>
	pigment { color rgbt <0,1,1,0> }
	no_shadow
}
cylinder {
	<23.066708, 16.149769, -0.750526>,  <22.557348, 16.456236, -1.061100>, 0.130000
	pigment { color rgbt <1,0,0,0> }
	no_shadow
}

// nucleotide -1

// particle -1
sphere {
	<23.066708, 16.149769, -0.750526> 0.250000
	pigment { color rgbt <1,0,0,0> }
	no_shadow
}
cylinder {
	<23.058578, 16.549648, -0.756066>,  <23.053701, 16.789576, -0.759390>, 0.100000
	pigment { color rgbt <1,0,0,0> }
	no_shadow
}
cylinder {
	<23.058578, 16.549648, -0.756066>,  <23.066708, 16.149769, -0.750526>, 0.100000
	pigment { color rgbt <1,0,0,0> }
	no_shadow
}

// particle -1
sphere {
	<23.058578, 16.549648, -0.756066> 0.100000
	pigment { color rgbt <1,0,0,0> }
	no_shadow
}
sphere {
	0, 1
	scale<0.080000,0.200000,0.300000>
	matrix <-0.078467, 0.012216, 0.996842,
		0.996710, 0.021346, 0.078195,
		-0.020324, 0.999698, -0.013851,
		23.052481, 16.849558, -0.760221>
	pigment { color rgbt <0,1,1,0> }
	no_shadow
}
cylinder {
	<23.592106, 16.473471, -0.242608>,  <23.066708, 16.149769, -0.750526>, 0.130000
	pigment { color rgbt <1,0,0,0> }
	no_shadow
}

// nucleotide -1

// particle -1
sphere {
	<23.592106, 16.473471, -0.242608> 0.250000
	pigment { color rgbt <1,0,0,0> }
	no_shadow
}
cylinder {
	<23.290966, 16.730759, -0.298445>,  <23.110283, 16.885132, -0.331947>, 0.100000
	pigment { color rgbt <1,0,0,0> }
	no_shadow
}
cylinder {
	<23.290966, 16.730759, -0.298445>,  <23.592106, 16.473471, -0.242608>, 0.100000
	pigment { color rgbt <1,0,0,0> }
	no_shadow
}

// particle -1
sphere {
	<23.290966, 16.730759, -0.298445> 0.100000
	pigment { color rgbt <1,0,0,0> }
	no_shadow
}
sphere {
	0, 1
	scale<0.080000,0.200000,0.300000>
	matrix <-0.224330, -0.051368, 0.973158,
		0.618786, 0.763955, 0.182967,
		-0.752847, 0.643222, -0.139592,
		23.065111, 16.923725, -0.340323>
	pigment { color rgbt <0,1,1,0> }
	no_shadow
}
cylinder {
	<23.792141, 16.985319, 0.322210>,  <23.592106, 16.473471, -0.242608>, 0.130000
	pigment { color rgbt <1,0,0,0> }
	no_shadow
}

// nucleotide -1

// particle -1
sphere {
	<23.792141, 16.985319, 0.322210> 0.250000
	pigment { color rgbt <1,0,0,0> }
	no_shadow
}
cylinder {
	<23.421906, 16.905594, 0.193489>,  <23.199764, 16.857759, 0.116257>, 0.100000
	pigment { color rgbt <1,0,0,0> }
	no_shadow
}
cylinder {
	<23.421906, 16.905594, 0.193489>,  <23.792141, 16.985319, 0.322210>, 0.100000
	pigment { color rgbt <1,0,0,0> }
	no_shadow
}

// particle -1
sphere {
	<23.421906, 16.905594, 0.193489> 0.100000
	pigment { color rgbt <1,0,0,0> }
	no_shadow
}
sphere {
	0, 1
	scale<0.080000,0.200000,0.300000>
	matrix <-0.275179, -0.229458, 0.933609,
		-0.259920, 0.952693, 0.157538,
		-0.925591, -0.199312, -0.321802,
		23.144228, 16.845800, 0.096949>
	pigment { color rgbt <0,1,1,0> }
	no_shadow
}
cylinder {
	<23.388464, 17.477177, 0.691719>,  <23.792141, 16.985319, 0.322210>, 0.130000
	pigment { color rgbt <1,0,0,0> }
	no_shadow
}

// nucleotide -1

// particle -1
sphere {
	<23.388464, 17.477177, 0.691719> 0.250000
	pigment { color rgbt <1,0,0,0> }
	no_shadow
}
cylinder {
	<23.190514, 17.140396, 0.605727>,  <23.071743, 16.938328, 0.554132>, 0.100000
	pigment { color rgbt <1,0,0,0> }
	no_shadow
}
cylinder {
	<23.190514, 17.140396, 0.605727>,  <23.388464, 17.477177, 0.691719>, 0.100000
	pigment { color rgbt <1,0,0,0> }
	no_shadow
}

// particle -1
sphere {
	<23.190514, 17.140396, 0.605727> 0.100000
	pigment { color rgbt <1,0,0,0> }
	no_shadow
}
sphere {
	0, 1
	scale<0.080000,0.200000,0.300000>
	matrix <-0.163988, -0.152465, 0.974609,
		-0.853351, 0.517563, -0.062619,
		-0.494874, -0.841952, -0.214981,
		23.042051, 16.887810, 0.541233>
	pigment { color rgbt <0,1,1,0> }
	no_shadow
}
cylinder {
	<22.628893, 17.356039, 1.042001>,  <23.388464, 17.477177, 0.691719>, 0.130000
	pigment { color rgbt <1,0,0,0> }
	no_shadow
}

// nucleotide -1

// particle -1
sphere {
	<22.628893, 17.356039, 1.042001> 0.250000
	pigment { color rgbt <1,0,0,0> }
	no_shadow
}
cylinder {
	<22.812340, 17.004719, 0.987957>,  <22.922407, 16.793926, 0.955531>, 0.100000
	pigment { color rgbt <1,0,0,0> }
	no_shadow
}
cylinder {
	<22.812340, 17.004719, 0.987957>,  <22.628893, 17.356039, 1.042001>, 0.100000
	pigment { color rgbt <1,0,0,0> }
	no_shadow
}

// particle -1
sphere {
	<22.812340, 17.004719, 0.987957> 0.100000
	pigment { color rgbt <1,0,0,0> }
	no_shadow
}
sphere {
	0, 1
	scale<0.080000,0.200000,0.300000>
	matrix <-0.053458, -0.179034, 0.982389,
		-0.887024, -0.443318, -0.129060,
		0.458617, -0.878302, -0.135109,
		22.949924, 16.741228, 0.947424>
	pigment { color rgbt <0,1,1,0> }
	no_shadow
}
cylinder {
	<22.168236, 16.802803, 1.472780>,  <22.628893, 17.356039, 1.042001>, 0.130000
	pigment { color rgbt <1,0,0,0> }
	no_shadow
}

// nucleotide -1

// particle -1
sphere {
	<22.168236, 16.802803, 1.472780> 0.250000
	pigment { color rgbt <1,0,0,0> }
	no_shadow
}
cylinder {
	<22.549286, 16.700108, 1.407548>,  <22.777916, 16.638491, 1.368409>, 0.100000
	pigment { color rgbt <1,0,0,0> }
	no_shadow
}
cylinder {
	<22.549286, 16.700108, 1.407548>,  <22.168236, 16.802803, 1.472780>, 0.100000
	pigment { color rgbt <1,0,0,0> }
	no_shadow
}

// particle -1
sphere {
	<22.549286, 16.700108, 1.407548> 0.100000
	pigment { color rgbt <1,0,0,0> }
	no_shadow
}
sphere {
	0, 1
	scale<0.080000,0.200000,0.300000>
	matrix <0.124341, -0.160592, 0.979158,
		-0.277578, -0.953045, -0.121061,
		0.952623, -0.256739, -0.163079,
		22.835073, 16.623087, 1.358624>
	pigment { color rgbt <0,1,1,0> }
	no_shadow
}
cylinder {
	<22.295912, 16.342382, 2.013256>,  <22.168236, 16.802803, 1.472780>, 0.130000
	pigment { color rgbt <1,0,0,0> }
	no_shadow
}

// nucleotide -1

// particle -1
sphere {
	<22.295912, 16.342382, 2.013256> 0.250000
	pigment { color rgbt <1,0,0,0> }
	no_shadow
}
cylinder {
	<22.648621, 16.458324, 1.864413>,  <22.860245, 16.527889, 1.775107>, 0.100000
	pigment { color rgbt <1,0,0,0> }
	no_shadow
}
cylinder {
	<22.648621, 16.458324, 1.864413>,  <22.295912, 16.342382, 2.013256>, 0.100000
	pigment { color rgbt <1,0,0,0> }
	no_shadow
}

// particle -1
sphere {
	<22.648621, 16.458324, 1.864413> 0.100000
	pigment { color rgbt <1,0,0,0> }
	no_shadow
}
sphere {
	0, 1
	scale<0.080000,0.200000,0.300000>
	matrix <0.416894, -0.109904, 0.902286,
		0.220637, -0.950739, -0.217749,
		0.881770, 0.289856, -0.372108,
		22.913153, 16.545280, 1.752780>
	pigment { color rgbt <0,1,1,0> }
	no_shadow
}
cylinder {
	<22.461605, 16.106680, 2.646998>,  <22.295912, 16.342382, 2.013256>, 0.130000
	pigment { color rgbt <1,0,0,0> }
	no_shadow
}

// nucleotide -1

// particle -1
sphere {
	<22.461605, 16.106680, 2.646998> 0.250000
	pigment { color rgbt <1,0,0,0> }
	no_shadow
}
cylinder {
	<22.781273, 16.292233, 2.494081>,  <22.973074, 16.403564, 2.402331>, 0.100000
	pigment { color rgbt <1,0,0,0> }
	no_shadow
}
cylinder {
	<22.781273, 16.292233, 2.494081>,  <22.461605, 16.106680, 2.646998>, 0.100000
	pigment { color rgbt <1,0,0,0> }
	no_shadow
}

// particle -1
sphere {
	<22.781273, 16.292233, 2.494081> 0.100000
	pigment { color rgbt <1,0,0,0> }
	no_shadow
}
sphere {
	0, 1
	scale<0.080000,0.200000,0.300000>
	matrix <0.537974, -0.268220, 0.799151,
		0.268172, -0.844318, -0.463908,
		0.799167, 0.463880, -0.382292,
		23.021023, 16.431396, 2.379394>
	pigment { color rgbt <0,1,1,0> }
	no_shadow
}
cylinder {
	<23.149496, 15.730411, 2.834422>,  <22.461605, 16.106680, 2.646998>, 0.130000
	pigment { color rgbt <1,0,0,0> }
	no_shadow
}

// nucleotide -1

// particle -1
sphere {
	<23.149496, 15.730411, 2.834422> 0.250000
	pigment { color rgbt <1,0,0,0> }
	no_shadow
}
cylinder {
	<23.269791, 16.095844, 2.724936>,  <23.341967, 16.315105, 2.659244>, 0.100000
	pigment { color rgbt <1,0,0,0> }
	no_shadow
}
cylinder {
	<23.269791, 16.095844, 2.724936>,  <23.149496, 15.730411, 2.834422>, 0.100000
	pigment { color rgbt <1,0,0,0> }
	no_shadow
}

// particle -1
sphere {
	<23.269791, 16.095844, 2.724936> 0.100000
	pigment { color rgbt <1,0,0,0> }
	no_shadow
}
sphere {
	0, 1
	scale<0.080000,0.200000,0.300000>
	matrix <0.708943, -0.022173, 0.704917,
		0.637932, -0.406043, -0.654348,
		0.300735, 0.913585, -0.273717,
		23.360010, 16.369921, 2.642821>
	pigment { color rgbt <0,1,1,0> }
	no_shadow
}
cylinder {
	<23.906445, 15.727025, 2.769978>,  <23.149496, 15.730411, 2.834422>, 0.130000
	pigment { color rgbt <1,0,0,0> }
	no_shadow
}

// nucleotide -1

// particle -1
sphere {
	<23.906445, 15.727025, 2.769978> 0.250000
	pigment { color rgbt <1,0,0,0> }
	no_shadow
}
cylinder {
	<23.774296, 16.097218, 2.844103>,  <23.695007, 16.319332, 2.888578>, 0.100000
	pigment { color rgbt <1,0,0,0> }
	no_shadow
}
cylinder {
	<23.774296, 16.097218, 2.844103>,  <23.906445, 15.727025, 2.769978>, 0.100000
	pigment { color rgbt <1,0,0,0> }
	no_shadow
}

// particle -1
sphere {
	<23.774296, 16.097218, 2.844103> 0.100000
	pigment { color rgbt <1,0,0,0> }
	no_shadow
}
sphere {
	0, 1
	scale<0.080000,0.200000,0.300000>
	matrix <0.618360, 0.063894, 0.783294,
		0.713082, 0.373368, -0.593389,
		-0.330371, 0.925480, 0.185314,
		23.675184, 16.374861, 2.899697>
	pigment { color rgbt <0,1,1,0> }
	no_shadow
}
cylinder {
	<24.460148, 16.024706, 3.127927>,  <23.906445, 15.727025, 2.769978>, 0.130000
	pigment { color rgbt <1,0,0,0> }
	no_shadow
}

// nucleotide -1

// particle -1
sphere {
	<24.460148, 16.024706, 3.127927> 0.250000
	pigment { color rgbt <1,0,0,0> }
	no_shadow
}
cylinder {
	<24.125755, 16.213131, 3.240520>,  <23.925119, 16.326185, 3.308076>, 0.100000
	pigment { color rgbt <1,0,0,0> }
	no_shadow
}
cylinder {
	<24.125755, 16.213131, 3.240520>,  <24.460148, 16.024706, 3.127927>, 0.100000
	pigment { color rgbt <1,0,0,0> }
	no_shadow
}

// particle -1
sphere {
	<24.125755, 16.213131, 3.240520> 0.100000
	pigment { color rgbt <1,0,0,0> }
	no_shadow
}
sphere {
	0, 1
	scale<0.080000,0.200000,0.300000>
	matrix <0.292610, -0.051284, 0.954856,
		0.464232, 0.880608, -0.094965,
		-0.835983, 0.471063, 0.281482,
		23.874960, 16.354450, 3.324965>
	pigment { color rgbt <0,1,1,0> }
	no_shadow
}
cylinder {
	<24.538893, 16.728006, 3.590670>,  <24.460148, 16.024706, 3.127927>, 0.130000
	pigment { color rgbt <1,0,0,0> }
	no_shadow
}

// nucleotide -1

// particle -1
sphere {
	<24.538893, 16.728006, 3.590670> 0.250000
	pigment { color rgbt <1,0,0,0> }
	no_shadow
}
cylinder {
	<24.218681, 16.496834, 3.654107>,  <24.026554, 16.358131, 3.692170>, 0.100000
	pigment { color rgbt <1,0,0,0> }
	no_shadow
}
cylinder {
	<24.218681, 16.496834, 3.654107>,  <24.538893, 16.728006, 3.590670>, 0.100000
	pigment { color rgbt <1,0,0,0> }
	no_shadow
}

// particle -1
sphere {
	<24.218681, 16.496834, 3.654107> 0.100000
	pigment { color rgbt <1,0,0,0> }
	no_shadow
}
sphere {
	0, 1
	scale<0.080000,0.200000,0.300000>
	matrix <0.274254, -0.117988, 0.954392,
		-0.532859, 0.807513, 0.252952,
		-0.800529, -0.577929, 0.158593,
		23.978523, 16.323456, 3.701685>
	pigment { color rgbt <0,1,1,0> }
	no_shadow
}
cylinder {
	<24.096684, 16.942253, 4.083180>,  <24.538893, 16.728006, 3.590670>, 0.130000
	pigment { color rgbt <1,0,0,0> }
	no_shadow
}

// nucleotide -1

// particle -1
sphere {
	<24.096684, 16.942253, 4.083180> 0.250000
	pigment { color rgbt <1,0,0,0> }
	no_shadow
}
cylinder {
	<24.093002, 16.543251, 4.055172>,  <24.090794, 16.303850, 4.038367>, 0.100000
	pigment { color rgbt <1,0,0,0> }
	no_shadow
}
cylinder {
	<24.093002, 16.543251, 4.055172>,  <24.096684, 16.942253, 4.083180>, 0.100000
	pigment { color rgbt <1,0,0,0> }
	no_shadow
}

// particle -1
sphere {
	<24.093002, 16.543251, 4.055172> 0.100000
	pigment { color rgbt <1,0,0,0> }
	no_shadow
}
sphere {
	0, 1
	scale<0.080000,0.200000,0.300000>
	matrix <0.399432, -0.067861, 0.914248,
		-0.916717, -0.019556, 0.399059,
		-0.009202, -0.997503, -0.070020,
		24.090242, 16.243999, 4.034166>
	pigment { color rgbt <0,1,1,0> }
	no_shadow
}
cylinder {
	<23.914894, 17.568270, 4.424420>,  <24.096684, 16.942253, 4.083180>, 0.130000
	pigment { color rgbt <1,0,0,0> }
	no_shadow
}

// nucleotide -1

// particle -1
sphere {
	<23.914894, 17.568270, 4.424420> 0.250000
	pigment { color rgbt <1,0,0,0> }
	no_shadow
}
cylinder {
	<23.876369, 17.769245, 4.080728>,  <23.853254, 17.889830, 3.874512>, 0.100000
	pigment { color rgbt <1,0,0,0> }
	no_shadow
}
cylinder {
	<23.876369, 17.769245, 4.080728>,  <23.914894, 17.568270, 4.424420>, 0.100000
	pigment { color rgbt <1,0,0,0> }
	no_shadow
}

// particle -1
sphere {
	<23.876369, 17.769245, 4.080728> 0.100000
	pigment { color rgbt <1,0,0,0> }
	no_shadow
}
sphere {
	0, 1
	scale<0.080000,0.200000,0.300000>
	matrix <-0.750116, 0.530782, 0.394458,
		0.654255, 0.682516, 0.325765,
		-0.096314, 0.502438, -0.859232,
		23.847475, 17.919977, 3.822958>
	pigment { color rgbt <0,1,1,0> }
	no_shadow
}
cylinder {
	<23.951389, 18.262690, 4.527025>,  <23.914894, 17.568270, 4.424420>, 0.130000
	pigment { color rgbt <1,0,0,0> }
	no_shadow
}

// nucleotide -1

// particle -1
sphere {
	<23.951389, 18.262690, 4.527025> 0.250000
	pigment { color rgbt <1,0,0,0> }
	no_shadow
}
cylinder {
	<23.734314, 18.196877, 4.197560>,  <23.604069, 18.157389, 3.999881>, 0.100000
	pigment { color rgbt <1,0,0,0> }
	no_shadow
}
cylinder {
	<23.734314, 18.196877, 4.197560>,  <23.951389, 18.262690, 4.527025>, 0.100000
	pigment { color rgbt <1,0,0,0> }
	no_shadow
}

// particle -1
sphere {
	<23.734314, 18.196877, 4.197560> 0.100000
	pigment { color rgbt <1,0,0,0> }
	no_shadow
}
sphere {
	0, 1
	scale<0.080000,0.200000,0.300000>
	matrix <-0.753567, 0.528498, 0.390930,
		0.370982, 0.832837, -0.410796,
		-0.542686, -0.164535, -0.823663,
		23.571508, 18.147516, 3.950461>
	pigment { color rgbt <0,1,1,0> }
	no_shadow
}
cylinder {
	<23.692703, 18.885914, 4.171722>,  <23.951389, 18.262690, 4.527025>, 0.130000
	pigment { color rgbt <1,0,0,0> }
	no_shadow
}

// nucleotide -1

// particle -1
sphere {
	<23.692703, 18.885914, 4.171722> 0.250000
	pigment { color rgbt <1,0,0,0> }
	no_shadow
}
cylinder {
	<23.449383, 18.573841, 4.113367>,  <23.303391, 18.386597, 4.078354>, 0.100000
	pigment { color rgbt <1,0,0,0> }
	no_shadow
}
cylinder {
	<23.449383, 18.573841, 4.113367>,  <23.692703, 18.885914, 4.171722>, 0.100000
	pigment { color rgbt <1,0,0,0> }
	no_shadow
}

// particle -1
sphere {
	<23.449383, 18.573841, 4.113367> 0.100000
	pigment { color rgbt <1,0,0,0> }
	no_shadow
}
sphere {
	0, 1
	scale<0.080000,0.200000,0.300000>
	matrix <-0.781464, 0.556562, 0.282050,
		-0.138855, 0.285579, -0.948243,
		-0.608303, -0.780182, -0.145889,
		23.266891, 18.339787, 4.069601>
	pigment { color rgbt <0,1,1,0> }
	no_shadow
}
cylinder {
	<23.107067, 18.965132, 3.692004>,  <23.692703, 18.885914, 4.171722>, 0.130000
	pigment { color rgbt <1,0,0,0> }
	no_shadow
}

// nucleotide -1

// particle -1
sphere {
	<23.107067, 18.965132, 3.692004> 0.250000
	pigment { color rgbt <1,0,0,0> }
	no_shadow
}
cylinder {
	<22.954296, 18.678970, 3.926039>,  <22.862635, 18.507273, 4.066461>, 0.100000
	pigment { color rgbt <1,0,0,0> }
	no_shadow
}
cylinder {
	<22.954296, 18.678970, 3.926039>,  <23.107067, 18.965132, 3.692004>, 0.100000
	pigment { color rgbt <1,0,0,0> }
	no_shadow
}

// particle -1
sphere {
	<22.954296, 18.678970, 3.926039> 0.100000
	pigment { color rgbt <1,0,0,0> }
	no_shadow
}
sphere {
	0, 1
	scale<0.080000,0.200000,0.300000>
	matrix <-0.768106, 0.597773, 0.229522,
		-0.513951, -0.361749, -0.777812,
		-0.381925, -0.715406, 0.585087,
		22.839718, 18.464348, 4.101566>
	pigment { color rgbt <0,1,1,0> }
	no_shadow
}
cylinder {
	<22.402262, 19.041748, 3.698881>,  <23.107067, 18.965132, 3.692004>, 0.130000
	pigment { color rgbt <1,0,0,0> }
	no_shadow
}

// nucleotide -1

// particle -1
sphere {
	<22.402262, 19.041748, 3.698881> 0.250000
	pigment { color rgbt <1,0,0,0> }
	no_shadow
}
cylinder {
	<22.480782, 18.878357, 4.055445>,  <22.527893, 18.780323, 4.269383>, 0.100000
	pigment { color rgbt <1,0,0,0> }
	no_shadow
}
cylinder {
	<22.480782, 18.878357, 4.055445>,  <22.402262, 19.041748, 3.698881>, 0.100000
	pigment { color rgbt <1,0,0,0> }
	no_shadow
}

// particle -1
sphere {
	<22.480782, 18.878357, 4.055445> 0.100000
	pigment { color rgbt <1,0,0,0> }
	no_shadow
}
sphere {
	0, 1
	scale<0.080000,0.200000,0.300000>
	matrix <-0.635198, 0.639584, 0.432962,
		-0.746987, -0.651213, -0.133913,
		0.196301, -0.408478, 0.891409,
		22.539673, 18.755814, 4.322867>
	pigment { color rgbt <0,1,1,0> }
	no_shadow
}
cylinder {
	<21.745518, 18.818939, 4.075806>,  <22.402262, 19.041748, 3.698881>, 0.130000
	pigment { color rgbt <1,0,0,0> }
	no_shadow
}

// nucleotide -1

// particle -1
sphere {
	<21.745518, 18.818939, 4.075806> 0.250000
	pigment { color rgbt <1,0,0,0> }
	no_shadow
}
cylinder {
	<22.020779, 18.978611, 4.318161>,  <22.185936, 19.074413, 4.463574>, 0.100000
	pigment { color rgbt <1,0,0,0> }
	no_shadow
}
cylinder {
	<22.020779, 18.978611, 4.318161>,  <21.745518, 18.818939, 4.075806>, 0.100000
	pigment { color rgbt <1,0,0,0> }
	no_shadow
}

// particle -1
sphere {
	<22.020779, 18.978611, 4.318161> 0.100000
	pigment { color rgbt <1,0,0,0> }
	no_shadow
}
sphere {
	0, 1
	scale<0.080000,0.200000,0.300000>
	matrix <-0.724234, 0.428452, 0.540291,
		-0.043921, -0.810608, 0.583940,
		0.688154, 0.399179, 0.605888,
		22.227224, 19.098364, 4.499927>
	pigment { color rgbt <0,1,1,0> }
	no_shadow
}
cylinder {
	<21.447311, 18.878130, 4.756415>,  <21.745518, 18.818939, 4.075806>, 0.130000
	pigment { color rgbt <1,0,0,0> }
	no_shadow
}

// nucleotide -1

// particle -1
sphere {
	<21.447311, 18.878130, 4.756415> 0.250000
	pigment { color rgbt <1,0,0,0> }
	no_shadow
}
cylinder {
	<21.747169, 19.142460, 4.741761>,  <21.927084, 19.301058, 4.732969>, 0.100000
	pigment { color rgbt <1,0,0,0> }
	no_shadow
}
cylinder {
	<21.747169, 19.142460, 4.741761>,  <21.447311, 18.878130, 4.756415>, 0.100000
	pigment { color rgbt <1,0,0,0> }
	no_shadow
}

// particle -1
sphere {
	<21.747169, 19.142460, 4.741761> 0.100000
	pigment { color rgbt <1,0,0,0> }
	no_shadow
}
sphere {
	0, 1
	scale<0.080000,0.200000,0.300000>
	matrix <-0.546942, 0.649725, 0.527932,
		0.372673, -0.375724, 0.848496,
		0.749646, 0.660824, -0.036635,
		21.972063, 19.340708, 4.730771>
	pigment { color rgbt <0,1,1,0> }
	no_shadow
}
cylinder {
	<21.755877, 19.025009, 5.495625>,  <21.447311, 18.878130, 4.756415>, 0.130000
	pigment { color rgbt <1,0,0,0> }
	no_shadow
}

// nucleotide -1

// particle -1
sphere {
	<21.755877, 19.025009, 5.495625> 0.250000
	pigment { color rgbt <1,0,0,0> }
	no_shadow
}
cylinder {
	<21.751358, 19.311680, 5.216700>,  <21.748646, 19.483683, 5.049344>, 0.100000
	pigment { color rgbt <1,0,0,0> }
	no_shadow
}
cylinder {
	<21.751358, 19.311680, 5.216700>,  <21.755877, 19.025009, 5.495625>, 0.100000
	pigment { color rgbt <1,0,0,0> }
	no_shadow
}

// particle -1
sphere {
	<21.751358, 19.311680, 5.216700> 0.100000
	pigment { color rgbt <1,0,0,0> }
	no_shadow
}
sphere {
	0, 1
	scale<0.080000,0.200000,0.300000>
	matrix <-0.511892, 0.594907, 0.619719,
		0.858975, 0.363951, 0.360140,
		-0.011298, 0.716676, -0.697315,
		21.747969, 19.526682, 5.007505>
	pigment { color rgbt <0,1,1,0> }
	no_shadow
}
cylinder {
	<21.936596, 19.648508, 5.840906>,  <21.755877, 19.025009, 5.495625>, 0.130000
	pigment { color rgbt <1,0,0,0> }
	no_shadow
}

// nucleotide -1

// particle -1
sphere {
	<21.936596, 19.648508, 5.840906> 0.250000
	pigment { color rgbt <1,0,0,0> }
	no_shadow
}
cylinder {
	<21.739616, 19.745617, 5.506588>,  <21.621428, 19.803883, 5.305997>, 0.100000
	pigment { color rgbt <1,0,0,0> }
	no_shadow
}
cylinder {
	<21.739616, 19.745617, 5.506588>,  <21.936596, 19.648508, 5.840906>, 0.100000
	pigment { color rgbt <1,0,0,0> }
	no_shadow
}

// particle -1
sphere {
	<21.739616, 19.745617, 5.506588> 0.100000
	pigment { color rgbt <1,0,0,0> }
	no_shadow
}
sphere {
	0, 1
	scale<0.080000,0.200000,0.300000>
	matrix <-0.400265, 0.789556, 0.465176,
		0.772839, 0.563616, -0.291645,
		-0.492451, 0.242771, -0.835796,
		21.591881, 19.818449, 5.255849>
	pigment { color rgbt <0,1,1,0> }
	no_shadow
}
cylinder {
	<21.720049, 20.341606, 6.048986>,  <21.936596, 19.648508, 5.840906>, 0.130000
	pigment { color rgbt <1,0,0,0> }
	no_shadow
}

// nucleotide -1

// particle -1
sphere {
	<21.720049, 20.341606, 6.048986> 0.250000
	pigment { color rgbt <1,0,0,0> }
	no_shadow
}
cylinder {
	<21.507469, 20.214607, 5.734850>,  <21.379921, 20.138409, 5.546369>, 0.100000
	pigment { color rgbt <1,0,0,0> }
	no_shadow
}
cylinder {
	<21.507469, 20.214607, 5.734850>,  <21.720049, 20.341606, 6.048986>, 0.100000
	pigment { color rgbt <1,0,0,0> }
	no_shadow
}

// particle -1
sphere {
	<21.507469, 20.214607, 5.734850> 0.100000
	pigment { color rgbt <1,0,0,0> }
	no_shadow
}
sphere {
	0, 1
	scale<0.080000,0.200000,0.300000>
	matrix <-0.783642, 0.536318, 0.313477,
		0.321664, 0.782022, -0.533830,
		-0.531448, -0.317497, -0.785340,
		21.348034, 20.119358, 5.499248>
	pigment { color rgbt <0,1,1,0> }
	no_shadow
}
cylinder {
	<21.302536, 20.861103, 5.762745>,  <21.720049, 20.341606, 6.048986>, 0.130000
	pigment { color rgbt <1,0,0,0> }
	no_shadow
}

// nucleotide -1

// particle -1
sphere {
	<21.302536, 20.861103, 5.762745> 0.250000
	pigment { color rgbt <1,0,0,0> }
	no_shadow
}
cylinder {
	<21.105995, 20.537300, 5.634201>,  <20.988071, 20.343018, 5.557075>, 0.100000
	pigment { color rgbt <1,0,0,0> }
	no_shadow
}
cylinder {
	<21.105995, 20.537300, 5.634201>,  <21.302536, 20.861103, 5.762745>, 0.100000
	pigment { color rgbt <1,0,0,0> }
	no_shadow
}

// particle -1
sphere {
	<21.105995, 20.537300, 5.634201> 0.100000
	pigment { color rgbt <1,0,0,0> }
	no_shadow
}
sphere {
	0, 1
	scale<0.080000,0.200000,0.300000>
	matrix <-0.870444, 0.443689, 0.213229,
		-0.030026, 0.384497, -0.922638,
		-0.491350, -0.809508, -0.321361,
		20.958590, 20.294447, 5.537793>
	pigment { color rgbt <0,1,1,0> }
	no_shadow
}
cylinder {
	<20.726122, 21.103498, 5.239529>,  <21.302536, 20.861103, 5.762745>, 0.130000
	pigment { color rgbt <1,0,0,0> }
	no_shadow
}

// nucleotide -1

// particle -1
sphere {
	<20.726122, 21.103498, 5.239529> 0.250000
	pigment { color rgbt <1,0,0,0> }
	no_shadow
}
cylinder {
	<20.656845, 20.759205, 5.431005>,  <20.615280, 20.552629, 5.545890>, 0.100000
	pigment { color rgbt <1,0,0,0> }
	no_shadow
}
cylinder {
	<20.656845, 20.759205, 5.431005>,  <20.726122, 21.103498, 5.239529>, 0.100000
	pigment { color rgbt <1,0,0,0> }
	no_shadow
}

// particle -1
sphere {
	<20.656845, 20.759205, 5.431005> 0.100000
	pigment { color rgbt <1,0,0,0> }
	no_shadow
}
sphere {
	0, 1
	scale<0.080000,0.200000,0.300000>
	matrix <-0.938054, 0.292257, 0.186121,
		-0.300101, -0.416801, -0.858030,
		-0.173190, -0.860734, 0.478688,
		20.604889, 20.500984, 5.574611>
	pigment { color rgbt <0,1,1,0> }
	no_shadow
}
cylinder {
	<20.099058, 20.881201, 4.837706>,  <20.726122, 21.103498, 5.239529>, 0.130000
	pigment { color rgbt <1,0,0,0> }
	no_shadow
}

// nucleotide -1

// particle -1
sphere {
	<20.099058, 20.881201, 4.837706> 0.250000
	pigment { color rgbt <1,0,0,0> }
	no_shadow
}
cylinder {
	<20.149387, 20.790913, 5.224118>,  <20.179585, 20.736740, 5.455966>, 0.100000
	pigment { color rgbt <1,0,0,0> }
	no_shadow
}
cylinder {
	<20.149387, 20.790913, 5.224118>,  <20.099058, 20.881201, 4.837706>, 0.100000
	pigment { color rgbt <1,0,0,0> }
	no_shadow
}

// particle -1
sphere {
	<20.149387, 20.790913, 5.224118> 0.100000
	pigment { color rgbt <1,0,0,0> }
	no_shadow
}
sphere {
	0, 1
	scale<0.080000,0.200000,0.300000>
	matrix <-0.919176, 0.339805, 0.199119,
		-0.373208, -0.913007, -0.164724,
		0.125823, -0.225723, 0.966032,
		20.187134, 20.723196, 5.513928>
	pigment { color rgbt <0,1,1,0> }
	no_shadow
}
cylinder {
	<19.524191, 20.481947, 4.971198>,  <20.099058, 20.881201, 4.837706>, 0.130000
	pigment { color rgbt <1,0,0,0> }
	no_shadow
}

// nucleotide -1

// particle -1
sphere {
	<19.524191, 20.481947, 4.971198> 0.250000
	pigment { color rgbt <1,0,0,0> }
	no_shadow
}
cylinder {
	<19.680820, 20.706108, 5.263121>,  <19.774797, 20.840605, 5.438274>, 0.100000
	pigment { color rgbt <1,0,0,0> }
	no_shadow
}
cylinder {
	<19.680820, 20.706108, 5.263121>,  <19.524191, 20.481947, 4.971198>, 0.100000
	pigment { color rgbt <1,0,0,0> }
	no_shadow
}

// particle -1
sphere {
	<19.680820, 20.706108, 5.263121> 0.100000
	pigment { color rgbt <1,0,0,0> }
	no_shadow
}
sphere {
	0, 1
	scale<0.080000,0.200000,0.300000>
	matrix <-0.914822, 0.322310, 0.243344,
		-0.098853, -0.762931, 0.638878,
		0.391571, 0.560404, 0.729807,
		19.798292, 20.874229, 5.482063>
	pigment { color rgbt <0,1,1,0> }
	no_shadow
}
cylinder {
	<19.245737, 20.355747, 5.722502>,  <19.524191, 20.481947, 4.971198>, 0.130000
	pigment { color rgbt <1,0,0,0> }
	no_shadow
}

// nucleotide -1

// particle -1
sphere {
	<19.245737, 20.355747, 5.722502> 0.250000
	pigment { color rgbt <1,0,0,0> }
	no_shadow
}
cylinder {
	<19.390484, 20.722664, 5.656015>,  <19.477333, 20.942814, 5.616123>, 0.100000
	pigment { color rgbt <1,0,0,0> }
	no_shadow
}
cylinder {
	<19.390484, 20.722664, 5.656015>,  <19.245737, 20.355747, 5.722502>, 0.100000
	pigment { color rgbt <1,0,0,0> }
	no_shadow
}

// particle -1
sphere {
	<19.390484, 20.722664, 5.656015> 0.100000
	pigment { color rgbt <1,0,0,0> }
	no_shadow
}
sphere {
	0, 1
	scale<0.080000,0.200000,0.300000>
	matrix <-0.849999, 0.397881, 0.345243,
		0.382823, 0.016353, 0.923677,
		0.361867, 0.917291, -0.166218,
		19.499044, 20.997850, 5.606150>
	pigment { color rgbt <0,1,1,0> }
	no_shadow
}
cylinder {
	<19.503090, 20.342228, 6.361577>,  <19.245737, 20.355747, 5.722502>, 0.130000
	pigment { color rgbt <1,0,0,0> }
	no_shadow
}

// nucleotide -1

// particle -1
sphere {
	<19.503090, 20.342228, 6.361577> 0.250000
	pigment { color rgbt <1,0,0,0> }
	no_shadow
}
cylinder {
	<19.829395, 20.119308, 6.299675>,  <20.025179, 19.985558, 6.262534>, 0.100000
	pigment { color rgbt <1,0,0,0> }
	no_shadow
}
cylinder {
	<19.829395, 20.119308, 6.299675>,  <19.503090, 20.342228, 6.361577>, 0.100000
	pigment { color rgbt <1,0,0,0> }
	no_shadow
}

// particle -1
sphere {
	<19.829395, 20.119308, 6.299675> 0.100000
	pigment { color rgbt <1,0,0,0> }
	no_shadow
}
sphere {
	0, 1
	scale<0.080000,0.200000,0.300000>
	matrix <0.147357, -0.058476, 0.987353,
		-0.559300, -0.828251, 0.034420,
		0.815763, -0.557299, -0.154754,
		20.074123, 19.952120, 6.253249>
	pigment { color rgbt <0,1,1,0> }
	no_shadow
}
cylinder {
	<19.482277, 19.802965, 6.785302>,  <19.503090, 20.342228, 6.361577>, 0.130000
	pigment { color rgbt <1,0,0,0> }
	no_shadow
}

// nucleotide -1

// particle -1
sphere {
	<19.482277, 19.802965, 6.785302> 0.250000
	pigment { color rgbt <1,0,0,0> }
	no_shadow
}
cylinder {
	<19.873959, 19.822861, 6.706629>,  <20.108967, 19.834799, 6.659425>, 0.100000
	pigment { color rgbt <1,0,0,0> }
	no_shadow
}
cylinder {
	<19.873959, 19.822861, 6.706629>,  <19.482277, 19.802965, 6.785302>, 0.100000
	pigment { color rgbt <1,0,0,0> }
	no_shadow
}

// particle -1
sphere {
	<19.873959, 19.822861, 6.706629> 0.100000
	pigment { color rgbt <1,0,0,0> }
	no_shadow
}
sphere {
	0, 1
	scale<0.080000,0.200000,0.300000>
	matrix <0.202772, -0.209286, 0.956600,
		0.006418, -0.976589, -0.215019,
		0.979205, 0.049739, -0.196682,
		20.167721, 19.837782, 6.647624>
	pigment { color rgbt <0,1,1,0> }
	no_shadow
}
cylinder {
	<19.807840, 19.139502, 6.905849>,  <19.482277, 19.802965, 6.785302>, 0.130000
	pigment { color rgbt <1,0,0,0> }
	no_shadow
}

// nucleotide -1

// particle -1
sphere {
	<19.807840, 19.139502, 6.905849> 0.250000
	pigment { color rgbt <1,0,0,0> }
	no_shadow
}
cylinder {
	<20.057884, 19.447231, 6.958579>,  <20.207911, 19.631870, 6.990217>, 0.100000
	pigment { color rgbt <1,0,0,0> }
	no_shadow
}
cylinder {
	<20.057884, 19.447231, 6.958579>,  <19.807840, 19.139502, 6.905849>, 0.100000
	pigment { color rgbt <1,0,0,0> }
	no_shadow
}

// particle -1
sphere {
	<20.057884, 19.447231, 6.958579> 0.100000
	pigment { color rgbt <1,0,0,0> }
	no_shadow
}
sphere {
	0, 1
	scale<0.080000,0.200000,0.300000>
	matrix <0.185227, -0.310277, 0.932427,
		0.758242, -0.558449, -0.336456,
		0.625108, 0.769326, 0.131826,
		20.245417, 19.678028, 6.998127>
	pigment { color rgbt <0,1,1,0> }
	no_shadow
}
cylinder {
	<20.347502, 18.893888, 7.337945>,  <19.807840, 19.139502, 6.905849>, 0.130000
	pigment { color rgbt <1,0,0,0> }
	no_shadow
}

// nucleotide -1

// particle -1
sphere {
	<20.347502, 18.893888, 7.337945> 0.250000
	pigment { color rgbt <1,0,0,0> }
	no_shadow
}
cylinder {
	<20.439003, 19.282600, 7.360977>,  <20.493904, 19.515827, 7.374796>, 0.100000
	pigment { color rgbt <1,0,0,0> }
	no_shadow
}
cylinder {
	<20.439003, 19.282600, 7.360977>,  <20.347502, 18.893888, 7.337945>, 0.100000
	pigment { color rgbt <1,0,0,0> }
	no_shadow
}

// particle -1
sphere {
	<20.439003, 19.282600, 7.360977> 0.100000
	pigment { color rgbt <1,0,0,0> }
	no_shadow
}
sphere {
	0, 1
	scale<0.080000,0.200000,0.300000>
	matrix <0.411013, -0.150030, 0.899200,
		0.882464, -0.182026, -0.433734,
		0.228751, 0.971781, 0.057581,
		20.507627, 19.574135, 7.378252>
	pigment { color rgbt <0,1,1,0> }
	no_shadow
}
cylinder {
	<21.112970, 18.971710, 7.481685>,  <20.347502, 18.893888, 7.337945>, 0.130000
	pigment { color rgbt <1,0,0,0> }
	no_shadow
}

// nucleotide -1

// particle -1
sphere {
	<21.112970, 18.971710, 7.481685> 0.250000
	pigment { color rgbt <1,0,0,0> }
	no_shadow
}
cylinder {
	<20.940350, 19.315186, 7.592260>,  <20.836777, 19.521271, 7.658606>, 0.100000
	pigment { color rgbt <1,0,0,0> }
	no_shadow
}
cylinder {
	<20.940350, 19.315186, 7.592260>,  <21.112970, 18.971710, 7.481685>, 0.100000
	pigment { color rgbt <1,0,0,0> }
	no_shadow
}

// particle -1
sphere {
	<20.940350, 19.315186, 7.592260> 0.100000
	pigment { color rgbt <1,0,0,0> }
	no_shadow
}
sphere {
	0, 1
	scale<0.080000,0.200000,0.300000>
	matrix <0.516852, -0.015796, 0.855929,
		0.739343, 0.512255, -0.436998,
		-0.431551, 0.858688, 0.276439,
		20.810884, 19.572792, 7.675192>
	pigment { color rgbt <0,1,1,0> }
	no_shadow
}
cylinder {
	<21.666565, 19.457943, 7.725574>,  <21.112970, 18.971710, 7.481685>, 0.130000
	pigment { color rgbt <1,0,0,0> }
	no_shadow
}

// nucleotide -1

// particle -1
sphere {
	<21.666565, 19.457943, 7.725574> 0.250000
	pigment { color rgbt <1,0,0,0> }
	no_shadow
}
cylinder {
	<21.321415, 19.580109, 7.886655>,  <21.114325, 19.653408, 7.983303>, 0.100000
	pigment { color rgbt <1,0,0,0> }
	no_shadow
}
cylinder {
	<21.321415, 19.580109, 7.886655>,  <21.666565, 19.457943, 7.725574>, 0.100000
	pigment { color rgbt <1,0,0,0> }
	no_shadow
}

// particle -1
sphere {
	<21.321415, 19.580109, 7.886655> 0.100000
	pigment { color rgbt <1,0,0,0> }
	no_shadow
}
sphere {
	0, 1
	scale<0.080000,0.200000,0.300000>
	matrix <0.463113, 0.158670, 0.871981,
		0.202419, 0.938906, -0.278354,
		-0.862875, 0.305415, 0.402701,
		21.062553, 19.671734, 8.007465>
	pigment { color rgbt <0,1,1,0> }
	no_shadow
}
cylinder {
	<21.745888, 20.171917, 8.006494>,  <21.666565, 19.457943, 7.725574>, 0.130000
	pigment { color rgbt <1,0,0,0> }
	no_shadow
}

// nucleotide -1

// particle -1
sphere {
	<21.745888, 20.171917, 8.006494> 0.250000
	pigment { color rgbt <1,0,0,0> }
	no_shadow
}
cylinder {
	<21.471348, 19.993378, 8.236170>,  <21.306623, 19.886255, 8.373976>, 0.100000
	pigment { color rgbt <1,0,0,0> }
	no_shadow
}
cylinder {
	<21.471348, 19.993378, 8.236170>,  <21.745888, 20.171917, 8.006494>, 0.100000
	pigment { color rgbt <1,0,0,0> }
	no_shadow
}

// particle -1
sphere {
	<21.471348, 19.993378, 8.236170> 0.100000
	pigment { color rgbt <1,0,0,0> }
	no_shadow
}
sphere {
	0, 1
	scale<0.080000,0.200000,0.300000>
	matrix <0.428680, 0.389491, 0.815187,
		-0.587498, 0.805650, -0.075988,
		-0.686352, -0.446347, 0.574191,
		21.265442, 19.859474, 8.408427>
	pigment { color rgbt <0,1,1,0> }
	no_shadow
}
cylinder {
	<21.987860, 20.392344, 8.707461>,  <21.745888, 20.171917, 8.006494>, 0.130000
	pigment { color rgbt <1,0,0,0> }
	no_shadow
}

// nucleotide -1

// particle -1
sphere {
	<21.987860, 20.392344, 8.707461> 0.250000
	pigment { color rgbt <1,0,0,0> }
	no_shadow
}
cylinder {
	<21.655582, 20.177578, 8.766348>,  <21.456217, 20.048717, 8.801680>, 0.100000
	pigment { color rgbt <1,0,0,0> }
	no_shadow
}
cylinder {
	<21.655582, 20.177578, 8.766348>,  <21.987860, 20.392344, 8.707461>, 0.100000
	pigment { color rgbt <1,0,0,0> }
	no_shadow
}

// particle -1
sphere {
	<21.655582, 20.177578, 8.766348> 0.100000
	pigment { color rgbt <1,0,0,0> }
	no_shadow
}
sphere {
	0, 1
	scale<0.080000,0.200000,0.300000>
	matrix <0.035208, 0.213238, 0.976366,
		-0.555617, 0.816243, -0.158231,
		-0.830692, -0.536915, 0.147217,
		21.406374, 20.016504, 8.810513>
	pigment { color rgbt <0,1,1,0> }
	no_shadow
}
cylinder {
	<21.492916, 20.796354, 9.109103>,  <21.987860, 20.392344, 8.707461>, 0.130000
	pigment { color rgbt <1,0,0,0> }
	no_shadow
}

// nucleotide -1

// particle -1
sphere {
	<21.492916, 20.796354, 9.109103> 0.250000
	pigment { color rgbt <1,0,0,0> }
	no_shadow
}
cylinder {
	<21.421730, 20.405479, 9.155457>,  <21.379019, 20.170954, 9.183269>, 0.100000
	pigment { color rgbt <1,0,0,0> }
	no_shadow
}
cylinder {
	<21.421730, 20.405479, 9.155457>,  <21.492916, 20.796354, 9.109103>, 0.100000
	pigment { color rgbt <1,0,0,0> }
	no_shadow
}

// particle -1
sphere {
	<21.421730, 20.405479, 9.155457> 0.100000
	pigment { color rgbt <1,0,0,0> }
	no_shadow
}
sphere {
	0, 1
	scale<0.080000,0.200000,0.300000>
	matrix <0.103175, 0.098584, 0.989766,
		-0.978613, 0.188102, 0.083277,
		-0.177967, -0.977189, 0.115883,
		21.368340, 20.112322, 9.190222>
	pigment { color rgbt <0,1,1,0> }
	no_shadow
}
cylinder {
	<20.902487, 20.707792, 9.590903>,  <21.492916, 20.796354, 9.109103>, 0.130000
	pigment { color rgbt <1,0,0,0> }
	no_shadow
}

// nucleotide -1

// particle -1
sphere {
	<20.902487, 20.707792, 9.590903> 0.250000
	pigment { color rgbt <1,0,0,0> }
	no_shadow
}
cylinder {
	<21.070278, 20.344696, 9.593477>,  <21.170954, 20.126839, 9.595022>, 0.100000
	pigment { color rgbt <1,0,0,0> }
	no_shadow
}
cylinder {
	<21.070278, 20.344696, 9.593477>,  <20.902487, 20.707792, 9.590903>, 0.100000
	pigment { color rgbt <1,0,0,0> }
	no_shadow
}

// particle -1
sphere {
	<21.070278, 20.344696, 9.593477> 0.100000
	pigment { color rgbt <1,0,0,0> }
	no_shadow
}
sphere {
	0, 1
	scale<0.080000,0.200000,0.300000>
	matrix <0.091526, 0.049347, 0.994579,
		-0.903139, -0.416617, 0.103782,
		0.419480, -0.907742, 0.006436,
		21.196123, 20.072374, 9.595408>
	pigment { color rgbt <0,1,1,0> }
	no_shadow
}
cylinder {
	<20.544556, 20.234838, 10.133961>,  <20.902487, 20.707792, 9.590903>, 0.130000
	pigment { color rgbt <1,0,0,0> }
	no_shadow
}

// nucleotide -1

// particle -1
sphere {
	<20.544556, 20.234838, 10.133961> 0.250000
	pigment { color rgbt <1,0,0,0> }
	no_shadow
}
cylinder {
	<20.906025, 20.088440, 10.045038>,  <21.122908, 20.000601, 9.991685>, 0.100000
	pigment { color rgbt <1,0,0,0> }
	no_shadow
}
cylinder {
	<20.906025, 20.088440, 10.045038>,  <20.544556, 20.234838, 10.133961>, 0.100000
	pigment { color rgbt <1,0,0,0> }
	no_shadow
}

// particle -1
sphere {
	<20.906025, 20.088440, 10.045038> 0.100000
	pigment { color rgbt <1,0,0,0> }
	no_shadow
}
sphere {
	0, 1
	scale<0.080000,0.200000,0.300000>
	matrix <0.126362, -0.268111, 0.955065,
		-0.409153, -0.891159, -0.196037,
		0.903674, -0.365996, -0.222307,
		21.177128, 19.978642, 9.978346>
	pigment { color rgbt <0,1,1,0> }
	no_shadow
}
cylinder {
	<20.656651, 19.626240, 10.514530>,  <20.544556, 20.234838, 10.133961>, 0.130000
	pigment { color rgbt <1,0,0,0> }
	no_shadow
}

// nucleotide -1

// particle -1
sphere {
	<20.656651, 19.626240, 10.514530> 0.250000
	pigment { color rgbt <1,0,0,0> }
	no_shadow
}
cylinder {
	<21.034145, 19.732349, 10.435546>,  <21.260643, 19.796015, 10.388155>, 0.100000
	pigment { color rgbt <1,0,0,0> }
	no_shadow
}
cylinder {
	<21.034145, 19.732349, 10.435546>,  <20.656651, 19.626240, 10.514530>, 0.100000
	pigment { color rgbt <1,0,0,0> }
	no_shadow
}

// particle -1
sphere {
	<21.034145, 19.732349, 10.435546> 0.100000
	pigment { color rgbt <1,0,0,0> }
	no_shadow
}
sphere {
	0, 1
	scale<0.080000,0.200000,0.300000>
	matrix <0.260190, -0.227077, 0.938476,
		0.204115, -0.937052, -0.283323,
		0.943737, 0.265274, -0.197462,
		21.317266, 19.811932, 10.376307>
	pigment { color rgbt <0,1,1,0> }
	no_shadow
}
cylinder {
	<20.963383, 19.215849, 10.942285>,  <20.656651, 19.626240, 10.514530>, 0.130000
	pigment { color rgbt <1,0,0,0> }
	no_shadow
}

// nucleotide -1

// particle -1
sphere {
	<20.963383, 19.215849, 10.942285> 0.250000
	pigment { color rgbt <1,0,0,0> }
