// switches for output
#declare DRAW_BASES = 1; // possible values are 0, 1; only relevant for DNA ribbons
#declare DRAW_BASES_TYPE = 3; // possible values are 1, 2, 3; only relevant for DNA ribbons
#declare DRAW_FOG = 0; // set to 1 to enable fog

#include "colors.inc"

#include "transforms.inc"
background { rgb <1, 1, 1>}

#default {
   normal{
       ripples 0.25
       frequency 0.20
       turbulence 0.2
       lambda 5
   }
	finish {
		phong 0.1
		phong_size 40.
	}
}

// original window dimensions: 1024x640


// camera settings

camera {
	sky <-0, 1, 0>
	up <-0, 1, 0>
	right 1.6 * <1, 0, 0>
	location <18.5, 18.5, 82.5562>
	look_at <18.5, 18.5, 18.5>
	direction <0, 0, -64.0562>
	angle 67.0682
}


# declare cpy_camera_pos = <18.5, 18.5, 82.5562>;
# if (DRAW_FOG = 1)
fog {
	fog_type 2
	up vnormalize(cpy_camera_pos)
	color rgbt<1,1,1,0.3>
	distance 1e-5
	fog_alt 3e-3
	fog_offset 29.6
}
# end


// LIGHTS

# declare lum = 6;
global_settings {
	ambient_light rgb lum * <0.05, 0.05, 0.05>
	max_trace_level 15
}# declare cpy_direct_light_amount = 0.25;
light_source
{	1000 * <-1, -1, 1>,
	rgb lum * cpy_direct_light_amount
	parallel
}

light_source
{	1000 * <1, 1, -1>,
	rgb lum * cpy_direct_light_amount
	parallel
}

// strand 0

// nucleotide -1

// particle -1
sphere {
	<22.870302, 16.591410, -1.282440> 0.250000
	pigment { color rgbt <1,0,0,0> }
	no_shadow
}
cylinder {
	<22.635056, 16.901665, -1.374095>,  <22.493908, 17.087818, -1.429088>, 0.100000
	pigment { color rgbt <1,0,0,0> }
	no_shadow
}
cylinder {
	<22.635056, 16.901665, -1.374095>,  <22.870302, 16.591410, -1.282440>, 0.100000
	pigment { color rgbt <1,0,0,0> }
	no_shadow
}

// particle -1
sphere {
	<22.635056, 16.901665, -1.374095> 0.100000
	pigment { color rgbt <1,0,0,0> }
	no_shadow
}
sphere {
	0, 1
	scale<0.080000,0.200000,0.300000>
	matrix <-0.751251, -0.418961, 0.509994,
		0.299572, 0.472075, 0.829097,
		-0.588115, 0.775640, -0.229137,
		22.458622, 17.134357, -1.442836>
	pigment { color rgbt <0,1,1,0> }
	no_shadow
}
cylinder {
	<22.570036, 16.987627, -0.696666>,  <22.870302, 16.591410, -1.282440>, 0.130000
	pigment { color rgbt <1,0,0,0> }
	no_shadow
}

// nucleotide -1

// particle -1
sphere {
	<22.570036, 16.987627, -0.696666> 0.250000
	pigment { color rgbt <1,0,0,0> }
	no_shadow
}
cylinder {
	<22.336437, 16.977306, -1.021204>,  <22.196278, 16.971113, -1.215927>, 0.100000
	pigment { color rgbt <1,0,0,0> }
	no_shadow
}
cylinder {
	<22.336437, 16.977306, -1.021204>,  <22.570036, 16.987627, -0.696666>, 0.100000
	pigment { color rgbt <1,0,0,0> }
	no_shadow
}

// particle -1
sphere {
	<22.336437, 16.977306, -1.021204> 0.100000
	pigment { color rgbt <1,0,0,0> }
	no_shadow
}
sphere {
	0, 1
	scale<0.080000,0.200000,0.300000>
	matrix <-0.746515, -0.375515, 0.549275,
		-0.318845, 0.926457, 0.200039,
		-0.583998, -0.025802, -0.811345,
		22.161238, 16.969566, -1.264608>
	pigment { color rgbt <0,1,1,0> }
	no_shadow
}
cylinder {
	<21.933344, 17.295059, -0.545532>,  <22.570036, 16.987627, -0.696666>, 0.130000
	pigment { color rgbt <1,0,0,0> }
	no_shadow
}

// nucleotide -1

// particle -1
sphere {
	<21.933344, 17.295059, -0.545532> 0.250000
	pigment { color rgbt <1,0,0,0> }
	no_shadow
}
cylinder {
	<21.859070, 17.052322, -0.854663>,  <21.814505, 16.906679, -1.040142>, 0.100000
	pigment { color rgbt <1,0,0,0> }
	no_shadow
}
cylinder {
	<21.859070, 17.052322, -0.854663>,  <21.933344, 17.295059, -0.545532>, 0.100000
	pigment { color rgbt <1,0,0,0> }
	no_shadow
}

// particle -1
sphere {
	<21.859070, 17.052322, -0.854663> 0.100000
	pigment { color rgbt <1,0,0,0> }
	no_shadow
}
sphere {
	0, 1
	scale<0.080000,0.200000,0.300000>
	matrix <-0.761885, -0.407768, 0.503246,
		-0.620526, 0.682251, -0.386628,
		-0.185686, -0.606843, -0.772828,
		21.803364, 16.870270, -1.086512>
	pigment { color rgbt <0,1,1,0> }
	no_shadow
}
cylinder {
	<21.260229, 17.193518, -0.771127>,  <21.933344, 17.295059, -0.545532>, 0.130000
	pigment { color rgbt <1,0,0,0> }
	no_shadow
}

// nucleotide -1

// particle -1
sphere {
	<21.260229, 17.193518, -0.771127> 0.250000
	pigment { color rgbt <1,0,0,0> }
	no_shadow
}
cylinder {
	<21.500149, 16.874996, -0.802468>,  <21.644100, 16.683884, -0.821273>, 0.100000
	pigment { color rgbt <1,0,0,0> }
	no_shadow
}
cylinder {
	<21.500149, 16.874996, -0.802468>,  <21.260229, 17.193518, -0.771127>, 0.100000
	pigment { color rgbt <1,0,0,0> }
	no_shadow
}

// particle -1
sphere {
	<21.500149, 16.874996, -0.802468> 0.100000
	pigment { color rgbt <1,0,0,0> }
	no_shadow
}
sphere {
	0, 1
	scale<0.080000,0.200000,0.300000>
	matrix <-0.652523, -0.543461, 0.528076,
		-0.463091, -0.265614, -0.845575,
		0.599801, -0.796304, -0.078352,
		21.680088, 16.636105, -0.825974>
	pigment { color rgbt <0,1,1,0> }
	no_shadow
}
cylinder {
	<20.913425, 16.593136, -1.157198>,  <21.260229, 17.193518, -0.771127>, 0.130000
	pigment { color rgbt <1,0,0,0> }
	no_shadow
}

// nucleotide -1

// particle -1
sphere {
	<20.913425, 16.593136, -1.157198> 0.250000
	pigment { color rgbt <1,0,0,0> }
	no_shadow
}
cylinder {
	<21.184814, 16.479866, -0.886056>,  <21.347649, 16.411903, -0.723371>, 0.100000
	pigment { color rgbt <1,0,0,0> }
	no_shadow
}
cylinder {
	<21.184814, 16.479866, -0.886056>,  <20.913425, 16.593136, -1.157198>, 0.100000
	pigment { color rgbt <1,0,0,0> }
	no_shadow
}

// particle -1
sphere {
	<21.184814, 16.479866, -0.886056> 0.100000
	pigment { color rgbt <1,0,0,0> }
	no_shadow
}
sphere {
	0, 1
	scale<0.080000,0.200000,0.300000>
	matrix <-0.690192, -0.561751, 0.456148,
		0.251615, -0.777334, -0.576578,
		0.678472, -0.283176, 0.677854,
		21.388357, 16.394913, -0.682699>
	pigment { color rgbt <0,1,1,0> }
	no_shadow
}
cylinder {
	<20.841488, 15.835099, -1.085072>,  <20.913425, 16.593136, -1.157198>, 0.130000
	pigment { color rgbt <1,0,0,0> }
	no_shadow
}

// nucleotide -1

// particle -1
sphere {
	<20.841488, 15.835099, -1.085072> 0.250000
	pigment { color rgbt <1,0,0,0> }
	no_shadow
}
cylinder {
	<21.000168, 15.987804, -0.751153>,  <21.095375, 16.079428, -0.550802>, 0.100000
	pigment { color rgbt <1,0,0,0> }
	no_shadow
}
cylinder {
	<21.000168, 15.987804, -0.751153>,  <20.841488, 15.835099, -1.085072>, 0.100000
	pigment { color rgbt <1,0,0,0> }
	no_shadow
}

// particle -1
sphere {
	<21.000168, 15.987804, -0.751153> 0.100000
	pigment { color rgbt <1,0,0,0> }
	no_shadow
}
sphere {
	0, 1
	scale<0.080000,0.200000,0.300000>
	matrix <-0.663055, -0.509741, 0.548198,
		0.634813, -0.770986, 0.050917,
		0.396699, 0.381764, 0.834797,
		21.119177, 16.102333, -0.500714>
	pigment { color rgbt <0,1,1,0> }
	no_shadow
}
cylinder {
	<20.834686, 15.411978, -0.569153>,  <20.841488, 15.835099, -1.085072>, 0.130000
	pigment { color rgbt <1,0,0,0> }
	no_shadow
}

// nucleotide -1

// particle -1
sphere {
	<20.834686, 15.411978, -0.569153> 0.250000
	pigment { color rgbt <1,0,0,0> }
	no_shadow
}
cylinder {
	<20.860294, 15.751247, -0.358819>,  <20.875660, 15.954809, -0.232619>, 0.100000
	pigment { color rgbt <1,0,0,0> }
	no_shadow
}
cylinder {
	<20.860294, 15.751247, -0.358819>,  <20.834686, 15.411978, -0.569153>, 0.100000
	pigment { color rgbt <1,0,0,0> }
	no_shadow
}

// particle -1
sphere {
	<20.860294, 15.751247, -0.358819> 0.100000
	pigment { color rgbt <1,0,0,0> }
	no_shadow
}
sphere {
	0, 1
	scale<0.080000,0.200000,0.300000>
	matrix <-0.480102, -0.435755, 0.761328,
		0.874874, -0.301194, 0.379313,
		0.064020, 0.848175, 0.525834,
		20.879499, 16.005699, -0.201069>
	pigment { color rgbt <0,1,1,0> }
	no_shadow
}
cylinder {
	<20.928030, 15.261710, 0.216730>,  <20.834686, 15.411978, -0.569153>, 0.130000
	pigment { color rgbt <1,0,0,0> }
	no_shadow
}

// nucleotide -1

// particle -1
sphere {
	<20.928030, 15.261710, 0.216730> 0.250000
	pigment { color rgbt <1,0,0,0> }
	no_shadow
}
cylinder {
	<20.753830, 15.619892, 0.179852>,  <20.649309, 15.834801, 0.157726>, 0.100000
	pigment { color rgbt <1,0,0,0> }
	no_shadow
}
cylinder {
	<20.753830, 15.619892, 0.179852>,  <20.928030, 15.261710, 0.216730>, 0.100000
	pigment { color rgbt <1,0,0,0> }
	no_shadow
}

// particle -1
sphere {
	<20.753830, 15.619892, 0.179852> 0.100000
	pigment { color rgbt <1,0,0,0> }
	no_shadow
}
sphere {
	0, 1
	scale<0.080000,0.200000,0.300000>
	matrix <-0.536663, -0.176041, 0.825229,
		0.722725, 0.408866, 0.557223,
		-0.435502, 0.895454, -0.092194,
		20.623178, 15.888529, 0.152194>
	pigment { color rgbt <0,1,1,0> }
	no_shadow
}
cylinder {
	<20.957527, 15.652022, 0.919321>,  <20.928030, 15.261710, 0.216730>, 0.130000
	pigment { color rgbt <1,0,0,0> }
	no_shadow
}

// nucleotide -1

// particle -1
sphere {
	<20.957527, 15.652022, 0.919321> 0.250000
	pigment { color rgbt <1,0,0,0> }
	no_shadow
}
cylinder {
	<20.634140, 15.749489, 0.705029>,  <20.440107, 15.807969, 0.576454>, 0.100000
	pigment { color rgbt <1,0,0,0> }
	no_shadow
}
cylinder {
	<20.634140, 15.749489, 0.705029>,  <20.957527, 15.652022, 0.919321>, 0.100000
	pigment { color rgbt <1,0,0,0> }
	no_shadow
}

// particle -1
sphere {
	<20.634140, 15.749489, 0.705029> 0.100000
	pigment { color rgbt <1,0,0,0> }
	no_shadow
}
sphere {
	0, 1
	scale<0.080000,0.200000,0.300000>
	matrix <-0.571819, -0.109768, 0.813003,
		0.139296, 0.963627, 0.228077,
		-0.808468, 0.243667, -0.535730,
		20.391600, 15.822589, 0.544310>
	pigment { color rgbt <0,1,1,0> }
	no_shadow
}
cylinder {
	<20.692881, 16.323093, 1.134823>,  <20.957527, 15.652022, 0.919321>, 0.130000
	pigment { color rgbt <1,0,0,0> }
	no_shadow
}

// nucleotide -1

// particle -1
sphere {
	<20.692881, 16.323093, 1.134823> 0.250000
	pigment { color rgbt <1,0,0,0> }
	no_shadow
}
cylinder {
	<20.453426, 16.029175, 1.007253>,  <20.309753, 15.852823, 0.930712>, 0.100000
	pigment { color rgbt <1,0,0,0> }
	no_shadow
}
cylinder {
	<20.453426, 16.029175, 1.007253>,  <20.692881, 16.323093, 1.134823>, 0.100000
	pigment { color rgbt <1,0,0,0> }
	no_shadow
}

// particle -1
sphere {
	<20.453426, 16.029175, 1.007253> 0.100000
	pigment { color rgbt <1,0,0,0> }
	no_shadow
}
sphere {
	0, 1
	scale<0.080000,0.200000,0.300000>
	matrix <-0.466599, -0.003748, 0.884461,
		-0.651094, 0.678277, -0.340612,
		-0.598633, -0.734796, -0.318924,
		20.273836, 15.808736, 0.911576>
	pigment { color rgbt <0,1,1,0> }
	no_shadow
}
cylinder {
	<20.004135, 16.605835, 1.104080>,  <20.692881, 16.323093, 1.134823>, 0.130000
	pigment { color rgbt <1,0,0,0> }
	no_shadow
}

// nucleotide -1

// particle -1
sphere {
	<20.004135, 16.605835, 1.104080> 0.250000
	pigment { color rgbt <1,0,0,0> }
	no_shadow
}
cylinder {
	<20.018959, 16.220135, 1.209035>,  <20.027853, 15.988714, 1.272007>, 0.100000
	pigment { color rgbt <1,0,0,0> }
	no_shadow
}
cylinder {
	<20.018959, 16.220135, 1.209035>,  <20.004135, 16.605835, 1.104080>, 0.100000
	pigment { color rgbt <1,0,0,0> }
	no_shadow
}

// particle -1
sphere {
	<20.018959, 16.220135, 1.209035> 0.100000
	pigment { color rgbt <1,0,0,0> }
	no_shadow
}
sphere {
	0, 1
	scale<0.080000,0.200000,0.300000>
	matrix <-0.588558, 0.191136, 0.785536,
		-0.807605, -0.183539, -0.560435,
		0.037058, -0.964251, 0.262386,
		20.030077, 15.930860, 1.287750>
	pigment { color rgbt <0,1,1,0> }
	no_shadow
}
cylinder {
	<19.351303, 16.449665, 1.145695>,  <20.004135, 16.605835, 1.104080>, 0.130000
	pigment { color rgbt <1,0,0,0> }
	no_shadow
}

// nucleotide -1

// particle -1
sphere {
	<19.351303, 16.449665, 1.145695> 0.250000
	pigment { color rgbt <1,0,0,0> }
	no_shadow
}
cylinder {
	<19.545296, 16.180408, 1.369005>,  <19.661692, 16.018854, 1.502991>, 0.100000
	pigment { color rgbt <1,0,0,0> }
	no_shadow
}
cylinder {
	<19.545296, 16.180408, 1.369005>,  <19.351303, 16.449665, 1.145695>, 0.100000
	pigment { color rgbt <1,0,0,0> }
	no_shadow
}

// particle -1
sphere {
	<19.545296, 16.180408, 1.369005> 0.100000
	pigment { color rgbt <1,0,0,0> }
	no_shadow
}
sphere {
	0, 1
	scale<0.080000,0.200000,0.300000>
	matrix <-0.477661, 0.330843, 0.813869,
		-0.732552, -0.661378, -0.161081,
		0.484983, -0.673143, 0.558274,
		19.690790, 15.978466, 1.536487>
	pigment { color rgbt <0,1,1,0> }
	no_shadow
}
cylinder {
	<18.942551, 16.317503, 1.623170>,  <19.351303, 16.449665, 1.145695>, 0.130000
	pigment { color rgbt <1,0,0,0> }
	no_shadow
}

// nucleotide -1

// particle -1
sphere {
	<18.942551, 16.317503, 1.623170> 0.250000
	pigment { color rgbt <1,0,0,0> }
	no_shadow
}
cylinder {
	<19.270649, 16.185863, 1.810312>,  <19.467508, 16.106880, 1.922597>, 0.100000
	pigment { color rgbt <1,0,0,0> }
	no_shadow
}
cylinder {
	<19.270649, 16.185863, 1.810312>,  <18.942551, 16.317503, 1.623170>, 0.100000
	pigment { color rgbt <1,0,0,0> }
	no_shadow
}

// particle -1
sphere {
	<19.270649, 16.185863, 1.810312> 0.100000
	pigment { color rgbt <1,0,0,0> }
	no_shadow
}
sphere {
	0, 1
	scale<0.080000,0.200000,0.300000>
	matrix <-0.362726, 0.333179, 0.870300,
		-0.442294, -0.883564, 0.153916,
		0.820247, -0.329099, 0.467854,
		19.516724, 16.087133, 1.950668>
	pigment { color rgbt <0,1,1,0> }
	no_shadow
}
cylinder {
	<18.726065, 16.040197, 2.272810>,  <18.942551, 16.317503, 1.623170>, 0.130000
	pigment { color rgbt <1,0,0,0> }
	no_shadow
}

// nucleotide -1

// particle -1
sphere {
	<18.726065, 16.040197, 2.272810> 0.250000
	pigment { color rgbt <1,0,0,0> }
	no_shadow
}
cylinder {
	<19.099293, 16.158550, 2.354624>,  <19.323229, 16.229563, 2.403712>, 0.100000
	pigment { color rgbt <1,0,0,0> }
	no_shadow
}
cylinder {
	<19.099293, 16.158550, 2.354624>,  <18.726065, 16.040197, 2.272810>, 0.100000
	pigment { color rgbt <1,0,0,0> }
	no_shadow
}

// particle -1
sphere {
	<19.099293, 16.158550, 2.354624> 0.100000
	pigment { color rgbt <1,0,0,0> }
	no_shadow
}
sphere {
	0, 1
	scale<0.080000,0.200000,0.300000>
	matrix <-0.320920, 0.427980, 0.844893,
		0.162451, -0.853983, 0.494289,
		0.933070, 0.295881, 0.204534,
		19.379213, 16.247314, 2.415984>
	pigment { color rgbt <0,1,1,0> }
	no_shadow
}
cylinder {
	<18.999239, 15.857384, 2.987568>,  <18.726065, 16.040197, 2.272810>, 0.130000
	pigment { color rgbt <1,0,0,0> }
	no_shadow
}

// nucleotide -1

// particle -1
sphere {
	<18.999239, 15.857384, 2.987568> 0.250000
	pigment { color rgbt <1,0,0,0> }
	no_shadow
}
cylinder {
	<19.178886, 16.189449, 2.855435>,  <19.286674, 16.388689, 2.776155>, 0.100000
	pigment { color rgbt <1,0,0,0> }
	no_shadow
}
cylinder {
	<19.178886, 16.189449, 2.855435>,  <18.999239, 15.857384, 2.987568>, 0.100000
	pigment { color rgbt <1,0,0,0> }
	no_shadow
}

// particle -1
sphere {
	<19.178886, 16.189449, 2.855435> 0.100000
	pigment { color rgbt <1,0,0,0> }
	no_shadow
}
sphere {
	0, 1
	scale<0.080000,0.200000,0.300000>
	matrix <-0.235582, 0.466663, 0.852483,
		0.861855, -0.305046, 0.405159,
		0.449119, 0.830164, -0.330333,
		19.313622, 16.438499, 2.756335>
	pigment { color rgbt <0,1,1,0> }
	no_shadow
}
cylinder {
	<19.444105, 16.045416, 3.558123>,  <18.999239, 15.857384, 2.987568>, 0.130000
	pigment { color rgbt <1,0,0,0> }
	no_shadow
}

// nucleotide -1

// particle -1
sphere {
	<19.444105, 16.045416, 3.558123> 0.250000
	pigment { color rgbt <1,0,0,0> }
	no_shadow
}
cylinder {
	<19.342651, 16.360489, 3.333544>,  <19.281780, 16.549534, 3.198796>, 0.100000
	pigment { color rgbt <1,0,0,0> }
	no_shadow
}
cylinder {
	<19.342651, 16.360489, 3.333544>,  <19.444105, 16.045416, 3.558123>, 0.100000
	pigment { color rgbt <1,0,0,0> }
	no_shadow
}

// particle -1
sphere {
	<19.342651, 16.360489, 3.333544> 0.100000
	pigment { color rgbt <1,0,0,0> }
	no_shadow
}
sphere {
	0, 1
	scale<0.080000,0.200000,0.300000>
	matrix <-0.313452, 0.482180, 0.818077,
		0.915105, 0.383478, 0.124605,
		-0.253633, 0.787684, -0.561448,
		19.266562, 16.596794, 3.165109>
	pigment { color rgbt <0,1,1,0> }
	no_shadow
}
cylinder {
	<19.732616, 16.667986, 3.833288>,  <19.444105, 16.045416, 3.558123>, 0.130000
	pigment { color rgbt <1,0,0,0> }
	no_shadow
}

// nucleotide -1

// particle -1
sphere {
	<19.732616, 16.667986, 3.833288> 0.250000
	pigment { color rgbt <1,0,0,0> }
	no_shadow
}
cylinder {
	<19.402390, 16.751492, 3.623581>,  <19.204254, 16.801596, 3.497757>, 0.100000
	pigment { color rgbt <1,0,0,0> }
	no_shadow
}
cylinder {
	<19.402390, 16.751492, 3.623581>,  <19.732616, 16.667986, 3.833288>, 0.100000
	pigment { color rgbt <1,0,0,0> }
	no_shadow
}

// particle -1
sphere {
	<19.402390, 16.751492, 3.623581> 0.100000
	pigment { color rgbt <1,0,0,0> }
	no_shadow
}
sphere {
	0, 1
	scale<0.080000,0.200000,0.300000>
	matrix <-0.341675, 0.554468, 0.758830,
		0.449106, 0.805594, -0.386421,
		-0.825567, 0.208765, -0.524267,
		19.154718, 16.814121, 3.466301>
	pigment { color rgbt <0,1,1,0> }
	no_shadow
}
cylinder {
	<19.667934, 17.434998, 3.727302>,  <19.732616, 16.667986, 3.833288>, 0.130000
	pigment { color rgbt <1,0,0,0> }
	no_shadow
}

// nucleotide -1

// particle -1
sphere {
	<19.667934, 17.434998, 3.727302> 0.250000
	pigment { color rgbt <1,0,0,0> }
	no_shadow
}
cylinder {
	<19.327953, 17.225323, 3.748492>,  <19.123964, 17.099518, 3.761207>, 0.100000
	pigment { color rgbt <1,0,0,0> }
	no_shadow
}
cylinder {
	<19.327953, 17.225323, 3.748492>,  <19.667934, 17.434998, 3.727302>, 0.100000
	pigment { color rgbt <1,0,0,0> }
	no_shadow
}

// particle -1
sphere {
	<19.327953, 17.225323, 3.748492> 0.100000
	pigment { color rgbt <1,0,0,0> }
	no_shadow
}
sphere {
	0, 1
	scale<0.080000,0.200000,0.300000>
	matrix <-0.206270, 0.423605, 0.882050,
		-0.484800, 0.738774, -0.468169,
		-0.849954, -0.524187, 0.052977,
		19.072968, 17.068068, 3.764386>
	pigment { color rgbt <0,1,1,0> }
	no_shadow
}
cylinder {
	<19.112326, 17.938032, 3.860236>,  <19.667934, 17.434998, 3.727302>, 0.130000
	pigment { color rgbt <1,0,0,0> }
	no_shadow
}

// nucleotide -1

// particle -1
sphere {
	<19.112326, 17.938032, 3.860236> 0.250000
	pigment { color rgbt <1,0,0,0> }
	no_shadow
}
cylinder {
	<19.020134, 17.567421, 3.979182>,  <18.964819, 17.345055, 4.050550>, 0.100000
	pigment { color rgbt <1,0,0,0> }
	no_shadow
}
cylinder {
	<19.020134, 17.567421, 3.979182>,  <19.112326, 17.938032, 3.860236>, 0.100000
	pigment { color rgbt <1,0,0,0> }
	no_shadow
}

// particle -1
sphere {
	<19.020134, 17.567421, 3.979182> 0.100000
	pigment { color rgbt <1,0,0,0> }
	no_shadow
}
sphere {
	0, 1
	scale<0.080000,0.200000,0.300000>
	matrix <-0.239153, 0.350155, 0.905648,
		-0.943231, 0.137617, -0.302285,
		-0.230479, -0.926528, 0.297365,
		18.950991, 17.289463, 4.068391>
	pigment { color rgbt <0,1,1,0> }
	no_shadow
}
cylinder {
	<18.356169, 17.927923, 4.032992>,  <19.112326, 17.938032, 3.860236>, 0.130000
	pigment { color rgbt <1,0,0,0> }
	no_shadow
}

// nucleotide -1

// particle -1
sphere {
	<18.356169, 17.927923, 4.032992> 0.250000
	pigment { color rgbt <1,0,0,0> }
	no_shadow
}
cylinder {
	<18.623405, 17.692577, 4.215194>,  <18.783747, 17.551371, 4.324514>, 0.100000
	pigment { color rgbt <1,0,0,0> }
	no_shadow
}
cylinder {
	<18.623405, 17.692577, 4.215194>,  <18.356169, 17.927923, 4.032992>, 0.100000
	pigment { color rgbt <1,0,0,0> }
	no_shadow
}

// particle -1
sphere {
	<18.623405, 17.692577, 4.215194> 0.100000
	pigment { color rgbt <1,0,0,0> }
	no_shadow
}
sphere {
	0, 1
	scale<0.080000,0.200000,0.300000>
	matrix <-0.095691, 0.539149, 0.836757,
		-0.737900, -0.602618, 0.303899,
		0.668092, -0.588363, 0.455503,
		18.823833, 17.516069, 4.351845>
	pigment { color rgbt <0,1,1,0> }
	no_shadow
}
cylinder {
	<18.128780, 17.534811, 4.761188>,  <18.356169, 17.927923, 4.032992>, 0.130000
	pigment { color rgbt <1,0,0,0> }
	no_shadow
}

// nucleotide -1

// particle -1
sphere {
	<18.128780, 17.534811, 4.761188> 0.250000
	pigment { color rgbt <1,0,0,0> }
	no_shadow
}
cylinder {
	<18.527885, 17.561054, 4.756029>,  <18.767349, 17.576801, 4.752934>, 0.100000
	pigment { color rgbt <1,0,0,0> }
	no_shadow
}
cylinder {
	<18.527885, 17.561054, 4.756029>,  <18.128780, 17.534811, 4.761188>, 0.100000
	pigment { color rgbt <1,0,0,0> }
	no_shadow
}

// particle -1
sphere {
	<18.527885, 17.561054, 4.756029> 0.100000
	pigment { color rgbt <1,0,0,0> }
	no_shadow
}
sphere {
	0, 1
	scale<0.080000,0.200000,0.300000>
	matrix <-0.006117, 0.281635, 0.959502,
		0.066583, -0.957276, 0.281406,
		0.997762, 0.065608, -0.012896,
		18.827213, 17.580736, 4.752160>
	pigment { color rgbt <0,1,1,0> }
	no_shadow
}
cylinder {
	<18.303062, 17.249130, 5.357228>,  <18.128780, 17.534811, 4.761188>, 0.130000
	pigment { color rgbt <1,0,0,0> }
	no_shadow
}

// nucleotide -1

// particle -1
sphere {
	<18.303062, 17.249130, 5.357228> 0.250000
	pigment { color rgbt <1,0,0,0> }
	no_shadow
}
cylinder {
	<18.620365, 17.472595, 5.260364>,  <18.810747, 17.606674, 5.202245>, 0.100000
	pigment { color rgbt <1,0,0,0> }
	no_shadow
}
cylinder {
	<18.620365, 17.472595, 5.260364>,  <18.303062, 17.249130, 5.357228>, 0.100000
	pigment { color rgbt <1,0,0,0> }
	no_shadow
}

// particle -1
sphere {
	<18.620365, 17.472595, 5.260364> 0.100000
	pigment { color rgbt <1,0,0,0> }
	no_shadow
}
sphere {
	0, 1
	scale<0.080000,0.200000,0.300000>
	matrix <0.172863, 0.174719, 0.969325,
		0.583835, -0.810783, 0.042025,
		0.793256, 0.558662, -0.242161,
		18.858341, 17.640194, 5.187715>
	pigment { color rgbt <0,1,1,0> }
	no_shadow
}
cylinder {
	<18.790373, 17.078495, 5.953627>,  <18.303062, 17.249130, 5.357228>, 0.130000
	pigment { color rgbt <1,0,0,0> }
	no_shadow
}

// nucleotide -1

// particle -1
sphere {
	<18.790373, 17.078495, 5.953627> 0.250000
	pigment { color rgbt <1,0,0,0> }
	no_shadow
}
cylinder {
	<18.894535, 17.424103, 5.781274>,  <18.957031, 17.631468, 5.677862>, 0.100000
	pigment { color rgbt <1,0,0,0> }
	no_shadow
}
cylinder {
	<18.894535, 17.424103, 5.781274>,  <18.790373, 17.078495, 5.953627>, 0.100000
	pigment { color rgbt <1,0,0,0> }
	no_shadow
}

// particle -1
sphere {
	<18.894535, 17.424103, 5.781274> 0.100000
	pigment { color rgbt <1,0,0,0> }
	no_shadow
}
sphere {
	0, 1
	scale<0.080000,0.200000,0.300000>
	matrix <0.462643, 0.280043, 0.841152,
		0.847438, -0.418384, -0.326809,
		0.260404, 0.864020, -0.430882,
		18.972656, 17.683310, 5.652009>
	pigment { color rgbt <0,1,1,0> }
	no_shadow
}
cylinder {
	<19.467817, 17.278305, 6.308129>,  <18.790373, 17.078495, 5.953627>, 0.130000
	pigment { color rgbt <1,0,0,0> }
	no_shadow
}

// nucleotide -1

// particle -1
sphere {
	<19.467817, 17.278305, 6.308129> 0.250000
	pigment { color rgbt <1,0,0,0> }
	no_shadow
}
cylinder {
	<19.346115, 17.618999, 6.137497>,  <19.273094, 17.823416, 6.035118>, 0.100000
	pigment { color rgbt <1,0,0,0> }
	no_shadow
}
cylinder {
	<19.346115, 17.618999, 6.137497>,  <19.467817, 17.278305, 6.308129>, 0.100000
	pigment { color rgbt <1,0,0,0> }
	no_shadow
}

// particle -1
sphere {
	<19.346115, 17.618999, 6.137497> 0.100000
	pigment { color rgbt <1,0,0,0> }
	no_shadow
}
sphere {
	0, 1
	scale<0.080000,0.200000,0.300000>
	matrix <0.414465, 0.521567, 0.745779,
		0.857699, 0.050104, -0.511705,
		-0.304255, 0.851738, -0.426581,
		19.254839, 17.874521, 6.009522>
	pigment { color rgbt <0,1,1,0> }
	no_shadow
}
cylinder {
	<20.130634, 17.627632, 6.195786>,  <19.467817, 17.278305, 6.308129>, 0.130000
	pigment { color rgbt <1,0,0,0> }
	no_shadow
}

// nucleotide -1

// particle -1
sphere {
	<20.130634, 17.627632, 6.195786> 0.250000
	pigment { color rgbt <1,0,0,0> }
	no_shadow
}
cylinder {
	<19.788929, 17.826881, 6.255257>,  <19.583906, 17.946432, 6.290939>, 0.100000
	pigment { color rgbt <1,0,0,0> }
	no_shadow
}
cylinder {
	<19.788929, 17.826881, 6.255257>,  <20.130634, 17.627632, 6.195786>, 0.100000
	pigment { color rgbt <1,0,0,0> }
	no_shadow
}

// particle -1
sphere {
	<19.788929, 17.826881, 6.255257> 0.100000
	pigment { color rgbt <1,0,0,0> }
	no_shadow
}
sphere {
	0, 1
	scale<0.080000,0.200000,0.300000>
	matrix <0.422111, 0.497767, 0.757661,
		0.303404, 0.710001, -0.635488,
		-0.854265, 0.498124, 0.148675,
		19.532650, 17.976318, 6.299859>
	pigment { color rgbt <0,1,1,0> }
	no_shadow
}
cylinder {
	<20.089836, 17.816320, 5.477252>,  <20.130634, 17.627632, 6.195786>, 0.130000
	pigment { color rgbt <1,0,0,0> }
	no_shadow
}

// nucleotide -1

// particle -1
sphere {
	<20.089836, 17.816320, 5.477252> 0.250000
	pigment { color rgbt <1,0,0,0> }
	no_shadow
}
cylinder {
	<19.803272, 18.001282, 5.686227>,  <19.631334, 18.112259, 5.811612>, 0.100000
	pigment { color rgbt <1,0,0,0> }
	no_shadow
}
cylinder {
	<19.803272, 18.001282, 5.686227>,  <20.089836, 17.816320, 5.477252>, 0.100000
	pigment { color rgbt <1,0,0,0> }
	no_shadow
}

// particle -1
sphere {
	<19.803272, 18.001282, 5.686227> 0.100000
	pigment { color rgbt <1,0,0,0> }
	no_shadow
}
sphere {
	0, 1
	scale<0.080000,0.200000,0.300000>
	matrix <-0.041284, 0.719413, -0.693355,
		-0.696459, -0.518293, -0.496303,
		-0.716408, 0.462404, 0.522439,
		19.588350, 18.140003, 5.842958>
	pigment { color rgbt <0,1,1,0> }
	no_shadow
}
cylinder {
	<19.640486, 18.168371, 5.053134>,  <20.089836, 17.816320, 5.477252>, 0.130000
	pigment { color rgbt <1,0,0,0> }
	no_shadow
}

// nucleotide -1

// particle -1
sphere {
	<19.640486, 18.168371, 5.053134> 0.250000
	pigment { color rgbt <1,0,0,0> }
	no_shadow
}
cylinder {
	<19.701786, 18.311157, 5.421719>,  <19.738565, 18.396830, 5.642869>, 0.100000
	pigment { color rgbt <1,0,0,0> }
	no_shadow
}
cylinder {
	<19.701786, 18.311157, 5.421719>,  <19.640486, 18.168371, 5.053134>, 0.100000
	pigment { color rgbt <1,0,0,0> }
	no_shadow
}

// particle -1
sphere {
	<19.701786, 18.311157, 5.421719> 0.100000
	pigment { color rgbt <1,0,0,0> }
	no_shadow
}
sphere {
	0, 1
	scale<0.080000,0.200000,0.300000>
	matrix <0.423583, 0.818736, -0.387618,
		-0.892800, 0.449718, -0.025734,
		0.153249, 0.356966, 0.921461,
		19.747761, 18.418247, 5.698157>
	pigment { color rgbt <0,1,1,0> }
	no_shadow
}
cylinder {
	<19.501717, 18.780630, 4.914001>,  <19.640486, 18.168371, 5.053134>, 0.130000
	pigment { color rgbt <1,0,0,0> }
	no_shadow
}

// nucleotide -1

// particle -1
sphere {
	<19.501717, 18.780630, 4.914001> 0.250000
	pigment { color rgbt <1,0,0,0> }
	no_shadow
}
cylinder {
	<19.757366, 18.780457, 5.221642>,  <19.910755, 18.780354, 5.406228>, 0.100000
	pigment { color rgbt <1,0,0,0> }
	no_shadow
}
cylinder {
	<19.757366, 18.780457, 5.221642>,  <19.501717, 18.780630, 4.914001>, 0.100000
	pigment { color rgbt <1,0,0,0> }
	no_shadow
}

// particle -1
sphere {
	<19.757366, 18.780457, 5.221642> 0.100000
	pigment { color rgbt <1,0,0,0> }
	no_shadow
}
sphere {
	0, 1
	scale<0.080000,0.200000,0.300000>
	matrix <0.581806, 0.654297, -0.483111,
		-0.503014, 0.756237, 0.418428,
		0.639123, -0.000432, 0.769104,
		19.949102, 18.780327, 5.452374>
	pigment { color rgbt <0,1,1,0> }
	no_shadow
}
cylinder {
	<19.496555, 19.458557, 5.344389>,  <19.501717, 18.780630, 4.914001>, 0.130000
	pigment { color rgbt <1,0,0,0> }
	no_shadow
}

// nucleotide -1

// particle -1
sphere {
	<19.496555, 19.458557, 5.344389> 0.250000
	pigment { color rgbt <1,0,0,0> }
	no_shadow
}
cylinder {
	<19.842651, 19.258503, 5.358388>,  <20.050308, 19.138472, 5.366787>, 0.100000
	pigment { color rgbt <1,0,0,0> }
	no_shadow
}
cylinder {
	<19.842651, 19.258503, 5.358388>,  <19.496555, 19.458557, 5.344389>, 0.100000
	pigment { color rgbt <1,0,0,0> }
	no_shadow
}

// particle -1
sphere {
	<19.842651, 19.258503, 5.358388> 0.100000
	pigment { color rgbt <1,0,0,0> }
	no_shadow
}
sphere {
	0, 1
	scale<0.080000,0.200000,0.300000>
	matrix <0.485194, 0.817722, -0.309705,
		0.126276, 0.284949, 0.950189,
		0.865240, -0.500134, 0.034997,
		20.102224, 19.108463, 5.368887>
	pigment { color rgbt <0,1,1,0> }
	no_shadow
}
cylinder {
	<19.973490, 19.867575, 5.772976>,  <19.496555, 19.458557, 5.344389>, 0.130000
	pigment { color rgbt <1,0,0,0> }
	no_shadow
}

// nucleotide -1

// particle -1
sphere {
	<19.973490, 19.867575, 5.772976> 0.250000
	pigment { color rgbt <1,0,0,0> }
	no_shadow
}
cylinder {
	<20.193382, 19.625156, 5.543017>,  <20.325317, 19.479706, 5.405042>, 0.100000
	pigment { color rgbt <1,0,0,0> }
	no_shadow
}
cylinder {
	<20.193382, 19.625156, 5.543017>,  <19.973490, 19.867575, 5.772976>, 0.100000
	pigment { color rgbt <1,0,0,0> }
	no_shadow
}

// particle -1
sphere {
	<20.193382, 19.625156, 5.543017> 0.100000
	pigment { color rgbt <1,0,0,0> }
	no_shadow
}
sphere {
	0, 1
	scale<0.080000,0.200000,0.300000>
	matrix <0.573023, 0.774353, -0.268368,
		0.607816, -0.181898, 0.772964,
		0.549732, -0.606044, -0.574896,
		20.358301, 19.443342, 5.370549>
	pigment { color rgbt <0,1,1,0> }
	no_shadow
}
cylinder {
	<20.730417, 19.972918, 5.870904>,  <19.973490, 19.867575, 5.772976>, 0.130000
	pigment { color rgbt <1,0,0,0> }
	no_shadow
}

// nucleotide -1

// particle -1
sphere {
	<20.730417, 19.972918, 5.870904> 0.250000
	pigment { color rgbt <1,0,0,0> }
	no_shadow
}
cylinder {
	<20.732407, 19.777817, 5.521717>,  <20.733601, 19.660757, 5.312204>, 0.100000
	pigment { color rgbt <1,0,0,0> }
	no_shadow
}
cylinder {
	<20.732407, 19.777817, 5.521717>,  <20.730417, 19.972918, 5.870904>, 0.100000
	pigment { color rgbt <1,0,0,0> }
	no_shadow
}

// particle -1
sphere {
	<20.732407, 19.777817, 5.521717> 0.100000
	pigment { color rgbt <1,0,0,0> }
	no_shadow
}
sphere {
	0, 1
	scale<0.080000,0.200000,0.300000>
	matrix <0.822750, 0.498187, -0.273665,
		0.568382, -0.716874, 0.403774,
		0.004972, -0.487751, -0.872969,
		20.733898, 19.631491, 5.259827>
	pigment { color rgbt <0,1,1,0> }
	no_shadow
}
cylinder {
	<20.958042, 20.027636, 6.560714>,  <20.730417, 19.972918, 5.870904>, 0.130000
	pigment { color rgbt <1,0,0,0> }
	no_shadow
}

// nucleotide -1

// particle -1
sphere {
	<20.958042, 20.027636, 6.560714> 0.250000
	pigment { color rgbt <1,0,0,0> }
	no_shadow
}
cylinder {
	<21.088280, 19.721458, 6.338693>,  <21.166422, 19.537752, 6.205480>, 0.100000
	pigment { color rgbt <1,0,0,0> }
	no_shadow
}
cylinder {
	<21.088280, 19.721458, 6.338693>,  <20.958042, 20.027636, 6.560714>, 0.100000
	pigment { color rgbt <1,0,0,0> }
	no_shadow
}

// particle -1
sphere {
	<21.088280, 19.721458, 6.338693> 0.100000
	pigment { color rgbt <1,0,0,0> }
	no_shadow
}
sphere {
	0, 1
	scale<0.080000,0.200000,0.300000>
	matrix <0.708889, -0.190839, 0.679011,
		-0.625670, -0.614555, 0.480478,
		0.325596, -0.765443, -0.555054,
		21.185959, 19.491825, 6.172176>
	pigment { color rgbt <0,1,1,0> }
	no_shadow
}
cylinder {
	<21.059080, 19.424294, 6.900512>,  <20.958042, 20.027636, 6.560714>, 0.130000
	pigment { color rgbt <1,0,0,0> }
	no_shadow
}

// nucleotide -1

// particle -1
sphere {
	<21.059080, 19.424294, 6.900512> 0.250000
	pigment { color rgbt <1,0,0,0> }
	no_shadow
}
cylinder {
	<21.320541, 19.362583, 6.604152>,  <21.477419, 19.325558, 6.426335>, 0.100000
	pigment { color rgbt <1,0,0,0> }
	no_shadow
}
cylinder {
	<21.320541, 19.362583, 6.604152>,  <21.059080, 19.424294, 6.900512>, 0.100000
	pigment { color rgbt <1,0,0,0> }
	no_shadow
}

// particle -1
sphere {
	<21.320541, 19.362583, 6.604152> 0.100000
	pigment { color rgbt <1,0,0,0> }
	no_shadow
}
sphere {
	0, 1
	scale<0.080000,0.200000,0.300000>
	matrix <0.679073, -0.312576, 0.664195,
		-0.334061, -0.937280, -0.099548,
		0.653653, -0.154281, -0.740901,
		21.516638, 19.316299, 6.381882>
	pigment { color rgbt <0,1,1,0> }
	no_shadow
}
cylinder {
	<21.402111, 18.829498, 7.055338>,  <21.059080, 19.424294, 6.900512>, 0.130000
	pigment { color rgbt <1,0,0,0> }
	no_shadow
}

// nucleotide -1

// particle -1
sphere {
	<21.402111, 18.829498, 7.055338> 0.250000
	pigment { color rgbt <1,0,0,0> }
	no_shadow
}
cylinder {
	<21.653889, 18.982689, 6.784894>,  <21.804956, 19.074604, 6.622627>, 0.100000
	pigment { color rgbt <1,0,0,0> }
	no_shadow
}
cylinder {
	<21.653889, 18.982689, 6.784894>,  <21.402111, 18.829498, 7.055338>, 0.100000
	pigment { color rgbt <1,0,0,0> }
	no_shadow
}

// particle -1
sphere {
	<21.653889, 18.982689, 6.784894> 0.100000
	pigment { color rgbt <1,0,0,0> }
	no_shadow
}
sphere {
	0, 1
	scale<0.080000,0.200000,0.300000>
	matrix <0.769787, -0.188695, 0.609772,
		0.105950, -0.904280, -0.413584,
		0.629446, 0.382977, -0.676111,
		21.842722, 19.097582, 6.582061>
	pigment { color rgbt <0,1,1,0> }
	no_shadow
}
cylinder {
	<21.924568, 18.432863, 7.358686>,  <21.402111, 18.829498, 7.055338>, 0.130000
	pigment { color rgbt <1,0,0,0> }
	no_shadow
}

// nucleotide -1

// particle -1
sphere {
	<21.924568, 18.432863, 7.358686> 0.250000
	pigment { color rgbt <1,0,0,0> }
	no_shadow
}
cylinder {
	<22.095562, 18.737194, 7.163383>,  <22.198158, 18.919792, 7.046200>, 0.100000
	pigment { color rgbt <1,0,0,0> }
	no_shadow
}
cylinder {
	<22.095562, 18.737194, 7.163383>,  <21.924568, 18.432863, 7.358686>, 0.100000
	pigment { color rgbt <1,0,0,0> }
	no_shadow
}

// particle -1
sphere {
	<22.095562, 18.737194, 7.163383> 0.100000
	pigment { color rgbt <1,0,0,0> }
	no_shadow
}
sphere {
	0, 1
	scale<0.080000,0.200000,0.300000>
	matrix <0.587122, 0.177035, 0.789903,
		0.687420, -0.624339, -0.371019,
		0.427484, 0.760828, -0.488260,
		22.223806, 18.965443, 7.016904>
	pigment { color rgbt <0,1,1,0> }
	no_shadow
}
cylinder {
	<22.657320, 18.395632, 7.413512>,  <21.924568, 18.432863, 7.358686>, 0.130000
	pigment { color rgbt <1,0,0,0> }
	no_shadow
}

// nucleotide -1

// particle -1
sphere {
	<22.657320, 18.395632, 7.413512> 0.250000
	pigment { color rgbt <1,0,0,0> }
	no_shadow
}
cylinder {
	<22.558064, 18.774132, 7.330530>,  <22.498508, 19.001232, 7.280741>, 0.100000
	pigment { color rgbt <1,0,0,0> }
	no_shadow
}
cylinder {
	<22.558064, 18.774132, 7.330530>,  <22.657320, 18.395632, 7.413512>, 0.100000
	pigment { color rgbt <1,0,0,0> }
	no_shadow
}

// particle -1
sphere {
	<22.558064, 18.774132, 7.330530> 0.100000
	pigment { color rgbt <1,0,0,0> }
	no_shadow
}
sphere {
	0, 1
	scale<0.080000,0.200000,0.300000>
	matrix <0.647670, 0.321307, 0.690858,
		0.720381, 0.037070, -0.692587,
		-0.248143, 0.946249, -0.207454,
		22.483620, 19.058006, 7.268294>
	pigment { color rgbt <0,1,1,0> }
	no_shadow
}
cylinder {
	<23.274626, 18.785778, 7.248350>,  <22.657320, 18.395632, 7.413512>, 0.130000
	pigment { color rgbt <1,0,0,0> }
	no_shadow
}

// nucleotide -1

// particle -1
sphere {
	<23.274626, 18.785778, 7.248350> 0.250000
	pigment { color rgbt <1,0,0,0> }
	no_shadow
}
cylinder {
	<23.004623, 19.065624, 7.342073>,  <22.842621, 19.233532, 7.398308>, 0.100000
	pigment { color rgbt <1,0,0,0> }
	no_shadow
}
cylinder {
	<23.004623, 19.065624, 7.342073>,  <23.274626, 18.785778, 7.248350>, 0.100000
	pigment { color rgbt <1,0,0,0> }
	no_shadow
}

// particle -1
sphere {
	<23.004623, 19.065624, 7.342073> 0.100000
	pigment { color rgbt <1,0,0,0> }
	no_shadow
}
sphere {
	0, 1
	scale<0.080000,0.200000,0.300000>
	matrix <0.695081, 0.496489, 0.519962,
		0.247442, 0.513842, -0.821425,
		-0.675007, 0.699617, 0.234310,
		22.802122, 19.275509, 7.412366>
	pigment { color rgbt <0,1,1,0> }
	no_shadow
}
cylinder {
	<23.543661, 19.414101, 7.087609>,  <23.274626, 18.785778, 7.248350>, 0.130000
	pigment { color rgbt <1,0,0,0> }
	no_shadow
}

// nucleotide -1

// particle -1
sphere {
	<23.543661, 19.414101, 7.087609> 0.250000
	pigment { color rgbt <1,0,0,0> }
	no_shadow
}
cylinder {
	<23.274330, 19.476875, 7.376609>,  <23.112732, 19.514540, 7.550008>, 0.100000
	pigment { color rgbt <1,0,0,0> }
	no_shadow
}
cylinder {
	<23.274330, 19.476875, 7.376609>,  <23.543661, 19.414101, 7.087609>, 0.100000
	pigment { color rgbt <1,0,0,0> }
	no_shadow
}

// particle -1
sphere {
	<23.274330, 19.476875, 7.376609> 0.100000
	pigment { color rgbt <1,0,0,0> }
	no_shadow
}
sphere {
	0, 1
	scale<0.080000,0.200000,0.300000>
	matrix <0.714203, 0.390742, 0.580720,
		-0.191175, 0.907024, -0.375180,
		-0.673325, 0.156936, 0.722499,
		23.072332, 19.523956, 7.593359>
	pigment { color rgbt <0,1,1,0> }
	no_shadow
}
cylinder {
	<23.735807, 20.008642, 7.433261>,  <23.543661, 19.414101, 7.087609>, 0.130000
	pigment { color rgbt <1,0,0,0> }
	no_shadow
}

// nucleotide -1

// particle -1
sphere {
	<23.735807, 20.008642, 7.433261> 0.250000
	pigment { color rgbt <1,0,0,0> }
	no_shadow
}
cylinder {
	<23.468300, 19.855473, 7.688170>,  <23.307795, 19.763571, 7.841116>, 0.100000
	pigment { color rgbt <1,0,0,0> }
	no_shadow
}
cylinder {
	<23.468300, 19.855473, 7.688170>,  <23.735807, 20.008642, 7.433261>, 0.100000
	pigment { color rgbt <1,0,0,0> }
	no_shadow
}

// particle -1
sphere {
	<23.468300, 19.855473, 7.688170> 0.100000
	pigment { color rgbt <1,0,0,0> }
	no_shadow
}
sphere {
	0, 1
	scale<0.080000,0.200000,0.300000>
	matrix <0.433240, 0.495867, 0.752608,
		-0.604195, 0.779413, -0.165722,
		-0.668769, -0.382924, 0.637273,
		23.267670, 19.740595, 7.879353>
	pigment { color rgbt <0,1,1,0> }
	no_shadow
}
cylinder {
	<23.519352, 20.534506, 7.851527>,  <23.735807, 20.008642, 7.433261>, 0.130000
	pigment { color rgbt <1,0,0,0> }
	no_shadow
}

// nucleotide -1

// particle -1
sphere {
	<23.519352, 20.534506, 7.851527> 0.250000
	pigment { color rgbt <1,0,0,0> }
	no_shadow
}
cylinder {
	<23.460773, 20.208233, 8.075389>,  <23.425627, 20.012468, 8.209706>, 0.100000
	pigment { color rgbt <1,0,0,0> }
	no_shadow
}
cylinder {
	<23.460773, 20.208233, 8.075389>,  <23.519352, 20.534506, 7.851527>, 0.100000
	pigment { color rgbt <1,0,0,0> }
	no_shadow
}

// particle -1
sphere {
	<23.460773, 20.208233, 8.075389> 0.100000
	pigment { color rgbt <1,0,0,0> }
	no_shadow
}
sphere {
	0, 1
	scale<0.080000,0.200000,0.300000>
	matrix <0.256715, 0.515034, 0.817825,
		-0.955327, 0.263441, 0.133972,
		-0.146448, -0.815683, 0.559655,
		23.416840, 19.963528, 8.243285>
	pigment { color rgbt <0,1,1,0> }
	no_shadow
}
cylinder {
	<23.166960, 20.796761, 8.342507>,  <23.519352, 20.534506, 7.851527>, 0.130000
	pigment { color rgbt <1,0,0,0> }
	no_shadow
}

// nucleotide -1

// particle -1
sphere {
	<23.166960, 20.796761, 8.342507> 0.250000
	pigment { color rgbt <1,0,0,0> }
	no_shadow
}
cylinder {
	<23.316425, 20.461399, 8.501230>,  <23.406105, 20.260181, 8.596464>, 0.100000
	pigment { color rgbt <1,0,0,0> }
	no_shadow
}
cylinder {
	<23.316425, 20.461399, 8.501230>,  <23.166960, 20.796761, 8.342507>, 0.100000
	pigment { color rgbt <1,0,0,0> }
	no_shadow
}

// particle -1
sphere {
	<23.316425, 20.461399, 8.501230> 0.100000
	pigment { color rgbt <1,0,0,0> }
	no_shadow
}
sphere {
	0, 1
	scale<0.080000,0.200000,0.300000>
	matrix <0.046205, 0.444087, 0.894792,
		-0.926413, -0.316017, 0.204678,
		0.373664, -0.838403, 0.396806,
		23.428524, 20.209879, 8.620272>
	pigment { color rgbt <0,1,1,0> }
	no_shadow
}
cylinder {
	<22.951471, 20.799589, 8.984720>,  <23.166960, 20.796761, 8.342507>, 0.130000
	pigment { color rgbt <1,0,0,0> }
	no_shadow
}

// nucleotide -1

// particle -1
sphere {
	<22.951471, 20.799589, 8.984720> 0.250000
	pigment { color rgbt <1,0,0,0> }
	no_shadow
}
cylinder {
	<23.220142, 20.503437, 8.995168>,  <23.381346, 20.325745, 9.001436>, 0.100000
	pigment { color rgbt <1,0,0,0> }
	no_shadow
}
cylinder {
	<23.220142, 20.503437, 8.995168>,  <22.951471, 20.799589, 8.984720>, 0.100000
	pigment { color rgbt <1,0,0,0> }
	no_shadow
}

// particle -1
sphere {
	<23.220142, 20.503437, 8.995168> 0.100000
	pigment { color rgbt <1,0,0,0> }
	no_shadow
}
sphere {
	0, 1
	scale<0.080000,0.200000,0.300000>
	matrix <-0.043210, -0.003956, 0.999058,
		-0.739581, -0.672175, -0.034649,
		0.671679, -0.740381, 0.026119,
		23.421646, 20.281322, 9.003003>
	pigment { color rgbt <0,1,1,0> }
	no_shadow
}
cylinder {
	<22.712534, 20.159939, 9.473994>,  <22.951471, 20.799589, 8.984720>, 0.130000
	pigment { color rgbt <1,0,0,0> }
	no_shadow
}

// nucleotide -1

// particle -1
sphere {
	<22.712534, 20.159939, 9.473994> 0.250000
	pigment { color rgbt <1,0,0,0> }
	no_shadow
}
cylinder {
	<23.111904, 20.161221, 9.451609>,  <23.351526, 20.161989, 9.438177>, 0.100000
	pigment { color rgbt <1,0,0,0> }
	no_shadow
}
cylinder {
	<23.111904, 20.161221, 9.451609>,  <22.712534, 20.159939, 9.473994>, 0.100000
	pigment { color rgbt <1,0,0,0> }
	no_shadow
}

// particle -1
sphere {
	<23.111904, 20.161221, 9.451609> 0.100000
	pigment { color rgbt <1,0,0,0> }
	no_shadow
}
sphere {
	0, 1
	scale<0.080000,0.200000,0.300000>
	matrix <0.055830, 0.032541, 0.997910,
		0.005010, -0.999465, 0.032311,
		0.998428, 0.003195, -0.055963,
		23.411432, 20.162182, 9.434819>
	pigment { color rgbt <0,1,1,0> }
	no_shadow
}
cylinder {
	<22.930355, 19.812307, 10.078771>,  <22.712534, 20.159939, 9.473994>, 0.130000
	pigment { color rgbt <1,0,0,0> }
	no_shadow
}

// nucleotide -1

// particle -1
sphere {
	<22.930355, 19.812307, 10.078771> 0.250000
	pigment { color rgbt <1,0,0,0> }
