// switches for output
#declare DRAW_BASES = 1; // possible values are 0, 1; only relevant for DNA ribbons
#declare DRAW_BASES_TYPE = 3; // possible values are 1, 2, 3; only relevant for DNA ribbons
#declare DRAW_FOG = 0; // set to 1 to enable fog

#include "colors.inc"

#include "transforms.inc"
background { rgb <1, 1, 1>}

#default {
   normal{
       ripples 0.25
       frequency 0.20
       turbulence 0.2
       lambda 5
   }
	finish {
		phong 0.1
		phong_size 40.
	}
}

// original window dimensions: 1024x640


// camera settings

camera {
	sky <-0, 1, 0>
	up <-0, 1, 0>
	right 1.6 * <1, 0, 0>
	location <44.88, 44.88, 200.277>
	look_at <44.88, 44.88, 44.88>
	direction <0, 0, -155.397>
	angle 67.0682
}


# declare cpy_camera_pos = <44.88, 44.88, 200.277>;
# if (DRAW_FOG = 1)
fog {
	fog_type 2
	up vnormalize(cpy_camera_pos)
	color rgbt<1,1,1,0.3>
	distance 1e-5
	fog_alt 3e-3
	fog_offset 71.808
}
# end


// LIGHTS

# declare lum = 6;
global_settings {
	ambient_light rgb lum * <0.05, 0.05, 0.05>
	max_trace_level 15
}# declare cpy_direct_light_amount = 0.25;
light_source
{	1000 * <-1, -1, 1>,
	rgb lum * cpy_direct_light_amount
	parallel
}

light_source
{	1000 * <1, 1, -1>,
	rgb lum * cpy_direct_light_amount
	parallel
}

// strand 0

// nucleotide -1

// particle -1
sphere {
	<42.458256, 45.475822, 57.114029> 0.250000
	pigment { color rgbt <1,0,0,0> }
	no_shadow
}
cylinder {
	<42.773888, 45.687229, 57.239265>,  <42.963268, 45.814072, 57.314407>, 0.100000
	pigment { color rgbt <1,0,0,0> }
	no_shadow
}
cylinder {
	<42.773888, 45.687229, 57.239265>,  <42.458256, 45.475822, 57.114029>, 0.100000
	pigment { color rgbt <1,0,0,0> }
	no_shadow
}

// particle -1
sphere {
	<42.773888, 45.687229, 57.239265> 0.100000
	pigment { color rgbt <1,0,0,0> }
	no_shadow
}
sphere {
	0, 1
	scale<0.080000,0.200000,0.300000>
	matrix <0.403834, -0.062249, -0.912712,
		-0.462891, 0.846639, -0.262552,
		0.789081, 0.528514, 0.313088,
		43.010612, 45.845783, 57.333191>
	pigment { color rgbt <0,1,1,0> }
	no_shadow
}
cylinder {
	<42.530399, 45.901218, 56.638874>,  <42.458256, 45.475822, 57.114029>, 0.130000
	pigment { color rgbt <1,0,0,0> }
	no_shadow
}

// nucleotide -1

// particle -1
sphere {
	<42.530399, 45.901218, 56.638874> 0.250000
	pigment { color rgbt <1,0,0,0> }
	no_shadow
}
cylinder {
	<42.890205, 45.890919, 56.813328>,  <43.106091, 45.884739, 56.917999>, 0.100000
	pigment { color rgbt <1,0,0,0> }
	no_shadow
}
cylinder {
	<42.890205, 45.890919, 56.813328>,  <42.530399, 45.901218, 56.638874>, 0.100000
	pigment { color rgbt <1,0,0,0> }
	no_shadow
}

// particle -1
sphere {
	<42.890205, 45.890919, 56.813328> 0.100000
	pigment { color rgbt <1,0,0,0> }
	no_shadow
}
sphere {
	0, 1
	scale<0.080000,0.200000,0.300000>
	matrix <0.421872, -0.208284, -0.882407,
		0.113564, 0.977729, -0.176490,
		0.899515, -0.025753, 0.436130,
		43.160061, 45.883194, 56.944168>
	pigment { color rgbt <0,1,1,0> }
	no_shadow
}
cylinder {
	<42.888161, 46.336723, 56.158630>,  <42.530399, 45.901218, 56.638874>, 0.130000
	pigment { color rgbt <1,0,0,0> }
	no_shadow
}

// nucleotide -1

// particle -1
sphere {
	<42.888161, 46.336723, 56.158630> 0.250000
	pigment { color rgbt <1,0,0,0> }
	no_shadow
}
cylinder {
	<43.138931, 46.104378, 56.366306>,  <43.289394, 45.964970, 56.490913>, 0.100000
	pigment { color rgbt <1,0,0,0> }
	no_shadow
}
cylinder {
	<43.138931, 46.104378, 56.366306>,  <42.888161, 46.336723, 56.158630>, 0.100000
	pigment { color rgbt <1,0,0,0> }
	no_shadow
}

// particle -1
sphere {
	<43.138931, 46.104378, 56.366306> 0.100000
	pigment { color rgbt <1,0,0,0> }
	no_shadow
}
sphere {
	0, 1
	scale<0.080000,0.200000,0.300000>
	matrix <0.389678, -0.343276, -0.854584,
		0.674625, 0.738076, 0.011143,
		0.626923, -0.580866, 0.519194,
		43.327007, 45.930119, 56.522064>
	pigment { color rgbt <0,1,1,0> }
	no_shadow
}
cylinder {
	<43.580841, 46.484150, 55.894543>,  <42.888161, 46.336723, 56.158630>, 0.130000
	pigment { color rgbt <1,0,0,0> }
	no_shadow
}

// nucleotide -1

// particle -1
sphere {
	<43.580841, 46.484150, 55.894543> 0.250000
	pigment { color rgbt <1,0,0,0> }
	no_shadow
}
cylinder {
	<43.576607, 46.109634, 56.034973>,  <43.574066, 45.884926, 56.119232>, 0.100000
	pigment { color rgbt <1,0,0,0> }
	no_shadow
}
cylinder {
	<43.576607, 46.109634, 56.034973>,  <43.580841, 46.484150, 55.894543>, 0.100000
	pigment { color rgbt <1,0,0,0> }
	no_shadow
}

// particle -1
sphere {
	<43.576607, 46.109634, 56.034973> 0.100000
	pigment { color rgbt <1,0,0,0> }
	no_shadow
}
sphere {
	0, 1
	scale<0.080000,0.200000,0.300000>
	matrix <0.199931, -0.345990, -0.916689,
		0.979753, 0.060489, 0.190854,
		-0.010584, -0.936287, 0.351078,
		43.573433, 45.828747, 56.140297>
	pigment { color rgbt <0,1,1,0> }
	no_shadow
}
cylinder {
	<44.038975, 46.245041, 55.428730>,  <43.580841, 46.484150, 55.894543>, 0.130000
	pigment { color rgbt <1,0,0,0> }
	no_shadow
}

// nucleotide -1

// particle -1
sphere {
	<44.038975, 46.245041, 55.428730> 0.250000
	pigment { color rgbt <1,0,0,0> }
	no_shadow
}
cylinder {
	<43.897659, 45.913765, 55.602757>,  <43.812870, 45.715000, 55.707172>, 0.100000
	pigment { color rgbt <1,0,0,0> }
	no_shadow
}
cylinder {
	<43.897659, 45.913765, 55.602757>,  <44.038975, 46.245041, 55.428730>, 0.100000
	pigment { color rgbt <1,0,0,0> }
	no_shadow
}

// particle -1
sphere {
	<43.897659, 45.913765, 55.602757> 0.100000
	pigment { color rgbt <1,0,0,0> }
	no_shadow
}
sphere {
	0, 1
	scale<0.080000,0.200000,0.300000>
	matrix <0.254136, -0.532533, -0.807356,
		0.900335, -0.174661, 0.398611,
		-0.353288, -0.828192, 0.435070,
		43.791672, 45.665306, 55.733276>
	pigment { color rgbt <0,1,1,0> }
	no_shadow
}
cylinder {
	<44.527847, 45.733089, 55.363899>,  <44.038975, 46.245041, 55.428730>, 0.130000
	pigment { color rgbt <1,0,0,0> }
	no_shadow
}

// nucleotide -1

// particle -1
sphere {
	<44.527847, 45.733089, 55.363899> 0.250000
	pigment { color rgbt <1,0,0,0> }
	no_shadow
}
cylinder {
	<44.170883, 45.561142, 55.418766>,  <43.956703, 45.457973, 55.451687>, 0.100000
	pigment { color rgbt <1,0,0,0> }
	no_shadow
}
cylinder {
	<44.170883, 45.561142, 55.418766>,  <44.527847, 45.733089, 55.363899>, 0.100000
	pigment { color rgbt <1,0,0,0> }
	no_shadow
}

// particle -1
sphere {
	<44.170883, 45.561142, 55.418766> 0.100000
	pigment { color rgbt <1,0,0,0> }
	no_shadow
}
sphere {
	0, 1
	scale<0.080000,0.200000,0.300000>
	matrix <0.089368, -0.466360, -0.880070,
		0.442283, -0.773126, 0.454601,
		-0.892412, -0.429867, 0.137170,
		43.903160, 45.432182, 55.459919>
	pigment { color rgbt <0,1,1,0> }
	no_shadow
}
cylinder {
	<44.638851, 44.973988, 55.214760>,  <44.527847, 45.733089, 55.363899>, 0.130000
	pigment { color rgbt <1,0,0,0> }
	no_shadow
}

// nucleotide -1

// particle -1
sphere {
	<44.638851, 44.973988, 55.214760> 0.250000
	pigment { color rgbt <1,0,0,0> }
	no_shadow
}
cylinder {
	<44.246353, 45.047512, 55.191559>,  <44.010853, 45.091629, 55.177639>, 0.100000
	pigment { color rgbt <1,0,0,0> }
	no_shadow
}
cylinder {
	<44.246353, 45.047512, 55.191559>,  <44.638851, 44.973988, 55.214760>, 0.100000
	pigment { color rgbt <1,0,0,0> }
	no_shadow
}

// particle -1
sphere {
	<44.246353, 45.047512, 55.191559> 0.100000
	pigment { color rgbt <1,0,0,0> }
	no_shadow
}
sphere {
	0, 1
	scale<0.080000,0.200000,0.300000>
	matrix <-0.009015, -0.344371, -0.938790,
		-0.192537, -0.920663, 0.339571,
		-0.981248, 0.183813, -0.058004,
		43.951981, 45.102657, 55.174156>
	pigment { color rgbt <0,1,1,0> }
	no_shadow
}
cylinder {
	<44.347370, 44.308327, 55.047379>,  <44.638851, 44.973988, 55.214760>, 0.130000
	pigment { color rgbt <1,0,0,0> }
	no_shadow
}

// nucleotide -1

// particle -1
sphere {
	<44.347370, 44.308327, 55.047379> 0.250000
	pigment { color rgbt <1,0,0,0> }
	no_shadow
}
cylinder {
	<44.087791, 44.594540, 54.943935>,  <43.932045, 44.766270, 54.881870>, 0.100000
	pigment { color rgbt <1,0,0,0> }
	no_shadow
}
cylinder {
	<44.087791, 44.594540, 54.943935>,  <44.347370, 44.308327, 55.047379>, 0.100000
	pigment { color rgbt <1,0,0,0> }
	no_shadow
}

// particle -1
sphere {
	<44.087791, 44.594540, 54.943935> 0.100000
	pigment { color rgbt <1,0,0,0> }
	no_shadow
}
sphere {
	0, 1
	scale<0.080000,0.200000,0.300000>
	matrix <-0.087458, -0.407802, -0.908872,
		-0.755790, -0.567193, 0.327221,
		-0.648947, 0.715535, -0.258607,
		43.893108, 44.809200, 54.866352>
	pigment { color rgbt <0,1,1,0> }
	no_shadow
}
cylinder {
	<43.951435, 43.954292, 54.652580>,  <44.347370, 44.308327, 55.047379>, 0.130000
	pigment { color rgbt <1,0,0,0> }
	no_shadow
}

// nucleotide -1

// particle -1
sphere {
	<43.951435, 43.954292, 54.652580> 0.250000
	pigment { color rgbt <1,0,0,0> }
	no_shadow
}
cylinder {
	<43.892181, 44.339695, 54.563389>,  <43.856628, 44.570934, 54.509876>, 0.100000
	pigment { color rgbt <1,0,0,0> }
	no_shadow
}
cylinder {
	<43.892181, 44.339695, 54.563389>,  <43.951435, 43.954292, 54.652580>, 0.100000
	pigment { color rgbt <1,0,0,0> }
	no_shadow
}

// particle -1
sphere {
	<43.892181, 44.339695, 54.563389> 0.100000
	pigment { color rgbt <1,0,0,0> }
	no_shadow
}
sphere {
	0, 1
	scale<0.080000,0.200000,0.300000>
	matrix <-0.132326, -0.242746, -0.961023,
		-0.980074, -0.112859, 0.163456,
		-0.148139, 0.963503, -0.222975,
		43.847740, 44.628746, 54.496498>
	pigment { color rgbt <0,1,1,0> }
	no_shadow
}
cylinder {
	<43.433044, 43.819954, 54.228287>,  <43.951435, 43.954292, 54.652580>, 0.130000
	pigment { color rgbt <1,0,0,0> }
	no_shadow
}

// nucleotide -1

// particle -1
sphere {
	<43.433044, 43.819954, 54.228287> 0.250000
	pigment { color rgbt <1,0,0,0> }
	no_shadow
}
cylinder {
	<43.527718, 44.199501, 54.144737>,  <43.584522, 44.427231, 54.094608>, 0.100000
	pigment { color rgbt <1,0,0,0> }
	no_shadow
}
cylinder {
	<43.527718, 44.199501, 54.144737>,  <43.433044, 43.819954, 54.228287>, 0.100000
	pigment { color rgbt <1,0,0,0> }
	no_shadow
}

// particle -1
sphere {
	<43.527718, 44.199501, 54.144737> 0.100000
	pigment { color rgbt <1,0,0,0> }
	no_shadow
}
sphere {
	0, 1
	scale<0.080000,0.200000,0.300000>
	matrix <-0.320116, -0.126818, -0.938852,
		-0.917338, 0.289070, 0.273733,
		0.236680, 0.948871, -0.208871,
		43.598721, 44.484161, 54.082077>
	pigment { color rgbt <0,1,1,0> }
	no_shadow
}
cylinder {
	<42.772144, 44.105225, 54.036713>,  <43.433044, 43.819954, 54.228287>, 0.130000
	pigment { color rgbt <1,0,0,0> }
	no_shadow
}

// nucleotide -1

// particle -1
sphere {
	<42.772144, 44.105225, 54.036713> 0.250000
	pigment { color rgbt <1,0,0,0> }
	no_shadow
}
cylinder {
	<43.064400, 44.329178, 53.880413>,  <43.239754, 44.463551, 53.786633>, 0.100000
	pigment { color rgbt <1,0,0,0> }
	no_shadow
}
cylinder {
	<43.064400, 44.329178, 53.880413>,  <42.772144, 44.105225, 54.036713>, 0.100000
	pigment { color rgbt <1,0,0,0> }
	no_shadow
}

// particle -1
sphere {
	<43.064400, 44.329178, 53.880413> 0.100000
	pigment { color rgbt <1,0,0,0> }
	no_shadow
}
sphere {
	0, 1
	scale<0.080000,0.200000,0.300000>
	matrix <-0.392252, -0.124218, -0.911432,
		-0.558838, 0.819205, 0.128858,
		0.730643, 0.559887, -0.390753,
		43.283592, 44.497143, 53.763187>
	pigment { color rgbt <0,1,1,0> }
	no_shadow
}
cylinder {
	<42.479359, 44.657169, 53.637184>,  <42.772144, 44.105225, 54.036713>, 0.130000
	pigment { color rgbt <1,0,0,0> }
	no_shadow
}

// nucleotide -1

// particle -1
sphere {
	<42.479359, 44.657169, 53.637184> 0.250000
	pigment { color rgbt <1,0,0,0> }
	no_shadow
}
cylinder {
	<42.845032, 44.589375, 53.489922>,  <43.064434, 44.548698, 53.401562>, 0.100000
	pigment { color rgbt <1,0,0,0> }
	no_shadow
}
cylinder {
	<42.845032, 44.589375, 53.489922>,  <42.479359, 44.657169, 53.637184>, 0.100000
	pigment { color rgbt <1,0,0,0> }
	no_shadow
}

// particle -1
sphere {
	<42.845032, 44.589375, 53.489922> 0.100000
	pigment { color rgbt <1,0,0,0> }
	no_shadow
}
sphere {
	0, 1
	scale<0.080000,0.200000,0.300000>
	matrix <-0.379399, -0.038347, -0.924438,
		0.142563, 0.984786, -0.099360,
		0.914184, -0.169488, -0.368160,
		43.119286, 44.538528, 53.379475>
	pigment { color rgbt <0,1,1,0> }
	no_shadow
}
cylinder {
	<42.374977, 44.852512, 53.022114>,  <42.479359, 44.657169, 53.637184>, 0.130000
	pigment { color rgbt <1,0,0,0> }
	no_shadow
}

// nucleotide -1

// particle -1
sphere {
	<42.374977, 44.852512, 53.022114> 0.250000
	pigment { color rgbt <1,0,0,0> }
	no_shadow
}
cylinder {
	<42.743248, 44.700932, 52.984703>,  <42.964211, 44.609985, 52.962257>, 0.100000
	pigment { color rgbt <1,0,0,0> }
	no_shadow
}
cylinder {
	<42.743248, 44.700932, 52.984703>,  <42.374977, 44.852512, 53.022114>, 0.100000
	pigment { color rgbt <1,0,0,0> }
	no_shadow
}

// particle -1
sphere {
	<42.743248, 44.700932, 52.984703> 0.100000
	pigment { color rgbt <1,0,0,0> }
	no_shadow
}
sphere {
	0, 1
	scale<0.080000,0.200000,0.300000>
	matrix <-0.107911, -0.016842, -0.994018,
		0.375107, 0.925264, -0.056399,
		0.920679, -0.378950, -0.093528,
		43.019451, 44.587246, 52.956646>
	pigment { color rgbt <0,1,1,0> }
	no_shadow
}
cylinder {
	<42.565624, 45.150467, 52.424774>,  <42.374977, 44.852512, 53.022114>, 0.130000
	pigment { color rgbt <1,0,0,0> }
	no_shadow
}

// nucleotide -1

// particle -1
sphere {
	<42.565624, 45.150467, 52.424774> 0.250000
	pigment { color rgbt <1,0,0,0> }
	no_shadow
}
cylinder {
	<42.765678, 44.807934, 52.476257>,  <42.885712, 44.602413, 52.507145>, 0.100000
	pigment { color rgbt <1,0,0,0> }
	no_shadow
}
cylinder {
	<42.765678, 44.807934, 52.476257>,  <42.565624, 45.150467, 52.424774>, 0.100000
	pigment { color rgbt <1,0,0,0> }
	no_shadow
}

// particle -1
sphere {
	<42.765678, 44.807934, 52.476257> 0.100000
	pigment { color rgbt <1,0,0,0> }
	no_shadow
}
sphere {
	0, 1
	scale<0.080000,0.200000,0.300000>
	matrix <-0.020097, -0.160066, -0.986902,
		0.865715, 0.490995, -0.097264,
		0.500133, -0.856331, 0.128705,
		42.915718, 44.551033, 52.514870>
	pigment { color rgbt <0,1,1,0> }
	no_shadow
}
cylinder {
	<43.046040, 45.172260, 51.951210>,  <42.565624, 45.150467, 52.424774>, 0.130000
	pigment { color rgbt <1,0,0,0> }
	no_shadow
}

// nucleotide -1

// particle -1
sphere {
	<43.046040, 45.172260, 51.951210> 0.250000
	pigment { color rgbt <1,0,0,0> }
	no_shadow
}
cylinder {
	<43.031769, 44.784637, 52.048908>,  <43.023209, 44.552063, 52.107529>, 0.100000
	pigment { color rgbt <1,0,0,0> }
	no_shadow
}
cylinder {
	<43.031769, 44.784637, 52.048908>,  <43.046040, 45.172260, 51.951210>, 0.100000
	pigment { color rgbt <1,0,0,0> }
	no_shadow
}

// particle -1
sphere {
	<43.031769, 44.784637, 52.048908> 0.100000
	pigment { color rgbt <1,0,0,0> }
	no_shadow
}
sphere {
	0, 1
	scale<0.080000,0.200000,0.300000>
	matrix <-0.054749, -0.242138, -0.968696,
		0.997863, -0.047930, -0.044417,
		-0.035674, -0.969057, 0.244244,
		43.021065, 44.493919, 52.122181>
	pigment { color rgbt <0,1,1,0> }
	no_shadow
}
cylinder {
	<43.530533, 44.903404, 51.587608>,  <43.046040, 45.172260, 51.951210>, 0.130000
	pigment { color rgbt <1,0,0,0> }
	no_shadow
}

// nucleotide -1

// particle -1
sphere {
	<43.530533, 44.903404, 51.587608> 0.250000
	pigment { color rgbt <1,0,0,0> }
	no_shadow
}
cylinder {
	<43.337677, 44.568176, 51.689728>,  <43.221962, 44.367039, 51.750999>, 0.100000
	pigment { color rgbt <1,0,0,0> }
	no_shadow
}
cylinder {
	<43.337677, 44.568176, 51.689728>,  <43.530533, 44.903404, 51.587608>, 0.100000
	pigment { color rgbt <1,0,0,0> }
	no_shadow
}

// particle -1
sphere {
	<43.337677, 44.568176, 51.689728> 0.100000
	pigment { color rgbt <1,0,0,0> }
	no_shadow
}
sphere {
	0, 1
	scale<0.080000,0.200000,0.300000>
	matrix <0.237206, -0.405401, -0.882827,
		0.843370, -0.365089, 0.394256,
		-0.482141, -0.838070, 0.255301,
		43.193035, 44.316757, 51.766319>
	pigment { color rgbt <0,1,1,0> }
	no_shadow
}
cylinder {
	<43.974873, 44.319973, 51.483421>,  <43.530533, 44.903404, 51.587608>, 0.130000
	pigment { color rgbt <1,0,0,0> }
	no_shadow
}

// nucleotide -1

// particle -1
sphere {
	<43.974873, 44.319973, 51.483421> 0.250000
	pigment { color rgbt <1,0,0,0> }
	no_shadow
}
cylinder {
	<43.609016, 44.158443, 51.475880>,  <43.389503, 44.061527, 51.471355>, 0.100000
	pigment { color rgbt <1,0,0,0> }
	no_shadow
}
cylinder {
	<43.609016, 44.158443, 51.475880>,  <43.974873, 44.319973, 51.483421>, 0.100000
	pigment { color rgbt <1,0,0,0> }
	no_shadow
}

// particle -1
sphere {
	<43.609016, 44.158443, 51.475880> 0.100000
	pigment { color rgbt <1,0,0,0> }
	no_shadow
}
sphere {
	0, 1
	scale<0.080000,0.200000,0.300000>
	matrix <0.176501, -0.356942, -0.917300,
		0.363694, -0.842331, 0.397749,
		-0.914644, -0.403819, -0.018855,
		43.334621, 44.037296, 51.470222>
	pigment { color rgbt <0,1,1,0> }
	no_shadow
}
cylinder {
	<44.025864, 43.724396, 50.982319>,  <43.974873, 44.319973, 51.483421>, 0.130000
	pigment { color rgbt <1,0,0,0> }
	no_shadow
}

// nucleotide -1

// particle -1
sphere {
	<44.025864, 43.724396, 50.982319> 0.250000
	pigment { color rgbt <1,0,0,0> }
	no_shadow
}
cylinder {
	<43.641418, 43.834694, 50.988304>,  <43.410751, 43.900875, 50.991894>, 0.100000
	pigment { color rgbt <1,0,0,0> }
	no_shadow
}
cylinder {
	<43.641418, 43.834694, 50.988304>,  <44.025864, 43.724396, 50.982319>, 0.100000
	pigment { color rgbt <1,0,0,0> }
	no_shadow
}

// particle -1
sphere {
	<43.641418, 43.834694, 50.988304> 0.100000
	pigment { color rgbt <1,0,0,0> }
	no_shadow
}
sphere {
	0, 1
	scale<0.080000,0.200000,0.300000>
	matrix <-0.037456, -0.076495, -0.996366,
		-0.273602, -0.958181, 0.083849,
		-0.961113, 0.275749, 0.014960,
		43.353085, 43.917419, 50.992794>
	pigment { color rgbt <0,1,1,0> }
	no_shadow
}
cylinder {
	<43.689369, 43.154575, 50.643345>,  <44.025864, 43.724396, 50.982319>, 0.130000
	pigment { color rgbt <1,0,0,0> }
	no_shadow
}

// nucleotide -1

// particle -1
sphere {
	<43.689369, 43.154575, 50.643345> 0.250000
	pigment { color rgbt <1,0,0,0> }
	no_shadow
}
cylinder {
	<43.437134, 43.462742, 50.605770>,  <43.285793, 43.647640, 50.583225>, 0.100000
	pigment { color rgbt <1,0,0,0> }
	no_shadow
}
cylinder {
	<43.437134, 43.462742, 50.605770>,  <43.689369, 43.154575, 50.643345>, 0.100000
	pigment { color rgbt <1,0,0,0> }
	no_shadow
}

// particle -1
sphere {
	<43.437134, 43.462742, 50.605770> 0.100000
	pigment { color rgbt <1,0,0,0> }
	no_shadow
}
sphere {
	0, 1
	scale<0.080000,0.200000,0.300000>
	matrix <-0.070143, -0.177113, -0.981688,
		-0.772944, -0.612448, 0.165724,
		-0.630585, 0.770414, -0.093939,
		43.247959, 43.693867, 50.577587>
	pigment { color rgbt <0,1,1,0> }
	no_shadow
}
cylinder {
	<43.179623, 42.864124, 50.233501>,  <43.689369, 43.154575, 50.643345>, 0.130000
	pigment { color rgbt <1,0,0,0> }
	no_shadow
}

// nucleotide -1

// particle -1
sphere {
	<43.179623, 42.864124, 50.233501> 0.250000
	pigment { color rgbt <1,0,0,0> }
	no_shadow
}
cylinder {
	<43.164642, 43.261848, 50.193611>,  <43.155655, 43.500484, 50.169678>, 0.100000
	pigment { color rgbt <1,0,0,0> }
	no_shadow
}
cylinder {
	<43.164642, 43.261848, 50.193611>,  <43.179623, 42.864124, 50.233501>, 0.100000
	pigment { color rgbt <1,0,0,0> }
	no_shadow
}

// particle -1
sphere {
	<43.164642, 43.261848, 50.193611> 0.100000
	pigment { color rgbt <1,0,0,0> }
	no_shadow
}
sphere {
	0, 1
	scale<0.080000,0.200000,0.300000>
	matrix <-0.077078, -0.102368, -0.991756,
		-0.996321, -0.029458, 0.080473,
		-0.037453, 0.994310, -0.099721,
		43.153408, 43.560143, 50.163696>
	pigment { color rgbt <0,1,1,0> }
	no_shadow
}
cylinder {
	<42.732437, 42.871819, 49.649570>,  <43.179623, 42.864124, 50.233501>, 0.130000
	pigment { color rgbt <1,0,0,0> }
	no_shadow
}

// nucleotide -1

// particle -1
sphere {
	<42.732437, 42.871819, 49.649570> 0.250000
	pigment { color rgbt <1,0,0,0> }
	no_shadow
}
cylinder {
	<42.891075, 43.237926, 49.677853>,  <42.986256, 43.457592, 49.694820>, 0.100000
	pigment { color rgbt <1,0,0,0> }
	no_shadow
}
cylinder {
	<42.891075, 43.237926, 49.677853>,  <42.732437, 42.871819, 49.649570>, 0.100000
	pigment { color rgbt <1,0,0,0> }
	no_shadow
}

// particle -1
sphere {
	<42.891075, 43.237926, 49.677853> 0.100000
	pigment { color rgbt <1,0,0,0> }
	no_shadow
}
sphere {
	0, 1
	scale<0.080000,0.200000,0.300000>
	matrix <0.019277, 0.068698, -0.997451,
		-0.917793, 0.396943, 0.009601,
		0.396591, 0.915268, 0.070702,
		43.010052, 43.512508, 49.699062>
	pigment { color rgbt <0,1,1,0> }
	no_shadow
}
cylinder {
	<42.401115, 43.395355, 49.234734>,  <42.732437, 42.871819, 49.649570>, 0.130000
	pigment { color rgbt <1,0,0,0> }
	no_shadow
}

// nucleotide -1

// particle -1
sphere {
	<42.401115, 43.395355, 49.234734> 0.250000
	pigment { color rgbt <1,0,0,0> }
	no_shadow
}
cylinder {
	<42.746170, 43.592789, 49.278992>,  <42.953201, 43.711246, 49.305546>, 0.100000
	pigment { color rgbt <1,0,0,0> }
	no_shadow
}
cylinder {
	<42.746170, 43.592789, 49.278992>,  <42.401115, 43.395355, 49.234734>, 0.100000
	pigment { color rgbt <1,0,0,0> }
	no_shadow
}

// particle -1
sphere {
	<42.746170, 43.592789, 49.278992> 0.100000
	pigment { color rgbt <1,0,0,0> }
	no_shadow
}
sphere {
	0, 1
	scale<0.080000,0.200000,0.300000>
	matrix <-0.103584, 0.386482, -0.916462,
		-0.495113, 0.779108, 0.384519,
		0.862632, 0.493582, 0.110649,
		43.004959, 43.740864, 49.312187>
	pigment { color rgbt <0,1,1,0> }
	no_shadow
}
cylinder {
	<42.296535, 43.996128, 48.830231>,  <42.401115, 43.395355, 49.234734>, 0.130000
	pigment { color rgbt <1,0,0,0> }
	no_shadow
}

// nucleotide -1

// particle -1
sphere {
	<42.296535, 43.996128, 48.830231> 0.250000
	pigment { color rgbt <1,0,0,0> }
	no_shadow
}
cylinder {
	<42.692108, 44.012657, 48.887245>,  <42.929451, 44.022575, 48.921452>, 0.100000
	pigment { color rgbt <1,0,0,0> }
	no_shadow
}
cylinder {
	<42.692108, 44.012657, 48.887245>,  <42.296535, 43.996128, 48.830231>, 0.100000
	pigment { color rgbt <1,0,0,0> }
	no_shadow
}

// particle -1
sphere {
	<42.692108, 44.012657, 48.887245> 0.100000
	pigment { color rgbt <1,0,0,0> }
	no_shadow
}
sphere {
	0, 1
	scale<0.080000,0.200000,0.300000>
	matrix <0.122701, 0.312532, -0.941949,
		-0.083474, 0.949008, 0.304001,
		0.988927, 0.041327, 0.142532,
		42.988785, 44.025055, 48.930004>
	pigment { color rgbt <0,1,1,0> }
	no_shadow
}
cylinder {
	<42.497726, 44.653175, 48.547253>,  <42.296535, 43.996128, 48.830231>, 0.130000
	pigment { color rgbt <1,0,0,0> }
	no_shadow
}

// nucleotide -1

// particle -1
sphere {
	<42.497726, 44.653175, 48.547253> 0.250000
	pigment { color rgbt <1,0,0,0> }
	no_shadow
}
cylinder {
	<42.810364, 44.404221, 48.563969>,  <42.997948, 44.254848, 48.573997>, 0.100000
	pigment { color rgbt <1,0,0,0> }
	no_shadow
}
cylinder {
	<42.810364, 44.404221, 48.563969>,  <42.497726, 44.653175, 48.547253>, 0.100000
	pigment { color rgbt <1,0,0,0> }
	no_shadow
}

// particle -1
sphere {
	<42.810364, 44.404221, 48.563969> 0.100000
	pigment { color rgbt <1,0,0,0> }
	no_shadow
}
sphere {
	0, 1
	scale<0.080000,0.200000,0.300000>
	matrix <0.205935, 0.194222, -0.959098,
		0.588811, 0.758233, 0.279974,
		0.781596, -0.622383, 0.041786,
		43.044842, 44.217506, 48.576504>
	pigment { color rgbt <0,1,1,0> }
	no_shadow
}
cylinder {
	<43.065872, 45.039761, 48.248947>,  <42.497726, 44.653175, 48.547253>, 0.130000
	pigment { color rgbt <1,0,0,0> }
	no_shadow
}

// nucleotide -1

// particle -1
sphere {
	<43.065872, 45.039761, 48.248947> 0.250000
	pigment { color rgbt <1,0,0,0> }
	no_shadow
}
cylinder {
	<43.183037, 44.657864, 48.228268>,  <43.253334, 44.428726, 48.215862>, 0.100000
	pigment { color rgbt <1,0,0,0> }
	no_shadow
}
cylinder {
	<43.183037, 44.657864, 48.228268>,  <43.065872, 45.039761, 48.248947>, 0.100000
	pigment { color rgbt <1,0,0,0> }
	no_shadow
}

// particle -1
sphere {
	<43.183037, 44.657864, 48.228268> 0.100000
	pigment { color rgbt <1,0,0,0> }
	no_shadow
}
sphere {
	0, 1
	scale<0.080000,0.200000,0.300000>
	matrix <0.211190, 0.117335, -0.970377,
		0.932524, 0.273318, 0.236001,
		0.292913, -0.954741, -0.051696,
		43.270912, 44.371441, 48.212757>
	pigment { color rgbt <0,1,1,0> }
	no_shadow
}
cylinder {
	<43.637753, 45.091236, 47.845955>,  <43.065872, 45.039761, 48.248947>, 0.130000
	pigment { color rgbt <1,0,0,0> }
	no_shadow
}

// nucleotide -1

// particle -1
sphere {
	<43.637753, 45.091236, 47.845955> 0.250000
	pigment { color rgbt <1,0,0,0> }
	no_shadow
}
cylinder {
	<43.551605, 44.700947, 47.830063>,  <43.499916, 44.466774, 47.820530>, 0.100000
	pigment { color rgbt <1,0,0,0> }
	no_shadow
}
cylinder {
	<43.551605, 44.700947, 47.830063>,  <43.637753, 45.091236, 47.845955>, 0.100000
	pigment { color rgbt <1,0,0,0> }
	no_shadow
}

// particle -1
sphere {
	<43.551605, 44.700947, 47.830063> 0.100000
	pigment { color rgbt <1,0,0,0> }
	no_shadow
}
sphere {
	0, 1
	scale<0.080000,0.200000,0.300000>
	matrix <0.200625, -0.004396, -0.979658,
		0.955701, -0.218961, 0.196702,
		-0.215372, -0.975724, -0.039728,
		43.486992, 44.408230, 47.818146>
	pigment { color rgbt <0,1,1,0> }
	no_shadow
}
cylinder {
	<44.268188, 44.746330, 47.672794>,  <43.637753, 45.091236, 47.845955>, 0.130000
	pigment { color rgbt <1,0,0,0> }
	no_shadow
}

// nucleotide -1

// particle -1
sphere {
	<44.268188, 44.746330, 47.672794> 0.250000
	pigment { color rgbt <1,0,0,0> }
	no_shadow
}
cylinder {
	<43.937035, 44.549221, 47.565620>,  <43.738342, 44.430954, 47.501316>, 0.100000
	pigment { color rgbt <1,0,0,0> }
	no_shadow
}
cylinder {
	<43.937035, 44.549221, 47.565620>,  <44.268188, 44.746330, 47.672794>, 0.100000
	pigment { color rgbt <1,0,0,0> }
	no_shadow
}

// particle -1
sphere {
	<43.937035, 44.549221, 47.565620> 0.100000
	pigment { color rgbt <1,0,0,0> }
	no_shadow
}
sphere {
	0, 1
	scale<0.080000,0.200000,0.300000>
	matrix <0.208970, 0.172330, -0.962618,
		0.520525, -0.852923, -0.039694,
		-0.827880, -0.492772, -0.267937,
		43.688671, 44.401390, 47.485241>
	pigment { color rgbt <0,1,1,0> }
	no_shadow
}
cylinder {
	<44.525166, 44.236221, 47.049370>,  <44.268188, 44.746330, 47.672794>, 0.130000
	pigment { color rgbt <1,0,0,0> }
	no_shadow
}

// nucleotide -1

// particle -1
sphere {
	<44.525166, 44.236221, 47.049370> 0.250000
	pigment { color rgbt <1,0,0,0> }
	no_shadow
}
cylinder {
	<44.126938, 44.264870, 47.024994>,  <43.888000, 44.282059, 47.010368>, 0.100000
	pigment { color rgbt <1,0,0,0> }
	no_shadow
}
cylinder {
	<44.126938, 44.264870, 47.024994>,  <44.525166, 44.236221, 47.049370>, 0.100000
	pigment { color rgbt <1,0,0,0> }
	no_shadow
}

// particle -1
sphere {
	<44.126938, 44.264870, 47.024994> 0.100000
	pigment { color rgbt <1,0,0,0> }
	no_shadow
}
sphere {
	0, 1
	scale<0.080000,0.200000,0.300000>
	matrix <0.059548, -0.021436, -0.997995,
		-0.072787, -0.997201, 0.017075,
		-0.995568, 0.071625, -0.060941,
		43.828266, 44.286354, 47.006710>
	pigment { color rgbt <0,1,1,0> }
	no_shadow
}
cylinder {
	<44.378277, 43.794369, 46.494064>,  <44.525166, 44.236221, 47.049370>, 0.130000
	pigment { color rgbt <1,0,0,0> }
	no_shadow
}

// nucleotide -1

// particle -1
sphere {
	<44.378277, 43.794369, 46.494064> 0.250000
	pigment { color rgbt <1,0,0,0> }
	no_shadow
}
cylinder {
	<44.038727, 44.000256, 46.542213>,  <43.834999, 44.123787, 46.571102>, 0.100000
	pigment { color rgbt <1,0,0,0> }
	no_shadow
}
cylinder {
	<44.038727, 44.000256, 46.542213>,  <44.378277, 43.794369, 46.494064>, 0.100000
	pigment { color rgbt <1,0,0,0> }
	no_shadow
}

// particle -1
sphere {
	<44.038727, 44.000256, 46.542213> 0.100000
	pigment { color rgbt <1,0,0,0> }
	no_shadow
}
sphere {
	0, 1
	scale<0.080000,0.200000,0.300000>
	matrix <-0.116865, 0.039341, -0.992368,
		-0.515520, -0.856460, 0.026756,
		-0.848871, 0.514713, 0.120372,
		43.784065, 44.154671, 46.578323>
	pigment { color rgbt <0,1,1,0> }
	no_shadow
}
cylinder {
	<43.858887, 43.421875, 46.044655>,  <44.378277, 43.794369, 46.494064>, 0.130000
	pigment { color rgbt <1,0,0,0> }
	no_shadow
}

// nucleotide -1

// particle -1
sphere {
	<43.858887, 43.421875, 46.044655> 0.250000
	pigment { color rgbt <1,0,0,0> }
	no_shadow
}
cylinder {
	<43.760086, 43.803627, 46.111763>,  <43.700806, 44.032677, 46.152027>, 0.100000
	pigment { color rgbt <1,0,0,0> }
	no_shadow
}
cylinder {
	<43.760086, 43.803627, 46.111763>,  <43.858887, 43.421875, 46.044655>, 0.100000
	pigment { color rgbt <1,0,0,0> }
	no_shadow
}

// particle -1
sphere {
	<43.760086, 43.803627, 46.111763> 0.100000
	pigment { color rgbt <1,0,0,0> }
	no_shadow
}
sphere {
	0, 1
	scale<0.080000,0.200000,0.300000>
	matrix <-0.231764, 0.109929, -0.966541,
		-0.940891, -0.277622, 0.194038,
		-0.247003, 0.954380, 0.167774,
		43.685986, 44.089943, 46.162094>
	pigment { color rgbt <0,1,1,0> }
	no_shadow
}
cylinder {
	<43.336884, 43.466618, 45.579662>,  <43.858887, 43.421875, 46.044655>, 0.130000
	pigment { color rgbt <1,0,0,0> }
	no_shadow
}

// nucleotide -1

// particle -1
sphere {
	<43.336884, 43.466618, 45.579662> 0.250000
	pigment { color rgbt <1,0,0,0> }
	no_shadow
}
cylinder {
	<43.443169, 43.842922, 45.663914>,  <43.506939, 44.068707, 45.714466>, 0.100000
	pigment { color rgbt <1,0,0,0> }
	no_shadow
}
cylinder {
	<43.443169, 43.842922, 45.663914>,  <43.336884, 43.466618, 45.579662>, 0.100000
	pigment { color rgbt <1,0,0,0> }
	no_shadow
}

// particle -1
sphere {
	<43.443169, 43.842922, 45.663914> 0.100000
	pigment { color rgbt <1,0,0,0> }
	no_shadow
}
sphere {
	0, 1
	scale<0.080000,0.200000,0.300000>
	matrix <-0.136828, 0.253073, -0.957722,
		-0.954293, 0.225659, 0.195968,
		0.265713, 0.940761, 0.210629,
		43.522884, 44.125149, 45.727104>
	pigment { color rgbt <0,1,1,0> }
	no_shadow
}
cylinder {
	<42.752316, 43.968506, 45.298023>,  <43.336884, 43.466618, 45.579662>, 0.130000
	pigment { color rgbt <1,0,0,0> }
	no_shadow
}

// nucleotide -1

// particle -1
sphere {
	<42.752316, 43.968506, 45.298023> 0.250000
	pigment { color rgbt <1,0,0,0> }
	no_shadow
}
cylinder {
	<43.108612, 44.144321, 45.344299>,  <43.322392, 44.249809, 45.372066>, 0.100000
	pigment { color rgbt <1,0,0,0> }
	no_shadow
}
cylinder {
	<43.108612, 44.144321, 45.344299>,  <42.752316, 43.968506, 45.298023>, 0.100000
	pigment { color rgbt <1,0,0,0> }
	no_shadow
}

// particle -1
sphere {
	<43.108612, 44.144321, 45.344299> 0.100000
	pigment { color rgbt <1,0,0,0> }
	no_shadow
}
sphere {
	0, 1
	scale<0.080000,0.200000,0.300000>
	matrix <-0.101354, 0.440230, -0.892147,
		-0.443062, 0.782947, 0.436680,
		0.890743, 0.439535, 0.115694,
		43.375835, 44.276180, 45.379009>
	pigment { color rgbt <0,1,1,0> }
	no_shadow
}
cylinder {
	<42.589767, 44.710102, 45.361977>,  <42.752316, 43.968506, 45.298023>, 0.130000
	pigment { color rgbt <1,0,0,0> }
	no_shadow
}

// nucleotide -1

// particle -1
sphere {
	<42.589767, 44.710102, 45.361977> 0.250000
	pigment { color rgbt <1,0,0,0> }
	no_shadow
}
cylinder {
	<42.958420, 44.637718, 45.224663>,  <43.179611, 44.594288, 45.142273>, 0.100000
	pigment { color rgbt <1,0,0,0> }
	no_shadow
}
cylinder {
	<42.958420, 44.637718, 45.224663>,  <42.589767, 44.710102, 45.361977>, 0.100000
	pigment { color rgbt <1,0,0,0> }
	no_shadow
}

// particle -1
sphere {
	<42.958420, 44.637718, 45.224663> 0.100000
	pigment { color rgbt <1,0,0,0> }
	no_shadow
}
sphere {
	0, 1
	scale<0.080000,0.200000,0.300000>
	matrix <-0.233263, 0.448631, -0.862739,
		0.310133, 0.875205, 0.371261,
		0.921632, -0.180962, -0.343288,
		43.234909, 44.583431, 45.121677>
	pigment { color rgbt <0,1,1,0> }
	no_shadow
}
cylinder {
	<42.648846, 45.180553, 44.879128>,  <42.589767, 44.710102, 45.361977>, 0.130000
	pigment { color rgbt <1,0,0,0> }
	no_shadow
}

// nucleotide -1

// particle -1
sphere {
	<42.648846, 45.180553, 44.879128> 0.250000
	pigment { color rgbt <1,0,0,0> }
	no_shadow
}
cylinder {
	<42.974129, 44.963573, 44.794807>,  <43.169300, 44.833385, 44.744213>, 0.100000
	pigment { color rgbt <1,0,0,0> }
	no_shadow
}
cylinder {
	<42.974129, 44.963573, 44.794807>,  <42.648846, 45.180553, 44.879128>, 0.100000
	pigment { color rgbt <1,0,0,0> }
	no_shadow
}

// particle -1
sphere {
	<42.974129, 44.963573, 44.794807> 0.100000
	pigment { color rgbt <1,0,0,0> }
	no_shadow
}
sphere {
	0, 1
	scale<0.080000,0.200000,0.300000>
	matrix <0.057694, 0.435587, -0.898296,
		0.579101, 0.718342, 0.385521,
		0.813212, -0.542447, -0.210805,
		43.218094, 44.800838, 44.731567>
	pigment { color rgbt <0,1,1,0> }
	no_shadow
}
cylinder {
	<43.090019, 45.667576, 44.629990>,  <42.648846, 45.180553, 44.879128>, 0.130000
	pigment { color rgbt <1,0,0,0> }
	no_shadow
}

// nucleotide -1

// particle -1
sphere {
	<43.090019, 45.667576, 44.629990> 0.250000
	pigment { color rgbt <1,0,0,0> }
	no_shadow
}
cylinder {
	<43.233727, 45.327438, 44.476189>,  <43.319950, 45.123356, 44.383907>, 0.100000
	pigment { color rgbt <1,0,0,0> }
	no_shadow
}
cylinder {
	<43.233727, 45.327438, 44.476189>,  <43.090019, 45.667576, 44.629990>, 0.100000
	pigment { color rgbt <1,0,0,0> }
	no_shadow
}

// particle -1
sphere {
	<43.233727, 45.327438, 44.476189> 0.100000
	pigment { color rgbt <1,0,0,0> }
	no_shadow
}
sphere {
	0, 1
	scale<0.080000,0.200000,0.300000>
	matrix <0.064487, 0.433642, -0.898775,
		0.931004, 0.298104, 0.210629,
		0.359266, -0.850346, -0.384498,
		43.341507, 45.072334, 44.360840>
	pigment { color rgbt <0,1,1,0> }
	no_shadow
}
cylinder {
	<43.680843, 45.868336, 44.213348>,  <43.090019, 45.667576, 44.629990>, 0.130000
	pigment { color rgbt <1,0,0,0> }
	no_shadow
}

// nucleotide -1

// particle -1
sphere {
	<43.680843, 45.868336, 44.213348> 0.250000
	pigment { color rgbt <1,0,0,0> }
	no_shadow
}
cylinder {
	<43.539536, 45.512997, 44.096016>,  <43.454750, 45.299793, 44.025616>, 0.100000
	pigment { color rgbt <1,0,0,0> }
	no_shadow
}
cylinder {
	<43.539536, 45.512997, 44.096016>,  <43.680843, 45.868336, 44.213348>, 0.100000
	pigment { color rgbt <1,0,0,0> }
	no_shadow
}

// particle -1
sphere {
	<43.539536, 45.512997, 44.096016> 0.100000
	pigment { color rgbt <1,0,0,0> }
	no_shadow
}
sphere {
	0, 1
	scale<0.080000,0.200000,0.300000>
	matrix <0.109796, 0.272016, -0.956008,
		0.929057, -0.369933, 0.001443,
		-0.353267, -0.888345, -0.293336,
		43.433556, 45.246494, 44.008015>
	pigment { color rgbt <0,1,1,0> }
	no_shadow
}
cylinder {
	<44.052731, 45.823421, 43.520870>,  <43.680843, 45.868336, 44.213348>, 0.130000
	pigment { color rgbt <1,0,0,0> }
	no_shadow
}

// nucleotide -1

// particle -1
sphere {
	<44.052731, 45.823421, 43.520870> 0.250000
	pigment { color rgbt <1,0,0,0> }
	no_shadow
}
cylinder {
	<43.780411, 45.530464, 43.516708>,  <43.617020, 45.354691, 43.514214>, 0.100000
	pigment { color rgbt <1,0,0,0> }
	no_shadow
}
cylinder {
	<43.780411, 45.530464, 43.516708>,  <44.052731, 45.823421, 43.520870>, 0.100000
	pigment { color rgbt <1,0,0,0> }
	no_shadow
}

// particle -1
sphere {
	<43.780411, 45.530464, 43.516708> 0.100000
	pigment { color rgbt <1,0,0,0> }
	no_shadow
}
sphere {
	0, 1
	scale<0.080000,0.200000,0.300000>
	matrix <-0.041419, 0.052671, -0.997753,
		0.731298, -0.678838, -0.066194,
		-0.680799, -0.732397, -0.010402,
		43.576172, 45.310745, 43.513588>
	pigment { color rgbt <0,1,1,0> }
	no_shadow
}
cylinder {
	<44.230534, 45.480286, 42.994682>,  <44.052731, 45.823421, 43.520870>, 0.130000
	pigment { color rgbt <1,0,0,0> }
	no_shadow
}

// nucleotide -1

// particle -1
sphere {
	<44.230534, 45.480286, 42.994682> 0.250000
	pigment { color rgbt <1,0,0,0> }
	no_shadow
}
cylinder {
	<43.850052, 45.362289, 43.030861>,  <43.621761, 45.291492, 43.052567>, 0.100000
	pigment { color rgbt <1,0,0,0> }
	no_shadow
}
cylinder {
	<43.850052, 45.362289, 43.030861>,  <44.230534, 45.480286, 42.994682>, 0.100000
	pigment { color rgbt <1,0,0,0> }
	no_shadow
}

// particle -1
sphere {
	<43.850052, 45.362289, 43.030861> 0.100000
	pigment { color rgbt <1,0,0,0> }
	no_shadow
}
sphere {
	0, 1
	scale<0.080000,0.200000,0.300000>
	matrix <-0.149418, 0.183922, -0.971518,
		0.269959, -0.937630, -0.219025,
		-0.951208, -0.294996, 0.090447,
		43.564690, 45.273792, 43.057995>
	pigment { color rgbt <0,1,1,0> }
	no_shadow
}
cylinder {
	<44.092041, 44.886604, 42.640800>,  <44.230534, 45.480286, 42.994682>, 0.130000
	pigment { color rgbt <1,0,0,0> }
	no_shadow
}

// nucleotide -1

// particle -1
sphere {
	<44.092041, 44.886604, 42.640800> 0.250000
	pigment { color rgbt <1,0,0,0> }
	no_shadow
}
cylinder {
	<43.746948, 45.088711, 42.648880>,  <43.539894, 45.209972, 42.653728>, 0.100000
	pigment { color rgbt <1,0,0,0> }
	no_shadow
}
cylinder {
	<43.746948, 45.088711, 42.648880>,  <44.092041, 44.886604, 42.640800>, 0.100000
	pigment { color rgbt <1,0,0,0> }
	no_shadow
}

// particle -1
sphere {
	<43.746948, 45.088711, 42.648880> 0.100000
	pigment { color rgbt <1,0,0,0> }
	no_shadow
}
sphere {
	0, 1
	scale<0.080000,0.200000,0.300000>
	matrix <0.022522, 0.078308, -0.996675,
		-0.505166, -0.859404, -0.078938,
		-0.862728, 0.505264, 0.020203,
		43.488129, 45.240292, 42.654942>
	pigment { color rgbt <0,1,1,0> }
	no_shadow
}
cylinder {
	<43.732269, 44.687511, 42.034676>,  <44.092041, 44.886604, 42.640800>, 0.130000
	pigment { color rgbt <1,0,0,0> }
	no_shadow
}

// nucleotide -1

// particle -1
sphere {
	<43.732269, 44.687511, 42.034676> 0.250000
	pigment { color rgbt <1,0,0,0> }
	no_shadow
}
cylinder {
	<43.520302, 45.014042, 42.126579>,  <43.393120, 45.209961, 42.181721>, 0.100000
	pigment { color rgbt <1,0,0,0> }
	no_shadow
}
cylinder {
	<43.520302, 45.014042, 42.126579>,  <43.732269, 44.687511, 42.034676>, 0.100000
	pigment { color rgbt <1,0,0,0> }
	no_shadow
}

// particle -1
sphere {
	<43.520302, 45.014042, 42.126579> 0.100000
	pigment { color rgbt <1,0,0,0> }
	no_shadow
}
sphere {
	0, 1
	scale<0.080000,0.200000,0.300000>
	matrix <-0.194480, 0.146731, -0.969870,
		-0.825445, -0.558640, 0.081004,
		-0.529922, 0.816328, 0.229763,
		43.361324, 45.258942, 42.195507>
	pigment { color rgbt <0,1,1,0> }
	no_shadow
}
cylinder {
	<42.953621, 44.572090, 41.903454>,  <43.732269, 44.687511, 42.034676>, 0.130000
	pigment { color rgbt <1,0,0,0> }
	no_shadow
}

// nucleotide -1

// particle -1
sphere {
	<42.953621, 44.572090, 41.903454> 0.250000
	pigment { color rgbt <1,0,0,0> }
	no_shadow
}
cylinder {
	<43.024002, 44.965794, 41.910137>,  <43.066231, 45.202015, 41.914146>, 0.100000
	pigment { color rgbt <1,0,0,0> }
	no_shadow
}
cylinder {
	<43.024002, 44.965794, 41.910137>,  <42.953621, 44.572090, 41.903454>, 0.100000
	pigment { color rgbt <1,0,0,0> }
	no_shadow
}

// particle -1
sphere {
	<43.024002, 44.965794, 41.910137> 0.100000
	pigment { color rgbt <1,0,0,0> }
	no_shadow
}
sphere {
	0, 1
	scale<0.080000,0.200000,0.300000>
	matrix <-0.407431, 0.088270, -0.908960,
		-0.896125, 0.153130, 0.416548,
		0.175957, 0.984256, 0.016711,
		43.076790, 45.261070, 41.915150>
	pigment { color rgbt <0,1,1,0> }
	no_shadow
}
cylinder {
	<42.369453, 44.936760, 41.443768>,  <42.953621, 44.572090, 41.903454>, 0.130000
	pigment { color rgbt <1,0,0,0> }
	no_shadow
}

// nucleotide -1

// particle -1
sphere {
	<42.369453, 44.936760, 41.443768> 0.250000
	pigment { color rgbt <1,0,0,0> }
	no_shadow
}
cylinder {
	<42.641029, 45.229523, 41.466942>,  <42.803974, 45.405178, 41.480846>, 0.100000
	pigment { color rgbt <1,0,0,0> }
	no_shadow
}
cylinder {
	<42.641029, 45.229523, 41.466942>,  <42.369453, 44.936760, 41.443768>, 0.100000
	pigment { color rgbt <1,0,0,0> }
	no_shadow
}

// particle -1
sphere {
	<42.641029, 45.229523, 41.466942> 0.100000
	pigment { color rgbt <1,0,0,0> }
	no_shadow
}
sphere {
	0, 1
	scale<0.080000,0.200000,0.300000>
	matrix <-0.100175, 0.170522, -0.980249,
		-0.727327, 0.659727, 0.189093,
		0.678941, 0.731904, 0.057938,
		42.844711, 45.449093, 41.484322>
	pigment { color rgbt <0,1,1,0> }
	no_shadow
}
cylinder {
	<42.024097, 45.433540, 41.199509>,  <42.369453, 44.936760, 41.443768>, 0.130000
	pigment { color rgbt <1,0,0,0> }
	no_shadow
}

// nucleotide -1

// particle -1
sphere {
	<42.024097, 45.433540, 41.199509> 0.250000
	pigment { color rgbt <1,0,0,0> }
	no_shadow
}
cylinder {
	<42.410706, 45.527058, 41.157204>,  <42.642670, 45.583168, 41.131821>, 0.100000
	pigment { color rgbt <1,0,0,0> }
	no_shadow
}
cylinder {
	<42.410706, 45.527058, 41.157204>,  <42.024097, 45.433540, 41.199509>, 0.100000
	pigment { color rgbt <1,0,0,0> }
	no_shadow
}

// particle -1
sphere {
	<42.410706, 45.527058, 41.157204> 0.100000
	pigment { color rgbt <1,0,0,0> }
	no_shadow
}
sphere {
	0, 1
	scale<0.080000,0.200000,0.300000>
	matrix <-0.166475, 0.257649, -0.951789,
		-0.195269, 0.937528, 0.287942,
