// switches for output
#declare DRAW_BASES = 1; // possible values are 0, 1; only relevant for DNA ribbons
#declare DRAW_BASES_TYPE = 3; // possible values are 1, 2, 3; only relevant for DNA ribbons
#declare DRAW_FOG = 0; // set to 1 to enable fog

#include "colors.inc"

#include "transforms.inc"
background { rgb <1, 1, 1>}

#default {
   normal{
       ripples 0.25
       frequency 0.20
       turbulence 0.2
       lambda 5
   }
	finish {
		phong 0.1
		phong_size 40.
	}
}

// original window dimensions: 1024x640


// camera settings

camera {
	sky <-0, 1, 0>
	up <-0, 1, 0>
	right 1.6 * <1, 0, 0>
	location <44.88, 44.88, 200.277>
	look_at <44.88, 44.88, 44.88>
	direction <0, 0, -155.397>
	angle 67.0682
}


# declare cpy_camera_pos = <44.88, 44.88, 200.277>;
# if (DRAW_FOG = 1)
fog {
	fog_type 2
	up vnormalize(cpy_camera_pos)
	color rgbt<1,1,1,0.3>
	distance 1e-5
	fog_alt 3e-3
	fog_offset 71.808
}
# end


// LIGHTS

# declare lum = 6;
global_settings {
	ambient_light rgb lum * <0.05, 0.05, 0.05>
	max_trace_level 15
}# declare cpy_direct_light_amount = 0.25;
light_source
{	1000 * <-1, -1, 1>,
	rgb lum * cpy_direct_light_amount
	parallel
}

light_source
{	1000 * <1, 1, -1>,
	rgb lum * cpy_direct_light_amount
	parallel
}

// strand 0

// nucleotide -1

// particle -1
sphere {
	<37.731842, 47.001091, 55.526161> 0.250000
	pigment { color rgbt <1,0,0,0> }
	no_shadow
}
cylinder {
	<37.972832, 46.766457, 55.742653>,  <38.117428, 46.625675, 55.872547>, 0.100000
	pigment { color rgbt <1,0,0,0> }
	no_shadow
}
cylinder {
	<37.972832, 46.766457, 55.742653>,  <37.731842, 47.001091, 55.526161>, 0.100000
	pigment { color rgbt <1,0,0,0> }
	no_shadow
}

// particle -1
sphere {
	<37.972832, 46.766457, 55.742653> 0.100000
	pigment { color rgbt <1,0,0,0> }
	no_shadow
}
sphere {
	0, 1
	scale<0.080000,0.200000,0.300000>
	matrix <0.598024, -0.117320, -0.792845,
		0.528572, 0.801342, 0.280112,
		0.602477, -0.586590, 0.541234,
		38.153576, 46.590481, 55.905022>
	pigment { color rgbt <0,1,1,0> }
	no_shadow
}
cylinder {
	<38.425415, 47.191502, 55.308926>,  <37.731842, 47.001091, 55.526161>, 0.130000
	pigment { color rgbt <1,0,0,0> }
	no_shadow
}

// nucleotide -1

// particle -1
sphere {
	<38.425415, 47.191502, 55.308926> 0.250000
	pigment { color rgbt <1,0,0,0> }
	no_shadow
}
cylinder {
	<38.472282, 46.818916, 55.446709>,  <38.500401, 46.595364, 55.529377>, 0.100000
	pigment { color rgbt <1,0,0,0> }
	no_shadow
}
cylinder {
	<38.472282, 46.818916, 55.446709>,  <38.425415, 47.191502, 55.308926>, 0.100000
	pigment { color rgbt <1,0,0,0> }
	no_shadow
}

// particle -1
sphere {
	<38.472282, 46.818916, 55.446709> 0.100000
	pigment { color rgbt <1,0,0,0> }
	no_shadow
}
sphere {
	0, 1
	scale<0.080000,0.200000,0.300000>
	matrix <0.670394, -0.181711, -0.719412,
		0.732697, 0.315210, 0.603157,
		0.117165, -0.931463, 0.344454,
		38.507431, 46.539478, 55.550045>
	pigment { color rgbt <0,1,1,0> }
	no_shadow
}
cylinder {
	<39.186436, 47.003468, 55.291714>,  <38.425415, 47.191502, 55.308926>, 0.130000
	pigment { color rgbt <1,0,0,0> }
	no_shadow
}

// nucleotide -1

// particle -1
sphere {
	<39.186436, 47.003468, 55.291714> 0.250000
	pigment { color rgbt <1,0,0,0> }
	no_shadow
}
cylinder {
	<39.037437, 46.637726, 55.355209>,  <38.948040, 46.418282, 55.393307>, 0.100000
	pigment { color rgbt <1,0,0,0> }
	no_shadow
}
cylinder {
	<39.037437, 46.637726, 55.355209>,  <39.186436, 47.003468, 55.291714>, 0.100000
	pigment { color rgbt <1,0,0,0> }
	no_shadow
}

// particle -1
sphere {
	<39.037437, 46.637726, 55.355209> 0.100000
	pigment { color rgbt <1,0,0,0> }
	no_shadow
}
sphere {
	0, 1
	scale<0.080000,0.200000,0.300000>
	matrix <0.712869, -0.391432, -0.581893,
		0.594195, -0.103588, 0.797623,
		-0.372492, -0.914358, 0.158742,
		38.925690, 46.363419, 55.402832>
	pigment { color rgbt <0,1,1,0> }
	no_shadow
}
cylinder {
	<39.715397, 46.622883, 55.544193>,  <39.186436, 47.003468, 55.291714>, 0.130000
	pigment { color rgbt <1,0,0,0> }
	no_shadow
}

// nucleotide -1

// particle -1
sphere {
	<39.715397, 46.622883, 55.544193> 0.250000
	pigment { color rgbt <1,0,0,0> }
	no_shadow
}
cylinder {
	<39.456596, 46.363113, 55.384380>,  <39.301315, 46.207253, 55.288490>, 0.100000
	pigment { color rgbt <1,0,0,0> }
	no_shadow
}
cylinder {
	<39.456596, 46.363113, 55.384380>,  <39.715397, 46.622883, 55.544193>, 0.100000
	pigment { color rgbt <1,0,0,0> }
	no_shadow
}

// particle -1
sphere {
	<39.456596, 46.363113, 55.384380> 0.100000
	pigment { color rgbt <1,0,0,0> }
	no_shadow
}
sphere {
	0, 1
	scale<0.080000,0.200000,0.300000>
	matrix <0.724673, -0.360776, -0.587102,
		0.237137, -0.669391, 0.704047,
		-0.647004, -0.649427, -0.399536,
		39.262497, 46.168285, 55.264519>
	pigment { color rgbt <0,1,1,0> }
	no_shadow
}
cylinder {
	<40.162395, 46.089336, 55.406406>,  <39.715397, 46.622883, 55.544193>, 0.130000
	pigment { color rgbt <1,0,0,0> }
	no_shadow
}

// nucleotide -1

// particle -1
sphere {
	<40.162395, 46.089336, 55.406406> 0.250000
	pigment { color rgbt <1,0,0,0> }
	no_shadow
}
cylinder {
	<39.840462, 46.011875, 55.181999>,  <39.647301, 45.965397, 55.047356>, 0.100000
	pigment { color rgbt <1,0,0,0> }
	no_shadow
}
cylinder {
	<39.840462, 46.011875, 55.181999>,  <40.162395, 46.089336, 55.406406>, 0.100000
	pigment { color rgbt <1,0,0,0> }
	no_shadow
}

// particle -1
sphere {
	<39.840462, 46.011875, 55.181999> 0.100000
	pigment { color rgbt <1,0,0,0> }
	no_shadow
}
sphere {
	0, 1
	scale<0.080000,0.200000,0.300000>
	matrix <0.592236, -0.323627, -0.737918,
		-0.038658, -0.926156, 0.375156,
		-0.804837, -0.193654, -0.561013,
		39.599010, 45.953781, 55.013695>
	pigment { color rgbt <0,1,1,0> }
	no_shadow
}
cylinder {
	<40.410686, 45.555370, 55.063026>,  <40.162395, 46.089336, 55.406406>, 0.130000
	pigment { color rgbt <1,0,0,0> }
	no_shadow
}

// nucleotide -1

// particle -1
sphere {
	<40.410686, 45.555370, 55.063026> 0.250000
	pigment { color rgbt <1,0,0,0> }
	no_shadow
}
cylinder {
	<40.099701, 45.671230, 54.839725>,  <39.913109, 45.740746, 54.705746>, 0.100000
	pigment { color rgbt <1,0,0,0> }
	no_shadow
}
cylinder {
	<40.099701, 45.671230, 54.839725>,  <40.410686, 45.555370, 55.063026>, 0.100000
	pigment { color rgbt <1,0,0,0> }
	no_shadow
}

// particle -1
sphere {
	<40.099701, 45.671230, 54.839725> 0.100000
	pigment { color rgbt <1,0,0,0> }
	no_shadow
}
sphere {
	0, 1
	scale<0.080000,0.200000,0.300000>
	matrix <0.477160, -0.306586, -0.823604,
		-0.409711, -0.906701, 0.100150,
		-0.777467, 0.289652, -0.558253,
		39.866463, 45.758125, 54.672249>
	pigment { color rgbt <0,1,1,0> }
	no_shadow
}
cylinder {
	<40.226971, 44.957535, 54.558819>,  <40.410686, 45.555370, 55.063026>, 0.130000
	pigment { color rgbt <1,0,0,0> }
	no_shadow
}

// nucleotide -1

// particle -1
sphere {
	<40.226971, 44.957535, 54.558819> 0.250000
	pigment { color rgbt <1,0,0,0> }
	no_shadow
}
cylinder {
	<40.067200, 45.281170, 54.386383>,  <39.971336, 45.475349, 54.282921>, 0.100000
	pigment { color rgbt <1,0,0,0> }
	no_shadow
}
cylinder {
	<40.067200, 45.281170, 54.386383>,  <40.226971, 44.957535, 54.558819>, 0.100000
	pigment { color rgbt <1,0,0,0> }
	no_shadow
}

// particle -1
sphere {
	<40.067200, 45.281170, 54.386383> 0.100000
	pigment { color rgbt <1,0,0,0> }
	no_shadow
}
sphere {
	0, 1
	scale<0.080000,0.200000,0.300000>
	matrix <0.279034, -0.340627, -0.897838,
		-0.873270, -0.478907, -0.089709,
		-0.399424, 0.809087, -0.431091,
		39.947372, 45.523895, 54.257057>
	pigment { color rgbt <0,1,1,0> }
	no_shadow
}
cylinder {
	<39.894783, 44.668125, 53.989925>,  <40.226971, 44.957535, 54.558819>, 0.130000
	pigment { color rgbt <1,0,0,0> }
	no_shadow
}

// nucleotide -1

// particle -1
sphere {
	<39.894783, 44.668125, 53.989925> 0.250000
	pigment { color rgbt <1,0,0,0> }
	no_shadow
}
cylinder {
	<39.938263, 45.059040, 53.917160>,  <39.964352, 45.293591, 53.873501>, 0.100000
	pigment { color rgbt <1,0,0,0> }
	no_shadow
}
cylinder {
	<39.938263, 45.059040, 53.917160>,  <39.894783, 44.668125, 53.989925>, 0.100000
	pigment { color rgbt <1,0,0,0> }
	no_shadow
}

// particle -1
sphere {
	<39.938263, 45.059040, 53.917160> 0.100000
	pigment { color rgbt <1,0,0,0> }
	no_shadow
}
sphere {
	0, 1
	scale<0.080000,0.200000,0.300000>
	matrix <0.294168, -0.206422, -0.933196,
		-0.949553, 0.047924, -0.309925,
		0.108698, 0.977289, -0.181911,
		39.970871, 45.352226, 53.862587>
	pigment { color rgbt <0,1,1,0> }
	no_shadow
}
cylinder {
	<39.575756, 44.816517, 53.394585>,  <39.894783, 44.668125, 53.989925>, 0.130000
	pigment { color rgbt <1,0,0,0> }
	no_shadow
}

// nucleotide -1

// particle -1
sphere {
	<39.575756, 44.816517, 53.394585> 0.250000
	pigment { color rgbt <1,0,0,0> }
	no_shadow
}
cylinder {
	<39.847710, 45.108437, 53.423317>,  <40.010883, 45.283588, 53.440556>, 0.100000
	pigment { color rgbt <1,0,0,0> }
	no_shadow
}
cylinder {
	<39.847710, 45.108437, 53.423317>,  <39.575756, 44.816517, 53.394585>, 0.100000
	pigment { color rgbt <1,0,0,0> }
	no_shadow
}

// particle -1
sphere {
	<39.847710, 45.108437, 53.423317> 0.100000
	pigment { color rgbt <1,0,0,0> }
	no_shadow
}
sphere {
	0, 1
	scale<0.080000,0.200000,0.300000>
	matrix <0.443717, -0.331421, -0.832632,
		-0.583845, 0.597963, -0.549149,
		0.679882, 0.729795, 0.071828,
		40.051674, 45.327374, 53.444866>
	pigment { color rgbt <0,1,1,0> }
	no_shadow
}
cylinder {
	<39.611706, 45.029343, 52.790222>,  <39.575756, 44.816517, 53.394585>, 0.130000
	pigment { color rgbt <1,0,0,0> }
	no_shadow
}

// nucleotide -1

// particle -1
sphere {
	<39.611706, 45.029343, 52.790222> 0.250000
	pigment { color rgbt <1,0,0,0> }
	no_shadow
}
cylinder {
	<39.939812, 45.191711, 52.951412>,  <40.136677, 45.289131, 53.048126>, 0.100000
	pigment { color rgbt <1,0,0,0> }
	no_shadow
}
cylinder {
	<39.939812, 45.191711, 52.951412>,  <39.611706, 45.029343, 52.790222>, 0.100000
	pigment { color rgbt <1,0,0,0> }
	no_shadow
}

// particle -1
sphere {
	<39.939812, 45.191711, 52.951412> 0.100000
	pigment { color rgbt <1,0,0,0> }
	no_shadow
}
sphere {
	0, 1
	scale<0.080000,0.200000,0.300000>
	matrix <0.463727, -0.059520, -0.883977,
		-0.334840, 0.911968, -0.237059,
		0.820268, 0.405922, 0.402974,
		40.185894, 45.313488, 53.072304>
	pigment { color rgbt <0,1,1,0> }
	no_shadow
}
cylinder {
	<39.924801, 45.327877, 52.267815>,  <39.611706, 45.029343, 52.790222>, 0.130000
	pigment { color rgbt <1,0,0,0> }
	no_shadow
}

// nucleotide -1

// particle -1
sphere {
	<39.924801, 45.327877, 52.267815> 0.250000
	pigment { color rgbt <1,0,0,0> }
	no_shadow
}
cylinder {
	<40.234825, 45.323002, 52.520523>,  <40.420837, 45.320076, 52.672150>, 0.100000
	pigment { color rgbt <1,0,0,0> }
	no_shadow
}
cylinder {
	<40.234825, 45.323002, 52.520523>,  <39.924801, 45.327877, 52.267815>, 0.100000
	pigment { color rgbt <1,0,0,0> }
	no_shadow
}

// particle -1
sphere {
	<40.234825, 45.323002, 52.520523> 0.100000
	pigment { color rgbt <1,0,0,0> }
	no_shadow
}
sphere {
	0, 1
	scale<0.080000,0.200000,0.300000>
	matrix <0.631493, -0.020501, -0.775111,
		0.022402, 0.999716, -0.008190,
		0.775058, -0.012192, 0.631773,
		40.467342, 45.319344, 52.710056>
	pigment { color rgbt <0,1,1,0> }
	no_shadow
}
cylinder {
	<40.383083, 45.750935, 52.026207>,  <39.924801, 45.327877, 52.267815>, 0.130000
	pigment { color rgbt <1,0,0,0> }
	no_shadow
}

// nucleotide -1

// particle -1
sphere {
	<40.383083, 45.750935, 52.026207> 0.250000
	pigment { color rgbt <1,0,0,0> }
	no_shadow
}
cylinder {
	<40.631004, 45.537449, 52.256332>,  <40.779758, 45.409359, 52.394409>, 0.100000
	pigment { color rgbt <1,0,0,0> }
	no_shadow
}
cylinder {
	<40.631004, 45.537449, 52.256332>,  <40.383083, 45.750935, 52.026207>, 0.100000
	pigment { color rgbt <1,0,0,0> }
	no_shadow
}

// particle -1
sphere {
	<40.631004, 45.537449, 52.256332> 0.100000
	pigment { color rgbt <1,0,0,0> }
	no_shadow
}
sphere {
	0, 1
	scale<0.080000,0.200000,0.300000>
	matrix <0.692850, 0.027901, -0.720542,
		0.368513, 0.845204, 0.387078,
		0.619804, -0.533716, 0.575317,
		40.816944, 45.377335, 52.428928>
	pigment { color rgbt <0,1,1,0> }
	no_shadow
}
cylinder {
	<40.986515, 46.041866, 51.966953>,  <40.383083, 45.750935, 52.026207>, 0.130000
	pigment { color rgbt <1,0,0,0> }
	no_shadow
}

// nucleotide -1

// particle -1
sphere {
	<40.986515, 46.041866, 51.966953> 0.250000
	pigment { color rgbt <1,0,0,0> }
	no_shadow
}
cylinder {
	<41.049797, 45.664394, 52.083191>,  <41.087765, 45.437912, 52.152931>, 0.100000
	pigment { color rgbt <1,0,0,0> }
	no_shadow
}
cylinder {
	<41.049797, 45.664394, 52.083191>,  <40.986515, 46.041866, 51.966953>, 0.100000
	pigment { color rgbt <1,0,0,0> }
	no_shadow
}

// particle -1
sphere {
	<41.049797, 45.664394, 52.083191> 0.100000
	pigment { color rgbt <1,0,0,0> }
	no_shadow
}
sphere {
	0, 1
	scale<0.080000,0.200000,0.300000>
	matrix <0.562185, -0.155855, -0.812193,
		0.811739, 0.291857, 0.505865,
		0.158202, -0.943678, 0.290592,
		41.097260, 45.381290, 52.170368>
	pigment { color rgbt <0,1,1,0> }
	no_shadow
}
cylinder {
	<41.641315, 45.984211, 51.848331>,  <40.986515, 46.041866, 51.966953>, 0.130000
	pigment { color rgbt <1,0,0,0> }
	no_shadow
}

// nucleotide -1

// particle -1
sphere {
	<41.641315, 45.984211, 51.848331> 0.250000
	pigment { color rgbt <1,0,0,0> }
	no_shadow
}
cylinder {
	<41.519341, 45.604523, 51.879311>,  <41.446156, 45.376709, 51.897900>, 0.100000
	pigment { color rgbt <1,0,0,0> }
	no_shadow
}
cylinder {
	<41.519341, 45.604523, 51.879311>,  <41.641315, 45.984211, 51.848331>, 0.100000
	pigment { color rgbt <1,0,0,0> }
	no_shadow
}

// particle -1
sphere {
	<41.519341, 45.604523, 51.879311> 0.100000
	pigment { color rgbt <1,0,0,0> }
	no_shadow
}
sphere {
	0, 1
	scale<0.080000,0.200000,0.300000>
	matrix <0.658724, -0.268947, -0.702673,
		0.687821, -0.163251, 0.707285,
		-0.304934, -0.949219, 0.077450,
		41.427860, 45.319756, 51.902546>
	pigment { color rgbt <0,1,1,0> }
	no_shadow
}
cylinder {
	<42.168030, 45.663788, 51.571548>,  <41.641315, 45.984211, 51.848331>, 0.130000
	pigment { color rgbt <1,0,0,0> }
	no_shadow
}

// nucleotide -1

// particle -1
sphere {
	<42.168030, 45.663788, 51.571548> 0.250000
	pigment { color rgbt <1,0,0,0> }
	no_shadow
}
cylinder {
	<41.859978, 45.408642, 51.573578>,  <41.675148, 45.255554, 51.574795>, 0.100000
	pigment { color rgbt <1,0,0,0> }
	no_shadow
}
cylinder {
	<41.859978, 45.408642, 51.573578>,  <42.168030, 45.663788, 51.571548>, 0.100000
	pigment { color rgbt <1,0,0,0> }
	no_shadow
}

// particle -1
sphere {
	<41.859978, 45.408642, 51.573578> 0.100000
	pigment { color rgbt <1,0,0,0> }
	no_shadow
}
sphere {
	0, 1
	scale<0.080000,0.200000,0.300000>
	matrix <0.342358, -0.420033, -0.840454,
		0.538229, -0.645522, 0.541859,
		-0.770130, -0.637866, 0.005075,
		41.628937, 45.217281, 51.575100>
	pigment { color rgbt <0,1,1,0> }
	no_shadow
}
cylinder {
	<42.444805, 44.945126, 51.471203>,  <42.168030, 45.663788, 51.571548>, 0.130000
	pigment { color rgbt <1,0,0,0> }
	no_shadow
}

// nucleotide -1

// particle -1
sphere {
	<42.444805, 44.945126, 51.471203> 0.250000
	pigment { color rgbt <1,0,0,0> }
	no_shadow
}
cylinder {
	<42.066025, 44.925152, 51.344215>,  <41.838757, 44.913170, 51.268024>, 0.100000
	pigment { color rgbt <1,0,0,0> }
	no_shadow
}
cylinder {
	<42.066025, 44.925152, 51.344215>,  <42.444805, 44.945126, 51.471203>, 0.100000
	pigment { color rgbt <1,0,0,0> }
	no_shadow
}

// particle -1
sphere {
	<42.066025, 44.925152, 51.344215> 0.100000
	pigment { color rgbt <1,0,0,0> }
	no_shadow
}
sphere {
	0, 1
	scale<0.080000,0.200000,0.300000>
	matrix <0.295715, -0.522147, -0.799947,
		-0.125822, -0.851393, 0.509214,
		-0.946954, -0.049932, -0.317467,
		41.781940, 44.910172, 51.248974>
	pigment { color rgbt <0,1,1,0> }
	no_shadow
}
cylinder {
	<42.423302, 44.267986, 51.290356>,  <42.444805, 44.945126, 51.471203>, 0.130000
	pigment { color rgbt <1,0,0,0> }
	no_shadow
}

// nucleotide -1

// particle -1
sphere {
	<42.423302, 44.267986, 51.290356> 0.250000
	pigment { color rgbt <1,0,0,0> }
	no_shadow
}
cylinder {
	<42.102325, 44.436081, 51.120888>,  <41.909740, 44.536938, 51.019207>, 0.100000
	pigment { color rgbt <1,0,0,0> }
	no_shadow
}
cylinder {
	<42.102325, 44.436081, 51.120888>,  <42.423302, 44.267986, 51.290356>, 0.100000
	pigment { color rgbt <1,0,0,0> }
	no_shadow
}

// particle -1
sphere {
	<42.102325, 44.436081, 51.120888> 0.100000
	pigment { color rgbt <1,0,0,0> }
	no_shadow
}
sphere {
	0, 1
	scale<0.080000,0.200000,0.300000>
	matrix <0.182023, -0.503774, -0.844440,
		-0.568297, -0.754728, 0.327755,
		-0.802437, 0.420234, -0.423671,
		41.861595, 44.562153, 50.993786>
	pigment { color rgbt <0,1,1,0> }
	no_shadow
}
cylinder {
	<42.080544, 43.741745, 50.973759>,  <42.423302, 44.267986, 51.290356>, 0.130000
	pigment { color rgbt <1,0,0,0> }
	no_shadow
}

// nucleotide -1

// particle -1
sphere {
	<42.080544, 43.741745, 50.973759> 0.250000
	pigment { color rgbt <1,0,0,0> }
	no_shadow
}
cylinder {
	<41.928322, 44.067410, 50.798336>,  <41.836990, 44.262806, 50.693085>, 0.100000
	pigment { color rgbt <1,0,0,0> }
	no_shadow
}
cylinder {
	<41.928322, 44.067410, 50.798336>,  <42.080544, 43.741745, 50.973759>, 0.100000
	pigment { color rgbt <1,0,0,0> }
	no_shadow
}

// particle -1
sphere {
	<41.928322, 44.067410, 50.798336> 0.100000
	pigment { color rgbt <1,0,0,0> }
	no_shadow
}
sphere {
	0, 1
	scale<0.080000,0.200000,0.300000>
	matrix <0.104554, -0.433315, -0.895157,
		-0.918830, -0.386505, 0.079775,
		-0.380551, 0.814157, -0.438554,
		41.814156, 44.311657, 50.666771>
	pigment { color rgbt <0,1,1,0> }
	no_shadow
}
cylinder {
	<41.716934, 43.531952, 50.347824>,  <42.080544, 43.741745, 50.973759>, 0.130000
	pigment { color rgbt <1,0,0,0> }
	no_shadow
}

// nucleotide -1

// particle -1
sphere {
	<41.716934, 43.531952, 50.347824> 0.250000
	pigment { color rgbt <1,0,0,0> }
	no_shadow
}
cylinder {
	<41.832993, 43.910763, 50.292747>,  <41.902626, 44.138050, 50.259701>, 0.100000
	pigment { color rgbt <1,0,0,0> }
	no_shadow
}
cylinder {
	<41.832993, 43.910763, 50.292747>,  <41.716934, 43.531952, 50.347824>, 0.100000
	pigment { color rgbt <1,0,0,0> }
	no_shadow
}

// particle -1
sphere {
	<41.832993, 43.910763, 50.292747> 0.100000
	pigment { color rgbt <1,0,0,0> }
	no_shadow
}
sphere {
	0, 1
	scale<0.080000,0.200000,0.300000>
	matrix <0.279326, -0.221423, -0.934318,
		-0.915310, 0.232629, -0.328773,
		0.290147, 0.947025, -0.137691,
		41.920036, 44.194870, 50.251442>
	pigment { color rgbt <0,1,1,0> }
	no_shadow
}
cylinder {
	<41.580761, 43.671944, 49.636505>,  <41.716934, 43.531952, 50.347824>, 0.130000
	pigment { color rgbt <1,0,0,0> }
	no_shadow
}

// nucleotide -1

// particle -1
sphere {
	<41.580761, 43.671944, 49.636505> 0.250000
	pigment { color rgbt <1,0,0,0> }
	no_shadow
}
cylinder {
	<41.786575, 44.006062, 49.714005>,  <41.910065, 44.206532, 49.760506>, 0.100000
	pigment { color rgbt <1,0,0,0> }
	no_shadow
}
cylinder {
	<41.786575, 44.006062, 49.714005>,  <41.580761, 43.671944, 49.636505>, 0.100000
	pigment { color rgbt <1,0,0,0> }
	no_shadow
}

// particle -1
sphere {
	<41.786575, 44.006062, 49.714005> 0.100000
	pigment { color rgbt <1,0,0,0> }
	no_shadow
}
sphere {
	0, 1
	scale<0.080000,0.200000,0.300000>
	matrix <0.324873, 0.019206, -0.945563,
		-0.793546, 0.549465, -0.261483,
		0.514531, 0.835296, 0.193748,
		41.940933, 44.256649, 49.772129>
	pigment { color rgbt <0,1,1,0> }
	no_shadow
}
cylinder {
	<41.477741, 44.079453, 49.076237>,  <41.580761, 43.671944, 49.636505>, 0.130000
	pigment { color rgbt <1,0,0,0> }
	no_shadow
}

// nucleotide -1

// particle -1
sphere {
	<41.477741, 44.079453, 49.076237> 0.250000
	pigment { color rgbt <1,0,0,0> }
	no_shadow
}
cylinder {
	<41.765305, 44.300709, 49.244621>,  <41.937843, 44.433464, 49.345654>, 0.100000
	pigment { color rgbt <1,0,0,0> }
	no_shadow
}
cylinder {
	<41.765305, 44.300709, 49.244621>,  <41.477741, 44.079453, 49.076237>, 0.100000
	pigment { color rgbt <1,0,0,0> }
	no_shadow
}

// particle -1
sphere {
	<41.765305, 44.300709, 49.244621> 0.100000
	pigment { color rgbt <1,0,0,0> }
	no_shadow
}
sphere {
	0, 1
	scale<0.080000,0.200000,0.300000>
	matrix <0.395690, 0.172254, -0.902085,
		-0.571495, 0.815084, -0.095039,
		0.718904, 0.553143, 0.420963,
		41.980976, 44.466652, 49.370911>
	pigment { color rgbt <0,1,1,0> }
	no_shadow
}
cylinder {
	<41.485004, 44.745323, 48.667278>,  <41.477741, 44.079453, 49.076237>, 0.130000
	pigment { color rgbt <1,0,0,0> }
	no_shadow
}

// nucleotide -1

// particle -1
sphere {
	<41.485004, 44.745323, 48.667278> 0.250000
	pigment { color rgbt <1,0,0,0> }
	no_shadow
}
cylinder {
	<41.852669, 44.672970, 48.807236>,  <42.073269, 44.629559, 48.891209>, 0.100000
	pigment { color rgbt <1,0,0,0> }
	no_shadow
}
cylinder {
	<41.852669, 44.672970, 48.807236>,  <41.485004, 44.745323, 48.667278>, 0.100000
	pigment { color rgbt <1,0,0,0> }
	no_shadow
}

// particle -1
sphere {
	<41.852669, 44.672970, 48.807236> 0.100000
	pigment { color rgbt <1,0,0,0> }
	no_shadow
}
sphere {
	0, 1
	scale<0.080000,0.200000,0.300000>
	matrix <0.382374, 0.196619, -0.902846,
		0.094519, 0.963650, 0.249891,
		0.919161, -0.180887, 0.349891,
		42.128418, 44.618702, 48.912205>
	pigment { color rgbt <0,1,1,0> }
	no_shadow
}
cylinder {
	<41.812103, 45.281914, 48.403275>,  <41.485004, 44.745323, 48.667278>, 0.130000
	pigment { color rgbt <1,0,0,0> }
	no_shadow
}

// nucleotide -1

// particle -1
sphere {
	<41.812103, 45.281914, 48.403275> 0.250000
	pigment { color rgbt <1,0,0,0> }
	no_shadow
}
cylinder {
	<42.075897, 44.988777, 48.470238>,  <42.234173, 44.812897, 48.510414>, 0.100000
	pigment { color rgbt <1,0,0,0> }
	no_shadow
}
cylinder {
	<42.075897, 44.988777, 48.470238>,  <41.812103, 45.281914, 48.403275>, 0.100000
	pigment { color rgbt <1,0,0,0> }
	no_shadow
}

// particle -1
sphere {
	<42.075897, 44.988777, 48.470238> 0.100000
	pigment { color rgbt <1,0,0,0> }
	no_shadow
}
sphere {
	0, 1
	scale<0.080000,0.200000,0.300000>
	matrix <0.324857, 0.077016, -0.942622,
		0.677897, 0.676029, 0.288859,
		0.659487, -0.732839, 0.167404,
		42.273743, 44.768925, 48.520458>
	pigment { color rgbt <0,1,1,0> }
	no_shadow
}
cylinder {
	<42.469006, 45.501110, 48.106903>,  <41.812103, 45.281914, 48.403275>, 0.130000
	pigment { color rgbt <1,0,0,0> }
	no_shadow
}

// nucleotide -1

// particle -1
sphere {
	<42.469006, 45.501110, 48.106903> 0.250000
	pigment { color rgbt <1,0,0,0> }
	no_shadow
}
cylinder {
	<42.492569, 45.104126, 48.149891>,  <42.506706, 44.865936, 48.175686>, 0.100000
	pigment { color rgbt <1,0,0,0> }
	no_shadow
}
cylinder {
	<42.492569, 45.104126, 48.149891>,  <42.469006, 45.501110, 48.106903>, 0.100000
	pigment { color rgbt <1,0,0,0> }
	no_shadow
}

// particle -1
sphere {
	<42.492569, 45.104126, 48.149891> 0.100000
	pigment { color rgbt <1,0,0,0> }
	no_shadow
}
sphere {
	0, 1
	scale<0.080000,0.200000,0.300000>
	matrix <0.397216, -0.075465, -0.914617,
		0.915832, 0.096570, 0.389776,
		0.058910, -0.992461, 0.107472,
		42.510242, 44.806389, 48.182133>
	pigment { color rgbt <0,1,1,0> }
	no_shadow
}
cylinder {
	<43.096329, 45.296917, 47.768715>,  <42.469006, 45.501110, 48.106903>, 0.130000
	pigment { color rgbt <1,0,0,0> }
	no_shadow
}

// nucleotide -1

// particle -1
sphere {
	<43.096329, 45.296917, 47.768715> 0.250000
	pigment { color rgbt <1,0,0,0> }
	no_shadow
}
cylinder {
	<42.903061, 44.948330, 47.802391>,  <42.787102, 44.739178, 47.822598>, 0.100000
	pigment { color rgbt <1,0,0,0> }
	no_shadow
}
cylinder {
	<42.903061, 44.948330, 47.802391>,  <43.096329, 45.296917, 47.768715>, 0.100000
	pigment { color rgbt <1,0,0,0> }
	no_shadow
}

// particle -1
sphere {
	<42.903061, 44.948330, 47.802391> 0.100000
	pigment { color rgbt <1,0,0,0> }
	no_shadow
}
sphere {
	0, 1
	scale<0.080000,0.200000,0.300000>
	matrix <0.100045, -0.150490, -0.983536,
		0.869792, -0.466791, 0.159898,
		-0.483169, -0.871469, 0.084194,
		42.758110, 44.686890, 47.827648>
	pigment { color rgbt <0,1,1,0> }
	no_shadow
}
cylinder {
	<43.550018, 44.801121, 47.399216>,  <43.096329, 45.296917, 47.768715>, 0.130000
	pigment { color rgbt <1,0,0,0> }
	no_shadow
}

// nucleotide -1

// particle -1
sphere {
	<43.550018, 44.801121, 47.399216> 0.250000
	pigment { color rgbt <1,0,0,0> }
	no_shadow
}
cylinder {
	<43.173355, 44.666573, 47.403770>,  <42.947357, 44.585846, 47.406506>, 0.100000
	pigment { color rgbt <1,0,0,0> }
	no_shadow
}
cylinder {
	<43.173355, 44.666573, 47.403770>,  <43.550018, 44.801121, 47.399216>, 0.100000
	pigment { color rgbt <1,0,0,0> }
	no_shadow
}

// particle -1
sphere {
	<43.173355, 44.666573, 47.403770> 0.100000
	pigment { color rgbt <1,0,0,0> }
	no_shadow
}
sphere {
	0, 1
	scale<0.080000,0.200000,0.300000>
	matrix <0.027222, -0.109852, -0.993575,
		0.335458, -0.935301, 0.112601,
		-0.941661, -0.336368, 0.011390,
		42.890858, 44.565662, 47.407188>
	pigment { color rgbt <0,1,1,0> }
	no_shadow
}
cylinder {
	<43.528114, 44.314556, 46.906879>,  <43.550018, 44.801121, 47.399216>, 0.130000
	pigment { color rgbt <1,0,0,0> }
	no_shadow
}

// nucleotide -1

// particle -1
sphere {
	<43.528114, 44.314556, 46.906879> 0.250000
	pigment { color rgbt <1,0,0,0> }
	no_shadow
}
cylinder {
	<43.132957, 44.347443, 46.959518>,  <42.895863, 44.367176, 46.991100>, 0.100000
	pigment { color rgbt <1,0,0,0> }
	no_shadow
}
cylinder {
	<43.132957, 44.347443, 46.959518>,  <43.528114, 44.314556, 46.906879>, 0.100000
	pigment { color rgbt <1,0,0,0> }
	no_shadow
}

// particle -1
sphere {
	<43.132957, 44.347443, 46.959518> 0.100000
	pigment { color rgbt <1,0,0,0> }
	no_shadow
}
sphere {
	0, 1
	scale<0.080000,0.200000,0.300000>
	matrix <-0.146114, -0.207415, -0.967280,
		-0.052230, -0.974792, 0.216916,
		-0.987888, 0.082215, 0.131597,
		42.836590, 44.372108, 46.998997>
	pigment { color rgbt <0,1,1,0> }
	no_shadow
}
cylinder {
	<43.269680, 43.763420, 46.649784>,  <43.528114, 44.314556, 46.906879>, 0.130000
	pigment { color rgbt <1,0,0,0> }
	no_shadow
}

// nucleotide -1

// particle -1
sphere {
	<43.269680, 43.763420, 46.649784> 0.250000
	pigment { color rgbt <1,0,0,0> }
	no_shadow
}
cylinder {
	<42.981087, 44.038174, 46.614788>,  <42.807930, 44.203026, 46.593788>, 0.100000
	pigment { color rgbt <1,0,0,0> }
	no_shadow
}
cylinder {
	<42.981087, 44.038174, 46.614788>,  <43.269680, 43.763420, 46.649784>, 0.100000
	pigment { color rgbt <1,0,0,0> }
	no_shadow
}

// particle -1
sphere {
	<42.981087, 44.038174, 46.614788> 0.100000
	pigment { color rgbt <1,0,0,0> }
	no_shadow
}
sphere {
	0, 1
	scale<0.080000,0.200000,0.300000>
	matrix <-0.101988, -0.230394, -0.967738,
		-0.684879, -0.689284, 0.236279,
		-0.721484, 0.686881, -0.087493,
		42.764641, 44.244240, 46.588539>
	pigment { color rgbt <0,1,1,0> }
	no_shadow
}
cylinder {
	<42.779648, 43.528549, 46.092487>,  <43.269680, 43.763420, 46.649784>, 0.130000
	pigment { color rgbt <1,0,0,0> }
	no_shadow
}

// nucleotide -1

// particle -1
sphere {
	<42.779648, 43.528549, 46.092487> 0.250000
	pigment { color rgbt <1,0,0,0> }
	no_shadow
}
cylinder {
	<42.657616, 43.904491, 46.153927>,  <42.584396, 44.130058, 46.190792>, 0.100000
	pigment { color rgbt <1,0,0,0> }
	no_shadow
}
cylinder {
	<42.657616, 43.904491, 46.153927>,  <42.779648, 43.528549, 46.092487>, 0.100000
	pigment { color rgbt <1,0,0,0> }
	no_shadow
}

// particle -1
sphere {
	<42.657616, 43.904491, 46.153927> 0.100000
	pigment { color rgbt <1,0,0,0> }
	no_shadow
}
sphere {
	0, 1
	scale<0.080000,0.200000,0.300000>
	matrix <-0.230783, 0.083519, -0.969414,
		-0.923940, -0.331197, 0.191424,
		-0.305079, 0.939858, 0.153601,
		42.566093, 44.186447, 46.200008>
	pigment { color rgbt <0,1,1,0> }
	no_shadow
}
cylinder {
	<42.150627, 43.557564, 45.800903>,  <42.779648, 43.528549, 46.092487>, 0.130000
	pigment { color rgbt <1,0,0,0> }
	no_shadow
}

// nucleotide -1

// particle -1
sphere {
	<42.150627, 43.557564, 45.800903> 0.250000
	pigment { color rgbt <1,0,0,0> }
	no_shadow
}
cylinder {
	<42.284134, 43.934280, 45.817078>,  <42.364239, 44.160309, 45.826782>, 0.100000
	pigment { color rgbt <1,0,0,0> }
	no_shadow
}
cylinder {
	<42.284134, 43.934280, 45.817078>,  <42.150627, 43.557564, 45.800903>, 0.100000
	pigment { color rgbt <1,0,0,0> }
	no_shadow
}

// particle -1
sphere {
	<42.284134, 43.934280, 45.817078> 0.100000
	pigment { color rgbt <1,0,0,0> }
	no_shadow
}
sphere {
	0, 1
	scale<0.080000,0.200000,0.300000>
	matrix <-0.221513, 0.120052, -0.967740,
		-0.916259, 0.314046, 0.248687,
		0.333770, 0.941787, 0.040433,
		42.384266, 44.216816, 45.829208>
	pigment { color rgbt <0,1,1,0> }
	no_shadow
}
cylinder {
	<41.667866, 43.944454, 45.586224>,  <42.150627, 43.557564, 45.800903>, 0.130000
	pigment { color rgbt <1,0,0,0> }
	no_shadow
}

// nucleotide -1

// particle -1
sphere {
	<41.667866, 43.944454, 45.586224> 0.250000
	pigment { color rgbt <1,0,0,0> }
	no_shadow
}
cylinder {
	<41.961288, 44.211750, 45.536648>,  <42.137341, 44.372128, 45.506901>, 0.100000
	pigment { color rgbt <1,0,0,0> }
	no_shadow
}
cylinder {
	<41.961288, 44.211750, 45.536648>,  <41.667866, 43.944454, 45.586224>, 0.100000
	pigment { color rgbt <1,0,0,0> }
	no_shadow
}

// particle -1
sphere {
	<41.961288, 44.211750, 45.536648> 0.100000
	pigment { color rgbt <1,0,0,0> }
	no_shadow
}
sphere {
	0, 1
	scale<0.080000,0.200000,0.300000>
	matrix <-0.338177, 0.200703, -0.919432,
		-0.589523, 0.716365, 0.373209,
		0.733552, 0.668236, -0.123939,
		42.181355, 44.412220, 45.499466>
	pigment { color rgbt <0,1,1,0> }
	no_shadow
}
cylinder {
	<41.471260, 44.617653, 45.264385>,  <41.667866, 43.944454, 45.586224>, 0.130000
	pigment { color rgbt <1,0,0,0> }
	no_shadow
}

// nucleotide -1

// particle -1
sphere {
	<41.471260, 44.617653, 45.264385> 0.250000
	pigment { color rgbt <1,0,0,0> }
	no_shadow
}
cylinder {
	<41.857872, 44.634483, 45.163158>,  <42.089840, 44.644581, 45.102421>, 0.100000
	pigment { color rgbt <1,0,0,0> }
	no_shadow
}
cylinder {
	<41.857872, 44.634483, 45.163158>,  <41.471260, 44.617653, 45.264385>, 0.100000
	pigment { color rgbt <1,0,0,0> }
	no_shadow
}

// particle -1
sphere {
	<41.857872, 44.634483, 45.163158> 0.100000
	pigment { color rgbt <1,0,0,0> }
	no_shadow
}
sphere {
	0, 1
	scale<0.080000,0.200000,0.300000>
	matrix <-0.254988, 0.266099, -0.929609,
		0.028226, 0.963027, 0.267923,
		0.966532, 0.042078, -0.253071,
		42.147831, 44.647106, 45.087238>
	pigment { color rgbt <0,1,1,0> }
	no_shadow
}
cylinder {
	<41.476028, 45.228073, 44.867653>,  <41.471260, 44.617653, 45.264385>, 0.130000
	pigment { color rgbt <1,0,0,0> }
	no_shadow
}

// nucleotide -1

// particle -1
sphere {
	<41.476028, 45.228073, 44.867653> 0.250000
	pigment { color rgbt <1,0,0,0> }
	no_shadow
}
cylinder {
	<41.818565, 45.037685, 44.787521>,  <42.024086, 44.923450, 44.739441>, 0.100000
	pigment { color rgbt <1,0,0,0> }
	no_shadow
}
cylinder {
	<41.818565, 45.037685, 44.787521>,  <41.476028, 45.228073, 44.867653>, 0.100000
	pigment { color rgbt <1,0,0,0> }
	no_shadow
}

// particle -1
sphere {
	<41.818565, 45.037685, 44.787521> 0.100000
	pigment { color rgbt <1,0,0,0> }
	no_shadow
}
sphere {
	0, 1
	scale<0.080000,0.200000,0.300000>
	matrix <-0.178840, 0.090586, -0.979699,
		0.484457, 0.874782, -0.007550,
		0.856340, -0.475972, -0.200331,
		42.075466, 44.894894, 44.727421>
	pigment { color rgbt <0,1,1,0> }
	no_shadow
}
cylinder {
	<41.957249, 45.699661, 44.488556>,  <41.476028, 45.228073, 44.867653>, 0.130000
	pigment { color rgbt <1,0,0,0> }
	no_shadow
}

// nucleotide -1

// particle -1
sphere {
	<41.957249, 45.699661, 44.488556> 0.250000
	pigment { color rgbt <1,0,0,0> }
	no_shadow
}
cylinder {
	<42.062386, 45.322083, 44.408669>,  <42.125465, 45.095535, 44.360737>, 0.100000
	pigment { color rgbt <1,0,0,0> }
	no_shadow
}
cylinder {
	<42.062386, 45.322083, 44.408669>,  <41.957249, 45.699661, 44.488556>, 0.100000
	pigment { color rgbt <1,0,0,0> }
	no_shadow
}

// particle -1
sphere {
	<42.062386, 45.322083, 44.408669> 0.100000
	pigment { color rgbt <1,0,0,0> }
	no_shadow
}
sphere {
	0, 1
	scale<0.080000,0.200000,0.300000>
	matrix <0.051924, 0.220533, -0.973996,
		0.963441, 0.245634, 0.106978,
		0.262839, -0.943943, -0.199717,
		42.141235, 45.038898, 44.348755>
	pigment { color rgbt <0,1,1,0> }
	no_shadow
}
cylinder {
	<42.548409, 45.780022, 44.081570>,  <41.957249, 45.699661, 44.488556>, 0.130000
	pigment { color rgbt <1,0,0,0> }
	no_shadow
}

// nucleotide -1

// particle -1
sphere {
	<42.548409, 45.780022, 44.081570> 0.250000
	pigment { color rgbt <1,0,0,0> }
	no_shadow
}
cylinder {
	<42.394966, 45.418034, 44.007942>,  <42.302902, 45.200840, 43.963768>, 0.100000
	pigment { color rgbt <1,0,0,0> }
	no_shadow
}
cylinder {
	<42.394966, 45.418034, 44.007942>,  <42.548409, 45.780022, 44.081570>, 0.100000
	pigment { color rgbt <1,0,0,0> }
	no_shadow
}

// particle -1
sphere {
	<42.394966, 45.418034, 44.007942> 0.100000
	pigment { color rgbt <1,0,0,0> }
	no_shadow
}
sphere {
	0, 1
	scale<0.080000,0.200000,0.300000>
	matrix <0.064338, 0.172641, -0.982881,
		0.921254, -0.388879, -0.008002,
		-0.383603, -0.904968, -0.184066,
		42.279884, 45.146542, 43.952721>
	pigment { color rgbt <0,1,1,0> }
	no_shadow
}
cylinder {
	<42.993599, 45.470284, 43.549126>,  <42.548409, 45.780022, 44.081570>, 0.130000
	pigment { color rgbt <1,0,0,0> }
	no_shadow
}

// nucleotide -1

// particle -1
sphere {
	<42.993599, 45.470284, 43.549126> 0.250000
	pigment { color rgbt <1,0,0,0> }
	no_shadow
}
cylinder {
	<42.618950, 45.330166, 43.547199>,  <42.394161, 45.246094, 43.546043>, 0.100000
	pigment { color rgbt <1,0,0,0> }
	no_shadow
}
cylinder {
	<42.618950, 45.330166, 43.547199>,  <42.993599, 45.470284, 43.549126>, 0.100000
	pigment { color rgbt <1,0,0,0> }
	no_shadow
}

// particle -1
sphere {
	<42.618950, 45.330166, 43.547199> 0.100000
	pigment { color rgbt <1,0,0,0> }
	no_shadow
}
sphere {
	0, 1
	scale<0.080000,0.200000,0.300000>
	matrix <-0.042767, 0.127974, -0.990855,
		0.347711, -0.927854, -0.134845,
		-0.936626, -0.350298, -0.004817,
		42.337963, 45.225075, 43.545753>
	pigment { color rgbt <0,1,1,0> }
	no_shadow
}
cylinder {
	<42.931877, 45.140785, 42.896152>,  <42.993599, 45.470284, 43.549126>, 0.130000
	pigment { color rgbt <1,0,0,0> }
	no_shadow
}

// nucleotide -1

// particle -1
sphere {
	<42.931877, 45.140785, 42.896152> 0.250000
	pigment { color rgbt <1,0,0,0> }
	no_shadow
}
cylinder {
	<42.548058, 45.106716, 43.003498>,  <42.317768, 45.086277, 43.067905>, 0.100000
	pigment { color rgbt <1,0,0,0> }
	no_shadow
}
cylinder {
	<42.548058, 45.106716, 43.003498>,  <42.931877, 45.140785, 42.896152>, 0.100000
	pigment { color rgbt <1,0,0,0> }
	no_shadow
}

// particle -1
sphere {
	<42.548058, 45.106716, 43.003498> 0.100000
	pigment { color rgbt <1,0,0,0> }
	no_shadow
}
sphere {
	0, 1
	scale<0.080000,0.200000,0.300000>
	matrix <-0.271129, 0.022589, -0.962278,
		0.075904, -0.996109, -0.044770,
		-0.959546, -0.085180, 0.268360,
		42.260193, 45.081165, 43.084007>
	pigment { color rgbt <0,1,1,0> }
	no_shadow
}
cylinder {
	<42.547222, 44.620426, 42.407925>,  <42.931877, 45.140785, 42.896152>, 0.130000
	pigment { color rgbt <1,0,0,0> }
	no_shadow
}

// nucleotide -1

// particle -1
sphere {
	<42.547222, 44.620426, 42.407925> 0.250000
	pigment { color rgbt <1,0,0,0> }
	no_shadow
}
cylinder {
	<42.276848, 44.872826, 42.560215>,  <42.114624, 45.024265, 42.651588>, 0.100000
	pigment { color rgbt <1,0,0,0> }
	no_shadow
}
cylinder {
	<42.276848, 44.872826, 42.560215>,  <42.547222, 44.620426, 42.407925>, 0.100000
	pigment { color rgbt <1,0,0,0> }
	no_shadow
}

// particle -1
sphere {
	<42.276848, 44.872826, 42.560215> 0.100000
	pigment { color rgbt <1,0,0,0> }
	no_shadow
}
sphere {
	0, 1
	scale<0.080000,0.200000,0.300000>
	matrix <-0.276992, 0.261211, -0.924686,
		-0.682923, -0.730488, -0.001781,
		-0.675937, 0.630996, 0.380726,
		42.074066, 45.062126, 42.674435>
	pigment { color rgbt <0,1,1,0> }
	no_shadow
}
cylinder {
	<41.950153, 44.563957, 42.030148>,  <42.547222, 44.620426, 42.407925>, 0.130000
	pigment { color rgbt <1,0,0,0> }
	no_shadow
}

// nucleotide -1

// particle -1
sphere {
	<41.950153, 44.563957, 42.030148> 0.250000
	pigment { color rgbt <1,0,0,0> }
	no_shadow
}
cylinder {
	<41.911194, 44.930534, 42.185398>,  <41.887817, 45.150482, 42.278549>, 0.100000
	pigment { color rgbt <1,0,0,0> }
	no_shadow
}
cylinder {
	<41.911194, 44.930534, 42.185398>,  <41.950153, 44.563957, 42.030148>, 0.100000
	pigment { color rgbt <1,0,0,0> }
	no_shadow
}

// particle -1
sphere {
	<41.911194, 44.930534, 42.185398> 0.100000
	pigment { color rgbt <1,0,0,0> }
	no_shadow
}
sphere {
	0, 1
	scale<0.080000,0.200000,0.300000>
	matrix <-0.199001, 0.364170, -0.909823,
		-0.975147, -0.165854, 0.146903,
		-0.097401, 0.916446, 0.388125,
		41.881973, 45.205467, 42.301834>
	pigment { color rgbt <0,1,1,0> }
	no_shadow
}
cylinder {
	<41.367264, 44.670742, 41.819210>,  <41.950153, 44.563957, 42.030148>, 0.130000
	pigment { color rgbt <1,0,0,0> }
	no_shadow
}

// nucleotide -1

// particle -1
sphere {
	<41.367264, 44.670742, 41.819210> 0.250000
	pigment { color rgbt <1,0,0,0> }
	no_shadow
}
cylinder {
	<41.505936, 45.033951, 41.913284>,  <41.589138, 45.251877, 41.969730>, 0.100000
	pigment { color rgbt <1,0,0,0> }
	no_shadow
}
cylinder {
	<41.505936, 45.033951, 41.913284>,  <41.367264, 44.670742, 41.819210>, 0.100000
	pigment { color rgbt <1,0,0,0> }
	no_shadow
}

// particle -1
sphere {
	<41.505936, 45.033951, 41.913284> 0.100000
	pigment { color rgbt <1,0,0,0> }
	no_shadow
}
sphere {
	0, 1
	scale<0.080000,0.200000,0.300000>
	matrix <-0.396691, 0.369144, -0.840458,
		-0.849971, 0.198070, 0.488177,
		0.346677, 0.908020, 0.235189,
		41.609940, 45.306358, 41.983841>
	pigment { color rgbt <0,1,1,0> }
	no_shadow
}
cylinder {
	<40.864098, 45.110500, 41.683685>,  <41.367264, 44.670742, 41.819210>, 0.130000
	pigment { color rgbt <1,0,0,0> }
	no_shadow
}

// nucleotide -1

// particle -1
sphere {
	<40.864098, 45.110500, 41.683685> 0.250000
	pigment { color rgbt <1,0,0,0> }
	no_shadow
}
cylinder {
	<41.168602, 45.369820, 41.678009>,  <41.351303, 45.525410, 41.674603>, 0.100000
	pigment { color rgbt <1,0,0,0> }
	no_shadow
}
cylinder {
	<41.168602, 45.369820, 41.678009>,  <40.864098, 45.110500, 41.683685>, 0.100000
	pigment { color rgbt <1,0,0,0> }
	no_shadow
}

// particle -1
sphere {
	<41.168602, 45.369820, 41.678009> 0.100000
	pigment { color rgbt <1,0,0,0> }
	no_shadow
}
sphere {
	0, 1
	scale<0.080000,0.200000,0.300000>
	matrix <-0.317152, 0.353149, -0.880171,
		-0.565600, 0.674536, 0.474445,
		0.761257, 0.648295, -0.014190,
		41.396980, 45.564308, 41.673752>
	pigment { color rgbt <0,1,1,0> }
	no_shadow
}
cylinder {
	<40.579556, 45.872883, 41.673847>,  <40.864098, 45.110500, 41.683685>, 0.130000
	pigment { color rgbt <1,0,0,0> }
	no_shadow
}

// nucleotide -1

// particle -1
sphere {
	<40.579556, 45.872883, 41.673847> 0.250000
	pigment { color rgbt <1,0,0,0> }
	no_shadow
}
cylinder {
	<40.954102, 45.862133, 41.533848>,  <41.178829, 45.855682, 41.449848>, 0.100000
	pigment { color rgbt <1,0,0,0> }
	no_shadow
}
cylinder {
	<40.954102, 45.862133, 41.533848>,  <40.579556, 45.872883, 41.673847>, 0.100000
	pigment { color rgbt <1,0,0,0> }
	no_shadow
}

// particle -1
sphere {
	<40.954102, 45.862133, 41.533848> 0.100000
	pigment { color rgbt <1,0,0,0> }
	no_shadow
}
sphere {
	0, 1
	scale<0.080000,0.200000,0.300000>
	matrix <-0.324230, 0.315852, -0.891691,
		0.134514, 0.948427, 0.287039,
		0.936366, -0.026878, -0.349995,
		41.235012, 45.854069, 41.428848>
	pigment { color rgbt <0,1,1,0> }
	no_shadow
}
cylinder {
	<40.514797, 46.222237, 41.053982>,  <40.579556, 45.872883, 41.673847>, 0.130000
	pigment { color rgbt <1,0,0,0> }
	no_shadow
}

// nucleotide -1

// particle -1
sphere {
	<40.514797, 46.222237, 41.053982> 0.250000
	pigment { color rgbt <1,0,0,0> }
	no_shadow
}
cylinder {
	<40.893967, 46.102844, 41.009533>,  <41.121468, 46.031208, 40.982864>, 0.100000
	pigment { color rgbt <1,0,0,0> }
	no_shadow
}
cylinder {
	<40.893967, 46.102844, 41.009533>,  <40.514797, 46.222237, 41.053982>, 0.100000
	pigment { color rgbt <1,0,0,0> }
	no_shadow
}

// particle -1
sphere {
	<40.893967, 46.102844, 41.009533> 0.100000
	pigment { color rgbt <1,0,0,0> }
	no_shadow
}
sphere {
	0, 1
	scale<0.080000,0.200000,0.300000>
	matrix <-0.111809, 0.014843, -0.993619,
		0.298225, 0.954301, -0.019303,
