// switches for output
#declare DRAW_BASES = 1; // possible values are 0, 1; only relevant for DNA ribbons
#declare DRAW_BASES_TYPE = 3; // possible values are 1, 2, 3; only relevant for DNA ribbons
#declare DRAW_FOG = 0; // set to 1 to enable fog

#include "colors.inc"

#include "transforms.inc"
background { rgb <1, 1, 1>}

#default {
   normal{
       ripples 0.25
       frequency 0.20
       turbulence 0.2
       lambda 5
   }
	finish {
		phong 0.1
		phong_size 40.
	}
}

// original window dimensions: 1024x640


// camera settings

camera {
	sky <-0, 1, 0>
	up <-0, 1, 0>
	right 1.6 * <1, 0, 0>
	location <44.88, 44.88, 200.277>
	look_at <44.88, 44.88, 44.88>
	direction <0, 0, -155.397>
	angle 67.0682
}


# declare cpy_camera_pos = <44.88, 44.88, 200.277>;
# if (DRAW_FOG = 1)
fog {
	fog_type 2
	up vnormalize(cpy_camera_pos)
	color rgbt<1,1,1,0.3>
	distance 1e-5
	fog_alt 3e-3
	fog_offset 71.808
}
# end


// LIGHTS

# declare lum = 6;
global_settings {
	ambient_light rgb lum * <0.05, 0.05, 0.05>
	max_trace_level 15
}# declare cpy_direct_light_amount = 0.25;
light_source
{	1000 * <-1, -1, 1>,
	rgb lum * cpy_direct_light_amount
	parallel
}

light_source
{	1000 * <1, 1, -1>,
	rgb lum * cpy_direct_light_amount
	parallel
}

// strand 0

// nucleotide -1

// particle -1
sphere {
	<40.608959, 45.415749, 57.617397> 0.250000
	pigment { color rgbt <1,0,0,0> }
	no_shadow
}
cylinder {
	<40.944656, 45.631023, 57.586342>,  <41.146076, 45.760189, 57.567707>, 0.100000
	pigment { color rgbt <1,0,0,0> }
	no_shadow
}
cylinder {
	<40.944656, 45.631023, 57.586342>,  <40.608959, 45.415749, 57.617397>, 0.100000
	pigment { color rgbt <1,0,0,0> }
	no_shadow
}

// particle -1
sphere {
	<40.944656, 45.631023, 57.586342> 0.100000
	pigment { color rgbt <1,0,0,0> }
	no_shadow
}
sphere {
	0, 1
	scale<0.080000,0.200000,0.300000>
	matrix <-0.145831, 0.085213, -0.985633,
		-0.523836, 0.838509, 0.149999,
		0.839243, 0.538184, -0.077642,
		41.196430, 45.792480, 57.563049>
	pigment { color rgbt <0,1,1,0> }
	no_shadow
}
cylinder {
	<40.428013, 46.033901, 57.161716>,  <40.608959, 45.415749, 57.617397>, 0.130000
	pigment { color rgbt <1,0,0,0> }
	no_shadow
}

// nucleotide -1

// particle -1
sphere {
	<40.428013, 46.033901, 57.161716> 0.250000
	pigment { color rgbt <1,0,0,0> }
	no_shadow
}
cylinder {
	<40.817558, 45.947876, 57.132473>,  <41.051285, 45.896259, 57.114925>, 0.100000
	pigment { color rgbt <1,0,0,0> }
	no_shadow
}
cylinder {
	<40.817558, 45.947876, 57.132473>,  <40.428013, 46.033901, 57.161716>, 0.100000
	pigment { color rgbt <1,0,0,0> }
	no_shadow
}

// particle -1
sphere {
	<40.817558, 45.947876, 57.132473> 0.100000
	pigment { color rgbt <1,0,0,0> }
	no_shadow
}
sphere {
	0, 1
	scale<0.080000,0.200000,0.300000>
	matrix <-0.063081, 0.053132, -0.996593,
		0.218219, 0.975153, 0.038177,
		0.973859, -0.215067, -0.073108,
		41.109715, 45.883354, 57.110542>
	pigment { color rgbt <0,1,1,0> }
	no_shadow
}
cylinder {
	<40.719940, 46.617325, 56.766617>,  <40.428013, 46.033901, 57.161716>, 0.130000
	pigment { color rgbt <1,0,0,0> }
	no_shadow
}

// nucleotide -1

// particle -1
sphere {
	<40.719940, 46.617325, 56.766617> 0.250000
	pigment { color rgbt <1,0,0,0> }
	no_shadow
}
cylinder {
	<41.004547, 46.338608, 56.730339>,  <41.175312, 46.171375, 56.708572>, 0.100000
	pigment { color rgbt <1,0,0,0> }
	no_shadow
}
cylinder {
	<41.004547, 46.338608, 56.730339>,  <40.719940, 46.617325, 56.766617>, 0.100000
	pigment { color rgbt <1,0,0,0> }
	no_shadow
}

// particle -1
sphere {
	<41.004547, 46.338608, 56.730339> 0.100000
	pigment { color rgbt <1,0,0,0> }
	no_shadow
}
sphere {
	0, 1
	scale<0.080000,0.200000,0.300000>
	matrix <0.017793, 0.146896, -0.988992,
		0.702448, 0.702066, 0.116916,
		0.711513, -0.696796, -0.090694,
		41.218002, 46.129570, 56.703129>
	pigment { color rgbt <0,1,1,0> }
	no_shadow
}
cylinder {
	<41.252934, 46.847153, 56.397469>,  <40.719940, 46.617325, 56.766617>, 0.130000
	pigment { color rgbt <1,0,0,0> }
	no_shadow
}

// nucleotide -1

// particle -1
sphere {
	<41.252934, 46.847153, 56.397469> 0.250000
	pigment { color rgbt <1,0,0,0> }
	no_shadow
}
cylinder {
	<41.316460, 46.456108, 56.342262>,  <41.354576, 46.221481, 56.309139>, 0.100000
	pigment { color rgbt <1,0,0,0> }
	no_shadow
}
cylinder {
	<41.316460, 46.456108, 56.342262>,  <41.252934, 46.847153, 56.397469>, 0.100000
	pigment { color rgbt <1,0,0,0> }
	no_shadow
}

// particle -1
sphere {
	<41.316460, 46.456108, 56.342262> 0.100000
	pigment { color rgbt <1,0,0,0> }
	no_shadow
}
sphere {
	0, 1
	scale<0.080000,0.200000,0.300000>
	matrix <0.136778, 0.160232, -0.977557,
		0.977788, 0.136374, 0.159164,
		0.158817, -0.977613, -0.138020,
		41.364105, 46.162823, 56.300858>
	pigment { color rgbt <0,1,1,0> }
	no_shadow
}
cylinder {
	<41.710037, 46.801605, 55.769611>,  <41.252934, 46.847153, 56.397469>, 0.130000
	pigment { color rgbt <1,0,0,0> }
	no_shadow
}

// nucleotide -1

// particle -1
sphere {
	<41.710037, 46.801605, 55.769611> 0.250000
	pigment { color rgbt <1,0,0,0> }
	no_shadow
}
cylinder {
	<41.587379, 46.423134, 55.811020>,  <41.513786, 46.196053, 55.835865>, 0.100000
	pigment { color rgbt <1,0,0,0> }
	no_shadow
}
cylinder {
	<41.587379, 46.423134, 55.811020>,  <41.710037, 46.801605, 55.769611>, 0.100000
	pigment { color rgbt <1,0,0,0> }
	no_shadow
}

// particle -1
sphere {
	<41.587379, 46.423134, 55.811020> 0.100000
	pigment { color rgbt <1,0,0,0> }
	no_shadow
}
sphere {
	0, 1
	scale<0.080000,0.200000,0.300000>
	matrix <0.231177, -0.179537, -0.956203,
		0.923323, -0.269283, 0.273789,
		-0.306645, -0.946178, 0.103519,
		41.495384, 46.139282, 55.842075>
	pigment { color rgbt <0,1,1,0> }
	no_shadow
}
cylinder {
	<42.166275, 46.470581, 55.366371>,  <41.710037, 46.801605, 55.769611>, 0.130000
	pigment { color rgbt <1,0,0,0> }
	no_shadow
}

// nucleotide -1

// particle -1
sphere {
	<42.166275, 46.470581, 55.366371> 0.250000
	pigment { color rgbt <1,0,0,0> }
	no_shadow
}
cylinder {
	<41.861549, 46.214539, 55.406178>,  <41.678715, 46.060913, 55.430061>, 0.100000
	pigment { color rgbt <1,0,0,0> }
	no_shadow
}
cylinder {
	<41.861549, 46.214539, 55.406178>,  <42.166275, 46.470581, 55.366371>, 0.100000
	pigment { color rgbt <1,0,0,0> }
	no_shadow
}

// particle -1
sphere {
	<41.861549, 46.214539, 55.406178> 0.100000
	pigment { color rgbt <1,0,0,0> }
	no_shadow
}
sphere {
	0, 1
	scale<0.080000,0.200000,0.300000>
	matrix <0.211317, -0.390788, -0.895896,
		0.612356, -0.661479, 0.432973,
		-0.761817, -0.640102, 0.099519,
		41.633003, 46.022507, 55.436035>
	pigment { color rgbt <0,1,1,0> }
	no_shadow
}
cylinder {
	<42.474396, 45.874352, 55.194839>,  <42.166275, 46.470581, 55.366371>, 0.130000
	pigment { color rgbt <1,0,0,0> }
	no_shadow
}

// nucleotide -1

// particle -1
sphere {
	<42.474396, 45.874352, 55.194839> 0.250000
	pigment { color rgbt <1,0,0,0> }
	no_shadow
}
cylinder {
	<42.079308, 45.830376, 55.150452>,  <41.842255, 45.803989, 55.123817>, 0.100000
	pigment { color rgbt <1,0,0,0> }
	no_shadow
}
cylinder {
	<42.079308, 45.830376, 55.150452>,  <42.474396, 45.874352, 55.194839>, 0.100000
	pigment { color rgbt <1,0,0,0> }
	no_shadow
}

// particle -1
sphere {
	<42.079308, 45.830376, 55.150452> 0.100000
	pigment { color rgbt <1,0,0,0> }
	no_shadow
}
sphere {
	0, 1
	scale<0.080000,0.200000,0.300000>
	matrix <0.138611, -0.289284, -0.947154,
		0.072024, -0.950909, 0.300972,
		-0.987724, -0.109936, -0.110971,
		41.782990, 45.797394, 55.117161>
	pigment { color rgbt <0,1,1,0> }
	no_shadow
}
cylinder {
	<42.461426, 45.231293, 54.923149>,  <42.474396, 45.874352, 55.194839>, 0.130000
	pigment { color rgbt <1,0,0,0> }
	no_shadow
}

// nucleotide -1

// particle -1
sphere {
	<42.461426, 45.231293, 54.923149> 0.250000
	pigment { color rgbt <1,0,0,0> }
	no_shadow
}
cylinder {
	<42.106400, 45.391853, 54.832718>,  <41.893383, 45.488190, 54.778458>, 0.100000
	pigment { color rgbt <1,0,0,0> }
	no_shadow
}
cylinder {
	<42.106400, 45.391853, 54.832718>,  <42.461426, 45.231293, 54.923149>, 0.100000
	pigment { color rgbt <1,0,0,0> }
	no_shadow
}

// particle -1
sphere {
	<42.106400, 45.391853, 54.832718> 0.100000
	pigment { color rgbt <1,0,0,0> }
	no_shadow
}
sphere {
	0, 1
	scale<0.080000,0.200000,0.300000>
	matrix <0.049435, -0.404925, -0.913012,
		-0.458030, -0.821530, 0.339553,
		-0.887561, 0.401401, -0.226080,
		41.840130, 45.512272, 54.764893>
	pigment { color rgbt <0,1,1,0> }
	no_shadow
}
cylinder {
	<42.082687, 44.737526, 54.562435>,  <42.461426, 45.231293, 54.923149>, 0.130000
	pigment { color rgbt <1,0,0,0> }
	no_shadow
}

// nucleotide -1

// particle -1
sphere {
	<42.082687, 44.737526, 54.562435> 0.250000
	pigment { color rgbt <1,0,0,0> }
	no_shadow
}
cylinder {
	<41.890854, 45.070988, 54.452873>,  <41.775753, 45.271065, 54.387138>, 0.100000
	pigment { color rgbt <1,0,0,0> }
	no_shadow
}
cylinder {
	<41.890854, 45.070988, 54.452873>,  <42.082687, 44.737526, 54.562435>, 0.100000
	pigment { color rgbt <1,0,0,0> }
	no_shadow
}

// particle -1
sphere {
	<41.890854, 45.070988, 54.452873> 0.100000
	pigment { color rgbt <1,0,0,0> }
	no_shadow
}
sphere {
	0, 1
	scale<0.080000,0.200000,0.300000>
	matrix <-0.036664, -0.330904, -0.942952,
		-0.876731, -0.442180, 0.189260,
		-0.479582, 0.833654, -0.273901,
		41.746979, 45.321083, 54.370705>
	pigment { color rgbt <0,1,1,0> }
	no_shadow
}
cylinder {
	<41.535820, 44.485558, 54.150902>,  <42.082687, 44.737526, 54.562435>, 0.130000
	pigment { color rgbt <1,0,0,0> }
	no_shadow
}

// nucleotide -1

// particle -1
sphere {
	<41.535820, 44.485558, 54.150902> 0.250000
	pigment { color rgbt <1,0,0,0> }
	no_shadow
}
cylinder {
	<41.570999, 44.874714, 54.065342>,  <41.592106, 45.108208, 54.014008>, 0.100000
	pigment { color rgbt <1,0,0,0> }
	no_shadow
}
cylinder {
	<41.570999, 44.874714, 54.065342>,  <41.535820, 44.485558, 54.150902>, 0.100000
	pigment { color rgbt <1,0,0,0> }
	no_shadow
}

// particle -1
sphere {
	<41.570999, 44.874714, 54.065342> 0.100000
	pigment { color rgbt <1,0,0,0> }
	no_shadow
}
sphere {
	0, 1
	scale<0.080000,0.200000,0.300000>
	matrix <-0.016431, -0.213286, -0.976852,
		-0.995990, 0.089426, -0.002772,
		0.087947, 0.972889, -0.213900,
		41.597382, 45.166580, 54.001171>
	pigment { color rgbt <0,1,1,0> }
	no_shadow
}
cylinder {
	<41.034115, 44.649536, 53.567947>,  <41.535820, 44.485558, 54.150902>, 0.130000
	pigment { color rgbt <1,0,0,0> }
	no_shadow
}

// nucleotide -1

// particle -1
sphere {
	<41.034115, 44.649536, 53.567947> 0.250000
	pigment { color rgbt <1,0,0,0> }
	no_shadow
}
cylinder {
	<41.334213, 44.912994, 53.590965>,  <41.514271, 45.071072, 53.604774>, 0.100000
	pigment { color rgbt <1,0,0,0> }
	no_shadow
}
cylinder {
	<41.334213, 44.912994, 53.590965>,  <41.034115, 44.649536, 53.567947>, 0.100000
	pigment { color rgbt <1,0,0,0> }
	no_shadow
}

// particle -1
sphere {
	<41.334213, 44.912994, 53.590965> 0.100000
	pigment { color rgbt <1,0,0,0> }
	no_shadow
}
sphere {
	0, 1
	scale<0.080000,0.200000,0.300000>
	matrix <0.061778, 0.016814, -0.997948,
		-0.658265, 0.752262, -0.028075,
		0.750247, 0.658649, 0.057541,
		41.559288, 45.110588, 53.608227>
	pigment { color rgbt <0,1,1,0> }
	no_shadow
}
cylinder {
	<40.786327, 45.151962, 53.104515>,  <41.034115, 44.649536, 53.567947>, 0.130000
	pigment { color rgbt <1,0,0,0> }
	no_shadow
}

// nucleotide -1

// particle -1
sphere {
	<40.786327, 45.151962, 53.104515> 0.250000
	pigment { color rgbt <1,0,0,0> }
	no_shadow
}
cylinder {
	<41.179398, 45.198975, 53.161842>,  <41.415237, 45.227180, 53.196239>, 0.100000
	pigment { color rgbt <1,0,0,0> }
	no_shadow
}
cylinder {
	<41.179398, 45.198975, 53.161842>,  <40.786327, 45.151962, 53.104515>, 0.100000
	pigment { color rgbt <1,0,0,0> }
	no_shadow
}

// particle -1
sphere {
	<41.179398, 45.198975, 53.161842> 0.100000
	pigment { color rgbt <1,0,0,0> }
	no_shadow
}
sphere {
	0, 1
	scale<0.080000,0.200000,0.300000>
	matrix <0.121528, 0.175271, -0.976991,
		-0.139946, 0.977480, 0.157951,
		0.982673, 0.117530, 0.143319,
		41.474201, 45.234234, 53.204838>
	pigment { color rgbt <0,1,1,0> }
	no_shadow
}
cylinder {
	<40.849701, 45.739361, 52.701405>,  <40.786327, 45.151962, 53.104515>, 0.130000
	pigment { color rgbt <1,0,0,0> }
	no_shadow
}

// nucleotide -1

// particle -1
sphere {
	<40.849701, 45.739361, 52.701405> 0.250000
	pigment { color rgbt <1,0,0,0> }
	no_shadow
}
cylinder {
	<41.214020, 45.581867, 52.751076>,  <41.432610, 45.487370, 52.780880>, 0.100000
	pigment { color rgbt <1,0,0,0> }
	no_shadow
}
cylinder {
	<41.214020, 45.581867, 52.751076>,  <40.849701, 45.739361, 52.701405>, 0.100000
	pigment { color rgbt <1,0,0,0> }
	no_shadow
}

// particle -1
sphere {
	<41.214020, 45.581867, 52.751076> 0.100000
	pigment { color rgbt <1,0,0,0> }
	no_shadow
}
sphere {
	0, 1
	scale<0.080000,0.200000,0.300000>
	matrix <0.175669, 0.097393, -0.979620,
		0.373620, 0.914048, 0.157873,
		0.910796, -0.393739, 0.124182,
		41.487259, 45.463745, 52.788330>
	pigment { color rgbt <0,1,1,0> }
	no_shadow
}
cylinder {
	<41.350937, 46.114269, 52.264309>,  <40.849701, 45.739361, 52.701405>, 0.130000
	pigment { color rgbt <1,0,0,0> }
	no_shadow
}

// nucleotide -1

// particle -1
sphere {
	<41.350937, 46.114269, 52.264309> 0.250000
	pigment { color rgbt <1,0,0,0> }
	no_shadow
}
cylinder {
	<41.519585, 45.760056, 52.342354>,  <41.620773, 45.547527, 52.389183>, 0.100000
	pigment { color rgbt <1,0,0,0> }
	no_shadow
}
cylinder {
	<41.519585, 45.760056, 52.342354>,  <41.350937, 46.114269, 52.264309>, 0.100000
	pigment { color rgbt <1,0,0,0> }
	no_shadow
}

// particle -1
sphere {
	<41.519585, 45.760056, 52.342354> 0.100000
	pigment { color rgbt <1,0,0,0> }
	no_shadow
}
sphere {
	0, 1
	scale<0.080000,0.200000,0.300000>
	matrix <0.249948, -0.093346, -0.963749,
		0.871643, 0.455107, 0.181980,
		0.421622, -0.885530, 0.195117,
		41.646072, 45.494396, 52.400890>
	pigment { color rgbt <0,1,1,0> }
	no_shadow
}
cylinder {
	<42.029881, 46.201473, 51.932224>,  <41.350937, 46.114269, 52.264309>, 0.130000
	pigment { color rgbt <1,0,0,0> }
	no_shadow
}

// nucleotide -1

// particle -1
sphere {
	<42.029881, 46.201473, 51.932224> 0.250000
	pigment { color rgbt <1,0,0,0> }
	no_shadow
}
cylinder {
	<41.953323, 45.812572, 51.986023>,  <41.907391, 45.579231, 52.018303>, 0.100000
	pigment { color rgbt <1,0,0,0> }
	no_shadow
}
cylinder {
	<41.953323, 45.812572, 51.986023>,  <42.029881, 46.201473, 51.932224>, 0.100000
	pigment { color rgbt <1,0,0,0> }
	no_shadow
}

// particle -1
sphere {
	<41.953323, 45.812572, 51.986023> 0.100000
	pigment { color rgbt <1,0,0,0> }
	no_shadow
}
sphere {
	0, 1
	scale<0.080000,0.200000,0.300000>
	matrix <0.515715, -0.216204, -0.829032,
		0.835110, -0.089305, 0.542785,
		-0.191389, -0.972255, 0.134498,
		41.895908, 45.520897, 52.026371>
	pigment { color rgbt <0,1,1,0> }
	no_shadow
}
cylinder {
	<42.703007, 45.892872, 51.838863>,  <42.029881, 46.201473, 51.932224>, 0.130000
	pigment { color rgbt <1,0,0,0> }
	no_shadow
}

// nucleotide -1

// particle -1
sphere {
	<42.703007, 45.892872, 51.838863> 0.250000
	pigment { color rgbt <1,0,0,0> }
	no_shadow
}
cylinder {
	<42.416969, 45.617638, 51.789593>,  <42.245346, 45.452496, 51.760029>, 0.100000
	pigment { color rgbt <1,0,0,0> }
	no_shadow
}
cylinder {
	<42.416969, 45.617638, 51.789593>,  <42.703007, 45.892872, 51.838863>, 0.100000
	pigment { color rgbt <1,0,0,0> }
	no_shadow
}

// particle -1
sphere {
	<42.416969, 45.617638, 51.789593> 0.100000
	pigment { color rgbt <1,0,0,0> }
	no_shadow
}
sphere {
	0, 1
	scale<0.080000,0.200000,0.300000>
	matrix <0.456058, -0.325697, -0.828211,
		0.529760, -0.648429, 0.546712,
		-0.715098, -0.688085, -0.123180,
		42.202438, 45.411213, 51.752640>
	pigment { color rgbt <0,1,1,0> }
	no_shadow
}
cylinder {
	<43.063004, 45.387066, 51.603188>,  <42.703007, 45.892872, 51.838863>, 0.130000
	pigment { color rgbt <1,0,0,0> }
	no_shadow
}

// nucleotide -1

// particle -1
sphere {
	<43.063004, 45.387066, 51.603188> 0.250000
	pigment { color rgbt <1,0,0,0> }
	no_shadow
}
cylinder {
	<42.690964, 45.290447, 51.492500>,  <42.467739, 45.232475, 51.426086>, 0.100000
	pigment { color rgbt <1,0,0,0> }
	no_shadow
}
cylinder {
	<42.690964, 45.290447, 51.492500>,  <43.063004, 45.387066, 51.603188>, 0.100000
	pigment { color rgbt <1,0,0,0> }
	no_shadow
}

// particle -1
sphere {
	<42.690964, 45.290447, 51.492500> 0.100000
	pigment { color rgbt <1,0,0,0> }
	no_shadow
}
sphere {
	0, 1
	scale<0.080000,0.200000,0.300000>
	matrix <0.355683, -0.404210, -0.842676,
		0.091697, -0.882195, 0.461870,
		-0.930097, -0.241550, -0.276717,
		42.411934, 45.217983, 51.409485>
	pigment { color rgbt <0,1,1,0> }
	no_shadow
}
cylinder {
	<43.134075, 44.659321, 51.551746>,  <43.063004, 45.387066, 51.603188>, 0.130000
	pigment { color rgbt <1,0,0,0> }
	no_shadow
}

// nucleotide -1

// particle -1
sphere {
	<43.134075, 44.659321, 51.551746> 0.250000
	pigment { color rgbt <1,0,0,0> }
	no_shadow
}
cylinder {
	<42.809952, 44.767212, 51.343655>,  <42.615479, 44.831947, 51.218800>, 0.100000
	pigment { color rgbt <1,0,0,0> }
	no_shadow
}
cylinder {
	<42.809952, 44.767212, 51.343655>,  <43.134075, 44.659321, 51.551746>, 0.100000
	pigment { color rgbt <1,0,0,0> }
	no_shadow
}

// particle -1
sphere {
	<42.809952, 44.767212, 51.343655> 0.100000
	pigment { color rgbt <1,0,0,0> }
	no_shadow
}
sphere {
	0, 1
	scale<0.080000,0.200000,0.300000>
	matrix <0.420071, -0.351618, -0.836604,
		-0.408575, -0.896446, 0.171618,
		-0.810313, 0.269724, -0.520233,
		42.566856, 44.848129, 51.187584>
	pigment { color rgbt <0,1,1,0> }
	no_shadow
}
cylinder {
	<42.910965, 44.101219, 51.182461>,  <43.134075, 44.659321, 51.551746>, 0.130000
	pigment { color rgbt <1,0,0,0> }
	no_shadow
}

// nucleotide -1

// particle -1
sphere {
	<42.910965, 44.101219, 51.182461> 0.250000
	pigment { color rgbt <1,0,0,0> }
	no_shadow
}
cylinder {
	<42.764206, 44.415138, 50.982666>,  <42.676151, 44.603489, 50.862789>, 0.100000
	pigment { color rgbt <1,0,0,0> }
	no_shadow
}
cylinder {
	<42.764206, 44.415138, 50.982666>,  <42.910965, 44.101219, 51.182461>, 0.100000
	pigment { color rgbt <1,0,0,0> }
	no_shadow
}

// particle -1
sphere {
	<42.764206, 44.415138, 50.982666> 0.100000
	pigment { color rgbt <1,0,0,0> }
	no_shadow
}
sphere {
	0, 1
	scale<0.080000,0.200000,0.300000>
	matrix <0.342982, -0.384980, -0.856827,
		-0.864723, -0.485685, -0.127920,
		-0.366902, 0.784793, -0.499483,
		42.654137, 44.650578, 50.832821>
	pigment { color rgbt <0,1,1,0> }
	no_shadow
}
cylinder {
	<42.587280, 43.818810, 50.510433>,  <42.910965, 44.101219, 51.182461>, 0.130000
	pigment { color rgbt <1,0,0,0> }
	no_shadow
}

// nucleotide -1

// particle -1
sphere {
	<42.587280, 43.818810, 50.510433> 0.250000
	pigment { color rgbt <1,0,0,0> }
	no_shadow
}
cylinder {
	<42.632858, 44.212349, 50.455223>,  <42.660206, 44.448475, 50.422096>, 0.100000
	pigment { color rgbt <1,0,0,0> }
	no_shadow
}
cylinder {
	<42.632858, 44.212349, 50.455223>,  <42.587280, 43.818810, 50.510433>, 0.100000
	pigment { color rgbt <1,0,0,0> }
	no_shadow
}

// particle -1
sphere {
	<42.632858, 44.212349, 50.455223> 0.100000
	pigment { color rgbt <1,0,0,0> }
	no_shadow
}
sphere {
	0, 1
	scale<0.080000,0.200000,0.300000>
	matrix <0.027799, -0.142032, -0.989472,
		-0.993098, 0.108905, -0.043534,
		0.113941, 0.983853, -0.138025,
		42.667042, 44.507504, 50.413815>
	pigment { color rgbt <0,1,1,0> }
	no_shadow
}
cylinder {
	<42.131065, 44.019020, 49.974419>,  <42.587280, 43.818810, 50.510433>, 0.130000
	pigment { color rgbt <1,0,0,0> }
	no_shadow
}

// nucleotide -1

// particle -1
sphere {
	<42.131065, 44.019020, 49.974419> 0.250000
	pigment { color rgbt <1,0,0,0> }
	no_shadow
}
cylinder {
	<42.425171, 44.289986, 49.983360>,  <42.601635, 44.452564, 49.988724>, 0.100000
	pigment { color rgbt <1,0,0,0> }
	no_shadow
}
cylinder {
	<42.425171, 44.289986, 49.983360>,  <42.131065, 44.019020, 49.974419>, 0.100000
	pigment { color rgbt <1,0,0,0> }
	no_shadow
}

// particle -1
sphere {
	<42.425171, 44.289986, 49.983360> 0.100000
	pigment { color rgbt <1,0,0,0> }
	no_shadow
}
sphere {
	0, 1
	scale<0.080000,0.200000,0.300000>
	matrix <0.037189, -0.007390, -0.999281,
		-0.676764, 0.735563, -0.030625,
		0.735260, 0.677416, 0.022354,
		42.645748, 44.493210, 49.990067>
	pigment { color rgbt <0,1,1,0> }
	no_shadow
}
cylinder {
	<41.939480, 44.450165, 49.422585>,  <42.131065, 44.019020, 49.974419>, 0.130000
	pigment { color rgbt <1,0,0,0> }
	no_shadow
}

// nucleotide -1

// particle -1
sphere {
	<41.939480, 44.450165, 49.422585> 0.250000
	pigment { color rgbt <1,0,0,0> }
	no_shadow
}
cylinder {
	<42.331795, 44.510441, 49.472153>,  <42.567184, 44.546608, 49.501892>, 0.100000
	pigment { color rgbt <1,0,0,0> }
	no_shadow
}
cylinder {
	<42.331795, 44.510441, 49.472153>,  <41.939480, 44.450165, 49.422585>, 0.100000
	pigment { color rgbt <1,0,0,0> }
	no_shadow
}

// particle -1
sphere {
	<42.331795, 44.510441, 49.472153> 0.100000
	pigment { color rgbt <1,0,0,0> }
	no_shadow
}
sphere {
	0, 1
	scale<0.080000,0.200000,0.300000>
	matrix <0.113046, 0.078742, -0.990465,
		-0.159014, 0.985440, 0.060194,
		0.980783, 0.150693, 0.123922,
		42.626030, 44.555649, 49.509331>
	pigment { color rgbt <0,1,1,0> }
	no_shadow
}
cylinder {
	<42.048283, 44.953369, 49.025074>,  <41.939480, 44.450165, 49.422585>, 0.130000
	pigment { color rgbt <1,0,0,0> }
	no_shadow
}

// nucleotide -1

// particle -1
sphere {
	<42.048283, 44.953369, 49.025074> 0.250000
	pigment { color rgbt <1,0,0,0> }
	no_shadow
}
cylinder {
	<42.408875, 44.786293, 49.070450>,  <42.625229, 44.686047, 49.097675>, 0.100000
	pigment { color rgbt <1,0,0,0> }
	no_shadow
}
cylinder {
	<42.408875, 44.786293, 49.070450>,  <42.048283, 44.953369, 49.025074>, 0.100000
	pigment { color rgbt <1,0,0,0> }
	no_shadow
}

// particle -1
sphere {
	<42.408875, 44.786293, 49.070450> 0.100000
	pigment { color rgbt <1,0,0,0> }
	no_shadow
}
sphere {
	0, 1
	scale<0.080000,0.200000,0.300000>
	matrix <0.122538, -0.005065, -0.992451,
		0.415109, 0.908576, 0.046616,
		0.901481, -0.417688, 0.113438,
		42.679317, 44.660988, 49.104481>
	pigment { color rgbt <0,1,1,0> }
	no_shadow
}
cylinder {
	<42.510628, 45.341087, 48.607613>,  <42.048283, 44.953369, 49.025074>, 0.130000
	pigment { color rgbt <1,0,0,0> }
	no_shadow
}

// nucleotide -1

// particle -1
sphere {
	<42.510628, 45.341087, 48.607613> 0.250000
	pigment { color rgbt <1,0,0,0> }
	no_shadow
}
cylinder {
	<42.740799, 45.020161, 48.671078>,  <42.878902, 44.827606, 48.709156>, 0.100000
	pigment { color rgbt <1,0,0,0> }
	no_shadow
}
cylinder {
	<42.740799, 45.020161, 48.671078>,  <42.510628, 45.341087, 48.607613>, 0.100000
	pigment { color rgbt <1,0,0,0> }
	no_shadow
}

// particle -1
sphere {
	<42.740799, 45.020161, 48.671078> 0.100000
	pigment { color rgbt <1,0,0,0> }
	no_shadow
}
sphere {
	0, 1
	scale<0.080000,0.200000,0.300000>
	matrix <0.391103, 0.099567, -0.914945,
		0.718274, 0.588542, 0.371080,
		0.575431, -0.802312, 0.158664,
		42.913429, 44.779469, 48.718678>
	pigment { color rgbt <0,1,1,0> }
	no_shadow
}
cylinder {
	<43.229923, 45.544338, 48.414787>,  <42.510628, 45.341087, 48.607613>, 0.130000
	pigment { color rgbt <1,0,0,0> }
	no_shadow
}

// nucleotide -1

// particle -1
sphere {
	<43.229923, 45.544338, 48.414787> 0.250000
	pigment { color rgbt <1,0,0,0> }
	no_shadow
}
cylinder {
	<43.238953, 45.144455, 48.411362>,  <43.244370, 44.904526, 48.409306>, 0.100000
	pigment { color rgbt <1,0,0,0> }
	no_shadow
}
cylinder {
	<43.238953, 45.144455, 48.411362>,  <43.229923, 45.544338, 48.414787>, 0.100000
	pigment { color rgbt <1,0,0,0> }
	no_shadow
}

// particle -1
sphere {
	<43.238953, 45.144455, 48.411362> 0.100000
	pigment { color rgbt <1,0,0,0> }
	no_shadow
}
sphere {
	0, 1
	scale<0.080000,0.200000,0.300000>
	matrix <0.562003, 0.019776, -0.826898,
		0.826827, 0.013852, 0.562286,
		0.022574, -0.999708, -0.008566,
		43.245724, 44.844543, 48.408791>
	pigment { color rgbt <0,1,1,0> }
	no_shadow
}
cylinder {
	<43.968964, 45.374805, 48.225094>,  <43.229923, 45.544338, 48.414787>, 0.130000
	pigment { color rgbt <1,0,0,0> }
	no_shadow
}

// nucleotide -1

// particle -1
sphere {
	<43.968964, 45.374805, 48.225094> 0.250000
	pigment { color rgbt <1,0,0,0> }
	no_shadow
}
cylinder {
	<43.739006, 45.053795, 48.161282>,  <43.601032, 44.861191, 48.122993>, 0.100000
	pigment { color rgbt <1,0,0,0> }
	no_shadow
}
cylinder {
	<43.739006, 45.053795, 48.161282>,  <43.968964, 45.374805, 48.225094>, 0.100000
	pigment { color rgbt <1,0,0,0> }
	no_shadow
}

// particle -1
sphere {
	<43.739006, 45.053795, 48.161282> 0.100000
	pigment { color rgbt <1,0,0,0> }
	no_shadow
}
sphere {
	0, 1
	scale<0.080000,0.200000,0.300000>
	matrix <0.397184, -0.103252, -0.911912,
		0.715359, -0.587618, 0.378109,
		-0.574896, -0.802524, -0.159530,
		43.566536, 44.813038, 48.113422>
	pigment { color rgbt <0,1,1,0> }
	no_shadow
}
cylinder {
	<44.451344, 44.825603, 47.923019>,  <43.968964, 45.374805, 48.225094>, 0.130000
	pigment { color rgbt <1,0,0,0> }
	no_shadow
}

// nucleotide -1

// particle -1
sphere {
	<44.451344, 44.825603, 47.923019> 0.250000
	pigment { color rgbt <1,0,0,0> }
	no_shadow
}
cylinder {
	<44.075005, 44.739571, 47.818291>,  <43.849201, 44.687950, 47.755455>, 0.100000
	pigment { color rgbt <1,0,0,0> }
	no_shadow
}
cylinder {
	<44.075005, 44.739571, 47.818291>,  <44.451344, 44.825603, 47.923019>, 0.100000
	pigment { color rgbt <1,0,0,0> }
	no_shadow
}

// particle -1
sphere {
	<44.075005, 44.739571, 47.818291> 0.100000
	pigment { color rgbt <1,0,0,0> }
	no_shadow
}
sphere {
	0, 1
	scale<0.080000,0.200000,0.300000>
	matrix <0.285672, -0.087979, -0.954280,
		0.182212, -0.972625, 0.144217,
		-0.940845, -0.215080, -0.261822,
		43.792751, 44.675045, 47.739746>
	pigment { color rgbt <0,1,1,0> }
	no_shadow
}
cylinder {
	<44.523663, 44.272053, 47.447502>,  <44.451344, 44.825603, 47.923019>, 0.130000
	pigment { color rgbt <1,0,0,0> }
	no_shadow
}

// nucleotide -1

// particle -1
sphere {
	<44.523663, 44.272053, 47.447502> 0.250000
	pigment { color rgbt <1,0,0,0> }
	no_shadow
}
cylinder {
	<44.147713, 44.389801, 47.378239>,  <43.922142, 44.460449, 47.336681>, 0.100000
	pigment { color rgbt <1,0,0,0> }
	no_shadow
}
cylinder {
	<44.147713, 44.389801, 47.378239>,  <44.523663, 44.272053, 47.447502>, 0.100000
	pigment { color rgbt <1,0,0,0> }
	no_shadow
}

// particle -1
sphere {
	<44.147713, 44.389801, 47.378239> 0.100000
	pigment { color rgbt <1,0,0,0> }
	no_shadow
}
sphere {
	0, 1
	scale<0.080000,0.200000,0.300000>
	matrix <0.085712, -0.287465, -0.953948,
		-0.330600, -0.911430, 0.244948,
		-0.939871, 0.294380, -0.173157,
		43.865749, 44.478115, 47.326294>
	pigment { color rgbt <0,1,1,0> }
	no_shadow
}
cylinder {
	<44.309772, 43.818977, 46.988701>,  <44.523663, 44.272053, 47.447502>, 0.130000
	pigment { color rgbt <1,0,0,0> }
	no_shadow
}

// nucleotide -1

// particle -1
sphere {
	<44.309772, 43.818977, 46.988701> 0.250000
	pigment { color rgbt <1,0,0,0> }
	no_shadow
}
cylinder {
	<44.072929, 44.140457, 46.965134>,  <43.930824, 44.333344, 46.950993>, 0.100000
	pigment { color rgbt <1,0,0,0> }
	no_shadow
}
cylinder {
	<44.072929, 44.140457, 46.965134>,  <44.309772, 43.818977, 46.988701>, 0.100000
	pigment { color rgbt <1,0,0,0> }
	no_shadow
}

// particle -1
sphere {
	<44.072929, 44.140457, 46.965134> 0.100000
	pigment { color rgbt <1,0,0,0> }
	no_shadow
}
sphere {
	0, 1
	scale<0.080000,0.200000,0.300000>
	matrix <-0.024301, -0.090890, -0.995564,
		-0.805491, -0.588051, 0.073347,
		-0.592109, 0.803701, -0.058921,
		43.895298, 44.381569, 46.947456>
	pigment { color rgbt <0,1,1,0> }
	no_shadow
}
cylinder {
	<43.822777, 43.652073, 46.520134>,  <44.309772, 43.818977, 46.988701>, 0.130000
	pigment { color rgbt <1,0,0,0> }
	no_shadow
}

// nucleotide -1

// particle -1
sphere {
	<43.822777, 43.652073, 46.520134> 0.250000
	pigment { color rgbt <1,0,0,0> }
	no_shadow
}
cylinder {
	<43.821465, 44.052055, 46.516594>,  <43.820679, 44.292046, 46.514469>, 0.100000
	pigment { color rgbt <1,0,0,0> }
	no_shadow
}
cylinder {
	<43.821465, 44.052055, 46.516594>,  <43.822777, 43.652073, 46.520134>, 0.100000
	pigment { color rgbt <1,0,0,0> }
	no_shadow
}

// particle -1
sphere {
	<43.821465, 44.052055, 46.516594> 0.100000
	pigment { color rgbt <1,0,0,0> }
	no_shadow
}
sphere {
	0, 1
	scale<0.080000,0.200000,0.300000>
	matrix <-0.202042, -0.009332, -0.979333,
		-0.979371, -0.001425, 0.202064,
		-0.003282, 0.999956, -0.008851,
		43.820480, 44.352043, 46.513939>
	pigment { color rgbt <0,1,1,0> }
	no_shadow
}
cylinder {
	<43.213650, 43.893089, 46.110123>,  <43.822777, 43.652073, 46.520134>, 0.130000
	pigment { color rgbt <1,0,0,0> }
	no_shadow
}

// nucleotide -1

// particle -1
sphere {
	<43.213650, 43.893089, 46.110123> 0.250000
	pigment { color rgbt <1,0,0,0> }
	no_shadow
}
cylinder {
	<43.453156, 44.213432, 46.105911>,  <43.596859, 44.405636, 46.103386>, 0.100000
	pigment { color rgbt <1,0,0,0> }
	no_shadow
}
cylinder {
	<43.453156, 44.213432, 46.105911>,  <43.213650, 43.893089, 46.110123>, 0.100000
	pigment { color rgbt <1,0,0,0> }
	no_shadow
}

// particle -1
sphere {
	<43.453156, 44.213432, 46.105911> 0.100000
	pigment { color rgbt <1,0,0,0> }
	no_shadow
}
sphere {
	0, 1
	scale<0.080000,0.200000,0.300000>
	matrix <-0.121748, 0.078018, -0.989490,
		-0.791617, 0.593754, 0.144217,
		0.598765, 0.800855, -0.010527,
		43.632786, 44.453690, 46.102753>
	pigment { color rgbt <0,1,1,0> }
	no_shadow
}
cylinder {
	<42.916584, 44.348652, 45.650196>,  <43.213650, 43.893089, 46.110123>, 0.130000
	pigment { color rgbt <1,0,0,0> }
	no_shadow
}

// nucleotide -1

// particle -1
sphere {
	<42.916584, 44.348652, 45.650196> 0.250000
	pigment { color rgbt <1,0,0,0> }
	no_shadow
}
cylinder {
	<43.282539, 44.510071, 45.654823>,  <43.502113, 44.606922, 45.657600>, 0.100000
	pigment { color rgbt <1,0,0,0> }
	no_shadow
}
cylinder {
	<43.282539, 44.510071, 45.654823>,  <42.916584, 44.348652, 45.650196>, 0.100000
	pigment { color rgbt <1,0,0,0> }
	no_shadow
}

// particle -1
sphere {
	<43.282539, 44.510071, 45.654823> 0.100000
	pigment { color rgbt <1,0,0,0> }
	no_shadow
}
sphere {
	0, 1
	scale<0.080000,0.200000,0.300000>
	matrix <-0.078912, 0.206856, -0.975184,
		-0.395921, 0.891271, 0.221094,
		0.914888, 0.403543, 0.011566,
		43.557007, 44.631134, 45.658295>
	pigment { color rgbt <0,1,1,0> }
	no_shadow
}
cylinder {
	<42.887760, 44.983295, 45.407139>,  <42.916584, 44.348652, 45.650196>, 0.130000
	pigment { color rgbt <1,0,0,0> }
	no_shadow
}

// nucleotide -1

// particle -1
sphere {
	<42.887760, 44.983295, 45.407139> 0.250000
	pigment { color rgbt <1,0,0,0> }
	no_shadow
}
cylinder {
	<43.275414, 44.900860, 45.353020>,  <43.508007, 44.851398, 45.320549>, 0.100000
	pigment { color rgbt <1,0,0,0> }
	no_shadow
}
cylinder {
	<43.275414, 44.900860, 45.353020>,  <42.887760, 44.983295, 45.407139>, 0.100000
	pigment { color rgbt <1,0,0,0> }
	no_shadow
}

// particle -1
sphere {
	<43.275414, 44.900860, 45.353020> 0.100000
	pigment { color rgbt <1,0,0,0> }
	no_shadow
}
sphere {
	0, 1
	scale<0.080000,0.200000,0.300000>
	matrix <-0.045241, 0.390800, -0.919363,
		0.242344, 0.897108, 0.369415,
		0.969135, -0.206089, -0.135294,
		43.566154, 44.839031, 45.312431>
	pigment { color rgbt <0,1,1,0> }
	no_shadow
}
cylinder {
	<43.145439, 45.626579, 45.085472>,  <42.887760, 44.983295, 45.407139>, 0.130000
	pigment { color rgbt <1,0,0,0> }
	no_shadow
}

// nucleotide -1

// particle -1
sphere {
	<43.145439, 45.626579, 45.085472> 0.250000
	pigment { color rgbt <1,0,0,0> }
	no_shadow
}
cylinder {
	<43.409401, 45.331470, 45.028603>,  <43.567780, 45.154404, 44.994480>, 0.100000
	pigment { color rgbt <1,0,0,0> }
	no_shadow
}
cylinder {
	<43.409401, 45.331470, 45.028603>,  <43.145439, 45.626579, 45.085472>, 0.100000
	pigment { color rgbt <1,0,0,0> }
	no_shadow
}

// particle -1
sphere {
	<43.409401, 45.331470, 45.028603> 0.100000
	pigment { color rgbt <1,0,0,0> }
	no_shadow
}
sphere {
	0, 1
	scale<0.080000,0.200000,0.300000>
	matrix <-0.013187, 0.177823, -0.983974,
		0.751233, 0.651205, 0.107617,
		0.659905, -0.737775, -0.142174,
		43.607372, 45.110138, 44.985950>
	pigment { color rgbt <0,1,1,0> }
	no_shadow
}
cylinder {
	<43.716255, 45.948215, 44.845764>,  <43.145439, 45.626579, 45.085472>, 0.130000
	pigment { color rgbt <1,0,0,0> }
	no_shadow
}

// nucleotide -1

// particle -1
sphere {
	<43.716255, 45.948215, 44.845764> 0.250000
	pigment { color rgbt <1,0,0,0> }
	no_shadow
}
cylinder {
	<43.725075, 45.564728, 44.732368>,  <43.730366, 45.334633, 44.664330>, 0.100000
	pigment { color rgbt <1,0,0,0> }
	no_shadow
}
cylinder {
	<43.725075, 45.564728, 44.732368>,  <43.716255, 45.948215, 44.845764>, 0.100000
	pigment { color rgbt <1,0,0,0> }
	no_shadow
}

// particle -1
sphere {
	<43.725075, 45.564728, 44.732368> 0.100000
	pigment { color rgbt <1,0,0,0> }
	no_shadow
}
sphere {
	0, 1
	scale<0.080000,0.200000,0.300000>
	matrix <-0.008500, 0.283367, -0.958974,
		0.999721, 0.023552, -0.001901,
		0.022047, -0.958722, -0.283488,
		43.731689, 45.277111, 44.647324>
	pigment { color rgbt <0,1,1,0> }
	no_shadow
}
cylinder {
	<44.275673, 45.842175, 44.370617>,  <43.716255, 45.948215, 44.845764>, 0.130000
	pigment { color rgbt <1,0,0,0> }
	no_shadow
}

// nucleotide -1

// particle -1
sphere {
	<44.275673, 45.842175, 44.370617> 0.250000
	pigment { color rgbt <1,0,0,0> }
	no_shadow
}
cylinder {
	<44.017189, 45.546726, 44.293819>,  <43.862099, 45.369457, 44.247742>, 0.100000
	pigment { color rgbt <1,0,0,0> }
	no_shadow
}
cylinder {
	<44.017189, 45.546726, 44.293819>,  <44.275673, 45.842175, 44.370617>, 0.100000
	pigment { color rgbt <1,0,0,0> }
	no_shadow
}

// particle -1
sphere {
	<44.017189, 45.546726, 44.293819> 0.100000
	pigment { color rgbt <1,0,0,0> }
	no_shadow
}
sphere {
	0, 1
	scale<0.080000,0.200000,0.300000>
	matrix <0.088264, 0.177558, -0.980144,
		0.758041, -0.650322, -0.049546,
		-0.646206, -0.738617, -0.191997,
		43.823326, 45.325142, 44.236221>
	pigment { color rgbt <0,1,1,0> }
	no_shadow
}
cylinder {
	<44.551170, 45.396591, 43.869717>,  <44.275673, 45.842175, 44.370617>, 0.130000
	pigment { color rgbt <1,0,0,0> }
	no_shadow
}

// nucleotide -1

// particle -1
sphere {
	<44.551170, 45.396591, 43.869717> 0.250000
	pigment { color rgbt <1,0,0,0> }
	no_shadow
}
cylinder {
	<44.160866, 45.323185, 43.822029>,  <43.926682, 45.279140, 43.793415>, 0.100000
	pigment { color rgbt <1,0,0,0> }
	no_shadow
}
cylinder {
	<44.160866, 45.323185, 43.822029>,  <44.551170, 45.396591, 43.869717>, 0.100000
	pigment { color rgbt <1,0,0,0> }
	no_shadow
}

// particle -1
sphere {
	<44.160866, 45.323185, 43.822029> 0.100000
	pigment { color rgbt <1,0,0,0> }
	no_shadow
}
sphere {
	0, 1
	scale<0.080000,0.200000,0.300000>
	matrix <0.044981, 0.364965, -0.929934,
		0.214166, -0.912756, -0.347864,
		-0.975761, -0.183513, -0.119220,
		43.868137, 45.268131, 43.786263>
	pigment { color rgbt <0,1,1,0> }
	no_shadow
}
cylinder {
	<44.543087, 45.170391, 43.217762>,  <44.551170, 45.396591, 43.869717>, 0.130000
	pigment { color rgbt <1,0,0,0> }
	no_shadow
}

// nucleotide -1

// particle -1
sphere {
	<44.543087, 45.170391, 43.217762> 0.250000
	pigment { color rgbt <1,0,0,0> }
	no_shadow
}
cylinder {
	<44.148888, 45.214867, 43.269035>,  <43.912369, 45.241550, 43.299801>, 0.100000
	pigment { color rgbt <1,0,0,0> }
	no_shadow
}
cylinder {
	<44.148888, 45.214867, 43.269035>,  <44.543087, 45.170391, 43.217762>, 0.100000
	pigment { color rgbt <1,0,0,0> }
	no_shadow
}

// particle -1
sphere {
	<44.148888, 45.214867, 43.269035> 0.100000
	pigment { color rgbt <1,0,0,0> }
	no_shadow
}
sphere {
	0, 1
	scale<0.080000,0.200000,0.300000>
	matrix <-0.079331, 0.365872, -0.927278,
		-0.150000, -0.924000, -0.351745,
		-0.985498, 0.111187, 0.128183,
		43.853237, 45.248222, 43.307491>
	pigment { color rgbt <0,1,1,0> }
	no_shadow
}
cylinder {
	<44.252254, 44.931820, 42.577198>,  <44.543087, 45.170391, 43.217762>, 0.130000
	pigment { color rgbt <1,0,0,0> }
	no_shadow
}

// nucleotide -1

// particle -1
sphere {
	<44.252254, 44.931820, 42.577198> 0.250000
	pigment { color rgbt <1,0,0,0> }
	no_shadow
}
cylinder {
	<43.978638, 45.168839, 42.747360>,  <43.814468, 45.311050, 42.849457>, 0.100000
	pigment { color rgbt <1,0,0,0> }
	no_shadow
}
cylinder {
	<43.978638, 45.168839, 42.747360>,  <44.252254, 44.931820, 42.577198>, 0.100000
	pigment { color rgbt <1,0,0,0> }
	no_shadow
}

// particle -1
sphere {
	<43.978638, 45.168839, 42.747360> 0.100000
	pigment { color rgbt <1,0,0,0> }
	no_shadow
}
sphere {
	0, 1
	scale<0.080000,0.200000,0.300000>
	matrix <-0.183614, 0.424548, -0.886592,
		-0.705957, -0.684575, -0.181607,
		-0.684040, 0.592551, 0.425410,
		43.773426, 45.346603, 42.874985>
	pigment { color rgbt <0,1,1,0> }
	no_shadow
}
cylinder {
	<43.553341, 44.868492, 42.147945>,  <44.252254, 44.931820, 42.577198>, 0.130000
	pigment { color rgbt <1,0,0,0> }
	no_shadow
}

// nucleotide -1

// particle -1
sphere {
	<43.553341, 44.868492, 42.147945> 0.250000
	pigment { color rgbt <1,0,0,0> }
	no_shadow
}
cylinder {
	<43.518394, 45.218571, 42.338268>,  <43.497429, 45.428619, 42.452461>, 0.100000
	pigment { color rgbt <1,0,0,0> }
	no_shadow
}
cylinder {
	<43.518394, 45.218571, 42.338268>,  <43.553341, 44.868492, 42.147945>, 0.100000
	pigment { color rgbt <1,0,0,0> }
	no_shadow
}

// particle -1
sphere {
	<43.518394, 45.218571, 42.338268> 0.100000
	pigment { color rgbt <1,0,0,0> }
	no_shadow
}
sphere {
	0, 1
	scale<0.080000,0.200000,0.300000>
	matrix <-0.351729, 0.419771, -0.836708,
		-0.932017, -0.240451, 0.271161,
		-0.087362, 0.875201, 0.475807,
		43.492188, 45.481133, 42.481010>
	pigment { color rgbt <0,1,1,0> }
	no_shadow
}
cylinder {
	<42.864517, 45.065742, 42.082733>,  <43.553341, 44.868492, 42.147945>, 0.130000
	pigment { color rgbt <1,0,0,0> }
	no_shadow
}

// nucleotide -1

// particle -1
sphere {
	<42.864517, 45.065742, 42.082733> 0.250000
	pigment { color rgbt <1,0,0,0> }
	no_shadow
}
cylinder {
	<43.084564, 45.395790, 42.134193>,  <43.216591, 45.593819, 42.165070>, 0.100000
	pigment { color rgbt <1,0,0,0> }
	no_shadow
}
cylinder {
	<43.084564, 45.395790, 42.134193>,  <42.864517, 45.065742, 42.082733>, 0.100000
	pigment { color rgbt <1,0,0,0> }
	no_shadow
}

// particle -1
sphere {
	<43.084564, 45.395790, 42.134193> 0.100000
	pigment { color rgbt <1,0,0,0> }
	no_shadow
}
sphere {
	0, 1
	scale<0.080000,0.200000,0.300000>
	matrix <-0.396776, 0.393813, -0.829144,
		-0.734808, 0.405078, 0.544030,
		0.550114, 0.825120, 0.128651,
		43.249599, 45.643326, 42.172791>
	pigment { color rgbt <0,1,1,0> }
	no_shadow
}
cylinder {
	<42.398323, 45.552277, 41.836967>,  <42.864517, 45.065742, 42.082733>, 0.130000
	pigment { color rgbt <1,0,0,0> }
	no_shadow
}

// nucleotide -1

// particle -1
sphere {
	<42.398323, 45.552277, 41.836967> 0.250000
	pigment { color rgbt <1,0,0,0> }
	no_shadow
}
cylinder {
	<42.739265, 45.761459, 41.836250>,  <42.943832, 45.886971, 41.835819>, 0.100000
	pigment { color rgbt <1,0,0,0> }
	no_shadow
}
cylinder {
	<42.739265, 45.761459, 41.836250>,  <42.398323, 45.552277, 41.836967>, 0.100000
	pigment { color rgbt <1,0,0,0> }
	no_shadow
}

// particle -1
sphere {
	<42.739265, 45.761459, 41.836250> 0.100000
	pigment { color rgbt <1,0,0,0> }
	no_shadow
}
sphere {
	0, 1
	scale<0.080000,0.200000,0.300000>
	matrix <-0.194833, 0.314361, -0.929095,
		-0.485313, 0.792271, 0.369837,
		0.852357, 0.522958, -0.001797,
		42.994972, 45.918346, 41.835712>
	pigment { color rgbt <0,1,1,0> }
	no_shadow
}
cylinder {
	<42.282589, 46.278755, 41.566898>,  <42.398323, 45.552277, 41.836967>, 0.130000
	pigment { color rgbt <1,0,0,0> }
	no_shadow
}

// nucleotide -1

// particle -1
sphere {
	<42.282589, 46.278755, 41.566898> 0.250000
	pigment { color rgbt <1,0,0,0> }
	no_shadow
}
cylinder {
	<42.680298, 46.245560, 41.539936>,  <42.918922, 46.225643, 41.523758>, 0.100000
	pigment { color rgbt <1,0,0,0> }
	no_shadow
}
cylinder {
	<42.680298, 46.245560, 41.539936>,  <42.282589, 46.278755, 41.566898>, 0.100000
	pigment { color rgbt <1,0,0,0> }
	no_shadow
}

// particle -1
sphere {
	<42.680298, 46.245560, 41.539936> 0.100000
	pigment { color rgbt <1,0,0,0> }
	no_shadow
}
sphere {
	0, 1
	scale<0.080000,0.200000,0.300000>
	matrix <-0.047267, 0.224334, -0.973365,
		0.095902, 0.970972, 0.219126,
