// switches for output
#declare DRAW_BASES = 1; // possible values are 0, 1; only relevant for DNA ribbons
#declare DRAW_BASES_TYPE = 3; // possible values are 1, 2, 3; only relevant for DNA ribbons
#declare DRAW_FOG = 0; // set to 1 to enable fog

#include "colors.inc"

#include "transforms.inc"
background { rgb <1, 1, 1>}

#default {
   normal{
       ripples 0.25
       frequency 0.20
       turbulence 0.2
       lambda 5
   }
	finish {
		phong 0.1
		phong_size 40.
	}
}

// original window dimensions: 1024x640


// camera settings

camera {
	sky <-0, 1, 0>
	up <-0, 1, 0>
	right 1.6 * <1, 0, 0>
	location <44.88, 44.88, 200.277>
	look_at <44.88, 44.88, 44.88>
	direction <0, 0, -155.397>
	angle 67.0682
}


# declare cpy_camera_pos = <44.88, 44.88, 200.277>;
# if (DRAW_FOG = 1)
fog {
	fog_type 2
	up vnormalize(cpy_camera_pos)
	color rgbt<1,1,1,0.3>
	distance 1e-5
	fog_alt 3e-3
	fog_offset 71.808
}
# end


// LIGHTS

# declare lum = 6;
global_settings {
	ambient_light rgb lum * <0.05, 0.05, 0.05>
	max_trace_level 15
}# declare cpy_direct_light_amount = 0.25;
light_source
{	1000 * <-1, -1, 1>,
	rgb lum * cpy_direct_light_amount
	parallel
}

light_source
{	1000 * <1, 1, -1>,
	rgb lum * cpy_direct_light_amount
	parallel
}

// strand 0

// nucleotide -1

// particle -1
sphere {
	<40.595924, 47.989826, 55.126644> 0.250000
	pigment { color rgbt <1,0,0,0> }
	no_shadow
}
cylinder {
	<40.982780, 47.896614, 55.167305>,  <41.214893, 47.840687, 55.191704>, 0.100000
	pigment { color rgbt <1,0,0,0> }
	no_shadow
}
cylinder {
	<40.982780, 47.896614, 55.167305>,  <40.595924, 47.989826, 55.126644>, 0.100000
	pigment { color rgbt <1,0,0,0> }
	no_shadow
}

// particle -1
sphere {
	<40.982780, 47.896614, 55.167305> 0.100000
	pigment { color rgbt <1,0,0,0> }
	no_shadow
}
sphere {
	0, 1
	scale<0.080000,0.200000,0.300000>
	matrix <0.084287, -0.083338, -0.992950,
		0.239856, 0.968893, -0.060959,
		0.967143, -0.233027, 0.101654,
		41.272923, 47.826706, 55.197800>
	pigment { color rgbt <0,1,1,0> }
	no_shadow
}
cylinder {
	<41.094742, 48.488880, 54.790867>,  <40.595924, 47.989826, 55.126644>, 0.130000
	pigment { color rgbt <1,0,0,0> }
	no_shadow
}

// nucleotide -1

// particle -1
sphere {
	<41.094742, 48.488880, 54.790867> 0.250000
	pigment { color rgbt <1,0,0,0> }
	no_shadow
}
cylinder {
	<41.318054, 48.158981, 54.826885>,  <41.452042, 47.961040, 54.848495>, 0.100000
	pigment { color rgbt <1,0,0,0> }
	no_shadow
}
cylinder {
	<41.318054, 48.158981, 54.826885>,  <41.094742, 48.488880, 54.790867>, 0.100000
	pigment { color rgbt <1,0,0,0> }
	no_shadow
}

// particle -1
sphere {
	<41.318054, 48.158981, 54.826885> 0.100000
	pigment { color rgbt <1,0,0,0> }
	no_shadow
}
sphere {
	0, 1
	scale<0.080000,0.200000,0.300000>
	matrix <0.294697, 0.095681, -0.950788,
		0.775546, 0.557347, 0.296468,
		0.558285, -0.824748, 0.090044,
		41.485538, 47.911556, 54.853897>
	pigment { color rgbt <0,1,1,0> }
	no_shadow
}
cylinder {
	<41.746418, 48.552479, 54.336731>,  <41.094742, 48.488880, 54.790867>, 0.130000
	pigment { color rgbt <1,0,0,0> }
	no_shadow
}

// nucleotide -1

// particle -1
sphere {
	<41.746418, 48.552479, 54.336731> 0.250000
	pigment { color rgbt <1,0,0,0> }
	no_shadow
}
cylinder {
	<41.692162, 48.157547, 54.369652>,  <41.659607, 47.920586, 54.389404>, 0.100000
	pigment { color rgbt <1,0,0,0> }
	no_shadow
}
cylinder {
	<41.692162, 48.157547, 54.369652>,  <41.746418, 48.552479, 54.336731>, 0.100000
	pigment { color rgbt <1,0,0,0> }
	no_shadow
}

// particle -1
sphere {
	<41.692162, 48.157547, 54.369652> 0.100000
	pigment { color rgbt <1,0,0,0> }
	no_shadow
}
sphere {
	0, 1
	scale<0.080000,0.200000,0.300000>
	matrix <0.221975, -0.111247, -0.968685,
		0.965572, -0.113122, 0.234253,
		-0.135640, -0.987333, 0.082307,
		41.651470, 47.861347, 54.394344>
	pigment { color rgbt <0,1,1,0> }
	no_shadow
}
cylinder {
	<42.142033, 48.232513, 53.806976>,  <41.746418, 48.552479, 54.336731>, 0.130000
	pigment { color rgbt <1,0,0,0> }
	no_shadow
}

// nucleotide -1

// particle -1
sphere {
	<42.142033, 48.232513, 53.806976> 0.250000
	pigment { color rgbt <1,0,0,0> }
	no_shadow
}
cylinder {
	<41.915245, 47.924942, 53.925163>,  <41.779175, 47.740398, 53.996075>, 0.100000
	pigment { color rgbt <1,0,0,0> }
	no_shadow
}
cylinder {
	<41.915245, 47.924942, 53.925163>,  <42.142033, 48.232513, 53.806976>, 0.100000
	pigment { color rgbt <1,0,0,0> }
	no_shadow
}

// particle -1
sphere {
	<41.915245, 47.924942, 53.925163> 0.100000
	pigment { color rgbt <1,0,0,0> }
	no_shadow
}
sphere {
	0, 1
	scale<0.080000,0.200000,0.300000>
	matrix <-0.018419, -0.346767, -0.937770,
		0.823536, -0.537125, 0.182442,
		-0.566965, -0.768927, 0.295468,
		41.745155, 47.694263, 54.013805>
	pigment { color rgbt <0,1,1,0> }
	no_shadow
}
cylinder {
	<42.464493, 47.605675, 53.599800>,  <42.142033, 48.232513, 53.806976>, 0.130000
	pigment { color rgbt <1,0,0,0> }
	no_shadow
}

// nucleotide -1

// particle -1
sphere {
	<42.464493, 47.605675, 53.599800> 0.250000
	pigment { color rgbt <1,0,0,0> }
	no_shadow
}
cylinder {
	<42.084602, 47.496872, 53.661800>,  <41.856667, 47.431591, 53.699001>, 0.100000
	pigment { color rgbt <1,0,0,0> }
	no_shadow
}
cylinder {
	<42.084602, 47.496872, 53.661800>,  <42.464493, 47.605675, 53.599800>, 0.100000
	pigment { color rgbt <1,0,0,0> }
	no_shadow
}

// particle -1
sphere {
	<42.084602, 47.496872, 53.661800> 0.100000
	pigment { color rgbt <1,0,0,0> }
	no_shadow
}
sphere {
	0, 1
	scale<0.080000,0.200000,0.300000>
	matrix <-0.020049, -0.441243, -0.897164,
		0.312427, -0.855171, 0.413609,
		-0.949730, -0.272005, 0.155001,
		41.799683, 47.415272, 53.708302>
	pigment { color rgbt <0,1,1,0> }
	no_shadow
}
cylinder {
	<42.491276, 46.897133, 53.512741>,  <42.464493, 47.605675, 53.599800>, 0.130000
	pigment { color rgbt <1,0,0,0> }
	no_shadow
}

// nucleotide -1

// particle -1
sphere {
	<42.491276, 46.897133, 53.512741> 0.250000
	pigment { color rgbt <1,0,0,0> }
	no_shadow
}
cylinder {
	<42.101234, 46.975471, 53.471138>,  <41.867210, 47.022476, 53.446175>, 0.100000
	pigment { color rgbt <1,0,0,0> }
	no_shadow
}
cylinder {
	<42.101234, 46.975471, 53.471138>,  <42.491276, 46.897133, 53.512741>, 0.100000
	pigment { color rgbt <1,0,0,0> }
	no_shadow
}

// particle -1
sphere {
	<42.101234, 46.975471, 53.471138> 0.100000
	pigment { color rgbt <1,0,0,0> }
	no_shadow
}
sphere {
	0, 1
	scale<0.080000,0.200000,0.300000>
	matrix <-0.018353, -0.538701, -0.842297,
		-0.220992, -0.819417, 0.528883,
		-0.975103, 0.195848, -0.104010,
		41.808704, 47.034225, 53.439934>
	pigment { color rgbt <0,1,1,0> }
	no_shadow
}
cylinder {
	<42.198139, 46.303574, 53.517952>,  <42.491276, 46.897133, 53.512741>, 0.130000
	pigment { color rgbt <1,0,0,0> }
	no_shadow
}

// nucleotide -1

// particle -1
sphere {
	<42.198139, 46.303574, 53.517952> 0.250000
	pigment { color rgbt <1,0,0,0> }
	no_shadow
}
cylinder {
	<41.926994, 46.527718, 53.327583>,  <41.764309, 46.662205, 53.213364>, 0.100000
	pigment { color rgbt <1,0,0,0> }
	no_shadow
}
cylinder {
	<41.926994, 46.527718, 53.327583>,  <42.198139, 46.303574, 53.517952>, 0.100000
	pigment { color rgbt <1,0,0,0> }
	no_shadow
}

// particle -1
sphere {
	<41.926994, 46.527718, 53.327583> 0.100000
	pigment { color rgbt <1,0,0,0> }
	no_shadow
}
sphere {
	0, 1
	scale<0.080000,0.200000,0.300000>
	matrix <-0.079800, -0.699600, -0.710065,
		-0.730849, -0.443344, 0.518946,
		-0.677858, 0.560362, -0.475924,
		41.723637, 46.695827, 53.184807>
	pigment { color rgbt <0,1,1,0> }
	no_shadow
}
cylinder {
	<41.759319, 45.736088, 53.299995>,  <42.198139, 46.303574, 53.517952>, 0.130000
	pigment { color rgbt <1,0,0,0> }
	no_shadow
}

// nucleotide -1

// particle -1
sphere {
	<41.759319, 45.736088, 53.299995> 0.250000
	pigment { color rgbt <1,0,0,0> }
	no_shadow
}
cylinder {
	<41.654907, 46.057167, 53.085503>,  <41.592258, 46.249813, 52.956806>, 0.100000
	pigment { color rgbt <1,0,0,0> }
	no_shadow
}
cylinder {
	<41.654907, 46.057167, 53.085503>,  <41.759319, 45.736088, 53.299995>, 0.100000
	pigment { color rgbt <1,0,0,0> }
	no_shadow
}

// particle -1
sphere {
	<41.654907, 46.057167, 53.085503> 0.100000
	pigment { color rgbt <1,0,0,0> }
	no_shadow
}
sphere {
	0, 1
	scale<0.080000,0.200000,0.300000>
	matrix <-0.276492, -0.594387, -0.755153,
		-0.924887, -0.048852, 0.377091,
		-0.261029, 0.802694, -0.536234,
		41.576599, 46.297974, 52.924633>
	pigment { color rgbt <0,1,1,0> }
	no_shadow
}
cylinder {
	<41.185787, 45.547554, 52.853874>,  <41.759319, 45.736088, 53.299995>, 0.130000
	pigment { color rgbt <1,0,0,0> }
	no_shadow
}

// nucleotide -1

// particle -1
sphere {
	<41.185787, 45.547554, 52.853874> 0.250000
	pigment { color rgbt <1,0,0,0> }
	no_shadow
}
cylinder {
	<41.305885, 45.880127, 52.666866>,  <41.377945, 46.079670, 52.554661>, 0.100000
	pigment { color rgbt <1,0,0,0> }
	no_shadow
}
cylinder {
	<41.305885, 45.880127, 52.666866>,  <41.185787, 45.547554, 52.853874>, 0.100000
	pigment { color rgbt <1,0,0,0> }
	no_shadow
}

// particle -1
sphere {
	<41.305885, 45.880127, 52.666866> 0.100000
	pigment { color rgbt <1,0,0,0> }
	no_shadow
}
sphere {
	0, 1
	scale<0.080000,0.200000,0.300000>
	matrix <-0.051455, -0.475300, -0.878318,
		-0.952475, 0.287763, -0.099923,
		0.300241, 0.831434, -0.467518,
		41.395958, 46.129559, 52.526611>
	pigment { color rgbt <0,1,1,0> }
	no_shadow
}
cylinder {
	<40.743156, 45.644447, 52.242832>,  <41.185787, 45.547554, 52.853874>, 0.130000
	pigment { color rgbt <1,0,0,0> }
	no_shadow
}

// nucleotide -1

// particle -1
sphere {
	<40.743156, 45.644447, 52.242832> 0.250000
	pigment { color rgbt <1,0,0,0> }
	no_shadow
}
cylinder {
	<41.084389, 45.845585, 52.187119>,  <41.289127, 45.966267, 52.153690>, 0.100000
	pigment { color rgbt <1,0,0,0> }
	no_shadow
}
cylinder {
	<41.084389, 45.845585, 52.187119>,  <40.743156, 45.644447, 52.242832>, 0.100000
	pigment { color rgbt <1,0,0,0> }
	no_shadow
}

// particle -1
sphere {
	<41.084389, 45.845585, 52.187119> 0.100000
	pigment { color rgbt <1,0,0,0> }
	no_shadow
}
sphere {
	0, 1
	scale<0.080000,0.200000,0.300000>
	matrix <0.058214, -0.357001, -0.932288,
		-0.518518, 0.787210, -0.333824,
		0.853082, 0.502842, -0.139285,
		41.340313, 45.996437, 52.145332>
	pigment { color rgbt <0,1,1,0> }
	no_shadow
}
cylinder {
	<40.679821, 46.018612, 51.598450>,  <40.743156, 45.644447, 52.242832>, 0.130000
	pigment { color rgbt <1,0,0,0> }
	no_shadow
}

// nucleotide -1

// particle -1
sphere {
	<40.679821, 46.018612, 51.598450> 0.250000
	pigment { color rgbt <1,0,0,0> }
	no_shadow
}
cylinder {
	<41.060928, 45.944057, 51.694366>,  <41.289593, 45.899326, 51.751919>, 0.100000
	pigment { color rgbt <1,0,0,0> }
	no_shadow
}
cylinder {
	<41.060928, 45.944057, 51.694366>,  <40.679821, 46.018612, 51.598450>, 0.100000
	pigment { color rgbt <1,0,0,0> }
	no_shadow
}

// particle -1
sphere {
	<41.060928, 45.944057, 51.694366> 0.100000
	pigment { color rgbt <1,0,0,0> }
	no_shadow
}
sphere {
	0, 1
	scale<0.080000,0.200000,0.300000>
	matrix <0.156137, -0.376625, -0.913113,
		0.260501, 0.907422, -0.329734,
		0.952765, -0.186383, 0.239794,
		41.346756, 45.888142, 51.766304>
	pigment { color rgbt <0,1,1,0> }
	no_shadow
}
cylinder {
	<41.010620, 46.000652, 50.995995>,  <40.679821, 46.018612, 51.598450>, 0.130000
	pigment { color rgbt <1,0,0,0> }
	no_shadow
}

// nucleotide -1

// particle -1
sphere {
	<41.010620, 46.000652, 50.995995> 0.250000
	pigment { color rgbt <1,0,0,0> }
	no_shadow
}
cylinder {
	<41.300346, 45.838444, 51.219036>,  <41.474182, 45.741119, 51.352859>, 0.100000
	pigment { color rgbt <1,0,0,0> }
	no_shadow
}
cylinder {
	<41.300346, 45.838444, 51.219036>,  <41.010620, 46.000652, 50.995995>, 0.100000
	pigment { color rgbt <1,0,0,0> }
	no_shadow
}

// particle -1
sphere {
	<41.300346, 45.838444, 51.219036> 0.100000
	pigment { color rgbt <1,0,0,0> }
	no_shadow
}
sphere {
	0, 1
	scale<0.080000,0.200000,0.300000>
	matrix <0.401260, -0.409735, -0.819212,
		0.560676, 0.817111, -0.134058,
		0.724315, -0.405520, 0.557603,
		41.517639, 45.716789, 51.386318>
	pigment { color rgbt <0,1,1,0> }
	no_shadow
}
cylinder {
	<41.580425, 46.223877, 50.721615>,  <41.010620, 46.000652, 50.995995>, 0.130000
	pigment { color rgbt <1,0,0,0> }
	no_shadow
}

// nucleotide -1

// particle -1
sphere {
	<41.580425, 46.223877, 50.721615> 0.250000
	pigment { color rgbt <1,0,0,0> }
	no_shadow
}
cylinder {
	<41.658745, 45.875370, 50.901634>,  <41.705738, 45.666264, 51.009647>, 0.100000
	pigment { color rgbt <1,0,0,0> }
	no_shadow
}
cylinder {
	<41.658745, 45.875370, 50.901634>,  <41.580425, 46.223877, 50.721615>, 0.100000
	pigment { color rgbt <1,0,0,0> }
	no_shadow
}

// particle -1
sphere {
	<41.658745, 45.875370, 50.901634> 0.100000
	pigment { color rgbt <1,0,0,0> }
	no_shadow
}
sphere {
	0, 1
	scale<0.080000,0.200000,0.300000>
	matrix <0.326683, -0.374769, -0.867656,
		0.924629, 0.316914, 0.211249,
		0.195803, -0.871271, 0.450053,
		41.717487, 45.613987, 51.036652>
	pigment { color rgbt <0,1,1,0> }
	no_shadow
}
cylinder {
	<42.090881, 45.900829, 50.399742>,  <41.580425, 46.223877, 50.721615>, 0.130000
	pigment { color rgbt <1,0,0,0> }
	no_shadow
}

// nucleotide -1

// particle -1
sphere {
	<42.090881, 45.900829, 50.399742> 0.250000
	pigment { color rgbt <1,0,0,0> }
	no_shadow
}
cylinder {
	<41.947510, 45.595669, 50.614967>,  <41.861488, 45.412575, 50.744102>, 0.100000
	pigment { color rgbt <1,0,0,0> }
	no_shadow
}
cylinder {
	<41.947510, 45.595669, 50.614967>,  <42.090881, 45.900829, 50.399742>, 0.100000
	pigment { color rgbt <1,0,0,0> }
	no_shadow
}

// particle -1
sphere {
	<41.947510, 45.595669, 50.614967> 0.100000
	pigment { color rgbt <1,0,0,0> }
	no_shadow
}
sphere {
	0, 1
	scale<0.080000,0.200000,0.300000>
	matrix <0.198292, -0.625424, -0.754669,
		0.912255, -0.163801, 0.375447,
		-0.358429, -0.762899, 0.538066,
		41.839981, 45.366798, 50.776386>
	pigment { color rgbt <0,1,1,0> }
	no_shadow
}
cylinder {
	<42.501595, 45.370861, 50.252556>,  <42.090881, 45.900829, 50.399742>, 0.130000
	pigment { color rgbt <1,0,0,0> }
	no_shadow
}

// nucleotide -1

// particle -1
sphere {
	<42.501595, 45.370861, 50.252556> 0.250000
	pigment { color rgbt <1,0,0,0> }
	no_shadow
}
cylinder {
	<42.229568, 45.142292, 50.436287>,  <42.066353, 45.005150, 50.546524>, 0.100000
	pigment { color rgbt <1,0,0,0> }
	no_shadow
}
cylinder {
	<42.229568, 45.142292, 50.436287>,  <42.501595, 45.370861, 50.252556>, 0.100000
	pigment { color rgbt <1,0,0,0> }
	no_shadow
}

// particle -1
sphere {
	<42.229568, 45.142292, 50.436287> 0.100000
	pigment { color rgbt <1,0,0,0> }
	no_shadow
}
sphere {
	0, 1
	scale<0.080000,0.200000,0.300000>
	matrix <0.202497, -0.748540, -0.631413,
		0.704629, -0.336393, 0.624770,
		-0.680068, -0.571426, 0.459325,
		42.025547, 44.970863, 50.574085>
	pigment { color rgbt <0,1,1,0> }
	no_shadow
}
cylinder {
	<42.833118, 44.793724, 50.325226>,  <42.501595, 45.370861, 50.252556>, 0.130000
	pigment { color rgbt <1,0,0,0> }
	no_shadow
}

// nucleotide -1

// particle -1
sphere {
	<42.833118, 44.793724, 50.325226> 0.250000
	pigment { color rgbt <1,0,0,0> }
	no_shadow
}
cylinder {
	<42.451317, 44.680260, 50.362015>,  <42.222237, 44.612183, 50.384087>, 0.100000
	pigment { color rgbt <1,0,0,0> }
	no_shadow
}
cylinder {
	<42.451317, 44.680260, 50.362015>,  <42.833118, 44.793724, 50.325226>, 0.100000
	pigment { color rgbt <1,0,0,0> }
	no_shadow
}

// particle -1
sphere {
	<42.451317, 44.680260, 50.362015> 0.100000
	pigment { color rgbt <1,0,0,0> }
	no_shadow
}
sphere {
	0, 1
	scale<0.080000,0.200000,0.300000>
	matrix <0.169527, -0.769916, -0.615215,
		0.245320, -0.571634, 0.782977,
		-0.954504, -0.283660, 0.091968,
		42.164967, 44.595161, 50.389606>
	pigment { color rgbt <0,1,1,0> }
	no_shadow
}
cylinder {
	<42.799469, 43.988838, 50.470352>,  <42.833118, 44.793724, 50.325226>, 0.130000
	pigment { color rgbt <1,0,0,0> }
	no_shadow
}

// nucleotide -1

// particle -1
sphere {
	<42.799469, 43.988838, 50.470352> 0.250000
	pigment { color rgbt <1,0,0,0> }
	no_shadow
}
cylinder {
	<42.444664, 44.107121, 50.328495>,  <42.231781, 44.178089, 50.243382>, 0.100000
	pigment { color rgbt <1,0,0,0> }
	no_shadow
}
cylinder {
	<42.444664, 44.107121, 50.328495>,  <42.799469, 43.988838, 50.470352>, 0.100000
	pigment { color rgbt <1,0,0,0> }
	no_shadow
}

// particle -1
sphere {
	<42.444664, 44.107121, 50.328495> 0.100000
	pigment { color rgbt <1,0,0,0> }
	no_shadow
}
sphere {
	0, 1
	scale<0.080000,0.200000,0.300000>
	matrix <-0.007041, -0.776608, -0.629945,
		-0.461695, -0.556271, 0.690942,
		-0.887011, 0.295707, -0.354639,
		42.178562, 44.195831, 50.222103>
	pigment { color rgbt <0,1,1,0> }
	no_shadow
}
cylinder {
	<42.577019, 43.358391, 50.235836>,  <42.799469, 43.988838, 50.470352>, 0.130000
	pigment { color rgbt <1,0,0,0> }
	no_shadow
}

// nucleotide -1

// particle -1
sphere {
	<42.577019, 43.358391, 50.235836> 0.250000
	pigment { color rgbt <1,0,0,0> }
	no_shadow
}
cylinder {
	<42.354889, 43.628910, 50.042244>,  <42.221611, 43.791222, 49.926090>, 0.100000
	pigment { color rgbt <1,0,0,0> }
	no_shadow
}
cylinder {
	<42.354889, 43.628910, 50.042244>,  <42.577019, 43.358391, 50.235836>, 0.100000
	pigment { color rgbt <1,0,0,0> }
	no_shadow
}

// particle -1
sphere {
	<42.354889, 43.628910, 50.042244> 0.100000
	pigment { color rgbt <1,0,0,0> }
	no_shadow
}
sphere {
	0, 1
	scale<0.080000,0.200000,0.300000>
	matrix <0.002987, -0.580334, -0.814373,
		-0.831628, -0.453687, 0.320253,
		-0.555324, 0.676299, -0.483977,
		42.188293, 43.831799, 49.897049>
	pigment { color rgbt <0,1,1,0> }
	no_shadow
}
cylinder {
	<42.077904, 42.958450, 49.896702>,  <42.577019, 43.358391, 50.235836>, 0.130000
	pigment { color rgbt <1,0,0,0> }
	no_shadow
}

// nucleotide -1

// particle -1
sphere {
	<42.077904, 42.958450, 49.896702> 0.250000
	pigment { color rgbt <1,0,0,0> }
	no_shadow
}
cylinder {
	<42.108192, 43.302929, 49.695663>,  <42.126366, 43.509617, 49.575039>, 0.100000
	pigment { color rgbt <1,0,0,0> }
	no_shadow
}
cylinder {
	<42.108192, 43.302929, 49.695663>,  <42.077904, 42.958450, 49.896702>, 0.100000
	pigment { color rgbt <1,0,0,0> }
	no_shadow
}

// particle -1
sphere {
	<42.108192, 43.302929, 49.695663> 0.100000
	pigment { color rgbt <1,0,0,0> }
	no_shadow
}
sphere {
	0, 1
	scale<0.080000,0.200000,0.300000>
	matrix <0.063271, -0.507180, -0.859515,
		-0.995119, 0.033286, -0.092894,
		0.075724, 0.861197, -0.502598,
		42.130909, 43.561287, 49.544884>
	pigment { color rgbt <0,1,1,0> }
	no_shadow
}
cylinder {
	<41.644238, 42.895241, 49.293655>,  <42.077904, 42.958450, 49.896702>, 0.130000
	pigment { color rgbt <1,0,0,0> }
	no_shadow
}

// nucleotide -1

// particle -1
sphere {
	<41.644238, 42.895241, 49.293655> 0.250000
	pigment { color rgbt <1,0,0,0> }
	no_shadow
}
cylinder {
	<41.923759, 43.172703, 49.223785>,  <42.091473, 43.339180, 49.181862>, 0.100000
	pigment { color rgbt <1,0,0,0> }
	no_shadow
}
cylinder {
	<41.923759, 43.172703, 49.223785>,  <41.644238, 42.895241, 49.293655>, 0.100000
	pigment { color rgbt <1,0,0,0> }
	no_shadow
}

// particle -1
sphere {
	<41.923759, 43.172703, 49.223785> 0.100000
	pigment { color rgbt <1,0,0,0> }
	no_shadow
}
sphere {
	0, 1
	scale<0.080000,0.200000,0.300000>
	matrix <0.128894, -0.362309, -0.923103,
		-0.703601, 0.622556, -0.342592,
		0.698807, 0.693654, -0.174678,
		42.133400, 43.380798, 49.171383>
	pigment { color rgbt <0,1,1,0> }
	no_shadow
}
cylinder {
	<41.587757, 42.986401, 48.538170>,  <41.644238, 42.895241, 49.293655>, 0.130000
	pigment { color rgbt <1,0,0,0> }
	no_shadow
}

// nucleotide -1

// particle -1
sphere {
	<41.587757, 42.986401, 48.538170> 0.250000
	pigment { color rgbt <1,0,0,0> }
	no_shadow
}
cylinder {
	<41.928398, 43.171364, 48.636925>,  <42.132782, 43.282341, 48.696178>, 0.100000
	pigment { color rgbt <1,0,0,0> }
	no_shadow
}
cylinder {
	<41.928398, 43.171364, 48.636925>,  <41.587757, 42.986401, 48.538170>, 0.100000
	pigment { color rgbt <1,0,0,0> }
	no_shadow
}

// particle -1
sphere {
	<41.928398, 43.171364, 48.636925> 0.100000
	pigment { color rgbt <1,0,0,0> }
	no_shadow
}
sphere {
	0, 1
	scale<0.080000,0.200000,0.300000>
	matrix <0.433672, -0.356940, -0.827358,
		-0.294448, 0.811651, -0.504503,
		0.851604, 0.462403, 0.246890,
		42.183880, 43.310085, 48.710991>
	pigment { color rgbt <0,1,1,0> }
	no_shadow
}
cylinder {
	<41.809055, 43.436729, 48.031319>,  <41.587757, 42.986401, 48.538170>, 0.130000
	pigment { color rgbt <1,0,0,0> }
	no_shadow
}

// nucleotide -1

// particle -1
sphere {
	<41.809055, 43.436729, 48.031319> 0.250000
	pigment { color rgbt <1,0,0,0> }
	no_shadow
}
cylinder {
	<42.152542, 43.370056, 48.225151>,  <42.358635, 43.330051, 48.341450>, 0.100000
	pigment { color rgbt <1,0,0,0> }
	no_shadow
}
cylinder {
	<42.152542, 43.370056, 48.225151>,  <41.809055, 43.436729, 48.031319>, 0.100000
	pigment { color rgbt <1,0,0,0> }
	no_shadow
}

// particle -1
sphere {
	<42.152542, 43.370056, 48.225151> 0.100000
	pigment { color rgbt <1,0,0,0> }
	no_shadow
}
sphere {
	0, 1
	scale<0.080000,0.200000,0.300000>
	matrix <0.473019, -0.105916, -0.874663,
		0.197119, 0.980305, -0.012106,
		0.858718, -0.166686, 0.484581,
		42.410156, 43.320049, 48.370525>
	pigment { color rgbt <0,1,1,0> }
	no_shadow
}
cylinder {
	<42.277950, 43.786186, 47.698677>,  <41.809055, 43.436729, 48.031319>, 0.130000
	pigment { color rgbt <1,0,0,0> }
	no_shadow
}

// nucleotide -1

// particle -1
sphere {
	<42.277950, 43.786186, 47.698677> 0.250000
	pigment { color rgbt <1,0,0,0> }
	no_shadow
}
cylinder {
	<42.505409, 43.539185, 47.916054>,  <42.641884, 43.390984, 48.046482>, 0.100000
	pigment { color rgbt <1,0,0,0> }
	no_shadow
}
cylinder {
	<42.505409, 43.539185, 47.916054>,  <42.277950, 43.786186, 47.698677>, 0.100000
	pigment { color rgbt <1,0,0,0> }
	no_shadow
}

// particle -1
sphere {
	<42.505409, 43.539185, 47.916054> 0.100000
	pigment { color rgbt <1,0,0,0> }
	no_shadow
}
sphere {
	0, 1
	scale<0.080000,0.200000,0.300000>
	matrix <0.531411, -0.228518, -0.815709,
		0.627891, 0.752642, 0.198203,
		0.568644, -0.617503, 0.543446,
		42.676003, 43.353935, 48.079086>
	pigment { color rgbt <0,1,1,0> }
	no_shadow
}
cylinder {
	<42.876797, 43.788509, 47.280003>,  <42.277950, 43.786186, 47.698677>, 0.130000
	pigment { color rgbt <1,0,0,0> }
	no_shadow
}

// nucleotide -1

// particle -1
sphere {
	<42.876797, 43.788509, 47.280003> 0.250000
	pigment { color rgbt <1,0,0,0> }
	no_shadow
}
cylinder {
	<42.920601, 43.484173, 47.535854>,  <42.946884, 43.301571, 47.689365>, 0.100000
	pigment { color rgbt <1,0,0,0> }
	no_shadow
}
cylinder {
	<42.920601, 43.484173, 47.535854>,  <42.876797, 43.788509, 47.280003>, 0.100000
	pigment { color rgbt <1,0,0,0> }
	no_shadow
}

// particle -1
sphere {
	<42.920601, 43.484173, 47.535854> 0.100000
	pigment { color rgbt <1,0,0,0> }
	no_shadow
}
sphere {
	0, 1
	scale<0.080000,0.200000,0.300000>
	matrix <0.713578, -0.387796, -0.583455,
		0.691963, 0.520324, 0.500449,
		0.109514, -0.760839, 0.639633,
		42.953457, 43.255920, 47.727745>
	pigment { color rgbt <0,1,1,0> }
	no_shadow
}
cylinder {
	<43.578922, 43.776844, 47.462807>,  <42.876797, 43.788509, 47.280003>, 0.130000
	pigment { color rgbt <1,0,0,0> }
	no_shadow
}

// nucleotide -1

// particle -1
sphere {
	<43.578922, 43.776844, 47.462807> 0.250000
	pigment { color rgbt <1,0,0,0> }
	no_shadow
}
cylinder {
	<43.406487, 43.415958, 47.468178>,  <43.303024, 43.199429, 47.471401>, 0.100000
	pigment { color rgbt <1,0,0,0> }
	no_shadow
}
cylinder {
	<43.406487, 43.415958, 47.468178>,  <43.578922, 43.776844, 47.462807>, 0.100000
	pigment { color rgbt <1,0,0,0> }
	no_shadow
}

// particle -1
sphere {
	<43.406487, 43.415958, 47.468178> 0.100000
	pigment { color rgbt <1,0,0,0> }
	no_shadow
}
sphere {
	0, 1
	scale<0.080000,0.200000,0.300000>
	matrix <0.526143, -0.263429, -0.808565,
		0.733033, -0.341498, 0.588253,
		-0.431086, -0.902211, 0.013425,
		43.277161, 43.145294, 47.472206>
	pigment { color rgbt <0,1,1,0> }
	no_shadow
}
cylinder {
	<44.060291, 43.324757, 47.184361>,  <43.578922, 43.776844, 47.462807>, 0.130000
	pigment { color rgbt <1,0,0,0> }
	no_shadow
}

// nucleotide -1

// particle -1
sphere {
	<44.060291, 43.324757, 47.184361> 0.250000
	pigment { color rgbt <1,0,0,0> }
	no_shadow
}
cylinder {
	<43.728081, 43.101986, 47.181198>,  <43.528755, 42.968323, 47.179298>, 0.100000
	pigment { color rgbt <1,0,0,0> }
	no_shadow
}
cylinder {
	<43.728081, 43.101986, 47.181198>,  <44.060291, 43.324757, 47.184361>, 0.100000
	pigment { color rgbt <1,0,0,0> }
	no_shadow
}

// particle -1
sphere {
	<43.728081, 43.101986, 47.181198> 0.100000
	pigment { color rgbt <1,0,0,0> }
	no_shadow
}
sphere {
	0, 1
	scale<0.080000,0.200000,0.300000>
	matrix <0.381854, -0.558995, -0.736011,
		0.405482, -0.614296, 0.676924,
		-0.830525, -0.556925, -0.007908,
		43.478924, 42.934910, 47.178825>
	pigment { color rgbt <0,1,1,0> }
	no_shadow
}
cylinder {
	<44.238995, 42.604996, 47.231075>,  <44.060291, 43.324757, 47.184361>, 0.130000
	pigment { color rgbt <1,0,0,0> }
	no_shadow
}

// nucleotide -1

// particle -1
sphere {
	<44.238995, 42.604996, 47.231075> 0.250000
	pigment { color rgbt <1,0,0,0> }
	no_shadow
}
cylinder {
	<43.896675, 42.649746, 47.029053>,  <43.691284, 42.676598, 46.907837>, 0.100000
	pigment { color rgbt <1,0,0,0> }
	no_shadow
}
cylinder {
	<43.896675, 42.649746, 47.029053>,  <44.238995, 42.604996, 47.231075>, 0.100000
	pigment { color rgbt <1,0,0,0> }
	no_shadow
}

// particle -1
sphere {
	<43.896675, 42.649746, 47.029053> 0.100000
	pigment { color rgbt <1,0,0,0> }
	no_shadow
}
sphere {
	0, 1
	scale<0.080000,0.200000,0.300000>
	matrix <0.355233, -0.582637, -0.730988,
		-0.376047, -0.804995, 0.458880,
		-0.855803, 0.111877, -0.505060,
		43.639935, 42.683308, 46.877533>
	pigment { color rgbt <0,1,1,0> }
	no_shadow
}
cylinder {
	<44.238598, 41.963905, 46.820801>,  <44.238995, 42.604996, 47.231075>, 0.130000
	pigment { color rgbt <1,0,0,0> }
	no_shadow
}

// nucleotide -1

// particle -1
sphere {
	<44.238598, 41.963905, 46.820801> 0.250000
	pigment { color rgbt <1,0,0,0> }
	no_shadow
}
cylinder {
	<43.955681, 42.198013, 46.662209>,  <43.785931, 42.338478, 46.567051>, 0.100000
	pigment { color rgbt <1,0,0,0> }
	no_shadow
}
cylinder {
	<43.955681, 42.198013, 46.662209>,  <44.238598, 41.963905, 46.820801>, 0.100000
	pigment { color rgbt <1,0,0,0> }
	no_shadow
}

// particle -1
sphere {
	<43.955681, 42.198013, 46.662209> 0.100000
	pigment { color rgbt <1,0,0,0> }
	no_shadow
}
sphere {
	0, 1
	scale<0.080000,0.200000,0.300000>
	matrix <0.206571, -0.365266, -0.907694,
		-0.676069, -0.723905, 0.137449,
		-0.707289, 0.585271, -0.396483,
		43.743492, 42.373596, 46.543262>
	pigment { color rgbt <0,1,1,0> }
	no_shadow
}
cylinder {
	<43.891216, 41.545868, 46.235905>,  <44.238598, 41.963905, 46.820801>, 0.130000
	pigment { color rgbt <1,0,0,0> }
	no_shadow
}

// nucleotide -1

// particle -1
sphere {
	<43.891216, 41.545868, 46.235905> 0.250000
	pigment { color rgbt <1,0,0,0> }
	no_shadow
}
cylinder {
	<43.760361, 41.917934, 46.169239>,  <43.681847, 42.141174, 46.129238>, 0.100000
	pigment { color rgbt <1,0,0,0> }
	no_shadow
}
cylinder {
	<43.760361, 41.917934, 46.169239>,  <43.891216, 41.545868, 46.235905>, 0.100000
	pigment { color rgbt <1,0,0,0> }
	no_shadow
}

// particle -1
sphere {
	<43.760361, 41.917934, 46.169239> 0.100000
	pigment { color rgbt <1,0,0,0> }
	no_shadow
}
sphere {
	0, 1
	scale<0.080000,0.200000,0.300000>
	matrix <0.095926, -0.142773, -0.985096,
		-0.940095, -0.338250, -0.042520,
		-0.327138, 0.930163, -0.166667,
		43.662220, 42.196983, 46.119240>
	pigment { color rgbt <0,1,1,0> }
	no_shadow
}
cylinder {
	<43.360641, 41.601795, 45.591892>,  <43.891216, 41.545868, 46.235905>, 0.130000
	pigment { color rgbt <1,0,0,0> }
	no_shadow
}

// nucleotide -1

// particle -1
sphere {
	<43.360641, 41.601795, 45.591892> 0.250000
	pigment { color rgbt <1,0,0,0> }
	no_shadow
}
cylinder {
	<43.509560, 41.971611, 45.624432>,  <43.598911, 42.193501, 45.643955>, 0.100000
	pigment { color rgbt <1,0,0,0> }
	no_shadow
}
cylinder {
	<43.509560, 41.971611, 45.624432>,  <43.360641, 41.601795, 45.591892>, 0.100000
	pigment { color rgbt <1,0,0,0> }
	no_shadow
}

// particle -1
sphere {
	<43.509560, 41.971611, 45.624432> 0.100000
	pigment { color rgbt <1,0,0,0> }
	no_shadow
}
sphere {
	0, 1
	scale<0.080000,0.200000,0.300000>
	matrix <-0.059951, 0.111420, -0.991964,
		-0.926175, 0.364429, 0.096908,
		0.372298, 0.924542, 0.081346,
		43.621250, 42.248974, 45.648834>
	pigment { color rgbt <0,1,1,0> }
	no_shadow
}
cylinder {
	<42.976418, 41.954308, 45.254299>,  <43.360641, 41.601795, 45.591892>, 0.130000
	pigment { color rgbt <1,0,0,0> }
	no_shadow
}

// nucleotide -1

// particle -1
sphere {
	<42.976418, 41.954308, 45.254299> 0.250000
	pigment { color rgbt <1,0,0,0> }
	no_shadow
}
cylinder {
	<43.310928, 42.173267, 45.266953>,  <43.511635, 42.304642, 45.274544>, 0.100000
	pigment { color rgbt <1,0,0,0> }
	no_shadow
}
cylinder {
	<43.310928, 42.173267, 45.266953>,  <42.976418, 41.954308, 45.254299>, 0.100000
	pigment { color rgbt <1,0,0,0> }
	no_shadow
}

// particle -1
sphere {
	<43.310928, 42.173267, 45.266953> 0.100000
	pigment { color rgbt <1,0,0,0> }
	no_shadow
}
sphere {
	0, 1
	scale<0.080000,0.200000,0.300000>
	matrix <-0.152822, 0.288092, -0.945330,
		-0.526583, 0.785722, 0.324579,
		0.836275, 0.547398, 0.031629,
		43.561810, 42.337486, 45.276440>
	pigment { color rgbt <0,1,1,0> }
	no_shadow
}
cylinder {
	<42.836006, 42.683777, 45.064728>,  <42.976418, 41.954308, 45.254299>, 0.130000
	pigment { color rgbt <1,0,0,0> }
	no_shadow
}

// nucleotide -1

// particle -1
sphere {
	<42.836006, 42.683777, 45.064728> 0.250000
	pigment { color rgbt <1,0,0,0> }
	no_shadow
}
cylinder {
	<43.233002, 42.716351, 45.028217>,  <43.471199, 42.735897, 45.006310>, 0.100000
	pigment { color rgbt <1,0,0,0> }
	no_shadow
}
cylinder {
	<43.233002, 42.716351, 45.028217>,  <42.836006, 42.683777, 45.064728>, 0.100000
	pigment { color rgbt <1,0,0,0> }
	no_shadow
}

// particle -1
sphere {
	<43.233002, 42.716351, 45.028217> 0.100000
	pigment { color rgbt <1,0,0,0> }
	no_shadow
}
sphere {
	0, 1
	scale<0.080000,0.200000,0.300000>
	matrix <-0.120972, 0.542649, -0.831203,
		-0.018160, 0.836002, 0.548425,
		0.992490, 0.081438, -0.091278,
		43.530750, 42.740784, 45.000835>
	pigment { color rgbt <0,1,1,0> }
	no_shadow
}
cylinder {
	<42.915627, 43.369568, 44.881363>,  <42.836006, 42.683777, 45.064728>, 0.130000
	pigment { color rgbt <1,0,0,0> }
	no_shadow
}

// nucleotide -1

// particle -1
sphere {
	<42.915627, 43.369568, 44.881363> 0.250000
	pigment { color rgbt <1,0,0,0> }
	no_shadow
}
cylinder {
	<43.251106, 43.182941, 44.769005>,  <43.452393, 43.070965, 44.701591>, 0.100000
	pigment { color rgbt <1,0,0,0> }
	no_shadow
}
cylinder {
	<43.251106, 43.182941, 44.769005>,  <42.915627, 43.369568, 44.881363>, 0.100000
	pigment { color rgbt <1,0,0,0> }
	no_shadow
}

// particle -1
sphere {
	<43.251106, 43.182941, 44.769005> 0.100000
	pigment { color rgbt <1,0,0,0> }
	no_shadow
}
sphere {
	0, 1
	scale<0.080000,0.200000,0.300000>
	matrix <0.048034, 0.577155, -0.815221,
		0.542471, 0.670233, 0.506471,
		0.838700, -0.466561, -0.280896,
		43.502716, 43.042973, 44.684734>
	pigment { color rgbt <0,1,1,0> }
	no_shadow
}
cylinder {
	<43.498100, 43.836555, 44.738514>,  <42.915627, 43.369568, 44.881363>, 0.130000
	pigment { color rgbt <1,0,0,0> }
	no_shadow
}

// nucleotide -1

// particle -1
sphere {
	<43.498100, 43.836555, 44.738514> 0.250000
	pigment { color rgbt <1,0,0,0> }
	no_shadow
}
cylinder {
	<43.563705, 43.516701, 44.507454>,  <43.603069, 43.324787, 44.368820>, 0.100000
	pigment { color rgbt <1,0,0,0> }
	no_shadow
}
cylinder {
	<43.563705, 43.516701, 44.507454>,  <43.498100, 43.836555, 44.738514>, 0.100000
	pigment { color rgbt <1,0,0,0> }
	no_shadow
}

// particle -1
sphere {
	<43.563705, 43.516701, 44.507454> 0.100000
	pigment { color rgbt <1,0,0,0> }
	no_shadow
}
sphere {
	0, 1
	scale<0.080000,0.200000,0.300000>
	matrix <0.001471, 0.585775, -0.810472,
		0.986457, 0.132081, 0.097253,
		0.164016, -0.799639, -0.577648,
		43.612911, 43.276810, 44.334160>
	pigment { color rgbt <0,1,1,0> }
	no_shadow
}
cylinder {
	<43.921127, 44.138451, 44.097347>,  <43.498100, 43.836555, 44.738514>, 0.130000
	pigment { color rgbt <1,0,0,0> }
	no_shadow
}

// nucleotide -1

// particle -1
sphere {
	<43.921127, 44.138451, 44.097347> 0.250000
	pigment { color rgbt <1,0,0,0> }
	no_shadow
}
cylinder {
	<43.805771, 43.771389, 43.987984>,  <43.736557, 43.551151, 43.922367>, 0.100000
	pigment { color rgbt <1,0,0,0> }
	no_shadow
}
cylinder {
	<43.805771, 43.771389, 43.987984>,  <43.921127, 44.138451, 44.097347>, 0.100000
	pigment { color rgbt <1,0,0,0> }
	no_shadow
}

// particle -1
sphere {
	<43.805771, 43.771389, 43.987984> 0.100000
	pigment { color rgbt <1,0,0,0> }
	no_shadow
}
sphere {
	0, 1
	scale<0.080000,0.200000,0.300000>
	matrix <0.067605, 0.265312, -0.961789,
		0.955125, -0.295850, -0.014474,
		-0.288386, -0.917650, -0.273407,
		43.719254, 43.496094, 43.905960>
	pigment { color rgbt <0,1,1,0> }
	no_shadow
}
cylinder {
	<44.314121, 43.947521, 43.538319>,  <43.921127, 44.138451, 44.097347>, 0.130000
	pigment { color rgbt <1,0,0,0> }
	no_shadow
}

// nucleotide -1

// particle -1
sphere {
	<44.314121, 43.947521, 43.538319> 0.250000
	pigment { color rgbt <1,0,0,0> }
	no_shadow
}
cylinder {
	<44.003014, 43.704273, 43.474731>,  <43.816349, 43.558323, 43.436581>, 0.100000
	pigment { color rgbt <1,0,0,0> }
	no_shadow
}
cylinder {
	<44.003014, 43.704273, 43.474731>,  <44.314121, 43.947521, 43.538319>, 0.100000
	pigment { color rgbt <1,0,0,0> }
	no_shadow
}

// particle -1
sphere {
	<44.003014, 43.704273, 43.474731> 0.100000
	pigment { color rgbt <1,0,0,0> }
	no_shadow
}
sphere {
	0, 1
	scale<0.080000,0.200000,0.300000>
	matrix <-0.102744, 0.372509, -0.922323,
		0.620101, -0.701017, -0.352205,
		-0.777765, -0.608121, -0.158968,
		43.769684, 43.521835, 43.427040>
	pigment { color rgbt <0,1,1,0> }
	no_shadow
}
cylinder {
	<44.455254, 43.583649, 42.929165>,  <44.314121, 43.947521, 43.538319>, 0.130000
	pigment { color rgbt <1,0,0,0> }
	no_shadow
}

// nucleotide -1

// particle -1
sphere {
	<44.455254, 43.583649, 42.929165> 0.250000
	pigment { color rgbt <1,0,0,0> }
	no_shadow
}
cylinder {
	<44.058578, 43.599087, 42.978275>,  <43.820576, 43.608349, 43.007744>, 0.100000
	pigment { color rgbt <1,0,0,0> }
	no_shadow
}
cylinder {
	<44.058578, 43.599087, 42.978275>,  <44.455254, 43.583649, 42.929165>, 0.100000
	pigment { color rgbt <1,0,0,0> }
	no_shadow
}

// particle -1
sphere {
	<44.058578, 43.599087, 42.978275> 0.100000
	pigment { color rgbt <1,0,0,0> }
	no_shadow
}
sphere {
	0, 1
	scale<0.080000,0.200000,0.300000>
	matrix <-0.111387, 0.220527, -0.969000,
		-0.064479, -0.974617, -0.214393,
		-0.991683, 0.038600, 0.122779,
		43.761074, 43.610668, 43.015110>
	pigment { color rgbt <0,1,1,0> }
	no_shadow
}
cylinder {
	<44.139721, 43.070778, 42.385643>,  <44.455254, 43.583649, 42.929165>, 0.130000
	pigment { color rgbt <1,0,0,0> }
	no_shadow
}

// nucleotide -1

// particle -1
sphere {
	<44.139721, 43.070778, 42.385643> 0.250000
	pigment { color rgbt <1,0,0,0> }
	no_shadow
}
cylinder {
	<43.852806, 43.324444, 42.501114>,  <43.680656, 43.476643, 42.570396>, 0.100000
	pigment { color rgbt <1,0,0,0> }
	no_shadow
}
cylinder {
	<43.852806, 43.324444, 42.501114>,  <44.139721, 43.070778, 42.385643>, 0.100000
	pigment { color rgbt <1,0,0,0> }
	no_shadow
}

// particle -1
sphere {
	<43.852806, 43.324444, 42.501114> 0.100000
	pigment { color rgbt <1,0,0,0> }
	no_shadow
}
sphere {
	0, 1
	scale<0.080000,0.200000,0.300000>
	matrix <-0.220554, 0.186355, -0.957407,
		-0.660954, -0.750401, 0.006199,
		-0.717283, 0.634169, 0.288676,
		43.637623, 43.514694, 42.587715>
	pigment { color rgbt <0,1,1,0> }
	no_shadow
}
cylinder {
	<43.606125, 42.856525, 42.007195>,  <44.139721, 43.070778, 42.385643>, 0.130000
	pigment { color rgbt <1,0,0,0> }
	no_shadow
}

// nucleotide -1

// particle -1
sphere {
	<43.606125, 42.856525, 42.007195> 0.250000
	pigment { color rgbt <1,0,0,0> }
	no_shadow
}
cylinder {
	<43.514130, 43.233788, 42.103161>,  <43.458935, 43.460144, 42.160740>, 0.100000
	pigment { color rgbt <1,0,0,0> }
	no_shadow
}
cylinder {
	<43.514130, 43.233788, 42.103161>,  <43.606125, 42.856525, 42.007195>, 0.100000
	pigment { color rgbt <1,0,0,0> }
	no_shadow
}

// particle -1
sphere {
	<43.514130, 43.233788, 42.103161> 0.100000
	pigment { color rgbt <1,0,0,0> }
	no_shadow
}
sphere {
	0, 1
	scale<0.080000,0.200000,0.300000>
	matrix <-0.346860, 0.150893, -0.925699,
		-0.909283, -0.296113, 0.292441,
		-0.229984, 0.943159, 0.239914,
		43.445133, 43.516735, 42.175137>
	pigment { color rgbt <0,1,1,0> }
	no_shadow
}
cylinder {
	<42.914478, 42.966324, 41.817181>,  <43.606125, 42.856525, 42.007195>, 0.130000
	pigment { color rgbt <1,0,0,0> }
	no_shadow
}

// nucleotide -1

// particle -1
sphere {
	<42.914478, 42.966324, 41.817181> 0.250000
	pigment { color rgbt <1,0,0,0> }
	no_shadow
}
cylinder {
	<43.035767, 43.346508, 41.844532>,  <43.108540, 43.574619, 41.860943>, 0.100000
	pigment { color rgbt <1,0,0,0> }
	no_shadow
}
cylinder {
	<43.035767, 43.346508, 41.844532>,  <42.914478, 42.966324, 41.817181>, 0.100000
	pigment { color rgbt <1,0,0,0> }
	no_shadow
}

// particle -1
sphere {
	<43.035767, 43.346508, 41.844532> 0.100000
	pigment { color rgbt <1,0,0,0> }
	no_shadow
}
sphere {
	0, 1
	scale<0.080000,0.200000,0.300000>
	matrix <-0.633637, 0.254697, -0.730502,
		-0.711730, 0.178180, 0.679479,
		0.303222, 0.950464, 0.068375,
		43.126732, 43.631649, 41.865044>
	pigment { color rgbt <0,1,1,0> }
	no_shadow
}
cylinder {
	<42.287533, 43.359695, 41.810299>,  <42.914478, 42.966324, 41.817181>, 0.130000
	pigment { color rgbt <1,0,0,0> }
	no_shadow
}

// nucleotide -1

// particle -1
sphere {
	<42.287533, 43.359695, 41.810299> 0.250000
	pigment { color rgbt <1,0,0,0> }
	no_shadow
}
cylinder {
	<42.584328, 43.604374, 41.700554>,  <42.762405, 43.751183, 41.634708>, 0.100000
	pigment { color rgbt <1,0,0,0> }
	no_shadow
}
cylinder {
	<42.584328, 43.604374, 41.700554>,  <42.287533, 43.359695, 41.810299>, 0.100000
	pigment { color rgbt <1,0,0,0> }
	no_shadow
}

// particle -1
sphere {
	<42.584328, 43.604374, 41.700554> 0.100000
	pigment { color rgbt <1,0,0,0> }
	no_shadow
}
sphere {
	0, 1
	scale<0.080000,0.200000,0.300000>
	matrix <-0.576240, 0.372754, -0.727325,
		-0.342636, 0.697766, 0.629065,
		0.741989, 0.611700, -0.274362,
		42.806923, 43.787884, 41.618244>
	pigment { color rgbt <0,1,1,0> }
	no_shadow
}
cylinder {
	<41.997849, 43.884972, 41.506645>,  <42.287533, 43.359695, 41.810299>, 0.130000
	pigment { color rgbt <1,0,0,0> }
	no_shadow
}

// nucleotide -1

// particle -1
sphere {
	<41.997849, 43.884972, 41.506645> 0.250000
	pigment { color rgbt <1,0,0,0> }
	no_shadow
}
cylinder {
	<42.368973, 43.961361, 41.378456>,  <42.591648, 44.007195, 41.301544>, 0.100000
	pigment { color rgbt <1,0,0,0> }
	no_shadow
}
cylinder {
	<42.368973, 43.961361, 41.378456>,  <41.997849, 43.884972, 41.506645>, 0.100000
	pigment { color rgbt <1,0,0,0> }
	no_shadow
}

// particle -1
sphere {
	<42.368973, 43.961361, 41.378456> 0.100000
	pigment { color rgbt <1,0,0,0> }
	no_shadow
}
sphere {
	0, 1
	scale<0.080000,0.200000,0.300000>
	matrix <-0.372105, 0.412330, -0.831578,
		-0.026667, 0.890794, 0.453625,
		0.927807, 0.190972, -0.320473,
		42.647316, 44.018654, 41.282314>
	pigment { color rgbt <0,1,1,0> }
	no_shadow
}
cylinder {
	<42.032963, 44.573242, 41.383629>,  <41.997849, 43.884972, 41.506645>, 0.130000
	pigment { color rgbt <1,0,0,0> }
	no_shadow
}

// nucleotide -1

// particle -1
sphere {
	<42.032963, 44.573242, 41.383629> 0.250000
	pigment { color rgbt <1,0,0,0> }
	no_shadow
}
cylinder {
	<42.341499, 44.457516, 41.156887>,  <42.526623, 44.388081, 41.020840>, 0.100000
	pigment { color rgbt <1,0,0,0> }
	no_shadow
}
cylinder {
	<42.341499, 44.457516, 41.156887>,  <42.032963, 44.573242, 41.383629>, 0.100000
	pigment { color rgbt <1,0,0,0> }
	no_shadow
}

// particle -1
sphere {
	<42.341499, 44.457516, 41.156887> 0.100000
	pigment { color rgbt <1,0,0,0> }
	no_shadow
}
sphere {
	0, 1
	scale<0.080000,0.200000,0.300000>
	matrix <-0.250414, 0.680880, -0.688255,
		0.585083, 0.672830, 0.452745,
