// switches for output
#declare DRAW_BASES = 1; // possible values are 0, 1; only relevant for DNA ribbons
#declare DRAW_BASES_TYPE = 3; // possible values are 1, 2, 3; only relevant for DNA ribbons
#declare DRAW_FOG = 0; // set to 1 to enable fog

#include "colors.inc"

#include "transforms.inc"
background { rgb <1, 1, 1>}

#default {
   normal{
       ripples 0.25
       frequency 0.20
       turbulence 0.2
       lambda 5
   }
	finish {
		phong 0.1
		phong_size 40.
	}
}

// original window dimensions: 1024x640


// camera settings

camera {
	sky <-0, 1, 0>
	up <-0, 1, 0>
	right 1.6 * <1, 0, 0>
	location <44.88, 44.88, 200.277>
	look_at <44.88, 44.88, 44.88>
	direction <0, 0, -155.397>
	angle 67.0682
}


# declare cpy_camera_pos = <44.88, 44.88, 200.277>;
# if (DRAW_FOG = 1)
fog {
	fog_type 2
	up vnormalize(cpy_camera_pos)
	color rgbt<1,1,1,0.3>
	distance 1e-5
	fog_alt 3e-3
	fog_offset 71.808
}
# end


// LIGHTS

# declare lum = 6;
global_settings {
	ambient_light rgb lum * <0.05, 0.05, 0.05>
	max_trace_level 15
}# declare cpy_direct_light_amount = 0.25;
light_source
{	1000 * <-1, -1, 1>,
	rgb lum * cpy_direct_light_amount
	parallel
}

light_source
{	1000 * <1, 1, -1>,
	rgb lum * cpy_direct_light_amount
	parallel
}

// strand 0

// nucleotide -1

// particle -1
sphere {
	<38.068237, 46.707752, 56.908875> 0.250000
	pigment { color rgbt <1,0,0,0> }
	no_shadow
}
cylinder {
	<38.387444, 46.944138, 56.861660>,  <38.578968, 47.085968, 56.833332>, 0.100000
	pigment { color rgbt <1,0,0,0> }
	no_shadow
}
cylinder {
	<38.387444, 46.944138, 56.861660>,  <38.068237, 46.707752, 56.908875>, 0.100000
	pigment { color rgbt <1,0,0,0> }
	no_shadow
}

// particle -1
sphere {
	<38.387444, 46.944138, 56.861660> 0.100000
	pigment { color rgbt <1,0,0,0> }
	no_shadow
}
sphere {
	0, 1
	scale<0.080000,0.200000,0.300000>
	matrix <-0.096236, -0.068381, -0.993007,
		-0.594904, 0.803793, 0.002303,
		0.798015, 0.590966, -0.118034,
		38.626846, 47.121426, 56.826248>
	pigment { color rgbt <0,1,1,0> }
	no_shadow
}
cylinder {
	<37.935791, 46.953575, 56.222267>,  <38.068237, 46.707752, 56.908875>, 0.130000
	pigment { color rgbt <1,0,0,0> }
	no_shadow
}

// nucleotide -1

// particle -1
sphere {
	<37.935791, 46.953575, 56.222267> 0.250000
	pigment { color rgbt <1,0,0,0> }
	no_shadow
}
cylinder {
	<38.312798, 47.070168, 56.287621>,  <38.539001, 47.140121, 56.326832>, 0.100000
	pigment { color rgbt <1,0,0,0> }
	no_shadow
}
cylinder {
	<38.312798, 47.070168, 56.287621>,  <37.935791, 46.953575, 56.222267>, 0.100000
	pigment { color rgbt <1,0,0,0> }
	no_shadow
}

// particle -1
sphere {
	<38.312798, 47.070168, 56.287621> 0.100000
	pigment { color rgbt <1,0,0,0> }
	no_shadow
}
sphere {
	0, 1
	scale<0.080000,0.200000,0.300000>
	matrix <0.153469, 0.056727, -0.986524,
		-0.296821, 0.954893, 0.008733,
		0.942520, 0.291480, 0.163385,
		38.595554, 47.157612, 56.336636>
	pigment { color rgbt <0,1,1,0> }
	no_shadow
}
cylinder {
	<38.112629, 47.482075, 55.741459>,  <37.935791, 46.953575, 56.222267>, 0.130000
	pigment { color rgbt <1,0,0,0> }
	no_shadow
}

// nucleotide -1

// particle -1
sphere {
	<38.112629, 47.482075, 55.741459> 0.250000
	pigment { color rgbt <1,0,0,0> }
	no_shadow
}
cylinder {
	<38.441467, 47.283066, 55.852188>,  <38.638771, 47.163662, 55.918625>, 0.100000
	pigment { color rgbt <1,0,0,0> }
	no_shadow
}
cylinder {
	<38.441467, 47.283066, 55.852188>,  <38.112629, 47.482075, 55.741459>, 0.100000
	pigment { color rgbt <1,0,0,0> }
	no_shadow
}

// particle -1
sphere {
	<38.441467, 47.283066, 55.852188> 0.100000
	pigment { color rgbt <1,0,0,0> }
	no_shadow
}
sphere {
	0, 1
	scale<0.080000,0.200000,0.300000>
	matrix <0.234054, -0.147913, -0.960906,
		0.519015, 0.854749, -0.005152,
		0.822096, -0.497519, 0.276827,
		38.688095, 47.133812, 55.935238>
	pigment { color rgbt <0,1,1,0> }
	no_shadow
}
cylinder {
	<38.675140, 47.819775, 55.296356>,  <38.112629, 47.482075, 55.741459>, 0.130000
	pigment { color rgbt <1,0,0,0> }
	no_shadow
}

// nucleotide -1

// particle -1
sphere {
	<38.675140, 47.819775, 55.296356> 0.250000
	pigment { color rgbt <1,0,0,0> }
	no_shadow
}
cylinder {
	<38.759254, 47.447197, 55.415138>,  <38.809723, 47.223648, 55.486408>, 0.100000
	pigment { color rgbt <1,0,0,0> }
	no_shadow
}
cylinder {
	<38.759254, 47.447197, 55.415138>,  <38.675140, 47.819775, 55.296356>, 0.100000
	pigment { color rgbt <1,0,0,0> }
	no_shadow
}

// particle -1
sphere {
	<38.759254, 47.447197, 55.415138> 0.100000
	pigment { color rgbt <1,0,0,0> }
	no_shadow
}
sphere {
	0, 1
	scale<0.080000,0.200000,0.300000>
	matrix <0.285806, -0.231907, -0.929803,
		0.934930, 0.280398, 0.217446,
		0.210288, -0.931448, 0.296957,
		38.822342, 47.167763, 55.504227>
	pigment { color rgbt <0,1,1,0> }
	no_shadow
}
cylinder {
	<39.326714, 47.569691, 55.006008>,  <38.675140, 47.819775, 55.296356>, 0.130000
	pigment { color rgbt <1,0,0,0> }
	no_shadow
}

// nucleotide -1

// particle -1
sphere {
	<39.326714, 47.569691, 55.006008> 0.250000
	pigment { color rgbt <1,0,0,0> }
	no_shadow
}
cylinder {
	<39.202415, 47.208611, 55.125053>,  <39.127838, 46.991962, 55.196480>, 0.100000
	pigment { color rgbt <1,0,0,0> }
	no_shadow
}
cylinder {
	<39.202415, 47.208611, 55.125053>,  <39.326714, 47.569691, 55.006008>, 0.100000
	pigment { color rgbt <1,0,0,0> }
	no_shadow
}

// particle -1
sphere {
	<39.202415, 47.208611, 55.125053> 0.100000
	pigment { color rgbt <1,0,0,0> }
	no_shadow
}
sphere {
	0, 1
	scale<0.080000,0.200000,0.300000>
	matrix <0.416406, -0.410761, -0.811099,
		0.854427, -0.128113, 0.503529,
		-0.310743, -0.902697, 0.297618,
		39.109192, 46.937801, 55.214340>
	pigment { color rgbt <0,1,1,0> }
	no_shadow
}
cylinder {
	<39.781845, 47.099022, 54.836678>,  <39.326714, 47.569691, 55.006008>, 0.130000
	pigment { color rgbt <1,0,0,0> }
	no_shadow
}

// nucleotide -1

// particle -1
sphere {
	<39.781845, 47.099022, 54.836678> 0.250000
	pigment { color rgbt <1,0,0,0> }
	no_shadow
}
cylinder {
	<39.457748, 46.866089, 54.863213>,  <39.263290, 46.726330, 54.879131>, 0.100000
	pigment { color rgbt <1,0,0,0> }
	no_shadow
}
cylinder {
	<39.457748, 46.866089, 54.863213>,  <39.781845, 47.099022, 54.836678>, 0.100000
	pigment { color rgbt <1,0,0,0> }
	no_shadow
}

// particle -1
sphere {
	<39.457748, 46.866089, 54.863213> 0.100000
	pigment { color rgbt <1,0,0,0> }
	no_shadow
}
sphere {
	0, 1
	scale<0.080000,0.200000,0.300000>
	matrix <0.130490, -0.289574, -0.948219,
		0.571387, -0.759629, 0.310613,
		-0.810240, -0.582332, 0.066335,
		39.214676, 46.691391, 54.883114>
	pigment { color rgbt <0,1,1,0> }
	no_shadow
}
cylinder {
	<40.045616, 46.627480, 54.481846>,  <39.781845, 47.099022, 54.836678>, 0.130000
	pigment { color rgbt <1,0,0,0> }
	no_shadow
}

// nucleotide -1

// particle -1
sphere {
	<40.045616, 46.627480, 54.481846> 0.250000
	pigment { color rgbt <1,0,0,0> }
	no_shadow
}
cylinder {
	<39.661293, 46.525383, 54.525127>,  <39.430698, 46.464123, 54.551094>, 0.100000
	pigment { color rgbt <1,0,0,0> }
	no_shadow
}
cylinder {
	<39.661293, 46.525383, 54.525127>,  <40.045616, 46.627480, 54.481846>, 0.100000
	pigment { color rgbt <1,0,0,0> }
	no_shadow
}

// particle -1
sphere {
	<39.661293, 46.525383, 54.525127> 0.100000
	pigment { color rgbt <1,0,0,0> }
	no_shadow
}
sphere {
	0, 1
	scale<0.080000,0.200000,0.300000>
	matrix <0.033615, -0.494674, -0.868428,
		0.275184, -0.830752, 0.483865,
		-0.960804, -0.255243, 0.108200,
		39.373051, 46.448811, 54.557587>
	pigment { color rgbt <0,1,1,0> }
	no_shadow
}
cylinder {
	<40.047550, 45.862995, 54.428566>,  <40.045616, 46.627480, 54.481846>, 0.130000
	pigment { color rgbt <1,0,0,0> }
	no_shadow
}

// nucleotide -1

// particle -1
sphere {
	<40.047550, 45.862995, 54.428566> 0.250000
	pigment { color rgbt <1,0,0,0> }
	no_shadow
}
cylinder {
	<39.675499, 45.965336, 54.323196>,  <39.452267, 46.026741, 54.259975>, 0.100000
	pigment { color rgbt <1,0,0,0> }
	no_shadow
}
cylinder {
	<39.675499, 45.965336, 54.323196>,  <40.047550, 45.862995, 54.428566>, 0.100000
	pigment { color rgbt <1,0,0,0> }
	no_shadow
}

// particle -1
sphere {
	<39.675499, 45.965336, 54.323196> 0.100000
	pigment { color rgbt <1,0,0,0> }
	no_shadow
}
sphere {
	0, 1
	scale<0.080000,0.200000,0.300000>
	matrix <0.190006, -0.278551, -0.941439,
		-0.314250, -0.925714, 0.210475,
		-0.930131, 0.255855, -0.263426,
		39.396458, 46.042091, 54.244167>
	pigment { color rgbt <0,1,1,0> }
	no_shadow
}
cylinder {
	<39.678581, 45.260498, 54.043324>,  <40.047550, 45.862995, 54.428566>, 0.130000
	pigment { color rgbt <1,0,0,0> }
	no_shadow
}

// nucleotide -1

// particle -1
sphere {
	<39.678581, 45.260498, 54.043324> 0.250000
	pigment { color rgbt <1,0,0,0> }
	no_shadow
}
cylinder {
	<39.516075, 45.611103, 53.940044>,  <39.418571, 45.821468, 53.878075>, 0.100000
	pigment { color rgbt <1,0,0,0> }
	no_shadow
}
cylinder {
	<39.516075, 45.611103, 53.940044>,  <39.678581, 45.260498, 54.043324>, 0.100000
	pigment { color rgbt <1,0,0,0> }
	no_shadow
}

// particle -1
sphere {
	<39.516075, 45.611103, 53.940044> 0.100000
	pigment { color rgbt <1,0,0,0> }
	no_shadow
}
sphere {
	0, 1
	scale<0.080000,0.200000,0.300000>
	matrix <0.067316, -0.253092, -0.965097,
		-0.911272, -0.409466, 0.043819,
		-0.406265, 0.876517, -0.258200,
		39.394196, 45.874058, 53.862583>
	pigment { color rgbt <0,1,1,0> }
	no_shadow
}
cylinder {
	<39.368607, 45.057320, 53.450230>,  <39.678581, 45.260498, 54.043324>, 0.130000
	pigment { color rgbt <1,0,0,0> }
	no_shadow
}

// nucleotide -1

// particle -1
sphere {
	<39.368607, 45.057320, 53.450230> 0.250000
	pigment { color rgbt <1,0,0,0> }
	no_shadow
}
cylinder {
	<39.384995, 45.455627, 53.417332>,  <39.394825, 45.694611, 53.397591>, 0.100000
	pigment { color rgbt <1,0,0,0> }
	no_shadow
}
cylinder {
	<39.384995, 45.455627, 53.417332>,  <39.368607, 45.057320, 53.450230>, 0.100000
	pigment { color rgbt <1,0,0,0> }
	no_shadow
}

// particle -1
sphere {
	<39.384995, 45.455627, 53.417332> 0.100000
	pigment { color rgbt <1,0,0,0> }
	no_shadow
}
sphere {
	0, 1
	scale<0.080000,0.200000,0.300000>
	matrix <0.118665, -0.086583, -0.989152,
		-0.992089, 0.030764, -0.121710,
		0.040968, 0.995770, -0.082247,
		39.397285, 45.754360, 53.392658>
	pigment { color rgbt <0,1,1,0> }
	no_shadow
}
cylinder {
	<39.057713, 45.249111, 52.826767>,  <39.368607, 45.057320, 53.450230>, 0.130000
	pigment { color rgbt <1,0,0,0> }
	no_shadow
}

// nucleotide -1

// particle -1
sphere {
	<39.057713, 45.249111, 52.826767> 0.250000
	pigment { color rgbt <1,0,0,0> }
	no_shadow
}
cylinder {
	<39.287140, 45.568130, 52.901527>,  <39.424797, 45.759541, 52.946384>, 0.100000
	pigment { color rgbt <1,0,0,0> }
	no_shadow
}
cylinder {
	<39.287140, 45.568130, 52.901527>,  <39.057713, 45.249111, 52.826767>, 0.100000
	pigment { color rgbt <1,0,0,0> }
	no_shadow
}

// particle -1
sphere {
	<39.287140, 45.568130, 52.901527> 0.100000
	pigment { color rgbt <1,0,0,0> }
	no_shadow
}
sphere {
	0, 1
	scale<0.080000,0.200000,0.300000>
	matrix <0.360626, -0.040983, -0.931810,
		-0.735502, 0.601863, -0.311123,
		0.573572, 0.797547, 0.186904,
		39.459213, 45.807396, 52.957600>
	pigment { color rgbt <0,1,1,0> }
	no_shadow
}
cylinder {
	<38.901165, 45.690990, 52.278042>,  <39.057713, 45.249111, 52.826767>, 0.130000
	pigment { color rgbt <1,0,0,0> }
	no_shadow
}

// nucleotide -1

// particle -1
sphere {
	<38.901165, 45.690990, 52.278042> 0.250000
	pigment { color rgbt <1,0,0,0> }
	no_shadow
}
cylinder {
	<39.253647, 45.774048, 52.447918>,  <39.465137, 45.823883, 52.549843>, 0.100000
	pigment { color rgbt <1,0,0,0> }
	no_shadow
}
cylinder {
	<39.253647, 45.774048, 52.447918>,  <38.901165, 45.690990, 52.278042>, 0.100000
	pigment { color rgbt <1,0,0,0> }
	no_shadow
}

// particle -1
sphere {
	<39.253647, 45.774048, 52.447918> 0.100000
	pigment { color rgbt <1,0,0,0> }
	no_shadow
}
sphere {
	0, 1
	scale<0.080000,0.200000,0.300000>
	matrix <0.408769, 0.116550, -0.905165,
		-0.237448, 0.971237, 0.017827,
		0.881208, 0.207642, 0.424686,
		39.518009, 45.836342, 52.575325>
	pigment { color rgbt <0,1,1,0> }
	no_shadow
}
cylinder {
	<39.184494, 46.229053, 51.932377>,  <38.901165, 45.690990, 52.278042>, 0.130000
	pigment { color rgbt <1,0,0,0> }
	no_shadow
}

// nucleotide -1

// particle -1
sphere {
	<39.184494, 46.229053, 51.932377> 0.250000
	pigment { color rgbt <1,0,0,0> }
	no_shadow
}
cylinder {
	<39.495659, 46.046875, 52.105545>,  <39.682358, 45.937569, 52.209446>, 0.100000
	pigment { color rgbt <1,0,0,0> }
	no_shadow
}
cylinder {
	<39.495659, 46.046875, 52.105545>,  <39.184494, 46.229053, 51.932377>, 0.100000
	pigment { color rgbt <1,0,0,0> }
	no_shadow
}

// particle -1
sphere {
	<39.495659, 46.046875, 52.105545> 0.100000
	pigment { color rgbt <1,0,0,0> }
	no_shadow
}
sphere {
	0, 1
	scale<0.080000,0.200000,0.300000>
	matrix <0.493911, 0.017272, -0.869341,
		0.388461, 0.890096, 0.238386,
		0.777914, -0.455446, 0.432919,
		39.729034, 45.910240, 52.235420>
	pigment { color rgbt <0,1,1,0> }
	no_shadow
}
cylinder {
	<39.721703, 46.431068, 51.506351>,  <39.184494, 46.229053, 51.932377>, 0.130000
	pigment { color rgbt <1,0,0,0> }
	no_shadow
}

// nucleotide -1

// particle -1
sphere {
	<39.721703, 46.431068, 51.506351> 0.250000
	pigment { color rgbt <1,0,0,0> }
	no_shadow
}
cylinder {
	<39.880829, 46.117378, 51.696815>,  <39.976307, 45.929165, 51.811092>, 0.100000
	pigment { color rgbt <1,0,0,0> }
	no_shadow
}
cylinder {
	<39.880829, 46.117378, 51.696815>,  <39.721703, 46.431068, 51.506351>, 0.100000
	pigment { color rgbt <1,0,0,0> }
	no_shadow
}

// particle -1
sphere {
	<39.880829, 46.117378, 51.696815> 0.100000
	pigment { color rgbt <1,0,0,0> }
	no_shadow
}
sphere {
	0, 1
	scale<0.080000,0.200000,0.300000>
	matrix <0.536122, -0.222459, -0.814300,
		0.744522, 0.579225, 0.331943,
		0.397819, -0.784226, 0.476161,
		40.000175, 45.882111, 51.839664>
	pigment { color rgbt <0,1,1,0> }
	no_shadow
}
cylinder {
	<40.423962, 46.446247, 51.214149>,  <39.721703, 46.431068, 51.506351>, 0.130000
	pigment { color rgbt <1,0,0,0> }
	no_shadow
}

// nucleotide -1

// particle -1
sphere {
	<40.423962, 46.446247, 51.214149> 0.250000
	pigment { color rgbt <1,0,0,0> }
	no_shadow
}
cylinder {
	<40.384544, 46.097008, 51.405144>,  <40.360893, 45.887463, 51.519741>, 0.100000
	pigment { color rgbt <1,0,0,0> }
	no_shadow
}
cylinder {
	<40.384544, 46.097008, 51.405144>,  <40.423962, 46.446247, 51.214149>, 0.100000
	pigment { color rgbt <1,0,0,0> }
	no_shadow
}

// particle -1
sphere {
	<40.384544, 46.097008, 51.405144> 0.100000
	pigment { color rgbt <1,0,0,0> }
	no_shadow
}
sphere {
	0, 1
	scale<0.080000,0.200000,0.300000>
	matrix <0.609225, -0.432323, -0.664787,
		0.786851, 0.225384, 0.574515,
		-0.098544, -0.873097, 0.477483,
		40.354980, 45.835079, 51.548389>
	pigment { color rgbt <0,1,1,0> }
	no_shadow
}
cylinder {
	<41.092422, 46.187027, 51.112705>,  <40.423962, 46.446247, 51.214149>, 0.130000
	pigment { color rgbt <1,0,0,0> }
	no_shadow
}

// nucleotide -1

// particle -1
sphere {
	<41.092422, 46.187027, 51.112705> 0.250000
	pigment { color rgbt <1,0,0,0> }
	no_shadow
}
cylinder {
	<40.856331, 45.874012, 51.191971>,  <40.714676, 45.686203, 51.239529>, 0.100000
	pigment { color rgbt <1,0,0,0> }
	no_shadow
}
cylinder {
	<40.856331, 45.874012, 51.191971>,  <41.092422, 46.187027, 51.112705>, 0.100000
	pigment { color rgbt <1,0,0,0> }
	no_shadow
}

// particle -1
sphere {
	<40.856331, 45.874012, 51.191971> 0.100000
	pigment { color rgbt <1,0,0,0> }
	no_shadow
}
sphere {
	0, 1
	scale<0.080000,0.200000,0.300000>
	matrix <0.521455, -0.556996, -0.646406,
		0.616211, -0.278195, 0.736812,
		-0.590228, -0.782537, 0.198161,
		40.679264, 45.639252, 51.251419>
	pigment { color rgbt <0,1,1,0> }
	no_shadow
}
cylinder {
	<41.491116, 45.611908, 51.182579>,  <41.092422, 46.187027, 51.112705>, 0.130000
	pigment { color rgbt <1,0,0,0> }
	no_shadow
}

// nucleotide -1

// particle -1
sphere {
	<41.491116, 45.611908, 51.182579> 0.250000
	pigment { color rgbt <1,0,0,0> }
	no_shadow
}
cylinder {
	<41.137558, 45.441856, 51.104599>,  <40.925423, 45.339825, 51.057812>, 0.100000
	pigment { color rgbt <1,0,0,0> }
	no_shadow
}
cylinder {
	<41.137558, 45.441856, 51.104599>,  <41.491116, 45.611908, 51.182579>, 0.100000
	pigment { color rgbt <1,0,0,0> }
	no_shadow
}

// particle -1
sphere {
	<41.137558, 45.441856, 51.104599> 0.100000
	pigment { color rgbt <1,0,0,0> }
	no_shadow
}
sphere {
	0, 1
	scale<0.080000,0.200000,0.300000>
	matrix <0.389593, -0.438655, -0.809815,
		0.258758, -0.791738, 0.553349,
		-0.883890, -0.425127, -0.194950,
		40.872391, 45.314320, 51.046112>
	pigment { color rgbt <0,1,1,0> }
	no_shadow
}
cylinder {
	<41.606953, 44.891338, 51.088245>,  <41.491116, 45.611908, 51.182579>, 0.130000
	pigment { color rgbt <1,0,0,0> }
	no_shadow
}

// nucleotide -1

// particle -1
sphere {
	<41.606953, 44.891338, 51.088245> 0.250000
	pigment { color rgbt <1,0,0,0> }
	no_shadow
}
cylinder {
	<41.252312, 44.963017, 50.917686>,  <41.039528, 45.006023, 50.815350>, 0.100000
	pigment { color rgbt <1,0,0,0> }
	no_shadow
}
cylinder {
	<41.252312, 44.963017, 50.917686>,  <41.606953, 44.891338, 51.088245>, 0.100000
	pigment { color rgbt <1,0,0,0> }
	no_shadow
}

// particle -1
sphere {
	<41.252312, 44.963017, 50.917686> 0.100000
	pigment { color rgbt <1,0,0,0> }
	no_shadow
}
sphere {
	0, 1
	scale<0.080000,0.200000,0.300000>
	matrix <0.248379, -0.593228, -0.765760,
		-0.390175, -0.784837, 0.481451,
		-0.886606, 0.179198, -0.426399,
		40.986328, 45.016777, 50.789768>
	pigment { color rgbt <0,1,1,0> }
	no_shadow
}
cylinder {
	<41.369030, 44.154713, 50.838936>,  <41.606953, 44.891338, 51.088245>, 0.130000
	pigment { color rgbt <1,0,0,0> }
	no_shadow
}

// nucleotide -1

// particle -1
sphere {
	<41.369030, 44.154713, 50.838936> 0.250000
	pigment { color rgbt <1,0,0,0> }
	no_shadow
}
cylinder {
	<41.203751, 44.462891, 50.644745>,  <41.104584, 44.647797, 50.528229>, 0.100000
	pigment { color rgbt <1,0,0,0> }
	no_shadow
}
cylinder {
	<41.203751, 44.462891, 50.644745>,  <41.369030, 44.154713, 50.838936>, 0.100000
	pigment { color rgbt <1,0,0,0> }
	no_shadow
}

// particle -1
sphere {
	<41.203751, 44.462891, 50.644745> 0.100000
	pigment { color rgbt <1,0,0,0> }
	no_shadow
}
sphere {
	0, 1
	scale<0.080000,0.200000,0.300000>
	matrix <0.106275, -0.488676, -0.865969,
		-0.904419, -0.409409, 0.120040,
		-0.413196, 0.770442, -0.485478,
		41.079792, 44.694023, 50.499100>
	pigment { color rgbt <0,1,1,0> }
	no_shadow
}
cylinder {
	<40.886410, 43.867939, 50.500099>,  <41.369030, 44.154713, 50.838936>, 0.130000
	pigment { color rgbt <1,0,0,0> }
	no_shadow
}

// nucleotide -1

// particle -1
sphere {
	<40.886410, 43.867939, 50.500099> 0.250000
	pigment { color rgbt <1,0,0,0> }
	no_shadow
}
cylinder {
	<40.939461, 44.215263, 50.308914>,  <40.971291, 44.423656, 50.194202>, 0.100000
	pigment { color rgbt <1,0,0,0> }
	no_shadow
}
cylinder {
	<40.939461, 44.215263, 50.308914>,  <40.886410, 43.867939, 50.500099>, 0.100000
	pigment { color rgbt <1,0,0,0> }
	no_shadow
}

// particle -1
sphere {
	<40.939461, 44.215263, 50.308914> 0.100000
	pigment { color rgbt <1,0,0,0> }
	no_shadow
}
sphere {
	0, 1
	scale<0.080000,0.200000,0.300000>
	matrix <0.036029, -0.486126, -0.873146,
		-0.990510, 0.098586, -0.095761,
		0.132632, 0.868310, -0.477961,
		40.979252, 44.475758, 50.165527>
	pigment { color rgbt <0,1,1,0> }
	no_shadow
}
cylinder {
	<40.474255, 43.768482, 49.934612>,  <40.886410, 43.867939, 50.500099>, 0.130000
	pigment { color rgbt <1,0,0,0> }
	no_shadow
}

// nucleotide -1

// particle -1
sphere {
	<40.474255, 43.768482, 49.934612> 0.250000
	pigment { color rgbt <1,0,0,0> }
	no_shadow
}
cylinder {
	<40.700195, 44.085457, 49.842537>,  <40.835758, 44.275642, 49.787292>, 0.100000
	pigment { color rgbt <1,0,0,0> }
	no_shadow
}
cylinder {
	<40.700195, 44.085457, 49.842537>,  <40.474255, 43.768482, 49.934612>, 0.100000
	pigment { color rgbt <1,0,0,0> }
	no_shadow
}

// particle -1
sphere {
	<40.700195, 44.085457, 49.842537> 0.100000
	pigment { color rgbt <1,0,0,0> }
	no_shadow
}
sphere {
	0, 1
	scale<0.080000,0.200000,0.300000>
	matrix <0.092938, -0.338270, -0.936448,
		-0.819943, 0.507560, -0.264720,
		0.564851, 0.792437, -0.230191,
		40.869652, 44.323189, 49.773479>
	pigment { color rgbt <0,1,1,0> }
	no_shadow
}
cylinder {
	<40.209129, 43.967884, 49.329346>,  <40.474255, 43.768482, 49.934612>, 0.130000
	pigment { color rgbt <1,0,0,0> }
	no_shadow
}

// nucleotide -1

// particle -1
sphere {
	<40.209129, 43.967884, 49.329346> 0.250000
	pigment { color rgbt <1,0,0,0> }
	no_shadow
}
cylinder {
	<40.584579, 44.105812, 49.333107>,  <40.809849, 44.188568, 49.335365>, 0.100000
	pigment { color rgbt <1,0,0,0> }
	no_shadow
}
cylinder {
	<40.584579, 44.105812, 49.333107>,  <40.209129, 43.967884, 49.329346>, 0.100000
	pigment { color rgbt <1,0,0,0> }
	no_shadow
}

// particle -1
sphere {
	<40.584579, 44.105812, 49.333107> 0.100000
	pigment { color rgbt <1,0,0,0> }
	no_shadow
}
sphere {
	0, 1
	scale<0.080000,0.200000,0.300000>
	matrix <0.084767, -0.204145, -0.975264,
		-0.334369, 0.916202, -0.220844,
		0.938622, 0.344818, 0.009404,
		40.866165, 44.209259, 49.335930>
	pigment { color rgbt <0,1,1,0> }
	no_shadow
}
cylinder {
	<40.231842, 44.397041, 48.804768>,  <40.209129, 43.967884, 49.329346>, 0.130000
	pigment { color rgbt <1,0,0,0> }
	no_shadow
}

// nucleotide -1

// particle -1
sphere {
	<40.231842, 44.397041, 48.804768> 0.250000
	pigment { color rgbt <1,0,0,0> }
	no_shadow
}
cylinder {
	<40.622643, 44.335262, 48.863579>,  <40.857124, 44.298195, 48.898865>, 0.100000
	pigment { color rgbt <1,0,0,0> }
	no_shadow
}
cylinder {
	<40.622643, 44.335262, 48.863579>,  <40.231842, 44.397041, 48.804768>, 0.100000
	pigment { color rgbt <1,0,0,0> }
	no_shadow
}

// particle -1
sphere {
	<40.622643, 44.335262, 48.863579> 0.100000
	pigment { color rgbt <1,0,0,0> }
	no_shadow
}
sphere {
	0, 1
	scale<0.080000,0.200000,0.300000>
	matrix <0.142465, -0.040248, -0.988981,
		0.158659, 0.987181, -0.017320,
		0.977001, -0.154444, 0.147025,
		40.915741, 44.288929, 48.907684>
	pigment { color rgbt <0,1,1,0> }
	no_shadow
}
cylinder {
	<40.602943, 44.932999, 48.441837>,  <40.231842, 44.397041, 48.804768>, 0.130000
	pigment { color rgbt <1,0,0,0> }
	no_shadow
}

// nucleotide -1

// particle -1
sphere {
	<40.602943, 44.932999, 48.441837> 0.250000
	pigment { color rgbt <1,0,0,0> }
	no_shadow
}
cylinder {
	<40.877182, 44.644909, 48.484226>,  <41.041725, 44.472054, 48.509659>, 0.100000
	pigment { color rgbt <1,0,0,0> }
	no_shadow
}
cylinder {
	<40.877182, 44.644909, 48.484226>,  <40.602943, 44.932999, 48.441837>, 0.100000
	pigment { color rgbt <1,0,0,0> }
	no_shadow
}

// particle -1
sphere {
	<40.877182, 44.644909, 48.484226> 0.100000
	pigment { color rgbt <1,0,0,0> }
	no_shadow
}
sphere {
	0, 1
	scale<0.080000,0.200000,0.300000>
	matrix <0.145787, -0.006787, -0.989293,
		0.713233, 0.693707, 0.100346,
		0.685598, -0.720225, 0.105974,
		41.082863, 44.428841, 48.516018>
	pigment { color rgbt <0,1,1,0> }
	no_shadow
}
cylinder {
	<41.121574, 45.168739, 48.002186>,  <40.602943, 44.932999, 48.441837>, 0.130000
	pigment { color rgbt <1,0,0,0> }
	no_shadow
}

// nucleotide -1

// particle -1
sphere {
	<41.121574, 45.168739, 48.002186> 0.250000
	pigment { color rgbt <1,0,0,0> }
	no_shadow
}
cylinder {
	<41.215965, 44.785599, 48.067707>,  <41.272598, 44.555714, 48.107021>, 0.100000
	pigment { color rgbt <1,0,0,0> }
	no_shadow
}
cylinder {
	<41.215965, 44.785599, 48.067707>,  <41.121574, 45.168739, 48.002186>, 0.100000
	pigment { color rgbt <1,0,0,0> }
	no_shadow
}

// particle -1
sphere {
	<41.215965, 44.785599, 48.067707> 0.100000
	pigment { color rgbt <1,0,0,0> }
	no_shadow
}
sphere {
	0, 1
	scale<0.080000,0.200000,0.300000>
	matrix <0.145728, -0.131778, -0.980509,
		0.960770, 0.255248, 0.108490,
		0.235976, -0.957853, 0.163805,
		41.286758, 44.498241, 48.116848>
	pigment { color rgbt <0,1,1,0> }
	no_shadow
}
cylinder {
	<41.839233, 45.022625, 47.836327>,  <41.121574, 45.168739, 48.002186>, 0.130000
	pigment { color rgbt <1,0,0,0> }
	no_shadow
}

// nucleotide -1

// particle -1
sphere {
	<41.839233, 45.022625, 47.836327> 0.250000
	pigment { color rgbt <1,0,0,0> }
	no_shadow
}
cylinder {
	<41.639351, 44.678600, 47.795185>,  <41.519421, 44.472183, 47.770500>, 0.100000
	pigment { color rgbt <1,0,0,0> }
	no_shadow
}
cylinder {
	<41.639351, 44.678600, 47.795185>,  <41.839233, 45.022625, 47.836327>, 0.100000
	pigment { color rgbt <1,0,0,0> }
	no_shadow
}

// particle -1
sphere {
	<41.639351, 44.678600, 47.795185> 0.100000
	pigment { color rgbt <1,0,0,0> }
	no_shadow
}
sphere {
	0, 1
	scale<0.080000,0.200000,0.300000>
	matrix <0.272088, -0.043127, -0.961305,
		0.822351, -0.508357, 0.255565,
		-0.499708, -0.860066, -0.102852,
		41.489437, 44.420582, 47.764328>
	pigment { color rgbt <0,1,1,0> }
	no_shadow
}
cylinder {
	<42.207088, 44.448711, 47.591537>,  <41.839233, 45.022625, 47.836327>, 0.130000
	pigment { color rgbt <1,0,0,0> }
	no_shadow
}

// nucleotide -1

// particle -1
sphere {
	<42.207088, 44.448711, 47.591537> 0.250000
	pigment { color rgbt <1,0,0,0> }
	no_shadow
}
cylinder {
	<41.848473, 44.312859, 47.477783>,  <41.633305, 44.231346, 47.409531>, 0.100000
	pigment { color rgbt <1,0,0,0> }
	no_shadow
}
cylinder {
	<41.848473, 44.312859, 47.477783>,  <42.207088, 44.448711, 47.591537>, 0.100000
	pigment { color rgbt <1,0,0,0> }
	no_shadow
}

// particle -1
sphere {
	<41.848473, 44.312859, 47.477783> 0.100000
	pigment { color rgbt <1,0,0,0> }
	no_shadow
}
sphere {
	0, 1
	scale<0.080000,0.200000,0.300000>
	matrix <0.373428, -0.234142, -0.897624,
		0.238275, -0.910949, 0.336745,
		-0.896536, -0.339632, -0.284383,
		41.579514, 44.210968, 47.392467>
	pigment { color rgbt <0,1,1,0> }
	no_shadow
}
cylinder {
	<42.393513, 43.910187, 47.075298>,  <42.207088, 44.448711, 47.591537>, 0.130000
	pigment { color rgbt <1,0,0,0> }
	no_shadow
}

// nucleotide -1

// particle -1
sphere {
	<42.393513, 43.910187, 47.075298> 0.250000
	pigment { color rgbt <1,0,0,0> }
	no_shadow
}
cylinder {
	<42.005081, 43.978016, 47.008072>,  <41.772022, 44.018715, 46.967735>, 0.100000
	pigment { color rgbt <1,0,0,0> }
	no_shadow
}
cylinder {
	<42.005081, 43.978016, 47.008072>,  <42.393513, 43.910187, 47.075298>, 0.100000
	pigment { color rgbt <1,0,0,0> }
	no_shadow
}

// particle -1
sphere {
	<42.005081, 43.978016, 47.008072> 0.100000
	pigment { color rgbt <1,0,0,0> }
	no_shadow
}
sphere {
	0, 1
	scale<0.080000,0.200000,0.300000>
	matrix <0.146992, -0.130060, -0.980550,
		-0.188139, -0.976897, 0.101372,
		-0.971080, 0.169579, -0.168065,
		41.713757, 44.028889, 46.957653>
	pigment { color rgbt <0,1,1,0> }
	no_shadow
}
cylinder {
	<42.160915, 43.409096, 46.562412>,  <42.393513, 43.910187, 47.075298>, 0.130000
	pigment { color rgbt <1,0,0,0> }
	no_shadow
}

// nucleotide -1

// particle -1
sphere {
	<42.160915, 43.409096, 46.562412> 0.250000
	pigment { color rgbt <1,0,0,0> }
	no_shadow
}
cylinder {
	<41.873238, 43.684399, 46.524326>,  <41.700630, 43.849579, 46.501476>, 0.100000
	pigment { color rgbt <1,0,0,0> }
	no_shadow
}
cylinder {
	<41.873238, 43.684399, 46.524326>,  <42.160915, 43.409096, 46.562412>, 0.100000
	pigment { color rgbt <1,0,0,0> }
	no_shadow
}

// particle -1
sphere {
	<41.873238, 43.684399, 46.524326> 0.100000
	pigment { color rgbt <1,0,0,0> }
	no_shadow
}
sphere {
	0, 1
	scale<0.080000,0.200000,0.300000>
	matrix <-0.015805, -0.153207, -0.988068,
		-0.694629, -0.709108, 0.121063,
		-0.719195, 0.688254, -0.095215,
		41.657478, 43.890873, 46.495762>
	pigment { color rgbt <0,1,1,0> }
	no_shadow
}
cylinder {
	<41.703434, 43.149315, 46.155807>,  <42.160915, 43.409096, 46.562412>, 0.130000
	pigment { color rgbt <1,0,0,0> }
	no_shadow
}

// nucleotide -1

// particle -1
sphere {
	<41.703434, 43.149315, 46.155807> 0.250000
	pigment { color rgbt <1,0,0,0> }
	no_shadow
}
cylinder {
	<41.629631, 43.538551, 46.100597>,  <41.585350, 43.772095, 46.067471>, 0.100000
	pigment { color rgbt <1,0,0,0> }
	no_shadow
}
cylinder {
	<41.629631, 43.538551, 46.100597>,  <41.703434, 43.149315, 46.155807>, 0.100000
	pigment { color rgbt <1,0,0,0> }
	no_shadow
}

// particle -1
sphere {
	<41.629631, 43.538551, 46.100597> 0.100000
	pigment { color rgbt <1,0,0,0> }
	no_shadow
}
sphere {
	0, 1
	scale<0.080000,0.200000,0.300000>
	matrix <-0.024420, -0.144935, -0.989140,
		-0.982527, -0.179135, 0.050505,
		-0.184510, 0.973090, -0.138028,
		41.574280, 43.830479, 46.059189>
	pigment { color rgbt <0,1,1,0> }
	no_shadow
}
cylinder {
	<41.181831, 43.191757, 45.599228>,  <41.703434, 43.149315, 46.155807>, 0.130000
	pigment { color rgbt <1,0,0,0> }
	no_shadow
}

// nucleotide -1

// particle -1
sphere {
	<41.181831, 43.191757, 45.599228> 0.250000
	pigment { color rgbt <1,0,0,0> }
	no_shadow
}
cylinder {
	<41.344025, 43.556610, 45.623234>,  <41.441341, 43.775520, 45.637638>, 0.100000
	pigment { color rgbt <1,0,0,0> }
	no_shadow
}
cylinder {
	<41.344025, 43.556610, 45.623234>,  <41.181831, 43.191757, 45.599228>, 0.100000
	pigment { color rgbt <1,0,0,0> }
	no_shadow
}

// particle -1
sphere {
	<41.344025, 43.556610, 45.623234> 0.100000
	pigment { color rgbt <1,0,0,0> }
	no_shadow
}
sphere {
	0, 1
	scale<0.080000,0.200000,0.300000>
	matrix <-0.037053, 0.081999, -0.995943,
		-0.913349, 0.401619, 0.067047,
		0.405488, 0.912128, 0.060013,
		41.465672, 43.830250, 45.641239>
	pigment { color rgbt <0,1,1,0> }
	no_shadow
}
cylinder {
	<40.786785, 43.604351, 45.252628>,  <41.181831, 43.191757, 45.599228>, 0.130000
	pigment { color rgbt <1,0,0,0> }
	no_shadow
}

// nucleotide -1

// particle -1
sphere {
	<40.786785, 43.604351, 45.252628> 0.250000
	pigment { color rgbt <1,0,0,0> }
	no_shadow
}
cylinder {
	<41.131638, 43.805904, 45.273941>,  <41.338547, 43.926838, 45.286728>, 0.100000
	pigment { color rgbt <1,0,0,0> }
	no_shadow
}
cylinder {
	<41.131638, 43.805904, 45.273941>,  <40.786785, 43.604351, 45.252628>, 0.100000
	pigment { color rgbt <1,0,0,0> }
	no_shadow
}

// particle -1
sphere {
	<41.131638, 43.805904, 45.273941> 0.100000
	pigment { color rgbt <1,0,0,0> }
	no_shadow
}
sphere {
	0, 1
	scale<0.080000,0.200000,0.300000>
	matrix <-0.045241, 0.181294, -0.982388,
		-0.504668, 0.844533, 0.179094,
		0.862127, 0.503882, 0.053286,
		41.390274, 43.957069, 45.289928>
	pigment { color rgbt <0,1,1,0> }
	no_shadow
}
cylinder {
	<40.691841, 44.321129, 44.927921>,  <40.786785, 43.604351, 45.252628>, 0.130000
	pigment { color rgbt <1,0,0,0> }
	no_shadow
}

// nucleotide -1

// particle -1
sphere {
	<40.691841, 44.321129, 44.927921> 0.250000
	pigment { color rgbt <1,0,0,0> }
	no_shadow
}
cylinder {
	<41.089691, 44.291576, 44.898911>,  <41.328400, 44.273846, 44.881504>, 0.100000
	pigment { color rgbt <1,0,0,0> }
	no_shadow
}
cylinder {
	<41.089691, 44.291576, 44.898911>,  <40.691841, 44.321129, 44.927921>, 0.100000
	pigment { color rgbt <1,0,0,0> }
	no_shadow
}

// particle -1
sphere {
	<41.089691, 44.291576, 44.898911> 0.100000
	pigment { color rgbt <1,0,0,0> }
	no_shadow
}
sphere {
	0, 1
	scale<0.080000,0.200000,0.300000>
	matrix <-0.045294, 0.319389, -0.946541,
		0.093095, 0.944739, 0.314326,
		0.994626, -0.073881, -0.072525,
		41.388081, 44.269413, 44.877151>
	pigment { color rgbt <0,1,1,0> }
	no_shadow
}
cylinder {
	<40.814922, 44.911865, 44.583920>,  <40.691841, 44.321129, 44.927921>, 0.130000
	pigment { color rgbt <1,0,0,0> }
	no_shadow
}

// nucleotide -1

// particle -1
sphere {
	<40.814922, 44.911865, 44.583920> 0.250000
	pigment { color rgbt <1,0,0,0> }
	no_shadow
}
cylinder {
	<41.132721, 44.675625, 44.527393>,  <41.323399, 44.533878, 44.493477>, 0.100000
	pigment { color rgbt <1,0,0,0> }
	no_shadow
}
cylinder {
	<41.132721, 44.675625, 44.527393>,  <40.814922, 44.911865, 44.583920>, 0.100000
	pigment { color rgbt <1,0,0,0> }
	no_shadow
}

// particle -1
sphere {
	<41.132721, 44.675625, 44.527393> 0.100000
	pigment { color rgbt <1,0,0,0> }
	no_shadow
}
sphere {
	0, 1
	scale<0.080000,0.200000,0.300000>
	matrix <0.040339, 0.283511, -0.958120,
		0.605932, 0.755519, 0.249072,
		0.794493, -0.590603, -0.141312,
		41.371067, 44.498444, 44.485001>
	pigment { color rgbt <0,1,1,0> }
	no_shadow
}
cylinder {
	<41.291386, 45.379509, 44.212463>,  <40.814922, 44.911865, 44.583920>, 0.130000
	pigment { color rgbt <1,0,0,0> }
	no_shadow
}

// nucleotide -1

// particle -1
sphere {
	<41.291386, 45.379509, 44.212463> 0.250000
	pigment { color rgbt <1,0,0,0> }
	no_shadow
}
cylinder {
	<41.417488, 45.004349, 44.154549>,  <41.493149, 44.779255, 44.119801>, 0.100000
	pigment { color rgbt <1,0,0,0> }
	no_shadow
}
cylinder {
	<41.417488, 45.004349, 44.154549>,  <41.291386, 45.379509, 44.212463>, 0.100000
	pigment { color rgbt <1,0,0,0> }
	no_shadow
}

// particle -1
sphere {
	<41.417488, 45.004349, 44.154549> 0.100000
	pigment { color rgbt <1,0,0,0> }
	no_shadow
}
sphere {
	0, 1
	scale<0.080000,0.200000,0.300000>
	matrix <0.009253, 0.155596, -0.987778,
		0.948962, 0.310061, 0.057730,
		0.315254, -0.937898, -0.144786,
		41.512066, 44.722980, 44.111115>
	pigment { color rgbt <0,1,1,0> }
	no_shadow
}
cylinder {
	<41.878864, 45.377224, 43.765320>,  <41.291386, 45.379509, 44.212463>, 0.130000
	pigment { color rgbt <1,0,0,0> }
	no_shadow
}

// nucleotide -1

// particle -1
sphere {
	<41.878864, 45.377224, 43.765320> 0.250000
	pigment { color rgbt <1,0,0,0> }
	no_shadow
}
cylinder {
	<41.673431, 45.035648, 43.731808>,  <41.550171, 44.830704, 43.711700>, 0.100000
	pigment { color rgbt <1,0,0,0> }
	no_shadow
}
cylinder {
	<41.673431, 45.035648, 43.731808>,  <41.878864, 45.377224, 43.765320>, 0.100000
	pigment { color rgbt <1,0,0,0> }
	no_shadow
}

// particle -1
sphere {
	<41.673431, 45.035648, 43.731808> 0.100000
	pigment { color rgbt <1,0,0,0> }
	no_shadow
}
sphere {
	0, 1
	scale<0.080000,0.200000,0.300000>
	matrix <-0.106050, 0.160063, -0.981394,
		0.851459, -0.495146, -0.172766,
		-0.513586, -0.853938, -0.083777,
		41.519356, 44.779469, 43.706676>
	pigment { color rgbt <0,1,1,0> }
	no_shadow
}
cylinder {
	<42.255466, 44.847828, 43.291340>,  <41.878864, 45.377224, 43.765320>, 0.130000
	pigment { color rgbt <1,0,0,0> }
	no_shadow
}

// nucleotide -1

// particle -1
sphere {
	<42.255466, 44.847828, 43.291340> 0.250000
	pigment { color rgbt <1,0,0,0> }
	no_shadow
}
cylinder {
	<41.862816, 44.776432, 43.318317>,  <41.627224, 44.733597, 43.334503>, 0.100000
	pigment { color rgbt <1,0,0,0> }
	no_shadow
}
cylinder {
	<41.862816, 44.776432, 43.318317>,  <42.255466, 44.847828, 43.291340>, 0.100000
	pigment { color rgbt <1,0,0,0> }
	no_shadow
}

// particle -1
sphere {
	<41.862816, 44.776432, 43.318317> 0.100000
	pigment { color rgbt <1,0,0,0> }
	no_shadow
}
sphere {
	0, 1
	scale<0.080000,0.200000,0.300000>
	matrix <-0.077780, 0.051542, -0.995637,
		0.174234, -0.982591, -0.064478,
		-0.981628, -0.178489, 0.067446,
		41.568329, 44.722885, 43.338551>
	pigment { color rgbt <0,1,1,0> }
	no_shadow
}
cylinder {
	<42.110096, 44.312820, 42.734329>,  <42.255466, 44.847828, 43.291340>, 0.130000
	pigment { color rgbt <1,0,0,0> }
	no_shadow
}

// nucleotide -1

// particle -1
sphere {
	<42.110096, 44.312820, 42.734329> 0.250000
	pigment { color rgbt <1,0,0,0> }
	no_shadow
}
cylinder {
	<41.752274, 44.467106, 42.824654>,  <41.537579, 44.559677, 42.878849>, 0.100000
	pigment { color rgbt <1,0,0,0> }
	no_shadow
}
cylinder {
	<41.752274, 44.467106, 42.824654>,  <42.110096, 44.312820, 42.734329>, 0.100000
	pigment { color rgbt <1,0,0,0> }
	no_shadow
}

// particle -1
sphere {
	<41.752274, 44.467106, 42.824654> 0.100000
	pigment { color rgbt <1,0,0,0> }
	no_shadow
}
sphere {
	0, 1
	scale<0.080000,0.200000,0.300000>
	matrix <-0.220472, 0.058683, -0.973626,
		-0.388792, -0.920750, 0.032544,
		-0.894557, 0.385713, 0.225816,
		41.483906, 44.582821, 42.892399>
	pigment { color rgbt <0,1,1,0> }
	no_shadow
}
cylinder {
	<41.807076, 44.124100, 42.114040>,  <42.110096, 44.312820, 42.734329>, 0.130000
	pigment { color rgbt <1,0,0,0> }
	no_shadow
}

// nucleotide -1

// particle -1
sphere {
	<41.807076, 44.124100, 42.114040> 0.250000
	pigment { color rgbt <1,0,0,0> }
	no_shadow
}
cylinder {
	<41.559456, 44.389629, 42.281906>,  <41.410885, 44.548946, 42.382626>, 0.100000
	pigment { color rgbt <1,0,0,0> }
	no_shadow
}
cylinder {
	<41.559456, 44.389629, 42.281906>,  <41.807076, 44.124100, 42.114040>, 0.100000
	pigment { color rgbt <1,0,0,0> }
	no_shadow
}

// particle -1
sphere {
	<41.559456, 44.389629, 42.281906> 0.100000
	pigment { color rgbt <1,0,0,0> }
	no_shadow
}
sphere {
	0, 1
	scale<0.080000,0.200000,0.300000>
	matrix <-0.092400, 0.469088, -0.878304,
		-0.779895, -0.582493, -0.229053,
		-0.619052, 0.663821, 0.419662,
		41.373741, 44.588776, 42.407806>
	pigment { color rgbt <0,1,1,0> }
	no_shadow
}
cylinder {
	<41.169399, 44.035389, 41.813385>,  <41.807076, 44.124100, 42.114040>, 0.130000
	pigment { color rgbt <1,0,0,0> }
	no_shadow
}

// nucleotide -1

// particle -1
sphere {
	<41.169399, 44.035389, 41.813385> 0.250000
	pigment { color rgbt <1,0,0,0> }
	no_shadow
}
cylinder {
	<41.168236, 44.413216, 41.944706>,  <41.167538, 44.639912, 42.023499>, 0.100000
	pigment { color rgbt <1,0,0,0> }
	no_shadow
}
cylinder {
	<41.168236, 44.413216, 41.944706>,  <41.169399, 44.035389, 41.813385>, 0.100000
	pigment { color rgbt <1,0,0,0> }
	no_shadow
}

// particle -1
sphere {
	<41.168236, 44.413216, 41.944706> 0.100000
	pigment { color rgbt <1,0,0,0> }
	no_shadow
}
sphere {
	0, 1
	scale<0.080000,0.200000,0.300000>
	matrix <-0.123693, 0.325443, -0.937436,
		-0.992316, -0.043334, 0.115891,
		-0.002907, 0.944568, 0.328303,
		41.167362, 44.696587, 42.043198>
	pigment { color rgbt <0,1,1,0> }
	no_shadow
}
cylinder {
	<40.648548, 44.261318, 41.428246>,  <41.169399, 44.035389, 41.813385>, 0.130000
	pigment { color rgbt <1,0,0,0> }
	no_shadow
}

// nucleotide -1

// particle -1
sphere {
	<40.648548, 44.261318, 41.428246> 0.250000
	pigment { color rgbt <1,0,0,0> }
	no_shadow
}
cylinder {
	<40.862602, 44.580288, 41.539780>,  <40.991035, 44.771667, 41.606701>, 0.100000
	pigment { color rgbt <1,0,0,0> }
	no_shadow
}
cylinder {
	<40.862602, 44.580288, 41.539780>,  <40.648548, 44.261318, 41.428246>, 0.100000
	pigment { color rgbt <1,0,0,0> }
	no_shadow
}

// particle -1
sphere {
	<40.862602, 44.580288, 41.539780> 0.100000
	pigment { color rgbt <1,0,0,0> }
	no_shadow
}
sphere {
	0, 1
	scale<0.080000,0.200000,0.300000>
	matrix <-0.096165, 0.385428, -0.917713,
		-0.839273, 0.464290, 0.282941,
		0.535139, 0.797421, 0.278831,
		41.023144, 44.819515, 41.623428>
	pigment { color rgbt <0,1,1,0> }
	no_shadow
}
cylinder {
	<40.306129, 44.818707, 41.013599>,  <40.648548, 44.261318, 41.428246>, 0.130000
	pigment { color rgbt <1,0,0,0> }
	no_shadow
}

// nucleotide -1

// particle -1
sphere {
	<40.306129, 44.818707, 41.013599> 0.250000
	pigment { color rgbt <1,0,0,0> }
	no_shadow
}
cylinder {
	<40.631020, 44.988544, 41.173599>,  <40.825954, 45.090446, 41.269600>, 0.100000
	pigment { color rgbt <1,0,0,0> }
	no_shadow
}
cylinder {
	<40.631020, 44.988544, 41.173599>,  <40.306129, 44.818707, 41.013599>, 0.100000
	pigment { color rgbt <1,0,0,0> }
	no_shadow
}

// particle -1
sphere {
	<40.631020, 44.988544, 41.173599> 0.100000
	pigment { color rgbt <1,0,0,0> }
	no_shadow
}
sphere {
	0, 1
	scale<0.080000,0.200000,0.300000>
	matrix <-0.010464, 0.696206, -0.717765,
		-0.583245, 0.578804, 0.569922,
		0.812229, 0.424597, 0.400002,
		40.874687, 45.115925, 41.293598>
	pigment { color rgbt <0,1,1,0> }
	no_shadow
}
cylinder {
	<40.224957, 45.542034, 40.938137>,  <40.306129, 44.818707, 41.013599>, 0.130000
	pigment { color rgbt <1,0,0,0> }
	no_shadow
}

// nucleotide -1

// particle -1
sphere {
	<40.224957, 45.542034, 40.938137> 0.250000
	pigment { color rgbt <1,0,0,0> }
	no_shadow
}
cylinder {
	<40.602379, 45.409588, 40.941517>,  <40.828831, 45.330120, 40.943542>, 0.100000
	pigment { color rgbt <1,0,0,0> }
	no_shadow
}
cylinder {
	<40.602379, 45.409588, 40.941517>,  <40.224957, 45.542034, 40.938137>, 0.100000
	pigment { color rgbt <1,0,0,0> }
	no_shadow
}

// particle -1
sphere {
	<40.602379, 45.409588, 40.941517> 0.100000
	pigment { color rgbt <1,0,0,0> }
	no_shadow
}
sphere {
	0, 1
	scale<0.080000,0.200000,0.300000>
	matrix <0.170602, 0.463969, -0.869268,
		0.283912, 0.821641, 0.494268,
