// switches for output
#declare DRAW_BASES = 1; // possible values are 0, 1; only relevant for DNA ribbons
#declare DRAW_BASES_TYPE = 3; // possible values are 1, 2, 3; only relevant for DNA ribbons
#declare DRAW_FOG = 0; // set to 1 to enable fog

#include "colors.inc"

#include "transforms.inc"
background { rgb <1, 1, 1>}

#default {
   normal{
       ripples 0.25
       frequency 0.20
       turbulence 0.2
       lambda 5
   }
	finish {
		phong 0.1
		phong_size 40.
	}
}

// original window dimensions: 1024x640


// camera settings

camera {
	sky <-0, 1, 0>
	up <-0, 1, 0>
	right 1.6 * <1, 0, 0>
	location <44.88, 44.88, 200.277>
	look_at <44.88, 44.88, 44.88>
	direction <0, 0, -155.397>
	angle 67.0682
}


# declare cpy_camera_pos = <44.88, 44.88, 200.277>;
# if (DRAW_FOG = 1)
fog {
	fog_type 2
	up vnormalize(cpy_camera_pos)
	color rgbt<1,1,1,0.3>
	distance 1e-5
	fog_alt 3e-3
	fog_offset 71.808
}
# end


// LIGHTS

# declare lum = 6;
global_settings {
	ambient_light rgb lum * <0.05, 0.05, 0.05>
	max_trace_level 15
}# declare cpy_direct_light_amount = 0.25;
light_source
{	1000 * <-1, -1, 1>,
	rgb lum * cpy_direct_light_amount
	parallel
}

light_source
{	1000 * <1, 1, -1>,
	rgb lum * cpy_direct_light_amount
	parallel
}

// strand 0

// nucleotide -1

// particle -1
sphere {
	<36.602547, 46.468990, 55.849888> 0.250000
	pigment { color rgbt <1,0,0,0> }
	no_shadow
}
cylinder {
	<36.982353, 46.492271, 55.973198>,  <37.210236, 46.506241, 56.047184>, 0.100000
	pigment { color rgbt <1,0,0,0> }
	no_shadow
}
cylinder {
	<36.982353, 46.492271, 55.973198>,  <36.602547, 46.468990, 55.849888>, 0.100000
	pigment { color rgbt <1,0,0,0> }
	no_shadow
}

// particle -1
sphere {
	<36.982353, 46.492271, 55.973198> 0.100000
	pigment { color rgbt <1,0,0,0> }
	no_shadow
}
sphere {
	0, 1
	scale<0.080000,0.200000,0.300000>
	matrix <0.312480, -0.088244, -0.945817,
		-0.027848, 0.994397, -0.101977,
		0.949516, 0.058205, 0.308272,
		37.267208, 46.509731, 56.065678>
	pigment { color rgbt <0,1,1,0> }
	no_shadow
}
cylinder {
	<37.010452, 47.078850, 55.456715>,  <36.602547, 46.468990, 55.849888>, 0.130000
	pigment { color rgbt <1,0,0,0> }
	no_shadow
}

// nucleotide -1

// particle -1
sphere {
	<37.010452, 47.078850, 55.456715> 0.250000
	pigment { color rgbt <1,0,0,0> }
	no_shadow
}
cylinder {
	<37.270767, 46.800179, 55.577461>,  <37.426956, 46.632977, 55.649910>, 0.100000
	pigment { color rgbt <1,0,0,0> }
	no_shadow
}
cylinder {
	<37.270767, 46.800179, 55.577461>,  <37.010452, 47.078850, 55.456715>, 0.100000
	pigment { color rgbt <1,0,0,0> }
	no_shadow
}

// particle -1
sphere {
	<37.270767, 46.800179, 55.577461> 0.100000
	pigment { color rgbt <1,0,0,0> }
	no_shadow
}
sphere {
	0, 1
	scale<0.080000,0.200000,0.300000>
	matrix <0.407862, -0.014567, -0.912927,
		0.640414, 0.717235, 0.274669,
		0.650783, -0.696679, 0.301862,
		37.466003, 46.591175, 55.668018>
	pigment { color rgbt <0,1,1,0> }
	no_shadow
}
cylinder {
	<37.714577, 47.268028, 55.186329>,  <37.010452, 47.078850, 55.456715>, 0.130000
	pigment { color rgbt <1,0,0,0> }
	no_shadow
}

// nucleotide -1

// particle -1
sphere {
	<37.714577, 47.268028, 55.186329> 0.250000
	pigment { color rgbt <1,0,0,0> }
	no_shadow
}
cylinder {
	<37.713150, 46.875473, 55.263126>,  <37.712296, 46.639938, 55.309204>, 0.100000
	pigment { color rgbt <1,0,0,0> }
	no_shadow
}
cylinder {
	<37.713150, 46.875473, 55.263126>,  <37.714577, 47.268028, 55.186329>, 0.100000
	pigment { color rgbt <1,0,0,0> }
	no_shadow
}

// particle -1
sphere {
	<37.713150, 46.875473, 55.263126> 0.100000
	pigment { color rgbt <1,0,0,0> }
	no_shadow
}
sphere {
	0, 1
	scale<0.080000,0.200000,0.300000>
	matrix <0.400122, -0.177358, -0.899136,
		0.916455, 0.073614, 0.393308,
		-0.003567, -0.981389, 0.191995,
		37.712078, 46.581055, 55.320724>
	pigment { color rgbt <0,1,1,0> }
	no_shadow
}
cylinder {
	<38.407692, 47.053444, 54.886555>,  <37.714577, 47.268028, 55.186329>, 0.130000
	pigment { color rgbt <1,0,0,0> }
	no_shadow
}

// nucleotide -1

// particle -1
sphere {
	<38.407692, 47.053444, 54.886555> 0.250000
	pigment { color rgbt <1,0,0,0> }
	no_shadow
}
cylinder {
	<38.191589, 46.719109, 54.925529>,  <38.061928, 46.518509, 54.948914>, 0.100000
	pigment { color rgbt <1,0,0,0> }
	no_shadow
}
cylinder {
	<38.191589, 46.719109, 54.925529>,  <38.407692, 47.053444, 54.886555>, 0.100000
	pigment { color rgbt <1,0,0,0> }
	no_shadow
}

// particle -1
sphere {
	<38.191589, 46.719109, 54.925529> 0.100000
	pigment { color rgbt <1,0,0,0> }
	no_shadow
}
sphere {
	0, 1
	scale<0.080000,0.200000,0.300000>
	matrix <0.273509, -0.283922, -0.919011,
		0.795810, -0.469854, 0.382000,
		-0.540259, -0.835838, 0.097438,
		38.029510, 46.468357, 54.954762>
	pigment { color rgbt <0,1,1,0> }
	no_shadow
}
cylinder {
	<38.822289, 46.505756, 54.732502>,  <38.407692, 47.053444, 54.886555>, 0.130000
	pigment { color rgbt <1,0,0,0> }
	no_shadow
}

// nucleotide -1

// particle -1
sphere {
	<38.822289, 46.505756, 54.732502> 0.250000
	pigment { color rgbt <1,0,0,0> }
	no_shadow
}
cylinder {
	<38.448334, 46.378357, 54.669838>,  <38.223961, 46.301918, 54.632240>, 0.100000
	pigment { color rgbt <1,0,0,0> }
	no_shadow
}
cylinder {
	<38.448334, 46.378357, 54.669838>,  <38.822289, 46.505756, 54.732502>, 0.100000
	pigment { color rgbt <1,0,0,0> }
	no_shadow
}

// particle -1
sphere {
	<38.448334, 46.378357, 54.669838> 0.100000
	pigment { color rgbt <1,0,0,0> }
	no_shadow
}
sphere {
	0, 1
	scale<0.080000,0.200000,0.300000>
	matrix <0.276539, -0.376901, -0.884009,
		0.222511, -0.869772, 0.440437,
		-0.934888, -0.318500, -0.156661,
		38.167866, 46.282806, 54.622841>
	pigment { color rgbt <0,1,1,0> }
	no_shadow
}
cylinder {
	<38.897591, 45.791935, 54.541428>,  <38.822289, 46.505756, 54.732502>, 0.130000
	pigment { color rgbt <1,0,0,0> }
	no_shadow
}

// nucleotide -1

// particle -1
sphere {
	<38.897591, 45.791935, 54.541428> 0.250000
	pigment { color rgbt <1,0,0,0> }
	no_shadow
}
cylinder {
	<38.530220, 45.892136, 54.418953>,  <38.309799, 45.952255, 54.345470>, 0.100000
	pigment { color rgbt <1,0,0,0> }
	no_shadow
}
cylinder {
	<38.530220, 45.892136, 54.418953>,  <38.897591, 45.791935, 54.541428>, 0.100000
	pigment { color rgbt <1,0,0,0> }
	no_shadow
}

// particle -1
sphere {
	<38.530220, 45.892136, 54.418953> 0.100000
	pigment { color rgbt <1,0,0,0> }
	no_shadow
}
sphere {
	0, 1
	scale<0.080000,0.200000,0.300000>
	matrix <0.201118, -0.370829, -0.906663,
		-0.340657, -0.894281, 0.290199,
		-0.918425, 0.250496, -0.306181,
		38.254692, 45.967285, 54.327099>
	pigment { color rgbt <0,1,1,0> }
	no_shadow
}
cylinder {
	<38.653809, 45.240929, 54.214268>,  <38.897591, 45.791935, 54.541428>, 0.130000
	pigment { color rgbt <1,0,0,0> }
	no_shadow
}

// nucleotide -1

// particle -1
sphere {
	<38.653809, 45.240929, 54.214268> 0.250000
	pigment { color rgbt <1,0,0,0> }
	no_shadow
}
cylinder {
	<38.394310, 45.515816, 54.083511>,  <38.238613, 45.680748, 54.005058>, 0.100000
	pigment { color rgbt <1,0,0,0> }
	no_shadow
}
cylinder {
	<38.394310, 45.515816, 54.083511>,  <38.653809, 45.240929, 54.214268>, 0.100000
	pigment { color rgbt <1,0,0,0> }
	no_shadow
}

// particle -1
sphere {
	<38.394310, 45.515816, 54.083511> 0.100000
	pigment { color rgbt <1,0,0,0> }
	no_shadow
}
sphere {
	0, 1
	scale<0.080000,0.200000,0.300000>
	matrix <0.163033, -0.294072, -0.941776,
		-0.743338, -0.664266, 0.078738,
		-0.648744, 0.687221, -0.326892,
		38.199688, 45.721981, 53.985443>
	pigment { color rgbt <0,1,1,0> }
	no_shadow
}
cylinder {
	<38.364784, 44.871391, 53.710457>,  <38.653809, 45.240929, 54.214268>, 0.130000
	pigment { color rgbt <1,0,0,0> }
	no_shadow
}

// nucleotide -1

// particle -1
sphere {
	<38.364784, 44.871391, 53.710457> 0.250000
	pigment { color rgbt <1,0,0,0> }
	no_shadow
}
cylinder {
	<38.253723, 45.243233, 53.613506>,  <38.187088, 45.466339, 53.555336>, 0.100000
	pigment { color rgbt <1,0,0,0> }
	no_shadow
}
cylinder {
	<38.253723, 45.243233, 53.613506>,  <38.364784, 44.871391, 53.710457>, 0.100000
	pigment { color rgbt <1,0,0,0> }
	no_shadow
}

// particle -1
sphere {
	<38.253723, 45.243233, 53.613506> 0.100000
	pigment { color rgbt <1,0,0,0> }
	no_shadow
}
sphere {
	0, 1
	scale<0.080000,0.200000,0.300000>
	matrix <0.043496, -0.239870, -0.969830,
		-0.959697, -0.279816, 0.026165,
		-0.277650, 0.929605, -0.242373,
		38.170429, 45.522114, 53.540794>
	pigment { color rgbt <0,1,1,0> }
	no_shadow
}
cylinder {
	<38.037014, 44.843124, 53.076012>,  <38.364784, 44.871391, 53.710457>, 0.130000
	pigment { color rgbt <1,0,0,0> }
	no_shadow
}

// nucleotide -1

// particle -1
sphere {
	<38.037014, 44.843124, 53.076012> 0.250000
	pigment { color rgbt <1,0,0,0> }
	no_shadow
}
cylinder {
	<38.151245, 45.225929, 53.096321>,  <38.219784, 45.455612, 53.108505>, 0.100000
	pigment { color rgbt <1,0,0,0> }
	no_shadow
}
cylinder {
	<38.151245, 45.225929, 53.096321>,  <38.037014, 44.843124, 53.076012>, 0.100000
	pigment { color rgbt <1,0,0,0> }
	no_shadow
}

// particle -1
sphere {
	<38.151245, 45.225929, 53.096321> 0.100000
	pigment { color rgbt <1,0,0,0> }
	no_shadow
}
sphere {
	0, 1
	scale<0.080000,0.200000,0.300000>
	matrix <0.422176, -0.078065, -0.903146,
		-0.860355, 0.279356, -0.426320,
		0.285580, 0.957009, 0.050774,
		38.236919, 45.513031, 53.111553>
	pigment { color rgbt <0,1,1,0> }
	no_shadow
}
cylinder {
	<37.796352, 45.203770, 52.503887>,  <38.037014, 44.843124, 53.076012>, 0.130000
	pigment { color rgbt <1,0,0,0> }
	no_shadow
}

// nucleotide -1

// particle -1
sphere {
	<37.796352, 45.203770, 52.503887> 0.250000
	pigment { color rgbt <1,0,0,0> }
	no_shadow
}
cylinder {
	<38.083153, 45.455662, 52.623459>,  <38.255234, 45.606796, 52.695202>, 0.100000
	pigment { color rgbt <1,0,0,0> }
	no_shadow
}
cylinder {
	<38.083153, 45.455662, 52.623459>,  <37.796352, 45.203770, 52.503887>, 0.100000
	pigment { color rgbt <1,0,0,0> }
	no_shadow
}

// particle -1
sphere {
	<38.083153, 45.455662, 52.623459> 0.100000
	pigment { color rgbt <1,0,0,0> }
	no_shadow
}
sphere {
	0, 1
	scale<0.080000,0.200000,0.300000>
	matrix <0.385760, -0.001263, -0.922598,
		-0.580607, 0.776815, -0.243830,
		0.716996, 0.629727, 0.298931,
		38.298252, 45.644581, 52.713139>
	pigment { color rgbt <0,1,1,0> }
	no_shadow
}
cylinder {
	<37.798595, 45.582207, 51.967388>,  <37.796352, 45.203770, 52.503887>, 0.130000
	pigment { color rgbt <1,0,0,0> }
	no_shadow
}

// nucleotide -1

// particle -1
sphere {
	<37.798595, 45.582207, 51.967388> 0.250000
	pigment { color rgbt <1,0,0,0> }
	no_shadow
}
cylinder {
	<38.140594, 45.648418, 52.163994>,  <38.345795, 45.688145, 52.281956>, 0.100000
	pigment { color rgbt <1,0,0,0> }
	no_shadow
}
cylinder {
	<38.140594, 45.648418, 52.163994>,  <37.798595, 45.582207, 51.967388>, 0.100000
	pigment { color rgbt <1,0,0,0> }
	no_shadow
}

// particle -1
sphere {
	<38.140594, 45.648418, 52.163994> 0.100000
	pigment { color rgbt <1,0,0,0> }
	no_shadow
}
sphere {
	0, 1
	scale<0.080000,0.200000,0.300000>
	matrix <0.490680, 0.048776, -0.869973,
		-0.167976, 0.984999, -0.039517,
		0.854995, 0.165525, 0.491513,
		38.397095, 45.698074, 52.311447>
	pigment { color rgbt <0,1,1,0> }
	no_shadow
}
cylinder {
	<38.125637, 46.237099, 51.651295>,  <37.798595, 45.582207, 51.967388>, 0.130000
	pigment { color rgbt <1,0,0,0> }
	no_shadow
}

// nucleotide -1

// particle -1
sphere {
	<38.125637, 46.237099, 51.651295> 0.250000
	pigment { color rgbt <1,0,0,0> }
	no_shadow
}
cylinder {
	<38.422844, 46.036888, 51.829010>,  <38.601170, 45.916759, 51.935638>, 0.100000
	pigment { color rgbt <1,0,0,0> }
	no_shadow
}
cylinder {
	<38.422844, 46.036888, 51.829010>,  <38.125637, 46.237099, 51.651295>, 0.100000
	pigment { color rgbt <1,0,0,0> }
	no_shadow
}

// particle -1
sphere {
	<38.422844, 46.036888, 51.829010> 0.100000
	pigment { color rgbt <1,0,0,0> }
	no_shadow
}
sphere {
	0, 1
	scale<0.080000,0.200000,0.300000>
	matrix <0.494125, -0.037470, -0.868583,
		0.451397, 0.864909, 0.219483,
		0.743021, -0.500528, 0.444287,
		38.645752, 45.886730, 51.962296>
	pigment { color rgbt <0,1,1,0> }
	no_shadow
}
cylinder {
	<38.747692, 46.475174, 51.348610>,  <38.125637, 46.237099, 51.651295>, 0.130000
	pigment { color rgbt <1,0,0,0> }
	no_shadow
}

// nucleotide -1

// particle -1
sphere {
	<38.747692, 46.475174, 51.348610> 0.250000
	pigment { color rgbt <1,0,0,0> }
	no_shadow
}
cylinder {
	<38.891144, 46.147934, 51.528427>,  <38.977215, 45.951588, 51.636318>, 0.100000
	pigment { color rgbt <1,0,0,0> }
	no_shadow
}
cylinder {
	<38.891144, 46.147934, 51.528427>,  <38.747692, 46.475174, 51.348610>, 0.100000
	pigment { color rgbt <1,0,0,0> }
	no_shadow
}

// particle -1
sphere {
	<38.891144, 46.147934, 51.528427> 0.100000
	pigment { color rgbt <1,0,0,0> }
	no_shadow
}
sphere {
	0, 1
	scale<0.080000,0.200000,0.300000>
	matrix <0.673241, -0.106912, -0.731654,
		0.646630, 0.565045, 0.512439,
		0.358632, -0.818104, 0.449544,
		38.998734, 45.902504, 51.663292>
	pigment { color rgbt <0,1,1,0> }
	no_shadow
}
cylinder {
	<39.497639, 46.578190, 51.416748>,  <38.747692, 46.475174, 51.348610>, 0.130000
	pigment { color rgbt <1,0,0,0> }
	no_shadow
}

// nucleotide -1

// particle -1
sphere {
	<39.497639, 46.578190, 51.416748> 0.250000
	pigment { color rgbt <1,0,0,0> }
	no_shadow
}
cylinder {
	<39.424576, 46.185013, 51.425369>,  <39.380737, 45.949108, 51.430542>, 0.100000
	pigment { color rgbt <1,0,0,0> }
	no_shadow
}
cylinder {
	<39.424576, 46.185013, 51.425369>,  <39.497639, 46.578190, 51.416748>, 0.100000
	pigment { color rgbt <1,0,0,0> }
	no_shadow
}

// particle -1
sphere {
	<39.424576, 46.185013, 51.425369> 0.100000
	pigment { color rgbt <1,0,0,0> }
	no_shadow
}
sphere {
	0, 1
	scale<0.080000,0.200000,0.300000>
	matrix <0.676872, -0.141617, -0.722349,
		0.713078, -0.117355, 0.691193,
		-0.182656, -0.982941, 0.021549,
		39.369778, 45.890129, 51.431835>
	pigment { color rgbt <0,1,1,0> }
	no_shadow
}
cylinder {
	<40.153435, 46.315952, 51.350086>,  <39.497639, 46.578190, 51.416748>, 0.130000
	pigment { color rgbt <1,0,0,0> }
	no_shadow
}

// nucleotide -1

// particle -1
sphere {
	<40.153435, 46.315952, 51.350086> 0.250000
	pigment { color rgbt <1,0,0,0> }
	no_shadow
}
cylinder {
	<39.907806, 46.011883, 51.265190>,  <39.760429, 45.829441, 51.214252>, 0.100000
	pigment { color rgbt <1,0,0,0> }
	no_shadow
}
cylinder {
	<39.907806, 46.011883, 51.265190>,  <40.153435, 46.315952, 51.350086>, 0.100000
	pigment { color rgbt <1,0,0,0> }
	no_shadow
}

// particle -1
sphere {
	<39.907806, 46.011883, 51.265190> 0.100000
	pigment { color rgbt <1,0,0,0> }
	no_shadow
}
sphere {
	0, 1
	scale<0.080000,0.200000,0.300000>
	matrix <0.521851, -0.189324, -0.831762,
		0.592104, -0.621521, 0.512957,
		-0.614073, -0.760176, -0.212242,
		39.723583, 45.783829, 51.201519>
	pigment { color rgbt <0,1,1,0> }
	no_shadow
}
cylinder {
	<40.610767, 45.813438, 51.150478>,  <40.153435, 46.315952, 51.350086>, 0.130000
	pigment { color rgbt <1,0,0,0> }
	no_shadow
}

// nucleotide -1

// particle -1
sphere {
	<40.610767, 45.813438, 51.150478> 0.250000
	pigment { color rgbt <1,0,0,0> }
	no_shadow
}
cylinder {
	<40.249977, 45.703503, 51.017273>,  <40.033501, 45.637543, 50.937347>, 0.100000
	pigment { color rgbt <1,0,0,0> }
	no_shadow
}
cylinder {
	<40.249977, 45.703503, 51.017273>,  <40.610767, 45.813438, 51.150478>, 0.100000
	pigment { color rgbt <1,0,0,0> }
	no_shadow
}

// particle -1
sphere {
	<40.249977, 45.703503, 51.017273> 0.100000
	pigment { color rgbt <1,0,0,0> }
	no_shadow
}
sphere {
	0, 1
	scale<0.080000,0.200000,0.300000>
	matrix <0.418418, -0.365962, -0.831263,
		0.106592, -0.889121, 0.445087,
		-0.901978, -0.274838, -0.333015,
		39.979385, 45.621052, 50.917370>
	pigment { color rgbt <0,1,1,0> }
	no_shadow
}
cylinder {
	<40.664139, 45.165638, 51.032352>,  <40.610767, 45.813438, 51.150478>, 0.130000
	pigment { color rgbt <1,0,0,0> }
	no_shadow
}

// nucleotide -1

// particle -1
sphere {
	<40.664139, 45.165638, 51.032352> 0.250000
	pigment { color rgbt <1,0,0,0> }
	no_shadow
}
cylinder {
	<40.378960, 45.296238, 50.784126>,  <40.207851, 45.374596, 50.635189>, 0.100000
	pigment { color rgbt <1,0,0,0> }
	no_shadow
}
cylinder {
	<40.378960, 45.296238, 50.784126>,  <40.664139, 45.165638, 51.032352>, 0.100000
	pigment { color rgbt <1,0,0,0> }
	no_shadow
}

// particle -1
sphere {
	<40.378960, 45.296238, 50.784126> 0.100000
	pigment { color rgbt <1,0,0,0> }
	no_shadow
}
sphere {
	0, 1
	scale<0.080000,0.200000,0.300000>
	matrix <0.502012, -0.380224, -0.776797,
		-0.489576, -0.865349, 0.107175,
		-0.712951, 0.326498, -0.620564,
		40.165073, 45.394188, 50.597958>
	pigment { color rgbt <0,1,1,0> }
	no_shadow
}
cylinder {
	<40.597725, 44.708134, 50.528988>,  <40.664139, 45.165638, 51.032352>, 0.130000
	pigment { color rgbt <1,0,0,0> }
	no_shadow
}

// nucleotide -1

// particle -1
sphere {
	<40.597725, 44.708134, 50.528988> 0.250000
	pigment { color rgbt <1,0,0,0> }
	no_shadow
}
cylinder {
	<40.431648, 45.022572, 50.345829>,  <40.332005, 45.211235, 50.235931>, 0.100000
	pigment { color rgbt <1,0,0,0> }
	no_shadow
}
cylinder {
	<40.431648, 45.022572, 50.345829>,  <40.597725, 44.708134, 50.528988>, 0.100000
	pigment { color rgbt <1,0,0,0> }
	no_shadow
}

// particle -1
sphere {
	<40.431648, 45.022572, 50.345829> 0.100000
	pigment { color rgbt <1,0,0,0> }
	no_shadow
}
sphere {
	0, 1
	scale<0.080000,0.200000,0.300000>
	matrix <0.315295, -0.347798, -0.882964,
		-0.853351, -0.510970, -0.103450,
		-0.415189, 0.786095, -0.457900,
		40.307091, 45.258400, 50.208458>
	pigment { color rgbt <0,1,1,0> }
	no_shadow
}
cylinder {
	<40.406864, 44.485325, 49.923496>,  <40.597725, 44.708134, 50.528988>, 0.130000
	pigment { color rgbt <1,0,0,0> }
	no_shadow
}

// nucleotide -1

// particle -1
sphere {
	<40.406864, 44.485325, 49.923496> 0.250000
	pigment { color rgbt <1,0,0,0> }
	no_shadow
}
cylinder {
	<40.376244, 44.876179, 49.844154>,  <40.357872, 45.110691, 49.796551>, 0.100000
	pigment { color rgbt <1,0,0,0> }
	no_shadow
}
cylinder {
	<40.376244, 44.876179, 49.844154>,  <40.406864, 44.485325, 49.923496>, 0.100000
	pigment { color rgbt <1,0,0,0> }
	no_shadow
}

// particle -1
sphere {
	<40.376244, 44.876179, 49.844154> 0.100000
	pigment { color rgbt <1,0,0,0> }
	no_shadow
}
sphere {
	0, 1
	scale<0.080000,0.200000,0.300000>
	matrix <0.386565, -0.154289, -0.909265,
		-0.919080, -0.146279, -0.365916,
		-0.076550, 0.977137, -0.198350,
		40.353279, 45.169319, 49.784649>
	pigment { color rgbt <0,1,1,0> }
	no_shadow
}
cylinder {
	<40.057606, 44.528076, 49.246204>,  <40.406864, 44.485325, 49.923496>, 0.130000
	pigment { color rgbt <1,0,0,0> }
	no_shadow
}

// nucleotide -1

// particle -1
sphere {
	<40.057606, 44.528076, 49.246204> 0.250000
	pigment { color rgbt <1,0,0,0> }
	no_shadow
}
cylinder {
	<40.265976, 44.865070, 49.301125>,  <40.390999, 45.067268, 49.334076>, 0.100000
	pigment { color rgbt <1,0,0,0> }
	no_shadow
}
cylinder {
	<40.265976, 44.865070, 49.301125>,  <40.057606, 44.528076, 49.246204>, 0.100000
	pigment { color rgbt <1,0,0,0> }
	no_shadow
}

// particle -1
sphere {
	<40.265976, 44.865070, 49.301125> 0.100000
	pigment { color rgbt <1,0,0,0> }
	no_shadow
}
sphere {
	0, 1
	scale<0.080000,0.200000,0.300000>
	matrix <0.325033, -0.047039, -0.944532,
		-0.789298, 0.536658, -0.298340,
		0.520924, 0.842488, 0.137304,
		40.422253, 45.117817, 49.342316>
	pigment { color rgbt <0,1,1,0> }
	no_shadow
}
cylinder {
	<39.922626, 44.837383, 48.616741>,  <40.057606, 44.528076, 49.246204>, 0.130000
	pigment { color rgbt <1,0,0,0> }
	no_shadow
}

// nucleotide -1

// particle -1
sphere {
	<39.922626, 44.837383, 48.616741> 0.250000
	pigment { color rgbt <1,0,0,0> }
	no_shadow
}
cylinder {
	<40.230049, 45.024445, 48.791382>,  <40.414501, 45.136681, 48.896168>, 0.100000
	pigment { color rgbt <1,0,0,0> }
	no_shadow
}
cylinder {
	<40.230049, 45.024445, 48.791382>,  <39.922626, 44.837383, 48.616741>, 0.100000
	pigment { color rgbt <1,0,0,0> }
	no_shadow
}

// particle -1
sphere {
	<40.230049, 45.024445, 48.791382> 0.100000
	pigment { color rgbt <1,0,0,0> }
	no_shadow
}
sphere {
	0, 1
	scale<0.080000,0.200000,0.300000>
	matrix <0.444057, 0.101360, -0.890247,
		-0.460579, 0.878082, -0.129763,
		0.768557, 0.467651, 0.436603,
		40.460617, 45.164742, 48.922363>
	pigment { color rgbt <0,1,1,0> }
	no_shadow
}
cylinder {
	<39.998913, 45.434227, 48.254303>,  <39.922626, 44.837383, 48.616741>, 0.130000
	pigment { color rgbt <1,0,0,0> }
	no_shadow
}

// nucleotide -1

// particle -1
sphere {
	<39.998913, 45.434227, 48.254303> 0.250000
	pigment { color rgbt <1,0,0,0> }
	no_shadow
}
cylinder {
	<40.348984, 45.365276, 48.435120>,  <40.559029, 45.323906, 48.543610>, 0.100000
	pigment { color rgbt <1,0,0,0> }
	no_shadow
}
cylinder {
	<40.348984, 45.365276, 48.435120>,  <39.998913, 45.434227, 48.254303>, 0.100000
	pigment { color rgbt <1,0,0,0> }
	no_shadow
}

// particle -1
sphere {
	<40.348984, 45.365276, 48.435120> 0.100000
	pigment { color rgbt <1,0,0,0> }
	no_shadow
}
sphere {
	0, 1
	scale<0.080000,0.200000,0.300000>
	matrix <0.434698, -0.129959, -0.891150,
		0.212357, 0.976421, -0.038807,
		0.875181, -0.172373, 0.452046,
		40.611538, 45.313564, 48.570732>
	pigment { color rgbt <0,1,1,0> }
	no_shadow
}
cylinder {
	<40.466057, 45.850891, 47.918152>,  <39.998913, 45.434227, 48.254303>, 0.130000
	pigment { color rgbt <1,0,0,0> }
	no_shadow
}

// nucleotide -1

// particle -1
sphere {
	<40.466057, 45.850891, 47.918152> 0.250000
	pigment { color rgbt <1,0,0,0> }
	no_shadow
}
cylinder {
	<40.706604, 45.584850, 48.095242>,  <40.850933, 45.425228, 48.201496>, 0.100000
	pigment { color rgbt <1,0,0,0> }
	no_shadow
}
cylinder {
	<40.706604, 45.584850, 48.095242>,  <40.466057, 45.850891, 47.918152>, 0.100000
	pigment { color rgbt <1,0,0,0> }
	no_shadow
}

// particle -1
sphere {
	<40.706604, 45.584850, 48.095242> 0.100000
	pigment { color rgbt <1,0,0,0> }
	no_shadow
}
sphere {
	0, 1
	scale<0.080000,0.200000,0.300000>
	matrix <0.545256, -0.063386, -0.835869,
		0.583997, 0.744062, 0.324530,
		0.601368, -0.665097, 0.442721,
		40.887012, 45.385323, 48.228058>
	pigment { color rgbt <0,1,1,0> }
	no_shadow
}
cylinder {
	<41.046574, 46.084755, 47.768036>,  <40.466057, 45.850891, 47.918152>, 0.130000
	pigment { color rgbt <1,0,0,0> }
	no_shadow
}

// nucleotide -1

// particle -1
sphere {
	<41.046574, 46.084755, 47.768036> 0.250000
	pigment { color rgbt <1,0,0,0> }
	no_shadow
}
cylinder {
	<41.131035, 45.709171, 47.876678>,  <41.181713, 45.483822, 47.941864>, 0.100000
	pigment { color rgbt <1,0,0,0> }
	no_shadow
}
cylinder {
	<41.131035, 45.709171, 47.876678>,  <41.046574, 46.084755, 47.768036>, 0.100000
	pigment { color rgbt <1,0,0,0> }
	no_shadow
}

// particle -1
sphere {
	<41.131035, 45.709171, 47.876678> 0.100000
	pigment { color rgbt <1,0,0,0> }
	no_shadow
}
sphere {
	0, 1
	scale<0.080000,0.200000,0.300000>
	matrix <0.639527, -0.077428, -0.764859,
		0.739201, 0.335204, 0.584140,
		0.211156, -0.938958, 0.271607,
		41.194382, 45.427483, 47.958160>
	pigment { color rgbt <0,1,1,0> }
	no_shadow
}
cylinder {
	<41.760456, 46.024067, 47.736160>,  <41.046574, 46.084755, 47.768036>, 0.130000
	pigment { color rgbt <1,0,0,0> }
	no_shadow
}

// nucleotide -1

// particle -1
sphere {
	<41.760456, 46.024067, 47.736160> 0.250000
	pigment { color rgbt <1,0,0,0> }
	no_shadow
}
cylinder {
	<41.625648, 45.649174, 47.700359>,  <41.544765, 45.424236, 47.678879>, 0.100000
	pigment { color rgbt <1,0,0,0> }
	no_shadow
}
cylinder {
	<41.625648, 45.649174, 47.700359>,  <41.760456, 46.024067, 47.736160>, 0.100000
	pigment { color rgbt <1,0,0,0> }
	no_shadow
}

// particle -1
sphere {
	<41.625648, 45.649174, 47.700359> 0.100000
	pigment { color rgbt <1,0,0,0> }
	no_shadow
}
sphere {
	0, 1
	scale<0.080000,0.200000,0.300000>
	matrix <0.634459, -0.155841, -0.757084,
		0.695617, -0.311936, 0.647158,
		-0.337015, -0.937235, -0.089505,
		41.524544, 45.368004, 47.673508>
	pigment { color rgbt <0,1,1,0> }
	no_shadow
}
cylinder {
	<42.325230, 45.609100, 47.781097>,  <41.760456, 46.024067, 47.736160>, 0.130000
	pigment { color rgbt <1,0,0,0> }
	no_shadow
}

// nucleotide -1

// particle -1
sphere {
	<42.325230, 45.609100, 47.781097> 0.250000
	pigment { color rgbt <1,0,0,0> }
	no_shadow
}
cylinder {
	<42.032623, 45.416317, 47.588181>,  <41.857059, 45.300648, 47.472431>, 0.100000
	pigment { color rgbt <1,0,0,0> }
	no_shadow
}
cylinder {
	<42.032623, 45.416317, 47.588181>,  <42.325230, 45.609100, 47.781097>, 0.100000
	pigment { color rgbt <1,0,0,0> }
	no_shadow
}

// particle -1
sphere {
	<42.032623, 45.416317, 47.588181> 0.100000
	pigment { color rgbt <1,0,0,0> }
	no_shadow
}
sphere {
	0, 1
	scale<0.080000,0.200000,0.300000>
	matrix <0.602076, -0.124645, -0.788649,
		0.319979, -0.867285, 0.381354,
		-0.731518, -0.481956, -0.482288,
		41.813168, 45.271729, 47.443493>
	pigment { color rgbt <0,1,1,0> }
	no_shadow
}
cylinder {
	<42.670254, 45.165619, 47.288548>,  <42.325230, 45.609100, 47.781097>, 0.130000
	pigment { color rgbt <1,0,0,0> }
	no_shadow
}

// nucleotide -1

// particle -1
sphere {
	<42.670254, 45.165619, 47.288548> 0.250000
	pigment { color rgbt <1,0,0,0> }
	no_shadow
}
cylinder {
	<42.295990, 45.190102, 47.149525>,  <42.071430, 45.204792, 47.066113>, 0.100000
	pigment { color rgbt <1,0,0,0> }
	no_shadow
}
cylinder {
	<42.295990, 45.190102, 47.149525>,  <42.670254, 45.165619, 47.288548>, 0.100000
	pigment { color rgbt <1,0,0,0> }
	no_shadow
}

// particle -1
sphere {
	<42.295990, 45.190102, 47.149525> 0.100000
	pigment { color rgbt <1,0,0,0> }
	no_shadow
}
sphere {
	0, 1
	scale<0.080000,0.200000,0.300000>
	matrix <0.337858, -0.129148, -0.932295,
		-0.101944, -0.989735, 0.100161,
		-0.935660, 0.061201, -0.347555,
		42.015293, 45.208462, 47.045258>
	pigment { color rgbt <0,1,1,0> }
	no_shadow
}
cylinder {
	<42.672543, 44.756344, 46.681984>,  <42.670254, 45.165619, 47.288548>, 0.130000
	pigment { color rgbt <1,0,0,0> }
	no_shadow
}

// nucleotide -1

// particle -1
sphere {
	<42.672543, 44.756344, 46.681984> 0.250000
	pigment { color rgbt <1,0,0,0> }
	no_shadow
}
cylinder {
	<42.329437, 44.955963, 46.632671>,  <42.123573, 45.075733, 46.603085>, 0.100000
	pigment { color rgbt <1,0,0,0> }
	no_shadow
}
cylinder {
	<42.329437, 44.955963, 46.632671>,  <42.672543, 44.756344, 46.681984>, 0.100000
	pigment { color rgbt <1,0,0,0> }
	no_shadow
}

// particle -1
sphere {
	<42.329437, 44.955963, 46.632671> 0.100000
	pigment { color rgbt <1,0,0,0> }
	no_shadow
}
sphere {
	0, 1
	scale<0.080000,0.200000,0.300000>
	matrix <-0.004533, -0.247165, -0.968963,
		-0.514032, -0.830578, 0.214270,
		-0.857759, 0.499049, -0.123285,
		42.072109, 45.105679, 46.595684>
	pigment { color rgbt <0,1,1,0> }
	no_shadow
}
cylinder {
	<42.385914, 44.337063, 46.241436>,  <42.672543, 44.756344, 46.681984>, 0.130000
	pigment { color rgbt <1,0,0,0> }
	no_shadow
}

// nucleotide -1

// particle -1
sphere {
	<42.385914, 44.337063, 46.241436> 0.250000
	pigment { color rgbt <1,0,0,0> }
	no_shadow
}
cylinder {
	<42.184776, 44.682259, 46.221863>,  <42.064095, 44.889378, 46.210121>, 0.100000
	pigment { color rgbt <1,0,0,0> }
	no_shadow
}
cylinder {
	<42.184776, 44.682259, 46.221863>,  <42.385914, 44.337063, 46.241436>, 0.100000
	pigment { color rgbt <1,0,0,0> }
	no_shadow
}

// particle -1
sphere {
	<42.184776, 44.682259, 46.221863> 0.100000
	pigment { color rgbt <1,0,0,0> }
	no_shadow
}
sphere {
	0, 1
	scale<0.080000,0.200000,0.300000>
	matrix <-0.131905, -0.132557, -0.982359,
		-0.854254, -0.487518, 0.180488,
		-0.502843, 0.862992, -0.048931,
		42.033924, 44.941154, 46.207184>
	pigment { color rgbt <0,1,1,0> }
	no_shadow
}
cylinder {
	<41.904781, 44.166988, 45.719555>,  <42.385914, 44.337063, 46.241436>, 0.130000
	pigment { color rgbt <1,0,0,0> }
	no_shadow
}

// nucleotide -1

// particle -1
sphere {
	<41.904781, 44.166988, 45.719555> 0.250000
	pigment { color rgbt <1,0,0,0> }
	no_shadow
}
cylinder {
	<41.885796, 44.566528, 45.716949>,  <41.874405, 44.806252, 45.715385>, 0.100000
	pigment { color rgbt <1,0,0,0> }
	no_shadow
}
cylinder {
	<41.885796, 44.566528, 45.716949>,  <41.904781, 44.166988, 45.719555>, 0.100000
	pigment { color rgbt <1,0,0,0> }
	no_shadow
}

// particle -1
sphere {
	<41.885796, 44.566528, 45.716949> 0.100000
	pigment { color rgbt <1,0,0,0> }
	no_shadow
}
sphere {
	0, 1
	scale<0.080000,0.200000,0.300000>
	matrix <-0.267564, -0.018998, -0.963353,
		-0.962370, -0.043983, 0.268158,
		-0.047466, 0.998852, -0.006514,
		41.871555, 44.866184, 45.714996>
	pigment { color rgbt <0,1,1,0> }
	no_shadow
}
cylinder {
	<41.279247, 44.266888, 45.500195>,  <41.904781, 44.166988, 45.719555>, 0.130000
	pigment { color rgbt <1,0,0,0> }
	no_shadow
}

// nucleotide -1

// particle -1
sphere {
	<41.279247, 44.266888, 45.500195> 0.250000
	pigment { color rgbt <1,0,0,0> }
	no_shadow
}
cylinder {
	<41.505112, 44.587082, 45.419815>,  <41.640633, 44.779198, 45.371586>, 0.100000
	pigment { color rgbt <1,0,0,0> }
	no_shadow
}
cylinder {
	<41.505112, 44.587082, 45.419815>,  <41.279247, 44.266888, 45.500195>, 0.100000
	pigment { color rgbt <1,0,0,0> }
	no_shadow
}

// particle -1
sphere {
	<41.505112, 44.587082, 45.419815> 0.100000
	pigment { color rgbt <1,0,0,0> }
	no_shadow
}
sphere {
	0, 1
	scale<0.080000,0.200000,0.300000>
	matrix <-0.195028, -0.107169, -0.974925,
		-0.801946, 0.589698, 0.095601,
		0.564665, 0.800482, -0.200951,
		41.674511, 44.827225, 45.359531>
	pigment { color rgbt <0,1,1,0> }
	no_shadow
}
cylinder {
	<40.954342, 44.649895, 44.933971>,  <41.279247, 44.266888, 45.500195>, 0.130000
	pigment { color rgbt <1,0,0,0> }
	no_shadow
}

// nucleotide -1

// particle -1
sphere {
	<40.954342, 44.649895, 44.933971> 0.250000
	pigment { color rgbt <1,0,0,0> }
	no_shadow
}
cylinder {
	<41.340546, 44.753925, 44.938831>,  <41.572269, 44.816341, 44.941750>, 0.100000
	pigment { color rgbt <1,0,0,0> }
	no_shadow
}
cylinder {
	<41.340546, 44.753925, 44.938831>,  <40.954342, 44.649895, 44.933971>, 0.100000
	pigment { color rgbt <1,0,0,0> }
	no_shadow
}

// particle -1
sphere {
	<41.340546, 44.753925, 44.938831> 0.100000
	pigment { color rgbt <1,0,0,0> }
	no_shadow
}
sphere {
	0, 1
	scale<0.080000,0.200000,0.300000>
	matrix <0.075695, -0.235748, -0.968862,
		-0.249110, 0.936368, -0.247304,
		0.965513, 0.260072, 0.012152,
		41.630199, 44.831947, 44.942478>
	pigment { color rgbt <0,1,1,0> }
	no_shadow
}
cylinder {
	<40.939705, 44.966919, 44.399101>,  <40.954342, 44.649895, 44.933971>, 0.130000
	pigment { color rgbt <1,0,0,0> }
	no_shadow
}

// nucleotide -1

// particle -1
sphere {
	<40.939705, 44.966919, 44.399101> 0.250000
	pigment { color rgbt <1,0,0,0> }
	no_shadow
}
cylinder {
	<41.315819, 44.854851, 44.476425>,  <41.541489, 44.787609, 44.522820>, 0.100000
	pigment { color rgbt <1,0,0,0> }
	no_shadow
}
cylinder {
	<41.315819, 44.854851, 44.476425>,  <40.939705, 44.966919, 44.399101>, 0.100000
	pigment { color rgbt <1,0,0,0> }
	no_shadow
}

// particle -1
sphere {
	<41.315819, 44.854851, 44.476425> 0.100000
	pigment { color rgbt <1,0,0,0> }
	no_shadow
}
sphere {
	0, 1
	scale<0.080000,0.200000,0.300000>
	matrix <0.107322, -0.294919, -0.949476,
		0.323023, 0.913525, -0.247240,
		0.940286, -0.280169, 0.193307,
		41.597904, 44.770802, 44.534416>
	pigment { color rgbt <0,1,1,0> }
	no_shadow
}
cylinder {
	<41.270077, 45.254192, 43.928352>,  <40.939705, 44.966919, 44.399101>, 0.130000
	pigment { color rgbt <1,0,0,0> }
	no_shadow
}

// nucleotide -1

// particle -1
sphere {
	<41.270077, 45.254192, 43.928352> 0.250000
	pigment { color rgbt <1,0,0,0> }
	no_shadow
}
cylinder {
	<41.538925, 44.986496, 44.055077>,  <41.700233, 44.825878, 44.131111>, 0.100000
	pigment { color rgbt <1,0,0,0> }
	no_shadow
}
cylinder {
	<41.538925, 44.986496, 44.055077>,  <41.270077, 45.254192, 43.928352>, 0.100000
	pigment { color rgbt <1,0,0,0> }
	no_shadow
}

// particle -1
sphere {
	<41.538925, 44.986496, 44.055077> 0.100000
	pigment { color rgbt <1,0,0,0> }
	no_shadow
}
sphere {
	0, 1
	scale<0.080000,0.200000,0.300000>
	matrix <0.066651, -0.371451, -0.926057,
		0.737432, 0.643541, -0.205056,
		0.672124, -0.669237, 0.316813,
		41.740562, 44.785725, 44.150120>
	pigment { color rgbt <0,1,1,0> }
	no_shadow
}
cylinder {
	<41.826099, 45.439186, 43.592178>,  <41.270077, 45.254192, 43.928352>, 0.130000
	pigment { color rgbt <1,0,0,0> }
	no_shadow
}

// nucleotide -1

// particle -1
sphere {
	<41.826099, 45.439186, 43.592178> 0.250000
	pigment { color rgbt <1,0,0,0> }
	no_shadow
}
cylinder {
	<41.813972, 45.054523, 43.701210>,  <41.806698, 44.823727, 43.766628>, 0.100000
	pigment { color rgbt <1,0,0,0> }
	no_shadow
}
cylinder {
	<41.813972, 45.054523, 43.701210>,  <41.826099, 45.439186, 43.592178>, 0.100000
	pigment { color rgbt <1,0,0,0> }
	no_shadow
}

// particle -1
sphere {
	<41.813972, 45.054523, 43.701210> 0.100000
	pigment { color rgbt <1,0,0,0> }
	no_shadow
}
sphere {
	0, 1
	scale<0.080000,0.200000,0.300000>
	matrix <-0.145351, -0.265565, -0.953073,
		0.988916, -0.068512, -0.131727,
		-0.030315, -0.961655, 0.272580,
		41.804878, 44.766026, 43.782986>
	pigment { color rgbt <0,1,1,0> }
	no_shadow
}
cylinder {
	<42.089954, 45.143646, 43.080563>,  <41.826099, 45.439186, 43.592178>, 0.130000
	pigment { color rgbt <1,0,0,0> }
	no_shadow
}

// nucleotide -1

// particle -1
sphere {
	<42.089954, 45.143646, 43.080563> 0.250000
	pigment { color rgbt <1,0,0,0> }
	no_shadow
}
cylinder {
	<41.896248, 44.846893, 43.266075>,  <41.780022, 44.668842, 43.377384>, 0.100000
	pigment { color rgbt <1,0,0,0> }
	no_shadow
}
cylinder {
	<41.896248, 44.846893, 43.266075>,  <42.089954, 45.143646, 43.080563>, 0.100000
	pigment { color rgbt <1,0,0,0> }
	no_shadow
}

// particle -1
sphere {
	<41.896248, 44.846893, 43.266075> 0.100000
	pigment { color rgbt <1,0,0,0> }
	no_shadow
}
sphere {
	0, 1
	scale<0.080000,0.200000,0.300000>
	matrix <-0.305507, -0.353335, -0.884206,
		0.819847, -0.569883, -0.055541,
		-0.484269, -0.741881, 0.463784,
		41.750969, 44.624329, 43.405209>
	pigment { color rgbt <0,1,1,0> }
	no_shadow
}
cylinder {
	<42.204102, 44.582035, 42.739864>,  <42.089954, 45.143646, 43.080563>, 0.130000
	pigment { color rgbt <1,0,0,0> }
	no_shadow
}

// nucleotide -1

// particle -1
sphere {
	<42.204102, 44.582035, 42.739864> 0.250000
	pigment { color rgbt <1,0,0,0> }
	no_shadow
}
cylinder {
	<41.877029, 44.462574, 42.936722>,  <41.680786, 44.390896, 43.054836>, 0.100000
	pigment { color rgbt <1,0,0,0> }
	no_shadow
}
cylinder {
	<41.877029, 44.462574, 42.936722>,  <42.204102, 44.582035, 42.739864>, 0.100000
	pigment { color rgbt <1,0,0,0> }
	no_shadow
}

// particle -1
sphere {
	<41.877029, 44.462574, 42.936722> 0.100000
	pigment { color rgbt <1,0,0,0> }
	no_shadow
}
sphere {
	0, 1
	scale<0.080000,0.200000,0.300000>
	matrix <-0.349523, -0.421725, -0.836649,
		0.457419, -0.856126, 0.240449,
		-0.817680, -0.298657, 0.492141,
		41.631725, 44.372978, 43.084366>
	pigment { color rgbt <0,1,1,0> }
	no_shadow
}
cylinder {
	<42.070282, 43.852131, 42.666267>,  <42.204102, 44.582035, 42.739864>, 0.130000
	pigment { color rgbt <1,0,0,0> }
	no_shadow
}

// nucleotide -1

// particle -1
sphere {
	<42.070282, 43.852131, 42.666267> 0.250000
	pigment { color rgbt <1,0,0,0> }
	no_shadow
}
cylinder {
	<41.721680, 44.035622, 42.735607>,  <41.512520, 44.145718, 42.777210>, 0.100000
	pigment { color rgbt <1,0,0,0> }
	no_shadow
}
cylinder {
	<41.721680, 44.035622, 42.735607>,  <42.070282, 43.852131, 42.666267>, 0.100000
	pigment { color rgbt <1,0,0,0> }
	no_shadow
}

// particle -1
sphere {
	<41.721680, 44.035622, 42.735607> 0.100000
	pigment { color rgbt <1,0,0,0> }
	no_shadow
}
sphere {
	0, 1
	scale<0.080000,0.200000,0.300000>
	matrix <-0.385844, -0.423270, -0.819736,
		-0.302662, -0.781289, 0.545879,
		-0.871505, 0.458727, 0.173348,
		41.460228, 44.173241, 42.787609>
	pigment { color rgbt <0,1,1,0> }
	no_shadow
}
cylinder {
	<41.628582, 43.371029, 42.352703>,  <42.070282, 43.852131, 42.666267>, 0.130000
	pigment { color rgbt <1,0,0,0> }
	no_shadow
}

// nucleotide -1

// particle -1
sphere {
	<41.628582, 43.371029, 42.352703> 0.250000
	pigment { color rgbt <1,0,0,0> }
	no_shadow
}
cylinder {
	<41.385223, 43.685734, 42.394375>,  <41.239208, 43.874557, 42.419376>, 0.100000
	pigment { color rgbt <1,0,0,0> }
	no_shadow
}
cylinder {
	<41.385223, 43.685734, 42.394375>,  <41.628582, 43.371029, 42.352703>, 0.100000
	pigment { color rgbt <1,0,0,0> }
	no_shadow
}

// particle -1
sphere {
	<41.385223, 43.685734, 42.394375> 0.100000
	pigment { color rgbt <1,0,0,0> }
	no_shadow
}
sphere {
	0, 1
	scale<0.080000,0.200000,0.300000>
	matrix <-0.552361, -0.325521, -0.767420,
		-0.569864, -0.524443, 0.632624,
		-0.608401, 0.786762, 0.104180,
		41.202702, 43.921761, 42.425629>
	pigment { color rgbt <0,1,1,0> }
	no_shadow
}
cylinder {
	<40.890751, 43.116310, 42.231415>,  <41.628582, 43.371029, 42.352703>, 0.130000
	pigment { color rgbt <1,0,0,0> }
	no_shadow
}

// nucleotide -1

// particle -1
sphere {
	<40.890751, 43.116310, 42.231415> 0.250000
	pigment { color rgbt <1,0,0,0> }
	no_shadow
}
cylinder {
	<40.906075, 43.512592, 42.179195>,  <40.915268, 43.750362, 42.147861>, 0.100000
	pigment { color rgbt <1,0,0,0> }
	no_shadow
}
cylinder {
	<40.906075, 43.512592, 42.179195>,  <40.890751, 43.116310, 42.231415>, 0.100000
	pigment { color rgbt <1,0,0,0> }
	no_shadow
}

// particle -1
sphere {
	<40.906075, 43.512592, 42.179195> 0.100000
	pigment { color rgbt <1,0,0,0> }
	no_shadow
}
sphere {
	0, 1
	scale<0.080000,0.200000,0.300000>
	matrix <-0.572393, -0.085331, -0.815528,
		-0.819084, 0.105971, 0.563801,
		0.038312, 0.990701, -0.130550,
		40.917568, 43.809803, 42.140030>
	pigment { color rgbt <0,1,1,0> }
	no_shadow
}
cylinder {
	<40.194382, 43.331314, 42.129120>,  <40.890751, 43.116310, 42.231415>, 0.130000
	pigment { color rgbt <1,0,0,0> }
	no_shadow
}

// nucleotide -1

// particle -1
sphere {
	<40.194382, 43.331314, 42.129120> 0.250000
	pigment { color rgbt <1,0,0,0> }
	no_shadow
}
cylinder {
	<40.423042, 43.611938, 41.958931>,  <40.560238, 43.780315, 41.856819>, 0.100000
	pigment { color rgbt <1,0,0,0> }
	no_shadow
}
cylinder {
	<40.423042, 43.611938, 41.958931>,  <40.194382, 43.331314, 42.129120>, 0.100000
	pigment { color rgbt <1,0,0,0> }
	no_shadow
}

// particle -1
sphere {
	<40.423042, 43.611938, 41.958931> 0.100000
	pigment { color rgbt <1,0,0,0> }
	no_shadow
}
sphere {
	0, 1
	scale<0.080000,0.200000,0.300000>
	matrix <-0.539720, -0.069055, -0.839008,
		-0.617999, 0.709252, 0.339173,
		0.571647, 0.701564, -0.425473,
		40.594536, 43.822407, 41.831287>
	pigment { color rgbt <0,1,1,0> }
	no_shadow
}
cylinder {
	<39.838936, 43.481937, 41.558949>,  <40.194382, 43.331314, 42.129120>, 0.130000
	pigment { color rgbt <1,0,0,0> }
	no_shadow
}

// nucleotide -1

// particle -1
sphere {
	<39.838936, 43.481937, 41.558949> 0.250000
	pigment { color rgbt <1,0,0,0> }
	no_shadow
}
cylinder {
	<40.171783, 43.678730, 41.456562>,  <40.371494, 43.796806, 41.395130>, 0.100000
	pigment { color rgbt <1,0,0,0> }
	no_shadow
}
cylinder {
	<40.171783, 43.678730, 41.456562>,  <39.838936, 43.481937, 41.558949>, 0.100000
	pigment { color rgbt <1,0,0,0> }
	no_shadow
}

// particle -1
sphere {
	<40.171783, 43.678730, 41.456562> 0.100000
	pigment { color rgbt <1,0,0,0> }
	no_shadow
}
sphere {
	0, 1
	scale<0.080000,0.200000,0.300000>
	matrix <-0.320387, 0.049715, -0.945981,
		-0.452684, 0.869183, 0.198994,
		0.832123, 0.491986, -0.255970,
		40.421421, 43.826324, 41.379772>
	pigment { color rgbt <0,1,1,0> }
	no_shadow
}
cylinder {
	<39.676537, 44.170204, 41.229038>,  <39.838936, 43.481937, 41.558949>, 0.130000
	pigment { color rgbt <1,0,0,0> }
	no_shadow
}

// nucleotide -1

// particle -1
sphere {
	<39.676537, 44.170204, 41.229038> 0.250000
	pigment { color rgbt <1,0,0,0> }
	no_shadow
}
cylinder {
	<40.043274, 44.056442, 41.116955>,  <40.263317, 43.988186, 41.049706>, 0.100000
	pigment { color rgbt <1,0,0,0> }
	no_shadow
}
cylinder {
	<40.043274, 44.056442, 41.116955>,  <39.676537, 44.170204, 41.229038>, 0.100000
	pigment { color rgbt <1,0,0,0> }
	no_shadow
}

// particle -1
sphere {
	<40.043274, 44.056442, 41.116955> 0.100000
	pigment { color rgbt <1,0,0,0> }
	no_shadow
}
sphere {
	0, 1
	scale<0.080000,0.200000,0.300000>
	matrix <-0.235690, 0.180952, -0.954833,
		0.322263, 0.941472, 0.098873,
