// switches for output
#declare DRAW_BASES = 1; // possible values are 0, 1; only relevant for DNA ribbons
#declare DRAW_BASES_TYPE = 3; // possible values are 1, 2, 3; only relevant for DNA ribbons
#declare DRAW_FOG = 0; // set to 1 to enable fog

#include "colors.inc"

#include "transforms.inc"
background { rgb <1, 1, 1>}

#default {
   normal{
       ripples 0.25
       frequency 0.20
       turbulence 0.2
       lambda 5
   }
	finish {
		phong 0.1
		phong_size 40.
	}
}

// original window dimensions: 1024x640


// camera settings

camera {
	sky <-0, 1, 0>
	up <-0, 1, 0>
	right 1.6 * <1, 0, 0>
	location <44.88, 44.88, 200.277>
	look_at <44.88, 44.88, 44.88>
	direction <0, 0, -155.397>
	angle 67.0682
}


# declare cpy_camera_pos = <44.88, 44.88, 200.277>;
# if (DRAW_FOG = 1)
fog {
	fog_type 2
	up vnormalize(cpy_camera_pos)
	color rgbt<1,1,1,0.3>
	distance 1e-5
	fog_alt 3e-3
	fog_offset 71.808
}
# end


// LIGHTS

# declare lum = 6;
global_settings {
	ambient_light rgb lum * <0.05, 0.05, 0.05>
	max_trace_level 15
}# declare cpy_direct_light_amount = 0.25;
light_source
{	1000 * <-1, -1, 1>,
	rgb lum * cpy_direct_light_amount
	parallel
}

light_source
{	1000 * <1, 1, -1>,
	rgb lum * cpy_direct_light_amount
	parallel
}

// strand 0

// nucleotide -1

// particle -1
sphere {
	<36.499130, 47.781227, 55.675659> 0.250000
	pigment { color rgbt <1,0,0,0> }
	no_shadow
}
cylinder {
	<36.892410, 47.838722, 55.720665>,  <37.128380, 47.873219, 55.747669>, 0.100000
	pigment { color rgbt <1,0,0,0> }
	no_shadow
}
cylinder {
	<36.892410, 47.838722, 55.720665>,  <36.499130, 47.781227, 55.675659>, 0.100000
	pigment { color rgbt <1,0,0,0> }
	no_shadow
}

// particle -1
sphere {
	<36.892410, 47.838722, 55.720665> 0.100000
	pigment { color rgbt <1,0,0,0> }
	no_shadow
}
sphere {
	0, 1
	scale<0.080000,0.200000,0.300000>
	matrix <0.163037, -0.414304, -0.895417,
		-0.082086, 0.898717, -0.430778,
		0.983199, 0.143734, 0.112515,
		37.187370, 47.881844, 55.754421>
	pigment { color rgbt <0,1,1,0> }
	no_shadow
}
cylinder {
	<36.788658, 48.242172, 55.117702>,  <36.499130, 47.781227, 55.675659>, 0.130000
	pigment { color rgbt <1,0,0,0> }
	no_shadow
}

// nucleotide -1

// particle -1
sphere {
	<36.788658, 48.242172, 55.117702> 0.250000
	pigment { color rgbt <1,0,0,0> }
	no_shadow
}
cylinder {
	<37.092682, 48.028503, 55.265739>,  <37.275097, 47.900303, 55.354561>, 0.100000
	pigment { color rgbt <1,0,0,0> }
	no_shadow
}
cylinder {
	<37.092682, 48.028503, 55.265739>,  <36.788658, 48.242172, 55.117702>, 0.100000
	pigment { color rgbt <1,0,0,0> }
	no_shadow
}

// particle -1
sphere {
	<37.092682, 48.028503, 55.265739> 0.100000
	pigment { color rgbt <1,0,0,0> }
	no_shadow
}
sphere {
	0, 1
	scale<0.080000,0.200000,0.300000>
	matrix <0.227338, -0.314952, -0.921478,
		0.608788, 0.784516, -0.117946,
		0.760062, -0.534172, 0.370090,
		37.320702, 47.868252, 55.376766>
	pigment { color rgbt <0,1,1,0> }
	no_shadow
}
cylinder {
	<37.318378, 48.425205, 54.748852>,  <36.788658, 48.242172, 55.117702>, 0.130000
	pigment { color rgbt <1,0,0,0> }
	no_shadow
}

// nucleotide -1

// particle -1
sphere {
	<37.318378, 48.425205, 54.748852> 0.250000
	pigment { color rgbt <1,0,0,0> }
	no_shadow
}
cylinder {
	<37.435081, 48.084518, 54.922958>,  <37.505104, 47.880108, 55.027424>, 0.100000
	pigment { color rgbt <1,0,0,0> }
	no_shadow
}
cylinder {
	<37.435081, 48.084518, 54.922958>,  <37.318378, 48.425205, 54.748852>, 0.100000
	pigment { color rgbt <1,0,0,0> }
	no_shadow
}

// particle -1
sphere {
	<37.435081, 48.084518, 54.922958> 0.100000
	pigment { color rgbt <1,0,0,0> }
	no_shadow
}
sphere {
	0, 1
	scale<0.080000,0.200000,0.300000>
	matrix <0.252973, -0.370154, -0.893863,
		0.922432, 0.370906, 0.107463,
		0.291761, -0.851713, 0.435271,
		37.522610, 47.829006, 55.053539>
	pigment { color rgbt <0,1,1,0> }
	no_shadow
}
cylinder {
	<37.829060, 48.285572, 54.364872>,  <37.318378, 48.425205, 54.748852>, 0.130000
	pigment { color rgbt <1,0,0,0> }
	no_shadow
}

// nucleotide -1

// particle -1
sphere {
	<37.829060, 48.285572, 54.364872> 0.250000
	pigment { color rgbt <1,0,0,0> }
	no_shadow
}
cylinder {
	<37.757568, 47.927887, 54.529037>,  <37.714676, 47.713276, 54.627537>, 0.100000
	pigment { color rgbt <1,0,0,0> }
	no_shadow
}
cylinder {
	<37.757568, 47.927887, 54.529037>,  <37.829060, 48.285572, 54.364872>, 0.100000
	pigment { color rgbt <1,0,0,0> }
	no_shadow
}

// particle -1
sphere {
	<37.757568, 47.927887, 54.529037> 0.100000
	pigment { color rgbt <1,0,0,0> }
	no_shadow
}
sphere {
	0, 1
	scale<0.080000,0.200000,0.300000>
	matrix <0.495977, -0.442132, -0.747346,
		0.849743, 0.069984, 0.522531,
		-0.178725, -0.894215, 0.410410,
		37.703949, 47.659622, 54.652161>
	pigment { color rgbt <0,1,1,0> }
	no_shadow
}
cylinder {
	<38.508331, 47.823963, 54.305698>,  <37.829060, 48.285572, 54.364872>, 0.130000
	pigment { color rgbt <1,0,0,0> }
	no_shadow
}

// nucleotide -1

// particle -1
sphere {
	<38.508331, 47.823963, 54.305698> 0.250000
	pigment { color rgbt <1,0,0,0> }
	no_shadow
}
cylinder {
	<38.230530, 47.547935, 54.387146>,  <38.063847, 47.382317, 54.436016>, 0.100000
	pigment { color rgbt <1,0,0,0> }
	no_shadow
}
cylinder {
	<38.230530, 47.547935, 54.387146>,  <38.508331, 47.823963, 54.305698>, 0.100000
	pigment { color rgbt <1,0,0,0> }
	no_shadow
}

// particle -1
sphere {
	<38.230530, 47.547935, 54.387146> 0.100000
	pigment { color rgbt <1,0,0,0> }
	no_shadow
}
sphere {
	0, 1
	scale<0.080000,0.200000,0.300000>
	matrix <0.546500, -0.690034, -0.474542,
		0.467972, -0.218296, 0.856358,
		-0.694507, -0.690072, 0.203618,
		38.022179, 47.340916, 54.448231>
	pigment { color rgbt <0,1,1,0> }
	no_shadow
}
cylinder {
	<38.820084, 47.215771, 54.471642>,  <38.508331, 47.823963, 54.305698>, 0.130000
	pigment { color rgbt <1,0,0,0> }
	no_shadow
}

// nucleotide -1

// particle -1
sphere {
	<38.820084, 47.215771, 54.471642> 0.250000
	pigment { color rgbt <1,0,0,0> }
	no_shadow
}
cylinder {
	<38.456764, 47.094002, 54.356880>,  <38.238773, 47.020939, 54.288025>, 0.100000
	pigment { color rgbt <1,0,0,0> }
	no_shadow
}
cylinder {
	<38.456764, 47.094002, 54.356880>,  <38.820084, 47.215771, 54.471642>, 0.100000
	pigment { color rgbt <1,0,0,0> }
	no_shadow
}

// particle -1
sphere {
	<38.456764, 47.094002, 54.356880> 0.100000
	pigment { color rgbt <1,0,0,0> }
	no_shadow
}
sphere {
	0, 1
	scale<0.080000,0.200000,0.300000>
	matrix <0.415372, -0.575155, -0.704744,
		0.049530, -0.759290, 0.648864,
		-0.908302, -0.304426, -0.286900,
		38.184273, 47.002674, 54.270809>
	pigment { color rgbt <0,1,1,0> }
	no_shadow
}
cylinder {
	<38.914127, 46.487156, 54.407818>,  <38.820084, 47.215771, 54.471642>, 0.130000
	pigment { color rgbt <1,0,0,0> }
	no_shadow
}

// nucleotide -1

// particle -1
sphere {
	<38.914127, 46.487156, 54.407818> 0.250000
	pigment { color rgbt <1,0,0,0> }
	no_shadow
}
cylinder {
	<38.580116, 46.554253, 54.198212>,  <38.379711, 46.594513, 54.072449>, 0.100000
	pigment { color rgbt <1,0,0,0> }
	no_shadow
}
cylinder {
	<38.580116, 46.554253, 54.198212>,  <38.914127, 46.487156, 54.407818>, 0.100000
	pigment { color rgbt <1,0,0,0> }
	no_shadow
}

// particle -1
sphere {
	<38.580116, 46.554253, 54.198212> 0.100000
	pigment { color rgbt <1,0,0,0> }
	no_shadow
}
sphere {
	0, 1
	scale<0.080000,0.200000,0.300000>
	matrix <0.320955, -0.625064, -0.711536,
		-0.446900, -0.762337, 0.468106,
		-0.835026, 0.167744, -0.524017,
		38.329609, 46.604576, 54.041008>
	pigment { color rgbt <0,1,1,0> }
	no_shadow
}
cylinder {
	<38.758327, 45.876873, 54.094704>,  <38.914127, 46.487156, 54.407818>, 0.130000
	pigment { color rgbt <1,0,0,0> }
	no_shadow
}

// nucleotide -1

// particle -1
sphere {
	<38.758327, 45.876873, 54.094704> 0.250000
	pigment { color rgbt <1,0,0,0> }
	no_shadow
}
cylinder {
	<38.517029, 46.110817, 53.877804>,  <38.372250, 46.251183, 53.747665>, 0.100000
	pigment { color rgbt <1,0,0,0> }
	no_shadow
}
cylinder {
	<38.517029, 46.110817, 53.877804>,  <38.758327, 45.876873, 54.094704>, 0.100000
	pigment { color rgbt <1,0,0,0> }
	no_shadow
}

// particle -1
sphere {
	<38.517029, 46.110817, 53.877804> 0.100000
	pigment { color rgbt <1,0,0,0> }
	no_shadow
}
sphere {
	0, 1
	scale<0.080000,0.200000,0.300000>
	matrix <0.289768, -0.472706, -0.832216,
		-0.743053, -0.659158, 0.115686,
		-0.603248, 0.584858, -0.542248,
		38.336056, 46.286274, 53.715130>
	pigment { color rgbt <0,1,1,0> }
	no_shadow
}
cylinder {
	<38.459305, 45.401794, 53.531353>,  <38.758327, 45.876873, 54.094704>, 0.130000
	pigment { color rgbt <1,0,0,0> }
	no_shadow
}

// nucleotide -1

// particle -1
sphere {
	<38.459305, 45.401794, 53.531353> 0.250000
	pigment { color rgbt <1,0,0,0> }
	no_shadow
}
cylinder {
	<38.439430, 45.781292, 53.406509>,  <38.427505, 46.008991, 53.331604>, 0.100000
	pigment { color rgbt <1,0,0,0> }
	no_shadow
}
cylinder {
	<38.439430, 45.781292, 53.406509>,  <38.459305, 45.401794, 53.531353>, 0.100000
	pigment { color rgbt <1,0,0,0> }
	no_shadow
}

// particle -1
sphere {
	<38.439430, 45.781292, 53.406509> 0.100000
	pigment { color rgbt <1,0,0,0> }
	no_shadow
}
sphere {
	0, 1
	scale<0.080000,0.200000,0.300000>
	matrix <0.264633, -0.288821, -0.920083,
		-0.963069, -0.128306, -0.236720,
		-0.049682, 0.948747, -0.312109,
		38.424526, 46.065914, 53.312878>
	pigment { color rgbt <0,1,1,0> }
	no_shadow
}
cylinder {
	<38.041039, 45.331169, 52.893963>,  <38.459305, 45.401794, 53.531353>, 0.130000
	pigment { color rgbt <1,0,0,0> }
	no_shadow
}

// nucleotide -1

// particle -1
sphere {
	<38.041039, 45.331169, 52.893963> 0.250000
	pigment { color rgbt <1,0,0,0> }
	no_shadow
}
cylinder {
	<38.228325, 45.684349, 52.880268>,  <38.340698, 45.896255, 52.872051>, 0.100000
	pigment { color rgbt <1,0,0,0> }
	no_shadow
}
cylinder {
	<38.228325, 45.684349, 52.880268>,  <38.041039, 45.331169, 52.893963>, 0.100000
	pigment { color rgbt <1,0,0,0> }
	no_shadow
}

// particle -1
sphere {
	<38.228325, 45.684349, 52.880268> 0.100000
	pigment { color rgbt <1,0,0,0> }
	no_shadow
}
sphere {
	0, 1
	scale<0.080000,0.200000,0.300000>
	matrix <0.304903, -0.197813, -0.931614,
		-0.829342, 0.425757, -0.361834,
		0.468216, 0.882950, -0.034240,
		38.368790, 45.949234, 52.869995>
	pigment { color rgbt <0,1,1,0> }
	no_shadow
}
cylinder {
	<37.880455, 45.557804, 52.240208>,  <38.041039, 45.331169, 52.893963>, 0.130000
	pigment { color rgbt <1,0,0,0> }
	no_shadow
}

// nucleotide -1

// particle -1
sphere {
	<37.880455, 45.557804, 52.240208> 0.250000
	pigment { color rgbt <1,0,0,0> }
	no_shadow
}
cylinder {
	<38.203682, 45.759468, 52.362091>,  <38.397617, 45.880466, 52.435219>, 0.100000
	pigment { color rgbt <1,0,0,0> }
	no_shadow
}
cylinder {
	<38.203682, 45.759468, 52.362091>,  <37.880455, 45.557804, 52.240208>, 0.100000
	pigment { color rgbt <1,0,0,0> }
	no_shadow
}

// particle -1
sphere {
	<38.203682, 45.759468, 52.362091> 0.100000
	pigment { color rgbt <1,0,0,0> }
	no_shadow
}
sphere {
	0, 1
	scale<0.080000,0.200000,0.300000>
	matrix <0.414034, -0.118120, -0.902565,
		-0.419045, 0.855495, -0.304188,
		0.808070, 0.504159, 0.304706,
		38.446102, 45.910717, 52.453503>
	pigment { color rgbt <0,1,1,0> }
	no_shadow
}
cylinder {
	<37.936348, 46.136608, 51.770134>,  <37.880455, 45.557804, 52.240208>, 0.130000
	pigment { color rgbt <1,0,0,0> }
	no_shadow
}

// nucleotide -1

// particle -1
sphere {
	<37.936348, 46.136608, 51.770134> 0.250000
	pigment { color rgbt <1,0,0,0> }
	no_shadow
}
cylinder {
	<38.285255, 46.071320, 51.954529>,  <38.494598, 46.032146, 52.065166>, 0.100000
	pigment { color rgbt <1,0,0,0> }
	no_shadow
}
cylinder {
	<38.285255, 46.071320, 51.954529>,  <37.936348, 46.136608, 51.770134>, 0.100000
	pigment { color rgbt <1,0,0,0> }
	no_shadow
}

// particle -1
sphere {
	<38.285255, 46.071320, 51.954529> 0.100000
	pigment { color rgbt <1,0,0,0> }
	no_shadow
}
sphere {
	0, 1
	scale<0.080000,0.200000,0.300000>
	matrix <0.443101, -0.135068, -0.886238,
		0.206918, 0.977300, -0.045492,
		0.872265, -0.163221, 0.460991,
		38.546936, 46.022354, 52.092827>
	pigment { color rgbt <0,1,1,0> }
	no_shadow
}
cylinder {
	<38.491699, 46.422256, 51.366077>,  <37.936348, 46.136608, 51.770134>, 0.130000
	pigment { color rgbt <1,0,0,0> }
	no_shadow
}

// nucleotide -1

// particle -1
sphere {
	<38.491699, 46.422256, 51.366077> 0.250000
	pigment { color rgbt <1,0,0,0> }
	no_shadow
}
cylinder {
	<38.692131, 46.179726, 51.613068>,  <38.812389, 46.034206, 51.761261>, 0.100000
	pigment { color rgbt <1,0,0,0> }
	no_shadow
}
cylinder {
	<38.692131, 46.179726, 51.613068>,  <38.491699, 46.422256, 51.366077>, 0.100000
	pigment { color rgbt <1,0,0,0> }
	no_shadow
}

// particle -1
sphere {
	<38.692131, 46.179726, 51.613068> 0.100000
	pigment { color rgbt <1,0,0,0> }
	no_shadow
}
sphere {
	0, 1
	scale<0.080000,0.200000,0.300000>
	matrix <0.589563, -0.283152, -0.756465,
		0.633510, 0.743093, 0.215589,
		0.501079, -0.606332, 0.617480,
		38.842453, 45.997826, 51.798313>
	pigment { color rgbt <0,1,1,0> }
	no_shadow
}
cylinder {
	<39.129555, 46.559364, 51.203213>,  <38.491699, 46.422256, 51.366077>, 0.130000
	pigment { color rgbt <1,0,0,0> }
	no_shadow
}

// nucleotide -1

// particle -1
sphere {
	<39.129555, 46.559364, 51.203213> 0.250000
	pigment { color rgbt <1,0,0,0> }
	no_shadow
}
cylinder {
	<39.156433, 46.202415, 51.381721>,  <39.172562, 45.988247, 51.488827>, 0.100000
	pigment { color rgbt <1,0,0,0> }
	no_shadow
}
cylinder {
	<39.156433, 46.202415, 51.381721>,  <39.129555, 46.559364, 51.203213>, 0.100000
	pigment { color rgbt <1,0,0,0> }
	no_shadow
}

// particle -1
sphere {
	<39.156433, 46.202415, 51.381721> 0.100000
	pigment { color rgbt <1,0,0,0> }
	no_shadow
}
sphere {
	0, 1
	scale<0.080000,0.200000,0.300000>
	matrix <0.499574, -0.357082, -0.789252,
		0.863661, 0.275980, 0.421812,
		0.067196, -0.892372, 0.446270,
		39.176594, 45.934704, 51.515602>
	pigment { color rgbt <0,1,1,0> }
	no_shadow
}
cylinder {
	<39.805836, 46.328522, 51.246586>,  <39.129555, 46.559364, 51.203213>, 0.130000
	pigment { color rgbt <1,0,0,0> }
	no_shadow
}

// nucleotide -1

// particle -1
sphere {
	<39.805836, 46.328522, 51.246586> 0.250000
	pigment { color rgbt <1,0,0,0> }
	no_shadow
}
cylinder {
	<39.613647, 45.979733, 51.284134>,  <39.498333, 45.770458, 51.306664>, 0.100000
	pigment { color rgbt <1,0,0,0> }
	no_shadow
}
cylinder {
	<39.613647, 45.979733, 51.284134>,  <39.805836, 46.328522, 51.246586>, 0.100000
	pigment { color rgbt <1,0,0,0> }
	no_shadow
}

// particle -1
sphere {
	<39.613647, 45.979733, 51.284134> 0.100000
	pigment { color rgbt <1,0,0,0> }
	no_shadow
}
sphere {
	0, 1
	scale<0.080000,0.200000,0.300000>
	matrix <0.663041, -0.431221, -0.611903,
		0.574043, -0.231759, 0.785342,
		-0.480470, -0.871972, 0.093874,
		39.469505, 45.718140, 51.312298>
	pigment { color rgbt <0,1,1,0> }
	no_shadow
}
cylinder {
	<40.337246, 45.912956, 51.155182>,  <39.805836, 46.328522, 51.246586>, 0.130000
	pigment { color rgbt <1,0,0,0> }
	no_shadow
}

// nucleotide -1

// particle -1
sphere {
	<40.337246, 45.912956, 51.155182> 0.250000
	pigment { color rgbt <1,0,0,0> }
	no_shadow
}
cylinder {
	<40.016640, 45.675076, 51.130188>,  <39.824276, 45.532345, 51.115192>, 0.100000
	pigment { color rgbt <1,0,0,0> }
	no_shadow
}
cylinder {
	<40.016640, 45.675076, 51.130188>,  <40.337246, 45.912956, 51.155182>, 0.100000
	pigment { color rgbt <1,0,0,0> }
	no_shadow
}

// particle -1
sphere {
	<40.016640, 45.675076, 51.130188> 0.100000
	pigment { color rgbt <1,0,0,0> }
	no_shadow
}
sphere {
	0, 1
	scale<0.080000,0.200000,0.300000>
	matrix <0.468046, -0.558881, -0.684532,
		0.372173, -0.577906, 0.726300,
		-0.801511, -0.594706, -0.062487,
		39.776188, 45.496662, 51.111443>
	pigment { color rgbt <0,1,1,0> }
	no_shadow
}
cylinder {
	<40.586109, 45.306618, 51.077438>,  <40.337246, 45.912956, 51.155182>, 0.130000
	pigment { color rgbt <1,0,0,0> }
	no_shadow
}

// nucleotide -1

// particle -1
sphere {
	<40.586109, 45.306618, 51.077438> 0.250000
	pigment { color rgbt <1,0,0,0> }
	no_shadow
}
cylinder {
	<40.210960, 45.228836, 50.962494>,  <39.985870, 45.182167, 50.893528>, 0.100000
	pigment { color rgbt <1,0,0,0> }
	no_shadow
}
cylinder {
	<40.210960, 45.228836, 50.962494>,  <40.586109, 45.306618, 51.077438>, 0.100000
	pigment { color rgbt <1,0,0,0> }
	no_shadow
}

// particle -1
sphere {
	<40.210960, 45.228836, 50.962494> 0.100000
	pigment { color rgbt <1,0,0,0> }
	no_shadow
}
sphere {
	0, 1
	scale<0.080000,0.200000,0.300000>
	matrix <0.346544, -0.565983, -0.748044,
		-0.017183, -0.801157, 0.598208,
		-0.937876, -0.194452, -0.287362,
		39.929596, 45.170502, 50.876286>
	pigment { color rgbt <0,1,1,0> }
	no_shadow
}
cylinder {
	<40.643555, 44.582150, 50.807655>,  <40.586109, 45.306618, 51.077438>, 0.130000
	pigment { color rgbt <1,0,0,0> }
	no_shadow
}

// nucleotide -1

// particle -1
sphere {
	<40.643555, 44.582150, 50.807655> 0.250000
	pigment { color rgbt <1,0,0,0> }
	no_shadow
}
cylinder {
	<40.311783, 44.730927, 50.640942>,  <40.112720, 44.820190, 50.540913>, 0.100000
	pigment { color rgbt <1,0,0,0> }
	no_shadow
}
cylinder {
	<40.311783, 44.730927, 50.640942>,  <40.643555, 44.582150, 50.807655>, 0.100000
	pigment { color rgbt <1,0,0,0> }
	no_shadow
}

// particle -1
sphere {
	<40.311783, 44.730927, 50.640942> 0.100000
	pigment { color rgbt <1,0,0,0> }
	no_shadow
}
sphere {
	0, 1
	scale<0.080000,0.200000,0.300000>
	matrix <0.142255, -0.580869, -0.801471,
		-0.540194, -0.724053, 0.428880,
		-0.829430, 0.371939, -0.416782,
		40.062954, 44.842510, 50.515907>
	pigment { color rgbt <0,1,1,0> }
	no_shadow
}
cylinder {
	<40.310005, 44.019398, 50.512886>,  <40.643555, 44.582150, 50.807655>, 0.130000
	pigment { color rgbt <1,0,0,0> }
	no_shadow
}

// nucleotide -1

// particle -1
sphere {
	<40.310005, 44.019398, 50.512886> 0.250000
	pigment { color rgbt <1,0,0,0> }
	no_shadow
}
cylinder {
	<40.166954, 44.336399, 50.315285>,  <40.081123, 44.526600, 50.196724>, 0.100000
	pigment { color rgbt <1,0,0,0> }
	no_shadow
}
cylinder {
	<40.166954, 44.336399, 50.315285>,  <40.310005, 44.019398, 50.512886>, 0.100000
	pigment { color rgbt <1,0,0,0> }
	no_shadow
}

// particle -1
sphere {
	<40.166954, 44.336399, 50.315285> 0.100000
	pigment { color rgbt <1,0,0,0> }
	no_shadow
}
sphere {
	0, 1
	scale<0.080000,0.200000,0.300000>
	matrix <0.264183, -0.421526, -0.867481,
		-0.895716, -0.440746, -0.058615,
		-0.357631, 0.792502, -0.494005,
		40.059666, 44.574150, 50.167084>
	pigment { color rgbt <0,1,1,0> }
	no_shadow
}
cylinder {
	<40.166466, 43.795284, 49.845058>,  <40.310005, 44.019398, 50.512886>, 0.130000
	pigment { color rgbt <1,0,0,0> }
	no_shadow
}

// nucleotide -1

// particle -1
sphere {
	<40.166466, 43.795284, 49.845058> 0.250000
	pigment { color rgbt <1,0,0,0> }
	no_shadow
}
cylinder {
	<40.148628, 44.185970, 49.761112>,  <40.137928, 44.420380, 49.710743>, 0.100000
	pigment { color rgbt <1,0,0,0> }
	no_shadow
}
cylinder {
	<40.148628, 44.185970, 49.761112>,  <40.166466, 43.795284, 49.845058>, 0.100000
	pigment { color rgbt <1,0,0,0> }
	no_shadow
}

// particle -1
sphere {
	<40.148628, 44.185970, 49.761112> 0.100000
	pigment { color rgbt <1,0,0,0> }
	no_shadow
}
sphere {
	0, 1
	scale<0.080000,0.200000,0.300000>
	matrix <0.522189, -0.156307, -0.838384,
		-0.851664, -0.146975, -0.503058,
		-0.044590, 0.976712, -0.209870,
		40.135250, 44.478985, 49.698151>
	pigment { color rgbt <0,1,1,0> }
	no_shadow
}
cylinder {
	<39.894360, 43.858341, 49.162254>,  <40.166466, 43.795284, 49.845058>, 0.130000
	pigment { color rgbt <1,0,0,0> }
	no_shadow
}

// nucleotide -1

// particle -1
sphere {
	<39.894360, 43.858341, 49.162254> 0.250000
	pigment { color rgbt <1,0,0,0> }
	no_shadow
}
cylinder {
	<40.101753, 44.194912, 49.223152>,  <40.226189, 44.396854, 49.259689>, 0.100000
	pigment { color rgbt <1,0,0,0> }
	no_shadow
}
cylinder {
	<40.101753, 44.194912, 49.223152>,  <39.894360, 43.858341, 49.162254>, 0.100000
	pigment { color rgbt <1,0,0,0> }
	no_shadow
}

// particle -1
sphere {
	<40.101753, 44.194912, 49.223152> 0.100000
	pigment { color rgbt <1,0,0,0> }
	no_shadow
}
sphere {
	0, 1
	scale<0.080000,0.200000,0.300000>
	matrix <0.459190, -0.123786, -0.879671,
		-0.721334, 0.526001, -0.450556,
		0.518481, 0.841427, 0.152244,
		40.257298, 44.447342, 49.268826>
	pigment { color rgbt <0,1,1,0> }
	no_shadow
}
cylinder {
	<40.042301, 44.100609, 48.417919>,  <39.894360, 43.858341, 49.162254>, 0.130000
	pigment { color rgbt <1,0,0,0> }
	no_shadow
}

// nucleotide -1

// particle -1
sphere {
	<40.042301, 44.100609, 48.417919> 0.250000
	pigment { color rgbt <1,0,0,0> }
	no_shadow
}
cylinder {
	<40.315628, 44.270927, 48.655163>,  <40.479626, 44.373119, 48.797508>, 0.100000
	pigment { color rgbt <1,0,0,0> }
	no_shadow
}
cylinder {
	<40.315628, 44.270927, 48.655163>,  <40.042301, 44.100609, 48.417919>, 0.100000
	pigment { color rgbt <1,0,0,0> }
	no_shadow
}

// particle -1
sphere {
	<40.315628, 44.270927, 48.655163> 0.100000
	pigment { color rgbt <1,0,0,0> }
	no_shadow
}
sphere {
	0, 1
	scale<0.080000,0.200000,0.300000>
	matrix <0.598159, 0.139341, -0.789171,
		-0.418669, 0.894026, -0.159479,
		0.683317, 0.425795, 0.593107,
		40.520622, 44.398666, 48.833096>
	pigment { color rgbt <0,1,1,0> }
	no_shadow
}
cylinder {
	<40.199287, 44.726933, 48.062477>,  <40.042301, 44.100609, 48.417919>, 0.130000
	pigment { color rgbt <1,0,0,0> }
	no_shadow
}

// nucleotide -1

// particle -1
sphere {
	<40.199287, 44.726933, 48.062477> 0.250000
	pigment { color rgbt <1,0,0,0> }
	no_shadow
}
cylinder {
	<40.490631, 44.644058, 48.323727>,  <40.665436, 44.594334, 48.480476>, 0.100000
	pigment { color rgbt <1,0,0,0> }
	no_shadow
}
cylinder {
	<40.490631, 44.644058, 48.323727>,  <40.199287, 44.726933, 48.062477>, 0.100000
	pigment { color rgbt <1,0,0,0> }
	no_shadow
}

// particle -1
sphere {
	<40.490631, 44.644058, 48.323727> 0.100000
	pigment { color rgbt <1,0,0,0> }
	no_shadow
}
sphere {
	0, 1
	scale<0.080000,0.200000,0.300000>
	matrix <0.684369, 0.266731, -0.678597,
		-0.033613, 0.941238, 0.336067,
		0.728361, -0.207184, 0.653120,
		40.709141, 44.581902, 48.519661>
	pigment { color rgbt <0,1,1,0> }
	no_shadow
}
cylinder {
	<40.675846, 45.230843, 47.989315>,  <40.199287, 44.726933, 48.062477>, 0.130000
	pigment { color rgbt <1,0,0,0> }
	no_shadow
}

// nucleotide -1

// particle -1
sphere {
	<40.675846, 45.230843, 47.989315> 0.250000
	pigment { color rgbt <1,0,0,0> }
	no_shadow
}
cylinder {
	<40.888466, 44.964382, 48.198582>,  <41.016037, 44.804508, 48.324142>, 0.100000
	pigment { color rgbt <1,0,0,0> }
	no_shadow
}
cylinder {
	<40.888466, 44.964382, 48.198582>,  <40.675846, 45.230843, 47.989315>, 0.100000
	pigment { color rgbt <1,0,0,0> }
	no_shadow
}

// particle -1
sphere {
	<40.888466, 44.964382, 48.198582> 0.100000
	pigment { color rgbt <1,0,0,0> }
	no_shadow
}
sphere {
	0, 1
	scale<0.080000,0.200000,0.300000>
	matrix <0.769184, 0.120974, -0.627472,
		0.354699, 0.735945, 0.576693,
		0.531550, -0.666146, 0.523167,
		41.047932, 44.764538, 48.355534>
	pigment { color rgbt <0,1,1,0> }
	no_shadow
}
cylinder {
	<41.285458, 45.486656, 48.066525>,  <40.675846, 45.230843, 47.989315>, 0.130000
	pigment { color rgbt <1,0,0,0> }
	no_shadow
}

// nucleotide -1

// particle -1
sphere {
	<41.285458, 45.486656, 48.066525> 0.250000
	pigment { color rgbt <1,0,0,0> }
	no_shadow
}
cylinder {
	<41.318382, 45.088528, 48.086803>,  <41.338135, 44.849651, 48.098972>, 0.100000
	pigment { color rgbt <1,0,0,0> }
	no_shadow
}
cylinder {
	<41.318382, 45.088528, 48.086803>,  <41.285458, 45.486656, 48.066525>, 0.100000
	pigment { color rgbt <1,0,0,0> }
	no_shadow
}

// particle -1
sphere {
	<41.318382, 45.088528, 48.086803> 0.100000
	pigment { color rgbt <1,0,0,0> }
	no_shadow
}
sphere {
	0, 1
	scale<0.080000,0.200000,0.300000>
	matrix <0.742060, 0.027248, -0.669780,
		0.665261, 0.092750, 0.740827,
		0.082308, -0.995317, 0.050700,
		41.343075, 44.789932, 48.102013>
	pigment { color rgbt <0,1,1,0> }
	no_shadow
}
cylinder {
	<42.052818, 45.331741, 48.128410>,  <41.285458, 45.486656, 48.066525>, 0.130000
	pigment { color rgbt <1,0,0,0> }
	no_shadow
}

// nucleotide -1

// particle -1
sphere {
	<42.052818, 45.331741, 48.128410> 0.250000
	pigment { color rgbt <1,0,0,0> }
	no_shadow
}
cylinder {
	<41.903030, 44.987347, 47.990726>,  <41.813160, 44.780712, 47.908115>, 0.100000
	pigment { color rgbt <1,0,0,0> }
	no_shadow
}
cylinder {
	<41.903030, 44.987347, 47.990726>,  <42.052818, 45.331741, 48.128410>, 0.100000
	pigment { color rgbt <1,0,0,0> }
	no_shadow
}

// particle -1
sphere {
	<41.903030, 44.987347, 47.990726> 0.100000
	pigment { color rgbt <1,0,0,0> }
	no_shadow
}
sphere {
	0, 1
	scale<0.080000,0.200000,0.300000>
	matrix <0.624716, 0.040059, -0.779824,
		0.685204, -0.507055, 0.522869,
		-0.374468, -0.860982, -0.344214,
		41.790691, 44.729053, 47.887463>
	pigment { color rgbt <0,1,1,0> }
	no_shadow
}
cylinder {
	<42.619808, 44.902050, 47.929329>,  <42.052818, 45.331741, 48.128410>, 0.130000
	pigment { color rgbt <1,0,0,0> }
	no_shadow
}

// nucleotide -1

// particle -1
sphere {
	<42.619808, 44.902050, 47.929329> 0.250000
	pigment { color rgbt <1,0,0,0> }
	no_shadow
}
cylinder {
	<42.294868, 44.771858, 47.735771>,  <42.099907, 44.693741, 47.619637>, 0.100000
	pigment { color rgbt <1,0,0,0> }
	no_shadow
}
cylinder {
	<42.294868, 44.771858, 47.735771>,  <42.619808, 44.902050, 47.929329>, 0.100000
	pigment { color rgbt <1,0,0,0> }
	no_shadow
}

// particle -1
sphere {
	<42.294868, 44.771858, 47.735771> 0.100000
	pigment { color rgbt <1,0,0,0> }
	no_shadow
}
sphere {
	0, 1
	scale<0.080000,0.200000,0.300000>
	matrix <0.472879, 0.117964, -0.873195,
		0.341292, -0.938161, 0.058087,
		-0.812345, -0.325483, -0.483897,
		42.051167, 44.674213, 47.590603>
	pigment { color rgbt <0,1,1,0> }
	no_shadow
}
cylinder {
	<42.925289, 44.409885, 47.289799>,  <42.619808, 44.902050, 47.929329>, 0.130000
	pigment { color rgbt <1,0,0,0> }
	no_shadow
}

// nucleotide -1

// particle -1
sphere {
	<42.925289, 44.409885, 47.289799> 0.250000
	pigment { color rgbt <1,0,0,0> }
	no_shadow
}
cylinder {
	<42.545471, 44.490631, 47.193787>,  <42.317581, 44.539078, 47.136181>, 0.100000
	pigment { color rgbt <1,0,0,0> }
	no_shadow
}
cylinder {
	<42.545471, 44.490631, 47.193787>,  <42.925289, 44.409885, 47.289799>, 0.100000
	pigment { color rgbt <1,0,0,0> }
	no_shadow
}

// particle -1
sphere {
	<42.545471, 44.490631, 47.193787> 0.100000
	pigment { color rgbt <1,0,0,0> }
	no_shadow
}
sphere {
	0, 1
	scale<0.080000,0.200000,0.300000>
	matrix <0.215715, -0.135192, -0.967052,
		-0.227666, -0.970038, 0.084825,
		-0.949545, 0.201867, -0.240030,
		42.260609, 44.551189, 47.121777>
	pigment { color rgbt <0,1,1,0> }
	no_shadow
}
cylinder {
	<42.726398, 43.972599, 46.703773>,  <42.925289, 44.409885, 47.289799>, 0.130000
	pigment { color rgbt <1,0,0,0> }
	no_shadow
}

// nucleotide -1

// particle -1
sphere {
	<42.726398, 43.972599, 46.703773> 0.250000
	pigment { color rgbt <1,0,0,0> }
	no_shadow
}
cylinder {
	<42.462570, 44.273136, 46.712276>,  <42.304272, 44.453457, 46.717381>, 0.100000
	pigment { color rgbt <1,0,0,0> }
	no_shadow
}
cylinder {
	<42.462570, 44.273136, 46.712276>,  <42.726398, 43.972599, 46.703773>, 0.100000
	pigment { color rgbt <1,0,0,0> }
	no_shadow
}

// particle -1
sphere {
	<42.462570, 44.273136, 46.712276> 0.100000
	pigment { color rgbt <1,0,0,0> }
	no_shadow
}
sphere {
	0, 1
	scale<0.080000,0.200000,0.300000>
	matrix <-0.028006, 0.003701, -0.999601,
		-0.751121, -0.659902, 0.018601,
		-0.659570, 0.751342, 0.021261,
		42.264698, 44.498539, 46.718655>
	pigment { color rgbt <0,1,1,0> }
	no_shadow
}
cylinder {
	<42.203220, 43.770660, 46.171211>,  <42.726398, 43.972599, 46.703773>, 0.130000
	pigment { color rgbt <1,0,0,0> }
	no_shadow
}

// nucleotide -1

// particle -1
sphere {
	<42.203220, 43.770660, 46.171211> 0.250000
	pigment { color rgbt <1,0,0,0> }
	no_shadow
}
cylinder {
	<42.165817, 44.167049, 46.209629>,  <42.143375, 44.404884, 46.232681>, 0.100000
	pigment { color rgbt <1,0,0,0> }
	no_shadow
}
cylinder {
	<42.165817, 44.167049, 46.209629>,  <42.203220, 43.770660, 46.171211>, 0.100000
	pigment { color rgbt <1,0,0,0> }
	no_shadow
}

// particle -1
sphere {
	<42.165817, 44.167049, 46.209629> 0.100000
	pigment { color rgbt <1,0,0,0> }
	no_shadow
}
sphere {
	0, 1
	scale<0.080000,0.200000,0.300000>
	matrix <-0.158046, 0.080471, -0.984147,
		-0.982994, -0.107205, 0.149095,
		-0.093508, 0.990975, 0.096046,
		42.137764, 44.464340, 46.238441>
	pigment { color rgbt <0,1,1,0> }
	no_shadow
}
cylinder {
	<41.644779, 43.914074, 45.866932>,  <42.203220, 43.770660, 46.171211>, 0.130000
	pigment { color rgbt <1,0,0,0> }
	no_shadow
}

// nucleotide -1

// particle -1
sphere {
	<41.644779, 43.914074, 45.866932> 0.250000
	pigment { color rgbt <1,0,0,0> }
	no_shadow
}
cylinder {
	<41.837486, 44.264580, 45.870262>,  <41.953110, 44.474884, 45.872261>, 0.100000
	pigment { color rgbt <1,0,0,0> }
	no_shadow
}
cylinder {
	<41.837486, 44.264580, 45.870262>,  <41.644779, 43.914074, 45.866932>, 0.100000
	pigment { color rgbt <1,0,0,0> }
	no_shadow
}

// particle -1
sphere {
	<41.837486, 44.264580, 45.870262> 0.100000
	pigment { color rgbt <1,0,0,0> }
	no_shadow
}
sphere {
	0, 1
	scale<0.080000,0.200000,0.300000>
	matrix <-0.221515, 0.130973, -0.966321,
		-0.847841, 0.463694, 0.257204,
		0.481764, 0.876261, 0.008329,
		41.982014, 44.527458, 45.872761>
	pigment { color rgbt <0,1,1,0> }
	no_shadow
}
cylinder {
	<41.153702, 44.417656, 45.574345>,  <41.644779, 43.914074, 45.866932>, 0.130000
	pigment { color rgbt <1,0,0,0> }
	no_shadow
}

// nucleotide -1

// particle -1
sphere {
	<41.153702, 44.417656, 45.574345> 0.250000
	pigment { color rgbt <1,0,0,0> }
	no_shadow
}
cylinder {
	<41.498863, 44.618340, 45.550041>,  <41.705959, 44.738750, 45.535461>, 0.100000
	pigment { color rgbt <1,0,0,0> }
	no_shadow
}
cylinder {
	<41.498863, 44.618340, 45.550041>,  <41.153702, 44.417656, 45.574345>, 0.100000
	pigment { color rgbt <1,0,0,0> }
	no_shadow
}

// particle -1
sphere {
	<41.498863, 44.618340, 45.550041> 0.100000
	pigment { color rgbt <1,0,0,0> }
	no_shadow
}
sphere {
	0, 1
	scale<0.080000,0.200000,0.300000>
	matrix <-0.242124, 0.304894, -0.921095,
		-0.443600, 0.809522, 0.384569,
		0.862899, 0.501711, -0.060754,
		41.757732, 44.768852, 45.531815>
	pigment { color rgbt <0,1,1,0> }
	no_shadow
}
cylinder {
	<40.984470, 45.065327, 45.323029>,  <41.153702, 44.417656, 45.574345>, 0.130000
	pigment { color rgbt <1,0,0,0> }
	no_shadow
}

// nucleotide -1

// particle -1
sphere {
	<40.984470, 45.065327, 45.323029> 0.250000
	pigment { color rgbt <1,0,0,0> }
	no_shadow
}
cylinder {
	<41.373672, 45.055565, 45.231239>,  <41.607193, 45.049709, 45.176167>, 0.100000
	pigment { color rgbt <1,0,0,0> }
	no_shadow
}
cylinder {
	<41.373672, 45.055565, 45.231239>,  <40.984470, 45.065327, 45.323029>, 0.100000
	pigment { color rgbt <1,0,0,0> }
	no_shadow
}

// particle -1
sphere {
	<41.373672, 45.055565, 45.231239> 0.100000
	pigment { color rgbt <1,0,0,0> }
	no_shadow
}
sphere {
	0, 1
	scale<0.080000,0.200000,0.300000>
	matrix <-0.212938, 0.288329, -0.933555,
		0.088943, 0.957221, 0.275350,
		0.973009, -0.024401, -0.229473,
		41.665577, 45.048244, 45.162399>
	pigment { color rgbt <0,1,1,0> }
	no_shadow
}
cylinder {
	<41.085602, 45.661240, 44.924122>,  <40.984470, 45.065327, 45.323029>, 0.130000
	pigment { color rgbt <1,0,0,0> }
	no_shadow
}

// nucleotide -1

// particle -1
sphere {
	<41.085602, 45.661240, 44.924122> 0.250000
	pigment { color rgbt <1,0,0,0> }
	no_shadow
}
cylinder {
	<41.381622, 45.410667, 44.826225>,  <41.559235, 45.260323, 44.767487>, 0.100000
	pigment { color rgbt <1,0,0,0> }
	no_shadow
}
cylinder {
	<41.381622, 45.410667, 44.826225>,  <41.085602, 45.661240, 44.924122>, 0.100000
	pigment { color rgbt <1,0,0,0> }
	no_shadow
}

// particle -1
sphere {
	<41.381622, 45.410667, 44.826225> 0.100000
	pigment { color rgbt <1,0,0,0> }
	no_shadow
}
sphere {
	0, 1
	scale<0.080000,0.200000,0.300000>
	matrix <-0.206371, 0.134838, -0.969139,
		0.640103, 0.767723, -0.029491,
		0.740054, -0.626435, -0.244746,
		41.603638, 45.222736, 44.752800>
	pigment { color rgbt <0,1,1,0> }
	no_shadow
}
cylinder {
	<41.495575, 45.998745, 44.371796>,  <41.085602, 45.661240, 44.924122>, 0.130000
	pigment { color rgbt <1,0,0,0> }
	no_shadow
}

// nucleotide -1

// particle -1
sphere {
	<41.495575, 45.998745, 44.371796> 0.250000
	pigment { color rgbt <1,0,0,0> }
	no_shadow
}
cylinder {
	<41.543465, 45.602528, 44.344975>,  <41.572201, 45.364799, 44.328880>, 0.100000
	pigment { color rgbt <1,0,0,0> }
	no_shadow
}
cylinder {
	<41.543465, 45.602528, 44.344975>,  <41.495575, 45.998745, 44.371796>, 0.100000
	pigment { color rgbt <1,0,0,0> }
	no_shadow
}

// particle -1
sphere {
	<41.543465, 45.602528, 44.344975> 0.100000
	pigment { color rgbt <1,0,0,0> }
	no_shadow
}
sphere {
	0, 1
	scale<0.080000,0.200000,0.300000>
	matrix <-0.079300, 0.057781, -0.995175,
		0.989635, 0.124466, -0.071632,
		0.119727, -0.990540, -0.067053,
		41.579384, 45.305367, 44.324860>
	pigment { color rgbt <0,1,1,0> }
	no_shadow
}
cylinder {
	<42.029282, 45.818169, 43.914314>,  <41.495575, 45.998745, 44.371796>, 0.130000
	pigment { color rgbt <1,0,0,0> }
	no_shadow
}

// nucleotide -1

// particle -1
sphere {
	<42.029282, 45.818169, 43.914314> 0.250000
	pigment { color rgbt <1,0,0,0> }
	no_shadow
}
cylinder {
	<41.790726, 45.497890, 43.936958>,  <41.647591, 45.305725, 43.950546>, 0.100000
	pigment { color rgbt <1,0,0,0> }
	no_shadow
}
cylinder {
	<41.790726, 45.497890, 43.936958>,  <42.029282, 45.818169, 43.914314>, 0.100000
	pigment { color rgbt <1,0,0,0> }
	no_shadow
}

// particle -1
sphere {
	<41.790726, 45.497890, 43.936958> 0.100000
	pigment { color rgbt <1,0,0,0> }
	no_shadow
}
sphere {
	0, 1
	scale<0.080000,0.200000,0.300000>
	matrix <-0.014958, -0.059430, -0.998120,
		0.802555, -0.596117, 0.023467,
		-0.596391, -0.800695, 0.056613,
		41.611809, 45.257683, 43.953941>
	pigment { color rgbt <0,1,1,0> }
	no_shadow
}
cylinder {
	<42.402752, 45.266262, 43.644798>,  <42.029282, 45.818169, 43.914314>, 0.130000
	pigment { color rgbt <1,0,0,0> }
	no_shadow
}

// nucleotide -1

// particle -1
sphere {
	<42.402752, 45.266262, 43.644798> 0.250000
	pigment { color rgbt <1,0,0,0> }
	no_shadow
}
cylinder {
	<42.015823, 45.169163, 43.615490>,  <41.783669, 45.110905, 43.597904>, 0.100000
	pigment { color rgbt <1,0,0,0> }
	no_shadow
}
cylinder {
	<42.015823, 45.169163, 43.615490>,  <42.402752, 45.266262, 43.644798>, 0.100000
	pigment { color rgbt <1,0,0,0> }
	no_shadow
}

// particle -1
sphere {
	<42.015823, 45.169163, 43.615490> 0.100000
	pigment { color rgbt <1,0,0,0> }
	no_shadow
}
sphere {
	0, 1
	scale<0.080000,0.200000,0.300000>
	matrix <0.109257, -0.138277, -0.984349,
		0.228818, -0.960184, 0.160280,
		-0.967319, -0.242748, -0.073267,
		41.725628, 45.096340, 43.593510>
	pigment { color rgbt <0,1,1,0> }
	no_shadow
}
cylinder {
	<42.439190, 44.817154, 43.075218>,  <42.402752, 45.266262, 43.644798>, 0.130000
	pigment { color rgbt <1,0,0,0> }
	no_shadow
}

// nucleotide -1

// particle -1
sphere {
	<42.439190, 44.817154, 43.075218> 0.250000
	pigment { color rgbt <1,0,0,0> }
	no_shadow
}
cylinder {
	<42.049416, 44.886475, 43.132404>,  <41.815552, 44.928066, 43.166718>, 0.100000
	pigment { color rgbt <1,0,0,0> }
	no_shadow
}
cylinder {
	<42.049416, 44.886475, 43.132404>,  <42.439190, 44.817154, 43.075218>, 0.100000
	pigment { color rgbt <1,0,0,0> }
	no_shadow
}

// particle -1
sphere {
	<42.049416, 44.886475, 43.132404> 0.100000
	pigment { color rgbt <1,0,0,0> }
	no_shadow
}
sphere {
	0, 1
	scale<0.080000,0.200000,0.300000>
	matrix <-0.142474, 0.015353, -0.989679,
		-0.173713, -0.984748, 0.009731,
		-0.974435, 0.173307, 0.142968,
		41.757084, 44.938465, 43.175293>
	pigment { color rgbt <0,1,1,0> }
	no_shadow
}
cylinder {
	<42.121441, 44.250790, 42.782661>,  <42.439190, 44.817154, 43.075218>, 0.130000
	pigment { color rgbt <1,0,0,0> }
	no_shadow
}

// nucleotide -1

// particle -1
sphere {
	<42.121441, 44.250790, 42.782661> 0.250000
	pigment { color rgbt <1,0,0,0> }
	no_shadow
}
cylinder {
	<41.848915, 44.543083, 42.799805>,  <41.685398, 44.718460, 42.810089>, 0.100000
	pigment { color rgbt <1,0,0,0> }
	no_shadow
}
cylinder {
	<41.848915, 44.543083, 42.799805>,  <42.121441, 44.250790, 42.782661>, 0.100000
	pigment { color rgbt <1,0,0,0> }
	no_shadow
}

// particle -1
sphere {
	<41.848915, 44.543083, 42.799805> 0.100000
	pigment { color rgbt <1,0,0,0> }
	no_shadow
}
sphere {
	0, 1
	scale<0.080000,0.200000,0.300000>
	matrix <-0.198304, -0.127903, -0.971759,
		-0.704619, -0.670571, 0.232049,
		-0.681313, 0.730736, 0.042854,
		41.644520, 44.762302, 42.812660>
	pigment { color rgbt <0,1,1,0> }
	no_shadow
}
cylinder {
	<41.633308, 43.985409, 42.484734>,  <42.121441, 44.250790, 42.782661>, 0.130000
	pigment { color rgbt <1,0,0,0> }
	no_shadow
}

// nucleotide -1

// particle -1
sphere {
	<41.633308, 43.985409, 42.484734> 0.250000
	pigment { color rgbt <1,0,0,0> }
	no_shadow
}
cylinder {
	<41.552330, 44.376854, 42.470100>,  <41.503742, 44.611721, 42.461319>, 0.100000
	pigment { color rgbt <1,0,0,0> }
	no_shadow
}
cylinder {
	<41.552330, 44.376854, 42.470100>,  <41.633308, 43.985409, 42.484734>, 0.100000
	pigment { color rgbt <1,0,0,0> }
	no_shadow
}

// particle -1
sphere {
	<41.552330, 44.376854, 42.470100> 0.100000
	pigment { color rgbt <1,0,0,0> }
	no_shadow
}
sphere {
	0, 1
	scale<0.080000,0.200000,0.300000>
	matrix <-0.263934, -0.090501, -0.960286,
		-0.943057, -0.184746, 0.276610,
		-0.202442, 0.978611, -0.036587,
		41.491596, 44.670437, 42.459126>
	pigment { color rgbt <0,1,1,0> }
	no_shadow
}
cylinder {
	<41.024265, 44.015106, 42.208218>,  <41.633308, 43.985409, 42.484734>, 0.130000
	pigment { color rgbt <1,0,0,0> }
	no_shadow
}

// nucleotide -1

// particle -1
sphere {
	<41.024265, 44.015106, 42.208218> 0.250000
	pigment { color rgbt <1,0,0,0> }
	no_shadow
}
cylinder {
	<41.155312, 44.387630, 42.144569>,  <41.233940, 44.611145, 42.106380>, 0.100000
	pigment { color rgbt <1,0,0,0> }
	no_shadow
}
cylinder {
	<41.155312, 44.387630, 42.144569>,  <41.024265, 44.015106, 42.208218>, 0.100000
	pigment { color rgbt <1,0,0,0> }
	no_shadow
}

// particle -1
sphere {
	<41.155312, 44.387630, 42.144569> 0.100000
	pigment { color rgbt <1,0,0,0> }
	no_shadow
}
sphere {
	0, 1
	scale<0.080000,0.200000,0.300000>
	matrix <-0.433089, -0.001654, -0.901349,
		-0.839703, 0.364212, 0.402801,
		0.327616, 0.931315, -0.159125,
		41.253597, 44.667027, 42.096832>
	pigment { color rgbt <0,1,1,0> }
	no_shadow
}
cylinder {
	<40.479797, 44.327244, 41.849354>,  <41.024265, 44.015106, 42.208218>, 0.130000
	pigment { color rgbt <1,0,0,0> }
	no_shadow
}

// nucleotide -1

// particle -1
sphere {
	<40.479797, 44.327244, 41.849354> 0.250000
	pigment { color rgbt <1,0,0,0> }
	no_shadow
}
cylinder {
	<40.786797, 44.570015, 41.766804>,  <40.970997, 44.715679, 41.717274>, 0.100000
	pigment { color rgbt <1,0,0,0> }
	no_shadow
}
cylinder {
	<40.786797, 44.570015, 41.766804>,  <40.479797, 44.327244, 41.849354>, 0.100000
	pigment { color rgbt <1,0,0,0> }
	no_shadow
}

// particle -1
sphere {
	<40.786797, 44.570015, 41.766804> 0.100000
	pigment { color rgbt <1,0,0,0> }
	no_shadow
}
sphere {
	0, 1
	scale<0.080000,0.200000,0.300000>
	matrix <-0.218026, -0.055602, -0.974358,
		-0.602842, 0.792808, 0.089653,
		0.767494, 0.606930, -0.206372,
		41.017044, 44.752094, 41.704891>
	pigment { color rgbt <0,1,1,0> }
	no_shadow
}
cylinder {
	<40.218983, 44.892368, 41.390152>,  <40.479797, 44.327244, 41.849354>, 0.130000
	pigment { color rgbt <1,0,0,0> }
	no_shadow
}

// nucleotide -1

// particle -1
sphere {
	<40.218983, 44.892368, 41.390152> 0.250000
	pigment { color rgbt <1,0,0,0> }
	no_shadow
}
cylinder {
	<40.612366, 44.854568, 41.328339>,  <40.848396, 44.831886, 41.291252>, 0.100000
	pigment { color rgbt <1,0,0,0> }
	no_shadow
}
cylinder {
	<40.612366, 44.854568, 41.328339>,  <40.218983, 44.892368, 41.390152>, 0.100000
	pigment { color rgbt <1,0,0,0> }
	no_shadow
}

// particle -1
sphere {
	<40.612366, 44.854568, 41.328339> 0.100000
	pigment { color rgbt <1,0,0,0> }
	no_shadow
}
sphere {
	0, 1
	scale<0.080000,0.200000,0.300000>
	matrix <-0.152315, 0.030262, -0.987869,
		0.098032, 0.995065, 0.015367,
