// switches for output
#declare DRAW_BASES = 1; // possible values are 0, 1; only relevant for DNA ribbons
#declare DRAW_BASES_TYPE = 3; // possible values are 1, 2, 3; only relevant for DNA ribbons
#declare DRAW_FOG = 0; // set to 1 to enable fog

#include "colors.inc"

#include "transforms.inc"
background { rgb <1, 1, 1>}

#default {
   normal{
       ripples 0.25
       frequency 0.20
       turbulence 0.2
       lambda 5
   }
	finish {
		phong 0.1
		phong_size 40.
	}
}

// original window dimensions: 1024x640


// camera settings

camera {
	sky <-0, 1, 0>
	up <-0, 1, 0>
	right 1.6 * <1, 0, 0>
	location <44.88, 44.88, 200.277>
	look_at <44.88, 44.88, 44.88>
	direction <0, 0, -155.397>
	angle 67.0682
}


# declare cpy_camera_pos = <44.88, 44.88, 200.277>;
# if (DRAW_FOG = 1)
fog {
	fog_type 2
	up vnormalize(cpy_camera_pos)
	color rgbt<1,1,1,0.3>
	distance 1e-5
	fog_alt 3e-3
	fog_offset 71.808
}
# end


// LIGHTS

# declare lum = 6;
global_settings {
	ambient_light rgb lum * <0.05, 0.05, 0.05>
	max_trace_level 15
}# declare cpy_direct_light_amount = 0.25;
light_source
{	1000 * <-1, -1, 1>,
	rgb lum * cpy_direct_light_amount
	parallel
}

light_source
{	1000 * <1, 1, -1>,
	rgb lum * cpy_direct_light_amount
	parallel
}

// strand 0

// nucleotide -1

// particle -1
sphere {
	<38.171391, 46.885590, 55.442158> 0.250000
	pigment { color rgbt <1,0,0,0> }
	no_shadow
}
cylinder {
	<38.419098, 46.679939, 55.679535>,  <38.567722, 46.556549, 55.821960>, 0.100000
	pigment { color rgbt <1,0,0,0> }
	no_shadow
}
cylinder {
	<38.419098, 46.679939, 55.679535>,  <38.171391, 46.885590, 55.442158>, 0.100000
	pigment { color rgbt <1,0,0,0> }
	no_shadow
}

// particle -1
sphere {
	<38.419098, 46.679939, 55.679535> 0.100000
	pigment { color rgbt <1,0,0,0> }
	no_shadow
}
sphere {
	0, 1
	scale<0.080000,0.200000,0.300000>
	matrix <0.744038, 0.142817, -0.652695,
		0.250816, 0.845739, 0.470974,
		0.619273, -0.514129, 0.593441,
		38.604881, 46.525700, 55.857567>
	pigment { color rgbt <0,1,1,0> }
	no_shadow
}
cylinder {
	<38.829762, 47.224640, 55.281513>,  <38.171391, 46.885590, 55.442158>, 0.130000
	pigment { color rgbt <1,0,0,0> }
	no_shadow
}

// nucleotide -1

// particle -1
sphere {
	<38.829762, 47.224640, 55.281513> 0.250000
	pigment { color rgbt <1,0,0,0> }
	no_shadow
}
cylinder {
	<38.940407, 46.877060, 55.445663>,  <39.006794, 46.668510, 55.544155>, 0.100000
	pigment { color rgbt <1,0,0,0> }
	no_shadow
}
cylinder {
	<38.940407, 46.877060, 55.445663>,  <38.829762, 47.224640, 55.281513>, 0.100000
	pigment { color rgbt <1,0,0,0> }
	no_shadow
}

// particle -1
sphere {
	<38.940407, 46.877060, 55.445663> 0.100000
	pigment { color rgbt <1,0,0,0> }
	no_shadow
}
sphere {
	0, 1
	scale<0.080000,0.200000,0.300000>
	matrix <0.762525, -0.061429, -0.644036,
		0.584845, 0.491071, 0.645605,
		0.276609, -0.868951, 0.410380,
		39.023388, 46.616375, 55.568779>
	pigment { color rgbt <0,1,1,0> }
	no_shadow
}
cylinder {
	<39.469078, 47.368610, 55.412857>,  <38.829762, 47.224640, 55.281513>, 0.130000
	pigment { color rgbt <1,0,0,0> }
	no_shadow
}

// nucleotide -1

// particle -1
sphere {
	<39.469078, 47.368610, 55.412857> 0.250000
	pigment { color rgbt <1,0,0,0> }
	no_shadow
}
cylinder {
	<39.457909, 46.968987, 55.426102>,  <39.451206, 46.729210, 55.434048>, 0.100000
	pigment { color rgbt <1,0,0,0> }
	no_shadow
}
cylinder {
	<39.457909, 46.968987, 55.426102>,  <39.469078, 47.368610, 55.412857>, 0.100000
	pigment { color rgbt <1,0,0,0> }
	no_shadow
}

// particle -1
sphere {
	<39.457909, 46.968987, 55.426102> 0.100000
	pigment { color rgbt <1,0,0,0> }
	no_shadow
}
sphere {
	0, 1
	scale<0.080000,0.200000,0.300000>
	matrix <0.736441, -0.042959, -0.675137,
		0.675926, 0.005527, 0.736949,
		-0.027927, -0.999062, 0.033107,
		39.449532, 46.669270, 55.436035>
	pigment { color rgbt <0,1,1,0> }
	no_shadow
}
cylinder {
	<40.165859, 47.099045, 55.450352>,  <39.469078, 47.368610, 55.412857>, 0.130000
	pigment { color rgbt <1,0,0,0> }
	no_shadow
}

// nucleotide -1

// particle -1
sphere {
	<40.165859, 47.099045, 55.450352> 0.250000
	pigment { color rgbt <1,0,0,0> }
	no_shadow
}
cylinder {
	<39.971916, 46.772362, 55.325195>,  <39.855549, 46.576351, 55.250103>, 0.100000
	pigment { color rgbt <1,0,0,0> }
	no_shadow
}
cylinder {
	<39.971916, 46.772362, 55.325195>,  <40.165859, 47.099045, 55.450352>, 0.100000
	pigment { color rgbt <1,0,0,0> }
	no_shadow
}

// particle -1
sphere {
	<39.971916, 46.772362, 55.325195> 0.100000
	pigment { color rgbt <1,0,0,0> }
	no_shadow
}
sphere {
	0, 1
	scale<0.080000,0.200000,0.300000>
	matrix <0.732626, -0.183880, -0.655323,
		0.477674, -0.546968, 0.687498,
		-0.484857, -0.816710, -0.312888,
		39.826458, 46.527348, 55.231327>
	pigment { color rgbt <0,1,1,0> }
	no_shadow
}
cylinder {
	<40.616875, 46.454556, 55.534164>,  <40.165859, 47.099045, 55.450352>, 0.130000
	pigment { color rgbt <1,0,0,0> }
	no_shadow
}

// nucleotide -1

// particle -1
sphere {
	<40.616875, 46.454556, 55.534164> 0.250000
	pigment { color rgbt <1,0,0,0> }
	no_shadow
}
cylinder {
	<40.343163, 46.372673, 55.254204>,  <40.178936, 46.323544, 55.086227>, 0.100000
	pigment { color rgbt <1,0,0,0> }
	no_shadow
}
cylinder {
	<40.343163, 46.372673, 55.254204>,  <40.616875, 46.454556, 55.534164>, 0.100000
	pigment { color rgbt <1,0,0,0> }
	no_shadow
}

// particle -1
sphere {
	<40.343163, 46.372673, 55.254204> 0.100000
	pigment { color rgbt <1,0,0,0> }
	no_shadow
}
sphere {
	0, 1
	scale<0.080000,0.200000,0.300000>
	matrix <0.727637, -0.254934, -0.636830,
		-0.048062, -0.945041, 0.323401,
		-0.684276, -0.204711, -0.699900,
		40.137878, 46.311260, 55.044235>
	pigment { color rgbt <0,1,1,0> }
	no_shadow
}
cylinder {
	<40.946487, 45.881916, 55.158791>,  <40.616875, 46.454556, 55.534164>, 0.130000
	pigment { color rgbt <1,0,0,0> }
	no_shadow
}

// nucleotide -1

// particle -1
sphere {
	<40.946487, 45.881916, 55.158791> 0.250000
	pigment { color rgbt <1,0,0,0> }
	no_shadow
}
cylinder {
	<40.624512, 45.961720, 54.935265>,  <40.431328, 46.009602, 54.801151>, 0.100000
	pigment { color rgbt <1,0,0,0> }
	no_shadow
}
cylinder {
	<40.624512, 45.961720, 54.935265>,  <40.946487, 45.881916, 55.158791>, 0.100000
	pigment { color rgbt <1,0,0,0> }
	no_shadow
}

// particle -1
sphere {
	<40.624512, 45.961720, 54.935265> 0.100000
	pigment { color rgbt <1,0,0,0> }
	no_shadow
}
sphere {
	0, 1
	scale<0.080000,0.200000,0.300000>
	matrix <0.423533, -0.466399, -0.776589,
		-0.415564, -0.861783, 0.290925,
		-0.804939, 0.199506, -0.558813,
		40.383030, 46.021572, 54.767620>
	pigment { color rgbt <0,1,1,0> }
	no_shadow
}
cylinder {
	<40.732880, 45.213425, 54.885426>,  <40.946487, 45.881916, 55.158791>, 0.130000
	pigment { color rgbt <1,0,0,0> }
	no_shadow
}

// nucleotide -1

// particle -1
sphere {
	<40.732880, 45.213425, 54.885426> 0.250000
	pigment { color rgbt <1,0,0,0> }
	no_shadow
}
cylinder {
	<40.580696, 45.501442, 54.653290>,  <40.489388, 45.674252, 54.514008>, 0.100000
	pigment { color rgbt <1,0,0,0> }
	no_shadow
}
cylinder {
	<40.580696, 45.501442, 54.653290>,  <40.732880, 45.213425, 54.885426>, 0.100000
	pigment { color rgbt <1,0,0,0> }
	no_shadow
}

// particle -1
sphere {
	<40.580696, 45.501442, 54.653290> 0.100000
	pigment { color rgbt <1,0,0,0> }
	no_shadow
}
sphere {
	0, 1
	scale<0.080000,0.200000,0.300000>
	matrix <0.144619, -0.573485, -0.806350,
		-0.913422, -0.390708, 0.114053,
		-0.380455, 0.720044, -0.580337,
		40.466560, 45.717457, 54.479187>
	pigment { color rgbt <0,1,1,0> }
	no_shadow
}
cylinder {
	<40.169411, 44.928005, 54.362274>,  <40.732880, 45.213425, 54.885426>, 0.130000
	pigment { color rgbt <1,0,0,0> }
	no_shadow
}

// nucleotide -1

// particle -1
sphere {
	<40.169411, 44.928005, 54.362274> 0.250000
	pigment { color rgbt <1,0,0,0> }
	no_shadow
}
cylinder {
	<40.335014, 45.269726, 54.236568>,  <40.434376, 45.474758, 54.161144>, 0.100000
	pigment { color rgbt <1,0,0,0> }
	no_shadow
}
cylinder {
	<40.335014, 45.269726, 54.236568>,  <40.169411, 44.928005, 54.362274>, 0.100000
	pigment { color rgbt <1,0,0,0> }
	no_shadow
}

// particle -1
sphere {
	<40.335014, 45.269726, 54.236568> 0.100000
	pigment { color rgbt <1,0,0,0> }
	no_shadow
}
sphere {
	0, 1
	scale<0.080000,0.200000,0.300000>
	matrix <0.093139, -0.383189, -0.918962,
		-0.905497, 0.351185, -0.238211,
		0.414005, 0.854304, -0.314268,
		40.459217, 45.526016, 54.142288>
	pigment { color rgbt <0,1,1,0> }
	no_shadow
}
cylinder {
	<39.936077, 44.893303, 53.643833>,  <40.169411, 44.928005, 54.362274>, 0.130000
	pigment { color rgbt <1,0,0,0> }
	no_shadow
}

// nucleotide -1

// particle -1
sphere {
	<39.936077, 44.893303, 53.643833> 0.250000
	pigment { color rgbt <1,0,0,0> }
	no_shadow
}
cylinder {
	<40.190155, 45.201786, 53.627060>,  <40.342602, 45.386875, 53.616997>, 0.100000
	pigment { color rgbt <1,0,0,0> }
	no_shadow
}
cylinder {
	<40.190155, 45.201786, 53.627060>,  <39.936077, 44.893303, 53.643833>, 0.100000
	pigment { color rgbt <1,0,0,0> }
	no_shadow
}

// particle -1
sphere {
	<40.190155, 45.201786, 53.627060> 0.100000
	pigment { color rgbt <1,0,0,0> }
	no_shadow
}
sphere {
	0, 1
	scale<0.080000,0.200000,0.300000>
	matrix <0.068314, -0.110185, -0.991560,
		-0.769321, 0.626974, -0.122674,
		0.635199, 0.771209, -0.041937,
		40.380714, 45.433147, 53.614479>
	pigment { color rgbt <0,1,1,0> }
	no_shadow
}
cylinder {
	<39.734459, 45.355721, 53.065609>,  <39.936077, 44.893303, 53.643833>, 0.130000
	pigment { color rgbt <1,0,0,0> }
	no_shadow
}

// nucleotide -1

// particle -1
sphere {
	<39.734459, 45.355721, 53.065609> 0.250000
	pigment { color rgbt <1,0,0,0> }
	no_shadow
}
cylinder {
	<40.127808, 45.387123, 53.131104>,  <40.363819, 45.405964, 53.170399>, 0.100000
	pigment { color rgbt <1,0,0,0> }
	no_shadow
}
cylinder {
	<40.127808, 45.387123, 53.131104>,  <39.734459, 45.355721, 53.065609>, 0.100000
	pigment { color rgbt <1,0,0,0> }
	no_shadow
}

// particle -1
sphere {
	<40.127808, 45.387123, 53.131104> 0.100000
	pigment { color rgbt <1,0,0,0> }
	no_shadow
}
sphere {
	0, 1
	scale<0.080000,0.200000,0.300000>
	matrix <0.169031, -0.066343, -0.983375,
		-0.066343, 0.994703, -0.078511,
		0.983375, 0.078511, 0.163734,
		40.422821, 45.410675, 53.180225>
	pigment { color rgbt <0,1,1,0> }
	no_shadow
}
cylinder {
	<39.936470, 45.773758, 52.614639>,  <39.734459, 45.355721, 53.065609>, 0.130000
	pigment { color rgbt <1,0,0,0> }
	no_shadow
}

// nucleotide -1

// particle -1
sphere {
	<39.936470, 45.773758, 52.614639> 0.250000
	pigment { color rgbt <1,0,0,0> }
	no_shadow
}
cylinder {
	<40.274025, 45.579311, 52.705460>,  <40.476559, 45.462643, 52.759953>, 0.100000
	pigment { color rgbt <1,0,0,0> }
	no_shadow
}
cylinder {
	<40.274025, 45.579311, 52.705460>,  <39.936470, 45.773758, 52.614639>, 0.100000
	pigment { color rgbt <1,0,0,0> }
	no_shadow
}

// particle -1
sphere {
	<40.274025, 45.579311, 52.705460> 0.100000
	pigment { color rgbt <1,0,0,0> }
	no_shadow
}
sphere {
	0, 1
	scale<0.080000,0.200000,0.300000>
	matrix <0.092605, -0.284871, -0.954082,
		0.528472, 0.826162, -0.195382,
		0.843885, -0.486112, 0.227053,
		40.527191, 45.433479, 52.773575>
	pigment { color rgbt <0,1,1,0> }
	no_shadow
}
cylinder {
	<40.407513, 45.803101, 52.000385>,  <39.936470, 45.773758, 52.614639>, 0.130000
	pigment { color rgbt <1,0,0,0> }
	no_shadow
}

// nucleotide -1

// particle -1
sphere {
	<40.407513, 45.803101, 52.000385> 0.250000
	pigment { color rgbt <1,0,0,0> }
	no_shadow
}
cylinder {
	<40.606956, 45.533836, 52.218834>,  <40.726624, 45.372276, 52.349903>, 0.100000
	pigment { color rgbt <1,0,0,0> }
	no_shadow
}
cylinder {
	<40.606956, 45.533836, 52.218834>,  <40.407513, 45.803101, 52.000385>, 0.100000
	pigment { color rgbt <1,0,0,0> }
	no_shadow
}

// particle -1
sphere {
	<40.606956, 45.533836, 52.218834> 0.100000
	pigment { color rgbt <1,0,0,0> }
	no_shadow
}
sphere {
	0, 1
	scale<0.080000,0.200000,0.300000>
	matrix <0.368035, -0.406018, -0.836481,
		0.784819, 0.618067, 0.045303,
		0.498607, -0.673159, 0.546120,
		40.756538, 45.331890, 52.382671>
	pigment { color rgbt <0,1,1,0> }
	no_shadow
}
cylinder {
	<41.093777, 45.824699, 51.884415>,  <40.407513, 45.803101, 52.000385>, 0.130000
	pigment { color rgbt <1,0,0,0> }
	no_shadow
}

// nucleotide -1

// particle -1
sphere {
	<41.093777, 45.824699, 51.884415> 0.250000
	pigment { color rgbt <1,0,0,0> }
	no_shadow
}
cylinder {
	<41.046066, 45.445606, 52.002785>,  <41.017441, 45.218151, 52.073807>, 0.100000
	pigment { color rgbt <1,0,0,0> }
	no_shadow
}
cylinder {
	<41.046066, 45.445606, 52.002785>,  <41.093777, 45.824699, 51.884415>, 0.100000
	pigment { color rgbt <1,0,0,0> }
	no_shadow
}

// particle -1
sphere {
	<41.046066, 45.445606, 52.002785> 0.100000
	pigment { color rgbt <1,0,0,0> }
	no_shadow
}
sphere {
	0, 1
	scale<0.080000,0.200000,0.300000>
	matrix <0.390342, -0.318812, -0.863708,
		0.912912, 0.012495, 0.407966,
		-0.119273, -0.947736, 0.295925,
		41.010284, 45.161285, 52.091560>
	pigment { color rgbt <0,1,1,0> }
	no_shadow
}
cylinder {
	<41.725197, 45.500603, 51.623363>,  <41.093777, 45.824699, 51.884415>, 0.130000
	pigment { color rgbt <1,0,0,0> }
	no_shadow
}

// nucleotide -1

// particle -1
sphere {
	<41.725197, 45.500603, 51.623363> 0.250000
	pigment { color rgbt <1,0,0,0> }
	no_shadow
}
cylinder {
	<41.459564, 45.211426, 51.699623>,  <41.300182, 45.037922, 51.745380>, 0.100000
	pigment { color rgbt <1,0,0,0> }
	no_shadow
}
cylinder {
	<41.459564, 45.211426, 51.699623>,  <41.725197, 45.500603, 51.623363>, 0.100000
	pigment { color rgbt <1,0,0,0> }
	no_shadow
}

// particle -1
sphere {
	<41.459564, 45.211426, 51.699623> 0.100000
	pigment { color rgbt <1,0,0,0> }
	no_shadow
}
sphere {
	0, 1
	scale<0.080000,0.200000,0.300000>
	matrix <0.325117, -0.508859, -0.797096,
		0.673268, -0.467355, 0.572966,
		-0.664085, -0.722940, 0.190654,
		41.260338, 44.994545, 51.756821>
	pigment { color rgbt <0,1,1,0> }
	no_shadow
}
cylinder {
	<42.133492, 44.962231, 51.555431>,  <41.725197, 45.500603, 51.623363>, 0.130000
	pigment { color rgbt <1,0,0,0> }
	no_shadow
}

// nucleotide -1

// particle -1
sphere {
	<42.133492, 44.962231, 51.555431> 0.250000
	pigment { color rgbt <1,0,0,0> }
	no_shadow
}
cylinder {
	<41.750038, 44.852734, 51.524223>,  <41.519966, 44.787037, 51.505497>, 0.100000
	pigment { color rgbt <1,0,0,0> }
	no_shadow
}
cylinder {
	<41.750038, 44.852734, 51.524223>,  <42.133492, 44.962231, 51.555431>, 0.100000
	pigment { color rgbt <1,0,0,0> }
	no_shadow
}

// particle -1
sphere {
	<41.750038, 44.852734, 51.524223> 0.100000
	pigment { color rgbt <1,0,0,0> }
	no_shadow
}
sphere {
	0, 1
	scale<0.080000,0.200000,0.300000>
	matrix <0.155485, -0.273994, -0.949080,
		0.238425, -0.921951, 0.305222,
		-0.958633, -0.273742, -0.078022,
		41.462448, 44.770611, 51.500816>
	pigment { color rgbt <0,1,1,0> }
	no_shadow
}
cylinder {
	<42.212067, 44.270771, 51.222931>,  <42.133492, 44.962231, 51.555431>, 0.130000
	pigment { color rgbt <1,0,0,0> }
	no_shadow
}

// nucleotide -1

// particle -1
sphere {
	<42.212067, 44.270771, 51.222931> 0.250000
	pigment { color rgbt <1,0,0,0> }
	no_shadow
}
cylinder {
	<41.839531, 44.398865, 51.153580>,  <41.616009, 44.475719, 51.111969>, 0.100000
	pigment { color rgbt <1,0,0,0> }
	no_shadow
}
cylinder {
	<41.839531, 44.398865, 51.153580>,  <42.212067, 44.270771, 51.222931>, 0.100000
	pigment { color rgbt <1,0,0,0> }
	no_shadow
}

// particle -1
sphere {
	<41.839531, 44.398865, 51.153580> 0.100000
	pigment { color rgbt <1,0,0,0> }
	no_shadow
}
sphere {
	0, 1
	scale<0.080000,0.200000,0.300000>
	matrix <0.019649, -0.431225, -0.902031,
		-0.363619, -0.843505, 0.395325,
		-0.931341, 0.320228, -0.173375,
		41.560127, 44.494934, 51.101566>
	pigment { color rgbt <0,1,1,0> }
	no_shadow
}
cylinder {
	<42.000217, 43.814785, 50.845814>,  <42.212067, 44.270771, 51.222931>, 0.130000
	pigment { color rgbt <1,0,0,0> }
	no_shadow
}

// nucleotide -1

// particle -1
sphere {
	<42.000217, 43.814785, 50.845814> 0.250000
	pigment { color rgbt <1,0,0,0> }
	no_shadow
}
cylinder {
	<41.714447, 44.083397, 50.767178>,  <41.542984, 44.244564, 50.719997>, 0.100000
	pigment { color rgbt <1,0,0,0> }
	no_shadow
}
cylinder {
	<41.714447, 44.083397, 50.767178>,  <42.000217, 43.814785, 50.845814>, 0.100000
	pigment { color rgbt <1,0,0,0> }
	no_shadow
}

// particle -1
sphere {
	<41.714447, 44.083397, 50.767178> 0.100000
	pigment { color rgbt <1,0,0,0> }
	no_shadow
}
sphere {
	0, 1
	scale<0.080000,0.200000,0.300000>
	matrix <0.107864, -0.171902, -0.979191,
		-0.691351, -0.720761, 0.050376,
		-0.714423, 0.671531, -0.196589,
		41.500122, 44.284855, 50.708202>
	pigment { color rgbt <0,1,1,0> }
	no_shadow
}
cylinder {
	<41.676357, 43.413269, 50.406708>,  <42.000217, 43.814785, 50.845814>, 0.130000
	pigment { color rgbt <1,0,0,0> }
	no_shadow
}

// nucleotide -1

// particle -1
sphere {
	<41.676357, 43.413269, 50.406708> 0.250000
	pigment { color rgbt <1,0,0,0> }
	no_shadow
}
cylinder {
	<41.601723, 43.801094, 50.343292>,  <41.556942, 44.033791, 50.305244>, 0.100000
	pigment { color rgbt <1,0,0,0> }
	no_shadow
}
cylinder {
	<41.601723, 43.801094, 50.343292>,  <41.676357, 43.413269, 50.406708>, 0.100000
	pigment { color rgbt <1,0,0,0> }
	no_shadow
}

// particle -1
sphere {
	<41.601723, 43.801094, 50.343292> 0.100000
	pigment { color rgbt <1,0,0,0> }
	no_shadow
}
sphere {
	0, 1
	scale<0.080000,0.200000,0.300000>
	matrix <0.075545, -0.146733, -0.986287,
		-0.979530, -0.196003, -0.045867,
		-0.186585, 0.969563, -0.158536,
		41.545746, 44.091965, 50.295731>
	pigment { color rgbt <0,1,1,0> }
	no_shadow
}
cylinder {
	<41.051865, 43.451210, 49.996784>,  <41.676357, 43.413269, 50.406708>, 0.130000
	pigment { color rgbt <1,0,0,0> }
	no_shadow
}

// nucleotide -1

// particle -1
sphere {
	<41.051865, 43.451210, 49.996784> 0.250000
	pigment { color rgbt <1,0,0,0> }
	no_shadow
}
cylinder {
	<41.270401, 43.778351, 49.924538>,  <41.401524, 43.974636, 49.881187>, 0.100000
	pigment { color rgbt <1,0,0,0> }
	no_shadow
}
cylinder {
	<41.270401, 43.778351, 49.924538>,  <41.051865, 43.451210, 49.996784>, 0.100000
	pigment { color rgbt <1,0,0,0> }
	no_shadow
}

// particle -1
sphere {
	<41.270401, 43.778351, 49.924538> 0.100000
	pigment { color rgbt <1,0,0,0> }
	no_shadow
}
sphere {
	0, 1
	scale<0.080000,0.200000,0.300000>
	matrix <0.009505, -0.221690, -0.975071,
		-0.837506, 0.531008, -0.128893,
		0.546345, 0.817853, -0.180620,
		41.434303, 44.023708, 49.870350>
	pigment { color rgbt <0,1,1,0> }
	no_shadow
}
cylinder {
	<40.912529, 43.673981, 49.288708>,  <41.051865, 43.451210, 49.996784>, 0.130000
	pigment { color rgbt <1,0,0,0> }
	no_shadow
}

// nucleotide -1

// particle -1
sphere {
	<40.912529, 43.673981, 49.288708> 0.250000
	pigment { color rgbt <1,0,0,0> }
	no_shadow
}
cylinder {
	<41.229897, 43.913086, 49.334583>,  <41.420319, 44.056549, 49.362110>, 0.100000
	pigment { color rgbt <1,0,0,0> }
	no_shadow
}
cylinder {
	<41.229897, 43.913086, 49.334583>,  <40.912529, 43.673981, 49.288708>, 0.100000
	pigment { color rgbt <1,0,0,0> }
	no_shadow
}

// particle -1
sphere {
	<41.229897, 43.913086, 49.334583> 0.100000
	pigment { color rgbt <1,0,0,0> }
	no_shadow
}
sphere {
	0, 1
	scale<0.080000,0.200000,0.300000>
	matrix <0.099099, 0.059051, -0.993324,
		-0.600549, 0.799492, -0.012386,
		0.793423, 0.597767, 0.114692,
		41.467922, 44.092415, 49.368992>
	pigment { color rgbt <0,1,1,0> }
	no_shadow
}
cylinder {
	<40.783768, 44.169369, 48.847279>,  <40.912529, 43.673981, 49.288708>, 0.130000
	pigment { color rgbt <1,0,0,0> }
	no_shadow
}

// nucleotide -1

// particle -1
sphere {
	<40.783768, 44.169369, 48.847279> 0.250000
	pigment { color rgbt <1,0,0,0> }
	no_shadow
}
cylinder {
	<41.177101, 44.211731, 48.906380>,  <41.413101, 44.237148, 48.941841>, 0.100000
	pigment { color rgbt <1,0,0,0> }
	no_shadow
}
cylinder {
	<41.177101, 44.211731, 48.906380>,  <40.783768, 44.169369, 48.847279>, 0.100000
	pigment { color rgbt <1,0,0,0> }
	no_shadow
}

// particle -1
sphere {
	<41.177101, 44.211731, 48.906380> 0.100000
	pigment { color rgbt <1,0,0,0> }
	no_shadow
}
sphere {
	0, 1
	scale<0.080000,0.200000,0.300000>
	matrix <0.143850, 0.043659, -0.988636,
		-0.111157, 0.993417, 0.027696,
		0.983337, 0.105909, 0.147756,
		41.472103, 44.243504, 48.950706>
	pigment { color rgbt <0,1,1,0> }
	no_shadow
}
cylinder {
	<40.933952, 44.746464, 48.473789>,  <40.783768, 44.169369, 48.847279>, 0.130000
	pigment { color rgbt <1,0,0,0> }
	no_shadow
}

// nucleotide -1

// particle -1
sphere {
	<40.933952, 44.746464, 48.473789> 0.250000
	pigment { color rgbt <1,0,0,0> }
	no_shadow
}
cylinder {
	<41.231560, 44.484146, 48.524979>,  <41.410122, 44.326756, 48.555695>, 0.100000
	pigment { color rgbt <1,0,0,0> }
	no_shadow
}
cylinder {
	<41.231560, 44.484146, 48.524979>,  <40.933952, 44.746464, 48.473789>, 0.100000
	pigment { color rgbt <1,0,0,0> }
	no_shadow
}

// particle -1
sphere {
	<41.231560, 44.484146, 48.524979> 0.100000
	pigment { color rgbt <1,0,0,0> }
	no_shadow
}
sphere {
	0, 1
	scale<0.080000,0.200000,0.300000>
	matrix <0.261297, 0.109292, -0.959051,
		0.614951, 0.746989, 0.252672,
		0.744016, -0.655792, 0.127977,
		41.454765, 44.287407, 48.563370>
	pigment { color rgbt <0,1,1,0> }
	no_shadow
}
cylinder {
	<41.200638, 44.906296, 47.929806>,  <40.933952, 44.746464, 48.473789>, 0.130000
	pigment { color rgbt <1,0,0,0> }
	no_shadow
}

// nucleotide -1

// particle -1
sphere {
	<41.200638, 44.906296, 47.929806> 0.250000
	pigment { color rgbt <1,0,0,0> }
	no_shadow
}
cylinder {
	<41.457855, 44.622131, 48.044216>,  <41.612186, 44.451633, 48.112862>, 0.100000
	pigment { color rgbt <1,0,0,0> }
	no_shadow
}
cylinder {
	<41.457855, 44.622131, 48.044216>,  <41.200638, 44.906296, 47.929806>, 0.100000
	pigment { color rgbt <1,0,0,0> }
	no_shadow
}

// particle -1
sphere {
	<41.457855, 44.622131, 48.044216> 0.100000
	pigment { color rgbt <1,0,0,0> }
	no_shadow
}
sphere {
	0, 1
	scale<0.080000,0.200000,0.300000>
	matrix <0.434349, 0.030711, -0.900221,
		0.630741, 0.703118, 0.328314,
		0.643045, -0.710410, 0.286028,
		41.650768, 44.409008, 48.130024>
	pigment { color rgbt <0,1,1,0> }
	no_shadow
}
cylinder {
	<41.913109, 45.188061, 47.642395>,  <41.200638, 44.906296, 47.929806>, 0.130000
	pigment { color rgbt <1,0,0,0> }
	no_shadow
}

// nucleotide -1

// particle -1
sphere {
	<41.913109, 45.188061, 47.642395> 0.250000
	pigment { color rgbt <1,0,0,0> }
	no_shadow
}
cylinder {
	<41.937607, 44.791538, 47.688972>,  <41.952305, 44.553623, 47.716919>, 0.100000
	pigment { color rgbt <1,0,0,0> }
	no_shadow
}
cylinder {
	<41.937607, 44.791538, 47.688972>,  <41.913109, 45.188061, 47.642395>, 0.100000
	pigment { color rgbt <1,0,0,0> }
	no_shadow
}

// particle -1
sphere {
	<41.937607, 44.791538, 47.688972> 0.100000
	pigment { color rgbt <1,0,0,0> }
	no_shadow
}
sphere {
	0, 1
	scale<0.080000,0.200000,0.300000>
	matrix <0.308415, -0.092163, -0.946777,
		0.949278, 0.093897, 0.300090,
		0.061242, -0.991307, 0.116447,
		41.955978, 44.494144, 47.723907>
	pigment { color rgbt <0,1,1,0> }
	no_shadow
}
cylinder {
	<42.623142, 44.932167, 47.391224>,  <41.913109, 45.188061, 47.642395>, 0.130000
	pigment { color rgbt <1,0,0,0> }
	no_shadow
}

// nucleotide -1

// particle -1
sphere {
	<42.623142, 44.932167, 47.391224> 0.250000
	pigment { color rgbt <1,0,0,0> }
	no_shadow
}
cylinder {
	<42.348663, 44.641403, 47.380405>,  <42.183975, 44.466946, 47.373913>, 0.100000
	pigment { color rgbt <1,0,0,0> }
	no_shadow
}
cylinder {
	<42.348663, 44.641403, 47.380405>,  <42.623142, 44.932167, 47.391224>, 0.100000
	pigment { color rgbt <1,0,0,0> }
	no_shadow
}

// particle -1
sphere {
	<42.348663, 44.641403, 47.380405> 0.100000
	pigment { color rgbt <1,0,0,0> }
	no_shadow
}
sphere {
	0, 1
	scale<0.080000,0.200000,0.300000>
	matrix <0.300916, -0.249815, -0.920349,
		0.662257, -0.639679, 0.390162,
		-0.686197, -0.726913, -0.027048,
		42.142803, 44.423328, 47.372292>
	pigment { color rgbt <0,1,1,0> }
	no_shadow
}
cylinder {
	<42.946808, 44.379818, 47.062103>,  <42.623142, 44.932167, 47.391224>, 0.130000
	pigment { color rgbt <1,0,0,0> }
	no_shadow
}

// nucleotide -1

// particle -1
sphere {
	<42.946808, 44.379818, 47.062103> 0.250000
	pigment { color rgbt <1,0,0,0> }
	no_shadow
}
cylinder {
	<42.553505, 44.319290, 47.021481>,  <42.317524, 44.282974, 46.997105>, 0.100000
	pigment { color rgbt <1,0,0,0> }
	no_shadow
}
cylinder {
	<42.553505, 44.319290, 47.021481>,  <42.946808, 44.379818, 47.062103>, 0.100000
	pigment { color rgbt <1,0,0,0> }
	no_shadow
}

// particle -1
sphere {
	<42.553505, 44.319290, 47.021481> 0.100000
	pigment { color rgbt <1,0,0,0> }
	no_shadow
}
sphere {
	0, 1
	scale<0.080000,0.200000,0.300000>
	matrix <0.121431, -0.128459, -0.984252,
		0.135889, -0.980103, 0.144682,
		-0.983254, -0.151318, -0.101558,
		42.258530, 44.273895, 46.991013>
	pigment { color rgbt <0,1,1,0> }
	no_shadow
}
cylinder {
	<42.969223, 43.851276, 46.586414>,  <42.946808, 44.379818, 47.062103>, 0.130000
	pigment { color rgbt <1,0,0,0> }
	no_shadow
}

// nucleotide -1

// particle -1
sphere {
	<42.969223, 43.851276, 46.586414> 0.250000
	pigment { color rgbt <1,0,0,0> }
	no_shadow
}
cylinder {
	<42.586617, 43.963890, 46.555923>,  <42.357052, 44.031456, 46.537628>, 0.100000
	pigment { color rgbt <1,0,0,0> }
	no_shadow
}
cylinder {
	<42.586617, 43.963890, 46.555923>,  <42.969223, 43.851276, 46.586414>, 0.100000
	pigment { color rgbt <1,0,0,0> }
	no_shadow
}

// particle -1
sphere {
	<42.586617, 43.963890, 46.555923> 0.100000
	pigment { color rgbt <1,0,0,0> }
	no_shadow
}
sphere {
	0, 1
	scale<0.080000,0.200000,0.300000>
	matrix <0.021347, -0.193087, -0.980949,
		-0.290888, -0.939924, 0.178682,
		-0.956519, 0.281532, -0.076232,
		42.299660, 44.048347, 46.533054>
	pigment { color rgbt <0,1,1,0> }
	no_shadow
}
cylinder {
	<42.632660, 43.393101, 46.115238>,  <42.969223, 43.851276, 46.586414>, 0.130000
	pigment { color rgbt <1,0,0,0> }
	no_shadow
}

// nucleotide -1

// particle -1
sphere {
	<42.632660, 43.393101, 46.115238> 0.250000
	pigment { color rgbt <1,0,0,0> }
	no_shadow
}
cylinder {
	<42.419815, 43.731537, 46.127792>,  <42.292107, 43.934601, 46.135326>, 0.100000
	pigment { color rgbt <1,0,0,0> }
	no_shadow
}
cylinder {
	<42.419815, 43.731537, 46.127792>,  <42.632660, 43.393101, 46.115238>, 0.100000
	pigment { color rgbt <1,0,0,0> }
	no_shadow
}

// particle -1
sphere {
	<42.419815, 43.731537, 46.127792> 0.100000
	pigment { color rgbt <1,0,0,0> }
	no_shadow
}
sphere {
	0, 1
	scale<0.080000,0.200000,0.300000>
	matrix <0.007190, 0.041583, -0.999109,
		-0.846644, -0.531412, -0.028210,
		-0.532112, 0.846092, 0.031385,
		42.260181, 43.985363, 46.137207>
	pigment { color rgbt <0,1,1,0> }
	no_shadow
}
cylinder {
	<42.330898, 43.361561, 45.522469>,  <42.632660, 43.393101, 46.115238>, 0.130000
	pigment { color rgbt <1,0,0,0> }
	no_shadow
}

// nucleotide -1

// particle -1
sphere {
	<42.330898, 43.361561, 45.522469> 0.250000
	pigment { color rgbt <1,0,0,0> }
	no_shadow
}
cylinder {
	<42.280693, 43.741451, 45.637203>,  <42.250572, 43.969383, 45.706043>, 0.100000
	pigment { color rgbt <1,0,0,0> }
	no_shadow
}
cylinder {
	<42.280693, 43.741451, 45.637203>,  <42.330898, 43.361561, 45.522469>, 0.100000
	pigment { color rgbt <1,0,0,0> }
	no_shadow
}

// particle -1
sphere {
	<42.280693, 43.741451, 45.637203> 0.100000
	pigment { color rgbt <1,0,0,0> }
	no_shadow
}
sphere {
	0, 1
	scale<0.080000,0.200000,0.300000>
	matrix <-0.092206, 0.276702, -0.956522,
		-0.987798, -0.146502, 0.052841,
		-0.125511, 0.949723, 0.286834,
		42.243038, 44.026367, 45.723255>
	pigment { color rgbt <0,1,1,0> }
	no_shadow
}
cylinder {
	<41.791847, 43.663830, 45.089268>,  <42.330898, 43.361561, 45.522469>, 0.130000
	pigment { color rgbt <1,0,0,0> }
	no_shadow
}

// nucleotide -1

// particle -1
sphere {
	<41.791847, 43.663830, 45.089268> 0.250000
	pigment { color rgbt <1,0,0,0> }
	no_shadow
}
cylinder {
	<42.011215, 43.971905, 45.219524>,  <42.142838, 44.156750, 45.297680>, 0.100000
	pigment { color rgbt <1,0,0,0> }
	no_shadow
}
cylinder {
	<42.011215, 43.971905, 45.219524>,  <41.791847, 43.663830, 45.089268>, 0.100000
	pigment { color rgbt <1,0,0,0> }
	no_shadow
}

// particle -1
sphere {
	<42.011215, 43.971905, 45.219524> 0.100000
	pigment { color rgbt <1,0,0,0> }
	no_shadow
}
sphere {
	0, 1
	scale<0.080000,0.200000,0.300000>
	matrix <0.146279, 0.295060, -0.944215,
		-0.823307, 0.565463, 0.049156,
		0.548423, 0.770189, 0.325640,
		42.175743, 44.202961, 45.317215>
	pigment { color rgbt <0,1,1,0> }
	no_shadow
}
cylinder {
	<41.544170, 44.357677, 44.765671>,  <41.791847, 43.663830, 45.089268>, 0.130000
	pigment { color rgbt <1,0,0,0> }
	no_shadow
}

// nucleotide -1

// particle -1
sphere {
	<41.544170, 44.357677, 44.765671> 0.250000
	pigment { color rgbt <1,0,0,0> }
	no_shadow
}
cylinder {
	<41.927216, 44.401287, 44.872330>,  <42.157043, 44.427452, 44.936325>, 0.100000
	pigment { color rgbt <1,0,0,0> }
	no_shadow
}
cylinder {
	<41.927216, 44.401287, 44.872330>,  <41.544170, 44.357677, 44.765671>, 0.100000
	pigment { color rgbt <1,0,0,0> }
	no_shadow
}

// particle -1
sphere {
	<41.927216, 44.401287, 44.872330> 0.100000
	pigment { color rgbt <1,0,0,0> }
	no_shadow
}
sphere {
	0, 1
	scale<0.080000,0.200000,0.300000>
	matrix <0.202841, 0.402056, -0.892864,
		-0.204553, 0.909101, 0.362897,
		0.957608, 0.109028, 0.266644,
		42.214497, 44.433994, 44.952324>
	pigment { color rgbt <0,1,1,0> }
	no_shadow
}
cylinder {
	<41.681728, 45.042278, 44.583103>,  <41.544170, 44.357677, 44.765671>, 0.130000
	pigment { color rgbt <1,0,0,0> }
	no_shadow
}

// nucleotide -1

// particle -1
sphere {
	<41.681728, 45.042278, 44.583103> 0.250000
	pigment { color rgbt <1,0,0,0> }
	no_shadow
}
cylinder {
	<42.034111, 44.855930, 44.616280>,  <42.245541, 44.744122, 44.636185>, 0.100000
	pigment { color rgbt <1,0,0,0> }
	no_shadow
}
cylinder {
	<42.034111, 44.855930, 44.616280>,  <41.681728, 45.042278, 44.583103>, 0.100000
	pigment { color rgbt <1,0,0,0> }
	no_shadow
}

// particle -1
sphere {
	<42.034111, 44.855930, 44.616280> 0.100000
	pigment { color rgbt <1,0,0,0> }
	no_shadow
}
sphere {
	0, 1
	scale<0.080000,0.200000,0.300000>
	matrix <0.301370, 0.417246, -0.857369,
		0.364817, 0.780301, 0.507975,
		0.880957, -0.465871, 0.082941,
		42.298397, 44.716167, 44.641163>
	pigment { color rgbt <0,1,1,0> }
	no_shadow
}
cylinder {
	<42.075443, 45.528774, 44.374382>,  <41.681728, 45.042278, 44.583103>, 0.130000
	pigment { color rgbt <1,0,0,0> }
	no_shadow
}

// nucleotide -1

// particle -1
sphere {
	<42.075443, 45.528774, 44.374382> 0.250000
	pigment { color rgbt <1,0,0,0> }
	no_shadow
}
cylinder {
	<42.287163, 45.192944, 44.325462>,  <42.414196, 44.991447, 44.296112>, 0.100000
	pigment { color rgbt <1,0,0,0> }
	no_shadow
}
cylinder {
	<42.287163, 45.192944, 44.325462>,  <42.075443, 45.528774, 44.374382>, 0.100000
	pigment { color rgbt <1,0,0,0> }
	no_shadow
}

// particle -1
sphere {
	<42.287163, 45.192944, 44.325462> 0.100000
	pigment { color rgbt <1,0,0,0> }
	no_shadow
}
sphere {
	0, 1
	scale<0.080000,0.200000,0.300000>
	matrix <0.140544, 0.228914, -0.963248,
		0.836712, 0.492662, 0.239162,
		0.529303, -0.839573, -0.122295,
		42.445953, 44.941071, 44.288773>
	pigment { color rgbt <0,1,1,0> }
	no_shadow
}
cylinder {
	<42.568401, 45.721119, 43.823032>,  <42.075443, 45.528774, 44.374382>, 0.130000
	pigment { color rgbt <1,0,0,0> }
	no_shadow
}

// nucleotide -1

// particle -1
sphere {
	<42.568401, 45.721119, 43.823032> 0.250000
	pigment { color rgbt <1,0,0,0> }
	no_shadow
}
cylinder {
	<42.571396, 45.322929, 43.860916>,  <42.573193, 45.084015, 43.883648>, 0.100000
	pigment { color rgbt <1,0,0,0> }
	no_shadow
}
cylinder {
	<42.571396, 45.322929, 43.860916>,  <42.568401, 45.721119, 43.823032>, 0.100000
	pigment { color rgbt <1,0,0,0> }
	no_shadow
}

// particle -1
sphere {
	<42.571396, 45.322929, 43.860916> 0.100000
	pigment { color rgbt <1,0,0,0> }
	no_shadow
}
sphere {
	0, 1
	scale<0.080000,0.200000,0.300000>
	matrix <0.114141, -0.093244, -0.989079,
		0.993436, 0.018212, 0.112926,
		0.007484, -0.995477, 0.094711,
		42.573643, 45.024288, 43.889328>
	pigment { color rgbt <0,1,1,0> }
	no_shadow
}
cylinder {
	<43.122440, 45.510944, 43.391483>,  <42.568401, 45.721119, 43.823032>, 0.130000
	pigment { color rgbt <1,0,0,0> }
	no_shadow
}

// nucleotide -1

// particle -1
sphere {
	<43.122440, 45.510944, 43.391483> 0.250000
	pigment { color rgbt <1,0,0,0> }
	no_shadow
}
cylinder {
	<42.858223, 45.213367, 43.431953>,  <42.699692, 45.034821, 43.456234>, 0.100000
	pigment { color rgbt <1,0,0,0> }
	no_shadow
}
cylinder {
	<42.858223, 45.213367, 43.431953>,  <43.122440, 45.510944, 43.391483>, 0.100000
	pigment { color rgbt <1,0,0,0> }
	no_shadow
}

// particle -1
sphere {
	<42.858223, 45.213367, 43.431953> 0.100000
	pigment { color rgbt <1,0,0,0> }
	no_shadow
}
sphere {
	0, 1
	scale<0.080000,0.200000,0.300000>
	matrix <-0.037264, -0.102106, -0.994075,
		0.749861, -0.660402, 0.039724,
		-0.660545, -0.743938, 0.101175,
		42.660061, 44.990185, 43.462307>
	pigment { color rgbt <0,1,1,0> }
	no_shadow
}
cylinder {
	<43.325089, 45.013138, 42.851429>,  <43.122440, 45.510944, 43.391483>, 0.130000
	pigment { color rgbt <1,0,0,0> }
	no_shadow
}

// nucleotide -1

// particle -1
sphere {
	<43.325089, 45.013138, 42.851429> 0.250000
	pigment { color rgbt <1,0,0,0> }
	no_shadow
}
cylinder {
	<42.951714, 44.930107, 42.968464>,  <42.727688, 44.880287, 43.038685>, 0.100000
	pigment { color rgbt <1,0,0,0> }
	no_shadow
}
cylinder {
	<42.951714, 44.930107, 42.968464>,  <43.325089, 45.013138, 42.851429>, 0.100000
	pigment { color rgbt <1,0,0,0> }
	no_shadow
}

// particle -1
sphere {
	<42.951714, 44.930107, 42.968464> 0.100000
	pigment { color rgbt <1,0,0,0> }
	no_shadow
}
sphere {
	0, 1
	scale<0.080000,0.200000,0.300000>
	matrix <-0.270409, -0.128827, -0.954087,
		0.235742, -0.969698, 0.064121,
		-0.933437, -0.207579, 0.292586,
		42.671684, 44.867832, 43.056240>
	pigment { color rgbt <0,1,1,0> }
	no_shadow
}
cylinder {
	<43.120670, 44.555805, 42.383282>,  <43.325089, 45.013138, 42.851429>, 0.130000
	pigment { color rgbt <1,0,0,0> }
	no_shadow
}

// nucleotide -1

// particle -1
sphere {
	<43.120670, 44.555805, 42.383282> 0.250000
	pigment { color rgbt <1,0,0,0> }
	no_shadow
}
cylinder {
	<42.768967, 44.679478, 42.528233>,  <42.557945, 44.753681, 42.615204>, 0.100000
	pigment { color rgbt <1,0,0,0> }
	no_shadow
}
cylinder {
	<42.768967, 44.679478, 42.528233>,  <43.120670, 44.555805, 42.383282>, 0.100000
	pigment { color rgbt <1,0,0,0> }
	no_shadow
}

// particle -1
sphere {
	<42.768967, 44.679478, 42.528233> 0.100000
	pigment { color rgbt <1,0,0,0> }
	no_shadow
}
sphere {
	0, 1
	scale<0.080000,0.200000,0.300000>
	matrix <-0.426719, -0.173117, -0.887661,
		-0.211719, -0.935112, 0.284150,
		-0.879253, 0.309187, 0.362378,
		42.505192, 44.772232, 42.636948>
	pigment { color rgbt <0,1,1,0> }
	no_shadow
}
cylinder {
	<42.588364, 43.926075, 42.175552>,  <43.120670, 44.555805, 42.383282>, 0.130000
	pigment { color rgbt <1,0,0,0> }
	no_shadow
}

// nucleotide -1

// particle -1
sphere {
	<42.588364, 43.926075, 42.175552> 0.250000
	pigment { color rgbt <1,0,0,0> }
	no_shadow
}
cylinder {
	<42.395676, 44.272953, 42.226009>,  <42.280064, 44.481079, 42.256283>, 0.100000
	pigment { color rgbt <1,0,0,0> }
	no_shadow
}
cylinder {
	<42.395676, 44.272953, 42.226009>,  <42.588364, 43.926075, 42.175552>, 0.100000
	pigment { color rgbt <1,0,0,0> }
	no_shadow
}

// particle -1
sphere {
	<42.395676, 44.272953, 42.226009> 0.100000
	pigment { color rgbt <1,0,0,0> }
	no_shadow
}
sphere {
	0, 1
	scale<0.080000,0.200000,0.300000>
	matrix <-0.467226, -0.132377, -0.874172,
		-0.741382, -0.480043, 0.468947,
		-0.481718, 0.867199, 0.126146,
		42.251160, 44.533112, 42.263855>
	pigment { color rgbt <0,1,1,0> }
	no_shadow
}
cylinder {
	<41.875858, 43.847797, 41.835064>,  <42.588364, 43.926075, 42.175552>, 0.130000
	pigment { color rgbt <1,0,0,0> }
	no_shadow
}

// nucleotide -1

// particle -1
sphere {
	<41.875858, 43.847797, 41.835064> 0.250000
	pigment { color rgbt <1,0,0,0> }
	no_shadow
}
cylinder {
	<41.910881, 44.244339, 41.874172>,  <41.931896, 44.482262, 41.897636>, 0.100000
	pigment { color rgbt <1,0,0,0> }
	no_shadow
}
cylinder {
	<41.910881, 44.244339, 41.874172>,  <41.875858, 43.847797, 41.835064>, 0.100000
	pigment { color rgbt <1,0,0,0> }
	no_shadow
}

// particle -1
sphere {
	<41.910881, 44.244339, 41.874172> 0.100000
	pigment { color rgbt <1,0,0,0> }
	no_shadow
}
sphere {
	0, 1
	scale<0.080000,0.200000,0.300000>
	matrix <-0.429197, 0.126111, -0.894363,
		-0.898957, 0.036349, 0.436527,
		0.087560, 0.991350, 0.097767,
		41.937149, 44.541744, 41.903503>
	pigment { color rgbt <0,1,1,0> }
	no_shadow
}
cylinder {
	<41.274921, 44.015202, 41.537861>,  <41.875858, 43.847797, 41.835064>, 0.130000
	pigment { color rgbt <1,0,0,0> }
	no_shadow
}

// nucleotide -1

// particle -1
sphere {
	<41.274921, 44.015202, 41.537861> 0.250000
	pigment { color rgbt <1,0,0,0> }
	no_shadow
}
cylinder {
	<41.463234, 44.368031, 41.544872>,  <41.576221, 44.579727, 41.549080>, 0.100000
	pigment { color rgbt <1,0,0,0> }
	no_shadow
}
cylinder {
	<41.463234, 44.368031, 41.544872>,  <41.274921, 44.015202, 41.537861>, 0.100000
	pigment { color rgbt <1,0,0,0> }
	no_shadow
}

// particle -1
sphere {
	<41.463234, 44.368031, 41.544872> 0.100000
	pigment { color rgbt <1,0,0,0> }
	no_shadow
}
sphere {
	0, 1
	scale<0.080000,0.200000,0.300000>
	matrix <-0.263574, 0.159579, -0.951348,
		-0.841956, 0.443261, 0.307619,
		0.470785, 0.882074, 0.017527,
		41.604469, 44.632652, 41.550129>
	pigment { color rgbt <0,1,1,0> }
	no_shadow
}
cylinder {
	<40.844616, 44.520496, 41.392220>,  <41.274921, 44.015202, 41.537861>, 0.130000
	pigment { color rgbt <1,0,0,0> }
	no_shadow
}

// nucleotide -1

// particle -1
sphere {
	<40.844616, 44.520496, 41.392220> 0.250000
	pigment { color rgbt <1,0,0,0> }
	no_shadow
}
cylinder {
	<41.208092, 44.648125, 41.284538>,  <41.426178, 44.724701, 41.219929>, 0.100000
	pigment { color rgbt <1,0,0,0> }
	no_shadow
}
cylinder {
	<41.208092, 44.648125, 41.284538>,  <40.844616, 44.520496, 41.392220>, 0.100000
	pigment { color rgbt <1,0,0,0> }
	no_shadow
}

// particle -1
sphere {
	<41.208092, 44.648125, 41.284538> 0.100000
	pigment { color rgbt <1,0,0,0> }
	no_shadow
}
sphere {
	0, 1
	scale<0.080000,0.200000,0.300000>
	matrix <-0.292006, 0.024946, -0.956091,
		-0.298345, 0.947402, 0.115839,
		0.908693, 0.319071, -0.269205,
		41.480698, 44.743847, 41.203777>
	pigment { color rgbt <0,1,1,0> }
	no_shadow
}
cylinder {
	<40.743938, 45.172222, 41.087841>,  <40.844616, 44.520496, 41.392220>, 0.130000
	pigment { color rgbt <1,0,0,0> }
	no_shadow
}

// nucleotide -1

// particle -1
sphere {
	<40.743938, 45.172222, 41.087841> 0.250000
	pigment { color rgbt <1,0,0,0> }
	no_shadow
}
cylinder {
	<41.088615, 45.027012, 40.946022>,  <41.295422, 44.939888, 40.860931>, 0.100000
	pigment { color rgbt <1,0,0,0> }
	no_shadow
}
cylinder {
	<41.088615, 45.027012, 40.946022>,  <40.743938, 45.172222, 41.087841>, 0.100000
	pigment { color rgbt <1,0,0,0> }
	no_shadow
}

// particle -1
sphere {
	<41.088615, 45.027012, 40.946022> 0.100000
	pigment { color rgbt <1,0,0,0> }
	no_shadow
}
sphere {
	0, 1
	scale<0.080000,0.200000,0.300000>
	matrix <-0.333562, 0.121297, -0.934892,
		0.382392, 0.923852, -0.016570,
		0.861692, -0.363023, -0.354545,
		41.347122, 44.918106, 40.839657>
	pigment { color rgbt <0,1,1,0> }
	no_shadow
}
cylinder {
	<40.915623, 45.652645, 40.563881>,  <40.743938, 45.172222, 41.087841>, 0.130000
	pigment { color rgbt <1,0,0,0> }
	no_shadow
}

// nucleotide -1

// particle -1
sphere {
	<40.915623, 45.652645, 40.563881> 0.250000
	pigment { color rgbt <1,0,0,0> }
	no_shadow
}
cylinder {
	<41.167160, 45.353130, 40.480091>,  <41.318081, 45.173424, 40.429817>, 0.100000
	pigment { color rgbt <1,0,0,0> }
	no_shadow
}
cylinder {
	<41.167160, 45.353130, 40.480091>,  <40.915623, 45.652645, 40.563881>, 0.100000
	pigment { color rgbt <1,0,0,0> }
	no_shadow
}

// particle -1
sphere {
	<41.167160, 45.353130, 40.480091> 0.100000
	pigment { color rgbt <1,0,0,0> }
	no_shadow
}
sphere {
	0, 1
	scale<0.080000,0.200000,0.300000>
	matrix <-0.023750, 0.250781, -0.967753,
		0.777169, 0.613539, 0.139918,
