// switches for output
#declare DRAW_BASES = 1; // possible values are 0, 1; only relevant for DNA ribbons
#declare DRAW_BASES_TYPE = 3; // possible values are 1, 2, 3; only relevant for DNA ribbons
#declare DRAW_FOG = 0; // set to 1 to enable fog

#include "colors.inc"

#include "transforms.inc"
background { rgb <1, 1, 1>}

#default {
   normal{
       ripples 0.25
       frequency 0.20
       turbulence 0.2
       lambda 5
   }
	finish {
		phong 0.1
		phong_size 40.
	}
}

// original window dimensions: 1024x640


// camera settings

camera {
	sky <-0, 1, 0>
	up <-0, 1, 0>
	right 1.6 * <1, 0, 0>
	location <44.88, 44.88, 200.277>
	look_at <44.88, 44.88, 44.88>
	direction <0, 0, -155.397>
	angle 67.0682
}


# declare cpy_camera_pos = <44.88, 44.88, 200.277>;
# if (DRAW_FOG = 1)
fog {
	fog_type 2
	up vnormalize(cpy_camera_pos)
	color rgbt<1,1,1,0.3>
	distance 1e-5
	fog_alt 3e-3
	fog_offset 71.808
}
# end


// LIGHTS

# declare lum = 6;
global_settings {
	ambient_light rgb lum * <0.05, 0.05, 0.05>
	max_trace_level 15
}# declare cpy_direct_light_amount = 0.25;
light_source
{	1000 * <-1, -1, 1>,
	rgb lum * cpy_direct_light_amount
	parallel
}

light_source
{	1000 * <1, 1, -1>,
	rgb lum * cpy_direct_light_amount
	parallel
}

// strand 0

// nucleotide -1

// particle -1
sphere {
	<39.931549, 45.056942, 57.672760> 0.250000
	pigment { color rgbt <1,0,0,0> }
	no_shadow
}
cylinder {
	<40.259842, 45.272781, 57.597672>,  <40.456818, 45.402283, 57.552620>, 0.100000
	pigment { color rgbt <1,0,0,0> }
	no_shadow
}
cylinder {
	<40.259842, 45.272781, 57.597672>,  <39.931549, 45.056942, 57.672760>, 0.100000
	pigment { color rgbt <1,0,0,0> }
	no_shadow
}

// particle -1
sphere {
	<40.259842, 45.272781, 57.597672> 0.100000
	pigment { color rgbt <1,0,0,0> }
	no_shadow
}
sphere {
	0, 1
	scale<0.080000,0.200000,0.300000>
	matrix <-0.275193, 0.085437, -0.957585,
		-0.500670, 0.837578, 0.218613,
		0.820730, 0.539595, -0.187720,
		40.506062, 45.434662, 57.541355>
	pigment { color rgbt <0,1,1,0> }
	no_shadow
}
cylinder {
	<39.716885, 45.631245, 57.315639>,  <39.931549, 45.056942, 57.672760>, 0.130000
	pigment { color rgbt <1,0,0,0> }
	no_shadow
}

// nucleotide -1

// particle -1
sphere {
	<39.716885, 45.631245, 57.315639> 0.250000
	pigment { color rgbt <1,0,0,0> }
	no_shadow
}
cylinder {
	<40.102234, 45.585453, 57.218636>,  <40.333443, 45.557980, 57.160431>, 0.100000
	pigment { color rgbt <1,0,0,0> }
	no_shadow
}
cylinder {
	<40.102234, 45.585453, 57.218636>,  <39.716885, 45.631245, 57.315639>, 0.100000
	pigment { color rgbt <1,0,0,0> }
	no_shadow
}

// particle -1
sphere {
	<40.102234, 45.585453, 57.218636> 0.100000
	pigment { color rgbt <1,0,0,0> }
	no_shadow
}
sphere {
	0, 1
	scale<0.080000,0.200000,0.300000>
	matrix <-0.233325, 0.087993, -0.968409,
		0.132203, 0.989520, 0.058058,
		0.963370, -0.114481, -0.242513,
		40.391243, 45.551109, 57.145882>
	pigment { color rgbt <0,1,1,0> }
	no_shadow
}
cylinder {
	<39.748638, 46.067192, 56.785763>,  <39.716885, 45.631245, 57.315639>, 0.130000
	pigment { color rgbt <1,0,0,0> }
	no_shadow
}

// nucleotide -1

// particle -1
sphere {
	<39.748638, 46.067192, 56.785763> 0.250000
	pigment { color rgbt <1,0,0,0> }
	no_shadow
}
cylinder {
	<40.068474, 45.827705, 56.767014>,  <40.260376, 45.684013, 56.755764>, 0.100000
	pigment { color rgbt <1,0,0,0> }
	no_shadow
}
cylinder {
	<40.068474, 45.827705, 56.767014>,  <39.748638, 46.067192, 56.785763>, 0.100000
	pigment { color rgbt <1,0,0,0> }
	no_shadow
}

// particle -1
sphere {
	<40.068474, 45.827705, 56.767014> 0.100000
	pigment { color rgbt <1,0,0,0> }
	no_shadow
}
sphere {
	0, 1
	scale<0.080000,0.200000,0.300000>
	matrix <-0.025517, 0.044115, -0.998701,
		0.600008, 0.799744, 0.019996,
		0.799587, -0.598718, -0.046876,
		40.308350, 45.648090, 56.752949>
	pigment { color rgbt <0,1,1,0> }
	no_shadow
}
cylinder {
	<40.215714, 46.251602, 56.258652>,  <39.748638, 46.067192, 56.785763>, 0.130000
	pigment { color rgbt <1,0,0,0> }
	no_shadow
}

// nucleotide -1

// particle -1
sphere {
	<40.215714, 46.251602, 56.258652> 0.250000
	pigment { color rgbt <1,0,0,0> }
	no_shadow
}
cylinder {
	<40.313843, 45.866768, 56.306339>,  <40.372719, 45.635868, 56.334953>, 0.100000
	pigment { color rgbt <1,0,0,0> }
	no_shadow
}
cylinder {
	<40.313843, 45.866768, 56.306339>,  <40.215714, 46.251602, 56.258652>, 0.100000
	pigment { color rgbt <1,0,0,0> }
	no_shadow
}

// particle -1
sphere {
	<40.313843, 45.866768, 56.306339> 0.100000
	pigment { color rgbt <1,0,0,0> }
	no_shadow
}
sphere {
	0, 1
	scale<0.080000,0.200000,0.300000>
	matrix <0.017598, -0.118542, -0.992793,
		0.969281, 0.245654, -0.012150,
		0.245324, -0.962082, 0.119223,
		40.387440, 45.578144, 56.342106>
	pigment { color rgbt <0,1,1,0> }
	no_shadow
}
cylinder {
	<40.646454, 46.126938, 55.720379>,  <40.215714, 46.251602, 56.258652>, 0.130000
	pigment { color rgbt <1,0,0,0> }
	no_shadow
}

// nucleotide -1

// particle -1
sphere {
	<40.646454, 46.126938, 55.720379> 0.250000
	pigment { color rgbt <1,0,0,0> }
	no_shadow
}
cylinder {
	<40.615921, 45.744591, 55.833870>,  <40.597603, 45.515182, 55.901962>, 0.100000
	pigment { color rgbt <1,0,0,0> }
	no_shadow
}
cylinder {
	<40.615921, 45.744591, 55.833870>,  <40.646454, 46.126938, 55.720379>, 0.100000
	pigment { color rgbt <1,0,0,0> }
	no_shadow
}

// particle -1
sphere {
	<40.615921, 45.744591, 55.833870> 0.100000
	pigment { color rgbt <1,0,0,0> }
	no_shadow
}
sphere {
	0, 1
	scale<0.080000,0.200000,0.300000>
	matrix <0.104031, -0.290636, -0.951162,
		0.991641, -0.043086, 0.121624,
		-0.076330, -0.955863, 0.283724,
		40.593021, 45.457832, 55.918987>
	pigment { color rgbt <0,1,1,0> }
	no_shadow
}
cylinder {
	<41.287487, 45.716511, 55.455101>,  <40.646454, 46.126938, 55.720379>, 0.130000
	pigment { color rgbt <1,0,0,0> }
	no_shadow
}

// nucleotide -1

// particle -1
sphere {
	<41.287487, 45.716511, 55.455101> 0.250000
	pigment { color rgbt <1,0,0,0> }
	no_shadow
}
cylinder {
	<40.960884, 45.492077, 55.509514>,  <40.764923, 45.357418, 55.542164>, 0.100000
	pigment { color rgbt <1,0,0,0> }
	no_shadow
}
cylinder {
	<40.960884, 45.492077, 55.509514>,  <41.287487, 45.716511, 55.455101>, 0.100000
	pigment { color rgbt <1,0,0,0> }
	no_shadow
}

// particle -1
sphere {
	<40.960884, 45.492077, 55.509514> 0.100000
	pigment { color rgbt <1,0,0,0> }
	no_shadow
}
sphere {
	0, 1
	scale<0.080000,0.200000,0.300000>
	matrix <0.085415, -0.350427, -0.932687,
		0.570988, -0.749922, 0.334050,
		-0.816503, -0.561085, 0.136035,
		40.715935, 45.323750, 55.550323>
	pigment { color rgbt <0,1,1,0> }
	no_shadow
}
cylinder {
	<41.523598, 45.066616, 55.288982>,  <41.287487, 45.716511, 55.455101>, 0.130000
	pigment { color rgbt <1,0,0,0> }
	no_shadow
}

// nucleotide -1

// particle -1
sphere {
	<41.523598, 45.066616, 55.288982> 0.250000
	pigment { color rgbt <1,0,0,0> }
	no_shadow
}
cylinder {
	<41.129105, 45.023529, 55.238792>,  <40.892410, 44.997677, 55.208679>, 0.100000
	pigment { color rgbt <1,0,0,0> }
	no_shadow
}
cylinder {
	<41.129105, 45.023529, 55.238792>,  <41.523598, 45.066616, 55.288982>, 0.100000
	pigment { color rgbt <1,0,0,0> }
	no_shadow
}

// particle -1
sphere {
	<41.129105, 45.023529, 55.238792> 0.100000
	pigment { color rgbt <1,0,0,0> }
	no_shadow
}
sphere {
	0, 1
	scale<0.080000,0.200000,0.300000>
	matrix <0.151525, -0.284738, -0.946554,
		0.066232, -0.952534, 0.297139,
		-0.986232, -0.107716, -0.125474,
		40.833237, 44.991215, 55.201149>
	pigment { color rgbt <0,1,1,0> }
	no_shadow
}
cylinder {
	<41.434921, 44.559971, 54.813183>,  <41.523598, 45.066616, 55.288982>, 0.130000
	pigment { color rgbt <1,0,0,0> }
	no_shadow
}

// nucleotide -1

// particle -1
sphere {
	<41.434921, 44.559971, 54.813183> 0.250000
	pigment { color rgbt <1,0,0,0> }
	no_shadow
}
cylinder {
	<41.070824, 44.724979, 54.798874>,  <40.852364, 44.823986, 54.790287>, 0.100000
	pigment { color rgbt <1,0,0,0> }
	no_shadow
}
cylinder {
	<41.070824, 44.724979, 54.798874>,  <41.434921, 44.559971, 54.813183>, 0.100000
	pigment { color rgbt <1,0,0,0> }
	no_shadow
}

// particle -1
sphere {
	<41.070824, 44.724979, 54.798874> 0.100000
	pigment { color rgbt <1,0,0,0> }
	no_shadow
}
sphere {
	0, 1
	scale<0.080000,0.200000,0.300000>
	matrix <-0.068205, -0.234588, -0.969699,
		-0.408417, -0.880222, 0.241669,
		-0.910244, 0.412525, -0.035774,
		40.797749, 44.848736, 54.788143>
	pigment { color rgbt <0,1,1,0> }
	no_shadow
}
cylinder {
	<41.048439, 44.118759, 54.463463>,  <41.434921, 44.559971, 54.813183>, 0.130000
	pigment { color rgbt <1,0,0,0> }
	no_shadow
}

// nucleotide -1

// particle -1
sphere {
	<41.048439, 44.118759, 54.463463> 0.250000
	pigment { color rgbt <1,0,0,0> }
	no_shadow
}
cylinder {
	<40.828079, 44.451126, 54.432274>,  <40.695862, 44.650547, 54.413559>, 0.100000
	pigment { color rgbt <1,0,0,0> }
	no_shadow
}
cylinder {
	<40.828079, 44.451126, 54.432274>,  <41.048439, 44.118759, 54.463463>, 0.100000
	pigment { color rgbt <1,0,0,0> }
	no_shadow
}

// particle -1
sphere {
	<40.828079, 44.451126, 54.432274> 0.100000
	pigment { color rgbt <1,0,0,0> }
	no_shadow
}
sphere {
	0, 1
	scale<0.080000,0.200000,0.300000>
	matrix <-0.269232, -0.265381, -0.925790,
		-0.789950, -0.489026, 0.369909,
		-0.550902, 0.830919, -0.077976,
		40.662807, 44.700401, 54.408882>
	pigment { color rgbt <0,1,1,0> }
	no_shadow
}
cylinder {
	<40.292072, 43.930073, 54.270130>,  <41.048439, 44.118759, 54.463463>, 0.130000
	pigment { color rgbt <1,0,0,0> }
	no_shadow
}

// nucleotide -1

// particle -1
sphere {
	<40.292072, 43.930073, 54.270130> 0.250000
	pigment { color rgbt <1,0,0,0> }
	no_shadow
}
cylinder {
	<40.355377, 44.309345, 54.159927>,  <40.393360, 44.536907, 54.093807>, 0.100000
	pigment { color rgbt <1,0,0,0> }
	no_shadow
}
cylinder {
	<40.355377, 44.309345, 54.159927>,  <40.292072, 43.930073, 54.270130>, 0.100000
	pigment { color rgbt <1,0,0,0> }
	no_shadow
}

// particle -1
sphere {
	<40.355377, 44.309345, 54.159927> 0.100000
	pigment { color rgbt <1,0,0,0> }
	no_shadow
}
sphere {
	0, 1
	scale<0.080000,0.200000,0.300000>
	matrix <-0.177362, -0.247184, -0.952598,
		-0.971337, 0.199628, 0.129051,
		0.158266, 0.948182, -0.275505,
		40.402855, 44.593800, 54.077274>
	pigment { color rgbt <0,1,1,0> }
	no_shadow
}
cylinder {
	<39.832012, 44.110043, 53.821419>,  <40.292072, 43.930073, 54.270130>, 0.130000
	pigment { color rgbt <1,0,0,0> }
	no_shadow
}

// nucleotide -1

// particle -1
sphere {
	<39.832012, 44.110043, 53.821419> 0.250000
	pigment { color rgbt <1,0,0,0> }
	no_shadow
}
cylinder {
	<40.118446, 44.383770, 53.766380>,  <40.290306, 44.548004, 53.733356>, 0.100000
	pigment { color rgbt <1,0,0,0> }
	no_shadow
}
cylinder {
	<40.118446, 44.383770, 53.766380>,  <39.832012, 44.110043, 53.821419>, 0.100000
	pigment { color rgbt <1,0,0,0> }
	no_shadow
}

// particle -1
sphere {
	<40.118446, 44.383770, 53.766380> 0.100000
	pigment { color rgbt <1,0,0,0> }
	no_shadow
}
sphere {
	0, 1
	scale<0.080000,0.200000,0.300000>
	matrix <-0.028550, -0.168244, -0.985332,
		-0.697429, 0.709510, -0.100940,
		0.716085, 0.684317, -0.137595,
		40.333271, 44.589066, 53.725101>
	pigment { color rgbt <0,1,1,0> }
	no_shadow
}
cylinder {
	<39.685524, 44.372746, 53.126137>,  <39.832012, 44.110043, 53.821419>, 0.130000
	pigment { color rgbt <1,0,0,0> }
	no_shadow
}

// nucleotide -1

// particle -1
sphere {
	<39.685524, 44.372746, 53.126137> 0.250000
	pigment { color rgbt <1,0,0,0> }
	no_shadow
}
cylinder {
	<40.045929, 44.524086, 53.211018>,  <40.262173, 44.614891, 53.261944>, 0.100000
	pigment { color rgbt <1,0,0,0> }
	no_shadow
}
cylinder {
	<40.045929, 44.524086, 53.211018>,  <39.685524, 44.372746, 53.126137>, 0.100000
	pigment { color rgbt <1,0,0,0> }
	no_shadow
}

// particle -1
sphere {
	<40.045929, 44.524086, 53.211018> 0.100000
	pigment { color rgbt <1,0,0,0> }
	no_shadow
}
sphere {
	0, 1
	scale<0.080000,0.200000,0.300000>
	matrix <0.230605, -0.003431, -0.973041,
		-0.367422, 0.925656, -0.090340,
		0.901012, 0.378350, 0.212200,
		40.316231, 44.637592, 53.274677>
	pigment { color rgbt <0,1,1,0> }
	no_shadow
}
cylinder {
	<39.785076, 45.023773, 52.735527>,  <39.685524, 44.372746, 53.126137>, 0.130000
	pigment { color rgbt <1,0,0,0> }
	no_shadow
}

// nucleotide -1

// particle -1
sphere {
	<39.785076, 45.023773, 52.735527> 0.250000
	pigment { color rgbt <1,0,0,0> }
	no_shadow
}
cylinder {
	<40.128792, 44.833721, 52.811291>,  <40.335022, 44.719688, 52.856750>, 0.100000
	pigment { color rgbt <1,0,0,0> }
	no_shadow
}
cylinder {
	<40.128792, 44.833721, 52.811291>,  <39.785076, 45.023773, 52.735527>, 0.100000
	pigment { color rgbt <1,0,0,0> }
	no_shadow
}

// particle -1
sphere {
	<40.128792, 44.833721, 52.811291> 0.100000
	pigment { color rgbt <1,0,0,0> }
	no_shadow
}
sphere {
	0, 1
	scale<0.080000,0.200000,0.300000>
	matrix <0.251280, 0.069589, -0.965410,
		0.445518, 0.877158, 0.179188,
		0.859286, -0.475134, 0.189409,
		40.386578, 44.691181, 52.868114>
	pigment { color rgbt <0,1,1,0> }
	no_shadow
}
cylinder {
	<40.270679, 45.361320, 52.260780>,  <39.785076, 45.023773, 52.735527>, 0.130000
	pigment { color rgbt <1,0,0,0> }
	no_shadow
}

// nucleotide -1

// particle -1
sphere {
	<40.270679, 45.361320, 52.260780> 0.250000
	pigment { color rgbt <1,0,0,0> }
	no_shadow
}
cylinder {
	<40.455055, 45.015778, 52.342056>,  <40.565681, 44.808453, 52.390823>, 0.100000
	pigment { color rgbt <1,0,0,0> }
	no_shadow
}
cylinder {
	<40.455055, 45.015778, 52.342056>,  <40.270679, 45.361320, 52.260780>, 0.100000
	pigment { color rgbt <1,0,0,0> }
	no_shadow
}

// particle -1
sphere {
	<40.455055, 45.015778, 52.342056> 0.100000
	pigment { color rgbt <1,0,0,0> }
	no_shadow
}
sphere {
	0, 1
	scale<0.080000,0.200000,0.300000>
	matrix <0.399623, -0.002383, -0.916676,
		0.792362, 0.503730, 0.344119,
		0.460937, -0.863858, 0.203191,
		40.593338, 44.756618, 52.403015>
	pigment { color rgbt <0,1,1,0> }
	no_shadow
}
cylinder {
	<40.993187, 45.484287, 52.206635>,  <40.270679, 45.361320, 52.260780>, 0.130000
	pigment { color rgbt <1,0,0,0> }
	no_shadow
}

// nucleotide -1

// particle -1
sphere {
	<40.993187, 45.484287, 52.206635> 0.250000
	pigment { color rgbt <1,0,0,0> }
	no_shadow
}
cylinder {
	<40.975204, 45.086147, 52.172577>,  <40.964417, 44.847263, 52.152142>, 0.100000
	pigment { color rgbt <1,0,0,0> }
	no_shadow
}
cylinder {
	<40.975204, 45.086147, 52.172577>,  <40.993187, 45.484287, 52.206635>, 0.100000
	pigment { color rgbt <1,0,0,0> }
	no_shadow
}

// particle -1
sphere {
	<40.975204, 45.086147, 52.172577> 0.100000
	pigment { color rgbt <1,0,0,0> }
	no_shadow
}
sphere {
	0, 1
	scale<0.080000,0.200000,0.300000>
	matrix <0.517763, 0.049674, -0.854081,
		0.854342, -0.082475, 0.513125,
		-0.044952, -0.995354, -0.085141,
		40.961720, 44.787540, 52.147034>
	pigment { color rgbt <0,1,1,0> }
	no_shadow
}
cylinder {
	<41.606483, 45.391087, 51.861748>,  <40.993187, 45.484287, 52.206635>, 0.130000
	pigment { color rgbt <1,0,0,0> }
	no_shadow
}

// nucleotide -1

// particle -1
sphere {
	<41.606483, 45.391087, 51.861748> 0.250000
	pigment { color rgbt <1,0,0,0> }
	no_shadow
}
cylinder {
	<41.430626, 45.031826, 51.864372>,  <41.325111, 44.816269, 51.865948>, 0.100000
	pigment { color rgbt <1,0,0,0> }
	no_shadow
}
cylinder {
	<41.430626, 45.031826, 51.864372>,  <41.606483, 45.391087, 51.861748>, 0.100000
	pigment { color rgbt <1,0,0,0> }
	no_shadow
}

// particle -1
sphere {
	<41.430626, 45.031826, 51.864372> 0.100000
	pigment { color rgbt <1,0,0,0> }
	no_shadow
}
sphere {
	0, 1
	scale<0.080000,0.200000,0.300000>
	matrix <0.469988, -0.236268, -0.850464,
		0.765394, -0.370815, 0.525992,
		-0.439640, -0.898150, 0.006559,
		41.298733, 44.762383, 51.866341>
	pigment { color rgbt <0,1,1,0> }
	no_shadow
}
cylinder {
	<42.093727, 44.914589, 51.970394>,  <41.606483, 45.391087, 51.861748>, 0.130000
	pigment { color rgbt <1,0,0,0> }
	no_shadow
}

// nucleotide -1

// particle -1
sphere {
	<42.093727, 44.914589, 51.970394> 0.250000
	pigment { color rgbt <1,0,0,0> }
	no_shadow
}
cylinder {
	<41.799026, 44.740810, 51.763145>,  <41.622208, 44.636543, 51.638794>, 0.100000
	pigment { color rgbt <1,0,0,0> }
	no_shadow
}
cylinder {
	<41.799026, 44.740810, 51.763145>,  <42.093727, 44.914589, 51.970394>, 0.100000
	pigment { color rgbt <1,0,0,0> }
	no_shadow
}

// particle -1
sphere {
	<41.799026, 44.740810, 51.763145> 0.100000
	pigment { color rgbt <1,0,0,0> }
	no_shadow
}
sphere {
	0, 1
	scale<0.080000,0.200000,0.300000>
	matrix <0.619916, -0.128016, -0.774155,
		0.270000, -0.891554, 0.363636,
		-0.736752, -0.434446, -0.518125,
		41.577999, 44.610477, 51.607708>
	pigment { color rgbt <0,1,1,0> }
	no_shadow
}
cylinder {
	<42.264828, 44.244232, 51.674164>,  <42.093727, 44.914589, 51.970394>, 0.130000
	pigment { color rgbt <1,0,0,0> }
	no_shadow
}

// nucleotide -1

// particle -1
sphere {
	<42.264828, 44.244232, 51.674164> 0.250000
	pigment { color rgbt <1,0,0,0> }
	no_shadow
}
cylinder {
	<41.986816, 44.414371, 51.442299>,  <41.820007, 44.516453, 51.303181>, 0.100000
	pigment { color rgbt <1,0,0,0> }
	no_shadow
}
cylinder {
	<41.986816, 44.414371, 51.442299>,  <42.264828, 44.244232, 51.674164>, 0.100000
	pigment { color rgbt <1,0,0,0> }
	no_shadow
}

// particle -1
sphere {
	<41.986816, 44.414371, 51.442299> 0.100000
	pigment { color rgbt <1,0,0,0> }
	no_shadow
}
sphere {
	0, 1
	scale<0.080000,0.200000,0.300000>
	matrix <0.438963, -0.387487, -0.810657,
		-0.569421, -0.817885, 0.082606,
		-0.695033, 0.425344, -0.579665,
		41.778305, 44.541973, 51.268398>
	pigment { color rgbt <0,1,1,0> }
	no_shadow
}
cylinder {
	<42.204178, 43.720680, 51.171501>,  <42.264828, 44.244232, 51.674164>, 0.130000
	pigment { color rgbt <1,0,0,0> }
	no_shadow
}

// nucleotide -1

// particle -1
sphere {
	<42.204178, 43.720680, 51.171501> 0.250000
	pigment { color rgbt <1,0,0,0> }
	no_shadow
}
cylinder {
	<42.028801, 44.051842, 51.031597>,  <41.923573, 44.250538, 50.947655>, 0.100000
	pigment { color rgbt <1,0,0,0> }
	no_shadow
}
cylinder {
	<42.028801, 44.051842, 51.031597>,  <42.204178, 43.720680, 51.171501>, 0.100000
	pigment { color rgbt <1,0,0,0> }
	no_shadow
}

// particle -1
sphere {
	<42.028801, 44.051842, 51.031597> 0.100000
	pigment { color rgbt <1,0,0,0> }
	no_shadow
}
sphere {
	0, 1
	scale<0.080000,0.200000,0.300000>
	matrix <0.237383, -0.268670, -0.933523,
		-0.866842, -0.492326, -0.078735,
		-0.438444, 0.827908, -0.349764,
		41.897266, 44.300213, 50.926666>
	pigment { color rgbt <0,1,1,0> }
	no_shadow
}
cylinder {
	<41.786678, 43.486664, 50.564667>,  <42.204178, 43.720680, 51.171501>, 0.130000
	pigment { color rgbt <1,0,0,0> }
	no_shadow
}

// nucleotide -1

// particle -1
sphere {
	<41.786678, 43.486664, 50.564667> 0.250000
	pigment { color rgbt <1,0,0,0> }
	no_shadow
}
cylinder {
	<41.877655, 43.874626, 50.529884>,  <41.932240, 44.107403, 50.509014>, 0.100000
	pigment { color rgbt <1,0,0,0> }
	no_shadow
}
cylinder {
	<41.877655, 43.874626, 50.529884>,  <41.786678, 43.486664, 50.564667>, 0.100000
	pigment { color rgbt <1,0,0,0> }
	no_shadow
}

// particle -1
sphere {
	<41.877655, 43.874626, 50.529884> 0.100000
	pigment { color rgbt <1,0,0,0> }
	no_shadow
}
sphere {
	0, 1
	scale<0.080000,0.200000,0.300000>
	matrix <0.294209, -0.153566, -0.943323,
		-0.928284, 0.188967, -0.320281,
		0.227441, 0.969902, -0.086957,
		41.945889, 44.165596, 50.503796>
	pigment { color rgbt <0,1,1,0> }
	no_shadow
}
cylinder {
	<41.365318, 43.722221, 50.002071>,  <41.786678, 43.486664, 50.564667>, 0.130000
	pigment { color rgbt <1,0,0,0> }
	no_shadow
}

// nucleotide -1

// particle -1
sphere {
	<41.365318, 43.722221, 50.002071> 0.250000
	pigment { color rgbt <1,0,0,0> }
	no_shadow
}
cylinder {
	<41.657829, 43.992702, 50.037804>,  <41.833336, 44.154991, 50.059242>, 0.100000
	pigment { color rgbt <1,0,0,0> }
	no_shadow
}
cylinder {
	<41.657829, 43.992702, 50.037804>,  <41.365318, 43.722221, 50.002071>, 0.100000
	pigment { color rgbt <1,0,0,0> }
	no_shadow
}

// particle -1
sphere {
	<41.657829, 43.992702, 50.037804> 0.100000
	pigment { color rgbt <1,0,0,0> }
	no_shadow
}
sphere {
	0, 1
	scale<0.080000,0.200000,0.300000>
	matrix <0.079888, 0.045160, -0.995780,
		-0.677383, 0.735331, -0.020996,
		0.731279, 0.676202, 0.089334,
		41.877213, 44.195564, 50.064606>
	pigment { color rgbt <0,1,1,0> }
	no_shadow
}
cylinder {
	<41.157944, 44.184166, 49.428806>,  <41.365318, 43.722221, 50.002071>, 0.130000
	pigment { color rgbt <1,0,0,0> }
	no_shadow
}

// nucleotide -1

// particle -1
sphere {
	<41.157944, 44.184166, 49.428806> 0.250000
	pigment { color rgbt <1,0,0,0> }
	no_shadow
}
cylinder {
	<41.531792, 44.276524, 49.537010>,  <41.756100, 44.331940, 49.601933>, 0.100000
	pigment { color rgbt <1,0,0,0> }
	no_shadow
}
cylinder {
	<41.531792, 44.276524, 49.537010>,  <41.157944, 44.184166, 49.428806>, 0.100000
	pigment { color rgbt <1,0,0,0> }
	no_shadow
}

// particle -1
sphere {
	<41.531792, 44.276524, 49.537010> 0.100000
	pigment { color rgbt <1,0,0,0> }
	no_shadow
}
sphere {
	0, 1
	scale<0.080000,0.200000,0.300000>
	matrix <0.187758, 0.325646, -0.926662,
		-0.302052, 0.916866, 0.261002,
		0.934618, 0.230895, 0.270511,
		41.812176, 44.345791, 49.618164>
	pigment { color rgbt <0,1,1,0> }
	no_shadow
}
cylinder {
	<41.239998, 44.823551, 49.197723>,  <41.157944, 44.184166, 49.428806>, 0.130000
	pigment { color rgbt <1,0,0,0> }
	no_shadow
}

// nucleotide -1

// particle -1
sphere {
	<41.239998, 44.823551, 49.197723> 0.250000
	pigment { color rgbt <1,0,0,0> }
	no_shadow
}
cylinder {
	<41.606621, 44.668163, 49.235687>,  <41.826595, 44.574932, 49.258465>, 0.100000
	pigment { color rgbt <1,0,0,0> }
	no_shadow
}
cylinder {
	<41.606621, 44.668163, 49.235687>,  <41.239998, 44.823551, 49.197723>, 0.100000
	pigment { color rgbt <1,0,0,0> }
	no_shadow
}

// particle -1
sphere {
	<41.606621, 44.668163, 49.235687> 0.100000
	pigment { color rgbt <1,0,0,0> }
	no_shadow
}
sphere {
	0, 1
	scale<0.080000,0.200000,0.300000>
	matrix <0.232740, 0.325192, -0.916560,
		0.325192, 0.862172, 0.388471,
		0.916560, -0.388471, 0.094912,
		41.881588, 44.551620, 49.264160>
	pigment { color rgbt <0,1,1,0> }
	no_shadow
}
cylinder {
	<41.679043, 45.348858, 48.860283>,  <41.239998, 44.823551, 49.197723>, 0.130000
	pigment { color rgbt <1,0,0,0> }
	no_shadow
}

// nucleotide -1

// particle -1
sphere {
	<41.679043, 45.348858, 48.860283> 0.250000
	pigment { color rgbt <1,0,0,0> }
	no_shadow
}
cylinder {
	<41.895287, 45.013706, 48.890465>,  <42.025032, 44.812614, 48.908573>, 0.100000
	pigment { color rgbt <1,0,0,0> }
	no_shadow
}
cylinder {
	<41.895287, 45.013706, 48.890465>,  <41.679043, 45.348858, 48.860283>, 0.100000
	pigment { color rgbt <1,0,0,0> }
	no_shadow
}

// particle -1
sphere {
	<41.895287, 45.013706, 48.890465> 0.100000
	pigment { color rgbt <1,0,0,0> }
	no_shadow
}
sphere {
	0, 1
	scale<0.080000,0.200000,0.300000>
	matrix <0.345509, 0.139355, -0.928011,
		0.767047, 0.527765, 0.364833,
		0.540613, -0.837881, 0.075456,
		42.057472, 44.762341, 48.913101>
	pigment { color rgbt <0,1,1,0> }
	no_shadow
}
cylinder {
	<42.423206, 45.495110, 48.730274>,  <41.679043, 45.348858, 48.860283>, 0.130000
	pigment { color rgbt <1,0,0,0> }
	no_shadow
}

// nucleotide -1

// particle -1
sphere {
	<42.423206, 45.495110, 48.730274> 0.250000
	pigment { color rgbt <1,0,0,0> }
	no_shadow
}
cylinder {
	<42.404243, 45.102612, 48.655533>,  <42.392868, 44.867111, 48.610687>, 0.100000
	pigment { color rgbt <1,0,0,0> }
	no_shadow
}
cylinder {
	<42.404243, 45.102612, 48.655533>,  <42.423206, 45.495110, 48.730274>, 0.100000
	pigment { color rgbt <1,0,0,0> }
	no_shadow
}

// particle -1
sphere {
	<42.404243, 45.102612, 48.655533> 0.100000
	pigment { color rgbt <1,0,0,0> }
	no_shadow
}
sphere {
	0, 1
	scale<0.080000,0.200000,0.300000>
	matrix <0.589258, 0.123575, -0.798439,
		0.806553, -0.147954, 0.572348,
		-0.047404, -0.981244, -0.186852,
		42.390022, 44.808239, 48.599476>
	pigment { color rgbt <0,1,1,0> }
	no_shadow
}
cylinder {
	<43.074844, 45.318344, 48.505177>,  <42.423206, 45.495110, 48.730274>, 0.130000
	pigment { color rgbt <1,0,0,0> }
	no_shadow
}

// nucleotide -1

// particle -1
sphere {
	<43.074844, 45.318344, 48.505177> 0.250000
	pigment { color rgbt <1,0,0,0> }
	no_shadow
}
cylinder {
	<42.827438, 45.039783, 48.359592>,  <42.678993, 44.872646, 48.272243>, 0.100000
	pigment { color rgbt <1,0,0,0> }
	no_shadow
}
cylinder {
	<42.827438, 45.039783, 48.359592>,  <43.074844, 45.318344, 48.505177>, 0.100000
	pigment { color rgbt <1,0,0,0> }
	no_shadow
}

// particle -1
sphere {
	<42.827438, 45.039783, 48.359592> 0.100000
	pigment { color rgbt <1,0,0,0> }
	no_shadow
}
sphere {
	0, 1
	scale<0.080000,0.200000,0.300000>
	matrix <0.474883, 0.037744, -0.879240,
		0.626040, -0.716660, 0.307364,
		-0.618514, -0.696401, -0.363958,
		42.641884, 44.830864, 48.250404>
	pigment { color rgbt <0,1,1,0> }
	no_shadow
}
cylinder {
	<43.540207, 44.779087, 48.139721>,  <43.074844, 45.318344, 48.505177>, 0.130000
	pigment { color rgbt <1,0,0,0> }
	no_shadow
}

// nucleotide -1

// particle -1
sphere {
	<43.540207, 44.779087, 48.139721> 0.250000
	pigment { color rgbt <1,0,0,0> }
	no_shadow
}
cylinder {
	<43.161560, 44.770416, 48.011070>,  <42.934372, 44.765213, 47.933880>, 0.100000
	pigment { color rgbt <1,0,0,0> }
	no_shadow
}
cylinder {
	<43.161560, 44.770416, 48.011070>,  <43.540207, 44.779087, 48.139721>, 0.100000
	pigment { color rgbt <1,0,0,0> }
	no_shadow
}

// particle -1
sphere {
	<43.161560, 44.770416, 48.011070> 0.100000
	pigment { color rgbt <1,0,0,0> }
	no_shadow
}
sphere {
	0, 1
	scale<0.080000,0.200000,0.300000>
	matrix <0.322114, -0.102011, -0.941189,
		-0.012409, -0.994547, 0.103547,
		-0.946620, -0.021675, -0.321623,
		42.877575, 44.763916, 47.914585>
	pigment { color rgbt <0,1,1,0> }
	no_shadow
}
cylinder {
	<43.636581, 44.438408, 47.574875>,  <43.540207, 44.779087, 48.139721>, 0.130000
	pigment { color rgbt <1,0,0,0> }
	no_shadow
}

// nucleotide -1

// particle -1
sphere {
	<43.636581, 44.438408, 47.574875> 0.250000
	pigment { color rgbt <1,0,0,0> }
	no_shadow
}
cylinder {
	<43.251778, 44.534897, 47.523720>,  <43.020897, 44.592789, 47.493027>, 0.100000
	pigment { color rgbt <1,0,0,0> }
	no_shadow
}
cylinder {
	<43.251778, 44.534897, 47.523720>,  <43.636581, 44.438408, 47.574875>, 0.100000
	pigment { color rgbt <1,0,0,0> }
	no_shadow
}

// particle -1
sphere {
	<43.251778, 44.534897, 47.523720> 0.100000
	pigment { color rgbt <1,0,0,0> }
	no_shadow
}
sphere {
	0, 1
	scale<0.080000,0.200000,0.300000>
	matrix <0.084298, -0.183109, -0.979472,
		-0.259690, -0.953038, 0.155817,
		-0.962006, 0.241224, -0.127891,
		42.963177, 44.607265, 47.485352>
	pigment { color rgbt <0,1,1,0> }
	no_shadow
}
cylinder {
	<43.312984, 43.918880, 47.190857>,  <43.636581, 44.438408, 47.574875>, 0.130000
	pigment { color rgbt <1,0,0,0> }
	no_shadow
}

// nucleotide -1

// particle -1
sphere {
	<43.312984, 43.918880, 47.190857> 0.250000
	pigment { color rgbt <1,0,0,0> }
	no_shadow
}
cylinder {
	<43.101524, 44.253952, 47.135994>,  <42.974648, 44.454994, 47.103077>, 0.100000
	pigment { color rgbt <1,0,0,0> }
	no_shadow
}
cylinder {
	<43.101524, 44.253952, 47.135994>,  <43.312984, 43.918880, 47.190857>, 0.100000
	pigment { color rgbt <1,0,0,0> }
	no_shadow
}

// particle -1
sphere {
	<43.101524, 44.253952, 47.135994> 0.100000
	pigment { color rgbt <1,0,0,0> }
	no_shadow
}
sphere {
	0, 1
	scale<0.080000,0.200000,0.300000>
	matrix <-0.006355, -0.165480, -0.986193,
		-0.848814, -0.520483, 0.092805,
		-0.528654, 0.837684, -0.137154,
		42.942928, 44.505257, 47.094849>
	pigment { color rgbt <0,1,1,0> }
	no_shadow
}
cylinder {
	<42.742844, 43.843987, 46.674740>,  <43.312984, 43.918880, 47.190857>, 0.130000
	pigment { color rgbt <1,0,0,0> }
	no_shadow
}

// nucleotide -1

// particle -1
sphere {
	<42.742844, 43.843987, 46.674740> 0.250000
	pigment { color rgbt <1,0,0,0> }
	no_shadow
}
cylinder {
	<42.804153, 44.238964, 46.690041>,  <42.840939, 44.475952, 46.699223>, 0.100000
	pigment { color rgbt <1,0,0,0> }
	no_shadow
}
cylinder {
	<42.804153, 44.238964, 46.690041>,  <42.742844, 43.843987, 46.674740>, 0.100000
	pigment { color rgbt <1,0,0,0> }
	no_shadow
}

// particle -1
sphere {
	<42.804153, 44.238964, 46.690041> 0.100000
	pigment { color rgbt <1,0,0,0> }
	no_shadow
}
sphere {
	0, 1
	scale<0.080000,0.200000,0.300000>
	matrix <-0.187319, 0.067039, -0.980009,
		-0.970267, 0.143045, 0.195243,
		0.153275, 0.987443, 0.038251,
		42.850136, 44.535198, 46.701515>
	pigment { color rgbt <0,1,1,0> }
	no_shadow
}
cylinder {
	<42.374580, 44.051086, 46.051388>,  <42.742844, 43.843987, 46.674740>, 0.130000
	pigment { color rgbt <1,0,0,0> }
	no_shadow
}

// nucleotide -1

// particle -1
sphere {
	<42.374580, 44.051086, 46.051388> 0.250000
	pigment { color rgbt <1,0,0,0> }
	no_shadow
}
cylinder {
	<42.618523, 44.356819, 46.135170>,  <42.764889, 44.540260, 46.185440>, 0.100000
	pigment { color rgbt <1,0,0,0> }
	no_shadow
}
cylinder {
	<42.618523, 44.356819, 46.135170>,  <42.374580, 44.051086, 46.051388>, 0.100000
	pigment { color rgbt <1,0,0,0> }
	no_shadow
}

// particle -1
sphere {
	<42.618523, 44.356819, 46.135170> 0.100000
	pigment { color rgbt <1,0,0,0> }
	no_shadow
}
sphere {
	0, 1
	scale<0.080000,0.200000,0.300000>
	matrix <0.022009, 0.247853, -0.968548,
		-0.792207, 0.595284, 0.134332,
		0.609855, 0.764334, 0.209453,
		42.801479, 44.586121, 46.198006>
	pigment { color rgbt <0,1,1,0> }
	no_shadow
}
cylinder {
	<42.061920, 44.512337, 45.775810>,  <42.374580, 44.051086, 46.051388>, 0.130000
	pigment { color rgbt <1,0,0,0> }
	no_shadow
}

// nucleotide -1

// particle -1
sphere {
	<42.061920, 44.512337, 45.775810> 0.250000
	pigment { color rgbt <1,0,0,0> }
	no_shadow
}
cylinder {
	<42.436920, 44.650028, 45.796196>,  <42.661922, 44.732643, 45.808430>, 0.100000
	pigment { color rgbt <1,0,0,0> }
	no_shadow
}
cylinder {
	<42.436920, 44.650028, 45.796196>,  <42.061920, 44.512337, 45.775810>, 0.100000
	pigment { color rgbt <1,0,0,0> }
	no_shadow
}

// particle -1
sphere {
	<42.436920, 44.650028, 45.796196> 0.100000
	pigment { color rgbt <1,0,0,0> }
	no_shadow
}
sphere {
	0, 1
	scale<0.080000,0.200000,0.300000>
	matrix <-0.034156, 0.236785, -0.970962,
		-0.346297, 0.908539, 0.233744,
		0.937503, 0.344224, 0.050966,
		42.718170, 44.753296, 45.811485>
	pigment { color rgbt <0,1,1,0> }
	no_shadow
}
cylinder {
	<41.976883, 45.161980, 45.450405>,  <42.061920, 44.512337, 45.775810>, 0.130000
	pigment { color rgbt <1,0,0,0> }
	no_shadow
}

// nucleotide -1

// particle -1
sphere {
	<41.976883, 45.161980, 45.450405> 0.250000
	pigment { color rgbt <1,0,0,0> }
	no_shadow
}
cylinder {
	<42.370811, 45.093311, 45.460724>,  <42.607166, 45.052113, 45.466915>, 0.100000
	pigment { color rgbt <1,0,0,0> }
	no_shadow
}
cylinder {
	<42.370811, 45.093311, 45.460724>,  <41.976883, 45.161980, 45.450405>, 0.100000
	pigment { color rgbt <1,0,0,0> }
	no_shadow
}

// particle -1
sphere {
	<42.370811, 45.093311, 45.460724> 0.100000
	pigment { color rgbt <1,0,0,0> }
	no_shadow
}
sphere {
	0, 1
	scale<0.080000,0.200000,0.300000>
	matrix <0.050264, 0.139732, -0.988913,
		0.166158, 0.975195, 0.146239,
		0.984817, -0.171667, 0.025800,
		42.666256, 45.041813, 45.468464>
	pigment { color rgbt <0,1,1,0> }
	no_shadow
}
cylinder {
	<42.202679, 45.628391, 44.980991>,  <41.976883, 45.161980, 45.450405>, 0.130000
	pigment { color rgbt <1,0,0,0> }
	no_shadow
}

// nucleotide -1

// particle -1
sphere {
	<42.202679, 45.628391, 44.980991> 0.250000
	pigment { color rgbt <1,0,0,0> }
	no_shadow
}
cylinder {
	<42.520912, 45.390354, 45.026428>,  <42.711853, 45.247532, 45.053692>, 0.100000
	pigment { color rgbt <1,0,0,0> }
	no_shadow
}
cylinder {
	<42.520912, 45.390354, 45.026428>,  <42.202679, 45.628391, 44.980991>, 0.100000
	pigment { color rgbt <1,0,0,0> }
	no_shadow
}

// particle -1
sphere {
	<42.520912, 45.390354, 45.026428> 0.100000
	pigment { color rgbt <1,0,0,0> }
	no_shadow
}
sphere {
	0, 1
	scale<0.080000,0.200000,0.300000>
	matrix <0.148239, 0.009419, -0.988907,
		0.587424, 0.803600, 0.095710,
		0.795586, -0.595096, 0.113591,
		42.759586, 45.211826, 45.060505>
	pigment { color rgbt <0,1,1,0> }
	no_shadow
}
cylinder {
	<42.653721, 45.856663, 44.506104>,  <42.202679, 45.628391, 44.980991>, 0.130000
	pigment { color rgbt <1,0,0,0> }
	no_shadow
}

// nucleotide -1

// particle -1
sphere {
	<42.653721, 45.856663, 44.506104> 0.250000
	pigment { color rgbt <1,0,0,0> }
	no_shadow
}
cylinder {
	<42.768921, 45.480751, 44.579716>,  <42.838039, 45.255203, 44.623882>, 0.100000
	pigment { color rgbt <1,0,0,0> }
	no_shadow
}
cylinder {
	<42.768921, 45.480751, 44.579716>,  <42.653721, 45.856663, 44.506104>, 0.100000
	pigment { color rgbt <1,0,0,0> }
	no_shadow
}

// particle -1
sphere {
	<42.768921, 45.480751, 44.579716> 0.100000
	pigment { color rgbt <1,0,0,0> }
	no_shadow
}
sphere {
	0, 1
	scale<0.080000,0.200000,0.300000>
	matrix <0.145626, -0.146961, -0.978363,
		0.946494, 0.308566, 0.094533,
		0.287997, -0.939781, 0.184034,
		42.855320, 45.198818, 44.634926>
	pigment { color rgbt <0,1,1,0> }
	no_shadow
}
cylinder {
	<43.190613, 45.846100, 44.095055>,  <42.653721, 45.856663, 44.506104>, 0.130000
	pigment { color rgbt <1,0,0,0> }
	no_shadow
}

// nucleotide -1

// particle -1
sphere {
	<43.190613, 45.846100, 44.095055> 0.250000
	pigment { color rgbt <1,0,0,0> }
	no_shadow
}
cylinder {
	<43.039909, 45.483837, 44.172867>,  <42.949486, 45.266479, 44.219555>, 0.100000
	pigment { color rgbt <1,0,0,0> }
	no_shadow
}
cylinder {
	<43.039909, 45.483837, 44.172867>,  <43.190613, 45.846100, 44.095055>, 0.100000
	pigment { color rgbt <1,0,0,0> }
	no_shadow
}

// particle -1
sphere {
	<43.039909, 45.483837, 44.172867> 0.100000
	pigment { color rgbt <1,0,0,0> }
	no_shadow
}
sphere {
	0, 1
	scale<0.080000,0.200000,0.300000>
	matrix <-0.034758, -0.196040, -0.979980,
		0.925660, -0.375976, 0.042381,
		-0.376758, -0.905655, 0.194535,
		42.926884, 45.212139, 44.231228>
	pigment { color rgbt <0,1,1,0> }
	no_shadow
}
cylinder {
	<43.583328, 45.467033, 43.646328>,  <43.190613, 45.846100, 44.095055>, 0.130000
	pigment { color rgbt <1,0,0,0> }
	no_shadow
}

// nucleotide -1

// particle -1
sphere {
	<43.583328, 45.467033, 43.646328> 0.250000
	pigment { color rgbt <1,0,0,0> }
	no_shadow
}
cylinder {
	<43.246788, 45.267334, 43.729164>,  <43.044865, 45.147514, 43.778866>, 0.100000
	pigment { color rgbt <1,0,0,0> }
	no_shadow
}
cylinder {
	<43.246788, 45.267334, 43.729164>,  <43.583328, 45.467033, 43.646328>, 0.100000
	pigment { color rgbt <1,0,0,0> }
	no_shadow
}

// particle -1
sphere {
	<43.246788, 45.267334, 43.729164> 0.100000
	pigment { color rgbt <1,0,0,0> }
	no_shadow
}
sphere {
	0, 1
	scale<0.080000,0.200000,0.300000>
	matrix <0.000178, -0.383412, -0.923577,
		0.540492, -0.777014, 0.322673,
		-0.841349, -0.499244, 0.207093,
		42.994385, 45.117561, 43.791290>
	pigment { color rgbt <0,1,1,0> }
	no_shadow
}
cylinder {
	<43.693447, 44.828625, 43.293419>,  <43.583328, 45.467033, 43.646328>, 0.130000
	pigment { color rgbt <1,0,0,0> }
	no_shadow
}

// nucleotide -1

// particle -1
sphere {
	<43.693447, 44.828625, 43.293419> 0.250000
	pigment { color rgbt <1,0,0,0> }
	no_shadow
}
cylinder {
	<43.298820, 44.852928, 43.354080>,  <43.062046, 44.867512, 43.390476>, 0.100000
	pigment { color rgbt <1,0,0,0> }
	no_shadow
}
cylinder {
	<43.298820, 44.852928, 43.354080>,  <43.693447, 44.828625, 43.293419>, 0.100000
	pigment { color rgbt <1,0,0,0> }
	no_shadow
}

// particle -1
sphere {
	<43.298820, 44.852928, 43.354080> 0.100000
	pigment { color rgbt <1,0,0,0> }
	no_shadow
}
sphere {
	0, 1
	scale<0.080000,0.200000,0.300000>
	matrix <-0.162620, -0.276490, -0.947158,
		-0.015621, -0.959094, 0.282656,
		-0.986565, 0.060761, 0.151649,
		43.002850, 44.871155, 43.399574>
	pigment { color rgbt <0,1,1,0> }
	no_shadow
}
cylinder {
	<43.395416, 44.213676, 43.055798>,  <43.693447, 44.828625, 43.293419>, 0.130000
	pigment { color rgbt <1,0,0,0> }
	no_shadow
}

// nucleotide -1

// particle -1
sphere {
	<43.395416, 44.213676, 43.055798> 0.250000
	pigment { color rgbt <1,0,0,0> }
	no_shadow
}
cylinder {
	<43.084419, 44.463802, 43.082584>,  <42.897820, 44.613876, 43.098656>, 0.100000
	pigment { color rgbt <1,0,0,0> }
	no_shadow
}
cylinder {
	<43.084419, 44.463802, 43.082584>,  <43.395416, 44.213676, 43.055798>, 0.100000
	pigment { color rgbt <1,0,0,0> }
	no_shadow
}

// particle -1
sphere {
	<43.084419, 44.463802, 43.082584> 0.100000
	pigment { color rgbt <1,0,0,0> }
	no_shadow
}
sphere {
	0, 1
	scale<0.080000,0.200000,0.300000>
	matrix <-0.217109, -0.166948, -0.961765,
		-0.590228, -0.762305, 0.265562,
		-0.777493, 0.625316, 0.066966,
		42.851170, 44.651398, 43.102673>
	pigment { color rgbt <0,1,1,0> }
	no_shadow
}
cylinder {
	<42.940071, 43.895397, 42.645489>,  <43.395416, 44.213676, 43.055798>, 0.130000
	pigment { color rgbt <1,0,0,0> }
	no_shadow
}

// nucleotide -1

// particle -1
sphere {
	<42.940071, 43.895397, 42.645489> 0.250000
	pigment { color rgbt <1,0,0,0> }
	no_shadow
}
cylinder {
	<42.808487, 44.272224, 42.671692>,  <42.729534, 44.498322, 42.687416>, 0.100000
	pigment { color rgbt <1,0,0,0> }
	no_shadow
}
cylinder {
	<42.808487, 44.272224, 42.671692>,  <42.940071, 43.895397, 42.645489>, 0.100000
	pigment { color rgbt <1,0,0,0> }
	no_shadow
}

// particle -1
sphere {
	<42.808487, 44.272224, 42.671692> 0.100000
	pigment { color rgbt <1,0,0,0> }
	no_shadow
}
sphere {
	0, 1
	scale<0.080000,0.200000,0.300000>
	matrix <-0.217072, -0.007921, -0.976124,
		-0.919056, -0.335329, 0.207102,
		-0.328963, 0.942068, 0.065511,
		42.709797, 44.554844, 42.691345>
	pigment { color rgbt <0,1,1,0> }
	no_shadow
}
cylinder {
	<42.277306, 43.918427, 42.300758>,  <42.940071, 43.895397, 42.645489>, 0.130000
	pigment { color rgbt <1,0,0,0> }
	no_shadow
}

// nucleotide -1

// particle -1
sphere {
	<42.277306, 43.918427, 42.300758> 0.250000
	pigment { color rgbt <1,0,0,0> }
	no_shadow
}
cylinder {
	<42.407852, 44.296497, 42.296326>,  <42.486179, 44.523342, 42.293667>, 0.100000
	pigment { color rgbt <1,0,0,0> }
	no_shadow
}
cylinder {
	<42.407852, 44.296497, 42.296326>,  <42.277306, 43.918427, 42.300758>, 0.100000
	pigment { color rgbt <1,0,0,0> }
	no_shadow
}

// particle -1
sphere {
	<42.407852, 44.296497, 42.296326> 0.100000
	pigment { color rgbt <1,0,0,0> }
	no_shadow
}
sphere {
	0, 1
	scale<0.080000,0.200000,0.300000>
	matrix <-0.206213, 0.059755, -0.976681,
		-0.922477, 0.321036, 0.214410,
		0.326362, 0.945180, -0.011079,
		42.505760, 44.580051, 42.293003>
	pigment { color rgbt <0,1,1,0> }
	no_shadow
}
cylinder {
	<41.898792, 44.290752, 41.760452>,  <42.277306, 43.918427, 42.300758>, 0.130000
	pigment { color rgbt <1,0,0,0> }
	no_shadow
}

// nucleotide -1

// particle -1
sphere {
	<41.898792, 44.290752, 41.760452> 0.250000
	pigment { color rgbt <1,0,0,0> }
	no_shadow
}
cylinder {
	<42.212334, 44.530609, 41.824944>,  <42.400459, 44.674522, 41.863640>, 0.100000
	pigment { color rgbt <1,0,0,0> }
	no_shadow
}
cylinder {
	<42.212334, 44.530609, 41.824944>,  <41.898792, 44.290752, 41.760452>, 0.100000
	pigment { color rgbt <1,0,0,0> }
	no_shadow
}

// particle -1
sphere {
	<42.212334, 44.530609, 41.824944> 0.100000
	pigment { color rgbt <1,0,0,0> }
	no_shadow
}
sphere {
	0, 1
	scale<0.080000,0.200000,0.300000>
	matrix <-0.001266, 0.261191, -0.965286,
		-0.620941, 0.756442, 0.205495,
		0.783857, 0.599645, 0.161227,
		42.447491, 44.710503, 41.873310>
	pigment { color rgbt <0,1,1,0> }
	no_shadow
}
cylinder {
	<41.664970, 44.853939, 41.377666>,  <41.898792, 44.290752, 41.760452>, 0.130000
	pigment { color rgbt <1,0,0,0> }
	no_shadow
}

// nucleotide -1

// particle -1
sphere {
	<41.664970, 44.853939, 41.377666> 0.250000
	pigment { color rgbt <1,0,0,0> }
	no_shadow
}
cylinder {
	<42.053421, 44.932915, 41.431232>,  <42.286491, 44.980301, 41.463371>, 0.100000
	pigment { color rgbt <1,0,0,0> }
	no_shadow
}
cylinder {
	<42.053421, 44.932915, 41.431232>,  <41.664970, 44.853939, 41.377666>, 0.100000
	pigment { color rgbt <1,0,0,0> }
	no_shadow
}

// particle -1
sphere {
	<42.053421, 44.932915, 41.431232> 0.100000
	pigment { color rgbt <1,0,0,0> }
	no_shadow
}
sphere {
	0, 1
	scale<0.080000,0.200000,0.300000>
	matrix <0.062166, 0.332482, -0.941058,
		-0.230328, 0.922210, 0.310608,
