// switches for output
#declare DRAW_BASES = 1; // possible values are 0, 1; only relevant for DNA ribbons
#declare DRAW_BASES_TYPE = 3; // possible values are 1, 2, 3; only relevant for DNA ribbons
#declare DRAW_FOG = 0; // set to 1 to enable fog

#include "colors.inc"

#include "transforms.inc"
background { rgb <1, 1, 1>}

#default {
   normal{
       ripples 0.25
       frequency 0.20
       turbulence 0.2
       lambda 5
   }
	finish {
		phong 0.1
		phong_size 40.
	}
}

// original window dimensions: 1024x640


// camera settings

camera {
	sky <-0, 1, 0>
	up <-0, 1, 0>
	right 1.6 * <1, 0, 0>
	location <44.88, 44.88, 200.277>
	look_at <44.88, 44.88, 44.88>
	direction <0, 0, -155.397>
	angle 67.0682
}


# declare cpy_camera_pos = <44.88, 44.88, 200.277>;
# if (DRAW_FOG = 1)
fog {
	fog_type 2
	up vnormalize(cpy_camera_pos)
	color rgbt<1,1,1,0.3>
	distance 1e-5
	fog_alt 3e-3
	fog_offset 71.808
}
# end


// LIGHTS

# declare lum = 6;
global_settings {
	ambient_light rgb lum * <0.05, 0.05, 0.05>
	max_trace_level 15
}# declare cpy_direct_light_amount = 0.25;
light_source
{	1000 * <-1, -1, 1>,
	rgb lum * cpy_direct_light_amount
	parallel
}

light_source
{	1000 * <1, 1, -1>,
	rgb lum * cpy_direct_light_amount
	parallel
}

// strand 0

// nucleotide -1

// particle -1
sphere {
	<39.468937, 44.044598, 57.284290> 0.250000
	pigment { color rgbt <1,0,0,0> }
	no_shadow
}
cylinder {
	<39.823174, 44.199760, 57.386463>,  <40.035717, 44.292858, 57.447769>, 0.100000
	pigment { color rgbt <1,0,0,0> }
	no_shadow
}
cylinder {
	<39.823174, 44.199760, 57.386463>,  <39.468937, 44.044598, 57.284290>, 0.100000
	pigment { color rgbt <1,0,0,0> }
	no_shadow
}

// particle -1
sphere {
	<39.823174, 44.199760, 57.386463> 0.100000
	pigment { color rgbt <1,0,0,0> }
	no_shadow
}
sphere {
	0, 1
	scale<0.080000,0.200000,0.300000>
	matrix <0.231511, 0.108100, -0.966808,
		-0.402648, 0.915336, 0.005927,
		0.885594, 0.387911, 0.255437,
		40.088852, 44.316135, 57.463093>
	pigment { color rgbt <0,1,1,0> }
	no_shadow
}
cylinder {
	<39.558514, 44.721489, 56.875408>,  <39.468937, 44.044598, 57.284290>, 0.130000
	pigment { color rgbt <1,0,0,0> }
	no_shadow
}

// nucleotide -1

// particle -1
sphere {
	<39.558514, 44.721489, 56.875408> 0.250000
	pigment { color rgbt <1,0,0,0> }
	no_shadow
}
cylinder {
	<39.930031, 44.595581, 56.953651>,  <40.152939, 44.520035, 57.000599>, 0.100000
	pigment { color rgbt <1,0,0,0> }
	no_shadow
}
cylinder {
	<39.930031, 44.595581, 56.953651>,  <39.558514, 44.721489, 56.875408>, 0.100000
	pigment { color rgbt <1,0,0,0> }
	no_shadow
}

// particle -1
sphere {
	<39.930031, 44.595581, 56.953651> 0.100000
	pigment { color rgbt <1,0,0,0> }
	no_shadow
}
sphere {
	0, 1
	scale<0.080000,0.200000,0.300000>
	matrix <0.288710, 0.283618, -0.914444,
		0.232364, 0.905802, 0.354301,
		0.928791, -0.314774, 0.195612,
		40.208668, 44.501148, 57.012337>
	pigment { color rgbt <0,1,1,0> }
	no_shadow
}
cylinder {
	<39.984581, 45.321438, 56.787434>,  <39.558514, 44.721489, 56.875408>, 0.130000
	pigment { color rgbt <1,0,0,0> }
	no_shadow
}

// nucleotide -1

// particle -1
sphere {
	<39.984581, 45.321438, 56.787434> 0.250000
	pigment { color rgbt <1,0,0,0> }
	no_shadow
}
cylinder {
	<40.202454, 44.987293, 56.757790>,  <40.333179, 44.786808, 56.740002>, 0.100000
	pigment { color rgbt <1,0,0,0> }
	no_shadow
}
cylinder {
	<40.202454, 44.987293, 56.757790>,  <39.984581, 45.321438, 56.787434>, 0.100000
	pigment { color rgbt <1,0,0,0> }
	no_shadow
}

// particle -1
sphere {
	<40.202454, 44.987293, 56.757790> 0.100000
	pigment { color rgbt <1,0,0,0> }
	no_shadow
}
sphere {
	0, 1
	scale<0.080000,0.200000,0.300000>
	matrix <0.212108, 0.222720, -0.951528,
		0.811375, 0.502562, 0.298499,
		0.544684, -0.835360, -0.074112,
		40.365860, 44.736687, 56.735558>
	pigment { color rgbt <0,1,1,0> }
	no_shadow
}
cylinder {
	<40.452789, 45.475441, 56.304127>,  <39.984581, 45.321438, 56.787434>, 0.130000
	pigment { color rgbt <1,0,0,0> }
	no_shadow
}

// nucleotide -1

// particle -1
sphere {
	<40.452789, 45.475441, 56.304127> 0.250000
	pigment { color rgbt <1,0,0,0> }
	no_shadow
}
cylinder {
	<40.515617, 45.080711, 56.319656>,  <40.553314, 44.843872, 56.328976>, 0.100000
	pigment { color rgbt <1,0,0,0> }
	no_shadow
}
cylinder {
	<40.515617, 45.080711, 56.319656>,  <40.452789, 45.475441, 56.304127>, 0.100000
	pigment { color rgbt <1,0,0,0> }
	no_shadow
}

// particle -1
sphere {
	<40.515617, 45.080711, 56.319656> 0.100000
	pigment { color rgbt <1,0,0,0> }
	no_shadow
}
sphere {
	0, 1
	scale<0.080000,0.200000,0.300000>
	matrix <0.374487, 0.023137, -0.926944,
		0.913831, 0.160138, 0.373187,
		0.157073, -0.986823, 0.038826,
		40.562740, 44.784664, 56.331303>
	pigment { color rgbt <0,1,1,0> }
	no_shadow
}
cylinder {
	<41.205887, 45.375759, 56.022224>,  <40.452789, 45.475441, 56.304127>, 0.130000
	pigment { color rgbt <1,0,0,0> }
	no_shadow
}

// nucleotide -1

// particle -1
sphere {
	<41.205887, 45.375759, 56.022224> 0.250000
	pigment { color rgbt <1,0,0,0> }
	no_shadow
}
cylinder {
	<40.982269, 45.045197, 55.995300>,  <40.848099, 44.846859, 55.979145>, 0.100000
	pigment { color rgbt <1,0,0,0> }
	no_shadow
}
cylinder {
	<40.982269, 45.045197, 55.995300>,  <41.205887, 45.375759, 56.022224>, 0.100000
	pigment { color rgbt <1,0,0,0> }
	no_shadow
}

// particle -1
sphere {
	<40.982269, 45.045197, 55.995300> 0.100000
	pigment { color rgbt <1,0,0,0> }
	no_shadow
}
sphere {
	0, 1
	scale<0.080000,0.200000,0.300000>
	matrix <0.219842, -0.069461, -0.973059,
		0.799462, -0.558780, 0.220510,
		-0.559043, -0.826402, -0.067312,
		40.814556, 44.797276, 55.975105>
	pigment { color rgbt <0,1,1,0> }
	no_shadow
}
cylinder {
	<41.615299, 44.983376, 55.643478>,  <41.205887, 45.375759, 56.022224>, 0.130000
	pigment { color rgbt <1,0,0,0> }
	no_shadow
}

// nucleotide -1

// particle -1
sphere {
	<41.615299, 44.983376, 55.643478> 0.250000
	pigment { color rgbt <1,0,0,0> }
	no_shadow
}
cylinder {
	<41.252762, 44.820290, 55.599091>,  <41.035240, 44.722439, 55.572456>, 0.100000
	pigment { color rgbt <1,0,0,0> }
	no_shadow
}
cylinder {
	<41.252762, 44.820290, 55.599091>,  <41.615299, 44.983376, 55.643478>, 0.100000
	pigment { color rgbt <1,0,0,0> }
	no_shadow
}

// particle -1
sphere {
	<41.252762, 44.820290, 55.599091> 0.100000
	pigment { color rgbt <1,0,0,0> }
	no_shadow
}
sphere {
	0, 1
	scale<0.080000,0.200000,0.300000>
	matrix <0.149903, -0.064707, -0.986581,
		0.395066, -0.910812, 0.119765,
		-0.906340, -0.407718, -0.110970,
		40.980862, 44.697975, 55.565800>
	pigment { color rgbt <0,1,1,0> }
	no_shadow
}
cylinder {
	<41.619751, 44.410435, 55.111553>,  <41.615299, 44.983376, 55.643478>, 0.130000
	pigment { color rgbt <1,0,0,0> }
	no_shadow
}

// nucleotide -1

// particle -1
sphere {
	<41.619751, 44.410435, 55.111553> 0.250000
	pigment { color rgbt <1,0,0,0> }
	no_shadow
}
cylinder {
	<41.233589, 44.514729, 55.112274>,  <41.001892, 44.577305, 55.112705>, 0.100000
	pigment { color rgbt <1,0,0,0> }
	no_shadow
}
cylinder {
	<41.233589, 44.514729, 55.112274>,  <41.619751, 44.410435, 55.111553>, 0.100000
	pigment { color rgbt <1,0,0,0> }
	no_shadow
}

// particle -1
sphere {
	<41.233589, 44.514729, 55.112274> 0.100000
	pigment { color rgbt <1,0,0,0> }
	no_shadow
}
sphere {
	0, 1
	scale<0.080000,0.200000,0.300000>
	matrix <-0.020298, -0.068278, -0.997460,
		-0.259953, -0.962992, 0.071209,
		-0.965408, 0.260738, 0.001798,
		40.943966, 44.592949, 55.112812>
	pigment { color rgbt <0,1,1,0> }
	no_shadow
}
cylinder {
	<41.360626, 44.018005, 54.597618>,  <41.619751, 44.410435, 55.111553>, 0.130000
	pigment { color rgbt <1,0,0,0> }
	no_shadow
}

// nucleotide -1

// particle -1
sphere {
	<41.360626, 44.018005, 54.597618> 0.250000
	pigment { color rgbt <1,0,0,0> }
	no_shadow
}
cylinder {
	<41.083344, 44.304291, 54.631611>,  <40.916973, 44.476063, 54.652008>, 0.100000
	pigment { color rgbt <1,0,0,0> }
	no_shadow
}
cylinder {
	<41.083344, 44.304291, 54.631611>,  <41.360626, 44.018005, 54.597618>, 0.100000
	pigment { color rgbt <1,0,0,0> }
	no_shadow
}

// particle -1
sphere {
	<41.083344, 44.304291, 54.631611> 0.100000
	pigment { color rgbt <1,0,0,0> }
	no_shadow
}
sphere {
	0, 1
	scale<0.080000,0.200000,0.300000>
	matrix <-0.072004, 0.048548, -0.996222,
		-0.717136, -0.696704, 0.017881,
		-0.693204, 0.715714, 0.084980,
		40.875381, 44.519005, 54.657104>
	pigment { color rgbt <0,1,1,0> }
	no_shadow
}
cylinder {
	<40.840950, 43.835602, 54.165051>,  <41.360626, 44.018005, 54.597618>, 0.130000
	pigment { color rgbt <1,0,0,0> }
	no_shadow
}

// nucleotide -1

// particle -1
sphere {
	<40.840950, 43.835602, 54.165051> 0.250000
	pigment { color rgbt <1,0,0,0> }
	no_shadow
}
cylinder {
	<40.770630, 44.227882, 54.199261>,  <40.728436, 44.463253, 54.219788>, 0.100000
	pigment { color rgbt <1,0,0,0> }
	no_shadow
}
cylinder {
	<40.770630, 44.227882, 54.199261>,  <40.840950, 43.835602, 54.165051>, 0.100000
	pigment { color rgbt <1,0,0,0> }
	no_shadow
}

// particle -1
sphere {
	<40.770630, 44.227882, 54.199261> 0.100000
	pigment { color rgbt <1,0,0,0> }
	no_shadow
}
sphere {
	0, 1
	scale<0.080000,0.200000,0.300000>
	matrix <-0.042176, 0.079291, -0.995959,
		-0.983522, -0.178698, 0.027422,
		-0.175802, 0.980704, 0.085521,
		40.717888, 44.522095, 54.224918>
	pigment { color rgbt <0,1,1,0> }
	no_shadow
}
cylinder {
	<40.454586, 43.832233, 53.558231>,  <40.840950, 43.835602, 54.165051>, 0.130000
	pigment { color rgbt <1,0,0,0> }
	no_shadow
}

// nucleotide -1

// particle -1
sphere {
	<40.454586, 43.832233, 53.558231> 0.250000
	pigment { color rgbt <1,0,0,0> }
	no_shadow
}
cylinder {
	<40.483551, 44.211643, 53.681557>,  <40.500931, 44.439289, 53.755550>, 0.100000
	pigment { color rgbt <1,0,0,0> }
	no_shadow
}
cylinder {
	<40.483551, 44.211643, 53.681557>,  <40.454586, 43.832233, 53.558231>, 0.100000
	pigment { color rgbt <1,0,0,0> }
	no_shadow
}

// particle -1
sphere {
	<40.483551, 44.211643, 53.681557> 0.100000
	pigment { color rgbt <1,0,0,0> }
	no_shadow
}
sphere {
	0, 1
	scale<0.080000,0.200000,0.300000>
	matrix <-0.007727, 0.309649, -0.950819,
		-0.997345, 0.066470, 0.029752,
		0.072413, 0.948525, 0.308314,
		40.505276, 44.496201, 53.774052>
	pigment { color rgbt <0,1,1,0> }
	no_shadow
}
cylinder {
	<39.968246, 44.203007, 53.189671>,  <40.454586, 43.832233, 53.558231>, 0.130000
	pigment { color rgbt <1,0,0,0> }
	no_shadow
}

// nucleotide -1

// particle -1
sphere {
	<39.968246, 44.203007, 53.189671> 0.250000
	pigment { color rgbt <1,0,0,0> }
	no_shadow
}
cylinder {
	<40.239120, 44.475864, 53.300018>,  <40.401646, 44.639580, 53.366226>, 0.100000
	pigment { color rgbt <1,0,0,0> }
	no_shadow
}
cylinder {
	<40.239120, 44.475864, 53.300018>,  <39.968246, 44.203007, 53.189671>, 0.100000
	pigment { color rgbt <1,0,0,0> }
	no_shadow
}

// particle -1
sphere {
	<40.239120, 44.475864, 53.300018> 0.100000
	pigment { color rgbt <1,0,0,0> }
	no_shadow
}
sphere {
	0, 1
	scale<0.080000,0.200000,0.300000>
	matrix <0.178863, 0.211064, -0.960968,
		-0.713744, 0.700094, 0.020919,
		0.677183, 0.682144, 0.275867,
		40.442276, 44.680508, 53.382778>
	pigment { color rgbt <0,1,1,0> }
	no_shadow
}
cylinder {
	<39.774719, 44.819775, 52.888481>,  <39.968246, 44.203007, 53.189671>, 0.130000
	pigment { color rgbt <1,0,0,0> }
	no_shadow
}

// nucleotide -1

// particle -1
sphere {
	<39.774719, 44.819775, 52.888481> 0.250000
	pigment { color rgbt <1,0,0,0> }
	no_shadow
}
cylinder {
	<40.163399, 44.871746, 52.967396>,  <40.396606, 44.902927, 53.014744>, 0.100000
	pigment { color rgbt <1,0,0,0> }
	no_shadow
}
cylinder {
	<40.163399, 44.871746, 52.967396>,  <39.774719, 44.819775, 52.888481>, 0.100000
	pigment { color rgbt <1,0,0,0> }
	no_shadow
}

// particle -1
sphere {
	<40.163399, 44.871746, 52.967396> 0.100000
	pigment { color rgbt <1,0,0,0> }
	no_shadow
}
sphere {
	0, 1
	scale<0.080000,0.200000,0.300000>
	matrix <0.160338, 0.250562, -0.954731,
		-0.173475, 0.959343, 0.222639,
		0.971699, 0.129925, 0.197286,
		40.454906, 44.910725, 53.026581>
	pigment { color rgbt <0,1,1,0> }
	no_shadow
}
cylinder {
	<39.945259, 45.417126, 52.489918>,  <39.774719, 44.819775, 52.888481>, 0.130000
	pigment { color rgbt <1,0,0,0> }
	no_shadow
}

// nucleotide -1

// particle -1
sphere {
	<39.945259, 45.417126, 52.489918> 0.250000
	pigment { color rgbt <1,0,0,0> }
	no_shadow
}
cylinder {
	<40.297363, 45.241772, 52.562538>,  <40.508625, 45.136559, 52.606110>, 0.100000
	pigment { color rgbt <1,0,0,0> }
	no_shadow
}
cylinder {
	<40.297363, 45.241772, 52.562538>,  <39.945259, 45.417126, 52.489918>, 0.100000
	pigment { color rgbt <1,0,0,0> }
	no_shadow
}

// particle -1
sphere {
	<40.297363, 45.241772, 52.562538> 0.100000
	pigment { color rgbt <1,0,0,0> }
	no_shadow
}
sphere {
	0, 1
	scale<0.080000,0.200000,0.300000>
	matrix <0.257750, 0.120533, -0.958664,
		0.398382, 0.890668, 0.219094,
		0.880260, -0.438386, 0.181551,
		40.561440, 45.110256, 52.617004>
	pigment { color rgbt <0,1,1,0> }
	no_shadow
}
cylinder {
	<40.540321, 45.759022, 52.159649>,  <39.945259, 45.417126, 52.489918>, 0.130000
	pigment { color rgbt <1,0,0,0> }
	no_shadow
}

// nucleotide -1

// particle -1
sphere {
	<40.540321, 45.759022, 52.159649> 0.250000
	pigment { color rgbt <1,0,0,0> }
	no_shadow
}
cylinder {
	<40.711754, 45.401611, 52.213203>,  <40.814613, 45.187164, 52.245335>, 0.100000
	pigment { color rgbt <1,0,0,0> }
	no_shadow
}
cylinder {
	<40.711754, 45.401611, 52.213203>,  <40.540321, 45.759022, 52.159649>, 0.100000
	pigment { color rgbt <1,0,0,0> }
	no_shadow
}

// particle -1
sphere {
	<40.711754, 45.401611, 52.213203> 0.100000
	pigment { color rgbt <1,0,0,0> }
	no_shadow
}
sphere {
	0, 1
	scale<0.080000,0.200000,0.300000>
	matrix <0.223402, -0.038783, -0.973955,
		0.875450, 0.447326, 0.182995,
		0.428578, -0.893530, 0.133886,
		40.840328, 45.133553, 52.253368>
	pigment { color rgbt <0,1,1,0> }
	no_shadow
}
cylinder {
	<41.258556, 45.772545, 51.889526>,  <40.540321, 45.759022, 52.159649>, 0.130000
	pigment { color rgbt <1,0,0,0> }
	no_shadow
}

// nucleotide -1

// particle -1
sphere {
	<41.258556, 45.772545, 51.889526> 0.250000
	pigment { color rgbt <1,0,0,0> }
	no_shadow
}
cylinder {
	<41.180672, 45.380650, 51.870735>,  <41.133942, 45.145512, 51.859459>, 0.100000
	pigment { color rgbt <1,0,0,0> }
	no_shadow
}
cylinder {
	<41.180672, 45.380650, 51.870735>,  <41.258556, 45.772545, 51.889526>, 0.100000
	pigment { color rgbt <1,0,0,0> }
	no_shadow
}

// particle -1
sphere {
	<41.180672, 45.380650, 51.870735> 0.100000
	pigment { color rgbt <1,0,0,0> }
	no_shadow
}
sphere {
	0, 1
	scale<0.080000,0.200000,0.300000>
	matrix <0.422258, -0.040495, -0.905571,
		0.885317, -0.196163, 0.421585,
		-0.194712, -0.979735, -0.046981,
		41.122257, 45.086731, 51.856640>
	pigment { color rgbt <0,1,1,0> }
	no_shadow
}
cylinder {
	<41.810459, 45.514290, 51.605659>,  <41.258556, 45.772545, 51.889526>, 0.130000
	pigment { color rgbt <1,0,0,0> }
	no_shadow
}

// nucleotide -1

// particle -1
sphere {
	<41.810459, 45.514290, 51.605659> 0.250000
	pigment { color rgbt <1,0,0,0> }
	no_shadow
}
cylinder {
	<41.568359, 45.198978, 51.561333>,  <41.423100, 45.009792, 51.534737>, 0.100000
	pigment { color rgbt <1,0,0,0> }
	no_shadow
}
cylinder {
	<41.568359, 45.198978, 51.561333>,  <41.810459, 45.514290, 51.605659>, 0.100000
	pigment { color rgbt <1,0,0,0> }
	no_shadow
}

// particle -1
sphere {
	<41.568359, 45.198978, 51.561333> 0.100000
	pigment { color rgbt <1,0,0,0> }
	no_shadow
}
sphere {
	0, 1
	scale<0.080000,0.200000,0.300000>
	matrix <0.375892, -0.160302, -0.912693,
		0.701695, -0.594065, 0.393332,
		-0.605251, -0.788283, -0.110821,
		41.386784, 44.962494, 51.528088>
	pigment { color rgbt <0,1,1,0> }
	no_shadow
}
cylinder {
	<42.255074, 44.980267, 51.308178>,  <41.810459, 45.514290, 51.605659>, 0.130000
	pigment { color rgbt <1,0,0,0> }
	no_shadow
}

// nucleotide -1

// particle -1
sphere {
	<42.255074, 44.980267, 51.308178> 0.250000
	pigment { color rgbt <1,0,0,0> }
	no_shadow
}
cylinder {
	<41.888741, 44.885326, 51.178619>,  <41.668938, 44.828362, 51.100883>, 0.100000
	pigment { color rgbt <1,0,0,0> }
	no_shadow
}
cylinder {
	<41.888741, 44.885326, 51.178619>,  <42.255074, 44.980267, 51.308178>, 0.100000
	pigment { color rgbt <1,0,0,0> }
	no_shadow
}

// particle -1
sphere {
	<41.888741, 44.885326, 51.178619> 0.100000
	pigment { color rgbt <1,0,0,0> }
	no_shadow
}
sphere {
	0, 1
	scale<0.080000,0.200000,0.300000>
	matrix <0.369414, -0.181828, -0.911302,
		0.157402, -0.954256, 0.254205,
		-0.915837, -0.237347, -0.323896,
		41.613991, 44.814121, 51.081451>
	pigment { color rgbt <0,1,1,0> }
	no_shadow
}
cylinder {
	<42.284733, 44.301807, 50.964909>,  <42.255074, 44.980267, 51.308178>, 0.130000
	pigment { color rgbt <1,0,0,0> }
	no_shadow
}

// nucleotide -1

// particle -1
sphere {
	<42.284733, 44.301807, 50.964909> 0.250000
	pigment { color rgbt <1,0,0,0> }
	no_shadow
}
cylinder {
	<41.963837, 44.488781, 50.816360>,  <41.771297, 44.600964, 50.727234>, 0.100000
	pigment { color rgbt <1,0,0,0> }
	no_shadow
}
cylinder {
	<41.963837, 44.488781, 50.816360>,  <42.284733, 44.301807, 50.964909>, 0.100000
	pigment { color rgbt <1,0,0,0> }
	no_shadow
}

// particle -1
sphere {
	<41.963837, 44.488781, 50.816360> 0.100000
	pigment { color rgbt <1,0,0,0> }
	no_shadow
}
sphere {
	0, 1
	scale<0.080000,0.200000,0.300000>
	matrix <0.302543, -0.217943, -0.927884,
		-0.514661, -0.856742, 0.033425,
		-0.802242, 0.467433, -0.371368,
		41.723164, 44.629009, 50.704948>
	pigment { color rgbt <0,1,1,0> }
	no_shadow
}
cylinder {
	<41.972237, 43.877659, 50.405365>,  <42.284733, 44.301807, 50.964909>, 0.130000
	pigment { color rgbt <1,0,0,0> }
	no_shadow
}

// nucleotide -1

// particle -1
sphere {
	<41.972237, 43.877659, 50.405365> 0.250000
	pigment { color rgbt <1,0,0,0> }
	no_shadow
}
cylinder {
	<41.803047, 44.231308, 50.325958>,  <41.701534, 44.443497, 50.278313>, 0.100000
	pigment { color rgbt <1,0,0,0> }
	no_shadow
}
cylinder {
	<41.803047, 44.231308, 50.325958>,  <41.972237, 43.877659, 50.405365>, 0.100000
	pigment { color rgbt <1,0,0,0> }
	no_shadow
}

// particle -1
sphere {
	<41.803047, 44.231308, 50.325958> 0.100000
	pigment { color rgbt <1,0,0,0> }
	no_shadow
}
sphere {
	0, 1
	scale<0.080000,0.200000,0.300000>
	matrix <0.131914, -0.156670, -0.978802,
		-0.896488, -0.440198, -0.050361,
		-0.422976, 0.884127, -0.198521,
		41.676155, 44.496548, 50.266403>
	pigment { color rgbt <0,1,1,0> }
	no_shadow
}
cylinder {
	<41.450966, 43.751377, 49.811611>,  <41.972237, 43.877659, 50.405365>, 0.130000
	pigment { color rgbt <1,0,0,0> }
	no_shadow
}

// nucleotide -1

// particle -1
sphere {
	<41.450966, 43.751377, 49.811611> 0.250000
	pigment { color rgbt <1,0,0,0> }
	no_shadow
}
cylinder {
	<41.507607, 44.147179, 49.800045>,  <41.541592, 44.384659, 49.793106>, 0.100000
	pigment { color rgbt <1,0,0,0> }
	no_shadow
}
cylinder {
	<41.507607, 44.147179, 49.800045>,  <41.450966, 43.751377, 49.811611>, 0.100000
	pigment { color rgbt <1,0,0,0> }
	no_shadow
}

// particle -1
sphere {
	<41.507607, 44.147179, 49.800045> 0.100000
	pigment { color rgbt <1,0,0,0> }
	no_shadow
}
sphere {
	0, 1
	scale<0.080000,0.200000,0.300000>
	matrix <0.127745, -0.047231, -0.990682,
		-0.981647, 0.136584, -0.133092,
		0.141598, 0.989502, -0.028916,
		41.550087, 44.444031, 49.791370>
	pigment { color rgbt <0,1,1,0> }
	no_shadow
}
cylinder {
	<41.219845, 43.984024, 49.141449>,  <41.450966, 43.751377, 49.811611>, 0.130000
	pigment { color rgbt <1,0,0,0> }
	no_shadow
}

// nucleotide -1

// particle -1
sphere {
	<41.219845, 43.984024, 49.141449> 0.250000
	pigment { color rgbt <1,0,0,0> }
	no_shadow
}
cylinder {
	<41.406731, 44.311020, 49.276161>,  <41.518860, 44.507217, 49.356987>, 0.100000
	pigment { color rgbt <1,0,0,0> }
	no_shadow
}
cylinder {
	<41.406731, 44.311020, 49.276161>,  <41.219845, 43.984024, 49.141449>, 0.100000
	pigment { color rgbt <1,0,0,0> }
	no_shadow
}

// particle -1
sphere {
	<41.406731, 44.311020, 49.276161> 0.100000
	pigment { color rgbt <1,0,0,0> }
	no_shadow
}
sphere {
	0, 1
	scale<0.080000,0.200000,0.300000>
	matrix <0.244532, 0.246575, -0.937766,
		-0.849658, 0.520488, -0.084701,
		0.467211, 0.817492, 0.336780,
		41.546894, 44.556267, 49.377193>
	pigment { color rgbt <0,1,1,0> }
	no_shadow
}
cylinder {
	<40.812634, 44.641663, 48.898991>,  <41.219845, 43.984024, 49.141449>, 0.130000
	pigment { color rgbt <1,0,0,0> }
	no_shadow
}

// nucleotide -1

// particle -1
sphere {
	<40.812634, 44.641663, 48.898991> 0.250000
	pigment { color rgbt <1,0,0,0> }
	no_shadow
}
cylinder {
	<41.202003, 44.704994, 48.965179>,  <41.435623, 44.742992, 49.004894>, 0.100000
	pigment { color rgbt <1,0,0,0> }
	no_shadow
}
cylinder {
	<41.202003, 44.704994, 48.965179>,  <40.812634, 44.641663, 48.898991>, 0.100000
	pigment { color rgbt <1,0,0,0> }
	no_shadow
}

// particle -1
sphere {
	<41.202003, 44.704994, 48.965179> 0.100000
	pigment { color rgbt <1,0,0,0> }
	no_shadow
}
sphere {
	0, 1
	scale<0.080000,0.200000,0.300000>
	matrix <0.103383, 0.340937, -0.934384,
		-0.204358, 0.926657, 0.315506,
		0.973422, 0.158331, 0.165474,
		41.494030, 44.752495, 49.014820>
	pigment { color rgbt <0,1,1,0> }
	no_shadow
}
cylinder {
	<40.971226, 45.207493, 48.462708>,  <40.812634, 44.641663, 48.898991>, 0.130000
	pigment { color rgbt <1,0,0,0> }
	no_shadow
}

// nucleotide -1

// particle -1
sphere {
	<40.971226, 45.207493, 48.462708> 0.250000
	pigment { color rgbt <1,0,0,0> }
	no_shadow
}
cylinder {
	<41.339851, 45.077805, 48.548126>,  <41.561028, 44.999992, 48.599377>, 0.100000
	pigment { color rgbt <1,0,0,0> }
	no_shadow
}
cylinder {
	<41.339851, 45.077805, 48.548126>,  <40.971226, 45.207493, 48.462708>, 0.100000
	pigment { color rgbt <1,0,0,0> }
	no_shadow
}

// particle -1
sphere {
	<41.339851, 45.077805, 48.548126> 0.100000
	pigment { color rgbt <1,0,0,0> }
	no_shadow
}
sphere {
	0, 1
	scale<0.080000,0.200000,0.300000>
	matrix <0.294955, 0.227072, -0.928138,
		0.252433, 0.918324, 0.304892,
		0.921564, -0.324222, 0.213543,
		41.616322, 44.980537, 48.612190>
	pigment { color rgbt <0,1,1,0> }
	no_shadow
}
cylinder {
	<41.329861, 45.720528, 48.198799>,  <40.971226, 45.207493, 48.462708>, 0.130000
	pigment { color rgbt <1,0,0,0> }
	no_shadow
}

// nucleotide -1

// particle -1
sphere {
	<41.329861, 45.720528, 48.198799> 0.250000
	pigment { color rgbt <1,0,0,0> }
	no_shadow
}
cylinder {
	<41.600182, 45.428238, 48.237434>,  <41.762375, 45.252865, 48.260616>, 0.100000
	pigment { color rgbt <1,0,0,0> }
	no_shadow
}
cylinder {
	<41.600182, 45.428238, 48.237434>,  <41.329861, 45.720528, 48.198799>, 0.100000
	pigment { color rgbt <1,0,0,0> }
	no_shadow
}

// particle -1
sphere {
	<41.600182, 45.428238, 48.237434> 0.100000
	pigment { color rgbt <1,0,0,0> }
	no_shadow
}
sphere {
	0, 1
	scale<0.080000,0.200000,0.300000>
	matrix <0.230643, 0.085186, -0.969302,
		0.700064, 0.677338, 0.226106,
		0.675806, -0.730723, 0.096588,
		41.802925, 45.209023, 48.266411>
	pigment { color rgbt <0,1,1,0> }
	no_shadow
}
cylinder {
	<42.008385, 45.990314, 47.952568>,  <41.329861, 45.720528, 48.198799>, 0.130000
	pigment { color rgbt <1,0,0,0> }
	no_shadow
}

// nucleotide -1

// particle -1
sphere {
	<42.008385, 45.990314, 47.952568> 0.250000
	pigment { color rgbt <1,0,0,0> }
	no_shadow
}
cylinder {
	<42.036179, 45.591751, 47.933189>,  <42.052856, 45.352615, 47.921562>, 0.100000
	pigment { color rgbt <1,0,0,0> }
	no_shadow
}
cylinder {
	<42.036179, 45.591751, 47.933189>,  <42.008385, 45.990314, 47.952568>, 0.100000
	pigment { color rgbt <1,0,0,0> }
	no_shadow
}

// particle -1
sphere {
	<42.036179, 45.591751, 47.933189> 0.100000
	pigment { color rgbt <1,0,0,0> }
	no_shadow
}
sphere {
	0, 1
	scale<0.080000,0.200000,0.300000>
	matrix <0.284749, 0.066358, -0.956303,
		0.956081, 0.052652, 0.288336,
		0.069485, -0.996406, -0.048451,
		42.057022, 45.292828, 47.918655>
	pigment { color rgbt <0,1,1,0> }
	no_shadow
}
cylinder {
	<42.709332, 45.905357, 47.655075>,  <42.008385, 45.990314, 47.952568>, 0.130000
	pigment { color rgbt <1,0,0,0> }
	no_shadow
}

// nucleotide -1

// particle -1
sphere {
	<42.709332, 45.905357, 47.655075> 0.250000
	pigment { color rgbt <1,0,0,0> }
	no_shadow
}
cylinder {
	<42.492004, 45.577782, 47.581161>,  <42.361607, 45.381237, 47.536816>, 0.100000
	pigment { color rgbt <1,0,0,0> }
	no_shadow
}
cylinder {
	<42.492004, 45.577782, 47.581161>,  <42.709332, 45.905357, 47.655075>, 0.100000
	pigment { color rgbt <1,0,0,0> }
	no_shadow
}

// particle -1
sphere {
	<42.492004, 45.577782, 47.581161> 0.100000
	pigment { color rgbt <1,0,0,0> }
	no_shadow
}
sphere {
	0, 1
	scale<0.080000,0.200000,0.300000>
	matrix <0.490691, -0.131185, -0.861401,
		0.681194, -0.558686, 0.473121,
		-0.543320, -0.818938, -0.184780,
		42.329010, 45.332100, 47.525726>
	pigment { color rgbt <0,1,1,0> }
	no_shadow
}
cylinder {
	<43.202332, 45.246910, 47.518642>,  <42.709332, 45.905357, 47.655075>, 0.130000
	pigment { color rgbt <1,0,0,0> }
	no_shadow
}

// nucleotide -1

// particle -1
sphere {
	<43.202332, 45.246910, 47.518642> 0.250000
	pigment { color rgbt <1,0,0,0> }
	no_shadow
}
cylinder {
	<42.850571, 45.210495, 47.331726>,  <42.639515, 45.188644, 47.219574>, 0.100000
	pigment { color rgbt <1,0,0,0> }
	no_shadow
}
cylinder {
	<42.850571, 45.210495, 47.331726>,  <43.202332, 45.246910, 47.518642>, 0.100000
	pigment { color rgbt <1,0,0,0> }
	no_shadow
}

// particle -1
sphere {
	<42.850571, 45.210495, 47.331726> 0.100000
	pigment { color rgbt <1,0,0,0> }
	no_shadow
}
sphere {
	0, 1
	scale<0.080000,0.200000,0.300000>
	matrix <0.465871, -0.366725, -0.805281,
		-0.098057, -0.925864, 0.364910,
		-0.879402, -0.091038, -0.467293,
		42.586750, 45.183182, 47.191540>
	pigment { color rgbt <0,1,1,0> }
	no_shadow
}
cylinder {
	<43.390244, 44.712288, 46.943779>,  <43.202332, 45.246910, 47.518642>, 0.130000
	pigment { color rgbt <1,0,0,0> }
	no_shadow
}

// nucleotide -1

// particle -1
sphere {
	<43.390244, 44.712288, 46.943779> 0.250000
	pigment { color rgbt <1,0,0,0> }
	no_shadow
}
cylinder {
	<43.024033, 44.853333, 46.866341>,  <42.804306, 44.937958, 46.819878>, 0.100000
	pigment { color rgbt <1,0,0,0> }
	no_shadow
}
cylinder {
	<43.024033, 44.853333, 46.866341>,  <43.390244, 44.712288, 46.943779>, 0.100000
	pigment { color rgbt <1,0,0,0> }
	no_shadow
}

// particle -1
sphere {
	<43.024033, 44.853333, 46.866341> 0.100000
	pigment { color rgbt <1,0,0,0> }
	no_shadow
}
sphere {
	0, 1
	scale<0.080000,0.200000,0.300000>
	matrix <0.094713, -0.278790, -0.955670,
		-0.390950, -0.893277, 0.221843,
		-0.915526, 0.352608, -0.193598,
		42.749374, 44.959114, 46.808262>
	pigment { color rgbt <0,1,1,0> }
	no_shadow
}
cylinder {
	<43.187977, 44.254559, 46.407116>,  <43.390244, 44.712288, 46.943779>, 0.130000
	pigment { color rgbt <1,0,0,0> }
	no_shadow
}

// nucleotide -1

// particle -1
sphere {
	<43.187977, 44.254559, 46.407116> 0.250000
	pigment { color rgbt <1,0,0,0> }
	no_shadow
}
cylinder {
	<42.927841, 44.554935, 46.361252>,  <42.771759, 44.735161, 46.333733>, 0.100000
	pigment { color rgbt <1,0,0,0> }
	no_shadow
}
cylinder {
	<42.927841, 44.554935, 46.361252>,  <43.187977, 44.254559, 46.407116>, 0.100000
	pigment { color rgbt <1,0,0,0> }
	no_shadow
}

// particle -1
sphere {
	<42.927841, 44.554935, 46.361252> 0.100000
	pigment { color rgbt <1,0,0,0> }
	no_shadow
}
sphere {
	0, 1
	scale<0.080000,0.200000,0.300000>
	matrix <-0.083160, -0.220415, -0.971855,
		-0.755082, -0.622495, 0.205792,
		-0.650335, 0.750944, -0.114664,
		42.732742, 44.780220, 46.326851>
	pigment { color rgbt <0,1,1,0> }
	no_shadow
}
cylinder {
	<42.711208, 43.908794, 45.942940>,  <43.187977, 44.254559, 46.407116>, 0.130000
	pigment { color rgbt <1,0,0,0> }
	no_shadow
}

// nucleotide -1

// particle -1
sphere {
	<42.711208, 43.908794, 45.942940> 0.250000
	pigment { color rgbt <1,0,0,0> }
	no_shadow
}
cylinder {
	<42.647858, 44.303562, 45.930908>,  <42.609848, 44.540424, 45.923687>, 0.100000
	pigment { color rgbt <1,0,0,0> }
	no_shadow
}
cylinder {
	<42.647858, 44.303562, 45.930908>,  <42.711208, 43.908794, 45.942940>, 0.100000
	pigment { color rgbt <1,0,0,0> }
	no_shadow
}

// particle -1
sphere {
	<42.647858, 44.303562, 45.930908> 0.100000
	pigment { color rgbt <1,0,0,0> }
	no_shadow
}
sphere {
	0, 1
	scale<0.080000,0.200000,0.300000>
	matrix <-0.106143, -0.047309, -0.993225,
		-0.981657, -0.154111, 0.112247,
		-0.158377, 0.986920, -0.030083,
		42.600346, 44.599640, 45.921883>
	pigment { color rgbt <0,1,1,0> }
	no_shadow
}
cylinder {
	<42.128201, 43.985809, 45.403767>,  <42.711208, 43.908794, 45.942940>, 0.130000
	pigment { color rgbt <1,0,0,0> }
	no_shadow
}

// nucleotide -1

// particle -1
sphere {
	<42.128201, 43.985809, 45.403767> 0.250000
	pigment { color rgbt <1,0,0,0> }
	no_shadow
}
cylinder {
	<42.305786, 44.340050, 45.458344>,  <42.412338, 44.552593, 45.491089>, 0.100000
	pigment { color rgbt <1,0,0,0> }
	no_shadow
}
cylinder {
	<42.305786, 44.340050, 45.458344>,  <42.128201, 43.985809, 45.403767>, 0.100000
	pigment { color rgbt <1,0,0,0> }
	no_shadow
}

// particle -1
sphere {
	<42.305786, 44.340050, 45.458344> 0.100000
	pigment { color rgbt <1,0,0,0> }
	no_shadow
}
sphere {
	0, 1
	scale<0.080000,0.200000,0.300000>
	matrix <0.009048, 0.147835, -0.988971,
		-0.896000, 0.440299, 0.057620,
		0.443961, 0.885597, 0.136445,
		42.438976, 44.605728, 45.499275>
	pigment { color rgbt <0,1,1,0> }
	no_shadow
}
cylinder {
	<41.788544, 44.336205, 44.846413>,  <42.128201, 43.985809, 45.403767>, 0.130000
	pigment { color rgbt <1,0,0,0> }
	no_shadow
}

// nucleotide -1

// particle -1
sphere {
	<41.788544, 44.336205, 44.846413> 0.250000
	pigment { color rgbt <1,0,0,0> }
	no_shadow
}
cylinder {
	<42.069450, 44.602531, 44.947212>,  <42.237995, 44.762329, 45.007690>, 0.100000
	pigment { color rgbt <1,0,0,0> }
	no_shadow
}
cylinder {
	<42.069450, 44.602531, 44.947212>,  <41.788544, 44.336205, 44.846413>, 0.100000
	pigment { color rgbt <1,0,0,0> }
	no_shadow
}

// particle -1
sphere {
	<42.069450, 44.602531, 44.947212> 0.100000
	pigment { color rgbt <1,0,0,0> }
	no_shadow
}
sphere {
	0, 1
	scale<0.080000,0.200000,0.300000>
	matrix <0.057037, 0.300212, -0.952166,
		-0.709623, 0.683050, 0.172853,
		0.702269, 0.665820, 0.251996,
		42.280132, 44.802277, 45.022812>
	pigment { color rgbt <0,1,1,0> }
	no_shadow
}
cylinder {
	<41.616447, 45.035442, 44.628094>,  <41.788544, 44.336205, 44.846413>, 0.130000
	pigment { color rgbt <1,0,0,0> }
	no_shadow
}

// nucleotide -1

// particle -1
sphere {
	<41.616447, 45.035442, 44.628094> 0.250000
	pigment { color rgbt <1,0,0,0> }
	no_shadow
}
cylinder {
	<42.015091, 45.017231, 44.655518>,  <42.254276, 45.006302, 44.671970>, 0.100000
	pigment { color rgbt <1,0,0,0> }
	no_shadow
}
cylinder {
	<42.015091, 45.017231, 44.655518>,  <41.616447, 45.035442, 44.628094>, 0.100000
	pigment { color rgbt <1,0,0,0> }
	no_shadow
}

// particle -1
sphere {
	<42.015091, 45.017231, 44.655518> 0.100000
	pigment { color rgbt <1,0,0,0> }
	no_shadow
}
sphere {
	0, 1
	scale<0.080000,0.200000,0.300000>
	matrix <0.077407, 0.235696, -0.968739,
		0.027950, 0.970760, 0.238421,
		0.996608, -0.045532, 0.068556,
		42.314072, 45.003571, 44.676083>
	pigment { color rgbt <0,1,1,0> }
	no_shadow
}
cylinder {
	<41.841270, 45.661781, 44.263920>,  <41.616447, 45.035442, 44.628094>, 0.130000
	pigment { color rgbt <1,0,0,0> }
	no_shadow
}

// nucleotide -1

// particle -1
sphere {
	<41.841270, 45.661781, 44.263920> 0.250000
	pigment { color rgbt <1,0,0,0> }
	no_shadow
}
cylinder {
	<42.126244, 45.381084, 44.264648>,  <42.297226, 45.212666, 44.265083>, 0.100000
	pigment { color rgbt <1,0,0,0> }
	no_shadow
}
cylinder {
	<42.126244, 45.381084, 44.264648>,  <41.841270, 45.661781, 44.263920>, 0.100000
	pigment { color rgbt <1,0,0,0> }
	no_shadow
}

// particle -1
sphere {
	<42.126244, 45.381084, 44.264648> 0.100000
	pigment { color rgbt <1,0,0,0> }
	no_shadow
}
sphere {
	0, 1
	scale<0.080000,0.200000,0.300000>
	matrix <0.127261, 0.126650, -0.983750,
		0.690105, 0.701087, 0.179533,
		0.712432, -0.701739, 0.001819,
		42.339973, 45.170563, 44.265194>
	pigment { color rgbt <0,1,1,0> }
	no_shadow
}
cylinder {
	<42.260193, 45.919739, 43.891701>,  <41.841270, 45.661781, 44.263920>, 0.130000
	pigment { color rgbt <1,0,0,0> }
	no_shadow
}

// nucleotide -1

// particle -1
sphere {
	<42.260193, 45.919739, 43.891701> 0.250000
	pigment { color rgbt <1,0,0,0> }
	no_shadow
}
cylinder {
	<42.405586, 45.547138, 43.886246>,  <42.492825, 45.323578, 43.882973>, 0.100000
	pigment { color rgbt <1,0,0,0> }
	no_shadow
}
cylinder {
	<42.405586, 45.547138, 43.886246>,  <42.260193, 45.919739, 43.891701>, 0.100000
	pigment { color rgbt <1,0,0,0> }
	no_shadow
}

// particle -1
sphere {
	<42.405586, 45.547138, 43.886246> 0.100000
	pigment { color rgbt <1,0,0,0> }
	no_shadow
}
sphere {
	0, 1
	scale<0.080000,0.200000,0.300000>
	matrix <0.060834, 0.038340, -0.997411,
		0.929611, 0.361716, 0.070603,
		0.363486, -0.931500, -0.013637,
		42.514633, 45.267689, 43.882156>
	pigment { color rgbt <0,1,1,0> }
	no_shadow
}
cylinder {
	<42.739986, 45.924774, 43.365135>,  <42.260193, 45.919739, 43.891701>, 0.130000
	pigment { color rgbt <1,0,0,0> }
	no_shadow
}

// nucleotide -1

// particle -1
sphere {
	<42.739986, 45.924774, 43.365135> 0.250000
	pigment { color rgbt <1,0,0,0> }
	no_shadow
}
cylinder {
	<42.635048, 45.540421, 43.400646>,  <42.572083, 45.309811, 43.421955>, 0.100000
	pigment { color rgbt <1,0,0,0> }
	no_shadow
}
cylinder {
	<42.635048, 45.540421, 43.400646>,  <42.739986, 45.924774, 43.365135>, 0.100000
	pigment { color rgbt <1,0,0,0> }
	no_shadow
}

// particle -1
sphere {
	<42.635048, 45.540421, 43.400646> 0.100000
	pigment { color rgbt <1,0,0,0> }
	no_shadow
}
sphere {
	0, 1
	scale<0.080000,0.200000,0.300000>
	matrix <0.013826, -0.095738, -0.995311,
		0.964874, -0.259892, 0.038402,
		-0.262350, -0.960880, 0.088782,
		42.556343, 45.252155, 43.427280>
	pigment { color rgbt <0,1,1,0> }
	no_shadow
}
cylinder {
	<43.142471, 45.509590, 42.892502>,  <42.739986, 45.924774, 43.365135>, 0.130000
	pigment { color rgbt <1,0,0,0> }
	no_shadow
}

// nucleotide -1

// particle -1
sphere {
	<43.142471, 45.509590, 42.892502> 0.250000
	pigment { color rgbt <1,0,0,0> }
	no_shadow
}
cylinder {
	<42.845352, 45.250744, 42.961189>,  <42.667080, 45.095436, 43.002399>, 0.100000
	pigment { color rgbt <1,0,0,0> }
	no_shadow
}
cylinder {
	<42.845352, 45.250744, 42.961189>,  <43.142471, 45.509590, 42.892502>, 0.100000
	pigment { color rgbt <1,0,0,0> }
	no_shadow
}

// particle -1
sphere {
	<42.845352, 45.250744, 42.961189> 0.100000
	pigment { color rgbt <1,0,0,0> }
	no_shadow
}
sphere {
	0, 1
	scale<0.080000,0.200000,0.300000>
	matrix <0.064350, -0.324295, -0.943765,
		0.666413, -0.689979, 0.282529,
		-0.742800, -0.647118, 0.171714,
		42.622513, 45.056610, 43.012703>
	pigment { color rgbt <0,1,1,0> }
	no_shadow
}
cylinder {
	<43.280514, 44.756672, 42.718704>,  <43.142471, 45.509590, 42.892502>, 0.130000
	pigment { color rgbt <1,0,0,0> }
	no_shadow
}

// nucleotide -1

// particle -1
sphere {
	<43.280514, 44.756672, 42.718704> 0.250000
	pigment { color rgbt <1,0,0,0> }
	no_shadow
}
cylinder {
	<42.885193, 44.800091, 42.675842>,  <42.648003, 44.826141, 42.650124>, 0.100000
	pigment { color rgbt <1,0,0,0> }
	no_shadow
}
cylinder {
	<42.885193, 44.800091, 42.675842>,  <43.280514, 44.756672, 42.718704>, 0.100000
	pigment { color rgbt <1,0,0,0> }
	no_shadow
}

// particle -1
sphere {
	<42.885193, 44.800091, 42.675842> 0.100000
	pigment { color rgbt <1,0,0,0> }
	no_shadow
}
sphere {
	0, 1
	scale<0.080000,0.200000,0.300000>
	matrix <0.044386, -0.467467, -0.882895,
		-0.145925, -0.877321, 0.457180,
		-0.988300, 0.108544, -0.107156,
		42.588703, 44.832653, 42.643696>
	pigment { color rgbt <0,1,1,0> }
	no_shadow
}
cylinder {
	<43.250458, 44.328384, 42.171169>,  <43.280514, 44.756672, 42.718704>, 0.130000
	pigment { color rgbt <1,0,0,0> }
	no_shadow
}

// nucleotide -1

// particle -1
sphere {
	<43.250458, 44.328384, 42.171169> 0.250000
	pigment { color rgbt <1,0,0,0> }
	no_shadow
}
cylinder {
	<42.877060, 44.471016, 42.186329>,  <42.653023, 44.556595, 42.195423>, 0.100000
	pigment { color rgbt <1,0,0,0> }
	no_shadow
}
cylinder {
	<42.877060, 44.471016, 42.186329>,  <43.250458, 44.328384, 42.171169>, 0.100000
	pigment { color rgbt <1,0,0,0> }
	no_shadow
}

// particle -1
sphere {
	<42.877060, 44.471016, 42.186329> 0.100000
	pigment { color rgbt <1,0,0,0> }
	no_shadow
}
sphere {
	0, 1
	scale<0.080000,0.200000,0.300000>
	matrix <-0.106101, -0.173708, -0.979065,
		-0.342533, -0.917974, 0.199989,
		-0.933495, 0.356581, 0.037898,
		42.597012, 44.577991, 42.197697>
	pigment { color rgbt <0,1,1,0> }
	no_shadow
}
cylinder {
	<42.796684, 43.824512, 41.844845>,  <43.250458, 44.328384, 42.171169>, 0.130000
	pigment { color rgbt <1,0,0,0> }
	no_shadow
}

// nucleotide -1

// particle -1
sphere {
	<42.796684, 43.824512, 41.844845> 0.250000
	pigment { color rgbt <1,0,0,0> }
	no_shadow
}
cylinder {
	<42.629295, 44.187019, 41.820969>,  <42.528862, 44.404522, 41.806644>, 0.100000
	pigment { color rgbt <1,0,0,0> }
	no_shadow
}
cylinder {
	<42.629295, 44.187019, 41.820969>,  <42.796684, 43.824512, 41.844845>, 0.100000
	pigment { color rgbt <1,0,0,0> }
	no_shadow
}

// particle -1
sphere {
	<42.629295, 44.187019, 41.820969> 0.100000
	pigment { color rgbt <1,0,0,0> }
	no_shadow
}
sphere {
	0, 1
	scale<0.080000,0.200000,0.300000>
	matrix <-0.291282, -0.196165, -0.936309,
		-0.860254, -0.374431, 0.346068,
		-0.418470, 0.906267, -0.059687,
		42.503754, 44.458900, 41.803062>
	pigment { color rgbt <0,1,1,0> }
	no_shadow
}
cylinder {
	<42.231472, 43.684090, 41.394360>,  <42.796684, 43.824512, 41.844845>, 0.130000
	pigment { color rgbt <1,0,0,0> }
	no_shadow
}

// nucleotide -1

// particle -1
sphere {
	<42.231472, 43.684090, 41.394360> 0.250000
	pigment { color rgbt <1,0,0,0> }
	no_shadow
}
cylinder {
	<42.288383, 44.079460, 41.415379>,  <42.322533, 44.316685, 41.427990>, 0.100000
	pigment { color rgbt <1,0,0,0> }
	no_shadow
}
cylinder {
	<42.288383, 44.079460, 41.415379>,  <42.231472, 43.684090, 41.394360>, 0.100000
	pigment { color rgbt <1,0,0,0> }
	no_shadow
}

// particle -1
sphere {
	<42.288383, 44.079460, 41.415379> 0.100000
	pigment { color rgbt <1,0,0,0> }
	no_shadow
}
sphere {
	0, 1
	scale<0.080000,0.200000,0.300000>
	matrix <-0.301132, 0.093796, -0.948958,
		-0.942908, 0.119197, 0.310994,
		0.142283, 0.988431, 0.052547,
		42.331070, 44.375988, 41.431145>
	pigment { color rgbt <0,1,1,0> }
	no_shadow
}
cylinder {
	<41.707748, 43.999985, 40.950489>,  <42.231472, 43.684090, 41.394360>, 0.130000
	pigment { color rgbt <1,0,0,0> }
	no_shadow
}

// nucleotide -1

// particle -1
sphere {
	<41.707748, 43.999985, 40.950489> 0.250000
	pigment { color rgbt <1,0,0,0> }
	no_shadow
}
cylinder {
	<41.986771, 44.280907, 41.007324>,  <42.154182, 44.449459, 41.041424>, 0.100000
	pigment { color rgbt <1,0,0,0> }
	no_shadow
}
cylinder {
	<41.986771, 44.280907, 41.007324>,  <41.707748, 43.999985, 40.950489>, 0.100000
	pigment { color rgbt <1,0,0,0> }
	no_shadow
}

// particle -1
sphere {
	<41.986771, 44.280907, 41.007324> 0.100000
	pigment { color rgbt <1,0,0,0> }
	no_shadow
}
sphere {
	0, 1
	scale<0.080000,0.200000,0.300000>
	matrix <-0.020692, 0.217955, -0.975739,
		-0.716235, 0.677690, 0.166567,
		0.697553, 0.702305, 0.142084,
		42.196037, 44.491600, 41.049950>
	pigment { color rgbt <0,1,1,0> }
	no_shadow
}
cylinder {
	<41.439186, 44.553543, 40.539520>,  <41.707748, 43.999985, 40.950489>, 0.130000
	pigment { color rgbt <1,0,0,0> }
	no_shadow
}

// nucleotide -1

// particle -1
sphere {
	<41.439186, 44.553543, 40.539520> 0.250000
	pigment { color rgbt <1,0,0,0> }
	no_shadow
}
cylinder {
	<41.829918, 44.566090, 40.624207>,  <42.064358, 44.573616, 40.675018>, 0.100000
	pigment { color rgbt <1,0,0,0> }
	no_shadow
}
cylinder {
	<41.829918, 44.566090, 40.624207>,  <41.439186, 44.553543, 40.539520>, 0.100000
	pigment { color rgbt <1,0,0,0> }
	no_shadow
}

// particle -1
sphere {
	<41.829918, 44.566090, 40.624207> 0.100000
	pigment { color rgbt <1,0,0,0> }
	no_shadow
}
sphere {
	0, 1
	scale<0.080000,0.200000,0.300000>
	matrix <0.176988, 0.437844, -0.881458,
		-0.120344, 0.898504, 0.422148,
		0.976828, 0.031363, 0.211716,
