// switches for output
#declare DRAW_BASES = 1; // possible values are 0, 1; only relevant for DNA ribbons
#declare DRAW_BASES_TYPE = 3; // possible values are 1, 2, 3; only relevant for DNA ribbons
#declare DRAW_FOG = 0; // set to 1 to enable fog

#include "colors.inc"

#include "transforms.inc"
background { rgb <1, 1, 1>}

#default {
   normal{
       ripples 0.25
       frequency 0.20
       turbulence 0.2
       lambda 5
   }
	finish {
		phong 0.1
		phong_size 40.
	}
}

// original window dimensions: 1024x640


// camera settings

camera {
	sky <-0, 1, 0>
	up <-0, 1, 0>
	right 1.6 * <0.581683, 0, 0.813415>
	location <-54.4937, 30, 90.4225>
	look_at <30, 30, 30>
	direction <84.4937, 0, -60.4225>
	angle 67.0682
}


# declare cpy_camera_pos = <-54.4937, 30, 90.4225>;
# if (DRAW_FOG = 1)
fog {
	fog_type 2
	up vnormalize(cpy_camera_pos)
	color rgbt<1,1,1,0.3>
	distance 1e-5
	fog_alt 3e-3
	fog_offset 48
}
# end


// LIGHTS

# declare lum = 6;
global_settings {
	ambient_light rgb lum * <0.05, 0.05, 0.05>
	max_trace_level 15
}# declare cpy_direct_light_amount = 0.25;
light_source
{	1000 * <0.231732, -1, 1.3951>,
	rgb lum * cpy_direct_light_amount
	parallel
}

light_source
{	1000 * <-0.231732, 1, -1.3951>,
	rgb lum * cpy_direct_light_amount
	parallel
}

// strand 0

// nucleotide -1

// particle -1
sphere {
	<42.576160, 32.216156, 22.991636> 0.250000
	pigment { color rgbt <1,0,0,0> }
	no_shadow
}
cylinder {
	<42.435894, 32.581875, 22.910545>,  <42.351734, 32.801308, 22.861891>, 0.100000
	pigment { color rgbt <1,0,0,0> }
	no_shadow
}
cylinder {
	<42.435894, 32.581875, 22.910545>,  <42.576160, 32.216156, 22.991636>, 0.100000
	pigment { color rgbt <1,0,0,0> }
	no_shadow
}

// particle -1
sphere {
	<42.435894, 32.581875, 22.910545> 0.100000
	pigment { color rgbt <1,0,0,0> }
	no_shadow
}
sphere {
	0, 1
	scale<0.080000,0.200000,0.300000>
	matrix <0.843701, 0.214475, -0.492107,
		-0.406452, -0.343603, -0.846601,
		-0.350665, 0.914296, -0.202725,
		42.330696, 32.856163, 22.849728>
	pigment { color rgbt <0,1,1,0> }
	no_shadow
}
cylinder {
	<42.787827, 32.407238, 22.258808>,  <42.576160, 32.216156, 22.991636>, 0.130000
	pigment { color rgbt <1,0,0,0> }
	no_shadow
}

// nucleotide -1

// particle -1
sphere {
	<42.787827, 32.407238, 22.258808> 0.250000
	pigment { color rgbt <1,0,0,0> }
	no_shadow
}
cylinder {
	<42.711372, 32.750870, 22.448738>,  <42.665501, 32.957047, 22.562696>, 0.100000
	pigment { color rgbt <1,0,0,0> }
	no_shadow
}
cylinder {
	<42.711372, 32.750870, 22.448738>,  <42.787827, 32.407238, 22.258808>, 0.100000
	pigment { color rgbt <1,0,0,0> }
	no_shadow
}

// particle -1
sphere {
	<42.711372, 32.750870, 22.448738> 0.100000
	pigment { color rgbt <1,0,0,0> }
	no_shadow
}
sphere {
	0, 1
	scale<0.080000,0.200000,0.300000>
	matrix <0.612805, 0.482324, -0.625966,
		-0.766770, 0.171330, -0.618635,
		-0.191136, 0.859075, 0.474824,
		42.654030, 33.008591, 22.591185>
	pigment { color rgbt <0,1,1,0> }
	no_shadow
}
cylinder {
	<42.217831, 32.445282, 21.933136>,  <42.787827, 32.407238, 22.258808>, 0.130000
	pigment { color rgbt <1,0,0,0> }
	no_shadow
}

// nucleotide -1

// particle -1
sphere {
	<42.217831, 32.445282, 21.933136> 0.250000
	pigment { color rgbt <1,0,0,0> }
	no_shadow
}
cylinder {
	<42.092850, 32.814320, 21.842636>,  <42.017860, 33.035744, 21.788336>, 0.100000
	pigment { color rgbt <1,0,0,0> }
	no_shadow
}
cylinder {
	<42.092850, 32.814320, 21.842636>,  <42.217831, 32.445282, 21.933136>, 0.100000
	pigment { color rgbt <1,0,0,0> }
	no_shadow
}

// particle -1
sphere {
	<42.092850, 32.814320, 21.842636> 0.100000
	pigment { color rgbt <1,0,0,0> }
	no_shadow
}
sphere {
	0, 1
	scale<0.080000,0.200000,0.300000>
	matrix <0.773540, 0.108869, -0.624326,
		-0.551368, -0.370088, -0.747681,
		-0.312454, 0.922596, -0.226251,
		41.999115, 33.091099, 21.774761>
	pigment { color rgbt <0,1,1,0> }
	no_shadow
}
cylinder {
	<42.277050, 32.613434, 21.209351>,  <42.217831, 32.445282, 21.933136>, 0.130000
	pigment { color rgbt <1,0,0,0> }
	no_shadow
}

// nucleotide -1

// particle -1
sphere {
	<42.277050, 32.613434, 21.209351> 0.250000
	pigment { color rgbt <1,0,0,0> }
	no_shadow
}
cylinder {
	<42.321434, 32.967701, 21.389698>,  <42.348064, 33.180260, 21.497906>, 0.100000
	pigment { color rgbt <1,0,0,0> }
	no_shadow
}
cylinder {
	<42.321434, 32.967701, 21.389698>,  <42.277050, 32.613434, 21.209351>, 0.100000
	pigment { color rgbt <1,0,0,0> }
	no_shadow
}

// particle -1
sphere {
	<42.321434, 32.967701, 21.389698> 0.100000
	pigment { color rgbt <1,0,0,0> }
	no_shadow
}
sphere {
	0, 1
	scale<0.080000,0.200000,0.300000>
	matrix <0.853993, 0.147071, -0.499066,
		-0.508316, 0.440413, -0.740035,
		0.110958, 0.885667, 0.450868,
		42.354721, 33.233402, 21.524958>
	pigment { color rgbt <0,1,1,0> }
	no_shadow
}
cylinder {
	<42.791252, 33.224850, 21.193605>,  <42.277050, 32.613434, 21.209351>, 0.130000
	pigment { color rgbt <1,0,0,0> }
	no_shadow
}

// nucleotide -1

// particle -1
sphere {
	<42.791252, 33.224850, 21.193605> 0.250000
	pigment { color rgbt <1,0,0,0> }
	no_shadow
}
cylinder {
	<43.078957, 33.411419, 21.399563>,  <43.251579, 33.523361, 21.523138>, 0.100000
	pigment { color rgbt <1,0,0,0> }
	no_shadow
}
cylinder {
	<43.078957, 33.411419, 21.399563>,  <42.791252, 33.224850, 21.193605>, 0.100000
	pigment { color rgbt <1,0,0,0> }
	no_shadow
}

// particle -1
sphere {
	<43.078957, 33.411419, 21.399563> 0.100000
	pigment { color rgbt <1,0,0,0> }
	no_shadow
}
sphere {
	0, 1
	scale<0.080000,0.200000,0.300000>
	matrix <0.513201, 0.142853, -0.846296,
		-0.468285, 0.872952, -0.136619,
		0.719259, 0.466421, 0.514896,
		43.294735, 33.551346, 21.554031>
	pigment { color rgbt <0,1,1,0> }
	no_shadow
}
cylinder {
	<42.886154, 33.827076, 20.860203>,  <42.791252, 33.224850, 21.193605>, 0.130000
	pigment { color rgbt <1,0,0,0> }
	no_shadow
}

// nucleotide -1

// particle -1
sphere {
	<42.886154, 33.827076, 20.860203> 0.250000
	pigment { color rgbt <1,0,0,0> }
	no_shadow
}
cylinder {
	<43.203491, 33.685314, 21.058193>,  <43.393894, 33.600258, 21.176987>, 0.100000
	pigment { color rgbt <1,0,0,0> }
	no_shadow
}
cylinder {
	<43.203491, 33.685314, 21.058193>,  <42.886154, 33.827076, 20.860203>, 0.100000
	pigment { color rgbt <1,0,0,0> }
	no_shadow
}

// particle -1
sphere {
	<43.203491, 33.685314, 21.058193> 0.100000
	pigment { color rgbt <1,0,0,0> }
	no_shadow
}
sphere {
	0, 1
	scale<0.080000,0.200000,0.300000>
	matrix <0.565608, 0.128407, -0.814616,
		0.225144, 0.926235, 0.302324,
		0.793346, -0.354403, 0.494976,
		43.441494, 33.578995, 21.206686>
	pigment { color rgbt <0,1,1,0> }
	no_shadow
}
cylinder {
	<42.190098, 33.560780, 20.558941>,  <42.886154, 33.827076, 20.860203>, 0.130000
	pigment { color rgbt <1,0,0,0> }
	no_shadow
}

// nucleotide -1

// particle -1
sphere {
	<42.190098, 33.560780, 20.558941> 0.250000
	pigment { color rgbt <1,0,0,0> }
	no_shadow
}
cylinder {
	<41.895344, 33.817089, 20.472778>,  <41.718491, 33.970875, 20.421080>, 0.100000
	pigment { color rgbt <1,0,0,0> }
	no_shadow
}
cylinder {
	<41.895344, 33.817089, 20.472778>,  <42.190098, 33.560780, 20.558941>, 0.100000
	pigment { color rgbt <1,0,0,0> }
	no_shadow
}

// particle -1
sphere {
	<41.895344, 33.817089, 20.472778> 0.100000
	pigment { color rgbt <1,0,0,0> }
	no_shadow
}
sphere {
	0, 1
	scale<0.080000,0.200000,0.300000>
	matrix <0.444125, 0.218651, -0.868876,
		-0.509658, -0.735931, -0.445707,
		-0.736887, 0.640779, -0.215408,
		41.674278, 34.009323, 20.408155>
	pigment { color rgbt <0,1,1,0> }
	no_shadow
}
cylinder {
	<41.976700, 33.360420, 19.889709>,  <42.190098, 33.560780, 20.558941>, 0.130000
	pigment { color rgbt <1,0,0,0> }
	no_shadow
}

// nucleotide -1

// particle -1
sphere {
	<41.976700, 33.360420, 19.889709> 0.250000
	pigment { color rgbt <1,0,0,0> }
	no_shadow
}
cylinder {
	<41.914875, 33.746319, 19.974915>,  <41.877781, 33.977859, 20.026037>, 0.100000
	pigment { color rgbt <1,0,0,0> }
	no_shadow
}
cylinder {
	<41.914875, 33.746319, 19.974915>,  <41.976700, 33.360420, 19.889709>, 0.100000
	pigment { color rgbt <1,0,0,0> }
	no_shadow
}

// particle -1
sphere {
	<41.914875, 33.746319, 19.974915> 0.100000
	pigment { color rgbt <1,0,0,0> }
	no_shadow
}
sphere {
	0, 1
	scale<0.080000,0.200000,0.300000>
	matrix <0.477272, 0.261686, -0.838887,
		-0.865056, -0.027992, -0.500893,
		-0.154559, 0.964747, 0.213013,
		41.868507, 34.035744, 20.038818>
	pigment { color rgbt <0,1,1,0> }
	no_shadow
}
cylinder {
	<41.667492, 33.541603, 19.275703>,  <41.976700, 33.360420, 19.889709>, 0.130000
	pigment { color rgbt <1,0,0,0> }
	no_shadow
}

// nucleotide -1

// particle -1
sphere {
	<41.667492, 33.541603, 19.275703> 0.250000
	pigment { color rgbt <1,0,0,0> }
	no_shadow
}
cylinder {
	<41.761456, 33.892891, 19.442341>,  <41.817833, 34.103664, 19.542322>, 0.100000
	pigment { color rgbt <1,0,0,0> }
	no_shadow
}
cylinder {
	<41.761456, 33.892891, 19.442341>,  <41.667492, 33.541603, 19.275703>, 0.100000
	pigment { color rgbt <1,0,0,0> }
	no_shadow
}

// particle -1
sphere {
	<41.761456, 33.892891, 19.442341> 0.100000
	pigment { color rgbt <1,0,0,0> }
	no_shadow
}
sphere {
	0, 1
	scale<0.080000,0.200000,0.300000>
	matrix <0.294852, 0.344011, -0.891470,
		-0.926218, 0.332246, -0.178134,
		0.234908, 0.878219, 0.416593,
		41.831928, 34.156357, 19.567318>
	pigment { color rgbt <0,1,1,0> }
	no_shadow
}
cylinder {
	<41.304611, 34.138794, 18.905516>,  <41.667492, 33.541603, 19.275703>, 0.130000
	pigment { color rgbt <1,0,0,0> }
	no_shadow
}

// nucleotide -1

// particle -1
sphere {
	<41.304611, 34.138794, 18.905516> 0.250000
	pigment { color rgbt <1,0,0,0> }
	no_shadow
}
cylinder {
	<41.645031, 34.275272, 19.065166>,  <41.849281, 34.357159, 19.160957>, 0.100000
	pigment { color rgbt <1,0,0,0> }
	no_shadow
}
cylinder {
	<41.645031, 34.275272, 19.065166>,  <41.304611, 34.138794, 18.905516>, 0.100000
	pigment { color rgbt <1,0,0,0> }
	no_shadow
}

// particle -1
sphere {
	<41.645031, 34.275272, 19.065166> 0.100000
	pigment { color rgbt <1,0,0,0> }
	no_shadow
}
sphere {
	0, 1
	scale<0.080000,0.200000,0.300000>
	matrix <0.210336, 0.474948, -0.854507,
		-0.481117, 0.811178, 0.332439,
		0.851049, 0.341194, 0.399126,
		41.900345, 34.377632, 19.184904>
	pigment { color rgbt <0,1,1,0> }
	no_shadow
}
cylinder {
	<41.413414, 34.826088, 18.666899>,  <41.304611, 34.138794, 18.905516>, 0.130000
	pigment { color rgbt <1,0,0,0> }
	no_shadow
}

// nucleotide -1

// particle -1
sphere {
	<41.413414, 34.826088, 18.666899> 0.250000
	pigment { color rgbt <1,0,0,0> }
	no_shadow
}
cylinder {
	<41.776806, 34.706059, 18.783253>,  <41.994843, 34.634041, 18.853065>, 0.100000
	pigment { color rgbt <1,0,0,0> }
	no_shadow
}
cylinder {
	<41.776806, 34.706059, 18.783253>,  <41.413414, 34.826088, 18.666899>, 0.100000
	pigment { color rgbt <1,0,0,0> }
	no_shadow
}

// particle -1
sphere {
	<41.776806, 34.706059, 18.783253> 0.100000
	pigment { color rgbt <1,0,0,0> }
	no_shadow
}
sphere {
	0, 1
	scale<0.080000,0.200000,0.300000>
	matrix <0.366470, 0.237411, -0.899631,
		0.200897, 0.923900, 0.325652,
		0.908482, -0.300075, 0.290886,
		42.049351, 34.616035, 18.870518>
	pigment { color rgbt <0,1,1,0> }
	no_shadow
}
cylinder {
	<41.734615, 35.406570, 18.568348>,  <41.413414, 34.826088, 18.666899>, 0.130000
	pigment { color rgbt <1,0,0,0> }
	no_shadow
}

// nucleotide -1

// particle -1
sphere {
	<41.734615, 35.406570, 18.568348> 0.250000
	pigment { color rgbt <1,0,0,0> }
	no_shadow
}
cylinder {
	<42.026955, 35.138390, 18.619503>,  <42.202358, 34.977482, 18.650196>, 0.100000
	pigment { color rgbt <1,0,0,0> }
	no_shadow
}
cylinder {
	<42.026955, 35.138390, 18.619503>,  <41.734615, 35.406570, 18.568348>, 0.100000
	pigment { color rgbt <1,0,0,0> }
	no_shadow
}

// particle -1
sphere {
	<42.026955, 35.138390, 18.619503> 0.100000
	pigment { color rgbt <1,0,0,0> }
	no_shadow
}
sphere {
	0, 1
	scale<0.080000,0.200000,0.300000>
	matrix <0.307476, 0.156129, -0.938660,
		0.609358, 0.725341, 0.320254,
		0.730850, -0.670450, 0.127887,
		42.246208, 34.937256, 18.657869>
	pigment { color rgbt <0,1,1,0> }
	no_shadow
}
cylinder {
	<42.339935, 35.726738, 18.375919>,  <41.734615, 35.406570, 18.568348>, 0.130000
	pigment { color rgbt <1,0,0,0> }
	no_shadow
}

// nucleotide -1

// particle -1
sphere {
	<42.339935, 35.726738, 18.375919> 0.250000
	pigment { color rgbt <1,0,0,0> }
	no_shadow
}
cylinder {
	<42.426491, 35.337143, 18.349041>,  <42.478424, 35.103386, 18.332914>, 0.100000
	pigment { color rgbt <1,0,0,0> }
	no_shadow
}
cylinder {
	<42.426491, 35.337143, 18.349041>,  <42.339935, 35.726738, 18.375919>, 0.100000
	pigment { color rgbt <1,0,0,0> }
	no_shadow
}

// particle -1
sphere {
	<42.426491, 35.337143, 18.349041> 0.100000
	pigment { color rgbt <1,0,0,0> }
	no_shadow
}
sphere {
	0, 1
	scale<0.080000,0.200000,0.300000>
	matrix <0.310723, 0.133954, -0.941014,
		0.925541, 0.182748, 0.331628,
		0.216391, -0.973992, -0.067196,
		42.491409, 35.044945, 18.328882>
	pigment { color rgbt <0,1,1,0> }
	no_shadow
}
cylinder {
	<43.033710, 35.600002, 18.058237>,  <42.339935, 35.726738, 18.375919>, 0.130000
	pigment { color rgbt <1,0,0,0> }
	no_shadow
}

// nucleotide -1

// particle -1
sphere {
	<43.033710, 35.600002, 18.058237> 0.250000
	pigment { color rgbt <1,0,0,0> }
	no_shadow
}
cylinder {
	<42.874573, 35.239861, 17.987709>,  <42.779091, 35.023777, 17.945393>, 0.100000
	pigment { color rgbt <1,0,0,0> }
	no_shadow
}
cylinder {
	<42.874573, 35.239861, 17.987709>,  <43.033710, 35.600002, 18.058237>, 0.100000
	pigment { color rgbt <1,0,0,0> }
	no_shadow
}

// particle -1
sphere {
	<42.874573, 35.239861, 17.987709> 0.100000
	pigment { color rgbt <1,0,0,0> }
	no_shadow
}
sphere {
	0, 1
	scale<0.080000,0.200000,0.300000>
	matrix <0.567539, -0.090517, -0.818356,
		0.720849, -0.425644, 0.546996,
		-0.397840, -0.900352, -0.176320,
		42.755222, 34.969753, 17.934813>
	pigment { color rgbt <0,1,1,0> }
	no_shadow
}
cylinder {
	<43.595646, 35.195965, 17.814848>,  <43.033710, 35.600002, 18.058237>, 0.130000
	pigment { color rgbt <1,0,0,0> }
	no_shadow
}

// nucleotide -1

// particle -1
sphere {
	<43.595646, 35.195965, 17.814848> 0.250000
	pigment { color rgbt <1,0,0,0> }
	no_shadow
}
cylinder {
	<43.261070, 35.025593, 17.676884>,  <43.060326, 34.923370, 17.594105>, 0.100000
	pigment { color rgbt <1,0,0,0> }
	no_shadow
}
cylinder {
	<43.261070, 35.025593, 17.676884>,  <43.595646, 35.195965, 17.814848>, 0.100000
	pigment { color rgbt <1,0,0,0> }
	no_shadow
}

// particle -1
sphere {
	<43.261070, 35.025593, 17.676884> 0.100000
	pigment { color rgbt <1,0,0,0> }
	no_shadow
}
sphere {
	0, 1
	scale<0.080000,0.200000,0.300000>
	matrix <0.394179, -0.030264, -0.918535,
		0.380790, -0.904252, 0.193204,
		-0.836434, -0.425926, -0.344913,
		43.010139, 34.897816, 17.573410>
	pigment { color rgbt <0,1,1,0> }
	no_shadow
}
cylinder {
	<43.879837, 34.789093, 17.231918>,  <43.595646, 35.195965, 17.814848>, 0.130000
	pigment { color rgbt <1,0,0,0> }
	no_shadow
}

// nucleotide -1

// particle -1
sphere {
	<43.879837, 34.789093, 17.231918> 0.250000
	pigment { color rgbt <1,0,0,0> }
	no_shadow
}
cylinder {
	<43.482109, 34.815849, 17.198795>,  <43.243473, 34.831905, 17.178921>, 0.100000
	pigment { color rgbt <1,0,0,0> }
	no_shadow
}
cylinder {
	<43.482109, 34.815849, 17.198795>,  <43.879837, 34.789093, 17.231918>, 0.100000
	pigment { color rgbt <1,0,0,0> }
	no_shadow
}

// particle -1
sphere {
	<43.482109, 34.815849, 17.198795> 0.100000
	pigment { color rgbt <1,0,0,0> }
	no_shadow
}
sphere {
	0, 1
	scale<0.080000,0.200000,0.300000>
	matrix <0.074965, -0.112301, -0.990842,
		-0.075577, -0.991420, 0.106648,
		-0.994318, 0.066890, -0.082809,
		43.183815, 34.835918, 17.173952>
	pigment { color rgbt <0,1,1,0> }
	no_shadow
}
cylinder {
	<43.767063, 34.433739, 16.688007>,  <43.879837, 34.789093, 17.231918>, 0.130000
	pigment { color rgbt <1,0,0,0> }
	no_shadow
}

// nucleotide -1

// particle -1
sphere {
	<43.767063, 34.433739, 16.688007> 0.250000
	pigment { color rgbt <1,0,0,0> }
	no_shadow
}
cylinder {
	<43.402477, 34.598278, 16.685951>,  <43.183727, 34.697002, 16.684717>, 0.100000
	pigment { color rgbt <1,0,0,0> }
	no_shadow
}
cylinder {
	<43.402477, 34.598278, 16.685951>,  <43.767063, 34.433739, 16.688007>, 0.100000
	pigment { color rgbt <1,0,0,0> }
	no_shadow
}

// particle -1
sphere {
	<43.402477, 34.598278, 16.685951> 0.100000
	pigment { color rgbt <1,0,0,0> }
	no_shadow
}
sphere {
	0, 1
	scale<0.080000,0.200000,0.300000>
	matrix <0.046477, 0.090551, -0.994807,
		-0.408744, -0.906971, -0.101653,
		-0.911465, 0.411346, -0.005141,
		43.129036, 34.721680, 16.684408>
	pigment { color rgbt <0,1,1,0> }
	no_shadow
}
cylinder {
	<43.473030, 34.258171, 16.127495>,  <43.767063, 34.433739, 16.688007>, 0.130000
	pigment { color rgbt <1,0,0,0> }
	no_shadow
}

// nucleotide -1

// particle -1
sphere {
	<43.473030, 34.258171, 16.127495> 0.250000
	pigment { color rgbt <1,0,0,0> }
	no_shadow
}
cylinder {
	<43.213531, 34.552643, 16.204613>,  <43.057831, 34.729324, 16.250883>, 0.100000
	pigment { color rgbt <1,0,0,0> }
	no_shadow
}
cylinder {
	<43.213531, 34.552643, 16.204613>,  <43.473030, 34.258171, 16.127495>, 0.100000
	pigment { color rgbt <1,0,0,0> }
	no_shadow
}

// particle -1
sphere {
	<43.213531, 34.552643, 16.204613> 0.100000
	pigment { color rgbt <1,0,0,0> }
	no_shadow
}
sphere {
	0, 1
	scale<0.080000,0.200000,0.300000>
	matrix <-0.007002, 0.247560, -0.968847,
		-0.760972, -0.629887, -0.155449,
		-0.648748, 0.736177, 0.192796,
		43.018906, 34.773495, 16.262451>
	pigment { color rgbt <0,1,1,0> }
	no_shadow
}
cylinder {
	<42.933716, 34.201904, 15.665421>,  <43.473030, 34.258171, 16.127495>, 0.130000
	pigment { color rgbt <1,0,0,0> }
	no_shadow
}

// nucleotide -1

// particle -1
sphere {
	<42.933716, 34.201904, 15.665421> 0.250000
	pigment { color rgbt <1,0,0,0> }
	no_shadow
}
cylinder {
	<42.936310, 34.585079, 15.780189>,  <42.937866, 34.814983, 15.849050>, 0.100000
	pigment { color rgbt <1,0,0,0> }
	no_shadow
}
cylinder {
	<42.936310, 34.585079, 15.780189>,  <42.933716, 34.201904, 15.665421>, 0.100000
	pigment { color rgbt <1,0,0,0> }
	no_shadow
}

// particle -1
sphere {
	<42.936310, 34.585079, 15.780189> 0.100000
	pigment { color rgbt <1,0,0,0> }
	no_shadow
}
sphere {
	0, 1
	scale<0.080000,0.200000,0.300000>
	matrix <0.086150, 0.285325, -0.954551,
		-0.996261, 0.030909, -0.080675,
		0.006485, 0.957933, 0.286920,
		42.938255, 34.872459, 15.866264>
	pigment { color rgbt <0,1,1,0> }
	no_shadow
}
cylinder {
	<42.440472, 34.496380, 15.213489>,  <42.933716, 34.201904, 15.665421>, 0.130000
	pigment { color rgbt <1,0,0,0> }
	no_shadow
}

// nucleotide -1

// particle -1
sphere {
	<42.440472, 34.496380, 15.213489> 0.250000
	pigment { color rgbt <1,0,0,0> }
	no_shadow
}
cylinder {
	<42.694672, 34.783165, 15.328101>,  <42.847191, 34.955238, 15.396869>, 0.100000
	pigment { color rgbt <1,0,0,0> }
	no_shadow
}
cylinder {
	<42.694672, 34.783165, 15.328101>,  <42.440472, 34.496380, 15.213489>, 0.100000
	pigment { color rgbt <1,0,0,0> }
	no_shadow
}

// particle -1
sphere {
	<42.694672, 34.783165, 15.328101> 0.100000
	pigment { color rgbt <1,0,0,0> }
	no_shadow
}
sphere {
	0, 1
	scale<0.080000,0.200000,0.300000>
	matrix <0.058654, 0.325206, -0.943823,
		-0.769871, 0.616604, 0.164615,
		0.635499, 0.716966, 0.286532,
		42.885323, 34.998257, 15.414061>
	pigment { color rgbt <0,1,1,0> }
	no_shadow
}
cylinder {
	<42.149338, 35.131760, 14.971290>,  <42.440472, 34.496380, 15.213489>, 0.130000
	pigment { color rgbt <1,0,0,0> }
	no_shadow
}

// nucleotide -1

// particle -1
sphere {
	<42.149338, 35.131760, 14.971290> 0.250000
	pigment { color rgbt <1,0,0,0> }
	no_shadow
}
cylinder {
	<42.534485, 35.229729, 15.016721>,  <42.765572, 35.288513, 15.043980>, 0.100000
	pigment { color rgbt <1,0,0,0> }
	no_shadow
}
cylinder {
	<42.534485, 35.229729, 15.016721>,  <42.149338, 35.131760, 14.971290>, 0.100000
	pigment { color rgbt <1,0,0,0> }
	no_shadow
}

// particle -1
sphere {
	<42.534485, 35.229729, 15.016721> 0.100000
	pigment { color rgbt <1,0,0,0> }
	no_shadow
}
sphere {
	0, 1
	scale<0.080000,0.200000,0.300000>
	matrix <-0.032730, 0.523485, -0.851406,
		-0.267989, 0.816073, 0.512062,
		0.962866, 0.244927, 0.113578,
		42.823345, 35.303207, 15.050795>
	pigment { color rgbt <0,1,1,0> }
	no_shadow
}
cylinder {
	<42.176682, 35.929115, 14.751882>,  <42.149338, 35.131760, 14.971290>, 0.130000
	pigment { color rgbt <1,0,0,0> }
	no_shadow
}

// nucleotide -1

// particle -1
sphere {
	<42.176682, 35.929115, 14.751882> 0.250000
	pigment { color rgbt <1,0,0,0> }
	no_shadow
}
cylinder {
	<42.561619, 35.820641, 14.744292>,  <42.792580, 35.755558, 14.739738>, 0.100000
	pigment { color rgbt <1,0,0,0> }
	no_shadow
}
cylinder {
	<42.561619, 35.820641, 14.744292>,  <42.176682, 35.929115, 14.751882>, 0.100000
	pigment { color rgbt <1,0,0,0> }
	no_shadow
}

// particle -1
sphere {
	<42.561619, 35.820641, 14.744292> 0.100000
	pigment { color rgbt <1,0,0,0> }
	no_shadow
}
sphere {
	0, 1
	scale<0.080000,0.200000,0.300000>
	matrix <0.145818, 0.573843, -0.805879,
		0.229430, 0.772763, 0.591776,
		0.962340, -0.271185, -0.018974,
		42.850323, 35.739285, 14.738600>
	pigment { color rgbt <0,1,1,0> }
	no_shadow
}
cylinder {
	<42.602844, 36.553867, 14.659100>,  <42.176682, 35.929115, 14.751882>, 0.130000
	pigment { color rgbt <1,0,0,0> }
	no_shadow
}

// nucleotide -1

// particle -1
sphere {
	<42.602844, 36.553867, 14.659100> 0.250000
	pigment { color rgbt <1,0,0,0> }
	no_shadow
}
cylinder {
	<42.821812, 36.248158, 14.522733>,  <42.953194, 36.064732, 14.440913>, 0.100000
	pigment { color rgbt <1,0,0,0> }
	no_shadow
}
cylinder {
	<42.821812, 36.248158, 14.522733>,  <42.602844, 36.553867, 14.659100>, 0.100000
	pigment { color rgbt <1,0,0,0> }
	no_shadow
}

// particle -1
sphere {
	<42.821812, 36.248158, 14.522733> 0.100000
	pigment { color rgbt <1,0,0,0> }
	no_shadow
}
sphere {
	0, 1
	scale<0.080000,0.200000,0.300000>
	matrix <0.273885, 0.548559, -0.789981,
		0.790772, 0.339078, 0.509613,
		0.547418, -0.764271, -0.340917,
		42.986038, 36.018875, 14.420458>
	pigment { color rgbt <0,1,1,0> }
	no_shadow
}
cylinder {
	<43.154953, 36.891254, 14.367509>,  <42.602844, 36.553867, 14.659100>, 0.130000
	pigment { color rgbt <1,0,0,0> }
	no_shadow
}

// nucleotide -1

// particle -1
sphere {
	<43.154953, 36.891254, 14.367509> 0.250000
	pigment { color rgbt <1,0,0,0> }
	no_shadow
}
cylinder {
	<43.182453, 36.524097, 14.211179>,  <43.198956, 36.303802, 14.117381>, 0.100000
	pigment { color rgbt <1,0,0,0> }
	no_shadow
}
cylinder {
	<43.182453, 36.524097, 14.211179>,  <43.154953, 36.891254, 14.367509>, 0.100000
	pigment { color rgbt <1,0,0,0> }
	no_shadow
}

// particle -1
sphere {
	<43.182453, 36.524097, 14.211179> 0.100000
	pigment { color rgbt <1,0,0,0> }
	no_shadow
}
sphere {
	0, 1
	scale<0.080000,0.200000,0.300000>
	matrix <0.235092, 0.395626, -0.887813,
		0.969538, -0.030841, 0.242990,
		0.068752, -0.917894, -0.390825,
		43.203079, 36.248730, 14.093931>
	pigment { color rgbt <0,1,1,0> }
	no_shadow
}
cylinder {
	<43.765217, 36.843784, 14.045306>,  <43.154953, 36.891254, 14.367509>, 0.130000
	pigment { color rgbt <1,0,0,0> }
	no_shadow
}

// nucleotide -1

// particle -1
sphere {
	<43.765217, 36.843784, 14.045306> 0.250000
	pigment { color rgbt <1,0,0,0> }
	no_shadow
}
cylinder {
	<43.557846, 36.547363, 13.874627>,  <43.433422, 36.369511, 13.772220>, 0.100000
	pigment { color rgbt <1,0,0,0> }
	no_shadow
}
cylinder {
	<43.557846, 36.547363, 13.874627>,  <43.765217, 36.843784, 14.045306>, 0.100000
	pigment { color rgbt <1,0,0,0> }
	no_shadow
}

// particle -1
sphere {
	<43.557846, 36.547363, 13.874627> 0.100000
	pigment { color rgbt <1,0,0,0> }
	no_shadow
}
sphere {
	0, 1
	scale<0.080000,0.200000,0.300000>
	matrix <0.289047, 0.317756, -0.903041,
		0.804790, -0.591495, 0.049468,
		-0.518426, -0.741057, -0.426697,
		43.402317, 36.325047, 13.746618>
	pigment { color rgbt <0,1,1,0> }
	no_shadow
}
cylinder {
	<44.191120, 36.398010, 13.568115>,  <43.765217, 36.843784, 14.045306>, 0.130000
	pigment { color rgbt <1,0,0,0> }
	no_shadow
}

// nucleotide -1

// particle -1
sphere {
	<44.191120, 36.398010, 13.568115> 0.250000
	pigment { color rgbt <1,0,0,0> }
	no_shadow
}
cylinder {
	<43.800007, 36.438881, 13.494905>,  <43.565338, 36.463402, 13.450978>, 0.100000
	pigment { color rgbt <1,0,0,0> }
	no_shadow
}
cylinder {
	<43.800007, 36.438881, 13.494905>,  <44.191120, 36.398010, 13.568115>, 0.100000
	pigment { color rgbt <1,0,0,0> }
	no_shadow
}

// particle -1
sphere {
	<43.800007, 36.438881, 13.494905> 0.100000
	pigment { color rgbt <1,0,0,0> }
	no_shadow
}
sphere {
	0, 1
	scale<0.080000,0.200000,0.300000>
	matrix <0.208158, 0.370489, -0.905212,
		-0.024681, -0.923200, -0.383526,
		-0.977784, 0.102175, -0.183027,
		43.506672, 36.469532, 13.439997>
	pigment { color rgbt <0,1,1,0> }
	no_shadow
}
cylinder {
	<44.090935, 36.203835, 12.844772>,  <44.191120, 36.398010, 13.568115>, 0.130000
	pigment { color rgbt <1,0,0,0> }
	no_shadow
}

// nucleotide -1

// particle -1
sphere {
	<44.090935, 36.203835, 12.844772> 0.250000
	pigment { color rgbt <1,0,0,0> }
	no_shadow
}
cylinder {
	<43.781502, 36.430920, 12.957385>,  <43.595840, 36.567173, 13.024953>, 0.100000
	pigment { color rgbt <1,0,0,0> }
	no_shadow
}
cylinder {
	<43.781502, 36.430920, 12.957385>,  <44.090935, 36.203835, 12.844772>, 0.100000
	pigment { color rgbt <1,0,0,0> }
	no_shadow
}

// particle -1
sphere {
	<43.781502, 36.430920, 12.957385> 0.100000
	pigment { color rgbt <1,0,0,0> }
	no_shadow
}
sphere {
	0, 1
	scale<0.080000,0.200000,0.300000>
	matrix <0.000618, 0.444951, -0.895555,
		-0.633690, -0.692615, -0.344559,
		-0.773587, 0.567717, 0.281533,
		43.549427, 36.601234, 13.041845>
	pigment { color rgbt <0,1,1,0> }
	no_shadow
}
cylinder {
	<43.496521, 36.064457, 12.329993>,  <44.090935, 36.203835, 12.844772>, 0.130000
	pigment { color rgbt <1,0,0,0> }
	no_shadow
}

// nucleotide -1

// particle -1
sphere {
	<43.496521, 36.064457, 12.329993> 0.250000
	pigment { color rgbt <1,0,0,0> }
	no_shadow
}
cylinder {
	<43.441162, 36.414639, 12.515220>,  <43.407948, 36.624748, 12.626355>, 0.100000
	pigment { color rgbt <1,0,0,0> }
	no_shadow
}
cylinder {
	<43.441162, 36.414639, 12.515220>,  <43.496521, 36.064457, 12.329993>, 0.100000
	pigment { color rgbt <1,0,0,0> }
	no_shadow
}

// particle -1
sphere {
	<43.441162, 36.414639, 12.515220> 0.100000
	pigment { color rgbt <1,0,0,0> }
	no_shadow
}
sphere {
	0, 1
	scale<0.080000,0.200000,0.300000>
	matrix <-0.296828, 0.409405, -0.862717,
		-0.944849, -0.256850, 0.203197,
		-0.138399, 0.875452, 0.463066,
		43.399643, 36.677273, 12.654140>
	pigment { color rgbt <0,1,1,0> }
	no_shadow
}
cylinder {
	<42.779022, 36.238342, 12.335557>,  <43.496521, 36.064457, 12.329993>, 0.130000
	pigment { color rgbt <1,0,0,0> }
	no_shadow
}

// nucleotide -1

// particle -1
sphere {
	<42.779022, 36.238342, 12.335557> 0.250000
	pigment { color rgbt <1,0,0,0> }
	no_shadow
}
cylinder {
	<43.025669, 36.553242, 12.333695>,  <43.173656, 36.742184, 12.332579>, 0.100000
	pigment { color rgbt <1,0,0,0> }
	no_shadow
}
cylinder {
	<43.025669, 36.553242, 12.333695>,  <42.779022, 36.238342, 12.335557>, 0.100000
	pigment { color rgbt <1,0,0,0> }
	no_shadow
}

// particle -1
sphere {
	<43.025669, 36.553242, 12.333695> 0.100000
	pigment { color rgbt <1,0,0,0> }
	no_shadow
}
sphere {
	0, 1
	scale<0.080000,0.200000,0.300000>
	matrix <-0.310840, 0.238027, -0.920175,
		-0.723301, 0.568841, 0.391480,
		0.616616, 0.787251, -0.004654,
		43.210655, 36.789417, 12.332299>
	pigment { color rgbt <0,1,1,0> }
	no_shadow
}
cylinder {
	<42.355621, 36.848934, 12.015709>,  <42.779022, 36.238342, 12.335557>, 0.130000
	pigment { color rgbt <1,0,0,0> }
	no_shadow
}

// nucleotide -1

// particle -1
sphere {
	<42.355621, 36.848934, 12.015709> 0.250000
	pigment { color rgbt <1,0,0,0> }
	no_shadow
}
cylinder {
	<42.747593, 36.925014, 11.991836>,  <42.982777, 36.970661, 11.977511>, 0.100000
	pigment { color rgbt <1,0,0,0> }
	no_shadow
}
cylinder {
	<42.747593, 36.925014, 11.991836>,  <42.355621, 36.848934, 12.015709>, 0.100000
	pigment { color rgbt <1,0,0,0> }
	no_shadow
}

// particle -1
sphere {
	<42.747593, 36.925014, 11.991836> 0.100000
	pigment { color rgbt <1,0,0,0> }
	no_shadow
}
sphere {
	0, 1
	scale<0.080000,0.200000,0.300000>
	matrix <-0.108102, 0.255473, -0.960754,
		-0.167485, 0.947923, 0.270906,
		0.979930, 0.190198, -0.059684,
		43.041573, 36.982075, 11.973930>
	pigment { color rgbt <0,1,1,0> }
	no_shadow
}
cylinder {
	<41.909977, 36.478191, 11.577041>,  <42.355621, 36.848934, 12.015709>, 0.130000
	pigment { color rgbt <1,0,0,0> }
	no_shadow
}

// nucleotide -1

// particle -1
sphere {
	<41.909977, 36.478191, 11.577041> 0.250000
	pigment { color rgbt <1,0,0,0> }
	no_shadow
}
cylinder {
	<41.939465, 36.192631, 11.855582>,  <41.957157, 36.021294, 12.022707>, 0.100000
	pigment { color rgbt <1,0,0,0> }
	no_shadow
}
cylinder {
	<41.939465, 36.192631, 11.855582>,  <41.909977, 36.478191, 11.577041>, 0.100000
	pigment { color rgbt <1,0,0,0> }
	no_shadow
}

// particle -1
sphere {
	<41.939465, 36.192631, 11.855582> 0.100000
	pigment { color rgbt <1,0,0,0> }
	no_shadow
}
sphere {
	0, 1
	scale<0.080000,0.200000,0.300000>
	matrix <-0.694632, 0.464262, 0.549497,
		-0.715578, -0.524218, -0.461675,
		0.073718, -0.713902, 0.696354,
		41.961578, 35.978458, 12.064488>
	pigment { color rgbt <0,1,1,0> }
	no_shadow
}
cylinder {
	<41.204220, 36.240547, 11.730318>,  <41.909977, 36.478191, 11.577041>, 0.130000
	pigment { color rgbt <1,0,0,0> }
	no_shadow
}

// nucleotide -1

// particle -1
sphere {
	<41.204220, 36.240547, 11.730318> 0.250000
	pigment { color rgbt <1,0,0,0> }
	no_shadow
}
cylinder {
	<41.467720, 36.173012, 12.023585>,  <41.625820, 36.132488, 12.199546>, 0.100000
	pigment { color rgbt <1,0,0,0> }
	no_shadow
}
cylinder {
	<41.467720, 36.173012, 12.023585>,  <41.204220, 36.240547, 11.730318>, 0.100000
	pigment { color rgbt <1,0,0,0> }
	no_shadow
}

// particle -1
sphere {
	<41.467720, 36.173012, 12.023585> 0.100000
	pigment { color rgbt <1,0,0,0> }
	no_shadow
}
sphere {
	0, 1
	scale<0.080000,0.200000,0.300000>
	matrix <-0.627249, 0.414863, 0.659126,
		-0.415452, -0.894081, 0.167387,
		0.658755, -0.168841, 0.733168,
		41.665348, 36.122360, 12.243536>
	pigment { color rgbt <0,1,1,0> }
	no_shadow
}
cylinder {
	<40.954353, 36.909691, 11.790800>,  <41.204220, 36.240547, 11.730318>, 0.130000
	pigment { color rgbt <1,0,0,0> }
	no_shadow
}

// nucleotide -1

// particle -1
sphere {
	<40.954353, 36.909691, 11.790800> 0.250000
	pigment { color rgbt <1,0,0,0> }
	no_shadow
}
cylinder {
	<41.296738, 36.798664, 11.965289>,  <41.502167, 36.732048, 12.069983>, 0.100000
	pigment { color rgbt <1,0,0,0> }
	no_shadow
}
cylinder {
	<41.296738, 36.798664, 11.965289>,  <40.954353, 36.909691, 11.790800>, 0.100000
	pigment { color rgbt <1,0,0,0> }
	no_shadow
}

// particle -1
sphere {
	<41.296738, 36.798664, 11.965289> 0.100000
	pigment { color rgbt <1,0,0,0> }
	no_shadow
}
sphere {
	0, 1
	scale<0.080000,0.200000,0.300000>
	matrix <-0.484616, -0.724770, 0.489750,
		0.180223, -0.630606, -0.754888,
		0.855960, -0.277567, 0.436222,
		41.553524, 36.715393, 12.096156>
	pigment { color rgbt <0,1,1,0> }
	no_shadow
}
cylinder {
	<40.274883, 36.825317, 12.016166>,  <40.954353, 36.909691, 11.790800>, 0.130000
	pigment { color rgbt <1,0,0,0> }
	no_shadow
}

// nucleotide -1

// particle -1
sphere {
	<40.274883, 36.825317, 12.016166> 0.250000
	pigment { color rgbt <1,0,0,0> }
	no_shadow
}
cylinder {
	<39.933376, 36.628944, 12.085530>,  <39.728474, 36.511120, 12.127150>, 0.100000
	pigment { color rgbt <1,0,0,0> }
	no_shadow
}
cylinder {
	<39.933376, 36.628944, 12.085530>,  <40.274883, 36.825317, 12.016166>, 0.100000
	pigment { color rgbt <1,0,0,0> }
	no_shadow
}

// particle -1
sphere {
	<39.933376, 36.628944, 12.085530> 0.100000
	pigment { color rgbt <1,0,0,0> }
	no_shadow
}
sphere {
	0, 1
	scale<0.080000,0.200000,0.300000>
	matrix <0.296765, -0.185182, 0.936824,
		-0.427801, 0.851291, 0.303792,
		-0.853767, -0.490929, 0.173412,
		39.677246, 36.481667, 12.137554>
	pigment { color rgbt <0,1,1,0> }
	no_shadow
}
cylinder {
	<40.033703, 36.865292, 12.744278>,  <40.274883, 36.825317, 12.016166>, 0.130000
	pigment { color rgbt <1,0,0,0> }
	no_shadow
}

// nucleotide -1

// particle -1
sphere {
	<40.033703, 36.865292, 12.744278> 0.250000
	pigment { color rgbt <1,0,0,0> }
	no_shadow
}
cylinder {
	<39.870178, 36.517174, 12.634400>,  <39.772064, 36.308304, 12.568474>, 0.100000
	pigment { color rgbt <1,0,0,0> }
	no_shadow
}
cylinder {
	<39.870178, 36.517174, 12.634400>,  <40.033703, 36.865292, 12.744278>, 0.100000
	pigment { color rgbt <1,0,0,0> }
	no_shadow
}

// particle -1
sphere {
	<39.870178, 36.517174, 12.634400> 0.100000
	pigment { color rgbt <1,0,0,0> }
	no_shadow
}
sphere {
	0, 1
	scale<0.080000,0.200000,0.300000>
	matrix <0.211716, -0.383226, 0.899063,
		-0.887720, 0.309394, 0.340924,
		-0.408816, -0.870295, -0.274694,
		39.747532, 36.256084, 12.551992>
	pigment { color rgbt <0,1,1,0> }
	no_shadow
}
cylinder {
	<39.514599, 36.528969, 13.146748>,  <40.033703, 36.865292, 12.744278>, 0.130000
	pigment { color rgbt <1,0,0,0> }
	no_shadow
}

// nucleotide -1

// particle -1
sphere {
	<39.514599, 36.528969, 13.146748> 0.250000
	pigment { color rgbt <1,0,0,0> }
	no_shadow
}
cylinder {
	<39.718781, 36.229210, 12.978063>,  <39.841290, 36.049355, 12.876851>, 0.100000
	pigment { color rgbt <1,0,0,0> }
	no_shadow
}
cylinder {
	<39.718781, 36.229210, 12.978063>,  <39.514599, 36.528969, 13.146748>, 0.100000
	pigment { color rgbt <1,0,0,0> }
	no_shadow
}

// particle -1
sphere {
	<39.718781, 36.229210, 12.978063> 0.100000
	pigment { color rgbt <1,0,0,0> }
	no_shadow
}
sphere {
	0, 1
	scale<0.080000,0.200000,0.300000>
	matrix <0.127091, -0.419285, 0.898915,
		-0.850461, -0.512452, -0.118785,
		0.510455, -0.749395, -0.421713,
		39.871918, 36.004391, 12.851548>
	pigment { color rgbt <0,1,1,0> }
	no_shadow
}
cylinder {
	<39.120274, 35.806091, 13.266183>,  <39.514599, 36.528969, 13.146748>, 0.130000
	pigment { color rgbt <1,0,0,0> }
	no_shadow
}

// nucleotide -1

// particle -1
sphere {
	<39.120274, 35.806091, 13.266183> 0.250000
	pigment { color rgbt <1,0,0,0> }
	no_shadow
}
cylinder {
	<39.518902, 35.810131, 13.233321>,  <39.758080, 35.812557, 13.213604>, 0.100000
	pigment { color rgbt <1,0,0,0> }
	no_shadow
}
cylinder {
	<39.518902, 35.810131, 13.233321>,  <39.120274, 35.806091, 13.266183>, 0.100000
	pigment { color rgbt <1,0,0,0> }
	no_shadow
}

// particle -1
sphere {
	<39.518902, 35.810131, 13.233321> 0.100000
	pigment { color rgbt <1,0,0,0> }
	no_shadow
}
sphere {
	0, 1
	scale<0.080000,0.200000,0.300000>
	matrix <0.080130, -0.366550, 0.926941,
		-0.020750, -0.930343, -0.366102,
		0.996568, 0.010102, -0.082154,
		39.817871, 35.813160, 13.208674>
	pigment { color rgbt <0,1,1,0> }
	no_shadow
}
cylinder {
	<39.319008, 35.117531, 13.305169>,  <39.120274, 35.806091, 13.266183>, 0.130000
	pigment { color rgbt <1,0,0,0> }
	no_shadow
}

// nucleotide -1

// particle -1
sphere {
	<39.319008, 35.117531, 13.305169> 0.250000
	pigment { color rgbt <1,0,0,0> }
	no_shadow
}
cylinder {
	<39.628162, 35.352467, 13.401225>,  <39.813656, 35.493427, 13.458858>, 0.100000
	pigment { color rgbt <1,0,0,0> }
	no_shadow
}
cylinder {
	<39.628162, 35.352467, 13.401225>,  <39.319008, 35.117531, 13.305169>, 0.100000
	pigment { color rgbt <1,0,0,0> }
	no_shadow
}

// particle -1
sphere {
	<39.628162, 35.352467, 13.401225> 0.100000
	pigment { color rgbt <1,0,0,0> }
	no_shadow
}
sphere {
	0, 1
	scale<0.080000,0.200000,0.300000>
	matrix <0.091484, -0.477638, 0.873781,
		0.627910, -0.653368, -0.422894,
		0.772891, 0.587343, 0.240141,
		39.860031, 35.528671, 13.473268>
	pigment { color rgbt <0,1,1,0> }
	no_shadow
}
cylinder {
	<39.960358, 34.723961, 13.421338>,  <39.319008, 35.117531, 13.305169>, 0.130000
	pigment { color rgbt <1,0,0,0> }
	no_shadow
}

// nucleotide -1

// particle -1
sphere {
	<39.960358, 34.723961, 13.421338> 0.250000
	pigment { color rgbt <1,0,0,0> }
	no_shadow
}
cylinder {
	<40.016190, 35.068390, 13.616920>,  <40.049686, 35.275047, 13.734268>, 0.100000
	pigment { color rgbt <1,0,0,0> }
	no_shadow
}
cylinder {
	<40.016190, 35.068390, 13.616920>,  <39.960358, 34.723961, 13.421338>, 0.100000
	pigment { color rgbt <1,0,0,0> }
	no_shadow
}

// particle -1
sphere {
	<40.016190, 35.068390, 13.616920> 0.100000
	pigment { color rgbt <1,0,0,0> }
	no_shadow
}
sphere {
	0, 1
	scale<0.080000,0.200000,0.300000>
	matrix <0.064700, -0.500663, 0.863221,
		0.988095, -0.088850, -0.125592,
		0.139576, 0.861070, 0.488955,
		40.058064, 35.326710, 13.763606>
	pigment { color rgbt <0,1,1,0> }
	no_shadow
}
cylinder {
	<40.382545, 34.593948, 13.941903>,  <39.960358, 34.723961, 13.421338>, 0.130000
	pigment { color rgbt <1,0,0,0> }
	no_shadow
}

// nucleotide -1

// particle -1
sphere {
	<40.382545, 34.593948, 13.941903> 0.250000
	pigment { color rgbt <1,0,0,0> }
	no_shadow
}
cylinder {
	<40.231186, 34.942413, 14.067060>,  <40.140369, 35.151493, 14.142153>, 0.100000
	pigment { color rgbt <1,0,0,0> }
	no_shadow
}
cylinder {
	<40.231186, 34.942413, 14.067060>,  <40.382545, 34.593948, 13.941903>, 0.100000
	pigment { color rgbt <1,0,0,0> }
	no_shadow
}

// particle -1
sphere {
	<40.231186, 34.942413, 14.067060> 0.100000
	pigment { color rgbt <1,0,0,0> }
	no_shadow
}
sphere {
	0, 1
	scale<0.080000,0.200000,0.300000>
	matrix <-0.038068, -0.352384, 0.935081,
		0.924861, 0.341919, 0.166504,
		-0.378395, 0.871158, 0.312890,
		40.117668, 35.203762, 14.160927>
	pigment { color rgbt <0,1,1,0> }
	no_shadow
}
cylinder {
	<40.482819, 34.613205, 14.686312>,  <40.382545, 34.593948, 13.941903>, 0.130000
	pigment { color rgbt <1,0,0,0> }
	no_shadow
}

// nucleotide -1

// particle -1
sphere {
	<40.482819, 34.613205, 14.686312> 0.250000
	pigment { color rgbt <1,0,0,0> }
	no_shadow
}
cylinder {
	<40.232693, 34.924389, 14.661786>,  <40.082619, 35.111099, 14.647071>, 0.100000
	pigment { color rgbt <1,0,0,0> }
	no_shadow
}
cylinder {
	<40.232693, 34.924389, 14.661786>,  <40.482819, 34.613205, 14.686312>, 0.100000
	pigment { color rgbt <1,0,0,0> }
	no_shadow
}

// particle -1
sphere {
	<40.232693, 34.924389, 14.661786> 0.100000
	pigment { color rgbt <1,0,0,0> }
	no_shadow
}
sphere {
	0, 1
	scale<0.080000,0.200000,0.300000>
	matrix <-0.107173, -0.007787, 0.994210,
		0.772980, 0.628263, 0.088246,
		-0.625313, 0.777962, -0.061313,
		40.045097, 35.157776, 14.643393>
	pigment { color rgbt <0,1,1,0> }
	no_shadow
}
cylinder {
	<40.691139, 35.115185, 15.252649>,  <40.482819, 34.613205, 14.686312>, 0.130000
	pigment { color rgbt <1,0,0,0> }
	no_shadow
}

// nucleotide -1

// particle -1
sphere {
	<40.691139, 35.115185, 15.252649> 0.250000
	pigment { color rgbt <1,0,0,0> }
	no_shadow
}
cylinder {
	<40.310627, 35.175045, 15.144818>,  <40.082321, 35.210960, 15.080119>, 0.100000
	pigment { color rgbt <1,0,0,0> }
	no_shadow
}
cylinder {
	<40.310627, 35.175045, 15.144818>,  <40.691139, 35.115185, 15.252649>, 0.100000
	pigment { color rgbt <1,0,0,0> }
	no_shadow
}

// particle -1
sphere {
	<40.310627, 35.175045, 15.144818> 0.100000
	pigment { color rgbt <1,0,0,0> }
	no_shadow
}
sphere {
	0, 1
	scale<0.080000,0.200000,0.300000>
	matrix <-0.268005, 0.030968, 0.962920,
		0.152446, 0.988254, 0.010647,
		-0.951280, 0.149647, -0.269578,
		40.025242, 35.219940, 15.063945>
	pigment { color rgbt <0,1,1,0> }
	no_shadow
}
cylinder {
	<40.352104, 35.646820, 15.706403>,  <40.691139, 35.115185, 15.252649>, 0.130000
	pigment { color rgbt <1,0,0,0> }
	no_shadow
}

// nucleotide -1

// particle -1
sphere {
	<40.352104, 35.646820, 15.706403> 0.250000
	pigment { color rgbt <1,0,0,0> }
	no_shadow
}
cylinder {
	<40.039997, 35.435841, 15.571954>,  <39.852734, 35.309254, 15.491284>, 0.100000
	pigment { color rgbt <1,0,0,0> }
	no_shadow
}
cylinder {
	<40.039997, 35.435841, 15.571954>,  <40.352104, 35.646820, 15.706403>, 0.100000
	pigment { color rgbt <1,0,0,0> }
	no_shadow
}

// particle -1
sphere {
	<40.039997, 35.435841, 15.571954> 0.100000
	pigment { color rgbt <1,0,0,0> }
	no_shadow
}
sphere {
	0, 1
	scale<0.080000,0.200000,0.300000>
	matrix <-0.362269, -0.056951, 0.930332,
		-0.509842, 0.847678, -0.146640,
