// switches for output
#declare DRAW_BASES = 1; // possible values are 0, 1; only relevant for DNA ribbons
#declare DRAW_BASES_TYPE = 3; // possible values are 1, 2, 3; only relevant for DNA ribbons
#declare DRAW_FOG = 0; // set to 1 to enable fog

#include "colors.inc"

#include "transforms.inc"
background { rgb <1, 1, 1>}

#default {
   normal{
       ripples 0.25
       frequency 0.20
       turbulence 0.2
       lambda 5
   }
	finish {
		phong 0.1
		phong_size 40.
	}
}

// original window dimensions: 1024x640


// camera settings

camera {
	sky <-0, 1, 0>
	up <-0, 1, 0>
	right 1.6 * <0.581683, 0, 0.813415>
	location <-54.4937, 30, 90.4225>
	look_at <30, 30, 30>
	direction <84.4937, 0, -60.4225>
	angle 67.0682
}


# declare cpy_camera_pos = <-54.4937, 30, 90.4225>;
# if (DRAW_FOG = 1)
fog {
	fog_type 2
	up vnormalize(cpy_camera_pos)
	color rgbt<1,1,1,0.3>
	distance 1e-5
	fog_alt 3e-3
	fog_offset 48
}
# end


// LIGHTS

# declare lum = 6;
global_settings {
	ambient_light rgb lum * <0.05, 0.05, 0.05>
	max_trace_level 15
}# declare cpy_direct_light_amount = 0.25;
light_source
{	1000 * <0.231732, -1, 1.3951>,
	rgb lum * cpy_direct_light_amount
	parallel
}

light_source
{	1000 * <-0.231732, 1, -1.3951>,
	rgb lum * cpy_direct_light_amount
	parallel
}

// strand 0

// nucleotide -1

// particle -1
sphere {
	<42.995136, 32.067154, 22.714098> 0.250000
	pigment { color rgbt <1,0,0,0> }
	no_shadow
}
cylinder {
	<42.685505, 31.852345, 22.848206>,  <42.499725, 31.723459, 22.928671>, 0.100000
	pigment { color rgbt <1,0,0,0> }
	no_shadow
}
cylinder {
	<42.685505, 31.852345, 22.848206>,  <42.995136, 32.067154, 22.714098>, 0.100000
	pigment { color rgbt <1,0,0,0> }
	no_shadow
}

// particle -1
sphere {
	<42.685505, 31.852345, 22.848206> 0.100000
	pigment { color rgbt <1,0,0,0> }
	no_shadow
}
sphere {
	0, 1
	scale<0.080000,0.200000,0.300000>
	matrix <0.255088, 0.220115, 0.941530,
		-0.579423, 0.814343, -0.033398,
		-0.774080, -0.537025, 0.335269,
		42.453281, 31.691236, 22.948786>
	pigment { color rgbt <0,1,1,0> }
	no_shadow
}
cylinder {
	<42.530865, 32.395222, 23.204929>,  <42.995136, 32.067154, 22.714098>, 0.130000
	pigment { color rgbt <1,0,0,0> }
	no_shadow
}

// nucleotide -1

// particle -1
sphere {
	<42.530865, 32.395222, 23.204929> 0.250000
	pigment { color rgbt <1,0,0,0> }
	no_shadow
}
cylinder {
	<42.513325, 32.011963, 23.318085>,  <42.502800, 31.782007, 23.385979>, 0.100000
	pigment { color rgbt <1,0,0,0> }
	no_shadow
}
cylinder {
	<42.513325, 32.011963, 23.318085>,  <42.530865, 32.395222, 23.204929>, 0.100000
	pigment { color rgbt <1,0,0,0> }
	no_shadow
}

// particle -1
sphere {
	<42.513325, 32.011963, 23.318085> 0.100000
	pigment { color rgbt <1,0,0,0> }
	no_shadow
}
sphere {
	0, 1
	scale<0.080000,0.200000,0.300000>
	matrix <0.121716, 0.275929, 0.953440,
		-0.991596, 0.076237, 0.104523,
		-0.043846, -0.958150, 0.282890,
		42.500172, 31.724518, 23.402952>
	pigment { color rgbt <0,1,1,0> }
	no_shadow
}
cylinder {
	<41.803345, 32.448364, 23.342669>,  <42.530865, 32.395222, 23.204929>, 0.130000
	pigment { color rgbt <1,0,0,0> }
	no_shadow
}

// nucleotide -1

// particle -1
sphere {
	<41.803345, 32.448364, 23.342669> 0.250000
	pigment { color rgbt <1,0,0,0> }
	no_shadow
}
cylinder {
	<41.640793, 32.247929, 23.648285>,  <41.543262, 32.127666, 23.831656>, 0.100000
	pigment { color rgbt <1,0,0,0> }
	no_shadow
}
cylinder {
	<41.640793, 32.247929, 23.648285>,  <41.803345, 32.448364, 23.342669>, 0.100000
	pigment { color rgbt <1,0,0,0> }
	no_shadow
}

// particle -1
sphere {
	<41.640793, 32.247929, 23.648285> 0.100000
	pigment { color rgbt <1,0,0,0> }
	no_shadow
}
sphere {
	0, 1
	scale<0.080000,0.200000,0.300000>
	matrix <0.728025, 0.327709, 0.602152,
		-0.552116, 0.800947, 0.231630,
		-0.406384, -0.501090, 0.764043,
		41.518879, 32.097603, 23.877499>
	pigment { color rgbt <0,1,1,0> }
	no_shadow
}
cylinder {
	<41.382877, 32.945351, 23.734640>,  <41.803345, 32.448364, 23.342669>, 0.130000
	pigment { color rgbt <1,0,0,0> }
	no_shadow
}

// nucleotide -1

// particle -1
sphere {
	<41.382877, 32.945351, 23.734640> 0.250000
	pigment { color rgbt <1,0,0,0> }
	no_shadow
}
cylinder {
	<41.564651, 32.631866, 23.904003>,  <41.673717, 32.443775, 24.005621>, 0.100000
	pigment { color rgbt <1,0,0,0> }
	no_shadow
}
cylinder {
	<41.564651, 32.631866, 23.904003>,  <41.382877, 32.945351, 23.734640>, 0.100000
	pigment { color rgbt <1,0,0,0> }
	no_shadow
}

// particle -1
sphere {
	<41.564651, 32.631866, 23.904003> 0.100000
	pigment { color rgbt <1,0,0,0> }
	no_shadow
}
sphere {
	0, 1
	scale<0.080000,0.200000,0.300000>
	matrix <0.659843, 0.615481, 0.431033,
		-0.598408, 0.083506, 0.796828,
		0.454439, -0.783715, 0.423410,
		41.700985, 32.396751, 24.031027>
	pigment { color rgbt <0,1,1,0> }
	no_shadow
}
cylinder {
	<41.588844, 33.000568, 24.477163>,  <41.382877, 32.945351, 23.734640>, 0.130000
	pigment { color rgbt <1,0,0,0> }
	no_shadow
}

// nucleotide -1

// particle -1
sphere {
	<41.588844, 33.000568, 24.477163> 0.250000
	pigment { color rgbt <1,0,0,0> }
	no_shadow
}
cylinder {
	<41.847832, 32.738914, 24.320759>,  <42.003223, 32.581921, 24.226915>, 0.100000
	pigment { color rgbt <1,0,0,0> }
	no_shadow
}
cylinder {
	<41.847832, 32.738914, 24.320759>,  <41.588844, 33.000568, 24.477163>, 0.100000
	pigment { color rgbt <1,0,0,0> }
	no_shadow
}

// particle -1
sphere {
	<41.847832, 32.738914, 24.320759> 0.100000
	pigment { color rgbt <1,0,0,0> }
	no_shadow
}
sphere {
	0, 1
	scale<0.080000,0.200000,0.300000>
	matrix <0.755092, 0.481248, 0.445238,
		-0.103074, -0.583525, 0.805527,
		0.647466, -0.654139, -0.391011,
		42.042072, 32.542671, 24.203455>
	pigment { color rgbt <0,1,1,0> }
	no_shadow
}
cylinder {
	<41.611443, 33.094044, 25.162718>,  <41.588844, 33.000568, 24.477163>, 0.130000
	pigment { color rgbt <1,0,0,0> }
	no_shadow
}

// nucleotide -1

// particle -1
sphere {
	<41.611443, 33.094044, 25.162718> 0.250000
	pigment { color rgbt <1,0,0,0> }
	no_shadow
}
cylinder {
	<41.223053, 33.044571, 25.080826>,  <40.990021, 33.014889, 25.031691>, 0.100000
	pigment { color rgbt <1,0,0,0> }
	no_shadow
}
cylinder {
	<41.223053, 33.044571, 25.080826>,  <41.611443, 33.094044, 25.162718>, 0.100000
	pigment { color rgbt <1,0,0,0> }
	no_shadow
}

// particle -1
sphere {
	<41.223053, 33.044571, 25.080826> 0.100000
	pigment { color rgbt <1,0,0,0> }
	no_shadow
}
sphere {
	0, 1
	scale<0.080000,0.200000,0.300000>
	matrix <-0.206913, 0.004923, 0.978347,
		-0.119996, 0.992310, -0.030372,
		-0.970973, -0.123682, -0.204731,
		40.931763, 33.007465, 25.019407>
	pigment { color rgbt <0,1,1,0> }
	no_shadow
}
cylinder {
	<41.236416, 33.547142, 25.639275>,  <41.611443, 33.094044, 25.162718>, 0.130000
	pigment { color rgbt <1,0,0,0> }
	no_shadow
}

// nucleotide -1

// particle -1
sphere {
	<41.236416, 33.547142, 25.639275> 0.250000
	pigment { color rgbt <1,0,0,0> }
	no_shadow
}
cylinder {
	<40.984413, 33.268093, 25.502796>,  <40.833210, 33.100666, 25.420908>, 0.100000
	pigment { color rgbt <1,0,0,0> }
	no_shadow
}
cylinder {
	<40.984413, 33.268093, 25.502796>,  <41.236416, 33.547142, 25.639275>, 0.100000
	pigment { color rgbt <1,0,0,0> }
	no_shadow
}

// particle -1
sphere {
	<40.984413, 33.268093, 25.502796> 0.100000
	pigment { color rgbt <1,0,0,0> }
	no_shadow
}
sphere {
	0, 1
	scale<0.080000,0.200000,0.300000>
	matrix <-0.161593, -0.311976, 0.936247,
		-0.759588, 0.644981, 0.083818,
		-0.630011, -0.697618, -0.341197,
		40.795410, 33.058807, 25.400436>
	pigment { color rgbt <0,1,1,0> }
	no_shadow
}
cylinder {
	<40.656479, 33.599232, 26.113861>,  <41.236416, 33.547142, 25.639275>, 0.130000
	pigment { color rgbt <1,0,0,0> }
	no_shadow
}

// nucleotide -1

// particle -1
sphere {
	<40.656479, 33.599232, 26.113861> 0.250000
	pigment { color rgbt <1,0,0,0> }
	no_shadow
}
cylinder {
	<40.629444, 33.232822, 25.955704>,  <40.613224, 33.012978, 25.860809>, 0.100000
	pigment { color rgbt <1,0,0,0> }
	no_shadow
}
cylinder {
	<40.629444, 33.232822, 25.955704>,  <40.656479, 33.599232, 26.113861>, 0.100000
	pigment { color rgbt <1,0,0,0> }
	no_shadow
}

// particle -1
sphere {
	<40.629444, 33.232822, 25.955704> 0.100000
	pigment { color rgbt <1,0,0,0> }
	no_shadow
}
sphere {
	0, 1
	scale<0.080000,0.200000,0.300000>
	matrix <-0.017843, -0.395128, 0.918453,
		-0.997554, 0.069131, 0.010362,
		-0.067588, -0.916021, -0.395395,
		40.609169, 32.958015, 25.837086>
	pigment { color rgbt <0,1,1,0> }
	no_shadow
}
cylinder {
	<40.064560, 33.312572, 26.430740>,  <40.656479, 33.599232, 26.113861>, 0.130000
	pigment { color rgbt <1,0,0,0> }
	no_shadow
}

// nucleotide -1

// particle -1
sphere {
	<40.064560, 33.312572, 26.430740> 0.250000
	pigment { color rgbt <1,0,0,0> }
	no_shadow
}
cylinder {
	<40.286118, 33.000950, 26.313251>,  <40.419052, 32.813976, 26.242758>, 0.100000
	pigment { color rgbt <1,0,0,0> }
	no_shadow
}
cylinder {
	<40.286118, 33.000950, 26.313251>,  <40.064560, 33.312572, 26.430740>, 0.100000
	pigment { color rgbt <1,0,0,0> }
	no_shadow
}

// particle -1
sphere {
	<40.286118, 33.000950, 26.313251> 0.100000
	pigment { color rgbt <1,0,0,0> }
	no_shadow
}
sphere {
	0, 1
	scale<0.080000,0.200000,0.300000>
	matrix <-0.176574, -0.454674, 0.872979,
		-0.813651, -0.431671, -0.389401,
		0.553890, -0.779058, -0.293725,
		40.452286, 32.767231, 26.225134>
	pigment { color rgbt <0,1,1,0> }
	no_shadow
}
cylinder {
	<39.668114, 32.776443, 26.559547>,  <40.064560, 33.312572, 26.430740>, 0.130000
	pigment { color rgbt <1,0,0,0> }
	no_shadow
}

// nucleotide -1

// particle -1
sphere {
	<39.668114, 32.776443, 26.559547> 0.250000
	pigment { color rgbt <1,0,0,0> }
	no_shadow
}
cylinder {
	<40.038998, 32.627480, 26.543613>,  <40.261528, 32.538101, 26.534054>, 0.100000
	pigment { color rgbt <1,0,0,0> }
	no_shadow
}
cylinder {
	<40.038998, 32.627480, 26.543613>,  <39.668114, 32.776443, 26.559547>, 0.100000
	pigment { color rgbt <1,0,0,0> }
	no_shadow
}

// particle -1
sphere {
	<40.038998, 32.627480, 26.543613> 0.100000
	pigment { color rgbt <1,0,0,0> }
	no_shadow
}
sphere {
	0, 1
	scale<0.080000,0.200000,0.300000>
	matrix <-0.185825, -0.549775, 0.814381,
		-0.325182, -0.747703, -0.578962,
		0.927214, -0.372408, -0.039835,
		40.317162, 32.515759, 26.531662>
	pigment { color rgbt <0,1,1,0> }
	no_shadow
}
cylinder {
	<39.553249, 32.086632, 26.609531>,  <39.668114, 32.776443, 26.559547>, 0.130000
	pigment { color rgbt <1,0,0,0> }
	no_shadow
}

// nucleotide -1

// particle -1
sphere {
	<39.553249, 32.086632, 26.609531> 0.250000
	pigment { color rgbt <1,0,0,0> }
	no_shadow
}
cylinder {
	<39.943035, 32.139023, 26.682476>,  <40.176907, 32.170460, 26.726242>, 0.100000
	pigment { color rgbt <1,0,0,0> }
	no_shadow
}
cylinder {
	<39.943035, 32.139023, 26.682476>,  <39.553249, 32.086632, 26.609531>, 0.100000
	pigment { color rgbt <1,0,0,0> }
	no_shadow
}

// particle -1
sphere {
	<39.943035, 32.139023, 26.682476> 0.100000
	pigment { color rgbt <1,0,0,0> }
	no_shadow
}
sphere {
	0, 1
	scale<0.080000,0.200000,0.300000>
	matrix <-0.037654, -0.705371, 0.707837,
		0.221345, -0.696632, -0.682430,
		0.974468, 0.130980, 0.182362,
		40.235374, 32.178318, 26.737185>
	pigment { color rgbt <0,1,1,0> }
	no_shadow
}
cylinder {
	<39.782562, 31.403746, 26.812695>,  <39.553249, 32.086632, 26.609531>, 0.130000
	pigment { color rgbt <1,0,0,0> }
	no_shadow
}

// nucleotide -1

// particle -1
sphere {
	<39.782562, 31.403746, 26.812695> 0.250000
	pigment { color rgbt <1,0,0,0> }
	no_shadow
}
cylinder {
	<40.088402, 31.612286, 26.964264>,  <40.271904, 31.737410, 27.055206>, 0.100000
	pigment { color rgbt <1,0,0,0> }
	no_shadow
}
cylinder {
	<40.088402, 31.612286, 26.964264>,  <39.782562, 31.403746, 26.812695>, 0.100000
	pigment { color rgbt <1,0,0,0> }
	no_shadow
}

// particle -1
sphere {
	<40.088402, 31.612286, 26.964264> 0.100000
	pigment { color rgbt <1,0,0,0> }
	no_shadow
}
sphere {
	0, 1
	scale<0.080000,0.200000,0.300000>
	matrix <0.056020, -0.639462, 0.766779,
		0.642070, -0.565049, -0.518137,
		0.764597, 0.521352, 0.378925,
		40.317780, 31.768692, 27.077942>
	pigment { color rgbt <0,1,1,0> }
	no_shadow
}
cylinder {
	<40.187748, 30.902382, 27.216635>,  <39.782562, 31.403746, 26.812695>, 0.130000
	pigment { color rgbt <1,0,0,0> }
	no_shadow
}

// nucleotide -1

// particle -1
sphere {
	<40.187748, 30.902382, 27.216635> 0.250000
	pigment { color rgbt <1,0,0,0> }
	no_shadow
}
cylinder {
	<40.303711, 31.262318, 27.347015>,  <40.373291, 31.478279, 27.425243>, 0.100000
	pigment { color rgbt <1,0,0,0> }
	no_shadow
}
cylinder {
	<40.303711, 31.262318, 27.347015>,  <40.187748, 30.902382, 27.216635>, 0.100000
	pigment { color rgbt <1,0,0,0> }
	no_shadow
}

// particle -1
sphere {
	<40.303711, 31.262318, 27.347015> 0.100000
	pigment { color rgbt <1,0,0,0> }
	no_shadow
}
sphere {
	0, 1
	scale<0.080000,0.200000,0.300000>
	matrix <0.014929, -0.344790, 0.938561,
		0.956938, -0.267231, -0.113392,
		0.289909, 0.899837, 0.325953,
		40.390682, 31.532269, 27.444801>
	pigment { color rgbt <0,1,1,0> }
	no_shadow
}
cylinder {
	<40.805218, 30.804733, 27.580910>,  <40.187748, 30.902382, 27.216635>, 0.130000
	pigment { color rgbt <1,0,0,0> }
	no_shadow
}

// nucleotide -1

// particle -1
sphere {
	<40.805218, 30.804733, 27.580910> 0.250000
	pigment { color rgbt <1,0,0,0> }
	no_shadow
}
cylinder {
	<40.639118, 31.142384, 27.716568>,  <40.539459, 31.344975, 27.797962>, 0.100000
	pigment { color rgbt <1,0,0,0> }
	no_shadow
}
cylinder {
	<40.639118, 31.142384, 27.716568>,  <40.805218, 30.804733, 27.580910>, 0.100000
	pigment { color rgbt <1,0,0,0> }
	no_shadow
}

// particle -1
sphere {
	<40.639118, 31.142384, 27.716568> 0.100000
	pigment { color rgbt <1,0,0,0> }
	no_shadow
}
sphere {
	0, 1
	scale<0.080000,0.200000,0.300000>
	matrix <0.121622, -0.317947, 0.940275,
		0.901541, 0.431696, 0.029363,
		-0.415249, 0.844126, 0.339146,
		40.514542, 31.395620, 27.818312>
	pigment { color rgbt <0,1,1,0> }
	no_shadow
}
cylinder {
	<41.174957, 30.916687, 28.076721>,  <40.805218, 30.804733, 27.580910>, 0.130000
	pigment { color rgbt <1,0,0,0> }
	no_shadow
}

// nucleotide -1

// particle -1
sphere {
	<41.174957, 30.916687, 28.076721> 0.250000
	pigment { color rgbt <1,0,0,0> }
	no_shadow
}
cylinder {
	<40.841656, 31.127163, 28.144611>,  <40.641674, 31.253448, 28.185345>, 0.100000
	pigment { color rgbt <1,0,0,0> }
	no_shadow
}
cylinder {
	<40.841656, 31.127163, 28.144611>,  <41.174957, 30.916687, 28.076721>, 0.100000
	pigment { color rgbt <1,0,0,0> }
	no_shadow
}

// particle -1
sphere {
	<40.841656, 31.127163, 28.144611> 0.100000
	pigment { color rgbt <1,0,0,0> }
	no_shadow
}
sphere {
	0, 1
	scale<0.080000,0.200000,0.300000>
	matrix <-0.115685, -0.466115, 0.877128,
		0.540647, 0.711239, 0.449266,
		-0.833257, 0.526190, 0.169724,
		40.591679, 31.285021, 28.195528>
	pigment { color rgbt <0,1,1,0> }
	no_shadow
}
cylinder {
	<41.149822, 30.969904, 28.923018>,  <41.174957, 30.916687, 28.076721>, 0.130000
	pigment { color rgbt <1,0,0,0> }
	no_shadow
}

// nucleotide -1

// particle -1
sphere {
	<41.149822, 30.969904, 28.923018> 0.250000
	pigment { color rgbt <1,0,0,0> }
	no_shadow
}
cylinder {
	<40.786713, 31.089577, 28.805416>,  <40.568848, 31.161381, 28.734856>, 0.100000
	pigment { color rgbt <1,0,0,0> }
	no_shadow
}
cylinder {
	<40.786713, 31.089577, 28.805416>,  <41.149822, 30.969904, 28.923018>, 0.100000
	pigment { color rgbt <1,0,0,0> }
	no_shadow
}

// particle -1
sphere {
	<40.786713, 31.089577, 28.805416> 0.100000
	pigment { color rgbt <1,0,0,0> }
	no_shadow
}
sphere {
	0, 1
	scale<0.080000,0.200000,0.300000>
	matrix <-0.398729, -0.397839, 0.826281,
		0.130242, 0.867303, 0.480440,
		-0.907773, 0.299182, -0.294003,
		40.514381, 31.179331, 28.717215>
	pigment { color rgbt <0,1,1,0> }
	no_shadow
}
cylinder {
	<40.788563, 31.367500, 29.440226>,  <41.149822, 30.969904, 28.923018>, 0.130000
	pigment { color rgbt <1,0,0,0> }
	no_shadow
}

// nucleotide -1

// particle -1
sphere {
	<40.788563, 31.367500, 29.440226> 0.250000
	pigment { color rgbt <1,0,0,0> }
	no_shadow
}
cylinder {
	<40.490982, 31.230160, 29.210915>,  <40.312435, 31.147755, 29.073328>, 0.100000
	pigment { color rgbt <1,0,0,0> }
	no_shadow
}
cylinder {
	<40.490982, 31.230160, 29.210915>,  <40.788563, 31.367500, 29.440226>, 0.100000
	pigment { color rgbt <1,0,0,0> }
	no_shadow
}

// particle -1
sphere {
	<40.490982, 31.230160, 29.210915> 0.100000
	pigment { color rgbt <1,0,0,0> }
	no_shadow
}
sphere {
	0, 1
	scale<0.080000,0.200000,0.300000>
	matrix <-0.450428, -0.376048, 0.809755,
		-0.493609, 0.860638, 0.125107,
		-0.743952, -0.343351, -0.573276,
		40.267796, 31.127155, 29.038931>
	pigment { color rgbt <0,1,1,0> }
	no_shadow
}
cylinder {
	<40.079609, 31.613710, 29.723185>,  <40.788563, 31.367500, 29.440226>, 0.130000
	pigment { color rgbt <1,0,0,0> }
	no_shadow
}

// nucleotide -1

// particle -1
sphere {
	<40.079609, 31.613710, 29.723185> 0.250000
	pigment { color rgbt <1,0,0,0> }
	no_shadow
}
cylinder {
	<39.996540, 31.277782, 29.522556>,  <39.946697, 31.076225, 29.402180>, 0.100000
	pigment { color rgbt <1,0,0,0> }
	no_shadow
}
cylinder {
	<39.996540, 31.277782, 29.522556>,  <40.079609, 31.613710, 29.723185>, 0.100000
	pigment { color rgbt <1,0,0,0> }
	no_shadow
}

// particle -1
sphere {
	<39.996540, 31.277782, 29.522556> 0.100000
	pigment { color rgbt <1,0,0,0> }
	no_shadow
}
sphere {
	0, 1
	scale<0.080000,0.200000,0.300000>
	matrix <-0.496482, -0.351302, 0.793784,
		-0.842838, 0.413871, -0.343998,
		-0.207677, -0.839820, -0.501571,
		39.934238, 31.025837, 29.372086>
	pigment { color rgbt <0,1,1,0> }
	no_shadow
}
cylinder {
	<39.521191, 31.403788, 30.034531>,  <40.079609, 31.613710, 29.723185>, 0.130000
	pigment { color rgbt <1,0,0,0> }
	no_shadow
}

// nucleotide -1

// particle -1
sphere {
	<39.521191, 31.403788, 30.034531> 0.250000
	pigment { color rgbt <1,0,0,0> }
	no_shadow
}
cylinder {
	<39.664196, 31.086868, 29.836765>,  <39.750000, 30.896717, 29.718105>, 0.100000
	pigment { color rgbt <1,0,0,0> }
	no_shadow
}
cylinder {
	<39.664196, 31.086868, 29.836765>,  <39.521191, 31.403788, 30.034531>, 0.100000
	pigment { color rgbt <1,0,0,0> }
	no_shadow
}

// particle -1
sphere {
	<39.664196, 31.086868, 29.836765> 0.100000
	pigment { color rgbt <1,0,0,0> }
	no_shadow
}
sphere {
	0, 1
	scale<0.080000,0.200000,0.300000>
	matrix <-0.412912, -0.608951, 0.677261,
		-0.837667, -0.037982, -0.544859,
		0.357516, -0.792298, -0.494415,
		39.771450, 30.849178, 29.688440>
	pigment { color rgbt <0,1,1,0> }
	no_shadow
}
cylinder {
	<39.073215, 30.898441, 30.234035>,  <39.521191, 31.403788, 30.034531>, 0.130000
	pigment { color rgbt <1,0,0,0> }
	no_shadow
}

// nucleotide -1

// particle -1
sphere {
	<39.073215, 30.898441, 30.234035> 0.250000
	pigment { color rgbt <1,0,0,0> }
	no_shadow
}
cylinder {
	<39.380974, 30.709370, 30.062176>,  <39.565628, 30.595926, 29.959061>, 0.100000
	pigment { color rgbt <1,0,0,0> }
	no_shadow
}
cylinder {
	<39.380974, 30.709370, 30.062176>,  <39.073215, 30.898441, 30.234035>, 0.100000
	pigment { color rgbt <1,0,0,0> }
	no_shadow
}

// particle -1
sphere {
	<39.380974, 30.709370, 30.062176> 0.100000
	pigment { color rgbt <1,0,0,0> }
	no_shadow
}
sphere {
	0, 1
	scale<0.080000,0.200000,0.300000>
	matrix <-0.112423, -0.762328, 0.637352,
		-0.628797, -0.442075, -0.639674,
		0.769399, -0.472679, -0.429650,
		39.611794, 30.567566, 29.933281>
	pigment { color rgbt <0,1,1,0> }
	no_shadow
}
cylinder {
	<38.829914, 30.229698, 30.174580>,  <39.073215, 30.898441, 30.234035>, 0.130000
	pigment { color rgbt <1,0,0,0> }
	no_shadow
}

// nucleotide -1

// particle -1
sphere {
	<38.829914, 30.229698, 30.174580> 0.250000
	pigment { color rgbt <1,0,0,0> }
	no_shadow
}
cylinder {
	<39.227673, 30.195934, 30.149109>,  <39.466328, 30.175676, 30.133825>, 0.100000
	pigment { color rgbt <1,0,0,0> }
	no_shadow
}
cylinder {
	<39.227673, 30.195934, 30.149109>,  <38.829914, 30.229698, 30.174580>, 0.100000
	pigment { color rgbt <1,0,0,0> }
	no_shadow
}

// particle -1
sphere {
	<39.227673, 30.195934, 30.149109> 0.100000
	pigment { color rgbt <1,0,0,0> }
	no_shadow
}
sphere {
	0, 1
	scale<0.080000,0.200000,0.300000>
	matrix <-0.036116, -0.837168, 0.545752,
		-0.099377, -0.540393, -0.835524,
		0.994395, -0.084411, -0.063678,
		39.525990, 30.170610, 30.130005>
	pigment { color rgbt <0,1,1,0> }
	no_shadow
}
cylinder {
	<38.955204, 29.499952, 30.021074>,  <38.829914, 30.229698, 30.174580>, 0.130000
	pigment { color rgbt <1,0,0,0> }
	no_shadow
}

// nucleotide -1

// particle -1
sphere {
	<38.955204, 29.499952, 30.021074> 0.250000
	pigment { color rgbt <1,0,0,0> }
	no_shadow
}
cylinder {
	<39.267578, 29.677109, 30.197250>,  <39.455002, 29.783401, 30.302956>, 0.100000
	pigment { color rgbt <1,0,0,0> }
	no_shadow
}
cylinder {
	<39.267578, 29.677109, 30.197250>,  <38.955204, 29.499952, 30.021074>, 0.100000
	pigment { color rgbt <1,0,0,0> }
	no_shadow
}

// particle -1
sphere {
	<39.267578, 29.677109, 30.197250> 0.100000
	pigment { color rgbt <1,0,0,0> }
	no_shadow
}
sphere {
	0, 1
	scale<0.080000,0.200000,0.300000>
	matrix <0.093689, -0.780223, 0.618445,
		0.617544, -0.441702, -0.650799,
		0.780936, 0.442890, 0.440440,
		39.501858, 29.809977, 30.329382>
	pigment { color rgbt <0,1,1,0> }
	no_shadow
}
cylinder {
	<39.605083, 28.921661, 30.084656>,  <38.955204, 29.499952, 30.021074>, 0.130000
	pigment { color rgbt <1,0,0,0> }
	no_shadow
}

// nucleotide -1

// particle -1
sphere {
	<39.605083, 28.921661, 30.084656> 0.250000
	pigment { color rgbt <1,0,0,0> }
	no_shadow
}
cylinder {
	<39.646389, 29.226097, 30.340805>,  <39.671173, 29.408758, 30.494495>, 0.100000
	pigment { color rgbt <1,0,0,0> }
	no_shadow
}
cylinder {
	<39.646389, 29.226097, 30.340805>,  <39.605083, 28.921661, 30.084656>, 0.100000
	pigment { color rgbt <1,0,0,0> }
	no_shadow
}

// particle -1
sphere {
	<39.646389, 29.226097, 30.340805> 0.100000
	pigment { color rgbt <1,0,0,0> }
	no_shadow
}
sphere {
	0, 1
	scale<0.080000,0.200000,0.300000>
	matrix <0.170832, -0.647821, 0.742391,
		0.979874, 0.032734, -0.196915,
		0.103264, 0.761089, 0.640375,
		39.677368, 29.454424, 30.532917>
	pigment { color rgbt <0,1,1,0> }
	no_shadow
}
cylinder {
	<40.137402, 28.694031, 30.498672>,  <39.605083, 28.921661, 30.084656>, 0.130000
	pigment { color rgbt <1,0,0,0> }
	no_shadow
}

// nucleotide -1

// particle -1
sphere {
	<40.137402, 28.694031, 30.498672> 0.250000
	pigment { color rgbt <1,0,0,0> }
	no_shadow
}
cylinder {
	<39.947430, 28.976227, 30.709091>,  <39.833447, 29.145544, 30.835342>, 0.100000
	pigment { color rgbt <1,0,0,0> }
	no_shadow
}
cylinder {
	<39.947430, 28.976227, 30.709091>,  <40.137402, 28.694031, 30.498672>, 0.100000
	pigment { color rgbt <1,0,0,0> }
	no_shadow
}

// particle -1
sphere {
	<39.947430, 28.976227, 30.709091> 0.100000
	pigment { color rgbt <1,0,0,0> }
	no_shadow
}
sphere {
	0, 1
	scale<0.080000,0.200000,0.300000>
	matrix <-0.044987, -0.616446, 0.786111,
		0.878874, 0.349681, 0.324505,
		-0.474928, 0.705491, 0.526047,
		39.804951, 29.187874, 30.866905>
	pigment { color rgbt <0,1,1,0> }
	no_shadow
}
cylinder {
	<40.215813, 28.498764, 31.153801>,  <40.137402, 28.694031, 30.498672>, 0.130000
	pigment { color rgbt <1,0,0,0> }
	no_shadow
}

// nucleotide -1

// particle -1
sphere {
	<40.215813, 28.498764, 31.153801> 0.250000
	pigment { color rgbt <1,0,0,0> }
	no_shadow
}
cylinder {
	<39.975330, 28.801617, 31.256020>,  <39.831039, 28.983328, 31.317350>, 0.100000
	pigment { color rgbt <1,0,0,0> }
	no_shadow
}
cylinder {
	<39.975330, 28.801617, 31.256020>,  <40.215813, 28.498764, 31.153801>, 0.100000
	pigment { color rgbt <1,0,0,0> }
	no_shadow
}

// particle -1
sphere {
	<39.975330, 28.801617, 31.256020> 0.100000
	pigment { color rgbt <1,0,0,0> }
	no_shadow
}
sphere {
	0, 1
	scale<0.080000,0.200000,0.300000>
	matrix <-0.368405, -0.546398, 0.752148,
		0.709104, 0.358052, 0.607429,
		-0.601206, 0.757131, 0.255545,
		39.794968, 29.028755, 31.332684>
	pigment { color rgbt <0,1,1,0> }
	no_shadow
}
cylinder {
	<40.333061, 28.674990, 31.814493>,  <40.215813, 28.498764, 31.153801>, 0.130000
	pigment { color rgbt <1,0,0,0> }
	no_shadow
}

// nucleotide -1

// particle -1
sphere {
	<40.333061, 28.674990, 31.814493> 0.250000
	pigment { color rgbt <1,0,0,0> }
	no_shadow
}
cylinder {
	<39.953346, 28.779648, 31.744755>,  <39.725517, 28.842442, 31.702911>, 0.100000
	pigment { color rgbt <1,0,0,0> }
	no_shadow
}
cylinder {
	<39.953346, 28.779648, 31.744755>,  <40.333061, 28.674990, 31.814493>, 0.100000
	pigment { color rgbt <1,0,0,0> }
	no_shadow
}

// particle -1
sphere {
	<39.953346, 28.779648, 31.744755> 0.100000
	pigment { color rgbt <1,0,0,0> }
	no_shadow
}
sphere {
	0, 1
	scale<0.080000,0.200000,0.300000>
	matrix <-0.308205, -0.664746, 0.680531,
		0.062160, 0.699754, 0.711675,
		-0.949287, 0.261643, -0.174347,
		39.668560, 28.858141, 31.692451>
	pigment { color rgbt <0,1,1,0> }
	no_shadow
}
cylinder {
	<40.015747, 28.915897, 32.420029>,  <40.333061, 28.674990, 31.814493>, 0.130000
	pigment { color rgbt <1,0,0,0> }
	no_shadow
}

// nucleotide -1

// particle -1
sphere {
	<40.015747, 28.915897, 32.420029> 0.250000
	pigment { color rgbt <1,0,0,0> }
	no_shadow
}
cylinder {
	<39.756733, 28.738766, 32.171967>,  <39.601322, 28.632486, 32.023129>, 0.100000
	pigment { color rgbt <1,0,0,0> }
	no_shadow
}
cylinder {
	<39.756733, 28.738766, 32.171967>,  <40.015747, 28.915897, 32.420029>, 0.100000
	pigment { color rgbt <1,0,0,0> }
	no_shadow
}

// particle -1
sphere {
	<39.756733, 28.738766, 32.171967> 0.100000
	pigment { color rgbt <1,0,0,0> }
	no_shadow
}
sphere {
	0, 1
	scale<0.080000,0.200000,0.300000>
	matrix <-0.342309, -0.558059, 0.755907,
		-0.680822, 0.701764, 0.209781,
		-0.647538, -0.442828, -0.620159,
		39.562473, 28.605917, 31.985918>
	pigment { color rgbt <0,1,1,0> }
	no_shadow
}
cylinder {
	<40.660213, 28.538942, 32.614273>,  <40.015747, 28.915897, 32.420029>, 0.130000
	pigment { color rgbt <1,0,0,0> }
	no_shadow
}

// nucleotide -1

// particle -1
sphere {
	<40.660213, 28.538942, 32.614273> 0.250000
	pigment { color rgbt <1,0,0,0> }
	no_shadow
}
cylinder {
	<40.903748, 28.729168, 32.360294>,  <41.049870, 28.843304, 32.207909>, 0.100000
	pigment { color rgbt <1,0,0,0> }
	no_shadow
}
cylinder {
	<40.903748, 28.729168, 32.360294>,  <40.660213, 28.538942, 32.614273>, 0.100000
	pigment { color rgbt <1,0,0,0> }
	no_shadow
}

// particle -1
sphere {
	<40.903748, 28.729168, 32.360294> 0.100000
	pigment { color rgbt <1,0,0,0> }
	no_shadow
}
sphere {
	0, 1
	scale<0.080000,0.200000,0.300000>
	matrix <0.792213, -0.322712, 0.517934,
		0.041407, -0.818349, -0.573228,
		0.608838, 0.475565, -0.634944,
		41.086399, 28.871838, 32.169811>
	pigment { color rgbt <0,1,1,0> }
	no_shadow
}
cylinder {
	<41.123337, 28.029642, 32.263565>,  <40.660213, 28.538942, 32.614273>, 0.130000
	pigment { color rgbt <1,0,0,0> }
	no_shadow
}

// nucleotide -1

// particle -1
sphere {
	<41.123337, 28.029642, 32.263565> 0.250000
	pigment { color rgbt <1,0,0,0> }
	no_shadow
}
cylinder {
	<41.298626, 28.388767, 32.246181>,  <41.403801, 28.604242, 32.235752>, 0.100000
	pigment { color rgbt <1,0,0,0> }
	no_shadow
}
cylinder {
	<41.298626, 28.388767, 32.246181>,  <41.123337, 28.029642, 32.263565>, 0.100000
	pigment { color rgbt <1,0,0,0> }
	no_shadow
}

// particle -1
sphere {
	<41.298626, 28.388767, 32.246181> 0.100000
	pigment { color rgbt <1,0,0,0> }
	no_shadow
}
sphere {
	0, 1
	scale<0.080000,0.200000,0.300000>
	matrix <0.867195, -0.409572, 0.283236,
		0.236492, -0.161813, -0.958065,
		0.438228, 0.897813, -0.043463,
		41.430096, 28.658112, 32.233143>
	pigment { color rgbt <0,1,1,0> }
	no_shadow
}
cylinder {
	<41.485504, 27.239780, 32.375546>,  <41.123337, 28.029642, 32.263565>, 0.130000
	pigment { color rgbt <1,0,0,0> }
	no_shadow
}

// nucleotide -1

// particle -1
sphere {
	<41.485504, 27.239780, 32.375546> 0.250000
	pigment { color rgbt <1,0,0,0> }
	no_shadow
}
cylinder {
	<41.548428, 26.853397, 32.293392>,  <41.586182, 26.621569, 32.244099>, 0.100000
	pigment { color rgbt <1,0,0,0> }
	no_shadow
}
cylinder {
	<41.548428, 26.853397, 32.293392>,  <41.485504, 27.239780, 32.375546>, 0.100000
	pigment { color rgbt <1,0,0,0> }
	no_shadow
}

// particle -1
sphere {
	<41.548428, 26.853397, 32.293392> 0.100000
	pigment { color rgbt <1,0,0,0> }
	no_shadow
}
sphere {
	0, 1
	scale<0.080000,0.200000,0.300000>
	matrix <-0.968857, -0.191231, 0.157311,
		-0.191231, 0.174239, -0.965956,
		-0.157311, 0.965956, 0.205382,
		41.595619, 26.563610, 32.231777>
	pigment { color rgbt <0,1,1,0> }
	no_shadow
}
cylinder {
	<41.202690, 27.080666, 31.718422>,  <41.485504, 27.239780, 32.375546>, 0.130000
	pigment { color rgbt <1,0,0,0> }
	no_shadow
}

// nucleotide -1

// particle -1
sphere {
	<41.202690, 27.080666, 31.718422> 0.250000
	pigment { color rgbt <1,0,0,0> }
	no_shadow
}
cylinder {
	<41.178833, 26.748840, 31.940510>,  <41.164520, 26.549746, 32.073761>, 0.100000
	pigment { color rgbt <1,0,0,0> }
	no_shadow
}
cylinder {
	<41.178833, 26.748840, 31.940510>,  <41.202690, 27.080666, 31.718422>, 0.100000
	pigment { color rgbt <1,0,0,0> }
	no_shadow
}

// particle -1
sphere {
	<41.178833, 26.748840, 31.940510> 0.100000
	pigment { color rgbt <1,0,0,0> }
	no_shadow
}
sphere {
	0, 1
	scale<0.080000,0.200000,0.300000>
	matrix <-0.966271, -0.091615, -0.240681,
		0.250527, -0.550846, -0.796119,
		-0.059641, -0.829564, 0.555218,
		41.160942, 26.499971, 32.107075>
	pigment { color rgbt <0,1,1,0> }
	no_shadow
}
cylinder {
	<40.728012, 26.572916, 31.378296>,  <41.202690, 27.080666, 31.718422>, 0.130000
	pigment { color rgbt <1,0,0,0> }
	no_shadow
}

// nucleotide -1

// particle -1
sphere {
	<40.728012, 26.572916, 31.378296> 0.250000
	pigment { color rgbt <1,0,0,0> }
	no_shadow
}
cylinder {
	<40.752750, 26.416847, 31.745762>,  <40.767593, 26.323206, 31.966242>, 0.100000
	pigment { color rgbt <1,0,0,0> }
	no_shadow
}
cylinder {
	<40.752750, 26.416847, 31.745762>,  <40.728012, 26.572916, 31.378296>, 0.100000
	pigment { color rgbt <1,0,0,0> }
	no_shadow
}

// particle -1
sphere {
	<40.752750, 26.416847, 31.745762> 0.100000
	pigment { color rgbt <1,0,0,0> }
	no_shadow
}
sphere {
	0, 1
	scale<0.080000,0.200000,0.300000>
	matrix <-0.888310, -0.441169, -0.127569,
		0.455060, -0.808168, -0.373877,
		0.061846, -0.390171, 0.918663,
		40.771305, 26.299795, 32.021362>
	pigment { color rgbt <0,1,1,0> }
	no_shadow
}
cylinder {
	<40.410763, 26.028429, 30.990793>,  <40.728012, 26.572916, 31.378296>, 0.130000
	pigment { color rgbt <1,0,0,0> }
	no_shadow
}

// nucleotide -1

// particle -1
sphere {
	<40.410763, 26.028429, 30.990793> 0.250000
	pigment { color rgbt <1,0,0,0> }
	no_shadow
}
cylinder {
	<40.026131, 25.926506, 31.031666>,  <39.795353, 25.865353, 31.056189>, 0.100000
	pigment { color rgbt <1,0,0,0> }
	no_shadow
}
cylinder {
	<40.026131, 25.926506, 31.031666>,  <40.410763, 26.028429, 30.990793>, 0.100000
	pigment { color rgbt <1,0,0,0> }
	no_shadow
}

// particle -1
sphere {
	<40.026131, 25.926506, 31.031666> 0.100000
	pigment { color rgbt <1,0,0,0> }
	no_shadow
}
sphere {
	0, 1
	scale<0.080000,0.200000,0.300000>
	matrix <-0.116803, 0.042887, -0.992229,
		0.248447, -0.966040, -0.071002,
		-0.961578, -0.254809, 0.102181,
		39.737656, 25.850063, 31.062321>
	pigment { color rgbt <0,1,1,0> }
	no_shadow
}
cylinder {
	<40.140415, 25.339006, 30.608717>,  <40.410763, 26.028429, 30.990793>, 0.130000
	pigment { color rgbt <1,0,0,0> }
	no_shadow
}

// nucleotide -1

// particle -1
sphere {
	<40.140415, 25.339006, 30.608717> 0.250000
	pigment { color rgbt <1,0,0,0> }
	no_shadow
}
cylinder {
	<39.852383, 25.614681, 30.640991>,  <39.679565, 25.780087, 30.660355>, 0.100000
	pigment { color rgbt <1,0,0,0> }
	no_shadow
}
cylinder {
	<39.852383, 25.614681, 30.640991>,  <40.140415, 25.339006, 30.608717>, 0.100000
	pigment { color rgbt <1,0,0,0> }
	no_shadow
}

// particle -1
sphere {
	<39.852383, 25.614681, 30.640991> 0.100000
	pigment { color rgbt <1,0,0,0> }
	no_shadow
}
sphere {
	0, 1
	scale<0.080000,0.200000,0.300000>
	matrix <-0.016962, 0.098759, -0.994967,
		-0.693687, -0.717821, -0.059424,
		-0.720077, 0.689187, 0.080683,
		39.636360, 25.821438, 30.665195>
	pigment { color rgbt <0,1,1,0> }
	no_shadow
}
cylinder {
	<39.810047, 25.396355, 29.961349>,  <40.140415, 25.339006, 30.608717>, 0.130000
	pigment { color rgbt <1,0,0,0> }
	no_shadow
}

// nucleotide -1

// particle -1
sphere {
	<39.810047, 25.396355, 29.961349> 0.250000
	pigment { color rgbt <1,0,0,0> }
	no_shadow
}
cylinder {
	<39.618916, 25.684910, 30.161861>,  <39.504238, 25.858044, 30.282169>, 0.100000
	pigment { color rgbt <1,0,0,0> }
	no_shadow
}
cylinder {
	<39.618916, 25.684910, 30.161861>,  <39.810047, 25.396355, 29.961349>, 0.100000
	pigment { color rgbt <1,0,0,0> }
	no_shadow
}

// particle -1
sphere {
	<39.618916, 25.684910, 30.161861> 0.100000
	pigment { color rgbt <1,0,0,0> }
	no_shadow
}
sphere {
	0, 1
	scale<0.080000,0.200000,0.300000>
	matrix <-0.234458, 0.445212, -0.864185,
		-0.846588, -0.530459, -0.043599,
		-0.477826, 0.721387, 0.501281,
		39.475567, 25.901325, 30.312246>
	pigment { color rgbt <0,1,1,0> }
	no_shadow
}
cylinder {
	<39.085201, 25.494762, 29.774807>,  <39.810047, 25.396355, 29.961349>, 0.130000
	pigment { color rgbt <1,0,0,0> }
	no_shadow
}

// nucleotide -1

// particle -1
sphere {
	<39.085201, 25.494762, 29.774807> 0.250000
	pigment { color rgbt <1,0,0,0> }
	no_shadow
}
cylinder {
	<39.296227, 25.820042, 29.873096>,  <39.422844, 26.015209, 29.932070>, 0.100000
	pigment { color rgbt <1,0,0,0> }
	no_shadow
}
cylinder {
	<39.296227, 25.820042, 29.873096>,  <39.085201, 25.494762, 29.774807>, 0.100000
	pigment { color rgbt <1,0,0,0> }
	no_shadow
}

// particle -1
sphere {
	<39.296227, 25.820042, 29.873096> 0.100000
	pigment { color rgbt <1,0,0,0> }
	no_shadow
}
sphere {
	0, 1
	scale<0.080000,0.200000,0.300000>
	matrix <-0.148090, 0.372861, -0.915994,
		-0.836506, 0.446859, 0.317136,
		0.527568, 0.813198, 0.245725,
		39.454498, 26.064001, 29.946814>
	pigment { color rgbt <0,1,1,0> }
	no_shadow
}
cylinder {
	<38.746410, 25.936958, 29.375572>,  <39.085201, 25.494762, 29.774807>, 0.130000
	pigment { color rgbt <1,0,0,0> }
	no_shadow
}

// nucleotide -1

// particle -1
sphere {
	<38.746410, 25.936958, 29.375572> 0.250000
	pigment { color rgbt <1,0,0,0> }
	no_shadow
}
cylinder {
	<39.111580, 26.078514, 29.456890>,  <39.330681, 26.163448, 29.505680>, 0.100000
	pigment { color rgbt <1,0,0,0> }
	no_shadow
}
cylinder {
	<39.111580, 26.078514, 29.456890>,  <38.746410, 25.936958, 29.375572>, 0.100000
	pigment { color rgbt <1,0,0,0> }
	no_shadow
}

// particle -1
sphere {
	<39.111580, 26.078514, 29.456890> 0.100000
	pigment { color rgbt <1,0,0,0> }
	no_shadow
}
sphere {
	0, 1
	scale<0.080000,0.200000,0.300000>
	matrix <-0.064015, 0.616114, -0.785051,
		-0.403073, 0.703679, 0.585121,
		0.912926, 0.353890, 0.203293,
		39.385456, 26.184681, 29.517878>
	pigment { color rgbt <0,1,1,0> }
	no_shadow
}
cylinder {
	<38.702457, 26.653797, 29.393425>,  <38.746410, 25.936958, 29.375572>, 0.130000
	pigment { color rgbt <1,0,0,0> }
	no_shadow
}

// nucleotide -1

// particle -1
sphere {
	<38.702457, 26.653797, 29.393425> 0.250000
	pigment { color rgbt <1,0,0,0> }
	no_shadow
}
cylinder {
	<39.100395, 26.634922, 29.357521>,  <39.339157, 26.623596, 29.335979>, 0.100000
	pigment { color rgbt <1,0,0,0> }
	no_shadow
}
cylinder {
	<39.100395, 26.634922, 29.357521>,  <38.702457, 26.653797, 29.393425>, 0.100000
	pigment { color rgbt <1,0,0,0> }
	no_shadow
}

// particle -1
sphere {
	<39.100395, 26.634922, 29.357521> 0.100000
	pigment { color rgbt <1,0,0,0> }
	no_shadow
}
sphere {
	0, 1
	scale<0.080000,0.200000,0.300000>
	matrix <-0.033473, 0.682714, -0.729919,
		0.095723, 0.729161, 0.677615,
		0.994845, -0.047188, -0.089759,
		39.398849, 26.620766, 29.330593>
	pigment { color rgbt <0,1,1,0> }
	no_shadow
}
cylinder {
	<38.847660, 27.326097, 29.429274>,  <38.702457, 26.653797, 29.393425>, 0.130000
	pigment { color rgbt <1,0,0,0> }
	no_shadow
}

// nucleotide -1

// particle -1
sphere {
	<38.847660, 27.326097, 29.429274> 0.250000
	pigment { color rgbt <1,0,0,0> }
	no_shadow
}
cylinder {
	<39.153969, 27.135368, 29.256653>,  <39.337753, 27.020931, 29.153080>, 0.100000
	pigment { color rgbt <1,0,0,0> }
	no_shadow
}
cylinder {
	<39.153969, 27.135368, 29.256653>,  <38.847660, 27.326097, 29.429274>, 0.100000
	pigment { color rgbt <1,0,0,0> }
	no_shadow
}

// particle -1
sphere {
	<39.153969, 27.135368, 29.256653> 0.100000
	pigment { color rgbt <1,0,0,0> }
	no_shadow
}
sphere {
	0, 1
	scale<0.080000,0.200000,0.300000>
	matrix <-0.031584, 0.642341, -0.765768,
		0.642341, 0.600030, 0.476824,
		0.765768, -0.476824, -0.431554,
		39.383698, 26.992321, 29.127186>
	pigment { color rgbt <0,1,1,0> }
	no_shadow
}
cylinder {
	<39.332771, 27.864182, 29.225811>,  <38.847660, 27.326097, 29.429274>, 0.130000
	pigment { color rgbt <1,0,0,0> }
	no_shadow
}

// nucleotide -1

// particle -1
sphere {
	<39.332771, 27.864182, 29.225811> 0.250000
	pigment { color rgbt <1,0,0,0> }
	no_shadow
}
cylinder {
	<39.413513, 27.551594, 28.989655>,  <39.461960, 27.364040, 28.847961>, 0.100000
	pigment { color rgbt <1,0,0,0> }
	no_shadow
}
cylinder {
	<39.413513, 27.551594, 28.989655>,  <39.332771, 27.864182, 29.225811>, 0.100000
	pigment { color rgbt <1,0,0,0> }
	no_shadow
}

// particle -1
sphere {
	<39.413513, 27.551594, 28.989655> 0.100000
	pigment { color rgbt <1,0,0,0> }
	no_shadow
}
sphere {
	0, 1
	scale<0.080000,0.200000,0.300000>
	matrix <-0.071430, 0.589446, -0.804643,
		0.976806, 0.204597, 0.063165,
		0.201859, -0.781469, -0.590389,
		39.474072, 27.317154, 28.812538>
	pigment { color rgbt <0,1,1,0> }
	no_shadow
}
cylinder {
	<39.767334, 28.133886, 28.806004>,  <39.332771, 27.864182, 29.225811>, 0.130000
	pigment { color rgbt <1,0,0,0> }
	no_shadow
}

// nucleotide -1

// particle -1
sphere {
	<39.767334, 28.133886, 28.806004> 0.250000
	pigment { color rgbt <1,0,0,0> }
	no_shadow
}
cylinder {
	<39.615227, 27.812702, 28.622417>,  <39.523964, 27.619991, 28.512266>, 0.100000
	pigment { color rgbt <1,0,0,0> }
	no_shadow
}
cylinder {
	<39.615227, 27.812702, 28.622417>,  <39.767334, 28.133886, 28.806004>, 0.100000
	pigment { color rgbt <1,0,0,0> }
	no_shadow
}

// particle -1
sphere {
	<39.615227, 27.812702, 28.622417> 0.100000
	pigment { color rgbt <1,0,0,0> }
	no_shadow
}
sphere {
	0, 1
	scale<0.080000,0.200000,0.300000>
	matrix <-0.040286, 0.510156, -0.859138,
		0.924000, -0.308210, -0.226342,
		-0.380264, -0.802962, -0.458967,
		39.501148, 27.571814, 28.484728>
	pigment { color rgbt <0,1,1,0> }
	no_shadow
}
cylinder {
	<40.253677, 27.883690, 28.383224>,  <39.767334, 28.133886, 28.806004>, 0.130000
	pigment { color rgbt <1,0,0,0> }
	no_shadow
}

// nucleotide -1

// particle -1
sphere {
	<40.253677, 27.883690, 28.383224> 0.250000
	pigment { color rgbt <1,0,0,0> }
	no_shadow
}
cylinder {
	<39.902847, 27.763229, 28.233536>,  <39.692348, 27.690952, 28.143723>, 0.100000
	pigment { color rgbt <1,0,0,0> }
	no_shadow
}
cylinder {
	<39.902847, 27.763229, 28.233536>,  <40.253677, 27.883690, 28.383224>, 0.100000
	pigment { color rgbt <1,0,0,0> }
	no_shadow
}

// particle -1
sphere {
	<39.902847, 27.763229, 28.233536> 0.100000
	pigment { color rgbt <1,0,0,0> }
	no_shadow
}
sphere {
	0, 1
	scale<0.080000,0.200000,0.300000>
	matrix <0.152479, 0.564219, -0.811423,
		0.455503, -0.768742, -0.448946,
		-0.877079, -0.301151, -0.374221,
		39.639725, 27.672884, 28.121269>
	pigment { color rgbt <0,1,1,0> }
	no_shadow
}
cylinder {
	<40.473885, 27.824068, 27.629850>,  <40.253677, 27.883690, 28.383224>, 0.130000
	pigment { color rgbt <1,0,0,0> }
	no_shadow
}

// nucleotide -1

// particle -1
sphere {
	<40.473885, 27.824068, 27.629850> 0.250000
	pigment { color rgbt <1,0,0,0> }
	no_shadow
}
cylinder {
	<40.078072, 27.848328, 27.682228>,  <39.840584, 27.862885, 27.713655>, 0.100000
	pigment { color rgbt <1,0,0,0> }
	no_shadow
}
cylinder {
	<40.078072, 27.848328, 27.682228>,  <40.473885, 27.824068, 27.629850>, 0.100000
	pigment { color rgbt <1,0,0,0> }
	no_shadow
}

// particle -1
sphere {
	<40.078072, 27.848328, 27.682228> 0.100000
	pigment { color rgbt <1,0,0,0> }
	no_shadow
}
sphere {
	0, 1
	scale<0.080000,0.200000,0.300000>
	matrix <-0.055640, 0.676880, -0.733988,
