// switches for output
#declare DRAW_BASES = 1; // possible values are 0, 1; only relevant for DNA ribbons
#declare DRAW_BASES_TYPE = 3; // possible values are 1, 2, 3; only relevant for DNA ribbons
#declare DRAW_FOG = 0; // set to 1 to enable fog

#include "colors.inc"

#include "transforms.inc"
background { rgb <1, 1, 1>}

#default {
   normal{
       ripples 0.25
       frequency 0.20
       turbulence 0.2
       lambda 5
   }
	finish {
		phong 0.1
		phong_size 40.
	}
}

// original window dimensions: 1024x640


// camera settings

camera {
	sky <-0, 1, 0>
	up <-0, 1, 0>
	right 1.6 * <0.581683, 0, 0.813415>
	location <-54.4937, 30, 90.4225>
	look_at <30, 30, 30>
	direction <84.4937, 0, -60.4225>
	angle 67.0682
}


# declare cpy_camera_pos = <-54.4937, 30, 90.4225>;
# if (DRAW_FOG = 1)
fog {
	fog_type 2
	up vnormalize(cpy_camera_pos)
	color rgbt<1,1,1,0.3>
	distance 1e-5
	fog_alt 3e-3
	fog_offset 48
}
# end


// LIGHTS

# declare lum = 6;
global_settings {
	ambient_light rgb lum * <0.05, 0.05, 0.05>
	max_trace_level 15
}# declare cpy_direct_light_amount = 0.25;
light_source
{	1000 * <0.231732, -1, 1.3951>,
	rgb lum * cpy_direct_light_amount
	parallel
}

light_source
{	1000 * <-0.231732, 1, -1.3951>,
	rgb lum * cpy_direct_light_amount
	parallel
}

// strand 0

// nucleotide -1

// particle -1
sphere {
	<42.784645, 32.127300, 23.256115> 0.250000
	pigment { color rgbt <1,0,0,0> }
	no_shadow
}
cylinder {
	<42.713547, 32.423321, 23.515572>,  <42.670887, 32.600933, 23.671246>, 0.100000
	pigment { color rgbt <1,0,0,0> }
	no_shadow
}
cylinder {
	<42.713547, 32.423321, 23.515572>,  <42.784645, 32.127300, 23.256115>, 0.100000
	pigment { color rgbt <1,0,0,0> }
	no_shadow
}

// particle -1
sphere {
	<42.713547, 32.423321, 23.515572> 0.100000
	pigment { color rgbt <1,0,0,0> }
	no_shadow
}
sphere {
	0, 1
	scale<0.080000,0.200000,0.300000>
	matrix <-0.525904, -0.628553, 0.573015,
		0.831765, -0.239274, 0.500914,
		-0.177743, 0.740047, 0.648643,
		42.660225, 32.645336, 23.710165>
	pigment { color rgbt <0,1,1,0> }
	no_shadow
}
cylinder {
	<42.786854, 31.811190, 23.931704>,  <42.784645, 32.127300, 23.256115>, 0.130000
	pigment { color rgbt <1,0,0,0> }
	no_shadow
}

// nucleotide -1

// particle -1
sphere {
	<42.786854, 31.811190, 23.931704> 0.250000
	pigment { color rgbt <1,0,0,0> }
	no_shadow
}
cylinder {
	<42.506382, 32.096382, 23.932690>,  <42.338100, 32.267498, 23.933281>, 0.100000
	pigment { color rgbt <1,0,0,0> }
	no_shadow
}
cylinder {
	<42.506382, 32.096382, 23.932690>,  <42.786854, 31.811190, 23.931704>, 0.100000
	pigment { color rgbt <1,0,0,0> }
	no_shadow
}

// particle -1
sphere {
	<42.506382, 32.096382, 23.932690> 0.100000
	pigment { color rgbt <1,0,0,0> }
	no_shadow
}
sphere {
	0, 1
	scale<0.080000,0.200000,0.300000>
	matrix <-0.581513, -0.573877, 0.576635,
		0.412546, 0.402889, 0.816998,
		-0.701176, 0.712984, 0.002465,
		42.296028, 32.310276, 23.933430>
	pigment { color rgbt <0,1,1,0> }
	no_shadow
}
cylinder {
	<42.416599, 31.933903, 24.647596>,  <42.786854, 31.811190, 23.931704>, 0.130000
	pigment { color rgbt <1,0,0,0> }
	no_shadow
}

// nucleotide -1

// particle -1
sphere {
	<42.416599, 31.933903, 24.647596> 0.250000
	pigment { color rgbt <1,0,0,0> }
	no_shadow
}
cylinder {
	<42.149754, 32.043381, 24.370453>,  <41.989647, 32.109070, 24.204166>, 0.100000
	pigment { color rgbt <1,0,0,0> }
	no_shadow
}
cylinder {
	<42.149754, 32.043381, 24.370453>,  <42.416599, 31.933903, 24.647596>, 0.100000
	pigment { color rgbt <1,0,0,0> }
	no_shadow
}

// particle -1
sphere {
	<42.149754, 32.043381, 24.370453> 0.100000
	pigment { color rgbt <1,0,0,0> }
	no_shadow
}
sphere {
	0, 1
	scale<0.080000,0.200000,0.300000>
	matrix <-0.716709, -0.489491, 0.496716,
		-0.203198, 0.827942, 0.522707,
		-0.667112, 0.273697, -0.692857,
		41.949619, 32.125488, 24.162596>
	pigment { color rgbt <0,1,1,0> }
	no_shadow
}
cylinder {
	<41.781895, 31.997299, 25.008659>,  <42.416599, 31.933903, 24.647596>, 0.130000
	pigment { color rgbt <1,0,0,0> }
	no_shadow
}

// nucleotide -1

// particle -1
sphere {
	<41.781895, 31.997299, 25.008659> 0.250000
	pigment { color rgbt <1,0,0,0> }
	no_shadow
}
cylinder {
	<41.700188, 31.976292, 24.617657>,  <41.651165, 31.963688, 24.383055>, 0.100000
	pigment { color rgbt <1,0,0,0> }
	no_shadow
}
cylinder {
	<41.700188, 31.976292, 24.617657>,  <41.781895, 31.997299, 25.008659>, 0.100000
	pigment { color rgbt <1,0,0,0> }
	no_shadow
}

// particle -1
sphere {
	<41.700188, 31.976292, 24.617657> 0.100000
	pigment { color rgbt <1,0,0,0> }
	no_shadow
}
sphere {
	0, 1
	scale<0.080000,0.200000,0.300000>
	matrix <-0.757132, -0.624482, 0.191765,
		-0.620506, 0.779271, 0.087795,
		-0.204263, -0.052519, -0.977506,
		41.638908, 31.960535, 24.324406>
	pigment { color rgbt <0,1,1,0> }
	no_shadow
}
cylinder {
	<41.089603, 32.301071, 24.875507>,  <41.781895, 31.997299, 25.008659>, 0.130000
	pigment { color rgbt <1,0,0,0> }
	no_shadow
}

// nucleotide -1

// particle -1
sphere {
	<41.089603, 32.301071, 24.875507> 0.250000
	pigment { color rgbt <1,0,0,0> }
	no_shadow
}
cylinder {
	<41.194599, 32.023182, 24.607639>,  <41.257599, 31.856449, 24.446918>, 0.100000
	pigment { color rgbt <1,0,0,0> }
	no_shadow
}
cylinder {
	<41.194599, 32.023182, 24.607639>,  <41.089603, 32.301071, 24.875507>, 0.100000
	pigment { color rgbt <1,0,0,0> }
	no_shadow
}

// particle -1
sphere {
	<41.194599, 32.023182, 24.607639> 0.100000
	pigment { color rgbt <1,0,0,0> }
	no_shadow
}
sphere {
	0, 1
	scale<0.080000,0.200000,0.300000>
	matrix <-0.898246, -0.429449, 0.093425,
		-0.352494, 0.577005, -0.736759,
		0.262494, -0.694722, -0.669670,
		41.273346, 31.814766, 24.406738>
	pigment { color rgbt <0,1,1,0> }
	no_shadow
}
cylinder {
	<41.385750, 32.869881, 25.112804>,  <41.089603, 32.301071, 24.875507>, 0.130000
	pigment { color rgbt <1,0,0,0> }
	no_shadow
}

// nucleotide -1

// particle -1
sphere {
	<41.385750, 32.869881, 25.112804> 0.250000
	pigment { color rgbt <1,0,0,0> }
	no_shadow
}
cylinder {
	<41.074158, 33.117924, 25.150009>,  <40.887203, 33.266750, 25.172331>, 0.100000
	pigment { color rgbt <1,0,0,0> }
	no_shadow
}
cylinder {
	<41.074158, 33.117924, 25.150009>,  <41.385750, 32.869881, 25.112804>, 0.100000
	pigment { color rgbt <1,0,0,0> }
	no_shadow
}

// particle -1
sphere {
	<41.074158, 33.117924, 25.150009> 0.100000
	pigment { color rgbt <1,0,0,0> }
	no_shadow
}
sphere {
	0, 1
	scale<0.080000,0.200000,0.300000>
	matrix <0.457275, 0.460296, 0.760938,
		0.429054, 0.635288, -0.642123,
		-0.778982, 0.620110, 0.093010,
		40.840462, 33.303955, 25.177912>
	pigment { color rgbt <0,1,1,0> }
	no_shadow
}
cylinder {
	<41.635674, 33.489597, 25.264797>,  <41.385750, 32.869881, 25.112804>, 0.130000
	pigment { color rgbt <1,0,0,0> }
	no_shadow
}

// nucleotide -1

// particle -1
sphere {
	<41.635674, 33.489597, 25.264797> 0.250000
	pigment { color rgbt <1,0,0,0> }
	no_shadow
}
cylinder {
	<41.258129, 33.526279, 25.391739>,  <41.031601, 33.548290, 25.467903>, 0.100000
	pigment { color rgbt <1,0,0,0> }
	no_shadow
}
cylinder {
	<41.258129, 33.526279, 25.391739>,  <41.635674, 33.489597, 25.264797>, 0.100000
	pigment { color rgbt <1,0,0,0> }
	no_shadow
}

// particle -1
sphere {
	<41.258129, 33.526279, 25.391739> 0.100000
	pigment { color rgbt <1,0,0,0> }
	no_shadow
}
sphere {
	0, 1
	scale<0.080000,0.200000,0.300000>
	matrix <0.316345, 0.527576, 0.788409,
		-0.095126, 0.844543, -0.526970,
		-0.943863, 0.091706, 0.317354,
		40.974972, 33.553791, 25.486944>
	pigment { color rgbt <0,1,1,0> }
	no_shadow
}
cylinder {
	<41.631969, 34.043324, 25.671936>,  <41.635674, 33.489597, 25.264797>, 0.130000
	pigment { color rgbt <1,0,0,0> }
	no_shadow
}

// nucleotide -1

// particle -1
sphere {
	<41.631969, 34.043324, 25.671936> 0.250000
	pigment { color rgbt <1,0,0,0> }
	no_shadow
}
cylinder {
	<41.295231, 33.876274, 25.808689>,  <41.093185, 33.776047, 25.890741>, 0.100000
	pigment { color rgbt <1,0,0,0> }
	no_shadow
}
cylinder {
	<41.295231, 33.876274, 25.808689>,  <41.631969, 34.043324, 25.671936>, 0.100000
	pigment { color rgbt <1,0,0,0> }
	no_shadow
}

// particle -1
sphere {
	<41.295231, 33.876274, 25.808689> 0.100000
	pigment { color rgbt <1,0,0,0> }
	no_shadow
}
sphere {
	0, 1
	scale<0.080000,0.200000,0.300000>
	matrix <0.083160, 0.525514, 0.846711,
		-0.533267, 0.741234, -0.407674,
		-0.841849, -0.417621, 0.341881,
		41.042675, 33.750988, 25.911253>
	pigment { color rgbt <0,1,1,0> }
	no_shadow
}
cylinder {
	<41.188061, 34.520355, 26.047310>,  <41.631969, 34.043324, 25.671936>, 0.130000
	pigment { color rgbt <1,0,0,0> }
	no_shadow
}

// nucleotide -1

// particle -1
sphere {
	<41.188061, 34.520355, 26.047310> 0.250000
	pigment { color rgbt <1,0,0,0> }
	no_shadow
}
cylinder {
	<41.036476, 34.186150, 26.206455>,  <40.945526, 33.985626, 26.301943>, 0.100000
	pigment { color rgbt <1,0,0,0> }
	no_shadow
}
cylinder {
	<41.036476, 34.186150, 26.206455>,  <41.188061, 34.520355, 26.047310>, 0.100000
	pigment { color rgbt <1,0,0,0> }
	no_shadow
}

// particle -1
sphere {
	<41.036476, 34.186150, 26.206455> 0.100000
	pigment { color rgbt <1,0,0,0> }
	no_shadow
}
sphere {
	0, 1
	scale<0.080000,0.200000,0.300000>
	matrix <0.037943, 0.415544, 0.908781,
		-0.924632, 0.359493, -0.125775,
		-0.378966, -0.835516, 0.397866,
		40.922787, 33.935493, 26.325815>
	pigment { color rgbt <0,1,1,0> }
	no_shadow
}
cylinder {
	<40.765182, 34.759399, 26.465990>,  <41.188061, 34.520355, 26.047310>, 0.130000
	pigment { color rgbt <1,0,0,0> }
	no_shadow
}

// nucleotide -1

// particle -1
sphere {
	<40.765182, 34.759399, 26.465990> 0.250000
	pigment { color rgbt <1,0,0,0> }
	no_shadow
}
cylinder {
	<40.827869, 34.386513, 26.596474>,  <40.865482, 34.162781, 26.674765>, 0.100000
	pigment { color rgbt <1,0,0,0> }
	no_shadow
}
cylinder {
	<40.827869, 34.386513, 26.596474>,  <40.765182, 34.759399, 26.465990>, 0.100000
	pigment { color rgbt <1,0,0,0> }
	no_shadow
}

// particle -1
sphere {
	<40.827869, 34.386513, 26.596474> 0.100000
	pigment { color rgbt <1,0,0,0> }
	no_shadow
}
sphere {
	0, 1
	scale<0.080000,0.200000,0.300000>
	matrix <0.024322, 0.333835, 0.942318,
		-0.987344, -0.139744, 0.074991,
		0.156718, -0.932216, 0.326211,
		40.874886, 34.106850, 26.694338>
	pigment { color rgbt <0,1,1,0> }
	no_shadow
}
cylinder {
	<40.199226, 34.603134, 26.932997>,  <40.765182, 34.759399, 26.465990>, 0.130000
	pigment { color rgbt <1,0,0,0> }
	no_shadow
}

// nucleotide -1

// particle -1
sphere {
	<40.199226, 34.603134, 26.932997> 0.250000
	pigment { color rgbt <1,0,0,0> }
	no_shadow
}
cylinder {
	<40.503193, 34.356464, 27.015209>,  <40.685574, 34.208462, 27.064537>, 0.100000
	pigment { color rgbt <1,0,0,0> }
	no_shadow
}
cylinder {
	<40.503193, 34.356464, 27.015209>,  <40.199226, 34.603134, 26.932997>, 0.100000
	pigment { color rgbt <1,0,0,0> }
	no_shadow
}

// particle -1
sphere {
	<40.503193, 34.356464, 27.015209> 0.100000
	pigment { color rgbt <1,0,0,0> }
	no_shadow
}
sphere {
	0, 1
	scale<0.080000,0.200000,0.300000>
	matrix <-0.086254, 0.217731, 0.972190,
		-0.644276, -0.756508, 0.112266,
		0.759913, -0.616676, 0.205531,
		40.731167, 34.171463, 27.076868>
	pigment { color rgbt <0,1,1,0> }
	no_shadow
}
cylinder {
	<39.971603, 34.207558, 27.444540>,  <40.199226, 34.603134, 26.932997>, 0.130000
	pigment { color rgbt <1,0,0,0> }
	no_shadow
}

// nucleotide -1

// particle -1
sphere {
	<39.971603, 34.207558, 27.444540> 0.250000
	pigment { color rgbt <1,0,0,0> }
	no_shadow
}
cylinder {
	<40.370415, 34.204643, 27.475231>,  <40.609699, 34.202896, 27.493645>, 0.100000
	pigment { color rgbt <1,0,0,0> }
	no_shadow
}
cylinder {
	<40.370415, 34.204643, 27.475231>,  <39.971603, 34.207558, 27.444540>, 0.100000
	pigment { color rgbt <1,0,0,0> }
	no_shadow
}

// particle -1
sphere {
	<40.370415, 34.204643, 27.475231> 0.100000
	pigment { color rgbt <1,0,0,0> }
	no_shadow
}
sphere {
	0, 1
	scale<0.080000,0.200000,0.300000>
	matrix <-0.073686, 0.201734, 0.976665,
		-0.022593, -0.979413, 0.200597,
		0.997026, -0.007284, 0.076727,
		40.669521, 34.202457, 27.498249>
	pigment { color rgbt <0,1,1,0> }
	no_shadow
}
cylinder {
	<40.072380, 33.972275, 28.031527>,  <39.971603, 34.207558, 27.444540>, 0.130000
	pigment { color rgbt <1,0,0,0> }
	no_shadow
}

// nucleotide -1

// particle -1
sphere {
	<40.072380, 33.972275, 28.031527> 0.250000
	pigment { color rgbt <1,0,0,0> }
	no_shadow
}
cylinder {
	<40.433605, 34.140701, 27.997639>,  <40.650341, 34.241756, 27.977306>, 0.100000
	pigment { color rgbt <1,0,0,0> }
	no_shadow
}
cylinder {
	<40.433605, 34.140701, 27.997639>,  <40.072380, 33.972275, 28.031527>, 0.100000
	pigment { color rgbt <1,0,0,0> }
	no_shadow
}

// particle -1
sphere {
	<40.433605, 34.140701, 27.997639> 0.100000
	pigment { color rgbt <1,0,0,0> }
	no_shadow
}
sphere {
	0, 1
	scale<0.080000,0.200000,0.300000>
	matrix <-0.095466, 0.389096, 0.916237,
		0.418773, -0.819327, 0.391576,
		0.903059, 0.421078, -0.084725,
		40.704525, 34.267021, 27.972221>
	pigment { color rgbt <0,1,1,0> }
	no_shadow
}
cylinder {
	<40.427177, 33.696484, 28.617498>,  <40.072380, 33.972275, 28.031527>, 0.130000
	pigment { color rgbt <1,0,0,0> }
	no_shadow
}

// nucleotide -1

// particle -1
sphere {
	<40.427177, 33.696484, 28.617498> 0.250000
	pigment { color rgbt <1,0,0,0> }
	no_shadow
}
cylinder {
	<40.608566, 34.029278, 28.489647>,  <40.717400, 34.228954, 28.412935>, 0.100000
	pigment { color rgbt <1,0,0,0> }
	no_shadow
}
cylinder {
	<40.608566, 34.029278, 28.489647>,  <40.427177, 33.696484, 28.617498>, 0.100000
	pigment { color rgbt <1,0,0,0> }
	no_shadow
}

// particle -1
sphere {
	<40.608566, 34.029278, 28.489647> 0.100000
	pigment { color rgbt <1,0,0,0> }
	no_shadow
}
sphere {
	0, 1
	scale<0.080000,0.200000,0.300000>
	matrix <-0.097391, 0.402731, 0.910122,
		0.885932, -0.381589, 0.263656,
		0.453476, 0.831984, -0.319629,
		40.744610, 34.278873, 28.393759>
	pigment { color rgbt <0,1,1,0> }
	no_shadow
}
cylinder {
	<40.809402, 33.881008, 29.216423>,  <40.427177, 33.696484, 28.617498>, 0.130000
	pigment { color rgbt <1,0,0,0> }
	no_shadow
}

// nucleotide -1

// particle -1
sphere {
	<40.809402, 33.881008, 29.216423> 0.250000
	pigment { color rgbt <1,0,0,0> }
	no_shadow
}
cylinder {
	<40.778934, 34.192524, 28.967365>,  <40.760654, 34.379433, 28.817930>, 0.100000
	pigment { color rgbt <1,0,0,0> }
	no_shadow
}
cylinder {
	<40.778934, 34.192524, 28.967365>,  <40.809402, 33.881008, 29.216423>, 0.100000
	pigment { color rgbt <1,0,0,0> }
	no_shadow
}

// particle -1
sphere {
	<40.778934, 34.192524, 28.967365> 0.100000
	pigment { color rgbt <1,0,0,0> }
	no_shadow
}
sphere {
	0, 1
	scale<0.080000,0.200000,0.300000>
	matrix <-0.066602, 0.619089, 0.782491,
		0.994868, 0.101070, 0.004714,
		-0.076168, 0.778790, -0.622644,
		40.756084, 34.426163, 28.780573>
	pigment { color rgbt <0,1,1,0> }
	no_shadow
}
cylinder {
	<41.355110, 34.392372, 29.433573>,  <40.809402, 33.881008, 29.216423>, 0.130000
	pigment { color rgbt <1,0,0,0> }
	no_shadow
}

// nucleotide -1

// particle -1
sphere {
	<41.355110, 34.392372, 29.433573> 0.250000
	pigment { color rgbt <1,0,0,0> }
	no_shadow
}
cylinder {
	<41.052593, 34.574848, 29.245995>,  <40.871082, 34.684334, 29.133448>, 0.100000
	pigment { color rgbt <1,0,0,0> }
	no_shadow
}
cylinder {
	<41.052593, 34.574848, 29.245995>,  <41.355110, 34.392372, 29.433573>, 0.100000
	pigment { color rgbt <1,0,0,0> }
	no_shadow
}

// particle -1
sphere {
	<41.052593, 34.574848, 29.245995> 0.100000
	pigment { color rgbt <1,0,0,0> }
	no_shadow
}
sphere {
	0, 1
	scale<0.080000,0.200000,0.300000>
	matrix <-0.096932, 0.630744, 0.769913,
		0.647010, 0.627737, -0.432809,
		-0.756295, 0.456189, -0.468946,
		40.825706, 34.711704, 29.105310>
	pigment { color rgbt <0,1,1,0> }
	no_shadow
}
cylinder {
	<41.562561, 35.004684, 29.576136>,  <41.355110, 34.392372, 29.433573>, 0.130000
	pigment { color rgbt <1,0,0,0> }
	no_shadow
}

// nucleotide -1

// particle -1
sphere {
	<41.562561, 35.004684, 29.576136> 0.250000
	pigment { color rgbt <1,0,0,0> }
	no_shadow
}
cylinder {
	<41.185730, 35.052700, 29.450863>,  <40.959633, 35.081509, 29.375698>, 0.100000
	pigment { color rgbt <1,0,0,0> }
	no_shadow
}
cylinder {
	<41.185730, 35.052700, 29.450863>,  <41.562561, 35.004684, 29.576136>, 0.100000
	pigment { color rgbt <1,0,0,0> }
	no_shadow
}

// particle -1
sphere {
	<41.185730, 35.052700, 29.450863> 0.100000
	pigment { color rgbt <1,0,0,0> }
	no_shadow
}
sphere {
	0, 1
	scale<0.080000,0.200000,0.300000>
	matrix <-0.205414, 0.531652, 0.821676,
		0.265141, 0.838413, -0.476198,
		-0.942075, 0.120042, -0.313184,
		40.903107, 35.088715, 29.356907>
	pigment { color rgbt <0,1,1,0> }
	no_shadow
}
cylinder {
	<41.595421, 35.726013, 29.799440>,  <41.562561, 35.004684, 29.576136>, 0.130000
	pigment { color rgbt <1,0,0,0> }
	no_shadow
}

// nucleotide -1

// particle -1
sphere {
	<41.595421, 35.726013, 29.799440> 0.250000
	pigment { color rgbt <1,0,0,0> }
	no_shadow
}
cylinder {
	<41.228756, 35.580692, 29.732819>,  <41.008755, 35.493500, 29.692844>, 0.100000
	pigment { color rgbt <1,0,0,0> }
	no_shadow
}
cylinder {
	<41.228756, 35.580692, 29.732819>,  <41.595421, 35.726013, 29.799440>, 0.100000
	pigment { color rgbt <1,0,0,0> }
	no_shadow
}

// particle -1
sphere {
	<41.228756, 35.580692, 29.732819> 0.100000
	pigment { color rgbt <1,0,0,0> }
	no_shadow
}
sphere {
	0, 1
	scale<0.080000,0.200000,0.300000>
	matrix <-0.335016, 0.471251, 0.815896,
		-0.217923, 0.803702, -0.553690,
		-0.916664, -0.363298, -0.166557,
		40.953758, 35.471703, 29.682852>
	pigment { color rgbt <0,1,1,0> }
	no_shadow
}
cylinder {
	<41.158272, 36.365849, 29.776003>,  <41.595421, 35.726013, 29.799440>, 0.130000
	pigment { color rgbt <1,0,0,0> }
	no_shadow
}

// nucleotide -1

// particle -1
sphere {
	<41.158272, 36.365849, 29.776003> 0.250000
	pigment { color rgbt <1,0,0,0> }
	no_shadow
}
cylinder {
	<40.894115, 36.072964, 29.842632>,  <40.735622, 35.897232, 29.882610>, 0.100000
	pigment { color rgbt <1,0,0,0> }
	no_shadow
}
cylinder {
	<40.894115, 36.072964, 29.842632>,  <41.158272, 36.365849, 29.776003>, 0.100000
	pigment { color rgbt <1,0,0,0> }
	no_shadow
}

// particle -1
sphere {
	<40.894115, 36.072964, 29.842632> 0.100000
	pigment { color rgbt <1,0,0,0> }
	no_shadow
}
sphere {
	0, 1
	scale<0.080000,0.200000,0.300000>
	matrix <-0.558337, 0.627130, 0.543109,
		-0.502135, 0.265661, -0.822973,
		-0.660394, -0.732210, 0.166575,
		40.695999, 35.853302, 29.892605>
	pigment { color rgbt <0,1,1,0> }
	no_shadow
}
cylinder {
	<40.459557, 36.631912, 29.682899>,  <41.158272, 36.365849, 29.776003>, 0.130000
	pigment { color rgbt <1,0,0,0> }
	no_shadow
}

// nucleotide -1

// particle -1
sphere {
	<40.459557, 36.631912, 29.682899> 0.250000
	pigment { color rgbt <1,0,0,0> }
	no_shadow
}
cylinder {
	<40.436745, 36.335106, 29.950081>,  <40.423058, 36.157024, 30.110390>, 0.100000
	pigment { color rgbt <1,0,0,0> }
	no_shadow
}
cylinder {
	<40.436745, 36.335106, 29.950081>,  <40.459557, 36.631912, 29.682899>, 0.100000
	pigment { color rgbt <1,0,0,0> }
	no_shadow
}

// particle -1
sphere {
	<40.436745, 36.335106, 29.950081> 0.100000
	pigment { color rgbt <1,0,0,0> }
	no_shadow
}
sphere {
	0, 1
	scale<0.080000,0.200000,0.300000>
	matrix <-0.644882, 0.538122, 0.542726,
		-0.762152, -0.399799, -0.509201,
		-0.057031, -0.742014, 0.667954,
		40.419636, 36.112503, 30.150467>
	pigment { color rgbt <0,1,1,0> }
	no_shadow
}
cylinder {
	<39.673416, 36.547791, 29.917109>,  <40.459557, 36.631912, 29.682899>, 0.130000
	pigment { color rgbt <1,0,0,0> }
	no_shadow
}

// nucleotide -1

// particle -1
sphere {
	<39.673416, 36.547791, 29.917109> 0.250000
	pigment { color rgbt <1,0,0,0> }
	no_shadow
}
cylinder {
	<39.910202, 36.397022, 30.202068>,  <40.052273, 36.306561, 30.373043>, 0.100000
	pigment { color rgbt <1,0,0,0> }
	no_shadow
}
cylinder {
	<39.910202, 36.397022, 30.202068>,  <39.673416, 36.547791, 29.917109>, 0.100000
	pigment { color rgbt <1,0,0,0> }
	no_shadow
}

// particle -1
sphere {
	<39.910202, 36.397022, 30.202068> 0.100000
	pigment { color rgbt <1,0,0,0> }
	no_shadow
}
sphere {
	0, 1
	scale<0.080000,0.200000,0.300000>
	matrix <-0.592738, 0.395330, 0.701695,
		-0.546117, -0.837642, 0.010603,
		0.591961, -0.376923, 0.712398,
		40.087791, 36.283947, 30.415789>
	pigment { color rgbt <0,1,1,0> }
	no_shadow
}
cylinder {
	<39.225113, 36.440765, 30.427366>,  <39.673416, 36.547791, 29.917109>, 0.130000
	pigment { color rgbt <1,0,0,0> }
	no_shadow
}

// nucleotide -1

// particle -1
sphere {
	<39.225113, 36.440765, 30.427366> 0.250000
	pigment { color rgbt <1,0,0,0> }
	no_shadow
}
cylinder {
	<39.572990, 36.403584, 30.621269>,  <39.781719, 36.381275, 30.737610>, 0.100000
	pigment { color rgbt <1,0,0,0> }
	no_shadow
}
cylinder {
	<39.572990, 36.403584, 30.621269>,  <39.225113, 36.440765, 30.427366>, 0.100000
	pigment { color rgbt <1,0,0,0> }
	no_shadow
}

// particle -1
sphere {
	<39.572990, 36.403584, 30.621269> 0.100000
	pigment { color rgbt <1,0,0,0> }
	no_shadow
}
sphere {
	0, 1
	scale<0.080000,0.200000,0.300000>
	matrix <-0.369745, 0.527912, 0.764590,
		-0.326983, -0.844196, 0.424752,
		0.869696, -0.092958, 0.484756,
		39.833900, 36.375698, 30.766697>
	pigment { color rgbt <0,1,1,0> }
	no_shadow
}
cylinder {
	<39.094082, 36.140739, 31.012238>,  <39.225113, 36.440765, 30.427366>, 0.130000
	pigment { color rgbt <1,0,0,0> }
	no_shadow
}

// nucleotide -1

// particle -1
sphere {
	<39.094082, 36.140739, 31.012238> 0.250000
	pigment { color rgbt <1,0,0,0> }
	no_shadow
}
cylinder {
	<39.427273, 36.355167, 31.067036>,  <39.627190, 36.483826, 31.099915>, 0.100000
	pigment { color rgbt <1,0,0,0> }
	no_shadow
}
cylinder {
	<39.427273, 36.355167, 31.067036>,  <39.094082, 36.140739, 31.012238>, 0.100000
	pigment { color rgbt <1,0,0,0> }
	no_shadow
}

// particle -1
sphere {
	<39.427273, 36.355167, 31.067036> 0.100000
	pigment { color rgbt <1,0,0,0> }
	no_shadow
}
sphere {
	0, 1
	scale<0.080000,0.200000,0.300000>
	matrix <-0.427468, 0.466301, 0.774490,
		0.351300, -0.703699, 0.617573,
		0.832983, 0.536071, 0.136997,
		39.677166, 36.515987, 31.108135>
	pigment { color rgbt <0,1,1,0> }
	no_shadow
}
cylinder {
	<39.177910, 36.105324, 31.704903>,  <39.094082, 36.140739, 31.012238>, 0.130000
	pigment { color rgbt <1,0,0,0> }
	no_shadow
}

// nucleotide -1

// particle -1
sphere {
	<39.177910, 36.105324, 31.704903> 0.250000
	pigment { color rgbt <1,0,0,0> }
	no_shadow
}
cylinder {
	<39.390961, 36.417461, 31.573830>,  <39.518791, 36.604744, 31.495186>, 0.100000
	pigment { color rgbt <1,0,0,0> }
	no_shadow
}
cylinder {
	<39.390961, 36.417461, 31.573830>,  <39.177910, 36.105324, 31.704903>, 0.100000
	pigment { color rgbt <1,0,0,0> }
	no_shadow
}

// particle -1
sphere {
	<39.390961, 36.417461, 31.573830> 0.100000
	pigment { color rgbt <1,0,0,0> }
	no_shadow
}
sphere {
	0, 1
	scale<0.080000,0.200000,0.300000>
	matrix <-0.310357, 0.540281, 0.782160,
		0.787394, -0.314899, 0.529952,
		0.532624, 0.780343, -0.327683,
		39.550747, 36.651566, 31.475525>
	pigment { color rgbt <0,1,1,0> }
	no_shadow
}
cylinder {
	<39.563244, 36.437084, 32.302647>,  <39.177910, 36.105324, 31.704903>, 0.130000
	pigment { color rgbt <1,0,0,0> }
	no_shadow
}

// nucleotide -1

// particle -1
sphere {
	<39.563244, 36.437084, 32.302647> 0.250000
	pigment { color rgbt <1,0,0,0> }
	no_shadow
}
cylinder {
	<39.537731, 36.715042, 32.016136>,  <39.522423, 36.881817, 31.844231>, 0.100000
	pigment { color rgbt <1,0,0,0> }
	no_shadow
}
cylinder {
	<39.537731, 36.715042, 32.016136>,  <39.563244, 36.437084, 32.302647>, 0.100000
	pigment { color rgbt <1,0,0,0> }
	no_shadow
}

// particle -1
sphere {
	<39.537731, 36.715042, 32.016136> 0.100000
	pigment { color rgbt <1,0,0,0> }
	no_shadow
}
sphere {
	0, 1
	scale<0.080000,0.200000,0.300000>
	matrix <-0.177711, 0.698356, 0.693338,
		0.982014, 0.171510, 0.078951,
		-0.063778, 0.694898, -0.716274,
		39.518597, 36.923512, 31.801254>
	pigment { color rgbt <0,1,1,0> }
	no_shadow
}
cylinder {
	<39.979389, 36.971642, 32.530315>,  <39.563244, 36.437084, 32.302647>, 0.130000
	pigment { color rgbt <1,0,0,0> }
	no_shadow
}

// nucleotide -1

// particle -1
sphere {
	<39.979389, 36.971642, 32.530315> 0.250000
	pigment { color rgbt <1,0,0,0> }
	no_shadow
}
cylinder {
	<39.739613, 37.133781, 32.254242>,  <39.595745, 37.231064, 32.088596>, 0.100000
	pigment { color rgbt <1,0,0,0> }
	no_shadow
}
cylinder {
	<39.739613, 37.133781, 32.254242>,  <39.979389, 36.971642, 32.530315>, 0.100000
	pigment { color rgbt <1,0,0,0> }
	no_shadow
}

// particle -1
sphere {
	<39.739613, 37.133781, 32.254242> 0.100000
	pigment { color rgbt <1,0,0,0> }
	no_shadow
}
sphere {
	0, 1
	scale<0.080000,0.200000,0.300000>
	matrix <-0.203515, 0.756758, 0.621207,
		0.774110, 0.512843, -0.371140,
		-0.599445, 0.405350, -0.690186,
		39.559780, 37.255386, 32.047188>
	pigment { color rgbt <0,1,1,0> }
	no_shadow
}
cylinder {
	<40.112823, 37.744373, 32.548069>,  <39.979389, 36.971642, 32.530315>, 0.130000
	pigment { color rgbt <1,0,0,0> }
	no_shadow
}

// nucleotide -1

// particle -1
sphere {
	<40.112823, 37.744373, 32.548069> 0.250000
	pigment { color rgbt <1,0,0,0> }
	no_shadow
}
cylinder {
	<39.756065, 37.721142, 32.368671>,  <39.542011, 37.707203, 32.261032>, 0.100000
	pigment { color rgbt <1,0,0,0> }
	no_shadow
}
cylinder {
	<39.756065, 37.721142, 32.368671>,  <40.112823, 37.744373, 32.548069>, 0.100000
	pigment { color rgbt <1,0,0,0> }
	no_shadow
}

// particle -1
sphere {
	<39.756065, 37.721142, 32.368671> 0.100000
	pigment { color rgbt <1,0,0,0> }
	no_shadow
}
sphere {
	0, 1
	scale<0.080000,0.200000,0.300000>
	matrix <-0.291062, 0.832742, 0.470981,
		0.346129, 0.550606, -0.759623,
		-0.891895, -0.058077, -0.448497,
		39.488495, 37.703720, 32.234123>
	pigment { color rgbt <0,1,1,0> }
	no_shadow
}
cylinder {
	<39.915115, 38.307209, 32.270416>,  <40.112823, 37.744373, 32.548069>, 0.130000
	pigment { color rgbt <1,0,0,0> }
	no_shadow
}

// nucleotide -1

// particle -1
sphere {
	<39.915115, 38.307209, 32.270416> 0.250000
	pigment { color rgbt <1,0,0,0> }
	no_shadow
}
cylinder {
	<39.576790, 38.105728, 32.340714>,  <39.373795, 37.984840, 32.382893>, 0.100000
	pigment { color rgbt <1,0,0,0> }
	no_shadow
}
cylinder {
	<39.576790, 38.105728, 32.340714>,  <39.915115, 38.307209, 32.270416>, 0.100000
	pigment { color rgbt <1,0,0,0> }
	no_shadow
}

// particle -1
sphere {
	<39.576790, 38.105728, 32.340714> 0.100000
	pigment { color rgbt <1,0,0,0> }
	no_shadow
}
sphere {
	0, 1
	scale<0.080000,0.200000,0.300000>
	matrix <-0.449038, 0.850056, 0.275263,
		-0.288042, 0.153905, -0.945169,
		-0.845811, -0.503704, 0.175743,
		39.323048, 37.954617, 32.393436>
	pigment { color rgbt <0,1,1,0> }
	no_shadow
}
cylinder {
	<39.311825, 38.562012, 31.901035>,  <39.915115, 38.307209, 32.270416>, 0.130000
	pigment { color rgbt <1,0,0,0> }
	no_shadow
}

// nucleotide -1

// particle -1
sphere {
	<39.311825, 38.562012, 31.901035> 0.250000
	pigment { color rgbt <1,0,0,0> }
	no_shadow
}
cylinder {
	<39.173862, 38.395142, 32.237370>,  <39.091084, 38.295017, 32.439171>, 0.100000
	pigment { color rgbt <1,0,0,0> }
	no_shadow
}
cylinder {
	<39.173862, 38.395142, 32.237370>,  <39.311825, 38.562012, 31.901035>, 0.100000
	pigment { color rgbt <1,0,0,0> }
	no_shadow
}

// particle -1
sphere {
	<39.173862, 38.395142, 32.237370> 0.100000
	pigment { color rgbt <1,0,0,0> }
	no_shadow
}
sphere {
	0, 1
	scale<0.080000,0.200000,0.300000>
	matrix <-0.663915, 0.741667, 0.095642,
		-0.663519, -0.525256, -0.532774,
		-0.344904, -0.417177, 0.840835,
		39.070393, 38.269989, 32.489620>
	pigment { color rgbt <0,1,1,0> }
	no_shadow
}
cylinder {
	<38.569733, 38.427441, 31.890261>,  <39.311825, 38.562012, 31.901035>, 0.130000
	pigment { color rgbt <1,0,0,0> }
	no_shadow
}

// nucleotide -1

// particle -1
sphere {
	<38.569733, 38.427441, 31.890261> 0.250000
	pigment { color rgbt <1,0,0,0> }
	no_shadow
}
cylinder {
	<38.701256, 38.490383, 32.262737>,  <38.780170, 38.528149, 32.486225>, 0.100000
	pigment { color rgbt <1,0,0,0> }
	no_shadow
}
cylinder {
	<38.701256, 38.490383, 32.262737>,  <38.569733, 38.427441, 31.890261>, 0.100000
	pigment { color rgbt <1,0,0,0> }
	no_shadow
}

// particle -1
sphere {
	<38.701256, 38.490383, 32.262737> 0.100000
	pigment { color rgbt <1,0,0,0> }
	no_shadow
}
sphere {
	0, 1
	scale<0.080000,0.200000,0.300000>
	matrix <-0.645682, 0.757021, 0.100070,
		-0.689186, -0.634159, 0.350520,
		0.328812, 0.157357, 0.931194,
		38.799900, 38.537590, 32.542095>
	pigment { color rgbt <0,1,1,0> }
	no_shadow
}
cylinder {
	<38.033978, 38.498409, 32.529102>,  <38.569733, 38.427441, 31.890261>, 0.130000
	pigment { color rgbt <1,0,0,0> }
	no_shadow
}

// nucleotide -1

// particle -1
sphere {
	<38.033978, 38.498409, 32.529102> 0.250000
	pigment { color rgbt <1,0,0,0> }
	no_shadow
}
cylinder {
	<38.361893, 38.710297, 32.616135>,  <38.558643, 38.837429, 32.668354>, 0.100000
	pigment { color rgbt <1,0,0,0> }
	no_shadow
}
cylinder {
	<38.361893, 38.710297, 32.616135>,  <38.033978, 38.498409, 32.529102>, 0.100000
	pigment { color rgbt <1,0,0,0> }
	no_shadow
}

// particle -1
sphere {
	<38.361893, 38.710297, 32.616135> 0.100000
	pigment { color rgbt <1,0,0,0> }
	no_shadow
}
sphere {
	0, 1
	scale<0.080000,0.200000,0.300000>
	matrix <-0.569125, 0.795815, 0.206822,
		-0.063594, -0.293380, 0.953878,
		0.819788, 0.529723, 0.217579,
		38.607830, 38.869213, 32.681408>
	pigment { color rgbt <0,1,1,0> }
	no_shadow
}
cylinder {
	<38.053665, 38.755695, 33.250164>,  <38.033978, 38.498409, 32.529102>, 0.130000
	pigment { color rgbt <1,0,0,0> }
	no_shadow
}

// nucleotide -1

// particle -1
sphere {
	<38.053665, 38.755695, 33.250164> 0.250000
	pigment { color rgbt <1,0,0,0> }
	no_shadow
}
cylinder {
	<38.212368, 38.972607, 32.953918>,  <38.307590, 39.102753, 32.776169>, 0.100000
	pigment { color rgbt <1,0,0,0> }
	no_shadow
}
cylinder {
	<38.212368, 38.972607, 32.953918>,  <38.053665, 38.755695, 33.250164>, 0.100000
	pigment { color rgbt <1,0,0,0> }
	no_shadow
}

// particle -1
sphere {
	<38.212368, 38.972607, 32.953918> 0.100000
	pigment { color rgbt <1,0,0,0> }
	no_shadow
}
sphere {
	0, 1
	scale<0.080000,0.200000,0.300000>
	matrix <-0.575178, 0.775672, 0.259813,
		0.715368, 0.322904, 0.619662,
		0.396760, 0.542278, -0.740618,
		38.331398, 39.135288, 32.731731>
	pigment { color rgbt <0,1,1,0> }
	no_shadow
}
cylinder {
	<38.253960, 38.010204, 33.170898>,  <38.053665, 38.755695, 33.250164>, 0.130000
	pigment { color rgbt <1,0,0,0> }
	no_shadow
}

// nucleotide -1

// particle -1
sphere {
	<38.253960, 38.010204, 33.170898> 0.250000
	pigment { color rgbt <1,0,0,0> }
	no_shadow
}
cylinder {
	<37.857777, 38.063099, 33.155338>,  <37.620068, 38.094837, 33.146004>, 0.100000
	pigment { color rgbt <1,0,0,0> }
	no_shadow
}
cylinder {
	<37.857777, 38.063099, 33.155338>,  <38.253960, 38.010204, 33.170898>, 0.100000
	pigment { color rgbt <1,0,0,0> }
	no_shadow
}

// particle -1
sphere {
	<37.857777, 38.063099, 33.155338> 0.100000
	pigment { color rgbt <1,0,0,0> }
	no_shadow
}
sphere {
	0, 1
	scale<0.080000,0.200000,0.300000>
	matrix <-0.048744, -0.599985, -0.798525,
		-0.128937, -0.789006, 0.600703,
		-0.990454, 0.132240, -0.038901,
		37.560642, 38.102772, 33.143669>
	pigment { color rgbt <0,1,1,0> }
	no_shadow
}
cylinder {
	<37.839165, 37.379631, 32.940022>,  <38.253960, 38.010204, 33.170898>, 0.130000
	pigment { color rgbt <1,0,0,0> }
	no_shadow
}

// nucleotide -1

// particle -1
sphere {
	<37.839165, 37.379631, 32.940022> 0.250000
	pigment { color rgbt <1,0,0,0> }
	no_shadow
}
cylinder {
	<37.618114, 37.699627, 32.846539>,  <37.485485, 37.891624, 32.790447>, 0.100000
	pigment { color rgbt <1,0,0,0> }
	no_shadow
}
cylinder {
	<37.618114, 37.699627, 32.846539>,  <37.839165, 37.379631, 32.940022>, 0.100000
	pigment { color rgbt <1,0,0,0> }
	no_shadow
}

// particle -1
sphere {
	<37.618114, 37.699627, 32.846539> 0.100000
	pigment { color rgbt <1,0,0,0> }
	no_shadow
}
sphere {
	0, 1
	scale<0.080000,0.200000,0.300000>
	matrix <0.012201, -0.272623, -0.962044,
		-0.833338, -0.534505, 0.140899,
		-0.552629, 0.799988, -0.233708,
		37.452324, 37.939625, 32.776424>
	pigment { color rgbt <0,1,1,0> }
	no_shadow
}
cylinder {
	<37.238125, 37.195755, 32.620083>,  <37.839165, 37.379631, 32.940022>, 0.130000
	pigment { color rgbt <1,0,0,0> }
	no_shadow
}

// nucleotide -1

// particle -1
sphere {
	<37.238125, 37.195755, 32.620083> 0.250000
	pigment { color rgbt <1,0,0,0> }
	no_shadow
}
cylinder {
	<37.300430, 37.564434, 32.477978>,  <37.337814, 37.785641, 32.392715>, 0.100000
	pigment { color rgbt <1,0,0,0> }
	no_shadow
}
cylinder {
	<37.300430, 37.564434, 32.477978>,  <37.238125, 37.195755, 32.620083>, 0.100000
	pigment { color rgbt <1,0,0,0> }
	no_shadow
}

// particle -1
sphere {
	<37.300430, 37.564434, 32.477978> 0.100000
	pigment { color rgbt <1,0,0,0> }
	no_shadow
}
sphere {
	0, 1
	scale<0.080000,0.200000,0.300000>
	matrix <-0.100471, -0.343007, -0.933944,
		-0.982671, 0.181170, 0.039175,
		0.155766, 0.921696, -0.355265,
		37.347160, 37.840942, 32.371399>
	pigment { color rgbt <0,1,1,0> }
	no_shadow
}
cylinder {
	<36.919044, 37.259331, 31.934553>,  <37.238125, 37.195755, 32.620083>, 0.130000
	pigment { color rgbt <1,0,0,0> }
	no_shadow
}

// nucleotide -1

// particle -1
sphere {
	<36.919044, 37.259331, 31.934553> 0.250000
	pigment { color rgbt <1,0,0,0> }
	no_shadow
}
cylinder {
	<37.186546, 37.556618, 31.942436>,  <37.347050, 37.734989, 31.947166>, 0.100000
	pigment { color rgbt <1,0,0,0> }
	no_shadow
}
cylinder {
	<37.186546, 37.556618, 31.942436>,  <36.919044, 37.259331, 31.934553>, 0.100000
	pigment { color rgbt <1,0,0,0> }
	no_shadow
}

// particle -1
sphere {
	<37.186546, 37.556618, 31.942436> 0.100000
	pigment { color rgbt <1,0,0,0> }
	no_shadow
}
sphere {
	0, 1
	scale<0.080000,0.200000,0.300000>
	matrix <0.205524, -0.159329, -0.965595,
		-0.714509, 0.649800, -0.259302,
		0.668758, 0.743219, 0.019708,
		37.387173, 37.779583, 31.948349>
	pigment { color rgbt <0,1,1,0> }
	no_shadow
}
cylinder {
	<36.841057, 37.811684, 31.340734>,  <36.919044, 37.259331, 31.934553>, 0.130000
	pigment { color rgbt <1,0,0,0> }
	no_shadow
}

// nucleotide -1

// particle -1
sphere {
	<36.841057, 37.811684, 31.340734> 0.250000
	pigment { color rgbt <1,0,0,0> }
	no_shadow
}
cylinder {
	<37.223560, 37.773335, 31.451279>,  <37.453064, 37.750324, 31.517605>, 0.100000
	pigment { color rgbt <1,0,0,0> }
	no_shadow
}
cylinder {
	<37.223560, 37.773335, 31.451279>,  <36.841057, 37.811684, 31.340734>, 0.100000
	pigment { color rgbt <1,0,0,0> }
	no_shadow
}

// particle -1
sphere {
	<37.223560, 37.773335, 31.451279> 0.100000
	pigment { color rgbt <1,0,0,0> }
	no_shadow
}
sphere {
	0, 1
	scale<0.080000,0.200000,0.300000>
	matrix <0.277496, -0.001547, -0.960725,
		0.092532, 0.995393, 0.025125,
		0.956260, -0.095870, 0.276361,
		37.510437, 37.744572, 31.534187>
	pigment { color rgbt <0,1,1,0> }
	no_shadow
}
cylinder {
	<37.226597, 38.301231, 30.860737>,  <36.841057, 37.811684, 31.340734>, 0.130000
	pigment { color rgbt <1,0,0,0> }
	no_shadow
}

// nucleotide -1

// particle -1
sphere {
	<37.226597, 38.301231, 30.860737> 0.250000
	pigment { color rgbt <1,0,0,0> }
	no_shadow
}
cylinder {
	<37.494835, 38.044510, 31.009541>,  <37.655777, 37.890476, 31.098824>, 0.100000
	pigment { color rgbt <1,0,0,0> }
	no_shadow
}
cylinder {
	<37.494835, 38.044510, 31.009541>,  <37.226597, 38.301231, 30.860737>, 0.100000
	pigment { color rgbt <1,0,0,0> }
	no_shadow
}

// particle -1
sphere {
	<37.494835, 38.044510, 31.009541> 0.100000
	pigment { color rgbt <1,0,0,0> }
	no_shadow
}
sphere {
	0, 1
	scale<0.080000,0.200000,0.300000>
	matrix <0.458340, -0.035842, -0.888054,
		0.583287, 0.766033, 0.270127,
		0.670597, -0.641801, 0.372010,
		37.696014, 37.851971, 31.121143>
	pigment { color rgbt <0,1,1,0> }
	no_shadow
}
cylinder {
	<37.830479, 38.575165, 30.611336>,  <37.226597, 38.301231, 30.860737>, 0.130000
	pigment { color rgbt <1,0,0,0> }
	no_shadow
}

// nucleotide -1

// particle -1
sphere {
	<37.830479, 38.575165, 30.611336> 0.250000
	pigment { color rgbt <1,0,0,0> }
	no_shadow
}
cylinder {
	<37.905773, 38.191730, 30.696831>,  <37.950951, 37.961670, 30.748127>, 0.100000
	pigment { color rgbt <1,0,0,0> }
	no_shadow
}
cylinder {
	<37.905773, 38.191730, 30.696831>,  <37.830479, 38.575165, 30.611336>, 0.100000
	pigment { color rgbt <1,0,0,0> }
	no_shadow
}

// particle -1
sphere {
	<37.905773, 38.191730, 30.696831> 0.100000
	pigment { color rgbt <1,0,0,0> }
	no_shadow
}
sphere {
	0, 1
	scale<0.080000,0.200000,0.300000>
	matrix <0.510836, -0.090309, -0.854922,
		0.838816, 0.270114, 0.472679,
		0.188239, -0.958584, 0.213737,
		37.962246, 37.904156, 30.760952>
	pigment { color rgbt <0,1,1,0> }
	no_shadow
}
cylinder {
	<38.495564, 38.469696, 30.368811>,  <37.830479, 38.575165, 30.611336>, 0.130000
	pigment { color rgbt <1,0,0,0> }
	no_shadow
}

// nucleotide -1

// particle -1
sphere {
	<38.495564, 38.469696, 30.368811> 0.250000
	pigment { color rgbt <1,0,0,0> }
	no_shadow
}
cylinder {
	<38.350849, 38.098343, 30.402786>,  <38.264019, 37.875530, 30.423172>, 0.100000
	pigment { color rgbt <1,0,0,0> }
	no_shadow
}
cylinder {
	<38.350849, 38.098343, 30.402786>,  <38.495564, 38.469696, 30.368811>, 0.100000
	pigment { color rgbt <1,0,0,0> }
	no_shadow
}

// particle -1
sphere {
	<38.350849, 38.098343, 30.402786> 0.100000
	pigment { color rgbt <1,0,0,0> }
	no_shadow
}
sphere {
	0, 1
	scale<0.080000,0.200000,0.300000>
	matrix <0.442568, -0.251228, -0.860824,
		0.820513, -0.273846, 0.501764,
		-0.361790, -0.928382, 0.084940,
		38.242313, 37.819828, 30.428268>
	pigment { color rgbt <0,1,1,0> }
	no_shadow
}
cylinder {
	<38.943775, 38.079372, 29.969902>,  <38.495564, 38.469696, 30.368811>, 0.130000
	pigment { color rgbt <1,0,0,0> }
	no_shadow
}

// nucleotide -1

// particle -1
sphere {
	<38.943775, 38.079372, 29.969902> 0.250000
	pigment { color rgbt <1,0,0,0> }
	no_shadow
}
cylinder {
	<38.645737, 37.814037, 29.997658>,  <38.466915, 37.654835, 30.014311>, 0.100000
	pigment { color rgbt <1,0,0,0> }
	no_shadow
}
cylinder {
	<38.645737, 37.814037, 29.997658>,  <38.943775, 38.079372, 29.969902>, 0.100000
	pigment { color rgbt <1,0,0,0> }
	no_shadow
}

// particle -1
sphere {
	<38.645737, 37.814037, 29.997658> 0.100000
	pigment { color rgbt <1,0,0,0> }
	no_shadow
}
sphere {
	0, 1
	scale<0.080000,0.200000,0.300000>
	matrix <0.219416, -0.342039, -0.913710,
		0.629837, -0.665572, 0.400398,
		-0.745092, -0.663342, 0.069391,
		38.422211, 37.615036, 30.018475>
	pigment { color rgbt <0,1,1,0> }
	no_shadow
}
cylinder {
	<39.238354, 37.438862, 29.737431>,  <38.943775, 38.079372, 29.969902>, 0.130000
	pigment { color rgbt <1,0,0,0> }
	no_shadow
}

// nucleotide -1

// particle -1
sphere {
	<39.238354, 37.438862, 29.737431> 0.250000
	pigment { color rgbt <1,0,0,0> }
	no_shadow
}
cylinder {
	<38.842850, 37.410160, 29.684971>,  <38.605545, 37.392941, 29.653496>, 0.100000
	pigment { color rgbt <1,0,0,0> }
	no_shadow
}
cylinder {
	<38.842850, 37.410160, 29.684971>,  <39.238354, 37.438862, 29.737431>, 0.100000
	pigment { color rgbt <1,0,0,0> }
	no_shadow
}

// particle -1
sphere {
	<38.842850, 37.410160, 29.684971> 0.100000
	pigment { color rgbt <1,0,0,0> }
	no_shadow
}
sphere {
	0, 1
	scale<0.080000,0.200000,0.300000>
	matrix <0.149422, -0.447141, -0.881895,
		0.004640, -0.891581, 0.452838,
		-0.988763, -0.071755, -0.131147,
		38.546223, 37.388634, 29.645626>
	pigment { color rgbt <0,1,1,0> }
	no_shadow
}
cylinder {
	<39.150829, 36.921505, 29.304716>,  <39.238354, 37.438862, 29.737431>, 0.130000
	pigment { color rgbt <1,0,0,0> }
	no_shadow
}

// nucleotide -1

// particle -1
sphere {
	<39.150829, 36.921505, 29.304716> 0.250000
	pigment { color rgbt <1,0,0,0> }
	no_shadow
}
cylinder {
	<38.767311, 37.029182, 29.268383>,  <38.537201, 37.093788, 29.246584>, 0.100000
	pigment { color rgbt <1,0,0,0> }
	no_shadow
}
cylinder {
	<38.767311, 37.029182, 29.268383>,  <39.150829, 36.921505, 29.304716>, 0.100000
	pigment { color rgbt <1,0,0,0> }
	no_shadow
}

// particle -1
sphere {
	<38.767311, 37.029182, 29.268383> 0.100000
	pigment { color rgbt <1,0,0,0> }
	no_shadow
}
sphere {
	0, 1
	scale<0.080000,0.200000,0.300000>
	matrix <-0.047103, -0.465905, -0.883580,
		-0.280173, -0.842892, 0.459386,
