// switches for output
#declare DRAW_BASES = 1; // possible values are 0, 1; only relevant for DNA ribbons
#declare DRAW_BASES_TYPE = 3; // possible values are 1, 2, 3; only relevant for DNA ribbons
#declare DRAW_FOG = 0; // set to 1 to enable fog

#include "colors.inc"

#include "transforms.inc"
background { rgb <1, 1, 1>}

#default {
   normal{
       ripples 0.25
       frequency 0.20
       turbulence 0.2
       lambda 5
   }
	finish {
		phong 0.1
		phong_size 40.
	}
}

// original window dimensions: 1024x640


// camera settings

camera {
	sky <-0, 1, 0>
	up <-0, 1, 0>
	right 1.6 * <0.581683, 0, 0.813415>
	location <-54.4937, 30, 90.4225>
	look_at <30, 30, 30>
	direction <84.4937, 0, -60.4225>
	angle 67.0682
}


# declare cpy_camera_pos = <-54.4937, 30, 90.4225>;
# if (DRAW_FOG = 1)
fog {
	fog_type 2
	up vnormalize(cpy_camera_pos)
	color rgbt<1,1,1,0.3>
	distance 1e-5
	fog_alt 3e-3
	fog_offset 48
}
# end


// LIGHTS

# declare lum = 6;
global_settings {
	ambient_light rgb lum * <0.05, 0.05, 0.05>
	max_trace_level 15
}# declare cpy_direct_light_amount = 0.25;
light_source
{	1000 * <0.231732, -1, 1.3951>,
	rgb lum * cpy_direct_light_amount
	parallel
}

light_source
{	1000 * <-0.231732, 1, -1.3951>,
	rgb lum * cpy_direct_light_amount
	parallel
}

// strand 0

// nucleotide -1

// particle -1
sphere {
	<42.224731, 32.172791, 23.112593> 0.250000
	pigment { color rgbt <1,0,0,0> }
	no_shadow
}
cylinder {
	<42.412231, 32.310062, 23.438168>,  <42.524731, 32.392426, 23.633512>, 0.100000
	pigment { color rgbt <1,0,0,0> }
	no_shadow
}
cylinder {
	<42.412231, 32.310062, 23.438168>,  <42.224731, 32.172791, 23.112593>, 0.100000
	pigment { color rgbt <1,0,0,0> }
	no_shadow
}

// particle -1
sphere {
	<42.412231, 32.310062, 23.438168> 0.100000
	pigment { color rgbt <1,0,0,0> }
	no_shadow
}
sphere {
	0, 1
	scale<0.080000,0.200000,0.300000>
	matrix <0.656796, 0.480743, -0.580952,
		-0.590668, 0.806915, -0.000051,
		0.468754, 0.343183, 0.813938,
		42.552856, 32.413017, 23.682348>
	pigment { color rgbt <0,1,1,0> }
	no_shadow
}
cylinder {
	<41.883415, 31.905807, 22.441198>,  <42.224731, 32.172791, 23.112593>, 0.130000
	pigment { color rgbt <1,0,0,0> }
	no_shadow
}

// nucleotide -1

// particle -1
sphere {
	<41.883415, 31.905807, 22.441198> 0.250000
	pigment { color rgbt <1,0,0,0> }
	no_shadow
}
cylinder {
	<41.726761, 32.183910, 22.682274>,  <41.632767, 32.350773, 22.826920>, 0.100000
	pigment { color rgbt <1,0,0,0> }
	no_shadow
}
cylinder {
	<41.726761, 32.183910, 22.682274>,  <41.883415, 31.905807, 22.441198>, 0.100000
	pigment { color rgbt <1,0,0,0> }
	no_shadow
}

// particle -1
sphere {
	<41.726761, 32.183910, 22.682274> 0.100000
	pigment { color rgbt <1,0,0,0> }
	no_shadow
}
sphere {
	0, 1
	scale<0.080000,0.200000,0.300000>
	matrix <-0.908054, -0.397777, -0.131195,
		0.148521, -0.598655, 0.787117,
		-0.391638, 0.695259, 0.602690,
		41.609268, 32.392487, 22.863081>
	pigment { color rgbt <0,1,1,0> }
	no_shadow
}
cylinder {
	<41.352512, 31.587378, 22.850376>,  <41.883415, 31.905807, 22.441198>, 0.130000
	pigment { color rgbt <1,0,0,0> }
	no_shadow
}

// nucleotide -1

// particle -1
sphere {
	<41.352512, 31.587378, 22.850376> 0.250000
	pigment { color rgbt <1,0,0,0> }
	no_shadow
}
cylinder {
	<41.273365, 31.962349, 22.964973>,  <41.225876, 32.187332, 23.033731>, 0.100000
	pigment { color rgbt <1,0,0,0> }
	no_shadow
}
cylinder {
	<41.273365, 31.962349, 22.964973>,  <41.352512, 31.587378, 22.850376>, 0.100000
	pigment { color rgbt <1,0,0,0> }
	no_shadow
}

// particle -1
sphere {
	<41.273365, 31.962349, 22.964973> 0.100000
	pigment { color rgbt <1,0,0,0> }
	no_shadow
}
sphere {
	0, 1
	scale<0.080000,0.200000,0.300000>
	matrix <-0.976957, -0.212456, 0.020442,
		0.080031, -0.275847, 0.957864,
		-0.197865, 0.937428, 0.286494,
		41.214005, 32.243576, 23.050922>
	pigment { color rgbt <0,1,1,0> }
	no_shadow
}
cylinder {
	<41.230423, 32.236134, 22.561544>,  <41.352512, 31.587378, 22.850376>, 0.130000
	pigment { color rgbt <1,0,0,0> }
	no_shadow
}

// nucleotide -1

// particle -1
sphere {
	<41.230423, 32.236134, 22.561544> 0.250000
	pigment { color rgbt <1,0,0,0> }
	no_shadow
}
cylinder {
	<41.406483, 32.576496, 22.676239>,  <41.512119, 32.780716, 22.745056>, 0.100000
	pigment { color rgbt <1,0,0,0> }
	no_shadow
}
cylinder {
	<41.406483, 32.576496, 22.676239>,  <41.230423, 32.236134, 22.561544>, 0.100000
	pigment { color rgbt <1,0,0,0> }
	no_shadow
}

// particle -1
sphere {
	<41.406483, 32.576496, 22.676239> 0.100000
	pigment { color rgbt <1,0,0,0> }
	no_shadow
}
sphere {
	0, 1
	scale<0.080000,0.200000,0.300000>
	matrix <0.551269, -0.508146, 0.661733,
		0.708779, -0.133194, -0.692742,
		0.440153, 0.850909, 0.286737,
		41.538528, 32.831768, 22.762260>
	pigment { color rgbt <0,1,1,0> }
	no_shadow
}
cylinder {
	<40.674023, 32.780582, 22.576138>,  <41.230423, 32.236134, 22.561544>, 0.130000
	pigment { color rgbt <1,0,0,0> }
	no_shadow
}

// nucleotide -1

// particle -1
sphere {
	<40.674023, 32.780582, 22.576138> 0.250000
	pigment { color rgbt <1,0,0,0> }
	no_shadow
}
cylinder {
	<40.302578, 32.801022, 22.723148>,  <40.079712, 32.813286, 22.811354>, 0.100000
	pigment { color rgbt <1,0,0,0> }
	no_shadow
}
cylinder {
	<40.302578, 32.801022, 22.723148>,  <40.674023, 32.780582, 22.576138>, 0.100000
	pigment { color rgbt <1,0,0,0> }
	no_shadow
}

// particle -1
sphere {
	<40.302578, 32.801022, 22.723148> 0.100000
	pigment { color rgbt <1,0,0,0> }
	no_shadow
}
sphere {
	0, 1
	scale<0.080000,0.200000,0.300000>
	matrix <0.190777, -0.783796, 0.590989,
		0.318261, 0.618913, 0.718092,
		-0.928609, 0.051093, 0.367526,
		40.023994, 32.816349, 22.833406>
	pigment { color rgbt <0,1,1,0> }
	no_shadow
}
cylinder {
	<40.614456, 32.859070, 23.258749>,  <40.674023, 32.780582, 22.576138>, 0.130000
	pigment { color rgbt <1,0,0,0> }
	no_shadow
}

// nucleotide -1

// particle -1
sphere {
	<40.614456, 32.859070, 23.258749> 0.250000
	pigment { color rgbt <1,0,0,0> }
	no_shadow
}
cylinder {
	<40.272594, 32.667450, 23.178673>,  <40.067478, 32.552479, 23.130627>, 0.100000
	pigment { color rgbt <1,0,0,0> }
	no_shadow
}
cylinder {
	<40.272594, 32.667450, 23.178673>,  <40.614456, 32.859070, 23.258749>, 0.100000
	pigment { color rgbt <1,0,0,0> }
	no_shadow
}

// particle -1
sphere {
	<40.272594, 32.667450, 23.178673> 0.100000
	pigment { color rgbt <1,0,0,0> }
	no_shadow
}
sphere {
	0, 1
	scale<0.080000,0.200000,0.300000>
	matrix <0.024000, -0.421617, 0.906456,
		-0.518643, 0.769902, 0.371834,
		-0.854654, -0.479052, -0.200192,
		40.016197, 32.523735, 23.118616>
	pigment { color rgbt <0,1,1,0> }
	no_shadow
}
cylinder {
	<40.211685, 32.917389, 23.808931>,  <40.614456, 32.859070, 23.258749>, 0.130000
	pigment { color rgbt <1,0,0,0> }
	no_shadow
}

// nucleotide -1

// particle -1
sphere {
	<40.211685, 32.917389, 23.808931> 0.250000
	pigment { color rgbt <1,0,0,0> }
	no_shadow
}
cylinder {
	<40.024567, 32.604050, 23.645210>,  <39.912296, 32.416046, 23.546978>, 0.100000
	pigment { color rgbt <1,0,0,0> }
	no_shadow
}
cylinder {
	<40.024567, 32.604050, 23.645210>,  <40.211685, 32.917389, 23.808931>, 0.100000
	pigment { color rgbt <1,0,0,0> }
	no_shadow
}

// particle -1
sphere {
	<40.024567, 32.604050, 23.645210> 0.100000
	pigment { color rgbt <1,0,0,0> }
	no_shadow
}
sphere {
	0, 1
	scale<0.080000,0.200000,0.300000>
	matrix <-0.000373, -0.462925, 0.886397,
		-0.883836, 0.414806, 0.216262,
		-0.467797, -0.783350, -0.409304,
		39.884228, 32.369045, 23.522419>
	pigment { color rgbt <0,1,1,0> }
	no_shadow
}
cylinder {
	<39.689758, 32.728382, 24.231668>,  <40.211685, 32.917389, 23.808931>, 0.130000
	pigment { color rgbt <1,0,0,0> }
	no_shadow
}

// nucleotide -1

// particle -1
sphere {
	<39.689758, 32.728382, 24.231668> 0.250000
	pigment { color rgbt <1,0,0,0> }
	no_shadow
}
cylinder {
	<39.765247, 32.392170, 24.028534>,  <39.810539, 32.190445, 23.906652>, 0.100000
	pigment { color rgbt <1,0,0,0> }
	no_shadow
}
cylinder {
	<39.765247, 32.392170, 24.028534>,  <39.689758, 32.728382, 24.231668>, 0.100000
	pigment { color rgbt <1,0,0,0> }
	no_shadow
}

// particle -1
sphere {
	<39.765247, 32.392170, 24.028534> 0.100000
	pigment { color rgbt <1,0,0,0> }
	no_shadow
}
sphere {
	0, 1
	scale<0.080000,0.200000,0.300000>
	matrix <-0.177387, -0.537802, 0.824199,
		-0.965877, -0.065461, -0.250594,
		0.188722, -0.840526, -0.507838,
		39.821865, 32.140011, 23.876183>
	pigment { color rgbt <0,1,1,0> }
	no_shadow
}
cylinder {
	<39.228470, 32.242607, 24.572659>,  <39.689758, 32.728382, 24.231668>, 0.130000
	pigment { color rgbt <1,0,0,0> }
	no_shadow
}

// nucleotide -1

// particle -1
sphere {
	<39.228470, 32.242607, 24.572659> 0.250000
	pigment { color rgbt <1,0,0,0> }
	no_shadow
}
cylinder {
	<39.496830, 32.026241, 24.369759>,  <39.657845, 31.896421, 24.248018>, 0.100000
	pigment { color rgbt <1,0,0,0> }
	no_shadow
}
cylinder {
	<39.496830, 32.026241, 24.369759>,  <39.228470, 32.242607, 24.572659>, 0.100000
	pigment { color rgbt <1,0,0,0> }
	no_shadow
}

// particle -1
sphere {
	<39.496830, 32.026241, 24.369759> 0.100000
	pigment { color rgbt <1,0,0,0> }
	no_shadow
}
sphere {
	0, 1
	scale<0.080000,0.200000,0.300000>
	matrix <0.114162, -0.600546, 0.791398,
		-0.732708, -0.588857, -0.341154,
		0.670899, -0.540916, -0.507250,
		39.698101, 31.863966, 24.217583>
	pigment { color rgbt <0,1,1,0> }
	no_shadow
}
cylinder {
	<39.002506, 31.527925, 24.669952>,  <39.228470, 32.242607, 24.572659>, 0.130000
	pigment { color rgbt <1,0,0,0> }
	no_shadow
}

// nucleotide -1

// particle -1
sphere {
	<39.002506, 31.527925, 24.669952> 0.250000
	pigment { color rgbt <1,0,0,0> }
	no_shadow
}
cylinder {
	<39.390926, 31.532085, 24.574493>,  <39.623978, 31.534582, 24.517218>, 0.100000
	pigment { color rgbt <1,0,0,0> }
	no_shadow
}
cylinder {
	<39.390926, 31.532085, 24.574493>,  <39.002506, 31.527925, 24.669952>, 0.100000
	pigment { color rgbt <1,0,0,0> }
	no_shadow
}

// particle -1
sphere {
	<39.390926, 31.532085, 24.574493> 0.100000
	pigment { color rgbt <1,0,0,0> }
	no_shadow
}
sphere {
	0, 1
	scale<0.080000,0.200000,0.300000>
	matrix <0.212213, -0.496209, 0.841869,
		-0.109660, -0.868141, -0.484052,
		0.971051, 0.010403, -0.238645,
		39.682243, 31.535206, 24.502899>
	pigment { color rgbt <0,1,1,0> }
	no_shadow
}
cylinder {
	<39.157707, 30.937569, 24.934011>,  <39.002506, 31.527925, 24.669952>, 0.130000
	pigment { color rgbt <1,0,0,0> }
	no_shadow
}

// nucleotide -1

// particle -1
sphere {
	<39.157707, 30.937569, 24.934011> 0.250000
	pigment { color rgbt <1,0,0,0> }
	no_shadow
}
cylinder {
	<39.493118, 31.151669, 24.893246>,  <39.694363, 31.280128, 24.868786>, 0.100000
	pigment { color rgbt <1,0,0,0> }
	no_shadow
}
cylinder {
	<39.493118, 31.151669, 24.893246>,  <39.157707, 30.937569, 24.934011>, 0.100000
	pigment { color rgbt <1,0,0,0> }
	no_shadow
}

// particle -1
sphere {
	<39.493118, 31.151669, 24.893246> 0.100000
	pigment { color rgbt <1,0,0,0> }
	no_shadow
}
sphere {
	0, 1
	scale<0.080000,0.200000,0.300000>
	matrix <0.299312, -0.296199, 0.907017,
		0.455292, -0.791059, -0.408576,
		0.838523, 0.535249, -0.101916,
		39.744675, 31.312243, 24.862671>
	pigment { color rgbt <0,1,1,0> }
	no_shadow
}
cylinder {
	<39.639690, 30.517433, 25.185503>,  <39.157707, 30.937569, 24.934011>, 0.130000
	pigment { color rgbt <1,0,0,0> }
	no_shadow
}

// nucleotide -1

// particle -1
sphere {
	<39.639690, 30.517433, 25.185503> 0.250000
	pigment { color rgbt <1,0,0,0> }
	no_shadow
}
cylinder {
	<39.802200, 30.882740, 25.197411>,  <39.899708, 31.101925, 25.204556>, 0.100000
	pigment { color rgbt <1,0,0,0> }
	no_shadow
}
cylinder {
	<39.802200, 30.882740, 25.197411>,  <39.639690, 30.517433, 25.185503>, 0.100000
	pigment { color rgbt <1,0,0,0> }
	no_shadow
}

// particle -1
sphere {
	<39.802200, 30.882740, 25.197411> 0.100000
	pigment { color rgbt <1,0,0,0> }
	no_shadow
}
sphere {
	0, 1
	scale<0.080000,0.200000,0.300000>
	matrix <0.333441, -0.178510, 0.925717,
		0.850740, -0.366168, -0.377044,
		0.406273, 0.913266, 0.029770,
		39.924084, 31.156719, 25.206341>
	pigment { color rgbt <0,1,1,0> }
	no_shadow
}
cylinder {
	<40.365547, 30.395920, 25.455559>,  <39.639690, 30.517433, 25.185503>, 0.130000
	pigment { color rgbt <1,0,0,0> }
	no_shadow
}

// nucleotide -1

// particle -1
sphere {
	<40.365547, 30.395920, 25.455559> 0.250000
	pigment { color rgbt <1,0,0,0> }
	no_shadow
}
cylinder {
	<40.250595, 30.771809, 25.529675>,  <40.181625, 30.997343, 25.574144>, 0.100000
	pigment { color rgbt <1,0,0,0> }
	no_shadow
}
cylinder {
	<40.250595, 30.771809, 25.529675>,  <40.365547, 30.395920, 25.455559>, 0.100000
	pigment { color rgbt <1,0,0,0> }
	no_shadow
}

// particle -1
sphere {
	<40.250595, 30.771809, 25.529675> 0.100000
	pigment { color rgbt <1,0,0,0> }
	no_shadow
}
sphere {
	0, 1
	scale<0.080000,0.200000,0.300000>
	matrix <0.281599, -0.102007, 0.954095,
		0.915486, 0.326365, -0.235311,
		-0.287380, 0.939724, 0.185290,
		40.164383, 31.053726, 25.585262>
	pigment { color rgbt <0,1,1,0> }
	no_shadow
}
cylinder {
	<40.910984, 30.648438, 25.829370>,  <40.365547, 30.395920, 25.455559>, 0.130000
	pigment { color rgbt <1,0,0,0> }
	no_shadow
}

// nucleotide -1

// particle -1
sphere {
	<40.910984, 30.648438, 25.829370> 0.250000
	pigment { color rgbt <1,0,0,0> }
	no_shadow
}
cylinder {
	<40.621651, 30.919479, 25.882511>,  <40.448051, 31.082104, 25.914394>, 0.100000
	pigment { color rgbt <1,0,0,0> }
	no_shadow
}
cylinder {
	<40.621651, 30.919479, 25.882511>,  <40.910984, 30.648438, 25.829370>, 0.100000
	pigment { color rgbt <1,0,0,0> }
	no_shadow
}

// particle -1
sphere {
	<40.621651, 30.919479, 25.882511> 0.100000
	pigment { color rgbt <1,0,0,0> }
	no_shadow
}
sphere {
	0, 1
	scale<0.080000,0.200000,0.300000>
	matrix <0.153723, -0.029546, 0.987672,
		0.673174, 0.734835, -0.082792,
		-0.723330, 0.677602, 0.132850,
		40.404652, 31.122761, 25.922367>
	pigment { color rgbt <0,1,1,0> }
	no_shadow
}
cylinder {
	<41.183754, 31.192480, 26.157763>,  <40.910984, 30.648438, 25.829370>, 0.130000
	pigment { color rgbt <1,0,0,0> }
	no_shadow
}

// nucleotide -1

// particle -1
sphere {
	<41.183754, 31.192480, 26.157763> 0.250000
	pigment { color rgbt <1,0,0,0> }
	no_shadow
}
cylinder {
	<40.792217, 31.222054, 26.234077>,  <40.557297, 31.239798, 26.279865>, 0.100000
	pigment { color rgbt <1,0,0,0> }
	no_shadow
}
cylinder {
	<40.792217, 31.222054, 26.234077>,  <41.183754, 31.192480, 26.157763>, 0.100000
	pigment { color rgbt <1,0,0,0> }
	no_shadow
}

// particle -1
sphere {
	<40.792217, 31.222054, 26.234077> 0.100000
	pigment { color rgbt <1,0,0,0> }
	no_shadow
}
sphere {
	0, 1
	scale<0.080000,0.200000,0.300000>
	matrix <0.194878, 0.052707, 0.979410,
		0.062358, 0.995869, -0.066000,
		-0.978843, 0.073936, 0.190786,
		40.498566, 31.244234, 26.291313>
	pigment { color rgbt <0,1,1,0> }
	no_shadow
}
cylinder {
	<41.168552, 31.626993, 26.638723>,  <41.183754, 31.192480, 26.157763>, 0.130000
	pigment { color rgbt <1,0,0,0> }
	no_shadow
}

// nucleotide -1

// particle -1
sphere {
	<41.168552, 31.626993, 26.638723> 0.250000
	pigment { color rgbt <1,0,0,0> }
	no_shadow
}
cylinder {
	<40.806442, 31.465172, 26.690594>,  <40.589176, 31.368078, 26.721716>, 0.100000
	pigment { color rgbt <1,0,0,0> }
	no_shadow
}
cylinder {
	<40.806442, 31.465172, 26.690594>,  <41.168552, 31.626993, 26.638723>, 0.100000
	pigment { color rgbt <1,0,0,0> }
	no_shadow
}

// particle -1
sphere {
	<40.806442, 31.465172, 26.690594> 0.100000
	pigment { color rgbt <1,0,0,0> }
	no_shadow
}
sphere {
	0, 1
	scale<0.080000,0.200000,0.300000>
	matrix <0.138992, 0.006398, 0.990273,
		-0.401448, 0.914492, 0.050437,
		-0.905274, -0.404554, 0.129675,
		40.534859, 31.343805, 26.729496>
	pigment { color rgbt <0,1,1,0> }
	no_shadow
}
cylinder {
	<40.946182, 31.927185, 27.205482>,  <41.168552, 31.626993, 26.638723>, 0.130000
	pigment { color rgbt <1,0,0,0> }
	no_shadow
}

// nucleotide -1

// particle -1
sphere {
	<40.946182, 31.927185, 27.205482> 0.250000
	pigment { color rgbt <1,0,0,0> }
	no_shadow
}
cylinder {
	<40.706440, 31.607632, 27.185223>,  <40.562595, 31.415899, 27.173067>, 0.100000
	pigment { color rgbt <1,0,0,0> }
	no_shadow
}
cylinder {
	<40.706440, 31.607632, 27.185223>,  <40.946182, 31.927185, 27.205482>, 0.100000
	pigment { color rgbt <1,0,0,0> }
	no_shadow
}

// particle -1
sphere {
	<40.706440, 31.607632, 27.185223> 0.100000
	pigment { color rgbt <1,0,0,0> }
	no_shadow
}
sphere {
	0, 1
	scale<0.080000,0.200000,0.300000>
	matrix <0.096371, -0.134823, 0.986172,
		-0.794664, 0.586183, 0.157796,
		-0.599352, -0.798882, -0.050648,
		40.526634, 31.367968, 27.170029>
	pigment { color rgbt <0,1,1,0> }
	no_shadow
}
cylinder {
	<40.491032, 32.034611, 27.727839>,  <40.946182, 31.927185, 27.205482>, 0.130000
	pigment { color rgbt <1,0,0,0> }
	no_shadow
}

// nucleotide -1

// particle -1
sphere {
	<40.491032, 32.034611, 27.727839> 0.250000
	pigment { color rgbt <1,0,0,0> }
	no_shadow
}
cylinder {
	<40.470619, 31.642273, 27.652637>,  <40.458374, 31.406872, 27.607517>, 0.100000
	pigment { color rgbt <1,0,0,0> }
	no_shadow
}
cylinder {
	<40.470619, 31.642273, 27.652637>,  <40.491032, 32.034611, 27.727839>, 0.100000
	pigment { color rgbt <1,0,0,0> }
	no_shadow
}

// particle -1
sphere {
	<40.470619, 31.642273, 27.652637> 0.100000
	pigment { color rgbt <1,0,0,0> }
	no_shadow
}
sphere {
	0, 1
	scale<0.080000,0.200000,0.300000>
	matrix <0.142573, -0.193476, 0.970690,
		-0.988468, 0.022728, 0.149715,
		-0.051028, -0.980842, -0.188005,
		40.455311, 31.348021, 27.596235>
	pigment { color rgbt <0,1,1,0> }
	no_shadow
}
cylinder {
	<40.133041, 31.837006, 28.247248>,  <40.491032, 32.034611, 27.727839>, 0.130000
	pigment { color rgbt <1,0,0,0> }
	no_shadow
}

// nucleotide -1

// particle -1
sphere {
	<40.133041, 31.837006, 28.247248> 0.250000
	pigment { color rgbt <1,0,0,0> }
	no_shadow
}
cylinder {
	<40.286663, 31.481895, 28.145771>,  <40.378834, 31.268829, 28.084885>, 0.100000
	pigment { color rgbt <1,0,0,0> }
	no_shadow
}
cylinder {
	<40.286663, 31.481895, 28.145771>,  <40.133041, 31.837006, 28.247248>, 0.100000
	pigment { color rgbt <1,0,0,0> }
	no_shadow
}

// particle -1
sphere {
	<40.286663, 31.481895, 28.145771> 0.100000
	pigment { color rgbt <1,0,0,0> }
	no_shadow
}
sphere {
	0, 1
	scale<0.080000,0.200000,0.300000>
	matrix <0.069196, -0.246317, 0.966716,
		-0.920715, -0.388823, -0.033168,
		0.384051, -0.887775, -0.253693,
		40.401878, 31.215563, 28.069664>
	pigment { color rgbt <0,1,1,0> }
	no_shadow
}
cylinder {
	<39.932529, 31.441608, 28.776777>,  <40.133041, 31.837006, 28.247248>, 0.130000
	pigment { color rgbt <1,0,0,0> }
	no_shadow
}

// nucleotide -1

// particle -1
sphere {
	<39.932529, 31.441608, 28.776777> 0.250000
	pigment { color rgbt <1,0,0,0> }
	no_shadow
}
cylinder {
	<40.189548, 31.193172, 28.597275>,  <40.343758, 31.044111, 28.489574>, 0.100000
	pigment { color rgbt <1,0,0,0> }
	no_shadow
}
cylinder {
	<40.189548, 31.193172, 28.597275>,  <39.932529, 31.441608, 28.776777>, 0.100000
	pigment { color rgbt <1,0,0,0> }
	no_shadow
}

// particle -1
sphere {
	<40.189548, 31.193172, 28.597275> 0.100000
	pigment { color rgbt <1,0,0,0> }
	no_shadow
}
sphere {
	0, 1
	scale<0.080000,0.200000,0.300000>
	matrix <0.132181, -0.487029, 0.863325,
		-0.754760, -0.614043, -0.230842,
		0.642546, -0.621091, -0.448755,
		40.382313, 31.006845, 28.462648>
	pigment { color rgbt <0,1,1,0> }
	no_shadow
}
cylinder {
	<39.704865, 30.844793, 28.993256>,  <39.932529, 31.441608, 28.776777>, 0.130000
	pigment { color rgbt <1,0,0,0> }
	no_shadow
}

// nucleotide -1

// particle -1
sphere {
	<39.704865, 30.844793, 28.993256> 0.250000
	pigment { color rgbt <1,0,0,0> }
	no_shadow
}
cylinder {
	<40.091499, 30.818413, 28.894173>,  <40.323479, 30.802584, 28.834723>, 0.100000
	pigment { color rgbt <1,0,0,0> }
	no_shadow
}
cylinder {
	<40.091499, 30.818413, 28.894173>,  <39.704865, 30.844793, 28.993256>, 0.100000
	pigment { color rgbt <1,0,0,0> }
	no_shadow
}

// particle -1
sphere {
	<40.091499, 30.818413, 28.894173> 0.100000
	pigment { color rgbt <1,0,0,0> }
	no_shadow
}
sphere {
	0, 1
	scale<0.080000,0.200000,0.300000>
	matrix <0.191938, -0.454304, 0.869924,
		-0.169909, -0.888402, -0.426465,
		0.966587, -0.065953, -0.247709,
		40.381477, 30.798626, 28.819860>
	pigment { color rgbt <0,1,1,0> }
	no_shadow
}
cylinder {
	<39.928528, 30.150457, 29.142164>,  <39.704865, 30.844793, 28.993256>, 0.130000
	pigment { color rgbt <1,0,0,0> }
	no_shadow
}

// nucleotide -1

// particle -1
sphere {
	<39.928528, 30.150457, 29.142164> 0.250000
	pigment { color rgbt <1,0,0,0> }
	no_shadow
}
cylinder {
	<40.269207, 30.360069, 29.142731>,  <40.473614, 30.485836, 29.143070>, 0.100000
	pigment { color rgbt <1,0,0,0> }
	no_shadow
}
cylinder {
	<40.269207, 30.360069, 29.142731>,  <39.928528, 30.150457, 29.142164>, 0.100000
	pigment { color rgbt <1,0,0,0> }
	no_shadow
}

// particle -1
sphere {
	<40.269207, 30.360069, 29.142731> 0.100000
	pigment { color rgbt <1,0,0,0> }
	no_shadow
}
sphere {
	0, 1
	scale<0.080000,0.200000,0.300000>
	matrix <0.256126, -0.418634, 0.871289,
		0.457175, -0.741713, -0.490768,
		0.851698, 0.524030, 0.001417,
		40.524715, 30.517279, 29.143156>
	pigment { color rgbt <0,1,1,0> }
	no_shadow
}
cylinder {
	<40.370502, 29.586336, 29.343618>,  <39.928528, 30.150457, 29.142164>, 0.130000
	pigment { color rgbt <1,0,0,0> }
	no_shadow
}

// nucleotide -1

// particle -1
sphere {
	<40.370502, 29.586336, 29.343618> 0.250000
	pigment { color rgbt <1,0,0,0> }
	no_shadow
}
cylinder {
	<40.553551, 29.937054, 29.402702>,  <40.663380, 30.147484, 29.438152>, 0.100000
	pigment { color rgbt <1,0,0,0> }
	no_shadow
}
cylinder {
	<40.553551, 29.937054, 29.402702>,  <40.370502, 29.586336, 29.343618>, 0.100000
	pigment { color rgbt <1,0,0,0> }
	no_shadow
}

// particle -1
sphere {
	<40.553551, 29.937054, 29.402702> 0.100000
	pigment { color rgbt <1,0,0,0> }
	no_shadow
}
sphere {
	0, 1
	scale<0.080000,0.200000,0.300000>
	matrix <0.235687, -0.279799, 0.930679,
		0.857342, -0.391085, -0.334690,
		0.457621, 0.876792, 0.147710,
		40.690838, 30.200092, 29.447016>
	pigment { color rgbt <0,1,1,0> }
	no_shadow
}
cylinder {
	<41.085831, 29.410521, 29.559383>,  <40.370502, 29.586336, 29.343618>, 0.130000
	pigment { color rgbt <1,0,0,0> }
	no_shadow
}

// nucleotide -1

// particle -1
sphere {
	<41.085831, 29.410521, 29.559383> 0.250000
	pigment { color rgbt <1,0,0,0> }
	no_shadow
}
cylinder {
	<41.003849, 29.777145, 29.696732>,  <40.954659, 29.997120, 29.779140>, 0.100000
	pigment { color rgbt <1,0,0,0> }
	no_shadow
}
cylinder {
	<41.003849, 29.777145, 29.696732>,  <41.085831, 29.410521, 29.559383>, 0.100000
	pigment { color rgbt <1,0,0,0> }
	no_shadow
}

// particle -1
sphere {
	<41.003849, 29.777145, 29.696732> 0.100000
	pigment { color rgbt <1,0,0,0> }
	no_shadow
}
sphere {
	0, 1
	scale<0.080000,0.200000,0.300000>
	matrix <0.024666, -0.345872, 0.937957,
		0.978460, 0.200709, 0.048280,
		-0.204955, 0.916564, 0.343373,
		40.942364, 30.052114, 29.799744>
	pigment { color rgbt <0,1,1,0> }
	no_shadow
}
cylinder {
	<41.452202, 29.500742, 30.096859>,  <41.085831, 29.410521, 29.559383>, 0.130000
	pigment { color rgbt <1,0,0,0> }
	no_shadow
}

// nucleotide -1

// particle -1
sphere {
	<41.452202, 29.500742, 30.096859> 0.250000
	pigment { color rgbt <1,0,0,0> }
	no_shadow
}
cylinder {
	<41.210400, 29.809048, 30.177353>,  <41.065319, 29.994030, 30.225649>, 0.100000
	pigment { color rgbt <1,0,0,0> }
	no_shadow
}
cylinder {
	<41.210400, 29.809048, 30.177353>,  <41.452202, 29.500742, 30.096859>, 0.100000
	pigment { color rgbt <1,0,0,0> }
	no_shadow
}

// particle -1
sphere {
	<41.210400, 29.809048, 30.177353> 0.100000
	pigment { color rgbt <1,0,0,0> }
	no_shadow
}
sphere {
	0, 1
	scale<0.080000,0.200000,0.300000>
	matrix <0.032619, -0.228453, 0.973008,
		0.795931, 0.594755, 0.112960,
		-0.604508, 0.770763, 0.201233,
		41.029049, 30.040277, 30.237722>
	pigment { color rgbt <0,1,1,0> }
	no_shadow
}
cylinder {
	<41.748753, 29.871111, 30.707039>,  <41.452202, 29.500742, 30.096859>, 0.130000
	pigment { color rgbt <1,0,0,0> }
	no_shadow
}

// nucleotide -1

// particle -1
sphere {
	<41.748753, 29.871111, 30.707039> 0.250000
	pigment { color rgbt <1,0,0,0> }
	no_shadow
}
cylinder {
	<41.358509, 29.957371, 30.690678>,  <41.124363, 30.009127, 30.680861>, 0.100000
	pigment { color rgbt <1,0,0,0> }
	no_shadow
}
cylinder {
	<41.358509, 29.957371, 30.690678>,  <41.748753, 29.871111, 30.707039>, 0.100000
	pigment { color rgbt <1,0,0,0> }
	no_shadow
}

// particle -1
sphere {
	<41.358509, 29.957371, 30.690678> 0.100000
	pigment { color rgbt <1,0,0,0> }
	no_shadow
}
sphere {
	0, 1
	scale<0.080000,0.200000,0.300000>
	matrix <-0.100048, -0.271032, 0.957357,
		0.195368, 0.938103, 0.285998,
		-0.975613, 0.215650, -0.040904,
		41.065826, 30.022066, 30.678406>
	pigment { color rgbt <0,1,1,0> }
	no_shadow
}
cylinder {
	<41.552288, 30.469498, 31.242046>,  <41.748753, 29.871111, 30.707039>, 0.130000
	pigment { color rgbt <1,0,0,0> }
	no_shadow
}

// nucleotide -1

// particle -1
sphere {
	<41.552288, 30.469498, 31.242046> 0.250000
	pigment { color rgbt <1,0,0,0> }
	no_shadow
}
cylinder {
	<41.252430, 30.221317, 31.149902>,  <41.072514, 30.072409, 31.094616>, 0.100000
	pigment { color rgbt <1,0,0,0> }
	no_shadow
}
cylinder {
	<41.252430, 30.221317, 31.149902>,  <41.552288, 30.469498, 31.242046>, 0.100000
	pigment { color rgbt <1,0,0,0> }
	no_shadow
}

// particle -1
sphere {
	<41.252430, 30.221317, 31.149902> 0.100000
	pigment { color rgbt <1,0,0,0> }
	no_shadow
}
sphere {
	0, 1
	scale<0.080000,0.200000,0.300000>
	matrix <-0.129568, -0.203742, 0.970413,
		-0.649028, 0.757317, 0.072345,
		-0.749650, -0.620451, -0.230359,
		41.027534, 30.035181, 31.080795>
	pigment { color rgbt <0,1,1,0> }
	no_shadow
}
cylinder {
	<41.206047, 30.429981, 31.817793>,  <41.552288, 30.469498, 31.242046>, 0.130000
	pigment { color rgbt <1,0,0,0> }
	no_shadow
}

// nucleotide -1

// particle -1
sphere {
	<41.206047, 30.429981, 31.817793> 0.250000
	pigment { color rgbt <1,0,0,0> }
	no_shadow
}
cylinder {
	<41.016060, 30.149254, 31.605431>,  <40.902069, 29.980818, 31.478014>, 0.100000
	pigment { color rgbt <1,0,0,0> }
	no_shadow
}
cylinder {
	<41.016060, 30.149254, 31.605431>,  <41.206047, 30.429981, 31.817793>, 0.100000
	pigment { color rgbt <1,0,0,0> }
	no_shadow
}

// particle -1
sphere {
	<41.016060, 30.149254, 31.605431> 0.100000
	pigment { color rgbt <1,0,0,0> }
	no_shadow
}
sphere {
	0, 1
	scale<0.080000,0.200000,0.300000>
	matrix <-0.189526, -0.507561, 0.840513,
		-0.859352, 0.499836, 0.108062,
		-0.474967, -0.701816, -0.530906,
		40.873569, 29.938709, 31.446159>
	pigment { color rgbt <0,1,1,0> }
	no_shadow
}
cylinder {
	<40.429920, 30.220764, 32.060726>,  <41.206047, 30.429981, 31.817793>, 0.130000
	pigment { color rgbt <1,0,0,0> }
	no_shadow
}

// nucleotide -1

// particle -1
sphere {
	<40.429920, 30.220764, 32.060726> 0.250000
	pigment { color rgbt <1,0,0,0> }
	no_shadow
}
cylinder {
	<40.625397, 29.922569, 31.879433>,  <40.742683, 29.743652, 31.770655>, 0.100000
	pigment { color rgbt <1,0,0,0> }
	no_shadow
}
cylinder {
	<40.625397, 29.922569, 31.879433>,  <40.429920, 30.220764, 32.060726>, 0.100000
	pigment { color rgbt <1,0,0,0> }
	no_shadow
}

// particle -1
sphere {
	<40.625397, 29.922569, 31.879433> 0.100000
	pigment { color rgbt <1,0,0,0> }
	no_shadow
}
sphere {
	0, 1
	scale<0.080000,0.200000,0.300000>
	matrix <-0.351976, -0.643808, 0.679429,
		-0.798305, -0.172505, -0.577019,
		0.488695, -0.745488, -0.453238,
		40.772007, 29.698923, 31.743462>
	pigment { color rgbt <0,1,1,0> }
	no_shadow
}
cylinder {
	<39.991722, 29.610636, 32.019650>,  <40.429920, 30.220764, 32.060726>, 0.130000
	pigment { color rgbt <1,0,0,0> }
	no_shadow
}

// nucleotide -1

// particle -1
sphere {
	<39.991722, 29.610636, 32.019650> 0.250000
	pigment { color rgbt <1,0,0,0> }
	no_shadow
}
cylinder {
	<40.385891, 29.545959, 32.040798>,  <40.622391, 29.507153, 32.053490>, 0.100000
	pigment { color rgbt <1,0,0,0> }
	no_shadow
}
cylinder {
	<40.385891, 29.545959, 32.040798>,  <39.991722, 29.610636, 32.019650>, 0.100000
	pigment { color rgbt <1,0,0,0> }
	no_shadow
}

// particle -1
sphere {
	<40.385891, 29.545959, 32.040798> 0.100000
	pigment { color rgbt <1,0,0,0> }
	no_shadow
}
sphere {
	0, 1
	scale<0.080000,0.200000,0.300000>
	matrix <-0.131710, -0.528436, 0.838694,
		-0.107669, -0.833433, -0.542030,
		0.985424, -0.161692, 0.052876,
		40.681519, 29.497452, 32.056660>
	pigment { color rgbt <0,1,1,0> }
	no_shadow
}
cylinder {
	<40.225880, 28.860498, 32.073898>,  <39.991722, 29.610636, 32.019650>, 0.130000
	pigment { color rgbt <1,0,0,0> }
	no_shadow
}

// nucleotide -1

// particle -1
sphere {
	<40.225880, 28.860498, 32.073898> 0.250000
	pigment { color rgbt <1,0,0,0> }
	no_shadow
}
cylinder {
	<40.479088, 29.107067, 32.261219>,  <40.631012, 29.255009, 32.373611>, 0.100000
	pigment { color rgbt <1,0,0,0> }
	no_shadow
}
cylinder {
	<40.479088, 29.107067, 32.261219>,  <40.225880, 28.860498, 32.073898>, 0.100000
	pigment { color rgbt <1,0,0,0> }
	no_shadow
}

// particle -1
sphere {
	<40.479088, 29.107067, 32.261219> 0.100000
	pigment { color rgbt <1,0,0,0> }
	no_shadow
}
sphere {
	0, 1
	scale<0.080000,0.200000,0.300000>
	matrix <0.028763, -0.623251, 0.781493,
		0.773602, -0.481230, -0.412260,
		0.633019, 0.616422, 0.468307,
		40.668995, 29.291994, 32.401711>
	pigment { color rgbt <0,1,1,0> }
	no_shadow
}
cylinder {
	<39.514996, 28.737003, 32.234642>,  <40.225880, 28.860498, 32.073898>, 0.130000
	pigment { color rgbt <1,0,0,0> }
	no_shadow
}

// nucleotide -1

// particle -1
sphere {
	<39.514996, 28.737003, 32.234642> 0.250000
	pigment { color rgbt <1,0,0,0> }
	no_shadow
}
cylinder {
	<39.126335, 28.824226, 32.271168>,  <38.893139, 28.876560, 32.293083>, 0.100000
	pigment { color rgbt <1,0,0,0> }
	no_shadow
}
cylinder {
	<39.126335, 28.824226, 32.271168>,  <39.514996, 28.737003, 32.234642>, 0.100000
	pigment { color rgbt <1,0,0,0> }
	no_shadow
}

// particle -1
sphere {
	<39.126335, 28.824226, 32.271168> 0.100000
	pigment { color rgbt <1,0,0,0> }
	no_shadow
}
sphere {
	0, 1
	scale<0.080000,0.200000,0.300000>
	matrix <-0.048172, 0.195518, -0.979516,
		-0.231444, -0.956151, -0.179472,
		-0.971655, 0.218057, 0.091311,
		38.834839, 28.889643, 32.298561>
	pigment { color rgbt <0,1,1,0> }
	no_shadow
}
cylinder {
	<39.052902, 28.406311, 31.773108>,  <39.514996, 28.737003, 32.234642>, 0.130000
	pigment { color rgbt <1,0,0,0> }
	no_shadow
}

// nucleotide -1

// particle -1
sphere {
	<39.052902, 28.406311, 31.773108> 0.250000
	pigment { color rgbt <1,0,0,0> }
	no_shadow
}
cylinder {
	<38.832493, 28.732067, 31.845924>,  <38.700249, 28.927521, 31.889614>, 0.100000
	pigment { color rgbt <1,0,0,0> }
	no_shadow
}
cylinder {
	<38.832493, 28.732067, 31.845924>,  <39.052902, 28.406311, 31.773108>, 0.100000
	pigment { color rgbt <1,0,0,0> }
	no_shadow
}

// particle -1
sphere {
	<38.832493, 28.732067, 31.845924> 0.100000
	pigment { color rgbt <1,0,0,0> }
	no_shadow
}
sphere {
	0, 1
	scale<0.080000,0.200000,0.300000>
	matrix <-0.121943, 0.137225, -0.983005,
		-0.825531, -0.563859, 0.023695,
		-0.551024, 0.814391, 0.182042,
		38.667187, 28.976385, 31.900537>
	pigment { color rgbt <0,1,1,0> }
	no_shadow
}
cylinder {
	<38.806347, 28.499388, 31.109325>,  <39.052902, 28.406311, 31.773108>, 0.130000
	pigment { color rgbt <1,0,0,0> }
	no_shadow
}

// nucleotide -1

// particle -1
sphere {
	<38.806347, 28.499388, 31.109325> 0.250000
	pigment { color rgbt <1,0,0,0> }
	no_shadow
}
cylinder {
	<38.666080, 28.802101, 31.329983>,  <38.581921, 28.983730, 31.462378>, 0.100000
	pigment { color rgbt <1,0,0,0> }
	no_shadow
}
cylinder {
	<38.666080, 28.802101, 31.329983>,  <38.806347, 28.499388, 31.109325>, 0.100000
	pigment { color rgbt <1,0,0,0> }
	no_shadow
}

// particle -1
sphere {
	<38.666080, 28.802101, 31.329983> 0.100000
	pigment { color rgbt <1,0,0,0> }
	no_shadow
}
sphere {
	0, 1
	scale<0.080000,0.200000,0.300000>
	matrix <-0.377510, 0.424838, -0.822799,
		-0.857041, -0.496778, 0.136718,
		-0.350666, 0.756785, 0.551643,
		38.560883, 29.029137, 31.495476>
	pigment { color rgbt <0,1,1,0> }
	no_shadow
}
cylinder {
	<38.028843, 28.536621, 31.171526>,  <38.806347, 28.499388, 31.109325>, 0.130000
	pigment { color rgbt <1,0,0,0> }
	no_shadow
}

// nucleotide -1

// particle -1
sphere {
	<38.028843, 28.536621, 31.171526> 0.250000
	pigment { color rgbt <1,0,0,0> }
	no_shadow
}
cylinder {
	<38.222092, 28.886772, 31.164539>,  <38.338043, 29.096863, 31.160347>, 0.100000
	pigment { color rgbt <1,0,0,0> }
	no_shadow
}
cylinder {
	<38.222092, 28.886772, 31.164539>,  <38.028843, 28.536621, 31.171526>, 0.100000
	pigment { color rgbt <1,0,0,0> }
	no_shadow
}

// particle -1
sphere {
	<38.222092, 28.886772, 31.164539> 0.100000
	pigment { color rgbt <1,0,0,0> }
	no_shadow
}
sphere {
	0, 1
	scale<0.080000,0.200000,0.300000>
	matrix <-0.569010, 0.298751, -0.766143,
		-0.665446, 0.380082, 0.642433,
		0.483125, 0.875377, -0.017468,
		38.367027, 29.149385, 31.159300>
	pigment { color rgbt <0,1,1,0> }
	no_shadow
}
cylinder {
	<37.513840, 29.042473, 31.044043>,  <38.028843, 28.536621, 31.171526>, 0.130000
	pigment { color rgbt <1,0,0,0> }
	no_shadow
}

// nucleotide -1

// particle -1
sphere {
	<37.513840, 29.042473, 31.044043> 0.250000
	pigment { color rgbt <1,0,0,0> }
	no_shadow
}
cylinder {
	<37.858063, 29.225777, 30.955101>,  <38.064594, 29.335760, 30.901735>, 0.100000
	pigment { color rgbt <1,0,0,0> }
	no_shadow
}
cylinder {
	<37.858063, 29.225777, 30.955101>,  <37.513840, 29.042473, 31.044043>, 0.100000
	pigment { color rgbt <1,0,0,0> }
	no_shadow
}

// particle -1
sphere {
	<37.858063, 29.225777, 30.955101> 0.100000
	pigment { color rgbt <1,0,0,0> }
	no_shadow
}
sphere {
	0, 1
	scale<0.080000,0.200000,0.300000>
	matrix <-0.377239, 0.280082, -0.882748,
		-0.342251, 0.843535, 0.413900,
		0.860555, 0.458261, -0.222356,
		38.116230, 29.363255, 30.888393>
	pigment { color rgbt <0,1,1,0> }
	no_shadow
}
cylinder {
	<37.435719, 29.772728, 30.844454>,  <37.513840, 29.042473, 31.044043>, 0.130000
	pigment { color rgbt <1,0,0,0> }
	no_shadow
}

// nucleotide -1

// particle -1
sphere {
	<37.435719, 29.772728, 30.844454> 0.250000
	pigment { color rgbt <1,0,0,0> }
	no_shadow
}
cylinder {
	<37.774879, 29.623619, 30.693665>,  <37.978374, 29.534153, 30.603191>, 0.100000
	pigment { color rgbt <1,0,0,0> }
	no_shadow
}
cylinder {
	<37.774879, 29.623619, 30.693665>,  <37.435719, 29.772728, 30.844454>, 0.100000
	pigment { color rgbt <1,0,0,0> }
	no_shadow
}

// particle -1
sphere {
	<37.774879, 29.623619, 30.693665> 0.100000
	pigment { color rgbt <1,0,0,0> }
	no_shadow
}
sphere {
	0, 1
	scale<0.080000,0.200000,0.300000>
	matrix <-0.206937, 0.421943, -0.882690,
		0.488103, 0.826441, 0.280625,
		0.847899, -0.372772, -0.376973,
		38.029247, 29.511787, 30.580572>
	pigment { color rgbt <0,1,1,0> }
	no_shadow
}
cylinder {
	<37.687164, 30.289137, 30.488375>,  <37.435719, 29.772728, 30.844454>, 0.130000
	pigment { color rgbt <1,0,0,0> }
	no_shadow
}

// nucleotide -1

// particle -1
sphere {
	<37.687164, 30.289137, 30.488375> 0.250000
	pigment { color rgbt <1,0,0,0> }
	no_shadow
}
cylinder {
	<37.868725, 29.964909, 30.340347>,  <37.977661, 29.770372, 30.251532>, 0.100000
	pigment { color rgbt <1,0,0,0> }
	no_shadow
}
cylinder {
	<37.868725, 29.964909, 30.340347>,  <37.687164, 30.289137, 30.488375>, 0.100000
	pigment { color rgbt <1,0,0,0> }
	no_shadow
}

// particle -1
sphere {
	<37.868725, 29.964909, 30.340347> 0.100000
	pigment { color rgbt <1,0,0,0> }
	no_shadow
}
sphere {
	0, 1
	scale<0.080000,0.200000,0.300000>
	matrix <-0.158588, 0.335197, -0.928705,
		0.876827, 0.480227, 0.023599,
		0.453900, -0.810571, -0.370068,
		38.004894, 29.721737, 30.229326>
	pigment { color rgbt <0,1,1,0> }
	no_shadow
}
cylinder {
	<38.238148, 30.569025, 29.982695>,  <37.687164, 30.289137, 30.488375>, 0.130000
	pigment { color rgbt <1,0,0,0> }
	no_shadow
}

// nucleotide -1

// particle -1
sphere {
	<38.238148, 30.569025, 29.982695> 0.250000
	pigment { color rgbt <1,0,0,0> }
	no_shadow
}
cylinder {
	<38.141575, 30.188389, 29.906605>,  <38.083630, 29.960007, 29.860950>, 0.100000
	pigment { color rgbt <1,0,0,0> }
	no_shadow
}
cylinder {
	<38.141575, 30.188389, 29.906605>,  <38.238148, 30.569025, 29.982695>, 0.100000
	pigment { color rgbt <1,0,0,0> }
	no_shadow
}

// particle -1
sphere {
	<38.141575, 30.188389, 29.906605> 0.100000
	pigment { color rgbt <1,0,0,0> }
	no_shadow
}
sphere {
	0, 1
	scale<0.080000,0.200000,0.300000>
	matrix <-0.058198, 0.209870, -0.975996,
		0.968671, -0.224565, -0.106050,
		-0.241431, -0.951591, -0.190226,
		38.069145, 29.902912, 29.849537>
	pigment { color rgbt <0,1,1,0> }
	no_shadow
}
cylinder {
	<38.612675, 30.444426, 29.281832>,  <38.238148, 30.569025, 29.982695>, 0.130000
	pigment { color rgbt <1,0,0,0> }
	no_shadow
}

// nucleotide -1

// particle -1
sphere {
	<38.612675, 30.444426, 29.281832> 0.250000
	pigment { color rgbt <1,0,0,0> }
	no_shadow
}
cylinder {
	<38.335213, 30.156651, 29.295959>,  <38.168736, 29.983986, 29.304436>, 0.100000
	pigment { color rgbt <1,0,0,0> }
	no_shadow
}
cylinder {
	<38.335213, 30.156651, 29.295959>,  <38.612675, 30.444426, 29.281832>, 0.100000
	pigment { color rgbt <1,0,0,0> }
	no_shadow
}

// particle -1
sphere {
	<38.335213, 30.156651, 29.295959> 0.100000
	pigment { color rgbt <1,0,0,0> }
	no_shadow
}
sphere {
	0, 1
	scale<0.080000,0.200000,0.300000>
	matrix <-0.182356, 0.127960, -0.974870,
		0.696841, -0.682666, -0.219954,
		-0.693656, -0.719440, 0.035320,
		38.127117, 29.940819, 29.306555>
	pigment { color rgbt <0,1,1,0> }
	no_shadow
}
cylinder {
	<38.676411, 30.080505, 28.638720>,  <38.612675, 30.444426, 29.281832>, 0.130000
	pigment { color rgbt <1,0,0,0> }
	no_shadow
}

// nucleotide -1

// particle -1
sphere {
	<38.676411, 30.080505, 28.638720> 0.250000
	pigment { color rgbt <1,0,0,0> }
	no_shadow
}
cylinder {
	<38.309738, 29.973915, 28.757843>,  <38.089737, 29.909960, 28.829317>, 0.100000
	pigment { color rgbt <1,0,0,0> }
	no_shadow
}
cylinder {
	<38.309738, 29.973915, 28.757843>,  <38.676411, 30.080505, 28.638720>, 0.100000
	pigment { color rgbt <1,0,0,0> }
	no_shadow
}

// particle -1
sphere {
	<38.309738, 29.973915, 28.757843> 0.100000
	pigment { color rgbt <1,0,0,0> }
	no_shadow
}
sphere {
	0, 1
	scale<0.080000,0.200000,0.300000>
	matrix <-0.354709, 0.199295, -0.913490,
		0.184070, -0.943013, -0.277210,
		-0.916679, -0.266475, 0.297811,
		38.034737, 29.893972, 28.847185>
	pigment { color rgbt <0,1,1,0> }
	no_shadow
}
cylinder {
	<38.523018, 29.658237, 28.102774>,  <38.676411, 30.080505, 28.638720>, 0.130000
	pigment { color rgbt <1,0,0,0> }
	no_shadow
}

// nucleotide -1

// particle -1
sphere {
	<38.523018, 29.658237, 28.102774> 0.250000
	pigment { color rgbt <1,0,0,0> }
	no_shadow
}
cylinder {
	<38.187641, 29.769737, 28.290096>,  <37.986416, 29.836637, 28.402491>, 0.100000
	pigment { color rgbt <1,0,0,0> }
	no_shadow
}
cylinder {
	<38.187641, 29.769737, 28.290096>,  <38.523018, 29.658237, 28.102774>, 0.100000
	pigment { color rgbt <1,0,0,0> }
	no_shadow
}

// particle -1
sphere {
	<38.187641, 29.769737, 28.290096> 0.100000
	pigment { color rgbt <1,0,0,0> }
	no_shadow
}
sphere {
	0, 1
	scale<0.080000,0.200000,0.300000>
	matrix <-0.420143, 0.216708, -0.881202,
		-0.347119, -0.935594, -0.064583,
		-0.838444, 0.278748, 0.468307,
		37.936108, 29.853361, 28.430588>
	pigment { color rgbt <0,1,1,0> }
	no_shadow
}
cylinder {
	<38.015858, 29.334812, 27.665867>,  <38.523018, 29.658237, 28.102774>, 0.130000
	pigment { color rgbt <1,0,0,0> }
	no_shadow
}

// nucleotide -1

// particle -1
sphere {
	<38.015858, 29.334812, 27.665867> 0.250000
	pigment { color rgbt <1,0,0,0> }
	no_shadow
}
cylinder {
	<37.835529, 29.626831, 27.871307>,  <37.727333, 29.802042, 27.994572>, 0.100000
	pigment { color rgbt <1,0,0,0> }
	no_shadow
}
cylinder {
	<37.835529, 29.626831, 27.871307>,  <38.015858, 29.334812, 27.665867>, 0.100000
	pigment { color rgbt <1,0,0,0> }
	no_shadow
}

// particle -1
sphere {
	<37.835529, 29.626831, 27.871307> 0.100000
	pigment { color rgbt <1,0,0,0> }
	no_shadow
}
sphere {
	0, 1
	scale<0.080000,0.200000,0.300000>
	matrix <-0.397780, 0.350785, -0.847774,
