// switches for output
#declare DRAW_BASES = 1; // possible values are 0, 1; only relevant for DNA ribbons
#declare DRAW_BASES_TYPE = 3; // possible values are 1, 2, 3; only relevant for DNA ribbons
#declare DRAW_FOG = 0; // set to 1 to enable fog

#include "colors.inc"

#include "transforms.inc"
background { rgb <1, 1, 1>}

#default {
   normal{
       ripples 0.25
       frequency 0.20
       turbulence 0.2
       lambda 5
   }
	finish {
		phong 0.1
		phong_size 40.
	}
}

// original window dimensions: 1024x640


// camera settings

camera {
	sky <-0, 1, 0>
	up <-0, 1, 0>
	right 1.6 * <0.581683, 0, 0.813415>
	location <-54.4937, 30, 90.4225>
	look_at <30, 30, 30>
	direction <84.4937, 0, -60.4225>
	angle 67.0682
}


# declare cpy_camera_pos = <-54.4937, 30, 90.4225>;
# if (DRAW_FOG = 1)
fog {
	fog_type 2
	up vnormalize(cpy_camera_pos)
	color rgbt<1,1,1,0.3>
	distance 1e-5
	fog_alt 3e-3
	fog_offset 48
}
# end


// LIGHTS

# declare lum = 6;
global_settings {
	ambient_light rgb lum * <0.05, 0.05, 0.05>
	max_trace_level 15
}# declare cpy_direct_light_amount = 0.25;
light_source
{	1000 * <0.231732, -1, 1.3951>,
	rgb lum * cpy_direct_light_amount
	parallel
}

light_source
{	1000 * <-0.231732, 1, -1.3951>,
	rgb lum * cpy_direct_light_amount
	parallel
}

// strand 0

// nucleotide -1

// particle -1
sphere {
	<42.777084, 32.520546, 23.056589> 0.250000
	pigment { color rgbt <1,0,0,0> }
	no_shadow
}
cylinder {
	<43.144432, 32.674782, 23.021008>,  <43.364841, 32.767323, 22.999659>, 0.100000
	pigment { color rgbt <1,0,0,0> }
	no_shadow
}
cylinder {
	<43.144432, 32.674782, 23.021008>,  <42.777084, 32.520546, 23.056589>, 0.100000
	pigment { color rgbt <1,0,0,0> }
	no_shadow
}

// particle -1
sphere {
	<43.144432, 32.674782, 23.021008> 0.100000
	pigment { color rgbt <1,0,0,0> }
	no_shadow
}
sphere {
	0, 1
	scale<0.080000,0.200000,0.300000>
	matrix <0.182776, -0.612700, -0.768890,
		-0.350983, 0.689867, -0.633163,
		0.918370, 0.385594, -0.088956,
		43.419945, 32.790459, 22.994320>
	pigment { color rgbt <0,1,1,0> }
	no_shadow
}
cylinder {
	<42.845398, 32.848576, 22.406740>,  <42.777084, 32.520546, 23.056589>, 0.130000
	pigment { color rgbt <1,0,0,0> }
	no_shadow
}

// nucleotide -1

// particle -1
sphere {
	<42.845398, 32.848576, 22.406740> 0.250000
	pigment { color rgbt <1,0,0,0> }
	no_shadow
}
cylinder {
	<43.184551, 32.716709, 22.572830>,  <43.388042, 32.637589, 22.672483>, 0.100000
	pigment { color rgbt <1,0,0,0> }
	no_shadow
}
cylinder {
	<43.184551, 32.716709, 22.572830>,  <42.845398, 32.848576, 22.406740>, 0.100000
	pigment { color rgbt <1,0,0,0> }
	no_shadow
}

// particle -1
sphere {
	<43.184551, 32.716709, 22.572830> 0.100000
	pigment { color rgbt <1,0,0,0> }
	no_shadow
}
sphere {
	0, 1
	scale<0.080000,0.200000,0.300000>
	matrix <0.244143, -0.452418, -0.857737,
		0.470624, 0.828635, -0.303111,
		0.847884, -0.329669, 0.415225,
		43.438915, 32.617809, 22.697397>
	pigment { color rgbt <0,1,1,0> }
	no_shadow
}
cylinder {
	<43.438244, 33.210133, 22.170458>,  <42.845398, 32.848576, 22.406740>, 0.130000
	pigment { color rgbt <1,0,0,0> }
	no_shadow
}

// nucleotide -1

// particle -1
sphere {
	<43.438244, 33.210133, 22.170458> 0.250000
	pigment { color rgbt <1,0,0,0> }
	no_shadow
}
cylinder {
	<43.477371, 32.822906, 22.262783>,  <43.500847, 32.590569, 22.318178>, 0.100000
	pigment { color rgbt <1,0,0,0> }
	no_shadow
}
cylinder {
	<43.477371, 32.822906, 22.262783>,  <43.438244, 33.210133, 22.170458>, 0.100000
	pigment { color rgbt <1,0,0,0> }
	no_shadow
}

// particle -1
sphere {
	<43.477371, 32.822906, 22.262783> 0.100000
	pigment { color rgbt <1,0,0,0> }
	no_shadow
}
sphere {
	0, 1
	scale<0.080000,0.200000,0.300000>
	matrix <0.285429, -0.194893, -0.938375,
		0.953395, 0.157667, 0.257252,
		0.097815, -0.968069, 0.230812,
		43.506714, 32.532486, 22.332027>
	pigment { color rgbt <0,1,1,0> }
	no_shadow
}
cylinder {
	<44.065784, 32.988544, 21.799858>,  <43.438244, 33.210133, 22.170458>, 0.130000
	pigment { color rgbt <1,0,0,0> }
	no_shadow
}

// nucleotide -1

// particle -1
sphere {
	<44.065784, 32.988544, 21.799858> 0.250000
	pigment { color rgbt <1,0,0,0> }
	no_shadow
}
cylinder {
	<43.851017, 32.663834, 21.891716>,  <43.722157, 32.469006, 21.946831>, 0.100000
	pigment { color rgbt <1,0,0,0> }
	no_shadow
}
cylinder {
	<43.851017, 32.663834, 21.891716>,  <44.065784, 32.988544, 21.799858>, 0.100000
	pigment { color rgbt <1,0,0,0> }
	no_shadow
}

// particle -1
sphere {
	<43.851017, 32.663834, 21.891716> 0.100000
	pigment { color rgbt <1,0,0,0> }
	no_shadow
}
sphere {
	0, 1
	scale<0.080000,0.200000,0.300000>
	matrix <0.298973, -0.437632, -0.847994,
		0.788883, -0.386644, 0.477671,
		-0.536916, -0.811779, 0.229645,
		43.689941, 32.420300, 21.960609>
	pigment { color rgbt <0,1,1,0> }
	no_shadow
}
cylinder {
	<44.489101, 32.341496, 21.871960>,  <44.065784, 32.988544, 21.799858>, 0.130000
	pigment { color rgbt <1,0,0,0> }
	no_shadow
}

// nucleotide -1

// particle -1
sphere {
	<44.489101, 32.341496, 21.871960> 0.250000
	pigment { color rgbt <1,0,0,0> }
	no_shadow
}
cylinder {
	<44.117168, 32.297531, 21.731480>,  <43.894009, 32.271152, 21.647192>, 0.100000
	pigment { color rgbt <1,0,0,0> }
	no_shadow
}
cylinder {
	<44.117168, 32.297531, 21.731480>,  <44.489101, 32.341496, 21.871960>, 0.100000
	pigment { color rgbt <1,0,0,0> }
	no_shadow
}

// particle -1
sphere {
	<44.117168, 32.297531, 21.731480> 0.100000
	pigment { color rgbt <1,0,0,0> }
	no_shadow
}
sphere {
	0, 1
	scale<0.080000,0.200000,0.300000>
	matrix <0.366048, -0.178211, -0.913373,
		0.037800, -0.977835, 0.205937,
		-0.929828, -0.109908, -0.351198,
		43.838219, 32.264561, 21.626120>
	pigment { color rgbt <0,1,1,0> }
	no_shadow
}
cylinder {
	<44.469402, 31.765745, 21.343769>,  <44.489101, 32.341496, 21.871960>, 0.130000
	pigment { color rgbt <1,0,0,0> }
	no_shadow
}

// nucleotide -1

// particle -1
sphere {
	<44.469402, 31.765745, 21.343769> 0.250000
	pigment { color rgbt <1,0,0,0> }
	no_shadow
}
cylinder {
	<44.168884, 32.022285, 21.281502>,  <43.988575, 32.176208, 21.244143>, 0.100000
	pigment { color rgbt <1,0,0,0> }
	no_shadow
}
cylinder {
	<44.168884, 32.022285, 21.281502>,  <44.469402, 31.765745, 21.343769>, 0.100000
	pigment { color rgbt <1,0,0,0> }
	no_shadow
}

// particle -1
sphere {
	<44.168884, 32.022285, 21.281502> 0.100000
	pigment { color rgbt <1,0,0,0> }
	no_shadow
}
sphere {
	0, 1
	scale<0.080000,0.200000,0.300000>
	matrix <0.266661, 0.079237, -0.960528,
		-0.603699, -0.763146, -0.230553,
		-0.751292, 0.641349, -0.155666,
		43.943497, 32.214691, 21.234802>
	pigment { color rgbt <0,1,1,0> }
	no_shadow
}
cylinder {
	<44.252602, 31.472609, 20.800983>,  <44.469402, 31.765745, 21.343769>, 0.130000
	pigment { color rgbt <1,0,0,0> }
	no_shadow
}

// nucleotide -1

// particle -1
sphere {
	<44.252602, 31.472609, 20.800983> 0.250000
	pigment { color rgbt <1,0,0,0> }
	no_shadow
}
cylinder {
	<44.109856, 31.844700, 20.835209>,  <44.024208, 32.067955, 20.855743>, 0.100000
	pigment { color rgbt <1,0,0,0> }
	no_shadow
}
cylinder {
	<44.109856, 31.844700, 20.835209>,  <44.252602, 31.472609, 20.800983>, 0.100000
	pigment { color rgbt <1,0,0,0> }
	no_shadow
}

// particle -1
sphere {
	<44.109856, 31.844700, 20.835209> 0.100000
	pigment { color rgbt <1,0,0,0> }
	no_shadow
}
sphere {
	0, 1
	scale<0.080000,0.200000,0.300000>
	matrix <0.388512, 0.231094, -0.891994,
		-0.849532, -0.285081, -0.443875,
		-0.356867, 0.930228, 0.085564,
		44.002796, 32.123768, 20.860878>
	pigment { color rgbt <0,1,1,0> }
	no_shadow
}
cylinder {
	<43.821220, 31.623600, 20.275934>,  <44.252602, 31.472609, 20.800983>, 0.130000
	pigment { color rgbt <1,0,0,0> }
	no_shadow
}

// nucleotide -1

// particle -1
sphere {
	<43.821220, 31.623600, 20.275934> 0.250000
	pigment { color rgbt <1,0,0,0> }
	no_shadow
}
cylinder {
	<43.959179, 31.976929, 20.402924>,  <44.041954, 32.188927, 20.479116>, 0.100000
	pigment { color rgbt <1,0,0,0> }
	no_shadow
}
cylinder {
	<43.959179, 31.976929, 20.402924>,  <43.821220, 31.623600, 20.275934>, 0.100000
	pigment { color rgbt <1,0,0,0> }
	no_shadow
}

// particle -1
sphere {
	<43.959179, 31.976929, 20.402924> 0.100000
	pigment { color rgbt <1,0,0,0> }
	no_shadow
}
sphere {
	0, 1
	scale<0.080000,0.200000,0.300000>
	matrix <0.235098, 0.246152, -0.940286,
		-0.908722, 0.398939, -0.122770,
		0.344896, 0.883322, 0.317473,
		44.062649, 32.241924, 20.498165>
	pigment { color rgbt <0,1,1,0> }
	no_shadow
}
cylinder {
	<43.581261, 32.110836, 19.643349>,  <43.821220, 31.623600, 20.275934>, 0.130000
	pigment { color rgbt <1,0,0,0> }
	no_shadow
}

// nucleotide -1

// particle -1
sphere {
	<43.581261, 32.110836, 19.643349> 0.250000
	pigment { color rgbt <1,0,0,0> }
	no_shadow
}
cylinder {
	<43.879181, 32.270058, 19.857571>,  <44.057934, 32.365589, 19.986103>, 0.100000
	pigment { color rgbt <1,0,0,0> }
	no_shadow
}
cylinder {
	<43.879181, 32.270058, 19.857571>,  <43.581261, 32.110836, 19.643349>, 0.100000
	pigment { color rgbt <1,0,0,0> }
	no_shadow
}

// particle -1
sphere {
	<43.879181, 32.270058, 19.857571> 0.100000
	pigment { color rgbt <1,0,0,0> }
	no_shadow
}
sphere {
	0, 1
	scale<0.080000,0.200000,0.300000>
	matrix <0.497913, 0.202791, -0.843183,
		-0.444239, 0.894667, -0.047157,
		0.744805, 0.398055, 0.535554,
		44.102623, 32.389473, 20.018236>
	pigment { color rgbt <0,1,1,0> }
	no_shadow
}
cylinder {
	<43.967834, 32.514919, 19.156355>,  <43.581261, 32.110836, 19.643349>, 0.130000
	pigment { color rgbt <1,0,0,0> }
	no_shadow
}

// nucleotide -1

// particle -1
sphere {
	<43.967834, 32.514919, 19.156355> 0.250000
	pigment { color rgbt <1,0,0,0> }
	no_shadow
}
cylinder {
	<44.228790, 32.565006, 19.455341>,  <44.385365, 32.595058, 19.634733>, 0.100000
	pigment { color rgbt <1,0,0,0> }
	no_shadow
}
cylinder {
	<44.228790, 32.565006, 19.455341>,  <43.967834, 32.514919, 19.156355>, 0.100000
	pigment { color rgbt <1,0,0,0> }
	no_shadow
}

// particle -1
sphere {
	<44.228790, 32.565006, 19.455341> 0.100000
	pigment { color rgbt <1,0,0,0> }
	no_shadow
}
sphere {
	0, 1
	scale<0.080000,0.200000,0.300000>
	matrix <0.717969, 0.213732, -0.662449,
		-0.242708, 0.968834, 0.049534,
		0.652390, 0.125218, 0.747468,
		44.424507, 32.602573, 19.679581>
	pigment { color rgbt <0,1,1,0> }
	no_shadow
}
cylinder {
	<44.340092, 33.176960, 19.075127>,  <43.967834, 32.514919, 19.156355>, 0.130000
	pigment { color rgbt <1,0,0,0> }
	no_shadow
}

// nucleotide -1

// particle -1
sphere {
	<44.340092, 33.176960, 19.075127> 0.250000
	pigment { color rgbt <1,0,0,0> }
	no_shadow
}
cylinder {
	<44.582138, 32.946312, 19.294704>,  <44.727367, 32.807922, 19.426451>, 0.100000
	pigment { color rgbt <1,0,0,0> }
	no_shadow
}
cylinder {
	<44.582138, 32.946312, 19.294704>,  <44.340092, 33.176960, 19.075127>, 0.100000
	pigment { color rgbt <1,0,0,0> }
	no_shadow
}

// particle -1
sphere {
	<44.582138, 32.946312, 19.294704> 0.100000
	pigment { color rgbt <1,0,0,0> }
	no_shadow
}
sphere {
	0, 1
	scale<0.080000,0.200000,0.300000>
	matrix <0.679923, 0.015593, -0.733118,
		0.414170, 0.816864, 0.401492,
		0.605118, -0.576619, 0.548946,
		44.763672, 32.773327, 19.459389>
	pigment { color rgbt <0,1,1,0> }
	no_shadow
}
cylinder {
	<45.041729, 33.492058, 19.146158>,  <44.340092, 33.176960, 19.075127>, 0.130000
	pigment { color rgbt <1,0,0,0> }
	no_shadow
}

// nucleotide -1

// particle -1
sphere {
	<45.041729, 33.492058, 19.146158> 0.250000
	pigment { color rgbt <1,0,0,0> }
	no_shadow
}
cylinder {
	<45.097149, 33.102180, 19.216328>,  <45.130402, 32.868256, 19.258429>, 0.100000
	pigment { color rgbt <1,0,0,0> }
	no_shadow
}
cylinder {
	<45.097149, 33.102180, 19.216328>,  <45.041729, 33.492058, 19.146158>, 0.100000
	pigment { color rgbt <1,0,0,0> }
	no_shadow
}

// particle -1
sphere {
	<45.097149, 33.102180, 19.216328> 0.100000
	pigment { color rgbt <1,0,0,0> }
	no_shadow
}
sphere {
	0, 1
	scale<0.080000,0.200000,0.300000>
	matrix <0.736863, -0.016889, -0.675831,
		0.661692, 0.222902, 0.715876,
		0.138554, -0.974694, 0.175423,
		45.138714, 32.809772, 19.268955>
	pigment { color rgbt <0,1,1,0> }
	no_shadow
}
cylinder {
	<45.717667, 33.470528, 19.173662>,  <45.041729, 33.492058, 19.146158>, 0.130000
	pigment { color rgbt <1,0,0,0> }
	no_shadow
}

// nucleotide -1

// particle -1
sphere {
	<45.717667, 33.470528, 19.173662> 0.250000
	pigment { color rgbt <1,0,0,0> }
	no_shadow
}
cylinder {
	<45.574551, 33.107090, 19.087452>,  <45.488682, 32.889027, 19.035727>, 0.100000
	pigment { color rgbt <1,0,0,0> }
	no_shadow
}
cylinder {
	<45.574551, 33.107090, 19.087452>,  <45.717667, 33.470528, 19.173662>, 0.100000
	pigment { color rgbt <1,0,0,0> }
	no_shadow
}

// particle -1
sphere {
	<45.574551, 33.107090, 19.087452> 0.100000
	pigment { color rgbt <1,0,0,0> }
	no_shadow
}
sphere {
	0, 1
	scale<0.080000,0.200000,0.300000>
	matrix <0.716366, -0.119014, -0.687499,
		0.599006, -0.400372, 0.693465,
		-0.357788, -0.908591, -0.215523,
		45.467213, 32.834511, 19.022795>
	pigment { color rgbt <0,1,1,0> }
	no_shadow
}
cylinder {
	<46.340519, 33.028992, 19.034359>,  <45.717667, 33.470528, 19.173662>, 0.130000
	pigment { color rgbt <1,0,0,0> }
	no_shadow
}

// nucleotide -1

// particle -1
sphere {
	<46.340519, 33.028992, 19.034359> 0.250000
	pigment { color rgbt <1,0,0,0> }
	no_shadow
}
cylinder {
	<46.042747, 32.832436, 18.853531>,  <45.864086, 32.714500, 18.745035>, 0.100000
	pigment { color rgbt <1,0,0,0> }
	no_shadow
}
cylinder {
	<46.042747, 32.832436, 18.853531>,  <46.340519, 33.028992, 19.034359>, 0.100000
	pigment { color rgbt <1,0,0,0> }
	no_shadow
}

// particle -1
sphere {
	<46.042747, 32.832436, 18.853531> 0.100000
	pigment { color rgbt <1,0,0,0> }
	no_shadow
}
sphere {
	0, 1
	scale<0.080000,0.200000,0.300000>
	matrix <0.579595, -0.139404, -0.802893,
		0.331515, -0.859709, 0.388584,
		-0.744424, -0.491392, -0.452069,
		45.819420, 32.685017, 18.717911>
	pigment { color rgbt <0,1,1,0> }
	no_shadow
}
cylinder {
	<46.723122, 32.548363, 18.620478>,  <46.340519, 33.028992, 19.034359>, 0.130000
	pigment { color rgbt <1,0,0,0> }
	no_shadow
}

// nucleotide -1

// particle -1
sphere {
	<46.723122, 32.548363, 18.620478> 0.250000
	pigment { color rgbt <1,0,0,0> }
	no_shadow
}
cylinder {
	<46.374249, 32.470505, 18.440964>,  <46.164925, 32.423790, 18.333256>, 0.100000
	pigment { color rgbt <1,0,0,0> }
	no_shadow
}
cylinder {
	<46.374249, 32.470505, 18.440964>,  <46.723122, 32.548363, 18.620478>, 0.100000
	pigment { color rgbt <1,0,0,0> }
	no_shadow
}

// particle -1
sphere {
	<46.374249, 32.470505, 18.440964> 0.100000
	pigment { color rgbt <1,0,0,0> }
	no_shadow
}
sphere {
	0, 1
	scale<0.080000,0.200000,0.300000>
	matrix <0.473526, -0.105717, -0.874412,
		0.122757, -0.975160, 0.184375,
		-0.872183, -0.194647, -0.448786,
		46.112595, 32.412109, 18.306328>
	pigment { color rgbt <0,1,1,0> }
	no_shadow
}
cylinder {
	<46.809566, 32.053978, 18.159851>,  <46.723122, 32.548363, 18.620478>, 0.130000
	pigment { color rgbt <1,0,0,0> }
	no_shadow
}

// nucleotide -1

// particle -1
sphere {
	<46.809566, 32.053978, 18.159851> 0.250000
	pigment { color rgbt <1,0,0,0> }
	no_shadow
}
cylinder {
	<46.464245, 32.210293, 18.032108>,  <46.257053, 32.304081, 17.955463>, 0.100000
	pigment { color rgbt <1,0,0,0> }
	no_shadow
}
cylinder {
	<46.464245, 32.210293, 18.032108>,  <46.809566, 32.053978, 18.159851>, 0.100000
	pigment { color rgbt <1,0,0,0> }
	no_shadow
}

// particle -1
sphere {
	<46.464245, 32.210293, 18.032108> 0.100000
	pigment { color rgbt <1,0,0,0> }
	no_shadow
}
sphere {
	0, 1
	scale<0.080000,0.200000,0.300000>
	matrix <0.266863, -0.183610, -0.946082,
		-0.428355, -0.901982, 0.054224,
		-0.863305, 0.390789, -0.319356,
		46.205254, 32.327530, 17.936302>
	pigment { color rgbt <0,1,1,0> }
	no_shadow
}
cylinder {
	<46.472855, 31.524132, 17.805071>,  <46.809566, 32.053978, 18.159851>, 0.130000
	pigment { color rgbt <1,0,0,0> }
	no_shadow
}

// nucleotide -1

// particle -1
sphere {
	<46.472855, 31.524132, 17.805071> 0.250000
	pigment { color rgbt <1,0,0,0> }
	no_shadow
}
cylinder {
	<46.344528, 31.877682, 17.668930>,  <46.267532, 32.089813, 17.587246>, 0.100000
	pigment { color rgbt <1,0,0,0> }
	no_shadow
}
cylinder {
	<46.344528, 31.877682, 17.668930>,  <46.472855, 31.524132, 17.805071>, 0.100000
	pigment { color rgbt <1,0,0,0> }
	no_shadow
}

// particle -1
sphere {
	<46.344528, 31.877682, 17.668930> 0.100000
	pigment { color rgbt <1,0,0,0> }
	no_shadow
}
sphere {
	0, 1
	scale<0.080000,0.200000,0.300000>
	matrix <0.219256, -0.280280, -0.934543,
		-0.921414, -0.374440, -0.103877,
		-0.320816, 0.883876, -0.340352,
		46.248283, 32.142845, 17.566824>
	pigment { color rgbt <0,1,1,0> }
	no_shadow
}
cylinder {
	<46.102833, 31.347837, 17.291992>,  <46.472855, 31.524132, 17.805071>, 0.130000
	pigment { color rgbt <1,0,0,0> }
	no_shadow
}

// nucleotide -1

// particle -1
sphere {
	<46.102833, 31.347837, 17.291992> 0.250000
	pigment { color rgbt <1,0,0,0> }
	no_shadow
}
cylinder {
	<46.236053, 31.720444, 17.233536>,  <46.315987, 31.944008, 17.198462>, 0.100000
	pigment { color rgbt <1,0,0,0> }
	no_shadow
}
cylinder {
	<46.236053, 31.720444, 17.233536>,  <46.102833, 31.347837, 17.291992>, 0.100000
	pigment { color rgbt <1,0,0,0> }
	no_shadow
}

// particle -1
sphere {
	<46.236053, 31.720444, 17.233536> 0.100000
	pigment { color rgbt <1,0,0,0> }
	no_shadow
}
sphere {
	0, 1
	scale<0.080000,0.200000,0.300000>
	matrix <0.210646, -0.224577, -0.951416,
		-0.919079, 0.286083, -0.271015,
		0.333048, 0.931516, -0.146141,
		46.335968, 31.999899, 17.189693>
	pigment { color rgbt <0,1,1,0> }
	no_shadow
}
cylinder {
	<45.959782, 31.520517, 16.573555>,  <46.102833, 31.347837, 17.291992>, 0.130000
	pigment { color rgbt <1,0,0,0> }
	no_shadow
}

// nucleotide -1

// particle -1
sphere {
	<45.959782, 31.520517, 16.573555> 0.250000
	pigment { color rgbt <1,0,0,0> }
	no_shadow
}
cylinder {
	<46.236931, 31.792999, 16.668114>,  <46.403221, 31.956488, 16.724850>, 0.100000
	pigment { color rgbt <1,0,0,0> }
	no_shadow
}
cylinder {
	<46.236931, 31.792999, 16.668114>,  <45.959782, 31.520517, 16.573555>, 0.100000
	pigment { color rgbt <1,0,0,0> }
	no_shadow
}

// particle -1
sphere {
	<46.236931, 31.792999, 16.668114> 0.100000
	pigment { color rgbt <1,0,0,0> }
	no_shadow
}
sphere {
	0, 1
	scale<0.080000,0.200000,0.300000>
	matrix <0.321279, 0.001848, -0.946983,
		-0.645525, 0.732092, -0.217576,
		0.692876, 0.681204, 0.236399,
		46.444794, 31.997360, 16.739033>
	pigment { color rgbt <0,1,1,0> }
	no_shadow
}
cylinder {
	<45.899345, 31.992098, 15.918529>,  <45.959782, 31.520517, 16.573555>, 0.130000
	pigment { color rgbt <1,0,0,0> }
	no_shadow
}

// nucleotide -1

// particle -1
sphere {
	<45.899345, 31.992098, 15.918529> 0.250000
	pigment { color rgbt <1,0,0,0> }
	no_shadow
}
cylinder {
	<46.233334, 32.097984, 16.111504>,  <46.433727, 32.161514, 16.227289>, 0.100000
	pigment { color rgbt <1,0,0,0> }
	no_shadow
}
cylinder {
	<46.233334, 32.097984, 16.111504>,  <45.899345, 31.992098, 15.918529>, 0.100000
	pigment { color rgbt <1,0,0,0> }
	no_shadow
}

// particle -1
sphere {
	<46.233334, 32.097984, 16.111504> 0.100000
	pigment { color rgbt <1,0,0,0> }
	no_shadow
}
sphere {
	0, 1
	scale<0.080000,0.200000,0.300000>
	matrix <0.477114, 0.088585, -0.874366,
		-0.274193, 0.960250, -0.052333,
		0.834973, 0.264714, 0.482438,
		46.483826, 32.177399, 16.256235>
	pigment { color rgbt <0,1,1,0> }
	no_shadow
}
cylinder {
	<45.984894, 32.618862, 15.753763>,  <45.899345, 31.992098, 15.918529>, 0.130000
	pigment { color rgbt <1,0,0,0> }
	no_shadow
}

// nucleotide -1

// particle -1
sphere {
	<45.984894, 32.618862, 15.753763> 0.250000
	pigment { color rgbt <1,0,0,0> }
	no_shadow
}
cylinder {
	<46.346554, 32.520119, 15.893237>,  <46.563549, 32.460873, 15.976922>, 0.100000
	pigment { color rgbt <1,0,0,0> }
	no_shadow
}
cylinder {
	<46.346554, 32.520119, 15.893237>,  <45.984894, 32.618862, 15.753763>, 0.100000
	pigment { color rgbt <1,0,0,0> }
	no_shadow
}

// particle -1
sphere {
	<46.346554, 32.520119, 15.893237> 0.100000
	pigment { color rgbt <1,0,0,0> }
	no_shadow
}
sphere {
	0, 1
	scale<0.080000,0.200000,0.300000>
	matrix <0.422525, 0.395962, -0.815283,
		0.063194, 0.884463, 0.462311,
		0.904145, -0.246859, 0.348686,
		46.617798, 32.446060, 15.997843>
	pigment { color rgbt <0,1,1,0> }
	no_shadow
}
cylinder {
	<46.297527, 33.318062, 15.816072>,  <45.984894, 32.618862, 15.753763>, 0.130000
	pigment { color rgbt <1,0,0,0> }
	no_shadow
}

// nucleotide -1

// particle -1
sphere {
	<46.297527, 33.318062, 15.816072> 0.250000
	pigment { color rgbt <1,0,0,0> }
	no_shadow
}
cylinder {
	<46.560444, 33.016743, 15.806996>,  <46.718193, 32.835953, 15.801551>, 0.100000
	pigment { color rgbt <1,0,0,0> }
	no_shadow
}
cylinder {
	<46.560444, 33.016743, 15.806996>,  <46.297527, 33.318062, 15.816072>, 0.100000
	pigment { color rgbt <1,0,0,0> }
	no_shadow
}

// particle -1
sphere {
	<46.560444, 33.016743, 15.806996> 0.100000
	pigment { color rgbt <1,0,0,0> }
	no_shadow
}
sphere {
	0, 1
	scale<0.080000,0.200000,0.300000>
	matrix <0.537225, 0.489452, -0.686896,
		0.528541, 0.439302, 0.726401,
		0.657293, -0.753294, -0.022691,
		46.757633, 32.790756, 15.800189>
	pigment { color rgbt <0,1,1,0> }
	no_shadow
}
cylinder {
	<46.950993, 33.645824, 15.730043>,  <46.297527, 33.318062, 15.816072>, 0.130000
	pigment { color rgbt <1,0,0,0> }
	no_shadow
}

// nucleotide -1

// particle -1
sphere {
	<46.950993, 33.645824, 15.730043> 0.250000
	pigment { color rgbt <1,0,0,0> }
	no_shadow
}
cylinder {
	<47.044224, 33.266186, 15.645303>,  <47.100163, 33.038403, 15.594459>, 0.100000
	pigment { color rgbt <1,0,0,0> }
	no_shadow
}
cylinder {
	<47.044224, 33.266186, 15.645303>,  <46.950993, 33.645824, 15.730043>, 0.100000
	pigment { color rgbt <1,0,0,0> }
	no_shadow
}

// particle -1
sphere {
	<47.044224, 33.266186, 15.645303> 0.100000
	pigment { color rgbt <1,0,0,0> }
	no_shadow
}
sphere {
	0, 1
	scale<0.080000,0.200000,0.300000>
	matrix <0.693964, 0.314948, -0.647473,
		0.681239, 0.003897, 0.732051,
		0.233081, -0.949101, -0.211851,
		47.114147, 32.981457, 15.581748>
	pigment { color rgbt <0,1,1,0> }
	no_shadow
}
cylinder {
	<47.608440, 33.609074, 15.690910>,  <46.950993, 33.645824, 15.730043>, 0.130000
	pigment { color rgbt <1,0,0,0> }
	no_shadow
}

// nucleotide -1

// particle -1
sphere {
	<47.608440, 33.609074, 15.690910> 0.250000
	pigment { color rgbt <1,0,0,0> }
	no_shadow
}
cylinder {
	<47.507179, 33.302628, 15.454610>,  <47.446423, 33.118759, 15.312829>, 0.100000
	pigment { color rgbt <1,0,0,0> }
	no_shadow
}
cylinder {
	<47.507179, 33.302628, 15.454610>,  <47.608440, 33.609074, 15.690910>, 0.100000
	pigment { color rgbt <1,0,0,0> }
	no_shadow
}

// particle -1
sphere {
	<47.507179, 33.302628, 15.454610> 0.100000
	pigment { color rgbt <1,0,0,0> }
	no_shadow
}
sphere {
	0, 1
	scale<0.080000,0.200000,0.300000>
	matrix <0.581474, 0.367536, -0.725813,
		0.773176, -0.527249, 0.352431,
		-0.253153, -0.766111, -0.590752,
		47.431232, 33.072796, 15.277385>
	pigment { color rgbt <0,1,1,0> }
	no_shadow
}
cylinder {
	<48.217812, 33.442833, 15.341444>,  <47.608440, 33.609074, 15.690910>, 0.130000
	pigment { color rgbt <1,0,0,0> }
	no_shadow
}

// nucleotide -1

// particle -1
sphere {
	<48.217812, 33.442833, 15.341444> 0.250000
	pigment { color rgbt <1,0,0,0> }
	no_shadow
}
cylinder {
	<47.911186, 33.302570, 15.126250>,  <47.727211, 33.218414, 14.997134>, 0.100000
	pigment { color rgbt <1,0,0,0> }
	no_shadow
}
cylinder {
	<47.911186, 33.302570, 15.126250>,  <48.217812, 33.442833, 15.341444>, 0.100000
	pigment { color rgbt <1,0,0,0> }
	no_shadow
}

// particle -1
sphere {
	<47.911186, 33.302570, 15.126250> 0.100000
	pigment { color rgbt <1,0,0,0> }
	no_shadow
}
sphere {
	0, 1
	scale<0.080000,0.200000,0.300000>
	matrix <0.462093, 0.280552, -0.841285,
		0.445932, -0.893495, -0.053026,
		-0.766560, -0.350653, -0.537985,
		47.681217, 33.197376, 14.964855>
	pigment { color rgbt <0,1,1,0> }
	no_shadow
}
cylinder {
	<48.436241, 32.981468, 14.851869>,  <48.217812, 33.442833, 15.341444>, 0.130000
	pigment { color rgbt <1,0,0,0> }
	no_shadow
}

// nucleotide -1

// particle -1
sphere {
	<48.436241, 32.981468, 14.851869> 0.250000
	pigment { color rgbt <1,0,0,0> }
	no_shadow
}
cylinder {
	<48.100552, 33.151192, 14.715831>,  <47.899139, 33.253025, 14.634209>, 0.100000
	pigment { color rgbt <1,0,0,0> }
	no_shadow
}
cylinder {
	<48.100552, 33.151192, 14.715831>,  <48.436241, 32.981468, 14.851869>, 0.100000
	pigment { color rgbt <1,0,0,0> }
	no_shadow
}

// particle -1
sphere {
	<48.100552, 33.151192, 14.715831> 0.100000
	pigment { color rgbt <1,0,0,0> }
	no_shadow
}
sphere {
	0, 1
	scale<0.080000,0.200000,0.300000>
	matrix <0.493556, 0.331818, -0.803928,
		-0.228264, -0.842531, -0.487890,
		-0.839225, 0.424309, -0.340094,
		47.848785, 33.278484, 14.613803>
	pigment { color rgbt <0,1,1,0> }
	no_shadow
}
cylinder {
	<48.295876, 32.724564, 14.172738>,  <48.436241, 32.981468, 14.851869>, 0.130000
	pigment { color rgbt <1,0,0,0> }
	no_shadow
}

// nucleotide -1

// particle -1
sphere {
	<48.295876, 32.724564, 14.172738> 0.250000
	pigment { color rgbt <1,0,0,0> }
	no_shadow
}
cylinder {
	<48.129948, 33.084503, 14.226691>,  <48.030392, 33.300468, 14.259064>, 0.100000
	pigment { color rgbt <1,0,0,0> }
	no_shadow
}
cylinder {
	<48.129948, 33.084503, 14.226691>,  <48.295876, 32.724564, 14.172738>, 0.100000
	pigment { color rgbt <1,0,0,0> }
	no_shadow
}

// particle -1
sphere {
	<48.129948, 33.084503, 14.226691> 0.100000
	pigment { color rgbt <1,0,0,0> }
	no_shadow
}
sphere {
	0, 1
	scale<0.080000,0.200000,0.300000>
	matrix <0.483045, 0.343412, -0.805441,
		-0.771097, -0.268960, -0.577123,
		-0.414822, 0.899849, 0.134883,
		48.005501, 33.354458, 14.267157>
	pigment { color rgbt <0,1,1,0> }
	no_shadow
}
cylinder {
	<48.088345, 32.990829, 13.617529>,  <48.295876, 32.724564, 14.172738>, 0.130000
	pigment { color rgbt <1,0,0,0> }
	no_shadow
}

// nucleotide -1

// particle -1
sphere {
	<48.088345, 32.990829, 13.617529> 0.250000
	pigment { color rgbt <1,0,0,0> }
	no_shadow
}
cylinder {
	<48.203308, 33.303814, 13.838492>,  <48.272285, 33.491604, 13.971070>, 0.100000
	pigment { color rgbt <1,0,0,0> }
	no_shadow
}
cylinder {
	<48.203308, 33.303814, 13.838492>,  <48.088345, 32.990829, 13.617529>, 0.100000
	pigment { color rgbt <1,0,0,0> }
	no_shadow
}

// particle -1
sphere {
	<48.203308, 33.303814, 13.838492> 0.100000
	pigment { color rgbt <1,0,0,0> }
	no_shadow
}
sphere {
	0, 1
	scale<0.080000,0.200000,0.300000>
	matrix <0.507859, 0.364499, -0.780525,
		-0.812080, 0.504877, -0.292618,
		0.287410, 0.782458, 0.552409,
		48.289532, 33.538551, 14.004215>
	pigment { color rgbt <0,1,1,0> }
	no_shadow
}
cylinder {
	<47.894745, 33.741127, 13.493041>,  <48.088345, 32.990829, 13.617529>, 0.130000
	pigment { color rgbt <1,0,0,0> }
	no_shadow
}

// nucleotide -1

// particle -1
sphere {
	<47.894745, 33.741127, 13.493041> 0.250000
	pigment { color rgbt <1,0,0,0> }
	no_shadow
}
cylinder {
	<48.266880, 33.706512, 13.635585>,  <48.490162, 33.685745, 13.721111>, 0.100000
	pigment { color rgbt <1,0,0,0> }
	no_shadow
}
cylinder {
	<48.266880, 33.706512, 13.635585>,  <47.894745, 33.741127, 13.493041>, 0.100000
	pigment { color rgbt <1,0,0,0> }
	no_shadow
}

// particle -1
sphere {
	<48.266880, 33.706512, 13.635585> 0.100000
	pigment { color rgbt <1,0,0,0> }
	no_shadow
}
sphere {
	0, 1
	scale<0.080000,0.200000,0.300000>
	matrix <0.357878, 0.426287, -0.830784,
		-0.080019, 0.900439, 0.427558,
		0.930333, -0.086535, 0.356359,
		48.545979, 33.680553, 13.742493>
	pigment { color rgbt <0,1,1,0> }
	no_shadow
}
cylinder {
	<48.225063, 34.384426, 13.706830>,  <47.894745, 33.741127, 13.493041>, 0.130000
	pigment { color rgbt <1,0,0,0> }
	no_shadow
}

// nucleotide -1

// particle -1
sphere {
	<48.225063, 34.384426, 13.706830> 0.250000
	pigment { color rgbt <1,0,0,0> }
	no_shadow
}
cylinder {
	<48.467758, 34.105492, 13.554202>,  <48.613377, 33.938133, 13.462626>, 0.100000
	pigment { color rgbt <1,0,0,0> }
	no_shadow
}
cylinder {
	<48.467758, 34.105492, 13.554202>,  <48.225063, 34.384426, 13.706830>, 0.100000
	pigment { color rgbt <1,0,0,0> }
	no_shadow
}

// particle -1
sphere {
	<48.467758, 34.105492, 13.554202> 0.100000
	pigment { color rgbt <1,0,0,0> }
	no_shadow
}
sphere {
	0, 1
	scale<0.080000,0.200000,0.300000>
	matrix <0.093189, 0.539112, -0.837063,
		0.789420, 0.472321, 0.392084,
		0.606739, -0.697332, -0.381570,
		48.649780, 33.896294, 13.439731>
	pigment { color rgbt <0,1,1,0> }
	no_shadow
}
cylinder {
	<48.888107, 34.539864, 13.350034>,  <48.225063, 34.384426, 13.706830>, 0.130000
	pigment { color rgbt <1,0,0,0> }
	no_shadow
}

// nucleotide -1

// particle -1
sphere {
	<48.888107, 34.539864, 13.350034> 0.250000
	pigment { color rgbt <1,0,0,0> }
	no_shadow
}
cylinder {
	<48.992611, 34.908817, 13.463834>,  <49.055313, 35.130192, 13.532114>, 0.100000
	pigment { color rgbt <1,0,0,0> }
	no_shadow
}
cylinder {
	<48.992611, 34.908817, 13.463834>,  <48.888107, 34.539864, 13.350034>, 0.100000
	pigment { color rgbt <1,0,0,0> }
	no_shadow
}

// particle -1
sphere {
	<48.992611, 34.908817, 13.463834> 0.100000
	pigment { color rgbt <1,0,0,0> }
	no_shadow
}
sphere {
	0, 1
	scale<0.080000,0.200000,0.300000>
	matrix <-0.861751, 0.090094, 0.499268,
		0.434888, -0.375608, 0.818408,
		0.261262, 0.922389, 0.284500,
		49.070992, 35.185535, 13.549184>
	pigment { color rgbt <0,1,1,0> }
	no_shadow
}
cylinder {
	<48.816750, 34.689629, 14.079590>,  <48.888107, 34.539864, 13.350034>, 0.130000
	pigment { color rgbt <1,0,0,0> }
	no_shadow
}

// nucleotide -1

// particle -1
sphere {
	<48.816750, 34.689629, 14.079590> 0.250000
	pigment { color rgbt <1,0,0,0> }
	no_shadow
}
cylinder {
	<48.763527, 35.044392, 13.902640>,  <48.731594, 35.257248, 13.796471>, 0.100000
	pigment { color rgbt <1,0,0,0> }
	no_shadow
}
cylinder {
	<48.763527, 35.044392, 13.902640>,  <48.816750, 34.689629, 14.079590>, 0.100000
	pigment { color rgbt <1,0,0,0> }
	no_shadow
}

// particle -1
sphere {
	<48.763527, 35.044392, 13.902640> 0.100000
	pigment { color rgbt <1,0,0,0> }
	no_shadow
}
sphere {
	0, 1
	scale<0.080000,0.200000,0.300000>
	matrix <-0.812471, 0.158020, 0.561178,
		0.567615, 0.434084, 0.699560,
		-0.133054, 0.886905, -0.442375,
		48.723610, 35.310463, 13.769928>
	pigment { color rgbt <0,1,1,0> }
	no_shadow
}
cylinder {
	<48.682346, 35.179100, 14.570853>,  <48.816750, 34.689629, 14.079590>, 0.130000
	pigment { color rgbt <1,0,0,0> }
	no_shadow
}

// nucleotide -1

// particle -1
sphere {
	<48.682346, 35.179100, 14.570853> 0.250000
	pigment { color rgbt <1,0,0,0> }
	no_shadow
}
cylinder {
	<48.500900, 35.302883, 14.236556>,  <48.392033, 35.377155, 14.035977>, 0.100000
	pigment { color rgbt <1,0,0,0> }
	no_shadow
}
cylinder {
	<48.500900, 35.302883, 14.236556>,  <48.682346, 35.179100, 14.570853>, 0.100000
	pigment { color rgbt <1,0,0,0> }
	no_shadow
}

// particle -1
sphere {
	<48.500900, 35.302883, 14.236556> 0.100000
	pigment { color rgbt <1,0,0,0> }
	no_shadow
}
sphere {
	0, 1
	scale<0.080000,0.200000,0.300000>
	matrix <-0.837329, 0.173099, 0.518572,
		0.305144, 0.935024, 0.180601,
		-0.453615, 0.309462, -0.835743,
		48.364815, 35.395721, 13.985833>
	pigment { color rgbt <0,1,1,0> }
	no_shadow
}
cylinder {
	<48.354683, 35.905212, 14.465321>,  <48.682346, 35.179100, 14.570853>, 0.130000
	pigment { color rgbt <1,0,0,0> }
	no_shadow
}

// nucleotide -1

// particle -1
sphere {
	<48.354683, 35.905212, 14.465321> 0.250000
	pigment { color rgbt <1,0,0,0> }
	no_shadow
}
cylinder {
	<48.168407, 35.618996, 14.257041>,  <48.056641, 35.447266, 14.132073>, 0.100000
	pigment { color rgbt <1,0,0,0> }
	no_shadow
}
cylinder {
	<48.168407, 35.618996, 14.257041>,  <48.354683, 35.905212, 14.465321>, 0.100000
	pigment { color rgbt <1,0,0,0> }
	no_shadow
}

// particle -1
sphere {
	<48.168407, 35.618996, 14.257041> 0.100000
	pigment { color rgbt <1,0,0,0> }
	no_shadow
}
sphere {
	0, 1
	scale<0.080000,0.200000,0.300000>
	matrix <-0.845574, 0.186229, 0.500324,
		-0.261035, 0.673285, -0.691772,
		-0.465689, -0.715546, -0.520700,
		48.028702, 35.404331, 14.100831>
	pigment { color rgbt <0,1,1,0> }
	no_shadow
}
cylinder {
	<47.686905, 36.177986, 14.181757>,  <48.354683, 35.905212, 14.465321>, 0.130000
	pigment { color rgbt <1,0,0,0> }
	no_shadow
}

// nucleotide -1

// particle -1
sphere {
	<47.686905, 36.177986, 14.181757> 0.250000
	pigment { color rgbt <1,0,0,0> }
	no_shadow
}
cylinder {
	<47.666500, 35.781784, 14.232833>,  <47.654259, 35.544064, 14.263478>, 0.100000
	pigment { color rgbt <1,0,0,0> }
	no_shadow
}
cylinder {
	<47.666500, 35.781784, 14.232833>,  <47.686905, 36.177986, 14.181757>, 0.100000
	pigment { color rgbt <1,0,0,0> }
	no_shadow
}

// particle -1
sphere {
	<47.666500, 35.781784, 14.232833> 0.100000
	pigment { color rgbt <1,0,0,0> }
	no_shadow
}
sphere {
	0, 1
	scale<0.080000,0.200000,0.300000>
	matrix <-0.835981, 0.112298, 0.537145,
		-0.546382, -0.079347, -0.833769,
		-0.051009, -0.990501, 0.127690,
		47.651196, 35.484634, 14.271140>
	pigment { color rgbt <0,1,1,0> }
	no_shadow
}
cylinder {
	<47.055748, 35.894020, 13.990008>,  <47.686905, 36.177986, 14.181757>, 0.130000
	pigment { color rgbt <1,0,0,0> }
	no_shadow
}

// nucleotide -1

// particle -1
sphere {
	<47.055748, 35.894020, 13.990008> 0.250000
	pigment { color rgbt <1,0,0,0> }
	no_shadow
}
cylinder {
	<47.178806, 35.670937, 14.298375>,  <47.252644, 35.537086, 14.483396>, 0.100000
	pigment { color rgbt <1,0,0,0> }
	no_shadow
}
cylinder {
	<47.178806, 35.670937, 14.298375>,  <47.055748, 35.894020, 13.990008>, 0.100000
	pigment { color rgbt <1,0,0,0> }
	no_shadow
}

// particle -1
sphere {
	<47.178806, 35.670937, 14.298375> 0.100000
	pigment { color rgbt <1,0,0,0> }
	no_shadow
}
sphere {
	0, 1
	scale<0.080000,0.200000,0.300000>
	matrix <-0.828661, 0.241144, 0.505144,
		-0.467625, -0.794236, -0.387964,
		0.307649, -0.557708, 0.770917,
		47.271099, 35.503624, 14.529651>
	pigment { color rgbt <0,1,1,0> }
	no_shadow
}
cylinder {
	<46.479893, 35.503849, 14.187029>,  <47.055748, 35.894020, 13.990008>, 0.130000
	pigment { color rgbt <1,0,0,0> }
	no_shadow
}

// nucleotide -1

// particle -1
sphere {
	<46.479893, 35.503849, 14.187029> 0.250000
	pigment { color rgbt <1,0,0,0> }
	no_shadow
}
cylinder {
	<46.717117, 35.473572, 14.507665>,  <46.859451, 35.455406, 14.700047>, 0.100000
	pigment { color rgbt <1,0,0,0> }
	no_shadow
}
cylinder {
	<46.717117, 35.473572, 14.507665>,  <46.479893, 35.503849, 14.187029>, 0.100000
	pigment { color rgbt <1,0,0,0> }
	no_shadow
}

// particle -1
sphere {
	<46.717117, 35.473572, 14.507665> 0.100000
	pigment { color rgbt <1,0,0,0> }
	no_shadow
}
sphere {
	0, 1
	scale<0.080000,0.200000,0.300000>
	matrix <-0.800182, 0.055077, 0.597223,
		-0.089357, -0.995609, -0.027907,
		0.593063, -0.075697, 0.801589,
		46.895035, 35.450863, 14.748141>
	pigment { color rgbt <0,1,1,0> }
	no_shadow
}
cylinder {
	<46.153267, 35.016869, 14.738054>,  <46.479893, 35.503849, 14.187029>, 0.130000
	pigment { color rgbt <1,0,0,0> }
	no_shadow
}

// nucleotide -1

// particle -1
sphere {
	<46.153267, 35.016869, 14.738054> 0.250000
	pigment { color rgbt <1,0,0,0> }
	no_shadow
}
cylinder {
	<46.400150, 35.249615, 14.949897>,  <46.548283, 35.389263, 15.077003>, 0.100000
	pigment { color rgbt <1,0,0,0> }
	no_shadow
}
cylinder {
	<46.400150, 35.249615, 14.949897>,  <46.153267, 35.016869, 14.738054>, 0.100000
	pigment { color rgbt <1,0,0,0> }
	no_shadow
}

// particle -1
sphere {
	<46.400150, 35.249615, 14.949897> 0.100000
	pigment { color rgbt <1,0,0,0> }
	no_shadow
}
sphere {
	0, 1
	scale<0.080000,0.200000,0.300000>
	matrix <-0.657940, 0.012567, 0.752965,
		0.431469, -0.813188, 0.390590,
		0.617211, 0.581866, 0.529607,
		46.585312, 35.424175, 15.108779>
	pigment { color rgbt <0,1,1,0> }
	no_shadow
}
cylinder {
	<46.153854, 34.716370, 15.392123>,  <46.153267, 35.016869, 14.738054>, 0.130000
	pigment { color rgbt <1,0,0,0> }
	no_shadow
}

// nucleotide -1

// particle -1
sphere {
	<46.153854, 34.716370, 15.392123> 0.250000
	pigment { color rgbt <1,0,0,0> }
	no_shadow
}
cylinder {
	<46.296520, 35.084126, 15.458474>,  <46.382122, 35.304779, 15.498285>, 0.100000
	pigment { color rgbt <1,0,0,0> }
	no_shadow
}
cylinder {
	<46.296520, 35.084126, 15.458474>,  <46.153854, 34.716370, 15.392123>, 0.100000
	pigment { color rgbt <1,0,0,0> }
	no_shadow
}

// particle -1
sphere {
	<46.296520, 35.084126, 15.458474> 0.100000
	pigment { color rgbt <1,0,0,0> }
	no_shadow
}
sphere {
	0, 1
	scale<0.080000,0.200000,0.300000>
	matrix <-0.505744, 0.040725, 0.861722,
		0.785500, -0.391241, 0.479500,
		0.356668, 0.919387, 0.165878,
		46.403522, 35.359943, 15.508238>
	pigment { color rgbt <0,1,1,0> }
	no_shadow
}
cylinder {
	<46.395863, 34.734913, 16.068617>,  <46.153854, 34.716370, 15.392123>, 0.130000
	pigment { color rgbt <1,0,0,0> }
	no_shadow
}

// nucleotide -1

// particle -1
sphere {
	<46.395863, 34.734913, 16.068617> 0.250000
	pigment { color rgbt <1,0,0,0> }
	no_shadow
}
cylinder {
	<46.314743, 35.115372, 15.975501>,  <46.266071, 35.343647, 15.919632>, 0.100000
	pigment { color rgbt <1,0,0,0> }
	no_shadow
}
cylinder {
	<46.314743, 35.115372, 15.975501>,  <46.395863, 34.734913, 16.068617>, 0.100000
	pigment { color rgbt <1,0,0,0> }
	no_shadow
}

// particle -1
sphere {
	<46.314743, 35.115372, 15.975501> 0.100000
	pigment { color rgbt <1,0,0,0> }
	no_shadow
}
sphere {
	0, 1
	scale<0.080000,0.200000,0.300000>
	matrix <-0.596746, 0.068441, 0.799506,
		0.776382, 0.301051, 0.553714,
		-0.202795, 0.951149, -0.232787,
		46.253906, 35.400715, 15.905664>
	pigment { color rgbt <0,1,1,0> }
	no_shadow
}
cylinder {
	<46.351631, 35.060200, 16.672258>,  <46.395863, 34.734913, 16.068617>, 0.130000
	pigment { color rgbt <1,0,0,0> }
	no_shadow
}

// nucleotide -1

// particle -1
sphere {
	<46.351631, 35.060200, 16.672258> 0.250000
	pigment { color rgbt <1,0,0,0> }
	no_shadow
}
cylinder {
	<46.175282, 35.330246, 16.435665>,  <46.069469, 35.492271, 16.293709>, 0.100000
	pigment { color rgbt <1,0,0,0> }
	no_shadow
}
cylinder {
	<46.175282, 35.330246, 16.435665>,  <46.351631, 35.060200, 16.672258>, 0.100000
	pigment { color rgbt <1,0,0,0> }
	no_shadow
}

// particle -1
sphere {
	<46.175282, 35.330246, 16.435665> 0.100000
	pigment { color rgbt <1,0,0,0> }
	no_shadow
}
sphere {
	0, 1
	scale<0.080000,0.200000,0.300000>
	matrix <-0.581637, 0.287015, 0.761132,
		0.683613, 0.679594, 0.266131,
		-0.440877, 0.675111, -0.591484,
		46.043018, 35.532780, 16.258221>
	pigment { color rgbt <0,1,1,0> }
	no_shadow
}
cylinder {
	<46.336975, 35.727467, 17.012112>,  <46.351631, 35.060200, 16.672258>, 0.130000
	pigment { color rgbt <1,0,0,0> }
	no_shadow
}

// nucleotide -1

// particle -1
sphere {
	<46.336975, 35.727467, 17.012112> 0.250000
	pigment { color rgbt <1,0,0,0> }
	no_shadow
}
cylinder {
	<46.040497, 35.725811, 16.743599>,  <45.862610, 35.724815, 16.582491>, 0.100000
	pigment { color rgbt <1,0,0,0> }
	no_shadow
}
cylinder {
	<46.040497, 35.725811, 16.743599>,  <46.336975, 35.727467, 17.012112>, 0.100000
	pigment { color rgbt <1,0,0,0> }
	no_shadow
}

// particle -1
sphere {
	<46.040497, 35.725811, 16.743599> 0.100000
	pigment { color rgbt <1,0,0,0> }
	no_shadow
}
sphere {
	0, 1
	scale<0.080000,0.200000,0.300000>
	matrix <-0.640695, 0.302833, 0.705551,
		0.200365, 0.953035, -0.227110,
		-0.741191, -0.004141, -0.671281,
		45.818138, 35.724567, 16.542215>
	pigment { color rgbt <0,1,1,0> }
	no_shadow
}
cylinder {
	<45.895767, 36.157459, 17.247595>,  <46.336975, 35.727467, 17.012112>, 0.130000
	pigment { color rgbt <1,0,0,0> }
	no_shadow
}

// nucleotide -1

// particle -1
sphere {
	<45.895767, 36.157459, 17.247595> 0.250000
	pigment { color rgbt <1,0,0,0> }
	no_shadow
}
cylinder {
	<45.669296, 35.958572, 16.984623>,  <45.533413, 35.839241, 16.826839>, 0.100000
	pigment { color rgbt <1,0,0,0> }
	no_shadow
}
cylinder {
	<45.669296, 35.958572, 16.984623>,  <45.895767, 36.157459, 17.247595>, 0.100000
	pigment { color rgbt <1,0,0,0> }
	no_shadow
}

// particle -1
sphere {
	<45.669296, 35.958572, 16.984623> 0.100000
	pigment { color rgbt <1,0,0,0> }
	no_shadow
}
sphere {
	0, 1
	scale<0.080000,0.200000,0.300000>
	matrix <-0.774216, 0.047047, 0.631170,
		-0.282901, 0.866348, -0.411593,
