// switches for output
#declare DRAW_BASES = 1; // possible values are 0, 1; only relevant for DNA ribbons
#declare DRAW_BASES_TYPE = 3; // possible values are 1, 2, 3; only relevant for DNA ribbons
#declare DRAW_FOG = 0; // set to 1 to enable fog

#include "colors.inc"

#include "transforms.inc"
background { rgb <1, 1, 1>}

#default {
   normal{
       ripples 0.25
       frequency 0.20
       turbulence 0.2
       lambda 5
   }
	finish {
		phong 0.1
		phong_size 40.
	}
}

// original window dimensions: 1024x640


// camera settings

camera {
	sky <-0, 1, 0>
	up <-0, 1, 0>
	right 1.6 * <0.581683, 0, 0.813415>
	location <-54.4937, 30, 90.4225>
	look_at <30, 30, 30>
	direction <84.4937, 0, -60.4225>
	angle 67.0682
}


# declare cpy_camera_pos = <-54.4937, 30, 90.4225>;
# if (DRAW_FOG = 1)
fog {
	fog_type 2
	up vnormalize(cpy_camera_pos)
	color rgbt<1,1,1,0.3>
	distance 1e-5
	fog_alt 3e-3
	fog_offset 48
}
# end


// LIGHTS

# declare lum = 6;
global_settings {
	ambient_light rgb lum * <0.05, 0.05, 0.05>
	max_trace_level 15
}# declare cpy_direct_light_amount = 0.25;
light_source
{	1000 * <0.231732, -1, 1.3951>,
	rgb lum * cpy_direct_light_amount
	parallel
}

light_source
{	1000 * <-0.231732, 1, -1.3951>,
	rgb lum * cpy_direct_light_amount
	parallel
}

// strand 0

// nucleotide -1

// particle -1
sphere {
	<42.546230, 32.528069, 22.613413> 0.250000
	pigment { color rgbt <1,0,0,0> }
	no_shadow
}
cylinder {
	<42.943501, 32.486782, 22.635162>,  <43.181862, 32.462009, 22.648212>, 0.100000
	pigment { color rgbt <1,0,0,0> }
	no_shadow
}
cylinder {
	<42.943501, 32.486782, 22.635162>,  <42.546230, 32.528069, 22.613413>, 0.100000
	pigment { color rgbt <1,0,0,0> }
	no_shadow
}

// particle -1
sphere {
	<42.943501, 32.486782, 22.635162> 0.100000
	pigment { color rgbt <1,0,0,0> }
	no_shadow
}
sphere {
	0, 1
	scale<0.080000,0.200000,0.300000>
	matrix <-0.104849, -0.994091, 0.028095,
		0.051154, -0.033604, -0.998125,
		0.993171, -0.103216, 0.054375,
		43.241451, 32.455818, 22.651474>
	pigment { color rgbt <0,1,1,0> }
	no_shadow
}
cylinder {
	<42.355038, 33.175877, 22.756123>,  <42.546230, 32.528069, 22.613413>, 0.130000
	pigment { color rgbt <1,0,0,0> }
	no_shadow
}

// nucleotide -1

// particle -1
sphere {
	<42.355038, 33.175877, 22.756123> 0.250000
	pigment { color rgbt <1,0,0,0> }
	no_shadow
}
cylinder {
	<42.171268, 32.890865, 22.968246>,  <42.061008, 32.719856, 23.095522>, 0.100000
	pigment { color rgbt <1,0,0,0> }
	no_shadow
}
cylinder {
	<42.171268, 32.890865, 22.968246>,  <42.355038, 33.175877, 22.756123>, 0.100000
	pigment { color rgbt <1,0,0,0> }
	no_shadow
}

// particle -1
sphere {
	<42.171268, 32.890865, 22.968246> 0.100000
	pigment { color rgbt <1,0,0,0> }
	no_shadow
}
sphere {
	0, 1
	scale<0.080000,0.200000,0.300000>
	matrix <-0.726069, 0.645174, 0.237854,
		-0.511622, -0.275768, -0.813754,
		-0.459421, -0.712533, 0.530312,
		42.033443, 32.677105, 23.127340>
	pigment { color rgbt <0,1,1,0> }
	no_shadow
}
cylinder {
	<42.632137, 33.889996, 22.325521>,  <42.355038, 33.175877, 22.756123>, 0.130000
	pigment { color rgbt <1,0,0,0> }
	no_shadow
}

// nucleotide -1

// particle -1
sphere {
	<42.632137, 33.889996, 22.325521> 0.250000
	pigment { color rgbt <1,0,0,0> }
	no_shadow
}
cylinder {
	<42.678047, 33.590492, 22.064388>,  <42.705593, 33.410789, 21.907709>, 0.100000
	pigment { color rgbt <1,0,0,0> }
	no_shadow
}
cylinder {
	<42.678047, 33.590492, 22.064388>,  <42.632137, 33.889996, 22.325521>, 0.100000
	pigment { color rgbt <1,0,0,0> }
	no_shadow
}

// particle -1
sphere {
	<42.678047, 33.590492, 22.064388> 0.100000
	pigment { color rgbt <1,0,0,0> }
	no_shadow
}
sphere {
	0, 1
	scale<0.080000,0.200000,0.300000>
	matrix <-0.993324, -0.094185, -0.066614,
		-0.011610, 0.656119, -0.754568,
		0.114775, -0.748757, -0.652832,
		42.712479, 33.365864, 21.868538>
	pigment { color rgbt <0,1,1,0> }
	no_shadow
}
cylinder {
	<42.231899, 34.042061, 21.716928>,  <42.632137, 33.889996, 22.325521>, 0.130000
	pigment { color rgbt <1,0,0,0> }
	no_shadow
}

// nucleotide -1

// particle -1
sphere {
	<42.231899, 34.042061, 21.716928> 0.250000
	pigment { color rgbt <1,0,0,0> }
	no_shadow
}
cylinder {
	<42.282547, 33.655144, 21.804855>,  <42.312935, 33.422993, 21.857611>, 0.100000
	pigment { color rgbt <1,0,0,0> }
	no_shadow
}
cylinder {
	<42.282547, 33.655144, 21.804855>,  <42.231899, 34.042061, 21.716928>, 0.100000
	pigment { color rgbt <1,0,0,0> }
	no_shadow
}

// particle -1
sphere {
	<42.282547, 33.655144, 21.804855> 0.100000
	pigment { color rgbt <1,0,0,0> }
	no_shadow
}
sphere {
	0, 1
	scale<0.080000,0.200000,0.300000>
	matrix <-0.991822, -0.127035, 0.012297,
		0.016030, -0.219577, -0.975463,
		0.126618, -0.967289, 0.219818,
		42.320534, 33.364956, 21.870800>
	pigment { color rgbt <0,1,1,0> }
	no_shadow
}
cylinder {
	<41.796856, 33.330585, 21.446043>,  <42.231899, 34.042061, 21.716928>, 0.130000
	pigment { color rgbt <1,0,0,0> }
	no_shadow
}

// nucleotide -1

// particle -1
sphere {
	<41.796856, 33.330585, 21.446043> 0.250000
	pigment { color rgbt <1,0,0,0> }
	no_shadow
}
cylinder {
	<41.848442, 33.697525, 21.295395>,  <41.879395, 33.917686, 21.205006>, 0.100000
	pigment { color rgbt <1,0,0,0> }
	no_shadow
}
cylinder {
	<41.848442, 33.697525, 21.295395>,  <41.796856, 33.330585, 21.446043>, 0.100000
	pigment { color rgbt <1,0,0,0> }
	no_shadow
}

// particle -1
sphere {
	<41.848442, 33.697525, 21.295395> 0.100000
	pigment { color rgbt <1,0,0,0> }
	no_shadow
}
sphere {
	0, 1
	scale<0.080000,0.200000,0.300000>
	matrix <-0.481824, 0.389917, 0.784736,
		0.866725, 0.080258, 0.492286,
		0.128969, 0.917346, -0.376621,
		41.887135, 33.972729, 21.182409>
	pigment { color rgbt <0,1,1,0> }
	no_shadow
}
cylinder {
	<41.389912, 33.758308, 21.939898>,  <41.796856, 33.330585, 21.446043>, 0.130000
	pigment { color rgbt <1,0,0,0> }
	no_shadow
}

// nucleotide -1

// particle -1
sphere {
	<41.389912, 33.758308, 21.939898> 0.250000
	pigment { color rgbt <1,0,0,0> }
	no_shadow
}
cylinder {
	<41.133194, 33.452103, 21.958218>,  <40.979164, 33.268379, 21.969210>, 0.100000
	pigment { color rgbt <1,0,0,0> }
	no_shadow
}
cylinder {
	<41.133194, 33.452103, 21.958218>,  <41.389912, 33.758308, 21.939898>, 0.100000
	pigment { color rgbt <1,0,0,0> }
	no_shadow
}

// particle -1
sphere {
	<41.133194, 33.452103, 21.958218> 0.100000
	pigment { color rgbt <1,0,0,0> }
	no_shadow
}
sphere {
	0, 1
	scale<0.080000,0.200000,0.300000>
	matrix <0.466845, -0.342616, 0.815273,
		-0.608409, 0.544616, 0.577263,
		-0.641790, -0.765511, 0.045801,
		40.940659, 33.222450, 21.971958>
	pigment { color rgbt <0,1,1,0> }
	no_shadow
}
cylinder {
	<41.673923, 33.374050, 22.364056>,  <41.389912, 33.758308, 21.939898>, 0.130000
	pigment { color rgbt <1,0,0,0> }
	no_shadow
}

// nucleotide -1

// particle -1
sphere {
	<41.673923, 33.374050, 22.364056> 0.250000
	pigment { color rgbt <1,0,0,0> }
	no_shadow
}
cylinder {
	<41.352196, 33.137260, 22.343491>,  <41.159161, 32.995186, 22.331152>, 0.100000
	pigment { color rgbt <1,0,0,0> }
	no_shadow
}
cylinder {
	<41.352196, 33.137260, 22.343491>,  <41.673923, 33.374050, 22.364056>, 0.100000
	pigment { color rgbt <1,0,0,0> }
	no_shadow
}

// particle -1
sphere {
	<41.352196, 33.137260, 22.343491> 0.100000
	pigment { color rgbt <1,0,0,0> }
	no_shadow
}
sphere {
	0, 1
	scale<0.080000,0.200000,0.300000>
	matrix <0.399222, -0.602452, 0.691139,
		-0.440111, 0.535368, 0.720890,
		-0.804316, -0.591974, -0.051415,
		41.110901, 32.959667, 22.328066>
	pigment { color rgbt <0,1,1,0> }
	no_shadow
}
cylinder {
	<41.243828, 33.404728, 23.017727>,  <41.673923, 33.374050, 22.364056>, 0.130000
	pigment { color rgbt <1,0,0,0> }
	no_shadow
}

// nucleotide -1

// particle -1
sphere {
	<41.243828, 33.404728, 23.017727> 0.250000
	pigment { color rgbt <1,0,0,0> }
	no_shadow
}
cylinder {
	<41.161072, 33.054028, 22.844055>,  <41.111420, 32.843609, 22.739853>, 0.100000
	pigment { color rgbt <1,0,0,0> }
	no_shadow
}
cylinder {
	<41.161072, 33.054028, 22.844055>,  <41.243828, 33.404728, 23.017727>, 0.100000
	pigment { color rgbt <1,0,0,0> }
	no_shadow
}

// particle -1
sphere {
	<41.161072, 33.054028, 22.844055> 0.100000
	pigment { color rgbt <1,0,0,0> }
	no_shadow
}
sphere {
	0, 1
	scale<0.080000,0.200000,0.300000>
	matrix <0.259336, -0.477048, 0.839744,
		-0.943367, 0.061135, 0.326068,
		-0.206888, -0.876748, -0.434177,
		41.099007, 32.791004, 22.713802>
	pigment { color rgbt <0,1,1,0> }
	no_shadow
}
cylinder {
	<40.746059, 33.047916, 23.407543>,  <41.243828, 33.404728, 23.017727>, 0.130000
	pigment { color rgbt <1,0,0,0> }
	no_shadow
}

// nucleotide -1

// particle -1
sphere {
	<40.746059, 33.047916, 23.407543> 0.250000
	pigment { color rgbt <1,0,0,0> }
	no_shadow
}
cylinder {
	<40.940315, 32.773991, 23.190220>,  <41.056870, 32.609634, 23.059826>, 0.100000
	pigment { color rgbt <1,0,0,0> }
	no_shadow
}
cylinder {
	<40.940315, 32.773991, 23.190220>,  <40.746059, 33.047916, 23.407543>, 0.100000
	pigment { color rgbt <1,0,0,0> }
	no_shadow
}

// particle -1
sphere {
	<40.940315, 32.773991, 23.190220> 0.100000
	pigment { color rgbt <1,0,0,0> }
	no_shadow
}
sphere {
	0, 1
	scale<0.080000,0.200000,0.300000>
	matrix <0.223736, -0.503445, 0.834557,
		-0.845040, -0.526855, -0.091278,
		0.485644, -0.684812, -0.543307,
		41.086010, 32.568546, 23.027227>
	pigment { color rgbt <0,1,1,0> }
	no_shadow
}
cylinder {
	<40.578499, 32.382851, 23.665337>,  <40.746059, 33.047916, 23.407543>, 0.130000
	pigment { color rgbt <1,0,0,0> }
	no_shadow
}

// nucleotide -1

// particle -1
sphere {
	<40.578499, 32.382851, 23.665337> 0.250000
	pigment { color rgbt <1,0,0,0> }
	no_shadow
}
cylinder {
	<40.920425, 32.280598, 23.484695>,  <41.125580, 32.219246, 23.376310>, 0.100000
	pigment { color rgbt <1,0,0,0> }
	no_shadow
}
cylinder {
	<40.920425, 32.280598, 23.484695>,  <40.578499, 32.382851, 23.665337>, 0.100000
	pigment { color rgbt <1,0,0,0> }
	no_shadow
}

// particle -1
sphere {
	<40.920425, 32.280598, 23.484695> 0.100000
	pigment { color rgbt <1,0,0,0> }
	no_shadow
}
sphere {
	0, 1
	scale<0.080000,0.200000,0.300000>
	matrix <0.255932, -0.549376, 0.795415,
		-0.451436, -0.795511, -0.404189,
		0.854813, -0.255634, -0.451604,
		41.176868, 32.203907, 23.349215>
	pigment { color rgbt <0,1,1,0> }
	no_shadow
}
cylinder {
	<40.497101, 31.641676, 23.728777>,  <40.578499, 32.382851, 23.665337>, 0.130000
	pigment { color rgbt <1,0,0,0> }
	no_shadow
}

// nucleotide -1

// particle -1
sphere {
	<40.497101, 31.641676, 23.728777> 0.250000
	pigment { color rgbt <1,0,0,0> }
	no_shadow
}
cylinder {
	<40.877270, 31.719017, 23.631355>,  <41.105370, 31.765423, 23.572903>, 0.100000
	pigment { color rgbt <1,0,0,0> }
	no_shadow
}
cylinder {
	<40.877270, 31.719017, 23.631355>,  <40.497101, 31.641676, 23.728777>, 0.100000
	pigment { color rgbt <1,0,0,0> }
	no_shadow
}

// particle -1
sphere {
	<40.877270, 31.719017, 23.631355> 0.100000
	pigment { color rgbt <1,0,0,0> }
	no_shadow
}
sphere {
	0, 1
	scale<0.080000,0.200000,0.300000>
	matrix <0.310839, -0.567782, 0.762235,
		0.009096, -0.800148, -0.599733,
		0.950419, 0.193354, -0.243553,
		41.162395, 31.777023, 23.558289>
	pigment { color rgbt <0,1,1,0> }
	no_shadow
}
cylinder {
	<40.821602, 30.992096, 23.794180>,  <40.497101, 31.641676, 23.728777>, 0.130000
	pigment { color rgbt <1,0,0,0> }
	no_shadow
}

// nucleotide -1

// particle -1
sphere {
	<40.821602, 30.992096, 23.794180> 0.250000
	pigment { color rgbt <1,0,0,0> }
	no_shadow
}
cylinder {
	<41.102127, 31.275585, 23.824829>,  <41.270443, 31.445679, 23.843220>, 0.100000
	pigment { color rgbt <1,0,0,0> }
	no_shadow
}
cylinder {
	<41.102127, 31.275585, 23.824829>,  <40.821602, 30.992096, 23.794180>, 0.100000
	pigment { color rgbt <1,0,0,0> }
	no_shadow
}

// particle -1
sphere {
	<41.102127, 31.275585, 23.824829> 0.100000
	pigment { color rgbt <1,0,0,0> }
	no_shadow
}
sphere {
	0, 1
	scale<0.080000,0.200000,0.300000>
	matrix <0.426336, -0.503154, 0.751714,
		0.571309, -0.494521, -0.655023,
		0.701315, 0.708721, 0.076624,
		41.312523, 31.488201, 23.847816>
	pigment { color rgbt <0,1,1,0> }
	no_shadow
}
cylinder {
	<41.391582, 30.666052, 23.858234>,  <40.821602, 30.992096, 23.794180>, 0.130000
	pigment { color rgbt <1,0,0,0> }
	no_shadow
}

// nucleotide -1

// particle -1
sphere {
	<41.391582, 30.666052, 23.858234> 0.250000
	pigment { color rgbt <1,0,0,0> }
	no_shadow
}
cylinder {
	<41.498627, 31.012234, 24.027641>,  <41.562855, 31.219944, 24.129286>, 0.100000
	pigment { color rgbt <1,0,0,0> }
	no_shadow
}
cylinder {
	<41.498627, 31.012234, 24.027641>,  <41.391582, 30.666052, 23.858234>, 0.100000
	pigment { color rgbt <1,0,0,0> }
	no_shadow
}

// particle -1
sphere {
	<41.498627, 31.012234, 24.027641> 0.100000
	pigment { color rgbt <1,0,0,0> }
	no_shadow
}
sphere {
	0, 1
	scale<0.080000,0.200000,0.300000>
	matrix <0.587906, -0.494914, 0.639865,
		0.763380, 0.077752, -0.641253,
		0.267614, 0.865457, 0.423518,
		41.578911, 31.271872, 24.154697>
	pigment { color rgbt <0,1,1,0> }
	no_shadow
}
cylinder {
	<42.170712, 30.721680, 23.820526>,  <41.391582, 30.666052, 23.858234>, 0.130000
	pigment { color rgbt <1,0,0,0> }
	no_shadow
}

// nucleotide -1

// particle -1
sphere {
	<42.170712, 30.721680, 23.820526> 0.250000
	pigment { color rgbt <1,0,0,0> }
	no_shadow
}
cylinder {
	<42.037727, 30.987690, 24.088020>,  <41.957935, 31.147297, 24.248518>, 0.100000
	pigment { color rgbt <1,0,0,0> }
	no_shadow
}
cylinder {
	<42.037727, 30.987690, 24.088020>,  <42.170712, 30.721680, 23.820526>, 0.100000
	pigment { color rgbt <1,0,0,0> }
	no_shadow
}

// particle -1
sphere {
	<42.037727, 30.987690, 24.088020> 0.100000
	pigment { color rgbt <1,0,0,0> }
	no_shadow
}
sphere {
	0, 1
	scale<0.080000,0.200000,0.300000>
	matrix <0.670416, -0.332073, 0.663529,
		0.663333, 0.668931, -0.335442,
		-0.332464, 0.665026, 0.668736,
		41.937988, 31.187199, 24.288641>
	pigment { color rgbt <0,1,1,0> }
	no_shadow
}
cylinder {
	<42.767342, 30.829937, 24.184185>,  <42.170712, 30.721680, 23.820526>, 0.130000
	pigment { color rgbt <1,0,0,0> }
	no_shadow
}

// nucleotide -1

// particle -1
sphere {
	<42.767342, 30.829937, 24.184185> 0.250000
	pigment { color rgbt <1,0,0,0> }
	no_shadow
}
cylinder {
	<42.471897, 30.944103, 24.428474>,  <42.294628, 31.012604, 24.575048>, 0.100000
	pigment { color rgbt <1,0,0,0> }
	no_shadow
}
cylinder {
	<42.471897, 30.944103, 24.428474>,  <42.767342, 30.829937, 24.184185>, 0.100000
	pigment { color rgbt <1,0,0,0> }
	no_shadow
}

// particle -1
sphere {
	<42.471897, 30.944103, 24.428474> 0.100000
	pigment { color rgbt <1,0,0,0> }
	no_shadow
}
sphere {
	0, 1
	scale<0.080000,0.200000,0.300000>
	matrix <0.550570, -0.267366, 0.790815,
		0.388998, 0.920355, 0.040340,
		-0.738616, 0.285416, 0.610725,
		42.250313, 31.029728, 24.611692>
	pigment { color rgbt <0,1,1,0> }
	no_shadow
}
cylinder {
	<43.105545, 31.172716, 24.800081>,  <42.767342, 30.829937, 24.184185>, 0.130000
	pigment { color rgbt <1,0,0,0> }
	no_shadow
}

// nucleotide -1

// particle -1
sphere {
	<43.105545, 31.172716, 24.800081> 0.250000
	pigment { color rgbt <1,0,0,0> }
	no_shadow
}
cylinder {
	<42.745525, 31.097408, 24.957291>,  <42.529514, 31.052223, 25.051617>, 0.100000
	pigment { color rgbt <1,0,0,0> }
	no_shadow
}
cylinder {
	<42.745525, 31.097408, 24.957291>,  <43.105545, 31.172716, 24.800081>, 0.100000
	pigment { color rgbt <1,0,0,0> }
	no_shadow
}

// particle -1
sphere {
	<42.745525, 31.097408, 24.957291> 0.100000
	pigment { color rgbt <1,0,0,0> }
	no_shadow
}
sphere {
	0, 1
	scale<0.080000,0.200000,0.300000>
	matrix <0.433007, -0.284582, 0.855288,
		-0.049177, 0.939983, 0.337659,
		-0.900048, -0.188270, 0.393024,
		42.475510, 31.040928, 25.075197>
	pigment { color rgbt <0,1,1,0> }
	no_shadow
}
cylinder {
	<43.089046, 31.408939, 25.514914>,  <43.105545, 31.172716, 24.800081>, 0.130000
	pigment { color rgbt <1,0,0,0> }
	no_shadow
}

// nucleotide -1

// particle -1
sphere {
	<43.089046, 31.408939, 25.514914> 0.250000
	pigment { color rgbt <1,0,0,0> }
	no_shadow
}
cylinder {
	<42.810127, 31.130093, 25.448215>,  <42.642776, 30.962784, 25.408195>, 0.100000
	pigment { color rgbt <1,0,0,0> }
	no_shadow
}
cylinder {
	<42.810127, 31.130093, 25.448215>,  <43.089046, 31.408939, 25.514914>, 0.100000
	pigment { color rgbt <1,0,0,0> }
	no_shadow
}

// particle -1
sphere {
	<42.810127, 31.130093, 25.448215> 0.100000
	pigment { color rgbt <1,0,0,0> }
	no_shadow
}
sphere {
	0, 1
	scale<0.080000,0.200000,0.300000>
	matrix <0.292226, -0.488901, 0.821937,
		-0.654510, 0.524405, 0.544624,
		-0.697295, -0.697119, -0.166746,
		42.600937, 30.920958, 25.398191>
	pigment { color rgbt <0,1,1,0> }
	no_shadow
}
cylinder {
	<42.937275, 31.190693, 26.164787>,  <43.089046, 31.408939, 25.514914>, 0.130000
	pigment { color rgbt <1,0,0,0> }
	no_shadow
}

// nucleotide -1

// particle -1
sphere {
	<42.937275, 31.190693, 26.164787> 0.250000
	pigment { color rgbt <1,0,0,0> }
	no_shadow
}
cylinder {
	<42.806259, 30.882023, 25.946709>,  <42.727650, 30.696821, 25.815861>, 0.100000
	pigment { color rgbt <1,0,0,0> }
	no_shadow
}
cylinder {
	<42.806259, 30.882023, 25.946709>,  <42.937275, 31.190693, 26.164787>, 0.100000
	pigment { color rgbt <1,0,0,0> }
	no_shadow
}

// particle -1
sphere {
	<42.806259, 30.882023, 25.946709> 0.100000
	pigment { color rgbt <1,0,0,0> }
	no_shadow
}
sphere {
	0, 1
	scale<0.080000,0.200000,0.300000>
	matrix <0.308056, -0.632713, 0.710476,
		-0.893208, 0.064756, 0.444956,
		-0.327537, -0.771674, -0.545196,
		42.707996, 30.650520, 25.783150>
	pigment { color rgbt <0,1,1,0> }
	no_shadow
}
cylinder {
	<42.654694, 30.762350, 26.683790>,  <42.937275, 31.190693, 26.164787>, 0.130000
	pigment { color rgbt <1,0,0,0> }
	no_shadow
}

// nucleotide -1

// particle -1
sphere {
	<42.654694, 30.762350, 26.683790> 0.250000
	pigment { color rgbt <1,0,0,0> }
	no_shadow
}
cylinder {
	<42.690243, 30.533802, 26.357445>,  <42.711575, 30.396673, 26.161636>, 0.100000
	pigment { color rgbt <1,0,0,0> }
	no_shadow
}
cylinder {
	<42.690243, 30.533802, 26.357445>,  <42.654694, 30.762350, 26.683790>, 0.100000
	pigment { color rgbt <1,0,0,0> }
	no_shadow
}

// particle -1
sphere {
	<42.690243, 30.533802, 26.357445> 0.100000
	pigment { color rgbt <1,0,0,0> }
	no_shadow
}
sphere {
	0, 1
	scale<0.080000,0.200000,0.300000>
	matrix <0.177763, -0.796857, 0.577425,
		-0.980052, -0.196350, 0.030747,
		0.088877, -0.571372, -0.815864,
		42.716908, 30.362391, 26.112686>
	pigment { color rgbt <0,1,1,0> }
	no_shadow
}
cylinder {
	<42.493252, 30.138124, 26.889084>,  <42.654694, 30.762350, 26.683790>, 0.130000
	pigment { color rgbt <1,0,0,0> }
	no_shadow
}

// nucleotide -1

// particle -1
sphere {
	<42.493252, 30.138124, 26.889084> 0.250000
	pigment { color rgbt <1,0,0,0> }
	no_shadow
}
cylinder {
	<42.678780, 30.047016, 26.546623>,  <42.790096, 29.992352, 26.341146>, 0.100000
	pigment { color rgbt <1,0,0,0> }
	no_shadow
}
cylinder {
	<42.678780, 30.047016, 26.546623>,  <42.493252, 30.138124, 26.889084>, 0.100000
	pigment { color rgbt <1,0,0,0> }
	no_shadow
}

// particle -1
sphere {
	<42.678780, 30.047016, 26.546623> 0.100000
	pigment { color rgbt <1,0,0,0> }
	no_shadow
}
sphere {
	0, 1
	scale<0.080000,0.200000,0.300000>
	matrix <0.579177, -0.653317, 0.487576,
		-0.670397, -0.722008, -0.171094,
		0.463812, -0.227776, -0.856152,
		42.817924, 29.978683, 26.289778>
	pigment { color rgbt <0,1,1,0> }
	no_shadow
}
cylinder {
	<42.360554, 29.393299, 26.651331>,  <42.493252, 30.138124, 26.889084>, 0.130000
	pigment { color rgbt <1,0,0,0> }
	no_shadow
}

// nucleotide -1

// particle -1
sphere {
	<42.360554, 29.393299, 26.651331> 0.250000
	pigment { color rgbt <1,0,0,0> }
	no_shadow
}
cylinder {
	<42.714024, 29.525154, 26.518394>,  <42.926105, 29.604267, 26.438633>, 0.100000
	pigment { color rgbt <1,0,0,0> }
	no_shadow
}
cylinder {
	<42.714024, 29.525154, 26.518394>,  <42.360554, 29.393299, 26.651331>, 0.100000
	pigment { color rgbt <1,0,0,0> }
	no_shadow
}

// particle -1
sphere {
	<42.714024, 29.525154, 26.518394> 0.100000
	pigment { color rgbt <1,0,0,0> }
	no_shadow
}
sphere {
	0, 1
	scale<0.080000,0.200000,0.300000>
	matrix <0.440957, -0.824449, 0.354739,
		-0.157061, -0.460023, -0.873905,
		0.883679, 0.329639, -0.332340,
		42.979126, 29.624046, 26.418692>
	pigment { color rgbt <0,1,1,0> }
	no_shadow
}
cylinder {
	<42.574661, 28.955654, 26.146181>,  <42.360554, 29.393299, 26.651331>, 0.130000
	pigment { color rgbt <1,0,0,0> }
	no_shadow
}

// nucleotide -1

// particle -1
sphere {
	<42.574661, 28.955654, 26.146181> 0.250000
	pigment { color rgbt <1,0,0,0> }
	no_shadow
}
cylinder {
	<42.924057, 29.127243, 26.238266>,  <43.133694, 29.230196, 26.293516>, 0.100000
	pigment { color rgbt <1,0,0,0> }
	no_shadow
}
cylinder {
	<42.924057, 29.127243, 26.238266>,  <42.574661, 28.955654, 26.146181>, 0.100000
	pigment { color rgbt <1,0,0,0> }
	no_shadow
}

// particle -1
sphere {
	<42.924057, 29.127243, 26.238266> 0.100000
	pigment { color rgbt <1,0,0,0> }
	no_shadow
}
sphere {
	0, 1
	scale<0.080000,0.200000,0.300000>
	matrix <0.362611, -0.888790, 0.280297,
		0.324848, -0.161360, -0.931900,
		0.873491, 0.428971, 0.230210,
		43.186104, 29.255934, 26.307329>
	pigment { color rgbt <0,1,1,0> }
	no_shadow
}
cylinder {
	<42.970066, 28.404222, 26.050571>,  <42.574661, 28.955654, 26.146181>, 0.130000
	pigment { color rgbt <1,0,0,0> }
	no_shadow
}

// nucleotide -1

// particle -1
sphere {
	<42.970066, 28.404222, 26.050571> 0.250000
	pigment { color rgbt <1,0,0,0> }
	no_shadow
}
cylinder {
	<43.223148, 28.649792, 26.239372>,  <43.374996, 28.797134, 26.352652>, 0.100000
	pigment { color rgbt <1,0,0,0> }
	no_shadow
}
cylinder {
	<43.223148, 28.649792, 26.239372>,  <42.970066, 28.404222, 26.050571>, 0.100000
	pigment { color rgbt <1,0,0,0> }
	no_shadow
}

// particle -1
sphere {
	<43.223148, 28.649792, 26.239372> 0.100000
	pigment { color rgbt <1,0,0,0> }
	no_shadow
}
sphere {
	0, 1
	scale<0.080000,0.200000,0.300000>
	matrix <0.541015, -0.786522, 0.297802,
		0.554067, 0.066939, -0.829777,
		0.632703, 0.613924, 0.472001,
		43.412960, 28.833969, 26.380972>
	pigment { color rgbt <0,1,1,0> }
	no_shadow
}
cylinder {
	<43.691910, 28.370581, 25.767490>,  <42.970066, 28.404222, 26.050571>, 0.130000
	pigment { color rgbt <1,0,0,0> }
	no_shadow
}

// nucleotide -1

// particle -1
sphere {
	<43.691910, 28.370581, 25.767490> 0.250000
	pigment { color rgbt <1,0,0,0> }
	no_shadow
}
cylinder {
	<43.735973, 28.518295, 26.136597>,  <43.762413, 28.606924, 26.358061>, 0.100000
	pigment { color rgbt <1,0,0,0> }
	no_shadow
}
cylinder {
	<43.735973, 28.518295, 26.136597>,  <43.691910, 28.370581, 25.767490>, 0.100000
	pigment { color rgbt <1,0,0,0> }
	no_shadow
}

// particle -1
sphere {
	<43.735973, 28.518295, 26.136597> 0.100000
	pigment { color rgbt <1,0,0,0> }
	no_shadow
}
sphere {
	0, 1
	scale<0.080000,0.200000,0.300000>
	matrix <0.761915, -0.627556, 0.160187,
		0.638240, 0.685422, -0.350494,
		0.110159, 0.369284, 0.922764,
		43.769020, 28.629080, 26.413425>
	pigment { color rgbt <0,1,1,0> }
	no_shadow
}
cylinder {
	<44.442230, 28.601337, 25.797337>,  <43.691910, 28.370581, 25.767490>, 0.130000
	pigment { color rgbt <1,0,0,0> }
	no_shadow
}

// nucleotide -1

// particle -1
sphere {
	<44.442230, 28.601337, 25.797337> 0.250000
	pigment { color rgbt <1,0,0,0> }
	no_shadow
}
cylinder {
	<44.302055, 28.548195, 26.168182>,  <44.217949, 28.516310, 26.390690>, 0.100000
	pigment { color rgbt <1,0,0,0> }
	no_shadow
}
cylinder {
	<44.302055, 28.548195, 26.168182>,  <44.442230, 28.601337, 25.797337>, 0.100000
	pigment { color rgbt <1,0,0,0> }
	no_shadow
}

// particle -1
sphere {
	<44.302055, 28.548195, 26.168182> 0.100000
	pigment { color rgbt <1,0,0,0> }
	no_shadow
}
sphere {
	0, 1
	scale<0.080000,0.200000,0.300000>
	matrix <0.868175, -0.417453, 0.268336,
		0.351377, 0.898934, 0.261635,
		-0.350437, -0.132858, 0.927115,
		44.196926, 28.508337, 26.446318>
	pigment { color rgbt <0,1,1,0> }
	no_shadow
}
cylinder {
	<45.041412, 28.716934, 26.215790>,  <44.442230, 28.601337, 25.797337>, 0.130000
	pigment { color rgbt <1,0,0,0> }
	no_shadow
}

// nucleotide -1

// particle -1
sphere {
	<45.041412, 28.716934, 26.215790> 0.250000
	pigment { color rgbt <1,0,0,0> }
	no_shadow
}
cylinder {
	<44.788975, 28.508350, 26.445503>,  <44.637512, 28.383200, 26.583330>, 0.100000
	pigment { color rgbt <1,0,0,0> }
	no_shadow
}
cylinder {
	<44.788975, 28.508350, 26.445503>,  <45.041412, 28.716934, 26.215790>, 0.100000
	pigment { color rgbt <1,0,0,0> }
	no_shadow
}

// particle -1
sphere {
	<44.788975, 28.508350, 26.445503> 0.100000
	pigment { color rgbt <1,0,0,0> }
	no_shadow
}
sphere {
	0, 1
	scale<0.080000,0.200000,0.300000>
	matrix <0.744497, -0.615062, 0.259660,
		0.217816, 0.591421, 0.776387,
		-0.631095, -0.521459, 0.574282,
		44.599648, 28.351913, 26.617788>
	pigment { color rgbt <0,1,1,0> }
	no_shadow
}
cylinder {
	<45.259274, 28.604834, 26.944351>,  <45.041412, 28.716934, 26.215790>, 0.130000
	pigment { color rgbt <1,0,0,0> }
	no_shadow
}

// nucleotide -1

// particle -1
sphere {
	<45.259274, 28.604834, 26.944351> 0.250000
	pigment { color rgbt <1,0,0,0> }
	no_shadow
}
cylinder {
	<45.003075, 28.314903, 26.842850>,  <44.849354, 28.140945, 26.781948>, 0.100000
	pigment { color rgbt <1,0,0,0> }
	no_shadow
}
cylinder {
	<45.003075, 28.314903, 26.842850>,  <45.259274, 28.604834, 26.944351>, 0.100000
	pigment { color rgbt <1,0,0,0> }
	no_shadow
}

// particle -1
sphere {
	<45.003075, 28.314903, 26.842850> 0.100000
	pigment { color rgbt <1,0,0,0> }
	no_shadow
}
sphere {
	0, 1
	scale<0.080000,0.200000,0.300000>
	matrix <0.666363, -0.688795, 0.285519,
		-0.381736, 0.013782, 0.924169,
		-0.640498, -0.724825, -0.253754,
		44.810925, 28.097456, 26.766724>
	pigment { color rgbt <0,1,1,0> }
	no_shadow
}
cylinder {
	<44.893253, 27.996592, 27.404625>,  <45.259274, 28.604834, 26.944351>, 0.130000
	pigment { color rgbt <1,0,0,0> }
	no_shadow
}

// nucleotide -1

// particle -1
sphere {
	<44.893253, 27.996592, 27.404625> 0.250000
	pigment { color rgbt <1,0,0,0> }
	no_shadow
}
cylinder {
	<44.979053, 27.860279, 27.038486>,  <45.030533, 27.778492, 26.818804>, 0.100000
	pigment { color rgbt <1,0,0,0> }
	no_shadow
}
cylinder {
	<44.979053, 27.860279, 27.038486>,  <44.893253, 27.996592, 27.404625>, 0.100000
	pigment { color rgbt <1,0,0,0> }
	no_shadow
}

// particle -1
sphere {
	<44.979053, 27.860279, 27.038486> 0.100000
	pigment { color rgbt <1,0,0,0> }
	no_shadow
}
sphere {
	0, 1
	scale<0.080000,0.200000,0.300000>
	matrix <0.746429, -0.547235, 0.378652,
		-0.629946, -0.764463, 0.136984,
		0.214503, -0.340779, -0.915346,
		45.043404, 27.758045, 26.763884>
	pigment { color rgbt <0,1,1,0> }
	no_shadow
}
cylinder {
	<44.599976, 28.494572, 27.902468>,  <44.893253, 27.996592, 27.404625>, 0.130000
	pigment { color rgbt <1,0,0,0> }
	no_shadow
}

// nucleotide -1

// particle -1
sphere {
	<44.599976, 28.494572, 27.902468> 0.250000
	pigment { color rgbt <1,0,0,0> }
	no_shadow
}
cylinder {
	<44.485516, 28.817459, 28.108971>,  <44.416840, 29.011190, 28.232872>, 0.100000
	pigment { color rgbt <1,0,0,0> }
	no_shadow
}
cylinder {
	<44.485516, 28.817459, 28.108971>,  <44.599976, 28.494572, 27.902468>, 0.100000
	pigment { color rgbt <1,0,0,0> }
	no_shadow
}

// particle -1
sphere {
	<44.485516, 28.817459, 28.108971> 0.100000
	pigment { color rgbt <1,0,0,0> }
	no_shadow
}
sphere {
	0, 1
	scale<0.080000,0.200000,0.300000>
	matrix <-0.957575, -0.260142, -0.124004,
		0.034202, -0.529837, 0.847410,
		-0.286148, 0.807217, 0.516255,
		44.399670, 29.059624, 28.263847>
	pigment { color rgbt <0,1,1,0> }
	no_shadow
}
cylinder {
	<44.172241, 28.322330, 28.494093>,  <44.599976, 28.494572, 27.902468>, 0.130000
	pigment { color rgbt <1,0,0,0> }
	no_shadow
}

// nucleotide -1

// particle -1
sphere {
	<44.172241, 28.322330, 28.494093> 0.250000
	pigment { color rgbt <1,0,0,0> }
	no_shadow
}
cylinder {
	<44.081196, 28.690937, 28.368233>,  <44.026569, 28.912100, 28.292717>, 0.100000
	pigment { color rgbt <1,0,0,0> }
	no_shadow
}
cylinder {
	<44.081196, 28.690937, 28.368233>,  <44.172241, 28.322330, 28.494093>, 0.100000
	pigment { color rgbt <1,0,0,0> }
	no_shadow
}

// particle -1
sphere {
	<44.081196, 28.690937, 28.368233> 0.100000
	pigment { color rgbt <1,0,0,0> }
	no_shadow
}
sphere {
	0, 1
	scale<0.080000,0.200000,0.300000>
	matrix <-0.968312, -0.248305, -0.026750,
		-0.102779, 0.298589, 0.948831,
		-0.227612, 0.921515, -0.314648,
		44.012913, 28.967392, 28.273838>
	pigment { color rgbt <0,1,1,0> }
	no_shadow
}
cylinder {
	<43.685459, 28.744907, 28.944448>,  <44.172241, 28.322330, 28.494093>, 0.130000
	pigment { color rgbt <1,0,0,0> }
	no_shadow
}

// nucleotide -1

// particle -1
sphere {
	<43.685459, 28.744907, 28.944448> 0.250000
	pigment { color rgbt <1,0,0,0> }
	no_shadow
}
cylinder {
	<43.633667, 28.877548, 28.570652>,  <43.602592, 28.957132, 28.346375>, 0.100000
	pigment { color rgbt <1,0,0,0> }
	no_shadow
}
cylinder {
	<43.633667, 28.877548, 28.570652>,  <43.685459, 28.744907, 28.944448>, 0.100000
	pigment { color rgbt <1,0,0,0> }
	no_shadow
}

// particle -1
sphere {
	<43.633667, 28.877548, 28.570652> 0.100000
	pigment { color rgbt <1,0,0,0> }
	no_shadow
}
sphere {
	0, 1
	scale<0.080000,0.200000,0.300000>
	matrix <-0.988151, -0.121476, 0.093813,
		-0.082409, 0.935565, 0.343404,
		-0.129484, 0.331605, -0.934490,
		43.594822, 28.977030, 28.290304>
	pigment { color rgbt <0,1,1,0> }
	no_shadow
}
cylinder {
	<43.306767, 28.092150, 28.894897>,  <43.685459, 28.744907, 28.944448>, 0.130000
	pigment { color rgbt <1,0,0,0> }
	no_shadow
}

// nucleotide -1

// particle -1
sphere {
	<43.306767, 28.092150, 28.894897> 0.250000
	pigment { color rgbt <1,0,0,0> }
	no_shadow
}
cylinder {
	<43.245998, 27.937244, 29.258644>,  <43.209538, 27.844301, 29.476892>, 0.100000
	pigment { color rgbt <1,0,0,0> }
	no_shadow
}
cylinder {
	<43.245998, 27.937244, 29.258644>,  <43.306767, 28.092150, 28.894897>, 0.100000
	pigment { color rgbt <1,0,0,0> }
	no_shadow
}

// particle -1
sphere {
	<43.245998, 27.937244, 29.258644> 0.100000
	pigment { color rgbt <1,0,0,0> }
	no_shadow
}
sphere {
	0, 1
	scale<0.080000,0.200000,0.300000>
	matrix <0.527397, 0.746361, 0.405953,
		-0.835926, 0.541270, 0.090853,
		-0.151921, -0.387263, 0.909367,
		43.200420, 27.821066, 29.531454>
	pigment { color rgbt <0,1,1,0> }
	no_shadow
}
cylinder {
	<42.723080, 27.606970, 28.964430>,  <43.306767, 28.092150, 28.894897>, 0.130000
	pigment { color rgbt <1,0,0,0> }
	no_shadow
}

// nucleotide -1

// particle -1
sphere {
	<42.723080, 27.606970, 28.964430> 0.250000
	pigment { color rgbt <1,0,0,0> }
	no_shadow
}
cylinder {
	<42.510033, 27.416157, 29.244076>,  <42.382202, 27.301670, 29.411863>, 0.100000
	pigment { color rgbt <1,0,0,0> }
	no_shadow
}
cylinder {
	<42.510033, 27.416157, 29.244076>,  <42.723080, 27.606970, 28.964430>, 0.100000
	pigment { color rgbt <1,0,0,0> }
	no_shadow
}

// particle -1
sphere {
	<42.510033, 27.416157, 29.244076> 0.100000
	pigment { color rgbt <1,0,0,0> }
	no_shadow
}
sphere {
	0, 1
	scale<0.080000,0.200000,0.300000>
	matrix <-0.797312, 0.559904, -0.225389,
		-0.283919, -0.677458, -0.678558,
		-0.532619, -0.477030, 0.699113,
		42.350246, 27.273048, 29.453810>
	pigment { color rgbt <0,1,1,0> }
	no_shadow
}
cylinder {
	<42.145267, 27.058441, 28.736015>,  <42.723080, 27.606970, 28.964430>, 0.130000
	pigment { color rgbt <1,0,0,0> }
	no_shadow
}

// nucleotide -1

// particle -1
sphere {
	<42.145267, 27.058441, 28.736015> 0.250000
	pigment { color rgbt <1,0,0,0> }
	no_shadow
}
cylinder {
	<42.068542, 27.273136, 29.064678>,  <42.022507, 27.401953, 29.261875>, 0.100000
	pigment { color rgbt <1,0,0,0> }
	no_shadow
}
cylinder {
	<42.068542, 27.273136, 29.064678>,  <42.145267, 27.058441, 28.736015>, 0.100000
	pigment { color rgbt <1,0,0,0> }
	no_shadow
}

// particle -1
sphere {
	<42.068542, 27.273136, 29.064678> 0.100000
	pigment { color rgbt <1,0,0,0> }
	no_shadow
}
sphere {
	0, 1
	scale<0.080000,0.200000,0.300000>
	matrix <-0.824913, 0.365411, -0.431270,
		-0.531722, -0.760517, 0.372673,
		-0.191809, 0.536739, 0.821658,
		42.010998, 27.434158, 29.311176>
	pigment { color rgbt <0,1,1,0> }
	no_shadow
}
cylinder {
	<41.444992, 27.065161, 28.845282>,  <42.145267, 27.058441, 28.736015>, 0.130000
	pigment { color rgbt <1,0,0,0> }
	no_shadow
}

// nucleotide -1

// particle -1
sphere {
	<41.444992, 27.065161, 28.845282> 0.250000
	pigment { color rgbt <1,0,0,0> }
	no_shadow
}
cylinder {
	<41.578365, 27.375778, 29.059124>,  <41.658390, 27.562149, 29.187429>, 0.100000
	pigment { color rgbt <1,0,0,0> }
	no_shadow
}
cylinder {
	<41.578365, 27.375778, 29.059124>,  <41.444992, 27.065161, 28.845282>, 0.100000
	pigment { color rgbt <1,0,0,0> }
	no_shadow
}

// particle -1
sphere {
	<41.578365, 27.375778, 29.059124> 0.100000
	pigment { color rgbt <1,0,0,0> }
	no_shadow
}
sphere {
	0, 1
	scale<0.080000,0.200000,0.300000>
	matrix <-0.792938, 0.537727, -0.286529,
		-0.509975, -0.328372, 0.795045,
		0.333429, 0.776544, 0.534606,
		41.678394, 27.608742, 29.219505>
	pigment { color rgbt <0,1,1,0> }
	no_shadow
}
cylinder {
	<40.826515, 27.416801, 29.138987>,  <41.444992, 27.065161, 28.845282>, 0.130000
	pigment { color rgbt <1,0,0,0> }
	no_shadow
}

// nucleotide -1

// particle -1
sphere {
	<40.826515, 27.416801, 29.138987> 0.250000
	pigment { color rgbt <1,0,0,0> }
	no_shadow
}
cylinder {
	<41.114601, 27.689850, 29.089493>,  <41.287453, 27.853680, 29.059797>, 0.100000
	pigment { color rgbt <1,0,0,0> }
	no_shadow
}
cylinder {
	<41.114601, 27.689850, 29.089493>,  <40.826515, 27.416801, 29.138987>, 0.100000
	pigment { color rgbt <1,0,0,0> }
	no_shadow
}

// particle -1
sphere {
	<41.114601, 27.689850, 29.089493> 0.100000
	pigment { color rgbt <1,0,0,0> }
	no_shadow
}
sphere {
	0, 1
	scale<0.080000,0.200000,0.300000>
	matrix <-0.651476, 0.604185, -0.458847,
		-0.238461, 0.411081, 0.879858,
		0.720219, 0.682623, -0.123735,
		41.330666, 27.894636, 29.052372>
	pigment { color rgbt <0,1,1,0> }
	no_shadow
}
cylinder {
	<40.680500, 28.092426, 28.947905>,  <40.826515, 27.416801, 29.138987>, 0.130000
	pigment { color rgbt <1,0,0,0> }
	no_shadow
}

// nucleotide -1

// particle -1
sphere {
	<40.680500, 28.092426, 28.947905> 0.250000
	pigment { color rgbt <1,0,0,0> }
	no_shadow
}
cylinder {
	<41.050819, 28.057911, 28.800694>,  <41.273010, 28.037201, 28.712366>, 0.100000
	pigment { color rgbt <1,0,0,0> }
	no_shadow
}
cylinder {
	<41.050819, 28.057911, 28.800694>,  <40.680500, 28.092426, 28.947905>, 0.100000
	pigment { color rgbt <1,0,0,0> }
	no_shadow
}

// particle -1
sphere {
	<41.050819, 28.057911, 28.800694> 0.100000
	pigment { color rgbt <1,0,0,0> }
	no_shadow
}
sphere {
	0, 1
	scale<0.080000,0.200000,0.300000>
	matrix <-0.319957, 0.339564, -0.884491,
		0.201293, 0.936616, 0.286760,
		0.925802, -0.086291, -0.368028,
		41.328560, 28.032024, 28.690285>
	pigment { color rgbt <0,1,1,0> }
	no_shadow
}
cylinder {
	<40.768181, 28.672867, 28.639126>,  <40.680500, 28.092426, 28.947905>, 0.130000
	pigment { color rgbt <1,0,0,0> }
	no_shadow
}

// nucleotide -1

// particle -1
sphere {
	<40.768181, 28.672867, 28.639126> 0.250000
	pigment { color rgbt <1,0,0,0> }
	no_shadow
}
cylinder {
	<41.050827, 28.439777, 28.478561>,  <41.220413, 28.299925, 28.382223>, 0.100000
	pigment { color rgbt <1,0,0,0> }
	no_shadow
}
cylinder {
	<41.050827, 28.439777, 28.478561>,  <40.768181, 28.672867, 28.639126>, 0.100000
	pigment { color rgbt <1,0,0,0> }
	no_shadow
}

// particle -1
sphere {
	<41.050827, 28.439777, 28.478561> 0.100000
	pigment { color rgbt <1,0,0,0> }
	no_shadow
}
sphere {
	0, 1
	scale<0.080000,0.200000,0.300000>
	matrix <-0.127041, 0.453594, -0.882107,
		0.696101, 0.674306, 0.246486,
		0.706615, -0.582722, -0.401412,
		41.262810, 28.264961, 28.358137>
	pigment { color rgbt <0,1,1,0> }
	no_shadow
}
cylinder {
	<41.210270, 29.090574, 28.255001>,  <40.768181, 28.672867, 28.639126>, 0.130000
	pigment { color rgbt <1,0,0,0> }
	no_shadow
}

// nucleotide -1

// particle -1
sphere {
	<41.210270, 29.090574, 28.255001> 0.250000
	pigment { color rgbt <1,0,0,0> }
	no_shadow
}
cylinder {
	<41.252899, 28.729019, 28.089287>,  <41.278477, 28.512087, 27.989859>, 0.100000
	pigment { color rgbt <1,0,0,0> }
	no_shadow
}
cylinder {
	<41.252899, 28.729019, 28.089287>,  <41.210270, 29.090574, 28.255001>, 0.100000
	pigment { color rgbt <1,0,0,0> }
	no_shadow
}

// particle -1
sphere {
	<41.252899, 28.729019, 28.089287> 0.100000
	pigment { color rgbt <1,0,0,0> }
	no_shadow
}
sphere {
	0, 1
	scale<0.080000,0.200000,0.300000>
	matrix <-0.279144, 0.372702, -0.884970,
		0.954317, 0.209957, -0.212595,
		0.106571, -0.903887, -0.414284,
		41.284870, 28.457853, 27.965002>
	pigment { color rgbt <0,1,1,0> }
	no_shadow
}
cylinder {
	<41.392658, 29.221907, 27.475777>,  <41.210270, 29.090574, 28.255001>, 0.130000
	pigment { color rgbt <1,0,0,0> }
	no_shadow
}

// nucleotide -1

// particle -1
sphere {
	<41.392658, 29.221907, 27.475777> 0.250000
	pigment { color rgbt <1,0,0,0> }
	no_shadow
}
cylinder {
	<41.293369, 28.834465, 27.470287>,  <41.233795, 28.601999, 27.466993>, 0.100000
	pigment { color rgbt <1,0,0,0> }
	no_shadow
}
cylinder {
	<41.293369, 28.834465, 27.470287>,  <41.392658, 29.221907, 27.475777>, 0.100000
	pigment { color rgbt <1,0,0,0> }
	no_shadow
}

// particle -1
sphere {
	<41.293369, 28.834465, 27.470287> 0.100000
	pigment { color rgbt <1,0,0,0> }
	no_shadow
}
sphere {
	0, 1
	scale<0.080000,0.200000,0.300000>
	matrix <-0.351241, 0.103198, -0.930581,
		0.902782, -0.226169, -0.365830,
		-0.248221, -0.968606, -0.013725,
		41.218903, 28.543882, 27.466169>
	pigment { color rgbt <0,1,1,0> }
	no_shadow
}
cylinder {
	<41.673199, 28.890385, 26.826302>,  <41.392658, 29.221907, 27.475777>, 0.130000
	pigment { color rgbt <1,0,0,0> }
	no_shadow
}

// nucleotide -1

// particle -1
sphere {
	<41.673199, 28.890385, 26.826302> 0.250000
	pigment { color rgbt <1,0,0,0> }
	no_shadow
}
cylinder {
	<41.359425, 28.677567, 26.953796>,  <41.171162, 28.549875, 27.030293>, 0.100000
	pigment { color rgbt <1,0,0,0> }
	no_shadow
}
cylinder {
	<41.359425, 28.677567, 26.953796>,  <41.673199, 28.890385, 26.826302>, 0.100000
	pigment { color rgbt <1,0,0,0> }
	no_shadow
}

// particle -1
sphere {
	<41.359425, 28.677567, 26.953796> 0.100000
	pigment { color rgbt <1,0,0,0> }
	no_shadow
}
sphere {
	0, 1
	scale<0.080000,0.200000,0.300000>
	matrix <-0.405660, 0.051386, -0.912579,
		0.469156, -0.845154, -0.256139,
		-0.784431, -0.532047, 0.318737,
		41.124096, 28.517952, 27.049417>
	pigment { color rgbt <0,1,1,0> }
	no_shadow
}
cylinder {
	<41.552990, 28.506618, 26.124550>,  <41.673199, 28.890385, 26.826302>, 0.130000
	pigment { color rgbt <1,0,0,0> }
	no_shadow
}

// nucleotide -1

// particle -1
sphere {
	<41.552990, 28.506618, 26.124550> 0.250000
	pigment { color rgbt <1,0,0,0> }
	no_shadow
}
cylinder {
	<41.227821, 28.417850, 26.339920>,  <41.032719, 28.364590, 26.469143>, 0.100000
	pigment { color rgbt <1,0,0,0> }
	no_shadow
}
cylinder {
	<41.227821, 28.417850, 26.339920>,  <41.552990, 28.506618, 26.124550>, 0.100000
	pigment { color rgbt <1,0,0,0> }
	no_shadow
}

// particle -1
sphere {
	<41.227821, 28.417850, 26.339920> 0.100000
	pigment { color rgbt <1,0,0,0> }
	no_shadow
}
sphere {
	0, 1
	scale<0.080000,0.200000,0.300000>
	matrix <-0.555259, 0.016567, -0.831513,
		0.175610, -0.974924, -0.136691,
		-0.812927, -0.221921, 0.538426,
		40.983944, 28.351274, 26.501448>
	pigment { color rgbt <0,1,1,0> }
	no_shadow
}
cylinder {
	<41.240318, 27.968103, 25.755474>,  <41.552990, 28.506618, 26.124550>, 0.130000
	pigment { color rgbt <1,0,0,0> }
	no_shadow
}

// nucleotide -1

// particle -1
sphere {
	<41.240318, 27.968103, 25.755474> 0.250000
	pigment { color rgbt <1,0,0,0> }
	no_shadow
}
cylinder {
	<40.965443, 28.147343, 25.984203>,  <40.800518, 28.254887, 26.121441>, 0.100000
	pigment { color rgbt <1,0,0,0> }
	no_shadow
}
cylinder {
	<40.965443, 28.147343, 25.984203>,  <41.240318, 27.968103, 25.755474>, 0.100000
	pigment { color rgbt <1,0,0,0> }
	no_shadow
}

// particle -1
sphere {
	<40.965443, 28.147343, 25.984203> 0.100000
	pigment { color rgbt <1,0,0,0> }
	no_shadow
}
sphere {
	0, 1
	scale<0.080000,0.200000,0.300000>
	matrix <-0.606653, 0.079096, -0.791022,
