// switches for output
#declare DRAW_BASES = 1; // possible values are 0, 1; only relevant for DNA ribbons
#declare DRAW_BASES_TYPE = 3; // possible values are 1, 2, 3; only relevant for DNA ribbons
#declare DRAW_FOG = 0; // set to 1 to enable fog

#include "colors.inc"

#include "transforms.inc"
background { rgb <1, 1, 1>}

#default {
   normal{
       ripples 0.25
       frequency 0.20
       turbulence 0.2
       lambda 5
   }
	finish {
		phong 0.1
		phong_size 40.
	}
}

// original window dimensions: 1024x640


// camera settings

camera {
	sky <-0, 1, 0>
	up <-0, 1, 0>
	right 1.6 * <0.581683, 0, 0.813415>
	location <-54.4937, 30, 90.4225>
	look_at <30, 30, 30>
	direction <84.4937, 0, -60.4225>
	angle 67.0682
}


# declare cpy_camera_pos = <-54.4937, 30, 90.4225>;
# if (DRAW_FOG = 1)
fog {
	fog_type 2
	up vnormalize(cpy_camera_pos)
	color rgbt<1,1,1,0.3>
	distance 1e-5
	fog_alt 3e-3
	fog_offset 48
}
# end


// LIGHTS

# declare lum = 6;
global_settings {
	ambient_light rgb lum * <0.05, 0.05, 0.05>
	max_trace_level 15
}# declare cpy_direct_light_amount = 0.25;
light_source
{	1000 * <0.231732, -1, 1.3951>,
	rgb lum * cpy_direct_light_amount
	parallel
}

light_source
{	1000 * <-0.231732, 1, -1.3951>,
	rgb lum * cpy_direct_light_amount
	parallel
}

// strand 0

// nucleotide -1

// particle -1
sphere {
	<43.021633, 32.474350, 23.094620> 0.250000
	pigment { color rgbt <1,0,0,0> }
	no_shadow
}
cylinder {
	<42.682133, 32.368748, 22.911350>,  <42.478432, 32.305386, 22.801388>, 0.100000
	pigment { color rgbt <1,0,0,0> }
	no_shadow
}
cylinder {
	<42.682133, 32.368748, 22.911350>,  <43.021633, 32.474350, 23.094620>, 0.100000
	pigment { color rgbt <1,0,0,0> }
	no_shadow
}

// particle -1
sphere {
	<42.682133, 32.368748, 22.911350> 0.100000
	pigment { color rgbt <1,0,0,0> }
	no_shadow
}
sphere {
	0, 1
	scale<0.080000,0.200000,0.300000>
	matrix <0.057641, -0.907483, 0.416115,
		-0.525642, 0.326768, 0.785445,
		-0.848751, -0.264001, -0.458176,
		42.427509, 32.289547, 22.773897>
	pigment { color rgbt <0,1,1,0> }
	no_shadow
}
cylinder {
	<42.469910, 32.287678, 23.594503>,  <43.021633, 32.474350, 23.094620>, 0.130000
	pigment { color rgbt <1,0,0,0> }
	no_shadow
}

// nucleotide -1

// particle -1
sphere {
	<42.469910, 32.287678, 23.594503> 0.250000
	pigment { color rgbt <1,0,0,0> }
	no_shadow
}
cylinder {
	<42.465595, 32.092430, 23.245419>,  <42.463005, 31.975283, 23.035967>, 0.100000
	pigment { color rgbt <1,0,0,0> }
	no_shadow
}
cylinder {
	<42.465595, 32.092430, 23.245419>,  <42.469910, 32.287678, 23.594503>, 0.100000
	pigment { color rgbt <1,0,0,0> }
	no_shadow
}

// particle -1
sphere {
	<42.465595, 32.092430, 23.245419> 0.100000
	pigment { color rgbt <1,0,0,0> }
	no_shadow
}
sphere {
	0, 1
	scale<0.080000,0.200000,0.300000>
	matrix <0.049805, -0.871942, 0.487070,
		-0.998701, -0.038210, 0.033719,
		-0.010790, -0.488117, -0.872712,
		42.462357, 31.945995, 22.983604>
	pigment { color rgbt <0,1,1,0> }
	no_shadow
}
cylinder {
	<42.236626, 31.616032, 23.871395>,  <42.469910, 32.287678, 23.594503>, 0.130000
	pigment { color rgbt <1,0,0,0> }
	no_shadow
}

// nucleotide -1

// particle -1
sphere {
	<42.236626, 31.616032, 23.871395> 0.250000
	pigment { color rgbt <1,0,0,0> }
	no_shadow
}
cylinder {
	<41.845749, 31.692211, 23.833828>,  <41.611221, 31.737919, 23.811287>, 0.100000
	pigment { color rgbt <1,0,0,0> }
	no_shadow
}
cylinder {
	<41.845749, 31.692211, 23.833828>,  <42.236626, 31.616032, 23.871395>, 0.100000
	pigment { color rgbt <1,0,0,0> }
	no_shadow
}

// particle -1
sphere {
	<41.845749, 31.692211, 23.833828> 0.100000
	pigment { color rgbt <1,0,0,0> }
	no_shadow
}
sphere {
	0, 1
	scale<0.080000,0.200000,0.300000>
	matrix <-0.193635, -0.980729, 0.025985,
		-0.087161, 0.043579, 0.995240,
		-0.977194, 0.190449, -0.093920,
		41.552589, 31.749346, 23.805653>
	pigment { color rgbt <0,1,1,0> }
	no_shadow
}
cylinder {
	<42.048328, 31.256163, 24.480789>,  <42.236626, 31.616032, 23.871395>, 0.130000
	pigment { color rgbt <1,0,0,0> }
	no_shadow
}

// nucleotide -1

// particle -1
sphere {
	<42.048328, 31.256163, 24.480789> 0.250000
	pigment { color rgbt <1,0,0,0> }
	no_shadow
}
cylinder {
	<41.854362, 30.914162, 24.554356>,  <41.737984, 30.708961, 24.598495>, 0.100000
	pigment { color rgbt <1,0,0,0> }
	no_shadow
}
cylinder {
	<41.854362, 30.914162, 24.554356>,  <42.048328, 31.256163, 24.480789>, 0.100000
	pigment { color rgbt <1,0,0,0> }
	no_shadow
}

// particle -1
sphere {
	<41.854362, 30.914162, 24.554356> 0.100000
	pigment { color rgbt <1,0,0,0> }
	no_shadow
}
sphere {
	0, 1
	scale<0.080000,0.200000,0.300000>
	matrix <-0.813638, 0.363931, -0.453372,
		0.320698, -0.369495, -0.872139,
		-0.484917, -0.855001, 0.183923,
		41.708889, 30.657661, 24.609531>
	pigment { color rgbt <0,1,1,0> }
	no_shadow
}
cylinder {
	<41.458683, 31.227392, 24.029490>,  <42.048328, 31.256163, 24.480789>, 0.130000
	pigment { color rgbt <1,0,0,0> }
	no_shadow
}

// nucleotide -1

// particle -1
sphere {
	<41.458683, 31.227392, 24.029490> 0.250000
	pigment { color rgbt <1,0,0,0> }
	no_shadow
}
cylinder {
	<41.062542, 31.282269, 24.021671>,  <40.824856, 31.315193, 24.016979>, 0.100000
	pigment { color rgbt <1,0,0,0> }
	no_shadow
}
cylinder {
	<41.062542, 31.282269, 24.021671>,  <41.458683, 31.227392, 24.029490>, 0.100000
	pigment { color rgbt <1,0,0,0> }
	no_shadow
}

// particle -1
sphere {
	<41.062542, 31.282269, 24.021671> 0.100000
	pigment { color rgbt <1,0,0,0> }
	no_shadow
}
sphere {
	0, 1
	scale<0.080000,0.200000,0.300000>
	matrix <-0.124537, -0.819257, 0.559739,
		0.060776, 0.556773, 0.828438,
		-0.990352, 0.137190, -0.019548,
		40.765438, 31.323425, 24.015806>
	pigment { color rgbt <0,1,1,0> }
	no_shadow
}
cylinder {
	<41.123657, 30.790627, 24.589025>,  <41.458683, 31.227392, 24.029490>, 0.130000
	pigment { color rgbt <1,0,0,0> }
	no_shadow
}

// nucleotide -1

// particle -1
sphere {
	<41.123657, 30.790627, 24.589025> 0.250000
	pigment { color rgbt <1,0,0,0> }
	no_shadow
}
cylinder {
	<40.793945, 30.857666, 24.372700>,  <40.596119, 30.897890, 24.242905>, 0.100000
	pigment { color rgbt <1,0,0,0> }
	no_shadow
}
cylinder {
	<40.793945, 30.857666, 24.372700>,  <41.123657, 30.790627, 24.589025>, 0.100000
	pigment { color rgbt <1,0,0,0> }
	no_shadow
}

// particle -1
sphere {
	<40.793945, 30.857666, 24.372700> 0.100000
	pigment { color rgbt <1,0,0,0> }
	no_shadow
}
sphere {
	0, 1
	scale<0.080000,0.200000,0.300000>
	matrix <-0.467365, -0.740575, 0.482824,
		-0.319594, 0.650738, 0.688767,
		-0.824275, 0.167598, -0.540815,
		40.546661, 30.907946, 24.210455>
	pigment { color rgbt <0,1,1,0> }
	no_shadow
}
cylinder {
	<40.655285, 30.926205, 25.052963>,  <41.123657, 30.790627, 24.589025>, 0.130000
	pigment { color rgbt <1,0,0,0> }
	no_shadow
}

// nucleotide -1

// particle -1
sphere {
	<40.655285, 30.926205, 25.052963> 0.250000
	pigment { color rgbt <1,0,0,0> }
	no_shadow
}
cylinder {
	<40.445381, 30.812248, 24.732098>,  <40.319439, 30.743876, 24.539579>, 0.100000
	pigment { color rgbt <1,0,0,0> }
	no_shadow
}
cylinder {
	<40.445381, 30.812248, 24.732098>,  <40.655285, 30.926205, 25.052963>, 0.100000
	pigment { color rgbt <1,0,0,0> }
	no_shadow
}

// particle -1
sphere {
	<40.445381, 30.812248, 24.732098> 0.100000
	pigment { color rgbt <1,0,0,0> }
	no_shadow
}
sphere {
	0, 1
	scale<0.080000,0.200000,0.300000>
	matrix <-0.460107, -0.697898, 0.548853,
		-0.716190, 0.657097, 0.235149,
		-0.524760, -0.284890, -0.802163,
		40.287952, 30.726782, 24.491449>
	pigment { color rgbt <0,1,1,0> }
	no_shadow
}
cylinder {
	<39.943062, 30.968124, 25.247486>,  <40.655285, 30.926205, 25.052963>, 0.130000
	pigment { color rgbt <1,0,0,0> }
	no_shadow
}

// nucleotide -1

// particle -1
sphere {
	<39.943062, 30.968124, 25.247486> 0.250000
	pigment { color rgbt <1,0,0,0> }
	no_shadow
}
cylinder {
	<40.002762, 30.689869, 24.966400>,  <40.038582, 30.522915, 24.797749>, 0.100000
	pigment { color rgbt <1,0,0,0> }
	no_shadow
}
cylinder {
	<40.002762, 30.689869, 24.966400>,  <39.943062, 30.968124, 25.247486>, 0.100000
	pigment { color rgbt <1,0,0,0> }
	no_shadow
}

// particle -1
sphere {
	<40.002762, 30.689869, 24.966400> 0.100000
	pigment { color rgbt <1,0,0,0> }
	no_shadow
}
sphere {
	0, 1
	scale<0.080000,0.200000,0.300000>
	matrix <-0.487803, -0.669977, 0.559624,
		-0.860100, 0.259261, -0.439330,
		0.149252, -0.695639, -0.702716,
		40.047539, 30.481176, 24.755585>
	pigment { color rgbt <0,1,1,0> }
	no_shadow
}
cylinder {
	<39.322617, 30.502642, 25.165846>,  <39.943062, 30.968124, 25.247486>, 0.130000
	pigment { color rgbt <1,0,0,0> }
	no_shadow
}

// nucleotide -1

// particle -1
sphere {
	<39.322617, 30.502642, 25.165846> 0.250000
	pigment { color rgbt <1,0,0,0> }
	no_shadow
}
cylinder {
	<39.617325, 30.287342, 25.002159>,  <39.794151, 30.158163, 24.903946>, 0.100000
	pigment { color rgbt <1,0,0,0> }
	no_shadow
}
cylinder {
	<39.617325, 30.287342, 25.002159>,  <39.322617, 30.502642, 25.165846>, 0.100000
	pigment { color rgbt <1,0,0,0> }
	no_shadow
}

// particle -1
sphere {
	<39.617325, 30.287342, 25.002159> 0.100000
	pigment { color rgbt <1,0,0,0> }
	no_shadow
}
sphere {
	0, 1
	scale<0.080000,0.200000,0.300000>
	matrix <-0.360858, -0.824842, 0.435221,
		-0.571797, -0.172988, -0.801950,
		0.736770, -0.538248, -0.409218,
		39.838356, 30.125868, 24.879395>
	pigment { color rgbt <0,1,1,0> }
	no_shadow
}
cylinder {
	<39.048191, 29.967157, 24.876905>,  <39.322617, 30.502642, 25.165846>, 0.130000
	pigment { color rgbt <1,0,0,0> }
	no_shadow
}

// nucleotide -1

// particle -1
sphere {
	<39.048191, 29.967157, 24.876905> 0.250000
	pigment { color rgbt <1,0,0,0> }
	no_shadow
}
cylinder {
	<39.429451, 29.847710, 24.896244>,  <39.658207, 29.776041, 24.907846>, 0.100000
	pigment { color rgbt <1,0,0,0> }
	no_shadow
}
cylinder {
	<39.429451, 29.847710, 24.896244>,  <39.048191, 29.967157, 24.876905>, 0.100000
	pigment { color rgbt <1,0,0,0> }
	no_shadow
}

// particle -1
sphere {
	<39.429451, 29.847710, 24.896244> 0.100000
	pigment { color rgbt <1,0,0,0> }
	no_shadow
}
sphere {
	0, 1
	scale<0.080000,0.200000,0.300000>
	matrix <-0.296211, -0.888880, 0.349502,
		-0.061394, -0.347447, -0.935687,
		0.953147, -0.298618, 0.048346,
		39.715397, 29.758123, 24.910748>
	pigment { color rgbt <0,1,1,0> }
	no_shadow
}
cylinder {
	<39.124855, 29.385534, 24.382450>,  <39.048191, 29.967157, 24.876905>, 0.130000
	pigment { color rgbt <1,0,0,0> }
	no_shadow
}

// nucleotide -1

// particle -1
sphere {
	<39.124855, 29.385534, 24.382450> 0.250000
	pigment { color rgbt <1,0,0,0> }
	no_shadow
}
cylinder {
	<39.393318, 29.381672, 24.678951>,  <39.554394, 29.379354, 24.856852>, 0.100000
	pigment { color rgbt <1,0,0,0> }
	no_shadow
}
cylinder {
	<39.393318, 29.381672, 24.678951>,  <39.124855, 29.385534, 24.382450>, 0.100000
	pigment { color rgbt <1,0,0,0> }
	no_shadow
}

// particle -1
sphere {
	<39.393318, 29.381672, 24.678951> 0.100000
	pigment { color rgbt <1,0,0,0> }
	no_shadow
}
sphere {
	0, 1
	scale<0.080000,0.200000,0.300000>
	matrix <-0.236929, -0.950264, 0.202146,
		0.702435, -0.311296, -0.640062,
		0.671155, -0.009654, 0.741254,
		39.594666, 29.378775, 24.901327>
	pigment { color rgbt <0,1,1,0> }
	no_shadow
}
cylinder {
	<39.392998, 28.671513, 24.360308>,  <39.124855, 29.385534, 24.382450>, 0.130000
	pigment { color rgbt <1,0,0,0> }
	no_shadow
}

// nucleotide -1

// particle -1
sphere {
	<39.392998, 28.671513, 24.360308> 0.250000
	pigment { color rgbt <1,0,0,0> }
	no_shadow
}
cylinder {
	<39.513184, 28.821804, 24.710976>,  <39.585293, 28.911980, 24.921377>, 0.100000
	pigment { color rgbt <1,0,0,0> }
	no_shadow
}
cylinder {
	<39.513184, 28.821804, 24.710976>,  <39.392998, 28.671513, 24.360308>, 0.100000
	pigment { color rgbt <1,0,0,0> }
	no_shadow
}

// particle -1
sphere {
	<39.513184, 28.821804, 24.710976> 0.100000
	pigment { color rgbt <1,0,0,0> }
	no_shadow
}
sphere {
	0, 1
	scale<0.080000,0.200000,0.300000>
	matrix <-0.138423, -0.892231, 0.429840,
		0.943696, -0.250502, -0.216072,
		0.300462, 0.375729, 0.876670,
		39.603321, 28.934523, 24.973976>
	pigment { color rgbt <0,1,1,0> }
	no_shadow
}
cylinder {
	<39.803677, 28.140860, 24.662256>,  <39.392998, 28.671513, 24.360308>, 0.130000
	pigment { color rgbt <1,0,0,0> }
	no_shadow
}

// nucleotide -1

// particle -1
sphere {
	<39.803677, 28.140860, 24.662256> 0.250000
	pigment { color rgbt <1,0,0,0> }
	no_shadow
}
cylinder {
	<39.721832, 28.373051, 24.977516>,  <39.672726, 28.512365, 25.166672>, 0.100000
	pigment { color rgbt <1,0,0,0> }
	no_shadow
}
cylinder {
	<39.721832, 28.373051, 24.977516>,  <39.803677, 28.140860, 24.662256>, 0.100000
	pigment { color rgbt <1,0,0,0> }
	no_shadow
}

// particle -1
sphere {
	<39.721832, 28.373051, 24.977516> 0.100000
	pigment { color rgbt <1,0,0,0> }
	no_shadow
}
sphere {
	0, 1
	scale<0.080000,0.200000,0.300000>
	matrix <-0.161144, -0.814175, 0.557810,
		0.965489, -0.012874, 0.260126,
		-0.204606, 0.580477, 0.788151,
		39.660450, 28.547194, 25.213961>
	pigment { color rgbt <0,1,1,0> }
	no_shadow
}
cylinder {
	<40.142139, 27.795658, 25.319044>,  <39.803677, 28.140860, 24.662256>, 0.130000
	pigment { color rgbt <1,0,0,0> }
	no_shadow
}

// nucleotide -1

// particle -1
sphere {
	<40.142139, 27.795658, 25.319044> 0.250000
	pigment { color rgbt <1,0,0,0> }
	no_shadow
}
cylinder {
	<39.881809, 28.060528, 25.467609>,  <39.725613, 28.219450, 25.556749>, 0.100000
	pigment { color rgbt <1,0,0,0> }
	no_shadow
}
cylinder {
	<39.881809, 28.060528, 25.467609>,  <40.142139, 27.795658, 25.319044>, 0.100000
	pigment { color rgbt <1,0,0,0> }
	no_shadow
}

// particle -1
sphere {
	<39.881809, 28.060528, 25.467609> 0.100000
	pigment { color rgbt <1,0,0,0> }
	no_shadow
}
sphere {
	0, 1
	scale<0.080000,0.200000,0.300000>
	matrix <-0.330352, -0.687450, 0.646746,
		0.683589, 0.298221, 0.666161,
		-0.650825, 0.662176, 0.371415,
		39.686562, 28.259180, 25.579035>
	pigment { color rgbt <0,1,1,0> }
	no_shadow
}
cylinder {
	<40.261475, 27.792696, 26.061810>,  <40.142139, 27.795658, 25.319044>, 0.130000
	pigment { color rgbt <1,0,0,0> }
	no_shadow
}

// nucleotide -1

// particle -1
sphere {
	<40.261475, 27.792696, 26.061810> 0.250000
	pigment { color rgbt <1,0,0,0> }
	no_shadow
}
cylinder {
	<39.888573, 27.934002, 26.030537>,  <39.664833, 28.018785, 26.011774>, 0.100000
	pigment { color rgbt <1,0,0,0> }
	no_shadow
}
cylinder {
	<39.888573, 27.934002, 26.030537>,  <40.261475, 27.792696, 26.061810>, 0.100000
	pigment { color rgbt <1,0,0,0> }
	no_shadow
}

// particle -1
sphere {
	<39.888573, 27.934002, 26.030537> 0.100000
	pigment { color rgbt <1,0,0,0> }
	no_shadow
}
sphere {
	0, 1
	scale<0.080000,0.200000,0.300000>
	matrix <-0.261515, -0.508583, 0.820337,
		0.250033, 0.785206, 0.566511,
		-0.932252, 0.353263, -0.078181,
		39.608898, 28.039980, 26.007082>
	pigment { color rgbt <0,1,1,0> }
	no_shadow
}
cylinder {
	<39.963230, 27.904896, 26.827803>,  <40.261475, 27.792696, 26.061810>, 0.130000
	pigment { color rgbt <1,0,0,0> }
	no_shadow
}

// nucleotide -1

// particle -1
sphere {
	<39.963230, 27.904896, 26.827803> 0.250000
	pigment { color rgbt <1,0,0,0> }
	no_shadow
}
cylinder {
	<39.646206, 27.858833, 26.588276>,  <39.455990, 27.831196, 26.444559>, 0.100000
	pigment { color rgbt <1,0,0,0> }
	no_shadow
}
cylinder {
	<39.646206, 27.858833, 26.588276>,  <39.963230, 27.904896, 26.827803>, 0.100000
	pigment { color rgbt <1,0,0,0> }
	no_shadow
}

// particle -1
sphere {
	<39.646206, 27.858833, 26.588276> 0.100000
	pigment { color rgbt <1,0,0,0> }
	no_shadow
}
sphere {
	0, 1
	scale<0.080000,0.200000,0.300000>
	matrix <-0.418318, -0.611831, 0.671322,
		-0.443683, 0.782561, 0.436742,
		-0.792562, -0.115157, -0.598818,
		39.408436, 27.824286, 26.408630>
	pigment { color rgbt <0,1,1,0> }
	no_shadow
}
cylinder {
	<39.421280, 27.818657, 27.278492>,  <39.963230, 27.904896, 26.827803>, 0.130000
	pigment { color rgbt <1,0,0,0> }
	no_shadow
}

// nucleotide -1

// particle -1
sphere {
	<39.421280, 27.818657, 27.278492> 0.250000
	pigment { color rgbt <1,0,0,0> }
	no_shadow
}
cylinder {
	<39.256905, 27.686371, 26.938667>,  <39.158279, 27.607000, 26.734772>, 0.100000
	pigment { color rgbt <1,0,0,0> }
	no_shadow
}
cylinder {
	<39.256905, 27.686371, 26.938667>,  <39.421280, 27.818657, 27.278492>, 0.100000
	pigment { color rgbt <1,0,0,0> }
	no_shadow
}

// particle -1
sphere {
	<39.256905, 27.686371, 26.938667> 0.100000
	pigment { color rgbt <1,0,0,0> }
	no_shadow
}
sphere {
	0, 1
	scale<0.080000,0.200000,0.300000>
	matrix <-0.487996, -0.707343, 0.511396,
		-0.770058, 0.624736, 0.129286,
		-0.410938, -0.330714, -0.849564,
		39.133625, 27.587156, 26.683798>
	pigment { color rgbt <0,1,1,0> }
	no_shadow
}
cylinder {
	<38.604332, 27.759157, 27.377644>,  <39.421280, 27.818657, 27.278492>, 0.130000
	pigment { color rgbt <1,0,0,0> }
	no_shadow
}

// nucleotide -1

// particle -1
sphere {
	<38.604332, 27.759157, 27.377644> 0.250000
	pigment { color rgbt <1,0,0,0> }
	no_shadow
}
cylinder {
	<38.701694, 27.522991, 27.069836>,  <38.760113, 27.381292, 26.885151>, 0.100000
	pigment { color rgbt <1,0,0,0> }
	no_shadow
}
cylinder {
	<38.701694, 27.522991, 27.069836>,  <38.604332, 27.759157, 27.377644>, 0.100000
	pigment { color rgbt <1,0,0,0> }
	no_shadow
}

// particle -1
sphere {
	<38.701694, 27.522991, 27.069836> 0.100000
	pigment { color rgbt <1,0,0,0> }
	no_shadow
}
sphere {
	0, 1
	scale<0.080000,0.200000,0.300000>
	matrix <-0.380312, -0.787946, 0.484255,
		-0.892252, 0.174786, -0.416336,
		0.243410, -0.590415, -0.769520,
		38.774719, 27.345867, 26.838980>
	pigment { color rgbt <0,1,1,0> }
	no_shadow
}
cylinder {
	<38.090302, 27.322176, 27.365461>,  <38.604332, 27.759157, 27.377644>, 0.130000
	pigment { color rgbt <1,0,0,0> }
	no_shadow
}

// nucleotide -1

// particle -1
sphere {
	<38.090302, 27.322176, 27.365461> 0.250000
	pigment { color rgbt <1,0,0,0> }
	no_shadow
}
cylinder {
	<38.368393, 27.124851, 27.156345>,  <38.535248, 27.006456, 27.030876>, 0.100000
	pigment { color rgbt <1,0,0,0> }
	no_shadow
}
cylinder {
	<38.368393, 27.124851, 27.156345>,  <38.090302, 27.322176, 27.365461>, 0.100000
	pigment { color rgbt <1,0,0,0> }
	no_shadow
}

// particle -1
sphere {
	<38.368393, 27.124851, 27.156345> 0.100000
	pigment { color rgbt <1,0,0,0> }
	no_shadow
}
sphere {
	0, 1
	scale<0.080000,0.200000,0.300000>
	matrix <-0.260194, -0.850708, 0.456723,
		-0.670045, -0.181499, -0.719790,
		0.695226, -0.493310, -0.522788,
		38.576962, 26.976858, 26.999510>
	pigment { color rgbt <0,1,1,0> }
	no_shadow
}
cylinder {
	<37.809784, 26.694740, 27.174107>,  <38.090302, 27.322176, 27.365461>, 0.130000
	pigment { color rgbt <1,0,0,0> }
	no_shadow
}

// nucleotide -1

// particle -1
sphere {
	<37.809784, 26.694740, 27.174107> 0.250000
	pigment { color rgbt <1,0,0,0> }
	no_shadow
}
cylinder {
	<38.198933, 26.623360, 27.115219>,  <38.432423, 26.580532, 27.079887>, 0.100000
	pigment { color rgbt <1,0,0,0> }
	no_shadow
}
cylinder {
	<38.198933, 26.623360, 27.115219>,  <37.809784, 26.694740, 27.174107>, 0.100000
	pigment { color rgbt <1,0,0,0> }
	no_shadow
}

// particle -1
sphere {
	<38.198933, 26.623360, 27.115219> 0.100000
	pigment { color rgbt <1,0,0,0> }
	no_shadow
}
sphere {
	0, 1
	scale<0.080000,0.200000,0.300000>
	matrix <-0.113465, -0.922647, 0.368575,
		-0.201604, -0.341873, -0.917866,
		0.972873, -0.178452, -0.147219,
		38.490795, 26.569824, 27.071053>
	pigment { color rgbt <0,1,1,0> }
	no_shadow
}
cylinder {
	<37.854973, 26.004311, 26.893845>,  <37.809784, 26.694740, 27.174107>, 0.130000
	pigment { color rgbt <1,0,0,0> }
	no_shadow
}

// nucleotide -1

// particle -1
sphere {
	<37.854973, 26.004311, 26.893845> 0.250000
	pigment { color rgbt <1,0,0,0> }
	no_shadow
}
cylinder {
	<38.215454, 26.079994, 27.049812>,  <38.431744, 26.125404, 27.143393>, 0.100000
	pigment { color rgbt <1,0,0,0> }
	no_shadow
}
cylinder {
	<38.215454, 26.079994, 27.049812>,  <37.854973, 26.004311, 26.893845>, 0.100000
	pigment { color rgbt <1,0,0,0> }
	no_shadow
}

// particle -1
sphere {
	<38.215454, 26.079994, 27.049812> 0.100000
	pigment { color rgbt <1,0,0,0> }
	no_shadow
}
sphere {
	0, 1
	scale<0.080000,0.200000,0.300000>
	matrix <0.062847, -0.947215, 0.314379,
		0.428822, -0.258813, -0.865521,
		0.901200, 0.189208, 0.389921,
		38.485813, 26.136757, 27.166788>
	pigment { color rgbt <0,1,1,0> }
	no_shadow
}
cylinder {
	<38.324043, 25.414633, 26.700098>,  <37.854973, 26.004311, 26.893845>, 0.130000
	pigment { color rgbt <1,0,0,0> }
	no_shadow
}

// nucleotide -1

// particle -1
sphere {
	<38.324043, 25.414633, 26.700098> 0.250000
	pigment { color rgbt <1,0,0,0> }
	no_shadow
}
cylinder {
	<38.528408, 25.568314, 27.007698>,  <38.651028, 25.660522, 27.192257>, 0.100000
	pigment { color rgbt <1,0,0,0> }
	no_shadow
}
cylinder {
	<38.528408, 25.568314, 27.007698>,  <38.324043, 25.414633, 26.700098>, 0.100000
	pigment { color rgbt <1,0,0,0> }
	no_shadow
}

// particle -1
sphere {
	<38.528408, 25.568314, 27.007698> 0.100000
	pigment { color rgbt <1,0,0,0> }
	no_shadow
}
sphere {
	0, 1
	scale<0.080000,0.200000,0.300000>
	matrix <0.244679, -0.922559, 0.298358,
		0.824075, 0.035723, -0.565353,
		0.510913, 0.384200, 0.768998,
		38.681683, 25.683573, 27.238398>
	pigment { color rgbt <0,1,1,0> }
	no_shadow
}
cylinder {
	<39.060535, 25.164558, 26.801886>,  <38.324043, 25.414633, 26.700098>, 0.130000
	pigment { color rgbt <1,0,0,0> }
	no_shadow
}

// nucleotide -1

// particle -1
sphere {
	<39.060535, 25.164558, 26.801886> 0.250000
	pigment { color rgbt <1,0,0,0> }
	no_shadow
}
cylinder {
	<38.910252, 25.286572, 27.151924>,  <38.820080, 25.359779, 27.361948>, 0.100000
	pigment { color rgbt <1,0,0,0> }
	no_shadow
}
cylinder {
	<38.910252, 25.286572, 27.151924>,  <39.060535, 25.164558, 26.801886>, 0.100000
	pigment { color rgbt <1,0,0,0> }
	no_shadow
}

// particle -1
sphere {
	<38.910252, 25.286572, 27.151924> 0.100000
	pigment { color rgbt <1,0,0,0> }
	no_shadow
}
sphere {
	0, 1
	scale<0.080000,0.200000,0.300000>
	matrix <0.384982, -0.807573, 0.446783,
		0.842990, 0.504758, 0.185979,
		-0.375709, 0.305035, 0.875098,
		38.797539, 25.378082, 27.414454>
	pigment { color rgbt <0,1,1,0> }
	no_shadow
}
cylinder {
	<39.645073, 25.013771, 27.302578>,  <39.060535, 25.164558, 26.801886>, 0.130000
	pigment { color rgbt <1,0,0,0> }
	no_shadow
}

// nucleotide -1

// particle -1
sphere {
	<39.645073, 25.013771, 27.302578> 0.250000
	pigment { color rgbt <1,0,0,0> }
	no_shadow
}
cylinder {
	<39.321178, 25.040703, 27.535744>,  <39.126842, 25.056862, 27.675644>, 0.100000
	pigment { color rgbt <1,0,0,0> }
	no_shadow
}
cylinder {
	<39.321178, 25.040703, 27.535744>,  <39.645073, 25.013771, 27.302578>, 0.100000
	pigment { color rgbt <1,0,0,0> }
	no_shadow
}

// particle -1
sphere {
	<39.321178, 25.040703, 27.535744> 0.100000
	pigment { color rgbt <1,0,0,0> }
	no_shadow
}
sphere {
	0, 1
	scale<0.080000,0.200000,0.300000>
	matrix <0.307824, -0.796993, 0.519660,
		0.499569, 0.600224, 0.624629,
		-0.809738, 0.067331, 0.582916,
		39.078259, 25.060902, 27.710619>
	pigment { color rgbt <0,1,1,0> }
	no_shadow
}
cylinder {
	<39.967110, 24.706404, 27.967281>,  <39.645073, 25.013771, 27.302578>, 0.130000
	pigment { color rgbt <1,0,0,0> }
	no_shadow
}

// nucleotide -1

// particle -1
sphere {
	<39.967110, 24.706404, 27.967281> 0.250000
	pigment { color rgbt <1,0,0,0> }
	no_shadow
}
cylinder {
	<39.570122, 24.736298, 28.006088>,  <39.331928, 24.754234, 28.029371>, 0.100000
	pigment { color rgbt <1,0,0,0> }
	no_shadow
}
cylinder {
	<39.570122, 24.736298, 28.006088>,  <39.967110, 24.706404, 27.967281>, 0.100000
	pigment { color rgbt <1,0,0,0> }
	no_shadow
}

// particle -1
sphere {
	<39.570122, 24.736298, 28.006088> 0.100000
	pigment { color rgbt <1,0,0,0> }
	no_shadow
}
sphere {
	0, 1
	scale<0.080000,0.200000,0.300000>
	matrix <-0.002635, -0.805056, 0.593193,
		0.122435, 0.588473, 0.799193,
		-0.992473, 0.074734, 0.097016,
		39.272381, 24.758718, 28.035192>
	pigment { color rgbt <0,1,1,0> }
	no_shadow
}
cylinder {
	<39.860443, 24.709627, 28.694384>,  <39.967110, 24.706404, 27.967281>, 0.130000
	pigment { color rgbt <1,0,0,0> }
	no_shadow
}

// nucleotide -1

// particle -1
sphere {
	<39.860443, 24.709627, 28.694384> 0.250000
	pigment { color rgbt <1,0,0,0> }
	no_shadow
}
cylinder {
	<39.567039, 24.563225, 28.465294>,  <39.390999, 24.475384, 28.327841>, 0.100000
	pigment { color rgbt <1,0,0,0> }
	no_shadow
}
cylinder {
	<39.567039, 24.563225, 28.465294>,  <39.860443, 24.709627, 28.694384>, 0.100000
	pigment { color rgbt <1,0,0,0> }
	no_shadow
}

// particle -1
sphere {
	<39.567039, 24.563225, 28.465294> 0.100000
	pigment { color rgbt <1,0,0,0> }
	no_shadow
}
sphere {
	0, 1
	scale<0.080000,0.200000,0.300000>
	matrix <0.003127, -0.844438, 0.535644,
		-0.679677, 0.391106, 0.620544,
		-0.733505, -0.366006, -0.572722,
		39.346989, 24.453423, 28.293478>
	pigment { color rgbt <0,1,1,0> }
	no_shadow
}
cylinder {
	<39.398705, 24.412928, 29.130632>,  <39.860443, 24.709627, 28.694384>, 0.130000
	pigment { color rgbt <1,0,0,0> }
	no_shadow
}

// nucleotide -1

// particle -1
sphere {
	<39.398705, 24.412928, 29.130632> 0.250000
	pigment { color rgbt <1,0,0,0> }
	no_shadow
}
cylinder {
	<39.314331, 24.251369, 28.774570>,  <39.263706, 24.154434, 28.560932>, 0.100000
	pigment { color rgbt <1,0,0,0> }
	no_shadow
}
cylinder {
	<39.314331, 24.251369, 28.774570>,  <39.398705, 24.412928, 29.130632>, 0.100000
	pigment { color rgbt <1,0,0,0> }
	no_shadow
}

// particle -1
sphere {
	<39.314331, 24.251369, 28.774570> 0.100000
	pigment { color rgbt <1,0,0,0> }
	no_shadow
}
sphere {
	0, 1
	scale<0.080000,0.200000,0.300000>
	matrix <0.018038, -0.912098, 0.409576,
		-0.977335, 0.070335, 0.199674,
		-0.210929, -0.403895, -0.890156,
		39.251053, 24.130201, 28.507524>
	pigment { color rgbt <0,1,1,0> }
	no_shadow
}
cylinder {
	<38.780869, 24.050110, 29.078077>,  <39.398705, 24.412928, 29.130632>, 0.130000
	pigment { color rgbt <1,0,0,0> }
	no_shadow
}

// nucleotide -1

// particle -1
sphere {
	<38.780869, 24.050110, 29.078077> 0.250000
	pigment { color rgbt <1,0,0,0> }
	no_shadow
}
cylinder {
	<39.022518, 23.888451, 28.803356>,  <39.167507, 23.791454, 28.638523>, 0.100000
	pigment { color rgbt <1,0,0,0> }
	no_shadow
}
cylinder {
	<39.022518, 23.888451, 28.803356>,  <38.780869, 24.050110, 29.078077>, 0.100000
	pigment { color rgbt <1,0,0,0> }
	no_shadow
}

// particle -1
sphere {
	<39.022518, 23.888451, 28.803356> 0.100000
	pigment { color rgbt <1,0,0,0> }
	no_shadow
}
sphere {
	0, 1
	scale<0.080000,0.200000,0.300000>
	matrix <-0.039289, -0.875911, 0.480871,
		-0.795921, -0.263522, -0.545038,
		0.604124, -0.404149, -0.686802,
		39.203754, 23.767206, 28.597315>
	pigment { color rgbt <0,1,1,0> }
	no_shadow
}
cylinder {
	<38.397995, 23.544390, 28.570499>,  <38.780869, 24.050110, 29.078077>, 0.130000
	pigment { color rgbt <1,0,0,0> }
	no_shadow
}

// nucleotide -1

// particle -1
sphere {
	<38.397995, 23.544390, 28.570499> 0.250000
	pigment { color rgbt <1,0,0,0> }
	no_shadow
}
cylinder {
	<38.773079, 23.489021, 28.697956>,  <38.998131, 23.455801, 28.774429>, 0.100000
	pigment { color rgbt <1,0,0,0> }
	no_shadow
}
cylinder {
	<38.773079, 23.489021, 28.697956>,  <38.397995, 23.544390, 28.570499>, 0.100000
	pigment { color rgbt <1,0,0,0> }
	no_shadow
}

// particle -1
sphere {
	<38.773079, 23.489021, 28.697956> 0.100000
	pigment { color rgbt <1,0,0,0> }
	no_shadow
}
sphere {
	0, 1
	scale<0.080000,0.200000,0.300000>
	matrix <-0.263258, -0.881605, 0.391750,
		0.226688, -0.451235, -0.863134,
		0.937714, -0.138422, 0.318641,
		39.054394, 23.447495, 28.793549>
	pigment { color rgbt <0,1,1,0> }
	no_shadow
}
cylinder {
	<38.487709, 22.893314, 28.392385>,  <38.397995, 23.544390, 28.570499>, 0.130000
	pigment { color rgbt <1,0,0,0> }
	no_shadow
}

// nucleotide -1

// particle -1
sphere {
	<38.487709, 22.893314, 28.392385> 0.250000
	pigment { color rgbt <1,0,0,0> }
	no_shadow
}
cylinder {
	<38.741333, 22.995628, 28.684288>,  <38.893509, 23.057016, 28.859430>, 0.100000
	pigment { color rgbt <1,0,0,0> }
	no_shadow
}
cylinder {
	<38.741333, 22.995628, 28.684288>,  <38.487709, 22.893314, 28.392385>, 0.100000
	pigment { color rgbt <1,0,0,0> }
	no_shadow
}

// particle -1
sphere {
	<38.741333, 22.995628, 28.684288> 0.100000
	pigment { color rgbt <1,0,0,0> }
	no_shadow
}
sphere {
	0, 1
	scale<0.080000,0.200000,0.300000>
	matrix <-0.217843, -0.846404, 0.485947,
		0.741966, -0.467091, -0.480949,
		0.634058, 0.255784, 0.729756,
		38.931549, 23.072363, 28.903215>
	pigment { color rgbt <0,1,1,0> }
	no_shadow
}
cylinder {
	<37.810078, 22.774570, 28.507011>,  <38.487709, 22.893314, 28.392385>, 0.130000
	pigment { color rgbt <1,0,0,0> }
	no_shadow
}

// nucleotide -1

// particle -1
sphere {
	<37.810078, 22.774570, 28.507011> 0.250000
	pigment { color rgbt <1,0,0,0> }
	no_shadow
}
cylinder {
	<37.943798, 22.611286, 28.846802>,  <38.024029, 22.513315, 29.050676>, 0.100000
	pigment { color rgbt <1,0,0,0> }
	no_shadow
}
cylinder {
	<37.943798, 22.611286, 28.846802>,  <37.810078, 22.774570, 28.507011>, 0.100000
	pigment { color rgbt <1,0,0,0> }
	no_shadow
}

// particle -1
sphere {
	<37.943798, 22.611286, 28.846802> 0.100000
	pigment { color rgbt <1,0,0,0> }
	no_shadow
}
sphere {
	0, 1
	scale<0.080000,0.200000,0.300000>
	matrix <-0.256781, 0.827784, 0.498836,
		-0.906812, -0.384889, 0.171906,
		0.334297, -0.408209, 0.849477,
		38.044086, 22.488823, 29.101645>
	pigment { color rgbt <0,1,1,0> }
	no_shadow
}
cylinder {
	<37.195538, 23.155865, 28.532541>,  <37.810078, 22.774570, 28.507011>, 0.130000
	pigment { color rgbt <1,0,0,0> }
	no_shadow
}

// nucleotide -1

// particle -1
sphere {
	<37.195538, 23.155865, 28.532541> 0.250000
	pigment { color rgbt <1,0,0,0> }
	no_shadow
}
cylinder {
	<36.827927, 23.227573, 28.672966>,  <36.607361, 23.270599, 28.757221>, 0.100000
	pigment { color rgbt <1,0,0,0> }
	no_shadow
}
cylinder {
	<36.827927, 23.227573, 28.672966>,  <37.195538, 23.155865, 28.532541>, 0.100000
	pigment { color rgbt <1,0,0,0> }
	no_shadow
}

// particle -1
sphere {
	<36.827927, 23.227573, 28.672966> 0.100000
	pigment { color rgbt <1,0,0,0> }
	no_shadow
}
sphere {
	0, 1
	scale<0.080000,0.200000,0.300000>
	matrix <-0.266149, 0.374743, -0.888106,
		-0.290769, -0.909632, -0.296688,
		-0.919031, 0.179271, 0.351061,
		36.552216, 23.281355, 28.778284>
	pigment { color rgbt <0,1,1,0> }
	no_shadow
}
cylinder {
	<36.533535, 22.746136, 28.214741>,  <37.195538, 23.155865, 28.532541>, 0.130000
	pigment { color rgbt <1,0,0,0> }
	no_shadow
}

// nucleotide -1

// particle -1
sphere {
	<36.533535, 22.746136, 28.214741> 0.250000
	pigment { color rgbt <1,0,0,0> }
	no_shadow
}
cylinder {
	<36.444683, 23.115131, 28.341026>,  <36.391373, 23.336529, 28.416798>, 0.100000
	pigment { color rgbt <1,0,0,0> }
	no_shadow
}
cylinder {
	<36.444683, 23.115131, 28.341026>,  <36.533535, 22.746136, 28.214741>, 0.100000
	pigment { color rgbt <1,0,0,0> }
	no_shadow
}

// particle -1
sphere {
	<36.444683, 23.115131, 28.341026> 0.100000
	pigment { color rgbt <1,0,0,0> }
	no_shadow
}
sphere {
	0, 1
	scale<0.080000,0.200000,0.300000>
	matrix <-0.343914, 0.228862, -0.910684,
		-0.912350, -0.310868, 0.266420,
		-0.222129, 0.922488, 0.315714,
		36.378044, 23.391878, 28.435740>
	pigment { color rgbt <0,1,1,0> }
	no_shadow
}
cylinder {
	<35.823582, 22.924610, 27.944851>,  <36.533535, 22.746136, 28.214741>, 0.130000
	pigment { color rgbt <1,0,0,0> }
	no_shadow
}

// nucleotide -1

// particle -1
sphere {
	<35.823582, 22.924610, 27.944851> 0.250000
	pigment { color rgbt <1,0,0,0> }
	no_shadow
}
cylinder {
	<36.096855, 23.210182, 28.006256>,  <36.260818, 23.381525, 28.043098>, 0.100000
	pigment { color rgbt <1,0,0,0> }
	no_shadow
}
cylinder {
	<36.096855, 23.210182, 28.006256>,  <35.823582, 22.924610, 27.944851>, 0.100000
	pigment { color rgbt <1,0,0,0> }
	no_shadow
}

// particle -1
sphere {
	<36.096855, 23.210182, 28.006256> 0.100000
	pigment { color rgbt <1,0,0,0> }
	no_shadow
}
sphere {
	0, 1
	scale<0.080000,0.200000,0.300000>
	matrix <-0.133559, 0.328832, -0.934896,
		-0.717930, 0.618201, 0.320004,
		0.683182, 0.713930, 0.153512,
		36.301811, 23.424362, 28.052309>
	pigment { color rgbt <0,1,1,0> }
	no_shadow
}
cylinder {
	<35.507694, 23.517904, 27.766834>,  <35.823582, 22.924610, 27.944851>, 0.130000
	pigment { color rgbt <1,0,0,0> }
	no_shadow
}

// nucleotide -1

// particle -1
sphere {
	<35.507694, 23.517904, 27.766834> 0.250000
	pigment { color rgbt <1,0,0,0> }
	no_shadow
}
cylinder {
	<35.903202, 23.554787, 27.719791>,  <36.140507, 23.576916, 27.691565>, 0.100000
	pigment { color rgbt <1,0,0,0> }
	no_shadow
}
cylinder {
	<35.903202, 23.554787, 27.719791>,  <35.507694, 23.517904, 27.766834>, 0.100000
	pigment { color rgbt <1,0,0,0> }
	no_shadow
}

// particle -1
sphere {
	<35.903202, 23.554787, 27.719791> 0.100000
	pigment { color rgbt <1,0,0,0> }
	no_shadow
}
sphere {
	0, 1
	scale<0.080000,0.200000,0.300000>
	matrix <-0.147190, 0.464701, -0.873148,
		-0.025856, 0.880653, 0.473054,
		0.988770, 0.092205, -0.117608,
		36.199833, 23.582449, 27.684509>
	pigment { color rgbt <0,1,1,0> }
	no_shadow
}
cylinder {
	<35.532024, 23.796768, 27.065266>,  <35.507694, 23.517904, 27.766834>, 0.130000
	pigment { color rgbt <1,0,0,0> }
	no_shadow
}

// nucleotide -1

// particle -1
sphere {
	<35.532024, 23.796768, 27.065266> 0.250000
	pigment { color rgbt <1,0,0,0> }
	no_shadow
}
cylinder {
	<35.893276, 23.817677, 27.235733>,  <36.110027, 23.830221, 27.338013>, 0.100000
	pigment { color rgbt <1,0,0,0> }
	no_shadow
}
cylinder {
	<35.893276, 23.817677, 27.235733>,  <35.532024, 23.796768, 27.065266>, 0.100000
	pigment { color rgbt <1,0,0,0> }
	no_shadow
}

// particle -1
sphere {
	<35.893276, 23.817677, 27.235733> 0.100000
	pigment { color rgbt <1,0,0,0> }
	no_shadow
}
sphere {
	0, 1
	scale<0.080000,0.200000,0.300000>
	matrix <0.237537, 0.766003, -0.597341,
		-0.357668, 0.640709, 0.679387,
		0.903133, 0.052270, 0.426166,
		36.164215, 23.833357, 27.363583>
	pigment { color rgbt <0,1,1,0> }
	no_shadow
}
cylinder {
	<35.766365, 24.452379, 27.476095>,  <35.532024, 23.796768, 27.065266>, 0.130000
	pigment { color rgbt <1,0,0,0> }
	no_shadow
}

// nucleotide -1

// particle -1
sphere {
	<35.766365, 24.452379, 27.476095> 0.250000
	pigment { color rgbt <1,0,0,0> }
	no_shadow
}
cylinder {
	<36.076267, 24.285263, 27.286274>,  <36.262211, 24.184994, 27.172380>, 0.100000
	pigment { color rgbt <1,0,0,0> }
	no_shadow
}
cylinder {
	<36.076267, 24.285263, 27.286274>,  <35.766365, 24.452379, 27.476095>, 0.100000
	pigment { color rgbt <1,0,0,0> }
	no_shadow
}

// particle -1
sphere {
	<36.076267, 24.285263, 27.286274> 0.100000
	pigment { color rgbt <1,0,0,0> }
	no_shadow
}
sphere {
	0, 1
	scale<0.080000,0.200000,0.300000>
	matrix <0.132783, 0.841347, -0.523931,
		0.618158, 0.342907, 0.707315,
		0.774757, -0.417791, -0.474554,
		36.308693, 24.159925, 27.143908>
	pigment { color rgbt <0,1,1,0> }
	no_shadow
}
cylinder {
	<36.347645, 24.901037, 27.522898>,  <35.766365, 24.452379, 27.476095>, 0.130000
	pigment { color rgbt <1,0,0,0> }
	no_shadow
}

// nucleotide -1

// particle -1
sphere {
	<36.347645, 24.901037, 27.522898> 0.250000
	pigment { color rgbt <1,0,0,0> }
	no_shadow
}
cylinder {
	<36.394646, 24.687607, 27.187878>,  <36.422848, 24.559549, 26.986866>, 0.100000
	pigment { color rgbt <1,0,0,0> }
	no_shadow
}
cylinder {
	<36.394646, 24.687607, 27.187878>,  <36.347645, 24.901037, 27.522898>, 0.100000
	pigment { color rgbt <1,0,0,0> }
	no_shadow
}

// particle -1
sphere {
	<36.394646, 24.687607, 27.187878> 0.100000
	pigment { color rgbt <1,0,0,0> }
	no_shadow
}
sphere {
	0, 1
	scale<0.080000,0.200000,0.300000>
	matrix <0.082801, 0.845720, -0.527164,
		0.989614, -0.007405, 0.143558,
		0.117506, -0.533575, -0.837550,
		36.429897, 24.527534, 26.936613>
	pigment { color rgbt <0,1,1,0> }
	no_shadow
}
cylinder {
	<36.354233, 25.417011, 27.126245>,  <36.347645, 24.901037, 27.522898>, 0.130000
	pigment { color rgbt <1,0,0,0> }
	no_shadow
}

// nucleotide -1

// particle -1
sphere {
	<36.354233, 25.417011, 27.126245> 0.250000
	pigment { color rgbt <1,0,0,0> }
	no_shadow
}
cylinder {
	<36.451332, 25.140320, 26.854191>,  <36.509590, 24.974304, 26.690958>, 0.100000
	pigment { color rgbt <1,0,0,0> }
	no_shadow
}
cylinder {
	<36.451332, 25.140320, 26.854191>,  <36.354233, 25.417011, 27.126245>, 0.100000
	pigment { color rgbt <1,0,0,0> }
	no_shadow
}

// particle -1
sphere {
	<36.451332, 25.140320, 26.854191> 0.100000
	pigment { color rgbt <1,0,0,0> }
	no_shadow
}
sphere {
	0, 1
	scale<0.080000,0.200000,0.300000>
	matrix <0.138832, 0.718660, -0.681362,
		0.960105, 0.070972, 0.270485,
		0.242744, -0.691730, -0.680136,
		36.524155, 24.932800, 26.650150>
	pigment { color rgbt <0,1,1,0> }
	no_shadow
}
cylinder {
	<37.032116, 25.514517, 26.755680>,  <36.354233, 25.417011, 27.126245>, 0.130000
	pigment { color rgbt <1,0,0,0> }
	no_shadow
}

// nucleotide -1

// particle -1
sphere {
	<37.032116, 25.514517, 26.755680> 0.250000
	pigment { color rgbt <1,0,0,0> }
	no_shadow
}
cylinder {
	<36.796566, 25.307915, 26.507019>,  <36.655235, 25.183952, 26.357822>, 0.100000
	pigment { color rgbt <1,0,0,0> }
	no_shadow
}
cylinder {
	<36.796566, 25.307915, 26.507019>,  <37.032116, 25.514517, 26.755680>, 0.100000
	pigment { color rgbt <1,0,0,0> }
	no_shadow
}

// particle -1
sphere {
	<36.796566, 25.307915, 26.507019> 0.100000
	pigment { color rgbt <1,0,0,0> }
	no_shadow
}
sphere {
	0, 1
	scale<0.080000,0.200000,0.300000>
	matrix <0.125729, 0.701250, -0.701741,
		0.798388, -0.491394, -0.348006,
		-0.588871, -0.516507, -0.621653,
		36.619904, 25.152964, 26.320524>
	pigment { color rgbt <0,1,1,0> }
	no_shadow
}
cylinder {
	<37.298199, 25.403780, 26.162893>,  <37.032116, 25.514517, 26.755680>, 0.130000
	pigment { color rgbt <1,0,0,0> }
	no_shadow
}

// nucleotide -1

// particle -1
sphere {
	<37.298199, 25.403780, 26.162893> 0.250000
	pigment { color rgbt <1,0,0,0> }
	no_shadow
}
cylinder {
	<36.917198, 25.367294, 26.046677>,  <36.688599, 25.345404, 25.976946>, 0.100000
	pigment { color rgbt <1,0,0,0> }
	no_shadow
}
cylinder {
	<36.917198, 25.367294, 26.046677>,  <37.298199, 25.403780, 26.162893>, 0.100000
	pigment { color rgbt <1,0,0,0> }
	no_shadow
}

// particle -1
sphere {
	<36.917198, 25.367294, 26.046677> 0.100000
	pigment { color rgbt <1,0,0,0> }
	no_shadow
}
sphere {
	0, 1
	scale<0.080000,0.200000,0.300000>
	matrix <0.157187, 0.669894, -0.725627,
		0.260819, -0.736832, -0.623740,
		-0.952505, -0.091214, -0.290541,
		36.631447, 25.339930, 25.959515>
	pigment { color rgbt <0,1,1,0> }
	no_shadow
}
cylinder {
	<37.325989, 25.458380, 25.491154>,  <37.298199, 25.403780, 26.162893>, 0.130000
	pigment { color rgbt <1,0,0,0> }
	no_shadow
}

// nucleotide -1

// particle -1
sphere {
	<37.325989, 25.458380, 25.491154> 0.250000
	pigment { color rgbt <1,0,0,0> }
	no_shadow
}
cylinder {
	<36.939175, 25.531055, 25.562515>,  <36.707085, 25.574661, 25.605331>, 0.100000
	pigment { color rgbt <1,0,0,0> }
	no_shadow
}
cylinder {
	<36.939175, 25.531055, 25.562515>,  <37.325989, 25.458380, 25.491154>, 0.100000
	pigment { color rgbt <1,0,0,0> }
	no_shadow
}

// particle -1
sphere {
	<36.939175, 25.531055, 25.562515> 0.100000
	pigment { color rgbt <1,0,0,0> }
	no_shadow
}
sphere {
	0, 1
	scale<0.080000,0.200000,0.300000>
	matrix <-0.007800, 0.679159, -0.733950,
		-0.254513, -0.711149, -0.655356,
		-0.967038, 0.181688, 0.178402,
		36.649063, 25.585562, 25.616035>
	pigment { color rgbt <0,1,1,0> }
	no_shadow
}
cylinder {
	<37.009987, 25.462299, 24.802788>,  <37.325989, 25.458380, 25.491154>, 0.130000
	pigment { color rgbt <1,0,0,0> }
	no_shadow
}

// nucleotide -1

// particle -1
sphere {
	<37.009987, 25.462299, 24.802788> 0.250000
	pigment { color rgbt <1,0,0,0> }
	no_shadow
}
cylinder {
	<36.809502, 25.696667, 25.057499>,  <36.689213, 25.837288, 25.210325>, 0.100000
	pigment { color rgbt <1,0,0,0> }
	no_shadow
}
cylinder {
	<36.809502, 25.696667, 25.057499>,  <37.009987, 25.462299, 24.802788>, 0.100000
	pigment { color rgbt <1,0,0,0> }
	no_shadow
}

// particle -1
sphere {
	<36.809502, 25.696667, 25.057499> 0.100000
	pigment { color rgbt <1,0,0,0> }
	no_shadow
}
sphere {
	0, 1
	scale<0.080000,0.200000,0.300000>
	matrix <-0.034954, 0.721574, -0.691455,
