// switches for output
#declare DRAW_BASES = 1; // possible values are 0, 1; only relevant for DNA ribbons
#declare DRAW_BASES_TYPE = 3; // possible values are 1, 2, 3; only relevant for DNA ribbons
#declare DRAW_FOG = 0; // set to 1 to enable fog

#include "colors.inc"

#include "transforms.inc"
background { rgb <1, 1, 1>}

#default {
   normal{
       ripples 0.25
       frequency 0.20
       turbulence 0.2
       lambda 5
   }
	finish {
		phong 0.1
		phong_size 40.
	}
}

// original window dimensions: 1024x640


// camera settings

camera {
	sky <-0, 1, 0>
	up <-0, 1, 0>
	right 1.6 * <0.581683, 0, 0.813415>
	location <-54.4937, 30, 90.4225>
	look_at <30, 30, 30>
	direction <84.4937, 0, -60.4225>
	angle 67.0682
}


# declare cpy_camera_pos = <-54.4937, 30, 90.4225>;
# if (DRAW_FOG = 1)
fog {
	fog_type 2
	up vnormalize(cpy_camera_pos)
	color rgbt<1,1,1,0.3>
	distance 1e-5
	fog_alt 3e-3
	fog_offset 48
}
# end


// LIGHTS

# declare lum = 6;
global_settings {
	ambient_light rgb lum * <0.05, 0.05, 0.05>
	max_trace_level 15
}# declare cpy_direct_light_amount = 0.25;
light_source
{	1000 * <0.231732, -1, 1.3951>,
	rgb lum * cpy_direct_light_amount
	parallel
}

light_source
{	1000 * <-0.231732, 1, -1.3951>,
	rgb lum * cpy_direct_light_amount
	parallel
}

// strand 0

// nucleotide -1

// particle -1
sphere {
	<43.187576, 32.254181, 23.135067> 0.250000
	pigment { color rgbt <1,0,0,0> }
	no_shadow
}
cylinder {
	<43.112011, 32.542725, 23.401588>,  <43.066673, 32.715851, 23.561501>, 0.100000
	pigment { color rgbt <1,0,0,0> }
	no_shadow
}
cylinder {
	<43.112011, 32.542725, 23.401588>,  <43.187576, 32.254181, 23.135067>, 0.100000
	pigment { color rgbt <1,0,0,0> }
	no_shadow
}

// particle -1
sphere {
	<43.112011, 32.542725, 23.401588> 0.100000
	pigment { color rgbt <1,0,0,0> }
	no_shadow
}
sphere {
	0, 1
	scale<0.080000,0.200000,0.300000>
	matrix <-0.505597, 0.510227, -0.695730,
		-0.841834, -0.468311, 0.268328,
		-0.188910, 0.721355, 0.666303,
		43.055336, 32.759132, 23.601479>
	pigment { color rgbt <0,1,1,0> }
	no_shadow
}
cylinder {
	<42.455360, 32.394539, 23.140522>,  <43.187576, 32.254181, 23.135067>, 0.130000
	pigment { color rgbt <1,0,0,0> }
	no_shadow
}

// nucleotide -1

// particle -1
sphere {
	<42.455360, 32.394539, 23.140522> 0.250000
	pigment { color rgbt <1,0,0,0> }
	no_shadow
}
cylinder {
	<42.622833, 32.725536, 23.290165>,  <42.723316, 32.924133, 23.379951>, 0.100000
	pigment { color rgbt <1,0,0,0> }
	no_shadow
}
cylinder {
	<42.622833, 32.725536, 23.290165>,  <42.455360, 32.394539, 23.140522>, 0.100000
	pigment { color rgbt <1,0,0,0> }
	no_shadow
}

// particle -1
sphere {
	<42.622833, 32.725536, 23.290165> 0.100000
	pigment { color rgbt <1,0,0,0> }
	no_shadow
}
sphere {
	0, 1
	scale<0.080000,0.200000,0.300000>
	matrix <-0.564337, 0.559833, -0.606722,
		-0.711498, 0.042900, 0.701378,
		0.418682, 0.827494, 0.374110,
		42.748440, 32.973785, 23.402397>
	pigment { color rgbt <0,1,1,0> }
	no_shadow
}
cylinder {
	<41.880604, 32.736473, 23.591003>,  <42.455360, 32.394539, 23.140522>, 0.130000
	pigment { color rgbt <1,0,0,0> }
	no_shadow
}

// nucleotide -1

// particle -1
sphere {
	<41.880604, 32.736473, 23.591003> 0.250000
	pigment { color rgbt <1,0,0,0> }
	no_shadow
}
cylinder {
	<41.708885, 33.022560, 23.811607>,  <41.605854, 33.194214, 23.943970>, 0.100000
	pigment { color rgbt <1,0,0,0> }
	no_shadow
}
cylinder {
	<41.708885, 33.022560, 23.811607>,  <41.880604, 32.736473, 23.591003>, 0.100000
	pigment { color rgbt <1,0,0,0> }
	no_shadow
}

// particle -1
sphere {
	<41.708885, 33.022560, 23.811607> 0.100000
	pigment { color rgbt <1,0,0,0> }
	no_shadow
}
sphere {
	0, 1
	scale<0.080000,0.200000,0.300000>
	matrix <-0.047434, 0.591943, -0.804582,
		-0.901917, -0.371565, -0.220193,
		-0.429297, 0.715222, 0.551509,
		41.580097, 33.237125, 23.977060>
	pigment { color rgbt <0,1,1,0> }
	no_shadow
}
cylinder {
	<41.143223, 32.985043, 23.521008>,  <41.880604, 32.736473, 23.591003>, 0.130000
	pigment { color rgbt <1,0,0,0> }
	no_shadow
}

// nucleotide -1

// particle -1
sphere {
	<41.143223, 32.985043, 23.521008> 0.250000
	pigment { color rgbt <1,0,0,0> }
	no_shadow
}
cylinder {
	<41.374737, 33.282928, 23.653919>,  <41.513645, 33.461658, 23.733665>, 0.100000
	pigment { color rgbt <1,0,0,0> }
	no_shadow
}
cylinder {
	<41.374737, 33.282928, 23.653919>,  <41.143223, 32.985043, 23.521008>, 0.100000
	pigment { color rgbt <1,0,0,0> }
	no_shadow
}

// particle -1
sphere {
	<41.374737, 33.282928, 23.653919> 0.100000
	pigment { color rgbt <1,0,0,0> }
	no_shadow
}
sphere {
	0, 1
	scale<0.080000,0.200000,0.300000>
	matrix <-0.139556, 0.491908, -0.859390,
		-0.803447, 0.451034, 0.388640,
		0.578789, 0.744711, 0.332277,
		41.548374, 33.506340, 23.753603>
	pigment { color rgbt <0,1,1,0> }
	no_shadow
}
cylinder {
	<40.672691, 33.509575, 23.450933>,  <41.143223, 32.985043, 23.521008>, 0.130000
	pigment { color rgbt <1,0,0,0> }
	no_shadow
}

// nucleotide -1

// particle -1
sphere {
	<40.672691, 33.509575, 23.450933> 0.250000
	pigment { color rgbt <1,0,0,0> }
	no_shadow
}
cylinder {
	<41.060471, 33.606689, 23.436985>,  <41.293140, 33.664959, 23.428616>, 0.100000
	pigment { color rgbt <1,0,0,0> }
	no_shadow
}
cylinder {
	<41.060471, 33.606689, 23.436985>,  <40.672691, 33.509575, 23.450933>, 0.100000
	pigment { color rgbt <1,0,0,0> }
	no_shadow
}

// particle -1
sphere {
	<41.060471, 33.606689, 23.436985> 0.100000
	pigment { color rgbt <1,0,0,0> }
	no_shadow
}
sphere {
	0, 1
	scale<0.080000,0.200000,0.300000>
	matrix <-0.131354, 0.393824, -0.909752,
		-0.207142, 0.886542, 0.413684,
		0.969453, 0.242787, -0.034873,
		41.351307, 33.679527, 23.426523>
	pigment { color rgbt <0,1,1,0> }
	no_shadow
}
cylinder {
	<40.101963, 33.839073, 22.998474>,  <40.672691, 33.509575, 23.450933>, 0.130000
	pigment { color rgbt <1,0,0,0> }
	no_shadow
}

// nucleotide -1

// particle -1
sphere {
	<40.101963, 33.839073, 22.998474> 0.250000
	pigment { color rgbt <1,0,0,0> }
	no_shadow
}
cylinder {
	<39.829144, 33.588051, 22.848286>,  <39.665451, 33.437435, 22.758173>, 0.100000
	pigment { color rgbt <1,0,0,0> }
	no_shadow
}
cylinder {
	<39.829144, 33.588051, 22.848286>,  <40.101963, 33.839073, 22.998474>, 0.100000
	pigment { color rgbt <1,0,0,0> }
	no_shadow
}

// particle -1
sphere {
	<39.829144, 33.588051, 22.848286> 0.100000
	pigment { color rgbt <1,0,0,0> }
	no_shadow
}
sphere {
	0, 1
	scale<0.080000,0.200000,0.300000>
	matrix <-0.032358, -0.487026, 0.872788,
		-0.730590, 0.607434, 0.311869,
		-0.682050, -0.627558, -0.375472,
		39.624527, 33.399784, 22.735643>
	pigment { color rgbt <0,1,1,0> }
	no_shadow
}
cylinder {
	<39.469650, 33.920017, 23.356504>,  <40.101963, 33.839073, 22.998474>, 0.130000
	pigment { color rgbt <1,0,0,0> }
	no_shadow
}

// nucleotide -1

// particle -1
sphere {
	<39.469650, 33.920017, 23.356504> 0.250000
	pigment { color rgbt <1,0,0,0> }
	no_shadow
}
cylinder {
	<39.483261, 33.550358, 23.204296>,  <39.491428, 33.328564, 23.112970>, 0.100000
	pigment { color rgbt <1,0,0,0> }
	no_shadow
}
cylinder {
	<39.483261, 33.550358, 23.204296>,  <39.469650, 33.920017, 23.356504>, 0.100000
	pigment { color rgbt <1,0,0,0> }
	no_shadow
}

// particle -1
sphere {
	<39.483261, 33.550358, 23.204296> 0.100000
	pigment { color rgbt <1,0,0,0> }
	no_shadow
}
sphere {
	0, 1
	scale<0.080000,0.200000,0.300000>
	matrix <-0.140651, -0.381381, 0.913655,
		-0.989474, 0.022430, -0.142960,
		0.034029, -0.924146, -0.380522,
		39.493469, 33.273113, 23.090139>
	pigment { color rgbt <0,1,1,0> }
	no_shadow
}
cylinder {
	<38.868271, 33.547112, 23.523249>,  <39.469650, 33.920017, 23.356504>, 0.130000
	pigment { color rgbt <1,0,0,0> }
	no_shadow
}

// nucleotide -1

// particle -1
sphere {
	<38.868271, 33.547112, 23.523249> 0.250000
	pigment { color rgbt <1,0,0,0> }
	no_shadow
}
cylinder {
	<39.119553, 33.247379, 23.439476>,  <39.270321, 33.067539, 23.389212>, 0.100000
	pigment { color rgbt <1,0,0,0> }
	no_shadow
}
cylinder {
	<39.119553, 33.247379, 23.439476>,  <38.868271, 33.547112, 23.523249>, 0.100000
	pigment { color rgbt <1,0,0,0> }
	no_shadow
}

// particle -1
sphere {
	<39.119553, 33.247379, 23.439476> 0.100000
	pigment { color rgbt <1,0,0,0> }
	no_shadow
}
sphere {
	0, 1
	scale<0.080000,0.200000,0.300000>
	matrix <-0.115245, -0.355824, 0.927420,
		-0.769465, -0.558474, -0.309888,
		0.628205, -0.749330, -0.209433,
		39.308014, 33.022579, 23.376646>
	pigment { color rgbt <0,1,1,0> }
	no_shadow
}
cylinder {
	<38.466923, 32.926342, 23.812561>,  <38.868271, 33.547112, 23.523249>, 0.130000
	pigment { color rgbt <1,0,0,0> }
	no_shadow
}

// nucleotide -1

// particle -1
sphere {
	<38.466923, 32.926342, 23.812561> 0.250000
	pigment { color rgbt <1,0,0,0> }
	no_shadow
}
cylinder {
	<38.839787, 32.796417, 23.748596>,  <39.063507, 32.718464, 23.710217>, 0.100000
	pigment { color rgbt <1,0,0,0> }
	no_shadow
}
cylinder {
	<38.839787, 32.796417, 23.748596>,  <38.466923, 32.926342, 23.812561>, 0.100000
	pigment { color rgbt <1,0,0,0> }
	no_shadow
}

// particle -1
sphere {
	<38.839787, 32.796417, 23.748596> 0.100000
	pigment { color rgbt <1,0,0,0> }
	no_shadow
}
sphere {
	0, 1
	scale<0.080000,0.200000,0.300000>
	matrix <0.036335, -0.355533, 0.933957,
		-0.360248, -0.876397, -0.319607,
		0.932149, -0.324844, -0.159924,
		39.119434, 32.698975, 23.700623>
	pigment { color rgbt <0,1,1,0> }
	no_shadow
}
cylinder {
	<38.528572, 32.417114, 24.217113>,  <38.466923, 32.926342, 23.812561>, 0.130000
	pigment { color rgbt <1,0,0,0> }
	no_shadow
}

// nucleotide -1

// particle -1
sphere {
	<38.528572, 32.417114, 24.217113> 0.250000
	pigment { color rgbt <1,0,0,0> }
	no_shadow
}
cylinder {
	<38.924393, 32.440662, 24.164455>,  <39.161884, 32.454792, 24.132860>, 0.100000
	pigment { color rgbt <1,0,0,0> }
	no_shadow
}
cylinder {
	<38.924393, 32.440662, 24.164455>,  <38.528572, 32.417114, 24.217113>, 0.100000
	pigment { color rgbt <1,0,0,0> }
	no_shadow
}

// particle -1
sphere {
	<38.924393, 32.440662, 24.164455> 0.100000
	pigment { color rgbt <1,0,0,0> }
	no_shadow
}
sphere {
	0, 1
	scale<0.080000,0.200000,0.300000>
	matrix <0.139495, -0.159275, 0.977329,
		0.036565, -0.985478, -0.165822,
		0.989547, 0.058868, -0.131645,
		39.221256, 32.458321, 24.124962>
	pigment { color rgbt <0,1,1,0> }
	no_shadow
}
cylinder {
	<38.813351, 31.857891, 24.587933>,  <38.528572, 32.417114, 24.217113>, 0.130000
	pigment { color rgbt <1,0,0,0> }
	no_shadow
}

// nucleotide -1

// particle -1
sphere {
	<38.813351, 31.857891, 24.587933> 0.250000
	pigment { color rgbt <1,0,0,0> }
	no_shadow
}
cylinder {
	<39.097546, 32.135101, 24.539070>,  <39.268063, 32.301426, 24.509752>, 0.100000
	pigment { color rgbt <1,0,0,0> }
	no_shadow
}
cylinder {
	<39.097546, 32.135101, 24.539070>,  <38.813351, 31.857891, 24.587933>, 0.100000
	pigment { color rgbt <1,0,0,0> }
	no_shadow
}

// particle -1
sphere {
	<39.097546, 32.135101, 24.539070> 0.100000
	pigment { color rgbt <1,0,0,0> }
	no_shadow
}
sphere {
	0, 1
	scale<0.080000,0.200000,0.300000>
	matrix <0.237719, -0.072979, 0.968589,
		0.662341, -0.717210, -0.216596,
		0.710488, 0.693025, -0.122157,
		39.310692, 32.343010, 24.502422>
	pigment { color rgbt <0,1,1,0> }
	no_shadow
}
cylinder {
	<39.476933, 31.583580, 24.865791>,  <38.813351, 31.857891, 24.587933>, 0.130000
	pigment { color rgbt <1,0,0,0> }
	no_shadow
}

// nucleotide -1

// particle -1
sphere {
	<39.476933, 31.583580, 24.865791> 0.250000
	pigment { color rgbt <1,0,0,0> }
	no_shadow
}
cylinder {
	<39.532249, 31.979656, 24.857761>,  <39.565437, 32.217300, 24.852943>, 0.100000
	pigment { color rgbt <1,0,0,0> }
	no_shadow
}
cylinder {
	<39.532249, 31.979656, 24.857761>,  <39.476933, 31.583580, 24.865791>, 0.100000
	pigment { color rgbt <1,0,0,0> }
	no_shadow
}

// particle -1
sphere {
	<39.532249, 31.979656, 24.857761> 0.100000
	pigment { color rgbt <1,0,0,0> }
	no_shadow
}
sphere {
	0, 1
	scale<0.080000,0.200000,0.300000>
	matrix <0.333813, -0.027518, 0.942237,
		0.932440, -0.137002, -0.334343,
		0.138288, 0.990188, -0.020074,
		39.573734, 32.276714, 24.851740>
	pigment { color rgbt <0,1,1,0> }
	no_shadow
}
cylinder {
	<40.033501, 31.696653, 25.236473>,  <39.476933, 31.583580, 24.865791>, 0.130000
	pigment { color rgbt <1,0,0,0> }
	no_shadow
}

// nucleotide -1

// particle -1
sphere {
	<40.033501, 31.696653, 25.236473> 0.250000
	pigment { color rgbt <1,0,0,0> }
	no_shadow
}
cylinder {
	<39.839844, 32.046646, 25.237602>,  <39.723648, 32.256641, 25.238279>, 0.100000
	pigment { color rgbt <1,0,0,0> }
	no_shadow
}
cylinder {
	<39.839844, 32.046646, 25.237602>,  <40.033501, 31.696653, 25.236473>, 0.100000
	pigment { color rgbt <1,0,0,0> }
	no_shadow
}

// particle -1
sphere {
	<39.839844, 32.046646, 25.237602> 0.100000
	pigment { color rgbt <1,0,0,0> }
	no_shadow
}
sphere {
	0, 1
	scale<0.080000,0.200000,0.300000>
	matrix <0.190363, 0.102183, 0.976382,
		0.854028, 0.473248, -0.216036,
		-0.484146, 0.874983, 0.002821,
		39.694599, 32.309139, 25.238449>
	pigment { color rgbt <0,1,1,0> }
	no_shadow
}
cylinder {
	<40.386665, 32.060211, 25.758957>,  <40.033501, 31.696653, 25.236473>, 0.130000
	pigment { color rgbt <1,0,0,0> }
	no_shadow
}

// nucleotide -1

// particle -1
sphere {
	<40.386665, 32.060211, 25.758957> 0.250000
	pigment { color rgbt <1,0,0,0> }
	no_shadow
}
cylinder {
	<40.041286, 32.254520, 25.704575>,  <39.834061, 32.371105, 25.671946>, 0.100000
	pigment { color rgbt <1,0,0,0> }
	no_shadow
}
cylinder {
	<40.041286, 32.254520, 25.704575>,  <40.386665, 32.060211, 25.758957>, 0.100000
	pigment { color rgbt <1,0,0,0> }
	no_shadow
}

// particle -1
sphere {
	<40.041286, 32.254520, 25.704575> 0.100000
	pigment { color rgbt <1,0,0,0> }
	no_shadow
}
sphere {
	0, 1
	scale<0.080000,0.200000,0.300000>
	matrix <-0.125010, 0.055053, 0.990627,
		0.488703, 0.872350, 0.013191,
		-0.863448, 0.485772, -0.135957,
		39.782253, 32.400253, 25.663788>
	pigment { color rgbt <0,1,1,0> }
	no_shadow
}
cylinder {
	<40.427910, 32.598976, 26.158844>,  <40.386665, 32.060211, 25.758957>, 0.130000
	pigment { color rgbt <1,0,0,0> }
	no_shadow
}

// nucleotide -1

// particle -1
sphere {
	<40.427910, 32.598976, 26.158844> 0.250000
	pigment { color rgbt <1,0,0,0> }
	no_shadow
}
cylinder {
	<40.038799, 32.571999, 26.070164>,  <39.805332, 32.555813, 26.016954>, 0.100000
	pigment { color rgbt <1,0,0,0> }
	no_shadow
}
cylinder {
	<40.038799, 32.571999, 26.070164>,  <40.427910, 32.598976, 26.158844>, 0.100000
	pigment { color rgbt <1,0,0,0> }
	no_shadow
}

// particle -1
sphere {
	<40.038799, 32.571999, 26.070164> 0.100000
	pigment { color rgbt <1,0,0,0> }
	no_shadow
}
sphere {
	0, 1
	scale<0.080000,0.200000,0.300000>
	matrix <-0.227460, 0.094970, 0.969145,
		-0.044312, 0.993192, -0.107727,
		-0.972779, -0.067448, -0.221703,
		39.746967, 32.551765, 26.003653>
	pigment { color rgbt <0,1,1,0> }
	no_shadow
}
cylinder {
	<40.119453, 33.070889, 26.572853>,  <40.427910, 32.598976, 26.158844>, 0.130000
	pigment { color rgbt <1,0,0,0> }
	no_shadow
}

// nucleotide -1

// particle -1
sphere {
	<40.119453, 33.070889, 26.572853> 0.250000
	pigment { color rgbt <1,0,0,0> }
	no_shadow
}
cylinder {
	<39.829014, 32.812469, 26.478706>,  <39.654751, 32.657417, 26.422218>, 0.100000
	pigment { color rgbt <1,0,0,0> }
	no_shadow
}
cylinder {
	<39.829014, 32.812469, 26.478706>,  <40.119453, 33.070889, 26.572853>, 0.100000
	pigment { color rgbt <1,0,0,0> }
	no_shadow
}

// particle -1
sphere {
	<39.829014, 32.812469, 26.478706> 0.100000
	pigment { color rgbt <1,0,0,0> }
	no_shadow
}
sphere {
	0, 1
	scale<0.080000,0.200000,0.300000>
	matrix <-0.435972, 0.167875, 0.884164,
		-0.531700, 0.744607, -0.403553,
		-0.726101, -0.646048, -0.235369,
		39.611183, 32.618656, 26.408096>
	pigment { color rgbt <0,1,1,0> }
	no_shadow
}
cylinder {
	<39.542255, 33.344105, 26.853205>,  <40.119453, 33.070889, 26.572853>, 0.130000
	pigment { color rgbt <1,0,0,0> }
	no_shadow
}

// nucleotide -1

// particle -1
sphere {
	<39.542255, 33.344105, 26.853205> 0.250000
	pigment { color rgbt <1,0,0,0> }
	no_shadow
}
cylinder {
	<39.409599, 32.973778, 26.780682>,  <39.330006, 32.751579, 26.737167>, 0.100000
	pigment { color rgbt <1,0,0,0> }
	no_shadow
}
cylinder {
	<39.409599, 32.973778, 26.780682>,  <39.542255, 33.344105, 26.853205>, 0.100000
	pigment { color rgbt <1,0,0,0> }
	no_shadow
}

// particle -1
sphere {
	<39.409599, 32.973778, 26.780682> 0.100000
	pigment { color rgbt <1,0,0,0> }
	no_shadow
}
sphere {
	0, 1
	scale<0.080000,0.200000,0.300000>
	matrix <-0.503105, 0.010986, 0.864156,
		-0.798061, 0.377803, -0.469428,
		-0.331638, -0.925821, -0.181307,
		39.310108, 32.696030, 26.726290>
	pigment { color rgbt <0,1,1,0> }
	no_shadow
}
cylinder {
	<38.782791, 33.375553, 27.007393>,  <39.542255, 33.344105, 26.853205>, 0.130000
	pigment { color rgbt <1,0,0,0> }
	no_shadow
}

// nucleotide -1

// particle -1
sphere {
	<38.782791, 33.375553, 27.007393> 0.250000
	pigment { color rgbt <1,0,0,0> }
	no_shadow
}
cylinder {
	<38.885544, 32.990051, 27.036190>,  <38.947193, 32.758751, 27.053469>, 0.100000
	pigment { color rgbt <1,0,0,0> }
	no_shadow
}
cylinder {
	<38.885544, 32.990051, 27.036190>,  <38.782791, 33.375553, 27.007393>, 0.100000
	pigment { color rgbt <1,0,0,0> }
	no_shadow
}

// particle -1
sphere {
	<38.885544, 32.990051, 27.036190> 0.100000
	pigment { color rgbt <1,0,0,0> }
	no_shadow
}
sphere {
	0, 1
	scale<0.080000,0.200000,0.300000>
	matrix <-0.577629, -0.093382, 0.810941,
		-0.774828, -0.249900, -0.580683,
		0.256879, -0.963758, 0.071994,
		38.962608, 32.700924, 27.057789>
	pigment { color rgbt <0,1,1,0> }
	no_shadow
}
cylinder {
	<38.152016, 33.000217, 27.155962>,  <38.782791, 33.375553, 27.007393>, 0.130000
	pigment { color rgbt <1,0,0,0> }
	no_shadow
}

// nucleotide -1

// particle -1
sphere {
	<38.152016, 33.000217, 27.155962> 0.250000
	pigment { color rgbt <1,0,0,0> }
	no_shadow
}
cylinder {
	<38.446770, 32.755737, 27.271503>,  <38.623619, 32.609047, 27.340828>, 0.100000
	pigment { color rgbt <1,0,0,0> }
	no_shadow
}
cylinder {
	<38.446770, 32.755737, 27.271503>,  <38.152016, 33.000217, 27.155962>, 0.100000
	pigment { color rgbt <1,0,0,0> }
	no_shadow
}

// particle -1
sphere {
	<38.446770, 32.755737, 27.271503> 0.100000
	pigment { color rgbt <1,0,0,0> }
	no_shadow
}
sphere {
	0, 1
	scale<0.080000,0.200000,0.300000>
	matrix <-0.516963, -0.234142, 0.823363,
		-0.435610, -0.756046, -0.488505,
		0.736880, -0.611205, 0.288853,
		38.667835, 32.572376, 27.358160>
	pigment { color rgbt <0,1,1,0> }
	no_shadow
}
cylinder {
	<37.826168, 32.377304, 27.314692>,  <38.152016, 33.000217, 27.155962>, 0.130000
	pigment { color rgbt <1,0,0,0> }
	no_shadow
}

// nucleotide -1

// particle -1
sphere {
	<37.826168, 32.377304, 27.314692> 0.250000
	pigment { color rgbt <1,0,0,0> }
	no_shadow
}
cylinder {
	<38.162430, 32.358860, 27.530533>,  <38.364189, 32.347794, 27.660038>, 0.100000
	pigment { color rgbt <1,0,0,0> }
	no_shadow
}
cylinder {
	<38.162430, 32.358860, 27.530533>,  <37.826168, 32.377304, 27.314692>, 0.100000
	pigment { color rgbt <1,0,0,0> }
	no_shadow
}

// particle -1
sphere {
	<38.162430, 32.358860, 27.530533> 0.100000
	pigment { color rgbt <1,0,0,0> }
	no_shadow
}
sphere {
	0, 1
	scale<0.080000,0.200000,0.300000>
	matrix <-0.534138, -0.235078, 0.812056,
		0.089402, -0.970882, -0.222251,
		0.840657, -0.046113, 0.539602,
		38.414627, 32.345024, 27.692413>
	pigment { color rgbt <0,1,1,0> }
	no_shadow
}
cylinder {
	<37.712177, 31.802980, 27.607460>,  <37.826168, 32.377304, 27.314692>, 0.130000
	pigment { color rgbt <1,0,0,0> }
	no_shadow
}

// nucleotide -1

// particle -1
sphere {
	<37.712177, 31.802980, 27.607460> 0.250000
	pigment { color rgbt <1,0,0,0> }
	no_shadow
}
cylinder {
	<37.998848, 31.965664, 27.834072>,  <38.170853, 32.063274, 27.970039>, 0.100000
	pigment { color rgbt <1,0,0,0> }
	no_shadow
}
cylinder {
	<37.998848, 31.965664, 27.834072>,  <37.712177, 31.802980, 27.607460>, 0.100000
	pigment { color rgbt <1,0,0,0> }
	no_shadow
}

// particle -1
sphere {
	<37.998848, 31.965664, 27.834072> 0.100000
	pigment { color rgbt <1,0,0,0> }
	no_shadow
}
sphere {
	0, 1
	scale<0.080000,0.200000,0.300000>
	matrix <-0.501158, -0.264571, 0.823919,
		0.484984, -0.874408, 0.014213,
		0.716681, 0.406710, 0.566529,
		38.213852, 32.087677, 28.004030>
	pigment { color rgbt <0,1,1,0> }
	no_shadow
}
cylinder {
	<37.965248, 31.226681, 28.089188>,  <37.712177, 31.802980, 27.607460>, 0.130000
	pigment { color rgbt <1,0,0,0> }
	no_shadow
}

// nucleotide -1

// particle -1
sphere {
	<37.965248, 31.226681, 28.089188> 0.250000
	pigment { color rgbt <1,0,0,0> }
	no_shadow
}
cylinder {
	<38.095440, 31.549549, 28.286179>,  <38.173557, 31.743271, 28.404373>, 0.100000
	pigment { color rgbt <1,0,0,0> }
	no_shadow
}
cylinder {
	<38.095440, 31.549549, 28.286179>,  <37.965248, 31.226681, 28.089188>, 0.100000
	pigment { color rgbt <1,0,0,0> }
	no_shadow
}

// particle -1
sphere {
	<38.095440, 31.549549, 28.286179> 0.100000
	pigment { color rgbt <1,0,0,0> }
	no_shadow
}
sphere {
	0, 1
	scale<0.080000,0.200000,0.300000>
	matrix <-0.450581, -0.325495, 0.831282,
		0.831287, -0.492467, 0.257755,
		0.325481, 0.807173, 0.492477,
		38.193085, 31.791700, 28.433922>
	pigment { color rgbt <0,1,1,0> }
	no_shadow
}
cylinder {
	<38.096550, 30.943321, 28.764641>,  <37.965248, 31.226681, 28.089188>, 0.130000
	pigment { color rgbt <1,0,0,0> }
	no_shadow
}

// nucleotide -1

// particle -1
sphere {
	<38.096550, 30.943321, 28.764641> 0.250000
	pigment { color rgbt <1,0,0,0> }
	no_shadow
}
cylinder {
	<38.054935, 31.340008, 28.794765>,  <38.029964, 31.578020, 28.812840>, 0.100000
	pigment { color rgbt <1,0,0,0> }
	no_shadow
}
cylinder {
	<38.054935, 31.340008, 28.794765>,  <38.096550, 30.943321, 28.764641>, 0.100000
	pigment { color rgbt <1,0,0,0> }
	no_shadow
}

// particle -1
sphere {
	<38.054935, 31.340008, 28.794765> 0.100000
	pigment { color rgbt <1,0,0,0> }
	no_shadow
}
sphere {
	0, 1
	scale<0.080000,0.200000,0.300000>
	matrix <-0.314235, -0.104621, 0.943563,
		0.943627, 0.074503, 0.322517,
		-0.104040, 0.991717, 0.075312,
		38.023724, 31.637524, 28.817360>
	pigment { color rgbt <0,1,1,0> }
	no_shadow
}
cylinder {
	<38.493416, 31.141418, 29.373001>,  <38.096550, 30.943321, 28.764641>, 0.130000
	pigment { color rgbt <1,0,0,0> }
	no_shadow
}

// nucleotide -1

// particle -1
sphere {
	<38.493416, 31.141418, 29.373001> 0.250000
	pigment { color rgbt <1,0,0,0> }
	no_shadow
}
cylinder {
	<38.222473, 31.431072, 29.321125>,  <38.059906, 31.604864, 29.289999>, 0.100000
	pigment { color rgbt <1,0,0,0> }
	no_shadow
}
cylinder {
	<38.222473, 31.431072, 29.321125>,  <38.493416, 31.141418, 29.373001>, 0.100000
	pigment { color rgbt <1,0,0,0> }
	no_shadow
}

// particle -1
sphere {
	<38.222473, 31.431072, 29.321125> 0.100000
	pigment { color rgbt <1,0,0,0> }
	no_shadow
}
sphere {
	0, 1
	scale<0.080000,0.200000,0.300000>
	matrix <-0.380923, -0.194424, 0.903934,
		0.629354, 0.661687, 0.407534,
		-0.677355, 0.724134, -0.129691,
		38.019268, 31.648312, 29.282217>
	pigment { color rgbt <0,1,1,0> }
	no_shadow
}
cylinder {
	<38.448353, 31.387867, 30.066580>,  <38.493416, 31.141418, 29.373001>, 0.130000
	pigment { color rgbt <1,0,0,0> }
	no_shadow
}

// nucleotide -1

// particle -1
sphere {
	<38.448353, 31.387867, 30.066580> 0.250000
	pigment { color rgbt <1,0,0,0> }
	no_shadow
}
cylinder {
	<38.132988, 31.531013, 29.866444>,  <37.943771, 31.616901, 29.746363>, 0.100000
	pigment { color rgbt <1,0,0,0> }
	no_shadow
}
cylinder {
	<38.132988, 31.531013, 29.866444>,  <38.448353, 31.387867, 30.066580>, 0.100000
	pigment { color rgbt <1,0,0,0> }
	no_shadow
}

// particle -1
sphere {
	<38.132988, 31.531013, 29.866444> 0.100000
	pigment { color rgbt <1,0,0,0> }
	no_shadow
}
sphere {
	0, 1
	scale<0.080000,0.200000,0.300000>
	matrix <-0.576691, -0.146906, 0.803645,
		0.214096, 0.922144, 0.322201,
		-0.788410, 0.357868, -0.500340,
		37.896465, 31.638374, 29.716341>
	pigment { color rgbt <0,1,1,0> }
	no_shadow
}
cylinder {
	<38.106869, 31.900002, 30.510515>,  <38.448353, 31.387867, 30.066580>, 0.130000
	pigment { color rgbt <1,0,0,0> }
	no_shadow
}

// nucleotide -1

// particle -1
sphere {
	<38.106869, 31.900002, 30.510515> 0.250000
	pigment { color rgbt <1,0,0,0> }
	no_shadow
}
cylinder {
	<37.861458, 31.743565, 30.236107>,  <37.714211, 31.649702, 30.071463>, 0.100000
	pigment { color rgbt <1,0,0,0> }
	no_shadow
}
cylinder {
	<37.861458, 31.743565, 30.236107>,  <38.106869, 31.900002, 30.510515>, 0.100000
	pigment { color rgbt <1,0,0,0> }
	no_shadow
}

// particle -1
sphere {
	<37.861458, 31.743565, 30.236107> 0.100000
	pigment { color rgbt <1,0,0,0> }
	no_shadow
}
sphere {
	0, 1
	scale<0.080000,0.200000,0.300000>
	matrix <-0.610675, -0.315805, 0.726184,
		-0.500655, 0.864472, -0.045075,
		-0.613531, -0.391094, -0.686021,
		37.677399, 31.626236, 30.030300>
	pigment { color rgbt <0,1,1,0> }
	no_shadow
}
cylinder {
	<37.433163, 32.188557, 30.653996>,  <38.106869, 31.900002, 30.510515>, 0.130000
	pigment { color rgbt <1,0,0,0> }
	no_shadow
}

// nucleotide -1

// particle -1
sphere {
	<37.433163, 32.188557, 30.653996> 0.250000
	pigment { color rgbt <1,0,0,0> }
	no_shadow
}
cylinder {
	<37.442135, 31.828884, 30.479195>,  <37.447517, 31.613081, 30.374313>, 0.100000
	pigment { color rgbt <1,0,0,0> }
	no_shadow
}
cylinder {
	<37.442135, 31.828884, 30.479195>,  <37.433163, 32.188557, 30.653996>, 0.100000
	pigment { color rgbt <1,0,0,0> }
	no_shadow
}

// particle -1
sphere {
	<37.442135, 31.828884, 30.479195> 0.100000
	pigment { color rgbt <1,0,0,0> }
	no_shadow
}
sphere {
	0, 1
	scale<0.080000,0.200000,0.300000>
	matrix <-0.482957, -0.392472, 0.782763,
		-0.875356, 0.193496, -0.443069,
		0.022431, -0.899180, -0.437003,
		37.448864, 31.559130, 30.348093>
	pigment { color rgbt <0,1,1,0> }
	no_shadow
}
cylinder {
	<36.892231, 31.706547, 30.767704>,  <37.433163, 32.188557, 30.653996>, 0.130000
	pigment { color rgbt <1,0,0,0> }
	no_shadow
}

// nucleotide -1

// particle -1
sphere {
	<36.892231, 31.706547, 30.767704> 0.250000
	pigment { color rgbt <1,0,0,0> }
	no_shadow
}
cylinder {
	<37.110790, 31.770004, 31.096649>,  <37.241928, 31.808079, 31.294016>, 0.100000
	pigment { color rgbt <1,0,0,0> }
	no_shadow
}
cylinder {
	<37.110790, 31.770004, 31.096649>,  <36.892231, 31.706547, 30.767704>, 0.100000
	pigment { color rgbt <1,0,0,0> }
	no_shadow
}

// particle -1
sphere {
	<37.110790, 31.770004, 31.096649> 0.100000
	pigment { color rgbt <1,0,0,0> }
	no_shadow
}
sphere {
	0, 1
	scale<0.080000,0.200000,0.300000>
	matrix <-0.283384, -0.888960, 0.359782,
		0.788123, -0.429629, -0.440772,
		0.546402, 0.158644, 0.822361,
		37.274712, 31.817598, 31.343357>
	pigment { color rgbt <0,1,1,0> }
	no_shadow
}
cylinder {
	<37.321297, 31.098181, 30.939701>,  <36.892231, 31.706547, 30.767704>, 0.130000
	pigment { color rgbt <1,0,0,0> }
	no_shadow
}

// nucleotide -1

// particle -1
sphere {
	<37.321297, 31.098181, 30.939701> 0.250000
	pigment { color rgbt <1,0,0,0> }
	no_shadow
}
cylinder {
	<37.220104, 31.313828, 31.261036>,  <37.159389, 31.443216, 31.453836>, 0.100000
	pigment { color rgbt <1,0,0,0> }
	no_shadow
}
cylinder {
	<37.220104, 31.313828, 31.261036>,  <37.321297, 31.098181, 30.939701>, 0.100000
	pigment { color rgbt <1,0,0,0> }
	no_shadow
}

// particle -1
sphere {
	<37.220104, 31.313828, 31.261036> 0.100000
	pigment { color rgbt <1,0,0,0> }
	no_shadow
}
sphere {
	0, 1
	scale<0.080000,0.200000,0.300000>
	matrix <-0.273807, -0.836298, 0.475010,
		0.927916, -0.099789, 0.359184,
		-0.252984, 0.539117, 0.803338,
		37.144211, 31.475563, 31.502037>
	pigment { color rgbt <0,1,1,0> }
	no_shadow
}
cylinder {
	<36.799366, 31.052816, 31.443541>,  <37.321297, 31.098181, 30.939701>, 0.130000
	pigment { color rgbt <1,0,0,0> }
	no_shadow
}

// nucleotide -1

// particle -1
sphere {
	<36.799366, 31.052816, 31.443541> 0.250000
	pigment { color rgbt <1,0,0,0> }
	no_shadow
}
cylinder {
	<36.526176, 30.985241, 31.159286>,  <36.362263, 30.944696, 30.988733>, 0.100000
	pigment { color rgbt <1,0,0,0> }
	no_shadow
}
cylinder {
	<36.526176, 30.985241, 31.159286>,  <36.799366, 31.052816, 31.443541>, 0.100000
	pigment { color rgbt <1,0,0,0> }
	no_shadow
}

// particle -1
sphere {
	<36.526176, 30.985241, 31.159286> 0.100000
	pigment { color rgbt <1,0,0,0> }
	no_shadow
}
sphere {
	0, 1
	scale<0.080000,0.200000,0.300000>
	matrix <0.097404, -0.985262, 0.140611,
		-0.723917, 0.026815, 0.689366,
		-0.682976, -0.168938, -0.710636,
		36.321285, 30.934559, 30.946096>
	pigment { color rgbt <0,1,1,0> }
	no_shadow
}
cylinder {
	<36.251610, 30.664566, 31.709406>,  <36.799366, 31.052816, 31.443541>, 0.130000
	pigment { color rgbt <1,0,0,0> }
	no_shadow
}

// nucleotide -1

// particle -1
sphere {
	<36.251610, 30.664566, 31.709406> 0.250000
	pigment { color rgbt <1,0,0,0> }
	no_shadow
}
cylinder {
	<36.292641, 30.601063, 31.316616>,  <36.317257, 30.562962, 31.080942>, 0.100000
	pigment { color rgbt <1,0,0,0> }
	no_shadow
}
cylinder {
	<36.292641, 30.601063, 31.316616>,  <36.251610, 30.664566, 31.709406>, 0.100000
	pigment { color rgbt <1,0,0,0> }
	no_shadow
}

// particle -1
sphere {
	<36.292641, 30.601063, 31.316616> 0.100000
	pigment { color rgbt <1,0,0,0> }
	no_shadow
}
sphere {
	0, 1
	scale<0.080000,0.200000,0.300000>
	matrix <-0.002988, -0.987227, 0.159293,
		-0.994721, -0.013405, -0.101738,
		0.102574, -0.158756, -0.981975,
		36.323414, 30.553436, 31.022024>
	pigment { color rgbt <0,1,1,0> }
	no_shadow
}
cylinder {
	<35.556080, 30.331860, 31.392208>,  <36.251610, 30.664566, 31.709406>, 0.130000
	pigment { color rgbt <1,0,0,0> }
	no_shadow
}

// nucleotide -1

// particle -1
sphere {
	<35.556080, 30.331860, 31.392208> 0.250000
	pigment { color rgbt <1,0,0,0> }
	no_shadow
}
cylinder {
	<35.897873, 30.280876, 31.190765>,  <36.102947, 30.250286, 31.069901>, 0.100000
	pigment { color rgbt <1,0,0,0> }
	no_shadow
}
cylinder {
	<35.897873, 30.280876, 31.190765>,  <35.556080, 30.331860, 31.392208>, 0.100000
	pigment { color rgbt <1,0,0,0> }
	no_shadow
}

// particle -1
sphere {
	<35.897873, 30.280876, 31.190765> 0.100000
	pigment { color rgbt <1,0,0,0> }
	no_shadow
}
sphere {
	0, 1
	scale<0.080000,0.200000,0.300000>
	matrix <0.073696, -0.929885, 0.360392,
		-0.514230, -0.345061, -0.785175,
		0.854480, -0.127460, -0.503605,
		36.154217, 30.242638, 31.039684>
	pigment { color rgbt <0,1,1,0> }
	no_shadow
}
cylinder {
	<34.984737, 30.303169, 31.022545>,  <35.556080, 30.331860, 31.392208>, 0.130000
	pigment { color rgbt <1,0,0,0> }
	no_shadow
}

// nucleotide -1

// particle -1
sphere {
	<34.984737, 30.303169, 31.022545> 0.250000
	pigment { color rgbt <1,0,0,0> }
	no_shadow
}
cylinder {
	<34.697903, 30.212234, 30.758999>,  <34.525803, 30.157673, 30.600870>, 0.100000
	pigment { color rgbt <1,0,0,0> }
	no_shadow
}
cylinder {
	<34.697903, 30.212234, 30.758999>,  <34.984737, 30.303169, 31.022545>, 0.100000
	pigment { color rgbt <1,0,0,0> }
	no_shadow
}

// particle -1
sphere {
	<34.697903, 30.212234, 30.758999> 0.100000
	pigment { color rgbt <1,0,0,0> }
	no_shadow
}
sphere {
	0, 1
	scale<0.080000,0.200000,0.300000>
	matrix <0.486252, -0.840432, -0.239233,
		-0.499345, -0.491925, 0.713206,
		-0.717086, -0.227339, -0.658866,
		34.482777, 30.144033, 30.561338>
	pigment { color rgbt <0,1,1,0> }
	no_shadow
}
cylinder {
	<34.578480, 29.637857, 31.161425>,  <34.984737, 30.303169, 31.022545>, 0.130000
	pigment { color rgbt <1,0,0,0> }
	no_shadow
}

// nucleotide -1

// particle -1
sphere {
	<34.578480, 29.637857, 31.161425> 0.250000
	pigment { color rgbt <1,0,0,0> }
	no_shadow
}
cylinder {
	<34.577480, 29.721386, 30.770245>,  <34.576881, 29.771503, 30.535536>, 0.100000
	pigment { color rgbt <1,0,0,0> }
	no_shadow
}
cylinder {
	<34.577480, 29.721386, 30.770245>,  <34.578480, 29.637857, 31.161425>, 0.100000
	pigment { color rgbt <1,0,0,0> }
	no_shadow
}

// particle -1
sphere {
	<34.577480, 29.721386, 30.770245> 0.100000
	pigment { color rgbt <1,0,0,0> }
	no_shadow
}
sphere {
	0, 1
	scale<0.080000,0.200000,0.300000>
	matrix <0.456258, -0.869991, -0.186935,
		-0.889844, -0.446665, -0.093100,
		-0.002501, 0.208820, -0.977951,
		34.576729, 29.784033, 30.476860>
	pigment { color rgbt <0,1,1,0> }
	no_shadow
}
cylinder {
	<34.313938, 29.063139, 30.826662>,  <34.578480, 29.637857, 31.161425>, 0.130000
	pigment { color rgbt <1,0,0,0> }
	no_shadow
}

// nucleotide -1

// particle -1
sphere {
	<34.313938, 29.063139, 30.826662> 0.250000
	pigment { color rgbt <1,0,0,0> }
	no_shadow
}
cylinder {
	<34.582481, 29.279621, 30.624126>,  <34.743607, 29.409510, 30.502605>, 0.100000
	pigment { color rgbt <1,0,0,0> }
	no_shadow
}
cylinder {
	<34.582481, 29.279621, 30.624126>,  <34.313938, 29.063139, 30.826662>, 0.100000
	pigment { color rgbt <1,0,0,0> }
	no_shadow
}

// particle -1
sphere {
	<34.582481, 29.279621, 30.624126> 0.100000
	pigment { color rgbt <1,0,0,0> }
	no_shadow
}
sphere {
	0, 1
	scale<0.080000,0.200000,0.300000>
	matrix <0.603736, -0.795620, -0.049912,
		-0.429865, -0.272186, -0.860889,
		0.671355, 0.541206, -0.506338,
		34.783890, 29.441982, 30.472225>
	pigment { color rgbt <0,1,1,0> }
	no_shadow
}
cylinder {
	<34.661716, 28.674166, 30.165325>,  <34.313938, 29.063139, 30.826662>, 0.130000
	pigment { color rgbt <1,0,0,0> }
	no_shadow
}

// nucleotide -1

// particle -1
sphere {
	<34.661716, 28.674166, 30.165325> 0.250000
	pigment { color rgbt <1,0,0,0> }
	no_shadow
}
cylinder {
	<34.898537, 28.953827, 30.325653>,  <35.040630, 29.121624, 30.421850>, 0.100000
	pigment { color rgbt <1,0,0,0> }
	no_shadow
}
cylinder {
	<34.898537, 28.953827, 30.325653>,  <34.661716, 28.674166, 30.165325>, 0.100000
	pigment { color rgbt <1,0,0,0> }
	no_shadow
}

// particle -1
sphere {
	<34.898537, 28.953827, 30.325653> 0.100000
	pigment { color rgbt <1,0,0,0> }
	no_shadow
}
sphere {
	0, 1
	scale<0.080000,0.200000,0.300000>
	matrix <0.747005, -0.662733, 0.052609,
		0.302418, 0.268267, -0.914645,
		0.592052, 0.699155, 0.400819,
		35.076153, 29.163574, 30.445898>
	pigment { color rgbt <0,1,1,0> }
	no_shadow
}
cylinder {
	<35.057095, 29.186941, 29.916021>,  <34.661716, 28.674166, 30.165325>, 0.130000
	pigment { color rgbt <1,0,0,0> }
	no_shadow
}

// nucleotide -1

// particle -1
sphere {
	<35.057095, 29.186941, 29.916021> 0.250000
	pigment { color rgbt <1,0,0,0> }
	no_shadow
}
cylinder {
	<35.437279, 29.194607, 30.040127>,  <35.665390, 29.199205, 30.114590>, 0.100000
	pigment { color rgbt <1,0,0,0> }
	no_shadow
}
cylinder {
	<35.437279, 29.194607, 30.040127>,  <35.057095, 29.186941, 29.916021>, 0.100000
	pigment { color rgbt <1,0,0,0> }
	no_shadow
}

// particle -1
sphere {
	<35.437279, 29.194607, 30.040127> 0.100000
	pigment { color rgbt <1,0,0,0> }
	no_shadow
}
sphere {
	0, 1
	scale<0.080000,0.200000,0.300000>
	matrix <0.291002, 0.296117, -0.909743,
		-0.109309, 0.954959, 0.275870,
		0.950457, 0.019165, 0.310264,
		35.722416, 29.200356, 30.133205>
	pigment { color rgbt <0,1,1,0> }
	no_shadow
}
cylinder {
	<35.278740, 29.894827, 29.829725>,  <35.057095, 29.186941, 29.916021>, 0.130000
	pigment { color rgbt <1,0,0,0> }
	no_shadow
}

// nucleotide -1

// particle -1
sphere {
	<35.278740, 29.894827, 29.829725> 0.250000
	pigment { color rgbt <1,0,0,0> }
	no_shadow
}
cylinder {
	<35.604038, 29.663864, 29.858662>,  <35.799217, 29.525286, 29.876024>, 0.100000
	pigment { color rgbt <1,0,0,0> }
	no_shadow
}
cylinder {
	<35.604038, 29.663864, 29.858662>,  <35.278740, 29.894827, 29.829725>, 0.100000
	pigment { color rgbt <1,0,0,0> }
	no_shadow
}

// particle -1
sphere {
	<35.604038, 29.663864, 29.858662> 0.100000
	pigment { color rgbt <1,0,0,0> }
	no_shadow
}
sphere {
	0, 1
	scale<0.080000,0.200000,0.300000>
	matrix <0.377914, 0.429509, -0.820185,
		0.442509, 0.694351, 0.567506,
		0.813245, -0.577408, 0.072343,
		35.848011, 29.490643, 29.880365>
	pigment { color rgbt <0,1,1,0> }
	no_shadow
}
cylinder {
	<35.826572, 30.301805, 29.553976>,  <35.278740, 29.894827, 29.829725>, 0.130000
	pigment { color rgbt <1,0,0,0> }
	no_shadow
}

// nucleotide -1

// particle -1
sphere {
	<35.826572, 30.301805, 29.553976> 0.250000
	pigment { color rgbt <1,0,0,0> }
	no_shadow
}
cylinder {
	<35.942394, 29.920071, 29.524597>,  <36.011887, 29.691029, 29.506969>, 0.100000
	pigment { color rgbt <1,0,0,0> }
	no_shadow
}
cylinder {
	<35.942394, 29.920071, 29.524597>,  <35.826572, 30.301805, 29.553976>, 0.100000
	pigment { color rgbt <1,0,0,0> }
	no_shadow
}

// particle -1
sphere {
	<35.942394, 29.920071, 29.524597> 0.100000
	pigment { color rgbt <1,0,0,0> }
	no_shadow
}
sphere {
	0, 1
	scale<0.080000,0.200000,0.300000>
	matrix <0.428110, 0.197760, -0.881824,
		0.856083, 0.223896, 0.465824,
		0.289558, -0.954338, -0.073447,
		36.029263, 29.633770, 29.502563>
	pigment { color rgbt <0,1,1,0> }
	no_shadow
}
cylinder {
	<36.647167, 30.318268, 29.346880>,  <35.826572, 30.301805, 29.553976>, 0.130000
	pigment { color rgbt <1,0,0,0> }
	no_shadow
}

// nucleotide -1

// particle -1
sphere {
	<36.647167, 30.318268, 29.346880> 0.250000
	pigment { color rgbt <1,0,0,0> }
	no_shadow
}
cylinder {
	<36.479565, 29.969398, 29.245884>,  <36.379005, 29.760077, 29.185287>, 0.100000
	pigment { color rgbt <1,0,0,0> }
	no_shadow
}
cylinder {
	<36.479565, 29.969398, 29.245884>,  <36.647167, 30.318268, 29.346880>, 0.100000
	pigment { color rgbt <1,0,0,0> }
	no_shadow
}

// particle -1
sphere {
	<36.479565, 29.969398, 29.245884> 0.100000
	pigment { color rgbt <1,0,0,0> }
	no_shadow
}
sphere {
	0, 1
	scale<0.080000,0.200000,0.300000>
	matrix <0.473471, 0.027404, -0.880383,
		0.774766, -0.488429, 0.401467,
		-0.419002, -0.872173, -0.252489,
		36.353863, 29.707747, 29.170137>
	pigment { color rgbt <0,1,1,0> }
	no_shadow
}
cylinder {
	<37.213833, 29.992077, 29.064659>,  <36.647167, 30.318268, 29.346880>, 0.130000
	pigment { color rgbt <1,0,0,0> }
	no_shadow
}

// nucleotide -1

// particle -1
sphere {
	<37.213833, 29.992077, 29.064659> 0.250000
	pigment { color rgbt <1,0,0,0> }
	no_shadow
}
cylinder {
	<36.883038, 29.819645, 28.920292>,  <36.684563, 29.716185, 28.833672>, 0.100000
	pigment { color rgbt <1,0,0,0> }
	no_shadow
}
cylinder {
	<36.883038, 29.819645, 28.920292>,  <37.213833, 29.992077, 29.064659>, 0.100000
	pigment { color rgbt <1,0,0,0> }
	no_shadow
}

// particle -1
sphere {
	<36.883038, 29.819645, 28.920292> 0.100000
	pigment { color rgbt <1,0,0,0> }
	no_shadow
}
sphere {
	0, 1
	scale<0.080000,0.200000,0.300000>
	matrix <0.402906, -0.006674, -0.915217,
		0.392126, -0.902288, 0.179205,
		-0.826985, -0.431083, -0.360920,
		36.634941, 29.690321, 28.812016>
	pigment { color rgbt <0,1,1,0> }
	no_shadow
}
cylinder {
	<37.482830, 29.686771, 28.524632>,  <37.213833, 29.992077, 29.064659>, 0.130000
	pigment { color rgbt <1,0,0,0> }
	no_shadow
}

// nucleotide -1

// particle -1
sphere {
	<37.482830, 29.686771, 28.524632> 0.250000
	pigment { color rgbt <1,0,0,0> }
	no_shadow
}
cylinder {
	<37.096035, 29.637470, 28.435413>,  <36.863960, 29.607889, 28.381882>, 0.100000
	pigment { color rgbt <1,0,0,0> }
	no_shadow
}
cylinder {
	<37.096035, 29.637470, 28.435413>,  <37.482830, 29.686771, 28.524632>, 0.100000
	pigment { color rgbt <1,0,0,0> }
	no_shadow
}

// particle -1
sphere {
	<37.096035, 29.637470, 28.435413> 0.100000
	pigment { color rgbt <1,0,0,0> }
	no_shadow
}
sphere {
	0, 1
	scale<0.080000,0.200000,0.300000>
	matrix <0.227949, -0.027046, -0.973297,
		0.113932, -0.992006, 0.054249,
		-0.966984, -0.123256, -0.223045,
		36.805939, 29.600494, 28.368500>
	pigment { color rgbt <0,1,1,0> }
	no_shadow
}
cylinder {
	<37.434238, 29.160250, 28.021860>,  <37.482830, 29.686771, 28.524632>, 0.130000
	pigment { color rgbt <1,0,0,0> }
	no_shadow
}

// nucleotide -1

// particle -1
sphere {
	<37.434238, 29.160250, 28.021860> 0.250000
	pigment { color rgbt <1,0,0,0> }
	no_shadow
}
cylinder {
	<37.088795, 29.360394, 27.997139>,  <36.881527, 29.480480, 27.982307>, 0.100000
	pigment { color rgbt <1,0,0,0> }
	no_shadow
}
cylinder {
	<37.088795, 29.360394, 27.997139>,  <37.434238, 29.160250, 28.021860>, 0.100000
	pigment { color rgbt <1,0,0,0> }
	no_shadow
}

// particle -1
sphere {
	<37.088795, 29.360394, 27.997139> 0.100000
	pigment { color rgbt <1,0,0,0> }
	no_shadow
}
sphere {
	0, 1
	scale<0.080000,0.200000,0.300000>
	matrix <0.129768, 0.102159, -0.986268,
