// switches for output
#declare DRAW_BASES = 1; // possible values are 0, 1; only relevant for DNA ribbons
#declare DRAW_BASES_TYPE = 3; // possible values are 1, 2, 3; only relevant for DNA ribbons
#declare DRAW_FOG = 0; // set to 1 to enable fog

#include "colors.inc"

#include "transforms.inc"
background { rgb <1, 1, 1>}

#default {
   normal{
       ripples 0.25
       frequency 0.20
       turbulence 0.2
       lambda 5
   }
	finish {
		phong 0.1
		phong_size 40.
	}
}

// original window dimensions: 1024x640


// camera settings

camera {
	sky <-0, 1, 0>
	up <-0, 1, 0>
	right 1.6 * <0.581683, 0, 0.813415>
	location <-54.4937, 30, 90.4225>
	look_at <30, 30, 30>
	direction <84.4937, 0, -60.4225>
	angle 67.0682
}


# declare cpy_camera_pos = <-54.4937, 30, 90.4225>;
# if (DRAW_FOG = 1)
fog {
	fog_type 2
	up vnormalize(cpy_camera_pos)
	color rgbt<1,1,1,0.3>
	distance 1e-5
	fog_alt 3e-3
	fog_offset 48
}
# end


// LIGHTS

# declare lum = 6;
global_settings {
	ambient_light rgb lum * <0.05, 0.05, 0.05>
	max_trace_level 15
}# declare cpy_direct_light_amount = 0.25;
light_source
{	1000 * <0.231732, -1, 1.3951>,
	rgb lum * cpy_direct_light_amount
	parallel
}

light_source
{	1000 * <-0.231732, 1, -1.3951>,
	rgb lum * cpy_direct_light_amount
	parallel
}

// strand 0

// nucleotide -1

// particle -1
sphere {
	<42.870564, 31.818867, 22.856194> 0.250000
	pigment { color rgbt <1,0,0,0> }
	no_shadow
}
cylinder {
	<42.992985, 32.165821, 23.013153>,  <43.066437, 32.373993, 23.107328>, 0.100000
	pigment { color rgbt <1,0,0,0> }
	no_shadow
}
cylinder {
	<42.992985, 32.165821, 23.013153>,  <42.870564, 31.818867, 22.856194>, 0.100000
	pigment { color rgbt <1,0,0,0> }
	no_shadow
}

// particle -1
sphere {
	<42.992985, 32.165821, 23.013153> 0.100000
	pigment { color rgbt <1,0,0,0> }
	no_shadow
}
sphere {
	0, 1
	scale<0.080000,0.200000,0.300000>
	matrix <0.846564, -0.059406, -0.528962,
		-0.435503, 0.494078, -0.752479,
		0.306050, 0.867386, 0.392397,
		43.084801, 32.426037, 23.130873>
	pigment { color rgbt <0,1,1,0> }
	no_shadow
}
cylinder {
	<43.328724, 31.172842, 22.750738>,  <42.870564, 31.818867, 22.856194>, 0.130000
	pigment { color rgbt <1,0,0,0> }
	no_shadow
}

// nucleotide -1

// particle -1
sphere {
	<43.328724, 31.172842, 22.750738> 0.250000
	pigment { color rgbt <1,0,0,0> }
	no_shadow
}
cylinder {
	<42.963070, 31.012314, 22.773716>,  <42.743679, 30.915997, 22.787502>, 0.100000
	pigment { color rgbt <1,0,0,0> }
	no_shadow
}
cylinder {
	<42.963070, 31.012314, 22.773716>,  <43.328724, 31.172842, 22.750738>, 0.100000
	pigment { color rgbt <1,0,0,0> }
	no_shadow
}

// particle -1
sphere {
	<42.963070, 31.012314, 22.773716> 0.100000
	pigment { color rgbt <1,0,0,0> }
	no_shadow
}
sphere {
	0, 1
	scale<0.080000,0.200000,0.300000>
	matrix <0.399527, -0.867734, 0.295662,
		-0.068808, 0.293225, 0.953564,
		-0.914135, -0.401319, 0.057444,
		42.688828, 30.891918, 22.790949>
	pigment { color rgbt <0,1,1,0> }
	no_shadow
}
cylinder {
	<43.214775, 30.766962, 23.351425>,  <43.328724, 31.172842, 22.750738>, 0.130000
	pigment { color rgbt <1,0,0,0> }
	no_shadow
}

// nucleotide -1

// particle -1
sphere {
	<43.214775, 30.766962, 23.351425> 0.250000
	pigment { color rgbt <1,0,0,0> }
	no_shadow
}
cylinder {
	<42.979599, 30.614243, 23.066174>,  <42.838493, 30.522612, 22.895023>, 0.100000
	pigment { color rgbt <1,0,0,0> }
	no_shadow
}
cylinder {
	<42.979599, 30.614243, 23.066174>,  <43.214775, 30.766962, 23.351425>, 0.100000
	pigment { color rgbt <1,0,0,0> }
	no_shadow
}

// particle -1
sphere {
	<42.979599, 30.614243, 23.066174> 0.100000
	pigment { color rgbt <1,0,0,0> }
	no_shadow
}
sphere {
	0, 1
	scale<0.080000,0.200000,0.300000>
	matrix <0.307270, -0.920933, 0.239724,
		-0.748269, -0.078178, 0.658773,
		-0.587945, -0.381799, -0.713127,
		42.803215, 30.499702, 22.852236>
	pigment { color rgbt <0,1,1,0> }
	no_shadow
}
cylinder {
	<42.844360, 30.231606, 23.628345>,  <43.214775, 30.766962, 23.351425>, 0.130000
	pigment { color rgbt <1,0,0,0> }
	no_shadow
}

// nucleotide -1

// particle -1
sphere {
	<42.844360, 30.231606, 23.628345> 0.250000
	pigment { color rgbt <1,0,0,0> }
	no_shadow
}
cylinder {
	<42.814629, 30.159855, 23.235958>,  <42.796787, 30.116804, 23.000526>, 0.100000
	pigment { color rgbt <1,0,0,0> }
	no_shadow
}
cylinder {
	<42.814629, 30.159855, 23.235958>,  <42.844360, 30.231606, 23.628345>, 0.100000
	pigment { color rgbt <1,0,0,0> }
	no_shadow
}

// particle -1
sphere {
	<42.814629, 30.159855, 23.235958> 0.100000
	pigment { color rgbt <1,0,0,0> }
	no_shadow
}
sphere {
	0, 1
	scale<0.080000,0.200000,0.300000>
	matrix <-0.007909, -0.983552, 0.180449,
		-0.997202, 0.021172, 0.071692,
		-0.074333, -0.179377, -0.980968,
		42.792328, 30.106041, 22.941668>
	pigment { color rgbt <0,1,1,0> }
	no_shadow
}
cylinder {
	<42.281223, 29.688274, 23.485306>,  <42.844360, 30.231606, 23.628345>, 0.130000
	pigment { color rgbt <1,0,0,0> }
	no_shadow
}

// nucleotide -1

// particle -1
sphere {
	<42.281223, 29.688274, 23.485306> 0.250000
	pigment { color rgbt <1,0,0,0> }
	no_shadow
}
cylinder {
	<41.934990, 29.489079, 23.506359>,  <41.727249, 29.369560, 23.518991>, 0.100000
	pigment { color rgbt <1,0,0,0> }
	no_shadow
}
cylinder {
	<41.934990, 29.489079, 23.506359>,  <42.281223, 29.688274, 23.485306>, 0.100000
	pigment { color rgbt <1,0,0,0> }
	no_shadow
}

// particle -1
sphere {
	<41.934990, 29.489079, 23.506359> 0.100000
	pigment { color rgbt <1,0,0,0> }
	no_shadow
}
sphere {
	0, 1
	scale<0.080000,0.200000,0.300000>
	matrix <0.461383, -0.752239, 0.470384,
		-0.194654, 0.431441, 0.880891,
		-0.865584, -0.497991, 0.052633,
		41.675316, 29.339682, 23.522148>
	pigment { color rgbt <0,1,1,0> }
	no_shadow
}
cylinder {
	<41.684109, 29.894863, 23.437349>,  <42.281223, 29.688274, 23.485306>, 0.130000
	pigment { color rgbt <1,0,0,0> }
	no_shadow
}

// nucleotide -1

// particle -1
sphere {
	<41.684109, 29.894863, 23.437349> 0.250000
	pigment { color rgbt <1,0,0,0> }
	no_shadow
}
cylinder {
	<41.289951, 29.870686, 23.501041>,  <41.053459, 29.856178, 23.539257>, 0.100000
	pigment { color rgbt <1,0,0,0> }
	no_shadow
}
cylinder {
	<41.289951, 29.870686, 23.501041>,  <41.684109, 29.894863, 23.437349>, 0.100000
	pigment { color rgbt <1,0,0,0> }
	no_shadow
}

// particle -1
sphere {
	<41.289951, 29.870686, 23.501041> 0.100000
	pigment { color rgbt <1,0,0,0> }
	no_shadow
}
sphere {
	0, 1
	scale<0.080000,0.200000,0.300000>
	matrix <0.164222, -0.089283, 0.982374,
		-0.045163, 0.994170, 0.097905,
		-0.985389, -0.060445, 0.159232,
		40.994335, 29.852552, 23.548811>
	pigment { color rgbt <0,1,1,0> }
	no_shadow
}
cylinder {
	<41.594593, 30.344755, 23.878855>,  <41.684109, 29.894863, 23.437349>, 0.130000
	pigment { color rgbt <1,0,0,0> }
	no_shadow
}

// nucleotide -1

// particle -1
sphere {
	<41.594593, 30.344755, 23.878855> 0.250000
	pigment { color rgbt <1,0,0,0> }
	no_shadow
}
cylinder {
	<41.244144, 30.157238, 23.923817>,  <41.033875, 30.044727, 23.950794>, 0.100000
	pigment { color rgbt <1,0,0,0> }
	no_shadow
}
cylinder {
	<41.244144, 30.157238, 23.923817>,  <41.594593, 30.344755, 23.878855>, 0.100000
	pigment { color rgbt <1,0,0,0> }
	no_shadow
}

// particle -1
sphere {
	<41.244144, 30.157238, 23.923817> 0.100000
	pigment { color rgbt <1,0,0,0> }
	no_shadow
}
sphere {
	0, 1
	scale<0.080000,0.200000,0.300000>
	matrix <0.110148, 0.032336, 0.993389,
		-0.469330, 0.882715, 0.023306,
		-0.876126, -0.468795, 0.112406,
		40.981308, 30.016600, 23.957539>
	pigment { color rgbt <0,1,1,0> }
	no_shadow
}
cylinder {
	<41.277077, 30.628874, 24.454634>,  <41.594593, 30.344755, 23.878855>, 0.130000
	pigment { color rgbt <1,0,0,0> }
	no_shadow
}

// nucleotide -1

// particle -1
sphere {
	<41.277077, 30.628874, 24.454634> 0.250000
	pigment { color rgbt <1,0,0,0> }
	no_shadow
}
cylinder {
	<41.107395, 30.269592, 24.408535>,  <41.005585, 30.054024, 24.380875>, 0.100000
	pigment { color rgbt <1,0,0,0> }
	no_shadow
}
cylinder {
	<41.107395, 30.269592, 24.408535>,  <41.277077, 30.628874, 24.454634>, 0.100000
	pigment { color rgbt <1,0,0,0> }
	no_shadow
}

// particle -1
sphere {
	<41.107395, 30.269592, 24.408535> 0.100000
	pigment { color rgbt <1,0,0,0> }
	no_shadow
}
sphere {
	0, 1
	scale<0.080000,0.200000,0.300000>
	matrix <0.146627, -0.193715, 0.970039,
		-0.893616, 0.394597, 0.213875,
		-0.424206, -0.898202, -0.115248,
		40.980133, 30.000132, 24.373960>
	pigment { color rgbt <0,1,1,0> }
	no_shadow
}
cylinder {
	<40.754223, 30.585312, 24.927652>,  <41.277077, 30.628874, 24.454634>, 0.130000
	pigment { color rgbt <1,0,0,0> }
	no_shadow
}

// nucleotide -1

// particle -1
sphere {
	<40.754223, 30.585312, 24.927652> 0.250000
	pigment { color rgbt <1,0,0,0> }
	no_shadow
}
cylinder {
	<40.835781, 30.202953, 24.843094>,  <40.884716, 29.973537, 24.792358>, 0.100000
	pigment { color rgbt <1,0,0,0> }
	no_shadow
}
cylinder {
	<40.835781, 30.202953, 24.843094>,  <40.754223, 30.585312, 24.927652>, 0.100000
	pigment { color rgbt <1,0,0,0> }
	no_shadow
}

// particle -1
sphere {
	<40.835781, 30.202953, 24.843094> 0.100000
	pigment { color rgbt <1,0,0,0> }
	no_shadow
}
sphere {
	0, 1
	scale<0.080000,0.200000,0.300000>
	matrix <0.113732, -0.191344, 0.974911,
		-0.972364, -0.222822, 0.069702,
		0.203895, -0.955896, -0.211398,
		40.896950, 29.916185, 24.779675>
	pigment { color rgbt <0,1,1,0> }
	no_shadow
}
cylinder {
	<40.497093, 30.196589, 25.565226>,  <40.754223, 30.585312, 24.927652>, 0.130000
	pigment { color rgbt <1,0,0,0> }
	no_shadow
}

// nucleotide -1

// particle -1
sphere {
	<40.497093, 30.196589, 25.565226> 0.250000
	pigment { color rgbt <1,0,0,0> }
	no_shadow
}
cylinder {
	<40.705780, 29.902870, 25.391502>,  <40.830990, 29.726639, 25.287268>, 0.100000
	pigment { color rgbt <1,0,0,0> }
	no_shadow
}
cylinder {
	<40.705780, 29.902870, 25.391502>,  <40.497093, 30.196589, 25.565226>, 0.100000
	pigment { color rgbt <1,0,0,0> }
	no_shadow
}

// particle -1
sphere {
	<40.705780, 29.902870, 25.391502> 0.100000
	pigment { color rgbt <1,0,0,0> }
	no_shadow
}
sphere {
	0, 1
	scale<0.080000,0.200000,0.300000>
	matrix <0.298592, -0.319715, 0.899236,
		-0.799159, -0.598826, 0.052454,
		0.521716, -0.734295, -0.434308,
		40.862293, 29.682581, 25.261209>
	pigment { color rgbt <0,1,1,0> }
	no_shadow
}
cylinder {
	<40.250679, 29.613379, 25.896027>,  <40.497093, 30.196589, 25.565226>, 0.130000
	pigment { color rgbt <1,0,0,0> }
	no_shadow
}

// nucleotide -1

// particle -1
sphere {
	<40.250679, 29.613379, 25.896027> 0.250000
	pigment { color rgbt <1,0,0,0> }
	no_shadow
}
cylinder {
	<40.619106, 29.543987, 25.756580>,  <40.840164, 29.502352, 25.672913>, 0.100000
	pigment { color rgbt <1,0,0,0> }
	no_shadow
}
cylinder {
	<40.619106, 29.543987, 25.756580>,  <40.250679, 29.613379, 25.896027>, 0.100000
	pigment { color rgbt <1,0,0,0> }
	no_shadow
}

// particle -1
sphere {
	<40.619106, 29.543987, 25.756580> 0.100000
	pigment { color rgbt <1,0,0,0> }
	no_shadow
}
sphere {
	0, 1
	scale<0.080000,0.200000,0.300000>
	matrix <0.296567, -0.267638, 0.916743,
		-0.252333, -0.947775, -0.195067,
		0.921073, -0.173474, -0.348613,
		40.895428, 29.491943, 25.651997>
	pigment { color rgbt <0,1,1,0> }
	no_shadow
}
cylinder {
	<40.497807, 29.052233, 26.297382>,  <40.250679, 29.613379, 25.896027>, 0.130000
	pigment { color rgbt <1,0,0,0> }
	no_shadow
}

// nucleotide -1

// particle -1
sphere {
	<40.497807, 29.052233, 26.297382> 0.250000
	pigment { color rgbt <1,0,0,0> }
	no_shadow
}
cylinder {
	<40.834755, 29.214993, 26.156052>,  <41.036926, 29.312649, 26.071253>, 0.100000
	pigment { color rgbt <1,0,0,0> }
	no_shadow
}
cylinder {
	<40.834755, 29.214993, 26.156052>,  <40.497807, 29.052233, 26.297382>, 0.100000
	pigment { color rgbt <1,0,0,0> }
	no_shadow
}

// particle -1
sphere {
	<40.834755, 29.214993, 26.156052> 0.100000
	pigment { color rgbt <1,0,0,0> }
	no_shadow
}
sphere {
	0, 1
	scale<0.080000,0.200000,0.300000>
	matrix <0.451311, -0.174378, 0.875163,
		0.294490, -0.896675, -0.330529,
		0.842374, 0.406898, -0.353327,
		41.087467, 29.337061, 26.050053>
	pigment { color rgbt <0,1,1,0> }
	no_shadow
}
cylinder {
	<40.941032, 28.574522, 26.460005>,  <40.497807, 29.052233, 26.297382>, 0.130000
	pigment { color rgbt <1,0,0,0> }
	no_shadow
}

// nucleotide -1

// particle -1
sphere {
	<40.941032, 28.574522, 26.460005> 0.250000
	pigment { color rgbt <1,0,0,0> }
	no_shadow
}
cylinder {
	<41.131374, 28.922737, 26.409847>,  <41.245579, 29.131666, 26.379753>, 0.100000
	pigment { color rgbt <1,0,0,0> }
	no_shadow
}
cylinder {
	<41.131374, 28.922737, 26.409847>,  <40.941032, 28.574522, 26.460005>, 0.100000
	pigment { color rgbt <1,0,0,0> }
	no_shadow
}

// particle -1
sphere {
	<41.131374, 28.922737, 26.409847> 0.100000
	pigment { color rgbt <1,0,0,0> }
	no_shadow
}
sphere {
	0, 1
	scale<0.080000,0.200000,0.300000>
	matrix <0.433180, -0.107892, 0.894826,
		0.765453, -0.480125, -0.428442,
		0.475854, 0.870540, -0.125394,
		41.274132, 29.183899, 26.372229>
	pigment { color rgbt <0,1,1,0> }
	no_shadow
}
cylinder {
	<41.469131, 28.447660, 26.850321>,  <40.941032, 28.574522, 26.460005>, 0.130000
	pigment { color rgbt <1,0,0,0> }
	no_shadow
}

// nucleotide -1

// particle -1
sphere {
	<41.469131, 28.447660, 26.850321> 0.250000
	pigment { color rgbt <1,0,0,0> }
	no_shadow
}
cylinder {
	<41.496513, 28.841347, 26.785038>,  <41.512943, 29.077559, 26.745869>, 0.100000
	pigment { color rgbt <1,0,0,0> }
	no_shadow
}
cylinder {
	<41.496513, 28.841347, 26.785038>,  <41.469131, 28.447660, 26.850321>, 0.100000
	pigment { color rgbt <1,0,0,0> }
	no_shadow
}

// particle -1
sphere {
	<41.496513, 28.841347, 26.785038> 0.100000
	pigment { color rgbt <1,0,0,0> }
	no_shadow
}
sphere {
	0, 1
	scale<0.080000,0.200000,0.300000>
	matrix <0.326215, 0.132516, 0.935961,
		0.942814, -0.117309, -0.311994,
		0.068452, 0.984215, -0.163206,
		41.517048, 29.136612, 26.736076>
	pigment { color rgbt <0,1,1,0> }
	no_shadow
}
cylinder {
	<42.161797, 28.605629, 27.157124>,  <41.469131, 28.447660, 26.850321>, 0.130000
	pigment { color rgbt <1,0,0,0> }
	no_shadow
}

// nucleotide -1

// particle -1
sphere {
	<42.161797, 28.605629, 27.157124> 0.250000
	pigment { color rgbt <1,0,0,0> }
	no_shadow
}
cylinder {
	<41.923817, 28.926399, 27.135403>,  <41.781029, 29.118862, 27.122370>, 0.100000
	pigment { color rgbt <1,0,0,0> }
	no_shadow
}
cylinder {
	<41.923817, 28.926399, 27.135403>,  <42.161797, 28.605629, 27.157124>, 0.100000
	pigment { color rgbt <1,0,0,0> }
	no_shadow
}

// particle -1
sphere {
	<41.923817, 28.926399, 27.135403> 0.100000
	pigment { color rgbt <1,0,0,0> }
	no_shadow
}
sphere {
	0, 1
	scale<0.080000,0.200000,0.300000>
	matrix <0.101647, 0.142085, 0.984622,
		0.797308, 0.580283, -0.166047,
		-0.594952, 0.801925, -0.054301,
		41.745331, 29.166977, 27.119112>
	pigment { color rgbt <0,1,1,0> }
	no_shadow
}
cylinder {
	<42.532043, 29.164783, 27.436304>,  <42.161797, 28.605629, 27.157124>, 0.130000
	pigment { color rgbt <1,0,0,0> }
	no_shadow
}

// nucleotide -1

// particle -1
sphere {
	<42.532043, 29.164783, 27.436304> 0.250000
	pigment { color rgbt <1,0,0,0> }
	no_shadow
}
cylinder {
	<42.140015, 29.235531, 27.472466>,  <41.904797, 29.277979, 27.494162>, 0.100000
	pigment { color rgbt <1,0,0,0> }
	no_shadow
}
cylinder {
	<42.140015, 29.235531, 27.472466>,  <42.532043, 29.164783, 27.436304>, 0.100000
	pigment { color rgbt <1,0,0,0> }
	no_shadow
}

// particle -1
sphere {
	<42.140015, 29.235531, 27.472466> 0.100000
	pigment { color rgbt <1,0,0,0> }
	no_shadow
}
sphere {
	0, 1
	scale<0.080000,0.200000,0.300000>
	matrix <0.135416, 0.261971, 0.955528,
		0.145320, 0.948730, -0.280702,
		-0.980074, 0.176869, 0.090403,
		41.845993, 29.288591, 27.499586>
	pigment { color rgbt <0,1,1,0> }
	no_shadow
}
cylinder {
	<42.611130, 29.756662, 27.882603>,  <42.532043, 29.164783, 27.436304>, 0.130000
	pigment { color rgbt <1,0,0,0> }
	no_shadow
}

// nucleotide -1

// particle -1
sphere {
	<42.611130, 29.756662, 27.882603> 0.250000
	pigment { color rgbt <1,0,0,0> }
	no_shadow
}
cylinder {
	<42.221504, 29.666168, 27.881153>,  <41.987728, 29.611872, 27.880283>, 0.100000
	pigment { color rgbt <1,0,0,0> }
	no_shadow
}
cylinder {
	<42.221504, 29.666168, 27.881153>,  <42.611130, 29.756662, 27.882603>, 0.100000
	pigment { color rgbt <1,0,0,0> }
	no_shadow
}

// particle -1
sphere {
	<42.221504, 29.666168, 27.881153> 0.100000
	pigment { color rgbt <1,0,0,0> }
	no_shadow
}
sphere {
	0, 1
	scale<0.080000,0.200000,0.300000>
	matrix <-0.100014, 0.416142, 0.903783,
		-0.202960, 0.880706, -0.427976,
		-0.974066, -0.226235, -0.003623,
		41.929283, 29.598297, 27.880066>
	pigment { color rgbt <0,1,1,0> }
	no_shadow
}
cylinder {
	<42.280735, 30.396696, 28.107769>,  <42.611130, 29.756662, 27.882603>, 0.130000
	pigment { color rgbt <1,0,0,0> }
	no_shadow
}

// nucleotide -1

// particle -1
sphere {
	<42.280735, 30.396696, 28.107769> 0.250000
	pigment { color rgbt <1,0,0,0> }
	no_shadow
}
cylinder {
	<42.059731, 30.070267, 28.175602>,  <41.927128, 29.874409, 28.216301>, 0.100000
	pigment { color rgbt <1,0,0,0> }
	no_shadow
}
cylinder {
	<42.059731, 30.070267, 28.175602>,  <42.280735, 30.396696, 28.107769>, 0.100000
	pigment { color rgbt <1,0,0,0> }
	no_shadow
}

// particle -1
sphere {
	<42.059731, 30.070267, 28.175602> 0.100000
	pigment { color rgbt <1,0,0,0> }
	no_shadow
}
sphere {
	0, 1
	scale<0.080000,0.200000,0.300000>
	matrix <-0.123262, 0.281218, 0.951695,
		-0.824341, 0.504919, -0.255967,
		-0.552511, -0.816072, 0.169583,
		41.893978, 29.825445, 28.226477>
	pigment { color rgbt <0,1,1,0> }
	no_shadow
}
cylinder {
	<41.757095, 30.662348, 28.294950>,  <42.280735, 30.396696, 28.107769>, 0.130000
	pigment { color rgbt <1,0,0,0> }
	no_shadow
}

// nucleotide -1

// particle -1
sphere {
	<41.757095, 30.662348, 28.294950> 0.250000
	pigment { color rgbt <1,0,0,0> }
	no_shadow
}
cylinder {
	<41.736214, 30.300808, 28.464813>,  <41.723686, 30.083885, 28.566730>, 0.100000
	pigment { color rgbt <1,0,0,0> }
	no_shadow
}
cylinder {
	<41.736214, 30.300808, 28.464813>,  <41.757095, 30.662348, 28.294950>, 0.100000
	pigment { color rgbt <1,0,0,0> }
	no_shadow
}

// particle -1
sphere {
	<41.736214, 30.300808, 28.464813> 0.100000
	pigment { color rgbt <1,0,0,0> }
	no_shadow
}
sphere {
	0, 1
	scale<0.080000,0.200000,0.300000>
	matrix <-0.095613, 0.427807, 0.898799,
		-0.994049, 0.006315, -0.108751,
		-0.052201, -0.903848, 0.424657,
		41.720554, 30.029654, 28.592211>
	pigment { color rgbt <0,1,1,0> }
	no_shadow
}
cylinder {
	<41.292786, 30.730579, 28.807005>,  <41.757095, 30.662348, 28.294950>, 0.130000
	pigment { color rgbt <1,0,0,0> }
	no_shadow
}

// nucleotide -1

// particle -1
sphere {
	<41.292786, 30.730579, 28.807005> 0.250000
	pigment { color rgbt <1,0,0,0> }
	no_shadow
}
cylinder {
	<41.451862, 30.386524, 28.934757>,  <41.547310, 30.180090, 29.011408>, 0.100000
	pigment { color rgbt <1,0,0,0> }
	no_shadow
}
cylinder {
	<41.451862, 30.386524, 28.934757>,  <41.292786, 30.730579, 28.807005>, 0.100000
	pigment { color rgbt <1,0,0,0> }
	no_shadow
}

// particle -1
sphere {
	<41.451862, 30.386524, 28.934757> 0.100000
	pigment { color rgbt <1,0,0,0> }
	no_shadow
}
sphere {
	0, 1
	scale<0.080000,0.200000,0.300000>
	matrix <-0.091431, 0.309205, 0.946590,
		-0.912953, -0.405651, 0.044324,
		0.397691, -0.860139, 0.319379,
		41.571171, 30.128483, 29.030571>
	pigment { color rgbt <0,1,1,0> }
	no_shadow
}
cylinder {
	<40.794060, 30.403955, 29.389442>,  <41.292786, 30.730579, 28.807005>, 0.130000
	pigment { color rgbt <1,0,0,0> }
	no_shadow
}

// nucleotide -1

// particle -1
sphere {
	<40.794060, 30.403955, 29.389442> 0.250000
	pigment { color rgbt <1,0,0,0> }
	no_shadow
}
cylinder {
	<41.166233, 30.266541, 29.440468>,  <41.389538, 30.184092, 29.471083>, 0.100000
	pigment { color rgbt <1,0,0,0> }
	no_shadow
}
cylinder {
	<41.166233, 30.266541, 29.440468>,  <40.794060, 30.403955, 29.389442>, 0.100000
	pigment { color rgbt <1,0,0,0> }
	no_shadow
}

// particle -1
sphere {
	<41.166233, 30.266541, 29.440468> 0.100000
	pigment { color rgbt <1,0,0,0> }
	no_shadow
}
sphere {
	0, 1
	scale<0.080000,0.200000,0.300000>
	matrix <-0.043373, 0.242413, 0.969203,
		-0.363880, -0.907314, 0.210649,
		0.930435, -0.343537, 0.127562,
		41.445362, 30.163479, 29.478737>
	pigment { color rgbt <0,1,1,0> }
	no_shadow
}
cylinder {
	<40.762993, 30.221386, 30.007895>,  <40.794060, 30.403955, 29.389442>, 0.130000
	pigment { color rgbt <1,0,0,0> }
	no_shadow
}

// nucleotide -1

// particle -1
sphere {
	<40.762993, 30.221386, 30.007895> 0.250000
	pigment { color rgbt <1,0,0,0> }
	no_shadow
}
cylinder {
	<41.159615, 30.212776, 29.956734>,  <41.397587, 30.207611, 29.926037>, 0.100000
	pigment { color rgbt <1,0,0,0> }
	no_shadow
}
cylinder {
	<41.159615, 30.212776, 29.956734>,  <40.762993, 30.221386, 30.007895>, 0.100000
	pigment { color rgbt <1,0,0,0> }
	no_shadow
}

// particle -1
sphere {
	<41.159615, 30.212776, 29.956734> 0.100000
	pigment { color rgbt <1,0,0,0> }
	no_shadow
}
sphere {
	0, 1
	scale<0.080000,0.200000,0.300000>
	matrix <0.128700, 0.041051, 0.990833,
		-0.016077, -0.998925, 0.043474,
		0.991553, -0.021524, -0.127902,
		41.457081, 30.206320, 29.918364>
	pigment { color rgbt <0,1,1,0> }
	no_shadow
}
cylinder {
	<41.070812, 29.727564, 30.504335>,  <40.762993, 30.221386, 30.007895>, 0.130000
	pigment { color rgbt <1,0,0,0> }
	no_shadow
}

// nucleotide -1

// particle -1
sphere {
	<41.070812, 29.727564, 30.504335> 0.250000
	pigment { color rgbt <1,0,0,0> }
	no_shadow
}
cylinder {
	<41.330410, 30.017094, 30.410629>,  <41.486168, 30.190811, 30.354406>, 0.100000
	pigment { color rgbt <1,0,0,0> }
	no_shadow
}
cylinder {
	<41.330410, 30.017094, 30.410629>,  <41.070812, 29.727564, 30.504335>, 0.100000
	pigment { color rgbt <1,0,0,0> }
	no_shadow
}

// particle -1
sphere {
	<41.330410, 30.017094, 30.410629> 0.100000
	pigment { color rgbt <1,0,0,0> }
	no_shadow
}
sphere {
	0, 1
	scale<0.080000,0.200000,0.300000>
	matrix <0.116356, 0.209865, 0.970782,
		0.751841, -0.657292, 0.051980,
		0.648997, 0.723826, -0.234265,
		41.525108, 30.234241, 30.340349>
	pigment { color rgbt <0,1,1,0> }
	no_shadow
}
cylinder {
	<41.381184, 29.683155, 31.122454>,  <41.070812, 29.727564, 30.504335>, 0.130000
	pigment { color rgbt <1,0,0,0> }
	no_shadow
}

// nucleotide -1

// particle -1
sphere {
	<41.381184, 29.683155, 31.122454> 0.250000
	pigment { color rgbt <1,0,0,0> }
	no_shadow
}
cylinder {
	<41.478054, 30.013371, 30.918556>,  <41.536175, 30.211500, 30.796217>, 0.100000
	pigment { color rgbt <1,0,0,0> }
	no_shadow
}
cylinder {
	<41.478054, 30.013371, 30.918556>,  <41.381184, 29.683155, 31.122454>, 0.100000
	pigment { color rgbt <1,0,0,0> }
	no_shadow
}

// particle -1
sphere {
	<41.478054, 30.013371, 30.918556> 0.100000
	pigment { color rgbt <1,0,0,0> }
	no_shadow
}
sphere {
	0, 1
	scale<0.080000,0.200000,0.300000>
	matrix <0.034074, 0.517824, 0.854808,
		0.969635, -0.224380, 0.097273,
		0.242172, 0.825537, -0.509746,
		41.550705, 30.261032, 30.765633>
	pigment { color rgbt <0,1,1,0> }
	no_shadow
}
cylinder {
	<41.888462, 29.917959, 31.526237>,  <41.381184, 29.683155, 31.122454>, 0.130000
	pigment { color rgbt <1,0,0,0> }
	no_shadow
}

// nucleotide -1

// particle -1
sphere {
	<41.888462, 29.917959, 31.526237> 0.250000
	pigment { color rgbt <1,0,0,0> }
	no_shadow
}
cylinder {
	<41.785988, 30.232994, 31.302067>,  <41.724503, 30.422014, 31.167564>, 0.100000
	pigment { color rgbt <1,0,0,0> }
	no_shadow
}
cylinder {
	<41.785988, 30.232994, 31.302067>,  <41.888462, 29.917959, 31.526237>, 0.100000
	pigment { color rgbt <1,0,0,0> }
	no_shadow
}

// particle -1
sphere {
	<41.785988, 30.232994, 31.302067> 0.100000
	pigment { color rgbt <1,0,0,0> }
	no_shadow
}
sphere {
	0, 1
	scale<0.080000,0.200000,0.300000>
	matrix <0.030476, 0.586067, 0.809689,
		0.966147, 0.190351, -0.174145,
		-0.256186, 0.787586, -0.560426,
		41.709133, 30.469271, 31.133940>
	pigment { color rgbt <0,1,1,0> }
	no_shadow
}
cylinder {
	<42.423431, 30.277836, 31.401663>,  <41.888462, 29.917959, 31.526237>, 0.130000
	pigment { color rgbt <1,0,0,0> }
	no_shadow
}

// nucleotide -1

// particle -1
sphere {
	<42.423431, 30.277836, 31.401663> 0.250000
	pigment { color rgbt <1,0,0,0> }
	no_shadow
}
cylinder {
	<42.107189, 30.521976, 31.382050>,  <41.917442, 30.668461, 31.370281>, 0.100000
	pigment { color rgbt <1,0,0,0> }
	no_shadow
}
cylinder {
	<42.107189, 30.521976, 31.382050>,  <42.423431, 30.277836, 31.401663>, 0.100000
	pigment { color rgbt <1,0,0,0> }
	no_shadow
}

// particle -1
sphere {
	<42.107189, 30.521976, 31.382050> 0.100000
	pigment { color rgbt <1,0,0,0> }
	no_shadow
}
sphere {
	0, 1
	scale<0.080000,0.200000,0.300000>
	matrix <0.142451, 0.261217, 0.954711,
		0.595520, 0.747819, -0.293466,
		-0.790610, 0.610354, -0.049033,
		41.870007, 30.705082, 31.367340>
	pigment { color rgbt <0,1,1,0> }
	no_shadow
}
cylinder {
	<42.491631, 30.993971, 31.704599>,  <42.423431, 30.277836, 31.401663>, 0.130000
	pigment { color rgbt <1,0,0,0> }
	no_shadow
}

// nucleotide -1

// particle -1
sphere {
	<42.491631, 30.993971, 31.704599> 0.250000
	pigment { color rgbt <1,0,0,0> }
	no_shadow
}
cylinder {
	<42.103374, 30.899830, 31.724461>,  <41.870422, 30.843346, 31.736378>, 0.100000
	pigment { color rgbt <1,0,0,0> }
	no_shadow
}
cylinder {
	<42.103374, 30.899830, 31.724461>,  <42.491631, 30.993971, 31.704599>, 0.100000
	pigment { color rgbt <1,0,0,0> }
	no_shadow
}

// particle -1
sphere {
	<42.103374, 30.899830, 31.724461> 0.100000
	pigment { color rgbt <1,0,0,0> }
	no_shadow
}
sphere {
	0, 1
	scale<0.080000,0.200000,0.300000>
	matrix <0.028304, 0.093235, 0.995242,
		-0.238863, 0.967428, -0.083836,
		-0.970641, -0.235353, 0.049653,
		41.812183, 30.829224, 31.739357>
	pigment { color rgbt <0,1,1,0> }
	no_shadow
}
cylinder {
	<42.116302, 31.484985, 31.999146>,  <42.491631, 30.993971, 31.704599>, 0.130000
	pigment { color rgbt <1,0,0,0> }
	no_shadow
}

// nucleotide -1

// particle -1
sphere {
	<42.116302, 31.484985, 31.999146> 0.250000
	pigment { color rgbt <1,0,0,0> }
	no_shadow
}
cylinder {
	<41.914494, 31.150188, 32.083904>,  <41.793407, 30.949310, 32.134762>, 0.100000
	pigment { color rgbt <1,0,0,0> }
	no_shadow
}
cylinder {
	<41.914494, 31.150188, 32.083904>,  <42.116302, 31.484985, 31.999146>, 0.100000
	pigment { color rgbt <1,0,0,0> }
	no_shadow
}

// particle -1
sphere {
	<41.914494, 31.150188, 32.083904> 0.100000
	pigment { color rgbt <1,0,0,0> }
	no_shadow
}
sphere {
	0, 1
	scale<0.080000,0.200000,0.300000>
	matrix <0.093030, 0.191297, 0.977114,
		-0.858371, 0.512691, -0.018649,
		-0.504525, -0.836991, 0.211899,
		41.763138, 30.899092, 32.147472>
	pigment { color rgbt <0,1,1,0> }
	no_shadow
}
cylinder {
	<41.518406, 31.658169, 32.416740>,  <42.116302, 31.484985, 31.999146>, 0.130000
	pigment { color rgbt <1,0,0,0> }
	no_shadow
}

// nucleotide -1

// particle -1
sphere {
	<41.518406, 31.658169, 32.416740> 0.250000
	pigment { color rgbt <1,0,0,0> }
	no_shadow
}
cylinder {
	<41.639416, 31.283577, 32.487717>,  <41.712021, 31.058823, 32.530300>, 0.100000
	pigment { color rgbt <1,0,0,0> }
	no_shadow
}
cylinder {
	<41.639416, 31.283577, 32.487717>,  <41.518406, 31.658169, 32.416740>, 0.100000
	pigment { color rgbt <1,0,0,0> }
	no_shadow
}

// particle -1
sphere {
	<41.639416, 31.283577, 32.487717> 0.100000
	pigment { color rgbt <1,0,0,0> }
	no_shadow
}
sphere {
	0, 1
	scale<0.080000,0.200000,0.300000>
	matrix <-0.094429, 0.155796, 0.983265,
		-0.948451, -0.314220, -0.041298,
		0.302528, -0.936479, 0.177436,
		41.730175, 31.002634, 32.540947>
	pigment { color rgbt <0,1,1,0> }
	no_shadow
}
cylinder {
	<41.055294, 31.349092, 32.901260>,  <41.518406, 31.658169, 32.416740>, 0.130000
	pigment { color rgbt <1,0,0,0> }
	no_shadow
}

// nucleotide -1

// particle -1
sphere {
	<41.055294, 31.349092, 32.901260> 0.250000
	pigment { color rgbt <1,0,0,0> }
	no_shadow
}
cylinder {
	<41.419231, 31.183926, 32.917694>,  <41.637592, 31.084826, 32.927555>, 0.100000
	pigment { color rgbt <1,0,0,0> }
	no_shadow
}
cylinder {
	<41.419231, 31.183926, 32.917694>,  <41.055294, 31.349092, 32.901260>, 0.100000
	pigment { color rgbt <1,0,0,0> }
	no_shadow
}

// particle -1
sphere {
	<41.419231, 31.183926, 32.917694> 0.100000
	pigment { color rgbt <1,0,0,0> }
	no_shadow
}
sphere {
	0, 1
	scale<0.080000,0.200000,0.300000>
	matrix <0.009074, 0.118786, 0.992878,
		-0.414858, -0.902988, 0.111823,
		0.909841, -0.412918, 0.041086,
		41.692184, 31.060051, 32.930019>
	pigment { color rgbt <0,1,1,0> }
	no_shadow
}
cylinder {
	<40.836689, 31.755915, 32.216709>,  <41.055294, 31.349092, 32.901260>, 0.130000
	pigment { color rgbt <1,0,0,0> }
	no_shadow
}

// nucleotide -1

// particle -1
sphere {
	<40.836689, 31.755915, 32.216709> 0.250000
	pigment { color rgbt <1,0,0,0> }
	no_shadow
}
cylinder {
	<41.148323, 31.521317, 32.128120>,  <41.335304, 31.380558, 32.074966>, 0.100000
	pigment { color rgbt <1,0,0,0> }
	no_shadow
}
cylinder {
	<41.148323, 31.521317, 32.128120>,  <40.836689, 31.755915, 32.216709>, 0.100000
	pigment { color rgbt <1,0,0,0> }
	no_shadow
}

// particle -1
sphere {
	<41.148323, 31.521317, 32.128120> 0.100000
	pigment { color rgbt <1,0,0,0> }
	no_shadow
}
sphere {
	0, 1
	scale<0.080000,0.200000,0.300000>
	matrix <0.229549, -0.061872, 0.971329,
		-0.583383, -0.807586, 0.086426,
		0.779083, -0.586496, -0.221475,
		41.382050, 31.345367, 32.061676>
	pigment { color rgbt <0,1,1,0> }
	no_shadow
}
cylinder {
	<40.330486, 32.063873, 32.668564>,  <40.836689, 31.755915, 32.216709>, 0.130000
	pigment { color rgbt <1,0,0,0> }
	no_shadow
}

// nucleotide -1

// particle -1
sphere {
	<40.330486, 32.063873, 32.668564> 0.250000
	pigment { color rgbt <1,0,0,0> }
	no_shadow
}
cylinder {
	<40.537453, 32.406055, 32.677349>,  <40.661633, 32.611362, 32.682621>, 0.100000
	pigment { color rgbt <1,0,0,0> }
	no_shadow
}
cylinder {
	<40.537453, 32.406055, 32.677349>,  <40.330486, 32.063873, 32.668564>, 0.100000
	pigment { color rgbt <1,0,0,0> }
	no_shadow
}

// particle -1
sphere {
	<40.537453, 32.406055, 32.677349> 0.100000
	pigment { color rgbt <1,0,0,0> }
	no_shadow
}
sphere {
	0, 1
	scale<0.080000,0.200000,0.300000>
	matrix <-0.738596, 0.459406, -0.493378,
		-0.432152, 0.239057, 0.869538,
		0.517416, 0.855452, 0.021967,
		40.692677, 32.662689, 32.683941>
	pigment { color rgbt <0,1,1,0> }
	no_shadow
}
cylinder {
	<39.825123, 32.622272, 32.496754>,  <40.330486, 32.063873, 32.668564>, 0.130000
	pigment { color rgbt <1,0,0,0> }
	no_shadow
}

// nucleotide -1

// particle -1
sphere {
	<39.825123, 32.622272, 32.496754> 0.250000
	pigment { color rgbt <1,0,0,0> }
	no_shadow
}
cylinder {
	<40.192062, 32.781044, 32.484638>,  <40.412228, 32.876305, 32.477367>, 0.100000
	pigment { color rgbt <1,0,0,0> }
	no_shadow
}
cylinder {
	<40.192062, 32.781044, 32.484638>,  <39.825123, 32.622272, 32.496754>, 0.100000
	pigment { color rgbt <1,0,0,0> }
	no_shadow
}

// particle -1
sphere {
	<40.192062, 32.781044, 32.484638> 0.100000
	pigment { color rgbt <1,0,0,0> }
	no_shadow
}
sphere {
	0, 1
	scale<0.080000,0.200000,0.300000>
	matrix <-0.317019, 0.682420, -0.658637,
		-0.240760, 0.613803, 0.751851,
		0.917351, 0.396925, -0.030289,
		40.467266, 32.900120, 32.475552>
	pigment { color rgbt <0,1,1,0> }
	no_shadow
}
cylinder {
	<39.726677, 33.272163, 32.554279>,  <39.825123, 32.622272, 32.496754>, 0.130000
	pigment { color rgbt <1,0,0,0> }
	no_shadow
}

// nucleotide -1

// particle -1
sphere {
	<39.726677, 33.272163, 32.554279> 0.250000
	pigment { color rgbt <1,0,0,0> }
	no_shadow
}
cylinder {
	<40.067307, 33.200096, 32.357361>,  <40.271683, 33.156857, 32.239208>, 0.100000
	pigment { color rgbt <1,0,0,0> }
	no_shadow
}
cylinder {
	<40.067307, 33.200096, 32.357361>,  <39.726677, 33.272163, 32.554279>, 0.100000
	pigment { color rgbt <1,0,0,0> }
	no_shadow
}

// particle -1
sphere {
	<40.067307, 33.200096, 32.357361> 0.100000
	pigment { color rgbt <1,0,0,0> }
	no_shadow
}
sphere {
	0, 1
	scale<0.080000,0.200000,0.300000>
	matrix <-0.320193, 0.564806, -0.760573,
		0.415089, 0.805315, 0.423284,
		0.851574, -0.180173, -0.492301,
		40.322777, 33.146046, 32.209671>
	pigment { color rgbt <0,1,1,0> }
	no_shadow
}
cylinder {
	<40.168766, 33.887764, 32.351093>,  <39.726677, 33.272163, 32.554279>, 0.130000
	pigment { color rgbt <1,0,0,0> }
	no_shadow
}

// nucleotide -1

// particle -1
sphere {
	<40.168766, 33.887764, 32.351093> 0.250000
	pigment { color rgbt <1,0,0,0> }
	no_shadow
}
cylinder {
	<40.236210, 33.589184, 32.093601>,  <40.276676, 33.410034, 31.939106>, 0.100000
	pigment { color rgbt <1,0,0,0> }
	no_shadow
}
cylinder {
	<40.236210, 33.589184, 32.093601>,  <40.168766, 33.887764, 32.351093>, 0.100000
	pigment { color rgbt <1,0,0,0> }
	no_shadow
}

// particle -1
sphere {
	<40.236210, 33.589184, 32.093601> 0.100000
	pigment { color rgbt <1,0,0,0> }
	no_shadow
}
sphere {
	0, 1
	scale<0.080000,0.200000,0.300000>
	matrix <-0.313015, 0.578723, -0.753062,
		0.934661, 0.328472, -0.136069,
		0.168614, -0.746449, -0.643726,
		40.286793, 33.365250, 31.900484>
	pigment { color rgbt <0,1,1,0> }
	no_shadow
}
cylinder {
	<40.076523, 34.139523, 31.675745>,  <40.168766, 33.887764, 32.351093>, 0.130000
	pigment { color rgbt <1,0,0,0> }
	no_shadow
}

// nucleotide -1

// particle -1
sphere {
	<40.076523, 34.139523, 31.675745> 0.250000
	pigment { color rgbt <1,0,0,0> }
	no_shadow
}
cylinder {
	<40.114330, 33.753910, 31.576378>,  <40.137016, 33.522541, 31.516758>, 0.100000
	pigment { color rgbt <1,0,0,0> }
	no_shadow
}
cylinder {
	<40.114330, 33.753910, 31.576378>,  <40.076523, 34.139523, 31.675745>, 0.100000
	pigment { color rgbt <1,0,0,0> }
	no_shadow
}

// particle -1
sphere {
	<40.114330, 33.753910, 31.576378> 0.100000
	pigment { color rgbt <1,0,0,0> }
	no_shadow
}
sphere {
	0, 1
	scale<0.080000,0.200000,0.300000>
	matrix <-0.262196, 0.216618, -0.940388,
		0.960374, 0.154020, -0.232290,
		0.094521, -0.964030, -0.248418,
		40.142685, 33.464703, 31.501852>
	pigment { color rgbt <0,1,1,0> }
	no_shadow
}
cylinder {
	<40.215790, 34.260307, 30.960844>,  <40.076523, 34.139523, 31.675745>, 0.130000
	pigment { color rgbt <1,0,0,0> }
	no_shadow
}

// nucleotide -1

// particle -1
sphere {
	<40.215790, 34.260307, 30.960844> 0.250000
	pigment { color rgbt <1,0,0,0> }
	no_shadow
}
cylinder {
	<40.156929, 33.865604, 30.988167>,  <40.121613, 33.628784, 31.004560>, 0.100000
	pigment { color rgbt <1,0,0,0> }
	no_shadow
}
cylinder {
	<40.156929, 33.865604, 30.988167>,  <40.215790, 34.260307, 30.960844>, 0.100000
	pigment { color rgbt <1,0,0,0> }
	no_shadow
}

// particle -1
sphere {
	<40.156929, 33.865604, 30.988167> 0.100000
	pigment { color rgbt <1,0,0,0> }
	no_shadow
}
sphere {
	0, 1
	scale<0.080000,0.200000,0.300000>
	matrix <-0.199398, -0.038048, -0.979180,
		0.968807, -0.157706, -0.191158,
		-0.147149, -0.986753, 0.068307,
		40.112785, 33.569580, 31.008659>
	pigment { color rgbt <0,1,1,0> }
	no_shadow
}
cylinder {
	<40.079353, 34.060898, 30.314072>,  <40.215790, 34.260307, 30.960844>, 0.130000
	pigment { color rgbt <1,0,0,0> }
	no_shadow
}

// nucleotide -1

// particle -1
sphere {
	<40.079353, 34.060898, 30.314072> 0.250000
	pigment { color rgbt <1,0,0,0> }
	no_shadow
}
cylinder {
	<40.059685, 33.696129, 30.477032>,  <40.047882, 33.477268, 30.574808>, 0.100000
	pigment { color rgbt <1,0,0,0> }
	no_shadow
}
cylinder {
	<40.059685, 33.696129, 30.477032>,  <40.079353, 34.060898, 30.314072>, 0.100000
	pigment { color rgbt <1,0,0,0> }
	no_shadow
}

// particle -1
sphere {
	<40.059685, 33.696129, 30.477032> 0.100000
	pigment { color rgbt <1,0,0,0> }
	no_shadow
}
sphere {
	0, 1
	scale<0.080000,0.200000,0.300000>
	matrix <-0.201122, -0.390498, -0.898366,
		0.978331, -0.126112, -0.164206,
		-0.049172, -0.911925, 0.407401,
		40.044933, 33.422550, 30.599253>
	pigment { color rgbt <0,1,1,0> }
	no_shadow
}
cylinder {
	<40.449913, 33.658909, 29.878384>,  <40.079353, 34.060898, 30.314072>, 0.130000
	pigment { color rgbt <1,0,0,0> }
	no_shadow
}

// nucleotide -1

// particle -1
sphere {
	<40.449913, 33.658909, 29.878384> 0.250000
	pigment { color rgbt <1,0,0,0> }
	no_shadow
}
cylinder {
	<40.207535, 33.402580, 30.066929>,  <40.062107, 33.248783, 30.180056>, 0.100000
	pigment { color rgbt <1,0,0,0> }
	no_shadow
}
cylinder {
	<40.207535, 33.402580, 30.066929>,  <40.449913, 33.658909, 29.878384>, 0.100000
	pigment { color rgbt <1,0,0,0> }
	no_shadow
}

// particle -1
sphere {
	<40.207535, 33.402580, 30.066929> 0.100000
	pigment { color rgbt <1,0,0,0> }
	no_shadow
}
sphere {
	0, 1
	scale<0.080000,0.200000,0.300000>
	matrix <-0.181768, -0.465325, -0.866276,
		0.774462, -0.610594, 0.165481,
		-0.605945, -0.640818, 0.471363,
		40.025753, 33.210335, 30.208338>
	pigment { color rgbt <0,1,1,0> }
	no_shadow
}
cylinder {
	<40.592369, 33.046467, 29.579971>,  <40.449913, 33.658909, 29.878384>, 0.130000
	pigment { color rgbt <1,0,0,0> }
	no_shadow
}

// nucleotide -1

// particle -1
sphere {
	<40.592369, 33.046467, 29.579971> 0.250000
	pigment { color rgbt <1,0,0,0> }
	no_shadow
}
cylinder {
	<40.248714, 32.944199, 29.757294>,  <40.042522, 32.882839, 29.863688>, 0.100000
	pigment { color rgbt <1,0,0,0> }
	no_shadow
}
cylinder {
	<40.248714, 32.944199, 29.757294>,  <40.592369, 33.046467, 29.579971>, 0.100000
	pigment { color rgbt <1,0,0,0> }
	no_shadow
}

// particle -1
sphere {
	<40.248714, 32.944199, 29.757294> 0.100000
	pigment { color rgbt <1,0,0,0> }
	no_shadow
}
sphere {
	0, 1
	scale<0.080000,0.200000,0.300000>
	matrix <-0.229765, -0.581324, -0.780558,
		0.457267, -0.772461, 0.440693,
		-0.859136, -0.255668, 0.443305,
		39.990974, 32.867496, 29.890285>
	pigment { color rgbt <0,1,1,0> }
	no_shadow
}
cylinder {
	<40.550014, 32.339306, 29.489437>,  <40.592369, 33.046467, 29.579971>, 0.130000
	pigment { color rgbt <1,0,0,0> }
	no_shadow
}

// nucleotide -1

// particle -1
sphere {
	<40.550014, 32.339306, 29.489437> 0.250000
	pigment { color rgbt <1,0,0,0> }
	no_shadow
}
cylinder {
	<40.174408, 32.455906, 29.562412>,  <39.949043, 32.525864, 29.606197>, 0.100000
	pigment { color rgbt <1,0,0,0> }
	no_shadow
}
cylinder {
	<40.174408, 32.455906, 29.562412>,  <40.550014, 32.339306, 29.489437>, 0.100000
	pigment { color rgbt <1,0,0,0> }
	no_shadow
}

// particle -1
sphere {
	<40.174408, 32.455906, 29.562412> 0.100000
	pigment { color rgbt <1,0,0,0> }
	no_shadow
}
sphere {
	0, 1
	scale<0.080000,0.200000,0.300000>
	matrix <-0.326778, -0.591152, -0.737398,
		-0.107100, -0.752044, 0.650354,
		-0.939013, 0.291496, 0.182439,
		39.892704, 32.543354, 29.617144>
	pigment { color rgbt <0,1,1,0> }
	no_shadow
}
cylinder {
	<40.168613, 31.679180, 29.378958>,  <40.550014, 32.339306, 29.489437>, 0.130000
	pigment { color rgbt <1,0,0,0> }
	no_shadow
}

// nucleotide -1

// particle -1
sphere {
	<40.168613, 31.679180, 29.378958> 0.250000
	pigment { color rgbt <1,0,0,0> }
	no_shadow
}
cylinder {
	<39.930645, 31.994892, 29.318157>,  <39.787865, 32.184319, 29.281677>, 0.100000
	pigment { color rgbt <1,0,0,0> }
	no_shadow
}
cylinder {
	<39.930645, 31.994892, 29.318157>,  <40.168613, 31.679180, 29.378958>, 0.100000
	pigment { color rgbt <1,0,0,0> }
	no_shadow
}

// particle -1
sphere {
	<39.930645, 31.994892, 29.318157> 0.100000
	pigment { color rgbt <1,0,0,0> }
	no_shadow
}
sphere {
	0, 1
	scale<0.080000,0.200000,0.300000>
	matrix <-0.255152, -0.364769, -0.895456,
		-0.762211, -0.493943, 0.418395,
		-0.594922, 0.789281, -0.152000,
		39.752167, 32.231678, 29.272556>
	pigment { color rgbt <0,1,1,0> }
	no_shadow
}
cylinder {
	<39.451794, 31.321356, 29.341274>,  <40.168613, 31.679180, 29.378958>, 0.130000
	pigment { color rgbt <1,0,0,0> }
	no_shadow
}

// nucleotide -1

// particle -1
sphere {
	<39.451794, 31.321356, 29.341274> 0.250000
	pigment { color rgbt <1,0,0,0> }
	no_shadow
}
cylinder {
	<39.396450, 31.678768, 29.170414>,  <39.363243, 31.893215, 29.067898>, 0.100000
	pigment { color rgbt <1,0,0,0> }
	no_shadow
}
cylinder {
	<39.396450, 31.678768, 29.170414>,  <39.451794, 31.321356, 29.341274>, 0.100000
	pigment { color rgbt <1,0,0,0> }
	no_shadow
}

// particle -1
sphere {
	<39.396450, 31.678768, 29.170414> 0.100000
	pigment { color rgbt <1,0,0,0> }
	no_shadow
}
sphere {
	0, 1
	scale<0.080000,0.200000,0.300000>
	matrix <-0.513118, -0.433573, -0.740759,
