// switches for output
#declare DRAW_BASES = 1; // possible values are 0, 1; only relevant for DNA ribbons
#declare DRAW_BASES_TYPE = 3; // possible values are 1, 2, 3; only relevant for DNA ribbons
#declare DRAW_FOG = 0; // set to 1 to enable fog

#include "colors.inc"

#include "transforms.inc"
background { rgb <1, 1, 1>}

#default {
   normal{
       ripples 0.25
       frequency 0.20
       turbulence 0.2
       lambda 5
   }
	finish {
		phong 0.1
		phong_size 40.
	}
}

// original window dimensions: 1024x640


// camera settings

camera {
	sky <-0, 1, 0>
	up <-0, 1, 0>
	right 1.6 * <0.581683, 0, 0.813415>
	location <-54.4937, 30, 90.4225>
	look_at <30, 30, 30>
	direction <84.4937, 0, -60.4225>
	angle 67.0682
}


# declare cpy_camera_pos = <-54.4937, 30, 90.4225>;
# if (DRAW_FOG = 1)
fog {
	fog_type 2
	up vnormalize(cpy_camera_pos)
	color rgbt<1,1,1,0.3>
	distance 1e-5
	fog_alt 3e-3
	fog_offset 48
}
# end


// LIGHTS

# declare lum = 6;
global_settings {
	ambient_light rgb lum * <0.05, 0.05, 0.05>
	max_trace_level 15
}# declare cpy_direct_light_amount = 0.25;
light_source
{	1000 * <0.231732, -1, 1.3951>,
	rgb lum * cpy_direct_light_amount
	parallel
}

light_source
{	1000 * <-0.231732, 1, -1.3951>,
	rgb lum * cpy_direct_light_amount
	parallel
}

// strand 0

// nucleotide -1

// particle -1
sphere {
	<42.685951, 32.024708, 23.351313> 0.250000
	pigment { color rgbt <1,0,0,0> }
	no_shadow
}
cylinder {
	<42.809631, 32.227402, 23.029415>,  <42.883839, 32.349018, 22.836277>, 0.100000
	pigment { color rgbt <1,0,0,0> }
	no_shadow
}
cylinder {
	<42.809631, 32.227402, 23.029415>,  <42.685951, 32.024708, 23.351313>, 0.100000
	pigment { color rgbt <1,0,0,0> }
	no_shadow
}

// particle -1
sphere {
	<42.809631, 32.227402, 23.029415> 0.100000
	pigment { color rgbt <1,0,0,0> }
	no_shadow
}
sphere {
	0, 1
	scale<0.080000,0.200000,0.300000>
	matrix <0.034874, -0.851684, -0.522894,
		-0.950356, 0.133616, -0.281016,
		0.309204, 0.506736, -0.804743,
		42.902393, 32.379421, 22.787992>
	pigment { color rgbt <0,1,1,0> }
	no_shadow
}
cylinder {
	<42.196682, 31.995253, 22.672476>,  <42.685951, 32.024708, 23.351313>, 0.130000
	pigment { color rgbt <1,0,0,0> }
	no_shadow
}

// nucleotide -1

// particle -1
sphere {
	<42.196682, 31.995253, 22.672476> 0.250000
	pigment { color rgbt <1,0,0,0> }
	no_shadow
}
cylinder {
	<42.577896, 32.067093, 22.574940>,  <42.806625, 32.110199, 22.516418>, 0.100000
	pigment { color rgbt <1,0,0,0> }
	no_shadow
}
cylinder {
	<42.577896, 32.067093, 22.574940>,  <42.196682, 31.995253, 22.672476>, 0.100000
	pigment { color rgbt <1,0,0,0> }
	no_shadow
}

// particle -1
sphere {
	<42.577896, 32.067093, 22.574940> 0.100000
	pigment { color rgbt <1,0,0,0> }
	no_shadow
}
sphere {
	0, 1
	scale<0.080000,0.200000,0.300000>
	matrix <0.074913, -0.919953, -0.384804,
		-0.293434, 0.348466, -0.890206,
		0.953039, 0.179603, -0.243841,
		42.863808, 32.120975, 22.501787>
	pigment { color rgbt <0,1,1,0> }
	no_shadow
}
cylinder {
	<42.325832, 31.994322, 21.914331>,  <42.196682, 31.995253, 22.672476>, 0.130000
	pigment { color rgbt <1,0,0,0> }
	no_shadow
}

// nucleotide -1

// particle -1
sphere {
	<42.325832, 31.994322, 21.914331> 0.250000
	pigment { color rgbt <1,0,0,0> }
	no_shadow
}
cylinder {
	<42.617245, 31.854939, 22.150234>,  <42.792091, 31.771309, 22.291777>, 0.100000
	pigment { color rgbt <1,0,0,0> }
	no_shadow
}
cylinder {
	<42.617245, 31.854939, 22.150234>,  <42.325832, 31.994322, 21.914331>, 0.100000
	pigment { color rgbt <1,0,0,0> }
	no_shadow
}

// particle -1
sphere {
	<42.617245, 31.854939, 22.150234> 0.100000
	pigment { color rgbt <1,0,0,0> }
	no_shadow
}
sphere {
	0, 1
	scale<0.080000,0.200000,0.300000>
	matrix <-0.173660, -0.926775, -0.333062,
		0.662631, 0.140229, -0.735701,
		0.728534, -0.348459, 0.589758,
		42.835804, 31.750401, 22.327162>
	pigment { color rgbt <0,1,1,0> }
	no_shadow
}
cylinder {
	<42.878880, 31.714437, 21.556049>,  <42.325832, 31.994322, 21.914331>, 0.130000
	pigment { color rgbt <1,0,0,0> }
	no_shadow
}

// nucleotide -1

// particle -1
sphere {
	<42.878880, 31.714437, 21.556049> 0.250000
	pigment { color rgbt <1,0,0,0> }
	no_shadow
}
cylinder {
	<42.852318, 31.524239, 21.906933>,  <42.836380, 31.410118, 22.117462>, 0.100000
	pigment { color rgbt <1,0,0,0> }
	no_shadow
}
cylinder {
	<42.852318, 31.524239, 21.906933>,  <42.878880, 31.714437, 21.556049>, 0.100000
	pigment { color rgbt <1,0,0,0> }
	no_shadow
}

// particle -1
sphere {
	<42.852318, 31.524239, 21.906933> 0.100000
	pigment { color rgbt <1,0,0,0> }
	no_shadow
}
sphere {
	0, 1
	scale<0.080000,0.200000,0.300000>
	matrix <0.157829, -0.873085, -0.461317,
		0.985231, 0.107815, 0.133025,
		-0.066405, -0.475499, 0.877206,
		42.832397, 31.381588, 22.170095>
	pigment { color rgbt <0,1,1,0> }
	no_shadow
}
cylinder {
	<42.208443, 31.453802, 21.224041>,  <42.878880, 31.714437, 21.556049>, 0.130000
	pigment { color rgbt <1,0,0,0> }
	no_shadow
}

// nucleotide -1

// particle -1
sphere {
	<42.208443, 31.453802, 21.224041> 0.250000
	pigment { color rgbt <1,0,0,0> }
	no_shadow
}
cylinder {
	<41.996590, 31.363792, 20.896908>,  <41.869476, 31.309786, 20.700626>, 0.100000
	pigment { color rgbt <1,0,0,0> }
	no_shadow
}
cylinder {
	<41.996590, 31.363792, 20.896908>,  <42.208443, 31.453802, 21.224041>, 0.100000
	pigment { color rgbt <1,0,0,0> }
	no_shadow
}

// particle -1
sphere {
	<41.996590, 31.363792, 20.896908> 0.100000
	pigment { color rgbt <1,0,0,0> }
	no_shadow
}
sphere {
	0, 1
	scale<0.080000,0.200000,0.300000>
	matrix <0.828124, -0.345847, -0.441136,
		-0.183580, -0.910908, 0.369519,
		-0.529632, -0.225024, -0.817835,
		41.837700, 31.296286, 20.651558>
	pigment { color rgbt <0,1,1,0> }
	no_shadow
}
cylinder {
	<42.282368, 30.823130, 21.049583>,  <42.208443, 31.453802, 21.224041>, 0.130000
	pigment { color rgbt <1,0,0,0> }
	no_shadow
}

// nucleotide -1

// particle -1
sphere {
	<42.282368, 30.823130, 21.049583> 0.250000
	pigment { color rgbt <1,0,0,0> }
	no_shadow
}
cylinder {
	<42.197441, 31.013733, 20.708324>,  <42.146484, 31.128096, 20.503569>, 0.100000
	pigment { color rgbt <1,0,0,0> }
	no_shadow
}
cylinder {
	<42.197441, 31.013733, 20.708324>,  <42.282368, 30.823130, 21.049583>, 0.100000
	pigment { color rgbt <1,0,0,0> }
	no_shadow
}

// particle -1
sphere {
	<42.197441, 31.013733, 20.708324> 0.100000
	pigment { color rgbt <1,0,0,0> }
	no_shadow
}
sphere {
	0, 1
	scale<0.080000,0.200000,0.300000>
	matrix <0.860457, -0.322652, -0.394346,
		-0.463179, -0.817823, -0.341513,
		-0.212316, 0.476510, -0.853147,
		42.133747, 31.156685, 20.452381>
	pigment { color rgbt <0,1,1,0> }
	no_shadow
}
cylinder {
	<42.547707, 30.373512, 20.513218>,  <42.282368, 30.823130, 21.049583>, 0.130000
	pigment { color rgbt <1,0,0,0> }
	no_shadow
}

// nucleotide -1

// particle -1
sphere {
	<42.547707, 30.373512, 20.513218> 0.250000
	pigment { color rgbt <1,0,0,0> }
	no_shadow
}
cylinder {
	<42.506752, 30.706966, 20.296120>,  <42.482178, 30.907038, 20.165861>, 0.100000
	pigment { color rgbt <1,0,0,0> }
	no_shadow
}
cylinder {
	<42.506752, 30.706966, 20.296120>,  <42.547707, 30.373512, 20.513218>, 0.100000
	pigment { color rgbt <1,0,0,0> }
	no_shadow
}

// particle -1
sphere {
	<42.506752, 30.706966, 20.296120> 0.100000
	pigment { color rgbt <1,0,0,0> }
	no_shadow
}
sphere {
	0, 1
	scale<0.080000,0.200000,0.300000>
	matrix <0.843659, -0.216298, -0.491379,
		-0.527025, -0.508201, -0.681158,
		-0.102387, 0.833634, -0.542744,
		42.476036, 30.957056, 20.133297>
	pigment { color rgbt <0,1,1,0> }
	no_shadow
}
cylinder {
	<42.646896, 30.169666, 19.820093>,  <42.547707, 30.373512, 20.513218>, 0.130000
	pigment { color rgbt <1,0,0,0> }
	no_shadow
}

// nucleotide -1

// particle -1
sphere {
	<42.646896, 30.169666, 19.820093> 0.250000
	pigment { color rgbt <1,0,0,0> }
	no_shadow
}
cylinder {
	<42.697418, 30.566460, 19.821594>,  <42.727730, 30.804537, 19.822495>, 0.100000
	pigment { color rgbt <1,0,0,0> }
	no_shadow
}
cylinder {
	<42.697418, 30.566460, 19.821594>,  <42.646896, 30.169666, 19.820093>, 0.100000
	pigment { color rgbt <1,0,0,0> }
	no_shadow
}

// particle -1
sphere {
	<42.697418, 30.566460, 19.821594> 0.100000
	pigment { color rgbt <1,0,0,0> }
	no_shadow
}
sphere {
	0, 1
	scale<0.080000,0.200000,0.300000>
	matrix <0.794228, -0.098857, -0.599524,
		-0.594347, 0.078701, -0.800348,
		0.126303, 0.991985, 0.003751,
		42.735310, 30.864056, 19.822720>
	pigment { color rgbt <0,1,1,0> }
	no_shadow
}
cylinder {
	<42.710503, 30.254271, 19.124311>,  <42.646896, 30.169666, 19.820093>, 0.130000
	pigment { color rgbt <1,0,0,0> }
	no_shadow
}

// nucleotide -1

// particle -1
sphere {
	<42.710503, 30.254271, 19.124311> 0.250000
	pigment { color rgbt <1,0,0,0> }
	no_shadow
}
cylinder {
	<42.873108, 30.569016, 19.310040>,  <42.970673, 30.757862, 19.421476>, 0.100000
	pigment { color rgbt <1,0,0,0> }
	no_shadow
}
cylinder {
	<42.873108, 30.569016, 19.310040>,  <42.710503, 30.254271, 19.124311>, 0.100000
	pigment { color rgbt <1,0,0,0> }
	no_shadow
}

// particle -1
sphere {
	<42.873108, 30.569016, 19.310040> 0.100000
	pigment { color rgbt <1,0,0,0> }
	no_shadow
}
sphere {
	0, 1
	scale<0.080000,0.200000,0.300000>
	matrix <0.802343, -0.064362, -0.593382,
		-0.437027, 0.613761, -0.657499,
		0.406513, 0.786864, 0.464319,
		42.995060, 30.805075, 19.449335>
	pigment { color rgbt <0,1,1,0> }
	no_shadow
}
cylinder {
	<43.002239, 30.806093, 18.546440>,  <42.710503, 30.254271, 19.124311>, 0.130000
	pigment { color rgbt <1,0,0,0> }
	no_shadow
}

// nucleotide -1

// particle -1
sphere {
	<43.002239, 30.806093, 18.546440> 0.250000
	pigment { color rgbt <1,0,0,0> }
	no_shadow
}
cylinder {
	<43.197769, 30.853302, 18.892185>,  <43.315086, 30.881626, 19.099632>, 0.100000
	pigment { color rgbt <1,0,0,0> }
	no_shadow
}
cylinder {
	<43.197769, 30.853302, 18.892185>,  <43.002239, 30.806093, 18.546440>, 0.100000
	pigment { color rgbt <1,0,0,0> }
	no_shadow
}

// particle -1
sphere {
	<43.197769, 30.853302, 18.892185> 0.100000
	pigment { color rgbt <1,0,0,0> }
	no_shadow
}
sphere {
	0, 1
	scale<0.080000,0.200000,0.300000>
	matrix <0.871548, -0.109406, -0.477947,
		0.038160, 0.986966, -0.156340,
		0.488822, 0.118020, 0.864363,
		43.344418, 30.888708, 19.151495>
	pigment { color rgbt <0,1,1,0> }
	no_shadow
}
cylinder {
	<43.553387, 31.252705, 18.270065>,  <43.002239, 30.806093, 18.546440>, 0.130000
	pigment { color rgbt <1,0,0,0> }
	no_shadow
}

// nucleotide -1

// particle -1
sphere {
	<43.553387, 31.252705, 18.270065> 0.250000
	pigment { color rgbt <1,0,0,0> }
	no_shadow
}
cylinder {
	<43.659374, 31.104012, 18.625954>,  <43.722969, 31.014795, 18.839487>, 0.100000
	pigment { color rgbt <1,0,0,0> }
	no_shadow
}
cylinder {
	<43.659374, 31.104012, 18.625954>,  <43.553387, 31.252705, 18.270065>, 0.100000
	pigment { color rgbt <1,0,0,0> }
	no_shadow
}

// particle -1
sphere {
	<43.659374, 31.104012, 18.625954> 0.100000
	pigment { color rgbt <1,0,0,0> }
	no_shadow
}
sphere {
	0, 1
	scale<0.080000,0.200000,0.300000>
	matrix <0.940258, -0.104965, -0.323877,
		0.213785, 0.922387, 0.321712,
		0.264972, -0.371733, 0.889722,
		43.738865, 30.992493, 18.892870>
	pigment { color rgbt <0,1,1,0> }
	no_shadow
}
cylinder {
	<44.097973, 31.524689, 18.496223>,  <43.553387, 31.252705, 18.270065>, 0.130000
	pigment { color rgbt <1,0,0,0> }
	no_shadow
}

// nucleotide -1

// particle -1
sphere {
	<44.097973, 31.524689, 18.496223> 0.250000
	pigment { color rgbt <1,0,0,0> }
	no_shadow
}
cylinder {
	<44.134579, 31.190388, 18.712795>,  <44.156544, 30.989807, 18.842737>, 0.100000
	pigment { color rgbt <1,0,0,0> }
	no_shadow
}
cylinder {
	<44.134579, 31.190388, 18.712795>,  <44.097973, 31.524689, 18.496223>, 0.100000
	pigment { color rgbt <1,0,0,0> }
	no_shadow
}

// particle -1
sphere {
	<44.134579, 31.190388, 18.712795> 0.100000
	pigment { color rgbt <1,0,0,0> }
	no_shadow
}
sphere {
	0, 1
	scale<0.080000,0.200000,0.300000>
	matrix <0.964201, -0.061520, -0.257937,
		0.248880, 0.545650, 0.800203,
		0.091515, -0.835752, 0.541428,
		44.162033, 30.939663, 18.875223>
	pigment { color rgbt <0,1,1,0> }
	no_shadow
}
cylinder {
	<44.667549, 31.738590, 18.832296>,  <44.097973, 31.524689, 18.496223>, 0.130000
	pigment { color rgbt <1,0,0,0> }
	no_shadow
}

// nucleotide -1

// particle -1
sphere {
	<44.667549, 31.738590, 18.832296> 0.250000
	pigment { color rgbt <1,0,0,0> }
	no_shadow
}
cylinder {
	<44.650818, 31.342003, 18.881672>,  <44.640781, 31.104050, 18.911297>, 0.100000
	pigment { color rgbt <1,0,0,0> }
	no_shadow
}
cylinder {
	<44.650818, 31.342003, 18.881672>,  <44.667549, 31.738590, 18.832296>, 0.100000
	pigment { color rgbt <1,0,0,0> }
	no_shadow
}

// particle -1
sphere {
	<44.650818, 31.342003, 18.881672> 0.100000
	pigment { color rgbt <1,0,0,0> }
	no_shadow
}
sphere {
	0, 1
	scale<0.080000,0.200000,0.300000>
	matrix <0.925144, -0.085086, -0.369958,
		0.377306, 0.098725, 0.920811,
		-0.041824, -0.991470, 0.123439,
		44.638271, 31.044561, 18.918703>
	pigment { color rgbt <0,1,1,0> }
	no_shadow
}
cylinder {
	<45.194458, 31.577579, 19.299496>,  <44.667549, 31.738590, 18.832296>, 0.130000
	pigment { color rgbt <1,0,0,0> }
	no_shadow
}

// nucleotide -1

// particle -1
sphere {
	<45.194458, 31.577579, 19.299496> 0.250000
	pigment { color rgbt <1,0,0,0> }
	no_shadow
}
cylinder {
	<45.119759, 31.237865, 19.101974>,  <45.074940, 31.034037, 18.983461>, 0.100000
	pigment { color rgbt <1,0,0,0> }
	no_shadow
}
cylinder {
	<45.119759, 31.237865, 19.101974>,  <45.194458, 31.577579, 19.299496>, 0.100000
	pigment { color rgbt <1,0,0,0> }
	no_shadow
}

// particle -1
sphere {
	<45.119759, 31.237865, 19.101974> 0.100000
	pigment { color rgbt <1,0,0,0> }
	no_shadow
}
sphere {
	0, 1
	scale<0.080000,0.200000,0.300000>
	matrix <0.944275, -0.016487, -0.328746,
		0.271057, -0.527678, 0.805037,
		-0.186745, -0.849284, -0.493804,
		45.063736, 30.983080, 18.953833>
	pigment { color rgbt <0,1,1,0> }
	no_shadow
}
cylinder {
	<45.800690, 31.187050, 19.534306>,  <45.194458, 31.577579, 19.299496>, 0.130000
	pigment { color rgbt <1,0,0,0> }
	no_shadow
}

// nucleotide -1

// particle -1
sphere {
	<45.800690, 31.187050, 19.534306> 0.250000
	pigment { color rgbt <1,0,0,0> }
	no_shadow
}
cylinder {
	<45.645390, 31.027367, 19.202065>,  <45.552208, 30.931557, 19.002720>, 0.100000
	pigment { color rgbt <1,0,0,0> }
	no_shadow
}
cylinder {
	<45.645390, 31.027367, 19.202065>,  <45.800690, 31.187050, 19.534306>, 0.100000
	pigment { color rgbt <1,0,0,0> }
	no_shadow
}

// particle -1
sphere {
	<45.645390, 31.027367, 19.202065> 0.100000
	pigment { color rgbt <1,0,0,0> }
	no_shadow
}
sphere {
	0, 1
	scale<0.080000,0.200000,0.300000>
	matrix <0.882646, 0.098043, -0.459699,
		0.264949, -0.911604, 0.314293,
		-0.388249, -0.399206, -0.830600,
		45.528915, 30.907604, 18.952885>
	pigment { color rgbt <0,1,1,0> }
	no_shadow
}
cylinder {
	<46.174442, 30.639696, 19.399334>,  <45.800690, 31.187050, 19.534306>, 0.130000
	pigment { color rgbt <1,0,0,0> }
	no_shadow
}

// nucleotide -1

// particle -1
sphere {
	<46.174442, 30.639696, 19.399334> 0.250000
	pigment { color rgbt <1,0,0,0> }
	no_shadow
}
cylinder {
	<46.004395, 30.744087, 19.052654>,  <45.902367, 30.806723, 18.844646>, 0.100000
	pigment { color rgbt <1,0,0,0> }
	no_shadow
}
cylinder {
	<46.004395, 30.744087, 19.052654>,  <46.174442, 30.639696, 19.399334>, 0.100000
	pigment { color rgbt <1,0,0,0> }
	no_shadow
}

// particle -1
sphere {
	<46.004395, 30.744087, 19.052654> 0.100000
	pigment { color rgbt <1,0,0,0> }
	no_shadow
}
sphere {
	0, 1
	scale<0.080000,0.200000,0.300000>
	matrix <0.896765, -0.008509, -0.442426,
		-0.122839, -0.965307, -0.230420,
		-0.425117, 0.260979, -0.866698,
		45.876858, 30.822380, 18.792645>
	pigment { color rgbt <0,1,1,0> }
	no_shadow
}
cylinder {
	<46.527157, 30.233376, 18.921034>,  <46.174442, 30.639696, 19.399334>, 0.130000
	pigment { color rgbt <1,0,0,0> }
	no_shadow
}

// nucleotide -1

// particle -1
sphere {
	<46.527157, 30.233376, 18.921034> 0.250000
	pigment { color rgbt <1,0,0,0> }
	no_shadow
}
cylinder {
	<46.341137, 30.507931, 18.697392>,  <46.229523, 30.672663, 18.563206>, 0.100000
	pigment { color rgbt <1,0,0,0> }
	no_shadow
}
cylinder {
	<46.341137, 30.507931, 18.697392>,  <46.527157, 30.233376, 18.921034>, 0.100000
	pigment { color rgbt <1,0,0,0> }
	no_shadow
}

// particle -1
sphere {
	<46.341137, 30.507931, 18.697392> 0.100000
	pigment { color rgbt <1,0,0,0> }
	no_shadow
}
sphere {
	0, 1
	scale<0.080000,0.200000,0.300000>
	matrix <0.834192, 0.128319, -0.536337,
		-0.296391, -0.715826, -0.632254,
		-0.465054, 0.686387, -0.559104,
		46.201622, 30.713846, 18.529661>
	pigment { color rgbt <0,1,1,0> }
	no_shadow
}
cylinder {
	<46.642574, 29.956488, 18.277281>,  <46.527157, 30.233376, 18.921034>, 0.130000
	pigment { color rgbt <1,0,0,0> }
	no_shadow
}

// nucleotide -1

// particle -1
sphere {
	<46.642574, 29.956488, 18.277281> 0.250000
	pigment { color rgbt <1,0,0,0> }
	no_shadow
}
cylinder {
	<46.524502, 30.331619, 18.204243>,  <46.453659, 30.556698, 18.160419>, 0.100000
	pigment { color rgbt <1,0,0,0> }
	no_shadow
}
cylinder {
	<46.524502, 30.331619, 18.204243>,  <46.642574, 29.956488, 18.277281>, 0.100000
	pigment { color rgbt <1,0,0,0> }
	no_shadow
}

// particle -1
sphere {
	<46.524502, 30.331619, 18.204243> 0.100000
	pigment { color rgbt <1,0,0,0> }
	no_shadow
}
sphere {
	0, 1
	scale<0.080000,0.200000,0.300000>
	matrix <0.770274, 0.120519, -0.626221,
		-0.565284, -0.325496, -0.757962,
		-0.295181, 0.937831, -0.182594,
		46.435947, 30.612968, 18.149464>
	pigment { color rgbt <0,1,1,0> }
	no_shadow
}
cylinder {
	<46.695293, 29.986942, 17.552855>,  <46.642574, 29.956488, 18.277281>, 0.130000
	pigment { color rgbt <1,0,0,0> }
	no_shadow
}

// nucleotide -1

// particle -1
sphere {
	<46.695293, 29.986942, 17.552855> 0.250000
	pigment { color rgbt <1,0,0,0> }
	no_shadow
}
cylinder {
	<46.739395, 30.354507, 17.704350>,  <46.765858, 30.575047, 17.795246>, 0.100000
	pigment { color rgbt <1,0,0,0> }
	no_shadow
}
cylinder {
	<46.739395, 30.354507, 17.704350>,  <46.695293, 29.986942, 17.552855>, 0.100000
	pigment { color rgbt <1,0,0,0> }
	no_shadow
}

// particle -1
sphere {
	<46.739395, 30.354507, 17.704350> 0.100000
	pigment { color rgbt <1,0,0,0> }
	no_shadow
}
sphere {
	0, 1
	scale<0.080000,0.200000,0.300000>
	matrix <0.660037, 0.217206, -0.719147,
		-0.743098, 0.329270, -0.582569,
		0.110256, 0.918914, 0.378736,
		46.772472, 30.630182, 17.817970>
	pigment { color rgbt <0,1,1,0> }
	no_shadow
}
cylinder {
	<46.689144, 30.447565, 17.025799>,  <46.695293, 29.986942, 17.552855>, 0.130000
	pigment { color rgbt <1,0,0,0> }
	no_shadow
}

// nucleotide -1

// particle -1
sphere {
	<46.689144, 30.447565, 17.025799> 0.250000
	pigment { color rgbt <1,0,0,0> }
	no_shadow
}
cylinder {
	<46.859726, 30.656364, 17.321274>,  <46.962074, 30.781643, 17.498558>, 0.100000
	pigment { color rgbt <1,0,0,0> }
	no_shadow
}
cylinder {
	<46.859726, 30.656364, 17.321274>,  <46.689144, 30.447565, 17.025799>, 0.100000
	pigment { color rgbt <1,0,0,0> }
	no_shadow
}

// particle -1
sphere {
	<46.859726, 30.656364, 17.321274> 0.100000
	pigment { color rgbt <1,0,0,0> }
	no_shadow
}
sphere {
	0, 1
	scale<0.080000,0.200000,0.300000>
	matrix <0.773216, 0.213372, -0.597168,
		-0.469334, 0.825828, -0.312623,
		0.426453, 0.521996, 0.738686,
		46.987663, 30.812963, 17.542879>
	pigment { color rgbt <0,1,1,0> }
	no_shadow
}
cylinder {
	<46.898743, 30.986509, 16.726477>,  <46.689144, 30.447565, 17.025799>, 0.130000
	pigment { color rgbt <1,0,0,0> }
	no_shadow
}

// nucleotide -1

// particle -1
sphere {
	<46.898743, 30.986509, 16.726477> 0.250000
	pigment { color rgbt <1,0,0,0> }
	no_shadow
}
cylinder {
	<47.117298, 30.993637, 17.061413>,  <47.248432, 30.997913, 17.262375>, 0.100000
	pigment { color rgbt <1,0,0,0> }
	no_shadow
}
cylinder {
	<47.117298, 30.993637, 17.061413>,  <46.898743, 30.986509, 16.726477>, 0.100000
	pigment { color rgbt <1,0,0,0> }
	no_shadow
}

// particle -1
sphere {
	<47.117298, 30.993637, 17.061413> 0.100000
	pigment { color rgbt <1,0,0,0> }
	no_shadow
}
sphere {
	0, 1
	scale<0.080000,0.200000,0.300000>
	matrix <0.802094, 0.276604, -0.529279,
		-0.241042, 0.960819, 0.136843,
		0.546392, 0.017818, 0.837340,
		47.281216, 30.998983, 17.312614>
	pigment { color rgbt <0,1,1,0> }
	no_shadow
}
cylinder {
	<47.168430, 31.648096, 16.769945>,  <46.898743, 30.986509, 16.726477>, 0.130000
	pigment { color rgbt <1,0,0,0> }
	no_shadow
}

// nucleotide -1

// particle -1
sphere {
	<47.168430, 31.648096, 16.769945> 0.250000
	pigment { color rgbt <1,0,0,0> }
	no_shadow
}
cylinder {
	<47.418793, 31.418781, 16.981449>,  <47.569012, 31.281193, 17.108351>, 0.100000
	pigment { color rgbt <1,0,0,0> }
	no_shadow
}
cylinder {
	<47.418793, 31.418781, 16.981449>,  <47.168430, 31.648096, 16.769945>, 0.100000
	pigment { color rgbt <1,0,0,0> }
	no_shadow
}

// particle -1
sphere {
	<47.418793, 31.418781, 16.981449> 0.100000
	pigment { color rgbt <1,0,0,0> }
	no_shadow
}
sphere {
	0, 1
	scale<0.080000,0.200000,0.300000>
	matrix <0.733413, 0.202099, -0.649046,
		0.265227, 0.794041, 0.546950,
		0.625907, -0.573285, 0.528758,
		47.606564, 31.246796, 17.140076>
	pigment { color rgbt <0,1,1,0> }
	no_shadow
}
cylinder {
	<47.850952, 32.022675, 16.733286>,  <47.168430, 31.648096, 16.769945>, 0.130000
	pigment { color rgbt <1,0,0,0> }
	no_shadow
}

// nucleotide -1

// particle -1
sphere {
	<47.850952, 32.022675, 16.733286> 0.250000
	pigment { color rgbt <1,0,0,0> }
	no_shadow
}
cylinder {
	<47.933323, 31.642483, 16.826389>,  <47.982746, 31.414368, 16.882252>, 0.100000
	pigment { color rgbt <1,0,0,0> }
	no_shadow
}
cylinder {
	<47.933323, 31.642483, 16.826389>,  <47.850952, 32.022675, 16.733286>, 0.100000
	pigment { color rgbt <1,0,0,0> }
	no_shadow
}

// particle -1
sphere {
	<47.933323, 31.642483, 16.826389> 0.100000
	pigment { color rgbt <1,0,0,0> }
	no_shadow
}
sphere {
	0, 1
	scale<0.080000,0.200000,0.300000>
	matrix <0.737910, -0.005393, -0.674878,
		0.642714, 0.310733, 0.700259,
		0.205931, -0.950482, 0.232759,
		47.995102, 31.357338, 16.896217>
	pigment { color rgbt <0,1,1,0> }
	no_shadow
}
cylinder {
	<48.580948, 31.914785, 16.564756>,  <47.850952, 32.022675, 16.733286>, 0.130000
	pigment { color rgbt <1,0,0,0> }
	no_shadow
}

// nucleotide -1

// particle -1
sphere {
	<48.580948, 31.914785, 16.564756> 0.250000
	pigment { color rgbt <1,0,0,0> }
	no_shadow
}
cylinder {
	<48.438282, 31.542675, 16.599110>,  <48.352680, 31.319408, 16.619722>, 0.100000
	pigment { color rgbt <1,0,0,0> }
	no_shadow
}
cylinder {
	<48.438282, 31.542675, 16.599110>,  <48.580948, 31.914785, 16.564756>, 0.100000
	pigment { color rgbt <1,0,0,0> }
	no_shadow
}

// particle -1
sphere {
	<48.438282, 31.542675, 16.599110> 0.100000
	pigment { color rgbt <1,0,0,0> }
	no_shadow
}
sphere {
	0, 1
	scale<0.080000,0.200000,0.300000>
	matrix <0.612266, -0.302194, -0.730623,
		0.705634, -0.208006, 0.677359,
		-0.356668, -0.930275, 0.085883,
		48.331284, 31.263592, 16.624874>
	pigment { color rgbt <0,1,1,0> }
	no_shadow
}
cylinder {
	<49.108757, 31.497280, 16.546499>,  <48.580948, 31.914785, 16.564756>, 0.130000
	pigment { color rgbt <1,0,0,0> }
	no_shadow
}

// nucleotide -1

// particle -1
sphere {
	<49.108757, 31.497280, 16.546499> 0.250000
	pigment { color rgbt <1,0,0,0> }
	no_shadow
}
cylinder {
	<48.804100, 31.250259, 16.467991>,  <48.621304, 31.102047, 16.420887>, 0.100000
	pigment { color rgbt <1,0,0,0> }
	no_shadow
}
cylinder {
	<48.804100, 31.250259, 16.467991>,  <49.108757, 31.497280, 16.546499>, 0.100000
	pigment { color rgbt <1,0,0,0> }
	no_shadow
}

// particle -1
sphere {
	<48.804100, 31.250259, 16.467991> 0.100000
	pigment { color rgbt <1,0,0,0> }
	no_shadow
}
sphere {
	0, 1
	scale<0.080000,0.200000,0.300000>
	matrix <0.488807, -0.348710, -0.799668,
		0.425397, -0.705002, 0.567458,
		-0.761646, -0.617554, -0.196270,
		48.575607, 31.064993, 16.409109>
	pigment { color rgbt <0,1,1,0> }
	no_shadow
}
cylinder {
	<49.478081, 30.769487, 16.506413>,  <49.108757, 31.497280, 16.546499>, 0.130000
	pigment { color rgbt <1,0,0,0> }
	no_shadow
}

// nucleotide -1

// particle -1
sphere {
	<49.478081, 30.769487, 16.506413> 0.250000
	pigment { color rgbt <1,0,0,0> }
	no_shadow
}
cylinder {
	<49.133003, 30.768848, 16.304123>,  <48.925957, 30.768465, 16.182749>, 0.100000
	pigment { color rgbt <1,0,0,0> }
	no_shadow
}
cylinder {
	<49.133003, 30.768848, 16.304123>,  <49.478081, 30.769487, 16.506413>, 0.100000
	pigment { color rgbt <1,0,0,0> }
	no_shadow
}

// particle -1
sphere {
	<49.133003, 30.768848, 16.304123> 0.100000
	pigment { color rgbt <1,0,0,0> }
	no_shadow
}
sphere {
	0, 1
	scale<0.080000,0.200000,0.300000>
	matrix <0.467783, -0.382549, -0.796765,
		-0.192190, -0.923934, 0.330770,
		-0.862694, -0.001598, -0.505723,
		48.874195, 30.768370, 16.152407>
	pigment { color rgbt <0,1,1,0> }
	no_shadow
}
cylinder {
	<49.452888, 30.191849, 16.188128>,  <49.478081, 30.769487, 16.506413>, 0.130000
	pigment { color rgbt <1,0,0,0> }
	no_shadow
}

// nucleotide -1

// particle -1
sphere {
	<49.452888, 30.191849, 16.188128> 0.250000
	pigment { color rgbt <1,0,0,0> }
	no_shadow
}
cylinder {
	<49.207745, 30.437378, 15.989079>,  <49.060658, 30.584696, 15.869650>, 0.100000
	pigment { color rgbt <1,0,0,0> }
	no_shadow
}
cylinder {
	<49.207745, 30.437378, 15.989079>,  <49.452888, 30.191849, 16.188128>, 0.100000
	pigment { color rgbt <1,0,0,0> }
	no_shadow
}

// particle -1
sphere {
	<49.207745, 30.437378, 15.989079> 0.100000
	pigment { color rgbt <1,0,0,0> }
	no_shadow
}
sphere {
	0, 1
	scale<0.080000,0.200000,0.300000>
	matrix <0.382054, -0.321071, -0.866573,
		-0.691696, -0.721202, -0.037745,
		-0.612855, 0.613825, -0.497622,
		49.023888, 30.621525, 15.839793>
	pigment { color rgbt <0,1,1,0> }
	no_shadow
}
cylinder {
	<49.202618, 29.779697, 15.620935>,  <49.452888, 30.191849, 16.188128>, 0.130000
	pigment { color rgbt <1,0,0,0> }
	no_shadow
}

// nucleotide -1

// particle -1
sphere {
	<49.202618, 29.779697, 15.620935> 0.250000
	pigment { color rgbt <1,0,0,0> }
	no_shadow
}
cylinder {
	<49.198780, 30.162064, 15.503539>,  <49.196480, 30.391483, 15.433102>, 0.100000
	pigment { color rgbt <1,0,0,0> }
	no_shadow
}
cylinder {
	<49.198780, 30.162064, 15.503539>,  <49.202618, 29.779697, 15.620935>, 0.100000
	pigment { color rgbt <1,0,0,0> }
	no_shadow
}

// particle -1
sphere {
	<49.198780, 30.162064, 15.503539> 0.100000
	pigment { color rgbt <1,0,0,0> }
	no_shadow
}
sphere {
	0, 1
	scale<0.080000,0.200000,0.300000>
	matrix <0.444630, -0.258816, -0.857507,
		-0.895663, -0.138718, -0.422546,
		-0.009590, 0.955914, -0.293490,
		49.195904, 30.448837, 15.415492>
	pigment { color rgbt <0,1,1,0> }
	no_shadow
}
cylinder {
	<48.995636, 29.819996, 14.873140>,  <49.202618, 29.779697, 15.620935>, 0.130000
	pigment { color rgbt <1,0,0,0> }
	no_shadow
}

// nucleotide -1

// particle -1
sphere {
	<48.995636, 29.819996, 14.873140> 0.250000
	pigment { color rgbt <1,0,0,0> }
	no_shadow
}
cylinder {
	<49.230991, 30.114635, 15.006537>,  <49.372204, 30.291420, 15.086576>, 0.100000
	pigment { color rgbt <1,0,0,0> }
	no_shadow
}
cylinder {
	<49.230991, 30.114635, 15.006537>,  <48.995636, 29.819996, 14.873140>, 0.100000
	pigment { color rgbt <1,0,0,0> }
	no_shadow
}

// particle -1
sphere {
	<49.230991, 30.114635, 15.006537> 0.100000
	pigment { color rgbt <1,0,0,0> }
	no_shadow
}
sphere {
	0, 1
	scale<0.080000,0.200000,0.300000>
	matrix <0.452869, 0.041472, -0.890612,
		-0.669856, 0.675055, -0.309182,
		0.588389, 0.736601, 0.333492,
		49.407509, 30.335615, 15.106585>
	pigment { color rgbt <0,1,1,0> }
	no_shadow
}
cylinder {
	<48.934200, 30.399466, 14.515292>,  <48.995636, 29.819996, 14.873140>, 0.130000
	pigment { color rgbt <1,0,0,0> }
	no_shadow
}

// nucleotide -1

// particle -1
sphere {
	<48.934200, 30.399466, 14.515292> 0.250000
	pigment { color rgbt <1,0,0,0> }
	no_shadow
}
cylinder {
	<49.311699, 30.365093, 14.643014>,  <49.538200, 30.344469, 14.719646>, 0.100000
	pigment { color rgbt <1,0,0,0> }
	no_shadow
}
cylinder {
	<49.311699, 30.365093, 14.643014>,  <48.934200, 30.399466, 14.515292>, 0.100000
	pigment { color rgbt <1,0,0,0> }
	no_shadow
}

// particle -1
sphere {
	<49.311699, 30.365093, 14.643014> 0.100000
	pigment { color rgbt <1,0,0,0> }
	no_shadow
}
sphere {
	0, 1
	scale<0.080000,0.200000,0.300000>
	matrix <0.319025, -0.017329, -0.947588,
		0.086962, 0.996150, 0.011060,
		0.943748, -0.085933, 0.319303,
		49.594822, 30.339314, 14.738805>
	pigment { color rgbt <0,1,1,0> }
	no_shadow
}
cylinder {
	<49.435310, 30.199589, 14.053375>,  <48.934200, 30.399466, 14.515292>, 0.130000
	pigment { color rgbt <1,0,0,0> }
	no_shadow
}

// nucleotide -1

// particle -1
sphere {
	<49.435310, 30.199589, 14.053375> 0.250000
	pigment { color rgbt <1,0,0,0> }
	no_shadow
}
cylinder {
	<49.578053, 30.553410, 14.173524>,  <49.663696, 30.765701, 14.245613>, 0.100000
	pigment { color rgbt <1,0,0,0> }
	no_shadow
}
cylinder {
	<49.578053, 30.553410, 14.173524>,  <49.435310, 30.199589, 14.053375>, 0.100000
	pigment { color rgbt <1,0,0,0> }
	no_shadow
}

// particle -1
sphere {
	<49.578053, 30.553410, 14.173524> 0.100000
	pigment { color rgbt <1,0,0,0> }
	no_shadow
}
sphere {
	0, 1
	scale<0.080000,0.200000,0.300000>
	matrix <0.069707, -0.345861, 0.935693,
		0.931555, -0.312970, -0.185082,
		0.356857, 0.884550, 0.300372,
		49.685108, 30.818775, 14.263636>
	pigment { color rgbt <0,1,1,0> }
	no_shadow
}
cylinder {
	<49.023453, 30.890144, 13.818117>,  <49.435310, 30.199589, 14.053375>, 0.130000
	pigment { color rgbt <1,0,0,0> }
	no_shadow
}

// nucleotide -1

// particle -1
sphere {
	<49.023453, 30.890144, 13.818117> 0.250000
	pigment { color rgbt <1,0,0,0> }
	no_shadow
}
cylinder {
	<48.988125, 31.256199, 13.660779>,  <48.966927, 31.475832, 13.566376>, 0.100000
	pigment { color rgbt <1,0,0,0> }
	no_shadow
}
cylinder {
	<48.988125, 31.256199, 13.660779>,  <49.023453, 30.890144, 13.818117>, 0.100000
	pigment { color rgbt <1,0,0,0> }
	no_shadow
}

// particle -1
sphere {
	<48.988125, 31.256199, 13.660779> 0.100000
	pigment { color rgbt <1,0,0,0> }
	no_shadow
}
sphere {
	0, 1
	scale<0.080000,0.200000,0.300000>
	matrix <-0.964939, 0.019383, 0.261758,
		0.247169, 0.402674, 0.881341,
		-0.088320, 0.915138, -0.393347,
		48.961628, 31.530741, 13.542775>
	pigment { color rgbt <0,1,1,0> }
	no_shadow
}
cylinder {
	<48.721100, 31.352318, 14.293858>,  <49.023453, 30.890144, 13.818117>, 0.130000
	pigment { color rgbt <1,0,0,0> }
	no_shadow
}

// nucleotide -1

// particle -1
sphere {
	<48.721100, 31.352318, 14.293858> 0.250000
	pigment { color rgbt <1,0,0,0> }
	no_shadow
}
cylinder {
	<48.648258, 31.464764, 13.916963>,  <48.604553, 31.532232, 13.690825>, 0.100000
	pigment { color rgbt <1,0,0,0> }
	no_shadow
}
cylinder {
	<48.648258, 31.464764, 13.916963>,  <48.721100, 31.352318, 14.293858>, 0.100000
	pigment { color rgbt <1,0,0,0> }
	no_shadow
}

// particle -1
sphere {
	<48.648258, 31.464764, 13.916963> 0.100000
	pigment { color rgbt <1,0,0,0> }
	no_shadow
}
sphere {
	0, 1
	scale<0.080000,0.200000,0.300000>
	matrix <-0.978377, 0.043773, 0.202145,
		0.098071, 0.958675, 0.267067,
		-0.182101, 0.281116, -0.942238,
		48.593628, 31.549099, 13.634291>
	pigment { color rgbt <0,1,1,0> }
	no_shadow
}
cylinder {
	<48.388966, 32.082573, 14.223246>,  <48.721100, 31.352318, 14.293858>, 0.130000
	pigment { color rgbt <1,0,0,0> }
	no_shadow
}

// nucleotide -1

// particle -1
sphere {
	<48.388966, 32.082573, 14.223246> 0.250000
	pigment { color rgbt <1,0,0,0> }
	no_shadow
}
cylinder {
	<48.274807, 31.788868, 13.976863>,  <48.206310, 31.612644, 13.829033>, 0.100000
	pigment { color rgbt <1,0,0,0> }
	no_shadow
}
cylinder {
	<48.274807, 31.788868, 13.976863>,  <48.388966, 32.082573, 14.223246>, 0.100000
	pigment { color rgbt <1,0,0,0> }
	no_shadow
}

// particle -1
sphere {
	<48.274807, 31.788868, 13.976863> 0.100000
	pigment { color rgbt <1,0,0,0> }
	no_shadow
}
sphere {
	0, 1
	scale<0.080000,0.200000,0.300000>
	matrix <-0.935649, 0.074233, 0.345037,
		-0.207624, 0.674792, -0.708200,
		-0.285400, -0.734265, -0.615956,
		48.189186, 31.568588, 13.792076>
	pigment { color rgbt <0,1,1,0> }
	no_shadow
}
cylinder {
	<47.858643, 32.298111, 13.633548>,  <48.388966, 32.082573, 14.223246>, 0.130000
	pigment { color rgbt <1,0,0,0> }
	no_shadow
}

// nucleotide -1

// particle -1
sphere {
	<47.858643, 32.298111, 13.633548> 0.250000
	pigment { color rgbt <1,0,0,0> }
	no_shadow
}
cylinder {
	<47.809010, 31.920231, 13.754966>,  <47.779228, 31.693502, 13.827816>, 0.100000
	pigment { color rgbt <1,0,0,0> }
	no_shadow
}
cylinder {
	<47.809010, 31.920231, 13.754966>,  <47.858643, 32.298111, 13.633548>, 0.100000
	pigment { color rgbt <1,0,0,0> }
	no_shadow
}

// particle -1
sphere {
	<47.809010, 31.920231, 13.754966> 0.100000
	pigment { color rgbt <1,0,0,0> }
	no_shadow
}
sphere {
	0, 1
	scale<0.080000,0.200000,0.300000>
	matrix <-0.926132, 0.220077, 0.306341,
		-0.356204, -0.243109, -0.902228,
		-0.124086, -0.944702, 0.303544,
		47.771782, 31.636820, 13.846029>
	pigment { color rgbt <0,1,1,0> }
	no_shadow
}
cylinder {
	<47.205093, 32.146778, 13.438100>,  <47.858643, 32.298111, 13.633548>, 0.130000
	pigment { color rgbt <1,0,0,0> }
	no_shadow
}

// nucleotide -1

// particle -1
sphere {
	<47.205093, 32.146778, 13.438100> 0.250000
	pigment { color rgbt <1,0,0,0> }
	no_shadow
}
cylinder {
	<47.298428, 31.877872, 13.719131>,  <47.354427, 31.716528, 13.887749>, 0.100000
	pigment { color rgbt <1,0,0,0> }
	no_shadow
}
cylinder {
	<47.298428, 31.877872, 13.719131>,  <47.205093, 32.146778, 13.438100>, 0.100000
	pigment { color rgbt <1,0,0,0> }
	no_shadow
}

// particle -1
sphere {
	<47.298428, 31.877872, 13.719131> 0.100000
	pigment { color rgbt <1,0,0,0> }
	no_shadow
}
sphere {
	0, 1
	scale<0.080000,0.200000,0.300000>
	matrix <-0.887631, 0.147783, 0.436202,
		-0.397072, -0.725410, -0.562240,
		0.233335, -0.672265, 0.702577,
		47.368427, 31.676193, 13.929904>
	pigment { color rgbt <0,1,1,0> }
	no_shadow
}
cylinder {
	<46.618439, 31.720022, 13.505718>,  <47.205093, 32.146778, 13.438100>, 0.130000
	pigment { color rgbt <1,0,0,0> }
	no_shadow
}

// nucleotide -1

// particle -1
sphere {
	<46.618439, 31.720022, 13.505718> 0.250000
	pigment { color rgbt <1,0,0,0> }
	no_shadow
}
cylinder {
	<46.843052, 31.707714, 13.836471>,  <46.977821, 31.700329, 14.034923>, 0.100000
	pigment { color rgbt <1,0,0,0> }
	no_shadow
}
cylinder {
	<46.843052, 31.707714, 13.836471>,  <46.618439, 31.720022, 13.505718>, 0.100000
	pigment { color rgbt <1,0,0,0> }
	no_shadow
}

// particle -1
sphere {
	<46.843052, 31.707714, 13.836471> 0.100000
	pigment { color rgbt <1,0,0,0> }
	no_shadow
}
sphere {
	0, 1
	scale<0.080000,0.200000,0.300000>
	matrix <-0.782707, 0.304418, 0.542862,
		-0.268423, -0.952041, 0.146855,
		0.561533, -0.030772, 0.826882,
		47.011513, 31.698483, 14.084536>
	pigment { color rgbt <0,1,1,0> }
	no_shadow
}
cylinder {
	<46.202072, 31.402046, 13.945540>,  <46.618439, 31.720022, 13.505718>, 0.130000
	pigment { color rgbt <1,0,0,0> }
	no_shadow
}

// nucleotide -1

// particle -1
sphere {
	<46.202072, 31.402046, 13.945540> 0.250000
	pigment { color rgbt <1,0,0,0> }
	no_shadow
}
cylinder {
	<46.474171, 31.570820, 14.185285>,  <46.637432, 31.672085, 14.329131>, 0.100000
	pigment { color rgbt <1,0,0,0> }
	no_shadow
}
cylinder {
	<46.474171, 31.570820, 14.185285>,  <46.202072, 31.402046, 13.945540>, 0.100000
	pigment { color rgbt <1,0,0,0> }
	no_shadow
}

// particle -1
sphere {
	<46.474171, 31.570820, 14.185285> 0.100000
	pigment { color rgbt <1,0,0,0> }
	no_shadow
}
sphere {
	0, 1
	scale<0.080000,0.200000,0.300000>
	matrix <-0.729335, 0.308168, 0.610822,
		0.073023, -0.852645, 0.517362,
		0.680249, 0.421934, 0.599360,
		46.678246, 31.697401, 14.365092>
	pigment { color rgbt <0,1,1,0> }
	no_shadow
}
cylinder {
	<45.804703, 31.328169, 14.434029>,  <46.202072, 31.402046, 13.945540>, 0.130000
	pigment { color rgbt <1,0,0,0> }
	no_shadow
}

// nucleotide -1

// particle -1
sphere {
	<45.804703, 31.328169, 14.434029> 0.250000
	pigment { color rgbt <1,0,0,0> }
	no_shadow
}
cylinder {
	<46.094837, 31.566776, 14.571460>,  <46.268917, 31.709942, 14.653918>, 0.100000
	pigment { color rgbt <1,0,0,0> }
	no_shadow
}
cylinder {
	<46.094837, 31.566776, 14.571460>,  <45.804703, 31.328169, 14.434029>, 0.100000
	pigment { color rgbt <1,0,0,0> }
	no_shadow
}

// particle -1
sphere {
	<46.094837, 31.566776, 14.571460> 0.100000
	pigment { color rgbt <1,0,0,0> }
	no_shadow
}
sphere {
	0, 1
	scale<0.080000,0.200000,0.300000>
	matrix <-0.598782, 0.300486, 0.742407,
		0.339624, -0.744222, 0.575142,
		0.725338, 0.596525, 0.343575,
		46.312439, 31.745733, 14.674533>
	pigment { color rgbt <0,1,1,0> }
	no_shadow
}
cylinder {
	<45.916016, 31.272141, 15.101583>,  <45.804703, 31.328169, 14.434029>, 0.130000
	pigment { color rgbt <1,0,0,0> }
	no_shadow
}

// nucleotide -1

// particle -1
sphere {
	<45.916016, 31.272141, 15.101583> 0.250000
	pigment { color rgbt <1,0,0,0> }
	no_shadow
}
cylinder {
	<46.056381, 31.638741, 15.024764>,  <46.140602, 31.858702, 14.978673>, 0.100000
	pigment { color rgbt <1,0,0,0> }
	no_shadow
}
cylinder {
	<46.056381, 31.638741, 15.024764>,  <45.916016, 31.272141, 15.101583>, 0.100000
	pigment { color rgbt <1,0,0,0> }
	no_shadow
}

// particle -1
sphere {
	<46.056381, 31.638741, 15.024764> 0.100000
	pigment { color rgbt <1,0,0,0> }
	no_shadow
}
sphere {
	0, 1
	scale<0.080000,0.200000,0.300000>
	matrix <-0.560378, 0.369848, 0.741073,
		0.750222, -0.152437, 0.643374,
		0.350917, 0.916501, -0.192046,
		46.161655, 31.913691, 14.967151>
	pigment { color rgbt <0,1,1,0> }
	no_shadow
}
cylinder {
	<46.230335, 31.628910, 15.731335>,  <45.916016, 31.272141, 15.101583>, 0.130000
	pigment { color rgbt <1,0,0,0> }
	no_shadow
}

// nucleotide -1

// particle -1
sphere {
	<46.230335, 31.628910, 15.731335> 0.250000
	pigment { color rgbt <1,0,0,0> }
	no_shadow
}
cylinder {
	<46.081097, 31.897511, 15.475245>,  <45.991554, 32.058670, 15.321592>, 0.100000
	pigment { color rgbt <1,0,0,0> }
	no_shadow
}
cylinder {
	<46.081097, 31.897511, 15.475245>,  <46.230335, 31.628910, 15.731335>, 0.100000
	pigment { color rgbt <1,0,0,0> }
	no_shadow
}

// particle -1
sphere {
	<46.081097, 31.897511, 15.475245> 0.100000
	pigment { color rgbt <1,0,0,0> }
	no_shadow
}
sphere {
	0, 1
	scale<0.080000,0.200000,0.300000>
	matrix <-0.717283, 0.228915, 0.658105,
		0.588475, 0.704759, 0.396248,
		-0.373098, 0.671501, -0.640223,
		45.969166, 32.098961, 15.283178>
	pigment { color rgbt <0,1,1,0> }
	no_shadow
}
cylinder {
	<46.036865, 32.171253, 16.123575>,  <46.230335, 31.628910, 15.731335>, 0.130000
	pigment { color rgbt <1,0,0,0> }
	no_shadow
}

// nucleotide -1

// particle -1
sphere {
	<46.036865, 32.171253, 16.123575> 0.250000
	pigment { color rgbt <1,0,0,0> }
	no_shadow
}
cylinder {
	<45.893112, 32.354679, 15.798476>,  <45.806858, 32.464733, 15.603416>, 0.100000
	pigment { color rgbt <1,0,0,0> }
	no_shadow
}
cylinder {
	<45.893112, 32.354679, 15.798476>,  <46.036865, 32.171253, 16.123575>, 0.100000
	pigment { color rgbt <1,0,0,0> }
	no_shadow
}

// particle -1
sphere {
	<45.893112, 32.354679, 15.798476> 0.100000
	pigment { color rgbt <1,0,0,0> }
	no_shadow
}
sphere {
	0, 1
	scale<0.080000,0.200000,0.300000>
	matrix <-0.644900, 0.507458, 0.571481,
		0.674497, 0.729523, 0.113356,
		-0.359385, 0.458565, -0.812748,
		45.785297, 32.492249, 15.554651>
	pigment { color rgbt <0,1,1,0> }
	no_shadow
}
cylinder {
	<46.081673, 32.867203, 16.212223>,  <46.036865, 32.171253, 16.123575>, 0.130000
	pigment { color rgbt <1,0,0,0> }
	no_shadow
}

// nucleotide -1

// particle -1
sphere {
	<46.081673, 32.867203, 16.212223> 0.250000
	pigment { color rgbt <1,0,0,0> }
	no_shadow
}
cylinder {
	<45.780758, 32.834507, 15.950725>,  <45.600208, 32.814892, 15.793825>, 0.100000
	pigment { color rgbt <1,0,0,0> }
	no_shadow
}
cylinder {
	<45.780758, 32.834507, 15.950725>,  <46.081673, 32.867203, 16.212223>, 0.100000
	pigment { color rgbt <1,0,0,0> }
	no_shadow
}

// particle -1
sphere {
	<45.780758, 32.834507, 15.950725> 0.100000
	pigment { color rgbt <1,0,0,0> }
	no_shadow
}
sphere {
	0, 1
	scale<0.080000,0.200000,0.300000>
	matrix <-0.620909, 0.419768, 0.662017,
