// switches for output
#declare DRAW_BASES = 1; // possible values are 0, 1; only relevant for DNA ribbons
#declare DRAW_BASES_TYPE = 3; // possible values are 1, 2, 3; only relevant for DNA ribbons
#declare DRAW_FOG = 0; // set to 1 to enable fog

#include "colors.inc"

#include "transforms.inc"
background { rgb <1, 1, 1>}

#default {
   normal{
       ripples 0.25
       frequency 0.20
       turbulence 0.2
       lambda 5
   }
	finish {
		phong 0.1
		phong_size 40.
	}
}

// original window dimensions: 1024x640


// camera settings

camera {
	sky <-0, 1, 0>
	up <-0, 1, 0>
	right 1.6 * <0.581683, 0, 0.813415>
	location <-54.4937, 30, 90.4225>
	look_at <30, 30, 30>
	direction <84.4937, 0, -60.4225>
	angle 67.0682
}


# declare cpy_camera_pos = <-54.4937, 30, 90.4225>;
# if (DRAW_FOG = 1)
fog {
	fog_type 2
	up vnormalize(cpy_camera_pos)
	color rgbt<1,1,1,0.3>
	distance 1e-5
	fog_alt 3e-3
	fog_offset 48
}
# end


// LIGHTS

# declare lum = 6;
global_settings {
	ambient_light rgb lum * <0.05, 0.05, 0.05>
	max_trace_level 15
}# declare cpy_direct_light_amount = 0.25;
light_source
{	1000 * <0.231732, -1, 1.3951>,
	rgb lum * cpy_direct_light_amount
	parallel
}

light_source
{	1000 * <-0.231732, 1, -1.3951>,
	rgb lum * cpy_direct_light_amount
	parallel
}

// strand 0

// nucleotide -1

// particle -1
sphere {
	<43.445187, 31.978891, 23.095312> 0.250000
	pigment { color rgbt <1,0,0,0> }
	no_shadow
}
cylinder {
	<43.078209, 32.049431, 22.952652>,  <42.858021, 32.091755, 22.867056>, 0.100000
	pigment { color rgbt <1,0,0,0> }
	no_shadow
}
cylinder {
	<43.078209, 32.049431, 22.952652>,  <43.445187, 31.978891, 23.095312>, 0.100000
	pigment { color rgbt <1,0,0,0> }
	no_shadow
}

// particle -1
sphere {
	<43.078209, 32.049431, 22.952652> 0.100000
	pigment { color rgbt <1,0,0,0> }
	no_shadow
}
sphere {
	0, 1
	scale<0.080000,0.200000,0.300000>
	matrix <-0.273527, 0.371412, 0.887263,
		0.288931, 0.911567, -0.292514,
		-0.917443, 0.176347, -0.356651,
		42.802975, 32.102337, 22.845657>
	pigment { color rgbt <0,1,1,0> }
	no_shadow
}
cylinder {
	<43.241135, 32.638477, 23.378910>,  <43.445187, 31.978891, 23.095312>, 0.130000
	pigment { color rgbt <1,0,0,0> }
	no_shadow
}

// nucleotide -1

// particle -1
sphere {
	<43.241135, 32.638477, 23.378910> 0.250000
	pigment { color rgbt <1,0,0,0> }
	no_shadow
}
cylinder {
	<42.903458, 32.440666, 23.296181>,  <42.700851, 32.321980, 23.246544>, 0.100000
	pigment { color rgbt <1,0,0,0> }
	no_shadow
}
cylinder {
	<42.903458, 32.440666, 23.296181>,  <43.241135, 32.638477, 23.378910>, 0.100000
	pigment { color rgbt <1,0,0,0> }
	no_shadow
}

// particle -1
sphere {
	<42.903458, 32.440666, 23.296181> 0.100000
	pigment { color rgbt <1,0,0,0> }
	no_shadow
}
sphere {
	0, 1
	scale<0.080000,0.200000,0.300000>
	matrix <-0.332605, 0.180680, 0.925596,
		-0.420363, 0.850175, -0.317012,
		-0.844197, -0.494526, -0.206821,
		42.650200, 32.292309, 23.234135>
	pigment { color rgbt <0,1,1,0> }
	no_shadow
}
cylinder {
	<42.555107, 33.027134, 23.528439>,  <43.241135, 32.638477, 23.378910>, 0.130000
	pigment { color rgbt <1,0,0,0> }
	no_shadow
}

// nucleotide -1

// particle -1
sphere {
	<42.555107, 33.027134, 23.528439> 0.250000
	pigment { color rgbt <1,0,0,0> }
	no_shadow
}
cylinder {
	<42.529167, 32.631969, 23.584755>,  <42.513603, 32.394871, 23.618546>, 0.100000
	pigment { color rgbt <1,0,0,0> }
	no_shadow
}
cylinder {
	<42.529167, 32.631969, 23.584755>,  <42.555107, 33.027134, 23.528439>, 0.100000
	pigment { color rgbt <1,0,0,0> }
	no_shadow
}

// particle -1
sphere {
	<42.529167, 32.631969, 23.584755> 0.100000
	pigment { color rgbt <1,0,0,0> }
	no_shadow
}
sphere {
	0, 1
	scale<0.080000,0.200000,0.300000>
	matrix <-0.452791, 0.154860, 0.878066,
		-0.889255, -0.006804, -0.457361,
		-0.064853, -0.987913, 0.140791,
		42.509712, 32.335594, 23.626991>
	pigment { color rgbt <0,1,1,0> }
	no_shadow
}
cylinder {
	<41.888149, 33.394863, 23.533596>,  <42.555107, 33.027134, 23.528439>, 0.130000
	pigment { color rgbt <1,0,0,0> }
	no_shadow
}

// nucleotide -1

// particle -1
sphere {
	<41.888149, 33.394863, 23.533596> 0.250000
	pigment { color rgbt <1,0,0,0> }
	no_shadow
}
cylinder {
	<41.612778, 33.105270, 23.551117>,  <41.447556, 32.931515, 23.561630>, 0.100000
	pigment { color rgbt <1,0,0,0> }
	no_shadow
}
cylinder {
	<41.612778, 33.105270, 23.551117>,  <41.888149, 33.394863, 23.533596>, 0.100000
	pigment { color rgbt <1,0,0,0> }
	no_shadow
}

// particle -1
sphere {
	<41.612778, 33.105270, 23.551117> 0.100000
	pigment { color rgbt <1,0,0,0> }
	no_shadow
}
sphere {
	0, 1
	scale<0.080000,0.200000,0.300000>
	matrix <-0.212568, 0.259132, 0.942160,
		-0.693456, 0.639299, -0.332289,
		-0.688428, -0.723981, 0.043802,
		41.406250, 32.888077, 23.564257>
	pigment { color rgbt <0,1,1,0> }
	no_shadow
}
cylinder {
	<41.237232, 33.815918, 23.687914>,  <41.888149, 33.394863, 23.533596>, 0.130000
	pigment { color rgbt <1,0,0,0> }
	no_shadow
}

// nucleotide -1

// particle -1
sphere {
	<41.237232, 33.815918, 23.687914> 0.250000
	pigment { color rgbt <1,0,0,0> }
	no_shadow
}
cylinder {
	<41.252693, 33.424923, 23.770878>,  <41.261971, 33.190327, 23.820656>, 0.100000
	pigment { color rgbt <1,0,0,0> }
	no_shadow
}
cylinder {
	<41.252693, 33.424923, 23.770878>,  <41.237232, 33.815918, 23.687914>, 0.100000
	pigment { color rgbt <1,0,0,0> }
	no_shadow
}

// particle -1
sphere {
	<41.252693, 33.424923, 23.770878> 0.100000
	pigment { color rgbt <1,0,0,0> }
	no_shadow
}
sphere {
	0, 1
	scale<0.080000,0.200000,0.300000>
	matrix <-0.051115, 0.205358, 0.977351,
		-0.997944, -0.048378, -0.042027,
		0.038651, -0.977490, 0.207409,
		41.264290, 33.131676, 23.833101>
	pigment { color rgbt <0,1,1,0> }
	no_shadow
}
cylinder {
	<40.555832, 34.213200, 23.999989>,  <41.237232, 33.815918, 23.687914>, 0.130000
	pigment { color rgbt <1,0,0,0> }
	no_shadow
}

// nucleotide -1

// particle -1
sphere {
	<40.555832, 34.213200, 23.999989> 0.250000
	pigment { color rgbt <1,0,0,0> }
	no_shadow
}
cylinder {
	<40.181389, 34.281830, 24.122795>,  <39.956722, 34.323006, 24.196480>, 0.100000
	pigment { color rgbt <1,0,0,0> }
	no_shadow
}
cylinder {
	<40.181389, 34.281830, 24.122795>,  <40.555832, 34.213200, 23.999989>, 0.100000
	pigment { color rgbt <1,0,0,0> }
	no_shadow
}

// particle -1
sphere {
	<40.181389, 34.281830, 24.122795> 0.100000
	pigment { color rgbt <1,0,0,0> }
	no_shadow
}
sphere {
	0, 1
	scale<0.080000,0.200000,0.300000>
	matrix <0.127034, 0.978951, -0.159739,
		-0.327963, -0.110532, -0.938202,
		-0.936111, 0.171572, 0.307018,
		39.900555, 34.333302, 24.214901>
	pigment { color rgbt <0,1,1,0> }
	no_shadow
}
cylinder {
	<40.313240, 34.599030, 23.585571>,  <40.555832, 34.213200, 23.999989>, 0.130000
	pigment { color rgbt <1,0,0,0> }
	no_shadow
}

// nucleotide -1

// particle -1
sphere {
	<40.313240, 34.599030, 23.585571> 0.250000
	pigment { color rgbt <1,0,0,0> }
	no_shadow
}
cylinder {
	<40.081455, 34.669472, 23.903870>,  <39.942383, 34.711739, 24.094849>, 0.100000
	pigment { color rgbt <1,0,0,0> }
	no_shadow
}
cylinder {
	<40.081455, 34.669472, 23.903870>,  <40.313240, 34.599030, 23.585571>, 0.100000
	pigment { color rgbt <1,0,0,0> }
	no_shadow
}

// particle -1
sphere {
	<40.081455, 34.669472, 23.903870> 0.100000
	pigment { color rgbt <1,0,0,0> }
	no_shadow
}
sphere {
	0, 1
	scale<0.080000,0.200000,0.300000>
	matrix <-0.013050, 0.974245, -0.225114,
		-0.814896, -0.140829, -0.562238,
		-0.579460, 0.176108, 0.795746,
		39.907616, 34.722305, 24.142593>
	pigment { color rgbt <0,1,1,0> }
	no_shadow
}
cylinder {
	<39.834316, 35.055531, 23.385427>,  <40.313240, 34.599030, 23.585571>, 0.130000
	pigment { color rgbt <1,0,0,0> }
	no_shadow
}

// nucleotide -1

// particle -1
sphere {
	<39.834316, 35.055531, 23.385427> 0.250000
	pigment { color rgbt <1,0,0,0> }
	no_shadow
}
cylinder {
	<39.851425, 35.069824, 23.784805>,  <39.861691, 35.078400, 24.024433>, 0.100000
	pigment { color rgbt <1,0,0,0> }
	no_shadow
}
cylinder {
	<39.851425, 35.069824, 23.784805>,  <39.834316, 35.055531, 23.385427>, 0.100000
	pigment { color rgbt <1,0,0,0> }
	no_shadow
}

// particle -1
sphere {
	<39.851425, 35.069824, 23.784805> 0.100000
	pigment { color rgbt <1,0,0,0> }
	no_shadow
}
sphere {
	0, 1
	scale<0.080000,0.200000,0.300000>
	matrix <-0.015821, 0.999259, -0.035081,
		-0.998960, -0.014296, 0.043305,
		0.042771, 0.035730, 0.998446,
		39.864258, 35.080544, 24.084339>
	pigment { color rgbt <0,1,1,0> }
	no_shadow
}
cylinder {
	<39.291969, 35.556965, 23.614037>,  <39.834316, 35.055531, 23.385427>, 0.130000
	pigment { color rgbt <1,0,0,0> }
	no_shadow
}

// nucleotide -1

// particle -1
sphere {
	<39.291969, 35.556965, 23.614037> 0.250000
	pigment { color rgbt <1,0,0,0> }
	no_shadow
}
cylinder {
	<39.535835, 35.537529, 23.930504>,  <39.682156, 35.525867, 24.120384>, 0.100000
	pigment { color rgbt <1,0,0,0> }
	no_shadow
}
cylinder {
	<39.535835, 35.537529, 23.930504>,  <39.291969, 35.556965, 23.614037>, 0.100000
	pigment { color rgbt <1,0,0,0> }
	no_shadow
}

// particle -1
sphere {
	<39.535835, 35.537529, 23.930504> 0.100000
	pigment { color rgbt <1,0,0,0> }
	no_shadow
}
sphere {
	0, 1
	scale<0.080000,0.200000,0.300000>
	matrix <-0.092049, 0.987027, 0.131546,
		-0.787294, -0.153025, 0.597287,
		0.609668, -0.048586, 0.791166,
		39.718735, 35.522953, 24.167854>
	pigment { color rgbt <0,1,1,0> }
	no_shadow
}
cylinder {
	<38.955650, 35.968197, 24.094296>,  <39.291969, 35.556965, 23.614037>, 0.130000
	pigment { color rgbt <1,0,0,0> }
	no_shadow
}

// nucleotide -1

// particle -1
sphere {
	<38.955650, 35.968197, 24.094296> 0.250000
	pigment { color rgbt <1,0,0,0> }
	no_shadow
}
cylinder {
	<39.331772, 35.942005, 24.227882>,  <39.557446, 35.926289, 24.308035>, 0.100000
	pigment { color rgbt <1,0,0,0> }
	no_shadow
}
cylinder {
	<39.331772, 35.942005, 24.227882>,  <38.955650, 35.968197, 24.094296>, 0.100000
	pigment { color rgbt <1,0,0,0> }
	no_shadow
}

// particle -1
sphere {
	<39.331772, 35.942005, 24.227882> 0.100000
	pigment { color rgbt <1,0,0,0> }
	no_shadow
}
sphere {
	0, 1
	scale<0.080000,0.200000,0.300000>
	matrix <0.006658, 0.984666, 0.174323,
		-0.340259, -0.161694, 0.926326,
		0.940308, -0.065482, 0.333965,
		39.613865, 35.922359, 24.328072>
	pigment { color rgbt <0,1,1,0> }
	no_shadow
}
cylinder {
	<38.959949, 36.248947, 24.725483>,  <38.955650, 35.968197, 24.094296>, 0.130000
	pigment { color rgbt <1,0,0,0> }
	no_shadow
}

// nucleotide -1

// particle -1
sphere {
	<38.959949, 36.248947, 24.725483> 0.250000
	pigment { color rgbt <1,0,0,0> }
	no_shadow
}
cylinder {
	<39.337681, 36.284542, 24.598785>,  <39.564320, 36.305897, 24.522766>, 0.100000
	pigment { color rgbt <1,0,0,0> }
	no_shadow
}
cylinder {
	<39.337681, 36.284542, 24.598785>,  <38.959949, 36.248947, 24.725483>, 0.100000
	pigment { color rgbt <1,0,0,0> }
	no_shadow
}

// particle -1
sphere {
	<39.337681, 36.284542, 24.598785> 0.100000
	pigment { color rgbt <1,0,0,0> }
	no_shadow
}
sphere {
	0, 1
	scale<0.080000,0.200000,0.300000>
	matrix <-0.036685, 0.985204, 0.167411,
		0.326954, -0.146472, 0.933621,
		0.944328, 0.088985, -0.316743,
		39.620979, 36.311237, 24.503763>
	pigment { color rgbt <0,1,1,0> }
	no_shadow
}
cylinder {
	<39.272602, 36.511219, 25.296013>,  <38.959949, 36.248947, 24.725483>, 0.130000
	pigment { color rgbt <1,0,0,0> }
	no_shadow
}

// nucleotide -1

// particle -1
sphere {
	<39.272602, 36.511219, 25.296013> 0.250000
	pigment { color rgbt <1,0,0,0> }
	no_shadow
}
cylinder {
	<39.529621, 36.607632, 25.005074>,  <39.683834, 36.665478, 24.830509>, 0.100000
	pigment { color rgbt <1,0,0,0> }
	no_shadow
}
cylinder {
	<39.529621, 36.607632, 25.005074>,  <39.272602, 36.511219, 25.296013>, 0.100000
	pigment { color rgbt <1,0,0,0> }
	no_shadow
}

// particle -1
sphere {
	<39.529621, 36.607632, 25.005074> 0.100000
	pigment { color rgbt <1,0,0,0> }
	no_shadow
}
sphere {
	0, 1
	scale<0.080000,0.200000,0.300000>
	matrix <-0.132903, 0.969908, 0.204000,
		0.754632, -0.034413, 0.655246,
		0.642548, 0.241029, -0.727349,
		39.722385, 36.679939, 24.786869>
	pigment { color rgbt <0,1,1,0> }
	no_shadow
}
cylinder {
	<39.604595, 36.951656, 25.675184>,  <39.272602, 36.511219, 25.296013>, 0.130000
	pigment { color rgbt <1,0,0,0> }
	no_shadow
}

// nucleotide -1

// particle -1
sphere {
	<39.604595, 36.951656, 25.675184> 0.250000
	pigment { color rgbt <1,0,0,0> }
	no_shadow
}
cylinder {
	<39.720188, 37.003914, 25.295834>,  <39.789543, 37.035271, 25.068222>, 0.100000
	pigment { color rgbt <1,0,0,0> }
	no_shadow
}
cylinder {
	<39.720188, 37.003914, 25.295834>,  <39.604595, 36.951656, 25.675184>, 0.100000
	pigment { color rgbt <1,0,0,0> }
	no_shadow
}

// particle -1
sphere {
	<39.720188, 37.003914, 25.295834> 0.100000
	pigment { color rgbt <1,0,0,0> }
	no_shadow
}
sphere {
	0, 1
	scale<0.080000,0.200000,0.300000>
	matrix <-0.079026, 0.990519, 0.112371,
		0.954067, 0.042473, 0.296565,
		0.288981, 0.130646, -0.948378,
		39.806881, 37.043106, 25.011320>
	pigment { color rgbt <0,1,1,0> }
	no_shadow
}
cylinder {
	<39.985249, 37.546406, 25.696121>,  <39.604595, 36.951656, 25.675184>, 0.130000
	pigment { color rgbt <1,0,0,0> }
	no_shadow
}

// nucleotide -1

// particle -1
sphere {
	<39.985249, 37.546406, 25.696121> 0.250000
	pigment { color rgbt <1,0,0,0> }
	no_shadow
}
cylinder {
	<39.873550, 37.507481, 25.314011>,  <39.806534, 37.484127, 25.084743>, 0.100000
	pigment { color rgbt <1,0,0,0> }
	no_shadow
}
cylinder {
	<39.873550, 37.507481, 25.314011>,  <39.985249, 37.546406, 25.696121>, 0.100000
	pigment { color rgbt <1,0,0,0> }
	no_shadow
}

// particle -1
sphere {
	<39.873550, 37.507481, 25.314011> 0.100000
	pigment { color rgbt <1,0,0,0> }
	no_shadow
}
sphere {
	0, 1
	scale<0.080000,0.200000,0.300000>
	matrix <0.082457, 0.988747, -0.124823,
		0.956674, -0.113625, -0.268076,
		-0.279243, -0.097310, -0.955277,
		39.789776, 37.478287, 25.027428>
	pigment { color rgbt <0,1,1,0> }
	no_shadow
}
cylinder {
	<40.470764, 37.972015, 25.231577>,  <39.985249, 37.546406, 25.696121>, 0.130000
	pigment { color rgbt <1,0,0,0> }
	no_shadow
}

// nucleotide -1

// particle -1
sphere {
	<40.470764, 37.972015, 25.231577> 0.250000
	pigment { color rgbt <1,0,0,0> }
	no_shadow
}
cylinder {
	<40.122173, 37.939865, 25.038055>,  <39.913017, 37.920574, 24.921942>, 0.100000
	pigment { color rgbt <1,0,0,0> }
	no_shadow
}
cylinder {
	<40.122173, 37.939865, 25.038055>,  <40.470764, 37.972015, 25.231577>, 0.100000
	pigment { color rgbt <1,0,0,0> }
	no_shadow
}

// particle -1
sphere {
	<40.122173, 37.939865, 25.038055> 0.100000
	pigment { color rgbt <1,0,0,0> }
	no_shadow
}
sphere {
	0, 1
	scale<0.080000,0.200000,0.300000>
	matrix <-0.021431, 0.991779, -0.126154,
		0.489967, -0.099572, -0.866036,
		-0.871478, -0.080371, -0.483805,
		39.860729, 37.915752, 24.892914>
	pigment { color rgbt <0,1,1,0> }
	no_shadow
}
cylinder {
	<40.649162, 38.371132, 24.714037>,  <40.470764, 37.972015, 25.231577>, 0.130000
	pigment { color rgbt <1,0,0,0> }
	no_shadow
}

// nucleotide -1

// particle -1
sphere {
	<40.649162, 38.371132, 24.714037> 0.250000
	pigment { color rgbt <1,0,0,0> }
	no_shadow
}
cylinder {
	<40.251846, 38.328499, 24.732021>,  <40.013458, 38.302917, 24.742813>, 0.100000
	pigment { color rgbt <1,0,0,0> }
	no_shadow
}
cylinder {
	<40.251846, 38.328499, 24.732021>,  <40.649162, 38.371132, 24.714037>, 0.100000
	pigment { color rgbt <1,0,0,0> }
	no_shadow
}

// particle -1
sphere {
	<40.251846, 38.328499, 24.732021> 0.100000
	pigment { color rgbt <1,0,0,0> }
	no_shadow
}
sphere {
	0, 1
	scale<0.080000,0.200000,0.300000>
	matrix <-0.111591, 0.985269, -0.129584,
		-0.030489, -0.133732, -0.990548,
		-0.993286, -0.106585, 0.044963,
		39.953861, 38.296524, 24.745510>
	pigment { color rgbt <0,1,1,0> }
	no_shadow
}
cylinder {
	<40.389980, 38.900414, 24.203266>,  <40.649162, 38.371132, 24.714037>, 0.130000
	pigment { color rgbt <1,0,0,0> }
	no_shadow
}

// nucleotide -1

// particle -1
sphere {
	<40.389980, 38.900414, 24.203266> 0.250000
	pigment { color rgbt <1,0,0,0> }
	no_shadow
}
cylinder {
	<40.059326, 38.796520, 24.402950>,  <39.860931, 38.734184, 24.522760>, 0.100000
	pigment { color rgbt <1,0,0,0> }
	no_shadow
}
cylinder {
	<40.059326, 38.796520, 24.402950>,  <40.389980, 38.900414, 24.203266>, 0.100000
	pigment { color rgbt <1,0,0,0> }
	no_shadow
}

// particle -1
sphere {
	<40.059326, 38.796520, 24.402950> 0.100000
	pigment { color rgbt <1,0,0,0> }
	no_shadow
}
sphere {
	0, 1
	scale<0.080000,0.200000,0.300000>
	matrix <-0.333420, 0.940693, -0.062677,
		-0.453322, -0.218257, -0.864212,
		-0.826638, -0.259733, 0.499208,
		39.811337, 38.718601, 24.552713>
	pigment { color rgbt <0,1,1,0> }
	no_shadow
}
cylinder {
	<39.882538, 39.171921, 23.856903>,  <40.389980, 38.900414, 24.203266>, 0.130000
	pigment { color rgbt <1,0,0,0> }
	no_shadow
}

// nucleotide -1

// particle -1
sphere {
	<39.882538, 39.171921, 23.856903> 0.250000
	pigment { color rgbt <1,0,0,0> }
	no_shadow
}
cylinder {
	<39.738350, 39.132866, 24.227962>,  <39.651836, 39.109432, 24.450598>, 0.100000
	pigment { color rgbt <1,0,0,0> }
	no_shadow
}
cylinder {
	<39.738350, 39.132866, 24.227962>,  <39.882538, 39.171921, 23.856903>, 0.100000
	pigment { color rgbt <1,0,0,0> }
	no_shadow
}

// particle -1
sphere {
	<39.738350, 39.132866, 24.227962> 0.100000
	pigment { color rgbt <1,0,0,0> }
	no_shadow
}
sphere {
	0, 1
	scale<0.080000,0.200000,0.300000>
	matrix <-0.403481, 0.912973, -0.060692,
		-0.840991, -0.396165, -0.368494,
		-0.360469, -0.097638, 0.927647,
		39.630211, 39.103573, 24.506256>
	pigment { color rgbt <0,1,1,0> }
	no_shadow
}
cylinder {
	<39.121094, 39.496597, 23.843382>,  <39.882538, 39.171921, 23.856903>, 0.130000
	pigment { color rgbt <1,0,0,0> }
	no_shadow
}

// nucleotide -1

// particle -1
sphere {
	<39.121094, 39.496597, 23.843382> 0.250000
	pigment { color rgbt <1,0,0,0> }
	no_shadow
}
cylinder {
	<39.261536, 39.472679, 24.217152>,  <39.345802, 39.458328, 24.441414>, 0.100000
	pigment { color rgbt <1,0,0,0> }
	no_shadow
}
cylinder {
	<39.261536, 39.472679, 24.217152>,  <39.121094, 39.496597, 23.843382>, 0.100000
	pigment { color rgbt <1,0,0,0> }
	no_shadow
}

// particle -1
sphere {
	<39.261536, 39.472679, 24.217152> 0.100000
	pigment { color rgbt <1,0,0,0> }
	no_shadow
}
sphere {
	0, 1
	scale<0.080000,0.200000,0.300000>
	matrix <-0.372804, 0.906520, 0.198088,
		-0.858919, -0.417908, 0.295994,
		0.351107, -0.059794, 0.934424,
		39.366867, 39.454742, 24.497478>
	pigment { color rgbt <0,1,1,0> }
	no_shadow
}
cylinder {
	<38.505684, 39.637939, 24.264721>,  <39.121094, 39.496597, 23.843382>, 0.130000
	pigment { color rgbt <1,0,0,0> }
	no_shadow
}

// nucleotide -1

// particle -1
sphere {
	<38.505684, 39.637939, 24.264721> 0.250000
	pigment { color rgbt <1,0,0,0> }
	no_shadow
}
cylinder {
	<38.834545, 39.719601, 24.477283>,  <39.031860, 39.768597, 24.604820>, 0.100000
	pigment { color rgbt <1,0,0,0> }
	no_shadow
}
cylinder {
	<38.834545, 39.719601, 24.477283>,  <38.505684, 39.637939, 24.264721>, 0.100000
	pigment { color rgbt <1,0,0,0> }
	no_shadow
}

// particle -1
sphere {
	<38.834545, 39.719601, 24.477283> 0.100000
	pigment { color rgbt <1,0,0,0> }
	no_shadow
}
sphere {
	0, 1
	scale<0.080000,0.200000,0.300000>
	matrix <-0.380844, 0.891070, 0.246886,
		-0.423118, -0.405360, 0.810342,
		0.822149, 0.204152, 0.531406,
		39.081188, 39.780846, 24.636705>
	pigment { color rgbt <0,1,1,0> }
	no_shadow
}
cylinder {
	<38.231430, 39.937622, 24.829983>,  <38.505684, 39.637939, 24.264721>, 0.130000
	pigment { color rgbt <1,0,0,0> }
	no_shadow
}

// nucleotide -1

// particle -1
sphere {
	<38.231430, 39.937622, 24.829983> 0.250000
	pigment { color rgbt <1,0,0,0> }
	no_shadow
}
cylinder {
	<38.621586, 40.025803, 24.828812>,  <38.855679, 40.078712, 24.828110>, 0.100000
	pigment { color rgbt <1,0,0,0> }
	no_shadow
}
cylinder {
	<38.621586, 40.025803, 24.828812>,  <38.231430, 39.937622, 24.829983>, 0.100000
	pigment { color rgbt <1,0,0,0> }
	no_shadow
}

// particle -1
sphere {
	<38.621586, 40.025803, 24.828812> 0.100000
	pigment { color rgbt <1,0,0,0> }
	no_shadow
}
sphere {
	0, 1
	scale<0.080000,0.200000,0.300000>
	matrix <-0.179302, 0.800904, 0.571318,
		0.128294, -0.556735, 0.820724,
		0.975393, 0.220454, -0.002928,
		38.914204, 40.091938, 24.827932>
	pigment { color rgbt <0,1,1,0> }
	no_shadow
}
cylinder {
	<38.259682, 40.132561, 25.436314>,  <38.231430, 39.937622, 24.829983>, 0.130000
	pigment { color rgbt <1,0,0,0> }
	no_shadow
}

// nucleotide -1

// particle -1
sphere {
	<38.259682, 40.132561, 25.436314> 0.250000
	pigment { color rgbt <1,0,0,0> }
	no_shadow
}
cylinder {
	<38.569504, 40.285908, 25.235081>,  <38.755398, 40.377918, 25.114342>, 0.100000
	pigment { color rgbt <1,0,0,0> }
	no_shadow
}
cylinder {
	<38.569504, 40.285908, 25.235081>,  <38.259682, 40.132561, 25.436314>, 0.100000
	pigment { color rgbt <1,0,0,0> }
	no_shadow
}

// particle -1
sphere {
	<38.569504, 40.285908, 25.235081> 0.100000
	pigment { color rgbt <1,0,0,0> }
	no_shadow
}
sphere {
	0, 1
	scale<0.080000,0.200000,0.300000>
	matrix <-0.160335, 0.888405, 0.430150,
		0.611847, -0.252513, 0.749586,
		0.774555, 0.383371, -0.503082,
		38.801872, 40.400921, 25.084156>
	pigment { color rgbt <0,1,1,0> }
	no_shadow
}
cylinder {
	<38.538227, 40.576294, 25.872669>,  <38.259682, 40.132561, 25.436314>, 0.130000
	pigment { color rgbt <1,0,0,0> }
	no_shadow
}

// nucleotide -1

// particle -1
sphere {
	<38.538227, 40.576294, 25.872669> 0.250000
	pigment { color rgbt <1,0,0,0> }
	no_shadow
}
cylinder {
	<38.688828, 40.705578, 25.525387>,  <38.779186, 40.783150, 25.317017>, 0.100000
	pigment { color rgbt <1,0,0,0> }
	no_shadow
}
cylinder {
	<38.688828, 40.705578, 25.525387>,  <38.538227, 40.576294, 25.872669>, 0.100000
	pigment { color rgbt <1,0,0,0> }
	no_shadow
}

// particle -1
sphere {
	<38.688828, 40.705578, 25.525387> 0.100000
	pigment { color rgbt <1,0,0,0> }
	no_shadow
}
sphere {
	0, 1
	scale<0.080000,0.200000,0.300000>
	matrix <-0.122591, 0.946307, 0.299123,
		0.918270, -0.006184, 0.395907,
		0.376499, 0.323210, -0.868207,
		38.801777, 40.802540, 25.264925>
	pigment { color rgbt <0,1,1,0> }
	no_shadow
}
cylinder {
	<39.186314, 41.058304, 26.028378>,  <38.538227, 40.576294, 25.872669>, 0.130000
	pigment { color rgbt <1,0,0,0> }
	no_shadow
}

// nucleotide -1

// particle -1
sphere {
	<39.186314, 41.058304, 26.028378> 0.250000
	pigment { color rgbt <1,0,0,0> }
	no_shadow
}
cylinder {
	<39.014847, 41.130035, 25.674183>,  <38.911968, 41.173073, 25.461666>, 0.100000
	pigment { color rgbt <1,0,0,0> }
	no_shadow
}
cylinder {
	<39.014847, 41.130035, 25.674183>,  <39.186314, 41.058304, 26.028378>, 0.100000
	pigment { color rgbt <1,0,0,0> }
	no_shadow
}

// particle -1
sphere {
	<39.014847, 41.130035, 25.674183> 0.100000
	pigment { color rgbt <1,0,0,0> }
	no_shadow
}
sphere {
	0, 1
	scale<0.080000,0.200000,0.300000>
	matrix <0.064414, 0.983675, 0.168030,
		0.901164, 0.014991, -0.433218,
		-0.428665, 0.179328, -0.885487,
		38.886246, 41.183834, 25.408537>
	pigment { color rgbt <0,1,1,0> }
	no_shadow
}
cylinder {
	<39.587154, 41.647476, 25.772217>,  <39.186314, 41.058304, 26.028378>, 0.130000
	pigment { color rgbt <1,0,0,0> }
	no_shadow
}

// nucleotide -1

// particle -1
sphere {
	<39.587154, 41.647476, 25.772217> 0.250000
	pigment { color rgbt <1,0,0,0> }
	no_shadow
}
cylinder {
	<39.264816, 41.652061, 25.535408>,  <39.071415, 41.654812, 25.393324>, 0.100000
	pigment { color rgbt <1,0,0,0> }
	no_shadow
}
cylinder {
	<39.264816, 41.652061, 25.535408>,  <39.587154, 41.647476, 25.772217>, 0.100000
	pigment { color rgbt <1,0,0,0> }
	no_shadow
}

// particle -1
sphere {
	<39.264816, 41.652061, 25.535408> 0.100000
	pigment { color rgbt <1,0,0,0> }
	no_shadow
}
sphere {
	0, 1
	scale<0.080000,0.200000,0.300000>
	matrix <-0.120452, 0.975734, 0.182849,
		0.579751, 0.218657, -0.784906,
		-0.805841, 0.011464, -0.592021,
		39.023064, 41.655502, 25.357801>
	pigment { color rgbt <0,1,1,0> }
	no_shadow
}
cylinder {
	<39.799938, 42.110924, 25.356470>,  <39.587154, 41.647476, 25.772217>, 0.130000
	pigment { color rgbt <1,0,0,0> }
	no_shadow
}

// nucleotide -1

// particle -1
sphere {
	<39.799938, 42.110924, 25.356470> 0.250000
	pigment { color rgbt <1,0,0,0> }
	no_shadow
}
cylinder {
	<39.402157, 42.078850, 25.329262>,  <39.163486, 42.059605, 25.312937>, 0.100000
	pigment { color rgbt <1,0,0,0> }
	no_shadow
}
cylinder {
	<39.402157, 42.078850, 25.329262>,  <39.799938, 42.110924, 25.356470>, 0.100000
	pigment { color rgbt <1,0,0,0> }
	no_shadow
}

// particle -1
sphere {
	<39.402157, 42.078850, 25.329262> 0.100000
	pigment { color rgbt <1,0,0,0> }
	no_shadow
}
sphere {
	0, 1
	scale<0.080000,0.200000,0.300000>
	matrix <-0.086675, 0.991347, 0.098585,
		0.059528, 0.103934, -0.992801,
		-0.994456, -0.080182, -0.068021,
		39.103821, 42.054794, 25.308855>
	pigment { color rgbt <0,1,1,0> }
	no_shadow
}
cylinder {
	<39.492283, 42.681694, 25.011059>,  <39.799938, 42.110924, 25.356470>, 0.130000
	pigment { color rgbt <1,0,0,0> }
	no_shadow
}

// nucleotide -1

// particle -1
sphere {
	<39.492283, 42.681694, 25.011059> 0.250000
	pigment { color rgbt <1,0,0,0> }
	no_shadow
}
cylinder {
	<39.218700, 42.523350, 25.256172>,  <39.054550, 42.428345, 25.403240>, 0.100000
	pigment { color rgbt <1,0,0,0> }
	no_shadow
}
cylinder {
	<39.218700, 42.523350, 25.256172>,  <39.492283, 42.681694, 25.011059>, 0.100000
	pigment { color rgbt <1,0,0,0> }
	no_shadow
}

// particle -1
sphere {
	<39.218700, 42.523350, 25.256172> 0.100000
	pigment { color rgbt <1,0,0,0> }
	no_shadow
}
sphere {
	0, 1
	scale<0.080000,0.200000,0.300000>
	matrix <-0.050541, 0.863670, 0.501518,
		-0.727770, 0.312046, -0.610719,
		-0.683956, -0.395857, 0.612782,
		39.013512, 42.404594, 25.440006>
	pigment { color rgbt <0,1,1,0> }
	no_shadow
}
cylinder {
	<38.867794, 43.159760, 25.138416>,  <39.492283, 42.681694, 25.011059>, 0.130000
	pigment { color rgbt <1,0,0,0> }
	no_shadow
}

// nucleotide -1

// particle -1
sphere {
	<38.867794, 43.159760, 25.138416> 0.250000
	pigment { color rgbt <1,0,0,0> }
	no_shadow
}
cylinder {
	<38.993809, 42.925362, 25.437042>,  <39.069420, 42.784721, 25.616219>, 0.100000
	pigment { color rgbt <1,0,0,0> }
	no_shadow
}
cylinder {
	<38.993809, 42.925362, 25.437042>,  <38.867794, 43.159760, 25.138416>, 0.100000
	pigment { color rgbt <1,0,0,0> }
	no_shadow
}

// particle -1
sphere {
	<38.993809, 42.925362, 25.437042> 0.100000
	pigment { color rgbt <1,0,0,0> }
	no_shadow
}
sphere {
	0, 1
	scale<0.080000,0.200000,0.300000>
	matrix <-0.045515, 0.776388, 0.628610,
		-0.947987, -0.232016, 0.217920,
		0.315038, -0.585996, 0.746565,
		39.088322, 42.749561, 25.661013>
	pigment { color rgbt <0,1,1,0> }
	no_shadow
}
cylinder {
	<38.425499, 43.467358, 25.596300>,  <38.867794, 43.159760, 25.138416>, 0.130000
	pigment { color rgbt <1,0,0,0> }
	no_shadow
}

// nucleotide -1

// particle -1
sphere {
	<38.425499, 43.467358, 25.596300> 0.250000
	pigment { color rgbt <1,0,0,0> }
	no_shadow
}
cylinder {
	<38.755440, 43.284245, 25.729000>,  <38.953403, 43.174377, 25.808620>, 0.100000
	pigment { color rgbt <1,0,0,0> }
	no_shadow
}
cylinder {
	<38.755440, 43.284245, 25.729000>,  <38.425499, 43.467358, 25.596300>, 0.100000
	pigment { color rgbt <1,0,0,0> }
	no_shadow
}

// particle -1
sphere {
	<38.755440, 43.284245, 25.729000> 0.100000
	pigment { color rgbt <1,0,0,0> }
	no_shadow
}
sphere {
	0, 1
	scale<0.080000,0.200000,0.300000>
	matrix <0.324991, 0.864105, 0.384323,
		-0.462604, -0.209193, 0.861531,
		0.824851, -0.457779, 0.331752,
		39.002895, 43.146912, 25.828526>
	pigment { color rgbt <0,1,1,0> }
	no_shadow
}
cylinder {
	<38.451931, 43.391701, 26.295387>,  <38.425499, 43.467358, 25.596300>, 0.130000
	pigment { color rgbt <1,0,0,0> }
	no_shadow
}

// nucleotide -1

// particle -1
sphere {
	<38.451931, 43.391701, 26.295387> 0.250000
	pigment { color rgbt <1,0,0,0> }
	no_shadow
}
cylinder {
	<38.813126, 43.451488, 26.134254>,  <39.029842, 43.487362, 26.037575>, 0.100000
	pigment { color rgbt <1,0,0,0> }
	no_shadow
}
cylinder {
	<38.813126, 43.451488, 26.134254>,  <38.451931, 43.391701, 26.295387>, 0.100000
	pigment { color rgbt <1,0,0,0> }
	no_shadow
}

// particle -1
sphere {
	<38.813126, 43.451488, 26.134254> 0.100000
	pigment { color rgbt <1,0,0,0> }
	no_shadow
}
sphere {
	0, 1
	scale<0.080000,0.200000,0.300000>
	matrix <0.127447, 0.802180, 0.583322,
		0.410330, -0.578072, 0.705310,
		0.902988, 0.149465, -0.402832,
		39.084023, 43.496326, 26.013405>
	pigment { color rgbt <0,1,1,0> }
	no_shadow
}
cylinder {
	<38.895428, 43.439384, 26.799046>,  <38.451931, 43.391701, 26.295387>, 0.130000
	pigment { color rgbt <1,0,0,0> }
	no_shadow
}

// nucleotide -1

// particle -1
sphere {
	<38.895428, 43.439384, 26.799046> 0.250000
	pigment { color rgbt <1,0,0,0> }
	no_shadow
}
cylinder {
	<39.063396, 43.640110, 26.496563>,  <39.164177, 43.760544, 26.315073>, 0.100000
	pigment { color rgbt <1,0,0,0> }
	no_shadow
}
cylinder {
	<39.063396, 43.640110, 26.496563>,  <38.895428, 43.439384, 26.799046>, 0.100000
	pigment { color rgbt <1,0,0,0> }
	no_shadow
}

// particle -1
sphere {
	<39.063396, 43.640110, 26.496563> 0.100000
	pigment { color rgbt <1,0,0,0> }
	no_shadow
}
sphere {
	0, 1
	scale<0.080000,0.200000,0.300000>
	matrix <0.338721, 0.686368, 0.643557,
		0.841982, -0.526388, 0.118247,
		0.419922, 0.501811, -0.756208,
		39.189373, 43.790653, 26.269701>
	pigment { color rgbt <0,1,1,0> }
	no_shadow
}
cylinder {
	<39.236137, 43.182888, 27.342804>,  <38.895428, 43.439384, 26.799046>, 0.130000
	pigment { color rgbt <1,0,0,0> }
	no_shadow
}

// nucleotide -1

// particle -1
sphere {
	<39.236137, 43.182888, 27.342804> 0.250000
	pigment { color rgbt <1,0,0,0> }
	no_shadow
}
cylinder {
	<38.890152, 42.983635, 27.367126>,  <38.682560, 42.864082, 27.381720>, 0.100000
	pigment { color rgbt <1,0,0,0> }
	no_shadow
}
cylinder {
	<38.890152, 42.983635, 27.367126>,  <39.236137, 43.182888, 27.342804>, 0.100000
	pigment { color rgbt <1,0,0,0> }
	no_shadow
}

// particle -1
sphere {
	<38.890152, 42.983635, 27.367126> 0.100000
	pigment { color rgbt <1,0,0,0> }
	no_shadow
}
sphere {
	0, 1
	scale<0.080000,0.200000,0.300000>
	matrix <0.392508, -0.596053, 0.700470,
		-0.312685, 0.629749, 0.711087,
		-0.864966, -0.498133, 0.060804,
		38.630661, 42.834194, 27.385368>
	pigment { color rgbt <0,1,1,0> }
	no_shadow
}
cylinder {
	<38.801853, 43.314415, 27.949650>,  <39.236137, 43.182888, 27.342804>, 0.130000
	pigment { color rgbt <1,0,0,0> }
	no_shadow
}

// nucleotide -1

// particle -1
sphere {
	<38.801853, 43.314415, 27.949650> 0.250000
	pigment { color rgbt <1,0,0,0> }
	no_shadow
}
cylinder {
	<38.771423, 42.930664, 27.840977>,  <38.753166, 42.700413, 27.775774>, 0.100000
	pigment { color rgbt <1,0,0,0> }
	no_shadow
}
cylinder {
	<38.771423, 42.930664, 27.840977>,  <38.801853, 43.314415, 27.949650>, 0.100000
	pigment { color rgbt <1,0,0,0> }
	no_shadow
}

// particle -1
sphere {
	<38.771423, 42.930664, 27.840977> 0.100000
	pigment { color rgbt <1,0,0,0> }
	no_shadow
}
sphere {
	0, 1
	scale<0.080000,0.200000,0.300000>
	matrix <0.509542, -0.271614, 0.816451,
		-0.857076, -0.076319, 0.509506,
		-0.076079, -0.959376, -0.271681,
		38.748600, 42.642853, 27.759472>
	pigment { color rgbt <0,1,1,0> }
	no_shadow
}
cylinder {
	<38.772907, 42.934761, 28.541992>,  <38.801853, 43.314415, 27.949650>, 0.130000
	pigment { color rgbt <1,0,0,0> }
	no_shadow
}

// nucleotide -1

// particle -1
sphere {
	<38.772907, 42.934761, 28.541992> 0.250000
	pigment { color rgbt <1,0,0,0> }
	no_shadow
}
cylinder {
	<38.856747, 42.657333, 28.266304>,  <38.907051, 42.490875, 28.100891>, 0.100000
	pigment { color rgbt <1,0,0,0> }
	no_shadow
}
cylinder {
	<38.856747, 42.657333, 28.266304>,  <38.772907, 42.934761, 28.541992>, 0.100000
	pigment { color rgbt <1,0,0,0> }
	no_shadow
}

// particle -1
sphere {
	<38.856747, 42.657333, 28.266304> 0.100000
	pigment { color rgbt <1,0,0,0> }
	no_shadow
}
sphere {
	0, 1
	scale<0.080000,0.200000,0.300000>
	matrix <0.541719, -0.504442, 0.672368,
		-0.814008, -0.514294, 0.269989,
		0.209601, -0.693571, -0.689222,
		38.919628, 42.449261, 28.059538>
	pigment { color rgbt <0,1,1,0> }
	no_shadow
}
cylinder {
	<38.519611, 42.277084, 28.787807>,  <38.772907, 42.934761, 28.541992>, 0.130000
	pigment { color rgbt <1,0,0,0> }
	no_shadow
}

// nucleotide -1

// particle -1
sphere {
	<38.519611, 42.277084, 28.787807> 0.250000
	pigment { color rgbt <1,0,0,0> }
	no_shadow
}
cylinder {
	<38.790188, 42.167545, 28.514332>,  <38.952534, 42.101822, 28.350246>, 0.100000
	pigment { color rgbt <1,0,0,0> }
	no_shadow
}
cylinder {
	<38.790188, 42.167545, 28.514332>,  <38.519611, 42.277084, 28.787807>, 0.100000
	pigment { color rgbt <1,0,0,0> }
	no_shadow
}

// particle -1
sphere {
	<38.790188, 42.167545, 28.514332> 0.100000
	pigment { color rgbt <1,0,0,0> }
	no_shadow
}
sphere {
	0, 1
	scale<0.080000,0.200000,0.300000>
	matrix <0.353894, -0.693252, 0.627822,
		-0.645898, -0.666640, -0.372031,
		0.676442, -0.273849, -0.683690,
		38.993122, 42.085392, 28.309225>
	pigment { color rgbt <0,1,1,0> }
	no_shadow
}
cylinder {
	<39.154308, 41.834339, 28.792109>,  <38.519611, 42.277084, 28.787807>, 0.130000
	pigment { color rgbt <1,0,0,0> }
	no_shadow
}

// nucleotide -1

// particle -1
sphere {
	<39.154308, 41.834339, 28.792109> 0.250000
	pigment { color rgbt <1,0,0,0> }
	no_shadow
}
cylinder {
	<39.451153, 41.566700, 28.808025>,  <39.629257, 41.406116, 28.817575>, 0.100000
	pigment { color rgbt <1,0,0,0> }
	no_shadow
}
cylinder {
	<39.451153, 41.566700, 28.808025>,  <39.154308, 41.834339, 28.792109>, 0.100000
	pigment { color rgbt <1,0,0,0> }
	no_shadow
}

// particle -1
sphere {
	<39.451153, 41.566700, 28.808025> 0.100000
	pigment { color rgbt <1,0,0,0> }
	no_shadow
}
sphere {
	0, 1
	scale<0.080000,0.200000,0.300000>
	matrix <-0.654974, -0.736499, -0.169053,
		0.142418, 0.099395, -0.984803,
		0.742110, -0.669097, 0.039790,
		39.673786, 41.365971, 28.819962>
	pigment { color rgbt <0,1,1,0> }
	no_shadow
}
cylinder {
	<38.902721, 41.175301, 28.497002>,  <39.154308, 41.834339, 28.792109>, 0.130000
	pigment { color rgbt <1,0,0,0> }
	no_shadow
}

// nucleotide -1

// particle -1
sphere {
	<38.902721, 41.175301, 28.497002> 0.250000
	pigment { color rgbt <1,0,0,0> }
	no_shadow
}
cylinder {
	<39.246140, 41.032227, 28.643951>,  <39.452190, 40.946381, 28.732122>, 0.100000
	pigment { color rgbt <1,0,0,0> }
	no_shadow
}
cylinder {
	<39.246140, 41.032227, 28.643951>,  <38.902721, 41.175301, 28.497002>, 0.100000
	pigment { color rgbt <1,0,0,0> }
	no_shadow
}

// particle -1
sphere {
	<39.246140, 41.032227, 28.643951> 0.100000
	pigment { color rgbt <1,0,0,0> }
	no_shadow
}
sphere {
	0, 1
	scale<0.080000,0.200000,0.300000>
	matrix <-0.282157, -0.927827, -0.243975,
		0.428129, 0.105805, -0.897503,
		0.858541, -0.357689, 0.367376,
		39.503700, 40.924919, 28.754164>
	pigment { color rgbt <0,1,1,0> }
	no_shadow
}
cylinder {
	<39.089886, 40.654194, 28.124302>,  <38.902721, 41.175301, 28.497002>, 0.130000
	pigment { color rgbt <1,0,0,0> }
	no_shadow
}

// nucleotide -1

// particle -1
sphere {
	<39.089886, 40.654194, 28.124302> 0.250000
	pigment { color rgbt <1,0,0,0> }
	no_shadow
}
cylinder {
	<39.333038, 40.565769, 28.429356>,  <39.478931, 40.512714, 28.612387>, 0.100000
	pigment { color rgbt <1,0,0,0> }
	no_shadow
}
cylinder {
	<39.333038, 40.565769, 28.429356>,  <39.089886, 40.654194, 28.124302>, 0.100000
	pigment { color rgbt <1,0,0,0> }
	no_shadow
}

// particle -1
sphere {
	<39.333038, 40.565769, 28.429356> 0.100000
	pigment { color rgbt <1,0,0,0> }
	no_shadow
}
sphere {
	0, 1
	scale<0.080000,0.200000,0.300000>
	matrix <-0.155827, -0.975000, -0.158409,
		0.778585, -0.022544, -0.627134,
		0.607885, -0.221060, 0.762633,
		39.515404, 40.499451, 28.658146>
	pigment { color rgbt <0,1,1,0> }
	no_shadow
}
cylinder {
	<39.533398, 40.186825, 27.924089>,  <39.089886, 40.654194, 28.124302>, 0.130000
	pigment { color rgbt <1,0,0,0> }
	no_shadow
}

// nucleotide -1

// particle -1
sphere {
	<39.533398, 40.186825, 27.924089> 0.250000
	pigment { color rgbt <1,0,0,0> }
	no_shadow
}
cylinder {
	<39.553398, 40.115788, 28.317223>,  <39.565399, 40.073166, 28.553102>, 0.100000
	pigment { color rgbt <1,0,0,0> }
	no_shadow
}
cylinder {
	<39.553398, 40.115788, 28.317223>,  <39.533398, 40.186825, 27.924089>, 0.100000
	pigment { color rgbt <1,0,0,0> }
	no_shadow
}

// particle -1
sphere {
	<39.553398, 40.115788, 28.317223> 0.100000
	pigment { color rgbt <1,0,0,0> }
	no_shadow
}
sphere {
	0, 1
	scale<0.080000,0.200000,0.300000>
	matrix <-0.161565, -0.972541, -0.167514,
		0.985595, -0.150415, -0.077321,
		0.050001, -0.177594, 0.982833,
		39.568398, 40.062508, 28.612072>
	pigment { color rgbt <0,1,1,0> }
	no_shadow
}
cylinder {
	<39.848389, 39.622631, 27.963484>,  <39.533398, 40.186825, 27.924089>, 0.130000
	pigment { color rgbt <1,0,0,0> }
	no_shadow
}

// nucleotide -1

// particle -1
sphere {
	<39.848389, 39.622631, 27.963484> 0.250000
	pigment { color rgbt <1,0,0,0> }
	no_shadow
}
cylinder {
	<39.672577, 39.649719, 28.321751>,  <39.567089, 39.665974, 28.536711>, 0.100000
	pigment { color rgbt <1,0,0,0> }
	no_shadow
}
cylinder {
	<39.672577, 39.649719, 28.321751>,  <39.848389, 39.622631, 27.963484>, 0.100000
	pigment { color rgbt <1,0,0,0> }
	no_shadow
}

// particle -1
sphere {
	<39.672577, 39.649719, 28.321751> 0.100000
	pigment { color rgbt <1,0,0,0> }
	no_shadow
}
sphere {
	0, 1
	scale<0.080000,0.200000,0.300000>
	matrix <-0.252013, -0.966400, -0.050598,
		0.862148, -0.247960, 0.441833,
		-0.439533, 0.067724, 0.895670,
		39.540718, 39.670036, 28.590452>
	pigment { color rgbt <0,1,1,0> }
	no_shadow
}
cylinder {
	<40.226658, 39.110447, 28.271511>,  <39.848389, 39.622631, 27.963484>, 0.130000
	pigment { color rgbt <1,0,0,0> }
	no_shadow
}

// nucleotide -1

// particle -1
sphere {
	<40.226658, 39.110447, 28.271511> 0.250000
	pigment { color rgbt <1,0,0,0> }
	no_shadow
}
cylinder {
	<39.877186, 39.194889, 28.446838>,  <39.667503, 39.245556, 28.552034>, 0.100000
	pigment { color rgbt <1,0,0,0> }
	no_shadow
}
cylinder {
	<39.877186, 39.194889, 28.446838>,  <40.226658, 39.110447, 28.271511>, 0.100000
	pigment { color rgbt <1,0,0,0> }
	no_shadow
}

// particle -1
sphere {
	<39.877186, 39.194889, 28.446838> 0.100000
	pigment { color rgbt <1,0,0,0> }
	no_shadow
}
sphere {
	0, 1
	scale<0.080000,0.200000,0.300000>
	matrix <-0.263154, -0.962836, -0.060801,
		0.409192, -0.168465, 0.896761,
		-0.873677, 0.211107, 0.438317,
		39.615082, 39.258221, 28.578333>
	pigment { color rgbt <0,1,1,0> }
	no_shadow
}
cylinder {
	<40.118011, 38.679066, 28.829414>,  <40.226658, 39.110447, 28.271511>, 0.130000
	pigment { color rgbt <1,0,0,0> }
	no_shadow
}

// nucleotide -1

// particle -1
sphere {
	<40.118011, 38.679066, 28.829414> 0.250000
	pigment { color rgbt <1,0,0,0> }
	no_shadow
}
cylinder {
	<39.752117, 38.795162, 28.716972>,  <39.532581, 38.864819, 28.649508>, 0.100000
	pigment { color rgbt <1,0,0,0> }
	no_shadow
}
cylinder {
	<39.752117, 38.795162, 28.716972>,  <40.118011, 38.679066, 28.829414>, 0.100000
	pigment { color rgbt <1,0,0,0> }
	no_shadow
}

// particle -1
sphere {
	<39.752117, 38.795162, 28.716972> 0.100000
	pigment { color rgbt <1,0,0,0> }
	no_shadow
}
sphere {
	0, 1
	scale<0.080000,0.200000,0.300000>
	matrix <-0.242825, -0.950943, -0.191685,
		-0.322948, -0.107082, 0.940339,
		-0.914735, 0.290242, -0.281103,
		39.477695, 38.882236, 28.632641>
	pigment { color rgbt <0,1,1,0> }
	no_shadow
}
cylinder {
	<39.624271, 38.210175, 29.130344>,  <40.118011, 38.679066, 28.829414>, 0.130000
	pigment { color rgbt <1,0,0,0> }
	no_shadow
}

// nucleotide -1

// particle -1
sphere {
	<39.624271, 38.210175, 29.130344> 0.250000
	pigment { color rgbt <1,0,0,0> }
	no_shadow
}
cylinder {
	<39.414215, 38.387653, 28.839867>,  <39.288181, 38.494141, 28.665581>, 0.100000
	pigment { color rgbt <1,0,0,0> }
	no_shadow
}
cylinder {
	<39.414215, 38.387653, 28.839867>,  <39.624271, 38.210175, 29.130344>, 0.100000
	pigment { color rgbt <1,0,0,0> }
	no_shadow
}

// particle -1
sphere {
	<39.414215, 38.387653, 28.839867> 0.100000
	pigment { color rgbt <1,0,0,0> }
	no_shadow
}
sphere {
	0, 1
	scale<0.080000,0.200000,0.300000>
	matrix <-0.319167, -0.893726, -0.315256,
