// switches for output
#declare DRAW_BASES = 1; // possible values are 0, 1; only relevant for DNA ribbons
#declare DRAW_BASES_TYPE = 3; // possible values are 1, 2, 3; only relevant for DNA ribbons
#declare DRAW_FOG = 0; // set to 1 to enable fog

#include "colors.inc"

#include "transforms.inc"
background { rgb <1, 1, 1>}

#default {
   normal{
       ripples 0.25
       frequency 0.20
       turbulence 0.2
       lambda 5
   }
	finish {
		phong 0.1
		phong_size 40.
	}
}

// original window dimensions: 1024x640


// camera settings

camera {
	sky <-0, 1, 0>
	up <-0, 1, 0>
	right 1.6 * <0.581683, 0, 0.813415>
	location <-54.4937, 30, 90.4225>
	look_at <30, 30, 30>
	direction <84.4937, 0, -60.4225>
	angle 67.0682
}


# declare cpy_camera_pos = <-54.4937, 30, 90.4225>;
# if (DRAW_FOG = 1)
fog {
	fog_type 2
	up vnormalize(cpy_camera_pos)
	color rgbt<1,1,1,0.3>
	distance 1e-5
	fog_alt 3e-3
	fog_offset 48
}
# end


// LIGHTS

# declare lum = 6;
global_settings {
	ambient_light rgb lum * <0.05, 0.05, 0.05>
	max_trace_level 15
}# declare cpy_direct_light_amount = 0.25;
light_source
{	1000 * <0.231732, -1, 1.3951>,
	rgb lum * cpy_direct_light_amount
	parallel
}

light_source
{	1000 * <-0.231732, 1, -1.3951>,
	rgb lum * cpy_direct_light_amount
	parallel
}

// strand 0

// nucleotide -1

// particle -1
sphere {
	<42.916245, 32.269917, 22.274918> 0.250000
	pigment { color rgbt <1,0,0,0> }
	no_shadow
}
cylinder {
	<42.587955, 32.495579, 22.238831>,  <42.390984, 32.630978, 22.217178>, 0.100000
	pigment { color rgbt <1,0,0,0> }
	no_shadow
}
cylinder {
	<42.587955, 32.495579, 22.238831>,  <42.916245, 32.269917, 22.274918>, 0.100000
	pigment { color rgbt <1,0,0,0> }
	no_shadow
}

// particle -1
sphere {
	<42.587955, 32.495579, 22.238831> 0.100000
	pigment { color rgbt <1,0,0,0> }
	no_shadow
}
sphere {
	0, 1
	scale<0.080000,0.200000,0.300000>
	matrix <-0.526696, -0.685927, 0.502092,
		0.221376, 0.459596, 0.860096,
		-0.820722, 0.564159, -0.090219,
		42.341740, 32.664825, 22.211765>
	pigment { color rgbt <0,1,1,0> }
	no_shadow
}
cylinder {
	<42.496319, 32.178326, 22.934620>,  <42.916245, 32.269917, 22.274918>, 0.130000
	pigment { color rgbt <1,0,0,0> }
	no_shadow
}

// nucleotide -1

// particle -1
sphere {
	<42.496319, 32.178326, 22.934620> 0.250000
	pigment { color rgbt <1,0,0,0> }
	no_shadow
}
cylinder {
	<42.253502, 32.310566, 22.645565>,  <42.107811, 32.389912, 22.472132>, 0.100000
	pigment { color rgbt <1,0,0,0> }
	no_shadow
}
cylinder {
	<42.253502, 32.310566, 22.645565>,  <42.496319, 32.178326, 22.934620>, 0.100000
	pigment { color rgbt <1,0,0,0> }
	no_shadow
}

// particle -1
sphere {
	<42.253502, 32.310566, 22.645565> 0.100000
	pigment { color rgbt <1,0,0,0> }
	no_shadow
}
sphere {
	0, 1
	scale<0.080000,0.200000,0.300000>
	matrix <-0.717564, -0.618792, 0.319685,
		-0.341474, 0.712600, 0.612860,
		-0.607040, 0.330602, -0.722638,
		42.071388, 32.409748, 22.428774>
	pigment { color rgbt <0,1,1,0> }
	no_shadow
}
cylinder {
	<41.876686, 32.222054, 23.254097>,  <42.496319, 32.178326, 22.934620>, 0.130000
	pigment { color rgbt <1,0,0,0> }
	no_shadow
}

// nucleotide -1

// particle -1
sphere {
	<41.876686, 32.222054, 23.254097> 0.250000
	pigment { color rgbt <1,0,0,0> }
	no_shadow
}
cylinder {
	<41.802425, 32.256603, 22.862572>,  <41.757870, 32.277332, 22.627657>, 0.100000
	pigment { color rgbt <1,0,0,0> }
	no_shadow
}
cylinder {
	<41.802425, 32.256603, 22.862572>,  <41.876686, 32.222054, 23.254097>, 0.100000
	pigment { color rgbt <1,0,0,0> }
	no_shadow
}

// particle -1
sphere {
	<41.802425, 32.256603, 22.862572> 0.100000
	pigment { color rgbt <1,0,0,0> }
	no_shadow
}
sphere {
	0, 1
	scale<0.080000,0.200000,0.300000>
	matrix <-0.833054, -0.542112, 0.110162,
		-0.521111, 0.835855, 0.172600,
		-0.185649, 0.086378, -0.978812,
		41.746731, 32.282516, 22.568928>
	pigment { color rgbt <0,1,1,0> }
	no_shadow
}
cylinder {
	<41.130589, 32.190010, 23.111158>,  <41.876686, 32.222054, 23.254097>, 0.130000
	pigment { color rgbt <1,0,0,0> }
	no_shadow
}

// nucleotide -1

// particle -1
sphere {
	<41.130589, 32.190010, 23.111158> 0.250000
	pigment { color rgbt <1,0,0,0> }
	no_shadow
}
cylinder {
	<41.281662, 32.117310, 22.747990>,  <41.372307, 32.073689, 22.530088>, 0.100000
	pigment { color rgbt <1,0,0,0> }
	no_shadow
}
cylinder {
	<41.281662, 32.117310, 22.747990>,  <41.130589, 32.190010, 23.111158>, 0.100000
	pigment { color rgbt <1,0,0,0> }
	no_shadow
}

// particle -1
sphere {
	<41.281662, 32.117310, 22.747990> 0.100000
	pigment { color rgbt <1,0,0,0> }
	no_shadow
}
sphere {
	0, 1
	scale<0.080000,0.200000,0.300000>
	matrix <-0.770221, -0.605900, -0.199107,
		-0.513921, 0.774500, -0.368829,
		0.377682, -0.181755, -0.907922,
		41.394966, 32.062782, 22.475613>
	pigment { color rgbt <0,1,1,0> }
	no_shadow
}
cylinder {
	<40.610516, 32.305843, 22.573433>,  <41.130589, 32.190010, 23.111158>, 0.130000
	pigment { color rgbt <1,0,0,0> }
	no_shadow
}

// nucleotide -1

// particle -1
sphere {
	<40.610516, 32.305843, 22.573433> 0.250000
	pigment { color rgbt <1,0,0,0> }
	no_shadow
}
cylinder {
	<40.854137, 32.025021, 22.425827>,  <41.000309, 31.856527, 22.337263>, 0.100000
	pigment { color rgbt <1,0,0,0> }
	no_shadow
}
cylinder {
	<40.854137, 32.025021, 22.425827>,  <40.610516, 32.305843, 22.573433>, 0.100000
	pigment { color rgbt <1,0,0,0> }
	no_shadow
}

// particle -1
sphere {
	<40.854137, 32.025021, 22.425827> 0.100000
	pigment { color rgbt <1,0,0,0> }
	no_shadow
}
sphere {
	0, 1
	scale<0.080000,0.200000,0.300000>
	matrix <-0.787720, -0.481178, -0.384661,
		0.092493, 0.524958, -0.846087,
		0.609050, -0.702059, -0.369015,
		41.036854, 31.814404, 22.315123>
	pigment { color rgbt <0,1,1,0> }
	no_shadow
}
cylinder {
	<40.119362, 32.084270, 22.022274>,  <40.610516, 32.305843, 22.573433>, 0.130000
	pigment { color rgbt <1,0,0,0> }
	no_shadow
}

// nucleotide -1

// particle -1
sphere {
	<40.119362, 32.084270, 22.022274> 0.250000
	pigment { color rgbt <1,0,0,0> }
	no_shadow
}
cylinder {
	<40.370274, 31.793648, 22.134445>,  <40.520821, 31.619276, 22.201748>, 0.100000
	pigment { color rgbt <1,0,0,0> }
	no_shadow
}
cylinder {
	<40.370274, 31.793648, 22.134445>,  <40.119362, 32.084270, 22.022274>, 0.100000
	pigment { color rgbt <1,0,0,0> }
	no_shadow
}

// particle -1
sphere {
	<40.370274, 31.793648, 22.134445> 0.100000
	pigment { color rgbt <1,0,0,0> }
	no_shadow
}
sphere {
	0, 1
	scale<0.080000,0.200000,0.300000>
	matrix <-0.718916, -0.678670, -0.150223,
		0.299464, -0.107373, -0.948047,
		0.627280, -0.726553, 0.280430,
		40.558456, 31.575682, 22.218575>
	pigment { color rgbt <0,1,1,0> }
	no_shadow
}
cylinder {
	<39.924435, 32.242088, 21.306160>,  <40.119362, 32.084270, 22.022274>, 0.130000
	pigment { color rgbt <1,0,0,0> }
	no_shadow
}

// nucleotide -1

// particle -1
sphere {
	<39.924435, 32.242088, 21.306160> 0.250000
	pigment { color rgbt <1,0,0,0> }
	no_shadow
}
cylinder {
	<39.543503, 32.363308, 21.292084>,  <39.314945, 32.436039, 21.283638>, 0.100000
	pigment { color rgbt <1,0,0,0> }
	no_shadow
}
cylinder {
	<39.543503, 32.363308, 21.292084>,  <39.924435, 32.242088, 21.306160>, 0.100000
	pigment { color rgbt <1,0,0,0> }
	no_shadow
}

// particle -1
sphere {
	<39.543503, 32.363308, 21.292084> 0.100000
	pigment { color rgbt <1,0,0,0> }
	no_shadow
}
sphere {
	0, 1
	scale<0.080000,0.200000,0.300000>
	matrix <0.179119, 0.462025, -0.868590,
		-0.246964, -0.833484, -0.494280,
		-0.952326, 0.303045, -0.035189,
		39.257805, 32.454220, 21.281527>
	pigment { color rgbt <0,1,1,0> }
	no_shadow
}
cylinder {
	<39.696056, 32.110695, 20.607487>,  <39.924435, 32.242088, 21.306160>, 0.130000
	pigment { color rgbt <1,0,0,0> }
	no_shadow
}

// nucleotide -1

// particle -1
sphere {
	<39.696056, 32.110695, 20.607487> 0.250000
	pigment { color rgbt <1,0,0,0> }
	no_shadow
}
cylinder {
	<39.434322, 32.382381, 20.740459>,  <39.277283, 32.545395, 20.820244>, 0.100000
	pigment { color rgbt <1,0,0,0> }
	no_shadow
}
cylinder {
	<39.434322, 32.382381, 20.740459>,  <39.696056, 32.110695, 20.607487>, 0.100000
	pigment { color rgbt <1,0,0,0> }
	no_shadow
}

// particle -1
sphere {
	<39.434322, 32.382381, 20.740459> 0.100000
	pigment { color rgbt <1,0,0,0> }
	no_shadow
}
sphere {
	0, 1
	scale<0.080000,0.200000,0.300000>
	matrix <0.092539, 0.508220, -0.856241,
		-0.750524, -0.529503, -0.395398,
		-0.654332, 0.679220, 0.332432,
		39.238022, 32.586147, 20.840189>
	pigment { color rgbt <0,1,1,0> }
	no_shadow
}
cylinder {
	<39.105919, 32.173149, 20.100090>,  <39.696056, 32.110695, 20.607487>, 0.130000
	pigment { color rgbt <1,0,0,0> }
	no_shadow
}

// nucleotide -1

// particle -1
sphere {
	<39.105919, 32.173149, 20.100090> 0.250000
	pigment { color rgbt <1,0,0,0> }
	no_shadow
}
cylinder {
	<39.109997, 32.512245, 20.312214>,  <39.112442, 32.715702, 20.439487>, 0.100000
	pigment { color rgbt <1,0,0,0> }
	no_shadow
}
cylinder {
	<39.109997, 32.512245, 20.312214>,  <39.105919, 32.173149, 20.100090>, 0.100000
	pigment { color rgbt <1,0,0,0> }
	no_shadow
}

// particle -1
sphere {
	<39.109997, 32.512245, 20.312214> 0.100000
	pigment { color rgbt <1,0,0,0> }
	no_shadow
}
sphere {
	0, 1
	scale<0.080000,0.200000,0.300000>
	matrix <-0.074049, 0.529522, -0.845058,
		-0.997202, -0.030655, 0.068172,
		0.010193, 0.847742, 0.530310,
		39.113056, 32.766567, 20.471308>
	pigment { color rgbt <0,1,1,0> }
	no_shadow
}
cylinder {
	<38.463100, 32.604187, 19.863308>,  <39.105919, 32.173149, 20.100090>, 0.130000
	pigment { color rgbt <1,0,0,0> }
	no_shadow
}

// nucleotide -1

// particle -1
sphere {
	<38.463100, 32.604187, 19.863308> 0.250000
	pigment { color rgbt <1,0,0,0> }
	no_shadow
}
cylinder {
	<38.728092, 32.845955, 20.040306>,  <38.887085, 32.991016, 20.146505>, 0.100000
	pigment { color rgbt <1,0,0,0> }
	no_shadow
}
cylinder {
	<38.728092, 32.845955, 20.040306>,  <38.463100, 32.604187, 19.863308>, 0.100000
	pigment { color rgbt <1,0,0,0> }
	no_shadow
}

// particle -1
sphere {
	<38.728092, 32.845955, 20.040306> 0.100000
	pigment { color rgbt <1,0,0,0> }
	no_shadow
}
sphere {
	0, 1
	scale<0.080000,0.200000,0.300000>
	matrix <0.013979, 0.580639, -0.814041,
		-0.748952, 0.545470, 0.376211,
		0.662477, 0.604418, 0.442496,
		38.926834, 33.027279, 20.173056>
	pigment { color rgbt <0,1,1,0> }
	no_shadow
}
cylinder {
	<38.310429, 33.192719, 19.532112>,  <38.463100, 32.604187, 19.863308>, 0.130000
	pigment { color rgbt <1,0,0,0> }
	no_shadow
}

// nucleotide -1

// particle -1
sphere {
	<38.310429, 33.192719, 19.532112> 0.250000
	pigment { color rgbt <1,0,0,0> }
	no_shadow
}
cylinder {
	<38.662422, 33.253593, 19.712101>,  <38.873619, 33.290119, 19.820095>, 0.100000
	pigment { color rgbt <1,0,0,0> }
	no_shadow
}
cylinder {
	<38.662422, 33.253593, 19.712101>,  <38.310429, 33.192719, 19.532112>, 0.100000
	pigment { color rgbt <1,0,0,0> }
	no_shadow
}

// particle -1
sphere {
	<38.662422, 33.253593, 19.712101> 0.100000
	pigment { color rgbt <1,0,0,0> }
	no_shadow
}
sphere {
	0, 1
	scale<0.080000,0.200000,0.300000>
	matrix <0.283003, 0.592842, -0.753954,
		-0.381505, 0.790808, 0.478620,
		0.879979, 0.152186, 0.449973,
		38.926414, 33.299248, 19.847094>
	pigment { color rgbt <0,1,1,0> }
	no_shadow
}
cylinder {
	<38.485859, 33.859970, 19.324533>,  <38.310429, 33.192719, 19.532112>, 0.130000
	pigment { color rgbt <1,0,0,0> }
	no_shadow
}

// nucleotide -1

// particle -1
sphere {
	<38.485859, 33.859970, 19.324533> 0.250000
	pigment { color rgbt <1,0,0,0> }
	no_shadow
}
cylinder {
	<38.833931, 33.699028, 19.438309>,  <39.042774, 33.602463, 19.506573>, 0.100000
	pigment { color rgbt <1,0,0,0> }
	no_shadow
}
cylinder {
	<38.833931, 33.699028, 19.438309>,  <38.485859, 33.859970, 19.324533>, 0.100000
	pigment { color rgbt <1,0,0,0> }
	no_shadow
}

// particle -1
sphere {
	<38.833931, 33.699028, 19.438309> 0.100000
	pigment { color rgbt <1,0,0,0> }
	no_shadow
}
sphere {
	0, 1
	scale<0.080000,0.200000,0.300000>
	matrix <0.473946, 0.525553, -0.706519,
		0.134783, 0.749605, 0.648018,
		0.870178, -0.402352, 0.284437,
		39.094986, 33.578323, 19.523640>
	pigment { color rgbt <0,1,1,0> }
	no_shadow
}
cylinder {
	<38.932961, 34.445152, 19.297289>,  <38.485859, 33.859970, 19.324533>, 0.130000
	pigment { color rgbt <1,0,0,0> }
	no_shadow
}

// nucleotide -1

// particle -1
sphere {
	<38.932961, 34.445152, 19.297289> 0.250000
	pigment { color rgbt <1,0,0,0> }
	no_shadow
}
cylinder {
	<39.155628, 34.114563, 19.263653>,  <39.289227, 33.916210, 19.243471>, 0.100000
	pigment { color rgbt <1,0,0,0> }
	no_shadow
}
cylinder {
	<39.155628, 34.114563, 19.263653>,  <38.932961, 34.445152, 19.297289>, 0.100000
	pigment { color rgbt <1,0,0,0> }
	no_shadow
}

// particle -1
sphere {
	<39.155628, 34.114563, 19.263653> 0.100000
	pigment { color rgbt <1,0,0,0> }
	no_shadow
}
sphere {
	0, 1
	scale<0.080000,0.200000,0.300000>
	matrix <0.474794, 0.399582, -0.784159,
		0.681683, 0.396590, 0.614837,
		0.556667, -0.826469, -0.084090,
		39.322628, 33.866623, 19.238426>
	pigment { color rgbt <0,1,1,0> }
	no_shadow
}
cylinder {
	<39.622189, 34.642525, 19.288803>,  <38.932961, 34.445152, 19.297289>, 0.130000
	pigment { color rgbt <1,0,0,0> }
	no_shadow
}

// nucleotide -1

// particle -1
sphere {
	<39.622189, 34.642525, 19.288803> 0.250000
	pigment { color rgbt <1,0,0,0> }
	no_shadow
}
cylinder {
	<39.627586, 34.275196, 19.130562>,  <39.630825, 34.054798, 19.035616>, 0.100000
	pigment { color rgbt <1,0,0,0> }
	no_shadow
}
cylinder {
	<39.627586, 34.275196, 19.130562>,  <39.622189, 34.642525, 19.288803>, 0.100000
	pigment { color rgbt <1,0,0,0> }
	no_shadow
}

// particle -1
sphere {
	<39.627586, 34.275196, 19.130562> 0.100000
	pigment { color rgbt <1,0,0,0> }
	no_shadow
}
sphere {
	0, 1
	scale<0.080000,0.200000,0.300000>
	matrix <0.614213, 0.319812, -0.721431,
		0.789025, -0.233249, 0.568361,
		0.013495, -0.918322, -0.395604,
		39.631634, 33.999699, 19.011881>
	pigment { color rgbt <0,1,1,0> }
	no_shadow
}
cylinder {
	<40.320290, 34.559566, 18.997616>,  <39.622189, 34.642525, 19.288803>, 0.130000
	pigment { color rgbt <1,0,0,0> }
	no_shadow
}

// nucleotide -1

// particle -1
sphere {
	<40.320290, 34.559566, 18.997616> 0.250000
	pigment { color rgbt <1,0,0,0> }
	no_shadow
}
cylinder {
	<40.122334, 34.262581, 18.817024>,  <40.003559, 34.084389, 18.708670>, 0.100000
	pigment { color rgbt <1,0,0,0> }
	no_shadow
}
cylinder {
	<40.122334, 34.262581, 18.817024>,  <40.320290, 34.559566, 18.997616>, 0.100000
	pigment { color rgbt <1,0,0,0> }
	no_shadow
}

// particle -1
sphere {
	<40.122334, 34.262581, 18.817024> 0.100000
	pigment { color rgbt <1,0,0,0> }
	no_shadow
}
sphere {
	0, 1
	scale<0.080000,0.200000,0.300000>
	matrix <0.597615, 0.086371, -0.797118,
		0.630825, -0.664296, 0.400963,
		-0.494890, -0.742463, -0.451478,
		39.973866, 34.039841, 18.681581>
	pigment { color rgbt <0,1,1,0> }
	no_shadow
}
cylinder {
	<40.760899, 34.276634, 18.569641>,  <40.320290, 34.559566, 18.997616>, 0.130000
	pigment { color rgbt <1,0,0,0> }
	no_shadow
}

// nucleotide -1

// particle -1
sphere {
	<40.760899, 34.276634, 18.569641> 0.250000
	pigment { color rgbt <1,0,0,0> }
	no_shadow
}
cylinder {
	<40.428032, 34.144234, 18.391682>,  <40.228310, 34.064793, 18.284906>, 0.100000
	pigment { color rgbt <1,0,0,0> }
	no_shadow
}
cylinder {
	<40.428032, 34.144234, 18.391682>,  <40.760899, 34.276634, 18.569641>, 0.100000
	pigment { color rgbt <1,0,0,0> }
	no_shadow
}

// particle -1
sphere {
	<40.428032, 34.144234, 18.391682> 0.100000
	pigment { color rgbt <1,0,0,0> }
	no_shadow
}
sphere {
	0, 1
	scale<0.080000,0.200000,0.300000>
	matrix <0.491562, -0.069013, -0.868104,
		0.256637, -0.941104, 0.220136,
		-0.832168, -0.330998, -0.444900,
		40.178383, 34.044933, 18.258211>
	pigment { color rgbt <0,1,1,0> }
	no_shadow
}
cylinder {
	<41.035515, 33.697666, 18.129034>,  <40.760899, 34.276634, 18.569641>, 0.130000
	pigment { color rgbt <1,0,0,0> }
	no_shadow
}

// nucleotide -1

// particle -1
sphere {
	<41.035515, 33.697666, 18.129034> 0.250000
	pigment { color rgbt <1,0,0,0> }
	no_shadow
}
cylinder {
	<40.675522, 33.801701, 17.989101>,  <40.459526, 33.864120, 17.905142>, 0.100000
	pigment { color rgbt <1,0,0,0> }
	no_shadow
}
cylinder {
	<40.675522, 33.801701, 17.989101>,  <41.035515, 33.697666, 18.129034>, 0.100000
	pigment { color rgbt <1,0,0,0> }
	no_shadow
}

// particle -1
sphere {
	<40.675522, 33.801701, 17.989101> 0.100000
	pigment { color rgbt <1,0,0,0> }
	no_shadow
}
sphere {
	0, 1
	scale<0.080000,0.200000,0.300000>
	matrix <0.333133, -0.107244, -0.936761,
		-0.281160, -0.959610, 0.009873,
		-0.899984, 0.260091, -0.349830,
		40.405525, 33.879726, 17.884151>
	pigment { color rgbt <0,1,1,0> }
	no_shadow
}
cylinder {
	<41.079060, 33.487812, 17.509104>,  <41.035515, 33.697666, 18.129034>, 0.130000
	pigment { color rgbt <1,0,0,0> }
	no_shadow
}

// nucleotide -1

// particle -1
sphere {
	<41.079060, 33.487812, 17.509104> 0.250000
	pigment { color rgbt <1,0,0,0> }
	no_shadow
}
cylinder {
	<40.757431, 33.723991, 17.481262>,  <40.564453, 33.865700, 17.464558>, 0.100000
	pigment { color rgbt <1,0,0,0> }
	no_shadow
}
cylinder {
	<40.757431, 33.723991, 17.481262>,  <41.079060, 33.487812, 17.509104>, 0.100000
	pigment { color rgbt <1,0,0,0> }
	no_shadow
}

// particle -1
sphere {
	<40.757431, 33.723991, 17.481262> 0.100000
	pigment { color rgbt <1,0,0,0> }
	no_shadow
}
sphere {
	0, 1
	scale<0.080000,0.200000,0.300000>
	matrix <0.152432, 0.091578, -0.984062,
		-0.574662, -0.801864, -0.163637,
		-0.804070, 0.590447, -0.069603,
		40.516209, 33.901127, 17.460381>
	pigment { color rgbt <0,1,1,0> }
	no_shadow
}
cylinder {
	<40.515743, 33.185875, 17.036564>,  <41.079060, 33.487812, 17.509104>, 0.130000
	pigment { color rgbt <1,0,0,0> }
	no_shadow
}

// nucleotide -1

// particle -1
sphere {
	<40.515743, 33.185875, 17.036564> 0.250000
	pigment { color rgbt <1,0,0,0> }
	no_shadow
}
cylinder {
	<40.500320, 33.585445, 17.046818>,  <40.491066, 33.825188, 17.052971>, 0.100000
	pigment { color rgbt <1,0,0,0> }
	no_shadow
}
cylinder {
	<40.500320, 33.585445, 17.046818>,  <40.515743, 33.185875, 17.036564>, 0.100000
	pigment { color rgbt <1,0,0,0> }
	no_shadow
}

// particle -1
sphere {
	<40.500320, 33.585445, 17.046818> 0.100000
	pigment { color rgbt <1,0,0,0> }
	no_shadow
}
sphere {
	0, 1
	scale<0.080000,0.200000,0.300000>
	matrix <-0.076118, 0.022643, -0.996842,
		-0.996353, -0.040383, 0.075163,
		-0.038554, 0.998928, 0.025635,
		40.488754, 33.885124, 17.054508>
	pigment { color rgbt <0,1,1,0> }
	no_shadow
}
cylinder {
	<39.958290, 33.369316, 16.514799>,  <40.515743, 33.185875, 17.036564>, 0.130000
	pigment { color rgbt <1,0,0,0> }
	no_shadow
}

// nucleotide -1

// particle -1
sphere {
	<39.958290, 33.369316, 16.514799> 0.250000
	pigment { color rgbt <1,0,0,0> }
	no_shadow
}
cylinder {
	<40.193645, 33.691532, 16.542789>,  <40.334858, 33.884861, 16.559584>, 0.100000
	pigment { color rgbt <1,0,0,0> }
	no_shadow
}
cylinder {
	<40.193645, 33.691532, 16.542789>,  <39.958290, 33.369316, 16.514799>, 0.100000
	pigment { color rgbt <1,0,0,0> }
	no_shadow
}

// particle -1
sphere {
	<40.193645, 33.691532, 16.542789> 0.100000
	pigment { color rgbt <1,0,0,0> }
	no_shadow
}
sphere {
	0, 1
	scale<0.080000,0.200000,0.300000>
	matrix <-0.178199, 0.213602, -0.960531,
		-0.788696, 0.552697, 0.269229,
		0.588390, 0.805543, 0.069977,
		40.370163, 33.933197, 16.563782>
	pigment { color rgbt <0,1,1,0> }
	no_shadow
}
cylinder {
	<39.572491, 34.015858, 16.279736>,  <39.958290, 33.369316, 16.514799>, 0.130000
	pigment { color rgbt <1,0,0,0> }
	no_shadow
}

// nucleotide -1

// particle -1
sphere {
	<39.572491, 34.015858, 16.279736> 0.250000
	pigment { color rgbt <1,0,0,0> }
	no_shadow
}
cylinder {
	<39.960991, 34.111080, 16.280586>,  <40.194092, 34.168213, 16.281097>, 0.100000
	pigment { color rgbt <1,0,0,0> }
	no_shadow
}
cylinder {
	<39.960991, 34.111080, 16.280586>,  <39.572491, 34.015858, 16.279736>, 0.100000
	pigment { color rgbt <1,0,0,0> }
	no_shadow
}

// particle -1
sphere {
	<39.960991, 34.111080, 16.280586> 0.100000
	pigment { color rgbt <1,0,0,0> }
	no_shadow
}
sphere {
	0, 1
	scale<0.080000,0.200000,0.300000>
	matrix <-0.107805, 0.447770, -0.887626,
		-0.212258, 0.861877, 0.460560,
		0.971249, 0.238056, 0.002128,
		40.252365, 34.182495, 16.281225>
	pigment { color rgbt <0,1,1,0> }
	no_shadow
}
cylinder {
	<39.526123, 34.593807, 16.152550>,  <39.572491, 34.015858, 16.279736>, 0.130000
	pigment { color rgbt <1,0,0,0> }
	no_shadow
}

// nucleotide -1

// particle -1
sphere {
	<39.526123, 34.593807, 16.152550> 0.250000
	pigment { color rgbt <1,0,0,0> }
	no_shadow
}
cylinder {
	<39.910702, 34.564297, 16.046581>,  <40.141449, 34.546593, 15.983000>, 0.100000
	pigment { color rgbt <1,0,0,0> }
	no_shadow
}
cylinder {
	<39.910702, 34.564297, 16.046581>,  <39.526123, 34.593807, 16.152550>, 0.100000
	pigment { color rgbt <1,0,0,0> }
	no_shadow
}

// particle -1
sphere {
	<39.910702, 34.564297, 16.046581> 0.100000
	pigment { color rgbt <1,0,0,0> }
	no_shadow
}
sphere {
	0, 1
	scale<0.080000,0.200000,0.300000>
	matrix <-0.196764, 0.488466, -0.850109,
		0.192122, 0.869458, 0.455116,
		0.961443, -0.073774, -0.264923,
		40.199135, 34.542164, 15.967104>
	pigment { color rgbt <0,1,1,0> }
	no_shadow
}
cylinder {
	<39.821224, 35.203293, 15.813024>,  <39.526123, 34.593807, 16.152550>, 0.130000
	pigment { color rgbt <1,0,0,0> }
	no_shadow
}

// nucleotide -1

// particle -1
sphere {
	<39.821224, 35.203293, 15.813024> 0.250000
	pigment { color rgbt <1,0,0,0> }
	no_shadow
}
cylinder {
	<40.085011, 34.937370, 15.672660>,  <40.243282, 34.777817, 15.588442>, 0.100000
	pigment { color rgbt <1,0,0,0> }
	no_shadow
}
cylinder {
	<40.085011, 34.937370, 15.672660>,  <39.821224, 35.203293, 15.813024>, 0.100000
	pigment { color rgbt <1,0,0,0> }
	no_shadow
}

// particle -1
sphere {
	<40.085011, 34.937370, 15.672660> 0.100000
	pigment { color rgbt <1,0,0,0> }
	no_shadow
}
sphere {
	0, 1
	scale<0.080000,0.200000,0.300000>
	matrix <-0.095012, 0.389346, -0.916178,
		0.745705, 0.637529, 0.193597,
		0.659466, -0.664805, -0.350910,
		40.282852, 34.737930, 15.567387>
	pigment { color rgbt <0,1,1,0> }
	no_shadow
}
cylinder {
	<40.224258, 35.562920, 15.328825>,  <39.821224, 35.203293, 15.813024>, 0.130000
	pigment { color rgbt <1,0,0,0> }
	no_shadow
}

// nucleotide -1

// particle -1
sphere {
	<40.224258, 35.562920, 15.328825> 0.250000
	pigment { color rgbt <1,0,0,0> }
	no_shadow
}
cylinder {
	<40.284534, 35.175465, 15.249791>,  <40.320702, 34.942993, 15.202371>, 0.100000
	pigment { color rgbt <1,0,0,0> }
	no_shadow
}
cylinder {
	<40.284534, 35.175465, 15.249791>,  <40.224258, 35.562920, 15.328825>, 0.100000
	pigment { color rgbt <1,0,0,0> }
	no_shadow
}

// particle -1
sphere {
	<40.284534, 35.175465, 15.249791> 0.100000
	pigment { color rgbt <1,0,0,0> }
	no_shadow
}
sphere {
	0, 1
	scale<0.080000,0.200000,0.300000>
	matrix <-0.112315, 0.181797, -0.976901,
		0.982180, 0.169403, -0.081397,
		0.150692, -0.968635, -0.197583,
		40.329742, 34.884872, 15.190516>
	pigment { color rgbt <0,1,1,0> }
	no_shadow
}
cylinder {
	<40.480194, 35.572956, 14.682622>,  <40.224258, 35.562920, 15.328825>, 0.130000
	pigment { color rgbt <1,0,0,0> }
	no_shadow
}

// nucleotide -1

// particle -1
sphere {
	<40.480194, 35.572956, 14.682622> 0.250000
	pigment { color rgbt <1,0,0,0> }
	no_shadow
}
cylinder {
	<40.336315, 35.202610, 14.728908>,  <40.249989, 34.980400, 14.756680>, 0.100000
	pigment { color rgbt <1,0,0,0> }
	no_shadow
}
cylinder {
	<40.336315, 35.202610, 14.728908>,  <40.480194, 35.572956, 14.682622>, 0.100000
	pigment { color rgbt <1,0,0,0> }
	no_shadow
}

// particle -1
sphere {
	<40.336315, 35.202610, 14.728908> 0.100000
	pigment { color rgbt <1,0,0,0> }
	no_shadow
}
sphere {
	0, 1
	scale<0.080000,0.200000,0.300000>
	matrix <-0.133074, -0.071844, -0.988499,
		0.923532, -0.370957, -0.097367,
		-0.359695, -0.925867, 0.115715,
		40.228405, 34.924850, 14.763622>
	pigment { color rgbt <0,1,1,0> }
	no_shadow
}
cylinder {
	<40.905582, 35.046391, 14.239960>,  <40.480194, 35.572956, 14.682622>, 0.130000
	pigment { color rgbt <1,0,0,0> }
	no_shadow
}

// nucleotide -1

// particle -1
sphere {
	<40.905582, 35.046391, 14.239960> 0.250000
	pigment { color rgbt <1,0,0,0> }
	no_shadow
}
cylinder {
	<40.525333, 34.940315, 14.304444>,  <40.297184, 34.876671, 14.343135>, 0.100000
	pigment { color rgbt <1,0,0,0> }
	no_shadow
}
cylinder {
	<40.525333, 34.940315, 14.304444>,  <40.905582, 35.046391, 14.239960>, 0.100000
	pigment { color rgbt <1,0,0,0> }
	no_shadow
}

// particle -1
sphere {
	<40.525333, 34.940315, 14.304444> 0.100000
	pigment { color rgbt <1,0,0,0> }
	no_shadow
}
sphere {
	0, 1
	scale<0.080000,0.200000,0.300000>
	matrix <-0.161552, -0.020678, -0.986648,
		0.264979, -0.963975, -0.023184,
		-0.950625, -0.265186, 0.161211,
		40.240147, 34.860760, 14.352808>
	pigment { color rgbt <0,1,1,0> }
	no_shadow
}
cylinder {
	<40.818703, 34.634735, 13.616755>,  <40.905582, 35.046391, 14.239960>, 0.130000
	pigment { color rgbt <1,0,0,0> }
	no_shadow
}

// nucleotide -1

// particle -1
sphere {
	<40.818703, 34.634735, 13.616755> 0.250000
	pigment { color rgbt <1,0,0,0> }
	no_shadow
}
cylinder {
	<40.477715, 34.772423, 13.774133>,  <40.273121, 34.855038, 13.868560>, 0.100000
	pigment { color rgbt <1,0,0,0> }
	no_shadow
}
cylinder {
	<40.477715, 34.772423, 13.774133>,  <40.818703, 34.634735, 13.616755>, 0.100000
	pigment { color rgbt <1,0,0,0> }
	no_shadow
}

// particle -1
sphere {
	<40.477715, 34.772423, 13.774133> 0.100000
	pigment { color rgbt <1,0,0,0> }
	no_shadow
}
sphere {
	0, 1
	scale<0.080000,0.200000,0.300000>
	matrix <-0.330469, 0.228328, -0.915782,
		-0.405068, -0.910702, -0.080888,
		-0.852473, 0.344222, 0.393447,
		40.221973, 34.875690, 13.892167>
	pigment { color rgbt <0,1,1,0> }
	no_shadow
}
cylinder {
	<40.082859, 34.600918, 13.339744>,  <40.818703, 34.634735, 13.616755>, 0.130000
	pigment { color rgbt <1,0,0,0> }
	no_shadow
}

// nucleotide -1

// particle -1
sphere {
	<40.082859, 34.600918, 13.339744> 0.250000
	pigment { color rgbt <1,0,0,0> }
	no_shadow
}
cylinder {
	<39.908592, 34.950527, 13.425794>,  <39.804031, 35.160294, 13.477424>, 0.100000
	pigment { color rgbt <1,0,0,0> }
	no_shadow
}
cylinder {
	<39.908592, 34.950527, 13.425794>,  <40.082859, 34.600918, 13.339744>, 0.100000
	pigment { color rgbt <1,0,0,0> }
	no_shadow
}

// particle -1
sphere {
	<39.908592, 34.950527, 13.425794> 0.100000
	pigment { color rgbt <1,0,0,0> }
	no_shadow
}
sphere {
	0, 1
	scale<0.080000,0.200000,0.300000>
	matrix <-0.466734, -0.015003, -0.884271,
		-0.769643, -0.485658, 0.414471,
		-0.435671, 0.874020, 0.215126,
		39.777889, 35.212734, 13.490332>
	pigment { color rgbt <0,1,1,0> }
	no_shadow
}
cylinder {
	<39.266380, 34.510220, 13.400578>,  <40.082859, 34.600918, 13.339744>, 0.130000
	pigment { color rgbt <1,0,0,0> }
	no_shadow
}

// nucleotide -1

// particle -1
sphere {
	<39.266380, 34.510220, 13.400578> 0.250000
	pigment { color rgbt <1,0,0,0> }
	no_shadow
}
cylinder {
	<39.472095, 34.826008, 13.266566>,  <39.595524, 35.015480, 13.186159>, 0.100000
	pigment { color rgbt <1,0,0,0> }
	no_shadow
}
cylinder {
	<39.472095, 34.826008, 13.266566>,  <39.266380, 34.510220, 13.400578>, 0.100000
	pigment { color rgbt <1,0,0,0> }
	no_shadow
}

// particle -1
sphere {
	<39.472095, 34.826008, 13.266566> 0.100000
	pigment { color rgbt <1,0,0,0> }
	no_shadow
}
sphere {
	0, 1
	scale<0.080000,0.200000,0.300000>
	matrix <-0.378124, -0.141900, -0.914815,
		-0.769757, 0.597165, 0.225539,
		0.514292, 0.789467, -0.335031,
		39.626385, 35.062847, 13.166057>
	pigment { color rgbt <0,1,1,0> }
	no_shadow
}
cylinder {
	<38.853409, 35.011211, 13.003564>,  <39.266380, 34.510220, 13.400578>, 0.130000
	pigment { color rgbt <1,0,0,0> }
	no_shadow
}

// nucleotide -1

// particle -1
sphere {
	<38.853409, 35.011211, 13.003564> 0.250000
	pigment { color rgbt <1,0,0,0> }
	no_shadow
}
cylinder {
	<39.225956, 35.074322, 12.872319>,  <39.449486, 35.112190, 12.793572>, 0.100000
	pigment { color rgbt <1,0,0,0> }
	no_shadow
}
cylinder {
	<39.225956, 35.074322, 12.872319>,  <38.853409, 35.011211, 13.003564>, 0.100000
	pigment { color rgbt <1,0,0,0> }
	no_shadow
}

// particle -1
sphere {
	<39.225956, 35.074322, 12.872319> 0.100000
	pigment { color rgbt <1,0,0,0> }
	no_shadow
}
sphere {
	0, 1
	scale<0.080000,0.200000,0.300000>
	matrix <-0.327063, -0.033318, -0.944415,
		-0.159942, 0.986912, 0.020573,
		0.931369, 0.157780, -0.328112,
		39.505367, 35.121655, 12.773886>
	pigment { color rgbt <0,1,1,0> }
	no_shadow
}
cylinder {
	<39.007965, 35.309101, 12.383085>,  <38.853409, 35.011211, 13.003564>, 0.130000
	pigment { color rgbt <1,0,0,0> }
	no_shadow
}

// nucleotide -1

// particle -1
sphere {
	<39.007965, 35.309101, 12.383085> 0.250000
	pigment { color rgbt <1,0,0,0> }
	no_shadow
}
cylinder {
	<39.193703, 34.987976, 12.532685>,  <39.305145, 34.795303, 12.622445>, 0.100000
	pigment { color rgbt <1,0,0,0> }
	no_shadow
}
cylinder {
	<39.193703, 34.987976, 12.532685>,  <39.007965, 35.309101, 12.383085>, 0.100000
	pigment { color rgbt <1,0,0,0> }
	no_shadow
}

// particle -1
sphere {
	<39.193703, 34.987976, 12.532685> 0.100000
	pigment { color rgbt <1,0,0,0> }
	no_shadow
}
sphere {
	0, 1
	scale<0.080000,0.200000,0.300000>
	matrix <-0.027672, -0.435233, -0.899892,
		0.885221, 0.407513, -0.224315,
		0.464347, -0.802811, 0.374001,
		39.333008, 34.747131, 12.644886>
	pigment { color rgbt <0,1,1,0> }
	no_shadow
}
cylinder {
	<38.326614, 34.944923, 11.995476>,  <39.007965, 35.309101, 12.383085>, 0.130000
	pigment { color rgbt <1,0,0,0> }
	no_shadow
}

// nucleotide -1

// particle -1
sphere {
	<38.326614, 34.944923, 11.995476> 0.250000
	pigment { color rgbt <1,0,0,0> }
	no_shadow
}
cylinder {
	<37.988068, 34.829033, 11.816712>,  <37.784939, 34.759499, 11.709455>, 0.100000
	pigment { color rgbt <1,0,0,0> }
	no_shadow
}
cylinder {
	<37.988068, 34.829033, 11.816712>,  <38.326614, 34.944923, 11.995476>, 0.100000
	pigment { color rgbt <1,0,0,0> }
	no_shadow
}

// particle -1
sphere {
	<37.988068, 34.829033, 11.816712> 0.100000
	pigment { color rgbt <1,0,0,0> }
	no_shadow
}
sphere {
	0, 1
	scale<0.080000,0.200000,0.300000>
	matrix <-0.443771, -0.080370, 0.892529,
		-0.294504, 0.953730, -0.060548,
		-0.846365, -0.289723, -0.446907,
		37.734158, 34.742115, 11.682640>
	pigment { color rgbt <0,1,1,0> }
	no_shadow
}
cylinder {
	<37.726067, 35.330765, 12.131260>,  <38.326614, 34.944923, 11.995476>, 0.130000
	pigment { color rgbt <1,0,0,0> }
	no_shadow
}

// nucleotide -1

// particle -1
sphere {
	<37.726067, 35.330765, 12.131260> 0.250000
	pigment { color rgbt <1,0,0,0> }
	no_shadow
}
cylinder {
	<37.663765, 34.937084, 12.097602>,  <37.626385, 34.700874, 12.077407>, 0.100000
	pigment { color rgbt <1,0,0,0> }
	no_shadow
}
cylinder {
	<37.663765, 34.937084, 12.097602>,  <37.726067, 35.330765, 12.131260>, 0.100000
	pigment { color rgbt <1,0,0,0> }
	no_shadow
}

// particle -1
sphere {
	<37.663765, 34.937084, 12.097602> 0.100000
	pigment { color rgbt <1,0,0,0> }
	no_shadow
}
sphere {
	0, 1
	scale<0.080000,0.200000,0.300000>
	matrix <-0.395619, -0.015899, 0.918277,
		-0.905110, 0.176317, -0.386894,
		-0.155757, -0.984205, -0.084145,
		37.617039, 34.641823, 12.072358>
	pigment { color rgbt <0,1,1,0> }
	no_shadow
}
cylinder {
	<36.992256, 35.131420, 12.075765>,  <37.726067, 35.330765, 12.131260>, 0.130000
	pigment { color rgbt <1,0,0,0> }
	no_shadow
}

// nucleotide -1

// particle -1
sphere {
	<36.992256, 35.131420, 12.075765> 0.250000
	pigment { color rgbt <1,0,0,0> }
	no_shadow
}
cylinder {
	<37.207039, 34.838943, 12.244069>,  <37.335907, 34.663460, 12.345052>, 0.100000
	pigment { color rgbt <1,0,0,0> }
	no_shadow
}
cylinder {
	<37.207039, 34.838943, 12.244069>,  <36.992256, 35.131420, 12.075765>, 0.100000
	pigment { color rgbt <1,0,0,0> }
	no_shadow
}

// particle -1
sphere {
	<37.207039, 34.838943, 12.244069> 0.100000
	pigment { color rgbt <1,0,0,0> }
	no_shadow
}
sphere {
	0, 1
	scale<0.080000,0.200000,0.300000>
	matrix <-0.534005, 0.091520, 0.840513,
		-0.653083, -0.676007, -0.341317,
		0.536955, -0.731190, 0.420762,
		37.368126, 34.619587, 12.370297>
	pigment { color rgbt <0,1,1,0> }
	no_shadow
}
cylinder {
	<36.487091, 34.869095, 12.659580>,  <36.992256, 35.131420, 12.075765>, 0.130000
	pigment { color rgbt <1,0,0,0> }
	no_shadow
}

// nucleotide -1

// particle -1
sphere {
	<36.487091, 34.869095, 12.659580> 0.250000
	pigment { color rgbt <1,0,0,0> }
	no_shadow
}
cylinder {
	<36.853626, 34.720161, 12.718505>,  <37.073547, 34.630802, 12.753860>, 0.100000
	pigment { color rgbt <1,0,0,0> }
	no_shadow
}
cylinder {
	<36.853626, 34.720161, 12.718505>,  <36.487091, 34.869095, 12.659580>, 0.100000
	pigment { color rgbt <1,0,0,0> }
	no_shadow
}

// particle -1
sphere {
	<36.853626, 34.720161, 12.718505> 0.100000
	pigment { color rgbt <1,0,0,0> }
	no_shadow
}
sphere {
	0, 1
	scale<0.080000,0.200000,0.300000>
	matrix <-0.187690, -0.074419, 0.979405,
		-0.353703, -0.925110, -0.138076,
		0.916333, -0.372334, 0.147312,
		37.128525, 34.608459, 12.762698>
	pigment { color rgbt <0,1,1,0> }
	no_shadow
}
cylinder {
	<36.392754, 34.555382, 13.325443>,  <36.487091, 34.869095, 12.659580>, 0.130000
	pigment { color rgbt <1,0,0,0> }
	no_shadow
}

// nucleotide -1

// particle -1
sphere {
	<36.392754, 34.555382, 13.325443> 0.250000
	pigment { color rgbt <1,0,0,0> }
	no_shadow
}
cylinder {
	<36.787891, 34.526123, 13.270587>,  <37.024975, 34.508568, 13.237673>, 0.100000
	pigment { color rgbt <1,0,0,0> }
	no_shadow
}
cylinder {
	<36.787891, 34.526123, 13.270587>,  <36.392754, 34.555382, 13.325443>, 0.100000
	pigment { color rgbt <1,0,0,0> }
	no_shadow
}

// particle -1
sphere {
	<36.787891, 34.526123, 13.270587> 0.100000
	pigment { color rgbt <1,0,0,0> }
	no_shadow
}
sphere {
	0, 1
	scale<0.080000,0.200000,0.300000>
	matrix <0.109730, -0.296701, 0.948645,
		-0.110077, -0.952165, -0.285070,
		0.987847, -0.073144, -0.137141,
		37.084244, 34.504181, 13.229445>
	pigment { color rgbt <0,1,1,0> }
	no_shadow
}
cylinder {
	<36.706379, 33.919090, 13.361778>,  <36.392754, 34.555382, 13.325443>, 0.130000
	pigment { color rgbt <1,0,0,0> }
	no_shadow
}

// nucleotide -1

// particle -1
sphere {
	<36.706379, 33.919090, 13.361778> 0.250000
	pigment { color rgbt <1,0,0,0> }
	no_shadow
}
cylinder {
	<36.969810, 34.200703, 13.468066>,  <37.127869, 34.369671, 13.531839>, 0.100000
	pigment { color rgbt <1,0,0,0> }
	no_shadow
}
cylinder {
	<36.969810, 34.200703, 13.468066>,  <36.706379, 33.919090, 13.361778>, 0.100000
	pigment { color rgbt <1,0,0,0> }
	no_shadow
}

// particle -1
sphere {
	<36.969810, 34.200703, 13.468066> 0.100000
	pigment { color rgbt <1,0,0,0> }
	no_shadow
}
sphere {
	0, 1
	scale<0.080000,0.200000,0.300000>
	matrix <-0.050928, -0.310601, 0.949175,
		0.750785, -0.638640, -0.168701,
		0.658580, 0.704035, 0.265720,
		37.167385, 34.411915, 13.547782>
	pigment { color rgbt <0,1,1,0> }
	no_shadow
}
cylinder {
	<37.468384, 33.687099, 13.638281>,  <36.706379, 33.919090, 13.361778>, 0.130000
	pigment { color rgbt <1,0,0,0> }
	no_shadow
}

// nucleotide -1

// particle -1
sphere {
	<37.468384, 33.687099, 13.638281> 0.250000
	pigment { color rgbt <1,0,0,0> }
	no_shadow
}
cylinder {
	<37.324551, 34.018589, 13.809823>,  <37.238251, 34.217484, 13.912748>, 0.100000
	pigment { color rgbt <1,0,0,0> }
	no_shadow
}
cylinder {
	<37.324551, 34.018589, 13.809823>,  <37.468384, 33.687099, 13.638281>, 0.100000
	pigment { color rgbt <1,0,0,0> }
	no_shadow
}

// particle -1
sphere {
	<37.324551, 34.018589, 13.809823> 0.100000
	pigment { color rgbt <1,0,0,0> }
	no_shadow
}
sphere {
	0, 1
	scale<0.080000,0.200000,0.300000>
	matrix <0.066317, -0.435737, 0.897627,
		0.930752, 0.351215, 0.101727,
		-0.359587, 0.828722, 0.428855,
		37.216675, 34.267204, 13.938479>
	pigment { color rgbt <0,1,1,0> }
	no_shadow
}
cylinder {
	<37.875542, 33.665195, 14.220191>,  <37.468384, 33.687099, 13.638281>, 0.130000
	pigment { color rgbt <1,0,0,0> }
	no_shadow
}

// nucleotide -1

// particle -1
sphere {
	<37.875542, 33.665195, 14.220191> 0.250000
	pigment { color rgbt <1,0,0,0> }
	no_shadow
}
cylinder {
	<37.562008, 33.902111, 14.294810>,  <37.373886, 34.044258, 14.339582>, 0.100000
	pigment { color rgbt <1,0,0,0> }
	no_shadow
}
cylinder {
	<37.562008, 33.902111, 14.294810>,  <37.875542, 33.665195, 14.220191>, 0.100000
	pigment { color rgbt <1,0,0,0> }
	no_shadow
}

// particle -1
sphere {
	<37.562008, 33.902111, 14.294810> 0.100000
	pigment { color rgbt <1,0,0,0> }
	no_shadow
}
sphere {
	0, 1
	scale<0.080000,0.200000,0.300000>
	matrix <0.018343, -0.278199, 0.960348,
		0.620699, 0.756176, 0.207198,
		-0.783834, 0.592287, 0.186549,
		37.326859, 34.079796, 14.350775>
	pigment { color rgbt <0,1,1,0> }
	no_shadow
}
cylinder {
	<38.067394, 34.174793, 14.736320>,  <37.875542, 33.665195, 14.220191>, 0.130000
	pigment { color rgbt <1,0,0,0> }
	no_shadow
}

// nucleotide -1

// particle -1
sphere {
	<38.067394, 34.174793, 14.736320> 0.250000
	pigment { color rgbt <1,0,0,0> }
	no_shadow
}
cylinder {
	<37.667656, 34.174656, 14.750804>,  <37.427814, 34.174572, 14.759494>, 0.100000
	pigment { color rgbt <1,0,0,0> }
	no_shadow
}
cylinder {
	<37.667656, 34.174656, 14.750804>,  <38.067394, 34.174793, 14.736320>, 0.100000
	pigment { color rgbt <1,0,0,0> }
	no_shadow
}

// particle -1
sphere {
	<37.667656, 34.174656, 14.750804> 0.100000
	pigment { color rgbt <1,0,0,0> }
	no_shadow
}
sphere {
	0, 1
	scale<0.080000,0.200000,0.300000>
	matrix <0.034424, -0.319335, 0.947016,
		0.011235, 0.947642, 0.319137,
		-0.999344, -0.000346, 0.036210,
		37.367851, 34.174553, 14.761667>
	pigment { color rgbt <0,1,1,0> }
	no_shadow
}
cylinder {
	<37.767460, 34.584446, 15.331087>,  <38.067394, 34.174793, 14.736320>, 0.130000
	pigment { color rgbt <1,0,0,0> }
	no_shadow
}

// nucleotide -1

// particle -1
sphere {
	<37.767460, 34.584446, 15.331087> 0.250000
	pigment { color rgbt <1,0,0,0> }
	no_shadow
}
cylinder {
	<37.474602, 34.325443, 15.246509>,  <37.298889, 34.170044, 15.195762>, 0.100000
	pigment { color rgbt <1,0,0,0> }
	no_shadow
}
cylinder {
	<37.474602, 34.325443, 15.246509>,  <37.767460, 34.584446, 15.331087>, 0.100000
	pigment { color rgbt <1,0,0,0> }
	no_shadow
}

// particle -1
sphere {
	<37.474602, 34.325443, 15.246509> 0.100000
	pigment { color rgbt <1,0,0,0> }
	no_shadow
}
sphere {
	0, 1
	scale<0.080000,0.200000,0.300000>
	matrix <0.019140, -0.329856, 0.943837,
		-0.680884, 0.686975, 0.253895,
		-0.732141, -0.647503, -0.211445,
		37.254959, 34.131191, 15.183075>
	pigment { color rgbt <0,1,1,0> }
	no_shadow
}
cylinder {
	<37.282619, 34.750912, 15.795715>,  <37.767460, 34.584446, 15.331087>, 0.130000
	pigment { color rgbt <1,0,0,0> }
	no_shadow
}

// nucleotide -1

// particle -1
sphere {
	<37.282619, 34.750912, 15.795715> 0.250000
	pigment { color rgbt <1,0,0,0> }
	no_shadow
}
cylinder {
	<37.197445, 34.376377, 15.684049>,  <37.146339, 34.151657, 15.617048>, 0.100000
	pigment { color rgbt <1,0,0,0> }
	no_shadow
}
cylinder {
	<37.197445, 34.376377, 15.684049>,  <37.282619, 34.750912, 15.795715>, 0.100000
	pigment { color rgbt <1,0,0,0> }
	no_shadow
}

// particle -1
sphere {
	<37.197445, 34.376377, 15.684049> 0.100000
	pigment { color rgbt <1,0,0,0> }
	no_shadow
}
sphere {
	0, 1
	scale<0.080000,0.200000,0.300000>
	matrix <-0.073692, -0.269515, 0.960172,
		-0.974282, 0.225032, -0.011609,
		-0.212940, -0.936334, -0.279167,
		37.133564, 34.095478, 15.600299>
	pigment { color rgbt <0,1,1,0> }
	no_shadow
}
cylinder {
	<36.920609, 34.549385, 16.410843>,  <37.282619, 34.750912, 15.795715>, 0.130000
	pigment { color rgbt <1,0,0,0> }
	no_shadow
}

// nucleotide -1

// particle -1
sphere {
	<36.920609, 34.549385, 16.410843> 0.250000
	pigment { color rgbt <1,0,0,0> }
	no_shadow
}
cylinder {
	<36.976177, 34.198582, 16.226860>,  <37.009518, 33.988098, 16.116470>, 0.100000
	pigment { color rgbt <1,0,0,0> }
	no_shadow
}
cylinder {
	<36.976177, 34.198582, 16.226860>,  <36.920609, 34.549385, 16.410843>, 0.100000
	pigment { color rgbt <1,0,0,0> }
	no_shadow
}

// particle -1
sphere {
	<36.976177, 34.198582, 16.226860> 0.100000
	pigment { color rgbt <1,0,0,0> }
	no_shadow
}
sphere {
	0, 1
	scale<0.080000,0.200000,0.300000>
	matrix <-0.122320, -0.476099, 0.870843,
