// switches for output
#declare DRAW_BASES = 1; // possible values are 0, 1; only relevant for DNA ribbons
#declare DRAW_BASES_TYPE = 3; // possible values are 1, 2, 3; only relevant for DNA ribbons
#declare DRAW_FOG = 0; // set to 1 to enable fog

#include "colors.inc"

#include "transforms.inc"
background { rgb <1, 1, 1>}

#default {
   normal{
       ripples 0.25
       frequency 0.20
       turbulence 0.2
       lambda 5
   }
	finish {
		phong 0.1
		phong_size 40.
	}
}

// original window dimensions: 1024x640


// camera settings

camera {
	sky <-0, 1, 0>
	up <-0, 1, 0>
	right 1.6 * <0.581683, 0, 0.813415>
	location <-54.4937, 30, 90.4225>
	look_at <30, 30, 30>
	direction <84.4937, 0, -60.4225>
	angle 67.0682
}


# declare cpy_camera_pos = <-54.4937, 30, 90.4225>;
# if (DRAW_FOG = 1)
fog {
	fog_type 2
	up vnormalize(cpy_camera_pos)
	color rgbt<1,1,1,0.3>
	distance 1e-5
	fog_alt 3e-3
	fog_offset 48
}
# end


// LIGHTS

# declare lum = 6;
global_settings {
	ambient_light rgb lum * <0.05, 0.05, 0.05>
	max_trace_level 15
}# declare cpy_direct_light_amount = 0.25;
light_source
{	1000 * <0.231732, -1, 1.3951>,
	rgb lum * cpy_direct_light_amount
	parallel
}

light_source
{	1000 * <-0.231732, 1, -1.3951>,
	rgb lum * cpy_direct_light_amount
	parallel
}

// strand 0

// nucleotide -1

// particle -1
sphere {
	<42.974968, 32.533909, 22.078640> 0.250000
	pigment { color rgbt <1,0,0,0> }
	no_shadow
}
cylinder {
	<42.979031, 32.488884, 22.476078>,  <42.981468, 32.461868, 22.714540>, 0.100000
	pigment { color rgbt <1,0,0,0> }
	no_shadow
}
cylinder {
	<42.979031, 32.488884, 22.476078>,  <42.974968, 32.533909, 22.078640>, 0.100000
	pigment { color rgbt <1,0,0,0> }
	no_shadow
}

// particle -1
sphere {
	<42.979031, 32.488884, 22.476078> 0.100000
	pigment { color rgbt <1,0,0,0> }
	no_shadow
}
sphere {
	0, 1
	scale<0.080000,0.200000,0.300000>
	matrix <-0.867690, 0.492876, 0.064702,
		-0.497001, -0.862788, -0.092662,
		0.010153, -0.112559, 0.993593,
		42.982075, 32.455116, 22.774157>
	pigment { color rgbt <0,1,1,0> }
	no_shadow
}
cylinder {
	<42.381161, 32.623920, 21.716743>,  <42.974968, 32.533909, 22.078640>, 0.130000
	pigment { color rgbt <1,0,0,0> }
	no_shadow
}

// nucleotide -1

// particle -1
sphere {
	<42.381161, 32.623920, 21.716743> 0.250000
	pigment { color rgbt <1,0,0,0> }
	no_shadow
}
cylinder {
	<42.274994, 32.404457, 22.033863>,  <42.211292, 32.272778, 22.224134>, 0.100000
	pigment { color rgbt <1,0,0,0> }
	no_shadow
}
cylinder {
	<42.274994, 32.404457, 22.033863>,  <42.381161, 32.623920, 21.716743>, 0.100000
	pigment { color rgbt <1,0,0,0> }
	no_shadow
}

// particle -1
sphere {
	<42.274994, 32.404457, 22.033863> 0.100000
	pigment { color rgbt <1,0,0,0> }
	no_shadow
}
sphere {
	0, 1
	scale<0.080000,0.200000,0.300000>
	matrix <-0.962196, 0.098647, -0.253864,
		0.061078, -0.830207, -0.554099,
		-0.265420, -0.548657, 0.792797,
		42.195370, 32.239861, 22.271702>
	pigment { color rgbt <0,1,1,0> }
	no_shadow
}
cylinder {
	<41.923973, 32.144455, 21.530390>,  <42.381161, 32.623920, 21.716743>, 0.130000
	pigment { color rgbt <1,0,0,0> }
	no_shadow
}

// nucleotide -1

// particle -1
sphere {
	<41.923973, 32.144455, 21.530390> 0.250000
	pigment { color rgbt <1,0,0,0> }
	no_shadow
}
cylinder {
	<41.849865, 32.185158, 21.921352>,  <41.805401, 32.209579, 22.155930>, 0.100000
	pigment { color rgbt <1,0,0,0> }
	no_shadow
}
cylinder {
	<41.849865, 32.185158, 21.921352>,  <41.923973, 32.144455, 21.530390>, 0.100000
	pigment { color rgbt <1,0,0,0> }
	no_shadow
}

// particle -1
sphere {
	<41.849865, 32.185158, 21.921352> 0.100000
	pigment { color rgbt <1,0,0,0> }
	no_shadow
}
sphere {
	0, 1
	scale<0.080000,0.200000,0.300000>
	matrix <-0.977580, 0.082186, -0.193861,
		-0.100055, -0.991409, 0.084244,
		-0.185271, 0.101752, 0.977405,
		41.794285, 32.215683, 22.214575>
	pigment { color rgbt <0,1,1,0> }
	no_shadow
}
cylinder {
	<41.384937, 31.698816, 21.887241>,  <41.923973, 32.144455, 21.530390>, 0.130000
	pigment { color rgbt <1,0,0,0> }
	no_shadow
}

// nucleotide -1

// particle -1
sphere {
	<41.384937, 31.698816, 21.887241> 0.250000
	pigment { color rgbt <1,0,0,0> }
	no_shadow
}
cylinder {
	<41.399940, 32.052677, 22.073139>,  <41.408943, 32.264992, 22.184677>, 0.100000
	pigment { color rgbt <1,0,0,0> }
	no_shadow
}
cylinder {
	<41.399940, 32.052677, 22.073139>,  <41.384937, 31.698816, 21.887241>, 0.100000
	pigment { color rgbt <1,0,0,0> }
	no_shadow
}

// particle -1
sphere {
	<41.399940, 32.052677, 22.073139> 0.100000
	pigment { color rgbt <1,0,0,0> }
	no_shadow
}
sphere {
	0, 1
	scale<0.080000,0.200000,0.300000>
	matrix <-0.969244, 0.145401, -0.198556,
		-0.243227, -0.443004, 0.862895,
		0.037505, 0.884650, 0.464744,
		41.411194, 32.318073, 22.212563>
	pigment { color rgbt <0,1,1,0> }
	no_shadow
}
cylinder {
	<40.679356, 31.697573, 21.760220>,  <41.384937, 31.698816, 21.887241>, 0.130000
	pigment { color rgbt <1,0,0,0> }
	no_shadow
}

// nucleotide -1

// particle -1
sphere {
	<40.679356, 31.697573, 21.760220> 0.250000
	pigment { color rgbt <1,0,0,0> }
	no_shadow
}
cylinder {
	<40.781418, 32.003155, 21.523148>,  <40.842655, 32.186504, 21.380905>, 0.100000
	pigment { color rgbt <1,0,0,0> }
	no_shadow
}
cylinder {
	<40.781418, 32.003155, 21.523148>,  <40.679356, 31.697573, 21.760220>, 0.100000
	pigment { color rgbt <1,0,0,0> }
	no_shadow
}

// particle -1
sphere {
	<40.781418, 32.003155, 21.523148> 0.100000
	pigment { color rgbt <1,0,0,0> }
	no_shadow
}
sphere {
	0, 1
	scale<0.080000,0.200000,0.300000>
	matrix <-0.490108, -0.426198, -0.760361,
		-0.833480, 0.484488, 0.265672,
		0.255157, 0.763954, -0.592680,
		40.857964, 32.232342, 21.345345>
	pigment { color rgbt <0,1,1,0> }
	no_shadow
}
cylinder {
	<40.076347, 32.133533, 21.461498>,  <40.679356, 31.697573, 21.760220>, 0.130000
	pigment { color rgbt <1,0,0,0> }
	no_shadow
}

// nucleotide -1

// particle -1
sphere {
	<40.076347, 32.133533, 21.461498> 0.250000
	pigment { color rgbt <1,0,0,0> }
	no_shadow
}
cylinder {
	<40.404610, 32.155678, 21.234005>,  <40.601566, 32.168964, 21.097509>, 0.100000
	pigment { color rgbt <1,0,0,0> }
	no_shadow
}
cylinder {
	<40.404610, 32.155678, 21.234005>,  <40.076347, 32.133533, 21.461498>, 0.100000
	pigment { color rgbt <1,0,0,0> }
	no_shadow
}

// particle -1
sphere {
	<40.404610, 32.155678, 21.234005> 0.100000
	pigment { color rgbt <1,0,0,0> }
	no_shadow
}
sphere {
	0, 1
	scale<0.080000,0.200000,0.300000>
	matrix <-0.517497, -0.350066, -0.780802,
		-0.242318, 0.935088, -0.258636,
		0.820658, 0.055359, -0.568732,
		40.650806, 32.172287, 21.063385>
	pigment { color rgbt <0,1,1,0> }
	no_shadow
}
cylinder {
	<39.597580, 32.503689, 20.925768>,  <40.076347, 32.133533, 21.461498>, 0.130000
	pigment { color rgbt <1,0,0,0> }
	no_shadow
}

// nucleotide -1

// particle -1
sphere {
	<39.597580, 32.503689, 20.925768> 0.250000
	pigment { color rgbt <1,0,0,0> }
	no_shadow
}
cylinder {
	<39.199406, 32.468407, 20.940304>,  <38.960499, 32.447239, 20.949026>, 0.100000
	pigment { color rgbt <1,0,0,0> }
	no_shadow
}
cylinder {
	<39.199406, 32.468407, 20.940304>,  <39.597580, 32.503689, 20.925768>, 0.100000
	pigment { color rgbt <1,0,0,0> }
	no_shadow
}

// particle -1
sphere {
	<39.199406, 32.468407, 20.940304> 0.100000
	pigment { color rgbt <1,0,0,0> }
	no_shadow
}
sphere {
	0, 1
	scale<0.080000,0.200000,0.300000>
	matrix <-0.095196, 0.943044, -0.318757,
		-0.006157, -0.320763, -0.947140,
		-0.995439, -0.088202, 0.036341,
		38.900772, 32.441948, 20.951206>
	pigment { color rgbt <0,1,1,0> }
	no_shadow
}
cylinder {
	<39.422478, 32.701675, 20.308250>,  <39.597580, 32.503689, 20.925768>, 0.130000
	pigment { color rgbt <1,0,0,0> }
	no_shadow
}

// nucleotide -1

// particle -1
sphere {
	<39.422478, 32.701675, 20.308250> 0.250000
	pigment { color rgbt <1,0,0,0> }
	no_shadow
}
cylinder {
	<39.082355, 32.740002, 20.515247>,  <38.878281, 32.762997, 20.639446>, 0.100000
	pigment { color rgbt <1,0,0,0> }
	no_shadow
}
cylinder {
	<39.082355, 32.740002, 20.515247>,  <39.422478, 32.701675, 20.308250>, 0.100000
	pigment { color rgbt <1,0,0,0> }
	no_shadow
}

// particle -1
sphere {
	<39.082355, 32.740002, 20.515247> 0.100000
	pigment { color rgbt <1,0,0,0> }
	no_shadow
}
sphere {
	0, 1
	scale<0.080000,0.200000,0.300000>
	matrix <-0.145581, 0.902098, -0.406232,
		-0.505754, -0.420759, -0.753110,
		-0.850305, 0.095815, 0.517494,
		38.827263, 32.768745, 20.670496>
	pigment { color rgbt <0,1,1,0> }
	no_shadow
}
cylinder {
	<38.959576, 32.879520, 19.789858>,  <39.422478, 32.701675, 20.308250>, 0.130000
	pigment { color rgbt <1,0,0,0> }
	no_shadow
}

// nucleotide -1

// particle -1
sphere {
	<38.959576, 32.879520, 19.789858> 0.250000
	pigment { color rgbt <1,0,0,0> }
	no_shadow
}
cylinder {
	<38.802166, 32.981255, 20.143230>,  <38.707722, 33.042297, 20.355255>, 0.100000
	pigment { color rgbt <1,0,0,0> }
	no_shadow
}
cylinder {
	<38.802166, 32.981255, 20.143230>,  <38.959576, 32.879520, 19.789858>, 0.100000
	pigment { color rgbt <1,0,0,0> }
	no_shadow
}

// particle -1
sphere {
	<38.802166, 32.981255, 20.143230> 0.100000
	pigment { color rgbt <1,0,0,0> }
	no_shadow
}
sphere {
	0, 1
	scale<0.080000,0.200000,0.300000>
	matrix <-0.503838, 0.744125, -0.438664,
		-0.768954, -0.617730, -0.164682,
		-0.393520, 0.254339, 0.883433,
		38.684109, 33.057556, 20.408260>
	pigment { color rgbt <0,1,1,0> }
	no_shadow
}
cylinder {
	<38.226364, 33.034885, 19.634199>,  <38.959576, 32.879520, 19.789858>, 0.130000
	pigment { color rgbt <1,0,0,0> }
	no_shadow
}

// nucleotide -1

// particle -1
sphere {
	<38.226364, 33.034885, 19.634199> 0.250000
	pigment { color rgbt <1,0,0,0> }
	no_shadow
}
cylinder {
	<38.316608, 33.216522, 19.978966>,  <38.370754, 33.325504, 20.185825>, 0.100000
	pigment { color rgbt <1,0,0,0> }
	no_shadow
}
cylinder {
	<38.316608, 33.216522, 19.978966>,  <38.226364, 33.034885, 19.634199>, 0.100000
	pigment { color rgbt <1,0,0,0> }
	no_shadow
}

// particle -1
sphere {
	<38.316608, 33.216522, 19.978966> 0.100000
	pigment { color rgbt <1,0,0,0> }
	no_shadow
}
sphere {
	0, 1
	scale<0.080000,0.200000,0.300000>
	matrix <-0.572570, 0.777603, -0.259803,
		-0.788203, -0.434893, 0.435437,
		0.225610, 0.454095, 0.861915,
		38.384293, 33.352753, 20.237541>
	pigment { color rgbt <0,1,1,0> }
	no_shadow
}
cylinder {
	<37.542217, 33.396763, 19.909758>,  <38.226364, 33.034885, 19.634199>, 0.130000
	pigment { color rgbt <1,0,0,0> }
	no_shadow
}

// nucleotide -1

// particle -1
sphere {
	<37.542217, 33.396763, 19.909758> 0.250000
	pigment { color rgbt <1,0,0,0> }
	no_shadow
}
cylinder {
	<37.837635, 33.583855, 20.103989>,  <38.014885, 33.696110, 20.220528>, 0.100000
	pigment { color rgbt <1,0,0,0> }
	no_shadow
}
cylinder {
	<37.837635, 33.583855, 20.103989>,  <37.542217, 33.396763, 19.909758>, 0.100000
	pigment { color rgbt <1,0,0,0> }
	no_shadow
}

// particle -1
sphere {
	<37.837635, 33.583855, 20.103989> 0.100000
	pigment { color rgbt <1,0,0,0> }
	no_shadow
}
sphere {
	0, 1
	scale<0.080000,0.200000,0.300000>
	matrix <-0.311941, 0.875553, -0.368917,
		-0.597704, 0.120988, 0.792536,
		0.738541, 0.467728, 0.485580,
		38.059196, 33.724174, 20.249662>
	pigment { color rgbt <0,1,1,0> }
	no_shadow
}
cylinder {
	<37.261593, 33.896843, 20.175388>,  <37.542217, 33.396763, 19.909758>, 0.130000
	pigment { color rgbt <1,0,0,0> }
	no_shadow
}

// nucleotide -1

// particle -1
sphere {
	<37.261593, 33.896843, 20.175388> 0.250000
	pigment { color rgbt <1,0,0,0> }
	no_shadow
}
cylinder {
	<37.640835, 34.020489, 20.145603>,  <37.868382, 34.094677, 20.127731>, 0.100000
	pigment { color rgbt <1,0,0,0> }
	no_shadow
}
cylinder {
	<37.640835, 34.020489, 20.145603>,  <37.261593, 33.896843, 20.175388>, 0.100000
	pigment { color rgbt <1,0,0,0> }
	no_shadow
}

// particle -1
sphere {
	<37.640835, 34.020489, 20.145603> 0.100000
	pigment { color rgbt <1,0,0,0> }
	no_shadow
}
sphere {
	0, 1
	scale<0.080000,0.200000,0.300000>
	matrix <-0.302767, 0.806177, -0.508342,
		-0.097107, 0.504506, 0.857930,
		0.948105, 0.309117, -0.074462,
		37.925266, 34.113224, 20.123264>
	pigment { color rgbt <0,1,1,0> }
	no_shadow
}
cylinder {
	<37.208076, 34.526833, 20.309237>,  <37.261593, 33.896843, 20.175388>, 0.130000
	pigment { color rgbt <1,0,0,0> }
	no_shadow
}

// nucleotide -1

// particle -1
sphere {
	<37.208076, 34.526833, 20.309237> 0.250000
	pigment { color rgbt <1,0,0,0> }
	no_shadow
}
cylinder {
	<37.554501, 34.497204, 20.111469>,  <37.762356, 34.479427, 19.992809>, 0.100000
	pigment { color rgbt <1,0,0,0> }
	no_shadow
}
cylinder {
	<37.554501, 34.497204, 20.111469>,  <37.208076, 34.526833, 20.309237>, 0.100000
	pigment { color rgbt <1,0,0,0> }
	no_shadow
}

// particle -1
sphere {
	<37.554501, 34.497204, 20.111469> 0.100000
	pigment { color rgbt <1,0,0,0> }
	no_shadow
}
sphere {
	0, 1
	scale<0.080000,0.200000,0.300000>
	matrix <-0.266413, 0.768460, -0.581802,
		0.423037, 0.635596, 0.645800,
		0.866062, -0.074074, -0.494418,
		37.814320, 34.474983, 19.963144>
	pigment { color rgbt <0,1,1,0> }
	no_shadow
}
cylinder {
	<37.440323, 35.202908, 20.212236>,  <37.208076, 34.526833, 20.309237>, 0.130000
	pigment { color rgbt <1,0,0,0> }
	no_shadow
}

// nucleotide -1

// particle -1
sphere {
	<37.440323, 35.202908, 20.212236> 0.250000
	pigment { color rgbt <1,0,0,0> }
	no_shadow
}
cylinder {
	<37.653561, 35.008831, 19.934994>,  <37.781502, 34.892384, 19.768648>, 0.100000
	pigment { color rgbt <1,0,0,0> }
	no_shadow
}
cylinder {
	<37.653561, 35.008831, 19.934994>,  <37.440323, 35.202908, 20.212236>, 0.100000
	pigment { color rgbt <1,0,0,0> }
	no_shadow
}

// particle -1
sphere {
	<37.653561, 35.008831, 19.934994> 0.100000
	pigment { color rgbt <1,0,0,0> }
	no_shadow
}
sphere {
	0, 1
	scale<0.080000,0.200000,0.300000>
	matrix <-0.236532, 0.701086, -0.672704,
		0.812321, 0.522556, 0.258979,
		0.533092, -0.485195, -0.693108,
		37.813488, 34.863274, 19.727060>
	pigment { color rgbt <0,1,1,0> }
	no_shadow
}
cylinder {
	<37.809364, 35.649124, 19.877752>,  <37.440323, 35.202908, 20.212236>, 0.130000
	pigment { color rgbt <1,0,0,0> }
	no_shadow
}

// nucleotide -1

// particle -1
sphere {
	<37.809364, 35.649124, 19.877752> 0.250000
	pigment { color rgbt <1,0,0,0> }
	no_shadow
}
cylinder {
	<37.752243, 35.362350, 19.604809>,  <37.717972, 35.190289, 19.441042>, 0.100000
	pigment { color rgbt <1,0,0,0> }
	no_shadow
}
cylinder {
	<37.752243, 35.362350, 19.604809>,  <37.809364, 35.649124, 19.877752>, 0.100000
	pigment { color rgbt <1,0,0,0> }
	no_shadow
}

// particle -1
sphere {
	<37.752243, 35.362350, 19.604809> 0.100000
	pigment { color rgbt <1,0,0,0> }
	no_shadow
}
sphere {
	0, 1
	scale<0.080000,0.200000,0.300000>
	matrix <-0.267484, 0.691727, -0.670796,
		0.952922, 0.086732, -0.290546,
		-0.142799, -0.716933, -0.682361,
		37.709404, 35.147270, 19.400101>
	pigment { color rgbt <0,1,1,0> }
	no_shadow
}
cylinder {
	<38.020061, 35.966434, 19.259439>,  <37.809364, 35.649124, 19.877752>, 0.130000
	pigment { color rgbt <1,0,0,0> }
	no_shadow
}

// nucleotide -1

// particle -1
sphere {
	<38.020061, 35.966434, 19.259439> 0.250000
	pigment { color rgbt <1,0,0,0> }
	no_shadow
}
cylinder {
	<37.823986, 35.640793, 19.134892>,  <37.706341, 35.445408, 19.060162>, 0.100000
	pigment { color rgbt <1,0,0,0> }
	no_shadow
}
cylinder {
	<37.823986, 35.640793, 19.134892>,  <38.020061, 35.966434, 19.259439>, 0.100000
	pigment { color rgbt <1,0,0,0> }
	no_shadow
}

// particle -1
sphere {
	<37.823986, 35.640793, 19.134892> 0.100000
	pigment { color rgbt <1,0,0,0> }
	no_shadow
}
sphere {
	0, 1
	scale<0.080000,0.200000,0.300000>
	matrix <-0.427634, 0.535911, -0.727962,
		0.759504, -0.223684, -0.610835,
		-0.490186, -0.814104, -0.311371,
		37.676929, 35.396561, 19.041481>
	pigment { color rgbt <0,1,1,0> }
	no_shadow
}
cylinder {
	<38.087109, 35.915218, 18.465765>,  <38.020061, 35.966434, 19.259439>, 0.130000
	pigment { color rgbt <1,0,0,0> }
	no_shadow
}

// nucleotide -1

// particle -1
sphere {
	<38.087109, 35.915218, 18.465765> 0.250000
	pigment { color rgbt <1,0,0,0> }
	no_shadow
}
cylinder {
	<37.772350, 35.685638, 18.556427>,  <37.583496, 35.547890, 18.610825>, 0.100000
	pigment { color rgbt <1,0,0,0> }
	no_shadow
}
cylinder {
	<37.772350, 35.685638, 18.556427>,  <38.087109, 35.915218, 18.465765>, 0.100000
	pigment { color rgbt <1,0,0,0> }
	no_shadow
}

// particle -1
sphere {
	<37.772350, 35.685638, 18.556427> 0.100000
	pigment { color rgbt <1,0,0,0> }
	no_shadow
}
sphere {
	0, 1
	scale<0.080000,0.200000,0.300000>
	matrix <-0.530038, 0.440562, -0.724545,
		0.315998, -0.690278, -0.650893,
		-0.786896, -0.573953, 0.226657,
		37.536282, 35.513451, 18.624424>
	pigment { color rgbt <0,1,1,0> }
	no_shadow
}
cylinder {
	<37.903065, 35.582317, 17.886913>,  <38.087109, 35.915218, 18.465765>, 0.130000
	pigment { color rgbt <1,0,0,0> }
	no_shadow
}

// nucleotide -1

// particle -1
sphere {
	<37.903065, 35.582317, 17.886913> 0.250000
	pigment { color rgbt <1,0,0,0> }
	no_shadow
}
cylinder {
	<37.585266, 35.579224, 18.129803>,  <37.394588, 35.577370, 18.275536>, 0.100000
	pigment { color rgbt <1,0,0,0> }
	no_shadow
}
cylinder {
	<37.585266, 35.579224, 18.129803>,  <37.903065, 35.582317, 17.886913>, 0.100000
	pigment { color rgbt <1,0,0,0> }
	no_shadow
}

// particle -1
sphere {
	<37.585266, 35.579224, 18.129803> 0.100000
	pigment { color rgbt <1,0,0,0> }
	no_shadow
}
sphere {
	0, 1
	scale<0.080000,0.200000,0.300000>
	matrix <-0.548187, 0.439354, -0.711660,
		-0.261283, -0.898281, -0.353303,
		-0.794495, -0.007732, 0.607221,
		37.346916, 35.576904, 18.311970>
	pigment { color rgbt <0,1,1,0> }
	no_shadow
}
cylinder {
	<37.419361, 35.487839, 17.417353>,  <37.903065, 35.582317, 17.886913>, 0.130000
	pigment { color rgbt <1,0,0,0> }
	no_shadow
}

// nucleotide -1

// particle -1
sphere {
	<37.419361, 35.487839, 17.417353> 0.250000
	pigment { color rgbt <1,0,0,0> }
	no_shadow
}
cylinder {
	<37.216949, 35.593468, 17.745792>,  <37.095505, 35.656845, 17.942856>, 0.100000
	pigment { color rgbt <1,0,0,0> }
	no_shadow
}
cylinder {
	<37.216949, 35.593468, 17.745792>,  <37.419361, 35.487839, 17.417353>, 0.100000
	pigment { color rgbt <1,0,0,0> }
	no_shadow
}

// particle -1
sphere {
	<37.216949, 35.593468, 17.745792> 0.100000
	pigment { color rgbt <1,0,0,0> }
	no_shadow
}
sphere {
	0, 1
	scale<0.080000,0.200000,0.300000>
	matrix <-0.593927, 0.583640, -0.553728,
		-0.625450, -0.767874, -0.138498,
		-0.506027, 0.264071, 0.821099,
		37.065140, 35.672688, 17.992123>
	pigment { color rgbt <0,1,1,0> }
	no_shadow
}
cylinder {
	<36.680237, 35.314785, 17.285854>,  <37.419361, 35.487839, 17.417353>, 0.130000
	pigment { color rgbt <1,0,0,0> }
	no_shadow
}

// nucleotide -1

// particle -1
sphere {
	<36.680237, 35.314785, 17.285854> 0.250000
	pigment { color rgbt <1,0,0,0> }
	no_shadow
}
cylinder {
	<36.694744, 35.584713, 17.580688>,  <36.703449, 35.746670, 17.757589>, 0.100000
	pigment { color rgbt <1,0,0,0> }
	no_shadow
}
cylinder {
	<36.694744, 35.584713, 17.580688>,  <36.680237, 35.314785, 17.285854>, 0.100000
	pigment { color rgbt <1,0,0,0> }
	no_shadow
}

// particle -1
sphere {
	<36.694744, 35.584713, 17.580688> 0.100000
	pigment { color rgbt <1,0,0,0> }
	no_shadow
}
sphere {
	0, 1
	scale<0.080000,0.200000,0.300000>
	matrix <-0.754647, 0.502016, -0.422478,
		-0.655127, -0.540917, 0.527462,
		0.036269, 0.674825, 0.737086,
		36.705624, 35.787159, 17.801815>
	pigment { color rgbt <0,1,1,0> }
	no_shadow
}
cylinder {
	<36.053177, 35.455441, 17.311506>,  <36.680237, 35.314785, 17.285854>, 0.130000
	pigment { color rgbt <1,0,0,0> }
	no_shadow
}

// nucleotide -1

// particle -1
sphere {
	<36.053177, 35.455441, 17.311506> 0.250000
	pigment { color rgbt <1,0,0,0> }
	no_shadow
}
cylinder {
	<36.221878, 35.756058, 17.514408>,  <36.323097, 35.936428, 17.636150>, 0.100000
	pigment { color rgbt <1,0,0,0> }
	no_shadow
}
cylinder {
	<36.221878, 35.756058, 17.514408>,  <36.053177, 35.455441, 17.311506>, 0.100000
	pigment { color rgbt <1,0,0,0> }
	no_shadow
}

// particle -1
sphere {
	<36.221878, 35.756058, 17.514408> 0.100000
	pigment { color rgbt <1,0,0,0> }
	no_shadow
}
sphere {
	0, 1
	scale<0.080000,0.200000,0.300000>
	matrix <-0.626792, 0.645902, -0.435824,
		-0.655178, -0.134136, 0.743471,
		0.421750, 0.751544, 0.507256,
		36.348404, 35.981522, 17.666584>
	pigment { color rgbt <0,1,1,0> }
	no_shadow
}
cylinder {
	<35.506378, 35.830032, 17.633425>,  <36.053177, 35.455441, 17.311506>, 0.130000
	pigment { color rgbt <1,0,0,0> }
	no_shadow
}

// nucleotide -1

// particle -1
sphere {
	<35.506378, 35.830032, 17.633425> 0.250000
	pigment { color rgbt <1,0,0,0> }
	no_shadow
}
cylinder {
	<35.819099, 36.076653, 17.596207>,  <36.006733, 36.224625, 17.573875>, 0.100000
	pigment { color rgbt <1,0,0,0> }
	no_shadow
}
cylinder {
	<35.819099, 36.076653, 17.596207>,  <35.506378, 35.830032, 17.633425>, 0.100000
	pigment { color rgbt <1,0,0,0> }
	no_shadow
}

// particle -1
sphere {
	<35.819099, 36.076653, 17.596207> 0.100000
	pigment { color rgbt <1,0,0,0> }
	no_shadow
}
sphere {
	0, 1
	scale<0.080000,0.200000,0.300000>
	matrix <-0.497195, 0.526366, -0.689736,
		-0.376278, 0.585498, 0.718057,
		0.781800, 0.616547, -0.093046,
		36.053638, 36.261616, 17.568293>
	pigment { color rgbt <0,1,1,0> }
	no_shadow
}
cylinder {
	<35.221478, 36.562004, 17.615925>,  <35.506378, 35.830032, 17.633425>, 0.130000
	pigment { color rgbt <1,0,0,0> }
	no_shadow
}

// nucleotide -1

// particle -1
sphere {
	<35.221478, 36.562004, 17.615925> 0.250000
	pigment { color rgbt <1,0,0,0> }
	no_shadow
}
cylinder {
	<35.582367, 36.540268, 17.444790>,  <35.798901, 36.527225, 17.342110>, 0.100000
	pigment { color rgbt <1,0,0,0> }
	no_shadow
}
cylinder {
	<35.582367, 36.540268, 17.444790>,  <35.221478, 36.562004, 17.615925>, 0.100000
	pigment { color rgbt <1,0,0,0> }
	no_shadow
}

// particle -1
sphere {
	<35.582367, 36.540268, 17.444790> 0.100000
	pigment { color rgbt <1,0,0,0> }
	no_shadow
}
sphere {
	0, 1
	scale<0.080000,0.200000,0.300000>
	matrix <-0.338959, 0.524020, -0.781351,
		0.266654, 0.849971, 0.454363,
		0.902221, -0.054340, -0.427838,
		35.853035, 36.523968, 17.316439>
	pigment { color rgbt <0,1,1,0> }
	no_shadow
}
cylinder {
	<35.251949, 37.139740, 17.221786>,  <35.221478, 36.562004, 17.615925>, 0.130000
	pigment { color rgbt <1,0,0,0> }
	no_shadow
}

// nucleotide -1

// particle -1
sphere {
	<35.251949, 37.139740, 17.221786> 0.250000
	pigment { color rgbt <1,0,0,0> }
	no_shadow
}
cylinder {
	<35.564774, 36.961365, 17.047649>,  <35.752468, 36.854340, 16.943167>, 0.100000
	pigment { color rgbt <1,0,0,0> }
	no_shadow
}
cylinder {
	<35.564774, 36.961365, 17.047649>,  <35.251949, 37.139740, 17.221786>, 0.100000
	pigment { color rgbt <1,0,0,0> }
	no_shadow
}

// particle -1
sphere {
	<35.564774, 36.961365, 17.047649> 0.100000
	pigment { color rgbt <1,0,0,0> }
	no_shadow
}
sphere {
	0, 1
	scale<0.080000,0.200000,0.300000>
	matrix <-0.184222, 0.501916, -0.845070,
		0.595352, 0.741095, 0.310377,
		0.782060, -0.445936, -0.435343,
		35.799393, 36.827583, 16.917046>
	pigment { color rgbt <0,1,1,0> }
	no_shadow
}
cylinder {
	<35.734631, 37.626369, 16.829918>,  <35.251949, 37.139740, 17.221786>, 0.130000
	pigment { color rgbt <1,0,0,0> }
	no_shadow
}

// nucleotide -1

// particle -1
sphere {
	<35.734631, 37.626369, 16.829918> 0.250000
	pigment { color rgbt <1,0,0,0> }
	no_shadow
}
cylinder {
	<35.814823, 37.268494, 16.670250>,  <35.862938, 37.053768, 16.574450>, 0.100000
	pigment { color rgbt <1,0,0,0> }
	no_shadow
}
cylinder {
	<35.814823, 37.268494, 16.670250>,  <35.734631, 37.626369, 16.829918>, 0.100000
	pigment { color rgbt <1,0,0,0> }
	no_shadow
}

// particle -1
sphere {
	<35.814823, 37.268494, 16.670250> 0.100000
	pigment { color rgbt <1,0,0,0> }
	no_shadow
}
sphere {
	0, 1
	scale<0.080000,0.200000,0.300000>
	matrix <-0.022861, 0.403060, -0.914888,
		0.979430, 0.192544, 0.060353,
		0.200483, -0.894690, -0.399171,
		35.874969, 37.000088, 16.550499>
	pigment { color rgbt <0,1,1,0> }
	no_shadow
}
cylinder {
	<36.253532, 37.738308, 16.224970>,  <35.734631, 37.626369, 16.829918>, 0.130000
	pigment { color rgbt <1,0,0,0> }
	no_shadow
}

// nucleotide -1

// particle -1
sphere {
	<36.253532, 37.738308, 16.224970> 0.250000
	pigment { color rgbt <1,0,0,0> }
	no_shadow
}
cylinder {
	<36.133640, 37.359863, 16.175919>,  <36.061703, 37.132797, 16.146488>, 0.100000
	pigment { color rgbt <1,0,0,0> }
	no_shadow
}
cylinder {
	<36.133640, 37.359863, 16.175919>,  <36.253532, 37.738308, 16.224970>, 0.100000
	pigment { color rgbt <1,0,0,0> }
	no_shadow
}

// particle -1
sphere {
	<36.133640, 37.359863, 16.175919> 0.100000
	pigment { color rgbt <1,0,0,0> }
	no_shadow
}
sphere {
	0, 1
	scale<0.080000,0.200000,0.300000>
	matrix <-0.177826, 0.181690, -0.967143,
		0.937304, -0.268077, -0.222701,
		-0.299732, -0.946109, -0.122628,
		36.043720, 37.076031, 16.139130>
	pigment { color rgbt <0,1,1,0> }
	no_shadow
}
cylinder {
	<36.545715, 37.550983, 15.505976>,  <36.253532, 37.738308, 16.224970>, 0.130000
	pigment { color rgbt <1,0,0,0> }
	no_shadow
}

// nucleotide -1

// particle -1
sphere {
	<36.545715, 37.550983, 15.505976> 0.250000
	pigment { color rgbt <1,0,0,0> }
	no_shadow
}
cylinder {
	<36.230885, 37.325348, 15.605824>,  <36.041985, 37.189968, 15.665734>, 0.100000
	pigment { color rgbt <1,0,0,0> }
	no_shadow
}
cylinder {
	<36.230885, 37.325348, 15.605824>,  <36.545715, 37.550983, 15.505976>, 0.100000
	pigment { color rgbt <1,0,0,0> }
	no_shadow
}

// particle -1
sphere {
	<36.230885, 37.325348, 15.605824> 0.100000
	pigment { color rgbt <1,0,0,0> }
	no_shadow
}
sphere {
	0, 1
	scale<0.080000,0.200000,0.300000>
	matrix <-0.338260, 0.056286, -0.939368,
		0.515833, -0.823796, -0.235109,
		-0.787081, -0.564085, 0.249623,
		35.994759, 37.156124, 15.680712>
	pigment { color rgbt <0,1,1,0> }
	no_shadow
}
cylinder {
	<36.470779, 37.228260, 14.931459>,  <36.545715, 37.550983, 15.505976>, 0.130000
	pigment { color rgbt <1,0,0,0> }
	no_shadow
}

// nucleotide -1

// particle -1
sphere {
	<36.470779, 37.228260, 14.931459> 0.250000
	pigment { color rgbt <1,0,0,0> }
	no_shadow
}
cylinder {
	<36.132965, 37.206181, 15.144515>,  <35.930275, 37.192932, 15.272348>, 0.100000
	pigment { color rgbt <1,0,0,0> }
	no_shadow
}
cylinder {
	<36.132965, 37.206181, 15.144515>,  <36.470779, 37.228260, 14.931459>, 0.100000
	pigment { color rgbt <1,0,0,0> }
	no_shadow
}

// particle -1
sphere {
	<36.132965, 37.206181, 15.144515> 0.100000
	pigment { color rgbt <1,0,0,0> }
	no_shadow
}
sphere {
	0, 1
	scale<0.080000,0.200000,0.300000>
	matrix <-0.533507, 0.001156, -0.845795,
		0.046075, -0.998474, -0.030428,
		-0.844540, -0.055203, 0.532639,
		35.879604, 37.189621, 15.304307>
	pigment { color rgbt <0,1,1,0> }
	no_shadow
}
cylinder {
	<36.083359, 37.282070, 14.318925>,  <36.470779, 37.228260, 14.931459>, 0.130000
	pigment { color rgbt <1,0,0,0> }
	no_shadow
}

// nucleotide -1

// particle -1
sphere {
	<36.083359, 37.282070, 14.318925> 0.250000
	pigment { color rgbt <1,0,0,0> }
	no_shadow
}
cylinder {
	<35.830437, 37.579651, 14.405389>,  <35.678684, 37.758198, 14.457268>, 0.100000
	pigment { color rgbt <1,0,0,0> }
	no_shadow
}
cylinder {
	<35.830437, 37.579651, 14.405389>,  <36.083359, 37.282070, 14.318925>, 0.100000
	pigment { color rgbt <1,0,0,0> }
	no_shadow
}

// particle -1
sphere {
	<35.830437, 37.579651, 14.405389> 0.100000
	pigment { color rgbt <1,0,0,0> }
	no_shadow
}
sphere {
	0, 1
	scale<0.080000,0.200000,0.300000>
	matrix <-0.771257, -0.578133, -0.266316,
		-0.073157, -0.335108, 0.939335,
		-0.632306, 0.743952, 0.216160,
		35.640743, 37.802837, 14.470237>
	pigment { color rgbt <0,1,1,0> }
	no_shadow
}
cylinder {
	<35.507725, 37.015301, 14.730819>,  <36.083359, 37.282070, 14.318925>, 0.130000
	pigment { color rgbt <1,0,0,0> }
	no_shadow
}

// nucleotide -1

// particle -1
sphere {
	<35.507725, 37.015301, 14.730819> 0.250000
	pigment { color rgbt <1,0,0,0> }
	no_shadow
}
cylinder {
	<35.376209, 37.353626, 14.562774>,  <35.297302, 37.556622, 14.461946>, 0.100000
	pigment { color rgbt <1,0,0,0> }
	no_shadow
}
cylinder {
	<35.376209, 37.353626, 14.562774>,  <35.507725, 37.015301, 14.730819>, 0.100000
	pigment { color rgbt <1,0,0,0> }
	no_shadow
}

// particle -1
sphere {
	<35.376209, 37.353626, 14.562774> 0.100000
	pigment { color rgbt <1,0,0,0> }
	no_shadow
}
sphere {
	0, 1
	scale<0.080000,0.200000,0.300000>
	matrix <-0.827209, -0.472551, -0.304008,
		-0.455659, 0.247566, 0.855035,
		-0.328786, 0.845817, -0.420111,
		35.277573, 37.607372, 14.436740>
	pigment { color rgbt <0,1,1,0> }
	no_shadow
}
cylinder {
	<34.862240, 36.671177, 14.409823>,  <35.507725, 37.015301, 14.730819>, 0.130000
	pigment { color rgbt <1,0,0,0> }
	no_shadow
}

// nucleotide -1

// particle -1
sphere {
	<34.862240, 36.671177, 14.409823> 0.250000
	pigment { color rgbt <1,0,0,0> }
	no_shadow
}
cylinder {
	<35.113976, 36.380596, 14.299413>,  <35.265018, 36.206245, 14.233167>, 0.100000
	pigment { color rgbt <1,0,0,0> }
	no_shadow
}
cylinder {
	<35.113976, 36.380596, 14.299413>,  <34.862240, 36.671177, 14.409823>, 0.100000
	pigment { color rgbt <1,0,0,0> }
	no_shadow
}

// particle -1
sphere {
	<35.113976, 36.380596, 14.299413> 0.100000
	pigment { color rgbt <1,0,0,0> }
	no_shadow
}
sphere {
	0, 1
	scale<0.080000,0.200000,0.300000>
	matrix <-0.523390, -0.133668, -0.841544,
		0.574447, 0.674089, -0.464342,
		0.629343, -0.726455, -0.276027,
		35.302780, 36.162659, 14.216605>
	pigment { color rgbt <0,1,1,0> }
	no_shadow
}
cylinder {
	<35.262589, 36.789707, 13.766322>,  <34.862240, 36.671177, 14.409823>, 0.130000
	pigment { color rgbt <1,0,0,0> }
	no_shadow
}

// nucleotide -1

// particle -1
sphere {
	<35.262589, 36.789707, 13.766322> 0.250000
	pigment { color rgbt <1,0,0,0> }
	no_shadow
}
cylinder {
	<35.229111, 36.391300, 13.778562>,  <35.209023, 36.152256, 13.785906>, 0.100000
	pigment { color rgbt <1,0,0,0> }
	no_shadow
}
cylinder {
	<35.229111, 36.391300, 13.778562>,  <35.262589, 36.789707, 13.766322>, 0.100000
	pigment { color rgbt <1,0,0,0> }
	no_shadow
}

// particle -1
sphere {
	<35.229111, 36.391300, 13.778562> 0.100000
	pigment { color rgbt <1,0,0,0> }
	no_shadow
}
sphere {
	0, 1
	scale<0.080000,0.200000,0.300000>
	matrix <-0.345560, 0.000209, -0.938397,
		0.934657, -0.089114, -0.344202,
		-0.083696, -0.996022, 0.030599,
		35.204002, 36.092495, 13.787742>
	pigment { color rgbt <0,1,1,0> }
	no_shadow
}
cylinder {
	<35.487949, 36.468971, 13.228284>,  <35.262589, 36.789707, 13.766322>, 0.130000
	pigment { color rgbt <1,0,0,0> }
	no_shadow
}

// nucleotide -1

// particle -1
sphere {
	<35.487949, 36.468971, 13.228284> 0.250000
	pigment { color rgbt <1,0,0,0> }
	no_shadow
}
cylinder {
	<35.217552, 36.197502, 13.343133>,  <35.055313, 36.034622, 13.412043>, 0.100000
	pigment { color rgbt <1,0,0,0> }
	no_shadow
}
cylinder {
	<35.217552, 36.197502, 13.343133>,  <35.487949, 36.468971, 13.228284>, 0.100000
	pigment { color rgbt <1,0,0,0> }
	no_shadow
}

// particle -1
sphere {
	<35.217552, 36.197502, 13.343133> 0.100000
	pigment { color rgbt <1,0,0,0> }
	no_shadow
}
sphere {
	0, 1
	scale<0.080000,0.200000,0.300000>
	matrix <-0.284405, -0.119167, -0.951269,
		0.679814, -0.724711, -0.112461,
		-0.675994, -0.678670, 0.287123,
		35.014755, 35.993900, 13.429270>
	pigment { color rgbt <0,1,1,0> }
	no_shadow
}
cylinder {
	<35.534058, 35.620438, 13.149813>,  <35.487949, 36.468971, 13.228284>, 0.130000
	pigment { color rgbt <1,0,0,0> }
	no_shadow
}

// nucleotide -1

// particle -1
sphere {
	<35.534058, 35.620438, 13.149813> 0.250000
	pigment { color rgbt <1,0,0,0> }
	no_shadow
}
cylinder {
	<35.143784, 35.707928, 13.155477>,  <34.909618, 35.760422, 13.158875>, 0.100000
	pigment { color rgbt <1,0,0,0> }
	no_shadow
}
cylinder {
	<35.143784, 35.707928, 13.155477>,  <35.534058, 35.620438, 13.149813>, 0.100000
	pigment { color rgbt <1,0,0,0> }
	no_shadow
}

// particle -1
sphere {
	<35.143784, 35.707928, 13.155477> 0.100000
	pigment { color rgbt <1,0,0,0> }
	no_shadow
}
sphere {
	0, 1
	scale<0.080000,0.200000,0.300000>
	matrix <-0.116511, -0.462835, -0.878754,
		-0.185654, -0.859035, 0.477065,
		-0.975683, 0.218728, 0.014160,
		34.851078, 35.773544, 13.159724>
	pigment { color rgbt <0,1,1,0> }
	no_shadow
}
cylinder {
	<35.345703, 35.030220, 12.954294>,  <35.534058, 35.620438, 13.149813>, 0.130000
	pigment { color rgbt <1,0,0,0> }
	no_shadow
}

// nucleotide -1

// particle -1
sphere {
	<35.345703, 35.030220, 12.954294> 0.250000
	pigment { color rgbt <1,0,0,0> }
	no_shadow
}
cylinder {
	<35.051273, 35.299110, 12.922524>,  <34.874615, 35.460445, 12.903462>, 0.100000
	pigment { color rgbt <1,0,0,0> }
	no_shadow
}
cylinder {
	<35.051273, 35.299110, 12.922524>,  <35.345703, 35.030220, 12.954294>, 0.100000
	pigment { color rgbt <1,0,0,0> }
	no_shadow
}

// particle -1
sphere {
	<35.051273, 35.299110, 12.922524> 0.100000
	pigment { color rgbt <1,0,0,0> }
	no_shadow
}
sphere {
	0, 1
	scale<0.080000,0.200000,0.300000>
	matrix <-0.367708, -0.495607, -0.786870,
		-0.568317, -0.549990, 0.611986,
		-0.736075, 0.672224, -0.079426,
		34.830452, 35.500778, 12.898697>
	pigment { color rgbt <0,1,1,0> }
	no_shadow
}
cylinder {
	<34.987606, 34.518841, 13.243999>,  <35.345703, 35.030220, 12.954294>, 0.130000
	pigment { color rgbt <1,0,0,0> }
	no_shadow
}

// nucleotide -1

// particle -1
sphere {
	<34.987606, 34.518841, 13.243999> 0.250000
	pigment { color rgbt <1,0,0,0> }
	no_shadow
}
cylinder {
	<34.850475, 34.783039, 12.976802>,  <34.768196, 34.941559, 12.816483>, 0.100000
	pigment { color rgbt <1,0,0,0> }
	no_shadow
}
cylinder {
	<34.850475, 34.783039, 12.976802>,  <34.987606, 34.518841, 13.243999>, 0.100000
	pigment { color rgbt <1,0,0,0> }
	no_shadow
}

// particle -1
sphere {
	<34.850475, 34.783039, 12.976802> 0.100000
	pigment { color rgbt <1,0,0,0> }
	no_shadow
}
sphere {
	0, 1
	scale<0.080000,0.200000,0.300000>
	matrix <-0.237842, -0.748947, -0.618473,
		-0.908790, -0.053154, 0.413855,
		-0.342830, 0.660494, -0.667993,
		34.747627, 34.981186, 12.776403>
	pigment { color rgbt <0,1,1,0> }
	no_shadow
}
cylinder {
	<35.485554, 34.066605, 12.845208>,  <34.987606, 34.518841, 13.243999>, 0.130000
	pigment { color rgbt <1,0,0,0> }
	no_shadow
}

// nucleotide -1

// particle -1
sphere {
	<35.485554, 34.066605, 12.845208> 0.250000
	pigment { color rgbt <1,0,0,0> }
	no_shadow
}
cylinder {
	<35.853874, 34.214851, 12.796599>,  <36.074867, 34.303799, 12.767434>, 0.100000
	pigment { color rgbt <1,0,0,0> }
	no_shadow
}
cylinder {
	<35.853874, 34.214851, 12.796599>,  <35.485554, 34.066605, 12.845208>, 0.100000
	pigment { color rgbt <1,0,0,0> }
	no_shadow
}

// particle -1
sphere {
	<35.853874, 34.214851, 12.796599> 0.100000
	pigment { color rgbt <1,0,0,0> }
	no_shadow
}
sphere {
	0, 1
	scale<0.080000,0.200000,0.300000>
	matrix <0.332684, -0.583689, 0.740694,
		0.203582, -0.722461, -0.660760,
		0.920802, 0.370616, -0.121523,
		36.130116, 34.326035, 12.760142>
	pigment { color rgbt <0,1,1,0> }
	no_shadow
}
cylinder {
	<36.023083, 33.537598, 12.841278>,  <35.485554, 34.066605, 12.845208>, 0.130000
	pigment { color rgbt <1,0,0,0> }
	no_shadow
}

// nucleotide -1

// particle -1
sphere {
	<36.023083, 33.537598, 12.841278> 0.250000
	pigment { color rgbt <1,0,0,0> }
	no_shadow
}
cylinder {
	<36.167492, 33.889015, 12.966380>,  <36.254139, 34.099865, 13.041441>, 0.100000
	pigment { color rgbt <1,0,0,0> }
	no_shadow
}
cylinder {
	<36.167492, 33.889015, 12.966380>,  <36.023083, 33.537598, 12.841278>, 0.100000
	pigment { color rgbt <1,0,0,0> }
	no_shadow
}

// particle -1
sphere {
	<36.167492, 33.889015, 12.966380> 0.100000
	pigment { color rgbt <1,0,0,0> }
	no_shadow
}
sphere {
	0, 1
	scale<0.080000,0.200000,0.300000>
	matrix <0.261739, -0.417354, 0.870235,
		0.895071, -0.232318, -0.380626,
		0.361027, 0.878547, 0.312755,
		36.275799, 34.152580, 13.060206>
	pigment { color rgbt <0,1,1,0> }
	no_shadow
}
cylinder {
	<36.581371, 33.407536, 13.238793>,  <36.023083, 33.537598, 12.841278>, 0.130000
	pigment { color rgbt <1,0,0,0> }
	no_shadow
}

// nucleotide -1

// particle -1
sphere {
	<36.581371, 33.407536, 13.238793> 0.250000
	pigment { color rgbt <1,0,0,0> }
	no_shadow
}
cylinder {
	<36.546989, 33.779438, 13.381997>,  <36.526360, 34.002579, 13.467919>, 0.100000
	pigment { color rgbt <1,0,0,0> }
	no_shadow
}
cylinder {
	<36.546989, 33.779438, 13.381997>,  <36.581371, 33.407536, 13.238793>, 0.100000
	pigment { color rgbt <1,0,0,0> }
	no_shadow
}

// particle -1
sphere {
	<36.546989, 33.779438, 13.381997> 0.100000
	pigment { color rgbt <1,0,0,0> }
	no_shadow
}
sphere {
	0, 1
	scale<0.080000,0.200000,0.300000>
	matrix <0.257845, -0.326338, 0.909406,
		0.962356, 0.170475, -0.211683,
		-0.085951, 0.929754, 0.358009,
		36.521206, 34.058365, 13.489400>
	pigment { color rgbt <0,1,1,0> }
	no_shadow
}
cylinder {
	<37.237347, 33.647102, 13.499846>,  <36.581371, 33.407536, 13.238793>, 0.130000
	pigment { color rgbt <1,0,0,0> }
	no_shadow
}

// nucleotide -1

// particle -1
sphere {
	<37.237347, 33.647102, 13.499846> 0.250000
	pigment { color rgbt <1,0,0,0> }
	no_shadow
}
cylinder {
	<36.953465, 33.856209, 13.688754>,  <36.783134, 33.981674, 13.802098>, 0.100000
	pigment { color rgbt <1,0,0,0> }
	no_shadow
}
cylinder {
	<36.953465, 33.856209, 13.688754>,  <37.237347, 33.647102, 13.499846>, 0.100000
	pigment { color rgbt <1,0,0,0> }
	no_shadow
}

// particle -1
sphere {
	<36.953465, 33.856209, 13.688754> 0.100000
	pigment { color rgbt <1,0,0,0> }
	no_shadow
}
sphere {
	0, 1
	scale<0.080000,0.200000,0.300000>
	matrix <0.341887, -0.330564, 0.879682,
		0.615982, 0.785776, 0.055876,
		-0.709703, 0.522765, 0.472269,
		36.740555, 34.013039, 13.830435>
	pigment { color rgbt <0,1,1,0> }
	no_shadow
}
cylinder {
	<37.548946, 33.899105, 14.058491>,  <37.237347, 33.647102, 13.499846>, 0.130000
	pigment { color rgbt <1,0,0,0> }
	no_shadow
}

// nucleotide -1

// particle -1
sphere {
	<37.548946, 33.899105, 14.058491> 0.250000
	pigment { color rgbt <1,0,0,0> }
	no_shadow
}
cylinder {
	<37.168625, 33.957558, 14.167762>,  <36.940434, 33.992630, 14.233324>, 0.100000
	pigment { color rgbt <1,0,0,0> }
	no_shadow
}
cylinder {
	<37.168625, 33.957558, 14.167762>,  <37.548946, 33.899105, 14.058491>, 0.100000
	pigment { color rgbt <1,0,0,0> }
	no_shadow
}

// particle -1
sphere {
	<37.168625, 33.957558, 14.167762> 0.100000
	pigment { color rgbt <1,0,0,0> }
	no_shadow
}
sphere {
	0, 1
	scale<0.080000,0.200000,0.300000>
	matrix <0.185990, -0.435948, 0.880543,
		0.247764, 0.888029, 0.387321,
		-0.950800, 0.146129, 0.273177,
		36.883385, 34.001396, 14.249715>
	pigment { color rgbt <0,1,1,0> }
	no_shadow
}
cylinder {
	<37.709660, 33.907433, 14.735147>,  <37.548946, 33.899105, 14.058491>, 0.130000
	pigment { color rgbt <1,0,0,0> }
	no_shadow
}

// nucleotide -1

// particle -1
sphere {
	<37.709660, 33.907433, 14.735147> 0.250000
	pigment { color rgbt <1,0,0,0> }
	no_shadow
}
cylinder {
	<37.310112, 33.889519, 14.728805>,  <37.070381, 33.878773, 14.724999>, 0.100000
	pigment { color rgbt <1,0,0,0> }
	no_shadow
}
cylinder {
	<37.310112, 33.889519, 14.728805>,  <37.709660, 33.907433, 14.735147>, 0.100000
	pigment { color rgbt <1,0,0,0> }
	no_shadow
}

// particle -1
sphere {
	<37.310112, 33.889519, 14.728805> 0.100000
	pigment { color rgbt <1,0,0,0> }
	no_shadow
}
sphere {
	0, 1
	scale<0.080000,0.200000,0.300000>
	matrix <-0.002249, -0.288807, 0.957385,
		-0.047452, 0.956339, 0.288380,
		-0.998871, -0.044781, -0.015856,
		37.010452, 33.876083, 14.724048>
	pigment { color rgbt <0,1,1,0> }
	no_shadow
}
cylinder {
	<37.560890, 34.073967, 15.433608>,  <37.709660, 33.907433, 14.735147>, 0.130000
	pigment { color rgbt <1,0,0,0> }
	no_shadow
}

// nucleotide -1

// particle -1
sphere {
	<37.560890, 34.073967, 15.433608> 0.250000
	pigment { color rgbt <1,0,0,0> }
	no_shadow
}
cylinder {
	<37.253471, 33.889931, 15.255774>,  <37.069019, 33.779510, 15.149075>, 0.100000
	pigment { color rgbt <1,0,0,0> }
	no_shadow
}
cylinder {
	<37.253471, 33.889931, 15.255774>,  <37.560890, 34.073967, 15.433608>, 0.100000
	pigment { color rgbt <1,0,0,0> }
	no_shadow
}

// particle -1
sphere {
	<37.253471, 33.889931, 15.255774> 0.100000
	pigment { color rgbt <1,0,0,0> }
	no_shadow
}
sphere {
	0, 1
	scale<0.080000,0.200000,0.300000>
	matrix <-0.193394, -0.495320, 0.846910,
