// switches for output
#declare DRAW_BASES = 1; // possible values are 0, 1; only relevant for DNA ribbons
#declare DRAW_BASES_TYPE = 3; // possible values are 1, 2, 3; only relevant for DNA ribbons
#declare DRAW_FOG = 0; // set to 1 to enable fog

#include "colors.inc"

#include "transforms.inc"
background { rgb <1, 1, 1>}

#default {
   normal{
       ripples 0.25
       frequency 0.20
       turbulence 0.2
       lambda 5
   }
	finish {
		phong 0.1
		phong_size 40.
	}
}

// original window dimensions: 1024x640


// camera settings

camera {
	sky <-0, 1, 0>
	up <-0, 1, 0>
	right 1.6 * <0.581683, 0, 0.813415>
	location <-54.4937, 30, 90.4225>
	look_at <30, 30, 30>
	direction <84.4937, 0, -60.4225>
	angle 67.0682
}


# declare cpy_camera_pos = <-54.4937, 30, 90.4225>;
# if (DRAW_FOG = 1)
fog {
	fog_type 2
	up vnormalize(cpy_camera_pos)
	color rgbt<1,1,1,0.3>
	distance 1e-5
	fog_alt 3e-3
	fog_offset 48
}
# end


// LIGHTS

# declare lum = 6;
global_settings {
	ambient_light rgb lum * <0.05, 0.05, 0.05>
	max_trace_level 15
}# declare cpy_direct_light_amount = 0.25;
light_source
{	1000 * <0.231732, -1, 1.3951>,
	rgb lum * cpy_direct_light_amount
	parallel
}

light_source
{	1000 * <-0.231732, 1, -1.3951>,
	rgb lum * cpy_direct_light_amount
	parallel
}

// strand 0

// nucleotide -1

// particle -1
sphere {
	<42.908855, 33.110264, 23.331787> 0.250000
	pigment { color rgbt <1,0,0,0> }
	no_shadow
}
cylinder {
	<42.785709, 33.135441, 22.952049>,  <42.711823, 33.150547, 22.724207>, 0.100000
	pigment { color rgbt <1,0,0,0> }
	no_shadow
}
cylinder {
	<42.785709, 33.135441, 22.952049>,  <42.908855, 33.110264, 23.331787>, 0.100000
	pigment { color rgbt <1,0,0,0> }
	no_shadow
}

// particle -1
sphere {
	<42.785709, 33.135441, 22.952049> 0.100000
	pigment { color rgbt <1,0,0,0> }
	no_shadow
}
sphere {
	0, 1
	scale<0.080000,0.200000,0.300000>
	matrix <-0.837246, 0.456033, 0.301750,
		0.451927, 0.887734, -0.087696,
		-0.307866, 0.062946, -0.949345,
		42.693348, 33.154324, 22.667246>
	pigment { color rgbt <0,1,1,0> }
	no_shadow
}
cylinder {
	<42.788113, 33.773178, 23.169386>,  <42.908855, 33.110264, 23.331787>, 0.130000
	pigment { color rgbt <1,0,0,0> }
	no_shadow
}

// nucleotide -1

// particle -1
sphere {
	<42.788113, 33.773178, 23.169386> 0.250000
	pigment { color rgbt <1,0,0,0> }
	no_shadow
}
cylinder {
	<42.563805, 33.526970, 22.947876>,  <42.429218, 33.379246, 22.814970>, 0.100000
	pigment { color rgbt <1,0,0,0> }
	no_shadow
}
cylinder {
	<42.563805, 33.526970, 22.947876>,  <42.788113, 33.773178, 23.169386>, 0.100000
	pigment { color rgbt <1,0,0,0> }
	no_shadow
}

// particle -1
sphere {
	<42.563805, 33.526970, 22.947876> 0.100000
	pigment { color rgbt <1,0,0,0> }
	no_shadow
}
sphere {
	0, 1
	scale<0.080000,0.200000,0.300000>
	matrix <-0.826096, 0.460911, 0.324231,
		0.055669, 0.639289, -0.766949,
		-0.560773, -0.615524, -0.553773,
		42.395573, 33.342312, 22.781744>
	pigment { color rgbt <0,1,1,0> }
	no_shadow
}
cylinder {
	<42.250782, 34.051025, 23.397627>,  <42.788113, 33.773178, 23.169386>, 0.130000
	pigment { color rgbt <1,0,0,0> }
	no_shadow
}

// nucleotide -1

// particle -1
sphere {
	<42.250782, 34.051025, 23.397627> 0.250000
	pigment { color rgbt <1,0,0,0> }
	no_shadow
}
cylinder {
	<42.097141, 33.786835, 23.139561>,  <42.004955, 33.628319, 22.984720>, 0.100000
	pigment { color rgbt <1,0,0,0> }
	no_shadow
}
cylinder {
	<42.097141, 33.786835, 23.139561>,  <42.250782, 34.051025, 23.397627>, 0.100000
	pigment { color rgbt <1,0,0,0> }
	no_shadow
}

// particle -1
sphere {
	<42.097141, 33.786835, 23.139561> 0.100000
	pigment { color rgbt <1,0,0,0> }
	no_shadow
}
sphere {
	0, 1
	scale<0.080000,0.200000,0.300000>
	matrix <-0.923018, 0.291679, 0.250921,
		0.022454, 0.691878, -0.721665,
		-0.384101, -0.660476, -0.645165,
		41.981911, 33.588692, 22.946011>
	pigment { color rgbt <0,1,1,0> }
	no_shadow
}
cylinder {
	<41.777435, 34.332298, 22.913021>,  <42.250782, 34.051025, 23.397627>, 0.130000
	pigment { color rgbt <1,0,0,0> }
	no_shadow
}

// nucleotide -1

// particle -1
sphere {
	<41.777435, 34.332298, 22.913021> 0.250000
	pigment { color rgbt <1,0,0,0> }
	no_shadow
}
cylinder {
	<41.706406, 33.957241, 23.032551>,  <41.663788, 33.732208, 23.104269>, 0.100000
	pigment { color rgbt <1,0,0,0> }
	no_shadow
}
cylinder {
	<41.706406, 33.957241, 23.032551>,  <41.777435, 34.332298, 22.913021>, 0.100000
	pigment { color rgbt <1,0,0,0> }
	no_shadow
}

// particle -1
sphere {
	<41.706406, 33.957241, 23.032551> 0.100000
	pigment { color rgbt <1,0,0,0> }
	no_shadow
}
sphere {
	0, 1
	scale<0.080000,0.200000,0.300000>
	matrix <-0.725419, 0.329907, 0.604093,
		-0.665007, -0.109500, -0.738767,
		-0.177576, -0.937642, 0.298823,
		41.653133, 33.675949, 23.122198>
	pigment { color rgbt <0,1,1,0> }
	no_shadow
}
cylinder {
	<41.463264, 34.658241, 23.434105>,  <41.777435, 34.332298, 22.913021>, 0.130000
	pigment { color rgbt <1,0,0,0> }
	no_shadow
}

// nucleotide -1

// particle -1
sphere {
	<41.463264, 34.658241, 23.434105> 0.250000
	pigment { color rgbt <1,0,0,0> }
	no_shadow
}
cylinder {
	<41.079269, 34.594624, 23.526299>,  <40.848873, 34.556454, 23.581615>, 0.100000
	pigment { color rgbt <1,0,0,0> }
	no_shadow
}
cylinder {
	<41.079269, 34.594624, 23.526299>,  <41.463264, 34.658241, 23.434105>, 0.100000
	pigment { color rgbt <1,0,0,0> }
	no_shadow
}

// particle -1
sphere {
	<41.079269, 34.594624, 23.526299> 0.100000
	pigment { color rgbt <1,0,0,0> }
	no_shadow
}
sphere {
	0, 1
	scale<0.080000,0.200000,0.300000>
	matrix <0.141504, 0.434745, 0.889367,
		-0.241647, 0.886399, -0.394846,
		-0.959991, -0.159040, 0.230484,
		40.791271, 34.546913, 23.595444>
	pigment { color rgbt <0,1,1,0> }
	no_shadow
}
cylinder {
	<41.217468, 35.194027, 23.893303>,  <41.463264, 34.658241, 23.434105>, 0.130000
	pigment { color rgbt <1,0,0,0> }
	no_shadow
}

// nucleotide -1

// particle -1
sphere {
	<41.217468, 35.194027, 23.893303> 0.250000
	pigment { color rgbt <1,0,0,0> }
	no_shadow
}
cylinder {
	<40.976414, 34.880718, 23.954384>,  <40.831779, 34.692734, 23.991034>, 0.100000
	pigment { color rgbt <1,0,0,0> }
	no_shadow
}
cylinder {
	<40.976414, 34.880718, 23.954384>,  <41.217468, 35.194027, 23.893303>, 0.100000
	pigment { color rgbt <1,0,0,0> }
	no_shadow
}

// particle -1
sphere {
	<40.976414, 34.880718, 23.954384> 0.100000
	pigment { color rgbt <1,0,0,0> }
	no_shadow
}
sphere {
	0, 1
	scale<0.080000,0.200000,0.300000>
	matrix <0.125831, 0.095694, 0.987426,
		-0.788032, 0.614275, 0.040890,
		-0.602638, -0.783268, 0.152705,
		40.795624, 34.645737, 24.000195>
	pigment { color rgbt <0,1,1,0> }
	no_shadow
}
cylinder {
	<40.693176, 35.372883, 24.382959>,  <41.217468, 35.194027, 23.893303>, 0.130000
	pigment { color rgbt <1,0,0,0> }
	no_shadow
}

// nucleotide -1

// particle -1
sphere {
	<40.693176, 35.372883, 24.382959> 0.250000
	pigment { color rgbt <1,0,0,0> }
	no_shadow
}
cylinder {
	<40.714264, 34.975990, 24.428017>,  <40.726917, 34.737854, 24.455051>, 0.100000
	pigment { color rgbt <1,0,0,0> }
	no_shadow
}
cylinder {
	<40.714264, 34.975990, 24.428017>,  <40.693176, 35.372883, 24.382959>, 0.100000
	pigment { color rgbt <1,0,0,0> }
	no_shadow
}

// particle -1
sphere {
	<40.714264, 34.975990, 24.428017> 0.100000
	pigment { color rgbt <1,0,0,0> }
	no_shadow
}
sphere {
	0, 1
	scale<0.080000,0.200000,0.300000>
	matrix <0.149874, 0.119385, 0.981471,
		-0.987298, -0.034864, 0.155005,
		0.052723, -0.992236, 0.112644,
		40.730080, 34.678318, 24.461809>
	pigment { color rgbt <0,1,1,0> }
	no_shadow
}
cylinder {
	<40.224873, 35.164406, 24.963705>,  <40.693176, 35.372883, 24.382959>, 0.130000
	pigment { color rgbt <1,0,0,0> }
	no_shadow
}

// nucleotide -1

// particle -1
sphere {
	<40.224873, 35.164406, 24.963705> 0.250000
	pigment { color rgbt <1,0,0,0> }
	no_shadow
}
cylinder {
	<40.494652, 34.876720, 24.896946>,  <40.656521, 34.704109, 24.856892>, 0.100000
	pigment { color rgbt <1,0,0,0> }
	no_shadow
}
cylinder {
	<40.494652, 34.876720, 24.896946>,  <40.224873, 35.164406, 24.963705>, 0.100000
	pigment { color rgbt <1,0,0,0> }
	no_shadow
}

// particle -1
sphere {
	<40.494652, 34.876720, 24.896946> 0.100000
	pigment { color rgbt <1,0,0,0> }
	no_shadow
}
sphere {
	0, 1
	scale<0.080000,0.200000,0.300000>
	matrix <0.254730, 0.014503, 0.966903,
		-0.692987, -0.694640, 0.192987,
		0.674449, -0.719211, -0.166895,
		40.696987, 34.660957, 24.846878>
	pigment { color rgbt <0,1,1,0> }
	no_shadow
}
cylinder {
	<40.024548, 34.611423, 25.392986>,  <40.224873, 35.164406, 24.963705>, 0.130000
	pigment { color rgbt <1,0,0,0> }
	no_shadow
}

// nucleotide -1

// particle -1
sphere {
	<40.024548, 34.611423, 25.392986> 0.250000
	pigment { color rgbt <1,0,0,0> }
	no_shadow
}
cylinder {
	<40.413895, 34.607925, 25.301350>,  <40.647503, 34.605827, 25.246368>, 0.100000
	pigment { color rgbt <1,0,0,0> }
	no_shadow
}
cylinder {
	<40.413895, 34.607925, 25.301350>,  <40.024548, 34.611423, 25.392986>, 0.100000
	pigment { color rgbt <1,0,0,0> }
	no_shadow
}

// particle -1
sphere {
	<40.413895, 34.607925, 25.301350> 0.100000
	pigment { color rgbt <1,0,0,0> }
	no_shadow
}
sphere {
	0, 1
	scale<0.080000,0.200000,0.300000>
	matrix <0.229256, 0.038027, 0.972623,
		0.000198, -0.999238, 0.039021,
		0.973366, -0.008753, -0.229089,
		40.705906, 34.605301, 25.232622>
	pigment { color rgbt <0,1,1,0> }
	no_shadow
}
cylinder {
	<40.275208, 34.260860, 25.894924>,  <40.024548, 34.611423, 25.392986>, 0.130000
	pigment { color rgbt <1,0,0,0> }
	no_shadow
}

// nucleotide -1

// particle -1
sphere {
	<40.275208, 34.260860, 25.894924> 0.250000
	pigment { color rgbt <1,0,0,0> }
	no_shadow
}
cylinder {
	<40.592461, 34.458973, 25.753139>,  <40.782814, 34.577839, 25.668070>, 0.100000
	pigment { color rgbt <1,0,0,0> }
	no_shadow
}
cylinder {
	<40.592461, 34.458973, 25.753139>,  <40.275208, 34.260860, 25.894924>, 0.100000
	pigment { color rgbt <1,0,0,0> }
	no_shadow
}

// particle -1
sphere {
	<40.592461, 34.458973, 25.753139> 0.100000
	pigment { color rgbt <1,0,0,0> }
	no_shadow
}
sphere {
	0, 1
	scale<0.080000,0.200000,0.300000>
	matrix <0.263266, 0.246016, 0.932828,
		0.549211, -0.833173, 0.064733,
		0.793132, 0.495277, -0.354460,
		40.830399, 34.607555, 25.646801>
	pigment { color rgbt <0,1,1,0> }
	no_shadow
}
cylinder {
	<40.859829, 33.976391, 26.279446>,  <40.275208, 34.260860, 25.894924>, 0.130000
	pigment { color rgbt <1,0,0,0> }
	no_shadow
}

// nucleotide -1

// particle -1
sphere {
	<40.859829, 33.976391, 26.279446> 0.250000
	pigment { color rgbt <1,0,0,0> }
	no_shadow
}
cylinder {
	<40.957691, 34.339325, 26.142689>,  <41.016407, 34.557083, 26.060635>, 0.100000
	pigment { color rgbt <1,0,0,0> }
	no_shadow
}
cylinder {
	<40.957691, 34.339325, 26.142689>,  <40.859829, 33.976391, 26.279446>, 0.100000
	pigment { color rgbt <1,0,0,0> }
	no_shadow
}

// particle -1
sphere {
	<40.957691, 34.339325, 26.142689> 0.100000
	pigment { color rgbt <1,0,0,0> }
	no_shadow
}
sphere {
	0, 1
	scale<0.080000,0.200000,0.300000>
	matrix <0.317398, 0.258236, 0.912454,
		0.916189, -0.331753, -0.224806,
		0.244657, 0.907333, -0.341891,
		41.031090, 34.611526, 26.040121>
	pigment { color rgbt <0,1,1,0> }
	no_shadow
}
cylinder {
	<41.494381, 34.105412, 26.612074>,  <40.859829, 33.976391, 26.279446>, 0.130000
	pigment { color rgbt <1,0,0,0> }
	no_shadow
}

// nucleotide -1

// particle -1
sphere {
	<41.494381, 34.105412, 26.612074> 0.250000
	pigment { color rgbt <1,0,0,0> }
	no_shadow
}
cylinder {
	<41.356747, 34.455528, 26.476154>,  <41.274166, 34.665600, 26.394604>, 0.100000
	pigment { color rgbt <1,0,0,0> }
	no_shadow
}
cylinder {
	<41.356747, 34.455528, 26.476154>,  <41.494381, 34.105412, 26.612074>, 0.100000
	pigment { color rgbt <1,0,0,0> }
	no_shadow
}

// particle -1
sphere {
	<41.356747, 34.455528, 26.476154> 0.100000
	pigment { color rgbt <1,0,0,0> }
	no_shadow
}
sphere {
	0, 1
	scale<0.080000,0.200000,0.300000>
	matrix <0.345573, 0.454548, 0.820954,
		0.873032, 0.165053, -0.458882,
		-0.344085, 0.875296, -0.339797,
		41.253521, 34.718117, 26.374216>
	pigment { color rgbt <0,1,1,0> }
	no_shadow
}
cylinder {
	<42.037117, 34.625080, 26.707346>,  <41.494381, 34.105412, 26.612074>, 0.130000
	pigment { color rgbt <1,0,0,0> }
	no_shadow
}

// nucleotide -1

// particle -1
sphere {
	<42.037117, 34.625080, 26.707346> 0.250000
	pigment { color rgbt <1,0,0,0> }
	no_shadow
}
cylinder {
	<41.695419, 34.829128, 26.667271>,  <41.490402, 34.951557, 26.643225>, 0.100000
	pigment { color rgbt <1,0,0,0> }
	no_shadow
}
cylinder {
	<41.695419, 34.829128, 26.667271>,  <42.037117, 34.625080, 26.707346>, 0.100000
	pigment { color rgbt <1,0,0,0> }
	no_shadow
}

// particle -1
sphere {
	<41.695419, 34.829128, 26.667271> 0.100000
	pigment { color rgbt <1,0,0,0> }
	no_shadow
}
sphere {
	0, 1
	scale<0.080000,0.200000,0.300000>
	matrix <0.165202, 0.449100, 0.878076,
		0.492922, 0.733541, -0.467916,
		-0.854246, 0.510124, -0.100189,
		41.439144, 34.982166, 26.637215>
	pigment { color rgbt <0,1,1,0> }
	no_shadow
}
cylinder {
	<42.206070, 35.182663, 27.037279>,  <42.037117, 34.625080, 26.707346>, 0.130000
	pigment { color rgbt <1,0,0,0> }
	no_shadow
}

// nucleotide -1

// particle -1
sphere {
	<42.206070, 35.182663, 27.037279> 0.250000
	pigment { color rgbt <1,0,0,0> }
	no_shadow
}
cylinder {
	<41.807255, 35.213303, 27.034603>,  <41.567966, 35.231686, 27.032997>, 0.100000
	pigment { color rgbt <1,0,0,0> }
	no_shadow
}
cylinder {
	<41.807255, 35.213303, 27.034603>,  <42.206070, 35.182663, 27.037279>, 0.100000
	pigment { color rgbt <1,0,0,0> }
	no_shadow
}

// particle -1
sphere {
	<41.807255, 35.213303, 27.034603> 0.100000
	pigment { color rgbt <1,0,0,0> }
	no_shadow
}
sphere {
	0, 1
	scale<0.080000,0.200000,0.300000>
	matrix <0.023223, 0.382896, 0.923500,
		0.073305, 0.920610, -0.383541,
		-0.997039, 0.076604, -0.006689,
		41.508144, 35.236282, 27.032597>
	pigment { color rgbt <0,1,1,0> }
	no_shadow
}
cylinder {
	<41.994617, 35.919155, 27.190870>,  <42.206070, 35.182663, 27.037279>, 0.130000
	pigment { color rgbt <1,0,0,0> }
	no_shadow
}

// nucleotide -1

// particle -1
sphere {
	<41.994617, 35.919155, 27.190870> 0.250000
	pigment { color rgbt <1,0,0,0> }
	no_shadow
}
cylinder {
	<41.681644, 35.691986, 27.293060>,  <41.493862, 35.555687, 27.354374>, 0.100000
	pigment { color rgbt <1,0,0,0> }
	no_shadow
}
cylinder {
	<41.681644, 35.691986, 27.293060>,  <41.994617, 35.919155, 27.190870>, 0.100000
	pigment { color rgbt <1,0,0,0> }
	no_shadow
}

// particle -1
sphere {
	<41.681644, 35.691986, 27.293060> 0.100000
	pigment { color rgbt <1,0,0,0> }
	no_shadow
}
sphere {
	0, 1
	scale<0.080000,0.200000,0.300000>
	matrix <0.008763, 0.400165, 0.916401,
		-0.622673, 0.719261, -0.308125,
		-0.782433, -0.567918, 0.255475,
		41.446915, 35.521610, 27.369703>
	pigment { color rgbt <0,1,1,0> }
	no_shadow
}
cylinder {
	<41.592472, 36.367706, 27.381037>,  <41.994617, 35.919155, 27.190870>, 0.130000
	pigment { color rgbt <1,0,0,0> }
	no_shadow
}

// nucleotide -1

// particle -1
sphere {
	<41.592472, 36.367706, 27.381037> 0.250000
	pigment { color rgbt <1,0,0,0> }
	no_shadow
}
cylinder {
	<41.459675, 36.031578, 27.552448>,  <41.379997, 35.829899, 27.655294>, 0.100000
	pigment { color rgbt <1,0,0,0> }
	no_shadow
}
cylinder {
	<41.459675, 36.031578, 27.552448>,  <41.592472, 36.367706, 27.381037>, 0.100000
	pigment { color rgbt <1,0,0,0> }
	no_shadow
}

// particle -1
sphere {
	<41.459675, 36.031578, 27.552448> 0.100000
	pigment { color rgbt <1,0,0,0> }
	no_shadow
}
sphere {
	0, 1
	scale<0.080000,0.200000,0.300000>
	matrix <-0.047004, 0.468468, 0.882229,
		-0.942110, 0.272752, -0.195026,
		-0.331993, -0.840323, 0.428528,
		41.360077, 35.779480, 27.681007>
	pigment { color rgbt <0,1,1,0> }
	no_shadow
}
cylinder {
	<41.042347, 36.592869, 27.862099>,  <41.592472, 36.367706, 27.381037>, 0.130000
	pigment { color rgbt <1,0,0,0> }
	no_shadow
}

// nucleotide -1

// particle -1
sphere {
	<41.042347, 36.592869, 27.862099> 0.250000
	pigment { color rgbt <1,0,0,0> }
	no_shadow
}
cylinder {
	<41.178421, 36.236240, 27.981678>,  <41.260067, 36.022263, 28.053427>, 0.100000
	pigment { color rgbt <1,0,0,0> }
	no_shadow
}
cylinder {
	<41.178421, 36.236240, 27.981678>,  <41.042347, 36.592869, 27.862099>, 0.100000
	pigment { color rgbt <1,0,0,0> }
	no_shadow
}

// particle -1
sphere {
	<41.178421, 36.236240, 27.981678> 0.100000
	pigment { color rgbt <1,0,0,0> }
	no_shadow
}
sphere {
	0, 1
	scale<0.080000,0.200000,0.300000>
	matrix <-0.031989, 0.306754, 0.951251,
		-0.939815, -0.333163, 0.075832,
		0.340184, -0.891574, 0.298949,
		41.280476, 35.968769, 28.071363>
	pigment { color rgbt <0,1,1,0> }
	no_shadow
}
cylinder {
	<40.620243, 36.482178, 28.397408>,  <41.042347, 36.592869, 27.862099>, 0.130000
	pigment { color rgbt <1,0,0,0> }
	no_shadow
}

// nucleotide -1

// particle -1
sphere {
	<40.620243, 36.482178, 28.397408> 0.250000
	pigment { color rgbt <1,0,0,0> }
	no_shadow
}
cylinder {
	<40.899166, 36.207596, 28.479908>,  <41.066521, 36.042847, 28.529408>, 0.100000
	pigment { color rgbt <1,0,0,0> }
	no_shadow
}
cylinder {
	<40.899166, 36.207596, 28.479908>,  <40.620243, 36.482178, 28.397408>, 0.100000
	pigment { color rgbt <1,0,0,0> }
	no_shadow
}

// particle -1
sphere {
	<40.899166, 36.207596, 28.479908> 0.100000
	pigment { color rgbt <1,0,0,0> }
	no_shadow
}
sphere {
	0, 1
	scale<0.080000,0.200000,0.300000>
	matrix <-0.088581, 0.203011, 0.975161,
		-0.711273, -0.698261, 0.080755,
		0.697312, -0.686453, 0.206249,
		41.108360, 36.001659, 28.541782>
	pigment { color rgbt <0,1,1,0> }
	no_shadow
}
cylinder {
	<40.488308, 36.111759, 28.944889>,  <40.620243, 36.482178, 28.397408>, 0.130000
	pigment { color rgbt <1,0,0,0> }
	no_shadow
}

// nucleotide -1

// particle -1
sphere {
	<40.488308, 36.111759, 28.944889> 0.250000
	pigment { color rgbt <1,0,0,0> }
	no_shadow
}
cylinder {
	<40.883236, 36.049686, 28.931522>,  <41.120193, 36.012444, 28.923502>, 0.100000
	pigment { color rgbt <1,0,0,0> }
	no_shadow
}
cylinder {
	<40.883236, 36.049686, 28.931522>,  <40.488308, 36.111759, 28.944889>, 0.100000
	pigment { color rgbt <1,0,0,0> }
	no_shadow
}

// particle -1
sphere {
	<40.883236, 36.049686, 28.931522> 0.100000
	pigment { color rgbt <1,0,0,0> }
	no_shadow
}
sphere {
	0, 1
	scale<0.080000,0.200000,0.300000>
	matrix <0.054364, 0.132765, 0.989655,
		-0.149144, -0.978923, 0.139518,
		0.987320, -0.155185, -0.033417,
		41.179432, 36.003132, 28.921497>
	pigment { color rgbt <0,1,1,0> }
	no_shadow
}
cylinder {
	<40.672859, 35.583061, 29.508961>,  <40.488308, 36.111759, 28.944889>, 0.130000
	pigment { color rgbt <1,0,0,0> }
	no_shadow
}

// nucleotide -1

// particle -1
sphere {
	<40.672859, 35.583061, 29.508961> 0.250000
	pigment { color rgbt <1,0,0,0> }
	no_shadow
}
cylinder {
	<41.012562, 35.777561, 29.426662>,  <41.216381, 35.894260, 29.377283>, 0.100000
	pigment { color rgbt <1,0,0,0> }
	no_shadow
}
cylinder {
	<41.012562, 35.777561, 29.426662>,  <40.672859, 35.583061, 29.508961>, 0.100000
	pigment { color rgbt <1,0,0,0> }
	no_shadow
}

// particle -1
sphere {
	<41.012562, 35.777561, 29.426662> 0.100000
	pigment { color rgbt <1,0,0,0> }
	no_shadow
}
sphere {
	0, 1
	scale<0.080000,0.200000,0.300000>
	matrix <0.190751, 0.080793, 0.978308,
		0.492324, -0.870077, -0.024139,
		0.849254, 0.486249, -0.205744,
		41.267338, 35.923435, 29.364939>
	pigment { color rgbt <0,1,1,0> }
	no_shadow
}
cylinder {
	<41.146046, 35.254063, 29.964558>,  <40.672859, 35.583061, 29.508961>, 0.130000
	pigment { color rgbt <1,0,0,0> }
	no_shadow
}

// nucleotide -1

// particle -1
sphere {
	<41.146046, 35.254063, 29.964558> 0.250000
	pigment { color rgbt <1,0,0,0> }
	no_shadow
}
cylinder {
	<41.278973, 35.618546, 29.867172>,  <41.358730, 35.837234, 29.808741>, 0.100000
	pigment { color rgbt <1,0,0,0> }
	no_shadow
}
cylinder {
	<41.278973, 35.618546, 29.867172>,  <41.146046, 35.254063, 29.964558>, 0.100000
	pigment { color rgbt <1,0,0,0> }
	no_shadow
}

// particle -1
sphere {
	<41.278973, 35.618546, 29.867172> 0.100000
	pigment { color rgbt <1,0,0,0> }
	no_shadow
}
sphere {
	0, 1
	scale<0.080000,0.200000,0.300000>
	matrix <0.153676, 0.202374, 0.967176,
		0.930564, -0.358823, -0.072778,
		0.332316, 0.911203, -0.243464,
		41.378666, 35.891907, 29.794132>
	pigment { color rgbt <0,1,1,0> }
	no_shadow
}
cylinder {
	<41.705402, 35.229336, 30.402847>,  <41.146046, 35.254063, 29.964558>, 0.130000
	pigment { color rgbt <1,0,0,0> }
	no_shadow
}

// nucleotide -1

// particle -1
sphere {
	<41.705402, 35.229336, 30.402847> 0.250000
	pigment { color rgbt <1,0,0,0> }
	no_shadow
}
cylinder {
	<41.598476, 35.601303, 30.301815>,  <41.534321, 35.824482, 30.241196>, 0.100000
	pigment { color rgbt <1,0,0,0> }
	no_shadow
}
cylinder {
	<41.598476, 35.601303, 30.301815>,  <41.705402, 35.229336, 30.402847>, 0.100000
	pigment { color rgbt <1,0,0,0> }
	no_shadow
}

// particle -1
sphere {
	<41.598476, 35.601303, 30.301815> 0.100000
	pigment { color rgbt <1,0,0,0> }
	no_shadow
}
sphere {
	0, 1
	scale<0.080000,0.200000,0.300000>
	matrix <-0.185633, 0.207514, 0.960458,
		0.945561, 0.303629, 0.117153,
		-0.267312, 0.929918, -0.252580,
		41.518284, 35.880280, 30.226042>
	pigment { color rgbt <0,1,1,0> }
	no_shadow
}
cylinder {
	<41.753387, 35.597679, 31.040745>,  <41.705402, 35.229336, 30.402847>, 0.130000
	pigment { color rgbt <1,0,0,0> }
	no_shadow
}

// nucleotide -1

// particle -1
sphere {
	<41.753387, 35.597679, 31.040745> 0.250000
	pigment { color rgbt <1,0,0,0> }
	no_shadow
}
cylinder {
	<41.555977, 35.868114, 30.821899>,  <41.437531, 36.030376, 30.690592>, 0.100000
	pigment { color rgbt <1,0,0,0> }
	no_shadow
}
cylinder {
	<41.555977, 35.868114, 30.821899>,  <41.753387, 35.597679, 31.040745>, 0.100000
	pigment { color rgbt <1,0,0,0> }
	no_shadow
}

// particle -1
sphere {
	<41.555977, 35.868114, 30.821899> 0.100000
	pigment { color rgbt <1,0,0,0> }
	no_shadow
}
sphere {
	0, 1
	scale<0.080000,0.200000,0.300000>
	matrix <-0.257368, 0.487361, 0.834411,
		0.830776, 0.552617, -0.066524,
		-0.493531, 0.676087, -0.547114,
		41.407917, 36.070942, 30.657764>
	pigment { color rgbt <0,1,1,0> }
	no_shadow
}
cylinder {
	<41.954948, 36.329777, 31.311255>,  <41.753387, 35.597679, 31.040745>, 0.130000
	pigment { color rgbt <1,0,0,0> }
	no_shadow
}

// nucleotide -1

// particle -1
sphere {
	<41.954948, 36.329777, 31.311255> 0.250000
	pigment { color rgbt <1,0,0,0> }
	no_shadow
}
cylinder {
	<41.596554, 36.344341, 31.134216>,  <41.381519, 36.353081, 31.027994>, 0.100000
	pigment { color rgbt <1,0,0,0> }
	no_shadow
}
cylinder {
	<41.596554, 36.344341, 31.134216>,  <41.954948, 36.329777, 31.311255>, 0.100000
	pigment { color rgbt <1,0,0,0> }
	no_shadow
}

// particle -1
sphere {
	<41.596554, 36.344341, 31.134216> 0.100000
	pigment { color rgbt <1,0,0,0> }
	no_shadow
}
sphere {
	0, 1
	scale<0.080000,0.200000,0.300000>
	matrix <-0.402314, 0.355452, 0.843681,
		0.188038, 0.933985, -0.303831,
		-0.895983, 0.036409, -0.442593,
		41.327759, 36.355263, 31.001438>
	pigment { color rgbt <0,1,1,0> }
	no_shadow
}
cylinder {
	<41.667179, 36.956802, 31.563248>,  <41.954948, 36.329777, 31.311255>, 0.130000
	pigment { color rgbt <1,0,0,0> }
	no_shadow
}

// nucleotide -1

// particle -1
sphere {
	<41.667179, 36.956802, 31.563248> 0.250000
	pigment { color rgbt <1,0,0,0> }
	no_shadow
}
cylinder {
	<41.365654, 36.735718, 31.421101>,  <41.184738, 36.603069, 31.335814>, 0.100000
	pigment { color rgbt <1,0,0,0> }
	no_shadow
}
cylinder {
	<41.365654, 36.735718, 31.421101>,  <41.667179, 36.956802, 31.563248>, 0.100000
	pigment { color rgbt <1,0,0,0> }
	no_shadow
}

// particle -1
sphere {
	<41.365654, 36.735718, 31.421101> 0.100000
	pigment { color rgbt <1,0,0,0> }
	no_shadow
}
sphere {
	0, 1
	scale<0.080000,0.200000,0.300000>
	matrix <-0.554563, 0.245031, 0.795248,
		-0.352465, 0.796538, -0.491218,
		-0.753809, -0.552709, -0.355365,
		41.139511, 36.569904, 31.314491>
	pigment { color rgbt <0,1,1,0> }
	no_shadow
}
cylinder {
	<41.113144, 37.362556, 31.822893>,  <41.667179, 36.956802, 31.563248>, 0.130000
	pigment { color rgbt <1,0,0,0> }
	no_shadow
}

// nucleotide -1

// particle -1
sphere {
	<41.113144, 37.362556, 31.822893> 0.250000
	pigment { color rgbt <1,0,0,0> }
	no_shadow
}
cylinder {
	<40.931675, 37.023685, 31.712288>,  <40.822792, 36.820362, 31.645924>, 0.100000
	pigment { color rgbt <1,0,0,0> }
	no_shadow
}
cylinder {
	<40.931675, 37.023685, 31.712288>,  <41.113144, 37.362556, 31.822893>, 0.100000
	pigment { color rgbt <1,0,0,0> }
	no_shadow
}

// particle -1
sphere {
	<40.931675, 37.023685, 31.712288> 0.100000
	pigment { color rgbt <1,0,0,0> }
	no_shadow
}
sphere {
	0, 1
	scale<0.080000,0.200000,0.300000>
	matrix <-0.673807, 0.123023, 0.728595,
		-0.583234, 0.516864, -0.626649,
		-0.453677, -0.847182, -0.276515,
		40.795570, 36.769531, 31.629333>
	pigment { color rgbt <0,1,1,0> }
	no_shadow
}
cylinder {
	<40.430859, 37.474827, 31.610609>,  <41.113144, 37.362556, 31.822893>, 0.130000
	pigment { color rgbt <1,0,0,0> }
	no_shadow
}

// nucleotide -1

// particle -1
sphere {
	<40.430859, 37.474827, 31.610609> 0.250000
	pigment { color rgbt <1,0,0,0> }
	no_shadow
}
cylinder {
	<40.481049, 37.110069, 31.766922>,  <40.511162, 36.891216, 31.860710>, 0.100000
	pigment { color rgbt <1,0,0,0> }
	no_shadow
}
cylinder {
	<40.481049, 37.110069, 31.766922>,  <40.430859, 37.474827, 31.610609>, 0.100000
	pigment { color rgbt <1,0,0,0> }
	no_shadow
}

// particle -1
sphere {
	<40.481049, 37.110069, 31.766922> 0.100000
	pigment { color rgbt <1,0,0,0> }
	no_shadow
}
sphere {
	0, 1
	scale<0.080000,0.200000,0.300000>
	matrix <-0.616555, 0.236919, 0.750819,
		-0.777249, -0.335147, -0.532504,
		0.125474, -0.911892, 0.390782,
		40.518692, 36.836502, 31.884157>
	pigment { color rgbt <0,1,1,0> }
	no_shadow
}
cylinder {
	<40.160896, 38.038464, 32.004646>,  <40.430859, 37.474827, 31.610609>, 0.130000
	pigment { color rgbt <1,0,0,0> }
	no_shadow
}

// nucleotide -1

// particle -1
sphere {
	<40.160896, 38.038464, 32.004646> 0.250000
	pigment { color rgbt <1,0,0,0> }
	no_shadow
}
cylinder {
	<40.376869, 37.899899, 32.311493>,  <40.506454, 37.816761, 32.495602>, 0.100000
	pigment { color rgbt <1,0,0,0> }
	no_shadow
}
cylinder {
	<40.376869, 37.899899, 32.311493>,  <40.160896, 38.038464, 32.004646>, 0.100000
	pigment { color rgbt <1,0,0,0> }
	no_shadow
}

// particle -1
sphere {
	<40.376869, 37.899899, 32.311493> 0.100000
	pigment { color rgbt <1,0,0,0> }
	no_shadow
}
sphere {
	0, 1
	scale<0.080000,0.200000,0.300000>
	matrix <-0.697871, 0.325300, 0.638088,
		-0.470586, -0.879874, -0.066112,
		0.539930, -0.346412, 0.767120,
		40.538849, 37.795975, 32.541630>
	pigment { color rgbt <0,1,1,0> }
	no_shadow
}
cylinder {
	<39.789455, 37.592918, 32.443966>,  <40.160896, 38.038464, 32.004646>, 0.130000
	pigment { color rgbt <1,0,0,0> }
	no_shadow
}

// nucleotide -1

// particle -1
sphere {
	<39.789455, 37.592918, 32.443966> 0.250000
	pigment { color rgbt <1,0,0,0> }
	no_shadow
}
cylinder {
	<40.088882, 37.762989, 32.647480>,  <40.268539, 37.865032, 32.769588>, 0.100000
	pigment { color rgbt <1,0,0,0> }
	no_shadow
}
cylinder {
	<40.088882, 37.762989, 32.647480>,  <39.789455, 37.592918, 32.443966>, 0.100000
	pigment { color rgbt <1,0,0,0> }
	no_shadow
}

// particle -1
sphere {
	<40.088882, 37.762989, 32.647480> 0.100000
	pigment { color rgbt <1,0,0,0> }
	no_shadow
}
sphere {
	0, 1
	scale<0.080000,0.200000,0.300000>
	matrix <-0.662140, 0.439090, 0.607264,
		0.034789, -0.791471, 0.610215,
		0.748572, 0.425174, 0.508790,
		40.313454, 37.890541, 32.800117>
	pigment { color rgbt <0,1,1,0> }
	no_shadow
}
cylinder {
	<39.740849, 37.426483, 33.075329>,  <39.789455, 37.592918, 32.443966>, 0.130000
	pigment { color rgbt <1,0,0,0> }
	no_shadow
}

// nucleotide -1

// particle -1
sphere {
	<39.740849, 37.426483, 33.075329> 0.250000
	pigment { color rgbt <1,0,0,0> }
	no_shadow
}
cylinder {
	<39.951584, 37.765991, 33.093365>,  <40.078026, 37.969696, 33.104187>, 0.100000
	pigment { color rgbt <1,0,0,0> }
	no_shadow
}
cylinder {
	<39.951584, 37.765991, 33.093365>,  <39.740849, 37.426483, 33.075329>, 0.100000
	pigment { color rgbt <1,0,0,0> }
	no_shadow
}

// particle -1
sphere {
	<39.951584, 37.765991, 33.093365> 0.100000
	pigment { color rgbt <1,0,0,0> }
	no_shadow
}
sphere {
	0, 1
	scale<0.080000,0.200000,0.300000>
	matrix <-0.615916, 0.344672, 0.708413,
		0.585737, -0.400991, 0.704357,
		0.526839, 0.848768, 0.045089,
		40.109634, 38.020622, 33.106892>
	pigment { color rgbt <0,1,1,0> }
	no_shadow
}
cylinder {
	<39.759071, 36.881504, 33.668407>,  <39.740849, 37.426483, 33.075329>, 0.130000
	pigment { color rgbt <1,0,0,0> }
	no_shadow
}

// nucleotide -1

// particle -1
sphere {
	<39.759071, 36.881504, 33.668407> 0.250000
	pigment { color rgbt <1,0,0,0> }
	no_shadow
}
cylinder {
	<39.469631, 37.123615, 33.801094>,  <39.295967, 37.268883, 33.880707>, 0.100000
	pigment { color rgbt <1,0,0,0> }
	no_shadow
}
cylinder {
	<39.469631, 37.123615, 33.801094>,  <39.759071, 36.881504, 33.668407>, 0.100000
	pigment { color rgbt <1,0,0,0> }
	no_shadow
}

// particle -1
sphere {
	<39.469631, 37.123615, 33.801094> 0.100000
	pigment { color rgbt <1,0,0,0> }
	no_shadow
}
sphere {
	0, 1
	scale<0.080000,0.200000,0.300000>
	matrix <-0.383126, 0.047522, -0.922473,
		-0.574120, -0.794591, 0.197512,
		-0.723603, 0.605282, 0.331712,
		39.252552, 37.305199, 33.900608>
	pigment { color rgbt <0,1,1,0> }
	no_shadow
}
cylinder {
	<39.119499, 36.634224, 33.364887>,  <39.759071, 36.881504, 33.668407>, 0.130000
	pigment { color rgbt <1,0,0,0> }
	no_shadow
}

// nucleotide -1

// particle -1
sphere {
	<39.119499, 36.634224, 33.364887> 0.250000
	pigment { color rgbt <1,0,0,0> }
	no_shadow
}
cylinder {
	<39.068058, 37.027752, 33.414780>,  <39.037193, 37.263870, 33.444714>, 0.100000
	pigment { color rgbt <1,0,0,0> }
	no_shadow
}
cylinder {
	<39.068058, 37.027752, 33.414780>,  <39.119499, 36.634224, 33.364887>, 0.100000
	pigment { color rgbt <1,0,0,0> }
	no_shadow
}

// particle -1
sphere {
	<39.068058, 37.027752, 33.414780> 0.100000
	pigment { color rgbt <1,0,0,0> }
	no_shadow
}
sphere {
	0, 1
	scale<0.080000,0.200000,0.300000>
	matrix <-0.559140, 0.031943, -0.828458,
		-0.819039, -0.176284, 0.545985,
		-0.128604, 0.983821, 0.124730,
		39.029476, 37.322899, 33.452198>
	pigment { color rgbt <0,1,1,0> }
	no_shadow
}
cylinder {
	<38.409004, 36.882393, 33.523449>,  <39.119499, 36.634224, 33.364887>, 0.130000
	pigment { color rgbt <1,0,0,0> }
	no_shadow
}

// nucleotide -1

// particle -1
sphere {
	<38.409004, 36.882393, 33.523449> 0.250000
	pigment { color rgbt <1,0,0,0> }
	no_shadow
}
cylinder {
	<38.624741, 37.141750, 33.308525>,  <38.754181, 37.297363, 33.179573>, 0.100000
	pigment { color rgbt <1,0,0,0> }
	no_shadow
}
cylinder {
	<38.624741, 37.141750, 33.308525>,  <38.409004, 36.882393, 33.523449>, 0.100000
	pigment { color rgbt <1,0,0,0> }
	no_shadow
}

// particle -1
sphere {
	<38.624741, 37.141750, 33.308525> 0.100000
	pigment { color rgbt <1,0,0,0> }
	no_shadow
}
sphere {
	0, 1
	scale<0.080000,0.200000,0.300000>
	matrix <-0.624855, -0.119584, -0.771528,
		-0.564505, 0.751857, 0.340654,
		0.539342, 0.648391, -0.537308,
		38.786545, 37.336269, 33.147331>
	pigment { color rgbt <0,1,1,0> }
	no_shadow
}
cylinder {
	<38.537373, 36.772232, 32.744247>,  <38.409004, 36.882393, 33.523449>, 0.130000
	pigment { color rgbt <1,0,0,0> }
	no_shadow
}

// nucleotide -1

// particle -1
sphere {
	<38.537373, 36.772232, 32.744247> 0.250000
	pigment { color rgbt <1,0,0,0> }
	no_shadow
}
cylinder {
	<38.593586, 37.049095, 32.461075>,  <38.627316, 37.215214, 32.291172>, 0.100000
	pigment { color rgbt <1,0,0,0> }
	no_shadow
}
cylinder {
	<38.593586, 37.049095, 32.461075>,  <38.537373, 36.772232, 32.744247>, 0.100000
	pigment { color rgbt <1,0,0,0> }
	no_shadow
}

// particle -1
sphere {
	<38.593586, 37.049095, 32.461075> 0.100000
	pigment { color rgbt <1,0,0,0> }
	no_shadow
}
sphere {
	0, 1
	scale<0.080000,0.200000,0.300000>
	matrix <-0.679603, -0.452534, -0.577367,
		-0.719993, 0.562249, 0.406799,
		0.140534, 0.692162, -0.707928,
		38.635746, 37.256744, 32.248695>
	pigment { color rgbt <0,1,1,0> }
	no_shadow
}
cylinder {
	<37.866455, 37.106583, 32.471428>,  <38.537373, 36.772232, 32.744247>, 0.130000
	pigment { color rgbt <1,0,0,0> }
	no_shadow
}

// nucleotide -1

// particle -1
sphere {
	<37.866455, 37.106583, 32.471428> 0.250000
	pigment { color rgbt <1,0,0,0> }
	no_shadow
}
cylinder {
	<38.132942, 37.078842, 32.174416>,  <38.292835, 37.062199, 31.996208>, 0.100000
	pigment { color rgbt <1,0,0,0> }
	no_shadow
}
cylinder {
	<38.132942, 37.078842, 32.174416>,  <37.866455, 37.106583, 32.471428>, 0.100000
	pigment { color rgbt <1,0,0,0> }
	no_shadow
}

// particle -1
sphere {
	<38.132942, 37.078842, 32.174416> 0.100000
	pigment { color rgbt <1,0,0,0> }
	no_shadow
}
sphere {
	0, 1
	scale<0.080000,0.200000,0.300000>
	matrix <-0.721543, -0.311619, -0.618280,
		-0.188506, 0.947673, -0.257647,
		0.666215, -0.069354, -0.742528,
		38.332806, 37.058037, 31.951656>
	pigment { color rgbt <0,1,1,0> }
	no_shadow
}
cylinder {
	<37.410488, 36.979290, 31.854586>,  <37.866455, 37.106583, 32.471428>, 0.130000
	pigment { color rgbt <1,0,0,0> }
	no_shadow
}

// nucleotide -1

// particle -1
sphere {
	<37.410488, 36.979290, 31.854586> 0.250000
	pigment { color rgbt <1,0,0,0> }
	no_shadow
}
cylinder {
	<37.780651, 36.909092, 31.720234>,  <38.002750, 36.866974, 31.639622>, 0.100000
	pigment { color rgbt <1,0,0,0> }
	no_shadow
}
cylinder {
	<37.780651, 36.909092, 31.720234>,  <37.410488, 36.979290, 31.854586>, 0.100000
	pigment { color rgbt <1,0,0,0> }
	no_shadow
}

// particle -1
sphere {
	<37.780651, 36.909092, 31.720234> 0.100000
	pigment { color rgbt <1,0,0,0> }
	no_shadow
}
sphere {
	0, 1
	scale<0.080000,0.200000,0.300000>
	matrix <-0.378380, -0.378756, -0.844614,
		0.021005, 0.908706, -0.416908,
		0.925412, -0.175491, -0.335881,
		38.058273, 36.856445, 31.619471>
	pigment { color rgbt <0,1,1,0> }
	no_shadow
}
cylinder {
	<37.605000, 37.255939, 31.084492>,  <37.410488, 36.979290, 31.854586>, 0.130000
	pigment { color rgbt <1,0,0,0> }
	no_shadow
}

// nucleotide -1

// particle -1
sphere {
	<37.605000, 37.255939, 31.084492> 0.250000
	pigment { color rgbt <1,0,0,0> }
	no_shadow
}
cylinder {
	<37.838764, 36.951981, 31.198353>,  <37.979023, 36.769608, 31.266670>, 0.100000
	pigment { color rgbt <1,0,0,0> }
	no_shadow
}
cylinder {
	<37.838764, 36.951981, 31.198353>,  <37.605000, 37.255939, 31.084492>, 0.100000
	pigment { color rgbt <1,0,0,0> }
	no_shadow
}

// particle -1
sphere {
	<37.838764, 36.951981, 31.198353> 0.100000
	pigment { color rgbt <1,0,0,0> }
	no_shadow
}
sphere {
	0, 1
	scale<0.080000,0.200000,0.300000>
	matrix <-0.335959, -0.545895, -0.767548,
		0.738647, 0.352929, -0.574318,
		0.584407, -0.759895, 0.284654,
		38.014088, 36.724010, 31.283749>
	pigment { color rgbt <0,1,1,0> }
	no_shadow
}
cylinder {
	<38.120098, 37.117340, 30.644278>,  <37.605000, 37.255939, 31.084492>, 0.130000
	pigment { color rgbt <1,0,0,0> }
	no_shadow
}

// nucleotide -1

// particle -1
sphere {
	<38.120098, 37.117340, 30.644278> 0.250000
	pigment { color rgbt <1,0,0,0> }
	no_shadow
}
cylinder {
	<38.026707, 36.780071, 30.838001>,  <37.970673, 36.577709, 30.954235>, 0.100000
	pigment { color rgbt <1,0,0,0> }
	no_shadow
}
cylinder {
	<38.026707, 36.780071, 30.838001>,  <38.120098, 37.117340, 30.644278>, 0.100000
	pigment { color rgbt <1,0,0,0> }
	no_shadow
}

// particle -1
sphere {
	<38.026707, 36.780071, 30.838001> 0.100000
	pigment { color rgbt <1,0,0,0> }
	no_shadow
}
sphere {
	0, 1
	scale<0.080000,0.200000,0.300000>
	matrix <-0.192691, -0.448074, -0.872983,
		0.953078, -0.297146, -0.057855,
		-0.233480, -0.843169, 0.484307,
		37.956661, 36.527122, 30.983294>
	pigment { color rgbt <0,1,1,0> }
	no_shadow
}
cylinder {
	<38.376579, 36.685337, 30.193731>,  <38.120098, 37.117340, 30.644278>, 0.130000
	pigment { color rgbt <1,0,0,0> }
	no_shadow
}

// nucleotide -1

// particle -1
sphere {
	<38.376579, 36.685337, 30.193731> 0.250000
	pigment { color rgbt <1,0,0,0> }
	no_shadow
}
cylinder {
	<38.169861, 36.446804, 30.439434>,  <38.045830, 36.303684, 30.586855>, 0.100000
	pigment { color rgbt <1,0,0,0> }
	no_shadow
}
cylinder {
	<38.169861, 36.446804, 30.439434>,  <38.376579, 36.685337, 30.193731>, 0.100000
	pigment { color rgbt <1,0,0,0> }
	no_shadow
}

// particle -1
sphere {
	<38.169861, 36.446804, 30.439434> 0.100000
	pigment { color rgbt <1,0,0,0> }
	no_shadow
}
sphere {
	0, 1
	scale<0.080000,0.200000,0.300000>
	matrix <-0.160902, -0.637052, -0.753840,
		0.840854, -0.488414, 0.233272,
		-0.516793, -0.596335, 0.614255,
		38.014824, 36.267902, 30.623711>
	pigment { color rgbt <0,1,1,0> }
	no_shadow
}
cylinder {
	<38.643997, 35.982903, 30.130602>,  <38.376579, 36.685337, 30.193731>, 0.130000
	pigment { color rgbt <1,0,0,0> }
	no_shadow
}

// nucleotide -1

// particle -1
sphere {
	<38.643997, 35.982903, 30.130602> 0.250000
	pigment { color rgbt <1,0,0,0> }
	no_shadow
}
cylinder {
	<38.270222, 35.965786, 30.272015>,  <38.045956, 35.955517, 30.356863>, 0.100000
	pigment { color rgbt <1,0,0,0> }
	no_shadow
}
cylinder {
	<38.270222, 35.965786, 30.272015>,  <38.643997, 35.982903, 30.130602>, 0.100000
	pigment { color rgbt <1,0,0,0> }
	no_shadow
}

// particle -1
sphere {
	<38.270222, 35.965786, 30.272015> 0.100000
	pigment { color rgbt <1,0,0,0> }
	no_shadow
}
sphere {
	0, 1
	scale<0.080000,0.200000,0.300000>
	matrix <-0.213788, -0.726550, -0.653009,
		0.284802, -0.685781, 0.669771,
		-0.934443, -0.042789, 0.353534,
		37.989887, 35.952950, 30.378075>
	pigment { color rgbt <0,1,1,0> }
	no_shadow
}
cylinder {
	<38.585148, 35.336750, 30.084188>,  <38.643997, 35.982903, 30.130602>, 0.130000
	pigment { color rgbt <1,0,0,0> }
	no_shadow
}

// nucleotide -1

// particle -1
sphere {
	<38.585148, 35.336750, 30.084188> 0.250000
	pigment { color rgbt <1,0,0,0> }
	no_shadow
}
cylinder {
	<38.211124, 35.464527, 30.145660>,  <37.986710, 35.541195, 30.182543>, 0.100000
	pigment { color rgbt <1,0,0,0> }
	no_shadow
}
cylinder {
	<38.211124, 35.464527, 30.145660>,  <38.585148, 35.336750, 30.084188>, 0.100000
	pigment { color rgbt <1,0,0,0> }
	no_shadow
}

// particle -1
sphere {
	<38.211124, 35.464527, 30.145660> 0.100000
	pigment { color rgbt <1,0,0,0> }
	no_shadow
}
sphere {
	0, 1
	scale<0.080000,0.200000,0.300000>
	matrix <-0.324550, -0.597099, -0.733580,
		-0.142574, -0.735819, 0.661999,
		-0.935061, 0.319441, 0.153679,
		37.930607, 35.560360, 30.191765>
	pigment { color rgbt <0,1,1,0> }
	no_shadow
}
cylinder {
	<38.109661, 34.720127, 30.160398>,  <38.585148, 35.336750, 30.084188>, 0.130000
	pigment { color rgbt <1,0,0,0> }
	no_shadow
}

// nucleotide -1

// particle -1
sphere {
	<38.109661, 34.720127, 30.160398> 0.250000
	pigment { color rgbt <1,0,0,0> }
	no_shadow
}
cylinder {
	<37.861477, 35.018295, 30.062935>,  <37.712566, 35.197197, 30.004457>, 0.100000
	pigment { color rgbt <1,0,0,0> }
	no_shadow
}
cylinder {
	<37.861477, 35.018295, 30.062935>,  <38.109661, 34.720127, 30.160398>, 0.100000
	pigment { color rgbt <1,0,0,0> }
	no_shadow
}

// particle -1
sphere {
	<37.861477, 35.018295, 30.062935> 0.100000
	pigment { color rgbt <1,0,0,0> }
	no_shadow
}
sphere {
	0, 1
	scale<0.080000,0.200000,0.300000>
	matrix <-0.342168, -0.536878, -0.771157,
		-0.705653, -0.395103, 0.588173,
		-0.620464, 0.745423, -0.243658,
		37.675339, 35.241920, 29.989838>
	pigment { color rgbt <0,1,1,0> }
	no_shadow
}
cylinder {
	<37.644104, 34.374435, 29.859783>,  <38.109661, 34.720127, 30.160398>, 0.130000
	pigment { color rgbt <1,0,0,0> }
	no_shadow
}

// nucleotide -1

// particle -1
sphere {
	<37.644104, 34.374435, 29.859783> 0.250000
	pigment { color rgbt <1,0,0,0> }
	no_shadow
}
cylinder {
	<37.583103, 34.749592, 29.735134>,  <37.546501, 34.974686, 29.660345>, 0.100000
	pigment { color rgbt <1,0,0,0> }
	no_shadow
}
cylinder {
	<37.583103, 34.749592, 29.735134>,  <37.644104, 34.374435, 29.859783>, 0.100000
	pigment { color rgbt <1,0,0,0> }
	no_shadow
}

// particle -1
sphere {
	<37.583103, 34.749592, 29.735134> 0.100000
	pigment { color rgbt <1,0,0,0> }
	no_shadow
}
sphere {
	0, 1
	scale<0.080000,0.200000,0.300000>
	matrix <-0.404682, -0.346927, -0.846094,
