// switches for output
#declare DRAW_BASES = 1; // possible values are 0, 1; only relevant for DNA ribbons
#declare DRAW_BASES_TYPE = 3; // possible values are 1, 2, 3; only relevant for DNA ribbons
#declare DRAW_FOG = 0; // set to 1 to enable fog

#include "colors.inc"

#include "transforms.inc"
background { rgb <1, 1, 1>}

#default {
   normal{
       ripples 0.25
       frequency 0.20
       turbulence 0.2
       lambda 5
   }
	finish {
		phong 0.1
		phong_size 40.
	}
}

// original window dimensions: 1024x640


// camera settings

camera {
	sky <-0, 1, 0>
	up <-0, 1, 0>
	right 1.6 * <0.581683, 0, 0.813415>
	location <-54.4937, 30, 90.4225>
	look_at <30, 30, 30>
	direction <84.4937, 0, -60.4225>
	angle 67.0682
}


# declare cpy_camera_pos = <-54.4937, 30, 90.4225>;
# if (DRAW_FOG = 1)
fog {
	fog_type 2
	up vnormalize(cpy_camera_pos)
	color rgbt<1,1,1,0.3>
	distance 1e-5
	fog_alt 3e-3
	fog_offset 48
}
# end


// LIGHTS

# declare lum = 6;
global_settings {
	ambient_light rgb lum * <0.05, 0.05, 0.05>
	max_trace_level 15
}# declare cpy_direct_light_amount = 0.25;
light_source
{	1000 * <0.231732, -1, 1.3951>,
	rgb lum * cpy_direct_light_amount
	parallel
}

light_source
{	1000 * <-0.231732, 1, -1.3951>,
	rgb lum * cpy_direct_light_amount
	parallel
}

// strand 0

// nucleotide -1

// particle -1
sphere {
	<43.256546, 33.595470, 22.761070> 0.250000
	pigment { color rgbt <1,0,0,0> }
	no_shadow
}
cylinder {
	<43.050934, 33.470882, 23.080761>,  <42.927567, 33.396130, 23.272575>, 0.100000
	pigment { color rgbt <1,0,0,0> }
	no_shadow
}
cylinder {
	<43.050934, 33.470882, 23.080761>,  <43.256546, 33.595470, 22.761070>, 0.100000
	pigment { color rgbt <1,0,0,0> }
	no_shadow
}

// particle -1
sphere {
	<43.050934, 33.470882, 23.080761> 0.100000
	pigment { color rgbt <1,0,0,0> }
	no_shadow
}
sphere {
	0, 1
	scale<0.080000,0.200000,0.300000>
	matrix <0.550942, 0.594257, 0.585936,
		-0.657449, 0.741514, -0.133860,
		-0.514027, -0.311474, 0.799225,
		42.896725, 33.377441, 23.320528>
	pigment { color rgbt <0,1,1,0> }
	no_shadow
}
cylinder {
	<43.007957, 34.176678, 23.162165>,  <43.256546, 33.595470, 22.761070>, 0.130000
	pigment { color rgbt <1,0,0,0> }
	no_shadow
}

// nucleotide -1

// particle -1
sphere {
	<43.007957, 34.176678, 23.162165> 0.250000
	pigment { color rgbt <1,0,0,0> }
	no_shadow
}
cylinder {
	<43.020500, 33.864910, 23.412453>,  <43.028027, 33.677849, 23.562626>, 0.100000
	pigment { color rgbt <1,0,0,0> }
	no_shadow
}
cylinder {
	<43.020500, 33.864910, 23.412453>,  <43.007957, 34.176678, 23.162165>, 0.100000
	pigment { color rgbt <1,0,0,0> }
	no_shadow
}

// particle -1
sphere {
	<43.020500, 33.864910, 23.412453> 0.100000
	pigment { color rgbt <1,0,0,0> }
	no_shadow
}
sphere {
	0, 1
	scale<0.080000,0.200000,0.300000>
	matrix <0.614520, 0.508760, 0.602933,
		-0.788278, 0.365610, 0.494921,
		0.031358, -0.779418, 0.625719,
		43.029907, 33.631084, 23.600168>
	pigment { color rgbt <0,1,1,0> }
	no_shadow
}
cylinder {
	<42.805172, 34.314419, 23.899885>,  <43.007957, 34.176678, 23.162165>, 0.130000
	pigment { color rgbt <1,0,0,0> }
	no_shadow
}

// nucleotide -1

// particle -1
sphere {
	<42.805172, 34.314419, 23.899885> 0.250000
	pigment { color rgbt <1,0,0,0> }
	no_shadow
}
cylinder {
	<43.100258, 34.055557, 23.822971>,  <43.277309, 33.900242, 23.776823>, 0.100000
	pigment { color rgbt <1,0,0,0> }
	no_shadow
}
cylinder {
	<43.100258, 34.055557, 23.822971>,  <42.805172, 34.314419, 23.899885>, 0.100000
	pigment { color rgbt <1,0,0,0> }
	no_shadow
}

// particle -1
sphere {
	<43.100258, 34.055557, 23.822971> 0.100000
	pigment { color rgbt <1,0,0,0> }
	no_shadow
}
sphere {
	0, 1
	scale<0.080000,0.200000,0.300000>
	matrix <0.614205, 0.525130, 0.589059,
		-0.280238, -0.552658, 0.784880,
		0.737712, -0.647153, -0.192284,
		43.321571, 33.861412, 23.765285>
	pigment { color rgbt <0,1,1,0> }
	no_shadow
}
cylinder {
	<43.182957, 34.342457, 24.501329>,  <42.805172, 34.314419, 23.899885>, 0.130000
	pigment { color rgbt <1,0,0,0> }
	no_shadow
}

// nucleotide -1

// particle -1
sphere {
	<43.182957, 34.342457, 24.501329> 0.250000
	pigment { color rgbt <1,0,0,0> }
	no_shadow
}
cylinder {
	<43.424870, 34.200996, 24.215904>,  <43.570015, 34.116119, 24.044649>, 0.100000
	pigment { color rgbt <1,0,0,0> }
	no_shadow
}
cylinder {
	<43.424870, 34.200996, 24.215904>,  <43.182957, 34.342457, 24.501329>, 0.100000
	pigment { color rgbt <1,0,0,0> }
	no_shadow
}

// particle -1
sphere {
	<43.424870, 34.200996, 24.215904> 0.100000
	pigment { color rgbt <1,0,0,0> }
	no_shadow
}
sphere {
	0, 1
	scale<0.080000,0.200000,0.300000>
	matrix <0.777237, 0.457439, 0.432032,
		0.173623, -0.815892, 0.551520,
		0.604778, -0.353652, -0.713564,
		43.606304, 34.094902, 24.001835>
	pigment { color rgbt <0,1,1,0> }
	no_shadow
}
cylinder {
	<43.482674, 33.744053, 24.856525>,  <43.182957, 34.342457, 24.501329>, 0.130000
	pigment { color rgbt <1,0,0,0> }
	no_shadow
}

// nucleotide -1

// particle -1
sphere {
	<43.482674, 33.744053, 24.856525> 0.250000
	pigment { color rgbt <1,0,0,0> }
	no_shadow
}
cylinder {
	<43.398056, 34.128693, 24.926472>,  <43.347286, 34.359474, 24.968439>, 0.100000
	pigment { color rgbt <1,0,0,0> }
	no_shadow
}
cylinder {
	<43.398056, 34.128693, 24.926472>,  <43.482674, 33.744053, 24.856525>, 0.100000
	pigment { color rgbt <1,0,0,0> }
	no_shadow
}

// particle -1
sphere {
	<43.398056, 34.128693, 24.926472> 0.100000
	pigment { color rgbt <1,0,0,0> }
	no_shadow
}
sphere {
	0, 1
	scale<0.080000,0.200000,0.300000>
	matrix <-0.293333, -0.233135, 0.927148,
		0.932310, 0.144843, 0.331388,
		-0.211549, 0.961597, 0.174867,
		43.334591, 34.417171, 24.978931>
	pigment { color rgbt <0,1,1,0> }
	no_shadow
}
cylinder {
	<43.821995, 33.990952, 25.418858>,  <43.482674, 33.744053, 24.856525>, 0.130000
	pigment { color rgbt <1,0,0,0> }
	no_shadow
}

// nucleotide -1

// particle -1
sphere {
	<43.821995, 33.990952, 25.418858> 0.250000
	pigment { color rgbt <1,0,0,0> }
	no_shadow
}
cylinder {
	<43.466206, 34.166275, 25.367126>,  <43.252731, 34.271469, 25.336088>, 0.100000
	pigment { color rgbt <1,0,0,0> }
	no_shadow
}
cylinder {
	<43.466206, 34.166275, 25.367126>,  <43.821995, 33.990952, 25.418858>, 0.100000
	pigment { color rgbt <1,0,0,0> }
	no_shadow
}

// particle -1
sphere {
	<43.466206, 34.166275, 25.367126> 0.100000
	pigment { color rgbt <1,0,0,0> }
	no_shadow
}
sphere {
	0, 1
	scale<0.080000,0.200000,0.300000>
	matrix <-0.223801, -0.171044, 0.959509,
		0.398444, 0.882398, 0.250233,
		-0.889469, 0.438313, -0.129330,
		43.199364, 34.297768, 25.328327>
	pigment { color rgbt <0,1,1,0> }
	no_shadow
}
cylinder {
	<43.681503, 34.358234, 26.028851>,  <43.821995, 33.990952, 25.418858>, 0.130000
	pigment { color rgbt <1,0,0,0> }
	no_shadow
}

// nucleotide -1

// particle -1
sphere {
	<43.681503, 34.358234, 26.028851> 0.250000
	pigment { color rgbt <1,0,0,0> }
	no_shadow
}
cylinder {
	<43.321545, 34.332176, 25.856365>,  <43.105568, 34.316544, 25.752874>, 0.100000
	pigment { color rgbt <1,0,0,0> }
	no_shadow
}
cylinder {
	<43.321545, 34.332176, 25.856365>,  <43.681503, 34.358234, 26.028851>, 0.100000
	pigment { color rgbt <1,0,0,0> }
	no_shadow
}

// particle -1
sphere {
	<43.321545, 34.332176, 25.856365> 0.100000
	pigment { color rgbt <1,0,0,0> }
	no_shadow
}
sphere {
	0, 1
	scale<0.080000,0.200000,0.300000>
	matrix <-0.430360, -0.027332, 0.902244,
		-0.070561, 0.997502, -0.003439,
		-0.899895, -0.065143, -0.431213,
		43.051575, 34.312634, 25.727001>
	pigment { color rgbt <0,1,1,0> }
	no_shadow
}
cylinder {
	<43.220707, 34.821579, 26.382700>,  <43.681503, 34.358234, 26.028851>, 0.130000
	pigment { color rgbt <1,0,0,0> }
	no_shadow
}

// nucleotide -1

// particle -1
sphere {
	<43.220707, 34.821579, 26.382700> 0.250000
	pigment { color rgbt <1,0,0,0> }
	no_shadow
}
cylinder {
	<42.962612, 34.567440, 26.212994>,  <42.807755, 34.414955, 26.111170>, 0.100000
	pigment { color rgbt <1,0,0,0> }
	no_shadow
}
cylinder {
	<42.962612, 34.567440, 26.212994>,  <43.220707, 34.821579, 26.382700>, 0.100000
	pigment { color rgbt <1,0,0,0> }
	no_shadow
}

// particle -1
sphere {
	<42.962612, 34.567440, 26.212994> 0.100000
	pigment { color rgbt <1,0,0,0> }
	no_shadow
}
sphere {
	0, 1
	scale<0.080000,0.200000,0.300000>
	matrix <-0.425994, -0.161785, 0.890143,
		-0.634194, 0.755085, -0.166267,
		-0.645234, -0.635352, -0.424265,
		42.769043, 34.376835, 26.085714>
	pigment { color rgbt <0,1,1,0> }
	no_shadow
}
cylinder {
	<42.485622, 35.029636, 26.599398>,  <43.220707, 34.821579, 26.382700>, 0.130000
	pigment { color rgbt <1,0,0,0> }
	no_shadow
}

// nucleotide -1

// particle -1
sphere {
	<42.485622, 35.029636, 26.599398> 0.250000
	pigment { color rgbt <1,0,0,0> }
	no_shadow
}
cylinder {
	<42.480408, 34.651314, 26.469612>,  <42.477280, 34.424320, 26.391741>, 0.100000
	pigment { color rgbt <1,0,0,0> }
	no_shadow
}
cylinder {
	<42.480408, 34.651314, 26.469612>,  <42.485622, 35.029636, 26.599398>, 0.100000
	pigment { color rgbt <1,0,0,0> }
	no_shadow
}

// particle -1
sphere {
	<42.480408, 34.651314, 26.469612> 0.100000
	pigment { color rgbt <1,0,0,0> }
	no_shadow
}
sphere {
	0, 1
	scale<0.080000,0.200000,0.300000>
	matrix <-0.618702, -0.247289, 0.745692,
		-0.785518, 0.210465, -0.581950,
		-0.013032, -0.945808, -0.324465,
		42.476498, 34.367573, 26.372272>
	pigment { color rgbt <0,1,1,0> }
	no_shadow
}
cylinder {
	<41.747410, 34.830795, 26.653736>,  <42.485622, 35.029636, 26.599398>, 0.130000
	pigment { color rgbt <1,0,0,0> }
	no_shadow
}

// nucleotide -1

// particle -1
sphere {
	<41.747410, 34.830795, 26.653736> 0.250000
	pigment { color rgbt <1,0,0,0> }
	no_shadow
}
cylinder {
	<41.963684, 34.494473, 26.643127>,  <42.093449, 34.292679, 26.636763>, 0.100000
	pigment { color rgbt <1,0,0,0> }
	no_shadow
}
cylinder {
	<41.963684, 34.494473, 26.643127>,  <41.747410, 34.830795, 26.653736>, 0.100000
	pigment { color rgbt <1,0,0,0> }
	no_shadow
}

// particle -1
sphere {
	<41.963684, 34.494473, 26.643127> 0.100000
	pigment { color rgbt <1,0,0,0> }
	no_shadow
}
sphere {
	0, 1
	scale<0.080000,0.200000,0.300000>
	matrix <-0.603062, -0.409396, 0.684624,
		-0.586496, -0.354170, -0.728413,
		0.540683, -0.840808, -0.026523,
		42.125889, 34.242229, 26.635170>
	pigment { color rgbt <0,1,1,0> }
	no_shadow
}
cylinder {
	<41.218624, 34.256153, 26.699070>,  <41.747410, 34.830795, 26.653736>, 0.130000
	pigment { color rgbt <1,0,0,0> }
	no_shadow
}

// nucleotide -1

// particle -1
sphere {
	<41.218624, 34.256153, 26.699070> 0.250000
	pigment { color rgbt <1,0,0,0> }
	no_shadow
}
cylinder {
	<41.566544, 34.080795, 26.789631>,  <41.775295, 33.975582, 26.843967>, 0.100000
	pigment { color rgbt <1,0,0,0> }
	no_shadow
}
cylinder {
	<41.566544, 34.080795, 26.789631>,  <41.218624, 34.256153, 26.699070>, 0.100000
	pigment { color rgbt <1,0,0,0> }
	no_shadow
}

// particle -1
sphere {
	<41.566544, 34.080795, 26.789631> 0.100000
	pigment { color rgbt <1,0,0,0> }
	no_shadow
}
sphere {
	0, 1
	scale<0.080000,0.200000,0.300000>
	matrix <-0.439958, -0.481391, 0.758089,
		-0.223354, -0.758993, -0.611590,
		0.869799, -0.438396, 0.226404,
		41.827484, 33.949276, 26.857552>
	pigment { color rgbt <0,1,1,0> }
	no_shadow
}
cylinder {
	<41.166534, 33.534821, 26.742062>,  <41.218624, 34.256153, 26.699070>, 0.130000
	pigment { color rgbt <1,0,0,0> }
	no_shadow
}

// nucleotide -1

// particle -1
sphere {
	<41.166534, 33.534821, 26.742062> 0.250000
	pigment { color rgbt <1,0,0,0> }
	no_shadow
}
cylinder {
	<41.453915, 33.643734, 26.998089>,  <41.626343, 33.709084, 27.151705>, 0.100000
	pigment { color rgbt <1,0,0,0> }
	no_shadow
}
cylinder {
	<41.453915, 33.643734, 26.998089>,  <41.166534, 33.534821, 26.742062>, 0.100000
	pigment { color rgbt <1,0,0,0> }
	no_shadow
}

// particle -1
sphere {
	<41.453915, 33.643734, 26.998089> 0.100000
	pigment { color rgbt <1,0,0,0> }
	no_shadow
}
sphere {
	0, 1
	scale<0.080000,0.200000,0.300000>
	matrix <-0.580380, -0.272526, 0.767391,
		0.383384, -0.922817, -0.037769,
		0.718454, 0.272285, 0.640066,
		41.669453, 33.725418, 27.190109>
	pigment { color rgbt <0,1,1,0> }
	no_shadow
}
cylinder {
	<41.204857, 32.977798, 27.187593>,  <41.166534, 33.534821, 26.742062>, 0.130000
	pigment { color rgbt <1,0,0,0> }
	no_shadow
}

// nucleotide -1

// particle -1
sphere {
	<41.204857, 32.977798, 27.187593> 0.250000
	pigment { color rgbt <1,0,0,0> }
	no_shadow
}
cylinder {
	<41.418797, 33.262936, 27.369049>,  <41.547161, 33.434017, 27.477922>, 0.100000
	pigment { color rgbt <1,0,0,0> }
	no_shadow
}
cylinder {
	<41.418797, 33.262936, 27.369049>,  <41.204857, 32.977798, 27.187593>, 0.100000
	pigment { color rgbt <1,0,0,0> }
	no_shadow
}

// particle -1
sphere {
	<41.418797, 33.262936, 27.369049> 0.100000
	pigment { color rgbt <1,0,0,0> }
	no_shadow
}
sphere {
	0, 1
	scale<0.080000,0.200000,0.300000>
	matrix <-0.495228, -0.170535, 0.851861,
		0.684607, -0.680270, 0.261811,
		0.534848, 0.712847, 0.453639,
		41.579250, 33.476791, 27.505140>
	pigment { color rgbt <0,1,1,0> }
	no_shadow
}
cylinder {
	<41.396431, 32.580719, 27.680176>,  <41.204857, 32.977798, 27.187593>, 0.130000
	pigment { color rgbt <1,0,0,0> }
	no_shadow
}

// nucleotide -1

// particle -1
sphere {
	<41.396431, 32.580719, 27.680176> 0.250000
	pigment { color rgbt <1,0,0,0> }
	no_shadow
}
cylinder {
	<41.453880, 32.953342, 27.813789>,  <41.488350, 33.176914, 27.893957>, 0.100000
	pigment { color rgbt <1,0,0,0> }
	no_shadow
}
cylinder {
	<41.453880, 32.953342, 27.813789>,  <41.396431, 32.580719, 27.680176>, 0.100000
	pigment { color rgbt <1,0,0,0> }
	no_shadow
}

// particle -1
sphere {
	<41.453880, 32.953342, 27.813789> 0.100000
	pigment { color rgbt <1,0,0,0> }
	no_shadow
}
sphere {
	0, 1
	scale<0.080000,0.200000,0.300000>
	matrix <-0.436474, -0.243303, 0.866195,
		0.888180, -0.270199, 0.371657,
		0.143620, 0.931556, 0.334032,
		41.496967, 33.232811, 27.914000>
	pigment { color rgbt <0,1,1,0> }
	no_shadow
}
cylinder {
	<41.604248, 32.556759, 28.402342>,  <41.396431, 32.580719, 27.680176>, 0.130000
	pigment { color rgbt <1,0,0,0> }
	no_shadow
}

// nucleotide -1

// particle -1
sphere {
	<41.604248, 32.556759, 28.402342> 0.250000
	pigment { color rgbt <1,0,0,0> }
	no_shadow
}
cylinder {
	<41.455273, 32.924324, 28.350346>,  <41.365887, 33.144863, 28.319147>, 0.100000
	pigment { color rgbt <1,0,0,0> }
	no_shadow
}
cylinder {
	<41.455273, 32.924324, 28.350346>,  <41.604248, 32.556759, 28.402342>, 0.100000
	pigment { color rgbt <1,0,0,0> }
	no_shadow
}

// particle -1
sphere {
	<41.455273, 32.924324, 28.350346> 0.100000
	pigment { color rgbt <1,0,0,0> }
	no_shadow
}
sphere {
	0, 1
	scale<0.080000,0.200000,0.300000>
	matrix <-0.532278, -0.096759, 0.841022,
		0.760244, 0.382419, 0.525151,
		-0.372436, 0.918909, -0.129992,
		41.343540, 33.199997, 28.311348>
	pigment { color rgbt <0,1,1,0> }
	no_shadow
}
cylinder {
	<41.661472, 32.725613, 29.130157>,  <41.604248, 32.556759, 28.402342>, 0.130000
	pigment { color rgbt <1,0,0,0> }
	no_shadow
}

// nucleotide -1

// particle -1
sphere {
	<41.661472, 32.725613, 29.130157> 0.250000
	pigment { color rgbt <1,0,0,0> }
	no_shadow
}
cylinder {
	<41.423683, 32.973053, 28.924660>,  <41.281010, 33.121517, 28.801361>, 0.100000
	pigment { color rgbt <1,0,0,0> }
	no_shadow
}
cylinder {
	<41.423683, 32.973053, 28.924660>,  <41.661472, 32.725613, 29.130157>, 0.100000
	pigment { color rgbt <1,0,0,0> }
	no_shadow
}

// particle -1
sphere {
	<41.423683, 32.973053, 28.924660> 0.100000
	pigment { color rgbt <1,0,0,0> }
	no_shadow
}
sphere {
	0, 1
	scale<0.080000,0.200000,0.300000>
	matrix <-0.571463, 0.124470, 0.811133,
		0.565713, 0.775784, 0.279513,
		-0.594473, 0.618600, -0.513746,
		41.245342, 33.158634, 28.770536>
	pigment { color rgbt <0,1,1,0> }
	no_shadow
}
cylinder {
	<41.438511, 33.280098, 29.621283>,  <41.661472, 32.725613, 29.130157>, 0.130000
	pigment { color rgbt <1,0,0,0> }
	no_shadow
}

// nucleotide -1

// particle -1
sphere {
	<41.438511, 33.280098, 29.621283> 0.250000
	pigment { color rgbt <1,0,0,0> }
	no_shadow
}
cylinder {
	<41.160404, 33.306980, 29.335041>,  <40.993542, 33.323109, 29.163296>, 0.100000
	pigment { color rgbt <1,0,0,0> }
	no_shadow
}
cylinder {
	<41.160404, 33.306980, 29.335041>,  <41.438511, 33.280098, 29.621283>, 0.100000
	pigment { color rgbt <1,0,0,0> }
	no_shadow
}

// particle -1
sphere {
	<41.160404, 33.306980, 29.335041> 0.100000
	pigment { color rgbt <1,0,0,0> }
	no_shadow
}
sphere {
	0, 1
	scale<0.080000,0.200000,0.300000>
	matrix <-0.705658, 0.125367, 0.697374,
		0.136583, 0.989832, -0.039737,
		-0.695264, 0.067209, -0.715605,
		40.951824, 33.327145, 29.120359>
	pigment { color rgbt <0,1,1,0> }
	no_shadow
}
cylinder {
	<40.941154, 33.907265, 29.792212>,  <41.438511, 33.280098, 29.621283>, 0.130000
	pigment { color rgbt <1,0,0,0> }
	no_shadow
}

// nucleotide -1

// particle -1
sphere {
	<40.941154, 33.907265, 29.792212> 0.250000
	pigment { color rgbt <1,0,0,0> }
	no_shadow
}
cylinder {
	<40.758312, 33.654312, 29.542042>,  <40.648609, 33.502541, 29.391939>, 0.100000
	pigment { color rgbt <1,0,0,0> }
	no_shadow
}
cylinder {
	<40.758312, 33.654312, 29.542042>,  <40.941154, 33.907265, 29.792212>, 0.100000
	pigment { color rgbt <1,0,0,0> }
	no_shadow
}

// particle -1
sphere {
	<40.758312, 33.654312, 29.542042> 0.100000
	pigment { color rgbt <1,0,0,0> }
	no_shadow
}
sphere {
	0, 1
	scale<0.080000,0.200000,0.300000>
	matrix <-0.732754, -0.130804, 0.667804,
		-0.504112, 0.763538, -0.403586,
		-0.457103, -0.632377, -0.625425,
		40.621181, 33.464600, 29.354414>
	pigment { color rgbt <0,1,1,0> }
	no_shadow
}
cylinder {
	<40.221329, 34.001755, 29.959160>,  <40.941154, 33.907265, 29.792212>, 0.130000
	pigment { color rgbt <1,0,0,0> }
	no_shadow
}

// nucleotide -1

// particle -1
sphere {
	<40.221329, 34.001755, 29.959160> 0.250000
	pigment { color rgbt <1,0,0,0> }
	no_shadow
}
cylinder {
	<40.229763, 33.646477, 29.775566>,  <40.234825, 33.433311, 29.665411>, 0.100000
	pigment { color rgbt <1,0,0,0> }
	no_shadow
}
cylinder {
	<40.229763, 33.646477, 29.775566>,  <40.221329, 34.001755, 29.959160>, 0.100000
	pigment { color rgbt <1,0,0,0> }
	no_shadow
}

// particle -1
sphere {
	<40.229763, 33.646477, 29.775566> 0.100000
	pigment { color rgbt <1,0,0,0> }
	no_shadow
}
sphere {
	0, 1
	scale<0.080000,0.200000,0.300000>
	matrix <-0.893527, -0.222696, 0.389892,
		-0.448514, 0.401891, -0.798323,
		0.021089, -0.888195, -0.458982,
		40.236092, 33.380016, 29.637871>
	pigment { color rgbt <0,1,1,0> }
	no_shadow
}
cylinder {
	<39.548691, 33.905102, 29.874044>,  <40.221329, 34.001755, 29.959160>, 0.130000
	pigment { color rgbt <1,0,0,0> }
	no_shadow
}

// nucleotide -1

// particle -1
sphere {
	<39.548691, 33.905102, 29.874044> 0.250000
	pigment { color rgbt <1,0,0,0> }
	no_shadow
}
cylinder {
	<39.713028, 33.541862, 29.841629>,  <39.811630, 33.323921, 29.822180>, 0.100000
	pigment { color rgbt <1,0,0,0> }
	no_shadow
}
cylinder {
	<39.713028, 33.541862, 29.841629>,  <39.548691, 33.905102, 29.874044>, 0.100000
	pigment { color rgbt <1,0,0,0> }
	no_shadow
}

// particle -1
sphere {
	<39.713028, 33.541862, 29.841629> 0.100000
	pigment { color rgbt <1,0,0,0> }
	no_shadow
}
sphere {
	0, 1
	scale<0.080000,0.200000,0.300000>
	matrix <-0.791199, -0.399295, 0.463215,
		-0.453003, -0.126190, -0.882533,
		0.410845, -0.908096, -0.081040,
		39.836281, 33.269432, 29.817318>
	pigment { color rgbt <0,1,1,0> }
	no_shadow
}
cylinder {
	<39.153088, 33.415092, 29.405233>,  <39.548691, 33.905102, 29.874044>, 0.130000
	pigment { color rgbt <1,0,0,0> }
	no_shadow
}

// nucleotide -1

// particle -1
sphere {
	<39.153088, 33.415092, 29.405233> 0.250000
	pigment { color rgbt <1,0,0,0> }
	no_shadow
}
cylinder {
	<39.377575, 33.190239, 29.648224>,  <39.512268, 33.055325, 29.794018>, 0.100000
	pigment { color rgbt <1,0,0,0> }
	no_shadow
}
cylinder {
	<39.377575, 33.190239, 29.648224>,  <39.153088, 33.415092, 29.405233>, 0.100000
	pigment { color rgbt <1,0,0,0> }
	no_shadow
}

// particle -1
sphere {
	<39.377575, 33.190239, 29.648224> 0.100000
	pigment { color rgbt <1,0,0,0> }
	no_shadow
}
sphere {
	0, 1
	scale<0.080000,0.200000,0.300000>
	matrix <-0.818476, -0.486007, 0.306421,
		0.122988, -0.669177, -0.732855,
		0.561222, -0.562138, 0.607478,
		39.545940, 33.021599, 29.830467>
	pigment { color rgbt <0,1,1,0> }
	no_shadow
}
cylinder {
	<38.819546, 32.824234, 29.420824>,  <39.153088, 33.415092, 29.405233>, 0.130000
	pigment { color rgbt <1,0,0,0> }
	no_shadow
}

// nucleotide -1

// particle -1
sphere {
	<38.819546, 32.824234, 29.420824> 0.250000
	pigment { color rgbt <1,0,0,0> }
	no_shadow
}
cylinder {
	<39.036987, 32.770866, 29.752293>,  <39.167450, 32.738846, 29.951174>, 0.100000
	pigment { color rgbt <1,0,0,0> }
	no_shadow
}
cylinder {
	<39.036987, 32.770866, 29.752293>,  <38.819546, 32.824234, 29.420824>, 0.100000
	pigment { color rgbt <1,0,0,0> }
	no_shadow
}

// particle -1
sphere {
	<39.036987, 32.770866, 29.752293> 0.100000
	pigment { color rgbt <1,0,0,0> }
	no_shadow
}
sphere {
	0, 1
	scale<0.080000,0.200000,0.300000>
	matrix <-0.671254, -0.661824, 0.333778,
		0.503900, -0.737691, -0.449330,
		0.543602, -0.133424, 0.828670,
		39.200069, 32.730839, 30.000895>
	pigment { color rgbt <0,1,1,0> }
	no_shadow
}
cylinder {
	<38.744026, 32.151718, 29.519625>,  <38.819546, 32.824234, 29.420824>, 0.130000
	pigment { color rgbt <1,0,0,0> }
	no_shadow
}

// nucleotide -1

// particle -1
sphere {
	<38.744026, 32.151718, 29.519625> 0.250000
	pigment { color rgbt <1,0,0,0> }
	no_shadow
}
cylinder {
	<38.879177, 32.285812, 29.871410>,  <38.960270, 32.366268, 30.082481>, 0.100000
	pigment { color rgbt <1,0,0,0> }
	no_shadow
}
cylinder {
	<38.879177, 32.285812, 29.871410>,  <38.744026, 32.151718, 29.519625>, 0.100000
	pigment { color rgbt <1,0,0,0> }
	no_shadow
}

// particle -1
sphere {
	<38.879177, 32.285812, 29.871410> 0.100000
	pigment { color rgbt <1,0,0,0> }
	no_shadow
}
sphere {
	0, 1
	scale<0.080000,0.200000,0.300000>
	matrix <-0.600762, -0.642483, 0.475710,
		0.724515, -0.689081, -0.015686,
		0.337881, 0.335236, 0.879462,
		38.980541, 32.386383, 30.135248>
	pigment { color rgbt <0,1,1,0> }
	no_shadow
}
cylinder {
	<39.006718, 31.670107, 29.914669>,  <38.744026, 32.151718, 29.519625>, 0.130000
	pigment { color rgbt <1,0,0,0> }
	no_shadow
}

// nucleotide -1

// particle -1
sphere {
	<39.006718, 31.670107, 29.914669> 0.250000
	pigment { color rgbt <1,0,0,0> }
	no_shadow
}
cylinder {
	<38.896900, 31.918068, 30.208702>,  <38.831009, 32.066845, 30.385122>, 0.100000
	pigment { color rgbt <1,0,0,0> }
	no_shadow
}
cylinder {
	<38.896900, 31.918068, 30.208702>,  <39.006718, 31.670107, 29.914669>, 0.100000
	pigment { color rgbt <1,0,0,0> }
	no_shadow
}

// particle -1
sphere {
	<38.896900, 31.918068, 30.208702> 0.100000
	pigment { color rgbt <1,0,0,0> }
	no_shadow
}
sphere {
	0, 1
	scale<0.080000,0.200000,0.300000>
	matrix <-0.278499, -0.782954, 0.556256,
		0.920360, -0.052002, 0.387599,
		-0.274546, 0.619902, 0.735082,
		38.814537, 32.104038, 30.429226>
	pigment { color rgbt <0,1,1,0> }
	no_shadow
}
cylinder {
	<38.988922, 31.253273, 30.451075>,  <39.006718, 31.670107, 29.914669>, 0.130000
	pigment { color rgbt <1,0,0,0> }
	no_shadow
}

// nucleotide -1

// particle -1
sphere {
	<38.988922, 31.253273, 30.451075> 0.250000
	pigment { color rgbt <1,0,0,0> }
	no_shadow
}
cylinder {
	<38.812782, 31.569725, 30.620880>,  <38.707100, 31.759596, 30.722763>, 0.100000
	pigment { color rgbt <1,0,0,0> }
	no_shadow
}
cylinder {
	<38.812782, 31.569725, 30.620880>,  <38.988922, 31.253273, 30.451075>, 0.100000
	pigment { color rgbt <1,0,0,0> }
	no_shadow
}

// particle -1
sphere {
	<38.812782, 31.569725, 30.620880> 0.100000
	pigment { color rgbt <1,0,0,0> }
	no_shadow
}
sphere {
	0, 1
	scale<0.080000,0.200000,0.300000>
	matrix <-0.534159, -0.610886, 0.584373,
		0.721643, 0.030570, 0.691590,
		-0.440348, 0.791128, 0.424513,
		38.680679, 31.807064, 30.748234>
	pigment { color rgbt <0,1,1,0> }
	no_shadow
}
cylinder {
	<38.950535, 31.114033, 31.179197>,  <38.988922, 31.253273, 30.451075>, 0.130000
	pigment { color rgbt <1,0,0,0> }
	no_shadow
}

// nucleotide -1

// particle -1
sphere {
	<38.950535, 31.114033, 31.179197> 0.250000
	pigment { color rgbt <1,0,0,0> }
	no_shadow
}
cylinder {
	<38.694031, 31.414394, 31.116035>,  <38.540131, 31.594610, 31.078138>, 0.100000
	pigment { color rgbt <1,0,0,0> }
	no_shadow
}
cylinder {
	<38.694031, 31.414394, 31.116035>,  <38.950535, 31.114033, 31.179197>, 0.100000
	pigment { color rgbt <1,0,0,0> }
	no_shadow
}

// particle -1
sphere {
	<38.694031, 31.414394, 31.116035> 0.100000
	pigment { color rgbt <1,0,0,0> }
	no_shadow
}
sphere {
	0, 1
	scale<0.080000,0.200000,0.300000>
	matrix <-0.702848, -0.492230, 0.513532,
		0.307886, 0.440291, 0.843416,
		-0.641258, 0.750902, -0.157907,
		38.501652, 31.639666, 31.068663>
	pigment { color rgbt <0,1,1,0> }
	no_shadow
}
cylinder {
	<38.544514, 31.326855, 31.787695>,  <38.950535, 31.114033, 31.179197>, 0.130000
	pigment { color rgbt <1,0,0,0> }
	no_shadow
}

// nucleotide -1

// particle -1
sphere {
	<38.544514, 31.326855, 31.787695> 0.250000
	pigment { color rgbt <1,0,0,0> }
	no_shadow
}
cylinder {
	<38.328625, 31.430599, 31.467339>,  <38.199089, 31.492846, 31.275124>, 0.100000
	pigment { color rgbt <1,0,0,0> }
	no_shadow
}
cylinder {
	<38.328625, 31.430599, 31.467339>,  <38.544514, 31.326855, 31.787695>, 0.100000
	pigment { color rgbt <1,0,0,0> }
	no_shadow
}

// particle -1
sphere {
	<38.328625, 31.430599, 31.467339> 0.100000
	pigment { color rgbt <1,0,0,0> }
	no_shadow
}
sphere {
	0, 1
	scale<0.080000,0.200000,0.300000>
	matrix <-0.824399, -0.355493, 0.440445,
		-0.170478, 0.897974, 0.405684,
		-0.539726, 0.259359, -0.800893,
		38.166706, 31.508408, 31.227070>
	pigment { color rgbt <0,1,1,0> }
	no_shadow
}
cylinder {
	<37.982330, 31.624365, 32.054588>,  <38.544514, 31.326855, 31.787695>, 0.130000
	pigment { color rgbt <1,0,0,0> }
	no_shadow
}

// nucleotide -1

// particle -1
sphere {
	<37.982330, 31.624365, 32.054588> 0.250000
	pigment { color rgbt <1,0,0,0> }
	no_shadow
}
cylinder {
	<37.901745, 31.449886, 31.703785>,  <37.853394, 31.345200, 31.493303>, 0.100000
	pigment { color rgbt <1,0,0,0> }
	no_shadow
}
cylinder {
	<37.901745, 31.449886, 31.703785>,  <37.982330, 31.624365, 32.054588>, 0.100000
	pigment { color rgbt <1,0,0,0> }
	no_shadow
}

// particle -1
sphere {
	<37.901745, 31.449886, 31.703785> 0.100000
	pigment { color rgbt <1,0,0,0> }
	no_shadow
}
sphere {
	0, 1
	scale<0.080000,0.200000,0.300000>
	matrix <-0.875161, -0.321952, 0.361166,
		-0.439894, 0.840286, -0.316880,
		-0.201463, -0.436196, -0.877010,
		37.841305, 31.319027, 31.440681>
	pigment { color rgbt <0,1,1,0> }
	no_shadow
}
cylinder {
	<37.301006, 31.695429, 31.901503>,  <37.982330, 31.624365, 32.054588>, 0.130000
	pigment { color rgbt <1,0,0,0> }
	no_shadow
}

// nucleotide -1

// particle -1
sphere {
	<37.301006, 31.695429, 31.901503> 0.250000
	pigment { color rgbt <1,0,0,0> }
	no_shadow
}
cylinder {
	<37.408871, 31.371986, 31.692337>,  <37.473591, 31.177921, 31.566837>, 0.100000
	pigment { color rgbt <1,0,0,0> }
	no_shadow
}
cylinder {
	<37.408871, 31.371986, 31.692337>,  <37.301006, 31.695429, 31.901503>, 0.100000
	pigment { color rgbt <1,0,0,0> }
	no_shadow
}

// particle -1
sphere {
	<37.408871, 31.371986, 31.692337> 0.100000
	pigment { color rgbt <1,0,0,0> }
	no_shadow
}
sphere {
	0, 1
	scale<0.080000,0.200000,0.300000>
	matrix <-0.817160, -0.479441, 0.319976,
		-0.509441, 0.341020, -0.790047,
		0.269663, -0.808605, -0.522915,
		37.489769, 31.129404, 31.535463>
	pigment { color rgbt <0,1,1,0> }
	no_shadow
}
cylinder {
	<36.804234, 31.251417, 31.477758>,  <37.301006, 31.695429, 31.901503>, 0.130000
	pigment { color rgbt <1,0,0,0> }
	no_shadow
}

// nucleotide -1

// particle -1
sphere {
	<36.804234, 31.251417, 31.477758> 0.250000
	pigment { color rgbt <1,0,0,0> }
	no_shadow
}
cylinder {
	<37.076797, 31.013103, 31.647804>,  <37.240337, 30.870115, 31.749832>, 0.100000
	pigment { color rgbt <1,0,0,0> }
	no_shadow
}
cylinder {
	<37.076797, 31.013103, 31.647804>,  <36.804234, 31.251417, 31.477758>, 0.100000
	pigment { color rgbt <1,0,0,0> }
	no_shadow
}

// particle -1
sphere {
	<37.076797, 31.013103, 31.647804> 0.100000
	pigment { color rgbt <1,0,0,0> }
	no_shadow
}
sphere {
	0, 1
	scale<0.080000,0.200000,0.300000>
	matrix <-0.725260, -0.627723, 0.282775,
		0.098383, -0.501005, -0.859834,
		0.681409, -0.595783, 0.425116,
		37.281219, 30.834368, 31.775339>
	pigment { color rgbt <0,1,1,0> }
	no_shadow
}
cylinder {
	<36.055878, 31.335070, 31.293123>,  <36.804234, 31.251417, 31.477758>, 0.130000
	pigment { color rgbt <1,0,0,0> }
	no_shadow
}

// nucleotide -1

// particle -1
sphere {
	<36.055878, 31.335070, 31.293123> 0.250000
	pigment { color rgbt <1,0,0,0> }
	no_shadow
}
cylinder {
	<35.775524, 31.448582, 31.031364>,  <35.607311, 31.516689, 30.874310>, 0.100000
	pigment { color rgbt <1,0,0,0> }
	no_shadow
}
cylinder {
	<35.775524, 31.448582, 31.031364>,  <36.055878, 31.335070, 31.293123>, 0.100000
	pigment { color rgbt <1,0,0,0> }
	no_shadow
}

// particle -1
sphere {
	<35.775524, 31.448582, 31.031364> 0.100000
	pigment { color rgbt <1,0,0,0> }
	no_shadow
}
sphere {
	0, 1
	scale<0.080000,0.200000,0.300000>
	matrix <0.711002, 0.351182, -0.609219,
		0.056927, -0.892266, -0.447906,
		-0.700882, 0.283781, -0.654395,
		35.565258, 31.533716, 30.835047>
	pigment { color rgbt <0,1,1,0> }
	no_shadow
}
cylinder {
	<36.342102, 31.260675, 30.672174>,  <36.055878, 31.335070, 31.293123>, 0.130000
	pigment { color rgbt <1,0,0,0> }
	no_shadow
}

// nucleotide -1

// particle -1
sphere {
	<36.342102, 31.260675, 30.672174> 0.250000
	pigment { color rgbt <1,0,0,0> }
	no_shadow
}
cylinder {
	<36.085930, 31.567852, 30.667973>,  <35.932228, 31.752159, 30.665451>, 0.100000
	pigment { color rgbt <1,0,0,0> }
	no_shadow
}
cylinder {
	<36.085930, 31.567852, 30.667973>,  <36.342102, 31.260675, 30.672174>, 0.100000
	pigment { color rgbt <1,0,0,0> }
	no_shadow
}

// particle -1
sphere {
	<36.085930, 31.567852, 30.667973> 0.100000
	pigment { color rgbt <1,0,0,0> }
	no_shadow
}
sphere {
	0, 1
	scale<0.080000,0.200000,0.300000>
	matrix <0.675565, 0.556781, -0.483329,
		-0.365319, -0.316637, -0.875376,
		-0.640432, 0.767943, -0.010506,
		35.893799, 31.798235, 30.664822>
	pigment { color rgbt <0,1,1,0> }
	no_shadow
}
cylinder {
	<36.743553, 31.806343, 30.335625>,  <36.342102, 31.260675, 30.672174>, 0.130000
	pigment { color rgbt <1,0,0,0> }
	no_shadow
}

// nucleotide -1

// particle -1
sphere {
	<36.743553, 31.806343, 30.335625> 0.250000
	pigment { color rgbt <1,0,0,0> }
	no_shadow
}
cylinder {
	<36.417641, 32.009571, 30.447334>,  <36.222092, 32.131508, 30.514360>, 0.100000
	pigment { color rgbt <1,0,0,0> }
	no_shadow
}
cylinder {
	<36.417641, 32.009571, 30.447334>,  <36.743553, 31.806343, 30.335625>, 0.100000
	pigment { color rgbt <1,0,0,0> }
	no_shadow
}

// particle -1
sphere {
	<36.417641, 32.009571, 30.447334> 0.100000
	pigment { color rgbt <1,0,0,0> }
	no_shadow
}
sphere {
	0, 1
	scale<0.080000,0.200000,0.300000>
	matrix <0.406721, 0.844187, -0.349181,
		-0.413168, -0.170920, -0.894471,
		-0.814783, 0.508070, 0.279274,
		36.173206, 32.161991, 30.531116>
	pigment { color rgbt <0,1,1,0> }
	no_shadow
}
cylinder {
	<36.052711, 31.451027, 29.980005>,  <36.743553, 31.806343, 30.335625>, 0.130000
	pigment { color rgbt <1,0,0,0> }
	no_shadow
}

// nucleotide -1

// particle -1
sphere {
	<36.052711, 31.451027, 29.980005> 0.250000
	pigment { color rgbt <1,0,0,0> }
	no_shadow
}
cylinder {
	<35.786221, 31.739353, 29.903515>,  <35.626328, 31.912350, 29.857620>, 0.100000
	pigment { color rgbt <1,0,0,0> }
	no_shadow
}
cylinder {
	<35.786221, 31.739353, 29.903515>,  <36.052711, 31.451027, 29.980005>, 0.100000
	pigment { color rgbt <1,0,0,0> }
	no_shadow
}

// particle -1
sphere {
	<35.786221, 31.739353, 29.903515> 0.100000
	pigment { color rgbt <1,0,0,0> }
	no_shadow
}
sphere {
	0, 1
	scale<0.080000,0.200000,0.300000>
	matrix <0.640473, 0.421694, -0.641848,
		-0.382015, -0.550091, -0.742607,
		-0.666227, 0.720815, -0.191225,
		35.586353, 31.955597, 29.846148>
	pigment { color rgbt <0,1,1,0> }
	no_shadow
}
cylinder {
	<35.954945, 31.607641, 29.224459>,  <36.052711, 31.451027, 29.980005>, 0.130000
	pigment { color rgbt <1,0,0,0> }
	no_shadow
}

// nucleotide -1

// particle -1
sphere {
	<35.954945, 31.607641, 29.224459> 0.250000
	pigment { color rgbt <1,0,0,0> }
	no_shadow
}
cylinder {
	<35.854702, 31.945152, 29.414295>,  <35.794556, 32.147659, 29.528196>, 0.100000
	pigment { color rgbt <1,0,0,0> }
	no_shadow
}
cylinder {
	<35.854702, 31.945152, 29.414295>,  <35.954945, 31.607641, 29.224459>, 0.100000
	pigment { color rgbt <1,0,0,0> }
	no_shadow
}

// particle -1
sphere {
	<35.854702, 31.945152, 29.414295> 0.100000
	pigment { color rgbt <1,0,0,0> }
	no_shadow
}
sphere {
	0, 1
	scale<0.080000,0.200000,0.300000>
	matrix <0.583231, 0.522875, -0.621646,
		-0.772682, 0.121006, -0.623154,
		-0.250608, 0.843777, 0.474590,
		35.779518, 32.198284, 29.556673>
	pigment { color rgbt <0,1,1,0> }
	no_shadow
}
cylinder {
	<35.690922, 32.186226, 28.698639>,  <35.954945, 31.607641, 29.224459>, 0.130000
	pigment { color rgbt <1,0,0,0> }
	no_shadow
}

// nucleotide -1

// particle -1
sphere {
	<35.690922, 32.186226, 28.698639> 0.250000
	pigment { color rgbt <1,0,0,0> }
	no_shadow
}
cylinder {
	<35.864410, 32.305096, 29.038891>,  <35.968506, 32.376419, 29.243042>, 0.100000
	pigment { color rgbt <1,0,0,0> }
	no_shadow
}
cylinder {
	<35.864410, 32.305096, 29.038891>,  <35.690922, 32.186226, 28.698639>, 0.100000
	pigment { color rgbt <1,0,0,0> }
	no_shadow
}

// particle -1
sphere {
	<35.864410, 32.305096, 29.038891> 0.100000
	pigment { color rgbt <1,0,0,0> }
	no_shadow
}
sphere {
	0, 1
	scale<0.080000,0.200000,0.300000>
	matrix <0.558097, 0.652554, -0.512544,
		-0.707398, 0.697036, 0.117175,
		0.433724, 0.297177, 0.850628,
		35.994526, 32.394249, 29.294079>
	pigment { color rgbt <0,1,1,0> }
	no_shadow
}
cylinder {
	<35.730541, 32.973103, 28.683632>,  <35.690922, 32.186226, 28.698639>, 0.130000
	pigment { color rgbt <1,0,0,0> }
	no_shadow
}

// nucleotide -1

// particle -1
sphere {
	<35.730541, 32.973103, 28.683632> 0.250000
	pigment { color rgbt <1,0,0,0> }
	no_shadow
}
cylinder {
	<36.005894, 32.835743, 28.939198>,  <36.171104, 32.753326, 29.092537>, 0.100000
	pigment { color rgbt <1,0,0,0> }
	no_shadow
}
cylinder {
	<36.005894, 32.835743, 28.939198>,  <35.730541, 32.973103, 28.683632>, 0.100000
	pigment { color rgbt <1,0,0,0> }
	no_shadow
}

// particle -1
sphere {
	<36.005894, 32.835743, 28.939198> 0.100000
	pigment { color rgbt <1,0,0,0> }
	no_shadow
}
sphere {
	0, 1
	scale<0.080000,0.200000,0.300000>
	matrix <0.630154, 0.719348, -0.292307,
		-0.359222, 0.603832, 0.711581,
		0.688379, -0.343403, 0.638913,
		36.212406, 32.732723, 29.130871>
	pigment { color rgbt <0,1,1,0> }
	no_shadow
}
cylinder {
	<35.876366, 33.521137, 29.209703>,  <35.730541, 32.973103, 28.683632>, 0.130000
	pigment { color rgbt <1,0,0,0> }
	no_shadow
}

// nucleotide -1

// particle -1
sphere {
	<35.876366, 33.521137, 29.209703> 0.250000
	pigment { color rgbt <1,0,0,0> }
	no_shadow
}
cylinder {
	<36.172966, 33.256119, 29.167358>,  <36.350925, 33.097107, 29.141951>, 0.100000
	pigment { color rgbt <1,0,0,0> }
	no_shadow
}
cylinder {
	<36.172966, 33.256119, 29.167358>,  <35.876366, 33.521137, 29.209703>, 0.100000
	pigment { color rgbt <1,0,0,0> }
	no_shadow
}

// particle -1
sphere {
	<36.172966, 33.256119, 29.167358> 0.100000
	pigment { color rgbt <1,0,0,0> }
	no_shadow
}
sphere {
	0, 1
	scale<0.080000,0.200000,0.300000>
	matrix <0.643640, 0.746968, -0.166631,
		0.189477, 0.055420, 0.980320,
		0.741503, -0.662546, -0.105863,
		36.395416, 33.057354, 29.135599>
	pigment { color rgbt <0,1,1,0> }
	no_shadow
}
cylinder {
	<36.415707, 33.807083, 29.610533>,  <35.876366, 33.521137, 29.209703>, 0.130000
	pigment { color rgbt <1,0,0,0> }
	no_shadow
}

// nucleotide -1

// particle -1
sphere {
	<36.415707, 33.807083, 29.610533> 0.250000
	pigment { color rgbt <1,0,0,0> }
	no_shadow
}
cylinder {
	<36.573082, 33.554523, 29.343239>,  <36.667507, 33.402988, 29.182861>, 0.100000
	pigment { color rgbt <1,0,0,0> }
	no_shadow
}
cylinder {
	<36.573082, 33.554523, 29.343239>,  <36.415707, 33.807083, 29.610533>, 0.100000
	pigment { color rgbt <1,0,0,0> }
	no_shadow
}

// particle -1
sphere {
	<36.573082, 33.554523, 29.343239> 0.100000
	pigment { color rgbt <1,0,0,0> }
	no_shadow
}
sphere {
	0, 1
	scale<0.080000,0.200000,0.300000>
	matrix <0.657668, 0.701194, -0.275319,
		0.642399, -0.331155, 0.691130,
		0.393442, -0.631398, -0.668236,
		36.691116, 33.365105, 29.142769>
	pigment { color rgbt <0,1,1,0> }
	no_shadow
}
cylinder {
	<37.120621, 33.963142, 29.720188>,  <36.415707, 33.807083, 29.610533>, 0.130000
	pigment { color rgbt <1,0,0,0> }
	no_shadow
}

// nucleotide -1

// particle -1
sphere {
	<37.120621, 33.963142, 29.720188> 0.250000
	pigment { color rgbt <1,0,0,0> }
	no_shadow
}
cylinder {
	<37.090508, 33.744900, 29.386326>,  <37.072441, 33.613956, 29.186008>, 0.100000
	pigment { color rgbt <1,0,0,0> }
	no_shadow
}
cylinder {
	<37.090508, 33.744900, 29.386326>,  <37.120621, 33.963142, 29.720188>, 0.100000
	pigment { color rgbt <1,0,0,0> }
	no_shadow
}

// particle -1
sphere {
	<37.090508, 33.744900, 29.386326> 0.100000
	pigment { color rgbt <1,0,0,0> }
	no_shadow
}
sphere {
	0, 1
	scale<0.080000,0.200000,0.300000>
	matrix <0.777811, 0.491643, -0.391533,
		0.623974, -0.678677, 0.387367,
		-0.075278, -0.545605, -0.834655,
		37.067924, 33.581219, 29.135929>
	pigment { color rgbt <0,1,1,0> }
	no_shadow
}
cylinder {
	<37.791206, 33.597584, 29.514778>,  <37.120621, 33.963142, 29.720188>, 0.130000
	pigment { color rgbt <1,0,0,0> }
	no_shadow
}

// nucleotide -1

// particle -1
sphere {
	<37.791206, 33.597584, 29.514778> 0.250000
	pigment { color rgbt <1,0,0,0> }
	no_shadow
}
cylinder {
	<37.602180, 33.604610, 29.162331>,  <37.488766, 33.608826, 28.950861>, 0.100000
	pigment { color rgbt <1,0,0,0> }
	no_shadow
}
cylinder {
	<37.602180, 33.604610, 29.162331>,  <37.791206, 33.597584, 29.514778>, 0.100000
	pigment { color rgbt <1,0,0,0> }
	no_shadow
}

// particle -1
sphere {
	<37.602180, 33.604610, 29.162331> 0.100000
	pigment { color rgbt <1,0,0,0> }
	no_shadow
}
sphere {
	0, 1
	scale<0.080000,0.200000,0.300000>
	matrix <0.800380, 0.427039, -0.420748,
		0.368881, -0.904063, -0.215864,
		-0.472565, 0.017567, -0.881121,
		37.460411, 33.609882, 28.897995>
	pigment { color rgbt <0,1,1,0> }
	no_shadow
}
cylinder {
	<38.178867, 33.284359, 29.016535>,  <37.791206, 33.597584, 29.514778>, 0.130000
	pigment { color rgbt <1,0,0,0> }
	no_shadow
}

// nucleotide -1

// particle -1
sphere {
	<38.178867, 33.284359, 29.016535> 0.250000
	pigment { color rgbt <1,0,0,0> }
	no_shadow
}
cylinder {
	<37.920238, 33.494320, 28.795116>,  <37.765060, 33.620296, 28.662266>, 0.100000
	pigment { color rgbt <1,0,0,0> }
	no_shadow
}
cylinder {
	<37.920238, 33.494320, 28.795116>,  <38.178867, 33.284359, 29.016535>, 0.100000
	pigment { color rgbt <1,0,0,0> }
	no_shadow
}

// particle -1
sphere {
	<37.920238, 33.494320, 28.795116> 0.100000
	pigment { color rgbt <1,0,0,0> }
	no_shadow
}
sphere {
	0, 1
	scale<0.080000,0.200000,0.300000>
	matrix <0.759528, 0.375321, -0.531273,
		-0.071109, -0.763944, -0.641353,
		-0.646576, 0.524903, -0.553548,
		37.726265, 33.651791, 28.629051>
	pigment { color rgbt <0,1,1,0> }
	no_shadow
}
cylinder {
	<38.494534, 33.227745, 28.368191>,  <38.178867, 33.284359, 29.016535>, 0.130000
	pigment { color rgbt <1,0,0,0> }
	no_shadow
}

// nucleotide -1

// particle -1
sphere {
	<38.494534, 33.227745, 28.368191> 0.250000
	pigment { color rgbt <1,0,0,0> }
	no_shadow
}
cylinder {
	<38.254002, 33.547260, 28.375599>,  <38.109684, 33.738968, 28.380045>, 0.100000
	pigment { color rgbt <1,0,0,0> }
	no_shadow
}
cylinder {
	<38.254002, 33.547260, 28.375599>,  <38.494534, 33.227745, 28.368191>, 0.100000
	pigment { color rgbt <1,0,0,0> }
	no_shadow
}

// particle -1
sphere {
	<38.254002, 33.547260, 28.375599> 0.100000
	pigment { color rgbt <1,0,0,0> }
	no_shadow
}
sphere {
	0, 1
	scale<0.080000,0.200000,0.300000>
	matrix <0.620110, 0.481184, -0.619616,
