// switches for output
#declare DRAW_BASES = 1; // possible values are 0, 1; only relevant for DNA ribbons
#declare DRAW_BASES_TYPE = 3; // possible values are 1, 2, 3; only relevant for DNA ribbons
#declare DRAW_FOG = 0; // set to 1 to enable fog

#include "colors.inc"

#include "transforms.inc"
background { rgb <1, 1, 1>}

#default {
   normal{
       ripples 0.25
       frequency 0.20
       turbulence 0.2
       lambda 5
   }
	finish {
		phong 0.1
		phong_size 40.
	}
}

// original window dimensions: 1024x640


// camera settings

camera {
	sky <-0, 1, 0>
	up <-0, 1, 0>
	right 1.6 * <0.581683, 0, 0.813415>
	location <-54.4937, 30, 90.4225>
	look_at <30, 30, 30>
	direction <84.4937, 0, -60.4225>
	angle 67.0682
}


# declare cpy_camera_pos = <-54.4937, 30, 90.4225>;
# if (DRAW_FOG = 1)
fog {
	fog_type 2
	up vnormalize(cpy_camera_pos)
	color rgbt<1,1,1,0.3>
	distance 1e-5
	fog_alt 3e-3
	fog_offset 48
}
# end


// LIGHTS

# declare lum = 6;
global_settings {
	ambient_light rgb lum * <0.05, 0.05, 0.05>
	max_trace_level 15
}# declare cpy_direct_light_amount = 0.25;
light_source
{	1000 * <0.231732, -1, 1.3951>,
	rgb lum * cpy_direct_light_amount
	parallel
}

light_source
{	1000 * <-0.231732, 1, -1.3951>,
	rgb lum * cpy_direct_light_amount
	parallel
}

// strand 0

// nucleotide -1

// particle -1
sphere {
	<44.085178, 32.708759, 23.415461> 0.250000
	pigment { color rgbt <1,0,0,0> }
	no_shadow
}
cylinder {
	<43.844128, 32.408279, 23.307732>,  <43.699497, 32.227989, 23.243093>, 0.100000
	pigment { color rgbt <1,0,0,0> }
	no_shadow
}
cylinder {
	<43.844128, 32.408279, 23.307732>,  <44.085178, 32.708759, 23.415461>, 0.100000
	pigment { color rgbt <1,0,0,0> }
	no_shadow
}

// particle -1
sphere {
	<43.844128, 32.408279, 23.307732> 0.100000
	pigment { color rgbt <1,0,0,0> }
	no_shadow
}
sphere {
	0, 1
	scale<0.080000,0.200000,0.300000>
	matrix <-0.741666, 0.402631, 0.536489,
		-0.294575, 0.523049, -0.799778,
		-0.602625, -0.751204, -0.269323,
		43.663342, 32.182919, 23.226934>
	pigment { color rgbt <0,1,1,0> }
	no_shadow
}
cylinder {
	<43.490574, 32.884212, 23.199289>,  <44.085178, 32.708759, 23.415461>, 0.130000
	pigment { color rgbt <1,0,0,0> }
	no_shadow
}

// nucleotide -1

// particle -1
sphere {
	<43.490574, 32.884212, 23.199289> 0.250000
	pigment { color rgbt <1,0,0,0> }
	no_shadow
}
cylinder {
	<43.421612, 32.517174, 23.342556>,  <43.380234, 32.296951, 23.428516>, 0.100000
	pigment { color rgbt <1,0,0,0> }
	no_shadow
}
cylinder {
	<43.421612, 32.517174, 23.342556>,  <43.490574, 32.884212, 23.199289>, 0.100000
	pigment { color rgbt <1,0,0,0> }
	no_shadow
}

// particle -1
sphere {
	<43.421612, 32.517174, 23.342556> 0.100000
	pigment { color rgbt <1,0,0,0> }
	no_shadow
}
sphere {
	0, 1
	scale<0.080000,0.200000,0.300000>
	matrix <-0.656555, 0.378114, 0.652661,
		-0.734310, -0.122633, -0.667645,
		-0.172408, -0.917601, 0.358168,
		43.369888, 32.241894, 23.450006>
	pigment { color rgbt <0,1,1,0> }
	no_shadow
}
cylinder {
	<42.888870, 33.117046, 23.537630>,  <43.490574, 32.884212, 23.199289>, 0.130000
	pigment { color rgbt <1,0,0,0> }
	no_shadow
}

// nucleotide -1

// particle -1
sphere {
	<42.888870, 33.117046, 23.537630> 0.250000
	pigment { color rgbt <1,0,0,0> }
	no_shadow
}
cylinder {
	<42.978683, 32.747406, 23.661320>,  <43.032574, 32.525623, 23.735533>, 0.100000
	pigment { color rgbt <1,0,0,0> }
	no_shadow
}
cylinder {
	<42.978683, 32.747406, 23.661320>,  <42.888870, 33.117046, 23.537630>, 0.100000
	pigment { color rgbt <1,0,0,0> }
	no_shadow
}

// particle -1
sphere {
	<42.978683, 32.747406, 23.661320> 0.100000
	pigment { color rgbt <1,0,0,0> }
	no_shadow
}
sphere {
	0, 1
	scale<0.080000,0.200000,0.300000>
	matrix <-0.702543, 0.066391, 0.708537,
		-0.675290, -0.376334, -0.634315,
		0.224534, -0.924102, 0.309224,
		43.046043, 32.470177, 23.754087>
	pigment { color rgbt <0,1,1,0> }
	no_shadow
}
cylinder {
	<42.316994, 32.528614, 23.421213>,  <42.888870, 33.117046, 23.537630>, 0.130000
	pigment { color rgbt <1,0,0,0> }
	no_shadow
}

// nucleotide -1

// particle -1
sphere {
	<42.316994, 32.528614, 23.421213> 0.250000
	pigment { color rgbt <1,0,0,0> }
	no_shadow
}
cylinder {
	<42.566334, 32.482670, 23.730598>,  <42.715939, 32.455101, 23.916229>, 0.100000
	pigment { color rgbt <1,0,0,0> }
	no_shadow
}
cylinder {
	<42.566334, 32.482670, 23.730598>,  <42.316994, 32.528614, 23.421213>, 0.100000
	pigment { color rgbt <1,0,0,0> }
	no_shadow
}

// particle -1
sphere {
	<42.566334, 32.482670, 23.730598> 0.100000
	pigment { color rgbt <1,0,0,0> }
	no_shadow
}
sphere {
	0, 1
	scale<0.080000,0.200000,0.300000>
	matrix <-0.770795, 0.076191, 0.632510,
		-0.131585, -0.990455, -0.041045,
		0.623346, -0.114866, 0.773464,
		42.753338, 32.448212, 23.962637>
	pigment { color rgbt <0,1,1,0> }
	no_shadow
}
cylinder {
	<41.783306, 32.104168, 23.233711>,  <42.316994, 32.528614, 23.421213>, 0.130000
	pigment { color rgbt <1,0,0,0> }
	no_shadow
}

// nucleotide -1

// particle -1
sphere {
	<41.783306, 32.104168, 23.233711> 0.250000
	pigment { color rgbt <1,0,0,0> }
	no_shadow
}
cylinder {
	<42.161579, 31.975903, 23.255108>,  <42.388542, 31.898943, 23.267946>, 0.100000
	pigment { color rgbt <1,0,0,0> }
	no_shadow
}
cylinder {
	<42.161579, 31.975903, 23.255108>,  <41.783306, 32.104168, 23.233711>, 0.100000
	pigment { color rgbt <1,0,0,0> }
	no_shadow
}

// particle -1
sphere {
	<42.161579, 31.975903, 23.255108> 0.100000
	pigment { color rgbt <1,0,0,0> }
	no_shadow
}
sphere {
	0, 1
	scale<0.080000,0.200000,0.300000>
	matrix <-0.095476, -0.116668, 0.988571,
		-0.310762, -0.939979, -0.140947,
		0.945680, -0.320667, 0.053490,
		42.445282, 31.879702, 23.271154>
	pigment { color rgbt <0,1,1,0> }
	no_shadow
}
cylinder {
	<41.898853, 31.581947, 22.705839>,  <41.783306, 32.104168, 23.233711>, 0.130000
	pigment { color rgbt <1,0,0,0> }
	no_shadow
}

// nucleotide -1

// particle -1
sphere {
	<41.898853, 31.581947, 22.705839> 0.250000
	pigment { color rgbt <1,0,0,0> }
	no_shadow
}
cylinder {
	<41.544289, 31.631329, 22.527390>,  <41.331551, 31.660957, 22.420321>, 0.100000
	pigment { color rgbt <1,0,0,0> }
	no_shadow
}
cylinder {
	<41.544289, 31.631329, 22.527390>,  <41.898853, 31.581947, 22.705839>, 0.100000
	pigment { color rgbt <1,0,0,0> }
	no_shadow
}

// particle -1
sphere {
	<41.544289, 31.631329, 22.527390> 0.100000
	pigment { color rgbt <1,0,0,0> }
	no_shadow
}
sphere {
	0, 1
	scale<0.080000,0.200000,0.300000>
	matrix <-0.003526, -0.965551, -0.260189,
		-0.462875, -0.229063, 0.856316,
		-0.886416, 0.123455, -0.446122,
		41.278362, 31.668365, 22.393553>
	pigment { color rgbt <0,1,1,0> }
	no_shadow
}
cylinder {
	<41.619080, 31.007812, 22.851284>,  <41.898853, 31.581947, 22.705839>, 0.130000
	pigment { color rgbt <1,0,0,0> }
	no_shadow
}

// nucleotide -1

// particle -1
sphere {
	<41.619080, 31.007812, 22.851284> 0.250000
	pigment { color rgbt <1,0,0,0> }
	no_shadow
}
cylinder {
	<41.404285, 31.132092, 22.537567>,  <41.275410, 31.206659, 22.349337>, 0.100000
	pigment { color rgbt <1,0,0,0> }
	no_shadow
}
cylinder {
	<41.404285, 31.132092, 22.537567>,  <41.619080, 31.007812, 22.851284>, 0.100000
	pigment { color rgbt <1,0,0,0> }
	no_shadow
}

// particle -1
sphere {
	<41.404285, 31.132092, 22.537567> 0.100000
	pigment { color rgbt <1,0,0,0> }
	no_shadow
}
sphere {
	0, 1
	scale<0.080000,0.200000,0.300000>
	matrix <-0.078319, -0.944051, -0.320365,
		-0.839950, -0.110605, 0.531272,
		-0.536982, 0.310700, -0.784293,
		41.243191, 31.225302, 22.302279>
	pigment { color rgbt <0,1,1,0> }
	no_shadow
}
cylinder {
	<41.056797, 30.510479, 22.788536>,  <41.619080, 31.007812, 22.851284>, 0.130000
	pigment { color rgbt <1,0,0,0> }
	no_shadow
}

// nucleotide -1

// particle -1
sphere {
	<41.056797, 30.510479, 22.788536> 0.250000
	pigment { color rgbt <1,0,0,0> }
	no_shadow
}
cylinder {
	<41.091473, 30.685131, 22.430355>,  <41.112278, 30.789923, 22.215446>, 0.100000
	pigment { color rgbt <1,0,0,0> }
	no_shadow
}
cylinder {
	<41.091473, 30.685131, 22.430355>,  <41.056797, 30.510479, 22.788536>, 0.100000
	pigment { color rgbt <1,0,0,0> }
	no_shadow
}

// particle -1
sphere {
	<41.091473, 30.685131, 22.430355> 0.100000
	pigment { color rgbt <1,0,0,0> }
	no_shadow
}
sphere {
	0, 1
	scale<0.080000,0.200000,0.300000>
	matrix <-0.294407, -0.847466, -0.441732,
		-0.951740, 0.301922, 0.055080,
		0.086690, 0.436630, -0.895455,
		41.117481, 30.816120, 22.161718>
	pigment { color rgbt <0,1,1,0> }
	no_shadow
}
cylinder {
	<40.554367, 30.201778, 22.433973>,  <41.056797, 30.510479, 22.788536>, 0.130000
	pigment { color rgbt <1,0,0,0> }
	no_shadow
}

// nucleotide -1

// particle -1
sphere {
	<40.554367, 30.201778, 22.433973> 0.250000
	pigment { color rgbt <1,0,0,0> }
	no_shadow
}
cylinder {
	<40.773933, 30.375980, 22.148590>,  <40.905674, 30.480501, 21.977360>, 0.100000
	pigment { color rgbt <1,0,0,0> }
	no_shadow
}
cylinder {
	<40.773933, 30.375980, 22.148590>,  <40.554367, 30.201778, 22.433973>, 0.100000
	pigment { color rgbt <1,0,0,0> }
	no_shadow
}

// particle -1
sphere {
	<40.773933, 30.375980, 22.148590> 0.100000
	pigment { color rgbt <1,0,0,0> }
	no_shadow
}
sphere {
	0, 1
	scale<0.080000,0.200000,0.300000>
	matrix <-0.051540, -0.834288, -0.548915,
		-0.834288, 0.338079, -0.435507,
		0.548915, 0.435507, -0.713460,
		40.938606, 30.506632, 21.934551>
	pigment { color rgbt <0,1,1,0> }
	no_shadow
}
cylinder {
	<40.211281, 30.144236, 21.854027>,  <40.554367, 30.201778, 22.433973>, 0.130000
	pigment { color rgbt <1,0,0,0> }
	no_shadow
}

// nucleotide -1

// particle -1
sphere {
	<40.211281, 30.144236, 21.854027> 0.250000
	pigment { color rgbt <1,0,0,0> }
	no_shadow
}
cylinder {
	<40.589695, 30.196705, 21.735497>,  <40.816742, 30.228186, 21.664377>, 0.100000
	pigment { color rgbt <1,0,0,0> }
	no_shadow
}
cylinder {
	<40.589695, 30.196705, 21.735497>,  <40.211281, 30.144236, 21.854027>, 0.100000
	pigment { color rgbt <1,0,0,0> }
	no_shadow
}

// particle -1
sphere {
	<40.589695, 30.196705, 21.735497> 0.100000
	pigment { color rgbt <1,0,0,0> }
	no_shadow
}
sphere {
	0, 1
	scale<0.080000,0.200000,0.300000>
	matrix <-0.043200, -0.855208, -0.516482,
		-0.321169, 0.501411, -0.803391,
		0.946036, 0.131171, -0.296327,
		40.873505, 30.236055, 21.646599>
	pigment { color rgbt <0,1,1,0> }
	no_shadow
}
cylinder {
	<40.160614, 29.985926, 21.098043>,  <40.211281, 30.144236, 21.854027>, 0.130000
	pigment { color rgbt <1,0,0,0> }
	no_shadow
}

// nucleotide -1

// particle -1
sphere {
	<40.160614, 29.985926, 21.098043> 0.250000
	pigment { color rgbt <1,0,0,0> }
	no_shadow
}
cylinder {
	<40.540684, 29.941124, 21.214409>,  <40.768726, 29.914244, 21.284227>, 0.100000
	pigment { color rgbt <1,0,0,0> }
	no_shadow
}
cylinder {
	<40.540684, 29.941124, 21.214409>,  <40.160614, 29.985926, 21.098043>, 0.100000
	pigment { color rgbt <1,0,0,0> }
	no_shadow
}

// particle -1
sphere {
	<40.540684, 29.941124, 21.214409> 0.100000
	pigment { color rgbt <1,0,0,0> }
	no_shadow
}
sphere {
	0, 1
	scale<0.080000,0.200000,0.300000>
	matrix <0.003001, -0.929894, -0.367815,
		0.311713, 0.350360, -0.883223,
		0.950172, -0.112002, 0.290911,
		40.825737, 29.907524, 21.301682>
	pigment { color rgbt <0,1,1,0> }
	no_shadow
}
cylinder {
	<40.415211, 29.418999, 20.778278>,  <40.160614, 29.985926, 21.098043>, 0.130000
	pigment { color rgbt <1,0,0,0> }
	no_shadow
}

// nucleotide -1

// particle -1
sphere {
	<40.415211, 29.418999, 20.778278> 0.250000
	pigment { color rgbt <1,0,0,0> }
	no_shadow
}
cylinder {
	<40.702385, 29.438591, 21.056030>,  <40.874691, 29.450346, 21.222681>, 0.100000
	pigment { color rgbt <1,0,0,0> }
	no_shadow
}
cylinder {
	<40.702385, 29.438591, 21.056030>,  <40.415211, 29.418999, 20.778278>, 0.100000
	pigment { color rgbt <1,0,0,0> }
	no_shadow
}

// particle -1
sphere {
	<40.702385, 29.438591, 21.056030> 0.100000
	pigment { color rgbt <1,0,0,0> }
	no_shadow
}
sphere {
	0, 1
	scale<0.080000,0.200000,0.300000>
	matrix <0.214123, -0.964696, -0.153338,
		0.662357, 0.258770, -0.703080,
		0.717938, 0.048981, 0.694382,
		40.917767, 29.453285, 21.264345>
	pigment { color rgbt <0,1,1,0> }
	no_shadow
}
cylinder {
	<40.908524, 29.089272, 20.486912>,  <40.415211, 29.418999, 20.778278>, 0.130000
	pigment { color rgbt <1,0,0,0> }
	no_shadow
}

// nucleotide -1

// particle -1
sphere {
	<40.908524, 29.089272, 20.486912> 0.250000
	pigment { color rgbt <1,0,0,0> }
	no_shadow
}
cylinder {
	<40.985760, 29.075718, 20.879150>,  <41.032101, 29.067587, 21.114494>, 0.100000
	pigment { color rgbt <1,0,0,0> }
	no_shadow
}
cylinder {
	<40.985760, 29.075718, 20.879150>,  <40.908524, 29.089272, 20.486912>, 0.100000
	pigment { color rgbt <1,0,0,0> }
	no_shadow
}

// particle -1
sphere {
	<40.985760, 29.075718, 20.879150> 0.100000
	pigment { color rgbt <1,0,0,0> }
	no_shadow
}
sphere {
	0, 1
	scale<0.080000,0.200000,0.300000>
	matrix <0.194308, -0.978290, -0.072064,
		0.961749, 0.204452, -0.182314,
		0.193089, -0.033882, 0.980596,
		41.043686, 29.065554, 21.173328>
	pigment { color rgbt <0,1,1,0> }
	no_shadow
}
cylinder {
	<41.593071, 28.722126, 20.491514>,  <40.908524, 29.089272, 20.486912>, 0.130000
	pigment { color rgbt <1,0,0,0> }
	no_shadow
}

// nucleotide -1

// particle -1
sphere {
	<41.593071, 28.722126, 20.491514> 0.250000
	pigment { color rgbt <1,0,0,0> }
	no_shadow
}
cylinder {
	<41.406055, 28.670231, 20.841274>,  <41.293846, 28.639093, 21.051130>, 0.100000
	pigment { color rgbt <1,0,0,0> }
	no_shadow
}
cylinder {
	<41.406055, 28.670231, 20.841274>,  <41.593071, 28.722126, 20.491514>, 0.100000
	pigment { color rgbt <1,0,0,0> }
	no_shadow
}

// particle -1
sphere {
	<41.406055, 28.670231, 20.841274> 0.100000
	pigment { color rgbt <1,0,0,0> }
	no_shadow
}
sphere {
	0, 1
	scale<0.080000,0.200000,0.300000>
	matrix <0.134503, -0.988094, -0.074689,
		0.873680, 0.082690, 0.479422,
		-0.467538, -0.129738, 0.874401,
		41.265793, 28.631310, 21.103594>
	pigment { color rgbt <0,1,1,0> }
	no_shadow
}
cylinder {
	<42.042805, 28.157232, 20.809460>,  <41.593071, 28.722126, 20.491514>, 0.130000
	pigment { color rgbt <1,0,0,0> }
	no_shadow
}

// nucleotide -1

// particle -1
sphere {
	<42.042805, 28.157232, 20.809460> 0.250000
	pigment { color rgbt <1,0,0,0> }
	no_shadow
}
cylinder {
	<41.708229, 28.190857, 21.026089>,  <41.507484, 28.211031, 21.156067>, 0.100000
	pigment { color rgbt <1,0,0,0> }
	no_shadow
}
cylinder {
	<41.708229, 28.190857, 21.026089>,  <42.042805, 28.157232, 20.809460>, 0.100000
	pigment { color rgbt <1,0,0,0> }
	no_shadow
}

// particle -1
sphere {
	<41.708229, 28.190857, 21.026089> 0.100000
	pigment { color rgbt <1,0,0,0> }
	no_shadow
}
sphere {
	0, 1
	scale<0.080000,0.200000,0.300000>
	matrix <-0.099505, -0.995037, 0.000762,
		0.538949, -0.053252, 0.840653,
		-0.836440, 0.084059, 0.541573,
		41.457298, 28.216074, 21.188560>
	pigment { color rgbt <0,1,1,0> }
	no_shadow
}
cylinder {
	<42.072979, 27.657085, 21.321793>,  <42.042805, 28.157232, 20.809460>, 0.130000
	pigment { color rgbt <1,0,0,0> }
	no_shadow
}

// nucleotide -1

// particle -1
sphere {
	<42.072979, 27.657085, 21.321793> 0.250000
	pigment { color rgbt <1,0,0,0> }
	no_shadow
}
cylinder {
	<41.678463, 27.717861, 21.296055>,  <41.441753, 27.754328, 21.280611>, 0.100000
	pigment { color rgbt <1,0,0,0> }
	no_shadow
}
cylinder {
	<41.678463, 27.717861, 21.296055>,  <42.072979, 27.657085, 21.321793>, 0.100000
	pigment { color rgbt <1,0,0,0> }
	no_shadow
}

// particle -1
sphere {
	<41.678463, 27.717861, 21.296055> 0.100000
	pigment { color rgbt <1,0,0,0> }
	no_shadow
}
sphere {
	0, 1
	scale<0.080000,0.200000,0.300000>
	matrix <-0.156795, -0.984495, 0.078641,
		-0.051400, 0.087653, 0.994824,
		-0.986293, 0.151942, -0.064346,
		41.382576, 27.763443, 21.276751>
	pigment { color rgbt <0,1,1,0> }
	no_shadow
}
cylinder {
	<41.700283, 27.340773, 21.887794>,  <42.072979, 27.657085, 21.321793>, 0.130000
	pigment { color rgbt <1,0,0,0> }
	no_shadow
}

// nucleotide -1

// particle -1
sphere {
	<41.700283, 27.340773, 21.887794> 0.250000
	pigment { color rgbt <1,0,0,0> }
	no_shadow
}
cylinder {
	<41.443604, 27.339294, 21.581017>,  <41.289597, 27.338408, 21.396950>, 0.100000
	pigment { color rgbt <1,0,0,0> }
	no_shadow
}
cylinder {
	<41.443604, 27.339294, 21.581017>,  <41.700283, 27.340773, 21.887794>, 0.100000
	pigment { color rgbt <1,0,0,0> }
	no_shadow
}

// particle -1
sphere {
	<41.443604, 27.339294, 21.581017> 0.100000
	pigment { color rgbt <1,0,0,0> }
	no_shadow
}
sphere {
	0, 1
	scale<0.080000,0.200000,0.300000>
	matrix <-0.169577, -0.974555, 0.146580,
		-0.747974, 0.224117, 0.624745,
		-0.641700, -0.003696, -0.766947,
		41.251095, 27.338186, 21.350933>
	pigment { color rgbt <0,1,1,0> }
	no_shadow
}
cylinder {
	<41.297646, 26.837652, 22.043177>,  <41.700283, 27.340773, 21.887794>, 0.130000
	pigment { color rgbt <1,0,0,0> }
	no_shadow
}

// nucleotide -1

// particle -1
sphere {
	<41.297646, 26.837652, 22.043177> 0.250000
	pigment { color rgbt <1,0,0,0> }
	no_shadow
}
cylinder {
	<41.174046, 26.917095, 21.671139>,  <41.099888, 26.964760, 21.447916>, 0.100000
	pigment { color rgbt <1,0,0,0> }
	no_shadow
}
cylinder {
	<41.174046, 26.917095, 21.671139>,  <41.297646, 26.837652, 22.043177>, 0.100000
	pigment { color rgbt <1,0,0,0> }
	no_shadow
}

// particle -1
sphere {
	<41.174046, 26.917095, 21.671139> 0.100000
	pigment { color rgbt <1,0,0,0> }
	no_shadow
}
sphere {
	0, 1
	scale<0.080000,0.200000,0.300000>
	matrix <-0.343617, -0.935206, -0.085540,
		-0.886819, 0.293165, 0.357219,
		-0.308996, 0.198606, -0.930095,
		41.081348, 26.976677, 21.392111>
	pigment { color rgbt <0,1,1,0> }
	no_shadow
}
cylinder {
	<40.532478, 26.614256, 22.021242>,  <41.297646, 26.837652, 22.043177>, 0.130000
	pigment { color rgbt <1,0,0,0> }
	no_shadow
}

// nucleotide -1

// particle -1
sphere {
	<40.532478, 26.614256, 22.021242> 0.250000
	pigment { color rgbt <1,0,0,0> }
	no_shadow
}
cylinder {
	<40.710911, 26.578430, 21.665043>,  <40.817970, 26.556934, 21.451323>, 0.100000
	pigment { color rgbt <1,0,0,0> }
	no_shadow
}
cylinder {
	<40.710911, 26.578430, 21.665043>,  <40.532478, 26.614256, 22.021242>, 0.100000
	pigment { color rgbt <1,0,0,0> }
	no_shadow
}

// particle -1
sphere {
	<40.710911, 26.578430, 21.665043> 0.100000
	pigment { color rgbt <1,0,0,0> }
	no_shadow
}
sphere {
	0, 1
	scale<0.080000,0.200000,0.300000>
	matrix <-0.305025, -0.950626, -0.057184,
		-0.841411, 0.297134, -0.451375,
		0.446080, -0.089565, -0.890500,
		40.844734, 26.551561, 21.397892>
	pigment { color rgbt <0,1,1,0> }
	no_shadow
}
cylinder {
	<40.102325, 26.125610, 21.713310>,  <40.532478, 26.614256, 22.021242>, 0.130000
	pigment { color rgbt <1,0,0,0> }
	no_shadow
}

// nucleotide -1

// particle -1
sphere {
	<40.102325, 26.125610, 21.713310> 0.250000
	pigment { color rgbt <1,0,0,0> }
	no_shadow
}
cylinder {
	<40.428585, 26.124306, 21.481895>,  <40.624340, 26.123522, 21.343046>, 0.100000
	pigment { color rgbt <1,0,0,0> }
	no_shadow
}
cylinder {
	<40.428585, 26.124306, 21.481895>,  <40.102325, 26.125610, 21.713310>, 0.100000
	pigment { color rgbt <1,0,0,0> }
	no_shadow
}

// particle -1
sphere {
	<40.428585, 26.124306, 21.481895> 0.100000
	pigment { color rgbt <1,0,0,0> }
	no_shadow
}
sphere {
	0, 1
	scale<0.080000,0.200000,0.300000>
	matrix <-0.062408, -0.994645, -0.082375,
		-0.575171, 0.103295, -0.811485,
		0.815649, -0.003264, -0.578538,
		40.673279, 26.123327, 21.308334>
	pigment { color rgbt <0,1,1,0> }
	no_shadow
}
cylinder {
	<39.993755, 25.612383, 21.066624>,  <40.102325, 26.125610, 21.713310>, 0.130000
	pigment { color rgbt <1,0,0,0> }
	no_shadow
}

// nucleotide -1

// particle -1
sphere {
	<39.993755, 25.612383, 21.066624> 0.250000
	pigment { color rgbt <1,0,0,0> }
	no_shadow
}
cylinder {
	<40.385208, 25.669151, 21.126141>,  <40.620079, 25.703213, 21.161850>, 0.100000
	pigment { color rgbt <1,0,0,0> }
	no_shadow
}
cylinder {
	<40.385208, 25.669151, 21.126141>,  <39.993755, 25.612383, 21.066624>, 0.100000
	pigment { color rgbt <1,0,0,0> }
	no_shadow
}

// particle -1
sphere {
	<40.385208, 25.669151, 21.126141> 0.100000
	pigment { color rgbt <1,0,0,0> }
	no_shadow
}
sphere {
	0, 1
	scale<0.080000,0.200000,0.300000>
	matrix <0.156422, -0.983516, -0.090713,
		0.133465, 0.112049, -0.984699,
		0.978631, 0.141921, 0.148792,
		40.678799, 25.711727, 21.170778>
	pigment { color rgbt <0,1,1,0> }
	no_shadow
}
cylinder {
	<40.301125, 25.089254, 20.609442>,  <39.993755, 25.612383, 21.066624>, 0.130000
	pigment { color rgbt <1,0,0,0> }
	no_shadow
}

// nucleotide -1

// particle -1
sphere {
	<40.301125, 25.089254, 20.609442> 0.250000
	pigment { color rgbt <1,0,0,0> }
	no_shadow
}
cylinder {
	<40.613194, 25.186924, 20.839817>,  <40.800434, 25.245525, 20.978043>, 0.100000
	pigment { color rgbt <1,0,0,0> }
	no_shadow
}
cylinder {
	<40.613194, 25.186924, 20.839817>,  <40.301125, 25.089254, 20.609442>, 0.100000
	pigment { color rgbt <1,0,0,0> }
	no_shadow
}

// particle -1
sphere {
	<40.613194, 25.186924, 20.839817> 0.100000
	pigment { color rgbt <1,0,0,0> }
	no_shadow
}
sphere {
	0, 1
	scale<0.080000,0.200000,0.300000>
	matrix <0.390881, -0.909095, -0.144075,
		0.488403, 0.337527, -0.804698,
		0.780176, 0.244174, 0.575938,
		40.847248, 25.260176, 21.012598>
	pigment { color rgbt <0,1,1,0> }
	no_shadow
}
cylinder {
	<40.752380, 24.677639, 20.268442>,  <40.301125, 25.089254, 20.609442>, 0.130000
	pigment { color rgbt <1,0,0,0> }
	no_shadow
}

// nucleotide -1

// particle -1
sphere {
	<40.752380, 24.677639, 20.268442> 0.250000
	pigment { color rgbt <1,0,0,0> }
	no_shadow
}
cylinder {
	<40.909412, 24.773434, 20.623638>,  <41.003632, 24.830912, 20.836756>, 0.100000
	pigment { color rgbt <1,0,0,0> }
	no_shadow
}
cylinder {
	<40.909412, 24.773434, 20.623638>,  <40.752380, 24.677639, 20.268442>, 0.100000
	pigment { color rgbt <1,0,0,0> }
	no_shadow
}

// particle -1
sphere {
	<40.909412, 24.773434, 20.623638> 0.100000
	pigment { color rgbt <1,0,0,0> }
	no_shadow
}
sphere {
	0, 1
	scale<0.080000,0.200000,0.300000>
	matrix <0.269799, -0.953013, 0.137748,
		0.879256, 0.185503, -0.438745,
		0.392577, 0.239489, 0.887991,
		41.027187, 24.845280, 20.890036>
	pigment { color rgbt <0,1,1,0> }
	no_shadow
}
cylinder {
	<41.488304, 24.518436, 20.295170>,  <40.752380, 24.677639, 20.268442>, 0.130000
	pigment { color rgbt <1,0,0,0> }
	no_shadow
}

// nucleotide -1

// particle -1
sphere {
	<41.488304, 24.518436, 20.295170> 0.250000
	pigment { color rgbt <1,0,0,0> }
	no_shadow
}
cylinder {
	<41.363220, 24.518986, 20.675110>,  <41.288170, 24.519316, 20.903074>, 0.100000
	pigment { color rgbt <1,0,0,0> }
	no_shadow
}
cylinder {
	<41.363220, 24.518986, 20.675110>,  <41.488304, 24.518436, 20.295170>, 0.100000
	pigment { color rgbt <1,0,0,0> }
	no_shadow
}

// particle -1
sphere {
	<41.363220, 24.518986, 20.675110> 0.100000
	pigment { color rgbt <1,0,0,0> }
	no_shadow
}
sphere {
	0, 1
	scale<0.080000,0.200000,0.300000>
	matrix <0.326424, -0.938938, 0.108823,
		0.891999, 0.344083, 0.293164,
		-0.312707, 0.001375, 0.949848,
		41.269409, 24.519398, 20.960064>
	pigment { color rgbt <0,1,1,0> }
	no_shadow
}
cylinder {
	<42.074677, 24.226767, 20.699659>,  <41.488304, 24.518436, 20.295170>, 0.130000
	pigment { color rgbt <1,0,0,0> }
	no_shadow
}

// nucleotide -1

// particle -1
sphere {
	<42.074677, 24.226767, 20.699659> 0.250000
	pigment { color rgbt <1,0,0,0> }
	no_shadow
}
cylinder {
	<41.728798, 24.199600, 20.898731>,  <41.521271, 24.183300, 21.018175>, 0.100000
	pigment { color rgbt <1,0,0,0> }
	no_shadow
}
cylinder {
	<41.728798, 24.199600, 20.898731>,  <42.074677, 24.226767, 20.699659>, 0.100000
	pigment { color rgbt <1,0,0,0> }
	no_shadow
}

// particle -1
sphere {
	<41.728798, 24.199600, 20.898731> 0.100000
	pigment { color rgbt <1,0,0,0> }
	no_shadow
}
sphere {
	0, 1
	scale<0.080000,0.200000,0.300000>
	matrix <0.312435, -0.848539, 0.427044,
		0.393299, 0.524756, 0.754948,
		-0.864697, -0.067916, 0.497682,
		41.469387, 24.179226, 21.048037>
	pigment { color rgbt <0,1,1,0> }
	no_shadow
}
cylinder {
	<42.326527, 24.025551, 21.213594>,  <42.074677, 24.226767, 20.699659>, 0.130000
	pigment { color rgbt <1,0,0,0> }
	no_shadow
}

// nucleotide -1

// particle -1
sphere {
	<42.326527, 24.025551, 21.213594> 0.250000
	pigment { color rgbt <1,0,0,0> }
	no_shadow
}
cylinder {
	<41.942127, 23.916435, 21.231758>,  <41.711487, 23.850965, 21.242657>, 0.100000
	pigment { color rgbt <1,0,0,0> }
	no_shadow
}
cylinder {
	<41.942127, 23.916435, 21.231758>,  <42.326527, 24.025551, 21.213594>, 0.100000
	pigment { color rgbt <1,0,0,0> }
	no_shadow
}

// particle -1
sphere {
	<41.942127, 23.916435, 21.231758> 0.100000
	pigment { color rgbt <1,0,0,0> }
	no_shadow
}
sphere {
	0, 1
	scale<0.080000,0.200000,0.300000>
	matrix <0.260377, -0.837230, 0.480885,
		-0.093163, 0.473954, 0.875607,
		-0.961002, -0.272788, 0.045408,
		41.653828, 23.834599, 21.245380>
	pigment { color rgbt <0,1,1,0> }
	no_shadow
}
cylinder {
	<42.042515, 23.869720, 21.899189>,  <42.326527, 24.025551, 21.213594>, 0.130000
	pigment { color rgbt <1,0,0,0> }
	no_shadow
}

// nucleotide -1

// particle -1
sphere {
	<42.042515, 23.869720, 21.899189> 0.250000
	pigment { color rgbt <1,0,0,0> }
	no_shadow
}
cylinder {
	<41.812412, 23.658703, 21.649139>,  <41.674351, 23.532093, 21.499111>, 0.100000
	pigment { color rgbt <1,0,0,0> }
	no_shadow
}
cylinder {
	<41.812412, 23.658703, 21.649139>,  <42.042515, 23.869720, 21.899189>, 0.100000
	pigment { color rgbt <1,0,0,0> }
	no_shadow
}

// particle -1
sphere {
	<41.812412, 23.658703, 21.649139> 0.100000
	pigment { color rgbt <1,0,0,0> }
	no_shadow
}
sphere {
	0, 1
	scale<0.080000,0.200000,0.300000>
	matrix <0.245474, -0.840347, 0.483279,
		-0.780270, 0.124559, 0.612915,
		-0.575258, -0.527543, -0.625122,
		41.639835, 23.500441, 21.461603>
	pigment { color rgbt <0,1,1,0> }
	no_shadow
}
cylinder {
	<41.743839, 23.439407, 22.315306>,  <42.042515, 23.869720, 21.899189>, 0.130000
	pigment { color rgbt <1,0,0,0> }
	no_shadow
}

// nucleotide -1

// particle -1
sphere {
	<41.743839, 23.439407, 22.315306> 0.250000
	pigment { color rgbt <1,0,0,0> }
	no_shadow
}
cylinder {
	<41.770405, 23.254406, 21.961655>,  <41.786346, 23.143406, 21.749464>, 0.100000
	pigment { color rgbt <1,0,0,0> }
	no_shadow
}
cylinder {
	<41.770405, 23.254406, 21.961655>,  <41.743839, 23.439407, 22.315306>, 0.100000
	pigment { color rgbt <1,0,0,0> }
	no_shadow
}

// particle -1
sphere {
	<41.770405, 23.254406, 21.961655> 0.100000
	pigment { color rgbt <1,0,0,0> }
	no_shadow
}
sphere {
	0, 1
	scale<0.080000,0.200000,0.300000>
	matrix <0.347315, -0.819955, 0.455024,
		-0.935394, -0.337292, 0.106175,
		0.066417, -0.462503, -0.884127,
		41.790329, 23.115656, 21.696417>
	pigment { color rgbt <0,1,1,0> }
	no_shadow
}
cylinder {
	<41.317814, 22.852766, 22.330666>,  <41.743839, 23.439407, 22.315306>, 0.130000
	pigment { color rgbt <1,0,0,0> }
	no_shadow
}

// nucleotide -1

// particle -1
sphere {
	<41.317814, 22.852766, 22.330666> 0.250000
	pigment { color rgbt <1,0,0,0> }
	no_shadow
}
cylinder {
	<41.594967, 22.784271, 22.050495>,  <41.761257, 22.743174, 21.882393>, 0.100000
	pigment { color rgbt <1,0,0,0> }
	no_shadow
}
cylinder {
	<41.594967, 22.784271, 22.050495>,  <41.317814, 22.852766, 22.330666>, 0.100000
	pigment { color rgbt <1,0,0,0> }
	no_shadow
}

// particle -1
sphere {
	<41.594967, 22.784271, 22.050495> 0.100000
	pigment { color rgbt <1,0,0,0> }
	no_shadow
}
sphere {
	0, 1
	scale<0.080000,0.200000,0.300000>
	matrix <0.278637, -0.832347, 0.479123,
		-0.665043, -0.527138, -0.529002,
		0.692877, -0.171238, -0.700427,
		41.802830, 22.732901, 21.840366>
	pigment { color rgbt <0,1,1,0> }
	no_shadow
}
cylinder {
	<41.336857, 22.169777, 22.141773>,  <41.317814, 22.852766, 22.330666>, 0.130000
	pigment { color rgbt <1,0,0,0> }
	no_shadow
}

// nucleotide -1

// particle -1
sphere {
	<41.336857, 22.169777, 22.141773> 0.250000
	pigment { color rgbt <1,0,0,0> }
	no_shadow
}
cylinder {
	<41.696369, 22.337265, 22.089832>,  <41.912079, 22.437757, 22.058668>, 0.100000
	pigment { color rgbt <1,0,0,0> }
	no_shadow
}
cylinder {
	<41.696369, 22.337265, 22.089832>,  <41.336857, 22.169777, 22.141773>, 0.100000
	pigment { color rgbt <1,0,0,0> }
	no_shadow
}

// particle -1
sphere {
	<41.696369, 22.337265, 22.089832> 0.100000
	pigment { color rgbt <1,0,0,0> }
	no_shadow
}
sphere {
	0, 1
	scale<0.080000,0.200000,0.300000>
	matrix <0.437814, -0.842120, 0.314886,
		0.022498, -0.339866, -0.940205,
		0.898784, 0.418719, -0.129852,
		41.966003, 22.462881, 22.050877>
	pigment { color rgbt <0,1,1,0> }
	no_shadow
}
cylinder {
	<41.701359, 22.176250, 22.774059>,  <41.336857, 22.169777, 22.141773>, 0.130000
	pigment { color rgbt <1,0,0,0> }
	no_shadow
}

// nucleotide -1

// particle -1
sphere {
	<41.701359, 22.176250, 22.774059> 0.250000
	pigment { color rgbt <1,0,0,0> }
	no_shadow
}
cylinder {
	<41.705597, 22.564320, 22.870934>,  <41.708141, 22.797161, 22.929058>, 0.100000
	pigment { color rgbt <1,0,0,0> }
	no_shadow
}
cylinder {
	<41.705597, 22.564320, 22.870934>,  <41.701359, 22.176250, 22.774059>, 0.100000
	pigment { color rgbt <1,0,0,0> }
	no_shadow
}

// particle -1
sphere {
	<41.705597, 22.564320, 22.870934> 0.100000
	pigment { color rgbt <1,0,0,0> }
	no_shadow
}
sphere {
	0, 1
	scale<0.080000,0.200000,0.300000>
	matrix <-0.017343, -0.241985, 0.970125,
		0.999793, -0.014479, 0.014262,
		0.010595, 0.970172, 0.242186,
		41.708775, 22.855371, 22.943590>
	pigment { color rgbt <0,1,1,0> }
	no_shadow
}
cylinder {
	<41.517834, 22.734406, 23.406328>,  <41.701359, 22.176250, 22.774059>, 0.130000
	pigment { color rgbt <1,0,0,0> }
	no_shadow
}

// nucleotide -1

// particle -1
sphere {
	<41.517834, 22.734406, 23.406328> 0.250000
	pigment { color rgbt <1,0,0,0> }
	no_shadow
}
cylinder {
	<41.187332, 22.791569, 23.624275>,  <40.989033, 22.825867, 23.755043>, 0.100000
	pigment { color rgbt <1,0,0,0> }
	no_shadow
}
cylinder {
	<41.187332, 22.791569, 23.624275>,  <41.517834, 22.734406, 23.406328>, 0.100000
	pigment { color rgbt <1,0,0,0> }
	no_shadow
}

// particle -1
sphere {
	<41.187332, 22.791569, 23.624275> 0.100000
	pigment { color rgbt <1,0,0,0> }
	no_shadow
}
sphere {
	0, 1
	scale<0.080000,0.200000,0.300000>
	matrix <-0.392120, -0.840362, -0.374209,
		0.404409, -0.522846, 0.750390,
		-0.826253, 0.142909, 0.544869,
		40.939457, 22.834442, 23.787735>
	pigment { color rgbt <0,1,1,0> }
	no_shadow
}
cylinder {
	<41.187820, 23.386852, 23.518612>,  <41.517834, 22.734406, 23.406328>, 0.130000
	pigment { color rgbt <1,0,0,0> }
	no_shadow
}

// nucleotide -1

// particle -1
sphere {
	<41.187820, 23.386852, 23.518612> 0.250000
	pigment { color rgbt <1,0,0,0> }
	no_shadow
}
cylinder {
	<41.090771, 23.235287, 23.875835>,  <41.032539, 23.144346, 24.090170>, 0.100000
	pigment { color rgbt <1,0,0,0> }
	no_shadow
}
cylinder {
	<41.090771, 23.235287, 23.875835>,  <41.187820, 23.386852, 23.518612>, 0.100000
	pigment { color rgbt <1,0,0,0> }
	no_shadow
}

// particle -1
sphere {
	<41.090771, 23.235287, 23.875835> 0.100000
	pigment { color rgbt <1,0,0,0> }
	no_shadow
}
sphere {
	0, 1
	scale<0.080000,0.200000,0.300000>
	matrix <-0.530270, 0.822675, 0.204988,
		-0.812371, -0.423827, -0.400529,
		-0.242626, -0.378915, 0.893060,
		41.017982, 23.121613, 24.143753>
	pigment { color rgbt <0,1,1,0> }
	no_shadow
}
cylinder {
	<40.413601, 23.276323, 23.551533>,  <41.187820, 23.386852, 23.518612>, 0.130000
	pigment { color rgbt <1,0,0,0> }
	no_shadow
}

// nucleotide -1

// particle -1
sphere {
	<40.413601, 23.276323, 23.551533> 0.250000
	pigment { color rgbt <1,0,0,0> }
	no_shadow
}
cylinder {
	<40.563244, 23.317505, 23.920193>,  <40.653030, 23.342215, 24.141390>, 0.100000
	pigment { color rgbt <1,0,0,0> }
	no_shadow
}
cylinder {
	<40.563244, 23.317505, 23.920193>,  <40.413601, 23.276323, 23.551533>, 0.100000
	pigment { color rgbt <1,0,0,0> }
	no_shadow
}

// particle -1
sphere {
	<40.563244, 23.317505, 23.920193> 0.100000
	pigment { color rgbt <1,0,0,0> }
	no_shadow
}
sphere {
	0, 1
	scale<0.080000,0.200000,0.300000>
	matrix <-0.426302, 0.901686, 0.072316,
		-0.823595, -0.419956, 0.381219,
		0.374109, 0.102955, 0.921652,
		40.675476, 23.348391, 24.196688>
	pigment { color rgbt <0,1,1,0> }
	no_shadow
}
cylinder {
	<39.869068, 23.469011, 23.971504>,  <40.413601, 23.276323, 23.551533>, 0.130000
	pigment { color rgbt <1,0,0,0> }
	no_shadow
}

// nucleotide -1

// particle -1
sphere {
	<39.869068, 23.469011, 23.971504> 0.250000
	pigment { color rgbt <1,0,0,0> }
	no_shadow
}
cylinder {
	<40.163670, 23.616665, 24.198238>,  <40.340431, 23.705257, 24.334280>, 0.100000
	pigment { color rgbt <1,0,0,0> }
	no_shadow
}
cylinder {
	<40.163670, 23.616665, 24.198238>,  <39.869068, 23.469011, 23.971504>, 0.100000
	pigment { color rgbt <1,0,0,0> }
	no_shadow
}

// particle -1
sphere {
	<40.163670, 23.616665, 24.198238> 0.100000
	pigment { color rgbt <1,0,0,0> }
	no_shadow
}
sphere {
	0, 1
	scale<0.080000,0.200000,0.300000>
	matrix <-0.533623, 0.832042, 0.151503,
		-0.415707, -0.414060, 0.809779,
		0.736501, 0.369136, 0.566837,
		40.384621, 23.727406, 24.368290>
	pigment { color rgbt <0,1,1,0> }
	no_shadow
}
cylinder {
	<39.649643, 23.584616, 24.769609>,  <39.869068, 23.469011, 23.971504>, 0.130000
	pigment { color rgbt <1,0,0,0> }
	no_shadow
}

// nucleotide -1

// particle -1
sphere {
	<39.649643, 23.584616, 24.769609> 0.250000
	pigment { color rgbt <1,0,0,0> }
	no_shadow
}
cylinder {
	<39.928738, 23.820415, 24.606808>,  <40.096195, 23.961895, 24.509127>, 0.100000
	pigment { color rgbt <1,0,0,0> }
	no_shadow
}
cylinder {
	<39.928738, 23.820415, 24.606808>,  <39.649643, 23.584616, 24.769609>, 0.100000
	pigment { color rgbt <1,0,0,0> }
	no_shadow
}

// particle -1
sphere {
	<39.928738, 23.820415, 24.606808> 0.100000
	pigment { color rgbt <1,0,0,0> }
	no_shadow
}
sphere {
	0, 1
	scale<0.080000,0.200000,0.300000>
	matrix <-0.626548, 0.777632, 0.052205,
		0.347275, 0.218583, 0.911933,
		0.697737, 0.589500, -0.407005,
		40.138058, 23.997265, 24.484707>
	pigment { color rgbt <0,1,1,0> }
	no_shadow
}
cylinder {
	<39.847820, 24.131205, 25.180233>,  <39.649643, 23.584616, 24.769609>, 0.130000
	pigment { color rgbt <1,0,0,0> }
	no_shadow
}

// nucleotide -1

// particle -1
sphere {
	<39.847820, 24.131205, 25.180233> 0.250000
	pigment { color rgbt <1,0,0,0> }
	no_shadow
}
cylinder {
	<39.883041, 24.225578, 24.793125>,  <39.904175, 24.282202, 24.560860>, 0.100000
	pigment { color rgbt <1,0,0,0> }
	no_shadow
}
cylinder {
	<39.883041, 24.225578, 24.793125>,  <39.847820, 24.131205, 25.180233>, 0.100000
	pigment { color rgbt <1,0,0,0> }
	no_shadow
}

// particle -1
sphere {
	<39.883041, 24.225578, 24.793125> 0.100000
	pigment { color rgbt <1,0,0,0> }
	no_shadow
}
sphere {
	0, 1
	scale<0.080000,0.200000,0.300000>
	matrix <-0.682546, 0.721914, 0.113893,
		0.725519, 0.650521, 0.224600,
		0.088052, 0.235931, -0.967773,
		39.909458, 24.296358, 24.502794>
	pigment { color rgbt <0,1,1,0> }
	no_shadow
}
cylinder {
	<39.982861, 24.829041, 25.193830>,  <39.847820, 24.131205, 25.180233>, 0.130000
	pigment { color rgbt <1,0,0,0> }
	no_shadow
}

// nucleotide -1

// particle -1
sphere {
	<39.982861, 24.829041, 25.193830> 0.250000
	pigment { color rgbt <1,0,0,0> }
	no_shadow
}
cylinder {
	<39.870377, 24.774910, 24.813808>,  <39.802887, 24.742432, 24.585794>, 0.100000
	pigment { color rgbt <1,0,0,0> }
	no_shadow
}
cylinder {
	<39.870377, 24.774910, 24.813808>,  <39.982861, 24.829041, 25.193830>, 0.100000
	pigment { color rgbt <1,0,0,0> }
	no_shadow
}

// particle -1
sphere {
	<39.870377, 24.774910, 24.813808> 0.100000
	pigment { color rgbt <1,0,0,0> }
	no_shadow
}
sphere {
	0, 1
	scale<0.080000,0.200000,0.300000>
	matrix <-0.385883, 0.922388, -0.017167,
		0.878644, 0.361784, -0.311603,
		-0.281208, -0.135326, -0.950057,
		39.786015, 24.734312, 24.528791>
	pigment { color rgbt <0,1,1,0> }
	no_shadow
}
cylinder {
	<40.111591, 25.503269, 24.910149>,  <39.982861, 24.829041, 25.193830>, 0.130000
	pigment { color rgbt <1,0,0,0> }
	no_shadow
}

// nucleotide -1

// particle -1
sphere {
	<40.111591, 25.503269, 24.910149> 0.250000
	pigment { color rgbt <1,0,0,0> }
	no_shadow
}
cylinder {
	<39.856804, 25.321243, 24.661251>,  <39.703934, 25.212027, 24.511911>, 0.100000
	pigment { color rgbt <1,0,0,0> }
	no_shadow
}
cylinder {
	<39.856804, 25.321243, 24.661251>,  <40.111591, 25.503269, 24.910149>, 0.100000
	pigment { color rgbt <1,0,0,0> }
	no_shadow
}

// particle -1
sphere {
	<39.856804, 25.321243, 24.661251> 0.100000
	pigment { color rgbt <1,0,0,0> }
	no_shadow
}
sphere {
	0, 1
	scale<0.080000,0.200000,0.300000>
	matrix <-0.453544, 0.873914, -0.174846,
		0.623355, 0.170845, -0.763047,
		-0.636966, -0.455067, -0.622245,
		39.665714, 25.184723, 24.474577>
	pigment { color rgbt <0,1,1,0> }
	no_shadow
}
cylinder {
	<40.116005, 25.856150, 24.208586>,  <40.111591, 25.503269, 24.910149>, 0.130000
	pigment { color rgbt <1,0,0,0> }
	no_shadow
}

// nucleotide -1

// particle -1
sphere {
	<40.116005, 25.856150, 24.208586> 0.250000
	pigment { color rgbt <1,0,0,0> }
	no_shadow
}
cylinder {
	<39.771019, 25.653748, 24.212975>,  <39.564030, 25.532307, 24.215609>, 0.100000
	pigment { color rgbt <1,0,0,0> }
	no_shadow
}
cylinder {
	<39.771019, 25.653748, 24.212975>,  <40.116005, 25.856150, 24.208586>, 0.100000
	pigment { color rgbt <1,0,0,0> }
	no_shadow
}

// particle -1
sphere {
	<39.771019, 25.653748, 24.212975> 0.100000
	pigment { color rgbt <1,0,0,0> }
	no_shadow
}
sphere {
	0, 1
	scale<0.080000,0.200000,0.300000>
	matrix <-0.482198, 0.814908, -0.321576,
		0.153777, -0.282638, -0.946820,
		-0.862460, -0.506006, 0.010973,
		39.512280, 25.501945, 24.216267>
	pigment { color rgbt <0,1,1,0> }
	no_shadow
}
cylinder {
	<39.868176, 26.002102, 23.562651>,  <40.116005, 25.856150, 24.208586>, 0.130000
	pigment { color rgbt <1,0,0,0> }
	no_shadow
}

// nucleotide -1

// particle -1
sphere {
	<39.868176, 26.002102, 23.562651> 0.250000
	pigment { color rgbt <1,0,0,0> }
	no_shadow
}
cylinder {
	<39.553665, 25.856060, 23.762039>,  <39.364960, 25.768435, 23.881672>, 0.100000
	pigment { color rgbt <1,0,0,0> }
	no_shadow
}
cylinder {
	<39.553665, 25.856060, 23.762039>,  <39.868176, 26.002102, 23.562651>, 0.100000
	pigment { color rgbt <1,0,0,0> }
	no_shadow
}

// particle -1
sphere {
	<39.553665, 25.856060, 23.762039> 0.100000
	pigment { color rgbt <1,0,0,0> }
	no_shadow
}
sphere {
	0, 1
	scale<0.080000,0.200000,0.300000>
	matrix <-0.565477, 0.750339, -0.342385,
		-0.249015, -0.551081, -0.796430,
		-0.786274, -0.365104, 0.498470,
		39.317783, 25.746529, 23.911579>
	pigment { color rgbt <0,1,1,0> }
	no_shadow
}
cylinder {
	<39.356934, 26.070517, 23.247295>,  <39.868176, 26.002102, 23.562651>, 0.130000
	pigment { color rgbt <1,0,0,0> }
	no_shadow
}

// nucleotide -1

// particle -1
sphere {
	<39.356934, 26.070517, 23.247295> 0.250000
	pigment { color rgbt <1,0,0,0> }
	no_shadow
}
cylinder {
	<39.127094, 26.030167, 23.572174>,  <38.989193, 26.005957, 23.767101>, 0.100000
	pigment { color rgbt <1,0,0,0> }
	no_shadow
}
cylinder {
	<39.127094, 26.030167, 23.572174>,  <39.356934, 26.070517, 23.247295>, 0.100000
	pigment { color rgbt <1,0,0,0> }
	no_shadow
}

// particle -1
sphere {
	<39.127094, 26.030167, 23.572174> 0.100000
	pigment { color rgbt <1,0,0,0> }
	no_shadow
}
sphere {
	0, 1
	scale<0.080000,0.200000,0.300000>
	matrix <-0.516141, 0.814820, -0.263946,
		-0.635168, -0.570870, -0.520259,
		-0.574596, -0.100877, 0.812197,
		38.954716, 25.999903, 23.815832>
	pigment { color rgbt <0,1,1,0> }
	no_shadow
}
cylinder {
	<38.577530, 26.054949, 23.089159>,  <39.356934, 26.070517, 23.247295>, 0.130000
	pigment { color rgbt <1,0,0,0> }
	no_shadow
}

// nucleotide -1

// particle -1
sphere {
	<38.577530, 26.054949, 23.089159> 0.250000
	pigment { color rgbt <1,0,0,0> }
	no_shadow
}
cylinder {
	<38.632397, 26.169846, 23.468353>,  <38.665318, 26.238783, 23.695869>, 0.100000
	pigment { color rgbt <1,0,0,0> }
	no_shadow
}
cylinder {
	<38.632397, 26.169846, 23.468353>,  <38.577530, 26.054949, 23.089159>, 0.100000
	pigment { color rgbt <1,0,0,0> }
	no_shadow
}

// particle -1
sphere {
	<38.632397, 26.169846, 23.468353> 0.100000
	pigment { color rgbt <1,0,0,0> }
	no_shadow
}
sphere {
	0, 1
	scale<0.080000,0.200000,0.300000>
	matrix <-0.324729, 0.917184, -0.230922,
