// switches for output
#declare DRAW_BASES = 1; // possible values are 0, 1; only relevant for DNA ribbons
#declare DRAW_BASES_TYPE = 3; // possible values are 1, 2, 3; only relevant for DNA ribbons
#declare DRAW_FOG = 0; // set to 1 to enable fog

#include "colors.inc"

#include "transforms.inc"
background { rgb <1, 1, 1>}

#default {
   normal{
       ripples 0.25
       frequency 0.20
       turbulence 0.2
       lambda 5
   }
	finish {
		phong 0.1
		phong_size 40.
	}
}

// original window dimensions: 1024x640


// camera settings

camera {
	sky <-0, 1, 0>
	up <-0, 1, 0>
	right 1.6 * <0.581683, 0, 0.813415>
	location <-54.4937, 30, 90.4225>
	look_at <30, 30, 30>
	direction <84.4937, 0, -60.4225>
	angle 67.0682
}


# declare cpy_camera_pos = <-54.4937, 30, 90.4225>;
# if (DRAW_FOG = 1)
fog {
	fog_type 2
	up vnormalize(cpy_camera_pos)
	color rgbt<1,1,1,0.3>
	distance 1e-5
	fog_alt 3e-3
	fog_offset 48
}
# end


// LIGHTS

# declare lum = 6;
global_settings {
	ambient_light rgb lum * <0.05, 0.05, 0.05>
	max_trace_level 15
}# declare cpy_direct_light_amount = 0.25;
light_source
{	1000 * <0.231732, -1, 1.3951>,
	rgb lum * cpy_direct_light_amount
	parallel
}

light_source
{	1000 * <-0.231732, 1, -1.3951>,
	rgb lum * cpy_direct_light_amount
	parallel
}

// strand 0

// nucleotide -1

// particle -1
sphere {
	<42.985065, 32.414753, 23.295902> 0.250000
	pigment { color rgbt <1,0,0,0> }
	no_shadow
}
cylinder {
	<42.859852, 32.102657, 23.079296>,  <42.784721, 31.915401, 22.949331>, 0.100000
	pigment { color rgbt <1,0,0,0> }
	no_shadow
}
cylinder {
	<42.859852, 32.102657, 23.079296>,  <42.985065, 32.414753, 23.295902>, 0.100000
	pigment { color rgbt <1,0,0,0> }
	no_shadow
}

// particle -1
sphere {
	<42.859852, 32.102657, 23.079296> 0.100000
	pigment { color rgbt <1,0,0,0> }
	no_shadow
}
sphere {
	0, 1
	scale<0.080000,0.200000,0.300000>
	matrix <-0.714186, 0.569235, -0.407321,
		0.626056, 0.259237, -0.735425,
		-0.313037, -0.780236, -0.541516,
		42.765942, 31.868587, 22.916842>
	pigment { color rgbt <0,1,1,0> }
	no_shadow
}
cylinder {
	<42.992264, 32.443310, 22.589808>,  <42.985065, 32.414753, 23.295902>, 0.130000
	pigment { color rgbt <1,0,0,0> }
	no_shadow
}

// nucleotide -1

// particle -1
sphere {
	<42.992264, 32.443310, 22.589808> 0.250000
	pigment { color rgbt <1,0,0,0> }
	no_shadow
}
cylinder {
	<42.702286, 32.197857, 22.714973>,  <42.528301, 32.050587, 22.790073>, 0.100000
	pigment { color rgbt <1,0,0,0> }
	no_shadow
}
cylinder {
	<42.702286, 32.197857, 22.714973>,  <42.992264, 32.443310, 22.589808>, 0.100000
	pigment { color rgbt <1,0,0,0> }
	no_shadow
}

// particle -1
sphere {
	<42.702286, 32.197857, 22.714973> 0.100000
	pigment { color rgbt <1,0,0,0> }
	no_shadow
}
sphere {
	0, 1
	scale<0.080000,0.200000,0.300000>
	matrix <-0.688209, 0.626276, -0.366261,
		0.028778, -0.480869, -0.876320,
		-0.724942, -0.613631, 0.312915,
		42.484802, 32.013767, 22.808847>
	pigment { color rgbt <0,1,1,0> }
	no_shadow
}
cylinder {
	<42.614788, 32.394409, 21.921795>,  <42.992264, 32.443310, 22.589808>, 0.130000
	pigment { color rgbt <1,0,0,0> }
	no_shadow
}

// nucleotide -1

// particle -1
sphere {
	<42.614788, 32.394409, 21.921795> 0.250000
	pigment { color rgbt <1,0,0,0> }
	no_shadow
}
cylinder {
	<42.384609, 32.361378, 22.247257>,  <42.246502, 32.341560, 22.442535>, 0.100000
	pigment { color rgbt <1,0,0,0> }
	no_shadow
}
cylinder {
	<42.384609, 32.361378, 22.247257>,  <42.614788, 32.394409, 21.921795>, 0.100000
	pigment { color rgbt <1,0,0,0> }
	no_shadow
}

// particle -1
sphere {
	<42.384609, 32.361378, 22.247257> 0.100000
	pigment { color rgbt <1,0,0,0> }
	no_shadow
}
sphere {
	0, 1
	scale<0.080000,0.200000,0.300000>
	matrix <-0.724128, 0.513865, -0.459979,
		-0.380126, -0.853887, -0.355501,
		-0.575450, -0.082578, 0.813658,
		42.211975, 32.336605, 22.491354>
	pigment { color rgbt <0,1,1,0> }
	no_shadow
}
cylinder {
	<41.943729, 32.112637, 21.920216>,  <42.614788, 32.394409, 21.921795>, 0.130000
	pigment { color rgbt <1,0,0,0> }
	no_shadow
}

// nucleotide -1

// particle -1
sphere {
	<41.943729, 32.112637, 21.920216> 0.250000
	pigment { color rgbt <1,0,0,0> }
	no_shadow
}
cylinder {
	<41.949745, 32.400940, 22.197426>,  <41.953354, 32.573921, 22.363752>, 0.100000
	pigment { color rgbt <1,0,0,0> }
	no_shadow
}
cylinder {
	<41.949745, 32.400940, 22.197426>,  <41.943729, 32.112637, 21.920216>, 0.100000
	pigment { color rgbt <1,0,0,0> }
	no_shadow
}

// particle -1
sphere {
	<41.949745, 32.400940, 22.197426> 0.100000
	pigment { color rgbt <1,0,0,0> }
	no_shadow
}
sphere {
	0, 1
	scale<0.080000,0.200000,0.300000>
	matrix <-0.755020, 0.462588, -0.464712,
		-0.655530, -0.516256, 0.551145,
		0.015043, 0.720758, 0.693024,
		41.954258, 32.617168, 22.405333>
	pigment { color rgbt <0,1,1,0> }
	no_shadow
}
cylinder {
	<41.238350, 32.410618, 21.982876>,  <41.943729, 32.112637, 21.920216>, 0.130000
	pigment { color rgbt <1,0,0,0> }
	no_shadow
}

// nucleotide -1

// particle -1
sphere {
	<41.238350, 32.410618, 21.982876> 0.250000
	pigment { color rgbt <1,0,0,0> }
	no_shadow
}
cylinder {
	<41.485760, 32.685284, 22.135674>,  <41.634205, 32.850082, 22.227352>, 0.100000
	pigment { color rgbt <1,0,0,0> }
	no_shadow
}
cylinder {
	<41.485760, 32.685284, 22.135674>,  <41.238350, 32.410618, 21.982876>, 0.100000
	pigment { color rgbt <1,0,0,0> }
	no_shadow
}

// particle -1
sphere {
	<41.485760, 32.685284, 22.135674> 0.100000
	pigment { color rgbt <1,0,0,0> }
	no_shadow
}
sphere {
	0, 1
	scale<0.080000,0.200000,0.300000>
	matrix <-0.592977, 0.726871, -0.346464,
		-0.515564, -0.012217, 0.856764,
		0.618524, 0.686666, 0.381993,
		41.671318, 32.891285, 22.250271>
	pigment { color rgbt <0,1,1,0> }
	no_shadow
}
cylinder {
	<40.558304, 32.164543, 21.969908>,  <41.238350, 32.410618, 21.982876>, 0.130000
	pigment { color rgbt <1,0,0,0> }
	no_shadow
}

// nucleotide -1

// particle -1
sphere {
	<40.558304, 32.164543, 21.969908> 0.250000
	pigment { color rgbt <1,0,0,0> }
	no_shadow
}
cylinder {
	<40.226746, 31.941727, 21.949352>,  <40.027813, 31.808037, 21.937019>, 0.100000
	pigment { color rgbt <1,0,0,0> }
	no_shadow
}
cylinder {
	<40.226746, 31.941727, 21.949352>,  <40.558304, 32.164543, 21.969908>, 0.100000
	pigment { color rgbt <1,0,0,0> }
	no_shadow
}

// particle -1
sphere {
	<40.226746, 31.941727, 21.949352> 0.100000
	pigment { color rgbt <1,0,0,0> }
	no_shadow
}
sphere {
	0, 1
	scale<0.080000,0.200000,0.300000>
	matrix <0.431575, -0.695225, 0.574809,
		-0.355921, 0.454276, 0.816672,
		-0.828893, -0.557042, -0.051391,
		39.978077, 31.774614, 21.933935>
	pigment { color rgbt <0,1,1,0> }
	no_shadow
}
cylinder {
	<40.306370, 32.030861, 22.604475>,  <40.558304, 32.164543, 21.969908>, 0.130000
	pigment { color rgbt <1,0,0,0> }
	no_shadow
}

// nucleotide -1

// particle -1
sphere {
	<40.306370, 32.030861, 22.604475> 0.250000
	pigment { color rgbt <1,0,0,0> }
	no_shadow
}
cylinder {
	<40.194077, 31.738686, 22.355431>,  <40.126701, 31.563379, 22.206003>, 0.100000
	pigment { color rgbt <1,0,0,0> }
	no_shadow
}
cylinder {
	<40.194077, 31.738686, 22.355431>,  <40.306370, 32.030861, 22.604475>, 0.100000
	pigment { color rgbt <1,0,0,0> }
	no_shadow
}

// particle -1
sphere {
	<40.194077, 31.738686, 22.355431> 0.100000
	pigment { color rgbt <1,0,0,0> }
	no_shadow
}
sphere {
	0, 1
	scale<0.080000,0.200000,0.300000>
	matrix <0.349946, -0.681943, 0.642255,
		-0.893715, -0.037578, 0.447059,
		-0.280733, -0.730440, -0.622613,
		40.109856, 31.519554, 22.168646>
	pigment { color rgbt <0,1,1,0> }
	no_shadow
}
cylinder {
	<39.891190, 31.560165, 22.969725>,  <40.306370, 32.030861, 22.604475>, 0.130000
	pigment { color rgbt <1,0,0,0> }
	no_shadow
}

// nucleotide -1

// particle -1
sphere {
	<39.891190, 31.560165, 22.969725> 0.250000
	pigment { color rgbt <1,0,0,0> }
	no_shadow
}
cylinder {
	<39.976112, 31.315720, 22.664711>,  <40.027065, 31.169052, 22.481703>, 0.100000
	pigment { color rgbt <1,0,0,0> }
	no_shadow
}
cylinder {
	<39.976112, 31.315720, 22.664711>,  <39.891190, 31.560165, 22.969725>, 0.100000
	pigment { color rgbt <1,0,0,0> }
	no_shadow
}

// particle -1
sphere {
	<39.976112, 31.315720, 22.664711> 0.100000
	pigment { color rgbt <1,0,0,0> }
	no_shadow
}
sphere {
	0, 1
	scale<0.080000,0.200000,0.300000>
	matrix <0.397190, -0.658994, 0.638723,
		-0.892841, -0.438479, 0.102818,
		0.212310, -0.611116, -0.762536,
		40.039806, 31.132385, 22.435949>
	pigment { color rgbt <0,1,1,0> }
	no_shadow
}
cylinder {
	<39.470901, 30.845987, 23.071354>,  <39.891190, 31.560165, 22.969725>, 0.130000
	pigment { color rgbt <1,0,0,0> }
	no_shadow
}

// nucleotide -1

// particle -1
sphere {
	<39.470901, 30.845987, 23.071354> 0.250000
	pigment { color rgbt <1,0,0,0> }
	no_shadow
}
cylinder {
	<39.803444, 30.810345, 22.851936>,  <40.002972, 30.788960, 22.720285>, 0.100000
	pigment { color rgbt <1,0,0,0> }
	no_shadow
}
cylinder {
	<39.803444, 30.810345, 22.851936>,  <39.470901, 30.845987, 23.071354>, 0.100000
	pigment { color rgbt <1,0,0,0> }
	no_shadow
}

// particle -1
sphere {
	<39.803444, 30.810345, 22.851936> 0.100000
	pigment { color rgbt <1,0,0,0> }
	no_shadow
}
sphere {
	0, 1
	scale<0.080000,0.200000,0.300000>
	matrix <0.294706, -0.766150, 0.571107,
		-0.471155, -0.636455, -0.610687,
		0.831361, -0.089107, -0.548543,
		40.052853, 30.783613, 22.687374>
	pigment { color rgbt <0,1,1,0> }
	no_shadow
}
cylinder {
	<39.550781, 30.173273, 23.026531>,  <39.470901, 30.845987, 23.071354>, 0.130000
	pigment { color rgbt <1,0,0,0> }
	no_shadow
}

// nucleotide -1

// particle -1
sphere {
	<39.550781, 30.173273, 23.026531> 0.250000
	pigment { color rgbt <1,0,0,0> }
	no_shadow
}
cylinder {
	<39.912968, 30.311790, 22.928383>,  <40.130280, 30.394901, 22.869493>, 0.100000
	pigment { color rgbt <1,0,0,0> }
	no_shadow
}
cylinder {
	<39.912968, 30.311790, 22.928383>,  <39.550781, 30.173273, 23.026531>, 0.100000
	pigment { color rgbt <1,0,0,0> }
	no_shadow
}

// particle -1
sphere {
	<39.912968, 30.311790, 22.928383> 0.100000
	pigment { color rgbt <1,0,0,0> }
	no_shadow
}
sphere {
	0, 1
	scale<0.080000,0.200000,0.300000>
	matrix <0.418477, -0.824822, 0.380192,
		-0.070728, -0.446933, -0.891767,
		0.905469, 0.346293, -0.245369,
		40.184608, 30.415678, 22.854773>
	pigment { color rgbt <0,1,1,0> }
	no_shadow
}
cylinder {
	<39.815876, 29.542282, 22.745754>,  <39.550781, 30.173273, 23.026531>, 0.130000
	pigment { color rgbt <1,0,0,0> }
	no_shadow
}

// nucleotide -1

// particle -1
sphere {
	<39.815876, 29.542282, 22.745754> 0.250000
	pigment { color rgbt <1,0,0,0> }
	no_shadow
}
cylinder {
	<40.133297, 29.766773, 22.839813>,  <40.323750, 29.901466, 22.896248>, 0.100000
	pigment { color rgbt <1,0,0,0> }
	no_shadow
}
cylinder {
	<40.133297, 29.766773, 22.839813>,  <39.815876, 29.542282, 22.745754>, 0.100000
	pigment { color rgbt <1,0,0,0> }
	no_shadow
}

// particle -1
sphere {
	<40.133297, 29.766773, 22.839813> 0.100000
	pigment { color rgbt <1,0,0,0> }
	no_shadow
}
sphere {
	0, 1
	scale<0.080000,0.200000,0.300000>
	matrix <0.465151, -0.808632, 0.360206,
		0.392303, -0.176466, -0.902750,
		0.793557, 0.561225, 0.235145,
		40.371365, 29.935141, 22.910357>
	pigment { color rgbt <0,1,1,0> }
	no_shadow
}
cylinder {
	<40.399399, 29.046497, 22.768730>,  <39.815876, 29.542282, 22.745754>, 0.130000
	pigment { color rgbt <1,0,0,0> }
	no_shadow
}

// nucleotide -1

// particle -1
sphere {
	<40.399399, 29.046497, 22.768730> 0.250000
	pigment { color rgbt <1,0,0,0> }
	no_shadow
}
cylinder {
	<40.532356, 29.372944, 22.957821>,  <40.612133, 29.568811, 23.071276>, 0.100000
	pigment { color rgbt <1,0,0,0> }
	no_shadow
}
cylinder {
	<40.532356, 29.372944, 22.957821>,  <40.399399, 29.046497, 22.768730>, 0.100000
	pigment { color rgbt <1,0,0,0> }
	no_shadow
}

// particle -1
sphere {
	<40.532356, 29.372944, 22.957821> 0.100000
	pigment { color rgbt <1,0,0,0> }
	no_shadow
}
sphere {
	0, 1
	scale<0.080000,0.200000,0.300000>
	matrix <0.588649, -0.571135, 0.572098,
		0.736888, 0.088105, -0.670249,
		0.332398, 0.816114, 0.472726,
		40.632076, 29.617779, 23.099638>
	pigment { color rgbt <0,1,1,0> }
	no_shadow
}
cylinder {
	<41.148918, 28.974836, 22.893866>,  <40.399399, 29.046497, 22.768730>, 0.130000
	pigment { color rgbt <1,0,0,0> }
	no_shadow
}

// nucleotide -1

// particle -1
sphere {
	<41.148918, 28.974836, 22.893866> 0.250000
	pigment { color rgbt <1,0,0,0> }
	no_shadow
}
cylinder {
	<41.034264, 29.255047, 23.155277>,  <40.965469, 29.423174, 23.312124>, 0.100000
	pigment { color rgbt <1,0,0,0> }
	no_shadow
}
cylinder {
	<41.034264, 29.255047, 23.155277>,  <41.148918, 28.974836, 22.893866>, 0.100000
	pigment { color rgbt <1,0,0,0> }
	no_shadow
}

// particle -1
sphere {
	<41.034264, 29.255047, 23.155277> 0.100000
	pigment { color rgbt <1,0,0,0> }
	no_shadow
}
sphere {
	0, 1
	scale<0.080000,0.200000,0.300000>
	matrix <0.459489, -0.498054, 0.735400,
		0.840660, 0.511082, -0.179123,
		-0.286637, 0.700526, 0.653531,
		40.948273, 29.465204, 23.351336>
	pigment { color rgbt <0,1,1,0> }
	no_shadow
}
cylinder {
	<41.744892, 29.285027, 23.183043>,  <41.148918, 28.974836, 22.893866>, 0.130000
	pigment { color rgbt <1,0,0,0> }
	no_shadow
}

// nucleotide -1

// particle -1
sphere {
	<41.744892, 29.285027, 23.183043> 0.250000
	pigment { color rgbt <1,0,0,0> }
	no_shadow
}
cylinder {
	<41.436684, 29.329578, 23.434086>,  <41.251759, 29.356310, 23.584711>, 0.100000
	pigment { color rgbt <1,0,0,0> }
	no_shadow
}
cylinder {
	<41.436684, 29.329578, 23.434086>,  <41.744892, 29.285027, 23.183043>, 0.100000
	pigment { color rgbt <1,0,0,0> }
	no_shadow
}

// particle -1
sphere {
	<41.436684, 29.329578, 23.434086> 0.100000
	pigment { color rgbt <1,0,0,0> }
	no_shadow
}
sphere {
	0, 1
	scale<0.080000,0.200000,0.300000>
	matrix <0.569769, -0.321071, 0.756490,
		0.285764, 0.940483, 0.183932,
		-0.770521, 0.111379, 0.627609,
		41.205528, 29.362991, 23.622368>
	pigment { color rgbt <0,1,1,0> }
	no_shadow
}
cylinder {
	<42.096771, 29.518442, 23.869473>,  <41.744892, 29.285027, 23.183043>, 0.130000
	pigment { color rgbt <1,0,0,0> }
	no_shadow
}

// nucleotide -1

// particle -1
sphere {
	<42.096771, 29.518442, 23.869473> 0.250000
	pigment { color rgbt <1,0,0,0> }
	no_shadow
}
cylinder {
	<41.726738, 29.400517, 23.965229>,  <41.504719, 29.329762, 24.022682>, 0.100000
	pigment { color rgbt <1,0,0,0> }
	no_shadow
}
cylinder {
	<41.726738, 29.400517, 23.965229>,  <42.096771, 29.518442, 23.869473>, 0.100000
	pigment { color rgbt <1,0,0,0> }
	no_shadow
}

// particle -1
sphere {
	<41.726738, 29.400517, 23.965229> 0.100000
	pigment { color rgbt <1,0,0,0> }
	no_shadow
}
sphere {
	0, 1
	scale<0.080000,0.200000,0.300000>
	matrix <0.320432, -0.267613, 0.908684,
		-0.203829, 0.917316, 0.342032,
		-0.925082, -0.294814, 0.239390,
		41.449215, 29.312073, 24.037046>
	pigment { color rgbt <0,1,1,0> }
	no_shadow
}
cylinder {
	<41.895458, 29.807238, 24.501005>,  <42.096771, 29.518442, 23.869473>, 0.130000
	pigment { color rgbt <1,0,0,0> }
	no_shadow
}

// nucleotide -1

// particle -1
sphere {
	<41.895458, 29.807238, 24.501005> 0.250000
	pigment { color rgbt <1,0,0,0> }
	no_shadow
}
cylinder {
	<41.676910, 29.472881, 24.479973>,  <41.545780, 29.272268, 24.467354>, 0.100000
	pigment { color rgbt <1,0,0,0> }
	no_shadow
}
cylinder {
	<41.676910, 29.472881, 24.479973>,  <41.895458, 29.807238, 24.501005>, 0.100000
	pigment { color rgbt <1,0,0,0> }
	no_shadow
}

// particle -1
sphere {
	<41.676910, 29.472881, 24.479973> 0.100000
	pigment { color rgbt <1,0,0,0> }
	no_shadow
}
sphere {
	0, 1
	scale<0.080000,0.200000,0.300000>
	matrix <0.448117, -0.344789, 0.824810,
		-0.707579, 0.427092, 0.562960,
		-0.546372, -0.835891, -0.052578,
		41.513000, 29.222115, 24.464199>
	pigment { color rgbt <0,1,1,0> }
	no_shadow
}
cylinder {
	<41.909081, 29.607357, 25.169588>,  <41.895458, 29.807238, 24.501005>, 0.130000
	pigment { color rgbt <1,0,0,0> }
	no_shadow
}

// nucleotide -1

// particle -1
sphere {
	<41.909081, 29.607357, 25.169588> 0.250000
	pigment { color rgbt <1,0,0,0> }
	no_shadow
}
cylinder {
	<41.705837, 29.296745, 25.020550>,  <41.583893, 29.110378, 24.931128>, 0.100000
	pigment { color rgbt <1,0,0,0> }
	no_shadow
}
cylinder {
	<41.705837, 29.296745, 25.020550>,  <41.909081, 29.607357, 25.169588>, 0.100000
	pigment { color rgbt <1,0,0,0> }
	no_shadow
}

// particle -1
sphere {
	<41.705837, 29.296745, 25.020550> 0.100000
	pigment { color rgbt <1,0,0,0> }
	no_shadow
}
sphere {
	0, 1
	scale<0.080000,0.200000,0.300000>
	matrix <0.254230, -0.548543, 0.796535,
		-0.822917, 0.310002, 0.476136,
		-0.508108, -0.776531, -0.372594,
		41.553406, 29.063786, 24.908772>
	pigment { color rgbt <0,1,1,0> }
	no_shadow
}
cylinder {
	<41.337948, 29.374411, 25.619247>,  <41.909081, 29.607357, 25.169588>, 0.130000
	pigment { color rgbt <1,0,0,0> }
	no_shadow
}

// nucleotide -1

// particle -1
sphere {
	<41.337948, 29.374411, 25.619247> 0.250000
	pigment { color rgbt <1,0,0,0> }
	no_shadow
}
cylinder {
	<41.439201, 29.054962, 25.400845>,  <41.499954, 28.863293, 25.269802>, 0.100000
	pigment { color rgbt <1,0,0,0> }
	no_shadow
}
cylinder {
	<41.439201, 29.054962, 25.400845>,  <41.337948, 29.374411, 25.619247>, 0.100000
	pigment { color rgbt <1,0,0,0> }
	no_shadow
}

// particle -1
sphere {
	<41.439201, 29.054962, 25.400845> 0.100000
	pigment { color rgbt <1,0,0,0> }
	no_shadow
}
sphere {
	0, 1
	scale<0.080000,0.200000,0.300000>
	matrix <0.368572, -0.442214, 0.817680,
		-0.894471, -0.408226, 0.182411,
		0.253134, -0.798623, -0.546008,
		41.515141, 28.815376, 25.237041>
	pigment { color rgbt <0,1,1,0> }
	no_shadow
}
cylinder {
	<41.001862, 28.646624, 25.860331>,  <41.337948, 29.374411, 25.619247>, 0.130000
	pigment { color rgbt <1,0,0,0> }
	no_shadow
}

// nucleotide -1

// particle -1
sphere {
	<41.001862, 28.646624, 25.860331> 0.250000
	pigment { color rgbt <1,0,0,0> }
	no_shadow
}
cylinder {
	<41.326950, 28.550213, 25.648144>,  <41.522003, 28.492367, 25.520832>, 0.100000
	pigment { color rgbt <1,0,0,0> }
	no_shadow
}
cylinder {
	<41.326950, 28.550213, 25.648144>,  <41.001862, 28.646624, 25.860331>, 0.100000
	pigment { color rgbt <1,0,0,0> }
	no_shadow
}

// particle -1
sphere {
	<41.326950, 28.550213, 25.648144> 0.100000
	pigment { color rgbt <1,0,0,0> }
	no_shadow
}
sphere {
	0, 1
	scale<0.080000,0.200000,0.300000>
	matrix <0.325638, -0.567077, 0.756561,
		-0.483167, -0.787611, -0.382386,
		0.812717, -0.241025, -0.530468,
		41.570766, 28.477905, 25.489002>
	pigment { color rgbt <0,1,1,0> }
	no_shadow
}
cylinder {
	<41.124401, 27.923206, 26.037027>,  <41.001862, 28.646624, 25.860331>, 0.130000
	pigment { color rgbt <1,0,0,0> }
	no_shadow
}

// nucleotide -1

// particle -1
sphere {
	<41.124401, 27.923206, 26.037027> 0.250000
	pigment { color rgbt <1,0,0,0> }
	no_shadow
}
cylinder {
	<41.461983, 28.059898, 25.871639>,  <41.664532, 28.141914, 25.772408>, 0.100000
	pigment { color rgbt <1,0,0,0> }
	no_shadow
}
cylinder {
	<41.461983, 28.059898, 25.871639>,  <41.124401, 27.923206, 26.037027>, 0.100000
	pigment { color rgbt <1,0,0,0> }
	no_shadow
}

// particle -1
sphere {
	<41.461983, 28.059898, 25.871639> 0.100000
	pigment { color rgbt <1,0,0,0> }
	no_shadow
}
sphere {
	0, 1
	scale<0.080000,0.200000,0.300000>
	matrix <0.533349, -0.616826, 0.578848,
		-0.057228, -0.709046, -0.702836,
		0.843957, 0.341730, -0.413469,
		41.715172, 28.162416, 25.747599>
	pigment { color rgbt <0,1,1,0> }
	no_shadow
}
cylinder {
	<41.519424, 27.360359, 25.857473>,  <41.124401, 27.923206, 26.037027>, 0.130000
	pigment { color rgbt <1,0,0,0> }
	no_shadow
}

// nucleotide -1

// particle -1
sphere {
	<41.519424, 27.360359, 25.857473> 0.250000
	pigment { color rgbt <1,0,0,0> }
	no_shadow
}
cylinder {
	<41.756702, 27.675724, 25.922619>,  <41.899071, 27.864943, 25.961706>, 0.100000
	pigment { color rgbt <1,0,0,0> }
	no_shadow
}
cylinder {
	<41.756702, 27.675724, 25.922619>,  <41.519424, 27.360359, 25.857473>, 0.100000
	pigment { color rgbt <1,0,0,0> }
	no_shadow
}

// particle -1
sphere {
	<41.756702, 27.675724, 25.922619> 0.100000
	pigment { color rgbt <1,0,0,0> }
	no_shadow
}
sphere {
	0, 1
	scale<0.080000,0.200000,0.300000>
	matrix <0.497341, -0.517962, 0.695965,
		0.633063, -0.331847, -0.699363,
		0.593198, 0.788411, 0.162862,
		41.934662, 27.912247, 25.971478>
	pigment { color rgbt <0,1,1,0> }
	no_shadow
}
cylinder {
	<42.128044, 27.132090, 25.788076>,  <41.519424, 27.360359, 25.857473>, 0.130000
	pigment { color rgbt <1,0,0,0> }
	no_shadow
}

// nucleotide -1

// particle -1
sphere {
	<42.128044, 27.132090, 25.788076> 0.250000
	pigment { color rgbt <1,0,0,0> }
	no_shadow
}
cylinder {
	<42.192467, 27.458435, 26.010220>,  <42.231121, 27.654243, 26.143505>, 0.100000
	pigment { color rgbt <1,0,0,0> }
	no_shadow
}
cylinder {
	<42.192467, 27.458435, 26.010220>,  <42.128044, 27.132090, 25.788076>, 0.100000
	pigment { color rgbt <1,0,0,0> }
	no_shadow
}

// particle -1
sphere {
	<42.192467, 27.458435, 26.010220> 0.100000
	pigment { color rgbt <1,0,0,0> }
	no_shadow
}
sphere {
	0, 1
	scale<0.080000,0.200000,0.300000>
	matrix <0.484307, -0.555631, 0.675811,
		0.859946, 0.160119, -0.484619,
		0.161059, 0.815865, 0.555359,
		42.240784, 27.703194, 26.176826>
	pigment { color rgbt <0,1,1,0> }
	no_shadow
}
cylinder {
	<42.823009, 27.194046, 26.008377>,  <42.128044, 27.132090, 25.788076>, 0.130000
	pigment { color rgbt <1,0,0,0> }
	no_shadow
}

// nucleotide -1

// particle -1
sphere {
	<42.823009, 27.194046, 26.008377> 0.250000
	pigment { color rgbt <1,0,0,0> }
	no_shadow
}
cylinder {
	<42.635536, 27.415787, 26.283485>,  <42.523052, 27.548832, 26.448551>, 0.100000
	pigment { color rgbt <1,0,0,0> }
	no_shadow
}
cylinder {
	<42.635536, 27.415787, 26.283485>,  <42.823009, 27.194046, 26.008377>, 0.100000
	pigment { color rgbt <1,0,0,0> }
	no_shadow
}

// particle -1
sphere {
	<42.635536, 27.415787, 26.283485> 0.100000
	pigment { color rgbt <1,0,0,0> }
	no_shadow
}
sphere {
	0, 1
	scale<0.080000,0.200000,0.300000>
	matrix <0.516832, -0.459333, 0.722425,
		0.716395, 0.694050, -0.071226,
		-0.468682, 0.554354, 0.687771,
		42.494930, 27.582092, 26.489817>
	pigment { color rgbt <0,1,1,0> }
	no_shadow
}
cylinder {
	<43.258213, 27.215591, 26.535208>,  <42.823009, 27.194046, 26.008377>, 0.130000
	pigment { color rgbt <1,0,0,0> }
	no_shadow
}

// nucleotide -1

// particle -1
sphere {
	<43.258213, 27.215591, 26.535208> 0.250000
	pigment { color rgbt <1,0,0,0> }
	no_shadow
}
cylinder {
	<42.943306, 27.351467, 26.741051>,  <42.754360, 27.432993, 26.864557>, 0.100000
	pigment { color rgbt <1,0,0,0> }
	no_shadow
}
cylinder {
	<42.943306, 27.351467, 26.741051>,  <43.258213, 27.215591, 26.535208>, 0.100000
	pigment { color rgbt <1,0,0,0> }
	no_shadow
}

// particle -1
sphere {
	<42.943306, 27.351467, 26.741051> 0.100000
	pigment { color rgbt <1,0,0,0> }
	no_shadow
}
sphere {
	0, 1
	scale<0.080000,0.200000,0.300000>
	matrix <0.415169, -0.325038, 0.849697,
		0.455901, 0.882588, 0.114863,
		-0.787267, 0.339690, 0.514608,
		42.707127, 27.453375, 26.895433>
	pigment { color rgbt <0,1,1,0> }
	no_shadow
}
cylinder {
	<43.446270, 27.756889, 27.110434>,  <43.258213, 27.215591, 26.535208>, 0.130000
	pigment { color rgbt <1,0,0,0> }
	no_shadow
}

// nucleotide -1

// particle -1
sphere {
	<43.446270, 27.756889, 27.110434> 0.250000
	pigment { color rgbt <1,0,0,0> }
	no_shadow
}
cylinder {
	<43.105858, 27.562813, 27.190765>,  <42.901611, 27.446367, 27.238964>, 0.100000
	pigment { color rgbt <1,0,0,0> }
	no_shadow
}
cylinder {
	<43.105858, 27.562813, 27.190765>,  <43.446270, 27.756889, 27.110434>, 0.100000
	pigment { color rgbt <1,0,0,0> }
	no_shadow
}

// particle -1
sphere {
	<43.105858, 27.562813, 27.190765> 0.100000
	pigment { color rgbt <1,0,0,0> }
	no_shadow
}
sphere {
	0, 1
	scale<0.080000,0.200000,0.300000>
	matrix <0.465883, -0.521189, 0.715063,
		-0.242271, 0.702105, 0.669592,
		-0.851033, -0.485191, 0.200830,
		42.850548, 27.417255, 27.251015>
	pigment { color rgbt <0,1,1,0> }
	no_shadow
}
cylinder {
	<43.560055, 27.756172, 27.772623>,  <43.446270, 27.756889, 27.110434>, 0.130000
	pigment { color rgbt <1,0,0,0> }
	no_shadow
}

// nucleotide -1

// particle -1
sphere {
	<43.560055, 27.756172, 27.772623> 0.250000
	pigment { color rgbt <1,0,0,0> }
	no_shadow
}
cylinder {
	<43.267498, 27.492889, 27.701267>,  <43.091965, 27.334919, 27.658455>, 0.100000
	pigment { color rgbt <1,0,0,0> }
	no_shadow
}
cylinder {
	<43.267498, 27.492889, 27.701267>,  <43.560055, 27.756172, 27.772623>, 0.100000
	pigment { color rgbt <1,0,0,0> }
	no_shadow
}

// particle -1
sphere {
	<43.267498, 27.492889, 27.701267> 0.100000
	pigment { color rgbt <1,0,0,0> }
	no_shadow
}
sphere {
	0, 1
	scale<0.080000,0.200000,0.300000>
	matrix <0.451318, -0.663288, 0.596960,
		-0.511247, 0.356104, 0.782187,
		-0.731395, -0.658209, -0.178388,
		43.048080, 27.295427, 27.647751>
	pigment { color rgbt <0,1,1,0> }
	no_shadow
}
cylinder {
	<43.367748, 27.466541, 28.427996>,  <43.560055, 27.756172, 27.772623>, 0.130000
	pigment { color rgbt <1,0,0,0> }
	no_shadow
}

// nucleotide -1

// particle -1
sphere {
	<43.367748, 27.466541, 28.427996> 0.250000
	pigment { color rgbt <1,0,0,0> }
	no_shadow
}
cylinder {
	<43.299305, 27.219437, 28.120987>,  <43.258240, 27.071173, 27.936781>, 0.100000
	pigment { color rgbt <1,0,0,0> }
	no_shadow
}
cylinder {
	<43.299305, 27.219437, 28.120987>,  <43.367748, 27.466541, 28.427996>, 0.100000
	pigment { color rgbt <1,0,0,0> }
	no_shadow
}

// particle -1
sphere {
	<43.299305, 27.219437, 28.120987> 0.100000
	pigment { color rgbt <1,0,0,0> }
	no_shadow
}
sphere {
	0, 1
	scale<0.080000,0.200000,0.300000>
	matrix <0.292917, -0.775683, 0.559031,
		-0.940703, -0.129165, 0.313679,
		-0.171108, -0.617764, -0.767522,
		43.247974, 27.034107, 27.890730>
	pigment { color rgbt <0,1,1,0> }
	no_shadow
}
cylinder {
	<42.942394, 27.943026, 28.491526>,  <43.367748, 27.466541, 28.427996>, 0.130000
	pigment { color rgbt <1,0,0,0> }
	no_shadow
}

// nucleotide -1

// particle -1
sphere {
	<42.942394, 27.943026, 28.491526> 0.250000
	pigment { color rgbt <1,0,0,0> }
	no_shadow
}
cylinder {
	<42.862923, 27.963318, 28.883026>,  <42.815239, 27.975494, 29.117926>, 0.100000
	pigment { color rgbt <1,0,0,0> }
	no_shadow
}
cylinder {
	<42.862923, 27.963318, 28.883026>,  <42.942394, 27.943026, 28.491526>, 0.100000
	pigment { color rgbt <1,0,0,0> }
	no_shadow
}

// particle -1
sphere {
	<42.862923, 27.963318, 28.883026> 0.100000
	pigment { color rgbt <1,0,0,0> }
	no_shadow
}
sphere {
	0, 1
	scale<0.080000,0.200000,0.300000>
	matrix <-0.379055, 0.916965, -0.124473,
		-0.903795, -0.395730, -0.162948,
		-0.198675, 0.050732, 0.978752,
		42.803322, 27.978537, 29.176651>
	pigment { color rgbt <0,1,1,0> }
	no_shadow
}
cylinder {
	<42.135078, 28.064651, 28.821062>,  <42.942394, 27.943026, 28.491526>, 0.130000
	pigment { color rgbt <1,0,0,0> }
	no_shadow
}

// nucleotide -1

// particle -1
sphere {
	<42.135078, 28.064651, 28.821062> 0.250000
	pigment { color rgbt <1,0,0,0> }
	no_shadow
}
cylinder {
	<42.433990, 28.206509, 29.045845>,  <42.613338, 28.291622, 29.180716>, 0.100000
	pigment { color rgbt <1,0,0,0> }
	no_shadow
}
cylinder {
	<42.433990, 28.206509, 29.045845>,  <42.135078, 28.064651, 28.821062>, 0.100000
	pigment { color rgbt <1,0,0,0> }
	no_shadow
}

// particle -1
sphere {
	<42.433990, 28.206509, 29.045845> 0.100000
	pigment { color rgbt <1,0,0,0> }
	no_shadow
}
sphere {
	0, 1
	scale<0.080000,0.200000,0.300000>
	matrix <-0.300108, 0.934637, -0.190756,
		-0.592879, -0.026100, 0.804869,
		0.747281, 0.354643, 0.561960,
		42.658176, 28.312902, 29.214434>
	pigment { color rgbt <0,1,1,0> }
	no_shadow
}
cylinder {
	<41.517670, 27.722647, 28.925167>,  <42.135078, 28.064651, 28.821062>, 0.130000
	pigment { color rgbt <1,0,0,0> }
	no_shadow
}

// nucleotide -1

// particle -1
sphere {
	<41.517670, 27.722647, 28.925167> 0.250000
	pigment { color rgbt <1,0,0,0> }
	no_shadow
}
cylinder {
	<41.416740, 27.388668, 28.729534>,  <41.356182, 27.188282, 28.612154>, 0.100000
	pigment { color rgbt <1,0,0,0> }
	no_shadow
}
cylinder {
	<41.416740, 27.388668, 28.729534>,  <41.517670, 27.722647, 28.925167>, 0.100000
	pigment { color rgbt <1,0,0,0> }
	no_shadow
}

// particle -1
sphere {
	<41.416740, 27.388668, 28.729534> 0.100000
	pigment { color rgbt <1,0,0,0> }
	no_shadow
}
sphere {
	0, 1
	scale<0.080000,0.200000,0.300000>
	matrix <0.408932, -0.550092, 0.728129,
		-0.876989, -0.016280, 0.480235,
		-0.252320, -0.834945, -0.489082,
		41.341045, 27.138184, 28.582809>
	pigment { color rgbt <0,1,1,0> }
	no_shadow
}
cylinder {
	<40.961559, 27.138908, 29.222614>,  <41.517670, 27.722647, 28.925167>, 0.130000
	pigment { color rgbt <1,0,0,0> }
	no_shadow
}

// nucleotide -1

// particle -1
sphere {
	<40.961559, 27.138908, 29.222614> 0.250000
	pigment { color rgbt <1,0,0,0> }
	no_shadow
}
cylinder {
	<41.256390, 26.987625, 28.998585>,  <41.433289, 26.896856, 28.864166>, 0.100000
	pigment { color rgbt <1,0,0,0> }
	no_shadow
}
cylinder {
	<41.256390, 26.987625, 28.998585>,  <40.961559, 27.138908, 29.222614>, 0.100000
	pigment { color rgbt <1,0,0,0> }
	no_shadow
}

// particle -1
sphere {
	<41.256390, 26.987625, 28.998585> 0.100000
	pigment { color rgbt <1,0,0,0> }
	no_shadow
}
sphere {
	0, 1
	scale<0.080000,0.200000,0.300000>
	matrix <0.367279, -0.471499, 0.801745,
		-0.567300, -0.796648, -0.208622,
		0.737073, -0.378207, -0.560074,
		41.477512, 26.874163, 28.830563>
	pigment { color rgbt <0,1,1,0> }
	no_shadow
}
cylinder {
	<40.962540, 26.452564, 29.269455>,  <40.961559, 27.138908, 29.222614>, 0.130000
	pigment { color rgbt <1,0,0,0> }
	no_shadow
}

// nucleotide -1

// particle -1
sphere {
	<40.962540, 26.452564, 29.269455> 0.250000
	pigment { color rgbt <1,0,0,0> }
	no_shadow
}
cylinder {
	<41.338360, 26.556786, 29.180592>,  <41.563850, 26.619318, 29.127274>, 0.100000
	pigment { color rgbt <1,0,0,0> }
	no_shadow
}
cylinder {
	<41.338360, 26.556786, 29.180592>,  <40.962540, 26.452564, 29.269455>, 0.100000
	pigment { color rgbt <1,0,0,0> }
	no_shadow
}

// particle -1
sphere {
	<41.338360, 26.556786, 29.180592> 0.100000
	pigment { color rgbt <1,0,0,0> }
	no_shadow
}
sphere {
	0, 1
	scale<0.080000,0.200000,0.300000>
	matrix <0.323237, -0.460862, 0.826513,
		0.112968, -0.848361, -0.517224,
		0.939551, 0.260555, -0.222159,
		41.620224, 26.634953, 29.113943>
	pigment { color rgbt <0,1,1,0> }
	no_shadow
}
cylinder {
	<40.486809, 26.118610, 28.741653>,  <40.962540, 26.452564, 29.269455>, 0.130000
	pigment { color rgbt <1,0,0,0> }
	no_shadow
}

// nucleotide -1

// particle -1
sphere {
	<40.486809, 26.118610, 28.741653> 0.250000
	pigment { color rgbt <1,0,0,0> }
	no_shadow
}
cylinder {
	<40.141171, 25.935188, 28.658638>,  <39.933788, 25.825134, 28.608829>, 0.100000
	pigment { color rgbt <1,0,0,0> }
	no_shadow
}
cylinder {
	<40.141171, 25.935188, 28.658638>,  <40.486809, 26.118610, 28.741653>, 0.100000
	pigment { color rgbt <1,0,0,0> }
	no_shadow
}

// particle -1
sphere {
	<40.141171, 25.935188, 28.658638> 0.100000
	pigment { color rgbt <1,0,0,0> }
	no_shadow
}
sphere {
	0, 1
	scale<0.080000,0.200000,0.300000>
	matrix <-0.164466, 0.646921, -0.744610,
		0.475706, -0.609279, -0.634416,
		-0.864092, -0.458555, -0.207538,
		39.881943, 25.797621, 28.596376>
	pigment { color rgbt <0,1,1,0> }
	no_shadow
}
cylinder {
	<40.400330, 25.904747, 27.969229>,  <40.486809, 26.118610, 28.741653>, 0.130000
	pigment { color rgbt <1,0,0,0> }
	no_shadow
}

// nucleotide -1

// particle -1
sphere {
	<40.400330, 25.904747, 27.969229> 0.250000
	pigment { color rgbt <1,0,0,0> }
	no_shadow
}
cylinder {
	<40.040668, 25.964523, 28.133759>,  <39.824871, 26.000389, 28.232477>, 0.100000
	pigment { color rgbt <1,0,0,0> }
	no_shadow
}
cylinder {
	<40.040668, 25.964523, 28.133759>,  <40.400330, 25.904747, 27.969229>, 0.100000
	pigment { color rgbt <1,0,0,0> }
	no_shadow
}

// particle -1
sphere {
	<40.040668, 25.964523, 28.133759> 0.100000
	pigment { color rgbt <1,0,0,0> }
	no_shadow
}
sphere {
	0, 1
	scale<0.080000,0.200000,0.300000>
	matrix <-0.185138, 0.721750, -0.666934,
		-0.396539, -0.675829, -0.621298,
		-0.899155, 0.149439, 0.411324,
		39.770924, 26.009356, 28.257156>
	pigment { color rgbt <0,1,1,0> }
	no_shadow
}
cylinder {
	<39.828899, 25.753729, 27.482435>,  <40.400330, 25.904747, 27.969229>, 0.130000
	pigment { color rgbt <1,0,0,0> }
	no_shadow
}

// nucleotide -1

// particle -1
sphere {
	<39.828899, 25.753729, 27.482435> 0.250000
	pigment { color rgbt <1,0,0,0> }
	no_shadow
}
cylinder {
	<39.716274, 26.036762, 27.741680>,  <39.648701, 26.206583, 27.897226>, 0.100000
	pigment { color rgbt <1,0,0,0> }
	no_shadow
}
cylinder {
	<39.716274, 26.036762, 27.741680>,  <39.828899, 25.753729, 27.482435>, 0.100000
	pigment { color rgbt <1,0,0,0> }
	no_shadow
}

// particle -1
sphere {
	<39.716274, 26.036762, 27.741680> 0.100000
	pigment { color rgbt <1,0,0,0> }
	no_shadow
}
sphere {
	0, 1
	scale<0.080000,0.200000,0.300000>
	matrix <-0.195742, 0.618880, -0.760706,
		-0.939366, -0.341049, -0.035749,
		-0.281562, 0.707583, 0.648112,
		39.631805, 26.249037, 27.936113>
	pigment { color rgbt <0,1,1,0> }
	no_shadow
}
cylinder {
	<39.042408, 26.052166, 27.337442>,  <39.828899, 25.753729, 27.482435>, 0.130000
	pigment { color rgbt <1,0,0,0> }
	no_shadow
}

// nucleotide -1

// particle -1
sphere {
	<39.042408, 26.052166, 27.337442> 0.250000
	pigment { color rgbt <1,0,0,0> }
	no_shadow
}
cylinder {
	<39.308460, 26.314072, 27.481049>,  <39.468090, 26.471214, 27.567211>, 0.100000
	pigment { color rgbt <1,0,0,0> }
	no_shadow
}
cylinder {
	<39.308460, 26.314072, 27.481049>,  <39.042408, 26.052166, 27.337442>, 0.100000
	pigment { color rgbt <1,0,0,0> }
	no_shadow
}

// particle -1
sphere {
	<39.308460, 26.314072, 27.481049> 0.100000
	pigment { color rgbt <1,0,0,0> }
	no_shadow
}
sphere {
	0, 1
	scale<0.080000,0.200000,0.300000>
	matrix <-0.210863, 0.625903, -0.750855,
		-0.716339, 0.423712, 0.554371,
		0.665128, 0.654763, 0.359013,
		39.507999, 26.510500, 27.588753>
	pigment { color rgbt <0,1,1,0> }
	no_shadow
}
cylinder {
	<38.790100, 26.695808, 27.719168>,  <39.042408, 26.052166, 27.337442>, 0.130000
	pigment { color rgbt <1,0,0,0> }
	no_shadow
}

// nucleotide -1

// particle -1
sphere {
	<38.790100, 26.695808, 27.719168> 0.250000
	pigment { color rgbt <1,0,0,0> }
	no_shadow
}
cylinder {
	<39.133541, 26.791561, 27.537842>,  <39.339607, 26.849012, 27.429047>, 0.100000
	pigment { color rgbt <1,0,0,0> }
	no_shadow
}
cylinder {
	<39.133541, 26.791561, 27.537842>,  <38.790100, 26.695808, 27.719168>, 0.100000
	pigment { color rgbt <1,0,0,0> }
	no_shadow
}

// particle -1
sphere {
	<39.133541, 26.791561, 27.537842> 0.100000
	pigment { color rgbt <1,0,0,0> }
	no_shadow
}
sphere {
	0, 1
	scale<0.080000,0.200000,0.300000>
	matrix <-0.512085, 0.441622, -0.736708,
		0.023841, 0.864677, 0.501762,
		0.858604, 0.239381, -0.453317,
		39.391121, 26.863375, 27.401846>
	pigment { color rgbt <0,1,1,0> }
	no_shadow
}
cylinder {
	<38.812817, 27.428303, 27.566450>,  <38.790100, 26.695808, 27.719168>, 0.130000
	pigment { color rgbt <1,0,0,0> }
	no_shadow
}

// nucleotide -1

// particle -1
sphere {
	<38.812817, 27.428303, 27.566450> 0.250000
	pigment { color rgbt <1,0,0,0> }
	no_shadow
}
cylinder {
	<39.056465, 27.270523, 27.291241>,  <39.202656, 27.175856, 27.126116>, 0.100000
	pigment { color rgbt <1,0,0,0> }
	no_shadow
}
cylinder {
	<39.056465, 27.270523, 27.291241>,  <38.812817, 27.428303, 27.566450>, 0.100000
	pigment { color rgbt <1,0,0,0> }
	no_shadow
}

// particle -1
sphere {
	<39.056465, 27.270523, 27.291241> 0.100000
	pigment { color rgbt <1,0,0,0> }
	no_shadow
}
sphere {
	0, 1
	scale<0.080000,0.200000,0.300000>
	matrix <-0.460029, 0.530940, -0.711671,
		0.646018, 0.750007, 0.141951,
		0.609126, -0.394451, -0.688022,
		39.239204, 27.152187, 27.084833>
	pigment { color rgbt <0,1,1,0> }
	no_shadow
}
cylinder {
	<38.731930, 27.801506, 26.957859>,  <38.812817, 27.428303, 27.566450>, 0.130000
	pigment { color rgbt <1,0,0,0> }
	no_shadow
}

// nucleotide -1

// particle -1
sphere {
	<38.731930, 27.801506, 26.957859> 0.250000
	pigment { color rgbt <1,0,0,0> }
	no_shadow
}
cylinder {
	<38.938217, 27.492260, 26.810169>,  <39.061989, 27.306713, 26.721556>, 0.100000
	pigment { color rgbt <1,0,0,0> }
	no_shadow
}
cylinder {
	<38.938217, 27.492260, 26.810169>,  <38.731930, 27.801506, 26.957859>, 0.100000
	pigment { color rgbt <1,0,0,0> }
	no_shadow
}

// particle -1
sphere {
	<38.938217, 27.492260, 26.810169> 0.100000
	pigment { color rgbt <1,0,0,0> }
	no_shadow
}
sphere {
	0, 1
	scale<0.080000,0.200000,0.300000>
	matrix <-0.251264, 0.275527, -0.927875,
		0.819084, 0.571297, -0.052161,
		0.515720, -0.773114, -0.369226,
		39.092934, 27.260326, 26.699402>
	pigment { color rgbt <0,1,1,0> }
	no_shadow
}
cylinder {
	<39.180466, 28.020590, 26.405430>,  <38.731930, 27.801506, 26.957859>, 0.130000
	pigment { color rgbt <1,0,0,0> }
	no_shadow
}

// nucleotide -1

// particle -1
sphere {
	<39.180466, 28.020590, 26.405430> 0.250000
	pigment { color rgbt <1,0,0,0> }
	no_shadow
}
cylinder {
	<39.194897, 27.633877, 26.304214>,  <39.203556, 27.401848, 26.243486>, 0.100000
	pigment { color rgbt <1,0,0,0> }
	no_shadow
}
cylinder {
	<39.194897, 27.633877, 26.304214>,  <39.180466, 28.020590, 26.405430>, 0.100000
	pigment { color rgbt <1,0,0,0> }
	no_shadow
}

// particle -1
sphere {
	<39.194897, 27.633877, 26.304214> 0.100000
	pigment { color rgbt <1,0,0,0> }
	no_shadow
}
sphere {
	0, 1
	scale<0.080000,0.200000,0.300000>
	matrix <-0.077085, 0.249755, -0.965236,
		0.996372, 0.054327, -0.065514,
		0.036076, -0.966784, -0.253036,
		39.205719, 27.343842, 26.228304>
	pigment { color rgbt <0,1,1,0> }
	no_shadow
}
cylinder {
	<39.668152, 27.964901, 25.956823>,  <39.180466, 28.020590, 26.405430>, 0.130000
	pigment { color rgbt <1,0,0,0> }
	no_shadow
}

// nucleotide -1

// particle -1
sphere {
	<39.668152, 27.964901, 25.956823> 0.250000
	pigment { color rgbt <1,0,0,0> }
	no_shadow
}
cylinder {
	<39.403156, 27.673164, 25.888515>,  <39.244160, 27.498121, 25.847530>, 0.100000
	pigment { color rgbt <1,0,0,0> }
	no_shadow
}
cylinder {
	<39.403156, 27.673164, 25.888515>,  <39.668152, 27.964901, 25.956823>, 0.100000
	pigment { color rgbt <1,0,0,0> }
	no_shadow
}

// particle -1
sphere {
	<39.403156, 27.673164, 25.888515> 0.100000
	pigment { color rgbt <1,0,0,0> }
	no_shadow
}
sphere {
	0, 1
	scale<0.080000,0.200000,0.300000>
	matrix <-0.112333, 0.322131, -0.940007,
		0.740598, -0.603563, -0.295339,
		-0.662491, -0.729344, -0.170770,
		39.204411, 27.454361, 25.837284>
	pigment { color rgbt <0,1,1,0> }
	no_shadow
}
cylinder {
	<39.786266, 27.664564, 25.326706>,  <39.668152, 27.964901, 25.956823>, 0.130000
	pigment { color rgbt <1,0,0,0> }
	no_shadow
}

// nucleotide -1

// particle -1
sphere {
	<39.786266, 27.664564, 25.326706> 0.250000
	pigment { color rgbt <1,0,0,0> }
	no_shadow
}
cylinder {
	<39.401493, 27.591209, 25.407745>,  <39.170628, 27.547197, 25.456369>, 0.100000
	pigment { color rgbt <1,0,0,0> }
	no_shadow
}
cylinder {
	<39.401493, 27.591209, 25.407745>,  <39.786266, 27.664564, 25.326706>, 0.100000
	pigment { color rgbt <1,0,0,0> }
	no_shadow
}

// particle -1
sphere {
	<39.401493, 27.591209, 25.407745> 0.100000
	pigment { color rgbt <1,0,0,0> }
	no_shadow
}
sphere {
	0, 1
	scale<0.080000,0.200000,0.300000>
	matrix <-0.247056, 0.266759, -0.931559,
		0.116789, -0.946155, -0.301912,
		-0.961937, -0.183385, 0.202599,
		39.112911, 27.536194, 25.468525>
	pigment { color rgbt <0,1,1,0> }
	no_shadow
}
cylinder {
	<39.540684, 27.464127, 24.719679>,  <39.786266, 27.664564, 25.326706>, 0.130000
	pigment { color rgbt <1,0,0,0> }
	no_shadow
}

// nucleotide -1

// particle -1
sphere {
	<39.540684, 27.464127, 24.719679> 0.250000
	pigment { color rgbt <1,0,0,0> }
	no_shadow
}
cylinder {
	<39.187038, 27.509594, 24.900970>,  <38.974850, 27.536875, 25.009745>, 0.100000
	pigment { color rgbt <1,0,0,0> }
	no_shadow
}
cylinder {
	<39.187038, 27.509594, 24.900970>,  <39.540684, 27.464127, 24.719679>, 0.100000
	pigment { color rgbt <1,0,0,0> }
	no_shadow
}

// particle -1
sphere {
	<39.187038, 27.509594, 24.900970> 0.100000
	pigment { color rgbt <1,0,0,0> }
	no_shadow
}
sphere {
	0, 1
	scale<0.080000,0.200000,0.300000>
	matrix <-0.412516, 0.265708, -0.871338,
