// switches for output
#declare DRAW_BASES = 1; // possible values are 0, 1; only relevant for DNA ribbons
#declare DRAW_BASES_TYPE = 3; // possible values are 1, 2, 3; only relevant for DNA ribbons
#declare DRAW_FOG = 0; // set to 1 to enable fog

#include "colors.inc"

#include "transforms.inc"
background { rgb <1, 1, 1>}

#default {
   normal{
       ripples 0.25
       frequency 0.20
       turbulence 0.2
       lambda 5
   }
	finish {
		phong 0.1
		phong_size 40.
	}
}

// original window dimensions: 1024x640


// camera settings

camera {
	sky <-0, 1, 0>
	up <-0, 1, 0>
	right 1.6 * <0.581683, 0, 0.813415>
	location <-54.4937, 30, 90.4225>
	look_at <30, 30, 30>
	direction <84.4937, 0, -60.4225>
	angle 67.0682
}


# declare cpy_camera_pos = <-54.4937, 30, 90.4225>;
# if (DRAW_FOG = 1)
fog {
	fog_type 2
	up vnormalize(cpy_camera_pos)
	color rgbt<1,1,1,0.3>
	distance 1e-5
	fog_alt 3e-3
	fog_offset 48
}
# end


// LIGHTS

# declare lum = 6;
global_settings {
	ambient_light rgb lum * <0.05, 0.05, 0.05>
	max_trace_level 15
}# declare cpy_direct_light_amount = 0.25;
light_source
{	1000 * <0.231732, -1, 1.3951>,
	rgb lum * cpy_direct_light_amount
	parallel
}

light_source
{	1000 * <-0.231732, 1, -1.3951>,
	rgb lum * cpy_direct_light_amount
	parallel
}

// strand 0

// nucleotide -1

// particle -1
sphere {
	<42.915039, 32.746902, 22.892546> 0.250000
	pigment { color rgbt <1,0,0,0> }
	no_shadow
}
cylinder {
	<43.078018, 32.384487, 22.938297>,  <43.175804, 32.167038, 22.965748>, 0.100000
	pigment { color rgbt <1,0,0,0> }
	no_shadow
}
cylinder {
	<43.078018, 32.384487, 22.938297>,  <42.915039, 32.746902, 22.892546>, 0.100000
	pigment { color rgbt <1,0,0,0> }
	no_shadow
}

// particle -1
sphere {
	<43.078018, 32.384487, 22.938297> 0.100000
	pigment { color rgbt <1,0,0,0> }
	no_shadow
}
sphere {
	0, 1
	scale<0.080000,0.200000,0.300000>
	matrix <-0.912501, -0.408916, 0.011398,
		0.036445, -0.109017, -0.993372,
		0.407448, -0.906037, 0.114381,
		43.200253, 32.112675, 22.972612>
	pigment { color rgbt <0,1,1,0> }
	no_shadow
}
cylinder {
	<42.945221, 32.249462, 22.414825>,  <42.915039, 32.746902, 22.892546>, 0.130000
	pigment { color rgbt <1,0,0,0> }
	no_shadow
}

// nucleotide -1

// particle -1
sphere {
	<42.945221, 32.249462, 22.414825> 0.250000
	pigment { color rgbt <1,0,0,0> }
	no_shadow
}
cylinder {
	<42.867146, 32.018875, 22.732212>,  <42.820301, 31.880524, 22.922644>, 0.100000
	pigment { color rgbt <1,0,0,0> }
	no_shadow
}
cylinder {
	<42.867146, 32.018875, 22.732212>,  <42.945221, 32.249462, 22.414825>, 0.100000
	pigment { color rgbt <1,0,0,0> }
	no_shadow
}

// particle -1
sphere {
	<42.867146, 32.018875, 22.732212> 0.100000
	pigment { color rgbt <1,0,0,0> }
	no_shadow
}
sphere {
	0, 1
	scale<0.080000,0.200000,0.300000>
	matrix <-0.917048, -0.179573, -0.356057,
		0.347739, -0.797146, -0.493594,
		-0.195193, -0.576465, 0.793466,
		42.808586, 31.845936, 22.970251>
	pigment { color rgbt <0,1,1,0> }
	no_shadow
}
cylinder {
	<42.543041, 31.686106, 22.206516>,  <42.945221, 32.249462, 22.414825>, 0.130000
	pigment { color rgbt <1,0,0,0> }
	no_shadow
}

// nucleotide -1

// particle -1
sphere {
	<42.543041, 31.686106, 22.206516> 0.250000
	pigment { color rgbt <1,0,0,0> }
	no_shadow
}
cylinder {
	<42.425247, 31.707821, 22.588161>,  <42.354572, 31.720850, 22.817148>, 0.100000
	pigment { color rgbt <1,0,0,0> }
	no_shadow
}
cylinder {
	<42.425247, 31.707821, 22.588161>,  <42.543041, 31.686106, 22.206516>, 0.100000
	pigment { color rgbt <1,0,0,0> }
	no_shadow
}

// particle -1
sphere {
	<42.425247, 31.707821, 22.588161> 0.100000
	pigment { color rgbt <1,0,0,0> }
	no_shadow
}
sphere {
	0, 1
	scale<0.080000,0.200000,0.300000>
	matrix <-0.955041, -0.052538, -0.291783,
		0.034289, -0.997142, 0.067314,
		-0.294486, 0.054283, 0.954113,
		42.336903, 31.724108, 22.874395>
	pigment { color rgbt <0,1,1,0> }
	no_shadow
}
cylinder {
	<41.923660, 31.980442, 22.429926>,  <42.543041, 31.686106, 22.206516>, 0.130000
	pigment { color rgbt <1,0,0,0> }
	no_shadow
}

// nucleotide -1

// particle -1
sphere {
	<41.923660, 31.980442, 22.429926> 0.250000
	pigment { color rgbt <1,0,0,0> }
	no_shadow
}
cylinder {
	<42.193645, 32.113686, 22.166573>,  <42.355637, 32.193630, 22.008560>, 0.100000
	pigment { color rgbt <1,0,0,0> }
	no_shadow
}
cylinder {
	<42.193645, 32.113686, 22.166573>,  <41.923660, 31.980442, 22.429926>, 0.100000
	pigment { color rgbt <1,0,0,0> }
	no_shadow
}

// particle -1
sphere {
	<42.193645, 32.113686, 22.166573> 0.100000
	pigment { color rgbt <1,0,0,0> }
	no_shadow
}
sphere {
	0, 1
	scale<0.080000,0.200000,0.300000>
	matrix <0.141600, 0.817231, 0.558644,
		0.724140, -0.470289, 0.504430,
		0.674960, 0.333109, -0.658383,
		42.396133, 32.213619, 21.969057>
	pigment { color rgbt <0,1,1,0> }
	no_shadow
}
cylinder {
	<41.761883, 32.723339, 22.359129>,  <41.923660, 31.980442, 22.429926>, 0.130000
	pigment { color rgbt <1,0,0,0> }
	no_shadow
}

// nucleotide -1

// particle -1
sphere {
	<41.761883, 32.723339, 22.359129> 0.250000
	pigment { color rgbt <1,0,0,0> }
	no_shadow
}
cylinder {
	<42.152092, 32.772465, 22.286167>,  <42.386219, 32.801941, 22.242390>, 0.100000
	pigment { color rgbt <1,0,0,0> }
	no_shadow
}
cylinder {
	<42.152092, 32.772465, 22.286167>,  <41.761883, 32.723339, 22.359129>, 0.100000
	pigment { color rgbt <1,0,0,0> }
	no_shadow
}

// particle -1
sphere {
	<42.152092, 32.772465, 22.286167> 0.100000
	pigment { color rgbt <1,0,0,0> }
	no_shadow
}
sphere {
	0, 1
	scale<0.080000,0.200000,0.300000>
	matrix <-0.123032, -0.382687, -0.915649,
		-0.182254, 0.915679, -0.358211,
		0.975524, 0.122810, -0.182404,
		42.444748, 32.809307, 22.231445>
	pigment { color rgbt <0,1,1,0> }
	no_shadow
}
cylinder {
	<41.554203, 32.988598, 22.855082>,  <41.761883, 32.723339, 22.359129>, 0.130000
	pigment { color rgbt <1,0,0,0> }
	no_shadow
}

// nucleotide -1

// particle -1
sphere {
	<41.554203, 32.988598, 22.855082> 0.250000
	pigment { color rgbt <1,0,0,0> }
	no_shadow
}
cylinder {
	<41.201542, 32.978760, 23.043587>,  <40.989944, 32.972858, 23.156691>, 0.100000
	pigment { color rgbt <1,0,0,0> }
	no_shadow
}
cylinder {
	<41.201542, 32.978760, 23.043587>,  <41.554203, 32.988598, 22.855082>, 0.100000
	pigment { color rgbt <1,0,0,0> }
	no_shadow
}

// particle -1
sphere {
	<41.201542, 32.978760, 23.043587> 0.100000
	pigment { color rgbt <1,0,0,0> }
	no_shadow
}
sphere {
	0, 1
	scale<0.080000,0.200000,0.300000>
	matrix <0.296231, -0.806213, 0.512121,
		0.367343, 0.591114, 0.718083,
		-0.881650, -0.024594, 0.471263,
		40.937046, 32.971382, 23.184965>
	pigment { color rgbt <0,1,1,0> }
	no_shadow
}
cylinder {
	<41.710369, 32.773743, 23.618860>,  <41.554203, 32.988598, 22.855082>, 0.130000
	pigment { color rgbt <1,0,0,0> }
	no_shadow
}

// nucleotide -1

// particle -1
sphere {
	<41.710369, 32.773743, 23.618860> 0.250000
	pigment { color rgbt <1,0,0,0> }
	no_shadow
}
cylinder {
	<41.332893, 32.675468, 23.530235>,  <41.106407, 32.616505, 23.477060>, 0.100000
	pigment { color rgbt <1,0,0,0> }
	no_shadow
}
cylinder {
	<41.332893, 32.675468, 23.530235>,  <41.710369, 32.773743, 23.618860>, 0.100000
	pigment { color rgbt <1,0,0,0> }
	no_shadow
}

// particle -1
sphere {
	<41.332893, 32.675468, 23.530235> 0.100000
	pigment { color rgbt <1,0,0,0> }
	no_shadow
}
sphere {
	0, 1
	scale<0.080000,0.200000,0.300000>
	matrix <0.021055, -0.712957, 0.700892,
		-0.330163, 0.656759, 0.677982,
		-0.943689, -0.245683, -0.221564,
		41.049786, 32.601765, 23.463766>
	pigment { color rgbt <0,1,1,0> }
	no_shadow
}
cylinder {
	<41.320194, 32.726776, 24.243576>,  <41.710369, 32.773743, 23.618860>, 0.130000
	pigment { color rgbt <1,0,0,0> }
	no_shadow
}

// nucleotide -1

// particle -1
sphere {
	<41.320194, 32.726776, 24.243576> 0.250000
	pigment { color rgbt <1,0,0,0> }
	no_shadow
}
cylinder {
	<41.145176, 32.492447, 23.970707>,  <41.040165, 32.351849, 23.806986>, 0.100000
	pigment { color rgbt <1,0,0,0> }
	no_shadow
}
cylinder {
	<41.145176, 32.492447, 23.970707>,  <41.320194, 32.726776, 24.243576>, 0.100000
	pigment { color rgbt <1,0,0,0> }
	no_shadow
}

// particle -1
sphere {
	<41.145176, 32.492447, 23.970707> 0.100000
	pigment { color rgbt <1,0,0,0> }
	no_shadow
}
sphere {
	0, 1
	scale<0.080000,0.200000,0.300000>
	matrix <-0.071590, -0.733543, 0.675862,
		-0.896341, 0.344558, 0.279021,
		-0.437548, -0.585828, -0.682171,
		41.013912, 32.316700, 23.766056>
	pigment { color rgbt <0,1,1,0> }
	no_shadow
}
cylinder {
	<40.838387, 32.373116, 24.646290>,  <41.320194, 32.726776, 24.243576>, 0.130000
	pigment { color rgbt <1,0,0,0> }
	no_shadow
}

// nucleotide -1

// particle -1
sphere {
	<40.838387, 32.373116, 24.646290> 0.250000
	pigment { color rgbt <1,0,0,0> }
	no_shadow
}
cylinder {
	<40.890022, 32.176533, 24.301777>,  <40.921001, 32.058582, 24.095070>, 0.100000
	pigment { color rgbt <1,0,0,0> }
	no_shadow
}
cylinder {
	<40.890022, 32.176533, 24.301777>,  <40.838387, 32.373116, 24.646290>, 0.100000
	pigment { color rgbt <1,0,0,0> }
	no_shadow
}

// particle -1
sphere {
	<40.890022, 32.176533, 24.301777> 0.100000
	pigment { color rgbt <1,0,0,0> }
	no_shadow
}
sphere {
	0, 1
	scale<0.080000,0.200000,0.300000>
	matrix <-0.077079, -0.870894, 0.485389,
		-0.988633, 0.003730, -0.150300,
		0.129085, -0.491457, -0.861282,
		40.928749, 32.029095, 24.043392>
	pigment { color rgbt <0,1,1,0> }
	no_shadow
}
cylinder {
	<40.341675, 31.821671, 24.660198>,  <40.838387, 32.373116, 24.646290>, 0.130000
	pigment { color rgbt <1,0,0,0> }
	no_shadow
}

// nucleotide -1

// particle -1
sphere {
	<40.341675, 31.821671, 24.660198> 0.250000
	pigment { color rgbt <1,0,0,0> }
	no_shadow
}
cylinder {
	<40.622787, 31.697060, 24.404369>,  <40.791454, 31.622293, 24.250872>, 0.100000
	pigment { color rgbt <1,0,0,0> }
	no_shadow
}
cylinder {
	<40.622787, 31.697060, 24.404369>,  <40.341675, 31.821671, 24.660198>, 0.100000
	pigment { color rgbt <1,0,0,0> }
	no_shadow
}

// particle -1
sphere {
	<40.622787, 31.697060, 24.404369> 0.100000
	pigment { color rgbt <1,0,0,0> }
	no_shadow
}
sphere {
	0, 1
	scale<0.080000,0.200000,0.300000>
	matrix <-0.115467, -0.937052, 0.329546,
		-0.701976, -0.157748, -0.694511,
		0.702778, -0.311527, -0.639574,
		40.833622, 31.603601, 24.212498>
	pigment { color rgbt <0,1,1,0> }
	no_shadow
}
cylinder {
	<40.117855, 31.203630, 24.376440>,  <40.341675, 31.821671, 24.660198>, 0.130000
	pigment { color rgbt <1,0,0,0> }
	no_shadow
}

// nucleotide -1

// particle -1
sphere {
	<40.117855, 31.203630, 24.376440> 0.250000
	pigment { color rgbt <1,0,0,0> }
	no_shadow
}
cylinder {
	<40.501736, 31.184799, 24.265617>,  <40.732063, 31.173500, 24.199123>, 0.100000
	pigment { color rgbt <1,0,0,0> }
	no_shadow
}
cylinder {
	<40.501736, 31.184799, 24.265617>,  <40.117855, 31.203630, 24.376440>, 0.100000
	pigment { color rgbt <1,0,0,0> }
	no_shadow
}

// particle -1
sphere {
	<40.501736, 31.184799, 24.265617> 0.100000
	pigment { color rgbt <1,0,0,0> }
	no_shadow
}
sphere {
	0, 1
	scale<0.080000,0.200000,0.300000>
	matrix <0.009632, -0.979778, 0.199854,
		-0.280861, -0.194469, -0.939840,
		0.959700, -0.047078, -0.277054,
		40.789646, 31.170675, 24.182501>
	pigment { color rgbt <0,1,1,0> }
	no_shadow
}
cylinder {
	<40.208813, 30.621441, 23.993181>,  <40.117855, 31.203630, 24.376440>, 0.130000
	pigment { color rgbt <1,0,0,0> }
	no_shadow
}

// nucleotide -1

// particle -1
sphere {
	<40.208813, 30.621441, 23.993181> 0.250000
	pigment { color rgbt <1,0,0,0> }
	no_shadow
}
cylinder {
	<40.583652, 30.716137, 24.095791>,  <40.808556, 30.772955, 24.157356>, 0.100000
	pigment { color rgbt <1,0,0,0> }
	no_shadow
}
cylinder {
	<40.583652, 30.716137, 24.095791>,  <40.208813, 30.621441, 23.993181>, 0.100000
	pigment { color rgbt <1,0,0,0> }
	no_shadow
}

// particle -1
sphere {
	<40.583652, 30.716137, 24.095791> 0.100000
	pigment { color rgbt <1,0,0,0> }
	no_shadow
}
sphere {
	0, 1
	scale<0.080000,0.200000,0.300000>
	matrix <0.197317, -0.965454, 0.170189,
		0.287952, -0.108867, -0.951437,
		0.937097, 0.236741, 0.256523,
		40.864780, 30.787159, 24.172749>
	pigment { color rgbt <0,1,1,0> }
	no_shadow
}
cylinder {
	<40.632729, 30.171844, 23.628550>,  <40.208813, 30.621441, 23.993181>, 0.130000
	pigment { color rgbt <1,0,0,0> }
	no_shadow
}

// nucleotide -1

// particle -1
sphere {
	<40.632729, 30.171844, 23.628550> 0.250000
	pigment { color rgbt <1,0,0,0> }
	no_shadow
}
cylinder {
	<40.819981, 30.315434, 23.951534>,  <40.932331, 30.401587, 24.145325>, 0.100000
	pigment { color rgbt <1,0,0,0> }
	no_shadow
}
cylinder {
	<40.819981, 30.315434, 23.951534>,  <40.632729, 30.171844, 23.628550>, 0.100000
	pigment { color rgbt <1,0,0,0> }
	no_shadow
}

// particle -1
sphere {
	<40.819981, 30.315434, 23.951534> 0.100000
	pigment { color rgbt <1,0,0,0> }
	no_shadow
}
sphere {
	0, 1
	scale<0.080000,0.200000,0.300000>
	matrix <0.201368, -0.933063, 0.298066,
		0.860412, 0.023065, -0.509077,
		0.468126, 0.358971, 0.807464,
		40.960419, 30.423124, 24.193773>
	pigment { color rgbt <0,1,1,0> }
	no_shadow
}
cylinder {
	<41.233719, 29.846603, 23.566723>,  <40.632729, 30.171844, 23.628550>, 0.130000
	pigment { color rgbt <1,0,0,0> }
	no_shadow
}

// nucleotide -1

// particle -1
sphere {
	<41.233719, 29.846603, 23.566723> 0.250000
	pigment { color rgbt <1,0,0,0> }
	no_shadow
}
cylinder {
	<41.160229, 29.938694, 23.948978>,  <41.116135, 29.993948, 24.178331>, 0.100000
	pigment { color rgbt <1,0,0,0> }
	no_shadow
}
cylinder {
	<41.160229, 29.938694, 23.948978>,  <41.233719, 29.846603, 23.566723>, 0.100000
	pigment { color rgbt <1,0,0,0> }
	no_shadow
}

// particle -1
sphere {
	<41.160229, 29.938694, 23.948978> 0.100000
	pigment { color rgbt <1,0,0,0> }
	no_shadow
}
sphere {
	0, 1
	scale<0.080000,0.200000,0.300000>
	matrix <0.206695, -0.941401, 0.266535,
		0.961001, 0.246494, 0.125372,
		-0.183725, 0.230226, 0.955636,
		41.105110, 30.007761, 24.235670>
	pigment { color rgbt <0,1,1,0> }
	no_shadow
}
cylinder {
	<41.843788, 29.617674, 23.915270>,  <41.233719, 29.846603, 23.566723>, 0.130000
	pigment { color rgbt <1,0,0,0> }
	no_shadow
}

// nucleotide -1

// particle -1
sphere {
	<41.843788, 29.617674, 23.915270> 0.250000
	pigment { color rgbt <1,0,0,0> }
	no_shadow
}
cylinder {
	<41.581196, 29.675415, 24.211430>,  <41.423641, 29.710060, 24.389126>, 0.100000
	pigment { color rgbt <1,0,0,0> }
	no_shadow
}
cylinder {
	<41.581196, 29.675415, 24.211430>,  <41.843788, 29.617674, 23.915270>, 0.100000
	pigment { color rgbt <1,0,0,0> }
	no_shadow
}

// particle -1
sphere {
	<41.581196, 29.675415, 24.211430> 0.100000
	pigment { color rgbt <1,0,0,0> }
	no_shadow
}
sphere {
	0, 1
	scale<0.080000,0.200000,0.300000>
	matrix <0.204771, -0.910562, 0.359090,
		0.726015, 0.387349, 0.568210,
		-0.656484, 0.144351, 0.740400,
		41.384251, 29.718721, 24.433550>
	pigment { color rgbt <0,1,1,0> }
	no_shadow
}
cylinder {
	<42.191841, 29.516781, 24.548128>,  <41.843788, 29.617674, 23.915270>, 0.130000
	pigment { color rgbt <1,0,0,0> }
	no_shadow
}

// nucleotide -1

// particle -1
sphere {
	<42.191841, 29.516781, 24.548128> 0.250000
	pigment { color rgbt <1,0,0,0> }
	no_shadow
}
cylinder {
	<41.805752, 29.447495, 24.626446>,  <41.574097, 29.405922, 24.673437>, 0.100000
	pigment { color rgbt <1,0,0,0> }
	no_shadow
}
cylinder {
	<41.805752, 29.447495, 24.626446>,  <42.191841, 29.516781, 24.548128>, 0.100000
	pigment { color rgbt <1,0,0,0> }
	no_shadow
}

// particle -1
sphere {
	<41.805752, 29.447495, 24.626446> 0.100000
	pigment { color rgbt <1,0,0,0> }
	no_shadow
}
sphere {
	0, 1
	scale<0.080000,0.200000,0.300000>
	matrix <0.227108, -0.926543, 0.299901,
		0.129465, 0.333939, 0.933661,
		-0.965226, -0.173215, 0.195795,
		41.516186, 29.395531, 24.685184>
	pigment { color rgbt <0,1,1,0> }
	no_shadow
}
cylinder {
	<42.157085, 29.109985, 25.140072>,  <42.191841, 29.516781, 24.548128>, 0.130000
	pigment { color rgbt <1,0,0,0> }
	no_shadow
}

// nucleotide -1

// particle -1
sphere {
	<42.157085, 29.109985, 25.140072> 0.250000
	pigment { color rgbt <1,0,0,0> }
	no_shadow
}
cylinder {
	<41.785416, 29.062607, 25.000015>,  <41.562412, 29.034180, 24.915981>, 0.100000
	pigment { color rgbt <1,0,0,0> }
	no_shadow
}
cylinder {
	<41.785416, 29.062607, 25.000015>,  <42.157085, 29.109985, 25.140072>, 0.100000
	pigment { color rgbt <1,0,0,0> }
	no_shadow
}

// particle -1
sphere {
	<41.785416, 29.062607, 25.000015> 0.100000
	pigment { color rgbt <1,0,0,0> }
	no_shadow
}
sphere {
	0, 1
	scale<0.080000,0.200000,0.300000>
	matrix <-0.003041, -0.944785, 0.327678,
		-0.369622, 0.305536, 0.877512,
		-0.929177, -0.118448, -0.350142,
		41.506664, 29.027073, 24.894972>
	pigment { color rgbt <0,1,1,0> }
	no_shadow
}
cylinder {
	<41.790714, 28.790987, 25.666613>,  <42.157085, 29.109985, 25.140072>, 0.130000
	pigment { color rgbt <1,0,0,0> }
	no_shadow
}

// nucleotide -1

// particle -1
sphere {
	<41.790714, 28.790987, 25.666613> 0.250000
	pigment { color rgbt <1,0,0,0> }
	no_shadow
}
cylinder {
	<41.593193, 28.704170, 25.329792>,  <41.474682, 28.652081, 25.127699>, 0.100000
	pigment { color rgbt <1,0,0,0> }
	no_shadow
}
cylinder {
	<41.593193, 28.704170, 25.329792>,  <41.790714, 28.790987, 25.666613>, 0.100000
	pigment { color rgbt <1,0,0,0> }
	no_shadow
}

// particle -1
sphere {
	<41.593193, 28.704170, 25.329792> 0.100000
	pigment { color rgbt <1,0,0,0> }
	no_shadow
}
sphere {
	0, 1
	scale<0.080000,0.200000,0.300000>
	matrix <-0.084132, -0.951882, 0.294690,
		-0.865495, 0.216362, 0.451780,
		-0.493801, -0.217043, -0.842053,
		41.445053, 28.639057, 25.077177>
	pigment { color rgbt <0,1,1,0> }
	no_shadow
}
cylinder {
	<41.215900, 28.359600, 25.896400>,  <41.790714, 28.790987, 25.666613>, 0.130000
	pigment { color rgbt <1,0,0,0> }
	no_shadow
}

// nucleotide -1

// particle -1
sphere {
	<41.215900, 28.359600, 25.896400> 0.250000
	pigment { color rgbt <1,0,0,0> }
	no_shadow
}
cylinder {
	<41.242397, 28.267815, 25.507977>,  <41.258293, 28.212744, 25.274921>, 0.100000
	pigment { color rgbt <1,0,0,0> }
	no_shadow
}
cylinder {
	<41.242397, 28.267815, 25.507977>,  <41.215900, 28.359600, 25.896400>, 0.100000
	pigment { color rgbt <1,0,0,0> }
	no_shadow
}

// particle -1
sphere {
	<41.242397, 28.267815, 25.507977> 0.100000
	pigment { color rgbt <1,0,0,0> }
	no_shadow
}
sphere {
	0, 1
	scale<0.080000,0.200000,0.300000>
	matrix <-0.293495, -0.934626, 0.200834,
		-0.953663, 0.271699, -0.129256,
		0.066239, -0.229464, -0.971061,
		41.262268, 28.198975, 25.216658>
	pigment { color rgbt <0,1,1,0> }
	no_shadow
}
cylinder {
	<40.618271, 28.013161, 25.779686>,  <41.215900, 28.359600, 25.896400>, 0.130000
	pigment { color rgbt <1,0,0,0> }
	no_shadow
}

// nucleotide -1

// particle -1
sphere {
	<40.618271, 28.013161, 25.779686> 0.250000
	pigment { color rgbt <1,0,0,0> }
	no_shadow
}
cylinder {
	<40.848099, 27.923500, 25.464821>,  <40.985996, 27.869703, 25.275902>, 0.100000
	pigment { color rgbt <1,0,0,0> }
	no_shadow
}
cylinder {
	<40.848099, 27.923500, 25.464821>,  <40.618271, 28.013161, 25.779686>, 0.100000
	pigment { color rgbt <1,0,0,0> }
	no_shadow
}

// particle -1
sphere {
	<40.848099, 27.923500, 25.464821> 0.100000
	pigment { color rgbt <1,0,0,0> }
	no_shadow
}
sphere {
	0, 1
	scale<0.080000,0.200000,0.300000>
	matrix <-0.231703, -0.966969, 0.106229,
		-0.784972, 0.121351, -0.607530,
		0.574572, -0.224153, -0.787161,
		41.020470, 27.856255, 25.228672>
	pigment { color rgbt <0,1,1,0> }
	no_shadow
}
cylinder {
	<40.246708, 27.519033, 25.410196>,  <40.618271, 28.013161, 25.779686>, 0.130000
	pigment { color rgbt <1,0,0,0> }
	no_shadow
}

// nucleotide -1

// particle -1
sphere {
	<40.246708, 27.519033, 25.410196> 0.250000
	pigment { color rgbt <1,0,0,0> }
	no_shadow
}
cylinder {
	<40.621658, 27.467987, 25.280552>,  <40.846626, 27.437359, 25.202766>, 0.100000
	pigment { color rgbt <1,0,0,0> }
	no_shadow
}
cylinder {
	<40.621658, 27.467987, 25.280552>,  <40.246708, 27.519033, 25.410196>, 0.100000
	pigment { color rgbt <1,0,0,0> }
	no_shadow
}

// particle -1
sphere {
	<40.621658, 27.467987, 25.280552> 0.100000
	pigment { color rgbt <1,0,0,0> }
	no_shadow
}
sphere {
	0, 1
	scale<0.080000,0.200000,0.300000>
	matrix <-0.180720, -0.973619, -0.139309,
		-0.297780, 0.189158, -0.935706,
		0.937373, -0.127617, -0.324109,
		40.902870, 27.429703, 25.183319>
	pigment { color rgbt <0,1,1,0> }
	no_shadow
}
cylinder {
	<40.191433, 27.133961, 24.680300>,  <40.246708, 27.519033, 25.410196>, 0.130000
	pigment { color rgbt <1,0,0,0> }
	no_shadow
}

// nucleotide -1

// particle -1
sphere {
	<40.191433, 27.133961, 24.680300> 0.250000
	pigment { color rgbt <1,0,0,0> }
	no_shadow
}
cylinder {
	<40.545799, 27.055058, 24.848228>,  <40.758419, 27.007715, 24.948986>, 0.100000
	pigment { color rgbt <1,0,0,0> }
	no_shadow
}
cylinder {
	<40.545799, 27.055058, 24.848228>,  <40.191433, 27.133961, 24.680300>, 0.100000
	pigment { color rgbt <1,0,0,0> }
	no_shadow
}

// particle -1
sphere {
	<40.545799, 27.055058, 24.848228> 0.100000
	pigment { color rgbt <1,0,0,0> }
	no_shadow
}
sphere {
	0, 1
	scale<0.080000,0.200000,0.300000>
	matrix <-0.082747, -0.957762, -0.275399,
		0.456413, 0.209241, -0.864815,
		0.885912, -0.197257, 0.419821,
		40.811573, 26.995880, 24.974174>
	pigment { color rgbt <0,1,1,0> }
	no_shadow
}
cylinder {
	<40.441700, 26.556063, 24.369244>,  <40.191433, 27.133961, 24.680300>, 0.130000
	pigment { color rgbt <1,0,0,0> }
	no_shadow
}

// nucleotide -1

// particle -1
sphere {
	<40.441700, 26.556063, 24.369244> 0.250000
	pigment { color rgbt <1,0,0,0> }
	no_shadow
}
cylinder {
	<40.696033, 26.562141, 24.677914>,  <40.848633, 26.565788, 24.863115>, 0.100000
	pigment { color rgbt <1,0,0,0> }
	no_shadow
}
cylinder {
	<40.696033, 26.562141, 24.677914>,  <40.441700, 26.556063, 24.369244>, 0.100000
	pigment { color rgbt <1,0,0,0> }
	no_shadow
}

// particle -1
sphere {
	<40.696033, 26.562141, 24.677914> 0.100000
	pigment { color rgbt <1,0,0,0> }
	no_shadow
}
sphere {
	0, 1
	scale<0.080000,0.200000,0.300000>
	matrix <0.109495, -0.991470, -0.070696,
		0.764016, 0.129445, -0.632078,
		0.635838, 0.015197, 0.771673,
		40.886784, 26.566700, 24.909416>
	pigment { color rgbt <0,1,1,0> }
	no_shadow
}
cylinder {
	<40.848774, 25.940960, 24.168451>,  <40.441700, 26.556063, 24.369244>, 0.130000
	pigment { color rgbt <1,0,0,0> }
	no_shadow
}

// nucleotide -1

// particle -1
sphere {
	<40.848774, 25.940960, 24.168451> 0.250000
	pigment { color rgbt <1,0,0,0> }
	no_shadow
}
cylinder {
	<40.945198, 26.045574, 24.542294>,  <41.003052, 26.108343, 24.766600>, 0.100000
	pigment { color rgbt <1,0,0,0> }
	no_shadow
}
cylinder {
	<40.945198, 26.045574, 24.542294>,  <40.848774, 25.940960, 24.168451>, 0.100000
	pigment { color rgbt <1,0,0,0> }
	no_shadow
}

// particle -1
sphere {
	<40.945198, 26.045574, 24.542294> 0.100000
	pigment { color rgbt <1,0,0,0> }
	no_shadow
}
sphere {
	0, 1
	scale<0.080000,0.200000,0.300000>
	matrix <0.160093, -0.960528, 0.227498,
		0.957214, 0.094783, -0.273419,
		0.241064, 0.261537, 0.934605,
		41.017517, 26.124035, 24.822676>
	pigment { color rgbt <0,1,1,0> }
	no_shadow
}
cylinder {
	<41.558823, 25.600798, 24.399794>,  <40.848774, 25.940960, 24.168451>, 0.130000
	pigment { color rgbt <1,0,0,0> }
	no_shadow
}

// nucleotide -1

// particle -1
sphere {
	<41.558823, 25.600798, 24.399794> 0.250000
	pigment { color rgbt <1,0,0,0> }
	no_shadow
}
cylinder {
	<41.348663, 25.683681, 24.729889>,  <41.222569, 25.733412, 24.927946>, 0.100000
	pigment { color rgbt <1,0,0,0> }
	no_shadow
}
cylinder {
	<41.348663, 25.683681, 24.729889>,  <41.558823, 25.600798, 24.399794>, 0.100000
	pigment { color rgbt <1,0,0,0> }
	no_shadow
}

// particle -1
sphere {
	<41.348663, 25.683681, 24.729889> 0.100000
	pigment { color rgbt <1,0,0,0> }
	no_shadow
}
sphere {
	0, 1
	scale<0.080000,0.200000,0.300000>
	matrix <0.162348, -0.927660, 0.336287,
		0.835225, 0.310661, 0.453750,
		-0.525397, 0.207210, 0.825240,
		41.191044, 25.745844, 24.977461>
	pigment { color rgbt <0,1,1,0> }
	no_shadow
}
cylinder {
	<41.988934, 25.346176, 25.048096>,  <41.558823, 25.600798, 24.399794>, 0.130000
	pigment { color rgbt <1,0,0,0> }
	no_shadow
}

// nucleotide -1

// particle -1
sphere {
	<41.988934, 25.346176, 25.048096> 0.250000
	pigment { color rgbt <1,0,0,0> }
	no_shadow
}
cylinder {
	<41.597534, 25.355045, 25.130116>,  <41.362694, 25.360367, 25.179327>, 0.100000
	pigment { color rgbt <1,0,0,0> }
	no_shadow
}
cylinder {
	<41.597534, 25.355045, 25.130116>,  <41.988934, 25.346176, 25.048096>, 0.100000
	pigment { color rgbt <1,0,0,0> }
	no_shadow
}

// particle -1
sphere {
	<41.597534, 25.355045, 25.130116> 0.100000
	pigment { color rgbt <1,0,0,0> }
	no_shadow
}
sphere {
	0, 1
	scale<0.080000,0.200000,0.300000>
	matrix <0.045137, -0.947083, 0.317800,
		0.201243, 0.320223, 0.925721,
		-0.978501, 0.022171, 0.205048,
		41.303986, 25.361696, 25.191629>
	pigment { color rgbt <0,1,1,0> }
	no_shadow
}
cylinder {
	<41.814018, 25.141531, 25.873611>,  <41.988934, 25.346176, 25.048096>, 0.130000
	pigment { color rgbt <1,0,0,0> }
	no_shadow
}

// nucleotide -1

// particle -1
sphere {
	<41.814018, 25.141531, 25.873611> 0.250000
	pigment { color rgbt <1,0,0,0> }
	no_shadow
}
cylinder {
	<41.558952, 25.058182, 25.576973>,  <41.405914, 25.008173, 25.398989>, 0.100000
	pigment { color rgbt <1,0,0,0> }
	no_shadow
}
cylinder {
	<41.558952, 25.058182, 25.576973>,  <41.814018, 25.141531, 25.873611>, 0.100000
	pigment { color rgbt <1,0,0,0> }
	no_shadow
}

// particle -1
sphere {
	<41.558952, 25.058182, 25.576973> 0.100000
	pigment { color rgbt <1,0,0,0> }
	no_shadow
}
sphere {
	0, 1
	scale<0.080000,0.200000,0.300000>
	matrix <0.121505, -0.977875, 0.170283,
		-0.760672, 0.018475, 0.648873,
		-0.637663, -0.208371, -0.741598,
		41.367653, 24.995670, 25.354494>
	pigment { color rgbt <0,1,1,0> }
	no_shadow
}
cylinder {
	<41.271469, 24.764738, 26.153337>,  <41.814018, 25.141531, 25.873611>, 0.130000
	pigment { color rgbt <1,0,0,0> }
	no_shadow
}

// nucleotide -1

// particle -1
sphere {
	<41.271469, 24.764738, 26.153337> 0.250000
	pigment { color rgbt <1,0,0,0> }
	no_shadow
}
cylinder {
	<41.405300, 24.692051, 25.783466>,  <41.485600, 24.648438, 25.561543>, 0.100000
	pigment { color rgbt <1,0,0,0> }
	no_shadow
}
cylinder {
	<41.405300, 24.692051, 25.783466>,  <41.271469, 24.764738, 26.153337>, 0.100000
	pigment { color rgbt <1,0,0,0> }
	no_shadow
}

// particle -1
sphere {
	<41.405300, 24.692051, 25.783466> 0.100000
	pigment { color rgbt <1,0,0,0> }
	no_shadow
}
sphere {
	0, 1
	scale<0.080000,0.200000,0.300000>
	matrix <0.201214, -0.944827, 0.258485,
		-0.920635, -0.272543, -0.279557,
		0.334582, -0.181719, -0.924680,
		41.505676, 24.637535, 25.506062>
	pigment { color rgbt <0,1,1,0> }
	no_shadow
}
cylinder {
	<40.941929, 24.191240, 25.803459>,  <41.271469, 24.764738, 26.153337>, 0.130000
	pigment { color rgbt <1,0,0,0> }
	no_shadow
}

// nucleotide -1

// particle -1
sphere {
	<40.941929, 24.191240, 25.803459> 0.250000
	pigment { color rgbt <1,0,0,0> }
	no_shadow
}
cylinder {
	<41.315037, 24.233509, 25.665600>,  <41.538902, 24.258871, 25.582884>, 0.100000
	pigment { color rgbt <1,0,0,0> }
	no_shadow
}
cylinder {
	<41.315037, 24.233509, 25.665600>,  <40.941929, 24.191240, 25.803459>, 0.100000
	pigment { color rgbt <1,0,0,0> }
	no_shadow
}

// particle -1
sphere {
	<41.315037, 24.233509, 25.665600> 0.100000
	pigment { color rgbt <1,0,0,0> }
	no_shadow
}
sphere {
	0, 1
	scale<0.080000,0.200000,0.300000>
	matrix <0.217241, -0.927737, 0.303495,
		-0.287671, -0.357962, -0.888318,
		0.932765, 0.105673, -0.344648,
		41.594868, 24.265211, 25.562206>
	pigment { color rgbt <0,1,1,0> }
	no_shadow
}
cylinder {
	<41.118519, 23.617146, 25.427404>,  <40.941929, 24.191240, 25.803459>, 0.130000
	pigment { color rgbt <1,0,0,0> }
	no_shadow
}

// nucleotide -1

// particle -1
sphere {
	<41.118519, 23.617146, 25.427404> 0.250000
	pigment { color rgbt <1,0,0,0> }
	no_shadow
}
cylinder {
	<41.438820, 23.780869, 25.602341>,  <41.631001, 23.879103, 25.707302>, 0.100000
	pigment { color rgbt <1,0,0,0> }
	no_shadow
}
cylinder {
	<41.438820, 23.780869, 25.602341>,  <41.118519, 23.617146, 25.427404>, 0.100000
	pigment { color rgbt <1,0,0,0> }
	no_shadow
}

// particle -1
sphere {
	<41.438820, 23.780869, 25.602341> 0.100000
	pigment { color rgbt <1,0,0,0> }
	no_shadow
}
sphere {
	0, 1
	scale<0.080000,0.200000,0.300000>
	matrix <0.253833, -0.893193, 0.371181,
		0.542559, -0.186211, -0.819119,
		0.800749, 0.409307, 0.437343,
		41.679043, 23.903660, 25.733543>
	pigment { color rgbt <0,1,1,0> }
	no_shadow
}
cylinder {
	<40.665329, 23.160019, 25.122887>,  <41.118519, 23.617146, 25.427404>, 0.130000
	pigment { color rgbt <1,0,0,0> }
	no_shadow
}

// nucleotide -1

// particle -1
sphere {
	<40.665329, 23.160019, 25.122887> 0.250000
	pigment { color rgbt <1,0,0,0> }
	no_shadow
}
cylinder {
	<40.517426, 23.016327, 24.780136>,  <40.428684, 22.930111, 24.574486>, 0.100000
	pigment { color rgbt <1,0,0,0> }
	no_shadow
}
cylinder {
	<40.517426, 23.016327, 24.780136>,  <40.665329, 23.160019, 25.122887>, 0.100000
	pigment { color rgbt <1,0,0,0> }
	no_shadow
}

// particle -1
sphere {
	<40.517426, 23.016327, 24.780136> 0.100000
	pigment { color rgbt <1,0,0,0> }
	no_shadow
}
sphere {
	0, 1
	scale<0.080000,0.200000,0.300000>
	matrix <-0.926125, 0.068395, 0.370964,
		-0.074657, 0.930739, -0.357983,
		-0.369755, -0.359232, -0.856874,
		40.406498, 22.908558, 24.523073>
	pigment { color rgbt <0,1,1,0> }
	no_shadow
}
cylinder {
	<40.345776, 23.592979, 25.610426>,  <40.665329, 23.160019, 25.122887>, 0.130000
	pigment { color rgbt <1,0,0,0> }
	no_shadow
}

// nucleotide -1

// particle -1
sphere {
	<40.345776, 23.592979, 25.610426> 0.250000
	pigment { color rgbt <1,0,0,0> }
	no_shadow
}
cylinder {
	<40.363777, 23.296150, 25.877949>,  <40.374577, 23.118053, 26.038464>, 0.100000
	pigment { color rgbt <1,0,0,0> }
	no_shadow
}
cylinder {
	<40.363777, 23.296150, 25.877949>,  <40.345776, 23.592979, 25.610426>, 0.100000
	pigment { color rgbt <1,0,0,0> }
	no_shadow
}

// particle -1
sphere {
	<40.363777, 23.296150, 25.877949> 0.100000
	pigment { color rgbt <1,0,0,0> }
	no_shadow
}
sphere {
	0, 1
	scale<0.080000,0.200000,0.300000>
	matrix <0.462686, -0.577869, -0.672301,
		0.885379, 0.339702, 0.317343,
		0.044999, -0.742072, 0.668809,
		40.377277, 23.073528, 26.078590>
	pigment { color rgbt <0,1,1,0> }
	no_shadow
}
cylinder {
	<39.621788, 23.207220, 25.638691>,  <40.345776, 23.592979, 25.610426>, 0.130000
	pigment { color rgbt <1,0,0,0> }
	no_shadow
}

// nucleotide -1

// particle -1
sphere {
	<39.621788, 23.207220, 25.638691> 0.250000
	pigment { color rgbt <1,0,0,0> }
	no_shadow
}
cylinder {
	<39.250019, 23.141674, 25.770950>,  <39.026958, 23.102346, 25.850306>, 0.100000
	pigment { color rgbt <1,0,0,0> }
	no_shadow
}
cylinder {
	<39.250019, 23.141674, 25.770950>,  <39.621788, 23.207220, 25.638691>, 0.100000
	pigment { color rgbt <1,0,0,0> }
	no_shadow
}

// particle -1
sphere {
	<39.250019, 23.141674, 25.770950> 0.100000
	pigment { color rgbt <1,0,0,0> }
	no_shadow
}
sphere {
	0, 1
	scale<0.080000,0.200000,0.300000>
	matrix <-0.234896, 0.953743, -0.187613,
		-0.284609, -0.252039, -0.924919,
		-0.929420, -0.163864, 0.330646,
		38.971191, 23.092514, 25.870144>
	pigment { color rgbt <0,1,1,0> }
	no_shadow
}
cylinder {
	<39.154041, 23.355852, 25.129354>,  <39.621788, 23.207220, 25.638691>, 0.130000
	pigment { color rgbt <1,0,0,0> }
	no_shadow
}

// nucleotide -1

// particle -1
sphere {
	<39.154041, 23.355852, 25.129354> 0.250000
	pigment { color rgbt <1,0,0,0> }
	no_shadow
}
cylinder {
	<38.985992, 23.408833, 25.488453>,  <38.885162, 23.440620, 25.703913>, 0.100000
	pigment { color rgbt <1,0,0,0> }
	no_shadow
}
cylinder {
	<38.985992, 23.408833, 25.488453>,  <39.154041, 23.355852, 25.129354>, 0.100000
	pigment { color rgbt <1,0,0,0> }
	no_shadow
}

// particle -1
sphere {
	<38.985992, 23.408833, 25.488453> 0.100000
	pigment { color rgbt <1,0,0,0> }
	no_shadow
}
sphere {
	0, 1
	scale<0.080000,0.200000,0.300000>
	matrix <-0.171749, 0.959805, -0.221984,
		-0.891065, -0.247448, -0.380489,
		-0.420124, 0.132453, 0.897748,
		38.859955, 23.448568, 25.757778>
	pigment { color rgbt <0,1,1,0> }
	no_shadow
}
cylinder {
	<38.445831, 23.608377, 25.015402>,  <39.154041, 23.355852, 25.129354>, 0.130000
	pigment { color rgbt <1,0,0,0> }
	no_shadow
}

// nucleotide -1

// particle -1
sphere {
	<38.445831, 23.608377, 25.015402> 0.250000
	pigment { color rgbt <1,0,0,0> }
	no_shadow
}
cylinder {
	<38.573837, 23.769741, 25.358295>,  <38.650642, 23.866560, 25.564032>, 0.100000
	pigment { color rgbt <1,0,0,0> }
	no_shadow
}
cylinder {
	<38.573837, 23.769741, 25.358295>,  <38.445831, 23.608377, 25.015402>, 0.100000
	pigment { color rgbt <1,0,0,0> }
	no_shadow
}

// particle -1
sphere {
	<38.573837, 23.769741, 25.358295> 0.100000
	pigment { color rgbt <1,0,0,0> }
	no_shadow
}
sphere {
	0, 1
	scale<0.080000,0.200000,0.300000>
	matrix <-0.303740, 0.900741, -0.310496,
		-0.897403, -0.161012, 0.410782,
		0.320015, 0.403411, 0.857234,
		38.669842, 23.890764, 25.615465>
	pigment { color rgbt <0,1,1,0> }
	no_shadow
}
cylinder {
	<37.865356, 24.084455, 25.328432>,  <38.445831, 23.608377, 25.015402>, 0.130000
	pigment { color rgbt <1,0,0,0> }
	no_shadow
}

// nucleotide -1

// particle -1
sphere {
	<37.865356, 24.084455, 25.328432> 0.250000
	pigment { color rgbt <1,0,0,0> }
	no_shadow
}
cylinder {
	<38.231564, 24.200344, 25.440071>,  <38.451286, 24.269878, 25.507055>, 0.100000
	pigment { color rgbt <1,0,0,0> }
	no_shadow
}
cylinder {
	<38.231564, 24.200344, 25.440071>,  <37.865356, 24.084455, 25.328432>, 0.100000
	pigment { color rgbt <1,0,0,0> }
	no_shadow
}

// particle -1
sphere {
	<38.231564, 24.200344, 25.440071> 0.100000
	pigment { color rgbt <1,0,0,0> }
	no_shadow
}
sphere {
	0, 1
	scale<0.080000,0.200000,0.300000>
	matrix <-0.215644, 0.939117, -0.267502,
		-0.339607, 0.184716, 0.922251,
		0.915513, 0.289723, 0.279098,
		38.506218, 24.287262, 25.523800>
	pigment { color rgbt <0,1,1,0> }
	no_shadow
}
cylinder {
	<38.026047, 24.625690, 25.857594>,  <37.865356, 24.084455, 25.328432>, 0.130000
	pigment { color rgbt <1,0,0,0> }
	no_shadow
}

// nucleotide -1

// particle -1
sphere {
	<38.026047, 24.625690, 25.857594> 0.250000
	pigment { color rgbt <1,0,0,0> }
	no_shadow
}
cylinder {
	<38.353939, 24.652851, 25.630112>,  <38.550674, 24.669147, 25.493622>, 0.100000
	pigment { color rgbt <1,0,0,0> }
	no_shadow
}
cylinder {
	<38.353939, 24.652851, 25.630112>,  <38.026047, 24.625690, 25.857594>, 0.100000
	pigment { color rgbt <1,0,0,0> }
	no_shadow
}

// particle -1
sphere {
	<38.353939, 24.652851, 25.630112> 0.100000
	pigment { color rgbt <1,0,0,0> }
	no_shadow
}
sphere {
	0, 1
	scale<0.080000,0.200000,0.300000>
	matrix <-0.064018, 0.997588, 0.026837,
		0.569155, 0.014408, 0.822104,
		0.819735, 0.067904, -0.568704,
		38.599861, 24.673222, 25.459501>
	pigment { color rgbt <0,1,1,0> }
	no_shadow
}
cylinder {
	<38.460648, 25.233313, 26.053017>,  <38.026047, 24.625690, 25.857594>, 0.130000
	pigment { color rgbt <1,0,0,0> }
	no_shadow
}

// nucleotide -1

// particle -1
sphere {
	<38.460648, 25.233313, 26.053017> 0.250000
	pigment { color rgbt <1,0,0,0> }
	no_shadow
}
cylinder {
	<38.497620, 25.153786, 25.662750>,  <38.519802, 25.106070, 25.428591>, 0.100000
	pigment { color rgbt <1,0,0,0> }
	no_shadow
}
cylinder {
	<38.497620, 25.153786, 25.662750>,  <38.460648, 25.233313, 26.053017>, 0.100000
	pigment { color rgbt <1,0,0,0> }
	no_shadow
}

// particle -1
sphere {
	<38.497620, 25.153786, 25.662750> 0.100000
	pigment { color rgbt <1,0,0,0> }
	no_shadow
}
sphere {
	0, 1
	scale<0.080000,0.200000,0.300000>
	matrix <0.023545, 0.980025, -0.197475,
		0.995441, -0.004720, 0.095265,
		0.092430, -0.198818, -0.975668,
		38.525349, 25.094141, 25.370050>
	pigment { color rgbt <0,1,1,0> }
	no_shadow
}
cylinder {
	<39.048794, 25.741375, 25.920763>,  <38.460648, 25.233313, 26.053017>, 0.130000
	pigment { color rgbt <1,0,0,0> }
	no_shadow
}

// nucleotide -1

// particle -1
sphere {
	<39.048794, 25.741375, 25.920763> 0.250000
	pigment { color rgbt <1,0,0,0> }
	no_shadow
}
cylinder {
	<38.865685, 25.638462, 25.580353>,  <38.755817, 25.576714, 25.376106>, 0.100000
	pigment { color rgbt <1,0,0,0> }
	no_shadow
}
cylinder {
	<38.865685, 25.638462, 25.580353>,  <39.048794, 25.741375, 25.920763>, 0.100000
	pigment { color rgbt <1,0,0,0> }
	no_shadow
}

// particle -1
sphere {
	<38.865685, 25.638462, 25.580353> 0.100000
	pigment { color rgbt <1,0,0,0> }
	no_shadow
}
sphere {
	0, 1
	scale<0.080000,0.200000,0.300000>
	matrix <0.035382, 0.951182, -0.306594,
		0.888364, -0.170462, -0.426324,
		-0.457774, -0.257283, -0.851028,
		38.728352, 25.561277, 25.325045>
	pigment { color rgbt <0,1,1,0> }
	no_shadow
}
cylinder {
	<39.365696, 26.153698, 25.456869>,  <39.048794, 25.741375, 25.920763>, 0.130000
	pigment { color rgbt <1,0,0,0> }
	no_shadow
}

// nucleotide -1

// particle -1
sphere {
	<39.365696, 26.153698, 25.456869> 0.250000
	pigment { color rgbt <1,0,0,0> }
	no_shadow
}
cylinder {
	<39.030003, 26.032154, 25.276485>,  <38.828587, 25.959229, 25.168255>, 0.100000
	pigment { color rgbt <1,0,0,0> }
	no_shadow
}
cylinder {
	<39.030003, 26.032154, 25.276485>,  <39.365696, 26.153698, 25.456869>, 0.100000
	pigment { color rgbt <1,0,0,0> }
	no_shadow
}

// particle -1
sphere {
	<39.030003, 26.032154, 25.276485> 0.100000
	pigment { color rgbt <1,0,0,0> }
	no_shadow
}
sphere {
	0, 1
	scale<0.080000,0.200000,0.300000>
	matrix <-0.152458, 0.927527, -0.341247,
		0.521968, -0.217633, -0.824734,
		-0.839230, -0.303857, -0.450960,
		38.778233, 25.940996, 25.141197>
	pigment { color rgbt <0,1,1,0> }
	no_shadow
}
cylinder {
	<39.410656, 26.317175, 24.812134>,  <39.365696, 26.153698, 25.456869>, 0.130000
	pigment { color rgbt <1,0,0,0> }
	no_shadow
}

// nucleotide -1

// particle -1
sphere {
	<39.410656, 26.317175, 24.812134> 0.250000
	pigment { color rgbt <1,0,0,0> }
	no_shadow
}
cylinder {
	<39.014637, 26.285660, 24.858784>,  <38.777027, 26.266750, 24.886774>, 0.100000
	pigment { color rgbt <1,0,0,0> }
	no_shadow
}
cylinder {
	<39.014637, 26.285660, 24.858784>,  <39.410656, 26.317175, 24.812134>, 0.100000
	pigment { color rgbt <1,0,0,0> }
	no_shadow
}

// particle -1
sphere {
	<39.014637, 26.285660, 24.858784> 0.100000
	pigment { color rgbt <1,0,0,0> }
	no_shadow
}
sphere {
	0, 1
	scale<0.080000,0.200000,0.300000>
	matrix <-0.117231, 0.920181, -0.373530,
		-0.077886, -0.383483, -0.920258,
		-0.990046, -0.078790, 0.116626,
		38.717625, 26.262022, 24.893772>
	pigment { color rgbt <0,1,1,0> }
	no_shadow
}
cylinder {
	<39.140884, 26.627348, 24.181473>,  <39.410656, 26.317175, 24.812134>, 0.130000
	pigment { color rgbt <1,0,0,0> }
	no_shadow
}

// nucleotide -1

// particle -1
sphere {
	<39.140884, 26.627348, 24.181473> 0.250000
	pigment { color rgbt <1,0,0,0> }
	no_shadow
}
cylinder {
	<38.852768, 26.631390, 24.458912>,  <38.679897, 26.633814, 24.625376>, 0.100000
	pigment { color rgbt <1,0,0,0> }
	no_shadow
}
cylinder {
	<38.852768, 26.631390, 24.458912>,  <39.140884, 26.627348, 24.181473>, 0.100000
	pigment { color rgbt <1,0,0,0> }
	no_shadow
}

// particle -1
sphere {
	<38.852768, 26.631390, 24.458912> 0.100000
	pigment { color rgbt <1,0,0,0> }
	no_shadow
}
sphere {
	0, 1
	scale<0.080000,0.200000,0.300000>
	matrix <-0.299924, 0.897064, -0.324534,
		-0.625483, -0.441785, -0.643115,
		-0.720290, 0.010105, 0.693600,
		38.636681, 26.634420, 24.666992>
	pigment { color rgbt <0,1,1,0> }
	no_shadow
}
cylinder {
	<38.520794, 26.782825, 23.861046>,  <39.140884, 26.627348, 24.181473>, 0.130000
	pigment { color rgbt <1,0,0,0> }
	no_shadow
}

// nucleotide -1

// particle -1
sphere {
	<38.520794, 26.782825, 23.861046> 0.250000
	pigment { color rgbt <1,0,0,0> }
	no_shadow
}
cylinder {
	<38.447533, 26.884563, 24.240891>,  <38.403576, 26.945606, 24.468798>, 0.100000
	pigment { color rgbt <1,0,0,0> }
	no_shadow
}
cylinder {
	<38.447533, 26.884563, 24.240891>,  <38.520794, 26.782825, 23.861046>, 0.100000
	pigment { color rgbt <1,0,0,0> }
	no_shadow
}

// particle -1
sphere {
	<38.447533, 26.884563, 24.240891> 0.100000
	pigment { color rgbt <1,0,0,0> }
	no_shadow
}
sphere {
	0, 1
	scale<0.080000,0.200000,0.300000>
	matrix <-0.294511, 0.907391, -0.299839,
