// switches for output
#declare DRAW_BASES = 1; // possible values are 0, 1; only relevant for DNA ribbons
#declare DRAW_BASES_TYPE = 3; // possible values are 1, 2, 3; only relevant for DNA ribbons
#declare DRAW_FOG = 0; // set to 1 to enable fog

#include "colors.inc"

#include "transforms.inc"
background { rgb <1, 1, 1>}

#default {
   normal{
       ripples 0.25
       frequency 0.20
       turbulence 0.2
       lambda 5
   }
	finish {
		phong 0.1
		phong_size 40.
	}
}

// original window dimensions: 1024x640


// camera settings

camera {
	sky <-0, 1, 0>
	up <-0, 1, 0>
	right 1.6 * <0.581683, 0, 0.813415>
	location <-54.4937, 30, 90.4225>
	look_at <30, 30, 30>
	direction <84.4937, 0, -60.4225>
	angle 67.0682
}


# declare cpy_camera_pos = <-54.4937, 30, 90.4225>;
# if (DRAW_FOG = 1)
fog {
	fog_type 2
	up vnormalize(cpy_camera_pos)
	color rgbt<1,1,1,0.3>
	distance 1e-5
	fog_alt 3e-3
	fog_offset 48
}
# end


// LIGHTS

# declare lum = 6;
global_settings {
	ambient_light rgb lum * <0.05, 0.05, 0.05>
	max_trace_level 15
}# declare cpy_direct_light_amount = 0.25;
light_source
{	1000 * <0.231732, -1, 1.3951>,
	rgb lum * cpy_direct_light_amount
	parallel
}

light_source
{	1000 * <-0.231732, 1, -1.3951>,
	rgb lum * cpy_direct_light_amount
	parallel
}

// strand 0

// nucleotide -1

// particle -1
sphere {
	<43.154510, 32.466373, 23.104729> 0.250000
	pigment { color rgbt <1,0,0,0> }
	no_shadow
}
cylinder {
	<42.935333, 32.795094, 23.167206>,  <42.803825, 32.992325, 23.204693>, 0.100000
	pigment { color rgbt <1,0,0,0> }
	no_shadow
}
cylinder {
	<42.935333, 32.795094, 23.167206>,  <43.154510, 32.466373, 23.104729>, 0.100000
	pigment { color rgbt <1,0,0,0> }
	no_shadow
}

// particle -1
sphere {
	<42.935333, 32.795094, 23.167206> 0.100000
	pigment { color rgbt <1,0,0,0> }
	no_shadow
}
sphere {
	0, 1
	scale<0.080000,0.200000,0.300000>
	matrix <-0.768842, -0.421186, -0.481129,
		-0.329605, -0.383722, 0.862623,
		-0.547945, 0.821803, 0.156196,
		42.770950, 33.041634, 23.214064>
	pigment { color rgbt <0,1,1,0> }
	no_shadow
}
cylinder {
	<42.553989, 32.253929, 23.335863>,  <43.154510, 32.466373, 23.104729>, 0.130000
	pigment { color rgbt <1,0,0,0> }
	no_shadow
}

// nucleotide -1

// particle -1
sphere {
	<42.553989, 32.253929, 23.335863> 0.250000
	pigment { color rgbt <1,0,0,0> }
	no_shadow
}
cylinder {
	<42.505898, 32.605770, 23.151760>,  <42.477043, 32.816875, 23.041298>, 0.100000
	pigment { color rgbt <1,0,0,0> }
	no_shadow
}
cylinder {
	<42.505898, 32.605770, 23.151760>,  <42.553989, 32.253929, 23.335863>, 0.100000
	pigment { color rgbt <1,0,0,0> }
	no_shadow
}

// particle -1
sphere {
	<42.505898, 32.605770, 23.151760> 0.100000
	pigment { color rgbt <1,0,0,0> }
	no_shadow
}
sphere {
	0, 1
	scale<0.080000,0.200000,0.300000>
	matrix <-0.628171, -0.426413, -0.650824,
		-0.768729, 0.210871, 0.603812,
		-0.120234, 0.879605, -0.460260,
		42.469826, 32.869652, 23.013681>
	pigment { color rgbt <0,1,1,0> }
	no_shadow
}
cylinder {
	<41.818348, 32.547276, 23.320133>,  <42.553989, 32.253929, 23.335863>, 0.130000
	pigment { color rgbt <1,0,0,0> }
	no_shadow
}

// nucleotide -1

// particle -1
sphere {
	<41.818348, 32.547276, 23.320133> 0.250000
	pigment { color rgbt <1,0,0,0> }
	no_shadow
}
cylinder {
	<42.029510, 32.642010, 22.993889>,  <42.156208, 32.698849, 22.798141>, 0.100000
	pigment { color rgbt <1,0,0,0> }
	no_shadow
}
cylinder {
	<42.029510, 32.642010, 22.993889>,  <41.818348, 32.547276, 23.320133>, 0.100000
	pigment { color rgbt <1,0,0,0> }
	no_shadow
}

// particle -1
sphere {
	<42.029510, 32.642010, 22.993889> 0.100000
	pigment { color rgbt <1,0,0,0> }
	no_shadow
}
sphere {
	0, 1
	scale<0.080000,0.200000,0.300000>
	matrix <-0.601339, -0.573930, -0.555874,
		-0.599753, 0.783910, -0.160567,
		0.527909, 0.236832, -0.815612,
		42.187881, 32.713058, 22.749205>
	pigment { color rgbt <0,1,1,0> }
	no_shadow
}
cylinder {
	<41.355923, 32.954445, 22.919327>,  <41.818348, 32.547276, 23.320133>, 0.130000
	pigment { color rgbt <1,0,0,0> }
	no_shadow
}

// nucleotide -1

// particle -1
sphere {
	<41.355923, 32.954445, 22.919327> 0.250000
	pigment { color rgbt <1,0,0,0> }
	no_shadow
}
cylinder {
	<41.630047, 32.726360, 22.738125>,  <41.794521, 32.589512, 22.629404>, 0.100000
	pigment { color rgbt <1,0,0,0> }
	no_shadow
}
cylinder {
	<41.630047, 32.726360, 22.738125>,  <41.355923, 32.954445, 22.919327>, 0.100000
	pigment { color rgbt <1,0,0,0> }
	no_shadow
}

// particle -1
sphere {
	<41.630047, 32.726360, 22.738125> 0.100000
	pigment { color rgbt <1,0,0,0> }
	no_shadow
}
sphere {
	0, 1
	scale<0.080000,0.200000,0.300000>
	matrix <-0.727957, -0.518660, -0.448409,
		0.020731, 0.637067, -0.770529,
		0.685309, -0.570208, -0.453006,
		41.835640, 32.555298, 22.602222>
	pigment { color rgbt <0,1,1,0> }
	no_shadow
}
cylinder {
	<41.290878, 32.913162, 22.182373>,  <41.355923, 32.954445, 22.919327>, 0.130000
	pigment { color rgbt <1,0,0,0> }
	no_shadow
}

// nucleotide -1

// particle -1
sphere {
	<41.290878, 32.913162, 22.182373> 0.250000
	pigment { color rgbt <1,0,0,0> }
	no_shadow
}
cylinder {
	<41.458176, 32.568886, 22.298504>,  <41.558556, 32.362320, 22.368183>, 0.100000
	pigment { color rgbt <1,0,0,0> }
	no_shadow
}
cylinder {
	<41.458176, 32.568886, 22.298504>,  <41.290878, 32.913162, 22.182373>, 0.100000
	pigment { color rgbt <1,0,0,0> }
	no_shadow
}

// particle -1
sphere {
	<41.458176, 32.568886, 22.298504> 0.100000
	pigment { color rgbt <1,0,0,0> }
	no_shadow
}
sphere {
	0, 1
	scale<0.080000,0.200000,0.300000>
	matrix <-0.678536, -0.508536, -0.530076,
		0.603871, 0.024703, -0.796699,
		0.418244, -0.860686, 0.290328,
		41.583649, 32.310680, 22.385603>
	pigment { color rgbt <0,1,1,0> }
	no_shadow
}
cylinder {
	<40.971489, 33.085629, 21.527567>,  <41.290878, 32.913162, 22.182373>, 0.130000
	pigment { color rgbt <1,0,0,0> }
	no_shadow
}

// nucleotide -1

// particle -1
sphere {
	<40.971489, 33.085629, 21.527567> 0.250000
	pigment { color rgbt <1,0,0,0> }
	no_shadow
}
cylinder {
	<40.619759, 33.268894, 21.579517>,  <40.408718, 33.378853, 21.610687>, 0.100000
	pigment { color rgbt <1,0,0,0> }
	no_shadow
}
cylinder {
	<40.619759, 33.268894, 21.579517>,  <40.971489, 33.085629, 21.527567>, 0.100000
	pigment { color rgbt <1,0,0,0> }
	no_shadow
}

// particle -1
sphere {
	<40.619759, 33.268894, 21.579517> 0.100000
	pigment { color rgbt <1,0,0,0> }
	no_shadow
}
sphere {
	0, 1
	scale<0.080000,0.200000,0.300000>
	matrix <0.448605, 0.888461, -0.096902,
		-0.159788, -0.026946, -0.986784,
		-0.879330, 0.458160, 0.129878,
		40.355961, 33.406342, 21.618481>
	pigment { color rgbt <0,1,1,0> }
	no_shadow
}
cylinder {
	<40.953823, 33.555767, 21.040361>,  <40.971489, 33.085629, 21.527567>, 0.130000
	pigment { color rgbt <1,0,0,0> }
	no_shadow
}

// nucleotide -1

// particle -1
sphere {
	<40.953823, 33.555767, 21.040361> 0.250000
	pigment { color rgbt <1,0,0,0> }
	no_shadow
}
cylinder {
	<40.705177, 33.678555, 21.328629>,  <40.555988, 33.752228, 21.501589>, 0.100000
	pigment { color rgbt <1,0,0,0> }
	no_shadow
}
cylinder {
	<40.705177, 33.678555, 21.328629>,  <40.953823, 33.555767, 21.040361>, 0.100000
	pigment { color rgbt <1,0,0,0> }
	no_shadow
}

// particle -1
sphere {
	<40.705177, 33.678555, 21.328629> 0.100000
	pigment { color rgbt <1,0,0,0> }
	no_shadow
}
sphere {
	0, 1
	scale<0.080000,0.200000,0.300000>
	matrix <0.402000, 0.914637, -0.042839,
		-0.672300, 0.263079, -0.691955,
		-0.621618, 0.306966, 0.720668,
		40.518692, 33.770645, 21.544828>
	pigment { color rgbt <0,1,1,0> }
	no_shadow
}
cylinder {
	<40.642982, 34.237324, 20.778467>,  <40.953823, 33.555767, 21.040361>, 0.130000
	pigment { color rgbt <1,0,0,0> }
	no_shadow
}

// nucleotide -1

// particle -1
sphere {
	<40.642982, 34.237324, 20.778467> 0.250000
	pigment { color rgbt <1,0,0,0> }
	no_shadow
}
cylinder {
	<40.574249, 34.235992, 21.172516>,  <40.533009, 34.235191, 21.408945>, 0.100000
	pigment { color rgbt <1,0,0,0> }
	no_shadow
}
cylinder {
	<40.574249, 34.235992, 21.172516>,  <40.642982, 34.237324, 20.778467>, 0.100000
	pigment { color rgbt <1,0,0,0> }
	no_shadow
}

// particle -1
sphere {
	<40.574249, 34.235992, 21.172516> 0.100000
	pigment { color rgbt <1,0,0,0> }
	no_shadow
}
sphere {
	0, 1
	scale<0.080000,0.200000,0.300000>
	matrix <0.228400, 0.972612, 0.043129,
		-0.958284, 0.232412, -0.166364,
		-0.171831, -0.003332, 0.985121,
		40.522701, 34.234993, 21.468052>
	pigment { color rgbt <0,1,1,0> }
	no_shadow
}
cylinder {
	<40.277218, 34.839283, 20.825712>,  <40.642982, 34.237324, 20.778467>, 0.130000
	pigment { color rgbt <1,0,0,0> }
	no_shadow
}

// nucleotide -1

// particle -1
sphere {
	<40.277218, 34.839283, 20.825712> 0.250000
	pigment { color rgbt <1,0,0,0> }
	no_shadow
}
cylinder {
	<40.393471, 34.724285, 21.190762>,  <40.463223, 34.655289, 21.409792>, 0.100000
	pigment { color rgbt <1,0,0,0> }
	no_shadow
}
cylinder {
	<40.393471, 34.724285, 21.190762>,  <40.277218, 34.839283, 20.825712>, 0.100000
	pigment { color rgbt <1,0,0,0> }
	no_shadow
}

// particle -1
sphere {
	<40.393471, 34.724285, 21.190762> 0.100000
	pigment { color rgbt <1,0,0,0> }
	no_shadow
}
sphere {
	0, 1
	scale<0.080000,0.200000,0.300000>
	matrix <0.254782, 0.942611, 0.215801,
		-0.922291, 0.169802, 0.347199,
		0.290631, -0.287491, 0.912624,
		40.480659, 34.638039, 21.464548>
	pigment { color rgbt <0,1,1,0> }
	no_shadow
}
cylinder {
	<39.986073, 35.270943, 21.215816>,  <40.277218, 34.839283, 20.825712>, 0.130000
	pigment { color rgbt <1,0,0,0> }
	no_shadow
}

// nucleotide -1

// particle -1
sphere {
	<39.986073, 35.270943, 21.215816> 0.250000
	pigment { color rgbt <1,0,0,0> }
	no_shadow
}
cylinder {
	<40.273739, 35.120136, 21.449280>,  <40.446339, 35.029652, 21.589357>, 0.100000
	pigment { color rgbt <1,0,0,0> }
	no_shadow
}
cylinder {
	<40.273739, 35.120136, 21.449280>,  <39.986073, 35.270943, 21.215816>, 0.100000
	pigment { color rgbt <1,0,0,0> }
	no_shadow
}

// particle -1
sphere {
	<40.273739, 35.120136, 21.449280> 0.100000
	pigment { color rgbt <1,0,0,0> }
	no_shadow
}
sphere {
	0, 1
	scale<0.080000,0.200000,0.300000>
	matrix <0.303302, 0.926075, 0.224484,
		-0.625145, 0.015583, 0.780353,
		0.719167, -0.377018, 0.583658,
		40.489491, 35.007030, 21.624376>
	pigment { color rgbt <0,1,1,0> }
	no_shadow
}
cylinder {
	<39.970497, 35.660675, 21.781506>,  <39.986073, 35.270943, 21.215816>, 0.130000
	pigment { color rgbt <1,0,0,0> }
	no_shadow
}

// nucleotide -1

// particle -1
sphere {
	<39.970497, 35.660675, 21.781506> 0.250000
	pigment { color rgbt <1,0,0,0> }
	no_shadow
}
cylinder {
	<40.336357, 35.500134, 21.800846>,  <40.555874, 35.403809, 21.812450>, 0.100000
	pigment { color rgbt <1,0,0,0> }
	no_shadow
}
cylinder {
	<40.336357, 35.500134, 21.800846>,  <39.970497, 35.660675, 21.781506>, 0.100000
	pigment { color rgbt <1,0,0,0> }
	no_shadow
}

// particle -1
sphere {
	<40.336357, 35.500134, 21.800846> 0.100000
	pigment { color rgbt <1,0,0,0> }
	no_shadow
}
sphere {
	0, 1
	scale<0.080000,0.200000,0.300000>
	matrix <0.354396, 0.853624, 0.381744,
		-0.194487, -0.332026, 0.923002,
		0.914647, -0.401352, 0.048350,
		40.610752, 35.379726, 21.815351>
	pigment { color rgbt <0,1,1,0> }
	no_shadow
}
cylinder {
	<40.151440, 35.963821, 22.385330>,  <39.970497, 35.660675, 21.781506>, 0.130000
	pigment { color rgbt <1,0,0,0> }
	no_shadow
}

// nucleotide -1

// particle -1
sphere {
	<40.151440, 35.963821, 22.385330> 0.250000
	pigment { color rgbt <1,0,0,0> }
	no_shadow
}
cylinder {
	<40.487900, 35.860615, 22.195217>,  <40.689777, 35.798691, 22.081148>, 0.100000
	pigment { color rgbt <1,0,0,0> }
	no_shadow
}
cylinder {
	<40.487900, 35.860615, 22.195217>,  <40.151440, 35.963821, 22.385330>, 0.100000
	pigment { color rgbt <1,0,0,0> }
	no_shadow
}

// particle -1
sphere {
	<40.487900, 35.860615, 22.195217> 0.100000
	pigment { color rgbt <1,0,0,0> }
	no_shadow
}
sphere {
	0, 1
	scale<0.080000,0.200000,0.300000>
	matrix <0.444617, 0.830248, 0.336161,
		0.307869, -0.494081, 0.813081,
		0.841149, -0.258016, -0.475285,
		40.740246, 35.783211, 22.052631>
	pigment { color rgbt <0,1,1,0> }
	no_shadow
}
cylinder {
	<40.677868, 36.084625, 22.913677>,  <40.151440, 35.963821, 22.385330>, 0.130000
	pigment { color rgbt <1,0,0,0> }
	no_shadow
}

// nucleotide -1

// particle -1
sphere {
	<40.677868, 36.084625, 22.913677> 0.250000
	pigment { color rgbt <1,0,0,0> }
	no_shadow
}
cylinder {
	<40.857582, 36.093903, 22.556442>,  <40.965412, 36.099468, 22.342102>, 0.100000
	pigment { color rgbt <1,0,0,0> }
	no_shadow
}
cylinder {
	<40.857582, 36.093903, 22.556442>,  <40.677868, 36.084625, 22.913677>, 0.100000
	pigment { color rgbt <1,0,0,0> }
	no_shadow
}

// particle -1
sphere {
	<40.857582, 36.093903, 22.556442> 0.100000
	pigment { color rgbt <1,0,0,0> }
	no_shadow
}
sphere {
	0, 1
	scale<0.080000,0.200000,0.300000>
	matrix <0.640616, 0.688409, 0.340152,
		0.622696, -0.724952, 0.294440,
		0.449289, 0.023188, -0.893085,
		40.992371, 36.100861, 22.288517>
	pigment { color rgbt <0,1,1,0> }
	no_shadow
}
cylinder {
	<41.310463, 36.258377, 23.167322>,  <40.677868, 36.084625, 22.913677>, 0.130000
	pigment { color rgbt <1,0,0,0> }
	no_shadow
}

// nucleotide -1

// particle -1
sphere {
	<41.310463, 36.258377, 23.167322> 0.250000
	pigment { color rgbt <1,0,0,0> }
	no_shadow
}
cylinder {
	<41.303715, 36.300465, 22.769600>,  <41.299664, 36.325718, 22.530966>, 0.100000
	pigment { color rgbt <1,0,0,0> }
	no_shadow
}
cylinder {
	<41.303715, 36.300465, 22.769600>,  <41.310463, 36.258377, 23.167322>, 0.100000
	pigment { color rgbt <1,0,0,0> }
	no_shadow
}

// particle -1
sphere {
	<41.303715, 36.300465, 22.769600> 0.100000
	pigment { color rgbt <1,0,0,0> }
	no_shadow
}
sphere {
	0, 1
	scale<0.080000,0.200000,0.300000>
	matrix <0.644405, 0.761506, 0.069644,
		0.764498, -0.639561, -0.080651,
		-0.016875, 0.105214, -0.994306,
		41.298653, 36.332027, 22.471308>
	pigment { color rgbt <0,1,1,0> }
	no_shadow
}
cylinder {
	<42.033905, 36.416199, 22.966290>,  <41.310463, 36.258377, 23.167322>, 0.130000
	pigment { color rgbt <1,0,0,0> }
	no_shadow
}

// nucleotide -1

// particle -1
sphere {
	<42.033905, 36.416199, 22.966290> 0.250000
	pigment { color rgbt <1,0,0,0> }
	no_shadow
}
cylinder {
	<41.795448, 36.529324, 22.665722>,  <41.652374, 36.597198, 22.485382>, 0.100000
	pigment { color rgbt <1,0,0,0> }
	no_shadow
}
cylinder {
	<41.795448, 36.529324, 22.665722>,  <42.033905, 36.416199, 22.966290>, 0.100000
	pigment { color rgbt <1,0,0,0> }
	no_shadow
}

// particle -1
sphere {
	<41.795448, 36.529324, 22.665722> 0.100000
	pigment { color rgbt <1,0,0,0> }
	no_shadow
}
sphere {
	0, 1
	scale<0.080000,0.200000,0.300000>
	matrix <0.443730, 0.896038, -0.014789,
		0.669117, -0.342243, -0.659660,
		-0.596142, 0.282816, -0.751419,
		41.616608, 36.614170, 22.440296>
	pigment { color rgbt <0,1,1,0> }
	no_shadow
}
cylinder {
	<42.447475, 36.749405, 22.430170>,  <42.033905, 36.416199, 22.966290>, 0.130000
	pigment { color rgbt <1,0,0,0> }
	no_shadow
}

// nucleotide -1

// particle -1
sphere {
	<42.447475, 36.749405, 22.430170> 0.250000
	pigment { color rgbt <1,0,0,0> }
	no_shadow
}
cylinder {
	<42.077400, 36.892262, 22.378822>,  <41.855354, 36.977974, 22.348015>, 0.100000
	pigment { color rgbt <1,0,0,0> }
	no_shadow
}
cylinder {
	<42.077400, 36.892262, 22.378822>,  <42.447475, 36.749405, 22.430170>, 0.100000
	pigment { color rgbt <1,0,0,0> }
	no_shadow
}

// particle -1
sphere {
	<42.077400, 36.892262, 22.378822> 0.100000
	pigment { color rgbt <1,0,0,0> }
	no_shadow
}
sphere {
	0, 1
	scale<0.080000,0.200000,0.300000>
	matrix <0.367292, 0.927758, -0.066040,
		0.095509, -0.108248, -0.989525,
		-0.925189, 0.357138, -0.128368,
		41.799843, 36.999401, 22.340311>
	pigment { color rgbt <0,1,1,0> }
	no_shadow
}
cylinder {
	<42.489605, 37.247459, 21.873070>,  <42.447475, 36.749405, 22.430170>, 0.130000
	pigment { color rgbt <1,0,0,0> }
	no_shadow
}

// nucleotide -1

// particle -1
sphere {
	<42.489605, 37.247459, 21.873070> 0.250000
	pigment { color rgbt <1,0,0,0> }
	no_shadow
}
cylinder {
	<42.163498, 37.330601, 22.089268>,  <41.967834, 37.380486, 22.218987>, 0.100000
	pigment { color rgbt <1,0,0,0> }
	no_shadow
}
cylinder {
	<42.163498, 37.330601, 22.089268>,  <42.489605, 37.247459, 21.873070>, 0.100000
	pigment { color rgbt <1,0,0,0> }
	no_shadow
}

// particle -1
sphere {
	<42.163498, 37.330601, 22.089268> 0.100000
	pigment { color rgbt <1,0,0,0> }
	no_shadow
}
sphere {
	0, 1
	scale<0.080000,0.200000,0.300000>
	matrix <0.141575, 0.976580, -0.162013,
		-0.561510, -0.055564, -0.825602,
		-0.815269, 0.207856, 0.540493,
		41.918919, 37.392956, 22.251415>
	pigment { color rgbt <0,1,1,0> }
	no_shadow
}
cylinder {
	<42.161659, 37.779076, 21.586308>,  <42.489605, 37.247459, 21.873070>, 0.130000
	pigment { color rgbt <1,0,0,0> }
	no_shadow
}

// nucleotide -1

// particle -1
sphere {
	<42.161659, 37.779076, 21.586308> 0.250000
	pigment { color rgbt <1,0,0,0> }
	no_shadow
}
cylinder {
	<41.971066, 37.833019, 21.933819>,  <41.856709, 37.865383, 22.142324>, 0.100000
	pigment { color rgbt <1,0,0,0> }
	no_shadow
}
cylinder {
	<41.971066, 37.833019, 21.933819>,  <42.161659, 37.779076, 21.586308>, 0.100000
	pigment { color rgbt <1,0,0,0> }
	no_shadow
}

// particle -1
sphere {
	<41.971066, 37.833019, 21.933819> 0.100000
	pigment { color rgbt <1,0,0,0> }
	no_shadow
}
sphere {
	0, 1
	scale<0.080000,0.200000,0.300000>
	matrix <0.219273, 0.975167, -0.031110,
		-0.851398, 0.175676, -0.494226,
		-0.476488, 0.134857, 0.868777,
		41.828117, 37.873478, 22.194452>
	pigment { color rgbt <0,1,1,0> }
	no_shadow
}
cylinder {
	<41.738941, 38.402672, 21.577663>,  <42.161659, 37.779076, 21.586308>, 0.130000
	pigment { color rgbt <1,0,0,0> }
	no_shadow
}

// nucleotide -1

// particle -1
sphere {
	<41.738941, 38.402672, 21.577663> 0.250000
	pigment { color rgbt <1,0,0,0> }
	no_shadow
}
cylinder {
	<41.735615, 38.324596, 21.969955>,  <41.733620, 38.277752, 22.205330>, 0.100000
	pigment { color rgbt <1,0,0,0> }
	no_shadow
}
cylinder {
	<41.735615, 38.324596, 21.969955>,  <41.738941, 38.402672, 21.577663>, 0.100000
	pigment { color rgbt <1,0,0,0> }
	no_shadow
}

// particle -1
sphere {
	<41.735615, 38.324596, 21.969955> 0.100000
	pigment { color rgbt <1,0,0,0> }
	no_shadow
}
sphere {
	0, 1
	scale<0.080000,0.200000,0.300000>
	matrix <-0.015588, 0.980670, 0.195045,
		-0.999844, -0.013666, -0.011197,
		-0.008315, -0.195189, 0.980731,
		41.733120, 38.266041, 22.264175>
	pigment { color rgbt <0,1,1,0> }
	no_shadow
}
cylinder {
	<41.203671, 38.764942, 21.901762>,  <41.738941, 38.402672, 21.577663>, 0.130000
	pigment { color rgbt <1,0,0,0> }
	no_shadow
}

// nucleotide -1

// particle -1
sphere {
	<41.203671, 38.764942, 21.901762> 0.250000
	pigment { color rgbt <1,0,0,0> }
	no_shadow
}
cylinder {
	<41.454060, 38.681412, 22.202309>,  <41.604294, 38.631294, 22.382637>, 0.100000
	pigment { color rgbt <1,0,0,0> }
	no_shadow
}
cylinder {
	<41.454060, 38.681412, 22.202309>,  <41.203671, 38.764942, 21.901762>, 0.100000
	pigment { color rgbt <1,0,0,0> }
	no_shadow
}

// particle -1
sphere {
	<41.454060, 38.681412, 22.202309> 0.100000
	pigment { color rgbt <1,0,0,0> }
	no_shadow
}
sphere {
	0, 1
	scale<0.080000,0.200000,0.300000>
	matrix <0.049818, 0.972221, 0.228703,
		-0.778253, -0.105730, 0.618985,
		0.625971, -0.208826, 0.751367,
		41.641850, 38.618763, 22.427719>
	pigment { color rgbt <0,1,1,0> }
	no_shadow
}
cylinder {
	<40.952599, 39.009243, 22.485178>,  <41.203671, 38.764942, 21.901762>, 0.130000
	pigment { color rgbt <1,0,0,0> }
	no_shadow
}

// nucleotide -1

// particle -1
sphere {
	<40.952599, 39.009243, 22.485178> 0.250000
	pigment { color rgbt <1,0,0,0> }
	no_shadow
}
cylinder {
	<41.330143, 38.978226, 22.613621>,  <41.556671, 38.959614, 22.690687>, 0.100000
	pigment { color rgbt <1,0,0,0> }
	no_shadow
}
cylinder {
	<41.330143, 38.978226, 22.613621>,  <40.952599, 39.009243, 22.485178>, 0.100000
	pigment { color rgbt <1,0,0,0> }
	no_shadow
}

// particle -1
sphere {
	<41.330143, 38.978226, 22.613621> 0.100000
	pigment { color rgbt <1,0,0,0> }
	no_shadow
}
sphere {
	0, 1
	scale<0.080000,0.200000,0.300000>
	matrix <-0.039843, 0.938238, 0.343688,
		-0.327928, -0.337188, 0.882478,
		0.943862, -0.077544, 0.321109,
		41.613300, 38.954964, 22.709953>
	pigment { color rgbt <0,1,1,0> }
	no_shadow
}
cylinder {
	<40.962418, 39.312431, 23.167782>,  <40.952599, 39.009243, 22.485178>, 0.130000
	pigment { color rgbt <1,0,0,0> }
	no_shadow
}

// nucleotide -1

// particle -1
sphere {
	<40.962418, 39.312431, 23.167782> 0.250000
	pigment { color rgbt <1,0,0,0> }
	no_shadow
}
cylinder {
	<41.342941, 39.328499, 23.045544>,  <41.571259, 39.338139, 22.972200>, 0.100000
	pigment { color rgbt <1,0,0,0> }
	no_shadow
}
cylinder {
	<41.342941, 39.328499, 23.045544>,  <40.962418, 39.312431, 23.167782>, 0.100000
	pigment { color rgbt <1,0,0,0> }
	no_shadow
}

// particle -1
sphere {
	<41.342941, 39.328499, 23.045544> 0.100000
	pigment { color rgbt <1,0,0,0> }
	no_shadow
}
sphere {
	0, 1
	scale<0.080000,0.200000,0.300000>
	matrix <0.102294, 0.894126, 0.435975,
		0.290754, -0.446009, 0.846486,
		0.951314, 0.040171, -0.305594,
		41.628334, 39.340549, 22.953865>
	pigment { color rgbt <0,1,1,0> }
	no_shadow
}
cylinder {
	<41.351616, 39.386055, 23.716320>,  <40.962418, 39.312431, 23.167782>, 0.130000
	pigment { color rgbt <1,0,0,0> }
	no_shadow
}

// nucleotide -1

// particle -1
sphere {
	<41.351616, 39.386055, 23.716320> 0.250000
	pigment { color rgbt <1,0,0,0> }
	no_shadow
}
cylinder {
	<41.597729, 39.518616, 23.430214>,  <41.745396, 39.598152, 23.258551>, 0.100000
	pigment { color rgbt <1,0,0,0> }
	no_shadow
}
cylinder {
	<41.597729, 39.518616, 23.430214>,  <41.351616, 39.386055, 23.716320>, 0.100000
	pigment { color rgbt <1,0,0,0> }
	no_shadow
}

// particle -1
sphere {
	<41.597729, 39.518616, 23.430214> 0.100000
	pigment { color rgbt <1,0,0,0> }
	no_shadow
}
sphere {
	0, 1
	scale<0.080000,0.200000,0.300000>
	matrix <0.250320, 0.778247, 0.575910,
		0.747505, -0.533393, 0.395888,
		0.615285, 0.331397, -0.715263,
		41.782314, 39.618034, 23.215635>
	pigment { color rgbt <0,1,1,0> }
	no_shadow
}
cylinder {
	<41.842915, 39.743889, 24.063660>,  <41.351616, 39.386055, 23.716320>, 0.130000
	pigment { color rgbt <1,0,0,0> }
	no_shadow
}

// nucleotide -1

// particle -1
sphere {
	<41.842915, 39.743889, 24.063660> 0.250000
	pigment { color rgbt <1,0,0,0> }
	no_shadow
}
cylinder {
	<41.866917, 39.874603, 23.686382>,  <41.881317, 39.953033, 23.460016>, 0.100000
	pigment { color rgbt <1,0,0,0> }
	no_shadow
}
cylinder {
	<41.866917, 39.874603, 23.686382>,  <41.842915, 39.743889, 24.063660>, 0.100000
	pigment { color rgbt <1,0,0,0> }
	no_shadow
}

// particle -1
sphere {
	<41.866917, 39.874603, 23.686382> 0.100000
	pigment { color rgbt <1,0,0,0> }
	no_shadow
}
sphere {
	0, 1
	scale<0.080000,0.200000,0.300000>
	matrix <0.244225, 0.911371, 0.331297,
		0.967860, -0.250231, -0.025122,
		0.060006, 0.326785, -0.943192,
		41.884918, 39.972637, 23.403425>
	pigment { color rgbt <0,1,1,0> }
	no_shadow
}
cylinder {
	<42.517258, 40.014034, 24.172565>,  <41.842915, 39.743889, 24.063660>, 0.130000
	pigment { color rgbt <1,0,0,0> }
	no_shadow
}

// nucleotide -1

// particle -1
sphere {
	<42.517258, 40.014034, 24.172565> 0.250000
	pigment { color rgbt <1,0,0,0> }
	no_shadow
}
cylinder {
	<42.369381, 40.152729, 23.827751>,  <42.280655, 40.235947, 23.620863>, 0.100000
	pigment { color rgbt <1,0,0,0> }
	no_shadow
}
cylinder {
	<42.369381, 40.152729, 23.827751>,  <42.517258, 40.014034, 24.172565>, 0.100000
	pigment { color rgbt <1,0,0,0> }
	no_shadow
}

// particle -1
sphere {
	<42.369381, 40.152729, 23.827751> 0.100000
	pigment { color rgbt <1,0,0,0> }
	no_shadow
}
sphere {
	0, 1
	scale<0.080000,0.200000,0.300000>
	matrix <0.074779, 0.935856, 0.344358,
		0.926139, 0.062845, -0.371909,
		-0.369694, 0.346734, -0.862033,
		42.258472, 40.256748, 23.569141>
	pigment { color rgbt <0,1,1,0> }
	no_shadow
}
cylinder {
	<42.858540, 40.681263, 23.951057>,  <42.517258, 40.014034, 24.172565>, 0.130000
	pigment { color rgbt <1,0,0,0> }
	no_shadow
}

// nucleotide -1

// particle -1
sphere {
	<42.858540, 40.681263, 23.951057> 0.250000
	pigment { color rgbt <1,0,0,0> }
	no_shadow
}
cylinder {
	<42.496204, 40.707752, 23.783695>,  <42.278801, 40.723644, 23.683277>, 0.100000
	pigment { color rgbt <1,0,0,0> }
	no_shadow
}
cylinder {
	<42.496204, 40.707752, 23.783695>,  <42.858540, 40.681263, 23.951057>, 0.100000
	pigment { color rgbt <1,0,0,0> }
	no_shadow
}

// particle -1
sphere {
	<42.496204, 40.707752, 23.783695> 0.100000
	pigment { color rgbt <1,0,0,0> }
	no_shadow
}
sphere {
	0, 1
	scale<0.080000,0.200000,0.300000>
	matrix <-0.047435, 0.965636, 0.255531,
		0.420952, 0.251318, -0.871573,
		-0.905842, 0.066223, -0.418408,
		42.224453, 40.727619, 23.658173>
	pigment { color rgbt <0,1,1,0> }
	no_shadow
}
cylinder {
	<42.796543, 41.353611, 23.534803>,  <42.858540, 40.681263, 23.951057>, 0.130000
	pigment { color rgbt <1,0,0,0> }
	no_shadow
}

// nucleotide -1

// particle -1
sphere {
	<42.796543, 41.353611, 23.534803> 0.250000
	pigment { color rgbt <1,0,0,0> }
	no_shadow
}
cylinder {
	<42.430454, 41.274334, 23.675137>,  <42.210800, 41.226768, 23.759336>, 0.100000
	pigment { color rgbt <1,0,0,0> }
	no_shadow
}
cylinder {
	<42.430454, 41.274334, 23.675137>,  <42.796543, 41.353611, 23.534803>, 0.100000
	pigment { color rgbt <1,0,0,0> }
	no_shadow
}

// particle -1
sphere {
	<42.430454, 41.274334, 23.675137> 0.100000
	pigment { color rgbt <1,0,0,0> }
	no_shadow
}
sphere {
	0, 1
	scale<0.080000,0.200000,0.300000>
	matrix <-0.186265, 0.980157, 0.067800,
		-0.357309, -0.003295, -0.933981,
		-0.915225, -0.198194, 0.350832,
		42.155888, 41.214874, 23.780386>
	pigment { color rgbt <0,1,1,0> }
	no_shadow
}
cylinder {
	<42.577019, 41.963661, 23.304760>,  <42.796543, 41.353611, 23.534803>, 0.130000
	pigment { color rgbt <1,0,0,0> }
	no_shadow
}

// nucleotide -1

// particle -1
sphere {
	<42.577019, 41.963661, 23.304760> 0.250000
	pigment { color rgbt <1,0,0,0> }
	no_shadow
}
cylinder {
	<42.335094, 41.786522, 23.569515>,  <42.189941, 41.680241, 23.728369>, 0.100000
	pigment { color rgbt <1,0,0,0> }
	no_shadow
}
cylinder {
	<42.335094, 41.786522, 23.569515>,  <42.577019, 41.963661, 23.304760>, 0.100000
	pigment { color rgbt <1,0,0,0> }
	no_shadow
}

// particle -1
sphere {
	<42.335094, 41.786522, 23.569515> 0.100000
	pigment { color rgbt <1,0,0,0> }
	no_shadow
}
sphere {
	0, 1
	scale<0.080000,0.200000,0.300000>
	matrix <-0.299499, 0.896598, 0.326210,
		-0.737907, -0.000941, -0.674901,
		-0.604808, -0.442845, 0.661888,
		42.153652, 41.653667, 23.768082>
	pigment { color rgbt <0,1,1,0> }
	no_shadow
}
cylinder {
	<41.935314, 42.358860, 23.357569>,  <42.577019, 41.963661, 23.304760>, 0.130000
	pigment { color rgbt <1,0,0,0> }
	no_shadow
}

// nucleotide -1

// particle -1
sphere {
	<41.935314, 42.358860, 23.357569> 0.250000
	pigment { color rgbt <1,0,0,0> }
	no_shadow
}
cylinder {
	<41.941578, 42.155186, 23.701775>,  <41.945335, 42.032982, 23.908298>, 0.100000
	pigment { color rgbt <1,0,0,0> }
	no_shadow
}
cylinder {
	<41.941578, 42.155186, 23.701775>,  <41.935314, 42.358860, 23.357569>, 0.100000
	pigment { color rgbt <1,0,0,0> }
	no_shadow
}

// particle -1
sphere {
	<41.941578, 42.155186, 23.701775> 0.100000
	pigment { color rgbt <1,0,0,0> }
	no_shadow
}
sphere {
	0, 1
	scale<0.080000,0.200000,0.300000>
	matrix <-0.441025, 0.768862, 0.462977,
		-0.897358, -0.386759, -0.212523,
		0.015659, -0.509184, 0.860515,
		41.946274, 42.002430, 23.959929>
	pigment { color rgbt <0,1,1,0> }
	no_shadow
}
cylinder {
	<41.269585, 42.405224, 23.575203>,  <41.935314, 42.358860, 23.357569>, 0.130000
	pigment { color rgbt <1,0,0,0> }
	no_shadow
}

// nucleotide -1

// particle -1
sphere {
	<41.269585, 42.405224, 23.575203> 0.250000
	pigment { color rgbt <1,0,0,0> }
	no_shadow
}
cylinder {
	<41.501122, 42.362541, 23.898575>,  <41.640041, 42.336933, 24.092598>, 0.100000
	pigment { color rgbt <1,0,0,0> }
	no_shadow
}
cylinder {
	<41.501122, 42.362541, 23.898575>,  <41.269585, 42.405224, 23.575203>, 0.100000
	pigment { color rgbt <1,0,0,0> }
	no_shadow
}

// particle -1
sphere {
	<41.501122, 42.362541, 23.898575> 0.100000
	pigment { color rgbt <1,0,0,0> }
	no_shadow
}
sphere {
	0, 1
	scale<0.080000,0.200000,0.300000>
	matrix <-0.496040, 0.740798, 0.452949,
		-0.647216, -0.663198, 0.375872,
		0.578840, -0.106708, 0.808429,
		41.674774, 42.330528, 24.141104>
	pigment { color rgbt <0,1,1,0> }
	no_shadow
}
cylinder {
	<40.864216, 42.307438, 24.150179>,  <41.269585, 42.405224, 23.575203>, 0.130000
	pigment { color rgbt <1,0,0,0> }
	no_shadow
}

// nucleotide -1

// particle -1
sphere {
	<40.864216, 42.307438, 24.150179> 0.250000
	pigment { color rgbt <1,0,0,0> }
	no_shadow
}
cylinder {
	<41.213692, 42.474174, 24.250511>,  <41.423378, 42.574215, 24.310711>, 0.100000
	pigment { color rgbt <1,0,0,0> }
	no_shadow
}
cylinder {
	<41.213692, 42.474174, 24.250511>,  <40.864216, 42.307438, 24.150179>, 0.100000
	pigment { color rgbt <1,0,0,0> }
	no_shadow
}

// particle -1
sphere {
	<41.213692, 42.474174, 24.250511> 0.100000
	pigment { color rgbt <1,0,0,0> }
	no_shadow
}
sphere {
	0, 1
	scale<0.080000,0.200000,0.300000>
	matrix <-0.486257, 0.764118, 0.423884,
		-0.014974, -0.492311, 0.870291,
		0.873688, 0.416838, 0.250832,
		41.475800, 42.599224, 24.325760>
	pigment { color rgbt <0,1,1,0> }
	no_shadow
}
cylinder {
	<40.299843, 42.389984, 24.452217>,  <40.864216, 42.307438, 24.150179>, 0.130000
	pigment { color rgbt <1,0,0,0> }
	no_shadow
}

// nucleotide -1

// particle -1
sphere {
	<40.299843, 42.389984, 24.452217> 0.250000
	pigment { color rgbt <1,0,0,0> }
	no_shadow
}
cylinder {
	<40.153873, 42.653915, 24.714958>,  <40.066292, 42.812275, 24.872602>, 0.100000
	pigment { color rgbt <1,0,0,0> }
	no_shadow
}
cylinder {
	<40.153873, 42.653915, 24.714958>,  <40.299843, 42.389984, 24.452217>, 0.100000
	pigment { color rgbt <1,0,0,0> }
	no_shadow
}

// particle -1
sphere {
	<40.153873, 42.653915, 24.714958> 0.100000
	pigment { color rgbt <1,0,0,0> }
	no_shadow
}
sphere {
	0, 1
	scale<0.080000,0.200000,0.300000>
	matrix <-0.816755, -0.565542, 0.114345,
		0.446925, -0.494759, 0.745300,
		-0.364925, 0.659831, 0.656850,
		40.044395, 42.851864, 24.912014>
	pigment { color rgbt <0,1,1,0> }
	no_shadow
}
cylinder {
	<40.087212, 41.996201, 25.087994>,  <40.299843, 42.389984, 24.452217>, 0.130000
	pigment { color rgbt <1,0,0,0> }
	no_shadow
}

// nucleotide -1

// particle -1
sphere {
	<40.087212, 41.996201, 25.087994> 0.250000
	pigment { color rgbt <1,0,0,0> }
	no_shadow
}
cylinder {
	<39.865295, 42.317669, 25.001907>,  <39.732147, 42.510551, 24.950256>, 0.100000
	pigment { color rgbt <1,0,0,0> }
	no_shadow
}
cylinder {
	<39.865295, 42.317669, 25.001907>,  <40.087212, 41.996201, 25.087994>, 0.100000
	pigment { color rgbt <1,0,0,0> }
	no_shadow
}

// particle -1
sphere {
	<39.865295, 42.317669, 25.001907> 0.100000
	pigment { color rgbt <1,0,0,0> }
	no_shadow
}
sphere {
	0, 1
	scale<0.080000,0.200000,0.300000>
	matrix <-0.830539, -0.550247, 0.086219,
		-0.049129, 0.226577, 0.972753,
		-0.554790, 0.803674, -0.215214,
		39.698860, 42.558769, 24.937344>
	pigment { color rgbt <0,1,1,0> }
	no_shadow
}
cylinder {
	<39.588512, 42.189178, 25.626493>,  <40.087212, 41.996201, 25.087994>, 0.130000
	pigment { color rgbt <1,0,0,0> }
	no_shadow
}

// nucleotide -1

// particle -1
sphere {
	<39.588512, 42.189178, 25.626493> 0.250000
	pigment { color rgbt <1,0,0,0> }
	no_shadow
}
cylinder {
	<39.473568, 42.280701, 25.254456>,  <39.404602, 42.335613, 25.031233>, 0.100000
	pigment { color rgbt <1,0,0,0> }
	no_shadow
}
cylinder {
	<39.473568, 42.280701, 25.254456>,  <39.588512, 42.189178, 25.626493>, 0.100000
	pigment { color rgbt <1,0,0,0> }
	no_shadow
}

// particle -1
sphere {
	<39.473568, 42.280701, 25.254456> 0.100000
	pigment { color rgbt <1,0,0,0> }
	no_shadow
}
sphere {
	0, 1
	scale<0.080000,0.200000,0.300000>
	matrix <-0.789922, -0.605800, 0.095020,
		-0.541709, 0.762006, 0.354822,
		-0.287357, 0.228808, -0.930093,
		39.387360, 42.349342, 24.975428>
	pigment { color rgbt <0,1,1,0> }
	no_shadow
}
cylinder {
	<38.842640, 42.379986, 25.487648>,  <39.588512, 42.189178, 25.626493>, 0.130000
	pigment { color rgbt <1,0,0,0> }
	no_shadow
}

// nucleotide -1

// particle -1
sphere {
	<38.842640, 42.379986, 25.487648> 0.250000
	pigment { color rgbt <1,0,0,0> }
	no_shadow
}
cylinder {
	<39.013153, 42.222046, 25.162102>,  <39.115463, 42.127281, 24.966774>, 0.100000
	pigment { color rgbt <1,0,0,0> }
	no_shadow
}
cylinder {
	<39.013153, 42.222046, 25.162102>,  <38.842640, 42.379986, 25.487648>, 0.100000
	pigment { color rgbt <1,0,0,0> }
	no_shadow
}

// particle -1
sphere {
	<39.013153, 42.222046, 25.162102> 0.100000
	pigment { color rgbt <1,0,0,0> }
	no_shadow
}
sphere {
	0, 1
	scale<0.080000,0.200000,0.300000>
	matrix <-0.727383, -0.684486, -0.048912,
		-0.537767, 0.612842, -0.578992,
		0.426287, -0.394846, -0.813865,
		39.141041, 42.103592, 24.917942>
	pigment { color rgbt <0,1,1,0> }
	no_shadow
}
cylinder {
	<38.364685, 42.169529, 24.915823>,  <38.842640, 42.379986, 25.487648>, 0.130000
	pigment { color rgbt <1,0,0,0> }
	no_shadow
}

// nucleotide -1

// particle -1
sphere {
	<38.364685, 42.169529, 24.915823> 0.250000
	pigment { color rgbt <1,0,0,0> }
	no_shadow
}
cylinder {
	<38.691601, 41.948074, 24.851925>,  <38.887753, 41.815201, 24.813585>, 0.100000
	pigment { color rgbt <1,0,0,0> }
	no_shadow
}
cylinder {
	<38.691601, 41.948074, 24.851925>,  <38.364685, 42.169529, 24.915823>, 0.100000
	pigment { color rgbt <1,0,0,0> }
	no_shadow
}

// particle -1
sphere {
	<38.691601, 41.948074, 24.851925> 0.100000
	pigment { color rgbt <1,0,0,0> }
	no_shadow
}
sphere {
	0, 1
	scale<0.080000,0.200000,0.300000>
	matrix <-0.576223, -0.784525, -0.229100,
		0.001514, 0.279292, -0.960205,
		0.817291, -0.553639, -0.159747,
		38.936787, 41.781982, 24.804001>
	pigment { color rgbt <0,1,1,0> }
	no_shadow
}
cylinder {
	<38.252338, 41.651054, 24.235161>,  <38.364685, 42.169529, 24.915823>, 0.130000
	pigment { color rgbt <1,0,0,0> }
	no_shadow
}

// nucleotide -1

// particle -1
sphere {
	<38.252338, 41.651054, 24.235161> 0.250000
	pigment { color rgbt <1,0,0,0> }
	no_shadow
}
cylinder {
	<38.523338, 41.535175, 24.505589>,  <38.685940, 41.465649, 24.667845>, 0.100000
	pigment { color rgbt <1,0,0,0> }
	no_shadow
}
cylinder {
	<38.523338, 41.535175, 24.505589>,  <38.252338, 41.651054, 24.235161>, 0.100000
	pigment { color rgbt <1,0,0,0> }
	no_shadow
}

// particle -1
sphere {
	<38.523338, 41.535175, 24.505589> 0.100000
	pigment { color rgbt <1,0,0,0> }
	no_shadow
}
sphere {
	0, 1
	scale<0.080000,0.200000,0.300000>
	matrix <-0.266525, -0.953393, -0.141441,
		0.685536, -0.084363, -0.723135,
		0.677499, -0.289696, 0.676070,
		38.726589, 41.448265, 24.708410>
	pigment { color rgbt <0,1,1,0> }
	no_shadow
}
cylinder {
	<38.790131, 41.076153, 23.928526>,  <38.252338, 41.651054, 24.235161>, 0.130000
	pigment { color rgbt <1,0,0,0> }
	no_shadow
}

// nucleotide -1

// particle -1
sphere {
	<38.790131, 41.076153, 23.928526> 0.250000
	pigment { color rgbt <1,0,0,0> }
	no_shadow
}
cylinder {
	<38.752735, 41.062027, 24.326523>,  <38.730297, 41.053551, 24.565321>, 0.100000
	pigment { color rgbt <1,0,0,0> }
	no_shadow
}
cylinder {
	<38.752735, 41.062027, 24.326523>,  <38.790131, 41.076153, 23.928526>, 0.100000
	pigment { color rgbt <1,0,0,0> }
	no_shadow
}

// particle -1
sphere {
	<38.752735, 41.062027, 24.326523> 0.100000
	pigment { color rgbt <1,0,0,0> }
	no_shadow
}
sphere {
	0, 1
	scale<0.080000,0.200000,0.300000>
	matrix <-0.091072, -0.994878, -0.043870,
		0.991447, -0.094717, 0.089792,
		-0.093488, -0.035317, 0.994994,
		38.724689, 41.051434, 24.625021>
	pigment { color rgbt <0,1,1,0> }
	no_shadow
}
cylinder {
	<39.194126, 40.521679, 24.019938>,  <38.790131, 41.076153, 23.928526>, 0.130000
	pigment { color rgbt <1,0,0,0> }
	no_shadow
}

// nucleotide -1

// particle -1
sphere {
	<39.194126, 40.521679, 24.019938> 0.250000
	pigment { color rgbt <1,0,0,0> }
	no_shadow
}
cylinder {
	<38.994354, 40.549858, 24.365330>,  <38.874489, 40.566765, 24.572565>, 0.100000
	pigment { color rgbt <1,0,0,0> }
	no_shadow
}
cylinder {
	<38.994354, 40.549858, 24.365330>,  <39.194126, 40.521679, 24.019938>, 0.100000
	pigment { color rgbt <1,0,0,0> }
	no_shadow
}

// particle -1
sphere {
	<38.994354, 40.549858, 24.365330> 0.100000
	pigment { color rgbt <1,0,0,0> }
	no_shadow
}
sphere {
	0, 1
	scale<0.080000,0.200000,0.300000>
	matrix <-0.119395, -0.992775, 0.011942,
		0.858085, -0.097131, 0.504237,
		-0.499434, 0.070450, 0.863483,
		38.844524, 40.570992, 24.624374>
	pigment { color rgbt <0,1,1,0> }
	no_shadow
}
cylinder {
	<39.401432, 39.968822, 24.377012>,  <39.194126, 40.521679, 24.019938>, 0.130000
	pigment { color rgbt <1,0,0,0> }
	no_shadow
}

// nucleotide -1

// particle -1
sphere {
	<39.401432, 39.968822, 24.377012> 0.250000
	pigment { color rgbt <1,0,0,0> }
	no_shadow
}
cylinder {
	<39.056507, 40.061974, 24.556870>,  <38.849552, 40.117863, 24.664783>, 0.100000
	pigment { color rgbt <1,0,0,0> }
	no_shadow
}
cylinder {
	<39.056507, 40.061974, 24.556870>,  <39.401432, 39.968822, 24.377012>, 0.100000
	pigment { color rgbt <1,0,0,0> }
	no_shadow
}

// particle -1
sphere {
	<39.056507, 40.061974, 24.556870> 0.100000
	pigment { color rgbt <1,0,0,0> }
	no_shadow
}
sphere {
	0, 1
	scale<0.080000,0.200000,0.300000>
	matrix <-0.302890, -0.948817, -0.089465,
		0.405796, -0.213340, 0.888716,
		-0.862316, 0.232878, 0.449644,
		38.797813, 40.131836, 24.691763>
	pigment { color rgbt <0,1,1,0> }
	no_shadow
}
cylinder {
	<39.352093, 39.463604, 24.790178>,  <39.401432, 39.968822, 24.377012>, 0.130000
	pigment { color rgbt <1,0,0,0> }
	no_shadow
}

// nucleotide -1

// particle -1
sphere {
	<39.352093, 39.463604, 24.790178> 0.250000
	pigment { color rgbt <1,0,0,0> }
	no_shadow
}
cylinder {
	<38.982571, 39.616577, 24.782898>,  <38.760857, 39.708363, 24.778530>, 0.100000
	pigment { color rgbt <1,0,0,0> }
	no_shadow
}
cylinder {
	<38.982571, 39.616577, 24.782898>,  <39.352093, 39.463604, 24.790178>, 0.100000
	pigment { color rgbt <1,0,0,0> }
	no_shadow
}

// particle -1
sphere {
	<38.982571, 39.616577, 24.782898> 0.100000
	pigment { color rgbt <1,0,0,0> }
	no_shadow
}
sphere {
	0, 1
	scale<0.080000,0.200000,0.300000>
	matrix <-0.382247, -0.923967, -0.013089,
		-0.021823, -0.005134, 0.999749,
		-0.923802, 0.382437, -0.018201,
		38.705429, 39.731308, 24.777437>
	pigment { color rgbt <0,1,1,0> }
	no_shadow
}
cylinder {
	<38.969032, 39.074852, 25.241877>,  <39.352093, 39.463604, 24.790178>, 0.130000
	pigment { color rgbt <1,0,0,0> }
	no_shadow
}

// nucleotide -1

// particle -1
sphere {
	<38.969032, 39.074852, 25.241877> 0.250000
	pigment { color rgbt <1,0,0,0> }
	no_shadow
}
cylinder {
	<38.672440, 39.217197, 25.014347>,  <38.494484, 39.302605, 24.877829>, 0.100000
	pigment { color rgbt <1,0,0,0> }
	no_shadow
}
cylinder {
	<38.672440, 39.217197, 25.014347>,  <38.969032, 39.074852, 25.241877>, 0.100000
	pigment { color rgbt <1,0,0,0> }
	no_shadow
}

// particle -1
sphere {
	<38.672440, 39.217197, 25.014347> 0.100000
	pigment { color rgbt <1,0,0,0> }
	no_shadow
}
sphere {
	0, 1
	scale<0.080000,0.200000,0.300000>
	matrix <-0.479420, -0.874104, 0.078088,
		-0.469423, 0.330607, 0.818743,
		-0.741484, 0.355866, -0.568825,
		38.449993, 39.323956, 24.843700>
	pigment { color rgbt <0,1,1,0> }
	no_shadow
}
cylinder {
	<38.386322, 38.819550, 25.560284>,  <38.969032, 39.074852, 25.241877>, 0.130000
	pigment { color rgbt <1,0,0,0> }
	no_shadow
}

// nucleotide -1

// particle -1
sphere {
	<38.386322, 38.819550, 25.560284> 0.250000
	pigment { color rgbt <1,0,0,0> }
	no_shadow
}
cylinder {
	<38.282623, 38.922161, 25.187836>,  <38.220406, 38.983730, 24.964367>, 0.100000
	pigment { color rgbt <1,0,0,0> }
	no_shadow
}
cylinder {
	<38.282623, 38.922161, 25.187836>,  <38.386322, 38.819550, 25.560284>, 0.100000
	pigment { color rgbt <1,0,0,0> }
	no_shadow
}

// particle -1
sphere {
	<38.282623, 38.922161, 25.187836> 0.100000
	pigment { color rgbt <1,0,0,0> }
	no_shadow
}
sphere {
	0, 1
	scale<0.080000,0.200000,0.300000>
	matrix <-0.422316, -0.897138, -0.129590,
