// switches for output
#declare DRAW_BASES = 1; // possible values are 0, 1; only relevant for DNA ribbons
#declare DRAW_BASES_TYPE = 3; // possible values are 1, 2, 3; only relevant for DNA ribbons
#declare DRAW_FOG = 0; // set to 1 to enable fog

#include "colors.inc"

#include "transforms.inc"
background { rgb <1, 1, 1>}

#default {
   normal{
       ripples 0.25
       frequency 0.20
       turbulence 0.2
       lambda 5
   }
	finish {
		phong 0.1
		phong_size 40.
	}
}

// original window dimensions: 1024x640


// camera settings

camera {
	sky <-0, 1, 0>
	up <-0, 1, 0>
	right 1.6 * <0.581683, 0, 0.813415>
	location <-54.4937, 30, 90.4225>
	look_at <30, 30, 30>
	direction <84.4937, 0, -60.4225>
	angle 67.0682
}


# declare cpy_camera_pos = <-54.4937, 30, 90.4225>;
# if (DRAW_FOG = 1)
fog {
	fog_type 2
	up vnormalize(cpy_camera_pos)
	color rgbt<1,1,1,0.3>
	distance 1e-5
	fog_alt 3e-3
	fog_offset 48
}
# end


// LIGHTS

# declare lum = 6;
global_settings {
	ambient_light rgb lum * <0.05, 0.05, 0.05>
	max_trace_level 15
}# declare cpy_direct_light_amount = 0.25;
light_source
{	1000 * <0.231732, -1, 1.3951>,
	rgb lum * cpy_direct_light_amount
	parallel
}

light_source
{	1000 * <-0.231732, 1, -1.3951>,
	rgb lum * cpy_direct_light_amount
	parallel
}

// strand 0

// nucleotide -1

// particle -1
sphere {
	<42.431683, 33.137405, 23.402235> 0.250000
	pigment { color rgbt <1,0,0,0> }
	no_shadow
}
cylinder {
	<42.677639, 33.266171, 23.114269>,  <42.825214, 33.343430, 22.941490>, 0.100000
	pigment { color rgbt <1,0,0,0> }
	no_shadow
}
cylinder {
	<42.677639, 33.266171, 23.114269>,  <42.431683, 33.137405, 23.402235>, 0.100000
	pigment { color rgbt <1,0,0,0> }
	no_shadow
}

// particle -1
sphere {
	<42.677639, 33.266171, 23.114269> 0.100000
	pigment { color rgbt <1,0,0,0> }
	no_shadow
}
sphere {
	0, 1
	scale<0.080000,0.200000,0.300000>
	matrix <0.439291, 0.618318, 0.651695,
		0.654929, -0.716973, 0.238783,
		0.614892, 0.321919, -0.719914,
		42.862106, 33.362747, 22.898294>
	pigment { color rgbt <0,1,1,0> }
	no_shadow
}
cylinder {
	<41.970078, 33.433605, 22.979244>,  <42.431683, 33.137405, 23.402235>, 0.130000
	pigment { color rgbt <1,0,0,0> }
	no_shadow
}

// nucleotide -1

// particle -1
sphere {
	<41.970078, 33.433605, 22.979244> 0.250000
	pigment { color rgbt <1,0,0,0> }
	no_shadow
}
cylinder {
	<42.272205, 33.353848, 22.729530>,  <42.453484, 33.305992, 22.579702>, 0.100000
	pigment { color rgbt <1,0,0,0> }
	no_shadow
}
cylinder {
	<42.272205, 33.353848, 22.729530>,  <41.970078, 33.433605, 22.979244>, 0.100000
	pigment { color rgbt <1,0,0,0> }
	no_shadow
}

// particle -1
sphere {
	<42.272205, 33.353848, 22.729530> 0.100000
	pigment { color rgbt <1,0,0,0> }
	no_shadow
}
sphere {
	0, 1
	scale<0.080000,0.200000,0.300000>
	matrix <0.564046, -0.287231, 0.774177,
		-0.333683, -0.936877, -0.104482,
		0.755319, -0.199397, -0.624286,
		42.498802, 33.294029, 22.542244>
	pigment { color rgbt <0,1,1,0> }
	no_shadow
}
cylinder {
	<41.208851, 33.470951, 23.177353>,  <41.970078, 33.433605, 22.979244>, 0.130000
	pigment { color rgbt <1,0,0,0> }
	no_shadow
}

// nucleotide -1

// particle -1
sphere {
	<41.208851, 33.470951, 23.177353> 0.250000
	pigment { color rgbt <1,0,0,0> }
	no_shadow
}
cylinder {
	<40.968704, 33.634747, 23.452126>,  <40.824615, 33.733025, 23.616989>, 0.100000
	pigment { color rgbt <1,0,0,0> }
	no_shadow
}
cylinder {
	<40.968704, 33.634747, 23.452126>,  <41.208851, 33.470951, 23.177353>, 0.100000
	pigment { color rgbt <1,0,0,0> }
	no_shadow
}

// particle -1
sphere {
	<40.968704, 33.634747, 23.452126> 0.100000
	pigment { color rgbt <1,0,0,0> }
	no_shadow
}
sphere {
	0, 1
	scale<0.080000,0.200000,0.300000>
	matrix <0.791063, 0.430143, 0.434967,
		-0.117367, 0.804549, -0.582173,
		-0.600370, 0.409485, 0.686934,
		40.788593, 33.757591, 23.658205>
	pigment { color rgbt <0,1,1,0> }
	no_shadow
}
cylinder {
	<40.403610, 33.573380, 23.069513>,  <41.208851, 33.470951, 23.177353>, 0.130000
	pigment { color rgbt <1,0,0,0> }
	no_shadow
}

// nucleotide -1

// particle -1
sphere {
	<40.403610, 33.573380, 23.069513> 0.250000
	pigment { color rgbt <1,0,0,0> }
	no_shadow
}
cylinder {
	<40.161163, 33.668655, 22.765965>,  <40.015694, 33.725819, 22.583836>, 0.100000
	pigment { color rgbt <1,0,0,0> }
	no_shadow
}
cylinder {
	<40.161163, 33.668655, 22.765965>,  <40.403610, 33.573380, 23.069513>, 0.100000
	pigment { color rgbt <1,0,0,0> }
	no_shadow
}

// particle -1
sphere {
	<40.161163, 33.668655, 22.765965> 0.100000
	pigment { color rgbt <1,0,0,0> }
	no_shadow
}
sphere {
	0, 1
	scale<0.080000,0.200000,0.300000>
	matrix <0.488546, 0.864399, -0.118898,
		0.627648, -0.442810, -0.640295,
		-0.606120, 0.238187, -0.758871,
		39.979328, 33.740112, 22.538303>
	pigment { color rgbt <0,1,1,0> }
	no_shadow
}
cylinder {
	<40.139698, 33.485996, 23.806387>,  <40.403610, 33.573380, 23.069513>, 0.130000
	pigment { color rgbt <1,0,0,0> }
	no_shadow
}

// nucleotide -1

// particle -1
sphere {
	<40.139698, 33.485996, 23.806387> 0.250000
	pigment { color rgbt <1,0,0,0> }
	no_shadow
}
cylinder {
	<39.886230, 33.785545, 23.883999>,  <39.734150, 33.965275, 23.930565>, 0.100000
	pigment { color rgbt <1,0,0,0> }
	no_shadow
}
cylinder {
	<39.886230, 33.785545, 23.883999>,  <40.139698, 33.485996, 23.806387>, 0.100000
	pigment { color rgbt <1,0,0,0> }
	no_shadow
}

// particle -1
sphere {
	<39.886230, 33.785545, 23.883999> 0.100000
	pigment { color rgbt <1,0,0,0> }
	no_shadow
}
sphere {
	0, 1
	scale<0.080000,0.200000,0.300000>
	matrix <0.215253, -0.070226, 0.974030,
		0.743051, 0.658982, -0.116697,
		-0.633673, 0.748873, 0.194029,
		39.696129, 34.010208, 23.942207>
	pigment { color rgbt <0,1,1,0> }
	no_shadow
}
cylinder {
	<40.371899, 34.002106, 24.417807>,  <40.139698, 33.485996, 23.806387>, 0.130000
	pigment { color rgbt <1,0,0,0> }
	no_shadow
}

// nucleotide -1

// particle -1
sphere {
	<40.371899, 34.002106, 24.417807> 0.250000
	pigment { color rgbt <1,0,0,0> }
	no_shadow
}
cylinder {
	<39.982395, 34.091316, 24.399651>,  <39.748695, 34.144840, 24.388758>, 0.100000
	pigment { color rgbt <1,0,0,0> }
	no_shadow
}
cylinder {
	<39.982395, 34.091316, 24.399651>,  <40.371899, 34.002106, 24.417807>, 0.100000
	pigment { color rgbt <1,0,0,0> }
	no_shadow
}

// particle -1
sphere {
	<39.982395, 34.091316, 24.399651> 0.100000
	pigment { color rgbt <1,0,0,0> }
	no_shadow
}
sphere {
	0, 1
	scale<0.080000,0.200000,0.300000>
	matrix <-0.086239, -0.177001, 0.980425,
		0.210624, 0.958609, 0.191589,
		-0.973756, 0.223023, -0.045389,
		39.690269, 34.158222, 24.386034>
	pigment { color rgbt <0,1,1,0> }
	no_shadow
}
cylinder {
	<40.164883, 34.556484, 24.858074>,  <40.371899, 34.002106, 24.417807>, 0.130000
	pigment { color rgbt <1,0,0,0> }
	no_shadow
}

// nucleotide -1

// particle -1
sphere {
	<40.164883, 34.556484, 24.858074> 0.250000
	pigment { color rgbt <1,0,0,0> }
	no_shadow
}
cylinder {
	<39.825531, 34.347401, 24.824554>,  <39.621922, 34.221951, 24.804443>, 0.100000
	pigment { color rgbt <1,0,0,0> }
	no_shadow
}
cylinder {
	<39.825531, 34.347401, 24.824554>,  <40.164883, 34.556484, 24.858074>, 0.100000
	pigment { color rgbt <1,0,0,0> }
	no_shadow
}

// particle -1
sphere {
	<39.825531, 34.347401, 24.824554> 0.100000
	pigment { color rgbt <1,0,0,0> }
	no_shadow
}
sphere {
	0, 1
	scale<0.080000,0.200000,0.300000>
	matrix <-0.004331, -0.151436, 0.988457,
		-0.529369, 0.838951, 0.126212,
		-0.848380, -0.522713, -0.083799,
		39.571018, 34.190586, 24.799416>
	pigment { color rgbt <0,1,1,0> }
	no_shadow
}
cylinder {
	<39.837681, 34.804314, 25.429846>,  <40.164883, 34.556484, 24.858074>, 0.130000
	pigment { color rgbt <1,0,0,0> }
	no_shadow
}

// nucleotide -1

// particle -1
sphere {
	<39.837681, 34.804314, 25.429846> 0.250000
	pigment { color rgbt <1,0,0,0> }
	no_shadow
}
cylinder {
	<39.655029, 34.465469, 25.321110>,  <39.545437, 34.262165, 25.255867>, 0.100000
	pigment { color rgbt <1,0,0,0> }
	no_shadow
}
cylinder {
	<39.655029, 34.465469, 25.321110>,  <39.837681, 34.804314, 25.429846>, 0.100000
	pigment { color rgbt <1,0,0,0> }
	no_shadow
}

// particle -1
sphere {
	<39.655029, 34.465469, 25.321110> 0.100000
	pigment { color rgbt <1,0,0,0> }
	no_shadow
}
sphere {
	0, 1
	scale<0.080000,0.200000,0.300000>
	matrix <-0.001945, -0.304605, 0.952477,
		-0.889656, 0.435456, 0.137444,
		-0.456628, -0.847109, -0.271841,
		39.518040, 34.211338, 25.239557>
	pigment { color rgbt <0,1,1,0> }
	no_shadow
}
cylinder {
	<39.295029, 34.681366, 25.874365>,  <39.837681, 34.804314, 25.429846>, 0.130000
	pigment { color rgbt <1,0,0,0> }
	no_shadow
}

// nucleotide -1

// particle -1
sphere {
	<39.295029, 34.681366, 25.874365> 0.250000
	pigment { color rgbt <1,0,0,0> }
	no_shadow
}
cylinder {
	<39.352959, 34.314556, 25.725719>,  <39.387714, 34.094471, 25.636532>, 0.100000
	pigment { color rgbt <1,0,0,0> }
	no_shadow
}
cylinder {
	<39.352959, 34.314556, 25.725719>,  <39.295029, 34.681366, 25.874365>, 0.100000
	pigment { color rgbt <1,0,0,0> }
	no_shadow
}

// particle -1
sphere {
	<39.352959, 34.314556, 25.725719> 0.100000
	pigment { color rgbt <1,0,0,0> }
	no_shadow
}
sphere {
	0, 1
	scale<0.080000,0.200000,0.300000>
	matrix <-0.142408, -0.390982, 0.909315,
		-0.979156, -0.078766, -0.187214,
		0.144820, -0.917022, -0.371616,
		39.396404, 34.039448, 25.614235>
	pigment { color rgbt <0,1,1,0> }
	no_shadow
}
cylinder {
	<38.787739, 34.265152, 26.221285>,  <39.295029, 34.681366, 25.874365>, 0.130000
	pigment { color rgbt <1,0,0,0> }
	no_shadow
}

// nucleotide -1

// particle -1
sphere {
	<38.787739, 34.265152, 26.221285> 0.250000
	pigment { color rgbt <1,0,0,0> }
	no_shadow
}
cylinder {
	<39.069096, 34.016914, 26.082664>,  <39.237911, 33.867973, 25.999493>, 0.100000
	pigment { color rgbt <1,0,0,0> }
	no_shadow
}
cylinder {
	<39.069096, 34.016914, 26.082664>,  <38.787739, 34.265152, 26.221285>, 0.100000
	pigment { color rgbt <1,0,0,0> }
	no_shadow
}

// particle -1
sphere {
	<39.069096, 34.016914, 26.082664> 0.100000
	pigment { color rgbt <1,0,0,0> }
	no_shadow
}
sphere {
	0, 1
	scale<0.080000,0.200000,0.300000>
	matrix <0.041909, -0.450494, 0.891795,
		-0.709562, -0.641808, -0.290868,
		0.703395, -0.620594, -0.346551,
		39.280113, 33.830738, 25.978699>
	pigment { color rgbt <0,1,1,0> }
	no_shadow
}
cylinder {
	<38.546776, 33.652084, 26.534023>,  <38.787739, 34.265152, 26.221285>, 0.130000
	pigment { color rgbt <1,0,0,0> }
	no_shadow
}

// nucleotide -1

// particle -1
sphere {
	<38.546776, 33.652084, 26.534023> 0.250000
	pigment { color rgbt <1,0,0,0> }
	no_shadow
}
cylinder {
	<38.935516, 33.606380, 26.451603>,  <39.168758, 33.578957, 26.402151>, 0.100000
	pigment { color rgbt <1,0,0,0> }
	no_shadow
}
cylinder {
	<38.935516, 33.606380, 26.451603>,  <38.546776, 33.652084, 26.534023>, 0.100000
	pigment { color rgbt <1,0,0,0> }
	no_shadow
}

// particle -1
sphere {
	<38.935516, 33.606380, 26.451603> 0.100000
	pigment { color rgbt <1,0,0,0> }
	no_shadow
}
sphere {
	0, 1
	scale<0.080000,0.200000,0.300000>
	matrix <0.106192, -0.568247, 0.815977,
		-0.210322, -0.814886, -0.540115,
		0.971847, -0.114262, -0.206050,
		39.227070, 33.572102, 26.389788>
	pigment { color rgbt <0,1,1,0> }
	no_shadow
}
cylinder {
	<38.749191, 33.001110, 26.772064>,  <38.546776, 33.652084, 26.534023>, 0.130000
	pigment { color rgbt <1,0,0,0> }
	no_shadow
}

// nucleotide -1

// particle -1
sphere {
	<38.749191, 33.001110, 26.772064> 0.250000
	pigment { color rgbt <1,0,0,0> }
	no_shadow
}
cylinder {
	<39.118973, 33.140568, 26.710308>,  <39.340843, 33.224243, 26.673254>, 0.100000
	pigment { color rgbt <1,0,0,0> }
	no_shadow
}
cylinder {
	<39.118973, 33.140568, 26.710308>,  <38.749191, 33.001110, 26.772064>, 0.100000
	pigment { color rgbt <1,0,0,0> }
	no_shadow
}

// particle -1
sphere {
	<39.118973, 33.140568, 26.710308> 0.100000
	pigment { color rgbt <1,0,0,0> }
	no_shadow
}
sphere {
	0, 1
	scale<0.080000,0.200000,0.300000>
	matrix <0.319485, -0.487238, 0.812728,
		0.208125, -0.800655, -0.561814,
		0.924453, 0.348641, -0.154391,
		39.396309, 33.245159, 26.663990>
	pigment { color rgbt <0,1,1,0> }
	no_shadow
}
cylinder {
	<39.247871, 32.444519, 26.786352>,  <38.749191, 33.001110, 26.772064>, 0.130000
	pigment { color rgbt <1,0,0,0> }
	no_shadow
}

// nucleotide -1

// particle -1
sphere {
	<39.247871, 32.444519, 26.786352> 0.250000
	pigment { color rgbt <1,0,0,0> }
	no_shadow
}
cylinder {
	<39.457237, 32.776386, 26.864002>,  <39.582859, 32.975506, 26.910591>, 0.100000
	pigment { color rgbt <1,0,0,0> }
	no_shadow
}
cylinder {
	<39.457237, 32.776386, 26.864002>,  <39.247871, 32.444519, 26.786352>, 0.100000
	pigment { color rgbt <1,0,0,0> }
	no_shadow
}

// particle -1
sphere {
	<39.457237, 32.776386, 26.864002> 0.100000
	pigment { color rgbt <1,0,0,0> }
	no_shadow
}
sphere {
	0, 1
	scale<0.080000,0.200000,0.300000>
	matrix <0.515490, -0.489733, 0.703159,
		0.678458, -0.267977, -0.684020,
		0.523417, 0.829669, 0.194124,
		39.614262, 33.025288, 26.922239>
	pigment { color rgbt <0,1,1,0> }
	no_shadow
}
cylinder {
	<40.001194, 32.296093, 26.890913>,  <39.247871, 32.444519, 26.786352>, 0.130000
	pigment { color rgbt <1,0,0,0> }
	no_shadow
}

// nucleotide -1

// particle -1
sphere {
	<40.001194, 32.296093, 26.890913> 0.250000
	pigment { color rgbt <1,0,0,0> }
	no_shadow
}
cylinder {
	<39.937439, 32.647572, 27.070904>,  <39.899185, 32.858459, 27.178898>, 0.100000
	pigment { color rgbt <1,0,0,0> }
	no_shadow
}
cylinder {
	<39.937439, 32.647572, 27.070904>,  <40.001194, 32.296093, 26.890913>, 0.100000
	pigment { color rgbt <1,0,0,0> }
	no_shadow
}

// particle -1
sphere {
	<39.937439, 32.647572, 27.070904> 0.100000
	pigment { color rgbt <1,0,0,0> }
	no_shadow
}
sphere {
	0, 1
	scale<0.080000,0.200000,0.300000>
	matrix <0.572217, -0.289194, 0.767421,
		0.804464, 0.379805, -0.456712,
		-0.159392, 0.878701, 0.449977,
		39.889622, 32.911182, 27.205896>
	pigment { color rgbt <0,1,1,0> }
	no_shadow
}
cylinder {
	<40.683910, 32.605450, 27.083626>,  <40.001194, 32.296093, 26.890913>, 0.130000
	pigment { color rgbt <1,0,0,0> }
	no_shadow
}

// nucleotide -1

// particle -1
sphere {
	<40.683910, 32.605450, 27.083626> 0.250000
	pigment { color rgbt <1,0,0,0> }
	no_shadow
}
cylinder {
	<40.462700, 32.838799, 27.321564>,  <40.329975, 32.978809, 27.464327>, 0.100000
	pigment { color rgbt <1,0,0,0> }
	no_shadow
}
cylinder {
	<40.462700, 32.838799, 27.321564>,  <40.683910, 32.605450, 27.083626>, 0.100000
	pigment { color rgbt <1,0,0,0> }
	no_shadow
}

// particle -1
sphere {
	<40.462700, 32.838799, 27.321564> 0.100000
	pigment { color rgbt <1,0,0,0> }
	no_shadow
}
sphere {
	0, 1
	scale<0.080000,0.200000,0.300000>
	matrix <0.614678, -0.196288, 0.763965,
		0.562438, 0.788128, -0.250035,
		-0.553023, 0.583374, 0.594845,
		40.296791, 33.013809, 27.500017>
	pigment { color rgbt <0,1,1,0> }
	no_shadow
}
cylinder {
	<41.110706, 33.071461, 27.453331>,  <40.683910, 32.605450, 27.083626>, 0.130000
	pigment { color rgbt <1,0,0,0> }
	no_shadow
}

// nucleotide -1

// particle -1
sphere {
	<41.110706, 33.071461, 27.453331> 0.250000
	pigment { color rgbt <1,0,0,0> }
	no_shadow
}
cylinder {
	<40.784214, 33.083221, 27.684124>,  <40.588318, 33.090279, 27.822599>, 0.100000
	pigment { color rgbt <1,0,0,0> }
	no_shadow
}
cylinder {
	<40.784214, 33.083221, 27.684124>,  <41.110706, 33.071461, 27.453331>, 0.100000
	pigment { color rgbt <1,0,0,0> }
	no_shadow
}

// particle -1
sphere {
	<40.784214, 33.083221, 27.684124> 0.100000
	pigment { color rgbt <1,0,0,0> }
	no_shadow
}
sphere {
	0, 1
	scale<0.080000,0.200000,0.300000>
	matrix <0.548835, -0.272439, 0.790289,
		0.180427, 0.961724, 0.206237,
		-0.816227, 0.029399, 0.576983,
		40.539345, 33.092041, 27.857220>
	pigment { color rgbt <0,1,1,0> }
	no_shadow
}
cylinder {
	<41.267330, 33.332092, 28.087950>,  <41.110706, 33.071461, 27.453331>, 0.130000
	pigment { color rgbt <1,0,0,0> }
	no_shadow
}

// nucleotide -1

// particle -1
sphere {
	<41.267330, 33.332092, 28.087950> 0.250000
	pigment { color rgbt <1,0,0,0> }
	no_shadow
}
cylinder {
	<40.922188, 33.159958, 28.194000>,  <40.715103, 33.056679, 28.257631>, 0.100000
	pigment { color rgbt <1,0,0,0> }
	no_shadow
}
cylinder {
	<40.922188, 33.159958, 28.194000>,  <41.267330, 33.332092, 28.087950>, 0.100000
	pigment { color rgbt <1,0,0,0> }
	no_shadow
}

// particle -1
sphere {
	<40.922188, 33.159958, 28.194000> 0.100000
	pigment { color rgbt <1,0,0,0> }
	no_shadow
}
sphere {
	0, 1
	scale<0.080000,0.200000,0.300000>
	matrix <0.394746, -0.246118, 0.885213,
		-0.315686, 0.868468, 0.382237,
		-0.862854, -0.430336, 0.265128,
		40.663330, 33.030857, 28.273539>
	pigment { color rgbt <0,1,1,0> }
	no_shadow
}
cylinder {
	<41.300220, 33.456409, 28.795183>,  <41.267330, 33.332092, 28.087950>, 0.130000
	pigment { color rgbt <1,0,0,0> }
	no_shadow
}

// nucleotide -1

// particle -1
sphere {
	<41.300220, 33.456409, 28.795183> 0.250000
	pigment { color rgbt <1,0,0,0> }
	no_shadow
}
cylinder {
	<41.026829, 33.169472, 28.741119>,  <40.862793, 32.997307, 28.708681>, 0.100000
	pigment { color rgbt <1,0,0,0> }
	no_shadow
}
cylinder {
	<41.026829, 33.169472, 28.741119>,  <41.300220, 33.456409, 28.795183>, 0.100000
	pigment { color rgbt <1,0,0,0> }
	no_shadow
}

// particle -1
sphere {
	<41.026829, 33.169472, 28.741119> 0.100000
	pigment { color rgbt <1,0,0,0> }
	no_shadow
}
sphere {
	0, 1
	scale<0.080000,0.200000,0.300000>
	matrix <0.270268, -0.420678, 0.866017,
		-0.678094, 0.555376, 0.481400,
		-0.683479, -0.717348, -0.135159,
		40.821785, 32.954266, 28.700571>
	pigment { color rgbt <0,1,1,0> }
	no_shadow
}
cylinder {
	<40.846970, 33.530373, 29.443146>,  <41.300220, 33.456409, 28.795183>, 0.130000
	pigment { color rgbt <1,0,0,0> }
	no_shadow
}

// nucleotide -1

// particle -1
sphere {
	<40.846970, 33.530373, 29.443146> 0.250000
	pigment { color rgbt <1,0,0,0> }
	no_shadow
}
cylinder {
	<40.801613, 33.166759, 29.282749>,  <40.774399, 32.948589, 29.186510>, 0.100000
	pigment { color rgbt <1,0,0,0> }
	no_shadow
}
cylinder {
	<40.801613, 33.166759, 29.282749>,  <40.846970, 33.530373, 29.443146>, 0.100000
	pigment { color rgbt <1,0,0,0> }
	no_shadow
}

// particle -1
sphere {
	<40.801613, 33.166759, 29.282749> 0.100000
	pigment { color rgbt <1,0,0,0> }
	no_shadow
}
sphere {
	0, 1
	scale<0.080000,0.200000,0.300000>
	matrix <0.286432, -0.416369, 0.862898,
		-0.951367, -0.017012, 0.307589,
		-0.113391, -0.909036, -0.400993,
		40.767597, 32.894047, 29.162451>
	pigment { color rgbt <0,1,1,0> }
	no_shadow
}
cylinder {
	<40.509380, 33.041718, 30.007814>,  <40.846970, 33.530373, 29.443146>, 0.130000
	pigment { color rgbt <1,0,0,0> }
	no_shadow
}

// nucleotide -1

// particle -1
sphere {
	<40.509380, 33.041718, 30.007814> 0.250000
	pigment { color rgbt <1,0,0,0> }
	no_shadow
}
cylinder {
	<40.668716, 32.803417, 29.728844>,  <40.764317, 32.660439, 29.561460>, 0.100000
	pigment { color rgbt <1,0,0,0> }
	no_shadow
}
cylinder {
	<40.668716, 32.803417, 29.728844>,  <40.509380, 33.041718, 30.007814>, 0.100000
	pigment { color rgbt <1,0,0,0> }
	no_shadow
}

// particle -1
sphere {
	<40.668716, 32.803417, 29.728844> 0.100000
	pigment { color rgbt <1,0,0,0> }
	no_shadow
}
sphere {
	0, 1
	scale<0.080000,0.200000,0.300000>
	matrix <0.241251, -0.665536, 0.706300,
		-0.884943, -0.449602, -0.121384,
		0.398339, -0.595752, -0.697428,
		40.788219, 32.624691, 29.519615>
	pigment { color rgbt <0,1,1,0> }
	no_shadow
}
cylinder {
	<40.324356, 32.370102, 30.215229>,  <40.509380, 33.041718, 30.007814>, 0.130000
	pigment { color rgbt <1,0,0,0> }
	no_shadow
}

// nucleotide -1

// particle -1
sphere {
	<40.324356, 32.370102, 30.215229> 0.250000
	pigment { color rgbt <1,0,0,0> }
	no_shadow
}
cylinder {
	<40.647266, 32.322250, 29.984062>,  <40.841015, 32.293537, 29.845362>, 0.100000
	pigment { color rgbt <1,0,0,0> }
	no_shadow
}
cylinder {
	<40.647266, 32.322250, 29.984062>,  <40.324356, 32.370102, 30.215229>, 0.100000
	pigment { color rgbt <1,0,0,0> }
	no_shadow
}

// particle -1
sphere {
	<40.647266, 32.322250, 29.984062> 0.100000
	pigment { color rgbt <1,0,0,0> }
	no_shadow
}
sphere {
	0, 1
	scale<0.080000,0.200000,0.300000>
	matrix <0.448984, -0.511054, 0.732965,
		-0.383033, -0.851183, -0.358850,
		0.807279, -0.119632, -0.577918,
		40.889450, 32.286362, 29.810686>
	pigment { color rgbt <0,1,1,0> }
	no_shadow
}
cylinder {
	<40.445225, 31.643780, 30.132198>,  <40.324356, 32.370102, 30.215229>, 0.130000
	pigment { color rgbt <1,0,0,0> }
	no_shadow
}

// nucleotide -1

// particle -1
sphere {
	<40.445225, 31.643780, 30.132198> 0.250000
	pigment { color rgbt <1,0,0,0> }
	no_shadow
}
cylinder {
	<40.790722, 31.838058, 30.078468>,  <40.998020, 31.954626, 30.046230>, 0.100000
	pigment { color rgbt <1,0,0,0> }
	no_shadow
}
cylinder {
	<40.790722, 31.838058, 30.078468>,  <40.445225, 31.643780, 30.132198>, 0.100000
	pigment { color rgbt <1,0,0,0> }
	no_shadow
}

// particle -1
sphere {
	<40.790722, 31.838058, 30.078468> 0.100000
	pigment { color rgbt <1,0,0,0> }
	no_shadow
}
sphere {
	0, 1
	scale<0.080000,0.200000,0.300000>
	matrix <0.418318, -0.542429, 0.728547,
		0.280991, -0.685469, -0.671696,
		0.863744, 0.485698, -0.134326,
		41.049847, 31.983768, 30.038170>
	pigment { color rgbt <0,1,1,0> }
	no_shadow
}
cylinder {
	<40.907715, 31.114347, 30.051680>,  <40.445225, 31.643780, 30.132198>, 0.130000
	pigment { color rgbt <1,0,0,0> }
	no_shadow
}

// nucleotide -1

// particle -1
sphere {
	<40.907715, 31.114347, 30.051680> 0.250000
	pigment { color rgbt <1,0,0,0> }
	no_shadow
}
cylinder {
	<41.109535, 31.435078, 30.179745>,  <41.230629, 31.627516, 30.256584>, 0.100000
	pigment { color rgbt <1,0,0,0> }
	no_shadow
}
cylinder {
	<41.109535, 31.435078, 30.179745>,  <40.907715, 31.114347, 30.051680>, 0.100000
	pigment { color rgbt <1,0,0,0> }
	no_shadow
}

// particle -1
sphere {
	<41.109535, 31.435078, 30.179745> 0.100000
	pigment { color rgbt <1,0,0,0> }
	no_shadow
}
sphere {
	0, 1
	scale<0.080000,0.200000,0.300000>
	matrix <0.388770, -0.542099, 0.744974,
		0.770900, -0.251407, -0.585242,
		0.504551, 0.801825, 0.320165,
		41.260899, 31.675625, 30.275795>
	pigment { color rgbt <0,1,1,0> }
	no_shadow
}
cylinder {
	<41.468208, 30.773769, 30.199568>,  <40.907715, 31.114347, 30.051680>, 0.130000
	pigment { color rgbt <1,0,0,0> }
	no_shadow
}

// nucleotide -1

// particle -1
sphere {
	<41.468208, 30.773769, 30.199568> 0.250000
	pigment { color rgbt <1,0,0,0> }
	no_shadow
}
cylinder {
	<41.514671, 31.127655, 30.380138>,  <41.542549, 31.339987, 30.488482>, 0.100000
	pigment { color rgbt <1,0,0,0> }
	no_shadow
}
cylinder {
	<41.514671, 31.127655, 30.380138>,  <41.468208, 30.773769, 30.199568>, 0.100000
	pigment { color rgbt <1,0,0,0> }
	no_shadow
}

// particle -1
sphere {
	<41.514671, 31.127655, 30.380138> 0.100000
	pigment { color rgbt <1,0,0,0> }
	no_shadow
}
sphere {
	0, 1
	scale<0.080000,0.200000,0.300000>
	matrix <0.539547, -0.437799, 0.719181,
		0.833905, 0.160031, -0.528198,
		0.116153, 0.884716, 0.451427,
		41.549519, 31.393070, 30.515566>
	pigment { color rgbt <0,1,1,0> }
	no_shadow
}
cylinder {
	<42.211777, 30.924948, 30.251785>,  <41.468208, 30.773769, 30.199568>, 0.130000
	pigment { color rgbt <1,0,0,0> }
	no_shadow
}

// nucleotide -1

// particle -1
sphere {
	<42.211777, 30.924948, 30.251785> 0.250000
	pigment { color rgbt <1,0,0,0> }
	no_shadow
}
cylinder {
	<42.017998, 31.127319, 30.537258>,  <41.901730, 31.248743, 30.708542>, 0.100000
	pigment { color rgbt <1,0,0,0> }
	no_shadow
}
cylinder {
	<42.017998, 31.127319, 30.537258>,  <42.211777, 30.924948, 30.251785>, 0.100000
	pigment { color rgbt <1,0,0,0> }
	no_shadow
}

// particle -1
sphere {
	<42.017998, 31.127319, 30.537258> 0.100000
	pigment { color rgbt <1,0,0,0> }
	no_shadow
}
sphere {
	0, 1
	scale<0.080000,0.200000,0.300000>
	matrix <0.428618, -0.573911, 0.697792,
		0.762623, 0.643943, 0.061181,
		-0.484450, 0.505929, 0.713683,
		41.872662, 31.279099, 30.751364>
	pigment { color rgbt <0,1,1,0> }
	no_shadow
}
cylinder {
	<42.721542, 31.174385, 30.817633>,  <42.211777, 30.924948, 30.251785>, 0.130000
	pigment { color rgbt <1,0,0,0> }
	no_shadow
}

// nucleotide -1

// particle -1
sphere {
	<42.721542, 31.174385, 30.817633> 0.250000
	pigment { color rgbt <1,0,0,0> }
	no_shadow
}
cylinder {
	<42.351170, 31.145798, 30.965977>,  <42.128944, 31.128645, 31.054983>, 0.100000
	pigment { color rgbt <1,0,0,0> }
	no_shadow
}
cylinder {
	<42.351170, 31.145798, 30.965977>,  <42.721542, 31.174385, 30.817633>, 0.100000
	pigment { color rgbt <1,0,0,0> }
	no_shadow
}

// particle -1
sphere {
	<42.351170, 31.145798, 30.965977> 0.100000
	pigment { color rgbt <1,0,0,0> }
	no_shadow
}
sphere {
	0, 1
	scale<0.080000,0.200000,0.300000>
	matrix <0.358319, -0.476603, 0.802781,
		0.119378, 0.876208, 0.466913,
		-0.925935, -0.071470, 0.370858,
		42.073387, 31.124357, 31.077234>
	pigment { color rgbt <0,1,1,0> }
	no_shadow
}
cylinder {
	<42.849762, 31.243174, 31.509811>,  <42.721542, 31.174385, 30.817633>, 0.130000
	pigment { color rgbt <1,0,0,0> }
	no_shadow
}

// nucleotide -1

// particle -1
sphere {
	<42.849762, 31.243174, 31.509811> 0.250000
	pigment { color rgbt <1,0,0,0> }
	no_shadow
}
cylinder {
	<42.486641, 31.076195, 31.493633>,  <42.268768, 30.976007, 31.483927>, 0.100000
	pigment { color rgbt <1,0,0,0> }
	no_shadow
}
cylinder {
	<42.486641, 31.076195, 31.493633>,  <42.849762, 31.243174, 31.509811>, 0.100000
	pigment { color rgbt <1,0,0,0> }
	no_shadow
}

// particle -1
sphere {
	<42.486641, 31.076195, 31.493633> 0.100000
	pigment { color rgbt <1,0,0,0> }
	no_shadow
}
sphere {
	0, 1
	scale<0.080000,0.200000,0.300000>
	matrix <0.276501, -0.668207, 0.690686,
		-0.315349, 0.615822, 0.722023,
		-0.907801, -0.417447, -0.040443,
		42.214302, 30.950960, 31.481501>
	pigment { color rgbt <0,1,1,0> }
	no_shadow
}
cylinder {
	<42.759796, 31.164902, 32.104816>,  <42.849762, 31.243174, 31.509811>, 0.130000
	pigment { color rgbt <1,0,0,0> }
	no_shadow
}

// nucleotide -1

// particle -1
sphere {
	<42.759796, 31.164902, 32.104816> 0.250000
	pigment { color rgbt <1,0,0,0> }
	no_shadow
}
cylinder {
	<42.526516, 30.922668, 31.888245>,  <42.386547, 30.777328, 31.758301>, 0.100000
	pigment { color rgbt <1,0,0,0> }
	no_shadow
}
cylinder {
	<42.526516, 30.922668, 31.888245>,  <42.759796, 31.164902, 32.104816>, 0.100000
	pigment { color rgbt <1,0,0,0> }
	no_shadow
}

// particle -1
sphere {
	<42.526516, 30.922668, 31.888245> 0.100000
	pigment { color rgbt <1,0,0,0> }
	no_shadow
}
sphere {
	0, 1
	scale<0.080000,0.200000,0.300000>
	matrix <0.293386, -0.778550, 0.554783,
		-0.757499, 0.164700, 0.631720,
		-0.583198, -0.605585, -0.541430,
		42.351555, 30.740993, 31.725815>
	pigment { color rgbt <0,1,1,0> }
	no_shadow
}
cylinder {
	<42.266430, 30.684813, 32.570381>,  <42.759796, 31.164902, 32.104816>, 0.130000
	pigment { color rgbt <1,0,0,0> }
	no_shadow
}

// nucleotide -1

// particle -1
sphere {
	<42.266430, 30.684813, 32.570381> 0.250000
	pigment { color rgbt <1,0,0,0> }
	no_shadow
}
cylinder {
	<42.374783, 30.509911, 32.227352>,  <42.439793, 30.404970, 32.021534>, 0.100000
	pigment { color rgbt <1,0,0,0> }
	no_shadow
}
cylinder {
	<42.374783, 30.509911, 32.227352>,  <42.266430, 30.684813, 32.570381>, 0.100000
	pigment { color rgbt <1,0,0,0> }
	no_shadow
}

// particle -1
sphere {
	<42.374783, 30.509911, 32.227352> 0.100000
	pigment { color rgbt <1,0,0,0> }
	no_shadow
}
sphere {
	0, 1
	scale<0.080000,0.200000,0.300000>
	matrix <0.111900, -0.870537, 0.479211,
		-0.956087, -0.225771, -0.186882,
		0.270879, -0.437256, -0.857573,
		42.456047, 30.378735, 31.970079>
	pigment { color rgbt <0,1,1,0> }
	no_shadow
}
cylinder {
	<42.101639, 29.963703, 32.467579>,  <42.266430, 30.684813, 32.570381>, 0.130000
	pigment { color rgbt <1,0,0,0> }
	no_shadow
}

// nucleotide -1

// particle -1
sphere {
	<42.101639, 29.963703, 32.467579> 0.250000
	pigment { color rgbt <1,0,0,0> }
	no_shadow
}
cylinder {
	<42.480061, 30.032127, 32.357510>,  <42.707115, 30.073181, 32.291470>, 0.100000
	pigment { color rgbt <1,0,0,0> }
	no_shadow
}
cylinder {
	<42.480061, 30.032127, 32.357510>,  <42.101639, 29.963703, 32.467579>, 0.100000
	pigment { color rgbt <1,0,0,0> }
	no_shadow
}

// particle -1
sphere {
	<42.480061, 30.032127, 32.357510> 0.100000
	pigment { color rgbt <1,0,0,0> }
	no_shadow
}
sphere {
	0, 1
	scale<0.080000,0.200000,0.300000>
	matrix <0.283853, -0.847080, 0.449315,
		-0.156235, -0.503185, -0.849938,
		0.946054, 0.171059, -0.275174,
		42.763878, 30.083445, 32.274956>
	pigment { color rgbt <0,1,1,0> }
	no_shadow
}
cylinder {
	<42.310196, 29.485788, 31.990923>,  <42.101639, 29.963703, 32.467579>, 0.130000
	pigment { color rgbt <1,0,0,0> }
	no_shadow
}

// nucleotide -1

// particle -1
sphere {
	<42.310196, 29.485788, 31.990923> 0.250000
	pigment { color rgbt <1,0,0,0> }
	no_shadow
}
cylinder {
	<42.597122, 29.625076, 32.232319>,  <42.769279, 29.708649, 32.377155>, 0.100000
	pigment { color rgbt <1,0,0,0> }
	no_shadow
}
cylinder {
	<42.597122, 29.625076, 32.232319>,  <42.310196, 29.485788, 31.990923>, 0.100000
	pigment { color rgbt <1,0,0,0> }
	no_shadow
}

// particle -1
sphere {
	<42.597122, 29.625076, 32.232319> 0.100000
	pigment { color rgbt <1,0,0,0> }
	no_shadow
}
sphere {
	0, 1
	scale<0.080000,0.200000,0.300000>
	matrix <0.233012, -0.936173, 0.263223,
		0.656629, -0.048194, -0.752672,
		0.717317, 0.348221, 0.603489,
		42.812317, 29.729542, 32.413364>
	pigment { color rgbt <0,1,1,0> }
	no_shadow
}
cylinder {
	<41.796974, 29.425983, 31.388899>,  <42.310196, 29.485788, 31.990923>, 0.130000
	pigment { color rgbt <1,0,0,0> }
	no_shadow
}

// nucleotide -1

// particle -1
sphere {
	<41.796974, 29.425983, 31.388899> 0.250000
	pigment { color rgbt <1,0,0,0> }
	no_shadow
}
cylinder {
	<41.915112, 29.078049, 31.230831>,  <41.985992, 28.869287, 31.135990>, 0.100000
	pigment { color rgbt <1,0,0,0> }
	no_shadow
}
cylinder {
	<41.915112, 29.078049, 31.230831>,  <41.796974, 29.425983, 31.388899>, 0.100000
	pigment { color rgbt <1,0,0,0> }
	no_shadow
}

// particle -1
sphere {
	<41.915112, 29.078049, 31.230831> 0.100000
	pigment { color rgbt <1,0,0,0> }
	no_shadow
}
sphere {
	0, 1
	scale<0.080000,0.200000,0.300000>
	matrix <-0.518066, 0.201719, -0.831214,
		0.802732, 0.450219, -0.391055,
		0.295345, -0.869835, -0.395170,
		42.003716, 28.817099, 31.112280>
	pigment { color rgbt <0,1,1,0> }
	no_shadow
}
cylinder {
	<41.919315, 29.591452, 30.715937>,  <41.796974, 29.425983, 31.388899>, 0.130000
	pigment { color rgbt <1,0,0,0> }
	no_shadow
}

// nucleotide -1

// particle -1
sphere {
	<41.919315, 29.591452, 30.715937> 0.250000
	pigment { color rgbt <1,0,0,0> }
	no_shadow
}
cylinder {
	<41.834354, 29.200981, 30.733665>,  <41.783379, 28.966698, 30.744303>, 0.100000
	pigment { color rgbt <1,0,0,0> }
	no_shadow
}
cylinder {
	<41.834354, 29.200981, 30.733665>,  <41.919315, 29.591452, 30.715937>, 0.100000
	pigment { color rgbt <1,0,0,0> }
	no_shadow
}

// particle -1
sphere {
	<41.834354, 29.200981, 30.733665> 0.100000
	pigment { color rgbt <1,0,0,0> }
	no_shadow
}
sphere {
	0, 1
	scale<0.080000,0.200000,0.300000>
	matrix <-0.629260, 0.101933, -0.770482,
		0.747609, -0.191540, -0.635920,
		-0.212399, -0.976178, 0.044323,
		41.770634, 28.908129, 30.746962>
	pigment { color rgbt <0,1,1,0> }
	no_shadow
}
cylinder {
	<42.153149, 29.170870, 30.081614>,  <41.919315, 29.591452, 30.715937>, 0.130000
	pigment { color rgbt <1,0,0,0> }
	no_shadow
}

// nucleotide -1

// particle -1
sphere {
	<42.153149, 29.170870, 30.081614> 0.250000
	pigment { color rgbt <1,0,0,0> }
	no_shadow
}
cylinder {
	<41.823765, 29.035183, 30.263538>,  <41.626137, 28.953772, 30.372692>, 0.100000
	pigment { color rgbt <1,0,0,0> }
	no_shadow
}
cylinder {
	<41.823765, 29.035183, 30.263538>,  <42.153149, 29.170870, 30.081614>, 0.100000
	pigment { color rgbt <1,0,0,0> }
	no_shadow
}

// particle -1
sphere {
	<41.823765, 29.035183, 30.263538> 0.100000
	pigment { color rgbt <1,0,0,0> }
	no_shadow
}
sphere {
	0, 1
	scale<0.080000,0.200000,0.300000>
	matrix <-0.552400, 0.296341, -0.779125,
		0.129509, -0.892814, -0.431405,
		-0.823457, -0.339212, 0.454812,
		41.576729, 28.933418, 30.399981>
	pigment { color rgbt <0,1,1,0> }
	no_shadow
}
cylinder {
	<41.804539, 28.591074, 29.588205>,  <42.153149, 29.170870, 30.081614>, 0.130000
	pigment { color rgbt <1,0,0,0> }
	no_shadow
}

// nucleotide -1

// particle -1
sphere {
	<41.804539, 28.591074, 29.588205> 0.250000
	pigment { color rgbt <1,0,0,0> }
	no_shadow
}
cylinder {
	<41.583305, 28.824169, 29.826370>,  <41.450565, 28.964027, 29.969269>, 0.100000
	pigment { color rgbt <1,0,0,0> }
	no_shadow
}
cylinder {
	<41.583305, 28.824169, 29.826370>,  <41.804539, 28.591074, 29.588205>, 0.100000
	pigment { color rgbt <1,0,0,0> }
	no_shadow
}

// particle -1
sphere {
	<41.583305, 28.824169, 29.826370> 0.100000
	pigment { color rgbt <1,0,0,0> }
	no_shadow
}
sphere {
	0, 1
	scale<0.080000,0.200000,0.300000>
	matrix <-0.517373, 0.319928, -0.793707,
		-0.653014, -0.747035, 0.124547,
		-0.553080, 0.582739, 0.595413,
		41.417381, 28.998991, 30.004993>
	pigment { color rgbt <0,1,1,0> }
	no_shadow
}
cylinder {
	<41.227665, 28.528706, 29.270878>,  <41.804539, 28.591074, 29.588205>, 0.130000
	pigment { color rgbt <1,0,0,0> }
	no_shadow
}

// nucleotide -1

// particle -1
sphere {
	<41.227665, 28.528706, 29.270878> 0.250000
	pigment { color rgbt <1,0,0,0> }
	no_shadow
}
cylinder {
	<41.217766, 28.848389, 29.511097>,  <41.211826, 29.040199, 29.655228>, 0.100000
	pigment { color rgbt <1,0,0,0> }
	no_shadow
}
cylinder {
	<41.217766, 28.848389, 29.511097>,  <41.227665, 28.528706, 29.270878>, 0.100000
	pigment { color rgbt <1,0,0,0> }
	no_shadow
}

// particle -1
sphere {
	<41.217766, 28.848389, 29.511097> 0.100000
	pigment { color rgbt <1,0,0,0> }
	no_shadow
}
sphere {
	0, 1
	scale<0.080000,0.200000,0.300000>
	matrix <-0.621283, 0.458337, -0.635558,
		-0.783195, -0.388837, 0.485192,
		-0.024747, 0.799208, 0.600546,
		41.210342, 29.088150, 29.691261>
	pigment { color rgbt <0,1,1,0> }
	no_shadow
}
cylinder {
	<40.523315, 28.648016, 29.554119>,  <41.227665, 28.528706, 29.270878>, 0.130000
	pigment { color rgbt <1,0,0,0> }
	no_shadow
}

// nucleotide -1

// particle -1
sphere {
	<40.523315, 28.648016, 29.554119> 0.250000
	pigment { color rgbt <1,0,0,0> }
	no_shadow
}
cylinder {
	<40.738472, 28.982418, 29.510723>,  <40.867565, 29.183060, 29.484686>, 0.100000
	pigment { color rgbt <1,0,0,0> }
	no_shadow
}
cylinder {
	<40.738472, 28.982418, 29.510723>,  <40.523315, 28.648016, 29.554119>, 0.100000
	pigment { color rgbt <1,0,0,0> }
	no_shadow
}

// particle -1
sphere {
	<40.738472, 28.982418, 29.510723> 0.100000
	pigment { color rgbt <1,0,0,0> }
	no_shadow
}
sphere {
	0, 1
	scale<0.080000,0.200000,0.300000>
	matrix <-0.698442, 0.369869, -0.612679,
		-0.472077, 0.405326, 0.782850,
		0.537887, 0.836007, -0.108490,
		40.899837, 29.233221, 29.478176>
	pigment { color rgbt <0,1,1,0> }
	no_shadow
}
cylinder {
	<40.115051, 29.321697, 29.699438>,  <40.523315, 28.648016, 29.554119>, 0.130000
	pigment { color rgbt <1,0,0,0> }
	no_shadow
}

// nucleotide -1

// particle -1
sphere {
	<40.115051, 29.321697, 29.699438> 0.250000
	pigment { color rgbt <1,0,0,0> }
	no_shadow
}
cylinder {
	<40.410275, 29.370831, 29.434055>,  <40.587410, 29.400311, 29.274826>, 0.100000
	pigment { color rgbt <1,0,0,0> }
	no_shadow
}
cylinder {
	<40.410275, 29.370831, 29.434055>,  <40.115051, 29.321697, 29.699438>, 0.100000
	pigment { color rgbt <1,0,0,0> }
	no_shadow
}

// particle -1
sphere {
	<40.410275, 29.370831, 29.434055> 0.100000
	pigment { color rgbt <1,0,0,0> }
	no_shadow
}
sphere {
	0, 1
	scale<0.080000,0.200000,0.300000>
	matrix <-0.646538, 0.410021, -0.643328,
		0.193012, 0.903767, 0.382036,
		0.738062, 0.122831, -0.663459,
		40.631695, 29.407681, 29.235018>
	pigment { color rgbt <0,1,1,0> }
	no_shadow
}
cylinder {
	<40.093243, 30.084818, 29.488047>,  <40.115051, 29.321697, 29.699438>, 0.130000
	pigment { color rgbt <1,0,0,0> }
	no_shadow
}

// nucleotide -1

// particle -1
sphere {
	<40.093243, 30.084818, 29.488047> 0.250000
	pigment { color rgbt <1,0,0,0> }
	no_shadow
}
cylinder {
	<40.288498, 29.887291, 29.200195>,  <40.405651, 29.768774, 29.027485>, 0.100000
	pigment { color rgbt <1,0,0,0> }
	no_shadow
}
cylinder {
	<40.288498, 29.887291, 29.200195>,  <40.093243, 30.084818, 29.488047>, 0.100000
	pigment { color rgbt <1,0,0,0> }
	no_shadow
}

// particle -1
sphere {
	<40.288498, 29.887291, 29.200195> 0.100000
	pigment { color rgbt <1,0,0,0> }
	no_shadow
}
sphere {
	0, 1
	scale<0.080000,0.200000,0.300000>
	matrix <-0.546578, 0.469855, -0.693173,
		0.680424, 0.731696, -0.040558,
		0.488136, -0.493819, -0.719629,
		40.434940, 29.739145, 28.984306>
	pigment { color rgbt <0,1,1,0> }
	no_shadow
}
cylinder {
	<40.146091, 30.551865, 28.930990>,  <40.093243, 30.084818, 29.488047>, 0.130000
	pigment { color rgbt <1,0,0,0> }
	no_shadow
}

// nucleotide -1

// particle -1
sphere {
	<40.146091, 30.551865, 28.930990> 0.250000
	pigment { color rgbt <1,0,0,0> }
	no_shadow
}
cylinder {
	<40.246113, 30.209660, 28.749630>,  <40.306126, 30.004337, 28.640814>, 0.100000
	pigment { color rgbt <1,0,0,0> }
	no_shadow
}
cylinder {
	<40.246113, 30.209660, 28.749630>,  <40.146091, 30.551865, 28.930990>, 0.100000
	pigment { color rgbt <1,0,0,0> }
	no_shadow
}

// particle -1
sphere {
	<40.246113, 30.209660, 28.749630> 0.100000
	pigment { color rgbt <1,0,0,0> }
	no_shadow
}
sphere {
	0, 1
	scale<0.080000,0.200000,0.300000>
	matrix <-0.469374, 0.302468, -0.829579,
		0.846855, 0.420251, -0.325923,
		0.250050, -0.855512, -0.453402,
		40.321129, 29.953007, 28.613609>
	pigment { color rgbt <0,1,1,0> }
	no_shadow
}
cylinder {
	<40.455364, 30.723778, 28.248377>,  <40.146091, 30.551865, 28.930990>, 0.130000
	pigment { color rgbt <1,0,0,0> }
	no_shadow
}

// nucleotide -1

// particle -1
sphere {
	<40.455364, 30.723778, 28.248377> 0.250000
	pigment { color rgbt <1,0,0,0> }
	no_shadow
}
cylinder {
	<40.306980, 30.352345, 28.252823>,  <40.217949, 30.129484, 28.255489>, 0.100000
	pigment { color rgbt <1,0,0,0> }
	no_shadow
}
cylinder {
	<40.306980, 30.352345, 28.252823>,  <40.455364, 30.723778, 28.248377>, 0.100000
	pigment { color rgbt <1,0,0,0> }
	no_shadow
}

// particle -1
sphere {
	<40.306980, 30.352345, 28.252823> 0.100000
	pigment { color rgbt <1,0,0,0> }
	no_shadow
}
sphere {
	0, 1
	scale<0.080000,0.200000,0.300000>
	matrix <-0.532139, 0.202745, -0.822024,
		0.761064, -0.310850, -0.569345,
		-0.370957, -0.928583, 0.011113,
		40.195694, 30.073769, 28.256157>
	pigment { color rgbt <0,1,1,0> }
	no_shadow
}
cylinder {
	<40.601871, 30.458988, 27.461239>,  <40.455364, 30.723778, 28.248377>, 0.130000
	pigment { color rgbt <1,0,0,0> }
	no_shadow
}

// nucleotide -1

// particle -1
sphere {
	<40.601871, 30.458988, 27.461239> 0.250000
	pigment { color rgbt <1,0,0,0> }
	no_shadow
}
cylinder {
	<40.315628, 30.232998, 27.625534>,  <40.143883, 30.097403, 27.724112>, 0.100000
	pigment { color rgbt <1,0,0,0> }
	no_shadow
}
cylinder {
	<40.315628, 30.232998, 27.625534>,  <40.601871, 30.458988, 27.461239>, 0.100000
	pigment { color rgbt <1,0,0,0> }
	no_shadow
}

// particle -1
sphere {
	<40.315628, 30.232998, 27.625534> 0.100000
	pigment { color rgbt <1,0,0,0> }
	no_shadow
}
sphere {
	0, 1
	scale<0.080000,0.200000,0.300000>
	matrix <-0.537163, 0.069242, -0.840631,
		0.446497, -0.822196, -0.353035,
		-0.715608, -0.564977, 0.410737,
		40.100945, 30.063505, 27.748755>
	pigment { color rgbt <0,1,1,0> }
	no_shadow
}
cylinder {
	<40.350979, 30.142128, 26.907919>,  <40.601871, 30.458988, 27.461239>, 0.130000
	pigment { color rgbt <1,0,0,0> }
	no_shadow
}

// nucleotide -1

// particle -1
sphere {
	<40.350979, 30.142128, 26.907919> 0.250000
	pigment { color rgbt <1,0,0,0> }
	no_shadow
}
cylinder {
	<40.066105, 30.076466, 27.180931>,  <39.895180, 30.037067, 27.344738>, 0.100000
	pigment { color rgbt <1,0,0,0> }
	no_shadow
}
cylinder {
	<40.066105, 30.076466, 27.180931>,  <40.350979, 30.142128, 26.907919>, 0.100000
	pigment { color rgbt <1,0,0,0> }
	no_shadow
}

// particle -1
sphere {
	<40.066105, 30.076466, 27.180931> 0.100000
	pigment { color rgbt <1,0,0,0> }
	no_shadow
}
sphere {
	0, 1
	scale<0.080000,0.200000,0.300000>
	matrix <-0.701975, 0.173537, -0.690736,
