// switches for output
#declare DRAW_BASES = 1; // possible values are 0, 1; only relevant for DNA ribbons
#declare DRAW_BASES_TYPE = 3; // possible values are 1, 2, 3; only relevant for DNA ribbons
#declare DRAW_FOG = 0; // set to 1 to enable fog

#include "colors.inc"

#include "transforms.inc"
background { rgb <1, 1, 1>}

#default {
   normal{
       ripples 0.25
       frequency 0.20
       turbulence 0.2
       lambda 5
   }
	finish {
		phong 0.1
		phong_size 40.
	}
}

// original window dimensions: 1024x640


// camera settings

camera {
	sky <-0, 1, 0>
	up <-0, 1, 0>
	right 1.6 * <0.581683, 0, 0.813415>
	location <-54.4937, 30, 90.4225>
	look_at <30, 30, 30>
	direction <84.4937, 0, -60.4225>
	angle 67.0682
}


# declare cpy_camera_pos = <-54.4937, 30, 90.4225>;
# if (DRAW_FOG = 1)
fog {
	fog_type 2
	up vnormalize(cpy_camera_pos)
	color rgbt<1,1,1,0.3>
	distance 1e-5
	fog_alt 3e-3
	fog_offset 48
}
# end


// LIGHTS

# declare lum = 6;
global_settings {
	ambient_light rgb lum * <0.05, 0.05, 0.05>
	max_trace_level 15
}# declare cpy_direct_light_amount = 0.25;
light_source
{	1000 * <0.231732, -1, 1.3951>,
	rgb lum * cpy_direct_light_amount
	parallel
}

light_source
{	1000 * <-0.231732, 1, -1.3951>,
	rgb lum * cpy_direct_light_amount
	parallel
}

// strand 0

// nucleotide -1

// particle -1
sphere {
	<42.587646, 32.092499, 22.499331> 0.250000
	pigment { color rgbt <1,0,0,0> }
	no_shadow
}
cylinder {
	<42.470036, 32.421513, 22.694057>,  <42.399471, 32.618919, 22.810894>, 0.100000
	pigment { color rgbt <1,0,0,0> }
	no_shadow
}
cylinder {
	<42.470036, 32.421513, 22.694057>,  <42.587646, 32.092499, 22.499331>, 0.100000
	pigment { color rgbt <1,0,0,0> }
	no_shadow
}

// particle -1
sphere {
	<42.470036, 32.421513, 22.694057> 0.100000
	pigment { color rgbt <1,0,0,0> }
	no_shadow
}
sphere {
	0, 1
	scale<0.080000,0.200000,0.300000>
	matrix <-0.552513, 0.269344, -0.788786,
		-0.779923, -0.500895, 0.375266,
		-0.294023, 0.822531, 0.486819,
		42.381828, 32.668270, 22.840103>
	pigment { color rgbt <0,1,1,0> }
	no_shadow
}
cylinder {
	<41.815334, 32.096382, 22.592237>,  <42.587646, 32.092499, 22.499331>, 0.130000
	pigment { color rgbt <1,0,0,0> }
	no_shadow
}

// nucleotide -1

// particle -1
sphere {
	<41.815334, 32.096382, 22.592237> 0.250000
	pigment { color rgbt <1,0,0,0> }
	no_shadow
}
cylinder {
	<41.980236, 32.460548, 22.578468>,  <42.079178, 32.679047, 22.570208>, 0.100000
	pigment { color rgbt <1,0,0,0> }
	no_shadow
}
cylinder {
	<41.980236, 32.460548, 22.578468>,  <41.815334, 32.096382, 22.592237>, 0.100000
	pigment { color rgbt <1,0,0,0> }
	no_shadow
}

// particle -1
sphere {
	<41.980236, 32.460548, 22.578468> 0.100000
	pigment { color rgbt <1,0,0,0> }
	no_shadow
}
sphere {
	0, 1
	scale<0.080000,0.200000,0.300000>
	matrix <-0.505273, 0.197033, -0.840165,
		-0.758118, 0.363757, 0.541237,
		0.412257, 0.910417, -0.034422,
		42.103912, 32.733673, 22.568142>
	pigment { color rgbt <0,1,1,0> }
	no_shadow
}
cylinder {
	<41.566628, 32.299007, 21.962528>,  <41.815334, 32.096382, 22.592237>, 0.130000
	pigment { color rgbt <1,0,0,0> }
	no_shadow
}

// nucleotide -1

// particle -1
sphere {
	<41.566628, 32.299007, 21.962528> 0.250000
	pigment { color rgbt <1,0,0,0> }
	no_shadow
}
cylinder {
	<41.757080, 32.636257, 22.062481>,  <41.871353, 32.838608, 22.122454>, 0.100000
	pigment { color rgbt <1,0,0,0> }
	no_shadow
}
cylinder {
	<41.757080, 32.636257, 22.062481>,  <41.566628, 32.299007, 21.962528>, 0.100000
	pigment { color rgbt <1,0,0,0> }
	no_shadow
}

// particle -1
sphere {
	<41.757080, 32.636257, 22.062481> 0.100000
	pigment { color rgbt <1,0,0,0> }
	no_shadow
}
sphere {
	0, 1
	scale<0.080000,0.200000,0.300000>
	matrix <-0.224995, 0.391502, -0.892246,
		-0.850104, 0.368603, 0.376104,
		0.476131, 0.843124, 0.249884,
		41.899918, 32.889194, 22.137445>
	pigment { color rgbt <0,1,1,0> }
	no_shadow
}
cylinder {
	<41.022594, 32.810299, 22.066940>,  <41.566628, 32.299007, 21.962528>, 0.130000
	pigment { color rgbt <1,0,0,0> }
	no_shadow
}

// nucleotide -1

// particle -1
sphere {
	<41.022594, 32.810299, 22.066940> 0.250000
	pigment { color rgbt <1,0,0,0> }
	no_shadow
}
cylinder {
	<41.381081, 32.917763, 21.925732>,  <41.596172, 32.982243, 21.841005>, 0.100000
	pigment { color rgbt <1,0,0,0> }
	no_shadow
}
cylinder {
	<41.381081, 32.917763, 21.925732>,  <41.022594, 32.810299, 22.066940>, 0.100000
	pigment { color rgbt <1,0,0,0> }
	no_shadow
}

// particle -1
sphere {
	<41.381081, 32.917763, 21.925732> 0.100000
	pigment { color rgbt <1,0,0,0> }
	no_shadow
}
sphere {
	0, 1
	scale<0.080000,0.200000,0.300000>
	matrix <-0.396547, 0.128398, -0.908991,
		-0.198884, 0.954638, 0.221609,
		0.896212, 0.268662, -0.353022,
		41.649944, 32.998360, 21.819824>
	pigment { color rgbt <0,1,1,0> }
	no_shadow
}
cylinder {
	<40.444820, 33.229034, 22.153809>,  <41.022594, 32.810299, 22.066940>, 0.130000
	pigment { color rgbt <1,0,0,0> }
	no_shadow
}

// nucleotide -1

// particle -1
sphere {
	<40.444820, 33.229034, 22.153809> 0.250000
	pigment { color rgbt <1,0,0,0> }
	no_shadow
}
cylinder {
	<40.194675, 33.388371, 21.885406>,  <40.044590, 33.483971, 21.724365>, 0.100000
	pigment { color rgbt <1,0,0,0> }
	no_shadow
}
cylinder {
	<40.194675, 33.388371, 21.885406>,  <40.444820, 33.229034, 22.153809>, 0.100000
	pigment { color rgbt <1,0,0,0> }
	no_shadow
}

// particle -1
sphere {
	<40.194675, 33.388371, 21.885406> 0.100000
	pigment { color rgbt <1,0,0,0> }
	no_shadow
}
sphere {
	0, 1
	scale<0.080000,0.200000,0.300000>
	matrix <0.776036, 0.227339, -0.588291,
		-0.081794, -0.888618, -0.451295,
		-0.625363, 0.398340, -0.671004,
		40.007065, 33.507874, 21.684105>
	pigment { color rgbt <0,1,1,0> }
	no_shadow
}
cylinder {
	<40.386509, 32.869484, 21.450659>,  <40.444820, 33.229034, 22.153809>, 0.130000
	pigment { color rgbt <1,0,0,0> }
	no_shadow
}

// nucleotide -1

// particle -1
sphere {
	<40.386509, 32.869484, 21.450659> 0.250000
	pigment { color rgbt <1,0,0,0> }
	no_shadow
}
cylinder {
	<40.309345, 33.261753, 21.437603>,  <40.263046, 33.497116, 21.429770>, 0.100000
	pigment { color rgbt <1,0,0,0> }
	no_shadow
}
cylinder {
	<40.309345, 33.261753, 21.437603>,  <40.386509, 32.869484, 21.450659>, 0.100000
	pigment { color rgbt <1,0,0,0> }
	no_shadow
}

// particle -1
sphere {
	<40.309345, 33.261753, 21.437603> 0.100000
	pigment { color rgbt <1,0,0,0> }
	no_shadow
}
sphere {
	0, 1
	scale<0.080000,0.200000,0.300000>
	matrix <0.774522, 0.131764, -0.618672,
		-0.602414, -0.144627, -0.784971,
		-0.192908, 0.980674, -0.032640,
		40.251472, 33.555954, 21.427811>
	pigment { color rgbt <0,1,1,0> }
	no_shadow
}
cylinder {
	<40.445805, 33.057346, 20.820724>,  <40.386509, 32.869484, 21.450659>, 0.130000
	pigment { color rgbt <1,0,0,0> }
	no_shadow
}

// nucleotide -1

// particle -1
sphere {
	<40.445805, 33.057346, 20.820724> 0.250000
	pigment { color rgbt <1,0,0,0> }
	no_shadow
}
cylinder {
	<40.503597, 33.423225, 20.971699>,  <40.538273, 33.642754, 21.062284>, 0.100000
	pigment { color rgbt <1,0,0,0> }
	no_shadow
}
cylinder {
	<40.503597, 33.423225, 20.971699>,  <40.445805, 33.057346, 20.820724>, 0.100000
	pigment { color rgbt <1,0,0,0> }
	no_shadow
}

// particle -1
sphere {
	<40.503597, 33.423225, 20.971699> 0.100000
	pigment { color rgbt <1,0,0,0> }
	no_shadow
}
sphere {
	0, 1
	scale<0.080000,0.200000,0.300000>
	matrix <0.778204, 0.130553, -0.614291,
		-0.611164, 0.382480, -0.692956,
		0.144486, 0.914694, 0.377437,
		40.546944, 33.697632, 21.084930>
	pigment { color rgbt <0,1,1,0> }
	no_shadow
}
cylinder {
	<40.639801, 33.537495, 20.189674>,  <40.445805, 33.057346, 20.820724>, 0.130000
	pigment { color rgbt <1,0,0,0> }
	no_shadow
}

// nucleotide -1

// particle -1
sphere {
	<40.639801, 33.537495, 20.189674> 0.250000
	pigment { color rgbt <1,0,0,0> }
	no_shadow
}
cylinder {
	<40.715233, 33.745575, 20.522861>,  <40.760490, 33.870422, 20.722773>, 0.100000
	pigment { color rgbt <1,0,0,0> }
	no_shadow
}
cylinder {
	<40.715233, 33.745575, 20.522861>,  <40.639801, 33.537495, 20.189674>, 0.100000
	pigment { color rgbt <1,0,0,0> }
	no_shadow
}

// particle -1
sphere {
	<40.715233, 33.745575, 20.522861> 0.100000
	pigment { color rgbt <1,0,0,0> }
	no_shadow
}
sphere {
	0, 1
	scale<0.080000,0.200000,0.300000>
	matrix <0.804053, 0.405211, -0.435090,
		-0.563861, 0.751795, -0.341855,
		0.188575, 0.520200, 0.832965,
		40.771805, 33.901634, 20.772751>
	pigment { color rgbt <0,1,1,0> }
	no_shadow
}
cylinder {
	<40.636677, 34.221760, 20.024748>,  <40.639801, 33.537495, 20.189674>, 0.130000
	pigment { color rgbt <1,0,0,0> }
	no_shadow
}

// nucleotide -1

// particle -1
sphere {
	<40.636677, 34.221760, 20.024748> 0.250000
	pigment { color rgbt <1,0,0,0> }
	no_shadow
}
cylinder {
	<40.881016, 34.173347, 20.337727>,  <41.027618, 34.144299, 20.525513>, 0.100000
	pigment { color rgbt <1,0,0,0> }
	no_shadow
}
cylinder {
	<40.881016, 34.173347, 20.337727>,  <40.636677, 34.221760, 20.024748>, 0.100000
	pigment { color rgbt <1,0,0,0> }
	no_shadow
}

// particle -1
sphere {
	<40.881016, 34.173347, 20.337727> 0.100000
	pigment { color rgbt <1,0,0,0> }
	no_shadow
}
sphere {
	0, 1
	scale<0.080000,0.200000,0.300000>
	matrix <0.757472, 0.376974, -0.533035,
		-0.230445, 0.918282, 0.321953,
		0.610844, -0.121035, 0.782445,
		41.064270, 34.137035, 20.572460>
	pigment { color rgbt <0,1,1,0> }
	no_shadow
}
cylinder {
	<41.012962, 34.798836, 20.042366>,  <40.636677, 34.221760, 20.024748>, 0.130000
	pigment { color rgbt <1,0,0,0> }
	no_shadow
}

// nucleotide -1

// particle -1
sphere {
	<41.012962, 34.798836, 20.042366> 0.250000
	pigment { color rgbt <1,0,0,0> }
	no_shadow
}
cylinder {
	<41.217953, 34.519970, 20.242897>,  <41.340946, 34.352650, 20.363216>, 0.100000
	pigment { color rgbt <1,0,0,0> }
	no_shadow
}
cylinder {
	<41.217953, 34.519970, 20.242897>,  <41.012962, 34.798836, 20.042366>, 0.100000
	pigment { color rgbt <1,0,0,0> }
	no_shadow
}

// particle -1
sphere {
	<41.217953, 34.519970, 20.242897> 0.100000
	pigment { color rgbt <1,0,0,0> }
	no_shadow
}
sphere {
	0, 1
	scale<0.080000,0.200000,0.300000>
	matrix <0.845052, 0.305770, -0.438624,
		0.152503, 0.648433, 0.745840,
		0.512474, -0.697165, 0.501329,
		41.371696, 34.310822, 20.393295>
	pigment { color rgbt <0,1,1,0> }
	no_shadow
}
cylinder {
	<41.673252, 35.064693, 20.216286>,  <41.012962, 34.798836, 20.042366>, 0.130000
	pigment { color rgbt <1,0,0,0> }
	no_shadow
}

// nucleotide -1

// particle -1
sphere {
	<41.673252, 35.064693, 20.216286> 0.250000
	pigment { color rgbt <1,0,0,0> }
	no_shadow
}
cylinder {
	<41.734383, 34.673450, 20.272793>,  <41.771061, 34.438705, 20.306698>, 0.100000
	pigment { color rgbt <1,0,0,0> }
	no_shadow
}
cylinder {
	<41.734383, 34.673450, 20.272793>,  <41.673252, 35.064693, 20.216286>, 0.100000
	pigment { color rgbt <1,0,0,0> }
	no_shadow
}

// particle -1
sphere {
	<41.734383, 34.673450, 20.272793> 0.100000
	pigment { color rgbt <1,0,0,0> }
	no_shadow
}
sphere {
	0, 1
	scale<0.080000,0.200000,0.300000>
	matrix <0.813600, 0.043379, -0.579805,
		0.560982, 0.203546, 0.802414,
		0.152825, -0.978104, 0.141270,
		41.780231, 34.380020, 20.315174>
	pigment { color rgbt <0,1,1,0> }
	no_shadow
}
cylinder {
	<42.394562, 35.033249, 20.256430>,  <41.673252, 35.064693, 20.216286>, 0.130000
	pigment { color rgbt <1,0,0,0> }
	no_shadow
}

// nucleotide -1

// particle -1
sphere {
	<42.394562, 35.033249, 20.256430> 0.250000
	pigment { color rgbt <1,0,0,0> }
	no_shadow
}
cylinder {
	<42.291180, 34.652340, 20.191456>,  <42.229149, 34.423794, 20.152472>, 0.100000
	pigment { color rgbt <1,0,0,0> }
	no_shadow
}
cylinder {
	<42.291180, 34.652340, 20.191456>,  <42.394562, 35.033249, 20.256430>, 0.100000
	pigment { color rgbt <1,0,0,0> }
	no_shadow
}

// particle -1
sphere {
	<42.291180, 34.652340, 20.191456> 0.100000
	pigment { color rgbt <1,0,0,0> }
	no_shadow
}
sphere {
	0, 1
	scale<0.080000,0.200000,0.300000>
	matrix <0.853607, -0.146404, -0.499921,
		0.452277, -0.267864, 0.850702,
		-0.258457, -0.952268, -0.162436,
		42.213642, 34.366661, 20.142725>
	pigment { color rgbt <0,1,1,0> }
	no_shadow
}
cylinder {
	<42.973858, 34.528351, 20.459929>,  <42.394562, 35.033249, 20.256430>, 0.130000
	pigment { color rgbt <1,0,0,0> }
	no_shadow
}

// nucleotide -1

// particle -1
sphere {
	<42.973858, 34.528351, 20.459929> 0.250000
	pigment { color rgbt <1,0,0,0> }
	no_shadow
}
cylinder {
	<42.753475, 34.363384, 20.169727>,  <42.621246, 34.264404, 19.995605>, 0.100000
	pigment { color rgbt <1,0,0,0> }
	no_shadow
}
cylinder {
	<42.753475, 34.363384, 20.169727>,  <42.973858, 34.528351, 20.459929>, 0.100000
	pigment { color rgbt <1,0,0,0> }
	no_shadow
}

// particle -1
sphere {
	<42.753475, 34.363384, 20.169727> 0.100000
	pigment { color rgbt <1,0,0,0> }
	no_shadow
}
sphere {
	0, 1
	scale<0.080000,0.200000,0.300000>
	matrix <0.803193, -0.026053, -0.595149,
		0.226547, -0.910623, 0.345604,
		-0.550960, -0.412416, -0.725504,
		42.588188, 34.239658, 19.952076>
	pigment { color rgbt <0,1,1,0> }
	no_shadow
}
cylinder {
	<43.430382, 34.154793, 20.068665>,  <42.973858, 34.528351, 20.459929>, 0.130000
	pigment { color rgbt <1,0,0,0> }
	no_shadow
}

// nucleotide -1

// particle -1
sphere {
	<43.430382, 34.154793, 20.068665> 0.250000
	pigment { color rgbt <1,0,0,0> }
	no_shadow
}
cylinder {
	<43.108459, 34.164371, 19.831444>,  <42.915306, 34.170120, 19.689112>, 0.100000
	pigment { color rgbt <1,0,0,0> }
	no_shadow
}
cylinder {
	<43.108459, 34.164371, 19.831444>,  <43.430382, 34.154793, 20.068665>, 0.100000
	pigment { color rgbt <1,0,0,0> }
	no_shadow
}

// particle -1
sphere {
	<43.108459, 34.164371, 19.831444> 0.100000
	pigment { color rgbt <1,0,0,0> }
	no_shadow
}
sphere {
	0, 1
	scale<0.080000,0.200000,0.300000>
	matrix <0.589156, -0.088923, -0.803112,
		-0.071970, -0.995750, 0.057456,
		-0.804808, 0.023949, -0.593052,
		42.867016, 34.171555, 19.653528>
	pigment { color rgbt <0,1,1,0> }
	no_shadow
}
cylinder {
	<43.472988, 33.530380, 19.789837>,  <43.430382, 34.154793, 20.068665>, 0.130000
	pigment { color rgbt <1,0,0,0> }
	no_shadow
}

// nucleotide -1

// particle -1
sphere {
	<43.472988, 33.530380, 19.789837> 0.250000
	pigment { color rgbt <1,0,0,0> }
	no_shadow
}
cylinder {
	<43.274895, 33.767212, 19.535534>,  <43.156040, 33.909309, 19.382952>, 0.100000
	pigment { color rgbt <1,0,0,0> }
	no_shadow
}
cylinder {
	<43.274895, 33.767212, 19.535534>,  <43.472988, 33.530380, 19.789837>, 0.100000
	pigment { color rgbt <1,0,0,0> }
	no_shadow
}

// particle -1
sphere {
	<43.274895, 33.767212, 19.535534> 0.100000
	pigment { color rgbt <1,0,0,0> }
	no_shadow
}
sphere {
	0, 1
	scale<0.080000,0.200000,0.300000>
	matrix <0.747324, -0.082832, -0.659276,
		-0.443005, -0.801611, -0.401454,
		-0.495230, 0.592079, -0.635758,
		43.126324, 33.944836, 19.344807>
	pigment { color rgbt <0,1,1,0> }
	no_shadow
}
cylinder {
	<43.389469, 33.196472, 19.230452>,  <43.472988, 33.530380, 19.789837>, 0.130000
	pigment { color rgbt <1,0,0,0> }
	no_shadow
}

// nucleotide -1

// particle -1
sphere {
	<43.389469, 33.196472, 19.230452> 0.250000
	pigment { color rgbt <1,0,0,0> }
	no_shadow
}
cylinder {
	<43.326931, 33.564571, 19.086956>,  <43.289410, 33.785431, 19.000858>, 0.100000
	pigment { color rgbt <1,0,0,0> }
	no_shadow
}
cylinder {
	<43.326931, 33.564571, 19.086956>,  <43.389469, 33.196472, 19.230452>, 0.100000
	pigment { color rgbt <1,0,0,0> }
	no_shadow
}

// particle -1
sphere {
	<43.326931, 33.564571, 19.086956> 0.100000
	pigment { color rgbt <1,0,0,0> }
	no_shadow
}
sphere {
	0, 1
	scale<0.080000,0.200000,0.300000>
	matrix <0.775876, -0.110331, -0.621162,
		-0.611206, -0.375449, -0.696753,
		-0.156341, 0.920253, -0.358737,
		43.280029, 33.840649, 18.979336>
	pigment { color rgbt <0,1,1,0> }
	no_shadow
}
cylinder {
	<43.329983, 33.157139, 18.487896>,  <43.389469, 33.196472, 19.230452>, 0.130000
	pigment { color rgbt <1,0,0,0> }
	no_shadow
}

// nucleotide -1

// particle -1
sphere {
	<43.329983, 33.157139, 18.487896> 0.250000
	pigment { color rgbt <1,0,0,0> }
	no_shadow
}
cylinder {
	<43.420715, 33.542870, 18.542488>,  <43.475155, 33.774307, 18.575243>, 0.100000
	pigment { color rgbt <1,0,0,0> }
	no_shadow
}
cylinder {
	<43.420715, 33.542870, 18.542488>,  <43.329983, 33.157139, 18.487896>, 0.100000
	pigment { color rgbt <1,0,0,0> }
	no_shadow
}

// particle -1
sphere {
	<43.420715, 33.542870, 18.542488> 0.100000
	pigment { color rgbt <1,0,0,0> }
	no_shadow
}
sphere {
	0, 1
	scale<0.080000,0.200000,0.300000>
	matrix <0.796592, -0.103075, -0.595665,
		-0.560346, 0.243833, -0.791554,
		0.226833, 0.964324, 0.136478,
		43.488766, 33.832169, 18.583431>
	pigment { color rgbt <0,1,1,0> }
	no_shadow
}
cylinder {
	<43.441090, 33.478622, 17.811543>,  <43.329983, 33.157139, 18.487896>, 0.130000
	pigment { color rgbt <1,0,0,0> }
	no_shadow
}

// nucleotide -1

// particle -1
sphere {
	<43.441090, 33.478622, 17.811543> 0.250000
	pigment { color rgbt <1,0,0,0> }
	no_shadow
}
cylinder {
	<43.640724, 33.700188, 18.078106>,  <43.760506, 33.833126, 18.238045>, 0.100000
	pigment { color rgbt <1,0,0,0> }
	no_shadow
}
cylinder {
	<43.640724, 33.700188, 18.078106>,  <43.441090, 33.478622, 17.811543>, 0.100000
	pigment { color rgbt <1,0,0,0> }
	no_shadow
}

// particle -1
sphere {
	<43.640724, 33.700188, 18.078106> 0.100000
	pigment { color rgbt <1,0,0,0> }
	no_shadow
}
sphere {
	0, 1
	scale<0.080000,0.200000,0.300000>
	matrix <0.781659, 0.044207, -0.622138,
		-0.374068, 0.831402, -0.410906,
		0.499082, 0.553910, 0.666409,
		43.790447, 33.866360, 18.278028>
	pigment { color rgbt <0,1,1,0> }
	no_shadow
}
cylinder {
	<43.619453, 33.969917, 17.367268>,  <43.441090, 33.478622, 17.811543>, 0.130000
	pigment { color rgbt <1,0,0,0> }
	no_shadow
}

// nucleotide -1

// particle -1
sphere {
	<43.619453, 33.969917, 17.367268> 0.250000
	pigment { color rgbt <1,0,0,0> }
	no_shadow
}
cylinder {
	<43.835068, 34.028137, 17.699112>,  <43.964436, 34.063068, 17.898218>, 0.100000
	pigment { color rgbt <1,0,0,0> }
	no_shadow
}
cylinder {
	<43.835068, 34.028137, 17.699112>,  <43.619453, 33.969917, 17.367268>, 0.100000
	pigment { color rgbt <1,0,0,0> }
	no_shadow
}

// particle -1
sphere {
	<43.835068, 34.028137, 17.699112> 0.100000
	pigment { color rgbt <1,0,0,0> }
	no_shadow
}
sphere {
	0, 1
	scale<0.080000,0.200000,0.300000>
	matrix <0.774845, 0.300473, -0.556175,
		-0.330228, 0.942619, 0.049185,
		0.539040, 0.145554, 0.829609,
		43.996780, 34.071804, 17.947994>
	pigment { color rgbt <0,1,1,0> }
	no_shadow
}
cylinder {
	<43.960644, 34.671871, 17.244274>,  <43.619453, 33.969917, 17.367268>, 0.130000
	pigment { color rgbt <1,0,0,0> }
	no_shadow
}

// nucleotide -1

// particle -1
sphere {
	<43.960644, 34.671871, 17.244274> 0.250000
	pigment { color rgbt <1,0,0,0> }
	no_shadow
}
cylinder {
	<44.153934, 34.480133, 17.537319>,  <44.269909, 34.365089, 17.713146>, 0.100000
	pigment { color rgbt <1,0,0,0> }
	no_shadow
}
cylinder {
	<44.153934, 34.480133, 17.537319>,  <43.960644, 34.671871, 17.244274>, 0.100000
	pigment { color rgbt <1,0,0,0> }
	no_shadow
}

// particle -1
sphere {
	<44.153934, 34.480133, 17.537319> 0.100000
	pigment { color rgbt <1,0,0,0> }
	no_shadow
}
sphere {
	0, 1
	scale<0.080000,0.200000,0.300000>
	matrix <0.872776, 0.329653, -0.359987,
		-0.068948, 0.813360, 0.577660,
		0.483227, -0.479348, 0.732610,
		44.298901, 34.336330, 17.757103>
	pigment { color rgbt <0,1,1,0> }
	no_shadow
}
cylinder {
	<44.598289, 35.118496, 17.476357>,  <43.960644, 34.671871, 17.244274>, 0.130000
	pigment { color rgbt <1,0,0,0> }
	no_shadow
}

// nucleotide -1

// particle -1
sphere {
	<44.598289, 35.118496, 17.476357> 0.250000
	pigment { color rgbt <1,0,0,0> }
	no_shadow
}
cylinder {
	<44.682434, 34.749531, 17.605911>,  <44.732922, 34.528152, 17.683643>, 0.100000
	pigment { color rgbt <1,0,0,0> }
	no_shadow
}
cylinder {
	<44.682434, 34.749531, 17.605911>,  <44.598289, 35.118496, 17.476357>, 0.100000
	pigment { color rgbt <1,0,0,0> }
	no_shadow
}

// particle -1
sphere {
	<44.682434, 34.749531, 17.605911> 0.100000
	pigment { color rgbt <1,0,0,0> }
	no_shadow
}
sphere {
	0, 1
	scale<0.080000,0.200000,0.300000>
	matrix <0.920402, 0.075181, -0.383677,
		0.329558, 0.378815, 0.864806,
		0.210360, -0.922414, 0.323886,
		44.745541, 34.472805, 17.703077>
	pigment { color rgbt <0,1,1,0> }
	no_shadow
}
cylinder {
	<45.175419, 35.159767, 17.829880>,  <44.598289, 35.118496, 17.476357>, 0.130000
	pigment { color rgbt <1,0,0,0> }
	no_shadow
}

// nucleotide -1

// particle -1
sphere {
	<45.175419, 35.159767, 17.829880> 0.250000
	pigment { color rgbt <1,0,0,0> }
	no_shadow
}
cylinder {
	<45.167683, 34.774261, 17.723457>,  <45.163040, 34.542957, 17.659603>, 0.100000
	pigment { color rgbt <1,0,0,0> }
	no_shadow
}
cylinder {
	<45.167683, 34.774261, 17.723457>,  <45.175419, 35.159767, 17.829880>, 0.100000
	pigment { color rgbt <1,0,0,0> }
	no_shadow
}

// particle -1
sphere {
	<45.167683, 34.774261, 17.723457> 0.100000
	pigment { color rgbt <1,0,0,0> }
	no_shadow
}
sphere {
	0, 1
	scale<0.080000,0.200000,0.300000>
	matrix <0.977695, 0.037432, -0.206670,
		0.209140, -0.264121, 0.941542,
		-0.019342, -0.963763, -0.266058,
		45.161880, 34.485134, 17.643641>
	pigment { color rgbt <0,1,1,0> }
	no_shadow
}
cylinder {
	<45.783848, 34.940319, 18.086683>,  <45.175419, 35.159767, 17.829880>, 0.130000
	pigment { color rgbt <1,0,0,0> }
	no_shadow
}

// nucleotide -1

// particle -1
sphere {
	<45.783848, 34.940319, 18.086683> 0.250000
	pigment { color rgbt <1,0,0,0> }
	no_shadow
}
cylinder {
	<45.662285, 34.669125, 17.818958>,  <45.589348, 34.506409, 17.658323>, 0.100000
	pigment { color rgbt <1,0,0,0> }
	no_shadow
}
cylinder {
	<45.662285, 34.669125, 17.818958>,  <45.783848, 34.940319, 18.086683>, 0.100000
	pigment { color rgbt <1,0,0,0> }
	no_shadow
}

// particle -1
sphere {
	<45.662285, 34.669125, 17.818958> 0.100000
	pigment { color rgbt <1,0,0,0> }
	no_shadow
}
sphere {
	0, 1
	scale<0.080000,0.200000,0.300000>
	matrix <0.944484, -0.122328, -0.304935,
		0.124866, -0.724824, 0.677524,
		-0.303904, -0.677987, -0.669310,
		45.571114, 34.465729, 17.618166>
	pigment { color rgbt <0,1,1,0> }
	no_shadow
}
cylinder {
	<46.272690, 34.361309, 18.156067>,  <45.783848, 34.940319, 18.086683>, 0.130000
	pigment { color rgbt <1,0,0,0> }
	no_shadow
}

// nucleotide -1

// particle -1
sphere {
	<46.272690, 34.361309, 18.156067> 0.250000
	pigment { color rgbt <1,0,0,0> }
	no_shadow
}
cylinder {
	<46.107540, 34.355572, 17.791798>,  <46.008450, 34.352131, 17.573236>, 0.100000
	pigment { color rgbt <1,0,0,0> }
	no_shadow
}
cylinder {
	<46.107540, 34.355572, 17.791798>,  <46.272690, 34.361309, 18.156067>, 0.100000
	pigment { color rgbt <1,0,0,0> }
	no_shadow
}

// particle -1
sphere {
	<46.107540, 34.355572, 17.791798> 0.100000
	pigment { color rgbt <1,0,0,0> }
	no_shadow
}
sphere {
	0, 1
	scale<0.080000,0.200000,0.300000>
	matrix <0.909351, -0.062640, -0.411287,
		-0.051146, -0.997933, 0.038904,
		-0.412874, -0.014342, -0.910675,
		45.983677, 34.351269, 17.518595>
	pigment { color rgbt <0,1,1,0> }
	no_shadow
}
cylinder {
	<46.721504, 33.903091, 17.788729>,  <46.272690, 34.361309, 18.156067>, 0.130000
	pigment { color rgbt <1,0,0,0> }
	no_shadow
}

// nucleotide -1

// particle -1
sphere {
	<46.721504, 33.903091, 17.788729> 0.250000
	pigment { color rgbt <1,0,0,0> }
	no_shadow
}
cylinder {
	<46.538490, 34.136395, 17.520260>,  <46.428680, 34.276375, 17.359179>, 0.100000
	pigment { color rgbt <1,0,0,0> }
	no_shadow
}
cylinder {
	<46.538490, 34.136395, 17.520260>,  <46.721504, 33.903091, 17.788729>, 0.100000
	pigment { color rgbt <1,0,0,0> }
	no_shadow
}

// particle -1
sphere {
	<46.538490, 34.136395, 17.520260> 0.100000
	pigment { color rgbt <1,0,0,0> }
	no_shadow
}
sphere {
	0, 1
	scale<0.080000,0.200000,0.300000>
	matrix <0.835353, 0.023290, -0.549220,
		-0.304705, -0.811954, -0.497882,
		-0.457537, 0.583257, -0.671172,
		46.401230, 34.311371, 17.318909>
	pigment { color rgbt <0,1,1,0> }
	no_shadow
}
cylinder {
	<47.132660, 33.904678, 17.193766>,  <46.721504, 33.903091, 17.788729>, 0.130000
	pigment { color rgbt <1,0,0,0> }
	no_shadow
}

// nucleotide -1

// particle -1
sphere {
	<47.132660, 33.904678, 17.193766> 0.250000
	pigment { color rgbt <1,0,0,0> }
	no_shadow
}
cylinder {
	<46.893295, 34.215565, 17.115959>,  <46.749676, 34.402096, 17.069275>, 0.100000
	pigment { color rgbt <1,0,0,0> }
	no_shadow
}
cylinder {
	<46.893295, 34.215565, 17.115959>,  <47.132660, 33.904678, 17.193766>, 0.100000
	pigment { color rgbt <1,0,0,0> }
	no_shadow
}

// particle -1
sphere {
	<46.893295, 34.215565, 17.115959> 0.100000
	pigment { color rgbt <1,0,0,0> }
	no_shadow
}
sphere {
	0, 1
	scale<0.080000,0.200000,0.300000>
	matrix <0.732468, 0.432334, -0.525906,
		-0.324650, -0.457182, -0.828002,
		-0.598409, 0.777220, -0.194514,
		46.713772, 34.448730, 17.057606>
	pigment { color rgbt <0,1,1,0> }
	no_shadow
}
cylinder {
	<47.146214, 33.929924, 16.439894>,  <47.132660, 33.904678, 17.193766>, 0.130000
	pigment { color rgbt <1,0,0,0> }
	no_shadow
}

// nucleotide -1

// particle -1
sphere {
	<47.146214, 33.929924, 16.439894> 0.250000
	pigment { color rgbt <1,0,0,0> }
	no_shadow
}
cylinder {
	<47.131359, 34.284618, 16.624207>,  <47.122444, 34.497437, 16.734795>, 0.100000
	pigment { color rgbt <1,0,0,0> }
	no_shadow
}
cylinder {
	<47.131359, 34.284618, 16.624207>,  <47.146214, 33.929924, 16.439894>, 0.100000
	pigment { color rgbt <1,0,0,0> }
	no_shadow
}

// particle -1
sphere {
	<47.131359, 34.284618, 16.624207> 0.100000
	pigment { color rgbt <1,0,0,0> }
	no_shadow
}
sphere {
	0, 1
	scale<0.080000,0.200000,0.300000>
	matrix <0.885829, 0.242628, -0.395523,
		-0.462523, 0.393484, -0.794508,
		-0.037138, 0.886737, 0.460780,
		47.120216, 34.550640, 16.762440>
	pigment { color rgbt <0,1,1,0> }
	no_shadow
}
cylinder {
	<47.272758, 34.498898, 15.960725>,  <47.146214, 33.929924, 16.439894>, 0.130000
	pigment { color rgbt <1,0,0,0> }
	no_shadow
}

// nucleotide -1

// particle -1
sphere {
	<47.272758, 34.498898, 15.960725> 0.250000
	pigment { color rgbt <1,0,0,0> }
	no_shadow
}
cylinder {
	<47.403717, 34.564869, 16.332878>,  <47.482292, 34.604454, 16.556170>, 0.100000
	pigment { color rgbt <1,0,0,0> }
	no_shadow
}
cylinder {
	<47.403717, 34.564869, 16.332878>,  <47.272758, 34.498898, 15.960725>, 0.100000
	pigment { color rgbt <1,0,0,0> }
	no_shadow
}

// particle -1
sphere {
	<47.403717, 34.564869, 16.332878> 0.100000
	pigment { color rgbt <1,0,0,0> }
	no_shadow
}
sphere {
	0, 1
	scale<0.080000,0.200000,0.300000>
	matrix <0.911072, 0.205963, -0.357110,
		-0.250523, 0.964561, -0.082832,
		0.327394, 0.164930, 0.930382,
		47.501934, 34.614349, 16.611992>
	pigment { color rgbt <0,1,1,0> }
	no_shadow
}
cylinder {
	<47.608265, 35.157856, 15.979398>,  <47.272758, 34.498898, 15.960725>, 0.130000
	pigment { color rgbt <1,0,0,0> }
	no_shadow
}

// nucleotide -1

// particle -1
sphere {
	<47.608265, 35.157856, 15.979398> 0.250000
	pigment { color rgbt <1,0,0,0> }
	no_shadow
}
cylinder {
	<47.770699, 34.952202, 16.281593>,  <47.868160, 34.828812, 16.462910>, 0.100000
	pigment { color rgbt <1,0,0,0> }
	no_shadow
}
cylinder {
	<47.770699, 34.952202, 16.281593>,  <47.608265, 35.157856, 15.979398>, 0.100000
	pigment { color rgbt <1,0,0,0> }
	no_shadow
}

// particle -1
sphere {
	<47.770699, 34.952202, 16.281593> 0.100000
	pigment { color rgbt <1,0,0,0> }
	no_shadow
}
sphere {
	0, 1
	scale<0.080000,0.200000,0.300000>
	matrix <0.909444, 0.308324, -0.279014,
		-0.089485, 0.800377, 0.592780,
		0.406084, -0.514133, 0.755489,
		47.892525, 34.797962, 16.508240>
	pigment { color rgbt <0,1,1,0> }
	no_shadow
}
cylinder {
	<47.949127, 35.556267, 16.485403>,  <47.608265, 35.157856, 15.979398>, 0.130000
	pigment { color rgbt <1,0,0,0> }
	no_shadow
}

// nucleotide -1

// particle -1
sphere {
	<47.949127, 35.556267, 16.485403> 0.250000
	pigment { color rgbt <1,0,0,0> }
	no_shadow
}
cylinder {
	<48.146900, 35.213757, 16.545158>,  <48.265564, 35.008251, 16.581013>, 0.100000
	pigment { color rgbt <1,0,0,0> }
	no_shadow
}
cylinder {
	<48.146900, 35.213757, 16.545158>,  <47.949127, 35.556267, 16.485403>, 0.100000
	pigment { color rgbt <1,0,0,0> }
	no_shadow
}

// particle -1
sphere {
	<48.146900, 35.213757, 16.545158> 0.100000
	pigment { color rgbt <1,0,0,0> }
	no_shadow
}
sphere {
	0, 1
	scale<0.080000,0.200000,0.300000>
	matrix <0.868279, 0.494523, -0.039223,
		-0.040290, 0.149105, 0.988000,
		0.494437, -0.856280, 0.149389,
		48.295231, 34.956871, 16.589975>
	pigment { color rgbt <0,1,1,0> }
	no_shadow
}
cylinder {
	<47.250870, 35.387363, 16.659925>,  <47.949127, 35.556267, 16.485403>, 0.130000
	pigment { color rgbt <1,0,0,0> }
	no_shadow
}

// nucleotide -1

// particle -1
sphere {
	<47.250870, 35.387363, 16.659925> 0.250000
	pigment { color rgbt <1,0,0,0> }
	no_shadow
}
cylinder {
	<46.901291, 35.509144, 16.508389>,  <46.691544, 35.582211, 16.417467>, 0.100000
	pigment { color rgbt <1,0,0,0> }
	no_shadow
}
cylinder {
	<46.901291, 35.509144, 16.508389>,  <47.250870, 35.387363, 16.659925>, 0.100000
	pigment { color rgbt <1,0,0,0> }
	no_shadow
}

// particle -1
sphere {
	<46.901291, 35.509144, 16.508389> 0.100000
	pigment { color rgbt <1,0,0,0> }
	no_shadow
}
sphere {
	0, 1
	scale<0.080000,0.200000,0.300000>
	matrix <0.398450, 0.895162, -0.199807,
		0.278294, -0.325571, -0.903635,
		-0.873951, 0.304448, -0.378842,
		46.639107, 35.600479, 16.394735>
	pigment { color rgbt <0,1,1,0> }
	no_shadow
}
cylinder {
	<47.414829, 35.857967, 16.010290>,  <47.250870, 35.387363, 16.659925>, 0.130000
	pigment { color rgbt <1,0,0,0> }
	no_shadow
}

// nucleotide -1

// particle -1
sphere {
	<47.414829, 35.857967, 16.010290> 0.250000
	pigment { color rgbt <1,0,0,0> }
	no_shadow
}
cylinder {
	<47.037609, 35.923855, 16.125889>,  <46.811275, 35.963387, 16.195248>, 0.100000
	pigment { color rgbt <1,0,0,0> }
	no_shadow
}
cylinder {
	<47.037609, 35.923855, 16.125889>,  <47.414829, 35.857967, 16.010290>, 0.100000
	pigment { color rgbt <1,0,0,0> }
	no_shadow
}

// particle -1
sphere {
	<47.037609, 35.923855, 16.125889> 0.100000
	pigment { color rgbt <1,0,0,0> }
	no_shadow
}
sphere {
	0, 1
	scale<0.080000,0.200000,0.300000>
	matrix <0.086701, 0.960472, -0.264530,
		-0.321147, -0.224409, -0.920057,
		-0.943052, 0.164723, 0.288996,
		46.754692, 35.973270, 16.212587>
	pigment { color rgbt <0,1,1,0> }
	no_shadow
}
cylinder {
	<47.072437, 36.405739, 15.621548>,  <47.414829, 35.857967, 16.010290>, 0.130000
	pigment { color rgbt <1,0,0,0> }
	no_shadow
}

// nucleotide -1

// particle -1
sphere {
	<47.072437, 36.405739, 15.621548> 0.250000
	pigment { color rgbt <1,0,0,0> }
	no_shadow
}
cylinder {
	<46.778152, 36.362305, 15.888961>,  <46.601582, 36.336246, 16.049408>, 0.100000
	pigment { color rgbt <1,0,0,0> }
	no_shadow
}
cylinder {
	<46.778152, 36.362305, 15.888961>,  <47.072437, 36.405739, 15.621548>, 0.100000
	pigment { color rgbt <1,0,0,0> }
	no_shadow
}

// particle -1
sphere {
	<46.778152, 36.362305, 15.888961> 0.100000
	pigment { color rgbt <1,0,0,0> }
	no_shadow
}
sphere {
	0, 1
	scale<0.080000,0.200000,0.300000>
	matrix <-0.420237, 0.847272, -0.324854,
		-0.531156, -0.519942, -0.668979,
		-0.735713, -0.108582, 0.668533,
		46.557438, 36.329731, 16.089521>
	pigment { color rgbt <0,1,1,0> }
	no_shadow
}
cylinder {
	<46.454475, 36.542706, 15.327579>,  <47.072437, 36.405739, 15.621548>, 0.130000
	pigment { color rgbt <1,0,0,0> }
	no_shadow
}

// nucleotide -1

// particle -1
sphere {
	<46.454475, 36.542706, 15.327579> 0.250000
	pigment { color rgbt <1,0,0,0> }
	no_shadow
}
cylinder {
	<46.381882, 36.596813, 15.717198>,  <46.338326, 36.629276, 15.950970>, 0.100000
	pigment { color rgbt <1,0,0,0> }
	no_shadow
}
cylinder {
	<46.381882, 36.596813, 15.717198>,  <46.454475, 36.542706, 15.327579>, 0.100000
	pigment { color rgbt <1,0,0,0> }
	no_shadow
}

// particle -1
sphere {
	<46.381882, 36.596813, 15.717198> 0.100000
	pigment { color rgbt <1,0,0,0> }
	no_shadow
}
sphere {
	0, 1
	scale<0.080000,0.200000,0.300000>
	matrix <-0.365285, 0.910354, -0.194480,
		-0.913034, -0.391099, -0.115803,
		-0.181482, 0.135266, 0.974047,
		46.327438, 36.637394, 16.009413>
	pigment { color rgbt <0,1,1,0> }
	no_shadow
}
cylinder {
	<45.713127, 36.729214, 15.566343>,  <46.454475, 36.542706, 15.327579>, 0.130000
	pigment { color rgbt <1,0,0,0> }
	no_shadow
}

// nucleotide -1

// particle -1
sphere {
	<45.713127, 36.729214, 15.566343> 0.250000
	pigment { color rgbt <1,0,0,0> }
	no_shadow
}
cylinder {
	<46.014717, 36.863178, 15.792390>,  <46.195671, 36.943558, 15.928018>, 0.100000
	pigment { color rgbt <1,0,0,0> }
	no_shadow
}
cylinder {
	<46.014717, 36.863178, 15.792390>,  <45.713127, 36.729214, 15.566343>, 0.100000
	pigment { color rgbt <1,0,0,0> }
	no_shadow
}

// particle -1
sphere {
	<46.014717, 36.863178, 15.792390> 0.100000
	pigment { color rgbt <1,0,0,0> }
	no_shadow
}
sphere {
	0, 1
	scale<0.080000,0.200000,0.300000>
	matrix <-0.202303, 0.936843, -0.285305,
		-0.624978, 0.100788, 0.774109,
		0.753974, 0.334913, 0.565116,
		46.240910, 36.963654, 15.961925>
	pigment { color rgbt <0,1,1,0> }
	no_shadow
}
cylinder {
	<45.520134, 37.377953, 15.702543>,  <45.713127, 36.729214, 15.566343>, 0.130000
	pigment { color rgbt <1,0,0,0> }
	no_shadow
}

// nucleotide -1

// particle -1
sphere {
	<45.520134, 37.377953, 15.702543> 0.250000
	pigment { color rgbt <1,0,0,0> }
	no_shadow
}
cylinder {
	<45.911049, 37.381981, 15.787221>,  <46.145596, 37.384396, 15.838027>, 0.100000
	pigment { color rgbt <1,0,0,0> }
	no_shadow
}
cylinder {
	<45.911049, 37.381981, 15.787221>,  <45.520134, 37.377953, 15.702543>, 0.100000
	pigment { color rgbt <1,0,0,0> }
	no_shadow
}

// particle -1
sphere {
	<45.911049, 37.381981, 15.787221> 0.100000
	pigment { color rgbt <1,0,0,0> }
	no_shadow
}
sphere {
	0, 1
	scale<0.080000,0.200000,0.300000>
	matrix <0.041836, 0.970051, -0.239273,
		-0.207763, 0.242694, 0.947594,
		0.977284, 0.010068, 0.211694,
		46.204235, 37.385002, 15.850729>
	pigment { color rgbt <0,1,1,0> }
	no_shadow
}
cylinder {
	<45.705791, 37.941536, 16.240913>,  <45.520134, 37.377953, 15.702543>, 0.130000
	pigment { color rgbt <1,0,0,0> }
	no_shadow
}

// nucleotide -1

// particle -1
sphere {
	<45.705791, 37.941536, 16.240913> 0.250000
	pigment { color rgbt <1,0,0,0> }
	no_shadow
}
cylinder {
	<45.723713, 38.109303, 16.603588>,  <45.734467, 38.209961, 16.821194>, 0.100000
	pigment { color rgbt <1,0,0,0> }
	no_shadow
}
cylinder {
	<45.723713, 38.109303, 16.603588>,  <45.705791, 37.941536, 16.240913>, 0.100000
	pigment { color rgbt <1,0,0,0> }
	no_shadow
}

// particle -1
sphere {
	<45.723713, 38.109303, 16.603588> 0.100000
	pigment { color rgbt <1,0,0,0> }
	no_shadow
}
sphere {
	0, 1
	scale<0.080000,0.200000,0.300000>
	matrix <-0.669289, -0.661196, 0.338929,
		0.741651, -0.622020, 0.251089,
		0.044801, 0.419418, 0.906687,
		45.737152, 38.235126, 16.875595>
	pigment { color rgbt <0,1,1,0> }
	no_shadow
}
cylinder {
	<45.613892, 37.377682, 16.664682>,  <45.705791, 37.941536, 16.240913>, 0.130000
	pigment { color rgbt <1,0,0,0> }
	no_shadow
}

// nucleotide -1

// particle -1
sphere {
	<45.613892, 37.377682, 16.664682> 0.250000
	pigment { color rgbt <1,0,0,0> }
	no_shadow
}
cylinder {
	<45.521168, 37.684113, 16.904480>,  <45.465534, 37.867970, 17.048359>, 0.100000
	pigment { color rgbt <1,0,0,0> }
	no_shadow
}
cylinder {
	<45.521168, 37.684113, 16.904480>,  <45.613892, 37.377682, 16.664682>, 0.100000
	pigment { color rgbt <1,0,0,0> }
	no_shadow
}

// particle -1
sphere {
	<45.521168, 37.684113, 16.904480> 0.100000
	pigment { color rgbt <1,0,0,0> }
	no_shadow
}
sphere {
	0, 1
	scale<0.080000,0.200000,0.300000>
	matrix <-0.688696, -0.564483, 0.455035,
		0.686995, -0.307386, 0.658446,
		-0.231810, 0.766076, 0.599493,
		45.451626, 37.913937, 17.084328>
	pigment { color rgbt <0,1,1,0> }
	no_shadow
}
cylinder {
	<45.651279, 37.208607, 17.333748>,  <45.613892, 37.377682, 16.664682>, 0.130000
	pigment { color rgbt <1,0,0,0> }
	no_shadow
}

// nucleotide -1

// particle -1
sphere {
	<45.651279, 37.208607, 17.333748> 0.250000
	pigment { color rgbt <1,0,0,0> }
	no_shadow
}
cylinder {
	<45.405811, 37.521656, 17.375526>,  <45.258530, 37.709488, 17.400595>, 0.100000
	pigment { color rgbt <1,0,0,0> }
	no_shadow
}
cylinder {
	<45.405811, 37.521656, 17.375526>,  <45.651279, 37.208607, 17.333748>, 0.100000
	pigment { color rgbt <1,0,0,0> }
	no_shadow
}

// particle -1
sphere {
	<45.405811, 37.521656, 17.375526> 0.100000
	pigment { color rgbt <1,0,0,0> }
	no_shadow
}
sphere {
	0, 1
	scale<0.080000,0.200000,0.300000>
	matrix <-0.648300, -0.574955, 0.499133,
		0.450687, 0.238588, 0.860207,
		-0.613668, 0.782625, 0.104449,
		45.221710, 37.756443, 17.406860>
	pigment { color rgbt <0,1,1,0> }
	no_shadow
}
cylinder {
	<45.483093, 37.236469, 18.054951>,  <45.651279, 37.208607, 17.333748>, 0.130000
	pigment { color rgbt <1,0,0,0> }
	no_shadow
}

// nucleotide -1

// particle -1
sphere {
	<45.483093, 37.236469, 18.054951> 0.250000
	pigment { color rgbt <1,0,0,0> }
	no_shadow
}
cylinder {
	<45.193985, 37.449333, 17.878586>,  <45.020519, 37.577053, 17.772766>, 0.100000
	pigment { color rgbt <1,0,0,0> }
	no_shadow
}
cylinder {
	<45.193985, 37.449333, 17.878586>,  <45.483093, 37.236469, 18.054951>, 0.100000
	pigment { color rgbt <1,0,0,0> }
	no_shadow
}

// particle -1
sphere {
	<45.193985, 37.449333, 17.878586> 0.100000
	pigment { color rgbt <1,0,0,0> }
	no_shadow
}
sphere {
	0, 1
	scale<0.080000,0.200000,0.300000>
	matrix <-0.689457, -0.511425, 0.512927,
		0.047467, 0.674719, 0.736547,
		-0.722770, 0.532164, -0.440914,
		44.977154, 37.608982, 17.746311>
	pigment { color rgbt <0,1,1,0> }
	no_shadow
}
cylinder {
	<45.034229, 37.514297, 18.624805>,  <45.483093, 37.236469, 18.054951>, 0.130000
	pigment { color rgbt <1,0,0,0> }
	no_shadow
}

// nucleotide -1

// particle -1
sphere {
	<45.034229, 37.514297, 18.624805> 0.250000
	pigment { color rgbt <1,0,0,0> }
	no_shadow
}
cylinder {
	<44.828671, 37.486717, 18.282776>,  <44.705334, 37.470169, 18.077559>, 0.100000
	pigment { color rgbt <1,0,0,0> }
	no_shadow
}
cylinder {
	<44.828671, 37.486717, 18.282776>,  <45.034229, 37.514297, 18.624805>, 0.100000
	pigment { color rgbt <1,0,0,0> }
	no_shadow
}

// particle -1
sphere {
	<44.828671, 37.486717, 18.282776> 0.100000
	pigment { color rgbt <1,0,0,0> }
	no_shadow
}
sphere {
	0, 1
	scale<0.080000,0.200000,0.300000>
	matrix <-0.727377, -0.493405, 0.476942,
		-0.454785, 0.867062, 0.203406,
		-0.513900, -0.068953, -0.855074,
		44.674500, 37.466030, 18.026253>
	pigment { color rgbt <0,1,1,0> }
	no_shadow
}
cylinder {
	<44.326710, 37.782154, 18.723518>,  <45.034229, 37.514297, 18.624805>, 0.130000
	pigment { color rgbt <1,0,0,0> }
	no_shadow
}

// nucleotide -1

// particle -1
sphere {
	<44.326710, 37.782154, 18.723518> 0.250000
	pigment { color rgbt <1,0,0,0> }
	no_shadow
}
cylinder {
	<44.299149, 37.553490, 18.396481>,  <44.282612, 37.416290, 18.200258>, 0.100000
	pigment { color rgbt <1,0,0,0> }
	no_shadow
}
cylinder {
	<44.299149, 37.553490, 18.396481>,  <44.326710, 37.782154, 18.723518>, 0.100000
	pigment { color rgbt <1,0,0,0> }
	no_shadow
}

// particle -1
sphere {
	<44.299149, 37.553490, 18.396481> 0.100000
	pigment { color rgbt <1,0,0,0> }
	no_shadow
}
sphere {
	0, 1
	scale<0.080000,0.200000,0.300000>
	matrix <-0.928257, -0.263517, 0.262483,
		-0.365500, 0.777024, -0.512488,
		-0.068906, -0.571658, -0.817594,
		44.278477, 37.381992, 18.151203>
	pigment { color rgbt <0,1,1,0> }
	no_shadow
}
cylinder {
	<43.587711, 37.895252, 18.664850>,  <44.326710, 37.782154, 18.723518>, 0.130000
	pigment { color rgbt <1,0,0,0> }
	no_shadow
}

// nucleotide -1

// particle -1
sphere {
	<43.587711, 37.895252, 18.664850> 0.250000
	pigment { color rgbt <1,0,0,0> }
	no_shadow
}
cylinder {
	<43.679375, 37.600163, 18.410843>,  <43.734371, 37.423107, 18.258438>, 0.100000
	pigment { color rgbt <1,0,0,0> }
	no_shadow
}
cylinder {
	<43.679375, 37.600163, 18.410843>,  <43.587711, 37.895252, 18.664850>, 0.100000
	pigment { color rgbt <1,0,0,0> }
	no_shadow
}

// particle -1
sphere {
	<43.679375, 37.600163, 18.410843> 0.100000
	pigment { color rgbt <1,0,0,0> }
	no_shadow
}
sphere {
	0, 1
	scale<0.080000,0.200000,0.300000>
	matrix <-0.926141, -0.366032, 0.091019,
