// switches for output
#declare DRAW_BASES = 1; // possible values are 0, 1; only relevant for DNA ribbons
#declare DRAW_BASES_TYPE = 3; // possible values are 1, 2, 3; only relevant for DNA ribbons
#declare DRAW_FOG = 0; // set to 1 to enable fog

#include "colors.inc"

#include "transforms.inc"
background { rgb <1, 1, 1>}

#default {
   normal{
       ripples 0.25
       frequency 0.20
       turbulence 0.2
       lambda 5
   }
	finish {
		phong 0.1
		phong_size 40.
	}
}

// original window dimensions: 1024x640


// camera settings

camera {
	sky <-0, 1, 0>
	up <-0, 1, 0>
	right 1.6 * <0.581683, 0, 0.813415>
	location <-54.4937, 30, 90.4225>
	look_at <30, 30, 30>
	direction <84.4937, 0, -60.4225>
	angle 67.0682
}


# declare cpy_camera_pos = <-54.4937, 30, 90.4225>;
# if (DRAW_FOG = 1)
fog {
	fog_type 2
	up vnormalize(cpy_camera_pos)
	color rgbt<1,1,1,0.3>
	distance 1e-5
	fog_alt 3e-3
	fog_offset 48
}
# end


// LIGHTS

# declare lum = 6;
global_settings {
	ambient_light rgb lum * <0.05, 0.05, 0.05>
	max_trace_level 15
}# declare cpy_direct_light_amount = 0.25;
light_source
{	1000 * <0.231732, -1, 1.3951>,
	rgb lum * cpy_direct_light_amount
	parallel
}

light_source
{	1000 * <-0.231732, 1, -1.3951>,
	rgb lum * cpy_direct_light_amount
	parallel
}

// strand 0

// nucleotide -1

// particle -1
sphere {
	<42.907566, 31.997335, 23.091665> 0.250000
	pigment { color rgbt <1,0,0,0> }
	no_shadow
}
cylinder {
	<42.618233, 31.910416, 23.353832>,  <42.444633, 31.858265, 23.511133>, 0.100000
	pigment { color rgbt <1,0,0,0> }
	no_shadow
}
cylinder {
	<42.618233, 31.910416, 23.353832>,  <42.907566, 31.997335, 23.091665>, 0.100000
	pigment { color rgbt <1,0,0,0> }
	no_shadow
}

// particle -1
sphere {
	<42.618233, 31.910416, 23.353832> 0.100000
	pigment { color rgbt <1,0,0,0> }
	no_shadow
}
sphere {
	0, 1
	scale<0.080000,0.200000,0.300000>
	matrix <-0.404936, -0.635350, -0.657538,
		0.559303, -0.741020, 0.371577,
		-0.723331, -0.217298, 0.655419,
		42.401234, 31.845226, 23.550457>
	pigment { color rgbt <0,1,1,0> }
	no_shadow
}
cylinder {
	<42.761440, 31.192434, 23.158804>,  <42.907566, 31.997335, 23.091665>, 0.130000
	pigment { color rgbt <1,0,0,0> }
	no_shadow
}

// nucleotide -1

// particle -1
sphere {
	<42.761440, 31.192434, 23.158804> 0.250000
	pigment { color rgbt <1,0,0,0> }
	no_shadow
}
cylinder {
	<42.444176, 31.425259, 23.230461>,  <42.253815, 31.564953, 23.273457>, 0.100000
	pigment { color rgbt <1,0,0,0> }
	no_shadow
}
cylinder {
	<42.444176, 31.425259, 23.230461>,  <42.761440, 31.192434, 23.158804>, 0.100000
	pigment { color rgbt <1,0,0,0> }
	no_shadow
}

// particle -1
sphere {
	<42.444176, 31.425259, 23.230461> 0.100000
	pigment { color rgbt <1,0,0,0> }
	no_shadow
}
sphere {
	0, 1
	scale<0.080000,0.200000,0.300000>
	matrix <-0.540185, -0.536572, -0.648298,
		-0.281225, -0.610979, 0.740011,
		-0.793166, 0.582061, 0.179144,
		42.206226, 31.599876, 23.284204>
	pigment { color rgbt <0,1,1,0> }
	no_shadow
}
cylinder {
	<42.067387, 30.902191, 23.301773>,  <42.761440, 31.192434, 23.158804>, 0.130000
	pigment { color rgbt <1,0,0,0> }
	no_shadow
}

// nucleotide -1

// particle -1
sphere {
	<42.067387, 30.902191, 23.301773> 0.250000
	pigment { color rgbt <1,0,0,0> }
	no_shadow
}
cylinder {
	<42.018623, 31.250599, 23.111420>,  <41.989365, 31.459644, 22.997208>, 0.100000
	pigment { color rgbt <1,0,0,0> }
	no_shadow
}
cylinder {
	<42.018623, 31.250599, 23.111420>,  <42.067387, 30.902191, 23.301773>, 0.100000
	pigment { color rgbt <1,0,0,0> }
	no_shadow
}

// particle -1
sphere {
	<42.018623, 31.250599, 23.111420> 0.100000
	pigment { color rgbt <1,0,0,0> }
	no_shadow
}
sphere {
	0, 1
	scale<0.080000,0.200000,0.300000>
	matrix <-0.668368, -0.426500, -0.609411,
		-0.733772, 0.243772, 0.634156,
		-0.121910, 0.871018, -0.475883,
		41.982052, 31.511904, 22.968655>
	pigment { color rgbt <0,1,1,0> }
	no_shadow
}
cylinder {
	<41.288296, 31.162281, 23.250507>,  <42.067387, 30.902191, 23.301773>, 0.130000
	pigment { color rgbt <1,0,0,0> }
	no_shadow
}

// nucleotide -1

// particle -1
sphere {
	<41.288296, 31.162281, 23.250507> 0.250000
	pigment { color rgbt <1,0,0,0> }
	no_shadow
}
cylinder {
	<41.506210, 31.274685, 22.934471>,  <41.636959, 31.342127, 22.744850>, 0.100000
	pigment { color rgbt <1,0,0,0> }
	no_shadow
}
cylinder {
	<41.506210, 31.274685, 22.934471>,  <41.288296, 31.162281, 23.250507>, 0.100000
	pigment { color rgbt <1,0,0,0> }
	no_shadow
}

// particle -1
sphere {
	<41.506210, 31.274685, 22.934471> 0.100000
	pigment { color rgbt <1,0,0,0> }
	no_shadow
}
sphere {
	0, 1
	scale<0.080000,0.200000,0.300000>
	matrix <-0.672934, -0.415687, -0.611852,
		-0.500366, 0.865008, -0.037362,
		0.544788, 0.281008, -0.790089,
		41.669647, 31.358988, 22.697445>
	pigment { color rgbt <0,1,1,0> }
	no_shadow
}
cylinder {
	<40.751900, 31.619572, 22.919720>,  <41.288296, 31.162281, 23.250507>, 0.130000
	pigment { color rgbt <1,0,0,0> }
	no_shadow
}

// nucleotide -1

// particle -1
sphere {
	<40.751900, 31.619572, 22.919720> 0.250000
	pigment { color rgbt <1,0,0,0> }
	no_shadow
}
cylinder {
	<41.060493, 31.464581, 22.717861>,  <41.245651, 31.371586, 22.596746>, 0.100000
	pigment { color rgbt <1,0,0,0> }
	no_shadow
}
cylinder {
	<41.060493, 31.464581, 22.717861>,  <40.751900, 31.619572, 22.919720>, 0.100000
	pigment { color rgbt <1,0,0,0> }
	no_shadow
}

// particle -1
sphere {
	<41.060493, 31.464581, 22.717861> 0.100000
	pigment { color rgbt <1,0,0,0> }
	no_shadow
}
sphere {
	0, 1
	scale<0.080000,0.200000,0.300000>
	matrix <-0.611316, -0.671273, -0.419147,
		-0.176346, 0.631866, -0.754750,
		0.771488, -0.387476, -0.504646,
		41.291939, 31.348337, 22.566467>
	pigment { color rgbt <0,1,1,0> }
	no_shadow
}
cylinder {
	<40.908062, 32.201363, 22.569881>,  <40.751900, 31.619572, 22.919720>, 0.130000
	pigment { color rgbt <1,0,0,0> }
	no_shadow
}

// nucleotide -1

// particle -1
sphere {
	<40.908062, 32.201363, 22.569881> 0.250000
	pigment { color rgbt <1,0,0,0> }
	no_shadow
}
cylinder {
	<40.585804, 32.433598, 22.522793>,  <40.392448, 32.572937, 22.494539>, 0.100000
	pigment { color rgbt <1,0,0,0> }
	no_shadow
}
cylinder {
	<40.585804, 32.433598, 22.522793>,  <40.908062, 32.201363, 22.569881>, 0.100000
	pigment { color rgbt <1,0,0,0> }
	no_shadow
}

// particle -1
sphere {
	<40.585804, 32.433598, 22.522793> 0.100000
	pigment { color rgbt <1,0,0,0> }
	no_shadow
}
sphere {
	0, 1
	scale<0.080000,0.200000,0.300000>
	matrix <0.512464, 0.782725, 0.353160,
		0.297183, 0.224193, -0.928127,
		-0.805644, 0.580585, -0.117722,
		40.344112, 32.607773, 22.487476>
	pigment { color rgbt <0,1,1,0> }
	no_shadow
}
cylinder {
	<41.114033, 32.700584, 22.209249>,  <40.908062, 32.201363, 22.569881>, 0.130000
	pigment { color rgbt <1,0,0,0> }
	no_shadow
}

// nucleotide -1

// particle -1
sphere {
	<41.114033, 32.700584, 22.209249> 0.250000
	pigment { color rgbt <1,0,0,0> }
	no_shadow
}
cylinder {
	<40.795452, 32.815277, 22.422211>,  <40.604305, 32.884094, 22.549988>, 0.100000
	pigment { color rgbt <1,0,0,0> }
	no_shadow
}
cylinder {
	<40.795452, 32.815277, 22.422211>,  <41.114033, 32.700584, 22.209249>, 0.100000
	pigment { color rgbt <1,0,0,0> }
	no_shadow
}

// particle -1
sphere {
	<40.795452, 32.815277, 22.422211> 0.100000
	pigment { color rgbt <1,0,0,0> }
	no_shadow
}
sphere {
	0, 1
	scale<0.080000,0.200000,0.300000>
	matrix <0.488915, 0.823448, 0.287916,
		-0.355853, 0.489611, -0.796021,
		-0.796449, 0.286731, 0.532404,
		40.556519, 32.901295, 22.581932>
	pigment { color rgbt <0,1,1,0> }
	no_shadow
}
cylinder {
	<41.015633, 33.416458, 22.129734>,  <41.114033, 32.700584, 22.209249>, 0.130000
	pigment { color rgbt <1,0,0,0> }
	no_shadow
}

// nucleotide -1

// particle -1
sphere {
	<41.015633, 33.416458, 22.129734> 0.250000
	pigment { color rgbt <1,0,0,0> }
	no_shadow
}
cylinder {
	<40.837326, 33.332474, 22.477806>,  <40.730343, 33.282085, 22.686649>, 0.100000
	pigment { color rgbt <1,0,0,0> }
	no_shadow
}
cylinder {
	<40.837326, 33.332474, 22.477806>,  <41.015633, 33.416458, 22.129734>, 0.100000
	pigment { color rgbt <1,0,0,0> }
	no_shadow
}

// particle -1
sphere {
	<40.837326, 33.332474, 22.477806> 0.100000
	pigment { color rgbt <1,0,0,0> }
	no_shadow
}
sphere {
	0, 1
	scale<0.080000,0.200000,0.300000>
	matrix <0.483987, 0.761233, 0.431603,
		-0.753026, 0.613549, -0.237715,
		-0.445766, -0.209957, 0.870178,
		40.703598, 33.269485, 22.738859>
	pigment { color rgbt <0,1,1,0> }
	no_shadow
}
cylinder {
	<40.902561, 34.105350, 22.427048>,  <41.015633, 33.416458, 22.129734>, 0.130000
	pigment { color rgbt <1,0,0,0> }
	no_shadow
}

// nucleotide -1

// particle -1
sphere {
	<40.902561, 34.105350, 22.427048> 0.250000
	pigment { color rgbt <1,0,0,0> }
	no_shadow
}
cylinder {
	<40.824829, 33.856331, 22.730274>,  <40.778191, 33.706917, 22.912210>, 0.100000
	pigment { color rgbt <1,0,0,0> }
	no_shadow
}
cylinder {
	<40.824829, 33.856331, 22.730274>,  <40.902561, 34.105350, 22.427048>, 0.100000
	pigment { color rgbt <1,0,0,0> }
	no_shadow
}

// particle -1
sphere {
	<40.824829, 33.856331, 22.730274> 0.100000
	pigment { color rgbt <1,0,0,0> }
	no_shadow
}
sphere {
	0, 1
	scale<0.080000,0.200000,0.300000>
	matrix <0.277932, 0.706188, 0.651193,
		-0.940739, 0.337236, 0.035795,
		-0.194328, -0.622552, 0.758067,
		40.766529, 33.669567, 22.957695>
	pigment { color rgbt <0,1,1,0> }
	no_shadow
}
cylinder {
	<40.470150, 34.482075, 22.843821>,  <40.902561, 34.105350, 22.427048>, 0.130000
	pigment { color rgbt <1,0,0,0> }
	no_shadow
}

// nucleotide -1

// particle -1
sphere {
	<40.470150, 34.482075, 22.843821> 0.250000
	pigment { color rgbt <1,0,0,0> }
	no_shadow
}
cylinder {
	<40.644062, 34.198257, 23.065636>,  <40.748409, 34.027966, 23.198725>, 0.100000
	pigment { color rgbt <1,0,0,0> }
	no_shadow
}
cylinder {
	<40.644062, 34.198257, 23.065636>,  <40.470150, 34.482075, 22.843821>, 0.100000
	pigment { color rgbt <1,0,0,0> }
	no_shadow
}

// particle -1
sphere {
	<40.644062, 34.198257, 23.065636> 0.100000
	pigment { color rgbt <1,0,0,0> }
	no_shadow
}
sphere {
	0, 1
	scale<0.080000,0.200000,0.300000>
	matrix <0.309036, 0.695950, 0.648190,
		-0.845851, -0.110448, 0.521860,
		0.434780, -0.709545, 0.554537,
		40.774498, 33.985394, 23.231997>
	pigment { color rgbt <0,1,1,0> }
	no_shadow
}
cylinder {
	<40.116573, 34.603844, 23.478424>,  <40.470150, 34.482075, 22.843821>, 0.130000
	pigment { color rgbt <1,0,0,0> }
	no_shadow
}

// nucleotide -1

// particle -1
sphere {
	<40.116573, 34.603844, 23.478424> 0.250000
	pigment { color rgbt <1,0,0,0> }
	no_shadow
}
cylinder {
	<40.456303, 34.406937, 23.554661>,  <40.660141, 34.288792, 23.600403>, 0.100000
	pigment { color rgbt <1,0,0,0> }
	no_shadow
}
cylinder {
	<40.456303, 34.406937, 23.554661>,  <40.116573, 34.603844, 23.478424>, 0.100000
	pigment { color rgbt <1,0,0,0> }
	no_shadow
}

// particle -1
sphere {
	<40.456303, 34.406937, 23.554661> 0.100000
	pigment { color rgbt <1,0,0,0> }
	no_shadow
}
sphere {
	0, 1
	scale<0.080000,0.200000,0.300000>
	matrix <0.280924, 0.727182, 0.626329,
		-0.446915, -0.478413, 0.755902,
		0.849322, -0.492267, 0.190591,
		40.711098, 34.259258, 23.611837>
	pigment { color rgbt <0,1,1,0> }
	no_shadow
}
cylinder {
	<40.068157, 34.444321, 24.207897>,  <40.116573, 34.603844, 23.478424>, 0.130000
	pigment { color rgbt <1,0,0,0> }
	no_shadow
}

// nucleotide -1

// particle -1
sphere {
	<40.068157, 34.444321, 24.207897> 0.250000
	pigment { color rgbt <1,0,0,0> }
	no_shadow
}
cylinder {
	<40.456657, 34.445892, 24.112690>,  <40.689758, 34.446835, 24.055565>, 0.100000
	pigment { color rgbt <1,0,0,0> }
	no_shadow
}
cylinder {
	<40.456657, 34.445892, 24.112690>,  <40.068157, 34.444321, 24.207897>, 0.100000
	pigment { color rgbt <1,0,0,0> }
	no_shadow
}

// particle -1
sphere {
	<40.456657, 34.445892, 24.112690> 0.100000
	pigment { color rgbt <1,0,0,0> }
	no_shadow
}
sphere {
	0, 1
	scale<0.080000,0.200000,0.300000>
	matrix <0.189662, 0.591490, 0.783688,
		0.143861, -0.806302, 0.573742,
		0.971253, 0.003925, -0.238017,
		40.748032, 34.447071, 24.041285>
	pigment { color rgbt <0,1,1,0> }
	no_shadow
}
cylinder {
	<40.406418, 34.435764, 24.840694>,  <40.068157, 34.444321, 24.207897>, 0.130000
	pigment { color rgbt <1,0,0,0> }
	no_shadow
}

// nucleotide -1

// particle -1
sphere {
	<40.406418, 34.435764, 24.840694> 0.250000
	pigment { color rgbt <1,0,0,0> }
	no_shadow
}
cylinder {
	<40.697308, 34.552254, 24.592072>,  <40.871841, 34.622147, 24.442898>, 0.100000
	pigment { color rgbt <1,0,0,0> }
	no_shadow
}
cylinder {
	<40.697308, 34.552254, 24.592072>,  <40.406418, 34.435764, 24.840694>, 0.100000
	pigment { color rgbt <1,0,0,0> }
	no_shadow
}

// particle -1
sphere {
	<40.697308, 34.552254, 24.592072> 0.100000
	pigment { color rgbt <1,0,0,0> }
	no_shadow
}
sphere {
	0, 1
	scale<0.080000,0.200000,0.300000>
	matrix <0.305379, 0.673705, 0.672952,
		0.614721, -0.679200, 0.401006,
		0.727229, 0.291219, -0.621554,
		40.915474, 34.639622, 24.405605>
	pigment { color rgbt <0,1,1,0> }
	no_shadow
}
cylinder {
	<41.018833, 34.584637, 25.298687>,  <40.406418, 34.435764, 24.840694>, 0.130000
	pigment { color rgbt <1,0,0,0> }
	no_shadow
}

// nucleotide -1

// particle -1
sphere {
	<41.018833, 34.584637, 25.298687> 0.250000
	pigment { color rgbt <1,0,0,0> }
	no_shadow
}
cylinder {
	<41.121918, 34.763584, 24.956123>,  <41.183769, 34.870953, 24.750586>, 0.100000
	pigment { color rgbt <1,0,0,0> }
	no_shadow
}
cylinder {
	<41.121918, 34.763584, 24.956123>,  <41.018833, 34.584637, 25.298687>, 0.100000
	pigment { color rgbt <1,0,0,0> }
	no_shadow
}

// particle -1
sphere {
	<41.121918, 34.763584, 24.956123> 0.100000
	pigment { color rgbt <1,0,0,0> }
	no_shadow
}
sphere {
	0, 1
	scale<0.080000,0.200000,0.300000>
	matrix <0.449362, 0.729167, 0.516128,
		0.855369, -0.517853, -0.013115,
		0.257716, 0.447373, -0.856411,
		41.199234, 34.897797, 24.699200>
	pigment { color rgbt <0,1,1,0> }
	no_shadow
}
cylinder {
	<41.644878, 34.916847, 25.440020>,  <41.018833, 34.584637, 25.298687>, 0.130000
	pigment { color rgbt <1,0,0,0> }
	no_shadow
}

// nucleotide -1

// particle -1
sphere {
	<41.644878, 34.916847, 25.440020> 0.250000
	pigment { color rgbt <1,0,0,0> }
	no_shadow
}
cylinder {
	<41.560581, 35.100002, 25.094551>,  <41.510002, 35.209896, 24.887270>, 0.100000
	pigment { color rgbt <1,0,0,0> }
	no_shadow
}
cylinder {
	<41.560581, 35.100002, 25.094551>,  <41.644878, 34.916847, 25.440020>, 0.100000
	pigment { color rgbt <1,0,0,0> }
	no_shadow
}

// particle -1
sphere {
	<41.560581, 35.100002, 25.094551> 0.100000
	pigment { color rgbt <1,0,0,0> }
	no_shadow
}
sphere {
	0, 1
	scale<0.080000,0.200000,0.300000>
	matrix <0.238871, 0.880851, 0.408708,
		0.947907, -0.120174, -0.295009,
		-0.210743, 0.457886, -0.863671,
		41.497360, 35.237370, 24.835449>
	pigment { color rgbt <0,1,1,0> }
	no_shadow
}
cylinder {
	<42.298687, 35.267612, 25.303833>,  <41.644878, 34.916847, 25.440020>, 0.130000
	pigment { color rgbt <1,0,0,0> }
	no_shadow
}

// nucleotide -1

// particle -1
sphere {
	<42.298687, 35.267612, 25.303833> 0.250000
	pigment { color rgbt <1,0,0,0> }
	no_shadow
}
cylinder {
	<42.003700, 35.438091, 25.094261>,  <41.826710, 35.540379, 24.968517>, 0.100000
	pigment { color rgbt <1,0,0,0> }
	no_shadow
}
cylinder {
	<42.003700, 35.438091, 25.094261>,  <42.298687, 35.267612, 25.303833>, 0.100000
	pigment { color rgbt <1,0,0,0> }
	no_shadow
}

// particle -1
sphere {
	<42.003700, 35.438091, 25.094261> 0.100000
	pigment { color rgbt <1,0,0,0> }
	no_shadow
}
sphere {
	0, 1
	scale<0.080000,0.200000,0.300000>
	matrix <0.137144, 0.854086, 0.501726,
		0.661316, 0.298151, -0.688308,
		-0.737464, 0.426197, -0.523930,
		41.782459, 35.565948, 24.937082>
	pigment { color rgbt <0,1,1,0> }
	no_shadow
}
cylinder {
	<42.547459, 35.982544, 25.147743>,  <42.298687, 35.267612, 25.303833>, 0.130000
	pigment { color rgbt <1,0,0,0> }
	no_shadow
}

// nucleotide -1

// particle -1
sphere {
	<42.547459, 35.982544, 25.147743> 0.250000
	pigment { color rgbt <1,0,0,0> }
	no_shadow
}
cylinder {
	<42.158131, 36.035995, 25.073128>,  <41.924534, 36.068066, 25.028358>, 0.100000
	pigment { color rgbt <1,0,0,0> }
	no_shadow
}
cylinder {
	<42.158131, 36.035995, 25.073128>,  <42.547459, 35.982544, 25.147743>, 0.100000
	pigment { color rgbt <1,0,0,0> }
	no_shadow
}

// particle -1
sphere {
	<42.158131, 36.035995, 25.073128> 0.100000
	pigment { color rgbt <1,0,0,0> }
	no_shadow
}
sphere {
	0, 1
	scale<0.080000,0.200000,0.300000>
	matrix <0.017924, 0.854737, 0.518753,
		0.228762, 0.501567, -0.834325,
		-0.973318, 0.133625, -0.186541,
		41.866135, 36.076084, 25.017166>
	pigment { color rgbt <0,1,1,0> }
	no_shadow
}
cylinder {
	<42.504242, 36.624035, 24.948387>,  <42.547459, 35.982544, 25.147743>, 0.130000
	pigment { color rgbt <1,0,0,0> }
	no_shadow
}

// nucleotide -1

// particle -1
sphere {
	<42.504242, 36.624035, 24.948387> 0.250000
	pigment { color rgbt <1,0,0,0> }
	no_shadow
}
cylinder {
	<42.128067, 36.533710, 25.050049>,  <41.902363, 36.479515, 25.111046>, 0.100000
	pigment { color rgbt <1,0,0,0> }
	no_shadow
}
cylinder {
	<42.128067, 36.533710, 25.050049>,  <42.504242, 36.624035, 24.948387>, 0.100000
	pigment { color rgbt <1,0,0,0> }
	no_shadow
}

// particle -1
sphere {
	<42.128067, 36.533710, 25.050049> 0.100000
	pigment { color rgbt <1,0,0,0> }
	no_shadow
}
sphere {
	0, 1
	scale<0.080000,0.200000,0.300000>
	matrix <-0.117470, 0.917344, 0.380370,
		-0.319037, 0.327857, -0.889227,
		-0.940434, -0.225810, 0.254153,
		41.845936, 36.465969, 25.126295>
	pigment { color rgbt <0,1,1,0> }
	no_shadow
}
cylinder {
	<41.931049, 37.054131, 24.584084>,  <42.504242, 36.624035, 24.948387>, 0.130000
	pigment { color rgbt <1,0,0,0> }
	no_shadow
}

// nucleotide -1

// particle -1
sphere {
	<41.931049, 37.054131, 24.584084> 0.250000
	pigment { color rgbt <1,0,0,0> }
	no_shadow
}
cylinder {
	<41.803234, 36.924004, 24.940075>,  <41.726543, 36.845928, 25.153669>, 0.100000
	pigment { color rgbt <1,0,0,0> }
	no_shadow
}
cylinder {
	<41.803234, 36.924004, 24.940075>,  <41.931049, 37.054131, 24.584084>, 0.100000
	pigment { color rgbt <1,0,0,0> }
	no_shadow
}

// particle -1
sphere {
	<41.803234, 36.924004, 24.940075> 0.100000
	pigment { color rgbt <1,0,0,0> }
	no_shadow
}
sphere {
	0, 1
	scale<0.080000,0.200000,0.300000>
	matrix <-0.137768, 0.945190, 0.296034,
		-0.937505, -0.028017, -0.346842,
		-0.319538, -0.325318, 0.889980,
		41.707375, 36.826408, 25.207069>
	pigment { color rgbt <0,1,1,0> }
	no_shadow
}
cylinder {
	<41.395157, 37.477001, 24.803457>,  <41.931049, 37.054131, 24.584084>, 0.130000
	pigment { color rgbt <1,0,0,0> }
	no_shadow
}

// nucleotide -1

// particle -1
sphere {
	<41.395157, 37.477001, 24.803457> 0.250000
	pigment { color rgbt <1,0,0,0> }
	no_shadow
}
cylinder {
	<41.502724, 37.310696, 25.150978>,  <41.567265, 37.210911, 25.359491>, 0.100000
	pigment { color rgbt <1,0,0,0> }
	no_shadow
}
cylinder {
	<41.502724, 37.310696, 25.150978>,  <41.395157, 37.477001, 24.803457>, 0.100000
	pigment { color rgbt <1,0,0,0> }
	no_shadow
}

// particle -1
sphere {
	<41.502724, 37.310696, 25.150978> 0.100000
	pigment { color rgbt <1,0,0,0> }
	no_shadow
}
sphere {
	0, 1
	scale<0.080000,0.200000,0.300000>
	matrix <-0.022142, 0.899125, 0.437132,
		-0.962908, -0.136790, 0.232586,
		0.268919, -0.415768, 0.868803,
		41.583401, 37.185966, 25.411619>
	pigment { color rgbt <0,1,1,0> }
	no_shadow
}
cylinder {
	<40.953152, 37.739349, 25.240479>,  <41.395157, 37.477001, 24.803457>, 0.130000
	pigment { color rgbt <1,0,0,0> }
	no_shadow
}

// nucleotide -1

// particle -1
sphere {
	<40.953152, 37.739349, 25.240479> 0.250000
	pigment { color rgbt <1,0,0,0> }
	no_shadow
}
cylinder {
	<41.224724, 37.573414, 25.482788>,  <41.387669, 37.473854, 25.628174>, 0.100000
	pigment { color rgbt <1,0,0,0> }
	no_shadow
}
cylinder {
	<41.224724, 37.573414, 25.482788>,  <40.953152, 37.739349, 25.240479>, 0.100000
	pigment { color rgbt <1,0,0,0> }
	no_shadow
}

// particle -1
sphere {
	<41.224724, 37.573414, 25.482788> 0.100000
	pigment { color rgbt <1,0,0,0> }
	no_shadow
}
sphere {
	0, 1
	scale<0.080000,0.200000,0.300000>
	matrix <0.003589, 0.826945, 0.562271,
		-0.734191, -0.379570, 0.562929,
		0.678933, -0.414835, 0.605774,
		41.428402, 37.448963, 25.664520>
	pigment { color rgbt <0,1,1,0> }
	no_shadow
}
cylinder {
	<40.713417, 37.860088, 25.801994>,  <40.953152, 37.739349, 25.240479>, 0.130000
	pigment { color rgbt <1,0,0,0> }
	no_shadow
}

// nucleotide -1

// particle -1
sphere {
	<40.713417, 37.860088, 25.801994> 0.250000
	pigment { color rgbt <1,0,0,0> }
	no_shadow
}
cylinder {
	<41.092457, 37.804539, 25.917076>,  <41.319881, 37.771210, 25.986126>, 0.100000
	pigment { color rgbt <1,0,0,0> }
	no_shadow
}
cylinder {
	<41.092457, 37.804539, 25.917076>,  <40.713417, 37.860088, 25.801994>, 0.100000
	pigment { color rgbt <1,0,0,0> }
	no_shadow
}

// particle -1
sphere {
	<41.092457, 37.804539, 25.917076> 0.100000
	pigment { color rgbt <1,0,0,0> }
	no_shadow
}
sphere {
	0, 1
	scale<0.080000,0.200000,0.300000>
	matrix <-0.096429, 0.734227, 0.672021,
		-0.304570, -0.664548, 0.682359,
		0.947596, -0.138878, 0.287706,
		41.376736, 37.762875, 26.003387>
	pigment { color rgbt <0,1,1,0> }
	no_shadow
}
cylinder {
	<40.763836, 37.848446, 26.546207>,  <40.713417, 37.860088, 25.801994>, 0.130000
	pigment { color rgbt <1,0,0,0> }
	no_shadow
}

// nucleotide -1

// particle -1
sphere {
	<40.763836, 37.848446, 26.546207> 0.250000
	pigment { color rgbt <1,0,0,0> }
	no_shadow
}
cylinder {
	<41.140450, 37.914459, 26.428711>,  <41.366417, 37.954067, 26.358213>, 0.100000
	pigment { color rgbt <1,0,0,0> }
	no_shadow
}
cylinder {
	<41.140450, 37.914459, 26.428711>,  <40.763836, 37.848446, 26.546207>, 0.100000
	pigment { color rgbt <1,0,0,0> }
	no_shadow
}

// particle -1
sphere {
	<41.140450, 37.914459, 26.428711> 0.100000
	pigment { color rgbt <1,0,0,0> }
	no_shadow
}
sphere {
	0, 1
	scale<0.080000,0.200000,0.300000>
	matrix <0.096659, 0.702878, 0.704713,
		0.322762, -0.691902, 0.645830,
		0.941532, 0.165029, -0.293741,
		41.422909, 37.963966, 26.340590>
	pigment { color rgbt <0,1,1,0> }
	no_shadow
}
cylinder {
	<41.096359, 38.030430, 27.164188>,  <40.763836, 37.848446, 26.546207>, 0.130000
	pigment { color rgbt <1,0,0,0> }
	no_shadow
}

// nucleotide -1

// particle -1
sphere {
	<41.096359, 38.030430, 27.164188> 0.250000
	pigment { color rgbt <1,0,0,0> }
	no_shadow
}
cylinder {
	<41.340137, 38.165367, 26.877197>,  <41.486404, 38.246330, 26.705004>, 0.100000
	pigment { color rgbt <1,0,0,0> }
	no_shadow
}
cylinder {
	<41.340137, 38.165367, 26.877197>,  <41.096359, 38.030430, 27.164188>, 0.100000
	pigment { color rgbt <1,0,0,0> }
	no_shadow
}

// particle -1
sphere {
	<41.340137, 38.165367, 26.877197> 0.100000
	pigment { color rgbt <1,0,0,0> }
	no_shadow
}
sphere {
	0, 1
	scale<0.080000,0.200000,0.300000>
	matrix <0.104534, 0.862868, 0.494502,
		0.785905, -0.376374, 0.490608,
		0.609447, 0.337346, -0.717476,
		41.522972, 38.266571, 26.661955>
	pigment { color rgbt <0,1,1,0> }
	no_shadow
}
cylinder {
	<41.681812, 38.331890, 27.521280>,  <41.096359, 38.030430, 27.164188>, 0.130000
	pigment { color rgbt <1,0,0,0> }
	no_shadow
}

// nucleotide -1

// particle -1
sphere {
	<41.681812, 38.331890, 27.521280> 0.250000
	pigment { color rgbt <1,0,0,0> }
	no_shadow
}
cylinder {
	<41.680874, 38.507854, 27.162064>,  <41.680309, 38.613434, 26.946533>, 0.100000
	pigment { color rgbt <1,0,0,0> }
	no_shadow
}
cylinder {
	<41.680874, 38.507854, 27.162064>,  <41.681812, 38.331890, 27.521280>, 0.100000
	pigment { color rgbt <1,0,0,0> }
	no_shadow
}

// particle -1
sphere {
	<41.680874, 38.507854, 27.162064> 0.100000
	pigment { color rgbt <1,0,0,0> }
	no_shadow
}
sphere {
	0, 1
	scale<0.080000,0.200000,0.300000>
	matrix <0.193493, 0.881271, 0.431186,
		0.981099, -0.172752, -0.087189,
		-0.002349, 0.439906, -0.898041,
		41.680168, 38.639828, 26.892651>
	pigment { color rgbt <0,1,1,0> }
	no_shadow
}
cylinder {
	<42.188400, 38.792816, 27.585503>,  <41.681812, 38.331890, 27.521280>, 0.130000
	pigment { color rgbt <1,0,0,0> }
	no_shadow
}

// nucleotide -1

// particle -1
sphere {
	<42.188400, 38.792816, 27.585503> 0.250000
	pigment { color rgbt <1,0,0,0> }
	no_shadow
}
cylinder {
	<41.945896, 38.920319, 27.294067>,  <41.800396, 38.996822, 27.119205>, 0.100000
	pigment { color rgbt <1,0,0,0> }
	no_shadow
}
cylinder {
	<41.945896, 38.920319, 27.294067>,  <42.188400, 38.792816, 27.585503>, 0.100000
	pigment { color rgbt <1,0,0,0> }
	no_shadow
}

// particle -1
sphere {
	<41.945896, 38.920319, 27.294067> 0.100000
	pigment { color rgbt <1,0,0,0> }
	no_shadow
}
sphere {
	0, 1
	scale<0.080000,0.200000,0.300000>
	matrix <-0.002018, 0.915536, 0.402230,
		0.795265, 0.245326, -0.554408,
		-0.606258, 0.318760, -0.728589,
		41.764019, 39.015945, 27.075491>
	pigment { color rgbt <0,1,1,0> }
	no_shadow
}
cylinder {
	<42.474762, 39.576115, 27.366915>,  <42.188400, 38.792816, 27.585503>, 0.130000
	pigment { color rgbt <1,0,0,0> }
	no_shadow
}

// nucleotide -1

// particle -1
sphere {
	<42.474762, 39.576115, 27.366915> 0.250000
	pigment { color rgbt <1,0,0,0> }
	no_shadow
}
cylinder {
	<42.100788, 39.468864, 27.273949>,  <41.876404, 39.404514, 27.218168>, 0.100000
	pigment { color rgbt <1,0,0,0> }
	no_shadow
}
cylinder {
	<42.100788, 39.468864, 27.273949>,  <42.474762, 39.576115, 27.366915>, 0.100000
	pigment { color rgbt <1,0,0,0> }
	no_shadow
}

// particle -1
sphere {
	<42.100788, 39.468864, 27.273949> 0.100000
	pigment { color rgbt <1,0,0,0> }
	no_shadow
}
sphere {
	0, 1
	scale<0.080000,0.200000,0.300000>
	matrix <-0.326359, 0.906852, 0.266662,
		0.139268, 0.325161, -0.935347,
		-0.934930, -0.268122, -0.232415,
		41.820309, 39.388428, 27.204224>
	pigment { color rgbt <0,1,1,0> }
	no_shadow
}
cylinder {
	<42.226471, 39.901520, 26.709541>,  <42.474762, 39.576115, 27.366915>, 0.130000
	pigment { color rgbt <1,0,0,0> }
	no_shadow
}

// nucleotide -1

// particle -1
sphere {
	<42.226471, 39.901520, 26.709541> 0.250000
	pigment { color rgbt <1,0,0,0> }
	no_shadow
}
cylinder {
	<41.968445, 39.839615, 27.008858>,  <41.813629, 39.802471, 27.188448>, 0.100000
	pigment { color rgbt <1,0,0,0> }
	no_shadow
}
cylinder {
	<41.968445, 39.839615, 27.008858>,  <42.226471, 39.901520, 26.709541>, 0.100000
	pigment { color rgbt <1,0,0,0> }
	no_shadow
}

// particle -1
sphere {
	<41.968445, 39.839615, 27.008858> 0.100000
	pigment { color rgbt <1,0,0,0> }
	no_shadow
}
sphere {
	0, 1
	scale<0.080000,0.200000,0.300000>
	matrix <-0.029586, 0.983598, 0.177930,
		-0.763555, 0.092638, -0.639063,
		-0.645065, -0.154767, 0.748291,
		41.774925, 39.793186, 27.233345>
	pigment { color rgbt <0,1,1,0> }
	no_shadow
}
cylinder {
	<41.819622, 40.452778, 26.580980>,  <42.226471, 39.901520, 26.709541>, 0.130000
	pigment { color rgbt <1,0,0,0> }
	no_shadow
}

// nucleotide -1

// particle -1
sphere {
	<41.819622, 40.452778, 26.580980> 0.250000
	pigment { color rgbt <1,0,0,0> }
	no_shadow
}
cylinder {
	<41.704411, 40.387871, 26.958488>,  <41.635284, 40.348927, 27.184994>, 0.100000
	pigment { color rgbt <1,0,0,0> }
	no_shadow
}
cylinder {
	<41.704411, 40.387871, 26.958488>,  <41.819622, 40.452778, 26.580980>, 0.100000
	pigment { color rgbt <1,0,0,0> }
	no_shadow
}

// particle -1
sphere {
	<41.704411, 40.387871, 26.958488> 0.100000
	pigment { color rgbt <1,0,0,0> }
	no_shadow
}
sphere {
	0, 1
	scale<0.080000,0.200000,0.300000>
	matrix <-0.251142, 0.963843, 0.089075,
		-0.924103, -0.211364, -0.318370,
		-0.288032, -0.162270, 0.943772,
		41.618000, 40.339191, 27.241621>
	pigment { color rgbt <0,1,1,0> }
	no_shadow
}
cylinder {
	<41.120701, 40.584972, 26.591278>,  <41.819622, 40.452778, 26.580980>, 0.130000
	pigment { color rgbt <1,0,0,0> }
	no_shadow
}

// nucleotide -1

// particle -1
sphere {
	<41.120701, 40.584972, 26.591278> 0.250000
	pigment { color rgbt <1,0,0,0> }
	no_shadow
}
cylinder {
	<41.311298, 40.642220, 26.938259>,  <41.425655, 40.676567, 27.146448>, 0.100000
	pigment { color rgbt <1,0,0,0> }
	no_shadow
}
cylinder {
	<41.311298, 40.642220, 26.938259>,  <41.120701, 40.584972, 26.591278>, 0.100000
	pigment { color rgbt <1,0,0,0> }
	no_shadow
}

// particle -1
sphere {
	<41.311298, 40.642220, 26.938259> 0.100000
	pigment { color rgbt <1,0,0,0> }
	no_shadow
}
sphere {
	0, 1
	scale<0.080000,0.200000,0.300000>
	matrix <-0.469587, 0.875561, 0.113491,
		-0.743264, -0.461421, 0.484405,
		0.476493, 0.143116, 0.867451,
		41.454247, 40.685154, 27.198494>
	pigment { color rgbt <0,1,1,0> }
	no_shadow
}
cylinder {
	<40.571743, 40.526836, 27.171495>,  <41.120701, 40.584972, 26.591278>, 0.130000
	pigment { color rgbt <1,0,0,0> }
	no_shadow
}

// nucleotide -1

// particle -1
sphere {
	<40.571743, 40.526836, 27.171495> 0.250000
	pigment { color rgbt <1,0,0,0> }
	no_shadow
}
cylinder {
	<40.884029, 40.769676, 27.230701>,  <41.071404, 40.915379, 27.266224>, 0.100000
	pigment { color rgbt <1,0,0,0> }
	no_shadow
}
cylinder {
	<40.884029, 40.769676, 27.230701>,  <40.571743, 40.526836, 27.171495>, 0.100000
	pigment { color rgbt <1,0,0,0> }
	no_shadow
}

// particle -1
sphere {
	<40.884029, 40.769676, 27.230701> 0.100000
	pigment { color rgbt <1,0,0,0> }
	no_shadow
}
sphere {
	0, 1
	scale<0.080000,0.200000,0.300000>
	matrix <-0.624586, 0.750847, 0.214758,
		0.019244, -0.260112, 0.965387,
		0.780719, 0.607100, 0.148013,
		41.118244, 40.951805, 27.275105>
	pigment { color rgbt <0,1,1,0> }
	no_shadow
}
cylinder {
	<40.462017, 40.858112, 27.725071>,  <40.571743, 40.526836, 27.171495>, 0.130000
	pigment { color rgbt <1,0,0,0> }
	no_shadow
}

// nucleotide -1

// particle -1
sphere {
	<40.462017, 40.858112, 27.725071> 0.250000
	pigment { color rgbt <1,0,0,0> }
	no_shadow
}
cylinder {
	<40.693382, 41.075348, 27.481598>,  <40.832203, 41.205688, 27.335514>, 0.100000
	pigment { color rgbt <1,0,0,0> }
	no_shadow
}
cylinder {
	<40.693382, 41.075348, 27.481598>,  <40.462017, 40.858112, 27.725071>, 0.100000
	pigment { color rgbt <1,0,0,0> }
	no_shadow
}

// particle -1
sphere {
	<40.693382, 41.075348, 27.481598> 0.100000
	pigment { color rgbt <1,0,0,0> }
	no_shadow
}
sphere {
	0, 1
	scale<0.080000,0.200000,0.300000>
	matrix <-0.664755, 0.746280, 0.034158,
		0.472800, 0.384868, 0.792677,
		0.578413, 0.543086, -0.608684,
		40.866905, 41.238274, 27.298992>
	pigment { color rgbt <0,1,1,0> }
	no_shadow
}
cylinder {
	<39.896614, 40.632042, 28.124054>,  <40.462017, 40.858112, 27.725071>, 0.130000
	pigment { color rgbt <1,0,0,0> }
	no_shadow
}

// nucleotide -1

// particle -1
sphere {
	<39.896614, 40.632042, 28.124054> 0.250000
	pigment { color rgbt <1,0,0,0> }
	no_shadow
}
cylinder {
	<39.766422, 40.908150, 27.865570>,  <39.688305, 41.073814, 27.710480>, 0.100000
	pigment { color rgbt <1,0,0,0> }
	no_shadow
}
cylinder {
	<39.766422, 40.908150, 27.865570>,  <39.896614, 40.632042, 28.124054>, 0.100000
	pigment { color rgbt <1,0,0,0> }
	no_shadow
}

// particle -1
sphere {
	<39.766422, 40.908150, 27.865570> 0.100000
	pigment { color rgbt <1,0,0,0> }
	no_shadow
}
sphere {
	0, 1
	scale<0.080000,0.200000,0.300000>
	matrix <-0.379517, -0.721329, -0.579354,
		-0.866042, 0.056679, 0.496749,
		-0.325482, 0.690269, -0.646212,
		39.668777, 41.115231, 27.671707>
	pigment { color rgbt <0,1,1,0> }
	no_shadow
}
cylinder {
	<39.418892, 40.235836, 27.673441>,  <39.896614, 40.632042, 28.124054>, 0.130000
	pigment { color rgbt <1,0,0,0> }
	no_shadow
}

// nucleotide -1

// particle -1
sphere {
	<39.418892, 40.235836, 27.673441> 0.250000
	pigment { color rgbt <1,0,0,0> }
	no_shadow
}
cylinder {
	<39.464626, 40.571110, 27.460133>,  <39.492065, 40.772274, 27.332148>, 0.100000
	pigment { color rgbt <1,0,0,0> }
	no_shadow
}
cylinder {
	<39.464626, 40.571110, 27.460133>,  <39.418892, 40.235836, 27.673441>, 0.100000
	pigment { color rgbt <1,0,0,0> }
	no_shadow
}

// particle -1
sphere {
	<39.464626, 40.571110, 27.460133> 0.100000
	pigment { color rgbt <1,0,0,0> }
	no_shadow
}
sphere {
	0, 1
	scale<0.080000,0.200000,0.300000>
	matrix <-0.363753, -0.464193, -0.807595,
		-0.924452, 0.286316, 0.251817,
		0.114336, 0.838181, -0.533272,
		39.498928, 40.822563, 27.300152>
	pigment { color rgbt <0,1,1,0> }
	no_shadow
}
cylinder {
	<38.791996, 40.491627, 27.425243>,  <39.418892, 40.235836, 27.673441>, 0.130000
	pigment { color rgbt <1,0,0,0> }
	no_shadow
}

// nucleotide -1

// particle -1
sphere {
	<38.791996, 40.491627, 27.425243> 0.250000
	pigment { color rgbt <1,0,0,0> }
	no_shadow
}
cylinder {
	<39.107452, 40.570621, 27.192333>,  <39.296726, 40.618019, 27.052588>, 0.100000
	pigment { color rgbt <1,0,0,0> }
	no_shadow
}
cylinder {
	<39.107452, 40.570621, 27.192333>,  <38.791996, 40.491627, 27.425243>, 0.100000
	pigment { color rgbt <1,0,0,0> }
	no_shadow
}

// particle -1
sphere {
	<39.107452, 40.570621, 27.192333> 0.100000
	pigment { color rgbt <1,0,0,0> }
	no_shadow
}
sphere {
	0, 1
	scale<0.080000,0.200000,0.300000>
	matrix <-0.354933, -0.627064, -0.693407,
		-0.502062, 0.753518, -0.424435,
		0.788642, 0.197487, -0.582274,
		39.344044, 40.629868, 27.017651>
	pigment { color rgbt <0,1,1,0> }
	no_shadow
}
cylinder {
	<38.584980, 40.517921, 26.684366>,  <38.791996, 40.491627, 27.425243>, 0.130000
	pigment { color rgbt <1,0,0,0> }
	no_shadow
}

// nucleotide -1

// particle -1
sphere {
	<38.584980, 40.517921, 26.684366> 0.250000
	pigment { color rgbt <1,0,0,0> }
	no_shadow
}
cylinder {
	<38.973030, 40.421722, 26.697128>,  <39.205860, 40.364002, 26.704786>, 0.100000
	pigment { color rgbt <1,0,0,0> }
	no_shadow
}
cylinder {
	<38.973030, 40.421722, 26.697128>,  <38.584980, 40.517921, 26.684366>, 0.100000
	pigment { color rgbt <1,0,0,0> }
	no_shadow
}

// particle -1
sphere {
	<38.973030, 40.421722, 26.697128> 0.100000
	pigment { color rgbt <1,0,0,0> }
	no_shadow
}
sphere {
	0, 1
	scale<0.080000,0.200000,0.300000>
	matrix <-0.163586, -0.745585, -0.646021,
		0.179153, 0.621502, -0.762653,
		0.970126, -0.240496, 0.031905,
		39.264069, 40.349575, 26.706699>
	pigment { color rgbt <0,1,1,0> }
	no_shadow
}
cylinder {
	<38.968674, 40.544559, 26.065899>,  <38.584980, 40.517921, 26.684366>, 0.130000
	pigment { color rgbt <1,0,0,0> }
	no_shadow
}

// nucleotide -1

// particle -1
sphere {
	<38.968674, 40.544559, 26.065899> 0.250000
	pigment { color rgbt <1,0,0,0> }
	no_shadow
}
cylinder {
	<39.141285, 40.270287, 26.300373>,  <39.244854, 40.105721, 26.441057>, 0.100000
	pigment { color rgbt <1,0,0,0> }
	no_shadow
}
cylinder {
	<39.141285, 40.270287, 26.300373>,  <38.968674, 40.544559, 26.065899>, 0.100000
	pigment { color rgbt <1,0,0,0> }
	no_shadow
}

// particle -1
sphere {
	<39.141285, 40.270287, 26.300373> 0.100000
	pigment { color rgbt <1,0,0,0> }
	no_shadow
}
sphere {
	0, 1
	scale<0.080000,0.200000,0.300000>
	matrix <-0.371523, -0.727225, -0.577161,
		0.822040, 0.031281, -0.568569,
		0.431532, -0.685686, 0.586187,
		39.270744, 40.064579, 26.476229>
	pigment { color rgbt <0,1,1,0> }
	no_shadow
}
cylinder {
	<39.349976, 40.103722, 25.670130>,  <38.968674, 40.544559, 26.065899>, 0.130000
	pigment { color rgbt <1,0,0,0> }
	no_shadow
}

// nucleotide -1

// particle -1
sphere {
	<39.349976, 40.103722, 25.670130> 0.250000
	pigment { color rgbt <1,0,0,0> }
	no_shadow
}
cylinder {
	<39.246647, 39.905041, 26.001564>,  <39.184650, 39.785831, 26.200424>, 0.100000
	pigment { color rgbt <1,0,0,0> }
	no_shadow
}
cylinder {
	<39.246647, 39.905041, 26.001564>,  <39.349976, 40.103722, 25.670130>, 0.100000
	pigment { color rgbt <1,0,0,0> }
	no_shadow
}

// particle -1
sphere {
	<39.246647, 39.905041, 26.001564> 0.100000
	pigment { color rgbt <1,0,0,0> }
	no_shadow
}
sphere {
	0, 1
	scale<0.080000,0.200000,0.300000>
	matrix <-0.286120, -0.779880, -0.556706,
		0.922718, -0.380882, 0.059339,
		-0.258317, -0.496704, 0.828587,
		39.169151, 39.756031, 26.250141>
	pigment { color rgbt <0,1,1,0> }
	no_shadow
}
cylinder {
	<39.750477, 39.448067, 25.608379>,  <39.349976, 40.103722, 25.670130>, 0.130000
	pigment { color rgbt <1,0,0,0> }
	no_shadow
}

// nucleotide -1

// particle -1
sphere {
	<39.750477, 39.448067, 25.608379> 0.250000
	pigment { color rgbt <1,0,0,0> }
	no_shadow
}
cylinder {
	<39.419796, 39.434162, 25.833004>,  <39.221386, 39.425819, 25.967779>, 0.100000
	pigment { color rgbt <1,0,0,0> }
	no_shadow
}
cylinder {
	<39.419796, 39.434162, 25.833004>,  <39.750477, 39.448067, 25.608379>, 0.100000
	pigment { color rgbt <1,0,0,0> }
	no_shadow
}

// particle -1
sphere {
	<39.419796, 39.434162, 25.833004> 0.100000
	pigment { color rgbt <1,0,0,0> }
	no_shadow
}
sphere {
	0, 1
	scale<0.080000,0.200000,0.300000>
	matrix <-0.298857, -0.818516, -0.490629,
		0.476699, -0.573432, 0.666284,
		-0.826706, -0.034758, 0.561560,
		39.171783, 39.423737, 26.001472>
	pigment { color rgbt <0,1,1,0> }
	no_shadow
}
cylinder {
	<39.630672, 38.769154, 25.702570>,  <39.750477, 39.448067, 25.608379>, 0.130000
	pigment { color rgbt <1,0,0,0> }
	no_shadow
}

// nucleotide -1

// particle -1
sphere {
	<39.630672, 38.769154, 25.702570> 0.250000
	pigment { color rgbt <1,0,0,0> }
	no_shadow
}
cylinder {
	<39.268002, 38.887337, 25.822994>,  <39.050400, 38.958248, 25.895248>, 0.100000
	pigment { color rgbt <1,0,0,0> }
	no_shadow
}
cylinder {
	<39.268002, 38.887337, 25.822994>,  <39.630672, 38.769154, 25.702570>, 0.100000
	pigment { color rgbt <1,0,0,0> }
	no_shadow
}

// particle -1
sphere {
	<39.268002, 38.887337, 25.822994> 0.100000
	pigment { color rgbt <1,0,0,0> }
	no_shadow
}
sphere {
	0, 1
	scale<0.080000,0.200000,0.300000>
	matrix <-0.367684, -0.903371, -0.220746,
		0.206749, -0.310841, 0.927703,
		-0.906677, 0.295463, 0.301062,
		38.995998, 38.975975, 25.913313>
	pigment { color rgbt <0,1,1,0> }
	no_shadow
}
cylinder {
	<39.456680, 38.227070, 26.079863>,  <39.630672, 38.769154, 25.702570>, 0.130000
	pigment { color rgbt <1,0,0,0> }
	no_shadow
}

// nucleotide -1

// particle -1
sphere {
	<39.456680, 38.227070, 26.079863> 0.250000
	pigment { color rgbt <1,0,0,0> }
	no_shadow
}
cylinder {
	<39.107105, 38.402504, 25.996082>,  <38.897358, 38.507767, 25.945814>, 0.100000
	pigment { color rgbt <1,0,0,0> }
	no_shadow
}
cylinder {
	<39.107105, 38.402504, 25.996082>,  <39.456680, 38.227070, 26.079863>, 0.100000
	pigment { color rgbt <1,0,0,0> }
	no_shadow
}

// particle -1
sphere {
	<39.107105, 38.402504, 25.996082> 0.100000
	pigment { color rgbt <1,0,0,0> }
	no_shadow
}
sphere {
	0, 1
	scale<0.080000,0.200000,0.300000>
	matrix <-0.370185, -0.879899, -0.297895,
		-0.314948, -0.182808, 0.931337,
		-0.873940, 0.438588, -0.209450,
		38.844925, 38.534081, 25.933247>
	pigment { color rgbt <0,1,1,0> }
	no_shadow
}
cylinder {
	<38.942379, 37.882572, 26.377186>,  <39.456680, 38.227070, 26.079863>, 0.130000
	pigment { color rgbt <1,0,0,0> }
	no_shadow
}

// nucleotide -1

// particle -1
sphere {
	<38.942379, 37.882572, 26.377186> 0.250000
	pigment { color rgbt <1,0,0,0> }
	no_shadow
}
cylinder {
	<38.761341, 38.095474, 26.091007>,  <38.652718, 38.223213, 25.919300>, 0.100000
	pigment { color rgbt <1,0,0,0> }
	no_shadow
}
cylinder {
	<38.761341, 38.095474, 26.091007>,  <38.942379, 37.882572, 26.377186>, 0.100000
	pigment { color rgbt <1,0,0,0> }
	no_shadow
}

// particle -1
sphere {
	<38.761341, 38.095474, 26.091007> 0.100000
	pigment { color rgbt <1,0,0,0> }
	no_shadow
}
sphere {
	0, 1
	scale<0.080000,0.200000,0.300000>
	matrix <-0.369858, -0.842108, -0.392504,
		-0.811393, 0.086967, 0.577995,
		-0.452599, 0.532251, -0.715446,
		38.625561, 38.255150, 25.876373>
	pigment { color rgbt <0,1,1,0> }
	no_shadow
}
cylinder {
	<38.322208, 37.480865, 26.292583>,  <38.942379, 37.882572, 26.377186>, 0.130000
	pigment { color rgbt <1,0,0,0> }
	no_shadow
}

// nucleotide -1

// particle -1
sphere {
	<38.322208, 37.480865, 26.292583> 0.250000
	pigment { color rgbt <1,0,0,0> }
	no_shadow
}
cylinder {
	<38.360035, 37.719883, 25.974087>,  <38.382729, 37.863293, 25.782990>, 0.100000
	pigment { color rgbt <1,0,0,0> }
	no_shadow
}
cylinder {
	<38.360035, 37.719883, 25.974087>,  <38.322208, 37.480865, 26.292583>, 0.100000
	pigment { color rgbt <1,0,0,0> }
	no_shadow
}

// particle -1
sphere {
	<38.360035, 37.719883, 25.974087> 0.100000
	pigment { color rgbt <1,0,0,0> }
	no_shadow
}
sphere {
	0, 1
	scale<0.080000,0.200000,0.300000>
	matrix <-0.262259, -0.756618, -0.598956,
		-0.960353, 0.265461, 0.085162,
