// switches for output
#declare DRAW_BASES = 1; // possible values are 0, 1; only relevant for DNA ribbons
#declare DRAW_BASES_TYPE = 3; // possible values are 1, 2, 3; only relevant for DNA ribbons
#declare DRAW_FOG = 0; // set to 1 to enable fog

#include "colors.inc"

#include "transforms.inc"
background { rgb <1, 1, 1>}

#default {
   normal{
       ripples 0.25
       frequency 0.20
       turbulence 0.2
       lambda 5
   }
	finish {
		phong 0.1
		phong_size 40.
	}
}

// original window dimensions: 1024x640


// camera settings

camera {
	sky <-0, 1, 0>
	up <-0, 1, 0>
	right 1.6 * <0.581683, 0, 0.813415>
	location <-54.4937, 30, 90.4225>
	look_at <30, 30, 30>
	direction <84.4937, 0, -60.4225>
	angle 67.0682
}


# declare cpy_camera_pos = <-54.4937, 30, 90.4225>;
# if (DRAW_FOG = 1)
fog {
	fog_type 2
	up vnormalize(cpy_camera_pos)
	color rgbt<1,1,1,0.3>
	distance 1e-5
	fog_alt 3e-3
	fog_offset 48
}
# end


// LIGHTS

# declare lum = 6;
global_settings {
	ambient_light rgb lum * <0.05, 0.05, 0.05>
	max_trace_level 15
}# declare cpy_direct_light_amount = 0.25;
light_source
{	1000 * <0.231732, -1, 1.3951>,
	rgb lum * cpy_direct_light_amount
	parallel
}

light_source
{	1000 * <-0.231732, 1, -1.3951>,
	rgb lum * cpy_direct_light_amount
	parallel
}

// strand 0

// nucleotide -1

// particle -1
sphere {
	<42.730751, 32.214630, 22.370642> 0.250000
	pigment { color rgbt <1,0,0,0> }
	no_shadow
}
cylinder {
	<42.456448, 32.349884, 22.628448>,  <42.291866, 32.431038, 22.783133>, 0.100000
	pigment { color rgbt <1,0,0,0> }
	no_shadow
}
cylinder {
	<42.456448, 32.349884, 22.628448>,  <42.730751, 32.214630, 22.370642>, 0.100000
	pigment { color rgbt <1,0,0,0> }
	no_shadow
}

// particle -1
sphere {
	<42.456448, 32.349884, 22.628448> 0.100000
	pigment { color rgbt <1,0,0,0> }
	no_shadow
}
sphere {
	0, 1
	scale<0.080000,0.200000,0.300000>
	matrix <-0.277653, 0.697028, -0.661106,
		-0.672791, -0.632309, -0.384106,
		-0.685756, 0.338138, 0.644517,
		42.250721, 32.451324, 22.821804>
	pigment { color rgbt <0,1,1,0> }
	no_shadow
}
cylinder {
	<41.982136, 32.168617, 22.209986>,  <42.730751, 32.214630, 22.370642>, 0.130000
	pigment { color rgbt <1,0,0,0> }
	no_shadow
}

// nucleotide -1

// particle -1
sphere {
	<41.982136, 32.168617, 22.209986> 0.250000
	pigment { color rgbt <1,0,0,0> }
	no_shadow
}
cylinder {
	<42.058048, 32.491333, 22.433800>,  <42.103596, 32.684963, 22.568089>, 0.100000
	pigment { color rgbt <1,0,0,0> }
	no_shadow
}
cylinder {
	<42.058048, 32.491333, 22.433800>,  <41.982136, 32.168617, 22.209986>, 0.100000
	pigment { color rgbt <1,0,0,0> }
	no_shadow
}

// particle -1
sphere {
	<42.058048, 32.491333, 22.433800> 0.100000
	pigment { color rgbt <1,0,0,0> }
	no_shadow
}
sphere {
	0, 1
	scale<0.080000,0.200000,0.300000>
	matrix <-0.530033, 0.563902, -0.633309,
		-0.826467, -0.176382, 0.534641,
		0.189781, 0.806786, 0.559535,
		42.114983, 32.733368, 22.601660>
	pigment { color rgbt <0,1,1,0> }
	no_shadow
}
cylinder {
	<41.346741, 32.461838, 22.446987>,  <41.982136, 32.168617, 22.209986>, 0.130000
	pigment { color rgbt <1,0,0,0> }
	no_shadow
}

// nucleotide -1

// particle -1
sphere {
	<41.346741, 32.461838, 22.446987> 0.250000
	pigment { color rgbt <1,0,0,0> }
	no_shadow
}
cylinder {
	<41.644302, 32.729008, 22.438156>,  <41.822838, 32.889309, 22.432858>, 0.100000
	pigment { color rgbt <1,0,0,0> }
	no_shadow
}
cylinder {
	<41.644302, 32.729008, 22.438156>,  <41.346741, 32.461838, 22.446987>, 0.100000
	pigment { color rgbt <1,0,0,0> }
	no_shadow
}

// particle -1
sphere {
	<41.644302, 32.729008, 22.438156> 0.100000
	pigment { color rgbt <1,0,0,0> }
	no_shadow
}
sphere {
	0, 1
	scale<0.080000,0.200000,0.300000>
	matrix <-0.566341, 0.612538, -0.551412,
		-0.354776, 0.422701, 0.833941,
		0.743903, 0.667923, -0.022079,
		41.867474, 32.929386, 22.431532>
	pigment { color rgbt <0,1,1,0> }
	no_shadow
}
cylinder {
	<41.147221, 33.098488, 22.882952>,  <41.346741, 32.461838, 22.446987>, 0.130000
	pigment { color rgbt <1,0,0,0> }
	no_shadow
}

// nucleotide -1

// particle -1
sphere {
	<41.147221, 33.098488, 22.882952> 0.250000
	pigment { color rgbt <1,0,0,0> }
	no_shadow
}
cylinder {
	<41.394176, 33.127548, 22.569633>,  <41.542351, 33.144985, 22.381643>, 0.100000
	pigment { color rgbt <1,0,0,0> }
	no_shadow
}
cylinder {
	<41.394176, 33.127548, 22.569633>,  <41.147221, 33.098488, 22.882952>, 0.100000
	pigment { color rgbt <1,0,0,0> }
	no_shadow
}

// particle -1
sphere {
	<41.394176, 33.127548, 22.569633> 0.100000
	pigment { color rgbt <1,0,0,0> }
	no_shadow
}
sphere {
	0, 1
	scale<0.080000,0.200000,0.300000>
	matrix <-0.716566, 0.462800, -0.521871,
		0.324594, 0.883481, 0.337788,
		0.617391, 0.072651, -0.783294,
		41.579395, 33.149345, 22.334644>
	pigment { color rgbt <0,1,1,0> }
	no_shadow
}
cylinder {
	<41.362286, 33.845741, 22.578491>,  <41.147221, 33.098488, 22.882952>, 0.130000
	pigment { color rgbt <1,0,0,0> }
	no_shadow
}

// nucleotide -1

// particle -1
sphere {
	<41.362286, 33.845741, 22.578491> 0.250000
	pigment { color rgbt <1,0,0,0> }
	no_shadow
}
cylinder {
	<41.330566, 33.544273, 22.317513>,  <41.311535, 33.363392, 22.160925>, 0.100000
	pigment { color rgbt <1,0,0,0> }
	no_shadow
}
cylinder {
	<41.330566, 33.544273, 22.317513>,  <41.362286, 33.845741, 22.578491>, 0.100000
	pigment { color rgbt <1,0,0,0> }
	no_shadow
}

// particle -1
sphere {
	<41.330566, 33.544273, 22.317513> 0.100000
	pigment { color rgbt <1,0,0,0> }
	no_shadow
}
sphere {
	0, 1
	scale<0.080000,0.200000,0.300000>
	matrix <-0.777912, 0.456061, -0.432275,
		0.623350, 0.473270, -0.622455,
		-0.079294, -0.753674, -0.652448,
		41.306778, 33.318172, 22.121778>
	pigment { color rgbt <0,1,1,0> }
	no_shadow
}
cylinder {
	<40.927082, 34.360870, 23.000643>,  <41.362286, 33.845741, 22.578491>, 0.130000
	pigment { color rgbt <1,0,0,0> }
	no_shadow
}

// nucleotide -1

// particle -1
sphere {
	<40.927082, 34.360870, 23.000643> 0.250000
	pigment { color rgbt <1,0,0,0> }
	no_shadow
}
cylinder {
	<40.582401, 34.535412, 22.897057>,  <40.375591, 34.640137, 22.834904>, 0.100000
	pigment { color rgbt <1,0,0,0> }
	no_shadow
}
cylinder {
	<40.582401, 34.535412, 22.897057>,  <40.927082, 34.360870, 23.000643>, 0.100000
	pigment { color rgbt <1,0,0,0> }
	no_shadow
}

// particle -1
sphere {
	<40.582401, 34.535412, 22.897057> 0.100000
	pigment { color rgbt <1,0,0,0> }
	no_shadow
}
sphere {
	0, 1
	scale<0.080000,0.200000,0.300000>
	matrix <0.034080, 0.558985, 0.828477,
		0.506266, 0.705076, -0.496551,
		-0.861704, 0.436352, -0.258966,
		40.323891, 34.666317, 22.819366>
	pigment { color rgbt <0,1,1,0> }
	no_shadow
}
cylinder {
	<40.990395, 35.044113, 23.139072>,  <40.927082, 34.360870, 23.000643>, 0.130000
	pigment { color rgbt <1,0,0,0> }
	no_shadow
}

// nucleotide -1

// particle -1
sphere {
	<40.990395, 35.044113, 23.139072> 0.250000
	pigment { color rgbt <1,0,0,0> }
	no_shadow
}
cylinder {
	<40.591087, 35.020847, 23.142696>,  <40.351505, 35.006889, 23.144871>, 0.100000
	pigment { color rgbt <1,0,0,0> }
	no_shadow
}
cylinder {
	<40.591087, 35.020847, 23.142696>,  <40.990395, 35.044113, 23.139072>, 0.100000
	pigment { color rgbt <1,0,0,0> }
	no_shadow
}

// particle -1
sphere {
	<40.591087, 35.020847, 23.142696> 0.100000
	pigment { color rgbt <1,0,0,0> }
	no_shadow
}
sphere {
	0, 1
	scale<0.080000,0.200000,0.300000>
	matrix <-0.031592, 0.659212, 0.751293,
		-0.049671, 0.749704, -0.659906,
		-0.998266, -0.058165, 0.009059,
		40.291607, 35.003399, 23.145414>
	pigment { color rgbt <0,1,1,0> }
	no_shadow
}
cylinder {
	<40.857250, 35.737331, 23.108259>,  <40.990395, 35.044113, 23.139072>, 0.130000
	pigment { color rgbt <1,0,0,0> }
	no_shadow
}

// nucleotide -1

// particle -1
sphere {
	<40.857250, 35.737331, 23.108259> 0.250000
	pigment { color rgbt <1,0,0,0> }
	no_shadow
}
cylinder {
	<40.547688, 35.522934, 23.243179>,  <40.361950, 35.394295, 23.324131>, 0.100000
	pigment { color rgbt <1,0,0,0> }
	no_shadow
}
cylinder {
	<40.547688, 35.522934, 23.243179>,  <40.857250, 35.737331, 23.108259>, 0.100000
	pigment { color rgbt <1,0,0,0> }
	no_shadow
}

// particle -1
sphere {
	<40.547688, 35.522934, 23.243179> 0.100000
	pigment { color rgbt <1,0,0,0> }
	no_shadow
}
sphere {
	0, 1
	scale<0.080000,0.200000,0.300000>
	matrix <-0.145277, 0.668668, 0.729231,
		-0.616406, 0.515358, -0.595357,
		-0.773911, -0.535994, 0.337302,
		40.315514, 35.362137, 23.344370>
	pigment { color rgbt <0,1,1,0> }
	no_shadow
}
cylinder {
	<40.376171, 36.288921, 23.339279>,  <40.857250, 35.737331, 23.108259>, 0.130000
	pigment { color rgbt <1,0,0,0> }
	no_shadow
}

// nucleotide -1

// particle -1
sphere {
	<40.376171, 36.288921, 23.339279> 0.250000
	pigment { color rgbt <1,0,0,0> }
	no_shadow
}
cylinder {
	<40.282753, 35.937145, 23.505192>,  <40.226704, 35.726082, 23.604740>, 0.100000
	pigment { color rgbt <1,0,0,0> }
	no_shadow
}
cylinder {
	<40.282753, 35.937145, 23.505192>,  <40.376171, 36.288921, 23.339279>, 0.100000
	pigment { color rgbt <1,0,0,0> }
	no_shadow
}

// particle -1
sphere {
	<40.282753, 35.937145, 23.505192> 0.100000
	pigment { color rgbt <1,0,0,0> }
	no_shadow
}
sphere {
	0, 1
	scale<0.080000,0.200000,0.300000>
	matrix <-0.154035, 0.454655, 0.877247,
		-0.960068, 0.140986, -0.241647,
		-0.233545, -0.879438, 0.414783,
		40.212688, 35.673313, 23.629627>
	pigment { color rgbt <0,1,1,0> }
	no_shadow
}
cylinder {
	<39.797562, 36.355358, 23.544346>,  <40.376171, 36.288921, 23.339279>, 0.130000
	pigment { color rgbt <1,0,0,0> }
	no_shadow
}

// nucleotide -1

// particle -1
sphere {
	<39.797562, 36.355358, 23.544346> 0.250000
	pigment { color rgbt <1,0,0,0> }
	no_shadow
}
cylinder {
	<39.907269, 36.043045, 23.768902>,  <39.973091, 35.855659, 23.903635>, 0.100000
	pigment { color rgbt <1,0,0,0> }
	no_shadow
}
cylinder {
	<39.907269, 36.043045, 23.768902>,  <39.797562, 36.355358, 23.544346>, 0.100000
	pigment { color rgbt <1,0,0,0> }
	no_shadow
}

// particle -1
sphere {
	<39.907269, 36.043045, 23.768902> 0.100000
	pigment { color rgbt <1,0,0,0> }
	no_shadow
}
sphere {
	0, 1
	scale<0.080000,0.200000,0.300000>
	matrix <-0.212576, 0.520110, 0.827223,
		-0.937864, -0.346219, -0.023325,
		0.274268, -0.780780, 0.561390,
		39.989548, 35.808811, 23.937319>
	pigment { color rgbt <0,1,1,0> }
	no_shadow
}
cylinder {
	<39.243141, 36.150517, 23.964508>,  <39.797562, 36.355358, 23.544346>, 0.130000
	pigment { color rgbt <1,0,0,0> }
	no_shadow
}

// nucleotide -1

// particle -1
sphere {
	<39.243141, 36.150517, 23.964508> 0.250000
	pigment { color rgbt <1,0,0,0> }
	no_shadow
}
cylinder {
	<39.563793, 36.004433, 24.153828>,  <39.756184, 35.916782, 24.267420>, 0.100000
	pigment { color rgbt <1,0,0,0> }
	no_shadow
}
cylinder {
	<39.563793, 36.004433, 24.153828>,  <39.243141, 36.150517, 23.964508>, 0.100000
	pigment { color rgbt <1,0,0,0> }
	no_shadow
}

// particle -1
sphere {
	<39.563793, 36.004433, 24.153828> 0.100000
	pigment { color rgbt <1,0,0,0> }
	no_shadow
}
sphere {
	0, 1
	scale<0.080000,0.200000,0.300000>
	matrix <-0.329769, 0.390224, 0.859638,
		-0.498638, -0.845192, 0.192382,
		0.801632, -0.365207, 0.473299,
		39.804283, 35.894871, 24.295816>
	pigment { color rgbt <0,1,1,0> }
	no_shadow
}
cylinder {
	<38.997566, 35.743679, 24.570038>,  <39.243141, 36.150517, 23.964508>, 0.130000
	pigment { color rgbt <1,0,0,0> }
	no_shadow
}

// nucleotide -1

// particle -1
sphere {
	<38.997566, 35.743679, 24.570038> 0.250000
	pigment { color rgbt <1,0,0,0> }
	no_shadow
}
cylinder {
	<39.380421, 35.798161, 24.672283>,  <39.610134, 35.830849, 24.733631>, 0.100000
	pigment { color rgbt <1,0,0,0> }
	no_shadow
}
cylinder {
	<39.380421, 35.798161, 24.672283>,  <38.997566, 35.743679, 24.570038>, 0.100000
	pigment { color rgbt <1,0,0,0> }
	no_shadow
}

// particle -1
sphere {
	<39.380421, 35.798161, 24.672283> 0.100000
	pigment { color rgbt <1,0,0,0> }
	no_shadow
}
sphere {
	0, 1
	scale<0.080000,0.200000,0.300000>
	matrix <-0.282330, 0.241765, 0.928353,
		0.064642, -0.960729, 0.269855,
		0.957137, 0.136199, 0.255614,
		39.667561, 35.839020, 24.748968>
	pigment { color rgbt <0,1,1,0> }
	no_shadow
}
cylinder {
	<38.988037, 35.383568, 25.158655>,  <38.997566, 35.743679, 24.570038>, 0.130000
	pigment { color rgbt <1,0,0,0> }
	no_shadow
}

// nucleotide -1

// particle -1
sphere {
	<38.988037, 35.383568, 25.158655> 0.250000
	pigment { color rgbt <1,0,0,0> }
	no_shadow
}
cylinder {
	<39.309864, 35.619434, 25.186813>,  <39.502960, 35.760956, 25.203709>, 0.100000
	pigment { color rgbt <1,0,0,0> }
	no_shadow
}
cylinder {
	<39.309864, 35.619434, 25.186813>,  <38.988037, 35.383568, 25.158655>, 0.100000
	pigment { color rgbt <1,0,0,0> }
	no_shadow
}

// particle -1
sphere {
	<39.309864, 35.619434, 25.186813> 0.100000
	pigment { color rgbt <1,0,0,0> }
	no_shadow
}
sphere {
	0, 1
	scale<0.080000,0.200000,0.300000>
	matrix <-0.282049, 0.275114, 0.919109,
		0.522605, -0.759342, 0.387665,
		0.804570, 0.589671, 0.070396,
		39.551235, 35.796337, 25.207932>
	pigment { color rgbt <0,1,1,0> }
	no_shadow
}
cylinder {
	<39.385891, 35.157261, 25.843861>,  <38.988037, 35.383568, 25.158655>, 0.130000
	pigment { color rgbt <1,0,0,0> }
	no_shadow
}

// nucleotide -1

// particle -1
sphere {
	<39.385891, 35.157261, 25.843861> 0.250000
	pigment { color rgbt <1,0,0,0> }
	no_shadow
}
cylinder {
	<39.497524, 35.522804, 25.725895>,  <39.564507, 35.742130, 25.655115>, 0.100000
	pigment { color rgbt <1,0,0,0> }
	no_shadow
}
cylinder {
	<39.497524, 35.522804, 25.725895>,  <39.385891, 35.157261, 25.843861>, 0.100000
	pigment { color rgbt <1,0,0,0> }
	no_shadow
}

// particle -1
sphere {
	<39.497524, 35.522804, 25.725895> 0.100000
	pigment { color rgbt <1,0,0,0> }
	no_shadow
}
sphere {
	0, 1
	scale<0.080000,0.200000,0.300000>
	matrix <-0.165230, 0.348240, 0.922729,
		0.945944, -0.208793, 0.248186,
		0.279088, 0.913857, -0.294916,
		39.581249, 35.796963, 25.637421>
	pigment { color rgbt <0,1,1,0> }
	no_shadow
}
cylinder {
	<40.000412, 35.360428, 26.234760>,  <39.385891, 35.157261, 25.843861>, 0.130000
	pigment { color rgbt <1,0,0,0> }
	no_shadow
}

// nucleotide -1

// particle -1
sphere {
	<40.000412, 35.360428, 26.234760> 0.250000
	pigment { color rgbt <1,0,0,0> }
	no_shadow
}
cylinder {
	<39.828728, 35.709431, 26.141373>,  <39.725716, 35.918831, 26.085340>, 0.100000
	pigment { color rgbt <1,0,0,0> }
	no_shadow
}
cylinder {
	<39.828728, 35.709431, 26.141373>,  <40.000412, 35.360428, 26.234760>, 0.100000
	pigment { color rgbt <1,0,0,0> }
	no_shadow
}

// particle -1
sphere {
	<39.828728, 35.709431, 26.141373> 0.100000
	pigment { color rgbt <1,0,0,0> }
	no_shadow
}
sphere {
	0, 1
	scale<0.080000,0.200000,0.300000>
	matrix <0.072109, 0.290768, 0.954072,
		0.900321, 0.392663, -0.187717,
		-0.429211, 0.872508, -0.233470,
		39.699963, 35.971184, 26.071331>
	pigment { color rgbt <0,1,1,0> }
	no_shadow
}
cylinder {
	<40.236523, 35.813156, 26.626963>,  <40.000412, 35.360428, 26.234760>, 0.130000
	pigment { color rgbt <1,0,0,0> }
	no_shadow
}

// nucleotide -1

// particle -1
sphere {
	<40.236523, 35.813156, 26.626963> 0.250000
	pigment { color rgbt <1,0,0,0> }
	no_shadow
}
cylinder {
	<39.897675, 36.002316, 26.530003>,  <39.694366, 36.115810, 26.471827>, 0.100000
	pigment { color rgbt <1,0,0,0> }
	no_shadow
}
cylinder {
	<39.897675, 36.002316, 26.530003>,  <40.236523, 35.813156, 26.626963>, 0.100000
	pigment { color rgbt <1,0,0,0> }
	no_shadow
}

// particle -1
sphere {
	<39.897675, 36.002316, 26.530003> 0.100000
	pigment { color rgbt <1,0,0,0> }
	no_shadow
}
sphere {
	0, 1
	scale<0.080000,0.200000,0.300000>
	matrix <-0.089182, 0.323165, 0.942131,
		0.523863, 0.819716, -0.231587,
		-0.847121, 0.472894, -0.242398,
		39.643539, 36.144184, 26.457283>
	pigment { color rgbt <0,1,1,0> }
	no_shadow
}
cylinder {
	<40.244732, 36.290867, 27.022812>,  <40.236523, 35.813156, 26.626963>, 0.130000
	pigment { color rgbt <1,0,0,0> }
	no_shadow
}

// nucleotide -1

// particle -1
sphere {
	<40.244732, 36.290867, 27.022812> 0.250000
	pigment { color rgbt <1,0,0,0> }
	no_shadow
}
cylinder {
	<39.863327, 36.342720, 26.913986>,  <39.634483, 36.373833, 26.848690>, 0.100000
	pigment { color rgbt <1,0,0,0> }
	no_shadow
}
cylinder {
	<39.863327, 36.342720, 26.913986>,  <40.244732, 36.290867, 27.022812>, 0.100000
	pigment { color rgbt <1,0,0,0> }
	no_shadow
}

// particle -1
sphere {
	<39.863327, 36.342720, 26.913986> 0.100000
	pigment { color rgbt <1,0,0,0> }
	no_shadow
}
sphere {
	0, 1
	scale<0.080000,0.200000,0.300000>
	matrix <-0.225713, 0.291006, 0.929714,
		0.199690, 0.947898, -0.248218,
		-0.953508, 0.129629, -0.272064,
		39.577274, 36.381607, 26.832367>
	pigment { color rgbt <0,1,1,0> }
	no_shadow
}
cylinder {
	<40.086807, 36.884029, 27.296463>,  <40.244732, 36.290867, 27.022812>, 0.130000
	pigment { color rgbt <1,0,0,0> }
	no_shadow
}

// nucleotide -1

// particle -1
sphere {
	<40.086807, 36.884029, 27.296463> 0.250000
	pigment { color rgbt <1,0,0,0> }
	no_shadow
}
cylinder {
	<39.717793, 36.737682, 27.247360>,  <39.496384, 36.649876, 27.217897>, 0.100000
	pigment { color rgbt <1,0,0,0> }
	no_shadow
}
cylinder {
	<39.717793, 36.737682, 27.247360>,  <40.086807, 36.884029, 27.296463>, 0.100000
	pigment { color rgbt <1,0,0,0> }
	no_shadow
}

// particle -1
sphere {
	<39.717793, 36.737682, 27.247360> 0.100000
	pigment { color rgbt <1,0,0,0> }
	no_shadow
}
sphere {
	0, 1
	scale<0.080000,0.200000,0.300000>
	matrix <-0.213857, 0.219888, 0.951795,
		-0.321236, 0.904318, -0.281097,
		-0.922536, -0.365865, -0.122759,
		39.441032, 36.627922, 27.210533>
	pigment { color rgbt <0,1,1,0> }
	no_shadow
}
cylinder {
	<39.610882, 37.374287, 27.596731>,  <40.086807, 36.884029, 27.296463>, 0.130000
	pigment { color rgbt <1,0,0,0> }
	no_shadow
}

// nucleotide -1

// particle -1
sphere {
	<39.610882, 37.374287, 27.596731> 0.250000
	pigment { color rgbt <1,0,0,0> }
	no_shadow
}
cylinder {
	<39.389980, 37.041222, 27.580334>,  <39.257439, 36.841381, 27.570496>, 0.100000
	pigment { color rgbt <1,0,0,0> }
	no_shadow
}
cylinder {
	<39.389980, 37.041222, 27.580334>,  <39.610882, 37.374287, 27.596731>, 0.100000
	pigment { color rgbt <1,0,0,0> }
	no_shadow
}

// particle -1
sphere {
	<39.389980, 37.041222, 27.580334> 0.100000
	pigment { color rgbt <1,0,0,0> }
	no_shadow
}
sphere {
	0, 1
	scale<0.080000,0.200000,0.300000>
	matrix <-0.382440, 0.209341, 0.899953,
		-0.740779, 0.512682, -0.434054,
		-0.552255, -0.832666, -0.040995,
		39.224304, 36.791420, 27.568035>
	pigment { color rgbt <0,1,1,0> }
	no_shadow
}
cylinder {
	<38.972660, 37.535728, 27.799063>,  <39.610882, 37.374287, 27.596731>, 0.130000
	pigment { color rgbt <1,0,0,0> }
	no_shadow
}

// nucleotide -1

// particle -1
sphere {
	<38.972660, 37.535728, 27.799063> 0.250000
	pigment { color rgbt <1,0,0,0> }
	no_shadow
}
cylinder {
	<38.991310, 37.142040, 27.867340>,  <39.002499, 36.905827, 27.908306>, 0.100000
	pigment { color rgbt <1,0,0,0> }
	no_shadow
}
cylinder {
	<38.991310, 37.142040, 27.867340>,  <38.972660, 37.535728, 27.799063>, 0.100000
	pigment { color rgbt <1,0,0,0> }
	no_shadow
}

// particle -1
sphere {
	<38.991310, 37.142040, 27.867340> 0.100000
	pigment { color rgbt <1,0,0,0> }
	no_shadow
}
sphere {
	0, 1
	scale<0.080000,0.200000,0.300000>
	matrix <-0.390628, 0.139307, 0.909947,
		-0.919367, -0.109104, -0.377969,
		0.046625, -0.984220, 0.170693,
		39.005299, 36.846775, 27.918549>
	pigment { color rgbt <0,1,1,0> }
	no_shadow
}
cylinder {
	<38.428226, 37.484421, 28.095118>,  <38.972660, 37.535728, 27.799063>, 0.130000
	pigment { color rgbt <1,0,0,0> }
	no_shadow
}

// nucleotide -1

// particle -1
sphere {
	<38.428226, 37.484421, 28.095118> 0.250000
	pigment { color rgbt <1,0,0,0> }
	no_shadow
}
cylinder {
	<38.626831, 37.154469, 28.203228>,  <38.745995, 36.956497, 28.268093>, 0.100000
	pigment { color rgbt <1,0,0,0> }
	no_shadow
}
cylinder {
	<38.626831, 37.154469, 28.203228>,  <38.428226, 37.484421, 28.095118>, 0.100000
	pigment { color rgbt <1,0,0,0> }
	no_shadow
}

// particle -1
sphere {
	<38.626831, 37.154469, 28.203228> 0.100000
	pigment { color rgbt <1,0,0,0> }
	no_shadow
}
sphere {
	0, 1
	scale<0.080000,0.200000,0.300000>
	matrix <-0.540299, -0.049993, 0.839987,
		-0.679376, -0.563093, -0.470504,
		0.496513, -0.824880, 0.270275,
		38.775784, 36.907005, 28.284311>
	pigment { color rgbt <0,1,1,0> }
	no_shadow
}
cylinder {
	<37.962254, 37.194405, 28.428463>,  <38.428226, 37.484421, 28.095118>, 0.130000
	pigment { color rgbt <1,0,0,0> }
	no_shadow
}

// nucleotide -1

// particle -1
sphere {
	<37.962254, 37.194405, 28.428463> 0.250000
	pigment { color rgbt <1,0,0,0> }
	no_shadow
}
cylinder {
	<38.306549, 37.041397, 28.562809>,  <38.513126, 36.949593, 28.643417>, 0.100000
	pigment { color rgbt <1,0,0,0> }
	no_shadow
}
cylinder {
	<38.306549, 37.041397, 28.562809>,  <37.962254, 37.194405, 28.428463>, 0.100000
	pigment { color rgbt <1,0,0,0> }
	no_shadow
}

// particle -1
sphere {
	<38.306549, 37.041397, 28.562809> 0.100000
	pigment { color rgbt <1,0,0,0> }
	no_shadow
}
sphere {
	0, 1
	scale<0.080000,0.200000,0.300000>
	matrix <-0.388567, -0.067483, 0.918946,
		-0.328845, -0.921482, -0.206718,
		0.860742, -0.382515, 0.335866,
		38.564774, 36.926643, 28.663568>
	pigment { color rgbt <0,1,1,0> }
	no_shadow
}
cylinder {
	<37.805080, 36.631516, 28.781593>,  <37.962254, 37.194405, 28.428463>, 0.130000
	pigment { color rgbt <1,0,0,0> }
	no_shadow
}

// nucleotide -1

// particle -1
sphere {
	<37.805080, 36.631516, 28.781593> 0.250000
	pigment { color rgbt <1,0,0,0> }
	no_shadow
}
cylinder {
	<38.163898, 36.720032, 28.934608>,  <38.379189, 36.773140, 29.026419>, 0.100000
	pigment { color rgbt <1,0,0,0> }
	no_shadow
}
cylinder {
	<38.163898, 36.720032, 28.934608>,  <37.805080, 36.631516, 28.781593>, 0.100000
	pigment { color rgbt <1,0,0,0> }
	no_shadow
}

// particle -1
sphere {
	<38.163898, 36.720032, 28.934608> 0.100000
	pigment { color rgbt <1,0,0,0> }
	no_shadow
}
sphere {
	0, 1
	scale<0.080000,0.200000,0.300000>
	matrix <-0.390372, -0.008989, 0.920613,
		0.207162, -0.975166, 0.078322,
		0.897047, 0.221291, 0.382540,
		38.433014, 36.786419, 29.049370>
	pigment { color rgbt <0,1,1,0> }
	no_shadow
}
cylinder {
	<37.724640, 36.450596, 29.453304>,  <37.805080, 36.631516, 28.781593>, 0.130000
	pigment { color rgbt <1,0,0,0> }
	no_shadow
}

// nucleotide -1

// particle -1
sphere {
	<37.724640, 36.450596, 29.453304> 0.250000
	pigment { color rgbt <1,0,0,0> }
	no_shadow
}
cylinder {
	<38.079304, 36.623856, 29.518066>,  <38.292103, 36.727810, 29.556923>, 0.100000
	pigment { color rgbt <1,0,0,0> }
	no_shadow
}
cylinder {
	<38.079304, 36.623856, 29.518066>,  <37.724640, 36.450596, 29.453304>, 0.100000
	pigment { color rgbt <1,0,0,0> }
	no_shadow
}

// particle -1
sphere {
	<38.079304, 36.623856, 29.518066> 0.100000
	pigment { color rgbt <1,0,0,0> }
	no_shadow
}
sphere {
	0, 1
	scale<0.080000,0.200000,0.300000>
	matrix <-0.217358, 0.081356, 0.972696,
		0.408148, -0.897644, 0.166283,
		0.886663, 0.433146, 0.161905,
		38.345303, 36.753799, 29.566637>
	pigment { color rgbt <0,1,1,0> }
	no_shadow
}
cylinder {
	<37.901287, 36.244179, 30.170731>,  <37.724640, 36.450596, 29.453304>, 0.130000
	pigment { color rgbt <1,0,0,0> }
	no_shadow
}

// nucleotide -1

// particle -1
sphere {
	<37.901287, 36.244179, 30.170731> 0.250000
	pigment { color rgbt <1,0,0,0> }
	no_shadow
}
cylinder {
	<38.116337, 36.570950, 30.087208>,  <38.245365, 36.767010, 30.037094>, 0.100000
	pigment { color rgbt <1,0,0,0> }
	no_shadow
}
cylinder {
	<38.116337, 36.570950, 30.087208>,  <37.901287, 36.244179, 30.170731>, 0.100000
	pigment { color rgbt <1,0,0,0> }
	no_shadow
}

// particle -1
sphere {
	<38.116337, 36.570950, 30.087208> 0.100000
	pigment { color rgbt <1,0,0,0> }
	no_shadow
}
sphere {
	0, 1
	scale<0.080000,0.200000,0.300000>
	matrix <-0.246647, 0.389171, 0.887531,
		0.806306, -0.425653, 0.410718,
		0.537620, 0.816925, -0.208805,
		38.277622, 36.816029, 30.024567>
	pigment { color rgbt <0,1,1,0> }
	no_shadow
}
cylinder {
	<38.390980, 36.334618, 30.666971>,  <37.901287, 36.244179, 30.170731>, 0.130000
	pigment { color rgbt <1,0,0,0> }
	no_shadow
}

// nucleotide -1

// particle -1
sphere {
	<38.390980, 36.334618, 30.666971> 0.250000
	pigment { color rgbt <1,0,0,0> }
	no_shadow
}
cylinder {
	<38.338795, 36.700729, 30.514526>,  <38.307484, 36.920395, 30.423059>, 0.100000
	pigment { color rgbt <1,0,0,0> }
	no_shadow
}
cylinder {
	<38.338795, 36.700729, 30.514526>,  <38.390980, 36.334618, 30.666971>, 0.100000
	pigment { color rgbt <1,0,0,0> }
	no_shadow
}

// particle -1
sphere {
	<38.338795, 36.700729, 30.514526> 0.100000
	pigment { color rgbt <1,0,0,0> }
	no_shadow
}
sphere {
	0, 1
	scale<0.080000,0.200000,0.300000>
	matrix <-0.216816, 0.348757, 0.911790,
		0.967456, 0.201582, 0.152948,
		-0.130458, 0.915278, -0.381113,
		38.299656, 36.975311, 30.400192>
	pigment { color rgbt <0,1,1,0> }
	no_shadow
}
cylinder {
	<38.878357, 36.883698, 30.878799>,  <38.390980, 36.334618, 30.666971>, 0.130000
	pigment { color rgbt <1,0,0,0> }
	no_shadow
}

// nucleotide -1

// particle -1
sphere {
	<38.878357, 36.883698, 30.878799> 0.250000
	pigment { color rgbt <1,0,0,0> }
	no_shadow
}
cylinder {
	<38.521847, 37.037357, 30.782421>,  <38.307941, 37.129551, 30.724594>, 0.100000
	pigment { color rgbt <1,0,0,0> }
	no_shadow
}
cylinder {
	<38.521847, 37.037357, 30.782421>,  <38.878357, 36.883698, 30.878799>, 0.100000
	pigment { color rgbt <1,0,0,0> }
	no_shadow
}

// particle -1
sphere {
	<38.521847, 37.037357, 30.782421> 0.100000
	pigment { color rgbt <1,0,0,0> }
	no_shadow
}
sphere {
	0, 1
	scale<0.080000,0.200000,0.300000>
	matrix <-0.056736, 0.432704, 0.899749,
		0.449892, 0.815598, -0.363865,
		-0.891279, 0.384146, -0.240944,
		38.254463, 37.152599, 30.710138>
	pigment { color rgbt <0,1,1,0> }
	no_shadow
}
cylinder {
	<39.159668, 37.348164, 31.428381>,  <38.878357, 36.883698, 30.878799>, 0.130000
	pigment { color rgbt <1,0,0,0> }
	no_shadow
}

// nucleotide -1

// particle -1
sphere {
	<39.159668, 37.348164, 31.428381> 0.250000
	pigment { color rgbt <1,0,0,0> }
	no_shadow
}
cylinder {
	<39.526436, 37.200203, 31.488277>,  <39.746498, 37.111427, 31.524216>, 0.100000
	pigment { color rgbt <1,0,0,0> }
	no_shadow
}
cylinder {
	<39.526436, 37.200203, 31.488277>,  <39.159668, 37.348164, 31.428381>, 0.100000
	pigment { color rgbt <1,0,0,0> }
	no_shadow
}

// particle -1
sphere {
	<39.526436, 37.200203, 31.488277> 0.100000
	pigment { color rgbt <1,0,0,0> }
	no_shadow
}
sphere {
	0, 1
	scale<0.080000,0.200000,0.300000>
	matrix <0.380648, 0.923376, -0.049835,
		-0.119834, 0.102694, 0.987468,
		0.916923, -0.369906, 0.149742,
		39.801514, 37.089230, 31.533199>
	pigment { color rgbt <0,1,1,0> }
	no_shadow
}
cylinder {
	<38.621067, 36.650883, 31.501184>,  <39.159668, 37.348164, 31.428381>, 0.130000
	pigment { color rgbt <1,0,0,0> }
	no_shadow
}

// nucleotide -1

// particle -1
sphere {
	<38.621067, 36.650883, 31.501184> 0.250000
	pigment { color rgbt <1,0,0,0> }
	no_shadow
}
cylinder {
	<38.470844, 36.303589, 31.371494>,  <38.380711, 36.095211, 31.293680>, 0.100000
	pigment { color rgbt <1,0,0,0> }
	no_shadow
}
cylinder {
	<38.470844, 36.303589, 31.371494>,  <38.621067, 36.650883, 31.501184>, 0.100000
	pigment { color rgbt <1,0,0,0> }
	no_shadow
}

// particle -1
sphere {
	<38.470844, 36.303589, 31.371494> 0.100000
	pigment { color rgbt <1,0,0,0> }
	no_shadow
}
sphere {
	0, 1
	scale<0.080000,0.200000,0.300000>
	matrix <0.623163, -0.495512, 0.605092,
		-0.686020, 0.025203, 0.727146,
		-0.375559, -0.868236, -0.324226,
		38.358177, 36.043118, 31.274227>
	pigment { color rgbt <0,1,1,0> }
	no_shadow
}
cylinder {
	<38.206944, 36.190361, 32.030960>,  <38.621067, 36.650883, 31.501184>, 0.130000
	pigment { color rgbt <1,0,0,0> }
	no_shadow
}

// nucleotide -1

// particle -1
sphere {
	<38.206944, 36.190361, 32.030960> 0.250000
	pigment { color rgbt <1,0,0,0> }
	no_shadow
}
cylinder {
	<38.458332, 36.057636, 31.749557>,  <38.609165, 35.978001, 31.580715>, 0.100000
	pigment { color rgbt <1,0,0,0> }
	no_shadow
}
cylinder {
	<38.458332, 36.057636, 31.749557>,  <38.206944, 36.190361, 32.030960>, 0.100000
	pigment { color rgbt <1,0,0,0> }
	no_shadow
}

// particle -1
sphere {
	<38.458332, 36.057636, 31.749557> 0.100000
	pigment { color rgbt <1,0,0,0> }
	no_shadow
}
sphere {
	0, 1
	scale<0.080000,0.200000,0.300000>
	matrix <0.530034, -0.479268, 0.699547,
		-0.569287, -0.812529, -0.125335,
		0.628471, -0.331811, -0.703509,
		38.646873, 35.958092, 31.538506>
	pigment { color rgbt <0,1,1,0> }
	no_shadow
}
cylinder {
	<38.130020, 35.382137, 31.861406>,  <38.206944, 36.190361, 32.030960>, 0.130000
	pigment { color rgbt <1,0,0,0> }
	no_shadow
}

// nucleotide -1

// particle -1
sphere {
	<38.130020, 35.382137, 31.861406> 0.250000
	pigment { color rgbt <1,0,0,0> }
	no_shadow
}
cylinder {
	<38.470650, 35.590057, 31.834175>,  <38.675026, 35.714809, 31.817837>, 0.100000
	pigment { color rgbt <1,0,0,0> }
	no_shadow
}
cylinder {
	<38.470650, 35.590057, 31.834175>,  <38.130020, 35.382137, 31.861406>, 0.100000
	pigment { color rgbt <1,0,0,0> }
	no_shadow
}

// particle -1
sphere {
	<38.470650, 35.590057, 31.834175> 0.100000
	pigment { color rgbt <1,0,0,0> }
	no_shadow
}
sphere {
	0, 1
	scale<0.080000,0.200000,0.300000>
	matrix <0.366205, -0.496901, 0.786755,
		0.375127, -0.694908, -0.613500,
		0.851572, 0.519799, -0.068078,
		38.726120, 35.745998, 31.813751>
	pigment { color rgbt <0,1,1,0> }
	no_shadow
}
cylinder {
	<38.766487, 34.900711, 31.682281>,  <38.130020, 35.382137, 31.861406>, 0.130000
	pigment { color rgbt <1,0,0,0> }
	no_shadow
}

// nucleotide -1

// particle -1
sphere {
	<38.766487, 34.900711, 31.682281> 0.250000
	pigment { color rgbt <1,0,0,0> }
	no_shadow
}
cylinder {
	<38.901161, 35.226551, 31.871204>,  <38.981968, 35.422054, 31.984558>, 0.100000
	pigment { color rgbt <1,0,0,0> }
	no_shadow
}
cylinder {
	<38.901161, 35.226551, 31.871204>,  <38.766487, 34.900711, 31.682281>, 0.100000
	pigment { color rgbt <1,0,0,0> }
	no_shadow
}

// particle -1
sphere {
	<38.901161, 35.226551, 31.871204> 0.100000
	pigment { color rgbt <1,0,0,0> }
	no_shadow
}
sphere {
	0, 1
	scale<0.080000,0.200000,0.300000>
	matrix <0.247620, -0.560535, 0.790244,
		0.908474, -0.149113, -0.390435,
		0.336688, 0.814596, 0.472308,
		39.002167, 35.470928, 32.012897>
	pigment { color rgbt <0,1,1,0> }
	no_shadow
}
cylinder {
	<38.642479, 34.434608, 31.083929>,  <38.766487, 34.900711, 31.682281>, 0.130000
	pigment { color rgbt <1,0,0,0> }
	no_shadow
}

// nucleotide -1

// particle -1
sphere {
	<38.642479, 34.434608, 31.083929> 0.250000
	pigment { color rgbt <1,0,0,0> }
	no_shadow
}
cylinder {
	<38.426605, 34.550430, 31.400131>,  <38.297081, 34.619923, 31.589853>, 0.100000
	pigment { color rgbt <1,0,0,0> }
	no_shadow
}
cylinder {
	<38.426605, 34.550430, 31.400131>,  <38.642479, 34.434608, 31.083929>, 0.100000
	pigment { color rgbt <1,0,0,0> }
	no_shadow
}

// particle -1
sphere {
	<38.426605, 34.550430, 31.400131> 0.100000
	pigment { color rgbt <1,0,0,0> }
	no_shadow
}
sphere {
	0, 1
	scale<0.080000,0.200000,0.300000>
	matrix <-0.839032, -0.262020, -0.476835,
		0.069059, -0.920600, 0.384352,
		-0.539682, 0.289554, 0.790508,
		38.264702, 34.637299, 31.637283>
	pigment { color rgbt <0,1,1,0> }
	no_shadow
}
cylinder {
	<38.152542, 33.946423, 31.350986>,  <38.642479, 34.434608, 31.083929>, 0.130000
	pigment { color rgbt <1,0,0,0> }
	no_shadow
}

// nucleotide -1

// particle -1
sphere {
	<38.152542, 33.946423, 31.350986> 0.250000
	pigment { color rgbt <1,0,0,0> }
	no_shadow
}
cylinder {
	<38.014088, 34.309875, 31.444435>,  <37.931015, 34.527946, 31.500505>, 0.100000
	pigment { color rgbt <1,0,0,0> }
	no_shadow
}
cylinder {
	<38.014088, 34.309875, 31.444435>,  <38.152542, 33.946423, 31.350986>, 0.100000
	pigment { color rgbt <1,0,0,0> }
	no_shadow
}

// particle -1
sphere {
	<38.014088, 34.309875, 31.444435> 0.100000
	pigment { color rgbt <1,0,0,0> }
	no_shadow
}
sphere {
	0, 1
	scale<0.080000,0.200000,0.300000>
	matrix <-0.794131, -0.151169, -0.588645,
		-0.499545, -0.389279, 0.773897,
		-0.346137, 0.908631, 0.233623,
		37.910248, 34.582466, 31.514523>
	pigment { color rgbt <0,1,1,0> }
	no_shadow
}
cylinder {
	<37.409950, 34.105225, 31.476036>,  <38.152542, 33.946423, 31.350986>, 0.130000
	pigment { color rgbt <1,0,0,0> }
	no_shadow
}

// nucleotide -1

// particle -1
sphere {
	<37.409950, 34.105225, 31.476036> 0.250000
	pigment { color rgbt <1,0,0,0> }
	no_shadow
}
cylinder {
	<37.580322, 34.441093, 31.341259>,  <37.682545, 34.642616, 31.260393>, 0.100000
	pigment { color rgbt <1,0,0,0> }
	no_shadow
}
cylinder {
	<37.580322, 34.441093, 31.341259>,  <37.409950, 34.105225, 31.476036>, 0.100000
	pigment { color rgbt <1,0,0,0> }
	no_shadow
}

// particle -1
sphere {
	<37.580322, 34.441093, 31.341259> 0.100000
	pigment { color rgbt <1,0,0,0> }
	no_shadow
}
sphere {
	0, 1
	scale<0.080000,0.200000,0.300000>
	matrix <-0.357566, -0.185874, -0.915203,
		-0.831101, 0.510294, 0.221070,
		0.425931, 0.839673, -0.336944,
		37.708103, 34.692997, 31.240175>
	pigment { color rgbt <0,1,1,0> }
	no_shadow
}
cylinder {
	<36.857750, 34.068771, 30.973074>,  <37.409950, 34.105225, 31.476036>, 0.130000
	pigment { color rgbt <1,0,0,0> }
	no_shadow
}

// nucleotide -1

// particle -1
sphere {
	<36.857750, 34.068771, 30.973074> 0.250000
	pigment { color rgbt <1,0,0,0> }
	no_shadow
}
cylinder {
	<37.092316, 34.359779, 30.830624>,  <37.233055, 34.534386, 30.745153>, 0.100000
	pigment { color rgbt <1,0,0,0> }
	no_shadow
}
cylinder {
	<37.092316, 34.359779, 30.830624>,  <36.857750, 34.068771, 30.973074>, 0.100000
	pigment { color rgbt <1,0,0,0> }
	no_shadow
}

// particle -1
sphere {
	<37.092316, 34.359779, 30.830624> 0.100000
	pigment { color rgbt <1,0,0,0> }
	no_shadow
}
sphere {
	0, 1
	scale<0.080000,0.200000,0.300000>
	matrix <-0.375326, -0.145560, -0.915392,
		-0.717805, 0.670467, 0.187699,
		0.586419, 0.727521, -0.356127,
		37.268242, 34.578037, 30.723785>
	pigment { color rgbt <0,1,1,0> }
	no_shadow
}
cylinder {
	<36.392662, 34.405056, 30.495348>,  <36.857750, 34.068771, 30.973074>, 0.130000
	pigment { color rgbt <1,0,0,0> }
	no_shadow
}

// nucleotide -1

// particle -1
sphere {
	<36.392662, 34.405056, 30.495348> 0.250000
	pigment { color rgbt <1,0,0,0> }
	no_shadow
}
cylinder {
	<36.771706, 34.502838, 30.413109>,  <36.999134, 34.561508, 30.363766>, 0.100000
	pigment { color rgbt <1,0,0,0> }
	no_shadow
}
cylinder {
	<36.771706, 34.502838, 30.413109>,  <36.392662, 34.405056, 30.495348>, 0.100000
	pigment { color rgbt <1,0,0,0> }
	no_shadow
}

// particle -1
sphere {
	<36.771706, 34.502838, 30.413109> 0.100000
	pigment { color rgbt <1,0,0,0> }
	no_shadow
}
sphere {
	0, 1
	scale<0.080000,0.200000,0.300000>
	matrix <-0.196274, -0.062189, -0.978575,
		-0.252006, 0.967664, -0.010951,
		0.947613, 0.244457, -0.205599,
		37.055988, 34.576176, 30.351429>
	pigment { color rgbt <0,1,1,0> }
	no_shadow
}
cylinder {
	<36.386456, 34.912498, 29.965027>,  <36.392662, 34.405056, 30.495348>, 0.130000
	pigment { color rgbt <1,0,0,0> }
	no_shadow
}

// nucleotide -1

// particle -1
sphere {
	<36.386456, 34.912498, 29.965027> 0.250000
	pigment { color rgbt <1,0,0,0> }
	no_shadow
}
cylinder {
	<36.763084, 34.778229, 29.953979>,  <36.989063, 34.697666, 29.947351>, 0.100000
	pigment { color rgbt <1,0,0,0> }
	no_shadow
}
cylinder {
	<36.763084, 34.778229, 29.953979>,  <36.386456, 34.912498, 29.965027>, 0.100000
	pigment { color rgbt <1,0,0,0> }
	no_shadow
}

// particle -1
sphere {
	<36.763084, 34.778229, 29.953979> 0.100000
	pigment { color rgbt <1,0,0,0> }
	no_shadow
}
sphere {
	0, 1
	scale<0.080000,0.200000,0.300000>
	matrix <-0.039548, -0.028750, -0.998804,
		0.334482, 0.941538, -0.040346,
		0.941572, -0.335678, -0.027620,
		37.045555, 34.677525, 29.945694>
	pigment { color rgbt <0,1,1,0> }
	no_shadow
}
cylinder {
	<36.629330, 35.290176, 29.450842>,  <36.386456, 34.912498, 29.965027>, 0.130000
	pigment { color rgbt <1,0,0,0> }
	no_shadow
}

// nucleotide -1

// particle -1
sphere {
	<36.629330, 35.290176, 29.450842> 0.250000
	pigment { color rgbt <1,0,0,0> }
	no_shadow
}
cylinder {
	<36.871601, 34.972546, 29.471226>,  <37.016964, 34.781967, 29.483456>, 0.100000
	pigment { color rgbt <1,0,0,0> }
	no_shadow
}
cylinder {
	<36.871601, 34.972546, 29.471226>,  <36.629330, 35.290176, 29.450842>, 0.100000
	pigment { color rgbt <1,0,0,0> }
	no_shadow
}

// particle -1
sphere {
	<36.871601, 34.972546, 29.471226> 0.100000
	pigment { color rgbt <1,0,0,0> }
	no_shadow
}
sphere {
	0, 1
	scale<0.080000,0.200000,0.300000>
	matrix <-0.093861, -0.134893, -0.986405,
		0.790153, 0.592662, -0.156235,
		0.605679, -0.794075, 0.050958,
		37.053307, 34.734322, 29.486513>
	pigment { color rgbt <0,1,1,0> }
	no_shadow
}
cylinder {
	<37.101341, 35.376305, 28.839197>,  <36.629330, 35.290176, 29.450842>, 0.130000
	pigment { color rgbt <1,0,0,0> }
	no_shadow
}

// nucleotide -1

// particle -1
sphere {
	<37.101341, 35.376305, 28.839197> 0.250000
	pigment { color rgbt <1,0,0,0> }
	no_shadow
}
cylinder {
	<37.121906, 34.996155, 28.961933>,  <37.134247, 34.768066, 29.035574>, 0.100000
	pigment { color rgbt <1,0,0,0> }
	no_shadow
}
cylinder {
	<37.121906, 34.996155, 28.961933>,  <37.101341, 35.376305, 28.839197>, 0.100000
	pigment { color rgbt <1,0,0,0> }
	no_shadow
}

// particle -1
sphere {
	<37.121906, 34.996155, 28.961933> 0.100000
	pigment { color rgbt <1,0,0,0> }
	no_shadow
}
sphere {
	0, 1
	scale<0.080000,0.200000,0.300000>
	matrix <-0.156010, -0.311118, -0.937479,
		0.986417, 0.000328, -0.164263,
		0.051412, -0.950371, 0.306840,
		37.137329, 34.711044, 29.053986>
	pigment { color rgbt <0,1,1,0> }
	no_shadow
}
cylinder {
	<37.682980, 35.099991, 28.445738>,  <37.101341, 35.376305, 28.839197>, 0.130000
	pigment { color rgbt <1,0,0,0> }
	no_shadow
}

// nucleotide -1

// particle -1
sphere {
	<37.682980, 35.099991, 28.445738> 0.250000
	pigment { color rgbt <1,0,0,0> }
	no_shadow
}
cylinder {
	<37.438705, 34.804737, 28.560429>,  <37.292141, 34.627583, 28.629244>, 0.100000
	pigment { color rgbt <1,0,0,0> }
	no_shadow
}
cylinder {
	<37.438705, 34.804737, 28.560429>,  <37.682980, 35.099991, 28.445738>, 0.100000
	pigment { color rgbt <1,0,0,0> }
	no_shadow
}

// particle -1
sphere {
	<37.438705, 34.804737, 28.560429> 0.100000
	pigment { color rgbt <1,0,0,0> }
	no_shadow
}
sphere {
	0, 1
	scale<0.080000,0.200000,0.300000>
	matrix <-0.050001, -0.325421, -0.944246,
		0.790291, -0.590976, 0.161823,
		-0.610687, -0.738138, 0.286727,
		37.255501, 34.583294, 28.646446>
	pigment { color rgbt <0,1,1,0> }
	no_shadow
}
cylinder {
	<38.004955, 34.458900, 28.273729>,  <37.682980, 35.099991, 28.445738>, 0.130000
	pigment { color rgbt <1,0,0,0> }
	no_shadow
}

// nucleotide -1

// particle -1
sphere {
	<38.004955, 34.458900, 28.273729> 0.250000
	pigment { color rgbt <1,0,0,0> }
	no_shadow
}
cylinder {
	<37.607773, 34.412403, 28.282955>,  <37.369465, 34.384502, 28.288490>, 0.100000
	pigment { color rgbt <1,0,0,0> }
	no_shadow
}
cylinder {
	<37.607773, 34.412403, 28.282955>,  <38.004955, 34.458900, 28.273729>, 0.100000
	pigment { color rgbt <1,0,0,0> }
	no_shadow
}

// particle -1
sphere {
	<37.607773, 34.412403, 28.282955> 0.100000
	pigment { color rgbt <1,0,0,0> }
	no_shadow
}
sphere {
	0, 1
	scale<0.080000,0.200000,0.300000>
	matrix <0.033709, -0.463619, -0.885393,
		0.113619, -0.878376, 0.464271,
		-0.992953, -0.116248, 0.023067,
		37.309887, 34.377529, 28.289875>
	pigment { color rgbt <0,1,1,0> }
	no_shadow
}
cylinder {
	<37.928238, 33.980865, 27.814835>,  <38.004955, 34.458900, 28.273729>, 0.130000
	pigment { color rgbt <1,0,0,0> }
	no_shadow
}

// nucleotide -1

// particle -1
sphere {
	<37.928238, 33.980865, 27.814835> 0.250000
	pigment { color rgbt <1,0,0,0> }
	no_shadow
}
cylinder {
	<37.553776, 34.112873, 27.863346>,  <37.329098, 34.192078, 27.892454>, 0.100000
	pigment { color rgbt <1,0,0,0> }
	no_shadow
}
cylinder {
	<37.553776, 34.112873, 27.863346>,  <37.928238, 33.980865, 27.814835>, 0.100000
	pigment { color rgbt <1,0,0,0> }
	no_shadow
}

// particle -1
sphere {
	<37.553776, 34.112873, 27.863346> 0.100000
	pigment { color rgbt <1,0,0,0> }
	no_shadow
}
sphere {
	0, 1
	scale<0.080000,0.200000,0.300000>
	matrix <-0.238424, -0.342340, -0.908822,
