// switches for output
#declare DRAW_BASES = 1; // possible values are 0, 1; only relevant for DNA ribbons
#declare DRAW_BASES_TYPE = 3; // possible values are 1, 2, 3; only relevant for DNA ribbons
#declare DRAW_FOG = 0; // set to 1 to enable fog

#include "colors.inc"

#include "transforms.inc"
background { rgb <1, 1, 1>}

#default {
   normal{
       ripples 0.25
       frequency 0.20
       turbulence 0.2
       lambda 5
   }
	finish {
		phong 0.1
		phong_size 40.
	}
}

// original window dimensions: 1024x640


// camera settings

camera {
	sky <-0, 1, 0>
	up <-0, 1, 0>
	right 1.6 * <0.581683, 0, 0.813415>
	location <-54.4937, 30, 90.4225>
	look_at <30, 30, 30>
	direction <84.4937, 0, -60.4225>
	angle 67.0682
}


# declare cpy_camera_pos = <-54.4937, 30, 90.4225>;
# if (DRAW_FOG = 1)
fog {
	fog_type 2
	up vnormalize(cpy_camera_pos)
	color rgbt<1,1,1,0.3>
	distance 1e-5
	fog_alt 3e-3
	fog_offset 48
}
# end


// LIGHTS

# declare lum = 6;
global_settings {
	ambient_light rgb lum * <0.05, 0.05, 0.05>
	max_trace_level 15
}# declare cpy_direct_light_amount = 0.25;
light_source
{	1000 * <0.231732, -1, 1.3951>,
	rgb lum * cpy_direct_light_amount
	parallel
}

light_source
{	1000 * <-0.231732, 1, -1.3951>,
	rgb lum * cpy_direct_light_amount
	parallel
}

// strand 0

// nucleotide -1

// particle -1
sphere {
	<43.412067, 32.173759, 23.620165> 0.250000
	pigment { color rgbt <1,0,0,0> }
	no_shadow
}
cylinder {
	<43.136932, 32.418201, 23.463482>,  <42.971851, 32.564865, 23.369473>, 0.100000
	pigment { color rgbt <1,0,0,0> }
	no_shadow
}
cylinder {
	<43.136932, 32.418201, 23.463482>,  <43.412067, 32.173759, 23.620165>, 0.100000
	pigment { color rgbt <1,0,0,0> }
	no_shadow
}

// particle -1
sphere {
	<43.136932, 32.418201, 23.463482> 0.100000
	pigment { color rgbt <1,0,0,0> }
	no_shadow
}
sphere {
	0, 1
	scale<0.080000,0.200000,0.300000>
	matrix <0.247031, -0.310349, -0.917965,
		-0.682538, -0.728173, 0.062508,
		-0.687836, 0.611104, -0.391706,
		42.930580, 32.601532, 23.345970>
	pigment { color rgbt <0,1,1,0> }
	no_shadow
}
cylinder {
	<43.087429, 31.656799, 23.309015>,  <43.412067, 32.173759, 23.620165>, 0.130000
	pigment { color rgbt <1,0,0,0> }
	no_shadow
}

// nucleotide -1

// particle -1
sphere {
	<43.087429, 31.656799, 23.309015> 0.250000
	pigment { color rgbt <1,0,0,0> }
	no_shadow
}
cylinder {
	<43.116528, 32.000668, 23.106758>,  <43.133987, 32.206989, 22.985403>, 0.100000
	pigment { color rgbt <1,0,0,0> }
	no_shadow
}
cylinder {
	<43.116528, 32.000668, 23.106758>,  <43.087429, 31.656799, 23.309015>, 0.100000
	pigment { color rgbt <1,0,0,0> }
	no_shadow
}

// particle -1
sphere {
	<43.116528, 32.000668, 23.106758> 0.100000
	pigment { color rgbt <1,0,0,0> }
	no_shadow
}
sphere {
	0, 1
	scale<0.080000,0.200000,0.300000>
	matrix <0.038651, -0.509035, -0.859877,
		-0.996601, 0.043013, -0.070260,
		0.072751, 0.859670, -0.505642,
		43.138351, 32.258568, 22.955065>
	pigment { color rgbt <0,1,1,0> }
	no_shadow
}
cylinder {
	<42.510902, 31.673626, 22.751381>,  <43.087429, 31.656799, 23.309015>, 0.130000
	pigment { color rgbt <1,0,0,0> }
	no_shadow
}

// nucleotide -1

// particle -1
sphere {
	<42.510902, 31.673626, 22.751381> 0.250000
	pigment { color rgbt <1,0,0,0> }
	no_shadow
}
cylinder {
	<42.853271, 31.870457, 22.687820>,  <43.058693, 31.988556, 22.649685>, 0.100000
	pigment { color rgbt <1,0,0,0> }
	no_shadow
}
cylinder {
	<42.853271, 31.870457, 22.687820>,  <42.510902, 31.673626, 22.751381>, 0.100000
	pigment { color rgbt <1,0,0,0> }
	no_shadow
}

// particle -1
sphere {
	<42.853271, 31.870457, 22.687820> 0.100000
	pigment { color rgbt <1,0,0,0> }
	no_shadow
}
sphere {
	0, 1
	scale<0.080000,0.200000,0.300000>
	matrix <0.053932, -0.390567, -0.918994,
		-0.514279, 0.778020, -0.360835,
		0.855926, 0.492079, -0.158900,
		43.110050, 32.018082, 22.640150>
	pigment { color rgbt <0,1,1,0> }
	no_shadow
}
cylinder {
	<42.457874, 32.037388, 22.121004>,  <42.510902, 31.673626, 22.751381>, 0.130000
	pigment { color rgbt <1,0,0,0> }
	no_shadow
}

// nucleotide -1

// particle -1
sphere {
	<42.457874, 32.037388, 22.121004> 0.250000
	pigment { color rgbt <1,0,0,0> }
	no_shadow
}
cylinder {
	<42.831749, 31.911858, 22.187798>,  <43.056072, 31.836540, 22.227875>, 0.100000
	pigment { color rgbt <1,0,0,0> }
	no_shadow
}
cylinder {
	<42.831749, 31.911858, 22.187798>,  <42.457874, 32.037388, 22.121004>, 0.100000
	pigment { color rgbt <1,0,0,0> }
	no_shadow
}

// particle -1
sphere {
	<42.831749, 31.911858, 22.187798> 0.100000
	pigment { color rgbt <1,0,0,0> }
	no_shadow
}
sphere {
	0, 1
	scale<0.080000,0.200000,0.300000>
	matrix <-0.046883, -0.574463, -0.817187,
		0.352378, 0.755981, -0.551653,
		0.934682, -0.313822, 0.166985,
		43.112152, 31.817711, 22.237894>
	pigment { color rgbt <0,1,1,0> }
	no_shadow
}
cylinder {
	<42.448620, 32.716534, 21.846947>,  <42.457874, 32.037388, 22.121004>, 0.130000
	pigment { color rgbt <1,0,0,0> }
	no_shadow
}

// nucleotide -1

// particle -1
sphere {
	<42.448620, 32.716534, 21.846947> 0.250000
	pigment { color rgbt <1,0,0,0> }
	no_shadow
}
cylinder {
	<42.351082, 33.059608, 22.028015>,  <42.292557, 33.265453, 22.136656>, 0.100000
	pigment { color rgbt <1,0,0,0> }
	no_shadow
}
cylinder {
	<42.351082, 33.059608, 22.028015>,  <42.448620, 32.716534, 21.846947>, 0.100000
	pigment { color rgbt <1,0,0,0> }
	no_shadow
}

// particle -1
sphere {
	<42.351082, 33.059608, 22.028015> 0.100000
	pigment { color rgbt <1,0,0,0> }
	no_shadow
}
sphere {
	0, 1
	scale<0.080000,0.200000,0.300000>
	matrix <0.001625, 0.467120, -0.884193,
		-0.969812, -0.214873, -0.115299,
		-0.243847, 0.857688, 0.452669,
		42.277927, 33.316914, 22.163816>
	pigment { color rgbt <0,1,1,0> }
	no_shadow
}
cylinder {
	<42.192020, 33.295795, 21.303579>,  <42.448620, 32.716534, 21.846947>, 0.130000
	pigment { color rgbt <1,0,0,0> }
	no_shadow
}

// nucleotide -1

// particle -1
sphere {
	<42.192020, 33.295795, 21.303579> 0.250000
	pigment { color rgbt <1,0,0,0> }
	no_shadow
}
cylinder {
	<41.848843, 33.495518, 21.255196>,  <41.642937, 33.615353, 21.226166>, 0.100000
	pigment { color rgbt <1,0,0,0> }
	no_shadow
}
cylinder {
	<41.848843, 33.495518, 21.255196>,  <42.192020, 33.295795, 21.303579>, 0.100000
	pigment { color rgbt <1,0,0,0> }
	no_shadow
}

// particle -1
sphere {
	<41.848843, 33.495518, 21.255196> 0.100000
	pigment { color rgbt <1,0,0,0> }
	no_shadow
}
sphere {
	0, 1
	scale<0.080000,0.200000,0.300000>
	matrix <0.030022, 0.283771, 0.958422,
		0.512870, 0.818639, -0.258449,
		-0.857942, 0.499304, -0.120961,
		41.591461, 33.645309, 21.218908>
	pigment { color rgbt <0,1,1,0> }
	no_shadow
}
cylinder {
	<42.253532, 34.010033, 21.557718>,  <42.192020, 33.295795, 21.303579>, 0.130000
	pigment { color rgbt <1,0,0,0> }
	no_shadow
}

// nucleotide -1

// particle -1
sphere {
	<42.253532, 34.010033, 21.557718> 0.250000
	pigment { color rgbt <1,0,0,0> }
	no_shadow
}
cylinder {
	<41.867569, 33.906685, 21.576469>,  <41.635990, 33.844677, 21.587719>, 0.100000
	pigment { color rgbt <1,0,0,0> }
	no_shadow
}
cylinder {
	<41.867569, 33.906685, 21.576469>,  <42.253532, 34.010033, 21.557718>, 0.100000
	pigment { color rgbt <1,0,0,0> }
	no_shadow
}

// particle -1
sphere {
	<41.867569, 33.906685, 21.576469> 0.100000
	pigment { color rgbt <1,0,0,0> }
	no_shadow
}
sphere {
	0, 1
	scale<0.080000,0.200000,0.300000>
	matrix <-0.041554, 0.326518, 0.944277,
		-0.259274, 0.909194, -0.325796,
		-0.964909, -0.258365, 0.046877,
		41.578094, 33.829174, 21.590532>
	pigment { color rgbt <0,1,1,0> }
	no_shadow
}
cylinder {
	<41.898502, 34.616272, 21.887457>,  <42.253532, 34.010033, 21.557718>, 0.130000
	pigment { color rgbt <1,0,0,0> }
	no_shadow
}

// nucleotide -1

// particle -1
sphere {
	<41.898502, 34.616272, 21.887457> 0.250000
	pigment { color rgbt <1,0,0,0> }
	no_shadow
}
cylinder {
	<41.663170, 34.295952, 21.932320>,  <41.521969, 34.103760, 21.959238>, 0.100000
	pigment { color rgbt <1,0,0,0> }
	no_shadow
}
cylinder {
	<41.663170, 34.295952, 21.932320>,  <41.898502, 34.616272, 21.887457>, 0.100000
	pigment { color rgbt <1,0,0,0> }
	no_shadow
}

// particle -1
sphere {
	<41.663170, 34.295952, 21.932320> 0.100000
	pigment { color rgbt <1,0,0,0> }
	no_shadow
}
sphere {
	0, 1
	scale<0.080000,0.200000,0.300000>
	matrix <-0.052023, 0.175898, 0.983033,
		-0.806945, 0.572514, -0.145147,
		-0.588331, -0.800805, 0.112156,
		41.486671, 34.055710, 21.965967>
	pigment { color rgbt <0,1,1,0> }
	no_shadow
}
cylinder {
	<41.316780, 34.838650, 22.239618>,  <41.898502, 34.616272, 21.887457>, 0.130000
	pigment { color rgbt <1,0,0,0> }
	no_shadow
}

// nucleotide -1

// particle -1
sphere {
	<41.316780, 34.838650, 22.239618> 0.250000
	pigment { color rgbt <1,0,0,0> }
	no_shadow
}
cylinder {
	<41.277393, 34.444244, 22.293396>,  <41.253761, 34.207600, 22.325663>, 0.100000
	pigment { color rgbt <1,0,0,0> }
	no_shadow
}
cylinder {
	<41.277393, 34.444244, 22.293396>,  <41.316780, 34.838650, 22.239618>, 0.100000
	pigment { color rgbt <1,0,0,0> }
	no_shadow
}

// particle -1
sphere {
	<41.277393, 34.444244, 22.293396> 0.100000
	pigment { color rgbt <1,0,0,0> }
	no_shadow
}
sphere {
	0, 1
	scale<0.080000,0.200000,0.300000>
	matrix <-0.084953, 0.142937, 0.986079,
		-0.991508, 0.085670, -0.097839,
		-0.098463, -0.986017, 0.134445,
		41.247856, 34.148438, 22.333729>
	pigment { color rgbt <0,1,1,0> }
	no_shadow
}
cylinder {
	<40.716637, 34.716293, 22.633112>,  <41.316780, 34.838650, 22.239618>, 0.130000
	pigment { color rgbt <1,0,0,0> }
	no_shadow
}

// nucleotide -1

// particle -1
sphere {
	<40.716637, 34.716293, 22.633112> 0.250000
	pigment { color rgbt <1,0,0,0> }
	no_shadow
}
cylinder {
	<40.970364, 34.413391, 22.695351>,  <41.122601, 34.231651, 22.732695>, 0.100000
	pigment { color rgbt <1,0,0,0> }
	no_shadow
}
cylinder {
	<40.970364, 34.413391, 22.695351>,  <40.716637, 34.716293, 22.633112>, 0.100000
	pigment { color rgbt <1,0,0,0> }
	no_shadow
}

// particle -1
sphere {
	<40.970364, 34.413391, 22.695351> 0.100000
	pigment { color rgbt <1,0,0,0> }
	no_shadow
}
sphere {
	0, 1
	scale<0.080000,0.200000,0.300000>
	matrix <-0.094722, 0.123623, 0.987798,
		-0.767249, -0.641315, 0.006687,
		0.634316, -0.757253, 0.155596,
		41.160660, 34.186214, 22.742029>
	pigment { color rgbt <0,1,1,0> }
	no_shadow
}
cylinder {
	<40.309597, 34.286011, 23.064999>,  <40.716637, 34.716293, 22.633112>, 0.130000
	pigment { color rgbt <1,0,0,0> }
	no_shadow
}

// nucleotide -1

// particle -1
sphere {
	<40.309597, 34.286011, 23.064999> 0.250000
	pigment { color rgbt <1,0,0,0> }
	no_shadow
}
cylinder {
	<40.673111, 34.126049, 23.112633>,  <40.891220, 34.030071, 23.141212>, 0.100000
	pigment { color rgbt <1,0,0,0> }
	no_shadow
}
cylinder {
	<40.673111, 34.126049, 23.112633>,  <40.309597, 34.286011, 23.064999>, 0.100000
	pigment { color rgbt <1,0,0,0> }
	no_shadow
}

// particle -1
sphere {
	<40.673111, 34.126049, 23.112633> 0.100000
	pigment { color rgbt <1,0,0,0> }
	no_shadow
}
sphere {
	0, 1
	scale<0.080000,0.200000,0.300000>
	matrix <-0.138110, -0.018979, 0.990235,
		-0.393739, -0.916361, -0.072478,
		0.908788, -0.399904, 0.119086,
		40.945747, 34.006077, 23.148359>
	pigment { color rgbt <0,1,1,0> }
	no_shadow
}
cylinder {
	<40.229343, 33.726395, 23.534687>,  <40.309597, 34.286011, 23.064999>, 0.130000
	pigment { color rgbt <1,0,0,0> }
	no_shadow
}

// nucleotide -1

// particle -1
sphere {
	<40.229343, 33.726395, 23.534687> 0.250000
	pigment { color rgbt <1,0,0,0> }
	no_shadow
}
cylinder {
	<40.602005, 33.868031, 23.567272>,  <40.825603, 33.953011, 23.586824>, 0.100000
	pigment { color rgbt <1,0,0,0> }
	no_shadow
}
cylinder {
	<40.602005, 33.868031, 23.567272>,  <40.229343, 33.726395, 23.534687>, 0.100000
	pigment { color rgbt <1,0,0,0> }
	no_shadow
}

// particle -1
sphere {
	<40.602005, 33.868031, 23.567272> 0.100000
	pigment { color rgbt <1,0,0,0> }
	no_shadow
}
sphere {
	0, 1
	scale<0.080000,0.200000,0.300000>
	matrix <-0.076444, -0.028170, 0.996676,
		0.355205, -0.934788, 0.000823,
		0.931657, 0.354087, 0.081465,
		40.881504, 33.974258, 23.591711>
	pigment { color rgbt <0,1,1,0> }
	no_shadow
}
cylinder {
	<40.458454, 33.417366, 24.095692>,  <40.229343, 33.726395, 23.534687>, 0.130000
	pigment { color rgbt <1,0,0,0> }
	no_shadow
}

// nucleotide -1

// particle -1
sphere {
	<40.458454, 33.417366, 24.095692> 0.250000
	pigment { color rgbt <1,0,0,0> }
	no_shadow
}
cylinder {
	<40.724453, 33.712196, 24.047512>,  <40.884052, 33.889095, 24.018604>, 0.100000
	pigment { color rgbt <1,0,0,0> }
	no_shadow
}
cylinder {
	<40.724453, 33.712196, 24.047512>,  <40.458454, 33.417366, 24.095692>, 0.100000
	pigment { color rgbt <1,0,0,0> }
	no_shadow
}

// particle -1
sphere {
	<40.724453, 33.712196, 24.047512> 0.100000
	pigment { color rgbt <1,0,0,0> }
	no_shadow
}
sphere {
	0, 1
	scale<0.080000,0.200000,0.300000>
	matrix <-0.093205, 0.241922, 0.965809,
		0.741010, -0.631030, 0.229575,
		0.664994, 0.737072, -0.120451,
		40.923950, 33.933319, 24.011377>
	pigment { color rgbt <0,1,1,0> }
	no_shadow
}
cylinder {
	<40.901566, 33.327621, 24.569180>,  <40.458454, 33.417366, 24.095692>, 0.130000
	pigment { color rgbt <1,0,0,0> }
	no_shadow
}

// nucleotide -1

// particle -1
sphere {
	<40.901566, 33.327621, 24.569180> 0.250000
	pigment { color rgbt <1,0,0,0> }
	no_shadow
}
cylinder {
	<40.997448, 33.699795, 24.458309>,  <41.054977, 33.923100, 24.391787>, 0.100000
	pigment { color rgbt <1,0,0,0> }
	no_shadow
}
cylinder {
	<40.997448, 33.699795, 24.458309>,  <40.901566, 33.327621, 24.569180>, 0.100000
	pigment { color rgbt <1,0,0,0> }
	no_shadow
}

// particle -1
sphere {
	<40.997448, 33.699795, 24.458309> 0.100000
	pigment { color rgbt <1,0,0,0> }
	no_shadow
}
sphere {
	0, 1
	scale<0.080000,0.200000,0.300000>
	matrix <0.140752, 0.249178, 0.958175,
		0.960587, -0.268697, -0.071231,
		0.239710, 0.930436, -0.277177,
		41.069363, 33.978928, 24.375156>
	pigment { color rgbt <0,1,1,0> }
	no_shadow
}
cylinder {
	<41.468193, 33.449413, 24.939060>,  <40.901566, 33.327621, 24.569180>, 0.130000
	pigment { color rgbt <1,0,0,0> }
	no_shadow
}

// nucleotide -1

// particle -1
sphere {
	<41.468193, 33.449413, 24.939060> 0.250000
	pigment { color rgbt <1,0,0,0> }
	no_shadow
}
cylinder {
	<41.335106, 33.818874, 24.862999>,  <41.255253, 34.040550, 24.817362>, 0.100000
	pigment { color rgbt <1,0,0,0> }
	no_shadow
}
cylinder {
	<41.335106, 33.818874, 24.862999>,  <41.468193, 33.449413, 24.939060>, 0.100000
	pigment { color rgbt <1,0,0,0> }
	no_shadow
}

// particle -1
sphere {
	<41.335106, 33.818874, 24.862999> 0.100000
	pigment { color rgbt <1,0,0,0> }
	no_shadow
}
sphere {
	0, 1
	scale<0.080000,0.200000,0.300000>
	matrix <0.134923, 0.246193, 0.959784,
		0.933323, 0.293686, -0.206536,
		-0.332723, 0.923654, -0.190153,
		41.235291, 34.095970, 24.805954>
	pigment { color rgbt <0,1,1,0> }
	no_shadow
}
cylinder {
	<41.919479, 33.940002, 25.149374>,  <41.468193, 33.449413, 24.939060>, 0.130000
	pigment { color rgbt <1,0,0,0> }
	no_shadow
}

// nucleotide -1

// particle -1
sphere {
	<41.919479, 33.940002, 25.149374> 0.250000
	pigment { color rgbt <1,0,0,0> }
	no_shadow
}
cylinder {
	<41.567574, 34.130058, 25.155910>,  <41.356430, 34.244091, 25.159832>, 0.100000
	pigment { color rgbt <1,0,0,0> }
	no_shadow
}
cylinder {
	<41.567574, 34.130058, 25.155910>,  <41.919479, 33.940002, 25.149374>, 0.100000
	pigment { color rgbt <1,0,0,0> }
	no_shadow
}

// particle -1
sphere {
	<41.567574, 34.130058, 25.155910> 0.100000
	pigment { color rgbt <1,0,0,0> }
	no_shadow
}
sphere {
	0, 1
	scale<0.080000,0.200000,0.300000>
	matrix <0.173658, 0.289164, 0.941396,
		0.442566, 0.831041, -0.336906,
		-0.879760, 0.475136, 0.016343,
		41.303646, 34.272598, 25.160814>
	pigment { color rgbt <0,1,1,0> }
	no_shadow
}
cylinder {
	<42.025066, 34.543999, 25.571814>,  <41.919479, 33.940002, 25.149374>, 0.130000
	pigment { color rgbt <1,0,0,0> }
	no_shadow
}

// nucleotide -1

// particle -1
sphere {
	<42.025066, 34.543999, 25.571814> 0.250000
	pigment { color rgbt <1,0,0,0> }
	no_shadow
}
cylinder {
	<41.625484, 34.535637, 25.555576>,  <41.385735, 34.530621, 25.545834>, 0.100000
	pigment { color rgbt <1,0,0,0> }
	no_shadow
}
cylinder {
	<41.625484, 34.535637, 25.555576>,  <42.025066, 34.543999, 25.571814>, 0.100000
	pigment { color rgbt <1,0,0,0> }
	no_shadow
}

// particle -1
sphere {
	<41.625484, 34.535637, 25.555576> 0.100000
	pigment { color rgbt <1,0,0,0> }
	no_shadow
}
sphere {
	0, 1
	scale<0.080000,0.200000,0.300000>
	matrix <-0.045577, 0.508963, 0.859581,
		0.002694, 0.860534, -0.509385,
		-0.998957, -0.020901, -0.040592,
		41.325798, 34.529366, 25.543398>
	pigment { color rgbt <0,1,1,0> }
	no_shadow
}
cylinder {
	<41.763966, 35.272701, 25.646692>,  <42.025066, 34.543999, 25.571814>, 0.130000
	pigment { color rgbt <1,0,0,0> }
	no_shadow
}

// nucleotide -1

// particle -1
sphere {
	<41.763966, 35.272701, 25.646692> 0.250000
	pigment { color rgbt <1,0,0,0> }
	no_shadow
}
cylinder {
	<41.463795, 35.029289, 25.749882>,  <41.283691, 34.883244, 25.811794>, 0.100000
	pigment { color rgbt <1,0,0,0> }
	no_shadow
}
cylinder {
	<41.463795, 35.029289, 25.749882>,  <41.763966, 35.272701, 25.646692>, 0.100000
	pigment { color rgbt <1,0,0,0> }
	no_shadow
}

// particle -1
sphere {
	<41.463795, 35.029289, 25.749882> 0.100000
	pigment { color rgbt <1,0,0,0> }
	no_shadow
}
sphere {
	0, 1
	scale<0.080000,0.200000,0.300000>
	matrix <-0.192902, 0.574955, 0.795120,
		-0.632178, 0.546916, -0.548848,
		-0.750427, -0.608531, 0.257973,
		41.238667, 34.846729, 25.827274>
	pigment { color rgbt <0,1,1,0> }
	no_shadow
}
cylinder {
	<41.220932, 35.738251, 25.857023>,  <41.763966, 35.272701, 25.646692>, 0.130000
	pigment { color rgbt <1,0,0,0> }
	no_shadow
}

// nucleotide -1

// particle -1
sphere {
	<41.220932, 35.738251, 25.857023> 0.250000
	pigment { color rgbt <1,0,0,0> }
	no_shadow
}
cylinder {
	<41.124313, 35.389057, 26.026516>,  <41.066341, 35.179539, 26.128212>, 0.100000
	pigment { color rgbt <1,0,0,0> }
	no_shadow
}
cylinder {
	<41.124313, 35.389057, 26.026516>,  <41.220932, 35.738251, 25.857023>, 0.100000
	pigment { color rgbt <1,0,0,0> }
	no_shadow
}

// particle -1
sphere {
	<41.124313, 35.389057, 26.026516> 0.100000
	pigment { color rgbt <1,0,0,0> }
	no_shadow
}
sphere {
	0, 1
	scale<0.080000,0.200000,0.300000>
	matrix <-0.213886, 0.473818, 0.854253,
		-0.946523, 0.115715, -0.301171,
		-0.241550, -0.872987, 0.423730,
		41.051849, 35.127159, 26.153635>
	pigment { color rgbt <0,1,1,0> }
	no_shadow
}
cylinder {
	<40.585346, 35.849998, 26.291111>,  <41.220932, 35.738251, 25.857023>, 0.130000
	pigment { color rgbt <1,0,0,0> }
	no_shadow
}

// nucleotide -1

// particle -1
sphere {
	<40.585346, 35.849998, 26.291111> 0.250000
	pigment { color rgbt <1,0,0,0> }
	no_shadow
}
cylinder {
	<40.730640, 35.500221, 26.419739>,  <40.817818, 35.290356, 26.496916>, 0.100000
	pigment { color rgbt <1,0,0,0> }
	no_shadow
}
cylinder {
	<40.730640, 35.500221, 26.419739>,  <40.585346, 35.849998, 26.291111>, 0.100000
	pigment { color rgbt <1,0,0,0> }
	no_shadow
}

// particle -1
sphere {
	<40.730640, 35.500221, 26.419739> 0.100000
	pigment { color rgbt <1,0,0,0> }
	no_shadow
}
sphere {
	0, 1
	scale<0.080000,0.200000,0.300000>
	matrix <-0.308324, 0.212876, 0.927157,
		-0.879201, -0.435925, -0.192288,
		0.363237, -0.874445, 0.321567,
		40.839611, 35.237888, 26.516209>
	pigment { color rgbt <0,1,1,0> }
	no_shadow
}
cylinder {
	<40.068756, 35.653023, 26.744400>,  <40.585346, 35.849998, 26.291111>, 0.130000
	pigment { color rgbt <1,0,0,0> }
	no_shadow
}

// nucleotide -1

// particle -1
sphere {
	<40.068756, 35.653023, 26.744400> 0.250000
	pigment { color rgbt <1,0,0,0> }
	no_shadow
}
cylinder {
	<40.385380, 35.439350, 26.863113>,  <40.575356, 35.311146, 26.934341>, 0.100000
	pigment { color rgbt <1,0,0,0> }
	no_shadow
}
cylinder {
	<40.385380, 35.439350, 26.863113>,  <40.068756, 35.653023, 26.744400>, 0.100000
	pigment { color rgbt <1,0,0,0> }
	no_shadow
}

// particle -1
sphere {
	<40.385380, 35.439350, 26.863113> 0.100000
	pigment { color rgbt <1,0,0,0> }
	no_shadow
}
sphere {
	0, 1
	scale<0.080000,0.200000,0.300000>
	matrix <-0.242485, 0.171225, 0.954926,
		-0.560919, -0.827849, 0.006005,
		0.791563, -0.534180, 0.296784,
		40.622849, 35.279095, 26.952148>
	pigment { color rgbt <0,1,1,0> }
	no_shadow
}
cylinder {
	<39.853481, 35.219162, 27.219206>,  <40.068756, 35.653023, 26.744400>, 0.130000
	pigment { color rgbt <1,0,0,0> }
	no_shadow
}

// nucleotide -1

// particle -1
sphere {
	<39.853481, 35.219162, 27.219206> 0.250000
	pigment { color rgbt <1,0,0,0> }
	no_shadow
}
cylinder {
	<40.243431, 35.203262, 27.306881>,  <40.477402, 35.193722, 27.359486>, 0.100000
	pigment { color rgbt <1,0,0,0> }
	no_shadow
}
cylinder {
	<40.243431, 35.203262, 27.306881>,  <39.853481, 35.219162, 27.219206>, 0.100000
	pigment { color rgbt <1,0,0,0> }
	no_shadow
}

// particle -1
sphere {
	<40.243431, 35.203262, 27.306881> 0.100000
	pigment { color rgbt <1,0,0,0> }
	no_shadow
}
sphere {
	0, 1
	scale<0.080000,0.200000,0.300000>
	matrix <-0.203552, 0.240775, 0.948996,
		-0.090496, -0.969767, 0.226634,
		0.974873, -0.039749, 0.219187,
		40.535892, 35.191338, 27.372637>
	pigment { color rgbt <0,1,1,0> }
	no_shadow
}
cylinder {
	<39.871483, 34.941711, 27.849613>,  <39.853481, 35.219162, 27.219206>, 0.130000
	pigment { color rgbt <1,0,0,0> }
	no_shadow
}

// nucleotide -1

// particle -1
sphere {
	<39.871483, 34.941711, 27.849613> 0.250000
	pigment { color rgbt <1,0,0,0> }
	no_shadow
}
cylinder {
	<40.243168, 35.087433, 27.824806>,  <40.466179, 35.174866, 27.809921>, 0.100000
	pigment { color rgbt <1,0,0,0> }
	no_shadow
}
cylinder {
	<40.243168, 35.087433, 27.824806>,  <39.871483, 34.941711, 27.849613>, 0.100000
	pigment { color rgbt <1,0,0,0> }
	no_shadow
}

// particle -1
sphere {
	<40.243168, 35.087433, 27.824806> 0.100000
	pigment { color rgbt <1,0,0,0> }
	no_shadow
}
sphere {
	0, 1
	scale<0.080000,0.200000,0.300000>
	matrix <0.008647, 0.146339, 0.989197,
		0.369441, -0.919712, 0.132830,
		0.929214, 0.364301, -0.062017,
		40.521931, 35.196724, 27.806202>
	pigment { color rgbt <0,1,1,0> }
	no_shadow
}
cylinder {
	<40.244736, 34.542522, 28.265314>,  <39.871483, 34.941711, 27.849613>, 0.130000
	pigment { color rgbt <1,0,0,0> }
	no_shadow
}

// nucleotide -1

// particle -1
sphere {
	<40.244736, 34.542522, 28.265314> 0.250000
	pigment { color rgbt <1,0,0,0> }
	no_shadow
}
cylinder {
	<40.410419, 34.905685, 28.239563>,  <40.509830, 35.123581, 28.224113>, 0.100000
	pigment { color rgbt <1,0,0,0> }
	no_shadow
}
cylinder {
	<40.410419, 34.905685, 28.239563>,  <40.244736, 34.542522, 28.265314>, 0.100000
	pigment { color rgbt <1,0,0,0> }
	no_shadow
}

// particle -1
sphere {
	<40.410419, 34.905685, 28.239563> 0.100000
	pigment { color rgbt <1,0,0,0> }
	no_shadow
}
sphere {
	0, 1
	scale<0.080000,0.200000,0.300000>
	matrix <-0.019023, 0.079350, 0.996665,
		0.909985, -0.411599, 0.050138,
		0.414205, 0.907904, -0.064377,
		40.534679, 35.178055, 28.220249>
	pigment { color rgbt <0,1,1,0> }
	no_shadow
}
cylinder {
	<40.800259, 34.530144, 28.764881>,  <40.244736, 34.542522, 28.265314>, 0.130000
	pigment { color rgbt <1,0,0,0> }
	no_shadow
}

// nucleotide -1

// particle -1
sphere {
	<40.800259, 34.530144, 28.764881> 0.250000
	pigment { color rgbt <1,0,0,0> }
	no_shadow
}
cylinder {
	<40.756699, 34.923790, 28.708809>,  <40.730560, 35.159977, 28.675165>, 0.100000
	pigment { color rgbt <1,0,0,0> }
	no_shadow
}
cylinder {
	<40.756699, 34.923790, 28.708809>,  <40.800259, 34.530144, 28.764881>, 0.100000
	pigment { color rgbt <1,0,0,0> }
	no_shadow
}

// particle -1
sphere {
	<40.756699, 34.923790, 28.708809> 0.100000
	pigment { color rgbt <1,0,0,0> }
	no_shadow
}
sphere {
	0, 1
	scale<0.080000,0.200000,0.300000>
	matrix <0.023015, 0.143477, 0.989386,
		0.993786, 0.104521, -0.038274,
		-0.108904, 0.984119, -0.140180,
		40.724026, 35.219025, 28.666756>
	pigment { color rgbt <0,1,1,0> }
	no_shadow
}
cylinder {
	<41.034809, 34.789383, 29.367273>,  <40.800259, 34.530144, 28.764881>, 0.130000
	pigment { color rgbt <1,0,0,0> }
	no_shadow
}

// nucleotide -1

// particle -1
sphere {
	<41.034809, 34.789383, 29.367273> 0.250000
	pigment { color rgbt <1,0,0,0> }
	no_shadow
}
cylinder {
	<40.795509, 35.078102, 29.228073>,  <40.651932, 35.251335, 29.144552>, 0.100000
	pigment { color rgbt <1,0,0,0> }
	no_shadow
}
cylinder {
	<40.795509, 35.078102, 29.228073>,  <41.034809, 34.789383, 29.367273>, 0.100000
	pigment { color rgbt <1,0,0,0> }
	no_shadow
}

// particle -1
sphere {
	<40.795509, 35.078102, 29.228073> 0.100000
	pigment { color rgbt <1,0,0,0> }
	no_shadow
}
sphere {
	0, 1
	scale<0.080000,0.200000,0.300000>
	matrix <-0.058325, 0.393915, 0.917295,
		0.799188, 0.569064, -0.193559,
		-0.598245, 0.721802, -0.348002,
		40.616035, 35.294643, 29.123672>
	pigment { color rgbt <0,1,1,0> }
	no_shadow
}
cylinder {
	<41.357609, 35.330181, 29.370010>,  <41.034809, 34.789383, 29.367273>, 0.130000
	pigment { color rgbt <1,0,0,0> }
	no_shadow
}

// nucleotide -1

// particle -1
sphere {
	<41.357609, 35.330181, 29.370010> 0.250000
	pigment { color rgbt <1,0,0,0> }
	no_shadow
}
cylinder {
	<40.970242, 35.426311, 29.396580>,  <40.737823, 35.483990, 29.412521>, 0.100000
	pigment { color rgbt <1,0,0,0> }
	no_shadow
}
cylinder {
	<40.970242, 35.426311, 29.396580>,  <41.357609, 35.330181, 29.370010>, 0.100000
	pigment { color rgbt <1,0,0,0> }
	no_shadow
}

// particle -1
sphere {
	<40.970242, 35.426311, 29.396580> 0.100000
	pigment { color rgbt <1,0,0,0> }
	no_shadow
}
sphere {
	0, 1
	scale<0.080000,0.200000,0.300000>
	matrix <0.176205, 0.471155, 0.864271,
		0.176412, 0.848679, -0.498621,
		-0.968416, 0.240328, 0.066424,
		40.679718, 35.498409, 29.416508>
	pigment { color rgbt <0,1,1,0> }
	no_shadow
}
cylinder {
	<41.249542, 35.835571, 29.964901>,  <41.357609, 35.330181, 29.370010>, 0.130000
	pigment { color rgbt <1,0,0,0> }
	no_shadow
}

// nucleotide -1

// particle -1
sphere {
	<41.249542, 35.835571, 29.964901> 0.250000
	pigment { color rgbt <1,0,0,0> }
	no_shadow
}
cylinder {
	<40.862984, 35.799614, 29.868576>,  <40.631046, 35.778038, 29.810781>, 0.100000
	pigment { color rgbt <1,0,0,0> }
	no_shadow
}
cylinder {
	<40.862984, 35.799614, 29.868576>,  <41.249542, 35.835571, 29.964901>, 0.100000
	pigment { color rgbt <1,0,0,0> }
	no_shadow
}

// particle -1
sphere {
	<40.862984, 35.799614, 29.868576> 0.100000
	pigment { color rgbt <1,0,0,0> }
	no_shadow
}
sphere {
	0, 1
	scale<0.080000,0.200000,0.300000>
	matrix <-0.249987, 0.546683, 0.799152,
		0.059809, 0.832500, -0.550787,
		-0.966400, -0.089893, -0.240811,
		40.573063, 35.772648, 29.796333>
	pigment { color rgbt <0,1,1,0> }
	no_shadow
}
cylinder {
	<41.052582, 36.515530, 29.968182>,  <41.249542, 35.835571, 29.964901>, 0.130000
	pigment { color rgbt <1,0,0,0> }
	no_shadow
}

// nucleotide -1

// particle -1
sphere {
	<41.052582, 36.515530, 29.968182> 0.250000
	pigment { color rgbt <1,0,0,0> }
	no_shadow
}
cylinder {
	<40.743294, 36.269646, 30.030479>,  <40.557720, 36.122116, 30.067858>, 0.100000
	pigment { color rgbt <1,0,0,0> }
	no_shadow
}
cylinder {
	<40.743294, 36.269646, 30.030479>,  <41.052582, 36.515530, 29.968182>, 0.100000
	pigment { color rgbt <1,0,0,0> }
	no_shadow
}

// particle -1
sphere {
	<40.743294, 36.269646, 30.030479> 0.100000
	pigment { color rgbt <1,0,0,0> }
	no_shadow
}
sphere {
	0, 1
	scale<0.080000,0.200000,0.300000>
	matrix <-0.356221, 0.624240, 0.695291,
		-0.524625, 0.482136, -0.701650,
		-0.773224, -0.614710, 0.155745,
		40.511326, 36.085232, 30.077204>
	pigment { color rgbt <0,1,1,0> }
	no_shadow
}
cylinder {
	<40.480164, 36.898224, 29.842531>,  <41.052582, 36.515530, 29.968182>, 0.130000
	pigment { color rgbt <1,0,0,0> }
	no_shadow
}

// nucleotide -1

// particle -1
sphere {
	<40.480164, 36.898224, 29.842531> 0.250000
	pigment { color rgbt <1,0,0,0> }
	no_shadow
}
cylinder {
	<40.469479, 36.598083, 30.106731>,  <40.463066, 36.417999, 30.265251>, 0.100000
	pigment { color rgbt <1,0,0,0> }
	no_shadow
}
cylinder {
	<40.469479, 36.598083, 30.106731>,  <40.480164, 36.898224, 29.842531>, 0.100000
	pigment { color rgbt <1,0,0,0> }
	no_shadow
}

// particle -1
sphere {
	<40.469479, 36.598083, 30.106731> 0.100000
	pigment { color rgbt <1,0,0,0> }
	no_shadow
}
sphere {
	0, 1
	scale<0.080000,0.200000,0.300000>
	matrix <-0.094037, 0.659691, 0.745631,
		-0.995210, -0.042191, -0.088185,
		-0.026716, -0.750352, 0.660498,
		40.461464, 36.372978, 30.304880>
	pigment { color rgbt <0,1,1,0> }
	no_shadow
}
cylinder {
	<39.876057, 37.137386, 30.346737>,  <40.480164, 36.898224, 29.842531>, 0.130000
	pigment { color rgbt <1,0,0,0> }
	no_shadow
}

// nucleotide -1

// particle -1
sphere {
	<39.876057, 37.137386, 30.346737> 0.250000
	pigment { color rgbt <1,0,0,0> }
	no_shadow
}
cylinder {
	<40.161499, 36.923691, 30.528000>,  <40.332764, 36.795475, 30.636757>, 0.100000
	pigment { color rgbt <1,0,0,0> }
	no_shadow
}
cylinder {
	<40.161499, 36.923691, 30.528000>,  <39.876057, 37.137386, 30.346737>, 0.100000
	pigment { color rgbt <1,0,0,0> }
	no_shadow
}

// particle -1
sphere {
	<40.161499, 36.923691, 30.528000> 0.100000
	pigment { color rgbt <1,0,0,0> }
	no_shadow
}
sphere {
	0, 1
	scale<0.080000,0.200000,0.300000>
	matrix <-0.006786, 0.641562, 0.767041,
		-0.700511, -0.550443, 0.454199,
		0.713609, -0.534239, 0.453157,
		40.375584, 36.763420, 30.663946>
	pigment { color rgbt <0,1,1,0> }
	no_shadow
}
cylinder {
	<39.678017, 36.873192, 30.916578>,  <39.876057, 37.137386, 30.346737>, 0.130000
	pigment { color rgbt <1,0,0,0> }
	no_shadow
}

// nucleotide -1

// particle -1
sphere {
	<39.678017, 36.873192, 30.916578> 0.250000
	pigment { color rgbt <1,0,0,0> }
	no_shadow
}
cylinder {
	<40.066807, 36.962856, 30.944920>,  <40.300079, 37.016655, 30.961924>, 0.100000
	pigment { color rgbt <1,0,0,0> }
	no_shadow
}
cylinder {
	<40.066807, 36.962856, 30.944920>,  <39.678017, 36.873192, 30.916578>, 0.100000
	pigment { color rgbt <1,0,0,0> }
	no_shadow
}

// particle -1
sphere {
	<40.066807, 36.962856, 30.944920> 0.100000
	pigment { color rgbt <1,0,0,0> }
	no_shadow
}
sphere {
	0, 1
	scale<0.080000,0.200000,0.300000>
	matrix <-0.212000, 0.705490, 0.676269,
		0.101605, -0.672336, 0.733240,
		0.971973, 0.224159, 0.070854,
		40.358398, 37.030106, 30.966175>
	pigment { color rgbt <0,1,1,0> }
	no_shadow
}
cylinder {
	<39.041443, 36.999001, 30.587233>,  <39.678017, 36.873192, 30.916578>, 0.130000
	pigment { color rgbt <1,0,0,0> }
	no_shadow
}

// nucleotide -1

// particle -1
sphere {
	<39.041443, 36.999001, 30.587233> 0.250000
	pigment { color rgbt <1,0,0,0> }
	no_shadow
}
cylinder {
	<38.742844, 37.265133, 30.590710>,  <38.563683, 37.424812, 30.592796>, 0.100000
	pigment { color rgbt <1,0,0,0> }
	no_shadow
}
cylinder {
	<38.742844, 37.265133, 30.590710>,  <39.041443, 36.999001, 30.587233>, 0.100000
	pigment { color rgbt <1,0,0,0> }
	no_shadow
}

// particle -1
sphere {
	<38.742844, 37.265133, 30.590710> 0.100000
	pigment { color rgbt <1,0,0,0> }
	no_shadow
}
sphere {
	0, 1
	scale<0.080000,0.200000,0.300000>
	matrix <0.077046, 0.099411, -0.992059,
		-0.660908, -0.739904, -0.125471,
		-0.746501, 0.665327, 0.008695,
		38.518894, 37.464729, 30.593319>
	pigment { color rgbt <0,1,1,0> }
	no_shadow
}
cylinder {
	<39.005508, 37.058334, 29.939339>,  <39.041443, 36.999001, 30.587233>, 0.130000
	pigment { color rgbt <1,0,0,0> }
	no_shadow
}

// nucleotide -1

// particle -1
sphere {
	<39.005508, 37.058334, 29.939339> 0.250000
	pigment { color rgbt <1,0,0,0> }
	no_shadow
}
cylinder {
	<38.675888, 37.270710, 30.018372>,  <38.478115, 37.398136, 30.065792>, 0.100000
	pigment { color rgbt <1,0,0,0> }
	no_shadow
}
cylinder {
	<38.675888, 37.270710, 30.018372>,  <39.005508, 37.058334, 29.939339>, 0.100000
	pigment { color rgbt <1,0,0,0> }
	no_shadow
}

// particle -1
sphere {
	<38.675888, 37.270710, 30.018372> 0.100000
	pigment { color rgbt <1,0,0,0> }
	no_shadow
}
sphere {
	0, 1
	scale<0.080000,0.200000,0.300000>
	matrix <-0.241029, -0.012961, -0.970432,
		-0.512679, -0.847311, 0.138652,
		-0.824054, 0.530939, 0.197581,
		38.428673, 37.429993, 30.077646>
	pigment { color rgbt <0,1,1,0> }
	no_shadow
}
cylinder {
	<38.348427, 36.686153, 29.883909>,  <39.005508, 37.058334, 29.939339>, 0.130000
	pigment { color rgbt <1,0,0,0> }
	no_shadow
}

// nucleotide -1

// particle -1
sphere {
	<38.348427, 36.686153, 29.883909> 0.250000
	pigment { color rgbt <1,0,0,0> }
	no_shadow
}
cylinder {
	<38.397442, 37.069469, 29.780628>,  <38.426849, 37.299458, 29.718658>, 0.100000
	pigment { color rgbt <1,0,0,0> }
	no_shadow
}
cylinder {
	<38.397442, 37.069469, 29.780628>,  <38.348427, 36.686153, 29.883909>, 0.100000
	pigment { color rgbt <1,0,0,0> }
	no_shadow
}

// particle -1
sphere {
	<38.397442, 37.069469, 29.780628> 0.100000
	pigment { color rgbt <1,0,0,0> }
	no_shadow
}
sphere {
	0, 1
	scale<0.080000,0.200000,0.300000>
	matrix <-0.259919, -0.220098, -0.940212,
		-0.957824, 0.182324, 0.222107,
		0.122538, 0.958288, -0.258205,
		38.434204, 37.356956, 29.703167>
	pigment { color rgbt <0,1,1,0> }
	no_shadow
}
cylinder {
	<37.765381, 36.770805, 29.436243>,  <38.348427, 36.686153, 29.883909>, 0.130000
	pigment { color rgbt <1,0,0,0> }
	no_shadow
}

// nucleotide -1

// particle -1
sphere {
	<37.765381, 36.770805, 29.436243> 0.250000
	pigment { color rgbt <1,0,0,0> }
	no_shadow
}
cylinder {
	<38.044743, 37.038708, 29.335320>,  <38.212360, 37.199448, 29.274765>, 0.100000
	pigment { color rgbt <1,0,0,0> }
	no_shadow
}
cylinder {
	<38.044743, 37.038708, 29.335320>,  <37.765381, 36.770805, 29.436243>, 0.100000
	pigment { color rgbt <1,0,0,0> }
	no_shadow
}

// particle -1
sphere {
	<38.044743, 37.038708, 29.335320> 0.100000
	pigment { color rgbt <1,0,0,0> }
	no_shadow
}
sphere {
	0, 1
	scale<0.080000,0.200000,0.300000>
	matrix <-0.305571, -0.039747, -0.951340,
		-0.647194, 0.741516, 0.176898,
		0.698403, 0.669756, -0.252310,
		38.254265, 37.239635, 29.259626>
	pigment { color rgbt <0,1,1,0> }
	no_shadow
}
cylinder {
	<37.496792, 37.340851, 29.026358>,  <37.765381, 36.770805, 29.436243>, 0.130000
	pigment { color rgbt <1,0,0,0> }
	no_shadow
}

// nucleotide -1

// particle -1
sphere {
	<37.496792, 37.340851, 29.026358> 0.250000
	pigment { color rgbt <1,0,0,0> }
	no_shadow
}
cylinder {
	<37.884678, 37.281227, 28.948959>,  <38.117409, 37.245453, 28.902521>, 0.100000
	pigment { color rgbt <1,0,0,0> }
	no_shadow
}
cylinder {
	<37.884678, 37.281227, 28.948959>,  <37.496792, 37.340851, 29.026358>, 0.100000
	pigment { color rgbt <1,0,0,0> }
	no_shadow
}

// particle -1
sphere {
	<37.884678, 37.281227, 28.948959> 0.100000
	pigment { color rgbt <1,0,0,0> }
	no_shadow
}
sphere {
	0, 1
	scale<0.080000,0.200000,0.300000>
	matrix <-0.216600, -0.158645, -0.963284,
		0.112887, 0.976019, -0.186126,
		0.969712, -0.149057, -0.193496,
		38.175591, 37.236511, 28.890911>
	pigment { color rgbt <0,1,1,0> }
	no_shadow
}
cylinder {
	<37.704769, 37.690811, 28.408314>,  <37.496792, 37.340851, 29.026358>, 0.130000
	pigment { color rgbt <1,0,0,0> }
	no_shadow
}

// nucleotide -1

// particle -1
sphere {
	<37.704769, 37.690811, 28.408314> 0.250000
	pigment { color rgbt <1,0,0,0> }
	no_shadow
}
cylinder {
	<38.005051, 37.427265, 28.427658>,  <38.185219, 37.269138, 28.439264>, 0.100000
	pigment { color rgbt <1,0,0,0> }
	no_shadow
}
cylinder {
	<38.005051, 37.427265, 28.427658>,  <37.704769, 37.690811, 28.408314>, 0.100000
	pigment { color rgbt <1,0,0,0> }
	no_shadow
}

// particle -1
sphere {
	<38.005051, 37.427265, 28.427658> 0.100000
	pigment { color rgbt <1,0,0,0> }
	no_shadow
}
sphere {
	0, 1
	scale<0.080000,0.200000,0.300000>
	matrix <-0.193055, -0.288798, -0.937724,
		0.631797, 0.694620, -0.343999,
		0.750708, -0.658862, 0.048362,
		38.230263, 37.229607, 28.442167>
	pigment { color rgbt <0,1,1,0> }
	no_shadow
}
cylinder {
	<37.963387, 37.769905, 27.780766>,  <37.704769, 37.690811, 28.408314>, 0.130000
	pigment { color rgbt <1,0,0,0> }
	no_shadow
}

// nucleotide -1

// particle -1
sphere {
	<37.963387, 37.769905, 27.780766> 0.250000
	pigment { color rgbt <1,0,0,0> }
	no_shadow
}
cylinder {
	<38.122391, 37.425850, 27.908611>,  <38.217793, 37.219418, 27.985319>, 0.100000
	pigment { color rgbt <1,0,0,0> }
	no_shadow
}
cylinder {
	<38.122391, 37.425850, 27.908611>,  <37.963387, 37.769905, 27.780766>, 0.100000
	pigment { color rgbt <1,0,0,0> }
	no_shadow
}

// particle -1
sphere {
	<38.122391, 37.425850, 27.908611> 0.100000
	pigment { color rgbt <1,0,0,0> }
	no_shadow
}
sphere {
	0, 1
	scale<0.080000,0.200000,0.300000>
	matrix <0.064296, -0.321353, -0.944774,
		0.915342, 0.396108, -0.072438,
		0.397511, -0.860134, 0.319616,
		38.241646, 37.167809, 28.004496>
	pigment { color rgbt <0,1,1,0> }
	no_shadow
}
cylinder {
	<38.635353, 37.604492, 27.344727>,  <37.963387, 37.769905, 27.780766>, 0.130000
	pigment { color rgbt <1,0,0,0> }
	no_shadow
}

// nucleotide -1

// particle -1
sphere {
	<38.635353, 37.604492, 27.344727> 0.250000
	pigment { color rgbt <1,0,0,0> }
	no_shadow
}
cylinder {
	<38.456081, 37.278927, 27.492603>,  <38.348518, 37.083588, 27.581329>, 0.100000
	pigment { color rgbt <1,0,0,0> }
	no_shadow
}
cylinder {
	<38.456081, 37.278927, 27.492603>,  <38.635353, 37.604492, 27.344727>, 0.100000
	pigment { color rgbt <1,0,0,0> }
	no_shadow
}

// particle -1
sphere {
	<38.456081, 37.278927, 27.492603> 0.100000
	pigment { color rgbt <1,0,0,0> }
	no_shadow
}
sphere {
	0, 1
	scale<0.080000,0.200000,0.300000>
	matrix <-0.066147, -0.382227, -0.921698,
		0.891491, -0.437543, 0.117469,
		-0.448183, -0.813916, 0.369694,
		38.321625, 37.034752, 27.603512>
	pigment { color rgbt <0,1,1,0> }
	no_shadow
}
cylinder {
	<39.044876, 37.038864, 27.147789>,  <38.635353, 37.604492, 27.344727>, 0.130000
	pigment { color rgbt <1,0,0,0> }
	no_shadow
}

// nucleotide -1

// particle -1
sphere {
	<39.044876, 37.038864, 27.147789> 0.250000
	pigment { color rgbt <1,0,0,0> }
	no_shadow
}
cylinder {
	<38.677299, 36.898483, 27.219776>,  <38.456753, 36.814255, 27.262968>, 0.100000
	pigment { color rgbt <1,0,0,0> }
	no_shadow
}
cylinder {
	<38.677299, 36.898483, 27.219776>,  <39.044876, 37.038864, 27.147789>, 0.100000
	pigment { color rgbt <1,0,0,0> }
	no_shadow
}

// particle -1
sphere {
	<38.677299, 36.898483, 27.219776> 0.100000
	pigment { color rgbt <1,0,0,0> }
	no_shadow
}
sphere {
	0, 1
	scale<0.080000,0.200000,0.300000>
	matrix <0.006071, -0.468837, -0.883264,
		0.394355, -0.810572, 0.432962,
		-0.918938, -0.350948, 0.179968,
		38.401619, 36.793198, 27.273766>
	pigment { color rgbt <0,1,1,0> }
	no_shadow
}
cylinder {
	<39.158722, 36.342606, 26.863184>,  <39.044876, 37.038864, 27.147789>, 0.130000
	pigment { color rgbt <1,0,0,0> }
	no_shadow
}

// nucleotide -1

// particle -1
sphere {
	<39.158722, 36.342606, 26.863184> 0.250000
	pigment { color rgbt <1,0,0,0> }
	no_shadow
}
cylinder {
	<38.764629, 36.400311, 26.900093>,  <38.528175, 36.434933, 26.922237>, 0.100000
	pigment { color rgbt <1,0,0,0> }
	no_shadow
}
cylinder {
	<38.764629, 36.400311, 26.900093>,  <39.158722, 36.342606, 26.863184>, 0.100000
	pigment { color rgbt <1,0,0,0> }
	no_shadow
}

// particle -1
sphere {
	<38.764629, 36.400311, 26.900093> 0.100000
	pigment { color rgbt <1,0,0,0> }
	no_shadow
}
sphere {
	0, 1
	scale<0.080000,0.200000,0.300000>
	matrix <-0.147933, -0.445560, -0.882945,
		-0.086262, -0.883552, 0.460319,
		-0.985228, 0.144260, 0.092272,
		38.469059, 36.443588, 26.927774>
	pigment { color rgbt <0,1,1,0> }
	no_shadow
}
cylinder {
	<38.782967, 35.678642, 26.636757>,  <39.158722, 36.342606, 26.863184>, 0.130000
	pigment { color rgbt <1,0,0,0> }
	no_shadow
}

// nucleotide -1

// particle -1
sphere {
	<38.782967, 35.678642, 26.636757> 0.250000
	pigment { color rgbt <1,0,0,0> }
	no_shadow
}
cylinder {
	<38.471714, 35.929638, 26.625618>,  <38.284962, 36.080235, 26.618935>, 0.100000
	pigment { color rgbt <1,0,0,0> }
	no_shadow
}
cylinder {
	<38.471714, 35.929638, 26.625618>,  <38.782967, 35.678642, 26.636757>, 0.100000
	pigment { color rgbt <1,0,0,0> }
	no_shadow
}

// particle -1
sphere {
	<38.471714, 35.929638, 26.625618> 0.100000
	pigment { color rgbt <1,0,0,0> }
	no_shadow
}
sphere {
	0, 1
	scale<0.080000,0.200000,0.300000>
	matrix <-0.385310, -0.511882, -0.767797,
