// switches for output
#declare DRAW_BASES = 1; // possible values are 0, 1; only relevant for DNA ribbons
#declare DRAW_BASES_TYPE = 3; // possible values are 1, 2, 3; only relevant for DNA ribbons
#declare DRAW_FOG = 0; // set to 1 to enable fog

#include "colors.inc"

#include "transforms.inc"
background { rgb <1, 1, 1>}

#default {
   normal{
       ripples 0.25
       frequency 0.20
       turbulence 0.2
       lambda 5
   }
	finish {
		phong 0.1
		phong_size 40.
	}
}

// original window dimensions: 1024x640


// camera settings

camera {
	sky <-0, 1, 0>
	up <-0, 1, 0>
	right 1.6 * <0.581683, 0, 0.813415>
	location <-54.4937, 30, 90.4225>
	look_at <30, 30, 30>
	direction <84.4937, 0, -60.4225>
	angle 67.0682
}


# declare cpy_camera_pos = <-54.4937, 30, 90.4225>;
# if (DRAW_FOG = 1)
fog {
	fog_type 2
	up vnormalize(cpy_camera_pos)
	color rgbt<1,1,1,0.3>
	distance 1e-5
	fog_alt 3e-3
	fog_offset 48
}
# end


// LIGHTS

# declare lum = 6;
global_settings {
	ambient_light rgb lum * <0.05, 0.05, 0.05>
	max_trace_level 15
}# declare cpy_direct_light_amount = 0.25;
light_source
{	1000 * <0.231732, -1, 1.3951>,
	rgb lum * cpy_direct_light_amount
	parallel
}

light_source
{	1000 * <-0.231732, 1, -1.3951>,
	rgb lum * cpy_direct_light_amount
	parallel
}

// strand 0

// nucleotide -1

// particle -1
sphere {
	<42.658169, 32.294811, 22.816782> 0.250000
	pigment { color rgbt <1,0,0,0> }
	no_shadow
}
cylinder {
	<42.385025, 32.586437, 22.798164>,  <42.221138, 32.761414, 22.786993>, 0.100000
	pigment { color rgbt <1,0,0,0> }
	no_shadow
}
cylinder {
	<42.385025, 32.586437, 22.798164>,  <42.658169, 32.294811, 22.816782>, 0.100000
	pigment { color rgbt <1,0,0,0> }
	no_shadow
}

// particle -1
sphere {
	<42.385025, 32.586437, 22.798164> 0.100000
	pigment { color rgbt <1,0,0,0> }
	no_shadow
}
sphere {
	0, 1
	scale<0.080000,0.200000,0.300000>
	matrix <-0.730456, -0.682399, 0.027653,
		-0.011600, 0.052881, 0.998533,
		-0.682861, 0.729064, -0.046544,
		42.180168, 32.805157, 22.784201>
	pigment { color rgbt <0,1,1,0> }
	no_shadow
}
cylinder {
	<42.269375, 32.262623, 23.427704>,  <42.658169, 32.294811, 22.816782>, 0.130000
	pigment { color rgbt <1,0,0,0> }
	no_shadow
}

// nucleotide -1

// particle -1
sphere {
	<42.269375, 32.262623, 23.427704> 0.250000
	pigment { color rgbt <1,0,0,0> }
	no_shadow
}
cylinder {
	<42.034546, 32.422009, 23.145832>,  <41.893650, 32.517639, 22.976709>, 0.100000
	pigment { color rgbt <1,0,0,0> }
	no_shadow
}
cylinder {
	<42.034546, 32.422009, 23.145832>,  <42.269375, 32.262623, 23.427704>, 0.100000
	pigment { color rgbt <1,0,0,0> }
	no_shadow
}

// particle -1
sphere {
	<42.034546, 32.422009, 23.145832> 0.100000
	pigment { color rgbt <1,0,0,0> }
	no_shadow
}
sphere {
	0, 1
	scale<0.080000,0.200000,0.300000>
	matrix <-0.694031, -0.695842, 0.184730,
		-0.416738, 0.597519, 0.685055,
		-0.587070, 0.398466, -0.704680,
		41.858425, 32.541550, 22.934427>
	pigment { color rgbt <0,1,1,0> }
	no_shadow
}
cylinder {
	<41.538677, 32.291981, 23.643997>,  <42.269375, 32.262623, 23.427704>, 0.130000
	pigment { color rgbt <1,0,0,0> }
	no_shadow
}

// nucleotide -1

// particle -1
sphere {
	<41.538677, 32.291981, 23.643997> 0.250000
	pigment { color rgbt <1,0,0,0> }
	no_shadow
}
cylinder {
	<41.531677, 32.254784, 23.245792>,  <41.527477, 32.232468, 23.006868>, 0.100000
	pigment { color rgbt <1,0,0,0> }
	no_shadow
}
cylinder {
	<41.531677, 32.254784, 23.245792>,  <41.538677, 32.291981, 23.643997>, 0.100000
	pigment { color rgbt <1,0,0,0> }
	no_shadow
}

// particle -1
sphere {
	<41.531677, 32.254784, 23.245792> 0.100000
	pigment { color rgbt <1,0,0,0> }
	no_shadow
}
sphere {
	0, 1
	scale<0.080000,0.200000,0.300000>
	matrix <-0.633733, -0.769088, 0.082982,
		-0.773354, 0.632342, -0.045471,
		-0.017502, -0.092991, -0.995513,
		41.526428, 32.226887, 22.947138>
	pigment { color rgbt <0,1,1,0> }
	no_shadow
}
cylinder {
	<40.831627, 32.249557, 23.382263>,  <41.538677, 32.291981, 23.643997>, 0.130000
	pigment { color rgbt <1,0,0,0> }
	no_shadow
}

// nucleotide -1

// particle -1
sphere {
	<40.831627, 32.249557, 23.382263> 0.250000
	pigment { color rgbt <1,0,0,0> }
	no_shadow
}
cylinder {
	<41.081097, 32.059059, 23.134319>,  <41.230778, 31.944759, 22.985554>, 0.100000
	pigment { color rgbt <1,0,0,0> }
	no_shadow
}
cylinder {
	<41.081097, 32.059059, 23.134319>,  <40.831627, 32.249557, 23.382263>, 0.100000
	pigment { color rgbt <1,0,0,0> }
	no_shadow
}

// particle -1
sphere {
	<41.081097, 32.059059, 23.134319> 0.100000
	pigment { color rgbt <1,0,0,0> }
	no_shadow
}
sphere {
	0, 1
	scale<0.080000,0.200000,0.300000>
	matrix <-0.531650, -0.839754, 0.110278,
		-0.573048, 0.260770, -0.776927,
		0.623670, -0.476248, -0.619858,
		41.268196, 31.916185, 22.948362>
	pigment { color rgbt <0,1,1,0> }
	no_shadow
}
cylinder {
	<40.793945, 32.232693, 24.135830>,  <40.831627, 32.249557, 23.382263>, 0.130000
	pigment { color rgbt <1,0,0,0> }
	no_shadow
}

// nucleotide -1

// particle -1
sphere {
	<40.793945, 32.232693, 24.135830> 0.250000
	pigment { color rgbt <1,0,0,0> }
	no_shadow
}
cylinder {
	<40.496395, 32.211384, 23.869354>,  <40.317863, 32.198597, 23.709469>, 0.100000
	pigment { color rgbt <1,0,0,0> }
	no_shadow
}
cylinder {
	<40.496395, 32.211384, 23.869354>,  <40.793945, 32.232693, 24.135830>, 0.100000
	pigment { color rgbt <1,0,0,0> }
	no_shadow
}

// particle -1
sphere {
	<40.496395, 32.211384, 23.869354> 0.100000
	pigment { color rgbt <1,0,0,0> }
	no_shadow
}
sphere {
	0, 1
	scale<0.080000,0.200000,0.300000>
	matrix <-0.436056, 0.794092, 0.423406,
		0.506457, 0.605458, -0.613940,
		-0.743879, -0.053276, -0.666187,
		40.273232, 32.195400, 23.669498>
	pigment { color rgbt <0,1,1,0> }
	no_shadow
}
cylinder {
	<40.667038, 32.995224, 24.026577>,  <40.793945, 32.232693, 24.135830>, 0.130000
	pigment { color rgbt <1,0,0,0> }
	no_shadow
}

// nucleotide -1

// particle -1
sphere {
	<40.667038, 32.995224, 24.026577> 0.250000
	pigment { color rgbt <1,0,0,0> }
	no_shadow
}
cylinder {
	<40.373211, 32.745434, 23.920422>,  <40.196915, 32.595558, 23.856730>, 0.100000
	pigment { color rgbt <1,0,0,0> }
	no_shadow
}
cylinder {
	<40.373211, 32.745434, 23.920422>,  <40.667038, 32.995224, 24.026577>, 0.100000
	pigment { color rgbt <1,0,0,0> }
	no_shadow
}

// particle -1
sphere {
	<40.373211, 32.745434, 23.920422> 0.100000
	pigment { color rgbt <1,0,0,0> }
	no_shadow
}
sphere {
	0, 1
	scale<0.080000,0.200000,0.300000>
	matrix <-0.658882, 0.563035, 0.498865,
		-0.162109, 0.541310, -0.825047,
		-0.734571, -0.624479, -0.265386,
		40.152840, 32.558090, 23.840805>
	pigment { color rgbt <0,1,1,0> }
	no_shadow
}
cylinder {
	<40.141136, 33.431450, 23.856258>,  <40.667038, 32.995224, 24.026577>, 0.130000
	pigment { color rgbt <1,0,0,0> }
	no_shadow
}

// nucleotide -1

// particle -1
sphere {
	<40.141136, 33.431450, 23.856258> 0.250000
	pigment { color rgbt <1,0,0,0> }
	no_shadow
}
cylinder {
	<39.955830, 33.083069, 23.921772>,  <39.844646, 32.874039, 23.961081>, 0.100000
	pigment { color rgbt <1,0,0,0> }
	no_shadow
}
cylinder {
	<39.955830, 33.083069, 23.921772>,  <40.141136, 33.431450, 23.856258>, 0.100000
	pigment { color rgbt <1,0,0,0> }
	no_shadow
}

// particle -1
sphere {
	<39.955830, 33.083069, 23.921772> 0.100000
	pigment { color rgbt <1,0,0,0> }
	no_shadow
}
sphere {
	0, 1
	scale<0.080000,0.200000,0.300000>
	matrix <-0.709536, 0.475245, 0.520289,
		-0.530987, 0.124818, -0.838137,
		-0.463262, -0.870955, 0.163786,
		39.816853, 32.821781, 23.970907>
	pigment { color rgbt <0,1,1,0> }
	no_shadow
}
cylinder {
	<39.458790, 33.486668, 23.702135>,  <40.141136, 33.431450, 23.856258>, 0.130000
	pigment { color rgbt <1,0,0,0> }
	no_shadow
}

// nucleotide -1

// particle -1
sphere {
	<39.458790, 33.486668, 23.702135> 0.250000
	pigment { color rgbt <1,0,0,0> }
	no_shadow
}
cylinder {
	<39.459152, 33.174782, 23.952587>,  <39.459370, 32.987648, 24.102858>, 0.100000
	pigment { color rgbt <1,0,0,0> }
	no_shadow
}
cylinder {
	<39.459152, 33.174782, 23.952587>,  <39.458790, 33.486668, 23.702135>, 0.100000
	pigment { color rgbt <1,0,0,0> }
	no_shadow
}

// particle -1
sphere {
	<39.459152, 33.174782, 23.952587> 0.100000
	pigment { color rgbt <1,0,0,0> }
	no_shadow
}
sphere {
	0, 1
	scale<0.080000,0.200000,0.300000>
	matrix <-0.893380, 0.280689, 0.350836,
		-0.449301, -0.559690, -0.696330,
		0.000908, -0.779718, 0.626130,
		39.459423, 32.940865, 24.140427>
	pigment { color rgbt <0,1,1,0> }
	no_shadow
}
cylinder {
	<38.728828, 33.346657, 23.775734>,  <39.458790, 33.486668, 23.702135>, 0.130000
	pigment { color rgbt <1,0,0,0> }
	no_shadow
}

// nucleotide -1

// particle -1
sphere {
	<38.728828, 33.346657, 23.775734> 0.250000
	pigment { color rgbt <1,0,0,0> }
	no_shadow
}
cylinder {
	<38.913933, 33.168022, 24.082043>,  <39.024998, 33.060841, 24.265827>, 0.100000
	pigment { color rgbt <1,0,0,0> }
	no_shadow
}
cylinder {
	<38.913933, 33.168022, 24.082043>,  <38.728828, 33.346657, 23.775734>, 0.100000
	pigment { color rgbt <1,0,0,0> }
	no_shadow
}

// particle -1
sphere {
	<38.913933, 33.168022, 24.082043> 0.100000
	pigment { color rgbt <1,0,0,0> }
	no_shadow
}
sphere {
	0, 1
	scale<0.080000,0.200000,0.300000>
	matrix <-0.735036, 0.289588, 0.613074,
		-0.495552, -0.846579, -0.194249,
		0.462763, -0.446591, 0.765772,
		39.052761, 33.034046, 24.311775>
	pigment { color rgbt <0,1,1,0> }
	no_shadow
}
cylinder {
	<38.143620, 33.264660, 24.234722>,  <38.728828, 33.346657, 23.775734>, 0.130000
	pigment { color rgbt <1,0,0,0> }
	no_shadow
}

// nucleotide -1

// particle -1
sphere {
	<38.143620, 33.264660, 24.234722> 0.250000
	pigment { color rgbt <1,0,0,0> }
	no_shadow
}
cylinder {
	<38.457218, 33.234890, 24.481236>,  <38.645378, 33.217030, 24.629145>, 0.100000
	pigment { color rgbt <1,0,0,0> }
	no_shadow
}
cylinder {
	<38.457218, 33.234890, 24.481236>,  <38.143620, 33.264660, 24.234722>, 0.100000
	pigment { color rgbt <1,0,0,0> }
	no_shadow
}

// particle -1
sphere {
	<38.457218, 33.234890, 24.481236> 0.100000
	pigment { color rgbt <1,0,0,0> }
	no_shadow
}
sphere {
	0, 1
	scale<0.080000,0.200000,0.300000>
	matrix <-0.582048, 0.256985, 0.771478,
		-0.215789, -0.963546, 0.158160,
		0.783999, -0.074420, 0.616285,
		38.692417, 33.212563, 24.666121>
	pigment { color rgbt <0,1,1,0> }
	no_shadow
}
cylinder {
	<37.940784, 33.003494, 24.890928>,  <38.143620, 33.264660, 24.234722>, 0.130000
	pigment { color rgbt <1,0,0,0> }
	no_shadow
}

// nucleotide -1

// particle -1
sphere {
	<37.940784, 33.003494, 24.890928> 0.250000
	pigment { color rgbt <1,0,0,0> }
	no_shadow
}
cylinder {
	<38.279354, 33.181202, 25.008358>,  <38.482498, 33.287827, 25.078815>, 0.100000
	pigment { color rgbt <1,0,0,0> }
	no_shadow
}
cylinder {
	<38.279354, 33.181202, 25.008358>,  <37.940784, 33.003494, 24.890928>, 0.100000
	pigment { color rgbt <1,0,0,0> }
	no_shadow
}

// particle -1
sphere {
	<38.279354, 33.181202, 25.008358> 0.100000
	pigment { color rgbt <1,0,0,0> }
	no_shadow
}
sphere {
	0, 1
	scale<0.080000,0.200000,0.300000>
	matrix <-0.471057, 0.367598, 0.801858,
		0.248321, -0.817006, 0.520421,
		0.846429, 0.444266, 0.293574,
		38.533283, 33.314484, 25.096430>
	pigment { color rgbt <0,1,1,0> }
	no_shadow
}
cylinder {
	<38.194546, 32.664009, 25.594725>,  <37.940784, 33.003494, 24.890928>, 0.130000
	pigment { color rgbt <1,0,0,0> }
	no_shadow
}

// nucleotide -1

// particle -1
sphere {
	<38.194546, 32.664009, 25.594725> 0.250000
	pigment { color rgbt <1,0,0,0> }
	no_shadow
}
cylinder {
	<38.347290, 33.029507, 25.539219>,  <38.438934, 33.248806, 25.505915>, 0.100000
	pigment { color rgbt <1,0,0,0> }
	no_shadow
}
cylinder {
	<38.347290, 33.029507, 25.539219>,  <38.194546, 32.664009, 25.594725>, 0.100000
	pigment { color rgbt <1,0,0,0> }
	no_shadow
}

// particle -1
sphere {
	<38.347290, 33.029507, 25.539219> 0.100000
	pigment { color rgbt <1,0,0,0> }
	no_shadow
}
sphere {
	0, 1
	scale<0.080000,0.200000,0.300000>
	matrix <-0.163461, 0.214547, 0.962938,
		0.909651, -0.345024, 0.231288,
		0.381859, 0.913744, -0.138765,
		38.461849, 33.303631, 25.497589>
	pigment { color rgbt <0,1,1,0> }
	no_shadow
}
cylinder {
	<38.487583, 32.872150, 26.254719>,  <38.194546, 32.664009, 25.594725>, 0.130000
	pigment { color rgbt <1,0,0,0> }
	no_shadow
}

// nucleotide -1

// particle -1
sphere {
	<38.487583, 32.872150, 26.254719> 0.250000
	pigment { color rgbt <1,0,0,0> }
	no_shadow
}
cylinder {
	<38.465557, 33.226986, 26.071400>,  <38.452339, 33.439888, 25.961409>, 0.100000
	pigment { color rgbt <1,0,0,0> }
	no_shadow
}
cylinder {
	<38.465557, 33.226986, 26.071400>,  <38.487583, 32.872150, 26.254719>, 0.100000
	pigment { color rgbt <1,0,0,0> }
	no_shadow
}

// particle -1
sphere {
	<38.465557, 33.226986, 26.071400> 0.100000
	pigment { color rgbt <1,0,0,0> }
	no_shadow
}
sphere {
	0, 1
	scale<0.080000,0.200000,0.300000>
	matrix <-0.412660, 0.397742, 0.819459,
		0.909219, 0.234248, 0.344164,
		-0.055068, 0.887091, -0.458299,
		38.449036, 33.493114, 25.933910>
	pigment { color rgbt <0,1,1,0> }
	no_shadow
}
cylinder {
	<38.839710, 33.312134, 26.644754>,  <38.487583, 32.872150, 26.254719>, 0.130000
	pigment { color rgbt <1,0,0,0> }
	no_shadow
}

// nucleotide -1

// particle -1
sphere {
	<38.839710, 33.312134, 26.644754> 0.250000
	pigment { color rgbt <1,0,0,0> }
	no_shadow
}
cylinder {
	<38.578892, 33.539780, 26.444374>,  <38.422401, 33.676369, 26.324146>, 0.100000
	pigment { color rgbt <1,0,0,0> }
	no_shadow
}
cylinder {
	<38.578892, 33.539780, 26.444374>,  <38.839710, 33.312134, 26.644754>, 0.100000
	pigment { color rgbt <1,0,0,0> }
	no_shadow
}

// particle -1
sphere {
	<38.578892, 33.539780, 26.444374> 0.100000
	pigment { color rgbt <1,0,0,0> }
	no_shadow
}
sphere {
	0, 1
	scale<0.080000,0.200000,0.300000>
	matrix <-0.370328, 0.337482, 0.865426,
		0.661587, 0.749810, -0.009294,
		-0.652042, 0.569113, -0.500950,
		38.383278, 33.710514, 26.294088>
	pigment { color rgbt <0,1,1,0> }
	no_shadow
}
cylinder {
	<39.029022, 34.021320, 26.654186>,  <38.839710, 33.312134, 26.644754>, 0.130000
	pigment { color rgbt <1,0,0,0> }
	no_shadow
}

// nucleotide -1

// particle -1
sphere {
	<39.029022, 34.021320, 26.654186> 0.250000
	pigment { color rgbt <1,0,0,0> }
	no_shadow
}
cylinder {
	<38.634403, 33.983566, 26.600803>,  <38.397633, 33.960915, 26.568773>, 0.100000
	pigment { color rgbt <1,0,0,0> }
	no_shadow
}
cylinder {
	<38.634403, 33.983566, 26.600803>,  <39.029022, 34.021320, 26.654186>, 0.100000
	pigment { color rgbt <1,0,0,0> }
	no_shadow
}

// particle -1
sphere {
	<38.634403, 33.983566, 26.600803> 0.100000
	pigment { color rgbt <1,0,0,0> }
	no_shadow
}
sphere {
	0, 1
	scale<0.080000,0.200000,0.300000>
	matrix <-0.159122, 0.367677, 0.916239,
		-0.037411, 0.925151, -0.377751,
		-0.986550, -0.094386, -0.133456,
		38.338440, 33.955250, 26.560766>
	pigment { color rgbt <0,1,1,0> }
	no_shadow
}
cylinder {
	<38.761600, 34.505787, 27.164658>,  <39.029022, 34.021320, 26.654186>, 0.130000
	pigment { color rgbt <1,0,0,0> }
	no_shadow
}

// nucleotide -1

// particle -1
sphere {
	<38.761600, 34.505787, 27.164658> 0.250000
	pigment { color rgbt <1,0,0,0> }
	no_shadow
}
cylinder {
	<38.441174, 34.307865, 27.029926>,  <38.248917, 34.189110, 26.949087>, 0.100000
	pigment { color rgbt <1,0,0,0> }
	no_shadow
}
cylinder {
	<38.441174, 34.307865, 27.029926>,  <38.761600, 34.505787, 27.164658>, 0.100000
	pigment { color rgbt <1,0,0,0> }
	no_shadow
}

// particle -1
sphere {
	<38.441174, 34.307865, 27.029926> 0.100000
	pigment { color rgbt <1,0,0,0> }
	no_shadow
}
sphere {
	0, 1
	scale<0.080000,0.200000,0.300000>
	matrix <-0.480063, 0.194986, 0.855289,
		-0.357526, 0.846846, -0.393736,
		-0.801071, -0.494806, -0.336827,
		38.200851, 34.159424, 26.928879>
	pigment { color rgbt <0,1,1,0> }
	no_shadow
}
cylinder {
	<38.199047, 34.802364, 27.479261>,  <38.761600, 34.505787, 27.164658>, 0.130000
	pigment { color rgbt <1,0,0,0> }
	no_shadow
}

// nucleotide -1

// particle -1
sphere {
	<38.199047, 34.802364, 27.479261> 0.250000
	pigment { color rgbt <1,0,0,0> }
	no_shadow
}
cylinder {
	<38.058323, 34.446648, 27.362370>,  <37.973888, 34.233219, 27.292234>, 0.100000
	pigment { color rgbt <1,0,0,0> }
	no_shadow
}
cylinder {
	<38.058323, 34.446648, 27.362370>,  <38.199047, 34.802364, 27.479261>, 0.100000
	pigment { color rgbt <1,0,0,0> }
	no_shadow
}

// particle -1
sphere {
	<38.058323, 34.446648, 27.362370> 0.100000
	pigment { color rgbt <1,0,0,0> }
	no_shadow
}
sphere {
	0, 1
	scale<0.080000,0.200000,0.300000>
	matrix <-0.467370, -0.103617, 0.877968,
		-0.811046, 0.445457, -0.379173,
		-0.351809, -0.889287, -0.292231,
		37.952782, 34.179863, 27.274700>
	pigment { color rgbt <0,1,1,0> }
	no_shadow
}
cylinder {
	<37.615498, 34.796936, 27.802647>,  <38.199047, 34.802364, 27.479261>, 0.130000
	pigment { color rgbt <1,0,0,0> }
	no_shadow
}

// nucleotide -1

// particle -1
sphere {
	<37.615498, 34.796936, 27.802647> 0.250000
	pigment { color rgbt <1,0,0,0> }
	no_shadow
}
cylinder {
	<37.665627, 34.408825, 27.719845>,  <37.695702, 34.175957, 27.670164>, 0.100000
	pigment { color rgbt <1,0,0,0> }
	no_shadow
}
cylinder {
	<37.665627, 34.408825, 27.719845>,  <37.615498, 34.796936, 27.802647>, 0.100000
	pigment { color rgbt <1,0,0,0> }
	no_shadow
}

// particle -1
sphere {
	<37.665627, 34.408825, 27.719845> 0.100000
	pigment { color rgbt <1,0,0,0> }
	no_shadow
}
sphere {
	0, 1
	scale<0.080000,0.200000,0.300000>
	matrix <-0.342111, -0.238113, 0.908990,
		-0.931265, -0.043097, -0.361784,
		0.125321, -0.970281, -0.207002,
		37.703224, 34.117741, 27.657743>
	pigment { color rgbt <0,1,1,0> }
	no_shadow
}
cylinder {
	<37.051655, 34.459541, 28.142834>,  <37.615498, 34.796936, 27.802647>, 0.130000
	pigment { color rgbt <1,0,0,0> }
	no_shadow
}

// nucleotide -1

// particle -1
sphere {
	<37.051655, 34.459541, 28.142834> 0.250000
	pigment { color rgbt <1,0,0,0> }
	no_shadow
}
cylinder {
	<37.313431, 34.171383, 28.050976>,  <37.470497, 33.998489, 27.995861>, 0.100000
	pigment { color rgbt <1,0,0,0> }
	no_shadow
}
cylinder {
	<37.313431, 34.171383, 28.050976>,  <37.051655, 34.459541, 28.142834>, 0.100000
	pigment { color rgbt <1,0,0,0> }
	no_shadow
}

// particle -1
sphere {
	<37.313431, 34.171383, 28.050976> 0.100000
	pigment { color rgbt <1,0,0,0> }
	no_shadow
}
sphere {
	0, 1
	scale<0.080000,0.200000,0.300000>
	matrix <-0.274195, -0.509158, 0.815828,
		-0.704643, -0.470946, -0.530744,
		0.654443, -0.720394, -0.229644,
		37.509766, 33.955265, 27.982082>
	pigment { color rgbt <0,1,1,0> }
	no_shadow
}
cylinder {
	<36.639107, 33.772045, 28.012190>,  <37.051655, 34.459541, 28.142834>, 0.130000
	pigment { color rgbt <1,0,0,0> }
	no_shadow
}

// nucleotide -1

// particle -1
sphere {
	<36.639107, 33.772045, 28.012190> 0.250000
	pigment { color rgbt <1,0,0,0> }
	no_shadow
}
cylinder {
	<37.005638, 33.684483, 28.146313>,  <37.225555, 33.631947, 28.226786>, 0.100000
	pigment { color rgbt <1,0,0,0> }
	no_shadow
}
cylinder {
	<37.005638, 33.684483, 28.146313>,  <36.639107, 33.772045, 28.012190>, 0.100000
	pigment { color rgbt <1,0,0,0> }
	no_shadow
}

// particle -1
sphere {
	<37.005638, 33.684483, 28.146313> 0.100000
	pigment { color rgbt <1,0,0,0> }
	no_shadow
}
sphere {
	0, 1
	scale<0.080000,0.200000,0.300000>
	matrix <-0.400277, -0.524402, 0.751519,
		0.011327, -0.822851, -0.568144,
		0.916324, -0.218903, 0.335308,
		37.280537, 33.618813, 28.246904>
	pigment { color rgbt <0,1,1,0> }
	no_shadow
}
cylinder {
	<36.516006, 33.142746, 28.358751>,  <36.639107, 33.772045, 28.012190>, 0.130000
	pigment { color rgbt <1,0,0,0> }
	no_shadow
}

// nucleotide -1

// particle -1
sphere {
	<36.516006, 33.142746, 28.358751> 0.250000
	pigment { color rgbt <1,0,0,0> }
	no_shadow
}
cylinder {
	<36.877369, 33.241821, 28.498760>,  <37.094185, 33.301266, 28.582766>, 0.100000
	pigment { color rgbt <1,0,0,0> }
	no_shadow
}
cylinder {
	<36.877369, 33.241821, 28.498760>,  <36.516006, 33.142746, 28.358751>, 0.100000
	pigment { color rgbt <1,0,0,0> }
	no_shadow
}

// particle -1
sphere {
	<36.877369, 33.241821, 28.498760> 0.100000
	pigment { color rgbt <1,0,0,0> }
	no_shadow
}
sphere {
	0, 1
	scale<0.080000,0.200000,0.300000>
	matrix <-0.183336, -0.514797, 0.837480,
		0.387623, -0.820753, -0.419658,
		0.903403, 0.247688, 0.350021,
		37.148388, 33.316128, 28.603767>
	pigment { color rgbt <0,1,1,0> }
	no_shadow
}
cylinder {
	<36.769829, 32.586796, 28.707022>,  <36.516006, 33.142746, 28.358751>, 0.130000
	pigment { color rgbt <1,0,0,0> }
	no_shadow
}

// nucleotide -1

// particle -1
sphere {
	<36.769829, 32.586796, 28.707022> 0.250000
	pigment { color rgbt <1,0,0,0> }
	no_shadow
}
cylinder {
	<37.012615, 32.864178, 28.862312>,  <37.158287, 33.030605, 28.955486>, 0.100000
	pigment { color rgbt <1,0,0,0> }
	no_shadow
}
cylinder {
	<37.012615, 32.864178, 28.862312>,  <36.769829, 32.586796, 28.707022>, 0.100000
	pigment { color rgbt <1,0,0,0> }
	no_shadow
}

// particle -1
sphere {
	<37.012615, 32.864178, 28.862312> 0.100000
	pigment { color rgbt <1,0,0,0> }
	no_shadow
}
sphere {
	0, 1
	scale<0.080000,0.200000,0.300000>
	matrix <0.021587, -0.502703, 0.864189,
		0.794437, -0.516150, -0.320092,
		0.606963, 0.693454, 0.388224,
		37.194702, 33.072212, 28.978779>
	pigment { color rgbt <0,1,1,0> }
	no_shadow
}
cylinder {
	<37.411369, 32.203423, 28.871874>,  <36.769829, 32.586796, 28.707022>, 0.130000
	pigment { color rgbt <1,0,0,0> }
	no_shadow
}

// nucleotide -1

// particle -1
sphere {
	<37.411369, 32.203423, 28.871874> 0.250000
	pigment { color rgbt <1,0,0,0> }
	no_shadow
}
cylinder {
	<37.391056, 32.549435, 29.071533>,  <37.378868, 32.757042, 29.191328>, 0.100000
	pigment { color rgbt <1,0,0,0> }
	no_shadow
}
cylinder {
	<37.391056, 32.549435, 29.071533>,  <37.411369, 32.203423, 28.871874>, 0.100000
	pigment { color rgbt <1,0,0,0> }
	no_shadow
}

// particle -1
sphere {
	<37.391056, 32.549435, 29.071533> 0.100000
	pigment { color rgbt <1,0,0,0> }
	no_shadow
}
sphere {
	0, 1
	scale<0.080000,0.200000,0.300000>
	matrix <0.173677, -0.484529, 0.857361,
		0.983493, 0.130227, -0.125631,
		-0.050780, 0.865027, 0.499148,
		37.375824, 32.808945, 29.221277>
	pigment { color rgbt <0,1,1,0> }
	no_shadow
}
cylinder {
	<37.952168, 32.184643, 29.301559>,  <37.411369, 32.203423, 28.871874>, 0.130000
	pigment { color rgbt <1,0,0,0> }
	no_shadow
}

// nucleotide -1

// particle -1
sphere {
	<37.952168, 32.184643, 29.301559> 0.250000
	pigment { color rgbt <1,0,0,0> }
	no_shadow
}
cylinder {
	<37.690601, 32.420147, 29.491615>,  <37.533661, 32.561447, 29.605650>, 0.100000
	pigment { color rgbt <1,0,0,0> }
	no_shadow
}
cylinder {
	<37.690601, 32.420147, 29.491615>,  <37.952168, 32.184643, 29.301559>, 0.100000
	pigment { color rgbt <1,0,0,0> }
	no_shadow
}

// particle -1
sphere {
	<37.690601, 32.420147, 29.491615> 0.100000
	pigment { color rgbt <1,0,0,0> }
	no_shadow
}
sphere {
	0, 1
	scale<0.080000,0.200000,0.300000>
	matrix <0.014859, -0.617907, 0.786111,
		0.756421, 0.521111, 0.395311,
		-0.653916, 0.588757, 0.475140,
		37.494427, 32.596775, 29.634157>
	pigment { color rgbt <0,1,1,0> }
	no_shadow
}
cylinder {
	<38.281685, 32.354828, 30.009369>,  <37.952168, 32.184643, 29.301559>, 0.130000
	pigment { color rgbt <1,0,0,0> }
	no_shadow
}

// nucleotide -1

// particle -1
sphere {
	<38.281685, 32.354828, 30.009369> 0.250000
	pigment { color rgbt <1,0,0,0> }
	no_shadow
}
cylinder {
	<37.892319, 32.438507, 30.046696>,  <37.658699, 32.488712, 30.069092>, 0.100000
	pigment { color rgbt <1,0,0,0> }
	no_shadow
}
cylinder {
	<37.892319, 32.438507, 30.046696>,  <38.281685, 32.354828, 30.009369>, 0.100000
	pigment { color rgbt <1,0,0,0> }
	no_shadow
}

// particle -1
sphere {
	<37.892319, 32.438507, 30.046696> 0.100000
	pigment { color rgbt <1,0,0,0> }
	no_shadow
}
sphere {
	0, 1
	scale<0.080000,0.200000,0.300000>
	matrix <-0.036469, -0.543718, 0.838475,
		0.226144, 0.812778, 0.536890,
		-0.973411, 0.209196, 0.093317,
		37.600296, 32.501266, 30.074690>
	pigment { color rgbt <0,1,1,0> }
	no_shadow
}
cylinder {
	<38.146667, 32.683933, 30.625193>,  <38.281685, 32.354828, 30.009369>, 0.130000
	pigment { color rgbt <1,0,0,0> }
	no_shadow
}

// nucleotide -1

// particle -1
sphere {
	<38.146667, 32.683933, 30.625193> 0.250000
	pigment { color rgbt <1,0,0,0> }
	no_shadow
}
cylinder {
	<37.780815, 32.543964, 30.544186>,  <37.561306, 32.459984, 30.495581>, 0.100000
	pigment { color rgbt <1,0,0,0> }
	no_shadow
}
cylinder {
	<37.780815, 32.543964, 30.544186>,  <38.146667, 32.683933, 30.625193>, 0.100000
	pigment { color rgbt <1,0,0,0> }
	no_shadow
}

// particle -1
sphere {
	<37.780815, 32.543964, 30.544186> 0.100000
	pigment { color rgbt <1,0,0,0> }
	no_shadow
}
sphere {
	0, 1
	scale<0.080000,0.200000,0.300000>
	matrix <-0.111441, -0.263310, 0.958253,
		-0.388638, 0.899012, 0.201835,
		-0.914627, -0.349921, -0.202519,
		37.506428, 32.438988, 30.483431>
	pigment { color rgbt <0,1,1,0> }
	no_shadow
}
cylinder {
	<37.753658, 32.762913, 31.190800>,  <38.146667, 32.683933, 30.625193>, 0.130000
	pigment { color rgbt <1,0,0,0> }
	no_shadow
}

// nucleotide -1

// particle -1
sphere {
	<37.753658, 32.762913, 31.190800> 0.250000
	pigment { color rgbt <1,0,0,0> }
	no_shadow
}
cylinder {
	<37.549541, 32.451080, 31.045547>,  <37.427071, 32.263981, 30.958397>, 0.100000
	pigment { color rgbt <1,0,0,0> }
	no_shadow
}
cylinder {
	<37.549541, 32.451080, 31.045547>,  <37.753658, 32.762913, 31.190800>, 0.100000
	pigment { color rgbt <1,0,0,0> }
	no_shadow
}

// particle -1
sphere {
	<37.549541, 32.451080, 31.045547> 0.100000
	pigment { color rgbt <1,0,0,0> }
	no_shadow
}
sphere {
	0, 1
	scale<0.080000,0.200000,0.300000>
	matrix <-0.157760, -0.330224, 0.930625,
		-0.845410, 0.532175, 0.045523,
		-0.510288, -0.779578, -0.363131,
		37.396454, 32.217205, 30.936607>
	pigment { color rgbt <0,1,1,0> }
	no_shadow
}
cylinder {
	<37.213787, 32.698574, 31.557867>,  <37.753658, 32.762913, 31.190800>, 0.130000
	pigment { color rgbt <1,0,0,0> }
	no_shadow
}

// nucleotide -1

// particle -1
sphere {
	<37.213787, 32.698574, 31.557867> 0.250000
	pigment { color rgbt <1,0,0,0> }
	no_shadow
}
cylinder {
	<37.307293, 32.343128, 31.400021>,  <37.363396, 32.129860, 31.305313>, 0.100000
	pigment { color rgbt <1,0,0,0> }
	no_shadow
}
cylinder {
	<37.307293, 32.343128, 31.400021>,  <37.213787, 32.698574, 31.557867>, 0.100000
	pigment { color rgbt <1,0,0,0> }
	no_shadow
}

// particle -1
sphere {
	<37.307293, 32.343128, 31.400021> 0.100000
	pigment { color rgbt <1,0,0,0> }
	no_shadow
}
sphere {
	0, 1
	scale<0.080000,0.200000,0.300000>
	matrix <0.093164, -0.383523, 0.918820,
		-0.967820, -0.251552, -0.006867,
		0.233765, -0.888612, -0.394617,
		37.377422, 32.076546, 31.281635>
	pigment { color rgbt <0,1,1,0> }
	no_shadow
}
cylinder {
	<36.969063, 32.132339, 32.042583>,  <37.213787, 32.698574, 31.557867>, 0.130000
	pigment { color rgbt <1,0,0,0> }
	no_shadow
}

// nucleotide -1

// particle -1
sphere {
	<36.969063, 32.132339, 32.042583> 0.250000
	pigment { color rgbt <1,0,0,0> }
	no_shadow
}
cylinder {
	<37.206615, 31.918186, 31.802357>,  <37.349148, 31.789696, 31.658222>, 0.100000
	pigment { color rgbt <1,0,0,0> }
	no_shadow
}
cylinder {
	<37.206615, 31.918186, 31.802357>,  <36.969063, 32.132339, 32.042583>, 0.100000
	pigment { color rgbt <1,0,0,0> }
	no_shadow
}

// particle -1
sphere {
	<37.206615, 31.918186, 31.802357> 0.100000
	pigment { color rgbt <1,0,0,0> }
	no_shadow
}
sphere {
	0, 1
	scale<0.080000,0.200000,0.300000>
	matrix <0.292930, -0.551336, 0.781166,
		-0.749332, -0.639842, -0.170599,
		0.593880, -0.535380, -0.600563,
		37.384781, 31.757572, 31.622189>
	pigment { color rgbt <0,1,1,0> }
	no_shadow
}
cylinder {
	<36.794983, 31.290771, 32.044788>,  <36.969063, 32.132339, 32.042583>, 0.130000
	pigment { color rgbt <1,0,0,0> }
	no_shadow
}

// nucleotide -1

// particle -1
sphere {
	<36.794983, 31.290771, 32.044788> 0.250000
	pigment { color rgbt <1,0,0,0> }
	no_shadow
}
cylinder {
	<37.168930, 31.385487, 31.938999>,  <37.393299, 31.442316, 31.875525>, 0.100000
	pigment { color rgbt <1,0,0,0> }
	no_shadow
}
cylinder {
	<37.168930, 31.385487, 31.938999>,  <36.794983, 31.290771, 32.044788>, 0.100000
	pigment { color rgbt <1,0,0,0> }
	no_shadow
}

// particle -1
sphere {
	<37.168930, 31.385487, 31.938999> 0.100000
	pigment { color rgbt <1,0,0,0> }
	no_shadow
}
sphere {
	0, 1
	scale<0.080000,0.200000,0.300000>
	matrix <0.354720, -0.652030, 0.670098,
		-0.013776, -0.720270, -0.693557,
		0.934871, 0.236787, -0.264477,
		37.449390, 31.456522, 31.859655>
	pigment { color rgbt <0,1,1,0> }
	no_shadow
}
cylinder {
	<37.473415, 31.002028, 32.026733>,  <36.794983, 31.290771, 32.044788>, 0.130000
	pigment { color rgbt <1,0,0,0> }
	no_shadow
}

// nucleotide -1

// particle -1
sphere {
	<37.473415, 31.002028, 32.026733> 0.250000
	pigment { color rgbt <1,0,0,0> }
	no_shadow
}
cylinder {
	<37.809910, 30.941692, 32.234417>,  <38.011806, 30.905491, 32.359028>, 0.100000
	pigment { color rgbt <1,0,0,0> }
	no_shadow
}
cylinder {
	<37.809910, 30.941692, 32.234417>,  <37.473415, 31.002028, 32.026733>, 0.100000
	pigment { color rgbt <1,0,0,0> }
	no_shadow
}

// particle -1
sphere {
	<37.809910, 30.941692, 32.234417> 0.100000
	pigment { color rgbt <1,0,0,0> }
	no_shadow
}
sphere {
	0, 1
	scale<0.080000,0.200000,0.300000>
	matrix <-0.479004, -0.653305, 0.586300,
		0.250762, -0.741916, -0.621835,
		0.841233, -0.150840, 0.519205,
		38.062279, 30.896441, 32.390179>
	pigment { color rgbt <0,1,1,0> }
	no_shadow
}
cylinder {
	<37.615700, 30.367899, 31.999395>,  <37.473415, 31.002028, 32.026733>, 0.130000
	pigment { color rgbt <1,0,0,0> }
	no_shadow
}

// nucleotide -1

// particle -1
sphere {
	<37.615700, 30.367899, 31.999395> 0.250000
	pigment { color rgbt <1,0,0,0> }
	no_shadow
}
cylinder {
	<37.816921, 30.481461, 32.325912>,  <37.937653, 30.549597, 32.521824>, 0.100000
	pigment { color rgbt <1,0,0,0> }
	no_shadow
}
cylinder {
	<37.816921, 30.481461, 32.325912>,  <37.615700, 30.367899, 31.999395>, 0.100000
	pigment { color rgbt <1,0,0,0> }
	no_shadow
}

// particle -1
sphere {
	<37.816921, 30.481461, 32.325912> 0.100000
	pigment { color rgbt <1,0,0,0> }
	no_shadow
}
sphere {
	0, 1
	scale<0.080000,0.200000,0.300000>
	matrix <-0.386776, -0.770692, 0.506398,
		0.772879, -0.570468, -0.277892,
		0.503053, 0.283902, 0.816295,
		37.967838, 30.566631, 32.570801>
	pigment { color rgbt <0,1,1,0> }
	no_shadow
}
cylinder {
	<38.043579, 29.723354, 32.284561>,  <37.615700, 30.367899, 31.999395>, 0.130000
	pigment { color rgbt <1,0,0,0> }
	no_shadow
}

// nucleotide -1

// particle -1
sphere {
	<38.043579, 29.723354, 32.284561> 0.250000
	pigment { color rgbt <1,0,0,0> }
	no_shadow
}
cylinder {
	<37.915890, 29.990990, 32.553013>,  <37.839275, 30.151571, 32.714085>, 0.100000
	pigment { color rgbt <1,0,0,0> }
	no_shadow
}
cylinder {
	<37.915890, 29.990990, 32.553013>,  <38.043579, 29.723354, 32.284561>, 0.100000
	pigment { color rgbt <1,0,0,0> }
	no_shadow
}

// particle -1
sphere {
	<37.915890, 29.990990, 32.553013> 0.100000
	pigment { color rgbt <1,0,0,0> }
	no_shadow
}
sphere {
	0, 1
	scale<0.080000,0.200000,0.300000>
	matrix <-0.293460, -0.743164, 0.601322,
		0.901097, -0.004992, 0.433588,
		-0.319225, 0.669091, 0.671128,
		37.820122, 30.191717, 32.754353>
	pigment { color rgbt <0,1,1,0> }
	no_shadow
}
cylinder {
	<37.756855, 29.060469, 32.105068>,  <38.043579, 29.723354, 32.284561>, 0.130000
	pigment { color rgbt <1,0,0,0> }
	no_shadow
}

// nucleotide -1

// particle -1
sphere {
	<37.756855, 29.060469, 32.105068> 0.250000
	pigment { color rgbt <1,0,0,0> }
	no_shadow
}
cylinder {
	<37.361561, 29.107155, 32.144588>,  <37.124382, 29.135166, 32.168301>, 0.100000
	pigment { color rgbt <1,0,0,0> }
	no_shadow
}
cylinder {
	<37.361561, 29.107155, 32.144588>,  <37.756855, 29.060469, 32.105068>, 0.100000
	pigment { color rgbt <1,0,0,0> }
	no_shadow
}

// particle -1
sphere {
	<37.361561, 29.107155, 32.144588> 0.100000
	pigment { color rgbt <1,0,0,0> }
	no_shadow
}
sphere {
	0, 1
	scale<0.080000,0.200000,0.300000>
	matrix <-0.059677, 0.300533, -0.951903,
		-0.140795, -0.946603, -0.290033,
		-0.988239, 0.116715, 0.098804,
		37.065090, 29.142168, 32.174229>
	pigment { color rgbt <0,1,1,0> }
	no_shadow
}
cylinder {
	<37.322678, 28.713480, 31.624331>,  <37.756855, 29.060469, 32.105068>, 0.130000
	pigment { color rgbt <1,0,0,0> }
	no_shadow
}

// nucleotide -1

// particle -1
sphere {
	<37.322678, 28.713480, 31.624331> 0.250000
	pigment { color rgbt <1,0,0,0> }
	no_shadow
}
cylinder {
	<37.118347, 29.041378, 31.727928>,  <36.995750, 29.238117, 31.790087>, 0.100000
	pigment { color rgbt <1,0,0,0> }
	no_shadow
}
cylinder {
	<37.118347, 29.041378, 31.727928>,  <37.322678, 28.713480, 31.624331>, 0.100000
	pigment { color rgbt <1,0,0,0> }
	no_shadow
}

// particle -1
sphere {
	<37.118347, 29.041378, 31.727928> 0.100000
	pigment { color rgbt <1,0,0,0> }
	no_shadow
}
sphere {
	0, 1
	scale<0.080000,0.200000,0.300000>
	matrix <-0.117946, 0.231588, -0.965638,
		-0.851557, -0.523817, -0.021614,
		-0.510823, 0.819746, 0.258992,
		36.965099, 29.287302, 31.805626>
	pigment { color rgbt <0,1,1,0> }
	no_shadow
}
cylinder {
	<36.744209, 28.832277, 31.013124>,  <37.322678, 28.713480, 31.624331>, 0.130000
	pigment { color rgbt <1,0,0,0> }
	no_shadow
}

// nucleotide -1

// particle -1
sphere {
	<36.744209, 28.832277, 31.013124> 0.250000
	pigment { color rgbt <1,0,0,0> }
	no_shadow
}
cylinder {
	<36.886986, 29.136311, 31.230331>,  <36.972652, 29.318729, 31.360655>, 0.100000
	pigment { color rgbt <1,0,0,0> }
	no_shadow
}
cylinder {
	<36.886986, 29.136311, 31.230331>,  <36.744209, 28.832277, 31.013124>, 0.100000
	pigment { color rgbt <1,0,0,0> }
	no_shadow
}

// particle -1
sphere {
	<36.886986, 29.136311, 31.230331> 0.100000
	pigment { color rgbt <1,0,0,0> }
	no_shadow
}
sphere {
	0, 1
	scale<0.080000,0.200000,0.300000>
	matrix <0.276716, 0.469181, -0.838628,
		-0.892199, 0.449606, -0.042854,
		0.356946, 0.760081, 0.543016,
		36.994068, 29.364334, 31.393236>
	pigment { color rgbt <0,1,1,0> }
	no_shadow
}
cylinder {
	<36.420601, 29.430893, 30.791498>,  <36.744209, 28.832277, 31.013124>, 0.130000
	pigment { color rgbt <1,0,0,0> }
	no_shadow
}

// nucleotide -1

// particle -1
sphere {
	<36.420601, 29.430893, 30.791498> 0.250000
	pigment { color rgbt <1,0,0,0> }
	no_shadow
}
cylinder {
	<36.785782, 29.498577, 30.940029>,  <37.004890, 29.539186, 31.029148>, 0.100000
	pigment { color rgbt <1,0,0,0> }
	no_shadow
}
cylinder {
	<36.785782, 29.498577, 30.940029>,  <36.420601, 29.430893, 30.791498>, 0.100000
	pigment { color rgbt <1,0,0,0> }
	no_shadow
}

// particle -1
sphere {
	<36.785782, 29.498577, 30.940029> 0.100000
	pigment { color rgbt <1,0,0,0> }
	no_shadow
}
sphere {
	0, 1
	scale<0.080000,0.200000,0.300000>
	matrix <0.279219, 0.404551, -0.870847,
		-0.297575, 0.898725, 0.322090,
		0.912954, 0.169209, 0.371326,
		37.059669, 29.549339, 31.051428>
	pigment { color rgbt <0,1,1,0> }
	no_shadow
}
cylinder {
	<36.480244, 30.235126, 30.780910>,  <36.420601, 29.430893, 30.791498>, 0.130000
	pigment { color rgbt <1,0,0,0> }
	no_shadow
}

// nucleotide -1

// particle -1
sphere {
	<36.480244, 30.235126, 30.780910> 0.250000
	pigment { color rgbt <1,0,0,0> }
	no_shadow
}
cylinder {
	<36.841919, 30.064278, 30.782150>,  <37.058926, 29.961769, 30.782894>, 0.100000
	pigment { color rgbt <1,0,0,0> }
	no_shadow
}
cylinder {
	<36.841919, 30.064278, 30.782150>,  <36.480244, 30.235126, 30.780910>, 0.100000
	pigment { color rgbt <1,0,0,0> }
	no_shadow
}

// particle -1
sphere {
	<36.841919, 30.064278, 30.782150> 0.100000
	pigment { color rgbt <1,0,0,0> }
	no_shadow
}
sphere {
	0, 1
	scale<0.080000,0.200000,0.300000>
	matrix <0.194137, 0.404496, -0.893697,
		0.380463, 0.808673, 0.448661,
		0.904190, -0.427120, 0.003098,
		37.113174, 29.936142, 30.783079>
	pigment { color rgbt <0,1,1,0> }
	no_shadow
}
cylinder {
	<36.817265, 30.803677, 30.411198>,  <36.480244, 30.235126, 30.780910>, 0.130000
	pigment { color rgbt <1,0,0,0> }
	no_shadow
}

// nucleotide -1

// particle -1
sphere {
	<36.817265, 30.803677, 30.411198> 0.250000
	pigment { color rgbt <1,0,0,0> }
	no_shadow
}
cylinder {
	<37.081345, 30.503540, 30.397804>,  <37.239792, 30.323458, 30.389769>, 0.100000
	pigment { color rgbt <1,0,0,0> }
	no_shadow
}
cylinder {
	<37.081345, 30.503540, 30.397804>,  <36.817265, 30.803677, 30.411198>, 0.100000
	pigment { color rgbt <1,0,0,0> }
	no_shadow
}

// particle -1
sphere {
	<37.081345, 30.503540, 30.397804> 0.100000
	pigment { color rgbt <1,0,0,0> }
	no_shadow
}
sphere {
	0, 1
	scale<0.080000,0.200000,0.300000>
	matrix <0.212763, 0.229583, -0.949749,
		0.720323, 0.619902, 0.311216,
		0.660202, -0.750342, -0.033482,
		37.279404, 30.278437, 30.387760>
	pigment { color rgbt <0,1,1,0> }
	no_shadow
}
cylinder {
	<37.448742, 31.062475, 30.117695>,  <36.817265, 30.803677, 30.411198>, 0.130000
	pigment { color rgbt <1,0,0,0> }
	no_shadow
}

// nucleotide -1

// particle -1
sphere {
	<37.448742, 31.062475, 30.117695> 0.250000
	pigment { color rgbt <1,0,0,0> }
	no_shadow
}
cylinder {
	<37.424644, 30.668636, 30.052044>,  <37.410187, 30.432333, 30.012653>, 0.100000
	pigment { color rgbt <1,0,0,0> }
	no_shadow
}
cylinder {
	<37.424644, 30.668636, 30.052044>,  <37.448742, 31.062475, 30.117695>, 0.100000
	pigment { color rgbt <1,0,0,0> }
	no_shadow
}

// particle -1
sphere {
	<37.424644, 30.668636, 30.052044> 0.100000
	pigment { color rgbt <1,0,0,0> }
	no_shadow
}
sphere {
	0, 1
	scale<0.080000,0.200000,0.300000>
	matrix <0.175621, 0.151404, -0.972746,
		0.982613, -0.087428, 0.163794,
		-0.060247, -0.984598, -0.164126,
		37.406570, 30.373257, 30.002806>
	pigment { color rgbt <0,1,1,0> }
	no_shadow
}
cylinder {
	<37.906292, 30.994608, 29.517080>,  <37.448742, 31.062475, 30.117695>, 0.130000
	pigment { color rgbt <1,0,0,0> }
	no_shadow
}

// nucleotide -1

// particle -1
sphere {
	<37.906292, 30.994608, 29.517080> 0.250000
	pigment { color rgbt <1,0,0,0> }
	no_shadow
}
cylinder {
	<37.710541, 30.647758, 29.554184>,  <37.593090, 30.439648, 29.576447>, 0.100000
	pigment { color rgbt <1,0,0,0> }
	no_shadow
}
cylinder {
	<37.710541, 30.647758, 29.554184>,  <37.906292, 30.994608, 29.517080>, 0.100000
	pigment { color rgbt <1,0,0,0> }
	no_shadow
}

// particle -1
sphere {
	<37.710541, 30.647758, 29.554184> 0.100000
	pigment { color rgbt <1,0,0,0> }
	no_shadow
}
sphere {
	0, 1
	scale<0.080000,0.200000,0.300000>
	matrix <0.108548, -0.166109, -0.980115,
		0.865291, -0.469575, 0.175415,
		-0.489375, -0.867126, 0.092761,
		37.563728, 30.387621, 29.582012>
	pigment { color rgbt <0,1,1,0> }
	no_shadow
}
cylinder {
	<38.263424, 30.509132, 29.275940>,  <37.906292, 30.994608, 29.517080>, 0.130000
	pigment { color rgbt <1,0,0,0> }
	no_shadow
}

// nucleotide -1

// particle -1
sphere {
	<38.263424, 30.509132, 29.275940> 0.250000
	pigment { color rgbt <1,0,0,0> }
	no_shadow
}
cylinder {
	<37.917465, 30.313507, 29.230736>,  <37.709888, 30.196133, 29.203613>, 0.100000
	pigment { color rgbt <1,0,0,0> }
	no_shadow
}
cylinder {
	<37.917465, 30.313507, 29.230736>,  <38.263424, 30.509132, 29.275940>, 0.100000
	pigment { color rgbt <1,0,0,0> }
	no_shadow
}

// particle -1
sphere {
	<37.917465, 30.313507, 29.230736> 0.100000
	pigment { color rgbt <1,0,0,0> }
	no_shadow
}
sphere {
	0, 1
	scale<0.080000,0.200000,0.300000>
	matrix <0.148179, -0.033657, -0.988388,
		0.479578, -0.871600, 0.101578,
		-0.864897, -0.489061, -0.113012,
		37.657997, 30.166788, 29.196833>
	pigment { color rgbt <0,1,1,0> }
	no_shadow
}
cylinder {
	<38.346413, 29.944527, 28.857288>,  <38.263424, 30.509132, 29.275940>, 0.130000
	pigment { color rgbt <1,0,0,0> }
	no_shadow
}

// nucleotide -1

// particle -1
sphere {
	<38.346413, 29.944527, 28.857288> 0.250000
	pigment { color rgbt <1,0,0,0> }
	no_shadow
}
cylinder {
	<37.954403, 30.019764, 28.831463>,  <37.719196, 30.064905, 28.815968>, 0.100000
	pigment { color rgbt <1,0,0,0> }
	no_shadow
}
cylinder {
	<37.954403, 30.019764, 28.831463>,  <38.346413, 29.944527, 28.857288>, 0.100000
	pigment { color rgbt <1,0,0,0> }
	no_shadow
}

// particle -1
sphere {
	<37.954403, 30.019764, 28.831463> 0.100000
	pigment { color rgbt <1,0,0,0> }
	no_shadow
}
sphere {
	0, 1
	scale<0.080000,0.200000,0.300000>
	matrix <0.047777, -0.092462, -0.994569,
