// switches for output
#declare DRAW_BASES = 1; // possible values are 0, 1; only relevant for DNA ribbons
#declare DRAW_BASES_TYPE = 3; // possible values are 1, 2, 3; only relevant for DNA ribbons
#declare DRAW_FOG = 0; // set to 1 to enable fog

#include "colors.inc"

#include "transforms.inc"
background { rgb <1, 1, 1>}

#default {
   normal{
       ripples 0.25
       frequency 0.20
       turbulence 0.2
       lambda 5
   }
	finish {
		phong 0.1
		phong_size 40.
	}
}

// original window dimensions: 1024x640


// camera settings

camera {
	sky <-0, 1, 0>
	up <-0, 1, 0>
	right 1.6 * <0.581683, 0, 0.813415>
	location <-54.4937, 30, 90.4225>
	look_at <30, 30, 30>
	direction <84.4937, 0, -60.4225>
	angle 67.0682
}


# declare cpy_camera_pos = <-54.4937, 30, 90.4225>;
# if (DRAW_FOG = 1)
fog {
	fog_type 2
	up vnormalize(cpy_camera_pos)
	color rgbt<1,1,1,0.3>
	distance 1e-5
	fog_alt 3e-3
	fog_offset 48
}
# end


// LIGHTS

# declare lum = 6;
global_settings {
	ambient_light rgb lum * <0.05, 0.05, 0.05>
	max_trace_level 15
}# declare cpy_direct_light_amount = 0.25;
light_source
{	1000 * <0.231732, -1, 1.3951>,
	rgb lum * cpy_direct_light_amount
	parallel
}

light_source
{	1000 * <-0.231732, 1, -1.3951>,
	rgb lum * cpy_direct_light_amount
	parallel
}

// strand 0

// nucleotide -1

// particle -1
sphere {
	<42.802624, 33.020954, 22.631876> 0.250000
	pigment { color rgbt <1,0,0,0> }
	no_shadow
}
cylinder {
	<42.699703, 33.037487, 23.018055>,  <42.637951, 33.047405, 23.249762>, 0.100000
	pigment { color rgbt <1,0,0,0> }
	no_shadow
}
cylinder {
	<42.699703, 33.037487, 23.018055>,  <42.802624, 33.020954, 22.631876>, 0.100000
	pigment { color rgbt <1,0,0,0> }
	no_shadow
}

// particle -1
sphere {
	<42.699703, 33.037487, 23.018055> 0.100000
	pigment { color rgbt <1,0,0,0> }
	no_shadow
}
sphere {
	0, 1
	scale<0.080000,0.200000,0.300000>
	matrix <-0.948079, -0.204065, -0.243934,
		0.186932, -0.978084, 0.091693,
		-0.257299, 0.041334, 0.965447,
		42.622513, 33.049889, 23.307690>
	pigment { color rgbt <0,1,1,0> }
	no_shadow
}
cylinder {
	<42.374741, 32.380505, 22.812166>,  <42.802624, 33.020954, 22.631876>, 0.130000
	pigment { color rgbt <1,0,0,0> }
	no_shadow
}

// nucleotide -1

// particle -1
sphere {
	<42.374741, 32.380505, 22.812166> 0.250000
	pigment { color rgbt <1,0,0,0> }
	no_shadow
}
cylinder {
	<42.318855, 32.688351, 23.061382>,  <42.285324, 32.873058, 23.210911>, 0.100000
	pigment { color rgbt <1,0,0,0> }
	no_shadow
}
cylinder {
	<42.318855, 32.688351, 23.061382>,  <42.374741, 32.380505, 22.812166>, 0.100000
	pigment { color rgbt <1,0,0,0> }
	no_shadow
}

// particle -1
sphere {
	<42.318855, 32.688351, 23.061382> 0.100000
	pigment { color rgbt <1,0,0,0> }
	no_shadow
}
sphere {
	0, 1
	scale<0.080000,0.200000,0.300000>
	matrix <-0.987291, -0.060132, -0.147110,
		-0.075754, -0.635670, 0.768235,
		-0.139709, 0.769615, 0.623036,
		42.276943, 32.919235, 23.248295>
	pigment { color rgbt <0,1,1,0> }
	no_shadow
}
cylinder {
	<41.939575, 32.248440, 23.549421>,  <42.374741, 32.380505, 22.812166>, 0.130000
	pigment { color rgbt <1,0,0,0> }
	no_shadow
}

// nucleotide -1

// particle -1
sphere {
	<41.939575, 32.248440, 23.549421> 0.250000
	pigment { color rgbt <1,0,0,0> }
	no_shadow
}
cylinder {
	<41.896004, 32.610638, 23.385368>,  <41.869862, 32.827957, 23.286936>, 0.100000
	pigment { color rgbt <1,0,0,0> }
	no_shadow
}
cylinder {
	<41.896004, 32.610638, 23.385368>,  <41.939575, 32.248440, 23.549421>, 0.100000
	pigment { color rgbt <1,0,0,0> }
	no_shadow
}

// particle -1
sphere {
	<41.896004, 32.610638, 23.385368> 0.100000
	pigment { color rgbt <1,0,0,0> }
	no_shadow
}
sphere {
	0, 1
	scale<0.080000,0.200000,0.300000>
	matrix <-0.989810, -0.136866, -0.039287,
		-0.091707, 0.401674, 0.911179,
		-0.108929, 0.905498, -0.410133,
		41.863323, 32.882286, 23.262329>
	pigment { color rgbt <0,1,1,0> }
	no_shadow
}
cylinder {
	<41.524738, 32.655796, 23.919577>,  <41.939575, 32.248440, 23.549421>, 0.130000
	pigment { color rgbt <1,0,0,0> }
	no_shadow
}

// nucleotide -1

// particle -1
sphere {
	<41.524738, 32.655796, 23.919577> 0.250000
	pigment { color rgbt <1,0,0,0> }
	no_shadow
}
cylinder {
	<41.511986, 32.707642, 23.523155>,  <41.504333, 32.738750, 23.285303>, 0.100000
	pigment { color rgbt <1,0,0,0> }
	no_shadow
}
cylinder {
	<41.511986, 32.707642, 23.523155>,  <41.524738, 32.655796, 23.919577>, 0.100000
	pigment { color rgbt <1,0,0,0> }
	no_shadow
}

// particle -1
sphere {
	<41.511986, 32.707642, 23.523155> 0.100000
	pigment { color rgbt <1,0,0,0> }
	no_shadow
}
sphere {
	0, 1
	scale<0.080000,0.200000,0.300000>
	matrix <-0.981218, -0.192796, 0.006349,
		-0.190248, 0.972641, 0.133325,
		-0.031880, 0.129613, -0.991052,
		41.502422, 32.746525, 23.225840>
	pigment { color rgbt <0,1,1,0> }
	no_shadow
}
cylinder {
	<41.086708, 33.162800, 23.838322>,  <41.524738, 32.655796, 23.919577>, 0.130000
	pigment { color rgbt <1,0,0,0> }
	no_shadow
}

// nucleotide -1

// particle -1
sphere {
	<41.086708, 33.162800, 23.838322> 0.250000
	pigment { color rgbt <1,0,0,0> }
	no_shadow
}
cylinder {
	<41.076523, 32.956242, 23.495934>,  <41.070412, 32.832306, 23.290501>, 0.100000
	pigment { color rgbt <1,0,0,0> }
	no_shadow
}
cylinder {
	<41.076523, 32.956242, 23.495934>,  <41.086708, 33.162800, 23.838322>, 0.100000
	pigment { color rgbt <1,0,0,0> }
	no_shadow
}

// particle -1
sphere {
	<41.076523, 32.956242, 23.495934> 0.100000
	pigment { color rgbt <1,0,0,0> }
	no_shadow
}
sphere {
	0, 1
	scale<0.080000,0.200000,0.300000>
	matrix <-0.992063, -0.092422, 0.085263,
		-0.123140, 0.851349, -0.509942,
		-0.025458, -0.516394, -0.855972,
		41.068886, 32.801323, 23.239141>
	pigment { color rgbt <0,1,1,0> }
	no_shadow
}
cylinder {
	<40.487835, 33.435822, 23.457178>,  <41.086708, 33.162800, 23.838322>, 0.130000
	pigment { color rgbt <1,0,0,0> }
	no_shadow
}

// nucleotide -1

// particle -1
sphere {
	<40.487835, 33.435822, 23.457178> 0.250000
	pigment { color rgbt <1,0,0,0> }
	no_shadow
}
cylinder {
	<40.590179, 33.059231, 23.369400>,  <40.651585, 32.833275, 23.316732>, 0.100000
	pigment { color rgbt <1,0,0,0> }
	no_shadow
}
cylinder {
	<40.590179, 33.059231, 23.369400>,  <40.487835, 33.435822, 23.457178>, 0.100000
	pigment { color rgbt <1,0,0,0> }
	no_shadow
}

// particle -1
sphere {
	<40.590179, 33.059231, 23.369400> 0.100000
	pigment { color rgbt <1,0,0,0> }
	no_shadow
}
sphere {
	0, 1
	scale<0.080000,0.200000,0.300000>
	matrix <-0.937153, -0.297266, 0.182693,
		-0.237234, 0.158908, -0.958367,
		0.255859, -0.941478, -0.219443,
		40.666939, 32.776787, 23.303566>
	pigment { color rgbt <0,1,1,0> }
	no_shadow
}
cylinder {
	<40.483078, 33.635269, 22.711384>,  <40.487835, 33.435822, 23.457178>, 0.130000
	pigment { color rgbt <1,0,0,0> }
	no_shadow
}

// nucleotide -1

// particle -1
sphere {
	<40.483078, 33.635269, 22.711384> 0.250000
	pigment { color rgbt <1,0,0,0> }
	no_shadow
}
cylinder {
	<40.267097, 33.865234, 22.465481>,  <40.137508, 34.003216, 22.317940>, 0.100000
	pigment { color rgbt <1,0,0,0> }
	no_shadow
}
cylinder {
	<40.267097, 33.865234, 22.465481>,  <40.483078, 33.635269, 22.711384>, 0.100000
	pigment { color rgbt <1,0,0,0> }
	no_shadow
}

// particle -1
sphere {
	<40.267097, 33.865234, 22.465481> 0.100000
	pigment { color rgbt <1,0,0,0> }
	no_shadow
}
sphere {
	0, 1
	scale<0.080000,0.200000,0.300000>
	matrix <0.617123, -0.226267, -0.753632,
		-0.572375, -0.786304, -0.232621,
		-0.539949, 0.574916, -0.614756,
		40.105114, 34.037708, 22.281054>
	pigment { color rgbt <0,1,1,0> }
	no_shadow
}
cylinder {
	<40.394798, 33.230446, 22.104473>,  <40.483078, 33.635269, 22.711384>, 0.130000
	pigment { color rgbt <1,0,0,0> }
	no_shadow
}

// nucleotide -1

// particle -1
sphere {
	<40.394798, 33.230446, 22.104473> 0.250000
	pigment { color rgbt <1,0,0,0> }
	no_shadow
}
cylinder {
	<40.331779, 33.615467, 22.016224>,  <40.293968, 33.846481, 21.963274>, 0.100000
	pigment { color rgbt <1,0,0,0> }
	no_shadow
}
cylinder {
	<40.331779, 33.615467, 22.016224>,  <40.394798, 33.230446, 22.104473>, 0.100000
	pigment { color rgbt <1,0,0,0> }
	no_shadow
}

// particle -1
sphere {
	<40.331779, 33.615467, 22.016224> 0.100000
	pigment { color rgbt <1,0,0,0> }
	no_shadow
}
sphere {
	0, 1
	scale<0.080000,0.200000,0.300000>
	matrix <0.573590, -0.092667, -0.813884,
		-0.803850, -0.254769, -0.537511,
		-0.157543, 0.962551, -0.220623,
		40.284515, 33.904232, 21.950037>
	pigment { color rgbt <0,1,1,0> }
	no_shadow
}
cylinder {
	<40.128098, 33.255817, 21.423910>,  <40.394798, 33.230446, 22.104473>, 0.130000
	pigment { color rgbt <1,0,0,0> }
	no_shadow
}

// nucleotide -1

// particle -1
sphere {
	<40.128098, 33.255817, 21.423910> 0.250000
	pigment { color rgbt <1,0,0,0> }
	no_shadow
}
cylinder {
	<40.231659, 33.642166, 21.420681>,  <40.293797, 33.873974, 21.418743>, 0.100000
	pigment { color rgbt <1,0,0,0> }
	no_shadow
}
cylinder {
	<40.231659, 33.642166, 21.420681>,  <40.128098, 33.255817, 21.423910>, 0.100000
	pigment { color rgbt <1,0,0,0> }
	no_shadow
}

// particle -1
sphere {
	<40.231659, 33.642166, 21.420681> 0.100000
	pigment { color rgbt <1,0,0,0> }
	no_shadow
}
sphere {
	0, 1
	scale<0.080000,0.200000,0.300000>
	matrix <0.444562, -0.126579, -0.886760,
		-0.857517, 0.225994, -0.462160,
		0.258902, 0.965870, -0.008075,
		40.309330, 33.931927, 21.418259>
	pigment { color rgbt <0,1,1,0> }
	no_shadow
}
cylinder {
	<40.029346, 33.499229, 20.739496>,  <40.128098, 33.255817, 21.423910>, 0.130000
	pigment { color rgbt <1,0,0,0> }
	no_shadow
}

// nucleotide -1

// particle -1
sphere {
	<40.029346, 33.499229, 20.739496> 0.250000
	pigment { color rgbt <1,0,0,0> }
	no_shadow
}
cylinder {
	<40.290607, 33.748478, 20.911594>,  <40.447365, 33.898026, 21.014853>, 0.100000
	pigment { color rgbt <1,0,0,0> }
	no_shadow
}
cylinder {
	<40.290607, 33.748478, 20.911594>,  <40.029346, 33.499229, 20.739496>, 0.100000
	pigment { color rgbt <1,0,0,0> }
	no_shadow
}

// particle -1
sphere {
	<40.290607, 33.748478, 20.911594> 0.100000
	pigment { color rgbt <1,0,0,0> }
	no_shadow
}
sphere {
	0, 1
	scale<0.080000,0.200000,0.300000>
	matrix <0.632022, -0.135670, -0.762983,
		-0.417059, 0.770269, -0.482439,
		0.653154, 0.623120, 0.430245,
		40.486553, 33.935413, 21.040668>
	pigment { color rgbt <0,1,1,0> }
	no_shadow
}
cylinder {
	<40.338676, 33.938797, 20.129326>,  <40.029346, 33.499229, 20.739496>, 0.130000
	pigment { color rgbt <1,0,0,0> }
	no_shadow
}

// nucleotide -1

// particle -1
sphere {
	<40.338676, 33.938797, 20.129326> 0.250000
	pigment { color rgbt <1,0,0,0> }
	no_shadow
}
cylinder {
	<40.603886, 33.952904, 20.428432>,  <40.763012, 33.961369, 20.607897>, 0.100000
	pigment { color rgbt <1,0,0,0> }
	no_shadow
}
cylinder {
	<40.603886, 33.952904, 20.428432>,  <40.338676, 33.938797, 20.129326>, 0.100000
	pigment { color rgbt <1,0,0,0> }
	no_shadow
}

// particle -1
sphere {
	<40.603886, 33.952904, 20.428432> 0.100000
	pigment { color rgbt <1,0,0,0> }
	no_shadow
}
sphere {
	0, 1
	scale<0.080000,0.200000,0.300000>
	matrix <0.748412, -0.053587, -0.661066,
		0.016757, 0.997940, -0.061923,
		0.663023, 0.035266, 0.747768,
		40.802792, 33.963482, 20.652763>
	pigment { color rgbt <0,1,1,0> }
	no_shadow
}
cylinder {
	<40.736340, 34.407093, 19.868610>,  <40.338676, 33.938797, 20.129326>, 0.130000
	pigment { color rgbt <1,0,0,0> }
	no_shadow
}

// nucleotide -1

// particle -1
sphere {
	<40.736340, 34.407093, 19.868610> 0.250000
	pigment { color rgbt <1,0,0,0> }
	no_shadow
}
cylinder {
	<40.951271, 34.199841, 20.134789>,  <41.080231, 34.075489, 20.294495>, 0.100000
	pigment { color rgbt <1,0,0,0> }
	no_shadow
}
cylinder {
	<40.951271, 34.199841, 20.134789>,  <40.736340, 34.407093, 19.868610>, 0.100000
	pigment { color rgbt <1,0,0,0> }
	no_shadow
}

// particle -1
sphere {
	<40.951271, 34.199841, 20.134789> 0.100000
	pigment { color rgbt <1,0,0,0> }
	no_shadow
}
sphere {
	0, 1
	scale<0.080000,0.200000,0.300000>
	matrix <0.742176, -0.084250, -0.664889,
		0.400562, 0.851142, 0.339273,
		0.537331, -0.518130, 0.665444,
		41.112469, 34.044403, 20.334421>
	pigment { color rgbt <0,1,1,0> }
	no_shadow
}
cylinder {
	<41.273682, 34.811623, 19.896708>,  <40.736340, 34.407093, 19.868610>, 0.130000
	pigment { color rgbt <1,0,0,0> }
	no_shadow
}

// nucleotide -1

// particle -1
sphere {
	<41.273682, 34.811623, 19.896708> 0.250000
	pigment { color rgbt <1,0,0,0> }
	no_shadow
}
cylinder {
	<41.389641, 34.454605, 20.034882>,  <41.459217, 34.240395, 20.117786>, 0.100000
	pigment { color rgbt <1,0,0,0> }
	no_shadow
}
cylinder {
	<41.389641, 34.454605, 20.034882>,  <41.273682, 34.811623, 19.896708>, 0.100000
	pigment { color rgbt <1,0,0,0> }
	no_shadow
}

// particle -1
sphere {
	<41.389641, 34.454605, 20.034882> 0.100000
	pigment { color rgbt <1,0,0,0> }
	no_shadow
}
sphere {
	0, 1
	scale<0.080000,0.200000,0.300000>
	matrix <0.605225, -0.108633, -0.788607,
		0.741393, 0.437678, 0.508699,
		0.289895, -0.892545, 0.345433,
		41.476608, 34.186840, 20.138512>
	pigment { color rgbt <0,1,1,0> }
	no_shadow
}
cylinder {
	<41.975090, 34.776764, 19.735437>,  <41.273682, 34.811623, 19.896708>, 0.130000
	pigment { color rgbt <1,0,0,0> }
	no_shadow
}

// nucleotide -1

// particle -1
sphere {
	<41.975090, 34.776764, 19.735437> 0.250000
	pigment { color rgbt <1,0,0,0> }
	no_shadow
}
cylinder {
	<41.894920, 34.392731, 19.813480>,  <41.846817, 34.162312, 19.860306>, 0.100000
	pigment { color rgbt <1,0,0,0> }
	no_shadow
}
cylinder {
	<41.894920, 34.392731, 19.813480>,  <41.975090, 34.776764, 19.735437>, 0.100000
	pigment { color rgbt <1,0,0,0> }
	no_shadow
}

// particle -1
sphere {
	<41.894920, 34.392731, 19.813480> 0.100000
	pigment { color rgbt <1,0,0,0> }
	no_shadow
}
sphere {
	0, 1
	scale<0.080000,0.200000,0.300000>
	matrix <0.591981, -0.277362, -0.756723,
		0.780633, -0.036167, 0.623942,
		-0.200426, -0.960084, 0.195108,
		41.834793, 34.104706, 19.872013>
	pigment { color rgbt <0,1,1,0> }
	no_shadow
}
cylinder {
	<42.683006, 34.440121, 19.766338>,  <41.975090, 34.776764, 19.735437>, 0.130000
	pigment { color rgbt <1,0,0,0> }
	no_shadow
}

// nucleotide -1

// particle -1
sphere {
	<42.683006, 34.440121, 19.766338> 0.250000
	pigment { color rgbt <1,0,0,0> }
	no_shadow
}
cylinder {
	<42.396336, 34.174942, 19.679737>,  <42.224335, 34.015835, 19.627775>, 0.100000
	pigment { color rgbt <1,0,0,0> }
	no_shadow
}
cylinder {
	<42.396336, 34.174942, 19.679737>,  <42.683006, 34.440121, 19.766338>, 0.100000
	pigment { color rgbt <1,0,0,0> }
	no_shadow
}

// particle -1
sphere {
	<42.396336, 34.174942, 19.679737> 0.100000
	pigment { color rgbt <1,0,0,0> }
	no_shadow
}
sphere {
	0, 1
	scale<0.080000,0.200000,0.300000>
	matrix <0.570479, -0.378701, -0.728793,
		0.401163, -0.645819, 0.649604,
		-0.716675, -0.662950, -0.216505,
		42.181332, 33.976055, 19.614786>
	pigment { color rgbt <0,1,1,0> }
	no_shadow
}
cylinder {
	<43.034306, 33.803101, 19.603487>,  <42.683006, 34.440121, 19.766338>, 0.130000
	pigment { color rgbt <1,0,0,0> }
	no_shadow
}

// nucleotide -1

// particle -1
sphere {
	<43.034306, 33.803101, 19.603487> 0.250000
	pigment { color rgbt <1,0,0,0> }
	no_shadow
}
cylinder {
	<42.669292, 33.753731, 19.447517>,  <42.450283, 33.724110, 19.353935>, 0.100000
	pigment { color rgbt <1,0,0,0> }
	no_shadow
}
cylinder {
	<42.669292, 33.753731, 19.447517>,  <43.034306, 33.803101, 19.603487>, 0.100000
	pigment { color rgbt <1,0,0,0> }
	no_shadow
}

// particle -1
sphere {
	<42.669292, 33.753731, 19.447517> 0.100000
	pigment { color rgbt <1,0,0,0> }
	no_shadow
}
sphere {
	0, 1
	scale<0.080000,0.200000,0.300000>
	matrix <0.408234, -0.216809, -0.886758,
		0.024913, -0.968380, 0.248235,
		-0.912537, -0.123429, -0.389924,
		42.395531, 33.716702, 19.330540>
	pigment { color rgbt <0,1,1,0> }
	no_shadow
}
cylinder {
	<43.025475, 33.006516, 19.321224>,  <43.034306, 33.803101, 19.603487>, 0.130000
	pigment { color rgbt <1,0,0,0> }
	no_shadow
}

// nucleotide -1

// particle -1
sphere {
	<43.025475, 33.006516, 19.321224> 0.250000
	pigment { color rgbt <1,0,0,0> }
	no_shadow
}
cylinder {
	<42.754726, 33.242138, 19.144653>,  <42.592278, 33.383511, 19.038712>, 0.100000
	pigment { color rgbt <1,0,0,0> }
	no_shadow
}
cylinder {
	<42.754726, 33.242138, 19.144653>,  <43.025475, 33.006516, 19.321224>, 0.100000
	pigment { color rgbt <1,0,0,0> }
	no_shadow
}

// particle -1
sphere {
	<42.754726, 33.242138, 19.144653> 0.100000
	pigment { color rgbt <1,0,0,0> }
	no_shadow
}
sphere {
	0, 1
	scale<0.080000,0.200000,0.300000>
	matrix <0.309597, -0.316247, -0.896737,
		-0.667832, -0.743637, 0.031686,
		-0.676868, 0.589060, -0.441428,
		42.551666, 33.418858, 19.012224>
	pigment { color rgbt <0,1,1,0> }
	no_shadow
}
cylinder {
	<42.829025, 32.570240, 18.840216>,  <43.025475, 33.006516, 19.321224>, 0.130000
	pigment { color rgbt <1,0,0,0> }
	no_shadow
}

// nucleotide -1

// particle -1
sphere {
	<42.829025, 32.570240, 18.840216> 0.250000
	pigment { color rgbt <1,0,0,0> }
	no_shadow
}
cylinder {
	<42.659229, 32.913826, 18.725689>,  <42.557350, 33.119980, 18.656973>, 0.100000
	pigment { color rgbt <1,0,0,0> }
	no_shadow
}
cylinder {
	<42.659229, 32.913826, 18.725689>,  <42.829025, 32.570240, 18.840216>, 0.100000
	pigment { color rgbt <1,0,0,0> }
	no_shadow
}

// particle -1
sphere {
	<42.659229, 32.913826, 18.725689> 0.100000
	pigment { color rgbt <1,0,0,0> }
	no_shadow
}
sphere {
	0, 1
	scale<0.080000,0.200000,0.300000>
	matrix <0.165829, -0.237119, -0.957223,
		-0.890116, -0.453815, -0.041787,
		-0.424493, 0.858968, -0.286319,
		42.531879, 33.171516, 18.639793>
	pigment { color rgbt <0,1,1,0> }
	no_shadow
}
cylinder {
	<42.220985, 32.437424, 18.340975>,  <42.829025, 32.570240, 18.840216>, 0.130000
	pigment { color rgbt <1,0,0,0> }
	no_shadow
}

// nucleotide -1

// particle -1
sphere {
	<42.220985, 32.437424, 18.340975> 0.250000
	pigment { color rgbt <1,0,0,0> }
	no_shadow
}
cylinder {
	<42.344482, 32.812984, 18.280121>,  <42.418579, 33.038322, 18.243608>, 0.100000
	pigment { color rgbt <1,0,0,0> }
	no_shadow
}
cylinder {
	<42.344482, 32.812984, 18.280121>,  <42.220985, 32.437424, 18.340975>, 0.100000
	pigment { color rgbt <1,0,0,0> }
	no_shadow
}

// particle -1
sphere {
	<42.344482, 32.812984, 18.280121> 0.100000
	pigment { color rgbt <1,0,0,0> }
	no_shadow
}
sphere {
	0, 1
	scale<0.080000,0.200000,0.300000>
	matrix <0.205400, -0.221987, -0.953170,
		-0.928703, 0.263035, -0.261386,
		0.308741, 0.938901, -0.152133,
		42.437103, 33.094654, 18.234482>
	pigment { color rgbt <0,1,1,0> }
	no_shadow
}
cylinder {
	<41.950764, 32.724178, 17.781893>,  <42.220985, 32.437424, 18.340975>, 0.130000
	pigment { color rgbt <1,0,0,0> }
	no_shadow
}

// nucleotide -1

// particle -1
sphere {
	<41.950764, 32.724178, 17.781893> 0.250000
	pigment { color rgbt <1,0,0,0> }
	no_shadow
}
cylinder {
	<42.253250, 32.981213, 17.831249>,  <42.434742, 33.135433, 17.860863>, 0.100000
	pigment { color rgbt <1,0,0,0> }
	no_shadow
}
cylinder {
	<42.253250, 32.981213, 17.831249>,  <41.950764, 32.724178, 17.781893>, 0.100000
	pigment { color rgbt <1,0,0,0> }
	no_shadow
}

// particle -1
sphere {
	<42.253250, 32.981213, 17.831249> 0.100000
	pigment { color rgbt <1,0,0,0> }
	no_shadow
}
sphere {
	0, 1
	scale<0.080000,0.200000,0.300000>
	matrix <0.231879, -0.086839, -0.968861,
		-0.611859, 0.761279, -0.214670,
		0.756215, 0.642584, 0.123392,
		42.480114, 33.173988, 17.868267>
	pigment { color rgbt <0,1,1,0> }
	no_shadow
}
cylinder {
	<41.997044, 32.990234, 17.192293>,  <41.950764, 32.724178, 17.781893>, 0.130000
	pigment { color rgbt <1,0,0,0> }
	no_shadow
}

// nucleotide -1

// particle -1
sphere {
	<41.997044, 32.990234, 17.192293> 0.250000
	pigment { color rgbt <1,0,0,0> }
	no_shadow
}
cylinder {
	<42.338680, 33.100357, 17.368809>,  <42.543663, 33.166431, 17.474718>, 0.100000
	pigment { color rgbt <1,0,0,0> }
	no_shadow
}
cylinder {
	<42.338680, 33.100357, 17.368809>,  <41.997044, 32.990234, 17.192293>, 0.100000
	pigment { color rgbt <1,0,0,0> }
	no_shadow
}

// particle -1
sphere {
	<42.338680, 33.100357, 17.368809> 0.100000
	pigment { color rgbt <1,0,0,0> }
	no_shadow
}
sphere {
	0, 1
	scale<0.080000,0.200000,0.300000>
	matrix <0.489634, -0.139356, -0.860719,
		-0.175465, 0.951202, -0.253823,
		0.854090, 0.275307, 0.441289,
		42.594906, 33.182949, 17.501196>
	pigment { color rgbt <0,1,1,0> }
	no_shadow
}
cylinder {
	<42.278362, 33.474720, 16.726395>,  <41.997044, 32.990234, 17.192293>, 0.130000
	pigment { color rgbt <1,0,0,0> }
	no_shadow
}

// nucleotide -1

// particle -1
sphere {
	<42.278362, 33.474720, 16.726395> 0.250000
	pigment { color rgbt <1,0,0,0> }
	no_shadow
}
cylinder {
	<42.582832, 33.342831, 16.949787>,  <42.765514, 33.263699, 17.083822>, 0.100000
	pigment { color rgbt <1,0,0,0> }
	no_shadow
}
cylinder {
	<42.582832, 33.342831, 16.949787>,  <42.278362, 33.474720, 16.726395>, 0.100000
	pigment { color rgbt <1,0,0,0> }
	no_shadow
}

// particle -1
sphere {
	<42.582832, 33.342831, 16.949787> 0.100000
	pigment { color rgbt <1,0,0,0> }
	no_shadow
}
sphere {
	0, 1
	scale<0.080000,0.200000,0.300000>
	matrix <0.580951, -0.036148, -0.813135,
		0.288297, 0.943386, 0.164038,
		0.761171, -0.329722, 0.558483,
		42.811184, 33.243916, 17.117332>
	pigment { color rgbt <0,1,1,0> }
	no_shadow
}
cylinder {
	<42.897831, 33.885246, 16.544111>,  <42.278362, 33.474720, 16.726395>, 0.130000
	pigment { color rgbt <1,0,0,0> }
	no_shadow
}

// nucleotide -1

// particle -1
sphere {
	<42.897831, 33.885246, 16.544111> 0.250000
	pigment { color rgbt <1,0,0,0> }
	no_shadow
}
cylinder {
	<43.017391, 33.538078, 16.702793>,  <43.089127, 33.329777, 16.798002>, 0.100000
	pigment { color rgbt <1,0,0,0> }
	no_shadow
}
cylinder {
	<43.017391, 33.538078, 16.702793>,  <42.897831, 33.885246, 16.544111>, 0.100000
	pigment { color rgbt <1,0,0,0> }
	no_shadow
}

// particle -1
sphere {
	<43.017391, 33.538078, 16.702793> 0.100000
	pigment { color rgbt <1,0,0,0> }
	no_shadow
}
sphere {
	0, 1
	scale<0.080000,0.200000,0.300000>
	matrix <0.736669, -0.054399, -0.674062,
		0.606613, 0.493715, 0.623110,
		0.298898, -0.867921, 0.396704,
		43.107059, 33.277702, 16.821804>
	pigment { color rgbt <0,1,1,0> }
	no_shadow
}
cylinder {
	<43.755718, 33.857220, 16.468390>,  <42.897831, 33.885246, 16.544111>, 0.130000
	pigment { color rgbt <1,0,0,0> }
	no_shadow
}

// nucleotide -1

// particle -1
sphere {
	<43.755718, 33.857220, 16.468390> 0.250000
	pigment { color rgbt <1,0,0,0> }
	no_shadow
}
cylinder {
	<43.618256, 33.481968, 16.485439>,  <43.535778, 33.256817, 16.495670>, 0.100000
	pigment { color rgbt <1,0,0,0> }
	no_shadow
}
cylinder {
	<43.618256, 33.481968, 16.485439>,  <43.755718, 33.857220, 16.468390>, 0.100000
	pigment { color rgbt <1,0,0,0> }
	no_shadow
}

// particle -1
sphere {
	<43.618256, 33.481968, 16.485439> 0.100000
	pigment { color rgbt <1,0,0,0> }
	no_shadow
}
sphere {
	0, 1
	scale<0.080000,0.200000,0.300000>
	matrix <0.696824, -0.285168, -0.658115,
		0.629550, -0.196465, 0.751710,
		-0.343660, -0.938126, 0.042626,
		43.515156, 33.200531, 16.498226>
	pigment { color rgbt <0,1,1,0> }
	no_shadow
}
cylinder {
	<44.438114, 33.422012, 16.354462>,  <43.755718, 33.857220, 16.468390>, 0.130000
	pigment { color rgbt <1,0,0,0> }
	no_shadow
}

// nucleotide -1

// particle -1
sphere {
	<44.438114, 33.422012, 16.354462> 0.250000
	pigment { color rgbt <1,0,0,0> }
	no_shadow
}
cylinder {
	<44.118408, 33.192932, 16.281597>,  <43.926582, 33.055485, 16.237879>, 0.100000
	pigment { color rgbt <1,0,0,0> }
	no_shadow
}
cylinder {
	<44.118408, 33.192932, 16.281597>,  <44.438114, 33.422012, 16.354462>, 0.100000
	pigment { color rgbt <1,0,0,0> }
	no_shadow
}

// particle -1
sphere {
	<44.118408, 33.192932, 16.281597> 0.100000
	pigment { color rgbt <1,0,0,0> }
	no_shadow
}
sphere {
	0, 1
	scale<0.080000,0.200000,0.300000>
	matrix <0.416479, -0.309319, -0.854907,
		0.433262, -0.759166, 0.485748,
		-0.799268, -0.572703, -0.182160,
		43.878628, 33.021122, 16.226950>
	pigment { color rgbt <0,1,1,0> }
	no_shadow
}
cylinder {
	<44.767448, 32.782280, 16.122087>,  <44.438114, 33.422012, 16.354462>, 0.130000
	pigment { color rgbt <1,0,0,0> }
	no_shadow
}

// nucleotide -1

// particle -1
sphere {
	<44.767448, 32.782280, 16.122087> 0.250000
	pigment { color rgbt <1,0,0,0> }
	no_shadow
}
cylinder {
	<44.388531, 32.794704, 15.994544>,  <44.161179, 32.802158, 15.918017>, 0.100000
	pigment { color rgbt <1,0,0,0> }
	no_shadow
}
cylinder {
	<44.388531, 32.794704, 15.994544>,  <44.767448, 32.782280, 16.122087>, 0.100000
	pigment { color rgbt <1,0,0,0> }
	no_shadow
}

// particle -1
sphere {
	<44.388531, 32.794704, 15.994544> 0.100000
	pigment { color rgbt <1,0,0,0> }
	no_shadow
}
sphere {
	0, 1
	scale<0.080000,0.200000,0.300000>
	matrix <0.307264, -0.193661, -0.931710,
		-0.090690, -0.980577, 0.173910,
		-0.947293, 0.031060, -0.318859,
		44.104343, 32.804024, 15.898887>
	pigment { color rgbt <0,1,1,0> }
	no_shadow
}
cylinder {
	<44.658524, 32.247147, 15.584403>,  <44.767448, 32.782280, 16.122087>, 0.130000
	pigment { color rgbt <1,0,0,0> }
	no_shadow
}

// nucleotide -1

// particle -1
sphere {
	<44.658524, 32.247147, 15.584403> 0.250000
	pigment { color rgbt <1,0,0,0> }
	no_shadow
}
cylinder {
	<44.405155, 32.555737, 15.560386>,  <44.253132, 32.740891, 15.545976>, 0.100000
	pigment { color rgbt <1,0,0,0> }
	no_shadow
}
cylinder {
	<44.405155, 32.555737, 15.560386>,  <44.658524, 32.247147, 15.584403>, 0.100000
	pigment { color rgbt <1,0,0,0> }
	no_shadow
}

// particle -1
sphere {
	<44.405155, 32.555737, 15.560386> 0.100000
	pigment { color rgbt <1,0,0,0> }
	no_shadow
}
sphere {
	0, 1
	scale<0.080000,0.200000,0.300000>
	matrix <-0.001106, -0.078497, -0.996914,
		-0.773804, -0.631402, 0.050575,
		-0.633424, 0.771472, -0.060044,
		44.215130, 32.787178, 15.542373>
	pigment { color rgbt <0,1,1,0> }
	no_shadow
}
cylinder {
	<44.051796, 32.143040, 15.148438>,  <44.658524, 32.247147, 15.584403>, 0.130000
	pigment { color rgbt <1,0,0,0> }
	no_shadow
}

// nucleotide -1

// particle -1
sphere {
	<44.051796, 32.143040, 15.148438> 0.250000
	pigment { color rgbt <1,0,0,0> }
	no_shadow
}
cylinder {
	<44.156452, 32.528786, 15.132667>,  <44.219246, 32.760231, 15.123203>, 0.100000
	pigment { color rgbt <1,0,0,0> }
	no_shadow
}
cylinder {
	<44.156452, 32.528786, 15.132667>,  <44.051796, 32.143040, 15.148438>, 0.100000
	pigment { color rgbt <1,0,0,0> }
	no_shadow
}

// particle -1
sphere {
	<44.156452, 32.528786, 15.132667> 0.100000
	pigment { color rgbt <1,0,0,0> }
	no_shadow
}
sphere {
	0, 1
	scale<0.080000,0.200000,0.300000>
	matrix <-0.060827, -0.024296, -0.997853,
		-0.963248, 0.263473, 0.052302,
		0.261636, 0.964361, -0.039430,
		44.234943, 32.818092, 15.120838>
	pigment { color rgbt <0,1,1,0> }
	no_shadow
}
cylinder {
	<43.589062, 32.581356, 14.540135>,  <44.051796, 32.143040, 15.148438>, 0.130000
	pigment { color rgbt <1,0,0,0> }
	no_shadow
}

// nucleotide -1

// particle -1
sphere {
	<43.589062, 32.581356, 14.540135> 0.250000
	pigment { color rgbt <1,0,0,0> }
	no_shadow
}
cylinder {
	<43.965096, 32.711803, 14.579904>,  <44.190716, 32.790073, 14.603765>, 0.100000
	pigment { color rgbt <1,0,0,0> }
	no_shadow
}
cylinder {
	<43.965096, 32.711803, 14.579904>,  <43.589062, 32.581356, 14.540135>, 0.100000
	pigment { color rgbt <1,0,0,0> }
	no_shadow
}

// particle -1
sphere {
	<43.965096, 32.711803, 14.579904> 0.100000
	pigment { color rgbt <1,0,0,0> }
	no_shadow
}
sphere {
	0, 1
	scale<0.080000,0.200000,0.300000>
	matrix <0.077836, 0.078619, -0.993862,
		-0.331935, 0.942053, 0.048525,
		0.940086, 0.326120, 0.099422,
		44.247120, 32.809639, 14.609730>
	pigment { color rgbt <0,1,1,0> }
	no_shadow
}
cylinder {
	<43.739456, 33.293331, 14.366529>,  <43.589062, 32.581356, 14.540135>, 0.130000
	pigment { color rgbt <1,0,0,0> }
	no_shadow
}

// nucleotide -1

// particle -1
sphere {
	<43.739456, 33.293331, 14.366529> 0.250000
	pigment { color rgbt <1,0,0,0> }
	no_shadow
}
cylinder {
	<44.022858, 33.021481, 14.290490>,  <44.192898, 32.858372, 14.244866>, 0.100000
	pigment { color rgbt <1,0,0,0> }
	no_shadow
}
cylinder {
	<44.022858, 33.021481, 14.290490>,  <43.739456, 33.293331, 14.366529>, 0.100000
	pigment { color rgbt <1,0,0,0> }
	no_shadow
}

// particle -1
sphere {
	<44.022858, 33.021481, 14.290490> 0.100000
	pigment { color rgbt <1,0,0,0> }
	no_shadow
}
sphere {
	0, 1
	scale<0.080000,0.200000,0.300000>
	matrix <-0.162215, 0.105322, -0.981119,
		0.686814, 0.725960, -0.035625,
		0.708501, -0.679625, -0.190098,
		44.235409, 32.817593, 14.233460>
	pigment { color rgbt <0,1,1,0> }
	no_shadow
}
cylinder {
	<44.179752, 33.529926, 13.899334>,  <43.739456, 33.293331, 14.366529>, 0.130000
	pigment { color rgbt <1,0,0,0> }
	no_shadow
}

// nucleotide -1

// particle -1
sphere {
	<44.179752, 33.529926, 13.899334> 0.250000
	pigment { color rgbt <1,0,0,0> }
	no_shadow
}
cylinder {
	<44.242245, 33.135303, 13.880137>,  <44.279739, 32.898529, 13.868620>, 0.100000
	pigment { color rgbt <1,0,0,0> }
	no_shadow
}
cylinder {
	<44.242245, 33.135303, 13.880137>,  <44.179752, 33.529926, 13.899334>, 0.100000
	pigment { color rgbt <1,0,0,0> }
	no_shadow
}

// particle -1
sphere {
	<44.242245, 33.135303, 13.880137> 0.100000
	pigment { color rgbt <1,0,0,0> }
	no_shadow
}
sphere {
	0, 1
	scale<0.080000,0.200000,0.300000>
	matrix <0.086963, 0.062138, -0.994272,
		0.983885, 0.151163, 0.095502,
		0.156231, -0.986554, -0.047991,
		44.289112, 32.839336, 13.865740>
	pigment { color rgbt <0,1,1,0> }
	no_shadow
}
cylinder {
	<43.636864, 34.041039, 13.895440>,  <44.179752, 33.529926, 13.899334>, 0.130000
	pigment { color rgbt <1,0,0,0> }
	no_shadow
}

// nucleotide -1

// particle -1
sphere {
	<43.636864, 34.041039, 13.895440> 0.250000
	pigment { color rgbt <1,0,0,0> }
	no_shadow
}
cylinder {
	<43.590466, 34.309074, 13.602176>,  <43.562626, 34.469894, 13.426217>, 0.100000
	pigment { color rgbt <1,0,0,0> }
	no_shadow
}
cylinder {
	<43.590466, 34.309074, 13.602176>,  <43.636864, 34.041039, 13.895440>, 0.100000
	pigment { color rgbt <1,0,0,0> }
	no_shadow
}

// particle -1
sphere {
	<43.590466, 34.309074, 13.602176> 0.100000
	pigment { color rgbt <1,0,0,0> }
	no_shadow
}
sphere {
	0, 1
	scale<0.080000,0.200000,0.300000>
	matrix <-0.895199, 0.249255, 0.369447,
		0.430307, 0.699179, 0.570951,
		-0.115997, 0.670090, -0.733160,
		43.555668, 34.510101, 13.382228>
	pigment { color rgbt <0,1,1,0> }
	no_shadow
}
cylinder {
	<43.561314, 34.728588, 14.222775>,  <43.636864, 34.041039, 13.895440>, 0.130000
	pigment { color rgbt <1,0,0,0> }
	no_shadow
}

// nucleotide -1

// particle -1
sphere {
	<43.561314, 34.728588, 14.222775> 0.250000
	pigment { color rgbt <1,0,0,0> }
	no_shadow
}
cylinder {
	<43.351585, 34.639027, 13.894153>,  <43.225750, 34.585289, 13.696979>, 0.100000
	pigment { color rgbt <1,0,0,0> }
	no_shadow
}
cylinder {
	<43.351585, 34.639027, 13.894153>,  <43.561314, 34.728588, 14.222775>, 0.100000
	pigment { color rgbt <1,0,0,0> }
	no_shadow
}

// particle -1
sphere {
	<43.351585, 34.639027, 13.894153> 0.100000
	pigment { color rgbt <1,0,0,0> }
	no_shadow
}
sphere {
	0, 1
	scale<0.080000,0.200000,0.300000>
	matrix <-0.848498, 0.056140, 0.526212,
		-0.071700, 0.972992, -0.219419,
		-0.524319, -0.223905, -0.821557,
		43.194290, 34.571854, 13.647686>
	pigment { color rgbt <0,1,1,0> }
	no_shadow
}
cylinder {
	<42.857754, 34.718975, 14.452126>,  <43.561314, 34.728588, 14.222775>, 0.130000
	pigment { color rgbt <1,0,0,0> }
	no_shadow
}

// nucleotide -1

// particle -1
sphere {
	<42.857754, 34.718975, 14.452126> 0.250000
	pigment { color rgbt <1,0,0,0> }
	no_shadow
}
cylinder {
	<42.865265, 34.722206, 14.052209>,  <42.869770, 34.724144, 13.812259>, 0.100000
	pigment { color rgbt <1,0,0,0> }
	no_shadow
}
cylinder {
	<42.865265, 34.722206, 14.052209>,  <42.857754, 34.718975, 14.452126>, 0.100000
	pigment { color rgbt <1,0,0,0> }
	no_shadow
}

// particle -1
sphere {
	<42.865265, 34.722206, 14.052209> 0.100000
	pigment { color rgbt <1,0,0,0> }
	no_shadow
}
sphere {
	0, 1
	scale<0.080000,0.200000,0.300000>
	matrix <-0.965651, 0.259346, -0.016041,
		0.259162, 0.965751, 0.012665,
		0.018776, 0.008073, -0.999791,
		42.870899, 34.724628, 13.752272>
	pigment { color rgbt <0,1,1,0> }
	no_shadow
}
cylinder {
	<42.608044, 35.392723, 14.096702>,  <42.857754, 34.718975, 14.452126>, 0.130000
	pigment { color rgbt <1,0,0,0> }
	no_shadow
}

// nucleotide -1

// particle -1
sphere {
	<42.608044, 35.392723, 14.096702> 0.250000
	pigment { color rgbt <1,0,0,0> }
	no_shadow
}
cylinder {
	<42.529129, 35.064816, 13.881646>,  <42.481781, 34.868069, 13.752613>, 0.100000
	pigment { color rgbt <1,0,0,0> }
	no_shadow
}
cylinder {
	<42.529129, 35.064816, 13.881646>,  <42.608044, 35.392723, 14.096702>, 0.100000
	pigment { color rgbt <1,0,0,0> }
	no_shadow
}

// particle -1
sphere {
	<42.529129, 35.064816, 13.881646> 0.100000
	pigment { color rgbt <1,0,0,0> }
	no_shadow
}
sphere {
	0, 1
	scale<0.080000,0.200000,0.300000>
	matrix <-0.968695, 0.078707, 0.235448,
		-0.150697, 0.567257, -0.809636,
		-0.197284, -0.819771, -0.537638,
		42.469944, 34.818886, 13.720355>
	pigment { color rgbt <0,1,1,0> }
	no_shadow
}
cylinder {
	<42.006992, 35.462563, 13.576248>,  <42.608044, 35.392723, 14.096702>, 0.130000
	pigment { color rgbt <1,0,0,0> }
	no_shadow
}

// nucleotide -1

// particle -1
sphere {
	<42.006992, 35.462563, 13.576248> 0.250000
	pigment { color rgbt <1,0,0,0> }
	no_shadow
}
cylinder {
	<42.069954, 35.117451, 13.768430>,  <42.107731, 34.910385, 13.883739>, 0.100000
	pigment { color rgbt <1,0,0,0> }
	no_shadow
}
cylinder {
	<42.069954, 35.117451, 13.768430>,  <42.006992, 35.462563, 13.576248>, 0.100000
	pigment { color rgbt <1,0,0,0> }
	no_shadow
}

// particle -1
sphere {
	<42.069954, 35.117451, 13.768430> 0.100000
	pigment { color rgbt <1,0,0,0> }
	no_shadow
}
sphere {
	0, 1
	scale<0.080000,0.200000,0.300000>
	matrix <-0.905423, 0.068149, 0.419006,
		-0.394252, -0.500965, -0.770454,
		0.157401, -0.862781, 0.480453,
		42.117176, 34.858616, 13.912565>
	pigment { color rgbt <0,1,1,0> }
	no_shadow
}
cylinder {
	<41.400608, 34.982143, 13.504899>,  <42.006992, 35.462563, 13.576248>, 0.130000
	pigment { color rgbt <1,0,0,0> }
	no_shadow
}

// nucleotide -1

// particle -1
sphere {
	<41.400608, 34.982143, 13.504899> 0.250000
	pigment { color rgbt <1,0,0,0> }
	no_shadow
}
cylinder {
	<41.597076, 34.928020, 13.849095>,  <41.714958, 34.895546, 14.055613>, 0.100000
	pigment { color rgbt <1,0,0,0> }
	no_shadow
}
cylinder {
	<41.597076, 34.928020, 13.849095>,  <41.400608, 34.982143, 13.504899>, 0.100000
	pigment { color rgbt <1,0,0,0> }
	no_shadow
}

// particle -1
sphere {
	<41.597076, 34.928020, 13.849095> 0.100000
	pigment { color rgbt <1,0,0,0> }
	no_shadow
}
sphere {
	0, 1
	scale<0.080000,0.200000,0.300000>
	matrix <-0.870337, -0.116579, 0.478460,
		0.035575, -0.983921, -0.175025,
		0.491171, -0.135309, 0.860490,
		41.744427, 34.887428, 14.107243>
	pigment { color rgbt <0,1,1,0> }
	no_shadow
}
cylinder {
	<41.090538, 34.295269, 13.815724>,  <41.400608, 34.982143, 13.504899>, 0.130000
	pigment { color rgbt <1,0,0,0> }
	no_shadow
}

// nucleotide -1

// particle -1
sphere {
	<41.090538, 34.295269, 13.815724> 0.250000
	pigment { color rgbt <1,0,0,0> }
	no_shadow
}
cylinder {
	<41.276459, 34.516060, 14.092645>,  <41.388012, 34.648533, 14.258797>, 0.100000
	pigment { color rgbt <1,0,0,0> }
	no_shadow
}
cylinder {
	<41.276459, 34.516060, 14.092645>,  <41.090538, 34.295269, 13.815724>, 0.100000
	pigment { color rgbt <1,0,0,0> }
	no_shadow
}

// particle -1
sphere {
	<41.276459, 34.516060, 14.092645> 0.100000
	pigment { color rgbt <1,0,0,0> }
	no_shadow
}
sphere {
	0, 1
	scale<0.080000,0.200000,0.300000>
	matrix <-0.783899, -0.106986, 0.611602,
		0.411656, -0.826968, 0.382966,
		0.464803, 0.551977, 0.692300,
		41.415901, 34.681652, 14.300335>
	pigment { color rgbt <0,1,1,0> }
	no_shadow
}
cylinder {
	<40.989403, 33.961666, 14.439564>,  <41.090538, 34.295269, 13.815724>, 0.130000
	pigment { color rgbt <1,0,0,0> }
	no_shadow
}

// nucleotide -1

// particle -1
sphere {
	<40.989403, 33.961666, 14.439564> 0.250000
	pigment { color rgbt <1,0,0,0> }
	no_shadow
}
cylinder {
	<41.106789, 34.323994, 14.561791>,  <41.177219, 34.541389, 14.635128>, 0.100000
	pigment { color rgbt <1,0,0,0> }
	no_shadow
}
cylinder {
	<41.106789, 34.323994, 14.561791>,  <40.989403, 33.961666, 14.439564>, 0.100000
	pigment { color rgbt <1,0,0,0> }
	no_shadow
}

// particle -1
sphere {
	<41.106789, 34.323994, 14.561791> 0.100000
	pigment { color rgbt <1,0,0,0> }
	no_shadow
}
sphere {
	0, 1
	scale<0.080000,0.200000,0.300000>
	matrix <-0.723349, 0.001419, 0.690482,
		0.625018, -0.423662, 0.655640,
		0.293461, 0.905819, 0.305569,
		41.194828, 34.595741, 14.653462>
	pigment { color rgbt <0,1,1,0> }
	no_shadow
}
cylinder {
	<41.126198, 33.867123, 15.172319>,  <40.989403, 33.961666, 14.439564>, 0.130000
	pigment { color rgbt <1,0,0,0> }
	no_shadow
}

// nucleotide -1

// particle -1
sphere {
	<41.126198, 33.867123, 15.172319> 0.250000
	pigment { color rgbt <1,0,0,0> }
	no_shadow
}
cylinder {
	<41.068920, 34.259258, 15.118012>,  <41.034554, 34.494541, 15.085428>, 0.100000
	pigment { color rgbt <1,0,0,0> }
	no_shadow
}
cylinder {
	<41.068920, 34.259258, 15.118012>,  <41.126198, 33.867123, 15.172319>, 0.100000
	pigment { color rgbt <1,0,0,0> }
	no_shadow
}

// particle -1
sphere {
	<41.068920, 34.259258, 15.118012> 0.100000
	pigment { color rgbt <1,0,0,0> }
	no_shadow
}
sphere {
	0, 1
	scale<0.080000,0.200000,0.300000>
	matrix <-0.571719, 0.030039, 0.819899,
		0.807856, 0.195027, 0.556177,
		-0.143195, 0.980338, -0.135768,
		41.025963, 34.553360, 15.077282>
	pigment { color rgbt <0,1,1,0> }
	no_shadow
}
cylinder {
	<41.397575, 34.315281, 15.777568>,  <41.126198, 33.867123, 15.172319>, 0.130000
	pigment { color rgbt <1,0,0,0> }
	no_shadow
}

// nucleotide -1

// particle -1
sphere {
	<41.397575, 34.315281, 15.777568> 0.250000
	pigment { color rgbt <1,0,0,0> }
	no_shadow
}
cylinder {
	<41.141781, 34.562939, 15.595262>,  <40.988304, 34.711533, 15.485878>, 0.100000
	pigment { color rgbt <1,0,0,0> }
	no_shadow
}
cylinder {
	<41.141781, 34.562939, 15.595262>,  <41.397575, 34.315281, 15.777568>, 0.100000
	pigment { color rgbt <1,0,0,0> }
	no_shadow
}

// particle -1
sphere {
	<41.141781, 34.562939, 15.595262> 0.100000
	pigment { color rgbt <1,0,0,0> }
	no_shadow
}
sphere {
	0, 1
	scale<0.080000,0.200000,0.300000>
	matrix <-0.533323, 0.069731, 0.843032,
		0.553737, 0.782178, 0.285610,
		-0.639485, 0.619141, -0.455766,
		40.949936, 34.748680, 15.458531>
	pigment { color rgbt <0,1,1,0> }
	no_shadow
}
cylinder {
	<41.378849, 34.888020, 16.232866>,  <41.397575, 34.315281, 15.777568>, 0.130000
	pigment { color rgbt <1,0,0,0> }
	no_shadow
}

// nucleotide -1

// particle -1
sphere {
	<41.378849, 34.888020, 16.232866> 0.250000
	pigment { color rgbt <1,0,0,0> }
	no_shadow
}
cylinder {
	<41.053684, 34.913662, 16.001328>,  <40.858585, 34.929047, 15.862404>, 0.100000
	pigment { color rgbt <1,0,0,0> }
	no_shadow
}
cylinder {
	<41.053684, 34.913662, 16.001328>,  <41.378849, 34.888020, 16.232866>, 0.100000
	pigment { color rgbt <1,0,0,0> }
	no_shadow
}

// particle -1
sphere {
	<41.053684, 34.913662, 16.001328> 0.100000
	pigment { color rgbt <1,0,0,0> }
	no_shadow
}
sphere {
	0, 1
	scale<0.080000,0.200000,0.300000>
	matrix <-0.565405, 0.151405, 0.810798,
		0.139616, 0.986391, -0.086834,
		-0.812911, 0.064104, -0.578849,
		40.809811, 34.932892, 15.827673>
	pigment { color rgbt <0,1,1,0> }
	no_shadow
}
cylinder {
	<41.070717, 35.551197, 16.467487>,  <41.378849, 34.888020, 16.232866>, 0.130000
	pigment { color rgbt <1,0,0,0> }
	no_shadow
}

// nucleotide -1

// particle -1
sphere {
	<41.070717, 35.551197, 16.467487> 0.250000
	pigment { color rgbt <1,0,0,0> }
	no_shadow
}
cylinder {
	<40.766125, 35.372864, 16.279285>,  <40.583370, 35.265862, 16.166365>, 0.100000
	pigment { color rgbt <1,0,0,0> }
	no_shadow
}
cylinder {
	<40.766125, 35.372864, 16.279285>,  <41.070717, 35.551197, 16.467487>, 0.100000
	pigment { color rgbt <1,0,0,0> }
	no_shadow
}

// particle -1
sphere {
	<40.766125, 35.372864, 16.279285> 0.100000
	pigment { color rgbt <1,0,0,0> }
	no_shadow
}
sphere {
	0, 1
	scale<0.080000,0.200000,0.300000>
	matrix <-0.590238, 0.176939, 0.787599,
