// switches for output
#declare DRAW_BASES = 1; // possible values are 0, 1; only relevant for DNA ribbons
#declare DRAW_BASES_TYPE = 3; // possible values are 1, 2, 3; only relevant for DNA ribbons
#declare DRAW_FOG = 0; // set to 1 to enable fog

#include "colors.inc"

#include "transforms.inc"
background { rgb <1, 1, 1>}

#default {
   normal{
       ripples 0.25
       frequency 0.20
       turbulence 0.2
       lambda 5
   }
	finish {
		phong 0.1
		phong_size 40.
	}
}

// original window dimensions: 1024x640


// camera settings

camera {
	sky <-0, 1, 0>
	up <-0, 1, 0>
	right 1.6 * <0.581683, 0, 0.813415>
	location <-54.4937, 30, 90.4225>
	look_at <30, 30, 30>
	direction <84.4937, 0, -60.4225>
	angle 67.0682
}


# declare cpy_camera_pos = <-54.4937, 30, 90.4225>;
# if (DRAW_FOG = 1)
fog {
	fog_type 2
	up vnormalize(cpy_camera_pos)
	color rgbt<1,1,1,0.3>
	distance 1e-5
	fog_alt 3e-3
	fog_offset 48
}
# end


// LIGHTS

# declare lum = 6;
global_settings {
	ambient_light rgb lum * <0.05, 0.05, 0.05>
	max_trace_level 15
}# declare cpy_direct_light_amount = 0.25;
light_source
{	1000 * <0.231732, -1, 1.3951>,
	rgb lum * cpy_direct_light_amount
	parallel
}

light_source
{	1000 * <-0.231732, 1, -1.3951>,
	rgb lum * cpy_direct_light_amount
	parallel
}

// strand 0

// nucleotide -1

// particle -1
sphere {
	<43.531551, 32.888962, 23.053835> 0.250000
	pigment { color rgbt <1,0,0,0> }
	no_shadow
}
cylinder {
	<43.227272, 32.898079, 23.313316>,  <43.044704, 32.903549, 23.469006>, 0.100000
	pigment { color rgbt <1,0,0,0> }
	no_shadow
}
cylinder {
	<43.227272, 32.898079, 23.313316>,  <43.531551, 32.888962, 23.053835>, 0.100000
	pigment { color rgbt <1,0,0,0> }
	no_shadow
}

// particle -1
sphere {
	<43.227272, 32.898079, 23.313316> 0.100000
	pigment { color rgbt <1,0,0,0> }
	no_shadow
}
sphere {
	0, 1
	scale<0.080000,0.200000,0.300000>
	matrix <-0.182658, 0.951481, -0.247628,
		-0.622875, -0.306861, -0.719627,
		-0.760699, 0.022796, 0.648705,
		42.999062, 32.904919, 23.507927>
	pigment { color rgbt <0,1,1,0> }
	no_shadow
}
cylinder {
	<42.924259, 33.173225, 22.767086>,  <43.531551, 32.888962, 23.053835>, 0.130000
	pigment { color rgbt <1,0,0,0> }
	no_shadow
}

// nucleotide -1

// particle -1
sphere {
	<42.924259, 33.173225, 22.767086> 0.250000
	pigment { color rgbt <1,0,0,0> }
	no_shadow
}
cylinder {
	<42.944511, 33.242275, 23.160561>,  <42.956661, 33.283707, 23.396645>, 0.100000
	pigment { color rgbt <1,0,0,0> }
	no_shadow
}
cylinder {
	<42.944511, 33.242275, 23.160561>,  <42.924259, 33.173225, 22.767086>, 0.100000
	pigment { color rgbt <1,0,0,0> }
	no_shadow
}

// particle -1
sphere {
	<42.944511, 33.242275, 23.160561> 0.100000
	pigment { color rgbt <1,0,0,0> }
	no_shadow
}
sphere {
	0, 1
	scale<0.080000,0.200000,0.300000>
	matrix <-0.011612, 0.984983, -0.172258,
		-0.998650, -0.002701, 0.051876,
		0.050632, 0.172627, 0.983685,
		42.959702, 33.294064, 23.455666>
	pigment { color rgbt <0,1,1,0> }
	no_shadow
}
cylinder {
	<42.324837, 33.677979, 22.970411>,  <42.924259, 33.173225, 22.767086>, 0.130000
	pigment { color rgbt <1,0,0,0> }
	no_shadow
}

// nucleotide -1

// particle -1
sphere {
	<42.324837, 33.677979, 22.970411> 0.250000
	pigment { color rgbt <1,0,0,0> }
	no_shadow
}
cylinder {
	<42.670612, 33.697098, 23.170593>,  <42.878078, 33.708569, 23.290703>, 0.100000
	pigment { color rgbt <1,0,0,0> }
	no_shadow
}
cylinder {
	<42.670612, 33.697098, 23.170593>,  <42.324837, 33.677979, 22.970411>, 0.100000
	pigment { color rgbt <1,0,0,0> }
	no_shadow
}

// particle -1
sphere {
	<42.670612, 33.697098, 23.170593> 0.100000
	pigment { color rgbt <1,0,0,0> }
	no_shadow
}
sphere {
	0, 1
	scale<0.080000,0.200000,0.300000>
	matrix <0.133487, 0.937914, -0.320153,
		-0.484686, 0.343558, 0.804393,
		0.864442, 0.047797, 0.500455,
		42.929947, 33.711437, 23.320730>
	pigment { color rgbt <0,1,1,0> }
	no_shadow
}
cylinder {
	<42.724583, 34.019161, 22.528372>,  <42.324837, 33.677979, 22.970411>, 0.130000
	pigment { color rgbt <1,0,0,0> }
	no_shadow
}

// nucleotide -1

// particle -1
sphere {
	<42.724583, 34.019161, 22.528372> 0.250000
	pigment { color rgbt <1,0,0,0> }
	no_shadow
}
cylinder {
	<43.110771, 33.962006, 22.441250>,  <43.342484, 33.927711, 22.388977>, 0.100000
	pigment { color rgbt <1,0,0,0> }
	no_shadow
}
cylinder {
	<43.110771, 33.962006, 22.441250>,  <42.724583, 34.019161, 22.528372>, 0.100000
	pigment { color rgbt <1,0,0,0> }
	no_shadow
}

// particle -1
sphere {
	<43.110771, 33.962006, 22.441250> 0.100000
	pigment { color rgbt <1,0,0,0> }
	no_shadow
}
sphere {
	0, 1
	scale<0.080000,0.200000,0.300000>
	matrix <0.038344, 0.904971, -0.423742,
		0.257657, 0.400761, 0.879206,
		0.965475, -0.142892, -0.217805,
		43.400414, 33.919136, 22.375908>
	pigment { color rgbt <0,1,1,0> }
	no_shadow
}
cylinder {
	<42.212368, 34.550308, 22.421495>,  <42.724583, 34.019161, 22.528372>, 0.130000
	pigment { color rgbt <1,0,0,0> }
	no_shadow
}

// nucleotide -1

// particle -1
sphere {
	<42.212368, 34.550308, 22.421495> 0.250000
	pigment { color rgbt <1,0,0,0> }
	no_shadow
}
cylinder {
	<41.812428, 34.546970, 22.415554>,  <41.572464, 34.544968, 22.411989>, 0.100000
	pigment { color rgbt <1,0,0,0> }
	no_shadow
}
cylinder {
	<41.812428, 34.546970, 22.415554>,  <42.212368, 34.550308, 22.421495>, 0.100000
	pigment { color rgbt <1,0,0,0> }
	no_shadow
}

// particle -1
sphere {
	<41.812428, 34.546970, 22.415554> 0.100000
	pigment { color rgbt <1,0,0,0> }
	no_shadow
}
sphere {
	0, 1
	scale<0.080000,0.200000,0.300000>
	matrix <-0.015815, 0.130101, 0.991375,
		-0.006337, 0.991466, -0.130214,
		-0.999855, -0.008342, -0.014855,
		41.512470, 34.544468, 22.411097>
	pigment { color rgbt <0,1,1,0> }
	no_shadow
}
cylinder {
	<41.950912, 34.945637, 22.948786>,  <42.212368, 34.550308, 22.421495>, 0.130000
	pigment { color rgbt <1,0,0,0> }
	no_shadow
}

// nucleotide -1

// particle -1
sphere {
	<41.950912, 34.945637, 22.948786> 0.250000
	pigment { color rgbt <1,0,0,0> }
	no_shadow
}
cylinder {
	<41.643318, 34.699795, 22.878452>,  <41.458759, 34.552288, 22.836252>, 0.100000
	pigment { color rgbt <1,0,0,0> }
	no_shadow
}
cylinder {
	<41.643318, 34.699795, 22.878452>,  <41.950912, 34.945637, 22.948786>, 0.100000
	pigment { color rgbt <1,0,0,0> }
	no_shadow
}

// particle -1
sphere {
	<41.643318, 34.699795, 22.878452> 0.100000
	pigment { color rgbt <1,0,0,0> }
	no_shadow
}
sphere {
	0, 1
	scale<0.080000,0.200000,0.300000>
	matrix <-0.082455, -0.177396, 0.980679,
		-0.633922, 0.768629, 0.085738,
		-0.768989, -0.614605, -0.175832,
		41.412621, 34.515411, 22.825703>
	pigment { color rgbt <0,1,1,0> }
	no_shadow
}
cylinder {
	<41.357414, 35.210033, 23.345949>,  <41.950912, 34.945637, 22.948786>, 0.130000
	pigment { color rgbt <1,0,0,0> }
	no_shadow
}

// nucleotide -1

// particle -1
sphere {
	<41.357414, 35.210033, 23.345949> 0.250000
	pigment { color rgbt <1,0,0,0> }
	no_shadow
}
cylinder {
	<41.245365, 34.834969, 23.263668>,  <41.178135, 34.609928, 23.214298>, 0.100000
	pigment { color rgbt <1,0,0,0> }
	no_shadow
}
cylinder {
	<41.245365, 34.834969, 23.263668>,  <41.357414, 35.210033, 23.345949>, 0.100000
	pigment { color rgbt <1,0,0,0> }
	no_shadow
}

// particle -1
sphere {
	<41.245365, 34.834969, 23.263668> 0.100000
	pigment { color rgbt <1,0,0,0> }
	no_shadow
}
sphere {
	0, 1
	scale<0.080000,0.200000,0.300000>
	matrix <-0.230076, -0.142460, 0.962689,
		-0.931985, 0.317001, -0.175828,
		-0.280125, -0.937665, -0.205705,
		41.161327, 34.553669, 23.201956>
	pigment { color rgbt <0,1,1,0> }
	no_shadow
}
cylinder {
	<40.697929, 35.162312, 23.590921>,  <41.357414, 35.210033, 23.345949>, 0.130000
	pigment { color rgbt <1,0,0,0> }
	no_shadow
}

// nucleotide -1

// particle -1
sphere {
	<40.697929, 35.162312, 23.590921> 0.250000
	pigment { color rgbt <1,0,0,0> }
	no_shadow
}
cylinder {
	<40.821995, 34.782593, 23.570438>,  <40.896435, 34.554760, 23.558149>, 0.100000
	pigment { color rgbt <1,0,0,0> }
	no_shadow
}
cylinder {
	<40.821995, 34.782593, 23.570438>,  <40.697929, 35.162312, 23.590921>, 0.100000
	pigment { color rgbt <1,0,0,0> }
	no_shadow
}

// particle -1
sphere {
	<40.821995, 34.782593, 23.570438> 0.100000
	pigment { color rgbt <1,0,0,0> }
	no_shadow
}
sphere {
	0, 1
	scale<0.080000,0.200000,0.300000>
	matrix <-0.482980, -0.203743, 0.851598,
		-0.818857, -0.239406, -0.521688,
		0.310168, -0.949302, -0.051208,
		40.915047, 34.497803, 23.555077>
	pigment { color rgbt <0,1,1,0> }
	no_shadow
}
cylinder {
	<40.103794, 34.608269, 23.599722>,  <40.697929, 35.162312, 23.590921>, 0.130000
	pigment { color rgbt <1,0,0,0> }
	no_shadow
}

// nucleotide -1

// particle -1
sphere {
	<40.103794, 34.608269, 23.599722> 0.250000
	pigment { color rgbt <1,0,0,0> }
	no_shadow
}
cylinder {
	<40.431492, 34.428108, 23.741695>,  <40.628109, 34.320011, 23.826880>, 0.100000
	pigment { color rgbt <1,0,0,0> }
	no_shadow
}
cylinder {
	<40.431492, 34.428108, 23.741695>,  <40.103794, 34.608269, 23.599722>, 0.100000
	pigment { color rgbt <1,0,0,0> }
	no_shadow
}

// particle -1
sphere {
	<40.431492, 34.428108, 23.741695> 0.100000
	pigment { color rgbt <1,0,0,0> }
	no_shadow
}
sphere {
	0, 1
	scale<0.080000,0.200000,0.300000>
	matrix <-0.472588, -0.179704, 0.862767,
		-0.324812, -0.874552, -0.360078,
		0.819242, -0.450406, 0.354933,
		40.677265, 34.292988, 23.848175>
	pigment { color rgbt <0,1,1,0> }
	no_shadow
}
cylinder {
	<39.802574, 34.321636, 24.213066>,  <40.103794, 34.608269, 23.599722>, 0.130000
	pigment { color rgbt <1,0,0,0> }
	no_shadow
}

// nucleotide -1

// particle -1
sphere {
	<39.802574, 34.321636, 24.213066> 0.250000
	pigment { color rgbt <1,0,0,0> }
	no_shadow
}
cylinder {
	<40.197208, 34.270267, 24.253365>,  <40.433990, 34.239449, 24.277544>, 0.100000
	pigment { color rgbt <1,0,0,0> }
	no_shadow
}
cylinder {
	<40.197208, 34.270267, 24.253365>,  <39.802574, 34.321636, 24.213066>, 0.100000
	pigment { color rgbt <1,0,0,0> }
	no_shadow
}

// particle -1
sphere {
	<40.197208, 34.270267, 24.253365> 0.100000
	pigment { color rgbt <1,0,0,0> }
	no_shadow
}
sphere {
	0, 1
	scale<0.080000,0.200000,0.300000>
	matrix <-0.125781, -0.204821, 0.970684,
		-0.104018, -0.970339, -0.218227,
		0.986590, -0.128417, 0.100745,
		40.493187, 34.231743, 24.283588>
	pigment { color rgbt <0,1,1,0> }
	no_shadow
}
cylinder {
	<39.844891, 33.684303, 24.525476>,  <39.802574, 34.321636, 24.213066>, 0.130000
	pigment { color rgbt <1,0,0,0> }
	no_shadow
}

// nucleotide -1

// particle -1
sphere {
	<39.844891, 33.684303, 24.525476> 0.250000
	pigment { color rgbt <1,0,0,0> }
	no_shadow
}
cylinder {
	<40.197495, 33.855858, 24.604469>,  <40.409058, 33.958790, 24.651865>, 0.100000
	pigment { color rgbt <1,0,0,0> }
	no_shadow
}
cylinder {
	<40.197495, 33.855858, 24.604469>,  <39.844891, 33.684303, 24.525476>, 0.100000
	pigment { color rgbt <1,0,0,0> }
	no_shadow
}

// particle -1
sphere {
	<40.197495, 33.855858, 24.604469> 0.100000
	pigment { color rgbt <1,0,0,0> }
	no_shadow
}
sphere {
	0, 1
	scale<0.080000,0.200000,0.300000>
	matrix <-0.120725, -0.199612, 0.972410,
		0.456476, -0.881027, -0.124182,
		0.881508, 0.428889, 0.197480,
		40.461948, 33.984524, 24.663713>
	pigment { color rgbt <0,1,1,0> }
	no_shadow
}
cylinder {
	<40.059994, 33.272110, 25.038107>,  <39.844891, 33.684303, 24.525476>, 0.130000
	pigment { color rgbt <1,0,0,0> }
	no_shadow
}

// nucleotide -1

// particle -1
sphere {
	<40.059994, 33.272110, 25.038107> 0.250000
	pigment { color rgbt <1,0,0,0> }
	no_shadow
}
cylinder {
	<40.295387, 33.593147, 25.077164>,  <40.436623, 33.785770, 25.100597>, 0.100000
	pigment { color rgbt <1,0,0,0> }
	no_shadow
}
cylinder {
	<40.295387, 33.593147, 25.077164>,  <40.059994, 33.272110, 25.038107>, 0.100000
	pigment { color rgbt <1,0,0,0> }
	no_shadow
}

// particle -1
sphere {
	<40.295387, 33.593147, 25.077164> 0.100000
	pigment { color rgbt <1,0,0,0> }
	no_shadow
}
sphere {
	0, 1
	scale<0.080000,0.200000,0.300000>
	matrix <-0.123591, -0.030049, 0.991878,
		0.799009, -0.595769, 0.081510,
		0.588480, 0.802594, 0.097642,
		40.471931, 33.833927, 25.106457>
	pigment { color rgbt <0,1,1,0> }
	no_shadow
}
cylinder {
	<40.507111, 33.101685, 25.564520>,  <40.059994, 33.272110, 25.038107>, 0.130000
	pigment { color rgbt <1,0,0,0> }
	no_shadow
}

// nucleotide -1

// particle -1
sphere {
	<40.507111, 33.101685, 25.564520> 0.250000
	pigment { color rgbt <1,0,0,0> }
	no_shadow
}
cylinder {
	<40.500114, 33.501541, 25.572613>,  <40.495914, 33.741455, 25.577469>, 0.100000
	pigment { color rgbt <1,0,0,0> }
	no_shadow
}
cylinder {
	<40.500114, 33.501541, 25.572613>,  <40.507111, 33.101685, 25.564520>, 0.100000
	pigment { color rgbt <1,0,0,0> }
	no_shadow
}

// particle -1
sphere {
	<40.500114, 33.501541, 25.572613> 0.100000
	pigment { color rgbt <1,0,0,0> }
	no_shadow
}
sphere {
	0, 1
	scale<0.080000,0.200000,0.300000>
	matrix <-0.047725, -0.021045, 0.998639,
		0.998707, 0.016504, 0.048076,
		-0.017493, 0.999642, 0.020230,
		40.494865, 33.801434, 25.578682>
	pigment { color rgbt <0,1,1,0> }
	no_shadow
}
cylinder {
	<40.931694, 33.186310, 26.022268>,  <40.507111, 33.101685, 25.564520>, 0.130000
	pigment { color rgbt <1,0,0,0> }
	no_shadow
}

// nucleotide -1

// particle -1
sphere {
	<40.931694, 33.186310, 26.022268> 0.250000
	pigment { color rgbt <1,0,0,0> }
	no_shadow
}
cylinder {
	<40.711468, 33.519928, 26.008102>,  <40.579330, 33.720097, 25.999603>, 0.100000
	pigment { color rgbt <1,0,0,0> }
	no_shadow
}
cylinder {
	<40.711468, 33.519928, 26.008102>,  <40.931694, 33.186310, 26.022268>, 0.100000
	pigment { color rgbt <1,0,0,0> }
	no_shadow
}

// particle -1
sphere {
	<40.711468, 33.519928, 26.008102> 0.100000
	pigment { color rgbt <1,0,0,0> }
	no_shadow
}
sphere {
	0, 1
	scale<0.080000,0.200000,0.300000>
	matrix <-0.182127, -0.078610, 0.980128,
		0.814682, 0.546074, 0.195181,
		-0.550565, 0.834041, -0.035412,
		40.546299, 33.770142, 25.997478>
	pigment { color rgbt <0,1,1,0> }
	no_shadow
}
cylinder {
	<41.051765, 33.613579, 26.727213>,  <40.931694, 33.186310, 26.022268>, 0.130000
	pigment { color rgbt <1,0,0,0> }
	no_shadow
}

// nucleotide -1

// particle -1
sphere {
	<41.051765, 33.613579, 26.727213> 0.250000
	pigment { color rgbt <1,0,0,0> }
	no_shadow
}
cylinder {
	<40.720425, 33.786541, 26.584743>,  <40.521622, 33.890320, 26.499262>, 0.100000
	pigment { color rgbt <1,0,0,0> }
	no_shadow
}
cylinder {
	<40.720425, 33.786541, 26.584743>,  <41.051765, 33.613579, 26.727213>, 0.100000
	pigment { color rgbt <1,0,0,0> }
	no_shadow
}

// particle -1
sphere {
	<40.720425, 33.786541, 26.584743> 0.100000
	pigment { color rgbt <1,0,0,0> }
	no_shadow
}
sphere {
	0, 1
	scale<0.080000,0.200000,0.300000>
	matrix <-0.384454, 0.023654, 0.922841,
		0.407467, 0.901369, 0.146646,
		-0.828352, 0.432406, -0.356173,
		40.471920, 33.916264, 26.477892>
	pigment { color rgbt <0,1,1,0> }
	no_shadow
}
cylinder {
	<40.874649, 34.215759, 27.162441>,  <41.051765, 33.613579, 26.727213>, 0.130000
	pigment { color rgbt <1,0,0,0> }
	no_shadow
}

// nucleotide -1

// particle -1
sphere {
	<40.874649, 34.215759, 27.162441> 0.250000
	pigment { color rgbt <1,0,0,0> }
	no_shadow
}
cylinder {
	<40.541695, 34.075516, 26.990765>,  <40.341923, 33.991371, 26.887758>, 0.100000
	pigment { color rgbt <1,0,0,0> }
	no_shadow
}
cylinder {
	<40.541695, 34.075516, 26.990765>,  <40.874649, 34.215759, 27.162441>, 0.100000
	pigment { color rgbt <1,0,0,0> }
	no_shadow
}

// particle -1
sphere {
	<40.541695, 34.075516, 26.990765> 0.100000
	pigment { color rgbt <1,0,0,0> }
	no_shadow
}
sphere {
	0, 1
	scale<0.080000,0.200000,0.300000>
	matrix <-0.451673, -0.019557, 0.891969,
		-0.321122, 0.936319, -0.142080,
		-0.832389, -0.350605, -0.429190,
		40.291977, 33.970333, 26.862007>
	pigment { color rgbt <0,1,1,0> }
	no_shadow
}
cylinder {
	<40.304604, 34.620407, 27.385761>,  <40.874649, 34.215759, 27.162441>, 0.130000
	pigment { color rgbt <1,0,0,0> }
	no_shadow
}

// nucleotide -1

// particle -1
sphere {
	<40.304604, 34.620407, 27.385761> 0.250000
	pigment { color rgbt <1,0,0,0> }
	no_shadow
}
cylinder {
	<40.149345, 34.271606, 27.266464>,  <40.056190, 34.062325, 27.194885>, 0.100000
	pigment { color rgbt <1,0,0,0> }
	no_shadow
}
cylinder {
	<40.149345, 34.271606, 27.266464>,  <40.304604, 34.620407, 27.385761>, 0.100000
	pigment { color rgbt <1,0,0,0> }
	no_shadow
}

// particle -1
sphere {
	<40.149345, 34.271606, 27.266464> 0.100000
	pigment { color rgbt <1,0,0,0> }
	no_shadow
}
sphere {
	0, 1
	scale<0.080000,0.200000,0.300000>
	matrix <-0.489951, -0.078847, 0.868177,
		-0.780570, 0.483105, -0.396636,
		-0.388147, -0.872005, -0.298244,
		40.032902, 34.010006, 27.176991>
	pigment { color rgbt <0,1,1,0> }
	no_shadow
}
cylinder {
	<39.679283, 34.607700, 27.732182>,  <40.304604, 34.620407, 27.385761>, 0.130000
	pigment { color rgbt <1,0,0,0> }
	no_shadow
}

// nucleotide -1

// particle -1
sphere {
	<39.679283, 34.607700, 27.732182> 0.250000
	pigment { color rgbt <1,0,0,0> }
	no_shadow
}
cylinder {
	<39.715504, 34.228409, 27.610416>,  <39.737236, 34.000835, 27.537357>, 0.100000
	pigment { color rgbt <1,0,0,0> }
	no_shadow
}
cylinder {
	<39.715504, 34.228409, 27.610416>,  <39.679283, 34.607700, 27.732182>, 0.100000
	pigment { color rgbt <1,0,0,0> }
	no_shadow
}

// particle -1
sphere {
	<39.715504, 34.228409, 27.610416> 0.100000
	pigment { color rgbt <1,0,0,0> }
	no_shadow
}
sphere {
	0, 1
	scale<0.080000,0.200000,0.300000>
	matrix <-0.656042, -0.286771, 0.698120,
		-0.749272, 0.136491, -0.648044,
		0.090553, -0.948226, -0.304413,
		39.742668, 33.943939, 27.519093>
	pigment { color rgbt <0,1,1,0> }
	no_shadow
}
cylinder {
	<39.135437, 34.292881, 28.072290>,  <39.679283, 34.607700, 27.732182>, 0.130000
	pigment { color rgbt <1,0,0,0> }
	no_shadow
}

// nucleotide -1

// particle -1
sphere {
	<39.135437, 34.292881, 28.072290> 0.250000
	pigment { color rgbt <1,0,0,0> }
	no_shadow
}
cylinder {
	<39.354916, 33.983536, 27.945271>,  <39.486603, 33.797928, 27.869059>, 0.100000
	pigment { color rgbt <1,0,0,0> }
	no_shadow
}
cylinder {
	<39.354916, 33.983536, 27.945271>,  <39.135437, 34.292881, 28.072290>, 0.100000
	pigment { color rgbt <1,0,0,0> }
	no_shadow
}

// particle -1
sphere {
	<39.354916, 33.983536, 27.945271> 0.100000
	pigment { color rgbt <1,0,0,0> }
	no_shadow
}
sphere {
	0, 1
	scale<0.080000,0.200000,0.300000>
	matrix <-0.411189, -0.580365, 0.702922,
		-0.727909, -0.255120, -0.636445,
		0.548700, -0.773363, -0.317551,
		39.519527, 33.751526, 27.850006>
	pigment { color rgbt <0,1,1,0> }
	no_shadow
}
cylinder {
	<38.694260, 33.863777, 27.934181>,  <39.135437, 34.292881, 28.072290>, 0.130000
	pigment { color rgbt <1,0,0,0> }
	no_shadow
}

// nucleotide -1

// particle -1
sphere {
	<38.694260, 33.863777, 27.934181> 0.250000
	pigment { color rgbt <1,0,0,0> }
	no_shadow
}
cylinder {
	<39.028675, 33.652809, 27.994671>,  <39.229324, 33.526230, 28.030964>, 0.100000
	pigment { color rgbt <1,0,0,0> }
	no_shadow
}
cylinder {
	<39.028675, 33.652809, 27.994671>,  <38.694260, 33.863777, 27.934181>, 0.100000
	pigment { color rgbt <1,0,0,0> }
	no_shadow
}

// particle -1
sphere {
	<39.028675, 33.652809, 27.994671> 0.100000
	pigment { color rgbt <1,0,0,0> }
	no_shadow
}
sphere {
	0, 1
	scale<0.080000,0.200000,0.300000>
	matrix <-0.436188, -0.471703, 0.766313,
		-0.332835, -0.706629, -0.624416,
		0.836039, -0.527419, 0.151224,
		39.279488, 33.494583, 28.040037>
	pigment { color rgbt <0,1,1,0> }
	no_shadow
}
cylinder {
	<38.541557, 33.217850, 27.850401>,  <38.694260, 33.863777, 27.934181>, 0.130000
	pigment { color rgbt <1,0,0,0> }
	no_shadow
}

// nucleotide -1

// particle -1
sphere {
	<38.541557, 33.217850, 27.850401> 0.250000
	pigment { color rgbt <1,0,0,0> }
	no_shadow
}
cylinder {
	<38.856213, 33.233593, 28.096867>,  <39.045006, 33.243038, 28.244745>, 0.100000
	pigment { color rgbt <1,0,0,0> }
	no_shadow
}
cylinder {
	<38.856213, 33.233593, 28.096867>,  <38.541557, 33.217850, 27.850401>, 0.100000
	pigment { color rgbt <1,0,0,0> }
	no_shadow
}

// particle -1
sphere {
	<38.856213, 33.233593, 28.096867> 0.100000
	pigment { color rgbt <1,0,0,0> }
	no_shadow
}
sphere {
	0, 1
	scale<0.080000,0.200000,0.300000>
	matrix <-0.561131, -0.370739, 0.740057,
		0.257565, -0.927903, -0.269550,
		0.786634, 0.039360, 0.616164,
		39.092201, 33.245399, 28.281715>
	pigment { color rgbt <0,1,1,0> }
	no_shadow
}
cylinder {
	<38.402149, 32.805233, 28.452299>,  <38.541557, 33.217850, 27.850401>, 0.130000
	pigment { color rgbt <1,0,0,0> }
	no_shadow
}

// nucleotide -1

// particle -1
sphere {
	<38.402149, 32.805233, 28.452299> 0.250000
	pigment { color rgbt <1,0,0,0> }
	no_shadow
}
cylinder {
	<38.740932, 32.965736, 28.591812>,  <38.944202, 33.062038, 28.675520>, 0.100000
	pigment { color rgbt <1,0,0,0> }
	no_shadow
}
cylinder {
	<38.740932, 32.965736, 28.591812>,  <38.402149, 32.805233, 28.452299>, 0.100000
	pigment { color rgbt <1,0,0,0> }
	no_shadow
}

// particle -1
sphere {
	<38.740932, 32.965736, 28.591812> 0.100000
	pigment { color rgbt <1,0,0,0> }
	no_shadow
}
sphere {
	0, 1
	scale<0.080000,0.200000,0.300000>
	matrix <-0.254539, -0.269920, 0.928630,
		0.466760, -0.875293, -0.126477,
		0.846962, 0.401254, 0.348784,
		38.995022, 33.086113, 28.696447>
	pigment { color rgbt <0,1,1,0> }
	no_shadow
}
cylinder {
	<38.589870, 32.269154, 28.781429>,  <38.402149, 32.805233, 28.452299>, 0.130000
	pigment { color rgbt <1,0,0,0> }
	no_shadow
}

// nucleotide -1

// particle -1
sphere {
	<38.589870, 32.269154, 28.781429> 0.250000
	pigment { color rgbt <1,0,0,0> }
	no_shadow
}
cylinder {
	<38.797070, 32.574039, 28.936710>,  <38.921391, 32.756973, 29.029879>, 0.100000
	pigment { color rgbt <1,0,0,0> }
	no_shadow
}
cylinder {
	<38.797070, 32.574039, 28.936710>,  <38.589870, 32.269154, 28.781429>, 0.100000
	pigment { color rgbt <1,0,0,0> }
	no_shadow
}

// particle -1
sphere {
	<38.797070, 32.574039, 28.936710> 0.100000
	pigment { color rgbt <1,0,0,0> }
	no_shadow
}
sphere {
	0, 1
	scale<0.080000,0.200000,0.300000>
	matrix <-0.129596, -0.378663, 0.916416,
		0.845507, -0.525013, -0.097366,
		0.517999, 0.762218, 0.388202,
		38.952469, 32.802704, 29.053171>
	pigment { color rgbt <0,1,1,0> }
	no_shadow
}
cylinder {
	<39.041271, 31.924232, 29.168293>,  <38.589870, 32.269154, 28.781429>, 0.130000
	pigment { color rgbt <1,0,0,0> }
	no_shadow
}

// nucleotide -1

// particle -1
sphere {
	<39.041271, 31.924232, 29.168293> 0.250000
	pigment { color rgbt <1,0,0,0> }
	no_shadow
}
cylinder {
	<38.998871, 32.293648, 29.315720>,  <38.973431, 32.515297, 29.404175>, 0.100000
	pigment { color rgbt <1,0,0,0> }
	no_shadow
}
cylinder {
	<38.998871, 32.293648, 29.315720>,  <39.041271, 31.924232, 29.168293>, 0.100000
	pigment { color rgbt <1,0,0,0> }
	no_shadow
}

// particle -1
sphere {
	<38.998871, 32.293648, 29.315720> 0.100000
	pigment { color rgbt <1,0,0,0> }
	no_shadow
}
sphere {
	0, 1
	scale<0.080000,0.200000,0.300000>
	matrix <-0.190538, -0.382650, 0.904032,
		0.975940, 0.025605, 0.216532,
		-0.106004, 0.923538, 0.368565,
		38.967072, 32.570709, 29.426289>
	pigment { color rgbt <0,1,1,0> }
	no_shadow
}
cylinder {
	<39.382446, 31.873734, 29.779772>,  <39.041271, 31.924232, 29.168293>, 0.130000
	pigment { color rgbt <1,0,0,0> }
	no_shadow
}

// nucleotide -1

// particle -1
sphere {
	<39.382446, 31.873734, 29.779772> 0.250000
	pigment { color rgbt <1,0,0,0> }
	no_shadow
}
cylinder {
	<39.180454, 32.215145, 29.831127>,  <39.059258, 32.419991, 29.861940>, 0.100000
	pigment { color rgbt <1,0,0,0> }
	no_shadow
}
cylinder {
	<39.180454, 32.215145, 29.831127>,  <39.382446, 31.873734, 29.779772>, 0.100000
	pigment { color rgbt <1,0,0,0> }
	no_shadow
}

// particle -1
sphere {
	<39.180454, 32.215145, 29.831127> 0.100000
	pigment { color rgbt <1,0,0,0> }
	no_shadow
}
sphere {
	0, 1
	scale<0.080000,0.200000,0.300000>
	matrix <-0.349905, -0.338413, 0.873524,
		0.789023, 0.396192, 0.469546,
		-0.504984, 0.853527, 0.128386,
		39.028957, 32.471203, 29.869642>
	pigment { color rgbt <0,1,1,0> }
	no_shadow
}
cylinder {
	<39.626545, 32.076443, 30.430683>,  <39.382446, 31.873734, 29.779772>, 0.130000
	pigment { color rgbt <1,0,0,0> }
	no_shadow
}

// nucleotide -1

// particle -1
sphere {
	<39.626545, 32.076443, 30.430683> 0.250000
	pigment { color rgbt <1,0,0,0> }
	no_shadow
}
cylinder {
	<39.276371, 32.252361, 30.350491>,  <39.066269, 32.357914, 30.302374>, 0.100000
	pigment { color rgbt <1,0,0,0> }
	no_shadow
}
cylinder {
	<39.276371, 32.252361, 30.350491>,  <39.626545, 32.076443, 30.430683>, 0.100000
	pigment { color rgbt <1,0,0,0> }
	no_shadow
}

// particle -1
sphere {
	<39.276371, 32.252361, 30.350491> 0.100000
	pigment { color rgbt <1,0,0,0> }
	no_shadow
}
sphere {
	0, 1
	scale<0.080000,0.200000,0.300000>
	matrix <-0.346819, -0.282672, 0.894323,
		0.336653, 0.852451, 0.399991,
		-0.875432, 0.439801, -0.200484,
		39.013741, 32.384300, 30.290346>
	pigment { color rgbt <0,1,1,0> }
	no_shadow
}
cylinder {
	<39.443710, 32.416237, 31.020473>,  <39.626545, 32.076443, 30.430683>, 0.130000
	pigment { color rgbt <1,0,0,0> }
	no_shadow
}

// nucleotide -1

// particle -1
sphere {
	<39.443710, 32.416237, 31.020473> 0.250000
	pigment { color rgbt <1,0,0,0> }
	no_shadow
}
cylinder {
	<39.104080, 32.339539, 30.823578>,  <38.900303, 32.293518, 30.705441>, 0.100000
	pigment { color rgbt <1,0,0,0> }
	no_shadow
}
cylinder {
	<39.104080, 32.339539, 30.823578>,  <39.443710, 32.416237, 31.020473>, 0.100000
	pigment { color rgbt <1,0,0,0> }
	no_shadow
}

// particle -1
sphere {
	<39.104080, 32.339539, 30.823578> 0.100000
	pigment { color rgbt <1,0,0,0> }
	no_shadow
}
sphere {
	0, 1
	scale<0.080000,0.200000,0.300000>
	matrix <-0.415767, -0.332269, 0.846602,
		-0.325887, 0.923489, 0.202401,
		-0.849079, -0.191745, -0.492238,
		38.849358, 32.282017, 30.675907>
	pigment { color rgbt <0,1,1,0> }
	no_shadow
}
cylinder {
	<38.854538, 32.628784, 31.364685>,  <39.443710, 32.416237, 31.020473>, 0.130000
	pigment { color rgbt <1,0,0,0> }
	no_shadow
}

// nucleotide -1

// particle -1
sphere {
	<38.854538, 32.628784, 31.364685> 0.250000
	pigment { color rgbt <1,0,0,0> }
	no_shadow
}
cylinder {
	<38.701210, 32.348000, 31.124580>,  <38.609215, 32.179527, 30.980516>, 0.100000
	pigment { color rgbt <1,0,0,0> }
	no_shadow
}
cylinder {
	<38.701210, 32.348000, 31.124580>,  <38.854538, 32.628784, 31.364685>, 0.100000
	pigment { color rgbt <1,0,0,0> }
	no_shadow
}

// particle -1
sphere {
	<38.701210, 32.348000, 31.124580> 0.100000
	pigment { color rgbt <1,0,0,0> }
	no_shadow
}
sphere {
	0, 1
	scale<0.080000,0.200000,0.300000>
	matrix <-0.605935, -0.299374, 0.737033,
		-0.697073, 0.646239, -0.310588,
		-0.383317, -0.701963, -0.600264,
		38.586216, 32.137409, 30.944502>
	pigment { color rgbt <0,1,1,0> }
	no_shadow
}
cylinder {
	<38.074394, 32.727821, 31.165907>,  <38.854538, 32.628784, 31.364685>, 0.130000
	pigment { color rgbt <1,0,0,0> }
	no_shadow
}

// nucleotide -1

// particle -1
sphere {
	<38.074394, 32.727821, 31.165907> 0.250000
	pigment { color rgbt <1,0,0,0> }
	no_shadow
}
cylinder {
	<38.151752, 32.335732, 31.182659>,  <38.198166, 32.100475, 31.192711>, 0.100000
	pigment { color rgbt <1,0,0,0> }
	no_shadow
}
cylinder {
	<38.151752, 32.335732, 31.182659>,  <38.074394, 32.727821, 31.165907>, 0.100000
	pigment { color rgbt <1,0,0,0> }
	no_shadow
}

// particle -1
sphere {
	<38.151752, 32.335732, 31.182659> 0.100000
	pigment { color rgbt <1,0,0,0> }
	no_shadow
}
sphere {
	0, 1
	scale<0.080000,0.200000,0.300000>
	matrix <-0.731727, -0.115671, 0.671711,
		-0.653585, -0.160550, -0.739629,
		0.193397, -0.980226, 0.041878,
		38.209770, 32.041664, 31.195223>
	pigment { color rgbt <0,1,1,0> }
	no_shadow
}
cylinder {
	<37.425133, 32.332344, 31.110395>,  <38.074394, 32.727821, 31.165907>, 0.130000
	pigment { color rgbt <1,0,0,0> }
	no_shadow
}

// nucleotide -1

// particle -1
sphere {
	<37.425133, 32.332344, 31.110395> 0.250000
	pigment { color rgbt <1,0,0,0> }
	no_shadow
}
cylinder {
	<37.722595, 32.160664, 31.315437>,  <37.901073, 32.057655, 31.438463>, 0.100000
	pigment { color rgbt <1,0,0,0> }
	no_shadow
}
cylinder {
	<37.722595, 32.160664, 31.315437>,  <37.425133, 32.332344, 31.110395>, 0.100000
	pigment { color rgbt <1,0,0,0> }
	no_shadow
}

// particle -1
sphere {
	<37.722595, 32.160664, 31.315437> 0.100000
	pigment { color rgbt <1,0,0,0> }
	no_shadow
}
sphere {
	0, 1
	scale<0.080000,0.200000,0.300000>
	matrix <-0.512584, 0.126224, 0.849309,
		-0.429230, -0.894344, -0.126137,
		0.743653, -0.429205, 0.512605,
		37.945690, 32.031902, 31.469219>
	pigment { color rgbt <0,1,1,0> }
	no_shadow
}
cylinder {
	<37.477436, 31.581121, 30.882521>,  <37.425133, 32.332344, 31.110395>, 0.130000
	pigment { color rgbt <1,0,0,0> }
	no_shadow
}

// nucleotide -1

// particle -1
sphere {
	<37.477436, 31.581121, 30.882521> 0.250000
	pigment { color rgbt <1,0,0,0> }
	no_shadow
}
cylinder {
	<37.294159, 31.365631, 31.165314>,  <37.184193, 31.236336, 31.334990>, 0.100000
	pigment { color rgbt <1,0,0,0> }
	no_shadow
}
cylinder {
	<37.294159, 31.365631, 31.165314>,  <37.477436, 31.581121, 30.882521>, 0.100000
	pigment { color rgbt <1,0,0,0> }
	no_shadow
}

// particle -1
sphere {
	<37.294159, 31.365631, 31.165314> 0.100000
	pigment { color rgbt <1,0,0,0> }
	no_shadow
}
sphere {
	0, 1
	scale<0.080000,0.200000,0.300000>
	matrix <-0.696540, -0.276482, -0.662110,
		0.552166, -0.795820, -0.248562,
		-0.458197, -0.538728, 0.706985,
		37.156700, 31.204012, 31.377409>
	pigment { color rgbt <0,1,1,0> }
	no_shadow
}
cylinder {
	<37.412319, 30.780077, 30.822796>,  <37.477436, 31.581121, 30.882521>, 0.130000
	pigment { color rgbt <1,0,0,0> }
	no_shadow
}

// nucleotide -1

// particle -1
sphere {
	<37.412319, 30.780077, 30.822796> 0.250000
	pigment { color rgbt <1,0,0,0> }
	no_shadow
}
cylinder {
	<37.090904, 30.950996, 30.988567>,  <36.898056, 31.053547, 31.088030>, 0.100000
	pigment { color rgbt <1,0,0,0> }
	no_shadow
}
cylinder {
	<37.090904, 30.950996, 30.988567>,  <37.412319, 30.780077, 30.822796>, 0.100000
	pigment { color rgbt <1,0,0,0> }
	no_shadow
}

// particle -1
sphere {
	<37.090904, 30.950996, 30.988567> 0.100000
	pigment { color rgbt <1,0,0,0> }
	no_shadow
}
sphere {
	0, 1
	scale<0.080000,0.200000,0.300000>
	matrix <-0.575227, -0.378297, -0.725262,
		-0.153127, -0.821162, 0.549768,
		-0.803534, 0.427298, 0.414427,
		36.849846, 31.079185, 31.112896>
	pigment { color rgbt <0,1,1,0> }
	no_shadow
}
cylinder {
	<36.733517, 30.270231, 30.900682>,  <37.412319, 30.780077, 30.822796>, 0.130000
	pigment { color rgbt <1,0,0,0> }
	no_shadow
}

// nucleotide -1

// particle -1
sphere {
	<36.733517, 30.270231, 30.900682> 0.250000
	pigment { color rgbt <1,0,0,0> }
	no_shadow
}
cylinder {
	<36.633018, 30.656288, 30.871338>,  <36.572720, 30.887922, 30.853731>, 0.100000
	pigment { color rgbt <1,0,0,0> }
	no_shadow
}
cylinder {
	<36.633018, 30.656288, 30.871338>,  <36.733517, 30.270231, 30.900682>, 0.100000
	pigment { color rgbt <1,0,0,0> }
	no_shadow
}

// particle -1
sphere {
	<36.633018, 30.656288, 30.871338> 0.100000
	pigment { color rgbt <1,0,0,0> }
	no_shadow
}
sphere {
	0, 1
	scale<0.080000,0.200000,0.300000>
	matrix <-0.714587, -0.236075, -0.658509,
		-0.652873, -0.113020, 0.748988,
		-0.251242, 0.965140, -0.073364,
		36.557648, 30.945829, 30.849329>
	pigment { color rgbt <0,1,1,0> }
	no_shadow
}
cylinder {
	<36.663689, 30.588806, 30.295160>,  <36.733517, 30.270231, 30.900682>, 0.130000
	pigment { color rgbt <1,0,0,0> }
	no_shadow
}

// nucleotide -1

// particle -1
sphere {
	<36.663689, 30.588806, 30.295160> 0.250000
	pigment { color rgbt <1,0,0,0> }
	no_shadow
}
cylinder {
	<36.340538, 30.509712, 30.073082>,  <36.146648, 30.462255, 29.939835>, 0.100000
	pigment { color rgbt <1,0,0,0> }
	no_shadow
}
cylinder {
	<36.340538, 30.509712, 30.073082>,  <36.663689, 30.588806, 30.295160>, 0.100000
	pigment { color rgbt <1,0,0,0> }
	no_shadow
}

// particle -1
sphere {
	<36.340538, 30.509712, 30.073082> 0.100000
	pigment { color rgbt <1,0,0,0> }
	no_shadow
}
sphere {
	0, 1
	scale<0.080000,0.200000,0.300000>
	matrix <0.198679, 0.795520, -0.572429,
		0.554860, -0.572755, -0.603392,
		-0.807872, -0.197737, -0.555196,
		36.098175, 30.450392, 29.906523>
	pigment { color rgbt <0,1,1,0> }
	no_shadow
}
cylinder {
	<36.879868, 30.617414, 29.606262>,  <36.663689, 30.588806, 30.295160>, 0.130000
	pigment { color rgbt <1,0,0,0> }
	no_shadow
}

// nucleotide -1

// particle -1
sphere {
	<36.879868, 30.617414, 29.606262> 0.250000
	pigment { color rgbt <1,0,0,0> }
	no_shadow
}
cylinder {
	<36.484970, 30.679443, 29.620720>,  <36.248032, 30.716661, 29.629395>, 0.100000
	pigment { color rgbt <1,0,0,0> }
	no_shadow
}
cylinder {
	<36.484970, 30.679443, 29.620720>,  <36.879868, 30.617414, 29.606262>, 0.100000
	pigment { color rgbt <1,0,0,0> }
	no_shadow
}

// particle -1
sphere {
	<36.484970, 30.679443, 29.620720> 0.100000
	pigment { color rgbt <1,0,0,0> }
	no_shadow
}
sphere {
	0, 1
	scale<0.080000,0.200000,0.300000>
	matrix <0.106916, 0.813807, -0.571215,
		-0.117996, -0.560063, -0.820004,
		-0.987242, 0.155073, 0.036146,
		36.188797, 30.725965, 29.631563>
	pigment { color rgbt <0,1,1,0> }
	no_shadow
}
cylinder {
	<36.534256, 30.517805, 28.965376>,  <36.879868, 30.617414, 29.606262>, 0.130000
	pigment { color rgbt <1,0,0,0> }
	no_shadow
}

// nucleotide -1

// particle -1
sphere {
	<36.534256, 30.517805, 28.965376> 0.250000
	pigment { color rgbt <1,0,0,0> }
	no_shadow
}
cylinder {
	<36.379593, 30.810829, 29.189465>,  <36.286797, 30.986645, 29.323917>, 0.100000
	pigment { color rgbt <1,0,0,0> }
	no_shadow
}
cylinder {
	<36.379593, 30.810829, 29.189465>,  <36.534256, 30.517805, 28.965376>, 0.100000
	pigment { color rgbt <1,0,0,0> }
	no_shadow
}

// particle -1
sphere {
	<36.379593, 30.810829, 29.189465> 0.100000
	pigment { color rgbt <1,0,0,0> }
	no_shadow
}
sphere {
	0, 1
	scale<0.080000,0.200000,0.300000>
	matrix <0.115553, 0.641165, -0.758653,
		-0.914955, -0.228604, -0.332561,
		-0.386658, 0.732563, 0.560222,
		36.263596, 31.030598, 29.357531>
	pigment { color rgbt <0,1,1,0> }
	no_shadow
}
cylinder {
	<35.850761, 30.723837, 28.614626>,  <36.534256, 30.517805, 28.965376>, 0.130000
	pigment { color rgbt <1,0,0,0> }
	no_shadow
}

// nucleotide -1

// particle -1
sphere {
	<35.850761, 30.723837, 28.614626> 0.250000
	pigment { color rgbt <1,0,0,0> }
	no_shadow
}
cylinder {
	<36.054703, 30.994793, 28.826736>,  <36.177067, 31.157366, 28.954002>, 0.100000
	pigment { color rgbt <1,0,0,0> }
	no_shadow
}
cylinder {
	<36.054703, 30.994793, 28.826736>,  <35.850761, 30.723837, 28.614626>, 0.100000
	pigment { color rgbt <1,0,0,0> }
	no_shadow
}

// particle -1
sphere {
	<36.054703, 30.994793, 28.826736> 0.100000
	pigment { color rgbt <1,0,0,0> }
	no_shadow
}
sphere {
	0, 1
	scale<0.080000,0.200000,0.300000>
	matrix <0.060625, 0.586589, -0.807612,
		-0.858124, 0.443910, 0.258007,
		0.509851, 0.677390, 0.530278,
		36.207657, 31.198009, 28.985821>
	pigment { color rgbt <0,1,1,0> }
	no_shadow
}
cylinder {
	<35.471123, 31.412926, 28.444365>,  <35.850761, 30.723837, 28.614626>, 0.130000
	pigment { color rgbt <1,0,0,0> }
	no_shadow
}

// nucleotide -1

// particle -1
sphere {
	<35.471123, 31.412926, 28.444365> 0.250000
	pigment { color rgbt <1,0,0,0> }
	no_shadow
}
cylinder {
	<35.847832, 31.455887, 28.571819>,  <36.073856, 31.481663, 28.648293>, 0.100000
	pigment { color rgbt <1,0,0,0> }
	no_shadow
}
cylinder {
	<35.847832, 31.455887, 28.571819>,  <35.471123, 31.412926, 28.444365>, 0.100000
	pigment { color rgbt <1,0,0,0> }
	no_shadow
}

// particle -1
sphere {
	<35.847832, 31.455887, 28.571819> 0.100000
	pigment { color rgbt <1,0,0,0> }
	no_shadow
}
sphere {
	0, 1
	scale<0.080000,0.200000,0.300000>
	matrix <0.196620, 0.592825, -0.780960,
		-0.272772, 0.798137, 0.537190,
		0.941773, 0.107401, 0.318636,
		36.130363, 31.488108, 28.667410>
	pigment { color rgbt <0,1,1,0> }
	no_shadow
}
cylinder {
	<35.591072, 32.105026, 28.202755>,  <35.471123, 31.412926, 28.444365>, 0.130000
	pigment { color rgbt <1,0,0,0> }
	no_shadow
}

// nucleotide -1

// particle -1
sphere {
	<35.591072, 32.105026, 28.202755> 0.250000
	pigment { color rgbt <1,0,0,0> }
	no_shadow
}
cylinder {
	<35.938087, 31.918224, 28.271210>,  <36.146297, 31.806143, 28.312283>, 0.100000
	pigment { color rgbt <1,0,0,0> }
	no_shadow
}
cylinder {
	<35.938087, 31.918224, 28.271210>,  <35.591072, 32.105026, 28.202755>, 0.100000
	pigment { color rgbt <1,0,0,0> }
	no_shadow
}

// particle -1
sphere {
	<35.938087, 31.918224, 28.271210> 0.100000
	pigment { color rgbt <1,0,0,0> }
	no_shadow
}
sphere {
	0, 1
	scale<0.080000,0.200000,0.300000>
	matrix <0.402185, 0.456230, -0.793790,
		0.292629, 0.757468, 0.583619,
		0.867534, -0.467009, 0.171136,
		36.198349, 31.778122, 28.322550>
	pigment { color rgbt <0,1,1,0> }
	no_shadow
}
cylinder {
	<36.000694, 32.669022, 28.041105>,  <35.591072, 32.105026, 28.202755>, 0.130000
	pigment { color rgbt <1,0,0,0> }
	no_shadow
}

// nucleotide -1

// particle -1
sphere {
	<36.000694, 32.669022, 28.041105> 0.250000
	pigment { color rgbt <1,0,0,0> }
	no_shadow
}
cylinder {
	<36.239361, 32.348026, 28.042259>,  <36.382561, 32.155430, 28.042952>, 0.100000
	pigment { color rgbt <1,0,0,0> }
	no_shadow
}
cylinder {
	<36.239361, 32.348026, 28.042259>,  <36.000694, 32.669022, 28.041105>, 0.100000
	pigment { color rgbt <1,0,0,0> }
	no_shadow
}

// particle -1
sphere {
	<36.239361, 32.348026, 28.042259> 0.100000
	pigment { color rgbt <1,0,0,0> }
	no_shadow
}
sphere {
	0, 1
	scale<0.080000,0.200000,0.300000>
	matrix <0.519717, 0.383674, -0.763340,
		0.611463, 0.456957, 0.645990,
		0.596663, -0.802487, 0.002885,
		36.418358, 32.107281, 28.043125>
	pigment { color rgbt <0,1,1,0> }
	no_shadow
}
cylinder {
	<36.684708, 32.927578, 28.013283>,  <36.000694, 32.669022, 28.041105>, 0.130000
	pigment { color rgbt <1,0,0,0> }
	no_shadow
}

// nucleotide -1

// particle -1
sphere {
	<36.684708, 32.927578, 28.013283> 0.250000
	pigment { color rgbt <1,0,0,0> }
	no_shadow
}
cylinder {
	<36.693096, 32.553127, 27.872864>,  <36.698128, 32.328457, 27.788612>, 0.100000
	pigment { color rgbt <1,0,0,0> }
	no_shadow
}
cylinder {
	<36.693096, 32.553127, 27.872864>,  <36.684708, 32.927578, 28.013283>, 0.100000
	pigment { color rgbt <1,0,0,0> }
	no_shadow
}

// particle -1
sphere {
	<36.693096, 32.553127, 27.872864> 0.100000
	pigment { color rgbt <1,0,0,0> }
	no_shadow
}
sphere {
	0, 1
	scale<0.080000,0.200000,0.300000>
	matrix <0.486835, 0.316245, -0.814236,
		0.873242, -0.153826, 0.462369,
		0.020971, -0.936123, -0.351047,
		36.699387, 32.272289, 27.767550>
	pigment { color rgbt <0,1,1,0> }
	no_shadow
}
cylinder {
	<37.340462, 32.761196, 27.753771>,  <36.684708, 32.927578, 28.013283>, 0.130000
	pigment { color rgbt <1,0,0,0> }
	no_shadow
}

// nucleotide -1

// particle -1
sphere {
	<37.340462, 32.761196, 27.753771> 0.250000
	pigment { color rgbt <1,0,0,0> }
	no_shadow
}
cylinder {
	<37.163815, 32.443657, 27.586544>,  <37.057827, 32.253132, 27.486208>, 0.100000
	pigment { color rgbt <1,0,0,0> }
	no_shadow
}
cylinder {
	<37.163815, 32.443657, 27.586544>,  <37.340462, 32.761196, 27.753771>, 0.100000
	pigment { color rgbt <1,0,0,0> }
	no_shadow
}

// particle -1
sphere {
	<37.163815, 32.443657, 27.586544> 0.100000
	pigment { color rgbt <1,0,0,0> }
	no_shadow
}
sphere {
	0, 1
	scale<0.080000,0.200000,0.300000>
	matrix <0.524344, 0.149752, -0.838235,
		0.728038, -0.589389, 0.350116,
		-0.441616, -0.793848, -0.418068,
		37.031330, 32.205502, 27.461124>
	pigment { color rgbt <0,1,1,0> }
	no_shadow
}
cylinder {
	<37.886158, 32.447170, 27.423820>,  <37.340462, 32.761196, 27.753771>, 0.130000
	pigment { color rgbt <1,0,0,0> }
	no_shadow
}

// nucleotide -1

// particle -1
sphere {
	<37.886158, 32.447170, 27.423820> 0.250000
	pigment { color rgbt <1,0,0,0> }
	no_shadow
}
cylinder {
	<37.545132, 32.352032, 27.237675>,  <37.340515, 32.294949, 27.125988>, 0.100000
	pigment { color rgbt <1,0,0,0> }
	no_shadow
}
cylinder {
	<37.545132, 32.352032, 27.237675>,  <37.886158, 32.447170, 27.423820>, 0.100000
	pigment { color rgbt <1,0,0,0> }
	no_shadow
}

// particle -1
sphere {
	<37.545132, 32.352032, 27.237675> 0.100000
	pigment { color rgbt <1,0,0,0> }
	no_shadow
}
sphere {
	0, 1
	scale<0.080000,0.200000,0.300000>
	matrix <0.479163, -0.000237, -0.877726,
