// switches for output
#declare DRAW_BASES = 1; // possible values are 0, 1; only relevant for DNA ribbons
#declare DRAW_BASES_TYPE = 3; // possible values are 1, 2, 3; only relevant for DNA ribbons
#declare DRAW_FOG = 0; // set to 1 to enable fog

#include "colors.inc"

#include "transforms.inc"
background { rgb <1, 1, 1>}

#default {
   normal{
       ripples 0.25
       frequency 0.20
       turbulence 0.2
       lambda 5
   }
	finish {
		phong 0.1
		phong_size 40.
	}
}

// original window dimensions: 1024x640


// camera settings

camera {
	sky <-0, 1, 0>
	up <-0, 1, 0>
	right 1.6 * <0.581683, 0, 0.813415>
	location <-54.4937, 30, 90.4225>
	look_at <30, 30, 30>
	direction <84.4937, 0, -60.4225>
	angle 67.0682
}


# declare cpy_camera_pos = <-54.4937, 30, 90.4225>;
# if (DRAW_FOG = 1)
fog {
	fog_type 2
	up vnormalize(cpy_camera_pos)
	color rgbt<1,1,1,0.3>
	distance 1e-5
	fog_alt 3e-3
	fog_offset 48
}
# end


// LIGHTS

# declare lum = 6;
global_settings {
	ambient_light rgb lum * <0.05, 0.05, 0.05>
	max_trace_level 15
}# declare cpy_direct_light_amount = 0.25;
light_source
{	1000 * <0.231732, -1, 1.3951>,
	rgb lum * cpy_direct_light_amount
	parallel
}

light_source
{	1000 * <-0.231732, 1, -1.3951>,
	rgb lum * cpy_direct_light_amount
	parallel
}

// strand 0

// nucleotide -1

// particle -1
sphere {
	<43.013134, 32.804317, 22.909054> 0.250000
	pigment { color rgbt <1,0,0,0> }
	no_shadow
}
cylinder {
	<42.689831, 32.583782, 22.991749>,  <42.495850, 32.451462, 23.041365>, 0.100000
	pigment { color rgbt <1,0,0,0> }
	no_shadow
}
cylinder {
	<42.689831, 32.583782, 22.991749>,  <43.013134, 32.804317, 22.909054>, 0.100000
	pigment { color rgbt <1,0,0,0> }
	no_shadow
}

// particle -1
sphere {
	<42.689831, 32.583782, 22.991749> 0.100000
	pigment { color rgbt <1,0,0,0> }
	no_shadow
}
sphere {
	0, 1
	scale<0.080000,0.200000,0.300000>
	matrix <-0.427622, 0.790979, 0.437598,
		-0.404788, 0.265289, -0.875082,
		-0.808261, -0.551338, 0.206735,
		42.447353, 32.418381, 23.053770>
	pigment { color rgbt <0,1,1,0> }
	no_shadow
}
cylinder {
	<42.356491, 33.109825, 22.466158>,  <43.013134, 32.804317, 22.909054>, 0.130000
	pigment { color rgbt <1,0,0,0> }
	no_shadow
}

// nucleotide -1

// particle -1
sphere {
	<42.356491, 33.109825, 22.466158> 0.250000
	pigment { color rgbt <1,0,0,0> }
	no_shadow
}
cylinder {
	<42.303288, 32.929134, 22.819031>,  <42.271366, 32.820721, 23.030754>, 0.100000
	pigment { color rgbt <1,0,0,0> }
	no_shadow
}
cylinder {
	<42.303288, 32.929134, 22.819031>,  <42.356491, 33.109825, 22.466158>, 0.100000
	pigment { color rgbt <1,0,0,0> }
	no_shadow
}

// particle -1
sphere {
	<42.303288, 32.929134, 22.819031> 0.100000
	pigment { color rgbt <1,0,0,0> }
	no_shadow
}
sphere {
	0, 1
	scale<0.080000,0.200000,0.300000>
	matrix <-0.439050, 0.824848, 0.356176,
		-0.888563, -0.339948, -0.308044,
		-0.133008, -0.451732, 0.882183,
		42.263386, 32.793613, 23.083685>
	pigment { color rgbt <0,1,1,0> }
	no_shadow
}
cylinder {
	<41.836143, 33.502499, 22.747158>,  <42.356491, 33.109825, 22.466158>, 0.130000
	pigment { color rgbt <1,0,0,0> }
	no_shadow
}

// nucleotide -1

// particle -1
sphere {
	<41.836143, 33.502499, 22.747158> 0.250000
	pigment { color rgbt <1,0,0,0> }
	no_shadow
}
cylinder {
	<41.939129, 33.270630, 23.056400>,  <42.000919, 33.131508, 23.241945>, 0.100000
	pigment { color rgbt <1,0,0,0> }
	no_shadow
}
cylinder {
	<41.939129, 33.270630, 23.056400>,  <41.836143, 33.502499, 22.747158>, 0.100000
	pigment { color rgbt <1,0,0,0> }
	no_shadow
}

// particle -1
sphere {
	<41.939129, 33.270630, 23.056400> 0.100000
	pigment { color rgbt <1,0,0,0> }
	no_shadow
}
sphere {
	0, 1
	scale<0.080000,0.200000,0.300000>
	matrix <-0.288230, 0.717586, 0.634029,
		-0.922298, -0.386075, 0.017677,
		0.257467, -0.579669, 0.773107,
		42.016369, 33.096729, 23.288332>
	pigment { color rgbt <0,1,1,0> }
	no_shadow
}
cylinder {
	<41.209702, 33.459736, 23.124966>,  <41.836143, 33.502499, 22.747158>, 0.130000
	pigment { color rgbt <1,0,0,0> }
	no_shadow
}

// nucleotide -1

// particle -1
sphere {
	<41.209702, 33.459736, 23.124966> 0.250000
	pigment { color rgbt <1,0,0,0> }
	no_shadow
}
cylinder {
	<41.544315, 33.409100, 23.338200>,  <41.745083, 33.378716, 23.466141>, 0.100000
	pigment { color rgbt <1,0,0,0> }
	no_shadow
}
cylinder {
	<41.544315, 33.409100, 23.338200>,  <41.209702, 33.459736, 23.124966>, 0.100000
	pigment { color rgbt <1,0,0,0> }
	no_shadow
}

// particle -1
sphere {
	<41.544315, 33.409100, 23.338200> 0.100000
	pigment { color rgbt <1,0,0,0> }
	no_shadow
}
sphere {
	0, 1
	scale<0.080000,0.200000,0.300000>
	matrix <-0.273633, 0.746396, 0.606645,
		-0.474691, -0.653351, 0.589747,
		0.836537, -0.126594, 0.533086,
		41.795277, 33.371120, 23.498125>
	pigment { color rgbt <0,1,1,0> }
	no_shadow
}
cylinder {
	<41.064346, 33.587395, 23.837284>,  <41.209702, 33.459736, 23.124966>, 0.130000
	pigment { color rgbt <1,0,0,0> }
	no_shadow
}

// nucleotide -1

// particle -1
sphere {
	<41.064346, 33.587395, 23.837284> 0.250000
	pigment { color rgbt <1,0,0,0> }
	no_shadow
}
cylinder {
	<41.459164, 33.647182, 23.813965>,  <41.696056, 33.683056, 23.799973>, 0.100000
	pigment { color rgbt <1,0,0,0> }
	no_shadow
}
cylinder {
	<41.459164, 33.647182, 23.813965>,  <41.064346, 33.587395, 23.837284>, 0.100000
	pigment { color rgbt <1,0,0,0> }
	no_shadow
}

// particle -1
sphere {
	<41.459164, 33.647182, 23.813965> 0.100000
	pigment { color rgbt <1,0,0,0> }
	no_shadow
}
sphere {
	0, 1
	scale<0.080000,0.200000,0.300000>
	matrix <-0.117202, 0.919916, 0.374189,
		0.109561, -0.362509, 0.925518,
		0.987046, 0.149469, -0.058300,
		41.755276, 33.692024, 23.796474>
	pigment { color rgbt <0,1,1,0> }
	no_shadow
}
cylinder {
	<40.471424, 34.041336, 24.221565>,  <41.064346, 33.587395, 23.837284>, 0.130000
	pigment { color rgbt <1,0,0,0> }
	no_shadow
}

// nucleotide -1

// particle -1
sphere {
	<40.471424, 34.041336, 24.221565> 0.250000
	pigment { color rgbt <1,0,0,0> }
	no_shadow
}
cylinder {
	<40.075806, 34.059162, 24.165279>,  <39.838436, 34.069859, 24.131508>, 0.100000
	pigment { color rgbt <1,0,0,0> }
	no_shadow
}
cylinder {
	<40.075806, 34.059162, 24.165279>,  <40.471424, 34.041336, 24.221565>, 0.100000
	pigment { color rgbt <1,0,0,0> }
	no_shadow
}

// particle -1
sphere {
	<40.075806, 34.059162, 24.165279> 0.100000
	pigment { color rgbt <1,0,0,0> }
	no_shadow
}
sphere {
	0, 1
	scale<0.080000,0.200000,0.300000>
	matrix <0.114494, 0.833312, -0.540817,
		0.093158, -0.551004, -0.829287,
		-0.989047, 0.044567, -0.140717,
		39.779091, 34.072533, 24.123064>
	pigment { color rgbt <0,1,1,0> }
	no_shadow
}
cylinder {
	<40.460705, 34.182987, 23.446196>,  <40.471424, 34.041336, 24.221565>, 0.130000
	pigment { color rgbt <1,0,0,0> }
	no_shadow
}

// nucleotide -1

// particle -1
sphere {
	<40.460705, 34.182987, 23.446196> 0.250000
	pigment { color rgbt <1,0,0,0> }
	no_shadow
}
cylinder {
	<40.104141, 34.301147, 23.583675>,  <39.890202, 34.372044, 23.666164>, 0.100000
	pigment { color rgbt <1,0,0,0> }
	no_shadow
}
cylinder {
	<40.104141, 34.301147, 23.583675>,  <40.460705, 34.182987, 23.446196>, 0.100000
	pigment { color rgbt <1,0,0,0> }
	no_shadow
}

// particle -1
sphere {
	<40.104141, 34.301147, 23.583675> 0.100000
	pigment { color rgbt <1,0,0,0> }
	no_shadow
}
sphere {
	0, 1
	scale<0.080000,0.200000,0.300000>
	matrix <0.060292, 0.828938, -0.556082,
		-0.449175, -0.474973, -0.756732,
		-0.891407, 0.295403, 0.343701,
		39.836720, 34.389767, 23.686785>
	pigment { color rgbt <0,1,1,0> }
	no_shadow
}
cylinder {
	<40.001942, 34.375187, 22.805294>,  <40.460705, 34.182987, 23.446196>, 0.130000
	pigment { color rgbt <1,0,0,0> }
	no_shadow
}

// nucleotide -1

// particle -1
sphere {
	<40.001942, 34.375187, 22.805294> 0.250000
	pigment { color rgbt <1,0,0,0> }
	no_shadow
}
cylinder {
	<39.827068, 34.555237, 23.116745>,  <39.722145, 34.663265, 23.303616>, 0.100000
	pigment { color rgbt <1,0,0,0> }
	no_shadow
}
cylinder {
	<39.827068, 34.555237, 23.116745>,  <40.001942, 34.375187, 22.805294>, 0.100000
	pigment { color rgbt <1,0,0,0> }
	no_shadow
}

// particle -1
sphere {
	<39.827068, 34.555237, 23.116745> 0.100000
	pigment { color rgbt <1,0,0,0> }
	no_shadow
}
sphere {
	0, 1
	scale<0.080000,0.200000,0.300000>
	matrix <-0.033930, 0.856874, -0.514408,
		-0.898734, -0.251308, -0.359335,
		-0.437180, 0.450123, 0.778629,
		39.695915, 34.690273, 23.350334>
	pigment { color rgbt <0,1,1,0> }
	no_shadow
}
cylinder {
	<39.274899, 34.745522, 22.611675>,  <40.001942, 34.375187, 22.805294>, 0.130000
	pigment { color rgbt <1,0,0,0> }
	no_shadow
}

// nucleotide -1

// particle -1
sphere {
	<39.274899, 34.745522, 22.611675> 0.250000
	pigment { color rgbt <1,0,0,0> }
	no_shadow
}
cylinder {
	<39.420666, 34.937393, 22.930950>,  <39.508125, 35.052517, 23.122515>, 0.100000
	pigment { color rgbt <1,0,0,0> }
	no_shadow
}
cylinder {
	<39.420666, 34.937393, 22.930950>,  <39.274899, 34.745522, 22.611675>, 0.100000
	pigment { color rgbt <1,0,0,0> }
	no_shadow
}

// particle -1
sphere {
	<39.420666, 34.937393, 22.930950> 0.100000
	pigment { color rgbt <1,0,0,0> }
	no_shadow
}
sphere {
	0, 1
	scale<0.080000,0.200000,0.300000>
	matrix <-0.168866, 0.876958, -0.449920,
		-0.915796, 0.029172, 0.400582,
		0.364419, 0.479680, 0.798189,
		39.529991, 35.081299, 23.170406>
	pigment { color rgbt <0,1,1,0> }
	no_shadow
}
cylinder {
	<38.864986, 35.257462, 22.676132>,  <39.274899, 34.745522, 22.611675>, 0.130000
	pigment { color rgbt <1,0,0,0> }
	no_shadow
}

// nucleotide -1

// particle -1
sphere {
	<38.864986, 35.257462, 22.676132> 0.250000
	pigment { color rgbt <1,0,0,0> }
	no_shadow
}
cylinder {
	<39.192650, 35.372028, 22.874905>,  <39.389248, 35.440769, 22.994169>, 0.100000
	pigment { color rgbt <1,0,0,0> }
	no_shadow
}
cylinder {
	<39.192650, 35.372028, 22.874905>,  <38.864986, 35.257462, 22.676132>, 0.100000
	pigment { color rgbt <1,0,0,0> }
	no_shadow
}

// particle -1
sphere {
	<39.192650, 35.372028, 22.874905> 0.100000
	pigment { color rgbt <1,0,0,0> }
	no_shadow
}
sphere {
	0, 1
	scale<0.080000,0.200000,0.300000>
	matrix <-0.008334, 0.872244, -0.489000,
		-0.573505, 0.396428, 0.716894,
		0.819159, 0.286419, 0.496933,
		39.438396, 35.457954, 23.023985>
	pigment { color rgbt <0,1,1,0> }
	no_shadow
}
cylinder {
	<38.710373, 35.881321, 22.827589>,  <38.864986, 35.257462, 22.676132>, 0.130000
	pigment { color rgbt <1,0,0,0> }
	no_shadow
}

// nucleotide -1

// particle -1
sphere {
	<38.710373, 35.881321, 22.827589> 0.250000
	pigment { color rgbt <1,0,0,0> }
	no_shadow
}
cylinder {
	<39.096855, 35.895348, 22.929737>,  <39.328743, 35.903763, 22.991026>, 0.100000
	pigment { color rgbt <1,0,0,0> }
	no_shadow
}
cylinder {
	<39.096855, 35.895348, 22.929737>,  <38.710373, 35.881321, 22.827589>, 0.100000
	pigment { color rgbt <1,0,0,0> }
	no_shadow
}

// particle -1
sphere {
	<39.096855, 35.895348, 22.929737> 0.100000
	pigment { color rgbt <1,0,0,0> }
	no_shadow
}
sphere {
	0, 1
	scale<0.080000,0.200000,0.300000>
	matrix <0.037499, 0.961045, -0.273838,
		-0.255026, 0.274160, 0.927253,
		0.966207, 0.035065, 0.255372,
		39.386719, 35.905869, 23.006348>
	pigment { color rgbt <0,1,1,0> }
	no_shadow
}
cylinder {
	<38.764957, 36.524689, 23.117861>,  <38.710373, 35.881321, 22.827589>, 0.130000
	pigment { color rgbt <1,0,0,0> }
	no_shadow
}

// nucleotide -1

// particle -1
sphere {
	<38.764957, 36.524689, 23.117861> 0.250000
	pigment { color rgbt <1,0,0,0> }
	no_shadow
}
cylinder {
	<39.121037, 36.398479, 22.986408>,  <39.334682, 36.322754, 22.907537>, 0.100000
	pigment { color rgbt <1,0,0,0> }
	no_shadow
}
cylinder {
	<39.121037, 36.398479, 22.986408>,  <38.764957, 36.524689, 23.117861>, 0.100000
	pigment { color rgbt <1,0,0,0> }
	no_shadow
}

// particle -1
sphere {
	<39.121037, 36.398479, 22.986408> 0.100000
	pigment { color rgbt <1,0,0,0> }
	no_shadow
}
sphere {
	0, 1
	scale<0.080000,0.200000,0.300000>
	matrix <0.099111, 0.838196, -0.536287,
		0.444667, 0.444830, 0.777430,
		0.890196, -0.315521, -0.328630,
		39.388096, 36.303822, 22.887819>
	pigment { color rgbt <0,1,1,0> }
	no_shadow
}
cylinder {
	<39.148060, 37.000401, 23.305517>,  <38.764957, 36.524689, 23.117861>, 0.130000
	pigment { color rgbt <1,0,0,0> }
	no_shadow
}

// nucleotide -1

// particle -1
sphere {
	<39.148060, 37.000401, 23.305517> 0.250000
	pigment { color rgbt <1,0,0,0> }
	no_shadow
}
cylinder {
	<39.355995, 36.803818, 23.026020>,  <39.480755, 36.685867, 22.858322>, 0.100000
	pigment { color rgbt <1,0,0,0> }
	no_shadow
}
cylinder {
	<39.355995, 36.803818, 23.026020>,  <39.148060, 37.000401, 23.305517>, 0.100000
	pigment { color rgbt <1,0,0,0> }
	no_shadow
}

// particle -1
sphere {
	<39.355995, 36.803818, 23.026020> 0.100000
	pigment { color rgbt <1,0,0,0> }
	no_shadow
}
sphere {
	0, 1
	scale<0.080000,0.200000,0.300000>
	matrix <0.170995, 0.861255, -0.478541,
		0.836976, 0.129283, 0.531750,
		0.519839, -0.491453, -0.698742,
		39.511948, 36.656384, 22.816397>
	pigment { color rgbt <0,1,1,0> }
	no_shadow
}
cylinder {
	<39.654858, 37.463566, 23.246170>,  <39.148060, 37.000401, 23.305517>, 0.130000
	pigment { color rgbt <1,0,0,0> }
	no_shadow
}

// nucleotide -1

// particle -1
sphere {
	<39.654858, 37.463566, 23.246170> 0.250000
	pigment { color rgbt <1,0,0,0> }
	no_shadow
}
cylinder {
	<39.679970, 37.212952, 22.935425>,  <39.695038, 37.062584, 22.748978>, 0.100000
	pigment { color rgbt <1,0,0,0> }
	no_shadow
}
cylinder {
	<39.679970, 37.212952, 22.935425>,  <39.654858, 37.463566, 23.246170>, 0.100000
	pigment { color rgbt <1,0,0,0> }
	no_shadow
}

// particle -1
sphere {
	<39.679970, 37.212952, 22.935425> 0.100000
	pigment { color rgbt <1,0,0,0> }
	no_shadow
}
sphere {
	0, 1
	scale<0.080000,0.200000,0.300000>
	matrix <0.241106, 0.764863, -0.597371,
		0.968466, -0.149804, 0.199077,
		0.062778, -0.626532, -0.776863,
		39.698803, 37.024990, 22.702366>
	pigment { color rgbt <0,1,1,0> }
	no_shadow
}
cylinder {
	<40.335751, 37.436211, 22.950790>,  <39.654858, 37.463566, 23.246170>, 0.130000
	pigment { color rgbt <1,0,0,0> }
	no_shadow
}

// nucleotide -1

// particle -1
sphere {
	<40.335751, 37.436211, 22.950790> 0.250000
	pigment { color rgbt <1,0,0,0> }
	no_shadow
}
cylinder {
	<40.089931, 37.335724, 22.651665>,  <39.942440, 37.275433, 22.472189>, 0.100000
	pigment { color rgbt <1,0,0,0> }
	no_shadow
}
cylinder {
	<40.089931, 37.335724, 22.651665>,  <40.335751, 37.436211, 22.950790>, 0.100000
	pigment { color rgbt <1,0,0,0> }
	no_shadow
}

// particle -1
sphere {
	<40.089931, 37.335724, 22.651665> 0.100000
	pigment { color rgbt <1,0,0,0> }
	no_shadow
}
sphere {
	0, 1
	scale<0.080000,0.200000,0.300000>
	matrix <0.310947, 0.794060, -0.522285,
		0.725015, -0.553498, -0.409870,
		-0.614544, -0.251216, -0.747814,
		39.905567, 37.260361, 22.427320>
	pigment { color rgbt <0,1,1,0> }
	no_shadow
}
cylinder {
	<40.727882, 37.226864, 22.308578>,  <40.335751, 37.436211, 22.950790>, 0.130000
	pigment { color rgbt <1,0,0,0> }
	no_shadow
}

// nucleotide -1

// particle -1
sphere {
	<40.727882, 37.226864, 22.308578> 0.250000
	pigment { color rgbt <1,0,0,0> }
	no_shadow
}
cylinder {
	<40.368042, 37.352283, 22.186989>,  <40.152138, 37.427536, 22.114035>, 0.100000
	pigment { color rgbt <1,0,0,0> }
	no_shadow
}
cylinder {
	<40.368042, 37.352283, 22.186989>,  <40.727882, 37.226864, 22.308578>, 0.100000
	pigment { color rgbt <1,0,0,0> }
	no_shadow
}

// particle -1
sphere {
	<40.368042, 37.352283, 22.186989> 0.100000
	pigment { color rgbt <1,0,0,0> }
	no_shadow
}
sphere {
	0, 1
	scale<0.080000,0.200000,0.300000>
	matrix <0.431045, 0.749272, -0.502784,
		0.070111, -0.583333, -0.809202,
		-0.899602, 0.313552, -0.303975,
		40.098160, 37.446350, 22.095797>
	pigment { color rgbt <0,1,1,0> }
	no_shadow
}
cylinder {
	<40.865047, 37.539944, 21.637087>,  <40.727882, 37.226864, 22.308578>, 0.130000
	pigment { color rgbt <1,0,0,0> }
	no_shadow
}

// nucleotide -1

// particle -1
sphere {
	<40.865047, 37.539944, 21.637087> 0.250000
	pigment { color rgbt <1,0,0,0> }
	no_shadow
}
cylinder {
	<40.520397, 37.697914, 21.764606>,  <40.313606, 37.792694, 21.841118>, 0.100000
	pigment { color rgbt <1,0,0,0> }
	no_shadow
}
cylinder {
	<40.520397, 37.697914, 21.764606>,  <40.865047, 37.539944, 21.637087>, 0.100000
	pigment { color rgbt <1,0,0,0> }
	no_shadow
}

// particle -1
sphere {
	<40.520397, 37.697914, 21.764606> 0.100000
	pigment { color rgbt <1,0,0,0> }
	no_shadow
}
sphere {
	0, 1
	scale<0.080000,0.200000,0.300000>
	matrix <0.282257, 0.894884, -0.345707,
		-0.421815, -0.207888, -0.882527,
		-0.861628, 0.394924, 0.318798,
		40.261909, 37.816391, 21.860247>
	pigment { color rgbt <0,1,1,0> }
	no_shadow
}
cylinder {
	<40.799911, 38.075077, 21.111446>,  <40.865047, 37.539944, 21.637087>, 0.130000
	pigment { color rgbt <1,0,0,0> }
	no_shadow
}

// nucleotide -1

// particle -1
sphere {
	<40.799911, 38.075077, 21.111446> 0.250000
	pigment { color rgbt <1,0,0,0> }
	no_shadow
}
cylinder {
	<40.528843, 38.161358, 21.392654>,  <40.366203, 38.213127, 21.561380>, 0.100000
	pigment { color rgbt <1,0,0,0> }
	no_shadow
}
cylinder {
	<40.528843, 38.161358, 21.392654>,  <40.799911, 38.075077, 21.111446>, 0.100000
	pigment { color rgbt <1,0,0,0> }
	no_shadow
}

// particle -1
sphere {
	<40.528843, 38.161358, 21.392654> 0.100000
	pigment { color rgbt <1,0,0,0> }
	no_shadow
}
sphere {
	0, 1
	scale<0.080000,0.200000,0.300000>
	matrix <0.242457, 0.968094, -0.063314,
		-0.694248, 0.127547, -0.708344,
		-0.677668, 0.215699, 0.703022,
		40.325542, 38.226067, 21.603561>
	pigment { color rgbt <0,1,1,0> }
	no_shadow
}
cylinder {
	<40.528008, 38.639927, 20.897039>,  <40.799911, 38.075077, 21.111446>, 0.130000
	pigment { color rgbt <1,0,0,0> }
	no_shadow
}

// nucleotide -1

// particle -1
sphere {
	<40.528008, 38.639927, 20.897039> 0.250000
	pigment { color rgbt <1,0,0,0> }
	no_shadow
}
cylinder {
	<40.445656, 38.645088, 21.288437>,  <40.396244, 38.648186, 21.523275>, 0.100000
	pigment { color rgbt <1,0,0,0> }
	no_shadow
}
cylinder {
	<40.445656, 38.645088, 21.288437>,  <40.528008, 38.639927, 20.897039>, 0.100000
	pigment { color rgbt <1,0,0,0> }
	no_shadow
}

// particle -1
sphere {
	<40.445656, 38.645088, 21.288437> 0.100000
	pigment { color rgbt <1,0,0,0> }
	no_shadow
}
sphere {
	0, 1
	scale<0.080000,0.200000,0.300000>
	matrix <0.279842, 0.958932, 0.046239,
		-0.937710, 0.283342, -0.201038,
		-0.205883, 0.012900, 0.978492,
		40.383892, 38.648960, 21.581984>
	pigment { color rgbt <0,1,1,0> }
	no_shadow
}
cylinder {
	<40.071423, 39.167236, 20.998009>,  <40.528008, 38.639927, 20.897039>, 0.130000
	pigment { color rgbt <1,0,0,0> }
	no_shadow
}

// nucleotide -1

// particle -1
sphere {
	<40.071423, 39.167236, 20.998009> 0.250000
	pigment { color rgbt <1,0,0,0> }
	no_shadow
}
cylinder {
	<40.208645, 39.102077, 21.368042>,  <40.290977, 39.062984, 21.590061>, 0.100000
	pigment { color rgbt <1,0,0,0> }
	no_shadow
}
cylinder {
	<40.208645, 39.102077, 21.368042>,  <40.071423, 39.167236, 20.998009>, 0.100000
	pigment { color rgbt <1,0,0,0> }
	no_shadow
}

// particle -1
sphere {
	<40.208645, 39.102077, 21.368042> 0.100000
	pigment { color rgbt <1,0,0,0> }
	no_shadow
}
sphere {
	0, 1
	scale<0.080000,0.200000,0.300000>
	matrix <0.210581, 0.973118, 0.093260,
		-0.915407, 0.162812, 0.368134,
		0.343054, -0.162893, 0.925084,
		40.311562, 39.053211, 21.645567>
	pigment { color rgbt <0,1,1,0> }
	no_shadow
}
cylinder {
	<39.873497, 39.773212, 21.356613>,  <40.071423, 39.167236, 20.998009>, 0.130000
	pigment { color rgbt <1,0,0,0> }
	no_shadow
}

// nucleotide -1

// particle -1
sphere {
	<39.873497, 39.773212, 21.356613> 0.250000
	pigment { color rgbt <1,0,0,0> }
	no_shadow
}
cylinder {
	<40.157173, 39.623093, 21.595345>,  <40.327377, 39.533020, 21.738583>, 0.100000
	pigment { color rgbt <1,0,0,0> }
	no_shadow
}
cylinder {
	<40.157173, 39.623093, 21.595345>,  <39.873497, 39.773212, 21.356613>, 0.100000
	pigment { color rgbt <1,0,0,0> }
	no_shadow
}

// particle -1
sphere {
	<40.157173, 39.623093, 21.595345> 0.100000
	pigment { color rgbt <1,0,0,0> }
	no_shadow
}
sphere {
	0, 1
	scale<0.080000,0.200000,0.300000>
	matrix <0.230488, 0.923444, 0.306798,
		-0.666277, -0.080016, 0.741399,
		0.709189, -0.375297, 0.596827,
		40.369930, 39.510502, 21.774393>
	pigment { color rgbt <0,1,1,0> }
	no_shadow
}
cylinder {
	<39.864590, 40.107441, 22.156683>,  <39.873497, 39.773212, 21.356613>, 0.130000
	pigment { color rgbt <1,0,0,0> }
	no_shadow
}

// nucleotide -1

// particle -1
sphere {
	<39.864590, 40.107441, 22.156683> 0.250000
	pigment { color rgbt <1,0,0,0> }
	no_shadow
}
cylinder {
	<40.226322, 39.945492, 22.102619>,  <40.443359, 39.848320, 22.070181>, 0.100000
	pigment { color rgbt <1,0,0,0> }
	no_shadow
}
cylinder {
	<40.226322, 39.945492, 22.102619>,  <39.864590, 40.107441, 22.156683>, 0.100000
	pigment { color rgbt <1,0,0,0> }
	no_shadow
}

// particle -1
sphere {
	<40.226322, 39.945492, 22.102619> 0.100000
	pigment { color rgbt <1,0,0,0> }
	no_shadow
}
sphere {
	0, 1
	scale<0.080000,0.200000,0.300000>
	matrix <0.415738, 0.763742, 0.493822,
		-0.096711, -0.502767, 0.858995,
		0.904328, -0.404875, -0.135157,
		40.497620, 39.824028, 22.062073>
	pigment { color rgbt <0,1,1,0> }
	no_shadow
}
cylinder {
	<40.231609, 40.413303, 22.697453>,  <39.864590, 40.107441, 22.156683>, 0.130000
	pigment { color rgbt <1,0,0,0> }
	no_shadow
}

// nucleotide -1

// particle -1
sphere {
	<40.231609, 40.413303, 22.697453> 0.250000
	pigment { color rgbt <1,0,0,0> }
	no_shadow
}
cylinder {
	<40.552059, 40.254917, 22.517937>,  <40.744328, 40.159885, 22.410227>, 0.100000
	pigment { color rgbt <1,0,0,0> }
	no_shadow
}
cylinder {
	<40.552059, 40.254917, 22.517937>,  <40.231609, 40.413303, 22.697453>, 0.100000
	pigment { color rgbt <1,0,0,0> }
	no_shadow
}

// particle -1
sphere {
	<40.552059, 40.254917, 22.517937> 0.100000
	pigment { color rgbt <1,0,0,0> }
	no_shadow
}
sphere {
	0, 1
	scale<0.080000,0.200000,0.300000>
	matrix <0.579804, 0.699418, 0.417901,
		0.148418, -0.595001, 0.789903,
		0.801124, -0.395965, -0.448790,
		40.792397, 40.136127, 22.383299>
	pigment { color rgbt <0,1,1,0> }
	no_shadow
}
cylinder {
	<40.808945, 40.295780, 23.223394>,  <40.231609, 40.413303, 22.697453>, 0.130000
	pigment { color rgbt <1,0,0,0> }
	no_shadow
}

// nucleotide -1

// particle -1
sphere {
	<40.808945, 40.295780, 23.223394> 0.250000
	pigment { color rgbt <1,0,0,0> }
	no_shadow
}
cylinder {
	<40.983978, 40.336372, 22.866020>,  <41.088997, 40.360729, 22.651596>, 0.100000
	pigment { color rgbt <1,0,0,0> }
	no_shadow
}
cylinder {
	<40.983978, 40.336372, 22.866020>,  <40.808945, 40.295780, 23.223394>, 0.100000
	pigment { color rgbt <1,0,0,0> }
	no_shadow
}

// particle -1
sphere {
	<40.983978, 40.336372, 22.866020> 0.100000
	pigment { color rgbt <1,0,0,0> }
	no_shadow
}
sphere {
	0, 1
	scale<0.080000,0.200000,0.300000>
	matrix <0.513168, 0.787722, 0.340812,
		0.738364, -0.607614, 0.292614,
		0.437581, 0.101483, -0.893434,
		41.115253, 40.366817, 22.597990>
	pigment { color rgbt <0,1,1,0> }
	no_shadow
}
cylinder {
	<41.518551, 40.442780, 23.370678>,  <40.808945, 40.295780, 23.223394>, 0.130000
	pigment { color rgbt <1,0,0,0> }
	no_shadow
}

// nucleotide -1

// particle -1
sphere {
	<41.518551, 40.442780, 23.370678> 0.250000
	pigment { color rgbt <1,0,0,0> }
	no_shadow
}
cylinder {
	<41.485161, 40.562359, 22.990433>,  <41.465126, 40.634106, 22.762285>, 0.100000
	pigment { color rgbt <1,0,0,0> }
	no_shadow
}
cylinder {
	<41.485161, 40.562359, 22.990433>,  <41.518551, 40.442780, 23.370678>, 0.100000
	pigment { color rgbt <1,0,0,0> }
	no_shadow
}

// particle -1
sphere {
	<41.485161, 40.562359, 22.990433> 0.100000
	pigment { color rgbt <1,0,0,0> }
	no_shadow
}
sphere {
	0, 1
	scale<0.080000,0.200000,0.300000>
	matrix <0.536111, 0.817599, 0.210040,
		0.840010, -0.492098, -0.228522,
		-0.083479, 0.298949, -0.950611,
		41.460117, 40.652042, 22.705250>
	pigment { color rgbt <0,1,1,0> }
	no_shadow
}
cylinder {
	<42.139240, 40.546101, 23.187449>,  <41.518551, 40.442780, 23.370678>, 0.130000
	pigment { color rgbt <1,0,0,0> }
	no_shadow
}

// nucleotide -1

// particle -1
sphere {
	<42.139240, 40.546101, 23.187449> 0.250000
	pigment { color rgbt <1,0,0,0> }
	no_shadow
}
cylinder {
	<41.918728, 40.750912, 22.923958>,  <41.786419, 40.873798, 22.765863>, 0.100000
	pigment { color rgbt <1,0,0,0> }
	no_shadow
}
cylinder {
	<41.918728, 40.750912, 22.923958>,  <42.139240, 40.546101, 23.187449>, 0.100000
	pigment { color rgbt <1,0,0,0> }
	no_shadow
}

// particle -1
sphere {
	<41.918728, 40.750912, 22.923958> 0.100000
	pigment { color rgbt <1,0,0,0> }
	no_shadow
}
sphere {
	0, 1
	scale<0.080000,0.200000,0.300000>
	matrix <0.510116, 0.831624, 0.219505,
		0.660204, -0.215017, -0.719652,
		-0.551283, 0.512024, -0.658725,
		41.753342, 40.904518, 22.726341>
	pigment { color rgbt <0,1,1,0> }
	no_shadow
}
cylinder {
	<42.556183, 40.857269, 22.647287>,  <42.139240, 40.546101, 23.187449>, 0.130000
	pigment { color rgbt <1,0,0,0> }
	no_shadow
}

// nucleotide -1

// particle -1
sphere {
	<42.556183, 40.857269, 22.647287> 0.250000
	pigment { color rgbt <1,0,0,0> }
	no_shadow
}
cylinder {
	<42.227451, 41.081684, 22.686970>,  <42.030212, 41.216331, 22.710779>, 0.100000
	pigment { color rgbt <1,0,0,0> }
	no_shadow
}
cylinder {
	<42.227451, 41.081684, 22.686970>,  <42.556183, 40.857269, 22.647287>, 0.100000
	pigment { color rgbt <1,0,0,0> }
	no_shadow
}

// particle -1
sphere {
	<42.227451, 41.081684, 22.686970> 0.100000
	pigment { color rgbt <1,0,0,0> }
	no_shadow
}
sphere {
	0, 1
	scale<0.080000,0.200000,0.300000>
	matrix <0.569167, 0.816266, 0.098783,
		-0.025559, 0.137649, -0.990151,
		-0.821824, 0.561037, 0.099208,
		41.980904, 41.249996, 22.716732>
	pigment { color rgbt <0,1,1,0> }
	no_shadow
}
cylinder {
	<42.566120, 41.460266, 22.238838>,  <42.556183, 40.857269, 22.647287>, 0.130000
	pigment { color rgbt <1,0,0,0> }
	no_shadow
}

// nucleotide -1

// particle -1
sphere {
	<42.566120, 41.460266, 22.238838> 0.250000
	pigment { color rgbt <1,0,0,0> }
	no_shadow
}
cylinder {
	<42.342571, 41.583630, 22.546745>,  <42.208443, 41.657646, 22.731489>, 0.100000
	pigment { color rgbt <1,0,0,0> }
	no_shadow
}
cylinder {
	<42.342571, 41.583630, 22.546745>,  <42.566120, 41.460266, 22.238838>, 0.100000
	pigment { color rgbt <1,0,0,0> }
	no_shadow
}

// particle -1
sphere {
	<42.342571, 41.583630, 22.546745> 0.100000
	pigment { color rgbt <1,0,0,0> }
	no_shadow
}
sphere {
	0, 1
	scale<0.080000,0.200000,0.300000>
	matrix <0.551522, 0.831441, 0.067302,
		-0.619261, 0.462158, -0.634765,
		-0.558874, 0.308409, 0.769769,
		42.174908, 41.676151, 22.777676>
	pigment { color rgbt <0,1,1,0> }
	no_shadow
}
cylinder {
	<42.154411, 42.094933, 22.189240>,  <42.566120, 41.460266, 22.238838>, 0.130000
	pigment { color rgbt <1,0,0,0> }
	no_shadow
}

// nucleotide -1

// particle -1
sphere {
	<42.154411, 42.094933, 22.189240> 0.250000
	pigment { color rgbt <1,0,0,0> }
	no_shadow
}
cylinder {
	<42.257164, 42.061443, 22.574364>,  <42.318813, 42.041348, 22.805439>, 0.100000
	pigment { color rgbt <1,0,0,0> }
	no_shadow
}
cylinder {
	<42.257164, 42.061443, 22.574364>,  <42.154411, 42.094933, 22.189240>, 0.100000
	pigment { color rgbt <1,0,0,0> }
	no_shadow
}

// particle -1
sphere {
	<42.257164, 42.061443, 22.574364> 0.100000
	pigment { color rgbt <1,0,0,0> }
	no_shadow
}
sphere {
	0, 1
	scale<0.080000,0.200000,0.300000>
	matrix <0.314646, 0.949208, -0.001404,
		-0.913790, 0.303305, 0.270174,
		0.256877, -0.083726, 0.962811,
		42.334229, 42.036327, 22.863207>
	pigment { color rgbt <0,1,1,0> }
	no_shadow
}
cylinder {
	<41.782196, 42.516323, 22.636850>,  <42.154411, 42.094933, 22.189240>, 0.130000
	pigment { color rgbt <1,0,0,0> }
	no_shadow
}

// nucleotide -1

// particle -1
sphere {
	<41.782196, 42.516323, 22.636850> 0.250000
	pigment { color rgbt <1,0,0,0> }
	no_shadow
}
cylinder {
	<42.141014, 42.439686, 22.796150>,  <42.356304, 42.393703, 22.891731>, 0.100000
	pigment { color rgbt <1,0,0,0> }
	no_shadow
}
cylinder {
	<42.141014, 42.439686, 22.796150>,  <41.782196, 42.516323, 22.636850>, 0.100000
	pigment { color rgbt <1,0,0,0> }
	no_shadow
}

// particle -1
sphere {
	<42.141014, 42.439686, 22.796150> 0.100000
	pigment { color rgbt <1,0,0,0> }
	no_shadow
}
sphere {
	0, 1
	scale<0.080000,0.200000,0.300000>
	matrix <0.083290, 0.958283, 0.273416,
		-0.434023, -0.212095, 0.875580,
		0.897043, -0.191596, 0.398252,
		42.410126, 42.382206, 22.915627>
	pigment { color rgbt <0,1,1,0> }
	no_shadow
}
cylinder {
	<41.877808, 42.590836, 23.429733>,  <41.782196, 42.516323, 22.636850>, 0.130000
	pigment { color rgbt <1,0,0,0> }
	no_shadow
}

// nucleotide -1

// particle -1
sphere {
	<41.877808, 42.590836, 23.429733> 0.250000
	pigment { color rgbt <1,0,0,0> }
	no_shadow
}
cylinder {
	<42.183613, 42.695831, 23.194237>,  <42.367096, 42.758831, 23.052938>, 0.100000
	pigment { color rgbt <1,0,0,0> }
	no_shadow
}
cylinder {
	<42.183613, 42.695831, 23.194237>,  <41.877808, 42.590836, 23.429733>, 0.100000
	pigment { color rgbt <1,0,0,0> }
	no_shadow
}

// particle -1
sphere {
	<42.183613, 42.695831, 23.194237> 0.100000
	pigment { color rgbt <1,0,0,0> }
	no_shadow
}
sphere {
	0, 1
	scale<0.080000,0.200000,0.300000>
	matrix <-0.094513, 0.949109, 0.300432,
		0.637638, -0.174042, 0.750418,
		0.764516, 0.262491, -0.588739,
		42.412968, 42.774578, 23.017614>
	pigment { color rgbt <0,1,1,0> }
	no_shadow
}
cylinder {
	<41.634037, 42.777931, 24.122746>,  <41.877808, 42.590836, 23.429733>, 0.130000
	pigment { color rgbt <1,0,0,0> }
	no_shadow
}

// nucleotide -1

// particle -1
sphere {
	<41.634037, 42.777931, 24.122746> 0.250000
	pigment { color rgbt <1,0,0,0> }
	no_shadow
}
cylinder {
	<41.365944, 43.069340, 24.179386>,  <41.205090, 43.244183, 24.213371>, 0.100000
	pigment { color rgbt <1,0,0,0> }
	no_shadow
}
cylinder {
	<41.365944, 43.069340, 24.179386>,  <41.634037, 42.777931, 24.122746>, 0.100000
	pigment { color rgbt <1,0,0,0> }
	no_shadow
}

// particle -1
sphere {
	<41.365944, 43.069340, 24.179386> 0.100000
	pigment { color rgbt <1,0,0,0> }
	no_shadow
}
sphere {
	0, 1
	scale<0.080000,0.200000,0.300000>
	matrix <-0.206739, -0.366522, 0.907149,
		0.712775, 0.578726, 0.396268,
		-0.670232, 0.728518, 0.141603,
		41.164875, 43.287895, 24.221867>
	pigment { color rgbt <0,1,1,0> }
	no_shadow
}
cylinder {
	<41.792976, 42.947872, 24.766560>,  <41.634037, 42.777931, 24.122746>, 0.130000
	pigment { color rgbt <1,0,0,0> }
	no_shadow
}

// nucleotide -1

// particle -1
sphere {
	<41.792976, 42.947872, 24.766560> 0.250000
	pigment { color rgbt <1,0,0,0> }
	no_shadow
}
cylinder {
	<41.416462, 43.059258, 24.690208>,  <41.190552, 43.126087, 24.644398>, 0.100000
	pigment { color rgbt <1,0,0,0> }
	no_shadow
}
cylinder {
	<41.416462, 43.059258, 24.690208>,  <41.792976, 42.947872, 24.766560>, 0.100000
	pigment { color rgbt <1,0,0,0> }
	no_shadow
}

// particle -1
sphere {
	<41.416462, 43.059258, 24.690208> 0.100000
	pigment { color rgbt <1,0,0,0> }
	no_shadow
}
sphere {
	0, 1
	scale<0.080000,0.200000,0.300000>
	matrix <-0.298555, -0.422644, 0.855708,
		0.157606, 0.862457, 0.480966,
		-0.941289, 0.278460, -0.190880,
		41.134075, 43.142796, 24.632944>
	pigment { color rgbt <0,1,1,0> }
	no_shadow
}
cylinder {
	<41.430462, 43.184734, 25.441578>,  <41.792976, 42.947872, 24.766560>, 0.130000
	pigment { color rgbt <1,0,0,0> }
	no_shadow
}

// nucleotide -1

// particle -1
sphere {
	<41.430462, 43.184734, 25.441578> 0.250000
	pigment { color rgbt <1,0,0,0> }
	no_shadow
}
cylinder {
	<41.153912, 43.068550, 25.176964>,  <40.987980, 42.998840, 25.018196>, 0.100000
	pigment { color rgbt <1,0,0,0> }
	no_shadow
}
cylinder {
	<41.153912, 43.068550, 25.176964>,  <41.430462, 43.184734, 25.441578>, 0.100000
	pigment { color rgbt <1,0,0,0> }
	no_shadow
}

// particle -1
sphere {
	<41.153912, 43.068550, 25.176964> 0.100000
	pigment { color rgbt <1,0,0,0> }
	no_shadow
}
sphere {
	0, 1
	scale<0.080000,0.200000,0.300000>
	matrix <-0.390105, -0.620605, 0.680197,
		-0.608124, 0.728341, 0.315761,
		-0.691378, -0.290464, -0.661534,
		40.946499, 42.981411, 24.978504>
	pigment { color rgbt <0,1,1,0> }
	no_shadow
}
cylinder {
	<40.833920, 42.962730, 25.808626>,  <41.430462, 43.184734, 25.441578>, 0.130000
	pigment { color rgbt <1,0,0,0> }
	no_shadow
}

// nucleotide -1

// particle -1
sphere {
	<40.833920, 42.962730, 25.808626> 0.250000
	pigment { color rgbt <1,0,0,0> }
	no_shadow
}
cylinder {
	<40.743568, 42.803284, 25.453079>,  <40.689358, 42.707615, 25.239752>, 0.100000
	pigment { color rgbt <1,0,0,0> }
	no_shadow
}
cylinder {
	<40.743568, 42.803284, 25.453079>,  <40.833920, 42.962730, 25.808626>, 0.100000
	pigment { color rgbt <1,0,0,0> }
	no_shadow
}

// particle -1
sphere {
	<40.743568, 42.803284, 25.453079> 0.100000
	pigment { color rgbt <1,0,0,0> }
	no_shadow
}
sphere {
	0, 1
	scale<0.080000,0.200000,0.300000>
	matrix <-0.670858, -0.597952, 0.438637,
		-0.706347, 0.695382, -0.132350,
		-0.225881, -0.398618, -0.888865,
		40.675804, 42.683697, 25.186420>
	pigment { color rgbt <0,1,1,0> }
	no_shadow
}
cylinder {
	<40.219025, 42.531155, 26.059669>,  <40.833920, 42.962730, 25.808626>, 0.130000
	pigment { color rgbt <1,0,0,0> }
	no_shadow
}

// nucleotide -1

// particle -1
sphere {
	<40.219025, 42.531155, 26.059669> 0.250000
	pigment { color rgbt <1,0,0,0> }
	no_shadow
}
cylinder {
	<40.213943, 42.417156, 25.676292>,  <40.210896, 42.348755, 25.446266>, 0.100000
	pigment { color rgbt <1,0,0,0> }
	no_shadow
}
cylinder {
	<40.213943, 42.417156, 25.676292>,  <40.219025, 42.531155, 26.059669>, 0.100000
	pigment { color rgbt <1,0,0,0> }
	no_shadow
}

// particle -1
sphere {
	<40.213943, 42.417156, 25.676292> 0.100000
	pigment { color rgbt <1,0,0,0> }
	no_shadow
}
sphere {
	0, 1
	scale<0.080000,0.200000,0.300000>
	matrix <-0.733737, -0.648534, 0.202569,
		-0.679315, 0.705817, -0.200880,
		-0.012699, -0.285001, -0.958443,
		40.210133, 42.331657, 25.388760>
	pigment { color rgbt <0,1,1,0> }
	no_shadow
}
cylinder {
	<39.441628, 42.296631, 25.893747>,  <40.219025, 42.531155, 26.059669>, 0.130000
	pigment { color rgbt <1,0,0,0> }
	no_shadow
}

// nucleotide -1

// particle -1
sphere {
	<39.441628, 42.296631, 25.893747> 0.250000
	pigment { color rgbt <1,0,0,0> }
	no_shadow
}
cylinder {
	<39.702232, 42.095310, 25.666687>,  <39.858593, 41.974518, 25.530451>, 0.100000
	pigment { color rgbt <1,0,0,0> }
	no_shadow
}
cylinder {
	<39.702232, 42.095310, 25.666687>,  <39.441628, 42.296631, 25.893747>, 0.100000
	pigment { color rgbt <1,0,0,0> }
	no_shadow
}

// particle -1
sphere {
	<39.702232, 42.095310, 25.666687> 0.100000
	pigment { color rgbt <1,0,0,0> }
	no_shadow
}
sphere {
	0, 1
	scale<0.080000,0.200000,0.300000>
	matrix <-0.493621, -0.849425, 0.186589,
		-0.576087, 0.158640, -0.801846,
		0.651507, -0.503300, -0.567650,
		39.897686, 41.944321, 25.496391>
	pigment { color rgbt <0,1,1,0> }
	no_shadow
}
cylinder {
	<39.059074, 41.853317, 25.357466>,  <39.441628, 42.296631, 25.893747>, 0.130000
	pigment { color rgbt <1,0,0,0> }
	no_shadow
}

// nucleotide -1

// particle -1
sphere {
	<39.059074, 41.853317, 25.357466> 0.250000
	pigment { color rgbt <1,0,0,0> }
	no_shadow
}
cylinder {
	<39.403160, 41.702114, 25.494366>,  <39.609612, 41.611393, 25.576506>, 0.100000
	pigment { color rgbt <1,0,0,0> }
	no_shadow
}
cylinder {
	<39.403160, 41.702114, 25.494366>,  <39.059074, 41.853317, 25.357466>, 0.100000
	pigment { color rgbt <1,0,0,0> }
	no_shadow
}

// particle -1
sphere {
	<39.403160, 41.702114, 25.494366> 0.100000
	pigment { color rgbt <1,0,0,0> }
	no_shadow
}
sphere {
	0, 1
	scale<0.080000,0.200000,0.300000>
	matrix <-0.455803, -0.870915, 0.183715,
		0.228623, -0.314033, -0.921474,
		0.860218, -0.378009, 0.342248,
		39.661224, 41.588711, 25.597040>
	pigment { color rgbt <0,1,1,0> }
	no_shadow
}
cylinder {
	<39.197369, 41.273308, 24.990986>,  <39.059074, 41.853317, 25.357466>, 0.130000
	pigment { color rgbt <1,0,0,0> }
	no_shadow
}

// nucleotide -1

// particle -1
sphere {
	<39.197369, 41.273308, 24.990986> 0.250000
	pigment { color rgbt <1,0,0,0> }
	no_shadow
}
cylinder {
	<39.439148, 41.246822, 25.308540>,  <39.584217, 41.230930, 25.499073>, 0.100000
	pigment { color rgbt <1,0,0,0> }
	no_shadow
}
cylinder {
	<39.439148, 41.246822, 25.308540>,  <39.197369, 41.273308, 24.990986>, 0.100000
	pigment { color rgbt <1,0,0,0> }
	no_shadow
}

// particle -1
sphere {
	<39.439148, 41.246822, 25.308540> 0.100000
	pigment { color rgbt <1,0,0,0> }
	no_shadow
}
sphere {
	0, 1
	scale<0.080000,0.200000,0.300000>
	matrix <-0.149973, -0.988180, 0.031764,
		0.782400, -0.138261, -0.607234,
		0.604448, -0.066216, 0.793888,
		39.620483, 41.226959, 25.546707>
	pigment { color rgbt <0,1,1,0> }
	no_shadow
}
cylinder {
	<39.677273, 40.676949, 24.902584>,  <39.197369, 41.273308, 24.990986>, 0.130000
	pigment { color rgbt <1,0,0,0> }
	no_shadow
}

// nucleotide -1

// particle -1
sphere {
	<39.677273, 40.676949, 24.902584> 0.250000
	pigment { color rgbt <1,0,0,0> }
	no_shadow
}
cylinder {
	<39.670879, 40.741028, 25.297367>,  <39.667046, 40.779476, 25.534237>, 0.100000
	pigment { color rgbt <1,0,0,0> }
	no_shadow
}
cylinder {
	<39.670879, 40.741028, 25.297367>,  <39.677273, 40.676949, 24.902584>, 0.100000
	pigment { color rgbt <1,0,0,0> }
	no_shadow
}

// particle -1
sphere {
	<39.670879, 40.741028, 25.297367> 0.100000
	pigment { color rgbt <1,0,0,0> }
	no_shadow
}
sphere {
	0, 1
	scale<0.080000,0.200000,0.300000>
	matrix <-0.248042, -0.956861, 0.151300,
		0.968617, -0.242389, 0.055027,
		-0.015980, 0.160200, 0.986955,
		39.666084, 40.789089, 25.593454>
	pigment { color rgbt <0,1,1,0> }
	no_shadow
}
cylinder {
	<40.078373, 40.159462, 25.086617>,  <39.677273, 40.676949, 24.902584>, 0.130000
	pigment { color rgbt <1,0,0,0> }
	no_shadow
}

// nucleotide -1

// particle -1
sphere {
	<40.078373, 40.159462, 25.086617> 0.250000
	pigment { color rgbt <1,0,0,0> }
	no_shadow
}
cylinder {
	<39.831726, 40.287804, 25.374180>,  <39.683739, 40.364811, 25.546719>, 0.100000
	pigment { color rgbt <1,0,0,0> }
	no_shadow
}
cylinder {
	<39.831726, 40.287804, 25.374180>,  <40.078373, 40.159462, 25.086617>, 0.100000
	pigment { color rgbt <1,0,0,0> }
	no_shadow
}

// particle -1
sphere {
	<39.831726, 40.287804, 25.374180> 0.100000
	pigment { color rgbt <1,0,0,0> }
	no_shadow
}
sphere {
	0, 1
	scale<0.080000,0.200000,0.300000>
	matrix <-0.269938, -0.943989, 0.189782,
		0.739537, -0.077038, 0.668693,
		-0.616619, 0.320856, 0.718910,
		39.646740, 40.384060, 25.589853>
	pigment { color rgbt <0,1,1,0> }
	no_shadow
}
cylinder {
	<40.303905, 39.674431, 25.609106>,  <40.078373, 40.159462, 25.086617>, 0.130000
	pigment { color rgbt <1,0,0,0> }
	no_shadow
}

// nucleotide -1

// particle -1
sphere {
	<40.303905, 39.674431, 25.609106> 0.250000
	pigment { color rgbt <1,0,0,0> }
	no_shadow
}
cylinder {
	<39.947273, 39.823021, 25.712711>,  <39.733295, 39.912174, 25.774874>, 0.100000
	pigment { color rgbt <1,0,0,0> }
	no_shadow
}
cylinder {
	<39.947273, 39.823021, 25.712711>,  <40.303905, 39.674431, 25.609106>, 0.100000
	pigment { color rgbt <1,0,0,0> }
	no_shadow
}

// particle -1
sphere {
	<39.947273, 39.823021, 25.712711> 0.100000
	pigment { color rgbt <1,0,0,0> }
	no_shadow
}
sphere {
	0, 1
	scale<0.080000,0.200000,0.300000>
	matrix <-0.320990, -0.921842, 0.217192,
		0.319450, 0.110505, 0.941138,
		-0.891581, 0.371478, 0.259012,
		39.679798, 39.934464, 25.790415>
	pigment { color rgbt <0,1,1,0> }
	no_shadow
}
cylinder {
	<40.050316, 39.208881, 26.128403>,  <40.303905, 39.674431, 25.609106>, 0.130000
	pigment { color rgbt <1,0,0,0> }
	no_shadow
}

// nucleotide -1

// particle -1
sphere {
	<40.050316, 39.208881, 26.128403> 0.250000
	pigment { color rgbt <1,0,0,0> }
	no_shadow
}
cylinder {
	<39.747032, 39.408276, 25.960293>,  <39.565063, 39.527912, 25.859426>, 0.100000
	pigment { color rgbt <1,0,0,0> }
	no_shadow
}
cylinder {
	<39.747032, 39.408276, 25.960293>,  <40.050316, 39.208881, 26.128403>, 0.100000
	pigment { color rgbt <1,0,0,0> }
	no_shadow
}

// particle -1
sphere {
	<39.747032, 39.408276, 25.960293> 0.100000
	pigment { color rgbt <1,0,0,0> }
	no_shadow
}
sphere {
	0, 1
	scale<0.080000,0.200000,0.300000>
	matrix <-0.500988, -0.857942, -0.113782,
		-0.417290, 0.124282, 0.900235,
