// switches for output
#declare DRAW_BASES = 1; // possible values are 0, 1; only relevant for DNA ribbons
#declare DRAW_BASES_TYPE = 3; // possible values are 1, 2, 3; only relevant for DNA ribbons
#declare DRAW_FOG = 0; // set to 1 to enable fog

#include "colors.inc"

#include "transforms.inc"
background { rgb <1, 1, 1>}

#default {
   normal{
       ripples 0.25
       frequency 0.20
       turbulence 0.2
       lambda 5
   }
	finish {
		phong 0.1
		phong_size 40.
	}
}

// original window dimensions: 1024x640


// camera settings

camera {
	sky <-0, 1, 0>
	up <-0, 1, 0>
	right 1.6 * <0.581683, 0, 0.813415>
	location <-54.4937, 30, 90.4225>
	look_at <30, 30, 30>
	direction <84.4937, 0, -60.4225>
	angle 67.0682
}


# declare cpy_camera_pos = <-54.4937, 30, 90.4225>;
# if (DRAW_FOG = 1)
fog {
	fog_type 2
	up vnormalize(cpy_camera_pos)
	color rgbt<1,1,1,0.3>
	distance 1e-5
	fog_alt 3e-3
	fog_offset 48
}
# end


// LIGHTS

# declare lum = 6;
global_settings {
	ambient_light rgb lum * <0.05, 0.05, 0.05>
	max_trace_level 15
}# declare cpy_direct_light_amount = 0.25;
light_source
{	1000 * <0.231732, -1, 1.3951>,
	rgb lum * cpy_direct_light_amount
	parallel
}

light_source
{	1000 * <-0.231732, 1, -1.3951>,
	rgb lum * cpy_direct_light_amount
	parallel
}

// strand 0

// nucleotide -1

// particle -1
sphere {
	<43.499722, 32.266453, 23.299143> 0.250000
	pigment { color rgbt <1,0,0,0> }
	no_shadow
}
cylinder {
	<43.138996, 32.340611, 23.455276>,  <42.922562, 32.385105, 23.548956>, 0.100000
	pigment { color rgbt <1,0,0,0> }
	no_shadow
}
cylinder {
	<43.138996, 32.340611, 23.455276>,  <43.499722, 32.266453, 23.299143>, 0.100000
	pigment { color rgbt <1,0,0,0> }
	no_shadow
}

// particle -1
sphere {
	<43.138996, 32.340611, 23.455276> 0.100000
	pigment { color rgbt <1,0,0,0> }
	no_shadow
}
sphere {
	0, 1
	scale<0.080000,0.200000,0.300000>
	matrix <-0.412629, -0.637706, -0.650438,
		0.128330, -0.747637, 0.651591,
		-0.901814, 0.185395, 0.390333,
		42.868450, 32.396229, 23.572376>
	pigment { color rgbt <0,1,1,0> }
	no_shadow
}
cylinder {
	<43.284691, 32.877567, 22.891237>,  <43.499722, 32.266453, 23.299143>, 0.130000
	pigment { color rgbt <1,0,0,0> }
	no_shadow
}

// nucleotide -1

// particle -1
sphere {
	<43.284691, 32.877567, 22.891237> 0.250000
	pigment { color rgbt <1,0,0,0> }
	no_shadow
}
cylinder {
	<43.340527, 33.007057, 22.516918>,  <43.374027, 33.084751, 22.292326>, 0.100000
	pigment { color rgbt <1,0,0,0> }
	no_shadow
}
cylinder {
	<43.340527, 33.007057, 22.516918>,  <43.284691, 32.877567, 22.891237>, 0.100000
	pigment { color rgbt <1,0,0,0> }
	no_shadow
}

// particle -1
sphere {
	<43.340527, 33.007057, 22.516918> 0.100000
	pigment { color rgbt <1,0,0,0> }
	no_shadow
}
sphere {
	0, 1
	scale<0.080000,0.200000,0.300000>
	matrix <0.989203, -0.002972, 0.146522,
		0.044652, -0.946146, -0.320647,
		0.139585, 0.323727, -0.935797,
		43.382401, 33.104176, 22.236179>
	pigment { color rgbt <0,1,1,0> }
	no_shadow
}
cylinder {
	<42.832172, 32.325897, 22.742851>,  <43.284691, 32.877567, 22.891237>, 0.130000
	pigment { color rgbt <1,0,0,0> }
	no_shadow
}

// nucleotide -1

// particle -1
sphere {
	<42.832172, 32.325897, 22.742851> 0.250000
	pigment { color rgbt <1,0,0,0> }
	no_shadow
}
cylinder {
	<43.035580, 31.988495, 22.812027>,  <43.157623, 31.786053, 22.853533>, 0.100000
	pigment { color rgbt <1,0,0,0> }
	no_shadow
}
cylinder {
	<43.035580, 31.988495, 22.812027>,  <42.832172, 32.325897, 22.742851>, 0.100000
	pigment { color rgbt <1,0,0,0> }
	no_shadow
}

// particle -1
sphere {
	<43.035580, 31.988495, 22.812027> 0.100000
	pigment { color rgbt <1,0,0,0> }
	no_shadow
}
sphere {
	0, 1
	scale<0.080000,0.200000,0.300000>
	matrix <0.043734, 0.225887, 0.973171,
		-0.859942, -0.487309, 0.151757,
		0.508515, -0.843508, 0.172937,
		43.188133, 31.735443, 22.863909>
	pigment { color rgbt <0,1,1,0> }
	no_shadow
}
cylinder {
	<42.407761, 31.966644, 23.147907>,  <42.832172, 32.325897, 22.742851>, 0.130000
	pigment { color rgbt <1,0,0,0> }
	no_shadow
}

// nucleotide -1

// particle -1
sphere {
	<42.407761, 31.966644, 23.147907> 0.250000
	pigment { color rgbt <1,0,0,0> }
	no_shadow
}
cylinder {
	<42.788906, 31.890301, 23.242245>,  <43.017593, 31.844494, 23.298847>, 0.100000
	pigment { color rgbt <1,0,0,0> }
	no_shadow
}
cylinder {
	<42.788906, 31.890301, 23.242245>,  <42.407761, 31.966644, 23.147907>, 0.100000
	pigment { color rgbt <1,0,0,0> }
	no_shadow
}

// particle -1
sphere {
	<42.788906, 31.890301, 23.242245> 0.100000
	pigment { color rgbt <1,0,0,0> }
	no_shadow
}
sphere {
	0, 1
	scale<0.080000,0.200000,0.300000>
	matrix <-0.180375, 0.268683, 0.946189,
		-0.243958, -0.944130, 0.221591,
		0.952864, -0.190860, 0.235845,
		43.074764, 31.833042, 23.312998>
	pigment { color rgbt <0,1,1,0> }
	no_shadow
}
cylinder {
	<42.471539, 31.548725, 23.787149>,  <42.407761, 31.966644, 23.147907>, 0.130000
	pigment { color rgbt <1,0,0,0> }
	no_shadow
}

// nucleotide -1

// particle -1
sphere {
	<42.471539, 31.548725, 23.787149> 0.250000
	pigment { color rgbt <1,0,0,0> }
	no_shadow
}
cylinder {
	<42.123554, 31.745941, 23.790672>,  <41.914764, 31.864271, 23.792786>, 0.100000
	pigment { color rgbt <1,0,0,0> }
	no_shadow
}
cylinder {
	<42.123554, 31.745941, 23.790672>,  <42.471539, 31.548725, 23.787149>, 0.100000
	pigment { color rgbt <1,0,0,0> }
	no_shadow
}

// particle -1
sphere {
	<42.123554, 31.745941, 23.790672> 0.100000
	pigment { color rgbt <1,0,0,0> }
	no_shadow
}
sphere {
	0, 1
	scale<0.080000,0.200000,0.300000>
	matrix <0.065381, 0.097624, 0.993074,
		0.488765, 0.864512, -0.117165,
		-0.869962, 0.493040, 0.008807,
		41.862564, 31.893854, 23.793314>
	pigment { color rgbt <0,1,1,0> }
	no_shadow
}
cylinder {
	<42.495899, 32.187981, 24.167107>,  <42.471539, 31.548725, 23.787149>, 0.130000
	pigment { color rgbt <1,0,0,0> }
	no_shadow
}

// nucleotide -1

// particle -1
sphere {
	<42.495899, 32.187981, 24.167107> 0.250000
	pigment { color rgbt <1,0,0,0> }
	no_shadow
}
cylinder {
	<42.101288, 32.123043, 24.159073>,  <41.864521, 32.084080, 24.154253>, 0.100000
	pigment { color rgbt <1,0,0,0> }
	no_shadow
}
cylinder {
	<42.101288, 32.123043, 24.159073>,  <42.495899, 32.187981, 24.167107>, 0.100000
	pigment { color rgbt <1,0,0,0> }
	no_shadow
}

// particle -1
sphere {
	<42.101288, 32.123043, 24.159073> 0.100000
	pigment { color rgbt <1,0,0,0> }
	no_shadow
}
sphere {
	0, 1
	scale<0.080000,0.200000,0.300000>
	matrix <-0.047775, 0.168510, 0.984541,
		-0.156447, 0.972240, -0.173996,
		-0.986530, -0.162341, -0.020086,
		41.805328, 32.074341, 24.153048>
	pigment { color rgbt <0,1,1,0> }
	no_shadow
}
cylinder {
	<42.219170, 32.691837, 24.606201>,  <42.495899, 32.187981, 24.167107>, 0.130000
	pigment { color rgbt <1,0,0,0> }
	no_shadow
}

// nucleotide -1

// particle -1
sphere {
	<42.219170, 32.691837, 24.606201> 0.250000
	pigment { color rgbt <1,0,0,0> }
	no_shadow
}
cylinder {
	<41.953648, 32.394432, 24.573803>,  <41.794334, 32.215988, 24.554365>, 0.100000
	pigment { color rgbt <1,0,0,0> }
	no_shadow
}
cylinder {
	<41.953648, 32.394432, 24.573803>,  <42.219170, 32.691837, 24.606201>, 0.100000
	pigment { color rgbt <1,0,0,0> }
	no_shadow
}

// particle -1
sphere {
	<41.953648, 32.394432, 24.573803> 0.100000
	pigment { color rgbt <1,0,0,0> }
	no_shadow
}
sphere {
	0, 1
	scale<0.080000,0.200000,0.300000>
	matrix <0.046389, -0.149016, 0.987746,
		-0.746467, 0.651912, 0.133408,
		-0.663804, -0.743509, -0.080994,
		41.754505, 32.171379, 24.549505>
	pigment { color rgbt <0,1,1,0> }
	no_shadow
}
cylinder {
	<41.900749, 32.931740, 25.210772>,  <42.219170, 32.691837, 24.606201>, 0.130000
	pigment { color rgbt <1,0,0,0> }
	no_shadow
}

// nucleotide -1

// particle -1
sphere {
	<41.900749, 32.931740, 25.210772> 0.250000
	pigment { color rgbt <1,0,0,0> }
	no_shadow
}
cylinder {
	<41.781071, 32.556881, 25.138950>,  <41.709263, 32.331966, 25.095858>, 0.100000
	pigment { color rgbt <1,0,0,0> }
	no_shadow
}
cylinder {
	<41.781071, 32.556881, 25.138950>,  <41.900749, 32.931740, 25.210772>, 0.100000
	pigment { color rgbt <1,0,0,0> }
	no_shadow
}

// particle -1
sphere {
	<41.781071, 32.556881, 25.138950> 0.100000
	pigment { color rgbt <1,0,0,0> }
	no_shadow
}
sphere {
	0, 1
	scale<0.080000,0.200000,0.300000>
	matrix <0.022943, -0.195184, 0.980498,
		-0.953917, 0.289239, 0.079899,
		-0.299194, -0.937147, -0.179553,
		41.691311, 32.275738, 25.085085>
	pigment { color rgbt <0,1,1,0> }
	no_shadow
}
cylinder {
	<41.422665, 32.783531, 25.725246>,  <41.900749, 32.931740, 25.210772>, 0.130000
	pigment { color rgbt <1,0,0,0> }
	no_shadow
}

// nucleotide -1

// particle -1
sphere {
	<41.422665, 32.783531, 25.725246> 0.250000
	pigment { color rgbt <1,0,0,0> }
	no_shadow
}
cylinder {
	<41.572880, 32.449856, 25.563702>,  <41.663010, 32.249649, 25.466776>, 0.100000
	pigment { color rgbt <1,0,0,0> }
	no_shadow
}
cylinder {
	<41.572880, 32.449856, 25.563702>,  <41.422665, 32.783531, 25.725246>, 0.100000
	pigment { color rgbt <1,0,0,0> }
	no_shadow
}

// particle -1
sphere {
	<41.572880, 32.449856, 25.563702> 0.100000
	pigment { color rgbt <1,0,0,0> }
	no_shadow
}
sphere {
	0, 1
	scale<0.080000,0.200000,0.300000>
	matrix <0.108978, -0.392988, 0.913063,
		-0.920379, -0.386898, -0.056672,
		0.375534, -0.834189, -0.403861,
		41.685539, 32.199600, 25.442543>
	pigment { color rgbt <0,1,1,0> }
	no_shadow
}
cylinder {
	<41.118858, 32.222980, 26.095119>,  <41.422665, 32.783531, 25.725246>, 0.130000
	pigment { color rgbt <1,0,0,0> }
	no_shadow
}

// nucleotide -1

// particle -1
sphere {
	<41.118858, 32.222980, 26.095119> 0.250000
	pigment { color rgbt <1,0,0,0> }
	no_shadow
}
cylinder {
	<41.464592, 32.094719, 25.940140>,  <41.672031, 32.017761, 25.847153>, 0.100000
	pigment { color rgbt <1,0,0,0> }
	no_shadow
}
cylinder {
	<41.464592, 32.094719, 25.940140>,  <41.118858, 32.222980, 26.095119>, 0.100000
	pigment { color rgbt <1,0,0,0> }
	no_shadow
}

// particle -1
sphere {
	<41.464592, 32.094719, 25.940140> 0.100000
	pigment { color rgbt <1,0,0,0> }
	no_shadow
}
sphere {
	0, 1
	scale<0.080000,0.200000,0.300000>
	matrix <0.263164, -0.368148, 0.891747,
		-0.428579, -0.872726, -0.233817,
		0.864329, -0.320652, -0.387450,
		41.723892, 31.998524, 25.823904>
	pigment { color rgbt <0,1,1,0> }
	no_shadow
}
cylinder {
	<41.168007, 31.506039, 26.294724>,  <41.118858, 32.222980, 26.095119>, 0.130000
	pigment { color rgbt <1,0,0,0> }
	no_shadow
}

// nucleotide -1

// particle -1
sphere {
	<41.168007, 31.506039, 26.294724> 0.250000
	pigment { color rgbt <1,0,0,0> }
	no_shadow
}
cylinder {
	<41.536106, 31.604252, 26.172829>,  <41.756966, 31.663179, 26.099691>, 0.100000
	pigment { color rgbt <1,0,0,0> }
	no_shadow
}
cylinder {
	<41.536106, 31.604252, 26.172829>,  <41.168007, 31.506039, 26.294724>, 0.100000
	pigment { color rgbt <1,0,0,0> }
	no_shadow
}

// particle -1
sphere {
	<41.536106, 31.604252, 26.172829> 0.100000
	pigment { color rgbt <1,0,0,0> }
	no_shadow
}
sphere {
	0, 1
	scale<0.080000,0.200000,0.300000>
	matrix <0.358239, -0.215075, 0.908519,
		0.157530, -0.945228, -0.285882,
		0.920244, 0.245533, -0.304737,
		41.812180, 31.677912, 26.081408>
	pigment { color rgbt <0,1,1,0> }
	no_shadow
}
cylinder {
	<41.589725, 30.991304, 26.623299>,  <41.168007, 31.506039, 26.294724>, 0.130000
	pigment { color rgbt <1,0,0,0> }
	no_shadow
}

// nucleotide -1

// particle -1
sphere {
	<41.589725, 30.991304, 26.623299> 0.250000
	pigment { color rgbt <1,0,0,0> }
	no_shadow
}
cylinder {
	<41.850494, 31.284565, 26.545849>,  <42.006954, 31.460522, 26.499378>, 0.100000
	pigment { color rgbt <1,0,0,0> }
	no_shadow
}
cylinder {
	<41.850494, 31.284565, 26.545849>,  <41.589725, 30.991304, 26.623299>, 0.100000
	pigment { color rgbt <1,0,0,0> }
	no_shadow
}

// particle -1
sphere {
	<41.850494, 31.284565, 26.545849> 0.100000
	pigment { color rgbt <1,0,0,0> }
	no_shadow
}
sphere {
	0, 1
	scale<0.080000,0.200000,0.300000>
	matrix <0.406448, -0.122283, 0.905454,
		0.640158, -0.668981, -0.377707,
		0.651919, 0.733151, -0.193626,
		42.046070, 31.504511, 26.487761>
	pigment { color rgbt <0,1,1,0> }
	no_shadow
}
cylinder {
	<42.306698, 30.714695, 26.871357>,  <41.589725, 30.991304, 26.623299>, 0.130000
	pigment { color rgbt <1,0,0,0> }
	no_shadow
}

// nucleotide -1

// particle -1
sphere {
	<42.306698, 30.714695, 26.871357> 0.250000
	pigment { color rgbt <1,0,0,0> }
	no_shadow
}
cylinder {
	<42.309772, 31.113796, 26.844730>,  <42.311615, 31.353256, 26.828754>, 0.100000
	pigment { color rgbt <1,0,0,0> }
	no_shadow
}
cylinder {
	<42.309772, 31.113796, 26.844730>,  <42.306698, 30.714695, 26.871357>, 0.100000
	pigment { color rgbt <1,0,0,0> }
	no_shadow
}

// particle -1
sphere {
	<42.309772, 31.113796, 26.844730> 0.100000
	pigment { color rgbt <1,0,0,0> }
	no_shadow
}
sphere {
	0, 1
	scale<0.080000,0.200000,0.300000>
	matrix <0.558114, 0.050957, 0.828198,
		0.829729, -0.043514, -0.556468,
		0.007682, 0.997752, -0.066566,
		42.312077, 31.413122, 26.824760>
	pigment { color rgbt <0,1,1,0> }
	no_shadow
}
cylinder {
	<43.000187, 30.900732, 27.006683>,  <42.306698, 30.714695, 26.871357>, 0.130000
	pigment { color rgbt <1,0,0,0> }
	no_shadow
}

// nucleotide -1

// particle -1
sphere {
	<43.000187, 30.900732, 27.006683> 0.250000
	pigment { color rgbt <1,0,0,0> }
	no_shadow
}
cylinder {
	<42.796856, 31.239792, 27.067467>,  <42.674858, 31.443228, 27.103937>, 0.100000
	pigment { color rgbt <1,0,0,0> }
	no_shadow
}
cylinder {
	<42.796856, 31.239792, 27.067467>,  <43.000187, 30.900732, 27.006683>, 0.100000
	pigment { color rgbt <1,0,0,0> }
	no_shadow
}

// particle -1
sphere {
	<42.796856, 31.239792, 27.067467> 0.100000
	pigment { color rgbt <1,0,0,0> }
	no_shadow
}
sphere {
	0, 1
	scale<0.080000,0.200000,0.300000>
	matrix <0.303594, 0.011264, 0.952735,
		0.805872, 0.530439, -0.263067,
		-0.508331, 0.847648, 0.151961,
		42.644356, 31.494087, 27.113054>
	pigment { color rgbt <0,1,1,0> }
	no_shadow
}
cylinder {
	<43.443893, 31.303574, 27.354650>,  <43.000187, 30.900732, 27.006683>, 0.130000
	pigment { color rgbt <1,0,0,0> }
	no_shadow
}

// nucleotide -1

// particle -1
sphere {
	<43.443893, 31.303574, 27.354650> 0.250000
	pigment { color rgbt <1,0,0,0> }
	no_shadow
}
cylinder {
	<43.083099, 31.462631, 27.421947>,  <42.866623, 31.558065, 27.462326>, 0.100000
	pigment { color rgbt <1,0,0,0> }
	no_shadow
}
cylinder {
	<43.083099, 31.462631, 27.421947>,  <43.443893, 31.303574, 27.354650>, 0.100000
	pigment { color rgbt <1,0,0,0> }
	no_shadow
}

// particle -1
sphere {
	<43.083099, 31.462631, 27.421947> 0.100000
	pigment { color rgbt <1,0,0,0> }
	no_shadow
}
sphere {
	0, 1
	scale<0.080000,0.200000,0.300000>
	matrix <0.273313, 0.224181, 0.935437,
		0.334255, 0.889731, -0.310889,
		-0.901983, 0.397645, 0.168242,
		42.812504, 31.581924, 27.472420>
	pigment { color rgbt <0,1,1,0> }
	no_shadow
}
cylinder {
	<43.627102, 31.873686, 27.744116>,  <43.443893, 31.303574, 27.354650>, 0.130000
	pigment { color rgbt <1,0,0,0> }
	no_shadow
}

// nucleotide -1

// particle -1
sphere {
	<43.627102, 31.873686, 27.744116> 0.250000
	pigment { color rgbt <1,0,0,0> }
	no_shadow
}
cylinder {
	<43.242611, 31.799088, 27.825363>,  <43.011917, 31.754330, 27.874111>, 0.100000
	pigment { color rgbt <1,0,0,0> }
	no_shadow
}
cylinder {
	<43.242611, 31.799088, 27.825363>,  <43.627102, 31.873686, 27.744116>, 0.100000
	pigment { color rgbt <1,0,0,0> }
	no_shadow
}

// particle -1
sphere {
	<43.242611, 31.799088, 27.825363> 0.100000
	pigment { color rgbt <1,0,0,0> }
	no_shadow
}
sphere {
	0, 1
	scale<0.080000,0.200000,0.300000>
	matrix <0.177643, 0.144577, 0.973417,
		-0.210903, 0.971760, -0.105842,
		-0.961230, -0.186494, 0.203119,
		42.954243, 31.743139, 27.886299>
	pigment { color rgbt <0,1,1,0> }
	no_shadow
}
cylinder {
	<43.464039, 32.290939, 28.324987>,  <43.627102, 31.873686, 27.744116>, 0.130000
	pigment { color rgbt <1,0,0,0> }
	no_shadow
}

// nucleotide -1

// particle -1
sphere {
	<43.464039, 32.290939, 28.324987> 0.250000
	pigment { color rgbt <1,0,0,0> }
	no_shadow
}
cylinder {
	<43.185436, 32.005295, 28.353054>,  <43.018276, 31.833908, 28.369894>, 0.100000
	pigment { color rgbt <1,0,0,0> }
	no_shadow
}
cylinder {
	<43.185436, 32.005295, 28.353054>,  <43.464039, 32.290939, 28.324987>, 0.100000
	pigment { color rgbt <1,0,0,0> }
	no_shadow
}

// particle -1
sphere {
	<43.185436, 32.005295, 28.353054> 0.100000
	pigment { color rgbt <1,0,0,0> }
	no_shadow
}
sphere {
	0, 1
	scale<0.080000,0.200000,0.300000>
	matrix <0.322932, -0.224636, 0.919377,
		-0.640777, 0.663010, 0.387070,
		-0.696505, -0.714113, 0.070166,
		42.976486, 31.791061, 28.374104>
	pigment { color rgbt <0,1,1,0> }
	no_shadow
}
cylinder {
	<43.287361, 32.243378, 29.038973>,  <43.464039, 32.290939, 28.324987>, 0.130000
	pigment { color rgbt <1,0,0,0> }
	no_shadow
}

// nucleotide -1

// particle -1
sphere {
	<43.287361, 32.243378, 29.038973> 0.250000
	pigment { color rgbt <1,0,0,0> }
	no_shadow
}
cylinder {
	<43.129215, 31.904655, 28.896648>,  <43.034328, 31.701422, 28.811253>, 0.100000
	pigment { color rgbt <1,0,0,0> }
	no_shadow
}
cylinder {
	<43.129215, 31.904655, 28.896648>,  <43.287361, 32.243378, 29.038973>, 0.100000
	pigment { color rgbt <1,0,0,0> }
	no_shadow
}

// particle -1
sphere {
	<43.129215, 31.904655, 28.896648> 0.100000
	pigment { color rgbt <1,0,0,0> }
	no_shadow
}
sphere {
	0, 1
	scale<0.080000,0.200000,0.300000>
	matrix <0.078681, -0.417173, 0.905415,
		-0.915147, 0.329975, 0.231564,
		-0.395367, -0.846807, -0.355812,
		43.010605, 31.650614, 28.789906>
	pigment { color rgbt <0,1,1,0> }
	no_shadow
}
cylinder {
	<42.719234, 32.035263, 29.502554>,  <43.287361, 32.243378, 29.038973>, 0.130000
	pigment { color rgbt <1,0,0,0> }
	no_shadow
}

// nucleotide -1

// particle -1
sphere {
	<42.719234, 32.035263, 29.502554> 0.250000
	pigment { color rgbt <1,0,0,0> }
	no_shadow
}
cylinder {
	<42.860535, 31.709610, 29.318207>,  <42.945316, 31.514217, 29.207600>, 0.100000
	pigment { color rgbt <1,0,0,0> }
	no_shadow
}
cylinder {
	<42.860535, 31.709610, 29.318207>,  <42.719234, 32.035263, 29.502554>, 0.100000
	pigment { color rgbt <1,0,0,0> }
	no_shadow
}

// particle -1
sphere {
	<42.860535, 31.709610, 29.318207> 0.100000
	pigment { color rgbt <1,0,0,0> }
	no_shadow
}
sphere {
	0, 1
	scale<0.080000,0.200000,0.300000>
	matrix <0.047798, -0.476278, 0.877994,
		-0.934306, -0.332183, -0.129333,
		0.353253, -0.814134, -0.460867,
		42.966511, 31.465370, 29.179947>
	pigment { color rgbt <0,1,1,0> }
	no_shadow
}
cylinder {
	<42.345844, 31.533337, 29.862986>,  <42.719234, 32.035263, 29.502554>, 0.130000
	pigment { color rgbt <1,0,0,0> }
	no_shadow
}

// nucleotide -1

// particle -1
sphere {
	<42.345844, 31.533337, 29.862986> 0.250000
	pigment { color rgbt <1,0,0,0> }
	no_shadow
}
cylinder {
	<42.631298, 31.320759, 29.680428>,  <42.802570, 31.193213, 29.570892>, 0.100000
	pigment { color rgbt <1,0,0,0> }
	no_shadow
}
cylinder {
	<42.631298, 31.320759, 29.680428>,  <42.345844, 31.533337, 29.862986>, 0.100000
	pigment { color rgbt <1,0,0,0> }
	no_shadow
}

// particle -1
sphere {
	<42.631298, 31.320759, 29.680428> 0.100000
	pigment { color rgbt <1,0,0,0> }
	no_shadow
}
sphere {
	0, 1
	scale<0.080000,0.200000,0.300000>
	matrix <-0.059005, -0.694793, 0.716785,
		-0.698051, -0.484576, -0.527173,
		0.713613, -0.531458, -0.456409,
		42.845387, 31.161325, 29.543509>
	pigment { color rgbt <0,1,1,0> }
	no_shadow
}
cylinder {
	<42.186760, 30.872780, 29.986816>,  <42.345844, 31.533337, 29.862986>, 0.130000
	pigment { color rgbt <1,0,0,0> }
	no_shadow
}

// nucleotide -1

// particle -1
sphere {
	<42.186760, 30.872780, 29.986816> 0.250000
	pigment { color rgbt <1,0,0,0> }
	no_shadow
}
cylinder {
	<42.569126, 30.824795, 29.879608>,  <42.798546, 30.796003, 29.815283>, 0.100000
	pigment { color rgbt <1,0,0,0> }
	no_shadow
}
cylinder {
	<42.569126, 30.824795, 29.879608>,  <42.186760, 30.872780, 29.986816>, 0.100000
	pigment { color rgbt <1,0,0,0> }
	no_shadow
}

// particle -1
sphere {
	<42.569126, 30.824795, 29.879608> 0.100000
	pigment { color rgbt <1,0,0,0> }
	no_shadow
}
sphere {
	0, 1
	scale<0.080000,0.200000,0.300000>
	matrix <0.121251, -0.670039, 0.732356,
		-0.267437, -0.732568, -0.625956,
		0.955916, -0.119962, -0.268018,
		42.855900, 30.788807, 29.799202>
	pigment { color rgbt <0,1,1,0> }
	no_shadow
}
cylinder {
	<42.266693, 30.167948, 29.844376>,  <42.186760, 30.872780, 29.986816>, 0.130000
	pigment { color rgbt <1,0,0,0> }
	no_shadow
}

// nucleotide -1

// particle -1
sphere {
	<42.266693, 30.167948, 29.844376> 0.250000
	pigment { color rgbt <1,0,0,0> }
	no_shadow
}
cylinder {
	<42.607700, 30.346252, 29.953564>,  <42.812305, 30.453236, 30.019077>, 0.100000
	pigment { color rgbt <1,0,0,0> }
	no_shadow
}
cylinder {
	<42.607700, 30.346252, 29.953564>,  <42.266693, 30.167948, 29.844376>, 0.100000
	pigment { color rgbt <1,0,0,0> }
	no_shadow
}

// particle -1
sphere {
	<42.607700, 30.346252, 29.953564> 0.100000
	pigment { color rgbt <1,0,0,0> }
	no_shadow
}
sphere {
	0, 1
	scale<0.080000,0.200000,0.300000>
	matrix <0.102945, -0.655189, 0.748418,
		0.512465, -0.609937, -0.604447,
		0.852515, 0.445763, 0.272971,
		42.863457, 30.479980, 30.035456>
	pigment { color rgbt <0,1,1,0> }
	no_shadow
}
cylinder {
	<42.641491, 29.642467, 30.125433>,  <42.266693, 30.167948, 29.844376>, 0.130000
	pigment { color rgbt <1,0,0,0> }
	no_shadow
}

// nucleotide -1

// particle -1
sphere {
	<42.641491, 29.642467, 30.125433> 0.250000
	pigment { color rgbt <1,0,0,0> }
	no_shadow
}
cylinder {
	<42.861763, 29.946507, 30.263420>,  <42.993927, 30.128929, 30.346212>, 0.100000
	pigment { color rgbt <1,0,0,0> }
	no_shadow
}
cylinder {
	<42.861763, 29.946507, 30.263420>,  <42.641491, 29.642467, 30.125433>, 0.100000
	pigment { color rgbt <1,0,0,0> }
	no_shadow
}

// particle -1
sphere {
	<42.861763, 29.946507, 30.263420> 0.100000
	pigment { color rgbt <1,0,0,0> }
	no_shadow
}
sphere {
	0, 1
	scale<0.080000,0.200000,0.300000>
	matrix <0.217077, -0.529463, 0.820089,
		0.805994, -0.376725, -0.456565,
		0.550682, 0.760097, 0.344966,
		43.026966, 30.174536, 30.366909>
	pigment { color rgbt <0,1,1,0> }
	no_shadow
}
cylinder {
	<43.220390, 29.373852, 30.426247>,  <42.641491, 29.642467, 30.125433>, 0.130000
	pigment { color rgbt <1,0,0,0> }
	no_shadow
}

// nucleotide -1

// particle -1
sphere {
	<43.220390, 29.373852, 30.426247> 0.250000
	pigment { color rgbt <1,0,0,0> }
	no_shadow
}
cylinder {
	<43.173012, 29.732384, 30.597157>,  <43.144585, 29.947502, 30.699703>, 0.100000
	pigment { color rgbt <1,0,0,0> }
	no_shadow
}
cylinder {
	<43.173012, 29.732384, 30.597157>,  <43.220390, 29.373852, 30.426247>, 0.100000
	pigment { color rgbt <1,0,0,0> }
	no_shadow
}

// particle -1
sphere {
	<43.173012, 29.732384, 30.597157> 0.100000
	pigment { color rgbt <1,0,0,0> }
	no_shadow
}
sphere {
	0, 1
	scale<0.080000,0.200000,0.300000>
	matrix <-0.123216, -0.440246, 0.889382,
		0.985286, 0.052695, 0.162587,
		-0.118444, 0.896330, 0.427276,
		43.137478, 30.001282, 30.725340>
	pigment { color rgbt <0,1,1,0> }
	no_shadow
}
cylinder {
	<43.672955, 29.423559, 30.926247>,  <43.220390, 29.373852, 30.426247>, 0.130000
	pigment { color rgbt <1,0,0,0> }
	no_shadow
}

// nucleotide -1

// particle -1
sphere {
	<43.672955, 29.423559, 30.926247> 0.250000
	pigment { color rgbt <1,0,0,0> }
	no_shadow
}
cylinder {
	<43.399715, 29.704185, 31.007423>,  <43.235771, 29.872561, 31.056129>, 0.100000
	pigment { color rgbt <1,0,0,0> }
	no_shadow
}
cylinder {
	<43.399715, 29.704185, 31.007423>,  <43.672955, 29.423559, 30.926247>, 0.100000
	pigment { color rgbt <1,0,0,0> }
	no_shadow
}

// particle -1
sphere {
	<43.399715, 29.704185, 31.007423> 0.100000
	pigment { color rgbt <1,0,0,0> }
	no_shadow
}
sphere {
	0, 1
	scale<0.080000,0.200000,0.300000>
	matrix <-0.216104, -0.459600, 0.861433,
		0.697623, 0.544585, 0.465562,
		-0.683096, 0.701566, 0.202941,
		43.194786, 29.914656, 31.068306>
	pigment { color rgbt <0,1,1,0> }
	no_shadow
}
cylinder {
	<43.814781, 29.792843, 31.612066>,  <43.672955, 29.423559, 30.926247>, 0.130000
	pigment { color rgbt <1,0,0,0> }
	no_shadow
}

// nucleotide -1

// particle -1
sphere {
	<43.814781, 29.792843, 31.612066> 0.250000
	pigment { color rgbt <1,0,0,0> }
	no_shadow
}
cylinder {
	<43.421413, 29.793320, 31.539524>,  <43.185394, 29.793606, 31.495998>, 0.100000
	pigment { color rgbt <1,0,0,0> }
	no_shadow
}
cylinder {
	<43.421413, 29.793320, 31.539524>,  <43.814781, 29.792843, 31.612066>, 0.100000
	pigment { color rgbt <1,0,0,0> }
	no_shadow
}

// particle -1
sphere {
	<43.421413, 29.793320, 31.539524> 0.100000
	pigment { color rgbt <1,0,0,0> }
	no_shadow
}
sphere {
	0, 1
	scale<0.080000,0.200000,0.300000>
	matrix <-0.165749, -0.411811, 0.896068,
		-0.073616, 0.911268, 0.405180,
		-0.983416, 0.001193, -0.181358,
		43.126389, 29.793678, 31.485117>
	pigment { color rgbt <0,1,1,0> }
	no_shadow
}
cylinder {
	<43.326004, 30.134369, 32.164021>,  <43.814781, 29.792843, 31.612066>, 0.130000
	pigment { color rgbt <1,0,0,0> }
	no_shadow
}

// nucleotide -1

// particle -1
sphere {
	<43.326004, 30.134369, 32.164021> 0.250000
	pigment { color rgbt <1,0,0,0> }
	no_shadow
}
cylinder {
	<43.091187, 29.867577, 31.980488>,  <42.950298, 29.707502, 31.870369>, 0.100000
	pigment { color rgbt <1,0,0,0> }
	no_shadow
}
cylinder {
	<43.091187, 29.867577, 31.980488>,  <43.326004, 30.134369, 32.164021>, 0.100000
	pigment { color rgbt <1,0,0,0> }
	no_shadow
}

// particle -1
sphere {
	<43.091187, 29.867577, 31.980488> 0.100000
	pigment { color rgbt <1,0,0,0> }
	no_shadow
}
sphere {
	0, 1
	scale<0.080000,0.200000,0.300000>
	matrix <-0.316723, -0.332370, 0.888379,
		-0.745031, 0.666835, -0.016133,
		-0.587040, -0.666979, -0.458828,
		42.915073, 29.667482, 31.842840>
	pigment { color rgbt <0,1,1,0> }
	no_shadow
}
cylinder {
	<42.507664, 30.055632, 32.432693>,  <43.326004, 30.134369, 32.164021>, 0.130000
	pigment { color rgbt <1,0,0,0> }
	no_shadow
}

// nucleotide -1

// particle -1
sphere {
	<42.507664, 30.055632, 32.432693> 0.250000
	pigment { color rgbt <1,0,0,0> }
	no_shadow
}
cylinder {
	<42.629276, 29.697277, 32.303108>,  <42.702244, 29.482265, 32.225357>, 0.100000
	pigment { color rgbt <1,0,0,0> }
	no_shadow
}
cylinder {
	<42.629276, 29.697277, 32.303108>,  <42.507664, 30.055632, 32.432693>, 0.100000
	pigment { color rgbt <1,0,0,0> }
	no_shadow
}

// particle -1
sphere {
	<42.629276, 29.697277, 32.303108> 0.100000
	pigment { color rgbt <1,0,0,0> }
	no_shadow
}
sphere {
	0, 1
	scale<0.080000,0.200000,0.300000>
	matrix <-0.312181, -0.414981, 0.854596,
		-0.900059, -0.158689, -0.405846,
		0.304034, -0.895884, -0.323968,
		42.720486, 29.428513, 32.205917>
	pigment { color rgbt <0,1,1,0> }
	no_shadow
}
cylinder {
	<41.922764, 29.542854, 32.498131>,  <42.507664, 30.055632, 32.432693>, 0.130000
	pigment { color rgbt <1,0,0,0> }
	no_shadow
}

// nucleotide -1

// particle -1
sphere {
	<41.922764, 29.542854, 32.498131> 0.250000
	pigment { color rgbt <1,0,0,0> }
	no_shadow
}
cylinder {
	<42.283916, 29.371479, 32.512260>,  <42.500607, 29.268654, 32.520737>, 0.100000
	pigment { color rgbt <1,0,0,0> }
	no_shadow
}
cylinder {
	<42.283916, 29.371479, 32.512260>,  <41.922764, 29.542854, 32.498131>, 0.100000
	pigment { color rgbt <1,0,0,0> }
	no_shadow
}

// particle -1
sphere {
	<42.283916, 29.371479, 32.512260> 0.100000
	pigment { color rgbt <1,0,0,0> }
	no_shadow
}
sphere {
	0, 1
	scale<0.080000,0.200000,0.300000>
	matrix <-0.302856, -0.575614, 0.759570,
		-0.305095, -0.696499, -0.649466,
		0.902882, -0.428436, 0.035322,
		42.554779, 29.242949, 32.522858>
	pigment { color rgbt <0,1,1,0> }
	no_shadow
}
cylinder {
	<41.797176, 28.725325, 32.414867>,  <41.922764, 29.542854, 32.498131>, 0.130000
	pigment { color rgbt <1,0,0,0> }
	no_shadow
}

// nucleotide -1

// particle -1
sphere {
	<41.797176, 28.725325, 32.414867> 0.250000
	pigment { color rgbt <1,0,0,0> }
	no_shadow
}
cylinder {
	<42.119408, 28.809952, 32.636242>,  <42.312744, 28.860729, 32.769066>, 0.100000
	pigment { color rgbt <1,0,0,0> }
	no_shadow
}
cylinder {
	<42.119408, 28.809952, 32.636242>,  <41.797176, 28.725325, 32.414867>, 0.100000
	pigment { color rgbt <1,0,0,0> }
	no_shadow
}

// particle -1
sphere {
	<42.119408, 28.809952, 32.636242> 0.100000
	pigment { color rgbt <1,0,0,0> }
	no_shadow
}
sphere {
	0, 1
	scale<0.080000,0.200000,0.300000>
	matrix <-0.279967, -0.687291, 0.670261,
		0.522176, -0.694888, -0.494432,
		0.805575, 0.211570, 0.553432,
		42.361080, 28.873423, 32.802273>
	pigment { color rgbt <0,1,1,0> }
	no_shadow
}
cylinder {
	<42.166134, 28.035738, 32.660408>,  <41.797176, 28.725325, 32.414867>, 0.130000
	pigment { color rgbt <1,0,0,0> }
	no_shadow
}

// nucleotide -1

// particle -1
sphere {
	<42.166134, 28.035738, 32.660408> 0.250000
	pigment { color rgbt <1,0,0,0> }
	no_shadow
}
cylinder {
	<42.192936, 28.318169, 32.942390>,  <42.209015, 28.487627, 33.111580>, 0.100000
	pigment { color rgbt <1,0,0,0> }
	no_shadow
}
cylinder {
	<42.192936, 28.318169, 32.942390>,  <42.166134, 28.035738, 32.660408>, 0.100000
	pigment { color rgbt <1,0,0,0> }
	no_shadow
}

// particle -1
sphere {
	<42.192936, 28.318169, 32.942390> 0.100000
	pigment { color rgbt <1,0,0,0> }
	no_shadow
}
sphere {
	0, 1
	scale<0.080000,0.200000,0.300000>
	matrix <-0.266881, -0.668121, 0.694542,
		0.961398, -0.234676, 0.143672,
		0.067002, 0.706075, 0.704961,
		42.213036, 28.529991, 33.153877>
	pigment { color rgbt <0,1,1,0> }
	no_shadow
}
cylinder {
	<41.531185, 27.719919, 32.839153>,  <42.166134, 28.035738, 32.660408>, 0.130000
	pigment { color rgbt <1,0,0,0> }
	no_shadow
}

// nucleotide -1

// particle -1
sphere {
	<41.531185, 27.719919, 32.839153> 0.250000
	pigment { color rgbt <1,0,0,0> }
	no_shadow
}
cylinder {
	<41.148418, 27.827431, 32.883099>,  <40.918758, 27.891937, 32.909466>, 0.100000
	pigment { color rgbt <1,0,0,0> }
	no_shadow
}
cylinder {
	<41.148418, 27.827431, 32.883099>,  <41.531185, 27.719919, 32.839153>, 0.100000
	pigment { color rgbt <1,0,0,0> }
	no_shadow
}

// particle -1
sphere {
	<41.148418, 27.827431, 32.883099> 0.100000
	pigment { color rgbt <1,0,0,0> }
	no_shadow
}
sphere {
	0, 1
	scale<0.080000,0.200000,0.300000>
	matrix <-0.137991, -0.088056, -0.986511,
		-0.255481, -0.959168, 0.121351,
		-0.956916, 0.268780, 0.109860,
		40.861343, 27.908064, 32.916058>
	pigment { color rgbt <0,1,1,0> }
	no_shadow
}
cylinder {
	<41.115627, 27.250734, 32.472401>,  <41.531185, 27.719919, 32.839153>, 0.130000
	pigment { color rgbt <1,0,0,0> }
	no_shadow
}

// nucleotide -1

// particle -1
sphere {
	<41.115627, 27.250734, 32.472401> 0.250000
	pigment { color rgbt <1,0,0,0> }
	no_shadow
}
cylinder {
	<40.886269, 27.571411, 32.539940>,  <40.748653, 27.763817, 32.580463>, 0.100000
	pigment { color rgbt <1,0,0,0> }
	no_shadow
}
cylinder {
	<40.886269, 27.571411, 32.539940>,  <41.115627, 27.250734, 32.472401>, 0.100000
	pigment { color rgbt <1,0,0,0> }
	no_shadow
}

// particle -1
sphere {
	<40.886269, 27.571411, 32.539940> 0.100000
	pigment { color rgbt <1,0,0,0> }
	no_shadow
}
sphere {
	0, 1
	scale<0.080000,0.200000,0.300000>
	matrix <-0.270661, 0.009157, -0.962631,
		-0.773281, -0.597665, 0.211736,
		-0.573392, 0.801694, 0.168846,
		40.714252, 27.811918, 32.590595>
	pigment { color rgbt <0,1,1,0> }
	no_shadow
}
cylinder {
	<40.422256, 27.127123, 32.196964>,  <41.115627, 27.250734, 32.472401>, 0.130000
	pigment { color rgbt <1,0,0,0> }
	no_shadow
}

// nucleotide -1

// particle -1
sphere {
	<40.422256, 27.127123, 32.196964> 0.250000
	pigment { color rgbt <1,0,0,0> }
	no_shadow
}
cylinder {
	<40.470158, 27.523785, 32.216068>,  <40.498898, 27.761782, 32.227531>, 0.100000
	pigment { color rgbt <1,0,0,0> }
	no_shadow
}
cylinder {
	<40.470158, 27.523785, 32.216068>,  <40.422256, 27.127123, 32.196964>, 0.100000
	pigment { color rgbt <1,0,0,0> }
	no_shadow
}

// particle -1
sphere {
	<40.470158, 27.523785, 32.216068> 0.100000
	pigment { color rgbt <1,0,0,0> }
	no_shadow
}
sphere {
	0, 1
	scale<0.080000,0.200000,0.300000>
	matrix <-0.193525, 0.070495, -0.978559,
		-0.973760, 0.107940, 0.200352,
		0.119750, 0.991655, 0.047756,
		40.506081, 27.821281, 32.230396>
	pigment { color rgbt <0,1,1,0> }
	no_shadow
}
cylinder {
	<40.289127, 27.314728, 31.557163>,  <40.422256, 27.127123, 32.196964>, 0.130000
	pigment { color rgbt <1,0,0,0> }
	no_shadow
}

// nucleotide -1

// particle -1
sphere {
	<40.289127, 27.314728, 31.557163> 0.250000
	pigment { color rgbt <1,0,0,0> }
	no_shadow
}
cylinder {
	<40.411449, 27.686497, 31.639778>,  <40.484844, 27.909557, 31.689348>, 0.100000
	pigment { color rgbt <1,0,0,0> }
	no_shadow
}
cylinder {
	<40.411449, 27.686497, 31.639778>,  <40.289127, 27.314728, 31.557163>, 0.100000
	pigment { color rgbt <1,0,0,0> }
	no_shadow
}

// particle -1
sphere {
	<40.411449, 27.686497, 31.639778> 0.100000
	pigment { color rgbt <1,0,0,0> }
	no_shadow
}
sphere {
	0, 1
	scale<0.080000,0.200000,0.300000>
	matrix <-0.080267, 0.241326, -0.967119,
		-0.948704, 0.279173, 0.148401,
		0.305806, 0.929421, 0.206539,
		40.503193, 27.965322, 31.701740>
	pigment { color rgbt <0,1,1,0> }
	no_shadow
}
cylinder {
	<39.847927, 27.694935, 31.169785>,  <40.289127, 27.314728, 31.557163>, 0.130000
	pigment { color rgbt <1,0,0,0> }
	no_shadow
}

// nucleotide -1

// particle -1
sphere {
	<39.847927, 27.694935, 31.169785> 0.250000
	pigment { color rgbt <1,0,0,0> }
	no_shadow
}
cylinder {
	<40.156799, 27.936733, 31.248093>,  <40.342121, 28.081812, 31.295078>, 0.100000
	pigment { color rgbt <1,0,0,0> }
	no_shadow
}
cylinder {
	<40.156799, 27.936733, 31.248093>,  <39.847927, 27.694935, 31.169785>, 0.100000
	pigment { color rgbt <1,0,0,0> }
	no_shadow
}

// particle -1
sphere {
	<40.156799, 27.936733, 31.248093> 0.100000
	pigment { color rgbt <1,0,0,0> }
	no_shadow
}
sphere {
	0, 1
	scale<0.080000,0.200000,0.300000>
	matrix <-0.115317, 0.436307, -0.892378,
		-0.624856, 0.666498, 0.406615,
		0.772177, 0.604497, 0.195771,
		40.388451, 28.118082, 31.306824>
	pigment { color rgbt <0,1,1,0> }
	no_shadow
}
cylinder {
	<39.651440, 28.400225, 31.175339>,  <39.847927, 27.694935, 31.169785>, 0.130000
	pigment { color rgbt <1,0,0,0> }
	no_shadow
}

// nucleotide -1

// particle -1
sphere {
	<39.651440, 28.400225, 31.175339> 0.250000
	pigment { color rgbt <1,0,0,0> }
	no_shadow
}
cylinder {
	<40.039734, 28.382431, 31.080940>,  <40.272709, 28.371756, 31.024302>, 0.100000
	pigment { color rgbt <1,0,0,0> }
	no_shadow
}
cylinder {
	<40.039734, 28.382431, 31.080940>,  <39.651440, 28.400225, 31.175339>, 0.100000
	pigment { color rgbt <1,0,0,0> }
	no_shadow
}

// particle -1
sphere {
	<40.039734, 28.382431, 31.080940> 0.100000
	pigment { color rgbt <1,0,0,0> }
	no_shadow
}
sphere {
	0, 1
	scale<0.080000,0.200000,0.300000>
	matrix <-0.138260, 0.699982, -0.700649,
		0.196360, 0.712774, 0.673347,
		0.970735, -0.044482, -0.235997,
		40.330956, 28.369087, 31.010141>
	pigment { color rgbt <0,1,1,0> }
	no_shadow
}
cylinder {
	<39.813824, 29.061069, 31.207802>,  <39.651440, 28.400225, 31.175339>, 0.130000
	pigment { color rgbt <1,0,0,0> }
	no_shadow
}

// nucleotide -1

// particle -1
sphere {
	<39.813824, 29.061069, 31.207802> 0.250000
	pigment { color rgbt <1,0,0,0> }
	no_shadow
}
cylinder {
	<40.064056, 28.854385, 30.973995>,  <40.214195, 28.730375, 30.833712>, 0.100000
	pigment { color rgbt <1,0,0,0> }
	no_shadow
}
cylinder {
	<40.064056, 28.854385, 30.973995>,  <39.813824, 29.061069, 31.207802>, 0.100000
	pigment { color rgbt <1,0,0,0> }
	no_shadow
}

// particle -1
sphere {
	<40.064056, 28.854385, 30.973995> 0.100000
	pigment { color rgbt <1,0,0,0> }
	no_shadow
}
sphere {
	0, 1
	scale<0.080000,0.200000,0.300000>
	matrix <-0.226709, 0.596496, -0.769932,
		0.746493, 0.614170, 0.256014,
		0.625580, -0.516709, -0.584518,
		40.251732, 28.699373, 30.798639>
	pigment { color rgbt <0,1,1,0> }
	no_shadow
}
cylinder {
	<40.356667, 29.588278, 30.876812>,  <39.813824, 29.061069, 31.207802>, 0.130000
	pigment { color rgbt <1,0,0,0> }
	no_shadow
}

// nucleotide -1

// particle -1
sphere {
	<40.356667, 29.588278, 30.876812> 0.250000
	pigment { color rgbt <1,0,0,0> }
	no_shadow
}
cylinder {
	<40.313206, 29.253315, 30.662544>,  <40.287128, 29.052338, 30.533983>, 0.100000
	pigment { color rgbt <1,0,0,0> }
	no_shadow
}
cylinder {
	<40.313206, 29.253315, 30.662544>,  <40.356667, 29.588278, 30.876812>, 0.100000
	pigment { color rgbt <1,0,0,0> }
	no_shadow
}

// particle -1
sphere {
	<40.313206, 29.253315, 30.662544> 0.100000
	pigment { color rgbt <1,0,0,0> }
	no_shadow
}
sphere {
	0, 1
	scale<0.080000,0.200000,0.300000>
	matrix <0.002110, 0.538664, -0.842518,
		0.994078, -0.092671, -0.056759,
		-0.108652, -0.837408, -0.535670,
		40.280609, 29.002092, 30.501842>
	pigment { color rgbt <0,1,1,0> }
	no_shadow
}
cylinder {
	<40.681065, 29.762991, 30.376101>,  <40.356667, 29.588278, 30.876812>, 0.130000
	pigment { color rgbt <1,0,0,0> }
	no_shadow
}

// nucleotide -1

// particle -1
sphere {
	<40.681065, 29.762991, 30.376101> 0.250000
	pigment { color rgbt <1,0,0,0> }
	no_shadow
}
cylinder {
	<40.512295, 29.434448, 30.222553>,  <40.411034, 29.237322, 30.130424>, 0.100000
	pigment { color rgbt <1,0,0,0> }
	no_shadow
}
cylinder {
	<40.512295, 29.434448, 30.222553>,  <40.681065, 29.762991, 30.376101>, 0.100000
	pigment { color rgbt <1,0,0,0> }
	no_shadow
}

// particle -1
sphere {
	<40.512295, 29.434448, 30.222553> 0.100000
	pigment { color rgbt <1,0,0,0> }
	no_shadow
}
sphere {
	0, 1
	scale<0.080000,0.200000,0.300000>
	matrix <0.178645, 0.339783, -0.923382,
		0.888858, -0.458169, 0.003370,
		-0.421920, -0.821358, -0.383869,
		40.385719, 29.188042, 30.107393>
	pigment { color rgbt <0,1,1,0> }
	no_shadow
}
cylinder {
	<41.083572, 29.674377, 29.724442>,  <40.681065, 29.762991, 30.376101>, 0.130000
	pigment { color rgbt <1,0,0,0> }
	no_shadow
}

// nucleotide -1

// particle -1
sphere {
	<41.083572, 29.674377, 29.724442> 0.250000
	pigment { color rgbt <1,0,0,0> }
	no_shadow
}
cylinder {
	<40.738029, 29.483391, 29.660225>,  <40.530704, 29.368799, 29.621695>, 0.100000
	pigment { color rgbt <1,0,0,0> }
	no_shadow
}
cylinder {
	<40.738029, 29.483391, 29.660225>,  <41.083572, 29.674377, 29.724442>, 0.100000
	pigment { color rgbt <1,0,0,0> }
	no_shadow
}

// particle -1
sphere {
	<40.738029, 29.483391, 29.660225> 0.100000
	pigment { color rgbt <1,0,0,0> }
	no_shadow
}
sphere {
	0, 1
	scale<0.080000,0.200000,0.300000>
	matrix <-0.030851, 0.368257, -0.929212,
		0.502790, -0.797754, -0.332852,
		-0.863858, -0.477467, -0.160544,
		40.478870, 29.340151, 29.612062>
	pigment { color rgbt <0,1,1,0> }
	no_shadow
}
cylinder {
	<41.113239, 29.415627, 29.026768>,  <41.083572, 29.674377, 29.724442>, 0.130000
	pigment { color rgbt <1,0,0,0> }
	no_shadow
}

// nucleotide -1

// particle -1
sphere {
	<41.113239, 29.415627, 29.026768> 0.250000
	pigment { color rgbt <1,0,0,0> }
	no_shadow
}
cylinder {
	<40.734192, 29.421673, 29.154392>,  <40.506763, 29.425301, 29.230967>, 0.100000
	pigment { color rgbt <1,0,0,0> }
	no_shadow
}
cylinder {
	<40.734192, 29.421673, 29.154392>,  <41.113239, 29.415627, 29.026768>, 0.100000
	pigment { color rgbt <1,0,0,0> }
	no_shadow
}

// particle -1
sphere {
	<40.734192, 29.421673, 29.154392> 0.100000
	pigment { color rgbt <1,0,0,0> }
	no_shadow
}
sphere {
	0, 1
	scale<0.080000,0.200000,0.300000>
	matrix <-0.281102, 0.434896, -0.855481,
		-0.151690, -0.900354, -0.407864,
		-0.947614, 0.015116, 0.319061,
		40.449909, 29.426208, 29.250111>
	pigment { color rgbt <0,1,1,0> }
	no_shadow
}
cylinder {
	<40.693386, 28.953505, 28.574467>,  <41.113239, 29.415627, 29.026768>, 0.130000
	pigment { color rgbt <1,0,0,0> }
	no_shadow
}

// nucleotide -1

// particle -1
sphere {
	<40.693386, 28.953505, 28.574467> 0.250000
	pigment { color rgbt <1,0,0,0> }
	no_shadow
}
cylinder {
	<40.469086, 29.239414, 28.741634>,  <40.334507, 29.410959, 28.841936>, 0.100000
	pigment { color rgbt <1,0,0,0> }
	no_shadow
}
cylinder {
	<40.469086, 29.239414, 28.741634>,  <40.693386, 28.953505, 28.574467>, 0.100000
	pigment { color rgbt <1,0,0,0> }
	no_shadow
}

// particle -1
sphere {
	<40.469086, 29.239414, 28.741634> 0.100000
	pigment { color rgbt <1,0,0,0> }
	no_shadow
}
sphere {
	0, 1
	scale<0.080000,0.200000,0.300000>
	matrix <-0.278740, 0.312318, -0.908164,
