{
type = trap
particle = 0
stiff = 1.0
pos0 = 27.3825479376171, 13.0683010359174, 6.6176822779981
rate = 0.0
dir = 1.0, 0.0, 0.0

}
{
type = trap
particle = 289
stiff = 1.0
pos0 = 0.8956526851477, 15.058465274519, 6.62240956434424
rate = 0.0
dir = -1.0, 0.0, 0.0
}


