// switches for output
#declare DRAW_BASES = 1; // possible values are 0, 1; only relevant for DNA ribbons
#declare DRAW_BASES_TYPE = 3; // possible values are 1, 2, 3; only relevant for DNA ribbons
#declare DRAW_FOG = 0; // set to 1 to enable fog

#include "colors.inc"

#include "transforms.inc"
background { rgb <1, 1, 1>}

#default {
   normal{
       ripples 0.25
       frequency 0.20
       turbulence 0.2
       lambda 5
   }
	finish {
		phong 0.1
		phong_size 40.
	}
}

// original window dimensions: 1024x640


// camera settings

camera {
	sky <0, 0.179814, -0.983701>
	up <0, 0.179814, -0.983701>
	right 1.6 * <1, 0, 0>
	location <25.469, 94.9851, 44.8844>
	look_at <25.469, 29.3977, 32.8955>
	direction <0, -65.5874, -11.9889>
	angle 67.0682
}


# declare cpy_camera_pos = <25.469, 94.9851, 44.8844>;
# if (DRAW_FOG = 1)
fog {
	fog_type 2
	up vnormalize(cpy_camera_pos)
	color rgbt<1,1,1,0.3>
	distance 1e-5
	fog_alt 3e-3
	fog_offset 28
}
# end


// LIGHTS

# declare lum = 6;
global_settings {
	ambient_light rgb lum * <0.05, 0.05, 0.05>
	max_trace_level 15
}# declare cpy_direct_light_amount = 0.25;
light_source
{	1000 * <-1, -1.16351, -0.803887>,
	rgb lum * cpy_direct_light_amount
	parallel
}

light_source
{	1000 * <1, 1.16351, 0.803887>,
	rgb lum * cpy_direct_light_amount
	parallel
}

// strand 0

// nucleotide -1

// particle -1
sphere {
	<4.464912, 15.229412, 15.071210> 0.250000
	pigment { color rgbt <1,0,0,0> }
	no_shadow
}
cylinder {
	<4.419045, 15.023942, 14.731094>,  <4.391524, 14.900661, 14.527025>, 0.100000
	pigment { color rgbt <1,0,0,0> }
	no_shadow
}
cylinder {
	<4.419045, 15.023942, 14.731094>,  <4.464912, 15.229412, 15.071210>, 0.100000
	pigment { color rgbt <1,0,0,0> }
	no_shadow
}

// particle -1
sphere {
	<4.419045, 15.023942, 14.731094> 0.100000
	pigment { color rgbt <1,0,0,0> }
	no_shadow
}
sphere {
	0, 1
	scale<0.080000,0.200000,0.300000>
	matrix <0.965554, 0.143621, -0.216977,
		0.233575, -0.845879, 0.479511,
		-0.114668, -0.513674, -0.850288,
		4.384645, 14.869840, 14.476007>
	pigment { color rgbt <0,1,1,0> }
	no_shadow
}
cylinder {
	<4.871301, 14.674021, 15.142300>,  <4.464912, 15.229412, 15.071210>, 0.130000
	pigment { color rgbt <1,0,0,0> }
	no_shadow
}

// nucleotide -1

// particle -1
sphere {
	<4.871301, 14.674021, 15.142300> 0.250000
	pigment { color rgbt <1,0,0,0> }
	no_shadow
}
cylinder {
	<4.820474, 14.767738, 14.756769>,  <4.789978, 14.823969, 14.525451>, 0.100000
	pigment { color rgbt <1,0,0,0> }
	no_shadow
}
cylinder {
	<4.820474, 14.767738, 14.756769>,  <4.871301, 14.674021, 15.142300>, 0.100000
	pigment { color rgbt <1,0,0,0> }
	no_shadow
}

// particle -1
sphere {
	<4.820474, 14.767738, 14.756769> 0.100000
	pigment { color rgbt <1,0,0,0> }
	no_shadow
}
sphere {
	0, 1
	scale<0.080000,0.200000,0.300000>
	matrix <0.985710, 0.138167, -0.096367,
		0.110591, -0.962298, -0.248502,
		-0.127068, 0.234293, -0.963826,
		4.782354, 14.838026, 14.467622>
	pigment { color rgbt <0,1,1,0> }
	no_shadow
}
cylinder {
	<5.203153, 14.180656, 14.563302>,  <4.871301, 14.674021, 15.142300>, 0.130000
	pigment { color rgbt <1,0,0,0> }
	no_shadow
}

// nucleotide -1

// particle -1
sphere {
	<5.203153, 14.180656, 14.563302> 0.250000
	pigment { color rgbt <1,0,0,0> }
	no_shadow
}
cylinder {
	<5.171864, 14.569528, 14.474984>,  <5.153090, 14.802851, 14.421993>, 0.100000
	pigment { color rgbt <1,0,0,0> }
	no_shadow
}
cylinder {
	<5.171864, 14.569528, 14.474984>,  <5.203153, 14.180656, 14.563302>, 0.100000
	pigment { color rgbt <1,0,0,0> }
	no_shadow
}

// particle -1
sphere {
	<5.171864, 14.569528, 14.474984> 0.100000
	pigment { color rgbt <1,0,0,0> }
	no_shadow
}
sphere {
	0, 1
	scale<0.080000,0.200000,0.300000>
	matrix <0.996474, 0.082985, 0.012361,
		0.030339, -0.219048, -0.975242,
		-0.078223, 0.972179, -0.220794,
		5.148397, 14.861181, 14.408746>
	pigment { color rgbt <0,1,1,0> }
	no_shadow
}
cylinder {
	<5.286595, 13.847566, 13.945848>,  <5.203153, 14.180656, 14.563302>, 0.130000
	pigment { color rgbt <1,0,0,0> }
	no_shadow
}

// nucleotide -1

// particle -1
sphere {
	<5.286595, 13.847566, 13.945848> 0.250000
	pigment { color rgbt <1,0,0,0> }
	no_shadow
}
cylinder {
	<5.251664, 14.244080, 13.985296>,  <5.230705, 14.481988, 14.008965>, 0.100000
	pigment { color rgbt <1,0,0,0> }
	no_shadow
}
cylinder {
	<5.251664, 14.244080, 13.985296>,  <5.286595, 13.847566, 13.945848>, 0.100000
	pigment { color rgbt <1,0,0,0> }
	no_shadow
}

// particle -1
sphere {
	<5.251664, 14.244080, 13.985296> 0.100000
	pigment { color rgbt <1,0,0,0> }
	no_shadow
}
sphere {
	0, 1
	scale<0.080000,0.200000,0.300000>
	matrix <0.034959, 0.101989, -0.994171,
		-0.995566, -0.083372, -0.043561,
		-0.087329, 0.991286, 0.098623,
		5.225465, 14.541466, 14.014883>
	pigment { color rgbt <0,1,1,0> }
	no_shadow
}
cylinder {
	<4.659641, 14.156780, 13.572522>,  <5.286595, 13.847566, 13.945848>, 0.130000
	pigment { color rgbt <1,0,0,0> }
	no_shadow
}

// nucleotide -1

// particle -1
sphere {
	<4.659641, 14.156780, 13.572522> 0.250000
	pigment { color rgbt <1,0,0,0> }
	no_shadow
}
cylinder {
	<4.953482, 14.423151, 13.624519>,  <5.129787, 14.582973, 13.655718>, 0.100000
	pigment { color rgbt <1,0,0,0> }
	no_shadow
}
cylinder {
	<4.953482, 14.423151, 13.624519>,  <4.659641, 14.156780, 13.572522>, 0.100000
	pigment { color rgbt <1,0,0,0> }
	no_shadow
}

// particle -1
sphere {
	<4.953482, 14.423151, 13.624519> 0.100000
	pigment { color rgbt <1,0,0,0> }
	no_shadow
}
sphere {
	0, 1
	scale<0.080000,0.200000,0.300000>
	matrix <-0.056863, 0.251341, -0.966227,
		-0.676110, 0.702402, 0.222503,
		0.734604, 0.665928, 0.129993,
		5.173863, 14.622930, 13.663517>
	pigment { color rgbt <0,1,1,0> }
	no_shadow
}
cylinder {
	<4.412805, 14.663066, 13.197307>,  <4.659641, 14.156780, 13.572522>, 0.130000
	pigment { color rgbt <1,0,0,0> }
	no_shadow
}

// nucleotide -1

// particle -1
sphere {
	<4.412805, 14.663066, 13.197307> 0.250000
	pigment { color rgbt <1,0,0,0> }
	no_shadow
}
cylinder {
	<4.803362, 14.742847, 13.230470>,  <5.037697, 14.790716, 13.250367>, 0.100000
	pigment { color rgbt <1,0,0,0> }
	no_shadow
}
cylinder {
	<4.803362, 14.742847, 13.230470>,  <4.412805, 14.663066, 13.197307>, 0.100000
	pigment { color rgbt <1,0,0,0> }
	no_shadow
}

// particle -1
sphere {
	<4.803362, 14.742847, 13.230470> 0.100000
	pigment { color rgbt <1,0,0,0> }
	no_shadow
}
sphere {
	0, 1
	scale<0.080000,0.200000,0.300000>
	matrix <0.019843, 0.299385, -0.953926,
		-0.215086, 0.933052, 0.288360,
		0.976393, 0.199455, 0.082908,
		5.096281, 14.802684, 13.255342>
	pigment { color rgbt <0,1,1,0> }
	no_shadow
}
cylinder {
	<4.556156, 15.425253, 13.069989>,  <4.412805, 14.663066, 13.197307>, 0.130000
	pigment { color rgbt <1,0,0,0> }
	no_shadow
}

// nucleotide -1

// particle -1
sphere {
	<4.556156, 15.425253, 13.069989> 0.250000
	pigment { color rgbt <1,0,0,0> }
	no_shadow
}
cylinder {
	<4.876981, 15.199303, 12.992414>,  <5.069476, 15.063732, 12.945869>, 0.100000
	pigment { color rgbt <1,0,0,0> }
	no_shadow
}
cylinder {
	<4.876981, 15.199303, 12.992414>,  <4.556156, 15.425253, 13.069989>, 0.100000
	pigment { color rgbt <1,0,0,0> }
	no_shadow
}

// particle -1
sphere {
	<4.876981, 15.199303, 12.992414> 0.100000
	pigment { color rgbt <1,0,0,0> }
	no_shadow
}
sphere {
	0, 1
	scale<0.080000,0.200000,0.300000>
	matrix <0.022286, 0.352801, -0.935433,
		0.596824, 0.745953, 0.295558,
		0.802063, -0.564876, -0.193936,
		5.117600, 15.029840, 12.934234>
	pigment { color rgbt <0,1,1,0> }
	no_shadow
}
cylinder {
	<4.838858, 15.866407, 12.563367>,  <4.556156, 15.425253, 13.069989>, 0.130000
	pigment { color rgbt <1,0,0,0> }
	no_shadow
}

// nucleotide -1

// particle -1
sphere {
	<4.838858, 15.866407, 12.563367> 0.250000
	pigment { color rgbt <1,0,0,0> }
	no_shadow
}
cylinder {
	<5.042953, 15.524118, 12.528969>,  <5.165410, 15.318745, 12.508330>, 0.100000
	pigment { color rgbt <1,0,0,0> }
	no_shadow
}
cylinder {
	<5.042953, 15.524118, 12.528969>,  <4.838858, 15.866407, 12.563367>, 0.100000
	pigment { color rgbt <1,0,0,0> }
	no_shadow
}

// particle -1
sphere {
	<5.042953, 15.524118, 12.528969> 0.100000
	pigment { color rgbt <1,0,0,0> }
	no_shadow
}
sphere {
	0, 1
	scale<0.080000,0.200000,0.300000>
	matrix <0.227522, 0.230734, -0.946042,
		0.829392, 0.463141, 0.312425,
		0.510238, -0.855723, -0.085995,
		5.196024, 15.267402, 12.503170>
	pigment { color rgbt <0,1,1,0> }
	no_shadow
}
cylinder {
	<5.500210, 16.037216, 12.359911>,  <4.838858, 15.866407, 12.563367>, 0.130000
	pigment { color rgbt <1,0,0,0> }
	no_shadow
}

// nucleotide -1

// particle -1
sphere {
	<5.500210, 16.037216, 12.359911> 0.250000
	pigment { color rgbt <1,0,0,0> }
	no_shadow
}
cylinder {
	<5.434995, 15.658335, 12.249476>,  <5.395866, 15.431005, 12.183216>, 0.100000
	pigment { color rgbt <1,0,0,0> }
	no_shadow
}
cylinder {
	<5.434995, 15.658335, 12.249476>,  <5.500210, 16.037216, 12.359911>, 0.100000
	pigment { color rgbt <1,0,0,0> }
	no_shadow
}

// particle -1
sphere {
	<5.434995, 15.658335, 12.249476> 0.100000
	pigment { color rgbt <1,0,0,0> }
	no_shadow
}
sphere {
	0, 1
	scale<0.080000,0.200000,0.300000>
	matrix <0.354807, 0.204821, -0.912228,
		0.920615, -0.246684, 0.302681,
		-0.163037, -0.947204, -0.276087,
		5.386084, 15.374173, 12.166651>
	pigment { color rgbt <0,1,1,0> }
	no_shadow
}
cylinder {
	<6.064608, 15.946890, 12.008559>,  <5.500210, 16.037216, 12.359911>, 0.130000
	pigment { color rgbt <1,0,0,0> }
	no_shadow
}

// nucleotide -1

// particle -1
sphere {
	<6.064608, 15.946890, 12.008559> 0.250000
	pigment { color rgbt <1,0,0,0> }
	no_shadow
}
cylinder {
	<5.825612, 15.659227, 11.866674>,  <5.682214, 15.486630, 11.781544>, 0.100000
	pigment { color rgbt <1,0,0,0> }
	no_shadow
}
cylinder {
	<5.825612, 15.659227, 11.866674>,  <6.064608, 15.946890, 12.008559>, 0.100000
	pigment { color rgbt <1,0,0,0> }
	no_shadow
}

// particle -1
sphere {
	<5.825612, 15.659227, 11.866674> 0.100000
	pigment { color rgbt <1,0,0,0> }
	no_shadow
}
sphere {
	0, 1
	scale<0.080000,0.200000,0.300000>
	matrix <0.459554, 0.055406, -0.886420,
		0.657127, -0.692636, 0.297386,
		-0.597490, -0.719156, -0.354713,
		5.646365, 15.443480, 11.760261>
	pigment { color rgbt <0,1,1,0> }
	no_shadow
}
cylinder {
	<6.397657, 15.571010, 11.513351>,  <6.064608, 15.946890, 12.008559>, 0.130000
	pigment { color rgbt <1,0,0,0> }
	no_shadow
}

// nucleotide -1

// particle -1
sphere {
	<6.397657, 15.571010, 11.513351> 0.250000
	pigment { color rgbt <1,0,0,0> }
	no_shadow
}
cylinder {
	<6.027346, 15.448947, 11.424075>,  <5.805160, 15.375710, 11.370509>, 0.100000
	pigment { color rgbt <1,0,0,0> }
	no_shadow
}
cylinder {
	<6.027346, 15.448947, 11.424075>,  <6.397657, 15.571010, 11.513351>, 0.100000
	pigment { color rgbt <1,0,0,0> }
	no_shadow
}

// particle -1
sphere {
	<6.027346, 15.448947, 11.424075> 0.100000
	pigment { color rgbt <1,0,0,0> }
	no_shadow
}
sphere {
	0, 1
	scale<0.080000,0.200000,0.300000>
	matrix <0.188500, 0.139166, -0.972163,
		0.327724, -0.942078, -0.071314,
		-0.925778, -0.305158, -0.223190,
		5.749613, 15.357400, 11.357118>
	pigment { color rgbt <0,1,1,0> }
	no_shadow
}
cylinder {
	<6.458346, 15.303391, 10.721716>,  <6.397657, 15.571010, 11.513351>, 0.130000
	pigment { color rgbt <1,0,0,0> }
	no_shadow
}

// nucleotide -1

// particle -1
sphere {
	<6.458346, 15.303391, 10.721716> 0.250000
	pigment { color rgbt <1,0,0,0> }
	no_shadow
}
cylinder {
	<6.070735, 15.366271, 10.797898>,  <5.838169, 15.403999, 10.843608>, 0.100000
	pigment { color rgbt <1,0,0,0> }
	no_shadow
}
cylinder {
	<6.070735, 15.366271, 10.797898>,  <6.458346, 15.303391, 10.721716>, 0.100000
	pigment { color rgbt <1,0,0,0> }
	no_shadow
}

// particle -1
sphere {
	<6.070735, 15.366271, 10.797898> 0.100000
	pigment { color rgbt <1,0,0,0> }
	no_shadow
}
sphere {
	0, 1
	scale<0.080000,0.200000,0.300000>
	matrix <-0.133509, 0.315313, -0.939549,
		-0.207751, -0.935877, -0.284560,
		-0.969028, 0.157201, 0.190455,
		5.780027, 15.413431, 10.855035>
	pigment { color rgbt <0,1,1,0> }
	no_shadow
}
cylinder {
	<6.004392, 15.032567, 10.120130>,  <6.458346, 15.303391, 10.721716>, 0.130000
	pigment { color rgbt <1,0,0,0> }
	no_shadow
}

// nucleotide -1

// particle -1
sphere {
	<6.004392, 15.032567, 10.120130> 0.250000
	pigment { color rgbt <1,0,0,0> }
	no_shadow
}
cylinder {
	<5.817442, 15.335103, 10.303219>,  <5.705272, 15.516624, 10.413073>, 0.100000
	pigment { color rgbt <1,0,0,0> }
	no_shadow
}
cylinder {
	<5.817442, 15.335103, 10.303219>,  <6.004392, 15.032567, 10.120130>, 0.100000
	pigment { color rgbt <1,0,0,0> }
	no_shadow
}

// particle -1
sphere {
	<5.817442, 15.335103, 10.303219> 0.100000
	pigment { color rgbt <1,0,0,0> }
	no_shadow
}
sphere {
	0, 1
	scale<0.080000,0.200000,0.300000>
	matrix <-0.185217, 0.422489, -0.887242,
		-0.864440, -0.499452, -0.057373,
		-0.467374, 0.756341, 0.457723,
		5.677230, 15.562005, 10.440536>
	pigment { color rgbt <0,1,1,0> }
	no_shadow
}
cylinder {
	<5.500994, 15.134389, 9.612914>,  <6.004392, 15.032567, 10.120130>, 0.130000
	pigment { color rgbt <1,0,0,0> }
	no_shadow
}

// nucleotide -1

// particle -1
sphere {
	<5.500994, 15.134389, 9.612914> 0.250000
	pigment { color rgbt <1,0,0,0> }
	no_shadow
}
cylinder {
	<5.466854, 15.454961, 9.849701>,  <5.446369, 15.647305, 9.991773>, 0.100000
	pigment { color rgbt <1,0,0,0> }
	no_shadow
}
cylinder {
	<5.466854, 15.454961, 9.849701>,  <5.500994, 15.134389, 9.612914>, 0.100000
	pigment { color rgbt <1,0,0,0> }
	no_shadow
}

// particle -1
sphere {
	<5.466854, 15.454961, 9.849701> 0.100000
	pigment { color rgbt <1,0,0,0> }
	no_shadow
}
sphere {
	0, 1
	scale<0.080000,0.200000,0.300000>
	matrix <-0.362064, 0.528570, -0.767805,
		-0.928238, -0.279863, 0.245055,
		-0.085351, 0.801431, 0.591966,
		5.441248, 15.695390, 10.027291>
	pigment { color rgbt <0,1,1,0> }
	no_shadow
}
cylinder {
	<4.803865, 15.497200, 9.483490>,  <5.500994, 15.134389, 9.612914>, 0.130000
	pigment { color rgbt <1,0,0,0> }
	no_shadow
}

// nucleotide -1

// particle -1
sphere {
	<4.803865, 15.497200, 9.483490> 0.250000
	pigment { color rgbt <1,0,0,0> }
	no_shadow
}
cylinder {
	<5.057539, 15.763991, 9.639926>,  <5.209743, 15.924067, 9.733788>, 0.100000
	pigment { color rgbt <1,0,0,0> }
	no_shadow
}
cylinder {
	<5.057539, 15.763991, 9.639926>,  <4.803865, 15.497200, 9.483490>, 0.100000
	pigment { color rgbt <1,0,0,0> }
	no_shadow
}

// particle -1
sphere {
	<5.057539, 15.763991, 9.639926> 0.100000
	pigment { color rgbt <1,0,0,0> }
	no_shadow
}
sphere {
	0, 1
	scale<0.080000,0.200000,0.300000>
	matrix <-0.128011, 0.589412, -0.797625,
		-0.762513, 0.455776, 0.459176,
		0.634183, 0.666979, 0.391090,
		5.247793, 15.964085, 9.757253>
	pigment { color rgbt <0,1,1,0> }
	no_shadow
}
cylinder {
	<4.617185, 16.165743, 9.360874>,  <4.803865, 15.497200, 9.483490>, 0.130000
	pigment { color rgbt <1,0,0,0> }
	no_shadow
}

// nucleotide -1

// particle -1
sphere {
	<4.617185, 16.165743, 9.360874> 0.250000
	pigment { color rgbt <1,0,0,0> }
	no_shadow
}
cylinder {
	<5.000067, 16.245520, 9.444761>,  <5.229796, 16.293386, 9.495093>, 0.100000
	pigment { color rgbt <1,0,0,0> }
	no_shadow
}
cylinder {
	<5.000067, 16.245520, 9.444761>,  <4.617185, 16.165743, 9.360874>, 0.100000
	pigment { color rgbt <1,0,0,0> }
	no_shadow
}

// particle -1
sphere {
	<5.000067, 16.245520, 9.444761> 0.100000
	pigment { color rgbt <1,0,0,0> }
	no_shadow
}
sphere {
	0, 1
	scale<0.080000,0.200000,0.300000>
	matrix <0.048608, 0.603548, -0.795844,
		-0.285301, 0.771979, 0.568024,
		0.957205, 0.199444, 0.209717,
		5.287228, 16.305353, 9.507676>
	pigment { color rgbt <0,1,1,0> }
	no_shadow
}
cylinder {
	<4.636081, 16.776785, 9.223495>,  <4.617185, 16.165743, 9.360874>, 0.130000
	pigment { color rgbt <1,0,0,0> }
	no_shadow
}

// nucleotide -1

// particle -1
sphere {
	<4.636081, 16.776785, 9.223495> 0.250000
	pigment { color rgbt <1,0,0,0> }
	no_shadow
}
cylinder {
	<5.025694, 16.686237, 9.225133>,  <5.259462, 16.631908, 9.226115>, 0.100000
	pigment { color rgbt <1,0,0,0> }
	no_shadow
}
cylinder {
	<5.025694, 16.686237, 9.225133>,  <4.636081, 16.776785, 9.223495>, 0.100000
	pigment { color rgbt <1,0,0,0> }
	no_shadow
}

// particle -1
sphere {
	<5.025694, 16.686237, 9.225133> 0.100000
	pigment { color rgbt <1,0,0,0> }
	no_shadow
}
sphere {
	0, 1
	scale<0.080000,0.200000,0.300000>
	matrix <0.168622, 0.713253, -0.680321,
		0.151083, 0.663346, 0.732903,
		0.974033, -0.226369, 0.004094,
		5.317904, 16.618326, 9.226361>
	pigment { color rgbt <0,1,1,0> }
	no_shadow
}
cylinder {
	<5.022028, 17.500538, 9.260255>,  <4.636081, 16.776785, 9.223495>, 0.130000
	pigment { color rgbt <1,0,0,0> }
	no_shadow
}

// nucleotide -1

// particle -1
sphere {
	<5.022028, 17.500538, 9.260255> 0.250000
	pigment { color rgbt <1,0,0,0> }
	no_shadow
}
cylinder {
	<5.287252, 17.227200, 9.138015>,  <5.446387, 17.063196, 9.064671>, 0.100000
	pigment { color rgbt <1,0,0,0> }
	no_shadow
}
cylinder {
	<5.287252, 17.227200, 9.138015>,  <5.022028, 17.500538, 9.260255>, 0.100000
	pigment { color rgbt <1,0,0,0> }
	no_shadow
}

// particle -1
sphere {
	<5.287252, 17.227200, 9.138015> 0.100000
	pigment { color rgbt <1,0,0,0> }
	no_shadow
}
sphere {
	0, 1
	scale<0.080000,0.200000,0.300000>
	matrix <0.248149, 0.585817, -0.771519,
		0.706239, 0.435728, 0.558002,
		0.663060, -0.683345, -0.305601,
		5.486170, 17.022196, 9.046334>
	pigment { color rgbt <0,1,1,0> }
	no_shadow
}
cylinder {
	<5.698212, 17.887747, 9.218117>,  <5.022028, 17.500538, 9.260255>, 0.130000
	pigment { color rgbt <1,0,0,0> }
	no_shadow
}

// nucleotide -1

// particle -1
sphere {
	<5.698212, 17.887747, 9.218117> 0.250000
	pigment { color rgbt <1,0,0,0> }
	no_shadow
}
cylinder {
	<5.687829, 17.562544, 8.985448>,  <5.681600, 17.367422, 8.845846>, 0.100000
	pigment { color rgbt <1,0,0,0> }
	no_shadow
}
cylinder {
	<5.687829, 17.562544, 8.985448>,  <5.698212, 17.887747, 9.218117>, 0.100000
	pigment { color rgbt <1,0,0,0> }
	no_shadow
}

// particle -1
sphere {
	<5.687829, 17.562544, 8.985448> 0.100000
	pigment { color rgbt <1,0,0,0> }
	no_shadow
}
sphere {
	0, 1
	scale<0.080000,0.200000,0.300000>
	matrix <0.174483, 0.569252, -0.803435,
		0.984318, -0.122346, 0.127081,
		-0.025956, -0.813009, -0.581673,
		5.680042, 17.318642, 8.810946>
	pigment { color rgbt <0,1,1,0> }
	no_shadow
}
cylinder {
	<6.325923, 18.021223, 8.858025>,  <5.698212, 17.887747, 9.218117>, 0.130000
	pigment { color rgbt <1,0,0,0> }
	no_shadow
}

// nucleotide -1

// particle -1
sphere {
	<6.325923, 18.021223, 8.858025> 0.250000
	pigment { color rgbt <1,0,0,0> }
	no_shadow
}
cylinder {
	<6.114655, 17.763689, 8.636571>,  <5.987894, 17.609169, 8.503699>, 0.100000
	pigment { color rgbt <1,0,0,0> }
	no_shadow
}
cylinder {
	<6.114655, 17.763689, 8.636571>,  <6.325923, 18.021223, 8.858025>, 0.100000
	pigment { color rgbt <1,0,0,0> }
	no_shadow
}

// particle -1
sphere {
	<6.114655, 17.763689, 8.636571> 0.100000
	pigment { color rgbt <1,0,0,0> }
	no_shadow
}
sphere {
	0, 1
	scale<0.080000,0.200000,0.300000>
	matrix <0.220345, 0.525741, -0.821611,
		0.820051, -0.555941, -0.135814,
		-0.528171, -0.643837, -0.553633,
		5.956204, 17.570538, 8.470481>
	pigment { color rgbt <0,1,1,0> }
	no_shadow
}
cylinder {
	<6.695693, 17.975410, 8.217480>,  <6.325923, 18.021223, 8.858025>, 0.130000
	pigment { color rgbt <1,0,0,0> }
	no_shadow
}

// nucleotide -1

// particle -1
sphere {
	<6.695693, 17.975410, 8.217480> 0.250000
	pigment { color rgbt <1,0,0,0> }
	no_shadow
}
cylinder {
	<6.333465, 17.831711, 8.127252>,  <6.116128, 17.745491, 8.073115>, 0.100000
	pigment { color rgbt <1,0,0,0> }
	no_shadow
}
cylinder {
	<6.333465, 17.831711, 8.127252>,  <6.695693, 17.975410, 8.217480>, 0.100000
	pigment { color rgbt <1,0,0,0> }
	no_shadow
}

// particle -1
sphere {
	<6.333465, 17.831711, 8.127252> 0.100000
	pigment { color rgbt <1,0,0,0> }
	no_shadow
}
sphere {
	0, 1
	scale<0.080000,0.200000,0.300000>
	matrix <0.017207, 0.500211, -0.865733,
		0.423845, -0.787864, -0.446795,
		-0.905571, -0.359248, -0.225568,
		6.061794, 17.723936, 8.059581>
	pigment { color rgbt <0,1,1,0> }
	no_shadow
}
cylinder {
	<6.663083, 17.507589, 7.539055>,  <6.695693, 17.975410, 8.217480>, 0.130000
	pigment { color rgbt <1,0,0,0> }
	no_shadow
}

// nucleotide -1

// particle -1
sphere {
	<6.663083, 17.507589, 7.539055> 0.250000
	pigment { color rgbt <1,0,0,0> }
	no_shadow
}
cylinder {
	<6.296765, 17.656075, 7.600404>,  <6.076975, 17.745167, 7.637214>, 0.100000
	pigment { color rgbt <1,0,0,0> }
	no_shadow
}
cylinder {
	<6.296765, 17.656075, 7.600404>,  <6.663083, 17.507589, 7.539055>, 0.100000
	pigment { color rgbt <1,0,0,0> }
	no_shadow
}

// particle -1
sphere {
	<6.296765, 17.656075, 7.600404> 0.100000
	pigment { color rgbt <1,0,0,0> }
	no_shadow
}
sphere {
	0, 1
	scale<0.080000,0.200000,0.300000>
	matrix <0.050861, 0.485962, -0.872499,
		-0.398418, -0.791227, -0.463921,
		-0.915793, 0.371215, 0.153373,
		6.022027, 17.767439, 7.646416>
	pigment { color rgbt <0,1,1,0> }
	no_shadow
}
cylinder {
	<6.291671, 17.589397, 6.858745>,  <6.663083, 17.507589, 7.539055>, 0.130000
	pigment { color rgbt <1,0,0,0> }
	no_shadow
}

// nucleotide -1

// particle -1
sphere {
	<6.291671, 17.589397, 6.858745> 0.250000
	pigment { color rgbt <1,0,0,0> }
	no_shadow
}
cylinder {
	<6.073169, 17.838669, 7.082621>,  <5.942068, 17.988232, 7.216947>, 0.100000
	pigment { color rgbt <1,0,0,0> }
	no_shadow
}
cylinder {
	<6.073169, 17.838669, 7.082621>,  <6.291671, 17.589397, 6.858745>, 0.100000
	pigment { color rgbt <1,0,0,0> }
	no_shadow
}

// particle -1
sphere {
	<6.073169, 17.838669, 7.082621> 0.100000
	pigment { color rgbt <1,0,0,0> }
	no_shadow
}
sphere {
	0, 1
	scale<0.080000,0.200000,0.300000>
	matrix <-0.129719, 0.597193, -0.791538,
		-0.827513, -0.504985, -0.245382,
		-0.546255, 0.623178, 0.559692,
		5.909292, 18.025621, 7.250529>
	pigment { color rgbt <0,1,1,0> }
	no_shadow
}
cylinder {
	<5.674507, 17.841362, 6.427345>,  <6.291671, 17.589397, 6.858745>, 0.130000
	pigment { color rgbt <1,0,0,0> }
	no_shadow
}

// nucleotide -1

// particle -1
sphere {
	<5.674507, 17.841362, 6.427345> 0.250000
	pigment { color rgbt <1,0,0,0> }
	no_shadow
}
cylinder {
	<5.702746, 18.096733, 6.733920>,  <5.719690, 18.249956, 6.917864>, 0.100000
	pigment { color rgbt <1,0,0,0> }
	no_shadow
}
cylinder {
	<5.702746, 18.096733, 6.733920>,  <5.674507, 17.841362, 6.427345>, 0.100000
	pigment { color rgbt <1,0,0,0> }
	no_shadow
}

// particle -1
sphere {
	<5.702746, 18.096733, 6.733920> 0.100000
	pigment { color rgbt <1,0,0,0> }
	no_shadow
}
sphere {
	0, 1
	scale<0.080000,0.200000,0.300000>
	matrix <-0.093754, 0.769198, -0.632095,
		-0.993089, -0.027231, 0.114160,
		0.070599, 0.638430, 0.766435,
		5.723926, 18.288261, 6.963850>
	pigment { color rgbt <0,1,1,0> }
	no_shadow
}
cylinder {
	<5.040979, 18.241547, 6.425683>,  <5.674507, 17.841362, 6.427345>, 0.130000
	pigment { color rgbt <1,0,0,0> }
	no_shadow
}

// nucleotide -1

// particle -1
sphere {
	<5.040979, 18.241547, 6.425683> 0.250000
	pigment { color rgbt <1,0,0,0> }
	no_shadow
}
cylinder {
	<5.336395, 18.460032, 6.583777>,  <5.513645, 18.591124, 6.678633>, 0.100000
	pigment { color rgbt <1,0,0,0> }
	no_shadow
}
cylinder {
	<5.336395, 18.460032, 6.583777>,  <5.040979, 18.241547, 6.425683>, 0.100000
	pigment { color rgbt <1,0,0,0> }
	no_shadow
}

// particle -1
sphere {
	<5.336395, 18.460032, 6.583777> 0.100000
	pigment { color rgbt <1,0,0,0> }
	no_shadow
}
sphere {
	0, 1
	scale<0.080000,0.200000,0.300000>
	matrix <-0.345881, 0.810150, -0.473310,
		-0.578727, 0.212855, 0.787253,
		0.738540, 0.546214, 0.395234,
		5.557957, 18.623896, 6.702347>
	pigment { color rgbt <0,1,1,0> }
	no_shadow
}
cylinder {
	<4.763296, 18.857618, 6.553076>,  <5.040979, 18.241547, 6.425683>, 0.130000
	pigment { color rgbt <1,0,0,0> }
	no_shadow
}

// nucleotide -1

// particle -1
sphere {
	<4.763296, 18.857618, 6.553076> 0.250000
	pigment { color rgbt <1,0,0,0> }
	no_shadow
}
cylinder {
	<5.154075, 18.942739, 6.559838>,  <5.388543, 18.993813, 6.563895>, 0.100000
	pigment { color rgbt <1,0,0,0> }
	no_shadow
}
cylinder {
	<5.154075, 18.942739, 6.559838>,  <4.763296, 18.857618, 6.553076>, 0.100000
	pigment { color rgbt <1,0,0,0> }
	no_shadow
}

// particle -1
sphere {
	<5.154075, 18.942739, 6.559838> 0.100000
	pigment { color rgbt <1,0,0,0> }
	no_shadow
}
sphere {
	0, 1
	scale<0.080000,0.200000,0.300000>
	matrix <-0.187349, 0.892650, -0.409971,
		-0.102333, 0.397354, 0.911942,
		0.976949, 0.212805, 0.016904,
		5.447160, 19.006580, 6.564909>
	pigment { color rgbt <0,1,1,0> }
	no_shadow
}
cylinder {
	<4.866165, 19.500095, 6.981908>,  <4.763296, 18.857618, 6.553076>, 0.130000
	pigment { color rgbt <1,0,0,0> }
	no_shadow
}

// nucleotide -1

// particle -1
sphere {
	<4.866165, 19.500095, 6.981908> 0.250000
	pigment { color rgbt <1,0,0,0> }
	no_shadow
}
cylinder {
	<5.148902, 19.436863, 6.706116>,  <5.318544, 19.398924, 6.540640>, 0.100000
	pigment { color rgbt <1,0,0,0> }
	no_shadow
}
cylinder {
	<5.148902, 19.436863, 6.706116>,  <4.866165, 19.500095, 6.981908>, 0.100000
	pigment { color rgbt <1,0,0,0> }
	no_shadow
}

// particle -1
sphere {
	<5.148902, 19.436863, 6.706116> 0.100000
	pigment { color rgbt <1,0,0,0> }
	no_shadow
}
sphere {
	0, 1
	scale<0.080000,0.200000,0.300000>
	matrix <-0.207947, 0.885204, -0.416140,
		0.676115, 0.437521, 0.592827,
		0.706843, -0.158082, -0.689481,
		5.360955, 19.389439, 6.499271>
	pigment { color rgbt <0,1,1,0> }
	no_shadow
}
cylinder {
	<5.466518, 20.033302, 7.054222>,  <4.866165, 19.500095, 6.981908>, 0.130000
	pigment { color rgbt <1,0,0,0> }
	no_shadow
}

// nucleotide -1

// particle -1
sphere {
	<5.466518, 20.033302, 7.054222> 0.250000
	pigment { color rgbt <1,0,0,0> }
	no_shadow
}
cylinder {
	<5.442222, 19.897013, 6.678942>,  <5.427644, 19.815239, 6.453774>, 0.100000
	pigment { color rgbt <1,0,0,0> }
	no_shadow
}
cylinder {
	<5.442222, 19.897013, 6.678942>,  <5.466518, 20.033302, 7.054222>, 0.100000
	pigment { color rgbt <1,0,0,0> }
	no_shadow
}

// particle -1
sphere {
	<5.442222, 19.897013, 6.678942> 0.100000
	pigment { color rgbt <1,0,0,0> }
	no_shadow
}
sphere {
	0, 1
	scale<0.080000,0.200000,0.300000>
	matrix <-0.010571, 0.940102, -0.340731,
		0.998098, -0.010779, -0.060704,
		-0.060741, -0.340724, -0.938199,
		5.423999, 19.794796, 6.397482>
	pigment { color rgbt <0,1,1,0> }
	no_shadow
}
cylinder {
	<4.844217, 20.402334, 6.960354>,  <5.466518, 20.033302, 7.054222>, 0.130000
	pigment { color rgbt <1,0,0,0> }
	no_shadow
}

// nucleotide -1

// particle -1
sphere {
	<4.844217, 20.402334, 6.960354> 0.250000
	pigment { color rgbt <1,0,0,0> }
	no_shadow
}
cylinder {
	<4.825245, 20.762434, 7.133469>,  <4.813862, 20.978493, 7.237337>, 0.100000
	pigment { color rgbt <1,0,0,0> }
	no_shadow
}
cylinder {
	<4.825245, 20.762434, 7.133469>,  <4.844217, 20.402334, 6.960354>, 0.100000
	pigment { color rgbt <1,0,0,0> }
	no_shadow
}

// particle -1
sphere {
	<4.825245, 20.762434, 7.133469> 0.100000
	pigment { color rgbt <1,0,0,0> }
	no_shadow
}
sphere {
	0, 1
	scale<0.080000,0.200000,0.300000>
	matrix <0.964377, 0.154155, -0.214973,
		-0.260245, 0.407173, -0.875490,
		-0.047430, 0.900248, 0.432786,
		4.811017, 21.032509, 7.263305>
	pigment { color rgbt <0,1,1,0> }
	no_shadow
}
cylinder {
	<4.930024, 21.004259, 6.452362>,  <4.844217, 20.402334, 6.960354>, 0.130000
	pigment { color rgbt <1,0,0,0> }
	no_shadow
}

// nucleotide -1

// particle -1
sphere {
	<4.930024, 21.004259, 6.452362> 0.250000
	pigment { color rgbt <1,0,0,0> }
	no_shadow
}
cylinder {
	<5.060577, 21.050560, 6.827611>,  <5.138909, 21.078341, 7.052761>, 0.100000
	pigment { color rgbt <1,0,0,0> }
	no_shadow
}
cylinder {
	<5.060577, 21.050560, 6.827611>,  <4.930024, 21.004259, 6.452362>, 0.100000
	pigment { color rgbt <1,0,0,0> }
	no_shadow
}

// particle -1
sphere {
	<5.060577, 21.050560, 6.827611> 0.100000
	pigment { color rgbt <1,0,0,0> }
	no_shadow
}
sphere {
	0, 1
	scale<0.080000,0.200000,0.300000>
	matrix <0.941861, 0.043992, -0.333112,
		-0.079829, 0.992303, -0.094666,
		0.326383, 0.115754, 0.938123,
		5.158492, 21.085287, 7.109048>
	pigment { color rgbt <0,1,1,0> }
	no_shadow
}
cylinder {
	<5.653239, 21.269670, 6.251716>,  <4.930024, 21.004259, 6.452362>, 0.130000
	pigment { color rgbt <1,0,0,0> }
	no_shadow
}

// nucleotide -1

// particle -1
sphere {
	<5.653239, 21.269670, 6.251716> 0.250000
	pigment { color rgbt <1,0,0,0> }
	no_shadow
}
cylinder {
	<5.645121, 21.172279, 6.639594>,  <5.640249, 21.113846, 6.872320>, 0.100000
	pigment { color rgbt <1,0,0,0> }
	no_shadow
}
cylinder {
	<5.645121, 21.172279, 6.639594>,  <5.653239, 21.269670, 6.251716>, 0.100000
	pigment { color rgbt <1,0,0,0> }
	no_shadow
}

// particle -1
sphere {
	<5.645121, 21.172279, 6.639594> 0.100000
	pigment { color rgbt <1,0,0,0> }
	no_shadow
}
sphere {
	0, 1
	scale<0.080000,0.200000,0.300000>
	matrix <0.959408, -0.277623, -0.049626,
		0.281292, 0.929325, 0.239228,
		-0.020296, -0.243476, 0.969694,
		5.639032, 21.099236, 6.930502>
	pigment { color rgbt <0,1,1,0> }
	no_shadow
}
cylinder {
	<6.269128, 21.568182, 6.626135>,  <5.653239, 21.269670, 6.251716>, 0.130000
	pigment { color rgbt <1,0,0,0> }
	no_shadow
}

// nucleotide -1

// particle -1
sphere {
	<6.269128, 21.568182, 6.626135> 0.250000
	pigment { color rgbt <1,0,0,0> }
	no_shadow
}
cylinder {
	<6.140582, 21.249430, 6.830763>,  <6.063454, 21.058178, 6.953540>, 0.100000
	pigment { color rgbt <1,0,0,0> }
	no_shadow
}
cylinder {
	<6.140582, 21.249430, 6.830763>,  <6.269128, 21.568182, 6.626135>, 0.100000
	pigment { color rgbt <1,0,0,0> }
	no_shadow
}

// particle -1
sphere {
	<6.140582, 21.249430, 6.830763> 0.100000
	pigment { color rgbt <1,0,0,0> }
	no_shadow
}
sphere {
	0, 1
	scale<0.080000,0.200000,0.300000>
	matrix <0.855581, -0.475868, -0.203792,
		0.405838, 0.372198, 0.834724,
		-0.321367, -0.796880, 0.511571,
		6.044171, 21.010366, 6.984235>
	pigment { color rgbt <0,1,1,0> }
	no_shadow
}
cylinder {
	<6.847197, 21.322618, 7.084688>,  <6.269128, 21.568182, 6.626135>, 0.130000
	pigment { color rgbt <1,0,0,0> }
	no_shadow
}

// nucleotide -1

// particle -1
sphere {
	<6.847197, 21.322618, 7.084688> 0.250000
	pigment { color rgbt <1,0,0,0> }
	no_shadow
}
cylinder {
	<6.607812, 21.012249, 7.004899>,  <6.464182, 20.826027, 6.957026>, 0.100000
	pigment { color rgbt <1,0,0,0> }
	no_shadow
}
cylinder {
	<6.607812, 21.012249, 7.004899>,  <6.847197, 21.322618, 7.084688>, 0.100000
	pigment { color rgbt <1,0,0,0> }
	no_shadow
}

// particle -1
sphere {
	<6.607812, 21.012249, 7.004899> 0.100000
	pigment { color rgbt <1,0,0,0> }
	no_shadow
}
sphere {
	0, 1
	scale<0.080000,0.200000,0.300000>
	matrix <0.787260, -0.615729, 0.033160,
		-0.148549, -0.137191, 0.979342,
		-0.598460, -0.775923, -0.199471,
		6.428275, 20.779472, 6.945057>
	pigment { color rgbt <0,1,1,0> }
	no_shadow
}
cylinder {
	<6.841812, 21.893167, 7.615201>,  <6.847197, 21.322618, 7.084688>, 0.130000
	pigment { color rgbt <1,0,0,0> }
	no_shadow
}

// nucleotide -1

// particle -1
sphere {
	<6.841812, 21.893167, 7.615201> 0.250000
	pigment { color rgbt <1,0,0,0> }
	no_shadow
}
cylinder {
	<6.478309, 21.960907, 7.462634>,  <6.260207, 22.001551, 7.371093>, 0.100000
	pigment { color rgbt <1,0,0,0> }
	no_shadow
}
cylinder {
	<6.478309, 21.960907, 7.462634>,  <6.841812, 21.893167, 7.615201>, 0.100000
	pigment { color rgbt <1,0,0,0> }
	no_shadow
}

// particle -1
sphere {
	<6.478309, 21.960907, 7.462634> 0.100000
	pigment { color rgbt <1,0,0,0> }
	no_shadow
}
sphere {
	0, 1
	scale<0.080000,0.200000,0.300000>
	matrix <0.414925, 0.464485, -0.782362,
		0.044672, -0.869238, -0.492372,
		-0.908758, 0.169348, -0.381418,
		6.205681, 22.011711, 7.348208>
	pigment { color rgbt <0,1,1,0> }
	no_shadow
}
cylinder {
	<7.101065, 21.296701, 7.957320>,  <6.841812, 21.893167, 7.615201>, 0.130000
	pigment { color rgbt <1,0,0,0> }
	no_shadow
}

// nucleotide -1

// particle -1
sphere {
	<7.101065, 21.296701, 7.957320> 0.250000
	pigment { color rgbt <1,0,0,0> }
	no_shadow
}
cylinder {
	<6.914738, 21.535030, 8.219009>,  <6.802941, 21.678028, 8.376023>, 0.100000
	pigment { color rgbt <1,0,0,0> }
	no_shadow
}
cylinder {
	<6.914738, 21.535030, 8.219009>,  <7.101065, 21.296701, 7.957320>, 0.100000
	pigment { color rgbt <1,0,0,0> }
	no_shadow
}

// particle -1
sphere {
	<6.914738, 21.535030, 8.219009> 0.100000
	pigment { color rgbt <1,0,0,0> }
	no_shadow
}
sphere {
	0, 1
	scale<0.080000,0.200000,0.300000>
	matrix <0.462835, -0.466082, 0.754023,
		0.754186, 0.654035, -0.058658,
		-0.465818, 0.595823, 0.654223,
		6.774992, 21.713778, 8.415277>
	pigment { color rgbt <0,1,1,0> }
	no_shadow
}
cylinder {
	<7.594189, 21.365187, 8.517073>,  <7.101065, 21.296701, 7.957320>, 0.130000
	pigment { color rgbt <1,0,0,0> }
	no_shadow
}

// nucleotide -1

// particle -1
sphere {
	<7.594189, 21.365187, 8.517073> 0.250000
	pigment { color rgbt <1,0,0,0> }
	no_shadow
}
cylinder {
	<7.211415, 21.395678, 8.629119>,  <6.981751, 21.413971, 8.696346>, 0.100000
	pigment { color rgbt <1,0,0,0> }
	no_shadow
}
cylinder {
	<7.211415, 21.395678, 8.629119>,  <7.594189, 21.365187, 8.517073>, 0.100000
	pigment { color rgbt <1,0,0,0> }
	no_shadow
}

// particle -1
sphere {
	<7.211415, 21.395678, 8.629119> 0.100000
	pigment { color rgbt <1,0,0,0> }
	no_shadow
}
sphere {
	0, 1
	scale<0.080000,0.200000,0.300000>
	matrix <0.152097, -0.690232, 0.707422,
		0.247269, 0.719562, 0.648913,
		-0.956935, 0.076226, 0.280116,
		6.924335, 21.418545, 8.713154>
	pigment { color rgbt <0,1,1,0> }
	no_shadow
}
cylinder {
	<7.528959, 21.654055, 9.243403>,  <7.594189, 21.365187, 8.517073>, 0.130000
	pigment { color rgbt <1,0,0,0> }
	no_shadow
}

// nucleotide -1

// particle -1
sphere {
	<7.528959, 21.654055, 9.243403> 0.250000
	pigment { color rgbt <1,0,0,0> }
	no_shadow
}
cylinder {
	<7.191930, 21.454643, 9.161878>,  <6.989713, 21.334995, 9.112962>, 0.100000
	pigment { color rgbt <1,0,0,0> }
	no_shadow
}
cylinder {
	<7.191930, 21.454643, 9.161878>,  <7.528959, 21.654055, 9.243403>, 0.100000
	pigment { color rgbt <1,0,0,0> }
	no_shadow
}

// particle -1
sphere {
	<7.191930, 21.454643, 9.161878> 0.100000
	pigment { color rgbt <1,0,0,0> }
	no_shadow
}
sphere {
	0, 1
	scale<0.080000,0.200000,0.300000>
	matrix <0.124585, -0.548573, 0.826769,
		-0.523976, 0.671220, 0.524321,
		-0.842572, -0.498529, -0.203815,
		6.939158, 21.305084, 9.100733>
	pigment { color rgbt <0,1,1,0> }
	no_shadow
}
cylinder {
	<7.205414, 21.517328, 9.959605>,  <7.528959, 21.654055, 9.243403>, 0.130000
	pigment { color rgbt <1,0,0,0> }
	no_shadow
}

// nucleotide -1

// particle -1
sphere {
	<7.205414, 21.517328, 9.959605> 0.250000
	pigment { color rgbt <1,0,0,0> }
	no_shadow
}
cylinder {
	<7.036783, 21.251390, 9.712946>,  <6.935605, 21.091827, 9.564951>, 0.100000
	pigment { color rgbt <1,0,0,0> }
	no_shadow
}
cylinder {
	<7.036783, 21.251390, 9.712946>,  <7.205414, 21.517328, 9.959605>, 0.100000
	pigment { color rgbt <1,0,0,0> }
	no_shadow
}

// particle -1
sphere {
	<7.036783, 21.251390, 9.712946> 0.100000
	pigment { color rgbt <1,0,0,0> }
	no_shadow
}
sphere {
	0, 1
	scale<0.080000,0.200000,0.300000>
	matrix <0.073239, -0.702774, 0.707633,
		-0.903830, 0.253159, 0.344966,
		-0.421576, -0.664845, -0.616647,
		6.910310, 21.051937, 9.527951>
	pigment { color rgbt <0,1,1,0> }
	no_shadow
}
cylinder {
	<6.678878, 21.295113, 10.380334>,  <7.205414, 21.517328, 9.959605>, 0.130000
	pigment { color rgbt <1,0,0,0> }
	no_shadow
}

// nucleotide -1

// particle -1
sphere {
	<6.678878, 21.295113, 10.380334> 0.250000
	pigment { color rgbt <1,0,0,0> }
	no_shadow
}
cylinder {
	<6.750541, 21.036177, 10.083995>,  <6.793539, 20.880816, 9.906192>, 0.100000
	pigment { color rgbt <1,0,0,0> }
	no_shadow
}
cylinder {
	<6.750541, 21.036177, 10.083995>,  <6.678878, 21.295113, 10.380334>, 0.100000
	pigment { color rgbt <1,0,0,0> }
	no_shadow
}

// particle -1
sphere {
	<6.750541, 21.036177, 10.083995> 0.100000
	pigment { color rgbt <1,0,0,0> }
	no_shadow
}
sphere {
	0, 1
	scale<0.080000,0.200000,0.300000>
	matrix <0.208429, -0.710964, 0.671631,
		-0.961488, -0.274742, 0.007550,
		0.179158, -0.647339, -0.740847,
		6.804288, 20.841974, 9.861741>
	pigment { color rgbt <0,1,1,0> }
	no_shadow
}
cylinder {
	<6.432940, 20.708509, 10.568144>,  <6.678878, 21.295113, 10.380334>, 0.130000
	pigment { color rgbt <1,0,0,0> }
	no_shadow
}

// nucleotide -1

// particle -1
sphere {
	<6.432940, 20.708509, 10.568144> 0.250000
	pigment { color rgbt <1,0,0,0> }
	no_shadow
}
cylinder {
	<6.674050, 20.586809, 10.273093>,  <6.818716, 20.513788, 10.096063>, 0.100000
	pigment { color rgbt <1,0,0,0> }
	no_shadow
}
cylinder {
	<6.674050, 20.586809, 10.273093>,  <6.432940, 20.708509, 10.568144>, 0.100000
	pigment { color rgbt <1,0,0,0> }
	no_shadow
}

// particle -1
sphere {
	<6.674050, 20.586809, 10.273093> 0.100000
	pigment { color rgbt <1,0,0,0> }
	no_shadow
}
sphere {
	0, 1
	scale<0.080000,0.200000,0.300000>
	matrix <0.183898, -0.846587, 0.499471,
		-0.776431, -0.436717, -0.454350,
		0.602774, -0.304251, -0.737628,
		6.854882, 20.495533, 10.051805>
	pigment { color rgbt <0,1,1,0> }
	no_shadow
}
cylinder {
	<6.145259, 20.077139, 10.394087>,  <6.432940, 20.708509, 10.568144>, 0.130000
	pigment { color rgbt <1,0,0,0> }
	no_shadow
}

// nucleotide -1

// particle -1
sphere {
	<6.145259, 20.077139, 10.394087> 0.250000
	pigment { color rgbt <1,0,0,0> }
	no_shadow
}
cylinder {
	<6.527329, 20.102095, 10.278328>,  <6.756571, 20.117067, 10.208873>, 0.100000
	pigment { color rgbt <1,0,0,0> }
	no_shadow
}
cylinder {
	<6.527329, 20.102095, 10.278328>,  <6.145259, 20.077139, 10.394087>, 0.100000
	pigment { color rgbt <1,0,0,0> }
	no_shadow
}

// particle -1
sphere {
	<6.527329, 20.102095, 10.278328> 0.100000
	pigment { color rgbt <1,0,0,0> }
	no_shadow
}
sphere {
	0, 1
	scale<0.080000,0.200000,0.300000>
	matrix <0.175238, -0.907040, 0.382844,
		-0.238610, -0.416396, -0.877314,
		0.955174, 0.062389, -0.289398,
		6.813881, 20.120811, 10.191508>
	pigment { color rgbt <0,1,1,0> }
	no_shadow
}
cylinder {
	<6.316623, 19.347065, 10.124309>,  <6.145259, 20.077139, 10.394087>, 0.130000
	pigment { color rgbt <1,0,0,0> }
	no_shadow
}

// nucleotide -1

// particle -1
sphere {
	<6.316623, 19.347065, 10.124309> 0.250000
	pigment { color rgbt <1,0,0,0> }
	no_shadow
}
cylinder {
	<6.665596, 19.520281, 10.214942>,  <6.874979, 19.624210, 10.269322>, 0.100000
	pigment { color rgbt <1,0,0,0> }
	no_shadow
}
cylinder {
	<6.665596, 19.520281, 10.214942>,  <6.316623, 19.347065, 10.124309>, 0.100000
	pigment { color rgbt <1,0,0,0> }
	no_shadow
}

// particle -1
sphere {
	<6.665596, 19.520281, 10.214942> 0.100000
	pigment { color rgbt <1,0,0,0> }
	no_shadow
}
sphere {
	0, 1
	scale<0.080000,0.200000,0.300000>
	matrix <0.330435, -0.864226, 0.379377,
		0.360105, -0.256109, -0.897069,
		0.872432, 0.433038, 0.226585,
		6.927326, 19.650192, 10.282917>
	pigment { color rgbt <0,1,1,0> }
	no_shadow
}
cylinder {
	<6.935427, 18.856861, 9.931560>,  <6.316623, 19.347065, 10.124309>, 0.130000
	pigment { color rgbt <1,0,0,0> }
	no_shadow
}

// nucleotide -1

// particle -1
sphere {
	<6.935427, 18.856861, 9.931560> 0.250000
	pigment { color rgbt <1,0,0,0> }
	no_shadow
}
cylinder {
	<7.083928, 19.107599, 10.205564>,  <7.173028, 19.258041, 10.369966>, 0.100000
	pigment { color rgbt <1,0,0,0> }
	no_shadow
}
cylinder {
	<7.083928, 19.107599, 10.205564>,  <6.935427, 18.856861, 9.931560>, 0.100000
	pigment { color rgbt <1,0,0,0> }
	no_shadow
}

// particle -1
sphere {
	<7.083928, 19.107599, 10.205564> 0.100000
	pigment { color rgbt <1,0,0,0> }
	no_shadow
}
sphere {
	0, 1
	scale<0.080000,0.200000,0.300000>
	matrix <0.434311, -0.769287, 0.468585,
		0.820698, 0.123544, -0.557845,
		0.371252, 0.626845, 0.685009,
		7.195303, 19.295652, 10.411066>
	pigment { color rgbt <0,1,1,0> }
	no_shadow
}
cylinder {
	<7.534616, 18.597479, 10.054686>,  <6.935427, 18.856861, 9.931560>, 0.130000
	pigment { color rgbt <1,0,0,0> }
	no_shadow
}

// nucleotide -1

// particle -1
sphere {
	<7.534616, 18.597479, 10.054686> 0.250000
	pigment { color rgbt <1,0,0,0> }
	no_shadow
}
cylinder {
	<7.507092, 18.842972, 10.369290>,  <7.490577, 18.990267, 10.558053>, 0.100000
	pigment { color rgbt <1,0,0,0> }
	no_shadow
}
cylinder {
