// switches for output
#declare DRAW_BASES = 1; // possible values are 0, 1; only relevant for DNA ribbons
#declare DRAW_BASES_TYPE = 3; // possible values are 1, 2, 3; only relevant for DNA ribbons
#declare DRAW_FOG = 0; // set to 1 to enable fog

#include "colors.inc"

#include "transforms.inc"
background { rgb <1, 1, 1>}

#default {
   normal{
       ripples 0.25
       frequency 0.20
       turbulence 0.2
       lambda 5
   }
	finish {
		phong 0.1
		phong_size 40.
	}
}

// original window dimensions: 1024x640


// camera settings

camera {
	sky <0, 0.179814, -0.983701>
	up <0, 0.179814, -0.983701>
	right 1.6 * <1, 0, 0>
	location <25.469, 94.9851, 44.8844>
	look_at <25.469, 29.3977, 32.8955>
	direction <0, -65.5874, -11.9889>
	angle 67.0682
}


# declare cpy_camera_pos = <25.469, 94.9851, 44.8844>;
# if (DRAW_FOG = 1)
fog {
	fog_type 2
	up vnormalize(cpy_camera_pos)
	color rgbt<1,1,1,0.3>
	distance 1e-5
	fog_alt 3e-3
	fog_offset 28
}
# end


// LIGHTS

# declare lum = 6;
global_settings {
	ambient_light rgb lum * <0.05, 0.05, 0.05>
	max_trace_level 15
}# declare cpy_direct_light_amount = 0.25;
light_source
{	1000 * <-1, -1.16351, -0.803887>,
	rgb lum * cpy_direct_light_amount
	parallel
}

light_source
{	1000 * <1, 1.16351, 0.803887>,
	rgb lum * cpy_direct_light_amount
	parallel
}

// strand 0

// nucleotide -1

// particle -1
sphere {
	<4.041777, 15.149180, 15.214940> 0.250000
	pigment { color rgbt <1,0,0,0> }
	no_shadow
}
cylinder {
	<4.383493, 15.010102, 15.060387>,  <4.588523, 14.926655, 14.967654>, 0.100000
	pigment { color rgbt <1,0,0,0> }
	no_shadow
}
cylinder {
	<4.383493, 15.010102, 15.060387>,  <4.041777, 15.149180, 15.214940>, 0.100000
	pigment { color rgbt <1,0,0,0> }
	no_shadow
}

// particle -1
sphere {
	<4.383493, 15.010102, 15.060387> 0.100000
	pigment { color rgbt <1,0,0,0> }
	no_shadow
}
sphere {
	0, 1
	scale<0.080000,0.200000,0.300000>
	matrix <-0.148611, 0.548934, -0.822549,
		0.498096, 0.760118, 0.417279,
		0.854292, -0.347696, -0.386384,
		4.639781, 14.905793, 14.944471>
	pigment { color rgbt <0,1,1,0> }
	no_shadow
}
cylinder {
	<4.336556, 15.449483, 14.537816>,  <4.041777, 15.149180, 15.214940>, 0.130000
	pigment { color rgbt <1,0,0,0> }
	no_shadow
}

// nucleotide -1

// particle -1
sphere {
	<4.336556, 15.449483, 14.537816> 0.250000
	pigment { color rgbt <1,0,0,0> }
	no_shadow
}
cylinder {
	<4.039598, 15.656521, 14.367664>,  <3.861424, 15.780744, 14.265574>, 0.100000
	pigment { color rgbt <1,0,0,0> }
	no_shadow
}
cylinder {
	<4.039598, 15.656521, 14.367664>,  <4.336556, 15.449483, 14.537816>, 0.100000
	pigment { color rgbt <1,0,0,0> }
	no_shadow
}

// particle -1
sphere {
	<4.039598, 15.656521, 14.367664> 0.100000
	pigment { color rgbt <1,0,0,0> }
	no_shadow
}
sphere {
	0, 1
	scale<0.080000,0.200000,0.300000>
	matrix <0.103009, 0.715563, 0.690911,
		0.661997, 0.469110, -0.584547,
		-0.742394, 0.517595, -0.425378,
		3.816880, 15.811799, 14.240051>
	pigment { color rgbt <0,1,1,0> }
	no_shadow
}
cylinder {
	<4.538975, 16.171309, 14.270340>,  <4.336556, 15.449483, 14.537816>, 0.130000
	pigment { color rgbt <1,0,0,0> }
	no_shadow
}

// nucleotide -1

// particle -1
sphere {
	<4.538975, 16.171309, 14.270340> 0.250000
	pigment { color rgbt <1,0,0,0> }
	no_shadow
}
cylinder {
	<4.174496, 16.124487, 14.428337>,  <3.955809, 16.096394, 14.523135>, 0.100000
	pigment { color rgbt <1,0,0,0> }
	no_shadow
}
cylinder {
	<4.174496, 16.124487, 14.428337>,  <4.538975, 16.171309, 14.270340>, 0.100000
	pigment { color rgbt <1,0,0,0> }
	no_shadow
}

// particle -1
sphere {
	<4.174496, 16.124487, 14.428337> 0.100000
	pigment { color rgbt <1,0,0,0> }
	no_shadow
}
sphere {
	0, 1
	scale<0.080000,0.200000,0.300000>
	matrix <0.242724, 0.622164, 0.744310,
		-0.332876, 0.774087, -0.538501,
		-0.911196, -0.117055, 0.394993,
		3.901137, 16.089371, 14.546835>
	pigment { color rgbt <0,1,1,0> }
	no_shadow
}
cylinder {
	<4.516565, 16.697243, 14.864138>,  <4.538975, 16.171309, 14.270340>, 0.130000
	pigment { color rgbt <1,0,0,0> }
	no_shadow
}

// nucleotide -1

// particle -1
sphere {
	<4.516565, 16.697243, 14.864138> 0.250000
	pigment { color rgbt <1,0,0,0> }
	no_shadow
}
cylinder {
	<4.892551, 16.561277, 14.876324>,  <5.118142, 16.479698, 14.883636>, 0.100000
	pigment { color rgbt <1,0,0,0> }
	no_shadow
}
cylinder {
	<4.892551, 16.561277, 14.876324>,  <4.516565, 16.697243, 14.864138>, 0.100000
	pigment { color rgbt <1,0,0,0> }
	no_shadow
}

// particle -1
sphere {
	<4.892551, 16.561277, 14.876324> 0.100000
	pigment { color rgbt <1,0,0,0> }
	no_shadow
}
sphere {
	0, 1
	scale<0.080000,0.200000,0.300000>
	matrix <0.170964, 0.546264, 0.819980,
		-0.295364, -0.765543, 0.571581,
		0.939963, -0.339912, 0.030466,
		5.174540, 16.459303, 14.885464>
	pigment { color rgbt <0,1,1,0> }
	no_shadow
}
cylinder {
	<4.663566, 16.361950, 15.558586>,  <4.516565, 16.697243, 14.864138>, 0.130000
	pigment { color rgbt <1,0,0,0> }
	no_shadow
}

// nucleotide -1

// particle -1
sphere {
	<4.663566, 16.361950, 15.558586> 0.250000
	pigment { color rgbt <1,0,0,0> }
	no_shadow
}
cylinder {
	<4.998947, 16.508640, 15.397336>,  <5.200175, 16.596655, 15.300586>, 0.100000
	pigment { color rgbt <1,0,0,0> }
	no_shadow
}
cylinder {
	<4.998947, 16.508640, 15.397336>,  <4.663566, 16.361950, 15.558586>, 0.100000
	pigment { color rgbt <1,0,0,0> }
	no_shadow
}

// particle -1
sphere {
	<4.998947, 16.508640, 15.397336> 0.100000
	pigment { color rgbt <1,0,0,0> }
	no_shadow
}
sphere {
	0, 1
	scale<0.080000,0.200000,0.300000>
	matrix <0.188821, 0.498407, 0.846130,
		0.511223, -0.785557, 0.348643,
		0.838450, 0.366730, -0.403127,
		5.250482, 16.618658, 15.276399>
	pigment { color rgbt <0,1,1,0> }
	no_shadow
}
cylinder {
	<5.127767, 16.383902, 16.153934>,  <4.663566, 16.361950, 15.558586>, 0.130000
	pigment { color rgbt <1,0,0,0> }
	no_shadow
}

// nucleotide -1

// particle -1
sphere {
	<5.127767, 16.383902, 16.153934> 0.250000
	pigment { color rgbt <1,0,0,0> }
	no_shadow
}
cylinder {
	<5.296263, 16.616741, 15.875735>,  <5.397360, 16.756445, 15.708816>, 0.100000
	pigment { color rgbt <1,0,0,0> }
	no_shadow
}
cylinder {
	<5.296263, 16.616741, 15.875735>,  <5.127767, 16.383902, 16.153934>, 0.100000
	pigment { color rgbt <1,0,0,0> }
	no_shadow
}

// particle -1
sphere {
	<5.296263, 16.616741, 15.875735> 0.100000
	pigment { color rgbt <1,0,0,0> }
	no_shadow
}
sphere {
	0, 1
	scale<0.080000,0.200000,0.300000>
	matrix <0.278372, 0.646857, 0.709990,
		0.863172, -0.492683, 0.110441,
		0.421239, 0.582100, -0.695498,
		5.422635, 16.791370, 15.667086>
	pigment { color rgbt <0,1,1,0> }
	no_shadow
}
cylinder {
	<5.842599, 16.515587, 16.366619>,  <5.127767, 16.383902, 16.153934>, 0.130000
	pigment { color rgbt <1,0,0,0> }
	no_shadow
}

// nucleotide -1

// particle -1
sphere {
	<5.842599, 16.515587, 16.366619> 0.250000
	pigment { color rgbt <1,0,0,0> }
	no_shadow
}
cylinder {
	<5.734675, 16.811890, 16.120537>,  <5.669920, 16.989672, 15.972887>, 0.100000
	pigment { color rgbt <1,0,0,0> }
	no_shadow
}
cylinder {
	<5.734675, 16.811890, 16.120537>,  <5.842599, 16.515587, 16.366619>, 0.100000
	pigment { color rgbt <1,0,0,0> }
	no_shadow
}

// particle -1
sphere {
	<5.734675, 16.811890, 16.120537> 0.100000
	pigment { color rgbt <1,0,0,0> }
	no_shadow
}
sphere {
	0, 1
	scale<0.080000,0.200000,0.300000>
	matrix <0.352419, 0.670539, 0.652823,
		0.896104, -0.040672, -0.441977,
		-0.269811, 0.740759, -0.615206,
		5.653732, 17.034117, 15.935975>
	pigment { color rgbt <0,1,1,0> }
	no_shadow
}
cylinder {
	<6.343448, 17.035355, 16.255634>,  <5.842599, 16.515587, 16.366619>, 0.130000
	pigment { color rgbt <1,0,0,0> }
	no_shadow
}

// nucleotide -1

// particle -1
sphere {
	<6.343448, 17.035355, 16.255634> 0.250000
	pigment { color rgbt <1,0,0,0> }
	no_shadow
}
cylinder {
	<5.997480, 17.232082, 16.215572>,  <5.789900, 17.350119, 16.191536>, 0.100000
	pigment { color rgbt <1,0,0,0> }
	no_shadow
}
cylinder {
	<5.997480, 17.232082, 16.215572>,  <6.343448, 17.035355, 16.255634>, 0.100000
	pigment { color rgbt <1,0,0,0> }
	no_shadow
}

// particle -1
sphere {
	<5.997480, 17.232082, 16.215572> 0.100000
	pigment { color rgbt <1,0,0,0> }
	no_shadow
}
sphere {
	0, 1
	scale<0.080000,0.200000,0.300000>
	matrix <0.353279, 0.738286, 0.574568,
		0.356524, 0.461572, -0.812306,
		-0.864919, 0.491818, -0.100153,
		5.738005, 17.379627, 16.185526>
	pigment { color rgbt <0,1,1,0> }
	no_shadow
}
cylinder {
	<6.553935, 17.649134, 16.523550>,  <6.343448, 17.035355, 16.255634>, 0.130000
	pigment { color rgbt <1,0,0,0> }
	no_shadow
}

// nucleotide -1

// particle -1
sphere {
	<6.553935, 17.649134, 16.523550> 0.250000
	pigment { color rgbt <1,0,0,0> }
	no_shadow
}
cylinder {
	<6.163929, 17.714764, 16.463652>,  <5.929925, 17.754143, 16.427711>, 0.100000
	pigment { color rgbt <1,0,0,0> }
	no_shadow
}
cylinder {
	<6.163929, 17.714764, 16.463652>,  <6.553935, 17.649134, 16.523550>, 0.100000
	pigment { color rgbt <1,0,0,0> }
	no_shadow
}

// particle -1
sphere {
	<6.163929, 17.714764, 16.463652> 0.100000
	pigment { color rgbt <1,0,0,0> }
	no_shadow
}
sphere {
	0, 1
	scale<0.080000,0.200000,0.300000>
	matrix <0.035842, 0.781485, 0.622894,
		0.219227, 0.601964, -0.767840,
		-0.975015, 0.164076, -0.149747,
		5.871424, 17.763987, 16.418728>
	pigment { color rgbt <0,1,1,0> }
	no_shadow
}
cylinder {
	<6.467093, 18.326084, 16.378105>,  <6.553935, 17.649134, 16.523550>, 0.130000
	pigment { color rgbt <1,0,0,0> }
	no_shadow
}

// nucleotide -1

// particle -1
sphere {
	<6.467093, 18.326084, 16.378105> 0.250000
	pigment { color rgbt <1,0,0,0> }
	no_shadow
}
cylinder {
	<6.093809, 18.250431, 16.500317>,  <5.869838, 18.205040, 16.573643>, 0.100000
	pigment { color rgbt <1,0,0,0> }
	no_shadow
}
cylinder {
	<6.093809, 18.250431, 16.500317>,  <6.467093, 18.326084, 16.378105>, 0.100000
	pigment { color rgbt <1,0,0,0> }
	no_shadow
}

// particle -1
sphere {
	<6.093809, 18.250431, 16.500317> 0.100000
	pigment { color rgbt <1,0,0,0> }
	no_shadow
}
sphere {
	0, 1
	scale<0.080000,0.200000,0.300000>
	matrix <0.074261, 0.730402, 0.678969,
		-0.351571, 0.656310, -0.667574,
		-0.933211, -0.189131, 0.305526,
		5.813845, 18.193691, 16.591974>
	pigment { color rgbt <0,1,1,0> }
	no_shadow
}
cylinder {
	<6.197700, 18.988457, 16.390079>,  <6.467093, 18.326084, 16.378105>, 0.130000
	pigment { color rgbt <1,0,0,0> }
	no_shadow
}

// nucleotide -1

// particle -1
sphere {
	<6.197700, 18.988457, 16.390079> 0.250000
	pigment { color rgbt <1,0,0,0> }
	no_shadow
}
cylinder {
	<6.020512, 18.740910, 16.649549>,  <5.914199, 18.592381, 16.805231>, 0.100000
	pigment { color rgbt <1,0,0,0> }
	no_shadow
}
cylinder {
	<6.020512, 18.740910, 16.649549>,  <6.197700, 18.988457, 16.390079>, 0.100000
	pigment { color rgbt <1,0,0,0> }
	no_shadow
}

// particle -1
sphere {
	<6.020512, 18.740910, 16.649549> 0.100000
	pigment { color rgbt <1,0,0,0> }
	no_shadow
}
sphere {
	0, 1
	scale<0.080000,0.200000,0.300000>
	matrix <0.084084, 0.691667, 0.717306,
		-0.892585, 0.372288, -0.254351,
		-0.442970, -0.618869, 0.648674,
		5.887621, 18.555248, 16.844152>
	pigment { color rgbt <0,1,1,0> }
	no_shadow
}
cylinder {
	<5.991121, 19.437628, 16.902338>,  <6.197700, 18.988457, 16.390079>, 0.130000
	pigment { color rgbt <1,0,0,0> }
	no_shadow
}

// nucleotide -1

// particle -1
sphere {
	<5.991121, 19.437628, 16.902338> 0.250000
	pigment { color rgbt <1,0,0,0> }
	no_shadow
}
cylinder {
	<5.876282, 19.107170, 17.096270>,  <5.807378, 18.908895, 17.212629>, 0.100000
	pigment { color rgbt <1,0,0,0> }
	no_shadow
}
cylinder {
	<5.876282, 19.107170, 17.096270>,  <5.991121, 19.437628, 16.902338>, 0.100000
	pigment { color rgbt <1,0,0,0> }
	no_shadow
}

// particle -1
sphere {
	<5.876282, 19.107170, 17.096270> 0.100000
	pigment { color rgbt <1,0,0,0> }
	no_shadow
}
sphere {
	0, 1
	scale<0.080000,0.200000,0.300000>
	matrix <-0.142058, 0.537261, 0.831367,
		-0.947309, 0.169810, -0.271608,
		-0.287099, -0.826145, 0.484829,
		5.790152, 18.859327, 17.241718>
	pigment { color rgbt <0,1,1,0> }
	no_shadow
}
cylinder {
	<5.311873, 19.586752, 17.290121>,  <5.991121, 19.437628, 16.902338>, 0.130000
	pigment { color rgbt <1,0,0,0> }
	no_shadow
}

// nucleotide -1

// particle -1
sphere {
	<5.311873, 19.586752, 17.290121> 0.250000
	pigment { color rgbt <1,0,0,0> }
	no_shadow
}
cylinder {
	<5.508687, 19.286610, 17.466696>,  <5.626775, 19.106524, 17.572641>, 0.100000
	pigment { color rgbt <1,0,0,0> }
	no_shadow
}
cylinder {
	<5.508687, 19.286610, 17.466696>,  <5.311873, 19.586752, 17.290121>, 0.100000
	pigment { color rgbt <1,0,0,0> }
	no_shadow
}

// particle -1
sphere {
	<5.508687, 19.286610, 17.466696> 0.100000
	pigment { color rgbt <1,0,0,0> }
	no_shadow
}
sphere {
	0, 1
	scale<0.080000,0.200000,0.300000>
	matrix <-0.178712, 0.409210, 0.894768,
		-0.852036, -0.519146, 0.067248,
		0.492033, -0.750356, 0.441439,
		5.656297, 19.061502, 17.599127>
	pigment { color rgbt <0,1,1,0> }
	no_shadow
}
cylinder {
	<4.887677, 19.422060, 17.793591>,  <5.311873, 19.586752, 17.290121>, 0.130000
	pigment { color rgbt <1,0,0,0> }
	no_shadow
}

// nucleotide -1

// particle -1
sphere {
	<4.887677, 19.422060, 17.793591> 0.250000
	pigment { color rgbt <1,0,0,0> }
	no_shadow
}
cylinder {
	<5.255824, 19.306767, 17.899303>,  <5.476713, 19.237591, 17.962730>, 0.100000
	pigment { color rgbt <1,0,0,0> }
	no_shadow
}
cylinder {
	<5.255824, 19.306767, 17.899303>,  <4.887677, 19.422060, 17.793591>, 0.100000
	pigment { color rgbt <1,0,0,0> }
	no_shadow
}

// particle -1
sphere {
	<5.255824, 19.306767, 17.899303> 0.100000
	pigment { color rgbt <1,0,0,0> }
	no_shadow
}
sphere {
	0, 1
	scale<0.080000,0.200000,0.300000>
	matrix <-0.152381, 0.358059, 0.921181,
		-0.360143, -0.888097, 0.285625,
		0.920368, -0.288233, 0.264281,
		5.531935, 19.220297, 17.978588>
	pigment { color rgbt <0,1,1,0> }
	no_shadow
}
cylinder {
	<4.824199, 19.085314, 18.464369>,  <4.887677, 19.422060, 17.793591>, 0.130000
	pigment { color rgbt <1,0,0,0> }
	no_shadow
}

// nucleotide -1

// particle -1
sphere {
	<4.824199, 19.085314, 18.464369> 0.250000
	pigment { color rgbt <1,0,0,0> }
	no_shadow
}
cylinder {
	<5.208925, 19.186674, 18.422987>,  <5.439760, 19.247490, 18.398157>, 0.100000
	pigment { color rgbt <1,0,0,0> }
	no_shadow
}
cylinder {
	<5.208925, 19.186674, 18.422987>,  <4.824199, 19.085314, 18.464369>, 0.100000
	pigment { color rgbt <1,0,0,0> }
	no_shadow
}

// particle -1
sphere {
	<5.208925, 19.186674, 18.422987> 0.100000
	pigment { color rgbt <1,0,0,0> }
	no_shadow
}
sphere {
	0, 1
	scale<0.080000,0.200000,0.300000>
	matrix <0.008498, 0.350152, 0.936655,
		0.273574, -0.901766, 0.334627,
		0.961814, 0.253401, -0.103456,
		5.497469, 19.262693, 18.391951>
	pigment { color rgbt <0,1,1,0> }
	no_shadow
}
cylinder {
	<5.160492, 18.765442, 18.987799>,  <4.824199, 19.085314, 18.464369>, 0.130000
	pigment { color rgbt <1,0,0,0> }
	no_shadow
}

// nucleotide -1

// particle -1
sphere {
	<5.160492, 18.765442, 18.987799> 0.250000
	pigment { color rgbt <1,0,0,0> }
	no_shadow
}
cylinder {
	<5.408929, 19.063375, 18.890257>,  <5.557992, 19.242136, 18.831732>, 0.100000
	pigment { color rgbt <1,0,0,0> }
	no_shadow
}
cylinder {
	<5.408929, 19.063375, 18.890257>,  <5.160492, 18.765442, 18.987799>, 0.100000
	pigment { color rgbt <1,0,0,0> }
	no_shadow
}

// particle -1
sphere {
	<5.408929, 19.063375, 18.890257> 0.100000
	pigment { color rgbt <1,0,0,0> }
	no_shadow
}
sphere {
	0, 1
	scale<0.080000,0.200000,0.300000>
	matrix <0.123337, 0.214376, 0.968933,
		0.773971, -0.631874, 0.041282,
		0.621093, 0.744835, -0.243854,
		5.595257, 19.286825, 18.817101>
	pigment { color rgbt <0,1,1,0> }
	no_shadow
}
cylinder {
	<5.709785, 18.815046, 19.538353>,  <5.160492, 18.765442, 18.987799>, 0.130000
	pigment { color rgbt <1,0,0,0> }
	no_shadow
}

// nucleotide -1

// particle -1
sphere {
	<5.709785, 18.815046, 19.538353> 0.250000
	pigment { color rgbt <1,0,0,0> }
	no_shadow
}
cylinder {
	<5.756079, 19.171274, 19.362404>,  <5.783855, 19.385012, 19.256834>, 0.100000
	pigment { color rgbt <1,0,0,0> }
	no_shadow
}
cylinder {
	<5.756079, 19.171274, 19.362404>,  <5.709785, 18.815046, 19.538353>, 0.100000
	pigment { color rgbt <1,0,0,0> }
	no_shadow
}

// particle -1
sphere {
	<5.756079, 19.171274, 19.362404> 0.100000
	pigment { color rgbt <1,0,0,0> }
	no_shadow
}
sphere {
	0, 1
	scale<0.080000,0.200000,0.300000>
	matrix <0.066554, 0.434900, 0.898016,
		0.991048, -0.133206, -0.008938,
		0.115733, 0.890572, -0.439872,
		5.790799, 19.438446, 19.230442>
	pigment { color rgbt <0,1,1,0> }
	no_shadow
}
cylinder {
	<6.315192, 19.088079, 19.896402>,  <5.709785, 18.815046, 19.538353>, 0.130000
	pigment { color rgbt <1,0,0,0> }
	no_shadow
}

// nucleotide -1

// particle -1
sphere {
	<6.315192, 19.088079, 19.896402> 0.250000
	pigment { color rgbt <1,0,0,0> }
	no_shadow
}
cylinder {
	<6.155885, 19.417965, 19.735786>,  <6.060301, 19.615896, 19.639418>, 0.100000
	pigment { color rgbt <1,0,0,0> }
	no_shadow
}
cylinder {
	<6.155885, 19.417965, 19.735786>,  <6.315192, 19.088079, 19.896402>, 0.100000
	pigment { color rgbt <1,0,0,0> }
	no_shadow
}

// particle -1
sphere {
	<6.155885, 19.417965, 19.735786> 0.100000
	pigment { color rgbt <1,0,0,0> }
	no_shadow
}
sphere {
	0, 1
	scale<0.080000,0.200000,0.300000>
	matrix <0.248544, 0.518402, 0.818221,
		0.882955, 0.226070, -0.411440,
		-0.398266, 0.824713, -0.401538,
		6.036406, 19.665379, 19.615326>
	pigment { color rgbt <0,1,1,0> }
	no_shadow
}
cylinder {
	<6.773649, 19.763023, 20.072016>,  <6.315192, 19.088079, 19.896402>, 0.130000
	pigment { color rgbt <1,0,0,0> }
	no_shadow
}

// nucleotide -1

// particle -1
sphere {
	<6.773649, 19.763023, 20.072016> 0.250000
	pigment { color rgbt <1,0,0,0> }
	no_shadow
}
cylinder {
	<6.434154, 19.919035, 19.929174>,  <6.230457, 20.012642, 19.843470>, 0.100000
	pigment { color rgbt <1,0,0,0> }
	no_shadow
}
cylinder {
	<6.434154, 19.919035, 19.929174>,  <6.773649, 19.763023, 20.072016>, 0.100000
	pigment { color rgbt <1,0,0,0> }
	no_shadow
}

// particle -1
sphere {
	<6.434154, 19.919035, 19.929174> 0.100000
	pigment { color rgbt <1,0,0,0> }
	no_shadow
}
sphere {
	0, 1
	scale<0.080000,0.200000,0.300000>
	matrix <0.056253, 0.738045, 0.672402,
		0.525814, 0.550605, -0.648347,
		-0.848738, 0.390030, -0.357101,
		6.179533, 20.036043, 19.822044>
	pigment { color rgbt <0,1,1,0> }
	no_shadow
}
cylinder {
	<6.860015, 20.433304, 19.838406>,  <6.773649, 19.763023, 20.072016>, 0.130000
	pigment { color rgbt <1,0,0,0> }
	no_shadow
}

// nucleotide -1

// particle -1
sphere {
	<6.860015, 20.433304, 19.838406> 0.250000
	pigment { color rgbt <1,0,0,0> }
	no_shadow
}
cylinder {
	<6.478945, 20.378258, 19.946829>,  <6.250303, 20.345230, 20.011883>, 0.100000
	pigment { color rgbt <1,0,0,0> }
	no_shadow
}
cylinder {
	<6.478945, 20.378258, 19.946829>,  <6.860015, 20.433304, 19.838406>, 0.100000
	pigment { color rgbt <1,0,0,0> }
	no_shadow
}

// particle -1
sphere {
	<6.478945, 20.378258, 19.946829> 0.100000
	pigment { color rgbt <1,0,0,0> }
	no_shadow
}
sphere {
	0, 1
	scale<0.080000,0.200000,0.300000>
	matrix <0.106670, 0.683636, 0.721986,
		-0.284665, 0.716731, -0.636603,
		-0.952674, -0.137618, 0.271060,
		6.193143, 20.336973, 20.028147>
	pigment { color rgbt <0,1,1,0> }
	no_shadow
}
cylinder {
	<6.515373, 21.028763, 19.819065>,  <6.860015, 20.433304, 19.838406>, 0.130000
	pigment { color rgbt <1,0,0,0> }
	no_shadow
}

// nucleotide -1

// particle -1
sphere {
	<6.515373, 21.028763, 19.819065> 0.250000
	pigment { color rgbt <1,0,0,0> }
	no_shadow
}
cylinder {
	<6.296063, 20.819235, 20.079834>,  <6.164477, 20.693518, 20.236296>, 0.100000
	pigment { color rgbt <1,0,0,0> }
	no_shadow
}
cylinder {
	<6.296063, 20.819235, 20.079834>,  <6.515373, 21.028763, 19.819065>, 0.100000
	pigment { color rgbt <1,0,0,0> }
	no_shadow
}

// particle -1
sphere {
	<6.296063, 20.819235, 20.079834> 0.100000
	pigment { color rgbt <1,0,0,0> }
	no_shadow
}
sphere {
	0, 1
	scale<0.080000,0.200000,0.300000>
	matrix <0.189647, 0.681352, 0.706961,
		-0.814511, 0.511245, -0.274228,
		-0.548276, -0.523821, 0.651924,
		6.131580, 20.662088, 20.275412>
	pigment { color rgbt <0,1,1,0> }
	no_shadow
}
cylinder {
	<6.217221, 21.572128, 20.256868>,  <6.515373, 21.028763, 19.819065>, 0.130000
	pigment { color rgbt <1,0,0,0> }
	no_shadow
}

// nucleotide -1

// particle -1
sphere {
	<6.217221, 21.572128, 20.256868> 0.250000
	pigment { color rgbt <1,0,0,0> }
	no_shadow
}
cylinder {
	<6.183824, 21.226974, 20.456249>,  <6.163785, 21.019882, 20.575878>, 0.100000
	pigment { color rgbt <1,0,0,0> }
	no_shadow
}
cylinder {
	<6.183824, 21.226974, 20.456249>,  <6.217221, 21.572128, 20.256868>, 0.100000
	pigment { color rgbt <1,0,0,0> }
	no_shadow
}

// particle -1
sphere {
	<6.183824, 21.226974, 20.456249> 0.100000
	pigment { color rgbt <1,0,0,0> }
	no_shadow
}
sphere {
	0, 1
	scale<0.080000,0.200000,0.300000>
	matrix <0.071717, 0.493701, 0.866670,
		-0.993924, 0.108109, 0.020662,
		-0.083494, -0.862886, 0.498454,
		6.158775, 20.968109, 20.605785>
	pigment { color rgbt <0,1,1,0> }
	no_shadow
}
cylinder {
	<5.628416, 21.610958, 20.826397>,  <6.217221, 21.572128, 20.256868>, 0.130000
	pigment { color rgbt <1,0,0,0> }
	no_shadow
}

// nucleotide -1

// particle -1
sphere {
	<5.628416, 21.610958, 20.826397> 0.250000
	pigment { color rgbt <1,0,0,0> }
	no_shadow
}
cylinder {
	<5.865099, 21.305998, 20.931181>,  <6.007109, 21.123022, 20.994051>, 0.100000
	pigment { color rgbt <1,0,0,0> }
	no_shadow
}
cylinder {
	<5.865099, 21.305998, 20.931181>,  <5.628416, 21.610958, 20.826397>, 0.100000
	pigment { color rgbt <1,0,0,0> }
	no_shadow
}

// particle -1
sphere {
	<5.865099, 21.305998, 20.931181> 0.100000
	pigment { color rgbt <1,0,0,0> }
	no_shadow
}
sphere {
	0, 1
	scale<0.080000,0.200000,0.300000>
	matrix <-0.024239, 0.307979, 0.951084,
		-0.805788, -0.569114, 0.163754,
		0.591708, -0.762403, 0.261961,
		6.042612, 21.077276, 21.009769>
	pigment { color rgbt <0,1,1,0> }
	no_shadow
}
cylinder {
	<5.348227, 21.334023, 21.382103>,  <5.628416, 21.610958, 20.826397>, 0.130000
	pigment { color rgbt <1,0,0,0> }
	no_shadow
}

// nucleotide -1

// particle -1
sphere {
	<5.348227, 21.334023, 21.382103> 0.250000
	pigment { color rgbt <1,0,0,0> }
	no_shadow
}
cylinder {
	<5.732785, 21.224100, 21.376453>,  <5.963520, 21.158146, 21.373064>, 0.100000
	pigment { color rgbt <1,0,0,0> }
	no_shadow
}
cylinder {
	<5.732785, 21.224100, 21.376453>,  <5.348227, 21.334023, 21.382103>, 0.100000
	pigment { color rgbt <1,0,0,0> }
	no_shadow
}

// particle -1
sphere {
	<5.732785, 21.224100, 21.376453> 0.100000
	pigment { color rgbt <1,0,0,0> }
	no_shadow
}
sphere {
	0, 1
	scale<0.080000,0.200000,0.300000>
	matrix <0.074299, 0.209818, 0.974913,
		-0.264949, -0.938327, 0.222136,
		0.961396, -0.274806, -0.014126,
		6.021204, 21.141659, 21.372215>
	pigment { color rgbt <0,1,1,0> }
	no_shadow
}
cylinder {
	<5.411877, 20.892065, 22.002977>,  <5.348227, 21.334023, 21.382103>, 0.130000
	pigment { color rgbt <1,0,0,0> }
	no_shadow
}

// nucleotide -1

// particle -1
sphere {
	<5.411877, 20.892065, 22.002977> 0.250000
	pigment { color rgbt <1,0,0,0> }
	no_shadow
}
cylinder {
	<5.787434, 21.008152, 21.928942>,  <6.012767, 21.077805, 21.884520>, 0.100000
	pigment { color rgbt <1,0,0,0> }
	no_shadow
}
cylinder {
	<5.787434, 21.008152, 21.928942>,  <5.411877, 20.892065, 22.002977>, 0.100000
	pigment { color rgbt <1,0,0,0> }
	no_shadow
}

// particle -1
sphere {
	<5.787434, 21.008152, 21.928942> 0.100000
	pigment { color rgbt <1,0,0,0> }
	no_shadow
}
sphere {
	0, 1
	scale<0.080000,0.200000,0.300000>
	matrix <0.115661, 0.240458, 0.963744,
		0.324202, -0.926258, 0.192197,
		0.938891, 0.290218, -0.185089,
		6.069101, 21.095217, 21.873415>
	pigment { color rgbt <0,1,1,0> }
	no_shadow
}
cylinder {
	<5.759526, 20.728777, 22.666059>,  <5.411877, 20.892065, 22.002977>, 0.130000
	pigment { color rgbt <1,0,0,0> }
	no_shadow
}

// nucleotide -1

// particle -1
sphere {
	<5.759526, 20.728777, 22.666059> 0.250000
	pigment { color rgbt <1,0,0,0> }
	no_shadow
}
cylinder {
	<5.976897, 21.000523, 22.468819>,  <6.107319, 21.163570, 22.350473>, 0.100000
	pigment { color rgbt <1,0,0,0> }
	no_shadow
}
cylinder {
	<5.976897, 21.000523, 22.468819>,  <5.759526, 20.728777, 22.666059>, 0.100000
	pigment { color rgbt <1,0,0,0> }
	no_shadow
}

// particle -1
sphere {
	<5.976897, 21.000523, 22.468819> 0.100000
	pigment { color rgbt <1,0,0,0> }
	no_shadow
}
sphere {
	0, 1
	scale<0.080000,0.200000,0.300000>
	matrix <0.310804, 0.382833, 0.869965,
		0.779800, -0.626020, -0.003107,
		0.543427, 0.679365, -0.493103,
		6.139925, 21.204332, 22.320889>
	pigment { color rgbt <0,1,1,0> }
	no_shadow
}
cylinder {
	<6.083288, 20.895601, 23.259575>,  <5.759526, 20.728777, 22.666059>, 0.130000
	pigment { color rgbt <1,0,0,0> }
	no_shadow
}

// nucleotide -1

// particle -1
sphere {
	<6.083288, 20.895601, 23.259575> 0.250000
	pigment { color rgbt <1,0,0,0> }
	no_shadow
}
cylinder {
	<6.248223, 21.066576, 22.937761>,  <6.347185, 21.169161, 22.744673>, 0.100000
	pigment { color rgbt <1,0,0,0> }
	no_shadow
}
cylinder {
	<6.248223, 21.066576, 22.937761>,  <6.083288, 20.895601, 23.259575>, 0.100000
	pigment { color rgbt <1,0,0,0> }
	no_shadow
}

// particle -1
sphere {
	<6.248223, 21.066576, 22.937761> 0.100000
	pigment { color rgbt <1,0,0,0> }
	no_shadow
}
sphere {
	0, 1
	scale<0.080000,0.200000,0.300000>
	matrix <0.772305, 0.304425, 0.557557,
		0.483240, -0.851249, -0.204584,
		0.412339, 0.427435, -0.804535,
		6.371925, 21.194807, 22.696402>
	pigment { color rgbt <0,1,1,0> }
	no_shadow
}
cylinder {
	<6.657334, 20.556404, 23.508383>,  <6.083288, 20.895601, 23.259575>, 0.130000
	pigment { color rgbt <1,0,0,0> }
	no_shadow
}

// nucleotide -1

// particle -1
sphere {
	<6.657334, 20.556404, 23.508383> 0.250000
	pigment { color rgbt <1,0,0,0> }
	no_shadow
}
cylinder {
	<6.633290, 20.861593, 23.250931>,  <6.618864, 21.044706, 23.096460>, 0.100000
	pigment { color rgbt <1,0,0,0> }
	no_shadow
}
cylinder {
	<6.633290, 20.861593, 23.250931>,  <6.657334, 20.556404, 23.508383>, 0.100000
	pigment { color rgbt <1,0,0,0> }
	no_shadow
}

// particle -1
sphere {
	<6.633290, 20.861593, 23.250931> 0.100000
	pigment { color rgbt <1,0,0,0> }
	no_shadow
}
sphere {
	0, 1
	scale<0.080000,0.200000,0.300000>
	matrix <0.904596, 0.314240, 0.288027,
		0.422011, -0.564911, -0.709072,
		-0.060109, 0.762974, -0.643629,
		6.615258, 21.090485, 23.057842>
	pigment { color rgbt <0,1,1,0> }
	no_shadow
}
cylinder {
	<7.331579, 20.742828, 23.264673>,  <6.657334, 20.556404, 23.508383>, 0.130000
	pigment { color rgbt <1,0,0,0> }
	no_shadow
}

// nucleotide -1

// particle -1
sphere {
	<7.331579, 20.742828, 23.264673> 0.250000
	pigment { color rgbt <1,0,0,0> }
	no_shadow
}
cylinder {
	<7.091719, 21.058870, 23.213831>,  <6.947803, 21.248495, 23.183325>, 0.100000
	pigment { color rgbt <1,0,0,0> }
	no_shadow
}
cylinder {
	<7.091719, 21.058870, 23.213831>,  <7.331579, 20.742828, 23.264673>, 0.100000
	pigment { color rgbt <1,0,0,0> }
	no_shadow
}

// particle -1
sphere {
	<7.091719, 21.058870, 23.213831> 0.100000
	pigment { color rgbt <1,0,0,0> }
	no_shadow
}
sphere {
	0, 1
	scale<0.080000,0.200000,0.300000>
	matrix <0.759398, 0.611912, 0.221084,
		0.252457, 0.036048, -0.966936,
		-0.599650, 0.790104, -0.127106,
		6.911824, 21.295902, 23.175699>
	pigment { color rgbt <0,1,1,0> }
	no_shadow
}
cylinder {
	<7.627562, 21.288166, 22.842743>,  <7.331579, 20.742828, 23.264673>, 0.130000
	pigment { color rgbt <1,0,0,0> }
	no_shadow
}

// nucleotide -1

// particle -1
sphere {
	<7.627562, 21.288166, 22.842743> 0.250000
	pigment { color rgbt <1,0,0,0> }
	no_shadow
}
cylinder {
	<7.341002, 21.501467, 23.022705>,  <7.169067, 21.629448, 23.130684>, 0.100000
	pigment { color rgbt <1,0,0,0> }
	no_shadow
}
cylinder {
	<7.341002, 21.501467, 23.022705>,  <7.627562, 21.288166, 22.842743>, 0.100000
	pigment { color rgbt <1,0,0,0> }
	no_shadow
}

// particle -1
sphere {
	<7.341002, 21.501467, 23.022705> 0.100000
	pigment { color rgbt <1,0,0,0> }
	no_shadow
}
sphere {
	0, 1
	scale<0.080000,0.200000,0.300000>
	matrix <0.629914, 0.771609, 0.088477,
		-0.299972, 0.346788, -0.888681,
		-0.716397, 0.533252, 0.449908,
		7.126083, 21.661442, 23.157677>
	pigment { color rgbt <0,1,1,0> }
	no_shadow
}
cylinder {
	<7.827390, 21.995710, 22.624741>,  <7.627562, 21.288166, 22.842743>, 0.130000
	pigment { color rgbt <1,0,0,0> }
	no_shadow
}

// nucleotide -1

// particle -1
sphere {
	<7.827390, 21.995710, 22.624741> 0.250000
	pigment { color rgbt <1,0,0,0> }
	no_shadow
}
cylinder {
	<7.570680, 22.051003, 22.926474>,  <7.416654, 22.084179, 23.107513>, 0.100000
	pigment { color rgbt <1,0,0,0> }
	no_shadow
}
cylinder {
	<7.570680, 22.051003, 22.926474>,  <7.827390, 21.995710, 22.624741>, 0.100000
	pigment { color rgbt <1,0,0,0> }
	no_shadow
}

// particle -1
sphere {
	<7.570680, 22.051003, 22.926474> 0.100000
	pigment { color rgbt <1,0,0,0> }
	no_shadow
}
sphere {
	0, 1
	scale<0.080000,0.200000,0.300000>
	matrix <0.403150, 0.897554, 0.178516,
		-0.652377, 0.418676, -0.631755,
		-0.641774, 0.138232, 0.754333,
		7.378148, 22.092472, 23.152773>
	pigment { color rgbt <0,1,1,0> }
	no_shadow
}
cylinder {
	<7.552982, 22.193665, 22.072498>,  <7.827390, 21.995710, 22.624741>, 0.130000
	pigment { color rgbt <1,0,0,0> }
	no_shadow
}

// nucleotide -1

// particle -1
sphere {
	<7.552982, 22.193665, 22.072498> 0.250000
	pigment { color rgbt <1,0,0,0> }
	no_shadow
}
cylinder {
	<7.943418, 22.265699, 22.023808>,  <8.177679, 22.308920, 21.994593>, 0.100000
	pigment { color rgbt <1,0,0,0> }
	no_shadow
}
cylinder {
	<7.943418, 22.265699, 22.023808>,  <7.552982, 22.193665, 22.072498>, 0.100000
	pigment { color rgbt <1,0,0,0> }
	no_shadow
}

// particle -1
sphere {
	<7.943418, 22.265699, 22.023808> 0.100000
	pigment { color rgbt <1,0,0,0> }
	no_shadow
}
sphere {
	0, 1
	scale<0.080000,0.200000,0.300000>
	matrix <0.119479, -0.912325, -0.391648,
		-0.181587, 0.367739, -0.912027,
		0.976090, 0.180087, -0.121729,
		8.236244, 22.319725, 21.987289>
	pigment { color rgbt <0,1,1,0> }
	no_shadow
}
cylinder {
	<7.782793, 22.299883, 21.360970>,  <7.552982, 22.193665, 22.072498>, 0.130000
	pigment { color rgbt <1,0,0,0> }
	no_shadow
}

// nucleotide -1

// particle -1
sphere {
	<7.782793, 22.299883, 21.360970> 0.250000
	pigment { color rgbt <1,0,0,0> }
	no_shadow
}
cylinder {
	<8.072929, 22.134346, 21.581011>,  <8.247011, 22.035025, 21.713036>, 0.100000
	pigment { color rgbt <1,0,0,0> }
	no_shadow
}
cylinder {
	<8.072929, 22.134346, 21.581011>,  <7.782793, 22.299883, 21.360970>, 0.100000
	pigment { color rgbt <1,0,0,0> }
	no_shadow
}

// particle -1
sphere {
	<8.072929, 22.134346, 21.581011> 0.100000
	pigment { color rgbt <1,0,0,0> }
	no_shadow
}
sphere {
	0, 1
	scale<0.080000,0.200000,0.300000>
	matrix <0.126689, -0.705218, -0.697579,
		0.676630, 0.575676, -0.459096,
		0.725342, -0.413841, 0.550104,
		8.290532, 22.010193, 21.746042>
	pigment { color rgbt <0,1,1,0> }
	no_shadow
}
cylinder {
	<8.406551, 22.224771, 20.943634>,  <7.782793, 22.299883, 21.360970>, 0.130000
	pigment { color rgbt <1,0,0,0> }
	no_shadow
}

// nucleotide -1

// particle -1
sphere {
	<8.406551, 22.224771, 20.943634> 0.250000
	pigment { color rgbt <1,0,0,0> }
	no_shadow
}
cylinder {
	<8.368876, 21.957455, 21.238798>,  <8.346272, 21.797064, 21.415897>, 0.100000
	pigment { color rgbt <1,0,0,0> }
	no_shadow
}
cylinder {
	<8.368876, 21.957455, 21.238798>,  <8.406551, 22.224771, 20.943634>, 0.100000
	pigment { color rgbt <1,0,0,0> }
	no_shadow
}

// particle -1
sphere {
	<8.368876, 21.957455, 21.238798> 0.100000
	pigment { color rgbt <1,0,0,0> }
	no_shadow
}
sphere {
	0, 1
	scale<0.080000,0.200000,0.300000>
	matrix <-0.000236, -0.741191, -0.671294,
		0.995554, -0.063401, 0.069653,
		-0.094187, -0.668293, 0.737911,
		8.340620, 21.756968, 21.460171>
	pigment { color rgbt <0,1,1,0> }
	no_shadow
}
cylinder {
	<8.991285, 21.639187, 20.941978>,  <8.406551, 22.224771, 20.943634>, 0.130000
	pigment { color rgbt <1,0,0,0> }
	no_shadow
}

// nucleotide -1

// particle -1
sphere {
	<8.991285, 21.639187, 20.941978> 0.250000
	pigment { color rgbt <1,0,0,0> }
	no_shadow
}
cylinder {
	<8.634168, 21.556095, 21.101862>,  <8.419897, 21.506241, 21.197792>, 0.100000
	pigment { color rgbt <1,0,0,0> }
	no_shadow
}
cylinder {
	<8.634168, 21.556095, 21.101862>,  <8.991285, 21.639187, 20.941978>, 0.100000
	pigment { color rgbt <1,0,0,0> }
	no_shadow
}

// particle -1
sphere {
	<8.634168, 21.556095, 21.101862> 0.100000
	pigment { color rgbt <1,0,0,0> }
	no_shadow
}
sphere {
	0, 1
	scale<0.080000,0.200000,0.300000>
	matrix <-0.169904, -0.666502, -0.725884,
		0.417194, -0.715977, 0.559755,
		-0.892794, -0.207730, 0.399708,
		8.366329, 21.493776, 21.221775>
	pigment { color rgbt <0,1,1,0> }
	no_shadow
}
cylinder {
	<9.007398, 20.941238, 21.213324>,  <8.991285, 21.639187, 20.941978>, 0.130000
	pigment { color rgbt <1,0,0,0> }
	no_shadow
}

// nucleotide -1

// particle -1
sphere {
	<9.007398, 20.941238, 21.213324> 0.250000
	pigment { color rgbt <1,0,0,0> }
	no_shadow
}
cylinder {
	<8.649941, 21.077694, 21.096684>,  <8.435468, 21.159567, 21.026699>, 0.100000
	pigment { color rgbt <1,0,0,0> }
	no_shadow
}
cylinder {
	<8.649941, 21.077694, 21.096684>,  <9.007398, 20.941238, 21.213324>, 0.100000
	pigment { color rgbt <1,0,0,0> }
	no_shadow
}

// particle -1
sphere {
	<8.649941, 21.077694, 21.096684> 0.100000
	pigment { color rgbt <1,0,0,0> }
	no_shadow
}
sphere {
	0, 1
	scale<0.080000,0.200000,0.300000>
	matrix <-0.069864, -0.747586, -0.660480,
		-0.443312, -0.569860, 0.691906,
		-0.893640, 0.341138, -0.291601,
		8.381849, 21.180035, 21.009203>
	pigment { color rgbt <0,1,1,0> }
	no_shadow
}
cylinder {
	<8.541011, 20.305458, 21.079700>,  <9.007398, 20.941238, 21.213324>, 0.130000
	pigment { color rgbt <1,0,0,0> }
	no_shadow
}

// nucleotide -1

// particle -1
sphere {
	<8.541011, 20.305458, 21.079700> 0.250000
	pigment { color rgbt <1,0,0,0> }
	no_shadow
}
cylinder {
	<8.318099, 20.565628, 20.873249>,  <8.184352, 20.721729, 20.749378>, 0.100000
	pigment { color rgbt <1,0,0,0> }
	no_shadow
}
cylinder {
	<8.318099, 20.565628, 20.873249>,  <8.541011, 20.305458, 21.079700>, 0.100000
	pigment { color rgbt <1,0,0,0> }
	no_shadow
}

// particle -1
sphere {
	<8.318099, 20.565628, 20.873249> 0.100000
	pigment { color rgbt <1,0,0,0> }
	no_shadow
}
sphere {
	0, 1
	scale<0.080000,0.200000,0.300000>
	matrix <-0.045451, -0.644563, -0.763199,
		-0.829080, -0.401857, 0.388764,
		-0.557280, 0.650423, -0.516129,
		8.150915, 20.760756, 20.718410>
	pigment { color rgbt <0,1,1,0> }
	no_shadow
}
cylinder {
	<8.031466, 19.954531, 20.758499>,  <8.541011, 20.305458, 21.079700>, 0.130000
	pigment { color rgbt <1,0,0,0> }
	no_shadow
}

// nucleotide -1

// particle -1
sphere {
	<8.031466, 19.954531, 20.758499> 0.250000
	pigment { color rgbt <1,0,0,0> }
	no_shadow
}
cylinder {
	<8.048632, 20.293282, 20.546476>,  <8.058931, 20.496532, 20.419262>, 0.100000
	pigment { color rgbt <1,0,0,0> }
	no_shadow
}
cylinder {
	<8.048632, 20.293282, 20.546476>,  <8.031466, 19.954531, 20.758499>, 0.100000
	pigment { color rgbt <1,0,0,0> }
	no_shadow
}

// particle -1
sphere {
	<8.048632, 20.293282, 20.546476> 0.100000
	pigment { color rgbt <1,0,0,0> }
	no_shadow
}
sphere {
	0, 1
	scale<0.080000,0.200000,0.300000>
	matrix <-0.082933, -0.525696, -0.846620,
		-0.995631, 0.080293, 0.047674,
		0.042916, 0.846875, -0.530058,
		8.061506, 20.547344, 20.387459>
	pigment { color rgbt <0,1,1,0> }
	no_shadow
}
cylinder {
	<7.487289, 19.950998, 20.293882>,  <8.031466, 19.954531, 20.758499>, 0.130000
	pigment { color rgbt <1,0,0,0> }
	no_shadow
}

// nucleotide -1

// particle -1
sphere {
	<7.487289, 19.950998, 20.293882> 0.250000
	pigment { color rgbt <1,0,0,0> }
	no_shadow
}
cylinder {
	<7.765676, 20.191216, 20.136412>,  <7.932708, 20.335346, 20.041929>, 0.100000
	pigment { color rgbt <1,0,0,0> }
	no_shadow
}
cylinder {
	<7.765676, 20.191216, 20.136412>,  <7.487289, 19.950998, 20.293882>, 0.100000
	pigment { color rgbt <1,0,0,0> }
	no_shadow
}

// particle -1
sphere {
	<7.765676, 20.191216, 20.136412> 0.100000
	pigment { color rgbt <1,0,0,0> }
	no_shadow
}
sphere {
	0, 1
	scale<0.080000,0.200000,0.300000>
	matrix <0.095326, -0.620656, -0.778267,
		-0.711718, 0.504120, -0.489203,
		0.695967, 0.600541, -0.393676,
		7.974465, 20.371378, 20.018309>
	pigment { color rgbt <0,1,1,0> }
	no_shadow
}
cylinder {
	<7.336156, 19.798132, 19.638268>,  <7.487289, 19.950998, 20.293882>, 0.130000
	pigment { color rgbt <1,0,0,0> }
	no_shadow
}

// nucleotide -1

// particle -1
sphere {
	<7.336156, 19.798132, 19.638268> 0.250000
	pigment { color rgbt <1,0,0,0> }
	no_shadow
}
cylinder {
	<7.664141, 20.024858, 19.606316>,  <7.860932, 20.160894, 19.587145>, 0.100000
	pigment { color rgbt <1,0,0,0> }
	no_shadow
}
cylinder {
	<7.664141, 20.024858, 19.606316>,  <7.336156, 19.798132, 19.638268>, 0.100000
	pigment { color rgbt <1,0,0,0> }
	no_shadow
}

// particle -1
sphere {
	<7.664141, 20.024858, 19.606316> 0.100000
	pigment { color rgbt <1,0,0,0> }
	no_shadow
}
sphere {
	0, 1
	scale<0.080000,0.200000,0.300000>
	matrix <0.269295, -0.505117, -0.819962,
		-0.505117, 0.650827, -0.566817,
		0.819962, 0.566817, -0.079878,
		7.910130, 20.194904, 19.582352>
	pigment { color rgbt <0,1,1,0> }
	no_shadow
}
cylinder {
	<7.296345, 20.108181, 18.917166>,  <7.336156, 19.798132, 19.638268>, 0.130000
	pigment { color rgbt <1,0,0,0> }
	no_shadow
}

// nucleotide -1

// particle -1
sphere {
	<7.296345, 20.108181, 18.917166> 0.250000
	pigment { color rgbt <1,0,0,0> }
	no_shadow
}
cylinder {
	<7.675002, 20.153547, 19.037834>,  <7.902196, 20.180767, 19.110235>, 0.100000
	pigment { color rgbt <1,0,0,0> }
	no_shadow
}
cylinder {
	<7.675002, 20.153547, 19.037834>,  <7.296345, 20.108181, 18.917166>, 0.100000
	pigment { color rgbt <1,0,0,0> }
	no_shadow
}

// particle -1
sphere {
	<7.675002, 20.153547, 19.037834> 0.100000
	pigment { color rgbt <1,0,0,0> }
	no_shadow
}
sphere {
	0, 1
	scale<0.080000,0.200000,0.300000>
	matrix <0.318722, -0.190616, -0.928483,
		-0.047800, 0.975091, -0.216593,
		0.946642, 0.113414, 0.301672,
		7.958995, 20.187572, 19.128336>
	pigment { color rgbt <0,1,1,0> }
	no_shadow
}
cylinder {
	<7.590040, 20.555758, 18.458963>,  <7.296345, 20.108181, 18.917166>, 0.130000
	pigment { color rgbt <1,0,0,0> }
	no_shadow
}

// nucleotide -1

// particle -1
sphere {
	<7.590040, 20.555758, 18.458963> 0.250000
	pigment { color rgbt <1,0,0,0> }
	no_shadow
}
cylinder {
	<7.874779, 20.328585, 18.624237>,  <8.045623, 20.192280, 18.723402>, 0.100000
	pigment { color rgbt <1,0,0,0> }
	no_shadow
}
cylinder {
	<7.874779, 20.328585, 18.624237>,  <7.590040, 20.555758, 18.458963>, 0.100000
	pigment { color rgbt <1,0,0,0> }
	no_shadow
}

// particle -1
sphere {
	<7.874779, 20.328585, 18.624237> 0.100000
	pigment { color rgbt <1,0,0,0> }
	no_shadow
}
sphere {
	0, 1
	scale<0.080000,0.200000,0.300000>
	matrix <0.345458, -0.229083, -0.910044,
		0.611499, 0.790552, 0.033125,
		0.711848, -0.567934, 0.413187,
		8.088334, 20.158205, 18.748194>
	pigment { color rgbt <0,1,1,0> }
	no_shadow
}
cylinder {
	<8.173552, 20.632324, 17.989260>,  <7.590040, 20.555758, 18.458963>, 0.130000
	pigment { color rgbt <1,0,0,0> }
	no_shadow
}

// nucleotide -1

// particle -1
sphere {
	<8.173552, 20.632324, 17.989260> 0.250000
	pigment { color rgbt <1,0,0,0> }
	no_shadow
}
cylinder {
	<8.250668, 20.303854, 18.204109>,  <8.296937, 20.106771, 18.333019>, 0.100000
	pigment { color rgbt <1,0,0,0> }
	no_shadow
}
cylinder {
	<8.250668, 20.303854, 18.204109>,  <8.173552, 20.632324, 17.989260>, 0.100000
	pigment { color rgbt <1,0,0,0> }
	no_shadow
}

// particle -1
sphere {
	<8.250668, 20.303854, 18.204109> 0.100000
	pigment { color rgbt <1,0,0,0> }
	no_shadow
}
sphere {
	0, 1
	scale<0.080000,0.200000,0.300000>
	matrix <0.404371, -0.432263, -0.805998,
		0.894045, 0.372587, 0.248723,
		0.192791, -0.821174, 0.537126,
		8.308505, 20.057501, 18.365248>
	pigment { color rgbt <0,1,1,0> }
	no_shadow
}
cylinder {
	<8.913591, 20.381628, 17.787666>,  <8.173552, 20.632324, 17.989260>, 0.130000
	pigment { color rgbt <1,0,0,0> }
	no_shadow
}

// nucleotide -1

// particle -1
sphere {
	<8.913591, 20.381628, 17.787666> 0.250000
	pigment { color rgbt <1,0,0,0> }
