// switches for output
#declare DRAW_BASES = 1; // possible values are 0, 1; only relevant for DNA ribbons
#declare DRAW_BASES_TYPE = 3; // possible values are 1, 2, 3; only relevant for DNA ribbons
#declare DRAW_FOG = 0; // set to 1 to enable fog

#include "colors.inc"

#include "transforms.inc"
background { rgb <1, 1, 1>}

#default {
   normal{
       ripples 0.25
       frequency 0.20
       turbulence 0.2
       lambda 5
   }
	finish {
		phong 0.1
		phong_size 40.
	}
}

// original window dimensions: 1024x640


// camera settings

camera {
	sky <0, 0.179814, -0.983701>
	up <0, 0.179814, -0.983701>
	right 1.6 * <1, 0, 0>
	location <25.469, 94.9851, 44.8844>
	look_at <25.469, 29.3977, 32.8955>
	direction <0, -65.5874, -11.9889>
	angle 67.0682
}


# declare cpy_camera_pos = <25.469, 94.9851, 44.8844>;
# if (DRAW_FOG = 1)
fog {
	fog_type 2
	up vnormalize(cpy_camera_pos)
	color rgbt<1,1,1,0.3>
	distance 1e-5
	fog_alt 3e-3
	fog_offset 28
}
# end


// LIGHTS

# declare lum = 6;
global_settings {
	ambient_light rgb lum * <0.05, 0.05, 0.05>
	max_trace_level 15
}# declare cpy_direct_light_amount = 0.25;
light_source
{	1000 * <-1, -1.16351, -0.803887>,
	rgb lum * cpy_direct_light_amount
	parallel
}

light_source
{	1000 * <1, 1.16351, 0.803887>,
	rgb lum * cpy_direct_light_amount
	parallel
}

// strand 0

// nucleotide -1

// particle -1
sphere {
	<4.489544, 14.961603, 15.265388> 0.250000
	pigment { color rgbt <1,0,0,0> }
	no_shadow
}
cylinder {
	<4.246823, 15.033875, 14.955770>,  <4.101191, 15.077239, 14.770000>, 0.100000
	pigment { color rgbt <1,0,0,0> }
	no_shadow
}
cylinder {
	<4.246823, 15.033875, 14.955770>,  <4.489544, 14.961603, 15.265388>, 0.100000
	pigment { color rgbt <1,0,0,0> }
	no_shadow
}

// particle -1
sphere {
	<4.246823, 15.033875, 14.955770> 0.100000
	pigment { color rgbt <1,0,0,0> }
	no_shadow
}
sphere {
	0, 1
	scale<0.080000,0.200000,0.300000>
	matrix <0.294424, -0.853458, -0.430028,
		-0.738313, -0.488839, 0.464683,
		-0.606802, 0.180681, -0.774045,
		4.064783, 15.088079, 14.723557>
	pigment { color rgbt <0,1,1,0> }
	no_shadow
}
cylinder {
	<3.892686, 14.530160, 15.165936>,  <4.489544, 14.961603, 15.265388>, 0.130000
	pigment { color rgbt <1,0,0,0> }
	no_shadow
}

// nucleotide -1

// particle -1
sphere {
	<3.892686, 14.530160, 15.165936> 0.250000
	pigment { color rgbt <1,0,0,0> }
	no_shadow
}
cylinder {
	<4.034465, 14.630209, 14.805535>,  <4.119533, 14.690238, 14.589294>, 0.100000
	pigment { color rgbt <1,0,0,0> }
	no_shadow
}
cylinder {
	<4.034465, 14.630209, 14.805535>,  <3.892686, 14.530160, 15.165936>, 0.100000
	pigment { color rgbt <1,0,0,0> }
	no_shadow
}

// particle -1
sphere {
	<4.034465, 14.630209, 14.805535> 0.100000
	pigment { color rgbt <1,0,0,0> }
	no_shadow
}
sphere {
	0, 1
	scale<0.080000,0.200000,0.300000>
	matrix <0.195639, -0.962072, -0.190112,
		-0.914380, -0.108887, -0.389938,
		0.354448, 0.250122, -0.901003,
		4.140800, 14.705246, 14.535234>
	pigment { color rgbt <0,1,1,0> }
	no_shadow
}
cylinder {
	<3.567529, 14.174721, 14.568130>,  <3.892686, 14.530160, 15.165936>, 0.130000
	pigment { color rgbt <1,0,0,0> }
	no_shadow
}

// nucleotide -1

// particle -1
sphere {
	<3.567529, 14.174721, 14.568130> 0.250000
	pigment { color rgbt <1,0,0,0> }
	no_shadow
}
cylinder {
	<3.942497, 14.262972, 14.460376>,  <4.167478, 14.315923, 14.395723>, 0.100000
	pigment { color rgbt <1,0,0,0> }
	no_shadow
}
cylinder {
	<3.942497, 14.262972, 14.460376>,  <3.567529, 14.174721, 14.568130>, 0.100000
	pigment { color rgbt <1,0,0,0> }
	no_shadow
}

// particle -1
sphere {
	<3.942497, 14.262972, 14.460376> 0.100000
	pigment { color rgbt <1,0,0,0> }
	no_shadow
}
sphere {
	0, 1
	scale<0.080000,0.200000,0.300000>
	matrix <0.216450, -0.975232, -0.045503,
		-0.272752, -0.015653, -0.961957,
		0.937419, 0.220627, -0.269385,
		4.223723, 14.329160, 14.379560>
	pigment { color rgbt <0,1,1,0> }
	no_shadow
}
cylinder {
	<3.651642, 13.927355, 14.001558>,  <3.567529, 14.174721, 14.568130>, 0.130000
	pigment { color rgbt <1,0,0,0> }
	no_shadow
}

// nucleotide -1

// particle -1
sphere {
	<3.651642, 13.927355, 14.001558> 0.250000
	pigment { color rgbt <1,0,0,0> }
	no_shadow
}
cylinder {
	<4.015698, 13.933387, 14.167170>,  <4.234131, 13.937006, 14.266537>, 0.100000
	pigment { color rgbt <1,0,0,0> }
	no_shadow
}
cylinder {
	<4.015698, 13.933387, 14.167170>,  <3.651642, 13.927355, 14.001558>, 0.100000
	pigment { color rgbt <1,0,0,0> }
	no_shadow
}

// particle -1
sphere {
	<4.015698, 13.933387, 14.167170> 0.100000
	pigment { color rgbt <1,0,0,0> }
	no_shadow
}
sphere {
	0, 1
	scale<0.080000,0.200000,0.300000>
	matrix <0.152739, -0.941159, -0.301479,
		0.385121, 0.337626, -0.858889,
		0.910139, 0.015080, 0.414028,
		4.288740, 13.937911, 14.291378>
	pigment { color rgbt <0,1,1,0> }
	no_shadow
}
cylinder {
	<4.120813, 13.620067, 13.639138>,  <3.651642, 13.927355, 14.001558>, 0.130000
	pigment { color rgbt <1,0,0,0> }
	no_shadow
}

// nucleotide -1

// particle -1
sphere {
	<4.120813, 13.620067, 13.639138> 0.250000
	pigment { color rgbt <1,0,0,0> }
	no_shadow
}
cylinder {
	<4.330375, 13.589522, 13.978477>,  <4.456112, 13.571196, 14.182081>, 0.100000
	pigment { color rgbt <1,0,0,0> }
	no_shadow
}
cylinder {
	<4.330375, 13.589522, 13.978477>,  <4.120813, 13.620067, 13.639138>, 0.100000
	pigment { color rgbt <1,0,0,0> }
	no_shadow
}

// particle -1
sphere {
	<4.330375, 13.589522, 13.978477> 0.100000
	pigment { color rgbt <1,0,0,0> }
	no_shadow
}
sphere {
	0, 1
	scale<0.080000,0.200000,0.300000>
	matrix <0.210005, -0.953648, -0.215529,
		0.825483, 0.291074, -0.483584,
		0.523904, -0.076360, 0.848348,
		4.487546, 13.566614, 14.232982>
	pigment { color rgbt <0,1,1,0> }
	no_shadow
}
cylinder {
	<4.659706, 13.276952, 13.453150>,  <4.120813, 13.620067, 13.639138>, 0.130000
	pigment { color rgbt <1,0,0,0> }
	no_shadow
}

// nucleotide -1

// particle -1
sphere {
	<4.659706, 13.276952, 13.453150> 0.250000
	pigment { color rgbt <1,0,0,0> }
	no_shadow
}
cylinder {
	<4.722996, 13.256257, 13.847569>,  <4.760970, 13.243840, 14.084220>, 0.100000
	pigment { color rgbt <1,0,0,0> }
	no_shadow
}
cylinder {
	<4.722996, 13.256257, 13.847569>,  <4.659706, 13.276952, 13.453150>, 0.100000
	pigment { color rgbt <1,0,0,0> }
	no_shadow
}

// particle -1
sphere {
	<4.722996, 13.256257, 13.847569> 0.100000
	pigment { color rgbt <1,0,0,0> }
	no_shadow
}
sphere {
	0, 1
	scale<0.080000,0.200000,0.300000>
	matrix <0.419552, -0.900472, -0.114569,
		0.893835, 0.431826, -0.120771,
		0.158225, -0.051736, 0.986047,
		4.770463, 13.240736, 14.143383>
	pigment { color rgbt <0,1,1,0> }
	no_shadow
}
cylinder {
	<5.450583, 13.068125, 13.563347>,  <4.659706, 13.276952, 13.453150>, 0.130000
	pigment { color rgbt <1,0,0,0> }
	no_shadow
}

// nucleotide -1

// particle -1
sphere {
	<5.450583, 13.068125, 13.563347> 0.250000
	pigment { color rgbt <1,0,0,0> }
	no_shadow
}
cylinder {
	<5.264452, 12.976150, 13.905247>,  <5.152773, 12.920964, 14.110387>, 0.100000
	pigment { color rgbt <1,0,0,0> }
	no_shadow
}
cylinder {
	<5.264452, 12.976150, 13.905247>,  <5.450583, 13.068125, 13.563347>, 0.100000
	pigment { color rgbt <1,0,0,0> }
	no_shadow
}

// particle -1
sphere {
	<5.264452, 12.976150, 13.905247> 0.100000
	pigment { color rgbt <1,0,0,0> }
	no_shadow
}
sphere {
	0, 1
	scale<0.080000,0.200000,0.300000>
	matrix <0.518623, -0.853373, 0.052771,
		0.717287, 0.467849, 0.516350,
		-0.465328, -0.229938, 0.854750,
		5.124854, 12.907168, 14.161672>
	pigment { color rgbt <0,1,1,0> }
	no_shadow
}
cylinder {
	<5.978440, 12.746949, 13.898736>,  <5.450583, 13.068125, 13.563347>, 0.130000
	pigment { color rgbt <1,0,0,0> }
	no_shadow
}

// nucleotide -1

// particle -1
sphere {
	<5.978440, 12.746949, 13.898736> 0.250000
	pigment { color rgbt <1,0,0,0> }
	no_shadow
}
cylinder {
	<5.649327, 12.660455, 14.108982>,  <5.451859, 12.608558, 14.235129>, 0.100000
	pigment { color rgbt <1,0,0,0> }
	no_shadow
}
cylinder {
	<5.649327, 12.660455, 14.108982>,  <5.978440, 12.746949, 13.898736>, 0.100000
	pigment { color rgbt <1,0,0,0> }
	no_shadow
}

// particle -1
sphere {
	<5.649327, 12.660455, 14.108982> 0.100000
	pigment { color rgbt <1,0,0,0> }
	no_shadow
}
sphere {
	0, 1
	scale<0.080000,0.200000,0.300000>
	matrix <0.469905, -0.779034, 0.415084,
		0.319715, 0.588513, 0.742587,
		-0.822783, -0.216237, 0.525614,
		5.402492, 12.595584, 14.266666>
	pigment { color rgbt <0,1,1,0> }
	no_shadow
}
cylinder {
	<6.226700, 12.753792, 14.515074>,  <5.978440, 12.746949, 13.898736>, 0.130000
	pigment { color rgbt <1,0,0,0> }
	no_shadow
}

// nucleotide -1

// particle -1
sphere {
	<6.226700, 12.753792, 14.515074> 0.250000
	pigment { color rgbt <1,0,0,0> }
	no_shadow
}
cylinder {
	<5.881951, 12.552116, 14.536860>,  <5.675101, 12.431110, 14.549932>, 0.100000
	pigment { color rgbt <1,0,0,0> }
	no_shadow
}
cylinder {
	<5.881951, 12.552116, 14.536860>,  <6.226700, 12.753792, 14.515074>, 0.100000
	pigment { color rgbt <1,0,0,0> }
	no_shadow
}

// particle -1
sphere {
	<5.881951, 12.552116, 14.536860> 0.100000
	pigment { color rgbt <1,0,0,0> }
	no_shadow
}
sphere {
	0, 1
	scale<0.080000,0.200000,0.300000>
	matrix <0.474550, -0.763977, 0.437197,
		-0.178819, 0.402656, 0.897715,
		-0.861874, -0.504190, 0.054467,
		5.623389, 12.400860, 14.553201>
	pigment { color rgbt <0,1,1,0> }
	no_shadow
}
cylinder {
	<6.088224, 12.458289, 15.282821>,  <6.226700, 12.753792, 14.515074>, 0.130000
	pigment { color rgbt <1,0,0,0> }
	no_shadow
}

// nucleotide -1

// particle -1
sphere {
	<6.088224, 12.458289, 15.282821> 0.250000
	pigment { color rgbt <1,0,0,0> }
	no_shadow
}
cylinder {
	<5.875571, 12.250525, 15.015216>,  <5.747979, 12.125866, 14.854653>, 0.100000
	pigment { color rgbt <1,0,0,0> }
	no_shadow
}
cylinder {
	<5.875571, 12.250525, 15.015216>,  <6.088224, 12.458289, 15.282821>, 0.100000
	pigment { color rgbt <1,0,0,0> }
	no_shadow
}

// particle -1
sphere {
	<5.875571, 12.250525, 15.015216> 0.100000
	pigment { color rgbt <1,0,0,0> }
	no_shadow
}
sphere {
	0, 1
	scale<0.080000,0.200000,0.300000>
	matrix <0.408368, -0.849203, 0.334797,
		-0.742024, -0.095213, 0.663577,
		-0.531635, -0.519411, -0.669012,
		5.716081, 12.094701, 14.814512>
	pigment { color rgbt <0,1,1,0> }
	no_shadow
}
cylinder {
	<5.900471, 11.972509, 15.693023>,  <6.088224, 12.458289, 15.282821>, 0.130000
	pigment { color rgbt <1,0,0,0> }
	no_shadow
}

// nucleotide -1

// particle -1
sphere {
	<5.900471, 11.972509, 15.693023> 0.250000
	pigment { color rgbt <1,0,0,0> }
	no_shadow
}
cylinder {
	<5.875338, 11.834829, 15.318306>,  <5.860258, 11.752221, 15.093476>, 0.100000
	pigment { color rgbt <1,0,0,0> }
	no_shadow
}
cylinder {
	<5.875338, 11.834829, 15.318306>,  <5.900471, 11.972509, 15.693023>, 0.100000
	pigment { color rgbt <1,0,0,0> }
	no_shadow
}

// particle -1
sphere {
	<5.875338, 11.834829, 15.318306> 0.100000
	pigment { color rgbt <1,0,0,0> }
	no_shadow
}
sphere {
	0, 1
	scale<0.080000,0.200000,0.300000>
	matrix <0.301068, -0.901456, 0.311023,
		-0.951530, -0.262496, 0.160269,
		-0.062833, -0.344200, -0.936792,
		5.856488, 11.731569, 15.037269>
	pigment { color rgbt <0,1,1,0> }
	no_shadow
}
cylinder {
	<5.482553, 11.447467, 15.763385>,  <5.900471, 11.972509, 15.693023>, 0.130000
	pigment { color rgbt <1,0,0,0> }
	no_shadow
}

// nucleotide -1

// particle -1
sphere {
	<5.482553, 11.447467, 15.763385> 0.250000
	pigment { color rgbt <1,0,0,0> }
	no_shadow
}
cylinder {
	<5.638155, 11.376273, 15.401834>,  <5.731516, 11.333557, 15.184902>, 0.100000
	pigment { color rgbt <1,0,0,0> }
	no_shadow
}
cylinder {
	<5.638155, 11.376273, 15.401834>,  <5.482553, 11.447467, 15.763385>, 0.100000
	pigment { color rgbt <1,0,0,0> }
	no_shadow
}

// particle -1
sphere {
	<5.638155, 11.376273, 15.401834> 0.100000
	pigment { color rgbt <1,0,0,0> }
	no_shadow
}
sphere {
	0, 1
	scale<0.080000,0.200000,0.300000>
	matrix <0.237050, -0.928782, 0.284907,
		-0.890214, -0.325095, -0.319111,
		0.389007, -0.177983, -0.903879,
		5.754856, 11.322878, 15.130670>
	pigment { color rgbt <0,1,1,0> }
	no_shadow
}
cylinder {
	<5.283669, 10.831503, 15.655554>,  <5.482553, 11.447467, 15.763385>, 0.130000
	pigment { color rgbt <1,0,0,0> }
	no_shadow
}

// nucleotide -1

// particle -1
sphere {
	<5.283669, 10.831503, 15.655554> 0.250000
	pigment { color rgbt <1,0,0,0> }
	no_shadow
}
cylinder {
	<5.612177, 10.882917, 15.433205>,  <5.809282, 10.913766, 15.299795>, 0.100000
	pigment { color rgbt <1,0,0,0> }
	no_shadow
}
cylinder {
	<5.612177, 10.882917, 15.433205>,  <5.283669, 10.831503, 15.655554>, 0.100000
	pigment { color rgbt <1,0,0,0> }
	no_shadow
}

// particle -1
sphere {
	<5.612177, 10.882917, 15.433205> 0.100000
	pigment { color rgbt <1,0,0,0> }
	no_shadow
}
sphere {
	0, 1
	scale<0.080000,0.200000,0.300000>
	matrix <0.344441, -0.888409, 0.303464,
		-0.454837, -0.440691, -0.773896,
		0.821269, 0.128535, -0.555873,
		5.858558, 10.921478, 15.266442>
	pigment { color rgbt <0,1,1,0> }
	no_shadow
}
cylinder {
	<5.354135, 10.163156, 15.384045>,  <5.283669, 10.831503, 15.655554>, 0.130000
	pigment { color rgbt <1,0,0,0> }
	no_shadow
}

// nucleotide -1

// particle -1
sphere {
	<5.354135, 10.163156, 15.384045> 0.250000
	pigment { color rgbt <1,0,0,0> }
	no_shadow
}
cylinder {
	<5.706809, 10.324138, 15.285526>,  <5.918413, 10.420727, 15.226415>, 0.100000
	pigment { color rgbt <1,0,0,0> }
	no_shadow
}
cylinder {
	<5.706809, 10.324138, 15.285526>,  <5.354135, 10.163156, 15.384045>, 0.100000
	pigment { color rgbt <1,0,0,0> }
	no_shadow
}

// particle -1
sphere {
	<5.706809, 10.324138, 15.285526> 0.100000
	pigment { color rgbt <1,0,0,0> }
	no_shadow
}
sphere {
	0, 1
	scale<0.080000,0.200000,0.300000>
	matrix <0.437350, -0.892965, 0.106487,
		-0.177078, -0.201605, -0.963327,
		0.881685, 0.402454, -0.246297,
		5.971314, 10.444874, 15.211637>
	pigment { color rgbt <0,1,1,0> }
	no_shadow
}
cylinder {
	<5.782444, 9.649549, 14.913713>,  <5.354135, 10.163156, 15.384045>, 0.130000
	pigment { color rgbt <1,0,0,0> }
	no_shadow
}

// nucleotide -1

// particle -1
sphere {
	<5.782444, 9.649549, 14.913713> 0.250000
	pigment { color rgbt <1,0,0,0> }
	no_shadow
}
cylinder {
	<6.037762, 9.896116, 15.098151>,  <6.190953, 10.044057, 15.208814>, 0.100000
	pigment { color rgbt <1,0,0,0> }
	no_shadow
}
cylinder {
	<6.037762, 9.896116, 15.098151>,  <5.782444, 9.649549, 14.913713>, 0.100000
	pigment { color rgbt <1,0,0,0> }
	no_shadow
}

// particle -1
sphere {
	<6.037762, 9.896116, 15.098151> 0.100000
	pigment { color rgbt <1,0,0,0> }
	no_shadow
}
sphere {
	0, 1
	scale<0.080000,0.200000,0.300000>
	matrix <0.667301, -0.741696, 0.067793,
		0.383780, 0.264416, -0.884758,
		0.638296, 0.616418, 0.461093,
		6.229251, 10.081041, 15.236479>
	pigment { color rgbt <0,1,1,0> }
	no_shadow
}
cylinder {
	<6.374036, 9.470245, 14.626196>,  <5.782444, 9.649549, 14.913713>, 0.130000
	pigment { color rgbt <1,0,0,0> }
	no_shadow
}

// nucleotide -1

// particle -1
sphere {
	<6.374036, 9.470245, 14.626196> 0.250000
	pigment { color rgbt <1,0,0,0> }
	no_shadow
}
cylinder {
	<6.505594, 9.697422, 14.927996>,  <6.584529, 9.833728, 15.109076>, 0.100000
	pigment { color rgbt <1,0,0,0> }
	no_shadow
}
cylinder {
	<6.505594, 9.697422, 14.927996>,  <6.374036, 9.470245, 14.626196>, 0.100000
	pigment { color rgbt <1,0,0,0> }
	no_shadow
}

// particle -1
sphere {
	<6.505594, 9.697422, 14.927996> 0.100000
	pigment { color rgbt <1,0,0,0> }
	no_shadow
}
sphere {
	0, 1
	scale<0.080000,0.200000,0.300000>
	matrix <0.843483, -0.535964, 0.035758,
		0.424694, 0.624647, -0.655325,
		0.328895, 0.567942, 0.754500,
		6.604263, 9.867805, 15.154346>
	pigment { color rgbt <0,1,1,0> }
	no_shadow
}
cylinder {
	<7.176196, 9.749691, 14.469597>,  <6.374036, 9.470245, 14.626196>, 0.130000
	pigment { color rgbt <1,0,0,0> }
	no_shadow
}

// nucleotide -1

// particle -1
sphere {
	<7.176196, 9.749691, 14.469597> 0.250000
	pigment { color rgbt <1,0,0,0> }
	no_shadow
}
cylinder {
	<7.096487, 9.745976, 14.861557>,  <7.048661, 9.743748, 15.096733>, 0.100000
	pigment { color rgbt <1,0,0,0> }
	no_shadow
}
cylinder {
	<7.096487, 9.745976, 14.861557>,  <7.176196, 9.749691, 14.469597>, 0.100000
	pigment { color rgbt <1,0,0,0> }
	no_shadow
}

// particle -1
sphere {
	<7.096487, 9.745976, 14.861557> 0.100000
	pigment { color rgbt <1,0,0,0> }
	no_shadow
}
sphere {
	0, 1
	scale<0.080000,0.200000,0.300000>
	matrix <0.796614, -0.583888, 0.156466,
		0.570699, 0.811781, 0.123751,
		-0.199273, -0.009286, 0.979900,
		7.036705, 9.743191, 15.155527>
	pigment { color rgbt <0,1,1,0> }
	no_shadow
}
cylinder {
	<7.792415, 9.648059, 14.711662>,  <7.176196, 9.749691, 14.469597>, 0.130000
	pigment { color rgbt <1,0,0,0> }
	no_shadow
}

// nucleotide -1

// particle -1
sphere {
	<7.792415, 9.648059, 14.711662> 0.250000
	pigment { color rgbt <1,0,0,0> }
	no_shadow
}
cylinder {
	<7.591534, 9.569715, 15.048573>,  <7.471005, 9.522708, 15.250720>, 0.100000
	pigment { color rgbt <1,0,0,0> }
	no_shadow
}
cylinder {
	<7.591534, 9.569715, 15.048573>,  <7.792415, 9.648059, 14.711662>, 0.100000
	pigment { color rgbt <1,0,0,0> }
	no_shadow
}

// particle -1
sphere {
	<7.591534, 9.569715, 15.048573> 0.100000
	pigment { color rgbt <1,0,0,0> }
	no_shadow
}
sphere {
	0, 1
	scale<0.080000,0.200000,0.300000>
	matrix <0.789210, -0.501940, 0.353842,
		0.353469, 0.842434, 0.406651,
		-0.502203, -0.195861, 0.842277,
		7.440873, 9.510956, 15.301256>
	pigment { color rgbt <0,1,1,0> }
	no_shadow
}
cylinder {
	<8.179571, 9.887188, 15.237694>,  <7.792415, 9.648059, 14.711662>, 0.130000
	pigment { color rgbt <1,0,0,0> }
	no_shadow
}

// nucleotide -1

// particle -1
sphere {
	<8.179571, 9.887188, 15.237694> 0.250000
	pigment { color rgbt <1,0,0,0> }
	no_shadow
}
cylinder {
	<7.932925, 9.615961, 15.397698>,  <7.784937, 9.453225, 15.493701>, 0.100000
	pigment { color rgbt <1,0,0,0> }
	no_shadow
}
cylinder {
	<7.932925, 9.615961, 15.397698>,  <8.179571, 9.887188, 15.237694>, 0.100000
	pigment { color rgbt <1,0,0,0> }
	no_shadow
}

// particle -1
sphere {
	<7.932925, 9.615961, 15.397698> 0.100000
	pigment { color rgbt <1,0,0,0> }
	no_shadow
}
sphere {
	0, 1
	scale<0.080000,0.200000,0.300000>
	matrix <0.779806, -0.456287, 0.428608,
		-0.108106, 0.576218, 0.810115,
		-0.616617, -0.678067, 0.400011,
		7.747940, 9.412540, 15.517701>
	pigment { color rgbt <0,1,1,0> }
	no_shadow
}
cylinder {
	<8.348323, 9.848947, 16.013521>,  <8.179571, 9.887188, 15.237694>, 0.130000
	pigment { color rgbt <1,0,0,0> }
	no_shadow
}

// nucleotide -1

// particle -1
sphere {
	<8.348323, 9.848947, 16.013521> 0.250000
	pigment { color rgbt <1,0,0,0> }
	no_shadow
}
cylinder {
	<8.176585, 9.506110, 15.899637>,  <8.073543, 9.300408, 15.831306>, 0.100000
	pigment { color rgbt <1,0,0,0> }
	no_shadow
}
cylinder {
	<8.176585, 9.506110, 15.899637>,  <8.348323, 9.848947, 16.013521>, 0.100000
	pigment { color rgbt <1,0,0,0> }
	no_shadow
}

// particle -1
sphere {
	<8.176585, 9.506110, 15.899637> 0.100000
	pigment { color rgbt <1,0,0,0> }
	no_shadow
}
sphere {
	0, 1
	scale<0.080000,0.200000,0.300000>
	matrix <0.707715, -0.515129, 0.483510,
		-0.561074, 0.006098, 0.827743,
		-0.429343, -0.857091, -0.284710,
		8.047782, 9.248982, 15.814224>
	pigment { color rgbt <0,1,1,0> }
	no_shadow
}
cylinder {
	<8.606689, 9.309774, 16.508575>,  <8.348323, 9.848947, 16.013521>, 0.130000
	pigment { color rgbt <1,0,0,0> }
	no_shadow
}

// nucleotide -1

// particle -1
sphere {
	<8.606689, 9.309774, 16.508575> 0.250000
	pigment { color rgbt <1,0,0,0> }
	no_shadow
}
cylinder {
	<8.445964, 9.107882, 16.202950>,  <8.349528, 8.986748, 16.019573>, 0.100000
	pigment { color rgbt <1,0,0,0> }
	no_shadow
}
cylinder {
	<8.445964, 9.107882, 16.202950>,  <8.606689, 9.309774, 16.508575>, 0.100000
	pigment { color rgbt <1,0,0,0> }
	no_shadow
}

// particle -1
sphere {
	<8.445964, 9.107882, 16.202950> 0.100000
	pigment { color rgbt <1,0,0,0> }
	no_shadow
}
sphere {
	0, 1
	scale<0.080000,0.200000,0.300000>
	matrix <0.602573, -0.774020, 0.194419,
		-0.689530, -0.382284, 0.615148,
		-0.401814, -0.504729, -0.764064,
		8.325419, 8.956464, 15.973730>
	pigment { color rgbt <0,1,1,0> }
	no_shadow
}
cylinder {
	<8.431103, 8.664730, 16.844809>,  <8.606689, 9.309774, 16.508575>, 0.130000
	pigment { color rgbt <1,0,0,0> }
	no_shadow
}

// nucleotide -1

// particle -1
sphere {
	<8.431103, 8.664730, 16.844809> 0.250000
	pigment { color rgbt <1,0,0,0> }
	no_shadow
}
cylinder {
	<8.478203, 8.607876, 16.451681>,  <8.506463, 8.573763, 16.215805>, 0.100000
	pigment { color rgbt <1,0,0,0> }
	no_shadow
}
cylinder {
	<8.478203, 8.607876, 16.451681>,  <8.431103, 8.664730, 16.844809>, 0.100000
	pigment { color rgbt <1,0,0,0> }
	no_shadow
}

// particle -1
sphere {
	<8.478203, 8.607876, 16.451681> 0.100000
	pigment { color rgbt <1,0,0,0> }
	no_shadow
}
sphere {
	0, 1
	scale<0.080000,0.200000,0.300000>
	matrix <0.700127, -0.689992, 0.183668,
		-0.704243, -0.709724, 0.018267,
		0.117749, -0.142136, -0.982819,
		8.513528, 8.565235, 16.156836>
	pigment { color rgbt <0,1,1,0> }
	no_shadow
}
cylinder {
	<8.549551, 8.004972, 16.744480>,  <8.431103, 8.664730, 16.844809>, 0.130000
	pigment { color rgbt <1,0,0,0> }
	no_shadow
}

// nucleotide -1

// particle -1
sphere {
	<8.549551, 8.004972, 16.744480> 0.250000
	pigment { color rgbt <1,0,0,0> }
	no_shadow
}
cylinder {
	<8.680711, 8.112694, 16.382275>,  <8.759407, 8.177326, 16.164951>, 0.100000
	pigment { color rgbt <1,0,0,0> }
	no_shadow
}
cylinder {
	<8.680711, 8.112694, 16.382275>,  <8.549551, 8.004972, 16.744480>, 0.100000
	pigment { color rgbt <1,0,0,0> }
	no_shadow
}

// particle -1
sphere {
	<8.680711, 8.112694, 16.382275> 0.100000
	pigment { color rgbt <1,0,0,0> }
	no_shadow
}
sphere {
	0, 1
	scale<0.080000,0.200000,0.300000>
	matrix <0.745283, -0.662766, 0.072769,
		-0.580548, -0.698726, -0.418028,
		0.327900, 0.269303, -0.905515,
		8.779080, 8.193484, 16.110620>
	pigment { color rgbt <0,1,1,0> }
	no_shadow
}
cylinder {
	<8.719841, 7.379661, 16.414091>,  <8.549551, 8.004972, 16.744480>, 0.130000
	pigment { color rgbt <1,0,0,0> }
	no_shadow
}

// nucleotide -1

// particle -1
sphere {
	<8.719841, 7.379661, 16.414091> 0.250000
	pigment { color rgbt <1,0,0,0> }
	no_shadow
}
cylinder {
	<8.919263, 7.656256, 16.204985>,  <9.038916, 7.822214, 16.079521>, 0.100000
	pigment { color rgbt <1,0,0,0> }
	no_shadow
}
cylinder {
	<8.919263, 7.656256, 16.204985>,  <8.719841, 7.379661, 16.414091>, 0.100000
	pigment { color rgbt <1,0,0,0> }
	no_shadow
}

// particle -1
sphere {
	<8.919263, 7.656256, 16.204985> 0.100000
	pigment { color rgbt <1,0,0,0> }
	no_shadow
}
sphere {
	0, 1
	scale<0.080000,0.200000,0.300000>
	matrix <0.810706, -0.585453, -0.001250,
		-0.306920, -0.423187, -0.852475,
		0.498555, 0.691490, -0.522767,
		9.068830, 7.863703, 16.048155>
	pigment { color rgbt <0,1,1,0> }
	no_shadow
}
cylinder {
	<9.022398, 6.988155, 15.791340>,  <8.719841, 7.379661, 16.414091>, 0.130000
	pigment { color rgbt <1,0,0,0> }
	no_shadow
}

// nucleotide -1

// particle -1
sphere {
	<9.022398, 6.988155, 15.791340> 0.250000
	pigment { color rgbt <1,0,0,0> }
	no_shadow
}
cylinder {
	<9.220194, 7.318779, 15.898879>,  <9.338871, 7.517153, 15.963403>, 0.100000
	pigment { color rgbt <1,0,0,0> }
	no_shadow
}
cylinder {
	<9.220194, 7.318779, 15.898879>,  <9.022398, 6.988155, 15.791340>, 0.100000
	pigment { color rgbt <1,0,0,0> }
	no_shadow
}

// particle -1
sphere {
	<9.220194, 7.318779, 15.898879> 0.100000
	pigment { color rgbt <1,0,0,0> }
	no_shadow
}
sphere {
	0, 1
	scale<0.080000,0.200000,0.300000>
	matrix <0.780606, -0.558357, 0.280876,
		0.382274, 0.070975, -0.921319,
		0.494490, 0.826559, 0.268849,
		9.368541, 7.566747, 15.979534>
	pigment { color rgbt <0,1,1,0> }
	no_shadow
}
cylinder {
	<9.769864, 6.976190, 15.583117>,  <9.022398, 6.988155, 15.791340>, 0.130000
	pigment { color rgbt <1,0,0,0> }
	no_shadow
}

// nucleotide -1

// particle -1
sphere {
	<9.769864, 6.976190, 15.583117> 0.250000
	pigment { color rgbt <1,0,0,0> }
	no_shadow
}
cylinder {
	<9.742294, 7.211616, 15.905320>,  <9.725753, 7.352871, 16.098642>, 0.100000
	pigment { color rgbt <1,0,0,0> }
	no_shadow
}
cylinder {
	<9.742294, 7.211616, 15.905320>,  <9.769864, 6.976190, 15.583117>, 0.100000
	pigment { color rgbt <1,0,0,0> }
	no_shadow
}

// particle -1
sphere {
	<9.742294, 7.211616, 15.905320> 0.100000
	pigment { color rgbt <1,0,0,0> }
	no_shadow
}
sphere {
	0, 1
	scale<0.080000,0.200000,0.300000>
	matrix <0.721124, -0.528549, 0.447902,
		0.689369, 0.611741, -0.387998,
		-0.068924, 0.588565, 0.805507,
		9.721617, 7.388185, 16.146973>
	pigment { color rgbt <0,1,1,0> }
	no_shadow
}
cylinder {
	<10.272754, 7.489230, 15.360554>,  <9.769864, 6.976190, 15.583117>, 0.130000
	pigment { color rgbt <1,0,0,0> }
	no_shadow
}

// nucleotide -1

// particle -1
sphere {
	<10.272754, 7.489230, 15.360554> 0.250000
	pigment { color rgbt <1,0,0,0> }
	no_shadow
}
cylinder {
	<10.287400, 7.375793, 15.743852>,  <10.296188, 7.307730, 15.973830>, 0.100000
	pigment { color rgbt <1,0,0,0> }
	no_shadow
}
cylinder {
	<10.287400, 7.375793, 15.743852>,  <10.272754, 7.489230, 15.360554>, 0.100000
	pigment { color rgbt <1,0,0,0> }
	no_shadow
}

// particle -1
sphere {
	<10.287400, 7.375793, 15.743852> 0.100000
	pigment { color rgbt <1,0,0,0> }
	no_shadow
}
sphere {
	0, 1
	scale<0.080000,0.200000,0.300000>
	matrix <0.956410, -0.268053, -0.115876,
		0.289723, 0.920718, 0.261418,
		0.036616, -0.283595, 0.958245,
		10.298385, 7.290714, 16.031324>
	pigment { color rgbt <0,1,1,0> }
	no_shadow
}
cylinder {
	<11.011000, 7.405958, 15.543515>,  <10.272754, 7.489230, 15.360554>, 0.130000
	pigment { color rgbt <1,0,0,0> }
	no_shadow
}

// nucleotide -1

// particle -1
sphere {
	<11.011000, 7.405958, 15.543515> 0.250000
	pigment { color rgbt <1,0,0,0> }
	no_shadow
}
cylinder {
	<10.849752, 7.325953, 15.900724>,  <10.753004, 7.277951, 16.115049>, 0.100000
	pigment { color rgbt <1,0,0,0> }
	no_shadow
}
cylinder {
	<10.849752, 7.325953, 15.900724>,  <11.011000, 7.405958, 15.543515>, 0.100000
	pigment { color rgbt <1,0,0,0> }
	no_shadow
}

// particle -1
sphere {
	<10.849752, 7.325953, 15.900724> 0.100000
	pigment { color rgbt <1,0,0,0> }
	no_shadow
}
sphere {
	0, 1
	scale<0.080000,0.200000,0.300000>
	matrix <0.882416, -0.343601, 0.321373,
		0.242565, 0.917569, 0.315005,
		-0.403118, -0.200012, 0.893023,
		10.728817, 7.265950, 16.168631>
	pigment { color rgbt <0,1,1,0> }
	no_shadow
}
cylinder {
	<11.480198, 7.121796, 15.979482>,  <11.011000, 7.405958, 15.543515>, 0.130000
	pigment { color rgbt <1,0,0,0> }
	no_shadow
}

// nucleotide -1

// particle -1
sphere {
	<11.480198, 7.121796, 15.979482> 0.250000
	pigment { color rgbt <1,0,0,0> }
	no_shadow
}
cylinder {
	<11.230487, 7.073004, 16.288130>,  <11.080660, 7.043729, 16.473318>, 0.100000
	pigment { color rgbt <1,0,0,0> }
	no_shadow
}
cylinder {
	<11.230487, 7.073004, 16.288130>,  <11.480198, 7.121796, 15.979482>, 0.100000
	pigment { color rgbt <1,0,0,0> }
	no_shadow
}

// particle -1
sphere {
	<11.230487, 7.073004, 16.288130> 0.100000
	pigment { color rgbt <1,0,0,0> }
	no_shadow
}
sphere {
	0, 1
	scale<0.080000,0.200000,0.300000>
	matrix <0.722840, -0.464799, 0.511336,
		0.296276, 0.876974, 0.378335,
		-0.624278, -0.121980, 0.771620,
		11.043203, 7.036410, 16.519615>
	pigment { color rgbt <0,1,1,0> }
	no_shadow
}
cylinder {
	<11.820478, 7.381440, 16.497066>,  <11.480198, 7.121796, 15.979482>, 0.130000
	pigment { color rgbt <1,0,0,0> }
	no_shadow
}

// nucleotide -1

// particle -1
sphere {
	<11.820478, 7.381440, 16.497066> 0.250000
	pigment { color rgbt <1,0,0,0> }
	no_shadow
}
cylinder {
	<11.573826, 7.074981, 16.569490>,  <11.425835, 6.891105, 16.612944>, 0.100000
	pigment { color rgbt <1,0,0,0> }
	no_shadow
}
cylinder {
	<11.573826, 7.074981, 16.569490>,  <11.820478, 7.381440, 16.497066>, 0.100000
	pigment { color rgbt <1,0,0,0> }
	no_shadow
}

// particle -1
sphere {
	<11.573826, 7.074981, 16.569490> 0.100000
	pigment { color rgbt <1,0,0,0> }
	no_shadow
}
sphere {
	0, 1
	scale<0.080000,0.200000,0.300000>
	matrix <0.766976, -0.532785, 0.357614,
		-0.177521, 0.359383, 0.916149,
		-0.616631, -0.766149, 0.181058,
		11.388837, 6.845136, 16.623808>
	pigment { color rgbt <0,1,1,0> }
	no_shadow
}
cylinder {
	<11.765772, 7.233712, 17.257431>,  <11.820478, 7.381440, 16.497066>, 0.130000
	pigment { color rgbt <1,0,0,0> }
	no_shadow
}

// nucleotide -1

// particle -1
sphere {
	<11.765772, 7.233712, 17.257431> 0.250000
	pigment { color rgbt <1,0,0,0> }
	no_shadow
}
cylinder {
	<11.718119, 6.922050, 17.011269>,  <11.689527, 6.735053, 16.863571>, 0.100000
	pigment { color rgbt <1,0,0,0> }
	no_shadow
}
cylinder {
	<11.718119, 6.922050, 17.011269>,  <11.765772, 7.233712, 17.257431>, 0.100000
	pigment { color rgbt <1,0,0,0> }
	no_shadow
}

// particle -1
sphere {
	<11.718119, 6.922050, 17.011269> 0.100000
	pigment { color rgbt <1,0,0,0> }
	no_shadow
}
sphere {
	0, 1
	scale<0.080000,0.200000,0.300000>
	matrix <0.782844, -0.454955, 0.424465,
		-0.610706, -0.431201, 0.664157,
		-0.119132, -0.779155, -0.615407,
		11.682379, 6.688303, 16.826647>
	pigment { color rgbt <0,1,1,0> }
	no_shadow
}
cylinder {
	<11.547505, 7.608383, 17.811708>,  <11.765772, 7.233712, 17.257431>, 0.130000
	pigment { color rgbt <1,0,0,0> }
	no_shadow
}

// nucleotide -1

// particle -1
sphere {
	<11.547505, 7.608383, 17.811708> 0.250000
	pigment { color rgbt <1,0,0,0> }
	no_shadow
}
cylinder {
	<11.209017, 7.498486, 17.629095>,  <11.005923, 7.432547, 17.519527>, 0.100000
	pigment { color rgbt <1,0,0,0> }
	no_shadow
}
cylinder {
	<11.209017, 7.498486, 17.629095>,  <11.547505, 7.608383, 17.811708>, 0.100000
	pigment { color rgbt <1,0,0,0> }
	no_shadow
}

// particle -1
sphere {
	<11.209017, 7.498486, 17.629095> 0.100000
	pigment { color rgbt <1,0,0,0> }
	no_shadow
}
sphere {
	0, 1
	scale<0.080000,0.200000,0.300000>
	matrix <-0.426048, 0.863443, 0.270090,
		0.319987, 0.423062, -0.847718,
		-0.846222, -0.274743, -0.456535,
		10.955151, 7.416062, 17.492134>
	pigment { color rgbt <0,1,1,0> }
	no_shadow
}
cylinder {
	<11.247389, 8.303699, 17.534105>,  <11.547505, 7.608383, 17.811708>, 0.130000
	pigment { color rgbt <1,0,0,0> }
	no_shadow
}

// nucleotide -1

// particle -1
sphere {
	<11.247389, 8.303699, 17.534105> 0.250000
	pigment { color rgbt <1,0,0,0> }
	no_shadow
}
cylinder {
	<11.580685, 8.453418, 17.696888>,  <11.780663, 8.543249, 17.794558>, 0.100000
	pigment { color rgbt <1,0,0,0> }
	no_shadow
}
cylinder {
	<11.580685, 8.453418, 17.696888>,  <11.247389, 8.303699, 17.534105>, 0.100000
	pigment { color rgbt <1,0,0,0> }
	no_shadow
}

// particle -1
sphere {
	<11.580685, 8.453418, 17.696888> 0.100000
	pigment { color rgbt <1,0,0,0> }
	no_shadow
}
sphere {
	0, 1
	scale<0.080000,0.200000,0.300000>
	matrix <-0.552762, 0.546709, 0.628939,
		0.012922, -0.749007, 0.662436,
		0.833239, 0.374296, 0.406958,
		11.830656, 8.565706, 17.818975>
	pigment { color rgbt <0,1,1,0> }
	no_shadow
}
cylinder {
	<11.305800, 8.145849, 18.366997>,  <11.247389, 8.303699, 17.534105>, 0.130000
	pigment { color rgbt <1,0,0,0> }
	no_shadow
}

// nucleotide -1

// particle -1
sphere {
	<11.305800, 8.145849, 18.366997> 0.250000
	pigment { color rgbt <1,0,0,0> }
	no_shadow
}
cylinder {
	<11.521274, 8.465811, 18.261185>,  <11.650558, 8.657787, 18.197699>, 0.100000
	pigment { color rgbt <1,0,0,0> }
	no_shadow
}
cylinder {
	<11.521274, 8.465811, 18.261185>,  <11.305800, 8.145849, 18.366997>, 0.100000
	pigment { color rgbt <1,0,0,0> }
	no_shadow
}

// particle -1
sphere {
	<11.521274, 8.465811, 18.261185> 0.100000
	pigment { color rgbt <1,0,0,0> }
	no_shadow
}
sphere {
	0, 1
	scale<0.080000,0.200000,0.300000>
	matrix <-0.626753, 0.590292, 0.508661,
		0.563026, -0.108218, 0.819323,
		0.538686, 0.799903, -0.264524,
		11.682878, 8.705782, 18.181826>
	pigment { color rgbt <0,1,1,0> }
	no_shadow
}
cylinder {
	<11.480330, 8.479041, 19.014074>,  <11.305800, 8.145849, 18.366997>, 0.130000
	pigment { color rgbt <1,0,0,0> }
	no_shadow
}

// nucleotide -1

// particle -1
sphere {
	<11.480330, 8.479041, 19.014074> 0.250000
	pigment { color rgbt <1,0,0,0> }
	no_shadow
}
cylinder {
	<11.462246, 8.697853, 18.679718>,  <11.451395, 8.829140, 18.479103>, 0.100000
	pigment { color rgbt <1,0,0,0> }
	no_shadow
}
cylinder {
	<11.462246, 8.697853, 18.679718>,  <11.480330, 8.479041, 19.014074>, 0.100000
	pigment { color rgbt <1,0,0,0> }
	no_shadow
}

// particle -1
sphere {
	<11.462246, 8.697853, 18.679718> 0.100000
	pigment { color rgbt <1,0,0,0> }
	no_shadow
}
sphere {
	0, 1
	scale<0.080000,0.200000,0.300000>
	matrix <-0.603670, 0.651732, 0.459160,
		0.795951, 0.525362, 0.300760,
		-0.045210, 0.547029, -0.835892,
		11.448683, 8.861961, 18.428951>
	pigment { color rgbt <0,1,1,0> }
	no_shadow
}
cylinder {
	<11.355950, 9.148256, 19.177679>,  <11.480330, 8.479041, 19.014074>, 0.130000
	pigment { color rgbt <1,0,0,0> }
	no_shadow
}

// nucleotide -1

// particle -1
sphere {
	<11.355950, 9.148256, 19.177679> 0.250000
	pigment { color rgbt <1,0,0,0> }
	no_shadow
}
cylinder {
	<11.283543, 9.178713, 18.785467>,  <11.240098, 9.196986, 18.550140>, 0.100000
	pigment { color rgbt <1,0,0,0> }
	no_shadow
}
cylinder {
	<11.283543, 9.178713, 18.785467>,  <11.355950, 9.148256, 19.177679>, 0.100000
	pigment { color rgbt <1,0,0,0> }
	no_shadow
}

// particle -1
sphere {
	<11.283543, 9.178713, 18.785467> 0.100000
	pigment { color rgbt <1,0,0,0> }
	no_shadow
}
sphere {
	0, 1
	scale<0.080000,0.200000,0.300000>
	matrix <-0.594961, 0.785391, 0.170827,
		0.783105, 0.614300, -0.096871,
		-0.181020, 0.076141, -0.980528,
		11.229237, 9.201555, 18.491308>
	pigment { color rgbt <0,1,1,0> }
	no_shadow
}
cylinder {
	<11.396031, 9.838465, 19.076204>,  <11.355950, 9.148256, 19.177679>, 0.130000
	pigment { color rgbt <1,0,0,0> }
	no_shadow
}

// nucleotide -1

// particle -1
sphere {
	<11.396031, 9.838465, 19.076204> 0.250000
	pigment { color rgbt <1,0,0,0> }
	no_shadow
}
cylinder {
	<11.180919, 9.669977, 18.784077>,  <11.051851, 9.568885, 18.608801>, 0.100000
	pigment { color rgbt <1,0,0,0> }
	no_shadow
}
cylinder {
	<11.180919, 9.669977, 18.784077>,  <11.396031, 9.838465, 19.076204>, 0.100000
	pigment { color rgbt <1,0,0,0> }
	no_shadow
}

// particle -1
sphere {
	<11.180919, 9.669977, 18.784077> 0.100000
	pigment { color rgbt <1,0,0,0> }
	no_shadow
}
sphere {
	0, 1
	scale<0.080000,0.200000,0.300000>
	matrix <-0.626724, 0.779147, 0.012117,
		0.563922, 0.464225, -0.682998,
		-0.537781, -0.421218, -0.730319,
		11.019585, 9.543612, 18.564981>
	pigment { color rgbt <0,1,1,0> }
	no_shadow
}
cylinder {
	<11.091504, 10.395905, 18.635139>,  <11.396031, 9.838465, 19.076204>, 0.130000
	pigment { color rgbt <1,0,0,0> }
	no_shadow
}

// nucleotide -1

// particle -1
sphere {
	<11.091504, 10.395905, 18.635139> 0.250000
	pigment { color rgbt <1,0,0,0> }
	no_shadow
}
cylinder {
	<10.874953, 10.085187, 18.506454>,  <10.745023, 9.898756, 18.429243>, 0.100000
	pigment { color rgbt <1,0,0,0> }
	no_shadow
}
cylinder {
	<10.874953, 10.085187, 18.506454>,  <11.091504, 10.395905, 18.635139>, 0.100000
	pigment { color rgbt <1,0,0,0> }
	no_shadow
}

// particle -1
sphere {
	<10.874953, 10.085187, 18.506454> 0.100000
	pigment { color rgbt <1,0,0,0> }
	no_shadow
}
sphere {
	0, 1
	scale<0.080000,0.200000,0.300000>
	matrix <-0.776285, 0.608780, -0.163609,
		0.322942, 0.161165, -0.932595,
		-0.541378, -0.776796, -0.321711,
		10.712540, 9.852148, 18.409941>
	pigment { color rgbt <0,1,1,0> }
	no_shadow
}
cylinder {
	<10.818974, 10.643785, 17.990110>,  <11.091504, 10.395905, 18.635139>, 0.130000
	pigment { color rgbt <1,0,0,0> }
	no_shadow
}

// nucleotide -1

// particle -1
sphere {
	<10.818974, 10.643785, 17.990110> 0.250000
	pigment { color rgbt <1,0,0,0> }
	no_shadow
}
cylinder {
	<10.572906, 10.382025, 18.165987>,  <10.425265, 10.224969, 18.271513>, 0.100000
	pigment { color rgbt <1,0,0,0> }
	no_shadow
}
cylinder {
	<10.572906, 10.382025, 18.165987>,  <10.818974, 10.643785, 17.990110>, 0.100000
	pigment { color rgbt <1,0,0,0> }
	no_shadow
}

// particle -1
sphere {
	<10.572906, 10.382025, 18.165987> 0.100000
	pigment { color rgbt <1,0,0,0> }
	no_shadow
}
sphere {
	0, 1
	scale<0.080000,0.200000,0.300000>
	matrix <-0.767103, 0.625560, -0.142220,
		-0.181984, -0.424778, -0.886818,
		-0.615170, -0.654399, 0.439691,
		10.388355, 10.185705, 18.297894>
	pigment { color rgbt <0,1,1,0> }
	no_shadow
}
cylinder {
	<10.264851, 10.441305, 17.429781>,  <10.818974, 10.643785, 17.990110>, 0.130000
	pigment { color rgbt <1,0,0,0> }
	no_shadow
}

// nucleotide -1

// particle -1
sphere {
	<10.264851, 10.441305, 17.429781> 0.250000
	pigment { color rgbt <1,0,0,0> }
	no_shadow
}
cylinder {
	<10.102896, 10.394228, 17.792484>,  <10.005723, 10.365982, 18.010107>, 0.100000
	pigment { color rgbt <1,0,0,0> }
	no_shadow
}
cylinder {
	<10.102896, 10.394228, 17.792484>,  <10.264851, 10.441305, 17.429781>, 0.100000
	pigment { color rgbt <1,0,0,0> }
	no_shadow
}

// particle -1
sphere {
	<10.102896, 10.394228, 17.792484> 0.100000
	pigment { color rgbt <1,0,0,0> }
	no_shadow
}
sphere {
	0, 1
	scale<0.080000,0.200000,0.300000>
	matrix <-0.764548, 0.587513, -0.265131,
		-0.501530, -0.800610, -0.327858,
		-0.404887, -0.117692, 0.906761,
		9.981429, 10.358920, 18.064512>
	pigment { color rgbt <0,1,1,0> }
	no_shadow
}
cylinder {
	<9.567861, 10.383327, 17.284142>,  <10.264851, 10.441305, 17.429781>, 0.130000
	pigment { color rgbt <1,0,0,0> }
	no_shadow
}

// nucleotide -1

// particle -1
sphere {
	<9.567861, 10.383327, 17.284142> 0.250000
	pigment { color rgbt <1,0,0,0> }
	no_shadow
}
cylinder {
	<9.596169, 10.426147, 17.680834>,  <9.613155, 10.451838, 17.918850>, 0.100000
	pigment { color rgbt <1,0,0,0> }
	no_shadow
}
cylinder {
	<9.596169, 10.426147, 17.680834>,  <9.567861, 10.383327, 17.284142>, 0.100000
	pigment { color rgbt <1,0,0,0> }
	no_shadow
}

// particle -1
sphere {
	<9.596169, 10.426147, 17.680834> 0.100000
	pigment { color rgbt <1,0,0,0> }
	no_shadow
}
sphere {
	0, 1
	scale<0.080000,0.200000,0.300000>
	matrix <-0.792770, 0.609452, -0.009212,
		-0.605399, -0.785563, 0.127999,
		0.070773, 0.107050, 0.991732,
		9.617401, 10.458261, 17.978354>
	pigment { color rgbt <0,1,1,0> }
	no_shadow
}
cylinder {
	<8.905737, 10.156078, 17.515985>,  <9.567861, 10.383327, 17.284142>, 0.130000
	pigment { color rgbt <1,0,0,0> }
	no_shadow
}

// nucleotide -1

// particle -1
sphere {
	<8.905737, 10.156078, 17.515985> 0.250000
	pigment { color rgbt <1,0,0,0> }
	no_shadow
}
cylinder {
	<9.091070, 10.395055, 17.777790>,  <9.202271, 10.538441, 17.934874>, 0.100000
	pigment { color rgbt <1,0,0,0> }
	no_shadow
}
cylinder {
	<9.091070, 10.395055, 17.777790>,  <8.905737, 10.156078, 17.515985>, 0.100000
	pigment { color rgbt <1,0,0,0> }
	no_shadow
}

// particle -1
sphere {
	<9.091070, 10.395055, 17.777790> 0.100000
	pigment { color rgbt <1,0,0,0> }
	no_shadow
}
sphere {
	0, 1
	scale<0.080000,0.200000,0.300000>
	matrix <-0.797705, 0.602876, 0.014394,
		-0.385989, -0.528776, 0.755915,
		0.463334, 0.597442, 0.654511,
		9.230070, 10.574287, 17.974144>
	pigment { color rgbt <0,1,1,0> }
	no_shadow
}
cylinder {
	<8.448028, 10.297567, 17.952190>,  <8.905737, 10.156078, 17.515985>, 0.130000
	pigment { color rgbt <1,0,0,0> }
	no_shadow
}

// nucleotide -1

// particle -1
sphere {
	<8.448028, 10.297567, 17.952190> 0.250000
	pigment { color rgbt <1,0,0,0> }
	no_shadow
}
cylinder {
	<8.705116, 10.601389, 17.992161>,  <8.859369, 10.783682, 18.016142>, 0.100000
	pigment { color rgbt <1,0,0,0> }
	no_shadow
}
cylinder {
	<8.705116, 10.601389, 17.992161>,  <8.448028, 10.297567, 17.952190>, 0.100000
	pigment { color rgbt <1,0,0,0> }
	no_shadow
}

// particle -1
sphere {
	<8.705116, 10.601389, 17.992161> 0.100000
	pigment { color rgbt <1,0,0,0> }
	no_shadow
}
sphere {
	0, 1
	scale<0.080000,0.200000,0.300000>
	matrix <-0.716790, 0.642255, -0.271515,
		-0.270408, 0.102884, 0.957233,
		0.642722, 0.759555, 0.099925,
		8.897933, 10.829255, 18.022139>
	pigment { color rgbt <0,1,1,0> }
	no_shadow
}
cylinder {
	<8.163210, 10.808372, 18.518356>,  <8.448028, 10.297567, 17.952190>, 0.130000
	pigment { color rgbt <1,0,0,0> }
	no_shadow
}

// nucleotide -1

// particle -1
sphere {
	<8.163210, 10.808372, 18.518356> 0.250000
	pigment { color rgbt <1,0,0,0> }
	no_shadow
}
cylinder {
