// switches for output
#declare DRAW_BASES = 1; // possible values are 0, 1; only relevant for DNA ribbons
#declare DRAW_BASES_TYPE = 3; // possible values are 1, 2, 3; only relevant for DNA ribbons
#declare DRAW_FOG = 0; // set to 1 to enable fog

#include "colors.inc"

#include "transforms.inc"
background { rgb <1, 1, 1>}

#default {
   normal{
       ripples 0.25
       frequency 0.20
       turbulence 0.2
       lambda 5
   }
	finish {
		phong 0.1
		phong_size 40.
	}
}

// original window dimensions: 1024x640


// camera settings

camera {
	sky <0, 0.179814, -0.983701>
	up <0, 0.179814, -0.983701>
	right 1.6 * <1, 0, 0>
	location <25.469, 94.9851, 44.8844>
	look_at <25.469, 29.3977, 32.8955>
	direction <0, -65.5874, -11.9889>
	angle 67.0682
}


# declare cpy_camera_pos = <25.469, 94.9851, 44.8844>;
# if (DRAW_FOG = 1)
fog {
	fog_type 2
	up vnormalize(cpy_camera_pos)
	color rgbt<1,1,1,0.3>
	distance 1e-5
	fog_alt 3e-3
	fog_offset 28
}
# end


// LIGHTS

# declare lum = 6;
global_settings {
	ambient_light rgb lum * <0.05, 0.05, 0.05>
	max_trace_level 15
}# declare cpy_direct_light_amount = 0.25;
light_source
{	1000 * <-1, -1.16351, -0.803887>,
	rgb lum * cpy_direct_light_amount
	parallel
}

light_source
{	1000 * <1, 1.16351, 0.803887>,
	rgb lum * cpy_direct_light_amount
	parallel
}

// strand 0

// nucleotide -1

// particle -1
sphere {
	<4.320093, 14.973614, 15.285395> 0.250000
	pigment { color rgbt <1,0,0,0> }
	no_shadow
}
cylinder {
	<4.488849, 14.943652, 14.923976>,  <4.590102, 14.925675, 14.707125>, 0.100000
	pigment { color rgbt <1,0,0,0> }
	no_shadow
}
cylinder {
	<4.488849, 14.943652, 14.923976>,  <4.320093, 14.973614, 15.285395>, 0.100000
	pigment { color rgbt <1,0,0,0> }
	no_shadow
}

// particle -1
sphere {
	<4.488849, 14.943652, 14.923976> 0.100000
	pigment { color rgbt <1,0,0,0> }
	no_shadow
}
sphere {
	0, 1
	scale<0.080000,0.200000,0.300000>
	matrix <0.890496, 0.221504, 0.397434,
		0.170369, -0.972279, 0.160153,
		0.421891, -0.074905, -0.903547,
		4.615416, 14.921181, 14.652912>
	pigment { color rgbt <0,1,1,0> }
	no_shadow
}
cylinder {
	<4.808022, 14.487164, 15.299016>,  <4.320093, 14.973614, 15.285395>, 0.130000
	pigment { color rgbt <1,0,0,0> }
	no_shadow
}

// nucleotide -1

// particle -1
sphere {
	<4.808022, 14.487164, 15.299016> 0.250000
	pigment { color rgbt <1,0,0,0> }
	no_shadow
}
cylinder {
	<4.868026, 14.796328, 15.052404>,  <4.904028, 14.981826, 14.904438>, 0.100000
	pigment { color rgbt <1,0,0,0> }
	no_shadow
}
cylinder {
	<4.868026, 14.796328, 15.052404>,  <4.808022, 14.487164, 15.299016>, 0.100000
	pigment { color rgbt <1,0,0,0> }
	no_shadow
}

// particle -1
sphere {
	<4.868026, 14.796328, 15.052404> 0.100000
	pigment { color rgbt <1,0,0,0> }
	no_shadow
}
sphere {
	0, 1
	scale<0.080000,0.200000,0.300000>
	matrix <0.891367, 0.164058, 0.422553,
		0.427741, -0.612939, -0.664336,
		0.150010, 0.772910, -0.616528,
		4.913029, 15.028201, 14.867446>
	pigment { color rgbt <0,1,1,0> }
	no_shadow
}
cylinder {
	<5.425653, 14.484294, 14.931321>,  <4.808022, 14.487164, 15.299016>, 0.130000
	pigment { color rgbt <1,0,0,0> }
	no_shadow
}

// nucleotide -1

// particle -1
sphere {
	<5.425653, 14.484294, 14.931321> 0.250000
	pigment { color rgbt <1,0,0,0> }
	no_shadow
}
cylinder {
	<5.349551, 14.876671, 14.947085>,  <5.303890, 15.112097, 14.956544>, 0.100000
	pigment { color rgbt <1,0,0,0> }
	no_shadow
}
cylinder {
	<5.349551, 14.876671, 14.947085>,  <5.425653, 14.484294, 14.931321>, 0.100000
	pigment { color rgbt <1,0,0,0> }
	no_shadow
}

// particle -1
sphere {
	<5.349551, 14.876671, 14.947085> 0.100000
	pigment { color rgbt <1,0,0,0> }
	no_shadow
}
sphere {
	0, 1
	scale<0.080000,0.200000,0.300000>
	matrix <0.937452, 0.169607, 0.304002,
		0.291525, 0.094784, -0.951856,
		-0.190256, 0.980943, 0.039411,
		5.292474, 15.170954, 14.958909>
	pigment { color rgbt <0,1,1,0> }
	no_shadow
}
cylinder {
	<5.017911, 14.326857, 14.360411>,  <5.425653, 14.484294, 14.931321>, 0.130000
	pigment { color rgbt <1,0,0,0> }
	no_shadow
}

// nucleotide -1

// particle -1
sphere {
	<5.017911, 14.326857, 14.360411> 0.250000
	pigment { color rgbt <1,0,0,0> }
	no_shadow
}
cylinder {
	<5.343994, 14.529789, 14.248656>,  <5.539643, 14.651548, 14.181603>, 0.100000
	pigment { color rgbt <1,0,0,0> }
	no_shadow
}
cylinder {
	<5.343994, 14.529789, 14.248656>,  <5.017911, 14.326857, 14.360411>, 0.100000
	pigment { color rgbt <1,0,0,0> }
	no_shadow
}

// particle -1
sphere {
	<5.343994, 14.529789, 14.248656> 0.100000
	pigment { color rgbt <1,0,0,0> }
	no_shadow
}
sphere {
	0, 1
	scale<0.080000,0.200000,0.300000>
	matrix <-0.157236, -0.270408, -0.949819,
		-0.557420, 0.818227, -0.140668,
		0.815206, 0.507330, -0.279385,
		5.588555, 14.681988, 14.164841>
	pigment { color rgbt <0,1,1,0> }
	no_shadow
}
cylinder {
	<4.934244, 14.913797, 13.820410>,  <5.017911, 14.326857, 14.360411>, 0.130000
	pigment { color rgbt <1,0,0,0> }
	no_shadow
}

// nucleotide -1

// particle -1
sphere {
	<4.934244, 14.913797, 13.820410> 0.250000
	pigment { color rgbt <1,0,0,0> }
	no_shadow
}
cylinder {
	<5.296491, 14.744214, 13.816082>,  <5.513839, 14.642464, 13.813485>, 0.100000
	pigment { color rgbt <1,0,0,0> }
	no_shadow
}
cylinder {
	<5.296491, 14.744214, 13.816082>,  <4.934244, 14.913797, 13.820410>, 0.100000
	pigment { color rgbt <1,0,0,0> }
	no_shadow
}

// particle -1
sphere {
	<5.296491, 14.744214, 13.816082> 0.100000
	pigment { color rgbt <1,0,0,0> }
	no_shadow
}
sphere {
	0, 1
	scale<0.080000,0.200000,0.300000>
	matrix <-0.162855, -0.324095, -0.931902,
		0.391581, 0.845708, -0.362550,
		0.905617, -0.423958, -0.010819,
		5.568176, 14.617026, 13.812837>
	pigment { color rgbt <0,1,1,0> }
	no_shadow
}
cylinder {
	<5.344322, 15.277258, 13.249668>,  <4.934244, 14.913797, 13.820410>, 0.130000
	pigment { color rgbt <1,0,0,0> }
	no_shadow
}

// nucleotide -1

// particle -1
sphere {
	<5.344322, 15.277258, 13.249668> 0.250000
	pigment { color rgbt <1,0,0,0> }
	no_shadow
}
cylinder {
	<5.508143, 14.919552, 13.321840>,  <5.606435, 14.704927, 13.365144>, 0.100000
	pigment { color rgbt <1,0,0,0> }
	no_shadow
}
cylinder {
	<5.508143, 14.919552, 13.321840>,  <5.344322, 15.277258, 13.249668>, 0.100000
	pigment { color rgbt <1,0,0,0> }
	no_shadow
}

// particle -1
sphere {
	<5.508143, 14.919552, 13.321840> 0.100000
	pigment { color rgbt <1,0,0,0> }
	no_shadow
}
sphere {
	0, 1
	scale<0.080000,0.200000,0.300000>
	matrix <-0.050729, -0.219796, -0.974226,
		0.910875, 0.389843, -0.135383,
		0.409552, -0.894266, 0.180431,
		5.631009, 14.651272, 13.375970>
	pigment { color rgbt <0,1,1,0> }
	no_shadow
}
cylinder {
	<5.959884, 15.263966, 12.967208>,  <5.344322, 15.277258, 13.249668>, 0.130000
	pigment { color rgbt <1,0,0,0> }
	no_shadow
}

// nucleotide -1

// particle -1
sphere {
	<5.959884, 15.263966, 12.967208> 0.250000
	pigment { color rgbt <1,0,0,0> }
	no_shadow
}
cylinder {
	<5.855060, 14.879449, 13.001244>,  <5.792165, 14.648739, 13.021665>, 0.100000
	pigment { color rgbt <1,0,0,0> }
	no_shadow
}
cylinder {
	<5.855060, 14.879449, 13.001244>,  <5.959884, 15.263966, 12.967208>, 0.100000
	pigment { color rgbt <1,0,0,0> }
	no_shadow
}

// particle -1
sphere {
	<5.855060, 14.879449, 13.001244> 0.100000
	pigment { color rgbt <1,0,0,0> }
	no_shadow
}
sphere {
	0, 1
	scale<0.080000,0.200000,0.300000>
	matrix <0.087808, -0.111557, -0.989871,
		0.961048, -0.251936, 0.113644,
		-0.262062, -0.961293, 0.085089,
		5.776441, 14.591061, 13.026771>
	pigment { color rgbt <0,1,1,0> }
	no_shadow
}
cylinder {
	<6.309100, 14.954089, 12.506252>,  <5.959884, 15.263966, 12.967208>, 0.130000
	pigment { color rgbt <1,0,0,0> }
	no_shadow
}

// nucleotide -1

// particle -1
sphere {
	<6.309100, 14.954089, 12.506252> 0.250000
	pigment { color rgbt <1,0,0,0> }
	no_shadow
}
cylinder {
	<6.042936, 14.664663, 12.579661>,  <5.883237, 14.491008, 12.623707>, 0.100000
	pigment { color rgbt <1,0,0,0> }
	no_shadow
}
cylinder {
	<6.042936, 14.664663, 12.579661>,  <6.309100, 14.954089, 12.506252>, 0.100000
	pigment { color rgbt <1,0,0,0> }
	no_shadow
}

// particle -1
sphere {
	<6.042936, 14.664663, 12.579661> 0.100000
	pigment { color rgbt <1,0,0,0> }
	no_shadow
}
sphere {
	0, 1
	scale<0.080000,0.200000,0.300000>
	matrix <0.068435, -0.303949, -0.950227,
		0.743333, -0.619732, 0.251768,
		-0.665411, -0.723566, 0.183524,
		5.843312, 14.447594, 12.634719>
	pigment { color rgbt <0,1,1,0> }
	no_shadow
}
cylinder {
	<6.676085, 14.329841, 12.279562>,  <6.309100, 14.954089, 12.506252>, 0.130000
	pigment { color rgbt <1,0,0,0> }
	no_shadow
}

// nucleotide -1

// particle -1
sphere {
	<6.676085, 14.329841, 12.279562> 0.250000
	pigment { color rgbt <1,0,0,0> }
	no_shadow
}
cylinder {
	<6.283092, 14.255822, 12.270743>,  <6.047297, 14.211411, 12.265452>, 0.100000
	pigment { color rgbt <1,0,0,0> }
	no_shadow
}
cylinder {
	<6.283092, 14.255822, 12.270743>,  <6.676085, 14.329841, 12.279562>, 0.100000
	pigment { color rgbt <1,0,0,0> }
	no_shadow
}

// particle -1
sphere {
	<6.283092, 14.255822, 12.270743> 0.100000
	pigment { color rgbt <1,0,0,0> }
	no_shadow
}
sphere {
	0, 1
	scale<0.080000,0.200000,0.300000>
	matrix <0.065012, -0.229477, -0.971140,
		0.174648, -0.955562, 0.237487,
		-0.982482, -0.185047, -0.022046,
		5.988348, 14.200308, 12.264130>
	pigment { color rgbt <0,1,1,0> }
	no_shadow
}
cylinder {
	<6.591227, 13.869221, 11.724308>,  <6.676085, 14.329841, 12.279562>, 0.130000
	pigment { color rgbt <1,0,0,0> }
	no_shadow
}

// nucleotide -1

// particle -1
sphere {
	<6.591227, 13.869221, 11.724308> 0.250000
	pigment { color rgbt <1,0,0,0> }
	no_shadow
}
cylinder {
	<6.204156, 13.957897, 11.772397>,  <5.971913, 14.011103, 11.801250>, 0.100000
	pigment { color rgbt <1,0,0,0> }
	no_shadow
}
cylinder {
	<6.204156, 13.957897, 11.772397>,  <6.591227, 13.869221, 11.724308>, 0.100000
	pigment { color rgbt <1,0,0,0> }
	no_shadow
}

// particle -1
sphere {
	<6.204156, 13.957897, 11.772397> 0.100000
	pigment { color rgbt <1,0,0,0> }
	no_shadow
}
sphere {
	0, 1
	scale<0.080000,0.200000,0.300000>
	matrix <-0.174818, -0.246078, -0.953354,
		-0.181760, -0.943558, 0.276879,
		-0.967678, 0.221685, 0.120224,
		5.913853, 14.024405, 11.808464>
	pigment { color rgbt <0,1,1,0> }
	no_shadow
}
cylinder {
	<6.250335, 13.363703, 11.390390>,  <6.591227, 13.869221, 11.724308>, 0.130000
	pigment { color rgbt <1,0,0,0> }
	no_shadow
}

// nucleotide -1

// particle -1
sphere {
	<6.250335, 13.363703, 11.390390> 0.250000
	pigment { color rgbt <1,0,0,0> }
	no_shadow
}
cylinder {
	<5.992540, 13.668628, 11.414117>,  <5.837864, 13.851583, 11.428353>, 0.100000
	pigment { color rgbt <1,0,0,0> }
	no_shadow
}
cylinder {
	<5.992540, 13.668628, 11.414117>,  <6.250335, 13.363703, 11.390390>, 0.100000
	pigment { color rgbt <1,0,0,0> }
	no_shadow
}

// particle -1
sphere {
	<5.992540, 13.668628, 11.414117> 0.100000
	pigment { color rgbt <1,0,0,0> }
	no_shadow
}
sphere {
	0, 1
	scale<0.080000,0.200000,0.300000>
	matrix <-0.287531, -0.169743, -0.942610,
		-0.708494, -0.624554, 0.328586,
		-0.644486, 0.762312, 0.059317,
		5.799195, 13.897322, 11.431911>
	pigment { color rgbt <0,1,1,0> }
	no_shadow
}
cylinder {
	<5.666788, 13.179448, 11.018898>,  <6.250335, 13.363703, 11.390390>, 0.130000
	pigment { color rgbt <1,0,0,0> }
	no_shadow
}

// nucleotide -1

// particle -1
sphere {
	<5.666788, 13.179448, 11.018898> 0.250000
	pigment { color rgbt <1,0,0,0> }
	no_shadow
}
cylinder {
	<5.619705, 13.575764, 11.045684>,  <5.591455, 13.813553, 11.061755>, 0.100000
	pigment { color rgbt <1,0,0,0> }
	no_shadow
}
cylinder {
	<5.619705, 13.575764, 11.045684>,  <5.666788, 13.179448, 11.018898>, 0.100000
	pigment { color rgbt <1,0,0,0> }
	no_shadow
}

// particle -1
sphere {
	<5.619705, 13.575764, 11.045684> 0.100000
	pigment { color rgbt <1,0,0,0> }
	no_shadow
}
sphere {
	0, 1
	scale<0.080000,0.200000,0.300000>
	matrix <-0.296534, 0.029289, -0.954573,
		-0.947741, -0.132217, 0.290355,
		-0.117706, 0.990788, 0.066965,
		5.584394, 13.873000, 11.065773>
	pigment { color rgbt <0,1,1,0> }
	no_shadow
}
cylinder {
	<5.085253, 13.392413, 10.591886>,  <5.666788, 13.179448, 11.018898>, 0.130000
	pigment { color rgbt <1,0,0,0> }
	no_shadow
}

// nucleotide -1

// particle -1
sphere {
	<5.085253, 13.392413, 10.591886> 0.250000
	pigment { color rgbt <1,0,0,0> }
	no_shadow
}
cylinder {
	<5.286388, 13.738033, 10.601458>,  <5.407069, 13.945405, 10.607201>, 0.100000
	pigment { color rgbt <1,0,0,0> }
	no_shadow
}
cylinder {
	<5.286388, 13.738033, 10.601458>,  <5.085253, 13.392413, 10.591886>, 0.100000
	pigment { color rgbt <1,0,0,0> }
	no_shadow
}

// particle -1
sphere {
	<5.286388, 13.738033, 10.601458> 0.100000
	pigment { color rgbt <1,0,0,0> }
	no_shadow
}
sphere {
	0, 1
	scale<0.080000,0.200000,0.300000>
	matrix <-0.239936, 0.166121, -0.956470,
		-0.830413, 0.475208, 0.290848,
		0.502838, 0.864050, 0.023929,
		5.437239, 13.997249, 10.608636>
	pigment { color rgbt <0,1,1,0> }
	no_shadow
}
cylinder {
	<4.659606, 13.940858, 10.308415>,  <5.085253, 13.392413, 10.591886>, 0.130000
	pigment { color rgbt <1,0,0,0> }
	no_shadow
}

// nucleotide -1

// particle -1
sphere {
	<4.659606, 13.940858, 10.308415> 0.250000
	pigment { color rgbt <1,0,0,0> }
	no_shadow
}
cylinder {
	<5.015121, 14.118469, 10.262997>,  <5.228431, 14.225036, 10.235745>, 0.100000
	pigment { color rgbt <1,0,0,0> }
	no_shadow
}
cylinder {
	<5.015121, 14.118469, 10.262997>,  <4.659606, 13.940858, 10.308415>, 0.100000
	pigment { color rgbt <1,0,0,0> }
	no_shadow
}

// particle -1
sphere {
	<5.015121, 14.118469, 10.262997> 0.100000
	pigment { color rgbt <1,0,0,0> }
	no_shadow
}
sphere {
	0, 1
	scale<0.080000,0.200000,0.300000>
	matrix <-0.236076, 0.231185, -0.943833,
		-0.392837, 0.865675, 0.310299,
		0.888790, 0.444027, -0.113547,
		5.281758, 14.251678, 10.228932>
	pigment { color rgbt <0,1,1,0> }
	no_shadow
}
cylinder {
	<4.484588, 14.547289, 9.968199>,  <4.659606, 13.940858, 10.308415>, 0.130000
	pigment { color rgbt <1,0,0,0> }
	no_shadow
}

// nucleotide -1

// particle -1
sphere {
	<4.484588, 14.547289, 9.968199> 0.250000
	pigment { color rgbt <1,0,0,0> }
	no_shadow
}
cylinder {
	<4.876194, 14.496349, 9.904563>,  <5.111158, 14.465786, 9.866382>, 0.100000
	pigment { color rgbt <1,0,0,0> }
	no_shadow
}
cylinder {
	<4.876194, 14.496349, 9.904563>,  <4.484588, 14.547289, 9.968199>, 0.100000
	pigment { color rgbt <1,0,0,0> }
	no_shadow
}

// particle -1
sphere {
	<4.876194, 14.496349, 9.904563> 0.100000
	pigment { color rgbt <1,0,0,0> }
	no_shadow
}
sphere {
	0, 1
	scale<0.080000,0.200000,0.300000>
	matrix <-0.109990, 0.326979, -0.938609,
		0.171549, 0.936412, 0.306111,
		0.979016, -0.127348, -0.159089,
		5.169899, 14.458145, 9.856836>
	pigment { color rgbt <0,1,1,0> }
	no_shadow
}
cylinder {
	<4.663184, 15.225460, 9.838184>,  <4.484588, 14.547289, 9.968199>, 0.130000
	pigment { color rgbt <1,0,0,0> }
	no_shadow
}

// nucleotide -1

// particle -1
sphere {
	<4.663184, 15.225460, 9.838184> 0.250000
	pigment { color rgbt <1,0,0,0> }
	no_shadow
}
cylinder {
	<4.930377, 14.991144, 9.654597>,  <5.090692, 14.850554, 9.544445>, 0.100000
	pigment { color rgbt <1,0,0,0> }
	no_shadow
}
cylinder {
	<4.930377, 14.991144, 9.654597>,  <4.663184, 15.225460, 9.838184>, 0.100000
	pigment { color rgbt <1,0,0,0> }
	no_shadow
}

// particle -1
sphere {
	<4.930377, 14.991144, 9.654597> 0.100000
	pigment { color rgbt <1,0,0,0> }
	no_shadow
}
sphere {
	0, 1
	scale<0.080000,0.200000,0.300000>
	matrix <-0.093151, 0.546076, -0.832541,
		0.738325, 0.598875, 0.310201,
		0.667981, -0.585790, -0.458968,
		5.130771, 14.815407, 9.516907>
	pigment { color rgbt <0,1,1,0> }
	no_shadow
}
cylinder {
	<4.937702, 15.626138, 9.466860>,  <4.663184, 15.225460, 9.838184>, 0.130000
	pigment { color rgbt <1,0,0,0> }
	no_shadow
}

// nucleotide -1

// particle -1
sphere {
	<4.937702, 15.626138, 9.466860> 0.250000
	pigment { color rgbt <1,0,0,0> }
	no_shadow
}
cylinder {
	<5.069026, 15.292023, 9.290448>,  <5.147821, 15.091554, 9.184601>, 0.100000
	pigment { color rgbt <1,0,0,0> }
	no_shadow
}
cylinder {
	<5.069026, 15.292023, 9.290448>,  <4.937702, 15.626138, 9.466860>, 0.100000
	pigment { color rgbt <1,0,0,0> }
	no_shadow
}

// particle -1
sphere {
	<5.069026, 15.292023, 9.290448> 0.100000
	pigment { color rgbt <1,0,0,0> }
	no_shadow
}
sphere {
	0, 1
	scale<0.080000,0.200000,0.300000>
	matrix <-0.089181, 0.437414, -0.894827,
		0.940350, 0.333113, 0.069116,
		0.328311, -0.835287, -0.441029,
		5.167520, 15.041436, 9.158139>
	pigment { color rgbt <0,1,1,0> }
	no_shadow
}
cylinder {
	<5.469007, 15.875107, 9.115623>,  <4.937702, 15.626138, 9.466860>, 0.130000
	pigment { color rgbt <1,0,0,0> }
	no_shadow
}

// nucleotide -1

// particle -1
sphere {
	<5.469007, 15.875107, 9.115623> 0.250000
	pigment { color rgbt <1,0,0,0> }
	no_shadow
}
cylinder {
	<5.366339, 15.531859, 8.937744>,  <5.304739, 15.325912, 8.831017>, 0.100000
	pigment { color rgbt <1,0,0,0> }
	no_shadow
}
cylinder {
	<5.366339, 15.531859, 8.937744>,  <5.469007, 15.875107, 9.115623>, 0.100000
	pigment { color rgbt <1,0,0,0> }
	no_shadow
}

// particle -1
sphere {
	<5.366339, 15.531859, 8.937744> 0.100000
	pigment { color rgbt <1,0,0,0> }
	no_shadow
}
sphere {
	0, 1
	scale<0.080000,0.200000,0.300000>
	matrix <0.072483, 0.441725, -0.894218,
		0.963778, -0.261750, -0.051178,
		-0.256668, -0.858118, -0.444697,
		5.289339, 15.274425, 8.804335>
	pigment { color rgbt <0,1,1,0> }
	no_shadow
}
cylinder {
	<5.946458, 15.666740, 8.549576>,  <5.469007, 15.875107, 9.115623>, 0.130000
	pigment { color rgbt <1,0,0,0> }
	no_shadow
}

// nucleotide -1

// particle -1
sphere {
	<5.946458, 15.666740, 8.549576> 0.250000
	pigment { color rgbt <1,0,0,0> }
	no_shadow
}
cylinder {
	<5.600651, 15.485482, 8.462610>,  <5.393167, 15.376727, 8.410431>, 0.100000
	pigment { color rgbt <1,0,0,0> }
	no_shadow
}
cylinder {
	<5.600651, 15.485482, 8.462610>,  <5.946458, 15.666740, 8.549576>, 0.100000
	pigment { color rgbt <1,0,0,0> }
	no_shadow
}

// particle -1
sphere {
	<5.600651, 15.485482, 8.462610> 0.100000
	pigment { color rgbt <1,0,0,0> }
	no_shadow
}
sphere {
	0, 1
	scale<0.080000,0.200000,0.300000>
	matrix <-0.062458, 0.526085, -0.848135,
		0.498699, -0.719653, -0.483115,
		-0.864522, -0.453138, -0.217410,
		5.341296, 15.349539, 8.397386>
	pigment { color rgbt <0,1,1,0> }
	no_shadow
}
cylinder {
	<5.944375, 15.561159, 7.719066>,  <5.946458, 15.666740, 8.549576>, 0.130000
	pigment { color rgbt <1,0,0,0> }
	no_shadow
}

// nucleotide -1

// particle -1
sphere {
	<5.944375, 15.561159, 7.719066> 0.250000
	pigment { color rgbt <1,0,0,0> }
	no_shadow
}
cylinder {
	<5.571448, 15.540403, 7.862226>,  <5.347692, 15.527950, 7.948122>, 0.100000
	pigment { color rgbt <1,0,0,0> }
	no_shadow
}
cylinder {
	<5.571448, 15.540403, 7.862226>,  <5.944375, 15.561159, 7.719066>, 0.100000
	pigment { color rgbt <1,0,0,0> }
	no_shadow
}

// particle -1
sphere {
	<5.571448, 15.540403, 7.862226> 0.100000
	pigment { color rgbt <1,0,0,0> }
	no_shadow
}
sphere {
	0, 1
	scale<0.080000,0.200000,0.300000>
	matrix <-0.294878, 0.681999, -0.669271,
		-0.209359, -0.729510, -0.651141,
		-0.932317, -0.051889, 0.357899,
		5.291753, 15.524837, 7.969596>
	pigment { color rgbt <0,1,1,0> }
	no_shadow
}
cylinder {
	<5.560116, 15.433639, 7.158742>,  <5.944375, 15.561159, 7.719066>, 0.130000
	pigment { color rgbt <1,0,0,0> }
	no_shadow
}

// nucleotide -1

// particle -1
sphere {
	<5.560116, 15.433639, 7.158742> 0.250000
	pigment { color rgbt <1,0,0,0> }
	no_shadow
}
cylinder {
	<5.293754, 15.575637, 7.421206>,  <5.133936, 15.660835, 7.578685>, 0.100000
	pigment { color rgbt <1,0,0,0> }
	no_shadow
}
cylinder {
	<5.293754, 15.575637, 7.421206>,  <5.560116, 15.433639, 7.158742>, 0.100000
	pigment { color rgbt <1,0,0,0> }
	no_shadow
}

// particle -1
sphere {
	<5.293754, 15.575637, 7.421206> 0.100000
	pigment { color rgbt <1,0,0,0> }
	no_shadow
}
sphere {
	0, 1
	scale<0.080000,0.200000,0.300000>
	matrix <-0.404313, 0.567442, -0.717315,
		-0.626977, -0.742959, -0.234334,
		-0.665906, 0.354995, 0.656161,
		5.093982, 15.682136, 7.618055>
	pigment { color rgbt <0,1,1,0> }
	no_shadow
}
cylinder {
	<4.956907, 15.359642, 6.821455>,  <5.560116, 15.433639, 7.158742>, 0.130000
	pigment { color rgbt <1,0,0,0> }
	no_shadow
}

// nucleotide -1

// particle -1
sphere {
	<4.956907, 15.359642, 6.821455> 0.250000
	pigment { color rgbt <1,0,0,0> }
	no_shadow
}
cylinder {
	<4.895765, 15.632336, 7.107637>,  <4.859080, 15.795952, 7.279346>, 0.100000
	pigment { color rgbt <1,0,0,0> }
	no_shadow
}
cylinder {
	<4.895765, 15.632336, 7.107637>,  <4.956907, 15.359642, 6.821455>, 0.100000
	pigment { color rgbt <1,0,0,0> }
	no_shadow
}

// particle -1
sphere {
	<4.895765, 15.632336, 7.107637> 0.100000
	pigment { color rgbt <1,0,0,0> }
	no_shadow
}
sphere {
	0, 1
	scale<0.080000,0.200000,0.300000>
	matrix <-0.579763, 0.524431, -0.623576,
		-0.800319, -0.510110, 0.315082,
		-0.152853, 0.681733, 0.715455,
		4.849909, 15.836856, 7.322273>
	pigment { color rgbt <0,1,1,0> }
	no_shadow
}
cylinder {
	<4.344920, 15.664399, 6.604544>,  <4.956907, 15.359642, 6.821455>, 0.130000
	pigment { color rgbt <1,0,0,0> }
	no_shadow
}

// nucleotide -1

// particle -1
sphere {
	<4.344920, 15.664399, 6.604544> 0.250000
	pigment { color rgbt <1,0,0,0> }
	no_shadow
}
cylinder {
	<4.461174, 15.899112, 6.906860>,  <4.530926, 16.039940, 7.088249>, 0.100000
	pigment { color rgbt <1,0,0,0> }
	no_shadow
}
cylinder {
	<4.461174, 15.899112, 6.906860>,  <4.344920, 15.664399, 6.604544>, 0.100000
	pigment { color rgbt <1,0,0,0> }
	no_shadow
}

// particle -1
sphere {
	<4.461174, 15.899112, 6.906860> 0.100000
	pigment { color rgbt <1,0,0,0> }
	no_shadow
}
sphere {
	0, 1
	scale<0.080000,0.200000,0.300000>
	matrix <-0.522167, 0.759162, -0.388605,
		-0.801793, -0.281707, 0.527037,
		0.290634, 0.586783, 0.755790,
		4.548364, 16.075146, 7.133597>
	pigment { color rgbt <0,1,1,0> }
	no_shadow
}
cylinder {
	<3.747703, 15.976600, 6.905198>,  <4.344920, 15.664399, 6.604544>, 0.130000
	pigment { color rgbt <1,0,0,0> }
	no_shadow
}

// nucleotide -1

// particle -1
sphere {
	<3.747703, 15.976600, 6.905198> 0.250000
	pigment { color rgbt <1,0,0,0> }
	no_shadow
}
cylinder {
	<4.087392, 16.185600, 6.935702>,  <4.291205, 16.311001, 6.954005>, 0.100000
	pigment { color rgbt <1,0,0,0> }
	no_shadow
}
cylinder {
	<4.087392, 16.185600, 6.935702>,  <3.747703, 15.976600, 6.905198>, 0.100000
	pigment { color rgbt <1,0,0,0> }
	no_shadow
}

// particle -1
sphere {
	<4.087392, 16.185600, 6.935702> 0.100000
	pigment { color rgbt <1,0,0,0> }
	no_shadow
}
sphere {
	0, 1
	scale<0.080000,0.200000,0.300000>
	matrix <-0.441490, 0.781816, -0.440284,
		-0.289671, 0.340230, 0.894614,
		0.849221, 0.522501, 0.076261,
		4.342158, 16.342350, 6.958580>
	pigment { color rgbt <0,1,1,0> }
	no_shadow
}
cylinder {
	<3.581243, 16.724554, 7.005981>,  <3.747703, 15.976600, 6.905198>, 0.130000
	pigment { color rgbt <1,0,0,0> }
	no_shadow
}

// nucleotide -1

// particle -1
sphere {
	<3.581243, 16.724554, 7.005981> 0.250000
	pigment { color rgbt <1,0,0,0> }
	no_shadow
}
cylinder {
	<3.961652, 16.720755, 6.882393>,  <4.189898, 16.718475, 6.808240>, 0.100000
	pigment { color rgbt <1,0,0,0> }
	no_shadow
}
cylinder {
	<3.961652, 16.720755, 6.882393>,  <3.581243, 16.724554, 7.005981>, 0.100000
	pigment { color rgbt <1,0,0,0> }
	no_shadow
}

// particle -1
sphere {
	<3.961652, 16.720755, 6.882393> 0.100000
	pigment { color rgbt <1,0,0,0> }
	no_shadow
}
sphere {
	0, 1
	scale<0.080000,0.200000,0.300000>
	matrix <-0.173255, 0.811395, -0.558231,
		0.255999, 0.584421, 0.770010,
		0.951024, -0.009498, -0.308970,
		4.246960, 16.717905, 6.789702>
	pigment { color rgbt <0,1,1,0> }
	no_shadow
}
cylinder {
	<3.996414, 17.326281, 7.311809>,  <3.581243, 16.724554, 7.005981>, 0.130000
	pigment { color rgbt <1,0,0,0> }
	no_shadow
}

// nucleotide -1

// particle -1
sphere {
	<3.996414, 17.326281, 7.311809> 0.250000
	pigment { color rgbt <1,0,0,0> }
	no_shadow
}
cylinder {
	<4.129970, 17.192142, 6.959432>,  <4.210103, 17.111660, 6.748005>, 0.100000
	pigment { color rgbt <1,0,0,0> }
	no_shadow
}
cylinder {
	<4.129970, 17.192142, 6.959432>,  <3.996414, 17.326281, 7.311809>, 0.100000
	pigment { color rgbt <1,0,0,0> }
	no_shadow
}

// particle -1
sphere {
	<4.129970, 17.192142, 6.959432> 0.100000
	pigment { color rgbt <1,0,0,0> }
	no_shadow
}
sphere {
	0, 1
	scale<0.080000,0.200000,0.300000>
	matrix <-0.282704, 0.855928, -0.432972,
		0.899220, 0.393611, 0.190981,
		0.333888, -0.335346, -0.880943,
		4.230136, 17.091539, 6.695148>
	pigment { color rgbt <0,1,1,0> }
	no_shadow
}
cylinder {
	<4.139978, 17.898085, 6.962434>,  <3.996414, 17.326281, 7.311809>, 0.130000
	pigment { color rgbt <1,0,0,0> }
	no_shadow
}

// nucleotide -1

// particle -1
sphere {
	<4.139978, 17.898085, 6.962434> 0.250000
	pigment { color rgbt <1,0,0,0> }
	no_shadow
}
cylinder {
	<4.161341, 17.639021, 6.658412>,  <4.174159, 17.483583, 6.475998>, 0.100000
	pigment { color rgbt <1,0,0,0> }
	no_shadow
}
cylinder {
	<4.161341, 17.639021, 6.658412>,  <4.139978, 17.898085, 6.962434>, 0.100000
	pigment { color rgbt <1,0,0,0> }
	no_shadow
}

// particle -1
sphere {
	<4.161341, 17.639021, 6.658412> 0.100000
	pigment { color rgbt <1,0,0,0> }
	no_shadow
}
sphere {
	0, 1
	scale<0.080000,0.200000,0.300000>
	matrix <-0.257766, 0.726406, -0.637096,
		0.964730, 0.229942, -0.128149,
		0.053407, -0.647658, -0.760057,
		4.177363, 17.444723, 6.430395>
	pigment { color rgbt <0,1,1,0> }
	no_shadow
}
cylinder {
	<4.481927, 18.172571, 6.413485>,  <4.139978, 17.898085, 6.962434>, 0.130000
	pigment { color rgbt <1,0,0,0> }
	no_shadow
}

// nucleotide -1

// particle -1
sphere {
	<4.481927, 18.172571, 6.413485> 0.250000
	pigment { color rgbt <1,0,0,0> }
	no_shadow
}
cylinder {
	<4.258718, 17.892113, 6.235945>,  <4.124792, 17.723837, 6.129421>, 0.100000
	pigment { color rgbt <1,0,0,0> }
	no_shadow
}
cylinder {
	<4.258718, 17.892113, 6.235945>,  <4.481927, 18.172571, 6.413485>, 0.100000
	pigment { color rgbt <1,0,0,0> }
	no_shadow
}

// particle -1
sphere {
	<4.258718, 17.892113, 6.235945> 0.100000
	pigment { color rgbt <1,0,0,0> }
	no_shadow
}
sphere {
	0, 1
	scale<0.080000,0.200000,0.300000>
	matrix <-0.340381, 0.681202, -0.648154,
		0.756805, -0.210604, -0.618782,
		-0.558020, -0.701149, -0.443852,
		4.091311, 17.681768, 6.102790>
	pigment { color rgbt <0,1,1,0> }
	no_shadow
}
cylinder {
	<4.963425, 18.779356, 6.561375>,  <4.481927, 18.172571, 6.413485>, 0.130000
	pigment { color rgbt <1,0,0,0> }
	no_shadow
}

// nucleotide -1

// particle -1
sphere {
	<4.963425, 18.779356, 6.561375> 0.250000
	pigment { color rgbt <1,0,0,0> }
	no_shadow
}
cylinder {
	<5.349923, 18.682814, 6.525335>,  <5.581822, 18.624887, 6.503711>, 0.100000
	pigment { color rgbt <1,0,0,0> }
	no_shadow
}
cylinder {
	<5.349923, 18.682814, 6.525335>,  <4.963425, 18.779356, 6.561375>, 0.100000
	pigment { color rgbt <1,0,0,0> }
	no_shadow
}

// particle -1
sphere {
	<5.349923, 18.682814, 6.525335> 0.100000
	pigment { color rgbt <1,0,0,0> }
	no_shadow
}
sphere {
	0, 1
	scale<0.080000,0.200000,0.300000>
	matrix <0.006406, -0.327118, 0.944962,
		-0.257544, -0.913642, -0.314530,
		0.966245, -0.241355, -0.090100,
		5.639796, 18.610407, 6.498304>
	pigment { color rgbt <0,1,1,0> }
	no_shadow
}
cylinder {
	<5.026777, 18.060602, 6.847878>,  <4.963425, 18.779356, 6.561375>, 0.130000
	pigment { color rgbt <1,0,0,0> }
	no_shadow
}

// nucleotide -1

// particle -1
sphere {
	<5.026777, 18.060602, 6.847878> 0.250000
	pigment { color rgbt <1,0,0,0> }
	no_shadow
}
cylinder {
	<5.348744, 18.297026, 6.868883>,  <5.541924, 18.438879, 6.881485>, 0.100000
	pigment { color rgbt <1,0,0,0> }
	no_shadow
}
cylinder {
	<5.348744, 18.297026, 6.868883>,  <5.026777, 18.060602, 6.847878>, 0.100000
	pigment { color rgbt <1,0,0,0> }
	no_shadow
}

// particle -1
sphere {
	<5.348744, 18.297026, 6.868883> 0.100000
	pigment { color rgbt <1,0,0,0> }
	no_shadow
}
sphere {
	0, 1
	scale<0.080000,0.200000,0.300000>
	matrix <0.067069, -0.178550, 0.981642,
		0.589584, -0.786619, -0.183360,
		0.804918, 0.591058, 0.052513,
		5.590219, 18.474342, 6.884636>
	pigment { color rgbt <0,1,1,0> }
	no_shadow
}
cylinder {
	<5.609966, 17.750141, 7.146733>,  <5.026777, 18.060602, 6.847878>, 0.130000
	pigment { color rgbt <1,0,0,0> }
	no_shadow
}

// nucleotide -1

// particle -1
sphere {
	<5.609966, 17.750141, 7.146733> 0.250000
	pigment { color rgbt <1,0,0,0> }
	no_shadow
}
cylinder {
	<5.589558, 18.142515, 7.221745>,  <5.577312, 18.377939, 7.266753>, 0.100000
	pigment { color rgbt <1,0,0,0> }
	no_shadow
}
cylinder {
	<5.589558, 18.142515, 7.221745>,  <5.609966, 17.750141, 7.146733>, 0.100000
	pigment { color rgbt <1,0,0,0> }
	no_shadow
}

// particle -1
sphere {
	<5.589558, 18.142515, 7.221745> 0.100000
	pigment { color rgbt <1,0,0,0> }
	no_shadow
}
sphere {
	0, 1
	scale<0.080000,0.200000,0.300000>
	matrix <-0.064861, -0.190633, 0.979516,
		0.996589, 0.037812, 0.073350,
		-0.051021, 0.980933, 0.187530,
		5.574252, 18.436794, 7.278005>
	pigment { color rgbt <0,1,1,0> }
	no_shadow
}
cylinder {
	<6.117425, 17.882721, 7.635952>,  <5.609966, 17.750141, 7.146733>, 0.130000
	pigment { color rgbt <1,0,0,0> }
	no_shadow
}

// nucleotide -1

// particle -1
sphere {
	<6.117425, 17.882721, 7.635952> 0.250000
	pigment { color rgbt <1,0,0,0> }
	no_shadow
}
cylinder {
	<5.810503, 18.138985, 7.624645>,  <5.626350, 18.292744, 7.617862>, 0.100000
	pigment { color rgbt <1,0,0,0> }
	no_shadow
}
cylinder {
	<5.810503, 18.138985, 7.624645>,  <6.117425, 17.882721, 7.635952>, 0.100000
	pigment { color rgbt <1,0,0,0> }
	no_shadow
}

// particle -1
sphere {
	<5.810503, 18.138985, 7.624645> 0.100000
	pigment { color rgbt <1,0,0,0> }
	no_shadow
}
sphere {
	0, 1
	scale<0.080000,0.200000,0.300000>
	matrix <-0.124824, -0.105975, 0.986503,
		0.629018, 0.760476, 0.161284,
		-0.767304, 0.640660, -0.028266,
		5.580312, 18.331182, 7.616166>
	pigment { color rgbt <0,1,1,0> }
	no_shadow
}
cylinder {
	<6.173267, 18.520016, 7.992596>,  <6.117425, 17.882721, 7.635952>, 0.130000
	pigment { color rgbt <1,0,0,0> }
	no_shadow
}

// nucleotide -1

// particle -1
sphere {
	<6.173267, 18.520016, 7.992596> 0.250000
	pigment { color rgbt <1,0,0,0> }
	no_shadow
}
cylinder {
	<5.786178, 18.419893, 7.980849>,  <5.553925, 18.359819, 7.973801>, 0.100000
	pigment { color rgbt <1,0,0,0> }
	no_shadow
}
cylinder {
	<5.786178, 18.419893, 7.980849>,  <6.173267, 18.520016, 7.992596>, 0.100000
	pigment { color rgbt <1,0,0,0> }
	no_shadow
}

// particle -1
sphere {
	<5.786178, 18.419893, 7.980849> 0.100000
	pigment { color rgbt <1,0,0,0> }
	no_shadow
}
sphere {
	0, 1
	scale<0.080000,0.200000,0.300000>
	matrix <-0.018523, -0.045571, 0.998789,
		-0.251340, 0.967094, 0.039464,
		-0.967722, -0.250305, -0.029368,
		5.495862, 18.344801, 7.972039>
	pigment { color rgbt <0,1,1,0> }
	no_shadow
}
cylinder {
	<5.792432, 18.978424, 8.271019>,  <6.173267, 18.520016, 7.992596>, 0.130000
	pigment { color rgbt <1,0,0,0> }
	no_shadow
}

// nucleotide -1

// particle -1
sphere {
	<5.792432, 18.978424, 8.271019> 0.250000
	pigment { color rgbt <1,0,0,0> }
	no_shadow
}
cylinder {
	<5.617054, 18.628481, 8.353375>,  <5.511827, 18.418516, 8.402789>, 0.100000
	pigment { color rgbt <1,0,0,0> }
	no_shadow
}
cylinder {
	<5.617054, 18.628481, 8.353375>,  <5.792432, 18.978424, 8.271019>, 0.100000
	pigment { color rgbt <1,0,0,0> }
	no_shadow
}

// particle -1
sphere {
	<5.617054, 18.628481, 8.353375> 0.100000
	pigment { color rgbt <1,0,0,0> }
	no_shadow
}
sphere {
	0, 1
	scale<0.080000,0.200000,0.300000>
	matrix <0.048211, 0.205861, 0.977393,
		-0.897463, 0.438461, -0.048081,
		-0.438447, -0.874856, 0.205892,
		5.485519, 18.366024, 8.415143>
	pigment { color rgbt <0,1,1,0> }
	no_shadow
}
cylinder {
	<5.104929, 19.110434, 8.635149>,  <5.792432, 18.978424, 8.271019>, 0.130000
	pigment { color rgbt <1,0,0,0> }
	no_shadow
}

// nucleotide -1

// particle -1
sphere {
	<5.104929, 19.110434, 8.635149> 0.250000
	pigment { color rgbt <1,0,0,0> }
	no_shadow
}
cylinder {
	<4.921957, 19.230888, 8.969831>,  <4.812174, 19.303162, 9.170640>, 0.100000
	pigment { color rgbt <1,0,0,0> }
	no_shadow
}
cylinder {
	<4.921957, 19.230888, 8.969831>,  <5.104929, 19.110434, 8.635149>, 0.100000
	pigment { color rgbt <1,0,0,0> }
	no_shadow
}

// particle -1
sphere {
	<4.921957, 19.230888, 8.969831> 0.100000
	pigment { color rgbt <1,0,0,0> }
	no_shadow
}
sphere {
	0, 1
	scale<0.080000,0.200000,0.300000>
	matrix <0.684293, -0.481686, 0.547468,
		0.567892, 0.822979, 0.014271,
		-0.457429, 0.301137, 0.836705,
		4.784728, 19.321230, 9.220842>
	pigment { color rgbt <0,1,1,0> }
	no_shadow
}
cylinder {
	<5.583783, 19.288990, 9.098552>,  <5.104929, 19.110434, 8.635149>, 0.130000
	pigment { color rgbt <1,0,0,0> }
	no_shadow
}

// nucleotide -1

// particle -1
sphere {
	<5.583783, 19.288990, 9.098552> 0.250000
	pigment { color rgbt <1,0,0,0> }
	no_shadow
}
cylinder {
	<5.253163, 19.192997, 9.302208>,  <5.054791, 19.135401, 9.424401>, 0.100000
	pigment { color rgbt <1,0,0,0> }
	no_shadow
}
cylinder {
	<5.253163, 19.192997, 9.302208>,  <5.583783, 19.288990, 9.098552>, 0.100000
	pigment { color rgbt <1,0,0,0> }
	no_shadow
}

// particle -1
sphere {
	<5.253163, 19.192997, 9.302208> 0.100000
	pigment { color rgbt <1,0,0,0> }
	no_shadow
}
sphere {
	0, 1
	scale<0.080000,0.200000,0.300000>
	matrix <0.561605, -0.412101, 0.717476,
		0.037634, 0.878965, 0.475399,
		-0.826549, -0.239985, 0.509140,
		5.005198, 19.121002, 9.454950>
	pigment { color rgbt <0,1,1,0> }
	no_shadow
}
cylinder {
	<5.648352, 19.448681, 9.852081>,  <5.583783, 19.288990, 9.098552>, 0.130000
	pigment { color rgbt <1,0,0,0> }
	no_shadow
}

// nucleotide -1

// particle -1
sphere {
	<5.648352, 19.448681, 9.852081> 0.250000
	pigment { color rgbt <1,0,0,0> }
	no_shadow
}
cylinder {
	<5.360378, 19.176170, 9.799081>,  <5.187594, 19.012665, 9.767281>, 0.100000
	pigment { color rgbt <1,0,0,0> }
	no_shadow
}
cylinder {
	<5.360378, 19.176170, 9.799081>,  <5.648352, 19.448681, 9.852081>, 0.100000
	pigment { color rgbt <1,0,0,0> }
	no_shadow
}

// particle -1
sphere {
	<5.360378, 19.176170, 9.799081> 0.100000
	pigment { color rgbt <1,0,0,0> }
	no_shadow
}
sphere {
	0, 1
	scale<0.080000,0.200000,0.300000>
	matrix <0.482048, -0.628185, 0.610748,
		-0.499323, 0.375827, 0.780660,
		-0.719935, -0.681276, -0.132500,
		5.144398, 18.971788, 9.759331>
	pigment { color rgbt <0,1,1,0> }
	no_shadow
}
cylinder {
	<5.521708, 19.161770, 10.488489>,  <5.648352, 19.448681, 9.852081>, 0.130000
	pigment { color rgbt <1,0,0,0> }
	no_shadow
}

// nucleotide -1

// particle -1
sphere {
	<5.521708, 19.161770, 10.488489> 0.250000
	pigment { color rgbt <1,0,0,0> }
	no_shadow
}
cylinder {
	<5.393010, 18.890339, 10.224364>,  <5.315790, 18.727480, 10.065889>, 0.100000
	pigment { color rgbt <1,0,0,0> }
	no_shadow
}
cylinder {
	<5.393010, 18.890339, 10.224364>,  <5.521708, 19.161770, 10.488489>, 0.100000
	pigment { color rgbt <1,0,0,0> }
	no_shadow
}

// particle -1
sphere {
	<5.393010, 18.890339, 10.224364> 0.100000
	pigment { color rgbt <1,0,0,0> }
	no_shadow
}
sphere {
	0, 1
	scale<0.080000,0.200000,0.300000>
	matrix <0.386520, -0.730772, 0.562649,
		-0.864338, -0.074193, 0.497408,
		-0.321747, -0.678578, -0.660311,
		5.296485, 18.686766, 10.026271>
	pigment { color rgbt <0,1,1,0> }
	no_shadow
}
cylinder {
	<5.062721, 18.638937, 10.846871>,  <5.521708, 19.161770, 10.488489>, 0.130000
	pigment { color rgbt <1,0,0,0> }
	no_shadow
}

// nucleotide -1

// particle -1
sphere {
	<5.062721, 18.638937, 10.846871> 0.250000
	pigment { color rgbt <1,0,0,0> }
	no_shadow
}
cylinder {
	<5.186697, 18.455708, 10.513619>,  <5.261083, 18.345770, 10.313668>, 0.100000
	pigment { color rgbt <1,0,0,0> }
	no_shadow
}
cylinder {
	<5.186697, 18.455708, 10.513619>,  <5.062721, 18.638937, 10.846871>, 0.100000
	pigment { color rgbt <1,0,0,0> }
	no_shadow
}

// particle -1
sphere {
	<5.186697, 18.455708, 10.513619> 0.100000
	pigment { color rgbt <1,0,0,0> }
	no_shadow
}
sphere {
	0, 1
	scale<0.080000,0.200000,0.300000>
	matrix <0.367224, -0.750602, 0.549311,
		-0.876974, -0.476199, -0.064426,
		0.309940, -0.458073, -0.833130,
		5.279680, 18.318285, 10.263680>
	pigment { color rgbt <0,1,1,0> }
	no_shadow
}
cylinder {
	<4.887764, 17.940151, 10.916275>,  <5.062721, 18.638937, 10.846871>, 0.130000
	pigment { color rgbt <1,0,0,0> }
	no_shadow
}

// nucleotide -1

// particle -1
sphere {
	<4.887764, 17.940151, 10.916275> 0.250000
	pigment { color rgbt <1,0,0,0> }
	no_shadow
}
cylinder {
	<5.188857, 17.943306, 10.652963>,  <5.369512, 17.945200, 10.494975>, 0.100000
	pigment { color rgbt <1,0,0,0> }
	no_shadow
}
cylinder {
	<5.188857, 17.943306, 10.652963>,  <4.887764, 17.940151, 10.916275>, 0.100000
	pigment { color rgbt <1,0,0,0> }
	no_shadow
}

// particle -1
sphere {
	<5.188857, 17.943306, 10.652963> 0.100000
	pigment { color rgbt <1,0,0,0> }
	no_shadow
}
sphere {
	0, 1
	scale<0.080000,0.200000,0.300000>
	matrix <0.510826, -0.637753, 0.576479,
		-0.415273, -0.770200, -0.484087,
		0.752732, 0.007888, -0.658280,
		5.414676, 17.945673, 10.455479>
	pigment { color rgbt <0,1,1,0> }
	no_shadow
}
cylinder {
	<4.981368, 17.194853, 10.736296>,  <4.887764, 17.940151, 10.916275>, 0.130000
	pigment { color rgbt <1,0,0,0> }
	no_shadow
}

// nucleotide -1

// particle -1
sphere {
	<4.981368, 17.194853, 10.736296> 0.250000
	pigment { color rgbt <1,0,0,0> }
	no_shadow
}
cylinder {
	<5.308320, 17.414892, 10.667850>,  <5.504491, 17.546917, 10.626783>, 0.100000
	pigment { color rgbt <1,0,0,0> }
	no_shadow
}
cylinder {
	<5.308320, 17.414892, 10.667850>,  <4.981368, 17.194853, 10.736296>, 0.100000
	pigment { color rgbt <1,0,0,0> }
	no_shadow
}

// particle -1
sphere {
	<5.308320, 17.414892, 10.667850> 0.100000
	pigment { color rgbt <1,0,0,0> }
	no_shadow
}
sphere {
	0, 1
	scale<0.080000,0.200000,0.300000>
	matrix <0.576048, -0.776480, 0.255437,
		0.007651, -0.307358, -0.951563,
		0.817380, 0.550100, -0.171112,
		5.553534, 17.579922, 10.616517>
	pigment { color rgbt <0,1,1,0> }
	no_shadow
}
cylinder {
	<5.437729, 16.739489, 10.417586>,  <4.981368, 17.194853, 10.736296>, 0.130000
	pigment { color rgbt <1,0,0,0> }
	no_shadow
}

// nucleotide -1

// particle -1
sphere {
	<5.437729, 16.739489, 10.417586> 0.250000
	pigment { color rgbt <1,0,0,0> }
	no_shadow
}
cylinder {
	<5.672954, 17.026752, 10.566410>,  <5.814089, 17.199110, 10.655704>, 0.100000
	pigment { color rgbt <1,0,0,0> }
	no_shadow
}
cylinder {
	<5.672954, 17.026752, 10.566410>,  <5.437729, 16.739489, 10.417586>, 0.100000
	pigment { color rgbt <1,0,0,0> }
	no_shadow
}

// particle -1
sphere {
	<5.672954, 17.026752, 10.566410> 0.100000
	pigment { color rgbt <1,0,0,0> }
	no_shadow
}
sphere {
	0, 1
	scale<0.080000,0.200000,0.300000>
	matrix <0.467655, -0.677223, 0.568039,
		0.659909, -0.160048, -0.734101,
		0.588064, 0.718160, 0.372059,
		5.849373, 17.242201, 10.678028>
	pigment { color rgbt <0,1,1,0> }
	no_shadow
}
cylinder {
	<6.011533, 16.384447, 10.564062>,  <5.437729, 16.739489, 10.417586>, 0.130000
	pigment { color rgbt <1,0,0,0> }
	no_shadow
}

// nucleotide -1

// particle -1
sphere {
	<6.011533, 16.384447, 10.564062> 0.250000
	pigment { color rgbt <1,0,0,0> }
	no_shadow
}
cylinder {
	<6.107289, 16.734926, 10.731378>,  <6.164742, 16.945213, 10.831767>, 0.100000
	pigment { color rgbt <1,0,0,0> }
	no_shadow
}
cylinder {
	<6.107289, 16.734926, 10.731378>,  <6.011533, 16.384447, 10.564062>, 0.100000
	pigment { color rgbt <1,0,0,0> }
	no_shadow
}

// particle -1
sphere {
	<6.107289, 16.734926, 10.731378> 0.100000
	pigment { color rgbt <1,0,0,0> }
	no_shadow
}
sphere {
	0, 1
	scale<0.080000,0.200000,0.300000>
	matrix <0.731507, -0.446045, 0.515694,
		0.638427, 0.182530, -0.747725,
		0.239390, 0.876200, 0.418290,
		6.179106, 16.997786, 10.856864>
	pigment { color rgbt <0,1,1,0> }
	no_shadow
}
cylinder {
	<6.739835, 16.510084, 10.598196>,  <6.011533, 16.384447, 10.564062>, 0.130000
	pigment { color rgbt <1,0,0,0> }
	no_shadow
}

// nucleotide -1

// particle -1
sphere {
	<6.739835, 16.510084, 10.598196> 0.250000
	pigment { color rgbt <1,0,0,0> }
	no_shadow
}
cylinder {
	<6.611933, 16.745453, 10.895253>,  <6.535191, 16.886673, 11.073487>, 0.100000
	pigment { color rgbt <1,0,0,0> }
	no_shadow
}
cylinder {
