// switches for output
#declare DRAW_BASES = 1; // possible values are 0, 1; only relevant for DNA ribbons
#declare DRAW_BASES_TYPE = 3; // possible values are 1, 2, 3; only relevant for DNA ribbons
#declare DRAW_FOG = 0; // set to 1 to enable fog

#include "colors.inc"

#include "transforms.inc"
background { rgb <1, 1, 1>}

#default {
   normal{
       ripples 0.25
       frequency 0.20
       turbulence 0.2
       lambda 5
   }
	finish {
		phong 0.1
		phong_size 40.
	}
}

// original window dimensions: 1024x640


// camera settings

camera {
	sky <0, 0.179814, -0.983701>
	up <0, 0.179814, -0.983701>
	right 1.6 * <1, 0, 0>
	location <25.469, 94.9851, 44.8844>
	look_at <25.469, 29.3977, 32.8955>
	direction <0, -65.5874, -11.9889>
	angle 67.0682
}


# declare cpy_camera_pos = <25.469, 94.9851, 44.8844>;
# if (DRAW_FOG = 1)
fog {
	fog_type 2
	up vnormalize(cpy_camera_pos)
	color rgbt<1,1,1,0.3>
	distance 1e-5
	fog_alt 3e-3
	fog_offset 28
}
# end


// LIGHTS

# declare lum = 6;
global_settings {
	ambient_light rgb lum * <0.05, 0.05, 0.05>
	max_trace_level 15
}# declare cpy_direct_light_amount = 0.25;
light_source
{	1000 * <-1, -1.16351, -0.803887>,
	rgb lum * cpy_direct_light_amount
	parallel
}

light_source
{	1000 * <1, 1.16351, 0.803887>,
	rgb lum * cpy_direct_light_amount
	parallel
}

// strand 0

// nucleotide -1

// particle -1
sphere {
	<4.774878, 15.079329, 15.172366> 0.250000
	pigment { color rgbt <1,0,0,0> }
	no_shadow
}
cylinder {
	<4.379164, 15.124147, 15.134925>,  <4.141736, 15.151038, 15.112460>, 0.100000
	pigment { color rgbt <1,0,0,0> }
	no_shadow
}
cylinder {
	<4.379164, 15.124147, 15.134925>,  <4.774878, 15.079329, 15.172366>, 0.100000
	pigment { color rgbt <1,0,0,0> }
	no_shadow
}

// particle -1
sphere {
	<4.379164, 15.124147, 15.134925> 0.100000
	pigment { color rgbt <1,0,0,0> }
	no_shadow
}
sphere {
	0, 1
	scale<0.080000,0.200000,0.300000>
	matrix <0.146000, 0.757969, -0.635741,
		-0.000284, -0.642595, -0.766206,
		-0.989285, 0.112047, -0.093603,
		4.082378, 15.157762, 15.106844>
	pigment { color rgbt <0,1,1,0> }
	no_shadow
}
cylinder {
	<4.490084, 14.902088, 14.505681>,  <4.774878, 15.079329, 15.172366>, 0.130000
	pigment { color rgbt <1,0,0,0> }
	no_shadow
}

// nucleotide -1

// particle -1
sphere {
	<4.490084, 14.902088, 14.505681> 0.250000
	pigment { color rgbt <1,0,0,0> }
	no_shadow
}
cylinder {
	<4.332731, 15.216468, 14.696483>,  <4.238319, 15.405096, 14.810964>, 0.100000
	pigment { color rgbt <1,0,0,0> }
	no_shadow
}
cylinder {
	<4.332731, 15.216468, 14.696483>,  <4.490084, 14.902088, 14.505681>, 0.100000
	pigment { color rgbt <1,0,0,0> }
	no_shadow
}

// particle -1
sphere {
	<4.332731, 15.216468, 14.696483> 0.100000
	pigment { color rgbt <1,0,0,0> }
	no_shadow
}
sphere {
	0, 1
	scale<0.080000,0.200000,0.300000>
	matrix <0.330056, 0.604978, -0.724614,
		-0.858087, -0.127613, -0.497395,
		-0.393383, 0.785950, 0.477004,
		4.214716, 15.452252, 14.839584>
	pigment { color rgbt <0,1,1,0> }
	no_shadow
}
cylinder {
	<3.919367, 15.110975, 14.119778>,  <4.490084, 14.902088, 14.505681>, 0.130000
	pigment { color rgbt <1,0,0,0> }
	no_shadow
}

// nucleotide -1

// particle -1
sphere {
	<3.919367, 15.110975, 14.119778> 0.250000
	pigment { color rgbt <1,0,0,0> }
	no_shadow
}
cylinder {
	<4.096055, 15.408022, 14.321135>,  <4.202068, 15.586249, 14.441949>, 0.100000
	pigment { color rgbt <1,0,0,0> }
	no_shadow
}
cylinder {
	<4.096055, 15.408022, 14.321135>,  <3.919367, 15.110975, 14.119778>, 0.100000
	pigment { color rgbt <1,0,0,0> }
	no_shadow
}

// particle -1
sphere {
	<4.096055, 15.408022, 14.321135> 0.100000
	pigment { color rgbt <1,0,0,0> }
	no_shadow
}
sphere {
	0, 1
	scale<0.080000,0.200000,0.300000>
	matrix <0.018476, 0.553451, -0.832676,
		-0.896962, 0.377112, 0.230751,
		0.441721, 0.742616, 0.503392,
		4.228571, 15.630807, 14.472153>
	pigment { color rgbt <0,1,1,0> }
	no_shadow
}
cylinder {
	<3.676254, 15.826704, 13.893489>,  <3.919367, 15.110975, 14.119778>, 0.130000
	pigment { color rgbt <1,0,0,0> }
	no_shadow
}

// nucleotide -1

// particle -1
sphere {
	<3.676254, 15.826704, 13.893489> 0.250000
	pigment { color rgbt <1,0,0,0> }
	no_shadow
}
cylinder {
	<4.038322, 15.871559, 14.057486>,  <4.255562, 15.898473, 14.155884>, 0.100000
	pigment { color rgbt <1,0,0,0> }
	no_shadow
}
cylinder {
	<4.038322, 15.871559, 14.057486>,  <3.676254, 15.826704, 13.893489>, 0.100000
	pigment { color rgbt <1,0,0,0> }
	no_shadow
}

// particle -1
sphere {
	<4.038322, 15.871559, 14.057486> 0.100000
	pigment { color rgbt <1,0,0,0> }
	no_shadow
}
sphere {
	0, 1
	scale<0.080000,0.200000,0.300000>
	matrix <0.213892, 0.713376, -0.667342,
		-0.367314, 0.691751, 0.621740,
		0.905169, 0.112139, 0.409993,
		4.309873, 15.905201, 14.180484>
	pigment { color rgbt <0,1,1,0> }
	no_shadow
}
cylinder {
	<3.911068, 16.593012, 14.006607>,  <3.676254, 15.826704, 13.893489>, 0.130000
	pigment { color rgbt <1,0,0,0> }
	no_shadow
}

// nucleotide -1

// particle -1
sphere {
	<3.911068, 16.593012, 14.006607> 0.250000
	pigment { color rgbt <1,0,0,0> }
	no_shadow
}
cylinder {
	<4.243508, 16.370586, 14.003364>,  <4.442972, 16.237131, 14.001417>, 0.100000
	pigment { color rgbt <1,0,0,0> }
	no_shadow
}
cylinder {
	<4.243508, 16.370586, 14.003364>,  <3.911068, 16.593012, 14.006607>, 0.100000
	pigment { color rgbt <1,0,0,0> }
	no_shadow
}

// particle -1
sphere {
	<4.243508, 16.370586, 14.003364> 0.100000
	pigment { color rgbt <1,0,0,0> }
	no_shadow
}
sphere {
	0, 1
	scale<0.080000,0.200000,0.300000>
	matrix <0.406137, 0.616847, -0.674205,
		0.379905, 0.557037, 0.738500,
		0.831099, -0.556066, -0.008109,
		4.492837, 16.203766, 14.000931>
	pigment { color rgbt <0,1,1,0> }
	no_shadow
}
cylinder {
	<4.415945, 17.043287, 13.824992>,  <3.911068, 16.593012, 14.006607>, 0.130000
	pigment { color rgbt <1,0,0,0> }
	no_shadow
}

// nucleotide -1

// particle -1
sphere {
	<4.415945, 17.043287, 13.824992> 0.250000
	pigment { color rgbt <1,0,0,0> }
	no_shadow
}
cylinder {
	<4.630076, 16.707472, 13.787901>,  <4.758555, 16.505983, 13.765646>, 0.100000
	pigment { color rgbt <1,0,0,0> }
	no_shadow
}
cylinder {
	<4.630076, 16.707472, 13.787901>,  <4.415945, 17.043287, 13.824992>, 0.100000
	pigment { color rgbt <1,0,0,0> }
	no_shadow
}

// particle -1
sphere {
	<4.630076, 16.707472, 13.787901> 0.100000
	pigment { color rgbt <1,0,0,0> }
	no_shadow
}
sphere {
	0, 1
	scale<0.080000,0.200000,0.300000>
	matrix <0.541181, 0.425212, -0.725478,
		0.648496, 0.338186, 0.681970,
		0.535329, -0.839539, -0.092728,
		4.790675, 16.455610, 13.760082>
	pigment { color rgbt <0,1,1,0> }
	no_shadow
}
cylinder {
	<5.089902, 17.229347, 13.796692>,  <4.415945, 17.043287, 13.824992>, 0.130000
	pigment { color rgbt <1,0,0,0> }
	no_shadow
}

// nucleotide -1

// particle -1
sphere {
	<5.089902, 17.229347, 13.796692> 0.250000
	pigment { color rgbt <1,0,0,0> }
	no_shadow
}
cylinder {
	<5.067590, 16.872578, 13.617199>,  <5.054203, 16.658516, 13.509503>, 0.100000
	pigment { color rgbt <1,0,0,0> }
	no_shadow
}
cylinder {
	<5.067590, 16.872578, 13.617199>,  <5.089902, 17.229347, 13.796692>, 0.100000
	pigment { color rgbt <1,0,0,0> }
	no_shadow
}

// particle -1
sphere {
	<5.067590, 16.872578, 13.617199> 0.100000
	pigment { color rgbt <1,0,0,0> }
	no_shadow
}
sphere {
	0, 1
	scale<0.080000,0.200000,0.300000>
	matrix <0.451627, 0.378286, -0.808042,
		0.890461, -0.247732, 0.381717,
		-0.055780, -0.891924, -0.448732,
		5.050856, 16.605000, 13.482579>
	pigment { color rgbt <0,1,1,0> }
	no_shadow
}
cylinder {
	<5.718184, 17.124943, 13.451114>,  <5.089902, 17.229347, 13.796692>, 0.130000
	pigment { color rgbt <1,0,0,0> }
	no_shadow
}

// nucleotide -1

// particle -1
sphere {
	<5.718184, 17.124943, 13.451114> 0.250000
	pigment { color rgbt <1,0,0,0> }
	no_shadow
}
cylinder {
	<5.474160, 16.877747, 13.252754>,  <5.327745, 16.729429, 13.133739>, 0.100000
	pigment { color rgbt <1,0,0,0> }
	no_shadow
}
cylinder {
	<5.474160, 16.877747, 13.252754>,  <5.718184, 17.124943, 13.451114>, 0.100000
	pigment { color rgbt <1,0,0,0> }
	no_shadow
}

// particle -1
sphere {
	<5.474160, 16.877747, 13.252754> 0.100000
	pigment { color rgbt <1,0,0,0> }
	no_shadow
}
sphere {
	0, 1
	scale<0.080000,0.200000,0.300000>
	matrix <0.354902, 0.346444, -0.868344,
		0.708428, -0.705738, 0.007974,
		-0.610061, -0.617989, -0.495899,
		5.291142, 16.692350, 13.103985>
	pigment { color rgbt <0,1,1,0> }
	no_shadow
}
cylinder {
	<6.200044, 16.697407, 12.956915>,  <5.718184, 17.124943, 13.451114>, 0.130000
	pigment { color rgbt <1,0,0,0> }
	no_shadow
}

// nucleotide -1

// particle -1
sphere {
	<6.200044, 16.697407, 12.956915> 0.250000
	pigment { color rgbt <1,0,0,0> }
	no_shadow
}
cylinder {
	<5.819025, 16.701376, 12.835226>,  <5.590413, 16.703756, 12.762213>, 0.100000
	pigment { color rgbt <1,0,0,0> }
	no_shadow
}
cylinder {
	<5.819025, 16.701376, 12.835226>,  <6.200044, 16.697407, 12.956915>, 0.100000
	pigment { color rgbt <1,0,0,0> }
	no_shadow
}

// particle -1
sphere {
	<5.819025, 16.701376, 12.835226> 0.100000
	pigment { color rgbt <1,0,0,0> }
	no_shadow
}
sphere {
	0, 1
	scale<0.080000,0.200000,0.300000>
	matrix <0.294817, 0.278688, -0.914011,
		0.075713, -0.960330, -0.268390,
		-0.952550, 0.009923, -0.304222,
		5.533260, 16.704353, 12.743959>
	pigment { color rgbt <0,1,1,0> }
	no_shadow
}
cylinder {
	<6.324853, 16.579550, 12.231091>,  <6.200044, 16.697407, 12.956915>, 0.130000
	pigment { color rgbt <1,0,0,0> }
	no_shadow
}

// nucleotide -1

// particle -1
sphere {
	<6.324853, 16.579550, 12.231091> 0.250000
	pigment { color rgbt <1,0,0,0> }
	no_shadow
}
cylinder {
	<5.939500, 16.686094, 12.243391>,  <5.708289, 16.750021, 12.250772>, 0.100000
	pigment { color rgbt <1,0,0,0> }
	no_shadow
}
cylinder {
	<5.939500, 16.686094, 12.243391>,  <6.324853, 16.579550, 12.231091>, 0.100000
	pigment { color rgbt <1,0,0,0> }
	no_shadow
}

// particle -1
sphere {
	<5.939500, 16.686094, 12.243391> 0.100000
	pigment { color rgbt <1,0,0,0> }
	no_shadow
}
sphere {
	0, 1
	scale<0.080000,0.200000,0.300000>
	matrix <0.049686, 0.290048, -0.955721,
		-0.263486, -0.919197, -0.292662,
		-0.963382, 0.266361, 0.030752,
		5.650486, 16.766003, 12.252617>
	pigment { color rgbt <0,1,1,0> }
	no_shadow
}
cylinder {
	<5.924916, 16.248989, 11.606469>,  <6.324853, 16.579550, 12.231091>, 0.130000
	pigment { color rgbt <1,0,0,0> }
	no_shadow
}

// nucleotide -1

// particle -1
sphere {
	<5.924916, 16.248989, 11.606469> 0.250000
	pigment { color rgbt <1,0,0,0> }
	no_shadow
}
cylinder {
	<5.720063, 16.575459, 11.713485>,  <5.597150, 16.771341, 11.777695>, 0.100000
	pigment { color rgbt <1,0,0,0> }
	no_shadow
}
cylinder {
	<5.720063, 16.575459, 11.713485>,  <5.924916, 16.248989, 11.606469>, 0.100000
	pigment { color rgbt <1,0,0,0> }
	no_shadow
}

// particle -1
sphere {
	<5.720063, 16.575459, 11.713485> 0.100000
	pigment { color rgbt <1,0,0,0> }
	no_shadow
}
sphere {
	0, 1
	scale<0.080000,0.200000,0.300000>
	matrix <0.051022, 0.339848, -0.939095,
		-0.857388, -0.467293, -0.215690,
		-0.512134, 0.816174, 0.267540,
		5.566422, 16.820311, 11.793747>
	pigment { color rgbt <0,1,1,0> }
	no_shadow
}
cylinder {
	<5.468639, 16.337553, 11.022264>,  <5.924916, 16.248989, 11.606469>, 0.130000
	pigment { color rgbt <1,0,0,0> }
	no_shadow
}

// nucleotide -1

// particle -1
sphere {
	<5.468639, 16.337553, 11.022264> 0.250000
	pigment { color rgbt <1,0,0,0> }
	no_shadow
}
cylinder {
	<5.499326, 16.685343, 11.217457>,  <5.517738, 16.894016, 11.334573>, 0.100000
	pigment { color rgbt <1,0,0,0> }
	no_shadow
}
cylinder {
	<5.499326, 16.685343, 11.217457>,  <5.468639, 16.337553, 11.022264>, 0.100000
	pigment { color rgbt <1,0,0,0> }
	no_shadow
}

// particle -1
sphere {
	<5.499326, 16.685343, 11.217457> 0.100000
	pigment { color rgbt <1,0,0,0> }
	no_shadow
}
sphere {
	0, 1
	scale<0.080000,0.200000,0.300000>
	matrix <0.277925, 0.451379, -0.847947,
		-0.957534, 0.200675, -0.207020,
		0.076717, 0.869475, 0.487984,
		5.522341, 16.946186, 11.363852>
	pigment { color rgbt <0,1,1,0> }
	no_shadow
}
cylinder {
	<5.160601, 16.875645, 10.491508>,  <5.468639, 16.337553, 11.022264>, 0.130000
	pigment { color rgbt <1,0,0,0> }
	no_shadow
}

// nucleotide -1

// particle -1
sphere {
	<5.160601, 16.875645, 10.491508> 0.250000
	pigment { color rgbt <1,0,0,0> }
	no_shadow
}
cylinder {
	<5.341868, 17.101549, 10.767386>,  <5.450628, 17.237093, 10.932914>, 0.100000
	pigment { color rgbt <1,0,0,0> }
	no_shadow
}
cylinder {
	<5.341868, 17.101549, 10.767386>,  <5.160601, 16.875645, 10.491508>, 0.100000
	pigment { color rgbt <1,0,0,0> }
	no_shadow
}

// particle -1
sphere {
	<5.341868, 17.101549, 10.767386> 0.100000
	pigment { color rgbt <1,0,0,0> }
	no_shadow
}
sphere {
	0, 1
	scale<0.080000,0.200000,0.300000>
	matrix <0.344097, 0.602912, -0.719788,
		-0.822336, 0.563507, 0.078886,
		0.453167, 0.564763, 0.689697,
		5.477818, 17.270979, 10.974296>
	pigment { color rgbt <0,1,1,0> }
	no_shadow
}
cylinder {
	<5.038649, 17.609303, 10.323090>,  <5.160601, 16.875645, 10.491508>, 0.130000
	pigment { color rgbt <1,0,0,0> }
	no_shadow
}

// nucleotide -1

// particle -1
sphere {
	<5.038649, 17.609303, 10.323090> 0.250000
	pigment { color rgbt <1,0,0,0> }
	no_shadow
}
cylinder {
	<5.364395, 17.616823, 10.555109>,  <5.559842, 17.621336, 10.694321>, 0.100000
	pigment { color rgbt <1,0,0,0> }
	no_shadow
}
cylinder {
	<5.364395, 17.616823, 10.555109>,  <5.038649, 17.609303, 10.323090>, 0.100000
	pigment { color rgbt <1,0,0,0> }
	no_shadow
}

// particle -1
sphere {
	<5.364395, 17.616823, 10.555109> 0.100000
	pigment { color rgbt <1,0,0,0> }
	no_shadow
}
sphere {
	0, 1
	scale<0.080000,0.200000,0.300000>
	matrix <0.451435, 0.607584, -0.653489,
		-0.364715, 0.794033, 0.486308,
		0.814364, 0.018801, 0.580049,
		5.608704, 17.622463, 10.729124>
	pigment { color rgbt <0,1,1,0> }
	no_shadow
}
cylinder {
	<5.312217, 18.328423, 10.196226>,  <5.038649, 17.609303, 10.323090>, 0.130000
	pigment { color rgbt <1,0,0,0> }
	no_shadow
}

// nucleotide -1

// particle -1
sphere {
	<5.312217, 18.328423, 10.196226> 0.250000
	pigment { color rgbt <1,0,0,0> }
	no_shadow
}
cylinder {
	<5.615232, 18.131969, 10.368237>,  <5.797041, 18.014097, 10.471444>, 0.100000
	pigment { color rgbt <1,0,0,0> }
	no_shadow
}
cylinder {
	<5.615232, 18.131969, 10.368237>,  <5.312217, 18.328423, 10.196226>, 0.100000
	pigment { color rgbt <1,0,0,0> }
	no_shadow
}

// particle -1
sphere {
	<5.615232, 18.131969, 10.368237> 0.100000
	pigment { color rgbt <1,0,0,0> }
	no_shadow
}
sphere {
	0, 1
	scale<0.080000,0.200000,0.300000>
	matrix <0.652141, 0.598777, -0.464950,
		-0.029138, 0.632656, 0.773885,
		0.757538, -0.491134, 0.430028,
		5.842494, 17.984629, 10.497246>
	pigment { color rgbt <0,1,1,0> }
	no_shadow
}
cylinder {
	<5.652271, 18.809732, 10.504229>,  <5.312217, 18.328423, 10.196226>, 0.130000
	pigment { color rgbt <1,0,0,0> }
	no_shadow
}

// nucleotide -1

// particle -1
sphere {
	<5.652271, 18.809732, 10.504229> 0.250000
	pigment { color rgbt <1,0,0,0> }
	no_shadow
}
cylinder {
	<5.873079, 18.492630, 10.400837>,  <6.005564, 18.302368, 10.338802>, 0.100000
	pigment { color rgbt <1,0,0,0> }
	no_shadow
}
cylinder {
	<5.873079, 18.492630, 10.400837>,  <5.652271, 18.809732, 10.504229>, 0.100000
	pigment { color rgbt <1,0,0,0> }
	no_shadow
}

// particle -1
sphere {
	<5.873079, 18.492630, 10.400837> 0.100000
	pigment { color rgbt <1,0,0,0> }
	no_shadow
}
sphere {
	0, 1
	scale<0.080000,0.200000,0.300000>
	matrix <0.625264, 0.598637, -0.500678,
		0.551651, 0.114766, 0.826141,
		0.552020, -0.792756, -0.258479,
		6.038685, 18.254803, 10.323293>
	pigment { color rgbt <0,1,1,0> }
	no_shadow
}
cylinder {
	<6.334960, 19.012482, 10.492875>,  <5.652271, 18.809732, 10.504229>, 0.130000
	pigment { color rgbt <1,0,0,0> }
	no_shadow
}

// nucleotide -1

// particle -1
sphere {
	<6.334960, 19.012482, 10.492875> 0.250000
	pigment { color rgbt <1,0,0,0> }
	no_shadow
}
cylinder {
	<6.362613, 18.688900, 10.259358>,  <6.379205, 18.494751, 10.119248>, 0.100000
	pigment { color rgbt <1,0,0,0> }
	no_shadow
}
cylinder {
	<6.362613, 18.688900, 10.259358>,  <6.334960, 19.012482, 10.492875>, 0.100000
	pigment { color rgbt <1,0,0,0> }
	no_shadow
}

// particle -1
sphere {
	<6.362613, 18.688900, 10.259358> 0.100000
	pigment { color rgbt <1,0,0,0> }
	no_shadow
}
sphere {
	0, 1
	scale<0.080000,0.200000,0.300000>
	matrix <0.607106, 0.498469, -0.618830,
		0.791608, -0.311641, 0.525582,
		0.069133, -0.808955, -0.583791,
		6.383353, 18.446213, 10.084221>
	pigment { color rgbt <0,1,1,0> }
	no_shadow
}
cylinder {
	<6.895351, 19.207836, 10.193256>,  <6.334960, 19.012482, 10.492875>, 0.130000
	pigment { color rgbt <1,0,0,0> }
	no_shadow
}

// nucleotide -1

// particle -1
sphere {
	<6.895351, 19.207836, 10.193256> 0.250000
	pigment { color rgbt <1,0,0,0> }
	no_shadow
}
cylinder {
	<6.776449, 18.879585, 9.998031>,  <6.705107, 18.682634, 9.880895>, 0.100000
	pigment { color rgbt <1,0,0,0> }
	no_shadow
}
cylinder {
	<6.776449, 18.879585, 9.998031>,  <6.895351, 19.207836, 10.193256>, 0.100000
	pigment { color rgbt <1,0,0,0> }
	no_shadow
}

// particle -1
sphere {
	<6.776449, 18.879585, 9.998031> 0.100000
	pigment { color rgbt <1,0,0,0> }
	no_shadow
}
sphere {
	0, 1
	scale<0.080000,0.200000,0.300000>
	matrix <0.643712, 0.205286, -0.737220,
		0.705176, -0.533317, 0.467225,
		-0.297257, -0.820628, -0.488065,
		6.687272, 18.633396, 9.851611>
	pigment { color rgbt <0,1,1,0> }
	no_shadow
}
cylinder {
	<7.505925, 18.775265, 10.076652>,  <6.895351, 19.207836, 10.193256>, 0.130000
	pigment { color rgbt <1,0,0,0> }
	no_shadow
}

// nucleotide -1

// particle -1
sphere {
	<7.505925, 18.775265, 10.076652> 0.250000
	pigment { color rgbt <1,0,0,0> }
	no_shadow
}
cylinder {
	<7.202902, 18.706060, 9.824883>,  <7.021088, 18.664537, 9.673820>, 0.100000
	pigment { color rgbt <1,0,0,0> }
	no_shadow
}
cylinder {
	<7.202902, 18.706060, 9.824883>,  <7.505925, 18.775265, 10.076652>, 0.100000
	pigment { color rgbt <1,0,0,0> }
	no_shadow
}

// particle -1
sphere {
	<7.202902, 18.706060, 9.824883> 0.100000
	pigment { color rgbt <1,0,0,0> }
	no_shadow
}
sphere {
	0, 1
	scale<0.080000,0.200000,0.300000>
	matrix <0.502980, 0.459891, -0.731786,
		0.416073, -0.870957, -0.261373,
		-0.757558, -0.173011, -0.629423,
		6.975635, 18.654156, 9.636055>
	pigment { color rgbt <0,1,1,0> }
	no_shadow
}
cylinder {
	<7.810557, 18.476139, 9.463671>,  <7.505925, 18.775265, 10.076652>, 0.130000
	pigment { color rgbt <1,0,0,0> }
	no_shadow
}

// nucleotide -1

// particle -1
sphere {
	<7.810557, 18.476139, 9.463671> 0.250000
	pigment { color rgbt <1,0,0,0> }
	no_shadow
}
cylinder {
	<7.447434, 18.605057, 9.356331>,  <7.229560, 18.682407, 9.291927>, 0.100000
	pigment { color rgbt <1,0,0,0> }
	no_shadow
}
cylinder {
	<7.447434, 18.605057, 9.356331>,  <7.810557, 18.476139, 9.463671>, 0.100000
	pigment { color rgbt <1,0,0,0> }
	no_shadow
}

// particle -1
sphere {
	<7.447434, 18.605057, 9.356331> 0.100000
	pigment { color rgbt <1,0,0,0> }
	no_shadow
}
sphere {
	0, 1
	scale<0.080000,0.200000,0.300000>
	matrix <0.398098, 0.460956, -0.793119,
		-0.131920, -0.826829, -0.546765,
		-0.907808, 0.322294, -0.268349,
		7.175092, 18.701744, 9.275826>
	pigment { color rgbt <0,1,1,0> }
	no_shadow
}
cylinder {
	<7.815354, 18.383320, 8.760230>,  <7.810557, 18.476139, 9.463671>, 0.130000
	pigment { color rgbt <1,0,0,0> }
	no_shadow
}

// nucleotide -1

// particle -1
sphere {
	<7.815354, 18.383320, 8.760230> 0.250000
	pigment { color rgbt <1,0,0,0> }
	no_shadow
}
cylinder {
	<7.525784, 18.652138, 8.822577>,  <7.352043, 18.813429, 8.859984>, 0.100000
	pigment { color rgbt <1,0,0,0> }
	no_shadow
}
cylinder {
	<7.525784, 18.652138, 8.822577>,  <7.815354, 18.383320, 8.760230>, 0.100000
	pigment { color rgbt <1,0,0,0> }
	no_shadow
}

// particle -1
sphere {
	<7.525784, 18.652138, 8.822577> 0.100000
	pigment { color rgbt <1,0,0,0> }
	no_shadow
}
sphere {
	0, 1
	scale<0.080000,0.200000,0.300000>
	matrix <0.379307, 0.576451, -0.723762,
		-0.576248, -0.464826, -0.672216,
		-0.723923, 0.672043, 0.155867,
		7.308608, 18.853750, 8.869336>
	pigment { color rgbt <0,1,1,0> }
	no_shadow
}
cylinder {
	<7.532367, 18.526190, 8.140328>,  <7.815354, 18.383320, 8.760230>, 0.130000
	pigment { color rgbt <1,0,0,0> }
	no_shadow
}

// nucleotide -1

// particle -1
sphere {
	<7.532367, 18.526190, 8.140328> 0.250000
	pigment { color rgbt <1,0,0,0> }
	no_shadow
}
cylinder {
	<7.414008, 18.845600, 8.350015>,  <7.342993, 19.037247, 8.475826>, 0.100000
	pigment { color rgbt <1,0,0,0> }
	no_shadow
}
cylinder {
	<7.414008, 18.845600, 8.350015>,  <7.532367, 18.526190, 8.140328>, 0.100000
	pigment { color rgbt <1,0,0,0> }
	no_shadow
}

// particle -1
sphere {
	<7.414008, 18.845600, 8.350015> 0.100000
	pigment { color rgbt <1,0,0,0> }
	no_shadow
}
sphere {
	0, 1
	scale<0.080000,0.200000,0.300000>
	matrix <0.428355, 0.601441, -0.674374,
		-0.853790, 0.025005, -0.520017,
		-0.295897, 0.798526, 0.524215,
		7.325239, 19.085157, 8.507279>
	pigment { color rgbt <0,1,1,0> }
	no_shadow
}
cylinder {
	<7.165212, 18.979467, 7.683913>,  <7.532367, 18.526190, 8.140328>, 0.130000
	pigment { color rgbt <1,0,0,0> }
	no_shadow
}

// nucleotide -1

// particle -1
sphere {
	<7.165212, 18.979467, 7.683913> 0.250000
	pigment { color rgbt <1,0,0,0> }
	no_shadow
}
cylinder {
	<7.297093, 19.196524, 7.992934>,  <7.376223, 19.326757, 8.178346>, 0.100000
	pigment { color rgbt <1,0,0,0> }
	no_shadow
}
cylinder {
	<7.297093, 19.196524, 7.992934>,  <7.165212, 18.979467, 7.683913>, 0.100000
	pigment { color rgbt <1,0,0,0> }
	no_shadow
}

// particle -1
sphere {
	<7.297093, 19.196524, 7.992934> 0.100000
	pigment { color rgbt <1,0,0,0> }
	no_shadow
}
sphere {
	0, 1
	scale<0.080000,0.200000,0.300000>
	matrix <0.311346, 0.710031, -0.631601,
		-0.891268, 0.448773, 0.065151,
		0.329705, 0.542641, 0.772551,
		7.396005, 19.359316, 8.224699>
	pigment { color rgbt <0,1,1,0> }
	no_shadow
}
cylinder {
	<6.929013, 19.749392, 7.566063>,  <7.165212, 18.979467, 7.683913>, 0.130000
	pigment { color rgbt <1,0,0,0> }
	no_shadow
}

// nucleotide -1

// particle -1
sphere {
	<6.929013, 19.749392, 7.566063> 0.250000
	pigment { color rgbt <1,0,0,0> }
	no_shadow
}
cylinder {
	<7.230771, 19.759285, 7.828445>,  <7.411825, 19.765221, 7.985875>, 0.100000
	pigment { color rgbt <1,0,0,0> }
	no_shadow
}
cylinder {
	<7.230771, 19.759285, 7.828445>,  <6.929013, 19.749392, 7.566063>, 0.100000
	pigment { color rgbt <1,0,0,0> }
	no_shadow
}

// particle -1
sphere {
	<7.230771, 19.759285, 7.828445> 0.100000
	pigment { color rgbt <1,0,0,0> }
	no_shadow
}
sphere {
	0, 1
	scale<0.080000,0.200000,0.300000>
	matrix <0.429182, 0.737530, -0.521396,
		-0.496683, 0.674862, 0.545772,
		0.754393, 0.024733, 0.655957,
		7.457088, 19.766705, 8.025232>
	pigment { color rgbt <0,1,1,0> }
	no_shadow
}
cylinder {
	<7.106000, 20.488365, 7.596873>,  <6.929013, 19.749392, 7.566063>, 0.130000
	pigment { color rgbt <1,0,0,0> }
	no_shadow
}

// nucleotide -1

// particle -1
sphere {
	<7.106000, 20.488365, 7.596873> 0.250000
	pigment { color rgbt <1,0,0,0> }
	no_shadow
}
cylinder {
	<7.422673, 20.277534, 7.720441>,  <7.612677, 20.151037, 7.794582>, 0.100000
	pigment { color rgbt <1,0,0,0> }
	no_shadow
}
cylinder {
	<7.422673, 20.277534, 7.720441>,  <7.106000, 20.488365, 7.596873>, 0.100000
	pigment { color rgbt <1,0,0,0> }
	no_shadow
}

// particle -1
sphere {
	<7.422673, 20.277534, 7.720441> 0.100000
	pigment { color rgbt <1,0,0,0> }
	no_shadow
}
sphere {
	0, 1
	scale<0.080000,0.200000,0.300000>
	matrix <0.609168, 0.642623, -0.464704,
		0.046414, 0.556082, 0.829830,
		0.791682, -0.527075, 0.308921,
		7.660177, 20.119411, 7.813117>
	pigment { color rgbt <0,1,1,0> }
	no_shadow
}
cylinder {
	<7.603227, 21.033226, 7.663513>,  <7.106000, 20.488365, 7.596873>, 0.130000
	pigment { color rgbt <1,0,0,0> }
	no_shadow
}

// nucleotide -1

// particle -1
sphere {
	<7.603227, 21.033226, 7.663513> 0.250000
	pigment { color rgbt <1,0,0,0> }
	no_shadow
}
cylinder {
	<7.783086, 20.677065, 7.635243>,  <7.891002, 20.463367, 7.618281>, 0.100000
	pigment { color rgbt <1,0,0,0> }
	no_shadow
}
cylinder {
	<7.783086, 20.677065, 7.635243>,  <7.603227, 21.033226, 7.663513>, 0.100000
	pigment { color rgbt <1,0,0,0> }
	no_shadow
}

// particle -1
sphere {
	<7.783086, 20.677065, 7.635243> 0.100000
	pigment { color rgbt <1,0,0,0> }
	no_shadow
}
sphere {
	0, 1
	scale<0.080000,0.200000,0.300000>
	matrix <0.818395, 0.442395, -0.366764,
		0.357834, 0.107075, 0.927626,
		0.449649, -0.890405, -0.070674,
		7.917981, 20.409943, 7.614041>
	pigment { color rgbt <0,1,1,0> }
	no_shadow
}
cylinder {
	<8.242201, 21.142334, 8.031043>,  <7.603227, 21.033226, 7.663513>, 0.130000
	pigment { color rgbt <1,0,0,0> }
	no_shadow
}

// nucleotide -1

// particle -1
sphere {
	<8.242201, 21.142334, 8.031043> 0.250000
	pigment { color rgbt <1,0,0,0> }
	no_shadow
}
cylinder {
	<8.254250, 20.855625, 7.752381>,  <8.261478, 20.683599, 7.585184>, 0.100000
	pigment { color rgbt <1,0,0,0> }
	no_shadow
}
cylinder {
	<8.254250, 20.855625, 7.752381>,  <8.242201, 21.142334, 8.031043>, 0.100000
	pigment { color rgbt <1,0,0,0> }
	no_shadow
}

// particle -1
sphere {
	<8.254250, 20.855625, 7.752381> 0.100000
	pigment { color rgbt <1,0,0,0> }
	no_shadow
}
sphere {
	0, 1
	scale<0.080000,0.200000,0.300000>
	matrix <0.740825, 0.483904, -0.465848,
		0.671022, -0.502067, 0.545580,
		0.030121, -0.716774, -0.696655,
		8.263286, 20.640593, 7.543385>
	pigment { color rgbt <0,1,1,0> }
	no_shadow
}
cylinder {
	<8.887006, 20.839043, 8.007852>,  <8.242201, 21.142334, 8.031043>, 0.130000
	pigment { color rgbt <1,0,0,0> }
	no_shadow
}

// nucleotide -1

// particle -1
sphere {
	<8.887006, 20.839043, 8.007852> 0.250000
	pigment { color rgbt <1,0,0,0> }
	no_shadow
}
cylinder {
	<8.699515, 20.817425, 7.655176>,  <8.587021, 20.804453, 7.443571>, 0.100000
	pigment { color rgbt <1,0,0,0> }
	no_shadow
}
cylinder {
	<8.699515, 20.817425, 7.655176>,  <8.887006, 20.839043, 8.007852>, 0.100000
	pigment { color rgbt <1,0,0,0> }
	no_shadow
}

// particle -1
sphere {
	<8.699515, 20.817425, 7.655176> 0.100000
	pigment { color rgbt <1,0,0,0> }
	no_shadow
}
sphere {
	0, 1
	scale<0.080000,0.200000,0.300000>
	matrix <0.711535, 0.568383, -0.413109,
		0.523464, -0.820987, -0.227960,
		-0.468726, -0.054046, -0.881689,
		8.558898, 20.801210, 7.390669>
	pigment { color rgbt <0,1,1,0> }
	no_shadow
}
cylinder {
	<9.693695, 21.042007, 7.968584>,  <8.887006, 20.839043, 8.007852>, 0.130000
	pigment { color rgbt <1,0,0,0> }
	no_shadow
}

// nucleotide -1

// particle -1
sphere {
	<9.693695, 21.042007, 7.968584> 0.250000
	pigment { color rgbt <1,0,0,0> }
	no_shadow
}
cylinder {
	<9.427208, 20.840523, 8.188559>,  <9.267316, 20.719631, 8.320543>, 0.100000
	pigment { color rgbt <1,0,0,0> }
	no_shadow
}
cylinder {
	<9.427208, 20.840523, 8.188559>,  <9.693695, 21.042007, 7.968584>, 0.100000
	pigment { color rgbt <1,0,0,0> }
	no_shadow
}

// particle -1
sphere {
	<9.427208, 20.840523, 8.188559> 0.100000
	pigment { color rgbt <1,0,0,0> }
	no_shadow
}
sphere {
	0, 1
	scale<0.080000,0.200000,0.300000>
	matrix <0.597455, -0.801832, -0.010650,
		0.446321, 0.321466, 0.835139,
		-0.666217, -0.503711, 0.549936,
		9.227343, 20.689409, 8.353539>
	pigment { color rgbt <0,1,1,0> }
	no_shadow
}
cylinder {
	<10.120034, 20.830679, 8.609001>,  <9.693695, 21.042007, 7.968584>, 0.130000
	pigment { color rgbt <1,0,0,0> }
	no_shadow
}

// nucleotide -1

// particle -1
sphere {
	<10.120034, 20.830679, 8.609001> 0.250000
	pigment { color rgbt <1,0,0,0> }
	no_shadow
}
cylinder {
	<9.813225, 20.602863, 8.490815>,  <9.629139, 20.466173, 8.419904>, 0.100000
	pigment { color rgbt <1,0,0,0> }
	no_shadow
}
cylinder {
	<9.813225, 20.602863, 8.490815>,  <10.120034, 20.830679, 8.609001>, 0.100000
	pigment { color rgbt <1,0,0,0> }
	no_shadow
}

// particle -1
sphere {
	<9.813225, 20.602863, 8.490815> 0.100000
	pigment { color rgbt <1,0,0,0> }
	no_shadow
}
sphere {
	0, 1
	scale<0.080000,0.200000,0.300000>
	matrix <0.628736, -0.759002, -0.169137,
		-0.127928, -0.315501, 0.940263,
		-0.767024, -0.569540, -0.295464,
		9.583117, 20.432001, 8.402176>
	pigment { color rgbt <0,1,1,0> }
	no_shadow
}
cylinder {
	<9.917282, 20.338305, 9.061301>,  <10.120034, 20.830679, 8.609001>, 0.130000
	pigment { color rgbt <1,0,0,0> }
	no_shadow
}

// nucleotide -1

// particle -1
sphere {
	<9.917282, 20.338305, 9.061301> 0.250000
	pigment { color rgbt <1,0,0,0> }
	no_shadow
}
cylinder {
	<9.891167, 20.278873, 8.666604>,  <9.875497, 20.243216, 8.429786>, 0.100000
	pigment { color rgbt <1,0,0,0> }
	no_shadow
}
cylinder {
	<9.891167, 20.278873, 8.666604>,  <9.917282, 20.338305, 9.061301>, 0.100000
	pigment { color rgbt <1,0,0,0> }
	no_shadow
}

// particle -1
sphere {
	<9.891167, 20.278873, 8.666604> 0.100000
	pigment { color rgbt <1,0,0,0> }
	no_shadow
}
sphere {
	0, 1
	scale<0.080000,0.200000,0.300000>
	matrix <0.737582, -0.673209, 0.052564,
		-0.672094, -0.724372, 0.153541,
		-0.065289, -0.148577, -0.986743,
		9.871580, 20.234301, 8.370581>
	pigment { color rgbt <0,1,1,0> }
	no_shadow
}
cylinder {
	<10.376116, 20.006651, 8.635658>,  <9.917282, 20.338305, 9.061301>, 0.130000
	pigment { color rgbt <1,0,0,0> }
	no_shadow
}

// nucleotide -1

// particle -1
sphere {
	<10.376116, 20.006651, 8.635658> 0.250000
	pigment { color rgbt <1,0,0,0> }
	no_shadow
}
cylinder {
	<10.758858, 20.110249, 8.582966>,  <10.988503, 20.172407, 8.551351>, 0.100000
	pigment { color rgbt <1,0,0,0> }
	no_shadow
}
cylinder {
	<10.758858, 20.110249, 8.582966>,  <10.376116, 20.006651, 8.635658>, 0.100000
	pigment { color rgbt <1,0,0,0> }
	no_shadow
}

// particle -1
sphere {
	<10.758858, 20.110249, 8.582966> 0.100000
	pigment { color rgbt <1,0,0,0> }
	no_shadow
}
sphere {
	0, 1
	scale<0.080000,0.200000,0.300000>
	matrix <-0.074528, 0.656941, 0.750250,
		0.280849, -0.708062, 0.647899,
		0.956854, 0.258993, -0.131731,
		11.045914, 20.187946, 8.543447>
	pigment { color rgbt <0,1,1,0> }
	no_shadow
}
cylinder {
	<10.762191, 19.911871, 9.247755>,  <10.376116, 20.006651, 8.635658>, 0.130000
	pigment { color rgbt <1,0,0,0> }
	no_shadow
}

// nucleotide -1

// particle -1
sphere {
	<10.762191, 19.911871, 9.247755> 0.250000
	pigment { color rgbt <1,0,0,0> }
	no_shadow
}
cylinder {
	<10.935540, 20.198118, 9.028637>,  <11.039550, 20.369867, 8.897166>, 0.100000
	pigment { color rgbt <1,0,0,0> }
	no_shadow
}
cylinder {
	<10.935540, 20.198118, 9.028637>,  <10.762191, 19.911871, 9.247755>, 0.100000
	pigment { color rgbt <1,0,0,0> }
	no_shadow
}

// particle -1
sphere {
	<10.935540, 20.198118, 9.028637> 0.100000
	pigment { color rgbt <1,0,0,0> }
	no_shadow
}
sphere {
	0, 1
	scale<0.080000,0.200000,0.300000>
	matrix <-0.273842, 0.683665, 0.676470,
		0.858602, -0.143154, 0.492248,
		0.433373, 0.715617, -0.547795,
		11.065552, 20.412804, 8.864298>
	pigment { color rgbt <0,1,1,0> }
	no_shadow
}
cylinder {
	<11.296516, 20.224228, 9.414577>,  <10.762191, 19.911871, 9.247755>, 0.130000
	pigment { color rgbt <1,0,0,0> }
	no_shadow
}

// nucleotide -1

// particle -1
sphere {
	<11.296516, 20.224228, 9.414577> 0.250000
	pigment { color rgbt <1,0,0,0> }
	no_shadow
}
cylinder {
	<11.149557, 20.119804, 9.771647>,  <11.061381, 20.057150, 9.985889>, 0.100000
	pigment { color rgbt <1,0,0,0> }
	no_shadow
}
cylinder {
	<11.149557, 20.119804, 9.771647>,  <11.296516, 20.224228, 9.414577>, 0.100000
	pigment { color rgbt <1,0,0,0> }
	no_shadow
}

// particle -1
sphere {
	<11.149557, 20.119804, 9.771647> 0.100000
	pigment { color rgbt <1,0,0,0> }
	no_shadow
}
sphere {
	0, 1
	scale<0.080000,0.200000,0.300000>
	matrix <0.307887, 0.871545, 0.381595,
		-0.877624, 0.415040, -0.239827,
		-0.367398, -0.261057, 0.892675,
		11.039338, 20.041487, 10.039450>
	pigment { color rgbt <0,1,1,0> }
	no_shadow
}
cylinder {
	<11.283689, 20.750904, 9.981434>,  <11.296516, 20.224228, 9.414577>, 0.130000
	pigment { color rgbt <1,0,0,0> }
	no_shadow
}

// nucleotide -1

// particle -1
sphere {
	<11.283689, 20.750904, 9.981434> 0.250000
	pigment { color rgbt <1,0,0,0> }
	no_shadow
}
cylinder {
	<11.048236, 21.023855, 10.154811>,  <10.906964, 21.187626, 10.258837>, 0.100000
	pigment { color rgbt <1,0,0,0> }
	no_shadow
}
cylinder {
	<11.048236, 21.023855, 10.154811>,  <11.283689, 20.750904, 9.981434>, 0.100000
	pigment { color rgbt <1,0,0,0> }
	no_shadow
}

// particle -1
sphere {
	<11.048236, 21.023855, 10.154811> 0.100000
	pigment { color rgbt <1,0,0,0> }
	no_shadow
}
sphere {
	0, 1
	scale<0.080000,0.200000,0.300000>
	matrix <-0.091460, -0.588944, 0.802982,
		0.803211, 0.433018, 0.409081,
		-0.588631, 0.682379, 0.433443,
		10.871647, 21.228569, 10.284843>
	pigment { color rgbt <0,1,1,0> }
	no_shadow
}
cylinder {
	<11.343584, 20.753729, 10.710852>,  <11.283689, 20.750904, 9.981434>, 0.130000
	pigment { color rgbt <1,0,0,0> }
	no_shadow
}

// nucleotide -1

// particle -1
sphere {
	<11.343584, 20.753729, 10.710852> 0.250000
	pigment { color rgbt <1,0,0,0> }
	no_shadow
}
cylinder {
	<10.984767, 20.897158, 10.607515>,  <10.769477, 20.983215, 10.545514>, 0.100000
	pigment { color rgbt <1,0,0,0> }
	no_shadow
}
cylinder {
	<10.984767, 20.897158, 10.607515>,  <11.343584, 20.753729, 10.710852>, 0.100000
	pigment { color rgbt <1,0,0,0> }
	no_shadow
}

// particle -1
sphere {
	<10.984767, 20.897158, 10.607515> 0.100000
	pigment { color rgbt <1,0,0,0> }
	no_shadow
}
sphere {
	0, 1
	scale<0.080000,0.200000,0.300000>
	matrix <-0.440863, -0.685207, 0.579768,
		0.030872, 0.633970, 0.772741,
		-0.897043, 0.358572, -0.258340,
		10.715654, 21.004728, 10.530013>
	pigment { color rgbt <0,1,1,0> }
	no_shadow
}
cylinder {
	<10.884941, 20.905338, 11.323665>,  <11.343584, 20.753729, 10.710852>, 0.130000
	pigment { color rgbt <1,0,0,0> }
	no_shadow
}

// nucleotide -1

// particle -1
sphere {
	<10.884941, 20.905338, 11.323665> 0.250000
	pigment { color rgbt <1,0,0,0> }
	no_shadow
}
cylinder {
	<10.646199, 20.825773, 11.012744>,  <10.502954, 20.778034, 10.826191>, 0.100000
	pigment { color rgbt <1,0,0,0> }
	no_shadow
}
cylinder {
	<10.646199, 20.825773, 11.012744>,  <10.884941, 20.905338, 11.323665>, 0.100000
	pigment { color rgbt <1,0,0,0> }
	no_shadow
}

// particle -1
sphere {
	<10.646199, 20.825773, 11.012744> 0.100000
	pigment { color rgbt <1,0,0,0> }
	no_shadow
}
sphere {
	0, 1
	scale<0.080000,0.200000,0.300000>
	matrix <-0.486185, -0.681006, 0.547590,
		-0.638270, 0.704743, 0.309753,
		-0.596854, -0.198913, -0.777302,
		10.467143, 20.766100, 10.779553>
	pigment { color rgbt <0,1,1,0> }
	no_shadow
}
cylinder {
	<10.170945, 21.079781, 11.594895>,  <10.884941, 20.905338, 11.323665>, 0.130000
	pigment { color rgbt <1,0,0,0> }
	no_shadow
}

// nucleotide -1

// particle -1
sphere {
	<10.170945, 21.079781, 11.594895> 0.250000
	pigment { color rgbt <1,0,0,0> }
	no_shadow
}
cylinder {
	<10.174718, 20.813869, 11.296103>,  <10.176982, 20.654324, 11.116827>, 0.100000
	pigment { color rgbt <1,0,0,0> }
	no_shadow
}
cylinder {
	<10.174718, 20.813869, 11.296103>,  <10.170945, 21.079781, 11.594895>, 0.100000
	pigment { color rgbt <1,0,0,0> }
	no_shadow
}

// particle -1
sphere {
	<10.174718, 20.813869, 11.296103> 0.100000
	pigment { color rgbt <1,0,0,0> }
	no_shadow
}
sphere {
	0, 1
	scale<0.080000,0.200000,0.300000>
	matrix <-0.541331, -0.631481, 0.555152,
		-0.840757, 0.399128, -0.365821,
		0.009432, -0.664777, -0.746982,
		10.177547, 20.614437, 11.072008>
	pigment { color rgbt <0,1,1,0> }
	no_shadow
}
cylinder {
	<9.429575, 20.834190, 11.548747>,  <10.170945, 21.079781, 11.594895>, 0.130000
	pigment { color rgbt <1,0,0,0> }
	no_shadow
}

// nucleotide -1

// particle -1
sphere {
	<9.429575, 20.834190, 11.548747> 0.250000
	pigment { color rgbt <1,0,0,0> }
	no_shadow
}
cylinder {
	<9.630191, 20.564415, 11.332011>,  <9.750561, 20.402550, 11.201970>, 0.100000
	pigment { color rgbt <1,0,0,0> }
	no_shadow
}
cylinder {
	<9.630191, 20.564415, 11.332011>,  <9.429575, 20.834190, 11.548747>, 0.100000
	pigment { color rgbt <1,0,0,0> }
	no_shadow
}

// particle -1
sphere {
	<9.630191, 20.564415, 11.332011> 0.100000
	pigment { color rgbt <1,0,0,0> }
	no_shadow
}
sphere {
	0, 1
	scale<0.080000,0.200000,0.300000>
	matrix <-0.568192, -0.729083, 0.381570,
		-0.652391, 0.116495, -0.748876,
		0.501541, -0.674438, -0.541839,
		9.780653, 20.362083, 11.169459>
	pigment { color rgbt <0,1,1,0> }
	no_shadow
}
cylinder {
	<8.931474, 20.393091, 11.125636>,  <9.429575, 20.834190, 11.548747>, 0.130000
	pigment { color rgbt <1,0,0,0> }
	no_shadow
}

// nucleotide -1

// particle -1
sphere {
	<8.931474, 20.393091, 11.125636> 0.250000
	pigment { color rgbt <1,0,0,0> }
	no_shadow
}
cylinder {
	<9.274543, 20.191708, 11.167449>,  <9.480384, 20.070877, 11.192536>, 0.100000
	pigment { color rgbt <1,0,0,0> }
	no_shadow
}
cylinder {
	<9.274543, 20.191708, 11.167449>,  <8.931474, 20.393091, 11.125636>, 0.100000
	pigment { color rgbt <1,0,0,0> }
	no_shadow
}

// particle -1
sphere {
	<9.274543, 20.191708, 11.167449> 0.100000
	pigment { color rgbt <1,0,0,0> }
	no_shadow
}
sphere {
	0, 1
	scale<0.080000,0.200000,0.300000>
	matrix <-0.486069, -0.727514, 0.484211,
		-0.167732, -0.466104, -0.868685,
		0.857673, -0.503458, 0.104532,
		9.531845, 20.040670, 11.198809>
	pigment { color rgbt <0,1,1,0> }
	no_shadow
}
cylinder {
	<8.793063, 19.690357, 10.925773>,  <8.931474, 20.393091, 11.125636>, 0.130000
	pigment { color rgbt <1,0,0,0> }
	no_shadow
}

// nucleotide -1

// particle -1
sphere {
	<8.793063, 19.690357, 10.925773> 0.250000
	pigment { color rgbt <1,0,0,0> }
	no_shadow
}
cylinder {
	<9.141571, 19.678865, 11.121758>,  <9.350676, 19.671970, 11.239348>, 0.100000
	pigment { color rgbt <1,0,0,0> }
	no_shadow
}
cylinder {
	<9.141571, 19.678865, 11.121758>,  <8.793063, 19.690357, 10.925773>, 0.100000
	pigment { color rgbt <1,0,0,0> }
	no_shadow
}

// particle -1
sphere {
	<9.141571, 19.678865, 11.121758> 0.100000
	pigment { color rgbt <1,0,0,0> }
	no_shadow
}
sphere {
	0, 1
	scale<0.080000,0.200000,0.300000>
	matrix <-0.282772, -0.845332, 0.453269,
		0.401157, -0.533467, -0.744637,
		0.871271, -0.028730, 0.489961,
		9.402952, 19.670246, 11.268745>
	pigment { color rgbt <0,1,1,0> }
	no_shadow
}
cylinder {
	<8.923258, 18.994110, 10.885696>,  <8.793063, 19.690357, 10.925773>, 0.130000
	pigment { color rgbt <1,0,0,0> }
	no_shadow
}

// nucleotide -1

// particle -1
sphere {
	<8.923258, 18.994110, 10.885696> 0.250000
	pigment { color rgbt <1,0,0,0> }
	no_shadow
}
cylinder {
	<9.181212, 19.096481, 11.173759>,  <9.335985, 19.157904, 11.346596>, 0.100000
	pigment { color rgbt <1,0,0,0> }
	no_shadow
}
cylinder {
	<9.181212, 19.096481, 11.173759>,  <8.923258, 18.994110, 10.885696>, 0.100000
	pigment { color rgbt <1,0,0,0> }
	no_shadow
}

// particle -1
sphere {
	<9.181212, 19.096481, 11.173759> 0.100000
	pigment { color rgbt <1,0,0,0> }
	no_shadow
}
sphere {
	0, 1
	scale<0.080000,0.200000,0.300000>
	matrix <-0.197600, -0.854398, 0.480581,
		0.738293, -0.452223, -0.500418,
		0.644886, 0.255927, 0.720155,
		9.374679, 19.173260, 11.389805>
	pigment { color rgbt <0,1,1,0> }
	no_shadow
}
cylinder {
	<9.449201, 18.469610, 10.991300>,  <8.923258, 18.994110, 10.885696>, 0.130000
	pigment { color rgbt <1,0,0,0> }
	no_shadow
}

// nucleotide -1

// particle -1
sphere {
	<9.449201, 18.469610, 10.991300> 0.250000
	pigment { color rgbt <1,0,0,0> }
	no_shadow
}
cylinder {
	<9.447671, 18.670876, 11.336973>,  <9.446753, 18.791634, 11.544377>, 0.100000
	pigment { color rgbt <1,0,0,0> }
	no_shadow
}
cylinder {
	<9.447671, 18.670876, 11.336973>,  <9.449201, 18.469610, 10.991300>, 0.100000
	pigment { color rgbt <1,0,0,0> }
	no_shadow
}

// particle -1
sphere {
	<9.447671, 18.670876, 11.336973> 0.100000
	pigment { color rgbt <1,0,0,0> }
	no_shadow
}
sphere {
	0, 1
	scale<0.080000,0.200000,0.300000>
	matrix <-0.324534, -0.818039, 0.474857,
		0.945866, -0.278641, 0.166422,
		-0.003825, 0.503161, 0.864184,
		9.446524, 18.821823, 11.596229>
	pigment { color rgbt <0,1,1,0> }
	no_shadow
}
cylinder {
	<9.755709, 18.051916, 11.430921>,  <9.449201, 18.469610, 10.991300>, 0.130000
	pigment { color rgbt <1,0,0,0> }
	no_shadow
}

// nucleotide -1

// particle -1
sphere {
	<9.755709, 18.051916, 11.430921> 0.250000
	pigment { color rgbt <1,0,0,0> }
	no_shadow
}
cylinder {
