// switches for output
#declare DRAW_BASES = 1; // possible values are 0, 1; only relevant for DNA ribbons
#declare DRAW_BASES_TYPE = 3; // possible values are 1, 2, 3; only relevant for DNA ribbons
#declare DRAW_FOG = 0; // set to 1 to enable fog

#include "colors.inc"

#include "transforms.inc"
background { rgb <1, 1, 1>}

#default {
   normal{
       ripples 0.25
       frequency 0.20
       turbulence 0.2
       lambda 5
   }
	finish {
		phong 0.1
		phong_size 40.
	}
}

// original window dimensions: 1024x640


// camera settings

camera {
	sky <0, 0.179814, -0.983701>
	up <0, 0.179814, -0.983701>
	right 1.6 * <1, 0, 0>
	location <25.469, 94.9851, 44.8844>
	look_at <25.469, 29.3977, 32.8955>
	direction <0, -65.5874, -11.9889>
	angle 67.0682
}


# declare cpy_camera_pos = <25.469, 94.9851, 44.8844>;
# if (DRAW_FOG = 1)
fog {
	fog_type 2
	up vnormalize(cpy_camera_pos)
	color rgbt<1,1,1,0.3>
	distance 1e-5
	fog_alt 3e-3
	fog_offset 28
}
# end


// LIGHTS

# declare lum = 6;
global_settings {
	ambient_light rgb lum * <0.05, 0.05, 0.05>
	max_trace_level 15
}# declare cpy_direct_light_amount = 0.25;
light_source
{	1000 * <-1, -1.16351, -0.803887>,
	rgb lum * cpy_direct_light_amount
	parallel
}

light_source
{	1000 * <1, 1.16351, 0.803887>,
	rgb lum * cpy_direct_light_amount
	parallel
}

// strand 0

// nucleotide -1

// particle -1
sphere {
	<4.278061, 15.290505, 15.105015> 0.250000
	pigment { color rgbt <1,0,0,0> }
	no_shadow
}
cylinder {
	<4.125663, 15.013070, 14.860465>,  <4.034225, 14.846609, 14.713735>, 0.100000
	pigment { color rgbt <1,0,0,0> }
	no_shadow
}
cylinder {
	<4.125663, 15.013070, 14.860465>,  <4.278061, 15.290505, 15.105015>, 0.100000
	pigment { color rgbt <1,0,0,0> }
	no_shadow
}

// particle -1
sphere {
	<4.125663, 15.013070, 14.860465> 0.100000
	pigment { color rgbt <1,0,0,0> }
	no_shadow
}
sphere {
	0, 1
	scale<0.080000,0.200000,0.300000>
	matrix <0.831744, 0.031673, -0.554255,
		0.403789, -0.719675, 0.564821,
		-0.380994, -0.693588, -0.611375,
		4.011365, 14.804994, 14.677052>
	pigment { color rgbt <0,1,1,0> }
	no_shadow
}
cylinder {
	<4.748829, 14.801234, 15.090470>,  <4.278061, 15.290505, 15.105015>, 0.130000
	pigment { color rgbt <1,0,0,0> }
	no_shadow
}

// nucleotide -1

// particle -1
sphere {
	<4.748829, 14.801234, 15.090470> 0.250000
	pigment { color rgbt <1,0,0,0> }
	no_shadow
}
cylinder {
	<4.553182, 14.806048, 14.741616>,  <4.435794, 14.808937, 14.532304>, 0.100000
	pigment { color rgbt <1,0,0,0> }
	no_shadow
}
cylinder {
	<4.553182, 14.806048, 14.741616>,  <4.748829, 14.801234, 15.090470>, 0.100000
	pigment { color rgbt <1,0,0,0> }
	no_shadow
}

// particle -1
sphere {
	<4.553182, 14.806048, 14.741616> 0.100000
	pigment { color rgbt <1,0,0,0> }
	no_shadow
}
sphere {
	0, 1
	scale<0.080000,0.200000,0.300000>
	matrix <0.870167, -0.061796, -0.488867,
		-0.059762, -0.998017, 0.019781,
		-0.489120, 0.012003, -0.872134,
		4.406447, 14.809659, 14.479976>
	pigment { color rgbt <0,1,1,0> }
	no_shadow
}
cylinder {
	<5.064387, 15.104926, 15.845969>,  <4.748829, 14.801234, 15.090470>, 0.130000
	pigment { color rgbt <1,0,0,0> }
	no_shadow
}

// nucleotide -1

// particle -1
sphere {
	<5.064387, 15.104926, 15.845969> 0.250000
	pigment { color rgbt <1,0,0,0> }
	no_shadow
}
cylinder {
	<4.714170, 15.121706, 16.038496>,  <4.504040, 15.131774, 16.154013>, 0.100000
	pigment { color rgbt <1,0,0,0> }
	no_shadow
}
cylinder {
	<4.714170, 15.121706, 16.038496>,  <5.064387, 15.104926, 15.845969>, 0.100000
	pigment { color rgbt <1,0,0,0> }
	no_shadow
}

// particle -1
sphere {
	<4.714170, 15.121706, 16.038496> 0.100000
	pigment { color rgbt <1,0,0,0> }
	no_shadow
}
sphere {
	0, 1
	scale<0.080000,0.200000,0.300000>
	matrix <0.149043, 0.971087, 0.186482,
		-0.459577, 0.235010, -0.856481,
		-0.875543, 0.041949, 0.481316,
		4.451508, 15.134291, 16.182890>
	pigment { color rgbt <0,1,1,0> }
	no_shadow
}
cylinder {
	<5.558554, 15.112283, 15.184675>,  <5.064387, 15.104926, 15.845969>, 0.130000
	pigment { color rgbt <1,0,0,0> }
	no_shadow
}

// nucleotide -1

// particle -1
sphere {
	<5.558554, 15.112283, 15.184675> 0.250000
	pigment { color rgbt <1,0,0,0> }
	no_shadow
}
cylinder {
	<5.714701, 15.471622, 15.104092>,  <5.808389, 15.687225, 15.055741>, 0.100000
	pigment { color rgbt <1,0,0,0> }
	no_shadow
}
cylinder {
	<5.714701, 15.471622, 15.104092>,  <5.558554, 15.112283, 15.184675>, 0.100000
	pigment { color rgbt <1,0,0,0> }
	no_shadow
}

// particle -1
sphere {
	<5.714701, 15.471622, 15.104092> 0.100000
	pigment { color rgbt <1,0,0,0> }
	no_shadow
}
sphere {
	0, 1
	scale<0.080000,0.200000,0.300000>
	matrix <0.254587, -0.315618, -0.914095,
		-0.884759, 0.305544, -0.351914,
		0.390367, 0.898347, -0.201459,
		5.831811, 15.741126, 15.043653>
	pigment { color rgbt <0,1,1,0> }
	no_shadow
}
cylinder {
	<5.350399, 15.293093, 14.548796>,  <5.558554, 15.112283, 15.184675>, 0.130000
	pigment { color rgbt <1,0,0,0> }
	no_shadow
}

// nucleotide -1

// particle -1
sphere {
	<5.350399, 15.293093, 14.548796> 0.250000
	pigment { color rgbt <1,0,0,0> }
	no_shadow
}
cylinder {
	<5.674849, 15.520492, 14.603767>,  <5.869519, 15.656931, 14.636750>, 0.100000
	pigment { color rgbt <1,0,0,0> }
	no_shadow
}
cylinder {
	<5.674849, 15.520492, 14.603767>,  <5.350399, 15.293093, 14.548796>, 0.100000
	pigment { color rgbt <1,0,0,0> }
	no_shadow
}

// particle -1
sphere {
	<5.674849, 15.520492, 14.603767> 0.100000
	pigment { color rgbt <1,0,0,0> }
	no_shadow
}
sphere {
	0, 1
	scale<0.080000,0.200000,0.300000>
	matrix <0.223927, -0.084788, -0.970911,
		-0.540308, 0.818304, -0.196075,
		0.811125, 0.568498, 0.137429,
		5.918187, 15.691041, 14.644996>
	pigment { color rgbt <0,1,1,0> }
	no_shadow
}
cylinder {
	<5.365814, 15.816468, 14.053694>,  <5.350399, 15.293093, 14.548796>, 0.130000
	pigment { color rgbt <1,0,0,0> }
	no_shadow
}

// nucleotide -1

// particle -1
sphere {
	<5.365814, 15.816468, 14.053694> 0.250000
	pigment { color rgbt <1,0,0,0> }
	no_shadow
}
cylinder {
	<5.743007, 15.759814, 14.174177>,  <5.969322, 15.725821, 14.246468>, 0.100000
	pigment { color rgbt <1,0,0,0> }
	no_shadow
}
cylinder {
	<5.743007, 15.759814, 14.174177>,  <5.365814, 15.816468, 14.053694>, 0.100000
	pigment { color rgbt <1,0,0,0> }
	no_shadow
}

// particle -1
sphere {
	<5.743007, 15.759814, 14.174177> 0.100000
	pigment { color rgbt <1,0,0,0> }
	no_shadow
}
sphere {
	0, 1
	scale<0.080000,0.200000,0.300000>
	matrix <0.293199, -0.074880, -0.953115,
		0.157549, 0.987083, -0.029083,
		0.942981, -0.141635, 0.301209,
		6.025901, 15.717324, 14.264540>
	pigment { color rgbt <0,1,1,0> }
	no_shadow
}
cylinder {
	<5.746252, 16.234716, 13.669962>,  <5.365814, 15.816468, 14.053694>, 0.130000
	pigment { color rgbt <1,0,0,0> }
	no_shadow
}

// nucleotide -1

// particle -1
sphere {
	<5.746252, 16.234716, 13.669962> 0.250000
	pigment { color rgbt <1,0,0,0> }
	no_shadow
}
cylinder {
	<6.028938, 15.981954, 13.797238>,  <6.198549, 15.830296, 13.873604>, 0.100000
	pigment { color rgbt <1,0,0,0> }
	no_shadow
}
cylinder {
	<6.028938, 15.981954, 13.797238>,  <5.746252, 16.234716, 13.669962>, 0.100000
	pigment { color rgbt <1,0,0,0> }
	no_shadow
}

// particle -1
sphere {
	<6.028938, 15.981954, 13.797238> 0.100000
	pigment { color rgbt <1,0,0,0> }
	no_shadow
}
sphere {
	0, 1
	scale<0.080000,0.200000,0.300000>
	matrix <0.256864, -0.189887, -0.947609,
		0.659223, 0.751422, 0.028119,
		0.706715, -0.631909, 0.318191,
		6.240952, 15.792381, 13.892695>
	pigment { color rgbt <0,1,1,0> }
	no_shadow
}
cylinder {
	<6.370287, 16.351597, 13.156188>,  <5.746252, 16.234716, 13.669962>, 0.130000
	pigment { color rgbt <1,0,0,0> }
	no_shadow
}

// nucleotide -1

// particle -1
sphere {
	<6.370287, 16.351597, 13.156188> 0.250000
	pigment { color rgbt <1,0,0,0> }
	no_shadow
}
cylinder {
	<6.435963, 16.000450, 13.336141>,  <6.475369, 15.789762, 13.444112>, 0.100000
	pigment { color rgbt <1,0,0,0> }
	no_shadow
}
cylinder {
	<6.435963, 16.000450, 13.336141>,  <6.370287, 16.351597, 13.156188>, 0.100000
	pigment { color rgbt <1,0,0,0> }
	no_shadow
}

// particle -1
sphere {
	<6.435963, 16.000450, 13.336141> 0.100000
	pigment { color rgbt <1,0,0,0> }
	no_shadow
}
sphere {
	0, 1
	scale<0.080000,0.200000,0.300000>
	matrix <0.423256, -0.349256, -0.835987,
		0.891009, 0.327676, 0.314217,
		0.164190, -0.877866, 0.449881,
		6.485220, 15.737090, 13.471105>
	pigment { color rgbt <0,1,1,0> }
	no_shadow
}
cylinder {
	<6.886591, 16.059458, 12.765807>,  <6.370287, 16.351597, 13.156188>, 0.130000
	pigment { color rgbt <1,0,0,0> }
	no_shadow
}

// nucleotide -1

// particle -1
sphere {
	<6.886591, 16.059458, 12.765807> 0.250000
	pigment { color rgbt <1,0,0,0> }
	no_shadow
}
cylinder {
	<6.744636, 15.761346, 12.991591>,  <6.659462, 15.582479, 13.127062>, 0.100000
	pigment { color rgbt <1,0,0,0> }
	no_shadow
}
cylinder {
	<6.744636, 15.761346, 12.991591>,  <6.886591, 16.059458, 12.765807>, 0.100000
	pigment { color rgbt <1,0,0,0> }
	no_shadow
}

// particle -1
sphere {
	<6.744636, 15.761346, 12.991591> 0.100000
	pigment { color rgbt <1,0,0,0> }
	no_shadow
}
sphere {
	0, 1
	scale<0.080000,0.200000,0.300000>
	matrix <0.292311, -0.661944, -0.690206,
		0.888036, -0.079948, 0.452769,
		-0.354888, -0.745278, 0.564461,
		6.638169, 15.537763, 13.160930>
	pigment { color rgbt <0,1,1,0> }
	no_shadow
}
cylinder {
	<7.396394, 15.514166, 12.598360>,  <6.886591, 16.059458, 12.765807>, 0.130000
	pigment { color rgbt <1,0,0,0> }
	no_shadow
}

// nucleotide -1

// particle -1
sphere {
	<7.396394, 15.514166, 12.598360> 0.250000
	pigment { color rgbt <1,0,0,0> }
	no_shadow
}
cylinder {
	<7.045094, 15.381701, 12.736350>,  <6.834313, 15.302221, 12.819144>, 0.100000
	pigment { color rgbt <1,0,0,0> }
	no_shadow
}
cylinder {
	<7.045094, 15.381701, 12.736350>,  <7.396394, 15.514166, 12.598360>, 0.100000
	pigment { color rgbt <1,0,0,0> }
	no_shadow
}

// particle -1
sphere {
	<7.045094, 15.381701, 12.736350> 0.100000
	pigment { color rgbt <1,0,0,0> }
	no_shadow
}
sphere {
	0, 1
	scale<0.080000,0.200000,0.300000>
	matrix <-0.050288, -0.653440, -0.755306,
		0.475550, -0.680696, 0.557230,
		-0.878250, -0.331163, 0.344974,
		6.781619, 15.282351, 12.839842>
	pigment { color rgbt <0,1,1,0> }
	no_shadow
}
cylinder {
	<7.404470, 14.830242, 12.399529>,  <7.396394, 15.514166, 12.598360>, 0.130000
	pigment { color rgbt <1,0,0,0> }
	no_shadow
}

// nucleotide -1

// particle -1
sphere {
	<7.404470, 14.830242, 12.399529> 0.250000
	pigment { color rgbt <1,0,0,0> }
	no_shadow
}
cylinder {
	<7.016983, 14.856076, 12.495374>,  <6.784490, 14.871577, 12.552880>, 0.100000
	pigment { color rgbt <1,0,0,0> }
	no_shadow
}
cylinder {
	<7.016983, 14.856076, 12.495374>,  <7.404470, 14.830242, 12.399529>, 0.100000
	pigment { color rgbt <1,0,0,0> }
	no_shadow
}

// particle -1
sphere {
	<7.016983, 14.856076, 12.495374> 0.100000
	pigment { color rgbt <1,0,0,0> }
	no_shadow
}
sphere {
	0, 1
	scale<0.080000,0.200000,0.300000>
	matrix <-0.209810, -0.728804, -0.651786,
		0.132534, -0.681670, 0.719556,
		-0.968718, 0.064586, 0.239612,
		6.726367, 14.875452, 12.567257>
	pigment { color rgbt <0,1,1,0> }
	no_shadow
}
cylinder {
	<7.216986, 14.159004, 12.594404>,  <7.404470, 14.830242, 12.399529>, 0.130000
	pigment { color rgbt <1,0,0,0> }
	no_shadow
}

// nucleotide -1

// particle -1
sphere {
	<7.216986, 14.159004, 12.594404> 0.250000
	pigment { color rgbt <1,0,0,0> }
	no_shadow
}
cylinder {
	<6.902272, 14.364225, 12.457148>,  <6.713444, 14.487358, 12.374794>, 0.100000
	pigment { color rgbt <1,0,0,0> }
	no_shadow
}
cylinder {
	<6.902272, 14.364225, 12.457148>,  <7.216986, 14.159004, 12.594404>, 0.100000
	pigment { color rgbt <1,0,0,0> }
	no_shadow
}

// particle -1
sphere {
	<6.902272, 14.364225, 12.457148> 0.100000
	pigment { color rgbt <1,0,0,0> }
	no_shadow
}
sphere {
	0, 1
	scale<0.080000,0.200000,0.300000>
	matrix <-0.172498, -0.716559, -0.675860,
		-0.592633, -0.472565, 0.652279,
		-0.786785, 0.513054, -0.343141,
		6.666237, 14.518142, 12.354205>
	pigment { color rgbt <0,1,1,0> }
	no_shadow
}
cylinder {
	<6.755433, 13.687051, 12.423752>,  <7.216986, 14.159004, 12.594404>, 0.130000
	pigment { color rgbt <1,0,0,0> }
	no_shadow
}

// nucleotide -1

// particle -1
sphere {
	<6.755433, 13.687051, 12.423752> 0.250000
	pigment { color rgbt <1,0,0,0> }
	no_shadow
}
cylinder {
	<6.605371, 13.998883, 12.223148>,  <6.515333, 14.185983, 12.102786>, 0.100000
	pigment { color rgbt <1,0,0,0> }
	no_shadow
}
cylinder {
	<6.605371, 13.998883, 12.223148>,  <6.755433, 13.687051, 12.423752>, 0.100000
	pigment { color rgbt <1,0,0,0> }
	no_shadow
}

// particle -1
sphere {
	<6.605371, 13.998883, 12.223148> 0.100000
	pigment { color rgbt <1,0,0,0> }
	no_shadow
}
sphere {
	0, 1
	scale<0.080000,0.200000,0.300000>
	matrix <-0.209157, -0.598263, -0.773521,
		-0.903057, -0.185297, 0.387497,
		-0.375156, 0.779581, -0.501509,
		6.492824, 14.232758, 12.072696>
	pigment { color rgbt <0,1,1,0> }
	no_shadow
}
cylinder {
	<6.093342, 13.542437, 12.248440>,  <6.755433, 13.687051, 12.423752>, 0.130000
	pigment { color rgbt <1,0,0,0> }
	no_shadow
}

// nucleotide -1

// particle -1
sphere {
	<6.093342, 13.542437, 12.248440> 0.250000
	pigment { color rgbt <1,0,0,0> }
	no_shadow
}
cylinder {
	<6.225444, 13.824817, 11.997820>,  <6.304705, 13.994245, 11.847448>, 0.100000
	pigment { color rgbt <1,0,0,0> }
	no_shadow
}
cylinder {
	<6.225444, 13.824817, 11.997820>,  <6.093342, 13.542437, 12.248440>, 0.100000
	pigment { color rgbt <1,0,0,0> }
	no_shadow
}

// particle -1
sphere {
	<6.225444, 13.824817, 11.997820> 0.100000
	pigment { color rgbt <1,0,0,0> }
	no_shadow
}
sphere {
	0, 1
	scale<0.080000,0.200000,0.300000>
	matrix <-0.239169, -0.579545, -0.779055,
		-0.913088, 0.407138, -0.022556,
		0.330255, 0.705951, -0.626550,
		6.324520, 14.036602, 11.809855>
	pigment { color rgbt <0,1,1,0> }
	no_shadow
}
cylinder {
	<5.556483, 13.550622, 11.634164>,  <6.093342, 13.542437, 12.248440>, 0.130000
	pigment { color rgbt <1,0,0,0> }
	no_shadow
}

// nucleotide -1

// particle -1
sphere {
	<5.556483, 13.550622, 11.634164> 0.250000
	pigment { color rgbt <1,0,0,0> }
	no_shadow
}
cylinder {
	<5.919266, 13.684146, 11.531403>,  <6.136936, 13.764260, 11.469746>, 0.100000
	pigment { color rgbt <1,0,0,0> }
	no_shadow
}
cylinder {
	<5.919266, 13.684146, 11.531403>,  <5.556483, 13.550622, 11.634164>, 0.100000
	pigment { color rgbt <1,0,0,0> }
	no_shadow
}

// particle -1
sphere {
	<5.919266, 13.684146, 11.531403> 0.100000
	pigment { color rgbt <1,0,0,0> }
	no_shadow
}
sphere {
	0, 1
	scale<0.080000,0.200000,0.300000>
	matrix <-0.035128, -0.547835, -0.835849,
		-0.419755, 0.767104, -0.485137,
		0.906957, 0.333810, -0.256903,
		6.191353, 13.784289, 11.454331>
	pigment { color rgbt <0,1,1,0> }
	no_shadow
}
cylinder {
	<5.431123, 13.809068, 10.943504>,  <5.556483, 13.550622, 11.634164>, 0.130000
	pigment { color rgbt <1,0,0,0> }
	no_shadow
}

// nucleotide -1

// particle -1
sphere {
	<5.431123, 13.809068, 10.943504> 0.250000
	pigment { color rgbt <1,0,0,0> }
	no_shadow
}
cylinder {
	<5.829868, 13.778459, 10.951585>,  <6.069115, 13.760094, 10.956433>, 0.100000
	pigment { color rgbt <1,0,0,0> }
	no_shadow
}
cylinder {
	<5.829868, 13.778459, 10.951585>,  <5.431123, 13.809068, 10.943504>, 0.100000
	pigment { color rgbt <1,0,0,0> }
	no_shadow
}

// particle -1
sphere {
	<5.829868, 13.778459, 10.951585> 0.100000
	pigment { color rgbt <1,0,0,0> }
	no_shadow
}
sphere {
	0, 1
	scale<0.080000,0.200000,0.300000>
	matrix <-0.012246, -0.401301, -0.915864,
		0.078190, 0.912744, -0.400980,
		0.996863, -0.076522, 0.020201,
		6.128927, 13.755502, 10.957645>
	pigment { color rgbt <0,1,1,0> }
	no_shadow
}
cylinder {
	<5.567213, 13.818912, 10.213737>,  <5.431123, 13.809068, 10.943504>, 0.130000
	pigment { color rgbt <1,0,0,0> }
	no_shadow
}

// nucleotide -1

// particle -1
sphere {
	<5.567213, 13.818912, 10.213737> 0.250000
	pigment { color rgbt <1,0,0,0> }
	no_shadow
}
cylinder {
	<5.908019, 13.705401, 10.389711>,  <6.112503, 13.637296, 10.495296>, 0.100000
	pigment { color rgbt <1,0,0,0> }
	no_shadow
}
cylinder {
	<5.908019, 13.705401, 10.389711>,  <5.567213, 13.818912, 10.213737>, 0.100000
	pigment { color rgbt <1,0,0,0> }
	no_shadow
}

// particle -1
sphere {
	<5.908019, 13.705401, 10.389711> 0.100000
	pigment { color rgbt <1,0,0,0> }
	no_shadow
}
sphere {
	0, 1
	scale<0.080000,0.200000,0.300000>
	matrix <0.296524, -0.430961, -0.852260,
		0.431444, 0.856589, -0.283039,
		0.852015, -0.283775, 0.439935,
		6.163623, 13.620269, 10.521691>
	pigment { color rgbt <0,1,1,0> }
	no_shadow
}
cylinder {
	<6.169065, 14.073498, 9.807561>,  <5.567213, 13.818912, 10.213737>, 0.130000
	pigment { color rgbt <1,0,0,0> }
	no_shadow
}

// nucleotide -1

// particle -1
sphere {
	<6.169065, 14.073498, 9.807561> 0.250000
	pigment { color rgbt <1,0,0,0> }
	no_shadow
}
cylinder {
	<6.318991, 13.777899, 10.031487>,  <6.408947, 13.600539, 10.165844>, 0.100000
	pigment { color rgbt <1,0,0,0> }
	no_shadow
}
cylinder {
	<6.318991, 13.777899, 10.031487>,  <6.169065, 14.073498, 9.807561>, 0.100000
	pigment { color rgbt <1,0,0,0> }
	no_shadow
}

// particle -1
sphere {
	<6.318991, 13.777899, 10.031487> 0.100000
	pigment { color rgbt <1,0,0,0> }
	no_shadow
}
sphere {
	0, 1
	scale<0.080000,0.200000,0.300000>
	matrix <0.451163, -0.382122, -0.806495,
		0.809917, 0.554856, 0.190184,
		0.374815, -0.738998, 0.559817,
		6.431436, 13.556199, 10.199432>
	pigment { color rgbt <0,1,1,0> }
	no_shadow
}
cylinder {
	<6.799281, 14.021591, 9.605092>,  <6.169065, 14.073498, 9.807561>, 0.130000
	pigment { color rgbt <1,0,0,0> }
	no_shadow
}

// nucleotide -1

// particle -1
sphere {
	<6.799281, 14.021591, 9.605092> 0.250000
	pigment { color rgbt <1,0,0,0> }
	no_shadow
}
cylinder {
	<6.722743, 13.675261, 9.790016>,  <6.676820, 13.467462, 9.900970>, 0.100000
	pigment { color rgbt <1,0,0,0> }
	no_shadow
}
cylinder {
	<6.722743, 13.675261, 9.790016>,  <6.799281, 14.021591, 9.605092>, 0.100000
	pigment { color rgbt <1,0,0,0> }
	no_shadow
}

// particle -1
sphere {
	<6.722743, 13.675261, 9.790016> 0.100000
	pigment { color rgbt <1,0,0,0> }
	no_shadow
}
sphere {
	0, 1
	scale<0.080000,0.200000,0.300000>
	matrix <0.429919, -0.497358, -0.753528,
		0.882358, 0.054572, 0.467403,
		-0.191346, -0.865827, 0.462309,
		6.665339, 13.415512, 9.928709>
	pigment { color rgbt <0,1,1,0> }
	no_shadow
}
cylinder {
	<7.387487, 13.729577, 9.654318>,  <6.799281, 14.021591, 9.605092>, 0.130000
	pigment { color rgbt <1,0,0,0> }
	no_shadow
}

// nucleotide -1

// particle -1
sphere {
	<7.387487, 13.729577, 9.654318> 0.250000
	pigment { color rgbt <1,0,0,0> }
	no_shadow
}
cylinder {
	<7.113280, 13.438545, 9.664827>,  <6.948755, 13.263926, 9.671133>, 0.100000
	pigment { color rgbt <1,0,0,0> }
	no_shadow
}
cylinder {
	<7.113280, 13.438545, 9.664827>,  <7.387487, 13.729577, 9.654318>, 0.100000
	pigment { color rgbt <1,0,0,0> }
	no_shadow
}

// particle -1
sphere {
	<7.113280, 13.438545, 9.664827> 0.100000
	pigment { color rgbt <1,0,0,0> }
	no_shadow
}
sphere {
	0, 1
	scale<0.080000,0.200000,0.300000>
	matrix <0.482223, -0.480790, -0.732326,
		0.545458, -0.489354, 0.680447,
		-0.685519, -0.727580, 0.026273,
		6.907624, 13.220271, 9.672709>
	pigment { color rgbt <0,1,1,0> }
	no_shadow
}
cylinder {
	<7.768983, 13.100420, 9.527318>,  <7.387487, 13.729577, 9.654318>, 0.130000
	pigment { color rgbt <1,0,0,0> }
	no_shadow
}

// nucleotide -1

// particle -1
sphere {
	<7.768983, 13.100420, 9.527318> 0.250000
	pigment { color rgbt <1,0,0,0> }
	no_shadow
}
cylinder {
	<7.388607, 12.995047, 9.462430>,  <7.160381, 12.931823, 9.423497>, 0.100000
	pigment { color rgbt <1,0,0,0> }
	no_shadow
}
cylinder {
	<7.388607, 12.995047, 9.462430>,  <7.768983, 13.100420, 9.527318>, 0.100000
	pigment { color rgbt <1,0,0,0> }
	no_shadow
}

// particle -1
sphere {
	<7.388607, 12.995047, 9.462430> 0.100000
	pigment { color rgbt <1,0,0,0> }
	no_shadow
}
sphere {
	0, 1
	scale<0.080000,0.200000,0.300000>
	matrix <0.283284, -0.530691, -0.798822,
		0.124348, -0.805586, 0.579282,
		-0.950940, -0.263433, -0.162219,
		7.103325, 12.916017, 9.413764>
	pigment { color rgbt <0,1,1,0> }
	no_shadow
}
cylinder {
	<7.788220, 12.351339, 9.501255>,  <7.768983, 13.100420, 9.527318>, 0.130000
	pigment { color rgbt <1,0,0,0> }
	no_shadow
}

// nucleotide -1

// particle -1
sphere {
	<7.788220, 12.351339, 9.501255> 0.250000
	pigment { color rgbt <1,0,0,0> }
	no_shadow
}
cylinder {
	<7.443559, 12.449900, 9.323789>,  <7.236762, 12.509036, 9.217309>, 0.100000
	pigment { color rgbt <1,0,0,0> }
	no_shadow
}
cylinder {
	<7.443559, 12.449900, 9.323789>,  <7.788220, 12.351339, 9.501255>, 0.100000
	pigment { color rgbt <1,0,0,0> }
	no_shadow
}

// particle -1
sphere {
	<7.443559, 12.449900, 9.323789> 0.100000
	pigment { color rgbt <1,0,0,0> }
	no_shadow
}
sphere {
	0, 1
	scale<0.080000,0.200000,0.300000>
	matrix <0.190782, -0.652830, -0.733086,
		-0.470271, -0.716310, 0.515504,
		-0.861654, 0.246401, -0.443666,
		7.185063, 12.523820, 9.190689>
	pigment { color rgbt <0,1,1,0> }
	no_shadow
}
cylinder {
	<7.492814, 11.774648, 9.298233>,  <7.788220, 12.351339, 9.501255>, 0.130000
	pigment { color rgbt <1,0,0,0> }
	no_shadow
}

// nucleotide -1

// particle -1
sphere {
	<7.492814, 11.774648, 9.298233> 0.250000
	pigment { color rgbt <1,0,0,0> }
	no_shadow
}
cylinder {
	<7.313675, 12.053740, 9.074589>,  <7.206192, 12.221195, 8.940402>, 0.100000
	pigment { color rgbt <1,0,0,0> }
	no_shadow
}
cylinder {
	<7.313675, 12.053740, 9.074589>,  <7.492814, 11.774648, 9.298233>, 0.100000
	pigment { color rgbt <1,0,0,0> }
	no_shadow
}

// particle -1
sphere {
	<7.313675, 12.053740, 9.074589> 0.100000
	pigment { color rgbt <1,0,0,0> }
	no_shadow
}
sphere {
	0, 1
	scale<0.080000,0.200000,0.300000>
	matrix <0.318287, -0.459954, -0.828936,
		-0.835540, -0.549194, -0.016090,
		-0.447847, 0.697731, -0.559111,
		7.179321, 12.263059, 8.906856>
	pigment { color rgbt <0,1,1,0> }
	no_shadow
}
cylinder {
	<6.931128, 11.467461, 8.982514>,  <7.492814, 11.774648, 9.298233>, 0.130000
	pigment { color rgbt <1,0,0,0> }
	no_shadow
}

// nucleotide -1

// particle -1
sphere {
	<6.931128, 11.467461, 8.982514> 0.250000
	pigment { color rgbt <1,0,0,0> }
	no_shadow
}
cylinder {
	<7.041850, 11.789313, 8.772391>,  <7.108284, 11.982425, 8.646317>, 0.100000
	pigment { color rgbt <1,0,0,0> }
	no_shadow
}
cylinder {
	<7.041850, 11.789313, 8.772391>,  <6.931128, 11.467461, 8.982514>, 0.100000
	pigment { color rgbt <1,0,0,0> }
	no_shadow
}

// particle -1
sphere {
	<7.041850, 11.789313, 8.772391> 0.100000
	pigment { color rgbt <1,0,0,0> }
	no_shadow
}
sphere {
	0, 1
	scale<0.080000,0.200000,0.300000>
	matrix <0.328982, -0.592985, -0.734941,
		-0.902856, 0.030619, -0.428851,
		0.276805, 0.804631, -0.525308,
		7.124892, 12.030703, 8.614799>
	pigment { color rgbt <0,1,1,0> }
	no_shadow
}
cylinder {
	<6.622891, 11.273495, 8.421208>,  <6.931128, 11.467461, 8.982514>, 0.130000
	pigment { color rgbt <1,0,0,0> }
	no_shadow
}

// nucleotide -1

// particle -1
sphere {
	<6.622891, 11.273495, 8.421208> 0.250000
	pigment { color rgbt <1,0,0,0> }
	no_shadow
}
cylinder {
	<6.880677, 11.563524, 8.324104>,  <7.035348, 11.737542, 8.265841>, 0.100000
	pigment { color rgbt <1,0,0,0> }
	no_shadow
}
cylinder {
	<6.880677, 11.563524, 8.324104>,  <6.622891, 11.273495, 8.421208>, 0.100000
	pigment { color rgbt <1,0,0,0> }
	no_shadow
}

// particle -1
sphere {
	<6.880677, 11.563524, 8.324104> 0.100000
	pigment { color rgbt <1,0,0,0> }
	no_shadow
}
sphere {
	0, 1
	scale<0.080000,0.200000,0.300000>
	matrix <0.206924, -0.471021, -0.857509,
		-0.736103, 0.502401, -0.453592,
		0.644465, 0.725074, -0.242761,
		7.074016, 11.781047, 8.251276>
	pigment { color rgbt <0,1,1,0> }
	no_shadow
}
cylinder {
	<6.533726, 11.458623, 7.709788>,  <6.622891, 11.273495, 8.421208>, 0.130000
	pigment { color rgbt <1,0,0,0> }
	no_shadow
}

// nucleotide -1

// particle -1
sphere {
	<6.533726, 11.458623, 7.709788> 0.250000
	pigment { color rgbt <1,0,0,0> }
	no_shadow
}
cylinder {
	<6.913260, 11.571017, 7.767420>,  <7.140980, 11.638453, 7.801999>, 0.100000
	pigment { color rgbt <1,0,0,0> }
	no_shadow
}
cylinder {
	<6.913260, 11.571017, 7.767420>,  <6.533726, 11.458623, 7.709788>, 0.100000
	pigment { color rgbt <1,0,0,0> }
	no_shadow
}

// particle -1
sphere {
	<6.913260, 11.571017, 7.767420> 0.100000
	pigment { color rgbt <1,0,0,0> }
	no_shadow
}
sphere {
	0, 1
	scale<0.080000,0.200000,0.300000>
	matrix <0.182608, -0.116010, -0.976317,
		-0.257616, 0.952675, -0.161385,
		0.948835, 0.280985, 0.144080,
		7.197911, 11.655313, 7.810644>
	pigment { color rgbt <0,1,1,0> }
	no_shadow
}
cylinder {
	<6.653115, 11.974833, 7.293635>,  <6.533726, 11.458623, 7.709788>, 0.130000
	pigment { color rgbt <1,0,0,0> }
	no_shadow
}

// nucleotide -1

// particle -1
sphere {
	<6.653115, 11.974833, 7.293635> 0.250000
	pigment { color rgbt <1,0,0,0> }
	no_shadow
}
cylinder {
	<7.015104, 11.819504, 7.363179>,  <7.232298, 11.726306, 7.404905>, 0.100000
	pigment { color rgbt <1,0,0,0> }
	no_shadow
}
cylinder {
	<7.015104, 11.819504, 7.363179>,  <6.653115, 11.974833, 7.293635>, 0.100000
	pigment { color rgbt <1,0,0,0> }
	no_shadow
}

// particle -1
sphere {
	<7.015104, 11.819504, 7.363179> 0.100000
	pigment { color rgbt <1,0,0,0> }
	no_shadow
}
sphere {
	0, 1
	scale<0.080000,0.200000,0.300000>
	matrix <0.108115, -0.185330, -0.976711,
		0.411501, 0.902695, -0.125736,
		0.904974, -0.388323, 0.173858,
		7.286597, 11.703007, 7.415336>
	pigment { color rgbt <0,1,1,0> }
	no_shadow
}
cylinder {
	<7.322665, 12.341726, 6.963085>,  <6.653115, 11.974833, 7.293635>, 0.130000
	pigment { color rgbt <1,0,0,0> }
	no_shadow
}

// nucleotide -1

// particle -1
sphere {
	<7.322665, 12.341726, 6.963085> 0.250000
	pigment { color rgbt <1,0,0,0> }
	no_shadow
}
cylinder {
	<7.356580, 11.945717, 7.008096>,  <7.376929, 11.708111, 7.035103>, 0.100000
	pigment { color rgbt <1,0,0,0> }
	no_shadow
}
cylinder {
	<7.356580, 11.945717, 7.008096>,  <7.322665, 12.341726, 6.963085>, 0.100000
	pigment { color rgbt <1,0,0,0> }
	no_shadow
}

// particle -1
sphere {
	<7.356580, 11.945717, 7.008096> 0.100000
	pigment { color rgbt <1,0,0,0> }
	no_shadow
}
sphere {
	0, 1
	scale<0.080000,0.200000,0.300000>
	matrix <0.132415, -0.100737, -0.986062,
		0.987561, 0.098507, 0.122553,
		0.084788, -0.990025, 0.112527,
		7.382016, 11.648709, 7.041854>
	pigment { color rgbt <0,1,1,0> }
	no_shadow
}
cylinder {
	<7.479813, 12.265816, 6.327232>,  <7.322665, 12.341726, 6.963085>, 0.130000
	pigment { color rgbt <1,0,0,0> }
	no_shadow
}

// nucleotide -1

// particle -1
sphere {
	<7.479813, 12.265816, 6.327232> 0.250000
	pigment { color rgbt <1,0,0,0> }
	no_shadow
}
cylinder {
	<7.432700, 11.914032, 6.511700>,  <7.404432, 11.702962, 6.622381>, 0.100000
	pigment { color rgbt <1,0,0,0> }
	no_shadow
}
cylinder {
	<7.432700, 11.914032, 6.511700>,  <7.479813, 12.265816, 6.327232>, 0.100000
	pigment { color rgbt <1,0,0,0> }
	no_shadow
}

// particle -1
sphere {
	<7.432700, 11.914032, 6.511700> 0.100000
	pigment { color rgbt <1,0,0,0> }
	no_shadow
}
sphere {
	0, 1
	scale<0.080000,0.200000,0.300000>
	matrix <0.304623, -0.474011, -0.826147,
		0.945163, 0.043177, 0.323734,
		-0.117782, -0.879460, 0.461170,
		7.397366, 11.650194, 6.650051>
	pigment { color rgbt <0,1,1,0> }
	no_shadow
}
cylinder {
	<8.146376, 12.668742, 5.972092>,  <7.479813, 12.265816, 6.327232>, 0.130000
	pigment { color rgbt <1,0,0,0> }
	no_shadow
}

// nucleotide -1

// particle -1
sphere {
	<8.146376, 12.668742, 5.972092> 0.250000
	pigment { color rgbt <1,0,0,0> }
	no_shadow
}
cylinder {
	<8.222847, 12.598699, 6.358416>,  <8.268729, 12.556672, 6.590210>, 0.100000
	pigment { color rgbt <1,0,0,0> }
	no_shadow
}
cylinder {
	<8.222847, 12.598699, 6.358416>,  <8.146376, 12.668742, 5.972092>, 0.100000
	pigment { color rgbt <1,0,0,0> }
	no_shadow
}

// particle -1
sphere {
	<8.222847, 12.598699, 6.358416> 0.100000
	pigment { color rgbt <1,0,0,0> }
	no_shadow
}
sphere {
	0, 1
	scale<0.080000,0.200000,0.300000>
	matrix <0.192580, 0.971526, 0.138025,
		-0.962478, 0.159608, 0.219455,
		0.191177, -0.175109, 0.965810,
		8.280200, 12.546165, 6.648159>
	pigment { color rgbt <0,1,1,0> }
	no_shadow
}
cylinder {
	<7.617774, 12.977164, 6.335299>,  <8.146376, 12.668742, 5.972092>, 0.130000
	pigment { color rgbt <1,0,0,0> }
	no_shadow
}

// nucleotide -1

// particle -1
sphere {
	<7.617774, 12.977164, 6.335299> 0.250000
	pigment { color rgbt <1,0,0,0> }
	no_shadow
}
cylinder {
	<7.971936, 12.959541, 6.520390>,  <8.184433, 12.948968, 6.631445>, 0.100000
	pigment { color rgbt <1,0,0,0> }
	no_shadow
}
cylinder {
	<7.971936, 12.959541, 6.520390>,  <7.617774, 12.977164, 6.335299>, 0.100000
	pigment { color rgbt <1,0,0,0> }
	no_shadow
}

// particle -1
sphere {
	<7.971936, 12.959541, 6.520390> 0.100000
	pigment { color rgbt <1,0,0,0> }
	no_shadow
}
sphere {
	0, 1
	scale<0.080000,0.200000,0.300000>
	matrix <0.006008, 0.996500, 0.083381,
		-0.464782, -0.071046, 0.882570,
		0.885405, -0.044057, 0.462728,
		8.237557, 12.946324, 6.659208>
	pigment { color rgbt <0,1,1,0> }
	no_shadow
}
cylinder {
	<7.637942, 13.556041, 6.724946>,  <7.617774, 12.977164, 6.335299>, 0.130000
	pigment { color rgbt <1,0,0,0> }
	no_shadow
}

// nucleotide -1

// particle -1
sphere {
	<7.637942, 13.556041, 6.724946> 0.250000
	pigment { color rgbt <1,0,0,0> }
	no_shadow
}
cylinder {
	<8.024527, 13.455329, 6.745173>,  <8.256477, 13.394901, 6.757310>, 0.100000
	pigment { color rgbt <1,0,0,0> }
	no_shadow
}
cylinder {
	<8.024527, 13.455329, 6.745173>,  <7.637942, 13.556041, 6.724946>, 0.100000
	pigment { color rgbt <1,0,0,0> }
	no_shadow
}

// particle -1
sphere {
	<8.024527, 13.455329, 6.745173> 0.100000
	pigment { color rgbt <1,0,0,0> }
	no_shadow
}
sphere {
	0, 1
	scale<0.080000,0.200000,0.300000>
	matrix <0.228352, 0.932640, 0.279353,
		-0.117497, -0.258437, 0.958856,
		0.966462, -0.251780, 0.050568,
		8.314466, 13.379795, 6.760344>
	pigment { color rgbt <0,1,1,0> }
	no_shadow
}
cylinder {
	<8.023707, 13.634872, 7.443878>,  <7.637942, 13.556041, 6.724946>, 0.130000
	pigment { color rgbt <1,0,0,0> }
	no_shadow
}

// nucleotide -1

// particle -1
sphere {
	<8.023707, 13.634872, 7.443878> 0.250000
	pigment { color rgbt <1,0,0,0> }
	no_shadow
}
cylinder {
	<8.316748, 13.660819, 7.172854>,  <8.492572, 13.676387, 7.010239>, 0.100000
	pigment { color rgbt <1,0,0,0> }
	no_shadow
}
cylinder {
	<8.316748, 13.660819, 7.172854>,  <8.023707, 13.634872, 7.443878>, 0.100000
	pigment { color rgbt <1,0,0,0> }
	no_shadow
}

// particle -1
sphere {
	<8.316748, 13.660819, 7.172854> 0.100000
	pigment { color rgbt <1,0,0,0> }
	no_shadow
}
sphere {
	0, 1
	scale<0.080000,0.200000,0.300000>
	matrix <0.230446, 0.913024, 0.336574,
		0.640462, -0.402715, 0.653934,
		0.732601, 0.064867, -0.677561,
		8.536528, 13.680279, 6.969585>
	pigment { color rgbt <0,1,1,0> }
	no_shadow
}
cylinder {
	<8.728012, 13.728579, 7.677218>,  <8.023707, 13.634872, 7.443878>, 0.130000
	pigment { color rgbt <1,0,0,0> }
	no_shadow
}

// nucleotide -1

// particle -1
sphere {
	<8.728012, 13.728579, 7.677218> 0.250000
	pigment { color rgbt <1,0,0,0> }
	no_shadow
}
cylinder {
	<8.697061, 13.928034, 7.331879>,  <8.678490, 14.047707, 7.124675>, 0.100000
	pigment { color rgbt <1,0,0,0> }
	no_shadow
}
cylinder {
	<8.697061, 13.928034, 7.331879>,  <8.728012, 13.728579, 7.677218>, 0.100000
	pigment { color rgbt <1,0,0,0> }
	no_shadow
}

// particle -1
sphere {
	<8.697061, 13.928034, 7.331879> 0.100000
	pigment { color rgbt <1,0,0,0> }
	no_shadow
}
sphere {
	0, 1
	scale<0.080000,0.200000,0.300000>
	matrix <0.185394, 0.858039, 0.478955,
		0.979613, -0.123000, -0.158838,
		-0.077378, 0.498638, -0.863350,
		8.673847, 14.077625, 7.072874>
	pigment { color rgbt <0,1,1,0> }
	no_shadow
}
cylinder {
	<9.348678, 14.102026, 7.498198>,  <8.728012, 13.728579, 7.677218>, 0.130000
	pigment { color rgbt <1,0,0,0> }
	no_shadow
}

// nucleotide -1

// particle -1
sphere {
	<9.348678, 14.102026, 7.498198> 0.250000
	pigment { color rgbt <1,0,0,0> }
	no_shadow
}
cylinder {
	<9.041137, 14.289193, 7.323880>,  <8.856612, 14.401493, 7.219289>, 0.100000
	pigment { color rgbt <1,0,0,0> }
	no_shadow
}
cylinder {
	<9.041137, 14.289193, 7.323880>,  <9.348678, 14.102026, 7.498198>, 0.100000
	pigment { color rgbt <1,0,0,0> }
	no_shadow
}

// particle -1
sphere {
	<9.041137, 14.289193, 7.323880> 0.100000
	pigment { color rgbt <1,0,0,0> }
	no_shadow
}
sphere {
	0, 1
	scale<0.080000,0.200000,0.300000>
	matrix <0.200705, 0.823699, 0.530318,
		0.607110, 0.320271, -0.727217,
		-0.768853, 0.467917, -0.435796,
		8.810481, 14.429568, 7.193141>
	pigment { color rgbt <0,1,1,0> }
	no_shadow
}
cylinder {
	<9.637150, 14.821599, 7.280087>,  <9.348678, 14.102026, 7.498198>, 0.130000
	pigment { color rgbt <1,0,0,0> }
	no_shadow
}

// nucleotide -1

// particle -1
sphere {
	<9.637150, 14.821599, 7.280087> 0.250000
	pigment { color rgbt <1,0,0,0> }
	no_shadow
}
cylinder {
	<9.246801, 14.814796, 7.367160>,  <9.012592, 14.810715, 7.419404>, 0.100000
	pigment { color rgbt <1,0,0,0> }
	no_shadow
}
cylinder {
	<9.246801, 14.814796, 7.367160>,  <9.637150, 14.821599, 7.280087>, 0.100000
	pigment { color rgbt <1,0,0,0> }
	no_shadow
}

// particle -1
sphere {
	<9.246801, 14.814796, 7.367160> 0.100000
	pigment { color rgbt <1,0,0,0> }
	no_shadow
}
sphere {
	0, 1
	scale<0.080000,0.200000,0.300000>
	matrix <0.135143, 0.736005, 0.663350,
		-0.171496, 0.676762, -0.715948,
		-0.975872, -0.017007, 0.217682,
		8.954040, 14.809694, 7.432465>
	pigment { color rgbt <0,1,1,0> }
	no_shadow
}
cylinder {
	<9.471781, 15.478988, 7.363143>,  <9.637150, 14.821599, 7.280087>, 0.130000
	pigment { color rgbt <1,0,0,0> }
	no_shadow
}

// nucleotide -1

// particle -1
sphere {
	<9.471781, 15.478988, 7.363143> 0.250000
	pigment { color rgbt <1,0,0,0> }
	no_shadow
}
cylinder {
	<9.181196, 15.286369, 7.559252>,  <9.006845, 15.170798, 7.676918>, 0.100000
	pigment { color rgbt <1,0,0,0> }
	no_shadow
}
cylinder {
	<9.181196, 15.286369, 7.559252>,  <9.471781, 15.478988, 7.363143>, 0.100000
	pigment { color rgbt <1,0,0,0> }
	no_shadow
}

// particle -1
sphere {
	<9.181196, 15.286369, 7.559252> 0.100000
	pigment { color rgbt <1,0,0,0> }
	no_shadow
}
sphere {
	0, 1
	scale<0.080000,0.200000,0.300000>
	matrix <0.021082, 0.697475, 0.716299,
		-0.686883, 0.530700, -0.496537,
		-0.726462, -0.481546, 0.490272,
		8.963258, 15.141906, 7.706334>
	pigment { color rgbt <0,1,1,0> }
	no_shadow
}
cylinder {
	<9.095673, 16.047832, 7.569322>,  <9.471781, 15.478988, 7.363143>, 0.130000
	pigment { color rgbt <1,0,0,0> }
	no_shadow
}

// nucleotide -1

// particle -1
sphere {
	<9.095673, 16.047832, 7.569322> 0.250000
	pigment { color rgbt <1,0,0,0> }
	no_shadow
}
cylinder {
	<9.003242, 15.735917, 7.802056>,  <8.947783, 15.548768, 7.941696>, 0.100000
	pigment { color rgbt <1,0,0,0> }
	no_shadow
}
cylinder {
	<9.003242, 15.735917, 7.802056>,  <9.095673, 16.047832, 7.569322>, 0.100000
	pigment { color rgbt <1,0,0,0> }
	no_shadow
}

// particle -1
sphere {
	<9.003242, 15.735917, 7.802056> 0.100000
	pigment { color rgbt <1,0,0,0> }
	no_shadow
}
sphere {
	0, 1
	scale<0.080000,0.200000,0.300000>
	matrix <0.194461, 0.548937, 0.812929,
		-0.953304, 0.300994, 0.024791,
		-0.231078, -0.779789, 0.581835,
		8.933918, 15.501981, 7.976606>
	pigment { color rgbt <0,1,1,0> }
	no_shadow
}
cylinder {
	<8.615439, 16.369534, 8.008232>,  <9.095673, 16.047832, 7.569322>, 0.130000
	pigment { color rgbt <1,0,0,0> }
	no_shadow
}

// nucleotide -1

// particle -1
sphere {
	<8.615439, 16.369534, 8.008232> 0.250000
	pigment { color rgbt <1,0,0,0> }
	no_shadow
}
cylinder {
	<8.718455, 16.032827, 8.198012>,  <8.780265, 15.830803, 8.311880>, 0.100000
	pigment { color rgbt <1,0,0,0> }
	no_shadow
}
cylinder {
	<8.718455, 16.032827, 8.198012>,  <8.615439, 16.369534, 8.008232>, 0.100000
	pigment { color rgbt <1,0,0,0> }
	no_shadow
}

// particle -1
sphere {
	<8.718455, 16.032827, 8.198012> 0.100000
	pigment { color rgbt <1,0,0,0> }
	no_shadow
}
sphere {
	0, 1
	scale<0.080000,0.200000,0.300000>
	matrix <0.135032, 0.517547, 0.844933,
		-0.956787, -0.153537, 0.246954,
		0.257539, -0.841767, 0.474450,
		8.795717, 15.780297, 8.340347>
	pigment { color rgbt <0,1,1,0> }
	no_shadow
}
cylinder {
	<8.186795, 16.376802, 8.554134>,  <8.615439, 16.369534, 8.008232>, 0.130000
	pigment { color rgbt <1,0,0,0> }
	no_shadow
}

// nucleotide -1

// particle -1
sphere {
	<8.186795, 16.376802, 8.554134> 0.250000
	pigment { color rgbt <1,0,0,0> }
	no_shadow
}
cylinder {
	<8.481838, 16.120554, 8.639496>,  <8.658864, 15.966805, 8.690713>, 0.100000
	pigment { color rgbt <1,0,0,0> }
	no_shadow
}
cylinder {
	<8.481838, 16.120554, 8.639496>,  <8.186795, 16.376802, 8.554134>, 0.100000
	pigment { color rgbt <1,0,0,0> }
	no_shadow
}

// particle -1
sphere {
	<8.481838, 16.120554, 8.639496> 0.100000
	pigment { color rgbt <1,0,0,0> }
	no_shadow
}
sphere {
	0, 1
	scale<0.080000,0.200000,0.300000>
	matrix <0.020291, 0.336933, 0.941310,
		-0.674925, -0.689987, 0.261523,
		0.737607, -0.640620, 0.213404,
		8.703120, 15.928368, 8.703517>
	pigment { color rgbt <0,1,1,0> }
	no_shadow
}
cylinder {
	<8.007681, 15.801470, 8.954698>,  <8.186795, 16.376802, 8.554134>, 0.130000
	pigment { color rgbt <1,0,0,0> }
	no_shadow
}

// nucleotide -1

// particle -1
sphere {
	<8.007681, 15.801470, 8.954698> 0.250000
	pigment { color rgbt <1,0,0,0> }
	no_shadow
}
cylinder {
	<8.397838, 15.824543, 9.039816>,  <8.631932, 15.838387, 9.090887>, 0.100000
	pigment { color rgbt <1,0,0,0> }
	no_shadow
}
cylinder {
	<8.397838, 15.824543, 9.039816>,  <8.007681, 15.801470, 8.954698>, 0.100000
	pigment { color rgbt <1,0,0,0> }
	no_shadow
}

// particle -1
sphere {
	<8.397838, 15.824543, 9.039816> 0.100000
	pigment { color rgbt <1,0,0,0> }
	no_shadow
}
sphere {
	0, 1
	scale<0.080000,0.200000,0.300000>
	matrix <-0.218916, 0.138784, 0.965823,
		0.026177, -0.988641, 0.147997,
		0.975392, 0.057681, 0.212796,
		8.690455, 15.841848, 9.103655>
	pigment { color rgbt <0,1,1,0> }
	no_shadow
}
cylinder {
	<8.139942, 15.414946, 9.594188>,  <8.007681, 15.801470, 8.954698>, 0.130000
	pigment { color rgbt <1,0,0,0> }
	no_shadow
}

// nucleotide -1

// particle -1
sphere {
	<8.139942, 15.414946, 9.594188> 0.250000
	pigment { color rgbt <1,0,0,0> }
	no_shadow
}
cylinder {
	<8.468424, 15.638125, 9.546332>,  <8.665513, 15.772034, 9.517619>, 0.100000
	pigment { color rgbt <1,0,0,0> }
	no_shadow
}
cylinder {
	<8.468424, 15.638125, 9.546332>,  <8.139942, 15.414946, 9.594188>, 0.100000
	pigment { color rgbt <1,0,0,0> }
	no_shadow
}

// particle -1
sphere {
	<8.468424, 15.638125, 9.546332> 0.100000
	pigment { color rgbt <1,0,0,0> }
	no_shadow
}
sphere {
	0, 1
	scale<0.080000,0.200000,0.300000>
	matrix <0.071751, 0.107035, 0.991663,
		0.566105, -0.822943, 0.047864,
		0.821205, 0.557951, -0.119640,
		8.714786, 15.805511, 9.510441>
	pigment { color rgbt <0,1,1,0> }
	no_shadow
}
cylinder {
	<8.454835, 15.307924, 10.197628>,  <8.139942, 15.414946, 9.594188>, 0.130000
	pigment { color rgbt <1,0,0,0> }
	no_shadow
}

// nucleotide -1

// particle -1
sphere {
	<8.454835, 15.307924, 10.197628> 0.250000
	pigment { color rgbt <1,0,0,0> }
	no_shadow
}
cylinder {
	<8.674359, 15.615742, 10.067024>,  <8.806074, 15.800432, 9.988662>, 0.100000
	pigment { color rgbt <1,0,0,0> }
	no_shadow
}
cylinder {
	<8.674359, 15.615742, 10.067024>,  <8.454835, 15.307924, 10.197628>, 0.100000
	pigment { color rgbt <1,0,0,0> }
	no_shadow
}

// particle -1
sphere {
	<8.674359, 15.615742, 10.067024> 0.100000
	pigment { color rgbt <1,0,0,0> }
	no_shadow
}
sphere {
	0, 1
	scale<0.080000,0.200000,0.300000>
	matrix <0.126790, 0.309440, 0.942428,
		0.826275, -0.558613, 0.072253,
		0.548811, 0.769544, -0.326509,
		8.839003, 15.846605, 9.969071>
	pigment { color rgbt <0,1,1,0> }
	no_shadow
}
cylinder {
	<9.192921, 15.323804, 10.406748>,  <8.454835, 15.307924, 10.197628>, 0.130000
	pigment { color rgbt <1,0,0,0> }
	no_shadow
}

// nucleotide -1

// particle -1
sphere {
	<9.192921, 15.323804, 10.406748> 0.250000
	pigment { color rgbt <1,0,0,0> }
	no_shadow
}
cylinder {
	<9.067262, 15.698578, 10.345477>,  <8.991866, 15.923443, 10.308715>, 0.100000
	pigment { color rgbt <1,0,0,0> }
	no_shadow
}
cylinder {
