// switches for output
#declare DRAW_BASES = 1; // possible values are 0, 1; only relevant for DNA ribbons
#declare DRAW_BASES_TYPE = 3; // possible values are 1, 2, 3; only relevant for DNA ribbons
#declare DRAW_FOG = 0; // set to 1 to enable fog

#include "colors.inc"

#include "transforms.inc"
background { rgb <1, 1, 1>}

#default {
   normal{
       ripples 0.25
       frequency 0.20
       turbulence 0.2
       lambda 5
   }
	finish {
		phong 0.1
		phong_size 40.
	}
}

// original window dimensions: 1024x640


// camera settings

camera {
	sky <0, 0.179814, -0.983701>
	up <0, 0.179814, -0.983701>
	right 1.6 * <1, 0, 0>
	location <25.469, 94.9851, 44.8844>
	look_at <25.469, 29.3977, 32.8955>
	direction <0, -65.5874, -11.9889>
	angle 67.0682
}


# declare cpy_camera_pos = <25.469, 94.9851, 44.8844>;
# if (DRAW_FOG = 1)
fog {
	fog_type 2
	up vnormalize(cpy_camera_pos)
	color rgbt<1,1,1,0.3>
	distance 1e-5
	fog_alt 3e-3
	fog_offset 28
}
# end


// LIGHTS

# declare lum = 6;
global_settings {
	ambient_light rgb lum * <0.05, 0.05, 0.05>
	max_trace_level 15
}# declare cpy_direct_light_amount = 0.25;
light_source
{	1000 * <-1, -1.16351, -0.803887>,
	rgb lum * cpy_direct_light_amount
	parallel
}

light_source
{	1000 * <1, 1.16351, 0.803887>,
	rgb lum * cpy_direct_light_amount
	parallel
}

// strand 0

// nucleotide -1

// particle -1
sphere {
	<3.912812, 14.936782, 15.141248> 0.250000
	pigment { color rgbt <1,0,0,0> }
	no_shadow
}
cylinder {
	<4.239776, 15.080672, 14.961277>,  <4.435955, 15.167006, 14.853294>, 0.100000
	pigment { color rgbt <1,0,0,0> }
	no_shadow
}
cylinder {
	<4.239776, 15.080672, 14.961277>,  <3.912812, 14.936782, 15.141248>, 0.100000
	pigment { color rgbt <1,0,0,0> }
	no_shadow
}

// particle -1
sphere {
	<4.239776, 15.080672, 14.961277> 0.100000
	pigment { color rgbt <1,0,0,0> }
	no_shadow
}
sphere {
	0, 1
	scale<0.080000,0.200000,0.300000>
	matrix <-0.553384, 0.707314, -0.439856,
		0.160012, 0.608526, 0.777234,
		0.817412, 0.359727, -0.449927,
		4.485000, 15.188590, 14.826299>
	pigment { color rgbt <0,1,1,0> }
	no_shadow
}
cylinder {
	<3.984654, 15.636229, 15.285116>,  <3.912812, 14.936782, 15.141248>, 0.130000
	pigment { color rgbt <1,0,0,0> }
	no_shadow
}

// nucleotide -1

// particle -1
sphere {
	<3.984654, 15.636229, 15.285116> 0.250000
	pigment { color rgbt <1,0,0,0> }
	no_shadow
}
cylinder {
	<4.181919, 15.590487, 14.940161>,  <4.300278, 15.563041, 14.733188>, 0.100000
	pigment { color rgbt <1,0,0,0> }
	no_shadow
}
cylinder {
	<4.181919, 15.590487, 14.940161>,  <3.984654, 15.636229, 15.285116>, 0.100000
	pigment { color rgbt <1,0,0,0> }
	no_shadow
}

// particle -1
sphere {
	<4.181919, 15.590487, 14.940161> 0.100000
	pigment { color rgbt <1,0,0,0> }
	no_shadow
}
sphere {
	0, 1
	scale<0.080000,0.200000,0.300000>
	matrix <-0.532532, 0.744196, -0.403215,
		0.687896, 0.658100, 0.306111,
		0.493162, -0.114356, -0.862389,
		4.329868, 15.556180, 14.681444>
	pigment { color rgbt <0,1,1,0> }
	no_shadow
}
cylinder {
	<4.365661, 15.136456, 15.873921>,  <3.984654, 15.636229, 15.285116>, 0.130000
	pigment { color rgbt <1,0,0,0> }
	no_shadow
}

// nucleotide -1

// particle -1
sphere {
	<4.365661, 15.136456, 15.873921> 0.250000
	pigment { color rgbt <1,0,0,0> }
	no_shadow
}
cylinder {
	<4.245220, 14.818346, 15.663445>,  <4.172955, 14.627480, 15.537160>, 0.100000
	pigment { color rgbt <1,0,0,0> }
	no_shadow
}
cylinder {
	<4.245220, 14.818346, 15.663445>,  <4.365661, 15.136456, 15.873921>, 0.100000
	pigment { color rgbt <1,0,0,0> }
	no_shadow
}

// particle -1
sphere {
	<4.245220, 14.818346, 15.663445> 0.100000
	pigment { color rgbt <1,0,0,0> }
	no_shadow
}
sphere {
	0, 1
	scale<0.080000,0.200000,0.300000>
	matrix <0.846821, -0.476701, 0.235903,
		-0.438443, -0.374557, 0.816991,
		-0.301102, -0.795275, -0.526189,
		4.154889, 14.579763, 15.505589>
	pigment { color rgbt <0,1,1,0> }
	no_shadow
}
cylinder {
	<4.193337, 14.460206, 16.340010>,  <4.365661, 15.136456, 15.873921>, 0.130000
	pigment { color rgbt <1,0,0,0> }
	no_shadow
}

// nucleotide -1

// particle -1
sphere {
	<4.193337, 14.460206, 16.340010> 0.250000
	pigment { color rgbt <1,0,0,0> }
	no_shadow
}
cylinder {
	<4.337428, 14.424885, 15.968539>,  <4.423882, 14.403692, 15.745657>, 0.100000
	pigment { color rgbt <1,0,0,0> }
	no_shadow
}
cylinder {
	<4.337428, 14.424885, 15.968539>,  <4.193337, 14.460206, 16.340010>, 0.100000
	pigment { color rgbt <1,0,0,0> }
	no_shadow
}

// particle -1
sphere {
	<4.337428, 14.424885, 15.968539> 0.100000
	pigment { color rgbt <1,0,0,0> }
	no_shadow
}
sphere {
	0, 1
	scale<0.080000,0.200000,0.300000>
	matrix <0.883632, -0.286834, 0.370027,
		-0.299051, -0.953902, -0.025297,
		0.360226, -0.088304, -0.928676,
		4.445496, 14.398394, 15.689937>
	pigment { color rgbt <0,1,1,0> }
	no_shadow
}
cylinder {
	<4.557613, 13.748292, 16.480354>,  <4.193337, 14.460206, 16.340010>, 0.130000
	pigment { color rgbt <1,0,0,0> }
	no_shadow
}

// nucleotide -1

// particle -1
sphere {
	<4.557613, 13.748292, 16.480354> 0.250000
	pigment { color rgbt <1,0,0,0> }
	no_shadow
}
cylinder {
	<4.720611, 13.965898, 16.186960>,  <4.818409, 14.096460, 16.010923>, 0.100000
	pigment { color rgbt <1,0,0,0> }
	no_shadow
}
cylinder {
	<4.720611, 13.965898, 16.186960>,  <4.557613, 13.748292, 16.480354>, 0.100000
	pigment { color rgbt <1,0,0,0> }
	no_shadow
}

// particle -1
sphere {
	<4.720611, 13.965898, 16.186960> 0.100000
	pigment { color rgbt <1,0,0,0> }
	no_shadow
}
sphere {
	0, 1
	scale<0.080000,0.200000,0.300000>
	matrix <0.905248, -0.134818, 0.402927,
		0.120311, -0.828175, -0.547405,
		0.407495, 0.544013, -0.733483,
		4.842859, 14.129102, 15.966915>
	pigment { color rgbt <0,1,1,0> }
	no_shadow
}
cylinder {
	<5.081163, 13.355598, 16.206627>,  <4.557613, 13.748292, 16.480354>, 0.130000
	pigment { color rgbt <1,0,0,0> }
	no_shadow
}

// nucleotide -1

// particle -1
sphere {
	<5.081163, 13.355598, 16.206627> 0.250000
	pigment { color rgbt <1,0,0,0> }
	no_shadow
}
cylinder {
	<5.187451, 13.727832, 16.105902>,  <5.251224, 13.951172, 16.045467>, 0.100000
	pigment { color rgbt <1,0,0,0> }
	no_shadow
}
cylinder {
	<5.187451, 13.727832, 16.105902>,  <5.081163, 13.355598, 16.206627>, 0.100000
	pigment { color rgbt <1,0,0,0> }
	no_shadow
}

// particle -1
sphere {
	<5.187451, 13.727832, 16.105902> 0.100000
	pigment { color rgbt <1,0,0,0> }
	no_shadow
}
sphere {
	0, 1
	scale<0.080000,0.200000,0.300000>
	matrix <0.940411, -0.192716, 0.280157,
		0.212181, -0.311249, -0.926339,
		0.265719, 0.930583, -0.251811,
		5.267167, 14.007007, 16.030357>
	pigment { color rgbt <0,1,1,0> }
	no_shadow
}
cylinder {
	<5.691499, 13.349116, 15.717074>,  <5.081163, 13.355598, 16.206627>, 0.130000
	pigment { color rgbt <1,0,0,0> }
	no_shadow
}

// nucleotide -1

// particle -1
sphere {
	<5.691499, 13.349116, 15.717074> 0.250000
	pigment { color rgbt <1,0,0,0> }
	no_shadow
}
cylinder {
	<5.679331, 13.718975, 15.868918>,  <5.672031, 13.940890, 15.960025>, 0.100000
	pigment { color rgbt <1,0,0,0> }
	no_shadow
}
cylinder {
	<5.679331, 13.718975, 15.868918>,  <5.691499, 13.349116, 15.717074>, 0.100000
	pigment { color rgbt <1,0,0,0> }
	no_shadow
}

// particle -1
sphere {
	<5.679331, 13.718975, 15.868918> 0.100000
	pigment { color rgbt <1,0,0,0> }
	no_shadow
}
sphere {
	0, 1
	scale<0.080000,0.200000,0.300000>
	matrix <0.996299, -0.002496, 0.085914,
		0.080387, 0.380820, -0.921148,
		-0.030419, 0.924646, 0.379611,
		5.670206, 13.996368, 15.982801>
	pigment { color rgbt <0,1,1,0> }
	no_shadow
}
cylinder {
	<6.322852, 13.608955, 15.450358>,  <5.691499, 13.349116, 15.717074>, 0.130000
	pigment { color rgbt <1,0,0,0> }
	no_shadow
}

// nucleotide -1

// particle -1
sphere {
	<6.322852, 13.608955, 15.450358> 0.250000
	pigment { color rgbt <1,0,0,0> }
	no_shadow
}
cylinder {
	<6.240555, 13.872632, 15.739671>,  <6.191177, 14.030838, 15.913259>, 0.100000
	pigment { color rgbt <1,0,0,0> }
	no_shadow
}
cylinder {
	<6.240555, 13.872632, 15.739671>,  <6.322852, 13.608955, 15.450358>, 0.100000
	pigment { color rgbt <1,0,0,0> }
	no_shadow
}

// particle -1
sphere {
	<6.240555, 13.872632, 15.739671> 0.100000
	pigment { color rgbt <1,0,0,0> }
	no_shadow
}
sphere {
	0, 1
	scale<0.080000,0.200000,0.300000>
	matrix <0.960708, -0.004655, 0.277522,
		0.186307, 0.751961, -0.632333,
		-0.205742, 0.659191, 0.723282,
		6.178833, 14.070390, 15.956656>
	pigment { color rgbt <0,1,1,0> }
	no_shadow
}
cylinder {
	<6.936076, 14.051084, 15.495595>,  <6.322852, 13.608955, 15.450358>, 0.130000
	pigment { color rgbt <1,0,0,0> }
	no_shadow
}

// nucleotide -1

// particle -1
sphere {
	<6.936076, 14.051084, 15.495595> 0.250000
	pigment { color rgbt <1,0,0,0> }
	no_shadow
}
cylinder {
	<6.734490, 14.090279, 15.838854>,  <6.613538, 14.113796, 16.044809>, 0.100000
	pigment { color rgbt <1,0,0,0> }
	no_shadow
}
cylinder {
	<6.734490, 14.090279, 15.838854>,  <6.936076, 14.051084, 15.495595>, 0.100000
	pigment { color rgbt <1,0,0,0> }
	no_shadow
}

// particle -1
sphere {
	<6.734490, 14.090279, 15.838854> 0.100000
	pigment { color rgbt <1,0,0,0> }
	no_shadow
}
sphere {
	0, 1
	scale<0.080000,0.200000,0.300000>
	matrix <0.855150, -0.083040, 0.511687,
		0.121399, 0.991717, -0.041945,
		-0.503966, 0.097988, 0.858147,
		6.583300, 14.119675, 16.096298>
	pigment { color rgbt <0,1,1,0> }
	no_shadow
}
cylinder {
	<7.313503, 14.514876, 15.926782>,  <6.936076, 14.051084, 15.495595>, 0.130000
	pigment { color rgbt <1,0,0,0> }
	no_shadow
}

// nucleotide -1

// particle -1
sphere {
	<7.313503, 14.514876, 15.926782> 0.250000
	pigment { color rgbt <1,0,0,0> }
	no_shadow
}
cylinder {
	<7.076416, 14.273896, 16.140600>,  <6.934163, 14.129309, 16.268890>, 0.100000
	pigment { color rgbt <1,0,0,0> }
	no_shadow
}
cylinder {
	<7.076416, 14.273896, 16.140600>,  <7.313503, 14.514876, 15.926782>, 0.100000
	pigment { color rgbt <1,0,0,0> }
	no_shadow
}

// particle -1
sphere {
	<7.076416, 14.273896, 16.140600> 0.100000
	pigment { color rgbt <1,0,0,0> }
	no_shadow
}
sphere {
	0, 1
	scale<0.080000,0.200000,0.300000>
	matrix <0.804794, -0.417073, 0.422323,
		-0.031484, 0.680517, 0.732055,
		-0.592719, -0.602450, 0.534545,
		6.898600, 14.093162, 16.300964>
	pigment { color rgbt <0,1,1,0> }
	no_shadow
}
cylinder {
	<7.590521, 14.534826, 16.560375>,  <7.313503, 14.514876, 15.926782>, 0.130000
	pigment { color rgbt <1,0,0,0> }
	no_shadow
}

// nucleotide -1

// particle -1
sphere {
	<7.590521, 14.534826, 16.560375> 0.250000
	pigment { color rgbt <1,0,0,0> }
	no_shadow
}
cylinder {
	<7.366543, 14.203452, 16.555359>,  <7.232156, 14.004628, 16.552349>, 0.100000
	pigment { color rgbt <1,0,0,0> }
	no_shadow
}
cylinder {
	<7.366543, 14.203452, 16.555359>,  <7.590521, 14.534826, 16.560375>, 0.100000
	pigment { color rgbt <1,0,0,0> }
	no_shadow
}

// particle -1
sphere {
	<7.366543, 14.203452, 16.555359> 0.100000
	pigment { color rgbt <1,0,0,0> }
	no_shadow
}
sphere {
	0, 1
	scale<0.080000,0.200000,0.300000>
	matrix <0.725910, -0.497832, 0.474572,
		-0.399395, 0.256631, 0.880127,
		-0.559946, -0.828435, -0.012541,
		7.198560, 13.954922, 16.551598>
	pigment { color rgbt <0,1,1,0> }
	no_shadow
}
cylinder {
	<7.793739, 14.267550, 17.140514>,  <7.590521, 14.534826, 16.560375>, 0.130000
	pigment { color rgbt <1,0,0,0> }
	no_shadow
}

// nucleotide -1

// particle -1
sphere {
	<7.793739, 14.267550, 17.140514> 0.250000
	pigment { color rgbt <1,0,0,0> }
	no_shadow
}
cylinder {
	<7.608001, 13.991430, 16.918570>,  <7.496558, 13.825759, 16.785402>, 0.100000
	pigment { color rgbt <1,0,0,0> }
	no_shadow
}
cylinder {
	<7.608001, 13.991430, 16.918570>,  <7.793739, 14.267550, 17.140514>, 0.100000
	pigment { color rgbt <1,0,0,0> }
	no_shadow
}

// particle -1
sphere {
	<7.608001, 13.991430, 16.918570> 0.100000
	pigment { color rgbt <1,0,0,0> }
	no_shadow
}
sphere {
	0, 1
	scale<0.080000,0.200000,0.300000>
	matrix <0.760587, -0.631790, 0.149496,
		-0.453752, -0.352602, 0.818401,
		-0.464346, -0.690299, -0.554861,
		7.468698, 13.784341, 16.752111>
	pigment { color rgbt <0,1,1,0> }
	no_shadow
}
cylinder {
	<7.823494, 13.697381, 17.573460>,  <7.793739, 14.267550, 17.140514>, 0.130000
	pigment { color rgbt <1,0,0,0> }
	no_shadow
}

// nucleotide -1

// particle -1
sphere {
	<7.823494, 13.697381, 17.573460> 0.250000
	pigment { color rgbt <1,0,0,0> }
	no_shadow
}
cylinder {
	<7.789754, 13.583802, 17.191410>,  <7.769511, 13.515655, 16.962181>, 0.100000
	pigment { color rgbt <1,0,0,0> }
	no_shadow
}
cylinder {
	<7.789754, 13.583802, 17.191410>,  <7.823494, 13.697381, 17.573460>, 0.100000
	pigment { color rgbt <1,0,0,0> }
	no_shadow
}

// particle -1
sphere {
	<7.789754, 13.583802, 17.191410> 0.100000
	pigment { color rgbt <1,0,0,0> }
	no_shadow
}
sphere {
	0, 1
	scale<0.080000,0.200000,0.300000>
	matrix <0.800072, -0.590654, 0.104940,
		-0.593945, -0.755315, 0.277000,
		-0.084348, -0.283948, -0.955122,
		7.764450, 13.498618, 16.904873>
	pigment { color rgbt <0,1,1,0> }
	no_shadow
}
cylinder {
	<7.870183, 12.986171, 17.523010>,  <7.823494, 13.697381, 17.573460>, 0.130000
	pigment { color rgbt <1,0,0,0> }
	no_shadow
}

// nucleotide -1

// particle -1
sphere {
	<7.870183, 12.986171, 17.523010> 0.250000
	pigment { color rgbt <1,0,0,0> }
	no_shadow
}
cylinder {
	<7.940059, 13.096033, 17.144794>,  <7.981985, 13.161950, 16.917864>, 0.100000
	pigment { color rgbt <1,0,0,0> }
	no_shadow
}
cylinder {
	<7.940059, 13.096033, 17.144794>,  <7.870183, 12.986171, 17.523010>, 0.100000
	pigment { color rgbt <1,0,0,0> }
	no_shadow
}

// particle -1
sphere {
	<7.940059, 13.096033, 17.144794> 0.100000
	pigment { color rgbt <1,0,0,0> }
	no_shadow
}
sphere {
	0, 1
	scale<0.080000,0.200000,0.300000>
	matrix <0.787611, -0.615278, -0.033210,
		-0.590891, -0.738917, -0.323805,
		0.174690, 0.274655, -0.945541,
		7.992466, 13.178430, 16.861132>
	pigment { color rgbt <0,1,1,0> }
	no_shadow
}
cylinder {
	<8.055921, 12.393225, 17.221502>,  <7.870183, 12.986171, 17.523010>, 0.130000
	pigment { color rgbt <1,0,0,0> }
	no_shadow
}

// nucleotide -1

// particle -1
sphere {
	<8.055921, 12.393225, 17.221502> 0.250000
	pigment { color rgbt <1,0,0,0> }
	no_shadow
}
cylinder {
	<8.206722, 12.641889, 16.946865>,  <8.297203, 12.791087, 16.782084>, 0.100000
	pigment { color rgbt <1,0,0,0> }
	no_shadow
}
cylinder {
	<8.206722, 12.641889, 16.946865>,  <8.055921, 12.393225, 17.221502>, 0.100000
	pigment { color rgbt <1,0,0,0> }
	no_shadow
}

// particle -1
sphere {
	<8.206722, 12.641889, 16.946865> 0.100000
	pigment { color rgbt <1,0,0,0> }
	no_shadow
}
sphere {
	0, 1
	scale<0.080000,0.200000,0.300000>
	matrix <0.783468, -0.609421, -0.121587,
		-0.494009, -0.492083, -0.716805,
		0.377005, 0.621659, -0.686591,
		8.319824, 12.828386, 16.740889>
	pigment { color rgbt <0,1,1,0> }
	no_shadow
}
cylinder {
	<8.487259, 11.950150, 16.891386>,  <8.055921, 12.393225, 17.221502>, 0.130000
	pigment { color rgbt <1,0,0,0> }
	no_shadow
}

// nucleotide -1

// particle -1
sphere {
	<8.487259, 11.950150, 16.891386> 0.250000
	pigment { color rgbt <1,0,0,0> }
	no_shadow
}
cylinder {
	<8.614063, 12.293439, 16.729912>,  <8.690145, 12.499412, 16.633028>, 0.100000
	pigment { color rgbt <1,0,0,0> }
	no_shadow
}
cylinder {
	<8.614063, 12.293439, 16.729912>,  <8.487259, 11.950150, 16.891386>, 0.100000
	pigment { color rgbt <1,0,0,0> }
	no_shadow
}

// particle -1
sphere {
	<8.614063, 12.293439, 16.729912> 0.100000
	pigment { color rgbt <1,0,0,0> }
	no_shadow
}
sphere {
	0, 1
	scale<0.080000,0.200000,0.300000>
	matrix <0.879443, -0.425354, -0.213669,
		-0.355084, -0.287282, -0.889598,
		0.317010, 0.858221, -0.403685,
		8.709167, 12.550905, 16.608807>
	pigment { color rgbt <0,1,1,0> }
	no_shadow
}
cylinder {
	<8.758414, 11.892540, 16.123297>,  <8.487259, 11.950150, 16.891386>, 0.130000
	pigment { color rgbt <1,0,0,0> }
	no_shadow
}

// nucleotide -1

// particle -1
sphere {
	<8.758414, 11.892540, 16.123297> 0.250000
	pigment { color rgbt <1,0,0,0> }
	no_shadow
}
cylinder {
	<8.943295, 12.206605, 16.288166>,  <9.054224, 12.395044, 16.387089>, 0.100000
	pigment { color rgbt <1,0,0,0> }
	no_shadow
}
cylinder {
	<8.943295, 12.206605, 16.288166>,  <8.758414, 11.892540, 16.123297>, 0.100000
	pigment { color rgbt <1,0,0,0> }
	no_shadow
}

// particle -1
sphere {
	<8.943295, 12.206605, 16.288166> 0.100000
	pigment { color rgbt <1,0,0,0> }
	no_shadow
}
sphere {
	0, 1
	scale<0.080000,0.200000,0.300000>
	matrix <0.863333, -0.292262, -0.411386,
		-0.202542, 0.545988, -0.812941,
		0.462204, 0.785162, 0.412174,
		9.081957, 12.442154, 16.411818>
	pigment { color rgbt <0,1,1,0> }
	no_shadow
}
cylinder {
	<9.192242, 12.231426, 15.564705>,  <8.758414, 11.892540, 16.123297>, 0.130000
	pigment { color rgbt <1,0,0,0> }
	no_shadow
}

// nucleotide -1

// particle -1
sphere {
	<9.192242, 12.231426, 15.564705> 0.250000
	pigment { color rgbt <1,0,0,0> }
	no_shadow
}
cylinder {
	<9.358038, 12.338105, 15.912744>,  <9.457516, 12.402113, 16.121567>, 0.100000
	pigment { color rgbt <1,0,0,0> }
	no_shadow
}
cylinder {
	<9.358038, 12.338105, 15.912744>,  <9.192242, 12.231426, 15.564705>, 0.100000
	pigment { color rgbt <1,0,0,0> }
	no_shadow
}

// particle -1
sphere {
	<9.358038, 12.338105, 15.912744> 0.100000
	pigment { color rgbt <1,0,0,0> }
	no_shadow
}
sphere {
	0, 1
	scale<0.080000,0.200000,0.300000>
	matrix <0.893242, -0.302151, -0.332902,
		0.174117, 0.915192, -0.363465,
		0.414490, 0.266698, 0.870098,
		9.482385, 12.418115, 16.173773>
	pigment { color rgbt <0,1,1,0> }
	no_shadow
}
cylinder {
	<9.690430, 12.698741, 15.440495>,  <9.192242, 12.231426, 15.564705>, 0.130000
	pigment { color rgbt <1,0,0,0> }
	no_shadow
}

// nucleotide -1

// particle -1
sphere {
	<9.690430, 12.698741, 15.440495> 0.250000
	pigment { color rgbt <1,0,0,0> }
	no_shadow
}
cylinder {
	<9.807354, 12.581269, 15.804540>,  <9.877508, 12.510786, 16.022966>, 0.100000
	pigment { color rgbt <1,0,0,0> }
	no_shadow
}
cylinder {
	<9.807354, 12.581269, 15.804540>,  <9.690430, 12.698741, 15.440495>, 0.100000
	pigment { color rgbt <1,0,0,0> }
	no_shadow
}

// particle -1
sphere {
	<9.807354, 12.581269, 15.804540> 0.100000
	pigment { color rgbt <1,0,0,0> }
	no_shadow
}
sphere {
	0, 1
	scale<0.080000,0.200000,0.300000>
	matrix <0.915794, -0.188157, -0.354850,
		0.275456, 0.937203, 0.213949,
		0.292310, -0.293679, 0.910114,
		9.895047, 12.493166, 16.077574>
	pigment { color rgbt <0,1,1,0> }
	no_shadow
}
cylinder {
	<10.284857, 13.073649, 15.552429>,  <9.690430, 12.698741, 15.440495>, 0.130000
	pigment { color rgbt <1,0,0,0> }
	no_shadow
}

// nucleotide -1

// particle -1
sphere {
	<10.284857, 13.073649, 15.552429> 0.250000
	pigment { color rgbt <1,0,0,0> }
	no_shadow
}
cylinder {
	<10.323457, 12.768747, 15.808447>,  <10.346617, 12.585806, 15.962057>, 0.100000
	pigment { color rgbt <1,0,0,0> }
	no_shadow
}
cylinder {
	<10.323457, 12.768747, 15.808447>,  <10.284857, 13.073649, 15.552429>, 0.100000
	pigment { color rgbt <1,0,0,0> }
	no_shadow
}

// particle -1
sphere {
	<10.323457, 12.768747, 15.808447> 0.100000
	pigment { color rgbt <1,0,0,0> }
	no_shadow
}
sphere {
	0, 1
	scale<0.080000,0.200000,0.300000>
	matrix <0.950620, -0.119990, -0.286226,
		0.294976, 0.636058, 0.713035,
		0.096499, -0.762255, 0.640043,
		10.352407, 12.540071, 16.000460>
	pigment { color rgbt <0,1,1,0> }
	no_shadow
}
cylinder {
	<10.893524, 13.164692, 16.017788>,  <10.284857, 13.073649, 15.552429>, 0.130000
	pigment { color rgbt <1,0,0,0> }
	no_shadow
}

// nucleotide -1

// particle -1
sphere {
	<10.893524, 13.164692, 16.017788> 0.250000
	pigment { color rgbt <1,0,0,0> }
	no_shadow
}
cylinder {
	<10.837220, 12.769699, 16.046255>,  <10.803438, 12.532703, 16.063335>, 0.100000
	pigment { color rgbt <1,0,0,0> }
	no_shadow
}
cylinder {
	<10.837220, 12.769699, 16.046255>,  <10.893524, 13.164692, 16.017788>, 0.100000
	pigment { color rgbt <1,0,0,0> }
	no_shadow
}

// particle -1
sphere {
	<10.837220, 12.769699, 16.046255> 0.100000
	pigment { color rgbt <1,0,0,0> }
	no_shadow
}
sphere {
	0, 1
	scale<0.080000,0.200000,0.300000>
	matrix <0.971223, -0.151677, -0.183631,
		0.192127, 0.043273, 0.980416,
		-0.140760, -0.987482, 0.071169,
		10.794992, 12.473454, 16.067606>
	pigment { color rgbt <0,1,1,0> }
	no_shadow
}
cylinder {
	<11.429934, 13.048414, 16.219286>,  <10.893524, 13.164692, 16.017788>, 0.130000
	pigment { color rgbt <1,0,0,0> }
	no_shadow
}

// nucleotide -1

// particle -1
sphere {
	<11.429934, 13.048414, 16.219286> 0.250000
	pigment { color rgbt <1,0,0,0> }
	no_shadow
}
cylinder {
	<11.308151, 12.683499, 16.109713>,  <11.235082, 12.464550, 16.043968>, 0.100000
	pigment { color rgbt <1,0,0,0> }
	no_shadow
}
cylinder {
	<11.308151, 12.683499, 16.109713>,  <11.429934, 13.048414, 16.219286>, 0.100000
	pigment { color rgbt <1,0,0,0> }
	no_shadow
}

// particle -1
sphere {
	<11.308151, 12.683499, 16.109713> 0.100000
	pigment { color rgbt <1,0,0,0> }
	no_shadow
}
sphere {
	0, 1
	scale<0.080000,0.200000,0.300000>
	matrix <0.946107, -0.256295, -0.197978,
		0.110406, -0.319443, 0.941152,
		-0.304455, -0.912288, -0.273931,
		11.216815, 12.409813, 16.027533>
	pigment { color rgbt <0,1,1,0> }
	no_shadow
}
cylinder {
	<11.720531, 12.503196, 16.741188>,  <11.429934, 13.048414, 16.219286>, 0.130000
	pigment { color rgbt <1,0,0,0> }
	no_shadow
}

// nucleotide -1

// particle -1
sphere {
	<11.720531, 12.503196, 16.741188> 0.250000
	pigment { color rgbt <1,0,0,0> }
	no_shadow
}
cylinder {
	<11.643446, 12.315002, 16.396744>,  <11.597195, 12.202086, 16.190077>, 0.100000
	pigment { color rgbt <1,0,0,0> }
	no_shadow
}
cylinder {
	<11.643446, 12.315002, 16.396744>,  <11.720531, 12.503196, 16.741188>, 0.100000
	pigment { color rgbt <1,0,0,0> }
	no_shadow
}

// particle -1
sphere {
	<11.643446, 12.315002, 16.396744> 0.100000
	pigment { color rgbt <1,0,0,0> }
	no_shadow
}
sphere {
	0, 1
	scale<0.080000,0.200000,0.300000>
	matrix <0.972930, -0.205683, -0.105359,
		-0.127546, -0.858103, 0.497384,
		-0.192713, -0.470482, -0.861109,
		11.585632, 12.173858, 16.138411>
	pigment { color rgbt <0,1,1,0> }
	no_shadow
}
cylinder {
	<12.037054, 11.802022, 16.684364>,  <11.720531, 12.503196, 16.741188>, 0.130000
	pigment { color rgbt <1,0,0,0> }
	no_shadow
}

// nucleotide -1

// particle -1
sphere {
	<12.037054, 11.802022, 16.684364> 0.250000
	pigment { color rgbt <1,0,0,0> }
	no_shadow
}
cylinder {
	<11.978750, 11.943274, 16.314705>,  <11.943768, 12.028027, 16.092909>, 0.100000
	pigment { color rgbt <1,0,0,0> }
	no_shadow
}
cylinder {
	<11.978750, 11.943274, 16.314705>,  <12.037054, 11.802022, 16.684364>, 0.100000
	pigment { color rgbt <1,0,0,0> }
	no_shadow
}

// particle -1
sphere {
	<11.978750, 11.943274, 16.314705> 0.100000
	pigment { color rgbt <1,0,0,0> }
	no_shadow
}
sphere {
	0, 1
	scale<0.080000,0.200000,0.300000>
	matrix <0.965621, -0.152456, -0.210556,
		-0.215246, -0.923068, -0.318770,
		-0.145759, 0.353132, -0.924149,
		11.935022, 12.049214, 16.037460>
	pigment { color rgbt <0,1,1,0> }
	no_shadow
}
cylinder {
	<12.511084, 11.370044, 16.279772>,  <12.037054, 11.802022, 16.684364>, 0.130000
	pigment { color rgbt <1,0,0,0> }
	no_shadow
}

// nucleotide -1

// particle -1
sphere {
	<12.511084, 11.370044, 16.279772> 0.250000
	pigment { color rgbt <1,0,0,0> }
	no_shadow
}
cylinder {
	<12.424955, 11.670463, 16.030111>,  <12.373279, 11.850714, 15.880315>, 0.100000
	pigment { color rgbt <1,0,0,0> }
	no_shadow
}
cylinder {
	<12.424955, 11.670463, 16.030111>,  <12.511084, 11.370044, 16.279772>, 0.100000
	pigment { color rgbt <1,0,0,0> }
	no_shadow
}

// particle -1
sphere {
	<12.424955, 11.670463, 16.030111> 0.100000
	pigment { color rgbt <1,0,0,0> }
	no_shadow
}
sphere {
	0, 1
	scale<0.080000,0.200000,0.300000>
	matrix <0.933473, -0.029425, -0.357439,
		-0.286819, -0.659592, -0.694747,
		-0.215321, 0.751047, -0.624151,
		12.360359, 11.895777, 15.842866>
	pigment { color rgbt <0,1,1,0> }
	no_shadow
}
cylinder {
	<12.840782, 11.256184, 15.639025>,  <12.511084, 11.370044, 16.279772>, 0.130000
	pigment { color rgbt <1,0,0,0> }
	no_shadow
}

// nucleotide -1

// particle -1
sphere {
	<12.840782, 11.256184, 15.639025> 0.250000
	pigment { color rgbt <1,0,0,0> }
	no_shadow
}
cylinder {
	<12.776491, 11.647446, 15.691758>,  <12.737916, 11.882203, 15.723398>, 0.100000
	pigment { color rgbt <1,0,0,0> }
	no_shadow
}
cylinder {
	<12.776491, 11.647446, 15.691758>,  <12.840782, 11.256184, 15.639025>, 0.100000
	pigment { color rgbt <1,0,0,0> }
	no_shadow
}

// particle -1
sphere {
	<12.776491, 11.647446, 15.691758> 0.100000
	pigment { color rgbt <1,0,0,0> }
	no_shadow
}
sphere {
	0, 1
	scale<0.080000,0.200000,0.300000>
	matrix <0.984988, 0.167486, -0.041808,
		-0.062975, 0.123135, -0.990390,
		-0.160729, 0.978154, 0.131834,
		12.728272, 11.940892, 15.731308>
	pigment { color rgbt <0,1,1,0> }
	no_shadow
}
cylinder {
	<13.048177, 11.691764, 15.052519>,  <12.840782, 11.256184, 15.639025>, 0.130000
	pigment { color rgbt <1,0,0,0> }
	no_shadow
}

// nucleotide -1

// particle -1
sphere {
	<13.048177, 11.691764, 15.052519> 0.250000
	pigment { color rgbt <1,0,0,0> }
	no_shadow
}
cylinder {
	<13.073451, 11.917524, 15.381750>,  <13.088615, 12.052980, 15.579289>, 0.100000
	pigment { color rgbt <1,0,0,0> }
	no_shadow
}
cylinder {
	<13.073451, 11.917524, 15.381750>,  <13.048177, 11.691764, 15.052519>, 0.100000
	pigment { color rgbt <1,0,0,0> }
	no_shadow
}

// particle -1
sphere {
	<13.073451, 11.917524, 15.381750> 0.100000
	pigment { color rgbt <1,0,0,0> }
	no_shadow
}
sphere {
	0, 1
	scale<0.080000,0.200000,0.300000>
	matrix <0.949673, 0.219533, -0.223443,
		-0.306804, 0.795774, -0.522125,
		0.063187, 0.564401, 0.823079,
		13.092407, 12.086844, 15.628674>
	pigment { color rgbt <0,1,1,0> }
	no_shadow
}
cylinder {
	<13.731127, 11.762261, 15.383910>,  <13.048177, 11.691764, 15.052519>, 0.130000
	pigment { color rgbt <1,0,0,0> }
	no_shadow
}

// nucleotide -1

// particle -1
sphere {
	<13.731127, 11.762261, 15.383910> 0.250000
	pigment { color rgbt <1,0,0,0> }
	no_shadow
}
cylinder {
	<13.806198, 12.148925, 15.314230>,  <13.851241, 12.380923, 15.272422>, 0.100000
	pigment { color rgbt <1,0,0,0> }
	no_shadow
}
cylinder {
	<13.806198, 12.148925, 15.314230>,  <13.731127, 11.762261, 15.383910>, 0.100000
	pigment { color rgbt <1,0,0,0> }
	no_shadow
}

// particle -1
sphere {
	<13.806198, 12.148925, 15.314230> 0.100000
	pigment { color rgbt <1,0,0,0> }
	no_shadow
}
sphere {
	0, 1
	scale<0.080000,0.200000,0.300000>
	matrix <0.982231, -0.184742, 0.033063,
		-0.000222, -0.177311, -0.984155,
		0.187678, 0.966660, -0.174201,
		13.862501, 12.438923, 15.261970>
	pigment { color rgbt <0,1,1,0> }
	no_shadow
}
cylinder {
	<14.250970, 11.824729, 14.796183>,  <13.731127, 11.762261, 15.383910>, 0.130000
	pigment { color rgbt <1,0,0,0> }
	no_shadow
}

// nucleotide -1

// particle -1
sphere {
	<14.250970, 11.824729, 14.796183> 0.250000
	pigment { color rgbt <1,0,0,0> }
	no_shadow
}
cylinder {
	<14.267651, 12.118458, 15.067190>,  <14.277658, 12.294695, 15.229795>, 0.100000
	pigment { color rgbt <1,0,0,0> }
	no_shadow
}
cylinder {
	<14.267651, 12.118458, 15.067190>,  <14.250970, 11.824729, 14.796183>, 0.100000
	pigment { color rgbt <1,0,0,0> }
	no_shadow
}

// particle -1
sphere {
	<14.267651, 12.118458, 15.067190> 0.100000
	pigment { color rgbt <1,0,0,0> }
	no_shadow
}
sphere {
	0, 1
	scale<0.080000,0.200000,0.300000>
	matrix <0.957280, -0.223567, 0.183391,
		0.286139, 0.640928, -0.712275,
		0.041701, 0.734322, 0.677519,
		14.280161, 12.338755, 15.270446>
	pigment { color rgbt <0,1,1,0> }
	no_shadow
}
cylinder {
	<14.509132, 11.979736, 14.083695>,  <14.250970, 11.824729, 14.796183>, 0.130000
	pigment { color rgbt <1,0,0,0> }
	no_shadow
}

// nucleotide -1

// particle -1
sphere {
	<14.509132, 11.979736, 14.083695> 0.250000
	pigment { color rgbt <1,0,0,0> }
	no_shadow
}
cylinder {
	<14.286458, 11.776737, 13.820622>,  <14.152853, 11.654938, 13.662779>, 0.100000
	pigment { color rgbt <1,0,0,0> }
	no_shadow
}
cylinder {
	<14.286458, 11.776737, 13.820622>,  <14.509132, 11.979736, 14.083695>, 0.100000
	pigment { color rgbt <1,0,0,0> }
	no_shadow
}

// particle -1
sphere {
	<14.286458, 11.776737, 13.820622> 0.100000
	pigment { color rgbt <1,0,0,0> }
	no_shadow
}
sphere {
	0, 1
	scale<0.080000,0.200000,0.300000>
	matrix <-0.784342, 0.581933, 0.214851,
		0.273691, 0.635452, -0.722006,
		-0.556687, -0.507498, -0.657682,
		14.119452, 11.624488, 13.623318>
	pigment { color rgbt <0,1,1,0> }
	no_shadow
}
cylinder {
	<13.999714, 12.444703, 13.735092>,  <14.509132, 11.979736, 14.083695>, 0.130000
	pigment { color rgbt <1,0,0,0> }
	no_shadow
}

// nucleotide -1

// particle -1
sphere {
	<13.999714, 12.444703, 13.735092> 0.250000
	pigment { color rgbt <1,0,0,0> }
	no_shadow
}
cylinder {
	<13.809802, 12.099694, 13.665072>,  <13.695855, 11.892689, 13.623061>, 0.100000
	pigment { color rgbt <1,0,0,0> }
	no_shadow
}
cylinder {
	<13.809802, 12.099694, 13.665072>,  <13.999714, 12.444703, 13.735092>, 0.100000
	pigment { color rgbt <1,0,0,0> }
	no_shadow
}

// particle -1
sphere {
	<13.809802, 12.099694, 13.665072> 0.100000
	pigment { color rgbt <1,0,0,0> }
	no_shadow
}
sphere {
	0, 1
	scale<0.080000,0.200000,0.300000>
	matrix <-0.879930, 0.461237, 0.113940,
		-0.017537, 0.208126, -0.977945,
		-0.474779, -0.862521, -0.175048,
		13.667369, 11.840938, 13.612558>
	pigment { color rgbt <0,1,1,0> }
	no_shadow
}
cylinder {
	<14.727722, 12.667684, 13.888231>,  <13.999714, 12.444703, 13.735092>, 0.130000
	pigment { color rgbt <1,0,0,0> }
	no_shadow
}

// nucleotide -1

// particle -1
sphere {
	<14.727722, 12.667684, 13.888231> 0.250000
	pigment { color rgbt <1,0,0,0> }
	no_shadow
}
cylinder {
	<14.905857, 13.022976, 13.843122>,  <15.012738, 13.236152, 13.816055>, 0.100000
	pigment { color rgbt <1,0,0,0> }
	no_shadow
}
cylinder {
	<14.905857, 13.022976, 13.843122>,  <14.727722, 12.667684, 13.888231>, 0.100000
	pigment { color rgbt <1,0,0,0> }
	no_shadow
}

// particle -1
sphere {
	<14.905857, 13.022976, 13.843122> 0.100000
	pigment { color rgbt <1,0,0,0> }
	no_shadow
}
sphere {
	0, 1
	scale<0.080000,0.200000,0.300000>
	matrix <-0.706875, 0.426095, 0.564599,
		0.549548, -0.171718, 0.817625,
		0.445338, 0.888232, -0.112776,
		15.039458, 13.289446, 13.809289>
	pigment { color rgbt <0,1,1,0> }
	no_shadow
}
cylinder {
	<14.948306, 13.144449, 14.548418>,  <14.727722, 12.667684, 13.888231>, 0.130000
	pigment { color rgbt <1,0,0,0> }
	no_shadow
}

// nucleotide -1

// particle -1
sphere {
	<14.948306, 13.144449, 14.548418> 0.250000
	pigment { color rgbt <1,0,0,0> }
	no_shadow
}
cylinder {
	<14.836859, 13.342804, 14.219427>,  <14.769991, 13.461817, 14.022033>, 0.100000
	pigment { color rgbt <1,0,0,0> }
	no_shadow
}
cylinder {
	<14.836859, 13.342804, 14.219427>,  <14.948306, 13.144449, 14.548418>, 0.100000
	pigment { color rgbt <1,0,0,0> }
	no_shadow
}

// particle -1
sphere {
	<14.836859, 13.342804, 14.219427> 0.100000
	pigment { color rgbt <1,0,0,0> }
	no_shadow
}
sphere {
	0, 1
	scale<0.080000,0.200000,0.300000>
	matrix <-0.809988, 0.338819, 0.478666,
		0.516035, 0.799562, 0.307261,
		-0.278618, 0.495886, -0.822478,
		14.753274, 13.491570, 13.972684>
	pigment { color rgbt <0,1,1,0> }
	no_shadow
}
cylinder {
	<14.641842, 13.832789, 14.727015>,  <14.948306, 13.144449, 14.548418>, 0.130000
	pigment { color rgbt <1,0,0,0> }
	no_shadow
}

// nucleotide -1

// particle -1
sphere {
	<14.641842, 13.832789, 14.727015> 0.250000
	pigment { color rgbt <1,0,0,0> }
	no_shadow
}
cylinder {
	<14.502814, 13.732403, 14.365638>,  <14.419397, 13.672171, 14.148811>, 0.100000
	pigment { color rgbt <1,0,0,0> }
	no_shadow
}
cylinder {
	<14.502814, 13.732403, 14.365638>,  <14.641842, 13.832789, 14.727015>, 0.100000
	pigment { color rgbt <1,0,0,0> }
	no_shadow
}

// particle -1
sphere {
	<14.502814, 13.732403, 14.365638> 0.100000
	pigment { color rgbt <1,0,0,0> }
	no_shadow
}
sphere {
	0, 1
	scale<0.080000,0.200000,0.300000>
	matrix <-0.914607, 0.303056, 0.267679,
		0.206616, 0.919333, -0.334869,
		-0.347570, -0.250967, -0.903444,
		14.398543, 13.657113, 14.094604>
	pigment { color rgbt <0,1,1,0> }
	no_shadow
}
cylinder {
	<14.204159, 14.426989, 14.380168>,  <14.641842, 13.832789, 14.727015>, 0.130000
	pigment { color rgbt <1,0,0,0> }
	no_shadow
}

// nucleotide -1

// particle -1
sphere {
	<14.204159, 14.426989, 14.380168> 0.250000
	pigment { color rgbt <1,0,0,0> }
	no_shadow
}
cylinder {
	<14.083364, 14.078235, 14.225965>,  <14.010886, 13.868982, 14.133442>, 0.100000
	pigment { color rgbt <1,0,0,0> }
	no_shadow
}
cylinder {
	<14.083364, 14.078235, 14.225965>,  <14.204159, 14.426989, 14.380168>, 0.100000
	pigment { color rgbt <1,0,0,0> }
	no_shadow
}

// particle -1
sphere {
	<14.083364, 14.078235, 14.225965> 0.100000
	pigment { color rgbt <1,0,0,0> }
	no_shadow
}
sphere {
	0, 1
	scale<0.080000,0.200000,0.300000>
	matrix <-0.941933, 0.335191, -0.020221,
		0.146849, 0.357017, -0.922482,
		-0.301989, -0.871886, -0.385509,
		13.992766, 13.816669, 14.110312>
	pigment { color rgbt <0,1,1,0> }
	no_shadow
}
cylinder {
	<13.866654, 14.494548, 13.780589>,  <14.204159, 14.426989, 14.380168>, 0.130000
	pigment { color rgbt <1,0,0,0> }
	no_shadow
}

// nucleotide -1

// particle -1
sphere {
	<13.866654, 14.494548, 13.780589> 0.250000
	pigment { color rgbt <1,0,0,0> }
	no_shadow
}
cylinder {
	<13.741856, 14.134579, 13.902438>,  <13.666977, 13.918597, 13.975548>, 0.100000
	pigment { color rgbt <1,0,0,0> }
	no_shadow
}
cylinder {
	<13.741856, 14.134579, 13.902438>,  <13.866654, 14.494548, 13.780589>, 0.100000
	pigment { color rgbt <1,0,0,0> }
	no_shadow
}

// particle -1
sphere {
	<13.741856, 14.134579, 13.902438> 0.100000
	pigment { color rgbt <1,0,0,0> }
	no_shadow
}
sphere {
	0, 1
	scale<0.080000,0.200000,0.300000>
	matrix <-0.944188, 0.329353, 0.005942,
		-0.105676, -0.285768, -0.952454,
		-0.311996, -0.899924, 0.304624,
		13.648257, 13.864601, 13.993825>
	pigment { color rgbt <0,1,1,0> }
	no_shadow
}
cylinder {
	<13.256796, 14.206129, 13.300690>,  <13.866654, 14.494548, 13.780589>, 0.130000
	pigment { color rgbt <1,0,0,0> }
	no_shadow
}

// nucleotide -1

// particle -1
sphere {
	<13.256796, 14.206129, 13.300690> 0.250000
	pigment { color rgbt <1,0,0,0> }
	no_shadow
}
cylinder {
	<13.228554, 14.011628, 13.649075>,  <13.211609, 13.894928, 13.858106>, 0.100000
	pigment { color rgbt <1,0,0,0> }
	no_shadow
}
cylinder {
	<13.228554, 14.011628, 13.649075>,  <13.256796, 14.206129, 13.300690>, 0.100000
	pigment { color rgbt <1,0,0,0> }
	no_shadow
}

// particle -1
sphere {
	<13.228554, 14.011628, 13.649075> 0.100000
	pigment { color rgbt <1,0,0,0> }
	no_shadow
}
sphere {
	0, 1
	scale<0.080000,0.200000,0.300000>
	matrix <-0.971414, 0.231907, 0.050725,
		-0.226648, -0.842483, -0.488726,
		-0.070604, -0.486252, 0.870961,
		13.207373, 13.865752, 13.910363>
	pigment { color rgbt <0,1,1,0> }
	no_shadow
}
cylinder {
	<12.660155, 13.827462, 13.203227>,  <13.256796, 14.206129, 13.300690>, 0.130000
	pigment { color rgbt <1,0,0,0> }
	no_shadow
}

// nucleotide -1

// particle -1
sphere {
	<12.660155, 13.827462, 13.203227> 0.250000
	pigment { color rgbt <1,0,0,0> }
	no_shadow
}
cylinder {
	<12.740111, 13.863439, 13.593500>,  <12.788085, 13.885024, 13.827663>, 0.100000
	pigment { color rgbt <1,0,0,0> }
	no_shadow
}
cylinder {
	<12.740111, 13.863439, 13.593500>,  <12.660155, 13.827462, 13.203227>, 0.100000
	pigment { color rgbt <1,0,0,0> }
	no_shadow
}

// particle -1
sphere {
	<12.740111, 13.863439, 13.593500> 0.100000
	pigment { color rgbt <1,0,0,0> }
	no_shadow
}
sphere {
	0, 1
	scale<0.080000,0.200000,0.300000>
	matrix <-0.979514, 0.043185, 0.196693,
		-0.024444, -0.995010, 0.096732,
		0.199889, 0.089943, 0.975681,
		12.800078, 13.890421, 13.886205>
	pigment { color rgbt <0,1,1,0> }
	no_shadow
}
cylinder {
	<12.177173, 13.338704, 13.603962>,  <12.660155, 13.827462, 13.203227>, 0.130000
	pigment { color rgbt <1,0,0,0> }
	no_shadow
}

// nucleotide -1

// particle -1
sphere {
	<12.177173, 13.338704, 13.603962> 0.250000
	pigment { color rgbt <1,0,0,0> }
	no_shadow
}
cylinder {
	<12.298981, 13.611590, 13.869849>,  <12.372066, 13.775322, 14.029382>, 0.100000
	pigment { color rgbt <1,0,0,0> }
	no_shadow
}
cylinder {
	<12.298981, 13.611590, 13.869849>,  <12.177173, 13.338704, 13.603962>, 0.100000
	pigment { color rgbt <1,0,0,0> }
	no_shadow
}

// particle -1
sphere {
	<12.298981, 13.611590, 13.869849> 0.100000
	pigment { color rgbt <1,0,0,0> }
	no_shadow
}
sphere {
	0, 1
	scale<0.080000,0.200000,0.300000>
	matrix <-0.938966, 0.097757, 0.329827,
		0.160032, -0.724586, 0.670347,
		0.304519, 0.682216, 0.664717,
		12.390337, 13.816255, 14.069264>
	pigment { color rgbt <0,1,1,0> }
	no_shadow
}
cylinder {
	<11.732880, 13.216039, 14.239332>,  <12.177173, 13.338704, 13.603962>, 0.130000
	pigment { color rgbt <1,0,0,0> }
	no_shadow
}

// nucleotide -1

// particle -1
sphere {
	<11.732880, 13.216039, 14.239332> 0.250000
	pigment { color rgbt <1,0,0,0> }
	no_shadow
}
cylinder {
	<11.873865, 13.589988, 14.256216>,  <11.958456, 13.814358, 14.266347>, 0.100000
	pigment { color rgbt <1,0,0,0> }
	no_shadow
}
cylinder {
	<11.873865, 13.589988, 14.256216>,  <11.732880, 13.216039, 14.239332>, 0.100000
	pigment { color rgbt <1,0,0,0> }
	no_shadow
}

// particle -1
sphere {
	<11.873865, 13.589988, 14.256216> 0.100000
	pigment { color rgbt <1,0,0,0> }
	no_shadow
}
sphere {
	0, 1
	scale<0.080000,0.200000,0.300000>
	matrix <-0.909269, 0.331443, 0.251744,
		0.221358, -0.127112, 0.966873,
		0.352463, 0.934873, 0.042211,
		11.979604, 13.870450, 14.268879>
	pigment { color rgbt <0,1,1,0> }
	no_shadow
}
cylinder {
	<11.306906, 13.411889, 14.716925>,  <11.732880, 13.216039, 14.239332>, 0.130000
	pigment { color rgbt <1,0,0,0> }
	no_shadow
}

// nucleotide -1

// particle -1
sphere {
	<11.306906, 13.411889, 14.716925> 0.250000
	pigment { color rgbt <1,0,0,0> }
	no_shadow
}
cylinder {
	<11.463307, 13.757151, 14.589125>,  <11.557149, 13.964308, 14.512444>, 0.100000
	pigment { color rgbt <1,0,0,0> }
	no_shadow
}
cylinder {
	<11.463307, 13.757151, 14.589125>,  <11.306906, 13.411889, 14.716925>, 0.100000
	pigment { color rgbt <1,0,0,0> }
	no_shadow
}

// particle -1
sphere {
	<11.463307, 13.757151, 14.589125> 0.100000
	pigment { color rgbt <1,0,0,0> }
	no_shadow
}
sphere {
	0, 1
	scale<0.080000,0.200000,0.300000>
	matrix <-0.849904, 0.471837, 0.234591,
		0.353240, 0.179818, 0.918089,
		0.391005, 0.863154, -0.319500,
		11.580608, 14.016097, 14.493275>
	pigment { color rgbt <0,1,1,0> }
	no_shadow
}
cylinder {
	<11.136395, 13.872924, 15.159122>,  <11.306906, 13.411889, 14.716925>, 0.130000
	pigment { color rgbt <1,0,0,0> }
	no_shadow
}

// nucleotide -1

// particle -1
sphere {
	<11.136395, 13.872924, 15.159122> 0.250000
	pigment { color rgbt <1,0,0,0> }
	no_shadow
}
cylinder {
	<11.218028, 14.091667, 14.834334>,  <11.267009, 14.222913, 14.639462>, 0.100000
	pigment { color rgbt <1,0,0,0> }
	no_shadow
}
cylinder {
	<11.218028, 14.091667, 14.834334>,  <11.136395, 13.872924, 15.159122>, 0.100000
	pigment { color rgbt <1,0,0,0> }
	no_shadow
}

// particle -1
sphere {
	<11.218028, 14.091667, 14.834334> 0.100000
	pigment { color rgbt <1,0,0,0> }
	no_shadow
}
sphere {
	0, 1
	scale<0.080000,0.200000,0.300000>
	matrix <-0.884126, 0.459083, 0.086969,
		0.420321, 0.700135, 0.577184,
		0.204085, 0.546858, -0.811970,
		11.279253, 14.255724, 14.590743>
	pigment { color rgbt <0,1,1,0> }
	no_shadow
}
cylinder {
	<11.038514, 14.570952, 15.401196>,  <11.136395, 13.872924, 15.159122>, 0.130000
	pigment { color rgbt <1,0,0,0> }
	no_shadow
}

// nucleotide -1

// particle -1
sphere {
	<11.038514, 14.570952, 15.401196> 0.250000
	pigment { color rgbt <1,0,0,0> }
	no_shadow
}
cylinder {
	<10.993426, 14.538332, 15.005086>,  <10.966373, 14.518760, 14.767420>, 0.100000
	pigment { color rgbt <1,0,0,0> }
	no_shadow
}
cylinder {
	<10.993426, 14.538332, 15.005086>,  <11.038514, 14.570952, 15.401196>, 0.100000
	pigment { color rgbt <1,0,0,0> }
	no_shadow
}

// particle -1
sphere {
	<10.993426, 14.538332, 15.005086> 0.100000
	pigment { color rgbt <1,0,0,0> }
	no_shadow
}
sphere {
	0, 1
	scale<0.080000,0.200000,0.300000>
	matrix <-0.824792, 0.563439, 0.047483,
		0.554087, 0.822123, -0.130774,
		-0.112720, -0.081552, -0.990274,
		10.959610, 14.513866, 14.708004>
	pigment { color rgbt <0,1,1,0> }
	no_shadow
}
cylinder {
