// switches for output
#declare DRAW_BASES = 1; // possible values are 0, 1; only relevant for DNA ribbons
#declare DRAW_BASES_TYPE = 3; // possible values are 1, 2, 3; only relevant for DNA ribbons
#declare DRAW_FOG = 0; // set to 1 to enable fog

#include "colors.inc"

#include "transforms.inc"
background { rgb <1, 1, 1>}

#default {
   normal{
       ripples 0.25
       frequency 0.20
       turbulence 0.2
       lambda 5
   }
	finish {
		phong 0.1
		phong_size 40.
	}
}

// original window dimensions: 1024x640


// camera settings

camera {
	sky <0, 0.179814, -0.983701>
	up <0, 0.179814, -0.983701>
	right 1.6 * <1, 0, 0>
	location <25.469, 94.9851, 44.8844>
	look_at <25.469, 29.3977, 32.8955>
	direction <0, -65.5874, -11.9889>
	angle 67.0682
}


# declare cpy_camera_pos = <25.469, 94.9851, 44.8844>;
# if (DRAW_FOG = 1)
fog {
	fog_type 2
	up vnormalize(cpy_camera_pos)
	color rgbt<1,1,1,0.3>
	distance 1e-5
	fog_alt 3e-3
	fog_offset 28
}
# end


// LIGHTS

# declare lum = 6;
global_settings {
	ambient_light rgb lum * <0.05, 0.05, 0.05>
	max_trace_level 15
}# declare cpy_direct_light_amount = 0.25;
light_source
{	1000 * <-1, -1.16351, -0.803887>,
	rgb lum * cpy_direct_light_amount
	parallel
}

light_source
{	1000 * <1, 1.16351, 0.803887>,
	rgb lum * cpy_direct_light_amount
	parallel
}

// strand 0

// nucleotide -1

// particle -1
sphere {
	<4.564197, 15.307636, 15.111777> 0.250000
	pigment { color rgbt <1,0,0,0> }
	no_shadow
}
cylinder {
	<4.523147, 14.909749, 15.110952>,  <4.498518, 14.671017, 15.110457>, 0.100000
	pigment { color rgbt <1,0,0,0> }
	no_shadow
}
cylinder {
	<4.523147, 14.909749, 15.110952>,  <4.564197, 15.307636, 15.111777>, 0.100000
	pigment { color rgbt <1,0,0,0> }
	no_shadow
}

// particle -1
sphere {
	<4.523147, 14.909749, 15.110952> 0.100000
	pigment { color rgbt <1,0,0,0> }
	no_shadow
}
sphere {
	0, 1
	scale<0.080000,0.200000,0.300000>
	matrix <-0.980967, 0.100862, 0.165921,
		-0.164837, 0.019050, -0.986137,
		-0.102624, -0.994718, -0.002061,
		4.492360, 14.611334, 15.110334>
	pigment { color rgbt <0,1,1,0> }
	no_shadow
}
cylinder {
	<4.852094, 15.836478, 15.608907>,  <4.564197, 15.307636, 15.111777>, 0.130000
	pigment { color rgbt <1,0,0,0> }
	no_shadow
}

// nucleotide -1

// particle -1
sphere {
	<4.852094, 15.836478, 15.608907> 0.250000
	pigment { color rgbt <1,0,0,0> }
	no_shadow
}
cylinder {
	<4.731698, 16.071507, 15.909350>,  <4.659460, 16.212523, 16.089617>, 0.100000
	pigment { color rgbt <1,0,0,0> }
	no_shadow
}
cylinder {
	<4.731698, 16.071507, 15.909350>,  <4.852094, 15.836478, 15.608907>, 0.100000
	pigment { color rgbt <1,0,0,0> }
	no_shadow
}

// particle -1
sphere {
	<4.731698, 16.071507, 15.909350> 0.100000
	pigment { color rgbt <1,0,0,0> }
	no_shadow
}
sphere {
	0, 1
	scale<0.080000,0.200000,0.300000>
	matrix <0.092301, -0.765987, 0.636196,
		0.949150, 0.260817, 0.176322,
		-0.300991, 0.587570, 0.751109,
		4.641400, 16.247778, 16.134684>
	pigment { color rgbt <0,1,1,0> }
	no_shadow
}
cylinder {
	<5.479310, 15.902638, 16.149021>,  <4.852094, 15.836478, 15.608907>, 0.130000
	pigment { color rgbt <1,0,0,0> }
	no_shadow
}

// nucleotide -1

// particle -1
sphere {
	<5.479310, 15.902638, 16.149021> 0.250000
	pigment { color rgbt <1,0,0,0> }
	no_shadow
}
cylinder {
	<5.104540, 15.909773, 16.288652>,  <4.879678, 15.914054, 16.372431>, 0.100000
	pigment { color rgbt <1,0,0,0> }
	no_shadow
}
cylinder {
	<5.104540, 15.909773, 16.288652>,  <5.479310, 15.902638, 16.149021>, 0.100000
	pigment { color rgbt <1,0,0,0> }
	no_shadow
}

// particle -1
sphere {
	<5.104540, 15.909773, 16.288652> 0.100000
	pigment { color rgbt <1,0,0,0> }
	no_shadow
}
sphere {
	0, 1
	scale<0.080000,0.200000,0.300000>
	matrix <0.215539, -0.756729, 0.617174,
		0.275164, 0.653485, 0.705154,
		-0.936924, 0.017836, 0.349077,
		4.823462, 15.915124, 16.393375>
	pigment { color rgbt <0,1,1,0> }
	no_shadow
}
cylinder {
	<6.029915, 16.168785, 15.768379>,  <5.479310, 15.902638, 16.149021>, 0.130000
	pigment { color rgbt <1,0,0,0> }
	no_shadow
}

// nucleotide -1

// particle -1
sphere {
	<6.029915, 16.168785, 15.768379> 0.250000
	pigment { color rgbt <1,0,0,0> }
	no_shadow
}
cylinder {
	<5.695745, 16.228563, 15.556822>,  <5.495242, 16.264431, 15.429888>, 0.100000
	pigment { color rgbt <1,0,0,0> }
	no_shadow
}
cylinder {
	<5.695745, 16.228563, 15.556822>,  <6.029915, 16.168785, 15.768379>, 0.100000
	pigment { color rgbt <1,0,0,0> }
	no_shadow
}

// particle -1
sphere {
	<5.695745, 16.228563, 15.556822> 0.100000
	pigment { color rgbt <1,0,0,0> }
	no_shadow
}
sphere {
	0, 1
	scale<0.080000,0.200000,0.300000>
	matrix <-0.530021, 0.035499, 0.847241,
		0.145392, 0.988132, 0.049553,
		-0.835427, 0.149446, -0.528892,
		5.445117, 16.273397, 15.398154>
	pigment { color rgbt <0,1,1,0> }
	no_shadow
}
cylinder {
	<6.735138, 16.034451, 15.421873>,  <6.029915, 16.168785, 15.768379>, 0.130000
	pigment { color rgbt <1,0,0,0> }
	no_shadow
}

// nucleotide -1

// particle -1
sphere {
	<6.735138, 16.034451, 15.421873> 0.250000
	pigment { color rgbt <1,0,0,0> }
	no_shadow
}
cylinder {
	<7.112828, 15.972337, 15.538030>,  <7.339442, 15.935068, 15.607723>, 0.100000
	pigment { color rgbt <1,0,0,0> }
	no_shadow
}
cylinder {
	<7.112828, 15.972337, 15.538030>,  <6.735138, 16.034451, 15.421873>, 0.100000
	pigment { color rgbt <1,0,0,0> }
	no_shadow
}

// particle -1
sphere {
	<7.112828, 15.972337, 15.538030> 0.100000
	pigment { color rgbt <1,0,0,0> }
	no_shadow
}
sphere {
	0, 1
	scale<0.080000,0.200000,0.300000>
	matrix <-0.022133, -0.909767, -0.414530,
		0.328559, 0.384982, -0.862461,
		0.944224, -0.155286, 0.290391,
		7.396095, 15.925751, 15.625147>
	pigment { color rgbt <0,1,1,0> }
	no_shadow
}
cylinder {
	<7.114150, 15.757177, 14.773035>,  <6.735138, 16.034451, 15.421873>, 0.130000
	pigment { color rgbt <1,0,0,0> }
	no_shadow
}

// nucleotide -1

// particle -1
sphere {
	<7.114150, 15.757177, 14.773035> 0.250000
	pigment { color rgbt <1,0,0,0> }
	no_shadow
}
cylinder {
	<7.302244, 15.647325, 15.108524>,  <7.415101, 15.581413, 15.309817>, 0.100000
	pigment { color rgbt <1,0,0,0> }
	no_shadow
}
cylinder {
	<7.302244, 15.647325, 15.108524>,  <7.114150, 15.757177, 14.773035>, 0.100000
	pigment { color rgbt <1,0,0,0> }
	no_shadow
}

// particle -1
sphere {
	<7.302244, 15.647325, 15.108524> 0.100000
	pigment { color rgbt <1,0,0,0> }
	no_shadow
}
sphere {
	0, 1
	scale<0.080000,0.200000,0.300000>
	matrix <-0.025795, -0.954221, -0.297989,
		0.882164, 0.118490, -0.455793,
		0.470236, -0.274632, 0.838723,
		7.443315, 15.564935, 15.360141>
	pigment { color rgbt <0,1,1,0> }
	no_shadow
}
cylinder {
	<7.565092, 15.233639, 14.616651>,  <7.114150, 15.757177, 14.773035>, 0.130000
	pigment { color rgbt <1,0,0,0> }
	no_shadow
}

// nucleotide -1

// particle -1
sphere {
	<7.565092, 15.233639, 14.616651> 0.250000
	pigment { color rgbt <1,0,0,0> }
	no_shadow
}
cylinder {
	<7.568819, 15.173625, 15.012105>,  <7.571055, 15.137617, 15.249378>, 0.100000
	pigment { color rgbt <1,0,0,0> }
	no_shadow
}
cylinder {
	<7.568819, 15.173625, 15.012105>,  <7.565092, 15.233639, 14.616651>, 0.100000
	pigment { color rgbt <1,0,0,0> }
	no_shadow
}

// particle -1
sphere {
	<7.568819, 15.173625, 15.012105> 0.100000
	pigment { color rgbt <1,0,0,0> }
	no_shadow
}
sphere {
	0, 1
	scale<0.080000,0.200000,0.300000>
	matrix <0.027980, -0.988254, -0.150240,
		0.999565, 0.029062, -0.005011,
		0.009318, -0.150034, 0.988637,
		7.571614, 15.128614, 15.308696>
	pigment { color rgbt <0,1,1,0> }
	no_shadow
}
cylinder {
	<8.106757, 14.875339, 14.771537>,  <7.565092, 15.233639, 14.616651>, 0.130000
	pigment { color rgbt <1,0,0,0> }
	no_shadow
}

// nucleotide -1

// particle -1
sphere {
	<8.106757, 14.875339, 14.771537> 0.250000
	pigment { color rgbt <1,0,0,0> }
	no_shadow
}
cylinder {
	<7.864035, 14.798510, 15.080054>,  <7.718401, 14.752412, 15.265165>, 0.100000
	pigment { color rgbt <1,0,0,0> }
	no_shadow
}
cylinder {
	<7.864035, 14.798510, 15.080054>,  <8.106757, 14.875339, 14.771537>, 0.100000
	pigment { color rgbt <1,0,0,0> }
	no_shadow
}

// particle -1
sphere {
	<7.864035, 14.798510, 15.080054> 0.100000
	pigment { color rgbt <1,0,0,0> }
	no_shadow
}
sphere {
	0, 1
	scale<0.080000,0.200000,0.300000>
	matrix <0.062816, -0.978917, -0.194357,
		0.792364, -0.069487, 0.606078,
		-0.606806, -0.192073, 0.771294,
		7.681993, 14.740888, 15.311442>
	pigment { color rgbt <0,1,1,0> }
	no_shadow
}
cylinder {
	<8.442691, 14.340455, 15.160470>,  <8.106757, 14.875339, 14.771537>, 0.130000
	pigment { color rgbt <1,0,0,0> }
	no_shadow
}

// nucleotide -1

// particle -1
sphere {
	<8.442691, 14.340455, 15.160470> 0.250000
	pigment { color rgbt <1,0,0,0> }
	no_shadow
}
cylinder {
	<8.074575, 14.324958, 15.316197>,  <7.853706, 14.315660, 15.409634>, 0.100000
	pigment { color rgbt <1,0,0,0> }
	no_shadow
}
cylinder {
	<8.074575, 14.324958, 15.316197>,  <8.442691, 14.340455, 15.160470>, 0.100000
	pigment { color rgbt <1,0,0,0> }
	no_shadow
}

// particle -1
sphere {
	<8.074575, 14.324958, 15.316197> 0.100000
	pigment { color rgbt <1,0,0,0> }
	no_shadow
}
sphere {
	0, 1
	scale<0.080000,0.200000,0.300000>
	matrix <-0.036941, -0.982035, -0.185049,
		0.389494, -0.184680, 0.902324,
		-0.920288, -0.038743, 0.389319,
		7.798489, 14.313335, 15.432993>
	pigment { color rgbt <0,1,1,0> }
	no_shadow
}
cylinder {
	<8.391323, 13.761418, 15.640777>,  <8.442691, 14.340455, 15.160470>, 0.130000
	pigment { color rgbt <1,0,0,0> }
	no_shadow
}

// nucleotide -1

// particle -1
sphere {
	<8.391323, 13.761418, 15.640777> 0.250000
	pigment { color rgbt <1,0,0,0> }
	no_shadow
}
cylinder {
	<8.009961, 13.831475, 15.542516>,  <7.781144, 13.873509, 15.483560>, 0.100000
	pigment { color rgbt <1,0,0,0> }
	no_shadow
}
cylinder {
	<8.009961, 13.831475, 15.542516>,  <8.391323, 13.761418, 15.640777>, 0.100000
	pigment { color rgbt <1,0,0,0> }
	no_shadow
}

// particle -1
sphere {
	<8.009961, 13.831475, 15.542516> 0.100000
	pigment { color rgbt <1,0,0,0> }
	no_shadow
}
sphere {
	0, 1
	scale<0.080000,0.200000,0.300000>
	matrix <-0.158469, -0.983591, -0.086231,
		-0.256724, -0.043285, 0.965515,
		-0.953405, 0.175142, -0.245652,
		7.723940, 13.884018, 15.468821>
	pigment { color rgbt <0,1,1,0> }
	no_shadow
}
cylinder {
	<7.995045, 13.253562, 16.016151>,  <8.391323, 13.761418, 15.640777>, 0.130000
	pigment { color rgbt <1,0,0,0> }
	no_shadow
}

// nucleotide -1

// particle -1
sphere {
	<7.995045, 13.253562, 16.016151> 0.250000
	pigment { color rgbt <1,0,0,0> }
	no_shadow
}
cylinder {
	<7.744157, 13.359780, 15.723282>,  <7.593625, 13.423512, 15.547560>, 0.100000
	pigment { color rgbt <1,0,0,0> }
	no_shadow
}
cylinder {
	<7.744157, 13.359780, 15.723282>,  <7.995045, 13.253562, 16.016151>, 0.100000
	pigment { color rgbt <1,0,0,0> }
	no_shadow
}

// particle -1
sphere {
	<7.744157, 13.359780, 15.723282> 0.100000
	pigment { color rgbt <1,0,0,0> }
	no_shadow
}
sphere {
	0, 1
	scale<0.080000,0.200000,0.300000>
	matrix <-0.291648, -0.951762, -0.095343,
		-0.722175, 0.153737, 0.674410,
		-0.627220, 0.265545, -0.732176,
		7.555992, 13.439444, 15.503629>
	pigment { color rgbt <0,1,1,0> }
	no_shadow
}
cylinder {
	<7.365851, 13.060075, 16.306709>,  <7.995045, 13.253562, 16.016151>, 0.130000
	pigment { color rgbt <1,0,0,0> }
	no_shadow
}

// nucleotide -1

// particle -1
sphere {
	<7.365851, 13.060075, 16.306709> 0.250000
	pigment { color rgbt <1,0,0,0> }
	no_shadow
}
cylinder {
	<7.338285, 13.107975, 15.910546>,  <7.321746, 13.136715, 15.672848>, 0.100000
	pigment { color rgbt <1,0,0,0> }
	no_shadow
}
cylinder {
	<7.338285, 13.107975, 15.910546>,  <7.365851, 13.060075, 16.306709>, 0.100000
	pigment { color rgbt <1,0,0,0> }
	no_shadow
}

// particle -1
sphere {
	<7.338285, 13.107975, 15.910546> 0.100000
	pigment { color rgbt <1,0,0,0> }
	no_shadow
}
sphere {
	0, 1
	scale<0.080000,0.200000,0.300000>
	matrix <-0.232491, -0.967362, -0.100787,
		-0.970154, 0.223316, 0.094509,
		-0.068917, 0.119751, -0.990409,
		7.317611, 13.143900, 15.613423>
	pigment { color rgbt <0,1,1,0> }
	no_shadow
}
cylinder {
	<6.697052, 12.795677, 16.136652>,  <7.365851, 13.060075, 16.306709>, 0.130000
	pigment { color rgbt <1,0,0,0> }
	no_shadow
}

// nucleotide -1

// particle -1
sphere {
	<6.697052, 12.795677, 16.136652> 0.250000
	pigment { color rgbt <1,0,0,0> }
	no_shadow
}
cylinder {
	<6.906914, 12.798961, 15.796142>,  <7.032831, 12.800931, 15.591835>, 0.100000
	pigment { color rgbt <1,0,0,0> }
	no_shadow
}
cylinder {
	<6.906914, 12.798961, 15.796142>,  <6.697052, 12.795677, 16.136652>, 0.100000
	pigment { color rgbt <1,0,0,0> }
	no_shadow
}

// particle -1
sphere {
	<6.906914, 12.798961, 15.796142> 0.100000
	pigment { color rgbt <1,0,0,0> }
	no_shadow
}
sphere {
	0, 1
	scale<0.080000,0.200000,0.300000>
	matrix <-0.442720, -0.851470, -0.281067,
		-0.727143, 0.524340, -0.443092,
		0.524654, 0.008210, -0.851276,
		7.064310, 12.801424, 15.540759>
	pigment { color rgbt <0,1,1,0> }
	no_shadow
}
cylinder {
	<6.476213, 12.209941, 15.757351>,  <6.697052, 12.795677, 16.136652>, 0.130000
	pigment { color rgbt <1,0,0,0> }
	no_shadow
}

// nucleotide -1

// particle -1
sphere {
	<6.476213, 12.209941, 15.757351> 0.250000
	pigment { color rgbt <1,0,0,0> }
	no_shadow
}
cylinder {
	<6.752974, 12.310624, 15.486673>,  <6.919031, 12.371035, 15.324267>, 0.100000
	pigment { color rgbt <1,0,0,0> }
	no_shadow
}
cylinder {
	<6.752974, 12.310624, 15.486673>,  <6.476213, 12.209941, 15.757351>, 0.100000
	pigment { color rgbt <1,0,0,0> }
	no_shadow
}

// particle -1
sphere {
	<6.752974, 12.310624, 15.486673> 0.100000
	pigment { color rgbt <1,0,0,0> }
	no_shadow
}
sphere {
	0, 1
	scale<0.080000,0.200000,0.300000>
	matrix <-0.106513, -0.891418, -0.440487,
		-0.714091, 0.376850, -0.589964,
		0.691903, 0.251709, -0.676693,
		6.960545, 12.386137, 15.283666>
	pigment { color rgbt <0,1,1,0> }
	no_shadow
}
cylinder {
	<6.252132, 12.111198, 15.045040>,  <6.476213, 12.209941, 15.757351>, 0.130000
	pigment { color rgbt <1,0,0,0> }
	no_shadow
}

// nucleotide -1

// particle -1
sphere {
	<6.252132, 12.111198, 15.045040> 0.250000
	pigment { color rgbt <1,0,0,0> }
	no_shadow
}
cylinder {
	<6.651890, 12.097455, 15.047195>,  <6.891745, 12.089210, 15.048489>, 0.100000
	pigment { color rgbt <1,0,0,0> }
	no_shadow
}
cylinder {
	<6.651890, 12.097455, 15.047195>,  <6.252132, 12.111198, 15.045040>, 0.100000
	pigment { color rgbt <1,0,0,0> }
	no_shadow
}

// particle -1
sphere {
	<6.651890, 12.097455, 15.047195> 0.100000
	pigment { color rgbt <1,0,0,0> }
	no_shadow
}
sphere {
	0, 1
	scale<0.080000,0.200000,0.300000>
	matrix <-0.028704, -0.902369, -0.430008,
		0.019636, 0.429593, -0.902809,
		0.999395, -0.034358, 0.005388,
		6.951709, 12.087148, 15.048812>
	pigment { color rgbt <0,1,1,0> }
	no_shadow
}
cylinder {
	<6.561772, 11.945644, 14.295535>,  <6.252132, 12.111198, 15.045040>, 0.130000
	pigment { color rgbt <1,0,0,0> }
	no_shadow
}

// nucleotide -1

// particle -1
sphere {
	<6.561772, 11.945644, 14.295535> 0.250000
	pigment { color rgbt <1,0,0,0> }
	no_shadow
}
cylinder {
	<6.863127, 11.884461, 14.551353>,  <7.043939, 11.847752, 14.704843>, 0.100000
	pigment { color rgbt <1,0,0,0> }
	no_shadow
}
cylinder {
	<6.863127, 11.884461, 14.551353>,  <6.561772, 11.945644, 14.295535>, 0.100000
	pigment { color rgbt <1,0,0,0> }
	no_shadow
}

// particle -1
sphere {
	<6.863127, 11.884461, 14.551353> 0.100000
	pigment { color rgbt <1,0,0,0> }
	no_shadow
}
sphere {
	0, 1
	scale<0.080000,0.200000,0.300000>
	matrix <0.295203, -0.790390, -0.536785,
		0.587593, 0.593201, -0.550315,
		0.753386, -0.152957, 0.639543,
		7.089142, 11.838574, 14.743216>
	pigment { color rgbt <0,1,1,0> }
	no_shadow
}
cylinder {
	<7.102087, 11.889326, 13.853531>,  <6.561772, 11.945644, 14.295535>, 0.130000
	pigment { color rgbt <1,0,0,0> }
	no_shadow
}

// nucleotide -1

// particle -1
sphere {
	<7.102087, 11.889326, 13.853531> 0.250000
	pigment { color rgbt <1,0,0,0> }
	no_shadow
}
cylinder {
	<7.210853, 11.720462, 14.199443>,  <7.276112, 11.619143, 14.406990>, 0.100000
	pigment { color rgbt <1,0,0,0> }
	no_shadow
}
cylinder {
	<7.210853, 11.720462, 14.199443>,  <7.102087, 11.889326, 13.853531>, 0.100000
	pigment { color rgbt <1,0,0,0> }
	no_shadow
}

// particle -1
sphere {
	<7.210853, 11.720462, 14.199443> 0.100000
	pigment { color rgbt <1,0,0,0> }
	no_shadow
}
sphere {
	0, 1
	scale<0.080000,0.200000,0.300000>
	matrix <0.383077, -0.776883, -0.499704,
		0.882788, 0.467154, -0.049525,
		0.271914, -0.422161, 0.864779,
		7.292427, 11.593814, 14.458877>
	pigment { color rgbt <0,1,1,0> }
	no_shadow
}
cylinder {
	<7.861315, 11.703704, 13.881474>,  <7.102087, 11.889326, 13.853531>, 0.130000
	pigment { color rgbt <1,0,0,0> }
	no_shadow
}

// nucleotide -1

// particle -1
sphere {
	<7.861315, 11.703704, 13.881474> 0.250000
	pigment { color rgbt <1,0,0,0> }
	no_shadow
}
cylinder {
	<7.683994, 11.489944, 14.169334>,  <7.577602, 11.361688, 14.342051>, 0.100000
	pigment { color rgbt <1,0,0,0> }
	no_shadow
}
cylinder {
	<7.683994, 11.489944, 14.169334>,  <7.861315, 11.703704, 13.881474>, 0.100000
	pigment { color rgbt <1,0,0,0> }
	no_shadow
}

// particle -1
sphere {
	<7.683994, 11.489944, 14.169334> 0.100000
	pigment { color rgbt <1,0,0,0> }
	no_shadow
}
sphere {
	0, 1
	scale<0.080000,0.200000,0.300000>
	matrix <0.558482, -0.792640, -0.244579,
		0.701129, 0.293491, 0.649832,
		-0.443301, -0.534401, 0.719652,
		7.551004, 11.329623, 14.385230>
	pigment { color rgbt <0,1,1,0> }
	no_shadow
}
cylinder {
	<8.363271, 11.367050, 14.222393>,  <7.861315, 11.703704, 13.881474>, 0.130000
	pigment { color rgbt <1,0,0,0> }
	no_shadow
}

// nucleotide -1

// particle -1
sphere {
	<8.363271, 11.367050, 14.222393> 0.250000
	pigment { color rgbt <1,0,0,0> }
	no_shadow
}
cylinder {
	<8.047298, 11.141916, 14.319738>,  <7.857715, 11.006836, 14.378145>, 0.100000
	pigment { color rgbt <1,0,0,0> }
	no_shadow
}
cylinder {
	<8.047298, 11.141916, 14.319738>,  <8.363271, 11.367050, 14.222393>, 0.100000
	pigment { color rgbt <1,0,0,0> }
	no_shadow
}

// particle -1
sphere {
	<8.047298, 11.141916, 14.319738> 0.100000
	pigment { color rgbt <1,0,0,0> }
	no_shadow
}
sphere {
	0, 1
	scale<0.080000,0.200000,0.300000>
	matrix <0.503085, -0.821771, -0.267578,
		0.350591, -0.088936, 0.932296,
		-0.789931, -0.562834, 0.243363,
		7.810319, 10.973066, 14.392747>
	pigment { color rgbt <0,1,1,0> }
	no_shadow
}
cylinder {
	<8.599861, 10.911989, 14.680860>,  <8.363271, 11.367050, 14.222393>, 0.130000
	pigment { color rgbt <1,0,0,0> }
	no_shadow
}

// nucleotide -1

// particle -1
sphere {
	<8.599861, 10.911989, 14.680860> 0.250000
	pigment { color rgbt <1,0,0,0> }
	no_shadow
}
cylinder {
	<8.284194, 10.738618, 14.506800>,  <8.094793, 10.634595, 14.402364>, 0.100000
	pigment { color rgbt <1,0,0,0> }
	no_shadow
}
cylinder {
	<8.284194, 10.738618, 14.506800>,  <8.599861, 10.911989, 14.680860>, 0.100000
	pigment { color rgbt <1,0,0,0> }
	no_shadow
}

// particle -1
sphere {
	<8.284194, 10.738618, 14.506800> 0.100000
	pigment { color rgbt <1,0,0,0> }
	no_shadow
}
sphere {
	0, 1
	scale<0.080000,0.200000,0.300000>
	matrix <0.556737, -0.804005, -0.208851,
		-0.259340, -0.407082, 0.875801,
		-0.789168, -0.433428, -0.435149,
		8.047443, 10.608589, 14.376255>
	pigment { color rgbt <0,1,1,0> }
	no_shadow
}
cylinder {
	<8.823057, 10.149425, 14.597131>,  <8.599861, 10.911989, 14.680860>, 0.130000
	pigment { color rgbt <1,0,0,0> }
	no_shadow
}

// nucleotide -1

// particle -1
sphere {
	<8.823057, 10.149425, 14.597131> 0.250000
	pigment { color rgbt <1,0,0,0> }
	no_shadow
}
cylinder {
	<8.498261, 10.193281, 14.367818>,  <8.303384, 10.219595, 14.230230>, 0.100000
	pigment { color rgbt <1,0,0,0> }
	no_shadow
}
cylinder {
	<8.498261, 10.193281, 14.367818>,  <8.823057, 10.149425, 14.597131>, 0.100000
	pigment { color rgbt <1,0,0,0> }
	no_shadow
}

// particle -1
sphere {
	<8.498261, 10.193281, 14.367818> 0.100000
	pigment { color rgbt <1,0,0,0> }
	no_shadow
}
sphere {
	0, 1
	scale<0.080000,0.200000,0.300000>
	matrix <0.205018, -0.866035, -0.456016,
		-0.546482, -0.487812, 0.680732,
		-0.811988, 0.109642, -0.573283,
		8.254665, 10.226174, 14.195833>
	pigment { color rgbt <0,1,1,0> }
	no_shadow
}
cylinder {
	<8.524050, 9.531059, 14.599213>,  <8.823057, 10.149425, 14.597131>, 0.130000
	pigment { color rgbt <1,0,0,0> }
	no_shadow
}

// nucleotide -1

// particle -1
sphere {
	<8.524050, 9.531059, 14.599213> 0.250000
	pigment { color rgbt <1,0,0,0> }
	no_shadow
}
cylinder {
	<8.404570, 9.713321, 14.263795>,  <8.332882, 9.822678, 14.062544>, 0.100000
	pigment { color rgbt <1,0,0,0> }
	no_shadow
}
cylinder {
	<8.404570, 9.713321, 14.263795>,  <8.524050, 9.531059, 14.599213>, 0.100000
	pigment { color rgbt <1,0,0,0> }
	no_shadow
}

// particle -1
sphere {
	<8.404570, 9.713321, 14.263795> 0.100000
	pigment { color rgbt <1,0,0,0> }
	no_shadow
}
sphere {
	0, 1
	scale<0.080000,0.200000,0.300000>
	matrix <0.235386, -0.816338, -0.527433,
		-0.924863, -0.354926, 0.136586,
		-0.298700, 0.455653, -0.838546,
		8.314960, 9.850017, 14.012231>
	pigment { color rgbt <0,1,1,0> }
	no_shadow
}
cylinder {
	<8.260792, 9.035247, 14.218251>,  <8.524050, 9.531059, 14.599213>, 0.130000
	pigment { color rgbt <1,0,0,0> }
	no_shadow
}

// nucleotide -1

// particle -1
sphere {
	<8.260792, 9.035247, 14.218251> 0.250000
	pigment { color rgbt <1,0,0,0> }
	no_shadow
}
cylinder {
	<8.323666, 9.316731, 13.941099>,  <8.361390, 9.485622, 13.774808>, 0.100000
	pigment { color rgbt <1,0,0,0> }
	no_shadow
}
cylinder {
	<8.323666, 9.316731, 13.941099>,  <8.260792, 9.035247, 14.218251>, 0.100000
	pigment { color rgbt <1,0,0,0> }
	no_shadow
}

// particle -1
sphere {
	<8.323666, 9.316731, 13.941099> 0.100000
	pigment { color rgbt <1,0,0,0> }
	no_shadow
}
sphere {
	0, 1
	scale<0.080000,0.200000,0.300000>
	matrix <0.361549, -0.693899, -0.622725,
		-0.919008, -0.152628, -0.363497,
		0.157185, 0.703711, -0.692881,
		8.370821, 9.527844, 13.733235>
	pigment { color rgbt <0,1,1,0> }
	no_shadow
}
cylinder {
	<7.980473, 8.789842, 13.457006>,  <8.260792, 9.035247, 14.218251>, 0.130000
	pigment { color rgbt <1,0,0,0> }
	no_shadow
}

// nucleotide -1

// particle -1
sphere {
	<7.980473, 8.789842, 13.457006> 0.250000
	pigment { color rgbt <1,0,0,0> }
	no_shadow
}
cylinder {
	<8.252340, 9.077315, 13.398298>,  <8.415461, 9.249800, 13.363074>, 0.100000
	pigment { color rgbt <1,0,0,0> }
	no_shadow
}
cylinder {
	<8.252340, 9.077315, 13.398298>,  <7.980473, 8.789842, 13.457006>, 0.100000
	pigment { color rgbt <1,0,0,0> }
	no_shadow
}

// particle -1
sphere {
	<8.252340, 9.077315, 13.398298> 0.100000
	pigment { color rgbt <1,0,0,0> }
	no_shadow
}
sphere {
	0, 1
	scale<0.080000,0.200000,0.300000>
	matrix <0.426014, -0.549640, -0.718615,
		-0.597128, 0.425896, -0.679743,
		0.679669, 0.718685, -0.146768,
		8.456242, 9.292921, 13.354268>
	pigment { color rgbt <0,1,1,0> }
	no_shadow
}
cylinder {
	<8.001233, 8.914062, 12.653847>,  <7.980473, 8.789842, 13.457006>, 0.130000
	pigment { color rgbt <1,0,0,0> }
	no_shadow
}

// nucleotide -1

// particle -1
sphere {
	<8.001233, 8.914062, 12.653847> 0.250000
	pigment { color rgbt <1,0,0,0> }
	no_shadow
}
cylinder {
	<8.342297, 9.032528, 12.826014>,  <8.546935, 9.103608, 12.929314>, 0.100000
	pigment { color rgbt <1,0,0,0> }
	no_shadow
}
cylinder {
	<8.342297, 9.032528, 12.826014>,  <8.001233, 8.914062, 12.653847>, 0.100000
	pigment { color rgbt <1,0,0,0> }
	no_shadow
}

// particle -1
sphere {
	<8.342297, 9.032528, 12.826014> 0.100000
	pigment { color rgbt <1,0,0,0> }
	no_shadow
}
sphere {
	0, 1
	scale<0.080000,0.200000,0.300000>
	matrix <0.521407, -0.534853, -0.664882,
		0.033295, 0.791340, -0.610470,
		0.852658, 0.296166, 0.430418,
		8.598094, 9.121378, 12.955139>
	pigment { color rgbt <0,1,1,0> }
	no_shadow
}
cylinder {
	<8.373974, 9.011182, 12.062369>,  <8.001233, 8.914062, 12.653847>, 0.130000
	pigment { color rgbt <1,0,0,0> }
	no_shadow
}

// nucleotide -1

// particle -1
sphere {
	<8.373974, 9.011182, 12.062369> 0.250000
	pigment { color rgbt <1,0,0,0> }
	no_shadow
}
cylinder {
	<8.609609, 8.954382, 12.380568>,  <8.750990, 8.920301, 12.571486>, 0.100000
	pigment { color rgbt <1,0,0,0> }
	no_shadow
}
cylinder {
	<8.609609, 8.954382, 12.380568>,  <8.373974, 9.011182, 12.062369>, 0.100000
	pigment { color rgbt <1,0,0,0> }
	no_shadow
}

// particle -1
sphere {
	<8.609609, 8.954382, 12.380568> 0.100000
	pigment { color rgbt <1,0,0,0> }
	no_shadow
}
sphere {
	0, 1
	scale<0.080000,0.200000,0.300000>
	matrix <0.644510, -0.511245, -0.568538,
		0.487426, 0.847623, -0.209647,
		0.589087, -0.142001, 0.795495,
		8.786335, 8.911781, 12.619216>
	pigment { color rgbt <0,1,1,0> }
	no_shadow
}
cylinder {
	<8.977432, 8.978230, 11.768323>,  <8.373974, 9.011182, 12.062369>, 0.130000
	pigment { color rgbt <1,0,0,0> }
	no_shadow
}

// nucleotide -1

// particle -1
sphere {
	<8.977432, 8.978230, 11.768323> 0.250000
	pigment { color rgbt <1,0,0,0> }
	no_shadow
}
cylinder {
	<9.047163, 8.832784, 12.134360>,  <9.089002, 8.745516, 12.353983>, 0.100000
	pigment { color rgbt <1,0,0,0> }
	no_shadow
}
cylinder {
	<9.047163, 8.832784, 12.134360>,  <8.977432, 8.978230, 11.768323>, 0.100000
	pigment { color rgbt <1,0,0,0> }
	no_shadow
}

// particle -1
sphere {
	<9.047163, 8.832784, 12.134360> 0.100000
	pigment { color rgbt <1,0,0,0> }
	no_shadow
}
sphere {
	0, 1
	scale<0.080000,0.200000,0.300000>
	matrix <0.767862, -0.531582, -0.357504,
		0.616440, 0.764987, 0.186538,
		0.174326, -0.363615, 0.915093,
		9.099461, 8.723700, 12.408888>
	pigment { color rgbt <0,1,1,0> }
	no_shadow
}
cylinder {
	<9.609029, 8.652251, 11.711104>,  <8.977432, 8.978230, 11.768323>, 0.130000
	pigment { color rgbt <1,0,0,0> }
	no_shadow
}

// nucleotide -1

// particle -1
sphere {
	<9.609029, 8.652251, 11.711104> 0.250000
	pigment { color rgbt <1,0,0,0> }
	no_shadow
}
cylinder {
	<9.563169, 8.555143, 12.096418>,  <9.535654, 8.496879, 12.327607>, 0.100000
	pigment { color rgbt <1,0,0,0> }
	no_shadow
}
cylinder {
	<9.563169, 8.555143, 12.096418>,  <9.609029, 8.652251, 11.711104>, 0.100000
	pigment { color rgbt <1,0,0,0> }
	no_shadow
}

// particle -1
sphere {
	<9.563169, 8.555143, 12.096418> 0.100000
	pigment { color rgbt <1,0,0,0> }
	no_shadow
}
sphere {
	0, 1
	scale<0.080000,0.200000,0.300000>
	matrix <0.754004, -0.652605, -0.074730,
		0.646787, 0.717754, 0.257868,
		-0.114648, -0.242768, 0.963286,
		9.528775, 8.482313, 12.385404>
	pigment { color rgbt <0,1,1,0> }
	no_shadow
}
cylinder {
	<10.195692, 8.762150, 12.143870>,  <9.609029, 8.652251, 11.711104>, 0.130000
	pigment { color rgbt <1,0,0,0> }
	no_shadow
}

// nucleotide -1

// particle -1
sphere {
	<10.195692, 8.762150, 12.143870> 0.250000
	pigment { color rgbt <1,0,0,0> }
	no_shadow
}
cylinder {
	<10.015989, 8.457767, 12.331107>,  <9.908168, 8.275137, 12.443449>, 0.100000
	pigment { color rgbt <1,0,0,0> }
	no_shadow
}
cylinder {
	<10.015989, 8.457767, 12.331107>,  <10.195692, 8.762150, 12.143870>, 0.100000
	pigment { color rgbt <1,0,0,0> }
	no_shadow
}

// particle -1
sphere {
	<10.015989, 8.457767, 12.331107> 0.100000
	pigment { color rgbt <1,0,0,0> }
	no_shadow
}
sphere {
	0, 1
	scale<0.080000,0.200000,0.300000>
	matrix <0.827731, -0.551695, -0.102443,
		0.336199, 0.341431, 0.877721,
		-0.449257, -0.760958, 0.468093,
		9.881212, 8.229479, 12.471535>
	pigment { color rgbt <0,1,1,0> }
	no_shadow
}
cylinder {
	<10.597272, 8.412239, 12.644588>,  <10.195692, 8.762150, 12.143870>, 0.130000
	pigment { color rgbt <1,0,0,0> }
	no_shadow
}

// nucleotide -1

// particle -1
sphere {
	<10.597272, 8.412239, 12.644588> 0.250000
	pigment { color rgbt <1,0,0,0> }
	no_shadow
}
cylinder {
	<10.319274, 8.155382, 12.515200>,  <10.152475, 8.001268, 12.437567>, 0.100000
	pigment { color rgbt <1,0,0,0> }
	no_shadow
}
cylinder {
	<10.319274, 8.155382, 12.515200>,  <10.597272, 8.412239, 12.644588>, 0.100000
	pigment { color rgbt <1,0,0,0> }
	no_shadow
}

// particle -1
sphere {
	<10.319274, 8.155382, 12.515200> 0.100000
	pigment { color rgbt <1,0,0,0> }
	no_shadow
}
sphere {
	0, 1
	scale<0.080000,0.200000,0.300000>
	matrix <0.705918, -0.694859, -0.137298,
		-0.136602, -0.323766, 0.936224,
		-0.694996, -0.642142, -0.323471,
		10.110775, 7.962739, 12.418159>
	pigment { color rgbt <0,1,1,0> }
	no_shadow
}
cylinder {
	<11.180402, 8.260041, 12.941108>,  <10.597272, 8.412239, 12.644588>, 0.130000
	pigment { color rgbt <1,0,0,0> }
	no_shadow
}

// nucleotide -1

// particle -1
sphere {
	<11.180402, 8.260041, 12.941108> 0.250000
	pigment { color rgbt <1,0,0,0> }
	no_shadow
}
cylinder {
	<11.521091, 8.363060, 13.123638>,  <11.725506, 8.424871, 13.233156>, 0.100000
	pigment { color rgbt <1,0,0,0> }
	no_shadow
}
cylinder {
	<11.521091, 8.363060, 13.123638>,  <11.180402, 8.260041, 12.941108>, 0.100000
	pigment { color rgbt <1,0,0,0> }
	no_shadow
}

// particle -1
sphere {
	<11.521091, 8.363060, 13.123638> 0.100000
	pigment { color rgbt <1,0,0,0> }
	no_shadow
}
sphere {
	0, 1
	scale<0.080000,0.200000,0.300000>
	matrix <0.452136, -0.801384, -0.391608,
		0.264835, 0.539863, -0.799006,
		0.851725, 0.257548, 0.456326,
		11.776609, 8.440324, 13.260536>
	pigment { color rgbt <0,1,1,0> }
	no_shadow
}
cylinder {
	<11.169766, 8.585340, 13.589943>,  <11.180402, 8.260041, 12.941108>, 0.130000
	pigment { color rgbt <1,0,0,0> }
	no_shadow
}

// nucleotide -1

// particle -1
sphere {
	<11.169766, 8.585340, 13.589943> 0.250000
	pigment { color rgbt <1,0,0,0> }
	no_shadow
}
cylinder {
	<11.298975, 8.271982, 13.802340>,  <11.376500, 8.083967, 13.929777>, 0.100000
	pigment { color rgbt <1,0,0,0> }
	no_shadow
}
cylinder {
	<11.298975, 8.271982, 13.802340>,  <11.169766, 8.585340, 13.589943>, 0.100000
	pigment { color rgbt <1,0,0,0> }
	no_shadow
}

// particle -1
sphere {
	<11.298975, 8.271982, 13.802340> 0.100000
	pigment { color rgbt <1,0,0,0> }
	no_shadow
}
sphere {
	0, 1
	scale<0.080000,0.200000,0.300000>
	matrix <-0.045787, 0.547476, 0.835568,
		-0.945284, -0.294218, 0.140977,
		0.323021, -0.783394, 0.530991,
		11.395882, 8.036964, 13.961637>
	pigment { color rgbt <0,1,1,0> }
	no_shadow
}
cylinder {
	<10.604469, 8.360778, 14.151428>,  <11.169766, 8.585340, 13.589943>, 0.130000
	pigment { color rgbt <1,0,0,0> }
	no_shadow
}

// nucleotide -1

// particle -1
sphere {
	<10.604469, 8.360778, 14.151428> 0.250000
	pigment { color rgbt <1,0,0,0> }
	no_shadow
}
cylinder {
	<10.993549, 8.326324, 14.237623>,  <11.226997, 8.305651, 14.289340>, 0.100000
	pigment { color rgbt <1,0,0,0> }
	no_shadow
}
cylinder {
	<10.993549, 8.326324, 14.237623>,  <10.604469, 8.360778, 14.151428>, 0.100000
	pigment { color rgbt <1,0,0,0> }
	no_shadow
}

// particle -1
sphere {
	<10.993549, 8.326324, 14.237623> 0.100000
	pigment { color rgbt <1,0,0,0> }
	no_shadow
}
sphere {
	0, 1
	scale<0.080000,0.200000,0.300000>
	matrix <-0.157041, 0.439335, 0.884490,
		-0.170859, -0.894184, 0.413814,
		0.972700, -0.086137, 0.215488,
		11.285359, 8.300483, 14.302270>
	pigment { color rgbt <0,1,1,0> }
	no_shadow
}
cylinder {
	<10.741748, 8.104143, 14.822349>,  <10.604469, 8.360778, 14.151428>, 0.130000
	pigment { color rgbt <1,0,0,0> }
	no_shadow
}

// nucleotide -1

// particle -1
sphere {
	<10.741748, 8.104143, 14.822349> 0.250000
	pigment { color rgbt <1,0,0,0> }
	no_shadow
}
cylinder {
	<10.996267, 8.394776, 14.718656>,  <11.148979, 8.569157, 14.656440>, 0.100000
	pigment { color rgbt <1,0,0,0> }
	no_shadow
}
cylinder {
	<10.996267, 8.394776, 14.718656>,  <10.741748, 8.104143, 14.822349>, 0.100000
	pigment { color rgbt <1,0,0,0> }
	no_shadow
}

// particle -1
sphere {
	<10.996267, 8.394776, 14.718656> 0.100000
	pigment { color rgbt <1,0,0,0> }
	no_shadow
}
sphere {
	0, 1
	scale<0.080000,0.200000,0.300000>
	matrix <-0.368250, 0.581354, 0.725547,
		0.677877, -0.366202, 0.637479,
		0.636298, 0.726583, -0.259233,
		11.187157, 8.612751, 14.640886>
	pigment { color rgbt <0,1,1,0> }
	no_shadow
}
cylinder {
	<11.180493, 8.329523, 15.505278>,  <10.741748, 8.104143, 14.822349>, 0.130000
	pigment { color rgbt <1,0,0,0> }
	no_shadow
}

// nucleotide -1

// particle -1
sphere {
	<11.180493, 8.329523, 15.505278> 0.250000
	pigment { color rgbt <1,0,0,0> }
	no_shadow
}
cylinder {
	<11.084729, 8.603387, 15.229910>,  <11.027270, 8.767706, 15.064689>, 0.100000
	pigment { color rgbt <1,0,0,0> }
	no_shadow
}
cylinder {
	<11.084729, 8.603387, 15.229910>,  <11.180493, 8.329523, 15.505278>, 0.100000
	pigment { color rgbt <1,0,0,0> }
	no_shadow
}

// particle -1
sphere {
	<11.084729, 8.603387, 15.229910> 0.100000
	pigment { color rgbt <1,0,0,0> }
	no_shadow
}
sphere {
	0, 1
	scale<0.080000,0.200000,0.300000>
	matrix <-0.355486, 0.597994, 0.718354,
		0.903500, 0.416705, 0.100221,
		-0.239410, 0.684661, -0.688420,
		11.012906, 8.808785, 15.023384>
	pigment { color rgbt <0,1,1,0> }
	no_shadow
}
cylinder {
	<11.319337, 8.938595, 15.891994>,  <11.180493, 8.329523, 15.505278>, 0.130000
	pigment { color rgbt <1,0,0,0> }
	no_shadow
}

// nucleotide -1

// particle -1
sphere {
	<11.319337, 8.938595, 15.891994> 0.250000
	pigment { color rgbt <1,0,0,0> }
	no_shadow
}
cylinder {
	<11.111354, 9.040699, 15.565930>,  <10.986564, 9.101962, 15.370292>, 0.100000
	pigment { color rgbt <1,0,0,0> }
	no_shadow
}
cylinder {
	<11.111354, 9.040699, 15.565930>,  <11.319337, 8.938595, 15.891994>, 0.100000
	pigment { color rgbt <1,0,0,0> }
	no_shadow
}

// particle -1
sphere {
	<11.111354, 9.040699, 15.565930> 0.100000
	pigment { color rgbt <1,0,0,0> }
	no_shadow
}
sphere {
	0, 1
	scale<0.080000,0.200000,0.300000>
	matrix <-0.352389, 0.805213, 0.476922,
		0.778116, 0.535233, -0.328726,
		-0.519959, 0.255261, -0.815159,
		10.955366, 9.117277, 15.321383>
	pigment { color rgbt <0,1,1,0> }
	no_shadow
}
cylinder {
	<11.494087, 9.623121, 15.621530>,  <11.319337, 8.938595, 15.891994>, 0.130000
	pigment { color rgbt <1,0,0,0> }
	no_shadow
}

// nucleotide -1

// particle -1
sphere {
	<11.494087, 9.623121, 15.621530> 0.250000
	pigment { color rgbt <1,0,0,0> }
	no_shadow
}
cylinder {
	<11.121989, 9.532027, 15.506443>,  <10.898730, 9.477371, 15.437391>, 0.100000
	pigment { color rgbt <1,0,0,0> }
	no_shadow
}
cylinder {
	<11.121989, 9.532027, 15.506443>,  <11.494087, 9.623121, 15.621530>, 0.100000
	pigment { color rgbt <1,0,0,0> }
	no_shadow
}

// particle -1
sphere {
	<11.121989, 9.532027, 15.506443> 0.100000
	pigment { color rgbt <1,0,0,0> }
	no_shadow
}
sphere {
	0, 1
	scale<0.080000,0.200000,0.300000>
	matrix <-0.322789, 0.880765, 0.346497,
		0.174502, 0.415200, -0.892837,
		-0.930245, -0.227734, -0.287717,
		10.842916, 9.463707, 15.420128>
	pigment { color rgbt <0,1,1,0> }
	no_shadow
}
cylinder {
	<11.226378, 10.246305, 15.497098>,  <11.494087, 9.623121, 15.621530>, 0.130000
	pigment { color rgbt <1,0,0,0> }
	no_shadow
}

// nucleotide -1

// particle -1
sphere {
	<11.226378, 10.246305, 15.497098> 0.250000
	pigment { color rgbt <1,0,0,0> }
	no_shadow
}
cylinder {
	<10.899424, 10.017677, 15.525905>,  <10.703251, 9.880501, 15.543189>, 0.100000
	pigment { color rgbt <1,0,0,0> }
	no_shadow
}
cylinder {
	<10.899424, 10.017677, 15.525905>,  <11.226378, 10.246305, 15.497098>, 0.100000
	pigment { color rgbt <1,0,0,0> }
	no_shadow
}

// particle -1
sphere {
	<10.899424, 10.017677, 15.525905> 0.100000
	pigment { color rgbt <1,0,0,0> }
	no_shadow
}
sphere {
	0, 1
	scale<0.080000,0.200000,0.300000>
	matrix <-0.493708, 0.759426, 0.423704,
		-0.296868, 0.310775, -0.902933,
		-0.817387, -0.571569, 0.072017,
		10.654207, 9.846207, 15.547510>
	pigment { color rgbt <0,1,1,0> }
	no_shadow
}
cylinder {
	<10.725391, 10.564753, 15.108595>,  <11.226378, 10.246305, 15.497098>, 0.130000
	pigment { color rgbt <1,0,0,0> }
	no_shadow
}

// nucleotide -1

// particle -1
sphere {
	<10.725391, 10.564753, 15.108595> 0.250000
	pigment { color rgbt <1,0,0,0> }
	no_shadow
}
cylinder {
	<10.556651, 10.341856, 15.394678>,  <10.455407, 10.208117, 15.566328>, 0.100000
	pigment { color rgbt <1,0,0,0> }
	no_shadow
}
cylinder {
	<10.556651, 10.341856, 15.394678>,  <10.725391, 10.564753, 15.108595>, 0.100000
	pigment { color rgbt <1,0,0,0> }
	no_shadow
}

// particle -1
sphere {
	<10.556651, 10.341856, 15.394678> 0.100000
	pigment { color rgbt <1,0,0,0> }
	no_shadow
}
sphere {
	0, 1
	scale<0.080000,0.200000,0.300000>
	matrix <-0.321353, 0.829519, 0.456761,
		-0.847805, -0.037149, -0.529005,
		-0.421851, -0.557242, 0.715208,
		10.430096, 10.174684, 15.609241>
	pigment { color rgbt <0,1,1,0> }
	no_shadow
}
cylinder {
	<9.998418, 10.675625, 15.166298>,  <10.725391, 10.564753, 15.108595>, 0.130000
	pigment { color rgbt <1,0,0,0> }
	no_shadow
}

// nucleotide -1

// particle -1
sphere {
	<9.998418, 10.675625, 15.166298> 0.250000
	pigment { color rgbt <1,0,0,0> }
	no_shadow
}
cylinder {
	<10.074575, 10.517428, 15.525705>,  <10.120270, 10.422510, 15.741350>, 0.100000
	pigment { color rgbt <1,0,0,0> }
	no_shadow
}
cylinder {
	<10.074575, 10.517428, 15.525705>,  <9.998418, 10.675625, 15.166298>, 0.100000
	pigment { color rgbt <1,0,0,0> }
	no_shadow
}

// particle -1
sphere {
	<10.074575, 10.517428, 15.525705> 0.100000
	pigment { color rgbt <1,0,0,0> }
	no_shadow
}
sphere {
	0, 1
	scale<0.080000,0.200000,0.300000>
	matrix <-0.385348, 0.811694, 0.438930,
		-0.902916, -0.429812, 0.002140,
		0.190394, -0.395492, 0.898519,
		10.131694, 10.398781, 15.795261>
	pigment { color rgbt <0,1,1,0> }
	no_shadow
}
cylinder {
	<9.381042, 10.777690, 15.517928>,  <9.998418, 10.675625, 15.166298>, 0.130000
	pigment { color rgbt <1,0,0,0> }
	no_shadow
}

// nucleotide -1

// particle -1
sphere {
	<9.381042, 10.777690, 15.517928> 0.250000
	pigment { color rgbt <1,0,0,0> }
	no_shadow
}
cylinder {
	<9.641089, 10.714900, 15.815304>,  <9.797118, 10.677226, 15.993730>, 0.100000
	pigment { color rgbt <1,0,0,0> }
	no_shadow
}
cylinder {
	<9.641089, 10.714900, 15.815304>,  <9.381042, 10.777690, 15.517928>, 0.100000
	pigment { color rgbt <1,0,0,0> }
	no_shadow
}

// particle -1
sphere {
	<9.641089, 10.714900, 15.815304> 0.100000
	pigment { color rgbt <1,0,0,0> }
	no_shadow
}
sphere {
	0, 1
	scale<0.080000,0.200000,0.300000>
	matrix <-0.376102, 0.783678, 0.494364,
		-0.660220, -0.601005, 0.450446,
		0.650120, -0.156975, 0.743440,
		9.836125, 10.667808, 16.038336>
	pigment { color rgbt <0,1,1,0> }
	no_shadow
}
cylinder {
	<9.063200, 10.898098, 16.029341>,  <9.381042, 10.777690, 15.517928>, 0.130000
	pigment { color rgbt <1,0,0,0> }
	no_shadow
}

// nucleotide -1

// particle -1
sphere {
	<9.063200, 10.898098, 16.029341> 0.250000
	pigment { color rgbt <1,0,0,0> }
	no_shadow
}
cylinder {
	<9.425243, 10.942447, 16.193529>,  <9.642469, 10.969056, 16.292042>, 0.100000
	pigment { color rgbt <1,0,0,0> }
	no_shadow
}
cylinder {
	<9.425243, 10.942447, 16.193529>,  <9.063200, 10.898098, 16.029341>, 0.100000
	pigment { color rgbt <1,0,0,0> }
	no_shadow
}

// particle -1
sphere {
	<9.425243, 10.942447, 16.193529> 0.100000
	pigment { color rgbt <1,0,0,0> }
	no_shadow
}
sphere {
	0, 1
	scale<0.080000,0.200000,0.300000>
	matrix <-0.348623, 0.746164, 0.567188,
		-0.243393, -0.656466, 0.714012,
		0.905109, 0.110871, 0.410470,
		9.696776, 10.975708, 16.316669>
	pigment { color rgbt <0,1,1,0> }
	no_shadow
}
cylinder {
	<8.960451, 10.979890, 16.767559>,  <9.063200, 10.898098, 16.029341>, 0.130000
	pigment { color rgbt <1,0,0,0> }
	no_shadow
}

// nucleotide -1

// particle -1
sphere {
	<8.960451, 10.979890, 16.767559> 0.250000
	pigment { color rgbt <1,0,0,0> }
	no_shadow
}
cylinder {
	<9.326481, 11.119603, 16.686920>,  <9.546099, 11.203431, 16.638536>, 0.100000
	pigment { color rgbt <1,0,0,0> }
	no_shadow
}
cylinder {
	<9.326481, 11.119603, 16.686920>,  <8.960451, 10.979890, 16.767559>, 0.100000
	pigment { color rgbt <1,0,0,0> }
	no_shadow
}

// particle -1
sphere {
	<9.326481, 11.119603, 16.686920> 0.100000
	pigment { color rgbt <1,0,0,0> }
	no_shadow
}
sphere {
	0, 1
	scale<0.080000,0.200000,0.300000>
	matrix <-0.211661, 0.841458, 0.497140,
		0.343276, -0.412251, 0.843926,
		0.915075, 0.349282, -0.201595,
		9.601004, 11.224388, 16.626442>
	pigment { color rgbt <0,1,1,0> }
	no_shadow
}
cylinder {
	<9.221530, 11.141084, 17.402880>,  <8.960451, 10.979890, 16.767559>, 0.130000
	pigment { color rgbt <1,0,0,0> }
	no_shadow
}

// nucleotide -1

// particle -1
sphere {
	<9.221530, 11.141084, 17.402880> 0.250000
	pigment { color rgbt <1,0,0,0> }
