// switches for output
#declare DRAW_BASES = 1; // possible values are 0, 1; only relevant for DNA ribbons
#declare DRAW_BASES_TYPE = 3; // possible values are 1, 2, 3; only relevant for DNA ribbons
#declare DRAW_FOG = 0; // set to 1 to enable fog

#include "colors.inc"

#include "transforms.inc"
background { rgb <1, 1, 1>}

#default {
   normal{
       ripples 0.25
       frequency 0.20
       turbulence 0.2
       lambda 5
   }
	finish {
		phong 0.1
		phong_size 40.
	}
}

// original window dimensions: 1024x640


// camera settings

camera {
	sky <0, 0.179814, -0.983701>
	up <0, 0.179814, -0.983701>
	right 1.6 * <1, 0, 0>
	location <25.469, 94.9851, 44.8844>
	look_at <25.469, 29.3977, 32.8955>
	direction <0, -65.5874, -11.9889>
	angle 67.0682
}


# declare cpy_camera_pos = <25.469, 94.9851, 44.8844>;
# if (DRAW_FOG = 1)
fog {
	fog_type 2
	up vnormalize(cpy_camera_pos)
	color rgbt<1,1,1,0.3>
	distance 1e-5
	fog_alt 3e-3
	fog_offset 28
}
# end


// LIGHTS

# declare lum = 6;
global_settings {
	ambient_light rgb lum * <0.05, 0.05, 0.05>
	max_trace_level 15
}# declare cpy_direct_light_amount = 0.25;
light_source
{	1000 * <-1, -1.16351, -0.803887>,
	rgb lum * cpy_direct_light_amount
	parallel
}

light_source
{	1000 * <1, 1.16351, 0.803887>,
	rgb lum * cpy_direct_light_amount
	parallel
}

// strand 0

// nucleotide -1

// particle -1
sphere {
	<4.657713, 15.086367, 14.959704> 0.250000
	pigment { color rgbt <1,0,0,0> }
	no_shadow
}
cylinder {
	<4.310846, 14.888122, 14.940159>,  <4.102726, 14.769175, 14.928432>, 0.100000
	pigment { color rgbt <1,0,0,0> }
	no_shadow
}
cylinder {
	<4.310846, 14.888122, 14.940159>,  <4.657713, 15.086367, 14.959704>, 0.100000
	pigment { color rgbt <1,0,0,0> }
	no_shadow
}

// particle -1
sphere {
	<4.310846, 14.888122, 14.940159> 0.100000
	pigment { color rgbt <1,0,0,0> }
	no_shadow
}
sphere {
	0, 1
	scale<0.080000,0.200000,0.300000>
	matrix <-0.471837, 0.786228, 0.399018,
		-0.159341, 0.369071, -0.915640,
		-0.867168, -0.495613, -0.048863,
		4.050695, 14.739438, 14.925500>
	pigment { color rgbt <0,1,1,0> }
	no_shadow
}
cylinder {
	<5.357105, 15.239415, 15.175518>,  <4.657713, 15.086367, 14.959704>, 0.130000
	pigment { color rgbt <1,0,0,0> }
	no_shadow
}

// nucleotide -1

// particle -1
sphere {
	<5.357105, 15.239415, 15.175518> 0.250000
	pigment { color rgbt <1,0,0,0> }
	no_shadow
}
cylinder {
	<5.488291, 15.148462, 14.808751>,  <5.567003, 15.093891, 14.588691>, 0.100000
	pigment { color rgbt <1,0,0,0> }
	no_shadow
}
cylinder {
	<5.488291, 15.148462, 14.808751>,  <5.357105, 15.239415, 15.175518>, 0.100000
	pigment { color rgbt <1,0,0,0> }
	no_shadow
}

// particle -1
sphere {
	<5.488291, 15.148462, 14.808751> 0.100000
	pigment { color rgbt <1,0,0,0> }
	no_shadow
}
sphere {
	0, 1
	scale<0.080000,0.200000,0.300000>
	matrix <0.915885, 0.314387, 0.249633,
		0.231505, -0.921661, 0.311363,
		0.327965, -0.227381, -0.916917,
		5.586681, 15.080248, 14.533676>
	pigment { color rgbt <0,1,1,0> }
	no_shadow
}
cylinder {
	<5.944243, 14.725927, 15.132961>,  <5.357105, 15.239415, 15.175518>, 0.130000
	pigment { color rgbt <1,0,0,0> }
	no_shadow
}

// nucleotide -1

// particle -1
sphere {
	<5.944243, 14.725927, 15.132961> 0.250000
	pigment { color rgbt <1,0,0,0> }
	no_shadow
}
cylinder {
	<5.948420, 14.985048, 14.828266>,  <5.950925, 15.140521, 14.645449>, 0.100000
	pigment { color rgbt <1,0,0,0> }
	no_shadow
}
cylinder {
	<5.948420, 14.985048, 14.828266>,  <5.944243, 14.725927, 15.132961>, 0.100000
	pigment { color rgbt <1,0,0,0> }
	no_shadow
}

// particle -1
sphere {
	<5.948420, 14.985048, 14.828266> 0.100000
	pigment { color rgbt <1,0,0,0> }
	no_shadow
}
sphere {
	0, 1
	scale<0.080000,0.200000,0.300000>
	matrix <0.956205, 0.216371, 0.197115,
		0.292509, -0.730436, -0.617172,
		0.010441, 0.647802, -0.761737,
		5.951552, 15.179389, 14.599745>
	pigment { color rgbt <0,1,1,0> }
	no_shadow
}
cylinder {
	<6.663113, 14.597622, 15.074390>,  <5.944243, 14.725927, 15.132961>, 0.130000
	pigment { color rgbt <1,0,0,0> }
	no_shadow
}

// nucleotide -1

// particle -1
sphere {
	<6.663113, 14.597622, 15.074390> 0.250000
	pigment { color rgbt <1,0,0,0> }
	no_shadow
}
cylinder {
	<7.043845, 14.680712, 14.984172>,  <7.272284, 14.730566, 14.930040>, 0.100000
	pigment { color rgbt <1,0,0,0> }
	no_shadow
}
cylinder {
	<7.043845, 14.680712, 14.984172>,  <6.663113, 14.597622, 15.074390>, 0.100000
	pigment { color rgbt <1,0,0,0> }
	no_shadow
}

// particle -1
sphere {
	<7.043845, 14.680712, 14.984172> 0.100000
	pigment { color rgbt <1,0,0,0> }
	no_shadow
}
sphere {
	0, 1
	scale<0.080000,0.200000,0.300000>
	matrix <0.230177, -0.970017, 0.078004,
		-0.202581, -0.126162, -0.971105,
		0.951830, 0.207724, -0.225546,
		7.329393, 14.743029, 14.916508>
	pigment { color rgbt <0,1,1,0> }
	no_shadow
}
cylinder {
	<7.037780, 14.266084, 14.430892>,  <6.663113, 14.597622, 15.074390>, 0.130000
	pigment { color rgbt <1,0,0,0> }
	no_shadow
}

// nucleotide -1

// particle -1
sphere {
	<7.037780, 14.266084, 14.430892> 0.250000
	pigment { color rgbt <1,0,0,0> }
	no_shadow
}
cylinder {
	<7.302524, 14.322358, 14.725415>,  <7.461370, 14.356123, 14.902129>, 0.100000
	pigment { color rgbt <1,0,0,0> }
	no_shadow
}
cylinder {
	<7.302524, 14.322358, 14.725415>,  <7.037780, 14.266084, 14.430892>, 0.100000
	pigment { color rgbt <1,0,0,0> }
	no_shadow
}

// particle -1
sphere {
	<7.302524, 14.322358, 14.725415> 0.100000
	pigment { color rgbt <1,0,0,0> }
	no_shadow
}
sphere {
	0, 1
	scale<0.080000,0.200000,0.300000>
	matrix <0.315177, -0.943422, -0.103050,
		0.680152, 0.300272, -0.668753,
		0.661859, 0.140686, 0.736309,
		7.501081, 14.364564, 14.946308>
	pigment { color rgbt <0,1,1,0> }
	no_shadow
}
cylinder {
	<7.736030, 14.140146, 14.223703>,  <7.037780, 14.266084, 14.430892>, 0.130000
	pigment { color rgbt <1,0,0,0> }
	no_shadow
}

// nucleotide -1

// particle -1
sphere {
	<7.736030, 14.140146, 14.223703> 0.250000
	pigment { color rgbt <1,0,0,0> }
	no_shadow
}
cylinder {
	<7.707850, 14.070584, 14.616599>,  <7.690941, 14.028847, 14.852337>, 0.100000
	pigment { color rgbt <1,0,0,0> }
	no_shadow
}
cylinder {
	<7.707850, 14.070584, 14.616599>,  <7.736030, 14.140146, 14.223703>, 0.100000
	pigment { color rgbt <1,0,0,0> }
	no_shadow
}

// particle -1
sphere {
	<7.707850, 14.070584, 14.616599> 0.100000
	pigment { color rgbt <1,0,0,0> }
	no_shadow
}
sphere {
	0, 1
	scale<0.080000,0.200000,0.300000>
	matrix <0.216741, -0.963829, -0.155100,
		0.973684, 0.201965, 0.105595,
		-0.070451, -0.173905, 0.982239,
		7.686714, 14.018413, 14.911271>
	pigment { color rgbt <0,1,1,0> }
	no_shadow
}
cylinder {
	<8.085550, 13.601089, 14.229083>,  <7.736030, 14.140146, 14.223703>, 0.130000
	pigment { color rgbt <1,0,0,0> }
	no_shadow
}

// nucleotide -1

// particle -1
sphere {
	<8.085550, 13.601089, 14.229083> 0.250000
	pigment { color rgbt <1,0,0,0> }
	no_shadow
}
cylinder {
	<7.939007, 13.593761, 14.601200>,  <7.851081, 13.589365, 14.824471>, 0.100000
	pigment { color rgbt <1,0,0,0> }
	no_shadow
}
cylinder {
	<7.939007, 13.593761, 14.601200>,  <8.085550, 13.601089, 14.229083>, 0.100000
	pigment { color rgbt <1,0,0,0> }
	no_shadow
}

// particle -1
sphere {
	<7.939007, 13.593761, 14.601200> 0.100000
	pigment { color rgbt <1,0,0,0> }
	no_shadow
}
sphere {
	0, 1
	scale<0.080000,0.200000,0.300000>
	matrix <0.173195, -0.983676, 0.048835,
		0.914213, 0.179013, 0.363551,
		-0.366358, -0.018319, 0.930294,
		7.829099, 13.588265, 14.880288>
	pigment { color rgbt <0,1,1,0> }
	no_shadow
}
cylinder {
	<8.553647, 13.294311, 14.583776>,  <8.085550, 13.601089, 14.229083>, 0.130000
	pigment { color rgbt <1,0,0,0> }
	no_shadow
}

// nucleotide -1

// particle -1
sphere {
	<8.553647, 13.294311, 14.583776> 0.250000
	pigment { color rgbt <1,0,0,0> }
	no_shadow
}
cylinder {
	<8.208278, 13.226562, 14.773856>,  <8.001057, 13.185913, 14.887904>, 0.100000
	pigment { color rgbt <1,0,0,0> }
	no_shadow
}
cylinder {
	<8.208278, 13.226562, 14.773856>,  <8.553647, 13.294311, 14.583776>, 0.100000
	pigment { color rgbt <1,0,0,0> }
	no_shadow
}

// particle -1
sphere {
	<8.208278, 13.226562, 14.773856> 0.100000
	pigment { color rgbt <1,0,0,0> }
	no_shadow
}
sphere {
	0, 1
	scale<0.080000,0.200000,0.300000>
	matrix <0.258194, -0.957600, 0.127822,
		0.433402, 0.233058, 0.870544,
		-0.863423, -0.169371, 0.475200,
		7.949251, 13.175751, 14.916416>
	pigment { color rgbt <0,1,1,0> }
	no_shadow
}
cylinder {
	<8.733332, 12.817854, 15.026086>,  <8.553647, 13.294311, 14.583776>, 0.130000
	pigment { color rgbt <1,0,0,0> }
	no_shadow
}

// nucleotide -1

// particle -1
sphere {
	<8.733332, 12.817854, 15.026086> 0.250000
	pigment { color rgbt <1,0,0,0> }
	no_shadow
}
cylinder {
	<8.335944, 12.813866, 15.071551>,  <8.097511, 12.811473, 15.098831>, 0.100000
	pigment { color rgbt <1,0,0,0> }
	no_shadow
}
cylinder {
	<8.335944, 12.813866, 15.071551>,  <8.733332, 12.817854, 15.026086>, 0.100000
	pigment { color rgbt <1,0,0,0> }
	no_shadow
}

// particle -1
sphere {
	<8.335944, 12.813866, 15.071551> 0.100000
	pigment { color rgbt <1,0,0,0> }
	no_shadow
}
sphere {
	0, 1
	scale<0.080000,0.200000,0.300000>
	matrix <0.039767, -0.963973, 0.263013,
		0.106947, 0.265815, 0.958073,
		-0.993469, -0.009972, 0.113665,
		8.037904, 12.810874, 15.105651>
	pigment { color rgbt <0,1,1,0> }
	no_shadow
}
cylinder {
	<8.568175, 12.328617, 15.559021>,  <8.733332, 12.817854, 15.026086>, 0.130000
	pigment { color rgbt <1,0,0,0> }
	no_shadow
}

// nucleotide -1

// particle -1
sphere {
	<8.568175, 12.328617, 15.559021> 0.250000
	pigment { color rgbt <1,0,0,0> }
	no_shadow
}
cylinder {
	<8.217055, 12.349996, 15.368606>,  <8.006384, 12.362823, 15.254356>, 0.100000
	pigment { color rgbt <1,0,0,0> }
	no_shadow
}
cylinder {
	<8.217055, 12.349996, 15.368606>,  <8.568175, 12.328617, 15.559021>, 0.100000
	pigment { color rgbt <1,0,0,0> }
	no_shadow
}

// particle -1
sphere {
	<8.217055, 12.349996, 15.368606> 0.100000
	pigment { color rgbt <1,0,0,0> }
	no_shadow
}
sphere {
	0, 1
	scale<0.080000,0.200000,0.300000>
	matrix <-0.080990, -0.996009, 0.037519,
		-0.472132, 0.071488, 0.878624,
		-0.877799, 0.053446, -0.476038,
		7.953715, 12.366030, 15.225794>
	pigment { color rgbt <0,1,1,0> }
	no_shadow
}
cylinder {
	<8.194909, 11.913147, 15.876498>,  <8.568175, 12.328617, 15.559021>, 0.130000
	pigment { color rgbt <1,0,0,0> }
	no_shadow
}

// nucleotide -1

// particle -1
sphere {
	<8.194909, 11.913147, 15.876498> 0.250000
	pigment { color rgbt <1,0,0,0> }
	no_shadow
}
cylinder {
	<7.968351, 11.966074, 15.551122>,  <7.832417, 11.997830, 15.355896>, 0.100000
	pigment { color rgbt <1,0,0,0> }
	no_shadow
}
cylinder {
	<7.968351, 11.966074, 15.551122>,  <8.194909, 11.913147, 15.876498>, 0.100000
	pigment { color rgbt <1,0,0,0> }
	no_shadow
}

// particle -1
sphere {
	<7.968351, 11.966074, 15.551122> 0.100000
	pigment { color rgbt <1,0,0,0> }
	no_shadow
}
sphere {
	0, 1
	scale<0.080000,0.200000,0.300000>
	matrix <-0.274268, -0.961029, 0.034645,
		-0.777157, 0.242724, 0.580613,
		-0.566395, 0.132319, -0.813442,
		7.798433, 12.005770, 15.307089>
	pigment { color rgbt <0,1,1,0> }
	no_shadow
}
cylinder {
	<7.518922, 11.688626, 16.069824>,  <8.194909, 11.913147, 15.876498>, 0.130000
	pigment { color rgbt <1,0,0,0> }
	no_shadow
}

// nucleotide -1

// particle -1
sphere {
	<7.518922, 11.688626, 16.069824> 0.250000
	pigment { color rgbt <1,0,0,0> }
	no_shadow
}
cylinder {
	<7.573083, 11.656940, 15.674777>,  <7.605580, 11.637928, 15.437749>, 0.100000
	pigment { color rgbt <1,0,0,0> }
	no_shadow
}
cylinder {
	<7.573083, 11.656940, 15.674777>,  <7.518922, 11.688626, 16.069824>, 0.100000
	pigment { color rgbt <1,0,0,0> }
	no_shadow
}

// particle -1
sphere {
	<7.573083, 11.656940, 15.674777> 0.100000
	pigment { color rgbt <1,0,0,0> }
	no_shadow
}
sphere {
	0, 1
	scale<0.080000,0.200000,0.300000>
	matrix <-0.251168, -0.966982, 0.043125,
		-0.958426, 0.242219, -0.150829,
		0.135403, -0.079216, -0.987619,
		7.613705, 11.633175, 15.378491>
	pigment { color rgbt <0,1,1,0> }
	no_shadow
}
cylinder {
	<6.895287, 11.303412, 15.828638>,  <7.518922, 11.688626, 16.069824>, 0.130000
	pigment { color rgbt <1,0,0,0> }
	no_shadow
}

// nucleotide -1

// particle -1
sphere {
	<6.895287, 11.303412, 15.828638> 0.250000
	pigment { color rgbt <1,0,0,0> }
	no_shadow
}
cylinder {
	<7.165201, 11.263508, 15.536142>,  <7.327149, 11.239565, 15.360644>, 0.100000
	pigment { color rgbt <1,0,0,0> }
	no_shadow
}
cylinder {
	<7.165201, 11.263508, 15.536142>,  <6.895287, 11.303412, 15.828638>, 0.100000
	pigment { color rgbt <1,0,0,0> }
	no_shadow
}

// particle -1
sphere {
	<7.165201, 11.263508, 15.536142> 0.100000
	pigment { color rgbt <1,0,0,0> }
	no_shadow
}
sphere {
	0, 1
	scale<0.080000,0.200000,0.300000>
	matrix <-0.166086, -0.985933, -0.018754,
		-0.719082, 0.134104, -0.681862,
		0.674786, -0.099762, -0.731240,
		7.367636, 11.233580, 15.316771>
	pigment { color rgbt <0,1,1,0> }
	no_shadow
}
cylinder {
	<6.564780, 10.835438, 15.282825>,  <6.895287, 11.303412, 15.828638>, 0.130000
	pigment { color rgbt <1,0,0,0> }
	no_shadow
}

// nucleotide -1

// particle -1
sphere {
	<6.564780, 10.835438, 15.282825> 0.250000
	pigment { color rgbt <1,0,0,0> }
	no_shadow
}
cylinder {
	<6.957660, 10.860309, 15.211929>,  <7.193388, 10.875231, 15.169392>, 0.100000
	pigment { color rgbt <1,0,0,0> }
	no_shadow
}
cylinder {
	<6.957660, 10.860309, 15.211929>,  <6.564780, 10.835438, 15.282825>, 0.100000
	pigment { color rgbt <1,0,0,0> }
	no_shadow
}

// particle -1
sphere {
	<6.957660, 10.860309, 15.211929> 0.100000
	pigment { color rgbt <1,0,0,0> }
	no_shadow
}
sphere {
	0, 1
	scale<0.080000,0.200000,0.300000>
	matrix <0.036759, -0.989004, -0.143245,
		-0.184197, 0.134180, -0.973687,
		0.982202, 0.062177, -0.177240,
		7.252321, 10.878962, 15.158757>
	pigment { color rgbt <0,1,1,0> }
	no_shadow
}
cylinder {
	<6.586545, 10.413679, 14.690821>,  <6.564780, 10.835438, 15.282825>, 0.130000
	pigment { color rgbt <1,0,0,0> }
	no_shadow
}

// nucleotide -1

// particle -1
sphere {
	<6.586545, 10.413679, 14.690821> 0.250000
	pigment { color rgbt <1,0,0,0> }
	no_shadow
}
cylinder {
	<6.955448, 10.460837, 14.838085>,  <7.176789, 10.489133, 14.926444>, 0.100000
	pigment { color rgbt <1,0,0,0> }
	no_shadow
}
cylinder {
	<6.955448, 10.460837, 14.838085>,  <6.586545, 10.413679, 14.690821>, 0.100000
	pigment { color rgbt <1,0,0,0> }
	no_shadow
}

// particle -1
sphere {
	<6.955448, 10.460837, 14.838085> 0.100000
	pigment { color rgbt <1,0,0,0> }
	no_shadow
}
sphere {
	0, 1
	scale<0.080000,0.200000,0.300000>
	matrix <0.229681, -0.933153, -0.276536,
		0.310948, 0.339597, -0.887685,
		0.922257, 0.117896, 0.368161,
		7.232125, 10.496206, 14.948534>
	pigment { color rgbt <0,1,1,0> }
	no_shadow
}
cylinder {
	<7.051671, 10.174553, 14.160260>,  <6.586545, 10.413679, 14.690821>, 0.130000
	pigment { color rgbt <1,0,0,0> }
	no_shadow
}

// nucleotide -1

// particle -1
sphere {
	<7.051671, 10.174553, 14.160260> 0.250000
	pigment { color rgbt <1,0,0,0> }
	no_shadow
}
cylinder {
	<7.241399, 10.143452, 14.511024>,  <7.355237, 10.124791, 14.721483>, 0.100000
	pigment { color rgbt <1,0,0,0> }
	no_shadow
}
cylinder {
	<7.241399, 10.143452, 14.511024>,  <7.051671, 10.174553, 14.160260>, 0.100000
	pigment { color rgbt <1,0,0,0> }
	no_shadow
}

// particle -1
sphere {
	<7.241399, 10.143452, 14.511024> 0.100000
	pigment { color rgbt <1,0,0,0> }
	no_shadow
}
sphere {
	0, 1
	scale<0.080000,0.200000,0.300000>
	matrix <0.360797, -0.891427, -0.274195,
		0.803022, 0.446443, -0.394771,
		0.474322, -0.077753, 0.876911,
		7.383696, 10.120126, 14.774097>
	pigment { color rgbt <0,1,1,0> }
	no_shadow
}
cylinder {
	<7.780597, 9.886166, 14.005828>,  <7.051671, 10.174553, 14.160260>, 0.130000
	pigment { color rgbt <1,0,0,0> }
	no_shadow
}

// nucleotide -1

// particle -1
sphere {
	<7.780597, 9.886166, 14.005828> 0.250000
	pigment { color rgbt <1,0,0,0> }
	no_shadow
}
cylinder {
	<7.722242, 9.830412, 14.397601>,  <7.687230, 9.796960, 14.632665>, 0.100000
	pigment { color rgbt <1,0,0,0> }
	no_shadow
}
cylinder {
	<7.722242, 9.830412, 14.397601>,  <7.780597, 9.886166, 14.005828>, 0.100000
	pigment { color rgbt <1,0,0,0> }
	no_shadow
}

// particle -1
sphere {
	<7.722242, 9.830412, 14.397601> 0.100000
	pigment { color rgbt <1,0,0,0> }
	no_shadow
}
sphere {
	0, 1
	scale<0.080000,0.200000,0.300000>
	matrix <0.385156, -0.919916, -0.073546,
		0.911247, 0.366505, 0.187889,
		-0.145887, -0.139385, 0.979433,
		7.678476, 9.788596, 14.691431>
	pigment { color rgbt <0,1,1,0> }
	no_shadow
}
cylinder {
	<8.403914, 9.502692, 14.262541>,  <7.780597, 9.886166, 14.005828>, 0.130000
	pigment { color rgbt <1,0,0,0> }
	no_shadow
}

// nucleotide -1

// particle -1
sphere {
	<8.403914, 9.502692, 14.262541> 0.250000
	pigment { color rgbt <1,0,0,0> }
	no_shadow
}
cylinder {
	<8.118151, 9.446643, 14.536762>,  <7.946692, 9.413013, 14.701295>, 0.100000
	pigment { color rgbt <1,0,0,0> }
	no_shadow
}
cylinder {
	<8.118151, 9.446643, 14.536762>,  <8.403914, 9.502692, 14.262541>, 0.100000
	pigment { color rgbt <1,0,0,0> }
	no_shadow
}

// particle -1
sphere {
	<8.118151, 9.446643, 14.536762> 0.100000
	pigment { color rgbt <1,0,0,0> }
	no_shadow
}
sphere {
	0, 1
	scale<0.080000,0.200000,0.300000>
	matrix <0.209042, -0.977741, 0.017995,
		0.667772, 0.156165, 0.727800,
		-0.714410, -0.140124, 0.685553,
		7.903828, 9.404606, 14.742428>
	pigment { color rgbt <0,1,1,0> }
	no_shadow
}
cylinder {
	<8.736111, 9.194825, 14.772708>,  <8.403914, 9.502692, 14.262541>, 0.130000
	pigment { color rgbt <1,0,0,0> }
	no_shadow
}

// nucleotide -1

// particle -1
sphere {
	<8.736111, 9.194825, 14.772708> 0.250000
	pigment { color rgbt <1,0,0,0> }
	no_shadow
}
cylinder {
	<8.353890, 9.090965, 14.828569>,  <8.124558, 9.028649, 14.862086>, 0.100000
	pigment { color rgbt <1,0,0,0> }
	no_shadow
}
cylinder {
	<8.353890, 9.090965, 14.828569>,  <8.736111, 9.194825, 14.772708>, 0.100000
	pigment { color rgbt <1,0,0,0> }
	no_shadow
}

// particle -1
sphere {
	<8.353890, 9.090965, 14.828569> 0.100000
	pigment { color rgbt <1,0,0,0> }
	no_shadow
}
sphere {
	0, 1
	scale<0.080000,0.200000,0.300000>
	matrix <0.268603, -0.961989, 0.049292,
		0.121547, 0.084613, 0.988973,
		-0.955551, -0.259650, 0.139654,
		8.067225, 9.013070, 14.870465>
	pigment { color rgbt <0,1,1,0> }
	no_shadow
}
cylinder {
	<8.679132, 8.874990, 15.419239>,  <8.736111, 9.194825, 14.772708>, 0.130000
	pigment { color rgbt <1,0,0,0> }
	no_shadow
}

// nucleotide -1

// particle -1
sphere {
	<8.679132, 8.874990, 15.419239> 0.250000
	pigment { color rgbt <1,0,0,0> }
	no_shadow
}
cylinder {
	<8.364836, 8.749904, 15.205765>,  <8.176258, 8.674851, 15.077681>, 0.100000
	pigment { color rgbt <1,0,0,0> }
	no_shadow
}
cylinder {
	<8.364836, 8.749904, 15.205765>,  <8.679132, 8.874990, 15.419239>, 0.100000
	pigment { color rgbt <1,0,0,0> }
	no_shadow
}

// particle -1
sphere {
	<8.364836, 8.749904, 15.205765> 0.100000
	pigment { color rgbt <1,0,0,0> }
	no_shadow
}
sphere {
	0, 1
	scale<0.080000,0.200000,0.300000>
	matrix <0.358334, -0.933393, 0.019359,
		-0.504192, -0.176026, 0.845461,
		-0.785740, -0.312718, -0.533685,
		8.129114, 8.656088, 15.045659>
	pigment { color rgbt <0,1,1,0> }
	no_shadow
}
cylinder {
	<8.436066, 8.184419, 15.801668>,  <8.679132, 8.874990, 15.419239>, 0.130000
	pigment { color rgbt <1,0,0,0> }
	no_shadow
}

// nucleotide -1

// particle -1
sphere {
	<8.436066, 8.184419, 15.801668> 0.250000
	pigment { color rgbt <1,0,0,0> }
	no_shadow
}
cylinder {
	<8.276151, 8.201223, 15.435410>,  <8.180202, 8.211307, 15.215655>, 0.100000
	pigment { color rgbt <1,0,0,0> }
	no_shadow
}
cylinder {
	<8.276151, 8.201223, 15.435410>,  <8.436066, 8.184419, 15.801668>, 0.100000
	pigment { color rgbt <1,0,0,0> }
	no_shadow
}

// particle -1
sphere {
	<8.276151, 8.201223, 15.435410> 0.100000
	pigment { color rgbt <1,0,0,0> }
	no_shadow
}
sphere {
	0, 1
	scale<0.080000,0.200000,0.300000>
	matrix <-0.108723, -0.994070, 0.001860,
		-0.910138, 0.100296, 0.401984,
		-0.399787, 0.042012, -0.915645,
		8.156215, 8.213827, 15.160717>
	pigment { color rgbt <0,1,1,0> }
	no_shadow
}
cylinder {
	<7.903984, 7.628737, 15.888041>,  <8.436066, 8.184419, 15.801668>, 0.130000
	pigment { color rgbt <1,0,0,0> }
	no_shadow
}

// nucleotide -1

// particle -1
sphere {
	<7.903984, 7.628737, 15.888041> 0.250000
	pigment { color rgbt <1,0,0,0> }
	no_shadow
}
cylinder {
	<7.957419, 7.682385, 15.495273>,  <7.989481, 7.714574, 15.259612>, 0.100000
	pigment { color rgbt <1,0,0,0> }
	no_shadow
}
cylinder {
	<7.957419, 7.682385, 15.495273>,  <7.903984, 7.628737, 15.888041>, 0.100000
	pigment { color rgbt <1,0,0,0> }
	no_shadow
}

// particle -1
sphere {
	<7.957419, 7.682385, 15.495273> 0.100000
	pigment { color rgbt <1,0,0,0> }
	no_shadow
}
sphere {
	0, 1
	scale<0.080000,0.200000,0.300000>
	matrix <-0.148737, -0.976865, -0.153665,
		-0.979812, 0.166575, -0.110550,
		0.133590, 0.134119, -0.981919,
		7.997496, 7.722621, 15.200697>
	pigment { color rgbt <0,1,1,0> }
	no_shadow
}
cylinder {
	<7.433887, 7.211502, 15.533206>,  <7.903984, 7.628737, 15.888041>, 0.130000
	pigment { color rgbt <1,0,0,0> }
	no_shadow
}

// nucleotide -1

// particle -1
sphere {
	<7.433887, 7.211502, 15.533206> 0.250000
	pigment { color rgbt <1,0,0,0> }
	no_shadow
}
cylinder {
	<7.738206, 7.261218, 15.278415>,  <7.920797, 7.291047, 15.125540>, 0.100000
	pigment { color rgbt <1,0,0,0> }
	no_shadow
}
cylinder {
	<7.738206, 7.261218, 15.278415>,  <7.433887, 7.211502, 15.533206>, 0.100000
	pigment { color rgbt <1,0,0,0> }
	no_shadow
}

// particle -1
sphere {
	<7.738206, 7.261218, 15.278415> 0.100000
	pigment { color rgbt <1,0,0,0> }
	no_shadow
}
sphere {
	0, 1
	scale<0.080000,0.200000,0.300000>
	matrix <-0.004822, -0.980381, -0.197053,
		-0.648973, 0.152989, -0.745271,
		0.760796, 0.124288, -0.636978,
		7.966445, 7.298504, 15.087321>
	pigment { color rgbt <0,1,1,0> }
	no_shadow
}
cylinder {
	<7.255295, 6.744391, 14.924786>,  <7.433887, 7.211502, 15.533206>, 0.130000
	pigment { color rgbt <1,0,0,0> }
	no_shadow
}

// nucleotide -1

// particle -1
sphere {
	<7.255295, 6.744391, 14.924786> 0.250000
	pigment { color rgbt <1,0,0,0> }
	no_shadow
}
cylinder {
	<7.646042, 6.829869, 14.928050>,  <7.880490, 6.881155, 14.930009>, 0.100000
	pigment { color rgbt <1,0,0,0> }
	no_shadow
}
cylinder {
	<7.646042, 6.829869, 14.928050>,  <7.255295, 6.744391, 14.924786>, 0.100000
	pigment { color rgbt <1,0,0,0> }
	no_shadow
}

// particle -1
sphere {
	<7.646042, 6.829869, 14.928050> 0.100000
	pigment { color rgbt <1,0,0,0> }
	no_shadow
}
sphere {
	0, 1
	scale<0.080000,0.200000,0.300000>
	matrix <0.213715, -0.974178, -0.072822,
		-0.007612, 0.072882, -0.997312,
		0.976866, 0.213695, 0.008160,
		7.939102, 6.893977, 14.930498>
	pigment { color rgbt <0,1,1,0> }
	no_shadow
}
cylinder {
	<7.571054, 6.433708, 14.366495>,  <7.255295, 6.744391, 14.924786>, 0.130000
	pigment { color rgbt <1,0,0,0> }
	no_shadow
}

// nucleotide -1

// particle -1
sphere {
	<7.571054, 6.433708, 14.366495> 0.250000
	pigment { color rgbt <1,0,0,0> }
	no_shadow
}
cylinder {
	<7.865271, 6.474359, 14.634420>,  <8.041800, 6.498749, 14.795176>, 0.100000
	pigment { color rgbt <1,0,0,0> }
	no_shadow
}
cylinder {
	<7.865271, 6.474359, 14.634420>,  <7.571054, 6.433708, 14.366495>, 0.100000
	pigment { color rgbt <1,0,0,0> }
	no_shadow
}

// particle -1
sphere {
	<7.865271, 6.474359, 14.634420> 0.100000
	pigment { color rgbt <1,0,0,0> }
	no_shadow
}
sphere {
	0, 1
	scale<0.080000,0.200000,0.300000>
	matrix <0.317716, -0.924966, -0.208552,
		0.598360, 0.366209, -0.712640,
		0.735542, 0.101627, 0.669814,
		8.085933, 6.504847, 14.835364>
	pigment { color rgbt <0,1,1,0> }
	no_shadow
}
cylinder {
	<8.300779, 6.323250, 14.034326>,  <7.571054, 6.433708, 14.366495>, 0.130000
	pigment { color rgbt <1,0,0,0> }
	no_shadow
}

// nucleotide -1

// particle -1
sphere {
	<8.300779, 6.323250, 14.034326> 0.250000
	pigment { color rgbt <1,0,0,0> }
	no_shadow
}
cylinder {
	<8.229494, 6.206008, 14.410055>,  <8.186723, 6.135664, 14.635493>, 0.100000
	pigment { color rgbt <1,0,0,0> }
	no_shadow
}
cylinder {
	<8.229494, 6.206008, 14.410055>,  <8.300779, 6.323250, 14.034326>, 0.100000
	pigment { color rgbt <1,0,0,0> }
	no_shadow
}

// particle -1
sphere {
	<8.229494, 6.206008, 14.410055> 0.100000
	pigment { color rgbt <1,0,0,0> }
	no_shadow
}
sphere {
	0, 1
	scale<0.080000,0.200000,0.300000>
	matrix <0.295403, -0.926510, -0.233059,
		0.938604, 0.235946, 0.251699,
		-0.178212, -0.293103, 0.939325,
		8.176030, 6.118077, 14.691853>
	pigment { color rgbt <0,1,1,0> }
	no_shadow
}
cylinder {
	<8.879374, 5.883852, 14.263167>,  <8.300779, 6.323250, 14.034326>, 0.130000
	pigment { color rgbt <1,0,0,0> }
	no_shadow
}

// nucleotide -1

// particle -1
sphere {
	<8.879374, 5.883852, 14.263167> 0.250000
	pigment { color rgbt <1,0,0,0> }
	no_shadow
}
cylinder {
	<8.533809, 5.780572, 14.436137>,  <8.326470, 5.718605, 14.539919>, 0.100000
	pigment { color rgbt <1,0,0,0> }
	no_shadow
}
cylinder {
	<8.533809, 5.780572, 14.436137>,  <8.879374, 5.883852, 14.263167>, 0.100000
	pigment { color rgbt <1,0,0,0> }
	no_shadow
}

// particle -1
sphere {
	<8.533809, 5.780572, 14.436137> 0.100000
	pigment { color rgbt <1,0,0,0> }
	no_shadow
}
sphere {
	0, 1
	scale<0.080000,0.200000,0.300000>
	matrix <0.231767, -0.966090, -0.113817,
		0.447149, 0.001894, 0.894458,
		-0.863911, -0.258199, 0.432425,
		8.274635, 5.703113, 14.565865>
	pigment { color rgbt <0,1,1,0> }
	no_shadow
}
cylinder {
	<8.998288, 6.072420, 13.535849>,  <8.879374, 5.883852, 14.263167>, 0.130000
	pigment { color rgbt <1,0,0,0> }
	no_shadow
}

// nucleotide -1

// particle -1
sphere {
	<8.998288, 6.072420, 13.535849> 0.250000
	pigment { color rgbt <1,0,0,0> }
	no_shadow
}
cylinder {
	<8.715940, 5.898275, 13.312346>,  <8.546532, 5.793788, 13.178246>, 0.100000
	pigment { color rgbt <1,0,0,0> }
	no_shadow
}
cylinder {
	<8.715940, 5.898275, 13.312346>,  <8.998288, 6.072420, 13.535849>, 0.100000
	pigment { color rgbt <1,0,0,0> }
	no_shadow
}

// particle -1
sphere {
	<8.715940, 5.898275, 13.312346> 0.100000
	pigment { color rgbt <1,0,0,0> }
	no_shadow
}
sphere {
	0, 1
	scale<0.080000,0.200000,0.300000>
	matrix <0.684822, -0.621024, -0.381247,
		-0.181020, -0.651758, 0.736508,
		-0.705869, -0.435363, -0.558756,
		8.504180, 5.767666, 13.144720>
	pigment { color rgbt <0,1,1,0> }
	no_shadow
}
cylinder {
	<9.669312, 6.263220, 13.549797>,  <8.998288, 6.072420, 13.535849>, 0.130000
	pigment { color rgbt <1,0,0,0> }
	no_shadow
}

// nucleotide -1

// particle -1
sphere {
	<9.669312, 6.263220, 13.549797> 0.250000
	pigment { color rgbt <1,0,0,0> }
	no_shadow
}
cylinder {
	<9.562663, 5.979214, 13.289092>,  <9.498673, 5.808811, 13.132669>, 0.100000
	pigment { color rgbt <1,0,0,0> }
	no_shadow
}
cylinder {
	<9.562663, 5.979214, 13.289092>,  <9.669312, 6.263220, 13.549797>, 0.100000
	pigment { color rgbt <1,0,0,0> }
	no_shadow
}

// particle -1
sphere {
	<9.562663, 5.979214, 13.289092> 0.100000
	pigment { color rgbt <1,0,0,0> }
	no_shadow
}
sphere {
	0, 1
	scale<0.080000,0.200000,0.300000>
	matrix <0.949104, -0.311065, -0.049392,
		-0.167671, -0.631759, 0.756814,
		-0.266622, -0.710014, -0.651762,
		9.482677, 5.766210, 13.093564>
	pigment { color rgbt <0,1,1,0> }
	no_shadow
}
cylinder {
	<10.017015, 5.631439, 13.607453>,  <9.669312, 6.263220, 13.549797>, 0.130000
	pigment { color rgbt <1,0,0,0> }
	no_shadow
}

// nucleotide -1

// particle -1
sphere {
	<10.017015, 5.631439, 13.607453> 0.250000
	pigment { color rgbt <1,0,0,0> }
	no_shadow
}
cylinder {
	<9.916622, 5.579298, 13.223783>,  <9.856386, 5.548013, 12.993582>, 0.100000
	pigment { color rgbt <1,0,0,0> }
	no_shadow
}
cylinder {
	<9.916622, 5.579298, 13.223783>,  <10.017015, 5.631439, 13.607453>, 0.100000
	pigment { color rgbt <1,0,0,0> }
	no_shadow
}

// particle -1
sphere {
	<9.916622, 5.579298, 13.223783> 0.100000
	pigment { color rgbt <1,0,0,0> }
	no_shadow
}
sphere {
	0, 1
	scale<0.080000,0.200000,0.300000>
	matrix <0.819980, -0.555232, -0.139104,
		-0.514431, -0.821417, 0.246241,
		-0.250984, -0.130353, -0.959174,
		9.841327, 5.540192, 12.936031>
	pigment { color rgbt <0,1,1,0> }
	no_shadow
}
cylinder {
	<10.224077, 5.812861, 14.367833>,  <10.017015, 5.631439, 13.607453>, 0.130000
	pigment { color rgbt <1,0,0,0> }
	no_shadow
}

// nucleotide -1

// particle -1
sphere {
	<10.224077, 5.812861, 14.367833> 0.250000
	pigment { color rgbt <1,0,0,0> }
	no_shadow
}
cylinder {
	<10.346328, 5.940835, 14.726549>,  <10.419678, 6.017620, 14.941779>, 0.100000
	pigment { color rgbt <1,0,0,0> }
	no_shadow
}
cylinder {
	<10.346328, 5.940835, 14.726549>,  <10.224077, 5.812861, 14.367833>, 0.100000
	pigment { color rgbt <1,0,0,0> }
	no_shadow
}

// particle -1
sphere {
	<10.346328, 5.940835, 14.726549> 0.100000
	pigment { color rgbt <1,0,0,0> }
	no_shadow
}
sphere {
	0, 1
	scale<0.080000,0.200000,0.300000>
	matrix <0.883733, -0.445896, -0.142100,
		0.354412, 0.835953, -0.419016,
		0.305626, 0.319937, 0.896791,
		10.438016, 6.036817, 14.995586>
	pigment { color rgbt <0,1,1,0> }
	no_shadow
}
cylinder {
	<10.700413, 6.320436, 14.422138>,  <10.224077, 5.812861, 14.367833>, 0.130000
	pigment { color rgbt <1,0,0,0> }
	no_shadow
}

// nucleotide -1

// particle -1
sphere {
	<10.700413, 6.320436, 14.422138> 0.250000
	pigment { color rgbt <1,0,0,0> }
	no_shadow
}
cylinder {
	<10.754264, 6.079961, 14.737213>,  <10.786574, 5.935677, 14.926258>, 0.100000
	pigment { color rgbt <1,0,0,0> }
	no_shadow
}
cylinder {
	<10.754264, 6.079961, 14.737213>,  <10.700413, 6.320436, 14.422138>, 0.100000
	pigment { color rgbt <1,0,0,0> }
	no_shadow
}

// particle -1
sphere {
	<10.754264, 6.079961, 14.737213> 0.100000
	pigment { color rgbt <1,0,0,0> }
	no_shadow
}
sphere {
	0, 1
	scale<0.080000,0.200000,0.300000>
	matrix <0.868994, -0.310354, -0.385395,
		0.476155, 0.736380, 0.480645,
		0.134627, -0.601186, 0.787687,
		10.794652, 5.899605, 14.973519>
	pigment { color rgbt <0,1,1,0> }
	no_shadow
}
cylinder {
	<11.430285, 6.431181, 14.640088>,  <10.700413, 6.320436, 14.422138>, 0.130000
	pigment { color rgbt <1,0,0,0> }
	no_shadow
}

// nucleotide -1

// particle -1
sphere {
	<11.430285, 6.431181, 14.640088> 0.250000
	pigment { color rgbt <1,0,0,0> }
	no_shadow
}
cylinder {
	<11.329785, 6.049687, 14.706139>,  <11.269486, 5.820791, 14.745769>, 0.100000
	pigment { color rgbt <1,0,0,0> }
	no_shadow
}
cylinder {
	<11.329785, 6.049687, 14.706139>,  <11.430285, 6.431181, 14.640088>, 0.100000
	pigment { color rgbt <1,0,0,0> }
	no_shadow
}

// particle -1
sphere {
	<11.329785, 6.049687, 14.706139> 0.100000
	pigment { color rgbt <1,0,0,0> }
	no_shadow
}
sphere {
	0, 1
	scale<0.080000,0.200000,0.300000>
	matrix <0.852311, -0.298848, -0.429251,
		0.458738, 0.032891, 0.887962,
		-0.251247, -0.953734, 0.165126,
		11.254412, 5.763567, 14.755676>
	pigment { color rgbt <0,1,1,0> }
	no_shadow
}
cylinder {
	<11.940306, 6.180418, 15.001930>,  <11.430285, 6.431181, 14.640088>, 0.130000
	pigment { color rgbt <1,0,0,0> }
	no_shadow
}

// nucleotide -1

// particle -1
sphere {
	<11.940306, 6.180418, 15.001930> 0.250000
	pigment { color rgbt <1,0,0,0> }
	no_shadow
}
cylinder {
	<11.775365, 5.908147, 14.759726>,  <11.676400, 5.744785, 14.614403>, 0.100000
	pigment { color rgbt <1,0,0,0> }
	no_shadow
}
cylinder {
	<11.775365, 5.908147, 14.759726>,  <11.940306, 6.180418, 15.001930>, 0.100000
	pigment { color rgbt <1,0,0,0> }
	no_shadow
}

// particle -1
sphere {
	<11.775365, 5.908147, 14.759726> 0.100000
	pigment { color rgbt <1,0,0,0> }
	no_shadow
}
sphere {
	0, 1
	scale<0.080000,0.200000,0.300000>
	matrix <0.833085, -0.012747, -0.552998,
		0.368695, -0.732472, 0.572319,
		-0.412351, -0.680678, -0.605512,
		11.651660, 5.703944, 14.578072>
	pigment { color rgbt <0,1,1,0> }
	no_shadow
}
cylinder {
	<12.309138, 6.816743, 14.659758>,  <11.940306, 6.180418, 15.001930>, 0.130000
	pigment { color rgbt <1,0,0,0> }
	no_shadow
}

// nucleotide -1

// particle -1
sphere {
	<12.309138, 6.816743, 14.659758> 0.250000
	pigment { color rgbt <1,0,0,0> }
	no_shadow
}
cylinder {
	<11.930104, 6.872365, 14.774821>,  <11.702684, 6.905737, 14.843860>, 0.100000
	pigment { color rgbt <1,0,0,0> }
	no_shadow
}
cylinder {
	<11.930104, 6.872365, 14.774821>,  <12.309138, 6.816743, 14.659758>, 0.100000
	pigment { color rgbt <1,0,0,0> }
	no_shadow
}

// particle -1
sphere {
	<11.930104, 6.872365, 14.774821> 0.100000
	pigment { color rgbt <1,0,0,0> }
	no_shadow
}
sphere {
	0, 1
	scale<0.080000,0.200000,0.300000>
	matrix <0.125457, 0.989950, -0.065268,
		-0.293844, -0.025758, -0.955506,
		-0.947584, 0.139054, 0.287659,
		11.645829, 6.914081, 14.861119>
	pigment { color rgbt <0,1,1,0> }
	no_shadow
}
cylinder {
	<11.927058, 7.457609, 14.316053>,  <12.309138, 6.816743, 14.659758>, 0.130000
	pigment { color rgbt <1,0,0,0> }
	no_shadow
}

// nucleotide -1

// particle -1
sphere {
	<11.927058, 7.457609, 14.316053> 0.250000
	pigment { color rgbt <1,0,0,0> }
	no_shadow
}
cylinder {
	<11.705591, 7.621322, 14.025967>,  <11.572711, 7.719550, 13.851914>, 0.100000
	pigment { color rgbt <1,0,0,0> }
	no_shadow
}
cylinder {
	<11.705591, 7.621322, 14.025967>,  <11.927058, 7.457609, 14.316053>, 0.100000
	pigment { color rgbt <1,0,0,0> }
	no_shadow
}

// particle -1
sphere {
	<11.705591, 7.621322, 14.025967> 0.100000
	pigment { color rgbt <1,0,0,0> }
	no_shadow
}
sphere {
	0, 1
	scale<0.080000,0.200000,0.300000>
	matrix <0.411927, 0.891479, 0.188628,
		0.723718, -0.194300, -0.662178,
		-0.553668, 0.409282, -0.725217,
		11.539491, 7.744107, 13.808401>
	pigment { color rgbt <0,1,1,0> }
	no_shadow
}
cylinder {
	<12.274589, 7.869626, 13.827548>,  <11.927058, 7.457609, 14.316053>, 0.130000
	pigment { color rgbt <1,0,0,0> }
	no_shadow
}

// nucleotide -1

// particle -1
sphere {
	<12.274589, 7.869626, 13.827548> 0.250000
	pigment { color rgbt <1,0,0,0> }
	no_shadow
}
cylinder {
	<11.902252, 8.013900, 13.804089>,  <11.678850, 8.100464, 13.790013>, 0.100000
	pigment { color rgbt <1,0,0,0> }
	no_shadow
}
cylinder {
	<11.902252, 8.013900, 13.804089>,  <12.274589, 7.869626, 13.827548>, 0.100000
	pigment { color rgbt <1,0,0,0> }
	no_shadow
}

// particle -1
sphere {
	<11.902252, 8.013900, 13.804089> 0.100000
	pigment { color rgbt <1,0,0,0> }
	no_shadow
}
sphere {
	0, 1
	scale<0.080000,0.200000,0.300000>
	matrix <0.348654, 0.924675, 0.153021,
		0.109423, 0.121990, -0.986481,
		-0.930842, 0.360685, -0.058649,
		11.622999, 8.122106, 13.786494>
	pigment { color rgbt <0,1,1,0> }
	no_shadow
}
cylinder {
	<12.284801, 8.520352, 13.459407>,  <12.274589, 7.869626, 13.827548>, 0.130000
	pigment { color rgbt <1,0,0,0> }
	no_shadow
}

// nucleotide -1

// particle -1
sphere {
	<12.284801, 8.520352, 13.459407> 0.250000
	pigment { color rgbt <1,0,0,0> }
	no_shadow
}
cylinder {
	<11.970509, 8.495686, 13.705601>,  <11.781933, 8.480886, 13.853317>, 0.100000
	pigment { color rgbt <1,0,0,0> }
	no_shadow
}
cylinder {
	<11.970509, 8.495686, 13.705601>,  <12.284801, 8.520352, 13.459407>, 0.100000
	pigment { color rgbt <1,0,0,0> }
	no_shadow
}

// particle -1
sphere {
	<11.970509, 8.495686, 13.705601> 0.100000
	pigment { color rgbt <1,0,0,0> }
	no_shadow
}
sphere {
	0, 1
	scale<0.080000,0.200000,0.300000>
	matrix <0.091382, 0.972528, 0.214099,
		-0.611778, 0.224469, -0.758512,
		-0.785733, -0.061667, 0.615484,
		11.734789, 8.477185, 13.890245>
	pigment { color rgbt <0,1,1,0> }
	no_shadow
}
cylinder {
	<11.916440, 9.166346, 13.313608>,  <12.284801, 8.520352, 13.459407>, 0.130000
	pigment { color rgbt <1,0,0,0> }
	no_shadow
}

// nucleotide -1

// particle -1
sphere {
	<11.916440, 9.166346, 13.313608> 0.250000
	pigment { color rgbt <1,0,0,0> }
	no_shadow
}
cylinder {
	<11.787820, 9.040701, 13.670918>,  <11.710648, 8.965314, 13.885304>, 0.100000
	pigment { color rgbt <1,0,0,0> }
	no_shadow
}
cylinder {
	<11.787820, 9.040701, 13.670918>,  <11.916440, 9.166346, 13.313608>, 0.100000
	pigment { color rgbt <1,0,0,0> }
	no_shadow
}

// particle -1
sphere {
	<11.787820, 9.040701, 13.670918> 0.100000
	pigment { color rgbt <1,0,0,0> }
	no_shadow
}
sphere {
	0, 1
	scale<0.080000,0.200000,0.300000>
	matrix <0.075072, 0.931949, 0.354733,
		-0.943912, 0.181124, -0.276087,
		-0.321550, -0.314111, 0.893275,
		11.691355, 8.946467, 13.938901>
	pigment { color rgbt <0,1,1,0> }
	no_shadow
}
cylinder {
	<11.251676, 9.461395, 13.364705>,  <11.916440, 9.166346, 13.313608>, 0.130000
	pigment { color rgbt <1,0,0,0> }
	no_shadow
}

// nucleotide -1

// particle -1
sphere {
	<11.251676, 9.461395, 13.364705> 0.250000
	pigment { color rgbt <1,0,0,0> }
	no_shadow
}
cylinder {
	<11.413262, 9.383013, 13.722121>,  <11.510214, 9.335983, 13.936571>, 0.100000
	pigment { color rgbt <1,0,0,0> }
	no_shadow
}
cylinder {
	<11.413262, 9.383013, 13.722121>,  <11.251676, 9.461395, 13.364705>, 0.100000
	pigment { color rgbt <1,0,0,0> }
	no_shadow
}

// particle -1
sphere {
	<11.413262, 9.383013, 13.722121> 0.100000
	pigment { color rgbt <1,0,0,0> }
	no_shadow
}
sphere {
	0, 1
	scale<0.080000,0.200000,0.300000>
	matrix <-0.205982, 0.932217, 0.297563,
		-0.891282, -0.304258, 0.336220,
		0.403966, -0.195957, 0.893539,
		11.534452, 9.324225, 13.990183>
	pigment { color rgbt <0,1,1,0> }
	no_shadow
}
cylinder {
	<10.781311, 9.787913, 13.836365>,  <11.251676, 9.461395, 13.364705>, 0.130000
	pigment { color rgbt <1,0,0,0> }
	no_shadow
}

// nucleotide -1

// particle -1
sphere {
	<10.781311, 9.787913, 13.836365> 0.250000
	pigment { color rgbt <1,0,0,0> }
	no_shadow
}
cylinder {
	<11.101069, 9.715892, 14.065641>,  <11.292924, 9.672679, 14.203207>, 0.100000
	pigment { color rgbt <1,0,0,0> }
	no_shadow
}
cylinder {
	<11.101069, 9.715892, 14.065641>,  <10.781311, 9.787913, 13.836365>, 0.100000
	pigment { color rgbt <1,0,0,0> }
	no_shadow
}

// particle -1
sphere {
	<11.101069, 9.715892, 14.065641> 0.100000
	pigment { color rgbt <1,0,0,0> }
	no_shadow
}
sphere {
	0, 1
	scale<0.080000,0.200000,0.300000>
	matrix <-0.162331, 0.853826, 0.494601,
		-0.578460, -0.488428, 0.653316,
		0.799394, -0.180054, 0.573191,
		11.340888, 9.661876, 14.237598>
	pigment { color rgbt <0,1,1,0> }
	no_shadow
}
cylinder {
	<10.561625, 9.965365, 14.452559>,  <10.781311, 9.787913, 13.836365>, 0.130000
	pigment { color rgbt <1,0,0,0> }
	no_shadow
}

// nucleotide -1

// particle -1
sphere {
	<10.561625, 9.965365, 14.452559> 0.250000
	pigment { color rgbt <1,0,0,0> }
	no_shadow
}
cylinder {
	<10.958194, 9.949007, 14.502213>,  <11.196136, 9.939192, 14.532005>, 0.100000
	pigment { color rgbt <1,0,0,0> }
	no_shadow
}
cylinder {
	<10.958194, 9.949007, 14.502213>,  <10.561625, 9.965365, 14.452559>, 0.100000
	pigment { color rgbt <1,0,0,0> }
	no_shadow
}

// particle -1
sphere {
	<10.958194, 9.949007, 14.502213> 0.100000
	pigment { color rgbt <1,0,0,0> }
	no_shadow
}
sphere {
	0, 1
	scale<0.080000,0.200000,0.300000>
	matrix <-0.026611, 0.866723, 0.498080,
		-0.127960, -0.497111, 0.858200,
		0.991422, -0.040897, 0.124135,
		11.255621, 9.936738, 14.539454>
	pigment { color rgbt <0,1,1,0> }
	no_shadow
}
cylinder {
	<10.672269, 10.174296, 15.135875>,  <10.561625, 9.965365, 14.452559>, 0.130000
	pigment { color rgbt <1,0,0,0> }
	no_shadow
}

// nucleotide -1

// particle -1
sphere {
	<10.672269, 10.174296, 15.135875> 0.250000
	pigment { color rgbt <1,0,0,0> }
	no_shadow
}
cylinder {
	<11.026958, 10.212979, 14.955047>,  <11.239773, 10.236189, 14.846550>, 0.100000
	pigment { color rgbt <1,0,0,0> }
	no_shadow
}
cylinder {
	<11.026958, 10.212979, 14.955047>,  <10.672269, 10.174296, 15.135875>, 0.100000
	pigment { color rgbt <1,0,0,0> }
	no_shadow
}

// particle -1
sphere {
	<11.026958, 10.212979, 14.955047> 0.100000
	pigment { color rgbt <1,0,0,0> }
	no_shadow
}
sphere {
	0, 1
	scale<0.080000,0.200000,0.300000>
	matrix <0.206253, 0.792403, 0.574071,
		0.413738, -0.602284, 0.682697,
		0.886725, 0.096706, -0.452070,
		11.292975, 10.241991, 14.819426>
	pigment { color rgbt <0,1,1,0> }
	no_shadow
}
cylinder {
	<11.208753, 10.305542, 15.652487>,  <10.672269, 10.174296, 15.135875>, 0.130000
	pigment { color rgbt <1,0,0,0> }
	no_shadow
}

// nucleotide -1

// particle -1
sphere {
	<11.208753, 10.305542, 15.652487> 0.250000
	pigment { color rgbt <1,0,0,0> }
	no_shadow
}
cylinder {
