// switches for output
#declare DRAW_BASES = 1; // possible values are 0, 1; only relevant for DNA ribbons
#declare DRAW_BASES_TYPE = 3; // possible values are 1, 2, 3; only relevant for DNA ribbons
#declare DRAW_FOG = 0; // set to 1 to enable fog

#include "colors.inc"

#include "transforms.inc"
background { rgb <1, 1, 1>}

#default {
   normal{
       ripples 0.25
       frequency 0.20
       turbulence 0.2
       lambda 5
   }
	finish {
		phong 0.1
		phong_size 40.
	}
}

// original window dimensions: 1024x640


// camera settings

camera {
	sky <0, 0.179814, -0.983701>
	up <0, 0.179814, -0.983701>
	right 1.6 * <1, 0, 0>
	location <25.469, 94.9851, 44.8844>
	look_at <25.469, 29.3977, 32.8955>
	direction <0, -65.5874, -11.9889>
	angle 67.0682
}


# declare cpy_camera_pos = <25.469, 94.9851, 44.8844>;
# if (DRAW_FOG = 1)
fog {
	fog_type 2
	up vnormalize(cpy_camera_pos)
	color rgbt<1,1,1,0.3>
	distance 1e-5
	fog_alt 3e-3
	fog_offset 28
}
# end


// LIGHTS

# declare lum = 6;
global_settings {
	ambient_light rgb lum * <0.05, 0.05, 0.05>
	max_trace_level 15
}# declare cpy_direct_light_amount = 0.25;
light_source
{	1000 * <-1, -1.16351, -0.803887>,
	rgb lum * cpy_direct_light_amount
	parallel
}

light_source
{	1000 * <1, 1.16351, 0.803887>,
	rgb lum * cpy_direct_light_amount
	parallel
}

// strand 0

// nucleotide -1

// particle -1
sphere {
	<4.283517, 14.494283, 14.531783> 0.250000
	pigment { color rgbt <1,0,0,0> }
	no_shadow
}
cylinder {
	<4.205197, 14.853371, 14.689650>,  <4.158205, 15.068823, 14.784369>, 0.100000
	pigment { color rgbt <1,0,0,0> }
	no_shadow
}
cylinder {
	<4.205197, 14.853371, 14.689650>,  <4.283517, 14.494283, 14.531783>, 0.100000
	pigment { color rgbt <1,0,0,0> }
	no_shadow
}

// particle -1
sphere {
	<4.205197, 14.853371, 14.689650> 0.100000
	pigment { color rgbt <1,0,0,0> }
	no_shadow
}
sphere {
	0, 1
	scale<0.080000,0.200000,0.300000>
	matrix <0.478493, 0.438756, -0.760617,
		-0.855983, 0.039916, -0.515461,
		-0.195801, 0.897719, 0.394667,
		4.146456, 15.122686, 14.808049>
	pigment { color rgbt <0,1,1,0> }
	no_shadow
}
cylinder {
	<3.852503, 14.991302, 14.041436>,  <4.283517, 14.494283, 14.531783>, 0.130000
	pigment { color rgbt <1,0,0,0> }
	no_shadow
}

// nucleotide -1

// particle -1
sphere {
	<3.852503, 14.991302, 14.041436> 0.250000
	pigment { color rgbt <1,0,0,0> }
	no_shadow
}
cylinder {
	<4.083218, 15.183605, 14.305614>,  <4.221646, 15.298987, 14.464122>, 0.100000
	pigment { color rgbt <1,0,0,0> }
	no_shadow
}
cylinder {
	<4.083218, 15.183605, 14.305614>,  <3.852503, 14.991302, 14.041436>, 0.100000
	pigment { color rgbt <1,0,0,0> }
	no_shadow
}

// particle -1
sphere {
	<4.083218, 15.183605, 14.305614> 0.100000
	pigment { color rgbt <1,0,0,0> }
	no_shadow
}
sphere {
	0, 1
	scale<0.080000,0.200000,0.300000>
	matrix <0.399602, 0.539101, -0.741410,
		-0.712485, 0.691551, 0.118834,
		0.576786, 0.480757, 0.660447,
		4.256254, 15.327832, 14.503749>
	pigment { color rgbt <0,1,1,0> }
	no_shadow
}
cylinder {
	<4.095558, 15.524632, 13.577503>,  <3.852503, 14.991302, 14.041436>, 0.130000
	pigment { color rgbt <1,0,0,0> }
	no_shadow
}

// nucleotide -1

// particle -1
sphere {
	<4.095558, 15.524632, 13.577503> 0.250000
	pigment { color rgbt <1,0,0,0> }
	no_shadow
}
cylinder {
	<4.279504, 15.583766, 13.927741>,  <4.389872, 15.619246, 14.137884>, 0.100000
	pigment { color rgbt <1,0,0,0> }
	no_shadow
}
cylinder {
	<4.279504, 15.583766, 13.927741>,  <4.095558, 15.524632, 13.577503>, 0.100000
	pigment { color rgbt <1,0,0,0> }
	no_shadow
}

// particle -1
sphere {
	<4.279504, 15.583766, 13.927741> 0.100000
	pigment { color rgbt <1,0,0,0> }
	no_shadow
}
sphere {
	0, 1
	scale<0.080000,0.200000,0.300000>
	matrix <0.425501, 0.828784, -0.363408,
		-0.779405, 0.539686, 0.318225,
		0.459866, 0.147837, 0.875596,
		4.417464, 15.628118, 14.190420>
	pigment { color rgbt <0,1,1,0> }
	no_shadow
}
cylinder {
	<4.148759, 16.186419, 13.704720>,  <4.095558, 15.524632, 13.577503>, 0.130000
	pigment { color rgbt <1,0,0,0> }
	no_shadow
}

// nucleotide -1

// particle -1
sphere {
	<4.148759, 16.186419, 13.704720> 0.250000
	pigment { color rgbt <1,0,0,0> }
	no_shadow
}
cylinder {
	<4.444376, 16.033833, 13.926818>,  <4.621747, 15.942281, 14.060077>, 0.100000
	pigment { color rgbt <1,0,0,0> }
	no_shadow
}
cylinder {
	<4.444376, 16.033833, 13.926818>,  <4.148759, 16.186419, 13.704720>, 0.100000
	pigment { color rgbt <1,0,0,0> }
	no_shadow
}

// particle -1
sphere {
	<4.444376, 16.033833, 13.926818> 0.100000
	pigment { color rgbt <1,0,0,0> }
	no_shadow
}
sphere {
	0, 1
	scale<0.080000,0.200000,0.300000>
	matrix <0.627740, 0.689053, -0.362143,
		-0.244449, 0.616190, 0.748702,
		0.739044, -0.381465, 0.555246,
		4.666090, 15.919394, 14.093391>
	pigment { color rgbt <0,1,1,0> }
	no_shadow
}
cylinder {
	<4.513354, 16.745029, 13.866082>,  <4.148759, 16.186419, 13.704720>, 0.130000
	pigment { color rgbt <1,0,0,0> }
	no_shadow
}

// nucleotide -1

// particle -1
sphere {
	<4.513354, 16.745029, 13.866082> 0.250000
	pigment { color rgbt <1,0,0,0> }
	no_shadow
}
cylinder {
	<4.763299, 16.439899, 13.932587>,  <4.913266, 16.256821, 13.972489>, 0.100000
	pigment { color rgbt <1,0,0,0> }
	no_shadow
}
cylinder {
	<4.763299, 16.439899, 13.932587>,  <4.513354, 16.745029, 13.866082>, 0.100000
	pigment { color rgbt <1,0,0,0> }
	no_shadow
}

// particle -1
sphere {
	<4.763299, 16.439899, 13.932587> 0.100000
	pigment { color rgbt <1,0,0,0> }
	no_shadow
}
sphere {
	0, 1
	scale<0.080000,0.200000,0.300000>
	matrix <0.761700, 0.548905, -0.344261,
		0.171350, 0.341757, 0.924035,
		0.624861, -0.762827, 0.166262,
		4.950758, 16.211052, 13.982465>
	pigment { color rgbt <0,1,1,0> }
	no_shadow
}
cylinder {
	<5.051974, 16.985071, 14.087979>,  <4.513354, 16.745029, 13.866082>, 0.130000
	pigment { color rgbt <1,0,0,0> }
	no_shadow
}

// nucleotide -1

// particle -1
sphere {
	<5.051974, 16.985071, 14.087979> 0.250000
	pigment { color rgbt <1,0,0,0> }
	no_shadow
}
cylinder {
	<5.180976, 16.637699, 13.937345>,  <5.258378, 16.429276, 13.846964>, 0.100000
	pigment { color rgbt <1,0,0,0> }
	no_shadow
}
cylinder {
	<5.180976, 16.637699, 13.937345>,  <5.051974, 16.985071, 14.087979>, 0.100000
	pigment { color rgbt <1,0,0,0> }
	no_shadow
}

// particle -1
sphere {
	<5.180976, 16.637699, 13.937345> 0.100000
	pigment { color rgbt <1,0,0,0> }
	no_shadow
}
sphere {
	0, 1
	scale<0.080000,0.200000,0.300000>
	matrix <0.697689, 0.486957, -0.525455,
		0.639702, -0.093277, 0.762942,
		0.322507, -0.868431, -0.376586,
		5.277729, 16.377171, 13.824368>
	pigment { color rgbt <0,1,1,0> }
	no_shadow
}
cylinder {
	<5.797729, 17.033957, 14.158377>,  <5.051974, 16.985071, 14.087979>, 0.130000
	pigment { color rgbt <1,0,0,0> }
	no_shadow
}

// nucleotide -1

// particle -1
sphere {
	<5.797729, 17.033957, 14.158377> 0.250000
	pigment { color rgbt <1,0,0,0> }
	no_shadow
}
cylinder {
	<5.714910, 16.760979, 13.877977>,  <5.665218, 16.597191, 13.709738>, 0.100000
	pigment { color rgbt <1,0,0,0> }
	no_shadow
}
cylinder {
	<5.714910, 16.760979, 13.877977>,  <5.797729, 17.033957, 14.158377>, 0.100000
	pigment { color rgbt <1,0,0,0> }
	no_shadow
}

// particle -1
sphere {
	<5.714910, 16.760979, 13.877977> 0.100000
	pigment { color rgbt <1,0,0,0> }
	no_shadow
}
sphere {
	0, 1
	scale<0.080000,0.200000,0.300000>
	matrix <0.577260, 0.493280, -0.650728,
		0.789874, -0.539390, 0.291816,
		-0.207049, -0.682447, -0.700997,
		5.652795, 16.556244, 13.667678>
	pigment { color rgbt <0,1,1,0> }
	no_shadow
}
cylinder {
	<6.423605, 16.767294, 14.038444>,  <5.797729, 17.033957, 14.158377>, 0.130000
	pigment { color rgbt <1,0,0,0> }
	no_shadow
}

// nucleotide -1

// particle -1
sphere {
	<6.423605, 16.767294, 14.038444> 0.250000
	pigment { color rgbt <1,0,0,0> }
	no_shadow
}
cylinder {
	<6.225772, 16.675453, 13.703141>,  <6.107073, 16.620350, 13.501960>, 0.100000
	pigment { color rgbt <1,0,0,0> }
	no_shadow
}
cylinder {
	<6.225772, 16.675453, 13.703141>,  <6.423605, 16.767294, 14.038444>, 0.100000
	pigment { color rgbt <1,0,0,0> }
	no_shadow
}

// particle -1
sphere {
	<6.225772, 16.675453, 13.703141> 0.100000
	pigment { color rgbt <1,0,0,0> }
	no_shadow
}
sphere {
	0, 1
	scale<0.080000,0.200000,0.300000>
	matrix <0.760137, 0.353363, -0.545276,
		0.421405, -0.906873, -0.000240,
		-0.494581, -0.229600, -0.838256,
		6.077398, 16.606573, 13.451664>
	pigment { color rgbt <0,1,1,0> }
	no_shadow
}
cylinder {
	<6.836410, 16.302809, 13.687553>,  <6.423605, 16.767294, 14.038444>, 0.130000
	pigment { color rgbt <1,0,0,0> }
	no_shadow
}

// nucleotide -1

// particle -1
sphere {
	<6.836410, 16.302809, 13.687553> 0.250000
	pigment { color rgbt <1,0,0,0> }
	no_shadow
}
cylinder {
	<6.584792, 16.515535, 13.460759>,  <6.433822, 16.643171, 13.324682>, 0.100000
	pigment { color rgbt <1,0,0,0> }
	no_shadow
}
cylinder {
	<6.584792, 16.515535, 13.460759>,  <6.836410, 16.302809, 13.687553>, 0.100000
	pigment { color rgbt <1,0,0,0> }
	no_shadow
}

// particle -1
sphere {
	<6.584792, 16.515535, 13.460759> 0.100000
	pigment { color rgbt <1,0,0,0> }
	no_shadow
}
sphere {
	0, 1
	scale<0.080000,0.200000,0.300000>
	matrix <0.765961, 0.548528, -0.335292,
		0.132694, -0.645202, -0.752400,
		-0.629044, 0.531818, -0.566986,
		6.396079, 16.675081, 13.290664>
	pigment { color rgbt <0,1,1,0> }
	no_shadow
}
cylinder {
	<7.353323, 16.725109, 13.465981>,  <6.836410, 16.302809, 13.687553>, 0.130000
	pigment { color rgbt <1,0,0,0> }
	no_shadow
}

// nucleotide -1

// particle -1
sphere {
	<7.353323, 16.725109, 13.465981> 0.250000
	pigment { color rgbt <1,0,0,0> }
	no_shadow
}
cylinder {
	<7.020948, 16.833858, 13.271813>,  <6.821524, 16.899107, 13.155313>, 0.100000
	pigment { color rgbt <1,0,0,0> }
	no_shadow
}
cylinder {
	<7.020948, 16.833858, 13.271813>,  <7.353323, 16.725109, 13.465981>, 0.100000
	pigment { color rgbt <1,0,0,0> }
	no_shadow
}

// particle -1
sphere {
	<7.020948, 16.833858, 13.271813> 0.100000
	pigment { color rgbt <1,0,0,0> }
	no_shadow
}
sphere {
	0, 1
	scale<0.080000,0.200000,0.300000>
	matrix <0.498301, 0.751737, -0.431957,
		0.247470, -0.600813, -0.760120,
		-0.830936, 0.271872, -0.485419,
		6.771667, 16.915421, 13.126187>
	pigment { color rgbt <0,1,1,0> }
	no_shadow
}
cylinder {
	<7.515202, 16.869339, 12.658047>,  <7.353323, 16.725109, 13.465981>, 0.130000
	pigment { color rgbt <1,0,0,0> }
	no_shadow
}

// nucleotide -1

// particle -1
sphere {
	<7.515202, 16.869339, 12.658047> 0.250000
	pigment { color rgbt <1,0,0,0> }
	no_shadow
}
cylinder {
	<7.170175, 17.051037, 12.747168>,  <6.963159, 17.160055, 12.800640>, 0.100000
	pigment { color rgbt <1,0,0,0> }
	no_shadow
}
cylinder {
	<7.170175, 17.051037, 12.747168>,  <7.515202, 16.869339, 12.658047>, 0.100000
	pigment { color rgbt <1,0,0,0> }
	no_shadow
}

// particle -1
sphere {
	<7.170175, 17.051037, 12.747168> 0.100000
	pigment { color rgbt <1,0,0,0> }
	no_shadow
}
sphere {
	0, 1
	scale<0.080000,0.200000,0.300000>
	matrix <0.271520, 0.787187, -0.553727,
		-0.426914, -0.417131, -0.802338,
		-0.862566, 0.454245, 0.222802,
		6.911405, 17.187311, 12.814008>
	pigment { color rgbt <0,1,1,0> }
	no_shadow
}
cylinder {
	<7.109553, 17.063839, 11.955593>,  <7.515202, 16.869339, 12.658047>, 0.130000
	pigment { color rgbt <1,0,0,0> }
	no_shadow
}

// nucleotide -1

// particle -1
sphere {
	<7.109553, 17.063839, 11.955593> 0.250000
	pigment { color rgbt <1,0,0,0> }
	no_shadow
}
cylinder {
	<6.978748, 17.295115, 12.254594>,  <6.900264, 17.433880, 12.433994>, 0.100000
	pigment { color rgbt <1,0,0,0> }
	no_shadow
}
cylinder {
	<6.978748, 17.295115, 12.254594>,  <7.109553, 17.063839, 11.955593>, 0.100000
	pigment { color rgbt <1,0,0,0> }
	no_shadow
}

// particle -1
sphere {
	<6.978748, 17.295115, 12.254594> 0.100000
	pigment { color rgbt <1,0,0,0> }
	no_shadow
}
sphere {
	0, 1
	scale<0.080000,0.200000,0.300000>
	matrix <0.309939, 0.812859, -0.493151,
		-0.892748, 0.070412, -0.445020,
		-0.327014, 0.578189, 0.747502,
		6.880643, 17.468571, 12.478845>
	pigment { color rgbt <0,1,1,0> }
	no_shadow
}
cylinder {
	<6.980311, 17.714144, 11.591922>,  <7.109553, 17.063839, 11.955593>, 0.130000
	pigment { color rgbt <1,0,0,0> }
	no_shadow
}

// nucleotide -1

// particle -1
sphere {
	<6.980311, 17.714144, 11.591922> 0.250000
	pigment { color rgbt <1,0,0,0> }
	no_shadow
}
cylinder {
	<6.987728, 17.823236, 11.976686>,  <6.992178, 17.888693, 12.207545>, 0.100000
	pigment { color rgbt <1,0,0,0> }
	no_shadow
}
cylinder {
	<6.987728, 17.823236, 11.976686>,  <6.980311, 17.714144, 11.591922>, 0.100000
	pigment { color rgbt <1,0,0,0> }
	no_shadow
}

// particle -1
sphere {
	<6.987728, 17.823236, 11.976686> 0.100000
	pigment { color rgbt <1,0,0,0> }
	no_shadow
}
sphere {
	0, 1
	scale<0.080000,0.200000,0.300000>
	matrix <0.495360, 0.833191, -0.245786,
		-0.868490, 0.481050, -0.119651,
		0.018543, 0.272733, 0.961911,
		6.993291, 17.905056, 12.265260>
	pigment { color rgbt <0,1,1,0> }
	no_shadow
}
cylinder {
	<6.956768, 18.525307, 11.549206>,  <6.980311, 17.714144, 11.591922>, 0.130000
	pigment { color rgbt <1,0,0,0> }
	no_shadow
}

// nucleotide -1

// particle -1
sphere {
	<6.956768, 18.525307, 11.549206> 0.250000
	pigment { color rgbt <1,0,0,0> }
	no_shadow
}
cylinder {
	<7.106239, 18.425495, 11.906551>,  <7.195922, 18.365608, 12.120959>, 0.100000
	pigment { color rgbt <1,0,0,0> }
	no_shadow
}
cylinder {
	<7.106239, 18.425495, 11.906551>,  <6.956768, 18.525307, 11.549206>, 0.100000
	pigment { color rgbt <1,0,0,0> }
	no_shadow
}

// particle -1
sphere {
	<7.106239, 18.425495, 11.906551> 0.100000
	pigment { color rgbt <1,0,0,0> }
	no_shadow
}
sphere {
	0, 1
	scale<0.080000,0.200000,0.300000>
	matrix <0.546093, 0.837706, 0.005560,
		-0.749764, 0.485783, 0.449298,
		0.373679, -0.249528, 0.893365,
		7.218342, 18.350637, 12.174561>
	pigment { color rgbt <0,1,1,0> }
	no_shadow
}
cylinder {
	<6.866366, 19.174198, 11.903017>,  <6.956768, 18.525307, 11.549206>, 0.130000
	pigment { color rgbt <1,0,0,0> }
	no_shadow
}

// nucleotide -1

// particle -1
sphere {
	<6.866366, 19.174198, 11.903017> 0.250000
	pigment { color rgbt <1,0,0,0> }
	no_shadow
}
cylinder {
	<7.142148, 18.944941, 12.080174>,  <7.307618, 18.807386, 12.186469>, 0.100000
	pigment { color rgbt <1,0,0,0> }
	no_shadow
}
cylinder {
	<7.142148, 18.944941, 12.080174>,  <6.866366, 19.174198, 11.903017>, 0.100000
	pigment { color rgbt <1,0,0,0> }
	no_shadow
}

// particle -1
sphere {
	<7.142148, 18.944941, 12.080174> 0.100000
	pigment { color rgbt <1,0,0,0> }
	no_shadow
}
sphere {
	0, 1
	scale<0.080000,0.200000,0.300000>
	matrix <0.640047, 0.768333, -0.002071,
		-0.339103, 0.284902, 0.896571,
		0.689455, -0.573146, 0.442895,
		7.348985, 18.772997, 12.213043>
	pigment { color rgbt <0,1,1,0> }
	no_shadow
}
cylinder {
	<7.356250, 19.545734, 12.353772>,  <6.866366, 19.174198, 11.903017>, 0.130000
	pigment { color rgbt <1,0,0,0> }
	no_shadow
}

// nucleotide -1

// particle -1
sphere {
	<7.356250, 19.545734, 12.353772> 0.250000
	pigment { color rgbt <1,0,0,0> }
	no_shadow
}
cylinder {
	<7.577909, 19.217350, 12.298721>,  <7.710905, 19.020319, 12.265691>, 0.100000
	pigment { color rgbt <1,0,0,0> }
	no_shadow
}
cylinder {
	<7.577909, 19.217350, 12.298721>,  <7.356250, 19.545734, 12.353772>, 0.100000
	pigment { color rgbt <1,0,0,0> }
	no_shadow
}

// particle -1
sphere {
	<7.577909, 19.217350, 12.298721> 0.100000
	pigment { color rgbt <1,0,0,0> }
	no_shadow
}
sphere {
	0, 1
	scale<0.080000,0.200000,0.300000>
	matrix <0.819541, 0.567036, -0.082596,
		0.145848, -0.067021, 0.987034,
		0.554148, -0.820962, -0.137627,
		7.744154, 18.971062, 12.257433>
	pigment { color rgbt <0,1,1,0> }
	no_shadow
}
cylinder {
	<7.955164, 19.686619, 12.755251>,  <7.356250, 19.545734, 12.353772>, 0.130000
	pigment { color rgbt <1,0,0,0> }
	no_shadow
}

// nucleotide -1

// particle -1
sphere {
	<7.955164, 19.686619, 12.755251> 0.250000
	pigment { color rgbt <1,0,0,0> }
	no_shadow
}
cylinder {
	<8.054723, 19.404999, 12.489209>,  <8.114458, 19.236027, 12.329584>, 0.100000
	pigment { color rgbt <1,0,0,0> }
	no_shadow
}
cylinder {
	<8.054723, 19.404999, 12.489209>,  <7.955164, 19.686619, 12.755251>, 0.100000
	pigment { color rgbt <1,0,0,0> }
	no_shadow
}

// particle -1
sphere {
	<8.054723, 19.404999, 12.489209> 0.100000
	pigment { color rgbt <1,0,0,0> }
	no_shadow
}
sphere {
	0, 1
	scale<0.080000,0.200000,0.300000>
	matrix <0.890070, 0.437030, -0.129535,
		0.381870, -0.559749, 0.735429,
		0.248897, -0.704050, -0.665105,
		8.129392, 19.193785, 12.289678>
	pigment { color rgbt <0,1,1,0> }
	no_shadow
}
cylinder {
	<8.554182, 19.442760, 12.913101>,  <7.955164, 19.686619, 12.755251>, 0.130000
	pigment { color rgbt <1,0,0,0> }
	no_shadow
}

// nucleotide -1

// particle -1
sphere {
	<8.554182, 19.442760, 12.913101> 0.250000
	pigment { color rgbt <1,0,0,0> }
	no_shadow
}
cylinder {
	<8.528728, 19.334965, 12.528742>,  <8.513454, 19.270287, 12.298126>, 0.100000
	pigment { color rgbt <1,0,0,0> }
	no_shadow
}
cylinder {
	<8.528728, 19.334965, 12.528742>,  <8.554182, 19.442760, 12.913101>, 0.100000
	pigment { color rgbt <1,0,0,0> }
	no_shadow
}

// particle -1
sphere {
	<8.528728, 19.334965, 12.528742> 0.100000
	pigment { color rgbt <1,0,0,0> }
	no_shadow
}
sphere {
	0, 1
	scale<0.080000,0.200000,0.300000>
	matrix <0.808505, 0.550527, -0.207942,
		0.585039, -0.790124, 0.182849,
		-0.063637, -0.269489, -0.960899,
		8.509637, 19.254118, 12.240472>
	pigment { color rgbt <0,1,1,0> }
	no_shadow
}
cylinder {
	<9.302374, 19.309900, 12.816857>,  <8.554182, 19.442760, 12.913101>, 0.130000
	pigment { color rgbt <1,0,0,0> }
	no_shadow
}

// nucleotide -1

// particle -1
sphere {
	<9.302374, 19.309900, 12.816857> 0.250000
	pigment { color rgbt <1,0,0,0> }
	no_shadow
}
cylinder {
	<9.100178, 19.320177, 12.471877>,  <8.978860, 19.326344, 12.264889>, 0.100000
	pigment { color rgbt <1,0,0,0> }
	no_shadow
}
cylinder {
	<9.100178, 19.320177, 12.471877>,  <9.302374, 19.309900, 12.816857>, 0.100000
	pigment { color rgbt <1,0,0,0> }
	no_shadow
}

// particle -1
sphere {
	<9.100178, 19.320177, 12.471877> 0.100000
	pigment { color rgbt <1,0,0,0> }
	no_shadow
}
sphere {
	0, 1
	scale<0.080000,0.200000,0.300000>
	matrix <0.707233, 0.584926, -0.397093,
		0.494268, -0.810680, -0.313843,
		-0.505490, 0.025690, -0.862450,
		8.948531, 19.327885, 12.213142>
	pigment { color rgbt <0,1,1,0> }
	no_shadow
}
cylinder {
	<9.942020, 19.246126, 12.348917>,  <9.302374, 19.309900, 12.816857>, 0.130000
	pigment { color rgbt <1,0,0,0> }
	no_shadow
}

// nucleotide -1

// particle -1
sphere {
	<9.942020, 19.246126, 12.348917> 0.250000
	pigment { color rgbt <1,0,0,0> }
	no_shadow
}
cylinder {
	<9.627003, 19.404806, 12.160278>,  <9.437992, 19.500013, 12.047095>, 0.100000
	pigment { color rgbt <1,0,0,0> }
	no_shadow
}
cylinder {
	<9.627003, 19.404806, 12.160278>,  <9.942020, 19.246126, 12.348917>, 0.100000
	pigment { color rgbt <1,0,0,0> }
	no_shadow
}

// particle -1
sphere {
	<9.627003, 19.404806, 12.160278> 0.100000
	pigment { color rgbt <1,0,0,0> }
	no_shadow
}
sphere {
	0, 1
	scale<0.080000,0.200000,0.300000>
	matrix <0.593175, 0.695453, -0.405572,
		0.167084, -0.599145, -0.783012,
		-0.787544, 0.396699, -0.471597,
		9.390739, 19.523815, 12.018799>
	pigment { color rgbt <0,1,1,0> }
	no_shadow
}
cylinder {
	<10.034760, 19.284294, 11.656920>,  <9.942020, 19.246126, 12.348917>, 0.130000
	pigment { color rgbt <1,0,0,0> }
	no_shadow
}

// nucleotide -1

// particle -1
sphere {
	<10.034760, 19.284294, 11.656920> 0.250000
	pigment { color rgbt <1,0,0,0> }
	no_shadow
}
cylinder {
	<9.748137, 19.559862, 11.700607>,  <9.576162, 19.725203, 11.726819>, 0.100000
	pigment { color rgbt <1,0,0,0> }
	no_shadow
}
cylinder {
	<9.748137, 19.559862, 11.700607>,  <10.034760, 19.284294, 11.656920>, 0.100000
	pigment { color rgbt <1,0,0,0> }
	no_shadow
}

// particle -1
sphere {
	<9.748137, 19.559862, 11.700607> 0.100000
	pigment { color rgbt <1,0,0,0> }
	no_shadow
}
sphere {
	0, 1
	scale<0.080000,0.200000,0.300000>
	matrix <0.595689, 0.685859, -0.418033,
		-0.362901, -0.234486, -0.901842,
		-0.716559, 0.688922, 0.109218,
		9.533169, 19.766539, 11.733373>
	pigment { color rgbt <0,1,1,0> }
	no_shadow
}
cylinder {
	<9.903271, 19.601679, 10.968232>,  <10.034760, 19.284294, 11.656920>, 0.130000
	pigment { color rgbt <1,0,0,0> }
	no_shadow
}

// nucleotide -1

// particle -1
sphere {
	<9.903271, 19.601679, 10.968232> 0.250000
	pigment { color rgbt <1,0,0,0> }
	no_shadow
}
cylinder {
	<9.800356, 19.863161, 11.252899>,  <9.738607, 20.020050, 11.423699>, 0.100000
	pigment { color rgbt <1,0,0,0> }
	no_shadow
}
cylinder {
	<9.800356, 19.863161, 11.252899>,  <9.903271, 19.601679, 10.968232>, 0.100000
	pigment { color rgbt <1,0,0,0> }
	no_shadow
}

// particle -1
sphere {
	<9.800356, 19.863161, 11.252899> 0.100000
	pigment { color rgbt <1,0,0,0> }
	no_shadow
}
sphere {
	0, 1
	scale<0.080000,0.200000,0.300000>
	matrix <0.617378, 0.677759, -0.399359,
		-0.743403, 0.336618, -0.577962,
		-0.257287, 0.653706, 0.711668,
		9.723169, 20.059273, 11.466400>
	pigment { color rgbt <0,1,1,0> }
	no_shadow
}
cylinder {
	<9.959882, 20.273020, 10.642120>,  <9.903271, 19.601679, 10.968232>, 0.130000
	pigment { color rgbt <1,0,0,0> }
	no_shadow
}

// nucleotide -1

// particle -1
sphere {
	<9.959882, 20.273020, 10.642120> 0.250000
	pigment { color rgbt <1,0,0,0> }
	no_shadow
}
cylinder {
	<9.936235, 20.372097, 11.028934>,  <9.922048, 20.431543, 11.261022>, 0.100000
	pigment { color rgbt <1,0,0,0> }
	no_shadow
}
cylinder {
	<9.936235, 20.372097, 11.028934>,  <9.959882, 20.273020, 10.642120>, 0.100000
	pigment { color rgbt <1,0,0,0> }
	no_shadow
}

// particle -1
sphere {
	<9.936235, 20.372097, 11.028934> 0.100000
	pigment { color rgbt <1,0,0,0> }
	no_shadow
}
sphere {
	0, 1
	scale<0.080000,0.200000,0.300000>
	matrix <0.566596, 0.805891, -0.171782,
		-0.821872, 0.537762, -0.187982,
		-0.059115, 0.247693, 0.967034,
		9.918501, 20.446405, 11.319043>
	pigment { color rgbt <0,1,1,0> }
	no_shadow
}
cylinder {
	<9.908003, 20.987083, 10.708403>,  <9.959882, 20.273020, 10.642120>, 0.130000
	pigment { color rgbt <1,0,0,0> }
	no_shadow
}

// nucleotide -1

// particle -1
sphere {
	<9.908003, 20.987083, 10.708403> 0.250000
	pigment { color rgbt <1,0,0,0> }
	no_shadow
}
cylinder {
	<10.004045, 20.918550, 11.090606>,  <10.061671, 20.877430, 11.319927>, 0.100000
	pigment { color rgbt <1,0,0,0> }
	no_shadow
}
cylinder {
	<10.004045, 20.918550, 11.090606>,  <9.908003, 20.987083, 10.708403>, 0.100000
	pigment { color rgbt <1,0,0,0> }
	no_shadow
}

// particle -1
sphere {
	<10.004045, 20.918550, 11.090606> 0.100000
	pigment { color rgbt <1,0,0,0> }
	no_shadow
}
sphere {
	0, 1
	scale<0.080000,0.200000,0.300000>
	matrix <0.562112, 0.827031, 0.007046,
		-0.791441, 0.535410, 0.294885,
		0.240106, -0.171335, 0.955507,
		10.076077, 20.867149, 11.377257>
	pigment { color rgbt <0,1,1,0> }
	no_shadow
}
cylinder {
	<9.914359, 21.657845, 10.959428>,  <9.908003, 20.987083, 10.708403>, 0.130000
	pigment { color rgbt <1,0,0,0> }
	no_shadow
}

// nucleotide -1

// particle -1
sphere {
	<9.914359, 21.657845, 10.959428> 0.250000
	pigment { color rgbt <1,0,0,0> }
	no_shadow
}
cylinder {
	<10.122443, 21.423674, 11.208155>,  <10.247293, 21.283171, 11.357391>, 0.100000
	pigment { color rgbt <1,0,0,0> }
	no_shadow
}
cylinder {
	<10.122443, 21.423674, 11.208155>,  <9.914359, 21.657845, 10.959428>, 0.100000
	pigment { color rgbt <1,0,0,0> }
	no_shadow
}

// particle -1
sphere {
	<10.122443, 21.423674, 11.208155> 0.100000
	pigment { color rgbt <1,0,0,0> }
	no_shadow
}
sphere {
	0, 1
	scale<0.080000,0.200000,0.300000>
	matrix <0.677858, 0.725928, 0.116353,
		-0.519511, 0.360976, 0.774471,
		0.520209, -0.585427, 0.621818,
		10.278506, 21.248045, 11.394700>
	pigment { color rgbt <0,1,1,0> }
	no_shadow
}
cylinder {
	<10.031241, 21.928371, 11.650227>,  <9.914359, 21.657845, 10.959428>, 0.130000
	pigment { color rgbt <1,0,0,0> }
	no_shadow
}

// nucleotide -1

// particle -1
sphere {
	<10.031241, 21.928371, 11.650227> 0.250000
	pigment { color rgbt <1,0,0,0> }
	no_shadow
}
cylinder {
	<10.349120, 21.701912, 11.562650>,  <10.539847, 21.566036, 11.510103>, 0.100000
	pigment { color rgbt <1,0,0,0> }
	no_shadow
}
cylinder {
	<10.349120, 21.701912, 11.562650>,  <10.031241, 21.928371, 11.650227>, 0.100000
	pigment { color rgbt <1,0,0,0> }
	no_shadow
}

// particle -1
sphere {
	<10.349120, 21.701912, 11.562650> 0.100000
	pigment { color rgbt <1,0,0,0> }
	no_shadow
}
sphere {
	0, 1
	scale<0.080000,0.200000,0.300000>
	matrix <0.592792, 0.801446, 0.079262,
		0.130596, -0.192776, 0.972513,
		0.794696, -0.566147, -0.218942,
		10.587529, 21.532068, 11.496967>
	pigment { color rgbt <0,1,1,0> }
	no_shadow
}
cylinder {
	<10.541779, 22.023474, 12.111406>,  <10.031241, 21.928371, 11.650227>, 0.130000
	pigment { color rgbt <1,0,0,0> }
	no_shadow
}

// nucleotide -1

// particle -1
sphere {
	<10.541779, 22.023474, 12.111406> 0.250000
	pigment { color rgbt <1,0,0,0> }
	no_shadow
}
cylinder {
	<10.748095, 21.932850, 11.780920>,  <10.871884, 21.878475, 11.582628>, 0.100000
	pigment { color rgbt <1,0,0,0> }
	no_shadow
}
cylinder {
	<10.748095, 21.932850, 11.780920>,  <10.541779, 22.023474, 12.111406>, 0.100000
	pigment { color rgbt <1,0,0,0> }
	no_shadow
}

// particle -1
sphere {
	<10.748095, 21.932850, 11.780920> 0.100000
	pigment { color rgbt <1,0,0,0> }
	no_shadow
}
sphere {
	0, 1
	scale<0.080000,0.200000,0.300000>
	matrix <0.437400, 0.898874, 0.026577,
		0.736643, -0.375095, 0.562726,
		0.515789, -0.226558, -0.826216,
		10.902831, 21.864882, 11.533055>
	pigment { color rgbt <0,1,1,0> }
	no_shadow
}
cylinder {
	<10.862147, 22.522865, 12.334787>,  <10.541779, 22.023474, 12.111406>, 0.130000
	pigment { color rgbt <1,0,0,0> }
	no_shadow
}

// nucleotide -1

// particle -1
sphere {
	<10.862147, 22.522865, 12.334787> 0.250000
	pigment { color rgbt <1,0,0,0> }
	no_shadow
}
cylinder {
	<11.194034, 22.673805, 12.170260>,  <11.393166, 22.764370, 12.071545>, 0.100000
	pigment { color rgbt <1,0,0,0> }
	no_shadow
}
cylinder {
	<11.194034, 22.673805, 12.170260>,  <10.862147, 22.522865, 12.334787>, 0.100000
	pigment { color rgbt <1,0,0,0> }
	no_shadow
}

// particle -1
sphere {
	<11.194034, 22.673805, 12.170260> 0.100000
	pigment { color rgbt <1,0,0,0> }
	no_shadow
}
sphere {
	0, 1
	scale<0.080000,0.200000,0.300000>
	matrix <0.556629, -0.614373, 0.559204,
		-0.041686, -0.692931, -0.719798,
		0.829715, 0.377349, -0.411316,
		11.442948, 22.787010, 12.046865>
	pigment { color rgbt <0,1,1,0> }
	no_shadow
}
cylinder {
	<11.267891, 22.076202, 11.918194>,  <10.862147, 22.522865, 12.334787>, 0.130000
	pigment { color rgbt <1,0,0,0> }
	no_shadow
}

// nucleotide -1

// particle -1
sphere {
	<11.267891, 22.076202, 11.918194> 0.250000
	pigment { color rgbt <1,0,0,0> }
	no_shadow
}
cylinder {
	<11.579402, 22.280823, 12.063421>,  <11.766309, 22.403595, 12.150558>, 0.100000
	pigment { color rgbt <1,0,0,0> }
	no_shadow
}
cylinder {
	<11.579402, 22.280823, 12.063421>,  <11.267891, 22.076202, 11.918194>, 0.100000
	pigment { color rgbt <1,0,0,0> }
	no_shadow
}

// particle -1
sphere {
	<11.579402, 22.280823, 12.063421> 0.100000
	pigment { color rgbt <1,0,0,0> }
	no_shadow
}
sphere {
	0, 1
	scale<0.080000,0.200000,0.300000>
	matrix <0.448027, -0.858688, 0.248852,
		0.439063, -0.031137, -0.897917,
		0.778778, 0.511553, 0.363068,
		11.813036, 22.434288, 12.172341>
	pigment { color rgbt <0,1,1,0> }
	no_shadow
}
cylinder {
	<11.901864, 21.841089, 11.623051>,  <11.267891, 22.076202, 11.918194>, 0.130000
	pigment { color rgbt <1,0,0,0> }
	no_shadow
}

// nucleotide -1

// particle -1
sphere {
	<11.901864, 21.841089, 11.623051> 0.250000
	pigment { color rgbt <1,0,0,0> }
	no_shadow
}
cylinder {
	<11.974986, 21.976959, 11.992093>,  <12.018859, 22.058481, 12.213519>, 0.100000
	pigment { color rgbt <1,0,0,0> }
	no_shadow
}
cylinder {
	<11.974986, 21.976959, 11.992093>,  <11.901864, 21.841089, 11.623051>, 0.100000
	pigment { color rgbt <1,0,0,0> }
	no_shadow
}

// particle -1
sphere {
	<11.974986, 21.976959, 11.992093> 0.100000
	pigment { color rgbt <1,0,0,0> }
	no_shadow
}
sphere {
	0, 1
	scale<0.080000,0.200000,0.300000>
	matrix <0.273719, -0.918901, 0.284076,
		0.944278, 0.200605, -0.260955,
		0.182804, 0.339675, 0.922607,
		12.029827, 22.078861, 12.268875>
	pigment { color rgbt <0,1,1,0> }
	no_shadow
}
cylinder {
	<12.509937, 21.411777, 11.869421>,  <11.901864, 21.841089, 11.623051>, 0.130000
	pigment { color rgbt <1,0,0,0> }
	no_shadow
}

// nucleotide -1

// particle -1
sphere {
	<12.509937, 21.411777, 11.869421> 0.250000
	pigment { color rgbt <1,0,0,0> }
	no_shadow
}
cylinder {
	<12.338239, 21.578722, 12.189810>,  <12.235220, 21.678888, 12.382043>, 0.100000
	pigment { color rgbt <1,0,0,0> }
	no_shadow
}
cylinder {
	<12.338239, 21.578722, 12.189810>,  <12.509937, 21.411777, 11.869421>, 0.100000
	pigment { color rgbt <1,0,0,0> }
	no_shadow
}

// particle -1
sphere {
	<12.338239, 21.578722, 12.189810> 0.100000
	pigment { color rgbt <1,0,0,0> }
	no_shadow
}
sphere {
	0, 1
	scale<0.080000,0.200000,0.300000>
	matrix <0.189514, -0.825465, 0.531688,
		0.883081, 0.380020, 0.275232,
		-0.429246, 0.417363, 0.800972,
		12.209465, 21.703932, 12.430101>
	pigment { color rgbt <0,1,1,0> }
	no_shadow
}
cylinder {
	<12.733788, 21.025145, 12.363452>,  <12.509937, 21.411777, 11.869421>, 0.130000
	pigment { color rgbt <1,0,0,0> }
	no_shadow
}

// nucleotide -1

// particle -1
sphere {
	<12.733788, 21.025145, 12.363452> 0.250000
	pigment { color rgbt <1,0,0,0> }
	no_shadow
}
cylinder {
	<12.454218, 21.229057, 12.564101>,  <12.286475, 21.351404, 12.684490>, 0.100000
	pigment { color rgbt <1,0,0,0> }
	no_shadow
}
cylinder {
	<12.454218, 21.229057, 12.564101>,  <12.733788, 21.025145, 12.363452>, 0.100000
	pigment { color rgbt <1,0,0,0> }
	no_shadow
}

// particle -1
sphere {
	<12.454218, 21.229057, 12.564101> 0.100000
	pigment { color rgbt <1,0,0,0> }
	no_shadow
}
sphere {
	0, 1
	scale<0.080000,0.200000,0.300000>
	matrix <0.059973, -0.657134, 0.751384,
		0.712674, 0.555247, 0.428715,
		-0.698927, 0.509781, 0.501622,
		12.244540, 21.381992, 12.714588>
	pigment { color rgbt <0,1,1,0> }
	no_shadow
}
cylinder {
	<12.351163, 20.430311, 12.649980>,  <12.733788, 21.025145, 12.363452>, 0.130000
	pigment { color rgbt <1,0,0,0> }
	no_shadow
}

// nucleotide -1

// particle -1
sphere {
	<12.351163, 20.430311, 12.649980> 0.250000
	pigment { color rgbt <1,0,0,0> }
	no_shadow
}
cylinder {
	<12.607594, 20.265888, 12.909225>,  <12.761454, 20.167234, 13.064772>, 0.100000
	pigment { color rgbt <1,0,0,0> }
	no_shadow
}
cylinder {
	<12.607594, 20.265888, 12.909225>,  <12.351163, 20.430311, 12.649980>, 0.100000
	pigment { color rgbt <1,0,0,0> }
	no_shadow
}

// particle -1
sphere {
	<12.607594, 20.265888, 12.909225> 0.100000
	pigment { color rgbt <1,0,0,0> }
	no_shadow
}
sphere {
	0, 1
	scale<0.080000,0.200000,0.300000>
	matrix <-0.754641, -0.491408, 0.434783,
		0.139768, -0.767823, -0.625230,
		0.641079, -0.411056, 0.648113,
		12.799918, 20.142572, 13.103659>
	pigment { color rgbt <0,1,1,0> }
	no_shadow
}
cylinder {
	<12.252544, 19.671923, 12.557363>,  <12.351163, 20.430311, 12.649980>, 0.130000
	pigment { color rgbt <1,0,0,0> }
	no_shadow
}

// nucleotide -1

// particle -1
sphere {
	<12.252544, 19.671923, 12.557363> 0.250000
	pigment { color rgbt <1,0,0,0> }
	no_shadow
}
cylinder {
	<12.375823, 19.779537, 12.922358>,  <12.449790, 19.844105, 13.141355>, 0.100000
	pigment { color rgbt <1,0,0,0> }
	no_shadow
}
cylinder {
	<12.375823, 19.779537, 12.922358>,  <12.252544, 19.671923, 12.557363>, 0.100000
	pigment { color rgbt <1,0,0,0> }
	no_shadow
}

// particle -1
sphere {
	<12.375823, 19.779537, 12.922358> 0.100000
	pigment { color rgbt <1,0,0,0> }
	no_shadow
}
sphere {
	0, 1
	scale<0.080000,0.200000,0.300000>
	matrix <-0.739684, -0.535406, 0.407687,
		0.598234, -0.800600, 0.033992,
		0.308195, 0.269036, 0.912489,
		12.468282, 19.860249, 13.196104>
	pigment { color rgbt <0,1,1,0> }
	no_shadow
}
cylinder {
	<12.247179, 19.068903, 13.041890>,  <12.252544, 19.671923, 12.557363>, 0.130000
	pigment { color rgbt <1,0,0,0> }
	no_shadow
}

// nucleotide -1

// particle -1
sphere {
	<12.247179, 19.068903, 13.041890> 0.250000
	pigment { color rgbt <1,0,0,0> }
	no_shadow
}
cylinder {
	<12.193020, 19.421091, 13.223632>,  <12.160524, 19.632404, 13.332677>, 0.100000
	pigment { color rgbt <1,0,0,0> }
	no_shadow
}
cylinder {
	<12.193020, 19.421091, 13.223632>,  <12.247179, 19.068903, 13.041890>, 0.100000
	pigment { color rgbt <1,0,0,0> }
	no_shadow
}

// particle -1
sphere {
	<12.193020, 19.421091, 13.223632> 0.100000
	pigment { color rgbt <1,0,0,0> }
	no_shadow
}
sphere {
	0, 1
	scale<0.080000,0.200000,0.300000>
	matrix <-0.796604, -0.369419, 0.478490,
		0.589143, -0.297153, 0.751406,
		-0.135399, 0.880471, 0.454354,
		12.152400, 19.685232, 13.359938>
	pigment { color rgbt <0,1,1,0> }
	no_shadow
}
cylinder {
	<12.179945, 18.928312, 13.718866>,  <12.247179, 19.068903, 13.041890>, 0.130000
	pigment { color rgbt <1,0,0,0> }
	no_shadow
}

// nucleotide -1

// particle -1
sphere {
	<12.179945, 18.928312, 13.718866> 0.250000
	pigment { color rgbt <1,0,0,0> }
	no_shadow
}
cylinder {
	<11.959906, 19.250395, 13.630292>,  <11.827883, 19.443645, 13.577147>, 0.100000
	pigment { color rgbt <1,0,0,0> }
	no_shadow
}
cylinder {
	<11.959906, 19.250395, 13.630292>,  <12.179945, 18.928312, 13.718866>, 0.100000
	pigment { color rgbt <1,0,0,0> }
	no_shadow
}

// particle -1
sphere {
	<11.959906, 19.250395, 13.630292> 0.100000
	pigment { color rgbt <1,0,0,0> }
	no_shadow
}
sphere {
	0, 1
	scale<0.080000,0.200000,0.300000>
	matrix <-0.758065, -0.370241, 0.536897,
		0.350328, 0.463209, 0.814068,
		-0.550097, 0.805207, -0.221437,
		11.794876, 19.491957, 13.563861>
	pigment { color rgbt <0,1,1,0> }
	no_shadow
}
cylinder {
	<11.940448, 19.333508, 14.369686>,  <12.179945, 18.928312, 13.718866>, 0.130000
	pigment { color rgbt <1,0,0,0> }
	no_shadow
}

// nucleotide -1

// particle -1
sphere {
	<11.940448, 19.333508, 14.369686> 0.250000
	pigment { color rgbt <1,0,0,0> }
	no_shadow
}
cylinder {
	<11.686955, 19.329605, 14.060289>,  <11.534860, 19.327263, 13.874651>, 0.100000
	pigment { color rgbt <1,0,0,0> }
	no_shadow
}
cylinder {
	<11.686955, 19.329605, 14.060289>,  <11.940448, 19.333508, 14.369686>, 0.100000
	pigment { color rgbt <1,0,0,0> }
	no_shadow
}

// particle -1
sphere {
	<11.686955, 19.329605, 14.060289> 0.100000
	pigment { color rgbt <1,0,0,0> }
	no_shadow
}
sphere {
	0, 1
	scale<0.080000,0.200000,0.300000>
	matrix <-0.684989, -0.457507, 0.566990,
		-0.359409, 0.889152, 0.283254,
		-0.633732, -0.009755, -0.773492,
		11.496836, 19.326679, 13.828242>
	pigment { color rgbt <0,1,1,0> }
	no_shadow
}
cylinder {
	<11.335387, 19.593287, 14.668159>,  <11.940448, 19.333508, 14.369686>, 0.130000
	pigment { color rgbt <1,0,0,0> }
	no_shadow
}

// nucleotide -1

// particle -1
sphere {
	<11.335387, 19.593287, 14.668159> 0.250000
	pigment { color rgbt <1,0,0,0> }
	no_shadow
}
cylinder {
	<11.222339, 19.432920, 14.319587>,  <11.154510, 19.336700, 14.110443>, 0.100000
	pigment { color rgbt <1,0,0,0> }
	no_shadow
}
cylinder {
	<11.222339, 19.432920, 14.319587>,  <11.335387, 19.593287, 14.668159>, 0.100000
	pigment { color rgbt <1,0,0,0> }
	no_shadow
}

// particle -1
sphere {
	<11.222339, 19.432920, 14.319587> 0.100000
	pigment { color rgbt <1,0,0,0> }
	no_shadow
}
sphere {
	0, 1
	scale<0.080000,0.200000,0.300000>
	matrix <-0.862292, -0.291789, 0.413899,
		-0.420212, 0.868405, -0.263240,
		-0.282622, -0.400915, -0.871431,
		11.137552, 19.312647, 14.058157>
	pigment { color rgbt <0,1,1,0> }
	no_shadow
}
cylinder {
	<10.592195, 19.711329, 14.623566>,  <11.335387, 19.593287, 14.668159>, 0.130000
	pigment { color rgbt <1,0,0,0> }
	no_shadow
}

// nucleotide -1

// particle -1
sphere {
	<10.592195, 19.711329, 14.623566> 0.250000
	pigment { color rgbt <1,0,0,0> }
	no_shadow
}
cylinder {
	<10.690525, 19.409731, 14.379906>,  <10.749523, 19.228773, 14.233710>, 0.100000
	pigment { color rgbt <1,0,0,0> }
	no_shadow
}
cylinder {
	<10.690525, 19.409731, 14.379906>,  <10.592195, 19.711329, 14.623566>, 0.100000
	pigment { color rgbt <1,0,0,0> }
	no_shadow
}

// particle -1
sphere {
	<10.690525, 19.409731, 14.379906> 0.100000
	pigment { color rgbt <1,0,0,0> }
	no_shadow
}
sphere {
	0, 1
	scale<0.080000,0.200000,0.300000>
	matrix <-0.800348, -0.512406, 0.311262,
		-0.546822, 0.411016, -0.729419,
		0.245825, -0.753994, -0.609150,
		10.764273, 19.183533, 14.197161>
	pigment { color rgbt <0,1,1,0> }
	no_shadow
}
cylinder {
	<9.941265, 19.355795, 14.522960>,  <10.592195, 19.711329, 14.623566>, 0.130000
	pigment { color rgbt <1,0,0,0> }
	no_shadow
}

// nucleotide -1

// particle -1
sphere {
	<9.941265, 19.355795, 14.522960> 0.250000
	pigment { color rgbt <1,0,0,0> }
	no_shadow
}
cylinder {
	<10.215040, 19.085936, 14.412399>,  <10.379305, 18.924021, 14.346064>, 0.100000
	pigment { color rgbt <1,0,0,0> }
	no_shadow
}
cylinder {
	<10.215040, 19.085936, 14.412399>,  <9.941265, 19.355795, 14.522960>, 0.100000
	pigment { color rgbt <1,0,0,0> }
	no_shadow
}

// particle -1
sphere {
	<10.215040, 19.085936, 14.412399> 0.100000
	pigment { color rgbt <1,0,0,0> }
	no_shadow
}
sphere {
	0, 1
	scale<0.080000,0.200000,0.300000>
	matrix <-0.550625, -0.726817, 0.410548,
		-0.477867, -0.128801, -0.868938,
		0.684438, -0.674646, -0.276401,
		10.420372, 18.883541, 14.329479>
	pigment { color rgbt <0,1,1,0> }
	no_shadow
}
cylinder {
	<9.672997, 18.670633, 14.343534>,  <9.941265, 19.355795, 14.522960>, 0.130000
	pigment { color rgbt <1,0,0,0> }
	no_shadow
}

// nucleotide -1

// particle -1
sphere {
	<9.672997, 18.670633, 14.343534> 0.250000
	pigment { color rgbt <1,0,0,0> }
	no_shadow
}
cylinder {
	<10.055410, 18.553713, 14.352965>,  <10.284859, 18.483561, 14.358624>, 0.100000
	pigment { color rgbt <1,0,0,0> }
	no_shadow
}
cylinder {
	<10.055410, 18.553713, 14.352965>,  <9.672997, 18.670633, 14.343534>, 0.100000
	pigment { color rgbt <1,0,0,0> }
	no_shadow
}

// particle -1
sphere {
	<10.055410, 18.553713, 14.352965> 0.100000
	pigment { color rgbt <1,0,0,0> }
	no_shadow
}
sphere {
	0, 1
	scale<0.080000,0.200000,0.300000>
	matrix <-0.275567, -0.867976, 0.413136,
		-0.100294, -0.401470, -0.910364,
		0.956036, -0.292301, 0.023579,
		10.342221, 18.466022, 14.360039>
	pigment { color rgbt <0,1,1,0> }
	no_shadow
}
cylinder {
	<9.781247, 18.144737, 13.903111>,  <9.672997, 18.670633, 14.343534>, 0.130000
	pigment { color rgbt <1,0,0,0> }
	no_shadow
}

// nucleotide -1

// particle -1
sphere {
	<9.781247, 18.144737, 13.903111> 0.250000
	pigment { color rgbt <1,0,0,0> }
	no_shadow
}
cylinder {
	<10.090682, 18.106028, 14.153614>,  <10.276343, 18.082802, 14.303915>, 0.100000
	pigment { color rgbt <1,0,0,0> }
	no_shadow
}
cylinder {
	<10.090682, 18.106028, 14.153614>,  <9.781247, 18.144737, 13.903111>, 0.100000
	pigment { color rgbt <1,0,0,0> }
	no_shadow
}

// particle -1
sphere {
	<10.090682, 18.106028, 14.153614> 0.100000
	pigment { color rgbt <1,0,0,0> }
	no_shadow
}
sphere {
	0, 1
	scale<0.080000,0.200000,0.300000>
	matrix <-0.187155, -0.979077, 0.079886,
		0.605421, -0.179006, -0.775514,
		0.773588, -0.096776, 0.626255,
		10.322759, 18.076994, 14.341491>
	pigment { color rgbt <0,1,1,0> }
	no_shadow
}
cylinder {
	<10.123342, 17.594725, 13.742882>,  <9.781247, 18.144737, 13.903111>, 0.130000
	pigment { color rgbt <1,0,0,0> }
	no_shadow
}

// nucleotide -1

// particle -1
sphere {
	<10.123342, 17.594725, 13.742882> 0.250000
	pigment { color rgbt <1,0,0,0> }
	no_shadow
}
cylinder {
	<10.188082, 17.646595, 14.134185>,  <10.226926, 17.677717, 14.368967>, 0.100000
	pigment { color rgbt <1,0,0,0> }
	no_shadow
}
cylinder {
	<10.188082, 17.646595, 14.134185>,  <10.123342, 17.594725, 13.742882>, 0.100000
	pigment { color rgbt <1,0,0,0> }
	no_shadow
}

// particle -1
sphere {
	<10.188082, 17.646595, 14.134185> 0.100000
	pigment { color rgbt <1,0,0,0> }
	no_shadow
}
sphere {
	0, 1
	scale<0.080000,0.200000,0.300000>
	matrix <-0.161449, -0.974491, 0.155886,
		0.973519, -0.183170, -0.136786,
		0.161851, 0.129674, 0.978258,
		10.236637, 17.685497, 14.427662>
	pigment { color rgbt <0,1,1,0> }
	no_shadow
}
cylinder {
