// switches for output
#declare DRAW_BASES = 1; // possible values are 0, 1; only relevant for DNA ribbons
#declare DRAW_BASES_TYPE = 3; // possible values are 1, 2, 3; only relevant for DNA ribbons
#declare DRAW_FOG = 0; // set to 1 to enable fog

#include "colors.inc"

#include "transforms.inc"
background { rgb <1, 1, 1>}

#default {
   normal{
       ripples 0.25
       frequency 0.20
       turbulence 0.2
       lambda 5
   }
	finish {
		phong 0.1
		phong_size 40.
	}
}

// original window dimensions: 1024x640


// camera settings

camera {
	sky <0, 0.179814, -0.983701>
	up <0, 0.179814, -0.983701>
	right 1.6 * <1, 0, 0>
	location <25.469, 94.9851, 44.8844>
	look_at <25.469, 29.3977, 32.8955>
	direction <0, -65.5874, -11.9889>
	angle 67.0682
}


# declare cpy_camera_pos = <25.469, 94.9851, 44.8844>;
# if (DRAW_FOG = 1)
fog {
	fog_type 2
	up vnormalize(cpy_camera_pos)
	color rgbt<1,1,1,0.3>
	distance 1e-5
	fog_alt 3e-3
	fog_offset 28
}
# end


// LIGHTS

# declare lum = 6;
global_settings {
	ambient_light rgb lum * <0.05, 0.05, 0.05>
	max_trace_level 15
}# declare cpy_direct_light_amount = 0.25;
light_source
{	1000 * <-1, -1.16351, -0.803887>,
	rgb lum * cpy_direct_light_amount
	parallel
}

light_source
{	1000 * <1, 1.16351, 0.803887>,
	rgb lum * cpy_direct_light_amount
	parallel
}

// strand 0

// nucleotide -1

// particle -1
sphere {
	<4.164534, 14.965074, 15.558739> 0.250000
	pigment { color rgbt <1,0,0,0> }
	no_shadow
}
cylinder {
	<4.153970, 14.888235, 15.166330>,  <4.147632, 14.842132, 14.930885>, 0.100000
	pigment { color rgbt <1,0,0,0> }
	no_shadow
}
cylinder {
	<4.153970, 14.888235, 15.166330>,  <4.164534, 14.965074, 15.558739>, 0.100000
	pigment { color rgbt <1,0,0,0> }
	no_shadow
}

// particle -1
sphere {
	<4.153970, 14.888235, 15.166330> 0.100000
	pigment { color rgbt <1,0,0,0> }
	no_shadow
}
sphere {
	0, 1
	scale<0.080000,0.200000,0.300000>
	matrix <0.540734, 0.822652, -0.175642,
		0.840779, -0.535109, 0.082148,
		-0.026408, -0.192096, -0.981021,
		4.146048, 14.830606, 14.872025>
	pigment { color rgbt <0,1,1,0> }
	no_shadow
}
cylinder {
	<4.844083, 14.764489, 15.262341>,  <4.164534, 14.965074, 15.558739>, 0.130000
	pigment { color rgbt <1,0,0,0> }
	no_shadow
}

// nucleotide -1

// particle -1
sphere {
	<4.844083, 14.764489, 15.262341> 0.250000
	pigment { color rgbt <1,0,0,0> }
	no_shadow
}
cylinder {
	<4.627734, 14.948804, 14.980879>,  <4.497924, 15.059393, 14.812001>, 0.100000
	pigment { color rgbt <1,0,0,0> }
	no_shadow
}
cylinder {
	<4.627734, 14.948804, 14.980879>,  <4.844083, 14.764489, 15.262341>, 0.100000
	pigment { color rgbt <1,0,0,0> }
	no_shadow
}

// particle -1
sphere {
	<4.627734, 14.948804, 14.980879> 0.100000
	pigment { color rgbt <1,0,0,0> }
	no_shadow
}
sphere {
	0, 1
	scale<0.080000,0.200000,0.300000>
	matrix <0.796815, 0.548597, -0.253234,
		0.269336, -0.697651, -0.663883,
		-0.540873, 0.460787, -0.703656,
		4.465472, 15.087040, 14.769782>
	pigment { color rgbt <0,1,1,0> }
	no_shadow
}
cylinder {
	<5.198223, 15.227966, 14.796600>,  <4.844083, 14.764489, 15.262341>, 0.130000
	pigment { color rgbt <1,0,0,0> }
	no_shadow
}

// nucleotide -1

// particle -1
sphere {
	<5.198223, 15.227966, 14.796600> 0.250000
	pigment { color rgbt <1,0,0,0> }
	no_shadow
}
cylinder {
	<5.518181, 15.178669, 14.561661>,  <5.710156, 15.149091, 14.420697>, 0.100000
	pigment { color rgbt <1,0,0,0> }
	no_shadow
}
cylinder {
	<5.518181, 15.178669, 14.561661>,  <5.198223, 15.227966, 14.796600>, 0.100000
	pigment { color rgbt <1,0,0,0> }
	no_shadow
}

// particle -1
sphere {
	<5.518181, 15.178669, 14.561661> 0.100000
	pigment { color rgbt <1,0,0,0> }
	no_shadow
}
sphere {
	0, 1
	scale<0.080000,0.200000,0.300000>
	matrix <0.487763, -0.436692, 0.755902,
		-0.349649, -0.891129, -0.289196,
		0.799896, -0.123242, -0.587349,
		5.758150, 15.141696, 14.385456>
	pigment { color rgbt <0,1,1,0> }
	no_shadow
}
cylinder {
	<5.481407, 14.650515, 14.955730>,  <5.198223, 15.227966, 14.796600>, 0.130000
	pigment { color rgbt <1,0,0,0> }
	no_shadow
}

// nucleotide -1

// particle -1
sphere {
	<5.481407, 14.650515, 14.955730> 0.250000
	pigment { color rgbt <1,0,0,0> }
	no_shadow
}
cylinder {
	<5.779016, 14.866585, 14.798433>,  <5.957582, 14.996227, 14.704055>, 0.100000
	pigment { color rgbt <1,0,0,0> }
	no_shadow
}
cylinder {
	<5.779016, 14.866585, 14.798433>,  <5.481407, 14.650515, 14.955730>, 0.100000
	pigment { color rgbt <1,0,0,0> }
	no_shadow
}

// particle -1
sphere {
	<5.779016, 14.866585, 14.798433> 0.100000
	pigment { color rgbt <1,0,0,0> }
	no_shadow
}
sphere {
	0, 1
	scale<0.080000,0.200000,0.300000>
	matrix <0.636872, -0.395374, 0.661871,
		0.202049, -0.742892, -0.638191,
		0.744023, 0.540176, -0.393243,
		6.002223, 15.028638, 14.680461>
	pigment { color rgbt <0,1,1,0> }
	no_shadow
}
cylinder {
	<6.073493, 14.240547, 14.675094>,  <5.481407, 14.650515, 14.955730>, 0.130000
	pigment { color rgbt <1,0,0,0> }
	no_shadow
}

// nucleotide -1

// particle -1
sphere {
	<6.073493, 14.240547, 14.675094> 0.250000
	pigment { color rgbt <1,0,0,0> }
	no_shadow
}
cylinder {
	<6.177726, 14.587882, 14.843896>,  <6.240265, 14.796283, 14.945177>, 0.100000
	pigment { color rgbt <1,0,0,0> }
	no_shadow
}
cylinder {
	<6.177726, 14.587882, 14.843896>,  <6.073493, 14.240547, 14.675094>, 0.100000
	pigment { color rgbt <1,0,0,0> }
	no_shadow
}

// particle -1
sphere {
	<6.177726, 14.587882, 14.843896> 0.100000
	pigment { color rgbt <1,0,0,0> }
	no_shadow
}
sphere {
	0, 1
	scale<0.080000,0.200000,0.300000>
	matrix <0.589107, -0.489310, 0.643062,
		0.764887, 0.081037, -0.639047,
		0.260580, 0.868337, 0.422006,
		6.255900, 14.848383, 14.970498>
	pigment { color rgbt <0,1,1,0> }
	no_shadow
}
cylinder {
	<6.755001, 14.324086, 14.631593>,  <6.073493, 14.240547, 14.675094>, 0.130000
	pigment { color rgbt <1,0,0,0> }
	no_shadow
}

// nucleotide -1

// particle -1
sphere {
	<6.755001, 14.324086, 14.631593> 0.250000
	pigment { color rgbt <1,0,0,0> }
	no_shadow
}
cylinder {
	<6.643805, 14.560090, 14.934805>,  <6.577087, 14.701693, 15.116733>, 0.100000
	pigment { color rgbt <1,0,0,0> }
	no_shadow
}
cylinder {
	<6.643805, 14.560090, 14.934805>,  <6.755001, 14.324086, 14.631593>, 0.100000
	pigment { color rgbt <1,0,0,0> }
	no_shadow
}

// particle -1
sphere {
	<6.643805, 14.560090, 14.934805> 0.100000
	pigment { color rgbt <1,0,0,0> }
	no_shadow
}
sphere {
	0, 1
	scale<0.080000,0.200000,0.300000>
	matrix <0.761693, -0.345419, 0.548187,
		0.585274, 0.729777, -0.353383,
		-0.277990, 0.590009, 0.758031,
		6.560408, 14.737093, 15.162214>
	pigment { color rgbt <0,1,1,0> }
	no_shadow
}
cylinder {
	<7.452725, 14.633392, 14.923111>,  <6.755001, 14.324086, 14.631593>, 0.130000
	pigment { color rgbt <1,0,0,0> }
	no_shadow
}

// nucleotide -1

// particle -1
sphere {
	<7.452725, 14.633392, 14.923111> 0.250000
	pigment { color rgbt <1,0,0,0> }
	no_shadow
}
cylinder {
	<7.177816, 14.670602, 15.211278>,  <7.012870, 14.692927, 15.384178>, 0.100000
	pigment { color rgbt <1,0,0,0> }
	no_shadow
}
cylinder {
	<7.177816, 14.670602, 15.211278>,  <7.452725, 14.633392, 14.923111>, 0.100000
	pigment { color rgbt <1,0,0,0> }
	no_shadow
}

// particle -1
sphere {
	<7.177816, 14.670602, 15.211278> 0.100000
	pigment { color rgbt <1,0,0,0> }
	no_shadow
}
sphere {
	0, 1
	scale<0.080000,0.200000,0.300000>
	matrix <0.673504, -0.289922, 0.679954,
		0.272117, 0.952519, 0.136604,
		-0.687274, 0.093024, 0.720418,
		6.971634, 14.698509, 15.427403>
	pigment { color rgbt <0,1,1,0> }
	no_shadow
}
cylinder {
	<7.806132, 14.843132, 15.481339>,  <7.452725, 14.633392, 14.923111>, 0.130000
	pigment { color rgbt <1,0,0,0> }
	no_shadow
}

// nucleotide -1

// particle -1
sphere {
	<7.806132, 14.843132, 15.481339> 0.250000
	pigment { color rgbt <1,0,0,0> }
	no_shadow
}
cylinder {
	<7.462875, 14.743717, 15.661036>,  <7.256921, 14.684068, 15.768855>, 0.100000
	pigment { color rgbt <1,0,0,0> }
	no_shadow
}
cylinder {
	<7.462875, 14.743717, 15.661036>,  <7.806132, 14.843132, 15.481339>, 0.100000
	pigment { color rgbt <1,0,0,0> }
	no_shadow
}

// particle -1
sphere {
	<7.462875, 14.743717, 15.661036> 0.100000
	pigment { color rgbt <1,0,0,0> }
	no_shadow
}
sphere {
	0, 1
	scale<0.080000,0.200000,0.300000>
	matrix <0.511821, -0.345270, 0.786656,
		-0.040402, 0.904996, 0.423497,
		-0.858141, -0.248538, 0.449246,
		7.205433, 14.669156, 15.795811>
	pigment { color rgbt <0,1,1,0> }
	no_shadow
}
cylinder {
	<7.809747, 15.092584, 16.156914>,  <7.806132, 14.843132, 15.481339>, 0.130000
	pigment { color rgbt <1,0,0,0> }
	no_shadow
}

// nucleotide -1

// particle -1
sphere {
	<7.809747, 15.092584, 16.156914> 0.250000
	pigment { color rgbt <1,0,0,0> }
	no_shadow
}
cylinder {
	<7.527869, 14.809033, 16.168911>,  <7.358742, 14.638903, 16.176109>, 0.100000
	pigment { color rgbt <1,0,0,0> }
	no_shadow
}
cylinder {
	<7.527869, 14.809033, 16.168911>,  <7.809747, 15.092584, 16.156914>, 0.100000
	pigment { color rgbt <1,0,0,0> }
	no_shadow
}

// particle -1
sphere {
	<7.527869, 14.809033, 16.168911> 0.100000
	pigment { color rgbt <1,0,0,0> }
	no_shadow
}
sphere {
	0, 1
	scale<0.080000,0.200000,0.300000>
	matrix <0.445088, -0.408753, 0.796754,
		-0.552541, 0.574817, 0.603559,
		-0.704694, -0.708877, 0.029991,
		7.316461, 14.596371, 16.177908>
	pigment { color rgbt <0,1,1,0> }
	no_shadow
}
cylinder {
	<7.605494, 14.967574, 16.916336>,  <7.809747, 15.092584, 16.156914>, 0.130000
	pigment { color rgbt <1,0,0,0> }
	no_shadow
}

// nucleotide -1

// particle -1
sphere {
	<7.605494, 14.967574, 16.916336> 0.250000
	pigment { color rgbt <1,0,0,0> }
	no_shadow
}
cylinder {
	<7.503491, 14.632265, 16.723558>,  <7.442289, 14.431080, 16.607891>, 0.100000
	pigment { color rgbt <1,0,0,0> }
	no_shadow
}
cylinder {
	<7.503491, 14.632265, 16.723558>,  <7.605494, 14.967574, 16.916336>, 0.100000
	pigment { color rgbt <1,0,0,0> }
	no_shadow
}

// particle -1
sphere {
	<7.503491, 14.632265, 16.723558> 0.100000
	pigment { color rgbt <1,0,0,0> }
	no_shadow
}
sphere {
	0, 1
	scale<0.080000,0.200000,0.300000>
	matrix <0.693897, -0.505765, 0.512551,
		-0.673408, -0.203716, 0.710648,
		-0.255006, -0.838273, -0.481944,
		7.426989, 14.380783, 16.578976>
	pigment { color rgbt <0,1,1,0> }
	no_shadow
}
cylinder {
	<7.480512, 14.401846, 17.405088>,  <7.605494, 14.967574, 16.916336>, 0.130000
	pigment { color rgbt <1,0,0,0> }
	no_shadow
}

// nucleotide -1

// particle -1
sphere {
	<7.480512, 14.401846, 17.405088> 0.250000
	pigment { color rgbt <1,0,0,0> }
	no_shadow
}
cylinder {
	<7.569023, 14.219985, 17.059990>,  <7.622129, 14.110868, 16.852932>, 0.100000
	pigment { color rgbt <1,0,0,0> }
	no_shadow
}
cylinder {
	<7.569023, 14.219985, 17.059990>,  <7.480512, 14.401846, 17.405088>, 0.100000
	pigment { color rgbt <1,0,0,0> }
	no_shadow
}

// particle -1
sphere {
	<7.569023, 14.219985, 17.059990> 0.100000
	pigment { color rgbt <1,0,0,0> }
	no_shadow
}
sphere {
	0, 1
	scale<0.080000,0.200000,0.300000>
	matrix <0.732194, -0.506894, 0.454917,
		-0.644149, -0.732359, 0.220729,
		0.221277, -0.454651, -0.862745,
		7.635406, 14.083590, 16.801167>
	pigment { color rgbt <0,1,1,0> }
	no_shadow
}
cylinder {
	<7.390862, 13.641085, 17.523016>,  <7.480512, 14.401846, 17.405088>, 0.130000
	pigment { color rgbt <1,0,0,0> }
	no_shadow
}

// nucleotide -1

// particle -1
sphere {
	<7.390862, 13.641085, 17.523016> 0.250000
	pigment { color rgbt <1,0,0,0> }
	no_shadow
}
cylinder {
	<7.642233, 13.707725, 17.219090>,  <7.793056, 13.747708, 17.036734>, 0.100000
	pigment { color rgbt <1,0,0,0> }
	no_shadow
}
cylinder {
	<7.642233, 13.707725, 17.219090>,  <7.390862, 13.641085, 17.523016>, 0.100000
	pigment { color rgbt <1,0,0,0> }
	no_shadow
}

// particle -1
sphere {
	<7.642233, 13.707725, 17.219090> 0.100000
	pigment { color rgbt <1,0,0,0> }
	no_shadow
}
sphere {
	0, 1
	scale<0.080000,0.200000,0.300000>
	matrix <0.643172, -0.660674, 0.387091,
		-0.437502, -0.731952, -0.522339,
		0.628428, 0.166600, -0.759817,
		7.830761, 13.757705, 16.991144>
	pigment { color rgbt <0,1,1,0> }
	no_shadow
}
cylinder {
	<7.622694, 13.007693, 17.453533>,  <7.390862, 13.641085, 17.523016>, 0.130000
	pigment { color rgbt <1,0,0,0> }
	no_shadow
}

// nucleotide -1

// particle -1
sphere {
	<7.622694, 13.007693, 17.453533> 0.250000
	pigment { color rgbt <1,0,0,0> }
	no_shadow
}
cylinder {
	<7.878153, 13.241645, 17.253517>,  <8.031429, 13.382016, 17.133507>, 0.100000
	pigment { color rgbt <1,0,0,0> }
	no_shadow
}
cylinder {
	<7.878153, 13.241645, 17.253517>,  <7.622694, 13.007693, 17.453533>, 0.100000
	pigment { color rgbt <1,0,0,0> }
	no_shadow
}

// particle -1
sphere {
	<7.878153, 13.241645, 17.253517> 0.100000
	pigment { color rgbt <1,0,0,0> }
	no_shadow
}
sphere {
	0, 1
	scale<0.080000,0.200000,0.300000>
	matrix <0.767663, -0.529114, 0.361569,
		-0.053105, -0.614780, -0.786909,
		0.638650, 0.584880, -0.500042,
		8.069748, 13.417109, 17.103504>
	pigment { color rgbt <0,1,1,0> }
	no_shadow
}
cylinder {
	<8.006909, 12.565308, 16.951616>,  <7.622694, 13.007693, 17.453533>, 0.130000
	pigment { color rgbt <1,0,0,0> }
	no_shadow
}

// nucleotide -1

// particle -1
sphere {
	<8.006909, 12.565308, 16.951616> 0.250000
	pigment { color rgbt <1,0,0,0> }
	no_shadow
}
cylinder {
	<8.254236, 12.874213, 17.009983>,  <8.402633, 13.059556, 17.045004>, 0.100000
	pigment { color rgbt <1,0,0,0> }
	no_shadow
}
cylinder {
	<8.254236, 12.874213, 17.009983>,  <8.006909, 12.565308, 16.951616>, 0.100000
	pigment { color rgbt <1,0,0,0> }
	no_shadow
}

// particle -1
sphere {
	<8.254236, 12.874213, 17.009983> 0.100000
	pigment { color rgbt <1,0,0,0> }
	no_shadow
}
sphere {
	0, 1
	scale<0.080000,0.200000,0.300000>
	matrix <0.738414, -0.634413, 0.228615,
		0.269124, -0.033608, -0.962519,
		0.618318, 0.772263, 0.145919,
		8.439732, 13.105892, 17.053759>
	pigment { color rgbt <0,1,1,0> }
	no_shadow
}
cylinder {
	<8.648021, 12.361204, 16.637161>,  <8.006909, 12.565308, 16.951616>, 0.130000
	pigment { color rgbt <1,0,0,0> }
	no_shadow
}

// nucleotide -1

// particle -1
sphere {
	<8.648021, 12.361204, 16.637161> 0.250000
	pigment { color rgbt <1,0,0,0> }
	no_shadow
}
cylinder {
	<8.742906, 12.680052, 16.859272>,  <8.799837, 12.871361, 16.992538>, 0.100000
	pigment { color rgbt <1,0,0,0> }
	no_shadow
}
cylinder {
	<8.742906, 12.680052, 16.859272>,  <8.648021, 12.361204, 16.637161>, 0.100000
	pigment { color rgbt <1,0,0,0> }
	no_shadow
}

// particle -1
sphere {
	<8.742906, 12.680052, 16.859272> 0.100000
	pigment { color rgbt <1,0,0,0> }
	no_shadow
}
sphere {
	0, 1
	scale<0.080000,0.200000,0.300000>
	matrix <0.827336, -0.465349, 0.314589,
		0.509161, 0.384775, -0.769872,
		0.237213, 0.797119, 0.555275,
		8.814070, 12.919188, 17.025854>
	pigment { color rgbt <0,1,1,0> }
	no_shadow
}
cylinder {
	<9.357961, 12.671635, 16.422148>,  <8.648021, 12.361204, 16.637161>, 0.130000
	pigment { color rgbt <1,0,0,0> }
	no_shadow
}

// nucleotide -1

// particle -1
sphere {
	<9.357961, 12.671635, 16.422148> 0.250000
	pigment { color rgbt <1,0,0,0> }
	no_shadow
}
cylinder {
	<9.279988, 12.747737, 16.807022>,  <9.233205, 12.793398, 17.037947>, 0.100000
	pigment { color rgbt <1,0,0,0> }
	no_shadow
}
cylinder {
	<9.279988, 12.747737, 16.807022>,  <9.357961, 12.671635, 16.422148>, 0.100000
	pigment { color rgbt <1,0,0,0> }
	no_shadow
}

// particle -1
sphere {
	<9.279988, 12.747737, 16.807022> 0.100000
	pigment { color rgbt <1,0,0,0> }
	no_shadow
}
sphere {
	0, 1
	scale<0.080000,0.200000,0.300000>
	matrix <0.917934, -0.310220, 0.247307,
		0.345541, 0.931432, -0.114169,
		-0.194932, 0.190255, 0.962187,
		9.221509, 12.804813, 17.095678>
	pigment { color rgbt <0,1,1,0> }
	no_shadow
}
cylinder {
	<9.859138, 13.083059, 16.618843>,  <9.357961, 12.671635, 16.422148>, 0.130000
	pigment { color rgbt <1,0,0,0> }
	no_shadow
}

// nucleotide -1

// particle -1
sphere {
	<9.859138, 13.083059, 16.618843> 0.250000
	pigment { color rgbt <1,0,0,0> }
	no_shadow
}
cylinder {
	<9.730899, 12.939110, 16.969318>,  <9.653955, 12.852740, 17.179604>, 0.100000
	pigment { color rgbt <1,0,0,0> }
	no_shadow
}
cylinder {
	<9.730899, 12.939110, 16.969318>,  <9.859138, 13.083059, 16.618843>, 0.100000
	pigment { color rgbt <1,0,0,0> }
	no_shadow
}

// particle -1
sphere {
	<9.730899, 12.939110, 16.969318> 0.100000
	pigment { color rgbt <1,0,0,0> }
	no_shadow
}
sphere {
	0, 1
	scale<0.080000,0.200000,0.300000>
	matrix <0.931811, -0.285966, 0.223497,
		0.170130, 0.888096, 0.427014,
		-0.320599, -0.359873, 0.876189,
		9.634719, 12.831148, 17.232176>
	pigment { color rgbt <0,1,1,0> }
	no_shadow
}
cylinder {
	<10.409236, 13.228851, 17.239481>,  <9.859138, 13.083059, 16.618843>, 0.130000
	pigment { color rgbt <1,0,0,0> }
	no_shadow
}

// nucleotide -1

// particle -1
sphere {
	<10.409236, 13.228851, 17.239481> 0.250000
	pigment { color rgbt <1,0,0,0> }
	no_shadow
}
cylinder {
	<10.182633, 12.917450, 17.347557>,  <10.046672, 12.730609, 17.412403>, 0.100000
	pigment { color rgbt <1,0,0,0> }
	no_shadow
}
cylinder {
	<10.182633, 12.917450, 17.347557>,  <10.409236, 13.228851, 17.239481>, 0.100000
	pigment { color rgbt <1,0,0,0> }
	no_shadow
}

// particle -1
sphere {
	<10.182633, 12.917450, 17.347557> 0.100000
	pigment { color rgbt <1,0,0,0> }
	no_shadow
}
sphere {
	0, 1
	scale<0.080000,0.200000,0.300000>
	matrix <0.787366, -0.414611, 0.456237,
		-0.243158, 0.471199, 0.847848,
		-0.566506, -0.778504, 0.270190,
		10.012682, 12.683899, 17.428614>
	pigment { color rgbt <0,1,1,0> }
	no_shadow
}
cylinder {
	<10.626112, 13.085420, 17.849407>,  <10.409236, 13.228851, 17.239481>, 0.130000
	pigment { color rgbt <1,0,0,0> }
	no_shadow
}

// nucleotide -1

// particle -1
sphere {
	<10.626112, 13.085420, 17.849407> 0.250000
	pigment { color rgbt <1,0,0,0> }
	no_shadow
}
cylinder {
	<10.438255, 12.744097, 17.758806>,  <10.325541, 12.539303, 17.704445>, 0.100000
	pigment { color rgbt <1,0,0,0> }
	no_shadow
}
cylinder {
	<10.438255, 12.744097, 17.758806>,  <10.626112, 13.085420, 17.849407>, 0.100000
	pigment { color rgbt <1,0,0,0> }
	no_shadow
}

// particle -1
sphere {
	<10.438255, 12.744097, 17.758806> 0.100000
	pigment { color rgbt <1,0,0,0> }
	no_shadow
}
sphere {
	0, 1
	scale<0.080000,0.200000,0.300000>
	matrix <0.818548, -0.516982, 0.250419,
		-0.330783, -0.067796, 0.941269,
		-0.469641, -0.853307, -0.226503,
		10.297363, 12.488105, 17.690855>
	pigment { color rgbt <0,1,1,0> }
	no_shadow
}
cylinder {
	<10.614778, 12.660188, 18.500168>,  <10.626112, 13.085420, 17.849407>, 0.130000
	pigment { color rgbt <1,0,0,0> }
	no_shadow
}

// nucleotide -1

// particle -1
sphere {
	<10.614778, 12.660188, 18.500168> 0.250000
	pigment { color rgbt <1,0,0,0> }
	no_shadow
}
cylinder {
	<10.550915, 12.394890, 18.207699>,  <10.512597, 12.235711, 18.032217>, 0.100000
	pigment { color rgbt <1,0,0,0> }
	no_shadow
}
cylinder {
	<10.550915, 12.394890, 18.207699>,  <10.614778, 12.660188, 18.500168>, 0.100000
	pigment { color rgbt <1,0,0,0> }
	no_shadow
}

// particle -1
sphere {
	<10.550915, 12.394890, 18.207699> 0.100000
	pigment { color rgbt <1,0,0,0> }
	no_shadow
}
sphere {
	0, 1
	scale<0.080000,0.200000,0.300000>
	matrix <0.696086, -0.600834, 0.393017,
		-0.699981, -0.446212, 0.557603,
		-0.159658, -0.663244, -0.731175,
		10.503017, 12.195916, 17.988346>
	pigment { color rgbt <0,1,1,0> }
	no_shadow
}
cylinder {
	<10.458653, 11.989894, 18.810656>,  <10.614778, 12.660188, 18.500168>, 0.130000
	pigment { color rgbt <1,0,0,0> }
	no_shadow
}

// nucleotide -1

// particle -1
sphere {
	<10.458653, 11.989894, 18.810656> 0.250000
	pigment { color rgbt <1,0,0,0> }
	no_shadow
}
cylinder {
	<10.592048, 11.940382, 18.436817>,  <10.672085, 11.910675, 18.212515>, 0.100000
	pigment { color rgbt <1,0,0,0> }
	no_shadow
}
cylinder {
	<10.592048, 11.940382, 18.436817>,  <10.458653, 11.989894, 18.810656>, 0.100000
	pigment { color rgbt <1,0,0,0> }
	no_shadow
}

// particle -1
sphere {
	<10.592048, 11.940382, 18.436817> 0.100000
	pigment { color rgbt <1,0,0,0> }
	no_shadow
}
sphere {
	0, 1
	scale<0.080000,0.200000,0.300000>
	matrix <0.622173, -0.715908, 0.316823,
		-0.708300, -0.687135, -0.161732,
		0.333485, -0.123780, -0.934594,
		10.692094, 11.903248, 18.156439>
	pigment { color rgbt <0,1,1,0> }
	no_shadow
}
cylinder {
	<10.538024, 11.354373, 18.833492>,  <10.458653, 11.989894, 18.810656>, 0.130000
	pigment { color rgbt <1,0,0,0> }
	no_shadow
}

// nucleotide -1

// particle -1
sphere {
	<10.538024, 11.354373, 18.833492> 0.250000
	pigment { color rgbt <1,0,0,0> }
	no_shadow
}
cylinder {
	<10.758430, 11.462224, 18.517597>,  <10.890675, 11.526935, 18.328060>, 0.100000
	pigment { color rgbt <1,0,0,0> }
	no_shadow
}
cylinder {
	<10.758430, 11.462224, 18.517597>,  <10.538024, 11.354373, 18.833492>, 0.100000
	pigment { color rgbt <1,0,0,0> }
	no_shadow
}

// particle -1
sphere {
	<10.758430, 11.462224, 18.517597> 0.100000
	pigment { color rgbt <1,0,0,0> }
	no_shadow
}
sphere {
	0, 1
	scale<0.080000,0.200000,0.300000>
	matrix <0.703544, -0.659043, 0.265872,
		-0.448783, -0.702113, -0.552839,
		0.551016, 0.269628, -0.789735,
		10.923736, 11.543112, 18.280676>
	pigment { color rgbt <0,1,1,0> }
	no_shadow
}
cylinder {
	<10.708731, 10.752293, 18.487427>,  <10.538024, 11.354373, 18.833492>, 0.130000
	pigment { color rgbt <1,0,0,0> }
	no_shadow
}

// nucleotide -1

// particle -1
sphere {
	<10.708731, 10.752293, 18.487427> 0.250000
	pigment { color rgbt <1,0,0,0> }
	no_shadow
}
cylinder {
	<10.985068, 11.015388, 18.367353>,  <11.150871, 11.173246, 18.295309>, 0.100000
	pigment { color rgbt <1,0,0,0> }
	no_shadow
}
cylinder {
	<10.985068, 11.015388, 18.367353>,  <10.708731, 10.752293, 18.487427>, 0.100000
	pigment { color rgbt <1,0,0,0> }
	no_shadow
}

// particle -1
sphere {
	<10.985068, 11.015388, 18.367353> 0.100000
	pigment { color rgbt <1,0,0,0> }
	no_shadow
}
sphere {
	0, 1
	scale<0.080000,0.200000,0.300000>
	matrix <0.720967, -0.657849, 0.217810,
		-0.054213, -0.366896, -0.928681,
		0.690845, 0.657740, -0.300184,
		11.192322, 11.212710, 18.277298>
	pigment { color rgbt <0,1,1,0> }
	no_shadow
}
cylinder {
	<11.137293, 10.356105, 18.193691>,  <10.708731, 10.752293, 18.487427>, 0.130000
	pigment { color rgbt <1,0,0,0> }
	no_shadow
}

// nucleotide -1

// particle -1
sphere {
	<11.137293, 10.356105, 18.193691> 0.250000
	pigment { color rgbt <1,0,0,0> }
	no_shadow
}
cylinder {
	<11.350257, 10.692605, 18.231297>,  <11.478035, 10.894505, 18.253859>, 0.100000
	pigment { color rgbt <1,0,0,0> }
	no_shadow
}
cylinder {
	<11.350257, 10.692605, 18.231297>,  <11.137293, 10.356105, 18.193691>, 0.100000
	pigment { color rgbt <1,0,0,0> }
	no_shadow
}

// particle -1
sphere {
	<11.350257, 10.692605, 18.231297> 0.100000
	pigment { color rgbt <1,0,0,0> }
	no_shadow
}
sphere {
	0, 1
	scale<0.080000,0.200000,0.300000>
	matrix <0.816161, -0.539621, 0.206617,
		0.224547, -0.033276, -0.973895,
		0.532410, 0.841250, 0.094012,
		11.509980, 10.944980, 18.259501>
	pigment { color rgbt <0,1,1,0> }
	no_shadow
}
cylinder {
	<11.794382, 10.341947, 17.778925>,  <11.137293, 10.356105, 18.193691>, 0.130000
	pigment { color rgbt <1,0,0,0> }
	no_shadow
}

// nucleotide -1

// particle -1
sphere {
	<11.794382, 10.341947, 17.778925> 0.250000
	pigment { color rgbt <1,0,0,0> }
	no_shadow
}
cylinder {
	<11.849781, 10.574986, 18.099274>,  <11.883020, 10.714810, 18.291483>, 0.100000
	pigment { color rgbt <1,0,0,0> }
	no_shadow
}
cylinder {
	<11.849781, 10.574986, 18.099274>,  <11.794382, 10.341947, 17.778925>, 0.100000
	pigment { color rgbt <1,0,0,0> }
	no_shadow
}

// particle -1
sphere {
	<11.849781, 10.574986, 18.099274> 0.100000
	pigment { color rgbt <1,0,0,0> }
	no_shadow
}
sphere {
	0, 1
	scale<0.080000,0.200000,0.300000>
	matrix <0.816347, -0.524998, 0.240738,
		0.560710, 0.620448, -0.548314,
		0.138498, 0.582599, 0.800873,
		11.891331, 10.749766, 18.339535>
	pigment { color rgbt <0,1,1,0> }
	no_shadow
}
cylinder {
	<12.508498, 10.518070, 17.822376>,  <11.794382, 10.341947, 17.778925>, 0.130000
	pigment { color rgbt <1,0,0,0> }
	no_shadow
}

// nucleotide -1

// particle -1
sphere {
	<12.508498, 10.518070, 17.822376> 0.250000
	pigment { color rgbt <1,0,0,0> }
	no_shadow
}
cylinder {
	<12.343274, 10.564507, 18.183685>,  <12.244140, 10.592368, 18.400471>, 0.100000
	pigment { color rgbt <1,0,0,0> }
	no_shadow
}
cylinder {
	<12.343274, 10.564507, 18.183685>,  <12.508498, 10.518070, 17.822376>, 0.100000
	pigment { color rgbt <1,0,0,0> }
	no_shadow
}

// particle -1
sphere {
	<12.343274, 10.564507, 18.183685> 0.100000
	pigment { color rgbt <1,0,0,0> }
	no_shadow
}
sphere {
	0, 1
	scale<0.080000,0.200000,0.300000>
	matrix <0.759076, -0.504117, 0.411910,
		0.503175, 0.855797, 0.120109,
		-0.413060, 0.116090, 0.903274,
		12.219356, 10.599334, 18.454668>
	pigment { color rgbt <0,1,1,0> }
	no_shadow
}
cylinder {
	<12.831752, 11.010731, 18.368584>,  <12.508498, 10.518070, 17.822376>, 0.130000
	pigment { color rgbt <1,0,0,0> }
	no_shadow
}

// nucleotide -1

// particle -1
sphere {
	<12.831752, 11.010731, 18.368584> 0.250000
	pigment { color rgbt <1,0,0,0> }
	no_shadow
}
cylinder {
	<12.666873, 10.683797, 18.529610>,  <12.567945, 10.487637, 18.626225>, 0.100000
	pigment { color rgbt <1,0,0,0> }
	no_shadow
}
cylinder {
	<12.666873, 10.683797, 18.529610>,  <12.831752, 11.010731, 18.368584>, 0.100000
	pigment { color rgbt <1,0,0,0> }
	no_shadow
}

// particle -1
sphere {
	<12.666873, 10.683797, 18.529610> 0.100000
	pigment { color rgbt <1,0,0,0> }
	no_shadow
}
sphere {
	0, 1
	scale<0.080000,0.200000,0.300000>
	matrix <0.898314, -0.290839, 0.329310,
		-0.152075, 0.497370, 0.854106,
		-0.412196, -0.817335, 0.402565,
		12.543214, 10.438597, 18.650379>
	pigment { color rgbt <0,1,1,0> }
	no_shadow
}
cylinder {
	<13.660549, 10.854548, 18.538118>,  <12.831752, 11.010731, 18.368584>, 0.130000
	pigment { color rgbt <1,0,0,0> }
	no_shadow
}

// nucleotide -1

// particle -1
sphere {
	<13.660549, 10.854548, 18.538118> 0.250000
	pigment { color rgbt <1,0,0,0> }
	no_shadow
}
cylinder {
	<14.008409, 10.745802, 18.702946>,  <14.217124, 10.680553, 18.801842>, 0.100000
	pigment { color rgbt <1,0,0,0> }
	no_shadow
}
cylinder {
	<14.008409, 10.745802, 18.702946>,  <13.660549, 10.854548, 18.538118>, 0.100000
	pigment { color rgbt <1,0,0,0> }
	no_shadow
}

// particle -1
sphere {
	<14.008409, 10.745802, 18.702946> 0.100000
	pigment { color rgbt <1,0,0,0> }
	no_shadow
}
sphere {
	0, 1
	scale<0.080000,0.200000,0.300000>
	matrix <0.457550, 0.757292, -0.466001,
		-0.185366, 0.593798, 0.782971,
		0.869648, -0.271867, 0.412068,
		14.269303, 10.664242, 18.826567>
	pigment { color rgbt <0,1,1,0> }
	no_shadow
}
cylinder {
	<13.958339, 11.512107, 18.641573>,  <13.660549, 10.854548, 18.538118>, 0.130000
	pigment { color rgbt <1,0,0,0> }
	no_shadow
}

// nucleotide -1

// particle -1
sphere {
	<13.958339, 11.512107, 18.641573> 0.250000
	pigment { color rgbt <1,0,0,0> }
	no_shadow
}
cylinder {
	<14.276884, 11.278230, 18.703465>,  <14.468011, 11.137903, 18.740599>, 0.100000
	pigment { color rgbt <1,0,0,0> }
	no_shadow
}
cylinder {
	<14.276884, 11.278230, 18.703465>,  <13.958339, 11.512107, 18.641573>, 0.100000
	pigment { color rgbt <1,0,0,0> }
	no_shadow
}

// particle -1
sphere {
	<14.276884, 11.278230, 18.703465> 0.100000
	pigment { color rgbt <1,0,0,0> }
	no_shadow
}
sphere {
	0, 1
	scale<0.080000,0.200000,0.300000>
	matrix <0.602213, 0.742823, -0.292496,
		0.056085, 0.326112, 0.943666,
		0.796363, -0.584692, 0.154727,
		14.515793, 11.102822, 18.749884>
	pigment { color rgbt <0,1,1,0> }
	no_shadow
}
cylinder {
	<13.718505, 12.181679, 18.754770>,  <13.958339, 11.512107, 18.641573>, 0.130000
	pigment { color rgbt <1,0,0,0> }
	no_shadow
}

// nucleotide -1

// particle -1
sphere {
	<13.718505, 12.181679, 18.754770> 0.250000
	pigment { color rgbt <1,0,0,0> }
	no_shadow
}
cylinder {
	<13.376471, 12.281960, 18.936310>,  <13.171250, 12.342128, 19.045233>, 0.100000
	pigment { color rgbt <1,0,0,0> }
	no_shadow
}
cylinder {
	<13.376471, 12.281960, 18.936310>,  <13.718505, 12.181679, 18.754770>, 0.100000
	pigment { color rgbt <1,0,0,0> }
	no_shadow
}

// particle -1
sphere {
	<13.376471, 12.281960, 18.936310> 0.100000
	pigment { color rgbt <1,0,0,0> }
	no_shadow
}
sphere {
	0, 1
	scale<0.080000,0.200000,0.300000>
	matrix <0.295651, -0.483318, 0.824011,
		0.425933, 0.838781, 0.339158,
		-0.855086, 0.250701, 0.453848,
		13.119945, 12.357170, 19.072464>
	pigment { color rgbt <0,1,1,0> }
	no_shadow
}
cylinder {
	<13.829108, 12.526411, 19.464823>,  <13.718505, 12.181679, 18.754770>, 0.130000
	pigment { color rgbt <1,0,0,0> }
	no_shadow
}

// nucleotide -1

// particle -1
sphere {
	<13.829108, 12.526411, 19.464823> 0.250000
	pigment { color rgbt <1,0,0,0> }
	no_shadow
}
cylinder {
	<13.505784, 12.295285, 19.419628>,  <13.311790, 12.156610, 19.392511>, 0.100000
	pigment { color rgbt <1,0,0,0> }
	no_shadow
}
cylinder {
	<13.505784, 12.295285, 19.419628>,  <13.829108, 12.526411, 19.464823>, 0.100000
	pigment { color rgbt <1,0,0,0> }
	no_shadow
}

// particle -1
sphere {
	<13.505784, 12.295285, 19.419628> 0.100000
	pigment { color rgbt <1,0,0,0> }
	no_shadow
}
sphere {
	0, 1
	scale<0.080000,0.200000,0.300000>
	matrix <0.358625, -0.635405, 0.683848,
		-0.466930, 0.512241, 0.720823,
		-0.808310, -0.577814, -0.112987,
		13.263291, 12.121941, 19.385733>
	pigment { color rgbt <0,1,1,0> }
	no_shadow
}
cylinder {
	<14.203180, 13.100521, 19.445631>,  <13.829108, 12.526411, 19.464823>, 0.130000
	pigment { color rgbt <1,0,0,0> }
	no_shadow
}

// nucleotide -1

// particle -1
sphere {
	<14.203180, 13.100521, 19.445631> 0.250000
	pigment { color rgbt <1,0,0,0> }
	no_shadow
}
cylinder {
	<14.532601, 13.258654, 19.282917>,  <14.730254, 13.353534, 19.185289>, 0.100000
	pigment { color rgbt <1,0,0,0> }
	no_shadow
}
cylinder {
	<14.532601, 13.258654, 19.282917>,  <14.203180, 13.100521, 19.445631>, 0.100000
	pigment { color rgbt <1,0,0,0> }
	no_shadow
}

// particle -1
sphere {
	<14.532601, 13.258654, 19.282917> 0.100000
	pigment { color rgbt <1,0,0,0> }
	no_shadow
}
sphere {
	0, 1
	scale<0.080000,0.200000,0.300000>
	matrix <-0.559079, 0.444506, -0.699889,
		-0.095871, 0.803820, 0.587096,
		0.823553, 0.395332, -0.406783,
		14.779667, 13.377254, 19.160881>
	pigment { color rgbt <0,1,1,0> }
	no_shadow
}
cylinder {
	<14.262402, 13.929788, 19.577223>,  <14.203180, 13.100521, 19.445631>, 0.130000
	pigment { color rgbt <1,0,0,0> }
	no_shadow
}

// nucleotide -1

// particle -1
sphere {
	<14.262402, 13.929788, 19.577223> 0.250000
	pigment { color rgbt <1,0,0,0> }
	no_shadow
}
cylinder {
	<14.408554, 13.763207, 19.244221>,  <14.496245, 13.663260, 19.044418>, 0.100000
	pigment { color rgbt <1,0,0,0> }
	no_shadow
}
cylinder {
	<14.408554, 13.763207, 19.244221>,  <14.262402, 13.929788, 19.577223>, 0.100000
	pigment { color rgbt <1,0,0,0> }
	no_shadow
}

// particle -1
sphere {
	<14.408554, 13.763207, 19.244221> 0.100000
	pigment { color rgbt <1,0,0,0> }
	no_shadow
}
sphere {
	0, 1
	scale<0.080000,0.200000,0.300000>
	matrix <-0.552839, 0.622449, -0.554009,
		0.748909, 0.662667, -0.002798,
		0.365381, -0.416449, -0.832506,
		14.518168, 13.638272, 18.994469>
	pigment { color rgbt <0,1,1,0> }
	no_shadow
}
cylinder {
	<14.706017, 14.368629, 19.115917>,  <14.262402, 13.929788, 19.577223>, 0.130000
	pigment { color rgbt <1,0,0,0> }
	no_shadow
}

// nucleotide -1

// particle -1
sphere {
	<14.706017, 14.368629, 19.115917> 0.250000
	pigment { color rgbt <1,0,0,0> }
	no_shadow
}
cylinder {
	<14.477202, 14.104777, 18.920916>,  <14.339913, 13.946465, 18.803915>, 0.100000
	pigment { color rgbt <1,0,0,0> }
	no_shadow
}
cylinder {
	<14.477202, 14.104777, 18.920916>,  <14.706017, 14.368629, 19.115917>, 0.100000
	pigment { color rgbt <1,0,0,0> }
	no_shadow
}

// particle -1
sphere {
	<14.477202, 14.104777, 18.920916> 0.100000
	pigment { color rgbt <1,0,0,0> }
	no_shadow
}
sphere {
	0, 1
	scale<0.080000,0.200000,0.300000>
	matrix <-0.615004, 0.738197, -0.277192,
		0.542717, 0.141252, -0.827953,
		-0.572038, -0.659631, -0.487503,
		14.305591, 13.906888, 18.774664>
	pigment { color rgbt <0,1,1,0> }
	no_shadow
}
cylinder {
	<14.159007, 14.813334, 18.749067>,  <14.706017, 14.368629, 19.115917>, 0.130000
	pigment { color rgbt <1,0,0,0> }
	no_shadow
}

// nucleotide -1

// particle -1
sphere {
	<14.159007, 14.813334, 18.749067> 0.250000
	pigment { color rgbt <1,0,0,0> }
	no_shadow
}
cylinder {
	<13.995239, 14.448668, 18.763182>,  <13.896978, 14.229869, 18.771650>, 0.100000
	pigment { color rgbt <1,0,0,0> }
	no_shadow
}
cylinder {
	<13.995239, 14.448668, 18.763182>,  <14.159007, 14.813334, 18.749067>, 0.100000
	pigment { color rgbt <1,0,0,0> }
	no_shadow
}

// particle -1
sphere {
	<13.995239, 14.448668, 18.763182> 0.100000
	pigment { color rgbt <1,0,0,0> }
	no_shadow
}
sphere {
	0, 1
	scale<0.080000,0.200000,0.300000>
	matrix <-0.758472, 0.318618, -0.568510,
		0.507047, -0.259523, -0.821920,
		-0.409419, -0.911664, 0.035287,
		13.872414, 14.175169, 18.773767>
	pigment { color rgbt <0,1,1,0> }
	no_shadow
}
cylinder {
	<13.902323, 14.488155, 18.037241>,  <14.159007, 14.813334, 18.749067>, 0.130000
	pigment { color rgbt <1,0,0,0> }
	no_shadow
}

// nucleotide -1

// particle -1
sphere {
	<13.902323, 14.488155, 18.037241> 0.250000
	pigment { color rgbt <1,0,0,0> }
	no_shadow
}
cylinder {
	<13.698195, 14.311736, 18.332552>,  <13.575718, 14.205885, 18.509739>, 0.100000
	pigment { color rgbt <1,0,0,0> }
	no_shadow
}
cylinder {
	<13.698195, 14.311736, 18.332552>,  <13.902323, 14.488155, 18.037241>, 0.100000
	pigment { color rgbt <1,0,0,0> }
	no_shadow
}

// particle -1
sphere {
	<13.698195, 14.311736, 18.332552> 0.100000
	pigment { color rgbt <1,0,0,0> }
	no_shadow
}
sphere {
	0, 1
	scale<0.080000,0.200000,0.300000>
	matrix <-0.858947, 0.219252, -0.462751,
		0.042225, -0.870292, -0.490723,
		-0.510320, -0.441045, 0.738277,
		13.545098, 14.179422, 18.554035>
	pigment { color rgbt <0,1,1,0> }
	no_shadow
}
cylinder {
	<13.358923, 14.218287, 17.699438>,  <13.902323, 14.488155, 18.037241>, 0.130000
	pigment { color rgbt <1,0,0,0> }
	no_shadow
}

// nucleotide -1

// particle -1
sphere {
	<13.358923, 14.218287, 17.699438> 0.250000
	pigment { color rgbt <1,0,0,0> }
	no_shadow
}
cylinder {
	<13.241192, 14.201183, 18.081337>,  <13.170553, 14.190921, 18.310476>, 0.100000
	pigment { color rgbt <1,0,0,0> }
	no_shadow
}
cylinder {
	<13.241192, 14.201183, 18.081337>,  <13.358923, 14.218287, 17.699438>, 0.100000
	pigment { color rgbt <1,0,0,0> }
	no_shadow
}

// particle -1
sphere {
	<13.241192, 14.201183, 18.081337> 0.100000
	pigment { color rgbt <1,0,0,0> }
	no_shadow
}
sphere {
	0, 1
	scale<0.080000,0.200000,0.300000>
	matrix <-0.948224, 0.137816, -0.286144,
		-0.119344, -0.989535, -0.081108,
		-0.294327, -0.042759, 0.954748,
		13.152894, 14.188355, 18.367762>
	pigment { color rgbt <0,1,1,0> }
	no_shadow
}
cylinder {
	<12.693500, 13.845895, 17.699245>,  <13.358923, 14.218287, 17.699438>, 0.130000
	pigment { color rgbt <1,0,0,0> }
	no_shadow
}

// nucleotide -1

// particle -1
sphere {
	<12.693500, 13.845895, 17.699245> 0.250000
	pigment { color rgbt <1,0,0,0> }
	no_shadow
}
cylinder {
	<12.715784, 14.069216, 18.030352>,  <12.729155, 14.203208, 18.229015>, 0.100000
	pigment { color rgbt <1,0,0,0> }
	no_shadow
}
cylinder {
	<12.715784, 14.069216, 18.030352>,  <12.693500, 13.845895, 17.699245>, 0.100000
	pigment { color rgbt <1,0,0,0> }
	no_shadow
}

// particle -1
sphere {
	<12.715784, 14.069216, 18.030352> 0.100000
	pigment { color rgbt <1,0,0,0> }
	no_shadow
}
sphere {
	0, 1
	scale<0.080000,0.200000,0.300000>
	matrix <-0.838865, 0.475788, -0.264446,
		-0.541481, -0.679650, 0.494848,
		0.055712, 0.558303, 0.827764,
		12.732498, 14.236707, 18.278681>
	pigment { color rgbt <0,1,1,0> }
	no_shadow
}
cylinder {
	<12.055479, 13.813829, 17.882759>,  <12.693500, 13.845895, 17.699245>, 0.130000
	pigment { color rgbt <1,0,0,0> }
	no_shadow
}

// nucleotide -1

// particle -1
sphere {
	<12.055479, 13.813829, 17.882759> 0.250000
	pigment { color rgbt <1,0,0,0> }
	no_shadow
}
cylinder {
	<12.213319, 14.122568, 18.082176>,  <12.308022, 14.307811, 18.201826>, 0.100000
	pigment { color rgbt <1,0,0,0> }
	no_shadow
}
cylinder {
	<12.213319, 14.122568, 18.082176>,  <12.055479, 13.813829, 17.882759>, 0.100000
	pigment { color rgbt <1,0,0,0> }
	no_shadow
}

// particle -1
sphere {
	<12.213319, 14.122568, 18.082176> 0.100000
	pigment { color rgbt <1,0,0,0> }
	no_shadow
}
sphere {
	0, 1
	scale<0.080000,0.200000,0.300000>
	matrix <-0.777699, 0.569509, -0.266164,
		-0.489363, -0.282689, 0.824992,
		0.394599, 0.771846, 0.498543,
		12.331698, 14.354122, 18.231739>
	pigment { color rgbt <0,1,1,0> }
	no_shadow
}
cylinder {
	<11.595827, 14.122556, 18.492083>,  <12.055479, 13.813829, 17.882759>, 0.130000
	pigment { color rgbt <1,0,0,0> }
	no_shadow
}

// nucleotide -1

// particle -1
sphere {
	<11.595827, 14.122556, 18.492083> 0.250000
	pigment { color rgbt <1,0,0,0> }
	no_shadow
}
cylinder {
	<11.839467, 14.390938, 18.322937>,  <11.985651, 14.551968, 18.221449>, 0.100000
	pigment { color rgbt <1,0,0,0> }
	no_shadow
}
cylinder {
	<11.839467, 14.390938, 18.322937>,  <11.595827, 14.122556, 18.492083>, 0.100000
	pigment { color rgbt <1,0,0,0> }
	no_shadow
}

// particle -1
sphere {
	<11.839467, 14.390938, 18.322937> 0.100000
	pigment { color rgbt <1,0,0,0> }
	no_shadow
}
sphere {
	0, 1
	scale<0.080000,0.200000,0.300000>
	matrix <-0.792339, 0.538059, -0.287561,
		0.034586, 0.510206, 0.859356,
		0.609100, 0.670956, -0.422865,
		12.022197, 14.592225, 18.196077>
	pigment { color rgbt <0,1,1,0> }
	no_shadow
}
cylinder {
	<11.165943, 14.627228, 18.601553>,  <11.595827, 14.122556, 18.492083>, 0.130000
	pigment { color rgbt <1,0,0,0> }
	no_shadow
}

// nucleotide -1

// particle -1
sphere {
	<11.165943, 14.627228, 18.601553> 0.250000
	pigment { color rgbt <1,0,0,0> }
	no_shadow
}
cylinder {
	<11.457880, 14.766521, 18.366243>,  <11.633042, 14.850096, 18.225058>, 0.100000
	pigment { color rgbt <1,0,0,0> }
	no_shadow
}
cylinder {
	<11.457880, 14.766521, 18.366243>,  <11.165943, 14.627228, 18.601553>, 0.100000
	pigment { color rgbt <1,0,0,0> }
	no_shadow
}

// particle -1
sphere {
	<11.457880, 14.766521, 18.366243> 0.100000
	pigment { color rgbt <1,0,0,0> }
	no_shadow
}
sphere {
	0, 1
	scale<0.080000,0.200000,0.300000>
	matrix <-0.626817, 0.684315, -0.372578,
		0.272821, 0.640663, 0.717719,
		0.729843, 0.348231, -0.588273,
		11.676833, 14.870990, 18.189762>
	pigment { color rgbt <0,1,1,0> }
	no_shadow
}
cylinder {
	<11.155659, 15.354838, 18.716227>,  <11.165943, 14.627228, 18.601553>, 0.130000
	pigment { color rgbt <1,0,0,0> }
	no_shadow
}

// nucleotide -1

// particle -1
sphere {
	<11.155659, 15.354838, 18.716227> 0.250000
	pigment { color rgbt <1,0,0,0> }
	no_shadow
}
cylinder {
	<11.322179, 15.312810, 18.354973>,  <11.422091, 15.287593, 18.138220>, 0.100000
	pigment { color rgbt <1,0,0,0> }
	no_shadow
}
cylinder {
	<11.322179, 15.312810, 18.354973>,  <11.155659, 15.354838, 18.716227>, 0.100000
	pigment { color rgbt <1,0,0,0> }
	no_shadow
}

// particle -1
sphere {
	<11.322179, 15.312810, 18.354973> 0.100000
	pigment { color rgbt <1,0,0,0> }
	no_shadow
}
sphere {
	0, 1
	scale<0.080000,0.200000,0.300000>
	matrix <-0.672449, 0.632977, -0.383605,
		0.611970, 0.767008, 0.192853,
		0.416300, -0.105071, -0.903136,
		11.447069, 15.281289, 18.084032>
	pigment { color rgbt <0,1,1,0> }
	no_shadow
}
cylinder {
	<11.228863, 16.103510, 18.535151>,  <11.155659, 15.354838, 18.716227>, 0.130000
	pigment { color rgbt <1,0,0,0> }
	no_shadow
}

// nucleotide -1

// particle -1
sphere {
	<11.228863, 16.103510, 18.535151> 0.250000
	pigment { color rgbt <1,0,0,0> }
	no_shadow
}
cylinder {
	<11.260564, 15.847854, 18.229151>,  <11.279585, 15.694460, 18.045551>, 0.100000
	pigment { color rgbt <1,0,0,0> }
	no_shadow
}
cylinder {
	<11.260564, 15.847854, 18.229151>,  <11.228863, 16.103510, 18.535151>, 0.100000
	pigment { color rgbt <1,0,0,0> }
	no_shadow
}

// particle -1
sphere {
	<11.260564, 15.847854, 18.229151> 0.100000
	pigment { color rgbt <1,0,0,0> }
	no_shadow
}
sphere {
	0, 1
	scale<0.080000,0.200000,0.300000>
	matrix <-0.573176, 0.598651, -0.559540,
		0.815590, 0.482823, -0.318895,
		0.079253, -0.639139, -0.764997,
		11.284340, 15.656112, 17.999651>
	pigment { color rgbt <0,1,1,0> }
	no_shadow
}
