// switches for output
#declare DRAW_BASES = 1; // possible values are 0, 1; only relevant for DNA ribbons
#declare DRAW_BASES_TYPE = 3; // possible values are 1, 2, 3; only relevant for DNA ribbons
#declare DRAW_FOG = 0; // set to 1 to enable fog

#include "colors.inc"

#include "transforms.inc"
background { rgb <1, 1, 1>}

#default {
   normal{
       ripples 0.25
       frequency 0.20
       turbulence 0.2
       lambda 5
   }
	finish {
		phong 0.1
		phong_size 40.
	}
}

// original window dimensions: 1024x640


// camera settings

camera {
	sky <0, 0.179814, -0.983701>
	up <0, 0.179814, -0.983701>
	right 1.6 * <1, 0, 0>
	location <25.469, 94.9851, 44.8844>
	look_at <25.469, 29.3977, 32.8955>
	direction <0, -65.5874, -11.9889>
	angle 67.0682
}


# declare cpy_camera_pos = <25.469, 94.9851, 44.8844>;
# if (DRAW_FOG = 1)
fog {
	fog_type 2
	up vnormalize(cpy_camera_pos)
	color rgbt<1,1,1,0.3>
	distance 1e-5
	fog_alt 3e-3
	fog_offset 28
}
# end


// LIGHTS

# declare lum = 6;
global_settings {
	ambient_light rgb lum * <0.05, 0.05, 0.05>
	max_trace_level 15
}# declare cpy_direct_light_amount = 0.25;
light_source
{	1000 * <-1, -1.16351, -0.803887>,
	rgb lum * cpy_direct_light_amount
	parallel
}

light_source
{	1000 * <1, 1.16351, 0.803887>,
	rgb lum * cpy_direct_light_amount
	parallel
}

// strand 0

// nucleotide -1

// particle -1
sphere {
	<4.568172, 14.999681, 15.280532> 0.250000
	pigment { color rgbt <1,0,0,0> }
	no_shadow
}
cylinder {
	<4.349966, 15.119970, 14.967615>,  <4.219042, 15.192143, 14.779865>, 0.100000
	pigment { color rgbt <1,0,0,0> }
	no_shadow
}
cylinder {
	<4.349966, 15.119970, 14.967615>,  <4.568172, 14.999681, 15.280532>, 0.100000
	pigment { color rgbt <1,0,0,0> }
	no_shadow
}

// particle -1
sphere {
	<4.349966, 15.119970, 14.967615> 0.100000
	pigment { color rgbt <1,0,0,0> }
	no_shadow
}
sphere {
	0, 1
	scale<0.080000,0.200000,0.300000>
	matrix <0.822666, 0.370443, -0.431268,
		0.160103, -0.878828, -0.449476,
		-0.545516, 0.300721, -0.782291,
		4.186311, 15.210187, 14.732927>
	pigment { color rgbt <0,1,1,0> }
	no_shadow
}
cylinder {
	<4.965796, 14.951092, 14.656404>,  <4.568172, 14.999681, 15.280532>, 0.130000
	pigment { color rgbt <1,0,0,0> }
	no_shadow
}

// nucleotide -1

// particle -1
sphere {
	<4.965796, 14.951092, 14.656404> 0.250000
	pigment { color rgbt <1,0,0,0> }
	no_shadow
}
cylinder {
	<4.738689, 15.280279, 14.664012>,  <4.602425, 15.477792, 14.668577>, 0.100000
	pigment { color rgbt <1,0,0,0> }
	no_shadow
}
cylinder {
	<4.738689, 15.280279, 14.664012>,  <4.965796, 14.951092, 14.656404>, 0.100000
	pigment { color rgbt <1,0,0,0> }
	no_shadow
}

// particle -1
sphere {
	<4.738689, 15.280279, 14.664012> 0.100000
	pigment { color rgbt <1,0,0,0> }
	no_shadow
}
sphere {
	0, 1
	scale<0.080000,0.200000,0.300000>
	matrix <0.781645, 0.546218, -0.301127,
		-0.258207, -0.156103, -0.953394,
		-0.567768, 0.822969, 0.019021,
		4.568359, 15.527170, 14.669718>
	pigment { color rgbt <0,1,1,0> }
	no_shadow
}
cylinder {
	<4.763969, 15.335242, 13.966942>,  <4.965796, 14.951092, 14.656404>, 0.130000
	pigment { color rgbt <1,0,0,0> }
	no_shadow
}

// nucleotide -1

// particle -1
sphere {
	<4.763969, 15.335242, 13.966942> 0.250000
	pigment { color rgbt <1,0,0,0> }
	no_shadow
}
cylinder {
	<4.799943, 15.539208, 14.309146>,  <4.821528, 15.661588, 14.514468>, 0.100000
	pigment { color rgbt <1,0,0,0> }
	no_shadow
}
cylinder {
	<4.799943, 15.539208, 14.309146>,  <4.763969, 15.335242, 13.966942>, 0.100000
	pigment { color rgbt <1,0,0,0> }
	no_shadow
}

// particle -1
sphere {
	<4.799943, 15.539208, 14.309146> 0.100000
	pigment { color rgbt <1,0,0,0> }
	no_shadow
}
sphere {
	0, 1
	scale<0.080000,0.200000,0.300000>
	matrix <0.789838, 0.486741, -0.373147,
		-0.606686, 0.709274, -0.358975,
		0.089936, 0.509916, 0.855510,
		4.826924, 15.692183, 14.565799>
	pigment { color rgbt <0,1,1,0> }
	no_shadow
}
cylinder {
	<4.677485, 16.088566, 13.996543>,  <4.763969, 15.335242, 13.966942>, 0.130000
	pigment { color rgbt <1,0,0,0> }
	no_shadow
}

// nucleotide -1

// particle -1
sphere {
	<4.677485, 16.088566, 13.996543> 0.250000
	pigment { color rgbt <1,0,0,0> }
	no_shadow
}
cylinder {
	<4.977078, 15.988990, 14.242162>,  <5.156835, 15.929245, 14.389533>, 0.100000
	pigment { color rgbt <1,0,0,0> }
	no_shadow
}
cylinder {
	<4.977078, 15.988990, 14.242162>,  <4.677485, 16.088566, 13.996543>, 0.100000
	pigment { color rgbt <1,0,0,0> }
	no_shadow
}

// particle -1
sphere {
	<4.977078, 15.988990, 14.242162> 0.100000
	pigment { color rgbt <1,0,0,0> }
	no_shadow
}
sphere {
	0, 1
	scale<0.080000,0.200000,0.300000>
	matrix <0.616870, 0.600258, -0.509079,
		-0.241857, 0.760079, 0.603146,
		0.748984, -0.248939, 0.614046,
		5.201774, 15.914309, 14.426375>
	pigment { color rgbt <0,1,1,0> }
	no_shadow
}
cylinder {
	<5.077481, 16.745369, 14.250986>,  <4.677485, 16.088566, 13.996543>, 0.130000
	pigment { color rgbt <1,0,0,0> }
	no_shadow
}

// nucleotide -1

// particle -1
sphere {
	<5.077481, 16.745369, 14.250986> 0.250000
	pigment { color rgbt <1,0,0,0> }
	no_shadow
}
cylinder {
	<5.323447, 16.429939, 14.248828>,  <5.471027, 16.240681, 14.247533>, 0.100000
	pigment { color rgbt <1,0,0,0> }
	no_shadow
}
cylinder {
	<5.323447, 16.429939, 14.248828>,  <5.077481, 16.745369, 14.250986>, 0.100000
	pigment { color rgbt <1,0,0,0> }
	no_shadow
}

// particle -1
sphere {
	<5.323447, 16.429939, 14.248828> 0.100000
	pigment { color rgbt <1,0,0,0> }
	no_shadow
}
sphere {
	0, 1
	scale<0.080000,0.200000,0.300000>
	matrix <0.673280, 0.528548, -0.517040,
		0.410576, 0.314304, 0.855944,
		0.614915, -0.788575, -0.005395,
		5.507922, 16.193367, 14.247210>
	pigment { color rgbt <0,1,1,0> }
	no_shadow
}
cylinder {
	<5.769037, 16.822004, 14.588838>,  <5.077481, 16.745369, 14.250986>, 0.130000
	pigment { color rgbt <1,0,0,0> }
	no_shadow
}

// nucleotide -1

// particle -1
sphere {
	<5.769037, 16.822004, 14.588838> 0.250000
	pigment { color rgbt <1,0,0,0> }
	no_shadow
}
cylinder {
	<5.844787, 16.534477, 14.321274>,  <5.890237, 16.361961, 14.160736>, 0.100000
	pigment { color rgbt <1,0,0,0> }
	no_shadow
}
cylinder {
	<5.844787, 16.534477, 14.321274>,  <5.769037, 16.822004, 14.588838>, 0.100000
	pigment { color rgbt <1,0,0,0> }
	no_shadow
}

// particle -1
sphere {
	<5.844787, 16.534477, 14.321274> 0.100000
	pigment { color rgbt <1,0,0,0> }
	no_shadow
}
sphere {
	0, 1
	scale<0.080000,0.200000,0.300000>
	matrix <0.626050, 0.613201, -0.481711,
		0.756438, -0.327546, 0.566141,
		0.189376, -0.718817, -0.668909,
		5.901600, 16.318832, 14.120602>
	pigment { color rgbt <0,1,1,0> }
	no_shadow
}
cylinder {
	<6.462817, 16.899557, 14.497263>,  <5.769037, 16.822004, 14.588838>, 0.130000
	pigment { color rgbt <1,0,0,0> }
	no_shadow
}

// nucleotide -1

// particle -1
sphere {
	<6.462817, 16.899557, 14.497263> 0.250000
	pigment { color rgbt <1,0,0,0> }
	no_shadow
}
cylinder {
	<6.353838, 16.683046, 14.179070>,  <6.288451, 16.553141, 13.988153>, 0.100000
	pigment { color rgbt <1,0,0,0> }
	no_shadow
}
cylinder {
	<6.353838, 16.683046, 14.179070>,  <6.462817, 16.899557, 14.497263>, 0.100000
	pigment { color rgbt <1,0,0,0> }
	no_shadow
}

// particle -1
sphere {
	<6.353838, 16.683046, 14.179070> 0.100000
	pigment { color rgbt <1,0,0,0> }
	no_shadow
}
sphere {
	0, 1
	scale<0.080000,0.200000,0.300000>
	matrix <0.630380, 0.524190, -0.572578,
		0.726907, -0.657454, 0.198396,
		-0.272447, -0.541276, -0.795483,
		6.272104, 16.520664, 13.940425>
	pigment { color rgbt <0,1,1,0> }
	no_shadow
}
cylinder {
	<7.077094, 16.773157, 14.101770>,  <6.462817, 16.899557, 14.497263>, 0.130000
	pigment { color rgbt <1,0,0,0> }
	no_shadow
}

// nucleotide -1

// particle -1
sphere {
	<7.077094, 16.773157, 14.101770> 0.250000
	pigment { color rgbt <1,0,0,0> }
	no_shadow
}
cylinder {
	<6.801949, 16.669209, 13.830680>,  <6.636861, 16.606840, 13.668026>, 0.100000
	pigment { color rgbt <1,0,0,0> }
	no_shadow
}
cylinder {
	<6.801949, 16.669209, 13.830680>,  <7.077094, 16.773157, 14.101770>, 0.100000
	pigment { color rgbt <1,0,0,0> }
	no_shadow
}

// particle -1
sphere {
	<6.801949, 16.669209, 13.830680> 0.100000
	pigment { color rgbt <1,0,0,0> }
	no_shadow
}
sphere {
	0, 1
	scale<0.080000,0.200000,0.300000>
	matrix <0.460394, 0.565639, -0.684171,
		0.561112, -0.782649, -0.269471,
		-0.687889, -0.259834, -0.677713,
		6.595590, 16.591248, 13.627362>
	pigment { color rgbt <0,1,1,0> }
	no_shadow
}
cylinder {
	<7.410049, 16.570631, 13.518359>,  <7.077094, 16.773157, 14.101770>, 0.130000
	pigment { color rgbt <1,0,0,0> }
	no_shadow
}

// nucleotide -1

// particle -1
sphere {
	<7.410049, 16.570631, 13.518359> 0.250000
	pigment { color rgbt <1,0,0,0> }
	no_shadow
}
cylinder {
	<7.057109, 16.656450, 13.350824>,  <6.845345, 16.707943, 13.250303>, 0.100000
	pigment { color rgbt <1,0,0,0> }
	no_shadow
}
cylinder {
	<7.057109, 16.656450, 13.350824>,  <7.410049, 16.570631, 13.518359>, 0.100000
	pigment { color rgbt <1,0,0,0> }
	no_shadow
}

// particle -1
sphere {
	<7.057109, 16.656450, 13.350824> 0.100000
	pigment { color rgbt <1,0,0,0> }
	no_shadow
}
sphere {
	0, 1
	scale<0.080000,0.200000,0.300000>
	matrix <0.458125, 0.595123, -0.660265,
		0.107599, -0.774466, -0.623398,
		-0.882352, 0.214550, -0.418837,
		6.792403, 16.720816, 13.225173>
	pigment { color rgbt <0,1,1,0> }
	no_shadow
}
cylinder {
	<7.385750, 16.422485, 12.777100>,  <7.410049, 16.570631, 13.518359>, 0.130000
	pigment { color rgbt <1,0,0,0> }
	no_shadow
}

// nucleotide -1

// particle -1
sphere {
	<7.385750, 16.422485, 12.777100> 0.250000
	pigment { color rgbt <1,0,0,0> }
	no_shadow
}
cylinder {
	<7.093547, 16.691015, 12.827188>,  <6.918225, 16.852133, 12.857241>, 0.100000
	pigment { color rgbt <1,0,0,0> }
	no_shadow
}
cylinder {
	<7.093547, 16.691015, 12.827188>,  <7.385750, 16.422485, 12.777100>, 0.100000
	pigment { color rgbt <1,0,0,0> }
	no_shadow
}

// particle -1
sphere {
	<7.093547, 16.691015, 12.827188> 0.100000
	pigment { color rgbt <1,0,0,0> }
	no_shadow
}
sphere {
	0, 1
	scale<0.080000,0.200000,0.300000>
	matrix <0.291229, 0.472103, -0.832048,
		-0.617692, -0.571351, -0.540384,
		-0.730508, 0.671325, 0.125220,
		6.874394, 16.892412, 12.864754>
	pigment { color rgbt <0,1,1,0> }
	no_shadow
}
cylinder {
	<7.139826, 16.416096, 12.192493>,  <7.385750, 16.422485, 12.777100>, 0.130000
	pigment { color rgbt <1,0,0,0> }
	no_shadow
}

// nucleotide -1

// particle -1
sphere {
	<7.139826, 16.416096, 12.192493> 0.250000
	pigment { color rgbt <1,0,0,0> }
	no_shadow
}
cylinder {
	<7.008690, 16.757999, 12.353443>,  <6.930009, 16.963142, 12.450013>, 0.100000
	pigment { color rgbt <1,0,0,0> }
	no_shadow
}
cylinder {
	<7.008690, 16.757999, 12.353443>,  <7.139826, 16.416096, 12.192493>, 0.100000
	pigment { color rgbt <1,0,0,0> }
	no_shadow
}

// particle -1
sphere {
	<7.008690, 16.757999, 12.353443> 0.100000
	pigment { color rgbt <1,0,0,0> }
	no_shadow
}
sphere {
	0, 1
	scale<0.080000,0.200000,0.300000>
	matrix <0.064699, 0.445226, -0.893078,
		-0.942515, -0.266754, -0.201266,
		-0.327840, 0.854761, 0.402374,
		6.910338, 17.014427, 12.474155>
	pigment { color rgbt <0,1,1,0> }
	no_shadow
}
cylinder {
	<6.984094, 16.819838, 11.675900>,  <7.139826, 16.416096, 12.192493>, 0.130000
	pigment { color rgbt <1,0,0,0> }
	no_shadow
}

// nucleotide -1

// particle -1
sphere {
	<6.984094, 16.819838, 11.675900> 0.250000
	pigment { color rgbt <1,0,0,0> }
	no_shadow
}
cylinder {
	<6.980202, 17.106871, 11.954463>,  <6.977867, 17.279091, 12.121600>, 0.100000
	pigment { color rgbt <1,0,0,0> }
	no_shadow
}
cylinder {
	<6.980202, 17.106871, 11.954463>,  <6.984094, 16.819838, 11.675900>, 0.100000
	pigment { color rgbt <1,0,0,0> }
	no_shadow
}

// particle -1
sphere {
	<6.980202, 17.106871, 11.954463> 0.100000
	pigment { color rgbt <1,0,0,0> }
	no_shadow
}
sphere {
	0, 1
	scale<0.080000,0.200000,0.300000>
	matrix <0.254789, 0.675230, -0.692204,
		-0.966948, 0.170702, -0.189402,
		-0.009729, 0.717583, 0.696405,
		6.977283, 17.322145, 12.163384>
	pigment { color rgbt <0,1,1,0> }
	no_shadow
}
cylinder {
	<6.543635, 17.346317, 11.384951>,  <6.984094, 16.819838, 11.675900>, 0.130000
	pigment { color rgbt <1,0,0,0> }
	no_shadow
}

// nucleotide -1

// particle -1
sphere {
	<6.543635, 17.346317, 11.384951> 0.250000
	pigment { color rgbt <1,0,0,0> }
	no_shadow
}
cylinder {
	<6.773916, 17.538792, 11.649384>,  <6.912084, 17.654276, 11.808043>, 0.100000
	pigment { color rgbt <1,0,0,0> }
	no_shadow
}
cylinder {
	<6.773916, 17.538792, 11.649384>,  <6.543635, 17.346317, 11.384951>, 0.100000
	pigment { color rgbt <1,0,0,0> }
	no_shadow
}

// particle -1
sphere {
	<6.773916, 17.538792, 11.649384> 0.100000
	pigment { color rgbt <1,0,0,0> }
	no_shadow
}
sphere {
	0, 1
	scale<0.080000,0.200000,0.300000>
	matrix <0.135573, 0.741141, -0.657519,
		-0.806343, 0.468159, 0.361439,
		0.575701, 0.481184, 0.661083,
		6.946626, 17.683147, 11.847709>
	pigment { color rgbt <0,1,1,0> }
	no_shadow
}
cylinder {
	<6.289810, 17.997246, 11.312060>,  <6.543635, 17.346317, 11.384951>, 0.130000
	pigment { color rgbt <1,0,0,0> }
	no_shadow
}

// nucleotide -1

// particle -1
sphere {
	<6.289810, 17.997246, 11.312060> 0.250000
	pigment { color rgbt <1,0,0,0> }
	no_shadow
}
cylinder {
	<6.658759, 18.003372, 11.466460>,  <6.880128, 18.007048, 11.559100>, 0.100000
	pigment { color rgbt <1,0,0,0> }
	no_shadow
}
cylinder {
	<6.658759, 18.003372, 11.466460>,  <6.289810, 17.997246, 11.312060>, 0.100000
	pigment { color rgbt <1,0,0,0> }
	no_shadow
}

// particle -1
sphere {
	<6.658759, 18.003372, 11.466460> 0.100000
	pigment { color rgbt <1,0,0,0> }
	no_shadow
}
sphere {
	0, 1
	scale<0.080000,0.200000,0.300000>
	matrix <0.300682, 0.598868, -0.742259,
		-0.242531, 0.800701, 0.547774,
		0.922372, 0.015315, 0.386000,
		6.935470, 18.007967, 11.582260>
	pigment { color rgbt <0,1,1,0> }
	no_shadow
}
cylinder {
	<6.522182, 18.757036, 11.247352>,  <6.289810, 17.997246, 11.312060>, 0.130000
	pigment { color rgbt <1,0,0,0> }
	no_shadow
}

// nucleotide -1

// particle -1
sphere {
	<6.522182, 18.757036, 11.247352> 0.250000
	pigment { color rgbt <1,0,0,0> }
	no_shadow
}
cylinder {
	<6.858483, 18.552536, 11.318635>,  <7.060264, 18.429836, 11.361405>, 0.100000
	pigment { color rgbt <1,0,0,0> }
	no_shadow
}
cylinder {
	<6.858483, 18.552536, 11.318635>,  <6.522182, 18.757036, 11.247352>, 0.100000
	pigment { color rgbt <1,0,0,0> }
	no_shadow
}

// particle -1
sphere {
	<6.858483, 18.552536, 11.318635> 0.100000
	pigment { color rgbt <1,0,0,0> }
	no_shadow
}
sphere {
	0, 1
	scale<0.080000,0.200000,0.300000>
	matrix <0.482814, 0.559025, -0.674078,
		0.244999, 0.652775, 0.716841,
		0.840753, -0.511250, 0.178208,
		7.110709, 18.399160, 11.372097>
	pigment { color rgbt <0,1,1,0> }
	no_shadow
}
cylinder {
	<7.190755, 19.215193, 11.355839>,  <6.522182, 18.757036, 11.247352>, 0.130000
	pigment { color rgbt <1,0,0,0> }
	no_shadow
}

// nucleotide -1

// particle -1
sphere {
	<7.190755, 19.215193, 11.355839> 0.250000
	pigment { color rgbt <1,0,0,0> }
	no_shadow
}
cylinder {
	<7.350878, 18.866898, 11.241599>,  <7.446951, 18.657921, 11.173056>, 0.100000
	pigment { color rgbt <1,0,0,0> }
	no_shadow
}
cylinder {
	<7.350878, 18.866898, 11.241599>,  <7.190755, 19.215193, 11.355839>, 0.100000
	pigment { color rgbt <1,0,0,0> }
	no_shadow
}

// particle -1
sphere {
	<7.350878, 18.866898, 11.241599> 0.100000
	pigment { color rgbt <1,0,0,0> }
	no_shadow
}
sphere {
	0, 1
	scale<0.080000,0.200000,0.300000>
	matrix <0.611516, 0.485943, -0.624426,
		0.682497, 0.075313, 0.726998,
		0.400306, -0.870740, -0.285599,
		7.470970, 18.605675, 11.155919>
	pigment { color rgbt <0,1,1,0> }
	no_shadow
}
cylinder {
	<7.858867, 19.405556, 11.364582>,  <7.190755, 19.215193, 11.355839>, 0.130000
	pigment { color rgbt <1,0,0,0> }
	no_shadow
}

// nucleotide -1

// particle -1
sphere {
	<7.858867, 19.405556, 11.364582> 0.250000
	pigment { color rgbt <1,0,0,0> }
	no_shadow
}
cylinder {
	<7.825893, 19.080698, 11.133541>,  <7.806109, 18.885782, 10.994917>, 0.100000
	pigment { color rgbt <1,0,0,0> }
	no_shadow
}
cylinder {
	<7.825893, 19.080698, 11.133541>,  <7.858867, 19.405556, 11.364582>, 0.100000
	pigment { color rgbt <1,0,0,0> }
	no_shadow
}

// particle -1
sphere {
	<7.825893, 19.080698, 11.133541> 0.100000
	pigment { color rgbt <1,0,0,0> }
	no_shadow
}
sphere {
	0, 1
	scale<0.080000,0.200000,0.300000>
	matrix <0.582369, 0.431067, -0.689223,
		0.808734, -0.393192, 0.437435,
		-0.082433, -0.812146, -0.577601,
		7.801164, 18.837053, 10.960260>
	pigment { color rgbt <0,1,1,0> }
	no_shadow
}
cylinder {
	<8.546222, 19.194321, 11.229256>,  <7.858867, 19.405556, 11.364582>, 0.130000
	pigment { color rgbt <1,0,0,0> }
	no_shadow
}

// nucleotide -1

// particle -1
sphere {
	<8.546222, 19.194321, 11.229256> 0.250000
	pigment { color rgbt <1,0,0,0> }
	no_shadow
}
cylinder {
	<8.297400, 19.045111, 10.953895>,  <8.148106, 18.955585, 10.788678>, 0.100000
	pigment { color rgbt <1,0,0,0> }
	no_shadow
}
cylinder {
	<8.297400, 19.045111, 10.953895>,  <8.546222, 19.194321, 11.229256>, 0.100000
	pigment { color rgbt <1,0,0,0> }
	no_shadow
}

// particle -1
sphere {
	<8.297400, 19.045111, 10.953895> 0.100000
	pigment { color rgbt <1,0,0,0> }
	no_shadow
}
sphere {
	0, 1
	scale<0.080000,0.200000,0.300000>
	matrix <0.612557, 0.315756, -0.724619,
		0.487669, -0.872439, 0.032081,
		-0.622056, -0.373025, -0.688403,
		8.110783, 18.933203, 10.747374>
	pigment { color rgbt <0,1,1,0> }
	no_shadow
}
cylinder {
	<9.043377, 18.878675, 10.744522>,  <8.546222, 19.194321, 11.229256>, 0.130000
	pigment { color rgbt <1,0,0,0> }
	no_shadow
}

// nucleotide -1

// particle -1
sphere {
	<9.043377, 18.878675, 10.744522> 0.250000
	pigment { color rgbt <1,0,0,0> }
	no_shadow
}
cylinder {
	<8.706585, 18.933115, 10.535699>,  <8.504510, 18.965778, 10.410405>, 0.100000
	pigment { color rgbt <1,0,0,0> }
	no_shadow
}
cylinder {
	<8.706585, 18.933115, 10.535699>,  <9.043377, 18.878675, 10.744522>, 0.100000
	pigment { color rgbt <1,0,0,0> }
	no_shadow
}

// particle -1
sphere {
	<8.706585, 18.933115, 10.535699> 0.100000
	pigment { color rgbt <1,0,0,0> }
	no_shadow
}
sphere {
	0, 1
	scale<0.080000,0.200000,0.300000>
	matrix <0.516166, 0.484769, -0.706096,
		0.156978, -0.863988, -0.478417,
		-0.841981, 0.136101, -0.522059,
		8.453991, 18.973946, 10.379081>
	pigment { color rgbt <0,1,1,0> }
	no_shadow
}
cylinder {
	<9.261737, 18.623817, 10.097336>,  <9.043377, 18.878675, 10.744522>, 0.130000
	pigment { color rgbt <1,0,0,0> }
	no_shadow
}

// nucleotide -1

// particle -1
sphere {
	<9.261737, 18.623817, 10.097336> 0.250000
	pigment { color rgbt <1,0,0,0> }
	no_shadow
}
cylinder {
	<8.935819, 18.853172, 10.063079>,  <8.740268, 18.990786, 10.042525>, 0.100000
	pigment { color rgbt <1,0,0,0> }
	no_shadow
}
cylinder {
	<8.935819, 18.853172, 10.063079>,  <9.261737, 18.623817, 10.097336>, 0.100000
	pigment { color rgbt <1,0,0,0> }
	no_shadow
}

// particle -1
sphere {
	<8.935819, 18.853172, 10.063079> 0.100000
	pigment { color rgbt <1,0,0,0> }
	no_shadow
}
sphere {
	0, 1
	scale<0.080000,0.200000,0.300000>
	matrix <0.390896, 0.434255, -0.811556,
		-0.428147, -0.694728, -0.577965,
		-0.814794, 0.573389, -0.085642,
		8.691381, 19.025188, 10.037386>
	pigment { color rgbt <0,1,1,0> }
	no_shadow
}
cylinder {
	<9.085426, 18.587082, 9.410040>,  <9.261737, 18.623817, 10.097336>, 0.130000
	pigment { color rgbt <1,0,0,0> }
	no_shadow
}

// nucleotide -1

// particle -1
sphere {
	<9.085426, 18.587082, 9.410040> 0.250000
	pigment { color rgbt <1,0,0,0> }
	no_shadow
}
cylinder {
	<8.924476, 18.917017, 9.568905>,  <8.827906, 19.114979, 9.664224>, 0.100000
	pigment { color rgbt <1,0,0,0> }
	no_shadow
}
cylinder {
	<8.924476, 18.917017, 9.568905>,  <9.085426, 18.587082, 9.410040>, 0.100000
	pigment { color rgbt <1,0,0,0> }
	no_shadow
}

// particle -1
sphere {
	<8.924476, 18.917017, 9.568905> 0.100000
	pigment { color rgbt <1,0,0,0> }
	no_shadow
}
sphere {
	0, 1
	scale<0.080000,0.200000,0.300000>
	matrix <0.441979, 0.554951, -0.704758,
		-0.801716, -0.108040, -0.587860,
		-0.402376, 0.824837, 0.397162,
		8.803762, 19.164469, 9.688053>
	pigment { color rgbt <0,1,1,0> }
	no_shadow
}
cylinder {
	<8.835803, 18.984106, 8.765289>,  <9.085426, 18.587082, 9.410040>, 0.130000
	pigment { color rgbt <1,0,0,0> }
	no_shadow
}

// nucleotide -1

// particle -1
sphere {
	<8.835803, 18.984106, 8.765289> 0.250000
	pigment { color rgbt <1,0,0,0> }
	no_shadow
}
cylinder {
	<8.919020, 19.235743, 9.064878>,  <8.968949, 19.386724, 9.244632>, 0.100000
	pigment { color rgbt <1,0,0,0> }
	no_shadow
}
cylinder {
	<8.919020, 19.235743, 9.064878>,  <8.835803, 18.984106, 8.765289>, 0.100000
	pigment { color rgbt <1,0,0,0> }
	no_shadow
}

// particle -1
sphere {
	<8.919020, 19.235743, 9.064878> 0.100000
	pigment { color rgbt <1,0,0,0> }
	no_shadow
}
sphere {
	0, 1
	scale<0.080000,0.200000,0.300000>
	matrix <0.527926, 0.572397, -0.627420,
		-0.823416, 0.525932, -0.213032,
		0.208041, 0.629093, 0.748974,
		8.981432, 19.424471, 9.289571>
	pigment { color rgbt <0,1,1,0> }
	no_shadow
}
cylinder {
	<8.785262, 19.640179, 8.404328>,  <8.835803, 18.984106, 8.765289>, 0.130000
	pigment { color rgbt <1,0,0,0> }
	no_shadow
}

// nucleotide -1

// particle -1
sphere {
	<8.785262, 19.640179, 8.404328> 0.250000
	pigment { color rgbt <1,0,0,0> }
	no_shadow
}
cylinder {
	<8.923522, 19.745916, 8.764472>,  <9.006478, 19.809359, 8.980558>, 0.100000
	pigment { color rgbt <1,0,0,0> }
	no_shadow
}
cylinder {
	<8.923522, 19.745916, 8.764472>,  <8.785262, 19.640179, 8.404328>, 0.100000
	pigment { color rgbt <1,0,0,0> }
	no_shadow
}

// particle -1
sphere {
	<8.923522, 19.745916, 8.764472> 0.100000
	pigment { color rgbt <1,0,0,0> }
	no_shadow
}
sphere {
	0, 1
	scale<0.080000,0.200000,0.300000>
	matrix <0.496747, 0.762481, -0.414566,
		-0.796096, 0.590546, 0.132239,
		0.345650, 0.264345, 0.900360,
		9.027217, 19.825220, 9.034580>
	pigment { color rgbt <0,1,1,0> }
	no_shadow
}
cylinder {
	<8.837276, 20.393581, 8.461145>,  <8.785262, 19.640179, 8.404328>, 0.130000
	pigment { color rgbt <1,0,0,0> }
	no_shadow
}

// nucleotide -1

// particle -1
sphere {
	<8.837276, 20.393581, 8.461145> 0.250000
	pigment { color rgbt <1,0,0,0> }
	no_shadow
}
cylinder {
	<9.078135, 20.260609, 8.751498>,  <9.222651, 20.180824, 8.925710>, 0.100000
	pigment { color rgbt <1,0,0,0> }
	no_shadow
}
cylinder {
	<9.078135, 20.260609, 8.751498>,  <8.837276, 20.393581, 8.461145>, 0.100000
	pigment { color rgbt <1,0,0,0> }
	no_shadow
}

// particle -1
sphere {
	<9.078135, 20.260609, 8.751498> 0.100000
	pigment { color rgbt <1,0,0,0> }
	no_shadow
}
sphere {
	0, 1
	scale<0.080000,0.200000,0.300000>
	matrix <0.718426, 0.622201, -0.311013,
		-0.348254, 0.708769, 0.613487,
		0.602148, -0.332434, 0.725882,
		9.258780, 20.160879, 8.969263>
	pigment { color rgbt <0,1,1,0> }
	no_shadow
}
cylinder {
	<8.967018, 20.939556, 8.811408>,  <8.837276, 20.393581, 8.461145>, 0.130000
	pigment { color rgbt <1,0,0,0> }
	no_shadow
}

// nucleotide -1

// particle -1
sphere {
	<8.967018, 20.939556, 8.811408> 0.250000
	pigment { color rgbt <1,0,0,0> }
	no_shadow
}
cylinder {
	<9.271384, 20.689409, 8.880598>,  <9.454004, 20.539320, 8.922112>, 0.100000
	pigment { color rgbt <1,0,0,0> }
	no_shadow
}
cylinder {
	<9.271384, 20.689409, 8.880598>,  <8.967018, 20.939556, 8.811408>, 0.100000
	pigment { color rgbt <1,0,0,0> }
	no_shadow
}

// particle -1
sphere {
	<9.271384, 20.689409, 8.880598> 0.100000
	pigment { color rgbt <1,0,0,0> }
	no_shadow
}
sphere {
	0, 1
	scale<0.080000,0.200000,0.300000>
	matrix <0.644491, 0.759303, -0.089947,
		-0.075091, 0.179923, 0.980810,
		0.760916, -0.625369, 0.172976,
		9.499659, 20.501799, 8.932490>
	pigment { color rgbt <0,1,1,0> }
	no_shadow
}
cylinder {
	<9.420112, 21.365751, 9.299719>,  <8.967018, 20.939556, 8.811408>, 0.130000
	pigment { color rgbt <1,0,0,0> }
	no_shadow
}

// nucleotide -1

// particle -1
sphere {
	<9.420112, 21.365751, 9.299719> 0.250000
	pigment { color rgbt <1,0,0,0> }
	no_shadow
}
cylinder {
	<9.581740, 21.066265, 9.089520>,  <9.678718, 20.886574, 8.963400>, 0.100000
	pigment { color rgbt <1,0,0,0> }
	no_shadow
}
cylinder {
	<9.581740, 21.066265, 9.089520>,  <9.420112, 21.365751, 9.299719>, 0.100000
	pigment { color rgbt <1,0,0,0> }
	no_shadow
}

// particle -1
sphere {
	<9.581740, 21.066265, 9.089520> 0.100000
	pigment { color rgbt <1,0,0,0> }
	no_shadow
}
sphere {
	0, 1
	scale<0.080000,0.200000,0.300000>
	matrix <0.702448, 0.621961, -0.346022,
		0.585913, -0.229318, 0.777251,
		0.404071, -0.748717, -0.525499,
		9.702962, 20.841650, 8.931870>
	pigment { color rgbt <0,1,1,0> }
	no_shadow
}
cylinder {
	<10.103502, 21.154694, 9.489079>,  <9.420112, 21.365751, 9.299719>, 0.130000
	pigment { color rgbt <1,0,0,0> }
	no_shadow
}

// nucleotide -1

// particle -1
sphere {
	<10.103502, 21.154694, 9.489079> 0.250000
	pigment { color rgbt <1,0,0,0> }
	no_shadow
}
cylinder {
	<10.048945, 21.097317, 9.096993>,  <10.016212, 21.062891, 8.861742>, 0.100000
	pigment { color rgbt <1,0,0,0> }
	no_shadow
}
cylinder {
	<10.048945, 21.097317, 9.096993>,  <10.103502, 21.154694, 9.489079>, 0.100000
	pigment { color rgbt <1,0,0,0> }
	no_shadow
}

// particle -1
sphere {
	<10.048945, 21.097317, 9.096993> 0.100000
	pigment { color rgbt <1,0,0,0> }
	no_shadow
}
sphere {
	0, 1
	scale<0.080000,0.200000,0.300000>
	matrix <0.787297, 0.584880, -0.195139,
		0.601300, -0.798335, 0.033160,
		-0.136392, -0.143444, -0.980215,
		10.008028, 21.054283, 8.802929>
	pigment { color rgbt <0,1,1,0> }
	no_shadow
}
cylinder {
	<10.809415, 20.959677, 9.125971>,  <10.103502, 21.154694, 9.489079>, 0.130000
	pigment { color rgbt <1,0,0,0> }
	no_shadow
}

// nucleotide -1

// particle -1
sphere {
	<10.809415, 20.959677, 9.125971> 0.250000
	pigment { color rgbt <1,0,0,0> }
	no_shadow
}
cylinder {
	<10.577240, 21.142618, 8.856477>,  <10.437935, 21.252384, 8.694780>, 0.100000
	pigment { color rgbt <1,0,0,0> }
	no_shadow
}
cylinder {
	<10.577240, 21.142618, 8.856477>,  <10.809415, 20.959677, 9.125971>, 0.100000
	pigment { color rgbt <1,0,0,0> }
	no_shadow
}

// particle -1
sphere {
	<10.577240, 21.142618, 8.856477> 0.100000
	pigment { color rgbt <1,0,0,0> }
	no_shadow
}
sphere {
	0, 1
	scale<0.080000,0.200000,0.300000>
	matrix <0.743540, 0.635026, -0.209499,
		0.332023, -0.622550, -0.708655,
		-0.580438, 0.457355, -0.673734,
		10.403109, 21.279825, 8.654357>
	pigment { color rgbt <0,1,1,0> }
	no_shadow
}
cylinder {
	<11.149607, 21.471203, 8.565423>,  <10.809415, 20.959677, 9.125971>, 0.130000
	pigment { color rgbt <1,0,0,0> }
	no_shadow
}

// nucleotide -1

// particle -1
sphere {
	<11.149607, 21.471203, 8.565423> 0.250000
	pigment { color rgbt <1,0,0,0> }
	no_shadow
}
cylinder {
	<11.317431, 21.110826, 8.609735>,  <11.418127, 20.894600, 8.636322>, 0.100000
	pigment { color rgbt <1,0,0,0> }
	no_shadow
}
cylinder {
	<11.317431, 21.110826, 8.609735>,  <11.149607, 21.471203, 8.565423>, 0.100000
	pigment { color rgbt <1,0,0,0> }
	no_shadow
}

// particle -1
sphere {
	<11.317431, 21.110826, 8.609735> 0.100000
	pigment { color rgbt <1,0,0,0> }
	no_shadow
}
sphere {
	0, 1
	scale<0.080000,0.200000,0.300000>
	matrix <0.906864, 0.410714, -0.094398,
		0.039548, 0.140068, 0.989352,
		0.419563, -0.900941, 0.110780,
		11.443300, 20.840544, 8.642968>
	pigment { color rgbt <0,1,1,0> }
	no_shadow
}
cylinder {
	<11.713635, 21.684307, 8.879476>,  <11.149607, 21.471203, 8.565423>, 0.130000
	pigment { color rgbt <1,0,0,0> }
	no_shadow
}

// nucleotide -1

// particle -1
sphere {
	<11.713635, 21.684307, 8.879476> 0.250000
	pigment { color rgbt <1,0,0,0> }
	no_shadow
}
cylinder {
	<11.773860, 21.323910, 8.716728>,  <11.809995, 21.107672, 8.619080>, 0.100000
	pigment { color rgbt <1,0,0,0> }
	no_shadow
}
cylinder {
	<11.773860, 21.323910, 8.716728>,  <11.713635, 21.684307, 8.879476>, 0.100000
	pigment { color rgbt <1,0,0,0> }
	no_shadow
}

// particle -1
sphere {
	<11.773860, 21.323910, 8.716728> 0.100000
	pigment { color rgbt <1,0,0,0> }
	no_shadow
}
sphere {
	0, 1
	scale<0.080000,0.200000,0.300000>
	matrix <0.944144, 0.253078, -0.211052,
		0.293126, -0.352366, 0.888772,
		0.150561, -0.900994, -0.406868,
		11.819028, 21.053612, 8.594667>
	pigment { color rgbt <0,1,1,0> }
	no_shadow
}
cylinder {
	<12.192359, 21.277388, 9.139159>,  <11.713635, 21.684307, 8.879476>, 0.130000
	pigment { color rgbt <1,0,0,0> }
	no_shadow
}

// nucleotide -1

// particle -1
sphere {
	<12.192359, 21.277388, 9.139159> 0.250000
	pigment { color rgbt <1,0,0,0> }
	no_shadow
}
cylinder {
	<12.199205, 21.215212, 8.744081>,  <12.203313, 21.177906, 8.507033>, 0.100000
	pigment { color rgbt <1,0,0,0> }
	no_shadow
}
cylinder {
	<12.199205, 21.215212, 8.744081>,  <12.192359, 21.277388, 9.139159>, 0.100000
	pigment { color rgbt <1,0,0,0> }
	no_shadow
}

// particle -1
sphere {
	<12.199205, 21.215212, 8.744081> 0.100000
	pigment { color rgbt <1,0,0,0> }
	no_shadow
}
sphere {
	0, 1
	scale<0.080000,0.200000,0.300000>
	matrix <0.997541, 0.069800, 0.006301,
		0.067962, -0.985376, 0.156253,
		0.017115, -0.155440, -0.987697,
		12.204340, 21.168579, 8.447771>
	pigment { color rgbt <0,1,1,0> }
	no_shadow
}
cylinder {
	<12.118295, 20.991554, 9.829466>,  <12.192359, 21.277388, 9.139159>, 0.130000
	pigment { color rgbt <1,0,0,0> }
	no_shadow
}

// nucleotide -1

// particle -1
sphere {
	<12.118295, 20.991554, 9.829466> 0.250000
	pigment { color rgbt <1,0,0,0> }
	no_shadow
}
cylinder {
	<11.854609, 20.774195, 10.037372>,  <11.696398, 20.643780, 10.162115>, 0.100000
	pigment { color rgbt <1,0,0,0> }
	no_shadow
}
cylinder {
	<11.854609, 20.774195, 10.037372>,  <12.118295, 20.991554, 9.829466>, 0.100000
	pigment { color rgbt <1,0,0,0> }
	no_shadow
}

// particle -1
sphere {
	<11.854609, 20.774195, 10.037372> 0.100000
	pigment { color rgbt <1,0,0,0> }
	no_shadow
}
sphere {
	0, 1
	scale<0.080000,0.200000,0.300000>
	matrix <0.272648, -0.816908, -0.508257,
		0.700785, -0.193338, 0.686674,
		-0.659214, -0.543399, 0.519764,
		11.656845, 20.611176, 10.193300>
	pigment { color rgbt <0,1,1,0> }
	no_shadow
}
cylinder {
	<12.386405, 20.353140, 9.900485>,  <12.118295, 20.991554, 9.829466>, 0.130000
	pigment { color rgbt <1,0,0,0> }
	no_shadow
}

// nucleotide -1

// particle -1
sphere {
	<12.386405, 20.353140, 9.900485> 0.250000
	pigment { color rgbt <1,0,0,0> }
	no_shadow
}
cylinder {
	<12.004478, 20.264673, 9.979891>,  <11.775322, 20.211594, 10.027534>, 0.100000
	pigment { color rgbt <1,0,0,0> }
	no_shadow
}
cylinder {
	<12.004478, 20.264673, 9.979891>,  <12.386405, 20.353140, 9.900485>, 0.100000
	pigment { color rgbt <1,0,0,0> }
	no_shadow
}

// particle -1
sphere {
	<12.004478, 20.264673, 9.979891> 0.100000
	pigment { color rgbt <1,0,0,0> }
	no_shadow
}
sphere {
	0, 1
	scale<0.080000,0.200000,0.300000>
	matrix <0.101263, -0.870109, -0.482345,
		0.279410, -0.440449, 0.853191,
		-0.954817, -0.221168, 0.198516,
		11.718033, 20.198322, 10.039446>
	pigment { color rgbt <0,1,1,0> }
	no_shadow
}
cylinder {
	<12.299396, 19.759029, 10.249269>,  <12.386405, 20.353140, 9.900485>, 0.130000
	pigment { color rgbt <1,0,0,0> }
	no_shadow
}

// nucleotide -1

// particle -1
sphere {
	<12.299396, 19.759029, 10.249269> 0.250000
	pigment { color rgbt <1,0,0,0> }
	no_shadow
}
cylinder {
	<11.955594, 19.788885, 10.047009>,  <11.749313, 19.806799, 9.925653>, 0.100000
	pigment { color rgbt <1,0,0,0> }
	no_shadow
}
cylinder {
	<11.955594, 19.788885, 10.047009>,  <12.299396, 19.759029, 10.249269>, 0.100000
	pigment { color rgbt <1,0,0,0> }
	no_shadow
}

// particle -1
sphere {
	<11.955594, 19.788885, 10.047009> 0.100000
	pigment { color rgbt <1,0,0,0> }
	no_shadow
}
sphere {
	0, 1
	scale<0.080000,0.200000,0.300000>
	matrix <0.165940, -0.894948, -0.414164,
		-0.483443, -0.439883, 0.756826,
		-0.859504, 0.074637, -0.505650,
		11.697742, 19.811275, 9.895314>
	pigment { color rgbt <0,1,1,0> }
	no_shadow
}
cylinder {
	<12.089253, 19.202980, 10.655341>,  <12.299396, 19.759029, 10.249269>, 0.130000
	pigment { color rgbt <1,0,0,0> }
	no_shadow
}

// nucleotide -1

// particle -1
sphere {
	<12.089253, 19.202980, 10.655341> 0.250000
	pigment { color rgbt <1,0,0,0> }
	no_shadow
}
cylinder {
	<11.790165, 19.425068, 10.801023>,  <11.610712, 19.558321, 10.888432>, 0.100000
	pigment { color rgbt <1,0,0,0> }
	no_shadow
}
cylinder {
	<11.790165, 19.425068, 10.801023>,  <12.089253, 19.202980, 10.655341>, 0.100000
	pigment { color rgbt <1,0,0,0> }
	no_shadow
}

// particle -1
sphere {
	<11.790165, 19.425068, 10.801023> 0.100000
	pigment { color rgbt <1,0,0,0> }
	no_shadow
}
sphere {
	0, 1
	scale<0.080000,0.200000,0.300000>
	matrix <-0.259514, -0.749216, 0.609367,
		0.611200, 0.361120, 0.704292,
		-0.747721, 0.555219, 0.364205,
		11.565848, 19.591633, 10.910284>
	pigment { color rgbt <0,1,1,0> }
	no_shadow
}
cylinder {
	<12.132923, 19.133486, 11.316956>,  <12.089253, 19.202980, 10.655341>, 0.130000
	pigment { color rgbt <1,0,0,0> }
	no_shadow
}

// nucleotide -1

// particle -1
sphere {
	<12.132923, 19.133486, 11.316956> 0.250000
	pigment { color rgbt <1,0,0,0> }
	no_shadow
}
cylinder {
	<11.752234, 19.251253, 11.282208>,  <11.523822, 19.321913, 11.261360>, 0.100000
	pigment { color rgbt <1,0,0,0> }
	no_shadow
}
cylinder {
	<11.752234, 19.251253, 11.282208>,  <12.132923, 19.133486, 11.316956>, 0.100000
	pigment { color rgbt <1,0,0,0> }
	no_shadow
}

// particle -1
sphere {
	<11.752234, 19.251253, 11.282208> 0.100000
	pigment { color rgbt <1,0,0,0> }
	no_shadow
}
sphere {
	0, 1
	scale<0.080000,0.200000,0.300000>
	matrix <-0.251991, -0.587739, 0.768807,
		0.175295, 0.753579, 0.633554,
		-0.951720, 0.294418, -0.086867,
		11.466719, 19.339579, 11.256148>
	pigment { color rgbt <0,1,1,0> }
	no_shadow
}
cylinder {
	<11.836067, 19.249943, 12.040756>,  <12.132923, 19.133486, 11.316956>, 0.130000
	pigment { color rgbt <1,0,0,0> }
	no_shadow
}

// nucleotide -1

// particle -1
sphere {
	<11.836067, 19.249943, 12.040756> 0.250000
	pigment { color rgbt <1,0,0,0> }
	no_shadow
}
cylinder {
	<11.523385, 19.187511, 11.799236>,  <11.335775, 19.150053, 11.654325>, 0.100000
	pigment { color rgbt <1,0,0,0> }
	no_shadow
}
cylinder {
	<11.523385, 19.187511, 11.799236>,  <11.836067, 19.249943, 12.040756>, 0.100000
	pigment { color rgbt <1,0,0,0> }
	no_shadow
}

// particle -1
sphere {
	<11.523385, 19.187511, 11.799236> 0.100000
	pigment { color rgbt <1,0,0,0> }
	no_shadow
}
sphere {
	0, 1
	scale<0.080000,0.200000,0.300000>
	matrix <-0.452215, -0.524857, 0.721129,
		-0.429461, 0.836759, 0.339703,
		-0.781706, -0.156078, -0.603801,
		11.288874, 19.140688, 11.618096>
	pigment { color rgbt <0,1,1,0> }
	no_shadow
}
cylinder {
	<11.264587, 19.335686, 12.471703>,  <11.836067, 19.249943, 12.040756>, 0.130000
	pigment { color rgbt <1,0,0,0> }
	no_shadow
}

// nucleotide -1

// particle -1
sphere {
	<11.264587, 19.335686, 12.471703> 0.250000
	pigment { color rgbt <1,0,0,0> }
	no_shadow
}
cylinder {
	<11.173523, 19.089470, 12.169900>,  <11.118884, 18.941740, 11.988818>, 0.100000
	pigment { color rgbt <1,0,0,0> }
	no_shadow
}
cylinder {
	<11.173523, 19.089470, 12.169900>,  <11.264587, 19.335686, 12.471703>, 0.100000
	pigment { color rgbt <1,0,0,0> }
	no_shadow
}

// particle -1
sphere {
	<11.173523, 19.089470, 12.169900> 0.100000
	pigment { color rgbt <1,0,0,0> }
	no_shadow
}
sphere {
	0, 1
	scale<0.080000,0.200000,0.300000>
	matrix <-0.248879, -0.712335, 0.656230,
		-0.941397, 0.337180, 0.008977,
		-0.227662, -0.615539, -0.754507,
		11.105225, 18.904808, 11.943548>
	pigment { color rgbt <0,1,1,0> }
	no_shadow
}
cylinder {
	<10.715316, 19.029682, 12.748746>,  <11.264587, 19.335686, 12.471703>, 0.130000
	pigment { color rgbt <1,0,0,0> }
	no_shadow
}

// nucleotide -1

// particle -1
sphere {
	<10.715316, 19.029682, 12.748746> 0.250000
	pigment { color rgbt <1,0,0,0> }
	no_shadow
}
cylinder {
	<10.803811, 18.791088, 12.440134>,  <10.856908, 18.647932, 12.254967>, 0.100000
	pigment { color rgbt <1,0,0,0> }
	no_shadow
}
cylinder {
	<10.803811, 18.791088, 12.440134>,  <10.715316, 19.029682, 12.748746>, 0.100000
	pigment { color rgbt <1,0,0,0> }
	no_shadow
}

// particle -1
sphere {
	<10.803811, 18.791088, 12.440134> 0.100000
	pigment { color rgbt <1,0,0,0> }
	no_shadow
}
sphere {
	0, 1
	scale<0.080000,0.200000,0.300000>
	matrix <-0.317520, -0.792085, 0.521328,
		-0.922082, 0.129638, -0.364636,
		0.221238, -0.596485, -0.771530,
		10.870183, 18.612143, 12.208675>
	pigment { color rgbt <0,1,1,0> }
	no_shadow
}
cylinder {
	<10.145477, 18.666367, 12.660174>,  <10.715316, 19.029682, 12.748746>, 0.130000
	pigment { color rgbt <1,0,0,0> }
	no_shadow
}

// nucleotide -1

// particle -1
sphere {
	<10.145477, 18.666367, 12.660174> 0.250000
	pigment { color rgbt <1,0,0,0> }
	no_shadow
}
cylinder {
	<10.410542, 18.434244, 12.470805>,  <10.569580, 18.294971, 12.357183>, 0.100000
	pigment { color rgbt <1,0,0,0> }
	no_shadow
}
cylinder {
	<10.410542, 18.434244, 12.470805>,  <10.145477, 18.666367, 12.660174>, 0.100000
	pigment { color rgbt <1,0,0,0> }
	no_shadow
}

// particle -1
sphere {
	<10.410542, 18.434244, 12.470805> 0.100000
	pigment { color rgbt <1,0,0,0> }
	no_shadow
}
sphere {
	0, 1
	scale<0.080000,0.200000,0.300000>
	matrix <-0.502069, -0.813275, 0.294125,
		-0.555705, 0.042786, -0.830278,
		0.662660, -0.580304, -0.473423,
		10.609340, 18.260153, 12.328778>
	pigment { color rgbt <0,1,1,0> }
	no_shadow
}
cylinder {
	<9.738358, 18.144871, 12.256531>,  <10.145477, 18.666367, 12.660174>, 0.130000
	pigment { color rgbt <1,0,0,0> }
	no_shadow
}

// nucleotide -1

// particle -1
sphere {
	<9.738358, 18.144871, 12.256531> 0.250000
	pigment { color rgbt <1,0,0,0> }
	no_shadow
}
cylinder {
	<10.104771, 17.997017, 12.318834>,  <10.324617, 17.908304, 12.356216>, 0.100000
	pigment { color rgbt <1,0,0,0> }
	no_shadow
}
cylinder {
	<10.104771, 17.997017, 12.318834>,  <9.738358, 18.144871, 12.256531>, 0.100000
	pigment { color rgbt <1,0,0,0> }
	no_shadow
}

// particle -1
sphere {
	<10.104771, 17.997017, 12.318834> 0.100000
	pigment { color rgbt <1,0,0,0> }
	no_shadow
}
sphere {
	0, 1
	scale<0.080000,0.200000,0.300000>
	matrix <-0.398572, -0.795184, 0.456972,
		-0.045054, -0.480681, -0.875737,
		0.916030, -0.369633, 0.155760,
		10.379580, 17.886127, 12.365562>
	pigment { color rgbt <0,1,1,0> }
	no_shadow
}
cylinder {
	<9.670988, 17.422483, 12.211519>,  <9.738358, 18.144871, 12.256531>, 0.130000
	pigment { color rgbt <1,0,0,0> }
	no_shadow
}

// nucleotide -1

// particle -1
sphere {
	<9.670988, 17.422483, 12.211519> 0.250000
	pigment { color rgbt <1,0,0,0> }
	no_shadow
}
cylinder {
	<10.038117, 17.425203, 12.370292>,  <10.258395, 17.426836, 12.465555>, 0.100000
	pigment { color rgbt <1,0,0,0> }
	no_shadow
}
cylinder {
	<10.038117, 17.425203, 12.370292>,  <9.670988, 17.422483, 12.211519>, 0.100000
	pigment { color rgbt <1,0,0,0> }
	no_shadow
}

// particle -1
sphere {
	<10.038117, 17.425203, 12.370292> 0.100000
	pigment { color rgbt <1,0,0,0> }
	no_shadow
}
sphere {
	0, 1
	scale<0.080000,0.200000,0.300000>
	matrix <-0.165138, -0.902703, 0.397311,
		0.361014, -0.430209, -0.827399,
		0.917823, 0.006800, 0.396932,
		10.313464, 17.427242, 12.489371>
	pigment { color rgbt <0,1,1,0> }
	no_shadow
}
cylinder {
	<10.004965, 16.807291, 12.090224>,  <9.670988, 17.422483, 12.211519>, 0.130000
	pigment { color rgbt <1,0,0,0> }
	no_shadow
}

// nucleotide -1

// particle -1
sphere {
	<10.004965, 16.807291, 12.090224> 0.250000
	pigment { color rgbt <1,0,0,0> }
	no_shadow
}
cylinder {
	<10.171170, 16.950697, 12.424605>,  <10.270893, 17.036741, 12.625234>, 0.100000
	pigment { color rgbt <1,0,0,0> }
	no_shadow
}
cylinder {
	<10.171170, 16.950697, 12.424605>,  <10.004965, 16.807291, 12.090224>, 0.100000
	pigment { color rgbt <1,0,0,0> }
	no_shadow
}

// particle -1
sphere {
	<10.171170, 16.950697, 12.424605> 0.100000
	pigment { color rgbt <1,0,0,0> }
	no_shadow
}
sphere {
	0, 1
	scale<0.080000,0.200000,0.300000>
	matrix <-0.340474, -0.790927, 0.508440,
		0.843461, -0.495884, -0.206575,
		0.415513, 0.358516, 0.835952,
		10.295824, 17.058252, 12.675391>
	pigment { color rgbt <0,1,1,0> }
	no_shadow
}
cylinder {
	<10.271605, 16.231804, 12.400866>,  <10.004965, 16.807291, 12.090224>, 0.130000
	pigment { color rgbt <1,0,0,0> }
	no_shadow
}

// nucleotide -1

// particle -1
sphere {
