// switches for output
#declare DRAW_BASES = 1; // possible values are 0, 1; only relevant for DNA ribbons
#declare DRAW_BASES_TYPE = 3; // possible values are 1, 2, 3; only relevant for DNA ribbons
#declare DRAW_FOG = 0; // set to 1 to enable fog

#include "colors.inc"

#include "transforms.inc"
background { rgb <1, 1, 1>}

#default {
   normal{
       ripples 0.25
       frequency 0.20
       turbulence 0.2
       lambda 5
   }
	finish {
		phong 0.1
		phong_size 40.
	}
}

// original window dimensions: 1024x640


// camera settings

camera {
	sky <0, 0.179814, -0.983701>
	up <0, 0.179814, -0.983701>
	right 1.6 * <1, 0, 0>
	location <25.469, 94.9851, 44.8844>
	look_at <25.469, 29.3977, 32.8955>
	direction <0, -65.5874, -11.9889>
	angle 67.0682
}


# declare cpy_camera_pos = <25.469, 94.9851, 44.8844>;
# if (DRAW_FOG = 1)
fog {
	fog_type 2
	up vnormalize(cpy_camera_pos)
	color rgbt<1,1,1,0.3>
	distance 1e-5
	fog_alt 3e-3
	fog_offset 28
}
# end


// LIGHTS

# declare lum = 6;
global_settings {
	ambient_light rgb lum * <0.05, 0.05, 0.05>
	max_trace_level 15
}# declare cpy_direct_light_amount = 0.25;
light_source
{	1000 * <-1, -1.16351, -0.803887>,
	rgb lum * cpy_direct_light_amount
	parallel
}

light_source
{	1000 * <1, 1.16351, 0.803887>,
	rgb lum * cpy_direct_light_amount
	parallel
}

// strand 0

// nucleotide -1

// particle -1
sphere {
	<4.440996, 14.817959, 14.968197> 0.250000
	pigment { color rgbt <1,0,0,0> }
	no_shadow
}
cylinder {
	<4.093461, 14.939066, 15.124888>,  <3.884939, 15.011730, 15.218904>, 0.100000
	pigment { color rgbt <1,0,0,0> }
	no_shadow
}
cylinder {
	<4.093461, 14.939066, 15.124888>,  <4.440996, 14.817959, 14.968197>, 0.100000
	pigment { color rgbt <1,0,0,0> }
	no_shadow
}

// particle -1
sphere {
	<4.093461, 14.939066, 15.124888> 0.100000
	pigment { color rgbt <1,0,0,0> }
	no_shadow
}
sphere {
	0, 1
	scale<0.080000,0.200000,0.300000>
	matrix <-0.101213, 0.665892, -0.739151,
		-0.484641, -0.681851, -0.547908,
		-0.868838, 0.302767, 0.391730,
		3.832809, 15.029896, 15.242408>
	pigment { color rgbt <0,1,1,0> }
	no_shadow
}
cylinder {
	<5.164742, 14.972756, 15.300017>,  <4.440996, 14.817959, 14.968197>, 0.130000
	pigment { color rgbt <1,0,0,0> }
	no_shadow
}

// nucleotide -1

// particle -1
sphere {
	<5.164742, 14.972756, 15.300017> 0.250000
	pigment { color rgbt <1,0,0,0> }
	no_shadow
}
cylinder {
	<5.146678, 14.573905, 15.324335>,  <5.135840, 14.334594, 15.338926>, 0.100000
	pigment { color rgbt <1,0,0,0> }
	no_shadow
}
cylinder {
	<5.146678, 14.573905, 15.324335>,  <5.164742, 14.972756, 15.300017>, 0.100000
	pigment { color rgbt <1,0,0,0> }
	no_shadow
}

// particle -1
sphere {
	<5.146678, 14.573905, 15.324335> 0.100000
	pigment { color rgbt <1,0,0,0> }
	no_shadow
}
sphere {
	0, 1
	scale<0.080000,0.200000,0.300000>
	matrix <0.980758, -0.055823, -0.187078,
		0.189934, 0.051178, 0.980462,
		-0.045158, -0.997128, 0.060796,
		5.133131, 14.274767, 15.342574>
	pigment { color rgbt <0,1,1,0> }
	no_shadow
}
cylinder {
	<5.681108, 14.811954, 15.825727>,  <5.164742, 14.972756, 15.300017>, 0.130000
	pigment { color rgbt <1,0,0,0> }
	no_shadow
}

// nucleotide -1

// particle -1
sphere {
	<5.681108, 14.811954, 15.825727> 0.250000
	pigment { color rgbt <1,0,0,0> }
	no_shadow
}
cylinder {
	<5.645075, 14.520419, 15.554233>,  <5.623455, 14.345498, 15.391335>, 0.100000
	pigment { color rgbt <1,0,0,0> }
	no_shadow
}
cylinder {
	<5.645075, 14.520419, 15.554233>,  <5.681108, 14.811954, 15.825727>, 0.100000
	pigment { color rgbt <1,0,0,0> }
	no_shadow
}

// particle -1
sphere {
	<5.645075, 14.520419, 15.554233> 0.100000
	pigment { color rgbt <1,0,0,0> }
	no_shadow
}
sphere {
	0, 1
	scale<0.080000,0.200000,0.300000>
	matrix <0.990867, 0.003076, -0.134811,
		0.100343, -0.684681, 0.721902,
		-0.090082, -0.728836, -0.678737,
		5.618050, 14.301768, 15.350612>
	pigment { color rgbt <0,1,1,0> }
	no_shadow
}
cylinder {
	<6.353792, 14.506546, 16.235153>,  <5.681108, 14.811954, 15.825727>, 0.130000
	pigment { color rgbt <1,0,0,0> }
	no_shadow
}

// nucleotide -1

// particle -1
sphere {
	<6.353792, 14.506546, 16.235153> 0.250000
	pigment { color rgbt <1,0,0,0> }
	no_shadow
}
cylinder {
	<6.694597, 14.631125, 16.066832>,  <6.899079, 14.705873, 15.965838>, 0.100000
	pigment { color rgbt <1,0,0,0> }
	no_shadow
}
cylinder {
	<6.694597, 14.631125, 16.066832>,  <6.353792, 14.506546, 16.235153>, 0.100000
	pigment { color rgbt <1,0,0,0> }
	no_shadow
}

// particle -1
sphere {
	<6.694597, 14.631125, 16.066832> 0.100000
	pigment { color rgbt <1,0,0,0> }
	no_shadow
}
sphere {
	0, 1
	scale<0.080000,0.200000,0.300000>
	matrix <0.191589, -0.933528, -0.303017,
		-0.487206, 0.177553, -0.855047,
		0.852012, 0.311450, -0.420803,
		6.950200, 14.724561, 15.940591>
	pigment { color rgbt <0,1,1,0> }
	no_shadow
}
cylinder {
	<6.345607, 14.173768, 15.605354>,  <6.353792, 14.506546, 16.235153>, 0.130000
	pigment { color rgbt <1,0,0,0> }
	no_shadow
}

// nucleotide -1

// particle -1
sphere {
	<6.345607, 14.173768, 15.605354> 0.250000
	pigment { color rgbt <1,0,0,0> }
	no_shadow
}
cylinder {
	<6.732084, 14.231537, 15.690784>,  <6.963970, 14.266198, 15.742043>, 0.100000
	pigment { color rgbt <1,0,0,0> }
	no_shadow
}
cylinder {
	<6.732084, 14.231537, 15.690784>,  <6.345607, 14.173768, 15.605354>, 0.100000
	pigment { color rgbt <1,0,0,0> }
	no_shadow
}

// particle -1
sphere {
	<6.732084, 14.231537, 15.690784> 0.100000
	pigment { color rgbt <1,0,0,0> }
	no_shadow
}
sphere {
	0, 1
	scale<0.080000,0.200000,0.300000>
	matrix <0.202689, -0.937451, -0.283023,
		0.159341, 0.316744, -0.935031,
		0.966192, 0.144423, 0.213575,
		7.021942, 14.274864, 15.754857>
	pigment { color rgbt <0,1,1,0> }
	no_shadow
}
cylinder {
	<6.837345, 14.008821, 14.998388>,  <6.345607, 14.173768, 15.605354>, 0.130000
	pigment { color rgbt <1,0,0,0> }
	no_shadow
}

// nucleotide -1

// particle -1
sphere {
	<6.837345, 14.008821, 14.998388> 0.250000
	pigment { color rgbt <1,0,0,0> }
	no_shadow
}
cylinder {
	<7.047948, 13.986354, 15.337713>,  <7.174311, 13.972873, 15.541308>, 0.100000
	pigment { color rgbt <1,0,0,0> }
	no_shadow
}
cylinder {
	<7.047948, 13.986354, 15.337713>,  <6.837345, 14.008821, 14.998388>, 0.100000
	pigment { color rgbt <1,0,0,0> }
	no_shadow
}

// particle -1
sphere {
	<7.047948, 13.986354, 15.337713> 0.100000
	pigment { color rgbt <1,0,0,0> }
	no_shadow
}
sphere {
	0, 1
	scale<0.080000,0.200000,0.300000>
	matrix <0.018944, -0.996792, -0.077758,
		0.849958, 0.057011, -0.523756,
		0.526509, -0.056169, 0.848312,
		7.205901, 13.969503, 15.592207>
	pigment { color rgbt <0,1,1,0> }
	no_shadow
}
cylinder {
	<7.358868, 13.446960, 14.883688>,  <6.837345, 14.008821, 14.998388>, 0.130000
	pigment { color rgbt <1,0,0,0> }
	no_shadow
}

// nucleotide -1

// particle -1
sphere {
	<7.358868, 13.446960, 14.883688> 0.250000
	pigment { color rgbt <1,0,0,0> }
	no_shadow
}
cylinder {
	<7.327136, 13.489126, 15.280191>,  <7.308096, 13.514426, 15.518093>, 0.100000
	pigment { color rgbt <1,0,0,0> }
	no_shadow
}
cylinder {
	<7.327136, 13.489126, 15.280191>,  <7.358868, 13.446960, 14.883688>, 0.100000
	pigment { color rgbt <1,0,0,0> }
	no_shadow
}

// particle -1
sphere {
	<7.327136, 13.489126, 15.280191> 0.100000
	pigment { color rgbt <1,0,0,0> }
	no_shadow
}
sphere {
	0, 1
	scale<0.080000,0.200000,0.300000>
	matrix <0.020869, -0.993999, 0.107377,
		0.996630, 0.029205, 0.076655,
		-0.079331, 0.105415, 0.991259,
		7.303336, 13.520751, 15.577569>
	pigment { color rgbt <0,1,1,0> }
	no_shadow
}
cylinder {
	<7.939296, 13.110888, 15.166577>,  <7.358868, 13.446960, 14.883688>, 0.130000
	pigment { color rgbt <1,0,0,0> }
	no_shadow
}

// nucleotide -1

// particle -1
sphere {
	<7.939296, 13.110888, 15.166577> 0.250000
	pigment { color rgbt <1,0,0,0> }
	no_shadow
}
cylinder {
	<7.654325, 13.131536, 15.446516>,  <7.483343, 13.143924, 15.614479>, 0.100000
	pigment { color rgbt <1,0,0,0> }
	no_shadow
}
cylinder {
	<7.654325, 13.131536, 15.446516>,  <7.939296, 13.110888, 15.166577>, 0.100000
	pigment { color rgbt <1,0,0,0> }
	no_shadow
}

// particle -1
sphere {
	<7.654325, 13.131536, 15.446516> 0.100000
	pigment { color rgbt <1,0,0,0> }
	no_shadow
}
sphere {
	0, 1
	scale<0.080000,0.200000,0.300000>
	matrix <0.218353, -0.931479, 0.290978,
		0.666912, 0.360114, 0.652339,
		-0.712426, 0.051617, 0.699847,
		7.440598, 13.147020, 15.656470>
	pigment { color rgbt <0,1,1,0> }
	no_shadow
}
cylinder {
	<8.162940, 12.867095, 15.724732>,  <7.939296, 13.110888, 15.166577>, 0.130000
	pigment { color rgbt <1,0,0,0> }
	no_shadow
}

// nucleotide -1

// particle -1
sphere {
	<8.162940, 12.867095, 15.724732> 0.250000
	pigment { color rgbt <1,0,0,0> }
	no_shadow
}
cylinder {
	<7.770667, 12.798472, 15.762311>,  <7.535302, 12.757298, 15.784858>, 0.100000
	pigment { color rgbt <1,0,0,0> }
	no_shadow
}
cylinder {
	<7.770667, 12.798472, 15.762311>,  <8.162940, 12.867095, 15.724732>, 0.100000
	pigment { color rgbt <1,0,0,0> }
	no_shadow
}

// particle -1
sphere {
	<7.770667, 12.798472, 15.762311> 0.100000
	pigment { color rgbt <1,0,0,0> }
	no_shadow
}
sphere {
	0, 1
	scale<0.080000,0.200000,0.300000>
	matrix <0.194003, -0.914318, 0.355507,
		0.024906, 0.366866, 0.929940,
		-0.980685, -0.171557, 0.093945,
		7.476461, 12.747005, 15.790495>
	pigment { color rgbt <0,1,1,0> }
	no_shadow
}
cylinder {
	<8.128883, 12.338523, 16.174593>,  <8.162940, 12.867095, 15.724732>, 0.130000
	pigment { color rgbt <1,0,0,0> }
	no_shadow
}

// nucleotide -1

// particle -1
sphere {
	<8.128883, 12.338523, 16.174593> 0.250000
	pigment { color rgbt <1,0,0,0> }
	no_shadow
}
cylinder {
	<7.762158, 12.336039, 16.014887>,  <7.542122, 12.334548, 15.919063>, 0.100000
	pigment { color rgbt <1,0,0,0> }
	no_shadow
}
cylinder {
	<7.762158, 12.336039, 16.014887>,  <8.128883, 12.338523, 16.174593>, 0.100000
	pigment { color rgbt <1,0,0,0> }
	no_shadow
}

// particle -1
sphere {
	<7.762158, 12.336039, 16.014887> 0.100000
	pigment { color rgbt <1,0,0,0> }
	no_shadow
}
sphere {
	0, 1
	scale<0.080000,0.200000,0.300000>
	matrix <-0.075950, -0.978914, 0.189630,
		-0.392025, 0.204180, 0.897010,
		-0.916814, -0.006212, -0.399266,
		7.487114, 12.334175, 15.895107>
	pigment { color rgbt <0,1,1,0> }
	no_shadow
}
cylinder {
	<7.872191, 11.855517, 16.628254>,  <8.128883, 12.338523, 16.174593>, 0.130000
	pigment { color rgbt <1,0,0,0> }
	no_shadow
}

// nucleotide -1

// particle -1
sphere {
	<7.872191, 11.855517, 16.628254> 0.250000
	pigment { color rgbt <1,0,0,0> }
	no_shadow
}
cylinder {
	<7.631590, 11.882704, 16.309864>,  <7.487230, 11.899015, 16.118830>, 0.100000
	pigment { color rgbt <1,0,0,0> }
	no_shadow
}
cylinder {
	<7.631590, 11.882704, 16.309864>,  <7.872191, 11.855517, 16.628254>, 0.100000
	pigment { color rgbt <1,0,0,0> }
	no_shadow
}

// particle -1
sphere {
	<7.631590, 11.882704, 16.309864> 0.100000
	pigment { color rgbt <1,0,0,0> }
	no_shadow
}
sphere {
	0, 1
	scale<0.080000,0.200000,0.300000>
	matrix <-0.184348, -0.981292, 0.055519,
		-0.777309, 0.180131, 0.602779,
		-0.601503, 0.067965, -0.795974,
		7.451139, 11.903093, 16.071072>
	pigment { color rgbt <0,1,1,0> }
	no_shadow
}
cylinder {
	<7.235499, 11.657207, 16.837210>,  <7.872191, 11.855517, 16.628254>, 0.130000
	pigment { color rgbt <1,0,0,0> }
	no_shadow
}

// nucleotide -1

// particle -1
sphere {
	<7.235499, 11.657207, 16.837210> 0.250000
	pigment { color rgbt <1,0,0,0> }
	no_shadow
}
cylinder {
	<7.212675, 11.608724, 16.440815>,  <7.198981, 11.579634, 16.202978>, 0.100000
	pigment { color rgbt <1,0,0,0> }
	no_shadow
}
cylinder {
	<7.212675, 11.608724, 16.440815>,  <7.235499, 11.657207, 16.837210>, 0.100000
	pigment { color rgbt <1,0,0,0> }
	no_shadow
}

// particle -1
sphere {
	<7.212675, 11.608724, 16.440815> 0.100000
	pigment { color rgbt <1,0,0,0> }
	no_shadow
}
sphere {
	0, 1
	scale<0.080000,0.200000,0.300000>
	matrix <-0.278624, -0.951231, 0.132390,
		-0.958704, 0.283666, 0.020504,
		-0.057059, -0.121210, -0.990986,
		7.195558, 11.572361, 16.143518>
	pigment { color rgbt <0,1,1,0> }
	no_shadow
}
cylinder {
	<6.606673, 11.363545, 16.728939>,  <7.235499, 11.657207, 16.837210>, 0.130000
	pigment { color rgbt <1,0,0,0> }
	no_shadow
}

// nucleotide -1

// particle -1
sphere {
	<6.606673, 11.363545, 16.728939> 0.250000
	pigment { color rgbt <1,0,0,0> }
	no_shadow
}
cylinder {
	<6.814878, 11.259744, 16.403553>,  <6.939800, 11.197463, 16.208321>, 0.100000
	pigment { color rgbt <1,0,0,0> }
	no_shadow
}
cylinder {
	<6.814878, 11.259744, 16.403553>,  <6.606673, 11.363545, 16.728939>, 0.100000
	pigment { color rgbt <1,0,0,0> }
	no_shadow
}

// particle -1
sphere {
	<6.814878, 11.259744, 16.403553> 0.100000
	pigment { color rgbt <1,0,0,0> }
	no_shadow
}
sphere {
	0, 1
	scale<0.080000,0.200000,0.300000>
	matrix <-0.335097, -0.938348, 0.084926,
		-0.785353, 0.228385, -0.575380,
		0.520511, -0.259505, -0.813465,
		6.971031, 11.181892, 16.159513>
	pigment { color rgbt <0,1,1,0> }
	no_shadow
}
cylinder {
	<6.190804, 10.847399, 16.368366>,  <6.606673, 11.363545, 16.728939>, 0.130000
	pigment { color rgbt <1,0,0,0> }
	no_shadow
}

// nucleotide -1

// particle -1
sphere {
	<6.190804, 10.847399, 16.368366> 0.250000
	pigment { color rgbt <1,0,0,0> }
	no_shadow
}
cylinder {
	<6.557911, 10.813751, 16.213125>,  <6.778175, 10.793563, 16.119980>, 0.100000
	pigment { color rgbt <1,0,0,0> }
	no_shadow
}
cylinder {
	<6.557911, 10.813751, 16.213125>,  <6.190804, 10.847399, 16.368366>, 0.100000
	pigment { color rgbt <1,0,0,0> }
	no_shadow
}

// particle -1
sphere {
	<6.557911, 10.813751, 16.213125> 0.100000
	pigment { color rgbt <1,0,0,0> }
	no_shadow
}
sphere {
	0, 1
	scale<0.080000,0.200000,0.300000>
	matrix <-0.054502, -0.994741, 0.086716,
		-0.393357, -0.058433, -0.917527,
		0.917769, -0.084118, -0.388104,
		6.833241, 10.788516, 16.096695>
	pigment { color rgbt <0,1,1,0> }
	no_shadow
}
cylinder {
	<6.163264, 10.381100, 15.771836>,  <6.190804, 10.847399, 16.368366>, 0.130000
	pigment { color rgbt <1,0,0,0> }
	no_shadow
}

// nucleotide -1

// particle -1
sphere {
	<6.163264, 10.381100, 15.771836> 0.250000
	pigment { color rgbt <1,0,0,0> }
	no_shadow
}
cylinder {
	<6.537963, 10.391457, 15.911453>,  <6.762783, 10.397671, 15.995224>, 0.100000
	pigment { color rgbt <1,0,0,0> }
	no_shadow
}
cylinder {
	<6.537963, 10.391457, 15.911453>,  <6.163264, 10.381100, 15.771836>, 0.100000
	pigment { color rgbt <1,0,0,0> }
	no_shadow
}

// particle -1
sphere {
	<6.537963, 10.391457, 15.911453> 0.100000
	pigment { color rgbt <1,0,0,0> }
	no_shadow
}
sphere {
	0, 1
	scale<0.080000,0.200000,0.300000>
	matrix <0.022534, -0.999652, 0.013682,
		0.349276, -0.004951, -0.937007,
		0.936749, 0.025893, 0.349043,
		6.818988, 10.399224, 16.016167>
	pigment { color rgbt <0,1,1,0> }
	no_shadow
}
cylinder {
	<6.468753, 9.847393, 15.478161>,  <6.163264, 10.381100, 15.771836>, 0.130000
	pigment { color rgbt <1,0,0,0> }
	no_shadow
}

// nucleotide -1

// particle -1
sphere {
	<6.468753, 9.847393, 15.478161> 0.250000
	pigment { color rgbt <1,0,0,0> }
	no_shadow
}
cylinder {
	<6.744508, 9.908051, 15.761497>,  <6.909961, 9.944445, 15.931499>, 0.100000
	pigment { color rgbt <1,0,0,0> }
	no_shadow
}
cylinder {
	<6.744508, 9.908051, 15.761497>,  <6.468753, 9.847393, 15.478161>, 0.100000
	pigment { color rgbt <1,0,0,0> }
	no_shadow
}

// particle -1
sphere {
	<6.744508, 9.908051, 15.761497> 0.100000
	pigment { color rgbt <1,0,0,0> }
	no_shadow
}
sphere {
	0, 1
	scale<0.080000,0.200000,0.300000>
	matrix <0.077625, -0.987677, 0.135897,
		0.720221, -0.038700, -0.692664,
		0.689388, 0.151644, 0.708342,
		6.951324, 9.953544, 15.974000>
	pigment { color rgbt <0,1,1,0> }
	no_shadow
}
cylinder {
	<6.891247, 9.234498, 15.384020>,  <6.468753, 9.847393, 15.478161>, 0.130000
	pigment { color rgbt <1,0,0,0> }
	no_shadow
}

// nucleotide -1

// particle -1
sphere {
	<6.891247, 9.234498, 15.384020> 0.250000
	pigment { color rgbt <1,0,0,0> }
	no_shadow
}
cylinder {
	<7.037877, 9.359258, 15.734640>,  <7.125854, 9.434114, 15.945012>, 0.100000
	pigment { color rgbt <1,0,0,0> }
	no_shadow
}
cylinder {
	<7.037877, 9.359258, 15.734640>,  <6.891247, 9.234498, 15.384020>, 0.100000
	pigment { color rgbt <1,0,0,0> }
	no_shadow
}

// particle -1
sphere {
	<7.037877, 9.359258, 15.734640> 0.100000
	pigment { color rgbt <1,0,0,0> }
	no_shadow
}
sphere {
	0, 1
	scale<0.080000,0.200000,0.300000>
	matrix <0.146359, -0.949735, 0.276734,
		0.918805, 0.026848, -0.393798,
		0.366574, 0.311900, 0.876551,
		7.147849, 9.452827, 15.997605>
	pigment { color rgbt <0,1,1,0> }
	no_shadow
}
cylinder {
	<7.561152, 9.034575, 15.548737>,  <6.891247, 9.234498, 15.384020>, 0.130000
	pigment { color rgbt <1,0,0,0> }
	no_shadow
}

// nucleotide -1

// particle -1
sphere {
	<7.561152, 9.034575, 15.548737> 0.250000
	pigment { color rgbt <1,0,0,0> }
	no_shadow
}
cylinder {
	<7.399899, 9.093209, 15.910067>,  <7.303148, 9.128390, 16.126865>, 0.100000
	pigment { color rgbt <1,0,0,0> }
	no_shadow
}
cylinder {
	<7.399899, 9.093209, 15.910067>,  <7.561152, 9.034575, 15.548737>, 0.100000
	pigment { color rgbt <1,0,0,0> }
	no_shadow
}

// particle -1
sphere {
	<7.399899, 9.093209, 15.910067> 0.100000
	pigment { color rgbt <1,0,0,0> }
	no_shadow
}
sphere {
	0, 1
	scale<0.080000,0.200000,0.300000>
	matrix <0.242308, -0.934761, 0.259824,
		0.882481, 0.323626, 0.341311,
		-0.403130, 0.146588, 0.903326,
		7.278961, 9.137186, 16.181065>
	pigment { color rgbt <0,1,1,0> }
	no_shadow
}
cylinder {
	<8.010672, 8.716252, 16.014223>,  <7.561152, 9.034575, 15.548737>, 0.130000
	pigment { color rgbt <1,0,0,0> }
	no_shadow
}

// nucleotide -1

// particle -1
sphere {
	<8.010672, 8.716252, 16.014223> 0.250000
	pigment { color rgbt <1,0,0,0> }
	no_shadow
}
cylinder {
	<7.654432, 8.718440, 16.196127>,  <7.440689, 8.719752, 16.305269>, 0.100000
	pigment { color rgbt <1,0,0,0> }
	no_shadow
}
cylinder {
	<7.654432, 8.718440, 16.196127>,  <8.010672, 8.716252, 16.014223>, 0.100000
	pigment { color rgbt <1,0,0,0> }
	no_shadow
}

// particle -1
sphere {
	<7.654432, 8.718440, 16.196127> 0.100000
	pigment { color rgbt <1,0,0,0> }
	no_shadow
}
sphere {
	0, 1
	scale<0.080000,0.200000,0.300000>
	matrix <0.131078, -0.954410, 0.268179,
		0.435495, 0.298448, 0.849278,
		-0.890597, 0.005469, 0.454760,
		7.387253, 8.720080, 16.332556>
	pigment { color rgbt <0,1,1,0> }
	no_shadow
}
cylinder {
	<8.026139, 8.110206, 16.491573>,  <8.010672, 8.716252, 16.014223>, 0.130000
	pigment { color rgbt <1,0,0,0> }
	no_shadow
}

// nucleotide -1

// particle -1
sphere {
	<8.026139, 8.110206, 16.491573> 0.250000
	pigment { color rgbt <1,0,0,0> }
	no_shadow
}
cylinder {
	<7.637628, 8.203572, 16.510067>,  <7.404521, 8.259592, 16.521162>, 0.100000
	pigment { color rgbt <1,0,0,0> }
	no_shadow
}
cylinder {
	<7.637628, 8.203572, 16.510067>,  <8.026139, 8.110206, 16.491573>, 0.100000
	pigment { color rgbt <1,0,0,0> }
	no_shadow
}

// particle -1
sphere {
	<7.637628, 8.203572, 16.510067> 0.100000
	pigment { color rgbt <1,0,0,0> }
	no_shadow
}
sphere {
	0, 1
	scale<0.080000,0.200000,0.300000>
	matrix <-0.237950, -0.953205, -0.186496,
		0.000538, -0.192141, 0.981367,
		-0.971277, 0.233416, 0.046233,
		7.346245, 8.273597, 16.523937>
	pigment { color rgbt <0,1,1,0> }
	no_shadow
}
cylinder {
	<7.674124, 7.550209, 16.839762>,  <8.026139, 8.110206, 16.491573>, 0.130000
	pigment { color rgbt <1,0,0,0> }
	no_shadow
}

// nucleotide -1

// particle -1
sphere {
	<7.674124, 7.550209, 16.839762> 0.250000
	pigment { color rgbt <1,0,0,0> }
	no_shadow
}
cylinder {
	<7.377607, 7.744208, 16.654175>,  <7.199697, 7.860608, 16.542824>, 0.100000
	pigment { color rgbt <1,0,0,0> }
	no_shadow
}
cylinder {
	<7.377607, 7.744208, 16.654175>,  <7.674124, 7.550209, 16.839762>, 0.100000
	pigment { color rgbt <1,0,0,0> }
	no_shadow
}

// particle -1
sphere {
	<7.377607, 7.744208, 16.654175> 0.100000
	pigment { color rgbt <1,0,0,0> }
	no_shadow
}
sphere {
	0, 1
	scale<0.080000,0.200000,0.300000>
	matrix <-0.420702, -0.874370, -0.241840,
		-0.522969, 0.015917, 0.852203,
		-0.741292, 0.484998, -0.463965,
		7.155220, 7.889708, 16.514986>
	pigment { color rgbt <0,1,1,0> }
	no_shadow
}
cylinder {
	<6.932765, 7.359674, 17.113583>,  <7.674124, 7.550209, 16.839762>, 0.130000
	pigment { color rgbt <1,0,0,0> }
	no_shadow
}

// nucleotide -1

// particle -1
sphere {
	<6.932765, 7.359674, 17.113583> 0.250000
	pigment { color rgbt <1,0,0,0> }
	no_shadow
}
cylinder {
	<6.896432, 7.477215, 16.732973>,  <6.874632, 7.547740, 16.504606>, 0.100000
	pigment { color rgbt <1,0,0,0> }
	no_shadow
}
cylinder {
	<6.896432, 7.477215, 16.732973>,  <6.932765, 7.359674, 17.113583>, 0.100000
	pigment { color rgbt <1,0,0,0> }
	no_shadow
}

// particle -1
sphere {
	<6.896432, 7.477215, 16.732973> 0.100000
	pigment { color rgbt <1,0,0,0> }
	no_shadow
}
sphere {
	0, 1
	scale<0.080000,0.200000,0.300000>
	matrix <-0.439777, -0.869098, -0.226416,
		-0.893502, 0.397893, 0.208171,
		-0.090832, 0.293852, -0.951525,
		6.869183, 7.565371, 16.447515>
	pigment { color rgbt <0,1,1,0> }
	no_shadow
}
cylinder {
	<6.381637, 6.947387, 16.839933>,  <6.932765, 7.359674, 17.113583>, 0.130000
	pigment { color rgbt <1,0,0,0> }
	no_shadow
}

// nucleotide -1

// particle -1
sphere {
	<6.381637, 6.947387, 16.839933> 0.250000
	pigment { color rgbt <1,0,0,0> }
	no_shadow
}
cylinder {
	<6.505331, 7.126744, 16.504477>,  <6.579547, 7.234358, 16.303204>, 0.100000
	pigment { color rgbt <1,0,0,0> }
	no_shadow
}
cylinder {
	<6.505331, 7.126744, 16.504477>,  <6.381637, 6.947387, 16.839933>, 0.100000
	pigment { color rgbt <1,0,0,0> }
	no_shadow
}

// particle -1
sphere {
	<6.505331, 7.126744, 16.504477> 0.100000
	pigment { color rgbt <1,0,0,0> }
	no_shadow
}
sphere {
	0, 1
	scale<0.080000,0.200000,0.300000>
	matrix <-0.308682, -0.786788, -0.534490,
		-0.899494, 0.424156, -0.104893,
		0.309236, 0.448392, -0.838640,
		6.598102, 7.261261, 16.252884>
	pigment { color rgbt <0,1,1,0> }
	no_shadow
}
cylinder {
	<5.887907, 6.914739, 16.263142>,  <6.381637, 6.947387, 16.839933>, 0.130000
	pigment { color rgbt <1,0,0,0> }
	no_shadow
}

// nucleotide -1

// particle -1
sphere {
	<5.887907, 6.914739, 16.263142> 0.250000
	pigment { color rgbt <1,0,0,0> }
	no_shadow
}
cylinder {
	<6.233562, 6.972517, 16.070311>,  <6.440956, 7.007183, 15.954612>, 0.100000
	pigment { color rgbt <1,0,0,0> }
	no_shadow
}
cylinder {
	<6.233562, 6.972517, 16.070311>,  <5.887907, 6.914739, 16.263142>, 0.100000
	pigment { color rgbt <1,0,0,0> }
	no_shadow
}

// particle -1
sphere {
	<6.233562, 6.972517, 16.070311> 0.100000
	pigment { color rgbt <1,0,0,0> }
	no_shadow
}
sphere {
	0, 1
	scale<0.080000,0.200000,0.300000>
	matrix <-0.220017, -0.753093, -0.620035,
		-0.452609, 0.641862, -0.618998,
		0.864140, 0.144443, -0.482077,
		6.492805, 7.015850, 15.925688>
	pigment { color rgbt <0,1,1,0> }
	no_shadow
}
cylinder {
	<5.713988, 7.086926, 15.662093>,  <5.887907, 6.914739, 16.263142>, 0.130000
	pigment { color rgbt <1,0,0,0> }
	no_shadow
}

// nucleotide -1

// particle -1
sphere {
	<5.713988, 7.086926, 15.662093> 0.250000
	pigment { color rgbt <1,0,0,0> }
	no_shadow
}
cylinder {
	<6.079137, 6.931589, 15.611726>,  <6.298226, 6.838387, 15.581505>, 0.100000
	pigment { color rgbt <1,0,0,0> }
	no_shadow
}
cylinder {
	<6.079137, 6.931589, 15.611726>,  <5.713988, 7.086926, 15.662093>, 0.100000
	pigment { color rgbt <1,0,0,0> }
	no_shadow
}

// particle -1
sphere {
	<6.079137, 6.931589, 15.611726> 0.100000
	pigment { color rgbt <1,0,0,0> }
	no_shadow
}
sphere {
	0, 1
	scale<0.080000,0.200000,0.300000>
	matrix <-0.376587, -0.681934, -0.627015,
		0.157627, 0.619804, -0.768763,
		0.912872, -0.388340, -0.125919,
		6.352999, 6.815087, 15.573950>
	pigment { color rgbt <0,1,1,0> }
	no_shadow
}
cylinder {
	<5.726144, 6.663131, 14.981766>,  <5.713988, 7.086926, 15.662093>, 0.130000
	pigment { color rgbt <1,0,0,0> }
	no_shadow
}

// nucleotide -1

// particle -1
sphere {
	<5.726144, 6.663131, 14.981766> 0.250000
	pigment { color rgbt <1,0,0,0> }
	no_shadow
}
cylinder {
	<6.008518, 6.514019, 15.222660>,  <6.177943, 6.424551, 15.367197>, 0.100000
	pigment { color rgbt <1,0,0,0> }
	no_shadow
}
cylinder {
	<6.008518, 6.514019, 15.222660>,  <5.726144, 6.663131, 14.981766>, 0.100000
	pigment { color rgbt <1,0,0,0> }
	no_shadow
}

// particle -1
sphere {
	<6.008518, 6.514019, 15.222660> 0.100000
	pigment { color rgbt <1,0,0,0> }
	no_shadow
}
sphere {
	0, 1
	scale<0.080000,0.200000,0.300000>
	matrix <-0.260265, -0.927328, -0.268932,
		0.658723, 0.033108, -0.751657,
		0.705936, -0.372782, 0.602236,
		6.220299, 6.402184, 15.403331>
	pigment { color rgbt <0,1,1,0> }
	no_shadow
}
cylinder {
	<6.258016, 6.338815, 14.541769>,  <5.726144, 6.663131, 14.981766>, 0.130000
	pigment { color rgbt <1,0,0,0> }
	no_shadow
}

// nucleotide -1

// particle -1
sphere {
	<6.258016, 6.338815, 14.541769> 0.250000
	pigment { color rgbt <1,0,0,0> }
	no_shadow
}
cylinder {
	<6.257627, 6.159150, 14.899149>,  <6.257393, 6.051351, 15.113577>, 0.100000
	pigment { color rgbt <1,0,0,0> }
	no_shadow
}
cylinder {
	<6.257627, 6.159150, 14.899149>,  <6.258016, 6.338815, 14.541769>, 0.100000
	pigment { color rgbt <1,0,0,0> }
	no_shadow
}

// particle -1
sphere {
	<6.257627, 6.159150, 14.899149> 0.100000
	pigment { color rgbt <1,0,0,0> }
	no_shadow
}
sphere {
	0, 1
	scale<0.080000,0.200000,0.300000>
	matrix <-0.346775, -0.837859, -0.421593,
		0.937948, -0.310236, -0.154942,
		-0.000974, -0.449162, 0.893450,
		6.257334, 6.024401, 15.167184>
	pigment { color rgbt <0,1,1,0> }
	no_shadow
}
cylinder {
	<6.313028, 6.653193, 13.888005>,  <6.258016, 6.338815, 14.541769>, 0.130000
	pigment { color rgbt <1,0,0,0> }
	no_shadow
}

// nucleotide -1

// particle -1
sphere {
	<6.313028, 6.653193, 13.888005> 0.250000
	pigment { color rgbt <1,0,0,0> }
	no_shadow
}
cylinder {
	<6.346942, 6.260192, 13.954335>,  <6.367291, 6.024391, 13.994133>, 0.100000
	pigment { color rgbt <1,0,0,0> }
	no_shadow
}
cylinder {
	<6.346942, 6.260192, 13.954335>,  <6.313028, 6.653193, 13.888005>, 0.100000
	pigment { color rgbt <1,0,0,0> }
	no_shadow
}

// particle -1
sphere {
	<6.346942, 6.260192, 13.954335> 0.100000
	pigment { color rgbt <1,0,0,0> }
	no_shadow
}
sphere {
	0, 1
	scale<0.080000,0.200000,0.300000>
	matrix <-0.985232, -0.107514, -0.133260,
		0.148757, -0.152078, -0.977110,
		0.084787, -0.982504, 0.165825,
		6.372378, 5.965441, 14.004083>
	pigment { color rgbt <0,1,1,0> }
	no_shadow
}
cylinder {
	<6.809099, 6.710729, 13.190247>,  <6.313028, 6.653193, 13.888005>, 0.130000
	pigment { color rgbt <1,0,0,0> }
	no_shadow
}

// nucleotide -1

// particle -1
sphere {
	<6.809099, 6.710729, 13.190247> 0.250000
	pigment { color rgbt <1,0,0,0> }
	no_shadow
}
cylinder {
	<7.002892, 7.015806, 13.361629>,  <7.119169, 7.198853, 13.464458>, 0.100000
	pigment { color rgbt <1,0,0,0> }
	no_shadow
}
cylinder {
	<7.002892, 7.015806, 13.361629>,  <6.809099, 6.710729, 13.190247>, 0.100000
	pigment { color rgbt <1,0,0,0> }
	no_shadow
}

// particle -1
sphere {
	<7.002892, 7.015806, 13.361629> 0.100000
	pigment { color rgbt <1,0,0,0> }
	no_shadow
}
sphere {
	0, 1
	scale<0.080000,0.200000,0.300000>
	matrix <-0.347703, -0.281537, 0.894337,
		0.802731, -0.582268, 0.128791,
		0.484484, 0.762694, 0.428455,
		7.148238, 7.244614, 13.490165>
	pigment { color rgbt <0,1,1,0> }
	no_shadow
}
cylinder {
	<7.098069, 6.350371, 13.737645>,  <6.809099, 6.710729, 13.190247>, 0.130000
	pigment { color rgbt <1,0,0,0> }
	no_shadow
}

// nucleotide -1

// particle -1
sphere {
	<7.098069, 6.350371, 13.737645> 0.250000
	pigment { color rgbt <1,0,0,0> }
	no_shadow
}
cylinder {
	<7.048388, 6.745254, 13.777637>,  <7.018579, 6.982183, 13.801632>, 0.100000
	pigment { color rgbt <1,0,0,0> }
	no_shadow
}
cylinder {
	<7.048388, 6.745254, 13.777637>,  <7.098069, 6.350371, 13.737645>, 0.100000
	pigment { color rgbt <1,0,0,0> }
	no_shadow
}

// particle -1
sphere {
	<7.048388, 6.745254, 13.777637> 0.100000
	pigment { color rgbt <1,0,0,0> }
	no_shadow
}
sphere {
	0, 1
	scale<0.080000,0.200000,0.300000>
	matrix <-0.459805, -0.146550, 0.875844,
		0.879291, 0.062811, 0.472124,
		-0.124202, 0.987207, 0.099979,
		7.011127, 7.041416, 13.807631>
	pigment { color rgbt <0,1,1,0> }
	no_shadow
}
cylinder {
	<7.867633, 6.506404, 13.546053>,  <7.098069, 6.350371, 13.737645>, 0.130000
	pigment { color rgbt <1,0,0,0> }
	no_shadow
}

// nucleotide -1

// particle -1
sphere {
	<7.867633, 6.506404, 13.546053> 0.250000
	pigment { color rgbt <1,0,0,0> }
	no_shadow
}
cylinder {
	<7.644928, 6.402289, 13.861588>,  <7.511305, 6.339820, 14.050908>, 0.100000
	pigment { color rgbt <1,0,0,0> }
	no_shadow
}
cylinder {
	<7.644928, 6.402289, 13.861588>,  <7.867633, 6.506404, 13.546053>, 0.100000
	pigment { color rgbt <1,0,0,0> }
	no_shadow
}

// particle -1
sphere {
	<7.644928, 6.402289, 13.861588> 0.100000
	pigment { color rgbt <1,0,0,0> }
	no_shadow
}
sphere {
	0, 1
	scale<0.080000,0.200000,0.300000>
	matrix <0.815809, 0.007493, 0.578273,
		-0.156429, 0.965502, 0.208174,
		-0.556764, -0.260288, 0.788837,
		7.477899, 6.324203, 14.098239>
	pigment { color rgbt <0,1,1,0> }
	no_shadow
}
cylinder {
	<7.781752, 7.032345, 14.028887>,  <7.867633, 6.506404, 13.546053>, 0.130000
	pigment { color rgbt <1,0,0,0> }
	no_shadow
}

// nucleotide -1

// particle -1
sphere {
	<7.781752, 7.032345, 14.028887> 0.250000
	pigment { color rgbt <1,0,0,0> }
	no_shadow
}
cylinder {
	<7.783938, 6.664923, 14.186988>,  <7.785250, 6.444469, 14.281848>, 0.100000
	pigment { color rgbt <1,0,0,0> }
	no_shadow
}
cylinder {
	<7.783938, 6.664923, 14.186988>,  <7.781752, 7.032345, 14.028887>, 0.100000
	pigment { color rgbt <1,0,0,0> }
	no_shadow
}

// particle -1
sphere {
	<7.783938, 6.664923, 14.186988> 0.100000
	pigment { color rgbt <1,0,0,0> }
	no_shadow
}
sphere {
	0, 1
	scale<0.080000,0.200000,0.300000>
	matrix <0.955321, 0.121606, 0.269397,
		-0.295521, 0.376119, 0.878181,
		0.005466, -0.918557, 0.395252,
		7.785578, 6.389356, 14.305563>
	pigment { color rgbt <0,1,1,0> }
	no_shadow
}
cylinder {
	<8.227098, 7.067531, 14.706907>,  <7.781752, 7.032345, 14.028887>, 0.130000
	pigment { color rgbt <1,0,0,0> }
	no_shadow
}

// nucleotide -1

// particle -1
sphere {
	<8.227098, 7.067531, 14.706907> 0.250000
	pigment { color rgbt <1,0,0,0> }
	no_shadow
}
cylinder {
	<8.202635, 6.678255, 14.618221>,  <8.187957, 6.444689, 14.565009>, 0.100000
	pigment { color rgbt <1,0,0,0> }
	no_shadow
}
cylinder {
	<8.202635, 6.678255, 14.618221>,  <8.227098, 7.067531, 14.706907>, 0.100000
	pigment { color rgbt <1,0,0,0> }
	no_shadow
}

// particle -1
sphere {
	<8.202635, 6.678255, 14.618221> 0.100000
	pigment { color rgbt <1,0,0,0> }
	no_shadow
}
sphere {
	0, 1
	scale<0.080000,0.200000,0.300000>
	matrix <0.968514, -0.111571, 0.222560,
		-0.241331, -0.201123, 0.949373,
		-0.061160, -0.973191, -0.221715,
		8.184287, 6.386297, 14.551706>
	pigment { color rgbt <0,1,1,0> }
	no_shadow
}
cylinder {
	<8.451477, 6.721773, 15.320121>,  <8.227098, 7.067531, 14.706907>, 0.130000
	pigment { color rgbt <1,0,0,0> }
	no_shadow
}

// nucleotide -1

// particle -1
sphere {
	<8.451477, 6.721773, 15.320121> 0.250000
	pigment { color rgbt <1,0,0,0> }
	no_shadow
}
cylinder {
	<8.555969, 6.518901, 14.991602>,  <8.618665, 6.397178, 14.794491>, 0.100000
	pigment { color rgbt <1,0,0,0> }
	no_shadow
}
cylinder {
	<8.555969, 6.518901, 14.991602>,  <8.451477, 6.721773, 15.320121>, 0.100000
	pigment { color rgbt <1,0,0,0> }
	no_shadow
}

// particle -1
sphere {
	<8.555969, 6.518901, 14.991602> 0.100000
	pigment { color rgbt <1,0,0,0> }
	no_shadow
}
sphere {
	0, 1
	scale<0.080000,0.200000,0.300000>
	matrix <0.898994, -0.182017, 0.398345,
		-0.351522, -0.842401, 0.408403,
		0.261230, -0.507180, -0.821296,
		8.634338, 6.366747, 14.745213>
	pigment { color rgbt <0,1,1,0> }
	no_shadow
}
cylinder {
	<9.151649, 6.800163, 15.543200>,  <8.451477, 6.721773, 15.320121>, 0.130000
	pigment { color rgbt <1,0,0,0> }
	no_shadow
}

// nucleotide -1

// particle -1
sphere {
	<9.151649, 6.800163, 15.543200> 0.250000
	pigment { color rgbt <1,0,0,0> }
	no_shadow
}
cylinder {
	<9.004838, 6.879679, 15.179711>,  <8.916752, 6.927388, 14.961618>, 0.100000
	pigment { color rgbt <1,0,0,0> }
	no_shadow
}
cylinder {
	<9.004838, 6.879679, 15.179711>,  <9.151649, 6.800163, 15.543200>, 0.100000
	pigment { color rgbt <1,0,0,0> }
	no_shadow
}

// particle -1
sphere {
	<9.004838, 6.879679, 15.179711> 0.100000
	pigment { color rgbt <1,0,0,0> }
	no_shadow
}
sphere {
	0, 1
	scale<0.080000,0.200000,0.300000>
	matrix <0.457331, 0.889242, 0.009816,
		0.810025, -0.411984, -0.417288,
		-0.367026, 0.198790, -0.908721,
		8.894731, 6.939316, 14.907095>
	pigment { color rgbt <0,1,1,0> }
	no_shadow
}
cylinder {
	<9.721305, 7.054438, 15.211368>,  <9.151649, 6.800163, 15.543200>, 0.130000
	pigment { color rgbt <1,0,0,0> }
	no_shadow
}

// nucleotide -1

// particle -1
sphere {
	<9.721305, 7.054438, 15.211368> 0.250000
	pigment { color rgbt <1,0,0,0> }
	no_shadow
}
cylinder {
	<9.388644, 7.186728, 15.032940>,  <9.189048, 7.266102, 14.925883>, 0.100000
	pigment { color rgbt <1,0,0,0> }
	no_shadow
}
cylinder {
	<9.388644, 7.186728, 15.032940>,  <9.721305, 7.054438, 15.211368>, 0.100000
	pigment { color rgbt <1,0,0,0> }
	no_shadow
}

// particle -1
sphere {
	<9.388644, 7.186728, 15.032940> 0.100000
	pigment { color rgbt <1,0,0,0> }
	no_shadow
}
sphere {
	0, 1
	scale<0.080000,0.200000,0.300000>
	matrix <0.421388, 0.899029, -0.119077,
		0.361649, -0.286999, -0.887041,
		-0.831651, 0.330724, -0.446070,
		9.139149, 7.285945, 14.899118>
	pigment { color rgbt <0,1,1,0> }
	no_shadow
}
cylinder {
	<9.918862, 7.416704, 14.596999>,  <9.721305, 7.054438, 15.211368>, 0.130000
	pigment { color rgbt <1,0,0,0> }
	no_shadow
}

// nucleotide -1

// particle -1
sphere {
	<9.918862, 7.416704, 14.596999> 0.250000
	pigment { color rgbt <1,0,0,0> }
	no_shadow
}
cylinder {
	<9.555579, 7.555241, 14.690982>,  <9.337609, 7.638363, 14.747372>, 0.100000
	pigment { color rgbt <1,0,0,0> }
	no_shadow
}
cylinder {
	<9.555579, 7.555241, 14.690982>,  <9.918862, 7.416704, 14.596999>, 0.100000
	pigment { color rgbt <1,0,0,0> }
	no_shadow
}

// particle -1
sphere {
	<9.555579, 7.555241, 14.690982> 0.100000
	pigment { color rgbt <1,0,0,0> }
	no_shadow
}
sphere {
	0, 1
	scale<0.080000,0.200000,0.300000>
	matrix <0.278059, 0.918926, -0.279747,
		-0.312795, -0.188736, -0.930880,
		-0.908208, 0.346343, 0.234956,
		9.283116, 7.659144, 14.761469>
	pigment { color rgbt <0,1,1,0> }
	no_shadow
}
cylinder {
	<9.817278, 7.957737, 14.102928>,  <9.918862, 7.416704, 14.596999>, 0.130000
	pigment { color rgbt <1,0,0,0> }
	no_shadow
}

// nucleotide -1

// particle -1
sphere {
	<9.817278, 7.957737, 14.102928> 0.250000
	pigment { color rgbt <1,0,0,0> }
	no_shadow
}
cylinder {
	<9.537823, 8.046126, 14.375127>,  <9.370150, 8.099159, 14.538446>, 0.100000
	pigment { color rgbt <1,0,0,0> }
	no_shadow
}
cylinder {
	<9.537823, 8.046126, 14.375127>,  <9.817278, 7.957737, 14.102928>, 0.100000
	pigment { color rgbt <1,0,0,0> }
	no_shadow
}

// particle -1
sphere {
	<9.537823, 8.046126, 14.375127> 0.100000
	pigment { color rgbt <1,0,0,0> }
	no_shadow
}
sphere {
	0, 1
	scale<0.080000,0.200000,0.300000>
	matrix <0.100712, 0.972015, -0.212237,
		-0.708352, -0.079743, -0.701341,
		-0.698638, 0.220972, 0.680497,
		9.328231, 8.112418, 14.579276>
	pigment { color rgbt <0,1,1,0> }
	no_shadow
}
cylinder {
	<9.451901, 8.500912, 13.787312>,  <9.817278, 7.957737, 14.102928>, 0.130000
	pigment { color rgbt <1,0,0,0> }
	no_shadow
}

// nucleotide -1

// particle -1
sphere {
	<9.451901, 8.500912, 13.787312> 0.250000
	pigment { color rgbt <1,0,0,0> }
	no_shadow
}
cylinder {
	<9.356742, 8.505921, 14.175796>,  <9.299646, 8.508927, 14.408886>, 0.100000
	pigment { color rgbt <1,0,0,0> }
	no_shadow
}
cylinder {
	<9.356742, 8.505921, 14.175796>,  <9.451901, 8.500912, 13.787312>, 0.100000
	pigment { color rgbt <1,0,0,0> }
	no_shadow
}

// particle -1
sphere {
	<9.356742, 8.505921, 14.175796> 0.100000
	pigment { color rgbt <1,0,0,0> }
	no_shadow
}
sphere {
	0, 1
	scale<0.080000,0.200000,0.300000>
	matrix <0.016311, 0.999827, -0.008898,
		-0.971153, 0.013725, -0.238062,
		-0.237899, 0.012524, 0.971209,
		9.285372, 8.509679, 14.467158>
	pigment { color rgbt <0,1,1,0> }
	no_shadow
}
cylinder {
	<8.896958, 9.059446, 13.816192>,  <9.451901, 8.500912, 13.787312>, 0.130000
	pigment { color rgbt <1,0,0,0> }
	no_shadow
}

// nucleotide -1

// particle -1
sphere {
	<8.896958, 9.059446, 13.816192> 0.250000
	pigment { color rgbt <1,0,0,0> }
	no_shadow
}
cylinder {
	<9.066278, 8.987713, 14.171417>,  <9.167871, 8.944673, 14.384553>, 0.100000
	pigment { color rgbt <1,0,0,0> }
	no_shadow
}
cylinder {
	<9.066278, 8.987713, 14.171417>,  <8.896958, 9.059446, 13.816192>, 0.100000
	pigment { color rgbt <1,0,0,0> }
	no_shadow
}

// particle -1
sphere {
	<9.066278, 8.987713, 14.171417> 0.100000
	pigment { color rgbt <1,0,0,0> }
	no_shadow
}
sphere {
	0, 1
	scale<0.080000,0.200000,0.300000>
	matrix <0.215701, 0.971976, 0.093463,
		-0.879938, 0.151993, 0.450119,
		0.423300, -0.179333, 0.888064,
		9.193269, 8.933913, 14.437837>
	pigment { color rgbt <0,1,1,0> }
	no_shadow
}
cylinder {
	<8.628193, 9.531835, 14.239994>,  <8.896958, 9.059446, 13.816192>, 0.130000
	pigment { color rgbt <1,0,0,0> }
	no_shadow
}

// nucleotide -1

// particle -1
sphere {
	<8.628193, 9.531835, 14.239994> 0.250000
	pigment { color rgbt <1,0,0,0> }
	no_shadow
}
cylinder {
	<8.952318, 9.400959, 14.434453>,  <9.146793, 9.322433, 14.551128>, 0.100000
	pigment { color rgbt <1,0,0,0> }
	no_shadow
}
cylinder {
	<8.952318, 9.400959, 14.434453>,  <8.628193, 9.531835, 14.239994>, 0.100000
	pigment { color rgbt <1,0,0,0> }
	no_shadow
}

// particle -1
sphere {
	<8.952318, 9.400959, 14.434453> 0.100000
	pigment { color rgbt <1,0,0,0> }
	no_shadow
}
sphere {
	0, 1
	scale<0.080000,0.200000,0.300000>
	matrix <0.275161, 0.944907, 0.177305,
		-0.517376, -0.009904, 0.855701,
		0.810314, -0.327189, 0.486148,
		9.195413, 9.302802, 14.580297>
	pigment { color rgbt <0,1,1,0> }
	no_shadow
}
cylinder {
	<8.729646, 9.922071, 14.826889>,  <8.628193, 9.531835, 14.239994>, 0.130000
	pigment { color rgbt <1,0,0,0> }
	no_shadow
}

// nucleotide -1

// particle -1
sphere {
	<8.729646, 9.922071, 14.826889> 0.250000
	pigment { color rgbt <1,0,0,0> }
	no_shadow
}
cylinder {
	<9.099698, 9.776606, 14.783293>,  <9.321730, 9.689326, 14.757134>, 0.100000
	pigment { color rgbt <1,0,0,0> }
	no_shadow
}
cylinder {
	<9.099698, 9.776606, 14.783293>,  <8.729646, 9.922071, 14.826889>, 0.100000
	pigment { color rgbt <1,0,0,0> }
	no_shadow
}

// particle -1
sphere {
	<9.099698, 9.776606, 14.783293> 0.100000
	pigment { color rgbt <1,0,0,0> }
	no_shadow
}
sphere {
	0, 1
	scale<0.080000,0.200000,0.300000>
	matrix <0.379414, 0.895685, 0.231932,
		0.013276, -0.255921, 0.966606,
		0.925132, -0.363665, -0.108992,
		9.377237, 9.667506, 14.750595>
	pigment { color rgbt <0,1,1,0> }
	no_shadow
}
cylinder {
	<9.085843, 9.996048, 15.478668>,  <8.729646, 9.922071, 14.826889>, 0.130000
	pigment { color rgbt <1,0,0,0> }
	no_shadow
}

// nucleotide -1

// particle -1
sphere {
	<9.085843, 9.996048, 15.478668> 0.250000
	pigment { color rgbt <1,0,0,0> }
	no_shadow
}
cylinder {
	<9.356977, 9.988561, 15.184679>,  <9.519658, 9.984068, 15.008286>, 0.100000
	pigment { color rgbt <1,0,0,0> }
	no_shadow
}
cylinder {
	<9.356977, 9.988561, 15.184679>,  <9.085843, 9.996048, 15.478668>, 0.100000
	pigment { color rgbt <1,0,0,0> }
	no_shadow
}

// particle -1
sphere {
	<9.356977, 9.988561, 15.184679> 0.100000
	pigment { color rgbt <1,0,0,0> }
	no_shadow
}
sphere {
	0, 1
	scale<0.080000,0.200000,0.300000>
	matrix <0.361288, 0.879129, 0.310810,
		0.640319, -0.476216, 0.602669,
		0.677837, -0.018719, -0.734974,
		9.560328, 9.982944, 14.964187>
	pigment { color rgbt <0,1,1,0> }
	no_shadow
}
cylinder {
	<9.663653, 10.260516, 15.848886>,  <9.085843, 9.996048, 15.478668>, 0.130000
	pigment { color rgbt <1,0,0,0> }
	no_shadow
}

// nucleotide -1

// particle -1
sphere {
	<9.663653, 10.260516, 15.848886> 0.250000
	pigment { color rgbt <1,0,0,0> }
	no_shadow
}
cylinder {
	<9.724706, 10.342399, 15.462147>,  <9.761337, 10.391528, 15.230103>, 0.100000
	pigment { color rgbt <1,0,0,0> }
	no_shadow
}
cylinder {
