// switches for output
#declare DRAW_BASES = 1; // possible values are 0, 1; only relevant for DNA ribbons
#declare DRAW_BASES_TYPE = 3; // possible values are 1, 2, 3; only relevant for DNA ribbons
#declare DRAW_FOG = 0; // set to 1 to enable fog

#include "colors.inc"

#include "transforms.inc"
background { rgb <1, 1, 1>}

#default {
   normal{
       ripples 0.25
       frequency 0.20
       turbulence 0.2
       lambda 5
   }
	finish {
		phong 0.1
		phong_size 40.
	}
}

// original window dimensions: 1024x640


// camera settings

camera {
	sky <0, 0.179814, -0.983701>
	up <0, 0.179814, -0.983701>
	right 1.6 * <1, 0, 0>
	location <25.469, 94.9851, 44.8844>
	look_at <25.469, 29.3977, 32.8955>
	direction <0, -65.5874, -11.9889>
	angle 67.0682
}


# declare cpy_camera_pos = <25.469, 94.9851, 44.8844>;
# if (DRAW_FOG = 1)
fog {
	fog_type 2
	up vnormalize(cpy_camera_pos)
	color rgbt<1,1,1,0.3>
	distance 1e-5
	fog_alt 3e-3
	fog_offset 28
}
# end


// LIGHTS

# declare lum = 6;
global_settings {
	ambient_light rgb lum * <0.05, 0.05, 0.05>
	max_trace_level 15
}# declare cpy_direct_light_amount = 0.25;
light_source
{	1000 * <-1, -1.16351, -0.803887>,
	rgb lum * cpy_direct_light_amount
	parallel
}

light_source
{	1000 * <1, 1.16351, 0.803887>,
	rgb lum * cpy_direct_light_amount
	parallel
}

// strand 0

// nucleotide -1

// particle -1
sphere {
	<3.766925, 15.361005, 15.106979> 0.250000
	pigment { color rgbt <1,0,0,0> }
	no_shadow
}
cylinder {
	<3.909456, 14.987528, 15.092836>,  <3.994974, 14.763442, 15.084351>, 0.100000
	pigment { color rgbt <1,0,0,0> }
	no_shadow
}
cylinder {
	<3.909456, 14.987528, 15.092836>,  <3.766925, 15.361005, 15.106979>, 0.100000
	pigment { color rgbt <1,0,0,0> }
	no_shadow
}

// particle -1
sphere {
	<3.909456, 14.987528, 15.092836> 0.100000
	pigment { color rgbt <1,0,0,0> }
	no_shadow
}
sphere {
	0, 1
	scale<0.080000,0.200000,0.300000>
	matrix <0.267435, 0.138173, -0.953618,
		0.895271, 0.330342, 0.298936,
		0.356325, -0.933693, -0.035358,
		4.016353, 14.707420, 15.082229>
	pigment { color rgbt <0,1,1,0> }
	no_shadow
}
cylinder {
	<4.285362, 15.318009, 14.667531>,  <3.766925, 15.361005, 15.106979>, 0.130000
	pigment { color rgbt <1,0,0,0> }
	no_shadow
}

// nucleotide -1

// particle -1
sphere {
	<4.285362, 15.318009, 14.667531> 0.250000
	pigment { color rgbt <1,0,0,0> }
	no_shadow
}
cylinder {
	<4.211292, 14.927496, 14.712399>,  <4.166850, 14.693188, 14.739319>, 0.100000
	pigment { color rgbt <1,0,0,0> }
	no_shadow
}
cylinder {
	<4.211292, 14.927496, 14.712399>,  <4.285362, 15.318009, 14.667531>, 0.100000
	pigment { color rgbt <1,0,0,0> }
	no_shadow
}

// particle -1
sphere {
	<4.211292, 14.927496, 14.712399> 0.100000
	pigment { color rgbt <1,0,0,0> }
	no_shadow
}
sphere {
	0, 1
	scale<0.080000,0.200000,0.300000>
	matrix <0.373850, -0.175546, -0.910725,
		0.908816, -0.126709, 0.397490,
		-0.185174, -0.976283, 0.112169,
		4.155739, 14.634611, 14.746049>
	pigment { color rgbt <0,1,1,0> }
	no_shadow
}
cylinder {
	<4.939632, 15.028599, 14.453830>,  <4.285362, 15.318009, 14.667531>, 0.130000
	pigment { color rgbt <1,0,0,0> }
	no_shadow
}

// nucleotide -1

// particle -1
sphere {
	<4.939632, 15.028599, 14.453830> 0.250000
	pigment { color rgbt <1,0,0,0> }
	no_shadow
}
cylinder {
	<4.609408, 14.805394, 14.420190>,  <4.411274, 14.671472, 14.400006>, 0.100000
	pigment { color rgbt <1,0,0,0> }
	no_shadow
}
cylinder {
	<4.609408, 14.805394, 14.420190>,  <4.939632, 15.028599, 14.453830>, 0.100000
	pigment { color rgbt <1,0,0,0> }
	no_shadow
}

// particle -1
sphere {
	<4.609408, 14.805394, 14.420190> 0.100000
	pigment { color rgbt <1,0,0,0> }
	no_shadow
}
sphere {
	0, 1
	scale<0.080000,0.200000,0.300000>
	matrix <0.297183, -0.303219, -0.905395,
		0.479722, -0.772451, 0.416157,
		-0.825560, -0.558013, -0.084099,
		4.361740, 14.637991, 14.394960>
	pigment { color rgbt <0,1,1,0> }
	no_shadow
}
cylinder {
	<4.920567, 15.457333, 15.048587>,  <4.939632, 15.028599, 14.453830>, 0.130000
	pigment { color rgbt <1,0,0,0> }
	no_shadow
}

// nucleotide -1

// particle -1
sphere {
	<4.920567, 15.457333, 15.048587> 0.250000
	pigment { color rgbt <1,0,0,0> }
	no_shadow
}
cylinder {
	<5.234680, 15.422836, 14.803347>,  <5.423148, 15.402139, 14.656202>, 0.100000
	pigment { color rgbt <1,0,0,0> }
	no_shadow
}
cylinder {
	<5.234680, 15.422836, 14.803347>,  <4.920567, 15.457333, 15.048587>, 0.100000
	pigment { color rgbt <1,0,0,0> }
	no_shadow
}

// particle -1
sphere {
	<5.234680, 15.422836, 14.803347> 0.100000
	pigment { color rgbt <1,0,0,0> }
	no_shadow
}
sphere {
	0, 1
	scale<0.080000,0.200000,0.300000>
	matrix <0.030149, 0.994403, -0.101260,
		0.618401, 0.061033, 0.783489,
		0.785284, -0.086240, -0.613100,
		5.470265, 15.396964, 14.619416>
	pigment { color rgbt <0,1,1,0> }
	no_shadow
}
cylinder {
	<5.309232, 16.091326, 15.237320>,  <4.920567, 15.457333, 15.048587>, 0.130000
	pigment { color rgbt <1,0,0,0> }
	no_shadow
}

// nucleotide -1

// particle -1
sphere {
	<5.309232, 16.091326, 15.237320> 0.250000
	pigment { color rgbt <1,0,0,0> }
	no_shadow
}
cylinder {
	<5.430962, 15.981277, 14.872531>,  <5.504000, 15.915249, 14.653657>, 0.100000
	pigment { color rgbt <1,0,0,0> }
	no_shadow
}
cylinder {
	<5.430962, 15.981277, 14.872531>,  <5.309232, 16.091326, 15.237320>, 0.100000
	pigment { color rgbt <1,0,0,0> }
	no_shadow
}

// particle -1
sphere {
	<5.430962, 15.981277, 14.872531> 0.100000
	pigment { color rgbt <1,0,0,0> }
	no_shadow
}
sphere {
	0, 1
	scale<0.080000,0.200000,0.300000>
	matrix <0.232827, 0.949829, -0.208847,
		0.923676, -0.148775, 0.353112,
		0.304325, -0.275121, -0.911973,
		5.522259, 15.898742, 14.598939>
	pigment { color rgbt <0,1,1,0> }
	no_shadow
}
cylinder {
	<5.890486, 16.421539, 15.108330>,  <5.309232, 16.091326, 15.237320>, 0.130000
	pigment { color rgbt <1,0,0,0> }
	no_shadow
}

// nucleotide -1

// particle -1
sphere {
	<5.890486, 16.421539, 15.108330> 0.250000
	pigment { color rgbt <1,0,0,0> }
	no_shadow
}
cylinder {
	<5.766057, 16.359745, 14.733232>,  <5.691400, 16.322668, 14.508172>, 0.100000
	pigment { color rgbt <1,0,0,0> }
	no_shadow
}
cylinder {
	<5.766057, 16.359745, 14.733232>,  <5.890486, 16.421539, 15.108330>, 0.100000
	pigment { color rgbt <1,0,0,0> }
	no_shadow
}

// particle -1
sphere {
	<5.766057, 16.359745, 14.733232> 0.100000
	pigment { color rgbt <1,0,0,0> }
	no_shadow
}
sphere {
	0, 1
	scale<0.080000,0.200000,0.300000>
	matrix <0.070622, 0.980215, -0.184909,
		0.947759, -0.123745, -0.294007,
		-0.311072, -0.154486, -0.937746,
		5.672736, 16.313398, 14.451907>
	pigment { color rgbt <0,1,1,0> }
	no_shadow
}
cylinder {
	<6.406036, 16.819578, 14.630670>,  <5.890486, 16.421539, 15.108330>, 0.130000
	pigment { color rgbt <1,0,0,0> }
	no_shadow
}

// nucleotide -1

// particle -1
sphere {
	<6.406036, 16.819578, 14.630670> 0.250000
	pigment { color rgbt <1,0,0,0> }
	no_shadow
}
cylinder {
	<6.060385, 16.777988, 14.433704>,  <5.852994, 16.753035, 14.315525>, 0.100000
	pigment { color rgbt <1,0,0,0> }
	no_shadow
}
cylinder {
	<6.060385, 16.777988, 14.433704>,  <6.406036, 16.819578, 14.630670>, 0.100000
	pigment { color rgbt <1,0,0,0> }
	no_shadow
}

// particle -1
sphere {
	<6.060385, 16.777988, 14.433704> 0.100000
	pigment { color rgbt <1,0,0,0> }
	no_shadow
}
sphere {
	0, 1
	scale<0.080000,0.200000,0.300000>
	matrix <0.104144, 0.920305, -0.377086,
		0.492379, -0.377132, -0.784433,
		-0.864128, -0.103975, -0.492414,
		5.801147, 16.746796, 14.285980>
	pigment { color rgbt <0,1,1,0> }
	no_shadow
}
cylinder {
	<6.588290, 17.029585, 14.034120>,  <6.406036, 16.819578, 14.630670>, 0.130000
	pigment { color rgbt <1,0,0,0> }
	no_shadow
}

// nucleotide -1

// particle -1
sphere {
	<6.588290, 17.029585, 14.034120> 0.250000
	pigment { color rgbt <1,0,0,0> }
	no_shadow
}
cylinder {
	<6.190433, 16.996126, 14.009815>,  <5.951719, 16.976051, 13.995233>, 0.100000
	pigment { color rgbt <1,0,0,0> }
	no_shadow
}
cylinder {
	<6.190433, 16.996126, 14.009815>,  <6.588290, 17.029585, 14.034120>, 0.100000
	pigment { color rgbt <1,0,0,0> }
	no_shadow
}

// particle -1
sphere {
	<6.190433, 16.996126, 14.009815> 0.100000
	pigment { color rgbt <1,0,0,0> }
	no_shadow
}
sphere {
	0, 1
	scale<0.080000,0.200000,0.300000>
	matrix <-0.028427, 0.786340, -0.617139,
		0.099400, -0.612105, -0.784504,
		-0.994642, -0.083645, -0.060761,
		5.892041, 16.971033, 13.991587>
	pigment { color rgbt <0,1,1,0> }
	no_shadow
}
cylinder {
	<6.384665, 16.845423, 13.387868>,  <6.588290, 17.029585, 14.034120>, 0.130000
	pigment { color rgbt <1,0,0,0> }
	no_shadow
}

// nucleotide -1

// particle -1
sphere {
	<6.384665, 16.845423, 13.387868> 0.250000
	pigment { color rgbt <1,0,0,0> }
	no_shadow
}
cylinder {
	<6.084677, 17.061476, 13.540605>,  <5.904685, 17.191107, 13.632247>, 0.100000
	pigment { color rgbt <1,0,0,0> }
	no_shadow
}
cylinder {
	<6.084677, 17.061476, 13.540605>,  <6.384665, 16.845423, 13.387868>, 0.100000
	pigment { color rgbt <1,0,0,0> }
	no_shadow
}

// particle -1
sphere {
	<6.084677, 17.061476, 13.540605> 0.100000
	pigment { color rgbt <1,0,0,0> }
	no_shadow
}
sphere {
	0, 1
	scale<0.080000,0.200000,0.300000>
	matrix <0.153884, 0.703888, -0.693441,
		-0.643325, -0.461300, -0.611012,
		-0.749969, 0.540133, 0.381842,
		5.859686, 17.223516, 13.655157>
	pigment { color rgbt <0,1,1,0> }
	no_shadow
}
cylinder {
	<5.841392, 17.086880, 12.837620>,  <6.384665, 16.845423, 13.387868>, 0.130000
	pigment { color rgbt <1,0,0,0> }
	no_shadow
}

// nucleotide -1

// particle -1
sphere {
	<5.841392, 17.086880, 12.837620> 0.250000
	pigment { color rgbt <1,0,0,0> }
	no_shadow
}
cylinder {
	<5.803477, 17.329071, 13.153699>,  <5.780729, 17.474386, 13.343347>, 0.100000
	pigment { color rgbt <1,0,0,0> }
	no_shadow
}
cylinder {
	<5.803477, 17.329071, 13.153699>,  <5.841392, 17.086880, 12.837620>, 0.100000
	pigment { color rgbt <1,0,0,0> }
	no_shadow
}

// particle -1
sphere {
	<5.803477, 17.329071, 13.153699> 0.100000
	pigment { color rgbt <1,0,0,0> }
	no_shadow
}
sphere {
	0, 1
	scale<0.080000,0.200000,0.300000>
	matrix <0.406575, 0.748098, -0.524449,
		-0.908687, 0.271564, -0.317081,
		-0.094786, 0.605477, 0.790198,
		5.775042, 17.510714, 13.390759>
	pigment { color rgbt <0,1,1,0> }
	no_shadow
}
cylinder {
	<5.657394, 17.688009, 12.583990>,  <5.841392, 17.086880, 12.837620>, 0.130000
	pigment { color rgbt <1,0,0,0> }
	no_shadow
}

// nucleotide -1

// particle -1
sphere {
	<5.657394, 17.688009, 12.583990> 0.250000
	pigment { color rgbt <1,0,0,0> }
	no_shadow
}
cylinder {
	<5.761051, 17.831669, 12.942622>,  <5.823245, 17.917866, 13.157802>, 0.100000
	pigment { color rgbt <1,0,0,0> }
	no_shadow
}
cylinder {
	<5.761051, 17.831669, 12.942622>,  <5.657394, 17.688009, 12.583990>, 0.100000
	pigment { color rgbt <1,0,0,0> }
	no_shadow
}

// particle -1
sphere {
	<5.761051, 17.831669, 12.942622> 0.100000
	pigment { color rgbt <1,0,0,0> }
	no_shadow
}
sphere {
	0, 1
	scale<0.080000,0.200000,0.300000>
	matrix <0.271031, 0.863952, -0.424417,
		-0.927032, 0.352985, 0.126546,
		0.259142, 0.359150, 0.896581,
		5.838793, 17.939413, 13.211596>
	pigment { color rgbt <0,1,1,0> }
	no_shadow
}
cylinder {
	<5.405228, 18.322306, 12.535879>,  <5.657394, 17.688009, 12.583990>, 0.130000
	pigment { color rgbt <1,0,0,0> }
	no_shadow
}

// nucleotide -1

// particle -1
sphere {
	<5.405228, 18.322306, 12.535879> 0.250000
	pigment { color rgbt <1,0,0,0> }
	no_shadow
}
cylinder {
	<5.680541, 18.327812, 12.826004>,  <5.845728, 18.331116, 13.000079>, 0.100000
	pigment { color rgbt <1,0,0,0> }
	no_shadow
}
cylinder {
	<5.680541, 18.327812, 12.826004>,  <5.405228, 18.322306, 12.535879>, 0.100000
	pigment { color rgbt <1,0,0,0> }
	no_shadow
}

// particle -1
sphere {
	<5.680541, 18.327812, 12.826004> 0.100000
	pigment { color rgbt <1,0,0,0> }
	no_shadow
}
sphere {
	0, 1
	scale<0.080000,0.200000,0.300000>
	matrix <0.371175, 0.852355, -0.368403,
		-0.623295, 0.522783, 0.581550,
		0.688282, 0.013767, 0.725313,
		5.887025, 18.331942, 13.043598>
	pigment { color rgbt <0,1,1,0> }
	no_shadow
}
cylinder {
	<5.594836, 19.048468, 12.632173>,  <5.405228, 18.322306, 12.535879>, 0.130000
	pigment { color rgbt <1,0,0,0> }
	no_shadow
}

// nucleotide -1

// particle -1
sphere {
	<5.594836, 19.048468, 12.632173> 0.250000
	pigment { color rgbt <1,0,0,0> }
	no_shadow
}
cylinder {
	<5.906101, 18.857079, 12.794914>,  <6.092859, 18.742245, 12.892559>, 0.100000
	pigment { color rgbt <1,0,0,0> }
	no_shadow
}
cylinder {
	<5.906101, 18.857079, 12.794914>,  <5.594836, 19.048468, 12.632173>, 0.100000
	pigment { color rgbt <1,0,0,0> }
	no_shadow
}

// particle -1
sphere {
	<5.906101, 18.857079, 12.794914> 0.100000
	pigment { color rgbt <1,0,0,0> }
	no_shadow
}
sphere {
	0, 1
	scale<0.080000,0.200000,0.300000>
	matrix <0.607471, 0.737903, -0.294071,
		-0.159514, 0.475987, 0.864865,
		0.778161, -0.478472, 0.406854,
		6.139549, 18.713537, 12.916970>
	pigment { color rgbt <0,1,1,0> }
	no_shadow
}
cylinder {
	<6.096562, 19.598682, 12.942085>,  <5.594836, 19.048468, 12.632173>, 0.130000
	pigment { color rgbt <1,0,0,0> }
	no_shadow
}

// nucleotide -1

// particle -1
sphere {
	<6.096562, 19.598682, 12.942085> 0.250000
	pigment { color rgbt <1,0,0,0> }
	no_shadow
}
cylinder {
	<6.328006, 19.272963, 12.923620>,  <6.466873, 19.077532, 12.912541>, 0.100000
	pigment { color rgbt <1,0,0,0> }
	no_shadow
}
cylinder {
	<6.328006, 19.272963, 12.923620>,  <6.096562, 19.598682, 12.942085>, 0.100000
	pigment { color rgbt <1,0,0,0> }
	no_shadow
}

// particle -1
sphere {
	<6.328006, 19.272963, 12.923620> 0.100000
	pigment { color rgbt <1,0,0,0> }
	no_shadow
}
sphere {
	0, 1
	scale<0.080000,0.200000,0.300000>
	matrix <0.785343, 0.571522, -0.237907,
		0.220109, 0.101402, 0.970190,
		0.578609, -0.814297, -0.046162,
		6.501589, 19.028673, 12.909772>
	pigment { color rgbt <0,1,1,0> }
	no_shadow
}
cylinder {
	<6.784286, 19.721455, 13.410643>,  <6.096562, 19.598682, 12.942085>, 0.130000
	pigment { color rgbt <1,0,0,0> }
	no_shadow
}

// nucleotide -1

// particle -1
sphere {
	<6.784286, 19.721455, 13.410643> 0.250000
	pigment { color rgbt <1,0,0,0> }
	no_shadow
}
cylinder {
	<6.887872, 19.429350, 13.157769>,  <6.950024, 19.254087, 13.006044>, 0.100000
	pigment { color rgbt <1,0,0,0> }
	no_shadow
}
cylinder {
	<6.887872, 19.429350, 13.157769>,  <6.784286, 19.721455, 13.410643>, 0.100000
	pigment { color rgbt <1,0,0,0> }
	no_shadow
}

// particle -1
sphere {
	<6.887872, 19.429350, 13.157769> 0.100000
	pigment { color rgbt <1,0,0,0> }
	no_shadow
}
sphere {
	0, 1
	scale<0.080000,0.200000,0.300000>
	matrix <0.826819, 0.505945, -0.245744,
		0.499307, -0.459064, 0.734815,
		0.258964, -0.730260, -0.632185,
		6.965561, 19.210272, 12.968114>
	pigment { color rgbt <0,1,1,0> }
	no_shadow
}
cylinder {
	<7.497947, 19.570717, 13.525069>,  <6.784286, 19.721455, 13.410643>, 0.130000
	pigment { color rgbt <1,0,0,0> }
	no_shadow
}

// nucleotide -1

// particle -1
sphere {
	<7.497947, 19.570717, 13.525069> 0.250000
	pigment { color rgbt <1,0,0,0> }
	no_shadow
}
cylinder {
	<7.391999, 19.461933, 13.155014>,  <7.328431, 19.396662, 12.932981>, 0.100000
	pigment { color rgbt <1,0,0,0> }
	no_shadow
}
cylinder {
	<7.391999, 19.461933, 13.155014>,  <7.497947, 19.570717, 13.525069>, 0.100000
	pigment { color rgbt <1,0,0,0> }
	no_shadow
}

// particle -1
sphere {
	<7.391999, 19.461933, 13.155014> 0.100000
	pigment { color rgbt <1,0,0,0> }
	no_shadow
}
sphere {
	0, 1
	scale<0.080000,0.200000,0.300000>
	matrix <0.783956, 0.497904, -0.370816,
		0.561478, -0.823486, 0.081327,
		-0.264869, -0.271962, -0.925138,
		7.312539, 19.380344, 12.877473>
	pigment { color rgbt <0,1,1,0> }
	no_shadow
}
cylinder {
	<8.211663, 19.465303, 13.141178>,  <7.497947, 19.570717, 13.525069>, 0.130000
	pigment { color rgbt <1,0,0,0> }
	no_shadow
}

// nucleotide -1

// particle -1
sphere {
	<8.211663, 19.465303, 13.141178> 0.250000
	pigment { color rgbt <1,0,0,0> }
	no_shadow
}
cylinder {
	<7.928753, 19.457058, 12.858523>,  <7.759007, 19.452110, 12.688931>, 0.100000
	pigment { color rgbt <1,0,0,0> }
	no_shadow
}
cylinder {
	<7.928753, 19.457058, 12.858523>,  <8.211663, 19.465303, 13.141178>, 0.100000
	pigment { color rgbt <1,0,0,0> }
	no_shadow
}

// particle -1
sphere {
	<7.928753, 19.457058, 12.858523> 0.100000
	pigment { color rgbt <1,0,0,0> }
	no_shadow
}
sphere {
	0, 1
	scale<0.080000,0.200000,0.300000>
	matrix <0.612459, 0.481347, -0.627056,
		0.353064, -0.876288, -0.327820,
		-0.707276, -0.020615, -0.706637,
		7.716570, 19.450874, 12.646532>
	pigment { color rgbt <0,1,1,0> }
	no_shadow
}
cylinder {
	<8.556044, 19.244228, 12.498946>,  <8.211663, 19.465303, 13.141178>, 0.130000
	pigment { color rgbt <1,0,0,0> }
	no_shadow
}

// nucleotide -1

// particle -1
sphere {
	<8.556044, 19.244228, 12.498946> 0.250000
	pigment { color rgbt <1,0,0,0> }
	no_shadow
}
cylinder {
	<8.226116, 19.456749, 12.421600>,  <8.028159, 19.584261, 12.375193>, 0.100000
	pigment { color rgbt <1,0,0,0> }
	no_shadow
}
cylinder {
	<8.226116, 19.456749, 12.421600>,  <8.556044, 19.244228, 12.498946>, 0.100000
	pigment { color rgbt <1,0,0,0> }
	no_shadow
}

// particle -1
sphere {
	<8.226116, 19.456749, 12.421600> 0.100000
	pigment { color rgbt <1,0,0,0> }
	no_shadow
}
sphere {
	0, 1
	scale<0.080000,0.200000,0.300000>
	matrix <0.510726, 0.553421, -0.657939,
		-0.242553, -0.641438, -0.727823,
		-0.824819, 0.531303, -0.193365,
		7.978670, 19.616140, 12.363591>
	pigment { color rgbt <0,1,1,0> }
	no_shadow
}
cylinder {
	<8.604070, 19.365498, 11.894542>,  <8.556044, 19.244228, 12.498946>, 0.130000
	pigment { color rgbt <1,0,0,0> }
	no_shadow
}

// nucleotide -1

// particle -1
sphere {
	<8.604070, 19.365498, 11.894542> 0.250000
	pigment { color rgbt <1,0,0,0> }
	no_shadow
}
cylinder {
	<8.352079, 19.652580, 12.013221>,  <8.200885, 19.824829, 12.084428>, 0.100000
	pigment { color rgbt <1,0,0,0> }
	no_shadow
}
cylinder {
	<8.352079, 19.652580, 12.013221>,  <8.604070, 19.365498, 11.894542>, 0.100000
	pigment { color rgbt <1,0,0,0> }
	no_shadow
}

// particle -1
sphere {
	<8.352079, 19.652580, 12.013221> 0.100000
	pigment { color rgbt <1,0,0,0> }
	no_shadow
}
sphere {
	0, 1
	scale<0.080000,0.200000,0.300000>
	matrix <0.454506, 0.650501, -0.608500,
		-0.629727, -0.248490, -0.736001,
		-0.629976, 0.717706, 0.296698,
		8.163087, 19.867891, 12.102230>
	pigment { color rgbt <0,1,1,0> }
	no_shadow
}
cylinder {
	<8.251726, 19.498003, 11.305188>,  <8.604070, 19.365498, 11.894542>, 0.130000
	pigment { color rgbt <1,0,0,0> }
	no_shadow
}

// nucleotide -1

// particle -1
sphere {
	<8.251726, 19.498003, 11.305188> 0.250000
	pigment { color rgbt <1,0,0,0> }
	no_shadow
}
cylinder {
	<8.259102, 19.809010, 11.556625>,  <8.263528, 19.995613, 11.707488>, 0.100000
	pigment { color rgbt <1,0,0,0> }
	no_shadow
}
cylinder {
	<8.259102, 19.809010, 11.556625>,  <8.251726, 19.498003, 11.305188>, 0.100000
	pigment { color rgbt <1,0,0,0> }
	no_shadow
}

// particle -1
sphere {
	<8.259102, 19.809010, 11.556625> 0.100000
	pigment { color rgbt <1,0,0,0> }
	no_shadow
}
sphere {
	0, 1
	scale<0.080000,0.200000,0.300000>
	matrix <0.578630, 0.504419, -0.640898,
		-0.815382, 0.375541, -0.440593,
		0.018440, 0.777516, 0.628593,
		8.264634, 20.042265, 11.745203>
	pigment { color rgbt <0,1,1,0> }
	no_shadow
}
cylinder {
	<8.405561, 20.135351, 10.809596>,  <8.251726, 19.498003, 11.305188>, 0.130000
	pigment { color rgbt <1,0,0,0> }
	no_shadow
}

// nucleotide -1

// particle -1
sphere {
	<8.405561, 20.135351, 10.809596> 0.250000
	pigment { color rgbt <1,0,0,0> }
	no_shadow
}
cylinder {
	<8.447878, 20.298546, 11.172331>,  <8.473268, 20.396463, 11.389972>, 0.100000
	pigment { color rgbt <1,0,0,0> }
	no_shadow
}
cylinder {
	<8.447878, 20.298546, 11.172331>,  <8.405561, 20.135351, 10.809596>, 0.100000
	pigment { color rgbt <1,0,0,0> }
	no_shadow
}

// particle -1
sphere {
	<8.447878, 20.298546, 11.172331> 0.100000
	pigment { color rgbt <1,0,0,0> }
	no_shadow
}
sphere {
	0, 1
	scale<0.080000,0.200000,0.300000>
	matrix <0.634101, 0.674802, -0.377568,
		-0.765979, 0.614971, -0.187316,
		0.105792, 0.407986, 0.906838,
		8.479615, 20.420942, 11.444383>
	pigment { color rgbt <0,1,1,0> }
	no_shadow
}
cylinder {
	<8.100974, 20.925127, 10.883787>,  <8.405561, 20.135351, 10.809596>, 0.130000
	pigment { color rgbt <1,0,0,0> }
	no_shadow
}

// nucleotide -1

// particle -1
sphere {
	<8.100974, 20.925127, 10.883787> 0.250000
	pigment { color rgbt <1,0,0,0> }
	no_shadow
}
cylinder {
	<8.393003, 20.885530, 11.154253>,  <8.568219, 20.861773, 11.316532>, 0.100000
	pigment { color rgbt <1,0,0,0> }
	no_shadow
}
cylinder {
	<8.393003, 20.885530, 11.154253>,  <8.100974, 20.925127, 10.883787>, 0.100000
	pigment { color rgbt <1,0,0,0> }
	no_shadow
}

// particle -1
sphere {
	<8.393003, 20.885530, 11.154253> 0.100000
	pigment { color rgbt <1,0,0,0> }
	no_shadow
}
sphere {
	0, 1
	scale<0.080000,0.200000,0.300000>
	matrix <0.403621, 0.860892, -0.309766,
		-0.551440, 0.499065, 0.668467,
		0.730071, -0.098990, 0.676164,
		8.612024, 20.855833, 11.357102>
	pigment { color rgbt <0,1,1,0> }
	no_shadow
}
cylinder {
	<8.283639, 21.632853, 11.076079>,  <8.100974, 20.925127, 10.883787>, 0.130000
	pigment { color rgbt <1,0,0,0> }
	no_shadow
}

// nucleotide -1

// particle -1
sphere {
	<8.283639, 21.632853, 11.076079> 0.250000
	pigment { color rgbt <1,0,0,0> }
	no_shadow
}
cylinder {
	<8.594420, 21.444466, 11.243188>,  <8.780890, 21.331434, 11.343453>, 0.100000
	pigment { color rgbt <1,0,0,0> }
	no_shadow
}
cylinder {
	<8.594420, 21.444466, 11.243188>,  <8.283639, 21.632853, 11.076079>, 0.100000
	pigment { color rgbt <1,0,0,0> }
	no_shadow
}

// particle -1
sphere {
	<8.594420, 21.444466, 11.243188> 0.100000
	pigment { color rgbt <1,0,0,0> }
	no_shadow
}
sphere {
	0, 1
	scale<0.080000,0.200000,0.300000>
	matrix <0.578372, 0.796073, -0.178196,
		-0.248652, 0.380077, 0.890906,
		0.776954, -0.470967, 0.417772,
		8.827507, 21.303175, 11.368519>
	pigment { color rgbt <0,1,1,0> }
	no_shadow
}
cylinder {
	<8.590728, 22.053030, 11.676014>,  <8.283639, 21.632853, 11.076079>, 0.130000
	pigment { color rgbt <1,0,0,0> }
	no_shadow
}

// nucleotide -1

// particle -1
sphere {
	<8.590728, 22.053030, 11.676014> 0.250000
	pigment { color rgbt <1,0,0,0> }
	no_shadow
}
cylinder {
	<8.862481, 21.801216, 11.525216>,  <9.025533, 21.650127, 11.434737>, 0.100000
	pigment { color rgbt <1,0,0,0> }
	no_shadow
}
cylinder {
	<8.862481, 21.801216, 11.525216>,  <8.590728, 22.053030, 11.676014>, 0.100000
	pigment { color rgbt <1,0,0,0> }
	no_shadow
}

// particle -1
sphere {
	<8.862481, 21.801216, 11.525216> 0.100000
	pigment { color rgbt <1,0,0,0> }
	no_shadow
}
sphere {
	0, 1
	scale<0.080000,0.200000,0.300000>
	matrix <0.539072, 0.776764, -0.325636,
		0.497835, 0.018004, 0.867085,
		0.679383, -0.629534, -0.376995,
		9.066297, 21.612356, 11.412117>
	pigment { color rgbt <0,1,1,0> }
	no_shadow
}
cylinder {
	<9.182854, 22.348850, 11.857963>,  <8.590728, 22.053030, 11.676014>, 0.130000
	pigment { color rgbt <1,0,0,0> }
	no_shadow
}

// nucleotide -1

// particle -1
sphere {
	<9.182854, 22.348850, 11.857963> 0.250000
	pigment { color rgbt <1,0,0,0> }
	no_shadow
}
cylinder {
	<9.332170, 22.071108, 11.611865>,  <9.421760, 21.904463, 11.464207>, 0.100000
	pigment { color rgbt <1,0,0,0> }
	no_shadow
}
cylinder {
	<9.332170, 22.071108, 11.611865>,  <9.182854, 22.348850, 11.857963>, 0.100000
	pigment { color rgbt <1,0,0,0> }
	no_shadow
}

// particle -1
sphere {
	<9.332170, 22.071108, 11.611865> 0.100000
	pigment { color rgbt <1,0,0,0> }
	no_shadow
}
sphere {
	0, 1
	scale<0.080000,0.200000,0.300000>
	matrix <0.724626, 0.632335, -0.273989,
		0.579285, -0.343543, 0.739193,
		0.373291, -0.694356, -0.615243,
		9.444157, 21.862801, 11.427292>
	pigment { color rgbt <0,1,1,0> }
	no_shadow
}
cylinder {
	<9.856475, 22.213207, 12.092893>,  <9.182854, 22.348850, 11.857963>, 0.130000
	pigment { color rgbt <1,0,0,0> }
	no_shadow
}

// nucleotide -1

// particle -1
sphere {
	<9.856475, 22.213207, 12.092893> 0.250000
	pigment { color rgbt <1,0,0,0> }
	no_shadow
}
cylinder {
	<9.771545, 22.175280, 11.703857>,  <9.720588, 22.152523, 11.470436>, 0.100000
	pigment { color rgbt <1,0,0,0> }
	no_shadow
}
cylinder {
	<9.771545, 22.175280, 11.703857>,  <9.856475, 22.213207, 12.092893>, 0.100000
	pigment { color rgbt <1,0,0,0> }
	no_shadow
}

// particle -1
sphere {
	<9.771545, 22.175280, 11.703857> 0.100000
	pigment { color rgbt <1,0,0,0> }
	no_shadow
}
sphere {
	0, 1
	scale<0.080000,0.200000,0.300000>
	matrix <0.674538, 0.705910, -0.216078,
		0.707052, -0.701924, -0.085908,
		-0.212313, -0.094830, -0.972589,
		9.707849, 22.146833, 11.412081>
	pigment { color rgbt <0,1,1,0> }
	no_shadow
}
cylinder {
	<10.483768, 22.187153, 11.673960>,  <9.856475, 22.213207, 12.092893>, 0.130000
	pigment { color rgbt <1,0,0,0> }
	no_shadow
}

// nucleotide -1

// particle -1
sphere {
	<10.483768, 22.187153, 11.673960> 0.250000
	pigment { color rgbt <1,0,0,0> }
	no_shadow
}
cylinder {
	<10.175676, 22.374567, 11.500884>,  <9.990821, 22.487015, 11.397038>, 0.100000
	pigment { color rgbt <1,0,0,0> }
	no_shadow
}
cylinder {
	<10.175676, 22.374567, 11.500884>,  <10.483768, 22.187153, 11.673960>, 0.100000
	pigment { color rgbt <1,0,0,0> }
	no_shadow
}

// particle -1
sphere {
	<10.175676, 22.374567, 11.500884> 0.100000
	pigment { color rgbt <1,0,0,0> }
	no_shadow
}
sphere {
	0, 1
	scale<0.080000,0.200000,0.300000>
	matrix <0.562418, 0.818897, -0.114426,
		0.300716, -0.331488, -0.894251,
		-0.770231, 0.468534, -0.432690,
		9.944607, 22.515127, 11.371077>
	pigment { color rgbt <0,1,1,0> }
	no_shadow
}
cylinder {
	<10.875648, 22.622978, 12.233874>,  <10.483768, 22.187153, 11.673960>, 0.130000
	pigment { color rgbt <1,0,0,0> }
	no_shadow
}

// nucleotide -1

// particle -1
sphere {
	<10.875648, 22.622978, 12.233874> 0.250000
	pigment { color rgbt <1,0,0,0> }
	no_shadow
}
cylinder {
	<11.014304, 22.633398, 12.608930>,  <11.097497, 22.639650, 12.833962>, 0.100000
	pigment { color rgbt <1,0,0,0> }
	no_shadow
}
cylinder {
	<11.014304, 22.633398, 12.608930>,  <10.875648, 22.622978, 12.233874>, 0.100000
	pigment { color rgbt <1,0,0,0> }
	no_shadow
}

// particle -1
sphere {
	<11.014304, 22.633398, 12.608930> 0.100000
	pigment { color rgbt <1,0,0,0> }
	no_shadow
}
sphere {
	0, 1
	scale<0.080000,0.200000,0.300000>
	matrix <0.846648, -0.438980, -0.300805,
		0.403768, 0.898119, -0.174221,
		0.346638, 0.026048, 0.937637,
		11.118296, 22.641212, 12.890221>
	pigment { color rgbt <0,1,1,0> }
	no_shadow
}
cylinder {
	<11.647943, 22.760134, 12.157801>,  <10.875648, 22.622978, 12.233874>, 0.130000
	pigment { color rgbt <1,0,0,0> }
	no_shadow
}

// nucleotide -1

// particle -1
sphere {
	<11.647943, 22.760134, 12.157801> 0.250000
	pigment { color rgbt <1,0,0,0> }
	no_shadow
}
cylinder {
	<11.545423, 22.563131, 12.490485>,  <11.483910, 22.444929, 12.690096>, 0.100000
	pigment { color rgbt <1,0,0,0> }
	no_shadow
}
cylinder {
	<11.545423, 22.563131, 12.490485>,  <11.647943, 22.760134, 12.157801>, 0.100000
	pigment { color rgbt <1,0,0,0> }
	no_shadow
}

// particle -1
sphere {
	<11.545423, 22.563131, 12.490485> 0.100000
	pigment { color rgbt <1,0,0,0> }
	no_shadow
}
sphere {
	0, 1
	scale<0.080000,0.200000,0.300000>
	matrix <0.847913, -0.527661, -0.051166,
		0.464062, 0.692105, 0.552845,
		-0.256302, -0.492508, 0.831712,
		11.468532, 22.415379, 12.739999>
	pigment { color rgbt <0,1,1,0> }
	no_shadow
}
cylinder {
	<12.239770, 22.767620, 12.572486>,  <11.647943, 22.760134, 12.157801>, 0.130000
	pigment { color rgbt <1,0,0,0> }
	no_shadow
}

// nucleotide -1

// particle -1
sphere {
	<12.239770, 22.767620, 12.572486> 0.250000
	pigment { color rgbt <1,0,0,0> }
	no_shadow
}
cylinder {
	<12.055136, 22.434917, 12.695853>,  <11.944355, 22.235296, 12.769874>, 0.100000
	pigment { color rgbt <1,0,0,0> }
	no_shadow
}
cylinder {
	<12.055136, 22.434917, 12.695853>,  <12.239770, 22.767620, 12.572486>, 0.100000
	pigment { color rgbt <1,0,0,0> }
	no_shadow
}

// particle -1
sphere {
	<12.055136, 22.434917, 12.695853> 0.100000
	pigment { color rgbt <1,0,0,0> }
	no_shadow
}
sphere {
	0, 1
	scale<0.080000,0.200000,0.300000>
	matrix <0.856892, -0.508005, -0.087562,
		0.229508, 0.223863, 0.947213,
		-0.461586, -0.831755, 0.308417,
		11.916659, 22.185390, 12.788379>
	pigment { color rgbt <0,1,1,0> }
	no_shadow
}
cylinder {
	<12.703382, 22.444668, 13.175903>,  <12.239770, 22.767620, 12.572486>, 0.130000
	pigment { color rgbt <1,0,0,0> }
	no_shadow
}

// nucleotide -1

// particle -1
sphere {
	<12.703382, 22.444668, 13.175903> 0.250000
	pigment { color rgbt <1,0,0,0> }
	no_shadow
}
cylinder {
	<12.484054, 22.169727, 12.985369>,  <12.352457, 22.004763, 12.871048>, 0.100000
	pigment { color rgbt <1,0,0,0> }
	no_shadow
}
cylinder {
	<12.484054, 22.169727, 12.985369>,  <12.703382, 22.444668, 13.175903>, 0.100000
	pigment { color rgbt <1,0,0,0> }
	no_shadow
}

// particle -1
sphere {
	<12.484054, 22.169727, 12.985369> 0.100000
	pigment { color rgbt <1,0,0,0> }
	no_shadow
}
sphere {
	0, 1
	scale<0.080000,0.200000,0.300000>
	matrix <0.833526, -0.495292, -0.244787,
		-0.067671, -0.531259, 0.844503,
		-0.548321, -0.687350, -0.476335,
		12.319557, 21.963522, 12.842468>
	pigment { color rgbt <0,1,1,0> }
	no_shadow
}
cylinder {
	<12.991797, 21.803400, 13.136325>,  <12.703382, 22.444668, 13.175903>, 0.130000
	pigment { color rgbt <1,0,0,0> }
	no_shadow
}

// nucleotide -1

// particle -1
sphere {
	<12.991797, 21.803400, 13.136325> 0.250000
	pigment { color rgbt <1,0,0,0> }
	no_shadow
}
cylinder {
	<12.747586, 21.691223, 12.840053>,  <12.601060, 21.623917, 12.662290>, 0.100000
	pigment { color rgbt <1,0,0,0> }
	no_shadow
}
cylinder {
	<12.747586, 21.691223, 12.840053>,  <12.991797, 21.803400, 13.136325>, 0.100000
	pigment { color rgbt <1,0,0,0> }
	no_shadow
}

// particle -1
sphere {
	<12.747586, 21.691223, 12.840053> 0.100000
	pigment { color rgbt <1,0,0,0> }
	no_shadow
}
sphere {
	0, 1
	scale<0.080000,0.200000,0.300000>
	matrix <0.651444, -0.709687, -0.268263,
		-0.450418, -0.646294, 0.615977,
		-0.610527, -0.280444, -0.740680,
		12.564428, 21.607090, 12.617848>
	pigment { color rgbt <0,1,1,0> }
	no_shadow
}
cylinder {
	<12.601578, 22.020634, 13.769434>,  <12.991797, 21.803400, 13.136325>, 0.130000
	pigment { color rgbt <1,0,0,0> }
	no_shadow
}

// nucleotide -1

// particle -1
sphere {
	<12.601578, 22.020634, 13.769434> 0.250000
	pigment { color rgbt <1,0,0,0> }
	no_shadow
}
cylinder {
	<12.404925, 21.867687, 14.082380>,  <12.286934, 21.775919, 14.270148>, 0.100000
	pigment { color rgbt <1,0,0,0> }
	no_shadow
}
cylinder {
	<12.404925, 21.867687, 14.082380>,  <12.601578, 22.020634, 13.769434>, 0.100000
	pigment { color rgbt <1,0,0,0> }
	no_shadow
}

// particle -1
sphere {
	<12.404925, 21.867687, 14.082380> 0.100000
	pigment { color rgbt <1,0,0,0> }
	no_shadow
}
sphere {
	0, 1
	scale<0.080000,0.200000,0.300000>
	matrix <-0.374448, -0.718312, -0.586359,
		0.786185, -0.581228, 0.209970,
		-0.491632, -0.382364, 0.782365,
		12.257436, 21.752977, 14.317090>
	pigment { color rgbt <0,1,1,0> }
	no_shadow
}
cylinder {
	<12.691300, 21.272070, 13.709046>,  <12.601578, 22.020634, 13.769434>, 0.130000
	pigment { color rgbt <1,0,0,0> }
	no_shadow
}

// nucleotide -1

// particle -1
sphere {
	<12.691300, 21.272070, 13.709046> 0.250000
	pigment { color rgbt <1,0,0,0> }
	no_shadow
}
cylinder {
	<12.359930, 21.399759, 13.893137>,  <12.161108, 21.476374, 14.003592>, 0.100000
	pigment { color rgbt <1,0,0,0> }
	no_shadow
}
cylinder {
	<12.359930, 21.399759, 13.893137>,  <12.691300, 21.272070, 13.709046>, 0.100000
	pigment { color rgbt <1,0,0,0> }
	no_shadow
}

// particle -1
sphere {
	<12.359930, 21.399759, 13.893137> 0.100000
	pigment { color rgbt <1,0,0,0> }
	no_shadow
}
sphere {
	0, 1
	scale<0.080000,0.200000,0.300000>
	matrix <-0.536948, -0.686437, -0.490398,
		0.159370, -0.653376, 0.740068,
		-0.828425, 0.319223, 0.460227,
		12.111403, 21.495527, 14.031205>
	pigment { color rgbt <0,1,1,0> }
	no_shadow
}
cylinder {
	<12.411491, 20.612793, 13.932099>,  <12.691300, 21.272070, 13.709046>, 0.130000
	pigment { color rgbt <1,0,0,0> }
	no_shadow
}

// nucleotide -1

// particle -1
sphere {
	<12.411491, 20.612793, 13.932099> 0.250000
	pigment { color rgbt <1,0,0,0> }
	no_shadow
}
cylinder {
	<12.110654, 20.875629, 13.952447>,  <11.930151, 21.033331, 13.964655>, 0.100000
	pigment { color rgbt <1,0,0,0> }
	no_shadow
}
cylinder {
	<12.110654, 20.875629, 13.952447>,  <12.411491, 20.612793, 13.932099>, 0.100000
	pigment { color rgbt <1,0,0,0> }
	no_shadow
}

// particle -1
sphere {
	<12.110654, 20.875629, 13.952447> 0.100000
	pigment { color rgbt <1,0,0,0> }
	no_shadow
}
sphere {
	0, 1
	scale<0.080000,0.200000,0.300000>
	matrix <-0.592674, -0.640565, -0.488275,
		-0.288256, -0.397377, 0.871206,
		-0.752094, 0.657090, 0.050868,
		11.885026, 21.072756, 13.967708>
	pigment { color rgbt <0,1,1,0> }
	no_shadow
}
cylinder {
	<11.902496, 20.367958, 14.354696>,  <12.411491, 20.612793, 13.932099>, 0.130000
	pigment { color rgbt <1,0,0,0> }
	no_shadow
}

// nucleotide -1

// particle -1
sphere {
	<11.902496, 20.367958, 14.354696> 0.250000
	pigment { color rgbt <1,0,0,0> }
	no_shadow
}
cylinder {
	<11.719096, 20.621643, 14.105681>,  <11.609056, 20.773853, 13.956273>, 0.100000
	pigment { color rgbt <1,0,0,0> }
	no_shadow
}
cylinder {
	<11.719096, 20.621643, 14.105681>,  <11.902496, 20.367958, 14.354696>, 0.100000
	pigment { color rgbt <1,0,0,0> }
	no_shadow
}

// particle -1
sphere {
	<11.719096, 20.621643, 14.105681> 0.100000
	pigment { color rgbt <1,0,0,0> }
	no_shadow
}
sphere {
	0, 1
	scale<0.080000,0.200000,0.300000>
	matrix <-0.571693, -0.746811, -0.339765,
		-0.680399, 0.200117, 0.704989,
		-0.458501, 0.634213, -0.622535,
		11.581546, 20.811907, 13.918921>
	pigment { color rgbt <0,1,1,0> }
	no_shadow
}
cylinder {
	<11.173184, 20.294024, 14.465849>,  <11.902496, 20.367958, 14.354696>, 0.130000
	pigment { color rgbt <1,0,0,0> }
	no_shadow
}

// nucleotide -1

// particle -1
sphere {
	<11.173184, 20.294024, 14.465849> 0.250000
	pigment { color rgbt <1,0,0,0> }
	no_shadow
}
cylinder {
	<11.205562, 20.468807, 14.107516>,  <11.224988, 20.573677, 13.892516>, 0.100000
	pigment { color rgbt <1,0,0,0> }
	no_shadow
}
cylinder {
	<11.205562, 20.468807, 14.107516>,  <11.173184, 20.294024, 14.465849>, 0.100000
	pigment { color rgbt <1,0,0,0> }
	no_shadow
}

// particle -1
sphere {
	<11.205562, 20.468807, 14.107516> 0.100000
	pigment { color rgbt <1,0,0,0> }
	no_shadow
}
sphere {
	0, 1
	scale<0.080000,0.200000,0.300000>
	matrix <-0.738833, -0.576968, -0.348185,
		-0.669009, 0.690054, 0.276138,
		0.080944, 0.436959, -0.895832,
		11.229845, 20.599895, 13.838767>
	pigment { color rgbt <0,1,1,0> }
	no_shadow
}
cylinder {
	<10.561991, 20.659937, 14.338775>,  <11.173184, 20.294024, 14.465849>, 0.130000
	pigment { color rgbt <1,0,0,0> }
	no_shadow
}

// nucleotide -1

// particle -1
sphere {
	<10.561991, 20.659937, 14.338775> 0.250000
	pigment { color rgbt <1,0,0,0> }
	no_shadow
}
cylinder {
	<10.731870, 20.552206, 13.993036>,  <10.833797, 20.487568, 13.785593>, 0.100000
	pigment { color rgbt <1,0,0,0> }
	no_shadow
}
cylinder {
	<10.731870, 20.552206, 13.993036>,  <10.561991, 20.659937, 14.338775>, 0.100000
	pigment { color rgbt <1,0,0,0> }
	no_shadow
}

// particle -1
sphere {
	<10.731870, 20.552206, 13.993036> 0.100000
	pigment { color rgbt <1,0,0,0> }
	no_shadow
}
sphere {
	0, 1
	scale<0.080000,0.200000,0.300000>
	matrix <-0.765606, -0.616401, -0.184114,
		-0.483197, 0.739942, -0.467982,
		0.424698, -0.269326, -0.864347,
		10.859279, 20.471409, 13.733732>
	pigment { color rgbt <0,1,1,0> }
	no_shadow
}
cylinder {
	<9.964288, 20.491402, 13.940145>,  <10.561991, 20.659937, 14.338775>, 0.130000
	pigment { color rgbt <1,0,0,0> }
	no_shadow
}

// nucleotide -1

// particle -1
sphere {
	<9.964288, 20.491402, 13.940145> 0.250000
	pigment { color rgbt <1,0,0,0> }
	no_shadow
}
cylinder {
	<10.280711, 20.303844, 13.782987>,  <10.470565, 20.191311, 13.688692>, 0.100000
	pigment { color rgbt <1,0,0,0> }
	no_shadow
}
cylinder {
	<10.280711, 20.303844, 13.782987>,  <9.964288, 20.491402, 13.940145>, 0.100000
	pigment { color rgbt <1,0,0,0> }
	no_shadow
}

// particle -1
sphere {
	<10.280711, 20.303844, 13.782987> 0.100000
	pigment { color rgbt <1,0,0,0> }
	no_shadow
}
sphere {
	0, 1
	scale<0.080000,0.200000,0.300000>
	matrix <-0.597333, -0.730626, -0.330725,
		-0.131985, 0.496312, -0.858052,
		0.791058, -0.468893, -0.392896,
		10.518028, 20.163177, 13.665118>
	pigment { color rgbt <0,1,1,0> }
	no_shadow
}
cylinder {
	<9.731250, 20.234896, 13.393135>,  <9.964288, 20.491402, 13.940145>, 0.130000
	pigment { color rgbt <1,0,0,0> }
	no_shadow
}

// nucleotide -1

// particle -1
sphere {
	<9.731250, 20.234896, 13.393135> 0.250000
	pigment { color rgbt <1,0,0,0> }
	no_shadow
}
cylinder {
	<10.049829, 19.995037, 13.424352>,  <10.240977, 19.851122, 13.443082>, 0.100000
	pigment { color rgbt <1,0,0,0> }
	no_shadow
}
cylinder {
	<10.049829, 19.995037, 13.424352>,  <9.731250, 20.234896, 13.393135>, 0.100000
	pigment { color rgbt <1,0,0,0> }
	no_shadow
}

// particle -1
sphere {
	<10.049829, 19.995037, 13.424352> 0.100000
	pigment { color rgbt <1,0,0,0> }
	no_shadow
}
sphere {
	0, 1
	scale<0.080000,0.200000,0.300000>
	matrix <-0.570700, -0.788043, -0.230846,
		0.199926, 0.139319, -0.969856,
		0.796450, -0.599648, 0.078040,
		10.288764, 19.815144, 13.447763>
	pigment { color rgbt <0,1,1,0> }
	no_shadow
}
cylinder {
	<9.660094, 19.825008, 12.851014>,  <9.731250, 20.234896, 13.393135>, 0.130000
	pigment { color rgbt <1,0,0,0> }
	no_shadow
}

// nucleotide -1

// particle -1
sphere {
	<9.660094, 19.825008, 12.851014> 0.250000
	pigment { color rgbt <1,0,0,0> }
	no_shadow
}
cylinder {
	<9.898924, 19.616245, 13.094691>,  <10.042221, 19.490988, 13.240897>, 0.100000
	pigment { color rgbt <1,0,0,0> }
	no_shadow
}
cylinder {
	<9.898924, 19.616245, 13.094691>,  <9.660094, 19.825008, 12.851014>, 0.100000
	pigment { color rgbt <1,0,0,0> }
	no_shadow
}

// particle -1
sphere {
	<9.898924, 19.616245, 13.094691> 0.100000
	pigment { color rgbt <1,0,0,0> }
	no_shadow
}
sphere {
	0, 1
	scale<0.080000,0.200000,0.300000>
	matrix <-0.394731, -0.852262, -0.343274,
		0.698349, -0.035508, -0.714876,
		0.597073, -0.521909, 0.609192,
		10.078046, 19.459673, 13.277449>
	pigment { color rgbt <0,1,1,0> }
	no_shadow
}
cylinder {
	<9.736608, 19.052555, 12.609057>,  <9.660094, 19.825008, 12.851014>, 0.130000
	pigment { color rgbt <1,0,0,0> }
	no_shadow
}

// nucleotide -1

// particle -1
sphere {
	<9.736608, 19.052555, 12.609057> 0.250000
	pigment { color rgbt <1,0,0,0> }
	no_shadow
}
cylinder {
	<9.884504, 19.000313, 12.977021>,  <9.973242, 18.968967, 13.197800>, 0.100000
	pigment { color rgbt <1,0,0,0> }
	no_shadow
}
cylinder {
	<9.884504, 19.000313, 12.977021>,  <9.736608, 19.052555, 12.609057>, 0.100000
	pigment { color rgbt <1,0,0,0> }
	no_shadow
}

// particle -1
sphere {
	<9.884504, 19.000313, 12.977021> 0.100000
	pigment { color rgbt <1,0,0,0> }
	no_shadow
}
sphere {
	0, 1
	scale<0.080000,0.200000,0.300000>
	matrix <-0.418879, -0.907180, 0.039562,
		0.829356, -0.399959, -0.390130,
		0.369741, -0.130606, 0.919910,
		9.995426, 18.961130, 13.252995>
	pigment { color rgbt <0,1,1,0> }
	no_shadow
}
cylinder {
	<10.089536, 18.437202, 12.513650>,  <9.736608, 19.052555, 12.609057>, 0.130000
	pigment { color rgbt <1,0,0,0> }
	no_shadow
}

// nucleotide -1

// particle -1
sphere {
	<10.089536, 18.437202, 12.513650> 0.250000
	pigment { color rgbt <1,0,0,0> }
	no_shadow
}
cylinder {
	<10.003365, 18.465488, 12.903233>,  <9.951662, 18.482460, 13.136982>, 0.100000
	pigment { color rgbt <1,0,0,0> }
	no_shadow
}
cylinder {
	<10.003365, 18.465488, 12.903233>,  <10.089536, 18.437202, 12.513650>, 0.100000
	pigment { color rgbt <1,0,0,0> }
	no_shadow
}

// particle -1
sphere {
	<10.003365, 18.465488, 12.903233> 0.100000
	pigment { color rgbt <1,0,0,0> }
	no_shadow
}
sphere {
	0, 1
	scale<0.080000,0.200000,0.300000>
	matrix <-0.224356, -0.974279, 0.021115,
		0.950398, -0.213964, 0.225752,
		-0.215428, 0.070716, 0.973956,
		9.938736, 18.486704, 13.195419>
	pigment { color rgbt <0,1,1,0> }
	no_shadow
}
cylinder {
	<10.294109, 17.817261, 12.817453>,  <10.089536, 18.437202, 12.513650>, 0.130000
