// switches for output
#declare DRAW_BASES = 1; // possible values are 0, 1; only relevant for DNA ribbons
#declare DRAW_BASES_TYPE = 3; // possible values are 1, 2, 3; only relevant for DNA ribbons
#declare DRAW_FOG = 0; // set to 1 to enable fog

#include "colors.inc"

#include "transforms.inc"
background { rgb <1, 1, 1>}

#default {
   normal{
       ripples 0.25
       frequency 0.20
       turbulence 0.2
       lambda 5
   }
	finish {
		phong 0.1
		phong_size 40.
	}
}

// original window dimensions: 1024x640


// camera settings

camera {
	sky <0, 0.179814, -0.983701>
	up <0, 0.179814, -0.983701>
	right 1.6 * <1, 0, 0>
	location <25.469, 94.9851, 44.8844>
	look_at <25.469, 29.3977, 32.8955>
	direction <0, -65.5874, -11.9889>
	angle 67.0682
}


# declare cpy_camera_pos = <25.469, 94.9851, 44.8844>;
# if (DRAW_FOG = 1)
fog {
	fog_type 2
	up vnormalize(cpy_camera_pos)
	color rgbt<1,1,1,0.3>
	distance 1e-5
	fog_alt 3e-3
	fog_offset 28
}
# end


// LIGHTS

# declare lum = 6;
global_settings {
	ambient_light rgb lum * <0.05, 0.05, 0.05>
	max_trace_level 15
}# declare cpy_direct_light_amount = 0.25;
light_source
{	1000 * <-1, -1.16351, -0.803887>,
	rgb lum * cpy_direct_light_amount
	parallel
}

light_source
{	1000 * <1, 1.16351, 0.803887>,
	rgb lum * cpy_direct_light_amount
	parallel
}

// strand 0

// nucleotide -1

// particle -1
sphere {
	<4.263379, 15.197168, 15.397858> 0.250000
	pigment { color rgbt <1,0,0,0> }
	no_shadow
}
cylinder {
	<4.159696, 15.164483, 15.012914>,  <4.097486, 15.144872, 14.781947>, 0.100000
	pigment { color rgbt <1,0,0,0> }
	no_shadow
}
cylinder {
	<4.159696, 15.164483, 15.012914>,  <4.263379, 15.197168, 15.397858>, 0.100000
	pigment { color rgbt <1,0,0,0> }
	no_shadow
}

// particle -1
sphere {
	<4.159696, 15.164483, 15.012914> 0.100000
	pigment { color rgbt <1,0,0,0> }
	no_shadow
}
sphere {
	0, 1
	scale<0.080000,0.200000,0.300000>
	matrix <0.879378, 0.392066, -0.270146,
		0.399383, -0.916301, -0.029768,
		-0.259206, -0.081714, -0.962359,
		4.081933, 15.139969, 14.724206>
	pigment { color rgbt <0,1,1,0> }
	no_shadow
}
cylinder {
	<4.797906, 14.766657, 14.990738>,  <4.263379, 15.197168, 15.397858>, 0.130000
	pigment { color rgbt <1,0,0,0> }
	no_shadow
}

// nucleotide -1

// particle -1
sphere {
	<4.797906, 14.766657, 14.990738> 0.250000
	pigment { color rgbt <1,0,0,0> }
	no_shadow
}
cylinder {
	<4.621101, 15.071117, 14.800885>,  <4.515019, 15.253794, 14.686974>, 0.100000
	pigment { color rgbt <1,0,0,0> }
	no_shadow
}
cylinder {
	<4.621101, 15.071117, 14.800885>,  <4.797906, 14.766657, 14.990738>, 0.100000
	pigment { color rgbt <1,0,0,0> }
	no_shadow
}

// particle -1
sphere {
	<4.621101, 15.071117, 14.800885> 0.100000
	pigment { color rgbt <1,0,0,0> }
	no_shadow
}
sphere {
	0, 1
	scale<0.080000,0.200000,0.300000>
	matrix <0.896887, 0.366275, -0.247863,
		-0.014816, -0.535249, -0.844564,
		-0.442011, 0.761151, -0.474631,
		4.488498, 15.299463, 14.658496>
	pigment { color rgbt <0,1,1,0> }
	no_shadow
}
cylinder {
	<5.184559, 14.810576, 14.296564>,  <4.797906, 14.766657, 14.990738>, 0.130000
	pigment { color rgbt <1,0,0,0> }
	no_shadow
}

// nucleotide -1

// particle -1
sphere {
	<5.184559, 14.810576, 14.296564> 0.250000
	pigment { color rgbt <1,0,0,0> }
	no_shadow
}
cylinder {
	<5.030858, 15.164566, 14.401765>,  <4.938637, 15.376960, 14.464885>, 0.100000
	pigment { color rgbt <1,0,0,0> }
	no_shadow
}
cylinder {
	<5.030858, 15.164566, 14.401765>,  <5.184559, 14.810576, 14.296564>, 0.100000
	pigment { color rgbt <1,0,0,0> }
	no_shadow
}

// particle -1
sphere {
	<5.030858, 15.164566, 14.401765> 0.100000
	pigment { color rgbt <1,0,0,0> }
	no_shadow
}
sphere {
	0, 1
	scale<0.080000,0.200000,0.300000>
	matrix <0.848830, 0.450687, -0.276350,
		-0.363094, 0.117055, -0.924371,
		-0.384254, 0.884974, 0.263001,
		4.915581, 15.430058, 14.480665>
	pigment { color rgbt <0,1,1,0> }
	no_shadow
}
cylinder {
	<5.862009, 14.601893, 14.027479>,  <5.184559, 14.810576, 14.296564>, 0.130000
	pigment { color rgbt <1,0,0,0> }
	no_shadow
}

// nucleotide -1

// particle -1
sphere {
	<5.862009, 14.601893, 14.027479> 0.250000
	pigment { color rgbt <1,0,0,0> }
	no_shadow
}
cylinder {
	<6.165045, 14.358336, 14.121549>,  <6.346867, 14.212202, 14.177991>, 0.100000
	pigment { color rgbt <1,0,0,0> }
	no_shadow
}
cylinder {
	<6.165045, 14.358336, 14.121549>,  <5.862009, 14.601893, 14.027479>, 0.100000
	pigment { color rgbt <1,0,0,0> }
	no_shadow
}

// particle -1
sphere {
	<6.165045, 14.358336, 14.121549> 0.100000
	pigment { color rgbt <1,0,0,0> }
	no_shadow
}
sphere {
	0, 1
	scale<0.080000,0.200000,0.300000>
	matrix <0.254334, 0.607184, 0.752756,
		-0.601142, -0.510468, 0.614859,
		0.757590, -0.608893, 0.235174,
		6.392323, 14.175669, 14.192101>
	pigment { color rgbt <0,1,1,0> }
	no_shadow
}
cylinder {
	<5.702566, 14.340376, 14.706958>,  <5.862009, 14.601893, 14.027479>, 0.130000
	pigment { color rgbt <1,0,0,0> }
	no_shadow
}

// nucleotide -1

// particle -1
sphere {
	<5.702566, 14.340376, 14.706958> 0.250000
	pigment { color rgbt <1,0,0,0> }
	no_shadow
}
cylinder {
	<6.093283, 14.356209, 14.622758>,  <6.327713, 14.365708, 14.572238>, 0.100000
	pigment { color rgbt <1,0,0,0> }
	no_shadow
}
cylinder {
	<6.093283, 14.356209, 14.622758>,  <5.702566, 14.340376, 14.706958>, 0.100000
	pigment { color rgbt <1,0,0,0> }
	no_shadow
}

// particle -1
sphere {
	<6.093283, 14.356209, 14.622758> 0.100000
	pigment { color rgbt <1,0,0,0> }
	no_shadow
}
sphere {
	0, 1
	scale<0.080000,0.200000,0.300000>
	matrix <0.152157, 0.563452, 0.812016,
		0.150748, -0.825200, 0.544353,
		0.976792, 0.039582, -0.210499,
		6.386321, 14.368084, 14.559608>
	pigment { color rgbt <0,1,1,0> }
	no_shadow
}
cylinder {
	<6.028925, 14.318215, 15.370734>,  <5.702566, 14.340376, 14.706958>, 0.130000
	pigment { color rgbt <1,0,0,0> }
	no_shadow
}

// nucleotide -1

// particle -1
sphere {
	<6.028925, 14.318215, 15.370734> 0.250000
	pigment { color rgbt <1,0,0,0> }
	no_shadow
}
cylinder {
	<6.329280, 14.466458, 15.152079>,  <6.509494, 14.555405, 15.020885>, 0.100000
	pigment { color rgbt <1,0,0,0> }
	no_shadow
}
cylinder {
	<6.329280, 14.466458, 15.152079>,  <6.028925, 14.318215, 15.370734>, 0.100000
	pigment { color rgbt <1,0,0,0> }
	no_shadow
}

// particle -1
sphere {
	<6.329280, 14.466458, 15.152079> 0.100000
	pigment { color rgbt <1,0,0,0> }
	no_shadow
}
sphere {
	0, 1
	scale<0.080000,0.200000,0.300000>
	matrix <0.128699, 0.729723, 0.671522,
		0.647765, -0.574591, 0.500245,
		0.750891, 0.370607, -0.546638,
		6.554547, 14.577641, 14.988087>
	pigment { color rgbt <0,1,1,0> }
	no_shadow
}
cylinder {
	<6.494480, 14.512572, 15.821978>,  <6.028925, 14.318215, 15.370734>, 0.130000
	pigment { color rgbt <1,0,0,0> }
	no_shadow
}

// nucleotide -1

// particle -1
sphere {
	<6.494480, 14.512572, 15.821978> 0.250000
	pigment { color rgbt <1,0,0,0> }
	no_shadow
}
cylinder {
	<6.629263, 14.717952, 15.506300>,  <6.710133, 14.841180, 15.316893>, 0.100000
	pigment { color rgbt <1,0,0,0> }
	no_shadow
}
cylinder {
	<6.629263, 14.717952, 15.506300>,  <6.494480, 14.512572, 15.821978>, 0.100000
	pigment { color rgbt <1,0,0,0> }
	no_shadow
}

// particle -1
sphere {
	<6.629263, 14.717952, 15.506300> 0.100000
	pigment { color rgbt <1,0,0,0> }
	no_shadow
}
sphere {
	0, 1
	scale<0.080000,0.200000,0.300000>
	matrix <0.271009, 0.749846, 0.603560,
		0.901673, -0.417253, 0.113517,
		0.336958, 0.513450, -0.789196,
		6.730351, 14.871986, 15.269542>
	pigment { color rgbt <0,1,1,0> }
	no_shadow
}
cylinder {
	<7.216194, 14.675449, 15.969210>,  <6.494480, 14.512572, 15.821978>, 0.130000
	pigment { color rgbt <1,0,0,0> }
	no_shadow
}

// nucleotide -1

// particle -1
sphere {
	<7.216194, 14.675449, 15.969210> 0.250000
	pigment { color rgbt <1,0,0,0> }
	no_shadow
}
cylinder {
	<7.019828, 14.922373, 15.723304>,  <6.902009, 15.070527, 15.575761>, 0.100000
	pigment { color rgbt <1,0,0,0> }
	no_shadow
}
cylinder {
	<7.019828, 14.922373, 15.723304>,  <7.216194, 14.675449, 15.969210>, 0.100000
	pigment { color rgbt <1,0,0,0> }
	no_shadow
}

// particle -1
sphere {
	<7.019828, 14.922373, 15.723304> 0.100000
	pigment { color rgbt <1,0,0,0> }
	no_shadow
}
sphere {
	0, 1
	scale<0.080000,0.200000,0.300000>
	matrix <0.209564, 0.768598, 0.604434,
		0.845628, 0.167893, -0.506681,
		-0.490914, 0.617308, -0.614763,
		6.872554, 15.107565, 15.538875>
	pigment { color rgbt <0,1,1,0> }
	no_shadow
}
cylinder {
	<7.648746, 15.186864, 15.820453>,  <7.216194, 14.675449, 15.969210>, 0.130000
	pigment { color rgbt <1,0,0,0> }
	no_shadow
}

// nucleotide -1

// particle -1
sphere {
	<7.648746, 15.186864, 15.820453> 0.250000
	pigment { color rgbt <1,0,0,0> }
	no_shadow
}
cylinder {
	<7.287836, 15.352804, 15.773470>,  <7.071290, 15.452368, 15.745280>, 0.100000
	pigment { color rgbt <1,0,0,0> }
	no_shadow
}
cylinder {
	<7.287836, 15.352804, 15.773470>,  <7.648746, 15.186864, 15.820453>, 0.100000
	pigment { color rgbt <1,0,0,0> }
	no_shadow
}

// particle -1
sphere {
	<7.287836, 15.352804, 15.773470> 0.100000
	pigment { color rgbt <1,0,0,0> }
	no_shadow
}
sphere {
	0, 1
	scale<0.080000,0.200000,0.300000>
	matrix <0.264160, 0.747200, 0.609845,
		0.340759, 0.519222, -0.783768,
		-0.902277, 0.414850, -0.117457,
		7.017153, 15.477260, 15.738233>
	pigment { color rgbt <0,1,1,0> }
	no_shadow
}
cylinder {
	<7.833342, 15.850024, 15.947379>,  <7.648746, 15.186864, 15.820453>, 0.130000
	pigment { color rgbt <1,0,0,0> }
	no_shadow
}

// nucleotide -1

// particle -1
sphere {
	<7.833342, 15.850024, 15.947379> 0.250000
	pigment { color rgbt <1,0,0,0> }
	no_shadow
}
cylinder {
	<7.433813, 15.868063, 15.940200>,  <7.194096, 15.878886, 15.935892>, 0.100000
	pigment { color rgbt <1,0,0,0> }
	no_shadow
}
cylinder {
	<7.433813, 15.868063, 15.940200>,  <7.833342, 15.850024, 15.947379>, 0.100000
	pigment { color rgbt <1,0,0,0> }
	no_shadow
}

// particle -1
sphere {
	<7.433813, 15.868063, 15.940200> 0.100000
	pigment { color rgbt <1,0,0,0> }
	no_shadow
}
sphere {
	0, 1
	scale<0.080000,0.200000,0.300000>
	matrix <0.028014, 0.837576, 0.545602,
		0.039638, 0.544456, -0.837852,
		-0.998821, 0.045098, -0.017948,
		7.134167, 15.881593, 15.934815>
	pigment { color rgbt <0,1,1,0> }
	no_shadow
}
cylinder {
	<7.604969, 16.572994, 15.679299>,  <7.833342, 15.850024, 15.947379>, 0.130000
	pigment { color rgbt <1,0,0,0> }
	no_shadow
}

// nucleotide -1

// particle -1
sphere {
	<7.604969, 16.572994, 15.679299> 0.250000
	pigment { color rgbt <1,0,0,0> }
	no_shadow
}
cylinder {
	<7.329595, 16.393246, 15.907027>,  <7.164371, 16.285397, 16.043665>, 0.100000
	pigment { color rgbt <1,0,0,0> }
	no_shadow
}
cylinder {
	<7.329595, 16.393246, 15.907027>,  <7.604969, 16.572994, 15.679299>, 0.100000
	pigment { color rgbt <1,0,0,0> }
	no_shadow
}

// particle -1
sphere {
	<7.329595, 16.393246, 15.907027> 0.100000
	pigment { color rgbt <1,0,0,0> }
	no_shadow
}
sphere {
	0, 1
	scale<0.080000,0.200000,0.300000>
	matrix <0.051610, 0.752606, 0.656446,
		-0.723461, 0.481302, -0.494927,
		-0.688433, -0.449370, 0.569321,
		7.123065, 16.258434, 16.077824>
	pigment { color rgbt <0,1,1,0> }
	no_shadow
}
cylinder {
	<7.248075, 17.086796, 15.947054>,  <7.604969, 16.572994, 15.679299>, 0.130000
	pigment { color rgbt <1,0,0,0> }
	no_shadow
}

// nucleotide -1

// particle -1
sphere {
	<7.248075, 17.086796, 15.947054> 0.250000
	pigment { color rgbt <1,0,0,0> }
	no_shadow
}
cylinder {
	<7.178741, 16.798771, 16.215818>,  <7.137140, 16.625956, 16.377077>, 0.100000
	pigment { color rgbt <1,0,0,0> }
	no_shadow
}
cylinder {
	<7.178741, 16.798771, 16.215818>,  <7.248075, 17.086796, 15.947054>, 0.100000
	pigment { color rgbt <1,0,0,0> }
	no_shadow
}

// particle -1
sphere {
	<7.178741, 16.798771, 16.215818> 0.100000
	pigment { color rgbt <1,0,0,0> }
	no_shadow
}
sphere {
	0, 1
	scale<0.080000,0.200000,0.300000>
	matrix <0.097193, 0.666400, 0.739232,
		-0.980055, 0.193440, -0.045525,
		-0.173335, -0.720063, 0.671910,
		7.126740, 16.582752, 16.417391>
	pigment { color rgbt <0,1,1,0> }
	no_shadow
}
cylinder {
	<7.325050, 17.453039, 16.408457>,  <7.248075, 17.086796, 15.947054>, 0.130000
	pigment { color rgbt <1,0,0,0> }
	no_shadow
}

// nucleotide -1

// particle -1
sphere {
	<7.325050, 17.453039, 16.408457> 0.250000
	pigment { color rgbt <1,0,0,0> }
	no_shadow
}
cylinder {
	<7.251976, 17.104490, 16.590593>,  <7.208132, 16.895361, 16.699875>, 0.100000
	pigment { color rgbt <1,0,0,0> }
	no_shadow
}
cylinder {
	<7.251976, 17.104490, 16.590593>,  <7.325050, 17.453039, 16.408457>, 0.100000
	pigment { color rgbt <1,0,0,0> }
	no_shadow
}

// particle -1
sphere {
	<7.251976, 17.104490, 16.590593> 0.100000
	pigment { color rgbt <1,0,0,0> }
	no_shadow
}
sphere {
	0, 1
	scale<0.080000,0.200000,0.300000>
	matrix <0.040890, 0.455999, 0.889040,
		-0.982321, 0.181033, -0.047674,
		-0.182685, -0.871373, 0.455340,
		7.197171, 16.843079, 16.727196>
	pigment { color rgbt <0,1,1,0> }
	no_shadow
}
cylinder {
	<6.703033, 17.624802, 16.906219>,  <7.325050, 17.453039, 16.408457>, 0.130000
	pigment { color rgbt <1,0,0,0> }
	no_shadow
}

// nucleotide -1

// particle -1
sphere {
	<6.703033, 17.624802, 16.906219> 0.250000
	pigment { color rgbt <1,0,0,0> }
	no_shadow
}
cylinder {
	<6.974417, 17.343275, 16.990442>,  <7.137247, 17.174358, 17.040976>, 0.100000
	pigment { color rgbt <1,0,0,0> }
	no_shadow
}
cylinder {
	<6.974417, 17.343275, 16.990442>,  <6.703033, 17.624802, 16.906219>, 0.100000
	pigment { color rgbt <1,0,0,0> }
	no_shadow
}

// particle -1
sphere {
	<6.974417, 17.343275, 16.990442> 0.100000
	pigment { color rgbt <1,0,0,0> }
	no_shadow
}
sphere {
	0, 1
	scale<0.080000,0.200000,0.300000>
	matrix <0.263269, 0.500514, 0.824727,
		-0.685844, -0.504111, 0.524872,
		0.678460, -0.703817, 0.210558,
		7.177955, 17.132130, 17.053610>
	pigment { color rgbt <0,1,1,0> }
	no_shadow
}
cylinder {
	<6.729806, 17.626244, 17.660828>,  <6.703033, 17.624802, 16.906219>, 0.130000
	pigment { color rgbt <1,0,0,0> }
	no_shadow
}

// nucleotide -1

// particle -1
sphere {
	<6.729806, 17.626244, 17.660828> 0.250000
	pigment { color rgbt <1,0,0,0> }
	no_shadow
}
cylinder {
	<7.067441, 17.447119, 17.542860>,  <7.270023, 17.339643, 17.472080>, 0.100000
	pigment { color rgbt <1,0,0,0> }
	no_shadow
}
cylinder {
	<7.067441, 17.447119, 17.542860>,  <6.729806, 17.626244, 17.660828>, 0.100000
	pigment { color rgbt <1,0,0,0> }
	no_shadow
}

// particle -1
sphere {
	<7.067441, 17.447119, 17.542860> 0.100000
	pigment { color rgbt <1,0,0,0> }
	no_shadow
}
sphere {
	0, 1
	scale<0.080000,0.200000,0.300000>
	matrix <0.505226, 0.479983, 0.717191,
		-0.179611, -0.754374, 0.631395,
		0.844089, -0.447813, -0.294919,
		7.320668, 17.312775, 17.454384>
	pigment { color rgbt <0,1,1,0> }
	no_shadow
}
cylinder {
	<7.050848, 17.427578, 18.224478>,  <6.729806, 17.626244, 17.660828>, 0.130000
	pigment { color rgbt <1,0,0,0> }
	no_shadow
}

// nucleotide -1

// particle -1
sphere {
	<7.050848, 17.427578, 18.224478> 0.250000
	pigment { color rgbt <1,0,0,0> }
	no_shadow
}
cylinder {
	<7.346231, 17.439457, 17.955021>,  <7.523462, 17.446585, 17.793346>, 0.100000
	pigment { color rgbt <1,0,0,0> }
	no_shadow
}
cylinder {
	<7.346231, 17.439457, 17.955021>,  <7.050848, 17.427578, 18.224478>, 0.100000
	pigment { color rgbt <1,0,0,0> }
	no_shadow
}

// particle -1
sphere {
	<7.346231, 17.439457, 17.955021> 0.100000
	pigment { color rgbt <1,0,0,0> }
	no_shadow
}
sphere {
	0, 1
	scale<0.080000,0.200000,0.300000>
	matrix <0.640640, 0.280788, 0.714660,
		0.210374, -0.959310, 0.188325,
		0.738460, 0.029697, -0.673643,
		7.567770, 17.448366, 17.752928>
	pigment { color rgbt <0,1,1,0> }
	no_shadow
}
cylinder {
	<7.576253, 17.112429, 18.597012>,  <7.050848, 17.427578, 18.224478>, 0.130000
	pigment { color rgbt <1,0,0,0> }
	no_shadow
}

// nucleotide -1

// particle -1
sphere {
	<7.576253, 17.112429, 18.597012> 0.250000
	pigment { color rgbt <1,0,0,0> }
	no_shadow
}
cylinder {
	<7.734793, 17.311245, 18.288244>,  <7.829917, 17.430534, 18.102983>, 0.100000
	pigment { color rgbt <1,0,0,0> }
	no_shadow
}
cylinder {
	<7.734793, 17.311245, 18.288244>,  <7.576253, 17.112429, 18.597012>, 0.100000
	pigment { color rgbt <1,0,0,0> }
	no_shadow
}

// particle -1
sphere {
	<7.734793, 17.311245, 18.288244> 0.100000
	pigment { color rgbt <1,0,0,0> }
	no_shadow
}
sphere {
	0, 1
	scale<0.080000,0.200000,0.300000>
	matrix <0.684167, 0.400764, 0.609347,
		0.612227, -0.769635, -0.181216,
		0.396350, 0.497040, -0.771918,
		7.853698, 17.460358, 18.056669>
	pigment { color rgbt <0,1,1,0> }
	no_shadow
}
cylinder {
	<8.236429, 17.011436, 18.664368>,  <7.576253, 17.112429, 18.597012>, 0.130000
	pigment { color rgbt <1,0,0,0> }
	no_shadow
}

// nucleotide -1

// particle -1
sphere {
	<8.236429, 17.011436, 18.664368> 0.250000
	pigment { color rgbt <1,0,0,0> }
	no_shadow
}
cylinder {
	<8.210938, 17.347919, 18.449591>,  <8.195642, 17.549809, 18.320724>, 0.100000
	pigment { color rgbt <1,0,0,0> }
	no_shadow
}
cylinder {
	<8.210938, 17.347919, 18.449591>,  <8.236429, 17.011436, 18.664368>, 0.100000
	pigment { color rgbt <1,0,0,0> }
	no_shadow
}

// particle -1
sphere {
	<8.210938, 17.347919, 18.449591> 0.100000
	pigment { color rgbt <1,0,0,0> }
	no_shadow
}
sphere {
	0, 1
	scale<0.080000,0.200000,0.300000>
	matrix <0.650579, 0.443015, 0.616835,
		0.756760, -0.310013, -0.575505,
		-0.063730, 0.841208, -0.536944,
		8.191818, 17.600281, 18.288507>
	pigment { color rgbt <0,1,1,0> }
	no_shadow
}
cylinder {
	<8.840010, 17.326075, 18.813992>,  <8.236429, 17.011436, 18.664368>, 0.130000
	pigment { color rgbt <1,0,0,0> }
	no_shadow
}

// nucleotide -1

// particle -1
sphere {
	<8.840010, 17.326075, 18.813992> 0.250000
	pigment { color rgbt <1,0,0,0> }
	no_shadow
}
cylinder {
	<8.613173, 17.608400, 18.644175>,  <8.477072, 17.777796, 18.542284>, 0.100000
	pigment { color rgbt <1,0,0,0> }
	no_shadow
}
cylinder {
	<8.613173, 17.608400, 18.644175>,  <8.840010, 17.326075, 18.813992>, 0.100000
	pigment { color rgbt <1,0,0,0> }
	no_shadow
}

// particle -1
sphere {
	<8.613173, 17.608400, 18.644175> 0.100000
	pigment { color rgbt <1,0,0,0> }
	no_shadow
}
sphere {
	0, 1
	scale<0.080000,0.200000,0.300000>
	matrix <0.592606, 0.707613, 0.384840,
		0.572037, -0.033347, -0.819550,
		-0.567091, 0.705813, -0.424542,
		8.443046, 17.820145, 18.516811>
	pigment { color rgbt <0,1,1,0> }
	no_shadow
}
cylinder {
	<9.276196, 17.858791, 18.454821>,  <8.840010, 17.326075, 18.813992>, 0.130000
	pigment { color rgbt <1,0,0,0> }
	no_shadow
}

// nucleotide -1

// particle -1
sphere {
	<9.276196, 17.858791, 18.454821> 0.250000
	pigment { color rgbt <1,0,0,0> }
	no_shadow
}
cylinder {
	<8.923799, 18.028299, 18.538980>,  <8.712359, 18.130003, 18.589476>, 0.100000
	pigment { color rgbt <1,0,0,0> }
	no_shadow
}
cylinder {
	<8.923799, 18.028299, 18.538980>,  <9.276196, 17.858791, 18.454821>, 0.100000
	pigment { color rgbt <1,0,0,0> }
	no_shadow
}

// particle -1
sphere {
	<8.923799, 18.028299, 18.538980> 0.100000
	pigment { color rgbt <1,0,0,0> }
	no_shadow
}
sphere {
	0, 1
	scale<0.080000,0.200000,0.300000>
	matrix <0.472584, 0.809448, 0.348509,
		-0.022620, 0.406466, -0.913386,
		-0.880995, 0.423768, 0.210399,
		8.659500, 18.155430, 18.602100>
	pigment { color rgbt <0,1,1,0> }
	no_shadow
}
cylinder {
	<9.388722, 18.549374, 18.215933>,  <9.276196, 17.858791, 18.454821>, 0.130000
	pigment { color rgbt <1,0,0,0> }
	no_shadow
}

// nucleotide -1

// particle -1
sphere {
	<9.388722, 18.549374, 18.215933> 0.250000
	pigment { color rgbt <1,0,0,0> }
	no_shadow
}
cylinder {
	<9.056105, 18.547167, 18.438105>,  <8.856534, 18.545843, 18.571407>, 0.100000
	pigment { color rgbt <1,0,0,0> }
	no_shadow
}
cylinder {
	<9.056105, 18.547167, 18.438105>,  <9.388722, 18.549374, 18.215933>, 0.100000
	pigment { color rgbt <1,0,0,0> }
	no_shadow
}

// particle -1
sphere {
	<9.056105, 18.547167, 18.438105> 0.100000
	pigment { color rgbt <1,0,0,0> }
	no_shadow
}
sphere {
	0, 1
	scale<0.080000,0.200000,0.300000>
	matrix <0.264708, 0.875166, 0.404988,
		-0.488328, 0.483792, -0.726279,
		-0.831544, -0.005515, 0.555432,
		8.806642, 18.545513, 18.604734>
	pigment { color rgbt <0,1,1,0> }
	no_shadow
}
cylinder {
	<9.137242, 19.233023, 18.086315>,  <9.388722, 18.549374, 18.215933>, 0.130000
	pigment { color rgbt <1,0,0,0> }
	no_shadow
}

// nucleotide -1

// particle -1
sphere {
	<9.137242, 19.233023, 18.086315> 0.250000
	pigment { color rgbt <1,0,0,0> }
	no_shadow
}
cylinder {
	<8.992132, 19.108681, 18.437716>,  <8.905066, 19.034075, 18.648556>, 0.100000
	pigment { color rgbt <1,0,0,0> }
	no_shadow
}
cylinder {
	<8.992132, 19.108681, 18.437716>,  <9.137242, 19.233023, 18.086315>, 0.100000
	pigment { color rgbt <1,0,0,0> }
	no_shadow
}

// particle -1
sphere {
	<8.992132, 19.108681, 18.437716> 0.100000
	pigment { color rgbt <1,0,0,0> }
	no_shadow
}
sphere {
	0, 1
	scale<0.080000,0.200000,0.300000>
	matrix <0.354143, 0.826003, 0.438523,
		-0.861961, 0.470200, -0.189567,
		-0.362776, -0.310856, 0.878500,
		8.883299, 19.015425, 18.701265>
	pigment { color rgbt <0,1,1,0> }
	no_shadow
}
cylinder {
	<9.035527, 19.859865, 18.398872>,  <9.137242, 19.233023, 18.086315>, 0.130000
	pigment { color rgbt <1,0,0,0> }
	no_shadow
}

// nucleotide -1

// particle -1
sphere {
	<9.035527, 19.859865, 18.398872> 0.250000
	pigment { color rgbt <1,0,0,0> }
	no_shadow
}
cylinder {
	<9.025995, 19.596275, 18.699587>,  <9.020276, 19.438122, 18.880016>, 0.100000
	pigment { color rgbt <1,0,0,0> }
	no_shadow
}
cylinder {
	<9.025995, 19.596275, 18.699587>,  <9.035527, 19.859865, 18.398872>, 0.100000
	pigment { color rgbt <1,0,0,0> }
	no_shadow
}

// particle -1
sphere {
	<9.025995, 19.596275, 18.699587> 0.100000
	pigment { color rgbt <1,0,0,0> }
	no_shadow
}
sphere {
	0, 1
	scale<0.080000,0.200000,0.300000>
	matrix <0.460268, 0.660329, 0.593396,
		-0.887460, 0.360165, 0.287569,
		-0.023830, -0.658974, 0.751788,
		9.018847, 19.398582, 18.925123>
	pigment { color rgbt <0,1,1,0> }
	no_shadow
}
cylinder {
	<8.807335, 20.341436, 18.910484>,  <9.035527, 19.859865, 18.398872>, 0.130000
	pigment { color rgbt <1,0,0,0> }
	no_shadow
}

// nucleotide -1

// particle -1
sphere {
	<8.807335, 20.341436, 18.910484> 0.250000
	pigment { color rgbt <1,0,0,0> }
	no_shadow
}
cylinder {
	<8.990550, 20.024265, 19.071215>,  <9.100479, 19.833961, 19.167652>, 0.100000
	pigment { color rgbt <1,0,0,0> }
	no_shadow
}
cylinder {
	<8.990550, 20.024265, 19.071215>,  <8.807335, 20.341436, 18.910484>, 0.100000
	pigment { color rgbt <1,0,0,0> }
	no_shadow
}

// particle -1
sphere {
	<8.990550, 20.024265, 19.071215> 0.100000
	pigment { color rgbt <1,0,0,0> }
	no_shadow
}
sphere {
	0, 1
	scale<0.080000,0.200000,0.300000>
	matrix <0.368288, 0.580684, 0.726064,
		-0.809052, -0.184577, 0.558002,
		0.458037, -0.792930, 0.401826,
		9.127961, 19.786386, 19.191763>
	pigment { color rgbt <0,1,1,0> }
	no_shadow
}
cylinder {
	<8.531241, 20.322805, 19.538820>,  <8.807335, 20.341436, 18.910484>, 0.130000
	pigment { color rgbt <1,0,0,0> }
	no_shadow
}

// nucleotide -1

// particle -1
sphere {
	<8.531241, 20.322805, 19.538820> 0.250000
	pigment { color rgbt <1,0,0,0> }
	no_shadow
}
cylinder {
	<8.889855, 20.155926, 19.479263>,  <9.105023, 20.055798, 19.443529>, 0.100000
	pigment { color rgbt <1,0,0,0> }
	no_shadow
}
cylinder {
	<8.889855, 20.155926, 19.479263>,  <8.531241, 20.322805, 19.538820>, 0.100000
	pigment { color rgbt <1,0,0,0> }
	no_shadow
}

// particle -1
sphere {
	<8.889855, 20.155926, 19.479263> 0.100000
	pigment { color rgbt <1,0,0,0> }
	no_shadow
}
sphere {
	0, 1
	scale<0.080000,0.200000,0.300000>
	matrix <0.401105, 0.621922, 0.672554,
		-0.187988, -0.662690, 0.724916,
		0.896535, -0.417200, -0.148895,
		9.158816, 20.030766, 19.434595>
	pigment { color rgbt <0,1,1,0> }
	no_shadow
}
cylinder {
	<8.788011, 20.102463, 20.279371>,  <8.531241, 20.322805, 19.538820>, 0.130000
	pigment { color rgbt <1,0,0,0> }
	no_shadow
}

// nucleotide -1

// particle -1
sphere {
	<8.788011, 20.102463, 20.279371> 0.250000
	pigment { color rgbt <1,0,0,0> }
	no_shadow
}
cylinder {
	<9.091334, 20.151169, 20.023203>,  <9.273329, 20.180393, 19.869501>, 0.100000
	pigment { color rgbt <1,0,0,0> }
	no_shadow
}
cylinder {
	<9.091334, 20.151169, 20.023203>,  <8.788011, 20.102463, 20.279371>, 0.100000
	pigment { color rgbt <1,0,0,0> }
	no_shadow
}

// particle -1
sphere {
	<9.091334, 20.151169, 20.023203> 0.100000
	pigment { color rgbt <1,0,0,0> }
	no_shadow
}
sphere {
	0, 1
	scale<0.080000,0.200000,0.300000>
	matrix <0.496632, 0.528470, 0.688532,
		0.422280, -0.840175, 0.340274,
		0.758311, 0.121762, -0.640420,
		9.318828, 20.187698, 19.831076>
	pigment { color rgbt <0,1,1,0> }
	no_shadow
}
cylinder {
	<9.283420, 19.851854, 20.618986>,  <8.788011, 20.102463, 20.279371>, 0.130000
	pigment { color rgbt <1,0,0,0> }
	no_shadow
}

// nucleotide -1

// particle -1
sphere {
	<9.283420, 19.851854, 20.618986> 0.250000
	pigment { color rgbt <1,0,0,0> }
	no_shadow
}
cylinder {
	<9.384561, 20.137615, 20.358006>,  <9.445245, 20.309072, 20.201416>, 0.100000
	pigment { color rgbt <1,0,0,0> }
	no_shadow
}
cylinder {
	<9.384561, 20.137615, 20.358006>,  <9.283420, 19.851854, 20.618986>, 0.100000
	pigment { color rgbt <1,0,0,0> }
	no_shadow
}

// particle -1
sphere {
	<9.384561, 20.137615, 20.358006> 0.100000
	pigment { color rgbt <1,0,0,0> }
	no_shadow
}
sphere {
	0, 1
	scale<0.080000,0.200000,0.300000>
	matrix <0.420421, 0.526237, 0.739134,
		0.871385, -0.461197, -0.167290,
		0.252853, 0.714403, -0.652452,
		9.460417, 20.351936, 20.162270>
	pigment { color rgbt <0,1,1,0> }
	no_shadow
}
cylinder {
	<9.725206, 19.874666, 21.256140>,  <9.283420, 19.851854, 20.618986>, 0.130000
	pigment { color rgbt <1,0,0,0> }
	no_shadow
}

// nucleotide -1

// particle -1
sphere {
	<9.725206, 19.874666, 21.256140> 0.250000
	pigment { color rgbt <1,0,0,0> }
	no_shadow
}
cylinder {
	<10.122410, 19.847900, 21.217239>,  <10.360732, 19.831841, 21.193899>, 0.100000
	pigment { color rgbt <1,0,0,0> }
	no_shadow
}
cylinder {
	<10.122410, 19.847900, 21.217239>,  <9.725206, 19.874666, 21.256140>, 0.100000
	pigment { color rgbt <1,0,0,0> }
	no_shadow
}

// particle -1
sphere {
	<10.122410, 19.847900, 21.217239> 0.100000
	pigment { color rgbt <1,0,0,0> }
	no_shadow
}
sphere {
	0, 1
	scale<0.080000,0.200000,0.300000>
	matrix <0.114117, 0.333361, 0.935867,
		-0.030205, -0.940421, 0.338666,
		0.993008, -0.066916, -0.097249,
		10.420312, 19.827826, 21.188065>
	pigment { color rgbt <0,1,1,0> }
	no_shadow
}
cylinder {
	<10.007776, 19.475025, 21.776354>,  <9.725206, 19.874666, 21.256140>, 0.130000
	pigment { color rgbt <1,0,0,0> }
	no_shadow
}

// nucleotide -1

// particle -1
sphere {
	<10.007776, 19.475025, 21.776354> 0.250000
	pigment { color rgbt <1,0,0,0> }
	no_shadow
}
cylinder {
	<10.283057, 19.753061, 21.693186>,  <10.448226, 19.919882, 21.643286>, 0.100000
	pigment { color rgbt <1,0,0,0> }
	no_shadow
}
cylinder {
	<10.283057, 19.753061, 21.693186>,  <10.007776, 19.475025, 21.776354>, 0.100000
	pigment { color rgbt <1,0,0,0> }
	no_shadow
}

// particle -1
sphere {
	<10.283057, 19.753061, 21.693186> 0.100000
	pigment { color rgbt <1,0,0,0> }
	no_shadow
}
sphere {
	0, 1
	scale<0.080000,0.200000,0.300000>
	matrix <0.053270, 0.237395, 0.969951,
		0.723562, -0.678597, 0.126349,
		0.688201, 0.695089, -0.207919,
		10.489517, 19.961588, 21.630810>
	pigment { color rgbt <0,1,1,0> }
	no_shadow
}
cylinder {
	<9.584564, 19.362413, 22.366245>,  <10.007776, 19.475025, 21.776354>, 0.130000
	pigment { color rgbt <1,0,0,0> }
	no_shadow
}

// nucleotide -1

// particle -1
sphere {
	<9.584564, 19.362413, 22.366245> 0.250000
	pigment { color rgbt <1,0,0,0> }
	no_shadow
}
cylinder {
	<9.559260, 19.613306, 22.055742>,  <9.544078, 19.763842, 21.869440>, 0.100000
	pigment { color rgbt <1,0,0,0> }
	no_shadow
}
cylinder {
	<9.559260, 19.613306, 22.055742>,  <9.584564, 19.362413, 22.366245>, 0.100000
	pigment { color rgbt <1,0,0,0> }
	no_shadow
}

// particle -1
sphere {
	<9.559260, 19.613306, 22.055742> 0.100000
	pigment { color rgbt <1,0,0,0> }
	no_shadow
}
sphere {
	0, 1
	scale<0.080000,0.200000,0.300000>
	matrix <-0.326287, -0.748070, -0.577866,
		-0.943152, 0.216727, 0.251980,
		-0.063260, 0.627233, -0.776259,
		9.540282, 19.801476, 21.822865>
	pigment { color rgbt <0,1,1,0> }
	no_shadow
}
cylinder {
	<9.411921, 18.779682, 21.924038>,  <9.584564, 19.362413, 22.366245>, 0.130000
	pigment { color rgbt <1,0,0,0> }
	no_shadow
}

// nucleotide -1

// particle -1
sphere {
	<9.411921, 18.779682, 21.924038> 0.250000
	pigment { color rgbt <1,0,0,0> }
	no_shadow
}
cylinder {
	<9.469221, 19.116879, 21.716637>,  <9.503601, 19.319197, 21.592196>, 0.100000
	pigment { color rgbt <1,0,0,0> }
	no_shadow
}
cylinder {
	<9.469221, 19.116879, 21.716637>,  <9.411921, 18.779682, 21.924038>, 0.100000
	pigment { color rgbt <1,0,0,0> }
	no_shadow
}

// particle -1
sphere {
	<9.469221, 19.116879, 21.716637> 0.100000
	pigment { color rgbt <1,0,0,0> }
	no_shadow
}
sphere {
	0, 1
	scale<0.080000,0.200000,0.300000>
	matrix <-0.036148, -0.519100, -0.853949,
		-0.989026, 0.141072, -0.043889,
		0.143251, 0.842991, -0.518502,
		9.512197, 19.369776, 21.561087>
	pigment { color rgbt <0,1,1,0> }
	no_shadow
}
cylinder {
	<9.823277, 18.144470, 22.117058>,  <9.411921, 18.779682, 21.924038>, 0.130000
	pigment { color rgbt <1,0,0,0> }
	no_shadow
}

// nucleotide -1

// particle -1
sphere {
	<9.823277, 18.144470, 22.117058> 0.250000
	pigment { color rgbt <1,0,0,0> }
	no_shadow
}
cylinder {
	<9.883113, 18.356243, 22.451080>,  <9.919014, 18.483307, 22.651495>, 0.100000
	pigment { color rgbt <1,0,0,0> }
	no_shadow
}
cylinder {
	<9.883113, 18.356243, 22.451080>,  <9.823277, 18.144470, 22.117058>, 0.100000
	pigment { color rgbt <1,0,0,0> }
	no_shadow
}

// particle -1
sphere {
	<9.883113, 18.356243, 22.451080> 0.100000
	pigment { color rgbt <1,0,0,0> }
	no_shadow
}
sphere {
	0, 1
	scale<0.080000,0.200000,0.300000>
	matrix <-0.843437, -0.372409, 0.387200,
		0.515981, -0.762240, 0.390837,
		0.149588, 0.529435, 0.835058,
		9.927990, 18.515074, 22.701597>
	pigment { color rgbt <0,1,1,0> }
	no_shadow
}
cylinder {
	<9.760098, 17.714445, 22.788570>,  <9.823277, 18.144470, 22.117058>, 0.130000
	pigment { color rgbt <1,0,0,0> }
	no_shadow
}

// nucleotide -1

// particle -1
sphere {
	<9.760098, 17.714445, 22.788570> 0.250000
	pigment { color rgbt <1,0,0,0> }
	no_shadow
}
cylinder {
	<9.676053, 18.095856, 22.874956>,  <9.625626, 18.324701, 22.926788>, 0.100000
	pigment { color rgbt <1,0,0,0> }
	no_shadow
}
cylinder {
	<9.676053, 18.095856, 22.874956>,  <9.760098, 17.714445, 22.788570>, 0.100000
	pigment { color rgbt <1,0,0,0> }
	no_shadow
}

// particle -1
sphere {
	<9.676053, 18.095856, 22.874956> 0.100000
	pigment { color rgbt <1,0,0,0> }
	no_shadow
}
sphere {
	0, 1
	scale<0.080000,0.200000,0.300000>
	matrix <-0.806780, -0.293874, 0.512585,
		0.552230, -0.066534, 0.831033,
		-0.210114, 0.953526, 0.215964,
		9.613019, 18.381914, 22.939745>
	pigment { color rgbt <0,1,1,0> }
	no_shadow
}
cylinder {
	<9.312521, 17.023659, 22.850437>,  <9.760098, 17.714445, 22.788570>, 0.130000
	pigment { color rgbt <1,0,0,0> }
	no_shadow
}

// nucleotide -1

// particle -1
sphere {
	<9.312521, 17.023659, 22.850437> 0.250000
	pigment { color rgbt <1,0,0,0> }
	no_shadow
}
cylinder {
	<9.585588, 16.731382, 22.853476>,  <9.749429, 16.556017, 22.855299>, 0.100000
	pigment { color rgbt <1,0,0,0> }
	no_shadow
}
cylinder {
	<9.585588, 16.731382, 22.853476>,  <9.312521, 17.023659, 22.850437>, 0.100000
	pigment { color rgbt <1,0,0,0> }
	no_shadow
}

// particle -1
sphere {
	<9.585588, 16.731382, 22.853476> 0.100000
	pigment { color rgbt <1,0,0,0> }
	no_shadow
}
sphere {
	0, 1
	scale<0.080000,0.200000,0.300000>
	matrix <-0.052644, -0.059545, -0.996837,
		0.728830, 0.680109, -0.079116,
		0.682668, -0.730689, 0.007594,
		9.790389, 16.512177, 22.855753>
	pigment { color rgbt <0,1,1,0> }
	no_shadow
}
cylinder {
	<9.720264, 17.128162, 22.280540>,  <9.312521, 17.023659, 22.850437>, 0.130000
	pigment { color rgbt <1,0,0,0> }
	no_shadow
}

// nucleotide -1

// particle -1
sphere {
	<9.720264, 17.128162, 22.280540> 0.250000
	pigment { color rgbt <1,0,0,0> }
	no_shadow
}
cylinder {
	<9.784810, 16.740808, 22.356640>,  <9.823537, 16.508396, 22.402300>, 0.100000
	pigment { color rgbt <1,0,0,0> }
	no_shadow
}
cylinder {
	<9.784810, 16.740808, 22.356640>,  <9.720264, 17.128162, 22.280540>, 0.100000
	pigment { color rgbt <1,0,0,0> }
	no_shadow
}

// particle -1
sphere {
	<9.784810, 16.740808, 22.356640> 0.100000
	pigment { color rgbt <1,0,0,0> }
	no_shadow
}
sphere {
	0, 1
	scale<0.080000,0.200000,0.300000>
	matrix <-0.044682, -0.199745, -0.978828,
		0.985883, 0.149446, -0.075501,
		0.161363, -0.968384, 0.190248,
		9.833219, 16.450293, 22.413713>
	pigment { color rgbt <0,1,1,0> }
	no_shadow
}
cylinder {
	<10.342436, 16.758734, 21.906216>,  <9.720264, 17.128162, 22.280540>, 0.130000
	pigment { color rgbt <1,0,0,0> }
	no_shadow
}

// nucleotide -1

// particle -1
sphere {
	<10.342436, 16.758734, 21.906216> 0.250000
	pigment { color rgbt <1,0,0,0> }
	no_shadow
}
cylinder {
	<10.040267, 16.510761, 21.991091>,  <9.858966, 16.361979, 22.042017>, 0.100000
	pigment { color rgbt <1,0,0,0> }
	no_shadow
}
cylinder {
	<10.040267, 16.510761, 21.991091>,  <10.342436, 16.758734, 21.906216>, 0.100000
	pigment { color rgbt <1,0,0,0> }
	no_shadow
}

// particle -1
sphere {
	<10.040267, 16.510761, 21.991091> 0.100000
	pigment { color rgbt <1,0,0,0> }
	no_shadow
}
sphere {
	0, 1
	scale<0.080000,0.200000,0.300000>
	matrix <0.008351, -0.332917, -0.942919,
		0.655186, -0.710529, 0.256669,
		-0.755421, -0.619931, 0.212189,
		9.813641, 16.324781, 22.054747>
	pigment { color rgbt <0,1,1,0> }
	no_shadow
}
cylinder {
	<10.548382, 16.011730, 21.818636>,  <10.342436, 16.758734, 21.906216>, 0.130000
	pigment { color rgbt <1,0,0,0> }
	no_shadow
}

// nucleotide -1

// particle -1
sphere {
	<10.548382, 16.011730, 21.818636> 0.250000
	pigment { color rgbt <1,0,0,0> }
	no_shadow
}
cylinder {
	<10.149506, 16.036568, 21.801878>,  <9.910180, 16.051470, 21.791824>, 0.100000
	pigment { color rgbt <1,0,0,0> }
	no_shadow
}
cylinder {
	<10.149506, 16.036568, 21.801878>,  <10.548382, 16.011730, 21.818636>, 0.100000
	pigment { color rgbt <1,0,0,0> }
	no_shadow
}

// particle -1
sphere {
	<10.149506, 16.036568, 21.801878> 0.100000
	pigment { color rgbt <1,0,0,0> }
	no_shadow
}
sphere {
	0, 1
	scale<0.080000,0.200000,0.300000>
	matrix <0.026100, -0.236202, -0.971353,
		-0.070209, -0.969718, 0.233918,
		-0.997191, 0.062093, -0.041893,
		9.850348, 16.055195, 21.789310>
	pigment { color rgbt <0,1,1,0> }
	no_shadow
}
cylinder {
	<10.288039, 15.296972, 21.574490>,  <10.548382, 16.011730, 21.818636>, 0.130000
	pigment { color rgbt <1,0,0,0> }
	no_shadow
}

// nucleotide -1

// particle -1
sphere {
	<10.288039, 15.296972, 21.574490> 0.250000
	pigment { color rgbt <1,0,0,0> }
	no_shadow
}
cylinder {
	<9.993146, 15.560028, 21.512526>,  <9.816210, 15.717861, 21.475348>, 0.100000
	pigment { color rgbt <1,0,0,0> }
	no_shadow
}
cylinder {
	<9.993146, 15.560028, 21.512526>,  <10.288039, 15.296972, 21.574490>, 0.100000
	pigment { color rgbt <1,0,0,0> }
	no_shadow
}

// particle -1
sphere {
	<9.993146, 15.560028, 21.512526> 0.100000
	pigment { color rgbt <1,0,0,0> }
	no_shadow
}
sphere {
	0, 1
	scale<0.080000,0.200000,0.300000>
	matrix <-0.121067, -0.354156, -0.927316,
		-0.664702, -0.664894, 0.340715,
		-0.737234, 0.657639, -0.154911,
		9.771976, 15.757319, 21.466053>
	pigment { color rgbt <0,1,1,0> }
	no_shadow
}
cylinder {
	<9.918118, 14.922281, 21.045921>,  <10.288039, 15.296972, 21.574490>, 0.130000
	pigment { color rgbt <1,0,0,0> }
	no_shadow
}

// nucleotide -1

// particle -1
sphere {
	<9.918118, 14.922281, 21.045921> 0.250000
	pigment { color rgbt <1,0,0,0> }
	no_shadow
}
cylinder {
	<9.801923, 15.304638, 21.028528>,  <9.732206, 15.534052, 21.018093>, 0.100000
	pigment { color rgbt <1,0,0,0> }
	no_shadow
}
cylinder {
	<9.801923, 15.304638, 21.028528>,  <9.918118, 14.922281, 21.045921>, 0.100000
	pigment { color rgbt <1,0,0,0> }
	no_shadow
}

// particle -1
sphere {
	<9.801923, 15.304638, 21.028528> 0.100000
	pigment { color rgbt <1,0,0,0> }
	no_shadow
}
sphere {
	0, 1
	scale<0.080000,0.200000,0.300000>
	matrix <-0.053928, -0.061723, -0.996636,
		-0.955359, -0.287164, 0.069479,
		-0.290486, 0.955891, -0.043482,
		9.714777, 15.591405, 21.015484>
	pigment { color rgbt <0,1,1,0> }
	no_shadow
}
cylinder {
	<9.326685, 14.957279, 20.657030>,  <9.918118, 14.922281, 21.045921>, 0.130000
	pigment { color rgbt <1,0,0,0> }
	no_shadow
}

// nucleotide -1

// particle -1
sphere {
	<9.326685, 14.957279, 20.657030> 0.250000
	pigment { color rgbt <1,0,0,0> }
	no_shadow
}
cylinder {
	<9.476145, 15.327738, 20.636475>,  <9.565821, 15.550013, 20.624142>, 0.100000
	pigment { color rgbt <1,0,0,0> }
	no_shadow
}
cylinder {
	<9.476145, 15.327738, 20.636475>,  <9.326685, 14.957279, 20.657030>, 0.100000
	pigment { color rgbt <1,0,0,0> }
	no_shadow
}

// particle -1
sphere {
	<9.476145, 15.327738, 20.636475> 0.100000
	pigment { color rgbt <1,0,0,0> }
	no_shadow
}
sphere {
	0, 1
	scale<0.080000,0.200000,0.300000>
	matrix <-0.085623, -0.020724, -0.996112,
		-0.923610, 0.376597, 0.071556,
		0.373650, 0.926146, -0.051387,
		9.588240, 15.605581, 20.621059>
	pigment { color rgbt <0,1,1,0> }
	no_shadow
}
cylinder {
	<8.927842, 15.186943, 20.114567>,  <9.326685, 14.957279, 20.657030>, 0.130000
	pigment { color rgbt <1,0,0,0> }
	no_shadow
}

// nucleotide -1

// particle -1
sphere {
	<8.927842, 15.186943, 20.114567> 0.250000
	pigment { color rgbt <1,0,0,0> }
	no_shadow
}
cylinder {
	<9.197302, 15.481848, 20.135132>,  <9.358977, 15.658791, 20.147470>, 0.100000
	pigment { color rgbt <1,0,0,0> }
	no_shadow
}
cylinder {
	<9.197302, 15.481848, 20.135132>,  <8.927842, 15.186943, 20.114567>, 0.100000
	pigment { color rgbt <1,0,0,0> }
	no_shadow
}

// particle -1
sphere {
	<9.197302, 15.481848, 20.135132> 0.100000
	pigment { color rgbt <1,0,0,0> }
	no_shadow
}
sphere {
	0, 1
	scale<0.080000,0.200000,0.300000>
	matrix <-0.039109, 0.105033, -0.993700,
		-0.738017, 0.667393, 0.099589,
		0.673648, 0.737262, 0.051415,
		9.399396, 15.703026, 20.150557>
	pigment { color rgbt <0,1,1,0> }
	no_shadow
}
cylinder {
	<8.682347, 15.788120, 19.700613>,  <8.927842, 15.186943, 20.114567>, 0.130000
	pigment { color rgbt <1,0,0,0> }
	no_shadow
}

// nucleotide -1

// particle -1
sphere {
	<8.682347, 15.788120, 19.700613> 0.250000
	pigment { color rgbt <1,0,0,0> }
	no_shadow
}
cylinder {
	<9.081754, 15.807100, 19.711298>,  <9.321398, 15.818488, 19.717709>, 0.100000
	pigment { color rgbt <1,0,0,0> }
	no_shadow
}
cylinder {
	<9.081754, 15.807100, 19.711298>,  <8.682347, 15.788120, 19.700613>, 0.100000
	pigment { color rgbt <1,0,0,0> }
	no_shadow
}

// particle -1
sphere {
	<9.081754, 15.807100, 19.711298> 0.100000
	pigment { color rgbt <1,0,0,0> }
	no_shadow
}
sphere {
	0, 1
	scale<0.080000,0.200000,0.300000>
	matrix <0.016279, 0.208018, -0.977990,
		-0.051964, 0.976973, 0.206937,
		0.998516, 0.047451, 0.026713,
		9.381309, 15.821336, 19.719313>
	pigment { color rgbt <0,1,1,0> }
	no_shadow
}
cylinder {
	<8.823578, 16.300613, 19.197168>,  <8.682347, 15.788120, 19.700613>, 0.130000
	pigment { color rgbt <1,0,0,0> }
	no_shadow
}

// nucleotide -1

// particle -1
sphere {
	<8.823578, 16.300613, 19.197168> 0.250000
	pigment { color rgbt <1,0,0,0> }
	no_shadow
}
cylinder {
	<9.153409, 16.080030, 19.247711>,  <9.351308, 15.947680, 19.278036>, 0.100000
	pigment { color rgbt <1,0,0,0> }
	no_shadow
}
cylinder {
	<9.153409, 16.080030, 19.247711>,  <8.823578, 16.300613, 19.197168>, 0.100000
	pigment { color rgbt <1,0,0,0> }
	no_shadow
}

// particle -1
sphere {
	<9.153409, 16.080030, 19.247711> 0.100000
	pigment { color rgbt <1,0,0,0> }
	no_shadow
}
sphere {
	0, 1
	scale<0.080000,0.200000,0.300000>
	matrix <0.229891, 0.122532, -0.965472,
		0.516934, 0.825155, 0.227812,
		0.824578, -0.551458, 0.126355,
		9.400783, 15.914593, 19.285618>
	pigment { color rgbt <0,1,1,0> }
	no_shadow
}
cylinder {
	<9.252067, 16.663774, 18.795452>,  <8.823578, 16.300613, 19.197168>, 0.130000
	pigment { color rgbt <1,0,0,0> }
	no_shadow
}

// nucleotide -1

// particle -1
sphere {
	<9.252067, 16.663774, 18.795452> 0.250000
