// switches for output
#declare DRAW_BASES = 1; // possible values are 0, 1; only relevant for DNA ribbons
#declare DRAW_BASES_TYPE = 3; // possible values are 1, 2, 3; only relevant for DNA ribbons
#declare DRAW_FOG = 0; // set to 1 to enable fog

#include "colors.inc"

#include "transforms.inc"
background { rgb <1, 1, 1>}

#default {
   normal{
       ripples 0.25
       frequency 0.20
       turbulence 0.2
       lambda 5
   }
	finish {
		phong 0.1
		phong_size 40.
	}
}

// original window dimensions: 1024x640


// camera settings

camera {
	sky <0, 0.179814, -0.983701>
	up <0, 0.179814, -0.983701>
	right 1.6 * <1, 0, 0>
	location <25.469, 94.9851, 44.8844>
	look_at <25.469, 29.3977, 32.8955>
	direction <0, -65.5874, -11.9889>
	angle 67.0682
}


# declare cpy_camera_pos = <25.469, 94.9851, 44.8844>;
# if (DRAW_FOG = 1)
fog {
	fog_type 2
	up vnormalize(cpy_camera_pos)
	color rgbt<1,1,1,0.3>
	distance 1e-5
	fog_alt 3e-3
	fog_offset 28
}
# end


// LIGHTS

# declare lum = 6;
global_settings {
	ambient_light rgb lum * <0.05, 0.05, 0.05>
	max_trace_level 15
}# declare cpy_direct_light_amount = 0.25;
light_source
{	1000 * <-1, -1.16351, -0.803887>,
	rgb lum * cpy_direct_light_amount
	parallel
}

light_source
{	1000 * <1, 1.16351, 0.803887>,
	rgb lum * cpy_direct_light_amount
	parallel
}

// strand 0

// nucleotide -1

// particle -1
sphere {
	<4.375144, 15.226325, 14.676066> 0.250000
	pigment { color rgbt <1,0,0,0> }
	no_shadow
}
cylinder {
	<4.384214, 15.234501, 15.075880>,  <4.389656, 15.239407, 15.315768>, 0.100000
	pigment { color rgbt <1,0,0,0> }
	no_shadow
}
cylinder {
	<4.384214, 15.234501, 15.075880>,  <4.375144, 15.226325, 14.676066>, 0.100000
	pigment { color rgbt <1,0,0,0> }
	no_shadow
}

// particle -1
sphere {
	<4.384214, 15.234501, 15.075880> 0.100000
	pigment { color rgbt <1,0,0,0> }
	no_shadow
}
sphere {
	0, 1
	scale<0.080000,0.200000,0.300000>
	matrix <-0.104327, -0.994284, 0.022700,
		0.994285, -0.104794, -0.020413,
		0.022676, 0.020441, 0.999534,
		4.391016, 15.240633, 15.375740>
	pigment { color rgbt <0,1,1,0> }
	no_shadow
}
cylinder {
	<4.883820, 14.765404, 14.920155>,  <4.375144, 15.226325, 14.676066>, 0.130000
	pigment { color rgbt <1,0,0,0> }
	no_shadow
}

// nucleotide -1

// particle -1
sphere {
	<4.883820, 14.765404, 14.920155> 0.250000
	pigment { color rgbt <1,0,0,0> }
	no_shadow
}
cylinder {
	<4.567265, 14.762597, 15.164664>,  <4.377332, 14.760913, 15.311370>, 0.100000
	pigment { color rgbt <1,0,0,0> }
	no_shadow
}
cylinder {
	<4.567265, 14.762597, 15.164664>,  <4.883820, 14.765404, 14.920155>, 0.100000
	pigment { color rgbt <1,0,0,0> }
	no_shadow
}

// particle -1
sphere {
	<4.567265, 14.762597, 15.164664> 0.100000
	pigment { color rgbt <1,0,0,0> }
	no_shadow
}
sphere {
	0, 1
	scale<0.080000,0.200000,0.300000>
	matrix <0.066498, -0.994989, 0.074668,
		0.607687, 0.099740, 0.787888,
		-0.791388, -0.007018, 0.611274,
		4.329848, 14.760491, 15.348046>
	pigment { color rgbt <0,1,1,0> }
	no_shadow
}
cylinder {
	<4.981363, 14.401019, 15.563032>,  <4.883820, 14.765404, 14.920155>, 0.130000
	pigment { color rgbt <1,0,0,0> }
	no_shadow
}

// nucleotide -1

// particle -1
sphere {
	<4.981363, 14.401019, 15.563032> 0.250000
	pigment { color rgbt <1,0,0,0> }
	no_shadow
}
cylinder {
	<4.595428, 14.337601, 15.479176>,  <4.363867, 14.299549, 15.428862>, 0.100000
	pigment { color rgbt <1,0,0,0> }
	no_shadow
}
cylinder {
	<4.595428, 14.337601, 15.479176>,  <4.981363, 14.401019, 15.563032>, 0.100000
	pigment { color rgbt <1,0,0,0> }
	no_shadow
}

// particle -1
sphere {
	<4.595428, 14.337601, 15.479176> 0.100000
	pigment { color rgbt <1,0,0,0> }
	no_shadow
}
sphere {
	0, 1
	scale<0.080000,0.200000,0.300000>
	matrix <0.109116, -0.967220, 0.229300,
		-0.239125, 0.198362, 0.950511,
		-0.964838, -0.158547, -0.209642,
		4.305976, 14.290036, 15.416283>
	pigment { color rgbt <0,1,1,0> }
	no_shadow
}
cylinder {
	<5.655472, 14.643447, 15.999413>,  <4.981363, 14.401019, 15.563032>, 0.130000
	pigment { color rgbt <1,0,0,0> }
	no_shadow
}

// nucleotide -1

// particle -1
sphere {
	<5.655472, 14.643447, 15.999413> 0.250000
	pigment { color rgbt <1,0,0,0> }
	no_shadow
}
cylinder {
	<5.959167, 14.875927, 15.882273>,  <6.141385, 15.015415, 15.811988>, 0.100000
	pigment { color rgbt <1,0,0,0> }
	no_shadow
}
cylinder {
	<5.959167, 14.875927, 15.882273>,  <5.655472, 14.643447, 15.999413>, 0.100000
	pigment { color rgbt <1,0,0,0> }
	no_shadow
}

// particle -1
sphere {
	<5.959167, 14.875927, 15.882273> 0.100000
	pigment { color rgbt <1,0,0,0> }
	no_shadow
}
sphere {
	0, 1
	scale<0.080000,0.200000,0.300000>
	matrix <-0.568175, 0.372492, -0.733775,
		-0.317385, 0.723502, 0.613034,
		0.759238, 0.581200, -0.292853,
		6.186939, 15.050287, 15.794416>
	pigment { color rgbt <0,1,1,0> }
	no_shadow
}
cylinder {
	<5.396727, 15.369003, 15.844587>,  <5.655472, 14.643447, 15.999413>, 0.130000
	pigment { color rgbt <1,0,0,0> }
	no_shadow
}

// nucleotide -1

// particle -1
sphere {
	<5.396727, 15.369003, 15.844587> 0.250000
	pigment { color rgbt <1,0,0,0> }
	no_shadow
}
cylinder {
	<5.739787, 15.329553, 15.642713>,  <5.945622, 15.305882, 15.521587>, 0.100000
	pigment { color rgbt <1,0,0,0> }
	no_shadow
}
cylinder {
	<5.739787, 15.329553, 15.642713>,  <5.396727, 15.369003, 15.844587>, 0.100000
	pigment { color rgbt <1,0,0,0> }
	no_shadow
}

// particle -1
sphere {
	<5.739787, 15.329553, 15.642713> 0.100000
	pigment { color rgbt <1,0,0,0> }
	no_shadow
}
sphere {
	0, 1
	scale<0.080000,0.200000,0.300000>
	matrix <-0.329529, 0.648034, -0.686631,
		0.394774, 0.755198, 0.523286,
		0.857650, -0.098626, -0.504687,
		5.997082, 15.299965, 15.491306>
	pigment { color rgbt <0,1,1,0> }
	no_shadow
}
cylinder {
	<5.663907, 15.985348, 15.501586>,  <5.396727, 15.369003, 15.844587>, 0.130000
	pigment { color rgbt <1,0,0,0> }
	no_shadow
}

// nucleotide -1

// particle -1
sphere {
	<5.663907, 15.985348, 15.501586> 0.250000
	pigment { color rgbt <1,0,0,0> }
	no_shadow
}
cylinder {
	<5.773606, 15.681354, 15.265888>,  <5.839425, 15.498957, 15.124470>, 0.100000
	pigment { color rgbt <1,0,0,0> }
	no_shadow
}
cylinder {
	<5.773606, 15.681354, 15.265888>,  <5.663907, 15.985348, 15.501586>, 0.100000
	pigment { color rgbt <1,0,0,0> }
	no_shadow
}

// particle -1
sphere {
	<5.773606, 15.681354, 15.265888> 0.100000
	pigment { color rgbt <1,0,0,0> }
	no_shadow
}
sphere {
	0, 1
	scale<0.080000,0.200000,0.300000>
	matrix <-0.125628, 0.579174, -0.805466,
		0.953418, 0.294922, 0.063361,
		0.274247, -0.759986, -0.589245,
		5.855880, 15.453358, 15.089115>
	pigment { color rgbt <0,1,1,0> }
	no_shadow
}
cylinder {
	<6.213997, 16.228685, 15.102844>,  <5.663907, 15.985348, 15.501586>, 0.130000
	pigment { color rgbt <1,0,0,0> }
	no_shadow
}

// nucleotide -1

// particle -1
sphere {
	<6.213997, 16.228685, 15.102844> 0.250000
	pigment { color rgbt <1,0,0,0> }
	no_shadow
}
cylinder {
	<6.051771, 15.916256, 14.912921>,  <5.954436, 15.728799, 14.798967>, 0.100000
	pigment { color rgbt <1,0,0,0> }
	no_shadow
}
cylinder {
	<6.051771, 15.916256, 14.912921>,  <6.213997, 16.228685, 15.102844>, 0.100000
	pigment { color rgbt <1,0,0,0> }
	no_shadow
}

// particle -1
sphere {
	<6.051771, 15.916256, 14.912921> 0.100000
	pigment { color rgbt <1,0,0,0> }
	no_shadow
}
sphere {
	0, 1
	scale<0.080000,0.200000,0.300000>
	matrix <0.000037, 0.519432, -0.854512,
		0.914067, -0.346576, -0.210634,
		-0.405563, -0.781073, -0.474808,
		5.930102, 15.681934, 14.770478>
	pigment { color rgbt <0,1,1,0> }
	no_shadow
}
cylinder {
	<6.491325, 16.258352, 14.401516>,  <6.213997, 16.228685, 15.102844>, 0.130000
	pigment { color rgbt <1,0,0,0> }
	no_shadow
}

// nucleotide -1

// particle -1
sphere {
	<6.491325, 16.258352, 14.401516> 0.250000
	pigment { color rgbt <1,0,0,0> }
	no_shadow
}
cylinder {
	<6.165391, 16.029959, 14.361479>,  <5.969831, 15.892922, 14.337457>, 0.100000
	pigment { color rgbt <1,0,0,0> }
	no_shadow
}
cylinder {
	<6.165391, 16.029959, 14.361479>,  <6.491325, 16.258352, 14.401516>, 0.100000
	pigment { color rgbt <1,0,0,0> }
	no_shadow
}

// particle -1
sphere {
	<6.165391, 16.029959, 14.361479> 0.100000
	pigment { color rgbt <1,0,0,0> }
	no_shadow
}
sphere {
	0, 1
	scale<0.080000,0.200000,0.300000>
	matrix <-0.166755, 0.396244, -0.902875,
		0.555191, -0.719003, -0.418089,
		-0.814835, -0.570986, -0.100093,
		5.920940, 15.858663, 14.331451>
	pigment { color rgbt <0,1,1,0> }
	no_shadow
}
cylinder {
	<6.566452, 16.057028, 13.764336>,  <6.491325, 16.258352, 14.401516>, 0.130000
	pigment { color rgbt <1,0,0,0> }
	no_shadow
}

// nucleotide -1

// particle -1
sphere {
	<6.566452, 16.057028, 13.764336> 0.250000
	pigment { color rgbt <1,0,0,0> }
	no_shadow
}
cylinder {
	<6.178102, 16.011852, 13.848854>,  <5.945091, 15.984747, 13.899565>, 0.100000
	pigment { color rgbt <1,0,0,0> }
	no_shadow
}
cylinder {
	<6.178102, 16.011852, 13.848854>,  <6.566452, 16.057028, 13.764336>, 0.100000
	pigment { color rgbt <1,0,0,0> }
	no_shadow
}

// particle -1
sphere {
	<6.178102, 16.011852, 13.848854> 0.100000
	pigment { color rgbt <1,0,0,0> }
	no_shadow
}
sphere {
	0, 1
	scale<0.080000,0.200000,0.300000>
	matrix <-0.239011, 0.395554, -0.886798,
		0.016575, -0.911472, -0.411027,
		-0.970875, -0.112939, 0.211296,
		5.886839, 15.977970, 13.912243>
	pigment { color rgbt <0,1,1,0> }
	no_shadow
}
cylinder {
	<6.268399, 15.739778, 13.147468>,  <6.566452, 16.057028, 13.764336>, 0.130000
	pigment { color rgbt <1,0,0,0> }
	no_shadow
}

// nucleotide -1

// particle -1
sphere {
	<6.268399, 15.739778, 13.147468> 0.250000
	pigment { color rgbt <1,0,0,0> }
	no_shadow
}
cylinder {
	<5.955477, 15.897688, 13.340197>,  <5.767724, 15.992434, 13.455834>, 0.100000
	pigment { color rgbt <1,0,0,0> }
	no_shadow
}
cylinder {
	<5.955477, 15.897688, 13.340197>,  <6.268399, 15.739778, 13.147468>, 0.100000
	pigment { color rgbt <1,0,0,0> }
	no_shadow
}

// particle -1
sphere {
	<5.955477, 15.897688, 13.340197> 0.100000
	pigment { color rgbt <1,0,0,0> }
	no_shadow
}
sphere {
	0, 1
	scale<0.080000,0.200000,0.300000>
	matrix <-0.421959, 0.233137, -0.876126,
		-0.458204, -0.888707, -0.015805,
		-0.782304, 0.394775, 0.481822,
		5.720786, 16.016121, 13.484743>
	pigment { color rgbt <0,1,1,0> }
	no_shadow
}
cylinder {
	<5.643971, 15.532103, 12.883661>,  <6.268399, 15.739778, 13.147468>, 0.130000
	pigment { color rgbt <1,0,0,0> }
	no_shadow
}

// nucleotide -1

// particle -1
sphere {
	<5.643971, 15.532103, 12.883661> 0.250000
	pigment { color rgbt <1,0,0,0> }
	no_shadow
}
cylinder {
	<5.541152, 15.870605, 13.070330>,  <5.479461, 16.073706, 13.182330>, 0.100000
	pigment { color rgbt <1,0,0,0> }
	no_shadow
}
cylinder {
	<5.541152, 15.870605, 13.070330>,  <5.643971, 15.532103, 12.883661>, 0.100000
	pigment { color rgbt <1,0,0,0> }
	no_shadow
}

// particle -1
sphere {
	<5.541152, 15.870605, 13.070330> 0.100000
	pigment { color rgbt <1,0,0,0> }
	no_shadow
}
sphere {
	0, 1
	scale<0.080000,0.200000,0.300000>
	matrix <-0.510261, 0.291247, -0.809202,
		-0.820707, -0.446127, 0.356946,
		-0.257047, 0.846254, 0.466670,
		5.464038, 16.124481, 13.210331>
	pigment { color rgbt <0,1,1,0> }
	no_shadow
}
cylinder {
	<5.009335, 15.700265, 12.492519>,  <5.643971, 15.532103, 12.883661>, 0.130000
	pigment { color rgbt <1,0,0,0> }
	no_shadow
}

// nucleotide -1

// particle -1
sphere {
	<5.009335, 15.700265, 12.492519> 0.250000
	pigment { color rgbt <1,0,0,0> }
	no_shadow
}
cylinder {
	<5.099267, 16.029070, 12.701803>,  <5.153225, 16.226353, 12.827374>, 0.100000
	pigment { color rgbt <1,0,0,0> }
	no_shadow
}
cylinder {
	<5.099267, 16.029070, 12.701803>,  <5.009335, 15.700265, 12.492519>, 0.100000
	pigment { color rgbt <1,0,0,0> }
	no_shadow
}

// particle -1
sphere {
	<5.099267, 16.029070, 12.701803> 0.100000
	pigment { color rgbt <1,0,0,0> }
	no_shadow
}
sphere {
	0, 1
	scale<0.080000,0.200000,0.300000>
	matrix <-0.470059, 0.561843, -0.680718,
		-0.853520, -0.092894, 0.512713,
		0.224829, 0.822012, 0.523210,
		5.166715, 16.275673, 12.858767>
	pigment { color rgbt <0,1,1,0> }
	no_shadow
}
cylinder {
	<4.358814, 16.142784, 12.716519>,  <5.009335, 15.700265, 12.492519>, 0.130000
	pigment { color rgbt <1,0,0,0> }
	no_shadow
}

// nucleotide -1

// particle -1
sphere {
	<4.358814, 16.142784, 12.716519> 0.250000
	pigment { color rgbt <1,0,0,0> }
	no_shadow
}
cylinder {
	<4.674688, 16.387058, 12.692979>,  <4.864213, 16.533623, 12.678854>, 0.100000
	pigment { color rgbt <1,0,0,0> }
	no_shadow
}
cylinder {
	<4.674688, 16.387058, 12.692979>,  <4.358814, 16.142784, 12.716519>, 0.100000
	pigment { color rgbt <1,0,0,0> }
	no_shadow
}

// particle -1
sphere {
	<4.674688, 16.387058, 12.692979> 0.100000
	pigment { color rgbt <1,0,0,0> }
	no_shadow
}
sphere {
	0, 1
	scale<0.080000,0.200000,0.300000>
	matrix <-0.447061, 0.507089, -0.736884,
		-0.420159, 0.608217, 0.673453,
		0.789685, 0.610683, -0.058852,
		4.911593, 16.570263, 12.675323>
	pigment { color rgbt <0,1,1,0> }
	no_shadow
}
cylinder {
	<4.128439, 16.721439, 12.755060>,  <4.358814, 16.142784, 12.716519>, 0.130000
	pigment { color rgbt <1,0,0,0> }
	no_shadow
}

// nucleotide -1

// particle -1
sphere {
	<4.128439, 16.721439, 12.755060> 0.250000
	pigment { color rgbt <1,0,0,0> }
	no_shadow
}
cylinder {
	<4.479670, 16.799976, 12.580506>,  <4.690408, 16.847099, 12.475774>, 0.100000
	pigment { color rgbt <1,0,0,0> }
	no_shadow
}
cylinder {
	<4.479670, 16.799976, 12.580506>,  <4.128439, 16.721439, 12.755060>, 0.100000
	pigment { color rgbt <1,0,0,0> }
	no_shadow
}

// particle -1
sphere {
	<4.479670, 16.799976, 12.580506> 0.100000
	pigment { color rgbt <1,0,0,0> }
	no_shadow
}
sphere {
	0, 1
	scale<0.080000,0.200000,0.300000>
	matrix <-0.440124, 0.689296, -0.575466,
		0.187809, 0.697367, 0.691670,
		0.878076, 0.196343, -0.436384,
		4.743093, 16.858879, 12.449591>
	pigment { color rgbt <0,1,1,0> }
	no_shadow
}
cylinder {
	<3.986511, 17.294243, 12.311739>,  <4.128439, 16.721439, 12.755060>, 0.130000
	pigment { color rgbt <1,0,0,0> }
	no_shadow
}

// nucleotide -1

// particle -1
sphere {
	<3.986511, 17.294243, 12.311739> 0.250000
	pigment { color rgbt <1,0,0,0> }
	no_shadow
}
cylinder {
	<4.365041, 17.242332, 12.193332>,  <4.592159, 17.211187, 12.122288>, 0.100000
	pigment { color rgbt <1,0,0,0> }
	no_shadow
}
cylinder {
	<4.365041, 17.242332, 12.193332>,  <3.986511, 17.294243, 12.311739>, 0.100000
	pigment { color rgbt <1,0,0,0> }
	no_shadow
}

// particle -1
sphere {
	<4.365041, 17.242332, 12.193332> 0.100000
	pigment { color rgbt <1,0,0,0> }
	no_shadow
}
sphere {
	0, 1
	scale<0.080000,0.200000,0.300000>
	matrix <-0.189885, 0.517917, -0.834090,
		0.261556, 0.845530, 0.465476,
		0.946326, -0.129774, -0.296017,
		4.648939, 17.203400, 12.104527>
	pigment { color rgbt <0,1,1,0> }
	no_shadow
}
cylinder {
	<4.292758, 17.921534, 12.112843>,  <3.986511, 17.294243, 12.311739>, 0.130000
	pigment { color rgbt <1,0,0,0> }
	no_shadow
}

// nucleotide -1

// particle -1
sphere {
	<4.292758, 17.921534, 12.112843> 0.250000
	pigment { color rgbt <1,0,0,0> }
	no_shadow
}
cylinder {
	<4.534402, 17.670916, 11.915870>,  <4.679389, 17.520544, 11.797686>, 0.100000
	pigment { color rgbt <1,0,0,0> }
	no_shadow
}
cylinder {
	<4.534402, 17.670916, 11.915870>,  <4.292758, 17.921534, 12.112843>, 0.100000
	pigment { color rgbt <1,0,0,0> }
	no_shadow
}

// particle -1
sphere {
	<4.534402, 17.670916, 11.915870> 0.100000
	pigment { color rgbt <1,0,0,0> }
	no_shadow
}
sphere {
	0, 1
	scale<0.080000,0.200000,0.300000>
	matrix <-0.040114, 0.593242, -0.804024,
		0.795890, 0.505473, 0.333251,
		0.604111, -0.626547, -0.492432,
		4.715636, 17.482952, 11.768140>
	pigment { color rgbt <0,1,1,0> }
	no_shadow
}
cylinder {
	<4.763079, 18.359129, 11.706189>,  <4.292758, 17.921534, 12.112843>, 0.130000
	pigment { color rgbt <1,0,0,0> }
	no_shadow
}

// nucleotide -1

// particle -1
sphere {
	<4.763079, 18.359129, 11.706189> 0.250000
	pigment { color rgbt <1,0,0,0> }
	no_shadow
}
cylinder {
	<4.770872, 18.006289, 11.517925>,  <4.775547, 17.794584, 11.404967>, 0.100000
	pigment { color rgbt <1,0,0,0> }
	no_shadow
}
cylinder {
	<4.770872, 18.006289, 11.517925>,  <4.763079, 18.359129, 11.706189>, 0.100000
	pigment { color rgbt <1,0,0,0> }
	no_shadow
}

// particle -1
sphere {
	<4.770872, 18.006289, 11.517925> 0.100000
	pigment { color rgbt <1,0,0,0> }
	no_shadow
}
sphere {
	0, 1
	scale<0.080000,0.200000,0.300000>
	matrix <0.029694, 0.471051, -0.881606,
		0.999369, 0.003199, 0.035370,
		0.019481, -0.882100, -0.470659,
		4.776716, 17.741659, 11.376727>
	pigment { color rgbt <0,1,1,0> }
	no_shadow
}
cylinder {
	<5.406140, 18.440044, 11.378599>,  <4.763079, 18.359129, 11.706189>, 0.130000
	pigment { color rgbt <1,0,0,0> }
	no_shadow
}

// nucleotide -1

// particle -1
sphere {
	<5.406140, 18.440044, 11.378599> 0.250000
	pigment { color rgbt <1,0,0,0> }
	no_shadow
}
cylinder {
	<5.209652, 18.144657, 11.193831>,  <5.091759, 17.967424, 11.082971>, 0.100000
	pigment { color rgbt <1,0,0,0> }
	no_shadow
}
cylinder {
	<5.209652, 18.144657, 11.193831>,  <5.406140, 18.440044, 11.378599>, 0.100000
	pigment { color rgbt <1,0,0,0> }
	no_shadow
}

// particle -1
sphere {
	<5.209652, 18.144657, 11.193831> 0.100000
	pigment { color rgbt <1,0,0,0> }
	no_shadow
}
sphere {
	0, 1
	scale<0.080000,0.200000,0.300000>
	matrix <0.016177, 0.522485, -0.852495,
		0.870886, -0.426234, -0.244709,
		-0.491219, -0.738467, -0.461920,
		5.062286, 17.923117, 11.055256>
	pigment { color rgbt <0,1,1,0> }
	no_shadow
}
cylinder {
	<5.841237, 18.328579, 10.791617>,  <5.406140, 18.440044, 11.378599>, 0.130000
	pigment { color rgbt <1,0,0,0> }
	no_shadow
}

// nucleotide -1

// particle -1
sphere {
	<5.841237, 18.328579, 10.791617> 0.250000
	pigment { color rgbt <1,0,0,0> }
	no_shadow
}
cylinder {
	<5.476073, 18.185452, 10.713071>,  <5.256975, 18.099575, 10.665943>, 0.100000
	pigment { color rgbt <1,0,0,0> }
	no_shadow
}
cylinder {
	<5.476073, 18.185452, 10.713071>,  <5.841237, 18.328579, 10.791617>, 0.100000
	pigment { color rgbt <1,0,0,0> }
	no_shadow
}

// particle -1
sphere {
	<5.476073, 18.185452, 10.713071> 0.100000
	pigment { color rgbt <1,0,0,0> }
	no_shadow
}
sphere {
	0, 1
	scale<0.080000,0.200000,0.300000>
	matrix <0.082535, 0.309325, -0.947368,
		0.399731, -0.881068, -0.252853,
		-0.912909, -0.357823, -0.196366,
		5.202200, 18.078106, 10.654161>
	pigment { color rgbt <0,1,1,0> }
	no_shadow
}
cylinder {
	<5.910275, 17.922228, 10.179630>,  <5.841237, 18.328579, 10.791617>, 0.130000
	pigment { color rgbt <1,0,0,0> }
	no_shadow
}

// nucleotide -1

// particle -1
sphere {
	<5.910275, 17.922228, 10.179630> 0.250000
	pigment { color rgbt <1,0,0,0> }
	no_shadow
}
cylinder {
	<5.519661, 18.003246, 10.208903>,  <5.285293, 18.051857, 10.226467>, 0.100000
	pigment { color rgbt <1,0,0,0> }
	no_shadow
}
cylinder {
	<5.519661, 18.003246, 10.208903>,  <5.910275, 17.922228, 10.179630>, 0.100000
	pigment { color rgbt <1,0,0,0> }
	no_shadow
}

// particle -1
sphere {
	<5.519661, 18.003246, 10.208903> 0.100000
	pigment { color rgbt <1,0,0,0> }
	no_shadow
}
sphere {
	0, 1
	scale<0.080000,0.200000,0.300000>
	matrix <0.022700, 0.434733, -0.900273,
		-0.214161, -0.877487, -0.429129,
		-0.976534, 0.202545, 0.073184,
		5.226701, 18.064011, 10.230858>
	pigment { color rgbt <0,1,1,0> }
	no_shadow
}
cylinder {
	<5.544175, 17.595997, 9.617218>,  <5.910275, 17.922228, 10.179630>, 0.130000
	pigment { color rgbt <1,0,0,0> }
	no_shadow
}

// nucleotide -1

// particle -1
sphere {
	<5.544175, 17.595997, 9.617218> 0.250000
	pigment { color rgbt <1,0,0,0> }
	no_shadow
}
cylinder {
	<5.308103, 17.895042, 9.739043>,  <5.166460, 18.074471, 9.812139>, 0.100000
	pigment { color rgbt <1,0,0,0> }
	no_shadow
}
cylinder {
	<5.308103, 17.895042, 9.739043>,  <5.544175, 17.595997, 9.617218>, 0.100000
	pigment { color rgbt <1,0,0,0> }
	no_shadow
}

// particle -1
sphere {
	<5.308103, 17.895042, 9.739043> 0.100000
	pigment { color rgbt <1,0,0,0> }
	no_shadow
}
sphere {
	0, 1
	scale<0.080000,0.200000,0.300000>
	matrix <0.021640, 0.391792, -0.919799,
		-0.806981, -0.536257, -0.247406,
		-0.590180, 0.747615, 0.304564,
		5.131049, 18.119328, 9.830413>
	pigment { color rgbt <0,1,1,0> }
	no_shadow
}
cylinder {
	<5.073020, 17.653839, 9.096106>,  <5.544175, 17.595997, 9.617218>, 0.130000
	pigment { color rgbt <1,0,0,0> }
	no_shadow
}

// nucleotide -1

// particle -1
sphere {
	<5.073020, 17.653839, 9.096106> 0.250000
	pigment { color rgbt <1,0,0,0> }
	no_shadow
}
cylinder {
	<5.018982, 18.011122, 9.267653>,  <4.986559, 18.225492, 9.370581>, 0.100000
	pigment { color rgbt <1,0,0,0> }
	no_shadow
}
cylinder {
	<5.018982, 18.011122, 9.267653>,  <5.073020, 17.653839, 9.096106>, 0.100000
	pigment { color rgbt <1,0,0,0> }
	no_shadow
}

// particle -1
sphere {
	<5.018982, 18.011122, 9.267653> 0.100000
	pigment { color rgbt <1,0,0,0> }
	no_shadow
}
sphere {
	0, 1
	scale<0.080000,0.200000,0.300000>
	matrix <-0.131283, 0.412883, -0.901273,
		-0.982097, -0.178061, 0.061485,
		-0.135096, 0.893209, 0.428867,
		4.978453, 18.279085, 9.396313>
	pigment { color rgbt <0,1,1,0> }
	no_shadow
}
cylinder {
	<4.507688, 18.004881, 8.787470>,  <5.073020, 17.653839, 9.096106>, 0.130000
	pigment { color rgbt <1,0,0,0> }
	no_shadow
}

// nucleotide -1

// particle -1
sphere {
	<4.507688, 18.004881, 8.787470> 0.250000
	pigment { color rgbt <1,0,0,0> }
	no_shadow
}
cylinder {
	<4.672016, 18.320786, 8.969681>,  <4.770612, 18.510328, 9.079007>, 0.100000
	pigment { color rgbt <1,0,0,0> }
	no_shadow
}
cylinder {
	<4.672016, 18.320786, 8.969681>,  <4.507688, 18.004881, 8.787470>, 0.100000
	pigment { color rgbt <1,0,0,0> }
	no_shadow
}

// particle -1
sphere {
	<4.672016, 18.320786, 8.969681> 0.100000
	pigment { color rgbt <1,0,0,0> }
	no_shadow
}
sphere {
	0, 1
	scale<0.080000,0.200000,0.300000>
	matrix <0.025355, 0.489546, -0.871609,
		-0.911364, 0.369623, 0.181090,
		0.410819, 0.789762, 0.455526,
		4.795261, 18.557714, 9.106339>
	pigment { color rgbt <0,1,1,0> }
	no_shadow
}
cylinder {
	<4.103630, 18.652239, 8.640347>,  <4.507688, 18.004881, 8.787470>, 0.130000
	pigment { color rgbt <1,0,0,0> }
	no_shadow
}

// nucleotide -1

// particle -1
sphere {
	<4.103630, 18.652239, 8.640347> 0.250000
	pigment { color rgbt <1,0,0,0> }
	no_shadow
}
cylinder {
	<4.481664, 18.752693, 8.724004>,  <4.708485, 18.812965, 8.774199>, 0.100000
	pigment { color rgbt <1,0,0,0> }
	no_shadow
}
cylinder {
	<4.481664, 18.752693, 8.724004>,  <4.103630, 18.652239, 8.640347>, 0.100000
	pigment { color rgbt <1,0,0,0> }
	no_shadow
}

// particle -1
sphere {
	<4.481664, 18.752693, 8.724004> 0.100000
	pigment { color rgbt <1,0,0,0> }
	no_shadow
}
sphere {
	0, 1
	scale<0.080000,0.200000,0.300000>
	matrix <0.027766, 0.575925, -0.817031,
		-0.325638, 0.777972, 0.537326,
		0.945087, 0.251137, 0.209144,
		4.765190, 18.828033, 8.786747>
	pigment { color rgbt <0,1,1,0> }
	no_shadow
}
cylinder {
	<4.096895, 19.355421, 8.493909>,  <4.103630, 18.652239, 8.640347>, 0.130000
	pigment { color rgbt <1,0,0,0> }
	no_shadow
}

// nucleotide -1

// particle -1
sphere {
	<4.096895, 19.355421, 8.493909> 0.250000
	pigment { color rgbt <1,0,0,0> }
	no_shadow
}
cylinder {
	<4.482267, 19.248272, 8.496696>,  <4.713490, 19.183983, 8.498369>, 0.100000
	pigment { color rgbt <1,0,0,0> }
	no_shadow
}
cylinder {
	<4.482267, 19.248272, 8.496696>,  <4.096895, 19.355421, 8.493909>, 0.100000
	pigment { color rgbt <1,0,0,0> }
	no_shadow
}

// particle -1
sphere {
	<4.482267, 19.248272, 8.496696> 0.100000
	pigment { color rgbt <1,0,0,0> }
	no_shadow
}
sphere {
	0, 1
	scale<0.080000,0.200000,0.300000>
	matrix <0.191410, 0.669764, -0.717481,
		0.187525, 0.692576, 0.696544,
		0.963430, -0.267871, 0.006969,
		4.771296, 19.167910, 8.498787>
	pigment { color rgbt <0,1,1,0> }
	no_shadow
}
cylinder {
	<4.579252, 20.016891, 8.607156>,  <4.096895, 19.355421, 8.493909>, 0.130000
	pigment { color rgbt <1,0,0,0> }
	no_shadow
}

// nucleotide -1

// particle -1
sphere {
	<4.579252, 20.016891, 8.607156> 0.250000
	pigment { color rgbt <1,0,0,0> }
	no_shadow
}
cylinder {
	<4.736848, 19.728441, 8.379210>,  <4.831406, 19.555370, 8.242441>, 0.100000
	pigment { color rgbt <1,0,0,0> }
	no_shadow
}
cylinder {
	<4.736848, 19.728441, 8.379210>,  <4.579252, 20.016891, 8.607156>, 0.100000
	pigment { color rgbt <1,0,0,0> }
	no_shadow
}

// particle -1
sphere {
	<4.736848, 19.728441, 8.379210> 0.100000
	pigment { color rgbt <1,0,0,0> }
	no_shadow
}
sphere {
	0, 1
	scale<0.080000,0.200000,0.300000>
	matrix <0.119721, 0.654999, -0.746085,
		0.911284, 0.225725, 0.344397,
		0.393990, -0.721127, -0.569867,
		4.855045, 19.512104, 8.208249>
	pigment { color rgbt <0,1,1,0> }
	no_shadow
}
cylinder {
	<5.045090, 20.417086, 8.137332>,  <4.579252, 20.016891, 8.607156>, 0.130000
	pigment { color rgbt <1,0,0,0> }
	no_shadow
}

// nucleotide -1

// particle -1
sphere {
	<5.045090, 20.417086, 8.137332> 0.250000
	pigment { color rgbt <1,0,0,0> }
	no_shadow
}
cylinder {
	<4.940483, 20.053270, 8.008121>,  <4.877719, 19.834982, 7.930593>, 0.100000
	pigment { color rgbt <1,0,0,0> }
	no_shadow
}
cylinder {
	<4.940483, 20.053270, 8.008121>,  <5.045090, 20.417086, 8.137332>, 0.100000
	pigment { color rgbt <1,0,0,0> }
	no_shadow
}

// particle -1
sphere {
	<4.940483, 20.053270, 8.008121> 0.100000
	pigment { color rgbt <1,0,0,0> }
	no_shadow
}
sphere {
	0, 1
	scale<0.080000,0.200000,0.300000>
	matrix <0.120461, 0.301303, -0.945889,
		0.957652, -0.286279, 0.030767,
		-0.261518, -0.909539, -0.323029,
		4.862028, 19.780409, 7.911212>
	pigment { color rgbt <0,1,1,0> }
	no_shadow
}
cylinder {
	<5.548986, 20.019518, 7.643520>,  <5.045090, 20.417086, 8.137332>, 0.130000
	pigment { color rgbt <1,0,0,0> }
	no_shadow
}

// nucleotide -1

// particle -1
sphere {
	<5.548986, 20.019518, 7.643520> 0.250000
	pigment { color rgbt <1,0,0,0> }
	no_shadow
}
cylinder {
	<5.169949, 19.909777, 7.578042>,  <4.942526, 19.843931, 7.538755>, 0.100000
	pigment { color rgbt <1,0,0,0> }
	no_shadow
}
cylinder {
	<5.169949, 19.909777, 7.578042>,  <5.548986, 20.019518, 7.643520>, 0.100000
	pigment { color rgbt <1,0,0,0> }
	no_shadow
}

// particle -1
sphere {
	<5.169949, 19.909777, 7.578042> 0.100000
	pigment { color rgbt <1,0,0,0> }
	no_shadow
}
sphere {
	0, 1
	scale<0.080000,0.200000,0.300000>
	matrix <0.075698, 0.304978, -0.949346,
		0.310431, -0.911971, -0.268219,
		-0.947577, -0.274403, -0.163709,
		4.885671, 19.827471, 7.528934>
	pigment { color rgbt <0,1,1,0> }
	no_shadow
}
cylinder {
	<6.040781, 19.497194, 7.717207>,  <5.548986, 20.019518, 7.643520>, 0.130000
	pigment { color rgbt <1,0,0,0> }
	no_shadow
}

// nucleotide -1

// particle -1
sphere {
	<6.040781, 19.497194, 7.717207> 0.250000
	pigment { color rgbt <1,0,0,0> }
	no_shadow
}
cylinder {
	<6.190237, 19.761284, 7.456593>,  <6.279910, 19.919737, 7.300224>, 0.100000
	pigment { color rgbt <1,0,0,0> }
	no_shadow
}
cylinder {
	<6.190237, 19.761284, 7.456593>,  <6.040781, 19.497194, 7.717207>, 0.100000
	pigment { color rgbt <1,0,0,0> }
	no_shadow
}

// particle -1
sphere {
	<6.190237, 19.761284, 7.456593> 0.100000
	pigment { color rgbt <1,0,0,0> }
	no_shadow
}
sphere {
	0, 1
	scale<0.080000,0.200000,0.300000>
	matrix <0.802746, -0.582090, -0.129495,
		-0.464748, -0.474634, -0.747484,
		0.373640, 0.660223, -0.651536,
		6.302329, 19.959351, 7.261132>
	pigment { color rgbt <0,1,1,0> }
	no_shadow
}
cylinder {
	<6.260598, 19.208168, 7.041486>,  <6.040781, 19.497194, 7.717207>, 0.130000
	pigment { color rgbt <1,0,0,0> }
	no_shadow
}

// nucleotide -1

// particle -1
sphere {
	<6.260598, 19.208168, 7.041486> 0.250000
	pigment { color rgbt <1,0,0,0> }
	no_shadow
}
cylinder {
	<6.481267, 19.507435, 7.188947>,  <6.613668, 19.686995, 7.277423>, 0.100000
	pigment { color rgbt <1,0,0,0> }
	no_shadow
}
cylinder {
	<6.481267, 19.507435, 7.188947>,  <6.260598, 19.208168, 7.041486>, 0.100000
	pigment { color rgbt <1,0,0,0> }
	no_shadow
}

// particle -1
sphere {
	<6.481267, 19.507435, 7.188947> 0.100000
	pigment { color rgbt <1,0,0,0> }
	no_shadow
}
sphere {
	0, 1
	scale<0.080000,0.200000,0.300000>
	matrix <0.830241, -0.534846, -0.156970,
		0.079732, 0.392666, -0.916219,
		0.551672, 0.748167, 0.368652,
		6.646769, 19.731884, 7.299542>
	pigment { color rgbt <0,1,1,0> }
	no_shadow
}
cylinder {
	<6.804250, 19.205013, 6.623652>,  <6.260598, 19.208168, 7.041486>, 0.130000
	pigment { color rgbt <1,0,0,0> }
	no_shadow
}

// nucleotide -1

// particle -1
sphere {
	<6.804250, 19.205013, 6.623652> 0.250000
	pigment { color rgbt <1,0,0,0> }
	no_shadow
}
cylinder {
	<6.911126, 19.381195, 6.966488>,  <6.975252, 19.486904, 7.172191>, 0.100000
	pigment { color rgbt <1,0,0,0> }
	no_shadow
}
cylinder {
	<6.911126, 19.381195, 6.966488>,  <6.804250, 19.205013, 6.623652>, 0.100000
	pigment { color rgbt <1,0,0,0> }
	no_shadow
}

// particle -1
sphere {
	<6.911126, 19.381195, 6.966488> 0.100000
	pigment { color rgbt <1,0,0,0> }
	no_shadow
}
sphere {
	0, 1
	scale<0.080000,0.200000,0.300000>
	matrix <0.933343, -0.339572, -0.116457,
		0.239750, 0.831077, -0.501827,
		0.267191, 0.440456, 0.857092,
		6.991283, 19.513332, 7.223616>
	pigment { color rgbt <0,1,1,0> }
	no_shadow
}
cylinder {
	<7.544343, 19.436508, 6.618789>,  <6.804250, 19.205013, 6.623652>, 0.130000
	pigment { color rgbt <1,0,0,0> }
	no_shadow
}

// nucleotide -1

// particle -1
sphere {
	<7.544343, 19.436508, 6.618789> 0.250000
	pigment { color rgbt <1,0,0,0> }
	no_shadow
}
cylinder {
	<7.480204, 19.363516, 7.006807>,  <7.441720, 19.319719, 7.239618>, 0.100000
	pigment { color rgbt <1,0,0,0> }
	no_shadow
}
cylinder {
	<7.480204, 19.363516, 7.006807>,  <7.544343, 19.436508, 6.618789>, 0.100000
	pigment { color rgbt <1,0,0,0> }
	no_shadow
}

// particle -1
sphere {
	<7.480204, 19.363516, 7.006807> 0.100000
	pigment { color rgbt <1,0,0,0> }
	no_shadow
}
sphere {
	0, 1
	scale<0.080000,0.200000,0.300000>
	matrix <0.893446, -0.444579, 0.064053,
		0.419574, 0.876955, 0.234326,
		-0.160348, -0.182483, 0.970046,
		7.432100, 19.308771, 7.297821>
	pigment { color rgbt <0,1,1,0> }
	no_shadow
}
cylinder {
	<8.052251, 19.820721, 7.116539>,  <7.544343, 19.436508, 6.618789>, 0.130000
	pigment { color rgbt <1,0,0,0> }
	no_shadow
}

// nucleotide -1

// particle -1
sphere {
	<8.052251, 19.820721, 7.116539> 0.250000
	pigment { color rgbt <1,0,0,0> }
	no_shadow
}
cylinder {
	<7.916789, 19.472757, 7.259966>,  <7.835512, 19.263979, 7.346023>, 0.100000
	pigment { color rgbt <1,0,0,0> }
	no_shadow
}
cylinder {
	<7.916789, 19.472757, 7.259966>,  <8.052251, 19.820721, 7.116539>, 0.100000
	pigment { color rgbt <1,0,0,0> }
	no_shadow
}

// particle -1
sphere {
	<7.916789, 19.472757, 7.259966> 0.100000
	pigment { color rgbt <1,0,0,0> }
	no_shadow
}
sphere {
	0, 1
	scale<0.080000,0.200000,0.300000>
	matrix <0.912976, -0.395973, -0.098383,
		0.227568, 0.294046, 0.928305,
		-0.338654, -0.869909, 0.358568,
		7.815193, 19.211784, 7.367537>
	pigment { color rgbt <0,1,1,0> }
	no_shadow
}
cylinder {
	<8.275751, 19.752718, 7.834707>,  <8.052251, 19.820721, 7.116539>, 0.130000
	pigment { color rgbt <1,0,0,0> }
	no_shadow
}

// nucleotide -1

// particle -1
sphere {
	<8.275751, 19.752718, 7.834707> 0.250000
	pigment { color rgbt <1,0,0,0> }
	no_shadow
}
cylinder {
	<8.212770, 19.418076, 7.624833>,  <8.174980, 19.217289, 7.498908>, 0.100000
	pigment { color rgbt <1,0,0,0> }
	no_shadow
}
cylinder {
	<8.212770, 19.418076, 7.624833>,  <8.275751, 19.752718, 7.834707>, 0.100000
	pigment { color rgbt <1,0,0,0> }
	no_shadow
}

// particle -1
sphere {
	<8.212770, 19.418076, 7.624833> 0.100000
	pigment { color rgbt <1,0,0,0> }
	no_shadow
}
sphere {
	0, 1
	scale<0.080000,0.200000,0.300000>
	matrix <0.897182, -0.343200, 0.277991,
		-0.412642, -0.426968, 0.804627,
		-0.157455, -0.836607, -0.524687,
		8.165533, 19.167093, 7.467427>
	pigment { color rgbt <0,1,1,0> }
	no_shadow
}
cylinder {
	<8.717459, 20.277914, 7.561816>,  <8.275751, 19.752718, 7.834707>, 0.130000
	pigment { color rgbt <1,0,0,0> }
	no_shadow
}

// nucleotide -1

// particle -1
sphere {
	<8.717459, 20.277914, 7.561816> 0.250000
	pigment { color rgbt <1,0,0,0> }
	no_shadow
}
cylinder {
	<8.623540, 20.587685, 7.326824>,  <8.567188, 20.773548, 7.185829>, 0.100000
	pigment { color rgbt <1,0,0,0> }
	no_shadow
}
cylinder {
	<8.623540, 20.587685, 7.326824>,  <8.717459, 20.277914, 7.561816>, 0.100000
	pigment { color rgbt <1,0,0,0> }
	no_shadow
}

// particle -1
sphere {
	<8.623540, 20.587685, 7.326824> 0.100000
	pigment { color rgbt <1,0,0,0> }
	no_shadow
}
sphere {
	0, 1
	scale<0.080000,0.200000,0.300000>
	matrix <-0.520193, -0.610656, -0.597074,
		-0.821139, 0.165412, 0.546232,
		-0.234796, 0.774427, -0.587480,
		8.553101, 20.820013, 7.150580>
	pigment { color rgbt <0,1,1,0> }
	no_shadow
}
cylinder {
	<8.809188, 20.551144, 8.276093>,  <8.717459, 20.277914, 7.561816>, 0.130000
	pigment { color rgbt <1,0,0,0> }
	no_shadow
}

// nucleotide -1

// particle -1
sphere {
	<8.809188, 20.551144, 8.276093> 0.250000
	pigment { color rgbt <1,0,0,0> }
	no_shadow
}
cylinder {
	<8.428974, 20.492050, 8.385389>,  <8.200846, 20.456594, 8.450967>, 0.100000
	pigment { color rgbt <1,0,0,0> }
	no_shadow
}
cylinder {
	<8.428974, 20.492050, 8.385389>,  <8.809188, 20.551144, 8.276093>, 0.100000
	pigment { color rgbt <1,0,0,0> }
	no_shadow
}

// particle -1
sphere {
	<8.428974, 20.492050, 8.385389> 0.100000
	pigment { color rgbt <1,0,0,0> }
	no_shadow
}
sphere {
	0, 1
	scale<0.080000,0.200000,0.300000>
	matrix <0.305082, -0.278640, 0.910651,
		-0.058398, 0.948965, 0.309928,
		-0.950534, -0.147733, 0.273240,
		8.143814, 20.447731, 8.467361>
	pigment { color rgbt <0,1,1,0> }
	no_shadow
}
cylinder {
	<8.766910, 20.734476, 8.963682>,  <8.809188, 20.551144, 8.276093>, 0.130000
	pigment { color rgbt <1,0,0,0> }
	no_shadow
}

// nucleotide -1

// particle -1
sphere {
	<8.766910, 20.734476, 8.963682> 0.250000
	pigment { color rgbt <1,0,0,0> }
	no_shadow
}
cylinder {
	<8.424122, 20.532013, 8.924891>,  <8.218449, 20.410534, 8.901617>, 0.100000
	pigment { color rgbt <1,0,0,0> }
	no_shadow
}
cylinder {
	<8.424122, 20.532013, 8.924891>,  <8.766910, 20.734476, 8.963682>, 0.100000
	pigment { color rgbt <1,0,0,0> }
	no_shadow
}

// particle -1
sphere {
	<8.424122, 20.532013, 8.924891> 0.100000
	pigment { color rgbt <1,0,0,0> }
	no_shadow
}
sphere {
	0, 1
	scale<0.080000,0.200000,0.300000>
	matrix <0.098132, -0.344992, 0.933462,
		-0.505937, 0.790432, 0.345318,
		-0.856970, -0.506159, -0.096977,
		8.167030, 20.380165, 8.895799>
	pigment { color rgbt <0,1,1,0> }
	no_shadow
}
cylinder {
	<8.317140, 20.853024, 9.507700>,  <8.766910, 20.734476, 8.963682>, 0.130000
	pigment { color rgbt <1,0,0,0> }
	no_shadow
}

// nucleotide -1

// particle -1
sphere {
	<8.317140, 20.853024, 9.507700> 0.250000
	pigment { color rgbt <1,0,0,0> }
	no_shadow
}
cylinder {
	<8.215595, 20.487541, 9.380769>,  <8.154669, 20.268251, 9.304610>, 0.100000
	pigment { color rgbt <1,0,0,0> }
	no_shadow
}
cylinder {
	<8.215595, 20.487541, 9.380769>,  <8.317140, 20.853024, 9.507700>, 0.100000
	pigment { color rgbt <1,0,0,0> }
	no_shadow
}

// particle -1
sphere {
	<8.215595, 20.487541, 9.380769> 0.100000
	pigment { color rgbt <1,0,0,0> }
	no_shadow
}
sphere {
	0, 1
	scale<0.080000,0.200000,0.300000>
	matrix <0.130444, -0.357420, 0.924789,
		-0.958404, 0.193374, 0.209922,
		-0.253861, -0.913705, -0.317328,
		8.139437, 20.213430, 9.285570>
	pigment { color rgbt <0,1,1,0> }
	no_shadow
}
cylinder {
	<7.886337, 20.682955, 10.090480>,  <8.317140, 20.853024, 9.507700>, 0.130000
	pigment { color rgbt <1,0,0,0> }
	no_shadow
}

// nucleotide -1

// particle -1
sphere {
	<7.886337, 20.682955, 10.090480> 0.250000
	pigment { color rgbt <1,0,0,0> }
	no_shadow
}
cylinder {
	<7.973398, 20.352392, 9.882758>,  <8.025635, 20.154055, 9.758125>, 0.100000
	pigment { color rgbt <1,0,0,0> }
	no_shadow
}
cylinder {
	<7.973398, 20.352392, 9.882758>,  <7.886337, 20.682955, 10.090480>, 0.100000
	pigment { color rgbt <1,0,0,0> }
	no_shadow
}

// particle -1
sphere {
	<7.973398, 20.352392, 9.882758> 0.100000
	pigment { color rgbt <1,0,0,0> }
	no_shadow
}
sphere {
	0, 1
	scale<0.080000,0.200000,0.300000>
	matrix <0.114033, -0.506885, 0.854438,
		-0.969342, -0.245189, -0.016087,
		0.217653, -0.826408, -0.519304,
		8.038694, 20.104469, 9.726967>
	pigment { color rgbt <0,1,1,0> }
	no_shadow
}
cylinder {
	<7.345481, 20.152397, 10.452903>,  <7.886337, 20.682955, 10.090480>, 0.130000
	pigment { color rgbt <1,0,0,0> }
	no_shadow
}

// nucleotide -1

// particle -1
sphere {
	<7.345481, 20.152397, 10.452903> 0.250000
	pigment { color rgbt <1,0,0,0> }
	no_shadow
}
cylinder {
	<7.663626, 19.987394, 10.275258>,  <7.854514, 19.888393, 10.168672>, 0.100000
	pigment { color rgbt <1,0,0,0> }
	no_shadow
}
cylinder {
	<7.663626, 19.987394, 10.275258>,  <7.345481, 20.152397, 10.452903>, 0.100000
	pigment { color rgbt <1,0,0,0> }
	no_shadow
}

// particle -1
sphere {
	<7.663626, 19.987394, 10.275258> 0.100000
	pigment { color rgbt <1,0,0,0> }
	no_shadow
}
sphere {
	0, 1
	scale<0.080000,0.200000,0.300000>
	matrix <0.068013, -0.667331, 0.741649,
		-0.602304, -0.620086, -0.502715,
		0.795364, -0.412507, -0.444110,
		7.902235, 19.863642, 10.142025>
	pigment { color rgbt <0,1,1,0> }
	no_shadow
}
cylinder {
	<7.260099, 19.354141, 10.419697>,  <7.345481, 20.152397, 10.452903>, 0.130000
	pigment { color rgbt <1,0,0,0> }
	no_shadow
}

// nucleotide -1

// particle -1
sphere {
	<7.260099, 19.354141, 10.419697> 0.250000
	pigment { color rgbt <1,0,0,0> }
	no_shadow
}
cylinder {
	<7.651611, 19.386209, 10.344264>,  <7.886518, 19.405451, 10.299005>, 0.100000
	pigment { color rgbt <1,0,0,0> }
	no_shadow
}
cylinder {
	<7.651611, 19.386209, 10.344264>,  <7.260099, 19.354141, 10.419697>, 0.100000
	pigment { color rgbt <1,0,0,0> }
	no_shadow
}

// particle -1
sphere {
	<7.651611, 19.386209, 10.344264> 0.100000
	pigment { color rgbt <1,0,0,0> }
	no_shadow
}
sphere {
	0, 1
	scale<0.080000,0.200000,0.300000>
	matrix <0.192163, -0.678699, 0.708830,
		-0.071162, -0.730027, -0.679703,
		0.978779, 0.080173, -0.188582,
		7.945245, 19.410261, 10.287689>
	pigment { color rgbt <0,1,1,0> }
	no_shadow
}
cylinder {
	<7.483726, 18.664660, 10.206457>,  <7.260099, 19.354141, 10.419697>, 0.130000
	pigment { color rgbt <1,0,0,0> }
	no_shadow
}

// nucleotide -1

// particle -1
sphere {
	<7.483726, 18.664660, 10.206457> 0.250000
	pigment { color rgbt <1,0,0,0> }
	no_shadow
}
cylinder {
	<7.813378, 18.864237, 10.313689>,  <8.011169, 18.983982, 10.378028>, 0.100000
	pigment { color rgbt <1,0,0,0> }
	no_shadow
}
cylinder {
	<7.813378, 18.864237, 10.313689>,  <7.483726, 18.664660, 10.206457>, 0.100000
	pigment { color rgbt <1,0,0,0> }
	no_shadow
}

// particle -1
sphere {
	<7.813378, 18.864237, 10.313689> 0.100000
	pigment { color rgbt <1,0,0,0> }
	no_shadow
}
sphere {
	0, 1
	scale<0.080000,0.200000,0.300000>
	matrix <0.270105, -0.762223, 0.588269,
		0.497848, -0.412400, -0.762937,
		0.824130, 0.498942, 0.268079,
		8.060616, 19.013920, 10.394113>
	pigment { color rgbt <0,1,1,0> }
	no_shadow
}
cylinder {
	<7.990288, 18.189837, 10.131083>,  <7.483726, 18.664660, 10.206457>, 0.130000
	pigment { color rgbt <1,0,0,0> }
	no_shadow
}

// nucleotide -1

// particle -1
sphere {
	<7.990288, 18.189837, 10.131083> 0.250000
	pigment { color rgbt <1,0,0,0> }
	no_shadow
}
cylinder {
	<8.087735, 18.461452, 10.408082>,  <8.146203, 18.624422, 10.574282>, 0.100000
	pigment { color rgbt <1,0,0,0> }
	no_shadow
}
cylinder {
	<8.087735, 18.461452, 10.408082>,  <7.990288, 18.189837, 10.131083>, 0.100000
	pigment { color rgbt <1,0,0,0> }
	no_shadow
}

// particle -1
sphere {
	<8.087735, 18.461452, 10.408082> 0.100000
	pigment { color rgbt <1,0,0,0> }
	no_shadow
}
sphere {
	0, 1
	scale<0.080000,0.200000,0.300000>
	matrix <0.153298, -0.731994, 0.663841,
		0.957680, -0.055565, -0.282422,
		0.243617, 0.679042, 0.692497,
		8.160820, 18.665165, 10.615831>
	pigment { color rgbt <0,1,1,0> }
	no_shadow
}
cylinder {
	<8.635406, 17.936125, 10.437557>,  <7.990288, 18.189837, 10.131083>, 0.130000
	pigment { color rgbt <1,0,0,0> }
	no_shadow
}

// nucleotide -1

// particle -1
sphere {
	<8.635406, 17.936125, 10.437557> 0.250000
	pigment { color rgbt <1,0,0,0> }
	no_shadow
}
cylinder {
	<8.464491, 18.184265, 10.700644>,  <8.361942, 18.333149, 10.858497>, 0.100000
	pigment { color rgbt <1,0,0,0> }
