// switches for output
#declare DRAW_BASES = 1; // possible values are 0, 1; only relevant for DNA ribbons
#declare DRAW_BASES_TYPE = 3; // possible values are 1, 2, 3; only relevant for DNA ribbons
#declare DRAW_FOG = 0; // set to 1 to enable fog

#include "colors.inc"

#include "transforms.inc"
background { rgb <1, 1, 1>}

#default {
   normal{
       ripples 0.25
       frequency 0.20
       turbulence 0.2
       lambda 5
   }
	finish {
		phong 0.1
		phong_size 40.
	}
}

// original window dimensions: 1024x640


// camera settings

camera {
	sky <0, 0.179814, -0.983701>
	up <0, 0.179814, -0.983701>
	right 1.6 * <1, 0, 0>
	location <25.469, 94.9851, 44.8844>
	look_at <25.469, 29.3977, 32.8955>
	direction <0, -65.5874, -11.9889>
	angle 67.0682
}


# declare cpy_camera_pos = <25.469, 94.9851, 44.8844>;
# if (DRAW_FOG = 1)
fog {
	fog_type 2
	up vnormalize(cpy_camera_pos)
	color rgbt<1,1,1,0.3>
	distance 1e-5
	fog_alt 3e-3
	fog_offset 28
}
# end


// LIGHTS

# declare lum = 6;
global_settings {
	ambient_light rgb lum * <0.05, 0.05, 0.05>
	max_trace_level 15
}# declare cpy_direct_light_amount = 0.25;
light_source
{	1000 * <-1, -1.16351, -0.803887>,
	rgb lum * cpy_direct_light_amount
	parallel
}

light_source
{	1000 * <1, 1.16351, 0.803887>,
	rgb lum * cpy_direct_light_amount
	parallel
}

// strand 0

// nucleotide -1

// particle -1
sphere {
	<4.353650, 14.633629, 15.243878> 0.250000
	pigment { color rgbt <1,0,0,0> }
	no_shadow
}
cylinder {
	<4.404714, 14.874071, 14.928316>,  <4.435352, 15.018336, 14.738978>, 0.100000
	pigment { color rgbt <1,0,0,0> }
	no_shadow
}
cylinder {
	<4.404714, 14.874071, 14.928316>,  <4.353650, 14.633629, 15.243878>, 0.100000
	pigment { color rgbt <1,0,0,0> }
	no_shadow
}

// particle -1
sphere {
	<4.404714, 14.874071, 14.928316> 0.100000
	pigment { color rgbt <1,0,0,0> }
	no_shadow
}
sphere {
	0, 1
	scale<0.080000,0.200000,0.300000>
	matrix <-0.149166, 0.798004, 0.583900,
		0.980537, 0.043137, 0.191538,
		0.127660, 0.601107, -0.788907,
		4.443012, 15.054403, 14.691644>
	pigment { color rgbt <0,1,1,0> }
	no_shadow
}
cylinder {
	<4.737607, 15.107141, 15.517541>,  <4.353650, 14.633629, 15.243878>, 0.130000
	pigment { color rgbt <1,0,0,0> }
	no_shadow
}

// nucleotide -1

// particle -1
sphere {
	<4.737607, 15.107141, 15.517541> 0.250000
	pigment { color rgbt <1,0,0,0> }
	no_shadow
}
cylinder {
	<4.554155, 15.269680, 15.201429>,  <4.444085, 15.367203, 15.011763>, 0.100000
	pigment { color rgbt <1,0,0,0> }
	no_shadow
}
cylinder {
	<4.554155, 15.269680, 15.201429>,  <4.737607, 15.107141, 15.517541>, 0.100000
	pigment { color rgbt <1,0,0,0> }
	no_shadow
}

// particle -1
sphere {
	<4.554155, 15.269680, 15.201429> 0.100000
	pigment { color rgbt <1,0,0,0> }
	no_shadow
}
sphere {
	0, 1
	scale<0.080000,0.200000,0.300000>
	matrix <-0.184105, 0.826581, 0.531855,
		0.869347, 0.389419, -0.304283,
		-0.458629, 0.406346, -0.790280,
		4.416567, 15.391584, 14.964345>
	pigment { color rgbt <0,1,1,0> }
	no_shadow
}
cylinder {
	<4.534769, 15.537656, 16.100689>,  <4.737607, 15.107141, 15.517541>, 0.130000
	pigment { color rgbt <1,0,0,0> }
	no_shadow
}

// nucleotide -1

// particle -1
sphere {
	<4.534769, 15.537656, 16.100689> 0.250000
	pigment { color rgbt <1,0,0,0> }
	no_shadow
}
cylinder {
	<4.868286, 15.627919, 16.302231>,  <5.068396, 15.682077, 16.423155>, 0.100000
	pigment { color rgbt <1,0,0,0> }
	no_shadow
}
cylinder {
	<4.868286, 15.627919, 16.302231>,  <4.534769, 15.537656, 16.100689>, 0.100000
	pigment { color rgbt <1,0,0,0> }
	no_shadow
}

// particle -1
sphere {
	<4.868286, 15.627919, 16.302231> 0.100000
	pigment { color rgbt <1,0,0,0> }
	no_shadow
}
sphere {
	0, 1
	scale<0.080000,0.200000,0.300000>
	matrix <0.324972, 0.537172, -0.778356,
		-0.446299, 0.812726, 0.374558,
		0.833793, 0.225659, 0.503853,
		5.118423, 15.695617, 16.453386>
	pigment { color rgbt <0,1,1,0> }
	no_shadow
}
cylinder {
	<5.234625, 15.744206, 15.888130>,  <4.534769, 15.537656, 16.100689>, 0.130000
	pigment { color rgbt <1,0,0,0> }
	no_shadow
}

// nucleotide -1

// particle -1
sphere {
	<5.234625, 15.744206, 15.888130> 0.250000
	pigment { color rgbt <1,0,0,0> }
	no_shadow
}
cylinder {
	<5.541403, 15.638766, 16.122160>,  <5.725469, 15.575502, 16.262579>, 0.100000
	pigment { color rgbt <1,0,0,0> }
	no_shadow
}
cylinder {
	<5.541403, 15.638766, 16.122160>,  <5.234625, 15.744206, 15.888130>, 0.100000
	pigment { color rgbt <1,0,0,0> }
	no_shadow
}

// particle -1
sphere {
	<5.541403, 15.638766, 16.122160> 0.100000
	pigment { color rgbt <1,0,0,0> }
	no_shadow
}
sphere {
	0, 1
	scale<0.080000,0.200000,0.300000>
	matrix <0.472126, 0.849284, -0.236248,
		-0.434621, 0.457418, 0.775805,
		0.766943, -0.263599, 0.585076,
		5.771486, 15.559687, 16.297682>
	pigment { color rgbt <0,1,1,0> }
	no_shadow
}
cylinder {
	<5.393041, 16.258951, 16.466526>,  <5.234625, 15.744206, 15.888130>, 0.130000
	pigment { color rgbt <1,0,0,0> }
	no_shadow
}

// nucleotide -1

// particle -1
sphere {
	<5.393041, 16.258951, 16.466526> 0.250000
	pigment { color rgbt <1,0,0,0> }
	no_shadow
}
cylinder {
	<5.721290, 16.063776, 16.347534>,  <5.918240, 15.946671, 16.276138>, 0.100000
	pigment { color rgbt <1,0,0,0> }
	no_shadow
}
cylinder {
	<5.721290, 16.063776, 16.347534>,  <5.393041, 16.258951, 16.466526>, 0.100000
	pigment { color rgbt <1,0,0,0> }
	no_shadow
}

// particle -1
sphere {
	<5.721290, 16.063776, 16.347534> 0.100000
	pigment { color rgbt <1,0,0,0> }
	no_shadow
}
sphere {
	0, 1
	scale<0.080000,0.200000,0.300000>
	matrix <0.446925, 0.872378, -0.198031,
		0.356143, 0.029557, 0.933964,
		0.820622, -0.487939, -0.297482,
		5.967477, 15.917395, 16.258289>
	pigment { color rgbt <0,1,1,0> }
	no_shadow
}
cylinder {
	<5.900727, 16.662201, 16.793728>,  <5.393041, 16.258951, 16.466526>, 0.130000
	pigment { color rgbt <1,0,0,0> }
	no_shadow
}

// nucleotide -1

// particle -1
sphere {
	<5.900727, 16.662201, 16.793728> 0.250000
	pigment { color rgbt <1,0,0,0> }
	no_shadow
}
cylinder {
	<6.058469, 16.454592, 16.490387>,  <6.153115, 16.330027, 16.308382>, 0.100000
	pigment { color rgbt <1,0,0,0> }
	no_shadow
}
cylinder {
	<6.058469, 16.454592, 16.490387>,  <5.900727, 16.662201, 16.793728>, 0.100000
	pigment { color rgbt <1,0,0,0> }
	no_shadow
}

// particle -1
sphere {
	<6.058469, 16.454592, 16.490387> 0.100000
	pigment { color rgbt <1,0,0,0> }
	no_shadow
}
sphere {
	0, 1
	scale<0.080000,0.200000,0.300000>
	matrix <0.416159, 0.836628, -0.356183,
		0.819326, -0.175132, 0.545924,
		0.394356, -0.519021, -0.758354,
		6.176776, 16.298885, 16.262880>
	pigment { color rgbt <0,1,1,0> }
	no_shadow
}
cylinder {
	<6.566315, 17.013083, 16.666235>,  <5.900727, 16.662201, 16.793728>, 0.130000
	pigment { color rgbt <1,0,0,0> }
	no_shadow
}

// nucleotide -1

// particle -1
sphere {
	<6.566315, 17.013083, 16.666235> 0.250000
	pigment { color rgbt <1,0,0,0> }
	no_shadow
}
cylinder {
	<6.488159, 16.812878, 16.328878>,  <6.441266, 16.692755, 16.126465>, 0.100000
	pigment { color rgbt <1,0,0,0> }
	no_shadow
}
cylinder {
	<6.488159, 16.812878, 16.328878>,  <6.566315, 17.013083, 16.666235>, 0.100000
	pigment { color rgbt <1,0,0,0> }
	no_shadow
}

// particle -1
sphere {
	<6.488159, 16.812878, 16.328878> 0.100000
	pigment { color rgbt <1,0,0,0> }
	no_shadow
}
sphere {
	0, 1
	scale<0.080000,0.200000,0.300000>
	matrix <0.431524, 0.728371, -0.532225,
		0.880687, -0.467935, 0.073667,
		-0.195390, -0.500513, -0.843392,
		6.429543, 16.662724, 16.075861>
	pigment { color rgbt <0,1,1,0> }
	no_shadow
}
cylinder {
	<7.196777, 17.214884, 16.182373>,  <6.566315, 17.013083, 16.666235>, 0.130000
	pigment { color rgbt <1,0,0,0> }
	no_shadow
}

// nucleotide -1

// particle -1
sphere {
	<7.196777, 17.214884, 16.182373> 0.250000
	pigment { color rgbt <1,0,0,0> }
	no_shadow
}
cylinder {
	<6.883523, 17.101013, 15.961228>,  <6.695570, 17.032690, 15.828542>, 0.100000
	pigment { color rgbt <1,0,0,0> }
	no_shadow
}
cylinder {
	<6.883523, 17.101013, 15.961228>,  <7.196777, 17.214884, 16.182373>, 0.100000
	pigment { color rgbt <1,0,0,0> }
	no_shadow
}

// particle -1
sphere {
	<6.883523, 17.101013, 15.961228> 0.100000
	pigment { color rgbt <1,0,0,0> }
	no_shadow
}
sphere {
	0, 1
	scale<0.080000,0.200000,0.300000>
	matrix <0.322693, 0.573945, -0.752633,
		0.531569, -0.767820, -0.357615,
		-0.783137, -0.284677, -0.552861,
		6.648582, 17.015610, 15.795370>
	pigment { color rgbt <0,1,1,0> }
	no_shadow
}
cylinder {
	<7.564291, 17.201841, 15.457024>,  <7.196777, 17.214884, 16.182373>, 0.130000
	pigment { color rgbt <1,0,0,0> }
	no_shadow
}

// nucleotide -1

// particle -1
sphere {
	<7.564291, 17.201841, 15.457024> 0.250000
	pigment { color rgbt <1,0,0,0> }
	no_shadow
}
cylinder {
	<7.165290, 17.213295, 15.431188>,  <6.925890, 17.220167, 15.415687>, 0.100000
	pigment { color rgbt <1,0,0,0> }
	no_shadow
}
cylinder {
	<7.165290, 17.213295, 15.431188>,  <7.564291, 17.201841, 15.457024>, 0.100000
	pigment { color rgbt <1,0,0,0> }
	no_shadow
}

// particle -1
sphere {
	<7.165290, 17.213295, 15.431188> 0.100000
	pigment { color rgbt <1,0,0,0> }
	no_shadow
}
sphere {
	0, 1
	scale<0.080000,0.200000,0.300000>
	matrix <0.062880, 0.776651, -0.626785,
		0.032215, -0.629280, -0.776511,
		-0.997501, 0.028635, -0.064589,
		6.866040, 17.221886, 15.411811>
	pigment { color rgbt <0,1,1,0> }
	no_shadow
}
cylinder {
	<7.435497, 17.131262, 14.728866>,  <7.564291, 17.201841, 15.457024>, 0.130000
	pigment { color rgbt <1,0,0,0> }
	no_shadow
}

// nucleotide -1

// particle -1
sphere {
	<7.435497, 17.131262, 14.728866> 0.250000
	pigment { color rgbt <1,0,0,0> }
	no_shadow
}
cylinder {
	<7.104161, 17.293732, 14.883202>,  <6.905359, 17.391214, 14.975803>, 0.100000
	pigment { color rgbt <1,0,0,0> }
	no_shadow
}
cylinder {
	<7.104161, 17.293732, 14.883202>,  <7.435497, 17.131262, 14.728866>, 0.100000
	pigment { color rgbt <1,0,0,0> }
	no_shadow
}

// particle -1
sphere {
	<7.104161, 17.293732, 14.883202> 0.100000
	pigment { color rgbt <1,0,0,0> }
	no_shadow
}
sphere {
	0, 1
	scale<0.080000,0.200000,0.300000>
	matrix <-0.038145, 0.646236, -0.762184,
		-0.558924, -0.646066, -0.519810,
		-0.828341, 0.406175, 0.385841,
		6.855659, 17.415585, 14.998954>
	pigment { color rgbt <0,1,1,0> }
	no_shadow
}
cylinder {
	<6.953954, 17.091305, 14.203501>,  <7.435497, 17.131262, 14.728866>, 0.130000
	pigment { color rgbt <1,0,0,0> }
	no_shadow
}

// nucleotide -1

// particle -1
sphere {
	<6.953954, 17.091305, 14.203501> 0.250000
	pigment { color rgbt <1,0,0,0> }
	no_shadow
}
cylinder {
	<6.821232, 17.389980, 14.434104>,  <6.741599, 17.569185, 14.572466>, 0.100000
	pigment { color rgbt <1,0,0,0> }
	no_shadow
}
cylinder {
	<6.821232, 17.389980, 14.434104>,  <6.953954, 17.091305, 14.203501>, 0.100000
	pigment { color rgbt <1,0,0,0> }
	no_shadow
}

// particle -1
sphere {
	<6.821232, 17.389980, 14.434104> 0.100000
	pigment { color rgbt <1,0,0,0> }
	no_shadow
}
sphere {
	0, 1
	scale<0.080000,0.200000,0.300000>
	matrix <-0.002788, 0.610351, -0.792126,
		-0.943344, -0.264439, -0.200435,
		-0.331805, 0.746689, 0.576508,
		6.721691, 17.613987, 14.607057>
	pigment { color rgbt <0,1,1,0> }
	no_shadow
}
cylinder {
	<6.344154, 17.308023, 13.979562>,  <6.953954, 17.091305, 14.203501>, 0.130000
	pigment { color rgbt <1,0,0,0> }
	no_shadow
}

// nucleotide -1

// particle -1
sphere {
	<6.344154, 17.308023, 13.979562> 0.250000
	pigment { color rgbt <1,0,0,0> }
	no_shadow
}
cylinder {
	<6.485354, 17.638569, 14.155068>,  <6.570074, 17.836895, 14.260372>, 0.100000
	pigment { color rgbt <1,0,0,0> }
	no_shadow
}
cylinder {
	<6.485354, 17.638569, 14.155068>,  <6.344154, 17.308023, 13.979562>, 0.100000
	pigment { color rgbt <1,0,0,0> }
	no_shadow
}

// particle -1
sphere {
	<6.485354, 17.638569, 14.155068> 0.100000
	pigment { color rgbt <1,0,0,0> }
	no_shadow
}
sphere {
	0, 1
	scale<0.080000,0.200000,0.300000>
	matrix <-0.278573, 0.540517, -0.793875,
		-0.893190, 0.158009, 0.421004,
		0.353000, 0.826362, 0.438767,
		6.591254, 17.886478, 14.286698>
	pigment { color rgbt <0,1,1,0> }
	no_shadow
}
cylinder {
	<5.958826, 17.792006, 13.682211>,  <6.344154, 17.308023, 13.979562>, 0.130000
	pigment { color rgbt <1,0,0,0> }
	no_shadow
}

// nucleotide -1

// particle -1
sphere {
	<5.958826, 17.792006, 13.682211> 0.250000
	pigment { color rgbt <1,0,0,0> }
	no_shadow
}
cylinder {
	<6.272793, 18.000933, 13.815531>,  <6.461173, 18.126289, 13.895523>, 0.100000
	pigment { color rgbt <1,0,0,0> }
	no_shadow
}
cylinder {
	<6.272793, 18.000933, 13.815531>,  <5.958826, 17.792006, 13.682211>, 0.100000
	pigment { color rgbt <1,0,0,0> }
	no_shadow
}

// particle -1
sphere {
	<6.272793, 18.000933, 13.815531> 0.100000
	pigment { color rgbt <1,0,0,0> }
	no_shadow
}
sphere {
	0, 1
	scale<0.080000,0.200000,0.300000>
	matrix <0.023049, 0.512940, -0.858115,
		-0.619172, 0.681231, 0.390576,
		0.784917, 0.522318, 0.333299,
		6.508268, 18.157629, 13.915521>
	pigment { color rgbt <0,1,1,0> }
	no_shadow
}
cylinder {
	<5.771007, 18.395058, 13.379063>,  <5.958826, 17.792006, 13.682211>, 0.130000
	pigment { color rgbt <1,0,0,0> }
	no_shadow
}

// nucleotide -1

// particle -1
sphere {
	<5.771007, 18.395058, 13.379063> 0.250000
	pigment { color rgbt <1,0,0,0> }
	no_shadow
}
cylinder {
	<6.156855, 18.419956, 13.481538>,  <6.388363, 18.434896, 13.543023>, 0.100000
	pigment { color rgbt <1,0,0,0> }
	no_shadow
}
cylinder {
	<6.156855, 18.419956, 13.481538>,  <5.771007, 18.395058, 13.379063>, 0.100000
	pigment { color rgbt <1,0,0,0> }
	no_shadow
}

// particle -1
sphere {
	<6.156855, 18.419956, 13.481538> 0.100000
	pigment { color rgbt <1,0,0,0> }
	no_shadow
}
sphere {
	0, 1
	scale<0.080000,0.200000,0.300000>
	matrix <0.197753, 0.471815, -0.859235,
		-0.174358, 0.879497, 0.442813,
		0.964621, 0.062247, 0.256188,
		6.446241, 18.438631, 13.558394>
	pigment { color rgbt <0,1,1,0> }
	no_shadow
}
cylinder {
	<5.993092, 19.111032, 13.351339>,  <5.771007, 18.395058, 13.379063>, 0.130000
	pigment { color rgbt <1,0,0,0> }
	no_shadow
}

// nucleotide -1

// particle -1
sphere {
	<5.993092, 19.111032, 13.351339> 0.250000
	pigment { color rgbt <1,0,0,0> }
	no_shadow
}
cylinder {
	<6.316612, 18.879030, 13.312485>,  <6.510725, 18.739830, 13.289172>, 0.100000
	pigment { color rgbt <1,0,0,0> }
	no_shadow
}
cylinder {
	<6.316612, 18.879030, 13.312485>,  <5.993092, 19.111032, 13.351339>, 0.100000
	pigment { color rgbt <1,0,0,0> }
	no_shadow
}

// particle -1
sphere {
	<6.316612, 18.879030, 13.312485> 0.100000
	pigment { color rgbt <1,0,0,0> }
	no_shadow
}
sphere {
	0, 1
	scale<0.080000,0.200000,0.300000>
	matrix <0.249397, 0.487876, -0.836528,
		0.532581, 0.652359, 0.539246,
		0.808801, -0.580005, -0.097137,
		6.559253, 18.705029, 13.283343>
	pigment { color rgbt <0,1,1,0> }
	no_shadow
}
cylinder {
	<6.593121, 19.508984, 13.297341>,  <5.993092, 19.111032, 13.351339>, 0.130000
	pigment { color rgbt <1,0,0,0> }
	no_shadow
}

// nucleotide -1

// particle -1
sphere {
	<6.593121, 19.508984, 13.297341> 0.250000
	pigment { color rgbt <1,0,0,0> }
	no_shadow
}
cylinder {
	<6.759013, 19.181465, 13.138558>,  <6.858548, 18.984955, 13.043288>, 0.100000
	pigment { color rgbt <1,0,0,0> }
	no_shadow
}
cylinder {
	<6.759013, 19.181465, 13.138558>,  <6.593121, 19.508984, 13.297341>, 0.100000
	pigment { color rgbt <1,0,0,0> }
	no_shadow
}

// particle -1
sphere {
	<6.759013, 19.181465, 13.138558> 0.100000
	pigment { color rgbt <1,0,0,0> }
	no_shadow
}
sphere {
	0, 1
	scale<0.080000,0.200000,0.300000>
	matrix <0.354529, 0.547169, -0.758231,
		0.838039, 0.173727, 0.517214,
		0.414729, -0.818795, -0.396958,
		6.883431, 18.935827, 13.019471>
	pigment { color rgbt <0,1,1,0> }
	no_shadow
}
cylinder {
	<7.277056, 19.698866, 12.966648>,  <6.593121, 19.508984, 13.297341>, 0.130000
	pigment { color rgbt <1,0,0,0> }
	no_shadow
}

// nucleotide -1

// particle -1
sphere {
	<7.277056, 19.698866, 12.966648> 0.250000
	pigment { color rgbt <1,0,0,0> }
	no_shadow
}
cylinder {
	<7.195701, 19.343964, 12.801041>,  <7.146888, 19.131021, 12.701676>, 0.100000
	pigment { color rgbt <1,0,0,0> }
	no_shadow
}
cylinder {
	<7.195701, 19.343964, 12.801041>,  <7.277056, 19.698866, 12.966648>, 0.100000
	pigment { color rgbt <1,0,0,0> }
	no_shadow
}

// particle -1
sphere {
	<7.195701, 19.343964, 12.801041> 0.100000
	pigment { color rgbt <1,0,0,0> }
	no_shadow
}
sphere {
	0, 1
	scale<0.080000,0.200000,0.300000>
	matrix <0.346616, 0.330224, -0.877958,
		0.915691, -0.322071, 0.240373,
		-0.203388, -0.887256, -0.414018,
		7.134685, 19.077787, 12.676835>
	pigment { color rgbt <0,1,1,0> }
	no_shadow
}
cylinder {
	<7.858101, 19.499561, 12.445138>,  <7.277056, 19.698866, 12.966648>, 0.130000
	pigment { color rgbt <1,0,0,0> }
	no_shadow
}

// nucleotide -1

// particle -1
sphere {
	<7.858101, 19.499561, 12.445138> 0.250000
	pigment { color rgbt <1,0,0,0> }
	no_shadow
}
cylinder {
	<7.559128, 19.246580, 12.363806>,  <7.379744, 19.094791, 12.315006>, 0.100000
	pigment { color rgbt <1,0,0,0> }
	no_shadow
}
cylinder {
	<7.559128, 19.246580, 12.363806>,  <7.858101, 19.499561, 12.445138>, 0.100000
	pigment { color rgbt <1,0,0,0> }
	no_shadow
}

// particle -1
sphere {
	<7.559128, 19.246580, 12.363806> 0.100000
	pigment { color rgbt <1,0,0,0> }
	no_shadow
}
sphere {
	0, 1
	scale<0.080000,0.200000,0.300000>
	matrix <0.239957, 0.028386, -0.970368,
		0.619486, -0.774077, 0.130545,
		-0.747434, -0.632455, -0.203330,
		7.334898, 19.056843, 12.302807>
	pigment { color rgbt <0,1,1,0> }
	no_shadow
}
cylinder {
	<8.124129, 18.948721, 12.024364>,  <7.858101, 19.499561, 12.445138>, 0.130000
	pigment { color rgbt <1,0,0,0> }
	no_shadow
}

// nucleotide -1

// particle -1
sphere {
	<8.124129, 18.948721, 12.024364> 0.250000
	pigment { color rgbt <1,0,0,0> }
	no_shadow
}
cylinder {
	<7.729288, 18.966587, 11.962873>,  <7.492383, 18.977306, 11.925979>, 0.100000
	pigment { color rgbt <1,0,0,0> }
	no_shadow
}
cylinder {
	<7.729288, 18.966587, 11.962873>,  <8.124129, 18.948721, 12.024364>, 0.100000
	pigment { color rgbt <1,0,0,0> }
	no_shadow
}

// particle -1
sphere {
	<7.729288, 18.966587, 11.962873> 0.100000
	pigment { color rgbt <1,0,0,0> }
	no_shadow
}
sphere {
	0, 1
	scale<0.080000,0.200000,0.300000>
	matrix <0.157535, 0.100311, -0.982405,
		-0.028461, -0.993953, -0.106054,
		-0.987103, 0.044667, -0.153728,
		7.433156, 18.979986, 11.916755>
	pigment { color rgbt <0,1,1,0> }
	no_shadow
}
cylinder {
	<7.987944, 18.478943, 11.430408>,  <8.124129, 18.948721, 12.024364>, 0.130000
	pigment { color rgbt <1,0,0,0> }
	no_shadow
}

// nucleotide -1

// particle -1
sphere {
	<7.987944, 18.478943, 11.430408> 0.250000
	pigment { color rgbt <1,0,0,0> }
	no_shadow
}
cylinder {
	<7.691724, 18.746332, 11.457926>,  <7.513992, 18.906765, 11.474437>, 0.100000
	pigment { color rgbt <1,0,0,0> }
	no_shadow
}
cylinder {
	<7.691724, 18.746332, 11.457926>,  <7.987944, 18.478943, 11.430408>, 0.100000
	pigment { color rgbt <1,0,0,0> }
	no_shadow
}

// particle -1
sphere {
	<7.691724, 18.746332, 11.457926> 0.100000
	pigment { color rgbt <1,0,0,0> }
	no_shadow
}
sphere {
	0, 1
	scale<0.080000,0.200000,0.300000>
	matrix <0.096450, 0.207044, -0.973566,
		-0.665044, -0.714338, -0.217800,
		-0.740550, 0.668471, 0.068796,
		7.469559, 18.946873, 11.478564>
	pigment { color rgbt <0,1,1,0> }
	no_shadow
}
cylinder {
	<7.596129, 18.373341, 10.815321>,  <7.987944, 18.478943, 11.430408>, 0.130000
	pigment { color rgbt <1,0,0,0> }
	no_shadow
}

// nucleotide -1

// particle -1
sphere {
	<7.596129, 18.373341, 10.815321> 0.250000
	pigment { color rgbt <1,0,0,0> }
	no_shadow
}
cylinder {
	<7.450330, 18.729683, 10.923776>,  <7.362851, 18.943489, 10.988849>, 0.100000
	pigment { color rgbt <1,0,0,0> }
	no_shadow
}
cylinder {
	<7.450330, 18.729683, 10.923776>,  <7.596129, 18.373341, 10.815321>, 0.100000
	pigment { color rgbt <1,0,0,0> }
	no_shadow
}

// particle -1
sphere {
	<7.450330, 18.729683, 10.923776> 0.100000
	pigment { color rgbt <1,0,0,0> }
	no_shadow
}
sphere {
	0, 1
	scale<0.080000,0.200000,0.300000>
	matrix <-0.058330, 0.268753, -0.961441,
		-0.929376, -0.366257, -0.045996,
		-0.364496, 0.890858, 0.271136,
		7.340981, 18.996941, 11.005116>
	pigment { color rgbt <0,1,1,0> }
	no_shadow
}
cylinder {
	<7.069750, 18.554737, 10.326621>,  <7.596129, 18.373341, 10.815321>, 0.130000
	pigment { color rgbt <1,0,0,0> }
	no_shadow
}

// nucleotide -1

// particle -1
sphere {
	<7.069750, 18.554737, 10.326621> 0.250000
	pigment { color rgbt <1,0,0,0> }
	no_shadow
}
cylinder {
	<7.169284, 18.890770, 10.519431>,  <7.229005, 19.092390, 10.635117>, 0.100000
	pigment { color rgbt <1,0,0,0> }
	no_shadow
}
cylinder {
	<7.169284, 18.890770, 10.519431>,  <7.069750, 18.554737, 10.326621>, 0.100000
	pigment { color rgbt <1,0,0,0> }
	no_shadow
}

// particle -1
sphere {
	<7.169284, 18.890770, 10.519431> 0.100000
	pigment { color rgbt <1,0,0,0> }
	no_shadow
}
sphere {
	0, 1
	scale<0.080000,0.200000,0.300000>
	matrix <-0.186617, 0.529938, -0.827248,
		-0.950397, 0.115894, 0.288640,
		0.248835, 0.840080, 0.482024,
		7.243935, 19.142794, 10.664039>
	pigment { color rgbt <0,1,1,0> }
	no_shadow
}
cylinder {
	<6.512201, 19.180660, 10.153006>,  <7.069750, 18.554737, 10.326621>, 0.130000
	pigment { color rgbt <1,0,0,0> }
	no_shadow
}

// nucleotide -1

// particle -1
sphere {
	<6.512201, 19.180660, 10.153006> 0.250000
	pigment { color rgbt <1,0,0,0> }
	no_shadow
}
cylinder {
	<6.863702, 19.328741, 10.273501>,  <7.074603, 19.417589, 10.345799>, 0.100000
	pigment { color rgbt <1,0,0,0> }
	no_shadow
}
cylinder {
	<6.863702, 19.328741, 10.273501>,  <6.512201, 19.180660, 10.153006>, 0.100000
	pigment { color rgbt <1,0,0,0> }
	no_shadow
}

// particle -1
sphere {
	<6.863702, 19.328741, 10.273501> 0.100000
	pigment { color rgbt <1,0,0,0> }
	no_shadow
}
sphere {
	0, 1
	scale<0.080000,0.200000,0.300000>
	matrix <-0.015614, 0.653124, -0.757090,
		-0.477023, 0.660591, 0.579715,
		0.878752, 0.370201, 0.301240,
		7.127328, 19.439802, 10.363873>
	pigment { color rgbt <0,1,1,0> }
	no_shadow
}
cylinder {
	<6.471817, 19.828720, 9.957315>,  <6.512201, 19.180660, 10.153006>, 0.130000
	pigment { color rgbt <1,0,0,0> }
	no_shadow
}

// nucleotide -1

// particle -1
sphere {
	<6.471817, 19.828720, 9.957315> 0.250000
	pigment { color rgbt <1,0,0,0> }
	no_shadow
}
cylinder {
	<6.868644, 19.794388, 9.994047>,  <7.106740, 19.773788, 10.016087>, 0.100000
	pigment { color rgbt <1,0,0,0> }
	no_shadow
}
cylinder {
	<6.868644, 19.794388, 9.994047>,  <6.471817, 19.828720, 9.957315>, 0.100000
	pigment { color rgbt <1,0,0,0> }
	no_shadow
}

// particle -1
sphere {
	<6.868644, 19.794388, 9.994047> 0.100000
	pigment { color rgbt <1,0,0,0> }
	no_shadow
}
sphere {
	0, 1
	scale<0.080000,0.200000,0.300000>
	matrix <0.120925, 0.452297, -0.883632,
		0.034310, 0.887728, 0.459088,
		0.992068, -0.085833, 0.091830,
		7.166265, 19.768639, 10.021596>
	pigment { color rgbt <0,1,1,0> }
	no_shadow
}
cylinder {
	<6.839087, 20.546574, 9.987393>,  <6.471817, 19.828720, 9.957315>, 0.130000
	pigment { color rgbt <1,0,0,0> }
	no_shadow
}

// nucleotide -1

// particle -1
sphere {
	<6.839087, 20.546574, 9.987393> 0.250000
	pigment { color rgbt <1,0,0,0> }
	no_shadow
}
cylinder {
	<7.119053, 20.300907, 9.841560>,  <7.287033, 20.153507, 9.754061>, 0.100000
	pigment { color rgbt <1,0,0,0> }
	no_shadow
}
cylinder {
	<7.119053, 20.300907, 9.841560>,  <6.839087, 20.546574, 9.987393>, 0.100000
	pigment { color rgbt <1,0,0,0> }
	no_shadow
}

// particle -1
sphere {
	<7.119053, 20.300907, 9.841560> 0.100000
	pigment { color rgbt <1,0,0,0> }
	no_shadow
}
sphere {
	0, 1
	scale<0.080000,0.200000,0.300000>
	matrix <0.219660, 0.670820, -0.708344,
		0.679609, 0.415696, 0.604424,
		0.699915, -0.614164, -0.364583,
		7.329028, 20.116657, 9.732185>
	pigment { color rgbt <0,1,1,0> }
	no_shadow
}
cylinder {
	<7.510536, 20.898724, 10.041734>,  <6.839087, 20.546574, 9.987393>, 0.130000
	pigment { color rgbt <1,0,0,0> }
	no_shadow
}

// nucleotide -1

// particle -1
sphere {
	<7.510536, 20.898724, 10.041734> 0.250000
	pigment { color rgbt <1,0,0,0> }
	no_shadow
}
cylinder {
	<7.454240, 20.633846, 9.747335>,  <7.420462, 20.474920, 9.570696>, 0.100000
	pigment { color rgbt <1,0,0,0> }
	no_shadow
}
cylinder {
	<7.454240, 20.633846, 9.747335>,  <7.510536, 20.898724, 10.041734>, 0.100000
	pigment { color rgbt <1,0,0,0> }
	no_shadow
}

// particle -1
sphere {
	<7.454240, 20.633846, 9.747335> 0.100000
	pigment { color rgbt <1,0,0,0> }
	no_shadow
}
sphere {
	0, 1
	scale<0.080000,0.200000,0.300000>
	matrix <0.341657, 0.665243, -0.663869,
		0.929227, -0.344892, 0.132617,
		-0.140740, -0.662194, -0.735997,
		7.412018, 20.435188, 9.526537>
	pigment { color rgbt <0,1,1,0> }
	no_shadow
}
cylinder {
	<7.992763, 21.045872, 9.440054>,  <7.510536, 20.898724, 10.041734>, 0.130000
	pigment { color rgbt <1,0,0,0> }
	no_shadow
}

// nucleotide -1

// particle -1
sphere {
	<7.992763, 21.045872, 9.440054> 0.250000
	pigment { color rgbt <1,0,0,0> }
	no_shadow
}
cylinder {
	<7.740852, 20.773956, 9.289710>,  <7.589706, 20.610807, 9.199504>, 0.100000
	pigment { color rgbt <1,0,0,0> }
	no_shadow
}
cylinder {
	<7.740852, 20.773956, 9.289710>,  <7.992763, 21.045872, 9.440054>, 0.100000
	pigment { color rgbt <1,0,0,0> }
	no_shadow
}

// particle -1
sphere {
	<7.740852, 20.773956, 9.289710> 0.100000
	pigment { color rgbt <1,0,0,0> }
	no_shadow
}
sphere {
	0, 1
	scale<0.080000,0.200000,0.300000>
	matrix <0.008180, 0.478041, -0.878300,
		0.776734, -0.556206, -0.295498,
		-0.629775, -0.679788, -0.375860,
		7.551919, 20.570021, 9.176952>
	pigment { color rgbt <0,1,1,0> }
	no_shadow
}
cylinder {
	<8.282751, 20.764626, 8.757055>,  <7.992763, 21.045872, 9.440054>, 0.130000
	pigment { color rgbt <1,0,0,0> }
	no_shadow
}

// nucleotide -1

// particle -1
sphere {
	<8.282751, 20.764626, 8.757055> 0.250000
	pigment { color rgbt <1,0,0,0> }
	no_shadow
}
cylinder {
	<7.882977, 20.752998, 8.750332>,  <7.643112, 20.746023, 8.746298>, 0.100000
	pigment { color rgbt <1,0,0,0> }
	no_shadow
}
cylinder {
	<7.882977, 20.752998, 8.750332>,  <8.282751, 20.764626, 8.757055>, 0.100000
	pigment { color rgbt <1,0,0,0> }
	no_shadow
}

// particle -1
sphere {
	<7.882977, 20.752998, 8.750332> 0.100000
	pigment { color rgbt <1,0,0,0> }
	no_shadow
}
sphere {
	0, 1
	scale<0.080000,0.200000,0.300000>
	matrix <0.006416, 0.326056, -0.945329,
		0.032957, -0.944904, -0.325686,
		-0.999436, -0.029066, -0.016809,
		7.583146, 20.744278, 8.745289>
	pigment { color rgbt <0,1,1,0> }
	no_shadow
}
cylinder {
	<8.119119, 20.353142, 8.176904>,  <8.282751, 20.764626, 8.757055>, 0.130000
	pigment { color rgbt <1,0,0,0> }
	no_shadow
}

// nucleotide -1

// particle -1
sphere {
	<8.119119, 20.353142, 8.176904> 0.250000
	pigment { color rgbt <1,0,0,0> }
	no_shadow
}
cylinder {
	<7.805107, 20.592861, 8.239605>,  <7.616699, 20.736692, 8.277225>, 0.100000
	pigment { color rgbt <1,0,0,0> }
	no_shadow
}
cylinder {
	<7.805107, 20.592861, 8.239605>,  <8.119119, 20.353142, 8.176904>, 0.100000
	pigment { color rgbt <1,0,0,0> }
	no_shadow
}

// particle -1
sphere {
	<7.805107, 20.592861, 8.239605> 0.100000
	pigment { color rgbt <1,0,0,0> }
	no_shadow
}
sphere {
	0, 1
	scale<0.080000,0.200000,0.300000>
	matrix <0.052738, 0.316789, -0.947029,
		-0.617208, -0.735180, -0.280294,
		-0.785030, 0.599296, 0.156753,
		7.569598, 20.772650, 8.286631>
	pigment { color rgbt <0,1,1,0> }
	no_shadow
}
cylinder {
	<8.449843, 19.718781, 7.763359>,  <8.119119, 20.353142, 8.176904>, 0.130000
	pigment { color rgbt <1,0,0,0> }
	no_shadow
}

// nucleotide -1

// particle -1
sphere {
	<8.449843, 19.718781, 7.763359> 0.250000
	pigment { color rgbt <1,0,0,0> }
	no_shadow
}
cylinder {
	<8.599367, 19.438419, 8.006341>,  <8.689081, 19.270203, 8.152130>, 0.100000
	pigment { color rgbt <1,0,0,0> }
	no_shadow
}
cylinder {
	<8.599367, 19.438419, 8.006341>,  <8.449843, 19.718781, 7.763359>, 0.100000
	pigment { color rgbt <1,0,0,0> }
	no_shadow
}

// particle -1
sphere {
	<8.599367, 19.438419, 8.006341> 0.100000
	pigment { color rgbt <1,0,0,0> }
	no_shadow
}
sphere {
	0, 1
	scale<0.080000,0.200000,0.300000>
	matrix <-0.809637, -0.566104, -0.154967,
		0.452499, -0.433890, -0.779092,
		0.373808, -0.700904, 0.607454,
		8.711510, 19.228148, 8.188578>
	pigment { color rgbt <0,1,1,0> }
	no_shadow
}
cylinder {
	<8.655973, 19.040565, 7.364965>,  <8.449843, 19.718781, 7.763359>, 0.130000
	pigment { color rgbt <1,0,0,0> }
	no_shadow
}

// nucleotide -1

// particle -1
sphere {
	<8.655973, 19.040565, 7.364965> 0.250000
	pigment { color rgbt <1,0,0,0> }
	no_shadow
}
cylinder {
	<8.529353, 19.031290, 7.744282>,  <8.453381, 19.025724, 7.971872>, 0.100000
	pigment { color rgbt <1,0,0,0> }
	no_shadow
}
cylinder {
	<8.529353, 19.031290, 7.744282>,  <8.655973, 19.040565, 7.364965>, 0.100000
	pigment { color rgbt <1,0,0,0> }
	no_shadow
}

// particle -1
sphere {
	<8.529353, 19.031290, 7.744282> 0.100000
	pigment { color rgbt <1,0,0,0> }
	no_shadow
}
sphere {
	0, 1
	scale<0.080000,0.200000,0.300000>
	matrix <-0.805227, -0.521859, -0.281554,
		0.501402, -0.852717, 0.146525,
		-0.316551, -0.023187, 0.948292,
		8.434388, 19.024334, 8.028769>
	pigment { color rgbt <0,1,1,0> }
	no_shadow
}
cylinder {
	<8.458360, 18.385677, 7.657455>,  <8.655973, 19.040565, 7.364965>, 0.130000
	pigment { color rgbt <1,0,0,0> }
	no_shadow
}

// nucleotide -1

// particle -1
sphere {
	<8.458360, 18.385677, 7.657455> 0.250000
	pigment { color rgbt <1,0,0,0> }
	no_shadow
}
cylinder {
	<8.226584, 18.594830, 7.907527>,  <8.087520, 18.720320, 8.057570>, 0.100000
	pigment { color rgbt <1,0,0,0> }
	no_shadow
}
cylinder {
	<8.226584, 18.594830, 7.907527>,  <8.458360, 18.385677, 7.657455>, 0.100000
	pigment { color rgbt <1,0,0,0> }
	no_shadow
}

// particle -1
sphere {
	<8.226584, 18.594830, 7.907527> 0.100000
	pigment { color rgbt <1,0,0,0> }
	no_shadow
}
sphere {
	0, 1
	scale<0.080000,0.200000,0.300000>
	matrix <-0.769219, -0.604367, -0.207466,
		0.269359, -0.601115, 0.752401,
		-0.579437, 0.522878, 0.625181,
		8.052753, 18.751694, 8.095081>
	pigment { color rgbt <0,1,1,0> }
	no_shadow
}
cylinder {
	<9.095579, 18.252939, 7.404928>,  <8.458360, 18.385677, 7.657455>, 0.130000
	pigment { color rgbt <1,0,0,0> }
	no_shadow
}

// nucleotide -1

// particle -1
sphere {
	<9.095579, 18.252939, 7.404928> 0.250000
	pigment { color rgbt <1,0,0,0> }
	no_shadow
}
cylinder {
	<9.466635, 18.337929, 7.527787>,  <9.689268, 18.388924, 7.601503>, 0.100000
	pigment { color rgbt <1,0,0,0> }
	no_shadow
}
cylinder {
	<9.466635, 18.337929, 7.527787>,  <9.095579, 18.252939, 7.404928>, 0.100000
	pigment { color rgbt <1,0,0,0> }
	no_shadow
}

// particle -1
sphere {
	<9.466635, 18.337929, 7.527787> 0.100000
	pigment { color rgbt <1,0,0,0> }
	no_shadow
}
sphere {
	0, 1
	scale<0.080000,0.200000,0.300000>
	matrix <-0.248700, -0.262117, 0.932439,
		0.278630, -0.941354, -0.190307,
		0.927638, 0.212476, 0.307149,
		9.744926, 18.401672, 7.619932>
	pigment { color rgbt <0,1,1,0> }
	no_shadow
}
cylinder {
	<9.331250, 17.699238, 7.834746>,  <9.095579, 18.252939, 7.404928>, 0.130000
	pigment { color rgbt <1,0,0,0> }
	no_shadow
}

// nucleotide -1

// particle -1
sphere {
	<9.331250, 17.699238, 7.834746> 0.250000
	pigment { color rgbt <1,0,0,0> }
	no_shadow
}
cylinder {
	<9.522173, 18.037565, 7.930055>,  <9.636726, 18.240561, 7.987240>, 0.100000
	pigment { color rgbt <1,0,0,0> }
	no_shadow
}
cylinder {
	<9.522173, 18.037565, 7.930055>,  <9.331250, 17.699238, 7.834746>, 0.100000
	pigment { color rgbt <1,0,0,0> }
	no_shadow
}

// particle -1
sphere {
	<9.522173, 18.037565, 7.930055> 0.100000
	pigment { color rgbt <1,0,0,0> }
	no_shadow
}
sphere {
	0, 1
	scale<0.080000,0.200000,0.300000>
	matrix <-0.224132, -0.145002, 0.963711,
		0.849673, -0.513390, 0.120364,
		0.477306, 0.845817, 0.238272,
		9.665365, 18.291309, 8.001536>
	pigment { color rgbt <0,1,1,0> }
	no_shadow
}
cylinder {
	<9.784422, 17.579905, 8.292647>,  <9.331250, 17.699238, 7.834746>, 0.130000
	pigment { color rgbt <1,0,0,0> }
	no_shadow
}

// nucleotide -1

// particle -1
sphere {
	<9.784422, 17.579905, 8.292647> 0.250000
	pigment { color rgbt <1,0,0,0> }
	no_shadow
}
cylinder {
	<9.624735, 17.945543, 8.321072>,  <9.528923, 18.164927, 8.338126>, 0.100000
	pigment { color rgbt <1,0,0,0> }
	no_shadow
}
cylinder {
	<9.624735, 17.945543, 8.321072>,  <9.784422, 17.579905, 8.292647>, 0.100000
	pigment { color rgbt <1,0,0,0> }
	no_shadow
}

// particle -1
sphere {
	<9.624735, 17.945543, 8.321072> 0.100000
	pigment { color rgbt <1,0,0,0> }
	no_shadow
}
sphere {
	0, 1
	scale<0.080000,0.200000,0.300000>
	matrix <-0.222561, -0.171802, 0.959662,
		0.889433, 0.367299, 0.272029,
		-0.399218, 0.914098, 0.071060,
		9.504970, 18.219772, 8.342390>
	pigment { color rgbt <0,1,1,0> }
	no_shadow
}
cylinder {
	<10.171210, 17.985434, 8.823877>,  <9.784422, 17.579905, 8.292647>, 0.130000
	pigment { color rgbt <1,0,0,0> }
	no_shadow
}

// nucleotide -1

// particle -1
sphere {
	<10.171210, 17.985434, 8.823877> 0.250000
	pigment { color rgbt <1,0,0,0> }
	no_shadow
}
cylinder {
	<9.787856, 18.090445, 8.779019>,  <9.557843, 18.153450, 8.752105>, 0.100000
	pigment { color rgbt <1,0,0,0> }
	no_shadow
}
cylinder {
	<9.787856, 18.090445, 8.779019>,  <10.171210, 17.985434, 8.823877>, 0.100000
	pigment { color rgbt <1,0,0,0> }
	no_shadow
}

// particle -1
sphere {
	<9.787856, 18.090445, 8.779019> 0.100000
	pigment { color rgbt <1,0,0,0> }
	no_shadow
}
sphere {
	0, 1
	scale<0.080000,0.200000,0.300000>
	matrix <-0.117156, -0.003464, 0.993107,
		0.260328, 0.964919, 0.034076,
		-0.958386, 0.262526, -0.112144,
		9.500340, 18.169203, 8.745377>
	pigment { color rgbt <0,1,1,0> }
	no_shadow
}
cylinder {
	<9.932868, 18.641623, 9.197576>,  <10.171210, 17.985434, 8.823877>, 0.130000
	pigment { color rgbt <1,0,0,0> }
	no_shadow
}

// nucleotide -1

// particle -1
sphere {
	<9.932868, 18.641623, 9.197576> 0.250000
	pigment { color rgbt <1,0,0,0> }
	no_shadow
}
cylinder {
	<9.608758, 18.415922, 9.134237>,  <9.414291, 18.280502, 9.096234>, 0.100000
	pigment { color rgbt <1,0,0,0> }
	no_shadow
}
cylinder {
	<9.608758, 18.415922, 9.134237>,  <9.932868, 18.641623, 9.197576>, 0.100000
	pigment { color rgbt <1,0,0,0> }
	no_shadow
}

// particle -1
sphere {
	<9.608758, 18.415922, 9.134237> 0.100000
	pigment { color rgbt <1,0,0,0> }
	no_shadow
}
sphere {
	0, 1
	scale<0.080000,0.200000,0.300000>
	matrix <-0.186158, -0.008388, 0.982484,
		-0.555696, 0.825561, -0.098243,
		-0.810276, -0.564251, -0.158346,
		9.365675, 18.246647, 9.086734>
	pigment { color rgbt <0,1,1,0> }
	no_shadow
}
cylinder {
	<9.454000, 18.933537, 9.606637>,  <9.932868, 18.641623, 9.197576>, 0.130000
	pigment { color rgbt <1,0,0,0> }
	no_shadow
}

// nucleotide -1

// particle -1
sphere {
	<9.454000, 18.933537, 9.606637> 0.250000
	pigment { color rgbt <1,0,0,0> }
	no_shadow
}
cylinder {
	<9.358199, 18.550913, 9.540146>,  <9.300719, 18.321339, 9.500251>, 0.100000
	pigment { color rgbt <1,0,0,0> }
	no_shadow
}
cylinder {
	<9.358199, 18.550913, 9.540146>,  <9.454000, 18.933537, 9.606637>, 0.100000
	pigment { color rgbt <1,0,0,0> }
	no_shadow
}

// particle -1
sphere {
	<9.358199, 18.550913, 9.540146> 0.100000
	pigment { color rgbt <1,0,0,0> }
	no_shadow
}
sphere {
	0, 1
	scale<0.080000,0.200000,0.300000>
	matrix <-0.197700, -0.119576, 0.972942,
		-0.950555, 0.265883, -0.160474,
		-0.239500, -0.956560, -0.166229,
		9.286349, 18.263945, 9.490277>
	pigment { color rgbt <0,1,1,0> }
	no_shadow
}
cylinder {
	<8.861072, 18.843987, 10.023453>,  <9.454000, 18.933537, 9.606637>, 0.130000
	pigment { color rgbt <1,0,0,0> }
	no_shadow
}

// nucleotide -1

// particle -1
sphere {
	<8.861072, 18.843987, 10.023453> 0.250000
	pigment { color rgbt <1,0,0,0> }
	no_shadow
}
cylinder {
	<8.985897, 18.467827, 9.969398>,  <9.060792, 18.242130, 9.936966>, 0.100000
	pigment { color rgbt <1,0,0,0> }
	no_shadow
}
cylinder {
	<8.985897, 18.467827, 9.969398>,  <8.861072, 18.843987, 10.023453>, 0.100000
	pigment { color rgbt <1,0,0,0> }
	no_shadow
}

// particle -1
sphere {
	<8.985897, 18.467827, 9.969398> 0.100000
	pigment { color rgbt <1,0,0,0> }
	no_shadow
}
sphere {
	0, 1
	scale<0.080000,0.200000,0.300000>
	matrix <-0.202019, -0.204669, 0.957757,
		-0.928334, -0.271580, -0.253849,
		0.312063, -0.940401, -0.135137,
		9.079515, 18.185707, 9.928858>
	pigment { color rgbt <0,1,1,0> }
	no_shadow
}
cylinder {
	<8.294862, 18.379688, 10.347692>,  <8.861072, 18.843987, 10.023453>, 0.130000
	pigment { color rgbt <1,0,0,0> }
	no_shadow
}

// nucleotide -1

// particle -1
sphere {
	<8.294862, 18.379688, 10.347692> 0.250000
	pigment { color rgbt <1,0,0,0> }
	no_shadow
}
cylinder {
	<8.637312, 18.174938, 10.319320>,  <8.842782, 18.052088, 10.302297>, 0.100000
	pigment { color rgbt <1,0,0,0> }
	no_shadow
}
cylinder {
	<8.637312, 18.174938, 10.319320>,  <8.294862, 18.379688, 10.347692>, 0.100000
	pigment { color rgbt <1,0,0,0> }
	no_shadow
}

// particle -1
sphere {
	<8.637312, 18.174938, 10.319320> 0.100000
	pigment { color rgbt <1,0,0,0> }
	no_shadow
}
sphere {
	0, 1
	scale<0.080000,0.200000,0.300000>
	matrix <-0.015109, -0.161992, 0.986676,
		-0.516546, -0.843648, -0.146420,
		0.856126, -0.511876, -0.070930,
		8.894150, 18.021376, 10.298040>
	pigment { color rgbt <0,1,1,0> }
	no_shadow
}
cylinder {
	<8.267977, 17.839733, 10.904790>,  <8.294862, 18.379688, 10.347692>, 0.130000
	pigment { color rgbt <1,0,0,0> }
	no_shadow
}

// nucleotide -1

// particle -1
sphere {
	<8.267977, 17.839733, 10.904790> 0.250000
	pigment { color rgbt <1,0,0,0> }
	no_shadow
}
cylinder {
	<8.657386, 17.787886, 10.829474>,  <8.891031, 17.756777, 10.784286>, 0.100000
	pigment { color rgbt <1,0,0,0> }
	no_shadow
}
cylinder {
	<8.657386, 17.787886, 10.829474>,  <8.267977, 17.839733, 10.904790>, 0.100000
	pigment { color rgbt <1,0,0,0> }
	no_shadow
}

// particle -1
sphere {
	<8.657386, 17.787886, 10.829474> 0.100000
	pigment { color rgbt <1,0,0,0> }
	no_shadow
}
sphere {
	0, 1
	scale<0.080000,0.200000,0.300000>
	matrix <0.120798, -0.407570, 0.905149,
		-0.194063, -0.903928, -0.381121,
		0.973523, -0.129617, -0.188287,
		8.949443, 17.749001, 10.772988>
	pigment { color rgbt <0,1,1,0> }
	no_shadow
}
cylinder {
	<8.481688, 17.207113, 11.196275>,  <8.267977, 17.839733, 10.904790>, 0.130000
	pigment { color rgbt <1,0,0,0> }
	no_shadow
}

// nucleotide -1

// particle -1
sphere {
	<8.481688, 17.207113, 11.196275> 0.250000
	pigment { color rgbt <1,0,0,0> }
	no_shadow
}
cylinder {
	<8.830124, 17.393774, 11.135033>,  <9.039186, 17.505770, 11.098288>, 0.100000
	pigment { color rgbt <1,0,0,0> }
	no_shadow
}
cylinder {
	<8.830124, 17.393774, 11.135033>,  <8.481688, 17.207113, 11.196275>, 0.100000
	pigment { color rgbt <1,0,0,0> }
	no_shadow
}

// particle -1
sphere {
	<8.830124, 17.393774, 11.135033> 0.100000
	pigment { color rgbt <1,0,0,0> }
	no_shadow
}
sphere {
	0, 1
	scale<0.080000,0.200000,0.300000>
	matrix <0.307033, -0.274121, 0.911366,
		0.383320, -0.840890, -0.382061,
		0.871089, 0.466650, -0.153105,
		9.091451, 17.533770, 11.089101>
	pigment { color rgbt <0,1,1,0> }
	no_shadow
}
cylinder {
	<9.020512, 16.801064, 11.325550>,  <8.481688, 17.207113, 11.196275>, 0.130000
	pigment { color rgbt <1,0,0,0> }
	no_shadow
}

// nucleotide -1

// particle -1
sphere {
	<9.020512, 16.801064, 11.325550> 0.250000
	pigment { color rgbt <1,0,0,0> }
	no_shadow
}
cylinder {
	<9.205417, 17.151205, 11.382216>,  <9.316360, 17.361290, 11.416217>, 0.100000
	pigment { color rgbt <1,0,0,0> }
	no_shadow
}
cylinder {
	<9.205417, 17.151205, 11.382216>,  <9.020512, 16.801064, 11.325550>, 0.100000
	pigment { color rgbt <1,0,0,0> }
	no_shadow
}

// particle -1
sphere {
	<9.205417, 17.151205, 11.382216> 0.100000
	pigment { color rgbt <1,0,0,0> }
	no_shadow
}
sphere {
	0, 1
	scale<0.080000,0.200000,0.300000>
	matrix <0.272766, -0.292382, 0.916576,
		0.843749, -0.385056, -0.373924,
		0.462262, 0.875354, 0.141667,
		9.344095, 17.413811, 11.424717>
	pigment { color rgbt <0,1,1,0> }
	no_shadow
}
cylinder {
	<9.669091, 16.588747, 11.585661>,  <9.020512, 16.801064, 11.325550>, 0.130000
	pigment { color rgbt <1,0,0,0> }
	no_shadow
}

// nucleotide -1

// particle -1
sphere {
	<9.669091, 16.588747, 11.585661> 0.250000
	pigment { color rgbt <1,0,0,0> }
	no_shadow
}
cylinder {
