// switches for output
#declare DRAW_BASES = 1; // possible values are 0, 1; only relevant for DNA ribbons
#declare DRAW_BASES_TYPE = 3; // possible values are 1, 2, 3; only relevant for DNA ribbons
#declare DRAW_FOG = 0; // set to 1 to enable fog

#include "colors.inc"

#include "transforms.inc"
background { rgb <1, 1, 1>}

#default {
   normal{
       ripples 0.25
       frequency 0.20
       turbulence 0.2
       lambda 5
   }
	finish {
		phong 0.1
		phong_size 40.
	}
}

// original window dimensions: 1024x640


// camera settings

camera {
	sky <0, 0.179814, -0.983701>
	up <0, 0.179814, -0.983701>
	right 1.6 * <1, 0, 0>
	location <25.469, 94.9851, 44.8844>
	look_at <25.469, 29.3977, 32.8955>
	direction <0, -65.5874, -11.9889>
	angle 67.0682
}


# declare cpy_camera_pos = <25.469, 94.9851, 44.8844>;
# if (DRAW_FOG = 1)
fog {
	fog_type 2
	up vnormalize(cpy_camera_pos)
	color rgbt<1,1,1,0.3>
	distance 1e-5
	fog_alt 3e-3
	fog_offset 28
}
# end


// LIGHTS

# declare lum = 6;
global_settings {
	ambient_light rgb lum * <0.05, 0.05, 0.05>
	max_trace_level 15
}# declare cpy_direct_light_amount = 0.25;
light_source
{	1000 * <-1, -1.16351, -0.803887>,
	rgb lum * cpy_direct_light_amount
	parallel
}

light_source
{	1000 * <1, 1.16351, 0.803887>,
	rgb lum * cpy_direct_light_amount
	parallel
}

// strand 0

// nucleotide -1

// particle -1
sphere {
	<4.332336, 14.908011, 14.551840> 0.250000
	pigment { color rgbt <1,0,0,0> }
	no_shadow
}
cylinder {
	<4.336134, 14.975913, 14.946016>,  <4.338413, 15.016654, 15.182522>, 0.100000
	pigment { color rgbt <1,0,0,0> }
	no_shadow
}
cylinder {
	<4.336134, 14.975913, 14.946016>,  <4.332336, 14.908011, 14.551840>, 0.100000
	pigment { color rgbt <1,0,0,0> }
	no_shadow
}

// particle -1
sphere {
	<4.336134, 14.975913, 14.946016> 0.100000
	pigment { color rgbt <1,0,0,0> }
	no_shadow
}
sphere {
	0, 1
	scale<0.080000,0.200000,0.300000>
	matrix <0.828498, -0.553145, 0.087304,
		0.559912, 0.815607, -0.145893,
		0.009494, 0.169754, 0.985441,
		4.338982, 15.026839, 15.241649>
	pigment { color rgbt <0,1,1,0> }
	no_shadow
}
cylinder {
	<5.014235, 15.020153, 14.667856>,  <4.332336, 14.908011, 14.551840>, 0.130000
	pigment { color rgbt <1,0,0,0> }
	no_shadow
}

// nucleotide -1

// particle -1
sphere {
	<5.014235, 15.020153, 14.667856> 0.250000
	pigment { color rgbt <1,0,0,0> }
	no_shadow
}
cylinder {
	<4.802847, 14.876858, 14.975722>,  <4.676014, 14.790881, 15.160442>, 0.100000
	pigment { color rgbt <1,0,0,0> }
	no_shadow
}
cylinder {
	<4.802847, 14.876858, 14.975722>,  <5.014235, 15.020153, 14.667856>, 0.100000
	pigment { color rgbt <1,0,0,0> }
	no_shadow
}

// particle -1
sphere {
	<4.802847, 14.876858, 14.975722> 0.100000
	pigment { color rgbt <1,0,0,0> }
	no_shadow
}
sphere {
	0, 1
	scale<0.080000,0.200000,0.300000>
	matrix <0.651078, -0.752834, 0.096641,
		0.544810, 0.552184, 0.631090,
		-0.528469, -0.358238, 0.769666,
		4.644306, 14.769386, 15.206622>
	pigment { color rgbt <0,1,1,0> }
	no_shadow
}
cylinder {
	<5.427080, 14.886917, 15.301557>,  <5.014235, 15.020153, 14.667856>, 0.130000
	pigment { color rgbt <1,0,0,0> }
	no_shadow
}

// nucleotide -1

// particle -1
sphere {
	<5.427080, 14.886917, 15.301557> 0.250000
	pigment { color rgbt <1,0,0,0> }
	no_shadow
}
cylinder {
	<5.129151, 14.620168, 15.292442>,  <4.950394, 14.460117, 15.286974>, 0.100000
	pigment { color rgbt <1,0,0,0> }
	no_shadow
}
cylinder {
	<5.129151, 14.620168, 15.292442>,  <5.427080, 14.886917, 15.301557>, 0.100000
	pigment { color rgbt <1,0,0,0> }
	no_shadow
}

// particle -1
sphere {
	<5.129151, 14.620168, 15.292442> 0.100000
	pigment { color rgbt <1,0,0,0> }
	no_shadow
}
sphere {
	0, 1
	scale<0.080000,0.200000,0.300000>
	matrix <0.665397, -0.744857, 0.049350,
		-0.049882, 0.021596, 0.998522,
		-0.744821, -0.666875, -0.022785,
		4.905704, 14.420105, 15.285606>
	pigment { color rgbt <0,1,1,0> }
	no_shadow
}
cylinder {
	<5.935042, 14.366544, 15.456119>,  <5.427080, 14.886917, 15.301557>, 0.130000
	pigment { color rgbt <1,0,0,0> }
	no_shadow
}

// nucleotide -1

// particle -1
sphere {
	<5.935042, 14.366544, 15.456119> 0.250000
	pigment { color rgbt <1,0,0,0> }
	no_shadow
}
cylinder {
	<6.288593, 14.210817, 15.352431>,  <6.500723, 14.117382, 15.290219>, 0.100000
	pigment { color rgbt <1,0,0,0> }
	no_shadow
}
cylinder {
	<6.288593, 14.210817, 15.352431>,  <5.935042, 14.366544, 15.456119>, 0.100000
	pigment { color rgbt <1,0,0,0> }
	no_shadow
}

// particle -1
sphere {
	<6.288593, 14.210817, 15.352431> 0.100000
	pigment { color rgbt <1,0,0,0> }
	no_shadow
}
sphere {
	0, 1
	scale<0.080000,0.200000,0.300000>
	matrix <-0.021386, 0.519998, -0.853900,
		0.467229, 0.760286, 0.451289,
		0.883878, -0.389315, -0.259218,
		6.553756, 14.094023, 15.274666>
	pigment { color rgbt <0,1,1,0> }
	no_shadow
}
cylinder {
	<6.289366, 14.911804, 15.092196>,  <5.935042, 14.366544, 15.456119>, 0.130000
	pigment { color rgbt <1,0,0,0> }
	no_shadow
}

// nucleotide -1

// particle -1
sphere {
	<6.289366, 14.911804, 15.092196> 0.250000
	pigment { color rgbt <1,0,0,0> }
	no_shadow
}
cylinder {
	<6.471801, 14.572415, 14.984807>,  <6.581263, 14.368782, 14.920374>, 0.100000
	pigment { color rgbt <1,0,0,0> }
	no_shadow
}
cylinder {
	<6.471801, 14.572415, 14.984807>,  <6.289366, 14.911804, 15.092196>, 0.100000
	pigment { color rgbt <1,0,0,0> }
	no_shadow
}

// particle -1
sphere {
	<6.471801, 14.572415, 14.984807> 0.100000
	pigment { color rgbt <1,0,0,0> }
	no_shadow
}
sphere {
	0, 1
	scale<0.080000,0.200000,0.300000>
	matrix <0.195475, 0.389821, -0.899905,
		0.868201, 0.357957, 0.343648,
		0.456089, -0.848473, -0.268471,
		6.608628, 14.317873, 14.904265>
	pigment { color rgbt <0,1,1,0> }
	no_shadow
}
cylinder {
	<6.990110, 15.085955, 15.074657>,  <6.289366, 14.911804, 15.092196>, 0.130000
	pigment { color rgbt <1,0,0,0> }
	no_shadow
}

// nucleotide -1

// particle -1
sphere {
	<6.990110, 15.085955, 15.074657> 0.250000
	pigment { color rgbt <1,0,0,0> }
	no_shadow
}
cylinder {
	<6.917042, 14.760318, 14.854155>,  <6.873200, 14.564936, 14.721852>, 0.100000
	pigment { color rgbt <1,0,0,0> }
	no_shadow
}
cylinder {
	<6.917042, 14.760318, 14.854155>,  <6.990110, 15.085955, 15.074657>, 0.100000
	pigment { color rgbt <1,0,0,0> }
	no_shadow
}

// particle -1
sphere {
	<6.917042, 14.760318, 14.854155> 0.100000
	pigment { color rgbt <1,0,0,0> }
	no_shadow
}
sphere {
	0, 1
	scale<0.080000,0.200000,0.300000>
	matrix <0.241517, 0.506355, -0.827812,
		0.953048, -0.284356, 0.104120,
		-0.182672, -0.814092, -0.551258,
		6.862240, 14.516090, 14.688777>
	pigment { color rgbt <0,1,1,0> }
	no_shadow
}
cylinder {
	<7.589031, 14.954196, 14.686648>,  <6.990110, 15.085955, 15.074657>, 0.130000
	pigment { color rgbt <1,0,0,0> }
	no_shadow
}

// nucleotide -1

// particle -1
sphere {
	<7.589031, 14.954196, 14.686648> 0.250000
	pigment { color rgbt <1,0,0,0> }
	no_shadow
}
cylinder {
	<7.318284, 14.743796, 14.480668>,  <7.155836, 14.617557, 14.357080>, 0.100000
	pigment { color rgbt <1,0,0,0> }
	no_shadow
}
cylinder {
	<7.318284, 14.743796, 14.480668>,  <7.589031, 14.954196, 14.686648>, 0.100000
	pigment { color rgbt <1,0,0,0> }
	no_shadow
}

// particle -1
sphere {
	<7.318284, 14.743796, 14.480668> 0.100000
	pigment { color rgbt <1,0,0,0> }
	no_shadow
}
sphere {
	0, 1
	scale<0.080000,0.200000,0.300000>
	matrix <0.346767, 0.389226, -0.853379,
		0.649309, -0.756193, -0.081056,
		-0.676868, -0.525999, -0.514951,
		7.115224, 14.585997, 14.326182>
	pigment { color rgbt <0,1,1,0> }
	no_shadow
}
cylinder {
	<7.942432, 14.696321, 14.062861>,  <7.589031, 14.954196, 14.686648>, 0.130000
	pigment { color rgbt <1,0,0,0> }
	no_shadow
}

// nucleotide -1

// particle -1
sphere {
	<7.942432, 14.696321, 14.062861> 0.250000
	pigment { color rgbt <1,0,0,0> }
	no_shadow
}
cylinder {
	<7.549727, 14.684301, 13.987771>,  <7.314105, 14.677090, 13.942717>, 0.100000
	pigment { color rgbt <1,0,0,0> }
	no_shadow
}
cylinder {
	<7.549727, 14.684301, 13.987771>,  <7.942432, 14.696321, 14.062861>, 0.100000
	pigment { color rgbt <1,0,0,0> }
	no_shadow
}

// particle -1
sphere {
	<7.549727, 14.684301, 13.987771> 0.100000
	pigment { color rgbt <1,0,0,0> }
	no_shadow
}
sphere {
	0, 1
	scale<0.080000,0.200000,0.300000>
	matrix <0.154726, 0.447476, -0.880809,
		0.110470, -0.893791, -0.434665,
		-0.981762, -0.030049, -0.187725,
		7.255199, 14.675286, 13.931454>
	pigment { color rgbt <0,1,1,0> }
	no_shadow
}
cylinder {
	<7.963463, 14.456532, 13.398158>,  <7.942432, 14.696321, 14.062861>, 0.130000
	pigment { color rgbt <1,0,0,0> }
	no_shadow
}

// nucleotide -1

// particle -1
sphere {
	<7.963463, 14.456532, 13.398158> 0.250000
	pigment { color rgbt <1,0,0,0> }
	no_shadow
}
cylinder {
	<7.606715, 14.626876, 13.459100>,  <7.392667, 14.729083, 13.495665>, 0.100000
	pigment { color rgbt <1,0,0,0> }
	no_shadow
}
cylinder {
	<7.606715, 14.626876, 13.459100>,  <7.963463, 14.456532, 13.398158>, 0.100000
	pigment { color rgbt <1,0,0,0> }
	no_shadow
}

// particle -1
sphere {
	<7.606715, 14.626876, 13.459100> 0.100000
	pigment { color rgbt <1,0,0,0> }
	no_shadow
}
sphere {
	0, 1
	scale<0.080000,0.200000,0.300000>
	matrix <0.193339, 0.663483, -0.722780,
		-0.408889, -0.615168, -0.674075,
		-0.891869, 0.425862, 0.152355,
		7.339155, 14.754634, 13.504807>
	pigment { color rgbt <0,1,1,0> }
	no_shadow
}
cylinder {
	<7.642728, 14.512190, 12.771304>,  <7.963463, 14.456532, 13.398158>, 0.130000
	pigment { color rgbt <1,0,0,0> }
	no_shadow
}

// nucleotide -1

// particle -1
sphere {
	<7.642728, 14.512190, 12.771304> 0.250000
	pigment { color rgbt <1,0,0,0> }
	no_shadow
}
cylinder {
	<7.454086, 14.793498, 12.984095>,  <7.340900, 14.962283, 13.111769>, 0.100000
	pigment { color rgbt <1,0,0,0> }
	no_shadow
}
cylinder {
	<7.454086, 14.793498, 12.984095>,  <7.642728, 14.512190, 12.771304>, 0.100000
	pigment { color rgbt <1,0,0,0> }
	no_shadow
}

// particle -1
sphere {
	<7.454086, 14.793498, 12.984095> 0.100000
	pigment { color rgbt <1,0,0,0> }
	no_shadow
}
sphere {
	0, 1
	scale<0.080000,0.200000,0.300000>
	matrix <-0.128932, 0.541800, -0.830560,
		-0.872333, -0.460285, -0.164841,
		-0.471605, 0.703272, 0.531975,
		7.312604, 15.004479, 13.143687>
	pigment { color rgbt <0,1,1,0> }
	no_shadow
}
cylinder {
	<7.279715, 14.836246, 12.266946>,  <7.642728, 14.512190, 12.771304>, 0.130000
	pigment { color rgbt <1,0,0,0> }
	no_shadow
}

// nucleotide -1

// particle -1
sphere {
	<7.279715, 14.836246, 12.266946> 0.250000
	pigment { color rgbt <1,0,0,0> }
	no_shadow
}
cylinder {
	<7.242239, 15.077723, 12.583623>,  <7.219754, 15.222609, 12.773629>, 0.100000
	pigment { color rgbt <1,0,0,0> }
	no_shadow
}
cylinder {
	<7.242239, 15.077723, 12.583623>,  <7.279715, 14.836246, 12.266946>, 0.100000
	pigment { color rgbt <1,0,0,0> }
	no_shadow
}

// particle -1
sphere {
	<7.242239, 15.077723, 12.583623> 0.100000
	pigment { color rgbt <1,0,0,0> }
	no_shadow
}
sphere {
	0, 1
	scale<0.080000,0.200000,0.300000>
	matrix <-0.288441, 0.744629, -0.601938,
		-0.952903, -0.284752, 0.104366,
		-0.093689, 0.603692, 0.791693,
		7.214132, 15.258830, 12.821131>
	pigment { color rgbt <0,1,1,0> }
	no_shadow
}
cylinder {
	<6.705129, 15.214063, 12.201913>,  <7.279715, 14.836246, 12.266946>, 0.130000
	pigment { color rgbt <1,0,0,0> }
	no_shadow
}

// nucleotide -1

// particle -1
sphere {
	<6.705129, 15.214063, 12.201913> 0.250000
	pigment { color rgbt <1,0,0,0> }
	no_shadow
}
cylinder {
	<6.941014, 15.430161, 12.442038>,  <7.082545, 15.559819, 12.586112>, 0.100000
	pigment { color rgbt <1,0,0,0> }
	no_shadow
}
cylinder {
	<6.941014, 15.430161, 12.442038>,  <6.705129, 15.214063, 12.201913>, 0.100000
	pigment { color rgbt <1,0,0,0> }
	no_shadow
}

// particle -1
sphere {
	<6.941014, 15.430161, 12.442038> 0.100000
	pigment { color rgbt <1,0,0,0> }
	no_shadow
}
sphere {
	0, 1
	scale<0.080000,0.200000,0.300000>
	matrix <-0.097260, 0.785414, -0.611282,
		-0.801735, 0.302095, 0.515713,
		0.589713, 0.540244, 0.600312,
		7.117929, 15.592234, 12.622131>
	pigment { color rgbt <0,1,1,0> }
	no_shadow
}
cylinder {
	<6.481151, 15.815605, 12.019059>,  <6.705129, 15.214063, 12.201913>, 0.130000
	pigment { color rgbt <1,0,0,0> }
	no_shadow
}

// nucleotide -1

// particle -1
sphere {
	<6.481151, 15.815605, 12.019059> 0.250000
	pigment { color rgbt <1,0,0,0> }
	no_shadow
}
cylinder {
	<6.809205, 15.916528, 12.224474>,  <7.006037, 15.977081, 12.347723>, 0.100000
	pigment { color rgbt <1,0,0,0> }
	no_shadow
}
cylinder {
	<6.809205, 15.916528, 12.224474>,  <6.481151, 15.815605, 12.019059>, 0.100000
	pigment { color rgbt <1,0,0,0> }
	no_shadow
}

// particle -1
sphere {
	<6.809205, 15.916528, 12.224474> 0.100000
	pigment { color rgbt <1,0,0,0> }
	no_shadow
}
sphere {
	0, 1
	scale<0.080000,0.200000,0.300000>
	matrix <0.102390, 0.818321, -0.565567,
		-0.562935, 0.516423, 0.645300,
		0.820135, 0.252305, 0.513538,
		7.055245, 15.992219, 12.378535>
	pigment { color rgbt <0,1,1,0> }
	no_shadow
}
cylinder {
	<6.367910, 16.477621, 12.461609>,  <6.481151, 15.815605, 12.019059>, 0.130000
	pigment { color rgbt <1,0,0,0> }
	no_shadow
}

// nucleotide -1

// particle -1
sphere {
	<6.367910, 16.477621, 12.461609> 0.250000
	pigment { color rgbt <1,0,0,0> }
	no_shadow
}
cylinder {
	<6.765118, 16.437168, 12.437330>,  <7.003443, 16.412897, 12.422763>, 0.100000
	pigment { color rgbt <1,0,0,0> }
	no_shadow
}
cylinder {
	<6.765118, 16.437168, 12.437330>,  <6.367910, 16.477621, 12.461609>, 0.100000
	pigment { color rgbt <1,0,0,0> }
	no_shadow
}

// particle -1
sphere {
	<6.765118, 16.437168, 12.437330> 0.100000
	pigment { color rgbt <1,0,0,0> }
	no_shadow
}
sphere {
	0, 1
	scale<0.080000,0.200000,0.300000>
	matrix <0.081486, 0.960285, -0.266855,
		0.085273, 0.260047, 0.961823,
		0.993020, -0.101131, -0.060696,
		7.063024, 16.406828, 12.419122>
	pigment { color rgbt <0,1,1,0> }
	no_shadow
}
cylinder {
	<6.571003, 17.160536, 12.636897>,  <6.367910, 16.477621, 12.461609>, 0.130000
	pigment { color rgbt <1,0,0,0> }
	no_shadow
}

// nucleotide -1

// particle -1
sphere {
	<6.571003, 17.160536, 12.636897> 0.250000
	pigment { color rgbt <1,0,0,0> }
	no_shadow
}
cylinder {
	<6.870409, 16.972744, 12.449573>,  <7.050052, 16.860069, 12.337178>, 0.100000
	pigment { color rgbt <1,0,0,0> }
	no_shadow
}
cylinder {
	<6.870409, 16.972744, 12.449573>,  <6.571003, 17.160536, 12.636897>, 0.100000
	pigment { color rgbt <1,0,0,0> }
	no_shadow
}

// particle -1
sphere {
	<6.870409, 16.972744, 12.449573> 0.100000
	pigment { color rgbt <1,0,0,0> }
	no_shadow
}
sphere {
	0, 1
	scale<0.080000,0.200000,0.300000>
	matrix <0.174929, 0.821005, -0.543462,
		0.639631, 0.324868, 0.696659,
		0.748514, -0.469481, -0.468311,
		7.094963, 16.831900, 12.309079>
	pigment { color rgbt <0,1,1,0> }
	no_shadow
}
cylinder {
	<7.125254, 17.729160, 12.583816>,  <6.571003, 17.160536, 12.636897>, 0.130000
	pigment { color rgbt <1,0,0,0> }
	no_shadow
}

// nucleotide -1

// particle -1
sphere {
	<7.125254, 17.729160, 12.583816> 0.250000
	pigment { color rgbt <1,0,0,0> }
	no_shadow
}
cylinder {
	<7.240055, 17.447582, 12.323942>,  <7.308936, 17.278635, 12.168018>, 0.100000
	pigment { color rgbt <1,0,0,0> }
	no_shadow
}
cylinder {
	<7.240055, 17.447582, 12.323942>,  <7.125254, 17.729160, 12.583816>, 0.100000
	pigment { color rgbt <1,0,0,0> }
	no_shadow
}

// particle -1
sphere {
	<7.240055, 17.447582, 12.323942> 0.100000
	pigment { color rgbt <1,0,0,0> }
	no_shadow
}
sphere {
	0, 1
	scale<0.080000,0.200000,0.300000>
	matrix <0.084660, 0.694201, -0.714785,
		0.954181, 0.150143, 0.258834,
		0.287003, -0.703947, -0.649683,
		7.326156, 17.236399, 12.129038>
	pigment { color rgbt <0,1,1,0> }
	no_shadow
}
cylinder {
	<7.698035, 18.002790, 12.237971>,  <7.125254, 17.729160, 12.583816>, 0.130000
	pigment { color rgbt <1,0,0,0> }
	no_shadow
}

// nucleotide -1

// particle -1
sphere {
	<7.698035, 18.002790, 12.237971> 0.250000
	pigment { color rgbt <1,0,0,0> }
	no_shadow
}
cylinder {
	<7.591303, 17.712151, 11.984720>,  <7.527264, 17.537766, 11.832769>, 0.100000
	pigment { color rgbt <1,0,0,0> }
	no_shadow
}
cylinder {
	<7.591303, 17.712151, 11.984720>,  <7.698035, 18.002790, 12.237971>, 0.100000
	pigment { color rgbt <1,0,0,0> }
	no_shadow
}

// particle -1
sphere {
	<7.591303, 17.712151, 11.984720> 0.100000
	pigment { color rgbt <1,0,0,0> }
	no_shadow
}
sphere {
	0, 1
	scale<0.080000,0.200000,0.300000>
	matrix <0.209681, 0.597440, -0.774015,
		0.940657, -0.339285, -0.007061,
		-0.266830, -0.726602, -0.633128,
		7.511254, 17.494169, 11.794782>
	pigment { color rgbt <0,1,1,0> }
	no_shadow
}
cylinder {
	<8.146451, 17.894928, 11.638764>,  <7.698035, 18.002790, 12.237971>, 0.130000
	pigment { color rgbt <1,0,0,0> }
	no_shadow
}

// nucleotide -1

// particle -1
sphere {
	<8.146451, 17.894928, 11.638764> 0.250000
	pigment { color rgbt <1,0,0,0> }
	no_shadow
}
cylinder {
	<7.824055, 17.714857, 11.485026>,  <7.630618, 17.606813, 11.392784>, 0.100000
	pigment { color rgbt <1,0,0,0> }
	no_shadow
}
cylinder {
	<7.824055, 17.714857, 11.485026>,  <8.146451, 17.894928, 11.638764>, 0.100000
	pigment { color rgbt <1,0,0,0> }
	no_shadow
}

// particle -1
sphere {
	<7.824055, 17.714857, 11.485026> 0.100000
	pigment { color rgbt <1,0,0,0> }
	no_shadow
}
sphere {
	0, 1
	scale<0.080000,0.200000,0.300000>
	matrix <0.135630, 0.491579, -0.860206,
		0.576183, -0.745445, -0.335150,
		-0.805989, -0.450179, -0.384344,
		7.582258, 17.579803, 11.369723>
	pigment { color rgbt <0,1,1,0> }
	no_shadow
}
cylinder {
	<8.313552, 17.737160, 10.986378>,  <8.146451, 17.894928, 11.638764>, 0.130000
	pigment { color rgbt <1,0,0,0> }
	no_shadow
}

// nucleotide -1

// particle -1
sphere {
	<8.313552, 17.737160, 10.986378> 0.250000
	pigment { color rgbt <1,0,0,0> }
	no_shadow
}
cylinder {
	<7.913728, 17.739294, 10.974680>,  <7.673834, 17.740574, 10.967661>, 0.100000
	pigment { color rgbt <1,0,0,0> }
	no_shadow
}
cylinder {
	<7.913728, 17.739294, 10.974680>,  <8.313552, 17.737160, 10.986378>, 0.100000
	pigment { color rgbt <1,0,0,0> }
	no_shadow
}

// particle -1
sphere {
	<7.913728, 17.739294, 10.974680> 0.100000
	pigment { color rgbt <1,0,0,0> }
	no_shadow
}
sphere {
	0, 1
	scale<0.080000,0.200000,0.300000>
	matrix <0.029340, 0.335266, -0.941667,
		0.004779, -0.942109, -0.335274,
		-0.999558, 0.005337, -0.029244,
		7.613861, 17.740894, 10.965907>
	pigment { color rgbt <0,1,1,0> }
	no_shadow
}
cylinder {
	<8.119260, 17.452126, 10.305413>,  <8.313552, 17.737160, 10.986378>, 0.130000
	pigment { color rgbt <1,0,0,0> }
	no_shadow
}

// nucleotide -1

// particle -1
sphere {
	<8.119260, 17.452126, 10.305413> 0.250000
	pigment { color rgbt <1,0,0,0> }
	no_shadow
}
cylinder {
	<7.785953, 17.633224, 10.432337>,  <7.585968, 17.741884, 10.508491>, 0.100000
	pigment { color rgbt <1,0,0,0> }
	no_shadow
}
cylinder {
	<7.785953, 17.633224, 10.432337>,  <8.119260, 17.452126, 10.305413>, 0.100000
	pigment { color rgbt <1,0,0,0> }
	no_shadow
}

// particle -1
sphere {
	<7.785953, 17.633224, 10.432337> 0.100000
	pigment { color rgbt <1,0,0,0> }
	no_shadow
}
sphere {
	0, 1
	scale<0.080000,0.200000,0.300000>
	matrix <-0.202214, 0.284585, -0.937081,
		-0.514562, -0.845004, -0.145583,
		-0.833268, 0.452747, 0.317308,
		7.535973, 17.769049, 10.527530>
	pigment { color rgbt <0,1,1,0> }
	no_shadow
}
cylinder {
	<7.530341, 17.299404, 9.855293>,  <8.119260, 17.452126, 10.305413>, 0.130000
	pigment { color rgbt <1,0,0,0> }
	no_shadow
}

// nucleotide -1

// particle -1
sphere {
	<7.530341, 17.299404, 9.855293> 0.250000
	pigment { color rgbt <1,0,0,0> }
	no_shadow
}
cylinder {
	<7.448786, 17.650290, 10.029155>,  <7.399853, 17.860821, 10.133471>, 0.100000
	pigment { color rgbt <1,0,0,0> }
	no_shadow
}
cylinder {
	<7.448786, 17.650290, 10.029155>,  <7.530341, 17.299404, 9.855293>, 0.100000
	pigment { color rgbt <1,0,0,0> }
	no_shadow
}

// particle -1
sphere {
	<7.448786, 17.650290, 10.029155> 0.100000
	pigment { color rgbt <1,0,0,0> }
	no_shadow
}
sphere {
	0, 1
	scale<0.080000,0.200000,0.300000>
	matrix <-0.135257, 0.414483, -0.899950,
		-0.969606, -0.242278, 0.034142,
		-0.203887, 0.877215, 0.434655,
		7.387620, 17.913454, 10.159552>
	pigment { color rgbt <0,1,1,0> }
	no_shadow
}
cylinder {
	<6.837293, 17.512678, 9.599294>,  <7.530341, 17.299404, 9.855293>, 0.130000
	pigment { color rgbt <1,0,0,0> }
	no_shadow
}

// nucleotide -1

// particle -1
sphere {
	<6.837293, 17.512678, 9.599294> 0.250000
	pigment { color rgbt <1,0,0,0> }
	no_shadow
}
cylinder {
	<7.013077, 17.841436, 9.744270>,  <7.118547, 18.038691, 9.831256>, 0.100000
	pigment { color rgbt <1,0,0,0> }
	no_shadow
}
cylinder {
	<7.013077, 17.841436, 9.744270>,  <6.837293, 17.512678, 9.599294>, 0.100000
	pigment { color rgbt <1,0,0,0> }
	no_shadow
}

// particle -1
sphere {
	<7.013077, 17.841436, 9.744270> 0.100000
	pigment { color rgbt <1,0,0,0> }
	no_shadow
}
sphere {
	0, 1
	scale<0.080000,0.200000,0.300000>
	matrix <-0.185667, 0.477891, -0.858573,
		-0.878865, 0.310015, 0.362612,
		0.439460, 0.821895, 0.362442,
		7.144915, 18.088005, 9.853003>
	pigment { color rgbt <0,1,1,0> }
	no_shadow
}
cylinder {
	<6.416455, 17.910885, 9.195209>,  <6.837293, 17.512678, 9.599294>, 0.130000
	pigment { color rgbt <1,0,0,0> }
	no_shadow
}

// nucleotide -1

// particle -1
sphere {
	<6.416455, 17.910885, 9.195209> 0.250000
	pigment { color rgbt <1,0,0,0> }
	no_shadow
}
cylinder {
	<6.731151, 18.130587, 9.307895>,  <6.919968, 18.262407, 9.375506>, 0.100000
	pigment { color rgbt <1,0,0,0> }
	no_shadow
}
cylinder {
	<6.731151, 18.130587, 9.307895>,  <6.416455, 17.910885, 9.195209>, 0.100000
	pigment { color rgbt <1,0,0,0> }
	no_shadow
}

// particle -1
sphere {
	<6.731151, 18.130587, 9.307895> 0.100000
	pigment { color rgbt <1,0,0,0> }
	no_shadow
}
sphere {
	0, 1
	scale<0.080000,0.200000,0.300000>
	matrix <-0.109174, 0.572992, -0.812257,
		-0.607555, 0.608278, 0.510759,
		0.786739, 0.549252, 0.281716,
		6.967172, 18.295362, 9.392409>
	pigment { color rgbt <0,1,1,0> }
	no_shadow
}
cylinder {
	<6.179690, 18.541199, 9.006248>,  <6.416455, 17.910885, 9.195209>, 0.130000
	pigment { color rgbt <1,0,0,0> }
	no_shadow
}

// nucleotide -1

// particle -1
sphere {
	<6.179690, 18.541199, 9.006248> 0.250000
	pigment { color rgbt <1,0,0,0> }
	no_shadow
}
cylinder {
	<6.568766, 18.581751, 9.089769>,  <6.802211, 18.606083, 9.139882>, 0.100000
	pigment { color rgbt <1,0,0,0> }
	no_shadow
}
cylinder {
	<6.568766, 18.581751, 9.089769>,  <6.179690, 18.541199, 9.006248>, 0.100000
	pigment { color rgbt <1,0,0,0> }
	no_shadow
}

// particle -1
sphere {
	<6.568766, 18.581751, 9.089769> 0.100000
	pigment { color rgbt <1,0,0,0> }
	no_shadow
}
sphere {
	0, 1
	scale<0.080000,0.200000,0.300000>
	matrix <0.127495, 0.518361, -0.845604,
		-0.193964, 0.849131, 0.491278,
		0.972689, 0.101381, 0.208804,
		6.860572, 18.612165, 9.152411>
	pigment { color rgbt <0,1,1,0> }
	no_shadow
}
cylinder {
	<6.483020, 19.258289, 8.951304>,  <6.179690, 18.541199, 9.006248>, 0.130000
	pigment { color rgbt <1,0,0,0> }
	no_shadow
}

// nucleotide -1

// particle -1
sphere {
	<6.483020, 19.258289, 8.951304> 0.250000
	pigment { color rgbt <1,0,0,0> }
	no_shadow
}
cylinder {
	<6.758687, 18.984287, 8.856805>,  <6.924088, 18.819885, 8.800105>, 0.100000
	pigment { color rgbt <1,0,0,0> }
	no_shadow
}
cylinder {
	<6.758687, 18.984287, 8.856805>,  <6.483020, 19.258289, 8.951304>, 0.100000
	pigment { color rgbt <1,0,0,0> }
	no_shadow
}

// particle -1
sphere {
	<6.758687, 18.984287, 8.856805> 0.100000
	pigment { color rgbt <1,0,0,0> }
	no_shadow
}
sphere {
	0, 1
	scale<0.080000,0.200000,0.300000>
	matrix <0.147701, 0.451996, -0.879707,
		0.709387, 0.571373, 0.412678,
		0.689169, -0.685006, -0.236248,
		6.965438, 18.778786, 8.785931>
	pigment { color rgbt <0,1,1,0> }
	no_shadow
}
cylinder {
	<6.973385, 19.660006, 8.609554>,  <6.483020, 19.258289, 8.951304>, 0.130000
	pigment { color rgbt <1,0,0,0> }
	no_shadow
}

// nucleotide -1

// particle -1
sphere {
	<6.973385, 19.660006, 8.609554> 0.250000
	pigment { color rgbt <1,0,0,0> }
	no_shadow
}
cylinder {
	<7.018079, 19.280748, 8.490533>,  <7.044895, 19.053194, 8.419120>, 0.100000
	pigment { color rgbt <1,0,0,0> }
	no_shadow
}
cylinder {
	<7.018079, 19.280748, 8.490533>,  <6.973385, 19.660006, 8.609554>, 0.100000
	pigment { color rgbt <1,0,0,0> }
	no_shadow
}

// particle -1
sphere {
	<7.018079, 19.280748, 8.490533> 0.100000
	pigment { color rgbt <1,0,0,0> }
	no_shadow
}
sphere {
	0, 1
	scale<0.080000,0.200000,0.300000>
	matrix <0.080596, 0.307088, -0.948262,
		0.990464, 0.081972, 0.110729,
		0.111735, -0.948144, -0.297553,
		7.051599, 18.996305, 8.401267>
	pigment { color rgbt <0,1,1,0> }
	no_shadow
}
cylinder {
	<7.721158, 19.492882, 8.210135>,  <6.973385, 19.660006, 8.609554>, 0.130000
	pigment { color rgbt <1,0,0,0> }
	no_shadow
}

// nucleotide -1

// particle -1
sphere {
	<7.721158, 19.492882, 8.210135> 0.250000
	pigment { color rgbt <1,0,0,0> }
	no_shadow
}
cylinder {
	<7.371486, 19.326073, 8.110613>,  <7.161683, 19.225988, 8.050900>, 0.100000
	pigment { color rgbt <1,0,0,0> }
	no_shadow
}
cylinder {
	<7.371486, 19.326073, 8.110613>,  <7.721158, 19.492882, 8.210135>, 0.100000
	pigment { color rgbt <1,0,0,0> }
	no_shadow
}

// particle -1
sphere {
	<7.371486, 19.326073, 8.110613> 0.100000
	pigment { color rgbt <1,0,0,0> }
	no_shadow
}
sphere {
	0, 1
	scale<0.080000,0.200000,0.300000>
	matrix <0.100910, 0.345181, -0.933096,
		0.475005, -0.840799, -0.259668,
		-0.874179, -0.417022, -0.248807,
		7.109232, 19.200966, 8.035971>
	pigment { color rgbt <0,1,1,0> }
	no_shadow
}
cylinder {
	<7.822018, 19.169840, 7.537387>,  <7.721158, 19.492882, 8.210135>, 0.130000
	pigment { color rgbt <1,0,0,0> }
	no_shadow
}

// nucleotide -1

// particle -1
sphere {
	<7.822018, 19.169840, 7.537387> 0.250000
	pigment { color rgbt <1,0,0,0> }
	no_shadow
}
cylinder {
	<7.437476, 19.257940, 7.603464>,  <7.206751, 19.310801, 7.643110>, 0.100000
	pigment { color rgbt <1,0,0,0> }
	no_shadow
}
cylinder {
	<7.437476, 19.257940, 7.603464>,  <7.822018, 19.169840, 7.537387>, 0.100000
	pigment { color rgbt <1,0,0,0> }
	no_shadow
}

// particle -1
sphere {
	<7.437476, 19.257940, 7.603464> 0.100000
	pigment { color rgbt <1,0,0,0> }
	no_shadow
}
sphere {
	0, 1
	scale<0.080000,0.200000,0.300000>
	matrix <-0.098643, 0.284623, -0.953551,
		-0.257038, -0.932995, -0.251897,
		-0.961354, 0.220251, 0.165193,
		7.149070, 19.324015, 7.653022>
	pigment { color rgbt <0,1,1,0> }
	no_shadow
}
cylinder {
	<7.350907, 18.804087, 6.991592>,  <7.822018, 19.169840, 7.537387>, 0.130000
	pigment { color rgbt <1,0,0,0> }
	no_shadow
}

// nucleotide -1

// particle -1
sphere {
	<7.350907, 18.804087, 6.991592> 0.250000
	pigment { color rgbt <1,0,0,0> }
	no_shadow
}
cylinder {
	<7.211865, 19.160336, 7.108870>,  <7.128440, 19.374084, 7.179236>, 0.100000
	pigment { color rgbt <1,0,0,0> }
	no_shadow
}
cylinder {
	<7.211865, 19.160336, 7.108870>,  <7.350907, 18.804087, 6.991592>, 0.100000
	pigment { color rgbt <1,0,0,0> }
	no_shadow
}

// particle -1
sphere {
	<7.211865, 19.160336, 7.108870> 0.100000
	pigment { color rgbt <1,0,0,0> }
	no_shadow
}
sphere {
	0, 1
	scale<0.080000,0.200000,0.300000>
	matrix <0.058868, 0.332804, -0.941157,
		-0.935792, -0.309891, -0.168113,
		-0.347605, 0.890623, 0.293193,
		7.107584, 19.427523, 7.196827>
	pigment { color rgbt <0,1,1,0> }
	no_shadow
}
cylinder {
	<8.040621, 18.441511, 6.959737>,  <7.350907, 18.804087, 6.991592>, 0.130000
	pigment { color rgbt <1,0,0,0> }
	no_shadow
}

// nucleotide -1

// particle -1
sphere {
	<8.040621, 18.441511, 6.959737> 0.250000
	pigment { color rgbt <1,0,0,0> }
	no_shadow
}
cylinder {
	<8.211400, 18.771584, 7.107677>,  <8.313868, 18.969627, 7.196441>, 0.100000
	pigment { color rgbt <1,0,0,0> }
	no_shadow
}
cylinder {
	<8.211400, 18.771584, 7.107677>,  <8.040621, 18.441511, 6.959737>, 0.100000
	pigment { color rgbt <1,0,0,0> }
	no_shadow
}

// particle -1
sphere {
	<8.211400, 18.771584, 7.107677> 0.100000
	pigment { color rgbt <1,0,0,0> }
	no_shadow
}
sphere {
	0, 1
	scale<0.080000,0.200000,0.300000>
	matrix <0.330840, -0.523186, 0.785379,
		0.841582, -0.212956, -0.496377,
		0.426949, 0.825182, 0.369850,
		8.339484, 19.019138, 7.218632>
	pigment { color rgbt <0,1,1,0> }
	no_shadow
}
cylinder {
	<8.739461, 18.329666, 7.228976>,  <8.040621, 18.441511, 6.959737>, 0.130000
	pigment { color rgbt <1,0,0,0> }
	no_shadow
}

// nucleotide -1

// particle -1
sphere {
	<8.739461, 18.329666, 7.228976> 0.250000
	pigment { color rgbt <1,0,0,0> }
	no_shadow
}
cylinder {
	<8.569155, 18.623104, 7.440849>,  <8.466971, 18.799168, 7.567973>, 0.100000
	pigment { color rgbt <1,0,0,0> }
	no_shadow
}
cylinder {
	<8.569155, 18.623104, 7.440849>,  <8.739461, 18.329666, 7.228976>, 0.100000
	pigment { color rgbt <1,0,0,0> }
	no_shadow
}

// particle -1
sphere {
	<8.569155, 18.623104, 7.440849> 0.100000
	pigment { color rgbt <1,0,0,0> }
	no_shadow
}
sphere {
	0, 1
	scale<0.080000,0.200000,0.300000>
	matrix <0.168464, -0.510889, 0.842978,
		0.889013, 0.448143, 0.093935,
		-0.425765, 0.733594, 0.529683,
		8.441425, 18.843182, 7.599754>
	pigment { color rgbt <0,1,1,0> }
	no_shadow
}
cylinder {
	<8.460242, 17.681643, 6.968553>,  <8.739461, 18.329666, 7.228976>, 0.130000
	pigment { color rgbt <1,0,0,0> }
	no_shadow
}

// nucleotide -1

// particle -1
sphere {
	<8.460242, 17.681643, 6.968553> 0.250000
	pigment { color rgbt <1,0,0,0> }
	no_shadow
}
cylinder {
	<8.835308, 17.542631, 6.969769>,  <9.060348, 17.459225, 6.970498>, 0.100000
	pigment { color rgbt <1,0,0,0> }
	no_shadow
}
cylinder {
	<8.835308, 17.542631, 6.969769>,  <8.460242, 17.681643, 6.968553>, 0.100000
	pigment { color rgbt <1,0,0,0> }
	no_shadow
}

// particle -1
sphere {
	<8.835308, 17.542631, 6.969769> 0.100000
	pigment { color rgbt <1,0,0,0> }
	no_shadow
}
sphere {
	0, 1
	scale<0.080000,0.200000,0.300000>
	matrix <-0.298317, -0.800340, 0.520061,
		-0.178304, -0.488549, -0.854124,
		0.937664, -0.347529, 0.003038,
		9.116608, 17.438372, 6.970680>
	pigment { color rgbt <0,1,1,0> }
	no_shadow
}
cylinder {
	<8.470570, 17.009951, 6.559669>,  <8.460242, 17.681643, 6.968553>, 0.130000
	pigment { color rgbt <1,0,0,0> }
	no_shadow
}

// nucleotide -1

// particle -1
sphere {
	<8.470570, 17.009951, 6.559669> 0.250000
	pigment { color rgbt <1,0,0,0> }
	no_shadow
}
cylinder {
	<8.734206, 17.065247, 6.855369>,  <8.892388, 17.098423, 7.032788>, 0.100000
	pigment { color rgbt <1,0,0,0> }
	no_shadow
}
cylinder {
	<8.734206, 17.065247, 6.855369>,  <8.470570, 17.009951, 6.559669>, 0.100000
	pigment { color rgbt <1,0,0,0> }
	no_shadow
}

// particle -1
sphere {
	<8.734206, 17.065247, 6.855369> 0.100000
	pigment { color rgbt <1,0,0,0> }
	no_shadow
}
sphere {
	0, 1
	scale<0.080000,0.200000,0.300000>
	matrix <-0.179320, -0.925724, 0.332985,
		0.730372, -0.352029, -0.585349,
		0.659092, 0.138238, 0.739248,
		8.931933, 17.106718, 7.077143>
	pigment { color rgbt <0,1,1,0> }
	no_shadow
}
cylinder {
	<8.911113, 16.370861, 6.647182>,  <8.470570, 17.009951, 6.559669>, 0.130000
	pigment { color rgbt <1,0,0,0> }
	no_shadow
}

// nucleotide -1

// particle -1
sphere {
	<8.911113, 16.370861, 6.647182> 0.250000
	pigment { color rgbt <1,0,0,0> }
	no_shadow
}
cylinder {
	<8.886327, 16.567577, 6.994584>,  <8.871455, 16.685608, 7.203025>, 0.100000
	pigment { color rgbt <1,0,0,0> }
	no_shadow
}
cylinder {
	<8.886327, 16.567577, 6.994584>,  <8.911113, 16.370861, 6.647182>, 0.100000
	pigment { color rgbt <1,0,0,0> }
	no_shadow
}

// particle -1
sphere {
	<8.886327, 16.567577, 6.994584> 0.100000
	pigment { color rgbt <1,0,0,0> }
	no_shadow
}
sphere {
	0, 1
	scale<0.080000,0.200000,0.300000>
	matrix <-0.033977, -0.870712, 0.490619,
		0.997500, 0.000892, 0.070663,
		-0.061965, 0.491793, 0.868504,
		8.867737, 16.715115, 7.255136>
	pigment { color rgbt <0,1,1,0> }
	no_shadow
}
cylinder {
	<9.404099, 16.074837, 7.149511>,  <8.911113, 16.370861, 6.647182>, 0.130000
	pigment { color rgbt <1,0,0,0> }
	no_shadow
}

// nucleotide -1

// particle -1
sphere {
	<9.404099, 16.074837, 7.149511> 0.250000
	pigment { color rgbt <1,0,0,0> }
	no_shadow
}
cylinder {
	<9.125905, 16.259668, 7.369615>,  <8.958989, 16.370567, 7.501677>, 0.100000
	pigment { color rgbt <1,0,0,0> }
	no_shadow
}
cylinder {
	<9.125905, 16.259668, 7.369615>,  <9.404099, 16.074837, 7.149511>, 0.100000
	pigment { color rgbt <1,0,0,0> }
	no_shadow
}

// particle -1
sphere {
	<9.125905, 16.259668, 7.369615> 0.100000
	pigment { color rgbt <1,0,0,0> }
	no_shadow
}
sphere {
	0, 1
	scale<0.080000,0.200000,0.300000>
	matrix <0.055066, -0.729274, 0.682002,
		0.716428, 0.504623, 0.481754,
		-0.695485, 0.462077, 0.550260,
		8.917259, 16.398291, 7.534693>
	pigment { color rgbt <0,1,1,0> }
	no_shadow
}
cylinder {
	<9.653076, 16.456839, 7.874326>,  <9.404099, 16.074837, 7.149511>, 0.130000
	pigment { color rgbt <1,0,0,0> }
	no_shadow
}

// nucleotide -1

// particle -1
sphere {
	<9.653076, 16.456839, 7.874326> 0.250000
	pigment { color rgbt <1,0,0,0> }
	no_shadow
}
cylinder {
	<9.292521, 16.286175, 7.844754>,  <9.076189, 16.183777, 7.827011>, 0.100000
	pigment { color rgbt <1,0,0,0> }
	no_shadow
}
cylinder {
	<9.292521, 16.286175, 7.844754>,  <9.653076, 16.456839, 7.874326>, 0.100000
	pigment { color rgbt <1,0,0,0> }
	no_shadow
}

// particle -1
sphere {
	<9.292521, 16.286175, 7.844754> 0.100000
	pigment { color rgbt <1,0,0,0> }
	no_shadow
}
sphere {
	0, 1
	scale<0.080000,0.200000,0.300000>
	matrix <0.152574, -0.472723, 0.867902,
		-0.405246, 0.771035, 0.491203,
		-0.901386, -0.426659, -0.073929,
		9.022105, 16.158176, 7.822576>
	pigment { color rgbt <0,1,1,0> }
	no_shadow
}
cylinder {
	<9.163417, 16.540432, 8.452893>,  <9.653076, 16.456839, 7.874326>, 0.130000
	pigment { color rgbt <1,0,0,0> }
	no_shadow
}

// nucleotide -1

// particle -1
sphere {
	<9.163417, 16.540432, 8.452893> 0.250000
	pigment { color rgbt <1,0,0,0> }
	no_shadow
}
cylinder {
	<9.072297, 16.190578, 8.281720>,  <9.017626, 15.980667, 8.179016>, 0.100000
	pigment { color rgbt <1,0,0,0> }
	no_shadow
}
cylinder {
	<9.072297, 16.190578, 8.281720>,  <9.163417, 16.540432, 8.452893>, 0.100000
	pigment { color rgbt <1,0,0,0> }
	no_shadow
}

// particle -1
sphere {
	<9.072297, 16.190578, 8.281720> 0.100000
	pigment { color rgbt <1,0,0,0> }
	no_shadow
}
sphere {
	0, 1
	scale<0.080000,0.200000,0.300000>
	matrix <0.073827, -0.453736, 0.888072,
		-0.970905, 0.170709, 0.167932,
		-0.227799, -0.874632, -0.427932,
		9.003958, 15.928188, 8.153340>
	pigment { color rgbt <0,1,1,0> }
	no_shadow
}
cylinder {
	<8.519662, 16.202755, 8.792768>,  <9.163417, 16.540432, 8.452893>, 0.130000
	pigment { color rgbt <1,0,0,0> }
	no_shadow
}

// nucleotide -1

// particle -1
sphere {
	<8.519662, 16.202755, 8.792768> 0.250000
	pigment { color rgbt <1,0,0,0> }
	no_shadow
}
cylinder {
	<8.747230, 15.916063, 8.631458>,  <8.883770, 15.744048, 8.534672>, 0.100000
	pigment { color rgbt <1,0,0,0> }
	no_shadow
}
cylinder {
	<8.747230, 15.916063, 8.631458>,  <8.519662, 16.202755, 8.792768>, 0.100000
	pigment { color rgbt <1,0,0,0> }
	no_shadow
}

// particle -1
sphere {
	<8.747230, 15.916063, 8.631458> 0.100000
	pigment { color rgbt <1,0,0,0> }
	no_shadow
}
sphere {
	0, 1
	scale<0.080000,0.200000,0.300000>
	matrix <-0.100521, -0.547295, 0.830881,
		-0.816227, -0.432167, -0.383412,
		0.568919, -0.716729, -0.403276,
		8.917905, 15.701045, 8.510475>
	pigment { color rgbt <0,1,1,0> }
	no_shadow
}
cylinder {
	<8.224593, 15.492052, 9.066148>,  <8.519662, 16.202755, 8.792768>, 0.130000
	pigment { color rgbt <1,0,0,0> }
	no_shadow
}

// nucleotide -1

// particle -1
sphere {
	<8.224593, 15.492052, 9.066148> 0.250000
	pigment { color rgbt <1,0,0,0> }
	no_shadow
}
cylinder {
	<8.597568, 15.381651, 8.972866>,  <8.821352, 15.315410, 8.916897>, 0.100000
	pigment { color rgbt <1,0,0,0> }
	no_shadow
}
cylinder {
	<8.597568, 15.381651, 8.972866>,  <8.224593, 15.492052, 9.066148>, 0.100000
	pigment { color rgbt <1,0,0,0> }
	no_shadow
}

// particle -1
sphere {
	<8.597568, 15.381651, 8.972866> 0.100000
	pigment { color rgbt <1,0,0,0> }
	no_shadow
}
sphere {
	0, 1
	scale<0.080000,0.200000,0.300000>
	matrix <-0.001735, -0.648812, 0.760947,
		-0.361330, -0.709130, -0.605454,
		0.932437, -0.276003, -0.233205,
		8.877298, 15.298850, 8.902905>
	pigment { color rgbt <0,1,1,0> }
	no_shadow
}
cylinder {
	<8.280331, 14.833747, 9.212530>,  <8.224593, 15.492052, 9.066148>, 0.130000
	pigment { color rgbt <1,0,0,0> }
	no_shadow
}

// nucleotide -1

// particle -1
sphere {
	<8.280331, 14.833747, 9.212530> 0.250000
	pigment { color rgbt <1,0,0,0> }
	no_shadow
}
cylinder {
	<8.669724, 14.919996, 9.181966>,  <8.903359, 14.971746, 9.163627>, 0.100000
	pigment { color rgbt <1,0,0,0> }
	no_shadow
}
cylinder {
	<8.669724, 14.919996, 9.181966>,  <8.280331, 14.833747, 9.212530>, 0.100000
	pigment { color rgbt <1,0,0,0> }
	no_shadow
}

// particle -1
sphere {
	<8.669724, 14.919996, 9.181966> 0.100000
	pigment { color rgbt <1,0,0,0> }
	no_shadow
}
sphere {
	0, 1
	scale<0.080000,0.200000,0.300000>
	matrix <0.203089, -0.660846, 0.722521,
		0.105296, -0.718880, -0.687113,
		0.973482, 0.215624, -0.076412,
		8.961768, 14.984683, 9.159042>
	pigment { color rgbt <0,1,1,0> }
	no_shadow
}
cylinder {
	<8.629873, 14.215815, 8.986037>,  <8.280331, 14.833747, 9.212530>, 0.130000
	pigment { color rgbt <1,0,0,0> }
	no_shadow
}

// nucleotide -1

// particle -1
sphere {
	<8.629873, 14.215815, 8.986037> 0.250000
	pigment { color rgbt <1,0,0,0> }
	no_shadow
}
cylinder {
	<8.891430, 14.454882, 9.171604>,  <9.048364, 14.598322, 9.282944>, 0.100000
	pigment { color rgbt <1,0,0,0> }
	no_shadow
}
cylinder {
	<8.891430, 14.454882, 9.171604>,  <8.629873, 14.215815, 8.986037>, 0.100000
	pigment { color rgbt <1,0,0,0> }
	no_shadow
}

// particle -1
sphere {
	<8.891430, 14.454882, 9.171604> 0.100000
	pigment { color rgbt <1,0,0,0> }
	no_shadow
}
sphere {
	0, 1
	scale<0.080000,0.200000,0.300000>
	matrix <0.214816, -0.734596, 0.643601,
		0.725451, -0.321189, -0.608736,
		0.653893, 0.597667, 0.463917,
		9.087598, 14.634182, 9.310779>
	pigment { color rgbt <0,1,1,0> }
	no_shadow
}
cylinder {
	<9.167104, 13.740389, 9.214907>,  <8.629873, 14.215815, 8.986037>, 0.130000
	pigment { color rgbt <1,0,0,0> }
	no_shadow
}

// nucleotide -1

// particle -1
sphere {
	<9.167104, 13.740389, 9.214907> 0.250000
	pigment { color rgbt <1,0,0,0> }
	no_shadow
}
cylinder {
	<9.224687, 14.092052, 9.396612>,  <9.259236, 14.303051, 9.505635>, 0.100000
	pigment { color rgbt <1,0,0,0> }
	no_shadow
}
cylinder {
	<9.224687, 14.092052, 9.396612>,  <9.167104, 13.740389, 9.214907>, 0.100000
	pigment { color rgbt <1,0,0,0> }
	no_shadow
}

// particle -1
sphere {
	<9.224687, 14.092052, 9.396612> 0.100000
	pigment { color rgbt <1,0,0,0> }
	no_shadow
}
sphere {
	0, 1
	scale<0.080000,0.200000,0.300000>
	matrix <0.253907, -0.476492, 0.841717,
		0.956456, -0.005830, -0.291819,
		0.143956, 0.879160, 0.454263,
		9.267874, 14.355801, 9.532891>
	pigment { color rgbt <0,1,1,0> }
	no_shadow
}
cylinder {
	<9.803194, 13.700528, 9.520167>,  <9.167104, 13.740389, 9.214907>, 0.130000
	pigment { color rgbt <1,0,0,0> }
	no_shadow
}

// nucleotide -1

// particle -1
sphere {
	<9.803194, 13.700528, 9.520167> 0.250000
	pigment { color rgbt <1,0,0,0> }
	no_shadow
}
cylinder {
	<9.592520, 13.967731, 9.730452>,  <9.466115, 14.128052, 9.856622>, 0.100000
	pigment { color rgbt <1,0,0,0> }
	no_shadow
}
cylinder {
	<9.592520, 13.967731, 9.730452>,  <9.803194, 13.700528, 9.520167>, 0.100000
	pigment { color rgbt <1,0,0,0> }
	no_shadow
}

// particle -1
sphere {
	<9.592520, 13.967731, 9.730452> 0.100000
	pigment { color rgbt <1,0,0,0> }
	no_shadow
}
sphere {
	0, 1
	scale<0.080000,0.200000,0.300000>
	matrix <0.396357, -0.354115, 0.847056,
		0.752000, 0.654501, -0.078262,
		-0.526685, 0.668006, 0.525710,
		9.434514, 14.168132, 9.888165>
	pigment { color rgbt <0,1,1,0> }
	no_shadow
}
cylinder {
	<10.260557, 13.793178, 10.046599>,  <9.803194, 13.700528, 9.520167>, 0.130000
	pigment { color rgbt <1,0,0,0> }
	no_shadow
}

// nucleotide -1

// particle -1
sphere {
	<10.260557, 13.793178, 10.046599> 0.250000
	pigment { color rgbt <1,0,0,0> }
	no_shadow
}
cylinder {
	<9.914685, 13.932129, 10.191736>,  <9.707162, 14.015500, 10.278818>, 0.100000
	pigment { color rgbt <1,0,0,0> }
	no_shadow
}
cylinder {
