// switches for output
#declare DRAW_BASES = 1; // possible values are 0, 1; only relevant for DNA ribbons
#declare DRAW_BASES_TYPE = 3; // possible values are 1, 2, 3; only relevant for DNA ribbons
#declare DRAW_FOG = 0; // set to 1 to enable fog

#include "colors.inc"

#include "transforms.inc"
background { rgb <1, 1, 1>}

#default {
   normal{
       ripples 0.25
       frequency 0.20
       turbulence 0.2
       lambda 5
   }
	finish {
		phong 0.1
		phong_size 40.
	}
}

// original window dimensions: 1024x640


// camera settings

camera {
	sky <0, 0.179814, -0.983701>
	up <0, 0.179814, -0.983701>
	right 1.6 * <1, 0, 0>
	location <25.469, 94.9851, 44.8844>
	look_at <25.469, 29.3977, 32.8955>
	direction <0, -65.5874, -11.9889>
	angle 67.0682
}


# declare cpy_camera_pos = <25.469, 94.9851, 44.8844>;
# if (DRAW_FOG = 1)
fog {
	fog_type 2
	up vnormalize(cpy_camera_pos)
	color rgbt<1,1,1,0.3>
	distance 1e-5
	fog_alt 3e-3
	fog_offset 28
}
# end


// LIGHTS

# declare lum = 6;
global_settings {
	ambient_light rgb lum * <0.05, 0.05, 0.05>
	max_trace_level 15
}# declare cpy_direct_light_amount = 0.25;
light_source
{	1000 * <-1, -1.16351, -0.803887>,
	rgb lum * cpy_direct_light_amount
	parallel
}

light_source
{	1000 * <1, 1.16351, 0.803887>,
	rgb lum * cpy_direct_light_amount
	parallel
}

// strand 0

// nucleotide -1

// particle -1
sphere {
	<4.663533, 14.917854, 14.729183> 0.250000
	pigment { color rgbt <1,0,0,0> }
	no_shadow
}
cylinder {
	<4.340254, 15.027458, 14.937696>,  <4.146286, 15.093221, 15.062803>, 0.100000
	pigment { color rgbt <1,0,0,0> }
	no_shadow
}
cylinder {
	<4.340254, 15.027458, 14.937696>,  <4.663533, 14.917854, 14.729183>, 0.100000
	pigment { color rgbt <1,0,0,0> }
	no_shadow
}

// particle -1
sphere {
	<4.340254, 15.027458, 14.937696> 0.100000
	pigment { color rgbt <1,0,0,0> }
	no_shadow
}
sphere {
	0, 1
	scale<0.080000,0.200000,0.300000>
	matrix <0.557346, 0.641785, 0.526761,
		-0.190213, 0.716261, -0.671408,
		-0.808198, 0.274010, 0.521281,
		4.097795, 15.109661, 15.094080>
	pigment { color rgbt <0,1,1,0> }
	no_shadow
}
cylinder {
	<4.683756, 15.625796, 14.662617>,  <4.663533, 14.917854, 14.729183>, 0.130000
	pigment { color rgbt <1,0,0,0> }
	no_shadow
}

// nucleotide -1

// particle -1
sphere {
	<4.683756, 15.625796, 14.662617> 0.250000
	pigment { color rgbt <1,0,0,0> }
	no_shadow
}
cylinder {
	<4.556305, 15.462911, 15.004997>,  <4.479835, 15.365179, 15.210425>, 0.100000
	pigment { color rgbt <1,0,0,0> }
	no_shadow
}
cylinder {
	<4.556305, 15.462911, 15.004997>,  <4.683756, 15.625796, 14.662617>, 0.100000
	pigment { color rgbt <1,0,0,0> }
	no_shadow
}

// particle -1
sphere {
	<4.556305, 15.462911, 15.004997> 0.100000
	pigment { color rgbt <1,0,0,0> }
	no_shadow
}
sphere {
	0, 1
	scale<0.080000,0.200000,0.300000>
	matrix <0.648816, 0.564622, 0.510137,
		-0.691024, 0.717898, 0.084304,
		-0.318627, -0.407215, 0.855952,
		4.460717, 15.340746, 15.261783>
	pigment { color rgbt <0,1,1,0> }
	no_shadow
}
cylinder {
	<4.576153, 16.186174, 15.174202>,  <4.683756, 15.625796, 14.662617>, 0.130000
	pigment { color rgbt <1,0,0,0> }
	no_shadow
}

// nucleotide -1

// particle -1
sphere {
	<4.576153, 16.186174, 15.174202> 0.250000
	pigment { color rgbt <1,0,0,0> }
	no_shadow
}
cylinder {
	<4.642090, 15.885570, 15.429719>,  <4.681653, 15.705207, 15.583030>, 0.100000
	pigment { color rgbt <1,0,0,0> }
	no_shadow
}
cylinder {
	<4.642090, 15.885570, 15.429719>,  <4.576153, 16.186174, 15.174202>, 0.100000
	pigment { color rgbt <1,0,0,0> }
	no_shadow
}

// particle -1
sphere {
	<4.642090, 15.885570, 15.429719> 0.100000
	pigment { color rgbt <1,0,0,0> }
	no_shadow
}
sphere {
	0, 1
	scale<0.080000,0.200000,0.300000>
	matrix <0.481785, 0.626482, 0.612702,
		-0.860645, 0.206762, 0.465338,
		0.164842, -0.751512, 0.638793,
		4.691543, 15.660116, 15.621357>
	pigment { color rgbt <0,1,1,0> }
	no_shadow
}
cylinder {
	<4.267053, 16.359089, 15.788127>,  <4.576153, 16.186174, 15.174202>, 0.130000
	pigment { color rgbt <1,0,0,0> }
	no_shadow
}

// nucleotide -1

// particle -1
sphere {
	<4.267053, 16.359089, 15.788127> 0.250000
	pigment { color rgbt <1,0,0,0> }
	no_shadow
}
cylinder {
	<4.569361, 16.103065, 15.843466>,  <4.750746, 15.949452, 15.876669>, 0.100000
	pigment { color rgbt <1,0,0,0> }
	no_shadow
}
cylinder {
	<4.569361, 16.103065, 15.843466>,  <4.267053, 16.359089, 15.788127>, 0.100000
	pigment { color rgbt <1,0,0,0> }
	no_shadow
}

// particle -1
sphere {
	<4.569361, 16.103065, 15.843466> 0.100000
	pigment { color rgbt <1,0,0,0> }
	no_shadow
}
sphere {
	0, 1
	scale<0.080000,0.200000,0.300000>
	matrix <0.419180, 0.635181, 0.648717,
		-0.503090, -0.432288, 0.748349,
		0.755770, -0.640056, 0.138347,
		4.796092, 15.911049, 15.884970>
	pigment { color rgbt <0,1,1,0> }
	no_shadow
}
cylinder {
	<4.322453, 16.362631, 16.517931>,  <4.267053, 16.359089, 15.788127>, 0.130000
	pigment { color rgbt <1,0,0,0> }
	no_shadow
}

// nucleotide -1

// particle -1
sphere {
	<4.322453, 16.362631, 16.517931> 0.250000
	pigment { color rgbt <1,0,0,0> }
	no_shadow
}
cylinder {
	<4.672533, 16.251980, 16.359182>,  <4.882581, 16.185589, 16.263933>, 0.100000
	pigment { color rgbt <1,0,0,0> }
	no_shadow
}
cylinder {
	<4.672533, 16.251980, 16.359182>,  <4.322453, 16.362631, 16.517931>, 0.100000
	pigment { color rgbt <1,0,0,0> }
	no_shadow
}

// particle -1
sphere {
	<4.672533, 16.251980, 16.359182> 0.100000
	pigment { color rgbt <1,0,0,0> }
	no_shadow
}
sphere {
	0, 1
	scale<0.080000,0.200000,0.300000>
	matrix <0.482620, 0.555656, 0.676996,
		0.033247, -0.784043, 0.619815,
		0.875198, -0.276627, -0.396869,
		4.935092, 16.168991, 16.240122>
	pigment { color rgbt <0,1,1,0> }
	no_shadow
}
cylinder {
	<4.828795, 16.404348, 17.048258>,  <4.322453, 16.362631, 16.517931>, 0.130000
	pigment { color rgbt <1,0,0,0> }
	no_shadow
}

// nucleotide -1

// particle -1
sphere {
	<4.828795, 16.404348, 17.048258> 0.250000
	pigment { color rgbt <1,0,0,0> }
	no_shadow
}
cylinder {
	<5.034247, 16.424620, 16.705652>,  <5.157518, 16.436783, 16.500088>, 0.100000
	pigment { color rgbt <1,0,0,0> }
	no_shadow
}
cylinder {
	<5.034247, 16.424620, 16.705652>,  <4.828795, 16.404348, 17.048258>, 0.100000
	pigment { color rgbt <1,0,0,0> }
	no_shadow
}

// particle -1
sphere {
	<5.034247, 16.424620, 16.705652> 0.100000
	pigment { color rgbt <1,0,0,0> }
	no_shadow
}
sphere {
	0, 1
	scale<0.080000,0.200000,0.300000>
	matrix <0.629335, 0.656274, 0.416224,
		0.583201, -0.752819, 0.305188,
		0.513628, 0.050677, -0.856515,
		5.188335, 16.439823, 16.448698>
	pigment { color rgbt <0,1,1,0> }
	no_shadow
}
cylinder {
	<5.443585, 16.487818, 17.319645>,  <4.828795, 16.404348, 17.048258>, 0.130000
	pigment { color rgbt <1,0,0,0> }
	no_shadow
}

// nucleotide -1

// particle -1
sphere {
	<5.443585, 16.487818, 17.319645> 0.250000
	pigment { color rgbt <1,0,0,0> }
	no_shadow
}
cylinder {
	<5.458548, 16.610109, 16.939093>,  <5.467525, 16.683485, 16.710760>, 0.100000
	pigment { color rgbt <1,0,0,0> }
	no_shadow
}
cylinder {
	<5.458548, 16.610109, 16.939093>,  <5.443585, 16.487818, 17.319645>, 0.100000
	pigment { color rgbt <1,0,0,0> }
	no_shadow
}

// particle -1
sphere {
	<5.458548, 16.610109, 16.939093> 0.100000
	pigment { color rgbt <1,0,0,0> }
	no_shadow
}
sphere {
	0, 1
	scale<0.080000,0.200000,0.300000>
	matrix <0.575307, 0.771858, 0.270660,
		0.817082, -0.557462, -0.147016,
		0.037407, 0.305731, -0.951383,
		5.469769, 16.701828, 16.653677>
	pigment { color rgbt <0,1,1,0> }
	no_shadow
}
cylinder {
	<6.152810, 16.600655, 17.115082>,  <5.443585, 16.487818, 17.319645>, 0.130000
	pigment { color rgbt <1,0,0,0> }
	no_shadow
}

// nucleotide -1

// particle -1
sphere {
	<6.152810, 16.600655, 17.115082> 0.250000
	pigment { color rgbt <1,0,0,0> }
	no_shadow
}
cylinder {
	<5.918742, 16.814606, 16.871284>,  <5.778302, 16.942976, 16.725006>, 0.100000
	pigment { color rgbt <1,0,0,0> }
	no_shadow
}
cylinder {
	<5.918742, 16.814606, 16.871284>,  <6.152810, 16.600655, 17.115082>, 0.100000
	pigment { color rgbt <1,0,0,0> }
	no_shadow
}

// particle -1
sphere {
	<5.918742, 16.814606, 16.871284> 0.100000
	pigment { color rgbt <1,0,0,0> }
	no_shadow
}
sphere {
	0, 1
	scale<0.080000,0.200000,0.300000>
	matrix <0.506249, 0.828117, 0.240694,
		0.633474, -0.167709, -0.755370,
		-0.585169, 0.534878, -0.609494,
		5.743192, 16.975069, 16.688437>
	pigment { color rgbt <0,1,1,0> }
	no_shadow
}
cylinder {
	<6.615467, 16.962278, 16.646093>,  <6.152810, 16.600655, 17.115082>, 0.130000
	pigment { color rgbt <1,0,0,0> }
	no_shadow
}

// nucleotide -1

// particle -1
sphere {
	<6.615467, 16.962278, 16.646093> 0.250000
	pigment { color rgbt <1,0,0,0> }
	no_shadow
}
cylinder {
	<6.270880, 17.165369, 16.649866>,  <6.064127, 17.287224, 16.652130>, 0.100000
	pigment { color rgbt <1,0,0,0> }
	no_shadow
}
cylinder {
	<6.270880, 17.165369, 16.649866>,  <6.615467, 16.962278, 16.646093>, 0.100000
	pigment { color rgbt <1,0,0,0> }
	no_shadow
}

// particle -1
sphere {
	<6.270880, 17.165369, 16.649866> 0.100000
	pigment { color rgbt <1,0,0,0> }
	no_shadow
}
sphere {
	0, 1
	scale<0.080000,0.200000,0.300000>
	matrix <0.507614, 0.860464, 0.043942,
		0.014196, 0.042642, -0.998990,
		-0.861468, 0.507725, 0.009431,
		6.012439, 17.317686, 16.652695>
	pigment { color rgbt <0,1,1,0> }
	no_shadow
}
cylinder {
	<6.637331, 17.380310, 16.075357>,  <6.615467, 16.962278, 16.646093>, 0.130000
	pigment { color rgbt <1,0,0,0> }
	no_shadow
}

// nucleotide -1

// particle -1
sphere {
	<6.637331, 17.380310, 16.075357> 0.250000
	pigment { color rgbt <1,0,0,0> }
	no_shadow
}
cylinder {
	<6.364384, 17.563370, 16.303368>,  <6.200615, 17.673204, 16.440174>, 0.100000
	pigment { color rgbt <1,0,0,0> }
	no_shadow
}
cylinder {
	<6.364384, 17.563370, 16.303368>,  <6.637331, 17.380310, 16.075357>, 0.100000
	pigment { color rgbt <1,0,0,0> }
	no_shadow
}

// particle -1
sphere {
	<6.364384, 17.563370, 16.303368> 0.100000
	pigment { color rgbt <1,0,0,0> }
	no_shadow
}
sphere {
	0, 1
	scale<0.080000,0.200000,0.300000>
	matrix <0.585261, 0.809246, 0.050901,
		-0.437997, 0.368347, -0.820048,
		-0.682370, 0.457647, 0.570027,
		6.159673, 17.700665, 16.474375>
	pigment { color rgbt <0,1,1,0> }
	no_shadow
}
cylinder {
	<6.469266, 17.997942, 15.760994>,  <6.637331, 17.380310, 16.075357>, 0.130000
	pigment { color rgbt <1,0,0,0> }
	no_shadow
}

// nucleotide -1

// particle -1
sphere {
	<6.469266, 17.997942, 15.760994> 0.250000
	pigment { color rgbt <1,0,0,0> }
	no_shadow
}
cylinder {
	<6.370994, 18.043282, 16.146074>,  <6.312030, 18.070484, 16.377123>, 0.100000
	pigment { color rgbt <1,0,0,0> }
	no_shadow
}
cylinder {
	<6.370994, 18.043282, 16.146074>,  <6.469266, 17.997942, 15.760994>, 0.100000
	pigment { color rgbt <1,0,0,0> }
	no_shadow
}

// particle -1
sphere {
	<6.370994, 18.043282, 16.146074> 0.100000
	pigment { color rgbt <1,0,0,0> }
	no_shadow
}
sphere {
	0, 1
	scale<0.080000,0.200000,0.300000>
	matrix <0.506722, 0.861659, 0.027864,
		-0.826362, 0.494668, -0.269130,
		-0.245682, 0.113348, 0.962701,
		6.297289, 18.077286, 16.434885>
	pigment { color rgbt <0,1,1,0> }
	no_shadow
}
cylinder {
	<6.322684, 18.680172, 15.818263>,  <6.469266, 17.997942, 15.760994>, 0.130000
	pigment { color rgbt <1,0,0,0> }
	no_shadow
}

// nucleotide -1

// particle -1
sphere {
	<6.322684, 18.680172, 15.818263> 0.250000
	pigment { color rgbt <1,0,0,0> }
	no_shadow
}
cylinder {
	<6.375483, 18.563646, 16.197254>,  <6.407163, 18.493731, 16.424648>, 0.100000
	pigment { color rgbt <1,0,0,0> }
	no_shadow
}
cylinder {
	<6.375483, 18.563646, 16.197254>,  <6.322684, 18.680172, 15.818263>, 0.100000
	pigment { color rgbt <1,0,0,0> }
	no_shadow
}

// particle -1
sphere {
	<6.375483, 18.563646, 16.197254> 0.100000
	pigment { color rgbt <1,0,0,0> }
	no_shadow
}
sphere {
	0, 1
	scale<0.080000,0.200000,0.300000>
	matrix <0.392138, 0.893213, 0.219997,
		-0.910387, 0.342503, 0.232137,
		0.131998, -0.291312, 0.947478,
		6.415082, 18.476254, 16.481497>
	pigment { color rgbt <0,1,1,0> }
	no_shadow
}
cylinder {
	<5.941247, 19.105770, 16.211851>,  <6.322684, 18.680172, 15.818263>, 0.130000
	pigment { color rgbt <1,0,0,0> }
	no_shadow
}

// nucleotide -1

// particle -1
sphere {
	<5.941247, 19.105770, 16.211851> 0.250000
	pigment { color rgbt <1,0,0,0> }
	no_shadow
}
cylinder {
	<6.233814, 18.957203, 16.440613>,  <6.409355, 18.868063, 16.577869>, 0.100000
	pigment { color rgbt <1,0,0,0> }
	no_shadow
}
cylinder {
	<6.233814, 18.957203, 16.440613>,  <5.941247, 19.105770, 16.211851>, 0.100000
	pigment { color rgbt <1,0,0,0> }
	no_shadow
}

// particle -1
sphere {
	<6.233814, 18.957203, 16.440613> 0.100000
	pigment { color rgbt <1,0,0,0> }
	no_shadow
}
sphere {
	0, 1
	scale<0.080000,0.200000,0.300000>
	matrix <0.216440, 0.921736, 0.321803,
		-0.646670, -0.111589, 0.754564,
		0.731418, -0.371418, 0.571906,
		6.453239, 18.845778, 16.612185>
	pigment { color rgbt <0,1,1,0> }
	no_shadow
}
cylinder {
	<6.027799, 19.660542, 16.738554>,  <5.941247, 19.105770, 16.211851>, 0.130000
	pigment { color rgbt <1,0,0,0> }
	no_shadow
}

// nucleotide -1

// particle -1
sphere {
	<6.027799, 19.660542, 16.738554> 0.250000
	pigment { color rgbt <1,0,0,0> }
	no_shadow
}
cylinder {
	<6.352870, 19.433115, 16.789610>,  <6.547912, 19.296659, 16.820244>, 0.100000
	pigment { color rgbt <1,0,0,0> }
	no_shadow
}
cylinder {
	<6.352870, 19.433115, 16.789610>,  <6.027799, 19.660542, 16.738554>, 0.100000
	pigment { color rgbt <1,0,0,0> }
	no_shadow
}

// particle -1
sphere {
	<6.352870, 19.433115, 16.789610> 0.100000
	pigment { color rgbt <1,0,0,0> }
	no_shadow
}
sphere {
	0, 1
	scale<0.080000,0.200000,0.300000>
	matrix <0.505374, 0.796744, 0.331357,
		-0.290094, -0.204779, 0.934832,
		0.812676, -0.568564, 0.127641,
		6.596673, 19.262547, 16.827902>
	pigment { color rgbt <0,1,1,0> }
	no_shadow
}
cylinder {
	<6.265064, 19.836267, 17.372627>,  <6.027799, 19.660542, 16.738554>, 0.130000
	pigment { color rgbt <1,0,0,0> }
	no_shadow
}

// nucleotide -1

// particle -1
sphere {
	<6.265064, 19.836267, 17.372627> 0.250000
	pigment { color rgbt <1,0,0,0> }
	no_shadow
}
cylinder {
	<6.575760, 19.669401, 17.183886>,  <6.762178, 19.569281, 17.070641>, 0.100000
	pigment { color rgbt <1,0,0,0> }
	no_shadow
}
cylinder {
	<6.575760, 19.669401, 17.183886>,  <6.265064, 19.836267, 17.372627>, 0.100000
	pigment { color rgbt <1,0,0,0> }
	no_shadow
}

// particle -1
sphere {
	<6.575760, 19.669401, 17.183886> 0.100000
	pigment { color rgbt <1,0,0,0> }
	no_shadow
}
sphere {
	0, 1
	scale<0.080000,0.200000,0.300000>
	matrix <0.587551, 0.749785, 0.304313,
		0.226839, -0.513610, 0.827495,
		0.776742, -0.417166, -0.471853,
		6.808783, 19.544250, 17.042330>
	pigment { color rgbt <0,1,1,0> }
	no_shadow
}
cylinder {
	<6.886517, 19.852077, 17.828856>,  <6.265064, 19.836267, 17.372627>, 0.130000
	pigment { color rgbt <1,0,0,0> }
	no_shadow
}

// nucleotide -1

// particle -1
sphere {
	<6.886517, 19.852077, 17.828856> 0.250000
	pigment { color rgbt <1,0,0,0> }
	no_shadow
}
cylinder {
	<7.047565, 19.838724, 17.462952>,  <7.144194, 19.830713, 17.243410>, 0.100000
	pigment { color rgbt <1,0,0,0> }
	no_shadow
}
cylinder {
	<7.047565, 19.838724, 17.462952>,  <6.886517, 19.852077, 17.828856>, 0.100000
	pigment { color rgbt <1,0,0,0> }
	no_shadow
}

// particle -1
sphere {
	<7.047565, 19.838724, 17.462952> 0.100000
	pigment { color rgbt <1,0,0,0> }
	no_shadow
}
sphere {
	0, 1
	scale<0.080000,0.200000,0.300000>
	matrix <0.554575, 0.803946, 0.214751,
		0.728247, -0.593765, 0.342197,
		0.402620, -0.033383, -0.914758,
		7.168351, 19.828709, 17.188524>
	pigment { color rgbt <0,1,1,0> }
	no_shadow
}
cylinder {
	<7.509482, 20.150301, 17.969273>,  <6.886517, 19.852077, 17.828856>, 0.130000
	pigment { color rgbt <1,0,0,0> }
	no_shadow
}

// nucleotide -1

// particle -1
sphere {
	<7.509482, 20.150301, 17.969273> 0.250000
	pigment { color rgbt <1,0,0,0> }
	no_shadow
}
cylinder {
	<7.507291, 20.166553, 17.569609>,  <7.505976, 20.176306, 17.329811>, 0.100000
	pigment { color rgbt <1,0,0,0> }
	no_shadow
}
cylinder {
	<7.507291, 20.166553, 17.569609>,  <7.509482, 20.150301, 17.969273>, 0.100000
	pigment { color rgbt <1,0,0,0> }
	no_shadow
}

// particle -1
sphere {
	<7.507291, 20.166553, 17.569609> 0.100000
	pigment { color rgbt <1,0,0,0> }
	no_shadow
}
sphere {
	0, 1
	scale<0.080000,0.200000,0.300000>
	matrix <0.412037, 0.910504, 0.034768,
		0.911151, -0.411500, -0.021731,
		-0.005479, 0.040633, -0.999159,
		7.505647, 20.178743, 17.269861>
	pigment { color rgbt <0,1,1,0> }
	no_shadow
}
cylinder {
	<8.178345, 20.324102, 17.704685>,  <7.509482, 20.150301, 17.969273>, 0.130000
	pigment { color rgbt <1,0,0,0> }
	no_shadow
}

// nucleotide -1

// particle -1
sphere {
	<8.178345, 20.324102, 17.704685> 0.250000
	pigment { color rgbt <1,0,0,0> }
	no_shadow
}
cylinder {
	<7.943552, 20.403322, 17.390684>,  <7.802677, 20.450853, 17.202284>, 0.100000
	pigment { color rgbt <1,0,0,0> }
	no_shadow
}
cylinder {
	<7.943552, 20.403322, 17.390684>,  <8.178345, 20.324102, 17.704685>, 0.100000
	pigment { color rgbt <1,0,0,0> }
	no_shadow
}

// particle -1
sphere {
	<7.943552, 20.403322, 17.390684> 0.100000
	pigment { color rgbt <1,0,0,0> }
	no_shadow
}
sphere {
	0, 1
	scale<0.080000,0.200000,0.300000>
	matrix <0.601982, 0.755126, -0.259617,
		0.541359, -0.624948, -0.562468,
		-0.586981, 0.198050, -0.785003,
		7.767457, 20.462738, 17.155184>
	pigment { color rgbt <0,1,1,0> }
	no_shadow
}
cylinder {
	<8.693550, 20.511707, 17.173029>,  <8.178345, 20.324102, 17.704685>, 0.130000
	pigment { color rgbt <1,0,0,0> }
	no_shadow
}

// nucleotide -1

// particle -1
sphere {
	<8.693550, 20.511707, 17.173029> 0.250000
	pigment { color rgbt <1,0,0,0> }
	no_shadow
}
cylinder {
	<8.335926, 20.654661, 17.065002>,  <8.121352, 20.740433, 17.000187>, 0.100000
	pigment { color rgbt <1,0,0,0> }
	no_shadow
}
cylinder {
	<8.335926, 20.654661, 17.065002>,  <8.693550, 20.511707, 17.173029>, 0.100000
	pigment { color rgbt <1,0,0,0> }
	no_shadow
}

// particle -1
sphere {
	<8.335926, 20.654661, 17.065002> 0.100000
	pigment { color rgbt <1,0,0,0> }
	no_shadow
}
sphere {
	0, 1
	scale<0.080000,0.200000,0.300000>
	matrix <0.428219, 0.858842, -0.281104,
		0.131481, -0.366970, -0.920894,
		-0.894059, 0.357384, -0.270065,
		8.067708, 20.761877, 16.983982>
	pigment { color rgbt <0,1,1,0> }
	no_shadow
}
cylinder {
	<8.864280, 20.932922, 16.589127>,  <8.693550, 20.511707, 17.173029>, 0.130000
	pigment { color rgbt <1,0,0,0> }
	no_shadow
}

// nucleotide -1

// particle -1
sphere {
	<8.864280, 20.932922, 16.589127> 0.250000
	pigment { color rgbt <1,0,0,0> }
	no_shadow
}
cylinder {
	<8.511486, 21.070490, 16.718014>,  <8.299809, 21.153030, 16.795347>, 0.100000
	pigment { color rgbt <1,0,0,0> }
	no_shadow
}
cylinder {
	<8.511486, 21.070490, 16.718014>,  <8.864280, 20.932922, 16.589127>, 0.100000
	pigment { color rgbt <1,0,0,0> }
	no_shadow
}

// particle -1
sphere {
	<8.511486, 21.070490, 16.718014> 0.100000
	pigment { color rgbt <1,0,0,0> }
	no_shadow
}
sphere {
	0, 1
	scale<0.080000,0.200000,0.300000>
	matrix <0.202157, 0.893702, -0.400536,
		-0.425719, -0.288128, -0.857756,
		-0.881984, 0.343917, 0.322219,
		8.246891, 21.173664, 16.814680>
	pigment { color rgbt <0,1,1,0> }
	no_shadow
}
cylinder {
	<8.625046, 21.497313, 16.092899>,  <8.864280, 20.932922, 16.589127>, 0.130000
	pigment { color rgbt <1,0,0,0> }
	no_shadow
}

// nucleotide -1

// particle -1
sphere {
	<8.625046, 21.497313, 16.092899> 0.250000
	pigment { color rgbt <1,0,0,0> }
	no_shadow
}
cylinder {
	<8.422472, 21.578979, 16.428003>,  <8.300928, 21.627979, 16.629066>, 0.100000
	pigment { color rgbt <1,0,0,0> }
	no_shadow
}
cylinder {
	<8.422472, 21.578979, 16.428003>,  <8.625046, 21.497313, 16.092899>, 0.100000
	pigment { color rgbt <1,0,0,0> }
	no_shadow
}

// particle -1
sphere {
	<8.422472, 21.578979, 16.428003> 0.100000
	pigment { color rgbt <1,0,0,0> }
	no_shadow
}
sphere {
	0, 1
	scale<0.080000,0.200000,0.300000>
	matrix <0.182676, 0.974915, -0.127162,
		-0.842706, 0.088639, -0.531027,
		-0.506434, 0.204166, 0.837759,
		8.270542, 21.640228, 16.679331>
	pigment { color rgbt <0,1,1,0> }
	no_shadow
}
cylinder {
	<8.106562, 21.972710, 15.866158>,  <8.625046, 21.497313, 16.092899>, 0.130000
	pigment { color rgbt <1,0,0,0> }
	no_shadow
}

// nucleotide -1

// particle -1
sphere {
	<8.106562, 21.972710, 15.866158> 0.250000
	pigment { color rgbt <1,0,0,0> }
	no_shadow
}
cylinder {
	<8.169004, 22.006496, 16.259808>,  <8.206470, 22.026768, 16.495996>, 0.100000
	pigment { color rgbt <1,0,0,0> }
	no_shadow
}
cylinder {
	<8.169004, 22.006496, 16.259808>,  <8.106562, 21.972710, 15.866158>, 0.100000
	pigment { color rgbt <1,0,0,0> }
	no_shadow
}

// particle -1
sphere {
	<8.169004, 22.006496, 16.259808> 0.100000
	pigment { color rgbt <1,0,0,0> }
	no_shadow
}
sphere {
	0, 1
	scale<0.080000,0.200000,0.300000>
	matrix <0.162518, 0.980562, -0.109939,
		-0.974279, 0.177100, 0.139345,
		0.156106, 0.084465, 0.984122,
		8.215837, 22.031836, 16.555044>
	pigment { color rgbt <0,1,1,0> }
	no_shadow
}
cylinder {
	<7.786165, 22.578514, 16.108492>,  <8.106562, 21.972710, 15.866158>, 0.130000
	pigment { color rgbt <1,0,0,0> }
	no_shadow
}

// nucleotide -1

// particle -1
sphere {
	<7.786165, 22.578514, 16.108492> 0.250000
	pigment { color rgbt <1,0,0,0> }
	no_shadow
}
cylinder {
	<8.072288, 22.505569, 16.378332>,  <8.243960, 22.461803, 16.540236>, 0.100000
	pigment { color rgbt <1,0,0,0> }
	no_shadow
}
cylinder {
	<8.072288, 22.505569, 16.378332>,  <7.786165, 22.578514, 16.108492>, 0.100000
	pigment { color rgbt <1,0,0,0> }
	no_shadow
}

// particle -1
sphere {
	<8.072288, 22.505569, 16.378332> 0.100000
	pigment { color rgbt <1,0,0,0> }
	no_shadow
}
sphere {
	0, 1
	scale<0.080000,0.200000,0.300000>
	matrix <0.331336, 0.938447, -0.097643,
		-0.615268, 0.293363, 0.731699,
		0.715305, -0.182361, 0.674598,
		8.286880, 22.450861, 16.580711>
	pigment { color rgbt <0,1,1,0> }
	no_shadow
}
cylinder {
	<7.899874, 23.281889, 16.395403>,  <7.786165, 22.578514, 16.108492>, 0.130000
	pigment { color rgbt <1,0,0,0> }
	no_shadow
}

// nucleotide -1

// particle -1
sphere {
	<7.899874, 23.281889, 16.395403> 0.250000
	pigment { color rgbt <1,0,0,0> }
	no_shadow
}
cylinder {
	<8.198457, 23.056866, 16.537575>,  <8.377606, 22.921852, 16.622877>, 0.100000
	pigment { color rgbt <1,0,0,0> }
	no_shadow
}
cylinder {
	<8.198457, 23.056866, 16.537575>,  <7.899874, 23.281889, 16.395403>, 0.100000
	pigment { color rgbt <1,0,0,0> }
	no_shadow
}

// particle -1
sphere {
	<8.198457, 23.056866, 16.537575> 0.100000
	pigment { color rgbt <1,0,0,0> }
	no_shadow
}
sphere {
	0, 1
	scale<0.080000,0.200000,0.300000>
	matrix <0.554407, 0.821163, 0.135365,
		-0.368015, 0.096008, 0.924850,
		0.746457, -0.562560, 0.355428,
		8.422394, 22.888098, 16.644203>
	pigment { color rgbt <0,1,1,0> }
	no_shadow
}
cylinder {
	<8.119271, 23.630926, 16.876486>,  <7.899874, 23.281889, 16.395403>, 0.130000
	pigment { color rgbt <1,0,0,0> }
	no_shadow
}

// nucleotide -1

// particle -1
sphere {
	<8.119271, 23.630926, 16.876486> 0.250000
	pigment { color rgbt <1,0,0,0> }
	no_shadow
}
cylinder {
	<8.443684, 23.412846, 16.791649>,  <8.638331, 23.281998, 16.740747>, 0.100000
	pigment { color rgbt <1,0,0,0> }
	no_shadow
}
cylinder {
	<8.443684, 23.412846, 16.791649>,  <8.119271, 23.630926, 16.876486>, 0.100000
	pigment { color rgbt <1,0,0,0> }
	no_shadow
}

// particle -1
sphere {
	<8.443684, 23.412846, 16.791649> 0.100000
	pigment { color rgbt <1,0,0,0> }
	no_shadow
}
sphere {
	0, 1
	scale<0.080000,0.200000,0.300000>
	matrix <0.577473, 0.804105, 0.141210,
		0.093557, -0.237003, 0.966994,
		0.811032, -0.545202, -0.212092,
		8.686993, 23.249285, 16.728022>
	pigment { color rgbt <0,1,1,0> }
	no_shadow
}
cylinder {
	<8.627811, 23.571018, 17.331100>,  <8.119271, 23.630926, 16.876486>, 0.130000
	pigment { color rgbt <1,0,0,0> }
	no_shadow
}

// nucleotide -1

// particle -1
sphere {
	<8.627811, 23.571018, 17.331100> 0.250000
	pigment { color rgbt <1,0,0,0> }
	no_shadow
}
cylinder {
	<8.846769, 23.512203, 17.001558>,  <8.978144, 23.476913, 16.803833>, 0.100000
	pigment { color rgbt <1,0,0,0> }
	no_shadow
}
cylinder {
	<8.846769, 23.512203, 17.001558>,  <8.627811, 23.571018, 17.331100>, 0.100000
	pigment { color rgbt <1,0,0,0> }
	no_shadow
}

// particle -1
sphere {
	<8.846769, 23.512203, 17.001558> 0.100000
	pigment { color rgbt <1,0,0,0> }
	no_shadow
}
sphere {
	0, 1
	scale<0.080000,0.200000,0.300000>
	matrix <0.600556, 0.754621, 0.264346,
		0.582831, -0.639474, 0.501380,
		0.547394, -0.147037, -0.823857,
		9.010987, 23.468092, 16.754402>
	pigment { color rgbt <0,1,1,0> }
	no_shadow
}
cylinder {
	<9.423568, 23.347845, 17.448622>,  <8.627811, 23.571018, 17.331100>, 0.130000
	pigment { color rgbt <1,0,0,0> }
	no_shadow
}

// nucleotide -1

// particle -1
sphere {
	<9.423568, 23.347845, 17.448622> 0.250000
	pigment { color rgbt <1,0,0,0> }
	no_shadow
}
cylinder {
	<9.329994, 23.563868, 17.125237>,  <9.273849, 23.693481, 16.931206>, 0.100000
	pigment { color rgbt <1,0,0,0> }
	no_shadow
}
cylinder {
	<9.329994, 23.563868, 17.125237>,  <9.423568, 23.347845, 17.448622>, 0.100000
	pigment { color rgbt <1,0,0,0> }
	no_shadow
}

// particle -1
sphere {
	<9.329994, 23.563868, 17.125237> 0.100000
	pigment { color rgbt <1,0,0,0> }
	no_shadow
}
sphere {
	0, 1
	scale<0.080000,0.200000,0.300000>
	matrix <0.484318, 0.785752, 0.384746,
		0.843036, -0.301548, -0.445374,
		-0.233935, 0.540057, -0.808463,
		9.259813, 23.725885, 16.882698>
	pigment { color rgbt <0,1,1,0> }
	no_shadow
}
cylinder {
	<10.075844, 23.734705, 17.333889>,  <9.423568, 23.347845, 17.448622>, 0.130000
	pigment { color rgbt <1,0,0,0> }
	no_shadow
}

// nucleotide -1

// particle -1
sphere {
	<10.075844, 23.734705, 17.333889> 0.250000
	pigment { color rgbt <1,0,0,0> }
	no_shadow
}
cylinder {
	<9.736290, 23.883324, 17.183504>,  <9.532557, 23.972496, 17.093273>, 0.100000
	pigment { color rgbt <1,0,0,0> }
	no_shadow
}
cylinder {
	<9.736290, 23.883324, 17.183504>,  <10.075844, 23.734705, 17.333889>, 0.100000
	pigment { color rgbt <1,0,0,0> }
	no_shadow
}

// particle -1
sphere {
	<9.736290, 23.883324, 17.183504> 0.100000
	pigment { color rgbt <1,0,0,0> }
	no_shadow
}
sphere {
	0, 1
	scale<0.080000,0.200000,0.300000>
	matrix <0.208507, 0.888970, 0.407746,
		0.485717, 0.267738, -0.832103,
		-0.848884, 0.371548, -0.375963,
		9.481625, 23.994787, 17.070715>
	pigment { color rgbt <0,1,1,0> }
	no_shadow
}
cylinder {
	<10.550721, 23.772238, 16.700035>,  <10.075844, 23.734705, 17.333889>, 0.130000
	pigment { color rgbt <1,0,0,0> }
	no_shadow
}

// nucleotide -1

// particle -1
sphere {
	<10.550721, 23.772238, 16.700035> 0.250000
	pigment { color rgbt <1,0,0,0> }
	no_shadow
}
cylinder {
	<10.871189, 24.011106, 16.715588>,  <11.063470, 24.154428, 16.724918>, 0.100000
	pigment { color rgbt <1,0,0,0> }
	no_shadow
}
cylinder {
	<10.871189, 24.011106, 16.715588>,  <10.550721, 23.772238, 16.700035>, 0.100000
	pigment { color rgbt <1,0,0,0> }
	no_shadow
}

// particle -1
sphere {
	<10.871189, 24.011106, 16.715588> 0.100000
	pigment { color rgbt <1,0,0,0> }
	no_shadow
}
sphere {
	0, 1
	scale<0.080000,0.200000,0.300000>
	matrix <0.042857, 0.007549, -0.999053,
		-0.596899, 0.802078, -0.019545,
		0.801171, 0.597171, 0.038880,
		11.111541, 24.190258, 16.727251>
	pigment { color rgbt <0,1,1,0> }
	no_shadow
}
cylinder {
	<10.342556, 24.404861, 16.341955>,  <10.550721, 23.772238, 16.700035>, 0.130000
	pigment { color rgbt <1,0,0,0> }
	no_shadow
}

// nucleotide -1

// particle -1
sphere {
	<10.342556, 24.404861, 16.341955> 0.250000
	pigment { color rgbt <1,0,0,0> }
	no_shadow
}
cylinder {
	<10.733089, 24.324713, 16.309402>,  <10.967409, 24.276623, 16.289871>, 0.100000
	pigment { color rgbt <1,0,0,0> }
	no_shadow
}
cylinder {
	<10.733089, 24.324713, 16.309402>,  <10.342556, 24.404861, 16.341955>, 0.100000
	pigment { color rgbt <1,0,0,0> }
	no_shadow
}

// particle -1
sphere {
	<10.733089, 24.324713, 16.309402> 0.100000
	pigment { color rgbt <1,0,0,0> }
	no_shadow
}
sphere {
	0, 1
	scale<0.080000,0.200000,0.300000>
	matrix <-0.047672, 0.167659, -0.984692,
		0.210950, 0.965268, 0.154139,
		0.976334, -0.200372, -0.081384,
		11.025990, 24.264601, 16.284986>
	pigment { color rgbt <0,1,1,0> }
	no_shadow
}
cylinder {
	<10.725134, 25.007187, 16.011625>,  <10.342556, 24.404861, 16.341955>, 0.130000
	pigment { color rgbt <1,0,0,0> }
	no_shadow
}

// nucleotide -1

// particle -1
sphere {
	<10.725134, 25.007187, 16.011625> 0.250000
	pigment { color rgbt <1,0,0,0> }
	no_shadow
}
cylinder {
	<10.900528, 24.653669, 15.946338>,  <11.005764, 24.441559, 15.907165>, 0.100000
	pigment { color rgbt <1,0,0,0> }
	no_shadow
}
cylinder {
	<10.900528, 24.653669, 15.946338>,  <10.725134, 25.007187, 16.011625>, 0.100000
	pigment { color rgbt <1,0,0,0> }
	no_shadow
}

// particle -1
sphere {
	<10.900528, 24.653669, 15.946338> 0.100000
	pigment { color rgbt <1,0,0,0> }
	no_shadow
}
sphere {
	0, 1
	scale<0.080000,0.200000,0.300000>
	matrix <0.062885, 0.211336, -0.975388,
		0.896535, 0.417429, 0.148246,
		0.438485, -0.883793, -0.163220,
		11.032074, 24.388531, 15.897371>
	pigment { color rgbt <0,1,1,0> }
	no_shadow
}
cylinder {
	<10.583535, 24.657269, 15.217668>,  <10.725134, 25.007187, 16.011625>, 0.130000
	pigment { color rgbt <1,0,0,0> }
	no_shadow
}

// nucleotide -1

// particle -1
sphere {
	<10.583535, 24.657269, 15.217668> 0.250000
	pigment { color rgbt <1,0,0,0> }
	no_shadow
}
cylinder {
	<10.558541, 24.266180, 15.297821>,  <10.543545, 24.031527, 15.345913>, 0.100000
	pigment { color rgbt <1,0,0,0> }
	no_shadow
}
cylinder {
	<10.558541, 24.266180, 15.297821>,  <10.583535, 24.657269, 15.217668>, 0.100000
	pigment { color rgbt <1,0,0,0> }
	no_shadow
}

// particle -1
sphere {
	<10.558541, 24.266180, 15.297821> 0.100000
	pigment { color rgbt <1,0,0,0> }
	no_shadow
}
sphere {
	0, 1
	scale<0.080000,0.200000,0.300000>
	matrix <0.927839, 0.017065, 0.372590,
		-0.367710, 0.209205, 0.906103,
		-0.062485, -0.977723, 0.200383,
		10.539796, 23.972862, 15.357936>
	pigment { color rgbt <0,1,1,0> }
	no_shadow
}
cylinder {
	<11.255582, 24.573610, 14.675586>,  <10.583535, 24.657269, 15.217668>, 0.130000
	pigment { color rgbt <1,0,0,0> }
	no_shadow
}

// nucleotide -1

// particle -1
sphere {
	<11.255582, 24.573610, 14.675586> 0.250000
	pigment { color rgbt <1,0,0,0> }
	no_shadow
}
cylinder {
	<11.558965, 24.342278, 14.795767>,  <11.740994, 24.203478, 14.867875>, 0.100000
	pigment { color rgbt <1,0,0,0> }
	no_shadow
}
cylinder {
	<11.558965, 24.342278, 14.795767>,  <11.255582, 24.573610, 14.675586>, 0.100000
	pigment { color rgbt <1,0,0,0> }
	no_shadow
}

// particle -1
sphere {
	<11.558965, 24.342278, 14.795767> 0.100000
	pigment { color rgbt <1,0,0,0> }
	no_shadow
}
sphere {
	0, 1
	scale<0.080000,0.200000,0.300000>
	matrix <-0.641367, -0.744212, 0.186541,
		0.115717, -0.334184, -0.935378,
		0.758458, -0.578334, 0.300452,
		11.786502, 24.168777, 14.885902>
	pigment { color rgbt <0,1,1,0> }
	no_shadow
}
cylinder {
	<11.416380, 24.025581, 14.178580>,  <11.255582, 24.573610, 14.675586>, 0.130000
	pigment { color rgbt <1,0,0,0> }
	no_shadow
}

// nucleotide -1

// particle -1
sphere {
	<11.416380, 24.025581, 14.178580> 0.250000
	pigment { color rgbt <1,0,0,0> }
	no_shadow
}
cylinder {
	<11.513724, 23.911041, 14.549262>,  <11.572131, 23.842318, 14.771671>, 0.100000
	pigment { color rgbt <1,0,0,0> }
	no_shadow
}
cylinder {
	<11.513724, 23.911041, 14.549262>,  <11.416380, 24.025581, 14.178580>, 0.100000
	pigment { color rgbt <1,0,0,0> }
	no_shadow
}

// particle -1
sphere {
	<11.513724, 23.911041, 14.549262> 0.100000
	pigment { color rgbt <1,0,0,0> }
	no_shadow
}
sphere {
	0, 1
	scale<0.080000,0.200000,0.300000>
	matrix <-0.576810, -0.810848, -0.099076,
		0.779786, -0.510421, -0.362498,
		0.243360, -0.286350, 0.926703,
		11.586732, 23.825136, 14.827273>
	pigment { color rgbt <0,1,1,0> }
	no_shadow
}
cylinder {
	<11.538441, 23.315172, 14.044312>,  <11.416380, 24.025581, 14.178580>, 0.130000
	pigment { color rgbt <1,0,0,0> }
	no_shadow
}

// nucleotide -1

// particle -1
sphere {
	<11.538441, 23.315172, 14.044312> 0.250000
	pigment { color rgbt <1,0,0,0> }
	no_shadow
}
cylinder {
	<11.426685, 23.382812, 14.422380>,  <11.359632, 23.423397, 14.649221>, 0.100000
	pigment { color rgbt <1,0,0,0> }
	no_shadow
}
cylinder {
	<11.426685, 23.382812, 14.422380>,  <11.538441, 23.315172, 14.044312>, 0.100000
	pigment { color rgbt <1,0,0,0> }
	no_shadow
}

// particle -1
sphere {
	<11.426685, 23.382812, 14.422380> 0.100000
	pigment { color rgbt <1,0,0,0> }
	no_shadow
}
sphere {
	0, 1
	scale<0.080000,0.200000,0.300000>
	matrix <-0.579001, -0.814933, -0.025352,
		0.765964, -0.554338, 0.325591,
		-0.279388, 0.169099, 0.945171,
		11.342869, 23.433542, 14.705932>
	pigment { color rgbt <0,1,1,0> }
	no_shadow
}
cylinder {
	<11.527258, 22.731102, 14.292426>,  <11.538441, 23.315172, 14.044312>, 0.130000
	pigment { color rgbt <1,0,0,0> }
	no_shadow
}

// nucleotide -1

// particle -1
sphere {
	<11.527258, 22.731102, 14.292426> 0.250000
	pigment { color rgbt <1,0,0,0> }
	no_shadow
}
cylinder {
	<11.247828, 22.954420, 14.471447>,  <11.080171, 23.088411, 14.578859>, 0.100000
	pigment { color rgbt <1,0,0,0> }
	no_shadow
}
cylinder {
	<11.247828, 22.954420, 14.471447>,  <11.527258, 22.731102, 14.292426>, 0.100000
	pigment { color rgbt <1,0,0,0> }
	no_shadow
}

// particle -1
sphere {
	<11.247828, 22.954420, 14.471447> 0.100000
	pigment { color rgbt <1,0,0,0> }
	no_shadow
}
sphere {
	0, 1
	scale<0.080000,0.200000,0.300000>
	matrix <-0.665013, -0.737435, -0.118099,
		0.264106, -0.380129, 0.886425,
		-0.698574, 0.558293, 0.447552,
		11.038257, 23.121908, 14.605713>
	pigment { color rgbt <0,1,1,0> }
	no_shadow
}
cylinder {
	<11.207678, 22.392359, 14.910265>,  <11.527258, 22.731102, 14.292426>, 0.130000
	pigment { color rgbt <1,0,0,0> }
	no_shadow
}

// nucleotide -1

// particle -1
sphere {
	<11.207678, 22.392359, 14.910265> 0.250000
	pigment { color rgbt <1,0,0,0> }
	no_shadow
}
cylinder {
	<10.932449, 22.641775, 14.761803>,  <10.767312, 22.791426, 14.672726>, 0.100000
	pigment { color rgbt <1,0,0,0> }
	no_shadow
}
cylinder {
	<10.932449, 22.641775, 14.761803>,  <11.207678, 22.392359, 14.910265>, 0.100000
	pigment { color rgbt <1,0,0,0> }
	no_shadow
}

// particle -1
sphere {
	<10.932449, 22.641775, 14.761803> 0.100000
	pigment { color rgbt <1,0,0,0> }
	no_shadow
}
sphere {
	0, 1
	scale<0.080000,0.200000,0.300000>
	matrix <-0.670410, -0.741982, -0.003681,
		-0.277686, 0.246294, 0.928563,
		-0.688070, 0.623541, -0.371156,
		10.726028, 22.828836, 14.650455>
	pigment { color rgbt <0,1,1,0> }
	no_shadow
}
cylinder {
	<10.574715, 22.270615, 15.365733>,  <11.207678, 22.392359, 14.910265>, 0.130000
	pigment { color rgbt <1,0,0,0> }
	no_shadow
}

// nucleotide -1

// particle -1
sphere {
	<10.574715, 22.270615, 15.365733> 0.250000
	pigment { color rgbt <1,0,0,0> }
	no_shadow
}
cylinder {
	<10.472260, 22.409735, 15.004972>,  <10.410787, 22.493206, 14.788516>, 0.100000
	pigment { color rgbt <1,0,0,0> }
	no_shadow
}
cylinder {
	<10.472260, 22.409735, 15.004972>,  <10.574715, 22.270615, 15.365733>, 0.100000
	pigment { color rgbt <1,0,0,0> }
	no_shadow
}

// particle -1
sphere {
	<10.472260, 22.409735, 15.004972> 0.100000
	pigment { color rgbt <1,0,0,0> }
	no_shadow
}
sphere {
	0, 1
	scale<0.080000,0.200000,0.300000>
	matrix <-0.795782, -0.605536, -0.007513,
		-0.548748, 0.715794, 0.431874,
		-0.256137, 0.347800, -0.901903,
		10.395418, 22.514074, 14.734402>
	pigment { color rgbt <0,1,1,0> }
	no_shadow
}
cylinder {
	<9.866688, 22.567587, 15.403610>,  <10.574715, 22.270615, 15.365733>, 0.130000
	pigment { color rgbt <1,0,0,0> }
	no_shadow
}

// nucleotide -1

// particle -1
sphere {
	<9.866688, 22.567587, 15.403610> 0.250000
	pigment { color rgbt <1,0,0,0> }
	no_shadow
}
cylinder {
	<9.951400, 22.474400, 15.023952>,  <10.002227, 22.418488, 14.796158>, 0.100000
	pigment { color rgbt <1,0,0,0> }
	no_shadow
}
cylinder {
	<9.951400, 22.474400, 15.023952>,  <9.866688, 22.567587, 15.403610>, 0.100000
	pigment { color rgbt <1,0,0,0> }
	no_shadow
}

// particle -1
sphere {
	<9.951400, 22.474400, 15.023952> 0.100000
	pigment { color rgbt <1,0,0,0> }
	no_shadow
}
sphere {
	0, 1
	scale<0.080000,0.200000,0.300000>
	matrix <-0.756248, -0.654234, -0.008158,
		-0.619062, 0.719516, -0.314735,
		0.211780, -0.232968, -0.949144,
		10.014934, 22.404509, 14.739209>
	pigment { color rgbt <0,1,1,0> }
	no_shadow
}
cylinder {
	<9.244305, 22.449324, 15.073581>,  <9.866688, 22.567587, 15.403610>, 0.130000
	pigment { color rgbt <1,0,0,0> }
	no_shadow
}

// nucleotide -1

// particle -1
sphere {
	<9.244305, 22.449324, 15.073581> 0.250000
	pigment { color rgbt <1,0,0,0> }
	no_shadow
}
cylinder {
	<9.496106, 22.273670, 14.817179>,  <9.647187, 22.168278, 14.663338>, 0.100000
	pigment { color rgbt <1,0,0,0> }
	no_shadow
}
cylinder {
	<9.496106, 22.273670, 14.817179>,  <9.244305, 22.449324, 15.073581>, 0.100000
	pigment { color rgbt <1,0,0,0> }
	no_shadow
}

// particle -1
sphere {
	<9.496106, 22.273670, 14.817179> 0.100000
	pigment { color rgbt <1,0,0,0> }
	no_shadow
}
sphere {
	0, 1
	scale<0.080000,0.200000,0.300000>
	matrix <-0.700650, -0.677436, -0.223989,
		-0.335879, 0.590122, -0.734127,
		0.629504, -0.439133, -0.641005,
		9.684958, 22.141930, 14.624877>
	pigment { color rgbt <0,1,1,0> }
	no_shadow
}
cylinder {
	<8.756384, 22.259714, 14.525634>,  <9.244305, 22.449324, 15.073581>, 0.130000
	pigment { color rgbt <1,0,0,0> }
	no_shadow
}

// nucleotide -1

// particle -1
sphere {
	<8.756384, 22.259714, 14.525634> 0.250000
	pigment { color rgbt <1,0,0,0> }
	no_shadow
}
cylinder {
	<9.087244, 22.046661, 14.453939>,  <9.285760, 21.918829, 14.410923>, 0.100000
	pigment { color rgbt <1,0,0,0> }
	no_shadow
}
cylinder {
	<9.087244, 22.046661, 14.453939>,  <8.756384, 22.259714, 14.525634>, 0.100000
	pigment { color rgbt <1,0,0,0> }
	no_shadow
}

// particle -1
sphere {
	<9.087244, 22.046661, 14.453939> 0.100000
	pigment { color rgbt <1,0,0,0> }
	no_shadow
}
sphere {
	0, 1
	scale<0.080000,0.200000,0.300000>
	matrix <-0.561714, -0.793408, -0.234483,
		-0.017315, 0.294632, -0.955454,
		0.827150, -0.532632, -0.179237,
		9.335389, 21.886871, 14.400168>
	pigment { color rgbt <0,1,1,0> }
	no_shadow
}
cylinder {
	<8.738427, 21.977060, 13.847329>,  <8.756384, 22.259714, 14.525634>, 0.130000
	pigment { color rgbt <1,0,0,0> }
	no_shadow
}

// nucleotide -1

// particle -1
sphere {
	<8.738427, 21.977060, 13.847329> 0.250000
	pigment { color rgbt <1,0,0,0> }
	no_shadow
}
cylinder {
	<8.988803, 21.733566, 14.042323>,  <9.139029, 21.587469, 14.159320>, 0.100000
	pigment { color rgbt <1,0,0,0> }
	no_shadow
}
cylinder {
	<8.988803, 21.733566, 14.042323>,  <8.738427, 21.977060, 13.847329>, 0.100000
	pigment { color rgbt <1,0,0,0> }
	no_shadow
}

// particle -1
sphere {
	<8.988803, 21.733566, 14.042323> 0.100000
	pigment { color rgbt <1,0,0,0> }
	no_shadow
}
sphere {
	0, 1
	scale<0.080000,0.200000,0.300000>
	matrix <-0.454016, -0.792672, -0.406867,
		0.634090, 0.033348, -0.772540,
		0.625939, -0.608735, 0.487485,
		9.176584, 21.550945, 14.188569>
	pigment { color rgbt <0,1,1,0> }
	no_shadow
}
cylinder {
	<8.764612, 21.400127, 13.378497>,  <8.738427, 21.977060, 13.847329>, 0.130000
	pigment { color rgbt <1,0,0,0> }
	no_shadow
}

// nucleotide -1

// particle -1
sphere {
	<8.764612, 21.400127, 13.378497> 0.250000
	pigment { color rgbt <1,0,0,0> }
	no_shadow
}
cylinder {
	<8.902482, 21.262108, 13.727700>,  <8.985204, 21.179296, 13.937222>, 0.100000
	pigment { color rgbt <1,0,0,0> }
	no_shadow
}
cylinder {
	<8.902482, 21.262108, 13.727700>,  <8.764612, 21.400127, 13.378497>, 0.100000
	pigment { color rgbt <1,0,0,0> }
	no_shadow
}

// particle -1
sphere {
	<8.902482, 21.262108, 13.727700> 0.100000
	pigment { color rgbt <1,0,0,0> }
	no_shadow
}
sphere {
	0, 1
	scale<0.080000,0.200000,0.300000>
	matrix <-0.347589, -0.910803, -0.222755,
		0.871998, -0.226670, -0.433866,
		0.344674, -0.345049, 0.873007,
		9.005884, 21.158594, 13.989602>
	pigment { color rgbt <0,1,1,0> }
	no_shadow
}
cylinder {
	<8.992810, 20.592350, 13.252825>,  <8.764612, 21.400127, 13.378497>, 0.130000
	pigment { color rgbt <1,0,0,0> }
	no_shadow
}

// nucleotide -1

