// switches for output
#declare DRAW_BASES = 1; // possible values are 0, 1; only relevant for DNA ribbons
#declare DRAW_BASES_TYPE = 3; // possible values are 1, 2, 3; only relevant for DNA ribbons
#declare DRAW_FOG = 0; // set to 1 to enable fog

#include "colors.inc"

#include "transforms.inc"
background { rgb <1, 1, 1>}

#default {
   normal{
       ripples 0.25
       frequency 0.20
       turbulence 0.2
       lambda 5
   }
	finish {
		phong 0.1
		phong_size 40.
	}
}

// original window dimensions: 1024x640


// camera settings

camera {
	sky <0, 0.179814, -0.983701>
	up <0, 0.179814, -0.983701>
	right 1.6 * <1, 0, 0>
	location <25.469, 94.9851, 44.8844>
	look_at <25.469, 29.3977, 32.8955>
	direction <0, -65.5874, -11.9889>
	angle 67.0682
}


# declare cpy_camera_pos = <25.469, 94.9851, 44.8844>;
# if (DRAW_FOG = 1)
fog {
	fog_type 2
	up vnormalize(cpy_camera_pos)
	color rgbt<1,1,1,0.3>
	distance 1e-5
	fog_alt 3e-3
	fog_offset 28
}
# end


// LIGHTS

# declare lum = 6;
global_settings {
	ambient_light rgb lum * <0.05, 0.05, 0.05>
	max_trace_level 15
}# declare cpy_direct_light_amount = 0.25;
light_source
{	1000 * <-1, -1.16351, -0.803887>,
	rgb lum * cpy_direct_light_amount
	parallel
}

light_source
{	1000 * <1, 1.16351, 0.803887>,
	rgb lum * cpy_direct_light_amount
	parallel
}

// strand 0

// nucleotide -1

// particle -1
sphere {
	<4.507350, 15.204082, 14.956832> 0.250000
	pigment { color rgbt <1,0,0,0> }
	no_shadow
}
cylinder {
	<4.156528, 15.114341, 14.786920>,  <3.946035, 15.060496, 14.684972>, 0.100000
	pigment { color rgbt <1,0,0,0> }
	no_shadow
}
cylinder {
	<4.156528, 15.114341, 14.786920>,  <4.507350, 15.204082, 14.956832>, 0.100000
	pigment { color rgbt <1,0,0,0> }
	no_shadow
}

// particle -1
sphere {
	<4.156528, 15.114341, 14.786920> 0.100000
	pigment { color rgbt <1,0,0,0> }
	no_shadow
}
sphere {
	0, 1
	scale<0.080000,0.200000,0.300000>
	matrix <0.237673, 0.565789, -0.789554,
		0.417472, -0.793442, -0.442907,
		-0.877057, -0.224350, -0.424781,
		3.893411, 15.047035, 14.659485>
	pigment { color rgbt <0,1,1,0> }
	no_shadow
}
cylinder {
	<5.142426, 14.636880, 15.018040>,  <4.507350, 15.204082, 14.956832>, 0.130000
	pigment { color rgbt <1,0,0,0> }
	no_shadow
}

// nucleotide -1

// particle -1
sphere {
	<5.142426, 14.636880, 15.018040> 0.250000
	pigment { color rgbt <1,0,0,0> }
	no_shadow
}
cylinder {
	<5.538804, 14.662297, 15.065356>,  <5.776630, 14.677547, 15.093746>, 0.100000
	pigment { color rgbt <1,0,0,0> }
	no_shadow
}
cylinder {
	<5.538804, 14.662297, 15.065356>,  <5.142426, 14.636880, 15.018040>, 0.100000
	pigment { color rgbt <1,0,0,0> }
	no_shadow
}

// particle -1
sphere {
	<5.538804, 14.662297, 15.065356> 0.100000
	pigment { color rgbt <1,0,0,0> }
	no_shadow
}
sphere {
	0, 1
	scale<0.080000,0.200000,0.300000>
	matrix <0.130978, -0.263316, -0.955777,
		-0.029585, 0.962615, -0.269254,
		0.990944, 0.063543, 0.118291,
		5.836087, 14.681360, 15.100843>
	pigment { color rgbt <0,1,1,0> }
	no_shadow
}
cylinder {
	<5.533225, 14.954004, 14.454363>,  <5.142426, 14.636880, 15.018040>, 0.130000
	pigment { color rgbt <1,0,0,0> }
	no_shadow
}

// nucleotide -1

// particle -1
sphere {
	<5.533225, 14.954004, 14.454363> 0.250000
	pigment { color rgbt <1,0,0,0> }
	no_shadow
}
cylinder {
	<5.770308, 14.679146, 14.622424>,  <5.912557, 14.514231, 14.723261>, 0.100000
	pigment { color rgbt <1,0,0,0> }
	no_shadow
}
cylinder {
	<5.770308, 14.679146, 14.622424>,  <5.533225, 14.954004, 14.454363>, 0.100000
	pigment { color rgbt <1,0,0,0> }
	no_shadow
}

// particle -1
sphere {
	<5.770308, 14.679146, 14.622424> 0.100000
	pigment { color rgbt <1,0,0,0> }
	no_shadow
}
sphere {
	0, 1
	scale<0.080000,0.200000,0.300000>
	matrix <0.110320, -0.447480, -0.887464,
		0.797827, 0.572357, -0.189419,
		0.592707, -0.687146, 0.420153,
		5.948120, 14.473002, 14.748470>
	pigment { color rgbt <0,1,1,0> }
	no_shadow
}
cylinder {
	<6.186485, 14.875424, 13.969361>,  <5.533225, 14.954004, 14.454363>, 0.130000
	pigment { color rgbt <1,0,0,0> }
	no_shadow
}

// nucleotide -1

// particle -1
sphere {
	<6.186485, 14.875424, 13.969361> 0.250000
	pigment { color rgbt <1,0,0,0> }
	no_shadow
}
cylinder {
	<6.164604, 14.528744, 14.167688>,  <6.151475, 14.320735, 14.286685>, 0.100000
	pigment { color rgbt <1,0,0,0> }
	no_shadow
}
cylinder {
	<6.164604, 14.528744, 14.167688>,  <6.186485, 14.875424, 13.969361>, 0.100000
	pigment { color rgbt <1,0,0,0> }
	no_shadow
}

// particle -1
sphere {
	<6.164604, 14.528744, 14.167688> 0.100000
	pigment { color rgbt <1,0,0,0> }
	no_shadow
}
sphere {
	0, 1
	scale<0.080000,0.200000,0.300000>
	matrix <0.223299, -0.494603, -0.839943,
		0.973214, 0.064769, 0.220590,
		-0.054702, -0.866702, 0.495818,
		6.148193, 14.268733, 14.316434>
	pigment { color rgbt <0,1,1,0> }
	no_shadow
}
cylinder {
	<6.467227, 14.475794, 13.430045>,  <6.186485, 14.875424, 13.969361>, 0.130000
	pigment { color rgbt <1,0,0,0> }
	no_shadow
}

// nucleotide -1

// particle -1
sphere {
	<6.467227, 14.475794, 13.430045> 0.250000
	pigment { color rgbt <1,0,0,0> }
	no_shadow
}
cylinder {
	<6.339661, 14.246557, 13.732001>,  <6.263121, 14.109015, 13.913176>, 0.100000
	pigment { color rgbt <1,0,0,0> }
	no_shadow
}
cylinder {
	<6.339661, 14.246557, 13.732001>,  <6.467227, 14.475794, 13.430045>, 0.100000
	pigment { color rgbt <1,0,0,0> }
	no_shadow
}

// particle -1
sphere {
	<6.339661, 14.246557, 13.732001> 0.100000
	pigment { color rgbt <1,0,0,0> }
	no_shadow
}
sphere {
	0, 1
	scale<0.080000,0.200000,0.300000>
	matrix <0.061367, -0.807295, -0.586948,
		0.945795, -0.140860, 0.292627,
		-0.318914, -0.573090, 0.754891,
		6.243987, 14.074630, 13.958468>
	pigment { color rgbt <0,1,1,0> }
	no_shadow
}
cylinder {
	<7.002495, 13.974320, 13.479234>,  <6.467227, 14.475794, 13.430045>, 0.130000
	pigment { color rgbt <1,0,0,0> }
	no_shadow
}

// nucleotide -1

// particle -1
sphere {
	<7.002495, 13.974320, 13.479234> 0.250000
	pigment { color rgbt <1,0,0,0> }
	no_shadow
}
cylinder {
	<6.672599, 13.820761, 13.645330>,  <6.474662, 13.728625, 13.744988>, 0.100000
	pigment { color rgbt <1,0,0,0> }
	no_shadow
}
cylinder {
	<6.672599, 13.820761, 13.645330>,  <7.002495, 13.974320, 13.479234>, 0.100000
	pigment { color rgbt <1,0,0,0> }
	no_shadow
}

// particle -1
sphere {
	<6.672599, 13.820761, 13.645330> 0.100000
	pigment { color rgbt <1,0,0,0> }
	no_shadow
}
sphere {
	0, 1
	scale<0.080000,0.200000,0.300000>
	matrix <0.181353, -0.875040, -0.448795,
		0.535645, -0.294834, 0.791302,
		-0.824740, -0.383900, 0.415241,
		6.425177, 13.705591, 13.769903>
	pigment { color rgbt <0,1,1,0> }
	no_shadow
}
cylinder {
	<7.121599, 13.206960, 13.735525>,  <7.002495, 13.974320, 13.479234>, 0.130000
	pigment { color rgbt <1,0,0,0> }
	no_shadow
}

// nucleotide -1

// particle -1
sphere {
	<7.121599, 13.206960, 13.735525> 0.250000
	pigment { color rgbt <1,0,0,0> }
	no_shadow
}
cylinder {
	<6.725974, 13.253135, 13.698805>,  <6.488598, 13.280840, 13.676772>, 0.100000
	pigment { color rgbt <1,0,0,0> }
	no_shadow
}
cylinder {
	<6.725974, 13.253135, 13.698805>,  <7.121599, 13.206960, 13.735525>, 0.100000
	pigment { color rgbt <1,0,0,0> }
	no_shadow
}

// particle -1
sphere {
	<6.725974, 13.253135, 13.698805> 0.100000
	pigment { color rgbt <1,0,0,0> }
	no_shadow
}
sphere {
	0, 1
	scale<0.080000,0.200000,0.300000>
	matrix <-0.033992, -0.784083, -0.619724,
		-0.143519, -0.609826, 0.779432,
		-0.989064, 0.115436, -0.091802,
		6.429255, 13.287766, 13.671265>
	pigment { color rgbt <0,1,1,0> }
	no_shadow
}
cylinder {
	<6.899243, 12.522245, 13.732212>,  <7.121599, 13.206960, 13.735525>, 0.130000
	pigment { color rgbt <1,0,0,0> }
	no_shadow
}

// nucleotide -1

// particle -1
sphere {
	<6.899243, 12.522245, 13.732212> 0.250000
	pigment { color rgbt <1,0,0,0> }
	no_shadow
}
cylinder {
	<6.583058, 12.692417, 13.555950>,  <6.393347, 12.794520, 13.450192>, 0.100000
	pigment { color rgbt <1,0,0,0> }
	no_shadow
}
cylinder {
	<6.583058, 12.692417, 13.555950>,  <6.899243, 12.522245, 13.732212>, 0.100000
	pigment { color rgbt <1,0,0,0> }
	no_shadow
}

// particle -1
sphere {
	<6.583058, 12.692417, 13.555950> 0.100000
	pigment { color rgbt <1,0,0,0> }
	no_shadow
}
sphere {
	0, 1
	scale<0.080000,0.200000,0.300000>
	matrix <-0.088300, -0.791061, -0.605331,
		-0.606110, -0.439583, 0.662871,
		-0.790464, 0.425429, -0.440655,
		6.345919, 12.820046, 13.423754>
	pigment { color rgbt <0,1,1,0> }
	no_shadow
}
cylinder {
	<6.379063, 11.996779, 13.521663>,  <6.899243, 12.522245, 13.732212>, 0.130000
	pigment { color rgbt <1,0,0,0> }
	no_shadow
}

// nucleotide -1

// particle -1
sphere {
	<6.379063, 11.996779, 13.521663> 0.250000
	pigment { color rgbt <1,0,0,0> }
	no_shadow
}
cylinder {
	<6.289272, 12.321290, 13.305721>,  <6.235397, 12.515996, 13.176157>, 0.100000
	pigment { color rgbt <1,0,0,0> }
	no_shadow
}
cylinder {
	<6.289272, 12.321290, 13.305721>,  <6.379063, 11.996779, 13.521663>, 0.100000
	pigment { color rgbt <1,0,0,0> }
	no_shadow
}

// particle -1
sphere {
	<6.289272, 12.321290, 13.305721> 0.100000
	pigment { color rgbt <1,0,0,0> }
	no_shadow
}
sphere {
	0, 1
	scale<0.080000,0.200000,0.300000>
	matrix <-0.163944, -0.577536, -0.799734,
		-0.960589, -0.091017, 0.262648,
		-0.224478, 0.811275, -0.539853,
		6.221928, 12.564672, 13.143765>
	pigment { color rgbt <0,1,1,0> }
	no_shadow
}
cylinder {
	<5.764087, 11.734044, 13.093138>,  <6.379063, 11.996779, 13.521663>, 0.130000
	pigment { color rgbt <1,0,0,0> }
	no_shadow
}

// nucleotide -1

// particle -1
sphere {
	<5.764087, 11.734044, 13.093138> 0.250000
	pigment { color rgbt <1,0,0,0> }
	no_shadow
}
cylinder {
	<5.902143, 12.059044, 12.905212>,  <5.984976, 12.254044, 12.792458>, 0.100000
	pigment { color rgbt <1,0,0,0> }
	no_shadow
}
cylinder {
	<5.902143, 12.059044, 12.905212>,  <5.764087, 11.734044, 13.093138>, 0.100000
	pigment { color rgbt <1,0,0,0> }
	no_shadow
}

// particle -1
sphere {
	<5.902143, 12.059044, 12.905212> 0.100000
	pigment { color rgbt <1,0,0,0> }
	no_shadow
}
sphere {
	0, 1
	scale<0.080000,0.200000,0.300000>
	matrix <-0.148508, -0.446989, -0.882125,
		-0.926728, 0.374227, -0.033611,
		0.345139, 0.812499, -0.469813,
		6.005684, 12.302794, 12.764269>
	pigment { color rgbt <0,1,1,0> }
	no_shadow
}
cylinder {
	<5.320392, 11.866247, 12.525281>,  <5.764087, 11.734044, 13.093138>, 0.130000
	pigment { color rgbt <1,0,0,0> }
	no_shadow
}

// nucleotide -1

// particle -1
sphere {
	<5.320392, 11.866247, 12.525281> 0.250000
	pigment { color rgbt <1,0,0,0> }
	no_shadow
}
cylinder {
	<5.685910, 11.997587, 12.429643>,  <5.905220, 12.076391, 12.372259>, 0.100000
	pigment { color rgbt <1,0,0,0> }
	no_shadow
}
cylinder {
	<5.685910, 11.997587, 12.429643>,  <5.320392, 11.866247, 12.525281>, 0.100000
	pigment { color rgbt <1,0,0,0> }
	no_shadow
}

// particle -1
sphere {
	<5.685910, 11.997587, 12.429643> 0.100000
	pigment { color rgbt <1,0,0,0> }
	no_shadow
}
sphere {
	0, 1
	scale<0.080000,0.200000,0.300000>
	matrix <-0.094456, -0.400727, -0.911316,
		-0.395044, 0.855339, -0.335167,
		0.913794, 0.328351, -0.239097,
		5.960048, 12.096092, 12.357914>
	pigment { color rgbt <0,1,1,0> }
	no_shadow
}
cylinder {
	<5.325956, 11.802723, 11.791327>,  <5.320392, 11.866247, 12.525281>, 0.130000
	pigment { color rgbt <1,0,0,0> }
	no_shadow
}

// nucleotide -1

// particle -1
sphere {
	<5.325956, 11.802723, 11.791327> 0.250000
	pigment { color rgbt <1,0,0,0> }
	no_shadow
}
cylinder {
	<5.715793, 11.853277, 11.865298>,  <5.949695, 11.883610, 11.909680>, 0.100000
	pigment { color rgbt <1,0,0,0> }
	no_shadow
}
cylinder {
	<5.715793, 11.853277, 11.865298>,  <5.325956, 11.802723, 11.791327>, 0.100000
	pigment { color rgbt <1,0,0,0> }
	no_shadow
}

// particle -1
sphere {
	<5.715793, 11.853277, 11.865298> 0.100000
	pigment { color rgbt <1,0,0,0> }
	no_shadow
}
sphere {
	0, 1
	scale<0.080000,0.200000,0.300000>
	matrix <0.223891, -0.525321, -0.820920,
		-0.006606, 0.841466, -0.540270,
		0.974592, 0.126385, 0.184926,
		6.008170, 11.891192, 11.920776>
	pigment { color rgbt <0,1,1,0> }
	no_shadow
}
cylinder {
	<5.633560, 11.909755, 11.185668>,  <5.325956, 11.802723, 11.791327>, 0.130000
	pigment { color rgbt <1,0,0,0> }
	no_shadow
}

// nucleotide -1

// particle -1
sphere {
	<5.633560, 11.909755, 11.185668> 0.250000
	pigment { color rgbt <1,0,0,0> }
	no_shadow
}
cylinder {
	<5.947816, 11.813373, 11.413602>,  <6.136369, 11.755544, 11.550363>, 0.100000
	pigment { color rgbt <1,0,0,0> }
	no_shadow
}
cylinder {
	<5.947816, 11.813373, 11.413602>,  <5.633560, 11.909755, 11.185668>, 0.100000
	pigment { color rgbt <1,0,0,0> }
	no_shadow
}

// particle -1
sphere {
	<5.947816, 11.813373, 11.413602> 0.100000
	pigment { color rgbt <1,0,0,0> }
	no_shadow
}
sphere {
	0, 1
	scale<0.080000,0.200000,0.300000>
	matrix <0.386514, -0.528029, -0.756169,
		0.483092, 0.814326, -0.321708,
		0.785639, -0.240954, 0.569835,
		6.183507, 11.741086, 11.584553>
	pigment { color rgbt <0,1,1,0> }
	no_shadow
}
cylinder {
	<6.359952, 11.974661, 10.788980>,  <5.633560, 11.909755, 11.185668>, 0.130000
	pigment { color rgbt <1,0,0,0> }
	no_shadow
}

// nucleotide -1

// particle -1
sphere {
	<6.359952, 11.974661, 10.788980> 0.250000
	pigment { color rgbt <1,0,0,0> }
	no_shadow
}
cylinder {
	<6.404358, 11.735666, 11.106644>,  <6.431002, 11.592270, 11.297241>, 0.100000
	pigment { color rgbt <1,0,0,0> }
	no_shadow
}
cylinder {
	<6.404358, 11.735666, 11.106644>,  <6.359952, 11.974661, 10.788980>, 0.100000
	pigment { color rgbt <1,0,0,0> }
	no_shadow
}

// particle -1
sphere {
	<6.404358, 11.735666, 11.106644> 0.100000
	pigment { color rgbt <1,0,0,0> }
	no_shadow
}
sphere {
	0, 1
	scale<0.080000,0.200000,0.300000>
	matrix <0.476179, -0.669418, -0.570205,
		0.872313, 0.441463, 0.210194,
		0.111016, -0.597487, 0.794157,
		6.437663, 11.556420, 11.344891>
	pigment { color rgbt <0,1,1,0> }
	no_shadow
}
cylinder {
	<6.980165, 11.555943, 10.559540>,  <6.359952, 11.974661, 10.788980>, 0.130000
	pigment { color rgbt <1,0,0,0> }
	no_shadow
}

// nucleotide -1

// particle -1
sphere {
	<6.980165, 11.555943, 10.559540> 0.250000
	pigment { color rgbt <1,0,0,0> }
	no_shadow
}
cylinder {
	<6.807007, 11.353237, 10.857745>,  <6.703113, 11.231613, 11.036669>, 0.100000
	pigment { color rgbt <1,0,0,0> }
	no_shadow
}
cylinder {
	<6.807007, 11.353237, 10.857745>,  <6.980165, 11.555943, 10.559540>, 0.100000
	pigment { color rgbt <1,0,0,0> }
	no_shadow
}

// particle -1
sphere {
	<6.807007, 11.353237, 10.857745> 0.100000
	pigment { color rgbt <1,0,0,0> }
	no_shadow
}
sphere {
	0, 1
	scale<0.080000,0.200000,0.300000>
	matrix <0.309922, -0.860275, -0.404814,
		0.846493, 0.055809, 0.529467,
		-0.432895, -0.506766, 0.745513,
		6.677139, 11.201207, 11.081399>
	pigment { color rgbt <0,1,1,0> }
	no_shadow
}
cylinder {
	<7.563816, 11.038975, 10.754912>,  <6.980165, 11.555943, 10.559540>, 0.130000
	pigment { color rgbt <1,0,0,0> }
	no_shadow
}

// nucleotide -1

// particle -1
sphere {
	<7.563816, 11.038975, 10.754912> 0.250000
	pigment { color rgbt <1,0,0,0> }
	no_shadow
}
cylinder {
	<7.193958, 10.919531, 10.849455>,  <6.972044, 10.847865, 10.906180>, 0.100000
	pigment { color rgbt <1,0,0,0> }
	no_shadow
}
cylinder {
	<7.193958, 10.919531, 10.849455>,  <7.563816, 11.038975, 10.754912>, 0.100000
	pigment { color rgbt <1,0,0,0> }
	no_shadow
}

// particle -1
sphere {
	<7.193958, 10.919531, 10.849455> 0.100000
	pigment { color rgbt <1,0,0,0> }
	no_shadow
}
sphere {
	0, 1
	scale<0.080000,0.200000,0.300000>
	matrix <0.241186, -0.939469, -0.243369,
		0.294722, -0.168023, 0.940695,
		-0.924645, -0.298609, 0.236358,
		6.916565, 10.829948, 10.920362>
	pigment { color rgbt <0,1,1,0> }
	no_shadow
}
cylinder {
	<7.699153, 10.325498, 11.056632>,  <7.563816, 11.038975, 10.754912>, 0.130000
	pigment { color rgbt <1,0,0,0> }
	no_shadow
}

// nucleotide -1

// particle -1
sphere {
	<7.699153, 10.325498, 11.056632> 0.250000
	pigment { color rgbt <1,0,0,0> }
	no_shadow
}
cylinder {
	<7.303943, 10.321873, 10.995019>,  <7.066817, 10.319698, 10.958051>, 0.100000
	pigment { color rgbt <1,0,0,0> }
	no_shadow
}
cylinder {
	<7.303943, 10.321873, 10.995019>,  <7.699153, 10.325498, 11.056632>, 0.100000
	pigment { color rgbt <1,0,0,0> }
	no_shadow
}

// particle -1
sphere {
	<7.303943, 10.321873, 10.995019> 0.100000
	pigment { color rgbt <1,0,0,0> }
	no_shadow
}
sphere {
	0, 1
	scale<0.080000,0.200000,0.300000>
	matrix <0.015950, -0.998924, -0.043543,
		-0.153473, -0.045478, 0.987106,
		-0.988024, -0.009061, -0.154033,
		7.007536, 10.319155, 10.948809>
	pigment { color rgbt <0,1,1,0> }
	no_shadow
}
cylinder {
	<7.455158, 9.795777, 11.478043>,  <7.699153, 10.325498, 11.056632>, 0.130000
	pigment { color rgbt <1,0,0,0> }
	no_shadow
}

// nucleotide -1

// particle -1
sphere {
	<7.455158, 9.795777, 11.478043> 0.250000
	pigment { color rgbt <1,0,0,0> }
	no_shadow
}
cylinder {
	<7.173124, 9.850283, 11.199679>,  <7.003903, 9.882986, 11.032661>, 0.100000
	pigment { color rgbt <1,0,0,0> }
	no_shadow
}
cylinder {
	<7.173124, 9.850283, 11.199679>,  <7.455158, 9.795777, 11.478043>, 0.100000
	pigment { color rgbt <1,0,0,0> }
	no_shadow
}

// particle -1
sphere {
	<7.173124, 9.850283, 11.199679> 0.100000
	pigment { color rgbt <1,0,0,0> }
	no_shadow
}
sphere {
	0, 1
	scale<0.080000,0.200000,0.300000>
	matrix <-0.144976, -0.988335, -0.046635,
		-0.694146, 0.068009, 0.716615,
		-0.705084, 0.136263, -0.695908,
		6.961598, 9.891162, 10.990907>
	pigment { color rgbt <0,1,1,0> }
	no_shadow
}
cylinder {
	<6.773675, 9.508984, 11.779189>,  <7.455158, 9.795777, 11.478043>, 0.130000
	pigment { color rgbt <1,0,0,0> }
	no_shadow
}

// nucleotide -1

// particle -1
sphere {
	<6.773675, 9.508984, 11.779189> 0.250000
	pigment { color rgbt <1,0,0,0> }
	no_shadow
}
cylinder {
	<6.758722, 9.497737, 11.379627>,  <6.749750, 9.490989, 11.139890>, 0.100000
	pigment { color rgbt <1,0,0,0> }
	no_shadow
}
cylinder {
	<6.758722, 9.497737, 11.379627>,  <6.773675, 9.508984, 11.779189>, 0.100000
	pigment { color rgbt <1,0,0,0> }
	no_shadow
}

// particle -1
sphere {
	<6.758722, 9.497737, 11.379627> 0.100000
	pigment { color rgbt <1,0,0,0> }
	no_shadow
}
sphere {
	0, 1
	scale<0.080000,0.200000,0.300000>
	matrix <-0.207457, -0.977608, 0.035282,
		-0.977530, 0.208549, 0.030713,
		-0.037383, -0.028118, -0.998905,
		6.747508, 9.489302, 11.079956>
	pigment { color rgbt <0,1,1,0> }
	no_shadow
}
cylinder {
	<6.211936, 9.139962, 11.650087>,  <6.773675, 9.508984, 11.779189>, 0.130000
	pigment { color rgbt <1,0,0,0> }
	no_shadow
}

// nucleotide -1

// particle -1
sphere {
	<6.211936, 9.139962, 11.650087> 0.250000
	pigment { color rgbt <1,0,0,0> }
	no_shadow
}
cylinder {
	<6.406770, 9.114262, 11.301692>,  <6.523670, 9.098842, 11.092655>, 0.100000
	pigment { color rgbt <1,0,0,0> }
	no_shadow
}
cylinder {
	<6.406770, 9.114262, 11.301692>,  <6.211936, 9.139962, 11.650087>, 0.100000
	pigment { color rgbt <1,0,0,0> }
	no_shadow
}

// particle -1
sphere {
	<6.406770, 9.114262, 11.301692> 0.100000
	pigment { color rgbt <1,0,0,0> }
	no_shadow
}
sphere {
	0, 1
	scale<0.080000,0.200000,0.300000>
	matrix <-0.090013, -0.995672, 0.023110,
		-0.868704, 0.067143, -0.490760,
		0.487084, -0.064251, -0.870988,
		6.552896, 9.094986, 11.040396>
	pigment { color rgbt <0,1,1,0> }
	no_shadow
}
cylinder {
	<5.945261, 8.568623, 11.476415>,  <6.211936, 9.139962, 11.650087>, 0.130000
	pigment { color rgbt <1,0,0,0> }
	no_shadow
}

// nucleotide -1

// particle -1
sphere {
	<5.945261, 8.568623, 11.476415> 0.250000
	pigment { color rgbt <1,0,0,0> }
	no_shadow
}
cylinder {
	<6.242355, 8.607480, 11.211414>,  <6.420612, 8.630795, 11.052414>, 0.100000
	pigment { color rgbt <1,0,0,0> }
	no_shadow
}
cylinder {
	<6.242355, 8.607480, 11.211414>,  <5.945261, 8.568623, 11.476415>, 0.100000
	pigment { color rgbt <1,0,0,0> }
	no_shadow
}

// particle -1
sphere {
	<6.242355, 8.607480, 11.211414> 0.100000
	pigment { color rgbt <1,0,0,0> }
	no_shadow
}
sphere {
	0, 1
	scale<0.080000,0.200000,0.300000>
	matrix <0.040532, -0.994128, -0.100328,
		-0.668358, 0.047664, -0.742311,
		0.742735, 0.097143, -0.662502,
		6.465176, 8.636622, 11.012664>
	pigment { color rgbt <0,1,1,0> }
	no_shadow
}
cylinder {
	<5.693963, 8.222575, 10.931048>,  <5.945261, 8.568623, 11.476415>, 0.130000
	pigment { color rgbt <1,0,0,0> }
	no_shadow
}

// nucleotide -1

// particle -1
sphere {
	<5.693963, 8.222575, 10.931048> 0.250000
	pigment { color rgbt <1,0,0,0> }
	no_shadow
}
cylinder {
	<6.089899, 8.237796, 10.876247>,  <6.327460, 8.246928, 10.843367>, 0.100000
	pigment { color rgbt <1,0,0,0> }
	no_shadow
}
cylinder {
	<6.089899, 8.237796, 10.876247>,  <5.693963, 8.222575, 10.931048>, 0.100000
	pigment { color rgbt <1,0,0,0> }
	no_shadow
}

// particle -1
sphere {
	<6.089899, 8.237796, 10.876247> 0.100000
	pigment { color rgbt <1,0,0,0> }
	no_shadow
}
sphere {
	0, 1
	scale<0.080000,0.200000,0.300000>
	matrix <0.013056, -0.983780, -0.178903,
		-0.141588, 0.175296, -0.974281,
		0.989839, 0.038051, -0.137002,
		6.386850, 8.249211, 10.835147>
	pigment { color rgbt <0,1,1,0> }
	no_shadow
}
cylinder {
	<5.804328, 7.949055, 10.355229>,  <5.693963, 8.222575, 10.931048>, 0.130000
	pigment { color rgbt <1,0,0,0> }
	no_shadow
}

// nucleotide -1

// particle -1
sphere {
	<5.804328, 7.949055, 10.355229> 0.250000
	pigment { color rgbt <1,0,0,0> }
	no_shadow
}
cylinder {
	<6.154933, 7.930052, 10.546842>,  <6.365296, 7.918651, 10.661809>, 0.100000
	pigment { color rgbt <1,0,0,0> }
	no_shadow
}
cylinder {
	<6.154933, 7.930052, 10.546842>,  <5.804328, 7.949055, 10.355229>, 0.100000
	pigment { color rgbt <1,0,0,0> }
	no_shadow
}

// particle -1
sphere {
	<6.154933, 7.930052, 10.546842> 0.100000
	pigment { color rgbt <1,0,0,0> }
	no_shadow
}
sphere {
	0, 1
	scale<0.080000,0.200000,0.300000>
	matrix <0.046080, -0.982268, -0.181730,
		0.479171, 0.181362, -0.858780,
		0.876511, -0.047507, 0.479032,
		6.417886, 7.915800, 10.690551>
	pigment { color rgbt <0,1,1,0> }
	no_shadow
}
cylinder {
	<6.354117, 7.494366, 9.926229>,  <5.804328, 7.949055, 10.355229>, 0.130000
	pigment { color rgbt <1,0,0,0> }
	no_shadow
}

// nucleotide -1

// particle -1
sphere {
	<6.354117, 7.494366, 9.926229> 0.250000
	pigment { color rgbt <1,0,0,0> }
	no_shadow
}
cylinder {
	<6.474635, 7.494674, 10.307641>,  <6.546946, 7.494859, 10.536489>, 0.100000
	pigment { color rgbt <1,0,0,0> }
	no_shadow
}
cylinder {
	<6.474635, 7.494674, 10.307641>,  <6.354117, 7.494366, 9.926229>, 0.100000
	pigment { color rgbt <1,0,0,0> }
	no_shadow
}

// particle -1
sphere {
	<6.474635, 7.494674, 10.307641> 0.100000
	pigment { color rgbt <1,0,0,0> }
	no_shadow
}
sphere {
	0, 1
	scale<0.080000,0.200000,0.300000>
	matrix <0.289893, -0.952739, -0.090830,
		0.908396, 0.303788, -0.287279,
		0.301295, 0.000771, 0.953531,
		6.565024, 7.494905, 10.593700>
	pigment { color rgbt <0,1,1,0> }
	no_shadow
}
cylinder {
	<6.974480, 7.134425, 9.900909>,  <6.354117, 7.494366, 9.926229>, 0.130000
	pigment { color rgbt <1,0,0,0> }
	no_shadow
}

// nucleotide -1

// particle -1
sphere {
	<6.974480, 7.134425, 9.900909> 0.250000
	pigment { color rgbt <1,0,0,0> }
	no_shadow
}
cylinder {
	<6.839895, 7.141264, 10.277526>,  <6.759144, 7.145368, 10.503496>, 0.100000
	pigment { color rgbt <1,0,0,0> }
	no_shadow
}
cylinder {
	<6.839895, 7.141264, 10.277526>,  <6.974480, 7.134425, 9.900909>, 0.100000
	pigment { color rgbt <1,0,0,0> }
	no_shadow
}

// particle -1
sphere {
	<6.839895, 7.141264, 10.277526> 0.100000
	pigment { color rgbt <1,0,0,0> }
	no_shadow
}
sphere {
	0, 1
	scale<0.080000,0.200000,0.300000>
	matrix <0.127964, -0.989731, 0.063701,
		0.932962, 0.141917, 0.330820,
		-0.336463, 0.017098, 0.941542,
		6.738956, 7.146393, 10.559988>
	pigment { color rgbt <0,1,1,0> }
	no_shadow
}
cylinder {
	<7.506003, 6.720919, 10.388673>,  <6.974480, 7.134425, 9.900909>, 0.130000
	pigment { color rgbt <1,0,0,0> }
	no_shadow
}

// nucleotide -1

// particle -1
sphere {
	<7.506003, 6.720919, 10.388673> 0.250000
	pigment { color rgbt <1,0,0,0> }
	no_shadow
}
cylinder {
	<7.137089, 6.740739, 10.542001>,  <6.915740, 6.752632, 10.633998>, 0.100000
	pigment { color rgbt <1,0,0,0> }
	no_shadow
}
cylinder {
	<7.137089, 6.740739, 10.542001>,  <7.506003, 6.720919, 10.388673>, 0.100000
	pigment { color rgbt <1,0,0,0> }
	no_shadow
}

// particle -1
sphere {
	<7.137089, 6.740739, 10.542001> 0.100000
	pigment { color rgbt <1,0,0,0> }
	no_shadow
}
sphere {
	0, 1
	scale<0.080000,0.200000,0.300000>
	matrix <0.009994, -0.988360, 0.151807,
		0.386380, 0.143840, 0.911055,
		-0.922286, 0.049550, 0.383320,
		6.860403, 6.755604, 10.656997>
	pigment { color rgbt <0,1,1,0> }
	no_shadow
}
cylinder {
	<7.518806, 6.390931, 11.009472>,  <7.506003, 6.720919, 10.388673>, 0.130000
	pigment { color rgbt <1,0,0,0> }
	no_shadow
}

// nucleotide -1

// particle -1
sphere {
	<7.518806, 6.390931, 11.009472> 0.250000
	pigment { color rgbt <1,0,0,0> }
	no_shadow
}
cylinder {
	<7.136884, 6.386768, 10.890653>,  <6.907731, 6.384271, 10.819361>, 0.100000
	pigment { color rgbt <1,0,0,0> }
	no_shadow
}
cylinder {
	<7.136884, 6.386768, 10.890653>,  <7.518806, 6.390931, 11.009472>, 0.100000
	pigment { color rgbt <1,0,0,0> }
	no_shadow
}

// particle -1
sphere {
	<7.136884, 6.386768, 10.890653> 0.100000
	pigment { color rgbt <1,0,0,0> }
	no_shadow
}
sphere {
	0, 1
	scale<0.080000,0.200000,0.300000>
	matrix <-0.062365, -0.970126, 0.234447,
		-0.290614, 0.242377, 0.925633,
		-0.954806, -0.010406, -0.297048,
		6.850442, 6.383646, 10.801538>
	pigment { color rgbt <0,1,1,0> }
	no_shadow
}
cylinder {
	<7.096796, 6.139623, 11.501172>,  <7.518806, 6.390931, 11.009472>, 0.130000
	pigment { color rgbt <1,0,0,0> }
	no_shadow
}

// nucleotide -1

// particle -1
sphere {
	<7.096796, 6.139623, 11.501172> 0.250000
	pigment { color rgbt <1,0,0,0> }
	no_shadow
}
cylinder {
	<6.924799, 6.075809, 11.145721>,  <6.821601, 6.037521, 10.932451>, 0.100000
	pigment { color rgbt <1,0,0,0> }
	no_shadow
}
cylinder {
	<6.924799, 6.075809, 11.145721>,  <7.096796, 6.139623, 11.501172>, 0.100000
	pigment { color rgbt <1,0,0,0> }
	no_shadow
}

// particle -1
sphere {
	<6.924799, 6.075809, 11.145721> 0.100000
	pigment { color rgbt <1,0,0,0> }
	no_shadow
}
sphere {
	0, 1
	scale<0.080000,0.200000,0.300000>
	matrix <-0.134073, -0.962067, 0.237594,
		-0.892822, 0.221304, 0.392293,
		-0.429993, -0.159533, -0.888626,
		6.795801, 6.027949, 10.879133>
	pigment { color rgbt <0,1,1,0> }
	no_shadow
}
cylinder {
	<6.362109, 5.870039, 11.610922>,  <7.096796, 6.139623, 11.501172>, 0.130000
	pigment { color rgbt <1,0,0,0> }
	no_shadow
}

// nucleotide -1

// particle -1
sphere {
	<6.362109, 5.870039, 11.610922> 0.250000
	pigment { color rgbt <1,0,0,0> }
	no_shadow
}
cylinder {
	<6.538381, 5.755327, 11.270673>,  <6.644144, 5.686499, 11.066524>, 0.100000
	pigment { color rgbt <1,0,0,0> }
	no_shadow
}
cylinder {
	<6.538381, 5.755327, 11.270673>,  <6.362109, 5.870039, 11.610922>, 0.100000
	pigment { color rgbt <1,0,0,0> }
	no_shadow
}

// particle -1
sphere {
	<6.538381, 5.755327, 11.270673> 0.100000
	pigment { color rgbt <1,0,0,0> }
	no_shadow
}
sphere {
	0, 1
	scale<0.080000,0.200000,0.300000>
	matrix <-0.213059, -0.953932, 0.211233,
		-0.872014, 0.088147, -0.481479,
		0.440679, -0.286782, -0.850622,
		6.670584, 5.669292, 11.015486>
	pigment { color rgbt <0,1,1,0> }
	no_shadow
}
cylinder {
	<6.455287, 5.166325, 11.517086>,  <6.362109, 5.870039, 11.610922>, 0.130000
	pigment { color rgbt <1,0,0,0> }
	no_shadow
}

// nucleotide -1

// particle -1
sphere {
	<6.455287, 5.166325, 11.517086> 0.250000
	pigment { color rgbt <1,0,0,0> }
	no_shadow
}
cylinder {
	<6.624594, 5.427217, 11.768622>,  <6.726178, 5.583753, 11.919544>, 0.100000
	pigment { color rgbt <1,0,0,0> }
	no_shadow
}
cylinder {
	<6.624594, 5.427217, 11.768622>,  <6.455287, 5.166325, 11.517086>, 0.100000
	pigment { color rgbt <1,0,0,0> }
	no_shadow
}

// particle -1
sphere {
	<6.624594, 5.427217, 11.768622> 0.100000
	pigment { color rgbt <1,0,0,0> }
	no_shadow
}
sphere {
	0, 1
	scale<0.080000,0.200000,0.300000>
	matrix <-0.529418, -0.385197, 0.755870,
		0.735230, -0.652854, 0.182262,
		0.423266, 0.652231, 0.628840,
		6.751574, 5.622887, 11.957274>
	pigment { color rgbt <0,1,1,0> }
	no_shadow
}
cylinder {
	<6.729501, 4.564517, 11.970360>,  <6.455287, 5.166325, 11.517086>, 0.130000
	pigment { color rgbt <1,0,0,0> }
	no_shadow
}

// nucleotide -1

// particle -1
sphere {
	<6.729501, 4.564517, 11.970360> 0.250000
	pigment { color rgbt <1,0,0,0> }
	no_shadow
}
cylinder {
	<6.509717, 4.583070, 11.636666>,  <6.377847, 4.594202, 11.436450>, 0.100000
	pigment { color rgbt <1,0,0,0> }
	no_shadow
}
cylinder {
	<6.509717, 4.583070, 11.636666>,  <6.729501, 4.564517, 11.970360>, 0.100000
	pigment { color rgbt <1,0,0,0> }
	no_shadow
}

// particle -1
sphere {
	<6.509717, 4.583070, 11.636666> 0.100000
	pigment { color rgbt <1,0,0,0> }
	no_shadow
}
sphere {
	0, 1
	scale<0.080000,0.200000,0.300000>
	matrix <0.539460, -0.742756, -0.396606,
		-0.638026, -0.667954, 0.383093,
		-0.549459, 0.046382, -0.834233,
		6.344880, 4.596985, 11.386396>
	pigment { color rgbt <0,1,1,0> }
	no_shadow
}
cylinder {
	<7.325679, 4.646583, 12.312201>,  <6.729501, 4.564517, 11.970360>, 0.130000
	pigment { color rgbt <1,0,0,0> }
	no_shadow
}

// nucleotide -1

// particle -1
sphere {
	<7.325679, 4.646583, 12.312201> 0.250000
	pigment { color rgbt <1,0,0,0> }
	no_shadow
}
cylinder {
	<7.482523, 4.680876, 12.678568>,  <7.576629, 4.701452, 12.898388>, 0.100000
	pigment { color rgbt <1,0,0,0> }
	no_shadow
}
cylinder {
	<7.482523, 4.680876, 12.678568>,  <7.325679, 4.646583, 12.312201>, 0.100000
	pigment { color rgbt <1,0,0,0> }
	no_shadow
}

// particle -1
sphere {
	<7.482523, 4.680876, 12.678568> 0.100000
	pigment { color rgbt <1,0,0,0> }
	no_shadow
}
sphere {
	0, 1
	scale<0.080000,0.200000,0.300000>
	matrix <-0.675445, 0.702763, 0.223380,
		-0.624520, -0.706239, 0.333468,
		0.392109, 0.085734, 0.915915,
		7.600156, 4.706596, 12.953342>
	pigment { color rgbt <0,1,1,0> }
	no_shadow
}
cylinder {
	<6.780335, 4.606023, 12.837649>,  <7.325679, 4.646583, 12.312201>, 0.130000
	pigment { color rgbt <1,0,0,0> }
	no_shadow
}

// nucleotide -1

// particle -1
sphere {
	<6.780335, 4.606023, 12.837649> 0.250000
	pigment { color rgbt <1,0,0,0> }
	no_shadow
}
cylinder {
	<7.073566, 4.834903, 12.984719>,  <7.249505, 4.972231, 13.072961>, 0.100000
	pigment { color rgbt <1,0,0,0> }
	no_shadow
}
cylinder {
	<7.073566, 4.834903, 12.984719>,  <6.780335, 4.606023, 12.837649>, 0.100000
	pigment { color rgbt <1,0,0,0> }
	no_shadow
}

// particle -1
sphere {
	<7.073566, 4.834903, 12.984719> 0.100000
	pigment { color rgbt <1,0,0,0> }
	no_shadow
}
sphere {
	0, 1
	scale<0.080000,0.200000,0.300000>
	matrix <-0.677451, 0.662364, 0.319898,
		-0.060488, -0.483591, 0.873201,
		0.733077, 0.572201, 0.367674,
		7.293489, 5.006564, 13.095021>
	pigment { color rgbt <0,1,1,0> }
	no_shadow
}
cylinder {
	<6.593934, 4.754895, 13.560121>,  <6.780335, 4.606023, 12.837649>, 0.130000
	pigment { color rgbt <1,0,0,0> }
	no_shadow
}

// nucleotide -1

// particle -1
sphere {
	<6.593934, 4.754895, 13.560121> 0.250000
	pigment { color rgbt <1,0,0,0> }
	no_shadow
}
cylinder {
	<6.829099, 5.054370, 13.437597>,  <6.970198, 5.234056, 13.364083>, 0.100000
	pigment { color rgbt <1,0,0,0> }
	no_shadow
}
cylinder {
	<6.829099, 5.054370, 13.437597>,  <6.593934, 4.754895, 13.560121>, 0.100000
	pigment { color rgbt <1,0,0,0> }
	no_shadow
}

// particle -1
sphere {
	<6.829099, 5.054370, 13.437597> 0.100000
	pigment { color rgbt <1,0,0,0> }
	no_shadow
}
sphere {
	0, 1
	scale<0.080000,0.200000,0.300000>
	matrix <-0.667037, 0.662908, 0.340023,
		0.457626, 0.004416, 0.889134,
		0.587913, 0.748688, -0.306309,
		7.005473, 5.278977, 13.345705>
	pigment { color rgbt <0,1,1,0> }
	no_shadow
}
cylinder {
	<6.502460, 5.102217, 14.103664>,  <6.593934, 4.754895, 13.560121>, 0.130000
	pigment { color rgbt <1,0,0,0> }
	no_shadow
}

// nucleotide -1

// particle -1
sphere {
	<6.502460, 5.102217, 14.103664> 0.250000
	pigment { color rgbt <1,0,0,0> }
	no_shadow
}
cylinder {
	<6.593015, 5.270110, 13.752080>,  <6.647348, 5.370846, 13.541129>, 0.100000
	pigment { color rgbt <1,0,0,0> }
	no_shadow
}
cylinder {
	<6.593015, 5.270110, 13.752080>,  <6.502460, 5.102217, 14.103664>, 0.100000
	pigment { color rgbt <1,0,0,0> }
	no_shadow
}

// particle -1
sphere {
	<6.593015, 5.270110, 13.752080> 0.100000
	pigment { color rgbt <1,0,0,0> }
	no_shadow
}
sphere {
	0, 1
	scale<0.080000,0.200000,0.300000>
	matrix <-0.437684, 0.849991, 0.293168,
		0.870161, 0.318337, 0.376140,
		0.226390, 0.419734, -0.878960,
		6.660932, 5.396030, 13.488392>
	pigment { color rgbt <0,1,1,0> }
	no_shadow
}
cylinder {
	<6.869328, 5.585714, 14.200114>,  <6.502460, 5.102217, 14.103664>, 0.130000
	pigment { color rgbt <1,0,0,0> }
	no_shadow
}

// nucleotide -1

// particle -1
sphere {
	<6.869328, 5.585714, 14.200114> 0.250000
	pigment { color rgbt <1,0,0,0> }
	no_shadow
}
cylinder {
	<6.662790, 5.669044, 13.867852>,  <6.538867, 5.719042, 13.668495>, 0.100000
	pigment { color rgbt <1,0,0,0> }
	no_shadow
}
cylinder {
	<6.662790, 5.669044, 13.867852>,  <6.869328, 5.585714, 14.200114>, 0.100000
	pigment { color rgbt <1,0,0,0> }
	no_shadow
}

// particle -1
sphere {
	<6.662790, 5.669044, 13.867852> 0.100000
	pigment { color rgbt <1,0,0,0> }
	no_shadow
}
sphere {
	0, 1
	scale<0.080000,0.200000,0.300000>
	matrix <-0.312083, 0.857487, 0.409048,
		0.797491, 0.470443, -0.377745,
		-0.516346, 0.208324, -0.830655,
		6.507886, 5.731541, 13.618655>
	pigment { color rgbt <0,1,1,0> }
	no_shadow
}
cylinder {
	<6.957201, 6.323344, 14.092308>,  <6.869328, 5.585714, 14.200114>, 0.130000
	pigment { color rgbt <1,0,0,0> }
	no_shadow
}

// nucleotide -1

// particle -1
sphere {
	<6.957201, 6.323344, 14.092308> 0.250000
	pigment { color rgbt <1,0,0,0> }
	no_shadow
}
cylinder {
	<6.626025, 6.220074, 13.893165>,  <6.427320, 6.158112, 13.773679>, 0.100000
	pigment { color rgbt <1,0,0,0> }
	no_shadow
}
cylinder {
	<6.626025, 6.220074, 13.893165>,  <6.957201, 6.323344, 14.092308>, 0.100000
	pigment { color rgbt <1,0,0,0> }
	no_shadow
}

// particle -1
sphere {
	<6.626025, 6.220074, 13.893165> 0.100000
	pigment { color rgbt <1,0,0,0> }
	no_shadow
}
sphere {
	0, 1
	scale<0.080000,0.200000,0.300000>
	matrix <-0.490488, 0.763773, 0.419611,
		0.271918, 0.591606, -0.758988,
		-0.827939, -0.258175, -0.497859,
		6.377644, 6.142622, 13.743807>
	pigment { color rgbt <0,1,1,0> }
	no_shadow
}
cylinder {
	<6.823865, 6.930700, 13.821691>,  <6.957201, 6.323344, 14.092308>, 0.130000
	pigment { color rgbt <1,0,0,0> }
	no_shadow
}

// nucleotide -1

// particle -1
sphere {
	<6.823865, 6.930700, 13.821691> 0.250000
	pigment { color rgbt <1,0,0,0> }
	no_shadow
}
cylinder {
	<6.500067, 6.697014, 13.845047>,  <6.305788, 6.556803, 13.859061>, 0.100000
	pigment { color rgbt <1,0,0,0> }
	no_shadow
}
cylinder {
	<6.500067, 6.697014, 13.845047>,  <6.823865, 6.930700, 13.821691>, 0.100000
	pigment { color rgbt <1,0,0,0> }
	no_shadow
}

// particle -1
sphere {
	<6.500067, 6.697014, 13.845047> 0.100000
	pigment { color rgbt <1,0,0,0> }
	no_shadow
}
sphere {
	0, 1
	scale<0.080000,0.200000,0.300000>
	matrix <-0.545903, 0.785539, 0.291407,
		-0.216113, 0.204017, -0.954815,
		-0.809497, -0.584213, 0.058392,
		6.257218, 6.521750, 13.862564>
	pigment { color rgbt <0,1,1,0> }
	no_shadow
}
cylinder {
	<6.327906, 7.495459, 13.817405>,  <6.823865, 6.930700, 13.821691>, 0.130000
	pigment { color rgbt <1,0,0,0> }
	no_shadow
}

// nucleotide -1

// particle -1
sphere {
	<6.327906, 7.495459, 13.817405> 0.250000
	pigment { color rgbt <1,0,0,0> }
	no_shadow
}
cylinder {
	<6.126846, 7.162901, 13.912169>,  <6.006211, 6.963366, 13.969027>, 0.100000
	pigment { color rgbt <1,0,0,0> }
	no_shadow
}
cylinder {
	<6.126846, 7.162901, 13.912169>,  <6.327906, 7.495459, 13.817405>, 0.100000
	pigment { color rgbt <1,0,0,0> }
	no_shadow
}

// particle -1
sphere {
	<6.126846, 7.162901, 13.912169> 0.100000
	pigment { color rgbt <1,0,0,0> }
	no_shadow
}
sphere {
	0, 1
	scale<0.080000,0.200000,0.300000>
	matrix <-0.722973, 0.554523, 0.412085,
		-0.473978, 0.035855, -0.879807,
		-0.502648, -0.831396, 0.236910,
		5.976052, 6.913482, 13.983241>
	pigment { color rgbt <0,1,1,0> }
	no_shadow
}
cylinder {
	<5.690937, 7.744118, 13.736947>,  <6.327906, 7.495459, 13.817405>, 0.130000
	pigment { color rgbt <1,0,0,0> }
	no_shadow
}

// nucleotide -1

// particle -1
sphere {
	<5.690937, 7.744118, 13.736947> 0.250000
	pigment { color rgbt <1,0,0,0> }
	no_shadow
}
cylinder {
	<5.620720, 7.416184, 13.954959>,  <5.578589, 7.219424, 14.085766>, 0.100000
	pigment { color rgbt <1,0,0,0> }
	no_shadow
}
cylinder {
	<5.620720, 7.416184, 13.954959>,  <5.690937, 7.744118, 13.736947>, 0.100000
	pigment { color rgbt <1,0,0,0> }
	no_shadow
}

// particle -1
sphere {
	<5.620720, 7.416184, 13.954959> 0.100000
	pigment { color rgbt <1,0,0,0> }
	no_shadow
}
sphere {
	0, 1
	scale<0.080000,0.200000,0.300000>
	matrix <-0.663603, 0.507485, 0.549626,
		-0.727197, -0.265200, -0.633130,
		-0.175543, -0.819834, 0.545029,
		5.568057, 7.170234, 14.118467>
	pigment { color rgbt <0,1,1,0> }
	no_shadow
}
cylinder {
	<5.038487, 7.597273, 13.681685>,  <5.690937, 7.744118, 13.736947>, 0.130000
	pigment { color rgbt <1,0,0,0> }
	no_shadow
}

// nucleotide -1

// particle -1
sphere {
	<5.038487, 7.597273, 13.681685> 0.250000
	pigment { color rgbt <1,0,0,0> }
	no_shadow
}
cylinder {
	<5.148259, 7.439225, 14.032357>,  <5.214122, 7.344396, 14.242761>, 0.100000
	pigment { color rgbt <1,0,0,0> }
	no_shadow
}
cylinder {
	<5.148259, 7.439225, 14.032357>,  <5.038487, 7.597273, 13.681685>, 0.100000
	pigment { color rgbt <1,0,0,0> }
	no_shadow
}

// particle -1
sphere {
	<5.148259, 7.439225, 14.032357> 0.100000
	pigment { color rgbt <1,0,0,0> }
	no_shadow
}
sphere {
	0, 1
	scale<0.080000,0.200000,0.300000>
	matrix <-0.522664, 0.703965, 0.480890,
		-0.807162, -0.590179, -0.013327,
		0.274430, -0.395122, 0.876680,
		5.230588, 7.320688, 14.295362>
	pigment { color rgbt <0,1,1,0> }
	no_shadow
}
cylinder {
	<4.448079, 7.498225, 14.064405>,  <5.038487, 7.597273, 13.681685>, 0.130000
	pigment { color rgbt <1,0,0,0> }
	no_shadow
}

// nucleotide -1

// particle -1
sphere {
	<4.448079, 7.498225, 14.064405> 0.250000
	pigment { color rgbt <1,0,0,0> }
	no_shadow
}
cylinder {
	<4.736669, 7.513457, 14.340962>,  <4.909823, 7.522597, 14.506897>, 0.100000
	pigment { color rgbt <1,0,0,0> }
	no_shadow
}
cylinder {
	<4.736669, 7.513457, 14.340962>,  <4.448079, 7.498225, 14.064405>, 0.100000
	pigment { color rgbt <1,0,0,0> }
	no_shadow
}

// particle -1
sphere {
	<4.736669, 7.513457, 14.340962> 0.100000
	pigment { color rgbt <1,0,0,0> }
	no_shadow
}
sphere {
	0, 1
	scale<0.080000,0.200000,0.300000>
	matrix <-0.499153, 0.720634, 0.481178,
		-0.479917, -0.692269, 0.538928,
		0.721475, 0.038081, 0.691393,
		4.953112, 7.524882, 14.548380>
	pigment { color rgbt <0,1,1,0> }
	no_shadow
}
cylinder {
	<4.083189, 7.606649, 14.707733>,  <4.448079, 7.498225, 14.064405>, 0.130000
	pigment { color rgbt <1,0,0,0> }
	no_shadow
}

// nucleotide -1

// particle -1
sphere {
	<4.083189, 7.606649, 14.707733> 0.250000
	pigment { color rgbt <1,0,0,0> }
	no_shadow
}
cylinder {
	<4.462975, 7.710660, 14.778046>,  <4.690847, 7.773067, 14.820233>, 0.100000
	pigment { color rgbt <1,0,0,0> }
	no_shadow
}
cylinder {
	<4.462975, 7.710660, 14.778046>,  <4.083189, 7.606649, 14.707733>, 0.100000
	pigment { color rgbt <1,0,0,0> }
	no_shadow
}

// particle -1
sphere {
	<4.462975, 7.710660, 14.778046> 0.100000
	pigment { color rgbt <1,0,0,0> }
	no_shadow
}
sphere {
	0, 1
	scale<0.080000,0.200000,0.300000>
	matrix <-0.313121, 0.823349, 0.473340,
		-0.021648, -0.504462, 0.863163,
		0.949466, 0.260028, 0.175782,
		4.747815, 7.788669, 14.830780>
	pigment { color rgbt <0,1,1,0> }
	no_shadow
}
cylinder {
	<4.179164, 7.853609, 15.451892>,  <4.083189, 7.606649, 14.707733>, 0.130000
	pigment { color rgbt <1,0,0,0> }
	no_shadow
}

// nucleotide -1

// particle -1
sphere {
	<4.179164, 7.853609, 15.451892> 0.250000
	pigment { color rgbt <1,0,0,0> }
	no_shadow
}
cylinder {
	<4.506721, 7.993613, 15.269941>,  <4.703254, 8.077615, 15.160770>, 0.100000
	pigment { color rgbt <1,0,0,0> }
	no_shadow
}
cylinder {
