// switches for output
#declare DRAW_BASES = 1; // possible values are 0, 1; only relevant for DNA ribbons
#declare DRAW_BASES_TYPE = 3; // possible values are 1, 2, 3; only relevant for DNA ribbons
#declare DRAW_FOG = 0; // set to 1 to enable fog

#include "colors.inc"

#include "transforms.inc"
background { rgb <1, 1, 1>}

#default {
   normal{
       ripples 0.25
       frequency 0.20
       turbulence 0.2
       lambda 5
   }
	finish {
		phong 0.1
		phong_size 40.
	}
}

// original window dimensions: 1024x640


// camera settings

camera {
	sky <0, 0.179814, -0.983701>
	up <0, 0.179814, -0.983701>
	right 1.6 * <1, 0, 0>
	location <25.469, 94.9851, 44.8844>
	look_at <25.469, 29.3977, 32.8955>
	direction <0, -65.5874, -11.9889>
	angle 67.0682
}


# declare cpy_camera_pos = <25.469, 94.9851, 44.8844>;
# if (DRAW_FOG = 1)
fog {
	fog_type 2
	up vnormalize(cpy_camera_pos)
	color rgbt<1,1,1,0.3>
	distance 1e-5
	fog_alt 3e-3
	fog_offset 28
}
# end


// LIGHTS

# declare lum = 6;
global_settings {
	ambient_light rgb lum * <0.05, 0.05, 0.05>
	max_trace_level 15
}# declare cpy_direct_light_amount = 0.25;
light_source
{	1000 * <-1, -1.16351, -0.803887>,
	rgb lum * cpy_direct_light_amount
	parallel
}

light_source
{	1000 * <1, 1.16351, 0.803887>,
	rgb lum * cpy_direct_light_amount
	parallel
}

// strand 0

// nucleotide -1

// particle -1
sphere {
	<4.463448, 15.095971, 15.276474> 0.250000
	pigment { color rgbt <1,0,0,0> }
	no_shadow
}
cylinder {
	<4.187264, 14.993315, 15.005948>,  <4.021554, 14.931721, 14.843633>, 0.100000
	pigment { color rgbt <1,0,0,0> }
	no_shadow
}
cylinder {
	<4.187264, 14.993315, 15.005948>,  <4.463448, 15.095971, 15.276474>, 0.100000
	pigment { color rgbt <1,0,0,0> }
	no_shadow
}

// particle -1
sphere {
	<4.187264, 14.993315, 15.005948> 0.100000
	pigment { color rgbt <1,0,0,0> }
	no_shadow
}
sphere {
	0, 1
	scale<0.080000,0.200000,0.300000>
	matrix <0.378836, 0.668190, -0.640316,
		0.616238, -0.698325, -0.364133,
		-0.690459, -0.256640, -0.676315,
		3.980127, 14.916322, 14.803053>
	pigment { color rgbt <0,1,1,0> }
	no_shadow
}
cylinder {
	<4.814531, 14.880180, 14.654679>,  <4.463448, 15.095971, 15.276474>, 0.130000
	pigment { color rgbt <1,0,0,0> }
	no_shadow
}

// nucleotide -1

// particle -1
sphere {
	<4.814531, 14.880180, 14.654679> 0.250000
	pigment { color rgbt <1,0,0,0> }
	no_shadow
}
cylinder {
	<4.451556, 15.030848, 14.580194>,  <4.233770, 15.121247, 14.535502>, 0.100000
	pigment { color rgbt <1,0,0,0> }
	no_shadow
}
cylinder {
	<4.451556, 15.030848, 14.580194>,  <4.814531, 14.880180, 14.654679>, 0.100000
	pigment { color rgbt <1,0,0,0> }
	no_shadow
}

// particle -1
sphere {
	<4.451556, 15.030848, 14.580194> 0.100000
	pigment { color rgbt <1,0,0,0> }
	no_shadow
}
sphere {
	0, 1
	scale<0.080000,0.200000,0.300000>
	matrix <0.406681, 0.675879, -0.614653,
		-0.105661, -0.633489, -0.766503,
		-0.907439, 0.376667, -0.186214,
		4.179324, 15.143847, 14.524329>
	pigment { color rgbt <0,1,1,0> }
	no_shadow
}
cylinder {
	<4.576101, 14.855477, 13.867238>,  <4.814531, 14.880180, 14.654679>, 0.130000
	pigment { color rgbt <1,0,0,0> }
	no_shadow
}

// nucleotide -1

// particle -1
sphere {
	<4.576101, 14.855477, 13.867238> 0.250000
	pigment { color rgbt <1,0,0,0> }
	no_shadow
}
cylinder {
	<4.422574, 15.164887, 14.068968>,  <4.330457, 15.350533, 14.190005>, 0.100000
	pigment { color rgbt <1,0,0,0> }
	no_shadow
}
cylinder {
	<4.422574, 15.164887, 14.068968>,  <4.576101, 14.855477, 13.867238>, 0.100000
	pigment { color rgbt <1,0,0,0> }
	no_shadow
}

// particle -1
sphere {
	<4.422574, 15.164887, 14.068968> 0.100000
	pigment { color rgbt <1,0,0,0> }
	no_shadow
}
sphere {
	0, 1
	scale<0.080000,0.200000,0.300000>
	matrix <0.226287, 0.608291, -0.760773,
		-0.895253, -0.177876, -0.408512,
		-0.383818, 0.773526, 0.504324,
		4.307428, 15.396945, 14.220264>
	pigment { color rgbt <0,1,1,0> }
	no_shadow
}
cylinder {
	<4.141473, 15.307581, 13.539074>,  <4.576101, 14.855477, 13.867238>, 0.130000
	pigment { color rgbt <1,0,0,0> }
	no_shadow
}

// nucleotide -1

// particle -1
sphere {
	<4.141473, 15.307581, 13.539074> 0.250000
	pigment { color rgbt <1,0,0,0> }
	no_shadow
}
cylinder {
	<4.308067, 15.552714, 13.807693>,  <4.408023, 15.699794, 13.968865>, 0.100000
	pigment { color rgbt <1,0,0,0> }
	no_shadow
}
cylinder {
	<4.308067, 15.552714, 13.807693>,  <4.141473, 15.307581, 13.539074>, 0.100000
	pigment { color rgbt <1,0,0,0> }
	no_shadow
}

// particle -1
sphere {
	<4.308067, 15.552714, 13.807693> 0.100000
	pigment { color rgbt <1,0,0,0> }
	no_shadow
}
sphere {
	0, 1
	scale<0.080000,0.200000,0.300000>
	matrix <0.390049, 0.546779, -0.740874,
		-0.821220, 0.570499, -0.011310,
		0.416484, 0.612833, 0.671548,
		4.433012, 15.736565, 14.009158>
	pigment { color rgbt <0,1,1,0> }
	no_shadow
}
cylinder {
	<3.859179, 16.080395, 13.699606>,  <4.141473, 15.307581, 13.539074>, 0.130000
	pigment { color rgbt <1,0,0,0> }
	no_shadow
}

// nucleotide -1

// particle -1
sphere {
	<3.859179, 16.080395, 13.699606> 0.250000
	pigment { color rgbt <1,0,0,0> }
	no_shadow
}
cylinder {
	<4.249616, 15.995640, 13.718979>,  <4.483879, 15.944786, 13.730602>, 0.100000
	pigment { color rgbt <1,0,0,0> }
	no_shadow
}
cylinder {
	<4.249616, 15.995640, 13.718979>,  <3.859179, 16.080395, 13.699606>, 0.100000
	pigment { color rgbt <1,0,0,0> }
	no_shadow
}

// particle -1
sphere {
	<4.249616, 15.995640, 13.718979> 0.100000
	pigment { color rgbt <1,0,0,0> }
	no_shadow
}
sphere {
	0, 1
	scale<0.080000,0.200000,0.300000>
	matrix <0.179923, 0.662673, -0.726975,
		0.121943, 0.718309, 0.684954,
		0.976093, -0.211889, 0.048432,
		4.542444, 15.932074, 13.733508>
	pigment { color rgbt <0,1,1,0> }
	no_shadow
}
cylinder {
	<4.263689, 16.786514, 13.675073>,  <3.859179, 16.080395, 13.699606>, 0.130000
	pigment { color rgbt <1,0,0,0> }
	no_shadow
}

// nucleotide -1

// particle -1
sphere {
	<4.263689, 16.786514, 13.675073> 0.250000
	pigment { color rgbt <1,0,0,0> }
	no_shadow
}
cylinder {
	<4.491666, 16.480389, 13.555430>,  <4.628452, 16.296715, 13.483645>, 0.100000
	pigment { color rgbt <1,0,0,0> }
	no_shadow
}
cylinder {
	<4.491666, 16.480389, 13.555430>,  <4.263689, 16.786514, 13.675073>, 0.100000
	pigment { color rgbt <1,0,0,0> }
	no_shadow
}

// particle -1
sphere {
	<4.491666, 16.480389, 13.555430> 0.100000
	pigment { color rgbt <1,0,0,0> }
	no_shadow
}
sphere {
	0, 1
	scale<0.080000,0.200000,0.300000>
	matrix <0.299850, 0.532626, -0.791454,
		0.765020, 0.361397, 0.533045,
		0.569943, -0.765312, -0.299105,
		4.662649, 16.250795, 13.465699>
	pigment { color rgbt <0,1,1,0> }
	no_shadow
}
cylinder {
	<4.849401, 17.114452, 13.488656>,  <4.263689, 16.786514, 13.675073>, 0.130000
	pigment { color rgbt <1,0,0,0> }
	no_shadow
}

// nucleotide -1

// particle -1
sphere {
	<4.849401, 17.114452, 13.488656> 0.250000
	pigment { color rgbt <1,0,0,0> }
	no_shadow
}
cylinder {
	<4.810269, 16.765430, 13.297210>,  <4.786790, 16.556017, 13.182342>, 0.100000
	pigment { color rgbt <1,0,0,0> }
	no_shadow
}
cylinder {
	<4.810269, 16.765430, 13.297210>,  <4.849401, 17.114452, 13.488656>, 0.100000
	pigment { color rgbt <1,0,0,0> }
	no_shadow
}

// particle -1
sphere {
	<4.810269, 16.765430, 13.297210> 0.100000
	pigment { color rgbt <1,0,0,0> }
	no_shadow
}
sphere {
	0, 1
	scale<0.080000,0.200000,0.300000>
	matrix <0.182437, 0.457050, -0.870530,
		0.978338, -0.172480, 0.114474,
		-0.097829, -0.872557, -0.478616,
		4.780921, 16.503664, 13.153625>
	pigment { color rgbt <0,1,1,0> }
	no_shadow
}
cylinder {
	<5.132672, 17.312891, 12.822133>,  <4.849401, 17.114452, 13.488656>, 0.130000
	pigment { color rgbt <1,0,0,0> }
	no_shadow
}

// nucleotide -1

// particle -1
sphere {
	<5.132672, 17.312891, 12.822133> 0.250000
	pigment { color rgbt <1,0,0,0> }
	no_shadow
}
cylinder {
	<4.976343, 16.954603, 12.737332>,  <4.882545, 16.739630, 12.686452>, 0.100000
	pigment { color rgbt <1,0,0,0> }
	no_shadow
}
cylinder {
	<4.976343, 16.954603, 12.737332>,  <5.132672, 17.312891, 12.822133>, 0.100000
	pigment { color rgbt <1,0,0,0> }
	no_shadow
}

// particle -1
sphere {
	<4.976343, 16.954603, 12.737332> 0.100000
	pigment { color rgbt <1,0,0,0> }
	no_shadow
}
sphere {
	0, 1
	scale<0.080000,0.200000,0.300000>
	matrix <0.012245, 0.225240, -0.974226,
		0.920384, -0.383346, -0.077061,
		-0.390823, -0.895719, -0.212001,
		4.859096, 16.685888, 12.673732>
	pigment { color rgbt <0,1,1,0> }
	no_shadow
}
cylinder {
	<5.658370, 16.994375, 12.454623>,  <5.132672, 17.312891, 12.822133>, 0.130000
	pigment { color rgbt <1,0,0,0> }
	no_shadow
}

// nucleotide -1

// particle -1
sphere {
	<5.658370, 16.994375, 12.454623> 0.250000
	pigment { color rgbt <1,0,0,0> }
	no_shadow
}
cylinder {
	<5.305330, 16.825911, 12.371060>,  <5.093506, 16.724833, 12.320923>, 0.100000
	pigment { color rgbt <1,0,0,0> }
	no_shadow
}
cylinder {
	<5.305330, 16.825911, 12.371060>,  <5.658370, 16.994375, 12.454623>, 0.100000
	pigment { color rgbt <1,0,0,0> }
	no_shadow
}

// particle -1
sphere {
	<5.305330, 16.825911, 12.371060> 0.100000
	pigment { color rgbt <1,0,0,0> }
	no_shadow
}
sphere {
	0, 1
	scale<0.080000,0.200000,0.300000>
	matrix <0.135273, 0.198065, -0.970810,
		0.450245, -0.885095, -0.117839,
		-0.882599, -0.421162, -0.208907,
		5.040550, 16.699562, 12.308389>
	pigment { color rgbt <0,1,1,0> }
	no_shadow
}
cylinder {
	<5.733661, 16.491175, 11.896301>,  <5.658370, 16.994375, 12.454623>, 0.130000
	pigment { color rgbt <1,0,0,0> }
	no_shadow
}

// nucleotide -1

// particle -1
sphere {
	<5.733661, 16.491175, 11.896301> 0.250000
	pigment { color rgbt <1,0,0,0> }
	no_shadow
}
cylinder {
	<5.354907, 16.619570, 11.888567>,  <5.127654, 16.696608, 11.883926>, 0.100000
	pigment { color rgbt <1,0,0,0> }
	no_shadow
}
cylinder {
	<5.354907, 16.619570, 11.888567>,  <5.733661, 16.491175, 11.896301>, 0.100000
	pigment { color rgbt <1,0,0,0> }
	no_shadow
}

// particle -1
sphere {
	<5.354907, 16.619570, 11.888567> 0.100000
	pigment { color rgbt <1,0,0,0> }
	no_shadow
}
sphere {
	0, 1
	scale<0.080000,0.200000,0.300000>
	matrix <0.139131, 0.354734, -0.924557,
		-0.289914, -0.878140, -0.380552,
		-0.946886, 0.320989, -0.019335,
		5.070841, 16.715866, 11.882767>
	pigment { color rgbt <0,1,1,0> }
	no_shadow
}
cylinder {
	<5.576812, 16.393885, 11.227135>,  <5.733661, 16.491175, 11.896301>, 0.130000
	pigment { color rgbt <1,0,0,0> }
	no_shadow
}

// nucleotide -1

// particle -1
sphere {
	<5.576812, 16.393885, 11.227135> 0.250000
	pigment { color rgbt <1,0,0,0> }
	no_shadow
}
cylinder {
	<5.276186, 16.634480, 11.335474>,  <5.095809, 16.778837, 11.400477>, 0.100000
	pigment { color rgbt <1,0,0,0> }
	no_shadow
}
cylinder {
	<5.276186, 16.634480, 11.335474>,  <5.576812, 16.393885, 11.227135>, 0.100000
	pigment { color rgbt <1,0,0,0> }
	no_shadow
}

// particle -1
sphere {
	<5.276186, 16.634480, 11.335474> 0.100000
	pigment { color rgbt <1,0,0,0> }
	no_shadow
}
sphere {
	0, 1
	scale<0.080000,0.200000,0.300000>
	matrix <0.074107, 0.484978, -0.871381,
		-0.655482, -0.634829, -0.409067,
		-0.751566, 0.601489, 0.270849,
		5.050715, 16.814926, 11.416729>
	pigment { color rgbt <0,1,1,0> }
	no_shadow
}
cylinder {
	<5.109675, 16.368290, 10.710355>,  <5.576812, 16.393885, 11.227135>, 0.130000
	pigment { color rgbt <1,0,0,0> }
	no_shadow
}

// nucleotide -1

// particle -1
sphere {
	<5.109675, 16.368290, 10.710355> 0.250000
	pigment { color rgbt <1,0,0,0> }
	no_shadow
}
cylinder {
	<5.006701, 16.705162, 10.899864>,  <4.944918, 16.907286, 11.013570>, 0.100000
	pigment { color rgbt <1,0,0,0> }
	no_shadow
}
cylinder {
	<5.006701, 16.705162, 10.899864>,  <5.109675, 16.368290, 10.710355>, 0.100000
	pigment { color rgbt <1,0,0,0> }
	no_shadow
}

// particle -1
sphere {
	<5.006701, 16.705162, 10.899864> 0.100000
	pigment { color rgbt <1,0,0,0> }
	no_shadow
}
sphere {
	0, 1
	scale<0.080000,0.200000,0.300000>
	matrix <0.081415, 0.507459, -0.857821,
		-0.962860, -0.182260, -0.199203,
		-0.257433, 0.842180, 0.473773,
		4.929471, 16.957815, 11.041996>
	pigment { color rgbt <0,1,1,0> }
	no_shadow
}
cylinder {
	<4.519230, 16.697392, 10.291285>,  <5.109675, 16.368290, 10.710355>, 0.130000
	pigment { color rgbt <1,0,0,0> }
	no_shadow
}

// nucleotide -1

// particle -1
sphere {
	<4.519230, 16.697392, 10.291285> 0.250000
	pigment { color rgbt <1,0,0,0> }
	no_shadow
}
cylinder {
	<4.643612, 17.018137, 10.495370>,  <4.718242, 17.210585, 10.617821>, 0.100000
	pigment { color rgbt <1,0,0,0> }
	no_shadow
}
cylinder {
	<4.643612, 17.018137, 10.495370>,  <4.519230, 16.697392, 10.291285>, 0.100000
	pigment { color rgbt <1,0,0,0> }
	no_shadow
}

// particle -1
sphere {
	<4.643612, 17.018137, 10.495370> 0.100000
	pigment { color rgbt <1,0,0,0> }
	no_shadow
}
sphere {
	0, 1
	scale<0.080000,0.200000,0.300000>
	matrix <-0.052647, 0.550535, -0.833150,
		-0.948965, 0.232211, 0.213407,
		0.310955, 0.801866, 0.510213,
		4.736899, 17.258698, 10.648434>
	pigment { color rgbt <0,1,1,0> }
	no_shadow
}
cylinder {
	<4.057847, 17.322577, 10.073073>,  <4.519230, 16.697392, 10.291285>, 0.130000
	pigment { color rgbt <1,0,0,0> }
	no_shadow
}

// nucleotide -1

// particle -1
sphere {
	<4.057847, 17.322577, 10.073073> 0.250000
	pigment { color rgbt <1,0,0,0> }
	no_shadow
}
cylinder {
	<4.409183, 17.453522, 10.212417>,  <4.619985, 17.532089, 10.296022>, 0.100000
	pigment { color rgbt <1,0,0,0> }
	no_shadow
}
cylinder {
	<4.409183, 17.453522, 10.212417>,  <4.057847, 17.322577, 10.073073>, 0.100000
	pigment { color rgbt <1,0,0,0> }
	no_shadow
}

// particle -1
sphere {
	<4.409183, 17.453522, 10.212417> 0.100000
	pigment { color rgbt <1,0,0,0> }
	no_shadow
}
sphere {
	0, 1
	scale<0.080000,0.200000,0.300000>
	matrix <0.134675, 0.529755, -0.837390,
		-0.458674, 0.782428, 0.421217,
		0.878340, 0.327362, 0.348358,
		4.672685, 17.551731, 10.316924>
	pigment { color rgbt <0,1,1,0> }
	no_shadow
}
cylinder {
	<3.980883, 18.060020, 10.114495>,  <4.057847, 17.322577, 10.073073>, 0.130000
	pigment { color rgbt <1,0,0,0> }
	no_shadow
}

// nucleotide -1

// particle -1
sphere {
	<3.980883, 18.060020, 10.114495> 0.250000
	pigment { color rgbt <1,0,0,0> }
	no_shadow
}
cylinder {
	<4.355628, 17.931324, 10.059695>,  <4.580476, 17.854107, 10.026815>, 0.100000
	pigment { color rgbt <1,0,0,0> }
	no_shadow
}
cylinder {
	<4.355628, 17.931324, 10.059695>,  <3.980883, 18.060020, 10.114495>, 0.100000
	pigment { color rgbt <1,0,0,0> }
	no_shadow
}

// particle -1
sphere {
	<4.355628, 17.931324, 10.059695> 0.100000
	pigment { color rgbt <1,0,0,0> }
	no_shadow
}
sphere {
	0, 1
	scale<0.080000,0.200000,0.300000>
	matrix <0.073965, 0.565228, -0.821612,
		0.341782, 0.759605, 0.553339,
		0.936864, -0.321741, -0.137001,
		4.636688, 17.834803, 10.018595>
	pigment { color rgbt <0,1,1,0> }
	no_shadow
}
cylinder {
	<4.392982, 18.567396, 9.791841>,  <3.980883, 18.060020, 10.114495>, 0.130000
	pigment { color rgbt <1,0,0,0> }
	no_shadow
}

// nucleotide -1

// particle -1
sphere {
	<4.392982, 18.567396, 9.791841> 0.250000
	pigment { color rgbt <1,0,0,0> }
	no_shadow
}
cylinder {
	<4.681772, 18.291368, 9.771617>,  <4.855046, 18.125751, 9.759482>, 0.100000
	pigment { color rgbt <1,0,0,0> }
	no_shadow
}
cylinder {
	<4.681772, 18.291368, 9.771617>,  <4.392982, 18.567396, 9.791841>, 0.100000
	pigment { color rgbt <1,0,0,0> }
	no_shadow
}

// particle -1
sphere {
	<4.681772, 18.291368, 9.771617> 0.100000
	pigment { color rgbt <1,0,0,0> }
	no_shadow
}
sphere {
	0, 1
	scale<0.080000,0.200000,0.300000>
	matrix <0.336415, 0.413944, -0.845858,
		0.604629, 0.593679, 0.531007,
		0.721975, -0.690069, -0.050560,
		4.898365, 18.084349, 9.756449>
	pigment { color rgbt <0,1,1,0> }
	no_shadow
}
cylinder {
	<4.932431, 18.940035, 9.590288>,  <4.392982, 18.567396, 9.791841>, 0.130000
	pigment { color rgbt <1,0,0,0> }
	no_shadow
}

// nucleotide -1

// particle -1
sphere {
	<4.932431, 18.940035, 9.590288> 0.250000
	pigment { color rgbt <1,0,0,0> }
	no_shadow
}
cylinder {
	<5.034306, 18.570417, 9.476252>,  <5.095431, 18.348646, 9.407829>, 0.100000
	pigment { color rgbt <1,0,0,0> }
	no_shadow
}
cylinder {
	<5.034306, 18.570417, 9.476252>,  <4.932431, 18.940035, 9.590288>, 0.100000
	pigment { color rgbt <1,0,0,0> }
	no_shadow
}

// particle -1
sphere {
	<5.034306, 18.570417, 9.476252> 0.100000
	pigment { color rgbt <1,0,0,0> }
	no_shadow
}
sphere {
	0, 1
	scale<0.080000,0.200000,0.300000>
	matrix <0.441093, 0.373366, -0.816109,
		0.860564, 0.082102, 0.502682,
		0.254688, -0.924044, -0.285091,
		5.110713, 18.293203, 9.390724>
	pigment { color rgbt <0,1,1,0> }
	no_shadow
}
cylinder {
	<5.452853, 19.095243, 9.225326>,  <4.932431, 18.940035, 9.590288>, 0.130000
	pigment { color rgbt <1,0,0,0> }
	no_shadow
}

// nucleotide -1

// particle -1
sphere {
	<5.452853, 19.095243, 9.225326> 0.250000
	pigment { color rgbt <1,0,0,0> }
	no_shadow
}
cylinder {
	<5.369499, 18.719803, 9.115341>,  <5.319487, 18.494539, 9.049351>, 0.100000
	pigment { color rgbt <1,0,0,0> }
	no_shadow
}
cylinder {
	<5.369499, 18.719803, 9.115341>,  <5.452853, 19.095243, 9.225326>, 0.100000
	pigment { color rgbt <1,0,0,0> }
	no_shadow
}

// particle -1
sphere {
	<5.369499, 18.719803, 9.115341> 0.100000
	pigment { color rgbt <1,0,0,0> }
	no_shadow
}
sphere {
	0, 1
	scale<0.080000,0.200000,0.300000>
	matrix <0.281892, 0.211565, -0.935830,
		0.936543, -0.272522, 0.220498,
		-0.208384, -0.938601, -0.274962,
		5.306983, 18.438223, 9.032852>
	pigment { color rgbt <0,1,1,0> }
	no_shadow
}
cylinder {
	<6.066331, 18.931005, 8.904593>,  <5.452853, 19.095243, 9.225326>, 0.130000
	pigment { color rgbt <1,0,0,0> }
	no_shadow
}

// nucleotide -1

// particle -1
sphere {
	<6.066331, 18.931005, 8.904593> 0.250000
	pigment { color rgbt <1,0,0,0> }
	no_shadow
}
cylinder {
	<5.766290, 18.690666, 8.794081>,  <5.586266, 18.546463, 8.727774>, 0.100000
	pigment { color rgbt <1,0,0,0> }
	no_shadow
}
cylinder {
	<5.766290, 18.690666, 8.794081>,  <6.066331, 18.931005, 8.904593>, 0.100000
	pigment { color rgbt <1,0,0,0> }
	no_shadow
}

// particle -1
sphere {
	<5.766290, 18.690666, 8.794081> 0.100000
	pigment { color rgbt <1,0,0,0> }
	no_shadow
}
sphere {
	0, 1
	scale<0.080000,0.200000,0.300000>
	matrix <0.281800, 0.087541, -0.955471,
		0.598278, -0.794556, 0.103654,
		-0.750102, -0.600847, -0.276280,
		5.541260, 18.510412, 8.711197>
	pigment { color rgbt <0,1,1,0> }
	no_shadow
}
cylinder {
	<6.363065, 18.351160, 8.529528>,  <6.066331, 18.931005, 8.904593>, 0.130000
	pigment { color rgbt <1,0,0,0> }
	no_shadow
}

// nucleotide -1

// particle -1
sphere {
	<6.363065, 18.351160, 8.529528> 0.250000
	pigment { color rgbt <1,0,0,0> }
	no_shadow
}
cylinder {
	<5.984149, 18.426510, 8.425869>,  <5.756799, 18.471720, 8.363674>, 0.100000
	pigment { color rgbt <1,0,0,0> }
	no_shadow
}
cylinder {
	<5.984149, 18.426510, 8.425869>,  <6.363065, 18.351160, 8.529528>, 0.100000
	pigment { color rgbt <1,0,0,0> }
	no_shadow
}

// particle -1
sphere {
	<5.984149, 18.426510, 8.425869> 0.100000
	pigment { color rgbt <1,0,0,0> }
	no_shadow
}
sphere {
	0, 1
	scale<0.080000,0.200000,0.300000>
	matrix <0.308339, 0.316399, -0.897117,
		-0.087001, -0.929735, -0.357805,
		-0.947290, 0.188376, -0.259146,
		5.699962, 18.483023, 8.348125>
	pigment { color rgbt <0,1,1,0> }
	no_shadow
}
cylinder {
	<6.291607, 18.006962, 7.891904>,  <6.363065, 18.351160, 8.529528>, 0.130000
	pigment { color rgbt <1,0,0,0> }
	no_shadow
}

// nucleotide -1

// particle -1
sphere {
	<6.291607, 18.006962, 7.891904> 0.250000
	pigment { color rgbt <1,0,0,0> }
	no_shadow
}
cylinder {
	<6.006833, 18.287683, 7.901851>,  <5.835968, 18.456116, 7.907818>, 0.100000
	pigment { color rgbt <1,0,0,0> }
	no_shadow
}
cylinder {
	<6.006833, 18.287683, 7.901851>,  <6.291607, 18.006962, 7.891904>, 0.100000
	pigment { color rgbt <1,0,0,0> }
	no_shadow
}

// particle -1
sphere {
	<6.006833, 18.287683, 7.901851> 0.100000
	pigment { color rgbt <1,0,0,0> }
	no_shadow
}
sphere {
	0, 1
	scale<0.080000,0.200000,0.300000>
	matrix <0.210301, 0.246853, -0.945958,
		-0.670016, -0.668232, -0.323334,
		-0.711936, 0.701804, 0.024866,
		5.793252, 18.498224, 7.909310>
	pigment { color rgbt <0,1,1,0> }
	no_shadow
}
cylinder {
	<6.041201, 18.002447, 7.219005>,  <6.291607, 18.006962, 7.891904>, 0.130000
	pigment { color rgbt <1,0,0,0> }
	no_shadow
}

// nucleotide -1

// particle -1
sphere {
	<6.041201, 18.002447, 7.219005> 0.250000
	pigment { color rgbt <1,0,0,0> }
	no_shadow
}
cylinder {
	<5.843656, 18.330261, 7.335255>,  <5.725129, 18.526949, 7.405005>, 0.100000
	pigment { color rgbt <1,0,0,0> }
	no_shadow
}
cylinder {
	<5.843656, 18.330261, 7.335255>,  <6.041201, 18.002447, 7.219005>, 0.100000
	pigment { color rgbt <1,0,0,0> }
	no_shadow
}

// particle -1
sphere {
	<5.843656, 18.330261, 7.335255> 0.100000
	pigment { color rgbt <1,0,0,0> }
	no_shadow
}
sphere {
	0, 1
	scale<0.080000,0.200000,0.300000>
	matrix <0.108069, 0.389485, -0.914671,
		-0.862798, -0.420314, -0.280918,
		-0.493863, 0.819535, 0.290624,
		5.695497, 18.576122, 7.422442>
	pigment { color rgbt <0,1,1,0> }
	no_shadow
}
cylinder {
	<5.637542, 18.165112, 6.745014>,  <6.041201, 18.002447, 7.219005>, 0.130000
	pigment { color rgbt <1,0,0,0> }
	no_shadow
}

// nucleotide -1

// particle -1
sphere {
	<5.637542, 18.165112, 6.745014> 0.250000
	pigment { color rgbt <1,0,0,0> }
	no_shadow
}
cylinder {
	<5.714194, 18.504370, 6.942571>,  <5.760185, 18.707924, 7.061104>, 0.100000
	pigment { color rgbt <1,0,0,0> }
	no_shadow
}
cylinder {
	<5.714194, 18.504370, 6.942571>,  <5.637542, 18.165112, 6.745014>, 0.100000
	pigment { color rgbt <1,0,0,0> }
	no_shadow
}

// particle -1
sphere {
	<5.714194, 18.504370, 6.942571> 0.100000
	pigment { color rgbt <1,0,0,0> }
	no_shadow
}
sphere {
	0, 1
	scale<0.080000,0.200000,0.300000>
	matrix <0.293563, 0.430648, -0.853442,
		-0.936536, 0.308532, -0.166460,
		0.191629, 0.848145, 0.493891,
		5.771683, 18.758814, 7.090738>
	pigment { color rgbt <0,1,1,0> }
	no_shadow
}
cylinder {
	<5.350659, 18.651098, 6.320328>,  <5.637542, 18.165112, 6.745014>, 0.130000
	pigment { color rgbt <1,0,0,0> }
	no_shadow
}

// nucleotide -1

// particle -1
sphere {
	<5.350659, 18.651098, 6.320328> 0.250000
	pigment { color rgbt <1,0,0,0> }
	no_shadow
}
cylinder {
	<5.622528, 18.824383, 6.557098>,  <5.785649, 18.928354, 6.699160>, 0.100000
	pigment { color rgbt <1,0,0,0> }
	no_shadow
}
cylinder {
	<5.622528, 18.824383, 6.557098>,  <5.350659, 18.651098, 6.320328>, 0.100000
	pigment { color rgbt <1,0,0,0> }
	no_shadow
}

// particle -1
sphere {
	<5.622528, 18.824383, 6.557098> 0.100000
	pigment { color rgbt <1,0,0,0> }
	no_shadow
}
sphere {
	0, 1
	scale<0.080000,0.200000,0.300000>
	matrix <0.390798, 0.469044, -0.792007,
		-0.620745, 0.769627, 0.149498,
		0.679672, 0.433211, 0.591925,
		5.826429, 18.954346, 6.734675>
	pigment { color rgbt <0,1,1,0> }
	no_shadow
}
cylinder {
	<5.383286, 19.351624, 6.050334>,  <5.350659, 18.651098, 6.320328>, 0.130000
	pigment { color rgbt <1,0,0,0> }
	no_shadow
}

// nucleotide -1

// particle -1
sphere {
	<5.383286, 19.351624, 6.050334> 0.250000
	pigment { color rgbt <1,0,0,0> }
	no_shadow
}
cylinder {
	<5.726992, 19.311409, 6.250956>,  <5.933215, 19.287279, 6.371329>, 0.100000
	pigment { color rgbt <1,0,0,0> }
	no_shadow
}
cylinder {
	<5.726992, 19.311409, 6.250956>,  <5.383286, 19.351624, 6.050334>, 0.100000
	pigment { color rgbt <1,0,0,0> }
	no_shadow
}

// particle -1
sphere {
	<5.726992, 19.311409, 6.250956> 0.100000
	pigment { color rgbt <1,0,0,0> }
	no_shadow
}
sphere {
	0, 1
	scale<0.080000,0.200000,0.300000>
	matrix <0.465166, 0.561478, -0.684371,
		-0.212807, 0.821361, 0.529225,
		0.859264, -0.100538, 0.501556,
		5.984771, 19.281248, 6.401423>
	pigment { color rgbt <0,1,1,0> }
	no_shadow
}
cylinder {
	<5.805814, 20.018215, 6.160697>,  <5.383286, 19.351624, 6.050334>, 0.130000
	pigment { color rgbt <1,0,0,0> }
	no_shadow
}

// nucleotide -1

// particle -1
sphere {
	<5.805814, 20.018215, 6.160697> 0.250000
	pigment { color rgbt <1,0,0,0> }
	no_shadow
}
cylinder {
	<6.064332, 19.713005, 6.164622>,  <6.219442, 19.529879, 6.166977>, 0.100000
	pigment { color rgbt <1,0,0,0> }
	no_shadow
}
cylinder {
	<6.064332, 19.713005, 6.164622>,  <5.805814, 20.018215, 6.160697>, 0.100000
	pigment { color rgbt <1,0,0,0> }
	no_shadow
}

// particle -1
sphere {
	<6.064332, 19.713005, 6.164622> 0.100000
	pigment { color rgbt <1,0,0,0> }
	no_shadow
}
sphere {
	0, 1
	scale<0.080000,0.200000,0.300000>
	matrix <0.540736, 0.448860, -0.711428,
		0.538434, 0.465097, 0.702691,
		0.646293, -0.763026, 0.009813,
		6.258219, 19.484097, 6.167566>
	pigment { color rgbt <0,1,1,0> }
	no_shadow
}
cylinder {
	<6.469099, 20.248055, 6.362240>,  <5.805814, 20.018215, 6.160697>, 0.130000
	pigment { color rgbt <1,0,0,0> }
	no_shadow
}

// nucleotide -1

// particle -1
sphere {
	<6.469099, 20.248055, 6.362240> 0.250000
	pigment { color rgbt <1,0,0,0> }
	no_shadow
}
cylinder {
	<6.432803, 19.942905, 6.106180>,  <6.411026, 19.759815, 5.952544>, 0.100000
	pigment { color rgbt <1,0,0,0> }
	no_shadow
}
cylinder {
	<6.432803, 19.942905, 6.106180>,  <6.469099, 20.248055, 6.362240>, 0.100000
	pigment { color rgbt <1,0,0,0> }
	no_shadow
}

// particle -1
sphere {
	<6.432803, 19.942905, 6.106180> 0.100000
	pigment { color rgbt <1,0,0,0> }
	no_shadow
}
sphere {
	0, 1
	scale<0.080000,0.200000,0.300000>
	matrix <0.264767, 0.601188, -0.753971,
		0.960034, -0.237905, 0.147433,
		-0.090738, -0.762873, -0.640150,
		6.405581, 19.714045, 5.914135>
	pigment { color rgbt <0,1,1,0> }
	no_shadow
}
cylinder {
	<7.143281, 19.969246, 5.998277>,  <6.469099, 20.248055, 6.362240>, 0.130000
	pigment { color rgbt <1,0,0,0> }
	no_shadow
}

// nucleotide -1

// particle -1
sphere {
	<7.143281, 19.969246, 5.998277> 0.250000
	pigment { color rgbt <1,0,0,0> }
	no_shadow
}
cylinder {
	<6.812566, 19.915083, 5.779888>,  <6.614137, 19.882586, 5.648854>, 0.100000
	pigment { color rgbt <1,0,0,0> }
	no_shadow
}
cylinder {
	<6.812566, 19.915083, 5.779888>,  <7.143281, 19.969246, 5.998277>, 0.100000
	pigment { color rgbt <1,0,0,0> }
	no_shadow
}

// particle -1
sphere {
	<6.812566, 19.915083, 5.779888> 0.100000
	pigment { color rgbt <1,0,0,0> }
	no_shadow
}
sphere {
	0, 1
	scale<0.080000,0.200000,0.300000>
	matrix <0.396181, 0.548852, -0.736072,
		0.399329, -0.824880, -0.400138,
		-0.826787, -0.135408, -0.545974,
		6.564530, 19.874460, 5.616096>
	pigment { color rgbt <0,1,1,0> }
	no_shadow
}
cylinder {
	<7.410088, 20.630154, 6.480336>,  <7.143281, 19.969246, 5.998277>, 0.130000
	pigment { color rgbt <1,0,0,0> }
	no_shadow
}

// nucleotide -1

// particle -1
sphere {
	<7.410088, 20.630154, 6.480336> 0.250000
	pigment { color rgbt <1,0,0,0> }
	no_shadow
}
cylinder {
	<7.244672, 20.975370, 6.364303>,  <7.145422, 21.182501, 6.294683>, 0.100000
	pigment { color rgbt <1,0,0,0> }
	no_shadow
}
cylinder {
	<7.244672, 20.975370, 6.364303>,  <7.410088, 20.630154, 6.480336>, 0.100000
	pigment { color rgbt <1,0,0,0> }
	no_shadow
}

// particle -1
sphere {
	<7.244672, 20.975370, 6.364303> 0.100000
	pigment { color rgbt <1,0,0,0> }
	no_shadow
}
sphere {
	0, 1
	scale<0.080000,0.200000,0.300000>
	matrix <0.053111, 0.340925, 0.938589,
		0.908936, 0.372737, -0.186823,
		-0.413539, 0.863040, -0.290083,
		7.120610, 21.234282, 6.277278>
	pigment { color rgbt <0,1,1,0> }
	no_shadow
}
cylinder {
	<7.874928, 21.041847, 6.772239>,  <7.410088, 20.630154, 6.480336>, 0.130000
	pigment { color rgbt <1,0,0,0> }
	no_shadow
}

// nucleotide -1

// particle -1
sphere {
	<7.874928, 21.041847, 6.772239> 0.250000
	pigment { color rgbt <1,0,0,0> }
	no_shadow
}
cylinder {
	<7.538544, 21.248976, 6.709442>,  <7.336713, 21.373253, 6.671763>, 0.100000
	pigment { color rgbt <1,0,0,0> }
	no_shadow
}
cylinder {
	<7.538544, 21.248976, 6.709442>,  <7.874928, 21.041847, 6.772239>, 0.100000
	pigment { color rgbt <1,0,0,0> }
	no_shadow
}

// particle -1
sphere {
	<7.538544, 21.248976, 6.709442> 0.100000
	pigment { color rgbt <1,0,0,0> }
	no_shadow
}
sphere {
	0, 1
	scale<0.080000,0.200000,0.300000>
	matrix <0.156297, 0.510237, 0.845712,
		0.518031, 0.686673, -0.510024,
		-0.840961, 0.517821, -0.156994,
		7.286255, 21.404322, 6.662344>
	pigment { color rgbt <0,1,1,0> }
	no_shadow
}
cylinder {
	<8.018349, 21.747826, 7.019363>,  <7.874928, 21.041847, 6.772239>, 0.130000
	pigment { color rgbt <1,0,0,0> }
	no_shadow
}

// nucleotide -1

// particle -1
sphere {
	<8.018349, 21.747826, 7.019363> 0.250000
	pigment { color rgbt <1,0,0,0> }
	no_shadow
}
cylinder {
	<7.625736, 21.680918, 7.056489>,  <7.390168, 21.640774, 7.078765>, 0.100000
	pigment { color rgbt <1,0,0,0> }
	no_shadow
}
cylinder {
	<7.625736, 21.680918, 7.056489>,  <8.018349, 21.747826, 7.019363>, 0.100000
	pigment { color rgbt <1,0,0,0> }
	no_shadow
}

// particle -1
sphere {
	<7.625736, 21.680918, 7.056489> 0.100000
	pigment { color rgbt <1,0,0,0> }
	no_shadow
}
sphere {
	0, 1
	scale<0.080000,0.200000,0.300000>
	matrix <0.051531, 0.236071, 0.970369,
		-0.184223, 0.957231, -0.223092,
		-0.981533, -0.167268, 0.092817,
		7.331276, 21.630737, 7.084334>
	pigment { color rgbt <0,1,1,0> }
	no_shadow
}
cylinder {
	<8.213607, 21.348545, 7.701248>,  <8.018349, 21.747826, 7.019363>, 0.130000
	pigment { color rgbt <1,0,0,0> }
	no_shadow
}

// nucleotide -1

// particle -1
sphere {
	<8.213607, 21.348545, 7.701248> 0.250000
	pigment { color rgbt <1,0,0,0> }
	no_shadow
}
cylinder {
	<7.950606, 21.506409, 7.957977>,  <7.792806, 21.601128, 8.112014>, 0.100000
	pigment { color rgbt <1,0,0,0> }
	no_shadow
}
cylinder {
	<7.950606, 21.506409, 7.957977>,  <8.213607, 21.348545, 7.701248>, 0.100000
	pigment { color rgbt <1,0,0,0> }
	no_shadow
}

// particle -1
sphere {
	<7.950606, 21.506409, 7.957977> 0.100000
	pigment { color rgbt <1,0,0,0> }
	no_shadow
}
sphere {
	0, 1
	scale<0.080000,0.200000,0.300000>
	matrix <-0.541311, 0.345100, -0.766739,
		-0.524094, -0.851557, -0.013270,
		-0.657502, 0.394660, 0.641822,
		7.753356, 21.624807, 8.150523>
	pigment { color rgbt <0,1,1,0> }
	no_shadow
}
cylinder {
	<7.596061, 21.129324, 7.453987>,  <8.213607, 21.348545, 7.701248>, 0.130000
	pigment { color rgbt <1,0,0,0> }
	no_shadow
}

// nucleotide -1

// particle -1
sphere {
	<7.596061, 21.129324, 7.453987> 0.250000
	pigment { color rgbt <1,0,0,0> }
	no_shadow
}
cylinder {
	<7.518370, 21.456953, 7.669911>,  <7.471756, 21.653530, 7.799466>, 0.100000
	pigment { color rgbt <1,0,0,0> }
	no_shadow
}
cylinder {
	<7.518370, 21.456953, 7.669911>,  <7.596061, 21.129324, 7.453987>, 0.100000
	pigment { color rgbt <1,0,0,0> }
	no_shadow
}

// particle -1
sphere {
	<7.518370, 21.456953, 7.669911> 0.100000
	pigment { color rgbt <1,0,0,0> }
	no_shadow
}
sphere {
	0, 1
	scale<0.080000,0.200000,0.300000>
	matrix <-0.593171, 0.340222, -0.729656,
		-0.781296, -0.461918, 0.419770,
		-0.194226, 0.819073, 0.539810,
		7.460102, 21.702675, 7.831854>
	pigment { color rgbt <0,1,1,0> }
	no_shadow
}
cylinder {
	<7.423012, 20.471880, 7.419600>,  <7.596061, 21.129324, 7.453987>, 0.130000
	pigment { color rgbt <1,0,0,0> }
	no_shadow
}

// nucleotide -1

// particle -1
sphere {
	<7.423012, 20.471880, 7.419600> 0.250000
	pigment { color rgbt <1,0,0,0> }
	no_shadow
}
cylinder {
	<7.082658, 20.655685, 7.521457>,  <6.878446, 20.765968, 7.582572>, 0.100000
	pigment { color rgbt <1,0,0,0> }
	no_shadow
}
cylinder {
	<7.082658, 20.655685, 7.521457>,  <7.423012, 20.471880, 7.419600>, 0.100000
	pigment { color rgbt <1,0,0,0> }
	no_shadow
}

// particle -1
sphere {
	<7.082658, 20.655685, 7.521457> 0.100000
	pigment { color rgbt <1,0,0,0> }
	no_shadow
}
sphere {
	0, 1
	scale<0.080000,0.200000,0.300000>
	matrix <0.439137, 0.356054, 0.824854,
		0.288365, 0.813678, -0.504750,
		-0.850884, 0.459514, 0.254643,
		6.827393, 20.793539, 7.597850>
	pigment { color rgbt <0,1,1,0> }
	no_shadow
}
cylinder {
	<7.576709, 19.999950, 7.950214>,  <7.423012, 20.471880, 7.419600>, 0.130000
	pigment { color rgbt <1,0,0,0> }
	no_shadow
}

// nucleotide -1

// particle -1
sphere {
	<7.576709, 19.999950, 7.950214> 0.250000
	pigment { color rgbt <1,0,0,0> }
	no_shadow
}
cylinder {
	<7.395601, 20.331556, 8.081506>,  <7.286936, 20.530519, 8.160281>, 0.100000
	pigment { color rgbt <1,0,0,0> }
	no_shadow
}
cylinder {
	<7.395601, 20.331556, 8.081506>,  <7.576709, 19.999950, 7.950214>, 0.100000
	pigment { color rgbt <1,0,0,0> }
	no_shadow
}

// particle -1
sphere {
	<7.395601, 20.331556, 8.081506> 0.100000
	pigment { color rgbt <1,0,0,0> }
	no_shadow
}
sphere {
	0, 1
	scale<0.080000,0.200000,0.300000>
	matrix <0.095403, -0.320967, 0.942273,
		0.886509, 0.457947, 0.066234,
		-0.452770, 0.829014, 0.328229,
		7.259770, 20.580261, 8.179975>
	pigment { color rgbt <0,1,1,0> }
	no_shadow
}
cylinder {
	<8.001852, 20.255518, 8.437347>,  <7.576709, 19.999950, 7.950214>, 0.130000
	pigment { color rgbt <1,0,0,0> }
	no_shadow
}

// nucleotide -1

// particle -1
sphere {
	<8.001852, 20.255518, 8.437347> 0.250000
	pigment { color rgbt <1,0,0,0> }
	no_shadow
}
cylinder {
	<7.609772, 20.330307, 8.463427>,  <7.374525, 20.375181, 8.479074>, 0.100000
	pigment { color rgbt <1,0,0,0> }
	no_shadow
}
cylinder {
	<7.609772, 20.330307, 8.463427>,  <8.001852, 20.255518, 8.437347>, 0.100000
	pigment { color rgbt <1,0,0,0> }
	no_shadow
}

// particle -1
sphere {
	<7.609772, 20.330307, 8.463427> 0.100000
	pigment { color rgbt <1,0,0,0> }
	no_shadow
}
sphere {
	0, 1
	scale<0.080000,0.200000,0.300000>
	matrix <-0.033925, -0.482958, 0.874986,
		0.195086, 0.855449, 0.479738,
		-0.980199, 0.186973, 0.065197,
		7.315712, 20.386398, 8.482985>
	pigment { color rgbt <0,1,1,0> }
	no_shadow
}
cylinder {
	<7.900927, 20.644144, 9.069352>,  <8.001852, 20.255518, 8.437347>, 0.130000
	pigment { color rgbt <1,0,0,0> }
	no_shadow
}

// nucleotide -1

// particle -1
sphere {
	<7.900927, 20.644144, 9.069352> 0.250000
	pigment { color rgbt <1,0,0,0> }
	no_shadow
}
cylinder {
	<7.587715, 20.432283, 8.938917>,  <7.399787, 20.305166, 8.860656>, 0.100000
	pigment { color rgbt <1,0,0,0> }
	no_shadow
}
cylinder {
	<7.587715, 20.432283, 8.938917>,  <7.900927, 20.644144, 9.069352>, 0.100000
	pigment { color rgbt <1,0,0,0> }
	no_shadow
}

// particle -1
sphere {
	<7.587715, 20.432283, 8.938917> 0.100000
	pigment { color rgbt <1,0,0,0> }
	no_shadow
}
sphere {
	0, 1
	scale<0.080000,0.200000,0.300000>
	matrix <-0.143950, -0.355717, 0.923442,
		-0.605098, 0.770023, 0.202293,
		-0.783030, -0.529652, -0.326088,
		7.352806, 20.273388, 8.841091>
	pigment { color rgbt <0,1,1,0> }
	no_shadow
}
cylinder {
	<7.314845, 20.763952, 9.485006>,  <7.900927, 20.644144, 9.069352>, 0.130000
	pigment { color rgbt <1,0,0,0> }
	no_shadow
}

// nucleotide -1

// particle -1
sphere {
	<7.314845, 20.763952, 9.485006> 0.250000
	pigment { color rgbt <1,0,0,0> }
	no_shadow
}
cylinder {
	<7.269376, 20.401739, 9.321499>,  <7.242095, 20.184412, 9.223394>, 0.100000
	pigment { color rgbt <1,0,0,0> }
	no_shadow
}
cylinder {
	<7.269376, 20.401739, 9.321499>,  <7.314845, 20.763952, 9.485006>, 0.100000
	pigment { color rgbt <1,0,0,0> }
	no_shadow
}

// particle -1
sphere {
	<7.269376, 20.401739, 9.321499> 0.100000
	pigment { color rgbt <1,0,0,0> }
	no_shadow
}
sphere {
	0, 1
	scale<0.080000,0.200000,0.300000>
	matrix <-0.122349, -0.395544, 0.910261,
		-0.985956, 0.153485, -0.065828,
		-0.113673, -0.905532, -0.408768,
		7.235274, 20.130079, 9.198869>
	pigment { color rgbt <0,1,1,0> }
	no_shadow
}
cylinder {
	<6.906484, 20.508583, 10.069462>,  <7.314845, 20.763952, 9.485006>, 0.130000
	pigment { color rgbt <1,0,0,0> }
	no_shadow
}

// nucleotide -1

// particle -1
sphere {
	<6.906484, 20.508583, 10.069462> 0.250000
	pigment { color rgbt <1,0,0,0> }
	no_shadow
}
cylinder {
	<7.018799, 20.195438, 9.847367>,  <7.086189, 20.007551, 9.714110>, 0.100000
	pigment { color rgbt <1,0,0,0> }
	no_shadow
}
cylinder {
	<7.018799, 20.195438, 9.847367>,  <6.906484, 20.508583, 10.069462>, 0.100000
	pigment { color rgbt <1,0,0,0> }
	no_shadow
}

// particle -1
sphere {
	<7.018799, 20.195438, 9.847367> 0.100000
	pigment { color rgbt <1,0,0,0> }
	no_shadow
}
sphere {
	0, 1
	scale<0.080000,0.200000,0.300000>
	matrix <0.051814, -0.565301, 0.823255,
		-0.958370, -0.259930, -0.118168,
		0.280789, -0.782860, -0.555236,
		7.103036, 19.960581, 9.680797>
	pigment { color rgbt <0,1,1,0> }
	no_shadow
}
cylinder {
	<6.456980, 20.057085, 10.267659>,  <6.906484, 20.508583, 10.069462>, 0.130000
	pigment { color rgbt <1,0,0,0> }
	no_shadow
}

// nucleotide -1

// particle -1
sphere {
	<6.456980, 20.057085, 10.267659> 0.250000
	pigment { color rgbt <1,0,0,0> }
	no_shadow
}
cylinder {
	<6.740072, 19.833752, 10.094509>,  <6.909927, 19.699751, 9.990619>, 0.100000
	pigment { color rgbt <1,0,0,0> }
	no_shadow
}
cylinder {
	<6.740072, 19.833752, 10.094509>,  <6.456980, 20.057085, 10.267659>, 0.100000
	pigment { color rgbt <1,0,0,0> }
	no_shadow
}

// particle -1
sphere {
	<6.740072, 19.833752, 10.094509> 0.100000
	pigment { color rgbt <1,0,0,0> }
	no_shadow
}
sphere {
	0, 1
	scale<0.080000,0.200000,0.300000>
	matrix <-0.116806, -0.696761, 0.707729,
		-0.696761, -0.450318, -0.558335,
		-0.707729, 0.558335, 0.432875,
		6.952391, 19.666250, 9.964646>
	pigment { color rgbt <0,1,1,0> }
	no_shadow
}
cylinder {
	<6.194622, 19.346981, 10.193128>,  <6.456980, 20.057085, 10.267659>, 0.130000
	pigment { color rgbt <1,0,0,0> }
	no_shadow
}

// nucleotide -1

// particle -1
sphere {
	<6.194622, 19.346981, 10.193128> 0.250000
	pigment { color rgbt <1,0,0,0> }
	no_shadow
}
cylinder {
	<6.593061, 19.314617, 10.207212>,  <6.832125, 19.295198, 10.215664>, 0.100000
	pigment { color rgbt <1,0,0,0> }
	no_shadow
}
cylinder {
	<6.593061, 19.314617, 10.207212>,  <6.194622, 19.346981, 10.193128>, 0.100000
	pigment { color rgbt <1,0,0,0> }
	no_shadow
}

// particle -1
sphere {
	<6.593061, 19.314617, 10.207212> 0.100000
	pigment { color rgbt <1,0,0,0> }
	no_shadow
}
sphere {
	0, 1
	scale<0.080000,0.200000,0.300000>
	matrix <-0.081207, -0.684452, 0.724521,
		-0.034517, -0.724554, -0.688353,
		0.996099, -0.080907, 0.035213,
		6.891891, 19.290344, 10.217776>
	pigment { color rgbt <0,1,1,0> }
	no_shadow
}
cylinder {
	<6.234392, 18.674500, 10.417606>,  <6.194622, 19.346981, 10.193128>, 0.130000
	pigment { color rgbt <1,0,0,0> }
	no_shadow
}

// nucleotide -1

// particle -1
sphere {
	<6.234392, 18.674500, 10.417606> 0.250000
	pigment { color rgbt <1,0,0,0> }
	no_shadow
}
cylinder {
	<6.618997, 18.772709, 10.466947>,  <6.849759, 18.831635, 10.496551>, 0.100000
	pigment { color rgbt <1,0,0,0> }
	no_shadow
}
cylinder {
	<6.618997, 18.772709, 10.466947>,  <6.234392, 18.674500, 10.417606>, 0.100000
	pigment { color rgbt <1,0,0,0> }
	no_shadow
}

// particle -1
sphere {
	<6.618997, 18.772709, 10.466947> 0.100000
	pigment { color rgbt <1,0,0,0> }
	no_shadow
}
sphere {
	0, 1
	scale<0.080000,0.200000,0.300000>
	matrix <0.129038, -0.799834, 0.586186,
		0.242582, -0.547707, -0.800731,
		0.961511, 0.245523, 0.123350,
		6.907450, 18.846365, 10.503952>
	pigment { color rgbt <0,1,1,0> }
	no_shadow
}
cylinder {
	<6.673148, 18.019884, 10.257947>,  <6.234392, 18.674500, 10.417606>, 0.130000
	pigment { color rgbt <1,0,0,0> }
	no_shadow
}

// nucleotide -1

// particle -1
sphere {
	<6.673148, 18.019884, 10.257947> 0.250000
	pigment { color rgbt <1,0,0,0> }
	no_shadow
}
cylinder {
	<6.892757, 18.269819, 10.479993>,  <7.024522, 18.419781, 10.613220>, 0.100000
	pigment { color rgbt <1,0,0,0> }
	no_shadow
}
cylinder {
	<6.892757, 18.269819, 10.479993>,  <6.673148, 18.019884, 10.257947>, 0.100000
	pigment { color rgbt <1,0,0,0> }
	no_shadow
}

// particle -1
sphere {
	<6.892757, 18.269819, 10.479993> 0.100000
	pigment { color rgbt <1,0,0,0> }
	no_shadow
}
sphere {
	0, 1
	scale<0.080000,0.200000,0.300000>
	matrix <-0.025719, -0.651220, 0.758453,
		0.835412, -0.430684, -0.341464,
		0.549022, 0.624839, 0.555114,
		7.057464, 18.457272, 10.646527>
	pigment { color rgbt <0,1,1,0> }
	no_shadow
}
cylinder {
	<7.191800, 17.633869, 10.586978>,  <6.673148, 18.019884, 10.257947>, 0.130000
	pigment { color rgbt <1,0,0,0> }
	no_shadow
}

// nucleotide -1

// particle -1
sphere {
	<7.191800, 17.633869, 10.586978> 0.250000
	pigment { color rgbt <1,0,0,0> }
	no_shadow
}
cylinder {
	<7.195749, 17.971258, 10.801810>,  <7.198119, 18.173691, 10.930710>, 0.100000
	pigment { color rgbt <1,0,0,0> }
	no_shadow
}
cylinder {
